0 
0 Name: New Model.ldr
0 Author: 
1 0 -300 -24 140 1 0 0 0 1 0 0 0 1 3003.dat
1 0 -300 -24 -140 1 0 0 0 1 0 0 0 1 3003.dat
1 0 -160 -8 150 1 0 0 0 1 0 0 0 1 60479.dat
1 0 -160 -8 -150 1 0 0 0 1 0 0 0 1 60479.dat
1 0 -20 -24 140 1 0 0 0 1 0 0 0 1 3003.dat
1 0 -20 -24 -140 1 0 0 0 1 0 0 0 1 3003.dat
1 0 -300 -48 140 1 0 0 0 1 0 0 0 1 3003.dat
1 0 -300 -48 -140 1 0 0 0 1 0 0 0 1 3003.dat
1 0 -20 -48 140 1 0 0 0 1 0 0 0 1 3003.dat
1 0 -20 -48 -140 1 0 0 0 1 0 0 0 1 3003.dat
1 19 -300 -72 140 1 0 0 0 1 0 0 0 1 3003.dat
1 19 -300 -72 -140 1 0 0 0 1 0 0 0 1 3003.dat
1 19 -20 -72 140 1 0 0 0 1 0 0 0 1 3003.dat
1 19 -20 -72 -140 1 0 0 0 1 0 0 0 1 3003.dat
1 70 -160 -72 -150 1 0 0 0 1 0 0 0 1 6079.dat
1 70 -160 -72 150 -1 0 0 0 1 0 0 0 -1 6079.dat
1 19 -300 -96 150 -1 0 0 0 1 0 0 0 -1 3004.dat
1 19 -300 -96 -150 -1 0 0 0 1 0 0 0 -1 3004.dat
1 19 -20 -96 150 -1 0 0 0 1 0 0 0 -1 3004.dat
1 19 -20 -96 -150 -1 0 0 0 1 0 0 0 -1 3004.dat
1 19 -160 -96 130 -1 0 0 0 1 0 0 0 -1 2465.dat
1 19 -160 -96 -130 -1 0 0 0 1 0 0 0 -1 2465.dat
1 19 -30 -216 140 0 0 1 0 1 0 -1 0 0 2454.dat
1 19 -10 -216 140 0 0 1 0 1 0 -1 0 0 2454.dat
1 19 -310 -216 140 0 0 1 0 1 0 -1 0 0 2454.dat
1 19 -290 -216 140 0 0 1 0 1 0 -1 0 0 2454.dat
1 19 -310 -216 -140 0 0 1 0 1 0 -1 0 0 2454.dat
1 19 -290 -216 -140 0 0 1 0 1 0 -1 0 0 2454.dat
1 19 -30 -216 -140 0 0 1 0 1 0 -1 0 0 2454.dat
1 19 -10 -144 -140 0 0 1 0 1 0 -1 0 0 3245a.dat
1 19 -10 -168 -150 0 0 1 0 1 0 -1 0 0 3005.dat
1 19 -10 -168 -130 0 0 -1 0 1 0 1 0 0 4070.dat
1 19 -10 -216 -140 0 0 1 0 1 0 -1 0 0 3245a.dat
1 70 4 -158 -130 0 -1 0 0 0 1 -1 0 0 6141.dat
1 19 -160 -240 130 -1 0 0 0 1 0 0 0 -1 2465.dat
1 19 -160 -240 -130 -1 0 0 0 1 0 0 0 -1 2465.dat
1 19 0 -240 150 -1 0 0 0 1 0 0 0 -1 3010.dat
1 19 -320 -240 150 -1 0 0 0 1 0 0 0 -1 3010.dat
1 19 0 -240 -150 -1 0 0 0 1 0 0 0 -1 3010.dat
1 19 -320 -240 -150 -1 0 0 0 1 0 0 0 -1 3010.dat
1 4 10 -264 150 0 0 -1 0 1 0 1 0 0 3040.dat
1 4 10 -264 -150 0 0 -1 0 1 0 1 0 0 3040.dat
1 4 -330 -264 150 0 0 1 0 1 0 -1 0 0 3040.dat
1 4 -330 -264 -150 0 0 1 0 1 0 -1 0 0 3040.dat
1 70 -260 -248 0 0 0 1 0 1 0 -1 0 0 3027.dat
1 19 -310 -272 0 0 0 1 0 1 0 -1 0 0 2465.dat
1 70 -60 -248 0 0 0 -1 0 1 0 1 0 0 3027.dat
1 19 -10 -272 0 0 0 -1 0 1 0 1 0 0 2465.dat
1 14 -40 -272 -10 0 0 -1 0 1 0 1 0 0 3002.dat
1 14 -80 -272 10 0 0 -1 0 1 0 1 0 0 3002.dat
1 14 -60 -296 10 0 0 -1 0 1 0 1 0 0 3002.dat
1 70 -160 -248 130 -1 0 0 0 1 0 0 0 -1 3023.dat
1 70 -160 -248 -130 -1 0 0 0 1 0 0 0 -1 3023.dat
1 72 -190 -248 130 1 0 0 0 1 0 0 0 1 6019.dat
1 72 -130 -248 130 1 0 0 0 1 0 0 0 1 6019.dat
1 72 -130 -248 -130 -1 0 0 0 1 0 0 0 -1 6019.dat
1 72 -190 -248 -130 -1 0 0 0 1 0 0 0 -1 6019.dat
1 70 -160 -256 140 -1 0 0 0 1 0 0 0 -1 3795.dat
1 70 -160 -256 -140 -1 0 0 0 1 0 0 0 -1 3795.dat
1 0 -160 -246 -110 0 0 -1 0 1 0 1 0 0 30042.dat
1 0 -160 -246 110 0 0 1 0 1 0 -1 0 0 30042.dat
1 19 -310 -392 -60 1 0 0 0 1 0 0 0 1 30249.dat
1 19 -310 -392 60 -1 0 0 0 1 0 0 0 -1 30249.dat
1 19 -10 -392 -60 1 0 0 0 1 0 0 0 1 30249.dat
1 19 -10 -392 60 -1 0 0 0 1 0 0 0 -1 30249.dat
1 4 -10 -400 0 0 0 -1 0 1 0 1 0 0 30586.dat
1 4 -310 -400 0 0 0 1 0 1 0 -1 0 0 30586.dat
1 4 -160 -408 0 1 0 0 0 1 0 0 0 1 3027.dat
1 70 -20 -416 30 1 0 0 0 1 0 0 0 1 3023.dat
1 70 -20 -416 -30 1 0 0 0 1 0 0 0 1 3023.dat
1 70 20 -416 0 1 0 0 0 1 0 0 0 1 3795.dat
1 4 -20 -424 0 0 0 -1 0 1 0 1 0 0 3020.dat
1 0 60 -408 0 0 0 -1 0 1 0 1 0 0 3176.dat
1 19 -160 -416 30 -1 0 0 0 1 0 0 0 -1 3666.dat
1 19 -160 -416 -30 -1 0 0 0 1 0 0 0 -1 3666.dat
1 4 -160 -440 30 -1 0 0 0 1 0 0 0 -1 3700.dat
1 4 -160 -440 -30 -1 0 0 0 1 0 0 0 -1 3700.dat
1 0 -160 -430 0 0 0 1 0 1 0 -1 0 0 3706.dat
1 71 -160 -430 0 0 0 -1 0 1 0 1 0 0 2585.dat
1 0 -160 -430 -50 -1 0 0 0 1 0 0 0 -1 32270.dat
1 0 -160 -430 50 -1 0 0 0 1 0 0 0 -1 32270.dat
1 72 85.5 -358 0 0 0 -1 0 1 0 1 0 0 30395.dat
1 19 -120 -440 -30 -1 0 0 0 1 0 0 0 -1 3004.dat
1 19 -120 -440 30 -1 0 0 0 1 0 0 0 -1 3004.dat
1 19 -200 -440 30 -1 0 0 0 1 0 0 0 -1 3004.dat
1 19 -200 -440 -30 -1 0 0 0 1 0 0 0 -1 3004.dat
1 4 -160 -448 30 -1 0 0 0 1 0 0 0 -1 3666.dat
1 4 -160 -448 -30 -1 0 0 0 1 0 0 0 -1 3666.dat
1 4 -160 -472 -10 1 0 0 0 1 0 0 0 1 3039.dat
1 4 -160 -472 10 -1 0 0 0 1 0 0 0 -1 3039.dat
1 4 -190 -472 10 -1 0 0 0 1 0 0 0 -1 3045.dat
1 4 -190 -472 -10 0 0 1 0 1 0 -1 0 0 3045.dat
1 4 -130 -472 -10 1 0 0 0 1 0 0 0 1 3045.dat
1 4 -130 -472 10 0 0 -1 0 1 0 1 0 0 3045.dat
1 0 85.5 -280.227 7.316 -1 0 0 0 -0.258819 0.965926 0 0.965926 0.258819 3176.dat
1 14 85.5 -264.357 -13.278 0 0 1 0.965926 -0.258819 0 0.258819 0.965926 0 3002.dat
1 14 30 -24 -140 -1 0 0 0 1 0 0 0 -1 3002.dat
1 14 90 -24 -140 -1 0 0 0 1 0 0 0 -1 3002.dat
1 14 70 -48 -140 -1 0 0 0 1 0 0 0 -1 3002.dat
1 70 -60 -416 -30 -1 0 0 0 1 0 0 0 -1 30350.dat
1 70 -260 -416 -30 -1 0 0 0 1 0 0 0 -1 30350.dat
1 4 -160 -346.219 -130.05 -1 0 0 0 0.576432 0.817145 0 0.817145 -0.576432 48288.dat
1 14 -50 -390.642 -88.925 0 0 -1 -0.817145 0.576432 0 0.576432 0.817145 0 60478.dat
1 14 -70 -390.642 -88.925 0 0 -1 -0.817145 0.576432 0 0.576432 0.817145 0 60478.dat
1 14 -250 -390.642 -88.925 0 0 -1 -0.817145 0.576432 0 0.576432 0.817145 0 60478.dat
1 14 -270 -390.642 -88.925 0 0 -1 -0.817145 0.576432 0 0.576432 0.817145 0 60478.dat
1 4 -240 -284.41 -163.862 1 0 0 0 0.576432 -0.817145 0 0.817145 0.576432 30586.dat
1 4 -80 -284.41 -163.862 1 0 0 0 0.576432 -0.817145 0 0.817145 0.576432 30586.dat
1 70 -260 -416 30 1 0 0 0 1 0 0 0 1 30350.dat
1 70 -60 -416 30 1 0 0 0 1 0 0 0 1 30350.dat
1 4 -160 -346.219 130.05 1 0 0 0 0.576432 0.817145 0 -0.817145 0.576432 48288.dat
1 14 -270 -390.642 88.925 0 0 1 -0.817145 0.576432 0 -0.576432 -0.817145 0 60478.dat
1 14 -250 -390.642 88.925 0 0 1 -0.817145 0.576432 0 -0.576432 -0.817145 0 60478.dat
1 14 -70 -390.642 88.925 0 0 1 -0.817145 0.576432 0 -0.576432 -0.817145 0 60478.dat
1 14 -50 -390.642 88.925 0 0 1 -0.817145 0.576432 0 -0.576432 -0.817145 0 60478.dat
1 4 -80 -284.41 163.862 -1 0 0 0 0.576432 -0.817145 0 -0.817145 -0.576432 30586.dat
1 4 -240 -284.41 163.862 -1 0 0 0 0.576432 -0.817145 0 -0.817145 -0.576432 30586.dat
1 0 80 -24 150 1 0 0 0 1 0 0 0 1 3008.dat
1 19 80 -48 150 1 0 0 0 1 0 0 0 1 3008.dat
1 71 80 -48 -130 0 0 -1 0 1 0 1 0 0 40234.dat
1 70 48 -136 100 0.34202 -0.939693 0 0.939693 0.34202 0 0 0 1 4207.dat
1 70 14 -168 -130 0 0 -1 0 1 0 1 0 0 4070.dat
1 25 14 -168 -130 0 0 -1 0 1 0 1 0 0 54200.dat
