0 
0 Name: New Model.ldr
0 Author: 
1 30 -130 0 -40 0.866 0 -0.5 0 1 0 0.5 0 0.866 3032.dat
1 70 -91.7 -24 -6.34 -0.5 0 -0.866 0 1 0 0.866 0 -0.5 3622.dat
1 70 -114.02 -24 -7.68 -0.5 0 -0.866 0 1 0 0.866 0 -0.5 3004.dat
1 70 -131.34 -8 -17.68 -0.5 0 -0.866 0 1 0 0.866 0 -0.5 3069.dat
1 70 -157.32 -24 -32.68 -0.5 0 -0.866 0 1 0 0.866 0 -0.5 3003.dat
1 15 -150.98 -24 -63.66 -0.5 0 -0.866 0 1 0 0.866 0 -0.5 6231.dat
1 15 -133.66 -24 -53.66 -0.866 0 0.5 0 1 0 -0.5 0 -0.866 6231.dat
1 70 -178.3 -24 -56.34 -0.5 0 -0.866 0 1 0 0.866 0 -0.5 3622.dat
1 26 -140 -32 -22.68 0.866 0 -0.5 0 1 0 0.5 0 0.866 3020.dat
1 15 -140 -40 -22.68 0.866 0 -0.5 0 1 0 0.5 0 0.866 18674.dat
1 37 -140 -48 -22.68 0.866 0 -0.5 0 1 0 0.5 0 0.866 6141.dat
1 71 -140 -72 -22.68 0 0 -0.999956 0 1 0 0.999956 0 0 4599.dat
1 19 -178.3 -48 -56.34 0.866 0 -0.5 0 1 0 0.5 0 0.866 3040.dat
1 19 -91.7 -48 -6.34 0.866 0 -0.5 0 1 0 0.5 0 0.866 3040.dat
1 52 -178.3 -72 -56.34 0.866 0 -0.5 0 1 0 0.5 0 0.866 3005.dat
1 52 -91.7 -72 -6.34 0.866 0 -0.5 0 1 0 0.5 0 0.866 3005.dat
1 19 -178.3 -144 -56.34 0.5 0 0.866 0 1 0 -0.866 0 0.5 13965.dat
1 19 -91.7 -144 -6.34 -0.5 0 -0.866 0 1 0 0.866 0 -0.5 13965.dat
1 19 -178.3 -144 -56.34 0.866 0 -0.5 0 1 0 0.5 0 0.866 4070.dat
1 19 -91.7 -144 -6.34 0.866 0 -0.5 0 1 0 0.5 0 0.866 4070.dat
1 70 -178.3 -152 -56.34 0.866 0 -0.5 0 1 0 0.5 0 0.866 2420.dat
1 70 -91.7 -152 -6.34 -0.5 0 -0.866 0 1 0 0.866 0 -0.5 2420.dat
1 15 -135 -152 -31.34 0.866 0 -0.5 0 1 0 0.5 0 0.866 99780.dat
1 15 -124 -154 -50.392 0.866 -0.5 0 0 0 -1 0.5 0.866 0 15573.dat
1 15 -135 -160 -31.34 0.866 0 -0.5 0 1 0 0.5 0 0.866 6636.dat
1 15 -146.9531 -166.09 -61.335 -0.42001 0.75775 0.5 0.875 0.485 0 -0.2425 0.4375 -0.866 3623.dat
1 26 -161.4153 -152.47 -69.685 0.5 0.75775 0.42001 0 0.485 -0.875 -0.866 0.4375 0.2425 4081.dat
1 85 -165.1391 -177.73 -71.835 -0.5 0.75775 -0.42001 0 0.485 0.875 0.866 0.4375 -0.2425 50950.dat
1 15 -103.0469 -166.09 -35.985 0.42001 -0.75775 -0.5 0.875 0.485 0 0.2425 -0.4375 0.866 3623.dat
1 26 -88.5847 -152.47 -27.635 -0.5 -0.75775 -0.42001 0 0.485 -0.875 0.866 -0.4375 -0.2425 4081.dat
1 85 -84.8609 -177.73 -25.485 0.5 -0.75775 0.42001 0 0.485 0.875 -0.866 -0.4375 0.2425 50950.dat
1 70 -91.2 -134 -7.206 0 -0.5 0.866 1 0 0 0 0.866 0.5 33183.dat
1 70 -177.8 -134 -57.206 0 -0.5 0.866 1 0 0 0 0.866 0.5 33183.dat
1 30 -120 -154 -57.32 0.866 -0.5 0 0 0 -1 0.5 0.866 0 14769.dat
1 70 -128.34 -16 -22.876 0.5 0 0.866 0 1 0 -0.866 0 0.5 3710.dat
1 84 -113.34 -24 -48.856 0.866 0 -0.5 0 1 0 0.5 0 0.866 98138.dat
1 70 -128.34 -24 -22.876 -0.5 0 -0.866 0 1 0 0.866 0 -0.5 3069.dat
1 297 -143.34 -16 3.104 0.866 0 -0.5 0 1 0 0.5 0 0.866 54200.dat
1 15 -147.516 -29 -61.66 -0.1295 -0.483 -0.866 -0.966 0.259 0 0.224294 0.836556 -0.5 3069.dat
