0 Main
0 Name: 4558-1 - Metroliner - B-Model from Instruction.mpd
0 Author: LTRON
1 8 162 0 36 1 0 0 0 1 0 0 0 1 2865.dat
1 8 482 0 36 1 0 0 0 1 0 0 0 1 2865.dat
1 8 162 0 -1564 1 0 0 0 1 0 0 0 1 2865.dat
1 8 482 0 -1564 1 0 0 0 1 0 0 0 1 2865.dat
1 8 798.072 0 20.628 1 0 0.195 0 1 0 -0.195 0 1 2867.dat
1 8 1086.457 0 -98.824 0.831 0 0.556 0 1 0 -0.556 0 0.831 2867.dat
1 8 1307.176 0 -319.543 0.556 0 0.831 0 1 0 -0.831 0 0.556 2867.dat
1 8 1426.629 0 -607.928 0.195 0 1 0 1 0 -0.981 0 0.195 2867.dat
1 8 -782.628 0 -607.928 0.195 0 -0.981 0 1 0 1 0 0.195 2867.dat
1 8 -663.176 0 -319.543 0.556 0 -0.831 0 1 0 0.831 0 0.556 2867.dat
1 8 -442.457 0 -98.824 0.831 0 -0.556 0 1 0 0.556 0 0.831 2867.dat
1 8 -154.072 0 20.629 1 0 -0.195 0 1 0 0.195 0 1 2867.dat
1 8 1426.6281 0 -920.072 -0.195 0 1 0 1 0 -0.981 0 -0.195 2867.dat
1 8 1307.176 0 -1208.457 -0.556 0 0.831 0 1 0 -0.831 0 -0.556 2867.dat
1 8 1086.457 0 -1429.176 -0.831 0 0.556 0 1 0 -0.556 0 -0.831 2867.dat
1 8 798.072 0 -1548.629 -0.981 0 0.195 0 1 0 -0.195 0 -0.981 2867.dat
1 8 -154.072 0 -1548.6281 -0.981 0 -0.195 0 1 0 0.195 0 -0.981 2867.dat
1 8 -442.457 0 -1429.176 -0.831 0 -0.556 0 1 0 0.556 0 -0.831 2867.dat
1 8 -663.176 0 -1208.457 -0.556 0 -0.831 0 1 0 0.831 0 -0.556 2867.dat
1 8 -782.629 0 -920.072 -0.195 0 -0.981 0 1 0 1 0 -0.195 2867.dat
1 7 0 -8 220 0 0 -1 0 1 0 1 0 0 3030.dat
1 7 160 -8 220 0 0 -1 0 1 0 1 0 0 3036.dat
1 7 320 -8 200 0 0 -1 0 1 0 1 0 0 3032.dat
1 0 520 -8 200 0 0 -1 0 1 0 1 0 0 3795.dat
1 0 560 -8 200 0 0 -1 0 1 0 1 0 0 3795.dat
1 7 160 -8 130 1 0 0 0 1 0 0 0 1 3710.dat
1 7 320 -8 130 1 0 0 0 1 0 0 0 1 3710.dat
1 7 320 -8 280 1 0 0 0 1 0 0 0 1 3020.dat
1 0 0 -32 150 1 0 0 0 1 0 0 0 1 3298.dat
1 0 160 -32 150 1 0 0 0 1 0 0 0 1 3298.dat
1 0 320 -32 150 1 0 0 0 1 0 0 0 1 3298.dat
1 0 530 -32 200 1 0 0 0 1 0 0 0 1 3002.dat
1 0 530 -32 240 1 0 0 0 1 0 0 0 1 3002.dat
1 0 530 -32 160 1 0 0 0 1 0 0 0 1 3002.dat
1 0 320 -32 250 -1 0 0 0 1 0 0 0 -1 3298.dat
1 0 160 -32 250 -1 0 0 0 1 0 0 0 -1 3298.dat
1 0 0 -32 250 -1 0 0 0 1 0 0 0 -1 3298.dat
1 0 0 -56 250 1 0 0 0 1 0 0 0 1 3660.dat
1 0 160 -56 250 1 0 0 0 1 0 0 0 1 3660.dat
1 0 320 -56 250 1 0 0 0 1 0 0 0 1 3660.dat
1 0 320 -56 150 -1 0 0 0 1 0 0 0 -1 3660.dat
1 0 520 -56 200 0 0 -1 0 1 0 1 0 0 2456.dat
1 0 160 -56 150 -1 0 0 0 1 0 0 0 -1 3660.dat
1 0 0 -56 150 -1 0 0 0 1 0 0 0 -1 3660.dat
1 0 0 -64 150 -1 0 0 0 1 0 0 0 -1 4275.dat
1 0 0 -64 250 -1 0 0 0 1 0 0 0 -1 4275.dat
1 0 -96.564 -38 150 0.93 0.366 0 -0.366 0.93 0 0 0 1 4504.dat
1 0 -96.564 -38 250 0.93 0.366 0 -0.366 0.93 0 0 0 1 4504.dat
1 0 0 -64 200 0 0 -1 0 1 0 1 0 0 3020.dat
1 0 160 -64 200 0 0 -1 0 1 0 1 0 0 3795.dat
1 0 320 -64 200 0 0 -1 0 1 0 1 0 0 3795.dat
1 7 510 -64 200 0 0 -1 0 1 0 1 0 0 3666.dat
1 7 60 -72 200 -1 0 0 0 1 0 0 0 -1 3033.dat
1 7 240 -72 200 -1 0 0 0 1 0 0 0 -1 3036.dat
1 7 420 -72 200 -1 0 0 0 1 0 0 0 -1 3033.dat
1 7 -120.352 -37.567 200 -0.93 0.366 0 0.366 0.93 0 0 0 -1 3036.dat
1 15 40 -240 240 -1 0 0 0 1 0 0 0 -1 2039.dat
1 15 460 -240 240 -1 0 0 0 1 0 0 0 -1 2039.dat
1 7 250 -80 240 0 0 1 0 1 0 -1 0 0 3023.dat
1 7 390 -80 240 0 0 1 0 1 0 -1 0 0 3023.dat
1 7 320 -80 240 0 0 1 0 1 0 -1 0 0 3022.dat
1 4 360 -88 240 1 0 0 0 1 0 0 0 1 3020.dat
1 0 -138.338 -79.83 150 0.93 0.366 0 -0.366 0.93 0 0 0 1 2486.dat
1 0 160 -96 250 1 0 0 0 1 0 0 0 1 3039.dat
1 0 160 -120 250 -1 0 0 0 1 0 0 0 -1 3004.dat
1 46 460 -264 240 0 0 -1 0 1 0 1 0 0 6143.dat
1 4 380 -96 240 1 0 0 0 1 0 0 0 1 4079.dat
1 4 260 -96 240 1 0 0 0 1 0 0 0 1 4079.dat
1 4 320 -96 240 1 0 0 0 1 0 0 0 1 4079.dat
1 0 160 -192 250 1 0 0 0 1 0 0 0 1 4033.dat
1 15 460 -280 240 0 0 1 0 1 0 -1 0 0 3960.dat
1 46 40 -264 240 0 0 -1 0 1 0 1 0 0 6143.dat
1 15 40 -280 240 0 0 1 0 1 0 -1 0 0 3960.dat
1 15 160 -158 246 1 0 0 0 1 0 0 0 1 3855.dat
1 4 -25 -86.781 196.731 0.057 -0.772 0.634 0 0.635 0.773 -0.998 0 0 2495.dat
1 0 -25 -86.781 196.731 0.057 -0.772 0.634 0 0.635 0.773 -0.998 0 0 2496.dat
1 4 280 -88 240 1 0 0 0 1 0 0 0 1 3020.dat
1 0 160 -200 240 1 0 0 0 1 0 0 0 1 3020.dat
