0 
0 Name: New Model.ldr
0 Author: 
1 15 -45.99 -32 118.03 0.799 0 -0.602 0 1 0 0.602 0 0.799 3623.dat
1 15 -45.99 -40 118.03 0.799 0 -0.602 0 1 0 0.602 0 0.799 3623.dat
1 15 -53.98 -64 112.01 0.799 0 -0.602 0 1 0 0.602 0 0.799 11211.dat
1 15 -30.01 -64 130.07 0.799 0 -0.602 0 1 0 0.602 0 0.799 87087.dat
1 15 -45.99 -72 118.03 0.799 0 -0.602 0 1 0 0.602 0 0.799 3623.dat
1 15 -45.99 -80 118.03 0.799 0 -0.602 0 1 0 0.602 0 0.799 3623.dat
1 15 -38 -104 124.05 0.799 0 -0.602 0 1 0 0.602 0 0.799 11211.dat
1 15 -61.97 -104 105.99 0.799 0 -0.602 0 1 0 0.602 0 0.799 87087.dat
1 15 -35.154 -64 103.648 0 -0.602 0.799 1 0 0 0 0.799 0.602 3710.dat
1 15 -51.134 -64 91.608 0 -0.602 0.799 1 0 0 0 0.799 0.602 3710.dat
1 15 -19.174 -84 115.688 0 -0.602 -0.799 -1 0 0 0 0.799 -0.602 99781.dat
1 15 -19.174 -44 115.688 0 -0.602 -0.799 -1 0 0 0 0.799 -0.602 99781.dat
1 15 -46.318 -64 85.216 0 -0.602 -0.799 -1 0 0 0 0.799 -0.602 3710.dat
1 15 -41.502 -84 78.824 0 -0.602 -0.799 -1 0 0 0 0.799 -0.602 2412.dat
1 15 -41.502 -44 78.824 0 -0.602 -0.799 -1 0 0 0 0.799 -0.602 2412.dat
1 15 -27.164 -94 109.668 0 -0.602 -0.799 -1 0 0 0 0.799 -0.602 61409.dat
1 15 -27.164 -74 109.668 0 -0.602 -0.799 -1 0 0 0 0.799 -0.602 61409.dat
1 15 -27.164 -54 109.668 0 -0.602 -0.799 -1 0 0 0 0.799 -0.602 61409.dat
1 15 -27.164 -34 109.668 0 -0.602 -0.799 -1 0 0 0 0.799 -0.602 61409.dat
1 15 -7.616 -84 136.922 0 -0.799 0.602 -1 0 0 0 -0.602 -0.799 2412.dat
1 15 -7.616 -44 136.922 0 -0.799 0.602 -1 0 0 0 -0.602 -0.799 2412.dat
1 15 -45.99 -112 118.03 -0.799 0 0.602 0 1 0 -0.602 0 -0.799 2420.dat
1 15 -30.01 -112 130.07 -0.799 0 0.602 0 1 0 -0.602 0 -0.799 3024.dat
1 15 -33.95 -120 102.05 -0.799 0 0.602 0 1 0 -0.602 0 -0.799 3024.dat
1 15 -33.95 -144 102.05 -0.799 0 0.602 0 1 0 -0.602 0 -0.799 4733.dat
1 15 -33.95 -152 102.05 -0.799 0 0.602 0 1 0 -0.602 0 -0.799 85861.dat
1 15 -33.95 -178 102.05 -0.799 0 -0.602 0 -1 0 -0.602 0 0.799 25866c02.dat
1 71 -74.01 -32 121.97 -0.799 0 0.602 0 1 0 -0.602 0 -0.799 25269.dat
1 71 -58.03 -32 134.01 -0.602 0 -0.799 0 1 0 0.799 0 -0.602 25269.dat
