0 Main
0 Name: 3678-1 - The Fabuland House.mpd
0 Author: LTRON
1 4 -300 -168 140 0 0 1 0 1 0 -1 0 0 3890.dat
1 4 -300 -168 20 0 0 1 0 1 0 -1 0 0 3890.dat
1 4 -140 -168 20 0 0 -1 0 1 0 1 0 0 3890.dat
1 4 -140 -168 140 0 0 -1 0 1 0 1 0 0 3890.dat
1 4 40 -24 160 0 0 1 0 1 0 -1 0 0 3001.dat
1 4 40 -24 80 0 0 1 0 1 0 -1 0 0 3001.dat
1 4 90 -24 60 -1 0 0 0 1 0 0 0 -1 3002.dat
1 4 190 -24 60 -1 0 0 0 1 0 0 0 -1 3002.dat
1 4 240 -24 80 0 0 1 0 1 0 -1 0 0 3001.dat
1 4 240 -24 160 0 0 1 0 1 0 -1 0 0 3001.dat
1 4 140 -24 60 0 0 1 0 1 0 -1 0 0 3003.dat
1 4 -220 -168 -20 1 0 0 0 1 0 0 0 1 4071.dat
1 14 -172 -84 -35 1 0 0 0 1 0 0 0 1 4072.dat
1 4 -140 -192 170 0 0 -1 0 1 0 1 0 0 3002.dat
1 4 -140 -192 100 0 0 1 0 1 0 -1 0 0 3001.dat
1 4 -140 -192 30 0 0 -1 0 1 0 1 0 0 3002.dat
1 4 -150 -192 -20 1 0 0 0 1 0 0 0 1 3002.dat
1 4 -220 -192 -20 -1 0 0 0 1 0 0 0 -1 3001.dat
1 4 -290 -192 -20 1 0 0 0 1 0 0 0 1 3002.dat
1 4 -300 -192 30 0 0 -1 0 1 0 1 0 0 3002.dat
1 4 -300 -192 100 0 0 1 0 1 0 -1 0 0 3001.dat
1 4 -300 -192 170 0 0 -1 0 1 0 1 0 0 3002.dat
1 4 240 -192 140 0 0 -1 0 1 0 1 0 0 3890.dat
1 4 200 -192 60 1 0 0 0 1 0 0 0 1 3890.dat
1 4 80 -192 60 1 0 0 0 1 0 0 0 1 3890.dat
1 4 40 -192 140 0 0 1 0 1 0 -1 0 0 3890.dat
1 4 -220 -200 140 -1 0 0 0 1 0 0 0 -1 3033.dat
1 4 -220 -200 20 -1 0 0 0 1 0 0 0 -1 3033.dat
1 4 140 -200 160 -1 0 0 0 1 0 0 0 -1 3029.dat
1 4 140 -200 80 -1 0 0 0 1 0 0 0 -1 3029.dat
1 14 -120 -208 140 -1 0 0 0 1 0 0 0 -1 3027.dat
1 14 30 -224 60 0 0 -1 0 1 0 1 0 0 3004.dat
1 14 20 -376 140 0 0 -1 0 1 0 1 0 0 4071.dat
1 4 35 -292 188 0 0 -1 0 1 0 1 0 0 4072.dat
1 14 -60 -376 100 1 0 0 0 1 0 0 0 1 3890.dat
1 14 -180 -376 100 1 0 0 0 1 0 0 0 1 3890.dat
1 14 -260 -376 140 0 0 1 0 1 0 -1 0 0 3890.dat
1 14 -120 -384 140 -1 0 0 0 1 0 0 0 -1 3027.dat
1 14 30 -248 60 0 0 -1 0 1 0 1 0 0 3004.dat
1 14 140 -224 50 -1 0 0 0 1 0 0 0 -1 3004.dat
1 14 140 -248 50 -1 0 0 0 1 0 0 0 -1 3004.dat
1 1 80 -248 50 -1 0 0 0 1 0 0 0 -1 3185.dat
1 1 200 -248 50 -1 0 0 0 1 0 0 0 -1 3185.dat
1 1 250 -248 120 0 0 1 0 1 0 -1 0 0 3185.dat
1 14 250 -224 60 0 0 1 0 1 0 -1 0 0 3004.dat
1 14 250 -248 60 0 0 1 0 1 0 -1 0 0 3004.dat
1 14 250 -248 180 0 0 1 0 1 0 -1 0 0 3004.dat
1 14 250 -224 180 0 0 1 0 1 0 -1 0 0 3004.dat
1 14 -120 -392 160 -1 0 0 0 1 0 0 0 -1 3030.dat
1 14 -120 -392 60 -1 0 0 0 1 0 0 0 -1 3033.dat
1 1 -40 -560 140 0 0 -1 0 1 0 1 0 0 3890.dat
1 1 -200 -560 140 0 0 1 0 1 0 -1 0 0 3890.dat
1 14 -170 -416 100 0 0 -1 0 1 0 1 0 0 3004.dat
1 14 -170 -440 100 0 0 -1 0 1 0 1 0 0 3004.dat
1 14 -170 -464 100 0 0 -1 0 1 0 1 0 0 3004.dat
1 14 -170 -488 100 0 0 -1 0 1 0 1 0 0 3004.dat
1 14 -170 -512 100 0 0 -1 0 1 0 1 0 0 3004.dat
1 14 -170 -536 100 0 0 -1 0 1 0 1 0 0 3004.dat
1 14 -70 -416 100 0 0 -1 0 1 0 1 0 0 3004.dat
1 14 -70 -440 100 0 0 -1 0 1 0 1 0 0 3004.dat
1 14 -70 -464 100 0 0 -1 0 1 0 1 0 0 3004.dat
1 14 -70 -488 100 0 0 -1 0 1 0 1 0 0 3004.dat
1 14 -70 -512 100 0 0 -1 0 1 0 1 0 0 3004.dat
1 14 -70 -536 100 0 0 -1 0 1 0 1 0 0 3004.dat
1 14 -120 -560 110 1 0 0 0 1 0 0 0 1 3009.dat
1 14 -120 -560 90 1 0 0 0 1 0 0 0 1 3009.dat
1 1 -210 -440 40 0 0 -1 0 1 0 1 0 0 3185.dat
1 1 -30 -440 40 0 0 -1 0 1 0 1 0 0 3185.dat
1 1 -160 -440 10 1 0 0 0 1 0 0 0 1 3185.dat
1 1 -80 -440 10 1 0 0 0 1 0 0 0 1 3185.dat
1 1 -120 -568 140 -1 0 0 0 1 0 0 0 -1 3033.dat
1 1 -180 -568 100 0 0 1 0 1 0 -1 0 0 4320.dat
1 1 -180 -568 180 0 0 1 0 1 0 -1 0 0 4320.dat
1 1 -60 -568 100 0 0 -1 0 1 0 1 0 0 4320.dat
1 1 -60 -568 180 0 0 -1 0 1 0 1 0 0 4320.dat
1 1 -160 -608 180 0 0 1 0 1 0 -1 0 0 790.dat
1 14 -140 -200 20 1 0 0 0 1 0 0 0 1 4320.dat
1 14 -220 -200 20 1 0 0 0 1 0 0 0 1 4320.dat
1 14 -300 -200 20 1 0 0 0 1 0 0 0 1 4320.dat
1 14 -300 -312 40 0.966 0 -0.259 0 1 0 0.259 0 0.966 u9164.dat
1 450 200 -224 160 0.423 0 0.906 0 1 0 -0.906 0 0.423 4222a.dat
1 450 -20 -24 -120 -0.766 0 -0.643 0 1 0 0.643 0 -0.766 4222a.dat
1 450 100 -24 -100 -0.574 0 0.819 0 1 0 -0.819 0 -0.574 4222a.dat
1 450 100 -24 0 0.423 0 0.906 0 1 0 -0.906 0 0.423 4222a.dat
1 450 120 -248 130 -1 0 0 0 1 0 0 0 -1 4223.dat
1 450 20 -48 -60 -1 0 0 0 1 0 0 0 -1 4223.dat
1 1 -140 -446.107 34.568 1 0 0 0 0.94 -0.342 0 0.342 0.94 4335.dat
1 4 340 0 80 1 0 0 0 1 0 0 0 1 u9166.dat
1 4 340 -111 80 -0.178 0.059 0.982 -0.15 0.985 -0.087 -0.972 -0.163 -0.167 u9165.dat
1 1 50 -72 -60 0.906 0 0.423 0 1 0 -0.423 0 0.906 6264.dat
1 1 110 -272 140 1 0 0 0 1 0 0 0 1 6264.dat
1 6 330 -41.955 -40.862 1 0 0 0 -0.259 -0.966 0 0.966 -0.259 4324.dat
1 366 167.821 -252.196 178.096 -0.33 0.453 0.828 0.383 0.866 -0.321 -0.863 0.211 -0.459 u9412.dat
1 366 316.543 -135.776 36.872 0.5 -0.224 0.837 0 0.966 0.259 -0.866 -0.129 0.483 4332.dat
1 4 270 -12 -170 -1 0 0 0 1 0 0 0 -1 3741.dat
1 14 310 -12 -210 0 0 -1 0 1 0 1 0 0 3741.dat
1 15 330 -12 -150 -1 0 0 0 1 0 0 0 -1 3741.dat
1 14 20 -48 -60 -1 0 0 0 1 0 0 0 -1 4095.dat
1 14 20 -176 -60 -1 0 0 0 1 0 0 0 -1 4094a.dat
1 14 -305.111 -51.862 -170 -0.045 0.255 -0.966 -0.168 0.951 0.259 0.985 0.174 0 4331.dat
1 450 -280 0 -140 1 0 0 0 1 0 0 0 1 4336.dat
1 450 -280 -39 -64 -1 0 0 0 0 -1 0 -1 0 194065e.dat
1 450 -280 -39 -216 1 0 0 0 0 -1 0 1 0 194065e.dat
1 14 -60 -240 80 1 0 0 0 0 -1 0 1 0 194065c.dat
1 4 -140 -88 -40 1 0 0 0 0 -1 0 1 0 194065b.dat
1 4 -300 -120 -40 1 0 0 0 0 -1 0 1 0 194065d.dat
1 47 -120 -580 80 1 0 0 0 0 -1 0 1 0 194065a.dat
1 84 -140 -459 59 0.866 0 -0.5 0 1 0 0.5 0 0.866 u9150.dat
1 0 -140 -429 59 1 0 0 0 1 0 0 0 1 u9102.dat
1 0 -117 -455 59 1 0 0 0 0.342 0.94 0 -0.94 0.342 u9101.dat
1 0 -163 -455 59 -1 0 0 0 0.342 -0.94 0 -0.94 -0.342 u9101.dat
1 14 -150 -429 59 1 0 0 0 1 0 0 0 1 u9100.dat
1 14 -130 -429 59 1 0 0 0 1 0 0 0 1 u9100.dat
1 4 -140 -429 59 1 0 0 0 1 0 0 0 1 u9103.dat
1 7 -364 -67 -140 0.342 0 -0.94 0 1 0 0.94 0 0.342 u588.dat
1 4 -364 -37 -140 0 0 -1 0 1 0 1 0 0 u9102.dat
1 4 -364 -63 -117 0 0.866 -0.5 0 0.5 0.866 1 0 0 u9101.dat
1 4 -364 -63 -163 0 0.259 0.966 0 0.966 -0.259 -1 0 0 u9101.dat
1 7 -364 -37 -150 0 0 -1 0 1 0 1 0 0 u9100.dat
1 7 -364 -37 -130 0 0 -1 0 1 0 1 0 0 u9100.dat
1 4 -364 -37 -140 0 0 -1 0 1 0 1 0 0 u9103.dat
1 15 203.624 -264 161.692 0.819318 0 0.573096 0 1 0 -0.573096 0 0.819318 u9140.dat
1 14 203.624 -234 161.692 0.423 0 0.906 0 1 0 -0.906 0 0.423 u9102.dat
1 15 213.353 -260 140.854 0.423 -0.582558 0.693996 0 0.766 0.643 -0.906 -0.271989 0.324018 u9101.dat
1 15 193.895 -260 182.53 -0.423 -0.784596 -0.453 0 0.5 -0.866 0.906 -0.366318 -0.2115 u9101.dat
1 15 199.394 -234 170.752 0.423 -0.906 0 0 0 1 -0.906 -0.423 0 u9100.dat
1 15 207.854 -234 152.632 0.423 -0.906 0 0 0 1 -0.906 -0.423 0 u9100.dat
1 4 203.624 -234 161.692 0.423 0 0.906 0 1 0 -0.906 0 0.423 u9103.dat
1 450 300 -65.978 -63.765 0.906 0 -0.423 -0.109 0.966 -0.235 0.408 0.259 0.875 u592.dat
1 14 300 -37 -56 1 0 0 0 0.966 -0.259 0 0.259 0.966 u9102.dat
1 14 323 -62.114 -62.729 1 0 0 0 0.985 -0.174 0 0.174 0.985 u9101.dat
1 14 277 -62.114 -62.729 -1 0 0 0 0.574 -0.819 0 -0.819 -0.574 u9101.dat
1 1 290 -37 -56 1 0 0 0 1 0 0 0 1 u9100.dat
1 1 310 -37 -56 1 0 0 0 1 0 0 0 1 u9100.dat
1 4 300 -37 -56 1 0 0 0 0.966 -0.259 0 0.259 0.966 u9103.dat
