0 
0 Name: New Model.ldr
0 Author: 
1 0 0 -8 0 0 0 -1 0 1 0 1 0 0 3006.dat
1 0 0 -8 200 0 0 -1 0 1 0 1 0 0 3006.dat
1 0 0 -8 310 -1 0 0 0 1 0 0 0 -1 3004.dat
1 0 80 -8 20 -1 0 0 0 1 0 0 0 -1 2456.dat
1 0 -80 -8 20 -1 0 0 0 1 0 0 0 -1 2456.dat
1 0 0 -32 80 0 0 1 0 1 0 -1 0 0 3001.dat
1 0 -10 -32 140 0 0 1 0 1 0 -1 0 0 3700.dat
1 0 10 -32 140 0 0 1 0 1 0 -1 0 0 3700.dat
1 0 0 -32 220 0 0 1 0 1 0 -1 0 0 2456.dat
1 0 0 -32 290 -1 0 0 0 1 0 0 0 -1 3039.dat
1 0 0 -32 20 -1 0 0 0 1 0 0 0 -1 3006.dat
1 0 110 -32 20 0 0 -1 0 1 0 1 0 0 3298.dat
1 0 150 -8 20 0 0 -1 0 1 0 1 0 0 3298.dat
1 0 -150 -8 20 0 0 1 0 1 0 -1 0 0 3298.dat
1 0 -110 -32 20 0 0 1 0 1 0 -1 0 0 3298.dat
1 0 0 -32 -70 1 0 0 0 1 0 0 0 1 3298.dat
1 0 0 -8 -110 1 0 0 0 1 0 0 0 1 3298.dat
1 0 0 -32 -10 1 0 0 0 1 0 0 0 1 3004.dat
1 0 0 -32 -50 1 0 0 0 1 0 0 0 1 3004.dat
1 0 10 -32 -30 0 0 -1 0 1 0 1 0 0 6541.dat
1 0 -10 -32 -30 0 0 -1 0 1 0 1 0 0 6541.dat
1 0 20 -22 -30 1 0 0 0 -0.208 0.978 0 -0.978 -0.208 2780.dat
1 0 -20 -22 -30 1 0 0 0 0 1 0 -1 0 2780.dat
1 0 80 -40 20 1 0 0 0 1 0 0 0 1 3020.dat
1 0 -80 -40 20 1 0 0 0 1 0 0 0 1 3020.dat
1 0 0 -40 0 0 0 -1 0 1 0 1 0 0 3034.dat
1 0 0 -40 200 0 0 -1 0 1 0 1 0 0 3832.dat
1 72 30 -40 20 0 0 -1 0 1 0 1 0 0 30244.dat
1 72 -30 -40 20 0 0 -1 0 1 0 1 0 0 30244.dat
1 72 0 -40 90 -1 0 0 0 1 0 0 0 -1 30244.dat
1 72 0 16 20 -1 0 0 0 1 0 0 0 -1 3020.dat
1 72 0 16 -120 0 0 -1 0 1 0 1 0 0 3020.dat
1 72 0 16 100 0 0 -1 0 1 0 1 0 0 3020.dat
1 72 -160 16 20 1 0 0 0 1 0 0 0 1 3020.dat
1 72 160 16 20 1 0 0 0 1 0 0 0 1 3020.dat
1 72 0 16 290 1 0 0 0 1 0 0 0 1 2419.dat
1 0 0 -332.096 50.226 0 0 -1 -0.978 0.208 0 0.208 0.978 0 3020.dat
1 0 0 -263.636 35.666 0 0 -1 -0.978 0.208 0 0.208 0.978 0 3021.dat
1 0 -10 -278.408 14.274 0 0 -1 -0.978 0.208 0 0.208 0.978 0 2730.dat
1 0 10 -278.408 14.274 0 0 -1 -0.978 0.208 0 0.208 0.978 0 2730.dat
1 0 20 -198.088 7.414 1 0 0 0 0.978 0.208 0 -0.208 0.978 2780.dat
1 0 20 -217.648 11.574 1 0 0 0 0.978 0.208 0 -0.208 0.978 2780.dat
1 0 -20 -217.648 11.574 1 0 0 0 0.978 0.208 0 -0.208 0.978 2780.dat
1 0 -20 -198.088 7.414 1 0 0 0 0.978 0.208 0 -0.208 0.978 2780.dat
1 0 30 -335.008 36.534 1 0 0 0 0.978 0.208 0 -0.208 0.978 6558.dat
1 0 -30 -335.008 36.534 -1 0 0 0 0.978 -0.208 0 -0.208 -0.978 6558.dat
1 0 0 -270.292 4.37 0 0 -1 -0.978 0.208 0 0.208 0.978 0 3021.dat
1 0 0 -319.192 14.77 0 0 -1 -0.978 0.208 0 0.208 0.978 0 3022.dat
1 0 0 -358.312 23.09 0 0 -1 -0.978 0.208 0 0.208 0.978 0 3068.dat
1 0 -30 -121.928 -19.006 0 0 -1 -0.978 0.208 0 0.208 0.978 0 3895.dat
1 0 -10 -159.958 -0.504 0 1 0 0.017 0 1 1 0 -0.017 32140.dat
1 0 0 -159.958 -0.504 -1 0 0 0 0.017 1 0 1 -0.017 3705.dat
1 0 10 -159.958 -0.504 0 1 0 0.017 0 1 1 0 -0.017 32140.dat
1 0 -30 -22.0449 140.0838 0 1 0 0.615791 0 -0.787693 -0.787693 0 -0.615791 6629.dat
1 0 30 -22.0449 140.0838 0 1 0 0.615791 0 -0.787693 -0.787693 0 -0.615791 6629.dat
1 0 0 -99.618 18.476 1 0 0 0 -0.020017 -0.999629 0 0.999629 -0.020017 3705.dat
1 0 0 -22 140 1 0 0 0 -0.629 -0.777 0 0.777 -0.629 3705.dat
1 0 30 -121.928 -19.006 0 0 -1 -0.978 0.208 0 0.208 0.978 0 3895.dat
1 0 0 -162.712 -18.51 0 0 -1 -0.978 0.208 0 0.208 0.978 0 3035.dat
1 0 0 -242.616 -9.694 0 0 -1 -0.978 0.208 0 0.208 0.978 0 3034.dat
1 0 0 -195.176 21.106 0 0 -1 -0.978 0.208 0 0.208 0.978 0 3031.dat
1 0 30 -116.936 4.466 0 0 -1 -0.978 0.208 0 0.208 0.978 0 3710.dat
1 0 -30 -116.936 4.466 0 0 -1 -0.978 0.208 0 0.208 0.978 0 3710.dat
1 0 40 8 310 -1 0 0 0 1 0 0 0 -1 3023.dat
1 15 40 -16 310 -1 0 0 0 1 0 0 0 -1 3937.dat
1 0 40 -9.584 319.336 1 0 0 0 0.358 0.934 0 -0.934 0.358 6134.dat
1 0 -40 8 310 -1 0 0 0 1 0 0 0 -1 3023.dat
1 15 -40 -16 310 -1 0 0 0 1 0 0 0 -1 3937.dat
1 0 -40 -9.584 319.336 1 0 0 0 0.358 0.934 0 -0.934 0.358 6134.dat
1 0 0 -232.632 37.25 0 0 -1 -0.978 0.208 0 0.208 0.978 0 3034.dat
1 0 0 -96.464 294.544 -1 0 0 0 0.358 -0.934 0 -0.934 -0.358 3029.dat
1 0 0 -21.744 323.184 -1 0 0 0 0.358 -0.934 0 -0.934 -0.358 3029.dat
1 0 110 -61.968 316.336 0 0 1 -0.934 0.358 0 -0.358 -0.934 0 4162.dat
1 0 90 -61.968 316.336 0 0 1 -0.934 0.358 0 -0.358 -0.934 0 4162.dat
1 0 70 -61.968 316.336 0 0 1 -0.934 0.358 0 -0.358 -0.934 0 4162.dat
1 0 50 -61.968 316.336 0 0 1 -0.934 0.358 0 -0.358 -0.934 0 4162.dat
1 0 30 -61.968 316.336 0 0 1 -0.934 0.358 0 -0.358 -0.934 0 4162.dat
1 0 10 -61.968 316.336 0 0 1 -0.934 0.358 0 -0.358 -0.934 0 4162.dat
1 0 -10 -61.968 316.336 0 0 1 -0.934 0.358 0 -0.358 -0.934 0 4162.dat
1 0 -30 -61.968 316.336 0 0 1 -0.934 0.358 0 -0.358 -0.934 0 4162.dat
1 0 -50 -61.968 316.336 0 0 1 -0.934 0.358 0 -0.358 -0.934 0 4162.dat
1 0 -70 -61.968 316.336 0 0 1 -0.934 0.358 0 -0.358 -0.934 0 4162.dat
1 0 -90 -61.968 316.336 0 0 1 -0.934 0.358 0 -0.358 -0.934 0 4162.dat
1 0 -110 -61.968 316.336 0 0 1 -0.934 0.358 0 -0.358 -0.934 0 4162.dat
1 72 0 -56.24 301.392 -1 0 0 0 0.358 -0.934 0 -0.934 -0.358 3020.dat
1 72 40 -357.144 -36.024 1 0 0 0 0.978 0.208 0 -0.208 0.978 2654.dat
1 72 -80 -319.704 140.016 1 0 0 0 0.978 0.208 0 -0.208 0.978 2654.dat
