0 Main
0 Name: 3932 - Andreas Stage.mpd
0 Author: LTRON
1 0 0 0 0 1 0 0 0 1 0 0 0 1 3029.dat
1 26 -100 -24 -10 1 0 0 0 1 0 0 0 1 3004.dat
1 26 100 -24 -10 1 0 0 0 1 0 0 0 1 3004.dat
1 15 -100 -8 -30 1 0 0 0 1 0 0 0 1 2412.dat
1 15 100 -8 -30 1 0 0 0 1 0 0 0 1 2412.dat
1 4 -80 -24 10 1 0 0 0 1 0 0 0 1 3010.dat
1 4 80 -24 10 1 0 0 0 1 0 0 0 1 3010.dat
1 26 -100 -48 0 1 0 0 0 1 0 0 0 1 3003.dat
1 26 100 -48 0 1 0 0 0 1 0 0 0 1 3003.dat
1 26 -100 -72 0 1 0 0 0 1 0 0 0 1 3003.dat
1 26 100 -72 0 1 0 0 0 1 0 0 0 1 3003.dat
1 4 70 -72 10 0 0 1 0 1 0 -1 0 0 60481.dat
1 4 -70 -72 10 0 0 -1 0 1 0 1 0 0 60481.dat
1 19 -80 -80 10 0 0 1 0 1 0 -1 0 0 92946.dat
1 19 80 -80 10 0 0 -1 0 1 0 1 0 0 92946.dat
1 15 -110 -80 -10 1 0 0 0 1 0 0 0 1 2420.dat
1 15 110 -80 -10 0 0 -1 0 1 0 1 0 0 2420.dat
1 15 -110 -88 0 0 0 1 0 1 0 -1 0 0 60478.dat
1 15 110 -88 0 0 0 1 0 1 0 -1 0 0 60478.dat
1 4 -70 -152 10 0 0 -1 0 1 0 1 0 0 2449.dat
1 4 70 -152 10 0 0 1 0 1 0 -1 0 0 2449.dat
1 30 -90 -176 -10 0 0 1 0 1 0 -1 0 0 2339.dat
1 30 90 -176 -10 0 0 -1 0 1 0 1 0 0 2339.dat
1 29 -110 -88 -10 0 0 1 0 1 0 -1 0 0 54200.dat
1 29 110 -88 -10 0 0 -1 0 1 0 1 0 0 54200.dat
1 15 0 -192 -10 1 0 0 0 1 0 0 0 1 30414.dat
1 15 -70 -160 10 0 0 1 0 1 0 -1 0 0 2420.dat
1 15 70 -160 10 -1 0 0 0 1 0 0 0 -1 2420.dat
1 226 -70 -168 0 0 0 1 0 1 0 -1 0 0 3069.dat
1 226 70 -168 0 0 0 1 0 1 0 -1 0 0 3069.dat
1 226 -20 -200 -10 1 0 0 0 1 0 0 0 1 3069.dat
1 226 20 -200 -10 1 0 0 0 1 0 0 0 1 3069.dat
1 0 -110 -86 -30 1 0 0 0 0.707107 0.707107 0 -0.707107 0.707107 6266.dat
1 36 -110 -66.201 -49.799 1 0 0 0 0.707107 0.707107 0 -0.707107 0.707107 4740.dat
1 0 110 -86 -30 1 0 0 0 0.707107 0.707107 0 -0.707107 0.707107 6266.dat
1 33 110 -66.201 -49.799 1 0 0 0 0.707107 0.707107 0 -0.707107 0.707107 4740.dat
1 0 70 -56 -180 -1 0 0 0 1 0 0 0 -1 3032.dat
1 30 120 -64 -160 0 0 -1 0 1 0 1 0 0 3023.dat
1 30 20 -64 -160 0 0 -1 0 1 0 1 0 0 3023.dat
1 15 100 -64 -160 0 0 -1 0 1 0 1 0 0 2412.dat
1 15 80 -64 -160 0 0 -1 0 1 0 1 0 0 2412.dat
1 15 60 -64 -160 0 0 -1 0 1 0 1 0 0 2412.dat
1 15 40 -64 -160 0 0 -1 0 1 0 1 0 0 2412.dat
1 30 70 -72 -170 -1 0 0 0 1 0 0 0 -1 6636.dat
1 0 110 -80 -220 0 0 -1 0 1 0 1 0 0 3001.dat
1 0 90 -80 -180 0 0 1 0 1 0 -1 0 0 2577.dat
1 0 100 -56 -240 -1 0 0 0 1 0 0 0 -1 3021.dat
1 0 20 -48 -180 0 0 -1 0 1 0 1 0 0 3710.dat
1 0 20 -40 -210 -1 0 0 0 1 0 0 0 -1 64644.dat
1 0 20 -40 -150 -1 0 0 0 1 0 0 0 -1 64644.dat
1 0 20 0 -180 0 0 -1 0 1 0 1 0 0 3710.dat
1 0 120 -48 -200 0 0 -1 0 1 0 1 0 0 3666.dat
1 0 120 -40 -250 -1 0 0 0 1 0 0 0 -1 64644.dat
1 0 120 -40 -150 -1 0 0 0 1 0 0 0 -1 64644.dat
1 0 120 0 -200 0 0 -1 0 1 0 1 0 0 3666.dat
1 0 20 -92 -150 -0.707107 0 0.707107 0 1 0 -0.707107 0 -0.707107 6266.dat
1 47 120 -104 -150 -1 0 0 0 1 0 0 0 -1 2343.dat
1 0 100 -16 -110 -1 0 0 0 1 0 0 0 -1 3062.dat
1 0 40 -16 -110 -1 0 0 0 1 0 0 0 -1 3062.dat
1 0 100 -16 -90 -1 0 0 0 1 0 0 0 -1 3062.dat
1 0 40 -16 -90 -1 0 0 0 1 0 0 0 -1 3062.dat
1 26 70 -24 -100 -1 0 0 0 1 0 0 0 -1 87079.dat
1 85 -70 0 -180 0 0 1 0 1 0 -1 0 0 30565.dat
1 15 -40 -8 -150 -1 0 0 0 1 0 0 0 -1 2420.dat
1 15 -40 -8 -220 0 0 1 0 1 0 -1 0 0 60478.dat
1 15 -110 -8 -150 -1 0 0 0 1 0 0 0 -1 60478.dat
1 15 -87 -8 -197 -0.707107 0 0.707107 0 1 0 -0.707107 0 -0.707107 60478.dat
1 46 -60 -8 -170 0 0 1 0 1 0 -1 0 0 6141.dat
1 85 -70 -16 -180 0 0 1 0 1 0 -1 0 0 30565.dat
1 15 -40 -21 -262 -1 0 0 0 0.707107 -0.707107 0 -0.707107 -0.707107 61252.dat
1 46 -40 -26.657 -256.343 -1 0 0 0 0.707107 -0.707107 0 -0.707107 -0.707107 6141.dat
1 15 -116.698 -21 -226.698 -0.707107 -0.5 -0.5 0 0.707107 -0.707107 0.707107 -0.5 -0.5 61252.dat
1 46 -112.698 -26.657 -222.698 -0.707107 -0.5 -0.5 0 0.707107 -0.707107 0.707107 -0.5 -0.5 6141.dat
1 15 -152 -21 -150 0 -0.707107 -0.707107 0 0.707107 -0.707107 1 0 0 61252.dat
1 46 -146.343 -26.657 -150 0 -0.707107 -0.707107 0 0.707107 -0.707107 1 0 0 6141.dat
1 0 -100 -24 -150 0 0 1 0 1 0 -1 0 0 3957.dat
1 0 -100 -96 -150 0 0 -1 1 0 0 0 -1 0 59230.dat
1 0 -94 -96 -190 0 -1 0 1 0 0 0 0 1 90370.dat
1 4 90 -2 -296 1 0 0 0 0 -1 0 1 0 3710.dat
1 4 70 -2 -304 -1 0 0 0 0 1 0 1 0 48336.dat
1 4 110 -2 -304 -1 0 0 0 0 1 0 1 0 48336.dat
