0 
0 Name: New Model.ldr
0 Author: 
1 16 25 -8 -114.02 0.866 0 0.5 0 1 0 -0.5 0 0.866 3460.dat
1 16 -5 -8 -165.98 0.866 0 0.5 0 1 0 -0.5 0 0.866 3460.dat
1 16 10 -16 -140 0.866 0 0.5 0 1 0 -0.5 0 0.866 3035.dat
1 16 42.32 -40 -124.02 0.866 0 0.5 0 1 0 -0.5 0 0.866 3009.dat
1 16 12.32 -40 -175.98 0.866 0 0.5 0 1 0 -0.5 0 0.866 3009.dat
1 16 -35.62 -40 -79.02 -0.5 0 0.866 0 1 0 -0.866 0 -0.5 2357.dat
1 16 -65.62 -40 -130.98 0.866 0 0.5 0 1 0 -0.5 0 0.866 2357.dat
1 7 -50.62 -48 -105 -0.5 0 0.866 0 1 0 -0.866 0 -0.5 2540.dat
1 16 86.208 -20 -184 0.5 -0.866 0 0 0 -1 0.866 0.5 0 2873.dat
1 16 70.62 -48 -175 0.5 0 -0.866 0 1 0 0.866 0 0.5 4315.dat
1 16 38.3 -48 -190.98 0.866 0 0.5 0 1 0 -0.5 0 0.866 4085.dat
1 16 20.98 -48 -180.98 0.866 0 0.5 0 1 0 -0.5 0 0.866 4085.dat
1 16 70.62 -56 -175 0.5 0 -0.866 0 1 0 0.866 0 0.5 3023.dat
1 16 -50.62 -56 -105 -0.5 0 0.866 0 1 0 -0.866 0 -0.5 3023.dat
1 16 -18.3 -48 -89.02 0.866 0 0.5 0 1 0 -0.5 0 0.866 3623.dat
1 16 -48.3 -48 -140.98 0.866 0 0.5 0 1 0 -0.5 0 0.866 3623.dat
1 16 -5 -48 -165.98 0.866 0 0.5 0 1 0 -0.5 0 0.866 3023.dat
1 16 42.32 -48 -124.02 0.866 0 0.5 0 1 0 -0.5 0 0.866 3710.dat
1 16 -9.64 -56 -94.02 0.866 0 0.5 0 1 0 -0.5 0 0.866 2431.dat
1 16 29.64 -56 -185.98 0.866 0 0.5 0 1 0 -0.5 0 0.866 2431.dat
1 16 70.62 -64 -175 0.5 0 -0.866 0 1 0 0.866 0 0.5 3069.dat
1 16 -50.62 -64 -105 -0.5 0 0.866 0 1 0 -0.866 0 -0.5 3069.dat
1 16 59.64 -56 -134.02 0.866 0 0.5 0 1 0 -0.5 0 0.866 4625.dat
1 16 -39.64 -56 -145.98 -0.866 0 -0.5 0 1 0 0.5 0 -0.866 4625.dat
1 6 10.98 -19 -198.3 0.499956 0 -0.866 0 -1 0 -0.866 0 -0.499956 3836.dat
1 8 28.3 -51 -208.3 -0.499956 0 -0.866 0 1 0 0.866 0 -0.499956 3837.dat
1 16 44.64 -80 -160 0.866 0 0.5 0 1 0 -0.5 0 0.866 4857.dat
1 16 70.62 -72 -175 -0.5 0 0.866 0 1 0 -0.866 0 -0.5 3023.dat
1 16 -24.64 -80 -120 -0.866 0 -0.5 0 1 0 0.5 0 -0.866 4857.dat
1 16 -50.62 -72 -105 0.5 0 -0.866 0 1 0 0.866 0 0.5 3023.dat
