0 Main
0 Name: 21052 - Dubai.mpd
0 Author: LTRON
1 15 0 0 0 0 0 -1 0 1 0 1 0 0 87609.dat
1 15 -30 0 -160 0 0 -1 0 1 0 1 0 0 4282.dat
1 15 -30 0 160 0 0 -1 0 1 0 1 0 0 4282.dat
1 15 0 0 -120 0 0 -1 0 1 0 1 0 0 87609.dat
1 15 0 0 -240 0 0 -1 0 1 0 1 0 0 87609.dat
1 15 0 0 120 0 0 -1 0 1 0 1 0 0 87609.dat
1 15 0 0 240 0 0 -1 0 1 0 1 0 0 87609.dat
1 0 0 0 -320 0 0 -1 0 1 0 1 0 0 99206.dat
1 0 0 0 320 0 0 -1 0 1 0 1 0 0 99206.dat
1 15 0 0 -290 0 0 -1 0 1 0 1 0 0 3024.dat
1 15 0 0 290 0 0 -1 0 1 0 1 0 0 3024.dat
1 15 0 0 -180 0 0 -1 0 1 0 1 0 0 3023.dat
1 15 0 0 -60 0 0 -1 0 1 0 1 0 0 3023.dat
1 15 0 0 60 0 0 -1 0 1 0 1 0 0 3023.dat
1 15 0 0 180 0 0 -1 0 1 0 1 0 0 3023.dat
1 0 18 6 -180 0 -1 0 0 0 -1 1 0 0 3460.dat
1 0 18 6 -300 0 -1 0 0 0 -1 1 0 0 2431.dat
1 0 18 6 -40 0 -1 0 0 0 -1 1 0 0 6636.dat
1 0 18 6 80 0 -1 0 0 0 -1 1 0 0 6636.dat
1 0 18 6 200 0 -1 0 0 0 -1 1 0 0 6636.dat
1 0 18 6 300 0 -1 0 0 0 -1 1 0 0 2431.dat
1 0 26 6 -180 0 -1 0 0 0 -1 1 0 0 4162.dat
1 0 -40 0 -330 1 0 0 0 1 0 0 0 1 3623.dat
1 0 -40 0 330 1 0 0 0 1 0 0 0 1 3623.dat
1 0 -50 8 -220 0 0 -1 0 1 0 1 0 0 2445.dat
1 0 -50 8 220 0 0 -1 0 1 0 1 0 0 2445.dat
1 0 -50 8 0 0 0 -1 0 1 0 1 0 0 3832.dat
1 0 -60 0 140 0 0 -1 0 1 0 1 0 0 3023.dat
1 15 -70 0 240 0 0 -1 0 1 0 1 0 0 3034.dat
1 0 -90 8 200 0 0 -1 0 1 0 1 0 0 3020.dat
1 0 -90 8 280 0 0 -1 0 1 0 1 0 0 3020.dat
1 15 -100 0 240 0 0 -1 0 1 0 1 0 0 3460.dat
1 0 -110 0 80 1 0 0 0 1 0 0 0 1 3032.dat
1 0 -110 8 50 1 0 0 0 1 0 0 0 1 3710.dat
1 0 -110 8 110 1 0 0 0 1 0 0 0 1 3710.dat
1 0 -160 8 80 0 0 -1 0 1 0 1 0 0 3710.dat
1 0 -60 0 -40 0 0 -1 0 1 0 1 0 0 3460.dat
1 0 -60 0 -280 0 0 -1 0 1 0 1 0 0 3710.dat
1 0 -80 0 -150 0 0 -1 0 1 0 1 0 0 11212.dat
1 0 -80 0 -210 0 0 1 0 1 0 -1 0 0 2450.dat
1 0 -110 8 -120 1 0 0 0 1 0 0 0 1 3020.dat
1 0 -110 0 -110 1 0 0 0 1 0 0 0 1 3710.dat
1 0 -130 0 -130 1 0 0 0 1 0 0 0 1 3023.dat
1 0 -110 8 -180 0 0 1 0 1 0 -1 0 0 30503.dat
1 0 -130 0 -160 0 0 1 0 1 0 -1 0 0 26601.dat
1 72 -30 -8 -260 0 0 1 0 1 0 -1 0 0 2460.dat
1 72 -90 -8 -160 0 0 1 0 1 0 -1 0 0 2460.dat
1 19 -60 -8 -160 0 0 1 0 1 0 -1 0 0 3069.dat
1 19 -40 -8 -140 0 0 1 0 1 0 -1 0 0 3069.dat
1 19 -50 -8 -230 -1 0 0 0 1 0 0 0 -1 3069.dat
1 19 -60 -8 -210 -1 0 0 0 1 0 0 0 -1 63864.dat
1 19 -140 -8 -130 0 0 -1 0 1 0 1 0 0 63864.dat
1 19 0 -8 -250 0 0 -1 0 1 0 1 0 0 63864.dat
1 19 -60 -8 -280 0 0 -1 0 1 0 1 0 0 2431.dat
1 19 -120 -8 -140 0 0 -1 0 1 0 1 0 0 2431.dat
1 19 -70 -8 -190 1 0 0 0 1 0 0 0 1 2431.dat
1 19 -30 -8 -90 1 0 0 0 1 0 0 0 1 2431.dat
1 19 -30 -8 -330 1 0 0 0 1 0 0 0 1 2431.dat
1 19 -20 -8 -300 1 0 0 0 1 0 0 0 1 26603.dat
1 19 -80 -8 -120 1 0 0 0 1 0 0 0 1 26603.dat
1 19 -30 -8 -170 1 0 0 0 1 0 0 0 1 15573.dat
1 19 -30 -8 -110 1 0 0 0 1 0 0 0 1 15573.dat
1 19 -20 -8 -140 0 0 1 0 1 0 -1 0 0 15573.dat
1 19 -20 -8 -210 0 0 -1 0 1 0 1 0 0 63864.dat
1 19 0 -8 -160 0 0 -1 0 1 0 1 0 0 3666.dat
1 71 0 -16 -210 0 0 -1 0 1 0 1 0 0 6141.dat
1 71 0 -16 -190 0 0 -1 0 1 0 1 0 0 6141.dat
1 71 0 -16 -150 0 0 -1 0 1 0 1 0 0 6141.dat
1 71 0 -16 -110 0 0 -1 0 1 0 1 0 0 6141.dat
1 71 0 -16 -130 0 0 -1 0 1 0 1 0 0 6141.dat
1 71 0 -16 -170 0 0 -1 0 1 0 1 0 0 6141.dat
1 72 0 -24 -180 0 0 -1 0 1 0 1 0 0 3023.dat
1 72 0 -24 -140 0 0 -1 0 1 0 1 0 0 3069.dat
1 72 0 -24 -110 -1 0 0 0 1 0 0 0 -1 25269.dat
1 72 0 -24 -210 0 0 1 0 1 0 -1 0 0 25269.dat
1 82 0 -24 -190 0 0 1 0 1 0 -1 0 0 49307.dat
1 82 0 -24 -170 0 0 1 0 1 0 -1 0 0 49307.dat
1 19 -60 -8 -60 0 0 1 0 1 0 -1 0 0 15573.dat
1 19 -50 -8 -10 -1 0 0 0 1 0 0 0 -1 15573.dat
1 19 -30 -8 -30 1 0 0 0 1 0 0 0 1 2431.dat
1 19 0 -8 -60 0 0 1 0 1 0 -1 0 0 3069.dat
1 19 -10 -8 -10 -1 0 0 0 1 0 0 0 -1 3069.dat
1 19 -40 -8 20 1 0 0 0 1 0 0 0 1 26603.dat
1 19 0 -8 20 0 0 1 0 1 0 -1 0 0 3023.dat
1 19 -20 -8 80 0 0 1 0 1 0 -1 0 0 3023.dat
1 19 0 -8 140 0 0 1 0 1 0 -1 0 0 3023.dat
1 19 -140 -8 80 1 0 0 0 1 0 0 0 1 26603.dat
1 19 -40 -8 140 1 0 0 0 1 0 0 0 1 26603.dat
1 19 -90 -8 50 1 0 0 0 1 0 0 0 1 4162.dat
1 19 -90 -8 110 1 0 0 0 1 0 0 0 1 4162.dat
1 72 -90 -8 80 0 0 1 0 1 0 -1 0 0 2460.dat
1 72 -50 -8 80 0 0 1 0 1 0 -1 0 0 2460.dat
1 15 -30 -8 -60 0 0 1 0 1 0 -1 0 0 27448.dat
1 15 -70 -8 220 0 0 1 0 1 0 -1 0 0 27448.dat
1 19 -30 -8 330 1 0 0 0 1 0 0 0 1 2431.dat
1 19 0 -8 300 0 0 1 0 1 0 -1 0 0 15573.dat
1 71 -60 -8 250 0 0 -1 0 1 0 1 0 0 6141.dat
1 43 -90 -8 170 1 0 0 0 1 0 0 0 1 3069.dat
1 43 -90 -8 190 1 0 0 0 1 0 0 0 1 3069.dat
1 43 -50 -8 190 1 0 0 0 1 0 0 0 1 3069.dat
1 43 -50 -8 170 1 0 0 0 1 0 0 0 1 3069.dat
1 43 -10 -8 190 1 0 0 0 1 0 0 0 1 3069.dat
1 43 -10 -8 170 1 0 0 0 1 0 0 0 1 3069.dat
1 43 -10 -8 230 1 0 0 0 1 0 0 0 1 3069.dat
1 43 -10 -8 210 1 0 0 0 1 0 0 0 1 3069.dat
1 43 -10 -8 270 1 0 0 0 1 0 0 0 1 3069.dat
1 43 -10 -8 250 1 0 0 0 1 0 0 0 1 3069.dat
1 43 -50 -8 290 1 0 0 0 1 0 0 0 1 3069.dat
1 43 -50 -8 270 1 0 0 0 1 0 0 0 1 3069.dat
1 43 -90 -8 310 1 0 0 0 1 0 0 0 1 3069.dat
1 43 -90 -8 290 1 0 0 0 1 0 0 0 1 3069.dat
1 43 -50 -8 310 1 0 0 0 1 0 0 0 1 3069.dat
1 43 -20 -8 300 0 0 1 0 1 0 -1 0 0 3069.dat
1 43 -100 -8 220 0 0 1 0 1 0 -1 0 0 3069.dat
1 43 -100 -8 260 0 0 1 0 1 0 -1 0 0 3069.dat
1 71 -70 -16 220 -0.574 0 0.819 0 1 0 -0.819 0 -0.574 60474.dat
1 72 -111.782 -24 212.633 0.819 0 0.574 0 1 0 -0.574 0 0.819 27263.dat
1 72 -62.633 -24 178.218 0.574 0 -0.819 0 1 0 0.819 0 0.574 27263.dat
1 72 -70 -24 220 0.574 0 -0.819 0 1 0 0.819 0 0.574 3022.dat
1 72 -47.057 -24 252.766 -0.819 0 -0.574 0 1 0 0.574 0 -0.819 3176.dat
1 72 -41.321 -16 260.958 -0.819 0 -0.574 0 1 0 0.574 0 -0.819 3023.dat
1 72 0 -16 10 0 0 1 0 1 0 -1 0 0 25269.dat
1 72 -20 -16 70 0 0 1 0 1 0 -1 0 0 25269.dat
1 72 0 -16 130 1 0 0 0 1 0 0 0 1 25269.dat
1 72 -20 -16 90 -1 0 0 0 1 0 0 0 -1 25269.dat
1 72 0 -16 150 -1 0 0 0 1 0 0 0 -1 25269.dat
1 72 0 -16 30 0 0 -1 0 1 0 1 0 0 25269.dat
1 71 0 -16 300 0 0 -1 0 1 0 1 0 0 6141.dat
1 72 -23.307 -24 199.513 0.574 0 -0.819 0 1 0 0.819 0 0.574 27263.dat
1 72 -105.222 -24 256.87 0.819 0 0.574 0 1 0 -0.574 0 0.819 27263.dat
1 71 -0.364 -16 232.279 -0.819 0 -0.574 0 1 0 0.574 0 -0.819 2420.dat
1 71 -82.279 -16 289.636 -0.574 0 0.819 0 1 0 -0.819 0 -0.574 2420.dat
1 72 -22.482 -24 235.559 -0.574 0 0.819 0 1 0 -0.819 0 -0.574 3069.dat
1 72 -71.632 -24 269.973 -0.574 0 0.819 0 1 0 -0.819 0 -0.574 3069.dat
1 72 -0.364 -24 232.279 0.574 0 -0.819 0 1 0 0.819 0 0.574 25269.dat
1 72 -82.279 -24 289.636 -0.819 0 -0.574 0 1 0 0.574 0 -0.819 25269.dat
1 72 -4.95 -24 295.05 0.707 0 -0.707 0 1 0 0.707 0 0.707 3069.dat
1 71 -70 -13 80 0 -1 0 0 0 1 -1 0 0 4185.dat
1 71 -70 -21 80 0 -1 0 0 0 1 -1 0 0 4185.dat
1 15 -124.01 -228 -129.572 0 0.225 -0.974 -1 0 0 0 0.974 0.225 3666.dat
1 15 -124.01 -278 -129.572 0 0.225 0.974 1 0 0 0 0.974 -0.225 54200.dat
1 15 -109.93 -248 -157.448 0 0.225 0.974 1 0 0 0 0.974 -0.225 3039.dat
1 272 -94.79 -268 -136.322 0 0.225 0.974 1 0 0 0 0.974 -0.225 11203.dat
1 15 -94.79 -238 -136.322 -0.974 0.225 0 0 0 1 0.225 0.974 0 3023.dat
1 15 -90.45 -248 -161.948 0 0.225 -0.974 -1 0 0 0 0.974 0.225 3039.dat
1 15 -65.57 -228 -143.072 0 0.225 -0.974 -1 0 0 0 0.974 0.225 3666.dat
1 15 -65.57 -278 -143.072 0 0.225 -0.974 -1 0 0 0 0.974 0.225 54200.dat
1 15 -109.93 -148 -157.448 0 0.225 0.974 1 0 0 0 0.974 -0.225 4445.dat
1 15 -90.45 -148 -161.948 0 0.225 -0.974 -1 0 0 0 0.974 0.225 4445.dat
1 272 -94.79 -208 -136.322 0 0.225 0.974 1 0 0 0 0.974 -0.225 11203.dat
1 272 -94.79 -148 -136.322 0 0.225 0.974 1 0 0 0 0.974 -0.225 11203.dat
1 15 -94.79 -178 -136.322 -0.974 0.225 0 0 0 1 0.225 0.974 0 3023.dat
1 272 -94.79 -88 -136.322 0 0.225 0.974 1 0 0 0 0.974 -0.225 11203.dat
1 15 -94.79 -118 -136.322 -0.974 0.225 0 0 0 1 0.225 0.974 0 3023.dat
1 15 -124.01 -88 -129.572 0 0.225 0.974 1 0 0 0 0.974 -0.225 3460.dat
1 15 -65.57 -88 -143.072 0 0.225 0.974 1 0 0 0 0.974 -0.225 3460.dat
1 15 -100.19 -278 -159.698 -0.974 0.225 0 0 0 1 0.225 0.974 0 3660.dat
1 15 -105.59 -298 -183.074 0.974 0.225 0 0 0 -1 -0.225 0.974 0 3049.dat
1 272 -101.99 -278 -167.49 0.974 0.225 0 0 0 -1 -0.225 0.974 0 15573.dat
1 272 -101.99 -258 -167.49 0.974 0.225 0 0 0 -1 -0.225 0.974 0 15573.dat
1 272 -101.99 -238 -167.49 0.974 0.225 0 0 0 -1 -0.225 0.974 0 15573.dat
1 272 -103.79 -278 -175.282 0.974 0.225 0 0 0 -1 -0.225 0.974 0 3024.dat
1 82 -101.99 -258 -167.49 0 0.225 0.974 1 0 0 0 0.974 -0.225 49307.dat
1 82 -101.99 -238 -167.49 0 0.225 0.974 1 0 0 0 0.974 -0.225 49307.dat
1 0 -105.59 -278 -183.074 -0.974 0.225 0 0 0 1 0.225 0.974 0 15712.dat
1 15 -106.94 -273 -188.918 -0.974 0 0.225 0 -1 0 0.225 0 0.974 30374.dat
1 15 -116.07 -58 -139.614 0.974 0.225 0 0 0 -1 -0.225 0.974 0 15573.dat
1 15 -77.11 -58 -148.614 0.974 0.225 0 0 0 -1 -0.225 0.974 0 15573.dat
1 15 -77.11 -38 -148.614 0.974 0.225 0 0 0 -1 -0.225 0.974 0 15573.dat
1 15 -116.07 -38 -139.614 0.974 0.225 0 0 0 -1 -0.225 0.974 0 15573.dat
1 15 -94.79 -58 -136.322 -0.974 0.225 0 0 0 1 0.225 0.974 0 3023.dat
1 272 -94.79 -28 -136.322 0 0.225 0.974 1 0 0 0 0.974 -0.225 11203.dat
1 0 -77.11 -38 -148.614 0 0.225 -0.974 -1 0 0 0 0.974 0.225 49307.dat
1 0 -77.11 -58 -148.614 0 0.225 -0.974 -1 0 0 0 0.974 0.225 49307.dat
1 0 -116.07 -58 -139.614 0 0.225 -0.974 -1 0 0 0 0.974 0.225 49307.dat
1 0 -116.07 -38 -139.614 0 0.225 -0.974 -1 0 0 0 0.974 0.225 49307.dat
1 272 -105.59 -218 -183.074 0 0.225 -0.974 -1 0 0 0 0.974 0.225 3044.dat
1 272 -105.59 -188 -183.074 0 0.225 -0.974 -1 0 0 0 0.974 0.225 3043.dat
1 272 -105.59 -148 -183.074 0 0.225 -0.974 -1 0 0 0 0.974 0.225 3043.dat
1 272 -105.59 -108 -183.074 0 0.225 -0.974 -1 0 0 0 0.974 0.225 3043.dat
1 272 -105.59 -68 -183.074 0 0.225 -0.974 -1 0 0 0 0.974 0.225 3043.dat
1 15 -98.39 -48 -151.906 0 0.225 -0.974 -1 0 0 0 0.974 0.225 3023.dat
1 4 -100.19 -58 -159.698 0 0.225 -0.974 -1 0 0 0 0.974 0.225 98138.dat
1 15 -100.19 -38 -159.698 0 0.225 -0.974 -1 0 0 0 0.974 0.225 85861.dat
1 272 -105.59 -38 -183.074 0 0.225 -0.974 -1 0 0 0 0.974 0.225 3044.dat
1 71 -96.59 -18 -144.114 0.974 0.225 0 0 0 -1 -0.225 0.974 0 3710.dat
1 71 -72.77 -18 -174.24 0 0.225 -0.974 -1 0 0 0 0.974 0.225 3665.dat
1 71 -111.73 -18 -165.24 0 0.225 0.974 1 0 0 0 0.974 -0.225 3040.dat
1 71 -92.25 -18 -169.74 -0.974 0.225 0 0 0 1 0.225 0.974 0 6541.dat
1 71 -74.57 -18 -182.032 -0.974 0.225 0 0 0 1 0.225 0.974 0 3024.dat
1 71 -103.79 -18 -175.282 0 0.225 0.974 1 0 0 0 0.974 -0.225 15672.dat
1 71 -86.11 -18 -187.574 0.974 0.225 0 0 0 -1 -0.225 0.974 0 3023.dat
1 71 -87.91 -18 -195.366 0.974 0.225 0 0 0 -1 -0.225 0.974 0 3023.dat
1 71 -58.69 -18 -202.116 0 0.225 -0.974 -1 0 0 0 0.974 0.225 3665.dat
1 71 -97.65 -18 -193.116 0 0.225 0.974 1 0 0 0 0.974 -0.225 54200.dat
1 71 -60.49 -18 -209.908 -0.974 0.225 0 0 0 1 0.225 0.974 0 63864.dat
1 71 -131.95 -18 -119.53 0 0.225 0.974 1 0 0 0 0.974 -0.225 15672.dat
1 71 -54.03 -18 -137.53 0 0.225 -0.974 -1 0 0 0 0.974 0.225 15672.dat
1 71 -120.41 -18 -113.988 0.974 0.225 0 0 0 -1 -0.225 0.974 0 35459.dat
1 71 -92.99 -18 -128.53 0.974 0.225 0 0 0 -1 -0.225 0.974 0 3069.dat
1 71 -61.97 -18 -127.488 0.974 0.225 0 0 0 -1 -0.225 0.974 0 35459.dat
1 15 4.01 -128 -290.428 0 -0.225 0.974 -1 0 0 0 -0.974 -0.225 60479.dat
1 15 4.01 -238 -290.428 0 -0.225 -0.974 1 0 0 0 -0.974 0.225 54200.dat
1 15 -10.07 -148 -262.552 0 -0.225 -0.974 1 0 0 0 -0.974 0.225 4445.dat
1 272 -25.21 -228 -283.678 0 -0.225 -0.974 1 0 0 0 -0.974 0.225 11203.dat
1 272 -25.21 -168 -283.678 0 -0.225 -0.974 1 0 0 0 -0.974 0.225 11203.dat
1 272 -25.21 -128 -283.678 0 -0.225 -0.974 1 0 0 0 -0.974 0.225 11203.dat
1 272 -25.21 -88 -283.678 0 -0.225 -0.974 1 0 0 0 -0.974 0.225 11203.dat
1 15 -25.21 -198 -283.678 0.974 -0.225 0 0 0 1 -0.225 -0.974 0 3023.dat
1 15 -29.55 -148 -258.052 0 -0.225 0.974 -1 0 0 0 -0.974 -0.225 4445.dat
1 15 -54.43 -128 -276.928 0 -0.225 0.974 -1 0 0 0 -0.974 -0.225 60479.dat
1 15 -54.43 -238 -276.928 0 -0.225 0.974 -1 0 0 0 -0.974 -0.225 54200.dat
1 15 -19.81 -238 -260.302 0.974 -0.225 0 0 0 1 -0.225 -0.974 0 3660.dat
1 15 -14.41 -258 -236.926 -0.974 -0.225 0 0 0 -1 0.225 -0.974 0 3049.dat
1 272 -18.01 -238 -252.51 -0.974 -0.225 0 0 0 -1 0.225 -0.974 0 15573.dat
1 272 -18.01 -218 -252.51 -0.974 -0.225 0 0 0 -1 0.225 -0.974 0 15573.dat
1 272 -18.01 -198 -252.51 -0.974 -0.225 0 0 0 -1 0.225 -0.974 0 15573.dat
1 272 -16.21 -238 -244.718 -0.974 -0.225 0 0 0 -1 0.225 -0.974 0 3024.dat
1 82 -18.01 -218 -252.51 0 -0.225 -0.974 1 0 0 0 -0.974 0.225 49307.dat
1 82 -18.01 -198 -252.51 0 -0.225 -0.974 1 0 0 0 -0.974 0.225 49307.dat
1 0 -14.41 -238 -236.926 0.974 -0.225 0 0 0 1 -0.225 -0.974 0 15712.dat
1 15 -13.06 -233 -231.082 0.974 0 -0.225 0 -1 0 -0.225 0 -0.974 30374.dat
1 15 -3.93 -58 -280.386 -0.974 -0.225 0 0 0 -1 0.225 -0.974 0 15573.dat
1 15 -42.89 -58 -271.386 -0.974 -0.225 0 0 0 -1 0.225 -0.974 0 15573.dat
1 15 -42.89 -38 -271.386 -0.974 -0.225 0 0 0 -1 0.225 -0.974 0 15573.dat
1 15 -3.93 -38 -280.386 -0.974 -0.225 0 0 0 -1 0.225 -0.974 0 15573.dat
1 15 -25.21 -58 -283.678 0.974 -0.225 0 0 0 1 -0.225 -0.974 0 3023.dat
1 272 -25.21 -28 -283.678 0 -0.225 -0.974 1 0 0 0 -0.974 0.225 11203.dat
1 0 -42.89 -38 -271.386 0 -0.225 0.974 -1 0 0 0 -0.974 -0.225 49307.dat
1 0 -42.89 -58 -271.386 0 -0.225 0.974 -1 0 0 0 -0.974 -0.225 49307.dat
1 0 -3.93 -58 -280.386 0 -0.225 0.974 -1 0 0 0 -0.974 -0.225 49307.dat
1 0 -3.93 -38 -280.386 0 -0.225 0.974 -1 0 0 0 -0.974 -0.225 49307.dat
1 272 -14.41 -178 -236.926 0 -0.225 0.974 -1 0 0 0 -0.974 -0.225 3044.dat
1 272 -14.41 -148 -236.926 0 -0.225 0.974 -1 0 0 0 -0.974 -0.225 3043.dat
1 272 -14.41 -108 -236.926 0 -0.225 0.974 -1 0 0 0 -0.974 -0.225 3043.dat
1 272 -14.41 -68 -236.926 0 -0.225 0.974 -1 0 0 0 -0.974 -0.225 3043.dat
1 15 -21.61 -48 -268.094 0 -0.225 0.974 -1 0 0 0 -0.974 -0.225 3023.dat
1 4 -19.81 -58 -260.302 0 -0.225 0.974 -1 0 0 0 -0.974 -0.225 98138.dat
1 15 -19.81 -38 -260.302 0 -0.225 0.974 -1 0 0 0 -0.974 -0.225 85861.dat
1 272 -14.41 -38 -236.926 0 -0.225 0.974 -1 0 0 0 -0.974 -0.225 3044.dat
1 71 -23.41 -18 -275.886 -0.974 -0.225 0 0 0 -1 0.225 -0.974 0 3710.dat
1 71 -47.23 -18 -245.76 0 -0.225 0.974 -1 0 0 0 -0.974 -0.225 3665.dat
1 71 -8.27 -18 -254.76 0 -0.225 -0.974 1 0 0 0 -0.974 0.225 3040.dat
1 71 -27.75 -18 -250.26 0.974 -0.225 0 0 0 1 -0.225 -0.974 0 6541.dat
1 71 -45.43 -18 -237.968 0.974 -0.225 0 0 0 1 -0.225 -0.974 0 3024.dat
1 71 -16.21 -18 -244.718 0 -0.225 -0.974 1 0 0 0 -0.974 0.225 15672.dat
1 71 -33.89 -18 -232.426 -0.974 -0.225 0 0 0 -1 0.225 -0.974 0 3023.dat
1 71 -32.09 -18 -224.634 -0.974 -0.225 0 0 0 -1 0.225 -0.974 0 3023.dat
1 71 -61.31 -18 -217.884 0 -0.225 0.974 -1 0 0 0 -0.974 -0.225 3665.dat
1 71 -22.35 -18 -226.884 0 -0.225 -0.974 1 0 0 0 -0.974 0.225 54200.dat
1 71 -59.51 -18 -210.092 0.974 -0.225 0 0 0 1 -0.225 -0.974 0 63864.dat
1 71 -27.01 -18 -291.47 -0.974 -0.225 0 0 0 -1 0.225 -0.974 0 92593.dat
1 71 -28.81 -18 -299.262 -0.974 -0.225 0 0 0 -1 0.225 -0.974 0 3023.dat
1 71 0.41 -18 -306.012 0 -0.225 -0.974 1 0 0 0 -0.974 0.225 24201.dat
1 71 -58.03 -18 -292.512 0 -0.225 0.974 -1 0 0 0 -0.974 -0.225 24201.dat
1 72 -30 -16 -60 0.707 0 -0.707 0 1 0 0.707 0 0.707 60474.dat
1 71 -37.07 -24 -52.93 0.707 0 -0.707 0 1 0 0.707 0 0.707 3710.dat
1 19 -15.86 -24 -60 0.707 0 -0.707 0 1 0 0.707 0 0.707 25269.dat
1 19 -30 -24 -74.14 0.707 0 0.707 0 1 0 -0.707 0 0.707 25269.dat
1 19 -44.14 -24 -31.72 -0.707 0 -0.707 0 1 0 0.707 0 -0.707 25269.dat
1 19 -58.28 -24 -45.86 -0.707 0 0.707 0 1 0 -0.707 0 -0.707 25269.dat
1 71 -15.86 -24 -60 0.707 0 -0.707 0 1 0 0.707 0 0.707 27925.dat
1 71 -30 -24 -74.14 0.707 0 0.707 0 1 0 -0.707 0 0.707 27925.dat
1 82 -37.07 -168 -52.93 -0.707 0 0.707 0 1 0 -0.707 0 -0.707 60596.dat
1 82 -51.21 -176 -67.07 -0.707 0 0.707 0 1 0 -0.707 0 -0.707 3069.dat
1 82 -22.93 -176 -38.79 -0.707 0 0.707 0 1 0 -0.707 0 -0.707 3069.dat
1 43 0 -8 60 0 0 1 0 1 0 -1 0 0 3023.dat
1 47 0 -32 70 0 0 1 0 1 0 -1 0 0 3062.dat
1 47 0 -16 50 0 0 1 0 1 0 -1 0 0 20482.dat
1 43 0 -92 70 0 0 1 0 1 0 -1 0 0 30374.dat
1 43 0 -8 100 0 0 -1 0 1 0 1 0 0 3023.dat
1 47 0 -32 90 0 0 -1 0 1 0 1 0 0 3062.dat
1 47 0 -16 110 0 0 -1 0 1 0 1 0 0 20482.dat
1 43 0 -92 90 0 0 -1 0 1 0 1 0 0 30374.dat
1 272 -70 -32 220 0.819 0 0.574 0 1 0 -0.574 0 0.819 43719.dat
1 379 -58.52 -40 236.38 0.819 0 0.574 0 1 0 -0.574 0 0.819 90194.dat
1 15 -67.55 -40 206.07 0.819 0 0.574 0 1 0 -0.574 0 0.819 20482.dat
1 15 -83.93 -40 217.55 0.819 0 0.574 0 1 0 -0.574 0 0.819 20482.dat
1 272 -58.52 -48 236.38 0.819 0 0.574 0 1 0 -0.574 0 0.819 51739.dat
1 379 -58.52 -56 236.38 0.819 0 0.574 0 1 0 -0.574 0 0.819 90194.dat
1 71 -65.87 -48 278.17 -0.978733 0 -0.208425 0 1 0 0.208425 0 -0.978733 32828.dat
1 71 -16.73 -48 243.73 0.529865 0 0.848883 0 1 0 -0.848883 0 0.529865 32828.dat
1 71 -56.07 -64 222.45 0.58765 0 0.809998 0 1 0 -0.809998 0 0.58765 32828.dat
1 71 -72.45 -64 233.93 -0.961898 0 -0.27601 0 1 0 0.27601 0 -0.961898 32828.dat
1 272 -47.04 -64 252.76 0.819 0 0.574 0 1 0 -0.574 0 0.819 51739.dat
1 15 -41.3 -56 260.95 0.819 0 0.574 0 1 0 -0.574 0 0.819 3023.dat
1 15 -35.56 -48 269.14 -0.819 0 -0.574 0 1 0 0.574 0 -0.819 33909.dat
1 43 -41.3 -40 260.95 -0.819 0 -0.574 0 1 0 0.574 0 -0.819 3023.dat
1 43 -41.3 -32 260.95 -0.819 0 -0.574 0 1 0 0.574 0 -0.819 3023.dat
1 379 -58.52 -72 236.38 0.819 0 0.574 0 1 0 -0.574 0 0.819 90194.dat
1 272 -58.52 -80 236.38 0.819 0 0.574 0 1 0 -0.574 0 0.819 90194.dat
1 379 -58.52 -88 236.38 0.819 0 0.574 0 1 0 -0.574 0 0.819 90194.dat
1 272 -58.52 -96 236.38 0.819 0 0.574 0 1 0 -0.574 0 0.819 90194.dat
1 379 -58.52 -104 236.38 0.819 0 0.574 0 1 0 -0.574 0 0.819 90194.dat
1 272 -58.52 -112 236.38 0.819 0 0.574 0 1 0 -0.574 0 0.819 90194.dat
1 379 -58.52 -120 236.38 0.819 0 0.574 0 1 0 -0.574 0 0.819 51739.dat
1 272 -58.52 -128 236.38 0.819 0 0.574 0 1 0 -0.574 0 0.819 90194.dat
1 71 -65.87 -120 278.17 -0.978733 0 -0.208425 0 1 0 0.208425 0 -0.978733 32828.dat
1 71 -16.73 -120 243.73 0.529865 0 0.848883 0 1 0 -0.848883 0 0.529865 32828.dat
1 15 -41.3 -72 260.95 0.819 0 0.574 0 1 0 -0.574 0 0.819 3023.dat
1 15 -41.3 -80 260.95 0.819 0 0.574 0 1 0 -0.574 0 0.819 3023.dat
1 15 -41.3 -120 260.95 -0.819 0 -0.574 0 1 0 0.574 0 -0.819 22885.dat
1 15 -41.3 -128 260.95 0.819 0 0.574 0 1 0 -0.574 0 0.819 3023.dat
1 379 -47.04 -136 252.76 0.819 0 0.574 0 1 0 -0.574 0 0.819 51739.dat
1 71 -56.07 -136 222.45 0.58765 0 0.809998 0 1 0 -0.809998 0 0.58765 32828.dat
1 71 -72.45 -136 233.93 -0.961898 0 -0.27601 0 1 0 0.27601 0 -0.961898 32828.dat
1 272 -58.52 -144 236.38 0.819 0 0.574 0 1 0 -0.574 0 0.819 90194.dat
1 379 -58.52 -152 236.38 0.819 0 0.574 0 1 0 -0.574 0 0.819 90194.dat
1 272 -58.52 -160 236.38 0.819 0 0.574 0 1 0 -0.574 0 0.819 90194.dat
1 379 -58.52 -168 236.38 0.819 0 0.574 0 1 0 -0.574 0 0.819 90194.dat
1 272 -58.52 -176 236.38 0.819 0 0.574 0 1 0 -0.574 0 0.819 90194.dat
1 379 -58.52 -184 236.38 0.819 0 0.574 0 1 0 -0.574 0 0.819 51739.dat
1 272 -58.52 -192 236.38 0.819 0 0.574 0 1 0 -0.574 0 0.819 90194.dat
1 71 -65.87 -184 278.17 -0.978733 0 -0.208425 0 1 0 0.208425 0 -0.978733 32828.dat
1 71 -16.73 -184 243.73 0.529865 0 0.848883 0 1 0 -0.848883 0 0.529865 32828.dat
1 15 -41.3 -160 260.95 -0.819 0 -0.574 0 1 0 0.574 0 -0.819 11211.dat
1 15 -41.3 -184 260.95 -0.819 0 -0.574 0 1 0 0.574 0 -0.819 3004.dat
1 15 -41.3 -192 260.95 0.819 0 0.574 0 1 0 -0.574 0 0.819 3023.dat
1 379 -47.04 -200 252.76 0.819 0 0.574 0 1 0 -0.574 0 0.819 51739.dat
1 71 -56.07 -200 222.45 0.422254 0 0.906584 0 1 0 -0.906584 0 0.422254 32828.dat
1 71 -72.45 -200 233.93 -0.996254 0 -0.087584 0 1 0 0.087584 0 -0.996254 32828.dat
1 272 -58.52 -208 236.38 0.819 0 0.574 0 1 0 -0.574 0 0.819 90194.dat
1 15 -22.778 -170 269.952 0 -0.574 0.819 -1 0 0 0 -0.819 -0.574 34103.dat
1 15 -39.158 -170 281.432 0 -0.574 0.819 -1 0 0 0 -0.819 -0.574 34103.dat
1 15 -22.778 -120 269.952 0 -0.574 0.819 -1 0 0 0 -0.819 -0.574 15573.dat
1 15 -39.158 -120 281.432 0 -0.574 0.819 -1 0 0 0 -0.819 -0.574 15573.dat
1 15 -35.56 -80 269.14 -0.819 -0.574 0 0 0 -1 0.574 -0.819 0 30602.dat
1 15 -30.968 -130 275.692 -0.819 -0.574 0 0 0 -1 0.574 -0.819 0 30602.dat
1 15 -30.968 -170 275.692 0.819 -0.574 0 0 0 1 -0.574 -0.819 0 30602.dat
1 379 -58.52 -216 236.38 0.819 0 0.574 0 1 0 -0.574 0 0.819 51739.dat
1 272 -58.52 -224 236.38 0.819 0 0.574 0 1 0 -0.574 0 0.819 51739.dat
1 379 -58.52 -232 236.38 0.819 0 0.574 0 1 0 -0.574 0 0.819 51739.dat
1 272 -58.52 -240 236.38 0.819 0 0.574 0 1 0 -0.574 0 0.819 51739.dat
1 379 -58.52 -248 236.38 0.819 0 0.574 0 1 0 -0.574 0 0.819 51739.dat
1 272 -58.52 -256 236.38 0.819 0 0.574 0 1 0 -0.574 0 0.819 51739.dat
1 15 -41.3 -240 260.95 -0.819 0 -0.574 0 1 0 0.574 0 -0.819 22885.dat
1 15 -35.56 -220 269.14 0.819 -0.574 0 0 0 1 -0.574 -0.819 0 30602.dat
1 15 -41.3 -248 260.95 -0.819 0 -0.574 0 1 0 0.574 0 -0.819 3069.dat
1 272 -52.78 -264 244.57 -0.819 0 -0.574 0 1 0 0.574 0 -0.819 15573.dat
1 272 -64.26 -264 228.19 -0.819 0 -0.574 0 1 0 0.574 0 -0.819 15573.dat
1 15 -47.04 -272 252.76 0.574 0 -0.819 0 1 0 0.819 0 0.574 92593.dat
1 15 -64.26 -296 228.19 0.984851 0 -0.173215 0 1 0 0.173215 0 0.984851 3005.dat
1 15 -64.26 -320 228.19 0.984851 0 -0.173215 0 1 0 0.173215 0 0.984851 3005.dat
1 15 -83.93 -72 217.55 -0.819 0 0.574 0 -1 0 0.574 0 0.819 37762.dat
1 15 -83.93 -104 217.55 -0.819 0 0.574 0 -1 0 0.574 0 0.819 37762.dat
1 15 -83.93 -136 217.55 -0.819 0 0.574 0 -1 0 0.574 0 0.819 37762.dat
1 15 -83.93 -168 217.55 -0.819 0 0.574 0 -1 0 0.574 0 0.819 37762.dat
1 15 -83.93 -200 217.55 -0.819 0 0.574 0 -1 0 0.574 0 0.819 37762.dat
1 15 -83.93 -232 217.55 -0.819 0 0.574 0 -1 0 0.574 0 0.819 37762.dat
1 15 -83.93 -264 217.55 -0.819 0 0.574 0 -1 0 0.574 0 0.819 37762.dat
1 15 -83.93 -296 217.55 -0.819 0 0.574 0 -1 0 0.574 0 0.819 37762.dat
1 15 -83.93 -326 217.55 0.574 0 -0.819 0 1 0 0.819 0 0.574 11090.dat
1 15 -67.55 -72 206.07 -0.819 0 0.574 0 -1 0 0.574 0 0.819 37762.dat
1 15 -67.55 -104 206.07 -0.819 0 0.574 0 -1 0 0.574 0 0.819 37762.dat
1 15 -67.55 -136 206.07 -0.819 0 0.574 0 -1 0 0.574 0 0.819 37762.dat
1 15 -67.55 -168 206.07 -0.819 0 0.574 0 -1 0 0.574 0 0.819 37762.dat
1 15 -67.55 -200 206.07 -0.819 0 0.574 0 -1 0 0.574 0 0.819 37762.dat
1 15 -67.55 -232 206.07 -0.819 0 0.574 0 -1 0 0.574 0 0.819 37762.dat
1 15 -67.55 -264 206.07 -0.819 0 0.574 0 -1 0 0.574 0 0.819 37762.dat
1 15 -67.55 -296 206.07 -0.819 0 0.574 0 -1 0 0.574 0 0.819 37762.dat
1 15 -67.55 -326 206.07 0.574 0 -0.819 0 1 0 0.819 0 0.574 11090.dat
1 15 -64.26 -328 228.19 0.819 0 0.574 0 1 0 -0.574 0 0.819 61252.dat
1 15 -64.26 -336 228.19 0.819 0 0.574 0 1 0 -0.574 0 0.819 85861.dat
1 15 -100.31 -326 229.03 0 0.819 0.574 -1 0 0 0 -0.574 0.819 87994.dat
1 15 -92.3759 -198 235.6823 0.075873 0.043792 0.996254 0.5 -0.866 0 0.862792 0.498127 -0.087584 11090.dat
1 15 -91.0621 -223.981 250.6261 0.996254 -0.043792 0.075873 0 0.866 0.5 -0.087584 -0.498127 0.862792 37762.dat
1 15 -85.4336 -182 282.3369 0.006902 -0.20867 0.978733 -0.999 -0.035 0 0.034244 -0.97734 -0.208425 11090.dat
1 15 -91.6803 -183.047 253.0097 0.978733 0.20867 0.006902 0 0.035 -0.999 -0.208425 0.97734 0.034244 37762.dat
1 15 -85.4336 -118 282.3369 0.003451 -0.207851 0.978733 -1 -0.017 0 0.017122 -0.977914 -0.208425 11090.dat
1 15 -91.6836 -118.524 252.9962 0.978733 0.207851 0.003451 0 0.017 -1 -0.208425 0.977914 0.017122 37762.dat
1 15 -91.6746 -134 239.4518 0.157955 0.226177 0.961898 0.819 -0.574 0 0.551236 0.787983 -0.27601 11090.dat
1 15 -84.8905 -151.207 263.0739 0.961898 -0.226177 0.157955 0 0.574 0.819 -0.27601 -0.787983 0.551236 37762.dat
1 15 -91.6746 -62 239.4518 0.195636 0.195636 0.961898 0.707 -0.707 0 0.679931 0.679931 -0.27601 11090.dat
1 15 -85.8187 -83.213 259.8431 0.961898 -0.195636 0.195636 0 0.707 0.707 -0.27601 -0.679931 0.679931 37762.dat
1 15 -85.4336 -46 282.3369 -0.14763 0.14763 -0.978733 -0.707 -0.707 0 -0.691593 0.691593 0.208425 11090.dat
1 15 -47.6241 -198 204.3177 -0.785127 0.453292 -0.422254 -0.5 -0.866 0 -0.365708 0.211127 0.906584 11090.dat
1 15 -34.0253 -223.981 210.6516 0.422254 -0.453292 0.785127 0 0.866 0.5 -0.906584 -0.211127 0.365708 37762.dat
1 15 -6.138 -182 226.7622 -0.029834 -0.84749 -0.529865 0.999 -0.035 0 -0.018172 -0.52962 0.848883 11090.dat
1 15 -31.5739 -183.047 210.8838 0.529865 0.84749 0.029834 0 0.035 -0.999 -0.848883 0.52962 0.018172 37762.dat
1 15 -6.138 -118 226.7622 -0.014917 -0.848309 -0.529865 1 -0.017 0 -0.009086 -0.529046 0.848883 11090.dat
1 15 -31.5854 -118.524 210.8761 0.529865 0.848309 0.014917 0 0.017 -1 -0.848883 0.529046 0.009086 37762.dat
1 15 -44.32 -134 206.2632 -0.464261 0.663523 -0.58765 -0.819 -0.574 0 -0.33656 0.481467 0.809998 11090.dat
1 15 -24.4303 -151.207 220.7 0.58765 -0.663523 0.464261 0 0.574 0.819 -0.809998 -0.481467 0.33656 37762.dat
1 15 -44.32 -62 206.2632 -0.572376 0.572376 -0.58765 -0.707 -0.707 0 -0.415891 0.415891 0.809998 11090.dat
1 15 -27.1505 -83.213 218.7252 0.58765 -0.572376 0.572376 0 0.707 0.707 -0.809998 -0.415891 0.415891 37762.dat
1 15 -6.138 -46 226.7622 -0.599718 0.599718 -0.529865 -0.707 -0.707 0 -0.374745 0.374745 0.848883 11090.dat
1 15 -96.215 -326 226.16 0.405818 0.405818 -0.819 -0.707 0.707 0 0.579033 0.579033 0.574 11090.dat
1 15 -55.265 -326 197.46 0.405818 0.405818 -0.819 -0.707 0.707 0 0.579033 0.579033 0.574 11090.dat
1 15 -43.0887 -304.787 214.8335 -0.819 -0.405818 0.405818 0 -0.707 -0.707 0.574 -0.579033 0.579033 37762.dat
1 15 -84.0387 -304.787 243.5334 -0.819 -0.405818 0.405818 0 -0.707 -0.707 0.574 -0.579033 0.579033 37762.dat
1 15 -29.82 -280 277.33 0.574 0 -0.819 0 1 0 0.819 0 0.574 14769.dat
1 15 -64.26 -392 228.19 0.574 0 -0.819 0 1 0 0.819 0 0.574 87994.dat
1 71 -121.547 -48 80 1 0 0 0 1 0 0 0 1 4032.dat
1 43 -101.547 -40 70 1 0 0 0 1 0 0 0 1 3023.dat
1 43 -101.547 -40 90 1 0 0 0 1 0 0 0 1 3023.dat
1 43 -131.547 -40 70 1 0 0 0 1 0 0 0 1 6141.dat
1 43 -131.547 -40 90 1 0 0 0 1 0 0 0 1 6141.dat
1 71 -91.547 -48 80 0 0 -1 0 1 0 1 0 0 3023.dat
1 43 -101.547 -56 70 1 0 0 0 1 0 0 0 1 3023.dat
1 43 -101.547 -56 90 1 0 0 0 1 0 0 0 1 3023.dat
1 43 -131.547 -56 70 1 0 0 0 1 0 0 0 1 6141.dat
1 43 -131.547 -56 90 1 0 0 0 1 0 0 0 1 6141.dat
1 72 -121.547 -64 80 1 0 0 0 1 0 0 0 1 4032.dat
1 72 -121.547 -72 80 1 0 0 0 1 0 0 0 1 4032.dat
1 72 -121.547 -80 80 1 0 0 0 1 0 0 0 1 4032.dat
1 72 -91.547 -80 80 0 0 -1 0 1 0 1 0 0 32064.dat
1 43 -101.547 -88 70 1 0 0 0 1 0 0 0 1 3023.dat
1 43 -101.547 -88 90 1 0 0 0 1 0 0 0 1 3023.dat
1 43 -131.547 -88 70 1 0 0 0 1 0 0 0 1 6141.dat
1 43 -131.547 -88 90 1 0 0 0 1 0 0 0 1 6141.dat
1 71 -121.547 -96 80 1 0 0 0 1 0 0 0 1 4032.dat
1 71 -91.547 -96 80 0 0 -1 0 1 0 1 0 0 3023.dat
1 43 -101.547 -104 70 1 0 0 0 1 0 0 0 1 3023.dat
1 43 -101.547 -104 90 1 0 0 0 1 0 0 0 1 3023.dat
1 43 -131.547 -104 70 1 0 0 0 1 0 0 0 1 6141.dat
1 43 -131.547 -104 90 1 0 0 0 1 0 0 0 1 6141.dat
1 71 -121.547 -112 80 1 0 0 0 1 0 0 0 1 4032.dat
1 71 -91.547 -112 80 0 0 -1 0 1 0 1 0 0 3023.dat
1 43 -101.547 -120 70 1 0 0 0 1 0 0 0 1 3023.dat
1 43 -101.547 -120 90 1 0 0 0 1 0 0 0 1 3023.dat
1 43 -131.547 -120 70 1 0 0 0 1 0 0 0 1 6141.dat
1 43 -131.547 -120 90 1 0 0 0 1 0 0 0 1 6141.dat
1 71 -121.547 -128 80 1 0 0 0 1 0 0 0 1 4032.dat
1 71 -91.547 -128 80 0 0 -1 0 1 0 1 0 0 3023.dat
1 43 -101.547 -136 70 1 0 0 0 1 0 0 0 1 3023.dat
1 43 -101.547 -136 90 1 0 0 0 1 0 0 0 1 3023.dat
1 43 -131.547 -136 70 1 0 0 0 1 0 0 0 1 6141.dat
1 43 -131.547 -136 90 1 0 0 0 1 0 0 0 1 6141.dat
1 72 -91.547 -160 80 0 0 -1 0 1 0 1 0 0 32064.dat
1 72 -121.547 -144 80 1 0 0 0 1 0 0 0 1 4032.dat
1 72 -121.547 -152 80 1 0 0 0 1 0 0 0 1 4032.dat
1 72 -111.547 -160 80 0 0 -1 0 1 0 1 0 0 3023.dat
1 72 -131.547 -160 90 -1 0 0 0 1 0 0 0 -1 25269.dat
1 72 -131.547 -160 70 0 0 1 0 1 0 -1 0 0 25269.dat
1 43 -111.547 -168 70 1 0 0 0 1 0 0 0 1 6141.dat
1 43 -111.547 -168 90 1 0 0 0 1 0 0 0 1 6141.dat
1 43 -91.547 -168 80 0 0 1 0 1 0 -1 0 0 3023.dat
1 71 -101.547 -176 80 1 0 0 0 1 0 0 0 1 4032.dat
1 43 -111.547 -184 70 1 0 0 0 1 0 0 0 1 6141.dat
1 43 -111.547 -184 90 1 0 0 0 1 0 0 0 1 6141.dat
1 43 -91.547 -184 80 0 0 1 0 1 0 -1 0 0 3023.dat
1 71 -101.547 -192 80 1 0 0 0 1 0 0 0 1 4032.dat
1 43 -111.547 -200 70 1 0 0 0 1 0 0 0 1 6141.dat
1 43 -111.547 -200 90 1 0 0 0 1 0 0 0 1 6141.dat
1 43 -91.547 -200 80 0 0 1 0 1 0 -1 0 0 3023.dat
1 71 -101.547 -208 80 1 0 0 0 1 0 0 0 1 4032.dat
1 43 -111.547 -216 70 1 0 0 0 1 0 0 0 1 6141.dat
1 43 -111.547 -216 90 1 0 0 0 1 0 0 0 1 6141.dat
1 43 -91.547 -216 80 0 0 1 0 1 0 -1 0 0 3023.dat
1 72 -101.547 -224 80 1 0 0 0 1 0 0 0 1 4032.dat
1 72 -101.547 -232 80 1 0 0 0 1 0 0 0 1 4032.dat
1 43 -111.547 -240 70 1 0 0 0 1 0 0 0 1 6141.dat
1 43 -111.547 -240 90 1 0 0 0 1 0 0 0 1 6141.dat
1 43 -91.547 -240 80 0 0 1 0 1 0 -1 0 0 3023.dat
1 71 -111.547 -248 70 0 0 1 0 1 0 -1 0 0 25269.dat
1 71 -111.547 -248 90 -1 0 0 0 1 0 0 0 -1 25269.dat
1 71 -91.547 -248 80 0 0 1 0 1 0 -1 0 0 35480.dat
1 43 -91.547 -256 90 1 0 0 0 1 0 0 0 1 6141.dat
1 43 -91.547 -256 70 1 0 0 0 1 0 0 0 1 6141.dat
1 71 -70 -150 80 0 0 -1 0 1 0 1 0 0 57585.dat
1 71 -70 -70 80 0 0 -1 0 1 0 1 0 0 57585.dat
1 0 -70 -140 80 0 0 -1 1 0 0 0 -1 0 32062.dat
1 71 -70 -120 80 -1 0 0 0 0 -1 0 -1 0 59443.dat
1 72 -70 -63 80 0 0 -1 1 0 0 0 -1 0 59426.dat
1 71 -44.225 -48 124.641 -0.5 0 0.866 0 1 0 -0.866 0 -0.5 4032.dat
1 43 -62.885 -40 112.321 -0.5 0 0.866 0 1 0 -0.866 0 -0.5 3023.dat
1 43 -45.565 -40 102.321 -0.5 0 0.866 0 1 0 -0.866 0 -0.5 3023.dat
1 43 -47.885 -40 138.301 -0.5 0 0.866 0 1 0 -0.866 0 -0.5 6141.dat
1 43 -30.565 -40 128.301 -0.5 0 0.866 0 1 0 -0.866 0 -0.5 6141.dat
1 71 -59.225 -48 98.661 0.866 0 0.5 0 1 0 -0.5 0 0.866 3023.dat
1 43 -62.885 -56 112.321 -0.5 0 0.866 0 1 0 -0.866 0 -0.5 3023.dat
1 43 -45.565 -56 102.321 -0.5 0 0.866 0 1 0 -0.866 0 -0.5 3023.dat
1 43 -47.885 -56 138.301 -0.5 0 0.866 0 1 0 -0.866 0 -0.5 6141.dat
1 43 -30.565 -56 128.301 -0.5 0 0.866 0 1 0 -0.866 0 -0.5 6141.dat
1 72 -44.225 -64 124.641 -0.5 0 0.866 0 1 0 -0.866 0 -0.5 4032.dat
1 72 -44.225 -72 124.641 -0.5 0 0.866 0 1 0 -0.866 0 -0.5 4032.dat
1 72 -59.225 -80 98.661 0.866 0 0.5 0 1 0 -0.5 0 0.866 32064.dat
1 72 -47.885 -80 138.301 -0.866 0 -0.5 0 1 0 0.5 0 -0.866 25269.dat
1 72 -30.565 -80 128.301 0.5 0 -0.866 0 1 0 0.866 0 0.5 25269.dat
1 72 -49.225 -80 115.981 0.866 0 0.5 0 1 0 -0.5 0 0.866 3023.dat
1 43 -57.885 -88 120.981 -0.5 0 0.866 0 1 0 -0.866 0 -0.5 6141.dat
1 43 -40.565 -88 110.981 -0.5 0 0.866 0 1 0 -0.866 0 -0.5 6141.dat
1 43 -59.225 -88 98.661 -0.866 0 -0.5 0 1 0 0.5 0 -0.866 3023.dat
1 71 -54.225 -96 107.321 -0.5 0 0.866 0 1 0 -0.866 0 -0.5 4032.dat
1 43 -57.885 -104 120.981 -0.5 0 0.866 0 1 0 -0.866 0 -0.5 6141.dat
1 43 -40.565 -104 110.981 -0.5 0 0.866 0 1 0 -0.866 0 -0.5 6141.dat
1 43 -59.225 -104 98.661 -0.866 0 -0.5 0 1 0 0.5 0 -0.866 3023.dat
1 71 -54.225 -112 107.321 -0.5 0 0.866 0 1 0 -0.866 0 -0.5 4032.dat
1 43 -57.885 -120 120.981 -0.5 0 0.866 0 1 0 -0.866 0 -0.5 6141.dat
1 43 -40.565 -120 110.981 -0.5 0 0.866 0 1 0 -0.866 0 -0.5 6141.dat
1 43 -59.225 -120 98.661 -0.866 0 -0.5 0 1 0 0.5 0 -0.866 3023.dat
1 71 -54.225 -128 107.321 -0.5 0 0.866 0 1 0 -0.866 0 -0.5 4032.dat
1 43 -57.885 -136 120.981 -0.5 0 0.866 0 1 0 -0.866 0 -0.5 6141.dat
1 43 -40.565 -136 110.981 -0.5 0 0.866 0 1 0 -0.866 0 -0.5 6141.dat
1 43 -59.225 -136 98.661 -0.866 0 -0.5 0 1 0 0.5 0 -0.866 3023.dat
1 72 -59.225 -160 98.661 0.866 0 0.5 0 1 0 -0.5 0 0.866 32064.dat
1 72 -49.225 -144 115.981 0.866 0 0.5 0 1 0 -0.5 0 0.866 35480.dat
1 72 -49.225 -152 115.981 0.866 0 0.5 0 1 0 -0.5 0 0.866 35480.dat
1 72 -49.225 -160 115.981 0.866 0 0.5 0 1 0 -0.5 0 0.866 35480.dat
1 43 -57.885 -168 120.981 -0.5 0 0.866 0 1 0 -0.866 0 -0.5 6141.dat
1 43 -40.565 -168 110.981 -0.5 0 0.866 0 1 0 -0.866 0 -0.5 6141.dat
1 43 -59.225 -168 98.661 -0.866 0 -0.5 0 1 0 0.5 0 -0.866 3023.dat
1 71 -57.885 -176 120.981 -0.866 0 -0.5 0 1 0 0.5 0 -0.866 25269.dat
1 71 -40.565 -176 110.981 0.5 0 -0.866 0 1 0 0.866 0 0.5 25269.dat
1 71 -59.225 -176 98.661 -0.866 0 -0.5 0 1 0 0.5 0 -0.866 3023.dat
1 43 -50.565 -184 93.661 -0.5 0 0.866 0 1 0 -0.866 0 -0.5 6141.dat
1 43 -67.885 -184 103.661 -0.5 0 0.866 0 1 0 -0.866 0 -0.5 6141.dat
1 71 -59.225 -192 98.661 0.866 0 0.5 0 1 0 -0.5 0 0.866 35480.dat
1 43 -67.885 -200 103.661 -0.5 0 0.866 0 1 0 -0.866 0 -0.5 6141.dat
1 43 -50.565 -200 93.661 -0.5 0 0.866 0 1 0 -0.866 0 -0.5 6141.dat
1 71 -59.225 -208 98.661 0.866 0 0.5 0 1 0 -0.5 0 0.866 35480.dat
1 43 -67.885 -216 103.661 -0.5 0 0.866 0 1 0 -0.866 0 -0.5 6141.dat
1 43 -50.565 -216 93.661 -0.5 0 0.866 0 1 0 -0.866 0 -0.5 6141.dat
1 72 -59.225 -224 98.661 0.866 0 0.5 0 1 0 -0.5 0 0.866 35480.dat
1 72 -59.225 -232 98.661 0.866 0 0.5 0 1 0 -0.5 0 0.866 35480.dat
1 43 -67.885 -240 103.661 -0.5 0 0.866 0 1 0 -0.866 0 -0.5 6141.dat
1 43 -50.565 -240 93.661 -0.5 0 0.866 0 1 0 -0.866 0 -0.5 6141.dat
1 71 -59.225 -248 98.661 0.866 0 0.5 0 1 0 -0.5 0 0.866 35480.dat
1 43 -50.565 -256 93.661 -0.5 0 0.866 0 1 0 -0.866 0 -0.5 6141.dat
1 43 -67.885 -256 103.661 -0.5 0 0.866 0 1 0 -0.866 0 -0.5 6141.dat
1 71 -44.228 -48 35.358 -0.5 0 -0.866 0 1 0 0.866 0 -0.5 4032.dat
1 43 -45.568 -40 57.678 -0.5 0 -0.866 0 1 0 0.866 0 -0.5 3023.dat
1 43 -62.888 -40 47.678 -0.5 0 -0.866 0 1 0 0.866 0 -0.5 3023.dat
1 43 -30.568 -40 31.698 -0.5 0 -0.866 0 1 0 0.866 0 -0.5 6141.dat
1 43 -47.888 -40 21.698 -0.5 0 -0.866 0 1 0 0.866 0 -0.5 6141.dat
1 71 -59.228 -48 61.338 -0.866 0 0.5 0 1 0 -0.5 0 -0.866 3023.dat
1 43 -45.568 -56 57.678 -0.5 0 -0.866 0 1 0 0.866 0 -0.5 3023.dat
1 43 -62.888 -56 47.678 -0.5 0 -0.866 0 1 0 0.866 0 -0.5 3023.dat
1 43 -30.568 -56 31.698 -0.5 0 -0.866 0 1 0 0.866 0 -0.5 6141.dat
1 43 -47.888 -56 21.698 -0.5 0 -0.866 0 1 0 0.866 0 -0.5 6141.dat
1 72 -44.228 -64 35.358 -0.5 0 -0.866 0 1 0 0.866 0 -0.5 4032.dat
1 72 -44.228 -72 35.358 -0.5 0 -0.866 0 1 0 0.866 0 -0.5 4032.dat
1 72 -44.228 -80 35.358 -0.5 0 -0.866 0 1 0 0.866 0 -0.5 4032.dat
1 72 -59.228 -80 61.338 -0.866 0 0.5 0 1 0 -0.5 0 -0.866 32064.dat
1 43 -45.568 -88 57.678 -0.5 0 -0.866 0 1 0 0.866 0 -0.5 3023.dat
1 43 -62.888 -88 47.678 -0.5 0 -0.866 0 1 0 0.866 0 -0.5 3023.dat
1 43 -30.568 -88 31.698 -0.5 0 -0.866 0 1 0 0.866 0 -0.5 6141.dat
1 43 -47.888 -88 21.698 -0.5 0 -0.866 0 1 0 0.866 0 -0.5 6141.dat
1 71 -59.228 -96 61.338 -0.866 0 0.5 0 1 0 -0.5 0 -0.866 3023.dat
1 71 -49.228 -96 44.018 -0.866 0 0.5 0 1 0 -0.5 0 -0.866 3023.dat
1 71 -47.888 -96 21.698 0.5 0 0.866 0 1 0 -0.866 0 0.5 25269.dat
1 71 -30.568 -96 31.698 0.866 0 -0.5 0 1 0 0.5 0 0.866 25269.dat
1 43 -40.568 -104 49.018 -0.5 0 -0.866 0 1 0 0.866 0 -0.5 6141.dat
1 43 -57.888 -104 39.018 -0.5 0 -0.866 0 1 0 0.866 0 -0.5 6141.dat
1 43 -59.228 -104 61.338 0.866 0 -0.5 0 1 0 0.5 0 0.866 3023.dat
1 71 -54.228 -112 52.678 -0.5 0 -0.866 0 1 0 0.866 0 -0.5 4032.dat
1 43 -40.568 -120 49.018 -0.5 0 -0.866 0 1 0 0.866 0 -0.5 6141.dat
1 43 -57.888 -120 39.018 -0.5 0 -0.866 0 1 0 0.866 0 -0.5 6141.dat
1 43 -59.228 -120 61.338 0.866 0 -0.5 0 1 0 0.5 0 0.866 3023.dat
1 71 -54.228 -128 52.678 -0.5 0 -0.866 0 1 0 0.866 0 -0.5 4032.dat
1 43 -40.568 -136 49.018 -0.5 0 -0.866 0 1 0 0.866 0 -0.5 6141.dat
1 43 -57.888 -136 39.018 -0.5 0 -0.866 0 1 0 0.866 0 -0.5 6141.dat
1 43 -59.228 -136 61.338 0.866 0 -0.5 0 1 0 0.5 0 0.866 3023.dat
1 72 -59.228 -160 61.338 -0.866 0 0.5 0 1 0 -0.5 0 -0.866 32064.dat
1 72 -49.228 -144 44.018 -0.866 0 0.5 0 1 0 -0.5 0 -0.866 35480.dat
1 72 -49.228 -152 44.018 -0.866 0 0.5 0 1 0 -0.5 0 -0.866 35480.dat
1 72 -49.228 -160 44.018 -0.866 0 0.5 0 1 0 -0.5 0 -0.866 35480.dat
1 43 -40.568 -168 49.018 -0.5 0 -0.866 0 1 0 0.866 0 -0.5 6141.dat
1 43 -57.888 -168 39.018 -0.5 0 -0.866 0 1 0 0.866 0 -0.5 6141.dat
1 43 -59.228 -168 61.338 0.866 0 -0.5 0 1 0 0.5 0 0.866 3023.dat
1 71 -54.228 -176 52.678 -0.5 0 -0.866 0 1 0 0.866 0 -0.5 4032.dat
1 43 -40.568 -184 49.018 -0.5 0 -0.866 0 1 0 0.866 0 -0.5 6141.dat
1 43 -57.888 -184 39.018 -0.5 0 -0.866 0 1 0 0.866 0 -0.5 6141.dat
1 43 -59.228 -184 61.338 0.866 0 -0.5 0 1 0 0.5 0 0.866 3023.dat
1 71 -54.228 -192 52.678 -0.5 0 -0.866 0 1 0 0.866 0 -0.5 4032.dat
1 43 -40.568 -200 49.018 -0.5 0 -0.866 0 1 0 0.866 0 -0.5 6141.dat
1 43 -57.888 -200 39.018 -0.5 0 -0.866 0 1 0 0.866 0 -0.5 6141.dat
1 43 -59.228 -200 61.338 0.866 0 -0.5 0 1 0 0.5 0 0.866 3023.dat
1 71 -54.228 -208 52.678 -0.5 0 -0.866 0 1 0 0.866 0 -0.5 4032.dat
1 43 -40.568 -216 49.018 -0.5 0 -0.866 0 1 0 0.866 0 -0.5 6141.dat
1 43 -57.888 -216 39.018 -0.5 0 -0.866 0 1 0 0.866 0 -0.5 6141.dat
1 43 -59.228 -216 61.338 0.866 0 -0.5 0 1 0 0.5 0 0.866 3023.dat
1 72 -54.228 -224 52.678 -0.5 0 -0.866 0 1 0 0.866 0 -0.5 4032.dat
1 72 -59.228 -232 61.338 -0.866 0 0.5 0 1 0 -0.5 0 -0.866 3023.dat
1 72 -40.568 -232 49.018 0.866 0 -0.5 0 1 0 0.5 0 0.866 25269.dat
1 72 -57.888 -232 39.018 0.5 0 0.866 0 1 0 -0.866 0 0.5 25269.dat
1 43 -67.888 -240 56.338 -0.5 0 -0.866 0 1 0 0.866 0 -0.5 6141.dat
1 43 -50.568 -240 66.338 -0.5 0 -0.866 0 1 0 0.866 0 -0.5 6141.dat
1 71 -59.228 -248 61.338 0.866 0 -0.5 0 1 0 0.5 0 0.866 35480.dat
1 43 -67.888 -256 56.338 -0.5 0 -0.866 0 1 0 0.866 0 -0.5 6141.dat
1 43 -50.568 -256 66.338 -0.5 0 -0.866 0 1 0 0.866 0 -0.5 6141.dat
1 71 -111.547 -18 96 0 0 -1 -1 0 0 0 1 0 3024.dat
1 71 -121.547 -18 88 1 0 0 0 0 -1 0 1 0 3023.dat
1 71 -151.547 -18 88 0 0 1 1 0 0 0 1 0 24201.dat
1 71 -141.547 -18 80 1 0 0 0 0 -1 0 1 0 3023.dat
1 71 -111.547 -18 80 -1 0 0 0 0 1 0 1 0 36841.dat
1 72 -111.547 -18 72 -1 0 0 0 0 1 0 1 0 36840.dat
1 71 -131.547 -18 56 0 0 1 1 0 0 0 1 0 50950.dat
1 71 -63.084 -18 36.018 0 -0.866 0.5 -1 0 0 0 -0.5 -0.866 3024.dat
1 71 -51.156 -18 31.358 -0.5 -0.866 0 0 0 -1 0.866 -0.5 0 3023.dat
1 71 -36.156 -18 5.378 0 -0.866 -0.5 1 0 0 0 -0.5 0.866 24201.dat
1 71 -34.228 -18 18.038 -0.5 -0.866 0 0 0 -1 0.866 -0.5 0 3023.dat
1 71 -49.228 -18 44.018 0.5 -0.866 0 0 0 1 -0.866 -0.5 0 36841.dat
1 72 -42.3 -18 48.018 0.5 -0.866 0 0 0 1 -0.866 -0.5 0 36840.dat
1 71 -18.444 -18 38.698 0 -0.866 -0.5 1 0 0 0 -0.5 0.866 50950.dat
1 71 -35.369 -18 107.981 0 0.866 0.5 -1 0 0 0 -0.5 0.866 3024.dat
1 71 -37.297 -18 120.641 -0.5 0.866 0 0 0 -1 -0.866 -0.5 0 3023.dat
1 71 -22.297 -18 146.621 0 0.866 -0.5 1 0 0 0 -0.5 -0.866 24201.dat
1 71 -34.225 -18 141.961 -0.5 0.866 0 0 0 -1 -0.866 -0.5 0 3023.dat
1 71 -49.225 -18 115.981 0.5 0.866 0 0 0 1 0.866 -0.5 0 36841.dat
1 72 -56.153 -18 119.981 0.5 0.866 0 0 0 1 0.866 -0.5 0 36840.dat
1 71 -60.009 -18 145.301 0 0.866 -0.5 1 0 0 0 -0.5 -0.866 50950.dat
1 71 -81.5465 -264 99.9997 0 0 -0.999956 0 1 0 0.999956 0 0 2429.dat
1 71 -81.5465 -264 99.9997 0.866 0 0.5 0 1 0 -0.5 0 0.866 2430.dat
1 43 -91.5461 -272 90.0001 0.866 0 0.5 0 1 0 -0.5 0 0.866 6141.dat
1 43 -91.5466 -272 70.0002 0.866 0 0.5 0 1 0 -0.5 0 0.866 6141.dat
1 43 -67.8865 -272 103.6597 0.866 0 0.5 0 1 0 -0.5 0 0.866 6141.dat
1 43 -50.5665 -272 93.6597 0.866 0 0.5 0 1 0 -0.5 0 0.866 6141.dat
1 71 -91.5466 -280 79.9997 0 0 0.999956 0 1 0 -0.999956 0 0 3023.dat
1 71 -46.9065 -280 79.9997 0.866 0 0.5 0 1 0 -0.5 0 0.866 2429.dat
1 71 -46.9065 -280 79.9997 -0.866 0 0.499956 0 1 0 -0.499956 0 -0.866 2430.dat
1 43 -50.5669 -272 66.3401 0.866 0 0.5 0 1 0 -0.5 0 0.866 6141.dat
1 43 -67.8874 -272 56.3402 0.866 0 0.5 0 1 0 -0.5 0 0.866 6141.dat
1 71 -59.2274 -264 61.3397 -0.866 0 0.499956 0 1 0 -0.499956 0 -0.866 3023.dat
1 43 -50.5669 -288 66.3401 0.866 0 0.5 0 1 0 -0.5 0 0.866 6141.dat
1 43 -67.8874 -288 56.3402 0.866 0 0.5 0 1 0 -0.5 0 0.866 6141.dat
1 43 -91.5466 -288 70.0002 0.866 0 0.5 0 1 0 -0.5 0 0.866 6141.dat
1 43 -91.5461 -288 90.0001 0.866 0 0.5 0 1 0 -0.5 0 0.866 6141.dat
1 43 -50.5665 -288 93.6597 0.866 0 0.5 0 1 0 -0.5 0 0.866 6141.dat
1 43 -67.8865 -288 103.6597 0.866 0 0.5 0 1 0 -0.5 0 0.866 6141.dat
1 71 -59.2265 -296 98.6597 0.866 0 0.5 0 1 0 -0.5 0 0.866 3023.dat
1 71 -81.547 -296 60.0006 -0.866 0 0.499956 0 1 0 -0.499956 0 -0.866 2429.dat
1 71 -81.547 -296 60.0006 0 0 -0.999956 0 1 0 0.999956 0 0 2430.dat
1 43 -50.5665 -304 93.6597 0.866 0 0.5 0 1 0 -0.5 0 0.866 6141.dat
