0 Main
0 Name: 71200 - LEGO Dimensions Starter Pack - B.mpd
0 Author: LTRON
1 179 -60 -8 -190 1 0 0 0 1 0 0 0 1 2412.dat
1 179 -60 -8 190 1 0 0 0 1 0 0 0 1 2412.dat
1 322 -20 -8 -190 1 0 0 0 1 0 0 0 1 3069.dat
1 322 -100 -8 -190 1 0 0 0 1 0 0 0 1 3069.dat
1 322 -100 -8 190 1 0 0 0 1 0 0 0 1 3069.dat
1 322 -20 -8 190 1 0 0 0 1 0 0 0 1 3069.dat
1 322 -110 -8 220 0 0 1 0 1 0 -1 0 0 3069.dat
1 322 -110 -8 -220 0 0 1 0 1 0 -1 0 0 3069.dat
1 272 -110 -24 -130 1 0 0 0 1 0 0 0 1 3675.dat
1 272 -110 -24 130 0 0 -1 0 1 0 1 0 0 3675.dat
1 72 -110 -24 -110 0 0 -1 0 1 0 1 0 0 60477.dat
1 72 -110 -24 110 0 0 -1 0 1 0 1 0 0 60477.dat
1 71 -50 -8 140 0 0 -1 0 1 0 1 0 0 88072.dat
1 71 -110 -24 -90 0 0 1 0 1 0 -1 0 0 60476.dat
1 71 -110 -24 90 0 0 1 0 1 0 -1 0 0 60476.dat
1 272 -90 -24 -90 0 0 1 0 1 0 -1 0 0 3005.dat
1 272 -90 -24 90 0 0 1 0 1 0 -1 0 0 3005.dat
1 322 -70 -24 90 0 0 -1 0 1 0 1 0 0 4286.dat
1 322 -70 -24 -90 0 0 -1 0 1 0 1 0 0 4286.dat
1 71 -100 -24 -60 0 0 -1 0 1 0 1 0 0 3003.dat
1 71 -100 -24 60 0 0 -1 0 1 0 1 0 0 3003.dat
1 71 -110 -24 0 0 0 -1 0 1 0 1 0 0 3701.dat
1 272 -90 -8 0 0 0 -1 0 1 0 1 0 0 3710.dat
1 272 -60 -8 10 1 0 0 0 1 0 0 0 1 2412.dat
1 272 -60 -8 -10 1 0 0 0 1 0 0 0 1 2412.dat
1 43 -90 -8 30 0 0 -1 0 1 0 1 0 0 54200.dat
1 43 -90 -8 -30 0 0 -1 0 1 0 1 0 0 54200.dat
1 43 -60 -24 -30 1 0 0 0 1 0 0 0 1 4865.dat
1 43 -60 -24 30 -1 0 0 0 1 0 0 0 -1 4865.dat
1 272 -110 -40 10 0 0 -1 0 1 0 1 0 0 6091.dat
1 272 -110 -40 -10 0 0 -1 0 1 0 1 0 0 6091.dat
1 71 -70 -24 -70 0 0 -1 0 1 0 1 0 0 3045.dat
1 71 -70 -24 70 1 0 0 0 1 0 0 0 1 3045.dat
1 322 0 -8 -90 -1 0 0 0 1 0 0 0 -1 3069.dat
1 322 0 -8 90 -1 0 0 0 1 0 0 0 -1 3069.dat
1 322 70 -8 80 0 0 -1 0 1 0 1 0 0 3069.dat
1 322 70 -8 -80 0 0 -1 0 1 0 1 0 0 3069.dat
1 179 40 -8 -90 1 0 0 0 1 0 0 0 1 2412.dat
1 179 40 -8 90 1 0 0 0 1 0 0 0 1 2412.dat
1 272 100 -8 -10 1 0 0 0 1 0 0 0 1 2412.dat
1 272 100 -8 10 1 0 0 0 1 0 0 0 1 2412.dat
1 43 20 -24 -30 1 0 0 0 1 0 0 0 1 62360.dat
1 43 20 -24 30 -1 0 0 0 1 0 0 0 -1 62360.dat
1 43 100 -24 -30 1 0 0 0 1 0 0 0 1 4865.dat
1 43 100 -24 30 -1 0 0 0 1 0 0 0 -1 4865.dat
1 71 -90 -32 -80 0 0 -1 0 1 0 1 0 0 2419.dat
1 71 -90 -32 80 0 0 -1 0 1 0 1 0 0 2419.dat
1 72 -110 -40 0 0 0 -1 0 1 0 1 0 0 4477.dat
1 272 -110 -32 -110 1 0 0 0 1 0 0 0 1 54200.dat
1 272 -110 -32 110 -1 0 0 0 1 0 0 0 -1 54200.dat
1 0 -130 -14 20 1 0 0 0 -1 0 0 0 -1 6553.dat
1 0 -130 -14 20 -1 0 0 0 1 0 0 0 -1 18651.dat
1 71 -145 -14 20 0 -1 0 -1 0 0 0 0 -1 6632.dat
1 71 -155 -14 20 0 -1 0 -1 0 0 0 0 -1 6632.dat
1 0 -130 -14 -20 -1 0 0 0 1 0 0 0 -1 18651.dat
1 0 -130 -14 -20 1 0 0 0 -1 0 0 0 -1 6553.dat
1 71 -130 -14 90 0 0.707 -0.707 0 0.707 0.707 1 0 0 98397.dat
1 71 -130 -14 -90 0 0.707 -0.707 0 0.707 0.707 1 0 0 98397.dat
1 272 -120 -308.853 0 0 -1 0 0 0 1 -1 0 0 3020.dat
1 0 -112 -318.853 0 0 -1 0 0 0 1 -1 0 0 2540.dat
1 0 -112 -298.853 0 0 -1 0 0 0 -1 1 0 0 2540.dat
1 322 -112 -268.853 40 0 -1 0 1 0 0 0 0 1 15706.dat
1 322 -112 -268.853 -40 0 -1 0 0.707 0 -0.707 0.707 0 0.707 15706.dat
1 71 -120 -275.924 -89.497 0 -1 0 0.707 0 0.707 -0.707 0 0.707 3021.dat
1 71 -120 -275.924 89.497 0 -1 0 -0.707 0 0.707 -0.707 0 -0.707 3021.dat
1 0 -112 -275.924 -89.497 0 -1 0 -0.707 0 0.707 -0.707 0 -0.707 18649.dat
1 0 -112 -275.924 89.497 0 -1 0 -0.707 0 -0.707 0.707 0 -0.707 18649.dat
1 322 -112 -226.427 82.426 0 -1 0 0.707 0 0.707 -0.707 0 0.707 15706.dat
1 322 -112 -226.427 -82.426 0 -1 0 0 0 -1 1 0 0 15706.dat
1 71 -120 -196.427 -122.426 0 -1 0 -1 0 0 0 0 -1 3021.dat
1 71 -120 -196.427 122.426 0 -1 0 -1 0 0 0 0 -1 3021.dat
1 0 -112 -196.427 122.426 0 -1 0 0 0 -1 1 0 0 18649.dat
1 0 -112 -196.427 -122.426 0 -1 0 0 0 -1 1 0 0 18649.dat
1 322 -112 -166.427 -82.426 0 -1 0 -0.707 0 -0.707 0.707 0 -0.707 15706.dat
1 322 -112 -166.427 82.426 0 -1 0 0 0 1 -1 0 0 15706.dat
1 71 -120 -116.929 -89.497 0 -1 0 -0.707 0 0.707 -0.707 0 -0.707 3021.dat
1 71 -120 -116.929 89.498 0 -1 0 -0.707 0 -0.707 0.707 0 -0.707 3021.dat
1 0 -112 -116.929 89.498 0 -1 0 -0.707 0 0.707 -0.707 0 -0.707 18649.dat
1 0 -112 -116.929 -89.497 0 -1 0 -0.707 0 -0.707 0.707 0 -0.707 18649.dat
1 322 -112 -124 -40 0 -1 0 -1 0 0 0 0 -1 15706.dat
1 322 -112 -124 40 0 -1 0 -0.707 0 0.707 -0.707 0 -0.707 15706.dat
1 322 -104 -308.853 0 0 -1 0 0 0 -1 1 0 0 3020.dat
1 322 -104 -196.426 -122.427 0 -1 0 1 0 0 0 0 1 3021.dat
1 322 -104 -196.427 122.426 0 -1 0 1 0 0 0 0 1 3021.dat
1 322 -104 -116.929 89.498 0 -1 0 0.707 0 0.707 -0.707 0 0.707 3021.dat
1 322 -104 -275.925 -89.498 0 -1 0 0.707 0 0.707 -0.707 0 0.707 3021.dat
1 322 -104 -275.924 89.497 0 -1 0 -0.707 0 0.707 -0.707 0 -0.707 3021.dat
1 322 -104 -116.928 -89.498 0 -1 0 -0.707 0 0.707 -0.707 0 -0.707 3021.dat
1 272 -96 -275.925 -89.498 0 -1 0 -0.707 0 0.707 -0.707 0 -0.707 15573.dat
1 272 -96 -196.426 -122.427 0 -1 0 0 0 1 -1 0 0 15573.dat
1 272 -96 -196.427 122.426 0 -1 0 0 0 1 -1 0 0 15573.dat
1 272 -96 -275.924 89.497 0 -1 0 0.707 0 0.707 -0.707 0 0.707 15573.dat
1 272 -96 -308.853 0 0 -1 0 0 0 1 -1 0 0 87580.dat
1 179 -96 -116.928 -89.498 0 -1 0 -0.707 0 -0.707 0.707 0 -0.707 2412.dat
1 179 -96 -116.929 89.498 0 -1 0 0.707 0 -0.707 0.707 0 0.707 2412.dat
1 71 -112 -278.853 30 0 -1 0 0 0 -1 1 0 0 54200.dat
1 71 -112 -278.854 -30 0 -1 0 0 0 -1 1 0 0 54200.dat
1 71 -112 -268.854 54.143 0 -1 0 0.707 0 -0.707 0.707 0 0.707 54200.dat
1 71 -112 -240.569 82.426 0 -1 0 0.707 0 -0.707 0.707 0 0.707 54200.dat
1 71 -112 -216.427 92.427 0 -1 0 1 0 0 0 0 1 54200.dat
1 71 -112 -176.427 92.426 0 -1 0 1 0 0 0 0 1 54200.dat
1 71 -112 -152.284 82.427 0 -1 0 0.707 0 0.707 -0.707 0 0.707 54200.dat
1 71 -112 -124 54.142 0 -1 0 0.707 0 0.707 -0.707 0 0.707 54200.dat
1 71 -112 -123.999 -54.143 0 -1 0 -0.707 0 0.707 -0.707 0 -0.707 54200.dat
1 71 -112 -152.284 -82.426 0 -1 0 -0.707 0 0.707 -0.707 0 -0.707 54200.dat
1 71 -112 -176.426 -92.427 0 -1 0 -1 0 0 0 0 -1 54200.dat
1 71 -112 -216.427 -92.426 0 -1 0 -1 0 0 0 0 -1 54200.dat
1 71 -112 -240.569 -82.427 0 -1 0 -0.707 0 -0.707 0.707 0 -0.707 54200.dat
1 71 -112 -268.853 -54.142 0 -1 0 -0.707 0 -0.707 0.707 0 -0.707 54200.dat
1 43 -96 -298.853 30 0 -1 0 0 0 1 -1 0 0 98138.dat
1 43 -96 -298.853 -30 0 -1 0 0 0 1 -1 0 0 98138.dat
1 43 -96 -282.995 68.284 0 -1 0 0 0 1 -1 0 0 98138.dat
1 43 -96 -254.711 96.569 0 -1 0 0 0 1 -1 0 0 98138.dat
1 43 -96 -216.427 112.426 0 -1 0 0 0 1 -1 0 0 98138.dat
1 43 -96 -176.427 112.426 0 -1 0 0 0 1 -1 0 0 98138.dat
1 43 -96 -138.142 96.569 0 -1 0 0 0 1 -1 0 0 98138.dat
1 43 -96 -109.858 68.284 0 -1 0 0 0 1 -1 0 0 98138.dat
1 43 -96 -109.857 -68.285 0 -1 0 0 0 1 -1 0 0 98138.dat
1 43 -96 -138.142 -96.569 0 -1 0 0 0 1 -1 0 0 98138.dat
1 43 -96 -176.426 -112.427 0 -1 0 0 0 1 -1 0 0 98138.dat
1 43 -96 -216.426 -112.427 0 -1 0 0 0 1 -1 0 0 98138.dat
1 43 -96 -254.711 -96.569 0 -1 0 0 0 1 -1 0 0 98138.dat
1 43 -96 -282.996 -68.285 0 -1 0 0 0 1 -1 0 0 98138.dat
1 272 -112 -328.853 -30 0 -1 0 0 0 1 -1 0 0 11477.dat
1 272 -112 -328.853 30 0 -1 0 0 0 1 -1 0 0 11477.dat
1 272 -112 -304.209 -89.498 0 -1 0 0.707 0 0.707 -0.707 0 0.707 11477.dat
1 272 -112 -275.925 -117.783 0 -1 0 0.707 0 0.707 -0.707 0 0.707 11477.dat
1 272 -112 -216.426 -142.427 0 -1 0 1 0 0 0 0 1 11477.dat
1 272 -112 -176.426 -142.427 0 -1 0 1 0 0 0 0 1 11477.dat
1 272 -112 -116.928 -117.782 0 -1 0 0.707 0 -0.707 0.707 0 0.707 11477.dat
1 272 -112 -88.644 -89.498 0 -1 0 0.707 0 -0.707 0.707 0 0.707 11477.dat
1 272 -112 -304.208 89.497 0 -1 0 -0.707 0 0.707 -0.707 0 -0.707 11477.dat
1 272 -112 -275.924 117.782 0 -1 0 -0.707 0 0.707 -0.707 0 -0.707 11477.dat
1 272 -112 -216.427 142.426 0 -1 0 -1 0 0 0 0 -1 11477.dat
1 272 -112 -176.427 142.426 0 -1 0 -1 0 0 0 0 -1 11477.dat
1 272 -112 -116.929 117.782 0 -1 0 -0.707 0 -0.707 0.707 0 -0.707 11477.dat
1 272 -112 -88.645 89.498 0 -1 0 -0.707 0 -0.707 0.707 0 -0.707 11477.dat
1 71 -88 -308.853 0 0 -1 0 -1 0 0 0 0 -1 15712.dat
1 71 -88 -275.924 89.497 0 -1 0 -0.707 0 -0.707 0.707 0 -0.707 15712.dat
1 71 -88 -196.427 122.426 0 -1 0 0 0 -1 1 0 0 15712.dat
1 71 -88 -275.925 -89.498 0 -1 0 0.707 0 -0.707 0.707 0 0.707 15712.dat
1 71 -88 -196.426 -122.427 0 -1 0 0 0 -1 1 0 0 15712.dat
1 272 -144 -64 0 0 -1 0 0 0 1 -1 0 0 3020.dat
1 71 -136 -74 0 0 -1 0 0 0 1 -1 0 0 2540.dat
1 19 -128 -74 0 0 -1 0 0 0 1 -1 0 0 3023.dat
1 71 -120 -74 30 0 -1 0 0 0 1 -1 0 0 4287.dat
1 71 -120 -74 -30 0 -1 0 0 0 1 -1 0 0 4287.dat
1 72 -120 -84 0 0 -1 0 0 0 1 -1 0 0 3022.dat
1 71 -120 -54 20 0 -1 0 0 0 1 -1 0 0 32064.dat
1 71 -120 -54 -20 0 -1 0 0 0 1 -1 0 0 32064.dat
1 72 -112 -64 0 0 -1 0 0 0 1 -1 0 0 3022.dat
1 0 -112 -94 0 0 -1 0 0 0 1 -1 0 0 2540.dat
1 322 -104 -94 0 0 -1 0 0 0 1 -1 0 0 3710.dat
1 72 -104 -64 0 0 -1 0 0 0 1 -1 0 0 3022.dat
1 71 -96 -64 10 0 -1 0 -1 0 0 0 0 -1 2540.dat
1 71 -96 -64 -10 0 -1 0 1 0 0 0 0 1 2540.dat
1 71 -112 -104 30 0 -1 0 0 0 1 -1 0 0 11477.dat
1 71 -112 -104 -30 0 -1 0 0 0 1 -1 0 0 11477.dat
1 179 -88 -54 0 0 -1 0 0 0 1 -1 0 0 2412.dat
1 272 -104 -84 0 0 -1 0 0 0 1 -1 0 0 15068.dat
1 0 -97.268 -196.427 -177.407 -0.5 -0.866 0 0 0 -1 0.866 -0.5 0 63868.dat
1 72 -97.268 -196.427 -177.407 0 -0.866 -0.5 1 0 0 0 -0.5 0.866 61409.dat
1 0 -97.268 -314.801 -128.375 -0.5 -0.866 0 0.612 -0.354 -0.707 0.612 -0.354 0.707 63868.dat
1 72 -97.268 -314.801 -128.375 0 -0.866 -0.5 0.707 -0.354 0.612 -0.707 -0.354 0.612 61409.dat
1 0 -97.268 -363.834 0 -0.5 -0.866 0 0.866 -0.5 0 0 0 1 63868.dat
1 72 -97.268 -363.834 0 0 -0.866 -0.5 0 -0.5 0.866 -1 0 0 61409.dat
1 0 -97.268 -314.801 128.375 -0.5 -0.866 0 0.612 -0.354 0.707 -0.612 0.354 0.707 63868.dat
1 72 -97.268 -314.801 128.375 0 -0.866 -0.5 -0.707 -0.354 0.612 -0.707 0.354 -0.612 61409.dat
1 0 -97.268 -196.427 177.407 -0.5 -0.866 0 0 0 1 -0.866 0.5 0 63868.dat
1 72 -97.268 -196.427 177.407 0 -0.866 -0.5 -1 0 0 0 0.5 -0.866 61409.dat
1 43 -114 -114 0 0 1 0 0 0 1 1 0 0 16770.dat
1 43 -114 -138.142 68.284 0 1 0 -0.707 0 0.707 0.707 0 0.707 16770.dat
1 43 -114 -196.427 92.426 0 1 0 -1 0 0 0 0 1 16770.dat
1 43 -114 -254.711 68.284 0 1 0 -0.707 0 -0.707 -0.707 0 0.707 16770.dat
1 43 -114 -278.853 0 0 1 0 0 0 -1 -1 0 0 16770.dat
1 43 -114 -254.711 -68.284 0 1 0 0.707 0 -0.707 -0.707 0 -0.707 16770.dat
1 43 -114 -196.427 -92.426 0 1 0 1 0 0 0 0 -1 16770.dat
1 43 -114 -138.142 -68.284 0 1 0 0.707 0 0.707 0.707 0 -0.707 16770.dat
1 179 -138 -94 0 0 -0.866 0.5 0 -0.5 -0.866 1 0 0 15341.dat
1 272 -98 -84 -30 -0.707 0 0.707 0 1 0 -0.707 0 -0.707 44676.dat
1 272 -98 -84 30 0.707 0 0.707 0 1 0 -0.707 0 0.707 44676.dat
