0 
0 Name: New Model.ldr
0 Author: 
1 19 251.255 -10 58.083 -0.72 0 0.695 0 1 0 -0.695 0 -0.72 3795.dat
1 0 251.255 -18 58.083 -0.72 0 0.695 0 1 0 -0.695 0 -0.72 3022.dat
1 72 280.055 -18 85.883 -0.72 0 0.695 0 1 0 -0.695 0 -0.72 87580.dat
1 72 222.455 -18 30.283 -0.72 0 0.695 0 1 0 -0.695 0 -0.72 87580.dat
1 36 251.505 -26 72.233 -0.72 0 0.695 0 1 0 -0.695 0 -0.72 6141.dat
1 36 265.405 -26 57.833 -0.72 0 0.695 0 1 0 -0.695 0 -0.72 6141.dat
1 36 237.105 -26 58.333 -0.72 0 0.695 0 1 0 -0.695 0 -0.72 6141.dat
1 36 251.005 -26 43.933 -0.72 0 0.695 0 1 0 -0.695 0 -0.72 6141.dat
1 70 222.455 -42 30.283 -0.72 0 0.695 0 1 0 -0.695 0 -0.72 3062.dat
1 70 280.055 -42 85.883 -0.72 0 0.695 0 1 0 -0.695 0 -0.72 3062.dat
1 0 251.255 -50 58.083 -0.72 0 0.695 0 1 0 -0.695 0 -0.72 3795.dat
1 71 229.655 -58 37.233 -0.695 0 -0.72 0 1 0 0.72 0 -0.695 2412.dat
1 71 244.055 -58 51.133 -0.695 0 -0.72 0 1 0 0.72 0 -0.695 2412.dat
1 71 258.455 -58 65.033 -0.695 0 -0.72 0 1 0 0.72 0 -0.695 2412.dat
1 71 272.855 -58 78.933 -0.695 0 -0.72 0 1 0 0.72 0 -0.695 2412.dat
1 16 215.255 -74 23.333 0.695 0 0.72 0 1 0 -0.72 0 0.695 3004.dat
1 16 287.255 -74 92.833 -0.695 0 -0.72 0 1 0 0.72 0 -0.695 3004.dat
1 2 280.305 -98 100.033 -0.695 0 -0.72 0 1 0 0.72 0 -0.695 30176.dat
1 4 301.655 -59.5 106.733 0.72 0 -0.695 0 1 0 0.695 0 0.72 97782.dat
1 4 200.855 -64.5 9.433 -0.695 0 0.72 0 -1 0 0.72 0 0.695 97787.dat
1 4 251.255 -66 58.083 0.017675 0 -1.000405 0 1 0 1.000405 0 0.017675 97790.dat
1 484 251.255 -67 58.083 -0.017675 0.258945 0.966445 0 0.966 -0.259 -1.000405 -0.004575 -0.017075 33057.dat
1 72 341.61 -10 126.17 0.105 0 0.994 0 1 0 -0.994 0 0.105 61780.dat
1 4 337.795 -22 114.711 0.105 -0.420462 0.900564 0 0.906 0.423 -0.994 -0.044415 0.09513 97782.dat
1 4 352.859 -22 124.343 0.994 0.044415 -0.09513 0 0.906 0.423 0.105 -0.420462 0.900564 97782.dat
1 4 343.388 -22 128.368 0.994 0.044415 -0.09513 0 0.906 0.423 0.105 -0.420462 0.900564 97781.dat
1 29 341.61 -58 126.17 0.105 0 0.994 0 1 0 -0.994 0 0.105 3068.dat
