0 
0 Name: New Model.ldr
0 Author: 
1 71 -180 -8 -510 0.707 0 0.707 0 1 0 -0.707 0 0.707 3958.dat
1 0 -180 -16 -510 0.707 0 0.707 0 1 0 -0.707 0 0.707 61485.dat
1 14 -215.35 -32 -545.35 0.707 0 0.707 0 1 0 -0.707 0 0.707 30363.dat
1 14 -215.35 -32 -474.65 -0.707 0 0.707 0 1 0 -0.707 0 -0.707 30363.dat
1 14 -144.65 -32 -474.65 -0.707 0 -0.707 0 1 0 0.707 0 -0.707 30363.dat
1 14 -144.65 -32 -545.35 0.707 0 -0.707 0 1 0 0.707 0 0.707 30363.dat
1 14 -144.65 -40 -545.35 0.707 0 -0.707 0 1 0 0.707 0 0.707 2431.dat
1 14 -215.35 -40 -474.65 0.707 0 -0.707 0 1 0 0.707 0 0.707 2431.dat
1 14 -144.65 -40 -474.65 0.707 0 0.707 0 1 0 -0.707 0 0.707 6636.dat
1 14 -215.35 -40 -545.35 0.707 0 0.707 0 1 0 -0.707 0 0.707 6636.dat
1 71 -264.84 -8 -425.16 0.707 0 0.707 0 1 0 -0.707 0 0.707 3795.dat
1 71 -95.16 -8 -594.84 0.707 0 0.707 0 1 0 -0.707 0 0.707 3795.dat
1 71 -264.84 -8 -594.84 0.707 0 -0.707 0 1 0 0.707 0 0.707 3795.dat
1 71 -95.16 -8 -425.16 0.707 0 -0.707 0 1 0 0.707 0 0.707 3795.dat
1 57 -88.09 -16 -601.91 0.707 0 -0.707 0 1 0 0.707 0 0.707 3069.dat
1 57 -271.91 -16 -418.09 0.707 0 -0.707 0 1 0 0.707 0 0.707 3069.dat
1 57 -271.91 -16 -601.91 0.707 0 0.707 0 1 0 -0.707 0 0.707 3069.dat
1 57 -88.09 -16 -418.09 0.707 0 0.707 0 1 0 -0.707 0 0.707 3069.dat
1 0 -73.95 -16 -403.95 0.707 0 0.707 0 1 0 -0.707 0 0.707 2412.dat
1 0 -286.05 -16 -616.05 0.707 0 0.707 0 1 0 -0.707 0 0.707 2412.dat
1 0 -286.05 -16 -403.95 -0.707 0 0.707 0 1 0 -0.707 0 -0.707 2412.dat
1 0 -73.95 -16 -616.05 -0.707 0 0.707 0 1 0 -0.707 0 -0.707 2412.dat
1 14 -180 -24 -510 -0.707 0 0.707 0 1 0 -0.707 0 -0.707 60474.dat
1 72 -180 -48 -510 -0.707 0 0.707 0 1 0 -0.707 0 -0.707 6222.dat
1 72 -180 -72 -510 -0.707 0 -0.707 0 1 0 0.707 0 -0.707 30000.dat
1 14 -158.79 -72 -488.79 -0.707 0 -0.707 0 1 0 0.707 0 -0.707 3004.dat
1 14 -201.21 -72 -531.21 -0.707 0 -0.707 0 1 0 0.707 0 -0.707 3004.dat
1 72 -180 -80 -510 0.707 0 -0.707 0 1 0 0.707 0 0.707 3709.dat
1 71 -180 -58 -510 0 -0.707 -0.707 1 0 0 0 -0.707 0.707 32073.dat
1 71 -187.07 -328 -517.07 0.707 0 0.707 0 1 0 -0.707 0 0.707 99207.dat
1 71 -172.93 -328 -502.93 -0.707 0 -0.707 0 1 0 0.707 0 -0.707 99207.dat
1 72 -180 -352 -510 -0.707 0 -0.707 0 1 0 0.707 0 -0.707 30000.dat
1 14 -180 -360 -510 -0.707 0 -0.707 0 1 0 0.707 0 -0.707 4032.dat
1 14 -180 -368 -510 -0.707 0 -0.707 0 1 0 0.707 0 -0.707 4032.dat
1 72 -180 -392 -510 -0.707 0 -0.707 0 1 0 0.707 0 -0.707 30000.dat
1 14 -172.93 -400 -502.93 -0.707 0 -0.707 0 1 0 0.707 0 -0.707 44728.dat
1 14 -187.07 -400 -517.07 0.707 0 0.707 0 1 0 -0.707 0 0.707 44728.dat
1 14 -157.376 -360 -487.376 0 -0.707 0.707 -1 0 0 0 -0.707 -0.707 87079.dat
1 14 -202.624 -360 -532.624 0 0.707 -0.707 -1 0 0 0 0.707 0.707 87079.dat
1 14 -201.21 -202 -488.79 -0.707 -0.707 0 0 0 1 -0.707 0.707 0 32278.dat
1 14 -158.79 -202 -531.21 -0.707 -0.707 0 0 0 1 -0.707 0.707 0 32278.dat
1 72 -187.07 -520 -517.07 -0.707 0 -0.707 0 1 0 0.707 0 -0.707 2454.dat
1 72 -172.93 -520 -502.93 -0.707 0 -0.707 0 1 0 0.707 0 -0.707 2454.dat
1 14 -52.74 -560 -382.74 0.707 0 -0.707 0 1 0 0.707 0 0.707 57779.dat
1 14 -208.28 -528 -538.28 -0.707 0 0.707 0 1 0 -0.707 0 -0.707 3832.dat
1 72 -180 -552 -510 -0.707 0 -0.707 0 1 0 0.707 0 -0.707 30000.dat
1 14 -215.35 -552 -545.35 0.707 0 -0.707 0 1 0 0.707 0 0.707 3002.dat
1 71 -250.7 -552 -580.7 0.707 0 0.707 0 1 0 -0.707 0 0.707 2456.dat
1 71 -278.98 -552 -608.98 0.707 0 0.707 0 1 0 -0.707 0 0.707 2456.dat
1 71 -236.56 -576 -623.12 -0.707 0 0.707 0 1 0 -0.707 0 -0.707 3001.dat
1 71 -293.12 -576 -566.56 -0.707 0 0.707 0 1 0 -0.707 0 -0.707 3001.dat
1 71 -236.56 -584 -623.12 -0.707 0 0.707 0 1 0 -0.707 0 -0.707 87079.dat
1 71 -293.12 -584 -566.56 -0.707 0 0.707 0 1 0 -0.707 0 -0.707 87079.dat
1 14 -208.28 -560 -538.28 -0.707 0 0.707 0 1 0 -0.707 0 -0.707 3832.dat
1 14 -172.93 -584 -502.93 -0.707 0 -0.707 0 1 0 0.707 0 -0.707 3039.dat
1 14 -187.07 -584 -517.07 0.707 0 0.707 0 1 0 -0.707 0 0.707 3039.dat
1 72 -151.72 -520 -481.72 0.707 0 0.707 0 1 0 -0.707 0 0.707 11203.dat
1 72 74.52 -542 -255.48 0 0.707 0.707 -1 0 0 0 -0.707 0.707 32316.dat
1 0 88.66 -542 -241.34 -0.707 0 0.707 0 -1 0 0.707 0 0.707 32062.dat
1 0 102.8 -542 -227.2 -0.707 0 0.707 0 -1 0 0.707 0 0.707 32062.dat
1 0 102.8 -562 -227.2 0.707 0 0.707 0 1 0 -0.707 0 0.707 92907.dat
1 0 -180 -608 -510 0.707 0 0.707 0 1 0 -0.707 0 0.707 2584.dat
1 71 -180 -614 -510 0.707 0 0.707 0 1 0 -0.707 0 0.707 2585.dat
1 0 -174.344 -614 -515.656 0.707 0 0.707 0 1 0 -0.707 0 0.707 3705.dat
1 71 -148.892 -614 -541.108 0 -0.707 0.707 1 0 0 0 0.707 0.707 3941.dat
1 4 -143.236 -614 -546.764 0 -0.707 -0.707 -1 0 0 0 0.707 -0.707 14769.dat
1 14 -201.21 -462 -488.79 -0.707 0.707 0 0 0 -1 -0.707 -0.707 0 40490.dat
1 14 -158.79 -462 -531.21 -0.707 0.707 0 0 0 -1 -0.707 -0.707 0 40490.dat
1 19 -81.02 -24 -415.16 -0.559 0 -0.829 0 1 0 0.829 0 -0.559 35480.dat
1 14 -81.02 -32 -415.16 -0.559 0 -0.829 0 1 0 0.829 0 -0.559 3023.dat
1 4 -86.61 -40 -406.87 -0.559 0 -0.829 0 1 0 0.829 0 -0.559 6141.dat
1 10 -75.43 -40 -423.45 -0.559 0 -0.829 0 1 0 0.829 0 -0.559 24866.dat
1 19 -81.02 -48 -415.16 -0.559 0 -0.829 0 1 0 0.829 0 -0.559 35480.dat
