0 Main
0 Name: 6983-1 - Ice Station Odyssey.mpd
0 Author: LTRON
1 0 -320 -120 -110 0 0 1 0 1 0 -1 0 0 2454.dat
1 0 -320 -120 90 0 0 1 0 1 0 -1 0 0 2454.dat
1 1 -320 -144 -10 0 0 1 0 1 0 -1 0 0 6112.dat
1 0 180 -152 -90 0 0 1 0 1 0 -1 0 0 3710.dat
1 0 110 -152 180 -1 0 0 0 1 0 0 0 -1 4477.dat
1 0 300 -120 40 -1 0 0 0 1 0 0 0 -1 2453.dat
1 0 300 -120 100 -1 0 0 0 1 0 0 0 -1 2453.dat
1 1 -170 -144 50 0 0 -1 0 1 0 1 0 0 2445.dat
1 0 -210 -152 -40 1 0 0 0 1 0 0 0 1 3666.dat
1 0 -210 -152 20 1 0 0 0 1 0 0 0 1 3666.dat
1 0 180 -160 -110 0 0 1 0 1 0 -1 0 0 4275.dat
1 0 180 -160 -70 0 0 1 0 1 0 -1 0 0 3023.dat
1 0 180 -126.2512 -145.5634 0 0 -1 -0.9986 0.0523 0 0.0523 0.9986 0 4276.dat
1 0 180 -105.8608 -138.6206 0 0 -1 -0.9986 0.0523 0 0.0523 0.9986 0 3023.dat
1 0 180 -86.3072 -147.6554 0 0 -1 -0.9986 0.0523 0 0.0523 0.9986 0 3023.dat
1 38 180 -75.9028 -140.1896 0 0 -1 -0.9986 0.0523 0 0.0523 0.9986 0 6141.dat
1 1 180 -106.6976 -154.5982 0 0 -1 -0.9986 0.0523 0 0.0523 0.9986 0 3710.dat
1 38 180 -77.158 -164.156 0 0 -1 -0.9986 0.0523 0 0.0523 0.9986 0 3957.dat
1 38 180 -97.13 -163.11 0 0 -1 -0.9986 0.0523 0 0.0523 0.9986 0 3957.dat
1 38 180 -117.102 -162.064 0 0 -1 -0.9986 0.0523 0 0.0523 0.9986 0 3957.dat
1 38 180 -137.074 -161.018 0 0 -1 -0.9986 0.0523 0 0.0523 0.9986 0 3957.dat
1 0 300 -128 70 0 0 -1 0 1 0 1 0 0 3710.dat
1 1 180 -184 -60 1 0 0 0 1 0 0 0 1 4286.dat
1 0 110 -168 -40 1 0 0 0 1 0 0 0 1 6111.dat
1 1 -270 -152 -150 0 0 1 0 1 0 -1 0 0 2401.dat
1 1 -270 -152 130 -1 0 0 0 1 0 0 0 -1 2401.dat
1 15 220 -96 -90 0 0 -1 0 1 0 1 0 0 3039.dat
1 15 220 -104 -90 0 0 -1 0 1 0 1 0 0 3794.dat
1 15 220 -112 -90 0.5 0 -0.866 0 1 0 0.866 0 0.5 4592.dat
1 0 220 -112 -90 0.5 -0.433 -0.75 0 0.866 -0.5 0.866 0.25 0.433 4593.dat
1 38 300 -136 70 0 0 -1 0 1 0 1 0 0 2466.dat
1 1 170 -176 -40 1 0 0 0 1 0 0 0 1 3710.dat
1 1 70 -176 -40 1 0 0 0 1 0 0 0 1 3023.dat
1 1 30 -176 -40 1 0 0 0 1 0 0 0 1 4623.dat
1 1 110 -176 -40 1 0 0 0 1 0 0 0 1 4623.dat
1 0 -260 -176 -40 0 0 1 0 1 0 -1 0 0 2357.dat
1 0 -260 -176 20 1 0 0 0 1 0 0 0 1 2357.dat
1 0 -290 -160 -130 1 0 0 0 1 0 0 0 1 3680.dat
1 1 -190 -160 220 1 0 0 0 1 0 0 0 1 3023.dat
1 1 -200 -168 220 1 0 0 0 1 0 0 0 1 4085.dat
1 1 -180 -168 220 1 0 0 0 1 0 0 0 1 4085.dat
1 15 -290 -24 310 1 0 0 0 1 0 0 0 1 3003.dat
1 15 230 -24 310 1 0 0 0 1 0 0 0 1 3003.dat
1 0 -150 -120 550 -1 0 0 0 1 0 0 0 -1 4476.dat
1 0 -70 -120 550 -1 0 0 0 1 0 0 0 -1 4476.dat
1 1 50 -24 530 -1 0 0 0 1 0 0 0 -1 6143.dat
1 1 50 -24 450 -1 0 0 0 1 0 0 0 -1 6143.dat
1 0 50 -48 450 0 0 -1 0 1 0 1 0 0 4871.dat
1 0 50 -48 530 0 0 -1 0 1 0 1 0 0 4871.dat
1 1 -110 -144 560 1 0 0 0 1 0 0 0 1 3009.dat
1 1 -160 -144 540 1 0 0 0 1 0 0 0 1 3665.dat
1 1 -60 -144 540 1 0 0 0 1 0 0 0 1 3665.dat
1 0 300 -144 70 0 0 -1 0 1 0 1 0 0 3839.dat
1 1 -190 -160 -240 1 0 0 0 1 0 0 0 1 3023.dat
1 1 -190 -168 -240 1 0 0 0 1 0 0 0 1 3023.dat
1 1 -180 -176 -240 0 0 -1 0 1 0 1 0 0 4085.dat
1 1 -200 -176 -240 -1 0 0 0 1 0 0 0 -1 4085.dat
1 0 -210 -176 20 -1 0 0 0 1 0 0 0 -1 3004.dat
1 0 -250 -184 -10 0 0 -1 0 1 0 1 0 0 3795.dat
1 0 -250 -192 -10 0 0 -1 0 1 0 1 0 0 3020.dat
1 15 -250 -192 -60 1 0 0 0 1 0 0 0 1 3069.dat
1 1 -360 -176 -70 0 0 1 0 1 0 -1 0 0 3004.dat
1 1 -360 -176 50 0 0 1 0 1 0 -1 0 0 3004.dat
1 1 -110 -168 220 -1 0 0 0 1 0 0 0 -1 3010.dat
1 0 180 -152 70 0 0 -1 0 1 0 1 0 0 3023.dat
1 7 -290 -160 -130 -0.5 0 -0.866 0 1 0 0.866 0 -0.5 3679.dat
1 15 -281.34 -168 -125 -0.5 0 -0.866 0 1 0 0.866 0 -0.5 4598.dat
1 0 250 -152 40 1 0 0 0 1 0 0 0 1 2419.dat
1 0 250 -152 100 -1 0 0 0 1 0 0 0 -1 2419.dat
1 15 -210 -200 -40 1 0 0 0 1 0 0 0 1 4864.dat
1 15 -210 -200 20 -1 0 0 0 1 0 0 0 -1 3039.dat
1 0 230 -72 310 -1 0 0 0 1 0 0 0 -1 3940.dat
1 1 -160 -168 540 -1 0 0 0 1 0 0 0 -1 3040.dat
1 1 -60 -168 540 -1 0 0 0 1 0 0 0 -1 3040.dat
1 15 20 -56 450 0 0 -1 0 1 0 1 0 0 2412.dat
1 15 80 -56 450 0 0 -1 0 1 0 1 0 0 2412.dat
1 15 20 -56 530 0 0 -1 0 1 0 1 0 0 2412.dat
1 15 80 -56 530 0 0 -1 0 1 0 1 0 0 2412.dat
1 0 230 -80 270 0 0 -1 0 1 0 1 0 0 3020.dat
1 0 220 -80 320 0 0 1 0 1 0 -1 0 0 4081.dat
1 0 240 -80 320 0 0 -1 0 1 0 1 0 0 4081.dat
1 1 -160 -168 370 0 0 -1 0 1 0 1 0 0 2465.dat
1 1 -60 -168 370 0 0 -1 0 1 0 1 0 0 2465.dat
1 0 -170 -200 -10 0 0 -1 0 1 0 1 0 0 2426.dat
1 0 -170 -182 -10 0 0.5 -0.866 0 0.866 0.5 1 0 0 u9068.dat
1 1 59.5 -144 70 0 0 1 0 1 0 -1 0 0 3030.dat
1 1 29.5 -152 -10 0 0 1 0 1 0 -1 0 0 3794.dat
1 1 89.5 -152 -10 0 0 1 0 1 0 -1 0 0 3794.dat
1 1 79.5 -152 40 -1 0 0 0 1 0 0 0 -1 3069.dat
1 1 79.5 -152 100 -1 0 0 0 1 0 0 0 -1 3069.dat
1 1 59.5 -152 160 -1 0 0 0 1 0 0 0 -1 3069.dat
1 1 39.5 -160 0 -1 0 0 0 1 0 0 0 -1 3034.dat
1 1 29.5 -168 70 0 0 -1 0 1 0 1 0 0 3010.dat
1 0 59.5 -152 70 0 0 -1 0 1 0 1 0 0 2460.dat
1 0 29.5 -176 70 0 0 -1 0 1 0 1 0 0 2412.dat
1 0 -80.5 -174 -10 1 0 0 0 1 0 0 0 1 2428.dat
1 7 59.5 -162 70 0.9781 0.2079 0 0 0 -1 -0.2079 0.9781 0 2852.dat
1 7 59.5 -162 70 0.9781 0.2079 0 0 0 1 0.2079 -0.9781 0 2852.dat
1 0 110 -200 -54 -1 0 0 0 0 -1 0 -1 0 2516.dat
1 38 123 -188 -62 0 -1 0 0 0 1 -1 0 0 6120.dat
1 38 97 -188 -62 0 1 0 0 0 1 1 0 0 6120.dat
1 0 30 -200 -54 -1 0 0 0 0 -1 0 -1 0 2516.dat
1 38 43 -188 -62 0 -1 0 0 0 1 -1 0 0 6120.dat
1 38 17 -188 -62 0 1 0 0 0 1 1 0 0 6120.dat
1 1 230 -88 310 0 0 -1 0 1 0 1 0 0 3068.dat
1 1 110 -184 -30 1 0 0 0 1 0 0 0 1 3832.dat
1 1 110 -160 170 1 0 0 0 1 0 0 0 1 3832.dat
1 1 -170 -182 -74 0.866 0 -0.5 -0.5 0 -0.866 0 1 0 6143.dat
1 0 -270 -200 -10 0 0 1 0 1 0 -1 0 0 3315.dat
1 15 -250 -200 -40 -1 0 0 0 1 0 0 0 -1 3023.dat
1 15 -250 -200 20 -1 0 0 0 1 0 0 0 -1 3023.dat
1 0 -160 -176 470 0 0 -1 0 1 0 1 0 0 4510.dat
1 0 -160 -176 310 0 0 -1 0 1 0 1 0 0 4510.dat
1 0 -60 -176 310 0 0 1 0 1 0 -1 0 0 4510.dat
1 0 -60 -176 470 0 0 1 0 1 0 -1 0 0 4510.dat
1 0 -130 -176 220 -1 0 0 0 1 0 0 0 -1 3460.dat
1 0 -345.7988 -210.142 -10 0 -0.7071 -0.7071 0 0.7071 -0.7071 1 0 0 3597.dat
1 0 -368.426 -244.0828 -10 0 -0.7071 -0.7071 0 0.7071 -0.7071 1 0 0 3022.dat
1 0 -381.1538 -245.497 -10 0 -0.7071 0.7071 0 0.7071 0.7071 -1 0 0 4596.dat
1 0 -379.7396 -232.7692 -10 0 -0.7071 -0.7071 0 0.7071 -0.7071 1 0 0 4229.dat
1 15 -352.8698 -169.1302 -10 0.7071 -0.7071 0 -0.7071 -0.7071 0 0 0 -1 3062.dat
1 0 -432.065 -293.5798 -10 0.7071 -0.7071 0 -0.7071 -0.7071 0 0 0 -1 4285.dat
1 38 -485.8046 -347.3194 -10 0.7071 -0.7071 0 -0.7071 -0.7071 0 0 0 -1 3957.dat
1 0 210 -160 70 0 0 1 0 1 0 -1 0 0 3597.dat
1 38 -208 -182 -220 0 1 0 0 0 -1 -1 0 0 6117.dat
1 38 -206.928 -177 204 -0.5 0.866 0 0 0 -1 -0.866 -0.5 0 6117.dat
1 38 -186.928 -177 204 -0.5 0.866 0 0 0 -1 -0.866 -0.5 0 6117.dat
1 0 -160 -184 220 1 0 0 0 1 0 0 0 1 2420.dat
1 0 -60 -184 220 0 0 -1 0 1 0 1 0 0 2420.dat
1 15 -110 -184 220 1 0 0 0 1 0 0 0 1 2412.dat
1 1 180 -192 -40 0 0 1 0 1 0 -1 0 0 3623.dat
1 0 145.6752 -203.0608 70 0 -0.6428 -0.766 0 0.766 -0.6428 1 0 0 3315.dat
1 0 135.4976 -222.0448 60 0.766 -0.6428 0 0.6428 0.766 0 0 0 1 3184.dat
1 0 135.4976 -222.0448 80 -0.766 -0.6428 0 -0.6428 0.766 0 0 0 -1 3184.dat
1 1 173.7976 -189.9048 70 0 -0.6428 0.766 0 0.766 0.6428 -1 0 0 4590.dat
1 1 94.68 -266.7408 70 -0.766 -0.6428 0 -0.6428 0.766 0 0 0 -1 3832.dat
1 1 53.8624 -311.4368 70 -0.766 -0.6428 0 -0.6428 0.766 0 0 0 -1 3022.dat
1 1 130.4624 -247.1568 60 0.766 -0.6428 0 0.6428 0.766 0 0 0 1 4315.dat
1 1 130.4624 -247.1568 80 -0.766 -0.6428 0 -0.6428 0.766 0 0 0 -1 4315.dat
1 38 174.4364 -299.5589 86.485 -0.766 -0.620881 0.166357 -0.6428 0.739879 -0.198241 0 -0.2588 -0.9659 2582.dat
1 0 169.4693 -293.6398 84.4146 -0.766 -0.620881 0.166357 -0.6428 0.739879 -0.198241 0 -0.2588 -0.9659 3710.dat
1 15 179.4034 -305.4779 88.5554 0.766 -0.620881 -0.166357 0.6428 0.739879 0.198241 0 -0.2588 0.9659 3069.dat
1 38 174.4364 -299.5589 53.515 0.766 -0.620881 0.166357 0.6428 0.739879 -0.198241 0 0.2588 0.9659 2582.dat
1 0 169.4693 -293.6398 55.5854 0.766 -0.620881 0.166357 0.6428 0.739879 -0.198241 0 0.2588 0.9659 3710.dat
1 15 179.4034 -305.4779 51.4446 -0.766 -0.620881 -0.166357 -0.6428 0.739879 0.198241 0 0.2588 -0.9659 3069.dat
1 0 69.2896 -329.8208 70 -0.766 -0.6428 0 -0.6428 0.766 0 0 0 -1 4871.dat
1 0 158.5848 -234.0008 70 0 -0.6428 -0.766 0 0.766 -0.6428 1 0 0 3023.dat
1 0 112.6248 -272.5688 70 0 -0.6428 -0.766 0 0.766 -0.6428 1 0 0 3023.dat
1 0 132.9264 -218.9808 32 0.573523 0.011249 -0.819057 0.819121 -0.013405 0.573446 -0.0045 -0.9998 -0.0169 2739.dat
1 0 132.9264 -218.9808 108 -0.573523 0.011249 -0.819057 -0.819121 -0.013405 0.573446 -0.0045 0.9998 0.0169 2739.dat
1 15 82.092 -329.5208 100 0.739879 -0.6428 -0.198241 0.620881 0.766 -0.166357 0.2588 0 0.9659 6141.dat
1 15 66.772 -342.3768 100 0.739879 -0.6428 -0.198241 0.620881 0.766 -0.166357 0.2588 0 0.9659 6141.dat
1 15 82.092 -329.5208 40 0.739879 -0.6428 -0.198241 0.620881 0.766 -0.166357 0.2588 0 0.9659 6141.dat
1 15 66.772 -342.3768 40 0.739879 -0.6428 -0.198241 0.620881 0.766 -0.166357 0.2588 0 0.9659 6141.dat
1 38 186.6 -189.6048 40 0.739879 -0.6428 -0.198241 0.620881 0.766 -0.166357 0.2588 0 0.9659 6141.dat
1 38 186.6 -189.6048 100 0.739879 -0.6428 -0.198241 0.620881 0.766 -0.166357 0.2588 0 0.9659 6141.dat
1 0 95.88 -317.9504 70 -0.766 0.6428 0 -0.6428 -0.766 0 0 0 1 3708.dat
1 0 178.608 -248.528 70 0.6428 0.766 0 -0.766 0.6428 0 0 0 1 3943.dat
1 38 160.224 -263.9552 70 0.6428 0.766 0 -0.766 0.6428 0 0 0 1 6143.dat
1 38 141.84 -279.3824 70 0.6428 0.766 0 -0.766 0.6428 0 0 0 1 6143.dat
1 15 123.456 -294.8096 70 0.6428 0.766 0 -0.766 0.6428 0 0 0 1 6143.dat
1 15 119.16 -311.4688 70 0 -0.6428 0.766 0 0.766 0.6428 -1 0 0 3700.dat
1 15 103.84 -324.3248 70 0 -0.6428 0.766 0 0.766 0.6428 -1 0 0 3700.dat
1 1 96.0728 -299.5128 70 0 -0.6428 0.766 0 0.766 0.6428 -1 0 0 2654.dat
1 15 116.6424 -324.0248 70 -0.766 -0.6428 0 -0.6428 0.766 0 0 0 -1 2609.dat
1 0 120.8849 -329.0804 70 0.766 0 0.6428 0.6428 0 -0.766 0 1 0 2959.dat
1 15 71.368 -338.52 70 0 0.766 0.6428 0 0.6428 -0.766 -1 0 0 6143.dat
1 38 52.984 -353.9472 70 0 0.766 0.6428 0 0.6428 -0.766 -1 0 0 6143.dat
1 0 16.216 -384.8016 70 0 0.766 0.6428 0 0.6428 -0.766 -1 0 0 4591.dat
1 0 -20.552 -415.656 70 0 0.766 0.6428 0 0.6428 -0.766 -1 0 0 3942.dat
1 0 -26.68 -420.7984 70 0.6428 0.766 0 -0.766 0.6428 0 0 0 1 3957.dat
1 0 -91.024 -474.7936 70 0.6428 0.766 0 -0.766 0.6428 0 0 0 1 4733.dat
1 15 -72.64 -459.3664 70 0.6428 0.766 0 -0.766 0.6428 0 0 0 1 4740.dat
1 38 -97.152 -479.936 70 0.6428 0.766 0 -0.766 0.6428 0 0 0 1 4740.dat
1 15 -83.364 -468.3656 52 -0.6428 0 0.766 0.766 0 0.6428 0 1 0 4592.dat
1 15 -83.364 -468.3656 88 -0.6428 0 -0.766 0.766 0 -0.6428 0 -1 0 4592.dat
1 15 -94.9344 -454.5776 70 0 0.6428 0.766 0 -0.766 0.6428 1 0 0 4592.dat
1 15 -71.7936 -482.1536 70 0 -0.6428 -0.766 0 0.766 -0.6428 1 0 0 4592.dat
1 0 -71.7936 -482.1536 70 0 -0.984756 -0.173665 0 -0.173665 0.984756 -1 0 0 4593.dat
1 0 -94.9344 -454.5776 70 0 -0.341956 0.939665 0 -0.939665 -0.341956 1 0 0 4593.dat
1 0 -83.364 -468.3656 88 0.6428 -0.663356 0.383 -0.766 -0.556665 0.3214 0 -0.5 -0.866 4593.dat
1 0 -83.364 -468.3656 52 -0.6428 -0.663356 0.383 0.766 -0.556665 0.3214 0 0.5 0.866 4593.dat
1 0 -190 -328 -10 0 0 1 0 1 0 -1 0 0 2680.dat
1 1 -190 -352 -10 0 0 1 0 1 0 -1 0 0 3003.dat
1 15 -190 -400 -10 0 0 1 0 1 0 -1 0 0 3940.dat
1 1 -190 -408 -10 0 0 1 0 1 0 -1 0 0 3022.dat
1 1 -190 -432 -20 1 0 0 0 1 0 0 0 1 3747.dat
1 1 -190 -432 0 -1 0 0 0 1 0 0 0 -1 3747.dat
1 0 -190 -440 -10 -1 0 0 0 1 0 0 0 -1 3022.dat
1 0 220 -88 240 1 0 0 0 1 0 0 0 1 4085.dat
1 38 220 -80 220 1 0 0 0 1 0 0 0 1 2569.dat
1 0 290 -168 70 0 0 -1 0 1 0 1 0 0 4590.dat
1 0 220 -168 70 0 0 -1 0 1 0 1 0 0 3710.dat
1 15 -160 -184 390 0 0 1 0 1 0 -1 0 0 3069.dat
1 15 -60 -184 390 0 0 -1 0 1 0 1 0 0 3069.dat
1 0 -210 -208 -10 -1 0 0 0 1 0 0 0 -1 3032.dat
1 38 -200 -440 -80 0 0 1 0 1 0 -1 0 0 2409.dat
1 38 -200 -440 60 -1 0 0 0 1 0 0 0 -1 2409.dat
1 0 -158 -172 -220 0 -1 0 1 0 0 0 0 1 2540.dat
1 0 -150 -172 -220 0 -1 0 -1 0 0 0 0 -1 4596.dat
1 38 -152 -172 -150 0 0 -1 -1 0 0 0 1 0 4589.dat
1 0 -110 -160 350 0 0 -1 0 1 0 1 0 0 3031.dat
1 1 -110 -184 350 0 0 -1 0 1 0 1 0 0 3003.dat
1 0 -80 -184 350 0 0 -1 0 1 0 1 0 0 2653.dat
1 0 -140 -184 350 0 0 1 0 1 0 -1 0 0 2653.dat
1 0 -110 -208 350 0 0 1 0 1 0 -1 0 0 3403.dat
1 0 -110 -208 350 0.7071 0 0.7071 0 1 0 -0.7071 0 0.7071 3404.dat
1 1 -74.645 -214 385.355 0.7071 0 0.7071 0 1 0 -0.7071 0 0.7071 3149.dat
1 4 -74.645 -214 385.355 0.7071 0 0.7071 0 1 0 -0.7071 0 0.7071 313.dat
1 1 -74.645 -214 385.355 0.7071 -0.612349 -0.35355 0 -0.5 0.866 -0.7071 -0.612349 -0.35355 314.dat
1 1 -29.4924 -292.6 430.5076 -0.7071 -0.612349 0.35355 0 -0.5 -0.866 0.7071 -0.612349 0.35355 3149.dat
1 4 -29.4924 -292.6 430.5076 -0.7071 -0.612349 0.35355 0 -0.5 -0.866 0.7071 -0.612349 0.35355 313.dat
1 1 -29.4924 -292.6 430.5076 -0.7071 -0.682987 -0.182996 0 0.258799 -0.965899 0.7071 -0.682987 -0.182996 314.dat
1 0 -6.2189 -239.3045 453.7811 -0.7071 -0.682987 -0.182996 0 0.258799 -0.965899 0.7071 -0.682987 -0.182996 2412.dat
1 0 -11.6568 -206.1867 448.3432 -0.7071 -0.682987 -0.182996 0 0.258799 -0.965899 0.7071 -0.682987 -0.182996 3022.dat
1 1 -2.5329 -188.9391 457.4671 0.182996 -0.682987 -0.7071 0.965899 0.258799 0 0.182996 -0.682987 0.7071 2444.dat
1 7 -5.7029 -167.0332 454.2971 0.182996 -0.682987 -0.7071 0.965899 0.258799 0 0.182996 -0.682987 0.7071 3673.dat
1 0 4.7609 -181.3505 464.7609 0.7071 -0.682987 0.182996 0 0.258799 0.965899 -0.7071 -0.682987 0.182996 2412.dat
1 1 -0.729 -210.3275 459.271 -0.7071 -0.682987 -0.182996 0 0.258799 -0.965899 0.7071 -0.682987 -0.182996 3068.dat
1 1 2.957 -159.9622 462.957 -0.7071 -0.682987 -0.182996 0 0.258799 -0.965899 0.7071 -0.682987 -0.182996 2607.dat
1 0 1.6778 -131.9401 461.6778 0.7071 -0.682987 0.182996 0 0.258799 0.965899 -0.7071 -0.682987 0.182996 2959.dat
1 0 11.9624 -95.414 480.4476 0.237917 -0.182996 0.953842 -0.22412 -0.965899 -0.129399 0.945017 -0.182996 -0.270855 3708.dat
1 0 -13.7326 -71.2091 378.3858 -0.182996 -0.237917 0.953842 -0.965899 0.22412 -0.129399 -0.182996 -0.945017 -0.270855 3943.dat
1 38 -8.0226 -76.588 401.0662 -0.182996 -0.237917 0.953842 -0.965899 0.22412 -0.129399 -0.182996 -0.945017 -0.270855 6143.dat
1 38 -2.3126 -81.9669 423.7466 -0.182996 -0.237917 0.953842 -0.965899 0.22412 -0.129399 -0.182996 -0.945017 -0.270855 6143.dat
1 15 3.3974 -87.3457 446.427 -0.182996 -0.237917 0.953842 -0.965899 0.22412 -0.129399 -0.182996 -0.945017 -0.270855 6143.dat
1 15 4.8983 -100.1424 457.8273 -0.953842 0.182996 -0.237917 0.129399 0.965899 0.22412 0.270855 0.182996 -0.945017 3700.dat
1 15 9.6566 -104.6248 476.7276 -0.953842 0.182996 -0.237917 0.129399 0.965899 0.22412 0.270855 0.182996 -0.945017 3700.dat
1 1 11.6694 -79.202 471.6694 -0.953842 0.182996 -0.237917 0.129399 0.965899 0.22412 0.270855 0.182996 -0.945017 2654.dat
1 15 5.8135 -110.1108 465.8135 0.237917 0.182996 -0.953842 -0.22412 0.965899 0.129399 0.945017 0.182996 0.270855 2609.dat
1 0 4.6057 -116.4857 464.6057 -0.237917 0.953842 -0.182996 0.22412 -0.129399 -0.965899 -0.945017 -0.270855 -0.182996 2959.dat
1 15 19.5758 -102.5859 510.6882 -0.953842 -0.237917 -0.182996 0.129399 0.22412 -0.965899 0.270855 -0.945017 -0.182996 6143.dat
1 38 25.2858 -107.9647 533.3686 -0.953842 -0.237917 -0.182996 0.129399 0.22412 -0.965899 0.270855 -0.945017 -0.182996 6143.dat
1 0 36.7058 -118.7225 578.7294 -0.953842 -0.237917 -0.182996 0.129399 0.22412 -0.965899 0.270855 -0.945017 -0.182996 4591.dat
1 0 48.1258 -129.4802 624.0901 -0.953842 -0.237917 -0.182996 0.129399 0.22412 -0.965899 0.270855 -0.945017 -0.182996 3942.dat
1 0 250 -176 40 1 0 0 0 1 0 0 0 1 2431.dat
1 0 250 -176 100 1 0 0 0 1 0 0 0 1 2431.dat
1 0 250 -184 120 -1 0 0 0 1 0 0 0 -1 2432.dat
1 0 250 -184 20 1 0 0 0 1 0 0 0 1 2432.dat
1 1 -190 -448 -10 0 0 1 0 1 0 -1 0 0 3795.dat
1 0 -190 -456 -10 0 0 1 0 1 0 -1 0 0 3680.dat
1 7 -190 -456 -10 0.2588 0 -0.9659 0 1 0 0.9659 0 0.2588 3679.dat
1 0 -199.659 -464 -7.412 0.2588 0 -0.9659 0 1 0 0.9659 0 0.2588 3023.dat
1 0 -199.659 -472 -7.412 0.2588 0 -0.9659 0 1 0 0.9659 0 0.2588 2452.dat
1 15 -198.1754 -491.98 -7.8095 0.48295 0.836469 -0.2588 0.866 -0.5 0 -0.1294 -0.224121 -0.9659 4531.dat
1 15 -184.7919 -499.98 -11.3954 0.48295 0.836469 -0.2588 0.866 -0.5 0 -0.1294 -0.224121 -0.9659 3938.dat
1 1 -167.6779 -509.8095 -13.3017 0.033497 -0.874923 -0.48295 0.1294 0.48295 -0.866 0.990965 -0.033497 0.1294 2440.dat
1 0 200 -78 332 0.866 0 -0.5 0.5 0 0.866 0 -1 0 3957.dat
1 0 200 -78 416 0.866 0 -0.5 0.5 0 0.866 0 -1 0 4733.dat
1 15 200 -78 392 0.866 0 -0.5 0.5 0 0.866 0 -1 0 4740.dat
1 38 200 -78 424 0.866 0 -0.5 0.5 0 0.866 0 -1 0 4740.dat
1 15 209 -93.588 406 -0.866 -0.5 0 -0.5 0.866 0 0 0 -1 4592.dat
1 15 191 -62.412 406 -0.866 0.5 0 -0.5 -0.866 0 0 0 1 4592.dat
1 15 184.412 -87 406 -0.5 0.866 0 0.866 0.5 0 0 0 -1 4592.dat
1 15 215.588 -69 406 -0.5 -0.866 0 0.866 -0.5 0 0 0 1 4592.dat
1 0 215.588 -69 406 0.5 -0.433 -0.749956 -0.866 -0.25 -0.433 0 0.866 -0.5 4593.dat
1 0 184.412 -87 406 -0.5 0.433 0.749956 0.866 0.25 0.433 0 0.866 -0.5 4593.dat
1 0 191 -62.412 406 0.866 0.25 0.433 0.5 -0.433 -0.749956 0 0.866 -0.5 4593.dat
1 0 209 -93.588 406 -0.866 -0.25 -0.433 -0.5 0.433 0.749956 0 0.866 -0.5 4593.dat
1 15 -210 -243 80 0.956305 0 -0.292372 0 1 0 0.292372 0 0.956305 2446.dat
1 38 -211.3437 -241.096 84.3952 0.956305 0.206738 -0.206738 0 0.707107 0.707107 0.292372 -0.67621 0.67621 6119.dat
1 14 -210 -243 80 0.956305 0 -0.292372 0 1 0 0.292372 0 0.956305 3626.dat
1 15 -210 -216 80 1 0 0 0 1 0 0 0 1 3838.dat
1 0 -210 -216 80 1 0 0 0 1 0 0 0 1 973.dat
