0 
0 Name: New Model.ldr
0 Author: 
1 0 -30 326 97 0 0 -1 -0.087 0.996 0 0.996 0.087 0 3703.dat
1 72 0 313.82 236.44 -1 0 0 0 0.996 0.087 0 0.087 -0.996 30000.dat
1 72 0 338.18 -42.44 -1 0 0 0 0.996 0.087 0 0.087 -0.996 30000.dat
1 71 0 330.74 157.63 -1 0 0 0 0.996 0.087 0 0.087 -0.996 62462.dat
1 0 -20 330.74 157.63 -1 0 0 0 0.996 0.087 0 0.087 -0.996 2780.dat
1 0 20 330.74 157.63 -1 0 0 0 0.996 0.087 0 0.087 -0.996 2780.dat
1 0 30 326 97 0 0 -1 -0.087 0.996 0 0.996 0.087 0 3703.dat
1 0 0 362.084 -40.352 -1 0 0 0 0.996 0.087 0 0.087 -0.996 4282.dat
1 0 0 337.724 238.528 -1 0 0 0 0.996 0.087 0 0.087 -0.996 4282.dat
1 0 60 338.18 -42.44 0 0 -1 -0.087 0.996 0 0.996 0.087 0 44126.dat
1 0 60 313.82 236.44 0 0 -1 -0.087 0.996 0 0.996 0.087 0 44126.dat
1 0 -60 313.82 236.44 0 0 1 0.087 0.996 0 -0.996 0.087 0 44126.dat
1 0 -60 338.18 -42.44 0 0 1 0.087 0.996 0 -0.996 0.087 0 44126.dat
1 0 0 304.982 245.704 1 0 0 0 0.996 -0.087 0 0.087 0.996 4162.dat
1 0 0 306.722 225.784 1 0 0 0 0.996 -0.087 0 0.087 0.996 4162.dat
1 0 0 329.342 -33.176 1 0 0 0 0.996 -0.087 0 0.087 0.996 4162.dat
1 0 0 331.082 -53.096 1 0 0 0 0.996 -0.087 0 0.087 0.996 4162.dat
1 0 140 345.692 239.224 1 0 0 0 0.996 -0.087 0 0.087 0.996 3022.dat
1 0 -140 345.692 239.224 1 0 0 0 0.996 -0.087 0 0.087 0.996 3022.dat
1 0 150 370.052 -39.656 0 0 1 0.087 0.996 0 -0.996 0.087 0 63868.dat
1 0 -150 370.052 -39.656 0 0 1 0.087 0.996 0 -0.996 0.087 0 63868.dat
1 0 130 370.052 -39.656 0 0 1 0.087 0.996 0 -0.996 0.087 0 3023.dat
1 0 -130 370.052 -39.656 0 0 1 0.087 0.996 0 -0.996 0.087 0 3023.dat
1 0 140 353.66 239.92 1 0 0 0 0.996 -0.087 0 0.087 0.996 3022.dat
1 0 -140 353.66 239.92 1 0 0 0 0.996 -0.087 0 0.087 0.996 3022.dat
1 0 140 378.02 -38.96 1 0 0 0 0.996 -0.087 0 0.087 0.996 3022.dat
1 0 -140 378.02 -38.96 1 0 0 0 0.996 -0.087 0 0.087 0.996 3022.dat
1 0 -10 327.26 197.47 0 -1 0 -0.883059 0 -0.469827 0.469827 0 -0.883059 32348.dat
1 0 0 239.7698 135.248 -1 0 0 0 0.988343 0.153974 0 0.153974 -0.988343 3705.dat
1 0 10 327.26 197.47 0 -1 0 -0.883059 0 -0.469827 0.469827 0 -0.883059 32348.dat
1 0 0 327.26 197.47 1 0 0 0 0.883059 0.469827 0 -0.469827 0.883059 3705.dat
1 0 30 335.96 97.87 -1 0 0 0 0.819036 0.573342 0 0.573342 -0.819036 32054.dat
1 0 -30 335.96 97.87 1 0 0 0 -0.865662 -0.500451 0 0.500451 -0.865662 32054.dat
1 0 30 300.356 114.832 -1 0 0 0 0.996 0.087 0 0.087 -0.996 42022.dat
1 0 30 303.836 74.992 1 0 0 0 0.996 -0.087 0 0.087 0.996 42022.dat
1 0 -30 300.356 114.832 -1 0 0 0 0.996 0.087 0 0.087 -0.996 42022.dat
1 0 -30 303.836 74.992 1 0 0 0 0.996 -0.087 0 0.087 0.996 42022.dat
1 0 0 195.991 111.8869 0 0 -1 -0.999585 0 0 0 0.999585 0 4282.dat
1 0 -10 195.9875 87.8915 0 0 -1 -0.999585 0 0 0 0.999585 0 3703.dat
1 0 10 195.9875 87.8915 0 0 -1 -0.999585 0 0 0 0.999585 0 3703.dat
1 0 0 175.9907 79.8954 0 0 -1 -0.999585 0 0 0 0.999585 0 3832.dat
1 0 0 315.9613 79.8769 0 0 -1 -0.999585 0 0 0 0.999585 0 3020.dat
1 0 20 255.9762 97.8806 1 0 0 0 0.999585 0 0 0 0.999585 2780.dat
1 0 -20 255.9762 97.8806 1 0 0 0 0.999585 0 0 0 0.999585 2780.dat
1 0 0 335.9537 55.8789 -1 0 0 0 0 0.999585 0 0.999585 0 44126.dat
1 0 -30 248.166 116.2888 0 1 0 0.920313 0 0.390501 0.390501 0 -0.920313 32523.dat
1 0 30 248.166 116.2888 0 1 0 0.920313 0 0.390501 0.390501 0 -0.920313 32523.dat
1 0 0 284.1436 -71.4672 -1 0 0 0 0.087609 0.996198 0 0.996198 -0.087609 90498.dat
1 72 -130 314.7207 -66.1177 -1 0 0 0 0.087609 0.996198 0 0.996198 -0.087609 2420.dat
1 72 130 314.7207 -66.1177 0 0 1 0.996198 0.087609 0 -0.087609 0.996198 0 2420.dat
1 72 -150 344.5997 -68.7356 0 0 1 0.996198 0.087609 0 -0.087609 0.996198 0 60478.dat
1 72 150 344.5997 -68.7356 0 0 1 0.996198 0.087609 0 -0.087609 0.996198 0 60478.dat
1 0 -140 325.3794 -59.0226 0 0 1 0.996198 0.087609 0 -0.087609 0.996198 0 2654.dat
1 0 140 325.3794 -59.0226 0 0 1 0.996198 0.087609 0 -0.087609 0.996198 0 2654.dat
