0 Main
0 Name: 4539 - Manual Level Crossing.mpd
0 Author: LTRON
1 0 -150.02 -104 -189.99 0 0 1 0 1 0 -1 0 0 4070.dat
1 0 -150.01 -104 -169.99 0 0 1 0 1 0 -1 0 0 4070.dat
1 0 -150.01 -80 -179.99 0 0 1 0 1 0 -1 0 0 3700.dat
1 0 -150.01 -56 -179.99 0 0 1 0 1 0 -1 0 0 3023.dat
1 0 -140.03 -64 189.99 1 0 0 0 1 0 0 0 1 3069.dat
1 0 -140.03 -56 189.99 1 0 0 0 1 0 0 0 1 3004.dat
1 0 -150.01 -48 -169.99 0 0 1 0 1 0 -1 0 0 3040.dat
1 0 -150.02 -48 -189.99 0 0 1 0 1 0 -1 0 0 3045.dat
1 0 -140.03 -32 189.99 1 0 0 0 1 0 0 0 1 3023.dat
1 0 -140 -24 190.01 1 0 0 0 1 0 0 0 1 3004.dat
1 0 -160.02 -24 -189.99 0 0 -1 0 1 0 1 0 0 3002.dat
1 36 -164.01 -94 -169.99 0 1 0 0 0 1 1 0 0 6141.dat
1 36 -164.01 -94 -189.99 0 1 0 0 0 1 1 0 0 6141.dat
1 15 -259.02 -8 -211.98 0 0 1 0 1 0 -1 0 0 3351ap01.dat
1 4 167.09 0 -273.27 0.87 0 -0.5 0 1 0 0.5 0 0.87 3741.dat
1 15 169.98 0 -210 0 0 -1 0 1 0 1 0 0 3741.dat
1 0 150.08 -104 189.93 0 0 -1 0 1 0 1 0 0 4070.dat
1 0 150.08 -104 169.93 0 0 -1 0 1 0 1 0 0 4070.dat
1 0 150.08 -80 179.93 0 0 -1 0 1 0 1 0 0 3700.dat
1 0 150.08 -56 179.93 0 0 -1 0 1 0 1 0 0 3023.dat
1 0 140.08 -64 -190.05 -1 0 0 0 1 0 0 0 -1 3069.dat
1 0 140.08 -56 -190.05 -1 0 0 0 1 0 0 0 -1 3004.dat
1 7 -120.01 -24 80.01 0 0 1 0 1 0 -1 0 0 4515.dat
1 7 -120.01 -24 -79.99 0 0 1 0 1 0 -1 0 0 4515.dat
1 7 119.99 -24 80.01 0 0 -1 0 1 0 1 0 0 4515.dat
1 7 119.99 -24 -79.99 0 0 -1 0 1 0 1 0 0 4515.dat
1 7 29.99 -24 -80 0 0 1 0 1 0 -1 0 0 4162.dat
1 7 9.99 -24 -80 0 0 1 0 1 0 -1 0 0 4162.dat
1 7 -10.01 -24 -80 0 0 1 0 1 0 -1 0 0 4162.dat
1 7 -30.01 -24 -80 0 0 1 0 1 0 -1 0 0 4162.dat
1 7 29.96 -24 80 0 0 1 0 1 0 -1 0 0 4162.dat
1 7 9.96 -24 80 0 0 1 0 1 0 -1 0 0 4162.dat
1 7 -10.04 -24 80 0 0 1 0 1 0 -1 0 0 4162.dat
1 7 -30.04 -24 80 0 0 1 0 1 0 -1 0 0 4162.dat
1 0 150.08 -48 169.93 0 0 -1 0 1 0 1 0 0 3040.dat
1 0 150.08 -48 189.93 0 0 -1 0 1 0 1 0 0 3045.dat
1 0 140.08 -32 -190.05 -1 0 0 0 1 0 0 0 -1 3023.dat
1 8 -0.01 -8 -159.99 0 0 -1 0 1 0 1 0 0 2865.dat
1 8 -0.01 -8 160.01 0 0 -1 0 1 0 1 0 0 2865.dat
1 7 -0.01 -16 80.01 1 0 0 0 1 0 0 0 1 3020.dat
1 7 -0.01 -16 0.01 1 0 0 0 1 0 0 0 1 3020.dat
1 7 -0.01 -16 -79.99 1 0 0 0 1 0 0 0 1 3020.dat
1 7 -0.01 -16 -149.99 1 0 0 0 1 0 0 0 1 3710.dat
1 7 -0.01 -16 150.01 1 0 0 0 1 0 0 0 1 3710.dat
1 0 140.05 -24 -190.07 -1 0 0 0 1 0 0 0 -1 3004.dat
1 0 159.99 -24 190.01 0 0 -1 0 1 0 1 0 0 3002.dat
1 36 164.08 -94 169.93 0 -1 0 0 0 1 -1 0 0 6141.dat
1 36 164.08 -94 189.93 0 -1 0 0 0 1 -1 0 0 6141.dat
1 15 259.09 -8 211.92 0 0 -1 0 1 0 1 0 0 3351ap01.dat
1 15 137 -70 180 -1 0 0 0 -0.5 0.866025 0 0.866025 0.5 80276.dat
1 0 128 -70 180 1 0 0 0 0.5 0.866025 0 -0.866025 0.5 70163.dat
1 7 140 -70 180 -1 0 0 0 0.5 -0.866025 0 -0.866025 -0.5 3749.dat
1 15 -137 -70 -180 1 0 0 0 -0.5 0.866025 0 -0.866025 -0.5 80276.dat
1 0 -128 -70 -180 -1 0 0 0 0.5 0.866025 0 0.866025 -0.5 70163.dat
1 7 -140 -70 -180 1 0 0 0 0.5 -0.866025 0 0.866025 0.5 3749.dat
