0 Main
0 Name: 1775-1 - Jet.mpd
0 Author: LTRON
1 2 -220 -8 431.433 -0.5 0 -0.866 0 1 0 0.866 0 -0.5 3036.dat
1 15 -254.64 -128 411.433 -0.866 0 0.5 0 1 0 -0.5 0 -0.866 4476.dat
1 15 -208.66 -80 391.793 0.5 0 0.866 0 1 0 -0.866 0 0.5 3684.dat
1 15 -191.34 -80 401.793 -0.5 0 -0.866 0 1 0 0.866 0 -0.5 3684.dat
1 15 -200 -104 396.793 0.5 0 0.866 0 1 0 -0.866 0 0.5 3003.dat
1 15 -185.36 -128 451.433 -0.866 0 0.5 0 1 0 -0.5 0 -0.866 4476.dat
1 15 -208.66 -128 391.793 0.5 0 0.866 0 1 0 -0.866 0 0.5 3660.dat
1 15 -191.34 -128 401.793 -0.5 0 -0.866 0 1 0 0.866 0 -0.5 3660.dat
1 15 -210 -136 414.113 -0.866 0 0.5 0 1 0 -0.5 0 -0.866 3032.dat
1 4 -212.32 -160 378.133 0.866 0 -0.5 0 1 0 0.5 0 0.866 3660.dat
1 4 -177.68 -160 398.133 0.866 0 -0.5 0 1 0 0.5 0 0.866 3660.dat
1 0 -220 -144 431.433 -0.866 0 0.5 0 1 0 -0.5 0 -0.866 3680.dat
1 4 -253.3 -160 389.113 -0.5 0 -0.866 0 1 0 0.866 0 -0.5 3010.dat
1 4 -166.7 -160 439.113 -0.5 0 -0.866 0 1 0 0.866 0 -0.5 3010.dat
1 0 -220.98 -168 373.133 0.999956 0 0 0 1 0 0 0 0.999956 4592.dat
1 7 -220.98 -168 373.133 0.999956 0 -0.000022 0 0.866 0.5 0 -0.499978 0.866 4593.dat
1 34 -169.02 -168 403.133 0.866 0 -0.5 0 1 0 0.5 0 0.866 6141.dat
1 15 -185 -184 370.813 -0.866 0 0.5 0 1 0 -0.5 0 -0.866 3039.dat
1 15 -253.3 -168 389.113 -0.5 0 -0.866 0 1 0 0.866 0 -0.5 3069.dat
1 15 -166.7 -168 439.113 0.5 0 0.866 0 1 0 -0.866 0 0.5 3069.dat
1 7 -220 -152 431.433 0.866 0 -0.5 0 1 0 0.5 0 0.866 4079.dat
1 43 -185 -256 370.813 0.866 0 -0.5 0 1 0 0.5 0 0.866 4872.dat
1 15 -185 -264 370.813 0.866 0 -0.5 0 1 0 0.5 0 0.866 3710.dat
1 43 -166.7 -256 439.113 -0.5 0 -0.866 0 1 0 0.866 0 -0.5 4872.dat
1 43 -253.3 -256 389.113 0.5 0 0.866 0 1 0 -0.866 0 0.5 4872.dat
1 7 -272.1 -272 343.3281 0.5 0 0.866 0 1 0 -0.866 0 0.5 2555.dat
1 15 -210 -264 414.113 0.866 0 -0.5 0 1 0 0.5 0 0.866 3030.dat
1 0 -190 -272 379.473 0.866 0 -0.5 0 1 0 0.5 0 0.866 3680.dat
1 15 -170 -264 344.833 0.866 0 -0.5 0 1 0 0.5 0 0.866 3020.dat
1 15 -267.7256 -297.187 335.7515 -0.866 0.433 0.25 0 0.5 -0.866 -0.5 -0.749956 -0.433 2540.dat
1 46 -272.912 -293.187 324.7354 -0.866 0.433 0.25 0 0.5 -0.866 -0.5 -0.749956 -0.433 3024.dat
1 46 -255.5925 -293.187 334.7363 -0.866 0.433 0.25 0 0.5 -0.866 -0.5 -0.749956 -0.433 3024.dat
1 0 -154.38 -272 457.773 -0.5 0 -0.866 0 1 0 0.866 0 -0.5 2569.dat
1 7 -181.34 -280 374.4734 0.499956 0 -0.866 0 1 0 0.866 0 0.499956 2540.dat
1 0 -217.9279 -315.2 395.3076 0.499956 -0.61486 -0.61486 0 0.71 -0.71 0.866 0.354969 0.354969 2440.dat
1 0 -231.299 -299.23 403.0269 0.61486 0.61486 -0.499956 0.71 -0.71 0 -0.354969 -0.354969 -0.866 3938.dat
1 7 -237.3506 -295.448 406.5206 0.612262 0.612262 -0.499956 0.707 -0.707 0 -0.353469 -0.353469 -0.866 4276.dat
1 7 -198.66 -280 384.4726 -0.499956 0 0.866 0 1 0 -0.866 0 -0.499956 2452.dat
1 7 -156.4269 -295.454 360.0907 -0.499956 0.749956 0.433 0 0.5 -0.866 -0.866 -0.432962 -0.249978 6019.dat
1 36 -162.4266 -299.454 363.5544 -0.499956 0.749956 0.433 0 0.5 -0.866 -0.866 -0.432962 -0.249978 6141.dat
