0 Main
0 Name: 21051 - Tokyo.mpd
0 Author: LTRON
1 0 0 0 0 1 0 0 0 1 0 0 0 1 87609.dat
1 0 0 0 30 1 0 0 0 1 0 0 0 1 3034.dat
1 0 120 0 0 1 0 0 0 1 0 0 0 1 87609.dat
1 0 -80 0 0 1 0 0 0 1 0 0 0 1 99206.dat
1 0 100 0 30 1 0 0 0 1 0 0 0 1 3022.dat
1 0 180 0 20 1 0 0 0 1 0 0 0 1 3666.dat
1 0 240 0 0 1 0 0 0 1 0 0 0 1 87609.dat
1 0 60 0 0 1 0 0 0 1 0 0 0 1 3023.dat
1 0 180 0 0 1 0 0 0 1 0 0 0 1 3023.dat
1 0 -50 0 0 1 0 0 0 1 0 0 0 1 3024.dat
1 0 -90 0 40 0 0 -1 0 1 0 1 0 0 3623.dat
1 0 40 6 -18 1 0 0 0 0 -1 0 1 0 3666.dat
1 0 180 6 -18 1 0 0 0 0 -1 0 1 0 4162.dat
1 0 -60 6 -18 1 0 0 0 0 -1 0 1 0 2431.dat
1 0 -20 8 50 1 0 0 0 1 0 0 0 1 3022.dat
1 0 80 8 50 1 0 0 0 1 0 0 0 1 3034.dat
1 0 -70 8 50 1 0 0 0 1 0 0 0 1 3021.dat
1 0 -10 0 60 1 0 0 0 1 0 0 0 1 3623.dat
1 0 90 0 60 1 0 0 0 1 0 0 0 1 3623.dat
1 0 -60 0 90 0 0 1 0 1 0 -1 0 0 3020.dat
1 0 -60 8 100 0 0 1 0 1 0 -1 0 0 3021.dat
1 0 40 0 130 0 0 1 0 1 0 -1 0 0 3034.dat
1 0 40 8 150 0 0 1 0 1 0 -1 0 0 3034.dat
1 0 40 0 220 1 0 0 0 1 0 0 0 1 3023.dat
1 0 480 0 0 1 0 0 0 1 0 0 0 1 87609.dat
1 0 480 0 30 1 0 0 0 1 0 0 0 1 3034.dat
1 0 560 0 0 1 0 0 0 1 0 0 0 1 99206.dat
1 0 360 0 0 1 0 0 0 1 0 0 0 1 87609.dat
1 0 420 0 0 1 0 0 0 1 0 0 0 1 3023.dat
1 0 300 0 0 1 0 0 0 1 0 0 0 1 3023.dat
1 0 530 0 0 1 0 0 0 1 0 0 0 1 3024.dat
1 0 320 0 30 1 0 0 0 1 0 0 0 1 3034.dat
1 0 570 0 40 0 0 1 0 1 0 -1 0 0 3623.dat
1 0 260 8 50 1 0 0 0 1 0 0 0 1 3034.dat
1 0 420 8 50 1 0 0 0 1 0 0 0 1 3034.dat
1 0 540 8 50 1 0 0 0 1 0 0 0 1 3020.dat
1 0 300 6 -18 1 0 0 0 0 -1 0 1 0 2431.dat
1 0 420 6 -18 1 0 0 0 0 -1 0 1 0 4162.dat
1 0 540 6 -18 1 0 0 0 0 -1 0 1 0 2431.dat
1 0 170 0 40 1 0 0 0 1 0 0 0 1 32124.dat
1 15 230 0 40 1 0 0 0 1 0 0 0 1 85861.dat
1 0 240 0 70 1 0 0 0 1 0 0 0 1 3034.dat
1 0 400 0 70 1 0 0 0 1 0 0 0 1 3034.dat
1 0 520 0 70 1 0 0 0 1 0 0 0 1 3020.dat
1 0 140 0 90 0 0 1 0 1 0 -1 0 0 3020.dat
1 15 170 8 60 0 0 1 0 1 0 -1 0 0 85861.dat
1 0 130 8 90 0 0 1 0 1 0 -1 0 0 3023.dat
1 0 140 8 120 1 0 0 0 1 0 0 0 1 3023.dat
1 0 540 8 110 0 0 1 0 1 0 -1 0 0 3020.dat
1 0 520 0 140 -1 0 0 0 1 0 0 0 -1 3710.dat
1 0 520 0 100 -1 0 0 0 1 0 0 0 -1 3710.dat
1 0 510 0 120 -1 0 0 0 1 0 0 0 -1 32124.dat
1 0 480 8 110 0 0 1 0 1 0 -1 0 0 3020.dat
1 0 470 0 140 0 0 1 0 1 0 -1 0 0 3024.dat
1 0 470 0 100 0 0 1 0 1 0 -1 0 0 3024.dat
1 0 510 8 140 0 0 1 0 1 0 -1 0 0 3024.dat
1 0 510 8 90 0 0 1 0 1 0 -1 0 0 3023.dat
1 0 220 8 90 1 0 0 0 1 0 0 0 1 3034.dat
1 0 380 8 90 1 0 0 0 1 0 0 0 1 3034.dat
1 71 -50 -8 20 1 0 0 0 1 0 0 0 1 11212.dat
1 71 40 -8 0 1 0 0 0 1 0 0 0 1 3794.dat
1 71 40 -8 220 1 0 0 0 1 0 0 0 1 3794.dat
1 71 150 -8 110 0 0 1 0 1 0 -1 0 0 3794.dat
1 71 110 -8 10 0 0 1 0 1 0 -1 0 0 3794.dat
1 71 -70 -8 110 0 0 1 0 1 0 -1 0 0 3794.dat
1 71 -50 -8 110 0 0 1 0 1 0 -1 0 0 3023.dat
1 71 130 -8 110 0 0 1 0 1 0 -1 0 0 3023.dat
1 71 40 -8 200 -1 0 0 0 1 0 0 0 -1 3023.dat
1 71 40 -8 20 -1 0 0 0 1 0 0 0 -1 3023.dat
1 71 -40 -8 60 -1 0 0 0 1 0 0 0 -1 3069.dat
1 71 -60 -8 80 -1 0 0 0 1 0 0 0 -1 3069.dat
1 71 -90 -8 10 0 0 1 0 1 0 -1 0 0 3069.dat
1 71 -10 -8 50 0 0 1 0 1 0 -1 0 0 3069.dat
1 71 -90 -8 60 0 0 1 0 1 0 -1 0 0 14719.dat
1 71 190 -8 60 -1 0 0 0 1 0 0 0 -1 14719.dat
1 71 160 -8 80 -1 0 0 0 1 0 0 0 -1 2431.dat
1 71 240 -8 80 -1 0 0 0 1 0 0 0 -1 2431.dat
1 71 160 -8 10 -1 0 0 0 1 0 0 0 -1 87079.dat
1 71 120 -8 50 -1 0 0 0 1 0 0 0 -1 87079.dat
1 71 40 -8 50 -1 0 0 0 1 0 0 0 -1 87079.dat
1 71 40 -8 150 0 0 -1 0 1 0 1 0 0 87079.dat
1 71 40 -8 90 0 0 -1 0 1 0 1 0 0 3068.dat
1 71 0 -8 10 0 0 -1 0 1 0 1 0 0 3068.dat
1 71 80 -8 10 0 0 -1 0 1 0 1 0 0 3068.dat
1 71 210 -8 30 0 0 1 0 1 0 -1 0 0 2431.dat
1 43 250 -8 10 0 0 1 0 1 0 -1 0 0 3069.dat
1 43 270 -8 10 0 0 1 0 1 0 -1 0 0 3069.dat
1 71 230 -8 10 0 0 1 0 1 0 -1 0 0 3794.dat
1 71 290 -8 10 0 0 1 0 1 0 -1 0 0 3794.dat
1 71 260 -8 60 -1 0 0 0 1 0 0 0 -1 3710.dat
1 72 240 -16 60 -1 0 0 0 1 0 0 0 -1 15573.dat
1 72 280 -16 60 -1 0 0 0 1 0 0 0 -1 15573.dat
1 72 240 0 40 1 0 0 0 1 0 0 0 1 85984.dat
1 72 280 0 40 1 0 0 0 1 0 0 0 1 85984.dat
1 71 320 -8 80 -1 0 0 0 1 0 0 0 -1 2431.dat
1 71 310 -8 60 0 0 1 0 1 0 -1 0 0 14719.dat
1 71 310 -8 10 0 0 1 0 1 0 -1 0 0 3069.dat
1 71 340 -8 0 -1 0 0 0 1 0 0 0 -1 3069.dat
1 71 400 -8 0 -1 0 0 0 1 0 0 0 -1 3069.dat
1 71 460 -8 0 -1 0 0 0 1 0 0 0 -1 3069.dat
1 71 400 -8 40 -1 0 0 0 1 0 0 0 -1 3069.dat
1 71 400 -8 60 -1 0 0 0 1 0 0 0 -1 3666.dat
1 71 400 -8 80 -1 0 0 0 1 0 0 0 -1 3710.dat
1 71 350 -8 30 -1 0 0 0 1 0 0 0 -1 3021.dat
1 71 450 -8 30 -1 0 0 0 1 0 0 0 -1 3021.dat
1 71 450 -8 80 -1 0 0 0 1 0 0 0 -1 3070.dat
1 71 480 -8 110 0 0 -1 0 1 0 1 0 0 87079.dat
1 71 540 -8 110 0 0 -1 0 1 0 1 0 0 87079.dat
1 71 510 -8 140 -1 0 0 0 1 0 0 0 -1 3070.dat
1 71 510 -8 90 0 0 1 0 1 0 -1 0 0 3069.dat
1 71 490 -8 40 1 0 0 0 1 0 0 0 1 14719.dat
1 71 490 -8 0 1 0 0 0 1 0 0 0 1 14719.dat
1 71 570 -8 0 0 0 -1 0 1 0 1 0 0 14719.dat
1 71 570 -8 40 0 0 -1 0 1 0 1 0 0 14719.dat
1 71 530 -8 60 -1 0 0 0 1 0 0 0 -1 3070.dat
1 71 530 -8 10 0 0 1 0 1 0 -1 0 0 3794.dat
1 71 470 -8 60 -1 0 0 0 1 0 0 0 -1 3070.dat
1 71 510 -8 60 -1 0 0 0 1 0 0 0 -1 3024.dat
1 71 550 -8 60 -1 0 0 0 1 0 0 0 -1 3024.dat
1 71 550 -8 20 -1 0 0 0 1 0 0 0 -1 3024.dat
1 71 510 -8 20 -1 0 0 0 1 0 0 0 -1 3024.dat
1 28 530 -8 40 -1 0 0 0 1 0 0 0 -1 3024.dat
1 28 -50 -16 20 -1 0 0 0 1 0 0 0 -1 3024.dat
1 72 -70 -16 40 -1 0 0 0 1 0 0 0 -1 25269.dat
1 72 -70 -16 0 0 0 1 0 1 0 -1 0 0 25269.dat
1 72 -30 -16 0 1 0 0 0 1 0 0 0 1 25269.dat
1 72 -30 -16 40 0 0 -1 0 1 0 1 0 0 25269.dat
1 72 -50 -16 40 0 0 -1 0 1 0 1 0 0 3070.dat
1 72 -30 -16 20 0 0 -1 0 1 0 1 0 0 3070.dat
1 72 -50 -16 0 0 0 -1 0 1 0 1 0 0 3070.dat
1 72 -70 -16 20 0 0 -1 0 1 0 1 0 0 3070.dat
1 15 -50 -16 110 0 0 -1 0 1 0 1 0 0 3069.dat
1 15 130 -16 110 0 0 -1 0 1 0 1 0 0 3069.dat
1 15 40 -16 20 -1 0 0 0 1 0 0 0 -1 3069.dat
1 15 40 -16 200 -1 0 0 0 1 0 0 0 -1 3069.dat
1 72 330 -16 20 0 0 1 0 1 0 -1 0 0 25269.dat
1 72 370 -16 20 1 0 0 0 1 0 0 0 1 25269.dat
1 72 430 -16 20 0 0 1 0 1 0 -1 0 0 25269.dat
1 72 470 -16 20 1 0 0 0 1 0 0 0 1 25269.dat
1 72 350 -16 40 -1 0 0 0 1 0 0 0 -1 2420.dat
1 72 450 -16 40 0 0 1 0 1 0 -1 0 0 2420.dat
1 72 370 -16 40 0 0 -1 0 1 0 1 0 0 3070.dat
1 72 430 -16 40 0 0 -1 0 1 0 1 0 0 3070.dat
1 72 450 -16 60 0 0 -1 0 1 0 1 0 0 3070.dat
1 72 350 -16 60 0 0 -1 0 1 0 1 0 0 3070.dat
1 72 380 -16 70 0 0 -1 0 1 0 1 0 0 87580.dat
1 72 420 -16 70 0 0 -1 0 1 0 1 0 0 87580.dat
1 47 530 -32 40 0 0 -1 0 1 0 1 0 0 3062.dat
1 71 530 -40 40 0 0 -1 0 1 0 1 0 0 20482.dat
1 4 40 -49.843 109.917 0.707 0 -0.707 0 1 0 0.707 0 0.707 60474.dat
1 0 40 -57.843 109.917 0.707 0 -0.707 0 1 0 0.707 0 0.707 18674.dat
1 0 40 -65.843 109.917 0.707 0 -0.707 0 1 0 0.707 0 0.707 18674.dat
1 4 68.263 -57.843 81.654 0.707 0 -0.707 0 1 0 0.707 0 0.707 3022.dat
1 4 11.737 -57.843 138.18 0.707 0 -0.707 0 1 0 0.707 0 0.707 3022.dat
1 70 75.329 -73.843 74.588 0.707 0 -0.707 0 1 0 0.707 0 0.707 99206.dat
1 70 4.671 -73.843 145.246 -0.707 0 0.707 0 1 0 -0.707 0 -0.707 99206.dat
1 4 68.263 -57.843 138.18 -0.707 0 -0.707 0 1 0 0.707 0 -0.707 18980.dat
1 0 75.329 -73.843 145.246 -0.707 0 -0.707 0 1 0 0.707 0 -0.707 99206.dat
1 4 11.737 -57.843 81.654 0.707 0 0.707 0 1 0 -0.707 0 0.707 18980.dat
1 0 4.671 -73.843 74.588 0.707 0 0.707 0 1 0 -0.707 0 0.707 99206.dat
1 4 40 -73.843 109.917 0.707 0 -0.707 0 1 0 0.707 0 0.707 60474.dat
1 4 11.737 -81.843 81.654 0.707 0 -0.707 0 1 0 0.707 0 0.707 3022.dat
1 4 68.263 -81.843 138.18 0.707 0 -0.707 0 1 0 0.707 0 0.707 3022.dat
1 4 11.737 -81.843 138.18 -0.707 0 0.707 0 1 0 -0.707 0 -0.707 18980.dat
1 4 68.263 -81.843 81.654 0.707 0 -0.707 0 1 0 0.707 0 0.707 18980.dat
1 4 96.526 -73.843 109.917 0 0 -1 0 1 0 1 0 0 61252.dat
1 4 40 -73.843 53.391 1 0 0 0 1 0 0 0 1 61252.dat
1 4 -16.526 -73.843 109.917 0 0 1 0 1 0 -1 0 0 61252.dat
1 4 40 -73.843 166.443 -1 0 0 0 1 0 0 0 -1 61252.dat
1 4 75.329 -81.843 74.588 0.707 0 -0.707 0 1 0 0.707 0 0.707 85984.dat
1 4 4.671 -81.843 145.246 -0.707 0 0.707 0 1 0 -0.707 0 -0.707 85984.dat
1 4 75.329 -81.843 145.246 -0.707 0 -0.707 0 1 0 0.707 0 -0.707 85984.dat
1 4 4.671 -81.843 74.588 0.707 0 0.707 0 1 0 -0.707 0 0.707 85984.dat
1 4 40 -48.035 204.792 0 0 -1 0.831 0.557 0 0.557 -0.831 0 18649.dat
1 4 40 -48.035 15.042 0 0 -1 -0.831 0.557 0 0.557 0.831 0 18649.dat
1 4 -54.867 -48.03 109.917 0.557 0.827 0 -0.831 0.554 0 0 0 0.996 18649.dat
1 4 134.875 -48.035 109.917 0.557 -0.831 0 0.831 0.557 0 0 0 1 18649.dat
1 4 40 -52.485 211.433 0 0 -1 0.831 0.557 0 0.557 -0.831 0 2412.dat
1 4 40 -52.485 8.401 0 0 -1 -0.831 0.557 0 0.557 0.831 0 2412.dat
1 4 -61.474 -52.458 109.917 0.557 0.827 0 -0.831 0.554 0 0 0 0.996 2412.dat
1 4 141.516 -52.485 109.917 0.557 -0.831 0 0.831 0.557 0 0 0 1 2412.dat
1 15 -69.917 -16 109.917 1 0 0 0 1 0 0 0 1 15712.dat
1 15 149.917 -16 109.917 1 0 0 0 1 0 0 0 1 15712.dat
1 15 40 -16 219.834 0 0 1 0 1 0 -1 0 0 15712.dat
1 15 40 -16 0 0 0 1 0 1 0 -1 0 0 15712.dat
1 4 -19.352 -27.843 50.565 -0.707 0.707 0 0 0 1 0.707 0.707 0 62360.dat
1 4 99.352 -27.843 169.269 0.707 -0.707 0 0 0 1 -0.707 -0.707 0 62360.dat
1 4 99.352 -27.843 50.565 -0.707 -0.707 0 0 0 1 -0.707 0.707 0 62360.dat
1 4 -19.352 -27.843 169.269 0.707 0.707 0 0 0 1 0.707 -0.707 0 62360.dat
1 15 40 -133.843 109.917 -1 0 0 0 -1 0 0 0 1 4733.dat
1 15 40 -125.843 109.917 -1 0 0 0 -1 0 0 0 1 3957.dat
1 15 40 -117.843 109.917 -1 0 0 0 -1 0 0 0 1 85861.dat
1 15 40 -93.843 109.917 -1 0 0 0 -1 0 0 0 1 4733.dat
1 4 40 -93.843 89.917 -1 0 0 0 -1 0 0 0 1 2449.dat
1 4 60 -93.843 109.917 0 0 -1 0 -1 0 -1 0 0 2449.dat
1 4 40 -93.843 129.917 1 0 0 0 -1 0 0 0 -1 2449.dat
1 4 20 -93.843 109.917 0 0 1 0 -1 0 1 0 0 2449.dat
1 4 40 -85.843 79.917 0 0 1 0 -1 0 1 0 0 2412.dat
1 4 70 -85.843 109.917 1 0 0 0 -1 0 0 0 -1 2412.dat
1 4 40 -85.843 139.917 0 0 1 0 -1 0 1 0 0 2412.dat
1 4 10 -85.843 109.917 1 0 0 0 -1 0 0 0 -1 2412.dat
1 0 40 -165.843 109.917 1 0 0 0 -1 0 0 0 -1 11212.dat
1 15 40 -173.843 109.917 1 0 0 0 -1 0 0 0 -1 11212.dat
1 15 40 -181.843 109.917 1 0 0 0 -1 0 0 0 -1 4032.dat
1 15 20 -157.843 89.917 1 0 0 0 -1 0 0 0 -1 3070.dat
1 15 20 -157.843 129.917 1 0 0 0 -1 0 0 0 -1 3070.dat
1 15 60 -157.843 129.917 1 0 0 0 -1 0 0 0 -1 3070.dat
1 15 60 -157.843 89.917 1 0 0 0 -1 0 0 0 -1 3070.dat
1 297 40 -281.343 109.917 -1 0 0 0 -1 0 0 0 1 63965.dat
1 15 40 -269.843 109.917 -1 0 0 0 -1 0 0 0 1 4733.dat
1 15 40 -293.843 109.917 -1 0 0 0 -1 0 0 0 1 85861.dat
1 15 40 -301.843 109.917 -1 0 0 0 -1 0 0 0 1 85861.dat
1 4 40 -289.843 91.917 0 0 -1 -1 0 0 0 1 0 2412.dat
1 4 40 -289.843 127.917 0 0 1 -1 0 0 0 -1 0 2412.dat
1 4 22 -289.843 109.917 0 1 0 -1 0 0 0 0 1 2412.dat
1 4 58 -289.843 109.917 0 -1 0 -1 0 0 0 0 -1 2412.dat
1 15 40 -253.843 109.917 -1 0 0 0 -1 0 0 0 1 85861.dat
1 15 40 -261.843 109.917 -1 0 0 0 -1 0 0 0 1 85861.dat
1 15 40 -229.843 109.917 -1 0 0 0 -1 0 0 0 1 4733.dat
1 15 40 -249.843 91.917 0 0 -1 -1 0 0 0 1 0 2412.dat
1 15 40 -249.843 127.917 0 0 1 -1 0 0 0 -1 0 2412.dat
1 15 22 -249.843 109.917 0 1 0 -1 0 0 0 0 1 2412.dat
1 15 58 -249.843 109.917 0 -1 0 -1 0 0 0 0 -1 2412.dat
1 15 40 -213.843 109.917 -1 0 0 0 -1 0 0 0 1 85861.dat
1 15 40 -221.843 109.917 -1 0 0 0 -1 0 0 0 1 85861.dat
1 15 40 -189.843 109.917 -1 0 0 0 -1 0 0 0 1 4733.dat
1 4 40 -209.843 83.917 0 0 -1 -1 0 0 0 1 0 2412.dat
1 4 40 -209.843 135.917 0 0 1 -1 0 0 0 -1 0 2412.dat
1 4 14 -209.843 109.917 0 1 0 -1 0 0 0 0 1 2412.dat
1 4 66 -209.843 109.917 0 -1 0 -1 0 0 0 0 -1 2412.dat
1 4 40 -209.843 91.917 0 0 1 1 0 0 0 1 0 32028.dat
1 4 40 -209.843 127.917 0 0 -1 1 0 0 0 -1 0 32028.dat
1 4 22 -209.843 109.917 0 1 0 1 0 0 0 0 -1 32028.dat
1 4 58 -209.843 109.917 0 -1 0 1 0 0 0 0 1 32028.dat
1 0 40 -376.843 109.917 1 0 0 0 1 0 0 0 1 87994.dat
1 15 40 -372.843 109.917 1 0 0 0 1 0 0 0 1 4740.dat
1 0 40 -357.843 109.917 1 0 0 0 -1 0 0 0 -1 18674.dat
1 15 40 -349.843 109.917 1 0 0 0 -1 0 0 0 -1 4740.dat
1 15 40 -341.843 109.917 1 0 0 0 -1 0 0 0 -1 85861.dat
1 15 40 -333.843 109.917 1 0 0 0 -1 0 0 0 -1 85861.dat
1 15 40 -309.843 109.917 1 0 0 0 -1 0 0 0 -1 4733.dat
1 15 40 -329.843 91.917 0 0 -1 -1 0 0 0 1 0 2412.dat
1 15 40 -329.843 127.917 0 0 1 -1 0 0 0 -1 0 2412.dat
1 15 22 -329.843 109.917 0 1 0 -1 0 0 0 0 1 2412.dat
1 15 58 -329.843 109.917 0 -1 0 -1 0 0 0 0 -1 2412.dat
1 4 40 -396.843 109.917 1 0 0 0 1 0 0 0 1 3062.dat
1 4 40 -420.843 109.917 1 0 0 0 1 0 0 0 1 3062.dat
1 15 40 -428.843 109.917 1 0 0 0 1 0 0 0 1 3957.dat
1 15 40 -452.843 109.917 1 0 0 0 1 0 0 0 1 59900.dat
1 28 -50 -24 20 1 0 0 0 1 0 0 0 1 3024.dat
1 378 -50 -32 20 1 0 0 0 1 0 0 0 1 87580.dat
1 28 -50 -40 20 1 0 0 0 1 0 0 0 1 3024.dat
1 378 -50 -48 20 1 0 0 0 1 0 0 0 1 87580.dat
1 28 -50 -56 20 1 0 0 0 1 0 0 0 1 3024.dat
1 378 -50 -64 20 1 0 0 0 1 0 0 0 1 87580.dat
1 28 -50 -72 20 1 0 0 0 1 0 0 0 1 3024.dat
1 378 -50 -80 20 1 0 0 0 1 0 0 0 1 87580.dat
1 28 -50 -88 20 1 0 0 0 1 0 0 0 1 3024.dat
1 378 -50 -96 20 1 0 0 0 1 0 0 0 1 87580.dat
1 0 -50 -104 20 1 0 0 0 1 0 0 0 1 3024.dat
1 297 -50 -128 20 1 0 0 0 1 0 0 0 1 59900.dat
1 484 110 -18 10 0.707 0 -0.707 0 1 0 0.707 0 0.707 19119.dat
1 29 98.3345 -45.383 -1.6655 0.612262 0.3535 -0.707 -0.5 0.866 0 0.612262 0.3535 0.707 24866.dat
1 29 127.938 -30.235 27.938 0.241794 -0.66458 -0.707 0.94 0.342 0 0.241794 -0.66458 0.707 24866.dat
1 29 105.7304 -45.383 25.9351 0.224119 0.129381 0.965762 -0.5 0.866 0 -0.836381 -0.482881 0.258762 24866.dat
1 29 116.5659 -30.235 -14.5039 0.088375 -0.243208 0.965762 0.94 0.342 0 -0.330169 0.907788 0.258762 24866.dat
1 29 125.9351 -45.383 5.7304 -0.836381 -0.482881 -0.258762 -0.5 0.866 0 0.224119 0.129381 -0.965762 24866.dat
1 29 85.4961 -30.235 16.5659 -0.330169 0.907788 -0.258762 0.94 0.342 0 0.088375 -0.243208 -0.965762 24866.dat
1 28 260 -32 60 1 0 0 0 1 0 0 0 1 3623.dat
1 28 240 -40 60 1 0 0 0 1 0 0 0 1 3024.dat
1 28 280 -40 60 1 0 0 0 1 0 0 0 1 3024.dat
1 28 280 -24 60 1 0 0 0 1 0 0 0 1 3024.dat
1 28 240 -24 60 1 0 0 0 1 0 0 0 1 3024.dat
1 0 240 -48 60 1 0 0 0 1 0 0 0 1 87580.dat
1 0 280 -48 60 1 0 0 0 1 0 0 0 1 87580.dat
1 28 260 -56 60 1 0 0 0 1 0 0 0 1 3623.dat
1 15 240 -64 60 1 0 0 0 1 0 0 0 1 3024.dat
1 15 280 -64 60 1 0 0 0 1 0 0 0 1 3024.dat
1 15 260 -64 60 1 0 0 0 1 0 0 0 1 3070.dat
1 0 240 -72 60 1 0 0 0 1 0 0 0 1 87580.dat
1 0 280 -72 60 1 0 0 0 1 0 0 0 1 87580.dat
1 0 260 -80 60 1 0 0 0 1 0 0 0 1 63864.dat
1 484 230 -18 10 0 0 -1 0 1 0 1 0 0 19119.dat
1 29 230 -45.383 -6.5 0 0 -1 -0.5 0.866 0 0.866 0.5 0 24866.dat
1 29 230 -30.235 35.372 0 0 -1 0.94 0.342 0 0.342 -0.94 0 24866.dat
1 29 215.711 -45.383 18.25 0.75 0.433 0.5 -0.5 0.866 0 -0.433 -0.25 0.866 24866.dat
1 29 251.973 -30.235 -2.686 0.296 -0.814 0.5 0.94 0.342 0 -0.171 0.47 0.866 24866.dat
1 29 244.289 -45.383 18.25 -0.75 -0.433 0.5 -0.5 0.866 0 -0.433 -0.25 -0.866 24866.dat
1 29 208.027 -30.235 -2.686 -0.296 0.814 0.5 0.94 0.342 0 -0.171 0.47 -0.866 24866.dat
1 484 290 -18 10 0.707 0 -0.707 0 1 0 0.707 0 0.707 19119.dat
1 29 278.3345 -45.383 -1.6655 0.612262 0.3535 -0.707 -0.5 0.866 0 0.612262 0.3535 0.707 24866.dat
1 29 307.938 -30.235 27.938 0.241794 -0.66458 -0.707 0.94 0.342 0 0.241794 -0.66458 0.707 24866.dat
1 29 285.7304 -45.383 25.9351 0.224119 0.129381 0.965762 -0.5 0.866 0 -0.836381 -0.482881 0.258762 24866.dat
1 29 296.5659 -30.235 -14.5039 0.088375 -0.243208 0.965762 0.94 0.342 0 -0.330169 0.907788 0.258762 24866.dat
1 29 305.9351 -45.383 5.7304 -0.836381 -0.482881 -0.258762 -0.5 0.866 0 0.224119 0.129381 -0.965762 24866.dat
1 29 265.4961 -30.235 16.5659 -0.330169 0.907788 -0.258762 0.94 0.342 0 0.088375 -0.243208 -0.965762 24866.dat
1 19 350 -56 40 0 0 -1 0 1 0 1 0 0 32952.dat
1 19 350 -96 40 0 0 -1 0 1 0 1 0 0 32952.dat
1 57 368 -76 40 0 -1 0 1 0 0 0 0 1 3069.dat
1 57 368 -36 40 0 -1 0 1 0 0 0 0 1 3069.dat
1 272 450 -56 40 0 0 1 0 1 0 -1 0 0 32952.dat
1 272 450 -96 40 0 0 1 0 1 0 -1 0 0 32952.dat
1 272 432 -56 40 0 1 0 1 0 0 0 0 -1 2431.dat
1 272 380 -56 70 0.966 0 -0.259 0 1 0 0.259 0 0.966 32952.dat
1 272 380 -96 70 0.966 0 -0.259 0 1 0 0.259 0 0.966 32952.dat
1 272 384.662 -56 52.612 0 -0.259 0.966 1 0 0 0 0.966 0.259 2431.dat
1 15 420 -56 70 0.966 0 0.259 0 1 0 -0.259 0 0.966 32952.dat
1 15 420 -96 70 0.966 0 0.259 0 1 0 -0.259 0 0.966 32952.dat
1 43 415.338 -26 52.612 0 0.259 -0.966 -1 0 0 0 0.966 0.259 3070.dat
1 15 330 -56 40 1 0 0 0 1 0 0 0 1 32952.dat
1 15 330 -96 40 1 0 0 0 1 0 0 0 1 32952.dat
1 34 330 -86 30 0 0 1 1 0 0 0 1 0 54200.dat
1 43 330 -66 30 0 0 1 1 0 0 0 1 0 54200.dat
1 43 330 -26 30 0 0 1 1 0 0 0 1 0 54200.dat
1 46 330 -46 30 0 0 1 1 0 0 0 1 0 54200.dat
1 15 470 -56 40 1 0 0 0 1 0 0 0 1 32952.dat
1 15 470 -96 40 1 0 0 0 1 0 0 0 1 32952.dat
1 57 470 -86 22 1 0 0 0 0 -1 0 1 0 3070.dat
1 57 470 -56 22 0 0 -1 -1 0 0 0 1 0 3069.dat
1 36 450 -24 20 1 0 0 0 1 0 0 0 1 6141.dat
1 37 450 -32 20 1 0 0 0 1 0 0 0 1 6141.dat
1 37 450 -40 20 1 0 0 0 1 0 0 0 1 6141.dat
1 57 450 -48 20 1 0 0 0 1 0 0 0 1 6141.dat
1 46 450 -56 20 1 0 0 0 1 0 0 0 1 6141.dat
1 42 450 -64 20 1 0 0 0 1 0 0 0 1 6141.dat
1 35 450 -72 20 1 0 0 0 1 0 0 0 1 6141.dat
1 34 450 -80 20 1 0 0 0 1 0 0 0 1 6141.dat
1 33 450 -88 20 1 0 0 0 1 0 0 0 1 6141.dat
1 33 350 -24 20 1 0 0 0 1 0 0 0 1 6141.dat
1 73 350 -48 20 1 0 0 0 1 0 0 0 1 26604.dat
1 73 350 -56 20 1 0 0 0 1 0 0 0 1 3024.dat
1 73 350 -64 20 1 0 0 0 1 0 0 0 1 3024.dat
1 73 350 -88 20 1 0 0 0 1 0 0 0 1 26604.dat
1 36 350 -48 2 0 0 -1 -1 0 0 0 1 0 2412.dat
1 36 368 -38 20 0 -1 0 -1 0 0 0 0 -1 3070.dat
1 35 368 -68 20 0 -1 0 -1 0 0 0 0 -1 3069.dat
1 272 510 -32 60 1 0 0 0 1 0 0 0 1 3005.dat
1 272 550 -32 60 1 0 0 0 1 0 0 0 1 3005.dat
1 272 550 -32 20 1 0 0 0 1 0 0 0 1 3005.dat
1 272 510 -32 20 1 0 0 0 1 0 0 0 1 3005.dat
1 47 530 -16 10 1 0 0 0 1 0 0 0 1 3024.dat
1 47 530 -16 10 1 0 0 0 1 0 0 0 1 22388.dat
1 19 510 -32 20 1 0 0 0 1 0 0 0 1 22388.dat
1 19 510 -32 60 1 0 0 0 1 0 0 0 1 22388.dat
1 19 550 -32 60 1 0 0 0 1 0 0 0 1 22388.dat
1 19 550 -32 20 1 0 0 0 1 0 0 0 1 22388.dat
1 19 530 -52 40 -1 0 0 0 -1 0 0 0 1 3031.dat
1 19 560 -52 10 -1 0 0 0 -1 0 0 0 1 22388.dat
1 19 560 -52 30 -1 0 0 0 -1 0 0 0 1 22388.dat
1 19 560 -52 50 -1 0 0 0 -1 0 0 0 1 22388.dat
1 19 540 -52 10 -1 0 0 0 -1 0 0 0 1 22388.dat
1 19 520 -52 10 -1 0 0 0 -1 0 0 0 1 22388.dat
1 19 500 -52 10 -1 0 0 0 -1 0 0 0 1 22388.dat
1 19 500 -52 30 -1 0 0 0 -1 0 0 0 1 22388.dat
1 19 500 -52 50 -1 0 0 0 -1 0 0 0 1 22388.dat
1 19 500 -52 70 -1 0 0 0 -1 0 0 0 1 22388.dat
1 19 520 -52 70 -1 0 0 0 -1 0 0 0 1 22388.dat
1 19 540 -52 70 -1 0 0 0 -1 0 0 0 1 22388.dat
1 19 560 -52 70 -1 0 0 0 -1 0 0 0 1 22388.dat
1 28 530 -44 40 -1 0 0 0 -1 0 0 0 1 18674.dat
1 272 510 -60 20 -1 0 0 0 -1 0 0 0 1 3024.dat
1 272 510 -68 20 -1 0 0 0 -1 0 0 0 1 3024.dat
1 272 550 -68 20 -1 0 0 0 -1 0 0 0 1 3024.dat
1 272 550 -60 20 -1 0 0 0 -1 0 0 0 1 3024.dat
1 272 550 -68 60 -1 0 0 0 -1 0 0 0 1 3024.dat
1 272 550 -60 60 -1 0 0 0 -1 0 0 0 1 3024.dat
1 272 510 -68 60 -1 0 0 0 -1 0 0 0 1 3024.dat
1 272 510 -60 60 -1 0 0 0 -1 0 0 0 1 3024.dat
1 0 170 -68 58 0 0 1 -1 0 0 0 -1 0 32124.dat
1 15 170 -168 74 0 0 1 -1 0 0 0 -1 0 3022.dat
1 15 160 -148 66 0 0 1 -1 0 0 0 -1 0 3023.dat
1 15 180 -148 66 0 0 1 -1 0 0 0 -1 0 18677.dat
1 15 170 -188 66 0 0 1 -1 0 0 0 -1 0 3022.dat
1 0 200 -158 56 -1 0 0 0 -1 0 0 0 1 15100.dat
1 1 200 -148 56 0 -1 0 1 0 0 0 0 1 4274.dat
1 0 200 -140 56 -1 0 0 0 -1 0 0 0 1 85861.dat
1 15 200 -132 56 -1 0 0 0 -1 0 0 0 1 85861.dat
1 72 200 -120.5 56 -1 0 0 0 1 0 0 0 -1 63965.dat
1 272 200 -108 56 -1 0 0 0 -1 0 0 0 1 3062.dat
1 15 200 -100 56 -1 0 0 0 -1 0 0 0 1 85861.dat
1 272 200 -76 56 -1 0 0 0 -1 0 0 0 1 3062.dat
1 15 200 -68 56 -1 0 0 0 -1 0 0 0 1 85861.dat
1 272 200 -44 56 -1 0 0 0 -1 0 0 0 1 3062.dat
1 15 200 -36 56 -1 0 0 0 -1 0 0 0 1 85861.dat
1 0 200 -12 56 -1 0 0 0 -1 0 0 0 1 59900.dat
1 0 170 -268 58 0 0 -1 1 0 0 0 -1 0 32124.dat
1 71 170 -68 40 1 0 0 0 1 0 0 0 1 57585.dat
1 70 170 -60 40 0 1 0 -1 0 0 0 0 1 24316.dat
1 71 170 -83 40 0 1 0 0 0 -1 -1 0 0 32123.dat
1 71 170 -53 40 0 1 0 0 0 -1 -1 0 0 32123.dat
1 72 170 -28 40 0 1 0 0 0 -1 -1 0 0 59443.dat
1 4 170 -8 40 0 1 0 -1 0 0 0 0 1 32062.dat
1 0 170 -328 40 0 0 1 0 1 0 -1 0 0 85861.dat
1 0 170 -320 40 0 0 1 0 1 0 -1 0 0 85861.dat
1 0 170 -312 40 0 0 1 0 1 0 -1 0 0 59900.dat
1 14 170 -274 40 0 0 1 -1 0 0 0 -1 0 4519.dat
1 71 170 -283 40 -1 0 0 0 0 -1 0 -1 0 32123.dat
1 71 170 -268 40 -1 0 0 0 -1 0 0 0 1 57585.dat
1 0 154.411 -68 31 0 0.866 -0.5 -1 0 0 0 0.5 0.866 32124.dat
1 15 140.555 -168 23 0 0.866 -0.5 -1 0 0 0 0.5 0.866 3022.dat
1 15 152.483 -148 18.34 0 0.866 -0.5 -1 0 0 0 0.5 0.866 3023.dat
1 15 142.483 -148 35.66 0 0.866 -0.5 -1 0 0 0 0.5 0.866 18677.dat
1 15 147.483 -188 27 0 0.866 -0.5 -1 0 0 0 0.5 0.866 3022.dat
1 0 141.143 -158 57.98 0.5 0 -0.866 0 -1 0 -0.866 0 -0.5 15100.dat
1 1 141.143 -148 57.98 0 0.5 -0.866 1 0 0 0 -0.866 -0.5 4274.dat
1 0 141.143 -140 57.98 0.5 0 -0.866 0 -1 0 -0.866 0 -0.5 85861.dat
1 15 141.143 -132 57.98 0.5 0 -0.866 0 -1 0 -0.866 0 -0.5 85861.dat
1 72 141.143 -120.5 57.98 0.5 0 0.866 0 1 0 -0.866 0 0.5 63965.dat
1 272 141.143 -108 57.98 0.5 0 -0.866 0 -1 0 -0.866 0 -0.5 3062.dat
1 15 141.143 -100 57.98 0.5 0 -0.866 0 -1 0 -0.866 0 -0.5 85861.dat
1 272 141.143 -76 57.98 0.5 0 -0.866 0 -1 0 -0.866 0 -0.5 3062.dat
1 15 141.143 -68 57.98 0.5 0 -0.866 0 -1 0 -0.866 0 -0.5 85861.dat
1 272 141.143 -44 57.98 0.5 0 -0.866 0 -1 0 -0.866 0 -0.5 3062.dat
1 15 141.143 -36 57.98 0.5 0 -0.866 0 -1 0 -0.866 0 -0.5 85861.dat
1 0 141.143 -12 57.98 0.5 0 -0.866 0 -1 0 -0.866 0 -0.5 59900.dat
1 0 154.411 -268 31 0 0.866 0.5 1 0 0 0 0.5 -0.866 32124.dat
1 0 185.589 -68 31 0 -0.866 -0.5 -1 0 0 0 0.5 -0.866 32124.dat
1 15 199.445 -168 23 0 -0.866 -0.5 -1 0 0 0 0.5 -0.866 3022.dat
1 15 197.517 -148 35.66 0 -0.866 -0.5 -1 0 0 0 0.5 -0.866 3023.dat
1 15 187.517 -148 18.34 0 -0.866 -0.5 -1 0 0 0 0.5 -0.866 18677.dat
1 15 192.517 -188 27 0 -0.866 -0.5 -1 0 0 0 0.5 -0.866 3022.dat
1 0 168.857 -158 6.02 0.5 0 0.866 0 -1 0 0.866 0 -0.5 15100.dat
1 1 168.857 -148 6.02 0 0.5 0.866 1 0 0 0 0.866 -0.5 4274.dat
1 0 168.857 -140 6.02 0.5 0 0.866 0 -1 0 0.866 0 -0.5 85861.dat
1 15 168.857 -132 6.02 0.5 0 0.866 0 -1 0 0.866 0 -0.5 85861.dat
1 72 168.857 -120.5 6.02 0.5 0 -0.866 0 1 0 0.866 0 0.5 63965.dat
1 272 168.857 -108 6.02 0.5 0 0.866 0 -1 0 0.866 0 -0.5 3062.dat
1 15 168.857 -100 6.02 0.5 0 0.866 0 -1 0 0.866 0 -0.5 85861.dat
1 272 168.857 -76 6.02 0.5 0 0.866 0 -1 0 0.866 0 -0.5 3062.dat
1 15 168.857 -68 6.02 0.5 0 0.866 0 -1 0 0.866 0 -0.5 85861.dat
1 272 168.857 -44 6.02 0.5 0 0.866 0 -1 0 0.866 0 -0.5 3062.dat
1 15 168.857 -36 6.02 0.5 0 0.866 0 -1 0 0.866 0 -0.5 85861.dat
1 0 168.857 -12 6.02 0.5 0 0.866 0 -1 0 0.866 0 -0.5 59900.dat
1 0 185.589 -268 31 0 -0.866 0.5 1 0 0 0 0.5 0.866 32124.dat
1 15 170 -336 40 0 0 -1 0 1 0 1 0 0 4740.dat
1 15 168.857 -176 6.019 1 0 0 0 1 0 0 0 1 85861.dat
1 272 168.857 -200 6.019 1 0 0 0 1 0 0 0 1 3062.dat
1 15 168.857 -208 6.019 1 0 0 0 1 0 0 0 1 85861.dat
1 272 168.857 -232 6.019 1 0 0 0 1 0 0 0 1 3062.dat
1 15 168.857 -240 6.019 1 0 0 0 1 0 0 0 1 85861.dat
1 0 168.857 -264 6.019 1 0 0 0 1 0 0 0 1 59900.dat
1 15 200 -176 56 1 0 0 0 1 0 0 0 1 85861.dat
1 272 200 -200 56 1 0 0 0 1 0 0 0 1 3062.dat
1 15 200 -208 56 1 0 0 0 1 0 0 0 1 85861.dat
1 272 200 -232 56 1 0 0 0 1 0 0 0 1 3062.dat
1 15 200 -240 56 1 0 0 0 1 0 0 0 1 85861.dat
1 0 200 -264 56 1 0 0 0 1 0 0 0 1 59900.dat
1 15 141.143 -176 57.981 1 0 0 0 1 0 0 0 1 85861.dat
1 272 141.143 -200 57.981 1 0 0 0 1 0 0 0 1 3062.dat
1 15 141.143 -208 57.981 1 0 0 0 1 0 0 0 1 85861.dat
1 272 141.143 -232 57.981 1 0 0 0 1 0 0 0 1 3062.dat
1 15 141.143 -240 57.981 1 0 0 0 1 0 0 0 1 85861.dat
1 0 141.143 -264 57.981 1 0 0 0 1 0 0 0 1 59900.dat
1 379 220 -16 100 1 0 0 0 1 0 0 0 1 3009.dat
1 379 400 -16 100 1 0 0 0 1 0 0 0 1 3009.dat
1 379 330 -16 100 1 0 0 0 1 0 0 0 1 3005.dat
1 379 300 -16 100 1 0 0 0 1 0 0 0 1 3004.dat
1 379 400 -40 100 1 0 0 0 1 0 0 0 1 3004.dat
1 379 220 -40 100 1 0 0 0 1 0 0 0 1 3004.dat
1 379 250 -40 100 1 0 0 0 1 0 0 0 1 3005.dat
1 379 320 -40 100 1 0 0 0 1 0 0 0 1 3009.dat
1 379 430 -40 100 0 0 -1 0 1 0 1 0 0 3040.dat
1 379 190 -40 100 0 0 1 0 1 0 -1 0 0 3040.dat
1 379 410 -64 100 0 0 -1 0 1 0 1 0 0 3040.dat
1 379 210 -64 100 0 0 1 0 1 0 -1 0 0 3040.dat
1 379 380 -64 100 1 0 0 0 1 0 0 0 1 3004.dat
1 379 350 -64 100 1 0 0 0 1 0 0 0 1 3005.dat
1 379 280 -64 100 1 0 0 0 1 0 0 0 1 3009.dat
1 379 390 -88 100 0 0 -1 0 1 0 1 0 0 3040.dat
1 379 230 -88 100 0 0 1 0 1 0 -1 0 0 3040.dat
1 379 300 -88 100 1 0 0 0 1 0 0 0 1 3009.dat
1 379 370 -88 100 1 0 0 0 1 0 0 0 1 3005.dat
1 379 370 -112 100 0 0 -1 0 1 0 1 0 0 3040.dat
1 379 250 -112 100 0 0 1 0 1 0 -1 0 0 3040.dat
1 379 340 -112 100 1 0 0 0 1 0 0 0 1 3004.dat
1 379 270 -112 100 1 0 0 0 1 0 0 0 1 3005.dat
1 379 300 -96 100 1 0 0 0 1 0 0 0 1 3023.dat
1 379 300 -104 100 1 0 0 0 1 0 0 0 1 3023.dat
1 379 290 -128 100 0 0 -1 0 1 0 1 0 0 3040.dat
1 15 290 -136 100 0 0 -1 0 1 0 1 0 0 3024.dat
1 15 350 -136 100 0 0 -1 0 1 0 1 0 0 3040.dat
1 15 330 -136 100 0 0 1 0 1 0 -1 0 0 3665.dat
1 379 270 -136 100 0 0 1 0 1 0 -1 0 0 3040.dat
1 15 330 -160 100 0 0 -1 0 1 0 1 0 0 3040.dat
1 15 310 -160 100 0 0 1 0 1 0 -1 0 0 4286.dat
1 15 320 -168 100 -1 0 0 0 1 0 0 0 -1 3069.dat
1 14 510 -14 120 0 1 0 1 0 0 0 0 -1 4519.dat
1 72 510 -44 120 0 1 0 0 0 -1 -1 0 0 59443.dat
1 0 510 -164 120 0 1 0 1 0 0 0 0 -1 3708.dat
1 72 510 -284 120 0 1 0 0 0 -1 -1 0 0 59443.dat
1 0 510 -72 120 0 0 1 0 1 0 -1 0 0 4032.dat
1 0 510 -24 120 0 0 1 0 1 0 -1 0 0 4032.dat
1 179 510 -16 120 -1 0 0 0 1 0 0 0 -1 75937.dat
1 0 510 -452 120 1 0 0 0 -1 0 0 0 -1 4032.dat
1 0 510 -444 120 1 0 0 0 -1 0 0 0 -1 60474.dat
1 72 510 -424 120 1 0 0 0 0 1 0 -1 0 59443.dat
1 0 510 -396 120 1 0 0 0 -1 0 0 0 -1 4742.dat
1 71 510 -354 120 0 -1 0 -1 0 0 0 0 -1 44294.dat
1 72 510 -452.5 120 -1 0 0 0 1 0 0 0 -1 63965.dat
1 71 510 -472.5 120 -1 0 0 0 0 -1 0 -1 0 11208.dat
1 71 510 -497.5 120 -1 0 0 0 0 -1 0 -1 0 11208.dat
1 0 510 -514 120 -1 0 0 0 -1 0 0 0 1 43898.dat
1 0 510 -527 120 -1 0 0 0 -1 0 0 0 1 2723.dat
1 15 510 -541 120 -1 0 0 0 -1 0 0 0 1 3062.dat
1 15 510 -677 120 1 0 0 0 -1 0 0 0 -1 37762.dat
1 15 510 -645 120 1 0 0 0 -1 0 0 0 -1 37762.dat
1 0 510 -563 120 1 0 0 0 -1 0 0 0 -1 87994.dat
1 15 510 -589 120 1 0 0 0 -1 0 0 0 -1 3062.dat
1 15 510 -565 120 1 0 0 0 -1 0 0 0 -1 3062.dat
1 15 540 -14 120 0.999 -0.044 0 -0.044 -0.999 0 0 0 -1 11090.dat
0 !LEOCAD SYNTH BEGIN
0 !LEOCAD SYNTH CONTROL_POINT -180 0 0 1 0 0 0 1 0 0 0 1 12
0 !LEOCAD SYNTH CONTROL_POINT 180 0 0 1 0 0 0 1 0 0 0 1 12
1 15 530.84 -223.8 120 -0.044 -0.999 0 -0.999 0.044 0 0 0 -1 32235.dat
0 !LEOCAD SYNTH END
1 15 480 -14 120 -0.999 0.044 0 -0.044 -0.999 0 0 0 1 11090.dat
0 !LEOCAD SYNTH BEGIN
0 !LEOCAD SYNTH CONTROL_POINT -180 0 0 1 0 0 0 1 0 0 0 1 12
0 !LEOCAD SYNTH CONTROL_POINT 180 0 0 1 0 0 0 1 0 0 0 1 12
1 15 489.16 -223.8 120 0.044 0.999 0 -0.999 0.044 0 0 0 1 32235.dat
0 !LEOCAD SYNTH END
1 15 510 -14 150 0 0 1 -0.044 -0.999 0 0.999 -0.044 0 11090.dat
0 !LEOCAD SYNTH BEGIN
0 !LEOCAD SYNTH CONTROL_POINT -180 0 0 1 0 0 0 1 0 0 0 1 12
0 !LEOCAD SYNTH CONTROL_POINT 180 0 0 1 0 0 0 1 0 0 0 1 12
1 15 510 -223.8 140.84 0 0 1 -0.999 0.044 0 -0.044 -0.999 0 32235.dat
0 !LEOCAD SYNTH END
1 15 510 -14 90 0 0 -1 -0.044 -0.999 0 -0.999 0.044 0 11090.dat
0 !LEOCAD SYNTH BEGIN
0 !LEOCAD SYNTH CONTROL_POINT -180 0 0 1 0 0 0 1 0 0 0 1 12
0 !LEOCAD SYNTH CONTROL_POINT 180 0 0 1 0 0 0 1 0 0 0 1 12
1 15 510 -223.8 99.16 0 0 -1 -0.999 0.044 0 0.044 0.999 0 32235.dat
0 !LEOCAD SYNTH END
1 15 531.25 -14 98.75 0.706 -0.031 -0.707 -0.044 -0.999 0 -0.706 0.031 -0.707 11090.dat
0 !LEOCAD SYNTH BEGIN
0 !LEOCAD SYNTH CONTROL_POINT -180 0 0 1 0 0 0 1 0 0 0 1 12
0 !LEOCAD SYNTH CONTROL_POINT 180 0 0 1 0 0 0 1 0 0 0 1 12
1 15 524.773 -223.8 105.227 -0.031 -0.706 -0.707 -0.999 0.044 0 0.031 0.706 -0.707 32235.dat
0 !LEOCAD SYNTH END
1 15 488.75 -14 141.25 -0.706 0.031 0.707 -0.044 -0.999 0 0.706 -0.031 0.707 11090.dat
0 !LEOCAD SYNTH BEGIN
0 !LEOCAD SYNTH CONTROL_POINT -180 0 0 1 0 0 0 1 0 0 0 1 12
0 !LEOCAD SYNTH CONTROL_POINT 180 0 0 1 0 0 0 1 0 0 0 1 12
1 15 495.227 -223.8 134.773 0.031 0.706 0.707 -0.999 0.044 0 -0.031 -0.706 0.707 32235.dat
0 !LEOCAD SYNTH END
1 15 531.25 -14 141.25 0.706 -0.031 0.707 -0.044 -0.999 0 0.706 -0.031 -0.707 11090.dat
0 !LEOCAD SYNTH BEGIN
0 !LEOCAD SYNTH CONTROL_POINT -180 0 0 1 0 0 0 1 0 0 0 1 12
0 !LEOCAD SYNTH CONTROL_POINT 180 0 0 1 0 0 0 1 0 0 0 1 12
1 15 524.773 -223.8 134.773 -0.031 -0.706 0.707 -0.999 0.044 0 -0.031 -0.706 -0.707 32235.dat
0 !LEOCAD SYNTH END
1 15 488.75 -14 98.75 -0.706 0.031 -0.707 -0.044 -0.999 0 -0.706 0.031 0.707 11090.dat
0 !LEOCAD SYNTH BEGIN
0 !LEOCAD SYNTH CONTROL_POINT -180 0 0 1 0 0 0 1 0 0 0 1 12
0 !LEOCAD SYNTH CONTROL_POINT 180 0 0 1 0 0 0 1 0 0 0 1 12
1 15 495.227 -223.8 105.227 0.031 0.706 -0.707 -0.999 0.044 0 0.031 0.706 0.707 32235.dat
0 !LEOCAD SYNTH END
