0 Main
0 Name: 21003-1 - Seattle Space Needle.mpd
0 Author: LTRON
1 0 0 -7 40 -1 0 0 0 1 0 0 0 -1 3030.dat
1 0 0 -7 -40 -1 0 0 0 1 0 0 0 -1 3030.dat
1 0 90 -15 0 0 0 1 0 1 0 -1 0 0 4162.dat
1 0 -90 -15 0 0 0 1 0 1 0 -1 0 0 4162.dat
1 0 0 -15 70 1 0 0 0 1 0 0 0 1 4162.dat
1 0 0 -15 -70 1 0 0 0 1 0 0 0 1 4162.dat
1 71 40 -15 0 0 0 1 0 1 0 -1 0 0 3032.dat
1 71 -40 -15 0 0 0 1 0 1 0 -1 0 0 3032.dat
1 71 70 -23 0 0 0 1 0 1 0 -1 0 0 6636.dat
1 71 -70 -23 0 0 0 1 0 1 0 -1 0 0 6636.dat
1 71 0 -23 50 1 0 0 0 1 0 0 0 1 6636.dat
1 71 0 -23 -50 1 0 0 0 1 0 0 0 1 6636.dat
1 71 40 -23 20 1 0 0 0 1 0 0 0 1 3068.dat
1 71 40 -23 -20 1 0 0 0 1 0 0 0 1 3068.dat
1 71 -40 -23 -20 1 0 0 0 1 0 0 0 1 3068.dat
1 71 -40 -23 20 1 0 0 0 1 0 0 0 1 3068.dat
1 71 0 -23 0 1 0 0 0 1 0 0 0 1 4032.dat
1 71 0 -31 0 1 0 0 0 1 0 0 0 1 4032.dat
1 71 0 -65 0 0 1 0 -1 0 0 0 0 1 32073.dat
1 71 0 -39 0 1 0 0 0 1 0 0 0 1 44375.dat
1 71 0 -53 0 -1 0 0 0 1 0 0 0 -1 57585.dat
1 71 0 -53 -40 0 -1 0 -1 0 0 0 0 -1 32013.dat
1 71 34.641 -53 20 0 0.5 0.866025 -1 0 0 0 -0.866025 0.5 32013.dat
1 71 -34.641 -53 20 0 0.5 -0.866025 -1 0 0 0 0.866025 0.5 32013.dat
1 71 0 -68 0 -1 0 0 0 0 1 0 1 0 32123.dat
1 71 0 -81 0 1 0 0 0 0 -1 0 1 0 32198.dat
1 71 0 -87 0 -1 0 0 0 0 1 0 1 0 32198.dat
1 71 0 -115 0 -1 0 0 0 0 1 0 1 0 59443.dat
1 4 0 -135 0 0 0 1 1 0 0 0 1 0 32062.dat
1 71 0 -155 0 -1 0 0 0 0 1 0 1 0 59443.dat
1 4 0 -175 0 0 0 1 1 0 0 0 1 0 32062.dat
1 71 0 -195 0 -1 0 0 0 0 1 0 1 0 59443.dat
1 4 0 -215 0 0 0 1 1 0 0 0 1 0 32062.dat
1 71 0 -235 0 -1 0 0 0 0 1 0 1 0 59443.dat
1 4 0 -255 0 0 0 1 1 0 0 0 1 0 32062.dat
1 71 0 -275 0 -1 0 0 0 0 1 0 1 0 59443.dat
1 71 0 -305 0 0 0 1 1 0 0 0 1 0 4519.dat
1 71 0 -385 0 0 0 1 1 0 0 0 1 0 32073.dat
1 71 0 -300 0 1 0 0 0 0 -1 0 1 0 4185.dat
1 71 0 -310 0 -1 0 0 0 0 1 0 1 0 32123.dat
1 71 0 -335 0 -1 0 0 0 0 1 0 1 0 59443.dat
1 71 0 -365 0 -1 0 0 0 1 0 0 0 -1 57585.dat
1 71 0 -365 -40 0 -1 0 -1 0 0 0 0 -1 32013.dat
1 71 34.641 -365 20 0 0.5 0.866025 -1 0 0 0 -0.866025 0.5 32013.dat
1 71 -34.641 -365 20 0 0.5 -0.866025 -1 0 0 0 0.866025 0.5 32013.dat
1 71 0 -379 0 -1 0 0 0 -1 0 0 0 1 44375.dat
1 71 0 -387 0 -1 0 0 0 -1 0 0 0 1 4032.dat
1 71 0 -405 0 -1 0 0 0 0 -1 0 -1 0 3649.dat
1 71 0 -423 0 1 0 0 0 1 0 0 0 1 4032.dat
1 71 0 -431 0 1 0 0 0 1 0 0 0 1 44375.dat
1 71 0 -447 0 1 0 0 0 1 0 0 0 1 3960.dat
1 71 0 -455 0 1 0 0 0 1 0 0 0 1 6141.dat
1 71 0 -463 0 1 0 0 0 1 0 0 0 1 4740.dat
1 71 0 -471 0 1 0 0 0 1 0 0 0 1 3957.dat
1 16 -35.9036 -49.7748 20.7175 -0.5 -0.192383 0.844346 0 0.97467 0.222225 -0.866 0.111075 -0.487497 77.dat
1 16 -35.7594 -50.5054 20.6342 -0.5 -0.192383 0.844346 0 0.97467 0.222225 -0.866 0.111075 -0.487497 77.dat
1 16 -35.6622 -50.992 20.5781 -0.5 -0.193921 0.843994 0 0.974264 0.224002 -0.866 0.111963 -0.487295 77.dat
1 16 -35.5659 -51.4788 20.5225 -0.5 -0.193153 0.84417 0 0.974467 0.223114 -0.866 0.11152 -0.487396 77.dat
1 16 -35.4694 -51.9655 20.4668 -0.5 -0.193153 0.84417 0 0.974467 0.223114 -0.866 0.11152 -0.487396 77.dat
1 16 -35.3719 -52.452 20.4105 -0.5 -0.194517 0.843856 0 0.974105 0.22469 -0.866 0.112308 -0.487215 77.dat
1 16 -35.2753 -52.9387 20.3547 -0.5 -0.193836 0.844013 0 0.974286 0.223904 -0.866 0.111915 -0.487306 77.dat
1 16 -35.1785 -53.4254 20.2988 -0.5 -0.193836 0.844013 0 0.974286 0.223904 -0.866 0.111915 -0.487306 77.dat
1 16 -35.0807 -53.9118 20.2423 -0.5 -0.195036 0.843737 0 0.973967 0.22529 -0.866 0.112607 -0.487146 77.dat
1 16 -34.9838 -54.3984 20.1863 -0.5 -0.194439 0.843875 0 0.974126 0.2246 -0.866 0.112263 -0.487225 77.dat
1 16 -34.8866 -54.885 20.1303 -0.5 -0.194439 0.843875 0 0.974126 0.2246 -0.866 0.112263 -0.487225 77.dat
1 16 -34.7887 -55.3713 20.0737 -0.5 -0.195482 0.843633 0 0.973848 0.225805 -0.866 0.112865 -0.487086 77.dat
1 16 -34.6915 -55.8579 20.0176 -0.5 -0.194964 0.843753 0 0.973986 0.225207 -0.866 0.112566 -0.487156 77.dat
1 16 -34.5941 -56.3444 19.9614 -0.5 -0.194964 0.843753 0 0.973986 0.225207 -0.866 0.112566 -0.487156 77.dat
1 16 -34.496 -56.8307 19.9048 -0.5 -0.195859 0.843545 0 0.973747 0.226241 -0.866 0.113083 -0.487036 77.dat
1 16 -34.3985 -57.3172 19.8485 -0.5 -0.195415 0.843649 0 0.973866 0.225728 -0.866 0.112826 -0.487095 77.dat
1 16 -34.3009 -57.8036 19.7921 -0.5 -0.195415 0.843649 0 0.973866 0.225728 -0.866 0.112826 -0.487095 77.dat
1 16 -34.2028 -58.2899 19.7354 -0.5 -0.19617 0.843474 0 0.973663 0.226599 -0.866 0.113262 -0.486994 77.dat
1 16 -34.105 -58.7763 19.679 -0.5 -0.195797 0.84356 0 0.973763 0.226169 -0.866 0.113046 -0.487044 77.dat
1 16 -34.0072 -59.2627 19.6225 -0.5 -0.195797 0.84356 0 0.973763 0.226169 -0.866 0.113046 -0.487044 77.dat
1 16 -33.909 -59.749 19.5658 -0.5 -0.196416 0.843416 0 0.973597 0.226884 -0.866 0.113404 -0.486961 77.dat
1 16 -33.8111 -60.2354 19.5093 -0.5 -0.19611 0.843487 0 0.973679 0.226531 -0.866 0.113227 -0.487002 77.dat
1 16 -33.7131 -60.7217 19.4527 -0.5 -0.19611 0.843487 0 0.973679 0.226531 -0.866 0.113227 -0.487002 77.dat
1 16 -33.6152 -61.2081 19.3962 -0.5 -0.19611 0.843487 0 0.973679 0.226531 -0.866 0.113227 -0.487002 77.dat
1 16 -33.5168 -61.6943 19.3393 -0.5 -0.196748 0.843339 0 0.973508 0.227268 -0.866 0.113596 -0.486916 77.dat
1 16 -33.4187 -62.1806 19.2827 -0.5 -0.196434 0.843412 0 0.973592 0.226905 -0.866 0.113415 -0.486959 77.dat
1 16 -33.3206 -62.6669 19.2261 -0.5 -0.196434 0.843412 0 0.973592 0.226905 -0.866 0.113415 -0.486959 77.dat
1 16 -33.2222 -63.1532 19.1693 -0.5 -0.196769 0.843334 0 0.973502 0.227292 -0.866 0.113608 -0.486913 77.dat
1 16 -33.1241 -63.6395 19.1126 -0.5 -0.196605 0.843372 0 0.973546 0.227102 -0.866 0.113513 -0.486936 77.dat
1 16 -33.0259 -64.1258 19.0559 -0.5 -0.196605 0.843372 0 0.973546 0.227102 -0.866 0.113513 -0.486936 77.dat
1 16 -32.9275 -64.612 18.9991 -0.5 -0.19682 0.843322 0 0.973488 0.227351 -0.866 0.113638 -0.486907 77.dat
1 16 -32.8293 -65.0983 18.9424 -0.5 -0.196714 0.843346 0 0.973517 0.227229 -0.866 0.113576 -0.48692 77.dat
1 16 -32.731 -65.5846 18.8857 -0.5 -0.196714 0.843346 0 0.973517 0.227229 -0.866 0.113576 -0.48692 77.dat
1 16 -32.6327 -66.0708 18.8289 -0.5 -0.196818 0.843322 0 0.973489 0.227349 -0.866 0.113637 -0.486907 77.dat
1 16 -32.5344 -66.5571 18.7722 -0.5 -0.196768 0.843334 0 0.973502 0.22729 -0.866 0.113608 -0.486913 77.dat
1 16 -32.4361 -67.0433 18.7154 -0.5 -0.196768 0.843334 0 0.973502 0.22729 -0.866 0.113608 -0.486913 77.dat
1 16 -32.3378 -67.5296 18.6587 -0.5 -0.196768 0.843334 0 0.973502 0.22729 -0.866 0.113608 -0.486913 77.dat
1 16 -32.2395 -68.0159 18.6019 -0.5 -0.196764 0.843335 0 0.973503 0.227286 -0.866 0.113605 -0.486914 77.dat
1 16 -32.1412 -68.5021 18.5452 -0.5 -0.196766 0.843335 0 0.973503 0.227288 -0.866 0.113606 -0.486914 77.dat
1 16 -32.043 -68.9884 18.4884 -0.5 -0.196766 0.843335 0 0.973503 0.227288 -0.866 0.113606 -0.486914 77.dat
1 16 -31.9448 -69.4747 18.4317 -0.5 -0.196633 0.843365 0 0.973539 0.227134 -0.866 0.11353 -0.486932 77.dat
1 16 -31.8465 -69.961 18.375 -0.5 -0.196697 0.843351 0 0.973521 0.227209 -0.866 0.113567 -0.486923 77.dat
1 16 -31.7483 -70.4472 18.3183 -0.5 -0.196697 0.843351 0 0.973521 0.227209 -0.866 0.113567 -0.486923 77.dat
1 16 -31.6502 -70.9336 18.2617 -0.5 -0.196465 0.843405 0 0.973584 0.226941 -0.866 0.113433 -0.486955 77.dat
1 16 -31.552 -71.4198 18.2049 -0.5 -0.196578 0.843378 0 0.973554 0.227071 -0.866 0.113498 -0.486939 77.dat
1 16 -31.4538 -71.9061 18.1483 -0.5 -0.196578 0.843378 0 0.973554 0.227071 -0.866 0.113498 -0.486939 77.dat
1 16 -31.3556 -72.3924 18.0916 -0.5 -0.196578 0.843378 0 0.973554 0.227071 -0.866 0.113498 -0.486939 77.dat
1 16 -31.2577 -72.8788 18.0351 -0.5 -0.196162 0.843475 0 0.973665 0.22659 -0.866 0.113257 -0.486995 77.dat
1 16 -31.1596 -73.3651 17.9784 -0.5 -0.196364 0.843429 0 0.973611 0.226823 -0.866 0.113374 -0.486968 77.dat
1 16 -31.0615 -73.8514 17.9218 -0.5 -0.196364 0.843429 0 0.973611 0.226823 -0.866 0.113374 -0.486968 77.dat
1 16 -30.9637 -74.3378 17.8653 -0.5 -0.195916 0.843532 0 0.973731 0.226307 -0.866 0.113115 -0.487028 77.dat
1 16 -30.8657 -74.8242 17.8087 -0.5 -0.196133 0.843482 0 0.973673 0.226556 -0.866 0.11324 -0.486999 77.dat
1 16 -30.7678 -75.3105 17.7522 -0.5 -0.196133 0.843482 0 0.973673 0.226556 -0.866 0.11324 -0.486999 77.dat
1 16 -30.6698 -75.7969 17.6956 -0.5 -0.196133 0.843482 0 0.973673 0.226556 -0.866 0.11324 -0.486999 77.dat
1 16 -30.5723 -76.2833 17.6393 -0.5 -0.195453 0.84364 0 0.973856 0.225771 -0.866 0.112848 -0.48709 77.dat
1 16 -30.4745 -76.7697 17.5828 -0.5 -0.19578 0.843565 0 0.973768 0.226149 -0.866 0.113037 -0.487046 77.dat
1 16 -30.3767 -77.2561 17.5264 -0.5 -0.19578 0.843565 0 0.973768 0.226149 -0.866 0.113037 -0.487046 77.dat
1 16 -30.2793 -77.7426 17.4702 -0.5 -0.195139 0.843713 0 0.973939 0.225409 -0.866 0.112667 -0.487132 77.dat
1 16 -30.1816 -78.2291 17.4138 -0.5 -0.195448 0.843642 0 0.973857 0.225765 -0.866 0.112845 -0.487091 77.dat
1 16 -30.084 -78.7155 17.3574 -0.5 -0.195448 0.843642 0 0.973857 0.225765 -0.866 0.112845 -0.487091 77.dat
1 16 -29.9864 -79.2019 17.301 -0.5 -0.195448 0.843642 0 0.973857 0.225765 -0.866 0.112845 -0.487091 77.dat
1 16 -29.8895 -79.6886 17.2451 -0.5 -0.194524 0.843855 0 0.974103 0.224699 -0.866 0.112312 -0.487214 77.dat
1 16 -29.792 -80.175 17.1888 -0.5 -0.194967 0.843752 0 0.973985 0.22521 -0.866 0.112568 -0.487155 77.dat
1 16 -29.6946 -80.6616 17.1325 -0.5 -0.194967 0.843752 0 0.973985 0.22521 -0.866 0.112568 -0.487155 77.dat
1 16 -29.5978 -81.1482 17.0767 -0.5 -0.194148 0.843941 0 0.974204 0.224264 -0.866 0.112094 -0.487264 77.dat
1 16 -29.5005 -81.6348 17.0205 -0.5 -0.194539 0.843851 0 0.974099 0.224716 -0.866 0.112321 -0.487212 77.dat
1 16 -29.4034 -82.1213 16.9644 -0.5 -0.194539 0.843851 0 0.974099 0.224716 -0.866 0.112321 -0.487212 77.dat
1 16 -29.3062 -82.6079 16.9083 -0.5 -0.194539 0.843851 0 0.974099 0.224716 -0.866 0.112321 -0.487212 77.dat
1 16 -29.2099 -83.0947 16.8527 -0.5 -0.193396 0.844114 0 0.974403 0.223395 -0.866 0.11166 -0.487364 77.dat
1 16 -29.1129 -83.5813 16.7967 -0.5 -0.193941 0.843989 0 0.974259 0.224025 -0.866 0.111975 -0.487291 77.dat
1 16 -29.016 -84.0679 16.7408 -0.5 -0.193941 0.843989 0 0.974259 0.224025 -0.866 0.111975 -0.487291 77.dat
1 16 -28.9199 -84.5548 16.6853 -0.5 -0.192953 0.844216 0 0.97452 0.222883 -0.866 0.111405 -0.487422 77.dat
1 16 -28.8231 -85.0414 16.6294 -0.5 -0.193423 0.844108 0 0.974396 0.223426 -0.866 0.111676 -0.48736 77.dat
1 16 -28.7265 -85.5281 16.5736 -0.5 -0.193423 0.844108 0 0.974396 0.223426 -0.866 0.111676 -0.48736 77.dat
1 16 -28.6299 -86.0149 16.5178 -0.5 -0.193423 0.844108 0 0.974396 0.223426 -0.866 0.111676 -0.48736 77.dat
1 16 -28.5343 -86.5018 16.4626 -0.5 -0.192078 0.844416 0 0.97475 0.221873 -0.866 0.110899 -0.487538 77.dat
1 16 -28.4379 -86.9886 16.407 -0.5 -0.192715 0.84427 0 0.974583 0.222609 -0.866 0.111268 -0.487454 77.dat
1 16 -28.3416 -87.4754 16.3514 -0.5 -0.192715 0.84427 0 0.974583 0.222609 -0.866 0.111268 -0.487454 77.dat
1 16 -28.2462 -87.9624 16.2963 -0.5 -0.191563 0.844533 0 0.974886 0.221278 -0.866 0.110602 -0.487606 77.dat
1 16 -28.1501 -88.4493 16.2408 -0.5 -0.192108 0.844409 0 0.974743 0.221908 -0.866 0.110917 -0.487534 77.dat
1 16 -28.0542 -88.9362 16.1854 -0.5 -0.192108 0.844409 0 0.974743 0.221908 -0.866 0.110917 -0.487534 77.dat
1 16 -27.9582 -89.423 16.13 -0.5 -0.192108 0.844409 0 0.974743 0.221908 -0.866 0.110917 -0.487534 77.dat
1 16 -27.8634 -89.9102 16.0753 -0.5 -0.190583 0.844754 0 0.975142 0.220146 -0.866 0.110036 -0.487733 77.dat
1 16 -27.7677 -90.3972 16.02 -0.5 -0.191302 0.844592 0 0.974954 0.220976 -0.866 0.110451 -0.48764 77.dat
1 16 -27.6721 -90.8842 15.9648 -0.5 -0.191302 0.844592 0 0.974954 0.220976 -0.866 0.110451 -0.48764 77.dat
1 16 -27.5775 -91.3714 15.9102 -0.5 -0.189988 0.844889 0 0.975297 0.219459 -0.866 0.109693 -0.487811 77.dat
1 16 -27.4822 -91.8585 15.8552 -0.5 -0.190606 0.844749 0 0.975136 0.220173 -0.866 0.110049 -0.487731 77.dat
1 16 -27.387 -92.3455 15.8002 -0.5 -0.190606 0.844749 0 0.975136 0.220173 -0.866 0.110049 -0.487731 77.dat
1 16 -27.2917 -92.8326 15.7452 -0.5 -0.190606 0.844749 0 0.975136 0.220173 -0.866 0.110049 -0.487731 77.dat
1 16 -27.1978 -93.32 15.691 -0.5 -0.188917 0.845129 0 0.975574 0.218221 -0.866 0.109075 -0.487949 77.dat
1 16 -27.1029 -93.8072 15.6362 -0.5 -0.189709 0.844951 0 0.975369 0.219136 -0.866 0.109532 -0.487847 77.dat
1 16 -27.0081 -94.2944 15.5815 -0.5 -0.189709 0.844951 0 0.975369 0.219136 -0.866 0.109532 -0.487847 77.dat
1 16 -26.9133 -94.7816 15.5268 -0.5 -0.189709 0.844951 0 0.975369 0.219136 -0.866 0.109532 -0.487847 77.dat
1 16 -26.82 -95.2691 15.4728 -0.5 -0.187854 0.845366 0 0.975847 0.216994 -0.866 0.108461 -0.488086 77.dat
1 16 -26.7255 -95.7564 15.4183 -0.5 -0.188721 0.845173 0 0.975624 0.217995 -0.866 0.108962 -0.487975 77.dat
1 16 -26.6312 -96.2437 15.3639 -0.5 -0.188721 0.845173 0 0.975624 0.217995 -0.866 0.108962 -0.487975 77.dat
1 16 -26.5381 -96.7313 15.3101 -0.5 -0.187193 0.845512 0 0.976017 0.21623 -0.866 0.108079 -0.488171 77.dat
1 16 -26.4441 -97.2187 15.2558 -0.5 -0.187906 0.845355 0 0.975834 0.217053 -0.866 0.108491 -0.48808 77.dat
1 16 -26.3502 -97.7061 15.2016 -0.5 -0.187906 0.845355 0 0.975834 0.217053 -0.866 0.108491 -0.48808 77.dat
1 16 -26.2563 -98.1936 15.1474 -0.5 -0.187906 0.845355 0 0.975834 0.217053 -0.866 0.108491 -0.48808 77.dat
1 16 -26.1639 -98.6814 15.0941 -0.5 -0.185957 0.845786 0 0.976332 0.214802 -0.866 0.107366 -0.488329 77.dat
1 16 -26.0704 -99.1689 15.0401 -0.5 -0.186862 0.845586 0 0.976101 0.215848 -0.866 0.107888 -0.488214 77.dat
1 16 -25.977 -99.6564 14.9862 -0.5 -0.186862 0.845586 0 0.976101 0.215848 -0.866 0.107888 -0.488214 77.dat
1 16 -25.8837 -100.144 14.9323 -0.5 -0.186862 0.845586 0 0.976101 0.215848 -0.866 0.107888 -0.488214 77.dat
1 16 -25.7919 -100.632 14.8793 -0.5 -0.184752 0.84605 0 0.976637 0.213411 -0.866 0.10667 -0.488482 77.dat
1 16 -25.6989 -101.1196 14.8256 -0.5 -0.185729 0.845835 0 0.97639 0.21454 -0.866 0.107234 -0.488357 77.dat
1 16 -25.6062 -101.6073 14.772 -0.5 -0.185729 0.845835 0 0.97639 0.21454 -0.866 0.107234 -0.488357 77.dat
1 16 -25.5147 -102.0953 14.7192 -0.5 -0.183993 0.846215 0 0.976828 0.212534 -0.866 0.106232 -0.488577 77.dat
1 16 -25.4222 -102.5831 14.6658 -0.5 -0.184795 0.84604 0 0.976626 0.213461 -0.866 0.106694 -0.488476 77.dat
1 16 -25.3299 -103.0709 14.6125 -0.5 -0.184795 0.84604 0 0.976626 0.213461 -0.866 0.106694 -0.488476 77.dat
1 16 -25.2376 -103.5588 14.5592 -0.5 -0.184795 0.84604 0 0.976626 0.213461 -0.866 0.106694 -0.488476 77.dat
1 16 -25.1469 -104.047 14.5069 -0.5 -0.182618 0.846513 0 0.977172 0.210946 -0.866 0.105438 -0.488749 77.dat
1 16 -25.0549 -104.5349 14.4538 -0.5 -0.183621 0.846296 0 0.976921 0.212104 -0.866 0.106016 -0.488623 77.dat
1 16 -24.9632 -105.0229 14.4008 -0.5 -0.183621 0.846296 0 0.976921 0.212104 -0.866 0.106016 -0.488623 77.dat
1 16 -24.8715 -105.5109 14.3479 -0.5 -0.183621 0.846296 0 0.976921 0.212104 -0.866 0.106016 -0.488623 77.dat
1 16 -24.7815 -105.9993 14.2959 -0.5 -0.181279 0.846801 0 0.977504 0.209399 -0.866 0.104664 -0.488915 77.dat
1 16 -24.6902 -106.4873 14.2432 -0.5 -0.182354 0.84657 0 0.977238 0.21064 -0.866 0.105285 -0.488782 77.dat
1 16 -24.5991 -106.9755 14.1906 -0.5 -0.182354 0.84657 0 0.977238 0.21064 -0.866 0.105285 -0.488782 77.dat
1 16 -24.508 -107.4636 14.138 -0.5 -0.182354 0.84657 0 0.977238 0.21064 -0.866 0.105285 -0.488782 77.dat
1 16 -24.4187 -107.9522 14.0865 -0.5 -0.179917 0.847092 0 0.97784 0.207825 -0.866 0.103878 -0.489083 77.dat
1 16 -24.328 -108.4404 14.0341 -0.5 -0.181031 0.846854 0 0.977566 0.209112 -0.866 0.104522 -0.488946 77.dat
1 16 -24.2376 -108.9287 13.9819 -0.5 -0.181031 0.846854 0 0.977566 0.209112 -0.866 0.104522 -0.488946 77.dat
1 16 -24.1487 -109.4174 13.9305 -0.5 -0.17904 0.847277 0 0.978054 0.206813 -0.866 0.103372 -0.48919 77.dat
1 16 -24.0586 -109.9057 13.8785 -0.5 -0.179949 0.847085 0 0.977832 0.207862 -0.866 0.103897 -0.489079 77.dat
1 16 -23.9687 -110.3941 13.8266 -0.5 -0.179949 0.847085 0 0.977832 0.207862 -0.866 0.103897 -0.489079 77.dat
1 16 -23.8788 -110.8826 13.7747 -0.5 -0.179949 0.847085 0 0.977832 0.207862 -0.866 0.103897 -0.489079 77.dat
1 16 -23.7908 -111.3715 13.7239 -0.5 -0.177479 0.847606 0 0.978434 0.205009 -0.866 0.102471 -0.48938 77.dat
1 16 -23.7013 -111.86 13.6722 -0.5 -0.178601 0.847371 0 0.978161 0.206306 -0.866 0.103119 -0.489244 77.dat
1 16 -23.6121 -112.3486 13.6207 -0.5 -0.178601 0.847371 0 0.978161 0.206306 -0.866 0.103119 -0.489244 77.dat
1 16 -23.5229 -112.8372 13.5692 -0.5 -0.178601 0.847371 0 0.978161 0.206306 -0.866 0.103119 -0.489244 77.dat
1 16 -23.4356 -113.3262 13.5188 -0.5 -0.175966 0.847921 0 0.978798 0.203262 -0.866 0.101597 -0.489562 77.dat
1 16 -23.3468 -113.8149 13.4676 -0.5 -0.177159 0.847673 0 0.978511 0.204641 -0.866 0.102286 -0.489418 77.dat
1 16 -23.2583 -114.3037 13.4165 -0.5 -0.177159 0.847673 0 0.978511 0.204641 -0.866 0.102286 -0.489418 77.dat
1 16 -23.1698 -114.7925 13.3654 -0.5 -0.177159 0.847673 0 0.978511 0.204641 -0.866 0.102286 -0.489418 77.dat
1 16 -23.0834 -115.2817 13.3155 -0.5 -0.174433 0.848238 0 0.979164 0.201491 -0.866 0.100712 -0.489745 77.dat
1 16 -22.9953 -115.7706 13.2646 -0.5 -0.175664 0.847985 0 0.97887 0.202913 -0.866 0.101422 -0.489598 77.dat
1 16 -22.9076 -116.2595 13.214 -0.5 -0.175664 0.847985 0 0.97887 0.202913 -0.866 0.101422 -0.489598 77.dat
1 16 -22.8199 -116.7485 13.1633 -0.5 -0.175664 0.847985 0 0.97887 0.202913 -0.866 0.101422 -0.489598 77.dat
1 16 -22.7342 -117.2379 13.1139 -0.5 -0.172862 0.84856 0 0.979535 0.199676 -0.866 0.099805 -0.489931 77.dat
1 16 -22.6469 -117.727 13.0635 -0.5 -0.174122 0.848302 0 0.979238 0.201132 -0.866 0.100532 -0.489782 77.dat
1 16 -22.56 -118.2161 13.0133 -0.5 -0.174122 0.848302 0 0.979238 0.201132 -0.866 0.100532 -0.489782 77.dat
1 16 -22.473 -118.7052 12.963 -0.5 -0.174122 0.848302 0 0.979238 0.201132 -0.866 0.100532 -0.489782 77.dat
1 16 -22.3882 -119.1949 12.9141 -0.5 -0.171248 0.848888 0 0.979913 0.197812 -0.866 0.098873 -0.49012 77.dat
1 16 -22.3017 -119.6841 12.8641 -0.5 -0.172536 0.848627 0 0.979612 0.1993 -0.866 0.099616 -0.48997 77.dat
1 16 -22.2155 -120.1734 12.8144 -0.5 -0.172536 0.848627 0 0.979612 0.1993 -0.866 0.099616 -0.48997 77.dat
1 16 -22.131 -120.6632 12.7656 -0.5 -0.170198 0.849099 0 0.980157 0.196599 -0.866 0.098267 -0.490242 77.dat
1 16 -22.0452 -121.1526 12.7161 -0.5 -0.171243 0.848889 0 0.979914 0.197806 -0.866 0.09887 -0.490121 77.dat
1 16 -21.9597 -121.642 12.6667 -0.5 -0.171243 0.848889 0 0.979914 0.197806 -0.866 0.09887 -0.490121 77.dat
1 16 -21.8742 -122.1315 12.6173 -0.5 -0.171243 0.848889 0 0.979914 0.197806 -0.866 0.09887 -0.490121 77.dat
1 16 -21.7908 -122.6215 12.5692 -0.5 -0.168363 0.849465 0 0.980579 0.19448 -0.866 0.097208 -0.490453 77.dat
1 16 -21.7057 -123.111 12.5201 -0.5 -0.169646 0.84921 0 0.980285 0.195961 -0.866 0.097948 -0.490306 77.dat
1 16 -21.621 -123.6007 12.4711 -0.5 -0.169646 0.84921 0 0.980285 0.195961 -0.866 0.097948 -0.490306 77.dat
1 16 -21.5363 -124.0903 12.4222 -0.5 -0.169646 0.84921 0 0.980285 0.195961 -0.866 0.097948 -0.490306 77.dat
1 16 -21.4538 -124.5805 12.3746 -0.5 -0.166599 0.849813 0 0.980981 0.192442 -0.866 0.096189 -0.490654 77.dat
1 16 -21.3696 -125.0703 12.326 -0.5 -0.16795 0.849547 0 0.980674 0.194003 -0.866 0.096969 -0.490501 77.dat
1 16 -21.2857 -125.5601 12.2775 -0.5 -0.16795 0.849547 0 0.980674 0.194003 -0.866 0.096969 -0.490501 77.dat
1 16 -21.2018 -126.05 12.2291 -0.5 -0.16795 0.849547 0 0.980674 0.194003 -0.866 0.096969 -0.490501 77.dat
1 16 -21.1203 -126.5404 12.182 -0.5 -0.164818 0.850161 0 0.981382 0.190385 -0.866 0.09516 -0.490855 77.dat
1 16 -21.0369 -127.0303 12.1339 -0.5 -0.166203 0.849891 0 0.981071 0.191984 -0.866 0.09596 -0.490699 77.dat
1 16 -20.9539 -127.5204 12.086 -0.5 -0.166203 0.849891 0 0.981071 0.191984 -0.866 0.09596 -0.490699 77.dat
1 16 -20.8709 -128.0104 12.038 -0.5 -0.166203 0.849891 0 0.981071 0.191984 -0.866 0.09596 -0.490699 77.dat
1 16 -20.7902 -128.501 11.9915 -0.5 -0.163 0.850512 0 0.981787 0.188285 -0.866 0.094111 -0.491057 77.dat
1 16 -20.7078 -128.9912 11.9439 -0.5 -0.16441 0.85024 0 0.981474 0.189913 -0.866 0.094925 -0.490901 77.dat
1 16 -20.6256 -129.4814 11.8964 -0.5 -0.16441 0.85024 0 0.981474 0.189913 -0.866 0.094925 -0.490901 77.dat
1 16 -20.5435 -129.9717 11.849 -0.5 -0.16441 0.85024 0 0.981474 0.189913 -0.866 0.094925 -0.490901 77.dat
1 16 -20.4638 -130.4624 11.803 -0.5 -0.161141 0.850866 0 0.982196 0.186137 -0.866 0.093037 -0.491262 77.dat
1 16 -20.3823 -130.9528 11.7559 -0.5 -0.162575 0.850593 0 0.981881 0.187793 -0.866 0.093866 -0.491104 77.dat
1 16 -20.3011 -131.4433 11.7091 -0.5 -0.162575 0.850593 0 0.981881 0.187793 -0.866 0.093866 -0.491104 77.dat
1 16 -20.2199 -131.9337 11.6622 -0.5 -0.162575 0.850593 0 0.981881 0.187793 -0.866 0.093866 -0.491104 77.dat
1 16 -20.1412 -132.4247 11.6167 -0.5 -0.15924 0.851223 0 0.98261 0.183941 -0.866 0.09194 -0.491468 77.dat
1 16 -20.0605 -132.9153 11.5702 -0.5 -0.160697 0.85095 0 0.982293 0.185624 -0.866 0.092781 -0.49131 77.dat
1 16 -19.9803 -133.4059 11.5238 -0.5 -0.160697 0.85095 0 0.982293 0.185624 -0.866 0.092781 -0.49131 77.dat
1 16 -19.9 -133.8966 11.4775 -0.5 -0.160697 0.85095 0 0.982293 0.185624 -0.866 0.092781 -0.49131 77.dat
1 16 -19.8223 -134.3878 11.4326 -0.5 -0.157298 0.851585 0 0.983027 0.181697 -0.866 0.090818 -0.491677 77.dat
1 16 -19.7426 -134.8786 11.3866 -0.5 -0.158777 0.85131 0 0.982709 0.183406 -0.866 0.091673 -0.491519 77.dat
1 16 -19.6633 -135.3695 11.3408 -0.5 -0.158777 0.85131 0 0.982709 0.183406 -0.866 0.091673 -0.491519 77.dat
1 16 -19.584 -135.8603 11.295 -0.5 -0.158777 0.85131 0 0.982709 0.183406 -0.866 0.091673 -0.491519 77.dat
1 16 -19.5073 -136.3517 11.2507 -0.5 -0.155313 0.851949 0 0.983447 0.179405 -0.866 0.089673 -0.491887 77.dat
1 16 -19.4286 -136.8427 11.2053 -0.5 -0.156814 0.851674 0 0.98313 0.18114 -0.866 0.090539 -0.491729 77.dat
1 16 -19.3502 -137.3338 11.1601 -0.5 -0.156814 0.851674 0 0.98313 0.18114 -0.866 0.090539 -0.491729 77.dat
1 16 -19.2719 -137.8249 11.1148 -0.5 -0.156814 0.851674 0 0.98313 0.18114 -0.866 0.090539 -0.491729 77.dat
1 16 -19.1962 -138.3165 11.0711 -0.5 -0.153287 0.852316 0 0.983871 0.177065 -0.866 0.088503 -0.4921 77.dat
1 16 -19.1185 -138.8077 11.0263 -0.5 -0.15481 0.852041 0 0.983553 0.178824 -0.866 0.089383 -0.491941 77.dat
1 16 -19.0412 -139.299 10.9816 -0.5 -0.15481 0.852041 0 0.983553 0.178824 -0.866 0.089383 -0.491941 77.dat
1 16 -18.9639 -139.7903 10.937 -0.5 -0.15481 0.852041 0 0.983553 0.178824 -0.866 0.089383 -0.491941 77.dat
1 16 -18.8892 -140.2821 10.8939 -0.5 -0.151219 0.852686 0 0.984298 0.174677 -0.866 0.087309 -0.492313 77.dat
1 16 -18.8125 -140.7735 10.8496 -0.5 -0.152764 0.852411 0 0.98398 0.17646 -0.866 0.088201 -0.492154 77.dat
1 16 -18.7362 -141.265 10.8056 -0.5 -0.152764 0.852411 0 0.98398 0.17646 -0.866 0.088201 -0.492154 77.dat
1 16 -18.6599 -141.7565 10.7615 -0.5 -0.152764 0.852411 0 0.98398 0.17646 -0.866 0.088201 -0.492154 77.dat
1 16 -18.5863 -142.2486 10.719 -0.5 -0.14911 0.853058 0 0.984727 0.17224 -0.866 0.086092 -0.492528 77.dat
1 16 -18.5107 -142.7402 10.6753 -0.5 -0.150675 0.852782 0 0.984409 0.174048 -0.866 0.086995 -0.492368 77.dat
1 16 -18.4354 -143.2319 10.6319 -0.5 -0.150675 0.852782 0 0.984409 0.174048 -0.866 0.086995 -0.492368 77.dat
1 16 -18.3602 -143.7237 10.5884 -0.5 -0.150675 0.852782 0 0.984409 0.174048 -0.866 0.086995 -0.492368 77.dat
1 16 -18.2877 -144.2159 10.5466 -0.5 -0.146959 0.853431 0 0.985158 0.169756 -0.866 0.084849 -0.492743 77.dat
1 16 -18.2131 -144.7078 10.5035 -0.5 -0.148544 0.853156 0 0.984841 0.171587 -0.866 0.085764 -0.492584 77.dat
1 16 -18.1389 -145.1997 10.4607 -0.5 -0.148544 0.853156 0 0.984841 0.171587 -0.866 0.085764 -0.492584 77.dat
1 16 -18.0647 -145.6916 10.4178 -0.5 -0.148544 0.853156 0 0.984841 0.171587 -0.866 0.085764 -0.492584 77.dat
1 16 -17.9933 -146.1841 10.3766 -0.5 -0.144767 0.853806 0 0.98559 0.167223 -0.866 0.083584 -0.492959 77.dat
1 16 -17.9198 -146.6762 10.3342 -0.5 -0.146371 0.853532 0 0.985274 0.169077 -0.866 0.08451 -0.492802 77.dat
1 16 -17.8467 -147.1683 10.292 -0.5 -0.146371 0.853532 0 0.985274 0.169077 -0.866 0.08451 -0.492802 77.dat
1 16 -17.7736 -147.6605 10.2498 -0.5 -0.146371 0.853532 0 0.985274 0.169077 -0.866 0.08451 -0.492802 77.dat
1 16 -17.7034 -148.1532 10.2092 -0.5 -0.142532 0.854182 0 0.986025 0.164641 -0.866 0.082294 -0.493177 77.dat
1 16 -17.631 -148.6455 10.1674 -0.5 -0.144156 0.853909 0 0.98571 0.166518 -0.866 0.083231 -0.493019 77.dat
1 16 -17.5589 -149.1378 10.1258 -0.5 -0.144156 0.853909 0 0.98571 0.166518 -0.866 0.083231 -0.493019 77.dat
1 16 -17.4869 -149.6302 10.0843 -0.5 -0.144156 0.853909 0 0.98571 0.166518 -0.866 0.083231 -0.493019 77.dat
1 16 -17.4179 -150.1231 10.0444 -0.5 -0.140256 0.854559 0 0.98646 0.162012 -0.866 0.080979 -0.493395 77.dat
1 16 -17.3466 -150.6156 10.0032 -0.5 -0.141898 0.854287 0 0.986146 0.16391 -0.866 0.081928 -0.493237 77.dat
1 16 -17.2757 -151.1082 9.9623 -0.5 -0.141898 0.854287 0 0.986146 0.16391 -0.866 0.081928 -0.493237 77.dat
1 16 -17.2048 -151.6008 9.9214 -0.5 -0.141898 0.854287 0 0.986146 0.16391 -0.866 0.081928 -0.493237 77.dat
1 16 -17.1369 -152.0939 9.8822 -0.5 -0.137936 0.854937 0 0.986896 0.159333 -0.866 0.07964 -0.493613 77.dat
1 16 -17.0668 -152.5867 9.8417 -0.5 -0.139598 0.854667 0 0.986584 0.161253 -0.866 0.0806 -0.493457 77.dat
1 16 -16.997 -153.0795 9.8014 -0.5 -0.139598 0.854667 0 0.986584 0.161253 -0.866 0.0806 -0.493457 77.dat
1 16 -16.9273 -153.5723 9.7611 -0.5 -0.139598 0.854667 0 0.986584 0.161253 -0.866 0.0806 -0.493457 77.dat
1 16 -16.8606 -154.0656 9.7226 -0.5 -0.135576 0.855314 0 0.987332 0.156606 -0.866 0.078277 -0.493831 77.dat
1 16 -16.7916 -154.5585 9.6828 -0.5 -0.137256 0.855046 0 0.987022 0.158547 -0.866 0.079247 -0.493675 77.dat
1 16 -16.723 -155.0516 9.6432 -0.5 -0.137256 0.855046 0 0.987022 0.158547 -0.866 0.079247 -0.493675 77.dat
1 16 -16.6545 -155.5446 9.6036 -0.5 -0.137256 0.855046 0 0.987022 0.158547 -0.866 0.079247 -0.493675 77.dat
1 16 -16.589 -156.0382 9.5658 -0.5 -0.133172 0.855692 0 0.987768 0.153829 -0.866 0.076889 -0.494049 77.dat
1 16 -16.5212 -156.5313 9.5267 -0.5 -0.13487 0.855426 0 0.987461 0.155791 -0.866 0.077869 -0.493895 77.dat
1 16 -16.4538 -157.0246 9.4878 -0.5 -0.13487 0.855426 0 0.987461 0.155791 -0.866 0.077869 -0.493895 77.dat
1 16 -16.3865 -157.5178 9.4489 -0.5 -0.13487 0.855426 0 0.987461 0.155791 -0.866 0.077869 -0.493895 77.dat
1 16 -16.3222 -158.0116 9.4118 -0.5 -0.130725 0.85607 0 0.988204 0.151004 -0.866 0.075477 -0.494266 77.dat
1 16 -16.2556 -158.505 9.3733 -0.5 -0.132442 0.855805 0 0.987899 0.152986 -0.866 0.076467 -0.494114 77.dat
1 16 -16.1895 -158.9984 9.3351 -0.5 -0.132442 0.855805 0 0.987899 0.152986 -0.866 0.076467 -0.494114 77.dat
1 16 -16.1233 -159.4919 9.2969 -0.5 -0.132442 0.855805 0 0.987899 0.152986 -0.866 0.076467 -0.494114 77.dat
1 16 -16.0603 -159.9859 9.2606 -0.5 -0.128236 0.856446 0 0.988638 0.148128 -0.866 0.074039 -0.494484 77.dat
1 16 -15.995 -160.4795 9.2228 -0.5 -0.129969 0.856185 0 0.988337 0.15013 -0.866 0.07504 -0.494333 77.dat
1 16 -15.93 -160.9732 9.1854 -0.5 -0.129969 0.856185 0 0.988337 0.15013 -0.866 0.07504 -0.494333 77.dat
1 16 -15.8651 -161.4668 9.1479 -0.5 -0.129969 0.856185 0 0.988337 0.15013 -0.866 0.07504 -0.494333 77.dat
1 16 -15.8034 -161.9611 9.1122 -0.5 -0.125704 0.856822 0 0.989072 0.145203 -0.866 0.072578 -0.494701 77.dat
1 16 -15.7393 -162.4549 9.0752 -0.5 -0.127454 0.856563 0 0.988773 0.147225 -0.866 0.073588 -0.494551 77.dat
1 16 -15.6756 -162.9488 9.0385 -0.5 -0.127454 0.856563 0 0.988773 0.147225 -0.866 0.073588 -0.494551 77.dat
1 16 -15.612 -163.4427 9.0017 -0.5 -0.127454 0.856563 0 0.988773 0.147225 -0.866 0.073588 -0.494551 77.dat
1 16 -15.5515 -163.9371 8.9668 -0.5 -0.123128 0.857196 0 0.989504 0.142228 -0.866 0.07109 -0.494917 77.dat
1 16 -15.4887 -164.4312 8.9306 -0.5 -0.124895 0.856941 0 0.989209 0.144269 -0.866 0.07211 -0.494769 77.dat
1 16 -15.4263 -164.9253 8.8945 -0.5 -0.124895 0.856941 0 0.989209 0.144269 -0.866 0.07211 -0.494769 77.dat
1 16 -15.3639 -165.4194 8.8585 -0.5 -0.124895 0.856941 0 0.989209 0.144269 -0.866 0.07211 -0.494769 77.dat
1 16 -15.3016 -165.9135 8.8225 -0.5 -0.124895 0.856941 0 0.989209 0.144269 -0.866 0.07211 -0.494769 77.dat
1 16 -15.2433 -166.4083 8.7888 -0.5 -0.119447 0.857718 0 0.990106 0.137975 -0.866 0.068964 -0.495218 77.dat
1 16 -15.1819 -166.9025 8.7534 -0.5 -0.121659 0.857406 0 0.989746 0.140531 -0.866 0.070242 -0.495038 77.dat
1 16 -15.1212 -167.3969 8.7183 -0.5 -0.121659 0.857406 0 0.989746 0.140531 -0.866 0.070242 -0.495038 77.dat
1 16 -15.0604 -167.8913 8.6833 -0.5 -0.121659 0.857406 0 0.989746 0.140531 -0.866 0.070242 -0.495038 77.dat
1 16 -15.003 -168.3862 8.6501 -0.5 -0.117198 0.858028 0 0.990464 0.135378 -0.866 0.067666 -0.495397 77.dat
1 16 -14.9431 -168.8807 8.6155 -0.5 -0.119001 0.857779 0 0.990177 0.137461 -0.866 0.068708 -0.495254 77.dat
1 16 -14.8836 -169.3753 8.5812 -0.5 -0.119001 0.857779 0 0.990177 0.137461 -0.866 0.068708 -0.495254 77.dat
1 16 -14.8242 -169.8699 8.5469 -0.5 -0.119001 0.857779 0 0.990177 0.137461 -0.866 0.068708 -0.495254 77.dat
1 16 -14.7682 -170.3651 8.5145 -0.5 -0.114481 0.858395 0 0.990887 0.132239 -0.866 0.066098 -0.495609 77.dat
1 16 -14.7096 -170.8598 8.4807 -0.5 -0.116299 0.85815 0 0.990605 0.13434 -0.866 0.067147 -0.495468 77.dat
1 16 -14.6515 -171.3546 8.4472 -0.5 -0.116299 0.85815 0 0.990605 0.13434 -0.866 0.067147 -0.495468 77.dat
1 16 -14.5934 -171.8494 8.4136 -0.5 -0.116299 0.85815 0 0.990605 0.13434 -0.866 0.067147 -0.495468 77.dat
1 16 -14.5388 -172.3447 8.3821 -0.5 -0.111719 0.858759 0 0.991308 0.129049 -0.866 0.064503 -0.495819 77.dat
1 16 -14.4816 -172.8397 8.3491 -0.5 -0.113553 0.858518 0 0.99103 0.131167 -0.866 0.065562 -0.49568 77.dat
1 16 -14.4249 -173.3347 8.3163 -0.5 -0.113553 0.858518 0 0.99103 0.131167 -0.866 0.065562 -0.49568 77.dat
1 16 -14.3681 -173.8297 8.2836 -0.5 -0.113553 0.858518 0 0.99103 0.131167 -0.866 0.065562 -0.49568 77.dat
1 16 -14.3149 -174.3253 8.2528 -0.5 -0.108912 0.85912 0 0.991724 0.125806 -0.866 0.062882 -0.496028 77.dat
1 16 -14.2591 -174.8204 8.2206 -0.5 -0.110761 0.858883 0 0.991451 0.127942 -0.866 0.06395 -0.495891 77.dat
1 16 -14.2038 -175.3157 8.1887 -0.5 -0.110761 0.858883 0 0.991451 0.127942 -0.866 0.06395 -0.495891 77.dat
1 16 -14.1485 -175.8109 8.1567 -0.5 -0.110761 0.858883 0 0.991451 0.127942 -0.866 0.06395 -0.495891 77.dat
1 16 -14.0967 -176.3066 8.1268 -0.5 -0.106059 0.859476 0 0.992136 0.122511 -0.866 0.061235 -0.496233 77.dat
1 16 -14.0423 -176.802 8.0954 -0.5 -0.107924 0.859244 0 0.991868 0.124665 -0.866 0.062311 -0.4961 77.dat
1 16 -13.9884 -177.2975 8.0643 -0.5 -0.107924 0.859244 0 0.991868 0.124665 -0.866 0.062311 -0.4961 77.dat
1 16 -13.9345 -177.7929 8.0332 -0.5 -0.107924 0.859244 0 0.991868 0.124665 -0.866 0.062311 -0.4961 77.dat
1 16 -13.8841 -178.2888 8.0041 -0.5 -0.103161 0.85983 0 0.992544 0.119163 -0.866 0.059562 -0.496437 77.dat
1 16 -13.8312 -178.7844 7.9736 -0.5 -0.105041 0.859602 0 0.992281 0.121334 -0.866 0.060647 -0.496306 77.dat
1 16 -13.7787 -179.2801 7.9433 -0.5 -0.105041 0.859602 0 0.992281 0.121334 -0.866 0.060647 -0.496306 77.dat
1 16 -13.7263 -179.7757 7.913 -0.5 -0.105041 0.859602 0 0.992281 0.121334 -0.866 0.060647 -0.496306 77.dat
1 16 -13.6774 -180.2719 7.8848 -0.5 -0.100217 0.860178 0 0.992946 0.115762 -0.866 0.057862 -0.496638 77.dat
1 16 -13.6259 -180.7676 7.855 -0.5 -0.10211 0.859955 0 0.992689 0.11795 -0.866 0.058955 -0.49651 77.dat
1 16 -13.5749 -181.2635 7.8256 -0.5 -0.10211 0.859955 0 0.992689 0.11795 -0.866 0.058955 -0.49651 77.dat
1 16 -13.5239 -181.7593 7.7961 -0.5 -0.10211 0.859955 0 0.992689 0.11795 -0.866 0.058955 -0.49651 77.dat
1 16 -13.4729 -182.2552 7.7667 -0.5 -0.10211 0.859955 0 0.992689 0.11795 -0.866 0.058955 -0.49651 77.dat
1 16 -13.4264 -182.7516 7.7399 -0.5 -0.096065 0.860652 0 0.993493 0.110966 -0.866 0.055464 -0.496912 77.dat
1 16 -13.3767 -183.2477 7.7111 -0.5 -0.098423 0.860385 0 0.993185 0.113691 -0.866 0.056827 -0.496758 77.dat
1 16 -13.3275 -183.7437 7.6828 -0.5 -0.098423 0.860385 0 0.993185 0.113691 -0.866 0.056827 -0.496758 77.dat
1 16 -13.2784 -184.2398 7.6544 -0.5 -0.098423 0.860385 0 0.993185 0.113691 -0.866 0.056827 -0.496758 77.dat
1 16 -13.2329 -184.7364 7.6281 -0.5 -0.093454 0.860939 0 0.993825 0.107951 -0.866 0.053957 -0.497078 77.dat
1 16 -13.1848 -185.2327 7.6004 -0.5 -0.095383 0.860728 0 0.99358 0.110179 -0.866 0.055071 -0.496956 77.dat
1 16 -13.1372 -185.7289 7.5728 -0.5 -0.095383 0.860728 0 0.99358 0.110179 -0.866 0.055071 -0.496956 77.dat
1 16 -13.0895 -186.2252 7.5453 -0.5 -0.095383 0.860728 0 0.99358 0.110179 -0.866 0.055071 -0.496956 77.dat
1 16 -13.0456 -186.722 7.52 -0.5 -0.090363 0.86127 0 0.994206 0.10438 -0.866 0.052172 -0.497269 77.dat
1 16 -12.9991 -187.2184 7.4931 -0.5 -0.092301 0.861064 0 0.993968 0.106619 -0.866 0.053291 -0.49715 77.dat
1 16 -12.9529 -187.7149 7.4665 -0.5 -0.092301 0.861064 0 0.993968 0.106619 -0.866 0.053291 -0.49715 77.dat
1 16 -12.9068 -188.2114 7.4399 -0.5 -0.092301 0.861064 0 0.993968 0.106619 -0.866 0.053291 -0.49715 77.dat
1 16 -12.8645 -188.7084 7.4154 -0.5 -0.087219 0.861594 0 0.99458 0.100749 -0.866 0.050357 -0.497456 77.dat
1 16 -12.8195 -189.205 7.3894 -0.5 -0.089171 0.861394 0 0.994349 0.103003 -0.866 0.051485 -0.497341 77.dat
1 16 -12.775 -189.7016 7.3637 -0.5 -0.089171 0.861394 0 0.994349 0.103003 -0.866 0.051485 -0.497341 77.dat
1 16 -12.7304 -190.1983 7.338 -0.5 -0.089171 0.861394 0 0.994349 0.103003 -0.866 0.051485 -0.497341 77.dat
1 16 -12.6897 -190.6954 7.3145 -0.5 -0.084027 0.861911 0 0.994947 0.097062 -0.866 0.048515 -0.497639 77.dat
1 16 -12.6463 -191.1923 7.2894 -0.5 -0.085993 0.861717 0 0.994723 0.099332 -0.866 0.049649 -0.497527 77.dat
1 16 -12.6034 -191.6891 7.2646 -0.5 -0.085993 0.861717 0 0.994723 0.099332 -0.866 0.049649 -0.497527 77.dat
1 16 -12.5604 -192.186 7.2398 -0.5 -0.085993 0.861717 0 0.994723 0.099332 -0.866 0.049649 -0.497527 77.dat
1 16 -12.5213 -192.6833 7.2173 -0.5 -0.080787 0.862221 0 0.995304 0.093319 -0.866 0.046643 -0.497818 77.dat
1 16 -12.4795 -193.1803 7.1931 -0.5 -0.082765 0.862033 0 0.995088 0.095604 -0.866 0.047786 -0.49771 77.dat
1 16 -12.4382 -193.6773 7.1693 -0.5 -0.082765 0.862033 0 0.995088 0.095604 -0.866 0.047786 -0.49771 77.dat
1 16 -12.3968 -194.1744 7.1454 -0.5 -0.082765 0.862033 0 0.995088 0.095604 -0.866 0.047786 -0.49771 77.dat
1 16 -12.3555 -194.6714 7.1215 -0.5 -0.082765 0.862033 0 0.995088 0.095604 -0.866 0.047786 -0.49771 77.dat
1 16 -12.319 -195.169 7.1005 -0.5 -0.076246 0.862635 0 0.995782 0.088073 -0.866 0.044022 -0.498057 77.dat
1 16 -12.2791 -195.6662 7.0774 -0.5 -0.078706 0.862414 0 0.995527 0.090916 -0.866 0.045442 -0.49793 77.dat
1 16 -12.2398 -196.1635 7.0547 -0.5 -0.078706 0.862414 0 0.995527 0.090916 -0.866 0.045442 -0.49793 77.dat
1 16 -12.2005 -196.6607 7.032 -0.5 -0.078706 0.862414 0 0.995527 0.090916 -0.866 0.045442 -0.49793 77.dat
1 16 -12.1652 -197.1584 7.0116 -0.5 -0.073358 0.862885 0 0.996071 0.084737 -0.866 0.042355 -0.498202 77.dat
1 16 -12.127 -197.6558 6.9896 -0.5 -0.075365 0.862712 0 0.995871 0.087056 -0.866 0.043513 -0.498101 77.dat
1 16 -12.0894 -198.1532 6.9679 -0.5 -0.075365 0.862712 0 0.995871 0.087056 -0.866 0.043513 -0.498101 77.dat
1 16 -12.0517 -198.6507 6.9462 -0.5 -0.075365 0.862712 0 0.995871 0.087056 -0.866 0.043513 -0.498101 77.dat
1 16 -12.0181 -199.1485 6.9268 -0.5 -0.069959 0.863167 0 0.996397 0.080811 -0.866 0.040392 -0.498364 77.dat
1 16 -11.9817 -199.6461 6.9057 -0.5 -0.071977 0.863002 0 0.996206 0.083142 -0.866 0.041557 -0.498269 77.dat
1 16 -11.9457 -200.1437 6.885 -0.5 -0.071977 0.863002 0 0.996206 0.083142 -0.866 0.041557 -0.498269 77.dat
1 16 -11.9098 -200.6413 6.8642 -0.5 -0.071977 0.863002 0 0.996206 0.083142 -0.866 0.041557 -0.498269 77.dat
1 16 -11.8779 -201.1393 6.8458 -0.5 -0.066507 0.863441 0 0.996712 0.076824 -0.866 0.038399 -0.498522 77.dat
1 16 -11.8432 -201.637 6.8257 -0.5 -0.068537 0.863282 0 0.996529 0.079169 -0.866 0.039571 -0.49843 77.dat
1 16 -11.809 -202.1348 6.806 -0.5 -0.068537 0.863282 0 0.996529 0.079169 -0.866 0.039571 -0.49843 77.dat
1 16 -11.7747 -202.6325 6.7862 -0.5 -0.068537 0.863282 0 0.996529 0.079169 -0.866 0.039571 -0.49843 77.dat
1 16 -11.7446 -203.1306 6.7688 -0.5 -0.063004 0.863703 0 0.997016 0.072777 -0.866 0.036376 -0.498674 77.dat
1 16 -11.7116 -203.6285 6.7498 -0.5 -0.065046 0.863552 0 0.996841 0.075136 -0.866 0.037555 -0.498586 77.dat
1 16 -11.6791 -204.1264 6.731 -0.5 -0.065046 0.863552 0 0.996841 0.075136 -0.866 0.037555 -0.498586 77.dat
1 16 -11.6467 -204.6244 6.7123 -0.5 -0.065046 0.863552 0 0.996841 0.075136 -0.866 0.037555 -0.498586 77.dat
1 16 -11.6184 -205.1226 6.6959 -0.5 -0.059449 0.863955 0 0.997307 0.068671 -0.866 0.034324 -0.49882 77.dat
1 16 -11.5871 -205.6207 6.6779 -0.5 -0.061502 0.863812 0 0.997141 0.071043 -0.866 0.035509 -0.498737 77.dat
1 16 -11.5564 -206.1187 6.6602 -0.5 -0.061502 0.863812 0 0.997141 0.071043 -0.866 0.035509 -0.498737 77.dat
1 16 -11.5257 -206.6168 6.6424 -0.5 -0.061502 0.863812 0 0.997141 0.071043 -0.866 0.035509 -0.498737 77.dat
1 16 -11.495 -207.1149 6.6247 -0.5 -0.061502 0.863812 0 0.997141 0.071043 -0.866 0.035509 -0.498737 77.dat
1 16 -11.4695 -207.6134 6.61 -0.5 -0.054533 0.86428 0 0.997681 0.062992 -0.866 0.031485 -0.499007 77.dat
1 16 -11.4403 -208.1116 6.5931 -0.5 -0.057071 0.864116 0 0.997492 0.065924 -0.866 0.032951 -0.498912 77.dat
1 16 -11.4118 -208.6098 6.5767 -0.5 -0.057071 0.864116 0 0.997492 0.065924 -0.866 0.032951 -0.498912 77.dat
1 16 -11.3833 -209.1081 6.5602 -0.5 -0.057071 0.864116 0 0.997492 0.065924 -0.866 0.032951 -0.498912 77.dat
1 16 -11.3591 -209.6066 6.5463 -0.5 -0.051299 0.864478 0 0.99791 0.059257 -0.866 0.029618 -0.499121 77.dat
1 16 -11.3319 -210.105 6.5306 -0.5 -0.053389 0.864352 0 0.997764 0.061671 -0.866 0.030825 -0.499049 77.dat
1 16 -11.3053 -210.6033 6.5152 -0.5 -0.053389 0.864352 0 0.997764 0.061671 -0.866 0.030825 -0.499049 77.dat
1 16 -11.2786 -211.1017 6.4998 -0.5 -0.053389 0.864352 0 0.997764 0.061671 -0.866 0.030825 -0.499049 77.dat
1 16 -11.2563 -211.6004 6.4869 -0.5 -0.047584 0.864691 0 0.998155 0.054965 -0.866 0.027474 -0.499244 77.dat
1 16 -11.231 -212.0989 6.4723 -0.5 -0.049673 0.864574 0 0.99802 0.057378 -0.866 0.02868 -0.499177 77.dat
1 16 -11.2061 -212.5974 6.4579 -0.5 -0.049673 0.864574 0 0.99802 0.057378 -0.866 0.02868 -0.499177 77.dat
1 16 -11.1813 -213.0959 6.4436 -0.5 -0.049673 0.864574 0 0.99802 0.057378 -0.866 0.02868 -0.499177 77.dat
1 16 -11.1609 -213.5947 6.4318 -0.5 -0.043805 0.864891 0 0.998386 0.0506 -0.866 0.025292 -0.49936 77.dat
1 16 -11.1375 -214.0933 6.4183 -0.5 -0.045903 0.864782 0 0.99826 0.053024 -0.866 0.026503 -0.499296 77.dat
1 16 -11.1145 -214.5919 6.405 -0.5 -0.045903 0.864782 0 0.99826 0.053024 -0.866 0.026503 -0.499296 77.dat
1 16 -11.0916 -215.0906 6.3918 -0.5 -0.045903 0.864782 0 0.99826 0.053024 -0.866 0.026503 -0.499296 77.dat
1 16 -11.0731 -215.5894 6.3811 -0.5 -0.03997 0.865077 0 0.998601 0.046171 -0.866 0.023078 -0.499467 77.dat
1 16 -11.0516 -216.0882 6.3687 -0.5 -0.042079 0.864976 0 0.998485 0.048607 -0.866 0.024295 -0.499409 77.dat
1 16 -11.0306 -216.5869 6.3566 -0.5 -0.042079 0.864976 0 0.998485 0.048607 -0.866 0.024295 -0.499409 77.dat
1 16 -11.0095 -217.0857 6.3444 -0.5 -0.042079 0.864976 0 0.998485 0.048607 -0.866 0.024295 -0.499409 77.dat
1 16 -10.9885 -217.5844 6.3323 -0.5 -0.042079 0.864976 0 0.998485 0.048607 -0.866 0.024295 -0.499409 77.dat
1 16 -10.973 -218.0834 6.3234 -0.5 -0.034688 0.865305 0 0.998864 0.040068 -0.866 0.020028 -0.499599 77.dat
1 16 -10.9538 -218.5823 6.3122 -0.5 -0.037294 0.865196 0 0.998739 0.043079 -0.866 0.021532 -0.499536 77.dat
1 16 -10.9351 -219.0811 6.3015 -0.5 -0.037294 0.865196 0 0.998739 0.043079 -0.866 0.021532 -0.499536 77.dat
1 16 -10.9165 -219.58 6.2907 -0.5 -0.037294 0.865196 0 0.998739 0.043079 -0.866 0.021532 -0.499536 77.dat
