0 Main
0 Name: 4558-1 - Metroliner.mpd
0 Author: LTRON
1 8 162 0 36 1 0 0 0 1 0 0 0 1 2865.dat
1 8 482 0 36 1 0 0 0 1 0 0 0 1 2865.dat
1 8 162 0 -1564 1 0 0 0 1 0 0 0 1 2865.dat
1 8 482 0 -1564 1 0 0 0 1 0 0 0 1 2865.dat
1 8 798.072 0 20.628 1 0 0.195 0 1 0 -0.195 0 1 2867.dat
1 8 1086.457 0 -98.824 0.831 0 0.556 0 1 0 -0.556 0 0.831 2867.dat
1 8 1307.176 0 -319.543 0.556 0 0.831 0 1 0 -0.831 0 0.556 2867.dat
1 8 1426.629 0 -607.928 0.195 0 1 0 1 0 -0.981 0 0.195 2867.dat
1 8 -782.628 0 -607.928 0.195 0 -0.981 0 1 0 1 0 0.195 2867.dat
1 8 -663.176 0 -319.543 0.556 0 -0.831 0 1 0 0.831 0 0.556 2867.dat
1 8 -442.457 0 -98.824 0.831 0 -0.556 0 1 0 0.556 0 0.831 2867.dat
1 8 -154.072 0 20.629 1 0 -0.195 0 1 0 0.195 0 1 2867.dat
1 8 1426.6281 0 -920.072 -0.195 0 1 0 1 0 -0.981 0 -0.195 2867.dat
1 8 1307.176 0 -1208.457 -0.556 0 0.831 0 1 0 -0.831 0 -0.556 2867.dat
1 8 1086.457 0 -1429.176 -0.831 0 0.556 0 1 0 -0.556 0 -0.831 2867.dat
1 8 798.072 0 -1548.629 -0.981 0 0.195 0 1 0 -0.195 0 -0.981 2867.dat
1 8 -154.072 0 -1548.6281 -0.981 0 -0.195 0 1 0 0.195 0 -0.981 2867.dat
1 8 -442.457 0 -1429.176 -0.831 0 -0.556 0 1 0 0.556 0 -0.831 2867.dat
1 8 -663.176 0 -1208.457 -0.556 0 -0.831 0 1 0 0.831 0 -0.556 2867.dat
1 8 -782.629 0 -920.072 -0.195 0 -0.981 0 1 0 1 0 -0.195 2867.dat
1 0 0 -8 200 0 0 -1 0 1 0 1 0 0 3795.dat
1 0 160 -8 200 0 0 -1 0 1 0 1 0 0 3795.dat
1 0 320 -8 200 0 0 -1 0 1 0 1 0 0 3795.dat
1 0 480 -8 200 0 0 -1 0 1 0 1 0 0 3795.dat
1 0 640 -8 200 0 0 -1 0 1 0 1 0 0 3795.dat
1 0 0 -32 150 1 0 0 0 1 0 0 0 1 3298.dat
1 0 160 -32 250 -1 0 0 0 1 0 0 0 -1 3004.dat
1 0 160 -32 150 1 0 0 0 1 0 0 0 1 3298.dat
1 0 0 -32 170 -1 0 0 0 1 0 0 0 -1 3004.dat
1 0 0 -32 240 -1 0 0 0 1 0 0 0 -1 3003.dat
1 0 320 -32 150 1 0 0 0 1 0 0 0 1 3298.dat
1 0 320 -32 250 -1 0 0 0 1 0 0 0 -1 3004.dat
1 0 480 -32 150 1 0 0 0 1 0 0 0 1 3298.dat
1 0 480 -32 250 -1 0 0 0 1 0 0 0 -1 3004.dat
1 0 640 -32 250 -1 0 0 0 1 0 0 0 -1 3004.dat
1 0 640 -32 150 1 0 0 0 1 0 0 0 1 3298.dat
1 0 0 -40 160 -1 0 0 0 1 0 0 0 -1 3022.dat
1 0 0 -40 240 -1 0 0 0 1 0 0 0 -1 3022.dat
1 0 0 -48 170 -1 0 0 0 1 0 0 0 -1 4275.dat
1 0 0 -48 230 -1 0 0 0 1 0 0 0 -1 4275.dat
1 0 0 -48 250 -1 0 0 0 1 0 0 0 -1 3023.dat
1 0 0 -48 150 -1 0 0 0 1 0 0 0 -1 3023.dat
1 0 0 -56 200 0 0 -1 0 1 0 1 0 0 3795.dat
1 0 160 -56 200 0 0 -1 0 1 0 1 0 0 2456.dat
1 0 320 -56 200 0 0 -1 0 1 0 1 0 0 2456.dat
1 0 480 -56 200 0 0 -1 0 1 0 1 0 0 2456.dat
1 0 640 -56 200 0 0 -1 0 1 0 1 0 0 2456.dat
1 0 -98.253 -28 170 1 0.284 0 -0.284 1 0 0 0 1 4504.dat
1 0 -98.253 -28 230 1 0.284 0 -0.284 1 0 0 0 1 4504.dat
1 0 -100.526 -35.625 230 1 0.284 0 -0.284 1 0 0 0 1 3666.dat
1 0 -100.526 -35.625 170 1 0.284 0 -0.284 1 0 0 0 1 3666.dat
1 7 60 -64 200 -1 0 0 0 1 0 0 0 -1 3033.dat
1 7 240 -64 200 -1 0 0 0 1 0 0 0 -1 3036.dat
1 7 400 -64 200 -1 0 0 0 1 0 0 0 -1 3036.dat
1 7 580 -64 200 -1 0 0 0 1 0 0 0 -1 3033.dat
1 7 -54.857 -57.496 200 0 0.284 -0.959 0 1 0.284 1 0 0 3666.dat
1 7 -141.15 -31.935 200 -0.959 0.284 0 0.284 1 0 0 0 -1 3036.dat
1 15 160 -232 240 -1 0 0 0 1 0 0 0 -1 2039.dat
1 15 480 -232 240 -1 0 0 0 1 0 0 0 -1 2039.dat
1 4 230 -72 240 0 0 1 0 1 0 -1 0 0 3023.dat
1 4 410 -72 240 0 0 1 0 1 0 -1 0 0 3023.dat
1 4 320 -72 240 0 0 1 0 1 0 -1 0 0 3022.dat
1 4 320 -80 240 1 0 0 0 1 0 0 0 1 2445.dat
1 0 580 -112 250 1 0 0 0 1 0 0 0 1 2486.dat
1 0 60 -112 250 1 0 0 0 1 0 0 0 1 2486.dat
1 0 670 -88 190 1 0 0 0 1 0 0 0 1 3040.dat
1 0 670 -88 210 -1 0 0 0 1 0 0 0 -1 3040.dat
1 0 670 -112 200 0 0 -1 0 1 0 1 0 0 3004.dat
1 46 480 -256 240 0 0 -1 0 1 0 1 0 0 6143.dat
1 4 420 -88 240 1 0 0 0 1 0 0 0 1 4079.dat
1 4 360 -88 240 1 0 0 0 1 0 0 0 1 4079.dat
1 4 220 -88 240 1 0 0 0 1 0 0 0 1 4079.dat
1 4 280 -88 240 1 0 0 0 1 0 0 0 1 4079.dat
1 0 670 -184 200 0 0 1 0 1 0 -1 0 0 4033.dat
1 15 480 -272 240 0 0 1 0 1 0 -1 0 0 3960.dat
1 46 160 -256 240 0 0 -1 0 1 0 1 0 0 6143.dat
1 15 160 -272 240 0 0 1 0 1 0 -1 0 0 3960.dat
1 15 666 -150 200 0 0 1 0 1 0 -1 0 0 3855.dat
1 14 50 -160 200 0 0 1 0 1 0 -1 0 0 3626.dat
1 1 50 -136 200 0 0 1 0 1 0 -1 0 0 973.dat
1 4 -25 -78.781 196.731 0.057 -0.772 0.634 0 0.635 0.773 -0.998 0 0 2495.dat
1 0 -25 -78.781 196.731 0.057 -0.772 0.634 0 0.635 0.773 -0.998 0 0 2496.dat
1 14 -25 -110.781 196.731 0.057 -0.772 0.634 0 0.635 0.773 -0.998 0 0 3004.dat
1 14 -40.714 -111 196 0.057 0.634 0.771 0 0.772 -0.635 -0.998 0 0 168225a.dat
1 14 260 -162 170 1 0 0 0 1 0 0 0 1 3626.dat
1 15 260 -136 170 1 0 0 0 1 0 0 0 1 973.dat
1 0 260 -162 170 1 0 0 0 1 0 0 0 1 3901.dat
1 6 260 -136 170 1 0 0 0 1 0 0 0 1 2524.dat
1 4 415 -118 180 0 0 1 0 1 0 -1 0 0 4719.dat
1 0 555 -118 180 0 0 1 0 1 0 -1 0 0 4719.dat
