0 
0 Name: New Model.ldr
0 Author: 
1 4 180 24 280 0.382683 0 0.92388 0 1 0 -0.92388 0 0.382683 3794.dat
1 4 198.4776 24 287.6537 0.382683 0 0.92388 0 1 0 -0.92388 0 0.382683 3794.dat
1 4 189.2388 0 283.8268 0.92388 0 -0.382683 0 1 0 0.382683 0 0.92388 3937.dat
1 0 189.2388 0 283.8268 0.92388 0 -0.382683 0 1 0 0.382683 0 0.92388 3938.dat
1 0 189.2388 -8 283.8268 0.92388 0 -0.382683 0 1 0 0.382683 0 0.92388 2342.dat
1 4 205.8686 -32 290.7151 0 -0.92388 -0.382683 1 0 0 0 -0.382683 0.92388 6141.dat
1 4 172.609 -32 276.9385 0 0.92388 -0.382683 -1 0 0 0 0.382683 0.92388 6141.dat
1 0 157.8269 -32 270.8156 0.337889 0.92388 -0.179659 -0.469472 0 -0.882948 -0.815738 0.382683 0.433736 4735.dat
1 0 220.6507 -32 296.838 -0.219498 -0.92388 -0.313476 0.819152 0 -0.573576 0.529915 -0.382683 0.756798 4735.dat
1 0 191.7071 -48.375 277.8678 -0.92388 -0.140254 0.356055 0 0.930418 0.366501 -0.382683 0.338603 -0.859595 4081.dat
1 0 195.3922 -53.844 300.3288 0.140254 -0.92388 0.356055 -0.930418 0 0.366501 -0.338603 -0.382683 -0.859595 4592.dat
1 0 173.2191 -53.844 291.1444 -0.140254 0.92388 0.356055 0.930418 0 0.366501 0.338603 0.382683 -0.859595 4592.dat
1 7 175.0668 -53.844 291.9097 -0.140254 0.682505 -0.717298 0.930418 0.338603 0.140254 0.338603 -0.647715 -0.682505 4593.dat
1 7 193.5444 -53.844 299.5634 0.140254 -0.024601 0.98981 -0.930418 0.338603 0.140254 -0.338603 -0.940608 0.024601 4593.dat
