0 
0 Name: New Model.ldr
0 Author: 
1 14 109.659 -24 -162.588 0.966 0 0.259 0 1 0 -0.259 0 0.966 3023.dat
1 19 99.999 -48 -159.998 -0.259 0 0.966 0 1 0 -0.966 0 -0.259 87087.dat
1 27 119.319 -32 -165.178 0.259 0 -0.966 0 1 0 0.966 0 0.259 49668.dat
1 14 119.319 -32 -165.178 0.259 0 -0.966 0 1 0 0.966 0 0.259 54200.dat
1 19 82.611 -38 -155.336 0.259 0.966 0 0 0 1 0.966 -0.259 0 3070.dat
1 0 99.999 -56 -159.998 -0.259 0 0.966 0 1 0 -0.966 0 -0.259 6141.dat
1 288 99.999 -64 -159.998 -0.707294 0 0.707056 0 1 0 -0.707056 0 -0.707294 49668.dat
1 14 99.999 -64 -159.998 -0.707294 0 0.707056 0 1 0 -0.707056 0 -0.707294 54200.dat
1 0 99.999 -16 -159.998 -0.707294 0 0.707056 0 1 0 -0.707056 0 -0.707294 6141.dat
