0 Main
0 Name: 40349 - Valentines Puppy.mpd
0 Author: LTRON
1 19 -40 -64 0 1 0 0 0 1 0 0 0 1 3031.dat
1 19 -70 -72 0 0 0 1 0 1 0 -1 0 0 3023.dat
1 19 -10 -72 0 0 0 1 0 1 0 -1 0 0 3023.dat
1 19 -70 -88 30 1 0 0 0 1 0 0 0 1 3005.dat
1 19 -10 -88 30 1 0 0 0 1 0 0 0 1 3005.dat
1 19 -40 -72 30 1 0 0 0 1 0 0 0 1 3023.dat
1 19 -40 -80 30 -1 0 0 0 1 0 0 0 -1 11476.dat
1 19 -40 -88 30 1 0 0 0 1 0 0 0 1 3023.dat
1 28 -40 -90.14 77.5068 0 0 1 0.34202 0.93969 0 -0.93969 0.34202 0 60478.dat
1 28 -40 -93.56 86.9038 1 0 0 0 0.93969 -0.34202 0 0.34202 0.93969 54200.dat
1 4 -40 -88 0 1 0 0 0 1 0 0 0 1 3941.dat
1 19 -70 -88 -30 1 0 0 0 1 0 0 0 1 3005.dat
1 19 -10 -88 -30 1 0 0 0 1 0 0 0 1 3005.dat
1 15 -40 -88 -30 1 0 0 0 1 0 0 0 1 3004.dat
1 19 -40 -112 30 1 0 0 0 1 0 0 0 1 3010.dat
1 71 -70 -112 0 0 0 1 0 1 0 -1 0 0 22885.dat
1 71 -10 -112 0 0 0 -1 0 1 0 1 0 0 22885.dat
1 4 -40 -112 0 1 0 0 0 1 0 0 0 1 3941.dat
1 19 -70 -112 -30 1 0 0 0 1 0 0 0 1 3005.dat
1 19 -10 -112 -30 1 0 0 0 1 0 0 0 1 3005.dat
1 15 -40 -112 -30 1 0 0 0 1 0 0 0 1 3004.dat
1 70 -40 -120 0 1 0 0 0 1 0 0 0 1 3031.dat
1 19 -88 -92 0 0 1 0 -1 0 0 0 0 1 3022.dat
1 19 -96 -102 0 0 1 0 0 0 -1 -1 0 0 3069.dat
1 19 -96 -82 0 0 1 0 0 0 -1 -1 0 0 11476.dat
1 19 8 -92 0 0 -1 0 0 0 -1 1 0 0 3022.dat
1 19 16 -92 10 0 -1 0 1 0 0 0 0 1 3069.dat
1 19 16 -92 -10 0 -1 0 1 0 0 0 0 1 11476.dat
1 71 -60 -160 30 -1 0 0 0 1 0 0 0 -1 22885.dat
1 71 -20 -160 30 -1 0 0 0 1 0 0 0 -1 22885.dat
1 71 -10 -160 0 0 0 -1 0 1 0 1 0 0 22885.dat
1 71 -70 -160 0 0 0 1 0 1 0 -1 0 0 22885.dat
1 71 -60 -160 -30 1 0 0 0 1 0 0 0 1 22885.dat
1 71 -20 -160 -30 1 0 0 0 1 0 0 0 1 22885.dat
1 73 -40 -128 0 1 0 0 0 1 0 0 0 1 3022.dat
1 73 -40 -152 0 1 0 0 0 1 0 0 0 1 3003.dat
1 73 -40 -160 0 1 0 0 0 1 0 0 0 1 3022.dat
1 15 -70 -176 0 0 0 1 0 1 0 -1 0 0 99206.dat
1 15 -10 -176 0 0 0 -1 0 1 0 1 0 0 99206.dat
1 2 -40 -176 0 1 0 0 0 1 0 0 0 1 4032.dat
1 71 -40 -200 -30 1 0 0 0 1 0 0 0 1 22885.dat
1 71 -40 -200 30 -1 0 0 0 1 0 0 0 -1 22885.dat
1 19 -70 -200 -30 0 0 1 0 1 0 -1 0 0 32952.dat
1 19 -70 -200 30 0 0 1 0 1 0 -1 0 0 32952.dat
1 19 -10 -200 -30 0 0 -1 0 1 0 1 0 0 32952.dat
1 19 -10 -200 30 0 0 -1 0 1 0 1 0 0 32952.dat
1 19 -10 -200 0 0 0 1 0 1 0 -1 0 0 3004.dat
1 19 -70 -200 0 0 0 1 0 1 0 -1 0 0 3004.dat
1 29 -40 -200 0 1 0 0 0 1 0 0 0 1 3003.dat
1 19 -40 -208 0 1 0 0 0 1 0 0 0 1 3031.dat
1 19 -40 -180 -48 1 0 0 0 0 -1 0 1 0 3020.dat
1 19 -70 -150 -48 0 0 1 1 0 0 0 1 0 2420.dat
1 19 -10 -150 -48 -1 0 0 0 0 1 0 1 0 2420.dat
1 19 -40 -120 -48 1 0 0 0 0 -1 0 1 0 4032.dat
1 4 -30 -110 -56 1 0 0 0 0 -1 0 1 0 25269.dat
1 4 -50 -110 -56 0 0 1 1 0 0 0 1 0 25269.dat
1 19 -40 -130 -56 1 0 0 0 0 -1 0 1 0 3710.dat
1 19 -40 -180 -56 1 0 0 0 0 -1 0 1 0 87079.dat
1 19 -40 -150 -56 1 0 0 0 0 -1 0 1 0 92593.dat
1 28 -40 -130 -64 1 0 0 0 0 -1 0 1 0 15573.dat
1 0 -40 -130 -72 1 0 0 0 0 -1 0 1 0 98138.dat
1 0 -10 -150 -64 1 0 0 0 0 -1 0 1 0 98138.dat
1 0 -70 -150 -64 1 0 0 0 0 -1 0 1 0 98138.dat
1 19 8 -170 0 0 -1 0 0 0 1 -1 0 0 92593.dat
1 19 8 -150 0 0 -1 0 0 0 1 -1 0 0 3710.dat
1 19 0 -140 0 0 -1 0 0 0 -1 1 0 0 15068.dat
1 19 0 -160 -30 0 -1 0 0 0 1 -1 0 0 93273.dat
1 19 0 -160 30 0 -1 0 0 0 1 -1 0 0 93273.dat
1 19 -88 -170 0 0 1 0 0 0 -1 -1 0 0 92593.dat
1 19 -88 -150 0 0 1 0 0 0 -1 -1 0 0 3710.dat
1 19 -80 -140 0 0 1 0 0 0 -1 -1 0 0 15068.dat
1 19 -80 -160 30 0 1 0 0 0 1 1 0 0 93273.dat
1 19 -80 -160 -30 0 1 0 0 0 1 1 0 0 93273.dat
1 19 -40 -160 48 1 0 0 0 0 1 0 -1 0 3031.dat
1 19 -40 -140 56 1 0 0 0 0 1 0 -1 0 87079.dat
1 19 -40 -180 56 1 0 0 0 0 1 0 -1 0 87079.dat
1 19 -40 -56 0 1 0 0 0 1 0 0 0 1 3020.dat
1 28 -70 -32 0 0 0 -1 0 1 0 1 0 0 3023.dat
1 28 -70 -40 0 0 0 -1 0 1 0 1 0 0 3023.dat
1 19 -70 -48 0 0 0 -1 0 1 0 1 0 0 3023.dat
1 28 -10 -32 0 0 0 -1 0 1 0 1 0 0 3023.dat
1 28 -10 -40 0 0 0 -1 0 1 0 1 0 0 3023.dat
1 19 -10 -48 0 0 0 -1 0 1 0 1 0 0 3023.dat
1 28 -20 -216 10 1 0 0 0 1 0 0 0 1 60478.dat
1 28 -20 -216 -10 1 0 0 0 1 0 0 0 1 60478.dat
1 28 -60 -216 10 -1 0 0 0 1 0 0 0 -1 60478.dat
1 28 -60 -216 -10 -1 0 0 0 1 0 0 0 -1 60478.dat
1 19 -40 -208 -20 1 0 0 0 1 0 0 0 1 15068.dat
1 19 -40 -208 20 -1 0 0 0 1 0 0 0 -1 15068.dat
1 28 21.4667 -175.2119 0 0.42262 -0.90631 0 0.90631 0.42262 0 0 0 1 3021.dat
1 28 24.491 -187.6559 10 -0.42262 -0.90631 0 -0.90631 0.42262 0 0 0 -1 63868.dat
1 28 24.491 -187.6559 -10 -0.42262 -0.90631 0 -0.90631 0.42262 0 0 0 -1 63868.dat
1 15 40.1939 -172.9107 0 0 -0.90631 -0.42262 0 0.42262 -0.90631 1 0 0 47755.dat
1 19 47.4444 -176.2916 10 0 -0.90631 -0.42262 0 0.42262 -0.90631 1 0 0 61678.dat
1 19 47.4444 -176.2916 -10 0 -0.90631 -0.42262 0 0.42262 -0.90631 1 0 0 61678.dat
1 28 -101.4667 -175.2119 0 -0.42262 0.90631 0 0.90631 0.42262 0 0 0 -1 3021.dat
1 28 -104.491 -187.6559 -10 0.42262 0.90631 0 -0.90631 0.42262 0 0 0 1 63868.dat
1 28 -104.491 -187.6559 10 0.42262 0.90631 0 -0.90631 0.42262 0 0 0 1 63868.dat
1 15 -120.1939 -172.9107 0 0 0.90631 0.42262 0 0.42262 -0.90631 -1 0 0 47755.dat
1 19 -127.4444 -176.2916 -10 0 0.90631 0.42262 0 0.42262 -0.90631 -1 0 0 61678.dat
1 19 -127.4444 -176.2916 10 0 0.90631 0.42262 0 0.42262 -0.90631 -1 0 0 61678.dat
1 4 -94 -62 -60 -0.70711 0 0.70711 0.70711 0 0.70711 0 1 0 3176.dat
1 4 -94 -62 -52 -0.70711 0 -0.70711 -0.70711 0 0.70711 0 1 0 3176.dat
1 297 -94 -62 -44 -0.70711 0 0.70711 0.70711 0 0.70711 0 1 0 85861.dat
1 297 -94 -62 14.18 0 0 -1.000009 1.000009 0 0 0 -1 0 87994.dat
1 47 14 -91.68 -40 0 0 1 1 0 0 0 1 0 25893.dat
1 378 14 -91.68 -48 0.70711 0 0.70711 0.70711 0 -0.70711 0 1 0 15712.dat
1 4 57.4726 -135.2948 -54.2 -0.70711 0.70711 0 -0.70711 -0.70711 0 0 0 1 6141.dat
1 70 40.502 -118.3242 -54.2 0.70711 0.70711 0 0.70711 -0.70711 0 0 0 -1 4733.dat
1 4 47.5731 -125.3953 -72.2 -0.70711 0 -0.70711 -0.70711 0 0.70711 0 1 0 3024.dat
1 4 60.3011 -112.6673 -54.2 0 -0.70711 -0.70711 0 -0.70711 0.70711 -1 0 0 3024.dat
1 4 47.5731 -125.3953 -36.2 0.70711 0 -0.70711 0.70711 0 0.70711 0 -1 0 3024.dat
1 4 34.8451 -138.1232 -54.2 0 0.70711 -0.70711 0 0.70711 0.70711 1 0 0 3024.dat
1 10 6.9991 -84.6799 -54 0 0.70711 0.70711 0 -0.70711 0.70711 1 0 0 87994.dat
1 4 54.6442 -132.4664 -64.2 -0.70711 0 -0.70711 -0.70711 0 0.70711 0 1 0 29119.dat
1 4 61.7153 -125.3953 -54.2 0 -0.70711 -0.70711 0 -0.70711 0.70711 -1 0 0 29119.dat
1 4 54.6442 -132.4664 -44.2 0.70711 0 -0.70711 0.70711 0 0.70711 0 -1 0 29119.dat
1 4 47.5731 -139.5375 -54.2 0 0.70711 -0.70711 0 0.70711 0.70711 1 0 0 29119.dat
1 10 34.8451 -112.6673 -54 0.500005 -0.70711 -0.500005 0.500005 0.70711 -0.500005 0.70711 0 0.70711 32607.dat
1 0 -40 -16 0 -1 0 0 0 1 0 0 0 -1 3958.dat
1 2 -100 -8 0 -1 0 0 0 1 0 0 0 -1 4032.dat
1 2 20 -8 0 -1 0 0 0 1 0 0 0 -1 4032.dat
1 0 -40 -8 -50 -1 0 0 0 1 0 0 0 -1 3666.dat
1 0 -40 -24 20 1 0 0 0 1 0 0 0 1 87079.dat
1 0 -40 -24 -30 1 0 0 0 1 0 0 0 1 2431.dat
1 0 -40 -24 -10 1 0 0 0 1 0 0 0 1 92593.dat
