0 
0 Name: New Model.ldr
0 Author: 
1 15 0 -58 -118 1 0 0 0 1 0 0 0 1 4493.dat
1 1 0 -66 -118 1 0 0 0 1 0 0 0 1 4491b.dat
1 0 31 -98 -100.5 0.866 0 -0.5 0 1 0 0.5 0 0.866 3835.dat
1 15 31 -98 -100.5 0.966 0 0.259 0 1 0 -0.259 0 0.966 30127.dat
1 0 42.3214 -113.426 -27.4593 0.89971 0.422642 -0.104184 -0.303 0.782 0.544 0.31162 -0.458028 0.832418 4497.dat
1 15 45.52 -108.02 -32.2774 0.488672 0.411152 -0.769516 0.245 0.782 0.573 0.837546 -0.468126 0.280848 30127.dat
