0 Main
0 Name: 4917 - Mini Robots - Bird.mpd
0 Author: LTRON
1 72 0 0 0 0 0 -1 0 1 0 1 0 0 3710.dat
1 15 0 -32 50 1 0 0 0 1 0 0 0 1 6091.dat
1 1 0 -8 10 1 0 0 0 1 0 0 0 1 3623.dat
1 0 0 -8 -20 1 0 0 0 1 0 0 0 1 3021.dat
1 1 0 -16 0 0 0 1 0 1 0 -1 0 0 3794.dat
1 72 20 -16 0 0 0 1 0 1 0 -1 0 0 2412.dat
1 72 -20 -16 0 0 0 1 0 1 0 -1 0 0 2412.dat
1 72 0 -24 0 1 0 0 0 1 0 0 0 1 4859.dat
1 0 0 -16 -30 0 0 -1 0 1 0 1 0 0 2555.dat
1 15 10 -24 -10 1 0 0 0 1 0 0 0 1 54200.dat
1 15 -10 -24 10 1 0 0 0 1 0 0 0 1 54200.dat
1 1 0 -32 60 0 0 1 0 1 0 -1 0 0 3794.dat
1 15 0 -40 60 1 0 0 0 1 0 0 0 1 51739.dat
1 15 -10 -40 70 1 0 0 0 1 0 0 0 1 54200.dat
1 15 10 -40 70 1 0 0 0 1 0 0 0 1 54200.dat
1 15 40 48 -64.641 0.866025 0 -0.5 0 1 0 0.5 0 0.866025 60897.dat
1 15 20 48 -30 0.5 0 0.866025 0 1 0 -0.866025 0 0.5 2420.dat
1 15 20 24 -30 0.866025 0 -0.5 0 1 0 0.5 0 0.866025 4286.dat
1 1 20 0 -30 1 0 0 0 1 0 0 0 1 3040.dat
1 15 -40 48 -64.641 0.866025 0 0.5 0 1 0 -0.5 0 0.866025 60897.dat
1 15 -20 48 -30 -0.866025 0 -0.5 0 1 0 0.5 0 -0.866025 2420.dat
1 15 -20 24 -30 0.866025 0 0.5 0 1 0 -0.5 0 0.866025 4286.dat
1 1 -20 0 -30 1 0 0 0 1 0 0 0 1 3040.dat
1 4 0 -17.947 -66.981 1 0 0 0 0.866025 0.5 0 -0.5 0.866025 4032.dat
1 4 0 -34.876 -80.301 1 0 0 0 0.866025 0.5 0 -0.5 0.866025 4032.dat
1 0 0 -36.804 -67.641 0 0 -1 0.5 0.866025 0 0.866025 -0.5 0 3021.dat
1 0 0 -19.876 -54.321 1 0 0 0 0.866025 0.5 0 -0.5 0.866025 3023.dat
1 0 0 -33.732 -46.321 -1 0 0 0 0.866025 -0.5 0 -0.5 -0.866025 48336.dat
1 72 -10 -48.732 -72.301 0 0 1 -0.5 0.866025 0 -0.866025 -0.5 0 44567.dat
1 72 10 -48.732 -72.301 0 0 -1 0.5 0.866025 0 0.866025 -0.5 0 44567.dat
1 0 0 -60.66 -76.962 1 0 0 0 0.866025 0.5 0 -0.5 0.866025 48336.dat
1 1 0 -45.66 -50.981 1 0 0 0 0.866025 0.5 0 -0.5 0.866025 4032.dat
1 72 0 -62.588 -64.301 1 0 0 0 0.866025 0.5 0 -0.5 0.866025 4859.dat
1 1 0 -47.588 -38.321 1 0 0 0 0.866025 0.5 0 -0.5 0.866025 2412.dat
1 15 -10 -67.588 -72.962 1 0 0 0 0.866025 0.5 0 -0.5 0.866025 54200.dat
1 15 10 -57.588 -55.641 1 0 0 0 0.866025 0.5 0 -0.5 0.866025 54200.dat
1 0 58.482 -38.658 -78.118 -0.92388 -0.382683 0 -0.331413 0.800103 -0.5 0.191342 -0.46194 -0.866025 44302.dat
1 0 73.898 -25.629 -85.64 -0.92388 -0.382683 0 -0.331413 0.800103 -0.5 0.191342 -0.46194 -0.866025 3023.dat
1 15 86.198 -28.716 -83.858 0 -0.382683 -0.92388 0.5 0.800103 -0.331413 0.866025 -0.46194 0.191342 4085.dat
1 15 52.304 -48.373 -72.509 0 -0.382683 -0.92388 0.5 0.800103 -0.331413 0.866025 -0.46194 0.191342 3024.dat
1 1 80.021 -38.431 -78.249 0.92388 -0.382683 0 0.331413 0.800103 0.5 -0.191342 -0.46194 0.866025 3794.dat
1 0 -58.482 -38.658 -78.118 0.92388 0.382683 0 -0.331413 0.800103 0.5 0.191342 -0.46194 0.866025 44302.dat
1 0 -73.898 -25.629 -85.64 0.92388 0.382683 0 -0.331413 0.800103 0.5 0.191342 -0.46194 0.866025 3023.dat
1 15 -86.198 -28.716 -83.858 0 0.382683 0.92388 -0.5 0.800103 -0.331413 -0.866025 -0.46194 0.191342 4085.dat
1 15 -52.304 -48.373 -72.509 0 0.382683 0.92388 -0.5 0.800103 -0.331413 -0.866025 -0.46194 0.191342 3024.dat
1 1 -80.021 -38.431 -78.249 -0.92388 0.382683 0 0.331413 0.800103 -0.5 -0.191342 -0.46194 -0.866025 3794.dat
1 33 -106.972 -56.887 -136.875 -0.92388 0 -0.382683 0.331413 -0.5 -0.800103 -0.191342 -0.866025 0.46194 4589.dat
1 38 -106.972 -52.887 -129.947 -0.92388 0 -0.382683 0.331413 -0.5 -0.800103 -0.191342 -0.866025 0.46194 6141.dat
1 38 -106.972 -48.887 -123.018 -0.92388 0 -0.382683 0.331413 -0.5 -0.800103 -0.191342 -0.866025 0.46194 6141.dat
1 33 -106.972 -36.887 -102.234 -0.92388 0 -0.382683 0.331413 -0.5 -0.800103 -0.191342 -0.866025 0.46194 4589.dat
1 0 -106.972 -24.887 -81.449 0.92388 0 0.382683 -0.331413 -0.5 0.800103 0.191342 -0.866025 -0.46194 4599.dat
1 1 0 -52.78 -132.366 0 0 -1 -0.258819 0.965926 0 0.965926 0.258819 0 3623.dat
1 15 0 -55.331 -153.755 1 0 0 0 0.965926 -0.258819 0 0.258819 0.965926 4085.dat
1 1 0 -65.683 -115.118 -1 0 0 0 0.965926 0.258819 0 0.258819 -0.965926 6019.dat
1 1 0 -73.411 -117.188 -1 0 0 0 0.965926 0.258819 0 0.258819 -0.965926 3623.dat
1 1 0 -63.058 -155.825 -1 0 0 0 0.965926 0.258819 0 0.258819 -0.965926 6019.dat
1 72 0 -65.268 -139.854 -1 0 0 0 0.258819 -0.965926 0 -0.965926 -0.258819 6190.dat
1 54 -20 -63.197 -147.58 -1 0 0 0 0.258819 -0.965926 0 -0.965926 -0.258819 6141.dat
1 54 20 -63.197 -147.58 -1 0 0 0 0.258819 -0.965926 0 -0.965926 -0.258819 6141.dat
1 72 0 -75.962 -138.577 0 0 1 0.258819 0.965926 0 -0.965926 0.258819 0 6190.dat
1 1 20 -81.139 -119.259 0 0 -1 -0.258819 0.965926 0 0.965926 0.258819 0 6019.dat
1 1 -20 -81.139 -119.259 0 0 1 0.258819 0.965926 0 -0.965926 0.258819 0 6019.dat
1 33 -20 -81.139 -119.259 0 0 -1 -0.258819 0.965926 0 0.965926 0.258819 0 54200.dat
1 33 20 -81.139 -119.259 0 0 1 0.258819 0.965926 0 -0.965926 0.258819 0 54200.dat
