0 Main
0 Name: 31088 - Deep Sea Creatures - Whale.mpd
0 Author: LTRON
1 29 0 0 -10 0.853 -0.174 -0.493 0.15 0.985 -0.087 0.5 0 0.866 3795.dat
1 4 -32.726 -13.893 -30 0.853 -0.174 -0.493 0.15 0.985 -0.087 0.5 0 0.866 4032.dat
1 15 -31.337 -21.772 -30 0.853 -0.174 -0.493 0.15 0.985 -0.087 0.5 0 0.866 3022.dat
1 4 -29.947 -29.651 -30 0.853 -0.174 -0.493 0.15 0.985 -0.087 0.5 0 0.866 4032.dat
1 71 -37.086 -39.033 -35 0.493 -0.174 0.853 0.087 0.985 0.15 -0.866 0 0.5 14704.dat
1 4 -20.03 -36.025 -25 0.493 -0.174 0.853 0.087 0.985 0.15 -0.866 0 0.5 3023.dat
1 4 -32.093 -46.276 -21.34 -0.853 -0.174 0.493 -0.15 0.985 0.087 -0.5 0 -0.866 44728.dat
1 4 -22.245 -44.54 -38.66 0.853 -0.174 -0.493 0.15 0.985 -0.087 0.5 0 0.866 44728.dat
1 4 2.022 -40.261 -1.34 -0.853 -0.174 0.493 -0.15 0.985 0.087 -0.5 0 -0.866 22885.dat
1 4 11.87 -38.524 -18.66 0.853 -0.174 -0.493 0.15 0.985 -0.087 0.5 0 0.866 22885.dat
1 4 24.83 -19.992 13.661 -0.853 -0.174 0.493 -0.15 0.985 0.087 -0.5 0 -0.866 6541.dat
1 4 34.678 -18.255 -3.661 -0.853 -0.174 0.493 -0.15 0.985 0.087 -0.5 0 -0.866 6541.dat
1 272 46.811 -16.116 15 -0.493 -0.174 -0.853 -0.087 0.985 -0.15 0.866 0 -0.5 3004.dat
1 15 39.672 -25.498 10 0.853 -0.174 -0.493 0.15 0.985 -0.087 0.5 0 0.866 3022.dat
1 4 49.589 -31.873 15 -0.493 -0.174 -0.853 -0.087 0.985 -0.15 0.866 0 -0.5 44728.dat
1 272 32.532 -34.881 5 0.493 -0.174 0.853 0.087 0.985 0.15 -0.866 0 0.5 3023.dat
1 272 66.616 -18.716 26 0.493 -0.853 -0.174 0.087 -0.15 0.985 -0.866 -0.5 0 3023.dat
1 272 62.98 -9.203 13.339 -0.493 -0.853 0.174 -0.087 -0.15 -0.985 0.866 -0.5 0 11477.dat
1 272 53.132 -10.939 30.661 -0.493 -0.853 0.174 -0.087 -0.15 -0.985 0.866 -0.5 0 11477.dat
1 272 26.713 -44.031 -22.32 0.853 -0.174 -0.493 0.15 0.985 -0.087 0.5 0 0.866 92946.dat
1 272 9.655 -47.038 -32.321 0.853 -0.174 -0.493 0.15 0.985 -0.087 0.5 0 0.866 92946.dat
1 272 -7.402 -50.046 -42.32 0.853 -0.174 -0.493 0.15 0.985 -0.087 0.5 0 0.866 92946.dat
1 272 -24.46 -53.054 -52.32 0.853 -0.174 -0.493 0.15 0.985 -0.087 0.5 0 0.866 92946.dat
1 272 -44.158 -56.527 -17.679 -0.853 -0.174 0.493 -0.15 0.985 0.087 -0.5 0 -0.866 92946.dat
1 272 -27.099 -53.518 -7.679 -0.853 -0.174 0.493 -0.15 0.985 0.087 -0.5 0 -0.866 92946.dat
1 272 -10.043 -50.511 2.32 -0.853 -0.174 0.493 -0.15 0.985 0.087 -0.5 0 -0.866 92946.dat
1 272 7.016 -47.504 12.321 -0.853 -0.174 0.493 -0.15 0.985 0.087 -0.5 0 -0.866 92946.dat
1 272 46.054 -40.62 23.66 -0.853 -0.174 0.493 -0.15 0.985 0.087 -0.5 0 -0.866 3623.dat
1 272 55.902 -38.883 6.34 -0.853 -0.174 0.493 -0.15 0.985 0.087 -0.5 0 -0.866 3623.dat
1 272 43.839 -49.134 10 -0.853 -0.174 0.493 -0.15 0.985 0.087 -0.5 0 -0.866 3022.dat
1 4 -7.333 -58.157 -20 -0.853 -0.174 0.493 -0.15 0.985 0.087 -0.5 0 -0.866 3020.dat
1 272 28.172 -60.02 0 -0.853 -0.174 0.493 -0.15 0.985 0.087 -0.5 0 -0.866 3068.dat
1 272 53.757 -55.509 15 -0.493 -0.174 -0.853 -0.087 0.985 -0.15 0.866 0 -0.5 3023.dat
1 272 2.586 -64.531 -15 -0.493 -0.174 -0.853 -0.087 0.985 -0.15 0.866 0 -0.5 15573.dat
1 272 68.036 -36.744 25 -0.493 -0.174 -0.853 -0.087 0.985 -0.15 0.866 0 -0.5 85984.dat
1 272 -23.002 -69.043 -30 -0.853 -0.174 0.493 -0.15 0.985 0.087 -0.5 0 -0.866 3068.dat
1 4 -36.893 9.741 -30 0.853 -0.174 -0.493 0.15 0.985 -0.087 0.5 0 0.866 4032.dat
1 4 -46.811 16.116 -35 0.493 -0.174 0.853 0.087 0.985 0.15 -0.866 0 0.5 3023.dat
1 4 -29.754 19.124 -25 -0.493 -0.174 -0.853 -0.087 0.985 -0.15 0.866 0 -0.5 60470.dat
1 15 -44.596 24.63 -21.34 -0.853 -0.174 0.493 -0.15 0.985 0.087 -0.5 0 -0.866 99207.dat
1 15 -34.747 26.366 -38.66 0.853 -0.174 -0.493 0.15 0.985 -0.087 0.5 0 0.866 99207.dat
1 4 -20.094 6.611 -57.712 0.174 -0.493 -0.853 -0.985 -0.087 -0.15 0 0.866 -0.5 3021.dat
1 272 -17.891 17.153 -64.641 0.174 -0.493 -0.853 -0.985 -0.087 -0.15 0 0.866 -0.5 3022.dat
1 15 -18.824 -23.628 -50.785 -0.853 -0.493 -0.174 -0.15 -0.087 0.985 -0.5 0.866 0 15068.dat
1 15 -3.687 9.505 -66.569 0.276 -0.493 0.826 0.928 -0.087 -0.362 0.25 0.866 0.433 98138.dat
1 4 17.26 -17.265 -34.249 -0.853 -0.493 -0.174 -0.15 -0.087 0.985 -0.5 0.866 0 3022.dat
1 4 12.671 -18.074 -46.177 0.174 -0.493 -0.853 -0.985 -0.087 -0.15 0 0.866 -0.5 3023.dat
1 272 43.933 -22.716 -38.105 0.174 -0.493 -0.853 -0.985 -0.087 -0.15 0 0.866 -0.5 61678.dat
1 272 40.46 -3.02 -38.105 0.174 -0.493 -0.853 -0.985 -0.087 -0.15 0 0.866 -0.5 61678.dat
1 15 0.888 35.412 -5.945 -0.493 0.455 0.742 -0.087 -0.874 0.478 0.866 0.171 0.47 48336.dat
1 15 11.947 33.201 0.121 -0.493 0.455 0.742 -0.087 -0.874 0.478 0.866 0.171 0.47 2654.dat
1 15 11.947 33.201 0.121 0.493 0.455 -0.742 0.087 -0.874 -0.478 -0.866 0.171 -0.47 15068.dat
1 4 -51.608 1.055 -2.287 0.174 0.493 0.853 -0.985 0.087 0.15 0 -0.866 0.5 3021.dat
1 272 -57.284 10.208 4.641 0.174 0.493 0.853 -0.985 0.087 0.15 0 -0.866 0.5 3022.dat
1 15 -42.46 -27.795 -9.216 0.853 0.493 -0.174 0.15 0.087 0.985 0.5 -0.866 0 15068.dat
1 15 -50.958 1.169 16.569 -0.276 0.493 0.826 -0.928 0.087 -0.362 -0.25 -0.866 0.433 98138.dat
1 4 -10.314 -22.127 14.249 -0.853 0.493 0.174 -0.15 0.087 -0.985 -0.5 -0.866 0 3022.dat
1 4 -22.782 -24.325 16.177 -0.174 0.493 -0.853 0.985 0.087 -0.15 0 -0.866 -0.5 3023.dat
1 272 0.601 -30.357 38.105 -0.174 0.493 -0.853 0.985 0.087 -0.15 0 -0.866 -0.5 61678.dat
1 272 -2.873 -10.661 38.105 -0.174 0.493 -0.853 0.985 0.087 -0.15 0 -0.866 -0.5 61678.dat
1 15 -99.496 -1.296 -58.68 0.925 -0.174 -0.336 0.163 0.985 -0.059 0.342 0 0.94 72454.dat
1 15 -113.244 -11.846 -74.92 0.336 -0.174 0.925 0.059 0.985 0.163 -0.94 0 0.342 42023.dat
1 15 -119.964 -13.026 -56.12 0.336 -0.174 0.925 0.059 0.985 0.163 -0.94 0 0.342 42023.dat
1 272 -91.638 8.214 -55.26 0.336 -0.174 0.925 0.059 0.985 0.163 -0.94 0 0.342 15573.dat
1 71 -88.854 -7.546 -55.26 -0.336 -0.174 -0.925 -0.059 0.985 -0.163 0.94 0 -0.342 14704.dat
1 4 -90.246 0.334 -55.26 -0.336 -0.174 -0.925 -0.059 0.985 -0.163 0.94 0 -0.342 3023.dat
1 15 -145.184 -17.466 -44.16 0.925 -0.174 -0.336 0.163 0.985 -0.059 0.342 0 0.94 3710.dat
1 0 -89.684 -7.686 -23.64 -0.925 -0.174 0.336 -0.163 0.985 0.059 -0.342 0 -0.94 2540.dat
1 15 -125.024 -13.926 -100.56 0.925 -0.174 -0.336 0.163 0.985 -0.059 0.342 0 0.94 3710.dat
1 0 -69.524 -4.146 -80.04 0.925 -0.174 -0.336 0.163 0.985 -0.059 0.342 0 0.94 2540.dat
1 71 -115.212 -20.316 -65.52 0.925 -0.174 -0.336 0.163 0.985 -0.059 0.342 0 0.94 3020.dat
1 15 -105.132 -18.546 -93.72 0.925 -0.174 -0.336 0.163 0.985 -0.059 0.342 0 0.94 3666.dat
1 15 -125.292 -22.086 -37.32 0.925 -0.174 -0.336 0.163 0.985 -0.059 0.342 0 0.94 3666.dat
1 272 -78.252 -3.636 2 -0.174 -0.925 -0.336 0.985 -0.163 -0.059 0 -0.342 0.94 44676.dat
1 272 -44.652 2.264 -92 0.174 -0.925 0.336 -0.985 -0.163 0.059 0 -0.342 -0.94 44676.dat
1 4 -111.036 -43.956 -65.52 0.925 -0.174 -0.336 0.163 0.985 -0.059 0.342 0 0.94 3001.dat
1 272 -121.116 -45.726 -37.32 0.925 -0.174 -0.336 0.163 0.985 -0.059 0.342 0 0.94 3009.dat
1 272 -100.956 -42.186 -93.72 0.925 -0.174 -0.336 0.163 0.985 -0.059 0.342 0 0.94 3009.dat
1 71 -99.564 -50.066 -93.72 0.925 -0.174 -0.336 0.163 0.985 -0.059 0.342 0 0.94 3666.dat
1 71 -119.724 -53.606 -37.32 0.925 -0.174 -0.336 0.163 0.985 -0.059 0.342 0 0.94 3666.dat
1 19 -128.144 -55.096 -72.36 -0.336 -0.174 -0.925 -0.059 0.985 -0.163 0.94 0 -0.342 4032.dat
1 4 -108.252 -59.716 -65.52 0.925 -0.174 -0.336 0.163 0.985 -0.059 0.342 0 0.94 3020.dat
1 272 -151.142 -67.276 -92.02 -0.925 -0.174 0.336 -0.163 0.985 0.059 -0.342 0 -0.94 60481.dat
1 272 -146.082 -66.376 -47.58 -0.925 -0.174 0.336 -0.163 0.985 0.059 -0.342 0 -0.94 3623.dat
1 272 -90.582 -56.596 -27.06 -0.925 -0.174 0.336 -0.163 0.985 0.059 -0.342 0 -0.94 3623.dat
1 272 -70.422 -53.056 -83.46 -0.925 -0.174 0.336 -0.163 0.985 0.059 -0.342 0 -0.94 3623.dat
1 272 -125.922 -62.836 -103.98 -0.925 -0.174 0.336 -0.163 0.985 0.059 -0.342 0 -0.94 3623.dat
1 71 -125.36 -70.856 -72.36 -0.925 -0.174 0.336 -0.163 0.985 0.059 -0.342 0 -0.94 3020.dat
1 272 -67.33 -60.626 -29.62 -0.925 -0.174 0.336 -0.163 0.985 0.059 -0.342 0 -0.94 92946.dat
1 272 -85.83 -63.886 -36.46 -0.925 -0.174 0.336 -0.163 0.985 0.059 -0.342 0 -0.94 92946.dat
1 272 -72.39 -61.526 -74.06 0.925 -0.174 -0.336 0.163 0.985 -0.059 0.342 0 0.94 92946.dat
1 272 -53.89 -58.266 -67.22 0.925 -0.174 -0.336 0.163 0.985 -0.059 0.342 0 0.94 92946.dat
1 15 -191.742 -33.806 -115.1 0.336 -0.174 0.925 0.059 0.985 0.163 -0.94 0 0.342 43723.dat
1 15 -205.182 -36.166 -77.5 0.336 -0.174 0.925 0.059 0.985 0.163 -0.94 0 0.342 43722.dat
1 4 -176.362 -71.716 -80.06 -0.925 -0.174 0.336 -0.163 0.985 0.059 -0.342 0 -0.94 32952.dat
1 4 -169.642 -70.536 -98.86 0.925 -0.174 -0.336 0.163 0.985 -0.059 0.342 0 0.94 32952.dat
1 272 -183.202 -52.606 -70.66 0.174 0.336 0.925 -0.985 0.059 0.163 0 -0.94 0.342 85984.dat
1 272 -169.762 -50.246 -108.26 -0.174 -0.336 0.925 0.985 -0.059 0.163 0 0.94 0.342 85984.dat
1 272 -194.286 -58.626 -96.3 -0.336 -0.174 -0.925 -0.059 0.985 -0.163 0.94 0 -0.342 3004.dat
1 272 -215.57 -46.126 -103.14 -0.336 -0.174 -0.925 -0.059 0.985 -0.163 0.94 0 -0.342 3023.dat
1 72 -214.178 -54.006 -103.14 0.336 -0.174 0.925 0.059 0.985 0.163 -0.94 0 0.342 14417.dat
1 272 -212.786 -61.886 -103.14 -0.336 -0.174 -0.925 -0.059 0.985 -0.163 0.94 0 -0.342 3023.dat
1 272 -205.504 -68.726 -90.32 0.336 -0.174 0.925 0.059 0.985 0.163 -0.94 0 0.342 92946.dat
1 272 -198.784 -67.546 -109.12 0.336 -0.174 0.925 0.059 0.985 0.163 -0.94 0 0.342 92946.dat
1 272 -191.502 -74.386 -96.3 -0.336 -0.174 -0.925 -0.059 0.985 -0.163 0.94 0 -0.342 3023.dat
1 4 -86.968 -72.216 -58.68 -0.925 -0.174 0.336 -0.163 0.985 0.059 -0.342 0 -0.94 3020.dat
1 272 -67.076 -76.836 -51.84 -0.925 -0.174 0.336 -0.163 0.985 0.059 -0.342 0 -0.94 3068.dat
1 272 -104.076 -83.356 -65.52 0.336 -0.174 0.925 0.059 0.985 0.163 -0.94 0 0.342 43712.dat
1 19 -298.921 -60.831 -133.925 -0.28 -0.255 -0.925 -0.312 0.936 -0.163 0.907 0.243 -0.342 18646.dat
1 71 -250.631 -60.169 -118.769 -0.28 -0.255 -0.925 -0.312 0.936 -0.163 0.907 0.243 -0.342 14704.dat
1 272 -259.121 -51.191 -129.315 0.28 -0.255 0.925 0.312 0.936 0.163 -0.907 0.243 0.342 11477.dat
1 272 -264.721 -57.431 -111.175 0.28 -0.255 0.925 0.312 0.936 0.163 -0.907 0.243 0.342 11477.dat
1 272 -255.131 -47.829 -170.959 0.925 -0.255 -0.28 0.163 0.936 -0.312 0.342 0.243 0.907 2450.dat
1 272 -283.131 -79.029 -80.259 -0.28 -0.255 -0.925 -0.312 0.936 -0.163 0.907 0.243 -0.342 2450.dat
