0 
0 Name: New Model.ldr
0 Author: 
1 15 -170 -75.5 40 -0.966 0.257 -0.027 0 0.105 0.995 0.259 0.961 -0.101 3031.dat
1 15 -168.214 -64.71 46.678 -0.966 0.257 -0.027 0 0.105 0.995 0.259 0.961 -0.101 3010.dat
1 71 -168.754 -44.81 44.658 -0.966 0.257 -0.027 0 0.105 0.995 0.259 0.961 -0.101 3710.dat
1 71 -186.018 -43.97 57.526 0.966 0.257 0.027 0 0.105 -0.995 -0.259 0.961 0.101 99207.dat
1 71 -147.378 -43.97 47.166 0.966 0.257 0.027 0 0.105 -0.995 -0.259 0.961 0.101 99207.dat
1 3 -164.642 -43.13 60.034 0.966 0.257 0.027 0 0.105 -0.995 -0.259 0.961 0.101 3023.dat
1 15 -172.326 -66.39 31.302 -0.027 0.257 0.966 0.995 0.105 0 -0.101 0.961 -0.259 3021.dat
1 72 -171.246 -106.19 35.342 -0.966 0.257 -0.027 0 0.105 0.995 0.259 0.961 -0.101 14417.dat
1 71 -174.112 -77.18 24.624 0.027 0.257 -0.966 -0.995 0.105 0 0.101 0.961 0.259 3020.dat
1 15 -179.47 -109.55 4.59 -0.966 0.257 -0.027 0 0.105 0.995 0.259 0.961 -0.101 3937.dat
1 71 -147.188 -78.02 9.166 0.027 0.257 -0.966 -0.995 0.105 0 0.101 0.961 0.259 3701.dat
1 71 -205.148 -78.02 24.706 0.027 0.257 -0.966 -0.995 0.105 0 0.101 0.961 0.259 3701.dat
1 15 -176.978 -48.17 13.906 0.966 0.257 0.027 0 0.105 -0.995 -0.259 0.961 0.101 99780.dat
1 15 -176.168 -78.02 16.936 0.966 0.257 0.027 0 0.105 -0.995 -0.259 0.961 0.101 3022.dat
1 15 -207.744 -58.96 14.998 -0.027 0.257 0.966 0.995 0.105 0 -0.101 0.961 -0.259 3023.dat
1 15 -149.784 -58.96 -0.542 -0.027 0.257 0.966 0.995 0.105 0 -0.101 0.961 -0.259 3023.dat
1 15 -148.974 -88.81 2.488 0.027 0.257 -0.966 -0.995 0.105 0 0.101 0.961 0.259 2420.dat
1 15 -206.934 -88.81 18.028 0.966 0.257 0.027 0 0.105 -0.995 -0.259 0.961 0.101 2420.dat
1 15 -178.764 -58.96 7.228 0.966 0.257 0.027 0 0.105 -0.995 -0.259 0.961 0.101 18674.dat
1 29 -180.82 -59.8 -0.46 0.663873 0.257 0.702051 0.703465 0.105 -0.703465 -0.25452 0.961 -0.111706 39739.dat
1 15 -209.53 -69.75 8.32 -0.027 0.257 0.966 0.995 0.105 0 -0.101 0.961 -0.259 63864.dat
1 15 -151.57 -69.75 -7.22 -0.027 0.257 0.966 0.995 0.105 0 -0.101 0.961 -0.259 63864.dat
1 71 -182.336 -80.54 -6.128 0.966 0.257 0.027 0 0.105 -0.995 -0.259 0.961 0.101 3020.dat
1 3 -208.72 -99.6 11.35 -0.966 0.257 -0.027 0 0.105 0.995 0.259 0.961 -0.101 11477.dat
1 3 -150.76 -99.6 -4.19 -0.966 0.257 -0.027 0 0.105 0.995 0.259 0.961 -0.101 11477.dat
1 15 -179.74 -99.6 3.58 -0.966 0.257 -0.027 0 0.105 0.995 0.259 0.961 -0.101 15068.dat
1 15 -200.14 -59.8 4.72 0.966 0.257 0.027 0 0.105 -0.995 -0.259 0.961 0.101 15068.dat
1 15 -161.5 -59.8 -5.64 0.966 0.257 0.027 0 0.105 -0.995 -0.259 0.961 0.101 15068.dat
1 71 -179.47 -109.55 4.59 -0.966 0.257 -0.027 0 0.105 0.995 0.259 0.961 -0.101 6134.dat
1 15 -170.376 -23.34 38.592 -0.257 0.027 -0.966 -0.105 -0.995 0 -0.961 0.101 0.259 3020.dat
1 71 -162.882 -12.23 66.614 0.966 0.027 -0.257 0 -0.995 -0.105 -0.259 0.101 -0.961 3710.dat
1 3 -168.022 -14.33 47.394 0.966 0.027 -0.257 0 -0.995 -0.105 -0.259 0.101 -0.961 3023.dat
1 71 -185.392 -17.48 21.154 -0.257 0.027 -0.966 -0.105 -0.995 0 -0.961 0.101 0.259 11458.dat
1 71 -166.072 -17.48 15.974 -0.257 0.027 -0.966 -0.105 -0.995 0 -0.961 0.101 0.259 11458.dat
1 71 -168.238 -6.37 46.586 -0.257 0.027 -0.966 -0.105 -0.995 0 -0.961 0.101 0.259 26603.dat
1 15 -194.216 -21.24 65.582 -0.966 0.027 0.257 0 -0.995 0.105 0.259 0.101 0.961 11477.dat
1 15 -136.256 -21.24 50.042 -0.966 0.027 0.257 0 -0.995 0.105 0.259 0.101 0.961 11477.dat
1 0 -194.216 -21.24 65.582 0.257 0.027 0.966 0.105 -0.995 0 0.961 0.101 -0.259 18677.dat
1 0 -136.256 -21.24 50.042 0.257 0.027 0.966 0.105 -0.995 0 0.961 0.101 -0.259 18677.dat
1 71 -201.036 -30.14 78.792 0.966 0.257 0.027 0 0.105 -0.995 -0.259 0.961 0.101 3673.dat
1 71 -123.756 -30.14 58.072 0.966 0.257 0.027 0 0.105 -0.995 -0.259 0.961 0.101 3673.dat
1 0 -210.696 -30.14 81.382 -0.257 -0.027 0.966 -0.105 0.995 0 -0.961 -0.101 -0.259 13971.dat
1 0 -114.096 -30.14 55.482 -0.257 -0.027 0.966 -0.105 0.995 0 -0.961 -0.101 -0.259 13971.dat
1 256 -114.096 -30.14 55.482 -0.257 -0.027 0.966 -0.105 0.995 0 -0.961 -0.101 -0.259 61254.dat
1 256 -210.696 -30.14 81.382 -0.257 -0.027 0.966 -0.105 0.995 0 -0.961 -0.101 -0.259 61254.dat
1 19 -159.144 -12.56 3.168 0.966 -0.027 0.257 0 0.995 0.105 -0.259 -0.101 0.961 3749.dat
1 19 -197.784 -12.56 13.528 -0.966 -0.027 -0.257 0 0.995 -0.105 0.259 -0.101 -0.961 3749.dat
1 0 -149.484 -12.56 0.578 0.027 -0.966 -0.257 -0.995 0 -0.105 0.101 0.259 -0.961 32474.dat
1 0 -207.444 -12.56 16.118 0.027 0.966 0.257 -0.995 0 0.105 0.101 -0.259 0.961 32474.dat
1 1 -211.698 -96.87 38.926 -0.966 -0.027 -0.257 0 0.995 -0.105 0.259 -0.101 -0.961 43093.dat
1 15 -240.678 -96.87 46.696 -0.257 0.027 -0.966 -0.105 -0.995 0 -0.961 0.101 0.259 32015.dat
1 71 -256.8573 -59.1804 46.9339 -0.882243 0.394926 0.257 -0.381085 -0.91938 0.105 0.277999 -0.005873 0.961 48729.dat
1 1 -134.418 -96.87 18.206 0.966 -0.200788 0.16261 0 0.62923 0.7777 -0.259 -0.750834 0.60802 43093.dat
1 15 -105.438 -96.87 10.436 0.16261 0.200788 0.966 0.7777 -0.62923 0 0.60802 0.750834 -0.259 32015.dat
1 71 -97.8871 -73.0354 -22.0686 0.969486 -0.18445 -0.16261 -0.240995 -0.581409 -0.7777 0.048253 0.792968 -0.60802 48729.dat
1 3 -184.834 -164.21 61.958 -0.027 0.257 0.966 0.995 0.105 0 -0.101 0.961 -0.259 3021.dat
1 3 -146.194 -164.21 51.598 -0.027 0.257 0.966 0.995 0.105 0 -0.101 0.961 -0.259 3021.dat
1 71 -171.412 -176.68 34.724 -0.027 0.257 0.966 0.995 0.105 0 -0.101 0.961 -0.259 3003.dat
1 71 -200.122 -186.63 43.504 -0.966 0.257 -0.027 0 0.105 0.995 0.259 0.961 -0.101 87087.dat
1 71 -142.162 -186.63 27.964 -0.966 0.257 -0.027 0 0.105 0.995 0.259 0.961 -0.101 87087.dat
1 72 -168.11 -145.15 47.07 -0.966 0.257 -0.027 0 0.105 0.995 0.259 0.961 -0.101 3023.dat
1 71 -170.166 -145.99 39.382 0.966 0.257 0.027 0 0.105 -0.995 -0.259 0.961 0.101 14704.dat
1 71 -200.932 -156.78 40.474 -0.027 0.257 0.966 0.995 0.105 0 -0.101 0.961 -0.259 32000.dat
1 71 -142.972 -156.78 24.934 -0.027 0.257 0.966 0.995 0.105 0 -0.101 0.961 -0.259 32000.dat
1 72 -172.222 -146.83 31.694 -0.966 0.257 -0.027 0 0.105 0.995 0.259 0.961 -0.101 3023.dat
1 15 -173.198 -187.47 28.046 -0.966 0.257 -0.027 0 0.105 0.995 0.259 0.961 -0.101 3710.dat
1 15 -174.008 -157.62 25.016 -0.966 0.257 -0.027 0 0.105 0.995 0.259 0.961 -0.101 3020.dat
1 15 -175.254 -188.31 20.358 -0.966 0.257 -0.027 0 0.105 0.995 0.259 0.961 -0.101 2431.dat
1 15 -176.334 -148.51 16.318 -0.966 0.257 -0.027 0 0.105 0.995 0.259 0.961 -0.101 2431.dat
1 15 -175.794 -168.41 18.338 -0.966 0.257 -0.027 0 0.105 0.995 0.259 0.961 -0.101 3069.dat
1 15 -204.774 -168.41 26.108 -0.966 0.257 -0.027 0 0.105 0.995 0.259 0.961 -0.101 3024.dat
1 43 -206.83 -169.25 18.42 -0.966 0.257 -0.027 0 0.105 0.995 0.259 0.961 -0.101 98138.dat
1 47 -146.814 -168.41 10.568 -0.966 0.257 -0.027 0 0.105 0.995 0.259 0.961 -0.101 3070.dat
1 15 -197.066 -203.49 54.932 -0.257 -0.027 0.966 -0.105 0.995 0 -0.961 -0.101 -0.259 4592.dat
1 0 -197.066 -203.49 54.932 -0.257 0.663873 0.702051 -0.105 0.703465 -0.703465 -0.961 -0.25452 -0.111706 4593.dat
1 0 -139.106 -203.49 39.392 -0.257 0.663873 0.702051 -0.105 0.703465 -0.703465 -0.961 -0.25452 -0.111706 4593.dat
1 15 -139.106 -203.49 39.392 -0.257 -0.027 0.966 -0.105 0.995 0 -0.961 -0.101 -0.259 4592.dat
1 0 -131.012 -145.78 30.944 -0.966 -0.250814 -0.062514 0 0.24159 -0.97121 0.259 -0.937882 -0.233722 2780.dat
1 0 -208.292 -145.78 51.664 -0.966 -0.250814 -0.062514 0 0.24159 -0.97121 0.259 -0.937882 -0.233722 2780.dat
1 15 -123.4842 -137.5385 20.3806 0.250814 0.062514 -0.966 -0.24159 0.97121 0 0.937882 0.233722 0.259 11458.dat
1 15 -220.0842 -137.5385 46.2806 0.250814 0.062514 -0.966 -0.24159 0.97121 0 0.937882 0.233722 0.259 11458.dat
1 15 -131.5065 -138.0566 -9.6173 0.250814 0.062514 -0.966 -0.24159 0.97121 0 0.937882 0.233722 0.259 27263.dat
1 15 -228.1065 -138.0566 16.2827 0.966 0.062514 0.250814 0 0.97121 -0.24159 -0.259 0.233722 0.937882 27263.dat
1 71 -179.3064 -130.2889 5.2027 0.966 0.062514 0.250814 0 0.97121 -0.24159 -0.259 0.233722 0.937882 3710.dat
1 15 -179.8065 -138.0566 3.3327 0.966 0.062514 0.250814 0 0.97121 -0.24159 -0.259 0.233722 0.937882 3069.dat
