0 Main
0 Name: 6876-1 - Alienator.mpd
0 Author: LTRON
1 0 0 0 0 0 0 1 0 1 0 -1 0 0 3795.dat
1 7 0 8 20 0 0 1 0 1 0 -1 0 0 3679.dat
1 0 0 8 -40 0 0 1 0 1 0 -1 0 0 3003.dat
1 7 0 32 -40 0 0 1 0 1 0 -1 0 0 3679.dat
1 7 55.433 96 42.961 -0.92388 0 0.382683 0 1 0 -0.382683 0 -0.92388 3679.dat
1 7 -55.4326 96 -2.961 -0.92388 0 0.382683 0 1 0 -0.382683 0 -0.92388 3679.dat
1 0 55.433 72 42.961 -0.92388 0 0.382683 0 1 0 -0.382683 0 -0.92388 3941.dat
1 0 -55.4326 72 -2.961 -0.92388 0 0.382683 0 1 0 -0.382683 0 -0.92388 3941.dat
1 0 55.433 24 42.961 -0.92388 0 0.382683 0 1 0 -0.382683 0 -0.92388 3940.dat
1 0 -55.4326 24 -2.961 -0.92388 0 0.382683 0 1 0 -0.382683 0 -0.92388 3940.dat
1 0 0.0002 16 20 -0.92388 0 0.382683 0 1 0 -0.382683 0 -0.92388 3034.dat
1 14 0.0002 8 20 -0.92388 0 0.382683 0 1 0 -0.382683 0 -0.92388 3680.dat
1 7 55.433 96 -17.039 -0.92388 0 0.382683 0 1 0 -0.382683 0 -0.92388 3679.dat
1 7 -55.4326 96 -62.961 -0.92388 0 0.382683 0 1 0 -0.382683 0 -0.92388 3679.dat
1 0 55.433 48 -17.039 -0.92388 0 0.382683 0 1 0 -0.382683 0 -0.92388 3940.dat
1 0 -55.4326 48 -62.961 -0.92388 0 0.382683 0 1 0 -0.382683 0 -0.92388 3940.dat
1 0 0.0002 40 -40 -0.92388 0 0.382683 0 1 0 -0.382683 0 -0.92388 3034.dat
1 14 0.0002 32 -40 -0.92388 0 0.382683 0 1 0 -0.382683 0 -0.92388 3680.dat
1 0 75.432 104 -17.039 1 0 0 0 1 0 0 0 1 3933.dat
1 14 55.432 96 42.961 1 0 0 0 1 0 0 0 1 3680.dat
1 14 55.432 96 -17.039 1 0 0 0 1 0 0 0 1 3680.dat
1 0 -75.432 104 -62.961 1 0 0 0 1 0 0 0 1 3934.dat
1 14 -55.432 96 -2.961 1 0 0 0 1 0 0 0 1 3680.dat
1 14 -55.432 96 -62.961 1 0 0 0 1 0 0 0 1 3680.dat
1 0 0 -8 0 0 0 1 0 1 0 -1 0 0 3035.dat
1 0 0 -16 20 -1 0 0 0 1 0 0 0 -1 3832.dat
1 0 10 -16 60 0 0 -1 0 1 0 1 0 0 4275.dat
1 0 -10 -16 60 0 0 -1 0 1 0 1 0 0 4275.dat
1 0 0 -40 30 -1 0 0 0 1 0 0 0 -1 3039.dat
1 0 -10 -48 30 1 0 0 0 1 0 0 0 1 4085.dat
1 0 10 -48 30 1 0 0 0 1 0 0 0 1 4085.dat
1 14 -90 -24 20 0 0 1 0 1 0 -1 0 0 3023.dat
1 14 90 -24 20 0 0 1 0 1 0 -1 0 0 3023.dat
1 0 -20 -32 -60 0 0 1 0 1 0 -1 0 0 4730.dat
1 0 20 -32 -60 0 0 1 0 1 0 -1 0 0 4730.dat
1 0 90 -40 20 1 0 0 0 1 0 0 0 1 4595.dat
1 0 -90 -40 20 1 0 0 0 1 0 0 0 1 4595.dat
1 36 90 -30 -16 1 0 0 0 0 1 0 -1 0 4740.dat
1 36 -90 -30 -16 1 0 0 0 0 1 0 -1 0 4740.dat
1 14 10 -56 10 1 0 0 0 1 0 0 0 1 3959.dat
1 14 -10 -66 14 -1 0 0 0 0 -1 0 -1 0 4735.dat
1 0 0 16 -160 0 0 1 0 1 0 -1 0 0 3034.dat
1 0 0 8 -230 0 0 1 0 1 0 -1 0 0 3021.dat
1 0 0 -8 -90 -1 0 0 0 1 0 0 0 -1 3004.dat
1 0 0 -32 -90 -1 0 0 0 1 0 0 0 -1 3701.dat
1 0 0 -8 -120 0 0 -1 0 1 0 1 0 0 4871.dat
1 0 -30 -32 -110 1 0 0 0 1 0 0 0 1 3040.dat
1 0 30 -32 -110 1 0 0 0 1 0 0 0 1 3040.dat
1 0 0 -16 -230 -1 0 0 0 1 0 0 0 -1 3937.dat
1 0 0 0 -250 1 0 0 0 1 0 0 0 1 3839.dat
1 0 0 -40 -100 1 0 0 0 1 0 0 0 1 3020.dat
1 14 10 8 -190 0.92388 0 0.382683 0 1 0 -0.382683 0 0.92388 4592.dat
1 14 -10 8 -190 0.92388 0 -0.382683 0 1 0 0.382683 0 0.92388 4592.dat
1 0 0 -48 -90 1 0 0 0 1 0 0 0 1 3069.dat
1 0 30 -56 -100 0 0 -1 0 1 0 1 0 0 4531.dat
1 0 -30 -56 -100 0 0 -1 0 1 0 1 0 0 4531.dat
1 0 30 -85.893 -82.136 0 0 -1 -0.337095 0.941471 0 0.941471 0.337095 0 2433.dat
1 0 -30 -85.893 -82.136 0 0 -1 -0.337095 0.941471 0 0.941471 0.337095 0 2433.dat
1 0 0 -9.731 -220.719 1 0 0 0 0.372988 0.927836 0 -0.927836 0.372988 3938.dat
1 46 0 -60.4574 -94.5333 1 0 0 0 0.372988 0.927836 0 -0.927836 0.372988 2466.dat
1 0 0 -63.4413 -87.1106 -1 0 0 0 0.372988 -0.927836 0 -0.927836 -0.372988 4590.dat
1 36 30 -66.7518 -105.6859 -1 0 0 0 0.372988 -0.927836 0 -0.927836 -0.372988 6141.dat
1 36 -30 -66.7518 -105.6859 -1 0 0 0 0.372988 -0.927836 0 -0.927836 -0.372988 6141.dat
1 0 -10 -42.001 86 0 0 1 1 0 0 0 1 0 4276.dat
1 0 10 -42.001 86 0 0 1 1 0 0 0 1 0 4276.dat
1 0 0 -62.001 94 0 0 1 1 0 0 0 1 0 4032.dat
1 0 0 -72.001 86 1 0 0 0 0 -1 0 1 0 4590.dat
1 0 0 -72.001 62 -1 0 0 0 0 1 0 1 0 3660.dat
1 0 -30 -52.001 -58 -1 0 0 0 0 1 0 1 0 2345.dat
1 0 30 -52.001 -58 0 0 -1 -1 0 0 0 1 0 2345.dat
1 0 -10 -72.001 -42 -1 0 0 0 0 1 0 1 0 4085.dat
1 0 10 -72.001 -42 -1 0 0 0 0 1 0 1 0 4085.dat
1 0 0 -52.001 -42 -1 0 0 0 0 1 0 1 0 3023.dat
1 0 0 -32.001 -42 -1 0 0 0 0 1 0 1 0 3069.dat
1 0 0 -52.001 -66 -1 0 0 0 0 1 0 1 0 3039.dat
1 0 -50 -32.001 -42 -1 0 0 0 0 1 0 1 0 3024.dat
1 0 50 -32.001 -42 -1 0 0 0 0 1 0 1 0 3024.dat
1 0 10 -92.001 38 -1 0 0 0 0 1 0 1 0 3062.dat
1 0 -10 -92.001 38 -1 0 0 0 0 1 0 1 0 3062.dat
1 14 10 -92.001 30 -1 0 0 0 0 1 0 1 0 3957.dat
1 14 -10 -92.001 30 -1 0 0 0 0 1 0 1 0 3957.dat
1 0 30 -82.001 102 -1 0 0 0 0 1 0 1 0 4588.dat
1 14 30 -82.001 126 -1 0 0 0 0 1 0 1 0 6141.dat
1 0 -30 -82.001 102 -1 0 0 0 0 1 0 1 0 4588.dat
1 14 -30 -82.001 126 -1 0 0 0 0 1 0 1 0 6141.dat
