0 
0 Name: New Model.ldr
0 Author: 
1 1 210 -8 0 1 0 0 0 1 0 0 0 1 4740.dat
1 1 210 -44 -10 1 0 0 0 0 -1 0 1 0 4595.dat
1 1 210 -88 0 1 0 0 0 1 0 0 0 1 4733.dat
1 1 236 -54 0 0 -1 0 0.7071 0 -0.7071 0.7071 0 0.7071 4735.dat
1 1 184 -54 0 0 1 0 -0.7071 0 -0.7071 -0.7071 0 0.7071 4735.dat
1 36 210 -78 -18 1 0 0 0 0 -1 0 1 0 6141.dat
1 36 210 -78 18 1 0 0 0 0 1 0 -1 0 6141.dat
1 0 192 -78 0 0 1 0 0 0 1 1 0 0 4592.dat
1 0 228 -78 0 0 -1 0 0 0 1 -1 0 0 4592.dat
1 0 228 -78 0 0 -0.5 0.866 0 0.866 0.5 -1 0 0 4593.dat
1 0 192 -78 0 0 0.5 -0.866 0 0.866 0.5 1 0 0 4593.dat
