0 Main
0 Name: 8001 - Battle Droid - AT-ST.mpd
0 Author: LTRON
1 0 0 -304.795 133.559 0 0 -1 0.013 1 0 1 -0.013 0 3706.dat
1 7 0 -305.469 80.563 -1 0 0 0 1 -0.013 0 -0.013 -1 6589.dat
1 7 0 -285.305 93.307 -1 0 0 0 -1 0.013 0 0.013 1 6536.dat
1 0 0 -285.305 93.307 -1 0 0 0 -1 0.013 0 0.013 1 32062.dat
1 19 0 -305.049 113.56 -1 0 0 0 -1 0.013 0 0.013 1 3648.dat
1 19 0 -304.795 133.559 -1 0 0 0 -1 0.013 0 0.013 1 3648.dat
1 19 0 -304.54 153.557 0 0 1 0.013 -1 0 1 0.013 0 32034.dat
1 7 0 -304.349 168.556 1 0 0 0 -1 -0.013 0 0.013 -1 32123.dat
1 19 0 -304.184 181.555 -1 0 0 0 -0.013 -1 0 -1 0.013 4032.dat
1 19 0 -304.082 189.554 -1 0 0 0 -0.013 -1 0 -1 0.013 4032.dat
1 7 10 -345.3 94.071 0 1 0 0.013 0 1 1 0 -0.013 2825.dat
1 7 -10 -345.3 94.071 0 -1 0 -0.013 0 1 -1 0 -0.013 2825.dat
1 0 0 -345.3 94.071 -1 0 0 0 0.013 1 0 1 -0.013 3705.dat
1 0 40 -304.54 153.557 -1 0 0 0 0.013 1 0 1 -0.013 4519.dat
1 0 -40 -304.54 153.557 -1 0 0 0 0.013 1 0 1 -0.013 4519.dat
1 7 -35 -304.54 153.557 0 0 1 0.013 -1 0 1 0.013 0 32123.dat
1 7 35 -304.54 153.557 0 0 1 0.013 -1 0 1 0.013 0 32123.dat
1 7 -35 -345.3 94.071 0 0 1 0.013 -1 0 1 0.013 0 32123.dat
1 19 -25 -345.3 94.071 0 -1 0 -1 0 -0.013 0.013 0 -1 6632.dat
1 0 0 -345.555 74.072 -1 0 0 0 0.013 1 0 1 -0.013 3705.dat
1 19 -15 -345.555 74.072 0 -1 0 -1 0 -0.013 0.013 0 -1 6632.dat
1 0 0 -345.809 54.074 1 0 0 0 0.013 -1 0 1 0.013 32184.dat
1 19 15 -345.555 74.072 0 -1 0 -1 0 -0.013 0.013 0 -1 6632.dat
1 19 25 -345.3 94.071 0 -1 0 -1 0 -0.013 0.013 0 -1 6632.dat
1 0 0.173 -355.808 54.159 0.006 -0.891 -0.454 -1 0 -0.013 0.012 0.454 -0.891 3705.dat
1 7 0 -325.811 53.82 -0.454 -0.891 -0.006 -0.013 0 1 -0.891 0.454 -0.012 32269.dat
1 0 -20 -346.064 34.076 -1 0 0 0 0.013 1 0 1 -0.013 32062.dat
1 7 -25 -346.064 34.076 0 0 1 0.013 -1 0 1 0.013 0 32123.dat
1 7 25 -346.064 34.076 0 0 -1 -0.013 -1 0 -1 0.013 0 32123.dat
1 0 20 -346.064 34.076 1 0 0 0 -0.013 1 0 -1 -0.013 32062.dat
1 19 -35 -346.064 34.076 0 1 0 0.013 0 1 1 0 -0.013 32056.dat
1 19 35 -346.064 34.076 0 1 0 0.013 0 1 1 0 -0.013 32056.dat
1 7 35 -345.3 94.071 0 0 -1 -0.013 -1 0 -1 0.013 0 32123.dat
1 0 0 -290.656 40.516 1 0 0 0 0.758 0.652 0 -0.652 0.758 3706.dat
1 7 45 -345.809 54.074 0 0 -1 -0.013 -1 0 -1 0.013 0 32123.dat
1 0 30 -345.809 54.074 1 0 0 0 -0.013 1 0 -1 -0.013 32062.dat
1 7 -45 -345.809 54.074 0 0 1 0.013 -1 0 1 0.013 0 32123.dat
1 0 -30 -345.809 54.074 -1 0 0 0 0.013 1 0 1 -0.013 32062.dat
1 19 0 -306.067 33.567 -1 0 0 0 -1 0.013 0 0.013 1 32172.dat
1 19 50 -305.304 93.562 0 1 0 1 0 -0.013 -0.013 0 -1 32177.dat
1 0 70 -305.812 53.565 -1 0 0 0 0.013 1 0 1 -0.013 3705.dat
1 0 40 -266.664 99.033 0 -1 0 -0.758 0 -0.652 0.652 0 -0.758 2825.dat
1 19 60 -266.664 99.033 0 1 0 0.758 0 -0.652 -0.652 0 -0.758 2825.dat
1 0 50 -266.664 99.033 1 0 0 0 0.758 0.652 0 -0.652 0.758 32062.dat
1 19 -50 -305.304 93.562 0 -1 0 -1 0 -0.013 0.013 0 -1 32177.dat
1 0 -70 -305.812 53.565 -1 0 0 0 -0.758 0.652 0 0.652 0.758 3705.dat
1 0 -40 -266.664 99.033 0 1 0 0.758 0 -0.652 -0.652 0 -0.758 2825.dat
1 19 -60 -266.664 99.033 0 -1 0 -0.758 0 -0.652 0.652 0 -0.758 2825.dat
1 0 -50 -266.664 99.033 1 0 0 0 0.758 0.652 0 -0.652 0.758 32062.dat
1 7 65 -304.54 153.557 0 0 -1 -0.013 -1 0 -1 0.013 0 32123.dat
1 7 -65 -304.54 153.557 0 0 -1 -0.013 -1 0 -1 0.013 0 32123.dat
1 19 105 -169.7572 128.2504 0 -1 0 0.271 0 -0.963 0.963 0 0.271 32065.dat
1 8 80 -227.5146 144.5022 1 0 0 0 -0.7582 -0.6524 0 0.6524 -0.7582 6587.dat
1 19 90 -266.6634 99.0338 0 1 0 -0.7582 0 0.6524 0.6524 0 0.7582 32177.dat
1 19 74 -227.5146 144.5022 0 1 0 -0.7582 0 0.6524 0.6524 0 0.7582 4032.dat
1 7 65 -227.5146 144.5022 0 0 -1 -0.6524 -0.7582 0 -0.7582 0.6524 0 32123.dat
1 0 100 -112 112 1 0 0 0 0.6 -0.8 0 0.8 0.6 32062.dat
1 7 115 -112 112 0 0 -1 -0.8 0.6 0 0.6 0.8 0 32123.dat
1 19 90 -112 112 0 -1 0 -0.6 0 0.8 -0.8 0 -0.6 32271.dat
1 7 100 -96 100 1 0 0 0 -0.874 0.487 0 -0.487 -0.874 3749.dat
1 19 110 -240.5644 129.3458 0 1 0 0.4066 0 0.9138 0.9138 0 -0.4066 32271.dat
1 7 100 -240.5644 129.3458 1 0 0 0 -0.4066 0.9138 0 -0.9138 -0.4066 3749.dat
1 0 90 -16 0 1 0 0 0 0 -1 0 1 0 32062.dat
1 0 90 -16 20 1 0 0 0 0 -1 0 1 0 32062.dat
1 19 90 -16 0 1 0 0 0 1 0 0 0 1 32165.dat
1 19 -105 -169.7572 128.2504 0 1 0 -0.271 0 -0.963 -0.963 0 0.271 32065.dat
1 8 -80 -227.5146 144.5022 -1 0 0 0 -0.7582 0.6524 0 0.6524 0.7582 6587.dat
1 19 -90 -266.6634 99.0338 0 -1 0 0.7582 0 0.6524 -0.6524 0 0.7582 32177.dat
1 19 -74 -227.5146 144.5022 0 -1 0 0.7582 0 0.6524 -0.6524 0 0.7582 4032.dat
1 7 -65 -227.5146 144.5022 0 0 1 0.6524 -0.7582 0 0.7582 0.6524 0 32123.dat
1 0 -100 -112 112 1 0 0 0 0.6 -0.8 0 0.8 0.6 32062.dat
1 7 -115 -112 112 0 0 1 0.8 0.6 0 -0.6 0.8 0 32123.dat
1 19 -90 -112 112 0 -1 0 -0.6 0 0.8 -0.8 0 -0.6 32271.dat
1 7 -100 -96 100 -1 0 0 0 -0.874 -0.487 0 -0.487 0.874 3749.dat
1 19 -110 -240.5644 129.3458 0 1 0 0.4066 0 0.9138 0.9138 0 -0.4066 32271.dat
1 7 -100 -240.5644 129.3458 -1 0 0 0 -0.4066 -0.9138 0 -0.9138 0.4066 3749.dat
1 0 -90 -16 0 1 0 0 0 0 -1 0 1 0 32062.dat
1 0 -90 -16 20 1 0 0 0 0 -1 0 1 0 32062.dat
1 19 -90 -16 0 1 0 0 0 1 0 0 0 1 32165.dat
1 7 105 -305.812 53.565 0 0 -1 -0.013 -1 0 -1 0.013 0 32123.dat
1 7 -105 -305.812 53.565 0 0 -1 -0.652 -0.758 0 -0.758 0.652 0 32123.dat
1 0 27.476 -365.028 107.735 0.891 -0.006 0.454 0 1 0.013 -0.454 -0.012 0.891 3706.dat
1 7 18.396 -365.288 89.915 -0.891 -0.006 -0.454 0 1 -0.013 0.454 -0.012 -0.891 32039.dat
1 0 13.856 -365.418 81.005 0.454 -0.006 -0.891 0.013 1 0 0.891 -0.012 0.454 32062.dat
1 19 14.111 -365.028 114.545 -0.006 0.891 -0.454 1 0 -0.013 -0.012 -0.454 -0.891 6632.dat
1 19 40.841 -365.028 100.925 -0.006 0.891 -0.454 1 0 -0.013 -0.012 -0.454 -0.891 6632.dat
1 0 44.956 -365.548 53.935 -0.891 -0.006 -0.454 0 1 -0.013 0.454 -0.012 -0.891 4519.dat
1 0 -26.324 -365.548 90.255 -0.891 -0.006 -0.454 0 1 -0.013 0.454 -0.012 -0.891 4519.dat
1 19 72.366 -364.508 129.755 -0.454 -0.891 -0.006 -0.013 0 1 -0.891 0.454 -0.012 32009.dat
1 19 9.316 -365.548 72.095 0.006 0.891 0.454 -1 0 0.013 0.012 -0.454 0.891 32039.dat
1 0 46.596 -524.508 145.295 -0.891 -0.454 0.006 0 -0.013 -1 0.454 -0.891 0.012 32073.dat
1 19 55.386 -504.508 140.515 -0.891 -0.006 -0.454 0 1 -0.013 0.454 -0.012 -0.891 32184.dat
1 19 37.566 -504.508 149.595 -0.891 -0.006 -0.454 0 1 -0.013 0.454 -0.012 -0.891 32184.dat
1 19 18.906 -364.508 156.995 -0.454 -0.891 -0.006 -0.013 0 1 -0.891 0.454 -0.012 32009.dat
1 19 -0.614 -367.108 -57.525 0.006 -0.891 -0.454 -1 0 -0.013 0.012 0.454 -0.891 32009.dat
1 0 -9.044 -447.108 -52.025 -0.891 0.454 -0.006 0 0.013 1 0.454 0.891 -0.012 32062.dat
1 19 -82.7269 -367.9225 -86.5179 0.166326 0.891 0.422366 -0.930398 0 0.366155 0.326634 -0.454 0.828837 32140.dat
1 0 -65.3687 -360.5923 -74.4794 0.891 -0.166326 0.422366 0 0.930398 0.366155 -0.454 -0.326634 0.828837 2780.dat
1 0 -48.4723 -345.9301 -41.3226 0.891 -0.166326 0.422366 0 0.930398 0.366155 -0.454 -0.326634 0.828837 2780.dat
1 19 -64.9069 -367.9225 -95.5979 0.166326 0.891 0.422366 -0.930398 0 0.366155 0.326634 -0.454 0.828837 32140.dat
1 7 -91.6369 -367.9225 -81.9779 0.891 -0.454 -0.006 0 -0.013 1 -0.454 -0.891 -0.012 3749.dat
1 7 -55.9969 -367.9225 -100.1379 -0.891 -0.339998 -0.301102 0 0.66338 -0.748749 0.454 -0.667416 -0.590763 3749.dat
1 19 -100.5469 -367.9225 -77.4379 0.891 -0.401796 -0.211008 0 -0.464583 0.885111 -0.454 -0.788445 -0.414315 32013.dat
1 19 -47.0869 -367.9225 -104.6779 0.891 -0.401796 -0.211008 0 -0.464583 0.885111 -0.454 -0.788445 -0.414315 32013.dat
1 0 -27.004 -366.588 0.815 0.891 0.023068 0.453476 0 0.998832 -0.051026 -0.454 0.045048 0.889986 3707.dat
1 0 -85.7657 -429.9039 -48.415 0.211008 0.891 0.401796 -0.885111 0 0.464583 0.414315 -0.454 0.788445 3706.dat
1 0 -32.3057 -429.9039 -75.655 0.211008 0.891 0.401796 -0.885111 0 0.464583 0.414315 -0.454 0.788445 3706.dat
1 19 -89.9887 -412.1958 -56.7068 0.211008 0.891 0.401796 -0.885111 0 0.464583 0.414315 -0.454 0.788445 75535.dat
1 19 -36.5287 -412.1958 -83.9468 0.211008 0.891 0.401796 -0.885111 0 0.464583 0.414315 -0.454 0.788445 75535.dat
1 19 -56.9238 -438.759 -57.8883 0.401796 -0.211008 -0.891 0.464583 0.885111 0 0.788445 -0.414315 0.454 32307.dat
1 0 -53.5718 -447.1694 -29.2815 0.211008 0.401796 -0.891 -0.885111 0.464583 0 0.414315 0.788445 0.454 4519.dat
1 0 -35.7518 -447.1694 -38.3615 0.211008 0.401796 -0.891 -0.885111 0.464583 0 0.414315 0.788445 0.454 4519.dat
1 19 -25.9709 -456.4681 -63.2165 0.211008 0.401796 -0.891 -0.885111 0.464583 0 0.414315 0.788445 0.454 6536.dat
1 19 -79.4309 -456.4681 -35.9765 0.211008 0.401796 -0.891 -0.885111 0.464583 0 0.414315 0.788445 0.454 6536.dat
1 19 -52.7009 -456.4681 -49.5965 -0.891 0.401796 -0.211008 0 0.464583 0.885111 0.454 0.788445 -0.414315 32291.dat
1 0 -52.7009 -456.4681 -49.5965 -0.891 0.401796 -0.211008 0 0.464583 0.885111 0.454 0.788445 -0.414315 32062.dat
1 19 -57.6191 -491.8854 -26.2013 0.401796 0.891 -0.211008 0.464583 0 0.885111 0.788445 -0.454 -0.414315 6632.dat
1 19 -30.8891 -491.8854 -39.8213 0.401796 0.891 -0.211008 0.464583 0 0.885111 0.788445 -0.454 -0.414315 6632.dat
1 0 -44.2541 -491.8854 -33.0113 -0.891 0.211008 0.401796 0 -0.885111 0.464583 0.454 0.414315 0.788445 32062.dat
1 0 -44.2541 -491.8854 -33.0113 -0.891 -0.211008 -0.401796 0 0.885111 -0.464583 0.454 -0.414315 -0.788445 6536.dat
1 8 -52.4968 -478.8261 -49.191 -0.401796 0.891 0.211008 -0.464583 0 -0.885111 -0.788445 -0.454 0.414315 32002.dat
1 0 -41.3108 -395.2835 -5.2301 0.41699 -0.891 0.179614 0.395427 0 -0.918563 0.818279 0.454 0.352711 32062.dat
1 19 -37.1413 -391.3341 2.9518 0.41699 0.179614 0.891 0.395427 -0.918563 0 0.818279 0.352711 -0.454 6536.dat
1 0 -24.6423 -409.7022 5.4597 0.891 -0.45375 -0.005997 0 -0.012993 0.99945 -0.454 -0.89051 -0.011993 2780.dat
1 19 -19.3213 -391.3341 -6.1282 0.41699 0.179614 0.891 0.395427 -0.918563 0 0.818279 0.352711 -0.454 6536.dat
1 0 -23.4908 -395.2835 -14.3101 0.41699 0.179614 0.891 0.395427 -0.918563 0 0.818279 0.352711 -0.454 32062.dat
1 19 -53.8189 -407.1356 -29.7753 -0.891 0.005997 0.45375 0 -0.99945 0.012993 0.454 0.011993 0.89051 32016.dat
1 19 -35.9989 -407.1356 -38.8553 -0.891 0.005997 0.45375 0 -0.99945 0.012993 0.454 0.011993 0.89051 32016.dat
1 0 -67.4351 -407.5405 -56.4978 0.45375 0.005997 0.891 0.012993 -0.99945 0 0.89051 0.011993 -0.454 32062.dat
1 0 -49.6151 -407.5405 -65.5778 0.45375 0.005997 0.891 0.012993 -0.99945 0 0.89051 0.011993 -0.454 32062.dat
1 0 -81.0513 -407.9454 -83.2204 -0.45375 0.005997 -0.891 -0.012993 -0.99945 0 -0.89051 0.011993 0.454 32054.dat
1 0 -63.2313 -407.9454 -92.3004 -0.45375 0.005997 -0.891 -0.012993 -0.99945 0 -0.89051 0.011993 0.454 32054.dat
1 0 -71.6388 -407.1356 -20.6953 -0.891 -0.45375 0.005997 0 -0.012993 -0.99945 0.454 -0.89051 0.011993 6558.dat
1 0 -18.1789 -407.1356 -47.9353 0.891 0.45375 0.005997 0 0.012993 -0.99945 -0.454 0.89051 0.011993 6558.dat
1 19 -83.6499 -353.2902 -44.2798 0.407388 -0.891 0.200184 0.440739 0 -0.897423 0.799425 0.454 0.393075 32140.dat
1 0 -56.9199 -353.2902 -57.8998 0.891 0.407388 0.200184 0 0.440739 -0.897423 -0.454 0.799425 0.393075 3705.dat
0 !LEOCAD SYNTH BEGIN
0 !LEOCAD SYNTH CONTROL_POINT -15.625 0 0 1 0 0 0 1 0 0 0 1 15.625
0 !LEOCAD SYNTH CONTROL_POINT 15.625 0 0 1 0 0 0 1 0 0 0 1 15.625
1 0 -85.59 -408.0811 -92.1279 0.45375 -0.891 0.005997 0.012993 0 -0.99945 0.89051 0.454 0.011993 72504.dat
0 !LEOCAD SYNTH END
0 !LEOCAD SYNTH BEGIN
0 !LEOCAD SYNTH CONTROL_POINT -15.625 0 0 1 0 0 0 1 0 0 0 1 15.625
0 !LEOCAD SYNTH CONTROL_POINT 15.625 0 0 1 0 0 0 1 0 0 0 1 15.625
1 0 -67.77 -408.0811 -101.2079 0.45375 -0.891 0.005997 0.012993 0 -0.99945 0.89051 0.454 0.011993 72504.dat
0 !LEOCAD SYNTH END
1 19 -30.1905 -353.2612 -71.521 0.407388 -0.891 0.200184 0.440739 0 -0.897423 0.799425 0.454 0.393075 32140.dat
1 7 -49.3485 -464.8785 -20.9889 -0.891 0.401796 -0.211008 0 0.464583 0.885111 0.454 0.788445 -0.414315 3713.dat
1 7 -31.5285 -464.8785 -30.0689 -0.891 0.401796 -0.211008 0 0.464583 0.885111 0.454 0.788445 -0.414315 3713.dat
1 0 17.886 -366.068 22.835 0.891 0.006 -0.454 0 -1 -0.013 -0.454 0.012 -0.891 32054.dat
1 0 -8.844 -366.068 36.455 0.891 0.006 -0.454 0 -1 -0.013 -0.454 0.012 -0.891 32062.dat
1 0 -35.574 -366.068 50.075 -0.891 -0.006 -0.454 0 1 -0.013 0.454 -0.012 -0.891 32054.dat
1 19 -89.7084 -367.1339 -12.114 0.006 -0.891 -0.454 -1 0 -0.013 0.012 0.454 -0.891 32009.dat
1 0 -80.3014 -447.1694 -15.6606 -0.891 -0.006 -0.454 0 1 -0.013 0.454 -0.012 -0.891 32062.dat
1 19 -6.7254 -451.1522 -25.4472 -0.891 -0.211008 -0.401796 0 0.885111 -0.464583 0.454 -0.414315 -0.788445 6632.dat
1 19 -4.6134 -460.0073 -21.3004 -0.891 -0.211008 -0.401796 0 0.885111 -0.464583 0.454 -0.414315 -0.788445 6632.dat
1 0 -3.5579 -464.4338 -19.228 -0.211008 0.891 -0.401796 0.885111 0 -0.464583 -0.414315 -0.454 -0.788445 32062.dat
1 19 -1.446 -473.2889 -15.0812 -0.211008 0.401796 0.891 0.885111 0.464583 0 -0.414315 0.788445 -0.454 6536.dat
1 0 6.593 -463.9901 0.6939 -0.891 -0.006 -0.454 0 1 -0.013 0.454 -0.012 -0.891 32054.dat
1 19 -60.1854 -451.1522 1.7928 -0.891 -0.211008 -0.401796 0 0.885111 -0.464583 0.454 -0.414315 -0.788445 6632.dat
1 19 -58.0734 -460.0073 5.9396 -0.891 -0.211008 -0.401796 0 0.885111 -0.464583 0.454 -0.414315 -0.788445 6632.dat
1 0 -57.0179 -464.4338 8.012 -0.211008 0.891 -0.401796 0.885111 0 -0.464583 -0.414315 -0.454 -0.788445 32062.dat
1 19 -54.906 -473.2889 12.1588 -0.211008 0.401796 0.891 0.885111 0.464583 0 -0.414315 0.788445 -0.454 6536.dat
1 0 -46.867 -463.9901 27.9339 0.891 0.006 -0.454 0 -1 -0.013 -0.454 0.012 -0.891 32054.dat
1 19 -20.349 -504.508 179.105 -0.454 0.891 0.006 -0.013 0 -1 -0.891 -0.454 0.012 6632.dat
1 0 46.716 -544.508 145.535 -0.891 -0.454 0.006 0 -0.013 -1 0.454 -0.891 0.012 3707.dat
1 0 1.926 -504.508 167.755 -0.891 -0.454 0.006 0 -0.013 -1 0.454 -0.891 0.012 4519.dat
1 19 -7.344 -444.508 171.575 0.454 0.891 -0.006 0.013 0 1 0.891 -0.454 -0.012 32177.dat
1 0 1.446 -424.508 166.795 0.891 -0.454 -0.006 0 -0.013 1 -0.454 -0.891 -0.012 32062.dat
1 7 -11.199 -544.508 175.045 -0.006 0.454 0.891 1 0.013 0 -0.012 0.891 -0.454 32123.dat
1 7 5.901 -424.508 164.525 -0.006 0.454 0.891 1 0.013 0 -0.012 0.891 -0.454 32123.dat
1 19 -25.074 -545.288 114.775 -0.006 -0.891 0.454 1 0 0.013 -0.012 0.454 0.891 2825.dat
1 19 6.621 -544.508 165.965 -0.454 -0.891 -0.006 -0.013 0 1 -0.891 0.454 -0.012 32056.dat
1 0 1.826 -545.028 123.515 0.891 -0.454 -0.006 0 -0.013 1 -0.454 -0.891 -0.012 32062.dat
0 !LEOCAD SYNTH BEGIN
0 !LEOCAD SYNTH CONTROL_POINT -37.5 0 0 1 0 0 0 1 0 0 0 1 37.5
0 !LEOCAD SYNTH CONTROL_POINT 37.5 0 0 1 0 0 0 1 0 0 0 1 37.5
1 19 46.716 -544.508 145.535 0.891 -0.454 -0.006 0 -0.013 1 -0.454 -0.891 -0.012 71952.dat
0 !LEOCAD SYNTH END
0 !LEOCAD SYNTH BEGIN
0 !LEOCAD SYNTH CONTROL_POINT -37.5 0 0 1 0 0 0 1 0 0 0 1 37.5
0 !LEOCAD SYNTH CONTROL_POINT 37.5 0 0 1 0 0 0 1 0 0 0 1 37.5
1 19 28.556 -545.028 109.895 0.891 -0.454 -0.006 0 -0.013 1 -0.454 -0.891 -0.012 71952.dat
0 !LEOCAD SYNTH END
1 19 86.811 -544.508 125.105 -0.006 0.891 -0.454 1 0 -0.013 -0.012 -0.454 -0.891 32056.dat
1 0 55.286 -545.028 96.275 -0.891 -0.006 -0.454 0 1 -0.013 0.454 -0.012 -0.891 32062.dat
1 19 64.026 -545.288 69.375 0.006 0.891 0.454 -1 0 0.013 0.012 -0.454 0.891 2825.dat
1 7 104.631 -544.508 116.025 0.006 -0.454 0.891 -1 -0.013 0 0.012 -0.891 -0.454 32123.dat
1 7 35.366 -366.588 -30.965 -0.023068 -0.453476 0.891 -0.998832 0.051026 0 -0.045048 -0.889986 -0.454 3713.dat
1 7 -89.374 -366.588 32.595 -0.023068 0.453476 -0.891 -0.998832 -0.051026 0 -0.045048 0.889986 0.454 3713.dat
1 19 113.301 -504.508 111.005 -0.454 0.891 0.006 -0.013 0 -1 -0.891 -0.454 0.012 6632.dat
1 0 99.936 -504.508 117.815 -0.891 -0.454 0.006 0 -0.013 -1 0.454 -0.891 0.012 32062.dat
1 19 99.576 -444.508 117.095 0.454 0.891 -0.006 0.013 0 1 0.891 -0.454 -0.012 32177.dat
1 0 90.546 -424.508 121.395 0.891 -0.454 -0.006 0 -0.013 1 -0.454 -0.891 -0.012 32062.dat
1 7 86.091 -424.508 123.665 0.006 -0.454 0.891 -1 -0.013 0 0.012 -0.891 -0.454 32123.dat
1 0 42.233 -463.9901 -17.4661 -0.891 -0.006 -0.454 0 1 -0.013 0.454 -0.012 -0.891 4519.dat
1 0 -82.507 -463.9901 46.0939 -0.891 -0.006 -0.454 0 1 -0.013 0.454 -0.012 -0.891 4519.dat
1 19 51.143 -463.9901 -22.0061 0.454 -0.006 -0.891 0.013 1 0 0.891 -0.012 0.454 2994.dat
1 19 -91.417 -463.9901 50.6339 -0.454 -0.006 0.891 -0.013 1 0 -0.891 -0.012 -0.454 2994.dat
1 19 -7.884 -526.068 38.375 -0.039124 0.891 -0.4522 0.996051 0 -0.085961 -0.077007 -0.454 -0.887451 32140.dat
1 0 -35.024 -531.2549 -14.8877 -0.891 -0.039124 -0.4522 0 0.996051 -0.085961 0.454 -0.077007 -0.887451 6558.dat
1 0 -43.7973 -529.5256 11.9465 -0.039124 -0.4522 -0.891 0.996051 -0.085961 0 -0.077007 -0.887451 0.454 6536.dat
1 0 -8.1573 -529.5256 -6.2135 -0.039124 -0.4522 -0.891 0.996051 -0.085961 0 -0.077007 -0.887451 0.454 6536.dat
1 0 -7.884 -526.068 38.375 -0.891 -0.4522 0.039124 0 -0.085961 -0.996051 0.454 -0.887451 0.077007 3706.dat
1 8 -44.1122 -521.5552 11.3269 0.039124 -0.4522 0.891 -0.996051 -0.085961 0 0.077007 -0.887451 -0.454 6587.dat
1 8 -8.4722 -521.5552 -6.8331 0.039124 -0.4522 0.891 -0.996051 -0.085961 0 0.077007 -0.887451 -0.454 6587.dat
1 19 -43.2073 -544.4703 13.1079 -0.4522 0.039124 -0.891 -0.085961 -0.996051 0 -0.887451 0.077007 0.454 32249.dat
1 19 -7.5673 -544.4703 -5.0521 -0.4522 -0.039124 0.891 -0.085961 0.996051 0 -0.887451 -0.077007 -0.454 32249.dat
1 7 -21.249 -526.068 45.185 0.039124 -0.4522 0.891 -0.996051 -0.085961 0 0.077007 -0.887451 -0.454 32123.dat
1 7 5.481 -526.068 31.565 0.039124 -0.4522 0.891 -0.996051 -0.085961 0 0.077007 -0.887451 -0.454 32123.dat
1 19 -7.254 -545.288 105.695 -0.006 0.891 -0.454 1 0 -0.013 -0.012 -0.454 -0.891 32140.dat
1 19 46.206 -545.288 78.455 -0.006 0.891 -0.454 1 0 -0.013 -0.012 -0.454 -0.891 32140.dat
1 7 -8.9439 -509.5987 -7.7617 0.4522 0.891 -0.039124 0.085961 0 0.996051 0.887451 -0.454 -0.077007 3713.dat
1 7 -44.5839 -509.5987 10.3983 0.4522 0.891 -0.039124 0.085961 0 0.996051 0.887451 -0.454 -0.077007 3713.dat
1 19 -9.5345 -494.654 -8.924 0.4522 -0.039124 -0.891 0.085961 0.996051 0 0.887451 -0.077007 0.454 6632.dat
1 7 -61.4807 -527.7973 43.3208 0.891 0.039124 -0.4522 0 -0.996051 -0.085961 -0.454 0.077007 -0.887451 32039.dat
1 0 -66.004 -528.6609 34.4436 0.4522 0.039124 0.891 0.085961 -0.996051 0 0.887451 0.077007 -0.454 32062.dat
1 19 -79.574 -531.2549 7.8123 0.891 0.039124 -0.4522 0 -0.996051 -0.085961 -0.454 0.077007 -0.887451 32015.dat
1 0 -87.9518 -495.7577 -8.6376 0.209658 -0.891 -0.402722 -0.88715 0 -0.461609 0.411666 0.454 -0.790263 4519.dat
1 19 -95.0729 -465.5853 -22.6201 -0.402722 -0.891 -0.209658 -0.461609 0 0.88715 -0.790263 0.454 -0.411666 6538.dat
1 0 -99.262 -447.8372 -30.8454 0.209658 0.891 0.402722 -0.88715 0 0.461609 0.411666 -0.454 0.790263 32062.dat
1 7 27.6193 -527.7973 -2.0792 0.891 0.039124 -0.4522 0 -0.996051 -0.085961 -0.454 0.077007 -0.887451 32039.dat
1 0 23.096 -528.6609 -10.9564 0.4522 0.039124 0.891 0.085961 -0.996051 0 0.887451 0.077007 -0.454 32062.dat
1 19 9.526 -531.2549 -37.5877 0.891 0.039124 -0.4522 0 -0.996051 -0.085961 -0.454 0.077007 -0.887451 32015.dat
1 0 1.1482 -495.7577 -54.0376 0.209658 -0.891 -0.402722 -0.88715 0 -0.461609 0.411666 0.454 -0.790263 4519.dat
1 19 -5.9729 -465.5853 -68.0201 -0.402722 -0.891 -0.209658 -0.461609 0 0.88715 -0.790263 0.454 -0.411666 6538.dat
1 0 -10.162 -447.8372 -76.2455 0.209658 0.891 0.402722 -0.88715 0 0.461609 0.411666 -0.454 0.790263 32062.dat
1 0 55.116 -545.288 73.915 -0.891 -0.006 -0.454 0 1 -0.013 0.454 -0.012 -0.891 32062.dat
1 0 -16.164 -545.288 110.235 -0.891 -0.006 -0.454 0 1 -0.013 0.454 -0.012 -0.891 32062.dat
1 19 77.873 -463.9901 -35.6261 -0.454 -0.006 0.891 -0.013 1 0 -0.891 -0.012 -0.454 32013.dat
1 0 68.793 -464.2501 -53.4461 -0.454 -0.006 0.891 -0.013 1 0 -0.891 -0.012 -0.454 6558.dat
1 19 -118.147 -463.9901 64.2539 0.454 -0.006 -0.891 0.013 1 0 0.891 -0.012 0.454 32013.dat
1 0 -127.227 -464.2501 46.4339 -0.454 -0.006 0.891 -0.013 1 0 -0.891 -0.012 -0.454 6558.dat
1 19 -58.7296 -463.4409 -61.4267 -0.891 -0.401796 0.211008 0 -0.464583 -0.885111 0.454 -0.788445 0.414315 2905.dat
