0 
0 Name: New Model.ldr
0 Author: 
1 3 -340 -64 70 -0.966 0 0.259 0 1 0 -0.259 0 -0.966 3021.dat
1 71 -347.77 -64 98.98 -0.966 0 0.259 0 1 0 -0.259 0 -0.966 3623.dat
1 15 -364.5 -88 84.14 -0.259 0 -0.966 0 1 0 0.966 0 -0.259 32000.dat
1 15 -345.18 -88 89.32 -0.259 0 -0.966 0 1 0 0.966 0 -0.259 32000.dat
1 15 -325.86 -88 94.5 -0.259 0 -0.966 0 1 0 0.966 0 -0.259 32000.dat
1 15 -334.82 -88 50.68 -0.259 0 -0.966 0 1 0 0.966 0 -0.259 32000.dat
1 15 -332.23 -64 41.02 0.966 0 -0.259 0 1 0 0.259 0 0.966 36840.dat
1 15 -315.5 -88 55.86 -0.259 0 -0.966 0 1 0 0.966 0 -0.259 32000.dat
1 15 -354.14 -88 45.5 -0.259 0 -0.966 0 1 0 0.966 0 -0.259 32000.dat
1 71 -347.77 -96 98.98 -0.966 0 0.259 0 1 0 -0.259 0 -0.966 36841.dat
1 15 -351.396 -86 112.504 -0.966 0.259 0 0 0 -1 -0.259 -0.966 0 54200.dat
1 71 -367.09 -96 93.8 0.259 0 0.966 0 1 0 -0.966 0 0.259 3024.dat
1 71 -328.45 -96 104.16 0.259 0 0.966 0 1 0 -0.966 0 0.259 3024.dat
1 3 -340 -96 70 -0.966 0 0.259 0 1 0 -0.259 0 -0.966 3021.dat
1 71 -312.91 -96 46.2 0.966 0 -0.259 0 1 0 0.259 0 0.966 36841.dat
1 71 -341.89 -96 38.43 0.966 0 -0.259 0 1 0 0.259 0 0.966 99781.dat
1 15 -332.23 -104 41.02 0.966 0 -0.259 0 1 0 0.259 0 0.966 3024.dat
1 15 -342.59 -104 79.66 0.259 0 0.966 0 1 0 -0.966 0 0.259 63864.dat
1 15 -318.09 -104 65.52 0.259 0 0.966 0 1 0 -0.966 0 0.259 63864.dat
1 15 -356.73 -104 55.16 0.259 0 0.966 0 1 0 -0.966 0 0.259 63864.dat
1 0 -367.09 -104 93.8 0.259 0 0.966 0 1 0 -0.966 0 0.259 15712.dat
1 0 -328.45 -104 104.16 0.259 0 0.966 0 1 0 -0.966 0 0.259 15712.dat
1 43 -332.23 -112 41.02 0.259 0 0.966 0 1 0 -0.966 0 0.259 98138.dat
1 15 -318.79 -110 106.75 0 -0.966 0.259 -1 0 0 0 -0.259 -0.966 87994.dat
1 1 -293.59 -78 51.38 -0.966 0 0.259 0 1 0 -0.259 0 -0.966 43093.dat
1 0 -303.6 -78 69.405 0 -0.966 0.259 -1 0 0 0 -0.259 -0.966 41677.dat
1 0 -337.41 -78 60.34 0.966 0 0.259 0 -1 0 0.259 0 -0.966 3705.dat
1 1 -370.87 -78 30.66 0.966 0 0.259 0 -1 0 0.259 0 -0.966 43093.dat
1 0 -371.22 -78 51.275 0 0.966 0.259 1 0 0 0 0.259 -0.966 41677.dat
1 1 -309.13 -78 109.34 -0.966 0 -0.259 0 -1 0 -0.259 0 0.966 43093.dat
1 0 -308.78 -78 88.725 0 -0.966 -0.259 1 0 0 0 -0.259 0.966 41677.dat
1 0 -342.59 -78 79.66 0.966 0 -0.259 0 1 0 0.259 0 0.966 3705.dat
1 1 -386.41 -78 88.62 0.966 0 -0.259 0 1 0 0.259 0 0.966 43093.dat
1 0 -376.4 -78 70.595 0 0.966 -0.259 -1 0 0 0 0.259 0.966 41677.dat
1 0 -289.11 -38 73.29 -0.966 -0.259 0 0 0 1 -0.259 0.966 0 32192.dat
1 15 -281.7845 -9.716 45.9677 -0.183113 0.966 -0.183113 -0.707 0 0.707 0.682962 0.259 0.682962 22961.dat
1 0 -289.11 -68 73.29 0 0.966 0.259 1 0 0 0 0.259 -0.966 32062.dat
1 71 -283.93 -78 53.97 0 0.259 0.966 -1 0 0 0 -0.966 0.259 42003.dat
1 0 -309.83 -38 150.57 -0.966 -0.259 0 0 0 1 -0.259 0.966 0 32192.dat
1 15 -302.5045 -9.716 123.2477 -0.183113 0.966 -0.183113 -0.707 0 0.707 0.682962 0.259 0.682962 22961.dat
1 0 -309.83 -68 150.57 0 0.966 0.259 1 0 0 0 0.259 -0.966 32062.dat
1 71 -304.65 -78 131.25 0 0.259 0.966 -1 0 0 0 -0.966 0.259 42003.dat
1 0 -406.43 -38 124.67 -0.966 -0.259 0 0 0 1 -0.259 0.966 0 32192.dat
1 15 -399.1044 -9.716 97.3477 -0.183113 0.966 -0.183113 -0.707 0 0.707 0.682962 0.259 0.682962 22961.dat
1 0 -406.43 -68 124.67 0 0.966 0.259 1 0 0 0 0.259 -0.966 32062.dat
1 71 -401.25 -78 105.35 0 0.259 0.966 -1 0 0 0 -0.966 0.259 42003.dat
1 0 -385.71 -38 47.39 -0.966 -0.259 0 0 0 1 -0.259 0.966 0 32192.dat
1 15 -378.3844 -9.716 20.0677 -0.183113 0.966 -0.183113 -0.707 0 0.707 0.682962 0.259 0.682962 22961.dat
1 0 -385.71 -68 47.39 0 0.966 0.259 1 0 0 0 0.259 -0.966 32062.dat
1 71 -380.53 -78 28.07 0 0.259 0.966 -1 0 0 0 -0.966 0.259 42003.dat
1 0 -345.852 -86 14.588 0.966 -0.259 0 0 0 -1 0.259 0.966 0 6141.dat
1 15 -343.78 -86 6.86 0.966 -0.259 0 0 0 -1 0.259 0.966 0 15712.dat
1 0 -346.7585 -86 17.969 0 -0.259 -0.966 -1 0 0 0 0.966 -0.259 95344.dat
1 0 -307.212 -86 24.948 0.966 -0.259 0 0 0 -1 0.259 0.966 0 6141.dat
1 15 -305.14 -86 17.22 0.966 -0.259 0 0 0 -1 0.259 0.966 0 15712.dat
1 0 -308.1185 -86 28.329 0 -0.259 -0.966 -1 0 0 0 0.966 -0.259 95344.dat
1 15 -326.532 -66 19.768 0 -0.259 0.966 1 0 0 0 0.966 0.259 3623.dat
1 0 -324.46 -76 12.04 0 -0.259 0.966 1 0 0 0 0.966 0.259 35480.dat
1 40 -324.46 -46 12.04 0 -0.259 0.966 1 0 0 0 0.966 0.259 98138.dat
