0 
0 Name: New Model.ldr
0 Author: 
1 19 90.339 57.397 -306.82 0.707107 0 -0.707107 0 1 0 0.707107 0 0.707107 30376.dat
1 19 90.339 19.397 -306.82 0.707107 0 -0.707107 0 1 0 0.707107 0 0.707107 30375.dat
1 19 79.0253 -12.603 -318.1337 0.707107 0.276289 -0.650896 0 0.920505 0.390731 0.707107 -0.276289 0.650896 30377.dat
1 19 101.6527 -12.603 -295.5063 0.707107 0 -0.707107 0 1 0 0.707107 0 0.707107 30377.dat
1 19 90.339 -12.603 -306.82 0.707107 0 -0.707107 0 1 0 0.707107 0 0.707107 30378.dat
1 0 87.344 17.856 -346.252 -0.253404 0.707107 0.660141 0.93358 0 0.358368 0.253404 0.707107 -0.660141 4349.dat
1 38 115.069 32.909 -373.977 0.707107 -0.660141 0.253404 0 -0.358368 -0.93358 0.707107 0.660141 -0.253404 4589.dat
