0 Main
0 Name: 30472 - Parrot polybag.mpd
0 Author: LTRON
1 14 0 0 0 1 0 0 0 1 0 0 0 1 4871.dat
1 4 0 8 10 1 0 0 0 1 0 0 0 1 3023.dat
1 0 0 8 -10 1 0 0 0 1 0 0 0 1 3710.dat
1 4 0 0 0 1 0 0 0 1 0 0 0 1 3022.dat
1 0 -30 16 -20 0 0 -1 0 1 0 1 0 0 60478.dat
1 0 30 16 -20 0 0 -1 0 1 0 1 0 0 60478.dat
1 4 0 -8 10 1 0 0 0 1 0 0 0 1 3023.dat
1 4 0 -8 30 -1 0 0 0 1 0 0 0 -1 60470.dat
1 0 30 16 -20 1 0 0 0 1 0 0 0 1 11477.dat
1 0 -30 16 -20 1 0 0 0 1 0 0 0 1 11477.dat
1 14 0 -24 -20 1 0 0 0 1 0 0 0 1 3003.dat
1 14 0 -48 -20 1 0 0 0 1 0 0 0 1 3003.dat
1 72 10 -56 -20 0 0 -1 0 1 0 1 0 0 14417.dat
1 72 -10 -56 -20 0 0 1 0 1 0 -1 0 0 14417.dat
1 4 0 -56 10 -1 0 0 0 1 0 0 0 -1 3678.dat
1 4 0 -80 0 -1 0 0 0 1 0 0 0 -1 3003.dat
1 14 0 -80 -30 -1 0 0 0 1 0 0 0 -1 3004.dat
1 15 10 -104 -30 0 0 -1 0 1 0 1 0 0 87087.dat
1 15 -10 -104 -30 0 0 1 0 1 0 -1 0 0 87087.dat
1 1 0 -88 0 0 0 1 0 1 0 -1 0 0 3022.dat
1 14 0 -112 -30 1 0 0 0 1 0 0 0 1 44728.dat
1 1 0 -112 -10 -1 0 0 0 1 0 0 0 -1 3039.dat
1 0 0 -92 -44 1 0 0 0 0 -1 0 1 0 30602.dat
1 4 0 -120 -40 -1 0 0 0 1 0 0 0 -1 3022.dat
1 15 28 -96 -30 0 -1 0 0 0 1 -1 0 0 14769.dat
1 15 -28 -96 -30 0 1 0 1 0 0 0 0 -1 14769.dat
1 272 0 -112 -20 -1 0 0 0 1 0 0 0 -1 15068.dat
1 4 0 -120 -50 1 0 0 0 1 0 0 0 1 85984.dat
1 4 0 -17.314 81.113 1 0 0 0 0.707 -0.707 0 0.707 0.707 2654.dat
1 4 20 -37.11 89.597 1 0 0 0 0.707 -0.707 0 0.707 0.707 41770.dat
1 4 -20 -37.11 89.597 1 0 0 0 0.707 -0.707 0 0.707 0.707 41769.dat
1 1 0 -21.556 62.731 1 0 0 0 0.707 -0.707 0 0.707 0.707 48336.dat
1 272 0 -22.97 75.457 -1 0 0 0 0.707 0.707 0 0.707 -0.707 15068.dat
1 4 -66.77 -44.854 7.22 0 0.707 -0.707 -0.5 0.612 0.612 0.866 0.354 0.354 2450.dat
1 14 -75.254 -17.718 -0.188 0 0.707 -0.707 -0.5 0.612 0.612 0.866 0.354 0.354 3024.dat
1 14 -68.184 -48.838 39.572 -0.707 0.707 0 0.612 0.612 0.5 0.354 0.354 -0.866 41769.dat
1 71 -54.044 -36.078 -10.808 0.707 0.707 0 -0.612 0.612 -0.5 -0.354 0.354 0.866 14418.dat
1 4 -62.528 -23.942 7.764 0.707 0.707 0 -0.612 0.612 -0.5 -0.354 0.354 0.866 2654.dat
1 4 66.77 -44.854 7.22 -0.707 -0.707 0 -0.612 0.612 0.5 -0.354 0.354 -0.866 2450.dat
1 14 75.254 -17.718 -0.188 -0.707 -0.707 0 -0.612 0.612 0.5 -0.354 0.354 -0.866 3024.dat
1 14 68.184 -48.838 39.572 -0.707 -0.707 0 -0.612 0.612 0.5 -0.354 0.354 -0.866 41770.dat
1 71 54.044 -36.078 -10.808 -0.707 -0.707 0 -0.612 0.612 0.5 -0.354 0.354 -0.866 14418.dat
1 4 62.528 -23.942 7.764 -0.707 -0.707 0 -0.612 0.612 0.5 -0.354 0.354 -0.866 2654.dat
