0 
0 Name: New Model.ldr
0 Author: 
1 19 -4.73 56 -317.817 0.707107 0 -0.707107 0 1 0 0.707107 0 0.707107 30376.dat
1 19 -4.73 18 -317.817 0.707107 0 -0.707107 0 1 0 0.707107 0 0.707107 30375.dat
1 19 -16.0437 -14 -329.1307 0.707107 0.276289 -0.650896 0 0.920505 0.390731 0.707107 -0.276289 0.650896 30377.dat
1 19 6.5837 -14 -306.5033 0.707107 0 -0.707107 0 1 0 0.707107 0 0.707107 30377.dat
1 19 -4.73 -14 -317.817 0.707107 0 -0.707107 0 1 0 0.707107 0 0.707107 30378.dat
1 0 -7.725 16.459 -357.249 -0.253404 0.707107 0.660141 0.93358 0 0.358368 0.253404 0.707107 -0.660141 4349.dat
1 38 20 31.512 -384.974 0.707107 -0.660141 0.253404 0 -0.358368 -0.93358 0.707107 0.660141 -0.253404 4589.dat
