0 Main
0 Name: 70127-1 - Wolf Legend Beast.mpd
0 Author: LTRON
1 71 0 0 0 0 0 -1 0 1 0 1 0 0 3021.dat
1 15 0 -24 -20 1 0 0 0 1 0 0 0 1 3660.dat
1 15 10 -24 10 -1 0 0 0 1 0 0 0 -1 42023.dat
1 15 -10 -24 10 -1 0 0 0 1 0 0 0 -1 42023.dat
1 15 0 -32 10 0 0 1 0 1 0 -1 0 0 3795.dat
1 15 0 -40 -30 0 0 1 0 1 0 -1 0 0 3022.dat
1 72 -10 -32 90 0 0 1 0 1 0 -1 0 0 14417.dat
1 72 10 -32 90 0 0 -1 0 1 0 1 0 0 14417.dat
1 72 10 -48 -30 0 0 -1 0 1 0 1 0 0 14417.dat
1 72 -10 -48 -30 0 0 1 0 1 0 -1 0 0 14417.dat
1 15 0 -40 70 0 0 1 0 1 0 -1 0 0 3022.dat
1 15 0 -40 100 -1 0 0 0 1 0 0 0 -1 2540.dat
1 15 0 -56 -20 -1 0 0 0 1 0 0 0 -1 3023.dat
1 15 0 -56 60 -1 0 0 0 1 0 0 0 -1 47456.dat
1 72 0 -56 -40 1 0 0 0 1 0 0 0 1 14417.dat
1 15 0 -64 0 -1 0 0 0 1 0 0 0 -1 11215.dat
1 15 0 -38 120 0 0 1 0.924 -0.383 0 0.383 0.924 0 11090.dat
1 15 -1 -49.48 147.716 1 0 0 0 0.383 0.924 0 -0.924 0.383 11089.dat
1 15 64.214 31.769 80.191 -0.143 0.172 -0.975 -0.63 0.744 0.223 0.764 0.646 0.002 3623.dat
1 179 59.978 13.217 90.303 -0.143 0.172 -0.975 -0.63 0.744 0.223 0.764 0.646 0.002 49668.dat
1 15 61.462 19.865 69.855 -0.143 0.172 -0.975 -0.63 0.744 0.223 0.764 0.646 0.002 3623.dat
1 15 50.238 -29.143 79.743 0.975 0.172 -0.143 -0.223 0.744 -0.63 -0.002 0.646 0.764 6091.dat
1 15 47.486 -41.047 69.407 0.975 0.172 -0.143 -0.223 0.744 -0.63 -0.002 0.646 0.764 6005.dat
1 15 48.808 -35.443 87.383 -0.975 0.172 0.143 0.223 0.744 0.63 0.002 0.646 -0.764 11477.dat
1 15 -47.891 38.669 81.245 0.226 0.275 -0.935 -0.588 0.804 0.095 0.777 0.528 0.343 3623.dat
1 179 -45.571 20.477 92.561 -0.226 0.275 0.935 0.588 0.804 -0.095 -0.777 0.528 -0.343 49668.dat
1 15 -52.291 25.805 72.797 0.226 0.275 -0.935 -0.588 0.804 0.095 0.777 0.528 0.343 3623.dat
1 15 -52.051 -23.443 86.981 0.935 0.275 0.226 -0.095 0.804 -0.588 -0.343 0.528 0.777 6091.dat
1 15 -56.451 -36.307 78.533 0.935 0.275 0.226 -0.095 0.804 -0.588 -0.343 0.528 0.777 6005.dat
1 15 -49.791 -29.323 94.751 -0.935 0.275 -0.226 0.095 0.804 0.588 0.343 0.528 -0.777 11477.dat
1 15 50 34.76 -55.399 0 0 1 0.643 0.767 0 -0.767 0.643 0 3623.dat
1 15 50 9.334 -37.533 0 0 1 0.643 0.767 0 -0.767 0.643 0 3023.dat
1 15 50 22.488 -65.687 0 0 -1 -0.643 0.767 0 0.767 0.643 0 3623.dat
1 15 50 -8.78 -65.779 1 0 0 0 0.767 -0.643 0 0.643 0.767 3040.dat
1 15 50 -15.504 -45.295 -1 0 0 0 0.767 0.643 0 0.643 -0.767 4287.dat
1 15 50 -28.07 -42.769 0 0 1 0.643 0.767 0 -0.767 0.643 0 3023.dat
1 179 50 -47.36 -19.759 -1 0 0 0 0.767 0.643 0 0.643 -0.767 49668.dat
1 179 50 -59.632 -30.047 -1 0 0 0 0.767 0.643 0 0.643 -0.767 49668.dat
1 179 50 -65.768 -35.191 -1 0 0 0 0.767 0.643 0 0.643 -0.767 98138.dat
1 15 50 -40.048 -65.871 1 0 0 0 0.767 -0.643 0 0.643 0.767 50950.dat
1 72 50 53.526 -108.719 -1 0 0 0 1 0 0 0 -1 14417.dat
1 19 50 61.526 -128.719 1 0 0 0 1 0 0 0 1 15208.dat
1 15 50 69.526 -118.719 0 0 -1 0 1 0 1 0 0 3022.dat
1 15 50 61.526 -108.719 -1 0 0 0 1 0 0 0 -1 3023.dat
1 15 50 61.526 -118.719 1 0 0 0 1 0 0 0 1 15068.dat
1 15 -66.835 23.466 -66.549 0.354 0.146 -0.924 -0.383 0.924 0 0.854 0.354 0.383 3623.dat
1 15 -57.383 4.584 -43.761 -0.354 0.146 0.924 0.383 0.924 0 -0.854 0.354 -0.383 3023.dat
1 15 -69.171 8.682 -72.213 0.354 0.146 -0.924 -0.383 0.924 0 0.854 0.354 0.383 3623.dat
1 15 -65.595 -21.154 -63.629 0.924 0.146 0.354 0 0.924 -0.383 -0.383 0.354 0.854 3040.dat
1 15 -57.347 -21.422 -43.717 -0.924 0.146 -0.354 0 0.924 0.383 0.383 0.354 -0.854 4287.dat
1 15 -54.975 -32.644 -38.009 -0.354 0.146 0.924 0.383 0.924 0 -0.854 0.354 -0.383 3023.dat
1 179 -44.355 -44.134 -12.389 -0.924 0.146 -0.354 0 0.924 0.383 0.383 0.354 -0.854 49668.dat
1 179 -46.691 -58.918 -18.053 -0.924 0.146 -0.354 0 0.924 0.383 0.383 0.354 -0.854 49668.dat
1 179 -47.859 -66.31 -20.885 -0.924 0.146 -0.354 0 0.924 0.383 0.383 0.354 -0.854 98138.dat
1 15 -62.019 -50.99 -55.045 0.924 0.146 0.354 0 0.924 -0.383 -0.383 0.354 0.854 50950.dat
1 71 10 -21.015 -78.472 0 0 -1 -0.431 0.903 0 0.903 0.431 0 99780.dat
1 71 -10 -21.015 -78.472 0 0 1 0.431 0.903 0 -0.903 0.431 0 99780.dat
1 15 0 -32.549 -72.89 1 0 0 0 0.903 -0.431 0 0.431 0.903 3023.dat
1 15 0 -23.929 -90.95 1 0 0 0 0.903 -0.431 0 0.431 0.903 2540.dat
1 15 0 -35.463 -85.368 1 0 0 0 0.903 -0.431 0 0.431 0.903 3022.dat
1 71 0 -38.377 -97.846 1 0 0 0 0.903 -0.431 0 0.431 0.903 99780.dat
1 15 -10 -49.911 -92.264 0 0 1 0.431 0.903 0 -0.903 0.431 0 99781.dat
1 15 10 -49.911 -92.264 0 0 -1 -0.431 0.903 0 0.903 0.431 0 99781.dat
1 71 0 -3.077 -125.346 1 0 0 0 -0.903 0.431 0 -0.431 -0.903 61252.dat
1 15 0 -3.077 -125.346 1 0 0 0 -0.903 0.431 0 -0.431 -0.903 54200.dat
1 15 10 -61.445 -86.682 -1 0 0 0 0.903 0.431 0 0.431 -0.903 4081.dat
1 15 -10 -61.445 -86.682 -1 0 0 0 0.903 0.431 0 0.431 -0.903 4081.dat
1 15 0 -23.805 -133.022 -1 0 0 0 -0.431 0.903 0 0.903 0.431 2877.dat
1 71 22 -68.259 -67.76 0 -1 0 0.431 0 0.903 -0.903 0 0.431 6141.dat
1 71 -22 -68.259 -67.76 0 1 0 -0.431 0 0.903 0.903 0 0.431 6141.dat
1 15 -14 -78.2388 -66.9698 0 1 0 0.079157 0 0.997929 0.997929 0 -0.079157 11477.dat
1 15 14 -78.2388 -66.9698 0 -1 0 -0.079157 0 0.997929 -0.997929 0 -0.079157 11477.dat
1 15 0 -49.911 -92.264 1 0 0 0 0.903 -0.431 0 0.431 0.903 15068.dat
1 0 0 -13.461 -154.694 1 0 0 0 -0.431 -0.903 0 0.903 -0.431 3048.dat
1 71 0 -49 38 1 0 0 0 0 1 0 -1 0 3816.dat
1 71 0 -49 38 1 0 0 0 0 1 0 -1 0 3817.dat
1 72 69.226 49.962 27.063 -1 0 0 0 1 0 0 0 -1 14417.dat
1 19 69.226 57.962 7.063 1 0 0 0 1 0 0 0 1 15208.dat
1 15 69.226 65.962 17.063 0 0 -1 0 1 0 1 0 0 3022.dat
1 15 69.226 57.962 27.063 -1 0 0 0 1 0 0 0 -1 3023.dat
1 15 69.226 57.962 17.063 1 0 0 0 1 0 0 0 1 15068.dat
1 72 -58.008 54.922 28.047 -1 0 0 0 1 0 0 0 -1 14417.dat
1 19 -58.008 62.922 8.047 1 0 0 0 1 0 0 0 1 15208.dat
1 15 -58.008 70.922 18.047 0 0 -1 0 1 0 1 0 0 3022.dat
1 15 -58.008 62.922 28.047 -1 0 0 0 1 0 0 0 -1 3023.dat
1 15 -58.008 62.922 18.047 1 0 0 0 1 0 0 0 1 15068.dat
1 72 -86.788 21.282 -114.835 -0.924 -0.191 -0.331 0.001 0.866 -0.5 0.383 -0.462 -0.8 14417.dat
1 19 -94.936 18.21 -134.531 0.924 -0.191 0.331 -0.001 0.866 0.5 -0.383 -0.462 0.8 15208.dat
1 15 -93.154 30.138 -130.227 0.331 -0.191 -0.924 0.5 0.866 0.001 0.8 -0.462 0.383 3022.dat
1 15 -88.316 28.21 -118.531 -0.924 -0.191 -0.331 0.001 0.866 -0.5 0.383 -0.462 -0.8 3023.dat
1 15 -91.626 23.21 -126.531 0.924 -0.191 0.331 -0.001 0.866 0.5 -0.383 -0.462 0.8 15068.dat
