0 
0 Name: New Model.ldr
0 Author: 
1 15 -120 -40 0 1 0 0 0 1 0 0 0 1 11212.dat
1 15 -120 -48 -10 1 0 0 0 1 0 0 0 1 3021.dat
1 15 -140 -48 30 -1 0 0 0 1 0 0 0 -1 92946.dat
1 15 -100 -48 30 -1 0 0 0 1 0 0 0 -1 92946.dat
1 15 -120 -72 20 -1 0 0 0 1 0 0 0 -1 3040.dat
1 15 -120 -48 30 0 0 1 0 1 0 -1 0 0 3023.dat
1 15 -120 -40 40 1 0 0 0 1 0 0 0 1 3024.dat
1 15 -120 -72 -10 1 0 0 0 1 0 0 0 1 3002.dat
1 15 -140 -72 20 0 0 1 0 1 0 -1 0 0 87087.dat
1 15 -100 -72 20 0 0 -1 0 1 0 1 0 0 87087.dat
1 15 -110 -96 20 -1 0 0 0 1 0 0 0 -1 11211.dat
1 15 -100 -96 -10 0 0 -1 0 1 0 1 0 0 11211.dat
1 15 -140 -96 -10 0 0 1 0 1 0 -1 0 0 11211.dat
1 15 -140 -96 20 -1 0 0 0 1 0 0 0 -1 87087.dat
1 15 -120 -96 -20 1 0 0 0 1 0 0 0 1 87087.dat
1 326 -120 -96 0 1 0 0 0 1 0 0 0 1 3005.dat
1 71 -100 -136 10 0 0 -1 0 1 0 1 0 0 22885.dat
1 71 -140 -136 10 0 0 1 0 1 0 -1 0 0 22885.dat
1 0 -120 -136 20 -1 0 0 0 1 0 0 0 -1 32952.dat
1 15 -120 -104 -20 1 0 0 0 1 0 0 0 1 3623.dat
1 15 -120 -112 -20 1 0 0 0 1 0 0 0 1 3623.dat
1 326 -120 -120 0 1 0 0 0 1 0 0 0 1 3005.dat
1 72 -120 -128 0 1 0 0 0 1 0 0 0 1 6141.dat
1 29 -120 -136 0 1 0 0 0 1 0 0 0 1 3024.dat
1 15 -120 -136 -20 1 0 0 0 1 0 0 0 1 87087.dat
1 19 -140 -136 -20 0 0 1 0 1 0 -1 0 0 26604.dat
1 19 -100 -136 -20 1 0 0 0 1 0 0 0 1 26604.dat
1 15 -120 -144 0 1 0 0 0 1 0 0 0 1 11212.dat
1 15 -120 -106 -38 1 0 0 0 0 -1 0 1 0 11212.dat
1 15 -140 -126 -46 1 0 0 0 0 -1 0 1 0 3070.dat
1 15 -100 -126 -46 1 0 0 0 0 -1 0 1 0 3070.dat
1 15 -140 -106 -46 1 0 0 0 0 -1 0 1 0 3024.dat
1 15 -100 -106 -46 1 0 0 0 0 -1 0 1 0 3024.dat
1 15 -120 -116 -46 0 0 1 1 0 0 0 1 0 3023.dat
1 15 -120 -86 -46 1 0 0 0 0 -1 0 1 0 63864.dat
1 0 -120 -106 -54 1 0 0 0 0 -1 0 1 0 49668.dat
1 14 -140 -106 -54 1 0 0 0 0 -1 0 1 0 98138.dat
1 14 -100 -106 -54 1 0 0 0 0 -1 0 1 0 98138.dat
1 15 -120 -116 -46 -1 0 0 0 0 1 0 1 0 11477.dat
1 15 -158 -86 0 0 1 0 0 0 -1 -1 0 0 63864.dat
1 15 -158 -116 0 0 1 0 0 0 -1 -1 0 0 26603.dat
1 15 -158 -54.9289 12.929 0 1 0 0.70711 0 -0.70711 -0.70711 0 -0.70711 15208.dat
1 15 -150 -54.9289 -1.2132 0 1 0 -0.70711 0 0.70711 0.70711 0 0.70711 11477.dat
1 15 -150 -69.0711 12.929 0 1 0 -0.70711 0 0.70711 0.70711 0 0.70711 29120.dat
1 15 -120 -106 38 1 0 0 0 0 1 0 -1 0 11212.dat
1 15 -120 -116 46 1 0 0 0 0 1 0 -1 0 26603.dat
1 15 -120 -86 46 1 0 0 0 0 1 0 -1 0 63864.dat
1 15 -82 -86 0 0 -1 0 0 0 1 -1 0 0 63864.dat
1 15 -82 -116 0 0 -1 0 0 0 1 -1 0 0 26603.dat
1 15 -82 -54.9289 12.929 0 -1 0 -0.70711 0 -0.70711 0.70711 0 -0.70711 15208.dat
1 15 -90 -54.9289 -1.2132 0 -1 0 0.70711 0 0.70711 -0.70711 0 0.70711 11477.dat
1 15 -90 -69.0711 12.929 0 -1 0 0.70711 0 0.70711 -0.70711 0 0.70711 29119.dat
1 15 -120 -32 -10 1 0 0 0 1 0 0 0 1 34103.dat
1 15 -120 -32 10 1 0 0 0 1 0 0 0 1 34103.dat
1 15 -100 -24 0 0 0 -1 0 1 0 1 0 0 3023.dat
1 15 -140 -24 0 0 0 -1 0 1 0 1 0 0 3023.dat
1 0 -120 -8 0 1 0 0 0 1 0 0 0 1 3958.dat
1 0 -100 -16 0 1 0 0 0 1 0 0 0 1 87580.dat
1 0 -140 -16 0 1 0 0 0 1 0 0 0 1 87580.dat
1 0 -120 -16 30 1 0 0 0 1 0 0 0 1 2431.dat
1 0 -120 -16 -30 1 0 0 0 1 0 0 0 1 2431.dat
