0 Main
0 Name: 41500-1 - Flain.mpd
0 Author: LTRON
1 4 0 0 0.001 -1 0 0 0 1 0 0 0 -1 3022.dat
1 320 0 -16 10.001 1 0 0 0 1 0 0 0 1 3023.dat
1 320 0 -32 -9.999 1 0 0 0 1 0 0 0 1 3004.dat
1 4 0 -40 10.001 -1 0 0 0 1 0 0 0 -1 3039.dat
1 0 0 -40 -9.999 1 0 0 0 1 0 0 0 1 44728.dat
1 0 10 -48 0.001 0 0 -1 0 1 0 1 0 0 2540.dat
1 0 -10 -48 0.001 0 0 1 0 1 0 -1 0 0 2540.dat
1 4 0 -72 10.001 -1 0 0 0 1 0 0 0 -1 3048.dat
1 4 0 -10 -39.999 -1 0 0 0 0 1 0 1 0 41855.dat
1 4 0 -72 -9.999 1 0 0 0 1 0 0 0 1 3937.dat
1 4 30 18 -10 1 0 0 0 0 -1 0 1 0 32064.dat
1 320 30 18 -18 1 0 0 0 0 -1 0 1 0 3023.dat
1 15 30 18 -26 -1 0 0 0 0 1 0 1 0 15209.dat
1 71 30 8 0 0 0 1 1 0 0 0 1 0 2736.dat
1 4 -30 18 -10 1 0 0 0 0 -1 0 1 0 32064.dat
1 320 -30 18 -18 1 0 0 0 0 -1 0 1 0 3023.dat
1 15 -30 18 -26 1 0 0 0 0 -1 0 1 0 15209.dat
1 71 -30 8 0 0 0 1 1 0 0 0 1 0 2736.dat
1 4 56.981 -32.732 0 -0.866 -0.5 0 -0.5 0.866 0 0 0 -1 63868.dat
1 4 69.641 -34.66 0 0 -0.5 -0.866 0 0.866 -0.5 1 0 0 6019.dat
1 320 48.321 -37.732 0 0 -0.5 0.866 0 0.866 0.5 -1 0 0 54200.dat
1 4 -56.98 -32.733 0 0.866 0.5 0 -0.5 0.866 0 0 0 1 63868.dat
1 4 -69.64 -34.661 0 0 0.5 0.866 0 0.866 -0.5 -1 0 0 6019.dat
1 320 -48.32 -37.733 0 0 0.5 -0.866 0 0.866 0.5 1 0 0 54200.dat
1 4 0 -87.588 -1.679 0 0 -1 -0.5 0.866 0 0.866 0.5 0 3021.dat
1 320 0 -94.516 -5.679 1 0 0 0 0.866 -0.5 0 0.5 0.866 3023.dat
1 4 0 -84.516 -22.999 1 0 0 0 0.866 -0.5 0 0.5 0.866 99207.dat
1 4 0 -118.372 3.641 -1 0 0 0 0.866 0.5 0 0.5 -0.866 11211.dat
1 4 -10 -96.444 -18.339 0 0 1 0.5 0.866 0 -0.866 0.5 0 2436.dat
1 4 10 -96.444 -18.339 0 0 -1 -0.5 0.866 0 0.866 0.5 0 2436.dat
1 4 -32 -77.784 -30.659 0 1 0 -0.5 0 0.866 0.866 0 0.5 3794.dat
1 4 32 -77.784 -30.659 0 -1 0 0.5 0 0.866 -0.866 0 0.5 3794.dat
1 15 41.25 -77.784 -30.659 0 -1 0 0.866 0 -0.5 0.5 0 0.866 32474.dat
1 15 -41.25 -77.784 -30.659 0 1 0 -0.866 0 -0.5 -0.5 0 0.866 32474.dat
1 320 0 -103.372 -22.339 1 0 0 0 0.866 -0.5 0 0.5 0.866 51739.dat
1 4 0 -110.3 -26.339 1 0 0 0 0.866 -0.5 0 0.5 0.866 3022.dat
1 4 -10 -125.3 -0.359 0 0 1 0.5 0.866 0 -0.866 0.5 0 6019.dat
1 4 10 -125.3 -0.359 0 0 -1 -0.5 0.866 0 0.866 0.5 0 6019.dat
1 4 0 -112.228 -38.999 1 0 0 0 0.866 -0.5 0 0.5 0.866 3794.dat
1 4 0 -122.228 -21.679 1 0 0 0 0.866 -0.5 0 0.5 0.866 3794.dat
1 4 0 -132.228 -4.359 1 0 0 0 0.866 -0.5 0 0.5 0.866 3794.dat
1 320 0 -134.156 -17.019 0 0 1 0.5 0.866 0 -0.866 0.5 0 3023.dat
1 320 0 -127.228 -13.019 -1 0 0 0 0.866 0.5 0 0.5 -0.866 93273.dat
1 320 -32 -107.784 21.301 0 1 0 0.5 0 -0.866 -0.866 0 -0.5 3023.dat
1 320 -24 -107.784 21.301 0 1 0 0.866 0 0.5 0.5 0 -0.866 93273.dat
1 320 32 -107.784 21.301 0 -1 0 0.5 0 0.866 -0.866 0 0.5 3023.dat
1 320 24 -107.784 21.301 0 -1 0 -0.866 0 0.5 -0.5 0 -0.866 93273.dat
1 320 10 -116.712 20.765 0 0 -1 0.866 0.5 0 0.5 -0.866 0 85959.dat
1 320 -10 -116.712 20.765 0 0 -1 0.866 0.5 0 0.5 -0.866 0 85959.dat
1 38 -30 -126.568 5.837 0 -1 0 0.866 0 -0.5 0.5 0 0.866 6126.dat
1 38 30 -126.568 5.837 0 -1 0 0.866 0 -0.5 0.5 0 0.866 6126.dat
1 4 0 -83.908 -48.051 1 0 0 0 -0.5 -0.866 0 0.866 -0.5 3022.dat
1 320 0 -71.248 -49.979 -1 0 0 0 -0.5 0.866 0 0.866 0.5 3023.dat
1 4 0 -80.568 -73.835 -1 0 0 0 -0.5 0.866 0 0.866 0.5 3048.dat
1 4 0 -59.248 -70.763 1 0 0 0 -0.5 -0.866 0 0.866 -0.5 3049.dat
1 0 0 -70.66 -14.999 1 0 0 0 0.866 -0.5 0 0.5 0.866 6134.dat
