0 Main
0 Name: 4917 - Mini Robots - Pliers.mpd
0 Author: LTRON
1 72 -60.154 57 -23.554 0.965926 0 0.258819 0 1 0 -0.258819 0 0.965926 4859.dat
1 4 -49.801 57 15.083 0.965926 0 0.258819 0 1 0 -0.258819 0 0.965926 4032.dat
1 1 -64.637 49 -1.647 0.258819 0 -0.965926 0 1 0 0.965926 0 0.258819 3794.dat
1 1 -45.319 49 -6.824 0.258819 0 -0.965926 0 1 0 0.965926 0 0.258819 3794.dat
1 72 -47.213 49 24.742 -0.965926 0 -0.258819 0 1 0 0.258819 0 -0.965926 2412.dat
1 1 -45.319 25 -6.824 -0.258819 0 0.965926 0 1 0 -0.965926 0 -0.258819 3040.dat
1 15 -45.319 17 -6.824 0.258819 0 -0.965926 0 1 0 0.965926 0 0.258819 4085.dat
1 15 -45.319 9 -6.824 0.258819 0 -0.965926 0 1 0 0.965926 0 0.258819 4085.dat
1 72 60.154 57 -23.554 0.965926 0 -0.258819 0 1 0 0.258819 0 0.965926 4859.dat
1 4 49.801 57 15.083 0.965926 0 -0.258819 0 1 0 0.258819 0 0.965926 4032.dat
1 1 45.319 49 -6.823 -0.258819 0 -0.965926 0 1 0 0.965926 0 -0.258819 3794.dat
1 1 64.637 49 -1.647 -0.258819 0 -0.965926 0 1 0 0.965926 0 -0.258819 3794.dat
1 72 47.213 49 24.742 -0.965926 0 0.258819 0 1 0 -0.258819 0 -0.965926 2412.dat
1 1 45.319 25 -6.823 -0.258819 0 -0.965926 0 1 0 0.965926 0 -0.258819 3040.dat
1 15 45.319 17 -6.823 0.258819 0 0.965926 0 1 0 -0.965926 0 0.258819 4085.dat
1 15 45.319 9 -6.823 0.258819 0 0.965926 0 1 0 -0.965926 0 0.258819 4085.dat
1 0 0 11 14 1 0 0 0 0 -1 0 1 0 3023.dat
1 4 0 11 -10 1 0 0 0 0 -1 0 1 0 3700.dat
1 0 0 11 -18 1 0 0 0 0 -1 0 1 0 3839.dat
1 15 -10 11 -18 0 0 1 1 0 0 0 1 0 54200.dat
1 15 10 11 -18 0 0 -1 -1 0 0 0 1 0 54200.dat
1 1 0 0 0 0 0 1 -1 0 0 0 -1 0 3749.dat
1 4 0 -23 0 0 0 1 0 1 0 -1 0 0 6143.dat
1 72 0 -31 -10 1 0 0 0 1 0 0 0 1 3710.dat
1 72 0 -31 10 1 0 0 0 1 0 0 0 1 3710.dat
1 0 30 -39 0 0 0 -1 0 1 0 1 0 0 48336.dat
1 72 -30 -39 0 0 0 1 0 1 0 -1 0 0 44567.dat
1 4 0 -39 10 -1 0 0 0 1 0 0 0 -1 2436.dat
1 0 0 -39 -10 1 0 0 0 1 0 0 0 1 44728.dat
1 0 0 -29 32 -1 0 0 0 0 -1 0 -1 0 3023.dat
1 15 -30 -29 24 0 0 1 -1 0 0 0 -1 0 54200.dat
1 15 30 -29 24 0 0 -1 1 0 0 0 -1 0 54200.dat
1 0 0 -39 -10 1 0 0 0 1 0 0 0 1 44728.dat
1 0 0 -47 10 -1 0 0 0 1 0 0 0 -1 48336.dat
1 15 -30 -39 10 -1 0 0 0 1 0 0 0 -1 54200.dat
1 15 30 -39 10 -1 0 0 0 1 0 0 0 -1 54200.dat
1 0 -10 -47 -20 0 0 1 0 1 0 -1 0 0 3023.dat
1 0 10 -47 -20 0 0 1 0 1 0 -1 0 0 3023.dat
1 1 0 -9 -32 1 0 0 0 0 -1 0 1 0 2412.dat
1 42 10 -29 -32 1 0 0 0 0 -1 0 1 0 6141.dat
1 42 -10 -29 -32 1 0 0 0 0 -1 0 1 0 6141.dat
1 0 0 -72 0 1 0 0 0 1 0 0 0 1 3043.dat
1 15 -30 -56 -10 1 0 0 0 1 0 0 0 1 6091.dat
1 15 30 -56 -10 1 0 0 0 1 0 0 0 1 6091.dat
1 15 -30 -56 -10 1 0 0 0 1 0 0 0 1 3024.dat
1 15 30 -56 -10 1 0 0 0 1 0 0 0 1 3024.dat
1 0 -78.481 -27.367 0 0.92388 0.382684 0 -0.382684 0.92388 0 0 0 1 44302.dat
1 0 -104.257 -8.031 -7.071 0.653281 0.382684 -0.653282 -0.270599 0.92388 0.270599 0.707107 0 0.707107 3021.dat
1 0 -110.38 -22.814 -7.071 0.653281 0.382684 -0.653282 -0.270599 0.92388 0.270599 0.707107 0 0.707107 3021.dat
1 38 -113.851 -12.716 0 0.653281 0.382684 -0.653282 -0.270599 0.92388 0.270599 0.707107 0 0.707107 6141.dat
1 15 -106.909 -32.911 0 -0.653281 0.382684 0.653282 0.270599 0.92388 -0.270599 -0.707107 0 -0.707107 51739.dat
1 0 -113.851 -12.716 -38.284 0 0.382684 0.92388 0 0.92388 -0.382684 -1 0 0 44302.dat
1 1 -122.659 -7.849 -118.436 -0.92388 0.146447 -0.353554 0.382684 0.353554 -0.853554 0 -0.92388 -0.382684 3623.dat
1 38 -123.831 -10.677 -111.045 -0.92388 0.146447 -0.353554 0.382684 0.353554 -0.853554 0 -0.92388 -0.382684 6141.dat
1 1 -142.309 -3.024 -111.045 -0.353554 0.146447 0.92388 -0.853554 0.353554 -0.382684 -0.382684 -0.92388 0 3623.dat
1 1 -105.353 -18.331 -111.045 -0.353554 0.146447 0.92388 -0.853554 0.353554 -0.382684 -0.382684 -0.92388 0 3623.dat
1 1 -125.003 -13.506 -103.655 -0.92388 0.146447 -0.353554 0.382684 0.353554 -0.853554 0 -0.92388 -0.382684 3623.dat
1 72 -117.932 3.564 -96 -0.92388 0.146447 -0.353554 0.382684 0.353554 -0.853554 0 -0.92388 -0.382684 6190.dat
1 72 -132.073 -30.577 -111.307 -0.92388 0.146447 -0.353554 0.382684 0.353554 -0.853554 0 -0.92388 -0.382684 6190.dat
1 33 -128.517 -21.992 -81.481 -0.92388 0.146447 -0.353554 0.382684 0.353554 -0.853554 0 -0.92388 -0.382684 4589.dat
1 33 -110.04 -29.645 -81.481 -0.92388 0.146447 -0.353554 0.382684 0.353554 -0.853554 0 -0.92388 -0.382684 4589.dat
1 72 -120.45 -28.647 -74.091 -0.92388 0.146447 -0.353554 0.382684 0.353554 -0.853554 0 -0.92388 -0.382684 44567.dat
1 72 -134.417 -36.235 -127.18 -0.92388 0.37941 -0.04995 0.382684 0.915976 -0.12059 0 -0.130526 -0.991445 6019.dat
1 15 -143.522 -58.217 -124.043 0.92388 0.37941 0.04995 -0.382684 0.915976 0.12059 0 -0.130526 0.991445 4286.dat
1 72 -111.98 17.935 -102.894 0.92388 -0.232963 0.303604 -0.382684 -0.562422 0.732964 0 -0.793354 -0.608761 6019.dat
1 15 -106.39 31.429 -83.852 -0.92388 -0.232963 -0.303604 0.382684 -0.562422 -0.732964 0 -0.793354 0.608761 4286.dat
1 1 75.42 -19.976 0 0 -0.382683 0.92388 0 0.92388 0.382683 -1 0 0 4032.dat
1 1 69.243 -31.194 10 0 -0.382683 0.92388 0 0.92388 0.382683 -1 0 0 6019.dat
1 1 69.243 -31.194 -10 0 -0.382683 0.92388 0 0.92388 0.382683 -1 0 0 6019.dat
1 15 87.721 -23.54 10 -0.92388 -0.382683 0 -0.382683 0.92388 0 0 0 -1 4085.dat
1 15 106.198 -15.887 -10 -0.92388 -0.382683 0 -0.382683 0.92388 0 0 0 -1 2420.dat
1 15 87.666 -49.54 0 -0.92388 -0.382683 0 -0.382683 0.92388 0 0 0 -1 30367.dat
1 15 127.737 -15.624 -30 -0.92388 -0.382683 0 -0.382683 0.92388 0 0 0 -1 2420.dat
1 15 130.799 -23.015 -50 0.92388 -0.382683 0 0.382683 0.92388 0 0 0 1 4085.dat
1 33 127.737 -15.624 -30 -0.92388 -0.382683 0 -0.382683 0.92388 0 0 0 -1 54200.dat
1 33 106.198 -15.887 -10 -0.92388 -0.382683 0 -0.382683 0.92388 0 0 0 -1 54200.dat
1 0 133.86 -30.406 -50 -0.92388 -0.382683 0 -0.382683 0.92388 0 0 0 -1 2555.dat
1 0 133.095 -28.558 -66 0.92388 0 -0.382683 0.382683 0 0.92388 0 -1 0 4599.dat
