0 Main
0 Name: 8001 - Battle Droid.mpd
0 Author: LTRON
1 19 9 -396 20 0 1 0 0 0 -1 -1 0 0 32140.dat
1 0 -21 -436 20 -1 0 0 0 0 -1 0 -1 0 32073.dat
1 7 24 -436 20 0 0 1 -1 0 0 0 -1 0 32123.dat
1 0 -21 -396 20 -1 0 0 0 0 -1 0 -1 0 32073.dat
1 19 -6 -396 20 0 -1 0 -1 0 0 0 0 -1 2905.dat
1 0 -21 -356 20 1 0 0 0 -1 0 0 0 -1 32062.dat
1 7 -21 -356 40 1 0 0 0 1 0 0 0 1 32039.dat
1 0 -21 -396 -20 -1 0 0 0 0 -1 0 -1 0 32073.dat
1 19 -21 -396 -20 0 0 1 -1 0 0 0 -1 0 3648.dat
1 19 -21 -436 20 -1 0 0 0 0.105 0.995 0 0.995 -0.105 32034.dat
1 0 -21 -475.8 24.2 0 0 -1 -0.995 0.105 0 0.105 0.995 0 4519.dat
1 7 -21 -473.7 44.1 0 1 0 -0.995 0 0.105 0.105 0 0.995 32039.dat
1 7 -21 -497.8 6.4 0 -1 0 -0.995 0 -0.105 0.105 0 -0.995 32039.dat
1 0 -21 -498.85 -3.55 0 1 0 0.105 0 0.995 0.995 0 -0.105 32062.dat
1 0 -21 -472.65 54.05 0 1 0 0.105 0 0.995 0.995 0 -0.105 32062.dat
1 19 -21 -499.69 -11.51 1 0 0 0 -0.105 0.995 0 -0.995 -0.105 4032.dat
1 19 -21 -500.53 -19.47 1 0 0 0 -0.105 0.995 0 -0.995 -0.105 2654.dat
1 19 -21 -471.81 62.01 -1 0 0 0 0.105 0.995 0 0.995 -0.105 4032.dat
1 19 -21 -470.97 69.97 -1 0 0 0 0.105 0.995 0 0.995 -0.105 2654.dat
1 19 -36 -396 20 0 -1 0 -1 0 0 0 0 -1 2905.dat
1 19 -51 -396 20 0 1 0 0 0 -1 -1 0 0 32140.dat
1 7 -66 -436 20 0 0 1 -1 0 0 0 -1 0 32123.dat
1 0 -21 -376 20 -1 0 0 0 0 1 0 1 0 3705.dat
1 7 9 -376 20 0 0 -1 0 1 0 1 0 0 3713.dat
1 7 -51 -376 20 0 0 1 0 1 0 -1 0 0 3713.dat
1 7 -46 -396 -20 0 0 1 -1 0 0 0 -1 0 32123.dat
1 7 4 -396 -20 0 0 1 -1 0 0 0 -1 0 32123.dat
1 19 14 -356 -20 0 1 0 -1 0 0 0 0 1 32056.dat
1 19 24 -356 -20 0 1 0 -1 0 0 0 0 1 32249.dat
1 8 37 -356 20 -1 0 0 0 -1 0 0 0 1 6587.dat
1 7 9 -356 -20 1 0 0 0 1 0 0 0 1 2736.dat
1 19 -56 -356 -20 0 1 0 -1 0 0 0 0 1 32056.dat
1 19 -66 -356 -20 0 1 0 -1 0 0 0 0 1 32249.dat
1 8 -79 -356 20 1 0 0 0 -1 0 0 0 -1 6587.dat
1 7 -51 -356 -20 -1 0 0 0 1 0 0 0 -1 2736.dat
1 19 50 -16 0 1 0 0 0 0.143 0.99 0 -0.99 0.143 32013.dat
1 0 50 -85.284 -9.987 0 0 -1 0.99 0.143 0 0.143 -0.99 0 3706.dat
0 !LEOCAD SYNTH BEGIN
0 !LEOCAD SYNTH CONTROL_POINT -37.5 0 0 1 0 0 0 1 0 0 0 1 37.5
0 !LEOCAD SYNTH CONTROL_POINT 37.5 0 0 1 0 0 0 1 0 0 0 1 37.5
1 19 50 -85.284 -9.987 0 0 -1 0.99 0.143 0 0.143 -0.99 0 71952.dat
0 !LEOCAD SYNTH END
1 19 50 -154.568 -19.974 -1 0 0 0 0.143 -0.99 0 -0.99 -0.143 32016.dat
1 0 50 -16 0 -1 0 0 0 0 -1 0 -1 0 32062.dat
1 19 50 -16 0 1 0 0 0 1 0 0 0 1 32165.dat
1 0 50 -16 20 -1 0 0 0 0 -1 0 -1 0 32062.dat
1 19 55 -16 20 0 -1 0 0 0 -1 1 0 0 6632.dat
1 19 45 -16 20 0 -1 0 0 0 -1 1 0 0 6632.dat
1 0 50 -56 20 -1 0 0 0 0 -1 0 -1 0 32062.dat
1 19 65 -56 20 0 -1 0 0 0 -1 1 0 0 6632.dat
1 19 35 -56 20 0 -1 0 0 0 -1 1 0 0 6632.dat
1 0 50 -76 20 -1 0 0 0 0 -1 0 -1 0 32062.dat
1 0 50 -96 20 -1 0 0 0 0 -1 0 -1 0 32062.dat
1 19 50 -76 20 0 1 0 0 0 -1 -1 0 0 32271.dat
1 0 50 -156 20 -1 0 0 0 0.036 -0.999 0 -0.999 -0.036 32062.dat
1 0 50 -154.568 -19.974 -1 0 0 0 0.036 -0.999 0 -0.999 -0.036 32062.dat
1 19 65 -154.568 -19.974 0 1 0 -0.999 0 -0.036 -0.036 0 0.999 6632.dat
1 7 40 -208 4 -1 0 0 0 -1 0 0 0 1 4274.dat
1 19 35 -154.568 -19.974 0 1 0 -0.999 0 -0.036 -0.036 0 0.999 6632.dat
1 0 50 -220 -12 -1 0 0 0 -0.6 -0.8 0 -0.8 0.6 32062.dat
1 0 40 -236 20 -1 0 0 0 0 -1 0 -1 0 32062.dat
1 7 65 -220 -12 0 0 -1 0.8 -0.6 0 -0.6 -0.8 0 32123.dat
1 7 35 -220 -12 0 0 -1 0.8 -0.6 0 -0.6 -0.8 0 32123.dat
1 19 50 -296 20 0 1 0 0 0 1 1 0 0 32177.dat
1 0 50 -276 20 -1 0 0 0 0 -1 0 -1 0 32062.dat
1 7 35 -276 20 0 0 -1 1 0 0 0 -1 0 32123.dat
1 7 65 -276 20 0 0 -1 1 0 0 0 -1 0 32123.dat
1 19 -92 -16 0 1 0 0 0 0.143 0.99 0 -0.99 0.143 32013.dat
1 0 -92 -85.284 -9.987 0 0 1 -0.99 0.143 0 -0.143 -0.99 0 3706.dat
0 !LEOCAD SYNTH BEGIN
0 !LEOCAD SYNTH CONTROL_POINT -37.5 0 0 1 0 0 0 1 0 0 0 1 37.5
0 !LEOCAD SYNTH CONTROL_POINT 37.5 0 0 1 0 0 0 1 0 0 0 1 37.5
1 19 -92 -85.284 -9.987 0 0 1 -0.99 0.143 0 -0.143 -0.99 0 71952.dat
0 !LEOCAD SYNTH END
1 19 -92 -154.568 -19.974 -1 0 0 0 0.143 -0.99 0 -0.99 -0.143 32016.dat
1 0 -92 -16 0 -1 0 0 0 0 -1 0 -1 0 32062.dat
1 19 -92 -16 0 1 0 0 0 1 0 0 0 1 32165.dat
1 0 -92 -16 20 -1 0 0 0 0 -1 0 -1 0 32062.dat
1 19 -97 -16 20 0 1 0 0 0 -1 -1 0 0 6632.dat
1 19 -87 -16 20 0 1 0 0 0 -1 -1 0 0 6632.dat
1 0 -92 -56 20 -1 0 0 0 0 -1 0 -1 0 32062.dat
1 19 -107 -56 20 0 1 0 0 0 -1 -1 0 0 6632.dat
1 19 -77 -56 20 0 1 0 0 0 -1 -1 0 0 6632.dat
1 0 -92 -76 20 -1 0 0 0 0 -1 0 -1 0 32062.dat
1 0 -92 -96 20 -1 0 0 0 0 -1 0 -1 0 32062.dat
1 19 -92 -76 20 0 1 0 0 0 -1 -1 0 0 32271.dat
1 0 -92 -156 20 -1 0 0 0 0.036 -0.999 0 -0.999 -0.036 32062.dat
1 0 -92 -154.568 -19.974 -1 0 0 0 0.036 -0.999 0 -0.999 -0.036 32062.dat
1 19 -107 -154.568 -19.974 0 -1 0 0.999 0 -0.036 0.036 0 0.999 6632.dat
1 7 -82 -208 4 1 0 0 0 -1 0 0 0 -1 4274.dat
1 19 -77 -154.568 -19.974 0 -1 0 0.999 0 -0.036 0.036 0 0.999 6632.dat
1 0 -92 -220 -12 -1 0 0 0 -0.6 -0.8 0 -0.8 0.6 32062.dat
1 0 -82 -236 20 -1 0 0 0 0 -1 0 -1 0 32062.dat
1 7 -107 -220 -12 0 0 1 -0.8 -0.6 0 0.6 -0.8 0 32123.dat
1 7 -77 -220 -12 0 0 1 -0.8 -0.6 0 0.6 -0.8 0 32123.dat
1 19 -92 -296 20 0 -1 0 0 0 1 -1 0 0 32177.dat
1 0 -92 -276 20 -1 0 0 0 0 -1 0 -1 0 32062.dat
1 7 -77 -276 20 0 0 1 -1 0 0 0 -1 0 32123.dat
1 7 -107 -276 20 0 0 1 -1 0 0 0 -1 0 32123.dat
1 19 -21 -576 60 -1 0 0 0 -1 0 0 0 1 32184.dat
1 0 -21 -596 60 -1 0 0 0 -1 0 0 0 1 3707.dat
1 0 -21 -556 60 -1 0 0 0 -1 0 0 0 1 3707.dat
1 7 -31 -616 60 0 -1 0 0 0 1 -1 0 0 2825.dat
1 7 -11 -616 60 0 1 0 0 0 1 1 0 0 2825.dat
1 19 -51 -576 60 -1 0 0 0 -1 0 0 0 1 32184.dat
1 19 9 -576 60 -1 0 0 0 -1 0 0 0 1 32184.dat
1 0 -21 -616 60 -1 0 0 0 -1 0 0 0 1 3706.dat
1 0 -21 -576 70 0 0 -1 0 1 0 1 0 0 4519.dat
1 7 -21 -576 47 1 0 0 0 -1 0 0 0 -1 6589.dat
1 7 -21 -576 80 1 0 0 0 -1 0 0 0 -1 3647.dat
1 19 -51 -616 -20 0 -1 0 0 0 -1 1 0 0 32009.dat
1 19 -71 -456 60 0 -1 0 0 0 1 -1 0 0 32009.dat
1 0 -81 -576 60 -1 0 0 0 0 1 0 1 0 2780.dat
1 19 -91 -556 60 0 1 0 0 0 -1 -1 0 0 32140.dat
1 0 -81 -616 40 -1 0 0 0 0 -1 0 -1 0 2780.dat
1 19 -71 -556 20 0 -1 0 0 0 -1 1 0 0 32140.dat
1 0 -51 -456 -20 1 0 0 0 -1 0 0 0 -1 4519.dat
1 19 -21 -456 -20 0 0 -1 1 0 0 0 -1 0 6538.dat
1 0 9 -456 -20 -1 0 0 0 0 -1 0 -1 0 4519.dat
1 0 -81 -576 20 -1 0 0 0 0 -1 0 -1 0 3707.dat
1 7 -51 -576 20 0 0 1 -1 0 0 0 -1 0 3713.dat
1 7 -38 -576 20 0 0 -1 1 0 0 0 -1 0 32198.dat
1 7 -26 -576 20 0 0 -1 1 0 0 0 -1 0 32123.dat
1 19 -26 -646.3026 17.8398 0 -1 0 0.538 0 -0.843 0.843 0 0.538 32065.dat
1 0 -20.999 -595.7854 -14.3491 -1 0 0 0 -0.090807 -0.995526 0 -0.995526 0.090807 32062.dat
1 19 -16 -646.3026 17.8398 0 -1 0 0.538 0 -0.843 0.843 0 0.538 32065.dat
1 19 -30.999 -536.0328 -19.8204 0 -1 0 0.090807 0 -0.995526 0.995526 0 0.090807 2825.dat
1 19 -10.999 -536.0328 -19.8204 0 1 0 -0.090807 0 -0.995526 -0.995526 0 0.090807 2825.dat
1 0 -20.999 -536.0328 -19.8204 -1 0 0 0 0.995526 -0.090807 0 -0.090807 -0.995526 3705.dat
1 0 -21 -663.1625 28.5998 -1 0 0 0 -0.538 -0.843 0 -0.843 0.538 32062.dat
1 7 -6 -663.1625 28.5998 0 0 1 -0.843 -0.538 0 0.538 -0.843 0 32123.dat
1 7 -36 -663.1625 28.5998 0 0 1 -0.843 -0.538 0 0.538 -0.843 0 32123.dat
1 0 -21 -696.8826 50.1198 -1 0 0 0 -0.506861 0.86208 0 0.86208 0.506861 32062.dat
1 19 -36 -696.8826 50.1198 0 1 0 -0.86208 0 -0.506861 -0.506861 0 0.86208 6632.dat
1 19 -6 -696.8826 50.1198 0 1 0 -0.86208 0 -0.506861 -0.506861 0 0.86208 6632.dat
1 0 -21 -717.157 84.603 -1 0 0 0 -0.86208 -0.506861 0 -0.506861 0.86208 32062.dat
1 19 -21 -615.997 20.043 0 1 0 -0.538 0 -0.843 -0.843 0 0.538 32271.dat
1 0 -21 -615.997 20.043 1 0 0 0 0.538 -0.843 0 0.843 0.538 3706.dat
1 7 -6 -615.997 20.043 0 0 1 -0.843 -0.538 0 0.538 -0.843 0 32123.dat
1 7 -36 -615.997 20.043 0 0 1 -0.843 -0.538 0 0.538 -0.843 0 32123.dat
1 0 -21 -632.857 30.803 -1 0 0 0 -0.538 -0.843 0 -0.843 0.538 32062.dat
1 7 -36 -632.857 30.803 0 0 1 -0.843 -0.538 0 0.538 -0.843 0 32123.dat
1 7 -6 -632.857 30.803 0 0 1 -0.843 -0.538 0 0.538 -0.843 0 32123.dat
1 0 -21 -754.605 70.539 -1 0 0 0 -0.3516 0.9362 0 0.9362 0.3516 32062.dat
1 19 -36 -773.329 63.507 0 1 0 -0.3516 0 0.9362 0.9362 0 0.3516 6632.dat
1 0 -24 -735.881 77.571 -1 0 0 0 0.3516 -0.9362 0 -0.9362 -0.3516 3705.dat
1 19 -51 -735.881 77.571 0 -1 0 -0.3516 0 -0.9362 0.9362 0 -0.3516 4032.dat
1 19 -59 -735.881 77.571 0 -1 0 -0.3516 0 -0.9362 0.9362 0 -0.3516 2654.dat
1 19 -6 -773.329 63.507 0 1 0 -0.3516 0 0.9362 0.9362 0 0.3516 6632.dat
1 19 8 -735.881 77.571 0 1 0 -0.9362 0 -0.3516 -0.3516 0 0.9362 4032.dat
1 19 16 -735.881 77.571 0 1 0 -0.9362 0 -0.3516 -0.3516 0 0.9362 2654.dat
1 0 -21 -773.329 63.507 -1 0 0 0 -0.3516 0.9362 0 0.9362 0.3516 32062.dat
1 19 -21 -702.0565 -6.6443 0 -1 0 0.701508 0 -0.71255 0.71255 0 0.701508 32271.dat
1 0 -21 -702.0565 -6.6443 -1 0 0 0 -0.701508 -0.71255 0 -0.71255 0.701508 32062.dat
1 0 -21 -716.3075 7.3859 -1 0 0 0 -0.701508 -0.71255 0 -0.71255 0.701508 32062.dat
1 19 -36 -687.8055 -20.6744 0 1 0 -0.701508 0 -0.71255 -0.71255 0 0.701508 6632.dat
1 19 -6 -687.8055 -20.6744 0 1 0 -0.701508 0 -0.71255 -0.71255 0 0.701508 6632.dat
1 0 -21 -687.8055 -20.6744 -1 0 0 0 -0.701508 -0.71255 0 -0.71255 0.701508 32062.dat
1 19 -21 -687.8055 -20.6744 -1 0 0 0 -0.701508 -0.71255 0 -0.71255 0.701508 32291.dat
1 0 -21 -759.0605 49.4764 -1 0 0 0 -0.701508 -0.71255 0 -0.71255 0.701508 32062.dat
1 0 -21 -730.5585 21.416 -1 0 0 0 -0.701508 -0.71255 0 -0.71255 0.701508 32062.dat
1 19 -36 -730.5585 21.416 0 1 0 -0.701508 0 -0.71255 -0.71255 0 0.701508 6632.dat
1 19 -6 -730.5585 21.416 0 1 0 -0.701508 0 -0.71255 -0.71255 0 0.701508 6632.dat
1 0 -21 -782.2155 117.1745 -1 0 0 0 -0.133676 -0.990945 0 -0.990945 0.133676 32062.dat
1 19 -31 -779.5419 136.9934 0 -1 0 -0.990945 0 -0.133676 0.133676 0 -0.990945 2825.dat
1 19 -11 -779.5419 136.9934 0 1 0 0.990945 0 -0.133676 -0.133676 0 -0.990945 2825.dat
1 0 -21 -787.5625 77.5367 -1 0 0 0 -0.133676 -0.990945 0 -0.990945 0.133676 32062.dat
1 7 -1 -779.5419 136.9934 -1 0.006 -0.005 0.006402 0.212679 -0.976927 -0.0049 -0.976927 -0.212679 3749.dat
1 7 -41 -779.5419 136.9934 1 0 0 0 -0.990945 -0.133676 0 0.133676 -0.990945 3749.dat
1 19 9 -779.6318 137.0459 1 -0.003 -0.007 -0.006744 0.217414 -0.976416 0.004304 0.976416 0.217414 32015.dat
1 8 9.284 -740.5863 128.3542 0.007 -0.003 1 0.976416 0.217414 -0.006744 -0.217414 0.976416 0.004304 6587.dat
0 !LEOCAD SYNTH BEGIN
0 !LEOCAD SYNTH CONTROL_POINT -15.625 0 0 1 0 0 0 1 0 0 0 1 15.625
0 !LEOCAD SYNTH CONTROL_POINT 15.625 0 0 1 0 0 0 1 0 0 0 1 15.625
1 0 9.355 -730.8252 126.1808 0.007 -0.003 1 0.976416 0.217414 -0.006744 -0.217414 0.976416 0.004304 72504.dat
0 !LEOCAD SYNTH END
1 19 -50.999 -779.2526 136.785 1 -0.003 -0.007 -0.006744 0.217414 -0.976416 0.004304 0.976416 0.217414 32015.dat
1 8 -50.714 -740.2076 128.0923 0.007 -0.003 1 0.976416 0.217414 -0.006744 -0.217414 0.976416 0.004304 6587.dat
0 !LEOCAD SYNTH BEGIN
0 !LEOCAD SYNTH CONTROL_POINT -15.625 0 0 1 0 0 0 1 0 0 0 1 15.625
0 !LEOCAD SYNTH CONTROL_POINT 15.625 0 0 1 0 0 0 1 0 0 0 1 15.625
1 0 -50.643 -730.446 125.9198 0.007 -0.003 1 0.976416 0.217414 -0.006744 -0.217414 0.976416 0.004304 72504.dat
0 !LEOCAD SYNTH END
1 7 -11 -708.9597 -27.9137 0 0 -1 -0.71255 0.701508 0 0.701508 0.71255 0 4274.dat
1 7 -31 -708.9597 -27.9137 0 0 -1 -0.71255 0.701508 0 0.701508 0.71255 0 4274.dat
1 16 8.9994 -785.4035 128.8159 -1.000139 -0.000034 0.014334 -0.011667 -0.574615 -0.818777 0.00773 -0.818795 0.574786 u9053.dat
1 16 8.9993 -786.4099 127.3818 1.000139 0.000034 0.014334 0.011667 0.575155 -0.818777 -0.00773 0.819564 0.574786 77.dat
1 16 8.9993 -786.7844 126.8481 1.000139 0.000034 0.014334 0.011667 0.575155 -0.818777 -0.00773 0.819564 0.574786 77.dat
1 16 8.9992 -787.3027 126.1096 1.000139 0.000034 0.014334 0.011667 0.575155 -0.818777 -0.00773 0.819564 0.574786 77.dat
1 16 8.9992 -787.6772 125.5759 1.000139 0.000034 0.014334 0.011667 0.575155 -0.818777 -0.00773 0.819564 0.574786 77.dat
1 16 8.9992 -788.0518 125.0421 1.000139 0.000034 0.014334 0.011667 0.575155 -0.818777 -0.00773 0.819564 0.574786 77.dat
1 16 8.9992 -788.4264 124.5084 1.000139 0.000034 0.014334 0.011667 0.575155 -0.818777 -0.00773 0.819564 0.574786 77.dat
1 16 8.9992 -788.801 123.9746 1.000139 0.000034 0.014334 0.011667 0.575155 -0.818777 -0.00773 0.819564 0.574786 77.dat
1 16 8.9991 -789.3192 123.2361 1.000139 0.000034 0.014334 0.011667 0.575155 -0.818777 -0.00773 0.819564 0.574786 77.dat
1 16 8.9991 -789.6938 122.7024 1.000139 0.000034 0.014334 0.011667 0.575155 -0.818777 -0.00773 0.819564 0.574786 77.dat
1 16 8.9991 -790.0684 122.1686 1.000139 0.000034 0.014334 0.011667 0.575155 -0.818777 -0.00773 0.819564 0.574786 77.dat
1 16 8.9991 -790.443 121.6349 1.000139 0.000034 0.014334 0.011667 0.575155 -0.818777 -0.00773 0.819564 0.574786 77.dat
1 16 8.999 -790.8176 121.1011 1.000139 0.000034 0.014334 0.011667 0.575155 -0.818777 -0.00773 0.819564 0.574786 77.dat
1 16 8.999 -791.3358 120.3627 1.000139 0.000034 0.014334 0.011667 0.575155 -0.818777 -0.00773 0.819564 0.574786 77.dat
1 16 8.999 -791.0052 120.8338 0.819536 -0.00001 0.573451 -0.469508 -0.575151 0.670895 0.329991 -0.819567 -0.470681 77.dat
1 16 8.999 -790.7315 121.2238 0.81976 -0.000032 0.573129 -0.469253 -0.575155 0.67107 0.329794 -0.819565 -0.470823 77.dat
1 16 8.999 -791.2366 120.504 1.000139 0.000036 0.014334 0.011666 0.575155 -0.818777 -0.007732 0.819564 0.574786 77.dat
1 16 8.999 -791.6849 119.8652 1.000139 0.000035 0.014334 0.011667 0.575155 -0.818777 -0.00773 0.819564 0.574786 77.dat
1 16 8.9989 -792.2031 119.1268 1.000139 0.000034 0.014334 0.011667 0.575155 -0.818777 -0.00773 0.819564 0.574786 77.dat
1 16 8.9989 -792.5777 118.593 1.000139 0.000034 0.014334 0.011667 0.575155 -0.818777 -0.00773 0.819564 0.574786 77.dat
1 16 8.9989 -792.9523 118.0593 1.000139 0.000034 0.014334 0.011667 0.575155 -0.818777 -0.00773 0.819564 0.574786 77.dat
1 16 8.9989 -793.3268 117.5255 1.000139 0.000034 0.014334 0.011667 0.575155 -0.818777 -0.00773 0.819564 0.574786 77.dat
1 16 8.9989 -793.7014 116.9918 1.000139 0.000034 0.014334 0.011667 0.575155 -0.818777 -0.00773 0.819564 0.574786 77.dat
1 16 8.9988 -794.2197 116.2533 1.000139 0.000034 0.014334 0.011667 0.575155 -0.818777 -0.00773 0.819564 0.574786 77.dat
1 16 8.9988 -794.5942 115.7195 1.000139 0.000034 0.014334 0.011667 0.575155 -0.818777 -0.00773 0.819564 0.574786 77.dat
1 16 8.9988 -794.9688 115.1858 1.000139 0.000034 0.014334 0.011667 0.575155 -0.818777 -0.00773 0.819564 0.574786 77.dat
1 16 8.9988 -795.3434 114.652 1.000139 0.000034 0.014334 0.011667 0.575155 -0.818777 -0.00773 0.819564 0.574786 77.dat
1 16 8.9987 -795.718 114.1183 1.000139 0.000034 0.014334 0.011667 0.575155 -0.818777 -0.00773 0.819564 0.574786 77.dat
1 16 8.9987 -796.2362 113.3798 1.000139 0.000034 0.014334 0.011667 0.575155 -0.818777 -0.00773 0.819564 0.574786 77.dat
1 16 8.9987 -796.6108 112.8461 1.000139 0.000034 0.014334 0.011667 0.575155 -0.818777 -0.00773 0.819564 0.574786 77.dat
1 16 8.9972 -796.9783 112.3074 1.000139 0.001586 0.014326 0.010856 0.567746 -0.823934 -0.008897 0.824716 0.567367 77.dat
1 16 8.9957 -797.3461 111.769 1.000137 0.002166 0.01432 0.010556 0.564962 -0.825845 -0.009335 0.826625 0.56458 77.dat
1 16 8.9943 -797.7141 111.2306 1.000138 0.002166 0.014263 0.010509 0.564962 -0.825846 -0.009303 0.826625 0.564581 77.dat
1 16 8.9924 -798.2231 110.4858 1.000139 0.002166 0.014183 0.010443 0.564962 -0.825847 -0.009258 0.826625 0.564582 77.dat
1 16 8.9842 -798.5579 109.926 1.000076 0.011856 0.013829 0.005674 0.517428 -0.85642 -0.016756 0.857117 0.517023 77.dat
1 16 8.9808 -798.9165 109.381 1.000119 0.007269 0.013936 0.00777 0.540166 -0.842273 -0.013101 0.843016 0.539768 77.dat
1 16 8.9761 -799.2683 108.832 1.000119 0.007269 0.01386 0.007708 0.540166 -0.842274 -0.01306 0.843016 0.539769 77.dat
1 16 8.9684 -799.6053 108.2738 1.000095 0.010406 0.013682 0.00616 0.524627 -0.852034 -0.015493 0.852747 0.524226 77.dat
1 16 8.9563 -800.0642 107.4972 1.000063 0.013292 0.013478 0.004786 0.510158 -0.860767 -0.017763 0.861445 0.509758 77.dat
1 16 8.9476 -800.3964 106.9362 1.000064 0.013292 0.013409 0.004726 0.510158 -0.860767 -0.017728 0.861445 0.50976 77.dat
1 16 8.9353 -800.71 106.3645 1.00001 0.017142 0.013115 0.002997 0.490549 -0.872077 -0.020824 0.872699 0.490158 77.dat
1 16 8.9232 -801.0248 105.7936 0.999988 0.018432 0.012962 0.002402 0.483907 -0.875776 -0.021855 0.876377 0.483521 77.dat
1 16 8.9112 -801.34 105.2228 0.99999 0.018432 0.012898 0.002346 0.483907 -0.875776 -0.021824 0.876377 0.483523 77.dat
1 16 8.8897 -801.7502 104.4196 0.999887 0.023618 0.012413 0.000234 0.456816 -0.890183 -0.02613 0.890685 0.456456 77.dat
1 16 8.8742 -802.0473 103.8393 0.999884 0.023741 0.012345 0.000136 0.456162 -0.890518 -0.026208 0.891017 0.455804 77.dat
1 16 8.8587 -802.3444 103.259 0.999886 0.023741 0.012287 0.000085 0.456162 -0.890518 -0.026182 0.891017 0.455805 77.dat
1 16 8.8377 -802.6114 102.6643 0.999675 0.031738 0.011363 -0.002782 0.413165 -0.91122 -0.033041 0.911522 0.412869 77.dat
1 16 8.8194 -802.8934 102.0765 0.999748 0.029229 0.011615 -0.001988 0.426801 -0.904927 -0.030836 0.905297 0.426484 77.dat
1 16 8.7931 -803.278 101.2608 0.999749 0.029229 0.011564 -0.002035 0.426801 -0.904928 -0.030815 0.905297 0.426487 77.dat
1 16 8.7704 -803.5363 100.6624 0.999593 0.034361 0.010878 -0.00374 0.398696 -0.917628 -0.035293 0.917853 0.398429 77.dat
1 16 8.7462 -803.7858 100.0604 0.999529 0.036281 0.010567 -0.004357 0.388031 -0.922177 -0.036981 0.922342 0.387786 77.dat
1 16 8.7226 -804.0385 99.4597 0.999529 0.036281 0.010525 -0.004396 0.388031 -0.922177 -0.036965 0.922342 0.387787 77.dat
1 16 8.6959 -804.2737 98.8521 0.999412 0.039537 0.009998 -0.005346 0.369712 -0.929654 -0.039872 0.92971 0.369507 77.dat
1 16 8.6577 -804.5926 98.009 0.999309 0.04217 0.009535 -0.006063 0.354729 -0.935458 -0.042247 0.935421 0.354558 77.dat
1 16 8.6278 -804.8091 97.3946 0.999157 0.045767 0.008869 -0.006944 0.33395 -0.943056 -0.045534 0.942877 0.333829 77.dat
1 16 8.5968 -805.02 96.7783 0.999104 0.046959 0.008618 -0.007232 0.326993 -0.945484 -0.046628 0.945256 0.32689 77.dat
1 16 8.5662 -805.2329 96.1627 0.999104 0.046959 0.00859 -0.007259 0.326993 -0.945483 -0.04662 0.945256 0.326891 77.dat
1 16 8.5325 -805.4274 95.5411 0.99895 0.050251 0.007921 -0.007942 0.307573 -0.951961 -0.049681 0.951591 0.307521 77.dat
1 16 8.4848 -805.69 94.6794 0.998822 0.052798 0.007369 -0.008415 0.292364 -0.956728 -0.052073 0.956242 0.292354 77.dat
1 16 8.4504 -805.8804 94.0566 0.998823 0.052798 0.00735 -0.008433 0.292364 -0.956728 -0.052068 0.956242 0.292355 77.dat
1 16 8.4115 -806.0428 93.426 0.998563 0.05765 0.006241 -0.009163 0.262891 -0.965219 -0.056685 0.964493 0.262966 77.dat
1 16 8.373 -806.2085 92.7965 0.998491 0.058928 0.005924 -0.009332 0.255029 -0.967322 -0.057912 0.966527 0.255127 77.dat
1 16 8.3346 -806.3746 92.1671 0.998491 0.058928 0.005914 -0.009341 0.255029 -0.967322 -0.05791 0.966527 0.255127 77.dat
1 16 8.2755 -806.5666 91.2874 0.998105 0.065269 0.004276 -0.009913 0.215275 -0.976914 -0.064074 0.97576 0.215492 77.dat
1 16 8.2331 -806.7073 90.652 0.998113 0.065156 0.004307 -0.009906 0.215993 -0.976756 -0.063964 0.975609 0.216208 77.dat
1 16 8.1907 -806.848 90.0166 0.998113 0.065156 0.004307 -0.009905 0.215993 -0.976756 -0.063964 0.975609 0.216208 77.dat
1 16 8.1414 -806.9446 89.3733 0.997445 0.074814 0.001441 -0.010084 0.153156 -0.988535 -0.073558 0.986761 0.153568 77.dat
1 16 8.0959 -807.0657 88.7338 0.997691 0.071411 0.002523 -0.010103 0.175599 -0.984803 -0.070154 0.983261 0.175938 77.dat
1 16 8.0269 -807.1925 87.8431 0.997326 0.07639 0.000955 -0.009996 0.142528 -0.990121 -0.075152 0.988236 0.142971 77.dat
1 16 7.9772 -807.286 87.1996 0.997336 0.076253 0.00102 -0.009982 0.143454 -0.989988 -0.075016 0.988112 0.143892 77.dat
1 16 7.9275 -807.3794 86.5561 0.997336 0.076253 0.00104 -0.009962 0.143454 -0.989988 -0.075018 0.988112 0.143891 77.dat
1 16 7.8714 -807.4284 85.9079 0.996587 0.085472 -0.002218 -0.009118 0.080034 -0.997116 -0.084418 0.994528 0.080669 77.dat
1 16 7.8189 -807.5026 85.2618 0.99687 0.082143 -0.000943 -0.009481 0.103256 -0.994979 -0.081006 0.99266 0.103815 77.dat
1 16 7.7449 -807.5956 84.3674 0.996869 0.082143 -0.000913 -0.009451 0.103256 -0.99498 -0.08101 0.99266 0.103812 77.dat
1 16 7.6827 -807.6008 83.7176 0.995758 0.094519 -0.00584 -0.0073 0.014624 -1.000225 -0.093815 0.996839 0.015451 77.dat
1 16 7.6271 -807.6542 83.0691 0.996351 0.088165 -0.003123 -0.008549 0.06082 -0.998474 -0.087208 0.995659 0.0615 77.dat
1 16 7.5647 -807.6573 82.4197 0.995682 0.095294 -0.006089 -0.006992 0.008661 -1.000296 -0.094629 0.996837 0.009497 77.dat
1 16 7.5051 -807.6815 81.7705 0.995937 0.092652 -0.004881 -0.007569 0.028215 -0.999932 -0.091871 0.996718 0.028986 77.dat
1 16 7.4217 -807.707 80.8724 0.995938 0.092652 -0.004831 -0.007517 0.028215 -0.999932 -0.091873 0.996718 0.028981 77.dat
1 16 7.3533 -807.6644 80.2246 0.994771 0.104072 -0.01012 -0.004074 -0.058739 -0.998627 -0.103874 0.994283 -0.05773 77.dat
1 16 7.2911 -807.6696 79.5745 0.995397 0.098161 -0.007167 -0.005967 -0.013029 -1.000255 -0.097637 0.996518 -0.012153 77.dat
1 16 7.2224 -807.6243 78.9274 0.994682 0.104906 -0.010415 -0.003597 -0.065567 -0.998204 -0.104751 0.993769 -0.064555 77.dat
1 16 7.1565 -807.6006 78.2787 0.99496 0.102352 -0.009046 -0.00447 -0.045422 -0.999318 -0.102046 0.995154 -0.044472 77.dat
1 16 7.0643 -807.5598 77.3821 0.994961 0.102352 -0.008974 -0.004398 -0.045422 -0.999318 -0.102042 0.995154 -0.04448 77.dat
1 16 6.9902 -807.47 76.7397 0.993753 0.112915 -0.014611 0.000261 -0.131287 -0.991722 -0.113241 0.986372 -0.130142 77.dat
1 16 6.9218 -807.4277 76.0916 0.994404 0.107407 -0.011424 -0.002251 -0.08577 -0.996678 -0.107377 0.991968 -0.084742 77.dat
1 16 6.8475 -807.3356 75.45 0.993671 0.113607 -0.014847 0.000827 -0.137408 -0.990893 -0.113954 0.98546 -0.136272 77.dat
1 16 6.7758 -807.2653 74.8054 0.993962 0.11121 -0.013355 -0.000311 -0.117181 -0.993484 -0.111394 0.988337 -0.116099 77.dat
1 16 6.6756 -807.1597 73.9149 0.993963 0.11121 -0.013263 -0.000218 -0.117181 -0.993484 -0.111383 0.988337 -0.11611 77.dat
1 16 6.5964 -807.025 73.281 0.992757 0.120756 -0.019082 0.005441 -0.200378 -0.980108 -0.121512 0.973763 -0.199157 77.dat
1 16 6.5225 -806.9367 72.6382 0.993411 0.115742 -0.015749 0.002419 -0.155913 -0.988153 -0.116166 0.982457 -0.154786 77.dat
1 16 6.4432 -806.8004 72.0051 0.992688 0.121296 -0.019237 0.006055 -0.2056 -0.979023 -0.122041 0.972608 -0.204399 77.dat
1 16 6.3663 -806.6853 71.3676 0.992982 0.119107 -0.017666 0.004702 -0.185735 -0.982986 -0.119697 0.976861 -0.18458 77.dat
1 16 6.259 -806.5179 70.4874 0.992984 0.119107 -0.017553 0.004813 -0.185735 -0.982985 -0.119677 0.976861 -0.184594 77.dat
1 16 6.1754 -806.3414 69.8645 0.991818 0.127533 -0.023384 0.011203 -0.264867 -0.964659 -0.128548 0.957369 -0.263637 77.dat
1 16 6.0966 -806.2094 69.2299 0.992454 0.123076 -0.019996 0.007808 -0.222232 -0.975377 -0.123822 0.968722 -0.221067 77.dat
1 16 6.013 -806.0317 68.6077 0.991764 0.127941 -0.023453 0.011836 -0.269235 -0.963444 -0.128907 0.956096 -0.268035 77.dat
1 16 5.9315 -805.8745 67.9798 0.99205 0.125986 -0.021842 0.010326 -0.250071 -0.968603 -0.126823 0.961541 -0.248907 77.dat
1 16 5.818 -805.6492 67.1134 0.992053 0.125986 -0.02171 0.010454 -0.250071 -0.968601 -0.126789 0.961541 -0.248924 77.dat
1 16 5.7308 -805.4344 66.5032 0.990964 0.133257 -0.027397 0.017286 -0.324072 -0.946357 -0.134311 0.938198 -0.322896 77.dat
1 16 5.6477 -805.2614 65.8791 0.991563 0.129384 -0.024042 0.013668 -0.283879 -0.959215 -0.130259 0.951659 -0.282741 77.dat
1 16 5.5605 -805.0457 65.2696 0.990922 0.133566 -0.027391 0.01793 -0.327793 -0.945065 -0.134531 0.936861 -0.326658 77.dat
1 16 5.4751 -804.8495 64.6533 0.991194 0.131856 -0.025773 0.01632 -0.309549 -0.951214 -0.132727 0.943283 -0.308439 77.dat
1 16 5.3563 -804.5706 63.8033 0.991198 0.131856 -0.025623 0.016464 -0.309549 -0.951212 -0.132681 0.943283 -0.308459 77.dat
1 16 5.2661 -804.3212 63.207 0.990209 0.137994 -0.031039 0.023464 -0.377741 -0.926145 -0.138848 0.917213 -0.376676 77.dat
1 16 5.1793 -804.1105 62.5951 0.990758 0.134703 -0.027789 0.019766 -0.340404 -0.940567 -0.135479 0.932191 -0.339354 77.dat
1 16 5.0891 -803.8603 61.9995 0.990177 0.138241 -0.030978 0.024127 -0.381098 -0.924755 -0.138965 0.915786 -0.380082 77.dat
1 16 5.0004 -803.6284 61.3961 0.990429 0.136769 -0.02938 0.022469 -0.363883 -0.931691 -0.137439 0.922978 -0.362883 77.dat
1 16 4.9113 -803.3913 60.7951 0.990431 0.136786 -0.02923 0.022647 -0.36409 -0.931606 -0.137395 0.922895 -0.363112 77.dat
1 16 4.82 -803.1279 60.2052 0.990045 0.139104 -0.031349 0.025745 -0.391705 -0.920276 -0.139614 0.91117 -0.390769 77.dat
1 16 4.6947 -802.775 59.3842 0.99005 0.139104 -0.031175 0.025906 -0.391705 -0.920271 -0.139546 0.91117 -0.390793 77.dat
1 16 4.602 -802.4935 58.803 0.989532 0.142054 -0.034173 0.030259 -0.429224 -0.903279 -0.142301 0.893649 -0.428374 77.dat
1 16 4.5107 -802.2293 58.2135 0.989763 0.140807 -0.032613 0.028596 -0.413074 -0.910818 -0.141041 0.901421 -0.412233 77.dat
1 16 4.4189 -801.9598 57.6267 0.989758 0.140866 -0.032496 0.028849 -0.413843 -0.91046 -0.141021 0.901059 -0.413029 77.dat
1 16 4.3255 -801.6674 57.051 0.989436 0.142686 -0.034358 0.031769 -0.437936 -0.899043 -0.142646 0.889312 -0.437178 77.dat
1 16 4.1969 -801.2728 56.2497 0.989442 0.142686 -0.03417 0.031941 -0.437936 -0.899037 -0.142563 0.889312 -0.437206 77.dat
1 16 4.1033 -800.9782 55.6754 0.989271 0.143639 -0.035119 0.033669 -0.451244 -0.892381 -0.143347 0.88248 -0.450562 77.dat
1 16 4.009 -800.6738 55.1063 0.98913 0.14442 -0.035888 0.035169 -0.46239 -0.886608 -0.143956 0.876563 -0.461757 77.dat
1 16 3.9149 -800.3719 54.5358 0.989124 0.144485 -0.035774 0.035462 -0.463366 -0.886089 -0.143921 0.876038 -0.462762 77.dat
1 16 3.8198 -800.054 53.9741 0.988913 0.145608 -0.037045 0.037689 -0.480306 -0.876946 -0.144802 0.866679 -0.479765 77.dat
1 16 3.6886 -799.6213 53.1932 0.988921 0.145608 -0.036843 0.037869 -0.480306 -0.876938 -0.144703 0.866679 -0.479794 77.dat
1 16 3.5932 -799.3001 52.6336 0.98878 0.146356 -0.037675 0.039509 -0.492197 -0.870259 -0.145229 0.859855 -0.491741 77.dat
1 16 3.4974 -798.971 52.0787 0.988675 0.146911 -0.038263 0.040818 -0.501258 -0.865021 -0.145578 0.854509 -0.500853 77.dat
1 16 3.4017 -798.6445 51.5222 0.988682 0.146911 -0.038053 0.041003 -0.501258 -0.865012 -0.145472 0.854509 -0.500885 77.dat
1 16 3.3055 -798.3087 50.9713 0.988572 0.147485 -0.038706 0.042422 -0.511117 -0.859166 -0.145815 0.848551 -0.510798 77.dat
1 16 3.172 -797.8381 50.2131 0.988455 0.148083 -0.039428 0.043952 -0.521714 -0.852707 -0.146159 0.841972 -0.521454 77.dat
1 16 3.0753 -797.4921 49.6687 0.988361 0.148556 -0.039998 0.045275 -0.530615 -0.847137 -0.146389 0.836308 -0.530412 77.dat
1 16 2.9782 -797.1407 49.1278 0.9883 0.148876 -0.040326 0.046256 -0.536785 -0.843195 -0.146496 0.832303 -0.536633 77.dat
1 16 2.8812 -796.7911 48.5858 0.988308 0.148876 -0.040105 0.046444 -0.536785 -0.843185 -0.146376 0.832303 -0.536665 77.dat
1 16 2.7839 -796.4333 48.0492 0.988223 0.149298 -0.040644 0.047744 -0.545383 -0.837587 -0.146535 0.826619 -0.545322 77.dat
1 16 2.649 -795.9335 47.3101 0.988136 0.149719 -0.041208 0.049089 -0.55425 -0.831678 -0.146676 0.820623 -0.55425 77.dat
1 16 2.5515 -795.5726 46.7756 0.988146 0.149719 -0.040981 0.04928 -0.55425 -0.831667 -0.146549 0.820623 -0.554283 77.dat
1 16 2.4535 -795.2 46.2493 0.988028 0.150254 -0.041844 0.051078 -0.566522 -0.823262 -0.146723 0.8121 -0.566629 77.dat
1 16 2.3555 -794.8276 45.7228 0.987989 0.150454 -0.04204 0.0519 -0.571295 -0.819913 -0.146696 0.808712 -0.571451 77.dat
1 16 2.2575 -794.4556 45.1961 0.987999 0.150454 -0.041808 0.052092 -0.571295 -0.8199 -0.146562 0.808712 -0.571485 77.dat
1 16 2.1214 -793.9264 44.4779 0.987863 0.15103 -0.042929 0.054295 -0.586496 -0.808971 -0.146677 0.797647 -0.586774 77.dat
1 16 2.023 -793.5438 43.9589 0.987865 0.151061 -0.042769 0.054603 -0.587349 -0.808333 -0.146549 0.797014 -0.587664 77.dat
1 16 1.9243 -793.1531 43.446 0.987798 0.151347 -0.043306 0.055948 -0.596029 -0.801874 -0.146493 0.790488 -0.596411 77.dat
1 16 1.8257 -792.7626 42.933 0.987781 0.151449 -0.043354 0.056568 -0.599238 -0.799439 -0.146374 0.788039 -0.599666 77.dat
1 16 1.7271 -792.3724 42.4197 0.987791 0.151449 -0.043114 0.056763 -0.599238 -0.799425 -0.146229 0.788039 -0.599702 77.dat
1 16 1.5903 -791.82 41.7194 0.987694 0.151814 -0.044038 0.058701 -0.612333 -0.789317 -0.146117 0.777835 -0.612881 77.dat
1 16 1.4914 -791.4208 41.2131 0.987701 0.151829 -0.043848 0.058973 -0.612918 -0.788845 -0.145967 0.777371 -0.613503 77.dat
1 16 1.3925 -791.0216 40.7069 0.987711 0.151829 -0.043604 0.059167 -0.612918 -0.788829 -0.145815 0.777371 -0.613539 77.dat
1 16 1.2933 -790.6093 40.2113 0.987585 0.152236 -0.045035 0.061877 -0.631766 -0.773633 -0.14555 0.762049 -0.632496 77.dat
1 16 1.1943 -790.203 39.7107 0.987634 0.152126 -0.044299 0.061335 -0.626275 -0.778119 -0.145439 0.76659 -0.62702 77.dat
1 16 1.0572 -789.6387 39.02 0.987646 0.152126 -0.044052 0.061529 -0.626275 -0.778104 -0.145282 0.76659 -0.627056 77.dat
1 16 0.9579 -789.2139 38.535 0.987504 0.152485 -0.045949 0.064943 -0.650444 -0.75777 -0.144761 0.746116 -0.651356 77.dat
1 16 0.8587 -788.8012 38.0396 0.987587 0.152332 -0.044671 0.063593 -0.6389 -0.767623 -0.144798 0.756058 -0.639802 77.dat
1 16 0.7595 -788.3835 37.5486 0.987585 0.152358 -0.044625 0.064093 -0.641219 -0.765648 -0.144592 0.754086 -0.642168 77.dat
1 16 0.6602 -787.9568 37.0653 0.987543 0.15245 -0.045215 0.065546 -0.650767 -0.75744 -0.144222 0.745841 -0.651789 77.dat
1 16 0.5228 -787.3704 36.3933 0.987555 0.15245 -0.044963 0.065738 -0.650767 -0.757424 -0.144056 0.745841 -0.651826 77.dat
1 16 0.4235 -786.9411 35.9124 0.98753 0.152482 -0.0454 0.066961 -0.658659 -0.750476 -0.143664 0.738874 -0.659785 77.dat
1 16 0.3242 -786.509 35.434 0.987528 0.152491 -0.045432 0.06758 -0.661922 -0.74755 -0.143394 0.735949 -0.663097 77.dat
1 16 0.2249 -786.0779 34.9547 0.987539 0.152491 -0.045178 0.067772 -0.661922 -0.747532 -0.143223 0.735949 -0.663134 77.dat
1 16 0.1256 -785.6414 34.4803 0.987531 0.152475 -0.045419 0.068699 -0.667634 -0.74236 -0.142843 0.730774 -0.668903 77.dat
1 16 -0.0118 -785.0353 33.8261 0.987526 0.152456 -0.045579 0.069505 -0.672416 -0.737963 -0.142483 0.726378 -0.673742 77.dat
1 16 -0.1111 -784.5974 33.353 0.987538 0.152456 -0.045324 0.069697 -0.672416 -0.737944 -0.142308 0.726378 -0.673778 77.dat
1 16 -0.2103 -784.1522 32.8867 0.98753 0.15238 -0.045723 0.070851 -0.680042 -0.730826 -0.141786 0.719259 -0.681468 77.dat
1 16 -0.3095 -783.7078 32.4198 0.987538 0.152354 -0.04566 0.071325 -0.682297 -0.728678 -0.1415 0.717125 -0.683768 77.dat
1 16 -0.4087 -783.2595 31.9565 0.987544 0.152284 -0.045752 0.072024 -0.686409 -0.724746 -0.141102 0.713204 -0.68793 77.dat
1 16 -0.5458 -782.6379 31.3169 0.987552 0.152224 -0.045777 0.07262 -0.689714 -0.721546 -0.14074 0.71002 -0.691284 77.dat
1 16 -0.645 -782.1887 30.8545 0.987564 0.152224 -0.045519 0.072809 -0.689714 -0.721527 -0.14056 0.71002 -0.691321 77.dat
1 16 -0.744 -781.7332 30.3982 0.987575 0.152066 -0.045822 0.073804 -0.696382 -0.715004 -0.139969 0.703515 -0.698046 77.dat
1 16 -0.843 -781.2783 29.9414 0.987586 0.152018 -0.045721 0.074214 -0.69824 -0.713151 -0.139669 0.70168 -0.699947 77.dat
1 16 -0.942 -780.8236 29.4844 0.987598 0.152018 -0.045463 0.0744 -0.69824 -0.713132 -0.139485 0.70168 -0.699983 77.dat
1 16 -1.0787 -780.1865 28.8601 0.98762 0.151749 -0.045905 0.075574 -0.706661 -0.704678 -0.138708 0.693256 -0.708465 77.dat
1 16 -1.1775 -779.7263 28.4086 0.987632 0.151752 -0.04564 0.07575 -0.706586 -0.704735 -0.138528 0.693331 -0.708426 77.dat
1 16 -1.2763 -779.2661 27.9571 0.987644 0.151752 -0.045383 0.075934 -0.706586 -0.704715 -0.138343 0.693331 -0.708463 77.dat
1 16 -1.3748 -778.7974 27.5142 0.987686 0.151251 -0.046118 0.077486 -0.718707 -0.6922 -0.137177 0.680866 -0.720651 77.dat
1 16 -1.4735 -778.3333 27.0667 0.987686 0.15143 -0.045517 0.077197 -0.714522 -0.696544 -0.137336 0.685218 -0.716491 77.dat
1 16 -1.6099 -777.6895 26.4493 0.987698 0.15143 -0.045259 0.077377 -0.714522 -0.696524 -0.137149 0.685218 -0.716527 77.dat
1 16 -1.708 -777.2135 26.0143 0.987772 0.150648 -0.046229 0.079203 -0.729775 -0.680345 -0.135567 0.669122 -0.731848 77.dat
1 16 -1.8065 -776.7455 25.5706 0.987751 0.151057 -0.045349 0.07855 -0.72203 -0.688619 -0.136101 0.677383 -0.724122 77.dat
1 16 -1.9048 -776.2737 25.1311 0.987774 0.150927 -0.045267 0.078957 -0.724249 -0.686243 -0.135695 0.67504 -0.72638 77.dat
1 16 -2.0028 -775.7974 24.6964 0.987813 0.150633 -0.045396 0.079634 -0.72913 -0.680986 -0.135018 0.669829 -0.731305 77.dat
1 16 -2.1386 -775.1404 24.0929 0.987825 0.150633 -0.04514 0.07981 -0.72913 -0.680965 -0.134828 0.669829 -0.73134 77.dat
1 16 -2.2364 -774.6617 23.6609 0.987877 0.150247 -0.045312 0.08052 -0.734662 -0.674921 -0.134033 0.663843 -0.736912 77.dat
1 16 -2.3342 -774.1821 23.2297 0.987897 0.150161 -0.045148 0.080807 -0.735845 -0.673598 -0.133711 0.662549 -0.738131 77.dat
1 16 -2.432 -773.7029 22.7982 0.987908 0.150161 -0.044894 0.08098 -0.735845 -0.673578 -0.133522 0.662549 -0.738166 77.dat
1 16 -2.5295 -773.2201 22.3707 0.987953 0.149855 -0.044926 0.081492 -0.739633 -0.669361 -0.132877 0.658387 -0.741989 77.dat
1 16 -2.6643 -772.5512 21.7802 0.987988 0.149643 -0.044866 0.081891 -0.7422 -0.66647 -0.132375 0.655539 -0.744592 77.dat
1 16 -2.7617 -772.0679 21.3533 0.988 0.149643 -0.044614 0.082061 -0.7422 -0.666449 -0.132185 0.655539 -0.744625 77.dat
1 16 -2.8588 -771.5798 20.9316 0.988065 0.149179 -0.044725 0.082634 -0.747154 -0.66083 -0.131342 0.649991 -0.749612 77.dat
1 16 -2.9558 -771.0924 20.5091 0.988087 0.149078 -0.044552 0.082887 -0.748216 -0.659598 -0.13101 0.648791 -0.750707 77.dat
1 16 -3.0529 -770.6052 20.0866 0.988099 0.149078 -0.044303 0.083054 -0.748216 -0.659577 -0.13082 0.648791 -0.75074 77.dat
1 16 -3.1866 -769.9253 19.5085 0.988187 0.148436 -0.044478 0.083652 -0.754201 -0.652661 -0.129768 0.641971 -0.756751 77.dat
1 16 -3.2833 -769.4343 19.0902 0.988195 0.148467 -0.04421 0.083795 -0.753914 -0.652975 -0.129621 0.642302 -0.756496 77.dat
1 16 -3.38 -768.9433 18.6719 0.988205 0.148467 -0.043962 0.083958 -0.753914 -0.652954 -0.129431 0.642302 -0.756528 77.dat
1 16 -3.476 -768.4462 18.2607 0.98835 0.147393 -0.044314 0.084661 -0.762659 -0.642645 -0.127865 0.632139 -0.765287 77.dat
1 16 -3.5724 -767.9526 17.8452 0.988309 0.147809 -0.04384 0.084617 -0.759309 -0.646596 -0.128208 0.636064 -0.761977 77.dat
1 16 -3.7055 -767.2685 17.2721 0.988321 0.147809 -0.043596 0.084777 -0.759309 -0.646575 -0.12802 0.636064 -0.762009 77.dat
1 16 -3.8007 -766.7664 16.8669 0.988525 0.146294 -0.044064 0.085478 -0.770175 -0.633524 -0.125967 0.623215 -0.77287 77.dat
1 16 -3.8968 -766.2702 16.4545 0.988432 0.147106 -0.043448 0.085352 -0.764421 -0.64046 -0.126776 0.630075 -0.767166 77.dat
1 16 -3.9924 -765.771 16.0457 0.988482 0.146802 -0.043331 0.085586 -0.766386 -0.63808 -0.126228 0.627752 -0.769154 77.dat
1 16 -4.0876 -765.2692 15.6402 0.98855 0.146354 -0.043271 0.085849 -0.769262 -0.63458 -0.12551 0.624329 -0.772048 77.dat
1 16 -4.2194 -764.576 15.0776 0.988561 0.146354 -0.043033 0.086002 -0.769262 -0.634559 -0.125324 0.624329 -0.772077 77.dat
1 16 -4.3142 -764.0721 14.6746 0.988668 0.14562 -0.043045 0.086258 -0.773466 -0.629404 -0.1243 0.619283 -0.776287 77.dat
1 16 -4.409 -763.568 14.2717 0.988688 0.145553 -0.042833 0.086416 -0.773847 -0.628914 -0.124039 0.618822 -0.776695 77.dat
1 16 -4.5038 -763.064 13.8687 0.988698 0.145553 -0.042599 0.086565 -0.773847 -0.628894 -0.123854 0.618822 -0.776725 77.dat
1 16 -4.5981 -762.5574 13.4688 0.98878 0.145012 -0.042521 0.086739 -0.776613 -0.625456 -0.123073 0.615474 -0.7795 77.dat
1 16 -4.7284 -761.8561 12.9161 0.988832 0.144702 -0.042376 0.086896 -0.778187 -0.623479 -0.122549 0.613555 -0.78109 77.dat
1 16 -4.8227 -761.3494 12.5165 0.988842 0.144702 -0.042147 0.087041 -0.778187 -0.623459 -0.122367 0.613555 -0.781119 77.dat
1 16 -4.9162 -760.8392 12.121 0.988958 0.14392 -0.042102 0.087151 -0.781738 -0.618993 -0.121353 0.609207 -0.784666 77.dat
1 16 -5.0098 -760.3297 11.7248 0.988984 0.143798 -0.041903 0.087286 -0.782294 -0.618274 -0.121042 0.608523 -0.785244 77.dat
1 16 -5.1035 -759.8202 11.3284 0.988993 0.143798 -0.041678 0.087427 -0.782294 -0.618254 -0.120863 0.608523 -0.785271 77.dat
1 16 -5.232 -759.1113 10.7851 0.989146 0.142748 -0.041654 0.087438 -0.786532 -0.612861 -0.119603 0.603282 -0.78949 77.dat
1 16 -5.3251 -758.5992 10.3919 0.989144 0.142837 -0.041416 0.087588 -0.786175 -0.613298 -0.119519 0.603726 -0.789164 77.dat
1 16 -5.4174 -758.0848 10.0017 0.989249 0.142135 -0.041302 0.087591 -0.788698 -0.610055 -0.118643 0.60059 -0.791679 77.dat
1 16 -5.5099 -757.571 9.6109 0.989272 0.142036 -0.041097 0.087705 -0.789058 -0.609574 -0.118368 0.600141 -0.79206 77.dat
1 16 -5.6024 -757.0571 9.22 0.989281 0.142036 -0.04088 0.087839 -0.789058 -0.609554 -0.118194 0.600141 -0.792087 77.dat
1 16 -5.7293 -756.3426 8.6837 0.989445 0.140903 -0.040803 0.087692 -0.792749 -0.604775 -0.116921 0.595523 -0.795746 77.dat
1 16 -5.8212 -755.8265 8.2955 0.98944 0.141009 -0.040577 0.087849 -0.792406 -0.605201 -0.116852 0.595955 -0.795433 77.dat
1 16 -5.913 -755.3105 7.9074 0.989448 0.141009 -0.040365 0.08798 -0.792406 -0.605183 -0.116681 0.595955 -0.795459 77.dat
1 16 -6.0035 -754.7904 7.5243 0.989728 0.139044 -0.040333 0.087505 -0.798098 -0.597741 -0.114664 0.588774 -0.801069 77.dat
1 16 -6.0948 -754.2729 7.1379 0.98962 0.139883 -0.04005 0.087892 -0.795681 -0.600892 -0.115284 0.59184 -0.798722 77.dat
1 16 -6.1859 -753.7547 6.7525 0.989631 0.139871 -0.039844 0.088014 -0.795712 -0.600833 -0.115105 0.591801 -0.798777 77.dat
1 16 -6.2759 -753.2336 6.3708 0.989804 0.138679 -0.039716 0.08771 -0.798777 -0.596805 -0.113851 0.58794 -0.801797 77.dat
1 16 -6.4008 -752.5139 5.841 0.989811 0.138679 -0.039514 0.087832 -0.798777 -0.596788 -0.113687 0.58794 -0.80182 77.dat
1 16 -6.4899 -751.9908 5.4617 0.990065 0.136894 -0.039377 0.08722 -0.802797 -0.591468 -0.111945 0.582857 -0.805759 77.dat
1 16 -6.5798 -751.4697 5.08 0.989966 0.137668 -0.039151 0.08766 -0.801057 -0.593754 -0.112468 0.585064 -0.804088 77.dat
1 16 -6.6694 -750.9479 4.699 0.989981 0.137625 -0.038955 0.087759 -0.801145 -0.593621 -0.112271 0.584956 -0.804196 77.dat
1 16 -6.7579 -750.4237 4.3211 0.99016 0.136379 -0.038782 0.087316 -0.803661 -0.590282 -0.111036 0.581785 -0.806658 77.dat
1 16 -6.8807 -749.6996 3.7969 0.990167 0.136379 -0.03859 0.087431 -0.803661 -0.590265 -0.110878 0.581785 -0.806679 77.dat
1 16 -6.969 -749.1752 3.4192 0.990281 0.135599 -0.038396 0.087165 -0.805041 -0.588424 -0.110067 0.580055 -0.808033 77.dat
1 16 -7.0567 -748.6498 3.0428 0.990377 0.134948 -0.038207 0.086956 -0.80619 -0.586883 -0.109368 0.578609 -0.809162 77.dat
1 16 -7.1445 -748.1247 2.666 0.990394 0.13488 -0.038018 0.087031 -0.806295 -0.586728 -0.109159 0.578479 -0.809283 77.dat
1 16 -7.2313 -747.598 2.2914 0.990556 0.13374 -0.037808 0.086537 -0.808028 -0.584417 -0.108079 0.576319 -0.810964 77.dat
1 16 -7.3518 -746.8699 1.7721 0.990563 0.13374 -0.037627 0.086644 -0.808028 -0.584401 -0.10793 0.576319 -0.810984 77.dat
1 16 -7.4383 -746.3428 1.3978 0.990689 0.132856 -0.037414 0.086256 -0.809206 -0.582829 -0.107077 0.574867 -0.812125 77.dat
1 16 -7.5242 -745.815 1.0244 0.990787 0.132185 -0.037212 0.085983 -0.810099 -0.58163 -0.106398 0.573763 -0.812993 77.dat
1 16 -7.6103 -745.2874 0.6507 0.990794 0.132185 -0.037036 0.086086 -0.810099 -0.581615 -0.106253 0.573763 -0.813012 77.dat
1 16 -7.6956 -744.7589 0.2782 0.990914 0.131343 -0.036818 0.085689 -0.81105 -0.580349 -0.105457 0.57261 -0.813926 77.dat
1 16 -7.813 -744.0272 -0.2366 0.991042 0.130435 -0.036601 0.085248 -0.812073 -0.578985 -0.104614 0.571366 -0.814908 77.dat
1 16 -7.8974 -743.4977 -0.6081 0.991161 0.129579 -0.036375 0.084813 -0.812865 -0.577938 -0.103829 0.570433 -0.81566 77.dat
