0 Main
0 Name: 10280 - Flower Bouquet.mpd
0 Author: LTRON
1 0 0 -790 0 0 0 -1 0 1 0 1 0 0 68013.dat
1 0 0 -790 0 0 0 1 0 1 0 -1 0 0 68013.dat
1 378 0 -798 0 0 0 1 0 1 0 -1 0 0 75937.dat
1 85 0 -806 0 0 0 1 0 1 0 -1 0 0 18674.dat
1 27 0 -834 0 0 0 1 0 1 0 -1 0 0 4733.dat
1 31 0 -842 0 0 0 1 0 1 0 -1 0 0 24866.dat
1 30 0 -824 18 0 0 1 -1 0 0 0 -1 0 32607.dat
1 30 -18 -824 0 0 1 0 -1 0 0 0 0 1 32607.dat
1 30 0 -824 -18 0 0 -1 -1 0 0 0 1 0 32607.dat
1 30 18 -824 0 0 -1 0 -1 0 0 0 0 -1 32607.dat
1 30 0 -816.658 33.024 0.707 0 0.707 -0.640542 -0.423 0.640542 0.299061 -0.906 -0.299061 32607.dat
1 85 0 -813.274 40.272 -1 0 0 0 -0.423 -0.906 0 -0.906 0.423 61252.dat
1 30 0 -809.89 47.52 0.707 0 0.707 -0.640542 -0.423 0.640542 0.299061 -0.906 -0.299061 32607.dat
1 30 0 -816.658 -33.024 -0.707 0 -0.707 -0.640542 -0.423 0.640542 -0.299061 0.906 0.299061 32607.dat
1 85 0 -813.274 -40.272 1 0 0 0 -0.423 -0.906 0 0.906 -0.423 61252.dat
1 30 0 -809.89 -47.52 -0.707 0 -0.707 -0.640542 -0.423 0.640542 -0.299061 0.906 0.299061 32607.dat
1 30 -33.024 -816.658 0 -0.299061 0.906 0.299061 -0.640542 -0.423 0.640542 0.707 0 0.707 32607.dat
1 85 -40.272 -813.274 0 0 0.906 -0.423 0 -0.423 -0.906 -1 0 0 61252.dat
1 30 -47.52 -809.89 0 -0.299061 0.906 0.299061 -0.640542 -0.423 0.640542 0.707 0 0.707 32607.dat
1 30 33.024 -816.658 0 0.299061 -0.906 -0.299061 -0.640542 -0.423 0.640542 -0.707 0 -0.707 32607.dat
1 85 40.272 -813.274 0 0 -0.906 0.423 0 -0.423 -0.906 1 0 0 61252.dat
1 30 47.52 -809.89 0 0.299061 -0.906 -0.299061 -0.640542 -0.423 0.640542 -0.707 0 -0.707 32607.dat
1 30 -33.64 -809.89 33.64 0.288456 0.641 0.711242 -0.640542 -0.423 0.640542 0.711242 -0.641 0.288456 32607.dat
1 85 -28.512 -813.274 28.512 -0.707 0.641 -0.299 0 -0.423 -0.906 -0.707 -0.641 0.299 61252.dat
1 30 33.64 -809.89 -33.64 -0.288456 -0.641 -0.711242 -0.640542 -0.423 0.640542 -0.711242 0.641 -0.288456 32607.dat
1 85 28.512 -813.274 -28.512 0.707 -0.641 0.299 0 -0.423 -0.906 0.707 0.641 -0.299 61252.dat
1 30 -32.933 -809.89 -34.347 -0.711242 0.641 -0.288456 -0.640542 -0.423 0.640542 0.288456 0.641 0.711242 32607.dat
1 85 -27.805 -813.274 -29.219 0.707 0.641 -0.299 0 -0.423 -0.906 -0.707 0.641 -0.299 61252.dat
1 30 33.64 -809.89 33.64 0.711242 -0.641 0.288456 -0.640542 -0.423 0.640542 -0.288456 -0.641 -0.711242 32607.dat
1 85 28.512 -813.274 28.512 -0.707 -0.641 0.299 0 -0.423 -0.906 0.707 -0.641 0.299 61252.dat
1 30 0 -791.592 47.246 0.707 0 0.707 -0.564893 -0.602 0.564893 0.425614 -0.799 -0.425614 32607.dat
1 85 0 -786.776 53.638 -1 0 0 0 -0.602 -0.799 0 -0.799 0.602 61252.dat
1 30 0 -781.96 60.03 0.707 0 0.707 -0.564893 -0.602 0.564893 0.425614 -0.799 -0.425614 32607.dat
1 30 0 -791.592 -47.246 -0.707 0 -0.707 -0.564893 -0.602 0.564893 -0.425614 0.799 0.425614 32607.dat
1 85 0 -786.776 -53.638 1 0 0 0 -0.602 -0.799 0 0.799 -0.602 61252.dat
1 30 0 -781.96 -60.03 -0.707 0 -0.707 -0.564893 -0.602 0.564893 -0.425614 0.799 0.425614 32607.dat
1 30 -47.246 -791.592 0 -0.425614 0.799 0.425614 -0.564893 -0.602 0.564893 0.707 0 0.707 32607.dat
1 85 -53.638 -786.776 0 0 0.799 -0.602 0 -0.602 -0.799 -1 0 0 61252.dat
1 30 -60.03 -781.96 0 -0.425614 0.799 0.425614 -0.564893 -0.602 0.564893 0.707 0 0.707 32607.dat
1 30 47.246 -791.592 0 0.425614 -0.799 -0.425614 -0.564893 -0.602 0.564893 -0.707 0 -0.707 32607.dat
1 85 53.638 -786.776 0 0 -0.799 0.602 0 -0.602 -0.799 1 0 0 61252.dat
1 30 60.03 -781.96 0 0.425614 -0.799 -0.425614 -0.564893 -0.602 0.564893 -0.707 0 -0.707 32607.dat
1 30 34.44 -781.96 49.172 0.823655 -0.457 0.334411 -0.564893 -0.602 0.564893 -0.05656 -0.654 -0.753662 32607.dat
1 85 30.784 -786.776 43.94 -0.819 -0.457 0.346 0 -0.602 -0.799 0.573 -0.654 0.493 61252.dat
1 30 -34.36 -781.96 -49.095 -0.821534 0.459 -0.336532 -0.564893 -0.604 0.566307 0.057267 0.654 0.752955 32607.dat
1 85 -30.688 -786.792 -43.863 0.819 0.459 -0.343 -0.001 -0.604 -0.8 -0.573 0.654 -0.492 61252.dat
1 30 -49.121 -781.96 34.406 0.057974 0.656 0.752248 -0.566307 -0.604 0.564893 0.822948 -0.457 0.335118 32607.dat
1 85 -43.873 -786.792 30.75 -0.573 0.656 -0.491 0.001 -0.604 -0.8 -0.819 -0.457 0.345 61252.dat
1 30 49.211 -781.99 -34.339 -0.055146 -0.653 -0.755076 -0.5656 -0.603 0.567014 -0.822241 0.458 -0.335825 32607.dat
1 85 43.987 -786.814 -30.675 0.573 -0.653 0.495 -0.001 -0.603 -0.801 0.819 0.458 -0.344 61252.dat
1 30 55.449 -779.1 25.878 0.751541 -0.64 -0.154833 -0.50197 -0.708 0.500556 -0.429149 -0.299 -0.851935 32607.dat
1 85 50.329 -784.764 23.486 -0.422 -0.64 0.641 0.001 -0.708 -0.709 0.906 -0.299 0.299 61252.dat
1 30 -55.445 -779.07 -25.913 -0.750834 0.641 0.154126 -0.499849 -0.709 0.501263 0.428442 0.299 0.852642 32607.dat
1 85 -50.317 -784.742 -23.521 0.422 0.641 -0.64 -0.001 -0.709 -0.708 -0.906 0.299 -0.3 61252.dat
1 30 -25.834 -779.08 55.439 0.429856 0.299 0.851228 -0.501263 -0.708 0.499849 0.751541 -0.641 -0.153419 32607.dat
1 85 -23.442 -784.744 50.311 -0.906 0.299 -0.298 0.001 -0.708 -0.708 -0.423 -0.641 0.64 61252.dat
1 30 25.837 -779.1 -55.464 -0.429149 -0.298 -0.851935 -0.500556 -0.708 0.50197 -0.752248 0.64 0.154126 32607.dat
1 85 23.453 -784.764 -50.344 0.906 -0.298 0.299 -0.001 -0.708 -0.709 0.423 0.64 -0.641 61252.dat
1 288 0 -150 0 0 1 0 0 0 -1 -1 0 0 26287.dat
1 4 0 -120 0 0 0 1 1 0 0 0 1 0 32062.dat
1 288 0 -90 0 0 1 0 0 0 -1 -1 0 0 26287.dat
1 4 0 -60 0 0 0 1 1 0 0 0 1 0 32062.dat
1 288 0 -30 0 0 1 0 0 0 -1 -1 0 0 26287.dat
1 2 140.665 -739.889 0 0 -0.383 0.924 0 0.924 0.383 -1 0 0 3941.dat
1 14 146.733 -780.672 0 0 -0.383 0.924 0 0.924 0.383 -1 0 0 67329.dat
1 14 165.211 -773.018 0 0 -0.383 -0.924 0 0.924 -0.383 1 0 0 67329.dat
1 14 159.034 -784.236 0 0 -0.383 -0.924 0 0.924 -0.383 1 0 0 3022.dat
1 297 152.856 -795.454 -10 0 -0.383 -0.924 0 0.924 -0.383 1 0 0 20482.dat
1 297 152.856 -795.454 10 0 -0.383 -0.924 0 0.924 -0.383 1 0 0 20482.dat
1 297 171.334 -787.8 10 0 -0.383 -0.924 0 0.924 -0.383 1 0 0 20482.dat
1 297 171.334 -787.8 -10 0 -0.383 -0.924 0 0.924 -0.383 1 0 0 20482.dat
1 14 185.668 -775.368 0 0 -0.924 -0.383 0 -0.383 0.924 -1 0 0 11476.dat
1 25 192.792 -750.76 -10 0 -0.924 0.383 0 -0.383 -0.924 1 0 0 50950.dat
1 25 192.792 -750.76 10 0 -0.924 0.383 0 -0.383 -0.924 1 0 0 50950.dat
1 14 133.93 -796.799 0 0 0.924 -0.383 0 0.383 0.924 1 0 0 11476.dat
1 25 111.486 -784.447 10 0 0.924 0.383 0 0.383 -0.924 -1 0 0 50950.dat
1 25 111.486 -784.447 -10 0 0.924 0.383 0 0.383 -0.924 -1 0 0 50950.dat
1 14 159.799 -786.083 -28 -0.924 0 -0.383 -0.383 0 0.924 0 1 0 11476.dat
1 25 152.139 -767.603 -44 0.924 0 0.383 0.383 0 -0.924 0 1 0 64225.dat
1 14 159.799 -786.083 28 0.924 0 -0.383 0.383 0 0.924 0 -1 0 11476.dat
1 25 152.139 -767.603 44 -0.924 0 0.383 -0.383 0 -0.924 0 -1 0 64225.dat
1 14 164.337 -823.17 -10 0.653 -0.383 -0.653 0.271 0.924 -0.271 0.707 0 0.707 11090.dat
1 14 182.814 -815.516 10 0.653 -0.383 -0.653 0.271 0.924 -0.271 0.707 0 0.707 11090.dat
1 14 182.814 -815.516 -10 0.653 -0.383 0.653 0.271 0.924 0.271 -0.707 0 0.707 11090.dat
1 14 164.337 -823.17 10 0.653 -0.383 0.653 0.271 0.924 0.271 -0.707 0 0.707 11090.dat
1 25 173.415 -818.927 -38.726 -0.924 -0.271 0.271 -0.383 0.653 -0.653 0 -0.707 -0.707 2540.dat
1 25 171.247 -813.703 -44.382 0.924 -0.271 -0.271 0.383 0.653 0.653 0 -0.707 0.707 93604.dat
1 25 173.415 -818.927 38.726 0.924 -0.271 0.271 0.383 0.653 -0.653 0 0.707 0.707 2540.dat
1 25 171.247 -813.703 44.382 -0.924 -0.271 -0.271 -0.383 0.653 0.653 0 0.707 -0.707 93604.dat
1 25 137.62 -833.757 0 0 -0.924 -0.383 0 0.383 -0.924 1 0 0 2540.dat
1 25 130.228 -830.693 0 0 -0.924 0.383 0 0.383 0.924 -1 0 0 93604.dat
1 25 209.188 -804.119 0 0 0.383 0.924 0 0.924 -0.383 -1 0 0 2540.dat
1 25 212.252 -796.727 0 0 0.383 -0.924 0 0.924 0.383 1 0 0 93604.dat
1 288 120 -690 0 0 -1 0 0 0 -1 1 0 0 32016.dat
1 4 131.481 -717.716 0 0.383 -0.924 0 -0.924 -0.383 0 0 0 -1 32062.dat
1 288 120 -30 0 0 -1 0 0 0 1 -1 0 0 26287.dat
1 288 -202.268 -725.641 0 0 -0.866 0.5 0 0.5 0.866 -1 0 0 32803.dat
1 2 -192.268 -708.321 0 0 -0.866 -0.5 0 0.5 -0.866 1 0 0 60470.dat
1 288 -195.34 -729.641 0 0.5 -0.866 0 0.866 0.5 0 0 0 1 3021.dat
1 288 -223.412 -794.263 0 0.5 -0.866 0 0.866 0.5 0 0 0 1 3034.dat
1 27 -196.484 -763.623 0 0.5 -0.866 0 0.866 0.5 0 0 0 1 3022.dat
1 27 -236.484 -832.903 0 0.5 -0.866 0 0.866 0.5 0 0 0 1 3022.dat
1 378 -164.555 -724.321 0 0 -0.866 -0.5 0 0.5 -0.866 1 0 0 64225.dat
1 378 -199.555 -784.942 0 0 -0.866 0.5 0 0.5 0.866 -1 0 0 45301.dat
1 288 -273.412 -880.865 0 0.5 -0.866 0 0.866 0.5 0 0 0 1 15573.dat
1 288 -293.412 -915.506 0 0.5 -0.866 0 0.866 0.5 0 0 0 1 15573.dat
1 378 -345.34 -989.449 0 0 -0.866 0.5 0 0.5 0.866 -1 0 0 90397.dat
1 0 -200 -650 0 0 -1 0 -1 0 0 0 0 -1 32054.dat
1 0 -190 -660 0 0 -1 0 -1 0 0 0 0 -1 2817.dat
1 2 -182 -670 0 0 -1 0 0 0 1 -1 0 0 48336.dat
1 378 -190 -660 0 0 -1 0 0 0 -1 1 0 0 15068.dat
1 288 90 -725.641 102.268 -1 0 0 0 0.5 0.866 0 0.866 -0.5 32803.dat
1 2 90 -708.321 92.268 1 0 0 0 0.5 -0.866 0 0.866 0.5 60470.dat
1 288 90 -729.641 95.34 0 0 1 0.866 0.5 0 -0.5 0.866 0 3021.dat
1 288 90 -794.263 123.412 0 0 1 0.866 0.5 0 -0.5 0.866 0 3034.dat
1 27 90 -763.623 96.484 0 0 1 0.866 0.5 0 -0.5 0.866 0 3022.dat
1 27 90 -832.903 136.484 0 0 1 0.866 0.5 0 -0.5 0.866 0 3022.dat
1 378 90 -724.321 64.555 1 0 0 0 0.5 -0.866 0 0.866 0.5 64225.dat
1 378 90 -784.942 99.555 -1 0 0 0 0.5 0.866 0 0.866 -0.5 45301.dat
1 288 90 -880.865 173.412 0 0 1 0.866 0.5 0 -0.5 0.866 0 15573.dat
1 288 90 -915.506 193.412 0 0 1 0.866 0.5 0 -0.5 0.866 0 15573.dat
1 378 90 -989.449 245.34 -1 0 0 0 0.5 0.866 0 0.866 -0.5 90397.dat
1 0 90 -650 100 0 0 -1 -1 0 0 0 1 0 32054.dat
1 0 90 -660 90 0 0 -1 -1 0 0 0 1 0 2817.dat
1 2 90 -670 82 -1 0 0 0 0 1 0 1 0 48336.dat
1 378 90 -660 90 1 0 0 0 0 -1 0 1 0 15068.dat
1 288 -111.6035 -725.641 111.6035 -0.707 -0.612262 0.3535 0 0.5 0.866 -0.707 0.612262 -0.3535 32803.dat
1 2 -104.5335 -708.321 104.5335 0.707 -0.612262 -0.3535 0 0.5 -0.866 0.707 0.612262 0.3535 60470.dat
1 288 -106.7054 -729.641 106.7054 0.3535 -0.612262 0.707 0.866 0.5 0 -0.3535 0.612262 0.707 3021.dat
1 288 -126.5523 -794.263 126.5523 0.3535 -0.612262 0.707 0.866 0.5 0 -0.3535 0.612262 0.707 3034.dat
1 27 -107.5142 -763.623 107.5142 0.3535 -0.612262 0.707 0.866 0.5 0 -0.3535 0.612262 0.707 3022.dat
1 27 -135.7942 -832.903 135.7942 0.3535 -0.612262 0.707 0.866 0.5 0 -0.3535 0.612262 0.707 3022.dat
1 378 -84.9404 -724.321 84.9404 0.707 -0.612262 -0.3535 0 0.5 -0.866 0.707 0.612262 0.3535 64225.dat
1 378 -109.6854 -784.942 109.6854 -0.707 -0.612262 0.3535 0 0.5 0.866 -0.707 0.612262 -0.3535 45301.dat
1 288 -161.9023 -880.865 161.9023 0.3535 -0.612262 0.707 0.866 0.5 0 -0.3535 0.612262 0.707 15573.dat
1 288 -176.0423 -915.506 176.0423 0.3535 -0.612262 0.707 0.866 0.5 0 -0.3535 0.612262 0.707 15573.dat
1 378 -212.7554 -989.449 212.7554 -0.707 -0.612262 0.3535 0 0.5 0.866 -0.707 0.612262 -0.3535 90397.dat
1 0 -110 -650 110 0 -0.707 -0.707 -1 0 0 0 0.707 -0.707 32054.dat
1 0 -102.93 -660 102.93 0 -0.707 -0.707 -1 0 0 0 0.707 -0.707 2817.dat
1 2 -97.274 -670 97.274 -0.707 -0.707 0 0 0 1 -0.707 0.707 0 48336.dat
1 378 -102.93 -660 102.93 0.707 -0.707 0 0 0 -1 0.707 0.707 0 15068.dat
1 0 90 -870 50 0 1 0 -1 0 0 0 0 1 32054.dat
1 0 90 -870 50 1 0 0 0 1 0 0 0 1 90202.dat
1 0 70.346 -839.934 50 -0.078 0.997 0 -0.997 -0.078 0 0 0 1 60478.dat
1 70 61.59 -849.28 50 0 0.997 -0.078 0 -0.078 -0.997 -1 0 0 15712.dat
1 0 109.654 -839.934 50 0.078 -0.997 0 -0.997 -0.078 0 0 0 -1 60478.dat
1 70 118.41 -849.28 50 0 -0.997 0.078 0 -0.078 -0.997 1 0 0 15712.dat
1 0 90 -839.934 69.654 0 0 1 -0.997 -0.078 0 0.078 -0.997 0 60478.dat
1 70 90 -849.28 78.41 -1 0 0 0 -0.078 -0.997 0 -0.997 0.078 15712.dat
1 0 90 -839.934 30.346 0 0 -1 -0.997 -0.078 0 -0.078 0.997 0 60478.dat
1 70 90 -849.28 21.59 1 0 0 0 -0.078 -0.997 0 0.997 -0.078 15712.dat
1 297 127.991 -894.665 50 -0.705 -0.078 -0.705 -0.055 0.997 -0.055 0.707 0 -0.707 32607.dat
1 70 129.863 -918.593 50 0 -0.078 0.99687 0 0.997 0.07777 -0.999698 0 0 24855.dat
1 70 130.799 -930.557 50 -0.817095 -0.078 0.571755 -0.063745 0.997 0.044605 -0.573377 0 -0.819413 24855.dat
1 31 109.7192 -952.3334 48.0126 -0.700056 0.505758 0.504606 0.443919 0.860983 -0.248519 -0.559944 0.04949 -0.82719 24866.dat
1 31 143.4993 -953.8057 73.2596 -0.814029 -0.305697 0.494238 -0.501854 0.797678 -0.333587 -0.291991 -0.519645 -0.803152 24866.dat
1 31 150.0284 -931.8103 50 -0.705018 -0.636342 0.313176 -0.580618 0.771883 0.258151 -0.405818 0 -0.913444 24866.dat
1 31 118.9521 -943.6838 72.2253 -0.827136 0.222348 0.516261 -0.107661 0.838873 -0.533489 -0.55146 -0.496314 -0.669529 24866.dat
1 31 120.0624 -939.4895 30.2577 -0.665649 0.222348 0.712884 0.502776 0.838873 0.208084 -0.552167 0.496314 -0.670236 24866.dat
1 31 142.8555 -944.4069 34.3795 -0.727134 -0.391707 0.563718 0.046591 0.790968 0.609718 -0.684376 0.470155 -0.557116 24866.dat
1 70 128.303 -898.653 50 -0.705 -0.078 -0.705 -0.055 0.997 -0.055 0.707 0 -0.707 30374.dat
1 297 90 -894.665 12.009 -0.705 0 -0.709 -0.056 0.997 0.055 0.707 0.078 -0.703 32607.dat
1 70 90 -918.593 10.137 -0.002828 0 0.999698 0.078477 0.997 0.000707 -0.99687 0.078 -0.002828 24855.dat
1 70 90 -930.557 9.201 -0.821035 0 0.571059 0.044431 0.997 0.06473 -0.569437 0.078 -0.818717 24855.dat
1 31 67.2848 -950.4268 5.718 -0.66475 0.571396 0.481248 0.538996 0.813062 -0.220862 -0.517718 0.111616 -0.848604 24866.dat
1 31 100.9119 -956.4677 30.4792 -0.851347 -0.243971 0.464348 -0.413369 0.857164 -0.306509 -0.322845 -0.453607 -0.831138 24866.dat
1 31 109.0692 -933.2803 8.9329 -0.749154 -0.574084 0.329706 -0.4911 0.816137 0.304242 -0.443426 0.065506 -0.893626 24866.dat
1 31 77.2308 -944.4393 30.4508 -0.834406 0.285638 0.471089 -0.00017 0.855707 -0.517391 -0.550898 -0.43184 -0.713589 24866.dat
1 31 78.5459 -937.0611 -11.0826 -0.625843 0.288446 0.7249 0.594245 0.777785 0.204672 -0.505705 0.55798 -0.65854 24866.dat
1 31 100.8931 -944.0238 -7.5563 -0.723076 -0.327425 0.607858 0.155905 0.779403 0.606473 -0.672366 0.533637 -0.513272 24866.dat
1 70 90 -898.653 11.697 -0.705 0 -0.709 -0.056 0.997 0.055 0.707 0.078 -0.703 30374.dat
1 297 52.009 -894.665 50 -0.701 0.078 -0.709 0.055 0.997 0.056 0.711 0 -0.703 32607.dat
1 70 50.137 -918.593 50 -0.005656 0.078 0.99687 0.000707 0.997 -0.078477 -0.999698 0 -0.005656 24855.dat
1 70 49.201 -930.557 50 -0.820339 0.078 0.567119 0.06473 0.997 -0.044431 -0.568741 0 -0.822657 24855.dat
1 31 24.979 -948.7827 48.1411 -0.625692 0.633802 0.455154 0.547964 0.771664 -0.323516 -0.556192 0.046258 -0.829926 24866.dat
1 31 58.2631 -955.5174 73.1982 -0.883853 -0.180873 0.431818 -0.368716 0.835947 -0.405949 -0.287179 -0.518273 -0.805792 24866.dat
1 31 68.0022 -934.7907 49.8921 -0.789058 -0.508578 0.344356 -0.463422 0.861609 0.206862 -0.401586 0.003248 -0.915324 24866.dat
1 31 35.5821 -941.6939 72.2979 -0.836964 0.347304 0.423241 0.022898 0.794361 -0.60694 -0.546748 -0.497938 -0.672205 24866.dat
1 31 37.0938 -937.694 30.3222 -0.582505 0.35292 0.732804 0.600738 0.793659 0.094964 -0.548635 0.49469 -0.674348 24866.dat
1 31 58.8689 -946.1053 34.3177 -0.714938 -0.261283 0.64855 0.159785 0.842018 0.514861 -0.680296 0.472015 -0.560564 24866.dat
1 70 51.697 -898.653 50 -0.701 0.078 -0.709 0.055 0.997 0.056 0.711 0 -0.703 30374.dat
1 297 90 -894.665 87.991 -0.701 0 -0.714 0.056 0.997 -0.055 0.711 -0.078 -0.698 32607.dat
1 70 90 -918.593 89.863 -0.009191 0 1.000405 -0.078477 0.997 -0.000707 -0.996163 -0.078 -0.009191 24855.dat
1 70 90 -930.557 90.799 -0.825264 0 0.566249 -0.044431 0.997 -0.06473 -0.563816 -0.078 -0.821787 24855.dat
1 31 67.2561 -950.7067 90.5929 -0.668783 0.572115 0.476325 0.452022 0.820024 -0.351416 -0.590633 -0.019819 -0.806325 24866.dat
1 31 101.0676 -952.8313 115.7615 -0.853807 -0.24745 0.459566 -0.458009 0.775922 -0.433265 -0.249053 -0.57946 -0.775664 24866.dat
1 31 109.0827 -933.3073 90.8378 -0.752266 -0.57449 0.324127 -0.553756 0.816949 0.16036 -0.356634 -0.058604 -0.931443 24866.dat
1 31 77.3632 -940.9317 114.0125 -0.838505 0.282682 0.467162 -0.085572 0.777379 -0.623177 -0.538499 -0.56108 -0.626894 24866.dat
1 31 78.4122 -940.1445 71.8608 -0.629799 0.291808 0.721148 0.508437 0.855301 0.098416 -0.587609 0.428038 -0.686404 24866.dat
1 31 100.8014 -946.4917 76.2833 -0.727942 -0.324665 0.604743 0.049477 0.853683 0.518143 -0.68336 0.407633 -0.604741 24866.dat
1 70 90 -898.653 88.303 -0.701 0 -0.714 0.056 0.997 -0.055 0.711 -0.078 -0.698 30374.dat
1 297 90 -998.344 96.15 -0.701 0 -0.714 0.056 0.997 -0.055 0.711 -0.078 -0.698 32607.dat
1 70 90 -1022.272 98.022 -0.009191 0 1.000405 -0.078477 0.997 -0.000707 -0.996163 -0.078 -0.009191 24855.dat
1 70 90 -1034.236 98.958 -0.825264 0 0.566249 -0.044431 0.997 -0.06473 -0.563816 -0.078 -0.821787 24855.dat
1 31 67.2561 -1054.3857 98.7519 -0.668783 0.572115 0.476325 0.452022 0.820024 -0.351416 -0.590633 -0.019819 -0.806325 24866.dat
1 31 101.0676 -1056.5103 123.9205 -0.853807 -0.24745 0.459566 -0.458009 0.775922 -0.433265 -0.249053 -0.57946 -0.775664 24866.dat
1 31 109.0827 -1036.9862 98.9968 -0.752266 -0.57449 0.324127 -0.553756 0.816949 0.16036 -0.356634 -0.058604 -0.931443 24866.dat
1 31 77.3632 -1044.6107 122.1715 -0.838505 0.282682 0.467162 -0.085572 0.777379 -0.623177 -0.538499 -0.56108 -0.626894 24866.dat
1 31 78.4122 -1043.8235 80.0198 -0.629799 0.291808 0.721148 0.508437 0.855301 0.098416 -0.587609 0.428038 -0.686404 24866.dat
1 31 100.8014 -1050.1708 84.4423 -0.727942 -0.324665 0.604743 0.049477 0.853683 0.518143 -0.68336 0.407633 -0.604741 24866.dat
1 70 90 -1002.332 96.462 -0.701 0 -0.714 0.056 0.997 -0.055 0.711 -0.078 -0.698 30374.dat
1 297 136.15 -998.344 50 -0.705 -0.078 -0.705 -0.055 0.997 -0.055 0.707 0 -0.707 32607.dat
1 70 138.022 -1022.272 50 0 -0.078 0.99687 0 0.997 0.07777 -0.999698 0 0 24855.dat
1 70 138.958 -1034.236 50 -0.817095 -0.078 0.571755 -0.063745 0.997 0.044605 -0.573377 0 -0.819413 24855.dat
1 31 117.8782 -1056.0125 48.0126 -0.700056 0.505758 0.504606 0.443919 0.860983 -0.248519 -0.559944 0.04949 -0.82719 24866.dat
1 31 151.6583 -1057.4847 73.2596 -0.814029 -0.305697 0.494238 -0.501854 0.797678 -0.333587 -0.291991 -0.519645 -0.803152 24866.dat
1 31 158.1874 -1035.4893 50 -0.705018 -0.636342 0.313176 -0.580618 0.771883 0.258151 -0.405818 0 -0.913444 24866.dat
1 31 127.1111 -1047.3628 72.2253 -0.827136 0.222348 0.516261 -0.107661 0.838873 -0.533489 -0.55146 -0.496314 -0.669529 24866.dat
1 31 128.2215 -1043.1685 30.2577 -0.665649 0.222348 0.712884 0.502776 0.838873 0.208084 -0.552167 0.496314 -0.670236 24866.dat
1 31 151.0145 -1048.0859 34.3795 -0.727134 -0.391707 0.563718 0.046591 0.790968 0.609718 -0.684376 0.470155 -0.557116 24866.dat
1 70 136.462 -1002.332 50 -0.705 -0.078 -0.705 -0.055 0.997 -0.055 0.707 0 -0.707 30374.dat
1 297 144.31 -1102.0229 50 -0.705 -0.078 -0.705 -0.055 0.997 -0.055 0.707 0 -0.707 32607.dat
1 70 146.182 -1125.951 50 0 -0.078 0.99687 0 0.997 0.07777 -0.999698 0 0 24855.dat
1 70 147.118 -1137.915 50 -0.817095 -0.078 0.571755 -0.063745 0.997 0.044605 -0.573377 0 -0.819413 24855.dat
1 31 126.0382 -1159.6914 48.0126 -0.700056 0.505758 0.504606 0.443919 0.860983 -0.248519 -0.559944 0.04949 -0.82719 24866.dat
1 31 159.8183 -1161.1637 73.2596 -0.814029 -0.305697 0.494238 -0.501854 0.797678 -0.333587 -0.291991 -0.519645 -0.803152 24866.dat
1 31 166.3474 -1139.1683 50 -0.705018 -0.636342 0.313176 -0.580618 0.771883 0.258151 -0.405818 0 -0.913444 24866.dat
1 31 135.2711 -1151.0417 72.2253 -0.827136 0.222348 0.516261 -0.107661 0.838873 -0.533489 -0.55146 -0.496314 -0.669529 24866.dat
1 31 136.3815 -1146.8475 30.2577 -0.665649 0.222348 0.712884 0.502776 0.838873 0.208084 -0.552167 0.496314 -0.670236 24866.dat
1 31 159.1745 -1151.7649 34.3795 -0.727134 -0.391707 0.563718 0.046591 0.790968 0.609718 -0.684376 0.470155 -0.557116 24866.dat
1 70 144.622 -1106.011 50 -0.705 -0.078 -0.705 -0.055 0.997 -0.055 0.707 0 -0.707 30374.dat
1 297 43.85 -998.344 50 -0.701 0.078 -0.709 0.055 0.997 0.056 0.711 0 -0.703 32607.dat
1 70 41.978 -1022.272 50 -0.005656 0.078 0.99687 0.000707 0.997 -0.078477 -0.999698 0 -0.005656 24855.dat
1 70 41.042 -1034.236 50 -0.820339 0.078 0.567119 0.06473 0.997 -0.044431 -0.568741 0 -0.822657 24855.dat
1 31 16.82 -1052.4617 48.1411 -0.625692 0.633802 0.455154 0.547964 0.771664 -0.323516 -0.556192 0.046258 -0.829926 24866.dat
1 31 50.1041 -1059.1964 73.1982 -0.883853 -0.180873 0.431818 -0.368716 0.835947 -0.405949 -0.287179 -0.518273 -0.805792 24866.dat
1 31 59.8432 -1038.4697 49.8921 -0.789058 -0.508578 0.344356 -0.463422 0.861609 0.206862 -0.401586 0.003248 -0.915324 24866.dat
1 31 27.4231 -1045.3729 72.2979 -0.836964 0.347304 0.423241 0.022898 0.794361 -0.60694 -0.546748 -0.497938 -0.672205 24866.dat
1 31 28.9348 -1041.373 30.3222 -0.582505 0.35292 0.732804 0.600738 0.793659 0.094964 -0.548635 0.49469 -0.674348 24866.dat
1 31 50.7099 -1049.7843 34.3177 -0.714938 -0.261283 0.64855 0.159785 0.842018 0.514861 -0.680296 0.472015 -0.560564 24866.dat
1 70 43.538 -1002.332 50 -0.701 0.078 -0.709 0.055 0.997 0.056 0.711 0 -0.703 30374.dat
1 297 35.69 -1102.0229 50 -0.701 0.078 -0.709 0.055 0.997 0.056 0.711 0 -0.703 32607.dat
1 70 33.818 -1125.951 50 -0.005656 0.078 0.99687 0.000707 0.997 -0.078477 -0.999698 0 -0.005656 24855.dat
1 70 32.882 -1137.915 50 -0.820339 0.078 0.567119 0.06473 0.997 -0.044431 -0.568741 0 -0.822657 24855.dat
1 31 8.66 -1156.1406 48.1411 -0.625692 0.633802 0.455154 0.547964 0.771664 -0.323516 -0.556192 0.046258 -0.829926 24866.dat
1 31 41.9441 -1162.8754 73.1982 -0.883853 -0.180873 0.431818 -0.368716 0.835947 -0.405949 -0.287179 -0.518273 -0.805792 24866.dat
1 31 51.6832 -1142.1487 49.8921 -0.789058 -0.508578 0.344356 -0.463422 0.861609 0.206862 -0.401586 0.003248 -0.915324 24866.dat
1 31 19.2631 -1149.0519 72.2979 -0.836964 0.347304 0.423241 0.022898 0.794361 -0.60694 -0.546748 -0.497938 -0.672205 24866.dat
1 31 20.7748 -1145.052 30.3222 -0.582505 0.35292 0.732804 0.600738 0.793659 0.094964 -0.548635 0.49469 -0.674348 24866.dat
1 31 42.5499 -1153.4633 34.3177 -0.714938 -0.261283 0.64855 0.159785 0.842018 0.514861 -0.680296 0.472015 -0.560564 24866.dat
1 70 35.378 -1106.011 50 -0.701 0.078 -0.709 0.055 0.997 0.056 0.711 0 -0.703 30374.dat
1 288 90 -210 50 1 0 0 0 0 -1 0 1 0 26287.dat
1 4 90 -180 50 0 -1 0 1 0 0 0 0 1 32062.dat
1 288 90 -150 50 1 0 0 0 0 -1 0 1 0 26287.dat
1 4 90 -120 50 0 -1 0 1 0 0 0 0 1 32062.dat
1 288 90 -90 50 1 0 0 0 0 -1 0 1 0 26287.dat
1 4 90 -60 50 0 -1 0 1 0 0 0 0 1 32062.dat
1 288 90 -30 50 1 0 0 0 0 -1 0 1 0 26287.dat
1 288 90 -510 -50 0 1 0 0 0 -1 -1 0 0 26287.dat
1 71 90 -550 -50 0 1 0 1 0 0 0 0 -1 4519.dat
1 0 90 -550 -50 0 0 1 1 0 0 0 1 0 10197.dat
1 288 90 -590 -50 1 0 0 0 0 -1 0 1 0 32016.dat
1 4 90 -617.716 -61.481 0 0 -1 -0.924 -0.383 0 -0.383 0.924 0 32062.dat
1 72 70 -550 -50 0 0 1 -1 0 0 0 -1 0 32039.dat
1 72 90 -550 -70 0 1 0 -1 0 0 0 0 1 32039.dat
1 288 90 -645.433 -72.961 1 0 0 0 -0.383 -0.924 0 0.924 -0.383 32016.dat
1 2 80 -590 -50 0 -1 0 1 0 0 0 0 1 24866.dat
1 2 100 -645.433 -72.961 0 1 0 1 0 0 0 0 -1 24866.dat
1 4 90 -480 -50 0 1 0 1 0 0 0 0 -1 32062.dat
1 288 90 -450 -50 -1 0 0 0 0 -1 0 -1 0 26287.dat
1 4 90 -420 -50 0 1 0 1 0 0 0 0 -1 32062.dat
1 288 90 -390 -50 -1 0 0 0 0 -1 0 -1 0 26287.dat
1 4 90 -360 -50 0 1 0 1 0 0 0 0 -1 32062.dat
1 288 90 -330 -50 -1 0 0 0 0 -1 0 -1 0 26287.dat
1 4 90 -300 -50 0 1 0 1 0 0 0 0 -1 32062.dat
1 288 90 -270 -50 -1 0 0 0 0 -1 0 -1 0 26287.dat
1 4 90 -60 -50 0 1 0 1 0 0 0 0 -1 32062.dat
1 288 90 -30 -50 -1 0 0 0 0 -1 0 -1 0 26287.dat
1 4 90 -120 -50 0 1 0 1 0 0 0 0 -1 32062.dat
1 288 90 -90 -50 -1 0 0 0 0 -1 0 -1 0 26287.dat
1 4 90 -180 -50 0 1 0 1 0 0 0 0 -1 32062.dat
1 288 90 -150 -50 -1 0 0 0 0 -1 0 -1 0 26287.dat
1 4 90 -240 -50 0 1 0 1 0 0 0 0 -1 32062.dat
1 288 90 -210 -50 -1 0 0 0 0 -1 0 -1 0 26287.dat
1 288 90 -674.424 -101.952 0 0 1 0.707 0.707 0 -0.707 0.707 0 85861.dat
1 378 90 -680.08 -107.608 0 0 1 0.707 0.707 0 -0.707 0.707 0 75937.dat
1 27 90 -697.048 -124.576 0 0 1 0.707 0.707 0 -0.707 0.707 0 3062.dat
1 70 90 -666.647 -94.175 0 0 1 0.707 0.707 0 -0.707 0.707 0 63965.dat
1 378 90 -702.704 -130.232 0 0 1 0.707 0.707 0 -0.707 0.707 0 75937.dat
1 27 90 -719.672 -147.2 0 0 1 0.707 0.707 0 -0.707 0.707 0 3062.dat
1 378 90 -725.328 -152.856 0 0 1 0.707 0.707 0 -0.707 0.707 0 75937.dat
1 27 90 -739.468 -166.996 0 -1 0 0.707 0 0.707 -0.707 0 0.707 59443.dat
1 70 90 -753.608 -181.136 0 0 1 0.707 0.707 0 -0.707 0.707 0 63965.dat
1 378 90 -762.092 -189.62 0 0 1 0.707 0.707 0 -0.707 0.707 0 98284.dat
1 27 90 -779.06 -206.588 0 0 1 0.707 0.707 0 -0.707 0.707 0 3062.dat
1 29 60 -766.334 -193.862 0 0 -1 0.707 -0.707 0 -0.707 -0.707 0 59900.dat
1 29 120 -764.92 -192.448 0 0 -1 0.707 -0.707 0 -0.707 -0.707 0 59900.dat
1 29 90 -743.71 -213.658 0 0 -1 0.707 -0.707 0 -0.707 -0.707 0 59900.dat
1 29 90 -786.13 -171.238 0 0 -1 0.707 -0.707 0 -0.707 -0.707 0 59900.dat
1 378 90 -784.716 -212.244 0.707 0 0.707 0.499849 0.707 -0.499849 -0.499849 0.707 0.499849 98284.dat
1 27 90 -801.684 -229.212 0.707 0 0.707 0.499849 0.707 -0.499849 -0.499849 0.707 0.499849 3062.dat
1 29 68.79 -773.9625 -231.4815 0.707 0 -0.707 0.499849 -0.707 0.499849 -0.499849 -0.707 -0.499849 59900.dat
1 29 111.21 -802.5395 -200.0765 0.707 0 -0.707 0.499849 -0.707 0.499849 -0.499849 -0.707 -0.499849 59900.dat
1 29 111.21 -772.5485 -230.0675 0.707 0 -0.707 0.499849 -0.707 0.499849 -0.499849 -0.707 -0.499849 59900.dat
1 29 68.79 -802.5395 -200.0765 0.707 0 -0.707 0.499849 -0.707 0.499849 -0.499849 -0.707 -0.499849 59900.dat
1 27 90 -818.652 -246.18 0 0 1 0.707 0.707 0 -0.707 0.707 0 4733.dat
1 378 90 -835.62 -263.148 0 0 1 0.707 0.707 0 -0.707 0.707 0 59900.dat
1 326 108 -811.582 -239.11 0 -1 0 0.707 0 0.707 -0.707 0 0.707 49668.dat
1 326 90 -798.856 -251.836 -1 0 0 0 -0.707 0.707 0 0.707 0.707 49668.dat
1 326 90 -824.308 -226.384 1 0 0 0 0.707 0.707 0 -0.707 0.707 49668.dat
1 326 72 -811.582 -239.11 0 1 0 -0.707 0 0.707 0.707 0 0.707 49668.dat
1 378 66.626 -711.0621 -171.641 0.612 -0.354 0.707 -0.786184 -0.361984 0.499849 0.079184 -0.86254 -0.499849 15712.dat
1 5 63.794 -713.958 -178.5413 0.612 -0.354 0.707 -0.786184 -0.361984 0.499849 0.079184 -0.86254 -0.499849 98100.dat
1 378 113.374 -744.113 -138.5901 0.612 0.354 0.707 -0.079184 -0.86254 0.499849 0.786184 -0.361984 -0.499849 15712.dat
1 5 116.206 -751.0133 -141.486 0.612 0.354 0.707 -0.079184 -0.86254 0.499849 0.786184 -0.361984 -0.499849 98100.dat
1 378 113.374 -711.0621 -171.641 0.612 0.354 -0.707 0.786184 -0.361984 0.499849 -0.079184 -0.86254 -0.499849 15712.dat
1 5 116.206 -713.958 -178.5413 0.612 0.354 -0.707 0.786184 -0.361984 0.499849 -0.079184 -0.86254 -0.499849 98100.dat
1 378 66.626 -744.113 -138.5901 0.612 -0.354 -0.707 0.079184 -0.86254 0.499849 -0.786184 -0.361984 -0.499849 15712.dat
1 5 63.794 -751.0133 -141.486 0.612 -0.354 -0.707 0.079184 -0.86254 0.499849 -0.786184 -0.361984 -0.499849 98100.dat
1 378 90 -681.6326 -155.8226 0 0 1 -0.965762 -0.258762 0 0.258762 -0.965762 0 15712.dat
1 5 90 -683.7027 -163.5487 0 0 1 -0.965762 -0.258762 0 0.258762 -0.965762 0 98100.dat
1 378 90 -728.2946 -109.1606 0 0 1 -0.258762 -0.965762 0 0.965762 -0.258762 0 15712.dat
1 5 90 -736.0207 -111.2307 0 0 1 -0.258762 -0.965762 0 0.965762 -0.258762 0 98100.dat
1 378 57 -704.9636 -132.4916 -0.866 -0.5 0 0.3535 -0.612262 -0.707 0.3535 -0.612262 0.707 15712.dat
1 5 53 -709.8617 -137.3897 -0.866 -0.5 0 0.3535 -0.612262 -0.707 0.3535 -0.612262 0.707 98100.dat
1 378 123 -704.9636 -132.4916 -0.866 0.5 0 -0.3535 -0.612262 -0.707 -0.3535 -0.612262 0.707 15712.dat
1 5 127 -709.8617 -137.3897 -0.866 0.5 0 -0.3535 -0.612262 -0.707 -0.3535 -0.612262 0.707 98100.dat
1 26 62.814 -665.6021 -133.7486 0.438 -0.424 0.793 -0.895769 -0.139986 0.420665 -0.067165 -0.895062 -0.441875 30367.dat
1 26 52.638 -668.9617 -155.2301 0.438 -0.424 0.793 -0.895769 -0.139986 0.420665 -0.067165 -0.895062 -0.441875 15469.dat
1 378 66.206 -664.4822 -126.5881 0.438 -0.424 0.793 -0.895769 -0.139986 0.420665 -0.067165 -0.895062 -0.441875 15712.dat
1 26 118.726 -705.1318 -94.2188 0.586 0.534 0.61 0.171801 -0.817292 0.550046 0.791133 -0.217756 -0.571256 30367.dat
1 26 131.542 -724.7468 -99.445 0.586 0.534 0.61 0.171801 -0.817292 0.550046 0.791133 -0.217756 -0.571256 15469.dat
1 378 114.454 -698.5935 -92.4768 0.586 0.534 0.61 0.171801 -0.817292 0.550046 0.791133 -0.217756 -0.571256 15712.dat
1 26 118.25 -665.6912 -133.1646 0.5 0.5 -0.707 0.853349 -0.146349 0.499849 0.146349 -0.853349 -0.499849 30367.dat
1 26 130.25 -669.2035 -153.645 0.5 0.5 -0.707 0.853349 -0.146349 0.499849 0.146349 -0.853349 -0.499849 15469.dat
1 378 114.25 -664.5203 -126.3378 0.5 0.5 -0.707 0.853349 -0.146349 0.499849 0.146349 -0.853349 -0.499849 15712.dat
1 26 61.75 -705.6367 -93.2191 0.5 -0.5 -0.707 -0.146349 -0.853349 0.499849 -0.853349 -0.146349 -0.499849 30367.dat
1 26 49.75 -726.117 -96.7315 0.5 -0.5 -0.707 -0.146349 -0.853349 0.499849 -0.853349 -0.146349 -0.499849 15469.dat
1 378 65.75 -698.8098 -92.0483 0.5 -0.5 -0.707 -0.146349 -0.853349 0.499849 -0.853349 -0.146349 -0.499849 15712.dat
1 26 90 -643.9353 -131.0267 0 0 1 -0.258762 0.965762 0 -0.965762 -0.258762 0 30367.dat
1 26 90 -620.757 -137.237 0 0 1 -0.258762 0.965762 0 -0.965762 -0.258762 0 15469.dat
1 378 90 -651.6614 -128.9566 0 0 1 -0.258762 0.965762 0 -0.965762 -0.258762 0 15712.dat
1 26 90 -703.4987 -71.4633 0 0 1 0.965762 -0.258762 0 0.258762 0.965762 0 30367.dat
1 26 90 -709.709 -48.285 0 0 1 0.965762 -0.258762 0 0.258762 0.965762 0 15469.dat
1 378 90 -701.4286 -79.1894 0 0 1 0.965762 -0.258762 0 0.258762 0.965762 0 15712.dat
1 26 47.876 -673.717 -101.245 0.5 -0.866 0 0.612262 0.3535 -0.707 0.612262 0.3535 0.707 30367.dat
1 26 27.092 -665.233 -92.761 0.5 -0.866 0 0.612262 0.3535 -0.707 0.612262 0.3535 0.707 15469.dat
1 378 54.804 -676.545 -104.073 0.5 -0.866 0 0.612262 0.3535 -0.707 0.612262 0.3535 0.707 15712.dat
1 26 132.124 -673.717 -101.245 0.5 0.866 0 -0.612262 0.3535 -0.707 -0.612262 0.3535 0.707 30367.dat
1 26 152.908 -665.233 -92.761 0.5 0.866 0 -0.612262 0.3535 -0.707 -0.612262 0.3535 0.707 15469.dat
1 378 125.196 -676.545 -104.073 0.5 0.866 0 -0.612262 0.3535 -0.707 -0.612262 0.3535 0.707 15712.dat
1 288 -90 -510 -120 0 1 0 0 0 -1 -1 0 0 26287.dat
1 71 -90 -550 -120 0 1 0 1 0 0 0 0 -1 4519.dat
1 0 -90 -550 -120 0 0 1 1 0 0 0 1 0 10197.dat
1 288 -90 -590 -120 1 0 0 0 0 -1 0 1 0 26287.dat
1 4 -90 -620 -120 0 0 -1 -1 0 0 0 1 0 32062.dat
1 288 -90 -650 -120 1 0 0 0 0 -1 0 1 0 26287.dat
1 72 -110 -550 -120 0 0 1 -1 0 0 0 -1 0 32039.dat
1 72 -90 -550 -140 0 1 0 -1 0 0 0 0 1 32039.dat
1 4 -90 -480 -120 0 1 0 1 0 0 0 0 -1 32062.dat
1 288 -90 -450 -120 -1 0 0 0 0 -1 0 -1 0 26287.dat
1 4 -90 -420 -120 0 1 0 1 0 0 0 0 -1 32062.dat
1 288 -90 -390 -120 -1 0 0 0 0 -1 0 -1 0 26287.dat
1 4 -90 -360 -120 0 1 0 1 0 0 0 0 -1 32062.dat
1 288 -90 -330 -120 -1 0 0 0 0 -1 0 -1 0 26287.dat
1 4 -90 -300 -120 0 1 0 1 0 0 0 0 -1 32062.dat
1 288 -90 -270 -120 -1 0 0 0 0 -1 0 -1 0 26287.dat
1 4 -90 -60 -120 0 1 0 1 0 0 0 0 -1 32062.dat
1 288 -90 -30 -120 -1 0 0 0 0 -1 0 -1 0 26287.dat
1 4 -90 -120 -120 0 1 0 1 0 0 0 0 -1 32062.dat
1 288 -90 -90 -120 -1 0 0 0 0 -1 0 -1 0 26287.dat
1 4 -90 -180 -120 0 1 0 1 0 0 0 0 -1 32062.dat
1 288 -90 -150 -120 -1 0 0 0 0 -1 0 -1 0 26287.dat
1 4 -90 -240 -120 0 1 0 1 0 0 0 0 -1 32062.dat
1 288 -90 -210 -120 -1 0 0 0 0 -1 0 -1 0 26287.dat
1 288 -90 -691 -120 0 0 1 0 1 0 -1 0 0 85861.dat
1 378 -90 -699 -120 0 0 1 0 1 0 -1 0 0 75937.dat
1 27 -90 -723 -120 0 0 1 0 1 0 -1 0 0 3062.dat
1 70 -90 -680 -120 0 0 1 0 1 0 -1 0 0 63965.dat
1 378 -90 -731 -120 0 0 1 0 1 0 -1 0 0 75937.dat
1 27 -90 -755 -120 0 0 1 0 1 0 -1 0 0 3062.dat
1 378 -90 -763 -120 0 0 1 0 1 0 -1 0 0 75937.dat
1 27 -90 -783 -120 0 -1 0 0 0 1 -1 0 0 59443.dat
1 70 -90 -803 -120 0 0 1 0 1 0 -1 0 0 63965.dat
1 378 -90 -815 -120 0 0 1 0 1 0 -1 0 0 98284.dat
1 27 -90 -839 -120 0 0 1 0 1 0 -1 0 0 3062.dat
1 29 -120 -821 -120 0 0 -1 0 -1 0 -1 0 0 59900.dat
1 29 -60 -819 -120 0 0 -1 0 -1 0 -1 0 0 59900.dat
1 29 -90 -819 -150 0 0 -1 0 -1 0 -1 0 0 59900.dat
1 29 -90 -819 -90 0 0 -1 0 -1 0 -1 0 0 59900.dat
1 378 -90 -847 -120 0.707 0 0.707 0 1 0 -0.707 0 0.707 98284.dat
1 27 -90 -871 -120 0.707 0 0.707 0 1 0 -0.707 0 0.707 3062.dat
1 29 -111.21 -853 -141.21 0.707 0 -0.707 0 -1 0 -0.707 0 -0.707 59900.dat
1 29 -68.79 -851 -98.79 0.707 0 -0.707 0 -1 0 -0.707 0 -0.707 59900.dat
1 29 -68.79 -851 -141.21 0.707 0 -0.707 0 -1 0 -0.707 0 -0.707 59900.dat
1 29 -111.21 -851 -98.79 0.707 0 -0.707 0 -1 0 -0.707 0 -0.707 59900.dat
1 27 -90 -895 -120 0 0 1 0 1 0 -1 0 0 4733.dat
1 378 -90 -919 -120 0 0 1 0 1 0 -1 0 0 59900.dat
1 326 -72 -885 -120 0 -1 0 0 0 1 -1 0 0 49668.dat
1 326 -90 -885 -138 -1 0 0 0 0 1 0 1 0 49668.dat
1 326 -90 -885 -102 1 0 0 0 0 1 0 -1 0 49668.dat
1 326 -108 -885 -120 0 1 0 0 0 1 1 0 0 49668.dat
1 378 -113.374 -766.196 -143.374 0.612 -0.354 0.707 -0.5 -0.866 0 0.612 -0.354 -0.707 15712.dat
1 5 -116.206 -773.124 -146.206 0.612 -0.354 0.707 -0.5 -0.866 0 0.612 -0.354 -0.707 98100.dat
1 378 -66.626 -766.196 -96.626 0.612 0.354 0.707 0.5 -0.866 0 0.612 0.354 -0.707 15712.dat
1 5 -63.794 -773.124 -93.794 0.612 0.354 0.707 0.5 -0.866 0 0.612 0.354 -0.707 98100.dat
1 378 -66.626 -766.196 -143.374 0.612 0.354 -0.707 0.5 -0.866 0 -0.612 -0.354 -0.707 15712.dat
1 5 -63.794 -773.124 -146.206 0.612 0.354 -0.707 0.5 -0.866 0 -0.612 -0.354 -0.707 98100.dat
1 378 -113.374 -766.196 -96.626 0.612 -0.354 -0.707 -0.5 -0.866 0 -0.612 0.354 -0.707 15712.dat
1 5 -116.206 -773.124 -93.794 0.612 -0.354 -0.707 -0.5 -0.866 0 -0.612 0.354 -0.707 98100.dat
1 378 -90 -734.196 -153 0 0 1 -0.5 -0.866 0 0.866 -0.5 0 15712.dat
1 5 -90 -741.124 -157 0 0 1 -0.5 -0.866 0 0.866 -0.5 0 98100.dat
1 378 -90 -734.196 -87 0 0 1 0.5 -0.866 0 0.866 0.5 0 15712.dat
1 5 -90 -741.124 -83 0 0 1 0.5 -0.866 0 0.866 0.5 0 98100.dat
1 378 -123 -734.196 -120 -0.866 -0.5 0 0.5 -0.866 0 0 0 1 15712.dat
1 5 -127 -741.124 -120 -0.866 -0.5 0 0.5 -0.866 0 0 0 1 98100.dat
1 378 -57 -734.196 -120 -0.866 0.5 0 -0.5 -0.866 0 0 0 1 15712.dat
1 5 -53 -741.124 -120 -0.866 0.5 0 -0.5 -0.866 0 0 0 1 98100.dat
1 26 -117.186 -707.248 -148.726 0.438 -0.424 0.793 -0.681 -0.732 -0.015 0.586 -0.534 -0.61 30367.dat
1 26 -127.362 -724.816 -161.542 0.438 -0.424 0.793 -0.681 -0.732 -0.015 0.586 -0.534 -0.61 15469.dat
1 378 -113.794 -701.392 -144.454 0.438 -0.424 0.793 -0.681 -0.732 -0.015 0.586 -0.534 -0.61 15712.dat
1 26 -61.274 -707.248 -92.814 0.586 0.534 0.61 0.681 -0.732 -0.015 0.438 0.424 -0.793 30367.dat
1 26 -48.458 -724.816 -82.638 0.586 0.534 0.61 0.681 -0.732 -0.015 0.438 0.424 -0.793 15469.dat
1 378 -65.546 -701.392 -96.206 0.586 0.534 0.61 0.681 -0.732 -0.015 0.438 0.424 -0.793 15712.dat
1 26 -61.75 -706.898 -148.25 0.5 0.5 -0.707 0.707 -0.707 0 -0.5 -0.5 -0.707 30367.dat
1 26 -49.75 -723.866 -160.25 0.5 0.5 -0.707 0.707 -0.707 0 -0.5 -0.5 -0.707 15469.dat
1 378 -65.75 -701.242 -144.25 0.5 0.5 -0.707 0.707 -0.707 0 -0.5 -0.5 -0.707 15712.dat
1 26 -118.25 -706.898 -91.75 0.5 -0.5 -0.707 -0.707 -0.707 0 -0.5 0.5 -0.707 30367.dat
1 26 -130.25 -723.866 -79.75 0.5 -0.5 -0.707 -0.707 -0.707 0 -0.5 0.5 -0.707 15469.dat
1 378 -114.25 -701.242 -95.75 0.5 -0.5 -0.707 -0.707 -0.707 0 -0.5 0.5 -0.707 15712.dat
1 26 -90 -690 -162.124 0 0 1 -0.866 0.5 0 -0.5 -0.866 0 30367.dat
1 26 -90 -678 -182.908 0 0 1 -0.866 0.5 0 -0.5 -0.866 0 15469.dat
1 378 -90 -694 -155.196 0 0 1 -0.866 0.5 0 -0.5 -0.866 0 15712.dat
1 26 -90 -690 -77.876 0 0 1 0.866 0.5 0 -0.5 0.866 0 30367.dat
1 26 -90 -678 -57.092 0 0 1 0.866 0.5 0 -0.5 0.866 0 15469.dat
1 378 -90 -694 -84.804 0 0 1 0.866 0.5 0 -0.5 0.866 0 15712.dat
1 26 -132.124 -690 -120 0.5 -0.866 0 0.866 0.5 0 0 0 1 30367.dat
1 26 -152.908 -678 -120 0.5 -0.866 0 0.866 0.5 0 0 0 1 15469.dat
1 378 -125.196 -694 -120 0.5 -0.866 0 0.866 0.5 0 0 0 1 15712.dat
1 26 -47.876 -690 -120 0.5 0.866 0 -0.866 0.5 0 0 0 1 30367.dat
1 26 -27.092 -678 -120 0.5 0.866 0 -0.866 0.5 0 0 0 1 15469.dat
1 378 -54.804 -694 -120 0.5 0.866 0 -0.866 0.5 0 0 0 1 15712.dat
1 288 -100 -828 -30 1 0 0 0 1 0 0 0 1 4032.dat
1 288 -100 -828 -30 1 0 0 0 1 0 0 0 1 6064.dat
1 70 -100 -876 -30 1 0 0 0 1 0 0 0 1 63965.dat
1 0 -100 -908 -30 1 0 0 0 1 0 0 0 1 3062.dat
1 0 -100 -932 -30 1 0 0 0 1 0 0 0 1 3062.dat
1 288 -100 -932 -30 1 0 0 0 1 0 0 0 1 6064.dat
1 288 -100 -210 -30 1 0 0 0 0 -1 0 1 0 26287.dat
1 4 -100 -180 -30 0 -1 0 1 0 0 0 0 1 32062.dat
1 288 -100 -150 -30 1 0 0 0 0 -1 0 1 0 26287.dat
1 4 -100 -120 -30 0 -1 0 1 0 0 0 0 1 32062.dat
1 288 -100 -90 -30 1 0 0 0 0 -1 0 1 0 26287.dat
1 4 -100 -60 -30 0 -1 0 1 0 0 0 0 1 32062.dat
1 288 -100 -30 -30 1 0 0 0 0 -1 0 1 0 26287.dat
1 288 200 -828 140 1 0 0 0 1 0 0 0 1 4032.dat
1 288 200 -828 140 1 0 0 0 1 0 0 0 1 6064.dat
1 70 200 -876 140 1 0 0 0 1 0 0 0 1 63965.dat
1 0 200 -908 140 1 0 0 0 1 0 0 0 1 3062.dat
1 0 200 -932 140 1 0 0 0 1 0 0 0 1 3062.dat
1 288 200 -932 140 1 0 0 0 1 0 0 0 1 6064.dat
1 288 200 -210 140 1 0 0 0 0 -1 0 1 0 26287.dat
1 4 200 -180 140 0 -1 0 1 0 0 0 0 1 32062.dat
1 288 200 -150 140 1 0 0 0 0 -1 0 1 0 26287.dat
1 4 200 -120 140 0 -1 0 1 0 0 0 0 1 32062.dat
1 288 200 -90 140 1 0 0 0 0 -1 0 1 0 26287.dat
1 4 200 -60 140 0 -1 0 1 0 0 0 0 1 32062.dat
1 288 200 -30 140 1 0 0 0 0 -1 0 1 0 26287.dat
1 288 -30 -510 -190 1 0 0 0 0 -1 0 1 0 26287.dat
1 71 -30 -550 -190 0 -1 0 1 0 0 0 0 1 4519.dat
1 0 -30 -550 -190 1 0 0 0 1 0 0 0 1 90202.dat
1 288 -30 -590 -190 1 0 0 0 0 -1 0 1 0 32016.dat
1 4 -30 -617.716 -201.481 0 0 -1 -0.924 -0.383 0 -0.383 0.924 0 32062.dat
1 288 -30 -645.433 -212.961 1 0 0 0 -0.383 -0.924 0 0.924 -0.383 32016.dat
1 288 -40 -645.433 -212.961 0 -1 0 0 0 1 -1 0 0 85861.dat
1 288 -20 -590 -190 0 1 0 0 0 -1 -1 0 0 85861.dat
1 70 -37 -645.433 -212.961 -1 0 0 0 0 1 0 1 0 13564.dat
1 70 -24 -590 -190 1 0 0 0 0 1 0 -1 0 13564.dat
1 4 -30 -480 -190 0 -1 0 1 0 0 0 0 1 32062.dat
1 288 -30 -450 -190 1 0 0 0 0 -1 0 1 0 26287.dat
1 4 -30 -420 -190 0 -1 0 1 0 0 0 0 1 32062.dat
1 288 -30 -390 -190 1 0 0 0 0 -1 0 1 0 26287.dat
1 4 -30 -360 -190 0 -1 0 1 0 0 0 0 1 32062.dat
1 288 -30 -330 -190 1 0 0 0 0 -1 0 1 0 26287.dat
1 4 -30 -300 -190 0 -1 0 1 0 0 0 0 1 32062.dat
1 288 -30 -270 -190 1 0 0 0 0 -1 0 1 0 26287.dat
1 4 -30 -240 -190 0 -1 0 1 0 0 0 0 1 32062.dat
1 288 -30 -210 -190 1 0 0 0 0 -1 0 1 0 26287.dat
1 4 -30 -180 -190 0 -1 0 1 0 0 0 0 1 32062.dat
1 288 -30 -150 -190 1 0 0 0 0 -1 0 1 0 26287.dat
1 4 -30 -120 -190 0 -1 0 1 0 0 0 0 1 32062.dat
1 288 -30 -90 -190 1 0 0 0 0 -1 0 1 0 26287.dat
1 4 -30 -60 -190 0 -1 0 1 0 0 0 0 1 32062.dat
1 288 -30 -30 -190 1 0 0 0 0 -1 0 1 0 26287.dat
1 2 -30 -683.616 -251.144 1 0 0 0 0.707 -0.707 0 0.707 0.707 4032.dat
1 2 -30 -711.896 -279.424 1 0 0 0 0.707 -0.707 0 0.707 0.707 3941.dat
1 19 -40 -717.552 -285.08 0 0 1 0.707 0.707 0 -0.707 0.707 0 99207.dat
1 19 -70 -733.106 -300.634 0 1 0 -0.707 0 0.707 0.707 0 0.707 47458.dat
1 19 -20 -717.552 -285.08 0 0 -1 -0.707 0.707 0 0.707 0.707 0 99207.dat
1 19 10 -733.106 -300.634 0 -1 0 0.707 0 0.707 -0.707 0 0.707 47458.dat
1 19 -30 -730.278 -283.666 -1 0 0 0 0.707 0.707 0 0.707 -0.707 99207.dat
1 19 -30 -767.042 -278.01 1 0 0 0 0.707 0.707 0 -0.707 0.707 47458.dat
1 19 -30 -716.138 -297.806 1 0 0 0 0.707 -0.707 0 0.707 0.707 99207.dat
1 19 -30 -710.482 -334.57 -1 0 0 0 -0.707 0.707 0 0.707 0.707 47458.dat
1 19 -30 -728.864 -296.392 -1 0 0 0 0.707 0.707 0 0.707 -0.707 87580.dat
1 15 -30 -748.66 -316.188 -0.707 0 0.707 0.499849 0.707 0.499849 -0.499849 0.707 -0.499849 4733.dat
1 15 -17.274 -732.5927 -318.1153 -0.707 -0.707 0 0.499849 -0.499849 0.707 -0.499849 0.499849 0.707 49668.dat
1 15 -42.726 -750.5873 -300.1207 0.707 0.707 0 -0.499849 0.499849 0.707 0.499849 -0.499849 0.707 49668.dat
1 15 -17.274 -750.5873 -300.1207 0.707 -0.707 0 0.499849 0.499849 0.707 -0.499849 -0.499849 0.707 49668.dat
