0 
0 Name: New Model.ldr
0 Author: 
1 6 340 -8 220 0 0 1 0 1 0 -1 0 0 3020.dat
1 6 380 -8 230 0 0 1 0 1 0 -1 0 0 3021.dat
1 2 340 -16 250 -1 0 0 0 1 0 0 0 -1 3023.dat
1 2 380 -16 250 -1 0 0 0 1 0 0 0 -1 3023.dat
1 2 380 -16 210 -1 0 0 0 1 0 0 0 -1 3023.dat
1 14 330 -16 190 -1 0 0 0 1 0 0 0 -1 6141.dat
1 2 398.66 -24 255 -0.866025 0 0.5 0 1 0 -0.5 0 -0.866025 3023.dat
1 2 398.66 -32 245 -0.866025 0 -0.5 0 1 0 0.5 0 -0.866025 3023.dat
1 4 390 -40 250 -1 0 0 0 1 0 0 0 -1 6141.dat
1 2 390 -24 210 0.258819 0 0.965926 0 1 0 -0.965926 0 0.258819 2420.dat
1 6 330 -32 230 0 0 -1 0 1 0 1 0 0 3005.dat
1 6 330 -56 230 -0.866025 0 -0.5 0 1 0 0.5 0 -0.866025 3005.dat
1 6 330 -80 230 -0.866025 0 0.5 0 1 0 -0.5 0 -0.866025 3005.dat
1 14 390 -32 210 -1 0 0 0 1 0 0 0 -1 6141.dat
1 2 330 -88 230 0.965926 0 -0.258819 0 1 0 0.258819 0 0.965926 3022.dat
1 2 332.588 -112 220.345 0.965926 0 -0.258819 0 1 0 0.258819 0 0.965926 3660.dat
1 2 327.412 -112 239.655 -0.965926 0 0.258819 0 1 0 -0.258819 0 -0.965926 3660.dat
1 2 330 -136 230 -0.965926 0 0.258819 0 1 0 -0.258819 0 -0.965926 3001.dat
1 27 322.236 -136 258.98 -0.965926 0 0.258819 0 1 0 -0.258819 0 -0.965926 3004.dat
1 27 337.764 -136 201.02 -0.965926 0 0.258819 0 1 0 -0.258819 0 -0.965926 3004.dat
1 2 342.248 -160 222.928 0.965926 0 -0.258819 0 1 0 0.258819 0 0.965926 3040.dat
1 2 337.072 -160 242.248 -0.258819 0 -0.965926 0 1 0 0.965926 0 -0.258819 3040.dat
1 2 317.752 -160 237.072 -0.965926 0 0.258819 0 1 0 -0.258819 0 -0.965926 3040.dat
1 2 322.928 -160 217.752 0.258819 0 0.965926 0 1 0 -0.965926 0 0.258819 3040.dat
