0 
0 Name: New Model.ldr
0 Author: 
1 15 -20 -24 -10 1 0 0 0 1 0 0 0 1 32000.dat
1 2 0 0 -60 1 0 0 0 1 0 0 0 1 30565.dat
1 15 -20 -24 -30 1 0 0 0 1 0 0 0 1 32000.dat
1 0 -30 -14 -20 0 0 1 0 1 0 -1 0 0 2780.dat
1 1 -10 -14 -20 0 0 -1 0 1 0 1 0 0 43093.dat
1 308 10 -24 -30 0 0 -1 0 1 0 1 0 0 3040.dat
1 308 -10 -24 -50 1 0 0 0 1 0 0 0 1 3040.dat
1 70 -30 -24 -50 1 0 0 0 1 0 0 0 1 3062.dat
1 70 10 -24 -50 1 0 0 0 1 0 0 0 1 3062.dat
1 4 10 -8 -70 1 0 0 0 1 0 0 0 1 6141.dat
1 70 -30 -48 -50 1 0 0 0 1 0 0 0 1 2357.dat
1 70 10 -48 -30 -1 0 0 0 1 0 0 0 -1 2357.dat
1 70 -10 -72 -50 1 0 0 0 1 0 0 0 1 2357.dat
1 288 -30 -72 -30 1 0 0 0 1 0 0 0 1 3040.dat
1 70 10 -120 -30 0 0 1 0 1 0 -1 0 0 13965.dat
1 70 -10 -96 -30 1 0 0 0 1 0 0 0 1 3062.dat
1 70 10 -96 -50 1 0 0 0 1 0 0 0 1 3062.dat
1 70 10 -120 -30 -1 0 0 0 1 0 0 0 -1 2357.dat
1 70 -30 -144 -30 1 0 0 0 1 0 0 0 1 13965.dat
1 70 -10 -144 -50 -1 0 0 0 1 0 0 0 -1 13965.dat
1 70 -10 -144 -30 -1 0 0 0 1 0 0 0 -1 2357.dat
1 288 30 -144 -30 1 0 0 0 1 0 0 0 1 3040.dat
1 4 30 -120 -50 1 0 0 0 1 0 0 0 1 6141.dat
1 288 -10 -168 -70 0 0 -1 0 1 0 1 0 0 3040.dat
1 288 -30 -168 -10 0 0 -1 0 1 0 1 0 0 3040.dat
1 2 50 -144 -30 0 0 -1 0 1 0 1 0 0 4286.dat
1 2 -30 -168 10 -1 0 0 0 1 0 0 0 -1 4286.dat
1 2 -10 -168 -90 1 0 0 0 1 0 0 0 1 4286.dat
1 4 -10 -144 -130 1 0 0 0 1 0 0 0 1 6141.dat
1 4 90 -120 -30 1 0 0 0 1 0 0 0 1 6141.dat
1 4 -30 -144 50 1 0 0 0 1 0 0 0 1 6141.dat
1 14 -30 -176 -10 -0.5 0 -0.866 0 1 0 0.866 0 -0.5 6141.dat
1 0 -30 -200 -10 -0.5 0 -0.866 0 1 0 0.866 0 -0.5 4733.dat
1 15 -38.66 -190 -15 0.5 0.866 0 0 0 -1 -0.866 0.5 0 54200.dat
1 4 -30 -208 -10 -0.5 0 -0.866 0 1 0 0.866 0 -0.5 61252.dat
1 0 -42.4996 -195 -5.67 -0.433 0.5 -0.749956 0.866 0 -0.5 -0.25 -0.866 -0.433 11477.dat
1 0 -32.4996 -195 -22.99 0.433 -0.5 -0.749956 -0.866 0 -0.5 0.25 0.866 -0.433 11477.dat
1 15 -30 -208 -10 -0.5 0 -0.866 0 1 0 0.866 0 -0.5 54200.dat
