0 
0 Name: New Model.ldr
0 Author: 
1 6 340 -8 -240 0 0 1 0 1 0 -1 0 0 3020.dat
1 6 380 -8 -250 0 0 1 0 1 0 -1 0 0 3021.dat
1 2 380 -16 -250 1 0 0 0 1 0 0 0 1 3023.dat
1 2 330 -16 -230 1 0 0 0 1 0 0 0 1 3024.dat
1 4 330 -32 -230 1 0 0 0 1 0 0 0 1 6141.dat
1 2 330 -24 -230 -0.707107 0 -0.707107 0 1 0 0.707107 0 -0.707107 2420.dat
1 2 323 -16 -277 0.707107 0 -0.707107 0 1 0 0.707107 0 0.707107 3023.dat
1 2 338 -24 -277 -0.707107 0 -0.707107 0 1 0 0.707107 0 -0.707107 3023.dat
1 14 330 -32 -270 1 0 0 0 1 0 0 0 1 6141.dat
1 2 378.66 -32 -245 0.866025 0 -0.5 0 1 0 0.5 0 0.866025 3023.dat
1 2 375 -24 -258.66 0.5 0 0.866025 0 1 0 -0.866025 0 0.5 3023.dat
1 4 370 -40 -250 1 0 0 0 1 0 0 0 1 6141.dat
