0 Main
0 Name: 6490-1 - Amazon Crossing.mpd
0 Author: LTRON
1 1 -178.38 -8 317.44 0.906 0 0.423 0 1 0 -0.423 0 0.906 3027.dat
1 19 -4.4382 -8 170.0191 -0.423 0 0.906 0 1 0 -0.906 0 -0.423 3028.dat
1 19 -403.0782 -8 356.1392 -0.423 0 0.906 0 1 0 -0.906 0 -0.423 3028.dat
1 7 23.97 -32 278.14 0.906 0 0.423 0 1 0 -0.423 0 0.906 3008.dat
1 7 -338.43 -32 447.34 0.906 0 0.423 0 1 0 -0.423 0 0.906 3008.dat
1 0 69.87 -32 234.64 0.906 0 0.423 0 1 0 -0.423 0 0.906 3004.dat
1 0 -401.25 -32 454.6 0.906 0 0.423 0 1 0 -0.423 0 0.906 3004.dat
1 0 -284.07 -56 421.96 0.906 0 0.423 0 1 0 -0.423 0 0.906 3004.dat
1 0 -21.33 -56 299.29 0.906 0 0.423 0 1 0 -0.423 0 0.906 3622.dat
1 0 74.1 -56 243.7 0.906 0 0.423 0 1 0 -0.423 0 0.906 3003.dat
1 7 30.006 -16 220.1604 -0.423 0 0.906 0 1 0 -0.906 0 -0.423 3023.dat
1 7 -3.8349 -16 147.6809 -0.423 0 0.906 0 1 0 -0.906 0 -0.423 3023.dat
1 7 -386.7591 -16 414.7296 -0.423 0 0.906 0 1 0 -0.906 0 -0.423 3023.dat
1 7 -420.6 -16 342.25 -0.423 0 0.906 0 1 0 -0.906 0 -0.423 3023.dat
1 7 -322.7383 -32 362.7714 -0.423 0 0.906 0 1 0 -0.906 0 -0.423 3297.dat
1 7 -421.7986 -32 386.9482 -0.423 0 0.906 0 1 0 -0.906 0 -0.423 2875.dat
1 7 31.2014 -32 175.4482 0.423 0 -0.906 0 1 0 0.906 0 0.423 2875.dat
1 7 -69.0583 -32 244.3314 0.423 0 -0.906 0 1 0 0.906 0 0.423 3297.dat
1 7 -157.23 -80 362.74 0.906 0 0.423 0 1 0 -0.423 0 0.906 2465.dat
1 0 -420.5968 -24 342.2474 0.423 0 -0.906 0 1 0 0.906 0 0.423 2540.dat
1 0 -3.8368 -24 147.6674 -0.423 0 0.906 0 1 0 -0.906 0 -0.423 2540.dat
1 6 -21.9573 -24 156.1287 -0.423 0.354246 -0.834426 0 -0.921 -0.391 -0.906 -0.165393 0.389583 6020.dat
1 6 -402.4773 -24 333.7887 -0.423 0.354246 0.834426 0 0.921 -0.391 -0.906 -0.165393 -0.389583 6020.dat
1 6 -139.7354 -79 211.1156 0.423 0 -0.906 0 1 0 0.906 0 0.423 30095.dat
1 6 11.8827 -24 228.6087 -0.423 0.354246 -0.834426 0 -0.921 -0.391 -0.906 -0.165393 0.389583 6020.dat
1 6 -368.6373 -24 406.2687 -0.423 0.354246 0.834426 0 0.921 -0.391 -0.906 -0.165393 -0.389583 6020.dat
1 6 -105.8954 -79 283.5956 0.423 0 -0.906 0 1 0 0.906 0 0.423 30095.dat
1 0 -386.7568 -24 414.7274 0.423 0 -0.906 0 1 0 0.906 0 0.423 2540.dat
1 0 30.0032 -24 220.1474 -0.423 0 0.906 0 1 0 -0.906 0 -0.423 2540.dat
1 7 22.141 -32 179.6773 0.423 0 -0.906 0 1 0 0.906 0 0.423 3795.dat
1 7 -412.739 -32 382.7173 0.423 0 -0.906 0 1 0 0.906 0 0.423 3795.dat
1 7 -293.1283 -104 426.1936 0.423 0 -0.906 0 1 0 0.906 0 0.423 4286.dat
1 0 -39.4487 -104 307.7527 -0.423 0 0.906 0 1 0 -0.906 0 -0.423 3040.dat
1 7 -311.2496 -104 434.6509 -0.423 0 0.906 0 1 0 -0.906 0 -0.423 4460.dat
1 7 42.09 -224 269.68 0.906 0 0.423 0 1 0 -0.423 0 0.906 6083.dat
1 0 -311.2487 -128 434.6527 0.423 0 -0.906 0 1 0 0.906 0 0.423 3040.dat
1 8 41.49 -224 292.03 0.906 0 0.423 0 1 0 -0.423 0 0.906 2546.dat
1 2 -10.495 -8 62.4988 -0.423 0 0.906 0 1 0 -0.906 0 -0.423 6064.dat
1 15 -468.0822 -20 311.4511 -0.906 0.416655 0.073602 0 -0.174 0.985 0.423 0.89241 0.157644 87695.dat
1 15 -424.2282 -16 310.8391 -0.906 0.423 0 0 0 1 0.423 0.906 0 87695.dat
1 0 -481.619 -22 282.4573 -0.341481 0 -0.939603 0 1 0 0.939603 0 -0.341481 4528.dat
1 15 -445.379 -32 265.5374 0.499635 0 0.865575 0 1 0 -0.865575 0 0.499635 82359.dat
