0 Main
0 Name: 1875-1 - Meteor Monitor.mpd
0 Author: LTRON
1 0 0 0 0 0 0 1 0 1 0 -1 0 0 2419.dat
1 0 60 0 0 0 0 -1 0 1 0 1 0 0 2419.dat
1 15 30 -8 50 1 0 0 0 1 0 0 0 1 3710.dat
1 15 0 -8 20 0 0 1 0 1 0 -1 0 0 3023.dat
1 15 60 -8 20 0 0 1 0 1 0 -1 0 0 3023.dat
1 15 0 -8 -20 0 0 1 0 1 0 -1 0 0 4276.dat
1 15 60 -8 -20 0 0 1 0 1 0 -1 0 0 4276.dat
1 0 30 -8 -30 1 0 0 0 1 0 0 0 1 4598.dat
1 0 60 -28.321 -76.541 0 0 1 0.737277 0.67559 0 -0.67559 0.737277 0 2433.dat
1 36 60 -33.724 -82.44 0 0 1 0.737277 0.67559 0 -0.67559 0.737277 0 6141.dat
1 0 0 -28.323 -76.541 0 0 1 0.737277 0.67559 0 -0.67559 0.737277 0 2433.dat
1 36 0 -33.724 -82.44 0 0 1 0.737277 0.67559 0 -0.67559 0.737277 0 6141.dat
1 0 60 -32 40 0 0 -1 0 1 0 1 0 0 3937.dat
1 0 60 -32 0 0 0 -1 0 1 0 1 0 0 3937.dat
1 0 0 -32 0 0 0 1 0 1 0 -1 0 0 3937.dat
1 0 0 -32 40 0 0 1 0 1 0 -1 0 0 3937.dat
1 15 67.071 -29.071 40 0 -0.707107 0.707107 0 0.707107 0.707107 -1 0 0 3938.dat
1 15 67.071 -29.071 0 0 -0.707107 0.707107 0 0.707107 0.707107 -1 0 0 3938.dat
1 0 117.9827 -79.9827 60 0.707107 -0.707107 0 0.707107 0.707107 0 0 0 1 2340.dat
1 15 129.2964 -91.2964 60 0.707107 -0.707107 0 0.707107 0.707107 0 0 0 1 4595.dat
1 36 122.2253 -84.2253 24 0.707107 0 -0.707107 0.707107 0 0.707107 0 -1 0 4740.dat
1 15 -7.071 -29.071 40 0 0.707107 0.707107 0 0.707107 -0.707107 -1 0 0 3938.dat
1 15 -7.071 -29.071 0 0 0.707107 0.707107 0 0.707107 -0.707107 -1 0 0 3938.dat
1 0 -57.9827 -79.9827 60 0.707107 0.707107 0 -0.707107 0.707107 0 0 0 1 2340.dat
1 15 -69.2964 -91.2964 60 0.707107 0.707107 0 -0.707107 0.707107 0 0 0 1 4595.dat
1 36 -62.2253 -84.2253 24 0.707107 0 0.707107 -0.707107 0 0.707107 0 -1 0 4740.dat
