0 Main
0 Name: 42050-1 - Drag Racer.mpd
0 Author: LTRON
1 4 0 -32.3 3.79 0 -1 0 0.998 0 -0.072 0.072 0 0.998 32278.dat
1 1 20 -22.284 -135.95 1 0 0 0 0.998 -0.072 0 0.072 0.998 6558.dat
1 1 20 -25.146 -96.024 1 0 0 0 0.998 -0.072 0 0.072 0.998 6558.dat
1 0 -10 -39.455 103.604 1 0 0 0 0.998 -0.072 0 0.072 0.998 2780.dat
1 0 -10 -42.317 143.53 1 0 0 0 0.998 -0.072 0 0.072 0.998 2780.dat
1 0 20 -102.135 -141.674 0 1 0 -0.072 0 0.998 0.998 0 0.072 32526.dat
1 71 20 -40.886 123.567 1 0 0 0 -0.072 -0.998 0 0.998 -0.072 87082.dat
1 0 20 -41.602 133.549 0 -1 0 -0.072 0 -0.998 0.998 0 -0.072 2780.dat
1 4 40 -32.3 3.79 0 -1 0 0.998 0 -0.072 0.072 0 0.998 32278.dat
1 0 50 -39.455 103.604 1 0 0 0 0.998 -0.072 0 0.072 0.998 2780.dat
1 0 50 -42.317 143.53 1 0 0 0 0.998 -0.072 0 0.072 0.998 2780.dat
1 1 50 -23.715 -115.987 1 0 0 0 0.998 -0.072 0 0.072 0.998 43093.dat
1 1 50 -26.576 -76.062 1 0 0 0 0.998 -0.072 0 0.072 0.998 43093.dat
1 4 60 -25.146 -96.024 1 0 0 0 -0.072 -0.998 0 0.998 -0.072 32184.dat
1 1 -10 -23.715 -115.987 -1 0 0 0 -0.998 -0.072 0 -0.072 0.998 43093.dat
1 1 -10 -26.576 -76.062 -1 0 0 0 -0.998 -0.072 0 -0.072 0.998 43093.dat
1 4 -20 -25.146 -96.024 -1 0 0 0 -0.072 0.998 0 0.998 0.072 32184.dat
1 1 -20 -45.108 -97.455 0 1 0 -0.998 0 -0.072 -0.072 0 0.998 6558.dat
1 1 60 -45.108 -97.455 0 1 0 -0.998 0 -0.072 -0.072 0 0.998 6558.dat
1 0 20 -45.108 -97.455 0 0 -1 0.072 -0.998 0 -0.998 -0.072 0 32524.dat
1 1 20 -102.135 -141.674 -1 0 0 0 -0.998 -0.072 0 -0.072 0.998 6558.dat
1 72 -20 -65.071 -98.886 -1 0 0 0 -0.998 -0.072 0 -0.072 0.998 18654.dat
1 72 60 -65.071 -98.886 -1 0 0 0 -0.998 -0.072 0 -0.072 0.998 18654.dat
1 71 80 -66.502 -78.924 1 0 0 0 0.072 0.998 0 -0.998 0.072 48989.dat
1 71 -40 -66.502 -78.924 1 0 0 0 0.072 0.998 0 -0.998 0.072 48989.dat
1 72 110 -65.071 -98.886 -1 0 0 0 0.072 -0.998 0 -0.998 -0.072 87083.dat
1 72 -70 -65.071 -98.886 1 0 0 0 -0.072 -0.998 0 0.998 -0.072 87083.dat
1 71 95 -65.071 -98.886 0 0 -1 -0.998 -0.072 0 -0.072 0.998 0 32123.dat
1 71 -55 -65.071 -98.886 0 0 -1 -0.998 -0.072 0 -0.072 0.998 0 32123.dat
1 71 20 -65.071 -98.886 0 0 -1 -0.998 -0.072 0 -0.072 0.998 0 87082.dat
1 28 20 -67.933 -58.961 0 0 -1 0.072 -0.998 0 -0.998 -0.072 0 15462.dat
1 4 20 -66.502 -78.924 0 1 0 -0.998 0 -0.072 -0.072 0 0.998 3713.dat
1 0 20 -67.933 -58.961 0 1 0 -0.998 0 -0.072 -0.072 0 0.998 32270.dat
1 0 20 -85.034 -100.317 0 0 -1 0.072 -0.998 0 -0.998 -0.072 0 32524.dat
1 0 20 -87.896 -60.392 -1 0 0 0 -0.998 -0.072 0 -0.072 0.998 87761.dat
1 71 20 -29.438 -36.136 -1 0 0 0 -0.998 -0.072 0 -0.072 0.998 4519.dat
1 4 20 -49.401 -37.567 1 0 0 0 -0.998 0.072 0 -0.072 -0.998 42003.dat
1 14 20 -35.162 43.716 1 0 0 0 -0.998 0.072 0 -0.072 -0.998 44294.dat
1 72 -60 -35.162 43.716 0 0 -1 0.998 0.072 0 0.072 -0.998 0 32192.dat
1 0 -60 -45.144 43 0 1 0 -0.998 0 -0.072 -0.072 0 0.998 2780.dat
1 0 20 -71.511 -9.053 0 -1 0 0.998 0 -0.072 0.072 0 0.998 59443.dat
1 0 20 -74.373 30.872 0 0 -1 0.072 -0.998 0 -0.998 -0.072 0 3705.dat
1 0 20 -77.234 70.798 0 -1 0 0.998 0 -0.072 0.072 0 0.998 59443.dat
1 0 20 -79.381 100.742 0 1 0 0.072 0 -0.998 -0.998 0 -0.072 18651.dat
1 71 20 -79.381 100.742 -1 0 0 0 -0.998 -0.072 0 -0.072 0.998 94925.dat
1 71 60 -80.812 120.705 0 0 -1 0.998 0.072 0 0.072 -0.998 0 60484.dat
1 1 20 -102.206 139.237 0 0 -1 0.072 -0.998 0 -0.998 -0.072 0 6558.dat
1 1 20 -62.28 142.099 0 0 -1 0.072 -0.998 0 -0.998 -0.072 0 6558.dat
1 71 20 -82.243 140.668 1 0 0 0 0.072 0.998 0 -0.998 0.072 32316.dat
1 71 20 -120.738 117.843 1 0 0 0 -0.072 -0.998 0 0.998 -0.072 87082.dat
1 0 20 -121.453 127.825 0 0 1 0.072 0.998 0 -0.998 0.072 0 2780.dat
1 71 20 -83.674 160.631 1 0 0 0 -0.072 -0.998 0 0.998 -0.072 32523.dat
1 72 20 -87.251 210.538 0 0 1 0.072 0.998 0 -0.998 0.072 0 55013.dat
1 71 20 -85.105 180.594 -1 0 0 0 -0.998 -0.072 0 -0.072 0.998 94925.dat
1 71 60 -79.381 100.742 -0.985 0.174 0 -0.174 -0.983 -0.072 -0.012 -0.07 0.998 94925.dat
1 0 60 -82.958 150.65 -0.174 -0.985 0 0.983 -0.174 -0.072 0.07 -0.012 0.998 59443.dat
1 4 0 -112.152 -1.934 0 -1 0 0.998 0 -0.072 0.072 0 0.998 32278.dat
1 0 -10 -119.307 97.88 1 0 0 0 0.998 -0.072 0 0.072 0.998 2780.dat
1 0 -10 -122.169 137.806 1 0 0 0 0.998 -0.072 0 0.072 0.998 2780.dat
1 1 20 -107.859 -61.823 1 0 0 0 0.998 -0.072 0 0.072 0.998 6558.dat
1 0 20 -127.822 -63.253 0 -1 0 0.072 0 0.998 -0.998 0 0.072 60483.dat
1 71 20 -127.822 -63.253 -1 0 0 0 -0.998 -0.072 0 -0.072 0.998 4519.dat
1 71 0 -127.822 -63.253 -1 0 0 0 -0.998 -0.072 0 -0.072 0.998 6536.dat
1 71 40 -127.822 -63.253 -1 0 0 0 -0.998 -0.072 0 -0.072 0.998 6536.dat
1 4 40 -112.152 -1.934 0 -1 0 0.998 0 -0.072 0.072 0 0.998 32278.dat
1 0 50 -116.445 57.955 1 0 0 0 0.998 -0.072 0 0.072 0.998 2780.dat
1 0 50 -122.169 137.806 1 0 0 0 0.998 -0.072 0 0.072 0.998 2780.dat
1 1 60 -112.152 -1.934 1 0 0 0 0.998 -0.072 0 0.072 0.998 6558.dat
1 1 60 -115.014 37.992 1 0 0 0 0.998 -0.072 0 0.072 0.998 6558.dat
1 0 20 -212 131.362 1 0 0 0 0.998 -0.072 0 0.072 0.998 32333.dat
1 0 0 -202.02 132.082 0 0 1 0.072 0.998 0 -0.998 0.072 0 32054.dat
1 1 64 -169.364 124.406 0 0 1 0.072 0.998 0 -0.998 0.072 0 4274.dat
1 0 -24 -169.364 124.406 0 -0.6 0.8 0.072 0.7984 0.5988 -0.998 0.0576 0.0432 2780.dat
1 0 -24 -166.484 84.486 0 -0.6 0.8 0.072 0.7984 0.5988 -0.998 0.0576 0.0432 2780.dat
1 0 0 -198.42 82.182 0 -0.6 0.8 0.072 0.7984 0.5988 -0.998 0.0576 0.0432 2780.dat
1 0 -24 -163.604 44.566 0 -0.6 0.8 0.072 0.7984 0.5988 -0.998 0.0576 0.0432 2780.dat
1 0 0 -195.54 42.262 0 -0.6 0.8 0.072 0.7984 0.5988 -0.998 0.0576 0.0432 2780.dat
1 0 -24 -160.724 4.646 0 -0.6 0.8 0.072 0.7984 0.5988 -0.998 0.0576 0.0432 2780.dat
1 0 0 -192.66 2.342 0 -0.6 0.8 0.072 0.7984 0.5988 -0.998 0.0576 0.0432 2780.dat
1 0 -24 -157.844 -35.274 0 -0.6 0.8 0.072 0.7984 0.5988 -0.998 0.0576 0.0432 2780.dat
1 1 0 -189.06 -47.558 0 -0.6 0.8 0.072 0.7984 0.5988 -0.998 0.0576 0.0432 6558.dat
1 0 20 -163.54 154.922 0 0 -1 -0.072 0.998 0 0.998 0.072 0 3705.dat
1 14 20 -159.94 105.022 1 0 0 0 -0.998 0.072 0 -0.072 -0.998 2853.dat
1 71 10 -159.94 105.022 -0.713 0.701 0 0.699598 0.711574 0.072 0.050472 0.051336 -0.998 2852.dat
1 14 -18.033 -188.4159 102.9676 -0.6 0.8 0 0.7984 0.5988 0.072 0.0576 0.0432 -0.998 2851.dat
1 0 40 -202.02 132.082 0 0 1 0.072 0.998 0 -0.998 0.072 0 32054.dat
1 14 45.206 -178.89 103.6549 -0.6 -0.8 0 -0.7984 0.5988 0.072 -0.0576 0.0432 -0.998 2851.dat
1 71 10 -159.94 105.022 0.475 -0.88 0 0.87824 0.47405 -0.072 0.06336 0.0342 0.998 2852.dat
1 19 20 -158.5 85.062 1 0 0 0 -0.998 0.072 0 -0.072 -0.998 2854.dat
1 4 30 -157.06 65.102 0 1 0 -0.072 0 0.998 0.998 0 0.072 32062.dat
1 14 -5.206 -176.01 63.7349 0.6 0.8 0 -0.7984 0.5988 -0.072 -0.0576 0.0432 0.998 2851.dat
1 71 30 -157.06 65.102 0.713 -0.701 0 0.699598 0.711574 -0.072 0.050472 0.051336 0.998 2852.dat
1 71 30 -157.06 65.102 -0.475 0.88 0 0.87824 0.47405 0.072 0.06336 0.0342 -0.998 2852.dat
1 14 58.033 -185.5359 63.0476 0.6 -0.8 0 0.7984 0.5988 -0.072 0.0576 0.0432 0.998 2851.dat
1 19 20 -155.62 45.142 1 0 0 0 0.998 -0.072 0 0.072 0.998 2854.dat
1 4 10 -154.18 25.182 0 -1 0 0.072 0 0.998 -0.998 0 0.072 32062.dat
1 71 10 -154.18 25.182 -0.713 0.701 0 0.699598 0.711574 0.072 0.050472 0.051336 -0.998 2852.dat
1 71 10 -154.18 25.182 0.475 -0.88 0 0.87824 0.47405 -0.072 0.06336 0.0342 0.998 2852.dat
1 14 45.206 -173.13 23.8149 -0.6 -0.8 0 -0.7984 0.5988 0.072 -0.0576 0.0432 -0.998 2851.dat
1 14 -18.04 -182.643 23.1286 -0.6 0.8 0 0.7984 0.5988 0.072 0.0576 0.0432 -0.998 2851.dat
1 19 20 -152.74 5.222 1 0 0 0 -0.998 0.072 0 -0.072 -0.998 2854.dat
1 14 -5.206 -170.25 -16.1051 0.6 0.8 0 -0.7984 0.5988 -0.072 -0.0576 0.0432 0.998 2851.dat
1 71 30 -151.3 -14.738 -0.475 0.88 0 0.87824 0.47405 0.072 0.06336 0.0342 -0.998 2852.dat
1 71 30 -151.3 -14.738 0.713 -0.701 0 0.699598 0.711574 -0.072 0.050472 0.051336 0.998 2852.dat
1 14 58.033 -179.7759 -16.7924 0.6 -0.8 0 0.7984 0.5988 -0.072 0.0576 0.0432 0.998 2851.dat
1 14 30 -149.14 -44.678 1 0 0 0 -0.998 0.072 0 -0.072 -0.998 2853.dat
1 4 30 -151.3 -14.738 0 1 0 -0.072 0 0.998 0.998 0 0.072 32062.dat
1 0 40 -198.42 82.182 0 -0.6 0.8 0.072 0.7984 0.5988 -0.998 0.0576 0.0432 2780.dat
1 0 64 -166.484 84.486 0 -0.6 0.8 0.072 0.7984 0.5988 -0.998 0.0576 0.0432 2780.dat
1 0 64 -163.604 44.566 0 -0.6 0.8 0.072 0.7984 0.5988 -0.998 0.0576 0.0432 2780.dat
1 0 40 -195.54 42.262 0 -0.6 0.8 0.072 0.7984 0.5988 -0.998 0.0576 0.0432 2780.dat
1 0 64 -160.724 4.646 0 -0.6 0.8 0.072 0.7984 0.5988 -0.998 0.0576 0.0432 2780.dat
1 0 40 -192.66 2.342 0 -0.6 0.8 0.072 0.7984 0.5988 -0.998 0.0576 0.0432 2780.dat
1 0 64 -157.844 -35.274 0 -0.6 0.8 0.072 0.7984 0.5988 -0.998 0.0576 0.0432 2780.dat
1 1 40 -189.06 -47.558 0 -0.6 0.8 0.072 0.7984 0.5988 -0.998 0.0576 0.0432 6558.dat
1 0 20 -199.04 -48.278 1 0 0 0 0.998 -0.072 0 0.072 0.998 32333.dat
1 0 0 -162.82 144.942 0 0 -1 -0.072 0.998 0 0.998 0.072 0 2780.dat
1 0 40 -162.82 144.942 0 0 -1 -0.072 0.998 0 0.998 0.072 0 2780.dat
1 71 20 -143.58 156.362 1 0 0 0 -0.998 0.072 0 -0.072 -0.998 63869.dat
1 71 20 -143.58 156.362 1 0 0 0 -0.998 0.072 0 -0.072 -0.998 4519.dat
1 0 40 -143.58 156.362 0 1 0 -0.072 0 0.998 0.998 0 0.072 60483.dat
1 0 0 -143.58 156.362 0 1 0 -0.072 0 0.998 0.998 0 0.072 60483.dat
1 0 50 -123.62 157.802 -1 0 0 0 0.998 0.072 0 0.072 -0.998 2780.dat
1 0 -10 -123.62 157.802 -1 0 0 0 0.998 0.072 0 0.072 -0.998 2780.dat
1 71 20 -164.98 174.882 -1 0 0 0 0.998 0.072 0 0.072 -0.998 94925.dat
1 0 20 -207.024 -48.854 -1 0 0 0 0.998 0.072 0 0.072 -0.998 32530.dat
1 1 20 -228.98 -50.438 0 -0.6 0.8 0.072 0.7984 0.5988 -0.998 0.0576 0.0432 6558.dat
1 0 20 -209.74 -39.018 0 0 -1 -0.072 0.998 0 0.998 0.072 0 2780.dat
1 0 0 -148.42 -54.658 0 0 -1 -0.072 0.998 0 0.998 0.072 0 2780.dat
1 0 40 -148.42 -54.658 0 0 -1 -0.072 0.998 0 0.998 0.072 0 2780.dat
1 71 20 -227.54 -70.398 1 0 0 0 0.072 0.998 0 -0.998 0.072 60484.dat
1 16 8.3004 -182.3204 173.5665 0 0.831146 -0.556054 -0.072 0.554942 0.829484 0.998 0.040036 0.059843 3711.dat
1 16 23.9853 -185.4736 173.3391 0 0.19747 -0.980309 -0.072 0.978348 0.197075 0.998 0.070582 0.014218 3711.dat
1 16 37.3651 -176.7173 173.9708 0 -0.548367 -0.836238 -0.072 0.834566 -0.54727 0.998 0.060209 -0.039482 3711.dat
1 16 40.8409 -161.1306 175.0953 0 -0.976119 -0.217236 -0.072 0.216802 -0.974167 0.998 0.015641 -0.070281 3711.dat
1 16 40.9952 -145.1634 176.2472 0 -0.999954 -0.00964 -0.072 0.009621 -0.997954 0.998 0.000694 -0.071997 3711.dat
1 16 41 -129.1954 177.3992 0 -1 -0.000302 -0.072 0.000301 -0.998 0.998 0.000022 -0.072 3711.dat
1 16 41 -113.2274 178.5512 0 -1 -0.000001 -0.072 0.000001 -0.998 0.998 0 -0.072 3711.dat
1 16 41 -97.2594 179.7032 0 -1 0 -0.072 0 -0.998 0.998 0 -0.072 3711.dat
1 16 40.6184 -81.2959 180.8549 0 -0.999715 0.023853 -0.072 -0.023805 -0.997716 0.998 -0.001717 -0.071979 3711.dat
1 16 31.923 -67.8918 181.8219 0 -0.839435 0.54346 -0.072 -0.542373 -0.837756 0.998 -0.039129 -0.060439 3711.dat
1 16 16.2803 -64.5359 182.064 0 -0.210163 0.977666 -0.072 -0.975711 -0.209743 0.998 -0.070392 -0.015132 3711.dat
1 16 2.8198 -73.1682 181.4413 0 0.540594 0.841283 -0.072 -0.8396 0.539513 0.998 -0.060572 0.038923 3711.dat
1 16 -0.9486 -88.687 180.3217 0 0.971868 0.235524 -0.072 -0.235053 0.969924 0.998 -0.016958 0.069974 3711.dat
1 16 -0.9977 -104.6549 179.1697 0 0.999995 0.003067 -0.072 -0.003061 0.997995 0.998 -0.000221 0.072 3711.dat
1 16 -1 -120.6229 178.0177 0 1 0.000144 -0.072 -0.000144 0.998 0.998 -0.00001 0.072 3711.dat
1 16 -1 -136.5909 176.8657 0 1 0.000002 -0.072 -0.000002 0.998 0.998 0 0.072 3711.dat
1 16 -1 -152.5589 175.7137 0 1 0 -0.072 0 0.998 0.998 0 0.072 3711.dat
1 16 -0.6696 -168.5235 174.5619 0 0.999787 -0.02065 -0.072 0.020609 0.997787 0.998 0.001487 0.071985 3711.dat
1 71 -20 -129.323 237.621 0 -1 0 0.998 0 -0.072 0.072 0 0.998 32278.dat
1 4 -20 -49.472 243.344 0 -1 0 0.998 0 -0.072 0.072 0 0.998 32278.dat
1 0 20 -106.499 199.126 1 0 0 0 0.072 0.998 0 -0.998 0.072 32524.dat
1 71 20 -87.967 220.52 1 0 0 0 0.998 -0.072 0 0.072 0.998 48989.dat
1 1 20 -107.929 219.089 1 0 0 0 0.998 -0.072 0 0.072 0.998 6558.dat
1 1 20 -68.004 221.951 1 0 0 0 0.998 -0.072 0 0.072 0.998 6558.dat
1 0 0 -48.041 223.382 0 -1 0 -0.072 0 -0.998 0.998 0 -0.072 32526.dat
1 1 0 -130.754 257.584 -1 0 0 0 0.998 0.072 0 0.072 -0.998 6558.dat
1 0 0 -48.041 223.382 -1 0 0 0 0.998 0.072 0 0.072 -0.998 32054.dat
1 72 40 -48.041 223.382 -1 0 0 0 0.998 0.072 0 0.072 -0.998 11214.dat
1 1 -20 -136.478 337.435 -1 0 0 0 0.998 0.072 0 0.072 -0.998 6558.dat
1 1 -20 -139.34 377.361 -1 0 0 0 0.998 0.072 0 0.072 -0.998 6558.dat
1 1 -10 -135.047 317.472 1 0 0 0 0.998 -0.072 0 0.072 0.998 4274.dat
1 1 20 -214.899 311.748 -1 0 0 0 0.072 -0.998 0 -0.998 -0.072 24116.dat
1 0 -10 -56.627 343.159 1 0 0 0 0.998 -0.072 0 0.072 0.998 2780.dat
1 1 10 -129.323 237.621 1 0 0 0 0.883 -0.472 0 0.472 0.883 43093.dat
1 4 20 -146.978 228.193 -1 0 0 0 -0.883 -0.472 0 -0.472 0.883 42003.dat
1 1 20 -151.691 237.022 0 0 -1 -0.472 0.883 0 0.883 0.472 0 43093.dat
1 1 20 -169.347 227.594 0 0 -1 -0.472 0.883 0 0.883 0.472 0 4274.dat
1 72 20 -162.532 257.324 -1 0 0 0 0.472 -0.883 0 -0.883 -0.472 40001.dat
1 0 40 -48.041 223.382 0 -1 0 -0.072 0 -0.998 0.998 0 -0.072 32526.dat
1 0 50 -130.754 257.584 1 0 0 0 0.998 -0.072 0 0.072 0.998 2780.dat
1 87 20 -173.117 234.656 -1 0 0 0 0.472 -0.883 0 -0.883 -0.472 98138.dat
1 71 60 -85.105 180.594 0 -0.173 -0.985 -0.072 0.983 -0.173 0.998 0.07 -0.012 4519.dat
1 0 60 -87.251 210.538 -0.174 -0.985 0 0.983 -0.174 -0.072 0.07 -0.012 0.998 59443.dat
1 72 60 -91.329 267.432 0 -0.171 -0.985 -0.072 0.983 -0.171 0.998 0.07 -0.012 59426.dat
1 71 60 -89.398 240.483 0 0 -1 -0.998 -0.072 0 -0.072 0.998 0 60484.dat
1 0 20 -92.975 290.39 -0.001 -1 0 0.998 -0.001 -0.072 0.072 0 0.998 59443.dat
1 14 20 -97.985 360.278 0 0 -1 -0.072 0.998 0 0.998 0.072 0 44294.dat
1 0 20 -102.994 430.16 -0.001 -1 0 0.998 -0.001 -0.072 0.072 0 0.998 59443.dat
1 71 20 -105.138 460.074 0 -1 0 -0.072 0 -0.998 0.998 0 -0.072 14720.dat
1 1 20 -143.618 437.234 1 0 0 0 -0.072 -0.998 0 0.998 -0.072 6558.dat
1 1 20 -146.498 477.154 1 0 0 0 -0.072 -0.998 0 0.998 -0.072 6558.dat
1 1 20 -66.658 482.914 1 0 0 0 -0.072 -0.998 0 0.998 -0.072 6558.dat
1 1 20 -63.778 442.994 1 0 0 0 -0.072 -0.998 0 0.998 -0.072 6558.dat
1 4 0 -146.498 477.154 0 -1 0 -0.998 0 0.072 -0.072 0 -0.998 32278.dat
1 4 0 -66.658 482.914 0 -1 0 -0.998 0 0.072 -0.072 0 -0.998 32278.dat
1 1 20 -142.178 417.274 1 0 0 0 -0.072 -0.998 0 0.998 -0.072 6558.dat
1 0 10 -140.738 397.314 1 0 0 0 -0.072 -0.998 0 0.998 -0.072 2780.dat
1 0 20 -222.018 411.514 0 -1 0 0.072 0 0.998 -0.998 0 0.072 32526.dat
1 0 30 -139.298 377.354 1 0 0 0 -0.072 -0.998 0 0.998 -0.072 2780.dat
1 0 30 -182.098 414.394 1 0 0 0 -0.072 -0.998 0 0.998 -0.072 2780.dat
1 0 30 -222.018 411.514 1 0 0 0 -0.072 -0.998 0 0.998 -0.072 2780.dat
1 0 -10 -147.938 497.114 1 0 0 0 -0.072 -0.998 0 0.998 -0.072 2780.dat
1 0 -10 -68.098 502.874 1 0 0 0 -0.072 -0.998 0 0.998 -0.072 2780.dat
1 71 -20 -108.018 499.994 0 -1 0 -0.072 0 -0.998 0.998 0 -0.072 32316.dat
1 0 -30 -108.018 499.994 1 0 0 0 -0.998 0.072 0 -0.072 -0.998 15461.dat
1 1 20 -155.138 596.914 1 0 0 0 -0.072 -0.998 0 0.998 -0.072 6558.dat
1 1 20 -153.698 576.954 1 0 0 0 -0.072 -0.998 0 0.998 -0.072 6558.dat
1 1 20 -150.818 537.034 1 0 0 0 -0.072 -0.998 0 0.998 -0.072 6558.dat
1 1 20 -73.858 582.714 1 0 0 0 -0.072 -0.998 0 0.998 -0.072 6558.dat
1 1 20 -70.978 542.794 1 0 0 0 -0.072 -0.998 0 0.998 -0.072 6558.dat
1 71 20 -75.298 602.674 1 0 0 0 -0.072 -0.998 0 0.998 -0.072 87082.dat
1 71 20 -105.138 460.074 0 0 -1 -0.072 0.998 0 0.998 0.072 0 4519.dat
1 19 20 -106.068 473.05 1 0 0 0 0.998 -0.072 0 0.072 0.998 6589.dat
1 71 20 -132.256 558.458 0 0 -1 -0.072 0.998 0 0.998 0.072 0 4519.dat
1 71 20 -130.816 538.498 0 0 1 -0.072 -0.998 0 0.998 -0.072 0 6536.dat
1 0 20 -131.896 553.468 -1 0 0 0 -0.072 0.998 0 0.998 0.072 6632.dat
1 0 20 -132.616 563.448 -1 0 0 0 -0.072 0.998 0 0.998 0.072 6632.dat
1 71 20 -133.696 578.418 0 0 1 -0.072 -0.998 0 0.998 -0.072 0 6536.dat
1 71 20 -92.336 561.338 0 0 -1 -0.072 0.998 0 0.998 0.072 0 4519.dat
1 71 20 -93.776 581.298 0 0 -1 -0.072 0.998 0 0.998 0.072 0 6536.dat
1 71 20 -90.896 541.378 0 0 -1 -0.072 0.998 0 0.998 0.072 0 6536.dat
1 72 20 -114.312 587.842 0 0 1 0.072 0.998 0 -0.998 0.072 0 55013.dat
1 0 20 -111.576 549.918 0 0 -1 -0.998 -0.072 0 -0.072 0.998 0 87408.dat
1 19 20 -109.92 526.964 0 1 0 0.998 0 0.072 0.072 0 -0.998 6589.dat
1 71 20 -109.056 514.988 0 1 0 0.998 0 0.072 0.072 0 -0.998 32123.dat
1 4 20 -113.736 579.858 0 1 0 0.998 0 0.072 0.072 0 -0.998 3713.dat
1 4 20 -115.176 599.818 0 1 0 0.998 0 0.072 0.072 0 -0.998 3713.dat
1 0 20 -107.976 500.018 -1 0 0 0 0.072 -0.998 0 -0.998 -0.072 3708.dat
1 19 37 -107.976 500.018 0 0 1 -0.998 0.072 0 -0.072 -0.998 0 32198.dat
1 71 20 -135.118 598.383 0 0 1 -0.072 -0.998 0 0.998 -0.072 0 6536.dat
1 1 20 -135.833 608.365 0 0 -1 0.072 -0.998 0 -0.998 -0.072 0 43093.dat
1 0 0 -26.567 326.351 0 1 0 0.994 0 0.108 0.108 0 -0.994 32525.dat
1 71 20 -15.767 226.951 1 0 0 0 -0.994 0.108 0 -0.108 -0.994 32073.dat
1 0 -20 -15.767 226.951 0 -1 0 -0.994 0 0.108 -0.108 0 -0.994 53585.dat
1 4 20 -15.767 226.951 0 0 1 -0.994 0.108 0 -0.108 -0.994 0 3713.dat
1 1 20 -35.207 405.871 1 0 0 0 0.108 0.994 0 -0.994 0.108 6558.dat
1 1 20 -37.367 425.751 1 0 0 0 0.108 0.994 0 -0.994 0.108 6558.dat
1 0 20 -39.527 445.631 0 1 0 -0.994 0 -0.108 -0.108 0 0.994 32316.dat
1 71 20 -51.1254 263.5488 -1 0 0 0 -0.989408 0.145944 0 0.145944 0.989408 92693.dat
1 25 20 -46.7442 293.2233 -1 0 0 0 -0.989408 0.145944 0 0.145944 0.989408 92695.dat
1 72 20 -33.047 385.991 -1 0 0 0 -0.989408 0.145944 0 0.145944 0.989408 92696.dat
1 1 20 -33.047 385.991 1 0 0 0 0.14964 0.98847 0 -0.98847 0.14964 6558.dat
1 0 20 -48.8951 283.4362 -1 0 0 0 -0.988176 0.153118 0 0.153118 0.988176 32270.dat
1 14 20 -51.1254 263.5488 -1 0 0 0 -0.989408 0.145944 0 0.145944 0.989408 44294.dat
1 19 3 -51.1254 263.5488 0 0 1 0.989408 0.145944 0 -0.145944 0.989408 0 6589.dat
1 0 40 -26.567 326.351 0 1 0 0.994 0 0.108 0.108 0 -0.994 32525.dat
1 0 60 -15.767 226.951 0 -1 0 -0.994 0 0.108 -0.108 0 -0.994 53585.dat
1 1 20 -39.527 445.631 1 0 0 0 0.108 0.994 0 -0.994 0.108 6558.dat
1 1 20 -43.847 485.391 1 0 0 0 0.108 0.994 0 -0.994 0.108 6558.dat
1 0 0 -46.007 505.271 0 1 0 -0.994 0 -0.108 -0.108 0 0.994 32524.dat
1 1 20 -52.487 564.911 1 0 0 0 0.108 0.994 0 -0.994 0.108 6558.dat
1 71 20 -46.007 505.271 0 1 0 -0.994 0 -0.108 -0.108 0 0.994 32140.dat
1 71 20 -46.007 505.271 -1 0 0 0 -0.994 -0.108 0 -0.108 0.994 4519.dat
1 0 40 -46.007 505.271 0 1 0 -0.994 0 -0.108 -0.108 0 0.994 32524.dat
1 1 20 -72.367 562.751 1 0 0 0 0.108 0.994 0 -0.994 0.108 6558.dat
1 0 -50 -50.903 263.307 0 0 -1 0.991 -0.145 0 -0.145 -0.991 0 59443.dat
1 4 40 -66.643 482.899 0 -1 0 0.998 0 -0.072 0.072 0 0.998 32278.dat
1 0 20 -59.488 383.085 -1 0 0 0 0.89 0.457 0 0.457 -0.89 3708.dat
1 4 20 -59.488 383.085 0 0 1 0.072 0.998 0 -0.998 0.072 0 3713.dat
1 0 50 -56.627 343.159 1 0 0 0 0.998 -0.072 0 0.072 0.998 2780.dat
1 4 40 -146.495 477.175 0 -1 0 0.998 0 -0.072 0.072 0 0.998 32278.dat
1 0 50 -68.074 502.862 1 0 0 0 0.998 -0.072 0 0.072 0.998 2780.dat
1 0 50 -147.926 497.138 1 0 0 0 0.998 -0.072 0 0.072 0.998 2780.dat
1 71 60 -108 500 0 1 0 0.072 0 -0.998 -0.998 0 -0.072 32316.dat
1 0 70 -108 500 -1 0 0 0 -0.998 -0.072 0 -0.072 0.998 15461.dat
1 4 60 -49.472 243.344 0 -1 0 0.998 0 -0.072 0.072 0 0.998 32278.dat
1 0 90 -50.903 263.307 0 0 -1 0.991 -0.145 0 -0.145 -0.991 0 59443.dat
1 1 -20 -117.876 77.918 -1 0 0 0 0.998 0.072 0 0.072 -0.998 6558.dat
1 1 -20 -112.152 -1.934 -1 0 0 0 0.998 0.072 0 0.072 -0.998 6558.dat
1 71 -20 -115.014 37.992 0 -1 0 -0.998 0 0.072 -0.072 0 -0.998 32316.dat
1 0 -30 -115.014 37.992 1 0 0 0 0.998 -0.072 0 0.072 0.998 2780.dat
1 0 -30 -120.738 117.843 1 0 0 0 0.998 -0.072 0 0.072 0.998 2780.dat
1 1 -20 -127.892 217.658 1 0 0 0 -0.998 0.072 0 -0.072 -0.998 6558.dat
1 71 -102.426 -38.198 86.063 -0.707 0 0.707 -0.051 -0.998 -0.051 0.706 -0.072 0.706 32073.dat
1 71 -88.284 -37.186 71.947 0.707 0.707 0 0.051 -0.051 -0.998 -0.706 0.706 -0.072 63869.dat
1 71 -116.569 -39.21 100.18 0.707 0.707 0 0.051 -0.051 -0.998 -0.706 0.706 -0.072 6536.dat
1 0 -60 -47.167 71.232 0 1 0 -0.998 0 -0.072 -0.072 0 0.998 2780.dat
1 0 -74.142 -48.179 85.347 0 1 0 -0.998 0 -0.072 -0.072 0 0.998 2780.dat
1 0 -88.284 -49.191 99.464 0 1 0 -0.998 0 -0.072 -0.072 0 0.998 2780.dat
1 0 -102.426 -50.203 113.58 0 1 0 -0.998 0 -0.072 -0.072 0 0.998 2780.dat
1 71 -88.284 -57.149 70.516 -0.707 0 -0.707 0.051 -0.998 -0.051 -0.706 -0.072 0.706 32316.dat
1 71 -125.054 -39.817 108.649 0.707 -0.707 0 -0.051 -0.051 -0.998 0.706 0.706 -0.072 6233.dat
1 16 -60 -49.1656 71.0878 0.707 0 0.707 0.051 0.998 -0.051 -0.706 0.072 0.706 79.dat
1 16 -60 -54.4212 70.7087 0.707 0 0.707 0.051 0.998 -0.051 -0.706 0.072 0.706 80.dat
1 16 -60 -59.3382 70.3539 0.707 0 0.707 0.051 0.998 -0.051 -0.706 0.072 0.706 80.dat
1 16 -60 -64.2553 69.9992 0.707098 0.023142 0.706522 0.059516 0.994572 -0.092142 -0.705234 0.10711 0.702302 80.dat
1 16 -60.2257 -69.0989 69.3049 0.708126 0.110739 0.697132 0.095137 0.964236 -0.249806 -0.70028 0.243206 0.672692 80.dat
1 16 -61.1322 -73.7892 67.5402 0.713214 0.234346 0.660383 0.155304 0.86671 -0.475292 -0.68416 0.441664 0.582163 80.dat
1 16 -62.6244 -77.8865 64.8093 0.71936 0.318483 0.617079 0.214673 0.743682 -0.63408 -0.661269 0.588825 0.466974 80.dat
1 16 -64.3182 -81.2738 61.6682 0.720837 0.354009 0.595624 0.265899 0.653058 -0.709942 -0.640714 0.670413 0.376946 80.dat
1 16 -66.1095 -84.3034 58.2236 0.717577 0.365796 0.59243 0.31552 0.588256 -0.745391 -0.621568 0.722123 0.306996 80.dat
1 16 -67.9231 -87.0609 54.5645 0.70946 0.364907 0.602667 0.366734 0.539756 -0.758535 -0.602491 0.759522 0.249374 80.dat
1 16 -69.7073 -89.6161 50.7466 0.69556 0.355073 0.624354 0.42163 0.502587 -0.75554 -0.582464 0.789146 0.200103 80.dat
1 16 -71.4247 -92.0079 46.7936 0.674412 0.33779 0.656326 0.482033 0.472628 -0.738562 -0.560074 0.81486 0.156125 80.dat
1 16 -73.0391 -94.2672 42.7209 0.643726 0.313296 0.697969 0.548189 0.448391 -0.706854 -0.53481 0.838051 0.117073 80.dat
1 16 -74.5152 -96.4186 38.5388 0.60054 0.280989 0.748396 0.619833 0.42857 -0.658286 -0.506099 0.859634 0.083358 80.dat
1 16 -75.8112 -98.4799 34.2534 0.540736 0.238439 0.806505 0.696426 0.411864 -0.588697 -0.472919 0.880442 0.056779 80.dat
1 16 -76.8682 -100.4615 29.867 0.459881 0.182306 0.868891 0.774608 0.397259 -0.49333 -0.435483 0.900379 0.041577 80.dat
1 16 -77.6111 -102.3713 25.3871 0.354648 0.107417 0.928647 0.847511 0.383988 -0.368079 -0.396488 0.918046 0.045227 80.dat
1 16 -77.9305 -104.2098 20.8319 0.223944 0.003196 0.974442 0.905669 0.370325 -0.209354 -0.361879 0.929882 0.080116 80.dat
1 16 -77.6173 -106.0487 16.018 0.075478 -0.143859 0.986562 0.93637 0.352144 -0.020289 -0.344838 0.925797 0.161381 80.dat
1 16 -76.4687 -107.7622 11.303 -0.064888 -0.336719 0.939206 0.930094 0.322199 0.179773 -0.363498 0.885675 0.292414 80.dat
1 16 -74.3223 -109.1945 7.1599 -0.159896 -0.554731 0.816336 0.89219 0.27385 0.360845 -0.424108 0.786435 0.451341 80.dat
1 16 -71.1136 -110.3452 3.6823 -0.1869 -0.75279 0.630932 0.842423 0.208336 0.498122 -0.50685 0.624937 0.595494 80.dat
1 16 -67.0499 -111.164 1.1089 -0.158232 -0.888589 0.430199 0.80106 0.139656 0.5831 -0.578673 0.437109 0.690021 80.dat
1 16 -62.4774 -111.6809 -0.5703 -0.107151 -0.959661 0.259359 0.77566 0.082757 0.626665 -0.623329 0.268464 0.735828 80.dat
1 16 -57.6675 -111.9648 -1.5171 -0.057109 -0.989704 0.130089 0.762955 0.040899 0.64609 -0.645248 0.136221 0.753097 80.dat
1 16 -52.7663 -112.0794 -1.9072 -0.020441 -0.99862 0.045154 0.757999 0.014011 0.65303 -0.653255 0.047601 0.757 80.dat
1 16 -47.8422 -112.102 -1.9854 -0.003447 -0.999815 0.007501 0.756805 0.002301 0.654559 -0.65495 0.007938 0.75699 80.dat
1 16 -42.916 -112.102 -1.9854 -0.000001 -0.999849 0.000003 0.756693 0.000001 0.654693 -0.655088 0.000003 0.756912 80.dat
1 16 -37.9899 -112.102 -1.9854 0 -0.999849 0 0.756693 0 0.654693 -0.655088 0 0.756912 80.dat
1 16 -32.8656 -112.102 -1.9854 0 0.999849 0 0.756693 0 -0.654693 -0.655088 0 -0.756912 79.dat
1 16 -74.142 -50.0961 85.2087 0.707 0 0.707 0.051 0.998 -0.051 -0.706 0.072 0.706 79.dat
1 16 -74.142 -55.4326 84.8237 0.707 0 0.707 0.051 0.998 -0.051 -0.706 0.072 0.706 80.dat
1 16 -74.142 -60.4251 84.4635 0.707 0 0.707 0.051 0.998 -0.051 -0.706 0.072 0.706 80.dat
1 16 -74.142 -65.1682 84.1213 0.707026 0.014877 0.706817 0.054521 0.996259 -0.075507 -0.705711 0.09182 0.703987 80.dat
1 16 -74.2829 -69.8803 83.5925 0.706827 0.076014 0.703076 0.071812 0.981956 -0.178359 -0.704363 0.176507 0.689038 80.dat
1 16 -74.9038 -74.6539 82.3791 0.706772 0.172029 0.685987 0.107852 0.932997 -0.345093 -0.69981 0.317924 0.641284 80.dat
1 16 -75.9964 -79.1126 80.4421 0.706378 0.247844 0.662798 0.154727 0.860478 -0.486664 -0.691362 0.446444 0.569879 80.dat
1 16 -77.2982 -83.0181 78.0799 0.703467 0.28415 0.651222 0.206349 0.795929 -0.570195 -0.680771 0.535677 0.501653 80.dat
1 16 -78.6961 -86.6572 75.3658 0.696647 0.292991 0.654628 0.264759 0.743834 -0.61467 -0.667452 0.601757 0.440967 80.dat
1 16 -80.1564 -90.2491 72.2064 0.683825 0.281216 0.673051 0.333026 0.701218 -0.631342 -0.649925 0.65614 0.386179 80.dat
1 16 -81.5158 -93.659 68.8082 0.661379 0.250311 0.706837 0.411962 0.667073 -0.621697 -0.627555 0.702668 0.338361 80.dat
1 16 -82.6117 -96.7498 65.3689 0.624113 0.199107 0.75534 0.501577 0.639983 -0.583136 -0.599934 0.743132 0.299817 80.dat
1 16 -83.4132 -99.721 61.7503 0.56384 0.120719 0.816829 0.602657 0.617059 -0.507197 -0.565679 0.778597 0.275407 80.dat
1 16 -83.7695 -102.7236 57.7759 0.469012 0.002084 0.883018 0.710947 0.593386 -0.379018 -0.525173 0.805914 0.277042 80.dat
1 16 -83.4531 -105.5832 53.7081 0.334715 -0.165979 0.927424 0.806664 0.560431 -0.190833 -0.48849 0.812374 0.321689 80.dat
1 16 -82.2265 -108.0812 49.9002 0.179473 -0.376128 0.908854 0.862215 0.506213 0.039233 -0.475238 0.776954 0.415388 80.dat
1 16 -79.9496 -110.2452 46.4038 0.044366 -0.597945 0.80012 0.867037 0.42194 0.267246 -0.497822 0.682204 0.537428 80.dat
1 16 -76.4685 -112.023 43.3774 -0.035358 -0.784181 0.61928 0.838285 0.314821 0.446512 -0.545553 0.53518 0.646538 80.dat
1 16 -72.2368 -113.2929 41.1203 -0.059085 -0.901033 0.429357 0.804424 0.212174 0.555958 -0.592501 0.378418 0.7126 80.dat
1 16 -67.7955 -114.0752 39.6764 -0.052774 -0.958317 0.280253 0.780958 0.135581 0.610679 -0.623701 0.251216 0.741582 80.dat
1 16 -63.1734 -114.5686 38.7412 -0.037028 -0.984653 0.169659 0.767455 0.080885 0.636927 -0.641364 0.153866 0.753016 80.dat
1 16 -58.2154 -114.8479 38.1993 -0.019889 -0.99612 0.083948 0.760321 0.039538 0.649273 -0.650565 0.076779 0.756919 80.dat
1 16 -53.2231 -114.9607 37.9766 -0.00682 -0.999447 0.027514 0.757434 0.012828 0.653708 -0.654195 0.025311 0.757262 80.dat
1 16 -48.4717 -114.9786 37.941 -0.001032 -0.99984 0.004057 0.756747 0.001876 0.654626 -0.655024 0.003747 0.756959 80.dat
1 16 -43.7199 -114.9786 37.941 0 -0.999849 -0.000001 0.756693 -0.000001 0.654693 -0.655088 -0.000001 0.756912 80.dat
1 16 -38.7181 -114.9786 37.941 0 -0.999849 0 0.756693 0 0.654693 -0.655088 0 0.756912 80.dat
1 16 -33.6461 -114.9786 37.941 0 0.999849 0 0.756693 0 -0.654693 -0.655088 0 -0.756912 79.dat
1 16 -88.284 -51.162 99.3218 0.707 0 0.707 0.051 0.998 -0.051 -0.706 0.072 0.706 79.dat
1 16 -88.284 -56.3604 98.9468 0.707 0 0.707 0.051 0.998 -0.051 -0.706 0.072 0.706 80.dat
1 16 -88.284 -61.468 98.5783 0.707 0 0.707 0.051 0.998 -0.051 -0.706 0.072 0.706 80.dat
1 16 -88.284 -66.5756 98.2098 0.707002 0.008969 0.706941 0.051424 0.997224 -0.06408 -0.705967 0.08155 0.704993 80.dat
1 16 -88.3712 -71.4225 97.7667 0.706569 0.04155 0.70621 0.055487 0.992548 -0.113913 -0.706095 0.119587 0.699417 80.dat
1 16 -88.688 -76.2221 97.0479 0.704943 0.086747 0.703725 0.069222 0.97993 -0.190137 -0.706512 0.182702 0.685213 80.dat
1 16 -89.2151 -80.9433 95.992 0.701739 0.115151 0.702851 0.097112 0.96276 -0.254692 -0.706427 0.246975 0.664847 80.dat
1 16 -89.8094 -85.5837 94.6467 0.696156 0.113978 0.708572 0.141401 0.946785 -0.29122 -0.704486 0.302955 0.643408 80.dat
1 16 -90.3261 -90.1511 93.0449 0.685733 0.080725 0.723155 0.204918 0.932816 -0.298444 -0.699096 0.352898 0.623525 80.dat
1 16 -90.5975 -94.6497 91.2132 0.664422 0.005735 0.747134 0.293543 0.91824 -0.268094 -0.688026 0.397528 0.608807 80.dat
1 16 -90.36 -99.2768 89.0706 0.619831 -0.126373 0.774297 0.411682 0.893283 -0.183762 -0.668894 0.432775 0.606088 80.dat
1 16 -89.3318 -103.7075 86.7966 0.537437 -0.316459 0.781481 0.545424 0.838119 -0.035703 -0.644132 0.445552 0.623405 80.dat
1 16 -87.3066 -107.5202 84.6537 0.417639 -0.534643 0.73446 0.662007 0.733571 0.157556 -0.623477 0.420544 0.660662 80.dat
1 16 -84.2325 -110.69 82.7405 0.287347 -0.727552 0.622735 0.734216 0.585559 0.34533 -0.616362 0.358107 0.70279 80.dat
1 16 -80.3446 -113.1044 81.1958 0.181745 -0.857444 0.481099 0.762829 0.432224 0.482162 -0.621846 0.27946 0.732983 80.dat
1 16 -75.9731 -114.842 80.0326 0.11169 -0.929934 0.349922 0.768138 0.304583 0.564268 -0.631796 0.205836 0.74868 80.dat
1 16 -71.3437 -116.0468 79.1962 0.068351 -0.967013 0.244766 0.765841 0.208361 0.609327 -0.640715 0.145856 0.755159 80.dat
1 16 -66.5866 -116.8621 78.6138 0.041519 -0.985344 0.164534 0.762399 0.137858 0.633205 -0.647098 0.099186 0.757285 80.dat
1 16 -61.5179 -117.406 78.2158 0.02361 -0.994453 0.101015 0.759647 0.083642 0.645869 -0.651227 0.06151 0.757743 80.dat
1 16 -56.4178 -117.7156 77.9849 0.011209 -0.998494 0.050814 0.757861 0.041689 0.652007 -0.653639 0.031212 0.757521 80.dat
1 16 -51.5538 -117.8317 77.8969 0.00375 -0.999686 0.017681 0.756982 0.01441 0.654199 -0.654742 0.010935 0.757132 80.dat
1 16 -46.6871 -117.8558 77.8784 0.000633 -0.999844 0.003052 0.756722 0.002478 0.654654 -0.655054 0.001896 0.756939 80.dat
1 16 -41.82 -117.8558 77.8784 0 -0.999849 0 0.756693 0 0.654693 -0.655088 0 0.756912 80.dat
1 16 -36.9529 -117.8558 77.8784 0 -0.999849 0 0.756693 0 0.654693 -0.655088 0 0.756912 80.dat
1 16 -31.8597 -117.8558 77.8784 0 0.999849 0 0.756693 0 -0.654693 -0.655088 0 -0.756912 79.dat
1 16 -102.426 -52.1265 113.4412 0.707 0 0.707 0.051 0.998 -0.051 -0.706 0.072 0.706 79.dat
1 16 -102.426 -57.4762 113.0553 0.707 0 0.707 0.051 0.998 -0.051 -0.706 0.072 0.706 80.dat
1 16 -102.426 -62.4824 112.6941 0.707 0 0.707 0.051 0.998 -0.051 -0.706 0.072 0.706 80.dat
1 16 -102.426 -67.2391 112.3509 0.706996 0.001695 0.707002 0.046561 0.998319 -0.048955 -0.70631 0.067413 0.706143 80.dat
1 16 -102.4422 -71.9983 112.0515 0.707199 0.006074 0.706775 0.0293 0.999455 -0.037907 -0.707031 0.047388 0.707048 80.dat
1 16 -102.4866 -77.0134 111.8968 0.708396 0.005095 0.705582 0.004412 1.000526 -0.011655 -0.706419 0.01122 0.709156 80.dat
1 16 -102.4964 -82.0308 111.9396 0.71179 -0.014066 0.702036 -0.009498 1.000117 0.029669 -0.702939 -0.027958 0.712146 80.dat
1 16 -102.3559 -86.7904 112.1611 0.717465 -0.058091 0.69395 -0.001666 0.996969 0.085179 -0.697196 -0.06246 0.715593 80.dat
1 16 -101.9443 -91.5222 112.5357 0.723473 -0.130077 0.677765 0.03105 0.98781 0.156437 -0.690254 -0.09234 0.719083 80.dat
1 16 -101.1204 -96.1827 113.0423 0.724797 -0.235111 0.647372 0.093918 0.965465 0.245484 -0.683139 -0.117344 0.722224 80.dat
1 16 -99.6248 -100.9098 113.6899 0.71093 -0.375944 0.59409 0.192117 0.917281 0.35056 -0.677157 -0.135309 0.72471 80.dat
1 16 -97.3869 -105.3118 114.4019 0.669148 -0.535856 0.514584 0.316189 0.832678 0.455937 -0.673236 -0.142595 0.726964 80.dat
1 16 -94.48 -108.9929 115.0839 0.596945 -0.68358 0.419611 0.441335 0.717164 0.540468 -0.670837 -0.137632 0.730131 80.dat
1 16 -90.9356 -112.0786 115.714 0.503047 -0.801032 0.324021 0.548574 0.586108 0.597286 -0.668826 -0.122876 0.734594 80.dat
1 16 -86.6864 -114.643 116.2814 0.401671 -0.883894 0.238936 0.62921 0.456281 0.630166 -0.666502 -0.102909 0.739757 80.dat
1 16 -82.1164 -116.6245 116.7472 0.309012 -0.935222 0.171955 0.68222 0.344192 0.645997 -0.663826 -0.082411 0.744715 80.dat
1 16 -77.5808 -118.0235 117.0934 0.232496 -0.964655 0.122821 0.714368 0.255249 0.652482 -0.661261 -0.064037 0.748792 80.dat
1 16 -72.9393 -119.0522 117.3582 0.169797 -0.98155 0.086173 0.733752 0.18442 0.654831 -0.659136 -0.048015 0.751858 80.dat
1 16 -67.9883 -119.8099 117.5599 0.117269 -0.991273 0.057664 0.745405 0.126312 0.655456 -0.657513 -0.033922 0.754044 80.dat
1 16 -63.0025 -120.3171 117.6985 0.073691 -0.996503 0.035346 0.751983 0.078855 0.65537 -0.65636 -0.021739 0.755496 80.dat
1 16 -58.2467 -120.5921 117.7756 0.038709 -0.998933 0.018234 0.755232 0.041223 0.655081 -0.655629 -0.0116 0.756355 80.dat
1 16 -53.4835 -120.7099 117.8092 0.013928 -0.999731 0.006485 0.756433 0.014786 0.654826 -0.65524 -0.00422 0.756769 80.dat
1 16 -48.7182 -120.733 117.8159 0.002296 -0.999846 0.00106 0.756676 0.002432 0.654708 -0.655104 -0.000702 0.756899 80.dat
1 16 -43.7027 -120.7331 117.8159 0.000001 -0.999849 0.000001 0.756693 0.000002 0.654693 -0.655088 -0.000001 0.756912 80.dat
1 16 -38.6872 -120.7331 117.8159 0 -0.999849 0 0.756693 0 0.654693 -0.655088 0 0.756912 80.dat
1 16 -33.7523 -120.7331 117.8159 0 0.999849 0 0.756693 0 -0.654693 -0.655088 0 -0.756912 79.dat
1 0 -40 -59.488 383.085 0 1 0 0.072 0 -0.998 -0.998 0 -0.072 32526.dat
1 0 -40 -119.377 378.792 -1 0 0 0 0.552 0.834 0 0.834 -0.552 32054.dat
1 1 -50 -99.414 380.223 -1 0 0 0 0.998 0.072 0 0.072 -0.998 43093.dat
1 4 -60 -99.414 380.223 0 0 1 0.072 0.998 0 -0.998 0.072 0 3713.dat
1 71 -75 -59.488 383.085 0 0 1 -0.89 0.457 0 -0.457 -0.89 0 32123.dat
1 72 -60 -154.487 238.804 0 1 0 -0.834 0 0.552 0.552 0 0.834 64451.dat
1 19 -70 -99.225 322.232 -1 0 0 0 0.997 0.089 0 0.089 -0.997 3749.dat
1 71 -80 -99.225 322.232 0 1 0 -0.089 0 0.997 0.997 0 0.089 32140.dat
1 0 -100 -59.488 383.085 0 0 -1 -0.457 0.89 0 0.89 0.457 0 59443.dat
1 71 -130 -59.488 383.085 -1 0 0 0 0.89 0.457 0 0.457 -0.89 4519.dat
1 0 -170 -59.488 383.085 0 0 -1 -0.89 -0.457 0 -0.457 0.89 0 32013.dat
1 0 -170 -77.289 373.936 0 0 -1 -0.89 -0.457 0 -0.457 0.89 0 18651.dat
1 71 40 -182.128 414.425 0 -1 0 -0.072 0 -0.998 0.998 0 -0.072 60484.dat
1 0 60 -223.484 431.526 -0.991 0.001 0.116 -0.07 0.79 -0.611 -0.092 -0.616 -0.78 15100.dat
1 71 60 -95.98 332.312 -0.985 -0.171 0 -0.171 0.983 0.072 -0.012 0.07 -0.998 62520.dat
1 71 60 -95.98 332.312 0.115 0.993 0 -0.611 0.071 -0.789 -0.784 0.091 0.615 62520.dat
1 71 60 -95.98 332.312 -0.985 -0.115 -0.126 -0.171 0.611 0.774 -0.012 0.784 -0.621 62519.dat
1 4 59.99 -151.217 375.243 0 -0.115 -0.992 -0.788 0.611 -0.072 0.613 0.784 -0.091 3706.dat
1 0 59.981 -198.564 412.043 0.992 -0.115 0 0.072 0.611 -0.788 0.091 0.784 0.613 59443.dat
1 71 60 -223.397 431.458 -0.001 -0.993 0.118 -0.786 -0.072 -0.608 0.614 -0.091 -0.781 4519.dat
1 0 59.97 -247.012 449.868 0.984 -0.17 -0.001 0.106 0.607 -0.787 0.136 0.777 0.614 59443.dat
1 4 59.95 -262.759 462.146 0.001 -0.173 0.982 0.787 0.607 0.105 -0.614 0.776 0.137 32062.dat
1 0 59.94 -270.65 468.3 0.171 0.984 -0.001 -0.605 0.105 -0.786 -0.776 0.134 0.613 32270.dat
1 71 60 -126.461 197.695 0 -1 0 0.998 0 -0.072 0.072 0 0.998 32278.dat
1 0 70 -117.876 77.918 1 0 0 0 0.998 -0.072 0 0.072 0.998 2780.dat
1 0 70 -120.738 117.843 1 0 0 0 0.998 -0.072 0 0.072 0.998 2780.dat
1 1 60 -127.892 217.658 -1 0 0 0 -0.998 -0.072 0 -0.072 0.998 6558.dat
1 1 60 -136.478 337.435 -1 0 0 0 -0.998 -0.072 0 -0.072 0.998 6558.dat
1 1 50 -135.047 317.472 -1 0 0 0 -0.998 -0.072 0 -0.072 0.998 4274.dat
1 71 60 -113.583 18.029 0 -1 0 0.998 0 -0.072 0.072 0 0.998 32523.dat
1 72 100 -35.162 43.716 0 0 1 -0.998 0.072 0 -0.072 -0.998 0 32192.dat
1 71 128.284 -37.186 71.947 -0.707 -0.707 0 0.051 -0.051 0.998 -0.706 0.706 0.072 63869.dat
1 71 142.426 -38.198 86.063 0.707 0 -0.707 -0.051 0.998 -0.051 0.706 0.072 0.706 32073.dat
1 71 156.569 -39.21 100.18 -0.707 -0.707 0 0.051 -0.051 0.998 -0.706 0.706 0.072 6536.dat
1 71 165.054 -39.817 108.649 -0.707 0.707 0 -0.051 -0.051 0.998 0.706 0.706 0.072 6233.dat
1 0 142.429 -50.203 113.578 0 1 0 0.998 0 0.072 0.072 0 -0.998 2780.dat
1 0 128.287 -49.191 99.462 0 1 0 0.998 0 0.072 0.072 0 -0.998 2780.dat
1 0 114.145 -48.179 85.345 0 1 0 0.998 0 0.072 0.072 0 -0.998 2780.dat
1 0 100.003 -47.167 71.23 0 1 0 0.998 0 0.072 0.072 0 -0.998 2780.dat
1 0 100 -45.144 43 0 1 0 -0.998 0 -0.072 -0.072 0 0.998 2780.dat
1 71 128.28 -57.148 70.512 -0.707 0 -0.707 -0.051 0.998 0.051 0.706 0.072 -0.706 32316.dat
1 16 100.003 -49.1648 71.0859 0.707 0 0.707 0.051 0.998 -0.051 -0.706 0.072 0.706 79.dat
1 16 100.003 -54.4188 70.7068 0.707 0 0.707 0.051 0.998 -0.051 -0.706 0.072 0.706 80.dat
1 16 100.003 -59.3342 70.3522 0.707 0 0.707 0.051 0.998 -0.051 -0.706 0.072 0.706 80.dat
1 16 100.003 -64.2496 69.9976 0.70654 -0.022555 0.7071 0.091657 0.994596 -0.059858 -0.702348 0.107009 0.705204 80.dat
1 16 100.223 -69.0925 69.3044 0.694676 -0.108594 0.710866 0.248399 0.964575 -0.095391 -0.675752 0.242833 0.697458 80.dat
1 16 101.1084 -73.7857 67.5394 0.647478 -0.230382 0.726219 0.475363 0.867861 -0.148507 -0.59646 0.441492 0.671846 80.dat
1 16 102.5672 -77.8898 64.8038 0.582862 -0.312691 0.749796 0.64074 0.745388 -0.187233 -0.50073 0.589779 0.635206 80.dat
1 16 104.2228 -81.2851 61.6536 0.530575 -0.347029 0.773149 0.728087 0.654802 -0.205742 -0.435225 0.672366 0.600465 80.dat
1 16 105.9724 -84.3225 58.1969 0.488045 -0.358019 0.795822 0.779746 0.589833 -0.212836 -0.393551 0.724738 0.567388 80.dat
1 16 107.7409 -87.0874 54.5237 0.44987 -0.356416 0.818707 0.814533 0.541104 -0.212013 -0.36778 0.762597 0.534079 80.dat
1 16 109.4772 -89.6494 50.6903 0.412327 -0.345844 0.842661 0.840161 0.503523 -0.204449 -0.353926 0.792648 0.498499 80.dat
1 16 111.1423 -92.046 46.7201 0.371646 -0.327915 0.86836 0.860969 0.473198 -0.189792 -0.349006 0.818564 0.45848 80.dat
1 16 112.7024 -94.3108 42.6313 0.324155 -0.302963 0.89601 0.878765 0.448732 -0.166188 -0.352058 0.841667 0.411955 80.dat
1 16 114.1215 -96.4679 38.4345 0.264869 -0.269919 0.925573 0.894775 0.428224 -0.131175 -0.361293 0.863354 0.355165 80.dat
1 16 115.3553 -98.5327 34.1343 0.187076 -0.22647 0.955726 0.909031 0.410312 -0.080707 -0.374225 0.884327 0.282803 80.dat
1 16 116.3452 -100.5167 29.7352 0.081909 -0.169259 0.982009 0.91972 0.39401 -0.008801 -0.385797 0.904352 0.188053 80.dat
1 16 117.014 -102.4269 25.2458 -0.060166 -0.093305 0.993666 0.921955 0.377978 0.091317 -0.38447 0.92208 0.063304 80.dat
1 16 117.2546 -104.2637 20.6869 -0.242772 0.011636 0.969858 0.906834 0.359543 0.222682 -0.346455 0.934042 -0.09793 80.dat
1 16 116.8543 -106.0974 15.8794 -0.443668 0.159305 0.881748 0.865189 0.334897 0.37483 -0.235853 0.929661 -0.286635 80.dat
1 16 115.6174 -107.8008 11.185 -0.597929 0.351404 0.720204 0.801222 0.300851 0.5184 -0.034651 0.887473 -0.461786 80.dat
1 16 113.4004 -109.2199 7.0748 -0.636486 0.56703 0.522551 0.739088 0.253652 0.624992 0.221855 0.784422 -0.580963 80.dat
1 16 110.1385 -110.3537 3.6446 -0.551864 0.759705 0.3435 0.697694 0.194698 0.690305 0.457703 0.620939 -0.637963 80.dat
1 16 106.0558 -111.1639 1.0965 -0.403556 0.889973 0.211633 0.675789 0.133873 0.725667 0.617742 0.436097 -0.65595 80.dat
1 16 101.488 -111.6813 -0.583 -0.252823 0.959676 0.121656 0.664771 0.080885 0.743467 0.703949 0.26898 -0.658909 80.dat
1 16 96.6789 -111.9641 -1.5267 -0.128609 0.989741 0.059744 0.658842 0.040218 0.752008 0.742214 0.136149 -0.657751 80.dat
1 16 91.7794 -112.0787 -1.917 -0.045084 0.998616 0.020748 0.65585 0.013911 0.755561 0.75456 0.047696 -0.656065 80.dat
1 16 86.857 -112.1014 -1.9954 -0.00752 0.999815 0.003464 0.654814 0.002303 0.756583 0.756769 0.007962 -0.655206 80.dat
1 16 81.9325 -112.1014 -1.9954 -0.000003 0.999849 0.000001 0.654693 0.000001 0.756693 0.756912 0.000003 -0.655088 80.dat
1 16 77.008 -112.1014 -1.9954 0 0.999849 0 0.654693 0 0.756693 0.756912 0 -0.655088 80.dat
