0 
0 Name: New Model.ldr
0 Author: 
1 7 130 -28 -400 -0.707 0 0.707 0 1 0 -0.707 0 -0.707 3795.dat
1 7 130 -20 -400 -0.707 0 -0.707 0 1 0 0.707 0 -0.707 3020.dat
1 7 158.28 -20 -371.72 -0.707 0 -0.707 0 1 0 0.707 0 -0.707 122.dat
1 7 101.72 -20 -428.28 -0.707 0 -0.707 0 1 0 0.707 0 -0.707 122.dat
1 256 122.93 -14 -449.49 0.707 0 -0.707 0 1 0 0.707 0 0.707 3641.dat
1 256 80.51 -14 -407.07 0.707 0 -0.707 0 1 0 0.707 0 0.707 3641.dat
1 256 137.07 -14 -350.51 0.707 0 -0.707 0 1 0 0.707 0 0.707 3641.dat
1 256 179.49 -14 -392.93 0.707 0 -0.707 0 1 0 0.707 0 0.707 3641.dat
1 7 94.65 -36 -435.35 0.707 0 0.707 0 1 0 -0.707 0 0.707 3794.dat
1 7 108.79 -36 -421.21 0.707 0 0.707 0 1 0 -0.707 0 0.707 3829.dat
1 7 165.35 -52 -364.65 0.707 0 0.707 0 1 0 -0.707 0 0.707 3039.dat
1 7 94.65 -36 -435.35 -0.707 0 -0.707 0 1 0 0.707 0 -0.707 3838.dat
1 7 158.28 -60 -357.58 0.707 0 0.707 0 1 0 -0.707 0 0.707 3957.dat
