0 Main
0 Name: 8272-1 - Snowmobile.mpd
0 Author: LTRON
1 0 0 -21.978 16.47 0 -1 0 -0.235722 0 0.97182 -0.97182 0 -0.235722 32184.dat
1 0 -20 -29.05 -12.685 0 -1 0 -0.235722 0 0.97182 -0.97182 0 -0.235722 3705.dat
1 0 20 -29.05 -12.685 0 -1 0 -0.235722 0 0.97182 -0.97182 0 -0.235722 3705.dat
1 0 20 -25.514 1.893 1 0 0 0 -0.235722 0.97182 0 -0.97182 -0.235722 32250.dat
1 0 -20 -25.514 1.893 -1 0 0 0 0.235722 0.97182 0 0.97182 -0.235722 32250.dat
1 0 20 55.787 -2.375 -1 0 0 0 0.972 -0.236 0 -0.236 -0.972 32039.dat
1 0 20 39.267 -70.415 0 0 1 -0.236 0.972 0 -0.972 -0.236 0 3707.dat
1 0 -20 55.787 -2.375 -1 0 0 0 0.972 -0.236 0 -0.236 -0.972 32039.dat
1 0 -20 39.267 -70.415 0 0 1 -0.236 0.972 0 -0.972 -0.236 0 3707.dat
1 71 -67.734 64.3403 -30.1954 -0.29765 0 0.954675 -0.927944 -0.236 -0.289316 0.225303 -0.972 0.070245 32063.dat
1 72 -115.468 72.9056 -58.0075 0 0 1 0.236 -0.972 0 0.972 0.236 0 6587.dat
1 71 -115.468 75.2656 -48.2875 0 -1 0 0.236 0 -0.972 0.972 0 0.236 6536.dat
1 71 67.734 64.3403 -30.1954 0.29765 0 -0.954675 -0.927944 0.236 -0.289316 0.225303 0.972 0.070245 32063.dat
1 72 115.468 72.9056 -58.0075 0 0 1 0.236 -0.972 0 0.972 0.236 0 6587.dat
1 71 115.468 75.2656 -48.2875 0 1 0 -0.236 0 -0.972 -0.972 0 0.236 6536.dat
1 71 20 46.339 -41.261 0 -1 0 -0.97182 0 0.235722 0.235722 0 0.97182 3713.dat
1 71 -20 46.339 -41.261 0 -1 0 -0.97182 0 0.235722 0.235722 0 0.97182 3713.dat
1 71 67.734 25.4683 -20.7664 0.29765 0 -0.954675 -0.927944 0.236 -0.289316 0.225303 0.972 0.070245 32063.dat
1 72 115.468 34.0336 -48.5785 0 0 1 0.236 -0.972 0 0.972 0.236 0 6587.dat
1 71 115.468 36.3936 -38.8585 0 1 0 -0.236 0 -0.972 -0.972 0 0.236 6536.dat
1 0 20 7.462 -31.834 0 0 1 -0.236 0.972 0 -0.972 -0.236 0 6558.dat
1 71 -67.734 25.4683 -20.7664 -0.29765 0 0.954675 -0.927944 -0.236 -0.289316 0.225303 -0.972 0.070245 32063.dat
1 72 -115.468 34.0336 -48.5785 0 0 1 0.236 -0.972 0 0.972 0.236 0 6587.dat
1 71 -115.468 36.3936 -38.8585 0 -1 0 0.236 0 -0.972 0.972 0 0.236 6536.dat
1 0 -20 7.462 -31.834 0 0 1 -0.236 0.972 0 -0.972 -0.236 0 6558.dat
1 72 0 7.466 -31.832 0 0 1 0.97182 0.235722 0 -0.235722 0.97182 0 32523.dat
1 0 60 -41.415 21.185 0 0 1 -0.236 0.972 0 -0.972 -0.236 0 32184.dat
1 0 60 -29.055 -12.695 0 0 1 -0.236 0.972 0 -0.972 -0.236 0 3705.dat
1 0 -60 -41.415 21.185 0 0 1 -0.236 0.972 0 -0.972 -0.236 0 32184.dat
1 0 -60 -29.055 -12.695 0 0 1 -0.236 0.972 0 -0.972 -0.236 0 3705.dat
1 0 0 -27.871 -7.825 0 0 1 -0.97182 -0.235722 0 0.235722 -0.97182 0 32065.dat
1 71 20 -31.407 -22.402 0 0 1 0.235722 -0.97182 0 0.97182 0.235722 0 6536.dat
1 71 -20 -31.407 -22.402 0 0 1 0.235722 -0.97182 0 0.97182 0.235722 0 6536.dat
0 !LEOCAD SYNTH BEGIN
0 !LEOCAD SYNTH CONTROL_POINT 0 110 0 1 0 0 0 1 0 0 0 1 1
0 !LEOCAD SYNTH CONTROL_POINT 0 0 0 1 0 0 0 1 0 0 0 1 1
1 14 60 -31.407 -22.402 0.943745 0.330673 0 -0.321355 0.917151 -0.235722 0.077947 -0.222462 -0.97182 76537.dat
0 !LEOCAD SYNTH END
0 !LEOCAD SYNTH BEGIN
0 !LEOCAD SYNTH CONTROL_POINT 0 110 0 1 0 0 0 1 0 0 0 1 1
0 !LEOCAD SYNTH CONTROL_POINT 0 0 0 1 0 0 0 1 0 0 0 1 1
1 14 -60 -31.407 -22.402 -0.943745 -0.330673 0 -0.321355 0.917151 0.235722 0.077947 -0.222462 0.97182 76537.dat
0 !LEOCAD SYNTH END
1 71 -67.734 18.394 -49.917 -0.29765 0 0.954675 -0.927773 -0.235722 -0.289262 0.225038 -0.97182 0.070163 32063.dat
1 71 67.734 18.394 -49.917 -0.29765 0 0.954675 0.927773 0.235722 0.289262 -0.225038 0.97182 -0.070163 32063.dat
1 72 96.374 67.122 -56.592 0 0 -1 0.235722 0.97182 0 0.97182 -0.235722 0 6587.dat
1 72 -96.374 67.122 -56.592 0 0 -1 0.235722 0.97182 0 0.97182 -0.235722 0 6587.dat
1 71 -96.374 63.587 -71.169 1 0 0 0 0.97182 0.235722 0 -0.235722 0.97182 32123.dat
1 71 96.374 63.587 -71.169 1 0 0 0 0.97182 0.235722 0 -0.235722 0.97182 32123.dat
1 0 0 -34.943 -36.98 0 0 1 -0.97182 -0.235722 0 0.235722 -0.97182 0 32065.dat
1 71 -67.734 57.266 -59.346 -0.29765 0 0.954675 -0.927773 -0.235722 -0.289262 0.225038 -0.97182 0.070163 32063.dat
1 71 67.734 57.266 -59.346 -0.29765 0 0.954675 0.927773 0.235722 0.289262 -0.225038 0.97182 -0.070163 32063.dat
1 71 -115.468 30.499 -63.143 1 0 0 0 -0.235722 0.97182 0 -0.97182 -0.235722 6632.dat
1 71 115.468 30.499 -63.143 1 0 0 0 -0.235722 0.97182 0 -0.97182 -0.235722 6632.dat
1 0 20 -37.3 -46.698 1 0 0 0 -0.235722 0.97182 0 -0.97182 -0.235722 32250.dat
1 0 -20 -37.3 -46.698 -1 0 0 0 0.235722 0.97182 0 0.97182 -0.235722 32250.dat
1 72 135.468 55.828 -43.562 0 0 1 -0.97182 -0.235722 0 0.235722 -0.97182 0 6587.dat
1 72 -134.532 55.828 -43.562 0 0 1 -0.97182 -0.235722 0 0.235722 -0.97182 0 6587.dat
1 0 -134.532 60.543 -24.126 0 0 -1 0.972 -0.236 0 -0.236 -0.972 0 32184.dat
1 71 -134.532 55.543 -2.326 0 0 -1 0.972 -0.236 0 -0.236 -0.972 0 2736.dat
1 0 134.532 60.543 -24.126 0 0 -1 0.972 -0.236 0 -0.236 -0.972 0 32184.dat
1 71 134.532 55.543 -2.326 0 0 -1 0.972 -0.236 0 -0.236 -0.972 0 2736.dat
1 4 -20 -14.039 -78.065 1 0 0 0 -0.972 -0.236 0 0.236 -0.972 32527.dat
1 72 -20 19.841 -65.705 0 0 1 0.236 -0.972 0 0.972 0.236 0 32002.dat
1 4 20 -14.043 -78.069 1 0 0 0 -0.972 -0.236 0 0.236 -0.972 32528.dat
1 72 20 19.837 -65.709 0 0 1 0.236 -0.972 0 0.972 0.236 0 32002.dat
1 71 20 32.195 -99.57 0 -1 0 0.97182 0 0.235722 -0.235722 0 0.97182 3713.dat
1 71 -20 32.195 -99.57 0 -1 0 0.97182 0 0.235722 -0.235722 0 0.97182 3713.dat
1 72 0 -30.829 -104.864 0 -1 0 -0.236 0 0.972 -0.972 0 -0.236 32523.dat
1 0 0 -11.389 -109.584 -1 0 0 0 0.236 0.972 0 0.972 -0.236 6558.dat
1 4 20 8.051 -114.304 0 0 -1 -0.236 -0.972 0 -0.972 0.236 0 42003.dat
1 4 -20 8.051 -114.304 0 0 -1 -0.236 -0.972 0 -0.972 0.236 0 42003.dat
1 0 0 -50.269 -100.144 -1 0 0 0 -0.937794 -0.347883 0 -0.347883 0.937794 3705.dat
1 71 15 -50.269 -100.144 0 0 1 -0.347883 -0.937794 0 0.937794 -0.347883 0 32123.dat
1 71 -15 -50.269 -100.144 0 0 1 -0.347883 -0.937794 0 0.937794 -0.347883 0 32123.dat
1 0 0 46.339 -41.261 0 -1 0 0.972 0 0.236 -0.236 0 0.972 41239.dat
1 0 0 18.019 -157.901 1 0 0 0 0.972 0.236 0 -0.236 0.972 6558.dat
1 0 -20 18.019 -157.901 -1 0 0 0 0.972 -0.236 0 -0.236 -0.972 32192.dat
1 0 20 18.019 -157.901 -1 0 0 0 0.972 -0.236 0 -0.236 -0.972 32192.dat
1 1 20 -7.6058 -173.5159 0 -1 0 0.854185 0 -0.520431 0.520431 0 0.854185 43093.dat
1 1 -20 -7.6058 -173.5159 0 -1 0 0.854185 0 -0.520431 0.520431 0 0.854185 43093.dat
1 71 0 60.482 17.049 1 0 0 0 0.97182 0.235722 0 -0.235722 0.97182 4519.dat
1 1 0 9.823 -22.113 0 -1 0 0.236 0 -0.972 0.972 0 0.236 43093.dat
1 4 0 16.903 7.047 0 -1 0 0.972 0 0.236 -0.236 0 0.972 32013.dat
1 4 -40 36.331 2.327 0 0 1 0.236 -0.972 0 0.972 0.236 0 32526.dat
1 0 -40 26.611 4.687 0 -1 0 0.972 0 0.236 -0.236 0 0.972 6628.dat
1 0 40 26.611 4.687 0 -1 0 0.972 0 0.236 -0.236 0 0.972 6628.dat
1 1 40 31.331 24.127 0 -1 0 -0.972 0 -0.236 0.236 0 -0.972 43093.dat
1 72 40 16.891 7.047 -0.000048 -0.27765 0.960682 -0.236013 0.933783 0.269864 -0.971997 -0.226721 -0.065574 32005.dat
1 72 -40 16.891 7.047 -0.000048 0.27765 -0.960682 0.236013 0.933783 0.269864 0.971997 -0.226721 -0.065574 32005.dat
1 71 40 21.611 26.487 0 1 0 0.236 0 0.972 0.972 0 -0.236 3713.dat
1 4 40 26.331 45.927 0 1 0 0.972 0 -0.236 -0.236 0 -0.972 32054.dat
1 72 20 26.331 45.927 0 0 -1 0.236 0.972 0 0.972 -0.236 0 32523.dat
1 71 0 -2.549 11.767 1 0 0 0 0.972 0.236 0 -0.236 0.972 33299.dat
1 0 0 -12.26 14.113 0 -1 0 0.972 0 0.236 -0.236 0 0.972 3705.dat
1 0 0 -60.86 25.913 0 1 0 -0.236 0 -0.972 -0.972 0 0.236 32034.dat
1 0 30 -22.575 98.958 1 0 0 0 -0.236 0.972 0 -0.972 -0.236 2780.dat
1 71 0 74.625 75.358 -1 0 0 0 -0.972 0.236 0 0.236 0.972 32073.dat
1 4 20 -80.895 113.118 0 1 0 -0.236 0 -0.972 -0.972 0 0.236 32009.dat
1 0 40 -36.735 40.638 0 1 0 0.972 0 -0.236 -0.236 0 -0.972 32524.dat
1 4 60 -41.415 21.185 -1 0 0 0 0.97182 -0.235722 0 -0.235722 -0.97182 32054.dat
1 0 40 -50.843 -17.688 -1 0 0 0 -0.235722 -0.97182 0 -0.97182 0.235722 6558.dat
1 4 40 60.482 17.049 0 1 0 -0.97182 0 0.235722 0.235722 0 0.97182 32140.dat
1 0 60 -70.127 -22.988 0 0 -1 -0.264981 0.964254 0 0.964254 0.264981 0 6536.dat
1 4 40 -56.136 45.335 0 0 1 -0.972 -0.236 0 0.236 -0.972 0 32140.dat
1 1 60 -58.496 35.615 0 0 -1 -0.236 -0.972 0 -0.972 0.236 0 43093.dat
1 4 0 41.046 21.763 0 1 0 -0.972 0 0.236 0.236 0 0.972 32140.dat
1 0 0 35.766 84.803 -1 0 0 0 0.236 0.972 0 0.972 -0.236 6558.dat
1 72 0 5.864 128.111 0 -1 0 0.965 0 -0.261 0.261 0 0.965 32316.dat
1 0 0 16.304 89.511 -1 0 0 0 0.235874 0.971447 0 0.971447 -0.235874 6558.dat
1 0 0 5.864 128.111 -1 0 0 0 -0.261 0.965 0 0.965 0.261 6558.dat
1 0 0 -4.576 166.711 -1 0 0 0 -0.261 0.965 0 0.965 0.261 6558.dat
1 72 0 -36.356 183.446 0 1 0 0.998 0 -0.07 -0.07 0 -0.998 40490.dat
1 0 0 -30.756 263.286 -1 0 0 0 0.07 0.998 0 0.998 -0.07 6558.dat
1 0 0 -34.956 203.406 -1 0 0 0 0.07 0.998 0 0.998 -0.07 6558.dat
1 0 0 -40.556 123.566 -1 0 0 0 0.07 0.998 0 0.998 -0.07 6558.dat
1 0 0 -41.956 103.606 -1 0 0 0 0.235355 0.972374 0 0.972374 -0.235355 6558.dat
1 72 -20 -37.756 163.486 0 -1 0 0.998 0 0.07 -0.07 0 0.998 32316.dat
1 72 20 -37.756 163.486 0 -1 0 0.998 0 0.07 -0.07 0 0.998 32316.dat
1 4 0 -95.009 54.764 -1 0 0 0 -0.236 -0.972 0 -0.972 0.236 42003.dat
1 71 0 -104.729 57.124 0 0 1 -0.972 -0.236 0 0.236 -0.972 0 4274.dat
1 71 0 -90.289 74.204 -1 0 0 0 -0.236 -0.972 0 -0.972 0.236 32073.dat
1 80 0 -112.505 59.012 -1 0 0 0 0.972 -0.236 0 -0.236 -0.972 6141.dat
1 71 0 -99.724 35.328 0 -1 0 -0.97182 0 -0.235722 0.235722 0 -0.97182 4519.dat
1 4 -20 -80.866 113.074 0 1 0 -0.235722 0 -0.97182 -0.97182 0 0.235722 32009.dat
1 0 -30 -22.557 98.93 -1 0 0 0 -0.235722 -0.97182 0 -0.97182 0.235722 2780.dat
1 4 -40 60.482 17.049 0 1 0 -0.97182 0 0.235722 0.235722 0 0.97182 32140.dat
1 0 -40 -36.699 40.621 0 1 0 -0.97182 0 0.235722 0.235722 0 0.97182 32524.dat
1 4 -60 -41.415 21.185 1 0 0 0 0.97182 0.235722 0 -0.235722 0.97182 32054.dat
1 0 -40 -50.843 -17.688 1 0 0 0 0.235722 -0.97182 0 0.97182 0.235722 6558.dat
1 0 90 55.188 80.073 -1 0 0 0 -0.972 0.236 0 0.236 0.972 32291.dat
1 0 0 55.188 80.073 -1 0 0 0 -0.972 0.236 0 0.236 0.972 3737.dat
1 71 75 55.188 80.073 0 0 1 0.236 -0.972 0 0.972 0.236 0 32123.dat
1 4 60 57.6129 160.0558 0 -1 0 -0.999781 0 -0.030307 0.030307 0 -0.999781 40490.dat
1 4 -60 57.595 160.037 0 -1 0 -0.999548 0 -0.030072 0.030072 0 -0.999548 40490.dat
1 71 -75 55.188 80.073 0 0 -1 -0.97182 0.235722 0 0.235722 0.97182 0 32123.dat
1 4 0 31.038 65.35 0 0 -1 0.972 -0.236 0 -0.236 -0.972 0 32525.dat
1 4 -100 31.038 65.35 0 1 0 0.236 0 0.972 0.972 0 -0.236 32054.dat
1 1 -100 23.958 36.19 0 1 0 0.236 0 0.972 0.972 0 -0.236 43093.dat
1 0 -90 55.198 80.07 1 0 0 0 -0.972 -0.236 0 0.236 -0.972 32291.dat
1 4 100 31.038 65.35 0 1 0 0.236 0 0.972 0.972 0 -0.236 32054.dat
1 1 100 23.958 36.19 0 1 0 0.236 0 0.972 0.972 0 -0.236 43093.dat
1 4 -40 -56.136 45.335 0 0 -1 -0.972 0.236 0 0.236 0.972 0 32140.dat
1 1 -60 -58.496 35.615 0 0 -1 -0.236 -0.972 0 -0.972 0.236 0 43093.dat
1 0 20 86.855 321.818 0 1 0 0.999747 0 0.022511 0.022511 0 -0.999747 41239.dat
1 0 0 89.556 201.849 -1 0 0 0 -0.999747 -0.022511 0 -0.022511 0.999747 6558.dat
1 0 0 88.656 241.838 -1 0 0 0 -0.999747 -0.022511 0 -0.022511 0.999747 6558.dat
1 4 0 88.205 261.833 0 -1 0 -0.999747 0 0.022511 -0.022511 0 -0.999747 32140.dat
1 0 0 85.279 391.8 -1 0 0 0 0.022511 -0.999747 0 -0.999747 -0.022511 32138.dat
1 0 0 84.154 441.788 -1 0 0 0 0.997613 0.069048 0 0.069048 -0.997613 3706.dat
1 0 0 84.154 441.788 0 0 -1 0.069048 -0.997613 0 -0.997613 -0.069048 0 57520.dat
1 4 0 85.954 361.808 0 -1 0 -0.887 0 -0.462 0.462 0 -0.887 32140.dat
1 0 0 40.494 317.828 1 0 0 0 0.887 0.462 0 -0.462 0.887 6558.dat
1 71 0 85.954 361.808 1 0 0 0 0.887 0.462 0 -0.462 0.887 4519.dat
1 0 0 69.561 201.398 1 0 0 0 0.970241 -0.242139 0 0.242139 0.970241 6558.dat
1 0 20 55.033 259.613 0 1 0 0.970241 0 0.242139 0.242139 0 -0.970241 41239.dat
1 0 -20 86.855 321.818 0 1 0 0.999747 0 0.022511 0.022511 0 -0.999747 41239.dat
1 0 0 25.976 376.042 -1 0 0 0 0.991644 0.129014 0 0.129014 -0.991644 3706.dat
1 0 0 25.976 376.042 0 0 -1 0.129014 -0.991644 0 -0.991644 -0.129014 0 57520.dat
1 0 0 84.089 143.184 -1 0 0 0 0.999747 0.022511 0 0.022511 -0.999747 3705.dat
1 0 0 84.089 143.184 0 0 -1 0.022511 -0.999747 0 -0.999747 -0.022511 0 57520.dat
1 0 -20 55.033 259.613 0 1 0 0.970241 0 0.242139 0.242139 0 -0.970241 41239.dat
1 71 -40 55.033 259.613 0 0 1 -0.970241 0.242139 0 -0.242139 -0.970241 0 48989.dat
1 71 40 55.033 259.613 0 0 1 -0.970241 0.242139 0 -0.242139 -0.970241 0 48989.dat
1 71 -35 25.976 376.042 0 0 -1 -0.129014 0.991644 0 0.991644 0.129014 0 32123.dat
1 71 35 25.976 376.042 0 0 -1 -0.129014 0.991644 0 0.991644 0.129014 0 32123.dat
1 71 -35 84.154 441.788 0 0 -1 -0.069048 0.997613 0 0.997613 0.069048 0 32123.dat
1 71 35 84.154 441.788 0 0 -1 -0.069048 0.997613 0 0.997613 0.069048 0 32123.dat
1 71 -45 84.154 441.788 0 0 -1 -0.069048 0.997613 0 0.997613 0.069048 0 4185.dat
1 71 45 84.154 441.788 0 0 -1 -0.069048 0.997613 0 0.997613 0.069048 0 4185.dat
1 71 -45 25.976 376.042 0 0 -1 -0.129014 0.991644 0 0.991644 0.129014 0 4185.dat
1 71 45 25.976 376.042 0 0 -1 -0.129014 0.991644 0 0.991644 0.129014 0 4185.dat
1 71 -35 84.089 143.184 0 0 -1 -0.022511 0.999747 0 0.999747 0.022511 0 4185.dat
1 71 35 84.089 143.184 0 0 -1 -0.022511 0.999747 0 0.999747 0.022511 0 4185.dat
1 72 0 114.082 143.859 1 0 0 0 -1 0 0 0 -1 57518.dat
1 72 0 114.081 173.859 1 0 0 0 -1 0 0 0 -1 57518.dat
1 72 0 114.082 203.859 1 0 0 0 -1 0 0 0 -1 57518.dat
1 72 0 114.082 233.859 1 0 0 0 -1 0 0 0 -1 57518.dat
1 72 0 114.081 263.859 1 0 0 0 -1 0 0 0 -1 57518.dat
1 72 0 114.082 293.859 1 0 0 0 -1 0 0 0 -1 57518.dat
1 72 0 114.082 323.859 1 0 0 0 -1 0 0 0 -1 57518.dat
1 72 0 114.081 353.859 1 0 0 0 -1 0 0 0 -1 57518.dat
1 72 0 114.082 383.859 1 0 0 0 -1 0 0 0 -1 57518.dat
1 72 0 114.082 413.859 1 0 0 0 -1 0 0 0 -1 57518.dat
1 72 0 114.082 443.859 1 0 0 0 -0.829435 0.558604 0 -0.558604 -0.829435 57518.dat
1 72 0 97.324 468.742 1 0 0 0 0.069047 0.997613 0 -0.997613 0.069047 57518.dat
1 72 0 67.395 466.671 1 0 0 0 0.822978 0.568073 0 -0.568073 0.822978 57518.dat
1 72 0 50.354 441.982 1 0 0 0 0.742173 0.670209 0 -0.670209 0.742173 57518.dat
1 72 0 30.247 419.717 1 0 0 0 0.661534 0.749915 0 -0.749915 0.661534 57518.dat
1 72 0 7.75 399.87 1 0 0 0 0.923295 0.384091 0 -0.384091 0.923295 57518.dat
1 72 0 -3.774 372.172 1 0 0 0 0.852103 -0.523375 0 0.523375 0.852103 57518.dat
1 72 0 11.928 346.609 1 0 0 0 0.916533 -0.399958 0 0.399958 0.916533 57518.dat
1 72 0 23.927 319.112 1 0 0 0 0.97002 -0.243026 0 0.243026 0.97002 57518.dat
1 72 0 31.218 290.012 1 0 0 0 0.97002 -0.243026 0 0.243026 0.97002 57518.dat
1 72 0 38.509 260.91 1 0 0 0 0.97002 -0.243026 0 0.243026 0.97002 57518.dat
1 72 0 45.8 231.81 1 0 0 0 0.980612 -0.19596 0 0.19596 0.980612 57518.dat
1 72 0 51.681 202.393 1 0 0 0 0.996165 -0.087494 0 0.087494 0.996165 57518.dat
1 72 0 54.306 172.508 1 0 0 0 0.999976 0.006955 0 -0.006955 0.999976 57518.dat
1 72 0 54.097 142.508 1 0 0 0 0.854551 -0.519368 0 0.519368 0.854551 57518.dat
1 72 0 69.678 116.872 1 0 0 0 -0.022511 -0.999747 0 0.999747 -0.022511 57518.dat
1 72 0 100.67 117.569 1 0 0 0 -0.877061 -0.480378 0 0.480378 -0.877061 57518.dat
1 0 0 -41.173 301.857 0 -1 0 0.965 0 -0.261 0.261 0 0.965 32271.dat
1 71 0 -41.173 301.857 1 0 0 0 0.965 -0.261 0 0.261 0.965 32073.dat
1 4 0 -47.877 449.169 1 0 0 0 0.787801 0.615399 0 -0.615399 0.787801 32062.dat
1 0 -15 -72.493 417.657 0 1 0 -0.787801 0 0.615399 0.615399 0 0.787801 6632.dat
1 0 15 -72.493 417.657 0 1 0 -0.787801 0 0.615399 0.615399 0 0.787801 6632.dat
1 0 0 -72.493 417.657 -1 0 0 0 -0.787801 0.615399 0 0.615399 0.787801 3705.dat
1 0 0 -56.833 359.757 -1 0 0 0 -0.261 0.965 0 0.965 0.261 6558.dat
1 36 -30 -72.493 417.657 0 1 0 0.787801 0 -0.615399 -0.615399 0 -0.787801 41669.dat
1 36 30 -72.493 417.657 0 -1 0 -0.787801 0 -0.615399 0.615399 0 -0.787801 41669.dat
1 0 -20 -25.513 243.957 0 -1 0 -0.965 0 0.261 -0.261 0 -0.965 41239.dat
1 71 0 -35.946 282.552 -1 0 0 0 0.965 0.261 0 0.261 -0.965 4519.dat
1 71 0 -35.946 282.552 0 0 1 0.261 0.965 0 -0.965 0.261 0 3713.dat
1 0 20 -25.494 243.942 0 -1 0 0.965254 0 -0.261313 0.261313 0 0.965254 41239.dat
1 0 -40 -41.173 301.857 1 0 0 0 -0.965254 0.261313 0 -0.261313 -0.965254 6536.dat
1 0 40 -41.173 301.857 1 0 0 0 -0.965254 0.261313 0 -0.261313 -0.965254 6536.dat
1 0 40 -51.625 340.468 1 0 0 0 0.261313 0.965254 0 -0.965254 0.261313 6558.dat
1 0 -40 -51.625 340.468 -1 0 0 0 0.261313 -0.965254 0 -0.965254 -0.261313 6558.dat
1 0 -30 -46.399 321.163 -1 0 0 0 0.261313 -0.965254 0 -0.965254 -0.261313 2780.dat
1 0 30 -46.399 321.163 1 0 0 0 0.261313 0.965254 0 -0.965254 0.261313 2780.dat
1 4 40 -18.663 142.196 1 0 0 0 -0.965 0.261 0 -0.261 -0.965 42003.dat
1 4 40 -37.963 136.976 0 0 -1 0.261 -0.965 0 -0.965 -0.261 0 32054.dat
1 4 40 -18.663 142.196 0 0 -1 0.261 -0.965 0 -0.965 -0.261 0 32054.dat
1 4 40 -26.493 171.146 0 0 -1 0.261 -0.965 0 -0.965 -0.261 0 32062.dat
1 0 40 -29.103 180.796 0 0 1 0.261 0.965 0 -0.965 0.261 0 6536.dat
1 0 30 -9.803 186.016 -1 0 0 0 -0.261 0.965 0 0.965 0.261 2780.dat
1 4 40 12.897 140.376 1 0 0 0 0.965 -0.261 0 0.261 0.965 32535.dat
1 71 0 0.637 147.416 1 0 0 0 0.965 -0.261 0 0.261 0.965 32073.dat
1 0 0 -70.921 335.232 0 0 1 0.965 -0.261 0 0.261 0.965 0 32524.dat
1 0 -40 -65.701 315.932 0 -1 0 0.261 0 0.965 -0.965 0 0.261 6558.dat
1 0 40 -65.701 315.932 0 -1 0 0.261 0 0.965 -0.965 0 0.261 6558.dat
1 0 -60 -68.311 325.582 0 -1 0 0.261 0 0.965 -0.965 0 0.261 2780.dat
1 0 60 -68.311 325.582 0 -1 0 0.261 0 0.965 -0.965 0 0.261 2780.dat
1 4 10 -68.311 325.582 0 -1 0 0.965 0 -0.261 0.261 0 0.965 32527.dat
1 4 -10 -68.311 325.582 0 1 0 -0.965 0 -0.261 -0.261 0 0.965 32528.dat
1 4 40 -51.625 340.468 0 0 -1 0.965 0.261 0 0.261 -0.965 0 42003.dat
1 4 40 -66.495 357.158 0 0 -1 0.965 0.261 0 0.261 -0.965 0 32062.dat
1 0 40 -81.365 373.848 0 -1 0 0.965 0 -0.261 0.261 0 0.965 32039.dat
1 1 40 -83.975 383.498 0 0 -1 0.261 -0.965 0 -0.965 -0.261 0 3749.dat
1 179 40 -84.6275 385.9105 1 0 0 0 0.261 0.965 0 -0.965 0.261 79.dat
1 179 40 -86.0632 391.2187 1 0 0 0 -0.261 0.965 0 0.965 0.261 80.dat
1 179 40 -87.4989 396.5271 1 0 0 0 -0.261 0.965 0 0.965 0.261 80.dat
1 179 40 -88.9345 401.8348 1 0 0 0 -0.261 0.965 0 0.965 0.261 80.dat
1 179 40 -90.3705 407.1443 1 0 0 0 -0.261 0.965 0 0.965 0.261 80.dat
1 179 40 -91.8068 412.4547 1 0 0 0 -0.261 0.965 0 0.965 0.261 79.dat
1 4 -40 -51.625 340.468 0 0 -1 0.965 0.261 0 0.261 -0.965 0 42003.dat
1 4 -40 -66.495 357.158 0 0 -1 0.965 0.261 0 0.261 -0.965 0 32062.dat
1 0 -40 -81.365 373.848 0 -1 0 0.965 0 -0.261 0.261 0 0.965 32039.dat
1 1 -40 -83.975 383.498 0 0 -1 0.261 -0.965 0 -0.965 -0.261 0 3749.dat
1 179 -40 -84.6275 385.9105 1 0 0 0 0.261 0.965 0 -0.965 0.261 79.dat
1 179 -40 -86.0632 391.2187 1 0 0 0 -0.261 0.965 0 0.965 0.261 80.dat
1 179 -40 -87.4989 396.5271 1 0 0 0 -0.261 0.965 0 0.965 0.261 80.dat
1 179 -40 -88.9345 401.8348 1 0 0 0 -0.261 0.965 0 0.965 0.261 80.dat
1 179 -40 -90.3705 407.1443 1 0 0 0 -0.261 0.965 0 0.965 0.261 80.dat
1 179 -40 -91.8068 412.4547 1 0 0 0 -0.261 0.965 0 0.965 0.261 79.dat
1 0 60 -0.086 309.65 0 -1 0 -0.514087 0 0.857738 -0.857738 0 -0.514087 32524.dat
1 0 -60 -0.086 309.65 0 -1 0 -0.514087 0 0.857738 -0.857738 0 -0.514087 32524.dat
1 4 -40 -18.663 142.196 1 0 0 0 -0.965 0.261 0 -0.261 -0.965 42003.dat
1 4 -40 -18.663 142.196 0 0 -1 0.261 -0.965 0 -0.965 -0.261 0 32054.dat
1 4 -40 -26.493 171.146 0 0 -1 0.261 -0.965 0 -0.965 -0.261 0 32062.dat
1 0 -40 -29.103 180.796 0 0 1 0.261 0.965 0 -0.965 0.261 0 6536.dat
1 4 -40 -37.963 136.976 0 0 -1 0.261 -0.965 0 -0.965 -0.261 0 32054.dat
1 0 -30 -9.803 186.016 -1 0 0 0 -0.261 0.965 0 0.965 0.261 2780.dat
1 4 -40 12.897 140.376 1 0 0 0 0.965 -0.261 0 0.261 0.965 32534.dat
1 71 0 -70.129 -22.989 1 0 0 0 0.964 -0.265 0 0.265 0.964 4519.dat
1 4 -5 -108.689 -33.589 0 -1 0 0.964 0 -0.265 0.265 0 0.964 32056.dat
1 4 5 -108.689 -33.589 0 -1 0 0.964 0 -0.265 0.265 0 0.964 32056.dat
1 71 0 -119.289 4.971 1 0 0 0 0.964 -0.265 0 0.265 0.964 4519.dat
1 4 40 -70.129 -22.989 0 0 1 0.265 0.964 0 -0.964 0.265 0 32013.dat
1 4 -40 -70.129 -22.989 0 0 -1 0.265 -0.964 0 -0.964 -0.265 0 32013.dat
1 0 40 -70.129 -22.989 0 0 1 -0.265 -0.964 0 0.964 -0.265 0 6558.dat
1 0 -40 -70.129 -22.989 0 0 1 -0.265 -0.964 0 0.964 -0.265 0 6558.dat
1 0 0 -64.829 -42.269 0 0 1 0.964 -0.265 0 0.265 0.964 0 32524.dat
1 41 20 -119.289 4.971 0 -1 0 0.964 0 -0.265 0.265 0 0.964 41669.dat
1 41 -20 -119.289 4.971 0 1 0 -0.964 0 -0.265 -0.265 0 0.964 41669.dat
1 4 -10 -72.779 -13.349 0 1 0 0.964 0 0.265 0.265 0 -0.964 32534.dat
1 4 10 -72.779 -13.349 0 -1 0 -0.964 0 0.265 -0.265 0 -0.964 32535.dat
1 0 -60 -70.129 -22.989 0 0 -1 -0.265 0.964 0 0.964 0.265 0 6536.dat
1 72 -60 -70.129 -22.989 0 0 -1 -0.265 0.964 0 0.964 0.265 0 6587.dat
1 72 60 -70.127 -22.988 0 0 -1 -0.264981 0.964254 0 0.964254 0.264981 0 6587.dat
1 4 100 -29.34 28.546 1 0 0 0 0.972 0.236 0 -0.236 0.972 44353.dat
1 0 100 -60.86 25.906 0 0 1 -0.236 0.972 0 -0.972 -0.236 0 6558.dat
1 0 100 -77.94 40.346 0 0 1 -0.236 0.972 0 -0.972 -0.236 0 2780.dat
1 4 -100 -29.34 28.546 1 0 0 0 0.972 0.236 0 -0.236 0.972 44352.dat
1 0 -100 -60.86 25.906 0 0 1 -0.236 0.972 0 -0.972 -0.236 0 6558.dat
1 0 -100 -77.94 40.346 0 0 1 -0.236 0.972 0 -0.972 -0.236 0 2780.dat
1 71 40 -99.724 35.328 -1 0 0 0 -0.972 0.236 0 0.236 0.972 4519.dat
1 135 60 -99.724 35.328 0 -1 0 -0.972 0 -0.236 0.236 0 -0.972 41669.dat
1 4 45 -99.724 35.328 0 -1 0 0.972 0 0.236 -0.236 0 0.972 6632.dat
1 4 35 -99.724 35.328 0 -1 0 0.972 0 0.236 -0.236 0 0.972 6632.dat
1 0 30 -95.004 54.768 1 0 0 0 0.972 0.236 0 -0.236 0.972 2780.dat
1 71 -40 -99.724 35.328 1 0 0 0 0.972 0.236 0 -0.236 0.972 4519.dat
1 135 -60 -99.724 35.328 0 1 0 0.972 0 -0.236 -0.236 0 -0.972 41669.dat
1 4 -45 -99.724 35.328 0 1 0 -0.972 0 0.236 0.236 0 0.972 6632.dat
1 4 -35 -99.724 35.328 0 1 0 -0.972 0 0.236 0.236 0 0.972 6632.dat
1 0 -30 -95.004 54.768 -1 0 0 0 -0.972 0.236 0 0.236 0.972 2780.dat
1 4 50 -50.298 -100.17 0 0 1 -0.937794 0.347883 0 -0.347883 -0.937794 0 32015.dat
1 1 61.48 -59.9392 -74.1779 -0.382683 0.92388 0 0.321402 0.133129 -0.937794 -0.866409 -0.358877 -0.347883 43093.dat
1 4 63.2027 -61.3863 -70.2787 0 -0.3827 -0.9239 0.937759 0.321383 -0.133125 0.347898 -0.866372 0.35892 79.dat
1 4 65.3078 -63.1542 -65.5127 0 0.3827 -0.9239 0.937759 -0.321383 -0.133125 0.347898 0.866372 0.35892 80.dat
1 4 67.4129 -64.9221 -60.7468 0 0.3827 -0.9239 0.937759 -0.321383 -0.133125 0.347898 0.866372 0.35892 80.dat
1 4 69.5963 -66.6758 -56.0127 -0.0004 0.4141 -0.9102 0.93808 -0.315767 -0.144096 0.3471 0.853892 0.388345 80.dat
1 4 72.0447 -68.3731 -51.3827 -0.0031 0.481 -0.8767 0.93976 -0.298851 -0.167351 0.342575 0.824362 0.451118 80.dat
1 4 74.8704 -69.9489 -46.9309 0.0104 0.5516 -0.834 0.948247 -0.270882 -0.167301 0.318178 0.789059 0.525936 80.dat
1 4 78.0778 -71.333 -42.6791 0.0169 0.6194 -0.7849 0.960873 -0.227809 -0.159039 0.277338 0.75153 0.598966 80.dat
1 4 81.6192 -72.4338 -38.6226 0.0086 0.6732 -0.7394 0.976196 -0.166779 -0.140448 0.217932 0.720552 0.658577 80.dat
1 4 85.3881 -73.1534 -34.6777 -0.019 0.6978 -0.7161 0.990237 -0.087239 -0.111278 0.140104 0.711122 0.68927 80.dat
1 4 89.1734 -73.4 -30.6949 -0.0588 0.675 -0.7354 0.99748 0.006246 -0.073982 0.045297 0.737933 0.67373 80.dat
1 4 92.6806 -73.1292 -26.4748 -0.088 0.591 -0.8018 0.994532 0.100702 -0.034958 -0.060108 0.800534 0.59663 80.dat
1 4 95.5908 -72.3864 -21.8881 -0.0844 0.4544 -0.8868 0.984572 0.176141 -0.003454 -0.154547 0.873414 0.462274 80.dat
1 4 97.7159 -71.3065 -16.9427 -0.0555 0.3033 -0.9513 0.975631 0.220024 0.013264 -0.213414 0.927399 0.308143 80.dat
1 4 99.0572 -70.0519 -11.7677 -0.0257 0.1722 -0.9847 0.97152 0.237514 0.016168 -0.236707 0.956193 0.173423 80.dat
1 4 99.7525 -68.7384 -6.4741 -0.0071 0.0711 -0.9974 0.971009 0.239978 0.010194 -0.240082 0.968461 0.070811 80.dat
1 4 99.9677 -67.6638 -2.1085 0 0.0006 -1 0.971976 0.236097 0.000142 -0.236097 0.971976 0.000583 80.dat
1 4 99.9755 -66.3648 3.2388 0 0.0024 -1 0.971953 0.236194 0.000566 -0.236194 0.971953 0.002333 80.dat
1 4 99.9887 -65.0651 8.5867 0 0.0024 -1 0.971953 0.236194 0.000566 -0.236194 0.971953 0.002333 80.dat
1 4 99.9978 -63.7657 13.9352 0 0.0007 -1 0.971976 0.236097 0.000165 -0.236097 0.971976 0.00068 79.dat
1 4 -50 -50.298 -100.17 0 0 -1 0.937794 0.347883 0 0.347883 -0.937794 0 32015.dat
1 1 -61.48 -59.9392 -74.1779 0.382683 -0.92388 0 0.321402 0.133129 -0.937794 -0.866409 -0.358877 -0.347883 43093.dat
1 4 -63.203 -61.3866 -70.2784 0 0.3827 0.9239 0.937759 0.321383 -0.133125 0.347898 -0.866372 0.35892 79.dat
1 4 -65.308 -63.1538 -65.5129 0 -0.3827 0.9239 0.937759 -0.321383 -0.133125 0.347898 0.866372 0.35892 80.dat
1 4 -67.413 -64.922 -60.7472 0 -0.3827 0.9239 0.937759 -0.321383 -0.133125 0.347898 0.866372 0.35892 80.dat
1 4 -69.596 -66.6761 -56.0126 0.0004 -0.4141 0.9102 0.93808 -0.315767 -0.144096 0.3471 0.853892 0.388345 80.dat
1 4 -72.045 -68.3732 -51.3825 0.0031 -0.481 0.8767 0.93976 -0.298851 -0.167351 0.342575 0.824362 0.451118 80.dat
1 4 -74.87 -69.949 -46.9311 -0.0104 -0.5516 0.834 0.948247 -0.270882 -0.167301 0.318178 0.789059 0.525936 80.dat
1 4 -78.078 -71.3335 -42.6794 -0.0169 -0.6194 0.7849 0.960873 -0.227809 -0.159039 0.277338 0.75153 0.598966 80.dat
1 4 -81.619 -72.4339 -38.6224 -0.0086 -0.6732 0.7394 0.976196 -0.166779 -0.140448 0.217932 0.720552 0.658577 80.dat
1 4 -85.388 -73.1538 -34.6773 0.019 -0.6978 0.7161 0.990237 -0.087239 -0.111278 0.140104 0.711122 0.68927 80.dat
1 4 -89.173 -73.4003 -30.6948 0.0588 -0.675 0.7354 0.99748 0.006246 -0.073982 0.045297 0.737933 0.67373 80.dat
1 4 -92.681 -73.1292 -26.4746 0.088 -0.591 0.8018 0.994532 0.100702 -0.034958 -0.060108 0.800534 0.59663 80.dat
1 4 -95.591 -72.3862 -21.8883 0.0844 -0.4544 0.8868 0.984572 0.176141 -0.003454 -0.154547 0.873414 0.462274 80.dat
1 4 -97.716 -71.3069 -16.9431 0.0555 -0.3033 0.9513 0.975631 0.220024 0.013264 -0.213414 0.927399 0.308143 80.dat
1 4 -99.057 -70.0524 -11.7677 0.0257 -0.1722 0.9847 0.97152 0.237514 0.016168 -0.236707 0.956193 0.173423 80.dat
1 4 -99.753 -68.7383 -6.474 0.0071 -0.0711 0.9974 0.971009 0.239978 0.010194 -0.240082 0.968461 0.070811 80.dat
1 4 -99.968 -67.6638 -2.1082 0 -0.0006 1 0.971976 0.236097 0.000142 -0.236097 0.971976 0.000583 80.dat
1 4 -99.976 -66.3646 3.2386 0 -0.0024 1 0.971953 0.236194 0.000566 -0.236194 0.971953 0.002333 80.dat
1 4 -99.989 -65.0652 8.5863 0 -0.0024 1 0.971953 0.236194 0.000566 -0.236194 0.971953 0.002333 80.dat
1 4 -99.998 -63.7655 13.935 0 -0.0007 1 0.971976 0.236097 0.000165 -0.236097 0.971976 0.00068 79.dat
1 4 20 -16.1451 -178.747 0 0.866025 -0.5 0.854185 0.260216 0.450707 0.520431 -0.427093 -0.739747 32013.dat
1 4 -20 -16.1451 -178.747 0 0.866025 0.5 0.854185 -0.260215 0.450707 0.520431 0.427092 -0.739747 32013.dat
1 71 149.468 120.542 45.874 0 -1 0 1 0 0 0 0 1 32449.dat
1 4 154.468 120.542 15.874 -1 0 0 0 0 1 0 1 0 32062.dat
1 71 159.468 120.542 45.874 0 -1 0 1 0 0 0 0 1 32449.dat
1 4 154.468 120.542 -64.126 -1 0 0 0 0 1 0 1 0 32062.dat
1 71 139.468 120.542 -24.126 0 1 0 0 0 -1 -1 0 0 2905.dat
1 71 154.468 120.542 -64.126 0 -1 0 -1 0 0 0 0 -1 32271.dat
1 71 159.468 90.542 -24.126 0 1 0 0 0 1 1 0 0 32449.dat
1 0 154.468 80.542 -24.126 1 0 0 0 0 1 0 -1 0 2780.dat
1 71 149.468 90.542 -24.126 0 1 0 0 0 1 1 0 0 32449.dat
1 4 154.468 120.542 -24.126 1 0 0 0 0 1 0 -1 0 32062.dat
1 71 169.468 120.542 -24.126 0 1 0 0 0 -1 -1 0 0 2905.dat
1 71 -159.468 120.542 45.874 0 -1 0 1 0 0 0 0 1 32449.dat
1 4 -154.468 120.542 15.874 -1 0 0 0 0 1 0 1 0 32062.dat
1 71 -149.468 120.542 45.874 0 -1 0 1 0 0 0 0 1 32449.dat
1 4 -154.468 120.542 -64.126 -1 0 0 0 0 1 0 1 0 32062.dat
1 71 -169.468 120.542 -24.126 0 1 0 0 0 -1 -1 0 0 2905.dat
1 71 -154.468 120.542 -64.126 0 -1 0 -1 0 0 0 0 -1 32271.dat
1 71 -149.468 90.542 -24.126 0 1 0 0 0 1 1 0 0 32449.dat
1 0 -154.468 80.542 -24.126 1 0 0 0 0 1 0 -1 0 2780.dat
1 71 -159.468 90.542 -24.126 0 1 0 0 0 1 1 0 0 32449.dat
1 4 -154.468 120.542 -24.126 1 0 0 0 0 1 0 -1 0 32062.dat
1 71 -139.468 120.542 -24.126 0 1 0 0 0 -1 -1 0 0 2905.dat
1 72 154.468 60.543 -24.126 -1 0 0 0 0.97182 -0.235722 0 -0.235722 -0.97182 6587.dat
1 71 174.468 60.543 -24.126 0 0 -1 0.235722 0.97182 0 0.97182 -0.235722 0 3713.dat
1 72 -154.468 60.543 -24.126 1 0 0 0 0.97182 0.235722 0 -0.235722 0.97182 6587.dat
1 71 -174.468 60.543 -24.126 0 0 1 -0.235722 0.97182 0 -0.97182 -0.235722 0 3713.dat
1 0 -40 -138.597 44.757 0 0 -1 0.972 -0.236 0 -0.236 -0.972 0 32016.dat
1 71 0 -138.597 44.757 1 0 0 0 -0.236 0.972 0 -0.972 -0.236 4519.dat
1 0 0 -119.157 40.037 1 0 0 0 -0.236 0.972 0 -0.972 -0.236 32039.dat
1 0 40 -138.597 44.757 0 0 1 -0.972 -0.236 0 0.236 -0.972 0 32016.dat
1 72 76.955 -134.9843 59.6364 0.924 0.383 0 0.090388 -0.218064 0.972 0.372276 -0.898128 -0.236 6587.dat
1 71 98.207 -132.9054 68.1987 0 0.383 0.924 -0.972 -0.218064 0.090388 0.236 -0.898128 0.372276 32123.dat
1 71 88.967 -133.8093 64.476 0 0.383 0.924 -0.972 -0.218064 0.090388 0.236 -0.898128 0.372276 32123.dat
1 71 79.727 -134.7132 60.7532 0 0.383 0.924 -0.972 -0.218064 0.090388 0.236 -0.898128 0.372276 32123.dat
1 72 -76.955 -134.9843 59.6364 -0.924 0.383 0 0.090388 0.218064 0.972 0.372276 0.898128 -0.236 6587.dat
1 71 -98.207 -132.9054 68.1987 0 0.383 -0.924 -0.972 0.218064 0.090388 0.236 0.898128 0.372276 32123.dat
1 71 -88.967 -133.8093 64.476 0 0.383 -0.924 -0.972 0.218064 0.090388 0.236 0.898128 0.372276 32123.dat
1 71 -79.727 -134.7132 60.7532 0 0.383 -0.924 -0.972 0.218064 0.090388 0.236 0.898128 0.372276 32123.dat
