0 Main
0 Name: 6981-1 - Aerial Intruder.mpd
0 Author: LTRON
1 0 0 0 0 1 0 0 0 1 0 0 0 1 3036.dat
1 0 200 0 20 0 0 1 0 1 0 -1 0 0 3020.dat
1 0 -200 0 20 0 0 1 0 1 0 -1 0 0 3020.dat
1 0 -140 -8 50 1 0 0 0 1 0 0 0 1 3460.dat
1 0 140 -8 50 1 0 0 0 1 0 0 0 1 3460.dat
1 15 -60 -8 20 1 0 0 0 1 0 0 0 1 3022.dat
1 15 60 -8 20 1 0 0 0 1 0 0 0 1 3022.dat
1 15 0 -8 30 1 0 0 0 1 0 0 0 1 3023.dat
1 0 140 -8 -40 0 0 -1 0 1 0 1 0 0 3934.dat
1 0 -140 -8 -40 0 0 1 0 1 0 -1 0 0 3933.dat
1 15 0 -32 30 1 0 0 0 1 0 0 0 1 3004.dat
1 15 -50 -32 20 0 0 -1 0 1 0 1 0 0 3004.dat
1 15 50 -32 20 0 0 -1 0 1 0 1 0 0 3004.dat
1 0 70 -32 -100 0 0 -1 0 1 0 1 0 0 2465.dat
1 0 -70 -32 -100 0 0 -1 0 1 0 1 0 0 2465.dat
1 0 70 -8 -280 0 0 -1 0 1 0 1 0 0 3666.dat
1 0 -70 -8 -280 0 0 -1 0 1 0 1 0 0 3666.dat
1 0 -100 0 -260 1 0 0 0 1 0 0 0 1 3935.dat
1 0 100 0 -260 1 0 0 0 1 0 0 0 1 3936.dat
1 15 -90 -8 -250 0 0 -1 0 1 0 1 0 0 3623.dat
1 15 90 -8 -250 0 0 -1 0 1 0 1 0 0 3623.dat
1 15 -110 -8 -250 0 0 -1 0 1 0 1 0 0 3024.dat
1 15 110 -8 -250 0 0 -1 0 1 0 1 0 0 3024.dat
1 0 110 -8 -230 0 0 -1 0 1 0 1 0 0 6019.dat
1 0 -110 -8 -230 0 0 1 0 1 0 -1 0 0 6019.dat
1 0 70 -16 -290 0 0 1 0 1 0 -1 0 0 3024.dat
1 0 -70 -16 -290 0 0 1 0 1 0 -1 0 0 3024.dat
1 0 90 -32 -240 0 0 -1 0 1 0 1 0 0 3039.dat
1 0 -90 -32 -240 0 0 1 0 1 0 -1 0 0 3039.dat
1 0 70 -32 -270 0 0 -1 0 1 0 1 0 0 3040.dat
1 0 -70 -32 -270 0 0 1 0 1 0 -1 0 0 3040.dat
1 15 70 -24 -290 0 0 1 0 1 0 -1 0 0 6141.dat
1 15 -70 -24 -290 0 0 1 0 1 0 -1 0 0 6141.dat
1 15 -50 -24 -40 0 0 -1 0 1 0 1 0 0 2458.dat
1 15 50 -24 -40 0 0 1 0 1 0 -1 0 0 2458.dat
1 0 -50 -32 -40 0 0 1 0 1 0 -1 0 0 3023.dat
1 0 50 -32 -40 0 0 1 0 1 0 -1 0 0 3023.dat
1 0 0 -27.221 -101.231 0 0 -1 -0.078459 0.996917 0 0.996917 0.078459 0 3029.dat
1 0 20 -26.5658 -211.5195 0 0 -1 -0.078459 0.996917 0 0.996917 0.078459 0 3021.dat
1 0 -20 -26.5658 -211.5195 0 0 -1 -0.078459 0.996917 0 0.996917 0.078459 0 3021.dat
1 15 -30 -30.4888 -161.6737 0 0 -1 -0.078459 0.996917 0 0.996917 0.078459 0 2412.dat
1 15 30 -30.4888 -161.6737 0 0 -1 -0.078459 0.996917 0 0.996917 0.078459 0 2412.dat
1 0 30 -35.1963 -101.8587 0 0 -1 -0.078459 0.996917 0 0.996917 0.078459 0 2431.dat
1 0 -30 -35.1963 -101.8587 0 0 -1 -0.078459 0.996917 0 0.996917 0.078459 0 2431.dat
1 0 0 -37.5501 -71.9512 -1 0 0 0 0.996917 0.078459 0 0.078459 -0.996917 3023.dat
1 15 20 -23.9532 -40.7883 1 0 0 0 0.996917 -0.078459 0 0.078459 0.996917 2444.dat
1 15 -20 -23.9532 -40.7883 -1 0 0 0 0.996917 0.078459 0 0.078459 -0.996917 2444.dat
1 0 0 -32.972 -232.0856 -1 0 0 0 0.996917 0.078459 0 0.078459 -0.996917 3023.dat
1 0 0 -40.9473 -232.7132 -1 0 0 0 0.996917 0.078459 0 0.078459 -0.996917 3069.dat
1 0 10 -40.0333 -142.363 0 0 1 0.078459 0.996917 0 -0.996917 0.078459 0 4162.dat
1 0 -10 -40.0333 -142.363 0 0 1 0.078459 0.996917 0 -0.996917 0.078459 0 4162.dat
1 0 30 -33.7566 -222.1164 0 0 1 0.078459 0.996917 0 -0.996917 0.078459 0 2431.dat
1 0 -30 -33.7566 -222.1164 0 0 1 0.078459 0.996917 0 -0.996917 0.078459 0 2431.dat
1 0 0 -60.2594 -241.2457 1 0 0 0 0.942641 -0.333807 0 0.333807 0.942641 3023.dat
1 0 0 -76.9497 -194.1137 0 0 1 0.333807 0.942641 0 -0.942641 0.333807 0 3020.dat
1 15 0 -71.1386 -234.4898 0 0 1 0.333807 0.942641 0 -0.942641 0.333807 0 3022.dat
1 0 0 -94.5051 -168.5049 1 0 0 0 0.942641 -0.333807 0 0.333807 0.942641 3839.dat
1 0 0 -79.4228 -163.164 -1 0 0 0 0.942641 0.333807 0 0.333807 -0.942641 2540.dat
1 0 0 -56.0563 -229.1489 -1 0 0 0 0.942641 0.333807 0 0.333807 -0.942641 4600.dat
1 15 0 -71.8817 -160.4935 -1 0 0 0 0.942641 0.333807 0 0.333807 -0.942641 3023.dat
1 15 0 -64.3406 -157.8231 -1 0 0 0 0.942641 0.333807 0 0.333807 -0.942641 3023.dat
1 0 0 -72.7467 -182.0168 1 0 0 0 0.942641 -0.333807 0 0.333807 0.942641 3660.dat
1 0 0 -53.4614 -164.579 -1 0 0 0 0.942641 0.333807 0 0.333807 -0.942641 4600.dat
1 0 0 -78.6797 -237.1602 1 0 0 0 0.942641 -0.333807 0 0.333807 0.942641 4859.dat
1 15 30 -51.3431 -227.4798 0 0 -1 -0.333807 0.942641 0 0.942641 0.333807 0 4624.dat
1 256 30 -51.3431 -227.4798 0 0 -1 -0.333807 0.942641 0 0.942641 0.333807 0 3641.dat
1 15 -30 -51.3431 -227.4798 0 0 1 0.333807 0.942641 0 -0.942641 0.333807 0 4624.dat
1 256 -30 -51.3431 -227.4798 0 0 1 0.333807 0.942641 0 -0.942641 0.333807 0 3641.dat
1 15 30 -48.7481 -162.91 0 0 -1 -0.333807 0.942641 0 0.942641 0.333807 0 4624.dat
1 256 30 -48.7481 -162.91 0 0 -1 -0.333807 0.942641 0 0.942641 0.333807 0 3641.dat
1 15 -30 -48.7481 -162.91 0 0 1 0.333807 0.942641 0 -0.942641 0.333807 0 4624.dat
1 256 -30 -48.7481 -162.91 0 0 1 0.333807 0.942641 0 -0.942641 0.333807 0 3641.dat
1 0 0 -82.8828 -249.2571 1 0 0 0 0.942641 -0.333807 0 0.333807 0.942641 2412.dat
1 15 0 -89.5589 -230.4043 -1 0 0 0 0.942641 0.333807 0 0.333807 -0.942641 3069.dat
1 15 0 -40 30 1 0 0 0 1 0 0 0 1 3023.dat
1 0 0 -48 30 -1 0 0 0 1 0 0 0 -1 3839.dat
1 0 60 -56 20 0 0 1 0 1 0 -1 0 0 3001.dat
1 0 -60 -56 20 0 0 1 0 1 0 -1 0 0 3001.dat
1 0 -60 -56 -30 1 0 0 0 1 0 0 0 1 3039.dat
1 0 60 -56 -30 1 0 0 0 1 0 0 0 1 3039.dat
1 0 70 -56 -140 0 0 1 0 1 0 -1 0 0 3660.dat
1 0 -70 -56 -140 0 0 -1 0 1 0 1 0 0 3660.dat
1 0 90 -40 -250 1 0 0 0 1 0 0 0 1 2450.dat
1 0 -90 -40 -250 0 0 1 0 1 0 -1 0 0 2450.dat
1 15 80 8 -260 -1 0 0 0 1 0 0 0 -1 4229.dat
1 15 -80 8 -260 -1 0 0 0 1 0 0 0 -1 4229.dat
1 15 -60 8 20 -1 0 0 0 1 0 0 0 -1 4229.dat
1 15 60 8 20 -1 0 0 0 1 0 0 0 -1 4229.dat
1 15 200 8 20 -1 0 0 0 1 0 0 0 -1 4229.dat
1 15 -200 8 20 -1 0 0 0 1 0 0 0 -1 4229.dat
1 0 200 -56 20 0 0 1 0 1 0 -1 0 0 2434.dat
1 0 -200 -56 20 0 0 1 0 1 0 -1 0 0 2434.dat
1 15 0 -72 30 1 0 0 0 1 0 0 0 1 3004.dat
1 15 -50 -72 40 0 0 1 0 1 0 -1 0 0 4531.dat
1 15 50 -72 40 0 0 1 0 1 0 -1 0 0 4531.dat
1 0 70 -64 -40 0 0 1 0 1 0 -1 0 0 4477.dat
1 0 -70 -64 -40 0 0 1 0 1 0 -1 0 0 4477.dat
1 0 -50 -64 -140 0 0 1 0 1 0 -1 0 0 3023.dat
1 0 50 -64 -140 0 0 1 0 1 0 -1 0 0 3023.dat
1 0 70 -64 -150 0 0 -1 0 1 0 1 0 0 4081.dat
1 0 -70 -64 -150 0 0 1 0 1 0 -1 0 0 4081.dat
1 0 70 -40 -290 0.991445 0 -0.130526 0 1 0 0.130526 0 0.991445 4735.dat
1 0 -70 -40 -290 0.991445 0 0.130526 0 1 0 -0.130526 0 0.991445 4735.dat
1 0 200 -80 10 -1 0 0 0 1 0 0 0 -1 3298.dat
1 0 -200 -80 10 -1 0 0 0 1 0 0 0 -1 3298.dat
1 0 -200 -80 -10 1 0 0 0 1 0 0 0 1 2458.dat
1 0 200 -80 -10 1 0 0 0 1 0 0 0 1 2458.dat
1 0 -70 -88 50 0 0 1 0 1 0 -1 0 0 2357.dat
1 0 70 -88 50 -1 0 0 0 1 0 0 0 -1 2357.dat
1 0 -70 -88 10 1 0 0 0 1 0 0 0 1 3040.dat
1 0 70 -88 10 1 0 0 0 1 0 0 0 1 3040.dat
1 0 60 -72 -140 1 0 0 0 1 0 0 0 1 3022.dat
1 0 -60 -72 -140 1 0 0 0 1 0 0 0 1 3022.dat
1 15 90 -62 -162 1 0 0 0 0 -1 0 1 0 6141.dat
1 15 -90 -62 -162 1 0 0 0 0 -1 0 1 0 6141.dat
1 0 70 -48 -260 0 0 -1 0 1 0 1 0 0 3710.dat
1 0 -70 -48 -260 0 0 -1 0 1 0 1 0 0 3710.dat
1 15 200 -88 0 -1 0 0 0 1 0 0 0 -1 4859.dat
1 15 -200 -88 0 -1 0 0 0 1 0 0 0 -1 4859.dat
1 15 70 -56 -280 0 0 1 0 1 0 -1 0 0 3069.dat
1 15 -70 -56 -280 0 0 1 0 1 0 -1 0 0 3069.dat
1 15 70 -80 -140 0 0 1 0 1 0 -1 0 0 2412.dat
1 15 -70 -80 -140 0 0 1 0 1 0 -1 0 0 2412.dat
1 0 -50 -80 -140 0 0 -1 0 1 0 1 0 0 4623.dat
1 0 50 -80 -140 0 0 1 0 1 0 -1 0 0 4623.dat
1 0 0 -72 50 -1 0 0 0 1 0 0 0 -1 2443.dat
1 0 0 -80 40 -1 0 0 0 1 0 0 0 -1 3022.dat
1 0 0 -88 50 -1 0 0 0 1 0 0 0 -1 3023.dat
1 0 0 -96 50 -1 0 0 0 1 0 0 0 -1 3666.dat
1 42 0 -36 112 -1 0 0 0 0 -1 0 -1 0 2418.dat
1 0 -140 -96 40 0 0 1 0 1 0 -1 0 0 3934.dat
1 0 140 -96 40 0 0 -1 0 1 0 1 0 0 3933.dat
1 0 0 -53.907 -4.192 1 0 0 0 0.704634 0.709571 0 -0.709571 0.704634 3710.dat
1 0 -10 -66.6398 -5.5618 0 0 -1 0.709571 0.704634 0 0.704634 -0.709571 0 3839.dat
1 0 -30 -66.6398 -5.5618 0 0 -1 0.709571 0.704634 0 0.704634 -0.709571 0 3023.dat
1 0 20 -66.6398 -5.5618 0 0 -1 0.709571 0.704634 0 0.704634 -0.709571 0 3022.dat
1 15 0 -65.1811 7.1611 -1 0 0 0 0.704634 -0.709571 0 -0.709571 -0.704634 3710.dat
1 42 0 -93.564 -21.0242 1 0 0 0 0.704634 0.709571 0 -0.709571 0.704634 2408.dat
1 0 -20 -77.9139 5.7914 1 0 0 0 0.704634 0.709571 0 -0.709571 0.704634 3068.dat
1 0 20 -77.9139 5.7914 1 0 0 0 0.704634 0.709571 0 -0.709571 0.704634 3068.dat
1 0 30 -99.2011 -15.3477 1 0 0 0 0.704634 0.709571 0 -0.709571 0.704634 3024.dat
1 0 -30 -99.2011 -15.3477 1 0 0 0 0.704634 0.709571 0 -0.709571 0.704634 3024.dat
1 15 -10 -106.2968 -22.394 0 0 1 -0.709571 0.704634 0 -0.704634 -0.709571 0 4276.dat
1 15 10 -106.2968 -22.394 0 0 1 -0.709571 0.704634 0 -0.704634 -0.709571 0 4276.dat
1 0 50 -92.1053 -8.3013 0 0 -1 0.709571 0.704634 0 0.704634 -0.709571 0 4275.dat
1 0 -50 -92.1053 -8.3013 0 0 -1 0.709571 0.704634 0 0.704634 -0.709571 0 4275.dat
1 0 0 -104.8381 -9.6711 -1 0 0 0 0.704634 -0.709571 0 -0.709571 -0.704634 3666.dat
1 0 0 -21.072 -321.0924 -1 0 0 0 0.704634 -0.709571 0 -0.709571 -0.704634 3460.dat
1 0 -10 -133.4587 -75.3629 0 0 -1 0.158159 0.987414 0 0.987414 -0.158159 0 4275.dat
1 0 10 -133.4587 -75.3629 0 0 -1 0.158159 0.987414 0 0.987414 -0.158159 0 4275.dat
1 0 0 -141.358 -74.0976 0 0 -1 0.158159 0.987414 0 0.987414 -0.158159 0 2460.dat
1 0 0 -159.1314 -71.2508 0.92388 0 -0.382683 0.060525 0.987414 0.14612 0.377866 -0.158159 0.912252 3709.dat
1 0 0 -151.2321 -72.5161 0.92388 0 -0.382683 0.060525 0.987414 0.14612 0.377866 -0.158159 0.912252 4285.dat
1 15 -27.7164 -168.8465 -81.3215 0.382683 0 0.92388 -0.14612 0.987414 0.060525 -0.912252 -0.158159 0.377866 4596.dat
1 42 -92.388 -171.1084 -108.0885 0.382683 -0.92388 0 -0.14612 -0.060525 0.987414 -0.912252 -0.377866 -0.158159 6141.dat
1 15 27.7164 -165.215 -58.6495 -0.382683 0 -0.92388 0.14612 0.987414 -0.060525 0.912252 -0.158159 -0.377866 4596.dat
1 42 92.388 -159.0034 -32.5152 -0.382683 0.92388 0 0.14612 0.060525 0.987414 0.912252 0.377866 -0.158159 6141.dat
1 0 -31.5432 -175.2846 -70.9337 0.92388 0 -0.382683 0.060525 0.987414 0.14612 0.377866 -0.158159 0.912252 2555.dat
1 0 23.8896 -171.6531 -48.2617 0.92388 0 -0.382683 0.060525 0.987414 0.14612 0.377866 -0.158159 0.912252 2555.dat
1 0 4.5922 -182.608 -78.7183 0.92388 -0.382683 0 0.060525 0.14612 -0.987414 0.377866 0.912252 0.158159 4083.dat
1 0 340 -36 60 0 -1 0 1 0 0 0 0 1 4476.dat
1 0 320 -36 80 0 0 -1 -1 0 0 0 1 0 3956.dat
1 15 320 -36 88 0 0 -1 -1 0 0 0 1 0 4591.dat
1 0 -340 -36 60 0 1 0 -1 0 0 0 0 1 4476.dat
1 0 -320 -36 80 0 0 1 1 0 0 0 1 0 3956.dat
1 15 -320 -36 88 0 0 1 1 0 0 0 1 0 4591.dat
1 42 130 -6 -224 0 0 1 1 0 0 0 1 0 2569.dat
1 42 -130 -6 -224 0 0 1 1 0 0 0 1 0 2569.dat
1 0 0 -104 50 -1 0 0 0 1 0 0 0 -1 4477.dat
1 15 -200 -8 -120 0 0 1 0 1 0 -1 0 0 3795.dat
1 15 -200 -32 -90 1 0 0 0 1 0 0 0 1 3004.dat
1 15 -200 -32 -70 -1 0 0 0 1 0 0 0 -1 3747.dat
1 15 -200 -32 -110 1 0 0 0 1 0 0 0 1 3039.dat
1 0 -200 -80 -80 0 0 1 0 1 0 -1 0 0 2434.dat
1 0 -132 -60 -40 0 -1 0 1 0 0 0 0 1 3479.dat
1 0 -268 -60 -40 0 1 0 -1 0 0 0 0 1 3479.dat
1 0 -156 -60 -110 0 -1 0 -1 0 0 0 0 -1 3937.dat
1 0 -244 -60 -110 0 1 0 1 0 0 0 0 -1 3937.dat
1 0 -200 -56 -30 1 0 0 0 1 0 0 0 1 3004.dat
1 0 -200 -80 -30 1 0 0 0 1 0 0 0 1 3700.dat
1 0 -200 -88 -60 0 0 1 0 1 0 -1 0 0 3020.dat
1 15 -200 0 -80 0 0 1 0 1 0 -1 0 0 4032.dat
1 15 -190 0 -160 0 0 1 0 1 0 -1 0 0 4275.dat
1 15 -210 0 -160 0 0 1 0 1 0 -1 0 0 4275.dat
1 0 -200 -136 -40 1 0 0 0 1 0 0 0 1 3479.dat
1 0 -200 -104 -110 1 0 0 0 1 0 0 0 1 3004.dat
1 15 -124 -60 -30 0 -1 0 1 0 0 0 0 1 2412.dat
1 0 -124 -60 -50 0 -1 0 1 0 0 0 0 1 3839.dat
1 15 -276 -60 -30 0 1 0 -1 0 0 0 0 1 2412.dat
1 0 -276 -60 -50 0 1 0 -1 0 0 0 0 1 3839.dat
1 15 -200 -112 -110 1 0 0 0 1 0 0 0 1 2412.dat
1 0 -190 -13.921 -214.392 0 0 1 0.693402 -0.720551 0 0.720551 0.693402 0 4276.dat
1 0 -210 -13.921 -214.392 0 0 1 0.693402 -0.720551 0 0.720551 0.693402 0 4276.dat
1 0 -200 -12.7514 -201.6393 -1 0 0 0 -0.720551 0.693402 0 0.693402 0.720551 3023.dat
1 42 -200 -26.6194 -216.0503 -1 0 0 0 -0.720551 0.693402 0 0.693402 0.720551 2466.dat
1 0 -200 -25.4498 -203.2976 -1 0 0 0 -0.720551 0.693402 0 0.693402 0.720551 4032.dat
1 15 -200 -40.078 -178.1179 1 0 0 0 -0.693402 0.720551 0 -0.720551 -0.693402 2516.dat
1 15 -190 -124.6144 -121.7476 0 0 1 0.693402 -0.720551 0 0.720551 0.693402 0 6141.dat
1 15 -210 -124.6144 -121.7476 0 0 1 0.693402 -0.720551 0 0.720551 0.693402 0 6141.dat
1 42 -132 -60 -160 0 -1 0 1 0 0 0 0 1 2418.dat
1 42 -268 -60 -160 0 1 0 -1 0 0 0 0 1 2418.dat
1 15 200 -8 -120 0 0 1 0 1 0 -1 0 0 3795.dat
1 15 200 -32 -90 1 0 0 0 1 0 0 0 1 3004.dat
1 15 200 -32 -70 -1 0 0 0 1 0 0 0 -1 3747.dat
1 15 200 -32 -110 1 0 0 0 1 0 0 0 1 3039.dat
1 0 200 -80 -80 0 0 1 0 1 0 -1 0 0 2434.dat
1 0 268 -60 -40 0 -1 0 1 0 0 0 0 1 3479.dat
1 0 132 -60 -40 0 1 0 -1 0 0 0 0 1 3479.dat
1 0 244 -60 -110 0 -1 0 -1 0 0 0 0 -1 3937.dat
1 0 156 -60 -110 0 1 0 1 0 0 0 0 -1 3937.dat
1 0 200 -56 -30 1 0 0 0 1 0 0 0 1 3004.dat
1 0 200 -80 -30 1 0 0 0 1 0 0 0 1 3700.dat
1 0 200 -88 -60 0 0 1 0 1 0 -1 0 0 3020.dat
1 15 200 0 -80 0 0 1 0 1 0 -1 0 0 4032.dat
1 15 210 0 -160 0 0 1 0 1 0 -1 0 0 4275.dat
1 15 190 0 -160 0 0 1 0 1 0 -1 0 0 4275.dat
1 0 200 -136 -40 1 0 0 0 1 0 0 0 1 3479.dat
1 0 200 -104 -110 1 0 0 0 1 0 0 0 1 3004.dat
1 15 276 -60 -30 0 -1 0 1 0 0 0 0 1 2412.dat
1 0 276 -60 -50 0 -1 0 1 0 0 0 0 1 3839.dat
1 15 124 -60 -30 0 1 0 -1 0 0 0 0 1 2412.dat
1 0 124 -60 -50 0 1 0 -1 0 0 0 0 1 3839.dat
1 15 200 -112 -110 1 0 0 0 1 0 0 0 1 2412.dat
1 0 210 -13.921 -214.392 0 0 1 0.693402 -0.720551 0 0.720551 0.693402 0 4276.dat
1 0 190 -13.921 -214.392 0 0 1 0.693402 -0.720551 0 0.720551 0.693402 0 4276.dat
1 0 200 -12.7514 -201.6393 -1 0 0 0 -0.720551 0.693402 0 0.693402 0.720551 3023.dat
1 42 200 -26.6194 -216.0503 -1 0 0 0 -0.720551 0.693402 0 0.693402 0.720551 2466.dat
1 0 200 -25.4498 -203.2976 -1 0 0 0 -0.720551 0.693402 0 0.693402 0.720551 4032.dat
1 15 200 -40.078 -178.1179 1 0 0 0 -0.693402 0.720551 0 -0.720551 -0.693402 2516.dat
1 15 210 -124.6144 -121.7476 0 0 1 0.693402 -0.720551 0 0.720551 0.693402 0 6141.dat
1 15 190 -124.6144 -121.7476 0 0 1 0.693402 -0.720551 0 0.720551 0.693402 0 6141.dat
1 42 268 -60 -160 0 -1 0 1 0 0 0 0 1 2418.dat
1 42 132 -60 -160 0 1 0 -1 0 0 0 0 1 2418.dat
1 0 200 -87.543 -143.963 0.906308 0 -0.422618 0.047842 0.993572 0.102597 0.419902 -0.113203 0.900482 2446.dat
1 42 198.0576 -85.1797 -140.0399 0.906308 0.298836 -0.298836 0.047842 0.630015 0.775109 0.419902 -0.716784 0.55669 2447.dat
1 14 200 -87.543 -143.963 0.906308 0 -0.422618 0.047842 0.993572 0.102597 0.419902 -0.113203 0.900482 3626.dat
1 15 200 -60.718 -147.018 1 0 0 0 0.993572 0.113203 0 -0.113203 0.993572 973.dat
1 0 200 -60.718 -147.018 1 0 0 0 0.993572 0.113203 0 -0.113203 0.993572 3838.dat
