0 Main
0 Name: 4888-1 - Ocean Odyssey - Experienced Build.mpd
0 Author: LTRON
1 72 0 0 0 0 0 -1 0 1 0 1 0 0 3795.dat
1 0 40 -8 0 -1 0 0 0 1 0 0 0 -1 3709.dat
1 72 80 0 0 0 0 -1 0 1 0 1 0 0 3795.dat
1 71 40 0 0 0 0 -1 0 1 0 1 0 0 32001.dat
1 72 90 -24 -20 0 0 -1 0 1 0 1 0 0 3747.dat
1 72 -10 -24 0 0 0 1 0 1 0 -1 0 0 3747.dat
1 72 90 -24 20 0 0 -1 0 1 0 1 0 0 3747.dat
1 71 -10 -24 -30 0 0 -1 0 1 0 1 0 0 6541.dat
1 71 -10 -24 30 0 0 -1 0 1 0 1 0 0 6541.dat
1 1 -20 -14 -30 -1 0 0 0 0 -1 0 -1 0 3749.dat
1 1 -20 -14 30 -1 0 0 0 0 -1 0 -1 0 3749.dat
1 16 40 -24 -50 -1 0 0 0 1 0 0 0 -1 3702.dat
1 16 40 -24 50 -1 0 0 0 1 0 0 0 -1 3702.dat
1 72 -10 -32 0 0 0 1 0 1 0 -1 0 0 3710.dat
1 16 20 -48 -50 1 0 0 0 1 0 0 0 1 3009.dat
1 16 20 -48 50 1 0 0 0 1 0 0 0 1 3009.dat
1 16 90 -48 0 0 0 -1 0 1 0 1 0 0 3009.dat
1 16 110 -48 -50 0 0 -1 0 1 0 1 0 0 3665.dat
1 16 110 -48 50 0 0 -1 0 1 0 1 0 0 3665.dat
1 71 43 -14 -80 -1 0 0 0 1 0 0 0 -1 4519.dat
1 16 46 -14 -80 0 1 0 -1 0 0 0 0 1 6143.dat
1 16 140 -14 -80 0 1 0 -1 0 0 0 0 1 6143.dat
1 16 116 -14 -80 0 1 0 0 0 1 1 0 0 6143.dat
1 0 0 -14 -60 0 0 -1 0 1 0 1 0 0 3673.dat
1 0 80 -14 -60 0 0 -1 0 1 0 1 0 0 3673.dat
1 72 38 -14 -80 0 1 0 -1 0 0 0 0 1 4032.dat
1 16 -34 -14 -80 0 1 0 -1 0 0 0 0 1 6143.dat
1 71 136 -14 -80 -1 0 0 0 1 0 0 0 -1 4519.dat
1 16 -58 -14 -80 0 1 0 1 0 0 0 0 -1 30367.dat
1 72 164 -14 -80 0 1 0 -1 0 0 0 0 1 2654.dat
1 0 0 -14 60 0 0 -1 0 -1 0 -1 0 0 3673.dat
1 72 0 -14 80 0 1 0 0 0 -1 -1 0 0 30361.dat
1 16 -34 -14 80 0 1 0 1 0 0 0 0 -1 6143.dat
1 16 -58 -14 80 0 1 0 -1 0 0 0 0 1 30367.dat
1 0 80 -14 60 0 0 -1 0 -1 0 -1 0 0 3673.dat
1 72 80 -14 80 0 1 0 0 0 -1 -1 0 0 30361.dat
1 16 46 -14 80 0 1 0 1 0 0 0 0 -1 6143.dat
1 72 38 -14 80 0 1 0 1 0 0 0 0 -1 4032.dat
1 71 43 -14 80 -1 0 0 0 -1 0 0 0 1 4519.dat
1 71 136 -14 80 -1 0 0 0 -1 0 0 0 1 4519.dat
1 16 116 -14 80 0 1 0 0 0 -1 -1 0 0 6143.dat
1 16 140 -14 80 0 1 0 1 0 0 0 0 -1 6143.dat
1 72 164 -14 80 0 1 0 1 0 0 0 0 -1 2654.dat
1 72 0 -14 -80 0 1 0 0 0 1 1 0 0 30361.dat
1 72 80 -14 -80 0 1 0 0 0 1 1 0 0 30361.dat
1 72 130 -48 20 0 0 -1 0 1 0 1 0 0 3660.dat
1 72 130 -48 -20 0 0 -1 0 1 0 1 0 0 3660.dat
1 72 120 -72 -20 -1 0 0 0 1 0 0 0 -1 3001.dat
1 72 120 -72 20 -1 0 0 0 1 0 0 0 -1 3001.dat
1 16 100 -72 -50 1 0 0 0 1 0 0 0 1 30414.dat
1 16 20 -72 -50 1 0 0 0 1 0 0 0 1 30414.dat
1 16 20 -72 50 -1 0 0 0 1 0 0 0 -1 30414.dat
1 16 100 -72 50 -1 0 0 0 1 0 0 0 -1 30414.dat
1 16 60 -62 -68 -1 0 0 0 0 1 0 1 0 3460.dat
1 72 20 -62 -76 -1 0 0 0 0 1 0 1 0 3710.dat
1 16 80 -62 -92 -1 0 0 0 0 1 0 1 0 3004.dat
1 16 110 -62 -92 0 0 -1 -1 0 0 0 1 0 3040.dat
1 0 0 -62 -84 -1 0 0 0 0 1 0 1 0 44301.dat
1 72 40 -62 -84 -1 0 0 0 0 1 0 1 0 3023.dat
1 16 20 -62 -92 -1 0 0 0 0 1 0 1 0 2431.dat
1 16 60 -62 68 -1 0 0 0 0 -1 0 -1 0 3460.dat
1 72 20 -62 76 -1 0 0 0 0 -1 0 -1 0 3710.dat
1 16 80 -62 92 -1 0 0 0 0 -1 0 -1 0 3004.dat
1 16 110 -62 92 0 0 -1 1 0 0 0 -1 0 3040.dat
1 0 0 -62 84 -1 0 0 0 0 -1 0 -1 0 44301.dat
1 72 40 -62 84 -1 0 0 0 0 -1 0 -1 0 3023.dat
1 16 20 -62 92 -1 0 0 0 0 -1 0 -1 0 2431.dat
1 72 100 -96 0 0 0 1 0 1 0 -1 0 0 3001.dat
1 72 140 -96 0 0 0 1 0 1 0 -1 0 0 3001.dat
1 16 110 -96 -50 0 0 -1 0 1 0 1 0 0 3040.dat
1 16 110 -96 50 0 0 -1 0 1 0 1 0 0 3040.dat
1 16 60 -96 50 -1 0 0 0 1 0 0 0 -1 3010.dat
1 16 60 -96 -50 -1 0 0 0 1 0 0 0 -1 3010.dat
1 16 140 -104 0 -1 0 0 0 1 0 0 0 -1 3022.dat
1 16 0 -96 -50 -1 0 0 0 1 0 0 0 -1 3700.dat
1 16 0 -96 50 -1 0 0 0 1 0 0 0 -1 3700.dat
1 0 0 -86 -50 0 0 -1 0 1 0 1 0 0 32054.dat
1 4 0 -86 -79 0 0 -1 0 1 0 1 0 0 32062.dat
1 71 -20 -120 0 0 0 1 0 1 0 -1 0 0 43121.dat
1 15 -40 -86 0 -1 0 0 0 1 0 0 0 -1 4274.dat
1 4 -48 -86 0 0 1 0 1 0 0 0 0 -1 6141.dat
1 16 40 -120 -50 1 0 0 0 1 0 0 0 1 3009.dat
1 16 40 -120 50 -1 0 0 0 1 0 0 0 -1 3009.dat
1 16 110 -120 0 0 0 1 0 1 0 -1 0 0 3009.dat
1 72 130 -120 30 0 0 -1 0 1 0 1 0 0 3040.dat
1 72 130 -120 -30 0 0 -1 0 1 0 1 0 0 3040.dat
1 40 -40 -144 0 0 0 1 0 1 0 -1 0 0 30366.dat
1 72 140 -120 0 0 0 1 0 1 0 -1 0 0 6040.dat
1 19 190 -110 0 -1 0 0 0 1 0 0 0 -1 3749.dat
1 0 202 -110 0 0 0 -1 0 1 0 1 0 0 6041.dat
1 16 60 -144 -50 -1 0 0 0 1 0 0 0 -1 3700.dat
1 16 100 -144 -50 -1 0 0 0 1 0 0 0 -1 3004.dat
1 16 20 -144 -50 -1 0 0 0 1 0 0 0 -1 3004.dat
1 16 20 -144 50 -1 0 0 0 1 0 0 0 -1 3004.dat
1 16 100 -144 50 -1 0 0 0 1 0 0 0 -1 3004.dat
1 16 60 -144 50 -1 0 0 0 1 0 0 0 -1 3700.dat
1 72 110 -144 0 0 0 -1 0 1 0 1 0 0 3037.dat
1 47 -88 -38 -30 0 1 0 0 0 1 1 0 0 6141.dat
1 47 -88 -38 30 0 1 0 0 0 1 1 0 0 6141.dat
1 16 -40 -128 60 -1 0 0 0 1 0 0 0 -1 2429.dat
1 16 -40 -128 60 -0.707 0 -0.707 0 1 0 0.707 0 -0.707 2430.dat
1 16 -40 -128 -60 0.707 0 -0.707 0 1 0 0.707 0 0.707 2429.dat
1 16 -40 -128 -60 1 0 0 0 1 0 0 0 1 2430.dat
1 16 -61.213 -136 67.071 -0.707 0 -0.707 0 1 0 0.707 0 -0.707 30383.dat
1 16 -61.213 -136 -67.071 -0.707 0 0.707 0 1 0 -0.707 0 -0.707 30383.dat
1 72 -75.355 -142 -81.213 -0.707 0 -0.707 0 1 0 0.707 0 -0.707 30553.dat
1 72 -75.355 -142 81.213 0.707 0 -0.707 0 1 0 0.707 0 0.707 30553.dat
1 4 -88.083 -142 93.941 0.707 0 0.707 0 1 0 -0.707 0 0.707 32062.dat
1 4 -88.083 -142 -93.941 0.707 0 -0.707 0 1 0 0.707 0 0.707 32062.dat
1 72 -20 -136 -50 1 0 0 0 1 0 0 0 1 3023.dat
1 72 -20 -136 50 1 0 0 0 1 0 0 0 1 3023.dat
1 16 -20 -144 -50 1 0 0 0 1 0 0 0 1 3023.dat
1 16 -20 -144 50 1 0 0 0 1 0 0 0 1 3023.dat
1 16 40 -152 0 -1 0 0 0 1 0 0 0 -1 3034.dat
1 71 -50 -152 10 0 0 1 0 1 0 -1 0 0 4081.dat
1 71 -50 -152 -10 0 0 1 0 1 0 -1 0 0 4081.dat
1 47 -70 -150 22 1 0 0 0 0 1 0 -1 0 6141.dat
1 47 -70 -150 -22 -1 0 0 0 0 1 0 1 0 6141.dat
1 16 90 -168 -30 1 0 0 0 1 0 0 0 1 3045.dat
1 16 90 -168 30 0 0 -1 0 1 0 1 0 0 3045.dat
1 16 60 -168 30 0 0 1 0 1 0 -1 0 0 41747.dat
1 16 60 -168 -30 0 0 1 0 1 0 -1 0 0 41748.dat
1 0 60 -134 -60 0 0.174 -0.985 0 1 0.174 1 0 0 3673.dat
1 16 26.496 -128.093 -80 -0.174 1 0 -0.985 -0.174 0 0 0 1 6143.dat
1 71 31.423 -129 -80 -0.985 0.174 0 0.174 1 0 0 0 -1 4519.dat
1 16 97.446 -140.602 -80 0 1 0.174 0 -0.174 1 1 0 0 6143.dat
1 16 121.095 -144.772 -80 0 1 0.174 0 -0.174 1 1 0 0 6143.dat
1 71 111.241 -143 -80 -0.985 0.174 0 0.174 1 0 0 0 -1 4519.dat
1 72 144.745 -148.941 -80 -0.174 1 0 -0.985 -0.174 0 0 0 1 2654.dat
1 0 60 -134 60 0 -0.174 -0.985 0 -0.985 0.174 -1 0 0 3673.dat
1 16 26.496 -128.093 80 0.174 1 0 1 -0.174 0 0 0 -1 6143.dat
1 71 31.423 -129 80 -0.985 -0.174 0 0.174 -0.985 0 0 0 1 4519.dat
1 16 97.446 -140.602 80 0 1 -0.174 0 -0.174 -0.985 -1 0 0 6143.dat
1 16 121.095 -144.772 80 0 1 -0.174 0 -0.174 -0.985 -1 0 0 6143.dat
1 71 111.241 -143 80 -0.985 -0.174 0 0.174 -0.985 0 0 0 1 4519.dat
1 72 144.745 -148.941 80 0.174 1 0 1 -0.174 0 0 0 -1 2654.dat
1 16 90 -176 0 0 0 -1 0 1 0 1 0 0 3039.dat
1 16 60 -176 -10 0 0 1 0 1 0 -1 0 0 42022.dat
1 16 60 -176 10 0 0 1 0 1 0 -1 0 0 42022.dat
1 0 -95.154 -142 -101 0 0.707 -0.707 -1 0 0 0 0.707 0.707 4032.dat
1 72 -100.811 -142 -106.669 0 0.707 -0.707 -1 0 0 0 0.707 0.707 4032.dat
1 0 -95.154 -142 101 0 0.707 0.707 -1 0 0 0 -0.707 0.707 4032.dat
1 72 -100.811 -142 106.669 0 0.707 0.707 -1 0 0 0 -0.707 0.707 4032.dat
1 47 -113.539 -132 105.255 0.707 0.707 0 0 0 1 0.707 -0.707 0 6141.dat
1 47 -99.397 -132 119.397 0.707 0.707 0 0 0 1 0.707 -0.707 0 6141.dat
1 47 -99.397 -152 119.397 0.707 0.707 0 0 0 1 0.707 -0.707 0 6141.dat
1 47 -113.539 -152 105.255 0.707 0.707 0 0 0 1 0.707 -0.707 0 6141.dat
1 47 -113.539 -152 -105.255 -0.707 0.707 0 0 0 1 0.707 0.707 0 6141.dat
1 47 -99.397 -152 -119.397 -0.707 0.707 0 0 0 1 0.707 0.707 0 6141.dat
1 47 -99.397 -132 -119.397 -0.707 0.707 0 0 0 1 0.707 0.707 0 6141.dat
1 47 -113.539 -132 -105.255 -0.707 0.707 0 0 0 1 0.707 0.707 0 6141.dat
1 16 -90.845 -62 -118 -0.924 -0.383 0 0 0 1 -0.383 0.924 0 30388.dat
1 16 -90.845 -62 118 -0.924 -0.383 0 0 0 -1 0.383 -0.924 0 30388.dat
1 72 -168.582 -62 -131.749 0 0.383 -0.924 -1 0 0 0 0.924 0.383 30553.dat
1 4 -187.06 -62 -124.095 0.924 0 0.383 0 1 0 -0.383 0 0.924 32062.dat
1 72 -200.125 -62 -129.507 0 0.383 0.924 1 0 0 0 0.924 -0.383 32064.dat
1 71 -203.187 -62 -136.898 0 0.383 0.924 1 0 0 0 0.924 -0.383 2436.dat
1 71 -219.685 -42 -119.24 0 0.924 0.383 -1 0 0 0 -0.383 0.924 44567.dat
1 71 -219.685 -82 -119.24 0 0.924 0.383 -1 0 0 0 -0.383 0.924 44567.dat
1 71 -227.076 -62 -116.179 0 0.924 -0.383 1 0 0 0 -0.383 -0.924 44567.dat
1 72 -240.202 -62 -78.668 0.707 0.707 0 0 0 -1 -0.707 0.707 0 44302.dat
1 72 -254 -82 -148.116 0.924 0.383 0 0 0 1 0.383 -0.924 0 44302.dat
1 72 -254 -42 -148.116 0.924 0.383 0 0 0 1 0.383 -0.924 0 44302.dat
1 72 -264.244 -62 -88.567 0 0.707 -0.707 -1 0 0 0 0.707 0.707 3040.dat
1 72 -272.396 -42 -129.77 0 0.383 -0.924 1 0 0 0 -0.924 -0.383 3040.dat
1 72 -272.396 -82 -129.77 0 0.383 -0.924 1 0 0 0 -0.924 -0.383 3040.dat
1 72 -168.582 -62 131.749 0 0.383 -0.924 1 0 0 0 -0.924 -0.383 30553.dat
1 72 -200.125 -62 129.507 0 0.383 0.924 -1 0 0 0 -0.924 0.383 32064.dat
1 4 -187.06 -62 124.095 0.924 0 0.383 0 -1 0 0.383 0 -0.924 32062.dat
1 71 -203.187 -62 136.898 0 0.383 0.924 -1 0 0 0 -0.924 0.383 2436.dat
1 71 -219.685 -82 119.24 0 0.924 0.383 1 0 0 0 0.383 -0.924 44567.dat
1 71 -219.685 -42 119.24 0 0.924 0.383 1 0 0 0 0.383 -0.924 44567.dat
1 71 -227.076 -62 116.179 0 0.924 -0.383 -1 0 0 0 0.383 0.924 44567.dat
1 72 -254 -82 148.116 0.924 0.383 0 0 0 -1 -0.383 0.924 0 44302.dat
1 72 -272.396 -82 129.77 0 0.383 -0.924 -1 0 0 0 0.924 0.383 3040.dat
1 72 -254 -42 148.116 0.924 0.383 0 0 0 -1 -0.383 0.924 0 44302.dat
1 72 -272.396 -42 129.77 0 0.383 -0.924 -1 0 0 0 0.924 0.383 3040.dat
1 72 -240.202 -62 78.668 0.707 0.707 0 0 0 1 0.707 -0.707 0 44302.dat
1 72 -264.244 -62 88.567 0 0.707 -0.707 1 0 0 0 -0.707 -0.707 3040.dat
1 72 60 -134 -80 0 1 0.174 0 -0.174 1 1 0 0 30361.dat
1 72 60 -134 80 0 1 -0.174 0 -0.174 -0.985 -1 0 0 30361.dat
1 71 0 -86 -104 1 0 0 0 0 -1 0 1 0 2819.dat
1 0 47.396 -129.926 -80 0 1 -0.075 0 0.075 1 1 0 0 79.dat
1 0 41.902 -130.241 -80 0 -0.999 0 0 0 1 1 0 0 80.dat
1 0 36.401 -130.261 -80 0 -0.999 0 0 0 1 1 0 0 80.dat
1 0 30.924 -129.815 -80 0 -0.991 0.136 0 0.136 1 1 0 0 80.dat
1 0 25.499 -128.906 -80 0 -0.98 0.201 0 0.201 1 1 0 0 80.dat
1 0 20.113 -127.783 -80 0 -0.978 0.207 0 0.207 1 1 0 0 80.dat
1 0 14.721 -126.684 -80 0 -0.982 0.191 0 0.191 1 1 0 0 80.dat
1 0 9.322 -125.612 -80 0 -0.98 0.2 0 0.2 1 1 0 0 80.dat
1 0 4 -124.385 -79.814 0 -0.967 0.251 0 0.251 1 1 0 0 80.dat
1 0 -1.33 -122.877 -79.506 0.059 -0.951 0.304 0 0.301 1 1 0.071 0 80.dat
1 0 -6.527 -121.091 -79 0.072 -0.931 0.357 -0.09 0.351 0.932 1 0.099 0.058 80.dat
1 0 -11.595 -119 -78.429 0.08 -0.908 0.41 -0.132 0.398 0.908 1 0.126 0.088 80.dat
1 0 -16.537 -116.733 -77.666 0.082 -0.883 0.462 -0.174 0.444 0.879 1 0.153 0.117 80.dat
1 0 -21.334 -114.175 -76.76 0.08 -0.855 0.513 -0.216 0.488 0.846 1 0.178 0.146 80.dat
1 0 -26 -111.377 -75.715 0.072 -0.824 0.562 -0.257 0.53 0.808 1 0.203 0.173 80.dat
1 0 -30.426 -108.363 -74.542 0.06 -0.791 0.609 -0.295 0.569 0.767 1 0.226 0.199 80.dat
1 0 -34.697 -105.131 -73.241 0 -0.755 0.654 -0.33 0.607 0.723 0.943 0.248 0.223 80.dat
1 0 -38.761 -101.705 -71.824 0 -0.718 0.695 -0.362 0.642 0.676 0.932 0.269 0.243 80.dat
1 0 -42.625 -98.081 -70.29 0 -0.679 0.734 -0.389 0.675 0.627 0.921 0.289 0.261 80.dat
1 0 -46.263 -94.282 -68.65 0 -0.637 0.77 -0.412 0.706 0.575 0.911 0.308 0.275 80.dat
1 0 -49.664 -90.317 -66.91 0 -0.594 0.804 -0.431 0.736 0.522 0.901 0.326 0.285 80.dat
1 0 -52.815 -86.195 -65.074 -0.061 -0.547 0.835 -0.445 0.764 0.468 0.894 0.343 0.29 80.dat
1 0 -55.702 -81.926 -63.147 -0.08 -0.497 0.864 -0.454 0.79 0.413 0.888 0.359 0.289 80.dat
1 0 -58.307 -77.519 -61.135 -0.096 -0.444 0.891 -0.458 0.814 0.357 0.884 0.374 0.281 80.dat
1 0 -60.617 -73 -59 -0.106 -0.387 0.916 -0.458 0.837 0.3 0.882 0.388 0.266 80.dat
1 0 -62.592 -68.299 -56.861 -0.11 -0.324 0.94 -0.455 0.857 0.242 0.884 0.401 0.242 80.dat
1 0 -64.199 -63.538 -54.625 -0.104 -0.254 1 -0.449 0.875 0.183 0.887 0.413 0.205 80.dat
1 0 -65.405 -58.686 -52.329 -0.086 -0.177 1 -0.441 0.889 0.122 0.893 0.422 0.154 80.dat
1 0 -66.162 -53.753 -50 -0.05 -0.089 1 -0.435 0.898 0.059 0.899 0.43 0.084 80.dat
1 0 -66.408 -48.785 -47.593 0 0 1 -0.434 0.901 0 0.901 0.434 0 80.dat
1 0 -66.076 -43.839 -45.205 0.086 0.121 1 -0.444 0.893 -0.071 0.892 0.433 -0.13 80.dat
1 0 -65.097 -39 -42.842 0.186 0.246 1 -0.472 0.871 -0.133 0.862 0.424 -0.278 80.dat
1 0 -63.403 -34.268 -40.545 0.293 0.381 0.877 -0.525 0.83 -0.185 0.799 0.407 -0.444 80.dat
1 0 -61 -29.856 -38.38 0.383 0.52 0.764 -0.604 0.767 -0.219 0.699 0.377 -0.608 80.dat
1 0 -57.766 -25.85 -36.406 0.43 0.652 0.624 -0.696 0.68 -0.23 0.574 0.336 -0.747 80.dat
1 0 -53.881 -22.358 -34.678 0.425 0.766 0.481 -0.787 0.576 -0.22 0.446 0.285 -0.848 80.dat
1 0 -49.43 -19.461 -33.239 0.379 0.855 0.353 -0.864 0.464 -0.196 0.332 0.231 -0.915 80.dat
1 0 -44.554 -17.174 -32.1 0.309 0.918 0.248 -0.92 0.355 -0.165 0.239 0.177 -0.955 80.dat
1 0 -39.383 -15.466 -31.247 0.232 1 0.165 -0.958 0.255 -0.13 0.167 0.127 -0.978 80.dat
1 0 -34 -14.285 -30.655 0.157 1 0.1 -0.981 0.166 -0.096 0.111 0.083 -0.99 80.dat
1 0 -28.593 -13.56 -30.291 0.087 1 0.051 -0.994 0.09 -0.062 0.067 0 -0.997 79.dat
1 0 43.396 -127.2855 80.7619 0 1 -0.075 0.731 0.05115 0.682 0.682 -0.054825 -0.731 79.dat
1 0 37.902 -127.5004 80.9922 0 -0.999 0 0.731 0 0.682 0.682 0 -0.731 80.dat
1 0 32.401 -127.514 81.0068 0 -0.999 0 0.731 0 0.682 0.682 0 -0.731 80.dat
1 0 26.924 -127.2098 80.6808 0 -0.991 0.136 0.731 0.092752 0.682 0.682 -0.099416 -0.731 80.dat
1 0 21.499 -126.5899 80.0163 0 -0.98 0.201 0.731 0.137082 0.682 0.682 -0.146931 -0.731 80.dat
1 0 16.113 -125.824 79.1954 0 -0.978 0.207 0.731 0.141174 0.682 0.682 -0.151317 -0.731 80.dat
1 0 10.721 -125.0745 78.392 0 -0.982 0.191 0.731 0.130262 0.682 0.682 -0.139621 -0.731 80.dat
1 0 5.322 -124.3434 77.6084 0 -0.98 0.2 0.731 0.1364 0.682 0.682 -0.1462 -0.731 80.dat
1 0 0 -123.3706 76.8383 0 -0.967 0.251 0.731 0.171182 0.682 0.682 -0.183481 -0.731 80.dat
1 0 -5.33 -122.117 75.946 0.059 -0.951 0.304 0.731 0.257183 0.682 0.682 -0.171609 -0.731 80.dat
1 0 -10.527 -120.5291 74.9855 0.072 -0.931 0.357 0.66962 0.311751 0.678022 0.74779 -0.189063 -0.641736 80.dat
1 0 -15.595 -118.6856 73.8464 0.08 -0.908 0.41 0.640976 0.363542 0.683584 0.778492 -0.205006 -0.603732 80.dat
1 0 -20.537 -116.5817 72.7096 0.082 -0.883 0.462 0.612332 0.414651 0.685005 0.809194 -0.220218 -0.562755 80.dat
1 0 -25.334 -114.1749 71.4576 0.08 -0.855 0.513 0.583688 0.462934 0.683698 0.839896 -0.235332 -0.518854 80.dat
1 0 -30 -111.5028 70.125 0.072 -0.824 0.562 0.555726 0.509853 0.677519 0.869867 -0.248984 -0.472662 80.dat
1 0 -34.426 -108.5898 68.7217 0.06 -0.791 0.609 0.52981 0.553264 0.668563 0.897645 -0.261807 -0.424959 80.dat
1 0 -38.697 -105.4345 67.2464 0 -0.755 0.654 0.464273 0.595262 0.656099 0.884356 -0.274581 -0.376427 80.dat
1 0 -42.761 -102.0622 65.7084 0 -0.718 0.695 0.434408 0.634483 0.638665 0.900246 -0.285844 -0.32843 80.dat
1 0 -46.625 -98.4692 64.1054 0 -0.679 0.734 0.407953 0.671609 0.618405 0.912481 -0.296327 -0.280335 80.dat
1 0 -50.263 -94.6795 62.4468 0 -0.637 0.77 0.384957 0.70664 0.593175 0.922474 -0.30603 -0.232775 80.dat
1 0 -53.664 -90.7034 60.7351 0 -0.594 0.804 0.364689 0.740258 0.564339 0.929543 -0.315684 -0.187212 80.dat
1 0 -56.815 -86.5501 58.9741 -0.061 -0.547 0.835 0.350024 0.771781 0.531166 0.935003 -0.324558 -0.144328 80.dat
1 0 -59.702 -82.23 57.1677 -0.08 -0.497 0.864 0.3395 0.801209 0.492925 0.93749 -0.332652 -0.104805 80.dat
1 0 -62.307 -77.7536 55.3183 -0.096 -0.444 0.891 0.333848 0.828542 0.448885 0.937686 -0.339966 -0.069325 80.dat
1 0 -64.617 -73.111 53.471 -0.106 -0.387 0.916 0.332386 0.854462 0.399046 0.936322 -0.347231 -0.037888 80.dat
1 0 -66.592 -68.3413 51.4934 -0.11 -0.324 0.94 0.335894 0.877605 0.341946 0.935493 -0.352985 -0.011858 80.dat
1 0 -68.199 -63.4598 49.538 -0.104 -0.254 1 0.342179 0.898653 0.274661 0.933153 -0.357959 0.006037 80.dat
1 0 -69.405 -58.4724 47.5571 -0.086 -0.177 1 0.352021 0.91478 0.195778 0.931397 -0.362055 0.015846 80.dat
1 0 -70.162 -53.4055 45.5394 -0.05 -0.089 1 0.360499 0.926766 0.101642 0.931103 -0.363178 0.014159 80.dat
1 0 -70.408 -48.2579 43.5494 0 0 1 0.362643 0.931736 0 0.931736 -0.362643 0 80.dat
1 0 -70.076 -43.1391 41.5625 0.086 0.121 1 0.349244 0.925549 -0.143452 0.932908 -0.357477 -0.036759 80.dat
1 0 -69.097 -38.1115 39.6368 0.186 0.246 1 0.308218 0.903966 -0.293924 0.932916 -0.347533 -0.092373 80.dat
1 0 -67.403 -33.2052 37.7442 0.293 0.381 0.877 0.226019 0.863577 -0.450734 0.928693 -0.329156 -0.167573 80.dat
1 0 -65 -28.6136 35.9956 0.383 0.52 0.764 0.099041 0.798681 -0.593806 0.918242 -0.303563 -0.254567 80.dat
1 0 -61.766 -24.4385 34.4135 0.43 0.652 0.624 -0.055078 0.709376 -0.702917 0.900244 -0.267928 -0.341324 80.dat
1 0 -57.881 -20.7938 33.0393 0.425 0.766 0.481 -0.210708 0.601167 -0.769928 0.879469 -0.226686 -0.417516 80.dat
1 0 -53.43 -17.7661 31.903 0.379 0.855 0.353 -0.346556 0.485309 -0.802537 0.858008 -0.181642 -0.480754 80.dat
1 0 -48.554 -15.3738 31.008 0.309 0.918 0.248 -0.452731 0.371497 -0.810635 0.835518 -0.138791 -0.530695 80.dat
1 0 -43.383 -13.5854 30.3412 0.232 1 0.165 -0.531279 0.266747 -0.803578 0.814192 -0.099791 -0.571966 80.dat
1 0 -38 -12.3472 29.8816 0.157 1 0.1 -0.587901 0.173885 -0.789162 0.792813 -0.06474 -0.605004 80.dat
1 0 -32.593 -11.5866 29.5999 0.087 1 0.051 -0.628931 0.06138 -0.771091 0.772308 -0.06579 -0.634632 79.dat
