0 
0 Name: New Model.ldr
0 Author: 
1 72 -201.34 -33 -535 -0.866 0 0.5 0 1 0 -0.5 0 -0.866 2445.dat
1 0 -306.6 -41 -572.68 0.5 0 0.866 0 1 0 -0.866 0 0.5 60470.dat
1 0 -286.6 -41 -607.32 0.5 0 0.866 0 1 0 -0.866 0 0.5 60470.dat
1 36 -311.6 -33 -564.02 0.5 0 0.866 0 1 0 -0.866 0 0.5 6141.dat
1 36 -281.6 -33 -615.98 0.5 0 0.866 0 1 0 -0.866 0 0.5 6141.dat
1 71 -261.96 -49 -570 0.5 0 0.866 0 1 0 -0.866 0 0.5 47457.dat
1 0 -261.96 -73 -570 0.5 0 0.866 0 1 0 -0.866 0 0.5 3010.dat
1 320 -256.96 -89 -578.66 0.5 0 0.866 0 1 0 -0.866 0 0.5 6005.dat
1 320 -266.96 -89 -561.34 0.5 0 0.866 0 1 0 -0.866 0 0.5 6005.dat
1 320 -246.96 -89 -595.98 0.5 0 0.866 0 1 0 -0.866 0 0.5 6005.dat
1 320 -276.96 -89 -544.02 0.5 0 0.866 0 1 0 -0.866 0 0.5 6005.dat
1 320 -210 -41 -540 -0.5 0 -0.866 0 1 0 0.866 0 -0.5 30149.dat
1 0 -182.68 -49 -547.32 -0.5 0 -0.866 0 1 0 0.866 0 -0.5 3829.dat
1 320 -263.3 -89 -547.68 -0.5 0 -0.866 0 1 0 0.866 0 -0.5 87580.dat
1 320 -243.3 -89 -582.32 -0.5 0 -0.866 0 1 0 0.866 0 -0.5 87580.dat
1 4 -175.36 -73 -520 -0.5 0 -0.866 0 1 0 0.866 0 -0.5 3023.dat
1 4 -175.36 -81 -520 -0.5 0 -0.866 0 1 0 0.866 0 -0.5 3023.dat
1 320 -180.36 -97 -511.34 -0.866 0 0.5 0 1 0 -0.5 0 -0.866 6091.dat
1 320 -170.36 -97 -528.66 0.866 0 -0.5 0 1 0 0.5 0 0.866 6091.dat
1 72 -140.72 -41 -500 -0.866 0 0.5 0 1 0 -0.5 0 -0.866 3021.dat
1 0 -158.04 -49 -510 -0.5 0 -0.866 0 1 0 0.866 0 -0.5 3794.dat
1 0 -140.72 -49 -500 -0.5 0 -0.866 0 1 0 0.866 0 -0.5 3794.dat
1 72 -158.04 -73 -510 -0.866 0 0.5 0 1 0 -0.5 0 -0.866 87087.dat
1 72 -140.72 -73 -500 -0.866 0 0.5 0 1 0 -0.5 0 -0.866 87087.dat
1 71 -158.38 -63 -489.412 -0.866 0.5 0 0 0 -1 -0.5 -0.866 0 2412.dat
1 0 -123.4 -65 -490 -0.5 0 -0.866 0 1 0 0.866 0 -0.5 3004.dat
1 0 -128.4 -73 -481.34 -0.866 0 0.5 0 1 0 -0.5 0 -0.866 4085.dat
1 0 -118.4 -73 -498.66 0.866 0 -0.5 0 1 0 0.5 0 0.866 4085.dat
1 0 -123.4 -81 -490 -0.5 0 -0.866 0 1 0 0.866 0 -0.5 3794.dat
1 71 -140.72 -81 -500 0.866 0 -0.5 0 1 0 0.5 0 0.866 2555.dat
1 71 -158.04 -81 -510 0.866 0 -0.5 0 1 0 0.5 0 0.866 2555.dat
1 71 -106.08 -97 -480 -0.5 0 -0.866 0 1 0 0.866 0 -0.5 30044.dat
1 0 -102.616 -73 -478 -0.5 0 -0.866 0 1 0 0.866 0 -0.5 30046.dat
1 71 -271.486 -24 -575.5 -0.5 0 -0.866 0 1 0 0.866 0 -0.5 47720.dat
1 71 -98.286 -24 -475.5 -0.5 0 -0.866 0 1 0 0.866 0 -0.5 47720.dat
1 72 -84.626 -24 -479.16 -0.5 0 -0.866 0 1 0 0.866 0 -0.5 50746.dat
1 72 -94.626 -24 -461.84 -0.5 0 -0.866 0 1 0 0.866 0 -0.5 50746.dat
1 47 -176.226 -112 -520.5 -0.5 0 -0.866 0 1 0 0.866 0 -0.5 4865.dat
1 71 -151.04 -87 -522.124 -0.866 -0.5 0 0 0 1 -0.5 0.866 0 86208.dat
1 71 -133.72 -87 -512.124 -0.866 -0.5 0 0 0 1 -0.5 0.866 0 86208.dat
1 0 -141.864 -79 -466.02 -0.5 0.866 0 0 0 1 0.866 0.5 0 4599.dat
1 0 -111.864 -79 -517.98 -0.5 0.866 0 0 0 1 0.866 0.5 0 4599.dat
1 320 -121.08 -79 -454.02 0 0.866 -0.5 -1 0 0 0 0.5 0.866 85975.dat
1 320 -91.08 -79 -505.98 0 0.866 -0.5 -1 0 0 0 0.5 0.866 85975.dat
1 47 -77.224 -79 -497.98 0 0.866 -0.5 -1 0 0 0 0.5 0.866 6141.dat
1 47 -107.224 -79 -446.02 0 0.866 -0.5 -1 0 0 0 0.5 0.866 6141.dat
1 71 -123.286 -30 -432.2 -0.866 0 0.5 0 1 0 -0.5 0 -0.866 56902.dat
1 71 -296.486 -30 -532.2 -0.866 0 0.5 0 1 0 -0.5 0 -0.866 56902.dat
1 71 -73.286 -30 -518.8 0.866 0 -0.5 0 1 0 0.5 0 0.866 56902.dat
1 71 -246.486 -30 -618.8 0.866 0 -0.5 0 1 0 0.5 0 0.866 56902.dat
1 72 -263.3 -95 -547.68 -0.866 0 -0.499956 0 1 0 0.499956 0 -0.866 30141.dat
1 72 -316.92 -39 -594.804 0.866 0.5 0 0 0 1 0.5 -0.866 0 3841.dat
