0 
0 Name: New Model.ldr
0 Author: 
1 0 150 -64 -110 0.94 0 -0.342 0 1 0 0.342 0 0.94 4212.dat
1 7 177.36 -56 -185.2 -0.342 0 -0.94 0 1 0 0.94 0 -0.342 3020.dat
1 7 132.9 -56 -63 -0.94 0 0.342 0 1 0 -0.342 0 -0.94 3023.dat
1 7 122.64 -56 -34.8 -0.94 0 0.342 0 1 0 -0.342 0 -0.94 3176.dat
1 46 91.02 -72 -35.66 -0.94 0 0.342 0 1 0 -0.342 0 -0.94 3024.dat
1 46 147.42 -72 -15.14 -0.94 0 0.342 0 1 0 -0.342 0 -0.94 3024.dat
1 16 129.48 -80 -53.6 -0.94 0 0.342 0 1 0 -0.342 0 -0.94 3788.dat
1 16 170.52 -80 -166.4 -0.94 0 0.342 0 1 0 -0.342 0 -0.94 3788.dat
1 0 191.04 -64 -222.8 -0.94 0 0.342 0 1 0 -0.342 0 -0.94 3020.dat
1 16 156 -88 -214.26 -0.342 0 -0.94 0 1 0 0.94 0 -0.342 4865.dat
1 16 212.4 -88 -193.74 0.342 0 0.94 0 1 0 -0.94 0 0.342 4865.dat
1 16 194.46 -88 -232.2 -0.94 0 0.342 0 1 0 -0.342 0 -0.94 3010.dat
1 16 160.26 -88 -138.2 -0.94 0 0.342 0 1 0 -0.342 0 -0.94 3010.dat
1 0 129.48 -80 -53.6 -0.94 0 0.342 0 1 0 -0.342 0 -0.94 3022.dat
1 16 147.42 -80 -15.14 -0.94 0 0.342 0 1 0 -0.342 0 -0.94 6019.dat
1 16 91.02 -80 -35.66 -0.94 0 0.342 0 1 0 -0.342 0 -0.94 6019.dat
1 16 97.86 -88 -54.46 0.342 0 0.94 0 1 0 -0.94 0 0.342 3623.dat
1 16 154.26 -88 -33.94 0.342 0 0.94 0 1 0 -0.94 0 0.342 3623.dat
1 16 198.72 -88 -156.14 0.342 0 0.94 0 1 0 -0.94 0 0.342 3023.dat
1 16 142.32 -88 -176.66 0.342 0 0.94 0 1 0 -0.94 0 0.342 3023.dat
1 7 132.9 -88 -63 0.94 0 -0.342 0 1 0 0.342 0 0.94 3023.dat
1 16 126.06 -88 -44.2 -0.94 0 0.342 0 1 0 -0.342 0 -0.94 2540.dat
1 1 139.74 -72 -81.8 -0.94 0 0.342 0 1 0 -0.342 0 -0.94 3829.dat
1 7 167.1 -136 -157 -0.94 0 0.342 0 1 0 -0.342 0 -0.94 4083.dat
1 7 194.46 -136 -232.2 -0.94 0 0.342 0 1 0 -0.342 0 -0.94 4083.dat
1 16 216.084 -101 -247.75 -0.94 0 0.342 0 1 0 -0.342 0 -0.94 6019.dat
1 16 187.884 -101 -258.01 -0.94 0 0.342 0 1 0 -0.342 0 -0.94 6019.dat
1 16 111.54 -88 -92.06 -0.94 0 0.342 0 1 0 -0.342 0 -0.94 3822.dat
1 16 167.94 -88 -71.54 -0.94 0 0.342 0 1 0 -0.342 0 -0.94 3821.dat
1 0 188.824 -108 -257.668 -0.94 0 0.342 0 1 0 -0.342 0 -0.94 2569.dat
1 7 157.7 -144 -160.42 -0.342 0 -0.94 0 1 0 0.94 0 -0.342 2555.dat
1 7 176.5 -144 -153.58 -0.342 0 -0.94 0 1 0 0.94 0 -0.342 2555.dat
1 7 185.06 -144 -235.62 -0.342 0 -0.94 0 1 0 0.94 0 -0.342 2555.dat
1 7 203.86 -144 -228.78 -0.342 0 -0.94 0 1 0 0.94 0 -0.342 2555.dat
1 16 160.26 -136 -138.2 -0.94 0 0.342 0 1 0 -0.342 0 -0.94 4214.dat
1 16 150 -144 -110 -0.94 0 0.342 0 1 0 -0.342 0 -0.94 2349.dat
1 33 144.87 -140 -95.9 -0.94 0 0.342 0 1 0 -0.342 0 -0.94 2348.dat
1 41 139.74 -136 -81.8 -0.94 0 0.342 0 1 0 -0.342 0 -0.94 3823.dat
1 7 149.98 -76 7.08 -0.342 0.94 0 0 0 1 0.94 0.342 0 3957.dat
1 0 112.978 -77 -5.318 -0.94 -0.342 0 0 0 1 -0.342 0.94 0 2585.dat
1 7 139.74 -152 -81.8 -0.94 0 0.342 0 1 0 -0.342 0 -0.94 3023.dat
1 4 129.48 -48 -53.6 -0.94 0 0.342 0 1 0 -0.342 0 -0.94 2484.dat
1 4 170.52 -48 -166.4 -0.94 0 0.342 0 1 0 -0.342 0 -0.94 2484.dat
1 0 73.1935 -68.286 -15.9193 0.296172 -0.94 -0.171 0.5 0 0.866 -0.81404 -0.342 0.47 30082.dat
1 7 180.78 -152 -194.6 -0.94 0 0.342 0 1 0 -0.342 0 -0.94 30094.dat
1 7 130.34 -160 -85.22 0.342 0 0.94 0 1 0 -0.94 0 0.342 4081.dat
1 7 149.14 -160 -78.38 -0.342 0 -0.94 0 1 0 0.94 0 -0.342 4081.dat
1 7 92.82 -27 -66.938 0 -0.342 0.94 1 0 0 0 0.94 0.342 6014.dat
1 0 88.12 -27 -68.648 0 -0.342 0.94 1 0 0 0 0.94 0.342 6015.dat
1 7 133.86 -27 -179.738 0 -0.342 0.94 1 0 0 0 0.94 0.342 6014.dat
1 0 129.16 -27 -181.448 0 -0.342 0.94 1 0 0 0 0.94 0.342 6015.dat
1 7 209.06 -27 -152.378 0 0.342 -0.94 1 0 0 0 -0.94 -0.342 6014.dat
1 0 213.76 -27 -150.668 0 0.342 -0.94 1 0 0 0 -0.94 -0.342 6015.dat
1 7 168.02 -27 -39.578 0 0.342 -0.94 1 0 0 0 -0.94 -0.342 6014.dat
1 0 172.72 -27 -37.868 0 0.342 -0.94 1 0 0 0 -0.94 -0.342 6015.dat
1 16 177.36 -160 -185.2 -0.94 0 0.342 0 1 0 -0.342 0 -0.94 3023.dat
1 4 174.8 -176 -207.42 -0.94 0 0.342 0 1 0 -0.342 0 -0.94 3062.dat
1 4 193.6 -176 -200.58 -0.94 0 0.342 0 1 0 -0.342 0 -0.94 4599.dat
1 46 164.178 -158 -61.2 0 0.342 -0.94 1 0 0 0 -0.94 -0.342 6141.dat
1 46 107.778 -158 -81.72 0 0.342 -0.94 1 0 0 0 -0.94 -0.342 6141.dat
1 16 186.76 -168 -181.78 -0.342 0 -0.94 0 1 0 0.94 0 -0.342 6019.dat
1 16 167.96 -168 -188.62 0.342 0 0.94 0 1 0 -0.94 0 0.342 6019.dat
1 7 177.3597 -176 -185.1991 -0.94 0 0.342 0 1 0 -0.342 0 -0.94 2412.dat
1 7 182.79 -80.5 -204.513 -0.94 -0.342 0 0 0 1 -0.342 0.94 0 6014.dat
1 0 182.79 -85.5 -204.513 -0.94 -0.342 0 0 0 1 -0.342 0.94 0 6015.dat
1 6 187.884 -108 -258.01 -0.94 0 0.342 0 1 0 -0.342 0 -0.94 2524.dat
1 0 216.084 -93 -247.75 -0.94 -0.342 0 0 0 1 -0.342 0.94 0 30089.dat
1 8 215.82 -156 -203.14 -0.94 0 0.342 0 1 0 -0.342 0 -0.94 30141.dat
1 8 149.1597 -166 -195.4591 -0.47 0.342 0.81404 -0.866 0 -0.5 -0.171 -0.94 0.296172 3841.dat
