0 
0 Name: New Model.ldr
0 Author: 
1 0 44.772 -8 884.991 0.707107 0 0.707107 0 1 0 -0.707107 0 0.707107 3031.dat
1 15 80.1273 -8 892.0635 0.707107 0 0.707107 0 1 0 -0.707107 0 0.707107 2713.dat
1 15 37.7009 -8 849.6371 0.707107 0 0.707107 0 1 0 -0.707107 0 0.707107 2713.dat
1 1 23.5588 -16 863.7778 0.707107 0 0.707107 0 1 0 -0.707107 0 0.707107 2419.dat
1 1 65.9852 -16 906.2042 -0.707107 0 -0.707107 0 1 0 0.707107 0 -0.707107 2419.dat
1 1 9.4166 -40 920.3464 0.707107 0 -0.707107 0 1 0 0.707107 0 0.707107 4865.dat
1 0 2.3456 -24 856.7067 0.707107 0 -0.707107 0 1 0 0.707107 0 0.707107 2555.dat
1 0 16.4877 -24 842.5646 0.707107 0 -0.707107 0 1 0 0.707107 0 0.707107 2555.dat
1 0 73.0563 -24 927.4174 0.707107 0 -0.707107 0 1 0 0.707107 0 0.707107 2555.dat
1 0 87.1984 -24 913.2753 0.707107 0 -0.707107 0 1 0 0.707107 0 0.707107 2555.dat
1 1 51.8431 -40 877.9199 0.707107 0 -0.707107 0 1 0 0.707107 0 0.707107 3298.dat
1 15 51.8431 -48 877.9199 -0.707107 0 0.707107 0 1 0 -0.707107 0 -0.707107 3069.dat
1 0 78.7131 -30 921.7606 -0.707107 0 0.707107 0 1 0 -0.707107 0 -0.707107 2923.dat
1 0 8.0024 -30 851.0499 -0.707107 0 0.707107 0 1 0 -0.707107 0 -0.707107 2923.dat
1 0 51.2604 -56 807.7919 -0.353554 -0.612355 -0.707107 -0.866 0.5 0 0.353554 0.612355 -0.707107 2433.dat
1 38 65.9569 -68 793.0954 -0.353554 -0.612355 -0.707107 -0.866 0.5 0 0.353554 0.612355 -0.707107 4589.dat
1 0 121.9711 -56 878.5026 -0.353554 -0.612355 -0.707107 -0.866 0.5 0 0.353554 0.612355 -0.707107 2433.dat
1 38 136.6676 -68 863.8061 -0.353554 -0.612355 -0.707107 -0.866 0.5 0 0.353554 0.612355 -0.707107 4589.dat
1 15 -34.4326 -26.0996 893.4849 0.682995 0.182999 0.707107 -0.2588 0.9659 0 -0.682995 -0.182999 0.707107 4276.dat
1 1 -35.8966 -33.8268 894.9489 0.682995 0.182999 0.707107 -0.2588 0.9659 0 -0.682995 -0.182999 0.707107 2412.dat
1 15 36.2781 -26.0996 964.1956 0.682995 0.182999 0.707107 -0.2588 0.9659 0 -0.682995 -0.182999 0.707107 4276.dat
1 1 34.8141 -33.8268 965.6596 0.682995 0.182999 0.707107 -0.2588 0.9659 0 -0.682995 -0.182999 0.707107 2412.dat
