0 
0 Name: New Model.ldr
0 Author: 
1 0 -22 -36 -518 -0.5 0 -0.866025 0 1 0 0.866025 0 -0.5 4597.dat
1 7 -39.3205 -20 -528 -0.5 0 -0.866025 0 1 0 0.866025 0 -0.5 3068.dat
1 4 -66.641 -4 -520.6795 -0.5 0 -0.866025 0 1 0 0.866025 0 -0.5 4032.dat
1 4 -46.641 -4 -555.3205 -0.5 0 -0.866025 0 1 0 0.866025 0 -0.5 4032.dat
1 4 2.641 -4 -480.6795 -0.5 0 -0.866025 0 1 0 0.866025 0 -0.5 4032.dat
1 4 22.641 -4 -515.3205 -0.5 0 -0.866025 0 1 0 0.866025 0 -0.5 4032.dat
1 0 3 -44 -561.3013 -0.866025 0 0.5 0 1 0 -0.5 0 -0.866025 3475.dat
1 0 -47 -44 -474.6988 0.866025 0 -0.5 0 1 0 0.5 0 0.866025 3475.dat
1 4 -65.3012 -44 -543 0.5 0 0.866025 0 1 0 -0.866025 0 0.5 2540.dat
1 0 -16.0193 -44 -468.359 0.5 0 0.866025 0 1 0 -0.866025 0 0.5 3023.dat
1 0 -121.282 -44 -506.0385 -0.866025 0 0.5 0 1 0 -0.5 0 -0.866025 3936.dat
1 0 77.282 -44 -529.9615 0.866025 0 -0.5 0 1 0 0.5 0 0.866025 3936.dat
1 0 17.282 -44 -426.0385 -0.866025 0 0.5 0 1 0 -0.5 0 -0.866025 3935.dat
1 0 -61.282 -44 -609.9615 0.866025 0 -0.5 0 1 0 0.5 0 0.866025 3935.dat
1 0 -47 -52 -474.6988 0.866025 0 -0.5 0 1 0 0.5 0 0.866025 3666.dat
1 0 3 -52 -561.3013 0.866025 0 -0.5 0 1 0 0.5 0 0.866025 3666.dat
1 4 21.3013 -44 -493 -0.5 0 -0.866025 0 1 0 0.866025 0 -0.5 2452.dat
1 0 63.4275 -49.7758 -468.6784 -0.849384 0.168953 0.5 0.19509 0.980785 0 -0.490393 0.097545 -0.866025 4276.dat
1 0 64.7791 -41.9296 -467.898 -0.5 0.168953 -0.849384 0 0.980785 0.19509 0.866025 0.097545 -0.490393 4595.dat
1 33 97.0465 -39.145 -449.2685 -0.5 0.849384 0.168953 0 -0.19509 0.980785 0.866025 0.490393 0.097545 4740.dat
1 0 -86.9422 -45.3334 -555.4944 -0.481138 -0.720074 -0.5 0.83147 -0.55557 0 -0.277785 -0.415735 0.866025 2555.dat
1 33 -92.7028 -49.778 -558.8203 -0.481138 -0.720074 -0.5 0.83147 -0.55557 0 -0.277785 -0.415735 0.866025 4589.dat
1 0 21.3013 -52 -493 -0.5 0 -0.866025 0 1 0 0.866025 0 -0.5 3710.dat
1 0 -65.3012 -52 -543 -0.5 0 -0.866025 0 1 0 0.866025 0 -0.5 3710.dat
1 4 72.282 -52 -521.3013 0.866025 0 -0.5 0 1 0 0.5 0 0.866025 2412.dat
1 4 22.282 -52 -434.6988 0.866025 0 -0.5 0 1 0 0.5 0 0.866025 2412.dat
1 4 -66.282 -52 -601.3013 0.866025 0 -0.5 0 1 0 0.5 0 0.866025 2412.dat
1 4 -116.282 -52 -514.6987 0.866025 0 -0.5 0 1 0 0.5 0 0.866025 2412.dat
1 0 -65.3012 -76 -543 0.5 0 0.866025 0 1 0 -0.866025 0 0.5 3937.dat
1 33 -22 -100 -518 -0.5 0 -0.866025 0 1 0 0.866025 0 -0.5 2418.dat
1 0 -22 -108 -518 0.5 0 0.866025 0 1 0 -0.866025 0 0.5 3068.dat
1 4 -11.0192 -52 -477.0193 -0.991445 0 0.130527 0 1 0 -0.130527 0 -0.991445 4592.dat
1 0 -11.0192 -52 -477.0193 -0.991445 -0.092296 0.092296 0 0.707107 0.707107 -0.130527 0.701057 -0.701057 4593.dat
1 4 -45.7681 -80.035 -531.7225 -0.088212 0.481138 -0.872196 -0.269346 0.83147 0.485913 0.958995 0.277785 0.056248 2446.dat
1 42 -48.3902 -77.3691 -531.215 -0.088212 0.884617 -0.457899 -0.269346 0.421384 0.865962 0.958995 0.19972 0.201097 2447.dat
1 14 -45.7681 -80.035 -531.7225 -0.088212 0.481138 -0.872196 -0.269346 0.83147 0.485913 0.958995 0.277785 0.056248 3626.dat
1 0 -32.7777 -57.585 -524.2225 -0.5 0.481138 -0.720074 0 0.83147 0.55557 0.866025 0.277785 -0.415735 3838.dat
1 1 -32.7777 -57.585 -524.2225 -0.5 0.481138 -0.720074 0 0.83147 0.55557 0.866025 0.277785 -0.415735 973.dat
