0 Main
0 Name: 8054 - Universal Building Set with 4.5v mot_Vv4gGPl.mpd
0 Author: LTRON
1 7 0 0 0 1 0 0 0 1 0 0 0 1 2719.dat
1 7 0 0 160 1 0 0 0 1 0 0 0 1 3666.dat
1 7 -50 -24 110 0 0 1 0 1 0 -1 0 0 3895.dat
1 7 50 -24 110 0 0 1 0 1 0 -1 0 0 3895.dat
1 0 0 -14 210 1 0 0 0 1 0 0 0 1 3708.dat
1 7 -30 -14 210 0 0 1 0 1 0 -1 0 0 3713.dat
1 7 -10 -14 210 0 0 1 0 1 0 -1 0 0 4019.dat
1 7 30 -14 210 0 0 1 0 1 0 -1 0 0 3713.dat
1 7 2 -14 210 0 0 1 0 1 0 -1 0 0 4265.dat
1 0 60 -14 70 -1 0 0 0 1 0 0 0 -1 2780.dat
1 0 -60 -14 70 -1 0 0 0 1 0 0 0 -1 2780.dat
1 7 -90 -24 0 1 0 0 0 1 0 0 0 1 4261.dat
1 7 90 -24 0 1 0 0 0 1 0 0 0 1 4261.dat
1 7 -90 -26 40 0 0 -1 1 0 0 0 -1 0 3749.dat
1 7 90 -26 40 0 0 -1 1 0 0 0 -1 0 3749.dat
1 7 100 -14 0 1 0 0 0 0 -1 0 1 0 3749.dat
1 7 -100 -14 0 -1 0 0 0 0 1 0 1 0 3749.dat
1 7 -50 -32 30 0 0 -1 0 1 0 1 0 0 3069.dat
1 7 50 -32 30 0 0 -1 0 1 0 1 0 0 3069.dat
1 14 0 -32 60 1 0 0 0 1 0 0 0 1 3666.dat
1 7 50 -32 210 0 0 -1 0 1 0 1 0 0 3710.dat
1 7 -50 -32 210 0 0 -1 0 1 0 1 0 0 3710.dat
1 7 0 -32 160 1 0 0 0 1 0 0 0 1 3666.dat
1 7 0 -56 240 1 0 0 0 1 0 0 0 1 3894.dat
1 7 0 -56 160 1 0 0 0 1 0 0 0 1 3700.dat
1 0 0 -46 210 0 0 1 0 1 0 -1 0 0 3706.dat
1 7 0 -46 180 1 0 0 0 -1 0 0 0 -1 3713.dat
1 7 0 -46 210 1 0 0 0 -1 0 0 0 -1 4716.dat
1 7 0 -46 265 1 0 0 0 -1 0 0 0 -1 4185.dat
1 14 0 -40 60 1 0 0 0 1 0 0 0 1 3023.dat
1 14 0 -48 60 1 0 0 0 1 0 0 0 1 3023.dat
1 7 0 -32 0 1 0 0 0 1 0 0 0 1 2719.dat
1 7 0 -40 40 1 0 0 0 1 0 0 0 1 2719.dat
1 7 0 -48 40 1 0 0 0 1 0 0 0 1 3743.dat
1 7 50 -56 190 0 0 -1 0 1 0 1 0 0 3701.dat
1 7 -50 -56 190 0 0 -1 0 1 0 1 0 0 3701.dat
1 7 0 -64 240 1 0 0 0 1 0 0 0 1 3023.dat
1 7 -40 -40 0 1 0 0 0 1 0 0 0 1 3023.dat
1 7 40 -40 0 1 0 0 0 1 0 0 0 1 3023.dat
1 7 0 -48 0 1 0 0 0 1 0 0 0 1 3666.dat
1 14 0 -72 60 1 0 0 0 1 0 0 0 1 3700.dat
1 7 40 -72 0 1 0 0 0 1 0 0 0 1 3700.dat
1 7 0 -72 0 1 0 0 0 1 0 0 0 1 3700.dat
1 7 -40 -72 0 1 0 0 0 1 0 0 0 1 3700.dat
1 0 0 -62 35 0 0 1 0 1 0 -1 0 0 3706.dat
1 7 0 -62 40 1 0 0 0 1 0 0 0 1 3647.dat
1 7 0 -62 13 -1 0 0 0 1 0 0 0 -1 4143.dat
1 7 0 -80 160 1 0 0 0 1 0 0 0 1 3894.dat
1 7 50 -80 220 -1 0 0 0 1 0 0 0 -1 3040.dat
1 7 -50 -80 220 -1 0 0 0 1 0 0 0 -1 3040.dat
1 7 0 -120 210 -1 0 0 0 1 0 0 0 -1 6216.dat
1 14 0 -80 60 1 0 0 0 1 0 0 0 1 3666.dat
1 7 0 -80 0 1 0 0 0 1 0 0 0 1 3666.dat
1 14 -50 -104 110 0 0 1 0 1 0 -1 0 0 3895.dat
1 0 -60 -94 210 -1 0 0 0 1 0 0 0 -1 2780.dat
1 7 -40 -94 150 -1 0 0 0 1 0 0 0 -1 3673.dat
1 7 -40 -94 50 -1 0 0 0 1 0 0 0 -1 3673.dat
1 7 -60 -94 30 -1 0 0 0 0.999 -0.035 0 -0.035 -0.999 3673.dat
1 14 -30 -104 90 0 0 1 0 1 0 -1 0 0 3702.dat
1 0 60 -94 210 -1 0 0 0 1 0 0 0 -1 2780.dat
1 14 50 -104 110 0 0 1 0 1 0 -1 0 0 3895.dat
1 7 40 -94 150 -1 0 0 0 1 0 0 0 -1 3673.dat
1 7 40 -94 50 -1 0 0 0 1 0 0 0 -1 3673.dat
1 7 60 -94 30 -1 0 0 0 0.999 -0.035 0 -0.035 -0.999 3673.dat
1 14 30 -104 90 0 0 1 0 1 0 -1 0 0 3702.dat
1 7 -30 -112 20 0 0 -1 0 1 0 1 0 0 2420.dat
1 7 30 -112 20 1 0 0 0 1 0 0 0 1 2420.dat
1 7 30 -112 160 -1 0 0 0 1 0 0 0 -1 2420.dat
1 7 -30 -112 160 0 0 1 0 1 0 -1 0 0 2420.dat
1 14 70 -54 220 0 0 -1 1 0 0 0 -1 0 3894.dat
1 14 -70 -54 220 0 0 -1 1 0 0 0 -1 0 3894.dat
1 14 70 -114 80 0 0 -1 1 0 0 0 -1 0 3895.dat
1 14 -70 -114 80 0 0 -1 1 0 0 0 -1 0 3895.dat
1 0 -60 -214 70 -1 0 0 0 1 0 0 0 -1 2780.dat
1 0 -60 -174 70 -1 0 0 0 1 0 0 0 -1 2780.dat
1 0 60 -214 70 -1 0 0 0 1 0 0 0 -1 2780.dat
1 0 60 -174 70 -1 0 0 0 1 0 0 0 -1 2780.dat
1 0 0 -168 30 0 0.985 -0.174 1 0 0 0 -0.174 -0.985 3737.dat
1 7 0 -80 30 0.985 0.174 0 0 0 -1 -0.174 0.985 0 4143.dat
1 7 0 -92 30 0.985 0.174 0 0 0 -1 -0.174 0.985 0 3713.dat
1 7 0 -107 30 0.985 0.174 0 0 0 -1 -0.174 0.985 0 4265.dat
1 7 0 -120 30 -1 0 0 0 1 0 0 0 -1 3709.dat
1 7 90 -14 210 0 0 1 0 1 0 -1 0 0 3713.dat
1 14 50 -184 70 0 0 1 0 1 0 -1 0 0 3700.dat
1 14 50 -192 70 0 0 1 0 1 0 -1 0 0 3023.dat
1 14 50 -200 70 0 0 1 0 1 0 -1 0 0 3023.dat
1 14 50 -224 50 0 0 1 0 1 0 -1 0 0 3701.dat
1 14 -50 -184 70 0 0 1 0 1 0 -1 0 0 3700.dat
1 14 -50 -200 70 0 0 1 0 1 0 -1 0 0 3023.dat
1 14 -50 -192 70 0 0 1 0 1 0 -1 0 0 3023.dat
1 14 -50 -224 50 0 0 1 0 1 0 -1 0 0 3701.dat
1 0 0 -94 70 1 0 0 0 -0.174 -0.985 0 0.985 -0.174 3708.dat
1 14 0 -135.9794 -64.7627 -1 0 0 0 -0.208152 0.977619 0 0.977619 0.208152 3795.dat
1 14 0 -140.7585 -90.3174 -1 0 0 0 -0.208152 0.977619 0 0.977619 0.208152 3700.dat
1 14 0 -121.1992 -86.15 -1 0 0 0 -0.208152 0.977619 0 0.977619 0.208152 3700.dat
1 14 50 -91.8616 -79.899 0 0 -1 -0.977619 -0.208152 0 -0.208152 0.977619 0 3894.dat
1 14 -50 -91.8616 -79.899 0 0 -1 -0.977619 -0.208152 0 -0.208152 0.977619 0 3894.dat
1 0 -60 -133.0628 -78.4548 1 0 0 0 -0.208152 -0.977619 0 0.977619 -0.208152 2780.dat
1 0 60 -133.0628 -78.4548 1 0 0 0 -0.208152 -0.977619 0 0.977619 -0.208152 2780.dat
1 7 60 -54.8277 -61.7863 1 0 0 0 -0.208152 -0.977619 0 0.977619 -0.208152 3673.dat
1 7 -60 -54.8277 -61.7863 1 0 0 0 -0.208152 -0.977619 0 0.977619 -0.208152 3673.dat
1 14 -70 -111.4208 -84.0663 0 0 -1 -0.977619 -0.208152 0 -0.208152 0.977619 0 3701.dat
1 14 70 -111.4208 -84.0663 0 0 -1 -0.977619 -0.208152 0 -0.208152 0.977619 0 3701.dat
1 7 -75 -94.0254 -70.0387 1 0 0 0 -0.939603 -0.341481 0 0.341481 -0.939603 3673.dat
1 7 80 -93.9453 -70.1205 1 0 0 0 -0.208152 -0.977619 0 0.977619 -0.208152 3673.dat
1 14 -40 -129.3126 -96.0569 1 0 0 0 -0.208152 -0.977619 0 0.977619 -0.208152 3709.dat
1 14 40 -129.3126 -96.0569 1 0 0 0 -0.208152 -0.977619 0 0.977619 -0.208152 3709.dat
1 7 -70 -62.7035 -43.4995 1 0 0 0 0.919899 -0.390867 0 0.390867 0.919899 3651.dat
1 0 -70 -74.4373 -15.8929 0 0 -1 -0.390867 0.919899 0 0.919899 0.390867 0 3705.dat
1 7 -70 -86.1707 11.7128 -1 0 0 0 0.919899 0.390867 0 0.390867 -0.919899 3651.dat
1 7 70 -86.1707 11.7128 -1 0 0 0 0.919899 0.390867 0 0.390867 -0.919899 3651.dat
1 0 70 -74.4373 -15.8929 0 0 -1 -0.390867 0.919899 0 0.919899 0.390867 0 3705.dat
1 7 70 -62.7035 -43.4995 1 0 0 0 0.919899 -0.390867 0 0.390867 0.919899 3651.dat
1 7 0 -90.1951 -87.7227 1 0 0 0 -0.208152 -0.977619 0 0.977619 -0.208152 3738.dat
1 14 0 -232 70 -1 0 0 0 1 0 0 0 -1 3795.dat
1 7 0 -232 30 -1 0 0 0 1 0 0 0 -1 3738.dat
1 14 70 -240 30 0 0 1 0 1 0 -1 0 0 4276.dat
1 14 70 -219.2 -24.91 0 0 -1 -0.669 0.743 0 0.743 0.669 0 4275.dat
1 14 70 -199.872 -34.42 0 0 -1 -0.669 0.743 0 0.743 0.669 0 3710.dat
1 14 70 -192.435 -54.636 0 0 1 0.669 0.743 0 -0.743 0.669 0 4276.dat
1 14 70 -140.585 -70.827 0 0 -1 -0.966 -0.259 0 -0.259 0.966 0 4275.dat
1 14 -70 -140.585 -70.827 0 0 -1 -0.966 -0.259 0 -0.259 0.966 0 4275.dat
1 14 -70 -199.813 -34.385 0 0 -1 -0.669 0.743 0 0.743 0.669 0 3710.dat
1 14 -70 -192.375 -54.601 0 0 1 0.669 0.743 0 -0.743 0.669 0 4276.dat
1 14 -70 -219.14 -24.875 0 0 -1 -0.669 0.743 0 0.743 0.669 0 4275.dat
1 14 -70 -240 30 0 0 1 0 1 0 -1 0 0 4276.dat
1 7 70 -94 170 0 0 1 -0.985 0.174 0 -0.174 -0.985 0 3713.dat
1 7 -70 -94 170 0 0 1 -0.985 0.174 0 -0.174 -0.985 0 3713.dat
1 0 70 -94 170 1 0 0 0 -0.174 -0.985 0 0.985 -0.174 4519.dat
1 0 -70 -94 170 1 0 0 0 -0.174 -0.985 0 0.985 -0.174 4519.dat
1 14 90 -104 70 0 0 1 0 1 0 -1 0 0 3703.dat
1 14 -90 -104 70 0 0 1 0 1 0 -1 0 0 3703.dat
1 14 100 -80 210 0 0 1 0 1 0 -1 0 0 3795.dat
1 14 90 -104 240 -1 0 0 0 1 0 0 0 -1 3040.dat
1 14 90 -128 220 -1 0 0 0 1 0 0 0 -1 3040.dat
1 14 100 -80 -10 0 0 -1 0 1 0 1 0 0 3709.dat
1 14 -100 -80 210 0 0 1 0 1 0 -1 0 0 3795.dat
1 14 -90 -104 240 -1 0 0 0 1 0 0 0 -1 3040.dat
1 14 -90 -128 220 -1 0 0 0 1 0 0 0 -1 3040.dat
1 14 -100 -80 -10 0 0 -1 0 1 0 1 0 0 3709.dat
1 14 90 -136 150 0 0 -1 0 1 0 1 0 0 3460.dat
1 14 90 -128 80 1 0 0 0 1 0 0 0 1 3040.dat
1 14 -90 -128 80 1 0 0 0 1 0 0 0 1 3040.dat
1 14 -90 -136 150 0 0 -1 0 1 0 1 0 0 3460.dat
1 14 0 -257 30 -0.985 -0.174 0 0 0 -1 0.174 -0.985 0 3482.dat
1 0 0 -257 30 -0.985 -0.174 0 0 0 -1 0.174 -0.985 0 2346.dat
1 7 107 -94 70 0 0 1 -0.985 0.174 0 -0.174 -0.985 0 4265.dat
1 7 -107 -94 70 0 0 -1 -0.985 -0.174 0 -0.174 0.985 0 4265.dat
1 14 110 -14 0 0 0 -1 -1 0 0 0 1 0 3482.dat
1 0 110 -14 0 0 0 -1 -1 0 0 0 1 0 2346.dat
1 14 110 -14 210 0 0 -1 -1 0 0 0 1 0 3482.dat
1 0 110 -14 210 0 0 -1 -1 0 0 0 1 0 2346.dat
1 14 -110 -14 210 0 0 1 -1 0 0 0 -1 0 3482.dat
1 0 -110 -14 210 0 0 1 -1 0 0 0 -1 0 2346.dat
1 0 -110 -14 0 0 0 1 -1 0 0 0 -1 0 3482.dat
1 0 -110 -14 0 0 0 1 -1 0 0 0 -1 0 2346.dat
