0 Main
0 Name: 30312-1 - Demolition Driller.mpd
0 Author: LTRON
1 0 0 0 0 0 0 -1 0 1 0 1 0 0 2456.dat
1 71 0 16 40 -1 0 0 0 1 0 0 0 -1 6157.dat
1 71 0 16 -40 -1 0 0 0 1 0 0 0 -1 6157.dat
1 14 0 -16 40 1 0 0 0 1 0 0 0 1 60212.dat
1 71 -10 -16 50 -1 0 0 0 1 0 0 0 -1 60897.dat
1 71 10 -16 50 -1 0 0 0 1 0 0 0 -1 60897.dat
1 72 0 -16 30 -1 0 0 0 1 0 0 0 -1 3023.dat
1 14 0 -24 40 -1 0 0 0 1 0 0 0 -1 3022.dat
1 36 -30 -24 50 -1 0 0 0 1 0 0 0 -1 3024.dat
1 36 30 -24 50 -1 0 0 0 1 0 0 0 -1 3024.dat
1 14 -30 -16 40 1 0 0 0 1 0 0 0 1 11477.dat
1 14 30 -16 40 1 0 0 0 1 0 0 0 1 11477.dat
1 72 0 -32 50 -1 0 0 0 1 0 0 0 -1 2412.dat
1 72 -18 -22 70 0 1 0 0 0 -1 -1 0 0 6117.dat
1 72 10 -33 70 1 0 0 0 1 0 0 0 1 48729.dat
1 0 0 -72 30 -1 0 0 0 1 0 0 0 -1 6187.dat
1 71 -10 -16 -30 -0.707 0 0.707 0 1 0 -0.707 0 -0.707 4592.dat
1 0 -10 -16 -30 -0.707 0 0.707 0 1 0 -0.707 0 -0.707 4593.dat
1 71 10 -16 -30 0.707 0 0.707 0 1 0 -0.707 0 0.707 4592.dat
1 0 10 -16 -30 0.707 0 0.707 0 1 0 -0.707 0 0.707 4593.dat
1 14 0 -62.301 -66.34 0 0 1 -0.866 0.5 0 -0.5 -0.866 0 30387.dat
1 14 0 -87.334 -126.98 0 0 -1 -0.5 0.866 0 0.866 0.5 0 44302.dat
1 14 0 -94.262 -130.98 0 0 1 0.5 0.866 0 -0.866 0.5 0 44302.dat
1 0 0 -47.53 -157.96 0 0 -1 -1 0 0 0 1 0 44301.dat
1 72 0 -47.53 -165.96 0 0 -1 -1 0 0 0 1 0 3023.dat
1 71 0 -47.53 -181.96 1 0 0 0 0 -1 0 1 0 4595.dat
1 72 18 -47.53 -171.96 0 -1 0 -1 0 0 0 0 -1 2412.dat
1 72 -18 -47.53 -171.96 0 1 0 -1 0 0 0 0 1 2412.dat
1 0 0 -11.53 -171.96 1 0 0 0 1 0 0 0 1 11610.dat
1 14 40 21 -40 0 0 -1 0 1 0 1 0 0 6014.dat
1 0 46 21 -40 0 0 -1 0 1 0 1 0 0 87697.dat
1 14 40 21 40 0 0 -1 0 1 0 1 0 0 6014.dat
1 0 46 21 40 0 0 -1 0 1 0 1 0 0 87697.dat
1 14 -40 21 -40 0 0 1 0 1 0 -1 0 0 6014.dat
1 0 -46 21 -40 0 0 1 0 1 0 -1 0 0 87697.dat
1 14 -40 21 40 0 0 1 0 1 0 -1 0 0 6014.dat
1 0 -46 21 40 0 0 1 0 1 0 -1 0 0 87697.dat
