0 
0 Name: New Model.ldr
0 Author: 
1 0 450 -7.989 509.667 1 0 0 0 0.997785 -0.066518 0 0.066518 0.997785 6157.dat
1 4 450 -7.989 509.667 1 0 0 0 0.997785 -0.066518 0 0.066518 0.997785 3022.dat
1 0 450 -3.998 449.8 1 0 0 0 0.997785 -0.066518 0 0.066518 0.997785 3031.dat
1 0 450 -7.989 389.401 1 0 0 0 0.997785 -0.066518 0 0.066518 0.997785 6157.dat
1 0 450 -16.636 519.113 -1 0 0 0 0.997785 0.066518 0 0.066518 -0.997785 2436.dat
1 0 450 -11.98 449.268 0 0 1 0.066518 0.997785 0 -0.997785 0.066518 0 3795.dat
1 0 450 -7.324 379.423 1 0 0 0 0.997785 -0.066518 0 0.066518 0.997785 50949.dat
1 0 420 -7.59 533.747 -1 0 0 0 0.066518 -0.997785 0 -0.997785 -0.066518 54200.dat
1 0 440 -9.186 557.694 0 0 -1 0.997785 0.066518 0 0.066518 -0.997785 0 6231.dat
1 0 460 -9.186 557.694 -1 0 0 0 0.066518 -0.997785 0 -0.997785 -0.066518 6231.dat
1 0 480 -7.59 533.747 -1 0 0 0 0.066518 -0.997785 0 -0.997785 -0.066518 54200.dat
1 10 450 -25.949 538.537 1 0 0 0 0.997785 -0.066518 0 0.066518 0.997785 3710.dat
1 10 450 -31.936 508.071 1 0 0 0 0.997785 -0.066518 0 0.066518 0.997785 3788.dat
1 0 450 -18.632 428.78 0 0 1 0.066518 0.997785 0 -0.997785 0.066518 0 3795.dat
1 10 450 -33.931 538.005 1 0 0 0 0.997785 -0.066518 0 0.066518 0.997785 3710.dat
1 15 450 -31.271 498.093 0 0 1 0.066518 0.997785 0 -0.997785 0.066518 0 3021.dat
1 0 440 -27.945 448.204 0 0 1 0.066518 0.997785 0 -0.997785 0.066518 0 2436.dat
1 0 460 -27.945 448.204 0 0 -1 -0.066518 0.997785 0 0.997785 0.066518 0 2436.dat
1 15 450 -25.949 418.27 1 0 0 0 0.997785 -0.066518 0 0.066518 0.997785 3023.dat
1 10 450 -31.936 387.805 1 0 0 0 0.997785 -0.066518 0 0.066518 0.997785 3788.dat
1 0 418 -18.632 458.847 0 1 0 0.066518 0 -0.997785 -0.997785 0 -0.066518 3623.dat
1 0 482 -18.632 458.847 0 -1 0 0.066518 0 0.997785 -0.997785 0 0.066518 3623.dat
1 10 426 -15.971 418.935 0 1 0 0.997785 0 0.066518 0.066518 0 -0.997785 54200.dat
1 10 474 -15.971 418.935 0 -1 0 -0.997785 0 0.066518 -0.066518 0 -0.997785 54200.dat
1 80 410 -19.962 478.803 0 1 0 -0.998 0 -0.067 -0.067 0 0.998 6141.dat
1 80 490 -19.962 478.803 0 -1 0 0.998 0 -0.067 0.067 0 0.998 6141.dat
1 10 410 -17.967 448.869 0 1 0 0.066518 0 -0.997785 -0.997785 0 -0.066518 3069.dat
1 10 490 -17.967 448.869 0 -1 0 0.066518 0 0.997785 -0.997785 0 0.066518 3069.dat
1 0 450 -41.914 537.472 -1 0 0 0 0.997785 0.066518 0 0.066518 -0.997785 2436.dat
1 10 420 -41.248 527.495 0 0 1 0.066518 0.997785 0 -0.997785 0.066518 0 3023.dat
1 10 480 -41.248 527.495 0 0 1 0.066518 0.997785 0 -0.997785 0.066518 0 3023.dat
1 10 450 -40.583 517.517 1 0 0 0 0.997785 -0.066518 0 0.066518 0.997785 3023.dat
1 10 450 -37.257 467.627 1 0 0 0 0.997785 -0.066518 0 0.066518 0.997785 3031.dat
1 10 450 -33.931 417.738 1 0 0 0 0.997785 -0.066518 0 0.066518 0.997785 3710.dat
1 10 450 -32.601 397.782 1 0 0 0 0.997785 -0.066518 0 0.066518 0.997785 3023.dat
1 0 450 -31.271 377.827 1 0 0 0 0.997785 -0.066518 0 0.066518 0.997785 2436.dat
1 36 430 -33.399 560.089 1 0 0 0 0.066518 0.997785 0 -0.997785 0.066518 2412.dat
1 36 470 -33.399 560.089 1 0 0 0 0.066518 0.997785 0 -0.997785 0.066518 2412.dat
1 0 420 -20.362 364.523 0 0 1 0.997785 -0.066518 0 0.066518 0.997785 0 54200.dat
1 0 450 -19.83 356.541 1 0 0 0 -0.066518 -0.997785 0 0.997785 -0.066518 32028.dat
1 0 480 -20.362 364.523 0 0 -1 -0.997785 -0.066518 0 -0.066518 0.997785 0 54200.dat
1 10 450 -19.297 348.558 1 0 0 0 -0.066518 -0.997785 0 0.997785 -0.066518 3069.dat
1 0 430 -56.548 516.452 -1 0 0 0 0.997785 0.066518 0 0.066518 -0.997785 47458.dat
1 0 470 -56.548 516.452 -1 0 0 0 0.997785 0.066518 0 0.066518 -0.997785 47458.dat
1 0 450 -55.217 496.497 1 0 0 0 0.997785 -0.066518 0 0.066518 0.997785 45677.dat
1 0 450 -41.914 417.206 1 0 0 0 0.997785 -0.066518 0 0.066518 0.997785 3069.dat
1 0 440 -39.918 387.272 0 0 1 0.066518 0.997785 0 -0.997785 0.066518 0 3069.dat
1 0 460 -39.918 387.272 0 0 1 0.066518 0.997785 0 -0.997785 0.066518 0 3069.dat
1 0 410 -3 510 0 0 1 0.066518 0.997785 0 -0.997785 0.066518 0 51719.dat
1 0 490 -3 510 0 0 -1 -0.066518 0.997785 0 0.997785 0.066518 0 51719.dat
1 0 410 -3 389.734 0 0 1 0.066518 0.997785 0 -0.997785 0.066518 0 51719.dat
1 0 490 -3 389.734 0 0 -1 -0.066518 0.997785 0 0.997785 0.066518 0 51719.dat
1 256 410 -3 510 0 0 1 0.066518 0.997785 0 -0.997785 0.066518 0 50951.dat
1 256 490 -3 510 0 0 1 0.066518 0.997785 0 -0.997785 0.066518 0 50951.dat
1 256 410 -3 389.734 0 0 1 0.066518 0.997785 0 -0.997785 0.066518 0 50951.dat
1 256 490 -3 389.734 0 0 1 0.066518 0.997785 0 -0.997785 0.066518 0 50951.dat
