0 
0 Name: New Model.ldr
0 Author: 
1 0 -107.516 -64 -752.528 0.92388 0 -0.382683 0 1 0 0.382683 0 0.92388 3036.dat
1 0 21.8272 -64 -698.9524 0.92388 0 -0.382683 0 1 0 0.382683 0 0.92388 3795.dat
1 0 95.7376 -64 -668.3378 0.382683 0 0.92388 0 1 0 -0.92388 0 0.382683 4859.dat
1 15 -126.6501 -72 -706.334 -0.92388 0 0.382683 0 1 0 -0.382683 0 -0.92388 3023.dat
1 15 -88.3819 -72 -798.722 -0.92388 0 0.382683 0 1 0 -0.382683 0 -0.92388 3023.dat
1 15 -31.3639 -88 -753.4566 -0.92388 0 0.382683 0 1 0 -0.382683 0 -0.92388 3005.dat
1 15 -54.3249 -88 -698.0238 -0.92388 0 0.382683 0 1 0 -0.382683 0 -0.92388 3005.dat
1 15 21.8272 -88 -698.9524 -0.92388 0 0.382683 0 1 0 -0.382683 0 -0.92388 3007.dat
1 0 -117.0268 -72 -886.3546 0.92388 0 -0.382683 0 1 0 0.382683 0 0.92388 3934.dat
1 0 -98.0052 -72 -618.7014 -0.92388 0 0.382683 0 1 0 -0.382683 0 -0.92388 3934.dat
1 0 -208.8708 -72 -664.6234 -0.92388 0 0.382683 0 1 0 -0.382683 0 -0.92388 3933.dat
1 0 -6.1612 -72 -840.4326 0.92388 0 -0.382683 0 1 0 0.382683 0 0.92388 3933.dat
1 0 -180.2258 -64 -576.9908 0.92388 0 -0.382683 0 1 0 0.382683 0 0.92388 3710.dat
1 0 -34.8062 -64 -928.0652 0.92388 0 -0.382683 0 1 0 0.382683 0 0.92388 3710.dat
1 15 -44.045 -72 -931.892 0.92388 0 -0.382683 0 1 0 0.382683 0 0.92388 6019.dat
1 15 -25.5674 -72 -924.2383 0.92388 0 -0.382683 0 1 0 0.382683 0 0.92388 6019.dat
1 15 -170.987 -72 -573.1639 -0.92388 0 0.382683 0 1 0 -0.382683 0 -0.92388 6019.dat
1 15 -189.4646 -72 -580.8176 -0.92388 0 0.382683 0 1 0 -0.382683 0 -0.92388 6019.dat
1 0 -180.2258 -80 -576.9908 -0.92388 0 0.382683 0 1 0 -0.382683 0 -0.92388 3710.dat
1 0 -34.8062 -80 -928.0652 -0.92388 0 0.382683 0 1 0 -0.382683 0 -0.92388 3710.dat
1 0 104.9764 -88 -664.5109 -0.382683 0 -0.92388 0 1 0 0.92388 0 -0.382683 2458.dat
1 0 -126.6501 -96 -706.334 -0.92388 0 0.382683 0 1 0 -0.382683 0 -0.92388 3008.dat
1 0 -88.3819 -96 -798.722 -0.92388 0 0.382683 0 1 0 -0.382683 0 -0.92388 3008.dat
1 0 -42.8444 -96 -725.7402 0.382683 0 0.92388 0 1 0 -0.92388 0 0.382683 3710.dat
1 0 40.3048 -96 -691.2987 -0.92388 0 0.382683 0 1 0 -0.382683 0 -0.92388 3034.dat
1 0 -42.8444 -120 -725.7402 -0.382683 0 -0.92388 0 1 0 0.92388 0 -0.382683 3298.dat
1 0 -23.7103 -120 -771.9342 -0.382683 0 -0.92388 0 1 0 0.92388 0 -0.382683 2357.dat
1 0 -61.9785 -120 -679.5462 -0.92388 0 0.382683 0 1 0 -0.382683 0 -0.92388 2357.dat
1 0 -158.4654 -120 -838.5754 0.92388 0 -0.382683 0 1 0 0.382683 0 0.92388 3830.dat
1 0 -204.3874 -120 -727.7098 -0.92388 0 0.382683 0 1 0 -0.382683 0 -0.92388 3830.dat
1 0 -158.4654 -120 -838.5754 0.92388 0 -0.382683 0 1 0 0.382683 0 0.92388 3831.dat
1 0 -204.3874 -120 -727.7098 -0.92388 0 0.382683 0 1 0 -0.382683 0 -0.92388 3831.dat
1 0 -197.6623 -120 -822.3395 -0.92388 0 0.382683 0 1 0 -0.382683 0 -0.92388 3665.dat
1 0 -220.6233 -120 -766.9067 0.92388 0 -0.382683 0 1 0 0.382683 0 0.92388 3665.dat
1 0 -190.0087 -144 -840.8171 0.92388 0 -0.382683 0 1 0 0.382683 0 0.92388 2357.dat
1 0 -228.2769 -144 -748.4291 0.382683 0 0.92388 0 1 0 -0.92388 0 0.382683 2357.dat
1 0 -182.0829 -144 -729.295 0.92388 0 -0.382683 0 1 0 0.382683 0 0.92388 3004.dat
1 0 -143.8147 -144 -821.683 0.92388 0 -0.382683 0 1 0 0.382683 0 0.92388 3004.dat
1 0 -158.4654 -168 -838.5754 0.92388 0 -0.382683 0 1 0 0.382683 0 0.92388 3830.dat
1 0 -204.3874 -168 -727.7098 -0.92388 0 0.382683 0 1 0 -0.382683 0 -0.92388 3830.dat
1 0 -158.4654 -168 -838.5754 0.92388 0 -0.382683 0 1 0 0.382683 0 0.92388 3831.dat
1 0 -204.3874 -168 -727.7098 -0.92388 0 0.382683 0 1 0 -0.382683 0 -0.92388 3831.dat
1 0 -205.316 -144 -803.8619 -0.92388 0 0.382683 0 1 0 -0.382683 0 -0.92388 3005.dat
1 0 -212.9696 -144 -785.3843 -0.92388 0 0.382683 0 1 0 -0.382683 0 -0.92388 3005.dat
1 0 -201.4891 -168 -813.1007 -0.382683 0 -0.92388 0 1 0 0.92388 0 -0.382683 3660.dat
1 0 -216.7965 -168 -776.1455 -0.382683 0 -0.92388 0 1 0 0.92388 0 -0.382683 3660.dat
1 36 -186.8384 -176 -796.2083 -0.382683 0 -0.92388 0 1 0 0.92388 0 -0.382683 3024.dat
1 36 -194.492 -176 -777.7307 -0.382683 0 -0.92388 0 1 0 0.92388 0 -0.382683 3024.dat
1 0 -203.0743 -148 -835.4052 0.382683 -0.92388 0 0 0 1 -0.92388 -0.382683 0 3956.dat
1 0 -233.6889 -148 -761.4948 0.382683 -0.92388 0 0 0 1 -0.92388 -0.382683 0 3956.dat
1 0 -179.1847 -184 -814.6859 -0.382683 0 -0.92388 0 1 0 0.92388 0 -0.382683 2420.dat
1 0 -202.1457 -184 -759.2531 -0.92388 0 0.382683 0 1 0 -0.382683 0 -0.92388 2420.dat
1 15 -228.2769 -96 -748.4291 -0.92388 0 0.382683 0 1 0 -0.382683 0 -0.92388 3963.dat
1 15 -190.0087 -96 -840.8171 0.92388 0 -0.382683 0 1 0 0.382683 0 0.92388 3963.dat
1 0 -32.9491 -144 -775.761 0.92388 0 -0.382683 0 1 0 0.382683 0 0.92388 3004.dat
1 0 -71.2173 -144 -683.373 0.92388 0 -0.382683 0 1 0 0.382683 0 0.92388 3004.dat
1 0 -31.3639 -144 -753.4566 -0.382683 0 -0.92388 0 1 0 0.92388 0 -0.382683 4070.dat
1 0 -54.3249 -144 -698.0238 -0.382683 0 -0.92388 0 1 0 0.92388 0 -0.382683 4070.dat
1 15 -52.0832 -168 -729.567 -0.382683 0 -0.92388 0 1 0 0.92388 0 -0.382683 4345.dat
1 15 -49.8659 -147.9 -728.6486 0.591385 -0.709802 -0.382683 0.768284 0.64011 0 0.244959 -0.294009 0.92388 3069.dat
1 0 -52.0832 -168 -729.567 -0.382683 0 -0.92388 0 1 0 0.92388 0 -0.382683 4346.dat
1 0 -172.1876 -192 -779.3158 -0.382683 0 -0.92388 0 1 0 0.92388 0 -0.382683 3009.dat
1 42 -26.6085 -134 -686.5433 -0.382683 -0.92388 0 0 0 -1 0.92388 -0.382683 0 4589.dat
1 42 -3.6475 -134 -741.9761 -0.382683 -0.92388 0 0 0 -1 0.92388 -0.382683 0 4589.dat
1 0 -23.7103 -168 -771.9342 -0.382683 0 -0.92388 0 1 0 0.92388 0 -0.382683 2357.dat
1 0 -61.9785 -168 -679.5462 -0.92388 0 0.382683 0 1 0 -0.382683 0 -0.92388 2357.dat
1 0 -126.6501 -168 -706.334 -0.92388 0 0.382683 0 1 0 -0.382683 0 -0.92388 2443.dat
1 0 -88.3819 -168 -798.722 0.92388 0 -0.382683 0 1 0 0.382683 0 0.92388 2443.dat
1 0 -144.4712 -192 -767.8353 -0.382683 0 -0.92388 0 1 0 0.92388 0 -0.382683 2456.dat
1 0 -107.516 -192 -752.528 -0.382683 0 -0.92388 0 1 0 0.92388 0 -0.382683 2456.dat
1 0 -68.3191 -192 -768.7639 -0.382683 0 -0.92388 0 1 0 0.92388 0 -0.382683 4161.dat
1 0 -91.2801 -192 -713.3311 -0.382683 0 -0.92388 0 1 0 0.92388 0 -0.382683 4161.dat
1 42 -150.3765 -132 -649.0535 -0.92388 0.382683 0 0 0 -1 -0.382683 -0.92388 0 2418.dat
1 42 -64.6555 -132 -856.0026 0.92388 -0.382683 0 0 0 -1 0.382683 0.92388 0 2418.dat
1 15 -153.71 -56 -771.6622 0.382683 0 0.92388 0 1 0 -0.92388 0 0.382683 3710.dat
1 15 -72.8025 -56 -705.6774 0.382683 0 0.92388 0 1 0 -0.92388 0 0.382683 2420.dat
1 15 -49.8415 -56 -761.1102 0.92388 0 -0.382683 0 1 0 0.382683 0 0.92388 2420.dat
1 0 -126.6501 -56 -706.334 0.92388 0 -0.382683 0 1 0 0.382683 0 0.92388 3460.dat
1 0 -88.3819 -56 -798.722 0.92388 0 -0.382683 0 1 0 0.382683 0 0.92388 3460.dat
1 0 21.8272 -56 -698.9524 0.92388 0 -0.382683 0 1 0 0.382683 0 0.92388 3034.dat
1 0 -172.1876 -56 -779.3158 0.382683 0 0.92388 0 1 0 -0.92388 0 0.382683 4315.dat
1 0 -67.3905 -48 -692.6118 0.382683 0 0.92388 0 1 0 -0.92388 0 0.382683 3940.dat
1 0 -36.7759 -48 -766.5222 0.92388 0 -0.382683 0 1 0 0.382683 0 0.92388 3940.dat
1 0 -147.6415 -48 -812.4442 0.92388 0 -0.382683 0 1 0 0.382683 0 0.92388 3940.dat
1 0 -178.2561 -48 -738.5338 0.92388 0 -0.382683 0 1 0 0.382683 0 0.92388 3940.dat
1 0 -181.4273 -88 -783.143 0.382683 -0.92388 0 0 0 1 -0.92388 -0.382683 0 4213.dat
1 15 -241.08 -148 -764.5562 0.382683 -0.92388 0 0 0 1 -0.92388 -0.382683 0 4591.dat
1 15 -210.4653 -148 -838.4666 0.382683 -0.92388 0 0 0 1 -0.92388 -0.382683 0 4591.dat
1 0 -172.1876 -200 -779.3158 0.382683 0 0.92388 0 1 0 -0.92388 0 0.382683 2540.dat
1 0 -79.7996 -200 -741.0475 -0.382683 0 -0.92388 0 1 0 0.92388 0 -0.382683 2452.dat
1 0 -70.3742 -224.637 -737.1434 0.181031 0.905971 0.382683 0.980615 -0.195946 0 0.074985 0.375265 -0.92388 4276.dat
1 15 -63.1264 -226.2046 -734.1412 0.181031 0.905971 0.382683 0.980615 -0.195946 0 0.074985 0.375265 -0.92388 3938.dat
1 0 -44.4261 -230.0845 -728.5482 0.191013 -0.96475 0.181031 0.039735 0.191875 0.980615 -0.980783 -0.180117 0.074985 2440.dat
1 42 -200.8138 -70 -563.8708 -0.382683 -0.92388 0 0 0 -1 0.92388 -0.382683 0 2569.dat
1 42 -40.0869 -70 -951.9004 -0.382683 -0.92388 0 0 0 -1 0.92388 -0.382683 0 2569.dat
1 0 -125.9936 -208 -760.1816 -0.92388 0 0.382683 0 1 0 -0.382683 0 -0.92388 3795.dat
1 0 -149.8832 -216 -780.9009 0.92388 0 -0.382683 0 1 0 0.382683 0 0.92388 4085.dat
1 42 -142.2295 -200 -799.3785 0.92388 0 -0.382683 0 1 0 0.382683 0 0.92388 2569.dat
1 15 -200.5605 -264 -736.9487 -0.382683 0 -0.92388 0 1 0 0.92388 0 -0.382683 2340.dat
1 15 -162.2923 -264 -829.3367 -0.382683 0 -0.92388 0 1 0 0.92388 0 -0.382683 2340.dat
1 0 -200.5605 -280 -736.9487 0.382683 0 0.92388 0 1 0 -0.92388 0 0.382683 4595.dat
1 0 -162.2923 -280 -829.3367 0.382683 0 0.92388 0 1 0 -0.92388 0 0.382683 4595.dat
1 0 206.6032 -16 -622.4158 0.92388 0 -0.382683 0 1 0 0.382683 0 0.92388 3795.dat
1 0 175.06 -40 -624.6575 -0.92388 0 0.382683 0 1 0 -0.382683 0 -0.92388 4070.dat
1 0 182.7136 -40 -643.1351 0.92388 0 -0.382683 0 1 0 0.382683 0 0.92388 4070.dat
1 15 160.4092 -40 -641.5499 0.382683 0 0.92388 0 1 0 -0.92388 0 0.382683 3747.dat
1 0 197.3644 -40 -626.2426 -0.382683 0 -0.92388 0 1 0 0.92388 0 -0.382683 3039.dat
1 0 169.648 -88 -637.7231 0.92388 0 -0.382683 0 1 0 0.382683 0 0.92388 2434.dat
1 0 123.454 -64 -656.8572 0.382683 0 0.92388 0 1 0 -0.92388 0 0.382683 3004.dat
1 0 123.454 -88 -656.8572 0.382683 0 0.92388 0 1 0 -0.92388 0 0.382683 3700.dat
1 15 160.4092 -112 -641.5499 0.382683 0 0.92388 0 1 0 -0.92388 0 0.382683 3298.dat
1 0 178.8868 -112 -633.8962 -0.382683 0 -0.92388 0 1 0 0.92388 0 -0.382683 3747.dat
1 0 151.1704 -160 -645.3768 -0.382683 0 -0.92388 0 1 0 0.92388 0 -0.382683 3479.dat
1 15 169.648 -8 -637.7231 -0.382683 0 -0.92388 0 1 0 0.92388 0 -0.382683 4032.dat
1 15 206.6032 -8 -622.4158 -0.382683 0 -0.92388 0 1 0 0.92388 0 -0.382683 4032.dat
1 15 239.7316 -8 -597.8697 0.92388 0 -0.382683 0 1 0 0.382683 0 0.92388 4275.dat
1 15 247.3852 -8 -616.3473 0.92388 0 -0.382683 0 1 0 0.382683 0 0.92388 4275.dat
1 0 215.842 -120 -618.5889 -0.382683 0 -0.92388 0 1 0 0.92388 0 -0.382683 2412.dat
1 0 151.1704 -168 -645.3768 -0.382683 0 -0.92388 0 1 0 0.92388 0 -0.382683 4859.dat
1 0 106.6704 -68 -590.2066 0 0.382683 -0.92388 1 0 0 0 -0.92388 -0.382683 3479.dat
1 0 158.7152 -68 -715.8542 0 -0.382683 -0.92388 -1 0 0 0 0.92388 -0.382683 3479.dat
1 0 180.5264 -68 -585.5919 0 0.382683 0.92388 -1 0 0 0 -0.92388 0.382683 3937.dat
1 0 214.2025 -68 -666.8933 0 -0.382683 0.92388 1 0 0 0 0.92388 0.382683 3937.dat
1 0 94.3701 -68 -586.6424 0 0.382683 0.92388 -1 0 0 0 -0.92388 0.382683 3839.dat
1 0 112.8477 -68 -578.9887 0 0.382683 -0.92388 1 0 0 0 -0.92388 -0.382683 3839.dat
1 0 152.5379 -68 -727.0721 0 -0.382683 0.92388 1 0 0 0 0.92388 0.382683 3839.dat
1 0 171.0155 -68 -719.4185 0 -0.382683 -0.92388 -1 0 0 0 0.92388 -0.382683 3839.dat
1 0 167.4063 -30 -606.1799 0 0.382683 -0.92388 1 0 0 0 -0.92388 -0.382683 3959.dat
1 0 190.3673 -30 -661.6127 0 -0.382683 -0.92388 -1 0 0 0 0.92388 -0.382683 3959.dat
1 0 289.6303 -22.427 -577.2009 -0.652141 -0.654421 -0.382683 0.70834 -0.705872 0 -0.270125 -0.27107 0.92388 4276.dat
1 0 297.284 -22.427 -595.6785 -0.652141 -0.654421 -0.382683 0.70834 -0.705872 0 -0.270125 -0.27107 0.92388 4276.dat
1 15 209.5688 -131.156 -632.0114 -0.652141 -0.654421 -0.382683 0.70834 -0.705872 0 -0.270125 -0.27107 0.92388 4589.dat
1 15 201.9151 -131.156 -613.5338 -0.652141 -0.654421 -0.382683 0.70834 -0.705872 0 -0.270125 -0.27107 0.92388 4589.dat
1 0 281.7004 -20.9906 -591.3096 -0.382683 -0.654421 0.652141 0 -0.705872 -0.70834 0.92388 -0.27107 0.270125 3023.dat
1 42 294.7432 -35.1574 -585.907 0.382683 -0.654421 -0.652141 0 -0.705872 0.70834 -0.92388 -0.27107 -0.270125 2466.dat
1 15 282.9864 -33.721 -590.7769 0.382683 -0.654421 -0.652141 0 -0.705872 0.70834 -0.92388 -0.27107 -0.270125 4032.dat
1 15 259.4455 -47.8186 -600.5278 -0.382683 0.652141 0.654421 0 -0.70834 0.705872 0.92388 0.270125 0.27107 2516.dat
1 42 217.5359 -68 -544.2846 0 0.382683 -0.92388 1 0 0 0 -0.92388 -0.382683 2418.dat
1 42 269.5808 -68 -669.9323 0 -0.382683 -0.92388 -1 0 0 0 0.92388 -0.382683 2418.dat
1 0 225.4485 -95.046 -614.6098 -0.754774 0.150894 -0.638395 0.074148 0.986572 0.145524 0.651782 0.062502 -0.755827 2446.dat
1 42 222.8017 -92.4987 -617.9646 -0.754774 0.558112 -0.344716 0.074148 0.594711 0.800513 0.651782 0.578646 -0.490255 2447.dat
1 14 225.4485 -95.046 -614.6098 -0.754774 0.150894 -0.638395 0.074148 0.986572 0.145524 0.651782 0.062502 -0.755827 3626.dat
1 15 229.521 -68.409 -612.923 -0.382683 0.150894 -0.911474 0 0.986572 0.163326 0.92388 0.062502 -0.377544 973.dat
1 0 229.4572 -68.397 -612.9493 -0.382683 0.152485 -0.91121 0 0.986286 0.165048 0.92388 0.063161 -0.377435 3838.dat
