0 
0 Name: New Model.ldr
0 Author: 
1 0 -70 -26.989 -130.333 1 0 0 0 0.997785 -0.066518 0 0.066518 0.997785 6157.dat
1 7 -70 -26.989 -130.333 1 0 0 0 0.997785 -0.066518 0 0.066518 0.997785 3022.dat
1 8 -70 -22.998 -190.2 1 0 0 0 0.997785 -0.066518 0 0.066518 0.997785 3031.dat
1 0 -70 -26.989 -250.599 1 0 0 0 0.997785 -0.066518 0 0.066518 0.997785 6157.dat
1 0 -70 -35.636 -120.887 -1 0 0 0 0.997785 0.066518 0 0.066518 -0.997785 2436.dat
1 7 -100 -30.98 -190.732 0 0 1 0.066518 0.997785 0 -0.997785 0.066518 0 3710.dat
1 0 -70 -30.98 -190.732 0 0 1 0.066518 0.997785 0 -0.997785 0.066518 0 3795.dat
1 7 -40 -30.98 -190.732 0 0 1 0.066518 0.997785 0 -0.997785 0.066518 0 3710.dat
1 0 -70 -26.324 -260.577 1 0 0 0 0.997785 -0.066518 0 0.066518 0.997785 50949.dat
1 7 -70 -44.949 -101.463 -1 0 0 0 0.997785 0.066518 0 0.066518 -0.997785 44568.dat
1 10 -70 -50.936 -131.929 1 0 0 0 0.997785 -0.066518 0 0.066518 0.997785 3788.dat
1 0 -70 -37.632 -211.22 0 0 1 0.066518 0.997785 0 -0.997785 0.066518 0 3795.dat
1 0 -100 -26.59 -106.253 -1 0 0 0 0.066518 -0.997785 0 -0.997785 -0.066518 54200.dat
1 0 -80 -28.186 -82.306 0 0 1 -0.997785 0.066518 0 -0.066518 -0.997785 0 6231.dat
1 0 -60 -28.186 -82.306 1 0 0 0 0.066518 0.997785 0 -0.997785 0.066518 6231.dat
1 0 -40 -26.59 -106.253 -1 0 0 0 0.066518 -0.997785 0 -0.997785 -0.066518 54200.dat
1 8 -70 -68.098 -84.967 1 0 0 0 0.066518 0.997785 0 -0.997785 0.066518 44569.dat
1 36 -100 -52.931 -101.995 1 0 0 0 0.997785 -0.066518 0 0.066518 0.997785 3024.dat
1 36 -40 -52.931 -101.995 1 0 0 0 0.997785 -0.066518 0 0.066518 0.997785 3024.dat
1 0 -70 -49.605 -151.885 0 0 1 0.066518 0.997785 0 -0.997785 0.066518 0 3795.dat
1 15 -70 -44.949 -221.73 1 0 0 0 0.997785 -0.066518 0 0.066518 0.997785 3023.dat
1 10 -70 -50.936 -252.195 1 0 0 0 0.997785 -0.066518 0 0.066518 0.997785 3788.dat
1 10 -100 -59.583 -122.483 0 0 1 0.066518 0.997785 0 -0.997785 0.066518 0 3623.dat
1 10 -40 -59.583 -122.483 0 0 1 0.066518 0.997785 0 -0.997785 0.066518 0 3623.dat
1 7 -70 -56.257 -172.373 1 0 0 0 0.997785 -0.066518 0 0.066518 0.997785 3022.dat
1 10 -100 -54.927 -192.328 0 0 1 0.066518 0.997785 0 -0.997785 0.066518 0 3010.dat
1 10 -40 -54.927 -192.328 0 0 1 0.066518 0.997785 0 -0.997785 0.066518 0 3010.dat
1 8 -70 -52.931 -222.262 0 0 1 0.066518 0.997785 0 -0.997785 0.066518 0 3021.dat
1 0 -70 -50.271 -262.173 1 0 0 0 0.997785 -0.066518 0 0.066518 0.997785 2436.dat
1 47 -100 -39.362 -275.477 0 0 1 0.997785 -0.066518 0 0.066518 0.997785 0 54200.dat
1 10 -70 -38.83 -283.459 1 0 0 0 -0.066518 -0.997785 0 0.997785 -0.066518 3069.dat
1 47 -40 -39.362 -275.477 0 0 -1 -0.997785 -0.066518 0 -0.066518 0.997785 0 54200.dat
1 10 -100 -66.9 -132.993 0 0 1 0.066518 0.997785 0 -0.997785 0.066518 0 3710.dat
1 10 -40 -66.9 -132.993 0 0 1 0.066518 0.997785 0 -0.997785 0.066518 0 3710.dat
1 15 -70 -64.905 -162.927 1 0 0 0 0.997785 -0.066518 0 0.066518 0.997785 3023.dat
1 10 -70 -63.574 -182.883 1 0 0 0 0.997785 -0.066518 0 0.066518 0.997785 3710.dat
1 0 -70 -53.597 -212.284 1 0 0 0 0.997785 -0.066518 0 0.066518 0.997785 88930.dat
1 8 -70 -58.918 -252.728 1 0 0 0 0.997785 -0.066518 0 0.066518 0.997785 3068.dat
1 8 -90 -96.834 -165.055 -1 0 0 0 0.997785 0.066518 0 0.066518 -0.997785 2432.dat
1 8 -50 -96.834 -165.055 -1 0 0 0 0.997785 0.066518 0 0.066518 -0.997785 2432.dat
1 10 -70 -71.557 -183.415 1 0 0 0 0.997785 -0.066518 0 0.066518 0.997785 3710.dat
1 57 -100 -79.539 -183.947 1 0 0 0 0.997785 -0.066518 0 0.066518 0.997785 3024.dat
1 8 -70 -79.539 -183.947 1 0 0 0 0.997785 -0.066518 0 0.066518 0.997785 3069.dat
1 57 -40 -79.539 -183.947 1 0 0 0 0.997785 -0.066518 0 0.066518 0.997785 3024.dat
1 0 -110 -22 -130 0 0 1 0.066518 0.997785 0 -0.997785 0.066518 0 51719.dat
1 0 -30 -22 -130 0 0 -1 -0.066518 0.997785 0 0.997785 0.066518 0 51719.dat
1 0 -110 -22 -250.266 0 0 1 0.066518 0.997785 0 -0.997785 0.066518 0 51719.dat
1 0 -30 -22 -250.266 0 0 -1 -0.066518 0.997785 0 0.997785 0.066518 0 51719.dat
1 256 -110 -22 -130 0 0 1 0.066518 0.997785 0 -0.997785 0.066518 0 50951.dat
1 256 -30 -22 -130 0 0 1 0.066518 0.997785 0 -0.997785 0.066518 0 50951.dat
1 256 -110 -22 -250.266 0 0 1 0.066518 0.997785 0 -0.997785 0.066518 0 50951.dat
1 256 -30 -22 -250.266 0 0 1 0.066518 0.997785 0 -0.997785 0.066518 0 50951.dat
