0 Main
0 Name: 8031-1 - V-19 Torrent - Mini.mpd
0 Author: LTRON
1 15 0 -8 -20 1 0 0 0 1 0 0 0 1 3020.dat
1 15 30 -8 10 0 0 -1 0 1 0 1 0 0 2420.dat
1 15 -30 -8 10 1 0 0 0 1 0 0 0 1 2420.dat
1 15 0 -16 0 1 0 0 0 1 0 0 0 1 3020.dat
1 320 0 -16 -30 1 0 0 0 1 0 0 0 1 3794.dat
1 71 0 -24 0 1 0 0 0 1 0 0 0 1 3022.dat
1 72 30 -16 30 0 0 -1 0 1 0 1 0 0 4081.dat
1 72 -30 -16 -30 0 0 1 0 1 0 -1 0 0 4081.dat
1 72 -30 -16 30 0 0 1 0 1 0 -1 0 0 4081.dat
1 72 30 -16 -30 0 0 -1 0 1 0 1 0 0 4081.dat
1 320 30 -24 0 0 0 1 0 1 0 -1 0 0 2431.dat
1 320 -30 -24 0 0 0 1 0 1 0 -1 0 0 2431.dat
1 15 0 -24 -30 1 0 0 0 1 0 0 0 1 4081.dat
1 71 50 -14 -42 0 0 -1 1 0 0 0 -1 0 3957.dat
1 71 -50 -14 -42 0 0 -1 1 0 0 0 -1 0 3957.dat
1 71 -30 10 10 1 0 0 0 0 -1 0 1 0 32184.dat
1 1 -30 0 10 0 0 -1 -1 0 0 0 1 0 4274.dat
1 19 -20 10 -10 -1 0 0 0 0 -1 0 -1 0 3749.dat
1 1 -20 10 30 -1 0 0 0 0 -1 0 -1 0 43093.dat
1 71 0 0 -10 1 0 0 0 1 0 0 0 1 2817.dat
1 71 0 0 30 1 0 0 0 1 0 0 0 1 2817.dat
1 72 0 -8 40 0 0 1 0 1 0 -1 0 0 3021.dat
1 320 0 -16 20 -1 0 0 0 1 0 0 0 -1 3794.dat
1 15 0 -16 40 -1 0 0 0 1 0 0 0 -1 3794.dat
1 15 0 -16 60 -1 0 0 0 1 0 0 0 -1 3794.dat
1 15 0 -24 40 0 0 1 0 1 0 -1 0 0 3623.dat
1 15 0 -32 50 0 0 1 0 1 0 -1 0 0 3710.dat
1 15 0 -56 80 -1 0 0 0 1 0 0 0 -1 3005.dat
1 320 0 -104 60 1 0 0 0 1 0 0 0 1 4460.dat
1 15 0 -32 20 -1 0 0 0 1 0 0 0 -1 54200.dat
1 15 0 -80 80 -1 0 0 0 1 0 0 0 -1 3005.dat
1 15 0 -104 80 -1 0 0 0 1 0 0 0 -1 3005.dat
1 72 0 -128 80 1 0 0 0 1 0 0 0 1 47905.dat
1 320 0 -128 60 1 0 0 0 1 0 0 0 1 4070.dat
1 71 0 -118 46 1 0 0 0 0 -1 0 1 0 6141.dat
1 71 0 -118 98 -1 0 0 0 0 -1 0 -1 0 6141.dat
1 41 0 -118 38 1 0 0 0 0 -1 0 1 0 6141.dat
1 15 0 -152 80 1 0 0 0 1 0 0 0 1 3040.dat
1 19 20 10 -10 1 0 0 0 0 -1 0 1 0 3749.dat
1 1 20 10 30 1 0 0 0 0 -1 0 1 0 43093.dat
1 71 30 10 10 1 0 0 0 0 -1 0 1 0 32184.dat
1 1 30 0 10 0 0 -1 -1 0 0 0 1 0 4274.dat
1 72 50 -14 58 0 0 -1 1 0 0 0 -1 0 4589.dat
1 72 -50 -14 58 0 0 -1 1 0 0 0 -1 0 4589.dat
1 15 -4 -22 -50 0 1 0 -1 0 0 0 0 1 54200.dat
1 15 4 -22 -50 0 -1 0 1 0 0 0 0 1 54200.dat
1 41 50 -14 66 0 0 -1 1 0 0 0 -1 0 6141.dat
1 41 -50 -14 66 0 0 -1 1 0 0 0 -1 0 6141.dat
1 40 0 -24 0 1 0 0 0 1 0 0 0 1 30602.dat
1 15 68.7365 -60.7434 0 -0.258819 0.965926 0 0.965926 0.258819 0 0 0 -1 3020.dat
1 15 53.2445 -33.8362 0 0 0.965926 0.258819 0 0.258819 -0.965926 -1 0 0 60470.dat
1 71 58.4209 -53.1547 10 0 0.965926 0.258819 0 0.258819 -0.965926 -1 0 0 3623.dat
1 15 71.3619 -101.451 -10 -0.258819 0.965926 0 0.965926 0.258819 0 0 0 -1 3710.dat
1 15 71.3619 -101.451 20 0 0.965926 -0.258819 0 0.258819 0.965926 1 0 0 41770.dat
1 15 86.8538 -128.3582 0 0 0.965926 -0.258819 0 0.258819 0.965926 1 0 0 60470.dat
1 320 48.1053 -45.566 20 0 0.965926 -0.258819 0 0.258819 0.965926 1 0 0 3068.dat
1 15 58.4581 -84.203 0 0 0.965926 -0.258819 0 0.258819 0.965926 1 0 0 4150.dat
1 71 93.9621 -147.1591 -64 0.965926 0 -0.258819 0.258819 0 0.965926 0 -1 0 3957.dat
1 15 -68.7365 -60.7434 0 -0.258819 -0.965926 0 -0.965926 0.258819 0 0 0 -1 3020.dat
1 15 -53.2445 -33.8362 0 0 -0.965926 -0.258819 0 0.258819 -0.965926 1 0 0 60470.dat
1 71 -58.4209 -53.1547 10 0 -0.965926 -0.258819 0 0.258819 -0.965926 1 0 0 3623.dat
1 15 -71.3619 -101.451 -10 0.258819 -0.965926 0 0.965926 0.258819 0 0 0 1 3710.dat
1 15 -71.3619 -101.451 20 0 -0.965926 0.258819 0 0.258819 0.965926 -1 0 0 41769.dat
1 15 -86.8538 -128.3582 0 0 -0.965926 0.258819 0 0.258819 0.965926 -1 0 0 60470.dat
1 320 -48.1053 -45.566 20 0 -0.965926 0.258819 0 0.258819 0.965926 -1 0 0 3068.dat
1 71 -93.9621 -147.1591 -64 0.965926 0 0.258819 -0.258819 0 0.965926 0 -1 0 3957.dat
