0 Main
0 Name: 8840 - Rally Shock n Roll Racer - Model B.mpd
0 Author: LTRON
1 7 4.427 35.994 0 1 -0.017 0 0.017 1 0 0 0 1 2852.dat
1 7 14.13 33.575 0 0.97 0.242 0 -0.242 0.97 0 0 0 1 2853.dat
1 7 14.13 33.575 20 0.97 0.242 0 -0.242 0.97 0 0 0 1 2854.dat
1 7 23.833 31.156 40 -0.848 0.53 0 0.53 0.848 0 0 0 -1 2852.dat
1 7 14.13 33.575 40 -0.97 0.242 0 0.242 0.97 0 0 0 -1 2853.dat
1 0 14.13 33.575 110 0 0.242 0.97 0 0.97 -0.242 -1 0 0 3706.dat
1 0 14.13 33.575 -70 0 0.242 0.97 0 0.97 -0.242 -1 0 0 3706.dat
1 14 50.523 14.195 -30 0.97 0.242 0 -0.242 0.97 0 0 0 1 3894.dat
1 0 72.348 19.059 -20 0 0.97 -0.242 0 -0.242 -0.97 -1 0 0 2780.dat
1 0 91.754 14.221 61 0 0.956 -0.292 0 -0.292 -0.956 -1 0 0 2780.dat
1 7 52.942 23.898 -40 0 0.97 -0.242 0 -0.242 -0.97 -1 0 0 3673.dat
1 14 108.741 -0.32 -10 0.97 0.242 0 -0.242 0.97 0 0 0 1 3894.dat
1 0 150 0 20 0 -0.999 0.052 0 -0.052 -0.999 1 0 0 3707.dat
1 7 150 0 7 -1 0 0 0 -1 0 0 0 1 4265.dat
1 7 150 0 32 -1 0 0 0 1 0 0 0 -1 4265.dat
1 14 108.741 -0.32 51 0.97 0.242 0 -0.242 0.97 0 0 0 1 3894.dat
1 0 91.754 14.221 61 0 0.97 -0.242 0 -0.242 -0.97 -1 0 0 2780.dat
1 0 72.348 19.059 61 0 0.97 -0.242 0 -0.242 -0.97 -1 0 0 2780.dat
1 14 50.523 14.195 71 0.97 0.242 0 -0.242 0.97 0 0 0 1 3894.dat
1 7 52.942 23.898 81 0 0.97 -0.242 0 -0.242 -0.97 -1 0 0 3673.dat
1 14 210 -10 -30 1 0 0 0 1 0 0 0 1 3702.dat
1 14 210 -10 72 1 0 0 0 1 0 0 0 1 3702.dat
1 7 280 14 25 0 0 -1 0 1 0 1 0 0 2719.dat
1 7 280 -10 -65 0 0 -1 0 1 0 1 0 0 4261.dat
1 7 280 -10 115 0 0 -1 0 1 0 1 0 0 4261.dat
1 0 280 0 135 0 0 -1 0 1 0 1 0 0 3705.dat
1 0 280 0 -85 0 0 -1 0 1 0 1 0 0 3705.dat
1 7 280 0 -48 1 0 0 0 1 0 0 0 1 4265.dat
1 7 280 0 98 -1 0 0 0 1 0 0 0 -1 4265.dat
1 7 280 0 135 -1 0 0 0 1 0 0 0 -1 3713.dat
1 7 280 0 -85 -1 0 0 0 1 0 0 0 -1 3713.dat
1 7 240 -10 -65 0 -1 0 1 0 0 0 0 1 3749.dat
1 7 240 -10 115 0 -1 0 1 0 0 0 0 1 3749.dat
1 0 9.776 16.109 71 0.97 0.242 0 -0.242 0.97 0 0 0 1 3710.dat
1 0 9.776 16.109 -30 0.97 0.242 0 -0.242 0.97 0 0 0 1 3710.dat
1 8 4.211 -6.207 1 0.97 0.242 0 -0.242 0.97 0 0 0 1 2851.dat
1 8 5.421 -1.356 41 0.97 0.242 0 -0.242 0.97 0 0 0 1 2851.dat
1 7 14.13 33.575 90 0.97 0.242 0 -0.242 0.97 0 0 0 1 3713.dat
1 7 14.13 33.575 -50 0.97 0.242 0 -0.242 0.97 0 0 0 1 3713.dat
1 0 -21.269 15.605 21 0 0.242 0.97 0 0.97 -0.242 -1 0 0 3666.dat
1 0 36.949 1.089 21 0 0.242 0.97 0 0.97 -0.242 -1 0 0 3666.dat
1 14 160 -18 -30 1 0 0 0 1 0 0 0 1 3623.dat
1 14 160 -18 72 1 0 0 0 1 0 0 0 1 3623.dat
1 14 250 -18 -30 1 0 0 0 1 0 0 0 1 3069.dat
1 14 250 -18 72 1 0 0 0 1 0 0 0 1 3069.dat
1 14 300 -10 52 0 0 -1 0 1 0 1 0 0 2357.dat
1 14 300 -10 -7 -1 0 0 0 1 0 0 0 -1 2357.dat
1 7 -1.837 -30.465 41 -0.97 0.242 0 0.242 0.97 0 0 0 -1 2850.dat
1 7 -14.945 -0.405 61 0 0.242 -0.97 0 0.97 0.242 1 0 0 4274.dat
1 0 -14.945 -0.405 21 0 0.242 -0.97 0 0.97 0.242 1 0 0 2780.dat
1 0 23.855 -10.085 21 0 0.242 -0.97 0 0.97 0.242 1 0 0 2780.dat
1 7 -1.837 -30.465 1 -0.97 0.242 0 0.242 0.97 0 0 0 -1 2850.dat
1 7 -14.945 -0.405 -19 0 0.242 0.97 0 0.97 -0.242 -1 0 0 4274.dat
1 14 140 -26 -30 -1 0 0 0 1 0 0 0 -1 3024.dat
1 14 140 -26 72 -1 0 0 0 1 0 0 0 -1 3024.dat
1 14 170 -26 -30 -1 0 0 0 1 0 0 0 -1 3023.dat
1 14 170 -26 72 -1 0 0 0 1 0 0 0 -1 3023.dat
1 0 220 -34 72 0 0 1 0 1 0 -1 0 0 3040.dat
1 0 220 -34 -30 0 0 1 0 1 0 -1 0 0 3040.dat
1 14 310 -18 -17 0 0 1 0 1 0 -1 0 0 3022.dat
1 14 310 -18 62 0 0 1 0 1 0 -1 0 0 3022.dat
1 7 280 -18 25 0 0 -1 0 1 0 1 0 0 2719.dat
1 7 240 -28 25 0 0 -1 0 1 0 1 0 0 2719.dat
1 14 150 -50 -30 -1 0 0 0 1 0 0 0 -1 3700.dat
1 14 150 -50 72 -1 0 0 0 1 0 0 0 -1 3700.dat
1 0 150 -40 82 0 0 1 0 1 0 -1 0 0 2780.dat
1 0 150 -40 -40 0 0 1 0 1 0 -1 0 0 2780.dat
1 0 2.034 -14.94 71 0.97 0.242 0 -0.242 0.97 0 0 0 1 3701.dat
1 0 2.034 -14.94 -29 0.97 0.242 0 -0.242 0.97 0 0 0 1 3701.dat
1 14 320 -42 55 0 0 1 0 1 0 -1 0 0 4286.dat
1 14 320 -42 -5 0 0 1 0 1 0 -1 0 0 4286.dat
1 0 300 -42 75 0 0 1 0 1 0 -1 0 0 3040.dat
1 0 300 -42 -25 0 0 1 0 1 0 -1 0 0 3040.dat
1 14 320 -50 25 0 0 1 0 1 0 -1 0 0 3710.dat
1 0 -14.953 -0.399 81 0 0.242 -0.97 0 0.97 0.242 1 0 0 2780.dat
1 7 23.859 -10.075 81 0 0.242 -0.97 0 0.97 0.242 1 0 0 4274.dat
1 14 2.034 -14.94 91 -0.97 0.242 0 0.242 0.97 0 0 0 -1 3701.dat
1 0 4.453 -5.237 103 0 0.242 -0.97 0 0.97 0.242 1 0 0 2780.dat
1 0 23.859 -10.075 -39 0 0.242 0.97 0 0.97 -0.242 -1 0 0 2780.dat
1 14 2.034 -14.94 -49 0.97 0.242 0 -0.242 0.97 0 0 0 1 3701.dat
1 0 4.453 -5.237 -61 0 0.242 0.97 0 0.97 -0.242 -1 0 0 2780.dat
1 7 23.859 -10.075 -43 0 -0.242 -0.97 0 -0.97 0.242 -1 0 0 4274.dat
1 14 220 -42 22 0 0 -1 0 1 0 1 0 0 3666.dat
1 7 240 -36 25 0 0 -1 0 1 0 1 0 0 3743.dat
1 0 220 -66 22 0 0 -1 0 1 0 1 0 0 3894.dat
1 0 192 -56 22 -1 0 0 0 1 0 0 0 -1 3706.dat
1 7 240 -56 22 0 0 1 0 1 0 -1 0 0 3647.dat
1 7 200 -56 22 0 0 1 0 1 0 -1 0 0 3713.dat
1 14 180 -66 22 0 0 -1 0 1 0 1 0 0 3701.dat
1 7 167 -56 22 0 0 1 0 1 0 -1 0 0 4143.dat
1 16 90 -80 92 -0.946 -0.326 0 -0.326 0.946 0 0 0 -1 4255.dat
1 0 54.14 24.06 92 -0.946 -0.326 0 -0.326 0.946 0 0 0 -1 4254.dat
1 16 90 -80 -50 -0.946 -0.326 0 -0.326 0.946 0 0 0 -1 4255.dat
1 0 54.14 24.06 -50 -0.946 -0.326 0 -0.326 0.946 0 0 0 -1 4254.dat
1 14 160 -100 92 0 -1 0 1 0 0 0 0 1 3895.dat
1 14 160 -100 -48 0 -1 0 1 0 0 0 0 1 3895.dat
1 0 150 -80 102 0 0 1 0 1 0 -1 0 0 2780.dat
1 0 150 -80 -60 0 0 1 0 1 0 -1 0 0 2780.dat
1 0 150 -200 102 0 0 1 0 1 0 -1 0 0 2780.dat
1 0 150 -200 -60 0 0 1 0 1 0 -1 0 0 2780.dat
1 14 -0.411 16.588 113 -0.242 0.97 0 -0.97 -0.242 0 0 0 1 3701.dat
1 14 -0.411 16.588 -71 -0.242 0.97 0 -0.97 -0.242 0 0 0 1 3701.dat
1 14 200 -74 12 1 0 0 0 1 0 0 0 1 3623.dat
1 14 200 -74 32 1 0 0 0 1 0 0 0 1 3623.dat
1 0 150 -166 22 0 -1 0 1 0 0 0 0 1 3737.dat
1 14 160 -109 22 0 -1 0 0 0 -1 1 0 0 3701.dat
1 7 150 -82 22 0 -1 0 0 0 1 -1 0 0 4265.dat
1 14 136 -110 22 0 -1 0 0 0 1 -1 0 0 3460.dat
1 14 136 -210 22 0 -1 0 0 0 1 -1 0 0 3460.dat
1 14 160 -210 22 0 -1 0 0 0 1 -1 0 0 3894.dat
1 7 150 -190 22 0 -1 0 0 0 1 -1 0 0 3713.dat
1 7 150 -73 22 0 -1 0 0 0 -1 1 0 0 4143.dat
1 7 150 -230 22 0 -1 0 0 0 1 -1 0 0 3713.dat
1 7 14.13 33.575 135 0.97 0.242 0 -0.242 0.97 0 0 0 1 3713.dat
1 7 14.13 33.575 -90 0.97 0.242 0 -0.242 0.97 0 0 0 1 3713.dat
1 4 200 -74 22 0 0 -1 0 1 0 1 0 0 2717.dat
1 14 110 -90 -70 -1 0 0 0 1 0 0 0 -1 3703.dat
1 14 50 -98 -100 0 0 -1 0 1 0 1 0 0 3934.dat
1 0 -30 -80 -60 0 0 1 0 1 0 -1 0 0 2780.dat
1 7 90 -80 -60 0 0 1 0 1 0 -1 0 0 3673.dat
1 14 150 -98 -70 -1 0 0 0 1 0 0 0 -1 3023.dat
1 15 150 -146 -70 -1 0 0 0 1 0 0 0 -1 4864.dat
1 14 150 -170 -70 -1 0 0 0 1 0 0 0 -1 3700.dat
1 14 -40 -140 -50 0 1 0 1 0 0 0 0 -1 3702.dat
1 0 -30 -200 -60 0 0 1 0 1 0 -1 0 0 2780.dat
1 14 110 -90 112 -1 0 0 0 1 0 0 0 -1 3703.dat
1 0 -30 -80 102 0 0 1 0 1 0 -1 0 0 2780.dat
1 7 90 -80 102 0 0 1 0 1 0 -1 0 0 3673.dat
1 14 150 -98 112 -1 0 0 0 1 0 0 0 -1 3023.dat
1 15 150 -146 112 1 0 0 0 1 0 0 0 1 4864.dat
1 14 150 -170 112 -1 0 0 0 1 0 0 0 -1 3700.dat
1 14 -40 -140 92 0 1 0 1 0 0 0 0 -1 3702.dat
1 0 -30 -200 102 0 0 1 0 1 0 -1 0 0 2780.dat
1 14 50 -98 142 0 0 -1 0 1 0 1 0 0 3933.dat
1 14 168 -210.186 2 0 -1 0 -0.004 0 1 -1 0 -0.004 3666.dat
1 14 168 -209.963 82 0 -1 0 -0.004 0 1 -1 0 -0.004 3023.dat
1 7 150 -257 22 1 0 0 0 0 -1 0 1 0 4185.dat
1 7 -10 -200 -70 0 0 1 0 1 0 -1 0 0 3651.dat
1 0 60 -200 -68 -1 0 0 0 1 0 0 0 -1 3707.dat
1 7 -10 -200 112 0 0 1 0 1 0 -1 0 0 3651.dat
1 0 60 -200 112 -1 0 0 0 1 0 0 0 -1 3707.dat
1 0 150 -160 102 0 0 -1 0 1 0 1 0 0 4519.dat
1 0 150 -160 -60 0 0 -1 0 1 0 1 0 0 4519.dat
1 7 150 -160 129 -1 0 0 0 -1 0 0 0 1 4265.dat
1 7 150 -160 75 1 0 0 0 -1 0 0 0 -1 4265.dat
1 7 150 -160 -33 -1 0 0 0 -1 0 0 0 1 4265.dat
1 7 150 -160 -85 1 0 0 0 -1 0 0 0 -1 4265.dat
1 7 130 -200 -68 0 0 -1 0 -1 0 -1 0 0 4273.dat
1 7 130 -200 112 0 0 -1 0 1 0 1 0 0 4273.dat
1 0 370 -32 25 0 0 -1 0 1 0 1 0 0 3708.dat
1 7 370 -32 -42 -1 0 0 0 1 0 0 0 -1 4265.dat
1 7 370 -32 -89 -1 0 0 0 1 0 0 0 -1 4265.dat
1 7 370 -32 92 1 0 0 0 1 0 0 0 1 4265.dat
1 7 370 -32 139 1 0 0 0 1 0 0 0 1 4265.dat
1 14 350 -42 -25 -1 0 0 0 1 0 0 0 -1 3701.dat
1 14 350 -42 75 -1 0 0 0 1 0 0 0 -1 3701.dat
1 14 320 -50 -25 -1 0 0 0 1 0 0 0 -1 3623.dat
1 14 320 -50 75 -1 0 0 0 1 0 0 0 -1 3623.dat
1 14 360 -50 25 0 0 -1 0 1 0 1 0 0 3666.dat
1 14 350 -74 75 -1 0 0 0 1 0 0 0 -1 3700.dat
1 14 350 -74 -25 -1 0 0 0 1 0 0 0 -1 3700.dat
1 14 360 -74 55 0 0 -1 0 1 0 1 0 0 4070.dat
1 14 360 -74 -5 0 0 -1 0 1 0 1 0 0 4070.dat
1 0 350 -64 85 0 0 -1 0 1 0 1 0 0 2780.dat
1 0 350 -64 -35 0 0 -1 0 1 0 1 0 0 2780.dat
1 0 360 -64 -55 0 -1 0 0 0 -1 1 0 0 2444.dat
1 0 360 -64 105 0 -1 0 0 0 1 -1 0 0 2444.dat
1 0 360 -82 25 0 0 -1 0 1 0 1 0 0 3666.dat
1 14 340 -82 -25 0 0 -1 0 1 0 1 0 0 3024.dat
1 14 340 -82 75 0 0 -1 0 1 0 1 0 0 3024.dat
1 0 350 -106 -25 -1 0 0 0 1 0 0 0 -1 3700.dat
1 0 350 -106 75 -1 0 0 0 1 0 0 0 -1 3004.dat
1 0 350 -114 -35 0 0 1 0 1 0 -1 0 0 2444.dat
1 0 350 -114 85 0 0 -1 0 1 0 1 0 0 2444.dat
1 15 374 -64 25 0 -1 0 0 0 -1 1 0 0 2431.dat
1 15 368 -64 105 0 -1 0 0 0 1 -1 0 0 4150.dat
1 15 368 -64 -55 0 -1 0 0 0 1 -1 0 0 4150.dat
1 0 360 -122 25 0 0 -1 0 1 0 1 0 0 3666.dat
1 0 350 -104 -55 0 0 -1 0 1 0 1 0 0 2780.dat
1 0 350 -104 105 0 0 -1 0 1 0 1 0 0 2780.dat
1 14 -40 -210 21 0 1 0 0 0 -1 -1 0 0 3023.dat
1 14 -40 -190 21 0 1 0 0 0 -1 -1 0 0 3666.dat
1 14 -48 -200 -19 0 1 0 0 0 -1 -1 0 0 3709.dat
1 14 -48 -200 61 0 1 0 0 0 -1 -1 0 0 3709.dat
1 14 -48 -70 22 0 1 0 0 0 1 1 0 0 3460.dat
1 7 335.62 -117.9 115 0 0.695 -0.719 0 -0.719 -0.695 -1 0 0 3651.dat
1 7 335.621 -117.876 -68 0 0.695 -0.719 0 -0.719 -0.695 -1 0 0 3651.dat
1 0 299.671 -152.626 -68 -0.719 -0.695 0 -0.695 0.719 0 0 0 -1 3706.dat
1 0 300.33 -151.35 113 -0.719 0.695 0 -0.695 -0.719 0 0 0 1 3706.dat
1 7 264.627 -186.36 -68 0 0.682 0.731 0 -0.731 0.682 1 0 0 4273.dat
1 7 264.38 -186.1 113 0 0.695 0.719 0 -0.719 0.695 1 0 0 4273.dat
1 7 170 -200 112 0 0 1 0 1 0 -1 0 0 4273.dat
1 7 170 -200 -68 0 0 1 0 -1 0 1 0 0 4273.dat
1 0 200 -200 -68 1 0 0 0 -1 0 0 0 -1 3705.dat
1 0 200 -200 112 1 0 0 0 -1 0 0 0 -1 3705.dat
1 7 230 -200 112 0 0 -1 0 -1 0 -1 0 0 4273.dat
1 7 230 -200 -68 0 0 -1 0 -1 0 -1 0 0 4273.dat
1 7 250 -200 123 0 0 -1 0 1 0 1 0 0 4274.dat
1 7 250 -200 -77 0 0 -1 0 -1 0 -1 0 0 4274.dat
1 15 280 0 160 -1 0 0 0 1 0 0 0 -1 4266.dat
1 0 280 0 160 -1 0 0 0 1 0 0 0 -1 2857.dat
1 0 10 35 160 -0.956 0.292 0 0.292 0.956 0 0 0 -1 2857.dat
1 15 14 34 160 -0.97 0.242 0 0.242 0.97 0 0 0 -1 4266.dat
1 0 12 35 -120 -0.978 -0.208 0 0.208 -0.978 0 0 0 1 2857.dat
1 15 14 34 -120 -0.978 -0.208 0 0.208 -0.978 0 0 0 1 4266.dat
1 15 279 0 -120 -0.999 0.052 0 -0.052 -0.999 0 0 0 1 4266.dat
1 0 276.809 0.448 -120 -0.999 0.052 0 -0.052 -0.999 0 0 0 1 2857.dat
1 15 198.518 -113.935 27 0 0.087 -0.996 0 0.996 0.087 1 0 0 2699.dat
1 15 198.518 -113.935 27 0 0.087 -0.996 0 0.996 0.087 1 0 0 2698.dat
1 15 198.518 -113.935 27 0 0.087 -0.996 0 0.996 0.087 1 0 0 2710.dat
1 15 199.139 -97.042 42.285 -0.231 0.968 0.099 0.017 -0.097 0.995 0.973 0.232 0.006 2703.dat
1 15 199.787 -96.904 11.819 0.113 0.987 0.11 -0.019 -0.108 0.994 0.994 -0.115 0.007 2709.dat
1 15 238.796 -101.473 12.212 0.11 0.844 -0.525 0.037 0.525 0.85 0.994 -0.113 0.027 2704.dat
1 15 237.626 -100.52 46.519 -0.206 0.823 -0.529 -0.034 0.534 0.844 0.978 0.193 -0.082 2704.dat
1 0 270.557 -79.162 54.224 -0.224 0.906 -0.36 -0.027 0.363 0.931 0.975 0.218 -0.057 2706.dat
1 0 272.737 -80.365 7.66 0.109 0.929 -0.354 0.025 0.353 0.935 0.994 -0.111 0.015 2706.dat
1 14 193.812 -167.73 27 0 0 -1 0 1 0 1 0 0 2707.dat
1 6 193.812 -209.73 27 0 0 -1 0 1 0 1 0 0 2708.dat
1 23 194.509 -159.76 53.2 -0.985 -0.174 0 -0.174 0.985 0 0 0 -1 2701.dat
1 23 194.509 -159.76 53.2 -0.416 -0.174 -0.893 -0.073 0.985 -0.157 0.906 0 -0.423 2705.dat
1 23 194.509 -159.76 53.2 -0.416 -0.174 -0.893 -0.073 0.985 -0.157 0.906 0 -0.423 2700.dat
1 23 222.178 -154.882 66.301 -0.416 -0.174 -0.893 -0.073 0.985 -0.157 0.906 0 -0.423 2701.dat
1 23 222.178 -154.882 66.301 0.172 -0.173 -0.97 0.015 0.985 -0.173 0.985 0.015 0.172 2705.dat
1 23 222.178 -154.882 66.301 0.172 -0.173 -0.97 0.015 0.985 -0.173 0.985 0.015 0.172 2700.dat
1 14 255.634 -148.913 60.356 -0.172 0.173 -0.97 -0.015 -0.985 -0.173 -0.985 -0.015 0.172 2702.dat
1 23 194.509 -159.76 0.8 -0.985 0.174 0 -0.174 -0.985 0 0 0 1 2701.dat
1 23 194.509 -159.76 0.8 -0.416 0.174 -0.893 -0.073 -0.985 -0.157 -0.906 0 0.423 2705.dat
1 23 194.509 -159.76 0.8 -0.416 0.174 -0.893 -0.073 -0.985 -0.157 -0.906 0 0.423 2700.dat
1 23 222.178 -154.882 -12.301 -0.416 0.174 -0.893 -0.073 -0.985 -0.157 -0.906 0 0.423 2701.dat
1 23 222.178 -154.882 -12.301 0.172 0.173 -0.97 0.015 -0.985 -0.173 -0.985 0.015 -0.172 2705.dat
1 23 222.178 -154.882 -12.301 0.172 0.173 -0.97 0.015 -0.985 -0.173 -0.985 0.015 -0.172 2700.dat
1 14 255.634 -148.913 -6.356 -0.172 -0.173 -0.97 -0.015 0.985 -0.173 0.985 -0.015 -0.172 2702.dat
1 47 193.812 -197.73 27 0 0 -1 0 1 0 1 0 0 2716.dat
