0 Main
0 Name: 6931 - FX Star Patroller.mpd
0 Author: LTRON
1 7 -63 -134 179 -1 0 0 0 1 0 0 0 -1 3068.dat
1 7 62 -134 179 -1 0 0 0 1 0 0 0 -1 3068.dat
1 0 -63 -106 219 -1 0 0 0 0 1 0 1 0 4591.dat
1 0 62 -106 219 -1 0 0 0 0 1 0 1 0 4591.dat
1 33 -60.641 -14 -148 -0.866 0 -0.5 0.5 0 -0.866 0 -1 0 4740.dat
1 33 60.641 -14 -148 -0.866 0 0.5 -0.5 0 -0.866 0 -1 0 4740.dat
1 7 -26 -34 -228 -1 0 0 0 0 -1 0 -1 0 4740.dat
1 7 26 -34 -228 -1 0 0 0 0 -1 0 -1 0 4740.dat
1 0 62 -107 110 -1 0 0 0 0 1 0 1 0 4593.dat
1 0 -63 -107 110 -1 0 0 0 0 1 0 1 0 4593.dat
1 7 -63 -126 179 1 0 0 0 1 0 0 0 1 4746.dat
1 0 -63 -107 111 -1 0 0 0 0 1 0 1 0 4592.dat
1 0 62 -107 111 -1 0 0 0 0 1 0 1 0 4592.dat
1 7 62 -126 179 1 0 0 0 1 0 0 0 1 4746.dat
1 7 -60.641 -14 -132 0.5 0 -0.866 0.866 0 0.5 0 -1 0 4735.dat
1 7 60.641 -14 -132 0.5 0 0.866 -0.866 0 0.5 0 -1 0 4735.dat
1 7 1.29 -88 100 -1 0 0 0 1 0 0 0 -1 3020.dat
1 7 1.29 -88 130 -1 0 0 0 1 0 0 0 -1 3710.dat
1 33 1.29 -84 56 1 0 0 0 1 0 0 0 1 4474.dat
1 7 1.29 -88 70 1 0 0 0 1 0 0 0 1 4315.dat
1 7 -26 -44 -168 1 0 0 0 1 0 0 0 1 4595.dat
1 0 -26 -34 -204 -1 0 0 0 0 -1 0 -1 0 4589.dat
1 36 -26 -34 -234 -1 0 0 0 0 -1 0 -1 0 4589.dat
1 36 26 -34 -234 -1 0 0 0 0 -1 0 -1 0 4589.dat
1 0 26 -34 -204 -1 0 0 0 0 -1 0 -1 0 4589.dat
1 7 26 -44 -168 1 0 0 0 1 0 0 0 1 4595.dat
1 0 50 -72 170 -1 0 0 0 1 0 0 0 -1 3963.dat
1 0 -50 -72 170 -1 0 0 0 1 0 0 0 -1 3963.dat
1 7 -61.29 -80 140 1 0 0 0 1 0 0 0 1 3934.dat
1 7 61.29 -80 140 1 0 0 0 1 0 0 0 1 3933.dat
1 7 -50 -56 40 0 0 1 0 1 0 -1 0 0 3069.dat
1 7 50 -56 40 0 0 1 0 1 0 -1 0 0 3069.dat
1 7 0 -32 -30 -1 0 0 0 1 0 0 0 -1 3069.dat
1 7 50 -48 60 0 0 -1 0 1 0 1 0 0 3710.dat
1 7 -50 -48 60 0 0 -1 0 1 0 1 0 0 3710.dat
1 7 30 -72 80 0 0 -1 0 1 0 1 0 0 3039.dat
1 7 -30 -72 80 0 0 1 0 1 0 -1 0 0 3039.dat
1 7 -30 -72 120 0 0 -1 0 1 0 1 0 0 3004.dat
1 7 30 -72 120 0 0 -1 0 1 0 1 0 0 3004.dat
1 7 0 -80 70 -1 0 0 0 1 0 0 0 -1 3023.dat
1 7 0 -72 70 -1 0 0 0 1 0 0 0 -1 3023.dat
1 7 -30 -48 100 0 0 -1 0 1 0 1 0 0 3010.dat
1 7 0 -64 70 -1 0 0 0 1 0 0 0 -1 3700.dat
1 7 30 -48 100 0 0 -1 0 1 0 1 0 0 3010.dat
1 7 0 -40 -40 1 0 0 0 1 0 0 0 1 4475.dat
1 7 78.5 -40 58.5 0 0 -1 0 1 0 1 0 0 3935.dat
1 7 -78.5 -40 58.5 0 0 1 0 1 0 -1 0 0 3936.dat
1 7 0 -40 60 -1 0 0 0 1 0 0 0 -1 3022.dat
1 7 0 -40 -130 1 0 0 0 1 0 0 0 1 3839.dat
1 0 0 -32 100 -1 0 0 0 1 0 0 0 -1 3068.dat
1 0 0 -32 130 -1 0 0 0 1 0 0 0 -1 3069.dat
1 7 0 -32 70 -1 0 0 0 1 0 0 0 -1 3023.dat
1 7 -50 -32 40 0 0 -1 0 1 0 1 0 0 3666.dat
1 7 50 -32 40 0 0 -1 0 1 0 1 0 0 3666.dat
1 7 0 -32 -60 -1 0 0 0 1 0 0 0 -1 3022.dat
1 7 0 -24 100 -1 0 0 0 1 0 0 0 -1 3032.dat
1 0 40 -24 40 1 0 0 0 1 0 0 0 1 4229.dat
1 0 -40 2 -24 -1 0 0 0 0 1 0 1 0 4589.dat
1 0 40 2 -24 -1 0 0 0 0 1 0 1 0 4589.dat
1 0 -40 -24 40 1 0 0 0 1 0 0 0 1 4229.dat
1 7 0 -32 50 -1 0 0 0 1 0 0 0 -1 3710.dat
1 0 0 -16 110 0 0 -1 0 1 0 1 0 0 3021.dat
1 7 0 -24 -50 0 0 -1 0 1 0 1 0 0 3021.dat
1 7 0 -24 50 -1 0 0 0 1 0 0 0 -1 3023.dat
1 7 0 -8 100 0 0 -1 0 1 0 1 0 0 3001.dat
1 7 0 -32 -90 1 0 0 0 1 0 0 0 1 3747.dat
1 7 0 -8 -50 1 0 0 0 1 0 0 0 1 3747.dat
1 0 0 -16 0 -1 0 0 0 1 0 0 0 -1 4732.dat
1 16 -89.5 -106 188.5 0 1 0 -1 0 0 0 0 1 752.dat
1 16 -89.5 -106 188.5 0 -1 0 -1 0 0 0 0 -1 755.dat
1 16 -88.5 -58 88.5 1 0 0 0 1 0 0 0 1 752.dat
1 16 -88.5 -58 88.5 1 0 0 0 -1 0 0 0 -1 755.dat
1 16 -95.367 -106.0036 188.4135 0.001906 0.998928 -0.046256 -0.999998 0.001908 0 0.000088 0.046256 0.99893 754.dat
1 16 -98.0856 -106.0147 188.1151 0.005388 0.990387 -0.138222 -0.999984 0.005062 -0.002714 -0.001989 0.138234 0.990398 754.dat
1 16 -100.7539 -106.0337 187.5264 0.010075 0.96799 -0.250785 -0.999919 0.007804 -0.010047 -0.007769 0.250866 0.967991 754.dat
1 16 -103.3209 -106.0581 186.5952 0.017672 0.924189 -0.381526 -0.999682 0.009457 -0.023397 -0.018015 0.381818 0.924062 754.dat
1 16 -105.5075 -106.0813 185.4248 0.030303 0.855119 -0.517545 -0.999024 0.009256 -0.043201 -0.032151 0.518349 0.854565 754.dat
1 16 -107.4616 -106.0997 183.8976 0.049516 0.763209 -0.644252 -0.997618 0.006771 -0.068654 -0.048035 0.646116 0.761726 754.dat
1 16 -109.3112 -106.1077 181.8956 0.078153 0.635845 -0.76785 -0.994954 0.001134 -0.100329 -0.062923 0.771816 0.632725 754.dat
1 16 -110.8153 -106.0968 179.6187 0.111175 0.509806 -0.853075 -0.991104 -0.006314 -0.132937 -0.073159 0.860266 0.504569 754.dat
1 16 -111.8695 -106.0652 177.3723 0.148176 0.377547 -0.914058 -0.98591 -0.016153 -0.166495 -0.077624 0.925849 0.369834 754.dat
1 16 -112.6413 -106.0094 175.0095 0.181952 0.287836 -0.940236 -0.980065 -0.024503 -0.19716 -0.079789 0.957366 0.277639 754.dat
1 16 -113.2397 -105.9214 172.3429 0.218171 0.186393 -0.957945 -0.972885 -0.035689 -0.228518 -0.076782 0.981827 0.173552 754.dat
1 16 -113.6077 -105.8046 169.6343 0.25223 0.110233 -0.961368 -0.964937 -0.045925 -0.258432 -0.072638 0.992844 0.094785 754.dat
1 16 -113.7802 -105.674 167.1568 0.285336 0.047378 -0.957256 -0.956068 -0.055973 -0.287752 -0.067213 0.997308 0.029325 754.dat
1 16 -113.8036 -105.5167 164.6741 0.317602 -0.003154 -0.948219 -0.946244 -0.065646 -0.316723 -0.061248 0.997838 -0.023833 754.dat
1 16 -113.7039 -105.3163 161.9456 0.349655 -0.051883 -0.935441 -0.935333 -0.076653 -0.345363 -0.053785 0.995707 -0.07533 754.dat
1 16 -113.4878 -105.0865 159.2259 0.381066 -0.09147 -0.920012 -0.923395 -0.087321 -0.373786 -0.046146 0.991972 -0.117738 754.dat
1 16 -113.2105 -104.8537 156.764 0.411945 -0.122133 -0.902987 -0.9104 -0.096899 -0.402221 -0.038374 0.987772 -0.151108 754.dat
1 16 -112.8484 -104.5911 154.3161 0.442568 -0.153252 -0.883543 -0.896239 -0.108361 -0.430132 -0.029823 0.982228 -0.185307 754.dat
1 16 -112.3812 -104.2738 151.6365 0.472731 -0.178619 -0.862914 -0.880952 -0.11932 -0.457914 -0.021171 0.976656 -0.213762 754.dat
1 16 -111.8465 -103.9239 148.9736 0.502466 -0.202997 -0.840429 -0.864511 -0.131676 -0.485059 -0.012199 0.970285 -0.241656 754.dat
1 16 -111.3144 -103.5806 146.5668 0.531652 -0.219618 -0.817994 -0.846957 -0.141347 -0.512527 -0.003061 0.965292 -0.261155 754.dat
1 16 -110.7312 -103.2043 144.1769 0.560268 -0.239186 -0.793026 -0.828287 -0.154432 -0.538601 0.006358 0.958614 -0.284638 754.dat
1 16 -110.0448 -102.7566 141.5638 0.58824 -0.255957 -0.767111 -0.808533 -0.167689 -0.564052 0.015737 0.952033 -0.305591 754.dat
1 16 -109.3158 -102.2715 138.969 0.615462 -0.270939 -0.740134 -0.787766 -0.181504 -0.588627 0.025145 0.94533 -0.325145 754.dat
1 16 -108.5507 -101.75 136.3916 0.641801 -0.283233 -0.71265 -0.766079 -0.194558 -0.612593 0.034854 0.939109 -0.341847 754.dat
1 16 -107.9204 -101.3039 134.3868 0.667473 -0.30029 -0.6814 -0.743422 -0.216534 -0.632801 0.042477 0.928945 -0.367772 756.dat
1 16 -106.6624 -100.386 130.542 0.713124 0.314352 0.626607 -0.698265 0.239092 0.67473 0.062286 -0.918704 0.390004 754.dat
1 16 -105.7942 -99.7169 128.0322 0.735379 0.322651 0.595914 -0.673883 0.255522 0.693246 0.071408 -0.911375 0.405335 754.dat
1 16 -104.9036 -99.0007 125.5435 0.756463 0.330723 0.564258 -0.649141 0.274291 0.709493 0.079874 -0.902988 0.422177 754.dat
1 16 -103.9914 -98.2309 123.0787 0.776449 0.338129 0.531786 -0.624104 0.295693 0.723228 0.087299 -0.893439 0.440619 754.dat
1 16 -103.1465 -97.4831 120.8606 0.795005 0.343495 0.499978 -0.599056 0.314967 0.736158 0.09539 -0.884764 0.456173 754.dat
1 16 -102.2876 -96.6808 118.667 0.812359 0.348144 0.467834 -0.574043 0.336108 0.746664 0.102703 -0.875116 0.47289 754.dat
1 16 -101.3305 -95.7379 116.2807 0.828754 0.352311 0.434791 -0.549084 0.361935 0.753332 0.108041 -0.863064 0.493404 754.dat
1 16 -100.3635 -94.728 113.926 0.843493 0.354715 0.403356 -0.524685 0.383341 0.760102 0.114997 -0.852776 0.509459 754.dat
1 16 -99.4793 -93.7524 111.8143 0.858085 0.356917 0.369189 -0.500155 0.418019 0.758357 0.116343 -0.835386 0.537209 754.dat
1 16 -98.5909 -92.6902 109.7466 0.870725 0.357007 0.338206 -0.476601 0.443121 0.759273 0.121199 -0.822307 0.555987 754.dat
1 16 -97.6143 -91.4476 107.5107 0.883008 0.355848 0.306055 -0.453174 0.47662 0.753303 0.122189 -0.803869 0.58212 754.dat
1 16 -96.642 -90.1135 105.3261 0.894208 0.353222 0.275003 -0.430449 0.509792 0.744866 0.122908 -0.78444 0.607904 754.dat
1 16 -95.7665 -88.8175 103.391 0.905741 0.347525 0.242611 -0.407059 0.553833 0.726341 0.118055 -0.756634 0.643092 754.dat
1 16 -94.9071 -87.4088 101.5287 0.915411 0.341162 0.213614 -0.385239 0.588732 0.710623 0.116676 -0.732805 0.670361 754.dat
1 16 -93.982 -85.7571 99.5514 0.925713 0.330651 0.183646 -0.362054 0.634195 0.683165 0.109421 -0.698904 0.706795 754.dat
1 16 -93.0892 -83.9775 97.6734 0.936076 0.316131 0.154346 -0.337575 0.683675 0.647018 0.09902 -0.657761 0.74669 754.dat
1 16 -92.3129 -82.248 96.0632 0.945523 0.299538 0.127529 -0.313113 0.729445 0.60817 0.089145 -0.614969 0.783496 754.dat
1 16 -91.5861 -80.3912 94.5776 0.955085 0.27824 0.101955 -0.286299 0.777647 0.55973 0.076455 -0.56378 0.822379 754.dat
1 16 -90.8483 -78.2183 93.0885 0.964949 0.250661 0.077736 -0.255332 0.828228 0.498842 0.060657 -0.501206 0.863199 754.dat
1 16 -90.1911 -75.909 91.7791 0.974479 0.217409 0.055896 -0.220124 0.876666 0.427788 0.044003 -0.429174 0.902149 754.dat
1 16 -89.6712 -73.7043 90.7552 0.982265 0.183583 0.038127 -0.184956 0.915304 0.357786 0.030785 -0.358492 0.933025 754.dat
1 16 -89.2484 -71.3978 89.9323 0.989226 0.144532 0.023277 -0.145258 0.949285 0.278853 0.018207 -0.27923 0.960052 754.dat
1 16 -88.8906 -68.7762 89.2428 0.994821 0.100952 0.011826 -0.101333 0.975984 0.192838 0.007926 -0.193037 0.981159 754.dat
1 16 -88.6521 -66.0907 88.7875 0.998336 0.0575 0.004362 -0.057633 0.992383 0.108878 0.001932 -0.108948 0.994046 754.dat
1 16 -88.5323 -63.6177 88.5607 0.999801 0.01993 0.000736 -0.019944 0.999098 0.037483 0.000012 -0.03749 0.999297 754.dat
1 16 89.5 -106 188.5 0 -1 0 1 0 0 0 0 1 752.dat
1 16 89.5 -106 188.5 0 1 0 1 0 0 0 0 -1 755.dat
1 16 88.5 -58 88.5 1 0 0 0 1 0 0 0 1 752.dat
1 16 88.5 -58 88.5 1 0 0 0 -1 0 0 0 -1 755.dat
1 16 95.367 -106.0036 188.4135 0.001906 -0.998928 0.046256 0.999998 0.001908 0 -0.000088 0.046256 0.99893 754.dat
1 16 98.0856 -106.0147 188.1151 0.005388 -0.990387 0.138222 0.999984 0.005062 -0.002714 0.001989 0.138234 0.990398 754.dat
1 16 100.7539 -106.0337 187.5264 0.010075 -0.96799 0.250785 0.999919 0.007804 -0.010047 0.007769 0.250866 0.967991 754.dat
1 16 103.3209 -106.0581 186.5952 0.017672 -0.924189 0.381526 0.999682 0.009457 -0.023397 0.018015 0.381818 0.924062 754.dat
1 16 105.5075 -106.0813 185.4248 0.030303 -0.855119 0.517545 0.999024 0.009256 -0.043201 0.032151 0.518349 0.854565 754.dat
1 16 107.4616 -106.0997 183.8976 0.049516 -0.763209 0.644252 0.997618 0.006771 -0.068654 0.048035 0.646116 0.761726 754.dat
1 16 109.3112 -106.1077 181.8956 0.078153 -0.635845 0.76785 0.994954 0.001134 -0.100329 0.062923 0.771816 0.632725 754.dat
1 16 110.8153 -106.0968 179.6187 0.111175 -0.509806 0.853075 0.991104 -0.006314 -0.132937 0.073159 0.860266 0.504569 754.dat
1 16 111.8695 -106.0652 177.3723 0.148176 -0.377547 0.914058 0.98591 -0.016153 -0.166495 0.077624 0.925849 0.369834 754.dat
1 16 112.6413 -106.0094 175.0095 0.181952 -0.287836 0.940236 0.980065 -0.024503 -0.19716 0.079789 0.957366 0.277639 754.dat
1 16 113.2397 -105.9214 172.3429 0.218171 -0.186393 0.957945 0.972885 -0.035689 -0.228518 0.076782 0.981827 0.173552 754.dat
1 16 113.6077 -105.8046 169.6343 0.25223 -0.110233 0.961368 0.964937 -0.045925 -0.258432 0.072638 0.992844 0.094785 754.dat
1 16 113.7802 -105.674 167.1568 0.285336 -0.047378 0.957256 0.956068 -0.055973 -0.287752 0.067213 0.997308 0.029325 754.dat
1 16 113.8036 -105.5167 164.6741 0.317602 0.003154 0.948219 0.946244 -0.065646 -0.316723 0.061248 0.997838 -0.023833 754.dat
1 16 113.7039 -105.3163 161.9456 0.349655 0.051883 0.935441 0.935333 -0.076653 -0.345363 0.053785 0.995707 -0.07533 754.dat
1 16 113.4878 -105.0865 159.2259 0.381066 0.09147 0.920012 0.923395 -0.087321 -0.373786 0.046146 0.991972 -0.117738 754.dat
1 16 113.2105 -104.8537 156.764 0.411945 0.122133 0.902987 0.9104 -0.096899 -0.402221 0.038374 0.987772 -0.151108 754.dat
1 16 112.8484 -104.5911 154.3161 0.442568 0.153252 0.883543 0.896239 -0.108361 -0.430132 0.029823 0.982228 -0.185307 754.dat
1 16 112.3812 -104.2738 151.6365 0.472731 0.178619 0.862914 0.880952 -0.11932 -0.457914 0.021171 0.976656 -0.213762 754.dat
1 16 111.8465 -103.9239 148.9736 0.502466 0.202997 0.840429 0.864511 -0.131676 -0.485059 0.012199 0.970285 -0.241656 754.dat
1 16 111.3144 -103.5806 146.5668 0.531652 0.219618 0.817994 0.846957 -0.141347 -0.512527 0.003061 0.965292 -0.261155 754.dat
1 16 110.7312 -103.2043 144.1769 0.560268 0.239186 0.793026 0.828287 -0.154432 -0.538601 -0.006358 0.958614 -0.284638 754.dat
1 16 110.0448 -102.7566 141.5638 0.58824 0.255957 0.767111 0.808533 -0.167689 -0.564052 -0.015737 0.952033 -0.305591 754.dat
1 16 109.3158 -102.2715 138.969 0.615462 0.270939 0.740134 0.787766 -0.181504 -0.588627 -0.025145 0.94533 -0.325145 754.dat
1 16 108.5507 -101.75 136.3916 0.641801 0.283233 0.71265 0.766079 -0.194558 -0.612593 -0.034854 0.939109 -0.341847 754.dat
1 16 107.9204 -101.3039 134.3868 0.667473 0.30029 0.6814 0.743422 -0.216534 -0.632801 -0.042477 0.928945 -0.367772 756.dat
1 16 106.6624 -100.386 130.542 0.713124 -0.314352 -0.626607 0.698265 0.239092 0.67473 -0.062286 -0.918704 0.390004 754.dat
1 16 105.7942 -99.7169 128.0322 0.735379 -0.322651 -0.595914 0.673883 0.255522 0.693246 -0.071408 -0.911375 0.405335 754.dat
1 16 104.9036 -99.0007 125.5435 0.756463 -0.330723 -0.564258 0.649141 0.274291 0.709493 -0.079874 -0.902988 0.422177 754.dat
1 16 103.9914 -98.2309 123.0787 0.776449 -0.338129 -0.531786 0.624104 0.295693 0.723228 -0.087299 -0.893439 0.440619 754.dat
1 16 103.1465 -97.4831 120.8606 0.795005 -0.343495 -0.499978 0.599056 0.314967 0.736158 -0.09539 -0.884764 0.456173 754.dat
1 16 102.2876 -96.6808 118.667 0.812359 -0.348144 -0.467834 0.574043 0.336108 0.746664 -0.102703 -0.875116 0.47289 754.dat
1 16 101.3305 -95.7379 116.2807 0.828754 -0.352311 -0.434791 0.549084 0.361935 0.753332 -0.108041 -0.863064 0.493404 754.dat
1 16 100.3635 -94.728 113.926 0.843493 -0.354715 -0.403356 0.524685 0.383341 0.760102 -0.114997 -0.852776 0.509459 754.dat
1 16 99.4793 -93.7524 111.8143 0.858085 -0.356917 -0.369189 0.500155 0.418019 0.758357 -0.116343 -0.835386 0.537209 754.dat
1 16 98.5909 -92.6902 109.7466 0.870725 -0.357007 -0.338206 0.476601 0.443121 0.759273 -0.121199 -0.822307 0.555987 754.dat
1 16 97.6143 -91.4476 107.5107 0.883008 -0.355848 -0.306055 0.453174 0.47662 0.753303 -0.122189 -0.803869 0.58212 754.dat
1 16 96.642 -90.1135 105.3261 0.894208 -0.353222 -0.275003 0.430449 0.509792 0.744866 -0.122908 -0.78444 0.607904 754.dat
1 16 95.7665 -88.8175 103.391 0.905741 -0.347525 -0.242611 0.407059 0.553833 0.726341 -0.118055 -0.756634 0.643092 754.dat
1 16 94.9071 -87.4088 101.5287 0.915411 -0.341162 -0.213614 0.385239 0.588732 0.710623 -0.116676 -0.732805 0.670361 754.dat
1 16 93.982 -85.7571 99.5514 0.925713 -0.330651 -0.183646 0.362054 0.634195 0.683165 -0.109421 -0.698904 0.706795 754.dat
1 16 93.0892 -83.9775 97.6734 0.936076 -0.316131 -0.154346 0.337575 0.683675 0.647018 -0.09902 -0.657761 0.74669 754.dat
1 16 92.3129 -82.248 96.0632 0.945523 -0.299538 -0.127529 0.313113 0.729445 0.60817 -0.089145 -0.614969 0.783496 754.dat
1 16 91.5861 -80.3912 94.5776 0.955085 -0.27824 -0.101955 0.286299 0.777647 0.55973 -0.076455 -0.56378 0.822379 754.dat
1 16 90.8483 -78.2183 93.0885 0.964949 -0.250661 -0.077736 0.255332 0.828228 0.498842 -0.060657 -0.501206 0.863199 754.dat
1 16 90.1911 -75.909 91.7791 0.974479 -0.217409 -0.055896 0.220124 0.876666 0.427788 -0.044003 -0.429174 0.902149 754.dat
1 16 89.6712 -73.7043 90.7552 0.982265 -0.183583 -0.038127 0.184956 0.915304 0.357786 -0.030785 -0.358492 0.933025 754.dat
1 16 89.2484 -71.3978 89.9323 0.989226 -0.144532 -0.023277 0.145258 0.949285 0.278853 -0.018207 -0.27923 0.960052 754.dat
1 16 88.8906 -68.7762 89.2428 0.994821 -0.100952 -0.011826 0.101333 0.975984 0.192838 -0.007926 -0.193037 0.981159 754.dat
1 16 88.6521 -66.0907 88.7875 0.998336 -0.0575 -0.004362 0.057633 0.992383 0.108878 -0.001932 -0.108948 0.994046 754.dat
1 16 88.5323 -63.6177 88.5607 0.999801 -0.01993 -0.000736 0.019944 0.999098 0.037483 -0.000012 -0.03749 0.999297 754.dat
1 1 50 -136 390 1 0 0 0 1 0 0 0 1 4286.dat
1 1 -50 -136 390 1 0 0 0 1 0 0 0 1 4286.dat
1 46 0 -160 470 1 0 0 0 1 0 0 0 1 4589.dat
1 46 0 -160 370 1 0 0 0 1 0 0 0 1 4589.dat
1 1 0 -248 460 1 0 0 0 1 0 0 0 1 4476.dat
1 1 0 -136 370 1 0 0 0 1 0 0 0 1 3794.dat
1 1 0 -136 470 1 0 0 0 1 0 0 0 1 3794.dat
1 1 0 -128 420 0 0 -1 0 1 0 1 0 0 3032.dat
1 1 0 -120 400 -1 0 0 0 1 0 0 0 -1 4213.dat
1 1 0 -120 350 -1 0 0 0 1 0 0 0 -1 4315.dat
1 1 0 -120 470 -1 0 0 0 1 0 0 0 -1 3010.dat
1 36 70 -78 480 0 0 1 1 0 0 0 1 0 4740.dat
1 36 -70 -78 480 0 0 1 1 0 0 0 1 0 4740.dat
1 1 50 -88 400 0 0 1 0 1 0 -1 0 0 3008.dat
1 1 -50 -88 400 0 0 1 0 1 0 -1 0 0 3008.dat
1 1 0 -80 130 1 0 0 0 1 0 0 0 1 3069.dat
1 1 0 -256 460 -1 0 0 0 1 0 0 0 -1 3020.dat
1 36 30 -270 496 -1 0 0 0 0 1 0 1 0 4588.dat
1 36 -30 -270 496 -1 0 0 0 0 1 0 1 0 4588.dat
1 36 30 -270 416 -1 0 0 0 0 1 0 1 0 4589.dat
1 36 -30 -270 416 -1 0 0 0 0 1 0 1 0 4589.dat
1 7 30 -280 460 -1 0 0 0 1 0 0 0 -1 4595.dat
1 7 -30 -280 460 -1 0 0 0 1 0 0 0 -1 4595.dat
1 7 30 -264 460 0 0 -1 0 1 0 1 0 0 3023.dat
1 7 -30 -264 460 0 0 -1 0 1 0 1 0 0 3023.dat
1 1 0 -264 460 -1 0 0 0 1 0 0 0 -1 3068.dat
1 1 0 -80 100 -1 0 0 0 1 0 0 0 -1 3068.dat
1 1 0 -88 330 1 0 0 0 1 0 0 0 1 3298.dat
1 1 0 -64 90 -1 0 0 0 1 0 0 0 -1 3700.dat
1 0 0 -64 110 -1 0 0 0 1 0 0 0 -1 3023.dat
1 14 0 -56 110 -1 0 0 0 1 0 0 0 -1 3023.dat
1 0 0 -48 110 -1 0 0 0 1 0 0 0 -1 3023.dat
1 1 0 -72 180 0 0 1 0 1 0 -1 0 0 3832.dat
1 1 0 -40 180 0 0 1 0 1 0 -1 0 0 3832.dat
1 1 0 -64 220 0 0 1 0 1 0 -1 0 0 3006.dat
1 0 -198 -40 400 1 0 0 0 1 0 0 0 1 4229.dat
1 7 -170 -48 400 -1 0 0 0 1 0 0 0 -1 3021.dat
1 1 -50 -64 400 0 0 1 0 1 0 -1 0 0 3710.dat
1 1 -50 -56 400 0 0 1 0 1 0 -1 0 0 3710.dat
1 7 -208 -48 400 0 0 -1 0 1 0 1 0 0 3475.dat
1 7 -140 -56 400 0 0 1 0 1 0 -1 0 0 4475.dat
1 0 -100 -56 400 0 0 1 0 1 0 -1 0 0 4032.dat
1 36 50 -128 430 -1 0 0 0 1 0 0 0 -1 3957.dat
1 36 -50 -128 430 -1 0 0 0 1 0 0 0 -1 3957.dat
1 7 -50 -152 390 -1 0 0 0 1 0 0 0 -1 4735.dat
1 7 50 -152 390 -1 0 0 0 1 0 0 0 -1 4735.dat
1 1 -40 -136 470 1 0 0 0 1 0 0 0 1 3069.dat
1 1 40 -136 470 -1 0 0 0 1 0 0 0 -1 3069.dat
1 7 130 -56 400 0 0 1 0 1 0 -1 0 0 3069.dat
1 7 -130 -56 400 0 0 1 0 1 0 -1 0 0 3069.dat
1 1 -50 -48 400 0 0 1 0 1 0 -1 0 0 4315.dat
1 7 -100 -48 400 0 0 1 0 1 0 -1 0 0 4213.dat
1 0 198 -40 400 1 0 0 0 1 0 0 0 1 4229.dat
1 7 170 -48 400 1 0 0 0 1 0 0 0 1 3021.dat
1 1 50 -64 400 0 0 -1 0 1 0 1 0 0 3710.dat
1 1 50 -56 400 0 0 -1 0 1 0 1 0 0 3710.dat
1 7 208 -48 400 0 0 1 0 1 0 -1 0 0 3475.dat
1 7 140 -56 400 0 0 -1 0 1 0 1 0 0 4475.dat
1 0 100 -56 400 0 0 -1 0 1 0 1 0 0 4032.dat
1 1 50 -48 400 0 0 -1 0 1 0 1 0 0 4315.dat
1 7 100 -48 400 0 0 -1 0 1 0 1 0 0 4213.dat
1 7 -70 -32 400 1 0 0 0 1 0 0 0 1 3021.dat
1 7 70 -32 400 1 0 0 0 1 0 0 0 1 3021.dat
1 1 50 -64 470 0 0 -1 0 1 0 1 0 0 3665.dat
1 1 -50 -64 470 0 0 1 0 1 0 -1 0 0 3665.dat
1 1 0 -40 330 1 0 0 0 1 0 0 0 1 3747.dat
1 7 50 -40 400 0 0 -1 0 1 0 1 0 0 3023.dat
1 7 -50 -40 400 0 0 -1 0 1 0 1 0 0 3023.dat
1 7 50 -24 400 0 0 -1 0 1 0 1 0 0 3023.dat
1 7 -50 -24 400 0 0 -1 0 1 0 1 0 0 3023.dat
1 46 30 -40 330 0 0 -1 0 1 0 1 0 0 3005.dat
1 1 50 -64 450 0 0 -1 0 1 0 1 0 0 3005.dat
1 1 70 -88 470 1 0 0 0 1 0 0 0 1 4070.dat
1 1 -70 -88 470 1 0 0 0 1 0 0 0 1 4070.dat
1 1 -30 -88 330 0 0 -1 0 1 0 1 0 0 3005.dat
1 1 30 -88 330 0 0 -1 0 1 0 1 0 0 3005.dat
1 1 50 -64 350 0 0 -1 0 1 0 1 0 0 3005.dat
1 1 -50 -64 350 0 0 -1 0 1 0 1 0 0 3005.dat
1 1 -50 -64 450 0 0 -1 0 1 0 1 0 0 3005.dat
1 46 -30 -40 330 0 0 -1 0 1 0 1 0 0 3005.dat
1 1 50 -40 450 0 0 -1 0 1 0 1 0 0 3622.dat
1 1 -50 -40 450 0 0 -1 0 1 0 1 0 0 3622.dat
1 1 -50 -40 350 0 0 -1 0 1 0 1 0 0 3622.dat
1 1 50 -40 350 0 0 -1 0 1 0 1 0 0 3622.dat
1 1 0 -16 330 1 0 0 0 1 0 0 0 1 3009.dat
1 1 50 -16 400 0 0 -1 0 1 0 1 0 0 3009.dat
1 1 0 -64 330 -1 0 0 0 1 0 0 0 -1 3009.dat
1 1 -50 -16 400 0 0 -1 0 1 0 1 0 0 3009.dat
1 1 50 -16 470 0 0 -1 0 1 0 1 0 0 3005.dat
1 1 -50 -16 470 0 0 -1 0 1 0 1 0 0 3005.dat
1 1 20 0 470 1 0 0 0 1 0 0 0 1 3069.dat
1 7 90 -40 400 0 0 1 0 1 0 -1 0 0 3069.dat
1 7 -90 -40 400 0 0 1 0 1 0 -1 0 0 3069.dat
1 1 -20 0 470 1 0 0 0 1 0 0 0 1 3069.dat
1 7 0 8 400 0 0 -1 0 1 0 1 0 0 3036.dat
1 7 0 0 450 1 0 0 0 1 0 0 0 1 3710.dat
1 1 -40 -112 350 1 0 0 0 1 0 0 0 1 3039.dat
1 1 40 -112 350 1 0 0 0 1 0 0 0 1 3039.dat
1 1 0 -112 350 1 0 0 0 1 0 0 0 1 3039.dat
1 1 -50 -112 470 0 0 1 0 1 0 -1 0 0 3005.dat
1 1 50 -112 470 0 0 -1 0 1 0 1 0 0 3040.dat
1 1 -50 -112 450 0 0 -1 0 1 0 1 0 0 3005.dat
1 1 50 -112 450 0 0 -1 0 1 0 1 0 0 3005.dat
1 1 -50 -112 400 0 0 1 0 1 0 -1 0 0 3010.dat
1 1 50 -112 400 0 0 -1 0 1 0 1 0 0 3010.dat
1 1 -50 -128 470 0 0 -1 0 1 0 1 0 0 3024.dat
1 1 50 -128 470 0 0 -1 0 1 0 1 0 0 3024.dat
1 1 -20 -24 470 -1 0 0 0 1 0 0 0 -1 3660.dat
1 1 20 -24 470 -1 0 0 0 1 0 0 0 -1 3660.dat
1 33 0 -96 470 -1 0 0 0 1 0 0 0 -1 4215.dat
1 1 -50 -120 440 0 0 -1 0 1 0 1 0 0 3710.dat
1 1 50 -120 440 0 0 -1 0 1 0 1 0 0 3710.dat
1 16 -100 -75 401 -1 0 0 0 1 0 0 0 -1 752.dat
1 16 -100 -75 401 -1 0 0 0 -1 0 0 0 1 755.dat
1 16 -70 -78 446 1 0 0 0 0 -1 0 1 0 752.dat
1 16 -70 -78 446 1 0 0 0 0 1 0 -1 0 755.dat
1 16 -99.9887 -80.8747 400.9717 -0.999982 -0.006013 -0.000091 -0.006014 0.999868 0.015101 0 0.015101 -0.999886 754.dat
1 16 -99.9537 -83.6227 400.8843 -0.999874 -0.01588 -0.000317 -0.01588 0.999091 0.039551 -0.000311 0.039551 -0.999217 754.dat
1 16 -99.8895 -86.367 400.7256 -0.99964 -0.026837 -0.000707 -0.026825 0.997444 0.06623 -0.001072 0.066226 -0.997804 754.dat
1 16 -99.7982 -88.8549 400.5023 -0.999128 -0.041721 -0.001705 -0.041678 0.993941 0.101705 -0.002549 0.101687 -0.994813 754.dat
1 16 -99.6697 -91.3318 400.1919 -0.998504 -0.054616 -0.002686 -0.054494 0.989787 0.131726 -0.004536 0.131676 -0.991282 754.dat
1 16 -99.484 -94.0385 399.7491 -0.997277 -0.073561 -0.005162 -0.073329 0.981864 0.17483 -0.007792 0.174732 -0.984585 754.dat
1 16 -99.2423 -96.7171 399.1814 -0.995473 -0.094622 -0.008937 -0.094246 0.97061 0.221436 -0.012279 0.221276 -0.975134 754.dat
1 16 -98.962 -99.1142 398.5348 -0.992459 -0.121546 -0.015844 -0.121121 0.95262 0.279008 -0.018819 0.278824 -0.960158 754.dat
1 16 -98.6072 -101.4538 397.7331 -0.988571 -0.148737 -0.024584 -0.148329 0.930507 0.334897 -0.026936 0.334716 -0.941934 754.dat
1 16 -98.1294 -103.9437 396.6767 -0.981782 -0.185532 -0.041007 -0.185989 0.894203 0.407197 -0.038879 0.407406 -0.912419 754.dat
1 16 -97.5266 -106.2879 395.3838 -0.969287 -0.235106 -0.072161 -0.239259 0.833606 0.497851 -0.056894 0.499826 -0.864255 754.dat
1 16 -96.8602 -108.2515 393.9979 -0.952331 -0.283716 -0.112122 -0.294673 0.76038 0.578784 -0.078955 0.584233 -0.807736 754.dat
1 16 -96.0412 -109.9455 392.3644 -0.92231 -0.342722 -0.178567 -0.370194 0.650925 0.662762 -0.110909 0.677376 -0.727228 754.dat
1 16 -94.9656 -111.4097 390.3249 -0.859831 -0.414836 -0.297662 -0.484444 0.478708 0.732224 -0.16126 0.773789 -0.612573 754.dat
1 16 -93.7099 -112.3454 388.0911 -0.753591 -0.47793 -0.451313 -0.616917 0.277156 0.736612 -0.226965 0.833527 -0.503705 754.dat
1 16 -92.4396 -112.6891 385.989 -0.58196 -0.526282 -0.61996 -0.753794 0.063037 0.65408 -0.30515 0.84797 -0.433393 754.dat
1 16 -91.0652 -112.4558 383.9328 -0.33387 -0.559056 -0.758938 -0.861587 -0.145599 0.48628 -0.382358 0.816246 -0.433065 754.dat
1 16 -89.4937 -111.6661 381.8456 -0.00364 -0.578917 -0.815379 -0.899765 -0.353908 0.25529 -0.43636 0.734578 -0.519601 754.dat
1 16 -87.8923 -110.3975 380.0285 0.263105 -0.585427 -0.766845 -0.852943 -0.512592 0.098679 -0.450847 0.628112 -0.634202 754.dat
1 16 -86.4339 -108.9146 378.6633 0.459752 -0.583449 -0.669489 -0.769913 -0.637581 0.026927 -0.442564 0.503068 -0.742334 754.dat
1 16 -84.9923 -107.1415 377.6739 0.600501 -0.575243 -0.555422 -0.678398 -0.7342 0.026943 -0.42329 0.360618 -0.831132 754.dat
1 16 -83.4436 -104.9903 376.995 0.707323 -0.55869 -0.433081 -0.585566 -0.806285 0.08377 -0.395989 0.194345 -0.897454 754.dat
1 16 -81.9576 -102.7015 376.7942 0.783958 -0.532841 -0.318577 -0.50094 -0.846052 0.182359 -0.366701 0.016626 -0.93019 754.dat
1 16 -80.6795 -100.5775 377.0221 0.835623 -0.500443 -0.226475 -0.430685 -0.852805 0.295355 -0.340947 -0.149266 -0.928157 754.dat
1 16 -79.4996 -98.4831 377.6791 0.873087 -0.463015 -0.152764 -0.370487 -0.833709 0.409474 -0.316953 -0.30091 -0.899441 754.dat
1 16 -78.4828 -96.5776 378.7073 0.914506 -0.399709 -0.062546 -0.297131 -0.76849 0.566689 -0.274577 -0.499656 -0.821554 756.dat
1 16 -76.7769 -93.2676 381.0399 0.941477 0.336569 0.01849 -0.230034 0.681629 -0.694598 -0.246384 0.649695 0.71916 754.dat
1 16 -75.8874 -91.4506 382.8958 0.95527 0.295719 -0.003095 -0.193394 0.616742 -0.763039 -0.223736 0.729507 0.646345 754.dat
1 16 -75.1713 -89.9484 384.7586 0.965836 0.258643 -0.016239 -0.161881 0.553198 -0.81717 -0.202372 0.791881 0.576168 754.dat
1 16 -74.5472 -88.6061 386.7717 0.972276 0.23296 -0.020198 -0.139066 0.506626 -0.850877 -0.187988 0.830096 0.524977 754.dat
1 16 -73.932 -87.2609 389.0874 0.978681 0.203982 -0.023972 -0.115895 0.452116 -0.884398 -0.169563 0.868322 0.466118 754.dat
1 16 -73.3929 -86.0603 391.5 0.983507 0.179159 -0.024831 -0.096494 0.403612 -0.909828 -0.152982 0.897218 0.414242 754.dat
1 16 -72.9562 -85.0738 393.7542 0.986624 0.161356 -0.023173 -0.081914 0.367842 -0.926273 -0.140936 0.915782 0.376139 754.dat
1 16 -72.5689 -84.1873 396.0584 0.989482 0.14305 -0.021511 -0.0682 0.330174 -0.941453 -0.127572 0.933018 0.336457 754.dat
1 16 -72.1905 -83.3109 398.6365 0.991843 0.125962 -0.019532 -0.056148 0.29417 -0.954102 -0.114435 0.947416 0.298843 754.dat
1 16 -71.8565 -82.5287 401.2511 0.993585 0.111772 -0.017195 -0.046334 0.263655 -0.963504 -0.103159 0.95812 0.267143 754.dat
1 16 -71.5852 -81.8874 403.6517 0.994995 0.098811 -0.014892 -0.0379 0.235273 -0.97119 -0.092461 0.966893 0.237841 754.dat
1 16 -71.3476 -81.32 406.0746 0.99603 0.088124 -0.012625 -0.031092 0.211465 -0.976891 -0.083418 0.973405 0.213366 754.dat
1 16 -71.1147 -80.76 408.7565 0.996955 0.077259 -0.010608 -0.024934 0.186911 -0.98206 -0.07389 0.979334 0.188268 754.dat
1 16 -70.9118 -80.2678 411.4541 0.997754 0.066401 -0.008797 -0.019479 0.161989 -0.9866 -0.064087 0.984556 0.162918 754.dat
1 16 -70.7504 -79.8736 413.9174 0.998232 0.059014 -0.007109 -0.015605 0.144786 -0.98934 -0.057356 0.987702 0.145451 754.dat
1 16 -70.6087 -79.5254 416.3887 0.998612 0.052368 -0.005643 -0.012376 0.129159 -0.991547 -0.051197 0.99024 0.129628 754.dat
1 16 -70.4723 -79.1882 419.1143 0.999035 0.043697 -0.004416 -0.009142 0.108549 -0.994049 -0.042958 0.99313 0.108844 754.dat
1 16 -70.3576 -78.9029 421.8469 0.999293 0.037434 -0.003355 -0.006844 0.093472 -0.995598 -0.036956 0.994918 0.093662 754.dat
1 16 -70.2681 -78.6792 424.3351 0.99952 0.03088 -0.002469 -0.004859 0.077543 -0.996977 -0.030596 0.996511 0.077656 754.dat
1 16 -70.1946 -78.4945 426.8271 0.999644 0.026608 -0.001749 -0.00353 0.067066 -0.997742 -0.026431 0.997394 0.067137 754.dat
1 16 -70.1273 -78.3245 429.5709 0.999801 0.019932 -0.001165 -0.002172 0.050536 -0.99872 -0.019848 0.998523 0.05057 754.dat
1 16 -70.0771 -78.1971 432.3174 0.999892 0.014671 -0.000715 -0.001262 0.037367 -0.999301 -0.014634 0.999194 0.037381 754.dat
1 16 -70.0433 -78.1109 434.8156 0.999949 0.010089 -0.000385 -0.000645 0.025791 -0.999667 -0.010076 0.999616 0.025796 754.dat
1 16 -70.0209 -78.0537 437.3148 0.999977 0.006818 -0.000172 -0.000291 0.017473 -0.999847 -0.006814 0.999824 0.017474 754.dat
1 16 -70.0056 -78.0144 440.0644 0.999996 0.002896 -0.000043 -0.000064 0.00745 -0.999972 -0.002895 0.999968 0.00745 754.dat
1 16 100 -75 401 -1 0 0 0 1 0 0 0 -1 752.dat
1 16 100 -75 401 -1 0 0 0 -1 0 0 0 1 755.dat
1 16 70 -78 446 1 0 0 0 0 -1 0 1 0 752.dat
1 16 70 -78 446 1 0 0 0 0 1 0 -1 0 755.dat
1 16 99.9887 -80.8747 400.9717 -0.999982 0.006013 0.000091 0.006014 0.999868 0.015101 0 0.015101 -0.999886 754.dat
1 16 99.9537 -83.6227 400.8843 -0.999874 0.01588 0.000317 0.01588 0.999091 0.039551 0.000311 0.039551 -0.999217 754.dat
1 16 99.8895 -86.367 400.7256 -0.99964 0.026837 0.000707 0.026825 0.997444 0.06623 0.001072 0.066226 -0.997804 754.dat
1 16 99.7982 -88.8549 400.5023 -0.999128 0.041721 0.001705 0.041678 0.993941 0.101705 0.002549 0.101687 -0.994813 754.dat
1 16 99.6697 -91.3318 400.1919 -0.998504 0.054616 0.002686 0.054494 0.989787 0.131726 0.004536 0.131676 -0.991282 754.dat
1 16 99.484 -94.0385 399.7491 -0.997277 0.073561 0.005162 0.073329 0.981864 0.17483 0.007792 0.174732 -0.984585 754.dat
1 16 99.2423 -96.7171 399.1814 -0.995473 0.094622 0.008937 0.094246 0.97061 0.221436 0.012279 0.221276 -0.975134 754.dat
1 16 98.962 -99.1142 398.5348 -0.992459 0.121546 0.015844 0.121121 0.95262 0.279008 0.018819 0.278824 -0.960158 754.dat
1 16 98.6072 -101.4538 397.7331 -0.988571 0.148737 0.024584 0.148329 0.930507 0.334897 0.026936 0.334716 -0.941934 754.dat
1 16 98.1294 -103.9437 396.6767 -0.981782 0.185532 0.041007 0.185989 0.894203 0.407197 0.038879 0.407406 -0.912419 754.dat
1 16 97.5266 -106.2879 395.3838 -0.969287 0.235106 0.072161 0.239259 0.833606 0.497851 0.056894 0.499826 -0.864255 754.dat
1 16 96.8602 -108.2515 393.9979 -0.952331 0.283716 0.112122 0.294673 0.76038 0.578784 0.078955 0.584233 -0.807736 754.dat
1 16 96.0412 -109.9455 392.3644 -0.92231 0.342722 0.178567 0.370194 0.650925 0.662762 0.110909 0.677376 -0.727228 754.dat
1 16 94.9656 -111.4097 390.3249 -0.859831 0.414836 0.297662 0.484444 0.478708 0.732224 0.16126 0.773789 -0.612573 754.dat
1 16 93.7099 -112.3454 388.0911 -0.753591 0.47793 0.451313 0.616917 0.277156 0.736612 0.226965 0.833527 -0.503705 754.dat
1 16 92.4396 -112.6891 385.989 -0.58196 0.526282 0.61996 0.753794 0.063037 0.65408 0.30515 0.84797 -0.433393 754.dat
1 16 91.0652 -112.4558 383.9328 -0.33387 0.559056 0.758938 0.861587 -0.145599 0.48628 0.382358 0.816246 -0.433065 754.dat
1 16 89.4937 -111.6661 381.8456 -0.00364 0.578917 0.815379 0.899765 -0.353908 0.25529 0.43636 0.734578 -0.519601 754.dat
1 16 87.8923 -110.3975 380.0285 0.263105 0.585427 0.766845 0.852943 -0.512592 0.098679 0.450847 0.628112 -0.634202 754.dat
1 16 86.4339 -108.9146 378.6633 0.459752 0.583449 0.669489 0.769913 -0.637581 0.026927 0.442564 0.503068 -0.742334 754.dat
1 16 84.9923 -107.1415 377.6739 0.600501 0.575243 0.555422 0.678398 -0.7342 0.026943 0.42329 0.360618 -0.831132 754.dat
1 16 83.4436 -104.9903 376.995 0.707323 0.55869 0.433081 0.585566 -0.806285 0.08377 0.395989 0.194345 -0.897454 754.dat
1 16 81.9576 -102.7015 376.7942 0.783958 0.532841 0.318577 0.50094 -0.846052 0.182359 0.366701 0.016626 -0.93019 754.dat
1 16 80.6795 -100.5775 377.0221 0.835623 0.500443 0.226475 0.430685 -0.852805 0.295355 0.340947 -0.149266 -0.928157 754.dat
1 16 79.4996 -98.4831 377.6791 0.873087 0.463015 0.152764 0.370487 -0.833709 0.409474 0.316953 -0.30091 -0.899441 754.dat
1 16 78.4828 -96.5776 378.7073 0.914506 0.399709 0.062546 0.297131 -0.76849 0.566689 0.274577 -0.499656 -0.821554 756.dat
1 16 76.7769 -93.2676 381.0399 0.941477 -0.336569 -0.01849 0.230034 0.681629 -0.694598 0.246384 0.649695 0.71916 754.dat
1 16 75.8874 -91.4506 382.8958 0.95527 -0.295719 0.003095 0.193394 0.616742 -0.763039 0.223736 0.729507 0.646345 754.dat
1 16 75.1713 -89.9484 384.7586 0.965836 -0.258643 0.016239 0.161881 0.553198 -0.81717 0.202372 0.791881 0.576168 754.dat
1 16 74.5472 -88.6061 386.7717 0.972276 -0.23296 0.020198 0.139066 0.506626 -0.850877 0.187988 0.830096 0.524977 754.dat
1 16 73.932 -87.2609 389.0874 0.978681 -0.203982 0.023972 0.115895 0.452116 -0.884398 0.169563 0.868322 0.466118 754.dat
1 16 73.3929 -86.0603 391.5 0.983507 -0.179159 0.024831 0.096494 0.403612 -0.909828 0.152982 0.897218 0.414242 754.dat
1 16 72.9562 -85.0738 393.7542 0.986624 -0.161356 0.023173 0.081914 0.367842 -0.926273 0.140936 0.915782 0.376139 754.dat
1 16 72.5689 -84.1873 396.0584 0.989482 -0.14305 0.021511 0.0682 0.330174 -0.941453 0.127572 0.933018 0.336457 754.dat
1 16 72.1905 -83.3109 398.6365 0.991843 -0.125962 0.019532 0.056148 0.29417 -0.954102 0.114435 0.947416 0.298843 754.dat
1 16 71.8565 -82.5287 401.2511 0.993585 -0.111772 0.017195 0.046334 0.263655 -0.963504 0.103159 0.95812 0.267143 754.dat
1 16 71.5852 -81.8874 403.6517 0.994995 -0.098811 0.014892 0.0379 0.235273 -0.97119 0.092461 0.966893 0.237841 754.dat
1 16 71.3476 -81.32 406.0746 0.99603 -0.088124 0.012625 0.031092 0.211465 -0.976891 0.083418 0.973405 0.213366 754.dat
1 16 71.1147 -80.76 408.7565 0.996955 -0.077259 0.010608 0.024934 0.186911 -0.98206 0.07389 0.979334 0.188268 754.dat
1 16 70.9118 -80.2678 411.4541 0.997754 -0.066401 0.008797 0.019479 0.161989 -0.9866 0.064087 0.984556 0.162918 754.dat
1 16 70.7504 -79.8736 413.9174 0.998232 -0.059014 0.007109 0.015605 0.144786 -0.98934 0.057356 0.987702 0.145451 754.dat
1 16 70.6087 -79.5254 416.3887 0.998612 -0.052368 0.005643 0.012376 0.129159 -0.991547 0.051197 0.99024 0.129628 754.dat
1 16 70.4723 -79.1882 419.1143 0.999035 -0.043697 0.004416 0.009142 0.108549 -0.994049 0.042958 0.99313 0.108844 754.dat
1 16 70.3576 -78.9029 421.8469 0.999293 -0.037434 0.003355 0.006844 0.093472 -0.995598 0.036956 0.994918 0.093662 754.dat
1 16 70.2681 -78.6792 424.3351 0.99952 -0.03088 0.002469 0.004859 0.077543 -0.996977 0.030596 0.996511 0.077656 754.dat
1 16 70.1946 -78.4945 426.8271 0.999644 -0.026608 0.001749 0.00353 0.067066 -0.997742 0.026431 0.997394 0.067137 754.dat
1 16 70.1273 -78.3245 429.5709 0.999801 -0.019932 0.001165 0.002172 0.050536 -0.99872 0.019848 0.998523 0.05057 754.dat
1 16 70.0771 -78.1971 432.3174 0.999892 -0.014671 0.000715 0.001262 0.037367 -0.999301 0.014634 0.999194 0.037381 754.dat
1 16 70.0433 -78.1109 434.8156 0.999949 -0.010089 0.000385 0.000645 0.025791 -0.999667 0.010076 0.999616 0.025796 754.dat
1 16 70.0209 -78.0537 437.3148 0.999977 -0.006818 0.000172 0.000291 0.017473 -0.999847 0.006814 0.999824 0.017474 754.dat
1 16 70.0056 -78.0144 440.0644 0.999996 -0.002896 0.000043 0.000064 0.00745 -0.999972 0.002895 0.999968 0.00745 754.dat
1 7 0 -54 80 0 0 -1 0 1 0 1 0 0 3673.dat
