0 
0 Name: New Model.ldr
0 Author: 
1 4 500 -38 -252 0.819 0 0.574 0 1 0 -0.574 0 0.819 3888ac02.dat
1 4 431.12 -62 -350.28 0.819 0 0.574 0 1 0 -0.574 0 0.819 3001.dat
1 4 448.34 -62 -325.71 0.819 0 0.574 0 1 0 -0.574 0 0.819 3004.dat
1 4 436.86 -86 -342.09 0.574 0 -0.819 0 1 0 0.819 0 0.574 3002.dat
1 4 423.77 -86 -308.49 0.819 0 0.574 0 1 0 -0.574 0 0.819 3995.dat
1 4 472.91 -86 -342.93 0.819 0 0.574 0 1 0 -0.574 0 0.819 3996.dat
1 4 522.96 -62 -219.24 0.819 0 0.574 0 1 0 -0.574 0 0.819 3001.dat
1 4 541.02 -62 -158.62 0.574 0 -0.819 0 1 0 0.819 0 0.574 3001.dat
1 4 573.78 -62 -181.58 0.574 0 -0.819 0 1 0 0.819 0 0.574 3001.dat
1 14 448.34 -158 -325.71 0.819 0 0.574 0 1 0 -0.574 0 0.819 281.dat
1 4 498.39 -86 -202.02 0.574 0 -0.819 0 1 0 0.819 0 0.574 3004.dat
1 4 547.53 -86 -236.46 0.574 0 -0.819 0 1 0 0.819 0 0.574 3004.dat
1 4 557.4 -86 -170.1 0.574 0 -0.819 0 1 0 0.819 0 0.574 3403.dat
1 4 557.4 -86 -170.1 0.998732 0 0.052682 0 1 0 -0.052682 0 0.998732 3404.dat
1 4 419.64 -50 -366.66 0.819 0.574 0 0 0 -1 -0.574 0.819 0 190265a.dat
