0 
0 Name: New Model.ldr
0 Author: 
1 14 -156 -38 -252 0.208 0 -0.978 0 1 0 0.978 0 0.208 3888ac02.dat
1 1 -67.98 -62 -270.72 0.208 0 -0.978 0 1 0 0.978 0 0.208 3004.dat
1 1 -48.42 -86 -274.88 -0.978 0 -0.208 0 1 0 0.208 0 -0.978 3002.dat
1 1 -74.22 -86 -300.06 0.208 0 -0.978 0 1 0 0.978 0 0.208 3995.dat
1 1 -61.74 -86 -241.38 0.208 0 -0.978 0 1 0 0.978 0 0.208 3996.dat
1 1 -42.8 -62 -296.52 0.208 0 -0.978 0 1 0 0.978 0 0.208 3003.dat
1 1 -34.48 -62 -257.4 0.208 0 -0.978 0 1 0 0.978 0 0.208 3003.dat
1 14 -67.98 -158 -270.72 0.208 0 -0.978 0 1 0 0.978 0 0.208 281.dat
1 1 -230.08 -158 -215.8 -0.978 0 -0.208 0 1 0 0.208 0 -0.978 u9370.dat
1 1 -238.4 -158 -254.92 0.978 0 0.208 0 1 0 -0.208 0 0.978 u9370.dat
1 14 -214.68 -166 -239.52 -0.978 0 -0.208 0 1 0 0.208 0 -0.978 3035.dat
1 1 -19.08 -50 -281.12 0.208 -0.978 0 0 0 -1 0.978 0.208 0 190265b.dat
