0 Main
0 Name: 6770-1 - Lunar Transporter Patroller.mpd
0 Author: LTRON
1 15 0 0 0 1 0 0 0 1 0 0 0 1 2419.dat
1 0 0 0 190 -1 0 0 0 1 0 0 0 -1 3731.dat
1 15 0 -8 90 0 0 -1 0 1 0 1 0 0 3832.dat
1 0 0 -8 -20 1 0 0 0 1 0 0 0 1 2412.dat
1 0 20 0 150 1 0 0 0 1 0 0 0 1 2444.dat
1 0 -20 0 150 -1 0 0 0 1 0 0 0 -1 2444.dat
1 0 20 0 70 1 0 0 0 1 0 0 0 1 2444.dat
1 0 -20 0 70 -1 0 0 0 1 0 0 0 -1 2444.dat
1 0 0 8 90 0 0 -1 0 1 0 1 0 0 3832.dat
1 15 0 -16 90 0 0 -1 0 1 0 1 0 0 3020.dat
1 7 40 10 150 1 0 0 0 1 0 0 0 1 3749.dat
1 7 -40 10 150 -1 0 0 0 1 0 0 0 -1 3749.dat
1 7 40 10 70 1 0 0 0 1 0 0 0 1 3749.dat
1 7 -40 10 70 -1 0 0 0 1 0 0 0 -1 3749.dat
1 15 30 -24 60 1 0 0 0 1 0 0 0 1 4286.dat
1 15 -30 -24 60 1 0 0 0 1 0 0 0 1 4286.dat
1 15 30 -24 130 0 0 1 0 1 0 -1 0 0 3009.dat
1 15 -30 -24 130 0 0 1 0 1 0 -1 0 0 3009.dat
1 15 30 -32 140 0 0 1 0 1 0 -1 0 0 3024.dat
1 15 -30 -32 140 0 0 1 0 1 0 -1 0 0 3024.dat
1 36 30 -40 140 0 0 1 0 1 0 -1 0 0 3024.dat
1 36 -30 -40 140 0 0 1 0 1 0 -1 0 0 3024.dat
1 15 30 -48 140 1 0 0 0 1 0 0 0 1 4085.dat
1 15 -30 -48 140 1 0 0 0 1 0 0 0 1 4085.dat
1 0 10 -24 40 0.984808 0 -0.173648 0 1 0 0.173648 0 0.984808 4735.dat
1 0 -10 -24 40 0.984808 0 0.173648 0 1 0 -0.173648 0 0.984808 4735.dat
1 0 0 -24 100 1 0 0 0 1 0 0 0 1 4598.dat
1 15 0 -44 138 1 0 0 0 0 -1 0 1 0 3941.dat
1 0 0 -44 162 1 0 0 0 0 -1 0 1 0 4591.dat
1 0 30 -32 120 1 0 0 0 1 0 0 0 1 3957.dat
1 0 -30 -32 120 1 0 0 0 1 0 0 0 1 3957.dat
1 15 0 -48 60 1 0 0 0 1 0 0 0 1 2432.dat
1 15 30 -40 70 0 0 -1 0 1 0 1 0 0 4531.dat
1 15 -30 -40 70 0 0 -1 0 1 0 1 0 0 4531.dat
1 0 30 -45.318 65.228 0 0 -1 -0.965926 0.258819 0 0.258819 0.965926 0 2433.dat
1 0 -30 -54 68.824 0 0 -1 -0.866025 0.5 0 0.5 0.866025 0 2433.dat
1 15 50 10 70 0 0 -1 0 1 0 1 0 0 3482.dat
1 256 50 10 70 0 0 -1 0 1 0 1 0 0 2346.dat
1 15 -50 10 70 0 0 1 0 1 0 -1 0 0 3482.dat
1 256 -50 10 70 0 0 1 0 1 0 -1 0 0 2346.dat
1 15 50 10 150 0 0 -1 0 1 0 1 0 0 3482.dat
1 256 50 10 150 0 0 -1 0 1 0 1 0 0 2346.dat
1 15 -50 10 150 0 0 1 0 1 0 -1 0 0 3482.dat
1 256 -50 10 150 0 0 1 0 1 0 -1 0 0 2346.dat
1 15 84.573 0 434.177 -0.92388 0 -0.382683 0 1 0 0.382683 0 -0.92388 2419.dat
1 0 11.8632 0 258.6398 0.92388 0 0.382683 0 1 0 -0.382683 0 0.92388 3730.dat
1 15 50.1315 -8 351.0278 -0.382683 0 0.92388 0 1 0 -0.92388 0 -0.382683 3832.dat
1 0 45.6482 0 287.9413 0.92388 0 0.382683 0 1 0 -0.382683 0 0.92388 2444.dat
1 0 8.693 0 303.2487 -0.92388 0 -0.382683 0 1 0 0.382683 0 -0.92388 2444.dat
1 0 76.2628 0 361.8517 0.92388 0 0.382683 0 1 0 -0.382683 0 0.92388 2444.dat
1 0 39.3076 0 377.1591 -0.92388 0 -0.382683 0 1 0 0.382683 0 -0.92388 2444.dat
1 0 50.1315 8 351.0278 -0.382683 0 0.92388 0 1 0 -0.92388 0 -0.382683 3832.dat
1 7 94.7404 10 354.1981 0.92388 0 0.382683 0 1 0 -0.382683 0 0.92388 3749.dat
1 7 20.83 10 384.8127 -0.92388 0 -0.382683 0 1 0 0.382683 0 -0.92388 3749.dat
1 7 64.1257 10 280.2877 0.92388 0 0.382683 0 1 0 -0.382683 0 0.92388 3749.dat
1 7 -9.7846 10 310.9023 -0.92388 0 -0.382683 0 1 0 0.382683 0 -0.92388 3749.dat
1 15 8.0364 -8 249.401 -0.92388 0 -0.382683 0 1 0 0.382683 0 -0.92388 4590.dat
1 15 58.7138 -8 293.3533 -0.92388 0 -0.382683 0 1 0 0.382683 0 -0.92388 3070.dat
1 15 81.6748 -8 348.7861 -0.92388 0 -0.382683 0 1 0 0.382683 0 -0.92388 3070.dat
1 15 3.281 -8 316.3143 -0.92388 0 -0.382683 0 1 0 0.382683 0 -0.92388 3070.dat
1 15 26.242 -8 371.7471 -0.92388 0 -0.382683 0 1 0 0.382683 0 -0.92388 3070.dat
1 0 108.4626 -32 413.4577 0.382683 0 -0.92388 0 1 0 0.92388 0 0.382683 2432.dat
1 0 53.0298 -32 436.4187 -0.382683 0 0.92388 0 1 0 -0.92388 0 -0.382683 2432.dat
1 0 70.1943 -48 321.0697 -0.382683 0 0.92388 0 1 0 -0.92388 0 -0.382683 2486.dat
1 0 14.7615 -48 344.0307 -0.382683 0 0.92388 0 1 0 -0.92388 0 -0.382683 2486.dat
1 0 70.1943 -56 321.0697 -0.382683 0 0.92388 0 1 0 -0.92388 0 -0.382683 3666.dat
1 0 14.7615 -56 344.0307 -0.382683 0 0.92388 0 1 0 -0.92388 0 -0.382683 3666.dat
1 15 73.3645 10 276.4608 0.382683 0 -0.92388 0 1 0 0.92388 0 0.382683 3482.dat
1 256 73.3645 10 276.4608 0.382683 0 -0.92388 0 1 0 0.92388 0 0.382683 2346.dat
1 15 -19.0235 10 314.7292 -0.382683 0 0.92388 0 1 0 -0.92388 0 -0.382683 3482.dat
1 256 -19.0235 10 314.7292 -0.382683 0 0.92388 0 1 0 -0.92388 0 -0.382683 2346.dat
1 15 103.9792 10 350.3712 0.382683 0 -0.92388 0 1 0 0.92388 0 0.382683 3482.dat
1 256 103.9792 10 350.3712 0.382683 0 -0.92388 0 1 0 0.92388 0 0.382683 2346.dat
1 15 11.5912 10 388.6396 -0.382683 0 0.92388 0 1 0 -0.92388 0 -0.382683 3482.dat
1 256 11.5912 10 388.6396 -0.382683 0 0.92388 0 1 0 -0.92388 0 -0.382683 2346.dat
1 15 42.4779 -112 332.5502 0.92388 0 0.382683 0 1 0 -0.382683 0 0.92388 4760.dat
1 15 53.9584 -120 360.2666 0.92388 0 0.382683 0 1 0 -0.382683 0 0.92388 4755.dat
1 15 4.2096 -120 240.1622 -0.382683 0 0.92388 0 1 0 -0.92388 0 -0.382683 4758.dat
1 15 42.4779 -128 332.5502 -0.382683 0 0.92388 0 1 0 -0.92388 0 -0.382683 4757.dat
1 15 -3.4441 -128 221.6846 -0.382683 0 0.92388 0 1 0 -0.92388 0 -0.382683 3022.dat
1 15 5.7947 -136 217.8578 0.382683 0 -0.92388 0 1 0 0.92388 0 0.382683 2436.dat
1 15 -12.6829 -136 225.5114 -0.382683 0 0.92388 0 1 0 -0.92388 0 -0.382683 2436.dat
1 15 21.7586 -136 308.6606 -0.382683 0 0.92388 0 1 0 -0.92388 0 -0.382683 4085.dat
1 15 40.2362 -136 301.007 0.382683 0 -0.92388 0 1 0 0.92388 0 0.382683 4085.dat
1 15 63.1972 -136 356.4398 0.382683 0 -0.92388 0 1 0 0.92388 0 0.382683 4085.dat
1 15 44.7196 -136 364.0934 -0.382683 0 0.92388 0 1 0 -0.92388 0 -0.382683 4085.dat
1 15 -22.5782 -136 175.4906 -0.92388 0 -0.382683 0 1 0 0.382683 0 -0.92388 73664.dat
1 0 47.2333 -144 265.6369 0.382683 0 -0.92388 0 1 0 0.92388 0 0.382683 2432.dat
1 0 -8.1995 -144 288.5979 -0.382683 0 0.92388 0 1 0 -0.92388 0 -0.382683 2432.dat
1 0 70.1943 -136 321.0697 0.382683 0 -0.92388 0 1 0 0.92388 0 0.382683 3937.dat
1 0 14.7615 -136 344.0307 -0.382683 0 0.92388 0 1 0 -0.92388 0 -0.382683 3937.dat
1 15 74.8137 -134.6602 319.1563 -0.382683 -0.46194 0.800103 0 0.866025 0.5 -0.92388 0.191341 -0.331413 3938.dat
1 15 78.5092 -141.5885 317.6255 0.382683 -0.46194 -0.800103 0 0.866025 -0.5 0.92388 0.191341 0.331413 4623.dat
1 15 97.9592 -134.0526 309.5691 -0.382683 0.46194 -0.800103 0 -0.866025 -0.5 -0.92388 -0.191341 0.331413 4589.dat
1 15 109.0458 -154.8371 304.9769 -0.382683 0.46194 -0.800103 0 -0.866025 -0.5 -0.92388 -0.191341 0.331413 3960.dat
1 36 114.5891 -165.2294 302.6808 -0.382683 0.46194 -0.800103 0 -0.866025 -0.5 -0.92388 -0.191341 0.331413 3062.dat
1 15 10.1421 -134.6602 345.9441 0.382683 0.46194 -0.800103 0 0.866025 0.5 0.92388 -0.191341 0.331413 3938.dat
1 15 6.4465 -141.5885 347.4748 -0.382683 0.46194 0.800103 0 0.866025 -0.5 -0.92388 -0.191341 -0.331413 4623.dat
1 15 -13.0035 -134.0526 355.5313 0.382683 -0.46194 0.800103 0 -0.866025 -0.5 0.92388 0.191341 -0.331413 4589.dat
1 15 -24.09 -154.8371 360.1235 0.382683 -0.46194 0.800103 0 -0.866025 -0.5 0.92388 0.191341 -0.331413 3960.dat
1 36 -29.6333 -165.2294 362.4196 0.382683 -0.46194 0.800103 0 -0.866025 -0.5 0.92388 0.191341 -0.331413 3062.dat
1 0 61.612 -160 378.7442 0.92388 0 0.382683 0 1 0 -0.382683 0 0.92388 4083.dat
1 15 42.4779 -160 332.5502 0.92388 0 0.382683 0 1 0 -0.382683 0 0.92388 4774.dat
1 0 4.2096 -144 240.1622 -0.382683 0 0.92388 0 1 0 -0.92388 0 -0.382683 3034.dat
1 36 5.1382 -136 164.0101 -0.382683 0 0.92388 0 1 0 -0.92388 0 -0.382683 4770.dat
1 34 -50.2946 -136 186.9711 -0.382683 0 0.92388 0 1 0 -0.92388 0 -0.382683 4770.dat
1 0 58.7138 -120 293.3533 -0.382683 0 0.92388 0 1 0 -0.92388 0 -0.382683 3957.dat
1 0 81.6748 -120 348.7861 -0.382683 0 0.92388 0 1 0 -0.92388 0 -0.382683 3957.dat
1 0 26.242 -120 371.7471 -0.382683 0 0.92388 0 1 0 -0.92388 0 -0.382683 3957.dat
1 0 3.281 -120 316.3143 -0.382683 0 0.92388 0 1 0 -0.92388 0 -0.382683 3957.dat
1 15 -18.7514 -112 184.7294 -0.382683 0 0.92388 0 1 0 -0.92388 0 -0.382683 4285.dat
