0 Main
0 Name: 8855-1 - Prop Plane - Space Shuttle.mpd
0 Author: LTRON
1 14 -20 -24 -140 0 0 -1 0 1 0 1 0 0 3703.dat
1 14 -20 -24 160 0 0 -1 0 1 0 1 0 0 3895.dat
1 14 -20 0 -300 0 0 -1 0 1 0 1 0 0 3710.dat
1 14 -20 0 20 0 0 -1 0 1 0 1 0 0 3460.dat
1 14 -20 0 260 0 0 -1 0 1 0 1 0 0 3460.dat
1 14 -20 -24 -340 0 0 1 0 1 0 -1 0 0 2743.dat
1 14 -20 -24 340 0 0 -1 0 1 0 1 0 0 2744.dat
1 14 120 -24 -340 0 0 1 0 1 0 -1 0 0 2743.dat
1 14 120 -24 -140 0 0 -1 0 1 0 1 0 0 3703.dat
1 14 120 -24 160 0 0 -1 0 1 0 1 0 0 3895.dat
1 14 120 0 -300 0 0 -1 0 1 0 1 0 0 3710.dat
1 14 120 0 20 0 0 -1 0 1 0 1 0 0 3460.dat
1 14 120 0 260 0 0 -1 0 1 0 1 0 0 3460.dat
1 14 120 -24 340 0 0 -1 0 1 0 1 0 0 2744.dat
1 14 60 -24 -180 0 0 1 0 1 0 -1 0 0 3703.dat
1 14 80 -24 40 0 0 1 0 1 0 -1 0 0 3703.dat
1 14 40 -24 -180 0 0 1 0 1 0 -1 0 0 3703.dat
1 14 20 -24 40 0 0 1 0 1 0 -1 0 0 3703.dat
1 0 50 -14 -320 1 0 0 0 1 0 0 0 1 4459.dat
1 0 70 -14 -100 1 0 0 0 1 0 0 0 1 4459.dat
1 0 70 -14 -40 1 0 0 0 1 0 0 0 1 4459.dat
1 0 30 -14 -100 1 0 0 0 1 0 0 0 1 4459.dat
1 0 30 -14 -40 1 0 0 0 1 0 0 0 1 4459.dat
1 0 130 -14 -280 1 0 0 0 1 0 0 0 1 4459.dat
1 0 130 -14 -200 1 0 0 0 1 0 0 0 1 4459.dat
1 0 130 -14 -180 1 0 0 0 1 0 0 0 1 4459.dat
1 0 130 -14 -100 1 0 0 0 1 0 0 0 1 4459.dat
1 0 130 -14 60 1 0 0 0 1 0 0 0 1 4459.dat
1 0 130 -14 320 1 0 0 0 1 0 0 0 1 4459.dat
1 0 -30 -14 -280 1 0 0 0 1 0 0 0 1 4459.dat
1 0 -30 -14 -200 1 0 0 0 1 0 0 0 1 4459.dat
1 0 -30 -14 -180 1 0 0 0 1 0 0 0 1 4459.dat
1 0 -30 -14 -100 1 0 0 0 1 0 0 0 1 4459.dat
1 0 -30 -14 60 1 0 0 0 1 0 0 0 1 4459.dat
1 0 -30 -14 320 1 0 0 0 1 0 0 0 1 4459.dat
1 0 -10 -14 -220 1 0 0 0 1 0 0 0 1 4459.dat
1 7 130 -14 160 1 0 0 0 0.9981 -0.0623 0 0.0623 0.9981 3749.dat
1 0 50 -14 180 1 0 0 0 1 0 0 0 1 3707.dat
1 0 120 -14 200 1 0 0 0 0.991 -0.1336 0 0.1336 0.991 4519.dat
1 7 100 -14 200 0 0 -1 -0.1336 0.991 0 0.991 0.1336 0 3647.dat
1 7 0 -14 180 0 0 1 0 1 0 -1 0 0 3713.dat
1 7 65 -14 180 0 0 -1 0 1 0 1 0 0 4265.dat
1 7 35 -14 180 0 0 1 0 1 0 -1 0 0 4265.dat
1 7 50 -32.0637 188.585 -1 0 0 0 -0.4293 -0.9032 0 -0.9032 0.4293 3651.dat
1 0 50 -77.223 210.048 0 0 -1 0.9032 -0.4293 0 -0.4293 -0.9032 0 3706.dat
1 14 -120 -24 -20 0 0 1 0 1 0 -1 0 0 2743.dat
1 14 -120 0 60 0 0 -1 0 1 0 1 0 0 3460.dat
1 14 -120 0 260 0 0 -1 0 1 0 1 0 0 3460.dat
1 14 -120 -24 160 0 0 -1 0 1 0 1 0 0 3895.dat
1 14 -120 -24 340 0 0 -1 0 1 0 1 0 0 2744.dat
1 14 -70 -24 30 1 0 0 0 1 0 0 0 1 3894.dat
1 0 -130 -14 180 1 0 0 0 1 0 0 0 1 4459.dat
1 0 -110 -14 220 1 0 0 0 1 0 0 0 1 4459.dat
1 14 170 -24 30 1 0 0 0 1 0 0 0 1 3894.dat
1 14 220 -24 160 0 0 -1 0 1 0 1 0 0 3895.dat
1 14 220 -24 -20 0 0 1 0 1 0 -1 0 0 2743.dat
1 14 220 -24 340 0 0 -1 0 1 0 1 0 0 2744.dat
1 0 230 -14 180 1 0 0 0 1 0 0 0 1 4459.dat
1 0 210 -14 220 1 0 0 0 1 0 0 0 1 4459.dat
1 14 220 0 60 0 0 -1 0 1 0 1 0 0 3460.dat
1 14 220 0 260 0 0 -1 0 1 0 1 0 0 3460.dat
1 0 170 -14 120 1 0 0 0 0.991 -0.1336 0 0.1336 0.991 3737.dat
1 7 140 -14 200 0 0 -1 -0.1336 0.991 0 0.991 0.1336 0 4019.dat
1 7 140 -14 160 0 0 -1 -0.0623 0.9981 0 0.9981 0.0623 0 4019.dat
1 7 140 -14 120 0 0 -1 -0.1336 0.991 0 0.991 0.1336 0 4019.dat
1 7 100 -14 180 0 0 -1 0 1 0 1 0 0 3713.dat
1 14 140 -24 -200 0 0 1 0 1 0 -1 0 0 2743.dat
1 14 -40 -24 -200 0 0 1 0 1 0 -1 0 0 2743.dat
1 14 120 -32 -310 0 0 -1 0 1 0 1 0 0 3623.dat
1 14 60 -32 -310 0 0 -1 0 1 0 1 0 0 3623.dat
1 14 40 -32 -310 0 0 -1 0 1 0 1 0 0 3623.dat
1 14 -20 -32 -310 0 0 -1 0 1 0 1 0 0 3623.dat
1 7 200 -14 120 0 0 1 0.1336 0.991 0 -0.991 0.1336 0 3713.dat
1 14 -130 -24 290 1 0 0 0 1 0 0 0 1 3703.dat
1 14 230 -24 290 1 0 0 0 1 0 0 0 1 3703.dat
1 14 50 -24 290 1 0 0 0 1 0 0 0 1 3700.dat
1 14 50 -24 310 1 0 0 0 1 0 0 0 1 3894.dat
1 14 -290 -24 270 1 0 0 0 1 0 0 0 1 3702.dat
1 14 390 -24 270 1 0 0 0 1 0 0 0 1 3702.dat
1 14 470 -24 290 1 0 0 0 1 0 0 0 1 3702.dat
1 14 -370 -24 290 1 0 0 0 1 0 0 0 1 3702.dat
1 0 10 -14 300 0 0 -1 0 1 0 1 0 0 4459.dat
1 0 50 -14 300 0 0 -1 0 1 0 1 0 0 4459.dat
1 0 90 -14 300 0 0 -1 0 1 0 1 0 0 4459.dat
1 0 -230 -14 280 0 0 -1 0 1 0 1 0 0 4459.dat
1 0 -270 -14 280 0 0 -1 0 1 0 1 0 0 4459.dat
1 0 -310 -14 280 0 0 -1 0 1 0 1 0 0 4459.dat
1 0 -350 -14 280 0 0 -1 0 1 0 1 0 0 4459.dat
1 0 330 -14 280 0 0 -1 0 1 0 1 0 0 4459.dat
1 0 370 -14 280 0 0 -1 0 1 0 1 0 0 4459.dat
1 0 410 -14 280 0 0 -1 0 1 0 1 0 0 4459.dat
1 0 450 -14 280 0 0 -1 0 1 0 1 0 0 4459.dat
1 7 240 -14 120 0 0 -1 -0.1336 0.991 0 0.991 0.1336 0 3713.dat
1 14 120 -32 20 0 0 -1 0 1 0 1 0 0 3460.dat
1 14 -20 -32 20 0 0 -1 0 1 0 1 0 0 3460.dat
1 14 220 -32 20 0 0 -1 0 1 0 1 0 0 3710.dat
1 14 -120 -32 20 0 0 -1 0 1 0 1 0 0 3710.dat
1 14 50 -32 -270 1 0 0 0 1 0 0 0 1 3460.dat
1 14 140 -32 -190 0 0 -1 0 1 0 1 0 0 2420.dat
1 14 -40 -32 -190 1 0 0 0 1 0 0 0 1 2420.dat
1 14 420 0 240 0 0 -1 0 1 0 1 0 0 3666.dat
1 14 -320 0 240 0 0 -1 0 1 0 1 0 0 3666.dat
1 14 -320 -24 180 0 0 1 0 1 0 -1 0 0 2743.dat
1 14 420 -24 180 0 0 1 0 1 0 -1 0 0 2743.dat
1 14 320 0 240 0 0 -1 0 1 0 1 0 0 4477.dat
1 14 -220 0 240 0 0 -1 0 1 0 1 0 0 4477.dat
1 14 -220 -24 140 0 0 1 0 1 0 -1 0 0 2743.dat
1 14 320 -24 140 0 0 1 0 1 0 -1 0 0 2743.dat
1 14 320 -24 340 0 0 -1 0 1 0 1 0 0 2744.dat
1 14 -220 -24 340 0 0 -1 0 1 0 1 0 0 2744.dat
1 14 -20 -32 260 0 0 -1 0 1 0 1 0 0 3460.dat
1 14 120 -32 260 0 0 -1 0 1 0 1 0 0 3460.dat
1 14 220 -32 260 0 0 -1 0 1 0 1 0 0 3460.dat
1 14 -120 -32 260 0 0 -1 0 1 0 1 0 0 3460.dat
1 14 50 -32 290 1 0 0 0 1 0 0 0 1 3666.dat
1 7 255 -14 120 0 0 1 0.1336 0.991 0 -0.991 0.1336 0 4265.dat
1 14 120 -40 -280 0 0 -1 0 1 0 1 0 0 3023.dat
1 14 -20 -40 -280 0 0 -1 0 1 0 1 0 0 3023.dat
1 14 -440 0 280 0 0 -1 0 1 0 1 0 0 3666.dat
1 14 540 0 280 0 0 -1 0 1 0 1 0 0 3666.dat
1 14 -440 -24 220 0 0 1 0 1 0 -1 0 0 2743.dat
1 14 540 -24 220 0 0 1 0 1 0 -1 0 0 2743.dat
1 14 -440 -24 340 0 0 -1 0 1 0 1 0 0 2744.dat
1 14 540 -24 340 0 0 -1 0 1 0 1 0 0 2744.dat
1 7 -460 -14 340 0 0 1 0 1 0 -1 0 0 3713.dat
1 7 560 -14 340 0 0 -1 0 1 0 1 0 0 3713.dat
1 0 540 -14 340 1 0 0 0 1 0 0 0 1 4519.dat
1 0 -440 -14 340 1 0 0 0 1 0 0 0 1 4519.dat
1 7 520 -14 340 0 0 1 -1 0 0 0 -1 0 4273.dat
1 7 -420 -14 340 0 0 -1 -1 0 0 0 1 0 4273.dat
1 14 -320 -32 240 0 0 -1 0 1 0 1 0 0 3666.dat
1 14 420 -32 240 0 0 -1 0 1 0 1 0 0 3666.dat
1 14 -220 -32 240 0 0 -1 0 1 0 1 0 0 4477.dat
1 14 320 -32 240 0 0 -1 0 1 0 1 0 0 4477.dat
1 0 320 -14 340 1 0 0 0 1 0 0 0 1 4519.dat
1 0 210 -14 340 1 0 0 0 1 0 0 0 1 3705.dat
1 7 340 -14 340 0 0 -1 -1 0 0 0 1 0 4273.dat
1 7 240 -14 340 0 0 -1 0 1 0 1 0 0 3712.dat
1 7 300 -14 340 0 0 1 -1 0 0 0 -1 0 3712.dat
1 7 270 -14 340 0 0 1 -1 0 0 0 -1 0 3326.dat
1 0 -220 -14 340 1 0 0 0 1 0 0 0 1 4519.dat
1 0 -110 -14 340 1 0 0 0 1 0 0 0 1 3705.dat
1 7 -240 -14 340 0 0 1 -1 0 0 0 -1 0 4273.dat
1 7 -140 -14 340 0 0 1 0 -1 0 1 0 0 3712.dat
1 7 -200 -14 340 0 0 -1 -1 0 0 0 1 0 3712.dat
1 7 -170 -14 340 0 0 1 0 -1 0 1 0 0 3326.dat
1 0 -90 -14 295 0 0 1 0 1 0 -1 0 0 4519.dat
1 0 190 -14 295 0 0 1 0 1 0 -1 0 0 4519.dat
1 7 -90 -14 305 0 -1 0 -1 0 0 0 0 -1 4265.dat
1 7 190 -14 305 0 -1 0 -1 0 0 0 0 -1 4265.dat
1 7 260 -8.6544 80.3588 0 1 0 -0.991 0 -0.1336 -0.1336 0 0.991 4261.dat
1 14 120 -64 -280 0 0 -1 0 1 0 1 0 0 3700.dat
1 14 -20 -64 -280 0 0 -1 0 1 0 1 0 0 3700.dat
1 14 120 -40 320 0 0 -1 0 1 0 1 0 0 3023.dat
1 14 -20 -40 320 0 0 -1 0 1 0 1 0 0 3023.dat
1 0 130 -54 -280 1 0 0 0 1 0 0 0 1 4459.dat
1 0 -30 -54 -280 1 0 0 0 1 0 0 0 1 4459.dat
1 14 120 -64 320 0 0 -1 0 1 0 1 0 0 3700.dat
1 14 -20 -64 320 0 0 -1 0 1 0 1 0 0 3700.dat
1 7 -20 -72 -280 0 0 -1 0 1 0 1 0 0 3023.dat
1 7 120 -72 -280 0 0 -1 0 1 0 1 0 0 3023.dat
1 0 130 -54 320 1 0 0 0 1 0 0 0 1 4459.dat
1 0 -30 -54 320 1 0 0 0 1 0 0 0 1 4459.dat
1 14 -440 -32 280 0 0 -1 0 1 0 1 0 0 3666.dat
1 14 540 -32 280 0 0 -1 0 1 0 1 0 0 3666.dat
1 7 190 -14 320 -1 0 0 0 1 0 0 0 -1 4273.dat
1 7 -90 -14 320 1 0 0 0 -1 0 0 0 -1 4273.dat
1 7 -105 -14 340 0 0 1 -1 0 0 0 -1 0 4265.dat
1 7 -86 -14 340 0 0 -1 -1 0 0 0 1 0 4265.dat
1 7 186 -14 340 0 0 1 -1 0 0 0 -1 0 4265.dat
1 7 205 -14 340 0 0 -1 -1 0 0 0 1 0 4265.dat
1 7 190 -14 275 0 -1 0 -1 0 0 0 0 -1 4265.dat
1 7 -90 -14 275 0 -1 0 -1 0 0 0 0 -1 4265.dat
1 14 430 -21 390 1 0 0 0 1 0 0 0 1 3030.dat
1 7 430 -21 340 1 0 0 0 1 0 0 0 1 4442.dat
1 14 480 -29 360 0 0 -1 0 1 0 1 0 0 3623.dat
1 14 380 -29 360 0 0 -1 0 1 0 1 0 0 3623.dat
1 7 500 -23 340 0 0 -1 -1 0 0 0 1 0 4274.dat
1 7 360 -23 340 0 0 -1 -1 0 0 0 1 0 4274.dat
1 14 480 -13 360 0 0 -1 0 1 0 1 0 0 3623.dat
1 14 380 -13 360 0 0 -1 0 1 0 1 0 0 3623.dat
1 14 -330 -21 390 1 0 0 0 1 0 0 0 1 3030.dat
1 7 -330 -21 340 1 0 0 0 1 0 0 0 1 4442.dat
1 14 -280 -29 360 0 0 -1 0 1 0 1 0 0 3623.dat
1 14 -380 -29 360 0 0 -1 0 1 0 1 0 0 3623.dat
1 7 -260 -23 340 0 0 -1 -1 0 0 0 1 0 4274.dat
1 7 -400 -23 340 0 0 -1 -1 0 0 0 1 0 4274.dat
1 14 -280 -13 360 0 0 -1 0 1 0 1 0 0 3623.dat
1 14 -380 -13 360 0 0 -1 0 1 0 1 0 0 3623.dat
1 7 120 -96 -280 0 0 -1 0 1 0 1 0 0 3700.dat
1 7 -20 -96 -280 0 0 -1 0 1 0 1 0 0 3700.dat
1 14 120 -56 240 0 0 -1 0 1 0 1 0 0 3894.dat
1 14 120 -88 240 0 0 -1 0 1 0 1 0 0 3894.dat
1 14 -20 -56 240 0 0 -1 0 1 0 1 0 0 3894.dat
1 14 -20 -88 240 0 0 -1 0 1 0 1 0 0 3894.dat
1 4 120 -64 240 0 0 -1 0 1 0 1 0 0 3666.dat
1 4 -20 -64 240 0 0 -1 0 1 0 1 0 0 3666.dat
1 4 120 -96 240 0 0 -1 0 1 0 1 0 0 3023.dat
1 4 -20 -96 240 0 0 -1 0 1 0 1 0 0 3023.dat
1 4 120 -96 190 1 0 0 0 1 0 0 0 1 2420.dat
1 4 -20 -96 190 0 0 -1 0 1 0 1 0 0 2420.dat
1 14 120 -96 290 0 0 1 0 1 0 -1 0 0 2420.dat
1 14 -20 -96 290 -1 0 0 0 1 0 0 0 -1 2420.dat
1 14 150 -120 190 1 0 0 0 1 0 0 0 1 3701.dat
1 14 150 -120 290 1 0 0 0 1 0 0 0 1 3701.dat
1 14 -50 -120 190 1 0 0 0 1 0 0 0 1 3701.dat
1 14 -50 -120 290 1 0 0 0 1 0 0 0 1 3701.dat
1 7 0 -34.02 -183.95 0 0 -1 -0.259 0.966 0 0.966 0.259 0 3894.dat
1 7 20 -49.56 -125.99 0 0 -1 -0.259 0.966 0 0.966 0.259 0 3894.dat
1 0 10 -29.54 -162.04 -1 0 0 0 0.966 0.259 0 0.259 -0.966 4459.dat
1 0 10 -34.72 -142.72 -1 0 0 0 0.966 0.259 0 0.259 -0.966 4459.dat
1 0 10 -50.26 -84.76 -1 0 0 0 0.966 0.259 0 0.259 -0.966 4459.dat
1 7 0 -52.0063 -64.8342 1 0 0 0 0.996279 -0.087366 0 0.087366 0.996279 3651.dat
1 7 0 -60.7385 34.796 1 0 0 0 -0.996279 0.087366 0 -0.087366 -0.996279 3651.dat
1 7 20 -64.9197 34.8688 1 0 0 0 -0.992697 -0.121719 0 0.121719 -0.992697 3651.dat
1 7 20 -91.7 -183.5219 -1 0 0 0 -0.992697 0.121719 0 0.121719 0.992697 3651.dat
1 0 10 -62.485 54.7218 -1 0 0 0 0.996279 0.087366 0 0.087366 -0.996279 4459.dat
1 0 30 -94.1346 -203.3756 -1 0 0 0 -0.992697 0.121719 0 0.121719 0.992697 4459.dat
1 0 0 -56.3726 -15.0186 0 0 1 0.087366 0.996279 0 -0.996279 0.087366 0 3706.dat
1 0 20 -78.3097 -74.327 0 0 1 0.121719 -0.992697 0 0.992697 0.121719 0 3708.dat
1 0 40 -94.1345 -163.3664 0 0 -1 -1.000237 0 0 0 1.000237 0 4519.dat
1 7 40 -104.1369 -203.3759 1 0 0 0 1.000237 0 0 0 1.000237 4261.dat
1 7 40 -74.1298 -163.3664 1 0 0 0 0 -1.000237 0 1.000237 0 4273.dat
1 7 40 -114.1393 -163.3664 1 0 0 0 0 1.000237 0 -1.000237 0 4273.dat
1 7 40 -54.1251 -143.3617 -1 0 0 0 -1.000237 0 0 0 1.000237 4273.dat
1 7 40 -134.144 -143.3617 -1 0 0 0 -1.000237 0 0 0 1.000237 4273.dat
1 7 50 -54.1251 -163.3664 1 0 0 0 0 1.000237 0 -1.000237 0 4274.dat
1 7 50 -134.144 -163.3664 1 0 0 0 0 1.000237 0 -1.000237 0 4274.dat
1 14 120 -120 -280 0 0 -1 0 1 0 1 0 0 3700.dat
1 14 -20 -120 -280 0 0 -1 0 1 0 1 0 0 3700.dat
1 0 110 -110 -280 1 0 0 0 1 0 0 0 1 4459.dat
1 0 -10 -110 -280 1 0 0 0 1 0 0 0 1 4459.dat
1 14 120 -144 -140 0 0 -1 0 1 0 1 0 0 3703.dat
1 14 120 -144 180 0 0 -1 0 1 0 1 0 0 3703.dat
1 14 -20 -144 -140 0 0 -1 0 1 0 1 0 0 3703.dat
1 14 -20 -144 180 0 0 -1 0 1 0 1 0 0 3703.dat
1 14 150 -144 190 -1 0 0 0 1 0 0 0 -1 3700.dat
1 14 150 -144 290 -1 0 0 0 1 0 0 0 -1 3700.dat
1 14 -50 -144 190 -1 0 0 0 1 0 0 0 -1 3700.dat
1 14 -50 -144 290 -1 0 0 0 1 0 0 0 -1 3700.dat
1 14 180 -144 240 0 0 -1 0 1 0 1 0 0 3894.dat
1 14 -80 -144 240 0 0 -1 0 1 0 1 0 0 3894.dat
1 14 120 -152 20 0 0 -1 0 1 0 1 0 0 3710.dat
1 14 120 -120 20 0 0 -1 0 1 0 1 0 0 3710.dat
1 14 -20 -152 20 0 0 -1 0 1 0 1 0 0 3710.dat
1 14 -20 -120 20 0 0 -1 0 1 0 1 0 0 3710.dat
1 0 130 -134 -280 1 0 0 0 1 0 0 0 1 4459.dat
1 0 130 -134 60 1 0 0 0 1 0 0 0 1 4459.dat
1 0 130 -134 320 1 0 0 0 1 0 0 0 1 4459.dat
1 0 -30 -134 -280 1 0 0 0 1 0 0 0 1 4459.dat
1 0 -30 -134 60 1 0 0 0 1 0 0 0 1 4459.dat
1 0 -30 -134 320 1 0 0 0 1 0 0 0 1 4459.dat
1 14 50 0 -450 1 0 0 0 1 0 0 0 1 3710.dat
1 14 50 0 -480 1 0 0 0 1 0 0 0 1 3022.dat
1 14 50 -24 -460 1 0 0 0 1 0 0 0 1 3003.dat
1 14 80 -24 -450 1 0 0 0 1 0 0 0 1 4287.dat
1 14 60 -24 -490 1 0 0 0 1 0 0 0 1 4287.dat
1 14 40 -24 -490 1 0 0 0 1 0 0 0 1 4287.dat
1 14 20 -24 -450 1 0 0 0 1 0 0 0 1 4287.dat
1 14 50 -32 -520 1 0 0 0 1 0 0 0 1 3022.dat
1 14 50 -32 -450 1 0 0 0 1 0 0 0 1 3710.dat
1 14 50 -32 -480 1 0 0 0 1 0 0 0 1 3020.dat
1 14 100 -32 -440 0 0 -1 0 1 0 1 0 0 3023.dat
1 14 0 -32 -440 0 0 -1 0 1 0 1 0 0 3023.dat
1 14 100 -24 -430 1 0 0 0 1 0 0 0 1 3665.dat
1 14 0 -24 -430 1 0 0 0 1 0 0 0 1 3665.dat
1 14 0 0 -400 0 0 1 0 1 0 -1 0 0 3710.dat
1 14 100 0 -400 0 0 1 0 1 0 -1 0 0 3710.dat
1 14 80 -40 -480 0 0 1 0 1 0 -1 0 0 3023.dat
1 14 20 -40 -480 0 0 1 0 1 0 -1 0 0 3023.dat
1 14 50 -40 -440 1 0 0 0 1 0 0 0 1 3795.dat
1 14 80 -64 -450 1 0 0 0 1 0 0 0 1 3040.dat
1 14 20 -64 -450 1 0 0 0 1 0 0 0 1 3040.dat
1 14 60 -64 -460 0 0 1 0 1 0 -1 0 0 2744.dat
1 14 40 -64 -460 0 0 1 0 1 0 -1 0 0 2744.dat
1 7 0 -24 -360 0 0 -1 0 1 0 1 0 0 3894.dat
1 7 0 -32 -400 0 0 -1 0 1 0 1 0 0 3023.dat
1 7 0 -40 -400 0 0 -1 0 1 0 1 0 0 3023.dat
1 7 0 -32 -320 0 0 -1 0 1 0 1 0 0 3023.dat
1 7 0 -40 -300 0 0 -1 0 1 0 1 0 0 3710.dat
1 7 0 -64 -380 0 0 -1 0 1 0 1 0 0 3702.dat
1 0 -10 -54 -440 1 0 0 0 1 0 0 0 1 4459.dat
1 0 10 -54 -400 1 0 0 0 1 0 0 0 1 4459.dat
1 0 10 -54 -360 1 0 0 0 1 0 0 0 1 4459.dat
1 0 50 -14 -400 1 0 0 0 0 1 0 -1 0 3706.dat
1 7 50 6 -400 1 0 0 0 0 1 0 -1 0 3651.dat
1 7 65 -14 -400 0 0 -1 1 0 0 0 -1 0 4265.dat
1 7 35 -14 -400 0 0 1 -1 0 0 0 -1 0 4265.dat
1 7 20 -34 -390 0 0 -1 1 0 0 0 -1 0 3701.dat
1 7 80 -34 -390 0 0 -1 1 0 0 0 -1 0 3701.dat
1 7 50 -14 -382 1 0 0 0 0 1 0 -1 0 3020.dat
1 7 100 -24 -360 0 0 -1 0 1 0 1 0 0 3894.dat
1 7 100 -32 -400 0 0 -1 0 1 0 1 0 0 3023.dat
1 7 100 -32 -320 0 0 -1 0 1 0 1 0 0 3023.dat
1 7 100 -40 -400 0 0 -1 0 1 0 1 0 0 3023.dat
1 7 100 -40 -300 0 0 -1 0 1 0 1 0 0 3710.dat
1 7 100 -64 -380 0 0 -1 0 1 0 1 0 0 3702.dat
1 0 110 -54 -440 1 0 0 0 1 0 0 0 1 4459.dat
1 0 90 -54 -400 1 0 0 0 1 0 0 0 1 4459.dat
1 0 90 -54 -360 1 0 0 0 1 0 0 0 1 4459.dat
1 7 20 -74 -360 1 0 0 0 0 -1 0 1 0 3651.dat
1 7 80 -74 -360 1 0 0 0 0 -1 0 1 0 3651.dat
1 0 80 -84 -360 0 0 -1 -1 0 0 0 1 0 3704.dat
1 0 20 -84 -360 0 0 -1 -1 0 0 0 1 0 3704.dat
1 0 50 -14 -320 1 0 0 0 1 0 0 0 1 3737.dat
1 7 140 -14 -320 0 0 -1 0 1 0 1 0 0 3713.dat
1 7 -40 -14 -320 0 0 1 0 1 0 -1 0 0 3713.dat
1 14 -30 -152 210 0 0 -1 0 1 0 1 0 0 3021.dat
1 14 -30 -152 270 0 0 -1 0 1 0 1 0 0 3021.dat
1 14 130 -152 210 0 0 -1 0 1 0 1 0 0 3021.dat
1 14 130 -152 270 0 0 -1 0 1 0 1 0 0 3021.dat
1 7 140 -74 330 0 0 -1 1 0 0 0 -1 0 3702.dat
1 7 -40 -74 330 0 0 -1 1 0 0 0 -1 0 3702.dat
1 14 140 -74 -290 0 0 -1 -1 0 0 0 1 0 3702.dat
1 14 -40 -74 -290 0 0 -1 -1 0 0 0 1 0 3702.dat
1 14 140 -74 50 0 0 -1 -1 0 0 0 1 0 3702.dat
1 14 -40 -74 50 0 0 -1 -1 0 0 0 1 0 3702.dat
1 14 50 -126.4865 -40.0384 1 0 0 0 1.000326 0.000089 0 -0.000089 1.000326 3020.dat
1 14 20 -150.479 100.0159 0 0 -1 0.000089 1.000326 0 1.000326 -0.000089 0 3703.dat
1 0 10 -140.4915 -40.0366 1 0 0 0 1.000326 0.000089 0 -0.000089 1.000326 4459.dat
1 0 10 -140.4869 -0.0215 1 0 0 0 1.000326 0.000089 0 -0.000089 1.000326 4459.dat
1 7 10 -140.48 60 1 0 0 0 1.000326 0.000089 0 -0.000089 1.000326 3673.dat
1 0 50 -140.4593 240.0656 1 0 0 0 1.000326 0.000089 0 -0.000089 1.000326 3705.dat
1 7 50 -122.39 231.4753 1 0 0 0 -0.429489 0.90347 0 -0.90347 -0.429489 3651.dat
1 7 35 -140.4593 240.0656 0 0 1 -0.000089 1.000326 0 -1.000326 -0.000089 0 4265.dat
1 7 65 -140.4593 240.0656 0 0 -1 0.000089 1.000326 0 1.000326 -0.000089 0 4265.dat
1 14 50 -150.4964 -50.0389 1 0 0 0 1.000326 0.000089 0 -0.000089 1.000326 3004.dat
1 14 80 -150.479 100.0159 0 0 -1 0.000089 1.000326 0 1.000326 -0.000089 0 3703.dat
1 7 90 -140.48 60 1 0 0 0 1.000326 0.000089 0 -0.000089 1.000326 3673.dat
1 0 90 -140.4869 -0.0215 1 0 0 0 1.000326 0.000089 0 -0.000089 1.000326 4459.dat
1 0 90 -140.4915 -40.0366 1 0 0 0 1.000326 0.000089 0 -0.000089 1.000326 4459.dat
1 14 100 -150.5067 -140.0722 0 0 -1 0.000089 1.000326 0 1.000326 -0.000089 0 3703.dat
1 14 0 -150.5067 -140.0722 0 0 -1 0.000089 1.000326 0 1.000326 -0.000089 0 3703.dat
1 14 0 -146.7 200.27 0 0 -1 0.027 1 0 1 -0.027 0 3703.dat
1 14 0 -150.92 340.486 0 0 -1 0.027 1 0 1 -0.027 0 3023.dat
1 14 0 -153.08 260.486 0 0 -1 0.027 1 0 1 -0.027 0 3023.dat
1 0 50 -134 300 1 0 0 0 1 0.027 0 -0.027 1 3707.dat
1 7 80 -134 300 0 0 1 -0.027 1 0 -1 -0.027 0 3713.dat
1 7 20 -134 300 0 0 -1 0.027 1 0 1 -0.027 0 3713.dat
1 14 0 -158.5247 -270.1186 0 0 -1 0.000089 1.000326 0 1.000326 -0.000089 0 3623.dat
1 14 0 -158.5177 -210.0961 0 0 -1 0.000089 1.000326 0 1.000326 -0.000089 0 3623.dat
1 14 100 -158.5247 -270.1186 0 0 -1 0.000089 1.000326 0 1.000326 -0.000089 0 3623.dat
1 14 100 -158.5177 -210.0961 0 0 -1 0.000089 1.000326 0 1.000326 -0.000089 0 3623.dat
1 14 100 -146.7 200.27 0 0 -1 0.027 1 0 1 -0.027 0 3703.dat
1 14 100 -150.92 340.486 0 0 -1 0.027 1 0 1 -0.027 0 3023.dat
1 14 100 -153.08 260.486 0 0 -1 0.027 1 0 1 -0.027 0 3023.dat
1 14 50 -158.4981 -40.0347 1 0 0 0 1.000326 0.000089 0 -0.000089 1.000326 3020.dat
1 14 50 -158.4866 60.0018 1 0 0 0 1.000326 0.000089 0 -0.000089 1.000326 3020.dat
1 14 50 -158.475 160.0384 1 0 0 0 1.000326 0.000089 0 -0.000089 1.000326 3020.dat
1 14 50 -158.5119 -160.0778 1 0 0 0 1.000326 0.000089 0 -0.000089 1.000326 3795.dat
1 14 100 -182.5311 -250.1084 0 0 -1 0.000089 1.000326 0 1.000326 -0.000089 0 3622.dat
1 14 0 -182.5311 -250.1084 0 0 -1 0.000089 1.000326 0 1.000326 -0.000089 0 3622.dat
1 14 100 -182.5264 -210.0933 -1 0 0 0 1.000326 -0.000089 0 -0.000089 -1.000326 3040.dat
1 14 0 -182.5264 -210.0933 -1 0 0 0 1.000326 -0.000089 0 -0.000089 -1.000326 3040.dat
1 14 10 -190.5316 -230.0999 0 0 1 -0.000089 1.000326 0 -1.000326 -0.000089 0 3021.dat
1 14 90 -190.5316 -230.0999 0 0 1 -0.000089 1.000326 0 -1.000326 -0.000089 0 3021.dat
1 14 50 -198.5358 -240.1022 1 0 0 0 1.000326 0.000089 0 -0.000089 1.000326 3020.dat
1 14 50 -198.5322 -210.0915 1 0 0 0 1.000326 0.000089 0 -0.000089 1.000326 3710.dat
1 14 50 -72 -440 1 0 0 0 1 0 0 0 1 3795.dat
1 14 50 -80 -430 1 0 0 0 1 0 0 0 1 3666.dat
1 0 50 -32 -310 1 0 0 0 1 0 0 0 1 2717.dat
1 14 170 -152 210 0 0 -1 0 1 0 1 0 0 3021.dat
1 14 170 -152 270 0 0 -1 0 1 0 1 0 0 3021.dat
1 14 -70 -152 210 0 0 -1 0 1 0 1 0 0 3021.dat
1 14 -70 -152 270 0 0 -1 0 1 0 1 0 0 3021.dat
1 7 50 26 -400 1 0 0 0 0 -1 0 1 0 3651.dat
1 0 50 46 -400 1 0 0 0 0 -1 0 1 0 3705.dat
1 0 50 16 -400 0 0 -1 -1 0 0 0 1 0 3704.dat
1 14 70 46 -400 0 0 -1 -1 0 0 0 1 0 3482.dat
1 14 30 46 -400 0 0 -1 -1 0 0 0 1 0 3482.dat
1 256 70 46 -400 0 0 -1 -1 0 0 0 1 0 3483.dat
1 256 30 46 -400 0 0 -1 -1 0 0 0 1 0 3483.dat
1 0 82 -78.8465 294.5382 0 1 0 0.771791 0 -0.643461 -0.649103 0 -0.765082 4442.dat
1 7 90 -132.8728 339.9762 -1 0 0 0 0.765082 -0.643461 0 -0.643461 -0.765082 3749.dat
1 7 90 -24.82 249.1 -1 0 0 0 -0.996 -0.086 0 -0.086 0.996 3749.dat
1 7 77 -132.8728 339.9762 0 0 -1 0.643461 0.765082 0 0.765082 -0.643461 0 4265.dat
1 7 77 -24.82 249.1 0 0 -1 0.086 -0.996 0 -0.996 -0.086 0 4265.dat
1 7 100 -14 240 0 0 -1 0.086 -0.996 0 -0.996 -0.086 0 3648.dat
1 0 120 -14 240 -1 0 0 0 -0.996 -0.086 0 -0.086 0.996 4519.dat
1 7 140 -14 240 0 0 -1 -0.0861 0.9963 0 0.9963 0.0861 0 3713.dat
1 14 220 8 220 0 0 -1 0 1 0 1 0 0 3023.dat
1 14 -120 8 220 0 0 -1 0 1 0 1 0 0 3023.dat
1 14 -120 16 220 0 0 -1 0 1 0 1 0 0 3700.dat
1 14 220 16 220 0 0 -1 0 1 0 1 0 0 3700.dat
1 14 200 6 210 0 0 -1 -1 0 0 0 1 0 3701.dat
1 14 -100 6 210 0 0 -1 -1 0 0 0 1 0 3701.dat
1 14 -30 0 -170 0 0 1 0 1 0 -1 0 0 3021.dat
1 14 130 0 -170 0 0 1 0 1 0 -1 0 0 3021.dat
1 14 170 0 30 1 0 0 0 1 0 0 0 1 3710.dat
1 14 -70 0 30 1 0 0 0 1 0 0 0 1 3710.dat
1 14 20 0 300 -1 0 0 0 1 0 0 0 -1 3021.dat
1 14 80 0 300 -1 0 0 0 1 0 0 0 -1 3021.dat
1 14 160 8 -80 0 0 -1 0 1 0 1 0 0 3585.dat
1 14 -60 8 -80 0 0 1 0 1 0 -1 0 0 3586.dat
1 7 -140 16 220 -1 0 0 0 1 0 0 0 -1 4261.dat
1 0 -140 36 180 0 -1 0 -1 0 0 0 0 -1 3705.dat
1 7 -140 6 180 -1 0 0 0 0 1 0 1 0 3651.dat
1 7 -140 66 180 -1 0 0 0 0 -1 0 -1 0 3651.dat
1 7 -140 29 180 0 -1 0 0 0 1 -1 0 0 4265.dat
1 7 -150 86 180 -1 0 0 0 0 1 0 1 0 3749.dat
1 14 -160 86 180 0 0 1 1 0 0 0 1 0 3482.dat
1 256 -160 86 180 0 0 1 1 0 0 0 1 0 3483.dat
1 7 240 16 220 -1 0 0 0 1 0 0 0 -1 4261.dat
1 0 240 36 180 0 -1 0 -1 0 0 0 0 -1 3705.dat
1 7 240 6 180 -1 0 0 0 0 1 0 1 0 3651.dat
1 7 240 66 180 -1 0 0 0 0 -1 0 -1 0 3651.dat
1 7 240 29 180 0 -1 0 0 0 1 -1 0 0 4265.dat
1 7 250 86 180 1 0 0 0 0 1 0 -1 0 3749.dat
1 14 260 86 180 0 0 -1 1 0 0 0 -1 0 3482.dat
1 256 260 86 180 0 0 -1 1 0 0 0 -1 0 3483.dat
1 0 -100 26 220 1 0 0 0 1 0 0 0 1 3706.dat
1 0 200 26 220 1 0 0 0 1 0 0 0 1 3706.dat
1 7 -155 26 220 0 0 -1 0 1 0 1 0 0 4265.dat
1 7 255 26 220 0 0 1 0 1 0 -1 0 0 4265.dat
1 7 185 26 220 0 0 -1 0 1 0 1 0 0 4265.dat
1 7 -85 26 220 0 0 1 0 1 0 -1 0 0 4265.dat
1 7 120 -69.5165 -427.381 1 0 0 0 0.6309 -0.7758 0 0.7758 0.6309 3651.dat
1 0 120 -108.308 -395.834 0 0 -1 -0.7758 0.6309 0 0.6309 0.7758 0 3706.dat
1 7 120 -147.099 -364.286 1 0 0 0 -0.6309 0.7758 0 -0.7758 -0.6309 4273.dat
1 7 120 -164.665 -331.773 -1 0 0 0 -0.9947 -0.1024 0 -0.1024 0.9947 4273.dat
1 0 120 -167.738 -301.931 0 0 -1 -0.1024 0.9947 0 0.9947 0.1024 0 3705.dat
1 7 120 -170.811 -272.088 -1 0 0 0 0.9947 0.1024 0 0.1024 -0.9947 3651.dat
1 0 130 -172.86 -252.194 -1 0 0 0 0.9947 0.1024 0 0.1024 -0.9947 4459.dat
1 7 130 -162.616 -351.668 1 0 0 0 0.6309 -0.7758 0 0.7758 0.6309 4274.dat
1 7 140 -158.418 -238.358 1 0 0 0 0.6917 0.7221 0 -0.7221 0.6917 3651.dat
1 0 140 -93.4268 -176.099 0 0 -1 0.7221 0.6917 0 0.6917 -0.7221 0 3737.dat
1 7 140 -28.4357 -113.841 -1 0 0 0 0.6917 -0.7221 0 -0.7221 -0.6917 3651.dat
1 7 -20 -69.5165 -427.381 1 0 0 0 0.6309 -0.7758 0 0.7758 0.6309 3651.dat
1 0 -20 -108.308 -395.834 0 0 -1 -0.7758 0.6309 0 0.6309 0.7758 0 3706.dat
1 7 -20 -147.099 -364.286 1 0 0 0 -0.6309 0.7758 0 -0.7758 -0.6309 4273.dat
1 7 -20 -164.665 -331.773 -1 0 0 0 -0.9947 -0.1024 0 -0.1024 0.9947 4273.dat
1 0 -20 -167.738 -301.931 0 0 -1 -0.1024 0.9947 0 0.9947 0.1024 0 3705.dat
1 7 -20 -170.811 -272.088 -1 0 0 0 0.9947 0.1024 0 0.1024 -0.9947 3651.dat
1 0 -30 -172.86 -252.194 -1 0 0 0 0.9947 0.1024 0 0.1024 -0.9947 4459.dat
1 7 -10 -162.616 -351.668 1 0 0 0 0.6309 -0.7758 0 0.7758 0.6309 4274.dat
1 7 -40 -158.418 -238.358 1 0 0 0 0.6917 0.7221 0 -0.7221 0.6917 3651.dat
1 0 -40 -93.4268 -176.099 0 0 -1 0.7221 0.6917 0 0.6917 -0.7221 0 3737.dat
1 7 -40 -28.4357 -113.841 -1 0 0 0 0.6917 -0.7221 0 -0.7221 -0.6917 3651.dat
1 14 140 -160 220 1 0 0 0 1 0 0 0 1 3021.dat
1 14 140 -160 260 1 0 0 0 1 0 0 0 1 3021.dat
1 14 -40 -160 220 1 0 0 0 1 0 0 0 1 3021.dat
1 14 -40 -160 260 1 0 0 0 1 0 0 0 1 3021.dat
1 14 50 -161.074 260.7 1 0 0 0 1 0.027 0 -0.027 1 3795.dat
1 14 50 -158.914 340.7 1 0 0 0 1 0.027 0 -0.027 1 3795.dat
1 14 50 -169.344 250.916 1 0 0 0 1 0.027 0 -0.027 1 3794.dat
1 14 50 -168.804 270.916 1 0 0 0 1 0.027 0 -0.027 1 3794.dat
1 14 50 -167.184 330.916 1 0 0 0 1 0.027 0 -0.027 1 3794.dat
1 14 50 -166.644 350.916 1 0 0 0 1 0.027 0 -0.027 1 3794.dat
1 4 50 -175.994 301.132 0 0 -1 0.027 1 0 1 -0.027 0 3666.dat
1 14 50 -200.264 291.78 1 0 0 0 1 0.027 0 -0.027 1 4286.dat
1 14 50 -223.724 312.428 1 0 0 0 1 0.027 0 -0.027 1 3040.dat
1 14 50 -247.184 333.076 1 0 0 0 1 0.027 0 -0.027 1 3040.dat
1 14 50 -270.644 353.724 1 0 0 0 1 0.027 0 -0.027 1 3040.dat
1 14 50 -294.104 374.372 1 0 0 0 1 0.027 0 -0.027 1 3040.dat
1 14 50 -317.564 395.02 1 0 0 0 1 0.027 0 -0.027 1 3040.dat
1 14 50 -198.644 351.78 -1 0 0 0 1 -0.027 0 -0.027 -1 4287.dat
1 14 50 -221.564 392.428 -1 0 0 0 1 -0.027 0 -0.027 -1 3665.dat
1 14 50 -269.024 413.724 -1 0 0 0 1 -0.027 0 -0.027 -1 3665.dat
1 14 50 -199.454 321.78 0 0 1 -0.027 1 0 -1 -0.027 0 3004.dat
1 14 50 -269.834 383.724 0 0 1 -0.027 1 0 -1 -0.027 0 3004.dat
1 4 50 -316.754 425.02 0 0 1 -0.027 1 0 -1 -0.027 0 3004.dat
1 14 50 -222.644 352.428 0 0 1 -0.027 1 0 -1 -0.027 0 3622.dat
1 14 50 -293.024 414.372 0 0 1 -0.027 1 0 -1 -0.027 0 3622.dat
1 14 50 -245.834 383.076 0 0 1 -0.027 1 0 -1 -0.027 0 3010.dat
1 14 50 -325.024 415.236 0 0 1 -0.027 1 0 -1 -0.027 0 3623.dat
1 1 50 -68.7417 -305.048 1 0 0 0 0.9848 0.1736 0 -0.1736 0.9848 2699.dat
1 4 50 -68.7417 -305.048 1 0 0 0 0.9848 0.1736 0 -0.1736 0.9848 2698.dat
1 1 50 -68.7417 -305.048 1 0 0 0 0.9848 0.1736 0 -0.1736 0.9848 2710.dat
1 1 65 -52 -308 1 0 0 0 0 1 0 -1 0 2703.dat
1 1 35 -52 -308 1 0 0 0 0 1 0 -1 0 2709.dat
1 1 40 -52 -348 1 0 0 0 0.1736 0.9848 0 -0.9848 0.1736 2704.dat
1 1 60 -52 -348 1 0 0 0 0.1736 0.9848 0 -0.9848 0.1736 2704.dat
1 0 60 -45.0541 -387.3923 1 0 0 0 0.1736 0.9848 0 -0.9848 0.1736 2706.dat
1 0 40 -45.0541 -387.3923 1 0 0 0 0.1736 0.9848 0 -0.9848 0.1736 2706.dat
1 14 50 -121.9214 -295.671 1 0 0 0 1 0 0 0 1 2707.dat
1 0 50 -163.921 -295.671 1 0 0 0 1 0 0 0 1 2708.dat
1 1 76.2 -114.0429 -297.0602 0 0 -1 -0.2588 0.9659 0 0.9659 0.2588 0 2701.dat
1 1 76.2 -114.0429 -297.0602 0 0 -1 -0.2588 0.9659 0 0.9659 0.2588 0 2705.dat
1 1 76.2 -114.0429 -297.0602 0.9063 0 -0.4226 -0.1094 0.9659 -0.2346 0.4082 0.2588 0.8754 2700.dat
1 1 89.3012 -106.7712 -324.1984 0.9063 0 -0.4226 -0.1094 0.9659 -0.2346 0.4082 0.2588 0.8754 2701.dat
1 1 89.3012 -106.7712 -324.1984 0.9063 0 -0.4226 -0.1094 0.9659 -0.2346 0.4082 0.2588 0.8754 2705.dat
1 1 89.3012 -106.7712 -324.1984 0.9848 0 0.1736 0.0449 0.9659 -0.2549 -0.1677 0.2588 0.9513 2700.dat
1 14 83.3103 -97.9776 -357.0165 -0.9848 0 0.1736 -0.0449 -0.9659 -0.2549 0.1677 -0.2588 0.9513 2702.dat
1 1 23.8 -114.0429 -297.0602 0 0 1 -0.2588 -0.9659 0 0.9659 -0.2588 0 2701.dat
1 1 23.8 -114.0429 -297.0602 0 0 1 -0.2588 -0.9659 0 0.9659 -0.2588 0 2705.dat
1 1 23.8 -114.0429 -297.0602 -0.9063 0 0.4226 -0.1094 -0.9659 -0.2346 0.4082 -0.2588 0.8754 2700.dat
1 1 10.6988 -106.7712 -324.1984 -0.9063 0 0.4226 -0.1094 -0.9659 -0.2346 0.4082 -0.2588 0.8754 2701.dat
1 1 10.6988 -106.7712 -324.1984 -0.9063 0 0.4226 -0.1094 -0.9659 -0.2346 0.4082 -0.2588 0.8754 2705.dat
1 1 10.6988 -106.7712 -324.1984 -0.9848 0 -0.1736 0.0449 -0.9659 -0.2549 -0.1677 -0.2588 0.9513 2700.dat
1 14 16.6897 -97.9776 -357.0165 0.9848 0 -0.1736 -0.0449 0.9659 -0.2549 0.1677 0.2588 0.9513 2702.dat
1 47 50 -151.921 -294.671 1 0 0 0 1 0 0 0 1 2716.dat
