0 
0 Name: New Model.ldr
0 Author: 
1 15 5 -14.5171 391.138 0 0 -1 0.036382 0.999338 0 0.999338 -0.036382 0 4871.dat
1 15 5 -15.9724 351.1645 1 0 0 0 0.999338 0.036382 0 -0.036382 0.999338 43713.dat
1 72 5 -7.9777 350.8734 0 0 -1 0.036382 0.999338 0 0.999338 -0.036382 0 3795.dat
1 15 5 -17.0639 321.1843 1 0 0 0 0.999338 0.036382 0 -0.036382 0.999338 4623.dat
1 71 5 -30.1427 401.7135 -1 0 0 0 0.999338 -0.036382 0 -0.036382 -0.999338 30236.dat
1 1 5 -26.5139 281.5019 -1 0 0 0 0.999338 -0.036382 0 -0.036382 -0.999338 3023.dat
1 1 35 -23.2395 371.4423 0 0 1 -0.036382 0.999338 0 -0.999338 -0.036382 0 3710.dat
1 1 -25 -23.2395 371.4423 0 0 1 -0.036382 0.999338 0 -0.999338 -0.036382 0 3710.dat
1 1 5 -25.0586 321.4754 1 0 0 0 0.999338 0.036382 0 -0.036382 0.999338 3710.dat
1 72 5 -38.1374 402.0045 1 0 0 0 0.999338 0.036382 0 -0.036382 0.999338 3794.dat
1 25 5 -33.0533 321.7664 1 0 0 0 0.999338 0.036382 0 -0.036382 0.999338 3710.dat
1 25 -25 -31.9618 351.7466 0 0 -1 0.036382 0.999338 0 0.999338 -0.036382 0 2412.dat
1 25 -25 -30.5065 391.7201 0 0 -1 0.036382 0.999338 0 0.999338 -0.036382 0 2412.dat
1 25 35 -30.5065 391.7201 0 0 -1 0.036382 0.999338 0 0.999338 -0.036382 0 2412.dat
1 25 35 -31.9618 351.7466 0 0 -1 0.036382 0.999338 0 0.999338 -0.036382 0 2412.dat
1 25 5 -42.1394 292.0774 1 0 0 0 0.999338 0.036382 0 -0.036382 0.999338 47755.dat
1 25 5 -26.8777 271.5085 1 0 0 0 0.999338 0.036382 0 -0.036382 0.999338 30602.dat
1 15 5 -57.2011 318.1426 0 0 -1 0.999338 -0.036382 0 -0.036382 -0.999338 0 53989.dat
1 72 5 -57.2011 318.1426 1 0 0 0 0.999338 0.036382 0 -0.036382 0.999338 30031.dat
1 14 5 -38.1374 402.0045 1 0 0 0 0.999338 0.036382 0 -0.036382 0.999338 2610.dat
1 72 5 -19.4217 421.3364 0 0 -1 -0.680913 0.732365 0 0.732365 0.680913 0 48729.dat
1 72 5 -4.7745 434.9545 0 0 -1 -0.680913 0.732365 0 0.732365 0.680913 0 4589.dat
