0 Main
0 Name: 4494-1 - Imperial Shuttle - Mini.mpd
0 Author: LTRON
1 15 -20 0 10 0 0 1 0 1 0 -1 0 0 3032.dat
1 15 -20 -8 50 -1 0 0 0 1 0 0 0 -1 3020.dat
1 15 10 -16 40 0 0 -1 0 1 0 1 0 0 4081.dat
1 15 -50 -16 40 0 0 1 0 1 0 -1 0 0 4081.dat
1 43 -40 -16 60 -1 0 0 0 1 0 0 0 -1 2412.dat
1 43 0 -16 60 -1 0 0 0 1 0 0 0 -1 2412.dat
1 15 -20 -24 50 -1 0 0 0 1 0 0 0 -1 3020.dat
1 71 -20 -24 10 -1 0 0 0 1 0 0 0 -1 3001.dat
1 71 -50 -8 -30 0 0 -1 0 1 0 1 0 0 3023.dat
1 71 10 -8 -30 0 0 -1 0 1 0 1 0 0 3023.dat
1 15 -30 -24 -20 1 0 0 0 1 0 0 0 1 4070.dat
1 15 -10 -24 -20 1 0 0 0 1 0 0 0 1 4070.dat
1 15 10 -16 -20 0 0 -1 0 1 0 1 0 0 4081.dat
1 15 -50 -16 -20 0 0 1 0 1 0 -1 0 0 4081.dat
1 15 -50 -16 -40 0 0 1 0 1 0 -1 0 0 3024.dat
1 15 10 -16 -40 0 0 1 0 1 0 -1 0 0 3024.dat
1 71 -50 -24 -30 0 0 1 0 1 0 -1 0 0 3023.dat
1 71 10 -24 -30 0 0 1 0 1 0 -1 0 0 3023.dat
1 15 10 -32 30 0 0 1 0 1 0 -1 0 0 2431.dat
1 15 -50 -32 30 0 0 1 0 1 0 -1 0 0 2431.dat
1 15 -20 -14 -58 -1 0 0 0 0 1 0 1 0 2432.dat
1 15 -30 -48 50 0 0 1 0 1 0 -1 0 0 2877.dat
1 15 -10 -48 50 0 0 -1 0 1 0 1 0 0 2877.dat
1 15 -20 -48 20 1 0 0 0 1 0 0 0 1 3298.dat
1 15 30 -14 48 1 0 0 0 0 -1 0 1 0 4095.dat
1 15 -70 -14 48 1 0 0 0 0 -1 0 1 0 4095.dat
1 15 -70 -14 68 1 0 0 0 0 1 0 -1 0 3062.dat
1 15 -70 -14 76 1 0 0 0 0 1 0 -1 0 6141.dat
1 15 30 -14 68 1 0 0 0 0 1 0 -1 0 3062.dat
1 15 30 -14 76 1 0 0 0 0 1 0 -1 0 6141.dat
1 15 -70 -14 -48 -1 0 0 0 0 1 0 1 0 3062.dat
1 15 30 -14 -48 -1 0 0 0 0 1 0 1 0 3062.dat
1 71 -20 -56 60 -1 0 0 0 1 0 0 0 -1 3794.dat
1 71 -20 -56 40 -1 0 0 0 1 0 0 0 -1 3794.dat
1 71 -20 -56 20 -1 0 0 0 1 0 0 0 -1 3794.dat
1 15 -50 -32 -40 1 0 0 0 1 0 0 0 1 2420.dat
1 15 10 -32 -40 0 0 -1 0 1 0 1 0 0 2420.dat
1 71 -20 -40 -40 1 0 0 0 1 0 0 0 1 2412.dat
1 72 -64 -14 -84 -1 0 0 0 1 0 0 0 -1 30162.dat
1 72 24 -14 -84 -1 0 0 0 1 0 0 0 -1 30162.dat
1 71 -20 8 -30 -1 0 0 0 1 0 0 0 -1 4589.dat
1 71 0 8 50 -1 0 0 0 1 0 0 0 -1 4589.dat
1 71 -40 8 50 -1 0 0 0 1 0 0 0 -1 4589.dat
1 15 -20 5.3836 -82.1065 1 0 0 0 0.965926 -0.258819 0 0.258819 0.965926 2654.dat
1 15 -20 2.8326 -103.4956 1 0 0 0 0.965926 -0.258819 0 0.258819 0.965926 3022.dat
1 15 -30 -4.932 -74.5178 -1 0 0 0 0.965926 0.258819 0 0.258819 -0.965926 6019.dat
1 15 -10 -4.932 -74.5178 -1 0 0 0 0.965926 0.258819 0 0.258819 -0.965926 6019.dat
1 15 -20 -28.1142 -80.7294 1 0 0 0 0.965926 -0.258819 0 0.258819 0.965926 30363.dat
1 15 -20 -38.4298 -73.1407 1 0 0 0 0.965926 -0.258819 0 0.258819 0.965926 3068.dat
1 15 101.499 40.99 -10 0 -0.55557 -0.83147 0 0.83147 -0.55557 1 0 0 3934.dat
1 15 101.499 40.99 40 -0.83147 -0.55557 0 -0.55557 0.83147 0 0 0 -1 3460.dat
1 15 64.3701 6.5597 40 -0.83147 -0.55557 0 -0.55557 0.83147 0 0 0 -1 2420.dat
1 71 80.9995 17.6711 -20 -0.83147 -0.55557 0 -0.55557 0.83147 0 0 0 -1 6141.dat
1 71 147.5171 62.1167 30 0 -0.55557 -0.83147 0 0.83147 -0.55557 1 0 0 2412.dat
1 15 47.7407 -4.5517 20 0 -0.55557 0.83147 0 0.83147 0.55557 -1 0 0 6019.dat
1 15 47.7407 -4.5517 0 0 -0.55557 0.83147 0 0.83147 0.55557 -1 0 0 6019.dat
1 15 85.444 11.0194 -20 0 -0.55557 0.83147 0 0.83147 0.55557 -1 0 0 4740.dat
1 46 164.1465 73.2281 20 0 -0.55557 0.83147 0 0.83147 0.55557 -1 0 0 3070.dat
1 71 52.1852 -11.2034 10 0 -0.55557 0.83147 0 0.83147 0.55557 -1 0 0 2412.dat
1 15 89.8886 4.3676 -20 0.83147 -0.55557 0 0.55557 0.83147 0 0 0 1 4592.dat
1 0 89.8886 4.3676 -20 0.83147 -0.143792 0.53664 0.55557 0.2152 -0.803138 0 0.965926 0.258819 4593.dat
1 15 -141.499 40.99 -10 0 0.55557 0.83147 0 0.83147 -0.55557 -1 0 0 3933.dat
1 15 -141.499 40.99 40 -0.83147 0.55557 0 0.55557 0.83147 0 0 0 -1 3460.dat
1 15 -104.3701 6.5597 40 0 0.55557 0.83147 0 0.83147 -0.55557 -1 0 0 2420.dat
1 71 -120.9995 17.6711 -20 -0.83147 0.55557 0 0.55557 0.83147 0 0 0 -1 6141.dat
1 71 -187.5171 62.1167 30 0 0.55557 -0.83147 0 0.83147 0.55557 1 0 0 2412.dat
1 15 -87.7407 -4.5517 0 0 0.55557 -0.83147 0 0.83147 0.55557 1 0 0 6019.dat
1 15 -87.7407 -4.5517 20 0 0.55557 -0.83147 0 0.83147 0.55557 1 0 0 6019.dat
1 15 -125.444 11.0194 -20 0 0.55557 0.83147 0 0.83147 -0.55557 -1 0 0 4740.dat
1 46 -204.1465 73.2281 20 0 0.55557 0.83147 0 0.83147 -0.55557 -1 0 0 3070.dat
1 71 -92.1852 -11.2034 10 0 0.55557 0.83147 0 0.83147 -0.55557 -1 0 0 2412.dat
1 15 -129.8886 4.3676 -20 0.83147 0.55557 0 -0.55557 0.83147 0 0 0 1 4592.dat
1 0 -129.8886 4.3676 -20 0.83147 0.143792 -0.53664 -0.55557 0.2152 -0.803138 0 0.965926 0.258819 4593.dat
1 15 -20 -64 30 0 0 1 0 1 0 -1 0 0 3460.dat
1 15 -20 -136 80 -1 0 0 0 1 0 0 0 -1 4460.dat
1 15 -20 -88 30 0 0 -1 0 1 0 1 0 0 3010.dat
1 71 -20 -88 -20 0 0 -1 0 1 0 1 0 0 3005.dat
1 71 -20 -112 60 0 0 -1 0 1 0 1 0 0 3005.dat
1 71 -20 -136 60 0 0 -1 0 1 0 1 0 0 3005.dat
1 15 -20 -88 -40 1 0 0 0 1 0 0 0 1 3665.dat
1 15 -20 -208 60 -1 0 0 0 1 0 0 0 -1 4460.dat
1 15 -20 -208 30 1 0 0 0 1 0 0 0 1 30249.dat
1 15 -20 -216 50 0 0 1 0 1 0 -1 0 0 3069.dat
1 46 -20 -216 20 0 0 1 0 1 0 -1 0 0 3070.dat
