0 Main
0 Name: 8281 - Mini Tractor - Mini Tractor.mpd
0 Author: LTRON
1 71 -25 0.689 -19.997 0 -1 0 1 0 -0.017 0.017 0 1 41677.dat
1 71 -15 0.689 -19.997 0 -1 0 1 0 -0.017 0.017 0 1 41677.dat
1 0 -10 0.349 0.003 -1 0 0 0 -1 -0.017 0 -0.017 1 32062.dat
1 0 0 0.689 -19.997 -1 0 0 0 -1 -0.017 0 -0.017 1 3705.dat
1 2 -35 0.179 10.003 0 -1 0 1 0 -0.017 0.017 0 1 32449.dat
1 0 0 0.349 0.003 0 1 0 1 0 0.017 0.017 0 -1 32271.dat
1 0 0 34.797 -143.453 1 0 0 0 0.8102 0.5864 0 -0.5864 0.8102 41678.dat
1 0 0 34.797 -143.453 1 0 0 0 -0.5864 0.8102 0 -0.8102 -0.5864 32062.dat
1 0 -10 1.709 -79.997 -1 0 0 0 -1 -0.017 0 -0.017 1 2780.dat
1 71 -20 -8.291 -80.167 0 1 0 0.017 0 -1 -1 0 -0.017 43857.dat
1 71 0 18.593 -131.725 -1 0 0 0 0.017 -1 0 -1 -0.017 44294.dat
1 71 20 18.593 -131.725 0 0 1 -1 0.017 0 -0.017 -1 0 3713.dat
1 71 40 18.593 -131.725 0 0 1 -1 0.017 0 -0.017 -1 0 3713.dat
1 71 -20 18.593 -131.725 0 0 -1 -1 -0.017 0 -0.017 1 0 3713.dat
1 71 -40 18.593 -131.725 0 0 -1 -1 -0.017 0 -0.017 1 0 3713.dat
1 71 -25 20.009 20.343 0 -1 0 -0.017 0 -1 1 0 -0.017 32056.dat
1 71 0 19.329 60.343 1 0 0 0 -0.017 -1 0 1 -0.017 4519.dat
1 71 -15 19.329 60.343 0 0 1 1 -0.017 0 0.017 1 0 32123.dat
1 71 0 -0.671 60.003 -1 0 0 0 -1 -0.017 0 -0.017 1 42003.dat
1 71 15 19.329 60.343 0 0 1 1 -0.017 0 0.017 1 0 32123.dat
1 71 0 -0.45 47.003 0 1 0 1 0 0.017 0.017 0 -1 6589.dat
1 72 0 -0.807 68.003 0 1 0 0.017 0 -1 -1 0 -0.017 6587.dat
1 71 -15 20.009 20.343 0 -1 0 -0.017 0 -1 1 0 -0.017 6632.dat
1 1 -10 -19.991 19.663 -1 0 0 0 0.017 -1 0 -1 -0.017 43093.dat
1 71 -5 -19.141 -30.337 0 -1 0 -1 0 0.017 -0.017 0 -1 32063.dat
1 71 5 -19.141 -30.337 0 -1 0 -1 0 0.017 -0.017 0 -1 32063.dat
1 4 0 -18.291 -80.337 -1 0 0 0 1 0.017 0 0.017 -1 32054.dat
1 0 0 0.009 20.003 1 0 0 0 0.985348 -0.172796 0 0.172796 0.985348 3707.dat
1 71 17 0.009 20.003 0 0 1 0.172796 0.985348 0 -0.985348 0.172796 0 32198.dat
1 71 0 0.009 20.003 0 0 -1 -0.172796 0.985348 0 0.985348 0.172796 0 3713.dat
1 71 25 20.009 20.343 0 1 0 -1 0 -0.017 -0.017 0 1 32056.dat
1 0 0 -39.9989 19.3149 1 0 0 0 1 -0.017 0 0.017 1 3705.dat
1 71 -5 -39.9989 19.3149 0 -1 0 -0.017 0 -1 1 0 -0.017 41677.dat
1 71 5 -39.9989 19.3149 0 -1 0 -0.017 0 -1 1 0 -0.017 41677.dat
1 71 15 -39.3189 -20.6851 0 1 0 -0.017 0 1 1 0 0.017 32056.dat
1 71 25 -39.3189 -20.6851 0 1 0 -0.017 0 1 1 0 0.017 32056.dat
1 2 35 0.179 10.003 0 -1 0 1 0 -0.017 0.017 0 1 32449.dat
1 71 45 0.009 20.003 0 0 1 0.985348 -0.172796 0 0.172796 0.985348 0 32123.dat
1 71 -15 -39.9989 19.3149 0 1 0 1 0 0.017 0.017 0 -1 6632.dat
1 71 -25 -39.9989 19.3149 0 1 0 1 0 0.017 0.017 0 -1 6632.dat
1 0 0 -47.9242 -89.6263 0 -1 0 0.947786 0 -0.318584 0.318584 0 0.947786 32523.dat
1 72 10 -41.5475 -108.5872 1 0 0 0 0.947786 -0.318584 0 0.318584 0.947786 32002.dat
1 0 0 -54.2998 -70.6662 1 0 0 0 0.947786 -0.318584 0 0.318584 0.947786 6558.dat
1 2 15 -35.172 -127.5473 0 -1 0 0.947786 0 -0.318584 0.318584 0 0.947786 6632.dat
1 0 0 -47.9242 -89.6263 1 0 0 0 0.947786 -0.318584 0 0.318584 0.947786 32062.dat
1 0 0 -35.172 -127.5473 1 0 0 0 0.947786 -0.318584 0 0.318584 0.947786 32062.dat
1 0 0 -35.172 -127.5473 1 0 0 0 0.947786 -0.318584 0 0.318584 0.947786 32291.dat
1 71 -10 -13.0237 -130.6512 0 0 1 0.318584 0.947786 0 -0.947786 0.318584 0 4274.dat
1 71 10 -13.0237 -130.6512 0 0 1 0.318584 0.947786 0 -0.947786 0.318584 0 4274.dat
1 2 -15 -35.172 -127.5473 0 -1 0 0.947786 0 -0.318584 0.318584 0 0.947786 6632.dat
1 2 -20 1.0147 -39.9772 0 1 0 0.183762 0 -0.983161 -0.983161 0 -0.183762 32140.dat
1 47 0 -10.4727 -138.2351 1 0 0 0 -0.318584 -0.947786 0 0.947786 -0.318584 3023.dat
1 71 0 1.0147 -39.9772 1 0 0 0 -0.183762 -0.983161 0 0.983161 -0.183762 4519.dat
1 0 -45 -28.2962 -55.4899 0 -1 0 0.150238 0 -0.988839 0.988839 0 0.150238 32449.dat
1 71 0 -57.9613 -50.9827 -1 0 0 0 -0.150238 -0.988839 0 -0.988839 0.150238 32073.dat
1 71 0 1.369 -59.997 -1 0 0 0 -0.150238 -0.988839 0 -0.988839 0.150238 32073.dat
1 0 -35 -57.9613 -50.9827 0 -1 0 0.150238 0 -0.988839 0.988839 0 0.150238 32065.dat
1 71 -20 1.369 -59.997 0 0 -1 0.150238 0.988839 0 0.988839 -0.150238 0 3713.dat
1 71 -45 0.009 20.003 0 0 1 0.985348 -0.172796 0 0.172796 0.985348 0 32123.dat
1 2 0 -57.962 -51.0027 -1 0 0 0 0.150238 0.988839 0 0.988839 -0.150238 6536.dat
1 71 0 -64.8456 -29.7236 0 0 -1 -0.988839 0.150238 0 0.150238 0.988839 0 4274.dat
1 71 0 -72.7563 -28.5217 -1 0 0 0 0.988839 -0.150238 0 -0.150238 -0.988839 30663.dat
1 0 -35 -39.9989 19.3149 0 -1 0 -0.017 0 -1 1 0 -0.017 32250.dat
1 2 20 1.029 -39.997 0 1 0 0.183762 0 -0.983161 -0.983161 0 -0.183762 32140.dat
1 71 20 1.369 -59.997 0 0 -1 -0.988839 0.150238 0 0.150238 0.988839 0 3713.dat
1 0 0 -119.9986 17.9389 0 0 1 -0.999524 0.045 0 -0.045 -0.999524 0 32034.dat
1 0 30 -119.9986 17.9389 -1 0 0 0 0.045 -0.999524 0 -0.999524 -0.045 32062.dat
1 0 -30 -119.9986 17.9389 -1 0 0 0 0.045 -0.999524 0 -0.999524 -0.045 32062.dat
1 0 0 -117.293 -42.0085 0 0 -1 0.999524 0.045 0 0.045 -0.999524 0 32034.dat
1 0 -30 -117.293 -42.0085 1 0 0 0 0.045 0.999524 0 -0.999524 0.045 32062.dat
1 0 30 -117.293 -42.0085 1 0 0 0 0.045 0.999524 0 -0.999524 0.045 32062.dat
1 2 -45 -118.6458 -12.0348 0 -1 0 0.999524 0 -0.045 0.045 0 0.999524 32449.dat
1 0 35 -57.962 -51.0027 0 -1 0 0.150238 0 -0.988839 0.988839 0 0.150238 32065.dat
1 0 35 -39.9989 19.3149 0 -1 0 -0.017 0 -1 1 0 -0.017 32250.dat
1 2 45 -118.6458 -12.0348 0 -1 0 0.999524 0 -0.045 0.045 0 0.999524 32449.dat
1 0 45 -28.296 -55.4999 0 -1 0 0.150238 0 -0.988839 0.988839 0 0.150238 32449.dat
1 0 58 -118.1949 -22.026 0 1 0 -1 0 -0.017 -0.017 0 1 4081.dat
1 0 50 -118.1949 -22.026 0 1 0 -1 0 -0.017 -0.017 0 1 6141.dat
1 38 60 -129.8549 -42.23 1 0 0 0 1 -0.017 0 0.017 1 6141.dat
1 38 60 -137.8549 -42.366 1 0 0 0 1 -0.017 0 0.017 1 6141.dat
1 14 60 0.009 20.003 0 0 -1 -0.172796 0.985348 0 0.985348 0.172796 0 2695.dat
1 71 70 -19.698 16.5471 1 0 0 0 0.985348 -0.172796 0 0.172796 0.985348 4274.dat
1 71 70 19.716 23.4589 1 0 0 0 0.985348 -0.172796 0 0.172796 0.985348 4274.dat
1 14 77 0.009 20.003 0 0 1 0.172796 0.985348 0 -0.985348 0.172796 0 4185.dat
1 256 60 0.009 20.003 0 0 -1 -0.172796 0.985348 0 0.985348 0.172796 0 2696.dat
1 14 -60 0.009 20.003 0 0 1 0.172796 0.985348 0 -0.985348 0.172796 0 2695.dat
1 71 -70 -19.698 16.5471 -1 0 0 0 0.985348 0.172796 0 0.172796 -0.985348 4274.dat
1 71 -70 19.716 23.4589 -1 0 0 0 0.985348 0.172796 0 0.172796 -0.985348 4274.dat
1 14 -77 0.009 20.003 0 0 -1 -0.172796 0.985348 0 0.985348 0.172796 0 4185.dat
1 256 -60 0.009 20.003 0 0 1 0.172796 0.985348 0 -0.985348 0.172796 0 2696.dat
1 14 60 18.593 -131.725 0 0 -1 -0.017 1 0 1 0.017 0 3482.dat
1 14 -60 18.593 -131.725 0 0 -1 -0.017 1 0 1 0.017 0 3482.dat
1 256 60 18.593 -131.725 0 0 -1 -0.017 1 0 1 0.017 0 2346.dat
1 256 -60 18.593 -131.725 0 0 1 0.017 1 0 -1 0.017 0 2346.dat
1 72 0 -1.827 128.003 0 0 1 -0.017 -1 0 1 -0.017 0 6587.dat
1 71 0 -2.133 146.003 -1 0 0 0 -1 -0.017 0 -0.017 1 4019.dat
1 4 0 -1.827 128.003 0 0 -1 1 0.017 0 0.017 -1 0 32524.dat
1 14 0 -1.317 98.003 -1 0 0 0 -1 -0.017 0 -0.017 1 6538.dat
1 72 -60 -1.963 136.003 0 0 -1 0.017 -1 0 -1 -0.017 0 6587.dat
1 72 60 -1.963 136.003 0 0 -1 0.017 -1 0 -1 -0.017 0 6587.dat
1 71 -60 -1.572 113.003 -1 0 0 0 -1 -0.017 0 -0.017 1 32123.dat
1 71 60 -1.572 113.003 -1 0 0 0 -1 -0.017 0 -0.017 1 32123.dat
1 71 -60 -2.082 143.003 -1 0 0 0 -1 -0.017 0 -0.017 1 32123.dat
1 71 60 -2.082 143.003 -1 0 0 0 -1 -0.017 0 -0.017 1 32123.dat
1 0 20 -1.657 118.003 0 0 -1 0.017 -1 0 -1 -0.017 0 2780.dat
1 0 -20 -1.657 118.003 0 0 -1 0.017 -1 0 -1 -0.017 0 2780.dat
1 4 20 -21.487 107.663 -1 0 0 0 1 0.017 0 0.017 -1 6536.dat
1 71 0 -21.487 107.663 -1 0 0 0 1 0.017 0 0.017 -1 4519.dat
1 4 -20 -21.487 107.663 -1 0 0 0 1 0.017 0 0.017 -1 6536.dat
1 71 0 -21.487 107.663 -1 0 0 0 0.017 -1 0 -1 -0.017 6553.dat
1 4 0 -2.677 178.003 0 0 1 -1 0.017 0 -0.017 -1 0 32034.dat
1 0 30 -2.677 178.003 1 0 0 0 0.017 1 0 -1 0.017 32062.dat
1 0 -30 -2.677 178.003 1 0 0 0 0.017 1 0 -1 0.017 32062.dat
1 4 60 -2.677 178.003 0 1 0 -1 0 -0.017 -0.017 0 1 32014.dat
1 4 -60 -2.677 178.003 0 0 -1 -1 -0.017 0 -0.017 1 0 32014.dat
1 19 -60 7.323 178.173 0 -1 0 1 0 -0.017 0.017 0 1 3749.dat
1 19 60 7.323 178.173 0 -1 0 1 0 -0.017 0.017 0 1 3749.dat
1 19 0 7.323 178.173 0 -0.991 -0.131 1 0.002227 -0.016847 0.017 -0.131 0.991 3749.dat
1 71 -60 15.323 178.309 0 -1 0 0.017 0 1 -1 0 0.017 3650.dat
1 71 60 15.323 178.309 0 -1 0 0.017 0 1 -1 0 0.017 3650.dat
1 71 0 19.323 178.377 0.131 0.991 0 0.016847 -0.002227 -1 -0.991 0.131 -0.017 3650.dat
