0 
0 Name: New Model.ldr
0 Author: 
1 4 390 -2 210 0 0 -1 0 1 0 1 0 0 3795.dat
1 71 390 -10 250 1 0 0 0 1 0 0 0 1 30157.dat
1 72 390 -10 190 1 0 0 0 1 0 0 0 1 3020.dat
1 2 390 -10 160 1 0 0 0 1 0 0 0 1 3023.dat
1 2 390 -10 220 1 0 0 0 1 0 0 0 1 3023.dat
1 72 390 -18 190 0 0 1 0 1 0 -1 0 0 3034.dat
1 2 360 -18 190 0 0 1 0 1 0 -1 0 0 3023.dat
1 2 420 -18 190 0 0 1 0 1 0 -1 0 0 3023.dat
1 4 350 -18 190 -1 0 0 0 1 0 0 0 -1 4871.dat
1 4 430 -18 190 -1 0 0 0 1 0 0 0 -1 4871.dat
1 4 390 -10 130 -1 0 0 0 1 0 0 0 -1 2817.dat
1 72 390 -26 230 -1 0 0 0 1 0 0 0 -1 3020.dat
1 0 390 -26 260 -1 0 0 0 1 0 0 0 -1 2436.dat
1 14 380 -26 150 0 0 1 0 1 0 -1 0 0 30383.dat
1 14 400 -26 150 0 0 1 0 1 0 -1 0 0 30383.dat
1 4 390 -26 190 -1 0 0 0 1 0 0 0 -1 3795.dat
1 19 420 0 130 1 0 0 0 1 0 0 0 1 32556.dat
1 19 360 0 130 -1 0 0 0 1 0 0 0 -1 32556.dat
1 0 390 -34 170 -1 0 0 0 1 0 0 0 -1 3022.dat
1 0 350 -34 180 1 0 0 0 1 0 0 0 1 48336.dat
1 0 430 -34 180 1 0 0 0 1 0 0 0 1 48336.dat
1 4 390 -34 210 1 0 0 0 1 0 0 0 1 3795.dat
1 4 390 -34 260 -1 0 0 0 1 0 0 0 -1 2419.dat
1 0 360 -58 240 1 0 0 0 1 0 0 0 1 60477.dat
1 0 420 -58 240 1 0 0 0 1 0 0 0 1 60477.dat
1 0 360 -58 260 -1 0 0 0 1 0 0 0 -1 4070.dat
1 0 420 -58 260 -1 0 0 0 1 0 0 0 -1 4070.dat
1 2 390 -42 260 -1 0 0 0 1 0 0 0 -1 3023.dat
1 2 390 -50 260 -1 0 0 0 1 0 0 0 -1 3023.dat
1 36 420 -48 274 -1 0 0 0 0 -1 0 -1 0 6141.dat
1 36 360 -48 274 -1 0 0 0 0 -1 0 -1 0 6141.dat
1 0 380 -66 260 -1 0 0 0 1 0 0 0 -1 6091.dat
1 0 400 -66 260 -1 0 0 0 1 0 0 0 -1 6091.dat
1 0 390 -130 260 1 0 0 0 1 0 0 0 1 60594.dat
1 4 370 -6 274 0 0 1 -1 0 0 0 -1 0 30602.dat
1 4 410 -6 274 0 0 -1 1 0 0 0 -1 0 30602.dat
1 71 440 0 250 0 0 -1 1 0 0 0 -1 0 42610.dat
1 256 440 0 250 0 0 -1 1 0 0 0 -1 0 51011.dat
1 71 340 0 250 0 0 -1 1 0 0 0 -1 0 42610.dat
1 256 340 0 250 0 0 -1 1 0 0 0 -1 0 51011.dat
1 71 340 0 130 0 0 -1 1 0 0 0 -1 0 42610.dat
1 256 340 0 130 0 0 -1 1 0 0 0 -1 0 51011.dat
1 71 360 0 130 0 0 -1 1 0 0 0 -1 0 42610.dat
1 256 360 0 130 0 0 -1 1 0 0 0 -1 0 51011.dat
1 71 420 0 130 0 0 -1 1 0 0 0 -1 0 42610.dat
1 256 420 0 130 0 0 -1 1 0 0 0 -1 0 51011.dat
1 71 440 0 130 0 0 -1 1 0 0 0 -1 0 42610.dat
1 256 440 0 130 0 0 -1 1 0 0 0 -1 0 51011.dat
1 0 350 -39.458 141.335 -1 0 0 0 0.960929 -0.276795 0 -0.276795 -0.960929 60470.dat
1 0 430 -39.458 141.335 -1 0 0 0 0.960929 -0.276795 0 -0.276795 -0.960929 60470.dat
1 4 420 -58 240 1 0 0 0 1 0 0 0 1 54200.dat
1 4 360 -58 240 1 0 0 0 1 0 0 0 1 54200.dat
1 14 390 -42 210 1 0 0 0 1 0 0 0 1 4079.dat
1 14 390 -42 180 1 0 0 0 1 0 0 0 1 3829.dat
1 0 360 -47.145 143.549 1 0 0 0 0.960929 0.276795 0 -0.276795 0.960929 3957.dat
1 0 420 -58.415 140.552 1 0 0 0 -0.276795 0.960929 0 -0.960929 -0.276795 2555.dat
1 46 420 -60.631 132.865 1 0 0 0 -0.276795 0.960929 0 -0.960929 -0.276795 6141.dat
1 0 420 -47.145 143.549 1 0 0 0 0.960929 0.276795 0 -0.276795 0.960929 3957.dat
1 0 360 -58.415 140.552 1 0 0 0 -0.276795 0.960929 0 -0.960929 -0.276795 2555.dat
1 46 360 -60.631 132.865 1 0 0 0 -0.276795 0.960929 0 -0.960929 -0.276795 6141.dat
1 72 390 -125.095 176.409 -1 0 0 0 0.960929 -0.276795 0 -0.276795 -0.960929 4590.dat
1 14 420 -135.55 169.013 -1 0 0 0 0.960929 -0.276795 0 -0.276795 -0.960929 4592.dat
1 0 420 -135.55 169.013 -1 0 0 0 0.960929 -0.276795 0 -0.276795 -0.960929 4593.dat
1 14 360 -135.55 169.013 -1 0 0 0 0.960929 -0.276795 0 -0.276795 -0.960929 4592.dat
1 0 360 -135.55 169.013 -1 0 0 0 0.960929 -0.276795 0 -0.276795 -0.960929 4593.dat
1 0 380 -132.783 178.624 0 0 1 -0.276795 0.960929 0 -0.960929 -0.276795 0 2555.dat
1 0 400 -132.783 178.624 0 0 1 -0.276795 0.960929 0 -0.960929 -0.276795 0 2555.dat
1 0 390 -137.364 210.031 0 -1 0 0.045468 0 -0.998966 0.998966 0 0.045468 62113.dat
1 0 390 -138 260 1 0 0 0 1 0 0 0 1 60470.dat
1 57 380 -162 260 1 0 0 0 1 0 0 0 1 4589.dat
1 0 390 -32 140 1 0 0 0 1 0 0 0 1 4518.dat
1 72 390 -192 116 1 0 0 0 1 0 0 0 1 45707.dat
