0 Main
0 Name: 6897-1 - Rebel Hunter.mpd
0 Author: LTRON
1 0 0 0 0 1 0 0 0 1 0 0 0 1 2419.dat
1 0 -100 0 70 0 0 1 0 1 0 -1 0 0 3933.dat
1 0 100 0 70 0 0 -1 0 1 0 1 0 0 3934.dat
1 0 -50 -8 40 0 0 -1 0 1 0 1 0 0 3623.dat
1 0 50 -8 40 0 0 -1 0 1 0 1 0 0 3623.dat
1 0 -80 -24 110 0 0 1 0 1 0 -1 0 0 3830.dat
1 0 80 -24 110 0 0 -1 0 1 0 1 0 0 3831.dat
1 0 -108.285 0 140 0.842 0 0.5395 0 1 0 -0.5395 0 0.842 3710.dat
1 0 -80 -24 110 0.842 0 0.5395 0 1 0 -0.5395 0 0.842 3831.dat
1 0 -136.57 -24 170 -0.842 0 -0.5395 0 1 0 0.5395 0 -0.842 3831.dat
1 0 -108.285 -32 140 -0.842 0 -0.5395 0 1 0 0.5395 0 -0.842 3710.dat
1 0 -125.125 -40 150.79 -0.842 0 -0.5395 0 1 0 0.5395 0 -0.842 2412.dat
1 0 -108.2834 0 200.0001 0.842 0 -0.5395 0 1 0 0.5395 0 0.842 3710.dat
1 0 -136.5684 -24 170.0001 0.842 0 -0.5395 0 1 0 0.5395 0 0.842 3830.dat
1 0 -79.9984 -24 230.0001 -0.842 0 0.5395 0 1 0 -0.5395 0 -0.842 3830.dat
1 0 -108.2834 -32 200.0001 -0.842 0 0.5395 0 1 0 -0.5395 0 -0.842 3710.dat
1 0 -125.1234 -40 189.2101 0.842 0 -0.5395 0 1 0 0.5395 0 0.842 3069.dat
1 0 -80 -24 230 0 0 1 0 1 0 -1 0 0 3831.dat
1 0 -100 0 270 0 0 1 0 1 0 -1 0 0 3934.dat
1 0 0 -24 250 -1 0 0 0 1 0 0 0 -1 3001.dat
1 0 100 0 270 0 0 -1 0 1 0 1 0 0 3933.dat
1 0 80 -24 230 0 0 -1 0 1 0 1 0 0 3830.dat
1 0 -50 -24 240 1 0 0 0 1 0 0 0 1 3665.dat
1 0 50 -24 240 1 0 0 0 1 0 0 0 1 3665.dat
1 7 0 -32 250 1 0 0 0 1 0 0 0 1 3022.dat
1 0 60 8 250 1 0 0 0 1 0 0 0 1 6143.dat
1 0 -60 8 250 1 0 0 0 1 0 0 0 1 6143.dat
1 7 60 -32 270 0 0 -1 0 1 0 1 0 0 3936.dat
1 7 -60 -32 270 0 0 1 0 1 0 -1 0 0 3935.dat
1 7 -20 -80 270 0 0 1 0 1 0 -1 0 0 6061.dat
1 7 20 -80 270 0 0 1 0 1 0 -1 0 0 6061.dat
1 7 0 -104 280 -1 0 0 0 1 0 0 0 -1 3701.dat
1 7 0 -104 260 -1 0 0 0 1 0 0 0 -1 3701.dat
1 7 0 -104 240 -1 0 0 0 1 0 0 0 -1 3701.dat
1 0 40 -60 270 0 1 0 1 0 0 0 0 -1 2680.dat
1 4 160 -60 270 0 1 0 1 0 0 0 0 -1 3022.dat
1 0 168 -60 270 0 1 0 1 0 0 0 0 -1 4229.dat
1 0 -40 -60 270 0 -1 0 -1 0 0 0 0 -1 2680.dat
1 4 -160 -60 270 0 -1 0 -1 0 0 0 0 -1 3022.dat
1 0 -168 -60 270 0 -1 0 -1 0 0 0 0 -1 4229.dat
1 0 0 -112 260 1 0 0 0 1 0 0 0 1 2419.dat
1 7 0 -160 290 1 0 0 0 1 0 0 0 1 3479.dat
1 0 0 -168 300 -1 0 0 0 1 0 0 0 -1 3839.dat
1 0 0 -168 280 -1 0 0 0 1 0 0 0 -1 2412.dat
1 4 26 -162 314 -1 0 0 0 0 1 0 1 0 4589.dat
1 4 -26 -162 314 -1 0 0 0 0 1 0 1 0 4589.dat
1 0 108.285 0 140 0.842 0 -0.5395 0 1 0 0.5395 0 0.842 3710.dat
1 0 136.57 -24 170 -0.842 0 0.5395 0 1 0 -0.5395 0 -0.842 3830.dat
1 0 80 -24 110 0.842 0 -0.5395 0 1 0 0.5395 0 0.842 3830.dat
1 0 108.285 -32 140 0.842 0 -0.5395 0 1 0 0.5395 0 0.842 3710.dat
1 0 125.125 -40 150.79 0.842 0 -0.5395 0 1 0 0.5395 0 0.842 2412.dat
1 0 108.2834 0 200.0001 0.842 0 0.5395 0 1 0 -0.5395 0 0.842 3710.dat
1 0 136.5684 -24 170.0001 0.842 0 0.5395 0 1 0 -0.5395 0 0.842 3831.dat
1 0 79.9984 -24 230.0001 -0.842 0 -0.5395 0 1 0 0.5395 0 -0.842 3831.dat
1 0 108.2834 -32 200.0001 -0.842 0 -0.5395 0 1 0 0.5395 0 -0.842 3710.dat
1 0 125.1234 -40 189.2101 0.842 0 0.5395 0 1 0 -0.5395 0 0.842 3069.dat
1 0 -50 -24 100 -1 0 0 0 1 0 0 0 -1 3665.dat
1 0 50 -24 100 -1 0 0 0 1 0 0 0 -1 3665.dat
1 0 -30 -24 50 0 0 -1 0 1 0 1 0 0 3009.dat
1 0 30 -24 50 0 0 -1 0 1 0 1 0 0 3009.dat
1 7 0 -32 40 1 0 0 0 1 0 0 0 1 3710.dat
1 7 0 -32 60 1 0 0 0 1 0 0 0 1 3666.dat
1 7 0 -32 90 1 0 0 0 1 0 0 0 1 3034.dat
1 0 0 8 -10 1 0 0 0 1 0 0 0 1 6143.dat
1 0 60 8 90 1 0 0 0 1 0 0 0 1 6143.dat
1 0 -60 8 90 1 0 0 0 1 0 0 0 1 6143.dat
1 4 70 -32 20 0 0 -1 0 1 0 1 0 0 2464.dat
1 4 -70 -32 20 1 0 0 0 1 0 0 0 1 2464.dat
1 7 -40 -56 40 1 0 0 0 1 0 0 0 1 3004.dat
1 7 40 -56 40 1 0 0 0 1 0 0 0 1 3004.dat
1 7 0 -56 -10 -1 0 0 0 1 0 0 0 -1 6058.dat
1 7 0 -80 70 0 0 -1 0 1 0 1 0 0 6061.dat
1 7 0 -104 100 1 0 0 0 1 0 0 0 1 3701.dat
1 0 0 -56 -170 1 0 0 0 1 0 0 0 1 4859.dat
1 0 -30 -56 -100 1 0 0 0 1 0 0 0 1 3024.dat
1 0 30 -56 -100 1 0 0 0 1 0 0 0 1 3024.dat
1 0 20 -60 70 0 1 0 1 0 0 0 0 -1 2680.dat
1 4 140 -60 70 0 1 0 1 0 0 0 0 -1 3022.dat
1 0 148 -60 70 0 1 0 1 0 0 0 0 -1 4229.dat
1 0 -20 -60 70 0 -1 0 -1 0 0 0 0 -1 2680.dat
1 4 -140 -60 70 0 -1 0 -1 0 0 0 0 -1 3022.dat
1 0 -148 -60 70 0 -1 0 -1 0 0 0 0 -1 4229.dat
1 7 30 -80 40 0 0 1 0 1 0 -1 0 0 2357.dat
1 7 -30 -80 40 -1 0 0 0 1 0 0 0 -1 2357.dat
1 0 -30 -56 -120 0 0 1 0 1 0 -1 0 0 6019.dat
1 0 30 -56 -120 0 0 -1 0 1 0 1 0 0 6019.dat
1 0 30 -56 -80 0 0 -1 0 1 0 1 0 0 4081.dat
1 0 -30 -56 -80 0 0 1 0 1 0 -1 0 0 4081.dat
1 4 50 -54 -92 0 0 1 1 0 0 0 1 0 3957.dat
1 4 -50 -54 -92 0 0 1 1 0 0 0 1 0 3957.dat
1 34 60 -80 40 0 0 -1 0 1 0 1 0 0 2463.dat
1 34 -50 -80 30 1 0 0 0 1 0 0 0 1 2463.dat
1 0 -20 -94 190 0 0 1 0 1 0 -1 0 0 3708.dat
1 7 -20 -94 80 1 0 0 0 1 0 0 0 1 3713.dat
1 0 0 -94 190 0 0 1 0 1 0 -1 0 0 3708.dat
1 7 0 -94 80 1 0 0 0 1 0 0 0 1 3713.dat
1 0 20 -94 190 0 0 1 0 1 0 -1 0 0 3708.dat
1 7 20 -94 80 1 0 0 0 1 0 0 0 1 3713.dat
1 7 0 -56 -120 -1 0 0 0 1 0 0 0 -1 3039.dat
1 7 -20 -104 40 0 0 -1 0 1 0 1 0 0 3002.dat
1 7 20 -104 40 0 0 -1 0 1 0 1 0 0 3002.dat
1 0 0 -112 20 1 0 0 0 1 0 0 0 1 4315.dat
1 0 0 -112 70 0 0 1 0 1 0 -1 0 0 3020.dat
1 0 -30 -112 80 0 0 1 0 1 0 -1 0 0 3623.dat
1 0 30 -112 80 0 0 1 0 1 0 -1 0 0 3623.dat
1 0 -40 -112 40 -1 0 0 0 1 0 0 0 -1 2412.dat
1 0 40 -112 40 -1 0 0 0 1 0 0 0 -1 2412.dat
1 34 0 -108 6 1 0 0 0 1 0 0 0 1 2507.dat
1 0 0 -120 30 1 0 0 0 1 0 0 0 1 3068.dat
1 0 0 -88 -22 0.75471 0 0.656059 0 1 0 -0.656059 0 0.75471 2446.dat
1 34 3.0152 -86.096 -18.5314 0.75471 -0.463904 0.463904 0 0.707107 0.707107 -0.656059 -0.533661 0.533661 2447.dat
1 14 0 -88 -22 0.75471 0 0.656059 0 1 0 -0.656059 0 0.75471 3626.dat
1 0 0 -61 -22 1 0 0 0 1 0 0 0 1 3838.dat
1 15 0 -61 -22 1 0 0 0 1 0 0 0 1 973.dat
1 15 19.1609 -68.0136 -53.2745 0.983926 0.102469 0.143177 -0.091039 0.99139 -0.084618 -0.150754 0.070284 0.985645 4349.dat
1 0 -177 -67 197 0.965926 0 0.258819 0 1 0 -0.258819 0 0.965926 2446.dat
1 42 -177 -67 197 0.965926 0 0.258819 0 1 0 -0.258819 0 0.965926 2447.dat
1 14 -177 -67 197 0.965926 0 0.258819 0 1 0 -0.258819 0 0.965926 3626.dat
1 0 -177 -40 197 0.707107 0 0.707107 0 1 0 -0.707107 0 0.707107 3838.dat
1 15 -177 -40 197 0.707107 0 0.707107 0 1 0 -0.707107 0 0.707107 973.dat
1 0 -302 16 291 -0.382683 0 0.92388 0 1 0 -0.92388 0 -0.382683 3958.dat
1 0 -354.2625 24 269.3521 -0.382683 0 0.92388 0 1 0 -0.92388 0 -0.382683 4032.dat
1 0 -280.3521 24 238.7375 -0.382683 0 0.92388 0 1 0 -0.92388 0 -0.382683 4032.dat
1 0 -323.6479 24 343.2625 -0.382683 0 0.92388 0 1 0 -0.92388 0 -0.382683 4032.dat
1 0 -249.7375 24 312.6479 -0.382683 0 0.92388 0 1 0 -0.92388 0 -0.382683 4032.dat
1 4 -367.3282 -8 263.9402 0.92388 0 0.382683 0 1 0 -0.382683 0 0.92388 2357.dat
1 4 -293.4178 -8 233.3255 0.92388 0 0.382683 0 1 0 -0.382683 0 0.92388 2357.dat
1 4 -329.0598 -8 356.3282 -0.382683 0 0.92388 0 1 0 -0.92388 0 -0.382683 2357.dat
1 4 -255.1494 -8 325.7135 -0.382683 0 0.92388 0 1 0 -0.92388 0 -0.382683 2357.dat
1 0 -348.194 -32 310.1342 0.382683 0 -0.92388 0 1 0 0.92388 0 0.382683 4864.dat
1 7 -321.1342 -32 244.806 0.92388 0 0.382683 0 1 0 -0.382683 0 0.92388 3659.dat
1 7 -282.8658 -32 337.194 0.92388 0 0.382683 0 1 0 -0.382683 0 0.92388 3659.dat
1 7 -236.6718 -32 318.0598 0.92388 0 0.382683 0 1 0 -0.382683 0 0.92388 3005.dat
1 7 -274.9402 -32 225.6718 0.92388 0 0.382683 0 1 0 -0.382683 0 0.92388 3005.dat
1 7 -332.8867 -32 347.0894 -0.382683 0 0.92388 0 1 0 -0.92388 0 -0.382683 3004.dat
1 7 -363.5013 -32 273.179 -0.382683 0 0.92388 0 1 0 -0.92388 0 -0.382683 3004.dat
1 7 -292.1046 -56 341.0208 -0.382683 0 0.92388 0 1 0 -0.92388 0 -0.382683 4286.dat
1 7 -273.627 -56 333.3672 0.382683 0 -0.92388 0 1 0 0.92388 0 0.382683 4286.dat
1 7 -330.373 -56 248.6328 -0.382683 0 0.92388 0 1 0 -0.92388 0 -0.382683 4286.dat
1 7 -311.8954 -56 240.9792 0.382683 0 -0.92388 0 1 0 0.92388 0 0.382683 4286.dat
1 0 -348.194 -40 310.1342 -0.382683 0 0.92388 0 1 0 -0.92388 0 -0.382683 4625.dat
1 0 -282.8658 -64 337.194 -0.92388 0 -0.382683 0 1 0 0.382683 0 -0.92388 2412.dat
1 0 -321.1342 -64 244.806 -0.92388 0 -0.382683 0 1 0 0.382683 0 -0.92388 2412.dat
1 34 -342.6507 -44 307.838 0.382683 0.575115 -0.723028 0 0.7826 0.6225 0.92388 -0.23822 0.299488 2483.dat
