0 
0 Name: New Model.ldr
0 Author: 
1 0 -57.583 -32 180.979 0.866 0 0.5 0 1 0 -0.5 0 0.866 3832.dat
1 7 -22.943 -40 160.979 0.866 0 0.5 0 1 0 -0.5 0 0.866 3022.dat
1 7 -92.223 -40 200.979 0.866 0 0.5 0 1 0 -0.5 0 0.866 3022.dat
1 15 -109.543 -48 210.979 -0.5 0 0.866 0 1 0 -0.866 0 -0.5 4211.dat
1 15 -5.623 -48 150.979 0.5 0 -0.866 0 1 0 0.866 0 0.5 4211.dat
1 46 -150.523 -48 199.999 0.5 0 -0.866 0 1 0 0.866 0 0.5 3024.dat
1 46 -120.523 -48 251.959 0.5 0 -0.866 0 1 0 0.866 0 0.5 3024.dat
1 36 35.357 -48 161.959 0.5 0 -0.866 0 1 0 0.866 0 0.5 3024.dat
1 36 5.357 -48 109.999 0.5 0 -0.866 0 1 0 0.866 0 0.5 3024.dat
1 1 20.357 -48 135.979 0.5 0 -0.866 0 1 0 0.866 0 0.5 3023.dat
1 1 -48.923 -48 175.979 0.5 0 -0.866 0 1 0 0.866 0 0.5 3023.dat
1 15 -42.583 -48 206.959 0.866 0 0.5 0 1 0 -0.5 0 0.866 3710.dat
1 15 -72.583 -48 154.999 0.866 0 0.5 0 1 0 -0.5 0 0.866 3710.dat
1 7 -126.863 -48 220.979 0.866 0 0.5 0 1 0 -0.5 0 0.866 3022.dat
1 7 -5.623 -24 150.979 0.5 0 -0.866 0 1 0 0.866 0 0.5 4600.dat
1 7 -109.543 -24 210.979 0.5 0 -0.866 0 1 0 0.866 0 0.5 4600.dat
1 4 -100.883 -48 205.979 -0.5 0 0.866 0 1 0 -0.866 0 -0.5 3829.dat
1 16 -48.923 -72 175.979 0.5 0 -0.866 0 1 0 0.866 0 0.5 3010.dat
1 16 -115.883 -72 179.999 -0.5 0 0.866 0 1 0 -0.866 0 -0.5 3822.dat
1 16 -85.883 -72 231.959 -0.5 0 0.866 0 1 0 -0.866 0 -0.5 3821.dat
1 16 -118.203 -72 215.979 -0.5 0 0.866 0 1 0 -0.866 0 -0.5 3037.dat
1 16 9.377 -120 176.959 0.866 0 0.5 0 1 0 -0.5 0 0.866 4215.dat
1 16 -20.623 -120 124.999 -0.866 0 -0.5 0 1 0 0.5 0 -0.866 4215.dat
1 41 -100.883 -120 205.979 -0.5 0 0.866 0 1 0 -0.866 0 -0.5 3823.dat
1 16 -48.923 -120 175.979 -0.5 0 0.866 0 1 0 -0.866 0 -0.5 4214.dat
1 15 3.037 -128 145.979 -0.5 0 0.866 0 1 0 -0.866 0 -0.5 3710.dat
1 15 -22.943 -128 160.979 -0.5 0 0.866 0 1 0 -0.866 0 -0.5 3020.dat
1 7 -10.623 -144 142.319 -0.866 0 -0.5 0 1 0 0.5 0 -0.866 4531.dat
1 15 -74.903 -128 190.979 -0.5 0 0.866 0 1 0 -0.866 0 -0.5 4213.dat
1 15 20.357 -128 135.979 0.5 0 -0.866 0 1 0 0.866 0 0.5 4315.dat
1 15 35.945 -88 126.979 0.5 -0.866 0 0 0 -1 0.866 0.5 0 4213.dat
1 15 10.377 -19 178.691 -0.866 0 -0.5 0 1 0 0.5 0 -0.866 30027.dat
1 0 7.877 -19 174.361 0.5 0 -0.866 0 1 0 0.866 0 0.5 30028.dat
1 15 -93.543 -19 238.691 -0.866 0 -0.5 0 1 0 0.5 0 -0.866 30027.dat
1 0 -96.043 -19 234.361 0.5 0 -0.866 0 1 0 0.866 0 0.5 30028.dat
1 15 -125.543 -19 183.267 0.866 0 0.5 0 1 0 -0.5 0 0.866 30027.dat
1 0 -123.043 -19 187.597 -0.5 0 0.866 0 1 0 -0.866 0 -0.5 30028.dat
1 15 -21.623 -19 123.267 0.866 0 0.5 0 1 0 -0.5 0 0.866 30027.dat
1 0 -19.123 -19 127.597 -0.5 0 0.866 0 1 0 -0.866 0 -0.5 30028.dat
1 16 -25.6249 -96.001 116.3378 0.866 0.5 0 0 0 -1 -0.5 0.866 0 4106981a.dat
1 16 14.3751 -96.001 185.6178 -0.866 -0.5 0 0 0 -1 0.5 -0.866 0 4106981a.dat
1 0 -21.015 -167.176 148.319 -0.749956 -0.433 -0.5 -0.5 0.866 0 0.433 0.25 -0.866 2433.dat
1 0 -10.623 -187.96 142.319 0.5 -0.433 -0.749956 0 0.866 -0.5 0.866 0.25 0.433 4070.dat
1 15 -23.9525 -185.3 150.015 0.5 -0.749956 0.433 0 -0.5 -0.866 0.866 0.433 -0.25 3960.dat
1 33 -29.9521 -189.3 153.479 0.5 -0.749956 0.433 0 -0.5 -0.866 0.866 0.433 -0.25 4740.dat
