0 Main
0 Name: 1621-1 - Lunar MPV Vehicle.mpd
0 Author: LTRON
1 0 0 0 0 1 0 0 0 1 0 0 0 1 3032.dat
1 0 0 -8 30 0 0 1 0 1 0 -1 0 0 3021.dat
1 0 0 -8 -30 -1 0 0 0 1 0 0 0 -1 3023.dat
1 15 0 -16 -30 -1 0 0 0 1 0 0 0 -1 3069.dat
1 0 0 -32 50 -1 0 0 0 1 0 0 0 -1 3937.dat
1 0 40 -8 0 1 0 0 0 1 0 0 0 1 3640.dat
1 0 -40 -8 0 1 0 0 0 1 0 0 0 1 3640.dat
1 15 0 -32 30 1 0 0 0 1 0 0 0 1 4865.dat
1 15 40 8 20 1 0 0 0 1 0 0 0 1 2444.dat
1 7 60 18 20 1 0 0 0 1 0 0 0 1 3749.dat
1 15 70 18 20 0 0 1 0 1 0 -1 0 0 3482.dat
1 256 70 18 20 0 0 -1 0 1 0 1 0 0 2346.dat
1 15 -40 8 20 -1 0 0 0 1 0 0 0 -1 2444.dat
1 7 -60 18 20 -1 0 0 0 1 0 0 0 -1 3749.dat
1 15 -70 18 20 0 0 -1 0 1 0 1 0 0 3482.dat
1 256 -70 18 20 0 0 1 0 1 0 -1 0 0 2346.dat
1 15 30 -32 30 0 0 -1 0 1 0 1 0 0 3045.dat
1 15 -30 -32 30 -1 0 0 0 1 0 0 0 -1 3045.dat
1 15 30 -32 -30 0 0 -1 0 1 0 1 0 0 4286.dat
1 15 -30 -32 -30 0 0 1 0 1 0 -1 0 0 4286.dat
1 15 0 -40 30 -1 0 0 0 1 0 0 0 -1 3710.dat
1 15 0 -40 -30 -1 0 0 0 1 0 0 0 -1 3710.dat
1 15 0 -64 30 1 0 0 0 1 0 0 0 1 2458.dat
1 15 0 -64 -30 -1 0 0 0 1 0 0 0 -1 2458.dat
1 15 -0.5176 -52.0681 0 0 0.258819 -0.965926 0 -0.965926 -0.258819 -1 0 0 4871.dat
1 15 -2.5882 -44.3407 -10 0.965926 0.258819 0 0.258819 -0.965926 0 0 0 -1 3700.dat
1 15 -2.5882 -44.3407 10 0.965926 0.258819 0 0.258819 -0.965926 0 0 0 -1 3700.dat
1 0 36.0489 -33.988 0 0.965926 0.258819 0 0.258819 -0.965926 0 0 0 -1 3022.dat
1 0 -41.2252 -54.6935 0 0.965926 0.258819 0 0.258819 -0.965926 0 0 0 -1 3022.dat
1 15 -4.6587 -36.6133 0 0.965926 0.258819 0 0.258819 -0.965926 0 0 0 -1 3020.dat
1 0 8.4481 -8.2547 -10 0 0.258819 0.965926 0 -0.965926 0.258819 1 0 0 3044.dat
1 0 -30.1889 -18.6075 -10 0 0.258819 0.965926 0 -0.965926 0.258819 1 0 0 3044.dat
1 33 5.694 -75.2504 0 0 0.258819 -0.965926 0 -0.965926 -0.258819 -1 0 0 4740.dat
1 15 10 -72 -30 0 0 -1 0 1 0 1 0 0 4085.dat
1 15 -10 -72 -30 0 0 1 0 1 0 -1 0 0 4085.dat
1 0 0 -80 -30 -1 0 0 0 1 0 0 0 -1 2412.dat
1 0 30 -48 -30 -1 0 0 0 1 0 0 0 -1 3957.dat
1 0 -30 -48 -30 -1 0 0 0 1 0 0 0 -1 3957.dat
1 15 0 -29.0711 57.0711 1 0 0 0 0.707107 0.707107 0 -0.707107 0.707107 3938.dat
1 0 0 -34.7279 62.7279 1 0 0 0 0.707107 0.707107 0 -0.707107 0.707107 4590.dat
1 0 30 -44.6274 86.7696 1 0 0 0 0.707107 0.707107 0 -0.707107 0.707107 4589.dat
1 0 -30 -44.6274 86.7696 1 0 0 0 0.707107 0.707107 0 -0.707107 0.707107 4589.dat
1 0 -55.528 -8 -117.956 -0.965926 0 -0.258819 0 1 0 0.258819 0 -0.965926 3639.dat
1 0 -60.7044 0 -137.2745 0.258819 0 -0.965926 0 1 0 0.965926 0 0.258819 3795.dat
1 15 -50.3516 8 -98.6375 -0.965926 0 -0.258819 0 1 0 0.258819 0 -0.965926 2444.dat
1 7 -69.6701 18 -93.4611 -0.965926 0 -0.258819 0 1 0 0.258819 0 -0.965926 3749.dat
1 0 -50.3516 -16 -98.6375 -0.965926 0 -0.258819 0 1 0 0.258819 0 -0.965926 3022.dat
1 15 -50.3516 -24 -98.6375 -0.965926 0 -0.258819 0 1 0 0.258819 0 -0.965926 3680.dat
1 0 -68.4689 -8 -166.2523 0.965926 0 0.258819 0 1 0 -0.258819 0 0.965926 4590.dat
1 0 -73.6453 -8 -185.5708 0.965926 0 0.258819 0 1 0 -0.258819 0 0.965926 3839.dat
1 15 -36.903 -16 -164.3576 0.866026 0 0.5 0 1 0 -0.5 0 0.866026 4592.dat
1 0 -36.903 -16 -164.3576 0.866026 0.25 0.433013 0 0.866025 -0.5 -0.5 0.433013 0.75 4593.dat
1 15 -94.8585 -16 -148.8285 1 0 0 0 1 0 0 0 1 4592.dat
1 0 -94.8585 -16 -148.8285 1 0 0 0 0.707107 -0.707107 0 0.707107 0.707107 4593.dat
1 15 -68.4689 -16 -166.2523 0.965926 0 0.258819 0 1 0 -0.258819 0 0.965926 4598.dat
1 15 -79.3294 18 -90.8729 -0.258819 0 0.965926 0 1 0 -0.965926 0 -0.258819 3482.dat
1 256 -79.3294 18 -90.8729 -0.258819 0 0.965926 0 1 0 -0.965926 0 -0.258819 2346.dat
1 0 24.471 -8 -117.956 -0.965926 0 -0.258819 0 1 0 0.258819 0 -0.965926 3639.dat
1 0 29.6474 0 -98.6375 -0.965926 0 -0.258819 0 1 0 0.258819 0 -0.965926 3022.dat
1 15 29.6474 8 -98.6375 0.965926 0 0.258819 0 1 0 -0.258819 0 0.965926 2444.dat
1 7 48.9659 18 -103.8139 0.965926 0 0.258819 0 1 0 -0.258819 0 0.965926 3749.dat
1 0 29.6474 -16 -98.6375 0.965926 0 0.258819 0 1 0 -0.258819 0 0.965926 3022.dat
1 15 29.6474 -24 -98.6375 0.965926 0 0.258819 0 1 0 -0.258819 0 0.965926 3680.dat
1 15 58.6252 18 -106.402 -0.258819 0 0.965926 0 1 0 -0.965926 0 -0.258819 3482.dat
1 256 58.6252 18 -106.402 0.258819 0 -0.965926 0 1 0 0.965926 0 0.258819 2346.dat
1 7 -50.353 -24 -98.637 1 0 0 0 1 0 0 0 1 3679.dat
1 7 29.647 -24 -98.637 1 0 0 0 1 0 0 0 1 3679.dat
1 15 -50.353 -32 -98.637 1 0 0 0 1 0 0 0 1 3022.dat
1 15 29.647 -32 -98.637 1 0 0 0 1 0 0 0 1 3022.dat
1 15 -10.353 -40 -88.637 -1 0 0 0 1 0 0 0 -1 2419.dat
1 15 -10.353 -32 -78.637 0 0 -1 0 1 0 1 0 0 2444.dat
1 0 -10.353 -22 -24.637 0 0 -1 0 1 0 1 0 0 3706.dat
1 15 -10.353 -64 -88.637 1 0 0 0 1 0 0 0 1 3039.dat
1 36 39.647 -48 -108.637 1 0 0 0 1 0 0 0 1 6141.dat
1 36 -60.353 -48 -108.637 1 0 0 0 1 0 0 0 1 6141.dat
1 15 -0.353 -72 -88.637 0 0 -1 0 1 0 1 0 0 4085.dat
1 15 -20.353 -72 -88.637 0 0 1 0 1 0 -1 0 0 4085.dat
1 0 -10.353 -80 -88.637 -1 0 0 0 1 0 0 0 -1 2412.dat
1 0 -40.353 -68 -88.637 1 0 0 0 1 0 0 0 1 3962.dat
1 0 19.647 -101 -90.637 1 0 0 0 0 -1 0 1 0 3900.dat
1 33 19.647 -101 -98.637 1 0 0 0 0 -1 0 1 0 6141.dat
1 15 -130 29 90 0.965926 0 0.258819 0 1 0 -0.258819 0 0.965926 3937.dat
1 0 -130.4048 29.126 88.4893 0.965926 0.040488 0.255632 0 0.987688 -0.156434 -0.258819 0.151104 0.954034 3938.dat
1 0 -121.7174 5.419 82.274 0.255632 0.040488 -0.965926 -0.156434 0.987688 0 0.954034 0.151104 0.258819 4070.dat
1 0 -141.0359 5.419 87.4504 -0.255632 0.040488 0.965926 0.156434 0.987688 0 -0.954034 0.151104 -0.258819 4070.dat
1 0 -131.7007 -2.483 83.6529 -0.965926 0.040488 -0.255632 0 0.987688 0.156434 0.258819 0.151104 -0.954034 3794.dat
1 0 -132.6726 -26.19 80.0258 -0.965926 0.040488 -0.255632 0 0.987688 0.156434 0.258819 0.151104 -0.954034 4733.dat
1 33 -136.8693 -13.494 64.3634 -0.965926 0.255632 0.040488 0 -0.156434 0.987688 0.258819 0.954034 0.151104 6141.dat
1 15 -127.6657 -19.127 98.7117 -0.965926 -0.255632 -0.040488 0 0.156434 -0.987688 0.258819 -0.954034 -0.151104 4592.dat
1 0 -127.6657 -19.127 98.7117 -0.965926 -0.009033 -0.258661 0 0.999391 -0.034899 0.258819 -0.03371 -0.965338 4593.dat
1 15 -107.7894 15.296 80.1623 0.040488 -0.965926 0.255632 0.987688 0 -0.156434 0.151104 0.258819 0.954034 4085.dat
1 15 -154.1538 15.296 92.5856 -0.040488 0.965926 0.255632 -0.987688 0 -0.156434 -0.151104 -0.258819 0.954034 4085.dat
