0 Main
0 Name: 10019 - Rebel Blockade Runner - UCS.mpd
0 Author: LTRON
1 15 0 -8 -160 0 0 -1 0 1 0 1 0 0 3034.dat
1 15 -50 -8 160 0 0 -1 0 1 0 1 0 0 3710.dat
1 15 0 -8 110 1 0 0 0 1 0 0 0 1 3710.dat
1 15 0 -8 210 1 0 0 0 1 0 0 0 1 3710.dat
1 15 50 -8 160 0 0 -1 0 1 0 1 0 0 3710.dat
1 15 0 -32 -120 0 0 -1 0 1 0 1 0 0 3003.dat
1 15 30 -32 190 0 0 -1 0 1 0 1 0 0 3063.dat
1 15 30 -32 130 1 0 0 0 1 0 0 0 1 3063.dat
1 15 -30 -32 130 0 0 1 0 1 0 -1 0 0 3063.dat
1 15 -30 -32 190 -1 0 0 0 1 0 0 0 -1 3063.dat
1 15 -50 -32 160 0 0 1 0 1 0 -1 0 0 2877.dat
1 15 0 -32 210 -1 0 0 0 1 0 0 0 -1 2877.dat
1 15 50 -32 160 0 0 -1 0 1 0 1 0 0 2877.dat
1 15 0 -32 110 1 0 0 0 1 0 0 0 1 3747.dat
1 15 0 -32 -90 -1 0 0 0 1 0 0 0 -1 3747.dat
1 15 0 -32 -230 1 0 0 0 1 0 0 0 1 3747.dat
1 15 30 -56 190 0 0 -1 0 1 0 1 0 0 3063.dat
1 15 30 -56 130 1 0 0 0 1 0 0 0 1 3063.dat
1 15 -30 -56 130 0 0 1 0 1 0 -1 0 0 3063.dat
1 15 -30 -56 190 -1 0 0 0 1 0 0 0 -1 3063.dat
1 15 0 -56 70 1 0 0 0 1 0 0 0 1 3747.dat
1 15 0 -56 -50 -1 0 0 0 1 0 0 0 -1 3747.dat
1 15 0 -56 -270 1 0 0 0 1 0 0 0 1 3660.dat
1 15 0 -56 -160 0 0 1 0 1 0 -1 0 0 3006.dat
1 15 0 -56 100 0 0 1 0 1 0 -1 0 0 3003.dat
1 7 0 -40 160 -1 0 0 0 1 0 0 0 -1 32001.dat
1 7 0 -48 160 -1 0 0 0 1 0 0 0 -1 32001.dat
1 15 50 -56 160 0 0 -1 0 1 0 1 0 0 3023.dat
1 15 -50 -56 160 0 0 -1 0 1 0 1 0 0 3023.dat
1 2 0 -56 160 0 0 -1 0 1 0 1 0 0 3020.dat
1 8 0 -56 210 -1 0 0 0 1 0 0 0 -1 30526.dat
1 7 0 -64 -240 0 0 -1 0 1 0 1 0 0 3795.dat
1 7 0 -64 -120 0 0 -1 0 1 0 1 0 0 3795.dat
1 7 0 -64 40 0 0 -1 0 1 0 1 0 0 3030.dat
1 7 0 -64 180 1 0 0 0 1 0 0 0 1 3032.dat
1 15 0 -88 -290 1 0 0 0 1 0 0 0 1 3660.dat
1 7 0 -88 -60 0 0 1 0 1 0 -1 0 0 2456.dat
1 15 -40 -88 -10 -1 0 0 0 1 0 0 0 -1 6565.dat
1 15 60 -88 130 1 0 0 0 1 0 0 0 1 6565.dat
1 15 -60 -88 130 1 0 0 0 1 0 0 0 1 6564.dat
1 15 40 -88 -10 -1 0 0 0 1 0 0 0 -1 6564.dat
1 15 0 -88 210 -1 0 0 0 1 0 0 0 -1 2877.dat
1 15 40 -88 -50 1 0 0 0 1 0 0 0 1 2877.dat
1 15 -30 -88 -50 1 0 0 0 1 0 0 0 1 2877.dat
1 15 -40 -88 190 0 0 1 0 1 0 -1 0 0 3002.dat
1 15 40 -88 190 0 0 1 0 1 0 -1 0 0 3002.dat
1 15 0 -88 60 0 0 1 0 1 0 -1 0 0 30183.dat
1 15 60 -112 130 1 0 0 0 1 0 0 0 1 6565.dat
1 15 -60 -112 130 1 0 0 0 1 0 0 0 1 6564.dat
1 15 -60 -112 -10 -1 0 0 0 1 0 0 0 -1 6565.dat
1 15 60 -112 -10 -1 0 0 0 1 0 0 0 -1 6564.dat
1 15 -10 -112 -310 1 0 0 0 1 0 0 0 1 4070.dat
1 15 10 -112 -310 1 0 0 0 1 0 0 0 1 4070.dat
1 1 0 -112 -200 0 0 1 0 1 0 -1 0 0 3006.dat
1 15 0 -112 180 -1 0 0 0 1 0 0 0 -1 3007.dat
1 15 50 -112 60 0 0 -1 0 1 0 1 0 0 3010.dat
1 15 -50 -112 60 0 0 -1 0 1 0 1 0 0 3010.dat
1 15 0 -112 210 1 0 0 0 1 0 0 0 1 3008.dat
1 7 0 -136 -40 1 0 0 0 1 0 0 0 1 2456.dat
1 15 0 -112 -50 1 0 0 0 1 0 0 0 1 3702.dat
1 4 10 -136 -170 0 0 1 0 1 0 -1 0 0 6541.dat
1 4 10 -136 -210 0 0 1 0 1 0 -1 0 0 6541.dat
1 4 -10 -136 -210 0 0 1 0 1 0 -1 0 0 6541.dat
1 4 -10 -136 -170 0 0 1 0 1 0 -1 0 0 6541.dat
1 14 0 -136 -190 -1 0 0 0 1 0 0 0 -1 3004.dat
1 15 0 -136 -300 -1 0 0 0 1 0 0 0 -1 3003.dat
1 15 0 -136 200 -1 0 0 0 1 0 0 0 -1 3003.dat
1 15 50 -136 20 0 0 -1 0 1 0 1 0 0 30414.dat
1 15 50 -136 100 0 0 -1 0 1 0 1 0 0 30414.dat
1 15 -50 -136 100 0 0 1 0 1 0 -1 0 0 30414.dat
1 15 -50 -136 20 0 0 1 0 1 0 -1 0 0 30414.dat
1 7 0 -136 160 1 0 0 0 1 0 0 0 1 2456.dat
1 15 -70 -136 200 0 0 1 0 1 0 -1 0 0 2877.dat
1 15 70 -136 200 0 0 -1 0 1 0 1 0 0 2877.dat
1 8 40 -136 210 -1 0 0 0 1 0 0 0 -1 30526.dat
1 8 -40 -136 210 -1 0 0 0 1 0 0 0 -1 30526.dat
1 0 0 -102 -324 -1 0 0 0 0 1 0 1 0 2412.dat
1 320 67.947 -125.951 60 0 -1.001 0 0 0 1.001 -1 0 0 3710.dat
1 320 67.947 -125.951 -20 0 -1.001 0 0 0 1.001 -1 0 0 3710.dat
1 4 92 -126 -50 0 -1 0 -1 0 0 0 0 -1 4286.dat
1 4 84 -126 150 0 -1 0 1 0 0 0 0 1 4286.dat
1 320 -68.121 -125.951 60 0 1.001 0 0 0 -1.001 -1 0 0 3710.dat
1 320 -68.121 -125.951 -20 0 1.001 0 0 0 -1.001 -1 0 0 3710.dat
1 4 -92 -126 -50 0 1 0 1 0 0 0 0 -1 4286.dat
1 4 -84 -126 150 0 1 0 -1 0 0 0 0 1 4286.dat
1 7 0 -160 -240 0 0 1 0 1 0 -1 0 0 3007.dat
1 15 60 -160 130 1 0 0 0 1 0 0 0 1 6565.dat
1 15 -60 -160 130 1 0 0 0 1 0 0 0 1 6564.dat
1 15 -60 -160 -10 -1 0 0 0 1 0 0 0 -1 6565.dat
1 15 60 -160 -10 -1 0 0 0 1 0 0 0 -1 6564.dat
1 15 0 -160 -50 1 0 0 0 1 0 0 0 1 3702.dat
1 15 50 -160 60 0 0 -1 0 1 0 1 0 0 3010.dat
1 15 -50 -160 60 0 0 -1 0 1 0 1 0 0 3010.dat
1 14 0 -160 -30 1 0 0 0 1 0 0 0 1 3010.dat
1 4 -30 -160 160 0 0 1 0 1 0 -1 0 0 3009.dat
1 4 30 -160 160 0 0 1 0 1 0 -1 0 0 3009.dat
1 7 0 -160 180 0 0 1 0 1 0 -1 0 0 3001.dat
1 15 60 -160 190 0 0 1 0 1 0 -1 0 0 3002.dat
1 15 -60 -160 190 0 0 1 0 1 0 -1 0 0 3002.dat
1 0 10 -168 -270 0 0 1 0 1 0 -1 0 0 2420.dat
1 0 -10 -168 -270 -1 0 0 0 1 0 0 0 -1 2420.dat
1 0 0 -168 -310 -1 0 0 0 1 0 0 0 -1 3069.dat
1 15 40 -184 130 1 0 0 0 1 0 0 0 1 6565.dat
1 15 -40 -184 130 1 0 0 0 1 0 0 0 1 6564.dat
1 15 -40 -184 -10 -1 0 0 0 1 0 0 0 -1 6565.dat
1 15 40 -184 -10 -1 0 0 0 1 0 0 0 -1 6564.dat
1 0 0 -176 -280 -1 0 0 0 1 0 0 0 -1 3022.dat
1 8 0 -184 210 -1 0 0 0 1 0 0 0 -1 30526.dat
1 7 0 -184 160 0 0 1 0 1 0 -1 0 0 3001.dat
1 15 40 -184 190 0 0 1 0 1 0 -1 0 0 3002.dat
1 15 -40 -184 190 0 0 1 0 1 0 -1 0 0 3002.dat
1 0 -10 -184 -120 0 0 1 0 1 0 -1 0 0 32018.dat
1 0 10 -184 -120 0 0 1 0 1 0 -1 0 0 32018.dat
1 19 30 -184 -50 0 0 1 0 1 0 -1 0 0 3062.dat
1 19 -30 -184 -50 0 0 1 0 1 0 -1 0 0 3062.dat
1 19 -50 -184 -50 0 0 1 0 1 0 -1 0 0 3040.dat
1 19 50 -184 -50 0 0 -1 0 1 0 1 0 0 3040.dat
1 15 0 -184 60 0 0 -1 0 1 0 1 0 0 32083.dat
1 15 -20 -208 -10 -1 0 0 0 1 0 0 0 -1 6565.dat
1 15 20 -208 -10 -1 0 0 0 1 0 0 0 -1 6564.dat
1 15 0 -200 -270 1 0 0 0 1 0 0 0 1 3039.dat
1 15 -30 -208 -50 0 0 1 0 1 0 -1 0 0 3040.dat
1 15 30 -208 -50 0 0 -1 0 1 0 1 0 0 3040.dat
1 7 0 -192 60 0 0 -1 0 1 0 1 0 0 3020.dat
1 15 10 -192 150 0 0 1 0 1 0 -1 0 0 30357.dat
1 15 -10 -192 150 -1 0 0 0 1 0 0 0 -1 30357.dat
1 15 -10 -192 170 0 0 -1 0 1 0 1 0 0 30357.dat
1 15 10 -192 170 1 0 0 0 1 0 0 0 1 30357.dat
1 8 0 -208 -270 1 0 0 0 1 0 0 0 1 2540.dat
1 15 0 -208 -140 0 0 1 0 1 0 -1 0 0 3006.dat
1 15 0 -232 -190 0 0 1 0 1 0 -1 0 0 3002.dat
1 15 0 -216 160 -1 0 0 0 1 0 0 0 -1 2456.dat
1 15 30 -216 190 0 0 -1 0 1 0 1 0 0 3063.dat
1 15 30 -216 130 1 0 0 0 1 0 0 0 1 3063.dat
1 15 -30 -216 130 0 0 1 0 1 0 -1 0 0 3063.dat
1 15 -30 -216 190 -1 0 0 0 1 0 0 0 -1 3063.dat
1 8 0 -216 210 -1 0 0 0 1 0 0 0 -1 30526.dat
1 7 29 -206 40 0 -1 0 0 0 1 -1 0 0 2412.dat
1 7 29 -206 80 0 -1 0 0 0 1 -1 0 0 2412.dat
1 7 -29 -206 80 0 1 0 0 0 1 1 0 0 2412.dat
1 7 -29 -206 40 0 1 0 0 0 1 1 0 0 2412.dat
1 15 10 -216 60 0 0 -1 0 1 0 1 0 0 30414.dat
1 15 -10 -216 60 0 0 1 0 1 0 -1 0 0 30414.dat
1 8 -10 -216 -80 0 0 1 0 1 0 -1 0 0 2412.dat
1 8 10 -216 -80 0 0 1 0 1 0 -1 0 0 2412.dat
1 15 0 -232 -150 -1 0 0 0 1 0 0 0 -1 3298.dat
1 15 0 -232 -230 1 0 0 0 1 0 0 0 1 3298.dat
1 7 0 -216 -20 0 0 1 0 1 0 -1 0 0 3020.dat
1 19 0 -240 -220 0 0 1 0 1 0 -1 0 0 3022.dat
1 7 0 -240 -170 0 0 1 0 1 0 -1 0 0 3021.dat
1 15 0 -240 50 1 0 0 0 1 0 0 0 1 30363.dat
1 15 30 -240 190 0 0 -1 0 1 0 1 0 0 3063.dat
1 15 30 -240 130 1 0 0 0 1 0 0 0 1 3063.dat
1 15 -30 -240 130 0 0 1 0 1 0 -1 0 0 3063.dat
1 15 -30 -240 190 -1 0 0 0 1 0 0 0 -1 3063.dat
1 8 -50 -240 160 0 0 1 0 1 0 -1 0 0 2877.dat
1 8 50 -240 160 0 0 -1 0 1 0 1 0 0 2877.dat
1 19 0 -240 140 0 0 -1 0 1 0 1 0 0 3007.dat
1 7 -10 -224 -30 1 0 0 0 0.383 0.924 0 -0.924 0.383 4593.dat
1 7 10 -224 -30 1 0 0 0 0.383 0.924 0 -0.924 0.383 4593.dat
1 0 10 -224 -30 1 0 0 0 1 0 0 0 1 4592.dat
1 0 -10 -224 -30 1 0 0 0 1 0 0 0 1 4592.dat
1 0 0 -248 160 1 0 0 0 1 0 0 0 1 3680.dat
1 7 0 -248 160 1 0 0 0 1 0 0 0 1 3679.dat
1 15 0 -264 110 1 0 0 0 1 0 0 0 1 30363.dat
1 15 30 -264 130 1 0 0 0 1 0 0 0 1 3063.dat
1 15 -30 -264 130 0 0 1 0 1 0 -1 0 0 3063.dat
1 0 0 -248 -170 -1 0 0 0 1 0 0 0 -1 2412.dat
1 15 0 -248 -200 -1 0 0 0 1 0 0 0 -1 3068.dat
1 15 0 -248 210 -1 0 0 0 1 0 0 0 -1 2431.dat
1 15 -50 -264 150 -1 0 0 0 1 0 0 0 -1 4286.dat
1 15 50 -264 150 -1 0 0 0 1 0 0 0 -1 4286.dat
1 7 0 -256 170 1 0 0 0 1 0 0 0 1 3794.dat
1 7 0 -256 150 1 0 0 0 1 0 0 0 1 3794.dat
1 7 0 -264 160 0 0 1 0 1 0 -1 0 0 3794.dat
1 8 0 -288 160 0 0 1 0 1 0 -1 0 0 4733.dat
1 7 0 -296 160 0 0 1 0 1 0 -1 0 0 3070.dat
1 7 0 -278 142 0 0 1 1 0 0 0 1 0 3070.dat
1 7 0 -278 178 0 0 -1 1 0 0 0 -1 0 3070.dat
1 15 18 -278 160 0 -1 0 0.924 0 -0.383 0.383 0 0.924 4740.dat
1 7 26 -278 160 0 -1 0 0.924 0 -0.383 0.383 0 0.924 2555.dat
1 8 32 -270.34 141.52 -1 0 0 0 -0.383 0.924 0 0.924 0.383 30374.dat
1 7 32 -299.448 211.744 1 0 0 0 0.383 0.924 0 -0.924 0.383 4589.dat
1 15 -18 -278 160 0 1 0 -0.924 0 -0.383 -0.383 0 0.924 4740.dat
1 7 -26 -278 160 0 1 0 -0.924 0 -0.383 -0.383 0 0.924 2555.dat
1 8 -32 -270.34 141.52 1 0 0 0 -0.383 -0.924 0 0.924 -0.383 30374.dat
1 7 -32 -299.448 211.744 -1 0 0 0 0.383 -0.924 0 -0.924 -0.383 4589.dat
1 7 0 -32 170 -1 0 0 0 -1 0 0 0 1 3794.dat
1 7 0 -32 150 -1 0 0 0 -1 0 0 0 1 3794.dat
1 7 0 -24 160 0 0 -1 0 -1 0 -1 0 0 3794.dat
1 7 0 8 160 0 0 -1 0 -1 0 -1 0 0 3070.dat
1 7 0 -10 142 0 0 -1 -1 0 0 0 1 0 3070.dat
1 7 0 -10 178 0 0 1 -1 0 0 0 -1 0 3070.dat
1 15 -18 -10 160 0 1 0 -0.924 0 0.383 0.383 0 0.924 4740.dat
1 7 -26 -10 160 0 1 0 -0.924 0 0.383 0.383 0 0.924 2555.dat
1 8 -32 -17.66 141.52 1 0 0 0 0.383 -0.924 0 0.924 0.383 30374.dat
1 7 -32 11.448 211.744 -1 0 0 0 -0.383 -0.924 0 -0.924 0.383 4589.dat
1 15 18 -10 160 0 -1 0 0.924 0 0.383 -0.383 0 0.924 4740.dat
1 7 26 -10 160 0 -1 0 0.924 0 0.383 -0.383 0 0.924 2555.dat
1 8 32 -17.66 141.52 -1 0 0 0 0.383 0.924 0 0.924 -0.383 30374.dat
1 7 32 11.448 211.744 1 0 0 0 -0.383 0.924 0 -0.924 -0.383 4589.dat
1 8 0 0 160 0 0 -1 0 -1 0 -1 0 0 4733.dat
1 4 0 -40 160 0 0 -1 0 -1 0 -1 0 0 2476.dat
1 0 100 -96 -190 1 0 0 0 1 0 0 0 1 3035.dat
1 15 170 -104 -190 0 0 -1 0 1 0 1 0 0 3710.dat
1 15 170 -112 -190 0 0 -1 0 1 0 1 0 0 3710.dat
1 15 30 -104 -190 0 0 -1 0 1 0 1 0 0 3710.dat
1 15 30 -112 -190 0 0 -1 0 1 0 1 0 0 3710.dat
1 8 30 -136 -170 0 0 1 0 1 0 -1 0 0 2458.dat
1 8 30 -136 -210 0 0 1 0 1 0 -1 0 0 2458.dat
1 7 170 -136 -190 0 0 1 0 1 0 -1 0 0 3701.dat
1 7 80 -144 -230 1 0 0 0 1 0 0 0 1 2434.dat
1 7 80 -144 -150 1 0 0 0 1 0 0 0 1 2434.dat
1 15 170 -144 -190 0 0 -1 0 1 0 1 0 0 3710.dat
1 15 30 -144 -190 0 0 -1 0 1 0 1 0 0 3710.dat
1 0 100 -152 -190 1 0 0 0 1 0 0 0 1 3035.dat
1 14 50 -80 -190 0 0 -1 0 1 0 1 0 0 3938.dat
1 15 40 -88 -190 0 0 -1 0 1 0 1 0 0 3022.dat
1 7 50 -160 -190 0 0 -1 0 1 0 1 0 0 3794.dat
1 4 188 -126 -210 0 -1 0 -1 0 0 0 0 -1 2476.dat
1 4 188 -126 -170 0 -1 0 -1 0 0 0 0 -1 2476.dat
1 15 196 -126 -190 0 -1 0 -1 0 0 0 0 -1 6177.dat
1 8 204 -136 -190 0 -1 0 0 0 1 -1 0 0 2431.dat
1 8 204 -116 -190 0 -1 0 0 0 1 -1 0 0 2431.dat
1 7 51 -229 -190 0 0 -1 0 1 0 1 0 0 3937.dat
1 15 51 -205 -190 0 0 1 0 1 0 -1 0 0 30386.dat
1 15 113.214 -226.308 -190 0 -0.174 -0.985 0 0.985 -0.174 1 0 0 2413.dat
1 320 173.692 -223.767 -190 0 -0.174 -0.985 0 0.985 -0.174 1 0 0 3023.dat
1 320 193.398 -220.292 -190 0 -0.174 -0.985 0 0.985 -0.174 1 0 0 2412.dat
1 0 52.736 -228.848 -190 0 -0.174 -0.985 0 0.985 -0.174 1 0 0 6134.dat
1 7 51 -198.121 -115.452 0 0 -1 0.707 0.707 0 0.707 -0.707 0 3937.dat
1 15 51 -181.151 -132.423 0 0 1 -0.707 0.707 0 -0.707 -0.707 0 30386.dat
1 15 113.214 -196.218 -117.356 0 -0.174 -0.985 0.707 0.696 -0.123 0.707 -0.696 0.123 2413.dat
1 320 173.692 -194.406 -119.152 0 -0.174 -0.985 0.707 0.696 -0.123 0.707 -0.696 0.123 3023.dat
1 320 193.398 -191.949 -121.608 0 -0.174 -0.985 0.707 0.696 -0.123 0.707 -0.696 0.123 2412.dat
1 0 52.736 -198.014 -115.56 0 -0.174 -0.985 0.707 0.696 -0.123 0.707 -0.696 0.123 6134.dat
1 7 51 -123.574 -84.574 0 0 -1 1 0 0 0 -1 0 3937.dat
1 15 51 -123.574 -108.574 0 0 1 -1 0 0 0 -1 0 30386.dat
1 15 113.214 -123.574 -87.266 0 -0.174 -0.985 1 0 0 0 -0.985 0.174 2413.dat
1 320 173.692 -123.524 -89.807 0 -0.174 -0.985 1.001 0 0 0 -0.985 0.174 3023.dat
1 320 193.398 -123.524 -93.28 0 -0.174 -0.985 1.001 0 0 0 -0.985 0.174 2412.dat
1 0 52.736 -123.574 -84.726 0 -0.174 -0.985 1 0 0 0 -0.985 0.174 6134.dat
1 7 51 -49.025 -115.453 0 0 -1 0.707 -0.707 0 -0.707 -0.707 0 3937.dat
1 15 51 -65.996 -132.423 0 0 1 -0.707 -0.707 0 0.707 -0.707 0 30386.dat
1 15 113.214 -50.929 -117.356 0 -0.174 -0.985 0.707 -0.696 0.123 -0.707 -0.696 0.123 2413.dat
1 320 173.692 -52.639 -119.153 0 -0.174 -0.985 0.707 -0.696 0.123 -0.707 -0.696 0.123 3023.dat
1 320 193.398 -55.097 -121.609 0 -0.174 -0.985 0.707 -0.696 0.123 -0.707 -0.696 0.123 2412.dat
1 0 52.736 -49.133 -115.56 0 -0.174 -0.985 0.707 -0.696 0.123 -0.707 -0.696 0.123 6134.dat
1 7 51 -18.147 -190 0 0 -1 0 -1 0 -1 0 0 3937.dat
1 15 51 -42.147 -190 0 0 1 0 -1 0 1 0 0 30386.dat
1 15 113.214 -20.839 -190 0 -0.174 -0.985 0 -0.985 0.174 -1 0 0 2413.dat
1 320 173.692 -23.28 -190 0 -0.174 -0.985 0 -0.985 0.174 -1 0 0 3023.dat
1 320 193.398 -26.754 -190 0 -0.174 -0.985 0 -0.985 0.174 -1 0 0 2412.dat
1 0 52.736 -18.299 -190 0 -0.174 -0.985 0 -0.985 0.174 -1 0 0 6134.dat
1 7 51 -49.026 -264.549 0 0 -1 -0.707 -0.707 0 -0.707 0.707 0 3937.dat
1 15 51 -65.996 -247.578 0 0 1 0.707 -0.707 0 0.707 0.707 0 30386.dat
1 15 113.214 -50.929 -262.645 0 -0.174 -0.985 -0.707 -0.696 0.123 -0.707 0.696 -0.123 2413.dat
1 320 173.692 -52.64 -260.849 0 -0.174 -0.985 -0.707 -0.696 0.123 -0.707 0.696 -0.123 3023.dat
1 320 193.398 -55.098 -258.393 0 -0.174 -0.985 -0.707 -0.696 0.123 -0.707 0.696 -0.123 2412.dat
1 0 52.736 -49.133 -264.441 0 -0.174 -0.985 -0.707 -0.696 0.123 -0.707 0.696 -0.123 6134.dat
1 7 51 -123.573 -295.427 0 0 -1 -1 0 0 0 1 0 3937.dat
1 15 51 -123.573 -271.427 0 0 1 1 0 0 0 1 0 30386.dat
1 15 113.214 -123.573 -292.735 0 -0.174 -0.985 -1 0 0 0 0.985 -0.174 2413.dat
1 320 193.398 -123.523 -286.721 0 -0.174 -0.985 -1.001 0 0 0 0.985 -0.174 2412.dat
1 0 52.736 -123.573 -295.275 0 -0.174 -0.985 -1 0 0 0 0.985 -0.174 6134.dat
1 320 55.456 -153.538 -311.032 -0.985 -0.174 0 0 0 1.001 -0.174 0.985 0 3623.dat
1 7 173.692 -113.573 -290.194 0 -0.174 0.985 1 0 0 0 0.985 0.174 2555.dat
1 7 153.996 -133.573 -293.667 0 -0.174 0.985 1 0 0 0 0.985 0.174 2555.dat
1 7 114.603 -113.573 -300.613 0 -0.174 0.985 1 0 0 0 0.985 0.174 2555.dat
1 7 94.907 -133.573 -304.086 0 -0.174 0.985 1 0 0 0 0.985 0.174 2555.dat
1 8 184.582 -113.573 -294.367 0 -0.985 -0.174 1 0 0 0 -0.174 0.985 30374.dat
1 8 164.886 -133.573 -297.84 0 -0.985 -0.174 1 0 0 0 -0.174 0.985 30374.dat
1 320 46.993 -143.533 -320.647 0 -0.174 -0.985 -1.001 0 0 0 0.985 -0.174 41769.dat
1 7 51 -198.12 -264.548 0 0 -1 -0.707 0.707 0 0.707 0.707 0 3937.dat
1 15 51 -181.149 -247.578 0 0 1 0.707 0.707 0 -0.707 0.707 0 30386.dat
1 15 113.214 -196.216 -262.645 0 -0.174 -0.985 -0.707 0.696 -0.123 0.707 0.696 -0.123 2413.dat
1 320 173.692 -194.405 -260.848 0 -0.174 -0.985 -0.707 0.696 -0.123 0.707 0.696 -0.123 3023.dat
1 320 193.398 -191.948 -258.392 0 -0.174 -0.985 -0.707 0.696 -0.123 0.707 0.696 -0.123 2412.dat
1 0 52.736 -198.012 -264.441 0 -0.174 -0.985 -0.707 0.696 -0.123 0.707 0.696 -0.123 6134.dat
1 320 65.309 -186.694 -295.568 -0.985 -0.174 0 -0.123 0.696 0.707 -0.123 0.696 -0.707 3710.dat
1 0 -100 -96 -190 1 0 0 0 1 0 0 0 1 3035.dat
1 15 -170 -104 -190 0 0 1 0 1 0 -1 0 0 3710.dat
1 15 -170 -112 -190 0 0 1 0 1 0 -1 0 0 3710.dat
1 15 -30 -104 -190 0 0 1 0 1 0 -1 0 0 3710.dat
1 15 -30 -112 -190 0 0 1 0 1 0 -1 0 0 3710.dat
1 8 -30 -136 -170 0 0 -1 0 1 0 1 0 0 2458.dat
1 8 -30 -136 -210 0 0 -1 0 1 0 1 0 0 2458.dat
1 7 -170 -136 -190 0 0 -1 0 1 0 1 0 0 3701.dat
1 7 -80 -144 -230 1 0 0 0 1 0 0 0 1 2434.dat
1 7 -80 -144 -150 1 0 0 0 1 0 0 0 1 2434.dat
1 15 -170 -144 -190 0 0 1 0 1 0 -1 0 0 3710.dat
1 15 -30 -144 -190 0 0 1 0 1 0 -1 0 0 3710.dat
1 0 -100 -152 -190 1 0 0 0 1 0 0 0 1 3035.dat
1 14 -50 -80 -190 0 0 1 0 1 0 -1 0 0 3938.dat
1 15 -40 -88 -190 0 0 1 0 1 0 -1 0 0 3022.dat
1 7 -50 -160 -190 0 0 1 0 1 0 -1 0 0 3794.dat
1 4 -188 -126 -210 0 1 0 1 0 0 0 0 -1 2476.dat
1 4 -188 -126 -170 0 1 0 1 0 0 0 0 -1 2476.dat
1 15 -196 -126 -190 0 1 0 1 0 0 0 0 -1 6177.dat
1 8 -204 -136 -190 0 1 0 0 0 1 1 0 0 2431.dat
1 8 -204 -116 -190 0 1 0 0 0 1 1 0 0 2431.dat
1 7 -51 -229 -190 0 0 1 0 1 0 -1 0 0 3937.dat
1 15 -51 -205 -190 0 0 1 0 1 0 -1 0 0 30386.dat
1 15 -113.232 -226.29 -190 0 0.174 0.985 0 0.985 -0.174 -1 0 0 2413.dat
1 320 -173.8977 -223.7298 -190 0 0.174174 0.985985 0 0.985985 -0.174174 -1 0 0 3023.dat
1 320 -193.6075 -220.2481 -190 0 0.174174 0.985985 0 0.985985 -0.174174 -1 0 0 2412.dat
1 0 -52.74 -228.85 -190 0 0.174 0.985 0 0.985 -0.174 -1 0 0 6134.dat
1 7 -51 -198.121 -115.459 0 0 1 -0.707 0.707 0 -0.707 -0.707 0 3937.dat
1 15 -51 -181.153 -132.427 0 0 1 -0.707 0.707 0 -0.707 -0.707 0 30386.dat
1 15 -113.232 -196.205 -117.375 0 0.174 0.985 -0.707 0.696395 -0.123018 -0.707 -0.696395 0.123018 2413.dat
1 320 -173.8977 -194.395 -119.185 0 0.174174 0.985985 -0.707 0.697091 -0.123141 -0.707 -0.697091 0.123141 3023.dat
1 320 -193.6075 -191.9334 -121.6466 0 0.174174 0.985985 -0.707 0.697091 -0.123141 -0.707 -0.697091 0.123141 2412.dat
1 0 -52.74 -198.015 -115.565 0 0.174 0.985 -0.707 0.696395 -0.123018 -0.707 -0.696395 0.123018 6134.dat
1 7 -51 -123.574 -84.574 0 0 1 -1 0 0 0 -1 0 3937.dat
1 15 -51 -123.574 -108.574 0 0 1 -1 0 0 0 -1 0 30386.dat
1 15 -113.232 -123.574 -87.284 0 0.174 0.985 -1 0 0 0 -0.985 0.174 2413.dat
1 320 -173.8977 -123.574 -89.8442 0 0.174174 0.985985 -1 0 0 0 -0.985985 0.174174 3023.dat
1 320 -193.6075 -123.574 -93.3259 0 0.174174 0.985985 -1 0 0 0 -0.985985 0.174174 2412.dat
1 0 -52.74 -123.574 -84.724 0 0.174 0.985 -1 0 0 0 -0.985 0.174 6134.dat
1 7 -51 -49.032 -115.453 0 0 1 -0.707 -0.707 0 0.707 -0.707 0 3937.dat
1 15 -51 -66 -132.421 0 0 1 -0.707 -0.707 0 0.707 -0.707 0 30386.dat
1 15 -113.232 -50.948 -117.369 0 0.174 0.985 -0.707 -0.696395 0.123018 0.707 -0.696395 0.123018 2413.dat
1 320 -173.8977 -52.758 -119.179 0 0.174174 0.985985 -0.707 -0.697091 0.123141 0.707 -0.697091 0.123141 3023.dat
1 320 -193.6075 -55.2196 -121.6406 0 0.174174 0.985985 -0.707 -0.697091 0.123141 0.707 -0.697091 0.123141 2412.dat
1 0 -52.74 -49.1381 -115.5591 0 0.174 0.985 -0.707 -0.696395 0.123018 0.707 -0.696395 0.123018 6134.dat
1 7 -51 -18.147 -190 0 0 1 0 -1 0 1 0 0 3937.dat
1 15 -51 -42.147 -190 0 0 1 0 -1 0 1 0 0 30386.dat
1 15 -113.232 -20.857 -190 0 0.174 0.985 0 -0.985 0.174 1 0 0 2413.dat
1 320 -173.8977 -23.4172 -190 0 0.174174 0.985985 0 -0.985985 0.174174 1 0 0 3023.dat
1 320 -193.6075 -26.8989 -190 0 0.174174 0.985985 0 -0.985985 0.174174 1 0 0 2412.dat
1 0 -52.74 -18.297 -190 0 0.174 0.985 0 -0.985 0.174 1 0 0 6134.dat
1 7 -51 -49.026 -264.542 0 0 1 0.707 -0.707 0 0.707 0.707 0 3937.dat
1 15 -51 -65.994 -247.574 0 0 1 0.707 -0.707 0 0.707 0.707 0 30386.dat
1 15 -113.232 -50.942 -262.626 0 0.174 0.985 0.707 -0.696395 0.123018 0.707 0.696395 -0.123018 2413.dat
1 320 -173.8977 -52.752 -260.816 0 0.174174 0.985985 0.707 -0.697091 0.123141 0.707 0.697091 -0.123141 3023.dat
1 320 -193.6075 -55.2136 -258.3544 0 0.174174 0.985985 0.707 -0.697091 0.123141 0.707 0.697091 -0.123141 2412.dat
1 0 -52.74 -49.132 -264.4359 0 0.174 0.985 0.707 -0.696395 0.123018 0.707 0.696395 -0.123018 6134.dat
1 7 -51 -123.573 -295.427 0 0 1 1 0 0 0 1 0 3937.dat
1 15 -51 -123.573 -271.427 0 0 1 1 0 0 0 1 0 30386.dat
1 15 -113.232 -123.573 -292.717 0 0.174 0.985 1 0 0 0 0.985 -0.174 2413.dat
1 320 -193.6078 -123.523 -286.677 0 0.174 0.985 1.001 0 0 0 0.985 -0.174 2412.dat
1 0 -52.74 -123.573 -295.277 0 0.174 0.985 1 0 0 0 0.985 -0.174 6134.dat
1 320 -55.6388 -153.538 -311.037 -0.985 0.174 0 0 0 1.001 0.174 0.985 0 3623.dat
1 7 -173.724 -113.573 -290.157 0 0.174 -0.985 -1 0 0 0 0.985 0.174 2555.dat
1 7 -154.024 -133.573 -293.637 0 0.174 -0.985 -1 0 0 0 0.985 0.174 2555.dat
1 7 -114.624 -113.573 -300.597 0 0.174 -0.985 -1 0 0 0 0.985 0.174 2555.dat
1 7 -94.924 -133.573 -304.077 0 0.174 -0.985 -1 0 0 0 0.985 0.174 2555.dat
1 8 -184.618 -113.573 -294.327 0 0.985 0.174 -1 0 0 0 -0.174 0.985 30374.dat
1 8 -164.918 -133.573 -297.807 0 0.985 0.174 -1 0 0 0 -0.174 0.985 30374.dat
1 320 -47.1767 -143.533 -320.6567 0 0.174 0.985 1.001 0 0 0 0.985 -0.174 41770.dat
1 7 -51 -198.113 -264.548 0 0 1 0.707 0.707 0 -0.707 0.707 0 3937.dat
1 15 -51 -181.145 -247.58 0 0 1 0.707 0.707 0 -0.707 0.707 0 30386.dat
1 15 -113.232 -196.197 -262.632 0 0.174 0.985 0.707 0.696395 -0.123018 -0.707 0.696395 -0.123018 2413.dat
1 320 -173.8979 -194.3727 -260.8218 0 0.174 0.985 0.707 0.696395 -0.123018 -0.707 0.696395 -0.123018 3023.dat
1 320 -193.6079 -191.9111 -258.3616 0 0.174 0.985 0.707 0.696395 -0.123018 -0.707 0.696395 -0.123018 2412.dat
1 0 -52.74 -198.0069 -264.442 0 0.174 0.985 0.707 0.696395 -0.123018 -0.707 0.696395 -0.123018 6134.dat
1 320 -65.4936 -186.6907 -295.5641 -0.985 0.174 0 0.123018 0.696395 0.707 0.123018 0.696395 -0.707 3710.dat
1 15 0 -24 260 0 0 1 0 1 0 -1 0 0 30283.dat
1 15 0 -24 340 0 0 1 0 1 0 -1 0 0 30283.dat
1 15 0 -24 420 0 0 1 0 1 0 -1 0 0 30283.dat
1 15 0 -24 500 0 0 1 0 1 0 -1 0 0 30283.dat
1 15 0 -24 580 0 0 1 0 1 0 -1 0 0 30283.dat
1 15 0 -24 660 0 0 1 0 1 0 -1 0 0 30283.dat
1 15 0 -24 800 0 0 1 0 1 0 -1 0 0 2577.dat
1 15 0 -24 800 -1 0 0 0 1 0 0 0 -1 2577.dat
1 15 0 -24 800 0 0 -1 0 1 0 1 0 0 2577.dat
1 15 0 -24 800 1 0 0 0 1 0 0 0 1 2577.dat
1 15 0 -32 380 0 0 1 0 1 0 -1 0 0 3027.dat
1 15 0 -32 640 0 0 1 0 1 0 -1 0 0 3033.dat
1 15 0 -32 820 0 0 1 0 1 0 -1 0 0 3035.dat
1 15 -30 -56 800 0 0 1 0 1 0 -1 0 0 6111.dat
1 15 30 -56 800 0 0 1 0 1 0 -1 0 0 6111.dat
1 15 -50 -56 580 0 0 1 0 1 0 -1 0 0 6112.dat
1 15 50 -56 580 0 0 1 0 1 0 -1 0 0 6112.dat
1 15 0 -56 890 -1 0 0 0 1 0 0 0 -1 2877.dat
1 4 -50 -56 250 -1 0 0 0 1 0 0 0 -1 3005.dat
1 4 50 -56 250 -1 0 0 0 1 0 0 0 -1 3005.dat
1 7 -40 -56 230 -1 0 0 0 1 0 0 0 -1 30364.dat
1 7 40 -56 230 1 0 0 0 1 0 0 0 1 30364.dat
1 7 -40 -56 450 -1 0 0 0 1 0 0 0 -1 30364.dat
1 7 40 -56 450 1 0 0 0 1 0 0 0 1 30364.dat
1 15 -50 -56 710 -1 0 0 0 1 0 0 0 -1 3040.dat
1 15 50 -56 710 -1 0 0 0 1 0 0 0 -1 3040.dat
1 7 0 -56 230 -1 0 0 0 1 0 0 0 -1 32000.dat
1 7 -30 -80 800 0 0 -1 0 1 0 1 0 0 3700.dat
1 7 30 -80 800 0 0 -1 0 1 0 1 0 0 3700.dat
1 4 0 -80 340 0 0 -1 0 1 0 1 0 0 4202.dat
1 15 50 -80 240 0 0 -1 0 1 0 1 0 0 2877.dat
1 15 50 -80 460 0 0 -1 0 1 0 1 0 0 2877.dat
1 15 -50 -80 460 0 0 1 0 1 0 -1 0 0 2877.dat
1 15 -50 -80 240 0 0 1 0 1 0 -1 0 0 2877.dat
1 15 50 -80 620 0 0 1 0 1 0 -1 0 0 3009.dat
1 15 -50 -80 620 0 0 1 0 1 0 -1 0 0 3009.dat
1 15 -30 -80 750 0 0 1 0 1 0 -1 0 0 3622.dat
1 15 30 -80 750 0 0 1 0 1 0 -1 0 0 3622.dat
1 15 -30 -80 850 0 0 1 0 1 0 -1 0 0 3622.dat
1 15 30 -80 850 0 0 1 0 1 0 -1 0 0 3622.dat
1 15 0 -80 890 -1 0 0 0 1 0 0 0 -1 3010.dat
1 15 50 -80 710 -1 0 0 0 1 0 0 0 -1 2357.dat
1 15 -50 -80 710 0 0 1 0 1 0 -1 0 0 2357.dat
1 15 50 -80 500 0 0 -1 0 1 0 1 0 0 3660.dat
1 15 50 -80 540 0 0 -1 0 1 0 1 0 0 3660.dat
1 15 -50 -80 540 0 0 1 0 1 0 -1 0 0 3660.dat
1 15 -50 -80 500 0 0 1 0 1 0 -1 0 0 3660.dat
1 8 0 -88 320 0 0 1 0 1 0 -1 0 0 4151.dat
1 8 0 -88 480 0 0 1 0 1 0 -1 0 0 4151.dat
1 7 0 -88 640 0 0 1 0 1 0 -1 0 0 3036.dat
1 15 0 -88 820 0 0 1 0 1 0 -1 0 0 3035.dat
1 8 0 -88 730 -1 0 0 0 1 0 0 0 -1 3710.dat
1 8 0 -88 230 -1 0 0 0 1 0 0 0 -1 3460.dat
1 15 0 -112 230 -1 0 0 0 1 0 0 0 -1 3010.dat
1 15 60 -112 530 0 0 -1 0 1 0 1 0 0 3002.dat
1 15 -60 -112 530 0 0 -1 0 1 0 1 0 0 3002.dat
1 4 0 -112 840 0 0 -1 0 1 0 1 0 0 3001.dat
1 15 -30 -112 780 0 0 -1 0 1 0 1 0 0 6111.dat
1 15 30 -112 780 0 0 -1 0 1 0 1 0 0 6111.dat
1 15 0 -112 890 1 0 0 0 1 0 0 0 1 3703.dat
1 15 50 -112 580 0 0 -1 0 1 0 1 0 0 3660.dat
1 15 50 -112 620 0 0 -1 0 1 0 1 0 0 3660.dat
1 15 50 -112 660 0 0 -1 0 1 0 1 0 0 3660.dat
1 15 -50 -112 700 0 0 1 0 1 0 -1 0 0 3660.dat
1 15 -50 -112 660 0 0 1 0 1 0 -1 0 0 3660.dat
1 15 -50 -112 620 0 0 1 0 1 0 -1 0 0 3660.dat
1 15 -50 -112 580 0 0 1 0 1 0 -1 0 0 3660.dat
1 15 -50 -112 230 0 0 1 0 1 0 -1 0 0 3040.dat
1 15 50 -112 230 0 0 -1 0 1 0 1 0 0 3040.dat
1 15 50 -112 700 0 0 -1 0 1 0 1 0 0 3660.dat
1 15 141.3245 -58.049 180 0 -0.383 -0.924 0 -0.924 0.383 -1 0 0 30504.dat
1 15 141.191 -58.102 340 -0.924 -0.383 0 0.383 -0.924 0 0 0 1 41539.dat
1 15 141.191 -58.102 460 0 -0.383 -0.924 0 -0.924 0.383 -1 0 0 3934.dat
1 4 208.935 -77.52 260 0 -0.383 -0.924 0 -0.924 0.383 -1 0 0 2412.dat
1 4 208.935 -77.52 420 0 -0.383 -0.924 0 -0.924 0.383 -1 0 0 2412.dat
1 320 208.9523 -77.447 340 0 -0.383383 -0.924924 0 -0.924924 0.383383 -1 0 0 6636.dat
1 0 101.167 -50.174 450 -0.924 -0.383 0 0.383 -0.924 0 0 0 1 30365.dat
1 0 101.167 -50.174 230 -0.924 -0.383 0 0.383 -0.924 0 0 0 1 30365.dat
1 7 101.167 -50.174 340 0 -0.383 -0.924 0 -0.924 0.383 -1 0 0 3006.dat
1 8 91.975 -72.35 340 0 -0.383 -0.924 0 -0.924 0.383 -1 0 0 2445.dat
1 7 88.815 -27.73 260 0 -0.383 -0.924 0 -0.924 0.383 -1 0 0 3068.dat
1 7 88.815 -27.73 420 0 -0.383 -0.924 0 -0.924 0.383 -1 0 0 3068.dat
1 0 162.735 -58.37 240 0 -0.383 -0.924 0 -0.924 0.383 -1 0 0 4150.dat
1 0 162.735 -58.37 300 0 -0.383 -0.924 0 -0.924 0.383 -1 0 0 4150.dat
1 0 162.735 -58.37 360 0 -0.383 -0.924 0 -0.924 0.383 -1 0 0 4032.dat
1 0 162.735 -58.37 420 0 -0.383 -0.924 0 -0.924 0.383 -1 0 0 4032.dat
1 15 171.927 -36.194 360 0 -0.383 -0.924 0 -0.924 0.383 -1 0 0 30367.dat
1 15 171.927 -36.194 420 0 -0.383 -0.924 0 -0.924 0.383 -1 0 0 30367.dat
1 15 -141.1904 -58.0487 180 -0.924 0.383 0 -0.383 -0.924 0 0 0 1 30504.dat
1 15 -141.191 -58.102 340 -0.924 0.383 0 -0.383 -0.924 0 0 0 1 41539.dat
1 15 -141.191 -58.102 460 0 0.383 0.924 0 -0.924 0.383 1 0 0 3933.dat
1 4 -208.935 -77.52 260 0 0.383 0.924 0 -0.924 0.383 1 0 0 2412.dat
1 4 -208.935 -77.52 420 0 0.383 0.924 0 -0.924 0.383 1 0 0 2412.dat
1 320 -209.1267 -77.4468 340 0 0.383383 0.924924 0 -0.924924 0.383383 1 0 0 6636.dat
1 0 -101.167 -50.174 450 0.924 0.383 0 0.383 -0.924 0 0 0 -1 30365.dat
1 0 -101.167 -50.174 230 0.924 0.383 0 0.383 -0.924 0 0 0 -1 30365.dat
1 7 -101.167 -50.174 340 0 0.383 0.924 0 -0.924 0.383 1 0 0 3006.dat
1 8 -91.975 -72.35 340 0 0.383 0.924 0 -0.924 0.383 1 0 0 2445.dat
1 7 -88.815 -27.73 260 0 0.383 0.924 0 -0.924 0.383 1 0 0 3068.dat
1 7 -88.815 -27.73 420 0 0.383 0.924 0 -0.924 0.383 1 0 0 3068.dat
1 0 -162.735 -58.37 240 0 0.383 0.924 0 -0.924 0.383 1 0 0 4150.dat
1 0 -162.735 -58.37 300 0 0.383 0.924 0 -0.924 0.383 1 0 0 4150.dat
1 0 -162.735 -58.37 360 0 0.383 0.924 0 -0.924 0.383 1 0 0 4032.dat
1 0 -162.735 -58.37 420 0 0.383 0.924 0 -0.924 0.383 1 0 0 4032.dat
1 15 -171.927 -36.194 360 0 0.383 0.924 0 -0.924 0.383 1 0 0 30367.dat
1 15 -171.927 -36.194 420 0 0.383 0.924 0 -0.924 0.383 1 0 0 30367.dat
1 8 0 -119 940 0 0 -1 0 1 0 1 0 0 2445.dat
1 7 -30 -119 860 0 0 -1 0 1 0 1 0 0 3710.dat
1 7 30 -119 860 0 0 -1 0 1 0 1 0 0 3710.dat
1 8 0 -135 940 0 0 -1 0 1 0 1 0 0 2445.dat
1 7 -30 -135 860 0 0 -1 0 1 0 1 0 0 3710.dat
1 7 30 -135 860 0 0 -1 0 1 0 1 0 0 3710.dat
1 7 0 -143 910 1 0 0 0 1 0 0 0 1 3023.dat
1 7 0 -143 1050 1 0 0 0 1 0 0 0 1 3023.dat
1 4 0 -151 980 0 0 1 0 1 0 -1 0 0 3034.dat
1 7 -10 -159 980 0 0 1 0 1 0 -1 0 0 4162.dat
1 7 10 -159 980 0 0 1 0 1 0 -1 0 0 4162.dat
1 8 0 -127 860 0 0 -1 0 1 0 1 0 0 3031.dat
1 4 10 -127 980 0 0 -1 0 1 0 1 0 0 4510.dat
1 4 -10 -127 980 0 0 1 0 1 0 -1 0 0 4510.dat
1 1 60 -136 280 0 0 -1 0 1 0 1 0 0 2434.dat
1 1 -60 -136 280 0 0 -1 0 1 0 1 0 0 2434.dat
1 1 -60 -136 420 0 0 -1 0 1 0 1 0 0 2434.dat
1 1 60 -136 420 0 0 -1 0 1 0 1 0 0 2434.dat
1 15 -60 -136 540 0 0 -1 0 1 0 1 0 0 3001.dat
1 15 60 -136 540 0 0 -1 0 1 0 1 0 0 3001.dat
1 7 70 -136 620 0 0 -1 0 1 0 1 0 0 30414.dat
1 7 -70 -136 620 0 0 1 0 1 0 -1 0 0 30414.dat
1 7 0 -136 710 -1 0 0 0 1 0 0 0 -1 3008.dat
1 7 -40 -136 230 -1 0 0 0 1 0 0 0 -1 32000.dat
1 7 40 -136 230 -1 0 0 0 1 0 0 0 -1 32000.dat
1 15 70 -136 680 0 0 -1 0 1 0 1 0 0 2877.dat
1 15 -70 -136 680 0 0 1 0 1 0 -1 0 0 2877.dat
1 15 0 -160 240 -1 0 0 0 1 0 0 0 -1 2456.dat
1 15 0 -160 440 -1 0 0 0 1 0 0 0 -1 2456.dat
1 15 60 -160 620 0 0 -1 0 1 0 1 0 0 3006.dat
1 15 -60 -160 620 0 0 -1 0 1 0 1 0 0 3006.dat
1 15 -30 -160 780 0 0 -1 0 1 0 1 0 0 3008.dat
1 15 30 -160 780 0 0 -1 0 1 0 1 0 0 3008.dat
1 15 0 -160 880 1 0 0 0 1 0 0 0 1 3001.dat
1 7 0 -160 510 1 0 0 0 1 0 0 0 1 3008.dat
1 15 -140 -160 890 1 0 0 0 1 0 0 0 1 3245b.dat
1 15 140 -160 890 1 0 0 0 1 0 0 0 1 3245b.dat
1 7 -40 -184 230 -1 0 0 0 1 0 0 0 -1 30364.dat
1 7 40 -184 230 1 0 0 0 1 0 0 0 1 30364.dat
1 7 -40 -184 450 -1 0 0 0 1 0 0 0 -1 30364.dat
1 7 40 -184 450 1 0 0 0 1 0 0 0 1 30364.dat
1 15 0 -184 450 -1 0 0 0 1 0 0 0 -1 2877.dat
1 7 0 -184 230 -1 0 0 0 1 0 0 0 -1 32000.dat
1 15 0 -184 890 1 0 0 0 1 0 0 0 1 3703.dat
1 15 0 -184 860 1 0 0 0 1 0 0 0 1 3001.dat
1 15 0 -184 830 1 0 0 0 1 0 0 0 1 3010.dat
1 15 -50 -184 710 1 0 0 0 1 0 0 0 1 3622.dat
1 15 50 -184 710 1 0 0 0 1 0 0 0 1 3622.dat
1 15 30 -184 750 0 0 1 0 1 0 -1 0 0 3622.dat
1 15 -30 -184 750 0 0 1 0 1 0 -1 0 0 3622.dat
1 15 -50 -184 580 0 0 1 0 1 0 -1 0 0 4445.dat
1 15 50 -184 580 0 0 -1 0 1 0 1 0 0 4445.dat
1 19 50 -184 680 0 0 -1 0 1 0 1 0 0 3039.dat
1 19 -50 -184 680 0 0 1 0 1 0 -1 0 0 3039.dat
1 19 -30 -208 890 0 0 1 0 1 0 -1 0 0 4286.dat
1 19 30 -208 890 0 0 -1 0 1 0 1 0 0 4286.dat
1 7 -30 -200 800 0 0 -1 0 1 0 1 0 0 3700.dat
1 7 30 -200 800 0 0 -1 0 1 0 1 0 0 3700.dat
1 7 30 -168 800 0 0 -1 0 1 0 1 0 0 3023.dat
1 7 30 -176 800 0 0 -1 0 1 0 1 0 0 3023.dat
1 7 -30 -168 800 0 0 -1 0 1 0 1 0 0 3023.dat
1 7 -30 -176 800 0 0 -1 0 1 0 1 0 0 3023.dat
1 7 -120 -192 890 1 0 0 0 1 0 0 0 1 2431.dat
1 7 120 -192 890 1 0 0 0 1 0 0 0 1 2431.dat
1 4 0 -184 430 1 0 0 0 1 0 0 0 1 3009.dat
1 4 0 -184 250 1 0 0 0 1 0 0 0 1 3009.dat
1 4 0 -208 860 0 0 1 0 1 0 -1 0 0 3001.dat
1 15 0 -192 230 -1 0 0 0 1 0 0 0 -1 3666.dat
1 15 40 -208 750 -1 0 0 0 1 0 0 0 -1 6564.dat
1 15 -40 -208 850 1 0 0 0 1 0 0 0 1 6564.dat
1 15 40 -208 850 1 0 0 0 1 0 0 0 1 6565.dat
1 15 -40 -208 750 -1 0 0 0 1 0 0 0 -1 6565.dat
1 15 0 -192 400 0 0 -1 0 1 0 1 0 0 3027.dat
1 15 0 -208 600 0 0 -1 0 1 0 1 0 0 32083.dat
1 15 0 -208 680 0 0 -1 0 1 0 1 0 0 32083.dat
1 7 0 -208 800 1 0 0 0 1 0 0 0 1 3020.dat
1 0 168 -115 340 0 -1 0 0 0 -1 1 0 0 3832.dat
1 7 192 -115 340 0 -1 0 0 0 -1 1 0 0 3007.dat
1 0 160 -125 260 0 -1 0 0 0 1 -1 0 0 4276.dat
1 0 160 -105 260 0 -1 0 0 0 1 -1 0 0 4276.dat
1 0 160 -105 420 0 -1 0 0 0 -1 1 0 0 4276.dat
1 0 160 -125 420 0 -1 0 0 0 -1 1 0 0 4276.dat
1 15 152 -115 260 0 -1 0 0 0 -1 1 0 0 30145.dat
1 15 152 -115 410 0 -1 0 1 0 0 0 0 1 2362.dat
1 15 152 -115 430 0 -1 0 -1 0 0 0 0 -1 2362.dat
1 8 200 -125 320 0 -1 0 0 0 -1 1 0 0 2412.dat
1 8 200 -105 340 0 -1 0 0 0 -1 1 0 0 2412.dat
1 8 200 -105 400 0 -1 0 0 0 -1 1 0 0 2412.dat
1 0 200 -125 410 0 -1 0 1 0 0 0 0 1 2555.dat
1 0 200 -125 350 0 -1 0 1 0 0 0 0 1 2555.dat
1 7 200 -105 370 0 -0.242 0.97 1 0 0 0 0.97 0.242 4593.dat
1 0 200 -105 370 0 -1 0 1 0 0 0 0 1 4592.dat
1 8 200 -105 280 0 -1 0 0 0 1 -1 0 0 3794.dat
1 8 200 -105 310 0 -1 0 0 0 1 -1 0 0 6141.dat
1 8 206 -125 420 1 0 0 0 0 1 0 -1 0 30374.dat
1 8 204 -105 280 0 -1 0 0 0 1 -1 0 0 30162.dat
1 7 135.974 -115 207.3 0.755 -0.656 0 0 0 -1 0.656 0.755 0 4871.dat
1 1 130.726 -115 213.34 0.755 -0.656 0 0 0 -1 0.656 0.755 0 3022.dat
1 7 135.974 -125 207.3 0.755 -0.656 0 0 0 -1 0.656 0.755 0 4275.dat
1 7 135.974 -105 207.3 0.755 -0.656 0 0 0 -1 0.656 0.755 0 4275.dat
1 7 148.772 -115 207.82 0 -0.656 -0.755 -1 0 0 0 0.755 -0.656 2625.dat
1 0 113.324 -115 187.62 0 -0.656 0.755 1 0 0 0 0.755 0.656 3660.dat
1 0 108.72 -165 162.42 -0.755 -0.656 0 0 0 1 -0.656 0.755 0 2555.dat
1 0 108.72 -105 162.42 -0.755 -0.656 0 0 0 1 -0.656 0.755 0 2555.dat
1 0 123.82 -105 175.54 -0.755 -0.656 0 0 0 1 -0.656 0.755 0 2555.dat
1 0 123.82 -165 175.54 -0.755 -0.656 0 0 0 1 -0.656 0.755 0 2555.dat
1 8 146.47 -85 195.22 -0.755 -0.656 0 0 0 1 -0.656 0.755 0 2412.dat
1 8 191.77 -125 234.58 -0.755 -0.656 0 0 0 1 -0.656 0.755 0 2412.dat
1 8 154.02 -115 201.78 0 -0.656 -0.755 -1 0 0 0 0.755 -0.656 2412.dat
1 8 138.92 -135 188.66 0 -0.656 -0.755 -1 0 0 0 0.755 -0.656 2412.dat
1 8 138.92 -105 188.66 0 -0.656 -0.755 -1 0 0 0 0.755 -0.656 6141.dat
1 8 154.02 -145 201.78 0 -0.656 -0.755 -1 0 0 0 0.755 -0.656 6141.dat
1 8 184.22 -105 228.02 0.755 -0.656 0 0 0 -1 0.656 0.755 0 6190.dat
1 8 123.82 -75 175.54 0 -0.656 0.755 1 0 0 0 0.755 0.656 3794.dat
1 0 169.12 -125 214.9 0 -0.656 0.755 1 0 0 0 0.755 0.656 4592.dat
1 7 169.12 -125 214.9 0 0.58777 0.808819 1 0 0 0 0.808819 -0.58777 4593.dat
1 8 126.444 -75 172.52 0 -0.656 0.755 1 0 0 0 0.755 0.656 30162.dat
1 8 112.656 -95 157.89 -0.656 0 0.755 0 -1 0 0.755 0 0.656 30374.dat
1 8 127.756 -95 171.01 -0.656 0 0.755 0 -1 0 0.755 0 0.656 30374.dat
1 7 135.974 -115 472.7 0.755 -0.656 0 0 0 1 -0.656 -0.755 0 4871.dat
1 1 130.726 -115 466.66 0.755 -0.656 0 0 0 1 -0.656 -0.755 0 3022.dat
1 7 135.974 -105 472.7 0.755 -0.656 0 0 0 1 -0.656 -0.755 0 4275.dat
1 7 135.974 -125 472.7 0.755 -0.656 0 0 0 1 -0.656 -0.755 0 4275.dat
1 15 148.772 -115 472.18 0 -0.656 -0.755 1 0 0 0 -0.755 0.656 2625.dat
1 0 113.324 -115 492.38 0 -0.656 0.755 -1 0 0 0 -0.755 -0.656 3660.dat
1 0 -168 -115 340 0 1 0 0 0 -1 -1 0 0 3832.dat
1 7 -192 -115 340 0 1 0 0 0 -1 -1 0 0 3007.dat
1 0 -160 -125 260 0 1 0 0 0 -1 -1 0 0 4276.dat
1 0 -160 -105 260 0 1 0 0 0 -1 -1 0 0 4276.dat
1 0 -160 -105 420 0 1 0 0 0 1 1 0 0 4276.dat
1 0 -160 -125 420 0 1 0 0 0 1 1 0 0 4276.dat
1 15 -152 -115 260 0 1 0 0 0 -1 -1 0 0 30145.dat
1 15 -152 -115 410 0 1 0 -1 0 0 0 0 1 2362.dat
1 15 -152 -115 430 0 1 0 1 0 0 0 0 -1 2362.dat
1 8 -200 -125 320 0 1 0 0 0 -1 -1 0 0 2412.dat
1 8 -200 -105 340 0 1 0 0 0 -1 -1 0 0 2412.dat
1 8 -200 -105 400 0 1 0 0 0 -1 -1 0 0 2412.dat
1 0 -200 -125 410 0 1 0 -1 0 0 0 0 1 2555.dat
1 0 -200 -125 350 0 1 0 -1 0 0 0 0 1 2555.dat
1 7 -200 -105 370 0 0.242 -0.97 -1 0 0 0 0.97 0.242 4593.dat
1 0 -200 -105 370 0 1 0 -1 0 0 0 0 1 4592.dat
1 8 -200 -105 280 0 1 0 0 0 1 1 0 0 3794.dat
1 8 -200 -105 310 0 1 0 0 0 1 1 0 0 6141.dat
1 8 -206 -125 420 1 0 0 0 0 1 0 -1 0 30374.dat
1 8 -204 -105 280 0 1 0 0 0 1 1 0 0 30162.dat
1 7 -135.983 -115 207.299 0.755 0.656 0 0 0 -1 -0.656 0.755 0 4871.dat
1 1 -130.734 -115 213.337 0.755 0.656 0 0 0 -1 -0.656 0.755 0 3022.dat
1 7 -135.983 -125 207.299 -0.755 0.656 0 0 0 1 0.656 0.755 0 4275.dat
1 7 -135.983 -105 207.299 -0.755 0.656 0 0 0 1 0.656 0.755 0 4275.dat
1 7 -148.779 -115 207.822 0 0.656 0.755 1 0 0 0 0.755 -0.656 2625.dat
1 0 -113.342 -115 187.618 0 0.656 -0.755 -1 0 0 0 0.755 0.656 3660.dat
1 0 -108.744 -165 162.421 -0.755 0.656 0 0 0 1 0.656 0.755 0 2555.dat
1 0 -108.744 -105 162.421 -0.755 0.656 0 0 0 1 0.656 0.755 0 2555.dat
1 0 -123.839 -105 175.542 -0.755 0.656 0 0 0 1 0.656 0.755 0 2555.dat
1 0 -123.839 -165 175.542 -0.755 0.656 0 0 0 1 0.656 0.755 0 2555.dat
1 8 -146.48 -85 195.224 -0.755 0.656 0 0 0 1 0.656 0.755 0 2412.dat
1 8 -191.762 -125 234.588 -0.755 0.656 0 0 0 1 0.656 0.755 0 2412.dat
1 8 -154.027 -115 201.785 0 0.656 0.755 1 0 0 0 0.755 -0.656 2412.dat
1 8 -138.933 -135 188.663 0 0.656 0.755 1 0 0 0 0.755 -0.656 2412.dat
1 8 -138.933 -105 188.663 0 0.656 0.755 1 0 0 0 0.755 -0.656 6141.dat
1 8 -154.027 -145 201.785 0 0.656 0.755 1 0 0 0 0.755 -0.656 6141.dat
1 8 -184.215 -105 228.027 0.755 0.656 0 0 0 -1 -0.656 0.755 0 6190.dat
1 8 -123.839 -75 175.542 0 0.656 -0.755 -1 0 0 0 0.755 0.656 3794.dat
1 0 -169.121 -125 214.906 0 0.656 -0.755 -1 0 0 0 0.755 0.656 4592.dat
1 7 -169.121 -125 214.906 0 -0.588 -0.809 -1 0 0 0 0.809 -0.588 4593.dat
1 8 -126.463 -75 172.523 0 0.656 -0.755 -1 0 0 0 0.755 0.656 30162.dat
1 8 -112.681 -95 157.893 -0.656 0 -0.755 0 -1 0 -0.755 0 0.656 30374.dat
1 8 -127.775 -95 171.014 -0.656 0 -0.755 0 -1 0 -0.755 0 0.656 30374.dat
1 7 -135.983 -115 472.701 0.755 0.656 0 0 0 1 0.656 -0.755 0 4871.dat
1 1 -130.734 -115 466.663 0.755 0.656 0 0 0 1 0.656 -0.755 0 3022.dat
1 7 -135.983 -105 472.701 -0.755 0.656 0 0 0 -1 -0.656 -0.755 0 4275.dat
1 7 -135.983 -125 472.701 -0.755 0.656 0 0 0 -1 -0.656 -0.755 0 4275.dat
1 15 -148.779 -115 472.178 0 0.656 0.755 -1 0 0 0 -0.755 0.656 2625.dat
1 0 -113.342 -115 492.382 0 0.656 -0.755 1 0 0 0 -0.755 -0.656 3660.dat
1 15 56 -130 800 0 -1 0 -1 0 0 0 0 -1 3035.dat
1 7 64 -170 840 0 -1 0 -1 0 0 0 0 -1 30565.dat
1 7 64 -90 840 0 -1 0 0 0 -1 1 0 0 30565.dat
1 7 64 -90 760 0 -1 0 1 0 0 0 0 1 30565.dat
1 7 64 -170 760 0 -1 0 0 0 1 -1 0 0 30565.dat
1 15 136 -130 800 0 -1 0 0 0 1 -1 0 0 30145.dat
1 15 208 -130 800 0 -1 0 0 0 1 -1 0 0 30145.dat
1 15 208 -130 800 0 -1 0 0 0 1 -1 0 0 30562.dat
1 15 208 -130 800 0 -1 0 -1 0 0 0 0 -1 30562.dat
1 15 208 -130 800 0 -1 0 0 0 -1 1 0 0 30562.dat
1 15 208 -130 800 0 -1 0 1 0 0 0 0 1 30562.dat
1 320 216.021 -129.953 800 0 -1.001 0 1.001 0 0 0 0 1 6177.dat
1 15 224 -120 810 0 -1 0 1 0 0 0 0 1 30357.dat
1 15 224 -120 790 0 -1 0 0 0 1 -1 0 0 30357.dat
1 15 224 -140 790 0 -1 0 -1 0 0 0 0 -1 30357.dat
1 15 224 -140 810 0 -1 0 0 0 -1 1 0 0 30357.dat
1 7 232 -130 830 0 -1 0 1 0 0 0 0 1 2412.dat
1 7 232 -110 790 0 -1 0 1 0 0 0 0 1 2412.dat
1 8 232 -130 810 0 -1 0 1 0 0 0 0 1 2412.dat
1 7 232 -100 810 0 -1 0 0 0 1 -1 0 0 2555.dat
1 7 232 -160 810 0 -1 0 0 0 1 -1 0 0 2555.dat
1 7 232 -150 780 0 -1 0 0 0 1 -1 0 0 4150.dat
1 7 248 -120 770 0 -1 0 0 0 1 -1 0 0 4599.dat
1 4 248 -160 770 0 -1 0 0 0 1 -1 0 0 3063.dat
1 4 248 -160 830 0 -1 0 -1 0 0 0 0 -1 3063.dat
1 4 248 -100 830 0 -1 0 0 0 -1 1 0 0 3063.dat
1 4 248 -100 770 0 -1 0 1 0 0 0 0 1 3063.dat
1 320 248.037 -179.978 800 0 -1.001 0 0 0 1.001 -1 0 0 3039.dat
1 320 248.037 -129.953 850 0 -1.001 0 -1.001 0 0 0 0 -1 3039.dat
1 320 248.037 -79.928 800 0 -1.001 0 0 0 -1.001 1 0 0 3039.dat
1 320 248.037 -129.953 750 0 -1.001 0 1.001 0 0 0 0 1 3039.dat
1 4 48 -190 800 0 -1 0 1 0 0 0 0 1 2476.dat
1 4 48 -70 800 0 -1 0 1 0 0 0 0 1 2476.dat
1 15 224 -120 870 0 -1 0 1 0 0 0 0 1 6141.dat
1 15 224 -140 870 0 -1 0 1 0 0 0 0 1 6141.dat
1 15 224 -200 810 0 -1 0 1 0 0 0 0 1 6141.dat
1 15 224 -200 790 0 -1 0 1 0 0 0 0 1 6141.dat
1 15 224 -140 730 0 -1 0 1 0 0 0 0 1 6141.dat
1 15 224 -120 730 0 -1 0 1 0 0 0 0 1 6141.dat
1 15 224 -60 790 0 -1 0 1 0 0 0 0 1 6141.dat
1 15 224 -60 810 0 -1 0 1 0 0 0 0 1 6141.dat
1 8 238 -170 810 1 0 0 0 1 0 0 0 1 30374.dat
1 15 -56 -130 800 0 1 0 -1 0 0 0 0 1 3035.dat
1 7 -64 -170 760 0 1 0 -1 0 0 0 0 1 30565.dat
1 7 -64 -90 760 0 1 0 0 0 -1 -1 0 0 30565.dat
1 7 -64 -90 840 0 1 0 1 0 0 0 0 -1 30565.dat
1 7 -64 -170 840 0 1 0 0 0 1 1 0 0 30565.dat
1 15 -136 -130 800 0 1 0 0 0 1 1 0 0 30145.dat
1 15 -208 -130 800 0 1 0 0 0 1 1 0 0 30145.dat
1 15 -208 -130 800 0 1 0 0 0 1 1 0 0 30562.dat
1 15 -208 -130 800 0 1 0 -1 0 0 0 0 1 30562.dat
1 15 -208 -130 800 0 1 0 0 0 -1 -1 0 0 30562.dat
1 15 -208 -130 800 0 1 0 1 0 0 0 0 -1 30562.dat
1 320 -216.021 -129.953 800 0 1.001 0 1.001 0 0 0 0 -1 6177.dat
1 15 -224 -120 790 0 1 0 1 0 0 0 0 -1 30357.dat
1 15 -224 -120 810 0 1 0 0 0 1 1 0 0 30357.dat
1 15 -224 -140 810 0 1 0 -1 0 0 0 0 1 30357.dat
1 15 -224 -140 790 0 1 0 0 0 -1 -1 0 0 30357.dat
1 7 -232 -130 770 0 1 0 1 0 0 0 0 -1 2412.dat
1 7 -232 -110 810 0 1 0 1 0 0 0 0 -1 2412.dat
1 8 -232 -130 790 0 1 0 1 0 0 0 0 -1 2412.dat
1 7 -232 -100 790 0 1 0 0 0 1 1 0 0 2555.dat
1 7 -232 -160 790 0 1 0 0 0 1 1 0 0 2555.dat
1 7 -232 -150 820 0 1 0 0 0 1 1 0 0 4150.dat
1 7 -248 -120 830 0 1 0 0 0 1 1 0 0 4599.dat
1 4 -248 -160 830 0 1 0 0 0 1 1 0 0 3063.dat
1 4 -248 -160 770 0 1 0 -1 0 0 0 0 1 3063.dat
1 4 -248 -100 770 0 1 0 0 0 -1 -1 0 0 3063.dat
1 4 -248 -100 830 0 1 0 1 0 0 0 0 -1 3063.dat
1 320 -248.037 -179.978 800 0 1.001 0 0 0 1.001 1 0 0 3039.dat
1 320 -248.037 -129.953 750 0 1.001 0 -1.001 0 0 0 0 1 3039.dat
1 320 -248.037 -79.928 800 0 1.001 0 0 0 -1.001 -1 0 0 3039.dat
1 320 -248.037 -129.953 850 0 1.001 0 1.001 0 0 0 0 -1 3039.dat
1 4 -48 -190 800 0 1 0 1 0 0 0 0 -1 2476.dat
1 4 -48 -70 800 0 1 0 1 0 0 0 0 -1 2476.dat
1 15 -224 -120 730 0 1 0 1 0 0 0 0 -1 6141.dat
1 15 -224 -140 730 0 1 0 1 0 0 0 0 -1 6141.dat
1 15 -224 -200 790 0 1 0 1 0 0 0 0 -1 6141.dat
1 15 -224 -200 810 0 1 0 1 0 0 0 0 -1 6141.dat
