0 
0 Name: New Model.ldr
0 Author: 
1 0 -310 0 10 -0.382683 0 -0.92388 0 1 0 0.92388 0 -0.382683 3034.dat
1 0 -287.039 8 -45.4328 0.92388 0 -0.382683 0 1 0 0.382683 0 0.92388 4600.dat
1 0 -302.3463 8 -8.4776 0.92388 0 -0.382683 0 1 0 0.382683 0 0.92388 4600.dat
1 0 -317.6537 8 28.4776 0.92388 0 -0.382683 0 1 0 0.382683 0 0.92388 4600.dat
1 0 -332.961 8 65.4328 0.92388 0 -0.382683 0 1 0 0.382683 0 0.92388 4600.dat
1 4 -298.5195 -8 -17.7164 0.92388 0 -0.382683 0 1 0 0.382683 0 0.92388 3023.dat
1 4 -321.4805 -8 37.7164 0.92388 0 -0.382683 0 1 0 0.382683 0 0.92388 3023.dat
1 0 -283.2122 -24 -54.6716 0.92388 0 -0.382683 0 1 0 0.382683 0 0.92388 3039.dat
1 0 -336.7878 -24 74.6716 -0.92388 0 0.382683 0 1 0 -0.382683 0 -0.92388 3039.dat
1 4 -336.7878 -32 74.6716 0.92388 0 -0.382683 0 1 0 0.382683 0 0.92388 3839.dat
1 4 -283.2122 -32 -54.6716 -0.92388 0 0.382683 0 1 0 -0.382683 0 -0.92388 3839.dat
1 0 -310 -40 10 0.92388 0 -0.382683 0 1 0 0.382683 0 0.92388 4732.dat
1 4 -336.7878 -48 74.6716 0.92388 0 -0.382683 0 1 0 0.382683 0 0.92388 2412.dat
1 4 -329.1342 -48 56.194 0.92388 0 -0.382683 0 1 0 0.382683 0 0.92388 2412.dat
1 0 -323.0656 -24 15.412 0.382683 0 0.92388 0 1 0 -0.92388 0 0.382683 4081.dat
1 0 -304.588 -24 23.0656 -0.382683 0 -0.92388 0 1 0 0.92388 0 -0.382683 4081.dat
1 33 -330.7193 -48 33.8896 -0.382683 0 -0.92388 0 1 0 0.92388 0 -0.382683 6141.dat
1 33 -312.2417 -48 41.5432 -0.382683 0 -0.92388 0 1 0 0.92388 0 -0.382683 6141.dat
1 33 -330.8281 -22 -18.1103 0 -0.382683 -0.92388 -1 0 0 0 0.92388 -0.382683 4589.dat
1 33 -275.3953 -22 4.8506 0 -0.382683 -0.92388 -1 0 0 0 0.92388 -0.382683 4589.dat
1 0 -287.039 -48 -45.4328 -0.92388 0 0.382683 0 1 0 -0.382683 0 -0.92388 3068.dat
1 7 -259.3226 13 -33.9523 -0.382683 0 -0.92388 0 1 0 0.92388 0 -0.382683 4624.dat
1 256 -259.3226 13 -33.9523 -0.382683 0 -0.92388 0 1 0 0.92388 0 -0.382683 3641.dat
1 7 -314.7554 13 -56.9133 0.382683 0 0.92388 0 1 0 -0.92388 0 0.382683 4624.dat
1 256 -314.7554 13 -56.9133 0.382683 0 0.92388 0 1 0 -0.92388 0 0.382683 3641.dat
1 7 -274.6299 13 3.0029 -0.382683 0 -0.92388 0 1 0 0.92388 0 -0.382683 4624.dat
1 256 -274.6299 13 3.0029 -0.382683 0 -0.92388 0 1 0 0.92388 0 -0.382683 3641.dat
1 7 -330.0627 13 -19.9581 0.382683 0 0.92388 0 1 0 -0.92388 0 0.382683 4624.dat
1 256 -330.0627 13 -19.9581 0.382683 0 0.92388 0 1 0 -0.92388 0 0.382683 3641.dat
1 7 -289.9373 13 39.9581 -0.382683 0 -0.92388 0 1 0 0.92388 0 -0.382683 4624.dat
1 256 -289.9373 13 39.9581 -0.382683 0 -0.92388 0 1 0 0.92388 0 -0.382683 3641.dat
1 7 -345.3701 13 16.9971 0.382683 0 0.92388 0 1 0 -0.92388 0 0.382683 4624.dat
1 256 -345.3701 13 16.9971 0.382683 0 0.92388 0 1 0 -0.92388 0 0.382683 3641.dat
1 7 -305.2446 13 76.9133 -0.382683 0 -0.92388 0 1 0 0.92388 0 -0.382683 4624.dat
1 256 -305.2446 13 76.9133 -0.382683 0 -0.92388 0 1 0 0.92388 0 -0.382683 3641.dat
1 7 -360.6774 13 53.9523 0.382683 0 0.92388 0 1 0 -0.92388 0 0.382683 4624.dat
1 256 -360.6774 13 53.9523 0.382683 0 0.92388 0 1 0 -0.92388 0 0.382683 3641.dat
