0 
0 Name: New Model.ldr
0 Author: 
1 0 160 40 0 -0.9724 0.2334 0 0.2334 0.9724 0 0 0 -1 32064.dat
1 0 162.3344 49.7237 10 0 0.2334 0.9724 0 0.9724 -0.2334 -1 0 0 3706.dat
1 0 160 40 20 -0.9724 0.2334 0 0.2334 0.9724 0 0 0 -1 32064.dat
1 0 158.1324 32.221 10 -0.9724 0.2334 0 0.2334 0.9724 0 0 0 -1 3068.dat
1 3 317.914 12.3725 40 -0.2334 0 0.9724 -0.9724 0 -0.2334 0 -1 0 32009.dat
1 0 299.238 -65.4171 10 0 0.2334 0.9724 0 0.9724 -0.2334 -1 0 0 3705.dat
1 0 279.019 21.7103 50 0 0.2334 0.9724 0 0.9724 -0.2334 -1 0 0 2780.dat
1 0 181.7818 45.0548 50 0 0.2334 0.9724 0 0.9724 -0.2334 -1 0 0 2780.dat
1 0 220.6766 35.717 10 0 0.2334 0.9724 0 0.9724 -0.2334 -1 0 0 3706.dat
1 0 240.124 31.0481 10 0 -0.6361 0.7716 0 0.7716 0.6361 -1 0 0 3706.dat
1 0 240.124 31.0481 20 0.6361 0 0.7716 -0.7716 0 0.6361 0 -1 0 6629.dat
1 0 240.124 31.0481 0 0.6361 0 0.7716 -0.7716 0 0.6361 0 -1 0 6629.dat
1 7 220.6766 35.717 25 -0.9724 0.2334 0 0.2334 0.9724 0 0 0 -1 32123.dat
1 7 220.6766 35.717 -5 -0.9724 0.2334 0 0.2334 0.9724 0 0 0 -1 32123.dat
1 7 220.6766 35.717 10 0 -0.9724 0.2334 0 0.2334 0.9724 -1 0 0 6536.dat
1 7 198.8948 30.6622 10 -0.2334 -0.9724 0 -0.9724 0.2334 0 0 0 -1 3673.dat
1 3 317.914 12.3725 -20 -0.2334 0 0.9724 -0.9724 0 -0.2334 0 -1 0 32009.dat
1 0 181.7818 45.0548 -30 0 0.2334 0.9724 0 0.9724 -0.2334 -1 0 0 2780.dat
1 0 279.019 21.7103 -30 0 0.2334 0.9724 0 0.9724 -0.2334 -1 0 0 2780.dat
1 0 121.1052 49.3378 60 -0.9724 0.2334 0 0.2334 0.9724 0 0 0 -1 3702.dat
1 7 65.0975 73.0682 50 0 -0.9724 0.2334 0 0.2334 0.9724 -1 0 0 3749.dat
1 7 65.0975 73.0682 32 0.2334 -0.9724 0 0.9724 0.2334 0 0 0 1 6538.dat
1 0 65.0975 73.0682 -10 0 0.2334 0.9724 0 0.9724 -0.2334 -1 0 0 3705.dat
1 14 65.0975 73.0682 10 -0.9724 0.2334 0 0.2334 0.9724 0 0 0 -1 6580.dat
1 7 65.0975 73.0682 -20 0.9724 0.2334 0 -0.2334 0.9724 0 0 0 1 3713.dat
1 256 65.0975 73.0682 10 -0.9724 0.2334 0 0.2334 0.9724 0 0 0 -1 6579.dat
1 0 196.5603 20.9385 10 -0.2334 -0.6876 -0.6876 -0.9724 0.1651 0.1651 0 0.7071 -0.7071 32014.dat
1 0 356.037 85.4931 60 -0.6378 0 -0.7702 0.7702 0 -0.6378 0 -1 0 6629.dat
1 0 356.037 85.4931 10 0 0.7702 0.6378 0 0.6378 -0.7702 -1 0 0 3706.dat
1 0 368.793 70.0896 40 0 0.7702 0.6378 0 0.6378 -0.7702 -1 0 0 32039.dat
1 0 368.793 70.0896 -20 0 0.7702 0.6378 0 0.6378 -0.7702 -1 0 0 32039.dat
1 0 356.037 85.4931 -40 -0.6378 0 -0.7702 0.7702 0 -0.6378 0 -1 0 6629.dat
1 7 375.172 62.3878 40 -0.6378 0 -0.7702 0.7702 0 -0.6378 0 -1 0 3749.dat
1 7 375.172 62.3878 -20 -0.6378 0 -0.7702 0.7702 0 -0.6378 0 -1 0 3749.dat
1 7 217.1874 15.9864 31.2132 -0.6876 -0.6876 0.2334 0.1651 0.1651 0.9724 -0.7071 0.7071 0 3749.dat
1 7 217.1874 15.9864 -11.2132 -0.6876 0.6876 0.2334 0.1651 -0.1651 0.9724 0.7071 0.7071 0 3749.dat
1 0 340.633 72.7366 10 0 0.2334 0.9724 0 0.9724 -0.2334 -1 0 0 3737.dat
1 7 340.633 72.7366 -60 0.9724 -0.2334 0 -0.2334 -0.9724 0 0 0 -1 3713.dat
1 7 340.633 72.7366 80 -0.9724 -0.2334 0 0.2334 -0.9724 0 0 0 1 3713.dat
1 0 165.6027 63.3369 10 0 0.2334 0.9724 0 0.9724 -0.2334 -1 0 0 32001.dat
1 0 121.1052 49.3378 -40 -0.9724 0.2334 0 0.2334 0.9724 0 0 0 -1 3702.dat
1 0 252.5489 -259.891 40 -0.2334 0 -0.9724 -0.9724 0 0.2334 0 1 0 6629.dat
1 14 340.633 72.7366 110 -0.9724 0.2334 0 0.2334 0.9724 0 0 0 -1 6580.dat
1 256 340.633 72.7366 110 -0.9724 0.2334 0 0.2334 0.9724 0 0 0 -1 6579.dat
1 14 340.633 72.7366 -91 0.9724 0.2334 0 -0.2334 0.9724 0 0 0 1 6580.dat
1 256 340.633 72.7366 -91 0.9724 0.2334 0 -0.2334 0.9724 0 0 0 1 6579.dat
1 0 124.5049 -262.06 30 0 -0.2334 -0.9724 0 -0.9724 0.2334 -1 0 0 2780.dat
1 0 155.312 -236.547 50 0 -0.2334 -0.9724 0 -0.9724 0.2334 -1 0 0 2780.dat
1 3 124.5049 -262.06 10 0 -0.2334 -0.9724 0 -0.9724 0.2334 -1 0 0 75535.dat
1 3 155.312 -236.547 70 0 -0.2334 -0.9724 0 -0.9724 0.2334 -1 0 0 75535.dat
1 0 124.5049 -262.06 -10 0 -0.2334 -0.9724 0 -0.9724 0.2334 -1 0 0 2780.dat
1 0 155.312 -236.547 90 0 -0.2334 -0.9724 0 -0.9724 0.2334 -1 0 0 2780.dat
1 0 252.5489 -259.891 50 0 -0.2334 -0.9724 0 -0.9724 0.2334 -1 0 0 3706.dat
1 0 194.2068 -245.884 50 0 0.7254 -0.6884 0 -0.6884 -0.7254 -1 0 0 3706.dat
1 14 165.1918 -218.35 10 0 0.6884 0.7254 0 0.7254 -0.6884 -1 0 0 6572.dat
1 7 194.2068 -245.884 10 0 -0.6884 -0.7254 0 -0.7254 0.6884 -1 0 0 6536.dat
1 0 205.8278 -284.484 10 0 -0.7254 0.6884 0 0.6884 0.7254 -1 0 0 6553.dat
1 0 205.8278 -284.484 50 0 -0.7254 0.6884 0 0.6884 0.7254 -1 0 0 3706.dat
1 7 205.8278 -284.484 -5 0.6884 -0.7254 0 0.7254 0.6884 0 0 0 1 32123.dat
1 7 205.8278 -284.484 25 0.6884 -0.7254 0 0.7254 0.6884 0 0 0 1 32123.dat
1 7 205.8278 -284.484 40 0.6884 -0.7254 0 0.7254 0.6884 0 0 0 1 3713.dat
1 7 252.5489 -259.891 60 0 0.2334 -0.9724 0 0.9724 0.2334 1 0 0 6536.dat
1 7 252.5489 -259.891 80 0 0.2334 -0.9724 0 0.9724 0.2334 1 0 0 6536.dat
1 0 266.942 -242.778 60 -0.9724 0.2334 0 0.2334 0.9724 0 0 0 -1 6628.dat
1 0 266.942 -242.778 80 -0.9724 0.2334 0 0.2334 0.9724 0 0 0 -1 6628.dat
1 7 205.7381 -284.186 55 -0.9575 0 0.2883 -0.2883 0 -0.9575 0 -1 0 32017.dat
1 0 109.1013 -274.816 70 0 0.7826 -0.6225 0 0.6225 0.7826 1 0 0 3705.dat
1 14 121.8034 -429.868 65 0.3173 0 -0.9483 -0.9483 0 -0.3173 0 1 0 32133.dat
1 14 60.1744 -450.491 65 0.3173 0 -0.9483 -0.9483 0 -0.3173 0 1 0 32080.dat
1 256 63.9677 -449.221 65 0.3173 0 -0.9483 -0.9483 0 -0.3173 0 1 0 32134.dat
1 7 109.1013 -274.816 85 -0.6225 0.7826 0 0.7826 0.6225 0 0 0 -1 32123.dat
1 0 217.527 -322.524 70 0 -0.7193 -0.6947 0 -0.6947 0.7193 -1 0 0 4519.dat
1 7 217.527 -322.524 45 -0.7193 -0.6947 0 -0.6947 0.7193 0 0 0 -1 32123.dat
1 0 194.2068 -245.884 70 0 0.7254 -0.6884 0 -0.6884 -0.7254 -1 0 0 6553.dat
1 7 219.5949 -269.977 70 0.7254 -0.6884 0 -0.6884 -0.7254 0 0 0 -1 6536.dat
1 7 109.1013 -274.816 65 -0.6225 0.7826 0 0.7826 0.6225 0 0 0 -1 32123.dat
1 7 205.7381 -284.186 85 -0.9575 0 0.2883 -0.2883 0 -0.9575 0 -1 0 32017.dat
1 8 159.4382 -307.502 60 0 -0.9426 -0.3338 0 -0.3338 0.9426 -1 0 0 32002.dat
1 8 151.6684 -325.16 60 0 -0.9426 -0.3338 0 -0.3338 0.9426 -1 0 0 32002.dat
1 8 143.9074 -342.82 60 0 -0.9426 -0.3338 0 -0.3338 0.9426 -1 0 0 32002.dat
1 8 136.1467 -360.481 60 0 -0.9426 -0.3338 0 -0.3338 0.9426 -1 0 0 32002.dat
1 8 186.4746 -393.164 60 0 -0.9426 -0.3338 0 -0.3338 0.9426 -1 0 0 32002.dat
1 8 209.7661 -340.185 60 0 -0.9426 -0.3338 0 -0.3338 0.9426 -1 0 0 32002.dat
1 7 205.8278 -284.484 100 -0.6884 -0.7254 0 -0.7254 0.6884 0 0 0 -1 3713.dat
1 7 217.527 -322.524 75 0.6947 -0.7193 0 -0.7193 -0.6947 0 0 0 -1 32123.dat
1 7 217.527 -322.524 95 0.6947 -0.7193 0 -0.7193 -0.6947 0 0 0 -1 32123.dat
1 0 252.5489 -259.891 100 -0.2334 0 -0.9724 -0.9724 0 0.2334 0 1 0 6629.dat
1 0 159.9097 -310.666 -20 -0.5852 0 -0.8109 0.8109 0 -0.5852 0 -1 0 32009.dat
1 0 113.0951 -245.793 -50 0 0.5852 -0.8109 0 -0.8109 -0.5852 -1 0 0 3705.dat
1 0 289.654 -217.036 -50 0 0.5852 -0.8109 0 -0.8109 -0.5852 -1 0 0 3705.dat
1 7 289.36 -217.085 -35 0.8109 0.5852 0 0.5852 -0.8109 0 0 0 -1 32123.dat
1 0 145.5311 -222.386 -35 0.5852 0 -0.8109 -0.8109 0 -0.5852 0 1 0 6632.dat
1 0 145.2373 -222.434 -60 0 0.5852 -0.8109 0 -0.8109 -0.5852 -1 0 0 4519.dat
1 0 145.5311 -222.386 -65 0.5852 0 -0.8109 -0.8109 0 -0.5852 0 1 0 6632.dat
1 7 289.36 -217.085 -65 0.8109 0.5852 0 0.5852 -0.8109 0 0 0 -1 32123.dat
1 0 159.9097 -310.666 -80 -0.5852 0 -0.8109 0.8109 0 -0.5852 0 -1 0 32009.dat
1 0 221.2655 -339.829 -20 0 -0.0904 0.9959 0 -0.9959 -0.0904 1 0 0 32013.dat
1 0 171.4701 -335.311 -20 -0.9959 -0.0904 0 0.0904 -0.9959 0 0 0 1 3705.dat
1 0 121.6746 -330.793 -20 0 -0.9547 0.2976 0 -0.2976 -0.9547 1 0 0 32015.dat
1 0 107.0904 -284.014 -20 -0.2976 -0.9547 0 0.9547 -0.2976 0 0 0 1 3705.dat
1 0 96.6731 -250.6 -20 0 -0.9547 0.2976 0 -0.2976 -0.9547 1 0 0 32039.dat
1 0 110.0668 -293.561 -20 -0.2976 -0.9547 0 0.9547 -0.2976 0 0 0 1 6536.dat
1 0 221.2655 -339.829 -80 0 -0.0904 0.9959 0 -0.9959 -0.0904 1 0 0 32013.dat
1 0 96.6731 -250.6 -80 0 -0.9547 0.2976 0 -0.2976 -0.9547 1 0 0 32039.dat
1 0 107.0904 -284.014 -80 -0.2976 -0.9547 0 0.9547 -0.2976 0 0 0 1 3705.dat
1 0 110.0668 -293.561 -80 -0.2976 -0.9547 0 0.9547 -0.2976 0 0 0 1 6536.dat
1 0 171.4701 -335.311 -80 -0.9959 -0.0904 0 0.0904 -0.9959 0 0 0 1 3705.dat
1 0 121.6746 -330.793 -80 0 -0.9547 0.2976 0 -0.2976 -0.9547 1 0 0 32015.dat
1 0 90.9732 -299.514 -30 0 -0.9547 -0.2976 0 -0.2976 0.9547 -1 0 0 2780.dat
1 0 90.9732 -299.514 -70 0 -0.9547 -0.2976 0 -0.2976 0.9547 -1 0 0 2780.dat
1 3 100.9323 -300.417 -50 0 -0.9959 0.0904 0 0.0904 0.9959 -1 0 0 2817.dat
1 0 108.8996 -301.14 -50 0 -0.9959 0.0904 0 0.0904 0.9959 -1 0 0 3068.dat
1 0 290.286 -145.541 0 -0.2334 -0.9724 0 -0.9724 0.2334 0 0 0 -1 32018.dat
1 0 266.558 -201.5511 10 0 0.2334 0.9724 0 0.9724 -0.2334 -1 0 0 2780.dat
1 0 294.566 -84.863 10 0 0.2334 0.9724 0 0.9724 -0.2334 -1 0 0 2780.dat
1 0 290.286 -145.541 20 -0.2334 -0.9724 0 -0.9724 0.2334 0 0 0 -1 32018.dat
1 0 303.902 -45.967 30 0 0.2334 0.9724 0 0.9724 -0.2334 -1 0 0 2780.dat
1 0 308.57 -26.519 30 0 0.2334 0.9724 0 0.9724 -0.2334 -1 0 0 2780.dat
1 0 308.57 -26.519 -10 0 0.2334 0.9724 0 0.9724 -0.2334 -1 0 0 2780.dat
1 0 303.902 -45.967 -10 0 0.2334 0.9724 0 0.9724 -0.2334 -1 0 0 2780.dat
1 0 274.7252 -244.6482 10 -0.2334 -0.9724 0 -0.9724 0.2334 0 0 0 -1 3068.dat
1 14 302.7331 -127.9602 10 -0.2334 -0.9724 0 -0.9724 0.2334 0 0 0 -1 3738.dat
1 0 248.2764 -217.7314 10 -0.2334 -0.9724 0 -0.9724 0.2334 0 0 0 -1 32001.dat
1 0 233.4952 -245.0362 10 -0.2334 -0.9724 0 -0.9724 0.2334 0 0 0 -1 3021.dat
1 0 223.382 -252.893 10 0 -0.9724 0.2334 0 0.2334 0.9724 -1 0 0 2817.dat
1 0 213.658 -250.559 20 0 -0.9724 0.2334 0 0.2334 0.9724 -1 0 0 6558.dat
1 0 257.222 -240.447 0 0 0.9724 0.2334 0 -0.2334 0.9724 1 0 0 6558.dat
1 0 316.7348 -172.4579 10 -0.2334 -0.9724 0 -0.9724 0.2334 0 0 0 -1 6192.dat
1 0 335.4068 -94.6658 10 -0.2334 -0.9724 0 -0.9724 0.2334 0 0 0 -1 6192.dat
1 3 159.4292 -307.5 55 -0.5447 0 -0.8388 -0.8388 0 0.5447 0 1 0 32065.dat
1 0 159.4292 -307.5 65 -0.250388 0 -0.968267 -0.968267 0 0.250388 0 1 0 32065.dat
1 3 159.4292 -307.5 75 -0.5447 0 -0.8388 -0.8388 0 0.5447 0 1 0 32065.dat
1 0 151.6687 -325.1603 65 -0.250388 0 -0.968267 -0.968267 0 0.250388 0 1 0 32065.dat
1 3 151.6687 -325.1603 75 -0.5447 0 -0.8388 -0.8388 0 0.5447 0 1 0 32065.dat
1 3 151.6687 -325.1603 55 -0.5447 0 -0.8388 -0.8388 0 0.5447 0 1 0 32065.dat
1 0 143.9082 -342.8209 65 -0.250388 0 -0.968267 -0.968267 0 0.250388 0 1 0 32065.dat
1 3 143.9082 -342.8209 75 -0.5447 0 -0.8388 -0.8388 0 0.5447 0 1 0 32065.dat
1 3 143.9082 -342.8209 55 -0.5447 0 -0.8388 -0.8388 0 0.5447 0 1 0 32065.dat
1 0 136.1478 -360.4809 65 -0.250388 0 -0.968267 -0.968267 0 0.250388 0 1 0 32065.dat
1 3 136.1478 -360.4809 75 -0.5447 0 -0.8388 -0.8388 0 0.5447 0 1 0 32065.dat
1 3 136.1478 -360.4809 55 -0.5447 0 -0.8388 -0.8388 0 0.5447 0 1 0 32065.dat
1 0 128.3873 -378.1412 65 -0.250388 0 -0.968267 -0.968267 0 0.250388 0 1 0 32065.dat
1 3 128.3873 -378.1412 75 -0.5447 0 -0.8388 -0.8388 0 0.5447 0 1 0 32065.dat
1 3 128.3873 -378.1412 55 -0.5447 0 -0.8388 -0.8388 0 0.5447 0 1 0 32065.dat
1 3 86.5697 -399.6669 75 -0.91368 0 0.40672 -0.40672 0 -0.91368 0 -1 0 32017.dat
1 8 102.8486 -436.2171 60 0 -0.94255 -0.333832 0 -0.333832 0.94255 -1 0 0 32002.dat
1 8 70.2988 -363.1196 60 0 -0.94255 -0.333832 0 -0.333832 0.94255 -1 0 0 32002.dat
1 8 78.0593 -345.4592 60 0 -0.94255 -0.333832 0 -0.333832 0.94255 -1 0 0 32002.dat
1 8 85.8198 -327.7989 60 0 -0.94255 -0.333832 0 -0.333832 0.94255 -1 0 0 32002.dat
1 8 93.5802 -310.1389 60 0 -0.94255 -0.333832 0 -0.333832 0.94255 -1 0 0 32002.dat
1 8 101.3407 -292.4784 60 0 -0.94255 -0.333832 0 -0.333832 0.94255 -1 0 0 32002.dat
1 8 128.3873 -378.1412 60 0 -0.94255 -0.333832 0 -0.333832 0.94255 -1 0 0 32002.dat
1 8 178.7153 -410.8232 60 0 -0.94255 -0.333832 0 -0.333832 0.94255 -1 0 0 32002.dat
1 8 194.2452 -375.5048 60 0 -0.94255 -0.333832 0 -0.333832 0.94255 -1 0 0 32002.dat
1 8 202.0057 -357.8447 60 0 -0.94255 -0.333832 0 -0.333832 0.94255 -1 0 0 32002.dat
1 3 86.5697 -399.6669 55 -0.91368 0 0.40672 -0.40672 0 -0.91368 0 -1 0 32017.dat
1 3 24.008 -176.055 -50 0.7216 0 0.6923 0.6923 0 -0.7216 0 1 0 6629.dat
1 0 79.3917 -233.7826 -50 0 0.7216 0.6923 0 0.6923 -0.7216 -1 0 0 6558.dat
1 0 24.008 -176.055 -40 0 0.7216 0.6923 0 0.6923 -0.7216 -1 0 0 4519.dat
1 0 51.7 -204.919 -50 0 0.7216 0.6923 0 0.6923 -0.7216 -1 0 0 32062.dat
1 0 24.008 -176.055 -65 -0.7216 0 0.6923 -0.6923 0 -0.7216 0 -1 0 6632.dat
1 0 24.008 -176.055 -35 -0.7216 0 0.6923 -0.6923 0 -0.7216 0 -1 0 6632.dat
1 0 24.008 -176.055 -20 -0.7216 -0.6923 0 -0.6923 0.7216 0 0 0 -1 32039.dat
1 0 23.2863 -176.7472 0 0.7216 -0.6923 0 0.6923 0.7216 0 0 0 1 32062.dat
1 20 11.0193 -188.5163 0 0.6923 0.7216 0 -0.7216 0.6923 0 0 0 1 2723.dat
1 7 192.3458 -287.259 -30 0 0.8935 -0.4491 0 -0.4491 -0.8935 -1 0 0 3673.dat
1 3 201.9854 -304.7828 -35 0.876182 0 -0.481963 0.481963 0 0.876182 0 -1 0 32065.dat
1 0 182.694 -269.4374 -50 0 -0.876182 -0.481963 0 -0.481963 0.876182 -1 0 0 2780.dat
1 0 211.6131 -322.0094 -50 0 -0.876182 -0.481963 0 -0.481963 0.876182 -1 0 0 2780.dat
1 0 230.8924 -357.0573 -50 0 -0.876182 -0.481963 0 -0.481963 0.876182 -1 0 0 2780.dat
1 7 206.7931 -313.2474 -45 0.876182 0 -0.481963 0.481963 0 0.876182 0 -1 0 32063.dat
1 7 206.7931 -313.2473 -55 0.876182 0 -0.481963 0.481963 0 0.876182 0 -1 0 32063.dat
1 3 201.9854 -304.7828 -65 0.876182 0 -0.481963 0.481963 0 0.876182 0 -1 0 32065.dat
1 0 173.0666 -252.2109 -50 0 -0.990704 -0.135975 0 -0.135975 0.990704 -1 0 0 3704.dat
1 7 192.3458 -287.259 -70 0 0.8935 -0.4491 0 -0.4491 -0.8935 -1 0 0 3673.dat
1 7 221.2648 -339.8311 -70 0 0.8935 -0.4491 0 -0.4491 -0.8935 -1 0 0 3673.dat
1 7 221.2648 -339.8311 -30 0 0.8935 -0.4491 0 -0.4491 -0.8935 -1 0 0 3673.dat
1 3 149.543 -262.901 -65 0 -0.9969 -0.0785 0 -0.0785 0.9969 -1 0 0 2703.dat
1 3 149.543 -262.901 -35 0 -0.9969 -0.0785 0 -0.0785 0.9969 -1 0 0 2709.dat
1 3 109.667 -266.041 -40 0 -0.9969 -0.0785 0 -0.0785 0.9969 -1 0 0 2704.dat
1 3 109.667 -266.041 -60 0 -0.9969 -0.0785 0 -0.0785 0.9969 -1 0 0 2704.dat
1 0 69.7911 -269.1821 -60 0 -0.9969 -0.0785 0 -0.0785 0.9969 -1 0 0 2706.dat
1 0 69.7911 -269.1821 -40 0 -0.9969 -0.0785 0 -0.0785 0.9969 -1 0 0 2706.dat
1 0 157.6553 -277.8399 -50 0 -0.477149 0.878742 0 0.878742 0.477149 -1 0 0 2699.dat
1 3 157.6553 -277.8399 -50 0 -0.477149 0.878742 0 0.878742 0.477149 -1 0 0 2698.dat
1 0 157.6553 -277.8399 -50 0 -0.477149 0.878742 0 0.878742 0.477149 -1 0 0 2710.dat
1 14 183.4238 -325.2942 -50 0 -0.104595 0.994544 0 0.994544 0.104595 -1 0 0 2707.dat
1 40 186.7691 -357.1193 -50 0 -0.104595 0.994544 0 0.994544 0.104595 -1 0 0 2716.dat
1 0 187.8154 -367.0635 -50 0 -0.104595 0.994544 0 0.994544 0.104595 -1 0 0 2708.dat
1 0 179.6061 -318.2628 -76.2 0.477149 0.878742 0 -0.878742 0.477149 0 0 0 1 2701.dat
1 0 179.6061 -318.2628 -76.2 0.290486 0.878742 0.378596 -0.534939 0.477149 -0.697221 -0.7934 0 0.6088 2705.dat
1 0 179.6076 -318.262 -76.1988 0.290486 0.878742 0.378596 -0.534939 0.477149 -0.697221 -0.7934 0 0.6088 2700.dat
1 0 167.8702 -296.649 -95.072 0.290486 0.878742 0.378596 -0.534939 0.477149 -0.697221 -0.7934 0 0.6088 2701.dat
1 0 167.8691 -296.6516 -95.072 0.123531 0.878742 0.46095 -0.227401 0.477149 -0.848822 -0.9659 0 0.2588 2705.dat
1 0 167.8706 -296.6508 -95.0708 0.123531 0.878742 0.46095 -0.227401 0.477149 -0.848822 -0.9659 0 0.2588 2700.dat
1 14 151.967 -267.3666 -104.0012 -0.123531 -0.878742 0.46095 0.227401 -0.477149 -0.848822 0.9659 0 0.2588 2702.dat
1 0 179.6061 -318.2639 -23.8 0.913536 -0.406735 0 -0.406735 -0.913536 0 0 0 -1 2701.dat
1 0 179.6061 -318.2628 -23.8 0.349592 -0.406735 0.843986 -0.155634 -0.913536 -0.375699 0.9239 0 -0.3827 2705.dat
1 0 179.6061 -318.2628 -23.8 0.349592 -0.406735 0.843986 -0.155634 -0.913536 -0.375699 0.9239 0 -0.3827 2700.dat
1 0 153.442 -306.6152 -11.937 0.349592 -0.406735 0.843986 -0.155634 -0.913536 -0.375699 0.9239 0 -0.3827 2701.dat
1 0 153.442 -306.6152 -11.937 0 -0.406735 0.913536 0 -0.913536 -0.406735 1 0 0 2705.dat
1 0 153.442 -306.6152 -11.937 0 -0.406735 0.913536 0 -0.913536 -0.406735 1 0 0 2700.dat
1 14 121.925 -292.5843 -11.937 0 0.406735 0.913536 0 0.913536 -0.406735 -1 0 0 2702.dat
1 8 209.9745 -226.958 -49 -0.136 0.9907 0 0.9907 0.136 0 0 0 -1 2909.dat
1 8 289.2305 -216.078 -49 -0.136 0.9907 0 0.9907 0.136 0 0 0 -1 2910.dat
1 3 218.9202 15.5919 32.9715 -0.2277 -0.6931 0.6839 -0.9737 0.1578 -0.1642 0.0059 -0.7033 -0.7108 79.dat
1 3 222.7675 14.7706 36.8154 -0.2125 0.707 0.6745 -0.9769 -0.1391 -0.1619 0.0207 0.6934 -0.7203 80.dat
1 3 226.6459 13.9895 40.6388 -0.2176 0.7024 0.6777 -0.9759 -0.1454 -0.1627 0.0157 0.6968 -0.7171 80.dat
1 3 230.5487 13.1373 44.4195 -0.2292 0.718 0.6572 -0.9734 -0.1663 -0.1578 0.004 0.6759 -0.737 80.dat
1 3 234.6465 12.2176 47.9872 -0.2197 0.7731 0.595 -0.9755 -0.1673 -0.1428 0.0109 0.6118 -0.7909 80.dat
1 3 239.0241 11.298 51.1974 -0.2044 0.8202 0.5344 -0.9789 -0.1664 -0.119 0.0086 0.5474 -0.8368 80.dat
1 3 243.6503 10.3856 54.0621 -0.1901 0.8594 0.4747 -0.9817 -0.1639 -0.0966 0.0052 0.4844 -0.8748 80.dat
1 3 248.4591 9.4938 56.5767 -0.1771 0.8914 0.4172 -0.9842 -0.1599 -0.0761 0.0011 0.4241 -0.9056 80.dat
1 3 253.4324 8.6257 58.7696 -0.1652 0.9172 0.3626 -0.9862 -0.1549 -0.0577 -0.0032 0.3671 -0.9302 80.dat
1 3 258.5394 7.787 60.6599 -0.1544 0.9377 0.3112 -0.988 -0.1489 -0.0415 -0.0074 0.3138 -0.9495 80.dat
1 3 263.757 6.9818 62.2688 -0.1444 0.9539 0.2632 -0.9895 -0.1422 -0.0275 -0.0112 0.2644 -0.9644 80.dat
1 3 269.044 6.2168 63.6115 -0.135 0.9664 0.2186 -0.9907 -0.1348 -0.0157 -0.0143 0.2187 -0.9757 80.dat
1 3 274.391 5.4938 64.7106 -0.126 0.9761 0.1772 -0.9919 -0.127 -0.0062 -0.0164 0.1765 -0.9842 80.dat
1 3 279.791 4.8147 65.5864 -0.1173 0.9834 0.1386 -0.9929 -0.1186 0.001 -0.0174 0.1376 -0.9903 80.dat
1 3 285.217 4.1837 66.2534 -0.1087 0.9888 0.1028 -0.9939 -0.1098 0.0057 -0.017 0.1015 -0.9947 80.dat
1 3 290.672 3.6022 66.7286 -0.0998 0.9926 0.0691 -0.9949 -0.1005 0.0078 -0.0147 0.068 -0.9976 80.dat
1 3 296.156 3.0717 67.0258 -0.0905 0.9952 0.0375 -0.9958 -0.0908 0.0067 -0.0101 0.0368 -0.9993 80.dat
1 3 301.653 2.5965 67.1558 -0.0804 0.9967 0.0078 -0.9968 -0.0805 0.002 -0.0026 0.0076 -1 80.dat
1 3 307.141 2.1808 67.1291 -0.0694 0.9974 -0.0203 -0.9976 -0.0696 -0.0073 0.0087 -0.0198 -0.9998 80.dat
1 3 312.628 1.827 66.9557 -0.0569 0.9973 -0.047 -0.9981 -0.058 -0.0227 0.0254 -0.0456 -0.9986 80.dat
1 3 318.119 1.5387 66.6429 -0.0421 0.9965 -0.0723 -0.9979 -0.0456 -0.0464 0.0495 -0.0702 -0.9963 80.dat
1 3 323.619 1.3206 66.1962 -0.0242 0.9951 -0.0961 -0.9961 -0.0322 -0.082 0.0847 -0.0937 -0.992 80.dat
1 3 329.109 1.1794 65.6222 -0.0016 0.9931 -0.1176 -0.9906 -0.0176 -0.1356 0.1367 -0.1163 -0.9838 80.dat
1 3 334.59 1.1217 64.9246 0.0283 0.9904 -0.1353 -0.9762 -0.0017 -0.2167 0.2149 -0.1382 -0.9668 80.dat
1 3 340.038 1.1561 64.1103 0.0691 0.9871 -0.1446 -0.9399 0.0158 -0.3411 0.3344 -0.1595 -0.9289 80.dat
1 3 345.476 1.2925 63.1778 0.1245 0.983 -0.1352 -0.85 0.0354 -0.5255 0.5118 -0.1804 -0.84 80.dat
1 3 350.872 1.5426 62.1334 0.1899 0.9779 -0.0878 -0.6478 0.0575 -0.7597 0.7378 -0.2011 -0.6444 80.dat
1 3 356.243 1.923 60.9733 0.2369 0.9715 0.0053 -0.3189 0.0829 -0.9442 0.9177 -0.222 -0.3294 80.dat
1 3 361.573 2.4535 59.698 0.2441 0.9635 0.1103 0.0051 0.1125 -0.9936 0.9697 -0.2431 -0.0226 80.dat
1 3 366.866 3.1624 58.3013 0.231 0.9529 0.1964 0.2124 0.1476 -0.966 0.9495 -0.2649 0.1683 80.dat
1 3 372.083 4.0826 56.7846 0.22 0.9387 0.2654 0.3117 0.1902 -0.931 0.9244 -0.2875 0.2507 80.dat
1 3 377.196 5.2618 55.1437 0.2232 0.9186 0.3262 0.3308 0.2434 -0.9118 0.9169 -0.3114 0.2496 80.dat
1 3 382.202 6.7793 53.3578 0.2521 0.8884 0.3836 0.2816 0.3119 -0.9074 0.9258 -0.3368 0.1716 80.dat
1 3 386.983 8.7267 51.4335 0.3252 0.8403 0.4338 0.1619 0.4025 -0.901 0.9317 -0.3632 0.0051 80.dat
1 3 391.411 11.2536 49.3678 0.4686 0.7573 0.4548 -0.0231 0.5252 -0.8507 0.8831 -0.3881 -0.2636 80.dat
1 3 395.207 14.5479 47.1956 0.6807 0.6071 0.41 -0.1879 0.6856 -0.7033 0.708 -0.4017 -0.5808 80.dat
1 3 397.908 18.7476 45.0399 0.8852 0.3507 0.3059 -0.1706 0.8561 -0.4878 0.4329 -0.3796 -0.8176 80.dat
1 3 399.024 23.7155 43.1352 0.9793 0.0228 0.2012 0.0397 0.9527 -0.3014 0.1985 -0.3032 -0.932 80.dat
1 3 398.458 28.9575 41.708 0.9592 -0.2537 0.1251 0.2732 0.9454 -0.1776 0.0732 -0.2045 -0.9761 80.dat
1 3 396.613 34.0316 40.7894 0.8983 -0.4332 0.0735 0.4388 0.8931 -0.0994 0.0226 -0.1216 -0.9923 80.dat
1 3 393.944 38.8227 40.2706 0.8384 -0.5438 0.0371 0.545 0.837 -0.0481 0.0049 -0.0605 -0.9982 80.dat
1 3 390.711 43.2746 40.0856 0.7708 -0.6371 0.0006 0.6371 0.7708 -0.0007 0 -0.001 -1 80.dat
1 3 387.212 47.5199 40.0738 0.7726 -0.6349 0.0023 0.6349 0.7726 -0.0028 0 -0.0036 -1 80.dat
1 3 383.723 51.7746 40.0483 0.7741 -0.633 0.0038 0.633 0.7741 -0.0045 0 -0.0059 -1 80.dat
1 3 380.236 56.032 40.0202 0.773 -0.6344 0.0027 0.6344 0.773 -0.0032 0 -0.0042 -1 80.dat
1 3 376.739 60.2808 40.0042 0.7711 -0.6367 0.0009 0.6367 0.7711 -0.001 0 -0.0014 -1 79.dat
1 3 218.92 15.592 -13.028 -0.2277 -0.6931 0.6839 -0.9737 0.1578 -0.1642 -0.0059 0.7033 0.7108 79.dat
1 3 222.768 14.771 -16.871 -0.2125 0.707 0.6745 -0.9769 -0.1391 -0.1619 -0.0207 -0.6934 0.7203 80.dat
1 3 226.646 13.99 -20.695 -0.2176 0.7024 0.6777 -0.9759 -0.1454 -0.1627 -0.0157 -0.6968 0.7171 80.dat
1 3 230.549 13.137 -24.476 -0.2292 0.718 0.6572 -0.9734 -0.1663 -0.1578 -0.004 -0.6759 0.737 80.dat
1 3 234.647 12.218 -28.043 -0.2197 0.7731 0.595 -0.9755 -0.1673 -0.1428 -0.0109 -0.6118 0.7909 80.dat
1 3 239.024 11.298 -31.253 -0.2044 0.8202 0.5344 -0.9789 -0.1664 -0.119 -0.0086 -0.5474 0.8368 80.dat
1 3 243.65 10.386 -34.118 -0.1901 0.8594 0.4747 -0.9817 -0.1639 -0.0966 -0.0052 -0.4844 0.8748 80.dat
1 3 248.459 9.494 -36.633 -0.1771 0.8914 0.4172 -0.9842 -0.1599 -0.0761 -0.0011 -0.4241 0.9056 80.dat
1 3 253.432 8.626 -38.826 -0.1652 0.9172 0.3626 -0.9862 -0.1549 -0.0577 0.0032 -0.3671 0.9302 80.dat
1 3 258.539 7.787 -40.716 -0.1544 0.9377 0.3112 -0.988 -0.1489 -0.0415 0.0074 -0.3138 0.9495 80.dat
1 3 263.757 6.982 -42.325 -0.1444 0.9539 0.2632 -0.9895 -0.1422 -0.0275 0.0112 -0.2644 0.9644 80.dat
1 3 269.044 6.217 -43.668 -0.135 0.9664 0.2186 -0.9907 -0.1348 -0.0157 0.0143 -0.2187 0.9757 80.dat
1 3 274.391 5.494 -44.767 -0.126 0.9761 0.1772 -0.9919 -0.127 -0.0062 0.0164 -0.1765 0.9842 80.dat
1 3 279.791 4.815 -45.642 -0.1173 0.9834 0.1386 -0.9929 -0.1186 0.001 0.0174 -0.1376 0.9903 80.dat
1 3 285.217 4.184 -46.309 -0.1087 0.9888 0.1028 -0.9939 -0.1098 0.0057 0.017 -0.1015 0.9947 80.dat
1 3 290.672 3.602 -46.785 -0.0998 0.9926 0.0691 -0.9949 -0.1005 0.0078 0.0147 -0.068 0.9976 80.dat
1 3 296.156 3.072 -47.082 -0.0905 0.9952 0.0375 -0.9958 -0.0908 0.0067 0.0101 -0.0368 0.9993 80.dat
1 3 301.653 2.597 -47.212 -0.0804 0.9967 0.0078 -0.9968 -0.0805 0.002 0.0026 -0.0076 1 80.dat
1 3 307.141 2.181 -47.185 -0.0694 0.9974 -0.0203 -0.9976 -0.0696 -0.0073 -0.0087 0.0198 0.9998 80.dat
1 3 312.628 1.827 -47.012 -0.0569 0.9973 -0.047 -0.9981 -0.058 -0.0227 -0.0254 0.0456 0.9986 80.dat
1 3 318.119 1.539 -46.699 -0.0421 0.9965 -0.0723 -0.9979 -0.0456 -0.0464 -0.0495 0.0702 0.9963 80.dat
1 3 323.619 1.321 -46.252 -0.0242 0.9951 -0.0961 -0.9961 -0.0322 -0.082 -0.0847 0.0937 0.992 80.dat
1 3 329.109 1.179 -45.678 -0.0016 0.9931 -0.1176 -0.9906 -0.0176 -0.1356 -0.1367 0.1163 0.9838 80.dat
1 3 334.59 1.122 -44.981 0.0283 0.9904 -0.1353 -0.9762 -0.0017 -0.2167 -0.2149 0.1382 0.9668 80.dat
1 3 340.038 1.156 -44.166 0.0691 0.9871 -0.1446 -0.9399 0.0158 -0.3411 -0.3344 0.1595 0.9289 80.dat
1 3 345.476 1.293 -43.234 0.1245 0.983 -0.1352 -0.85 0.0354 -0.5255 -0.5118 0.1804 0.84 80.dat
1 3 350.872 1.543 -42.189 0.1899 0.9779 -0.0878 -0.6478 0.0575 -0.7597 -0.7378 0.2011 0.6444 80.dat
1 3 356.243 1.923 -41.029 0.2369 0.9715 0.0053 -0.3189 0.0829 -0.9442 -0.9177 0.222 0.3294 80.dat
1 3 361.573 2.454 -39.754 0.2441 0.9635 0.1103 0.0051 0.1125 -0.9936 -0.9697 0.2431 0.0226 80.dat
1 3 366.866 3.162 -38.357 0.231 0.9529 0.1964 0.2124 0.1476 -0.966 -0.9495 0.2649 -0.1683 80.dat
1 3 372.083 4.083 -36.841 0.22 0.9387 0.2654 0.3117 0.1902 -0.931 -0.9244 0.2875 -0.2507 80.dat
1 3 377.196 5.262 -35.2 0.2232 0.9186 0.3262 0.3308 0.2434 -0.9118 -0.9169 0.3114 -0.2496 80.dat
1 3 382.202 6.779 -33.414 0.2521 0.8884 0.3836 0.2816 0.3119 -0.9074 -0.9258 0.3368 -0.1716 80.dat
1 3 386.983 8.727 -31.49 0.3252 0.8403 0.4338 0.1619 0.4025 -0.901 -0.9317 0.3632 -0.0051 80.dat
1 3 391.411 11.254 -29.424 0.4686 0.7573 0.4548 -0.0231 0.5252 -0.8507 -0.8831 0.3881 0.2636 80.dat
1 3 395.207 14.548 -27.252 0.6807 0.6071 0.41 -0.1879 0.6856 -0.7033 -0.708 0.4017 0.5808 80.dat
1 3 397.908 18.748 -25.096 0.8852 0.3507 0.3059 -0.1706 0.8561 -0.4878 -0.4329 0.3796 0.8176 80.dat
1 3 399.024 23.716 -23.191 0.9793 0.0228 0.2012 0.0397 0.9527 -0.3014 -0.1985 0.3032 0.932 80.dat
1 3 398.458 28.958 -21.764 0.9592 -0.2537 0.1251 0.2732 0.9454 -0.1776 -0.0732 0.2045 0.9761 80.dat
1 3 396.613 34.032 -20.845 0.8983 -0.4332 0.0735 0.4388 0.8931 -0.0994 -0.0226 0.1216 0.9923 80.dat
1 3 393.944 38.823 -20.327 0.8384 -0.5438 0.0371 0.545 0.837 -0.0481 -0.0049 0.0605 0.9982 80.dat
1 3 390.711 43.275 -20.142 0.7708 -0.6371 0.0006 0.6371 0.7708 -0.0007 0 0.001 1 80.dat
1 3 387.212 47.52 -20.13 0.7726 -0.6349 0.0023 0.6349 0.7726 -0.0028 0 0.0036 1 80.dat
1 3 383.723 51.775 -20.104 0.7741 -0.633 0.0038 0.633 0.7741 -0.0045 0 0.0059 1 80.dat
1 3 380.236 56.032 -20.076 0.773 -0.6344 0.0027 0.6344 0.773 -0.0032 0 0.0042 1 80.dat
1 3 376.739 60.281 -20.06 0.7711 -0.6367 0.0009 0.6367 0.7711 -0.001 0 0.0014 1 79.dat
