0 Main
0 Name: 42023-1 - Construction Crew - Excavator.mpd
0 Author: LTRON
1 72 0 0 0 0 0 1 1 0 0 0 1 0 41239.dat
1 72 0 0 -40 0 0 1 1 0 0 0 1 0 41239.dat
1 4 -120 0 0 0 0 1 0 -1 0 1 0 0 32054.dat
1 4 -40 0 0 0 0 1 0 -1 0 1 0 0 32054.dat
1 4 40 0 0 0 0 1 0 -1 0 1 0 0 32054.dat
1 4 120 0 0 0 0 1 0 -1 0 1 0 0 32054.dat
1 1 -20 0 -20 0 0 -1 0 -1 0 -1 0 0 6558.dat
1 1 20 0 -20 0 0 -1 0 -1 0 -1 0 0 6558.dat
1 72 -120 0 -40 0 0 1 0 -1 0 1 0 0 11214.dat
1 72 120 0 -40 0 0 1 0 -1 0 1 0 0 11214.dat
1 0 0 -20 -20 1 0 0 0 -1 0 0 0 -1 99010.dat
1 71 0 -20 -20 0 0 1 0 -1 0 1 0 0 99009.dat
1 1 0 -40 0 -1 0 0 0 -1 0 0 0 1 6558.dat
1 1 0 -40 -40 -1 0 0 0 -1 0 0 0 1 6558.dat
1 0 -100 0 10 0 0 1 0 -1 0 1 0 0 2780.dat
1 0 100 0 10 0 0 1 0 -1 0 1 0 0 2780.dat
1 0 100 0 -50 0 0 1 0 -1 0 1 0 0 2780.dat
1 0 40 0 -50 0 0 1 0 -1 0 1 0 0 2780.dat
1 0 -40 0 -50 0 0 1 0 -1 0 1 0 0 2780.dat
1 0 -100 0 -50 0 0 1 0 -1 0 1 0 0 2780.dat
1 4 0 0 20 0 0 1 1 0 0 0 1 0 32316.dat
1 4 20 -40 -20 0 1 0 1 0 0 0 0 -1 32316.dat
1 0 30 -40 20 -1 0 0 0 1 0 0 0 -1 2780.dat
1 0 30 -40 -60 -1 0 0 0 1 0 0 0 -1 2780.dat
1 0 30 -80 20 -1 0 0 0 1 0 0 0 -1 2780.dat
1 0 50 -60 20 -1 0 0 0 1 0 0 0 -1 2780.dat
1 0 40 -70 0 0 1 0 1 0 0 0 0 -1 2780.dat
1 0 -40 -70 -120 0 1 0 1 0 0 0 0 -1 2780.dat
1 0 -40 -70 -160 0 1 0 1 0 0 0 0 -1 2780.dat
1 0 40 -70 -160 0 1 0 1 0 0 0 0 -1 2780.dat
1 72 0 -80 -170 1 0 0 0 0 -1 0 1 0 3894.dat
1 4 0 -80 -146 1 0 0 0 0 -1 0 1 0 4477.dat
1 72 -80 -80 -154 1 0 0 0 0 -1 0 1 0 3023.dat
1 72 80 -80 -154 1 0 0 0 0 -1 0 1 0 3023.dat
1 4 0 -80 -138 1 0 0 0 0 -1 0 1 0 4477.dat
1 0 40 -70 -120 0 1 0 1 0 0 0 0 -1 2780.dat
1 71 0 -60 20 -1 0 0 0 0 -1 0 -1 0 87082.dat
1 4 0 0 -60 0 0 1 1 0 0 0 1 0 32316.dat
1 71 -110 20 20 -1 0 0 0 0 1 0 1 0 41678.dat
1 71 -110 20 -60 -1 0 0 0 0 1 0 1 0 41678.dat
1 71 110 20 -60 -1 0 0 0 0 1 0 1 0 41678.dat
1 71 110 20 20 -1 0 0 0 0 1 0 1 0 41678.dat
1 4 -110 20 20 -1 0 0 0 0 1 0 1 0 32062.dat
1 4 -110 20 -60 -1 0 0 0 0 1 0 1 0 32062.dat
1 4 110 20 -60 -1 0 0 0 0 1 0 1 0 32062.dat
1 4 110 20 20 -1 0 0 0 0 1 0 1 0 32062.dat
1 72 20 -60 -60 0 1 0 -1 0 0 0 0 1 32526.dat
1 71 40 -60 -20 0 1 0 -1 0 0 0 0 1 14720.dat
1 71 0 -60 -140 0 0 1 0 1 0 -1 0 0 14720.dat
1 72 60 -60 -40 0 1 0 -1 0 0 0 0 1 41239.dat
1 4 80 -60 20 0 1 0 -1 0 0 0 0 1 32316.dat
1 4 0 -80 0 0 0 1 0 1 0 -1 0 0 32525.dat
1 4 0 -80 -120 0 0 1 0 1 0 -1 0 0 32525.dat
1 4 0 -100 -80 -1 0 0 0 1 0 0 0 -1 40490.dat
1 4 100 -60 -60 -1 0 0 0 1 0 0 0 -1 40490.dat
1 4 -100 -60 -60 -1 0 0 0 1 0 0 0 -1 40490.dat
1 4 -100 -100 -60 -1 0 0 0 1 0 0 0 -1 40490.dat
1 4 100 -100 -60 -1 0 0 0 1 0 0 0 -1 40490.dat
1 1 -100 -80 0 0 0 1 1 0 0 0 1 0 6558.dat
1 1 -100 -80 -120 0 0 1 1 0 0 0 1 0 6558.dat
1 1 0 -100 -160 0 0 1 1 0 0 0 1 0 6558.dat
1 1 0 -100 0 0 0 1 1 0 0 0 1 0 6558.dat
1 1 100 -80 -120 0 0 1 1 0 0 0 1 0 6558.dat
1 4 -80 -80 -120 0 0 1 1 0 0 0 1 0 32054.dat
1 4 80 -80 -120 0 0 1 1 0 0 0 1 0 32054.dat
1 1 100 -80 0 0 0 1 1 0 0 0 1 0 6558.dat
1 1 70 -60 -100 1 0 0 0 0 -1 0 1 0 43093.dat
1 1 -70 -60 -100 -1 0 0 0 0 -1 0 -1 0 43093.dat
1 71 -80 -60 -120 -1 0 0 0 0 -1 0 -1 0 32184.dat
1 71 80 -60 -120 -1 0 0 0 0 -1 0 -1 0 32184.dat
1 1 70 -60 -140 1 0 0 0 0 -1 0 1 0 43093.dat
1 1 -70 -60 -140 -1 0 0 0 0 -1 0 -1 0 43093.dat
1 0 70 -60 40 1 0 0 0 1 0 0 0 1 2780.dat
1 0 70 -60 0 1 0 0 0 1 0 0 0 1 2780.dat
1 1 40 -60 -60 -1 0 0 0 1 0 0 0 -1 6558.dat
1 72 -110 20 -20 0 1 0 1 0 0 0 0 -1 41239.dat
1 72 -110 0 60 0 1 0 1 0 0 0 0 -1 32523.dat
1 72 -110 0 -100 0 1 0 1 0 0 0 0 -1 32523.dat
1 19 -110 20 100 1 0 0 0 -1 0 0 0 -1 32556.dat
1 19 -100 20 60 1 0 0 0 -1 0 0 0 -1 3749.dat
1 19 -100 20 -100 1 0 0 0 -1 0 0 0 -1 3749.dat
1 19 -110 20 -140 1 0 0 0 -1 0 0 0 -1 32556.dat
1 72 -90 20 60 0 1 0 0 0 -1 -1 0 0 60483.dat
1 72 -90 20 -100 0 1 0 0 0 -1 -1 0 0 60483.dat
1 71 -100 0 -100 1 0 0 0 0 -1 0 1 0 3673.dat
1 71 -100 0 60 1 0 0 0 0 -1 0 1 0 3673.dat
1 71 -120 20 100 0 0 1 1 0 0 0 1 0 87407.dat
1 71 -120 20 -140 0 0 1 1 0 0 0 1 0 87407.dat
1 71 -100 20 100 0 0 -1 1 0 0 0 -1 0 87407.dat
1 71 -100 20 -140 0 0 -1 1 0 0 0 -1 0 87407.dat
1 0 -110 44 105 1 0 0 0 -1 0 0 0 -1 15379.dat
1 0 -110 44 89 1 0 0 0 -1 0 0 0 -1 15379.dat
1 0 -110 44 73 1 0 0 0 -1 0 0 0 -1 15379.dat
1 0 -110 44 57 1 0 0 0 -1 0 0 0 -1 15379.dat
1 0 -110 44 41 1 0 0 0 -1 0 0 0 -1 15379.dat
1 0 -110 44 25 1 0 0 0 -1 0 0 0 -1 15379.dat
1 0 -110 44 9 1 0 0 0 -1 0 0 0 -1 15379.dat
1 0 -110 44 -7 1 0 0 0 -1 0 0 0 -1 15379.dat
1 0 -110 44 -23 1 0 0 0 -1 0 0 0 -1 15379.dat
1 0 -110 44 -39 1 0 0 0 -1 0 0 0 -1 15379.dat
1 0 -110 44 -55 1 0 0 0 -1 0 0 0 -1 15379.dat
1 0 -110 44 -71 1 0 0 0 -1 0 0 0 -1 15379.dat
1 0 -110 44 -87 1 0 0 0 -1 0 0 0 -1 15379.dat
1 0 -110 44 -103 1 0 0 0 -1 0 0 0 -1 15379.dat
1 0 -110 44 -119 1 0 0 0 -1 0 0 0 -1 15379.dat
1 0 -110 44 -135 1 0 0 0 -1 0 0 0 -1 15379.dat
1 0 -110 44 -151 1 0 0 0 -0.669131 -0.743145 0 0.743145 -0.669131 15379.dat
1 0 -110 32.11 -161.706 1 0 0 0 -0.241922 -0.970296 0 0.970296 -0.241922 15379.dat
1 0 -110 16.586 -165.576 1 0 0 0 0.469472 -0.882948 0 0.882948 0.469472 15379.dat
1 0 -110 2.458 -158.064 1 0 0 0 0.87462 -0.48481 0 0.48481 0.87462 15379.dat
1 0 -110 -5.299 -144.071 1 0 0 0 0.87462 -0.48481 0 0.48481 0.87462 15379.dat
1 0 -110 -13.056 -130.077 1 0 0 0 0.994522 -0.104528 0 0.104528 0.994522 15379.dat
1 0 -110 -14.728 -114.165 1 0 0 0 1 0 0 0 1 15379.dat
1 0 -110 -14.728 -98.165 1 0 0 0 1 0 0 0 1 15379.dat
1 0 -110 -14.728 -82.165 1 0 0 0 1 0 0 0 1 15379.dat
1 0 -110 -14.728 -66.165 1 0 0 0 1 0 0 0 1 15379.dat
1 0 -110 -14.728 -50.165 1 0 0 0 1 0 0 0 1 15379.dat
1 0 -110 -14.728 -34.165 1 0 0 0 1 0 0 0 1 15379.dat
1 0 -110 -14.728 -18.165 1 0 0 0 1 0 0 0 1 15379.dat
1 0 -110 -14.728 -2.165 1 0 0 0 1 0 0 0 1 15379.dat
1 0 -110 -14.728 13.835 1 0 0 0 1 0 0 0 1 15379.dat
1 0 -110 -14.728 29.835 1 0 0 0 1 0 0 0 1 15379.dat
1 0 -110 -14.728 45.835 1 0 0 0 1 0 0 0 1 15379.dat
1 0 -110 -14.728 61.835 1 0 0 0 1 0 0 0 1 15379.dat
1 0 -110 -14.728 77.835 1 0 0 0 0.939693 0.34202 0 -0.34202 0.939693 15379.dat
1 0 -110 -9.255 92.869 1 0 0 0 0.939693 0.34202 0 -0.34202 0.939693 15379.dat
1 0 -110 -3.782 107.903 1 0 0 0 0.819152 0.573576 0 -0.573576 0.819152 15379.dat
1 0 -110 5.395 121.01 1 0 0 0 0.258819 0.965926 0 -0.965926 0.258819 15379.dat
1 0 -110 20.849 125.151 1 0 0 0 -0.325568 0.945519 0 -0.945519 -0.325568 15379.dat
1 0 -110 35.977 119.941 1 0 0 0 -0.848048 0.529919 0 -0.529919 -0.848048 15379.dat
1 72 110 20 -20 0 -1 0 1 0 0 0 0 1 41239.dat
1 72 110 0 -100 0 -1 0 1 0 0 0 0 1 32523.dat
1 72 110 0 60 0 -1 0 1 0 0 0 0 1 32523.dat
1 19 110 20 -140 -1 0 0 0 -1 0 0 0 1 32556.dat
1 19 100 20 -100 -1 0 0 0 -1 0 0 0 1 3749.dat
1 19 100 20 60 -1 0 0 0 -1 0 0 0 1 3749.dat
1 19 110 20 100 -1 0 0 0 -1 0 0 0 1 32556.dat
1 72 90 20 -100 0 -1 0 0 0 -1 1 0 0 60483.dat
1 72 90 20 60 0 -1 0 0 0 -1 1 0 0 60483.dat
1 71 100 0 60 -1 0 0 0 0 -1 0 -1 0 3673.dat
1 71 100 0 -100 -1 0 0 0 0 -1 0 -1 0 3673.dat
1 71 120 20 -140 0 0 -1 1 0 0 0 -1 0 87407.dat
1 71 120 20 100 0 0 -1 1 0 0 0 -1 0 87407.dat
1 71 100 20 -140 0 0 1 1 0 0 0 1 0 87407.dat
1 71 100 20 100 0 0 1 1 0 0 0 1 0 87407.dat
1 0 110 44 -145 -1 0 0 0 -1 0 0 0 1 15379.dat
1 0 110 44 -129 -1 0 0 0 -1 0 0 0 1 15379.dat
1 0 110 44 -113 -1 0 0 0 -1 0 0 0 1 15379.dat
1 0 110 44 -97 -1 0 0 0 -1 0 0 0 1 15379.dat
1 0 110 44 -81 -1 0 0 0 -1 0 0 0 1 15379.dat
1 0 110 44 -65 -1 0 0 0 -1 0 0 0 1 15379.dat
1 0 110 44 -49 -1 0 0 0 -1 0 0 0 1 15379.dat
1 0 110 44 -33 -1 0 0 0 -1 0 0 0 1 15379.dat
1 0 110 44 -17 -1 0 0 0 -1 0 0 0 1 15379.dat
1 0 110 44 -1 -1 0 0 0 -1 0 0 0 1 15379.dat
1 0 110 44 15 -1 0 0 0 -1 0 0 0 1 15379.dat
1 0 110 44 31 -1 0 0 0 -1 0 0 0 1 15379.dat
1 0 110 44 47 -1 0 0 0 -1 0 0 0 1 15379.dat
1 0 110 44 63 -1 0 0 0 -1 0 0 0 1 15379.dat
1 0 110 44 79 -1 0 0 0 -1 0 0 0 1 15379.dat
1 0 110 44 95 -1 0 0 0 -1 0 0 0 1 15379.dat
1 0 110 44 111 -1 0 0 0 -0.669131 -0.743145 0 -0.743145 0.669131 15379.dat
1 0 110 32.11 121.706 -1 0 0 0 -0.241922 -0.970296 0 -0.970296 0.241922 15379.dat
1 0 110 16.586 125.576 -1 0 0 0 0.469472 -0.882948 0 -0.882948 -0.469472 15379.dat
1 0 110 2.458 118.064 -1 0 0 0 0.87462 -0.48481 0 -0.48481 -0.87462 15379.dat
1 0 110 -5.299 104.071 -1 0 0 0 0.87462 -0.48481 0 -0.48481 -0.87462 15379.dat
1 0 110 -13.056 90.077 -1 0 0 0 0.994522 -0.104528 0 -0.104528 -0.994522 15379.dat
1 0 110 -14.728 74.165 -1 0 0 0 1 0 0 0 -1 15379.dat
1 0 110 -14.728 58.165 -1 0 0 0 1 0 0 0 -1 15379.dat
1 0 110 -14.728 42.165 -1 0 0 0 1 0 0 0 -1 15379.dat
1 0 110 -14.728 26.165 -1 0 0 0 1 0 0 0 -1 15379.dat
1 0 110 -14.728 10.165 -1 0 0 0 1 0 0 0 -1 15379.dat
1 0 110 -14.728 -5.835 -1 0 0 0 1 0 0 0 -1 15379.dat
1 0 110 -14.728 -21.835 -1 0 0 0 1 0 0 0 -1 15379.dat
1 0 110 -14.728 -37.835 -1 0 0 0 1 0 0 0 -1 15379.dat
1 0 110 -14.728 -53.835 -1 0 0 0 1 0 0 0 -1 15379.dat
1 0 110 -14.728 -69.835 -1 0 0 0 1 0 0 0 -1 15379.dat
1 0 110 -14.728 -85.835 -1 0 0 0 1 0 0 0 -1 15379.dat
1 0 110 -14.728 -101.835 -1 0 0 0 1 0 0 0 -1 15379.dat
1 0 110 -14.728 -117.835 -1 0 0 0 0.939693 0.34202 0 0.34202 -0.939693 15379.dat
1 0 110 -9.255 -132.869 -1 0 0 0 0.939693 0.34202 0 0.34202 -0.939693 15379.dat
1 0 110 -3.782 -147.903 -1 0 0 0 0.819152 0.573576 0 0.573576 -0.819152 15379.dat
1 0 110 5.395 -161.01 -1 0 0 0 0.258819 0.965926 0 0.965926 -0.258819 15379.dat
1 0 110 20.849 -165.151 -1 0 0 0 -0.325568 0.945519 0 0.945519 0.325568 15379.dat
1 0 110 35.977 -159.941 -1 0 0 0 -0.848048 0.529919 0 0.529919 0.848048 15379.dat
1 4 -40 -40 -20 1 0 0 0 1 0 0 0 1 32523.dat
1 4 -20 -40 -20 0 1 0 -1 0 0 0 0 1 32316.dat
1 1 -40 -60 0 0 1 0 -1 0 0 0 0 1 6558.dat
1 1 -40 -60 -60 -1 0 0 0 -1 0 0 0 1 6558.dat
1 72 -20 -60 -60 0 1 0 -1 0 0 0 0 1 32526.dat
1 71 -40 -60 -20 0 1 0 -1 0 0 0 0 1 14720.dat
1 0 -50 -60 20 1 0 0 0 1 0 0 0 1 2780.dat
1 0 -30 -80 20 1 0 0 0 1 0 0 0 1 2780.dat
1 0 -30 -40 20 1 0 0 0 1 0 0 0 1 2780.dat
1 0 -30 -40 -60 1 0 0 0 1 0 0 0 1 2780.dat
1 72 -40 -20 -40 0.993 0.122 0 0 0 1 0.122 -0.993 0 10928.dat
1 72 -40 -67 -40 0 0.122 0.993 -1 0 0 0 -0.993 0.122 59426.dat
1 71 -40 -80 -40 0.993 0.122 0 0 0 1 0.122 -0.993 0 3713.dat
1 0 -40 -122 -40 0.993 0.122 0 0 0 1 0.122 -0.993 0 59443.dat
1 0 -40 -162 -40 0.993 0.122 0 0 0 1 0.122 -0.993 0 59443.dat
1 4 -40 -142 -40 0 0.122 -0.993 1 0 0 0 -0.993 -0.122 32062.dat
1 71 0 -60 20 0 0 1 0 1 0 -1 0 0 4519.dat
1 71 0 -60 -60 0 0 1 0 1 0 -1 0 0 32073.dat
1 71 0 -60 -160 0 0 1 0 1 0 -1 0 0 32073.dat
1 0 0 -60 -10 -1 0 0 0 1 0 0 0 -1 59443.dat
1 0 0 -60 -110 -1 0 0 0 1 0 0 0 -1 59443.dat
1 0 0 -60 -210 -1 0 0 0 1 0 0 0 -1 59443.dat
1 19 0 -60 33 1 0 0 0 1 0 0 0 1 6589.dat
1 1 0 -100 20 -1 0 0 0 0.454 0.891 0 0.891 -0.454 6558.dat
1 1 0 -206.92 74.48 1 0 0 0 0.454 -0.891 0 0.891 0.454 6558.dat
1 71 0 -171.28 56.32 1 0 0 0 0.454 -0.891 0 0.891 0.454 4519.dat
1 1 0 -117.82 29.08 -1 0 0 0 0.454 0.891 0 0.891 -0.454 6558.dat
1 1 0 -153.46 47.24 -1 0 0 0 0.454 0.891 0 0.891 -0.454 6558.dat
1 4 -20 -135.64 38.16 0 -1 0 -0.454 0 0.891 -0.891 0 -0.454 32523.dat
1 4 20 -135.64 38.16 0 -1 0 -0.454 0 0.891 -0.891 0 -0.454 32523.dat
1 4 0 -153.46 47.24 0 1 0 0.454 0 0.891 0.891 0 -0.454 32524.dat
1 4 -20 -227.488 192.704 0 1 0 0.9852 0 0.1714 0.1714 0 -0.9852 32271.dat
1 4 20 -227.488 192.704 0 1 0 0.9852 0 0.1714 0.1714 0 -0.9852 32271.dat
1 4 0 -234.344 232.112 0 1 0 0.9852 0 0.1714 0.1714 0 -0.9852 32524.dat
1 4 0 -273.752 225.256 0 1 0 0.9852 0 0.1714 0.1714 0 -0.9852 32524.dat
1 72 -20 -185.516 301.508 0 1 0 0.1714 0 -0.9852 -0.9852 0 -0.1714 32525.dat
1 72 0 -86.996 318.648 0 1 0 0.1714 0 -0.9852 -0.9852 0 -0.1714 60483.dat
1 72 20 -86.996 318.648 0 1 0 0.1714 0 -0.9852 -0.9852 0 -0.1714 60483.dat
1 72 0 -86.996 318.648 1 0 0 0 -0.1714 -0.9852 0 0.9852 -0.1714 87083.dat
1 4 -20 -263.468 166.144 0 1 0 0.9852 0 0.1714 0.1714 0 -0.9852 32316.dat
1 0 -10 -244.628 291.224 1 0 0 0 -0.9852 0.1714 0 -0.1714 -0.9852 2780.dat
1 0 10 -237.772 251.816 1 0 0 0 -0.9852 0.1714 0 -0.1714 -0.9852 2780.dat
1 0 -10 -263.468 166.144 1 0 0 0 -0.9852 0.1714 0 -0.1714 -0.9852 2780.dat
1 0 -10 -270.324 205.552 1 0 0 0 -0.9852 0.1714 0 -0.1714 -0.9852 2780.dat
1 0 -10 -284.036 284.368 1 0 0 0 -0.9852 0.1714 0 -0.1714 -0.9852 2780.dat
1 1 0 -224.06 173 1 0 0 0 -0.9852 0.1714 0 -0.1714 -0.9852 6558.dat
1 1 0 -106.7 315.22 1 0 0 0 -0.9852 0.1714 0 -0.1714 -0.9852 6558.dat
1 71 0 -227.488 192.704 1 0 0 0 -0.9852 0.1714 0 -0.1714 -0.9852 4519.dat
1 72 0 -210.348 94.184 1 0 0 0 -0.9852 0.1714 0 -0.1714 -0.9852 11214.dat
1 0 0 -86.7345 318.8254 1 0 0 0 0.59385 -0.804573 0 0.804573 0.59385 2950.dat
1 72 12 -217.204 133.592 1 0 0 0 0.9852 -0.1714 0 0.1714 0.9852 87083.dat
1 0 40 -217.204 133.592 1 0 0 0 -0.9852 0.1714 0 -0.1714 -0.9852 6553.dat
1 0 0 -217.204 133.592 0 -1 0 -0.1714 0 -0.9852 0.9852 0 -0.1714 33299.dat
1 72 20 -205.5134 275.4955 0 -1 0 0.591988 0 0.806466 -0.806466 0 0.591988 32316.dat
1 72 0 -140.9961 322.8546 0 -1 0 0.591988 0 0.806466 -0.806466 0 0.591988 32524.dat
1 0 10 -189.384 287.3353 1 0 0 0 0.591988 0.806466 0 -0.806466 0.591988 2780.dat
1 0 10 -173.2547 299.1751 1 0 0 0 0.591988 0.806466 0 -0.806466 0.591988 2780.dat
1 71 0 -92.6081 358.3739 1 0 0 0 0.591988 0.806466 0 -0.806466 0.591988 4519.dat
1 71 -25 -92.6081 358.3739 0 0 -1 0.806466 0.591988 0 0.591988 -0.806466 0 32123.dat
1 71 25 -92.6081 358.3739 0 0 -1 0.806466 0.591988 0 0.591988 -0.806466 0 32123.dat
1 15 -85 -140 40 0 -1 0 1 0 0 0 0 1 6632.dat
1 15 -95 -60 40 0 -1 0 0 0 -1 1 0 0 32250.dat
1 15 -45 -60 40 0 -1 0 0 0 -1 1 0 0 32250.dat
1 15 -55 -140 40 0 -1 0 1 0 0 0 0 1 6632.dat
1 4 -70 -140 80 1 0 0 0 1 0 0 0 1 32062.dat
1 15 -70 -140 80 1 0 0 0 0 1 0 -1 0 6536.dat
1 71 -70 -150 60 0 0 1 -1 0 0 0 -1 0 4274.dat
1 71 -70 -140 40 1 0 0 0 0 1 0 -1 0 4519.dat
1 71 -70 -60 40 1 0 0 0 0 1 0 -1 0 4519.dat
1 71 -70 -60 80 1 0 0 0 0 1 0 -1 0 4519.dat
1 72 -80 -60 60 0 1 0 1 0 0 0 0 -1 32523.dat
1 72 -60 -60 -40 0 1 0 1 0 0 0 0 -1 41239.dat
1 71 -70 -140 40 0 0 1 -1 0 0 0 -1 0 3713.dat
1 57 -70 -141 60 0 0 1 0 1 0 -1 0 0 58176.dat
1 25 0 -89.25 66.66 0.987688 -0.156434 0 0.034728 0.219267 -0.975 0.152523 0.962996 0.222 92695.dat
1 71 0 -60 60 1 0 0 0 0.222 -0.975 0 0.975 0.222 92693.dat
1 72 0 -210.345 94.2324 1 0 0 0 0.222 -0.975 0 0.975 0.222 92696.dat
1 19 0 -86.325 65.994 -0.987688 -0.156434 0 -0.034728 0.219267 0.975 -0.152523 0.962996 -0.222 6589.dat
1 71 0 -60 60 1 0 0 0 0.707 0.707 0 -0.707 0.707 44294.dat
1 71 -35 -60 60 0 0 1 -0.707 0.707 0 -0.707 -0.707 0 32123.dat
1 71 35 -60 60 0 0 1 -0.707 0.707 0 -0.707 -0.707 0 32123.dat
1 71 45 -60 60 0 0 1 -0.707 0.707 0 -0.707 -0.707 0 32123.dat
1 19 17 -60 60 0 0 1 -0.707 0.707 0 -0.707 -0.707 0 32198.dat
1 72 0 -90 -178 1 0 0 0 0 -1 0 1 0 3795.dat
1 72 0 -90 -186 1 0 0 0 0 -1 0 1 0 3020.dat
1 72 0 -90 -194 1 0 0 0 0 -1 0 1 0 3068.dat
1 72 -60 -100 -194 0 0 1 1 0 0 0 1 0 11153.dat
1 72 -60 -80 -194 0 0 1 1 0 0 0 1 0 11153.dat
1 72 60 -80 -194 0 0 -1 -1 0 0 0 1 0 11153.dat
1 72 60 -100 -194 0 0 -1 -1 0 0 0 1 0 11153.dat
1 72 -80 -90 -170 0 0 -1 -1 0 0 0 1 0 3022.dat
1 72 80 -90 -170 0 0 -1 -1 0 0 0 1 0 3022.dat
1 72 -90 -80 -162 0 0 -1 -1 0 0 0 1 0 3623.dat
1 72 90 -80 -162 0 0 -1 -1 0 0 0 1 0 3623.dat
1 72 -70 -90 -162 0 0 -1 -1 0 0 0 1 0 3023.dat
1 72 70 -90 -162 0 0 -1 -1 0 0 0 1 0 3023.dat
1 36 -90 -60 -162 0 0 1 1 0 0 0 1 0 54200.dat
1 36 90 -60 -162 0 0 -1 -1 0 0 0 1 0 54200.dat
1 4 20 -120 -80 0 -1 0 1 0 0 0 0 1 40490.dat
1 4 60 -120 -80 0 -1 0 1 0 0 0 0 1 40490.dat
1 4 80 -120 -120 0 -1 0 1 0 0 0 0 1 32523.dat
1 4 80 -120 -80 0 -1 0 1 0 0 0 0 1 32271.dat
1 4 -60 -120 -80 0 -1 0 1 0 0 0 0 1 40490.dat
1 4 -80 -120 -60 0 -1 0 1 0 0 0 0 1 40490.dat
1 0 70 -120 -60 -1 0 0 0 -1 0 0 0 1 2780.dat
1 0 70 -120 -100 -1 0 0 0 -1 0 0 0 1 2780.dat
1 4 -20 -120 -80 0 -1 0 1 0 0 0 0 1 40490.dat
1 71 0 -120 -20 0 0 -1 1 0 0 0 -1 0 48989.dat
1 71 0 -120 -140 0 0 -1 1 0 0 0 -1 0 48989.dat
1 1 30 -120 -20 1 0 0 0 0 -1 0 1 0 43093.dat
1 1 30 -120 -140 1 0 0 0 0 -1 0 1 0 43093.dat
1 1 -30 -120 -140 -1 0 0 0 0 -1 0 -1 0 43093.dat
1 1 -30 -120 -20 -1 0 0 0 0 -1 0 -1 0 43093.dat
1 4 60 -120 -20 1 0 0 0 0 -1 0 1 0 32054.dat
1 4 60 -120 -140 1 0 0 0 0 -1 0 1 0 32054.dat
1 4 -60 -120 -20 -1 0 0 0 0 -1 0 -1 0 32054.dat
1 4 -60 -120 -140 -1 0 0 0 0 -1 0 -1 0 32054.dat
