0 Main
0 Name: 7222-1 - Small Red Helicopter (Polybag).ldr
0 Author: LTRON
1 8 0 0 0 0 0 -1 0 1 0 1 0 0 3710.dat
1 8 60 0 0 0 0 -1 0 1 0 1 0 0 3710.dat
1 7 30 -8 0 -1 0 0 0 1 0 0 0 -1 3020.dat
1 4 30 -32 -10 1 0 0 0 1 0 0 0 1 3660.dat
1 4 30 -32 10 -1 0 0 0 1 0 0 0 -1 3747.dat
1 4 50 -40 20 1 0 0 0 1 0 0 0 1 41770.dat
1 4 10 -40 20 1 0 0 0 1 0 0 0 1 41769.dat
1 46 20 -40 -30 1 0 0 0 1 0 0 0 1 6141.dat
1 46 40 -40 -30 1 0 0 0 1 0 0 0 1 6141.dat
1 47 30 -64 -10 1 0 0 0 1 0 0 0 1 3039.dat
1 7 40 -64 10 0 0 -1 0 1 0 1 0 0 4070.dat
1 7 20 -64 10 0 0 1 0 1 0 -1 0 0 4070.dat
1 4 20 -64 30 0 0 1 0 1 0 -1 0 0 3005.dat
1 4 20 -64 50 -1 0 0 0 1 0 0 0 -1 3665.dat
1 4 40 -64 30 -1 0 0 0 1 0 0 0 -1 3040.dat
1 71 20 -72 60 0 0 1 0 1 0 -1 0 0 3460.dat
1 71 40 -72 10 0 0 1 0 1 0 -1 0 0 3623.dat
1 4 20 -96 130 1 0 0 0 1 0 0 0 1 4286.dat
1 46 20 -104 130 1 0 0 0 1 0 0 0 1 6141.dat
1 8 30 -80 20 1 0 0 0 1 0 0 0 1 2460.dat
1 0 30 -104 20 0.707 0 0.707 0 1 0 -0.707 0 0.707 2479.dat
1 4 65.355 -112 55.355 0.707 0 -0.707 0 1 0 0.707 0 0.707 3710.dat
1 4 -5.355 -112 55.355 -0.707 0 -0.707 0 1 0 0.707 0 -0.707 3710.dat
1 4 -5.355 -112 -15.355 -0.707 0 0.707 0 1 0 -0.707 0 -0.707 3710.dat
1 4 65.355 -112 -15.355 0.707 0 0.707 0 1 0 -0.707 0 0.707 3710.dat
