0 Main
0 Name: 8826 - ATX Sport Cycle - ATX Sport Cycle.mpd
0 Author: LTRON
1 256 0 0 0 1 0 0 0 0.997 -0.082 0 0.082 0.997 3023.dat
1 7 0 4.1 -49.85 0 0 1 0.082 0.997 0 -0.997 0.082 0 3709.dat
1 256 0 -7.156 -10.626 0 0 1 0.082 0.997 0 -0.997 0.082 0 3738.dat
1 256 -10 -34.364 27.286 0 0 1 0.082 0.997 0 -0.997 0.082 0 3701.dat
1 256 10 -34.364 27.286 0 0 1 0.082 0.997 0 -0.997 0.082 0 3701.dat
1 256 0 -29.444 -32.534 1 0 0 0 0.997 -0.082 0 0.082 0.997 2904.dat
1 14 0 -37.42 -33.19 0 0 1 0.082 0.997 0 -0.997 0.082 0 3709.dat
1 0 0 -44.8 56.54 -1 0 0 0 0.997 0.082 0 0.082 -0.997 2436.dat
1 14 -30 -34.364 27.286 0 0 -1 -0.082 0.997 0 0.997 0.082 0 3023.dat
1 0 40 -26.388 27.942 0 0 -1 -0.082 0.997 0 0.997 0.082 0 3022.dat
1 0 -40 -26.388 27.942 0 0 -1 -0.082 0.997 0 0.997 0.082 0 3022.dat
1 14 30 -34.364 27.286 0 0 -1 -0.082 0.997 0 0.997 0.082 0 3023.dat
1 14 -60 -34.364 27.286 0 0 -1 -0.082 0.997 0 0.997 0.082 0 3709.dat
1 14 60 -34.364 27.286 0 0 -1 -0.082 0.997 0 0.997 0.082 0 3709.dat
1 14 0 -42.34 26.63 1 0 0 0 0.997 -0.082 0 0.082 0.997 3795.dat
1 0 0 -26.664 80.114 0 0 1 -0.997 0.082 0 -0.082 -0.997 0 3022.dat
1 46 30 -36.634 79.294 0 0 1 -0.997 0.082 0 -0.082 -0.997 0 6141.dat
1 46 -30 -36.634 79.294 0 0 1 -0.997 0.082 0 -0.082 -0.997 0 6141.dat
1 36 10 -37.29 87.27 0 0 1 -0.997 0.082 0 -0.082 -0.997 0 3024.dat
1 36 -10 -37.29 87.27 0 0 1 -0.997 0.082 0 -0.082 -0.997 0 3024.dat
1 15 0 -17.35 88.91 -1 0 0 0 0.082 -0.997 0 -0.997 -0.082 3069.dat
1 1 0 -47.856 -3.936 0 0 -1 -0.082 0.997 0 0.997 0.082 0 3021.dat
1 14 0 -57.248 -85.008 -1 0 0 0 0.997 0.082 0 0.082 -0.997 3298.dat
1 1 0 -67.088 34.632 -1 0 0 0 0.997 0.082 0 0.082 -0.997 3039.dat
1 0 0 -4.92 59.82 -1 0 0 0 0.997 0.082 0 0.082 -0.997 3023.dat
1 0 0 12.076 -49.194 -1 0 0 0 0.997 0.082 0 0.082 -0.997 3022.dat
1 7 0 45.396 33.846 -1 0 0 0 0.997 0.082 0 0.082 -0.997 3021.dat
1 7 -30 37.42 33.19 -1 0 0 0 0.997 0.082 0 0.082 -0.997 2444.dat
1 7 30 37.42 33.19 1 0 0 0 0.997 -0.082 0 0.082 0.997 2444.dat
1 7 -30 28.624 42.504 1 0 0 0 0.997 -0.082 0 0.082 0.997 3794.dat
1 7 30 28.624 42.504 1 0 0 0 0.997 -0.082 0 0.082 0.997 3794.dat
1 7 30 30.264 22.564 1 0 0 0 0.997 -0.082 0 0.082 0.997 3794.dat
1 7 -30 30.264 22.564 1 0 0 0 0.997 -0.082 0 0.082 0.997 3794.dat
1 7 50 47.39 34.01 1 0 0 0 0.997 -0.082 0 0.082 0.997 3749.dat
1 7 -50 47.39 34.01 -1 0 0 0 0.997 0.082 0 0.082 -0.997 3749.dat
1 7 0 4.696 40.536 1 0 0 0 0.997 -0.082 0 0.082 0.997 3701.dat
1 7 0 6.336 20.596 1 0 0 0 0.997 -0.082 0 0.082 0.997 3701.dat
1 0 20 15.486 31.386 0 0 1 0.082 0.997 0 -0.997 0.082 0 2780.dat
1 0 -20 15.486 31.386 0 0 1 0.082 0.997 0 -0.997 0.082 0 2780.dat
1 7 0 17.126 11.446 0 0 1 0.082 0.997 0 -0.997 0.082 0 3673.dat
1 7 0 13.846 51.326 0 0 1 0.082 0.997 0 -0.997 0.082 0 3673.dat
1 0 0 8.796 -9.314 0 0 -1 -0.082 0.997 0 0.997 0.082 0 2444.dat
1 0 0 3.056 60.476 1 0 0 0 0.997 -0.082 0 0.082 0.997 3700.dat
1 0 0 28.028 -47.882 1 0 0 0 0.997 -0.082 0 0.082 0.997 2817.dat
1 7 0 20.052 -48.538 0 0 -1 -0.082 0.997 0 0.997 0.082 0 3709.dat
1 0 0 -16.6827 -71.8149 1 0 0 0 -0.911622 0.412236 0 -0.412236 -0.911622 4519.dat
1 7 20 -16.6827 -71.8149 0 1 0 -0.412236 0 0.911622 0.911622 0 0.412236 2825.dat
1 0 0 38.0146 -47.0807 -1 0 0 0 -0.412236 0.911622 0 0.911622 0.412236 3706.dat
1 7 -20 -16.6827 -71.8149 0 -1 0 0.412236 0 0.911622 -0.911622 0 0.412236 2825.dat
1 7 50 37.998 -47.062 0 0 -1 -0.412236 0.911622 0 0.911622 0.412236 0 3713.dat
1 7 35 37.998 -47.062 0 0 1 0.412236 0.911622 0 -0.911622 0.412236 0 4265.dat
1 7 -35 37.998 -47.062 0 0 -1 -0.412236 0.911622 0 0.911622 0.412236 0 4265.dat
1 7 -50 37.998 -47.062 0 0 1 0.412236 0.911622 0 -0.911622 0.412236 0 3713.dat
1 0 0 -23.7289 -110.893 0 0 -1 -0.982087 0.18823 0 0.18823 0.982087 0 3705.dat
1 7 0 -58.1154 -104.3 0 1 0 -0.18823 0 -0.982087 -0.982087 0 0.18823 4265.dat
1 0 0 -19.4727 -152.4523 1 0 0 0 0.982087 0.18823 0 -0.18823 0.982087 3738.dat
1 14 40 -27.3294 -150.9464 1 0 0 0 0.982087 0.18823 0 -0.18823 0.982087 4032.dat
1 14 -40 -27.3294 -150.9464 1 0 0 0 0.982087 0.18823 0 -0.18823 0.982087 4032.dat
1 14 -70 -32.9763 -180.4091 1 0 0 0 0.982087 0.18823 0 -0.18823 0.982087 2420.dat
1 14 -70 -21.6825 -121.4838 0 0 1 -0.18823 0.982087 0 -0.982087 -0.18823 0 2420.dat
1 14 70 -21.6825 -121.4838 -1 0 0 0 0.982087 -0.18823 0 -0.18823 -0.982087 2420.dat
1 14 70 -32.9763 -180.4091 0 0 -1 0.18823 0.982087 0 0.982087 -0.18823 0 2420.dat
1 14 0 -35.1861 -149.4406 1 0 0 0 0.982087 0.18823 0 -0.18823 0.982087 3738.dat
1 0 0 -44.9251 -157.7556 1 0 0 0 0.982087 0.18823 0 -0.18823 0.982087 2436.dat
1 0 0 -52.7818 -156.2498 1 0 0 0 0.982087 0.18823 0 -0.18823 0.982087 3069.dat
1 46 -30 -39.2453 -181.2439 1 0 0 0 0.18823 -0.982087 0 0.982087 0.18823 6141.dat
1 46 30 -39.2453 -181.2439 1 0 0 0 0.18823 -0.982087 0 0.982087 0.18823 6141.dat
1 0 0 -6.7056 -154.8993 1 0 0 0 0.982087 0.18823 0 -0.18823 0.982087 2905.dat
1 0 40 -21.4369 -152.0758 0 -1 0 0.982087 0 0.18823 -0.18823 0 0.982087 3706.dat
1 0 -40 -21.4369 -152.0758 0 -1 0 0.982087 0 0.18823 -0.18823 0 0.982087 3706.dat
1 7 40 8.0257 -157.7227 -1 0 0 0 0.18823 0.982087 0 0.982087 -0.18823 3713.dat
1 7 -40 8.0257 -157.7227 -1 0 0 0 0.18823 0.982087 0 0.982087 -0.18823 3713.dat
1 7 -40 27.6675 -161.4873 -1 0 0 0 -0.18823 -0.982087 0 -0.982087 0.18823 3651.dat
1 7 40 27.6675 -161.4873 -1 0 0 0 -0.18823 -0.982087 0 -0.982087 0.18823 3651.dat
1 7 -50 47.3092 -165.2519 -1 0 0 0 -0.18823 -0.982087 0 -0.982087 0.18823 3749.dat
1 7 50 47.3092 -165.2519 1 0 0 0 0.18823 -0.982087 0 0.982087 0.18823 3749.dat
1 0 0 -55.8099 -145.4878 1 0 0 0 0.982087 0.18823 0 -0.18823 0.982087 2905.dat
1 7 -58.478 -69.1005 -135.1474 0 0.383 -0.924 -0.982087 0.173925 0.072092 0.18823 0.907448 0.376139 4273.dat
1 7 58.478 -69.1005 -135.1474 0 0.383 0.924 -0.982087 -0.173925 0.072092 0.18823 -0.907448 0.376139 4273.dat
1 0 -67.716 -68.3802 -131.389 0.924 -0.383 0 -0.072092 -0.173925 0.982087 -0.376139 -0.907448 -0.18823 3704.dat
1 0 67.716 -68.3802 -131.389 0.924 0.383 0 0.072092 -0.173925 0.982087 0.376139 -0.907448 -0.18823 3704.dat
1 7 40 -74.4696 -141.9114 1 0 0 0 -0.18823 0.982087 0 -0.982087 -0.18823 4265.dat
1 7 -40 -74.4696 -141.9114 1 0 0 0 -0.18823 0.982087 0 -0.982087 -0.18823 4265.dat
1 15 0 -29.4244 -183.1261 1 0 0 0 0.18823 -0.982087 0 0.982087 0.18823 4150.dat
1 7 0 10.6585 -117.4849 0 1 0 0.18823 0 0.982087 0.982087 0 -0.18823 4265.dat
1 14 60 47.335 -165.2598 0 0 -1 0.18823 0.982087 0 0.982087 -0.18823 0 3482.dat
1 256 60 47.335 -165.2598 0 0 -1 0.18823 0.982087 0 0.982087 -0.18823 0 2346.dat
1 14 60 47.39 34.01 0 0 -1 -0.082 0.997 0 0.997 0.082 0 3482.dat
1 256 60 47.39 34.01 0 0 -1 -0.082 0.997 0 0.997 0.082 0 2346.dat
1 14 -60 47.335 -165.2598 0 0 1 -0.18823 0.982087 0 -0.982087 -0.18823 0 3482.dat
1 256 -60 47.335 -165.2598 0 0 1 -0.18823 0.982087 0 -0.982087 -0.18823 0 2346.dat
1 14 -60 47.39 34.01 0 0 1 0.082 0.997 0 -0.997 0.082 0 3482.dat
1 256 -60 47.39 34.01 0 0 1 0.082 0.997 0 -0.997 0.082 0 2346.dat
