0 Main
0 Name: 42102 - Mini CLAAS XERION - Mini CLAAS XERION.mpd
0 Author: LTRON
1 71 0 0 0 -1 0 0 0 0 1 0 1 0 48989.dat
1 70 -20 0 20 1 0 0 0 0 -1 0 1 0 24316.dat
1 71 -15 0 20 0 0 -1 0 1 0 1 0 0 32123.dat
1 72 20 20 20 0 0 -1 0 1 0 1 0 0 32523.dat
1 72 20 20 -20 0 0 -1 0 1 0 1 0 0 32523.dat
1 71 40 0 0 -1 0 0 0 0 1 0 1 0 48989.dat
1 70 60 0 20 -1 0 0 0 0 1 0 1 0 24316.dat
1 71 55 0 20 0 0 -1 0 1 0 1 0 0 32123.dat
1 72 20 -20 -20 0 0 -1 0 -1 0 -1 0 0 32523.dat
1 71 20 -20 60 1 0 0 0 1 0 0 0 1 14720.dat
1 71 40 0 100 0 -1 0 -1 0 0 0 0 -1 15100.dat
1 72 20 -50 100 0 -1 0 1 0 0 0 0 1 87083.dat
1 71 20 -40 100 0 -1 0 0 0 1 -1 0 0 94925.dat
1 71 20 -20 20 0 0 -1 1 0 0 0 -1 0 4519.dat
1 71 20 -40 20 -1 0 0 0 0 1 0 1 0 94925.dat
1 72 20 -80 140 0 -1 0 0 0 1 -1 0 0 32526.dat
1 0 30 0 100 -1 0 0 0 1 0 0 0 -1 2780.dat
1 0 30 -80 140 1 0 0 0 1 0 0 0 1 2780.dat
1 1 20 -60 140 -1 0 0 0 1 0 0 0 -1 6558.dat
1 72 0 -60 80 0 -1 0 -1 0 0 0 0 -1 32524.dat
1 71 20 -60 80 0 0 -1 -1 0 0 0 1 0 48989.dat
1 71 20 -40 60 0.981 -0.195 0 0 0 1 -0.195 -0.981 0 94925.dat
1 19 20 -50 60 0 0.195 0.981 1 0 0 0 0.981 -0.195 3749.dat
1 0 20 -69.397 16.58 0 1 0 0.342 0 -0.94 -0.94 0 -0.342 43857.dat
1 1 0 -60 20 -1 0 0 0 1 0 0 0 -1 6558.dat
1 72 40 -60 80 0 -1 0 1 0 0 0 0 1 32524.dat
1 0 50 -60 20 1 0 0 0 -1 0 0 0 -1 2780.dat
1 4 20 -20 80 1 0 0 0 1 0 0 0 1 3706.dat
1 71 -35 -20 80 0 0 1 0 1 0 -1 0 0 32123.dat
1 0 -20 -40 80 1 0 0 0 -1 0 0 0 -1 42003.dat
1 71 -20 -40 100 0 1 0 0 0 -1 -1 0 0 15100.dat
1 4 0 -20 80 0 0 1 -1 0 0 0 -1 0 3713.dat
1 27 -20 -60 60 0 1 0 1 0 0 0 0 -1 11946.dat
1 1 -20 -60 70 0 0 1 0 1 0 -1 0 0 43093.dat
1 4 40 -20 80 0 0 1 -1 0 0 0 -1 0 3713.dat
1 0 60 -40 80 1 0 0 0 -1 0 0 0 -1 42003.dat
1 71 60 -40 100 0 1 0 0 0 -1 -1 0 0 15100.dat
1 27 60 -60 60 0 -1 0 -1 0 0 0 0 -1 11947.dat
1 1 60 -60 70 0 -1 0 0 0 1 -1 0 0 43093.dat
1 71 75 -20 80 0 0 1 0 1 0 -1 0 0 32123.dat
1 0 20 -71.48 -46.398 0 -1 0 0.122 0 0.993 -0.993 0 0.122 32140.dat
1 1 20 -9.46 -58.938 1 0 0 0 -0.993 0.122 0 -0.122 -0.993 6558.dat
1 1 20 -11.9 -39.078 1 0 0 0 -0.993 0.122 0 -0.122 -0.993 6558.dat
1 71 20 -71.48 -46.398 1 0 0 0 -0.993 0.122 0 -0.122 -0.993 4519.dat
1 0 0 -10.68 -49.008 0 1 0 0.993 0 0.122 0.122 0 -0.993 43857.dat
1 0 40 -10.68 -49.008 0 1 0 0.993 0 0.122 0.122 0 -0.993 43857.dat
1 27 0 -81.24 33.042 0 1 0 0.993 0 0.122 0.122 0 -0.993 32526.dat
1 1 20 -31.76 -41.518 1 0 0 0 0.993 -0.122 0 0.122 0.993 6558.dat
1 0 10 -73.92 -26.538 1 0 0 0 0.993 -0.122 0 0.122 0.993 2780.dat
1 0 10 -76.36 -6.678 1 0 0 0 0.993 -0.122 0 0.122 0.993 2780.dat
1 27 20 -75.14 -16.608 0 -1 0 0.993 0 -0.122 0.122 0 0.993 43857.dat
1 1 20 -81.24 33.042 1 0 0 0 -0.993 0.122 0 -0.122 -0.993 6558.dat
1 1 20 -78.8 13.182 1 0 0 0 -0.993 0.122 0 -0.122 -0.993 6558.dat
1 0 20 -81.7089 43.0361 0 1 0 0.999171 0 0.047159 0.047159 0 -0.999171 43857.dat
1 27 40 -81.231 33.011 0 1 0 0.993 0 0.122 0.122 0 -0.993 32526.dat
1 27 80 -60 160 0 1 0 1 0 0 0 0 -1 32140.dat
1 0 70 -60 100 -1 0 0 0 1 0 0 0 -1 2780.dat
1 0 70 -40 100 -1 0 0 0 1 0 0 0 -1 2780.dat
1 1 60 -60 120 -1 0 0 0 1 0 0 0 -1 6558.dat
1 0 60 -120 100 0 1 0 0 0 1 1 0 0 32140.dat
1 0 50 -100 100 -1 0 0 0 1 0 0 0 -1 2780.dat
1 1 50 -120 100 1 0 0 0 0 1 0 -1 0 43093.dat
1 15 20 -120 60 0 -1 0 1 0 0 0 0 1 32523.dat
1 1 20 -120 60 -1 0 0 0 -1 0 0 0 1 6558.dat
1 1 20 -120 80 -1 0 0 0 -1 0 0 0 1 6558.dat
1 15 40 -120 40 0 -1 0 1 0 0 0 0 1 32140.dat
1 15 0 -120 40 0 -1 0 1 0 0 0 0 1 32140.dat
1 1 50 -120 40 -1 0 0 0 -1 0 0 0 1 43093.dat
1 1 -10 -120 40 1 0 0 0 -1 0 0 0 -1 43093.dat
1 0 -20 -120 100 0 1 0 0 0 1 1 0 0 32140.dat
1 0 -10 -100 100 1 0 0 0 1 0 0 0 1 2780.dat
1 1 -10 -120 100 -1 0 0 0 0 1 0 1 0 43093.dat
1 27 -40 -60 160 0 1 0 1 0 0 0 0 -1 32140.dat
1 0 -30 -60 100 1 0 0 0 -1 0 0 0 -1 2780.dat
1 0 -30 -40 100 1 0 0 0 -1 0 0 0 -1 2780.dat
1 1 -20 -60 120 1 0 0 0 -1 0 0 0 -1 6558.dat
1 0 60 -119.997 39.998 -1 0 0 0 0.325 -0.946 0 -0.946 -0.325 32013.dat
1 1 60 -91.617 49.748 0 0 -1 -0.946 -0.325 0 -0.325 0.946 0 43093.dat
1 0 60 -82.157 52.998 0 0 1 -0.946 0.325 0 -0.325 -0.946 0 32013.dat
1 71 20 -82.157 52.998 1 0 0 0 0.325 0.946 0 -0.946 0.325 4519.dat
1 0 -20 -120.008 39.989 -1 0 0 0 0.325 -0.946 0 -0.946 -0.325 32013.dat
1 1 -20 -91.628 49.739 0 0 -1 -0.946 -0.325 0 -0.325 0.946 0 43093.dat
1 0 -20 -82.168 52.989 0 0 -1 0.946 0.325 0 0.325 -0.946 0 32013.dat
1 71 35 -20 140 0 1 0 0 0 1 1 0 0 6632.dat
1 1 30 -20 140 1 0 0 0 0 1 0 -1 0 43093.dat
1 71 45 -20 140 0 0 -1 1 0 0 0 -1 0 32123.dat
1 0 20 -3.688 189.864 0 1 0 -0.074 0 0.997 0.997 0 0.074 3705.dat
1 0 20 -5.908 219.774 0 1 0 -0.997 0 -0.074 -0.074 0 0.997 32270.dat
1 4 20 -4.428 199.834 -1 0 0 0 -0.997 -0.074 0 -0.074 0.997 3713.dat
1 19 20 -1.986 166.933 1 0 0 0 -0.997 0.074 0 -0.074 -0.997 6589.dat
1 71 20 -22.888 178.414 -1 0 0 0 -0.997 -0.074 0 -0.074 0.997 4519.dat
1 27 20 -79.9728 159.9887 0 1 0 -0.30722 0 0.95162 0.95162 0 0.30722 32140.dat
1 1 30 -79.9728 159.9887 -1 0 0 0 -0.30722 0.95162 0 0.95162 0.30722 43093.dat
1 1 30 -60.9441 166.1299 1 0 0 0 0.95162 -0.30722 0 0.30722 0.95162 43093.dat
1 4 40 -60.9441 166.1299 0 0 1 0.95162 -0.30722 0 0.30722 0.95162 0 3713.dat
1 14 20 -28.808 258.174 -1 0 0 0 0.997 0.074 0 0.074 -0.997 32073.dat
1 4 60 -28.808 258.174 -1 0 0 0 0.074 -0.997 0 -0.997 -0.074 6536.dat
1 4 45 -25.848 218.294 0 -1 0 0.997 0 -0.074 0.074 0 0.997 11478.dat
1 4 -5 -25.848 218.294 0 -1 0 -0.997 0 0.074 -0.074 0 -0.997 11478.dat
1 4 20 -28.808 258.174 1 0 0 0 -0.997 0.074 0 -0.074 -0.997 62462.dat
1 4 -20 -28.808 258.174 1 0 0 0 0.074 0.997 0 -0.997 0.074 6536.dat
1 4 20 -7.388 239.714 0 0 -1 0.074 -0.997 0 -0.997 -0.074 0 32524.dat
1 19 80 2.582 240.454 0 0 -1 0.997 0.074 0 0.074 -0.997 0 3749.dat
1 19 20 2.582 240.454 0 0.707 -0.707 0.997 0.052318 0.052318 0.074 -0.704879 -0.704879 3749.dat
1 19 -40 2.582 240.454 0 0 -1 0.997 0.074 0 0.074 -0.997 0 3749.dat
1 0 80 12.552 241.194 -1 0 0 0 0.074 -0.997 0 -0.997 -0.074 32498.dat
1 0 -40 12.552 241.194 -1 0 0 0 0.074 -0.997 0 -0.997 -0.074 32498.dat
1 0 20 12.552 241.194 -0.707 0.707 0 0.052318 0.052318 -0.997 -0.704879 -0.704879 -0.074 32270.dat
1 0 60 -17.358 238.974 0 -1 0 -0.997 0 0.074 -0.074 0 -0.997 2780.dat
1 0 -20 -17.358 238.974 0 -1 0 -0.997 0 0.074 -0.074 0 -0.997 2780.dat
1 71 15 0.012 140.014 -1 0 0 0 -0.973492 -0.228644 0 -0.228644 0.973492 44294.dat
1 19 3 0.012 140.014 0 0 -1 0.228644 -0.973492 0 -0.973492 -0.228644 0 32198.dat
1 71 55 0 140 0 0 -1 -0.973 -0.229 0 -0.229 0.973 0 32123.dat
1 71 -15 0 140 0 0 -1 -0.974 -0.228 0 -0.228 0.974 0 32123.dat
1 0 40 -80 160 0 0 -1 1 0 0 0 -1 0 42003.dat
1 72 20 -90 100 1 0 0 0 0 1 0 -1 0 59443.dat
1 71 20 -120 100 0 0 1 -1 0 0 0 -1 0 4519.dat
1 4 20 -120 100 1 0 0 0 0 1 0 -1 0 3713.dat
1 0 20 -140 100 1 0 0 0 0 1 0 -1 0 32270.dat
1 4 -40 0 20 0 0 1 -1 0 0 0 -1 0 55982.dat
1 4 80 0 20 0 0 -1 1 0 0 0 -1 0 55982.dat
1 4 80 0.012 140.014 0 0 -1 0.973 0.229 0 0.229 -0.973 0 55982.dat
1 4 -40 0.012 140.014 0 0 1 0.973 0.229 0 -0.229 0.973 0 55982.dat
