0 Main
0 Name: 6851-1 - Tri-Wheeled Tyrax.mpd
0 Author: LTRON
1 15 0 7.098 -1.129 0 0 1 0.173648 0.984808 0 -0.984808 0.173648 0 3795.dat
1 0 0 0.956 -12.3663 0 0 1 0.173648 0.984808 0 -0.984808 0.173648 0 3021.dat
1 15 0 -7.7264 36.8741 -1 0 0 0 0.984808 0.173648 0 0.173648 -0.984808 3795.dat
1 15 0 9.6384 -61.6067 -1 0 0 0 0.984808 0.173648 0 0.173648 -0.984808 3795.dat
1 15 30 -13.997 -65.7742 0 0 -1 -0.173648 0.984808 0 0.984808 0.173648 0 3004.dat
1 15 -30 -13.997 -65.7742 0 0 -1 -0.173648 0.984808 0 0.984808 0.173648 0 3004.dat
1 0 0 -24.4159 -6.6857 0 0 -1 -0.173648 0.984808 0 0.984808 0.173648 0 3007.dat
1 0 0 19.2534 -70.0656 -1 0 0 0 0.984808 0.173648 0 0.173648 -0.984808 3004.dat
1 0 50 -7.0511 -105.1665 0 0 -1 -0.173648 0.984808 0 0.984808 0.173648 0 3009.dat
1 0 30 23.5303 -140.3913 1 0 0 0 0.984808 -0.173648 0 0.173648 0.984808 3021.dat
1 0 20 -0.1051 -144.5589 -1 0 0 0 0.984808 0.173648 0 0.173648 -0.984808 4730.dat
1 0 30 -7.9836 -145.948 -1 0 0 0 0.984808 0.173648 0 0.173648 -0.984808 3021.dat
1 0 0 9.7429 -142.8224 0 0 1 0.173648 0.984808 0 -0.984808 0.173648 0 2593.dat
1 0 -40 0.1521 38.2633 -1 0 0 0 0.984808 0.173648 0 0.173648 -0.984808 4730.dat
1 0 -60 10.0002 39.9998 0 0 1 0.173648 0.984808 0 -0.984808 0.173648 0 2593.dat
1 0 40 0.1521 38.2633 1 0 0 0 0.984808 -0.173648 0 0.173648 0.984808 4730.dat
1 0 60 10.0002 39.9998 0 0 -1 -0.173648 0.984808 0 0.984808 0.173648 0 2593.dat
1 0 -50 -7.0511 -105.1665 0 0 -1 -0.173648 0.984808 0 0.984808 0.173648 0 3009.dat
1 0 -50 -7.9836 -145.948 0 0 -1 -0.173648 0.984808 0 0.984808 0.173648 0 3023.dat
1 0 0 -21.8754 -67.1634 1 0 0 0 0.984808 -0.173648 0 0.173648 0.984808 3795.dat
1 15 0 -28.8214 -27.7711 1 0 0 0 0.984808 -0.173648 0 0.173648 0.984808 3022.dat
1 0 0 -60.2066 58.0833 1 0 0 0 0.984808 -0.173648 0 0.173648 0.984808 3004.dat
1 0 0 -91.7205 52.5265 1 0 0 0 0.984808 -0.173648 0 0.173648 0.984808 2432.dat
1 0 0 -54.1932 -22.0906 1 0 0 0 0.984808 -0.173648 0 0.173648 0.984808 3298.dat
1 15 0 -28.0174 -78.4007 1 0 0 0 0.984808 -0.173648 0 0.173648 0.984808 3710.dat
1 15 50 -28.0174 -78.4007 1 0 0 0 0.984808 -0.173648 0 0.173648 0.984808 2555.dat
1 15 -50 -28.0174 -78.4007 1 0 0 0 0.984808 -0.173648 0 0.173648 0.984808 2555.dat
1 42 -50 -32.1898 -89.2906 1 0 0 0 0.173648 0.984808 0 -0.984808 0.173648 2569.dat
1 42 50 -32.1898 -89.2906 1 0 0 0 0.173648 0.984808 0 -0.984808 0.173648 2569.dat
1 15 0 -62.0717 -23.4797 -1 0 0 0 0.984808 0.173648 0 0.173648 -0.984808 3069.dat
1 0 0 -51.6528 -82.5682 -1 0 0 0 0.984808 0.173648 0 0.173648 -0.984808 3937.dat
1 15 0 -45.9518 -71.7326 -1 0 0 0 0.414693 -0.909962 0 -0.909962 -0.414693 3938.dat
1 42 0 -102.3501 52.0222 1 0 0 0 0.414693 0.909962 0 -0.909962 0.414693 2466.dat
1 0 0 -105.6676 59.3019 1 0 0 0 0.414693 0.909962 0 -0.909962 0.414693 4590.dat
