0 
0 Name: New Model.ldr
0 Author: 
1 0 300 -23.991 359.692 1 0 0 0 0.998104 -0.061554 0 0.061554 0.998104 6157.dat
1 4 300 -23.991 359.692 1 0 0 0 0.998104 -0.061554 0 0.061554 0.998104 3022.dat
1 0 300 -20.297 299.806 1 0 0 0 0.998104 -0.061554 0 0.061554 0.998104 3031.dat
1 0 300 -24.589 239.427 1 0 0 0 0.998104 -0.061554 0 0.061554 0.998104 6157.dat
1 0 300 -32.591 369.181 -1 0 0 0 0.998104 0.061554 0 0.061554 -0.998104 2436.dat
1 0 300 -28.282 299.314 0 0 1 0.061554 0.998104 0 -0.998104 0.061554 0 3795.dat
1 0 300 -23.973 229.446 1 0 0 0 0.998104 -0.061554 0 0.061554 0.998104 50949.dat
1 0 280 -23.964 391.755 1 0 0 0 0.061554 0.998104 0 -0.998104 0.061554 3794.dat
1 0 320 -23.964 391.755 1 0 0 0 0.061554 0.998104 0 -0.998104 0.061554 3794.dat
1 8 280 -24.456 399.739 1 0 0 0 0.062 0.998 0 -0.998 0.062 6141.dat
1 8 320 -24.456 399.739 1 0 0 0 0.062 0.998 0 -0.998 0.062 6141.dat
1 4 300 -41.807 388.65 1 0 0 0 0.998104 -0.061554 0 0.061554 0.998104 3710.dat
1 4 300 -39.345 348.726 0 0 1 0.061554 0.998104 0 -0.998104 0.061554 0 3021.dat
1 4 300 -33.805 258.897 0 0 1 0.061554 0.998104 0 -0.998104 0.061554 0 3795.dat
1 4 300 -49.792 388.158 1 0 0 0 0.998104 -0.061554 0 0.061554 0.998104 3710.dat
1 4 300 -55.93 357.723 1 0 0 0 0.998104 -0.061554 0 0.061554 0.998104 3788.dat
1 4 270 -44.252 298.329 0 0 1 0.061554 0.998104 0 -0.998104 0.061554 0 3010.dat
1 0 300 -44.252 298.329 0 0 1 0.061554 0.998104 0 -0.998104 0.061554 0 3020.dat
1 4 330 -44.252 298.329 0 0 1 0.061554 0.998104 0 -0.998104 0.061554 0 3010.dat
1 4 300 -40.559 238.442 1 0 0 0 0.998104 -0.061554 0 0.061554 0.998104 44674.dat
1 0 300 -62.666 207.022 1 0 0 0 0.998104 -0.061554 0 0.061554 0.998104 2432.dat
1 36 270 -57.776 387.666 1 0 0 0 0.998104 -0.061554 0 0.061554 0.998104 3024.dat
1 36 330 -57.776 387.666 1 0 0 0 0.998104 -0.061554 0 0.061554 0.998104 3024.dat
1 4 300 -55.93 357.723 0 0 1 0.061554 0.998104 0 -0.998104 0.061554 0 3020.dat
1 14 300 -52.852 307.817 1 0 0 0 0.998104 -0.061554 0 0.061554 0.998104 3023.dat
1 4 270 -52.237 297.836 0 0 1 0.061554 0.998104 0 -0.998104 0.061554 0 3710.dat
1 4 330 -52.237 297.836 0 0 1 0.061554 0.998104 0 -0.998104 0.061554 0 3710.dat
1 4 300 -49.774 257.912 0 0 1 0.061554 0.998104 0 -0.998104 0.061554 0 3020.dat
1 4 280 -79.884 356.245 0 0 1 0.061554 0.998104 0 -0.998104 0.061554 0 3001.dat
1 4 320 -79.884 356.245 0 0 1 0.061554 0.998104 0 -0.998104 0.061554 0 3001.dat
1 4 300 -76.807 306.34 1 0 0 0 0.998104 -0.061554 0 0.061554 0.998104 3010.dat
1 40 300 -73.729 256.435 1 0 0 0 0.998104 -0.061554 0 0.061554 0.998104 6238.dat
1 4 300 -89.716 385.696 1 0 0 0 0.998104 -0.061554 0 0.061554 0.998104 2431.dat
1 4 300 -84.176 295.867 0 0 1 0.061554 0.998104 0 -0.998104 0.061554 0 3032.dat
1 0 300 -97.701 385.203 1 0 0 0 0.998104 -0.061554 0 0.061554 0.998104 50949.dat
1 4 300 -105.685 384.711 1 0 0 0 0.998104 -0.061554 0 0.061554 0.998104 2431.dat
1 0 258 -19 360 0 0 1 0.061554 0.998104 0 -0.998104 0.061554 0 30027.dat
1 0 342 -19 360 0 0 -1 -0.061554 0.998104 0 0.998104 0.061554 0 30027.dat
1 0 260 -19.598 239.735 0 0 1 0.061554 0.998104 0 -0.998104 0.061554 0 51719.dat
1 0 340 -19.598 239.735 0 0 -1 -0.061554 0.998104 0 0.998104 0.061554 0 51719.dat
1 256 253 -19 360 1 0 0 0 0.998104 -0.061554 0 0.061554 0.998104 30028.dat
1 256 337 -19 360 1 0 0 0 0.998104 -0.061554 0 0.061554 0.998104 30028.dat
1 256 260 -19.598 239.735 0 0 1 0.061554 0.998104 0 -0.998104 0.061554 0 50951.dat
1 256 340 -19.598 239.735 0 0 1 0.061554 0.998104 0 -0.998104 0.061554 0 50951.dat
