0 Main
0 Name: 8074-1 - Universal _JK3oy6v.mpd
0 Author: LTRON
1 0 -120 -16.638 -61.674 0 0 1 0.081 0.997 0 -0.997 0.081 0 3703.dat
1 0 -60 -16.638 -61.674 0 0 1 0.081 0.997 0 -0.997 0.081 0 3703.dat
1 0 -140 -34.458 157.666 0 0 1 0.081 0.997 0 -0.997 0.081 0 3895.dat
1 0 -40 -34.458 157.666 0 0 1 0.081 0.997 0 -0.997 0.081 0 3895.dat
1 0 -90 18.63 -199.31 -1 0 0 0 0.997 0.081 0 0.081 -0.997 3709.dat
1 0 -130 -9.908 -20.984 -1 0 0 0 0.997 0.081 0 0.081 -0.997 2780.dat
1 0 -130 4.672 -200.444 -1 0 0 0 0.997 0.081 0 0.081 -0.997 2780.dat
1 0 -130 -18.008 78.716 -1 0 0 0 0.997 0.081 0 0.081 -0.997 2780.dat
1 0 -150 -22.868 138.536 -1 0 0 0 0.997 0.081 0 0.081 -0.997 2780.dat
1 0 -30 -22.868 138.536 -1 0 0 0 0.997 0.081 0 0.081 -0.997 2780.dat
1 0 -50 -18.008 78.716 -1 0 0 0 0.997 0.081 0 0.081 -0.997 2780.dat
1 0 -50 -9.908 -20.984 -1 0 0 0 0.997 0.081 0 0.081 -0.997 2780.dat
1 0 -50 4.672 -200.444 -1 0 0 0 0.997 0.081 0 0.081 -0.997 2780.dat
1 0 -100 -16.388 58.776 -1 0 0 0 0.997 0.081 0 0.081 -0.997 3737.dat
1 7 -107 -16.388 58.776 0 0 -1 -0.081 0.997 0 0.997 0.081 0 4143.dat
1 0 -90 -12.464 -211.872 1 0 0 0 0.997 -0.081 0 0.081 0.997 3710.dat
1 0 -130 -37.574 97.198 1 0 0 0 0.997 -0.081 0 0.081 0.997 3022.dat
1 0 -50 -37.574 97.198 1 0 0 0 0.997 -0.081 0 0.081 0.997 3022.dat
1 0 -90 -30.408 107.816 1 0 0 0 0.997 -0.081 0 0.081 0.997 3701.dat
1 0 -90 8.1 -69.7 1 0 0 0 0.997 -0.081 0 0.081 0.997 3710.dat
1 0 -90 0 30 1 0 0 0 0.997 -0.081 0 0.081 0.997 3710.dat
1 0 -50 -5.67 99.79 1 0 0 0 0.997 -0.081 0 0.081 0.997 3022.dat
1 0 -130 -5.67 99.79 1 0 0 0 0.997 -0.081 0 0.081 0.997 3022.dat
1 0 -140 -8.91 139.67 0 0 1 0.081 0.997 0 -0.997 0.081 0 3023.dat
1 0 -40 -8.91 139.67 0 0 1 0.081 0.997 0 -0.997 0.081 0 3023.dat
1 0 -60 12.026 -19.202 0 0 1 0.081 0.997 0 -0.997 0.081 0 3666.dat
1 0 -120 12.026 -19.202 0 0 1 0.081 0.997 0 -0.997 0.081 0 3666.dat
1 14 -40 0.686 120.378 0 0 1 0.081 0.997 0 -0.997 0.081 0 3710.dat
1 14 -140 0.686 120.378 0 0 1 0.081 0.997 0 -0.997 0.081 0 3710.dat
1 0 -60 20.002 -18.554 0 0 1 0.081 0.997 0 -0.997 0.081 0 3894.dat
1 0 -120 20.002 -18.554 0 0 1 0.081 0.997 0 -0.997 0.081 0 3894.dat
1 0 -90 29.972 -17.744 1 0 0 0 0.997 -0.081 0 0.081 0.997 3707.dat
1 7 -90 29.972 -17.744 0 0 1 0.081 0.997 0 -0.997 0.081 0 3648.dat
1 7 -105 29.972 -17.744 0 0 1 0.081 0.997 0 -0.997 0.081 0 4265.dat
1 7 -75 29.972 -17.744 0 0 -1 -0.081 0.997 0 0.997 0.081 0 4265.dat
1 0 -40 7.042 140.966 0 0 1 0.081 0.997 0 -0.997 0.081 0 3700.dat
1 0 -140 7.042 140.966 0 0 1 0.081 0.997 0 -0.997 0.081 0 3700.dat
1 0 -90 17.012 141.776 -1 0 0 0 0.962262 0.273876 0 0.273876 -0.962262 3707.dat
1 7 -105 17.012 141.776 0 0 -1 -0.273876 0.962262 0 0.962262 0.273876 0 4265.dat
1 7 -120 17.012 141.776 0 0 -1 -0.273876 0.962262 0 0.962262 0.273876 0 4019.dat
1 7 -92 17.012 141.776 0 0 1 -0.962262 0.273876 0 -0.273876 -0.962262 0 3650.dat
1 7 -60 17.012 141.776 0 0 1 0.273876 0.962262 0 -0.962262 0.273876 0 3713.dat
1 0 -40 30.782 -27.714 0 0 1 0.997 -0.081 0 0.081 0.997 0 3894.dat
1 0 -140 30.782 -27.714 0 0 1 0.997 -0.081 0 0.081 0.997 0 3894.dat
1 0 -90 69.852 -14.504 -1 0 0 0 -0.081 0.997 0 0.997 0.081 3707.dat
1 7 -160 69.852 -14.504 0 -1 0 -0.997 0 0.081 -0.081 0 -0.997 2825.dat
1 7 -160 29.972 -17.744 0 -1 0 -0.997 0 0.081 -0.081 0 -0.997 2825.dat
1 7 -20 29.972 -17.744 0 1 0 0.997 0 0.081 0.081 0 -0.997 2825.dat
1 7 -20 69.852 -14.504 0 1 0 0.997 0 0.081 0.081 0 -0.997 2825.dat
1 7 -170 74.712 -74.324 1 0 0 0 -0.997 0.081 0 -0.081 -0.997 3749.dat
1 7 -170 34.832 -77.564 1 0 0 0 -0.997 0.081 0 -0.081 -0.997 3749.dat
1 7 -10 74.712 -74.324 -1 0 0 0 0.997 0.081 0 0.081 -0.997 3749.dat
1 7 -10 34.832 -77.564 -1 0 0 0 0.997 0.081 0 0.081 -0.997 3749.dat
1 0 0 55.582 -85.914 0 0 1 0.997 -0.081 0 0.081 0.997 0 3701.dat
1 0 -180 55.582 -85.914 0 0 1 0.997 -0.081 0 0.081 0.997 0 3701.dat
1 14 -20 -81.878 123.706 0 0 1 0.997 -0.081 0 0.081 0.997 0 3703.dat
1 14 -160 -81.878 123.706 0 0 1 0.997 -0.081 0 0.081 0.997 0 3703.dat
1 0 -90 56.892 145.016 -1 0 0 0 0.997 0.081 0 0.081 -0.997 3708.dat
1 7 -120 56.892 145.016 0 0 -1 -0.081 0.997 0 0.997 0.081 0 4019.dat
1 7 -140 56.892 145.016 0 0 1 0.997 -0.081 0 0.081 0.997 0 3713.dat
1 7 -180 56.892 145.016 0 0 -1 0.997 0.081 0 0.081 -0.997 0 3713.dat
1 7 0 56.892 145.016 0 0 1 0.997 -0.081 0 0.081 0.997 0 3713.dat
1 0 -90 -9.098 -30.954 0 0 1 0.081 0.997 0 -0.997 0.081 0 3707.dat
1 0 -90 -23.928 28.056 -1 0 0 0 0.997 0.081 0 0.081 -0.997 3700.dat
1 0 -90 -15.828 -71.644 -1 0 0 0 0.997 0.081 0 0.081 -0.997 3700.dat
1 7 -90 -12.338 8.926 0 1 0 0.997 0 0.081 0.081 0 -0.997 3713.dat
1 7 -90 -7.478 -50.894 0 -1 0 0.997 0 -0.081 0.081 0 0.997 3713.dat
1 0 -90 -9.908 -20.984 -1 0 0 0 -0.997 -0.081 0 -0.081 0.997 4716.dat
1 7 -90 -15.011 41.827 0 1 0 0.997 0 0.081 0.081 0 -0.997 4143.dat
1 0 -150 -102.628 132.056 -1 0 0 0 0.997 0.081 0 0.081 -0.997 2780.dat
1 0 -30 -102.628 132.056 -1 0 0 0 0.997 0.081 0 0.081 -0.997 2780.dat
1 0 -120 41.062 -277.774 0 0 1 0.081 0.997 0 -0.997 0.081 0 2730.dat
1 0 -60 41.062 -277.774 0 0 1 0.081 0.997 0 -0.997 0.081 0 2730.dat
1 14 -90 73.09 -375.53 -1 0 0 0 0.997 0.081 0 0.081 -0.997 3709.dat
1 0 -90 57.7 -186.1 -1 0 0 0 0.997 0.081 0 0.081 -0.997 3710.dat
1 7 -90 70.66 -345.62 -1 0 0 0 0.997 0.081 0 0.081 -0.997 4442.dat
1 0 -130 44.552 -197.204 -1 0 0 0 0.997 0.081 0 0.081 -0.997 2780.dat
1 0 -50 44.552 -197.204 -1 0 0 0 0.997 0.081 0 0.081 -0.997 2780.dat
1 7 -20 46.732 -347.564 -1 0 0 0 0.997 0.081 0 0.081 -0.997 4261.dat
1 7 -20 49.972 -387.444 0 0 -1 0.997 0.081 0 0.081 -0.997 0 3749.dat
1 0 0 56.702 -346.754 1 0 0 0 -0.081 -0.997 0 0.997 -0.081 3705.dat
1 7 -35 56.702 -346.754 0 0 -1 -0.997 -0.081 0 -0.081 0.997 0 4265.dat
1 7 0 56.702 -346.754 0 0 1 0.081 0.997 0 -0.997 0.081 0 3713.dat
1 0 -90 49.972 -387.444 1 0 0 0 0.997 -0.081 0 0.081 0.997 3701.dat
1 7 -160 46.732 -347.564 -1 0 0 0 0.997 0.081 0 0.081 -0.997 4261.dat
1 7 -160 49.972 -387.444 0 0 -1 0.997 0.081 0 0.081 -0.997 0 3749.dat
1 0 -180 56.702 -346.754 1 0 0 0 -0.081 -0.997 0 0.997 -0.081 3705.dat
1 7 -145 56.702 -346.754 0 0 1 -0.997 0.081 0 -0.081 -0.997 0 4265.dat
1 7 -180 56.702 -346.754 0 0 -1 -0.081 0.997 0 0.997 0.081 0 3713.dat
1 0 -120 26.606 -198.662 0 0 1 0.081 0.997 0 -0.997 0.081 0 3023.dat
1 0 -60 26.606 -198.662 0 0 1 0.081 0.997 0 -0.997 0.081 0 3023.dat
1 7 -90 38.756 -348.212 -1 0 0 0 0.997 0.081 0 0.081 -0.997 4442.dat
1 7 -60 41.186 -378.122 0 0 -1 -0.081 0.997 0 0.997 0.081 0 3069.dat
1 7 -120 41.186 -378.122 0 0 -1 -0.081 0.997 0 0.997 0.081 0 3069.dat
1 0 -90 34.706 -298.362 -1 0 0 0 0.997 0.081 0 0.081 -0.997 3709.dat
1 0 -90 30.78 -348.86 -1 0 0 0 0.997 0.081 0 0.081 -0.997 3023.dat
1 0 -120 28.35 -318.95 0 0 -1 -0.081 0.997 0 0.997 0.081 0 3710.dat
1 0 -60 28.35 -318.95 0 0 -1 -0.081 0.997 0 0.997 0.081 0 3710.dat
1 7 -90 34.02 -388.74 -1 0 0 0 0.997 0.081 0 0.081 -0.997 4442.dat
1 7 -90 26.044 -389.388 -1 0 0 0 0.997 0.081 0 0.081 -0.997 3743.dat
1 14 -90 22.804 -349.508 -1 0 0 0 0.997 0.081 0 0.081 -0.997 3710.dat
1 0 -90 13.769 -300.063 0 -0.991 0.131 -0.997 0.010611 0.080271 -0.081 -0.130607 -0.988027 3706.dat
1 7 -90 26.73 -299.01 -0.131 -0.991 0 -0.080271 0.010611 -0.997 0.988027 -0.130607 -0.081 4143.dat
1 7 -90 15.763 -299.901 -0.131 -0.991 0 -0.080271 0.010611 -0.997 0.988027 -0.130607 -0.081 3650.dat
1 0 -90 -1.124 -351.452 1 0 0 0 0.997 -0.081 0 0.081 0.997 3701.dat
1 0 -90 9.656 -360.612 0 0 1 0.081 0.997 0 -0.997 0.081 0 3705.dat
1 7 -90 7.226 -330.702 -1 0 0 0 0.997 0.081 0 0.081 -0.997 3647.dat
1 7 -90 10.061 -365.597 -1 0 0 0 0.997 0.081 0 0.081 -0.997 4265.dat
1 0 -140 25.422 -208.794 0 0 1 0.997 -0.081 0 0.081 0.997 0 3701.dat
1 0 -40 25.422 -208.794 0 0 1 0.997 -0.081 0 0.081 0.997 0 3701.dat
1 0 -60 -31.904 27.408 0 0 -1 -0.081 0.997 0 0.997 0.081 0 2420.dat
1 0 -120 -31.904 27.408 1 0 0 0 0.997 -0.081 0 0.081 0.997 2420.dat
1 14 -120 -45.55 96.55 0 0 1 0.081 0.997 0 -0.997 0.081 0 3023.dat
1 14 -60 -45.55 96.55 0 0 1 0.081 0.997 0 -0.997 0.081 0 3023.dat
1 0 -90 -23.804 -72.292 1 0 0 0 0.997 -0.081 0 0.081 0.997 3710.dat
1 15 17 56.702 -346.754 0 0 1 0.081 0.997 0 -0.997 0.081 0 4266.dat
1 256 17 56.702 -346.754 0 0 1 0.081 0.997 0 -0.997 0.081 0 2857.dat
1 15 -197 56.702 -346.754 0 0 -1 -0.081 0.997 0 0.997 0.081 0 4266.dat
1 256 -197 56.702 -346.754 0 0 -1 -0.081 0.997 0 0.997 0.081 0 2857.dat
1 14 -120 -56.642 35.434 0 0 1 0.081 0.997 0 -0.997 0.081 0 3700.dat
1 14 -60 -56.642 35.434 0 0 1 0.081 0.997 0 -0.997 0.081 0 3700.dat
1 14 -90 -55.832 25.464 -1 0 0 0 0.997 0.081 0 0.081 -0.997 3700.dat
1 14 -90 -53.526 95.902 -1 0 0 0 0.997 0.081 0 0.081 -0.997 3709.dat
1 14 -40 -117.458 191.066 0 0 -1 -0.081 0.997 0 0.997 0.081 0 3702.dat
1 14 -140 -117.458 191.066 0 0 -1 -0.081 0.997 0 0.997 0.081 0 3702.dat
1 0 -150 -112.348 251.696 -1 0 0 0 0.997 0.081 0 0.081 -0.997 2780.dat
1 0 -30 -112.348 251.696 -1 0 0 0 0.997 0.081 0 0.081 -0.997 2780.dat
1 0 -120 -14.77 -282.31 0 0 1 0.081 0.997 0 -0.997 0.081 0 3460.dat
1 0 -60 -14.77 -282.31 0 0 1 0.081 0.997 0 -0.997 0.081 0 3460.dat
1 0 -90 -26.796 -233.108 -1 0 0 0 0.997 0.081 0 0.081 -0.997 3710.dat
1 0 -90 -21.126 -302.898 -1 0 0 0 0.997 0.081 0 0.081 -0.997 3709.dat
1 14 -90 -34.772 -233.756 1 0 0 0 0.997 -0.081 0 0.081 0.997 3710.dat
1 0 -90 -32.588 258.176 1 0 0 0 0.997 -0.081 0 0.081 0.997 3737.dat
1 14 -160 -73.278 264.906 0 0 1 -0.997 0.081 0 -0.081 -0.997 0 3894.dat
1 14 -20 -73.278 264.906 0 0 1 -0.997 0.081 0 -0.081 -0.997 0 3894.dat
1 0 -90 -149.238 88.126 0 0.131 0.991 -0.997 0.080271 -0.010611 -0.081 -0.988027 0.130607 3708.dat
1 7 -90 -192.765 84.5897 0.991 0.131 0 -0.010611 0.080271 0.997 0.130607 -0.988027 0.081 4265.dat
1 7 -109.82 -65.2778 92.3179 0 -0.991 -0.131 0.997 0.010611 -0.080271 0.081 -0.130607 0.988027 4274.dat
1 7 -70.18 -65.7022 97.5421 0 -0.991 -0.131 0.997 0.010611 -0.080271 0.081 -0.130607 0.988027 4274.dat
1 7 -70.18 -33.3022 -301.2579 0 0.991 0.131 0.997 -0.010611 0.080271 0.081 0.130607 -0.988027 4274.dat
1 7 -109.82 -32.8778 -306.4821 0 0.991 0.131 0.997 -0.010611 0.080271 0.081 0.130607 -0.988027 4274.dat
1 7 -180 -32.588 258.176 0 0 1 0.997 -0.081 0 0.081 0.997 0 3713.dat
1 7 0 -32.588 258.176 0 0 -1 0.997 0.081 0 0.081 -0.997 0 3713.dat
1 14 -90 -131.104 260.208 1 0 0 0 0.997 -0.081 0 0.081 0.997 3666.dat
1 7 -110 -49.54 -224.92 0 0 -1 -0.081 0.997 0 0.997 0.081 0 4274.dat
1 7 -70 -49.54 -224.92 0 0 -1 -0.081 0.997 0 0.997 0.081 0 4274.dat
1 7 -110 -68.98 14.36 0 0 1 0.081 0.997 0 -0.997 0.081 0 4274.dat
1 7 -70 -68.98 14.36 0 0 1 0.081 0.997 0 -0.997 0.081 0 4274.dat
1 0 -90 -58.7 -235.7 -1 0 0 0 0.997 0.081 0 0.081 -0.997 3701.dat
1 14 -90 -79.76 23.52 -1 0 0 0 0.997 0.081 0 0.081 -0.997 3701.dat
1 16 -109.829 -75.2485 91.5168 0 0 -1 0.081 -0.997 0 -0.997 -0.081 0 2900.dat
1 7 -110 -74.479 82.0453 -1 0 0 0 -0.081 0.997 0 0.997 0.081 342.dat
1 16 -109.828 -42.8478 -307.2921 0 0 -1 -0.081 0.997 0 0.997 0.081 0 2900.dat
1 7 -109.828 -43.6173 -297.8206 -1 0 0 0 0.081 -0.997 0 -0.997 -0.081 342.dat
1 16 -70.18 -75.6722 96.7321 0 0 1 0.081 0.997 0 -0.997 0.081 0 2900.dat
1 7 -70.009 -74.9027 87.2606 1 0 0 0 -0.081 -0.997 0 0.997 -0.081 342.dat
1 16 -70.18 -43.2722 -302.0679 0 0 1 -0.081 -0.997 0 0.997 -0.081 0 2900.dat
1 7 -70.18 -44.0417 -292.5964 1 0 0 0 0.081 0.997 0 -0.997 0.081 342.dat
1 14 -90 -228.7866 95.7242 -1 0 0 0 -0.080932 0.99616 0 0.99616 0.080932 3710.dat
1 0 -90 -226.832 71.8067 -1 0 0 0 -0.080932 0.99616 0 0.99616 0.080932 3700.dat
1 0 -120 -216.867 72.6214 0 0 1 0.99616 -0.080932 0 0.080932 0.99616 0 3700.dat
1 0 -60 -216.867 72.6214 0 0 1 0.99616 -0.080932 0 0.080932 0.99616 0 3700.dat
1 7 -130 -217.6808 82.5865 -1 0 0 0 0.99616 0.080932 0 0.080932 -0.99616 3673.dat
1 7 -50 -217.6808 82.5865 -1 0 0 0 0.99616 0.080932 0 0.080932 -0.99616 3673.dat
1 14 -90 -226.1802 63.8349 -1 0 0 0 -0.080932 0.99616 0 0.99616 0.080932 3710.dat
1 14 -140 -225.3169 61.5734 0 0 -1 -0.114817 0.993249 0 0.993249 0.114817 0 3702.dat
1 14 -40 -225.3169 61.5734 0 0 -1 -0.114817 0.993249 0 0.993249 0.114817 0 3702.dat
1 0 -150 -208.4954 3.1266 1 0 0 0 0.993249 -0.114817 0 0.114817 0.993249 2780.dat
1 0 -30 -208.4954 3.1266 1 0 0 0 0.993249 -0.114817 0 0.114817 0.993249 2780.dat
1 14 -90 -241.3001 130.1823 1 0 0 0 0.993249 -0.114817 0 0.114817 0.993249 3666.dat
1 14 -90 -226.3739 1.0599 1 0 0 0 0.993249 -0.114817 0 0.114817 0.993249 3795.dat
1 7 -180 -222.268 122.336 0 0 1 -0.081 -0.997 0 0.997 -0.081 0 3713.dat
1 7 0 -222.268 122.336 0 0 -1 0.081 -0.997 0 -0.997 -0.081 0 3713.dat
1 0 -90 -222.268 122.336 -1 0 0 0 -0.997 -0.081 0 -0.081 0.997 3737.dat
1 7 -90 12.086 -390.522 1 0 0 0 0.997 -0.081 0 0.081 0.997 3647.dat
1 7 -5 -16.388 58.776 0 0 1 0.081 0.997 0 -0.997 0.081 0 4265.dat
1 14 -20 -109.6862 21.2894 0 0 1 0.96086 -0.27878 0 0.27878 0.96086 0 3895.dat
1 14 -160 -109.6216 21.396 0 0 1 0.96086 -0.27878 0 0.27878 0.96086 0 3895.dat
1 7 -175 -16.388 58.776 0 0 -1 -0.081 0.997 0 0.997 0.081 0 4265.dat
1 14 -9.966 76.8175 -100.24 1 0 0 0 -0.081 -0.997 0 0.997 -0.081 3738.dat
1 14 -169.966 76.8175 -100.24 1 0 0 0 -0.081 -0.997 0 0.997 -0.081 3738.dat
1 14 -169.966 36.9375 -103.48 1 0 0 0 -0.081 -0.997 0 0.997 -0.081 3738.dat
1 14 -9.966 36.9375 -103.48 1 0 0 0 -0.081 -0.997 0 0.997 -0.081 3738.dat
1 14 -179.966 56.2295 -93.884 0 0 -1 -0.997 -0.081 0 -0.081 0.997 0 3710.dat
1 14 -89.966 56.2295 -93.884 1 0 0 0 -0.081 -0.997 0 0.997 -0.081 3795.dat
1 14 0.034 56.2295 -93.884 0 0 -1 -0.997 -0.081 0 -0.081 0.997 0 3710.dat
1 7 -90 -245.947 80.269 0.134 0 0.991 0.080271 0.997 -0.010854 -0.988027 0.081 0.133598 4032.dat
1 46 -90 -269.875 78.325 0.134 0 0.991 0.080271 0.997 -0.010854 -0.988027 0.081 0.133598 3941.dat
1 7 -90 -277.851 77.677 0.134 0 0.991 0.080271 0.997 -0.010854 -0.988027 0.081 0.133598 4150.dat
1 7 -200 3.552 60.396 -1 0 0 0 0.997 0.081 0 0.081 -0.997 3673.dat
1 256 17 56.892 145.016 0 0 1 0.081 0.997 0 -0.997 0.081 0 2857.dat
1 15 17 56.892 145.016 0 0 1 0.081 0.997 0 -0.997 0.081 0 4266.dat
1 15 -197 56.892 145.016 0 0 -1 -0.081 0.997 0 0.997 0.081 0 4266.dat
1 256 -197 56.892 145.016 0 0 -1 -0.081 0.997 0 0.997 0.081 0 2857.dat
