0 Main
0 Name: 6878-1 - Sub Orbital Guardian.mpd
0 Author: LTRON
1 0 0 -8 40 1 0 0 0 1 0 0 0 1 2539.dat
1 7 0 0 0 1 0 0 0 1 0 0 0 1 3679.dat
1 7 0 0 80 1 0 0 0 1 0 0 0 1 3679.dat
1 15 0 -16 -10 1 0 0 0 1 0 0 0 1 2412.dat
1 0 50 -32 70 1 0 0 0 1 0 0 0 1 4286.dat
1 0 -50 -32 70 1 0 0 0 1 0 0 0 1 4286.dat
1 15 -50 -56 70 1 0 0 0 1 0 0 0 1 3005.dat
1 15 50 -56 70 1 0 0 0 1 0 0 0 1 3005.dat
1 0 0 -56 80 1 0 0 0 1 0 0 0 1 2434.dat
1 0 60 -64 70 1 0 0 0 1 0 0 0 1 3666.dat
1 0 -60 -64 70 1 0 0 0 1 0 0 0 1 3666.dat
1 15 0 -96 70 1 0 0 0 1 0 0 0 1 2432.dat
1 0 0 -56 108 -1 0 0 0 0 -1 0 -1 0 4213.dat
1 0 0 -26 156 -1 0 0 0 0 -1 0 -1 0 4864.dat
1 15 0 -56 156 1 0 0 0 0 1 0 -1 0 4345.dat
1 15 -2 -61.2 133 0.34202 -0.939693 0 0.939693 0.34202 0 0 0 1 3069.dat
1 0 0 -56 156 1 0 0 0 0 1 0 -1 0 4346.dat
1 0 0 -96 276 -1 0 0 0 0 -1 0 -1 0 4476.dat
1 0 0 -106 300 -1 0 0 0 0 -1 0 -1 0 3937.dat
1 15 0 -100.264 298.192 -1 0 0 0 -0.573576 -0.819152 0 -0.819152 0.573576 3938.dat
1 0 0 -95.676 304.746 1 0 0 0 -0.573576 0.819152 0 -0.819152 -0.573576 4590.dat
1 15 30 -82.895 305.562 1 0 0 0 -0.573576 0.819152 0 -0.819152 -0.573576 6141.dat
1 15 -30 -82.895 305.562 1 0 0 0 -0.573576 0.819152 0 -0.819152 -0.573576 6141.dat
1 0 30 -135.09 231.02 1 0 0 0 -0.573576 0.819152 0 -0.819152 -0.573576 3957.dat
1 42 30 -139.68 224.465 1 0 0 0 -0.573576 0.819152 0 -0.819152 -0.573576 4740.dat
1 0 -30 -135.09 231.02 1 0 0 0 -0.573576 0.819152 0 -0.819152 -0.573576 3957.dat
1 42 -30 -139.68 224.465 1 0 0 0 -0.573576 0.819152 0 -0.819152 -0.573576 4740.dat
1 0 100 -72 70 1 0 0 0 1 0 0 0 1 2452.dat
1 15 100 -96.849 59.149 0 0 -1 0.984808 -0.173648 0 -0.173648 -0.984808 0 4276.dat
1 42 100 -108.086 53.009 0 0 -1 0.984808 -0.173648 0 -0.173648 -0.984808 0 3960.dat
1 0 -100 -72 70 1 0 0 0 1 0 0 0 1 2452.dat
1 15 -100 -96.849 59.149 0 0 -1 0.984808 -0.173648 0 -0.173648 -0.984808 0 4276.dat
1 42 -100 -108.086 53.009 0 0 -1 0.984808 -0.173648 0 -0.173648 -0.984808 0 3960.dat
1 0 0 -105.921 99.732 -1 0 0 0 0.544639 -0.838671 0 -0.838671 -0.544639 4315.dat
1 42 20 -101.563 93.018 1 0 0 0 0.544639 0.838671 0 -0.838671 0.544639 2466.dat
1 42 -20 -101.563 93.018 1 0 0 0 0.544639 0.838671 0 -0.838671 0.544639 2466.dat
1 0 0 -27.493 -21.04 1 0 0 0 0.544639 0.838671 0 -0.838671 0.544639 3710.dat
1 42 70 -6 60 1 0 0 0 0 -1 0 1 0 2569.dat
1 42 -70 -6 60 1 0 0 0 0 -1 0 1 0 2569.dat
1 0 0 8 80 0.92388 0 -0.382683 0 1 0 0.382683 0 0.92388 3795.dat
1 15 0 0 80 0.92388 0 -0.382683 0 1 0 0.382683 0 0.92388 3680.dat
1 7 36.9552 16 95.3073 0.92388 0 -0.382683 0 1 0 0.382683 0 0.92388 3679.dat
1 7 -36.9552 16 64.6927 0.92388 0 -0.382683 0 1 0 0.382683 0 0.92388 3679.dat
1 0 0 8 0 0.92388 0 -0.382683 0 1 0 0.382683 0 0.92388 3795.dat
1 15 0 0 0 0.92388 0 -0.382683 0 1 0 0.382683 0 0.92388 3680.dat
1 7 36.9552 16 15.3073 0.92388 0 -0.382683 0 1 0 0.382683 0 0.92388 3679.dat
1 7 -36.9552 16 -15.3073 0.92388 0 -0.382683 0 1 0 0.382683 0 0.92388 3679.dat
1 0 -76.954 80 4.692 1 0 0 0 1 0 0 0 1 3934.dat
1 42 -86.954 72 14.692 1 0 0 0 1 0 0 0 1 6141.dat
1 0 -66.954 56 14.692 1 0 0 0 1 0 0 0 1 3040.dat
1 0 -66.954 56 34.692 -1 0 0 0 1 0 0 0 -1 3040.dat
1 0 -46.954 56 24.692 0 0 -1 0 1 0 1 0 0 3660.dat
1 0 -46.954 32 24.692 0 0 1 0 1 0 -1 0 0 3039.dat
1 0 -26.954 32 24.692 0 0 1 0 1 0 -1 0 0 3010.dat
1 0 -36.954 24 24.692 0 0 1 0 1 0 -1 0 0 3795.dat
1 15 -36.954 16 64.692 0 0 1 0 1 0 -1 0 0 3680.dat
1 15 -36.954 16 -15.308 0 0 1 0 1 0 -1 0 0 3680.dat
1 0 76.955 80 35.307 1 0 0 0 1 0 0 0 1 3933.dat
1 42 86.955 72 45.307 1 0 0 0 1 0 0 0 1 6141.dat
1 0 66.955 56 45.307 1 0 0 0 1 0 0 0 1 3040.dat
1 0 66.955 56 65.307 -1 0 0 0 1 0 0 0 -1 3040.dat
1 0 46.955 56 55.307 0 0 1 0 1 0 -1 0 0 3660.dat
1 0 46.955 32 55.307 0 0 -1 0 1 0 1 0 0 3039.dat
1 0 26.955 32 55.307 0 0 -1 0 1 0 1 0 0 3010.dat
1 0 36.955 24 55.307 0 0 -1 0 1 0 1 0 0 3795.dat
1 15 36.955 16 95.307 0 0 -1 0 1 0 1 0 0 3680.dat
1 15 36.955 16 15.307 0 0 -1 0 1 0 1 0 0 3680.dat
