0 
0 Name: New Model.ldr
0 Author: 
1 0 -511.887 -96 443.256 0 -0.92388 0.382683 -1 0 0 0 -0.382683 -0.92388 3708.dat
1 0 -511.887 0 443.256 -0.92388 0 0.382683 0 1 0 -0.382683 0 -0.92388 4591.dat
1 38 -511.887 -24 443.256 -0.92388 0 0.382683 0 1 0 -0.382683 0 -0.92388 6143.dat
1 38 -511.887 -48 443.256 -0.92388 0 0.382683 0 1 0 -0.382683 0 -0.92388 6143.dat
1 15 -511.887 -72 443.256 -0.92388 0 0.382683 0 1 0 -0.382683 0 -0.92388 6143.dat
1 15 -508.0602 -86 434.0172 0.92388 -0.382683 0 0 0 -1 0.382683 0.92388 0 3700.dat
1 15 -508.0602 -106 434.0172 0.92388 -0.382683 0 0 0 -1 0.382683 0.92388 0 3700.dat
1 1 -517.2446 -96 456.1903 0.92388 -0.382683 0 0 0 -1 0.382683 0.92388 0 2654.dat
1 15 -504.9987 -96 426.6262 0 -0.382683 -0.92388 -1 0 0 0 0.92388 -0.382683 2609.dat
1 0 -502.473 -96 420.5286 0 -0.92388 -0.382683 1 0 0 0 -0.382683 0.92388 2959.dat
1 15 -511.887 -140 443.256 -0.382683 0 -0.92388 0 1 0 0.92388 0 -0.382683 6143.dat
1 1 -511.887 -148 443.256 -0.382683 0 -0.92388 0 1 0 0.92388 0 -0.382683 4032.dat
1 38 -511.887 -172 443.256 -0.382683 0 -0.92388 0 1 0 0.92388 0 -0.382683 6143.dat
1 0 -511.887 -220 443.256 -0.382683 0 -0.92388 0 1 0 0.92388 0 -0.382683 3942.dat
1 0 -511.887 -228 443.256 -0.382683 0 -0.92388 0 1 0 0.92388 0 -0.382683 3957.dat
1 0 -511.887 -312 443.256 -0.382683 0 -0.92388 0 1 0 0.92388 0 -0.382683 4733.dat
1 15 -511.887 -288 443.256 -0.382683 0 -0.92388 0 1 0 0.92388 0 -0.382683 4740.dat
1 38 -511.887 -320 443.256 -0.382683 0 -0.92388 0 1 0 0.92388 0 -0.382683 4740.dat
1 15 -495.2572 -302 450.1443 -0.382683 -0.92388 0 0 0 -1 0.92388 -0.382683 0 4592.dat
1 15 -528.5168 -302 436.3677 -0.382683 0.92388 0 0 0 1 0.92388 0.382683 0 4592.dat
1 15 -504.9987 -302 426.6262 0.92388 -0.382683 0 0 0 -1 0.382683 0.92388 0 4592.dat
1 15 -518.7753 -302 459.8858 0.92388 0.382683 0 0 0 1 0.382683 -0.92388 0 4592.dat
1 0 -495.2572 -302 450.1443 -0.382683 -0.46194 0.80008 0 -0.866 -0.5 0.92388 -0.191341 0.331403 4593.dat
1 0 -528.5168 -302 436.3677 0.382683 0.46194 -0.80008 0 -0.866 -0.5 -0.92388 0.191341 -0.331403 4593.dat
1 0 -518.7753 -302 459.8858 -0.92388 0.191341 -0.331403 0 -0.866 -0.5 -0.382683 -0.46194 0.80008 4593.dat
1 0 -504.9987 -302 426.6262 0.92388 -0.191341 0.331403 0 -0.866 -0.5 0.382683 0.46194 -0.80008 4593.dat
