0 Main
0 Name: 8303-1 - Demon Destroyer.mpd
0 Author: LTRON
1 0 0 -7.992 69.715 1 0 0 0 0.998372 -0.057041 0 0.057041 0.998372 6157.dat
1 15 -10 -8.562 79.699 1 0 0 0 0.998372 -0.057041 0 0.057041 0.998372 6141.dat
1 15 10 -8.562 79.699 1 0 0 0 0.998372 -0.057041 0 0.057041 0.998372 6141.dat
1 0 0 -7.993 -70.514 1 0 0 0 0.998372 -0.057041 0 0.057041 0.998372 6157.dat
1 15 -10 -16.549 79.242 1 0 0 0 0.998372 -0.057041 0 0.057041 0.998372 6141.dat
1 15 10 -16.549 79.242 1 0 0 0 0.998372 -0.057041 0 0.057041 0.998372 6141.dat
1 0 0 -7.993 -70.514 1 0 0 0 0.998372 -0.057041 0 0.057041 0.998372 3022.dat
1 15 -10 -24.536 78.786 1 0 0 0 0.998372 -0.057041 0 0.057041 0.998372 6141.dat
1 15 10 -24.536 78.786 1 0 0 0 0.998372 -0.057041 0 0.057041 0.998372 6141.dat
1 0 0 -23.395 58.818 1 0 0 0 0.998372 -0.057041 0 0.057041 0.998372 3660.dat
1 0 0 -16.55 -60.986 1 0 0 0 0.998372 -0.057041 0 0.057041 0.998372 3023.dat
1 15 -10 -15.41 -80.954 1 0 0 0 0.998372 -0.057041 0 0.057041 0.998372 6141.dat
1 15 10 -15.41 -80.954 1 0 0 0 0.998372 -0.057041 0 0.057041 0.998372 6141.dat
1 0 0 -32.523 78.33 1 0 0 0 0.998372 -0.057041 0 0.057041 0.998372 3023.dat
1 0 0 -27.389 -11.524 0 0 1 0.057041 0.998372 0 -0.998372 0.057041 0 3034.dat
1 14 0 -39.369 57.906 0 0 1 0.057041 0.998372 0 -0.998372 0.057041 0 3021.dat
1 14 0 -35.376 -11.98 1 0 0 0 0.998372 -0.057041 0 0.057041 0.998372 3031.dat
1 14 0 -31.954 -71.883 1 0 0 0 0.998372 -0.057041 0 0.057041 0.998372 3022.dat
1 9 0 -44.504 7.531 0 0 1 0.057041 0.998372 0 -0.998372 0.057041 0 3034.dat
1 9 0 -39.371 -82.323 1 0 0 0 0.998372 -0.057041 0 0.057041 0.998372 44728.dat
1 14 0 -28.132 -103.716 1 0 0 0 -0.057041 -0.998372 0 0.998372 -0.057041 2412.dat
1 9 0 -63.901 66.52 1 0 0 0 0.998372 -0.057041 0 0.057041 0.998372 3788.dat
1 9 0 -54.202 37.026 1 0 0 0 0.998372 -0.057041 0 0.057041 0.998372 3710.dat
1 15 0 -51.35 -12.893 0 0 1 0.057041 0.998372 0 -0.998372 0.057041 0 3020.dat
1 9 0 -47.928 -72.795 1 0 0 0 0.998372 -0.057041 0 0.057041 0.998372 44674.dat
1 9 0 -64.471 76.504 -1 0 0 0 0.998372 0.057041 0 0.057041 -0.998372 2436.dat
1 9 -10 -62.189 36.569 0 0 -1 -0.057041 0.998372 0 0.998372 0.057041 0 2420.dat
1 9 10 -62.189 36.569 1 0 0 0 0.998372 -0.057041 0 0.057041 0.998372 2420.dat
1 14 0 -59.908 -3.366 0 0 1 0.057041 0.998372 0 -0.998372 0.057041 0 3021.dat
1 9 -30 -59.337 -13.349 0 0 1 0.057041 0.998372 0 -0.998372 0.057041 0 3010.dat
1 9 30 -59.337 -13.349 0 0 1 0.057041 0.998372 0 -0.998372 0.057041 0 3010.dat
1 9 -10 -49.639 -42.844 -1 0 0 0 0.998372 0.057041 0 0.057041 -0.998372 54200.dat
1 9 10 -49.639 -42.844 -1 0 0 0 0.998372 0.057041 0 0.057041 -0.998372 54200.dat
1 14 0 -56.485 -63.268 1 0 0 0 0.998372 -0.057041 0 0.057041 0.998372 3023.dat
1 14 0 -55.344 -83.235 1 0 0 0 0.998372 -0.057041 0 0.057041 0.998372 32028.dat
1 9 0 -55.742 99.039 1 0 0 0 0.057041 0.998372 0 -0.998372 0.057041 3710.dat
1 9 -30 -71.888 66.064 0 0 1 0.057041 0.998372 0 -0.998372 0.057041 0 2431.dat
1 9 30 -71.888 66.064 0 0 1 0.057041 0.998372 0 -0.998372 0.057041 0 2431.dat
1 9 -20 -92.997 14.777 -1 0 0 0 0.998372 0.057041 0 0.057041 -0.998372 2432.dat
1 9 20 -92.997 14.777 -1 0 0 0 0.998372 0.057041 0 0.057041 -0.998372 2432.dat
1 0 0 -83.869 -4.735 1 0 0 0 0.998372 -0.057041 0 0.057041 0.998372 3037.dat
1 9 0 -63.902 -73.708 1 0 0 0 0.998372 -0.057041 0 0.057041 0.998372 3068.dat
1 14 -40 -3 70 0 0 1 0.057041 0.998372 0 -0.998372 0.057041 0 6014.dat
1 14 40 -3 70 0 0 -1 -0.057041 0.998372 0 0.998372 0.057041 0 6014.dat
1 14 -40 -3.001 -70.228 0 0 1 0.057041 0.998372 0 -0.998372 0.057041 0 6014.dat
1 14 40 -3.001 -70.228 0 0 -1 -0.057041 0.998372 0 0.998372 0.057041 0 6014.dat
1 256 -46 -3 70 0 0 1 0.057041 0.998372 0 -0.998372 0.057041 0 87697.dat
1 256 46 -3 70 0 0 -1 -0.057041 0.998372 0 0.998372 0.057041 0 87697.dat
1 256 -46 -3.001 -70.228 0 0 1 0.057041 0.998372 0 -0.998372 0.057041 0 87697.dat
1 256 46 -3.001 -70.228 0 0 -1 -0.057041 0.998372 0 0.998372 0.057041 0 87697.dat
