0 
0 Name: New Model.ldr
0 Author: 
1 16 220 -8 -110 0.5 0 0.866 0 1 0 -0.866 0 0.5 30086.dat
1 16 220 -32 -110 0.5 0 0.866 0 1 0 -0.866 0 0.5 30087.dat
1 0 280.62 -40 -75 0.5 0 0.866 0 1 0 -0.866 0 0.5 3794.dat
1 1 280.62 -48 -75 -0.5 0 -0.866 0 1 0 0.866 0 -0.5 4085.dat
1 0 297.9404 -56 -64.9986 0.866 0 -0.5 0 1 0 0.5 0 0.866 2433.dat
1 1 280.62 -56 -75 -0.5 0 -0.866 0 1 0 0.866 0 -0.5 4592.dat
1 7 297.9404 -64 -64.9986 0.866 0 -0.5 0 1 0 0.5 0 0.866 6141.dat
1 7 280.62 -56 -75 -0.5 0.433 -0.749956 0 0.866 0.5 0.866 0.25 -0.433 4593.dat
