0 Main
0 Name: 42125 - Ferrari 488 Gte af Corse.mpd
0 Author: LTRON
1 71 0 -122 400 1 0 0 0 1 -0.028 0 0.028 1 64178.dat
1 19 0 -120.04 330 0 0 -1 -0.028 1 0 1 0.028 0 99008.dat
1 71 0 -119.76 320 1 0 0 0 -1 0.028 0 -0.028 -1 3713.dat
1 0 50 -119.2 300 1 0 0 0 -1 0.028 0 -0.028 -1 2780.dat
1 0 50 -119.76 320 1 0 0 0 -1 0.028 0 -0.028 -1 2780.dat
1 0 -50 -119.76 320 1 0 0 0 -1 0.028 0 -0.028 -1 2780.dat
1 0 -50 -119.2 300 1 0 0 0 -1 0.028 0 -0.028 -1 2780.dat
1 0 -20 -119.76 320 0 0 -1 -1 -0.028 0 -0.028 1 0 18654.dat
1 0 20 -119.76 320 0 0 -1 -1 -0.028 0 -0.028 1 0 18654.dat
1 72 -60 -122 400 0 0 -1 -1 -0.028 0 -0.028 1 0 92906.dat
1 72 60 -122 400 0 0 1 -1 0.028 0 -0.028 -1 0 92906.dat
1 72 0 -122 400 0 0 -1 1 0.028 0 0.028 -1 0 62821.dat
1 19 17 -122 400 0 0 -1 1 0.028 0 0.028 -1 0 6589.dat
1 19 -17 -122 400 0 0 1 1 -0.028 0 0.028 1 0 6589.dat
1 19 0 -122.476 417 0 1 0 1 0 0.028 0.028 0 -1 6589.dat
1 71 60 -102 400.56 0 -1 0 0.028 0 1 -1 0 0.028 63869.dat
1 14 60 -102 400.56 0 -1 0 0.028 0 1 -1 0 0.028 32073.dat
1 71 -60 -102 400.56 0 1 0 -0.028 0 1 1 0 0.028 63869.dat
1 14 -60 -102 400.56 0 1 0 -0.028 0 1 1 0 0.028 32073.dat
1 71 60 -142 399.44 0 -1 0 0.028 0 1 -1 0 0.028 63869.dat
1 14 60 -142 399.44 0 -1 0 0.028 0 1 -1 0 0.028 32073.dat
1 71 -60 -142 399.44 0 1 0 0.028 0 -1 -1 0 -0.028 63869.dat
1 14 -60 -142 399.44 0 1 0 0.028 0 -1 -1 0 -0.028 32073.dat
1 71 60 -122 400 0.298 0 0.955 -0.955 0.028 0.298 -0.02674 -1 0.008344 32494.dat
1 71 -60 -122 400 -0.298 0 -0.955 -0.955 -0.028 0.298 -0.02674 1 0.008344 32494.dat
1 72 117.281 -84.701 421.0601 0.298 0 -0.955 -0.955 -0.028 -0.298 -0.02674 1 -0.008344 32524.dat
1 72 117.281 -124.701 419.9401 0.298 0 -0.955 -0.955 -0.028 -0.298 -0.02674 1 -0.008344 32524.dat
1 72 -117.281 -124.701 419.9401 -0.298 0 -0.955 -0.955 -0.028 0.298 -0.02674 1 0.008344 32524.dat
1 72 -117.281 -84.701 421.0601 -0.298 0 -0.955 -0.955 -0.028 0.298 -0.02674 1 0.008344 32524.dat
1 71 60 -143.12 439.44 0 0 -1 0.028 -1 0 -1 -0.028 0 6536.dat
1 71 60 -103.12 440.56 0 0 -1 -0.028 1 0 1 0.028 0 6536.dat
1 71 -60 -103.12 440.56 0 0 -1 -0.028 1 0 1 0.028 0 6536.dat
1 71 -60 -143.12 439.44 0 0 -1 0.028 -1 0 -1 -0.028 0 6536.dat
1 71 174.561 -86.282 401.0001 0 0 -1 -0.028 1 0 1 0.028 0 11950.dat
1 71 174.561 -86.282 401.0001 0.298 0 -0.955 -0.955 -0.028 -0.298 -0.02674 1 -0.008344 32494.dat
1 0 117.281 -104.141 400.5001 -0.955 0.298 0 -0.298 -0.955 -0.028 -0.008344 -0.02674 1 3705.dat
1 71 -174.561 -86.282 401.0001 0 0 1 0.028 1 0 -1 0.028 0 11950.dat
1 71 -174.561 -86.282 401.0001 0.298 0 0.955 0.955 -0.028 -0.298 0.02674 1 -0.008344 32494.dat
1 0 -117.281 -104.141 400.5001 -0.955 -0.298 0 0.298 -0.955 -0.028 0.008344 -0.02674 1 3705.dat
0 !LEOCAD SYNTH BEGIN
0 !LEOCAD SYNTH CONTROL_POINT 0 110 0 1 0 0 0 1 0 0 0 1 1
0 !LEOCAD SYNTH CONTROL_POINT 0 0 0 1 0 0 0 1 0 0 0 1 1
1 14 100 -222 397.2 0.944 0.331 0 -0.331 0.944 -0.028 -0.009268 0.026432 1 76537.dat
0 !LEOCAD SYNTH END
0 !LEOCAD SYNTH BEGIN
0 !LEOCAD SYNTH CONTROL_POINT 0 110 0 1 0 0 0 1 0 0 0 1 1
0 !LEOCAD SYNTH CONTROL_POINT 0 0 0 1 0 0 0 1 0 0 0 1 1
1 14 -100 -222 397.2 0.944 -0.331 0 0.331 0.944 -0.028 0.009268 0.026432 1 76537.dat
0 !LEOCAD SYNTH END
1 72 117.281 -83.581 381.0601 0.298 0 -0.955 -0.955 -0.028 -0.298 -0.02674 1 -0.008344 32524.dat
1 72 117.281 -123.581 379.9401 0.298 0 -0.955 -0.955 -0.028 -0.298 -0.02674 1 -0.008344 32524.dat
1 72 -117.281 -123.581 379.9401 -0.298 0 -0.955 -0.955 -0.028 0.298 -0.02674 1 0.008344 32524.dat
1 72 -117.281 -83.581 381.0601 -0.298 0 -0.955 -0.955 -0.028 0.298 -0.02674 1 0.008344 32524.dat
1 71 60 -140.88 359.44 0 0 -1 0.028 -1 0 -1 -0.028 0 6536.dat
1 71 60 -100.88 360.56 0 0 -1 -0.028 1 0 1 0.028 0 6536.dat
1 71 -60 -100.88 360.56 0 0 -1 -0.028 1 0 1 0.028 0 6536.dat
1 71 -60 -140.88 359.44 0 0 -1 0.028 -1 0 -1 -0.028 0 6536.dat
1 0 0 -202 397.76 0 0 -1 -1 -0.028 0 -0.028 1 0 40490.dat
1 0 -40 -202.56 417.76 0 0 -1 -1 -0.028 0 -0.028 1 0 32140.dat
1 0 40 -202.56 417.76 0 0 1 -1 0.028 0 -0.028 -1 0 32140.dat
1 0 40 -201.44 377.76 0 0 1 -1 0.028 0 -0.028 -1 0 32140.dat
1 0 -40 -201.44 377.76 0 0 -1 -1 -0.028 0 -0.028 1 0 32140.dat
1 0 70 -160.88 358.88 -1 0 0 0 0.028 -1 0 -1 -0.028 2780.dat
1 0 70 -80.88 361.12 -1 0 0 0 0.028 -1 0 -1 -0.028 2780.dat
1 0 80 -140.88 359.44 0 1 0 0.028 0 -1 -1 0 -0.028 40490.dat
1 0 70 -60.88 361.68 -1 0 0 0 0.028 -1 0 -1 -0.028 2780.dat
1 4 100 -200.88 357.76 0 1 0 -0.028 0 1 1 0 0.028 32054.dat
1 1 90 -180.88 358.32 1 0 0 0 -0.028 -1 0 1 -0.028 4274.dat
1 0 70 -83.12 441.12 1 0 0 0 -0.028 -1 0 1 -0.028 2780.dat
1 0 80 -143.12 439.44 0 1 0 0.028 0 -1 -1 0 -0.028 40490.dat
1 0 70 -63.12 441.68 1 0 0 0 -0.028 -1 0 1 -0.028 2780.dat
1 4 100 -203.12 437.76 0 1 0 0.028 0 -1 -1 0 -0.028 32054.dat
1 0 90 -183.12 438.32 1 0 0 0 -0.028 -1 0 1 -0.028 2780.dat
1 0 90 -123.12 440 1 0 0 0 -0.028 -1 0 1 -0.028 2780.dat
1 0 70 -223.12 437.2 1 0 0 0 -0.028 -1 0 1 -0.028 2780.dat
1 0 0 -62 401.68 1 0 0 0 -1 0.028 0 -0.028 -1 39794.dat
1 4 60 -62 401.68 -1 0 0 0 1 0.028 0 0.028 -1 32054.dat
1 4 -60 -62 401.68 1 0 0 0 -1 0.028 0 -0.028 -1 32054.dat
1 0 -40 -58.92 291.68 0 -1 0 -0.028 0 -1 1 0 -0.028 2780.dat
1 0 40 -58.92 291.68 0 1 0 0.028 0 -1 -1 0 -0.028 2780.dat
1 0 0 -58.92 291.68 0 -1 0 -0.028 0 -1 1 0 -0.028 2780.dat
1 0 40 -62 401.68 1 0 0 0 -1 0.028 0 -0.028 -1 32013.dat
1 14 40 -63.68 461.68 0 0 1 0.028 1 0 -1 0.028 0 32073.dat
1 71 40 -62.98 436.68 1 0 0 0 -1 0.028 0 -0.028 -1 32123.dat
1 71 40 -64.38 486.68 1 0 0 0 -1 0.028 0 -0.028 -1 32123.dat
1 71 40 -63.68 461.68 1 0 0 0 -1 0.028 0 -0.028 -1 3713.dat
1 4 40 -63.26 446.68 1 0 0 0 -0.028 -1 0 1 -0.028 41677.dat
1 4 40 -64.1 476.68 1 0 0 0 -0.028 -1 0 1 -0.028 41677.dat
1 0 -40 -62 401.68 1 0 0 0 -1 0.028 0 -0.028 -1 32013.dat
1 14 -40 -63.68 461.68 0 0 1 0.028 1 0 -1 0.028 0 32073.dat
1 71 -40 -62.98 436.68 1 0 0 0 -1 0.028 0 -0.028 -1 32123.dat
1 71 -40 -64.38 486.68 1 0 0 0 -1 0.028 0 -0.028 -1 32123.dat
1 71 -40 -63.68 461.68 1 0 0 0 -1 0.028 0 -0.028 -1 3713.dat
1 4 -40 -63.26 446.68 1 0 0 0 -0.028 -1 0 1 -0.028 41677.dat
1 4 -40 -64.1 476.68 1 0 0 0 -0.028 -1 0 1 -0.028 41677.dat
1 0 -80 -140.88 359.44 0 -1 0 -0.028 0 -1 1 0 -0.028 40490.dat
1 0 -80 -143.12 439.44 0 -1 0 -0.028 0 -1 1 0 -0.028 40490.dat
1 0 -70 -160.88 358.88 -1 0 0 0 0.028 -1 0 -1 -0.028 2780.dat
1 0 -70 -80.88 361.12 -1 0 0 0 0.028 -1 0 -1 -0.028 2780.dat
1 0 -70 -60.88 361.68 -1 0 0 0 0.028 -1 0 -1 -0.028 2780.dat
1 4 -100 -200.88 357.76 0 -1 0 -0.028 0 -1 1 0 -0.028 32054.dat
1 1 -90 -180.88 358.32 -1 0 0 0 -0.028 1 0 1 0.028 4274.dat
1 0 -70 -83.12 441.12 1 0 0 0 -0.028 -1 0 1 -0.028 2780.dat
1 0 -70 -63.12 441.68 1 0 0 0 -0.028 -1 0 1 -0.028 2780.dat
1 4 -100 -203.12 437.76 0 -1 0 0.028 0 1 -1 0 0.028 32054.dat
1 0 -90 -183.12 438.32 1 0 0 0 -0.028 -1 0 1 -0.028 2780.dat
1 0 -90 -123.12 440 1 0 0 0 -0.028 -1 0 1 -0.028 2780.dat
1 0 -70 -223.12 437.2 1 0 0 0 -0.028 -1 0 1 -0.028 2780.dat
1 1 60 -70.32 341.4 0 0 1 -1 0.028 0 -0.028 -1 0 43093.dat
1 0 60 -69.2 301.4 0 1 0 1 0 0.028 0.028 0 -1 2780.dat
1 0 60 -80.32 341.12 -1 0 0 0 1 0.028 0 0.028 -1 32140.dat
1 4 60 -78.64 281.12 0 1 0 1 0 0.028 0.028 0 -1 32054.dat
1 1 -60 -70.32 341.4 0 0 1 -1 0.028 0 -0.028 -1 0 43093.dat
1 0 -60 -69.2 301.4 0 -1 0 -1 0 0.028 -0.028 0 -1 2780.dat
1 0 -60 -80.32 341.12 1 0 0 0 -1 0.028 0 -0.028 -1 32140.dat
1 4 -60 -78.64 281.12 0 -1 0 1 0 -0.028 0.028 0 1 32054.dat
1 0 0 -54.72 141.68 1 0 0 0 -1 0.028 0 -0.028 -1 39790.dat
1 0 -80 -50.52 -8.32 0 -1 0 -0.028 0 -1 1 0 -0.028 2780.dat
1 0 0 -50.52 -8.32 0 -1 0 -0.028 0 -1 1 0 -0.028 2780.dat
1 0 80 -50.52 -8.32 0 -1 0 -0.028 0 -1 1 0 -0.028 2780.dat
1 0 110 -55.84 181.68 -1 0 0 0 -0.028 1 0 1 0.028 2780.dat
1 0 -110 -55.84 181.68 -1 0 0 0 -0.028 1 0 1 0.028 2780.dat
1 4 100 -58.08 261.68 -1 0 0 0 -0.028 1 0 1 0.028 11214.dat
1 4 -100 -58.08 261.68 1 0 0 0 -0.028 -1 0 1 -0.028 11214.dat
1 0 80 -58.08 261.68 0 -1 0 -0.028 0 -1 1 0 -0.028 32140.dat
1 0 -80 -58.08 261.68 0 -1 0 -0.028 0 -1 1 0 -0.028 32140.dat
1 4 -80 -118.08 260 1 0 0 0 0.028 1 0 -1 0.028 32054.dat
1 4 80 -118.08 260 -1 0 0 0 -1 -0.028 0 -0.028 1 32054.dat
1 71 -52.8 -195.72 187.7712 -0.6 0.8 0 0.8 0.6 0.028 0.0224 0.0168 -1 2850.dat
1 0 -44 -164.68 208.656 0 -0.6 -0.8 -0.028 0.8 -0.6 1 0.0224 -0.0168 2780.dat
1 0 -20 -196.68 207.76 0 -0.6 -0.8 -0.028 0.8 -0.6 1 0.0224 -0.0168 2780.dat
1 71 -52.8 -196.84 227.7712 -0.6 0.8 0 0.8 0.6 0.028 0.0224 0.0168 -1 2850.dat
1 0 -20 -197.8 247.76 0 0.6 0.8 -0.028 -0.8 0.6 1 -0.0224 0.0168 2780.dat
1 0 -44 -165.8 248.656 0 0.6 0.8 -0.028 -0.8 0.6 1 -0.0224 0.0168 2780.dat
1 71 -52.8 -197.96 267.7712 -0.6 0.8 0 0.8 0.6 0.028 0.0224 0.0168 -1 2850.dat
1 0 -20 -198.92 287.76 0 0.6 0.8 -0.028 -0.8 0.6 1 -0.0224 0.0168 2780.dat
1 0 -44 -166.92 288.656 0 0.6 0.8 -0.028 -0.8 0.6 1 -0.0224 0.0168 2780.dat
1 71 -52.8 -199.08 307.7712 -0.6 0.8 0 0.8 0.6 0.028 0.0224 0.0168 -1 2850.dat
1 1 -44 -167.984 326.656 0 0 1 0.028 1 0 -1 0.028 0 4274.dat
1 0 0 -210.32 337.48 1 0 0 0 1 -0.028 0 0.028 1 32333.dat
1 1 44 -168.04 328.656 0 0 1 0.028 1 0 -1 0.028 0 4274.dat
1 14 -10 -155.28 158.88 -1 0 0 0 1 0.028 0 0.028 -1 2853.dat
1 4 -10 -156.12 188.88 0 0 -1 0.028 -1 0 -1 -0.028 0 32062.dat
1 71 -10 -156.12 188.88 0.713 0.701 0 -0.701 0.713 -0.028 -0.019628 0.019964 1 2852.dat
1 71 -10 -156.12 188.88 -0.473 -0.881 0 -0.881 0.473 0.028 -0.024668 0.013244 -1 2852.dat
1 19 0 -156.68 208.88 -1 0 0 0 1 0.028 0 0.028 -1 2854.dat
1 19 0 -157.8 248.88 1 0 0 0 -1 0.028 0 -0.028 -1 2854.dat
1 4 10 -157.24 228.88 0 0 1 0.028 1 0 -1 0.028 0 32062.dat
1 71 10 -157.24 228.88 0.473 0.881 0 -0.881 0.473 -0.028 -0.024668 0.013244 1 2852.dat
1 71 10 -157.24 228.88 -0.713 -0.701 0 -0.701 0.713 0.028 -0.019628 0.019964 -1 2852.dat
1 4 -10 -158.36 268.88 0 0 -1 0.028 -1 0 -1 -0.028 0 32062.dat
1 71 -10 -158.36 268.88 0.713 0.701 0 -0.701 0.713 -0.028 -0.019628 0.019964 1 2852.dat
1 71 -10 -158.36 268.88 -0.473 -0.881 0 -0.881 0.473 0.028 -0.024668 0.013244 -1 2852.dat
1 19 0 -158.92 288.88 -1 0 0 0 1 0.028 0 0.028 -1 2854.dat
1 14 0 -159.48 308.88 -1 0 0 0 1 0.028 0 0.028 -1 2853.dat
1 71 10 -159.48 308.88 0.473 0.881 0 -0.881 0.473 -0.028 -0.024668 0.013244 1 2852.dat
1 71 10 -159.48 308.88 -0.713 -0.701 0 -0.701 0.713 0.028 -0.019628 0.019964 -1 2852.dat
1 14 -38.038 -184.648 188.0812 -0.6 0.8 0 0.8 0.6 0.028 0.0224 0.0168 -1 2851.dat
1 14 25.238 -175.048 188.35 -0.6 -0.8 0 -0.8 0.6 0.028 -0.0224 0.0168 -1 2851.dat
1 14 -25.238 -176.168 228.35 -0.6 0.8 0 0.8 0.6 0.028 0.0224 0.0168 -1 2851.dat
1 14 38.038 -185.768 228.0812 -0.6 -0.8 0 -0.8 0.6 0.028 -0.0224 0.0168 -1 2851.dat
1 14 -38.038 -186.888 268.0812 -0.6 0.8 0 0.8 0.6 0.028 0.0224 0.0168 -1 2851.dat
1 14 25.238 -177.288 268.35 -0.6 -0.8 0 -0.8 0.6 0.028 -0.0224 0.0168 -1 2851.dat
1 14 -25.238 -178.408 308.35 -0.6 0.8 0 0.8 0.6 0.028 0.0224 0.0168 -1 2851.dat
1 14 38.038 -188.008 308.0812 -0.6 -0.8 0 -0.8 0.6 0.028 -0.0224 0.0168 -1 2851.dat
1 72 0 -161.244 371.88 0 -1 0 0.028 0 1 -1 0 0.028 59426.dat
1 0 0 -160.88 358.88 -1 0 0 0 1 0.028 0 0.028 -1 32270.dat
1 71 0 -161.44 378.88 -1 0 0 0 1 0.028 0 0.028 -1 3713.dat
1 71 0 -161.86 393.88 -1 0 0 0 1 0.028 0 0.028 -1 32123.dat
1 71 52.8 -195.72 187.7712 -0.6 -0.8 0 -0.8 0.6 0.028 -0.0224 0.0168 -1 2850.dat
1 0 44 -164.68 208.656 0 0.6 0.8 0.028 0.8 -0.6 -1 0.0224 -0.0168 2780.dat
1 0 20 -196.68 207.76 0 0.6 0.8 0.028 0.8 -0.6 -1 0.0224 -0.0168 2780.dat
1 71 52.8 -196.84 227.7712 -0.6 -0.8 0 -0.8 0.6 0.028 -0.0224 0.0168 -1 2850.dat
1 0 20 -197.8 247.76 0 -0.6 -0.8 0.028 -0.8 0.6 -1 -0.0224 0.0168 2780.dat
1 0 44 -165.8 248.656 0 -0.6 -0.8 0.028 -0.8 0.6 -1 -0.0224 0.0168 2780.dat
1 71 52.8 -197.96 267.7712 -0.6 -0.8 0 -0.8 0.6 0.028 -0.0224 0.0168 -1 2850.dat
1 0 20 -198.92 287.76 0 -0.6 -0.8 0.028 -0.8 0.6 -1 -0.0224 0.0168 2780.dat
1 0 44 -166.92 288.656 0 -0.6 -0.8 0.028 -0.8 0.6 -1 -0.0224 0.0168 2780.dat
1 71 52.8 -199.08 307.7712 -0.6 -0.8 0 -0.8 0.6 0.028 -0.0224 0.0168 -1 2850.dat
1 0 20 -195.56 167.76 0 0 1 -0.028 -1 0 1 -0.028 0 2780.dat
1 0 44 -163.56 168.656 0 0 1 -0.028 -1 0 1 -0.028 0 2780.dat
1 0 -20 -195.56 167.76 0 0 1 -0.028 -1 0 1 -0.028 0 2780.dat
1 0 -44 -163.56 168.656 0 0 1 -0.028 -1 0 1 -0.028 0 2780.dat
1 0 0 -205.28 157.48 1 0 0 0 1 -0.028 0 0.028 1 32333.dat
1 0 -20 -155 148.88 0 0 1 -0.028 -1 0 1 -0.028 0 2780.dat
1 0 20 -155 148.88 0 0 1 -0.028 -1 0 1 -0.028 0 2780.dat
1 0 0 -215.8 247.256 0 0 -1 -0.028 1 0 1 0.028 0 3832.dat
1 0 0 -226.32 337.032 -1 0 0 0 1 0.028 0 0.028 -1 3069.dat
1 0 0 -221.28 157.032 -1 0 0 0 1 0.028 0 0.028 -1 3069.dat
1 0 -10 -223.8 247.032 0 0 -1 -0.028 1 0 1 0.028 0 4162.dat
1 0 10 -223.8 247.032 0 0 -1 -0.028 1 0 1 0.028 0 4162.dat
1 4 0 -163.12 438.88 1 0 0 0 -1 0.028 0 -0.028 -1 26287.dat
1 19 0 -163.96 468.88 0 -1 0 0.028 0 1 -1 0 0.028 3749.dat
1 0 -20 -201.72 387.76 0 0 -1 0.028 -1 0 -1 -0.028 0 2780.dat
1 0 20 -201.72 387.76 0 0 -1 0.028 -1 0 -1 -0.028 0 2780.dat
1 0 -20 -123.96 470 0 -1 0 -0.028 0 -1 1 0 -0.028 2780.dat
1 0 20 -123.96 470 0 -1 0 -0.028 0 -1 1 0 -0.028 2780.dat
1 0 0 -164.24 478.88 -1 0 0 0 -0.028 1 0 1 0.028 60484.dat
1 1 40 -202.84 427.76 0 0 -1 0.028 -1 0 -1 -0.028 0 43093.dat
1 1 -40 -202.84 427.76 0 0 -1 0.028 -1 0 -1 -0.028 0 43093.dat
1 0 0 -203.12 437.76 0 0 1 -1 0.028 0 -0.028 -1 0 24119.dat
1 0 -20 -134.72 139.44 -1 0 0 0 -1 -0.028 0 -0.028 1 42003.dat
1 0 20 -134.72 139.44 -1 0 0 0 -1 -0.028 0 -0.028 1 42003.dat
1 14 0 -114.72 140 -1 0 0 0 -1 -0.028 0 -0.028 1 32073.dat
1 71 0 -114.72 140 0 0 1 -0.028 -1 0 1 -0.028 0 3713.dat
1 4 60 -114.72 140 1 0 0 0 1 -0.028 0 0.028 1 32054.dat
1 4 -60 -114.72 140 -1 0 0 0 1 0.028 0 0.028 -1 32054.dat
1 4 60 -117.52 240 0 1 0 -1 0 -0.028 -0.028 0 1 32525.dat
1 4 -60 -117.52 240 0 1 0 -1 0 -0.028 -0.028 0 1 32525.dat
1 14 0 -174.72 138.32 1 0 0 0 1 -0.028 0 0.028 1 32073.dat
1 71 -50 -174.72 138.32 0 0 1 0.028 1 0 -1 0.028 0 59443.dat
1 0 -20 -170.24 -21.68 0 1 0 1 0 0.028 0.028 0 -1 32009.dat
1 71 0 -174.72 138.32 -1 0 0 0 -1 -0.028 0 -0.028 1 6536.dat
1 0 0 -195 147.76 0 0 1 -0.028 -1 0 1 -0.028 0 2780.dat
1 0 0 -171.36 18.32 0 1 0 0.028 0 -1 -1 0 -0.028 18654.dat
1 71 0 -90.24 -19.44 -1 0 0 0 0.028 -1 0 -1 -0.028 4519.dat
1 4 -5 -70.24 -18.88 0 -1 0 -0.028 0 -1 1 0 -0.028 41677.dat
1 4 5 -70.24 -18.88 0 -1 0 -0.028 0 -1 1 0 -0.028 41677.dat
1 71 0 -70.24 -18.88 -1 0 0 0 0.028 -1 0 -1 -0.028 4519.dat
1 71 -20 -70.24 -18.88 -1 0 0 0 -0.028 1 0 1 0.028 6536.dat
1 71 20 -70.24 -18.88 -1 0 0 0 -0.028 1 0 1 0.028 6536.dat
1 4 20 -70.8 1.12 0 0 1 1 -0.028 0 0.028 1 0 32054.dat
1 4 -20 -70.8 1.12 0 0 1 1 -0.028 0 0.028 1 0 32054.dat
1 0 20 -170.24 -21.68 0 1 0 1 0 0.028 0.028 0 -1 32009.dat
1 71 50 -174.72 138.32 0 0 1 0.028 1 0 -1 0.028 0 59443.dat
1 0 80 -134.72 139.44 0 1 0 0.028 0 -1 -1 0 -0.028 40490.dat
1 0 90 -214.72 137.2 -1 0 0 0 0.028 -1 0 -1 -0.028 2780.dat
1 0 90 -154.72 138.88 -1 0 0 0 0.028 -1 0 -1 -0.028 2780.dat
1 0 90 -94.72 140.56 -1 0 0 0 0.028 -1 0 -1 -0.028 2780.dat
1 0 -80 -134.72 139.44 0 -1 0 -0.028 0 -1 1 0 -0.028 40490.dat
1 0 -90 -214.72 137.2 1 0 0 0 -0.028 -1 0 1 -0.028 2780.dat
1 0 -90 -154.72 138.88 1 0 0 0 -0.028 -1 0 1 -0.028 2780.dat
1 0 -90 -94.72 140.56 1 0 0 0 -0.028 -1 0 1 -0.028 2780.dat
1 71 80 -174.72 138.32 1 0 0 0 0.028 1 0 -1 0.028 4519.dat
1 71 -80 -174.72 138.32 -1 0 0 0 -0.028 1 0 1 0.028 4519.dat
1 72 100 -174.7177 301.4028 0 1 0 0.357128 0 0.934724 0.934724 0 -0.357128 32524.dat
1 0 90 -230.7965 322.8056 1 0 0 0 -0.357128 0.934724 0 -0.934724 -0.357128 2780.dat
1 0 80 -250.289 327.3168 0 0 1 -0.226924 0.974112 0 -0.974112 -0.226924 0 42003.dat
1 72 -100 -174.7177 301.4028 0 -1 0 -0.357128 0 0.934724 -0.934724 0 -0.357128 32524.dat
1 0 -80 -250.289 327.3168 0 0 -1 0.226924 0.974112 0 0.974112 -0.226924 0 42003.dat
1 0 -80 -269.7752 331.8552 0 0 -1 -0.226924 -0.974112 0 -0.974112 0.226924 0 18651.dat
1 0 80 -269.7752 331.8552 0 0 -1 -0.226924 -0.974112 0 -0.974112 0.226924 0 18651.dat
1 0 -60 -223.12 437.2 1 0 0 0 1 -0.028 0 0.028 1 32013.dat
1 0 60 -223.12 437.2 1 0 0 0 1 -0.028 0 0.028 1 32013.dat
1 0 60 -222 397.2 0 1 0 1 0 0.028 0.028 0 -1 10197.dat
1 0 -60 -222 397.2 0 -1 0 -1 0 0.028 -0.028 0 -1 10197.dat
1 179 -20 -222 397.2 1 0 0 0 -1 0.028 0 -0.028 -1 25214.dat
1 179 20 -222 397.2 -1 0 0 0 1 0.028 0 0.028 -1 25214.dat
1 1 -20 -221.16 367.2 0 -1 0 -0.028 0 -1 1 0 -0.028 43093.dat
1 1 20 -221.16 367.2 0 -1 0 -0.028 0 -1 1 0 -0.028 43093.dat
1 1 -60 -232 396.92 0 0 1 -1 0.028 0 -0.028 -1 0 4274.dat
1 0 -60 -246 396.528 -0.707 0 0.707 0.019796 1 0.019796 -0.707 0.028 -0.707 48729.dat
1 1 60 -232 396.92 0 1 0 -1 0 -0.028 -0.028 0 1 4274.dat
1 0 60 -246 396.528 0.707 0 0.707 0.019796 1 -0.019796 -0.707 0.028 0.707 48729.dat
1 4 -60 -124.24 480 1 0 0 0 1 -0.028 0 0.028 1 32054.dat
1 4 -60 -124.8 500 1 0 0 0 1 -0.028 0 0.028 1 32054.dat
1 0 -60 -184.8 498.32 0 -1 0 0.028 0 1 -1 0 0.028 32140.dat
1 0 -70 -164.8 498.88 1 0 0 0 -0.028 -1 0 1 -0.028 2780.dat
1 1 -90 -124.24 480 1 0 0 0 -0.028 -1 0 1 -0.028 43093.dat
1 1 -88 -124.8 500 1 0 0 0 -0.028 -1 0 1 -0.028 43093.dat
1 0 -70 -184.8 498.32 1 0 0 0 -0.028 -1 0 1 -0.028 3705.dat
1 71 -30 -184.8 498.32 0 0 1 1 -0.028 0 0.028 1 0 59443.dat
1 71 0 -184.8 498.32 1 0 0 0 1 -0.028 0 0.028 1 4519.dat
1 71 30 -184.8 498.32 0 0 1 1 -0.028 0 0.028 1 0 59443.dat
1 0 70 -184.8 498.32 1 0 0 0 -0.028 -1 0 1 -0.028 3705.dat
1 4 60 -124.24 480 -1 0 0 0 1 0.028 0 0.028 -1 32054.dat
1 4 60 -124.8 500 -1 0 0 0 1 0.028 0 0.028 -1 32054.dat
1 0 60 -184.8 498.32 0 -1 0 0.028 0 1 -1 0 0.028 32140.dat
1 0 70 -164.8 498.88 1 0 0 0 -0.028 -1 0 1 -0.028 2780.dat
1 1 90 -124.24 480 -1 0 0 0 -0.028 1 0 1 0.028 43093.dat
1 1 88 -124.8 500 -1 0 0 0 -0.028 1 0 1 0.028 43093.dat
1 71 0 -63.52 -258.88 0 0 -1 1 0.028 0 0.028 -1 0 40490.dat
1 71 0 -143.52 -261.12 0 0 -1 1 0.028 0 0.028 -1 0 40490.dat
1 14 80 -63.52 -258.88 0 -1 0 0.028 0 1 -1 0 0.028 32073.dat
1 72 80 -63.52 -258.88 0 0.174 -0.985 0.028 -0.985 -0.174 -1 -0.02758 -0.004872 57515.dat
1 4 80 -104.22 -235 1 0 0 0 0.028 1 0 -1 0.028 11478.dat
1 4 80 -65.2 -198.88 0 1 0 -0.028 0 1 1 0 0.028 32054.dat
1 0 80 -142.68 -291.12 0 1 0 -0.028 0 1 1 0 0.028 3707.dat
1 72 80 -143.52 -261.12 0 -0.174 -0.985 -0.028 0.985 -0.174 1 0.02758 -0.004872 57515.dat
1 71 80 -145.2 -201.12 -1 0 0 0 -1 -0.028 0 -0.028 1 32034.dat
1 71 80 -142.4 -301.12 -1 0 0 0 -1 -0.028 0 -0.028 1 3713.dat
1 4 80 -102.82 -285 1 0 0 0 0.028 1 0 -1 0.028 11478.dat
1 72 -80 -63.52 -258.88 0 -0.174 0.985 -0.028 -0.985 -0.174 1 -0.02758 -0.004872 57515.dat
1 72 -80 -143.52 -261.12 0 0.174 0.985 0.028 0.985 -0.174 -1 0.02758 -0.004872 57515.dat
1 4 -80 -102.82 -285 1 0 0 0 0.028 1 0 -1 0.028 11478.dat
1 4 -80 -104.22 -235 1 0 0 0 0.028 1 0 -1 0.028 11478.dat
1 14 -80 -63.52 -258.88 0 1 0 -0.028 0 1 1 0 0.028 32073.dat
1 4 -80 -65.2 -198.88 0 -1 0 -0.028 0 -1 1 0 -0.028 32054.dat
1 0 -80 -142.68 -291.12 0 -1 0 0.028 0 1 -1 0 0.028 3707.dat
1 71 -80 -145.2 -201.12 -1 0 0 0 -1 -0.028 0 -0.028 1 32034.dat
1 71 -80 -142.4 -301.12 -1 0 0 0 -1 -0.028 0 -0.028 1 3713.dat
1 71 -80 -62.12 -308.88 1 0 0 0 -1 0.028 0 -0.028 -1 59443.dat
1 71 80 -62.12 -308.88 1 0 0 0 -1 0.028 0 -0.028 -1 59443.dat
1 4 178.481 -56.155 -258.6738 0 0 -1 -1 -0.028 0 -0.028 1 0 6628.dat
1 4 178.481 -116.155 -260.3538 0 0 -1 1 0.028 0 0.028 -1 0 6628.dat
1 4 -178.481 -56.155 -258.6738 0 0 1 -1 0.028 0 -0.028 -1 0 6628.dat
1 4 -178.481 -116.155 -260.3538 0 0 1 1 -0.028 0 0.028 1 0 6628.dat
1 0 0 -63.8 -248.88 0 0 -1 0.028 -1 0 -1 -0.028 0 2780.dat
1 4 0 -104.08 -240 -1 0 0 0 -0.028 1 0 1 0.028 32316.dat
1 71 0 -65.2 -198.88 0 0 -1 1 0.028 0 0.028 -1 0 40490.dat
1 0 60 -64.92 -208.88 0 0 -1 0.028 -1 0 -1 -0.028 0 2780.dat
1 71 40 -64.08 -238.88 0 0 -1 0.028 -1 0 -1 -0.028 0 44294.dat
1 71 40 -65.76 -178.88 0 0 -1 -0.028 1 0 1 0.028 0 6536.dat
1 0 20 -65.48 -188.88 0 0 -1 0.028 -1 0 -1 -0.028 0 2780.dat
1 0 -60 -64.92 -208.88 0 0 1 -0.028 -1 0 1 -0.028 0 2780.dat
1 71 -40 -64.08 -238.88 0 0 1 -0.028 -1 0 1 -0.028 0 44294.dat
1 71 -40 -65.76 -178.88 0 0 1 0.028 1 0 -1 0.028 0 6536.dat
1 0 -20 -65.48 -188.88 0 0 1 -0.028 -1 0 1 -0.028 0 2780.dat
1 4 80 -65.76 -178.88 0 0 1 1 -0.028 0 0.028 1 0 18654.dat
1 4 -80 -65.76 -178.88 0 0 1 1 -0.028 0 0.028 1 0 18654.dat
1 71 178.481 -97.275 -219.7938 0 0 1 -1 0.028 0 -0.028 -1 0 2736.dat
1 71 -178.481 -97.275 -219.7938 0 0 1 -1 0.028 0 -0.028 -1 0 2736.dat
1 71 -40 -62.4 -298.88 0 0 1 0.028 1 0 -1 0.028 0 6536.dat
1 71 40 -62.4 -298.88 0 0 1 0.028 1 0 -1 0.028 0 6536.dat
1 0 0 -43.52 -258.32 -1 0 0 0 1 0.028 0 0.028 -1 39794.dat
1 0 -70 -41.28 -338.32 -1 0 0 0 1 0.028 0 0.028 -1 2780.dat
1 0 70 -41.28 -338.32 -1 0 0 0 1 0.028 0 0.028 -1 2780.dat
1 0 -70 -44.64 -218.32 -1 0 0 0 1 0.028 0 0.028 -1 2780.dat
1 0 70 -44.64 -218.32 -1 0 0 0 1 0.028 0 0.028 -1 2780.dat
1 0 -40 -46.6 -148.32 0 0 1 0.028 1 0 -1 0.028 0 2780.dat
1 0 0 -46.6 -148.32 0 0 1 0.028 1 0 -1 0.028 0 2780.dat
1 0 40 -46.6 -148.32 0 0 1 0.028 1 0 -1 0.028 0 2780.dat
1 0 80 -41.28 -338.32 0 -1 0 -1 0 0.028 -0.028 0 -1 40490.dat
1 0 70 -40.16 -378.32 1 0 0 0 -1 0.028 0 -0.028 -1 2780.dat
1 0 60 -38.48 -438.32 0 1 0 1 0 0.028 0.028 0 -1 32524.dat
1 4 60 -39.04 -418.32 -1 0 0 0 1 0.028 0 0.028 -1 11214.dat
1 71 40 -39.04 -418.32 -1 0 0 0 -1 -0.028 0 -0.028 1 6536.dat
1 14 60 -37.36 -478.32 -1 0 0 0 1 0.028 0 0.028 -1 32073.dat
1 0 50 -37.92 -458.32 1 0 0 0 -1 0.028 0 -0.028 -1 2780.dat
1 4 0 -37.36 -478.32 0 0 1 1 -0.028 0 0.028 1 0 26287.dat
1 14 -60 -37.36 -478.32 -1 0 0 0 1 0.028 0 0.028 -1 32073.dat
1 0 -80 -41.28 -338.32 0 1 0 1 0 0.028 0.028 0 -1 40490.dat
1 0 -70 -40.16 -378.32 -1 0 0 0 1 0.028 0 0.028 -1 2780.dat
1 0 -60 -38.48 -438.32 0 -1 0 -1 0 0.028 -0.028 0 -1 32524.dat
1 4 -60 -39.04 -418.32 1 0 0 0 -1 0.028 0 -0.028 -1 11214.dat
1 71 -40 -39.04 -418.32 1 0 0 0 -1 0.028 0 -0.028 -1 6536.dat
1 0 -50 -37.92 -458.32 -1 0 0 0 1 0.028 0 0.028 -1 2780.dat
1 0 -100 -164.08 -241.68 0 0 1 1 -0.028 0 0.028 1 0 32140.dat
1 0 100 -164.08 -241.68 0 0 -1 1 0.028 0 0.028 -1 0 32140.dat
1 71 0 -163.52 -261.68 0 0 -1 1 0.028 0 0.028 -1 0 40490.dat
1 0 100 -162.96 -281.68 0 0 -1 1 0.028 0 0.028 -1 0 32140.dat
1 0 -100 -162.96 -281.68 0 0 1 1 -0.028 0 0.028 1 0 32140.dat
1 72 119.392 -56.35 -266.6855 0 -0.174 -0.985 -0.028 0.985 -0.174 1 0.02758 -0.004872 87083.dat
1 4 119.392 -57.274 -233.6855 0.985 0 0.174 0.174 -0.028 -0.985 0.004872 1 -0.02758 41677.dat
1 72 122.865 -76.046 -267.237 0 -0.174 -0.985 -0.028 0.985 -0.174 1 0.02758 -0.004872 87083.dat
1 71 122.865 -76.69 -244.237 0.985 -0.174 0 0.174 0.985 -0.028 0.004872 0.02758 1 32123.dat
1 1 115.919 -36.598 -268.134 0 -0.985 -0.174 0.028 -0.174 0.985 -1 -0.004872 0.02758 4274.dat
1 0 122.865 -76.27 -259.237 0.967 0.254 0 -0.254 0.967 -0.028 -0.007112 0.027076 1 4254.dat
1 14 100 -163.492 -262.68 0.967 0.254 0 -0.254 0.967 -0.028 -0.007112 0.027076 1 4255.dat
1 494 109.429 -127.539 -260.6725 0.967 0.254 0 -0.254 0.967 -0.028 -0.007112 0.027076 1 22977.dat
1 71 122.865 -75.85 -274.237 0.985 -0.174 0 0.174 0.985 -0.028 0.004872 0.02758 1 32123.dat
1 4 119.392 -55.874 -283.6855 0.985 0 0.174 0.174 -0.028 -0.985 0.004872 1 -0.02758 41677.dat
1 72 -119.392 -56.35 -266.6855 0 0.174 -0.985 -0.028 0.985 0.174 1 0.02758 0.004872 87083.dat
1 4 -119.392 -57.274 -233.6855 0.985 0 -0.174 -0.174 -0.028 -0.985 -0.004872 1 -0.02758 41677.dat
1 72 -122.865 -76.046 -267.237 0 0.174 -0.985 -0.028 0.985 0.174 1 0.02758 0.004872 87083.dat
1 71 -122.865 -76.69 -244.237 0.985 0.174 0 -0.174 0.985 -0.028 -0.004872 0.02758 1 32123.dat
1 1 -115.919 -36.598 -268.134 0 0.985 -0.174 0.028 -0.174 -0.985 -1 -0.004872 -0.02758 4274.dat
1 0 -122.865 -76.27 -259.237 0.967 -0.254 0 0.254 0.967 -0.028 0.007112 0.027076 1 4254.dat
1 14 -100 -163.492 -262.68 0.967 -0.254 0 0.254 0.967 -0.028 0.007112 0.027076 1 4255.dat
1 494 -109.429 -127.539 -260.6725 0.967 -0.254 0 0.254 0.967 -0.028 0.007112 0.027076 1 22977.dat
1 71 -122.865 -75.85 -274.237 0.985 0.174 0 -0.174 0.985 -0.028 -0.004872 0.02758 1 32123.dat
1 4 -119.392 -55.874 -283.6855 0.985 0 -0.174 -0.174 -0.028 -0.985 -0.004872 1 -0.02758 41677.dat
1 71 158.785 -129.628 -260.731 0 0 -1 0.028 -1 0 -1 -0.028 0 4519.dat
1 71 158.785 -49.628 -258.491 0 0 -1 0.028 -1 0 -1 -0.028 0 4519.dat
1 4 158.785 -90.048 -244.611 1 0 0 0 0.028 1 0 -1 0.028 11478.dat
1 4 158.785 -89.208 -274.611 1 0 0 0 0.028 1 0 -1 0.028 11478.dat
1 71 -158.785 -49.628 -258.491 0 0 -1 0.028 -1 0 -1 -0.028 0 4519.dat
1 4 -158.785 -90.048 -244.611 1 0 0 0 0.028 1 0 -1 0.028 11478.dat
1 4 -158.785 -89.208 -274.611 1 0 0 0 0.028 1 0 -1 0.028 11478.dat
1 71 -158.785 -129.628 -260.731 0 0 -1 0.028 -1 0 -1 -0.028 0 4519.dat
1 72 100 -163.856 -249.68 0 0 1 -0.028 -1 0 1 -0.028 0 87083.dat
1 71 100 -164.64 -221.68 0 -1 0 0.028 0 1 -1 0 0.028 6536.dat
1 71 -100 -164.64 -221.68 0 1 0 0.028 0 -1 -1 0 -0.028 6536.dat
1 72 -100 -163.856 -249.68 0 0 -1 -0.028 1 0 1 0.028 0 87083.dat
1 0 0 -85.2 -199.44 -1 0 0 0 1 0.028 0 0.028 -1 87761.dat
1 4 -40 -84.92 -209.44 0 -1 0 -0.028 0 -1 1 0 -0.028 32062.dat
1 4 40 -84.92 -209.44 0 -1 0 -0.028 0 -1 1 0 -0.028 32062.dat
1 0 -60 -84.64 -219.44 0 -1 0 -0.028 0 -1 1 0 -0.028 42003.dat
1 0 60 -84.64 -219.44 0 1 0 -0.028 0 1 1 0 0.028 42003.dat
1 4 80 -94.64 -219.72 0 1 0 1 0 0.028 0.028 0 -1 6628.dat
1 4 -80 -94.64 -219.72 0 1 0 1 0 0.028 0.028 0 -1 6628.dat
1 72 80 -104.64 -220 0 0.174 0.985 -0.028 -0.985 0.174 1 -0.02758 0.004872 2739.dat
1 72 -80 -104.64 -220 0 -0.174 -0.985 0.028 -0.985 0.174 -1 -0.02758 0.004872 2739.dat
1 14 0 -123.52 -260.56 0 0.985 0.174 -0.028 -0.174 0.985 1 -0.004872 0.02758 32073.dat
1 72 0 -124.64 -220.56 0.985 0.174 0 -0.174 0.985 -0.028 -0.004872 0.02758 1 10928.dat
1 71 0 -123.52 -260.56 0.985 0.174 0 -0.174 0.985 -0.028 -0.004872 0.02758 1 3713.dat
1 0 0 -122.96 -280.56 1 0 0 0 -0.028 -1 0 1 -0.028 60484.dat
1 0 0 -105.76 -180 1 0 0 0 0.028 1 0 -1 0.028 60484.dat
1 70 0 -104.64 -220 0 0.94 0.342 -0.028 -0.342 0.94 1 -0.009576 0.02632 15462.dat
1 72 0 -104.64 -220 0.94 0.342 0 -0.342 0.94 -0.028 -0.009576 0.02632 1 10928.dat
1 0 0 -105.2 -200 0.94 0.342 0 -0.342 0.94 -0.028 -0.009576 0.02632 1 32270.dat
1 71 0 -103.52 -260 0.94 0.342 0 -0.342 0.94 -0.028 -0.009576 0.02632 1 3713.dat
1 71 0 -122.4 -300.56 0.985 0.174 0 -0.174 0.985 -0.028 -0.004872 0.02758 1 94925.dat
1 14 0 -163.52 -261.68 0 1 0 -0.028 0 1 1 0 0.028 32073.dat
1 71 0 -162.4 -301.68 1 0 0 0 1 -0.028 0 0.028 1 94925.dat
1 71 0 -165.2 -201.68 -1 0 0 0 1 0.028 0 0.028 -1 62520.dat
1 71 0 -165.2 -201.68 0 0.707 0.707 -1 0.019796 -0.019796 -0.028 -0.707 0.707 62520.dat
1 71 0 -165.2 -201.68 -0.707 0 -0.707 -0.019796 1 0.019796 0.707 0.028 -0.707 62519.dat
1 0 -60 -141.84 -321.12 0 1 0 -0.028 0 1 1 0 0.028 42003.dat
1 0 60 -141.84 -321.12 0 -1 0 0.028 0 1 -1 0 0.028 42003.dat
1 71 80 -141.28 -341.12 -1 0 0 0 -1 -0.028 0 -0.028 1 3713.dat
1 71 -80 -141.28 -341.12 -1 0 0 0 -1 -0.028 0 -0.028 1 3713.dat
1 0 -60 -151.84 -321.4 0 0 1 -1 0.028 0 -0.028 -1 0 2780.dat
1 0 60 -151.84 -321.4 0 0 1 -1 0.028 0 -0.028 -1 0 2780.dat
1 0 0 -161.84 -321.68 0 0 -1 0.028 -1 0 -1 -0.028 0 32524.dat
1 0 0 -48.56 -78.32 0 0 -1 -0.028 1 0 1 0.028 0 39794.dat
1 0 -110 -49.68 -38.32 -1 0 0 0 1 0.028 0 0.028 -1 2780.dat
1 0 110 -49.68 -38.32 -1 0 0 0 1 0.028 0 0.028 -1 2780.dat
1 0 -60 -56.32 -158.6 0 -1 0 -1 0 0.028 -0.028 0 -1 2780.dat
1 0 -60 -56.88 -138.6 0 -1 0 -1 0 0.028 -0.028 0 -1 2780.dat
1 0 60 -56.32 -158.6 0 -1 0 -1 0 0.028 -0.028 0 -1 2780.dat
1 0 60 -56.88 -138.6 0 -1 0 -1 0 0.028 -0.028 0 -1 2780.dat
1 4 -60 -66.6 -148.88 -1 0 0 0 1 0.028 0 0.028 -1 43857.dat
1 4 60 -66.6 -148.88 -1 0 0 0 1 0.028 0 0.028 -1 43857.dat
1 4 -60 -86.32 -159.44 0 -1 0 -1 0 0.028 -0.028 0 -1 18654.dat
1 4 60 -86.32 -159.44 0 1 0 -1 0 -0.028 -0.028 0 1 18654.dat
1 71 -80 -146.32 -161.12 0 -1 0 0.028 0 1 -1 0 0.028 4519.dat
1 71 80 -146.32 -161.12 0 -1 0 0.028 0 1 -1 0 0.028 4519.dat
1 4 80 -100.86 -355 1 0 0 0 0.028 1 0 -1 0.028 11478.dat
1 4 80 -100.58 -365 1 0 0 0 0.028 1 0 -1 0.028 11478.dat
1 0 80 -60.72 -358.88 0 0 -1 -0.028 1 0 1 0.028 0 18651.dat
1 71 80 -61.28 -338.88 0 0 1 -0.028 -1 0 1 -0.028 0 6536.dat
1 4 -80 -100.86 -355 1 0 0 0 0.028 1 0 -1 0.028 11478.dat
1 4 -80 -100.58 -365 1 0 0 0 0.028 1 0 -1 0.028 11478.dat
1 0 -80 -60.72 -358.88 0 0 -1 -0.028 1 0 1 0.028 0 18651.dat
1 71 -80 -61.28 -338.88 0 0 1 -0.028 -1 0 1 -0.028 0 6536.dat
1 0 0 -59.6 -398.88 0 0 -1 1 0.028 0 0.028 -1 0 32278.dat
1 0 -120 -59.32 -408.88 0 0 -1 -0.028 1 0 1 0.028 0 2780.dat
1 0 120 -59.32 -408.88 0 0 -1 -0.028 1 0 1 0.028 0 2780.dat
1 0 -60 -59.88 -388.88 0 0 -1 -0.028 1 0 1 0.028 0 2780.dat
1 0 60 -59.88 -388.88 0 0 -1 -0.028 1 0 1 0.028 0 2780.dat
1 0 -120 -119.04 -420.56 -1 0 0 0 -0.028 1 0 1 0.028 32140.dat
1 0 120 -119.04 -420.56 1 0 0 0 0.028 1 0 -1 0.028 32140.dat
1 71 -140 -60.16 -378.88 0 0 1 1 -0.028 0 0.028 1 0 40490.dat
1 71 140 -60.16 -378.88 0 0 1 1 -0.028 0 0.028 1 0 40490.dat
1 0 -220 -59.88 -388.88 0 0 -1 -0.028 1 0 1 0.028 0 2780.dat
1 0 -200 -59.88 -388.88 0 0 -1 -0.028 1 0 1 0.028 0 2780.dat
1 0 200 -59.88 -388.88 0 0 -1 -0.028 1 0 1 0.028 0 2780.dat
1 0 220 -59.88 -388.88 0 0 -1 -0.028 1 0 1 0.028 0 2780.dat
1 1 100 -60.44 -368.88 0 0 -1 -0.028 1 0 1 0.028 0 43093.dat
1 71 100 -60.72 -358.88 0 0 -1 -0.028 1 0 1 0.028 0 6536.dat
1 4 100 -40.72 -358.32 -1 0 0 0 1 0.028 0 0.028 -1 32054.dat
1 1 -100 -60.44 -368.88 0 0 -1 -0.028 1 0 1 0.028 0 43093.dat
1 71 -100 -60.72 -358.88 0 0 1 0.028 1 0 -1 0.028 0 6536.dat
1 4 -100 -40.72 -358.32 1 0 0 0 1 -0.028 0 0.028 1 32054.dat
1 4 -40 -59.04 -418.88 0 0 1 -0.028 -1 0 1 -0.028 0 32054.dat
1 4 40 -59.04 -418.88 0 0 1 -0.028 -1 0 1 -0.028 0 32054.dat
1 71 80 -37.36 -478.32 1 0 0 0 -0.028 -1 0 1 -0.028 6536.dat
1 71 -80 -37.36 -478.32 1 0 0 0 -0.028 -1 0 1 -0.028 6536.dat
1 0 -120 -37.36 -478.32 0 0 -1 1 0.028 0 0.028 -1 0 32016.dat
1 0 -166.194 -37.8958 -459.186 0.924 0 0.383 0.010724 1 -0.025872 -0.383 0.028 0.924 3705.dat
1 0 -186.522 -38.1247 -450.7598 0.924 0.383 0 0.010724 -0.025872 -1 -0.383 0.924 -0.028 6536.dat
1 0 120 -37.36 -478.32 0 0 1 -1 0.028 0 -0.028 -1 0 32016.dat
1 0 166.194 -37.8958 -459.186 -0.924 0 -0.383 0.010724 -1 -0.025872 -0.383 -0.028 0.924 3705.dat
1 0 186.522 -38.1317 -450.76 -0.924 -0.383 0 0.010724 -0.025872 1 -0.383 0.924 0.028 6536.dat
1 0 60 -60.8 1.4 0 0 -1 -1 -0.028 0 -0.028 1 0 2780.dat
1 0 60 -60.24 -18.6 0 0 -1 -1 -0.028 0 -0.028 1 0 2780.dat
1 72 60 -75.52 -9.02 -1 0 0 0 -1 -0.028 0 -0.028 1 32449.dat
1 15 60 -91.36 20.56 0 1 0 1 0 0.028 0.028 0 -1 22961.dat
1 72 60 -65.52 -8.74 -1 0 0 0 -1 -0.028 0 -0.028 1 32449.dat
1 15 60 -89.68 -39.44 0 1 0 1 0 0.028 0.028 0 -1 22961.dat
1 0 -60 -60.8 1.4 0 0 -1 -1 -0.028 0 -0.028 1 0 2780.dat
1 0 -60 -60.24 -18.6 0 0 -1 -1 -0.028 0 -0.028 1 0 2780.dat
1 72 -60 -75.52 -9.02 -1 0 0 0 -1 -0.028 0 -0.028 1 32449.dat
1 15 -60 -91.36 20.56 0 1 0 1 0 0.028 0.028 0 -1 22961.dat
1 72 -60 -65.52 -8.74 -1 0 0 0 -1 -0.028 0 -0.028 1 32449.dat
1 15 -60 -89.68 -39.44 0 1 0 1 0 0.028 0.028 0 -1 22961.dat
1 0 90 -48.56 -78.32 1 0 0 0 1 -0.028 0 0.028 1 2780.dat
1 0 -90 -48.56 -78.32 1 0 0 0 1 -0.028 0 0.028 1 2780.dat
1 0 80 -89.68 -39.44 0 -1 0 1 0 -0.028 0.028 0 1 32524.dat
1 0 90 -90.24 -19.44 -1 0 0 0 0.028 -1 0 -1 -0.028 2780.dat
1 0 90 -88 -99.44 -1 0 0 0 0.028 -1 0 -1 -0.028 2780.dat
1 0 100 -88 -99.44 0 -1 0 1 0 -0.028 0.028 0 1 32524.dat
1 0 -80 -89.68 -39.44 0 1 0 -1 0 -0.028 -0.028 0 1 32524.dat
1 0 -90 -90.24 -19.44 1 0 0 0 0.028 1 0 -1 0.028 2780.dat
1 0 -90 -88 -99.44 1 0 0 0 0.028 1 0 -1 0.028 2780.dat
1 0 -100 -88 -99.44 0 1 0 -1 0 -0.028 -0.028 0 1 32524.dat
1 0 120 -50.8 1.68 0 -1 0 -1 0 0.028 -0.028 0 -1 32278.dat
1 0 130 -48 -98.32 1 0 0 0 -1 0.028 0 -0.028 -1 2780.dat
1 0 130 -54.16 121.68 1 0 0 0 -1 0.028 0 -0.028 -1 2780.dat
1 0 120 -56.96 221.68 0 -1 0 1 0 -0.028 0.028 0 1 32524.dat
1 0 130 -57.52 241.68 1 0 0 0 -1 0.028 0 -0.028 -1 2780.dat
1 0 160 -49.68 -38.32 0 0 -1 -0.028 1 0 1 0.028 0 15458.dat
1 0 140 -52.76 71.68 0 0 -1 -0.028 1 0 1 0.028 0 2780.dat
1 0 180 -52.76 71.68 0 0 -1 -0.028 1 0 1 0.028 0 2780.dat
1 0 160 -55.84 181.68 0 0 -1 -0.028 1 0 1 0.028 0 15458.dat
1 0 140 -57.44 -118.6 0 1 0 -1 0 -0.028 -0.028 0 1 2780.dat
1 4 160 -67.44 -118.88 0 0 -1 0.028 -1 0 -1 -0.028 0 32316.dat
1 0 160 -77.44 -119.16 0 1 0 -1 0 -0.028 -0.028 0 1 2780.dat
1 0 180 -89.12 -59.44 -1 0 0 0 1 0.028 0 0.028 -1 32140.dat
1 1 180 -79.12 -59.16 0 -1 0 -1 0 0.028 -0.028 0 -1 43093.dat
1 4 180 -69.12 -58.88 0 0 1 0.028 1 0 -1 0.028 0 18654.dat
1 71 190 -48.56 -78.32 1 0 0 0 1 -0.028 0 0.028 1 4274.dat
1 71 190 -54.16 121.68 1 0 0 0 1 -0.028 0 0.028 1 4274.dat
1 0 204 -48.56 -78.32 0 -1 0 1 0 -0.028 0.028 0 1 48729.dat
1 0 204 -54.16 121.68 0 -1 0 1 0 -0.028 0.028 0 1 48729.dat
1 0 -120 -50.8 1.68 0 1 0 1 0 0.028 0.028 0 -1 32278.dat
1 0 -130 -48 -98.32 1 0 0 0 -1 0.028 0 -0.028 -1 2780.dat
1 0 -130 -54.16 121.68 1 0 0 0 -1 0.028 0 -0.028 -1 2780.dat
1 0 -120 -56.96 221.68 0 1 0 -1 0 -0.028 -0.028 0 1 32524.dat
1 0 -130 -57.52 241.68 1 0 0 0 -1 0.028 0 -0.028 -1 2780.dat
1 0 -160 -49.68 -38.32 0 0 1 0.028 1 0 -1 0.028 0 15458.dat
1 0 -140 -52.76 71.68 0 0 1 0.028 1 0 -1 0.028 0 2780.dat
1 0 -180 -52.76 71.68 0 0 1 0.028 1 0 -1 0.028 0 2780.dat
1 0 -160 -55.84 181.68 0 0 1 0.028 1 0 -1 0.028 0 15458.dat
1 0 -140 -57.44 -118.6 0 -1 0 1 0 -0.028 0.028 0 1 2780.dat
1 4 -160 -67.44 -118.88 0 0 1 -0.028 -1 0 1 -0.028 0 32316.dat
1 0 -160 -77.44 -119.16 0 -1 0 1 0 -0.028 0.028 0 1 2780.dat
1 0 -180 -89.12 -59.44 1 0 0 0 -1 0.028 0 -0.028 -1 32140.dat
1 1 -180 -79.12 -59.16 0 1 0 -1 0 -0.028 -0.028 0 1 43093.dat
1 4 -180 -69.12 -58.88 0 0 -1 -0.028 1 0 1 0.028 0 18654.dat
1 71 -190 -48.56 -78.32 -1 0 0 0 1 0.028 0 0.028 -1 4274.dat
1 71 -190 -54.16 121.68 -1 0 0 0 1 0.028 0 0.028 -1 4274.dat
1 0 -204 -48.56 -78.32 0 1 0 -1 0 -0.028 -0.028 0 1 48729.dat
1 0 -204 -54.16 121.68 0 1 0 -1 0 -0.028 -0.028 0 1 48729.dat
1 0 -180 -68.08 261.4 0 0 -1 -1 -0.028 0 -0.028 1 0 2780.dat
1 0 -220 -68.08 261.4 0 0 -1 -1 -0.028 0 -0.028 1 0 2780.dat
1 0 -220 -69.2 301.4 0 0 -1 -1 -0.028 0 -0.028 1 0 2780.dat
1 4 -220 -78.64 281.12 0 0 -1 -1 -0.028 0 -0.028 1 0 11214.dat
1 4 -220 -118.64 280 0 -1 0 -0.028 0 -1 1 0 -0.028 32013.dat
1 0 -220 -118.36 270 0 0 -1 -0.028 1 0 1 0.028 0 2780.dat
1 0 -220 -59.2 301.68 0 0 -1 -0.028 1 0 1 0.028 0 18654.dat
1 0 80 -94.16 120.56 0 -1 0 0.028 0 1 -1 0 0.028 32009.dat
1 14 100 -214.16 117.2 -1 0 0 0 -0.028 1 0 1 0.028 32073.dat
1 0 60 -213.6 97.2 1 0 0 0 0.028 1 0 -1 0.028 42003.dat
1 0 60 -203.6 97.48 0 0 1 1 -0.028 0 0.028 1 0 2780.dat
1 0 60 -203.04 77.48 0 0 1 1 -0.028 0 0.028 1 0 2780.dat
1 0 60 -193.6 97.76 1 0 0 0 0.028 1 0 -1 0.028 42003.dat
1 14 100 -254.16 116.08 -1 0 0 0 -0.028 1 0 1 0.028 32073.dat
1 0 60 -254.16 116.08 -1 0 0 0 0.028 -1 0 -1 -0.028 6536.dat
1 1 70 -174.16 118.32 -1 0 0 0 -0.265232 -0.964176 0 -0.964176 0.265232 43093.dat
1 0 60 -174.16 118.32 0 -1 0 -0.265232 0 0.964176 -0.964176 0 -0.265232 32348.dat
1 0 70 -116.2908 102.3846 -1 0 0 0 -0.964176 0.265232 0 0.265232 0.964176 2780.dat
1 71 100 -91.92 40.56 1 0 0 0 0.028 1 0 -1 0.028 4519.dat
1 0 100 -94.16 120.56 0 1 0 -1 0 -0.028 -0.028 0 1 32278.dat
1 0 120 -94.16 120.56 0 -1 0 0.028 0 1 -1 0 0.028 32009.dat
1 0 100 -254.16 116.08 0 -1 0 0.028 0 1 -1 0 0.028 18654.dat
1 1 130 -174.16 118.32 1 0 0 0 -0.265232 0.964176 0 -0.964176 -0.265232 43093.dat
1 0 130 -116.2908 102.3846 -1 0 0 0 -0.964176 0.265232 0 0.265232 0.964176 2780.dat
1 0 140 -174.16 118.32 0 -1 0 -0.265232 0 0.964176 -0.964176 0 -0.265232 32348.dat
1 0 140 -213.6 97.2 1 0 0 0 0.028 1 0 -1 0.028 42003.dat
1 0 140 -203.6 97.48 0 0 1 1 -0.028 0 0.028 1 0 2780.dat
1 0 140 -203.04 77.48 0 0 1 1 -0.028 0 0.028 1 0 2780.dat
1 0 140 -193.6 97.76 1 0 0 0 0.028 1 0 -1 0.028 42003.dat
1 0 140 -254.16 116.08 -1 0 0 0 0.028 -1 0 -1 -0.028 6536.dat
1 0 180 -68.08 261.4 0 0 1 1 -0.028 0 0.028 1 0 2780.dat
1 0 220 -68.08 261.4 0 0 1 1 -0.028 0 0.028 1 0 2780.dat
1 0 220 -69.2 301.4 0 0 1 1 -0.028 0 0.028 1 0 2780.dat
1 4 220 -78.64 281.12 0 0 -1 -1 -0.028 0 -0.028 1 0 11214.dat
1 4 220 -118.64 280 0 1 0 0.028 0 -1 -1 0 -0.028 32013.dat
1 0 220 -118.36 270 0 0 1 0.028 1 0 -1 0.028 0 2780.dat
1 0 220 -59.2 301.68 0 0 1 0.028 1 0 -1 0.028 0 18654.dat
1 71 0 -146.32 -161.12 0 0 -1 -1 -0.028 0 -0.028 1 0 40490.dat
1 71 80 -147.44 -121.12 -1 0 0 0 1 0.028 0 0.028 -1 32034.dat
1 4 -80 -147.44 -121.12 -1 0 0 0 -1 -0.028 0 -0.028 1 32013.dat
1 0 -90 -145.2 -201.12 -1 0 0 0 -1 -0.028 0 -0.028 1 2780.dat
1 0 -90 -147.44 -121.12 -1 0 0 0 -1 -0.028 0 -0.028 1 2780.dat
1 0 -90 -127.44 -120.56 -1 0 0 0 -1 -0.028 0 -0.028 1 2780.dat
1 0 -90 -107.44 -120 -1 0 0 0 -1 -0.028 0 -0.028 1 2780.dat
1 0 -110 -145.76 -181.12 -1 0 0 0 -1 -0.028 0 -0.028 1 2780.dat
1 0 -110 -146.88 -141.12 -1 0 0 0 -1 -0.028 0 -0.028 1 2780.dat
1 0 -120 -186.32 -162.24 0 1 0 -0.028 0 1 1 0 0.028 60484.dat
1 4 80 -149.12 -61.12 1 0 0 0 0.028 1 0 -1 0.028 6553.dat
1 71 100 -149.12 -61.12 1 0 0 0 0.028 1 0 -1 0.028 4519.dat
1 71 100 -149.12 -61.12 1 0 0 0 -1 0.028 0 -0.028 -1 6536.dat
1 0 90 -145.2 -201.12 -1 0 0 0 -1 -0.028 0 -0.028 1 2780.dat
1 0 90 -107.44 -120 -1 0 0 0 -1 -0.028 0 -0.028 1 2780.dat
1 0 110 -145.76 -181.12 -1 0 0 0 -1 -0.028 0 -0.028 1 2780.dat
1 0 110 -146.88 -141.12 -1 0 0 0 -1 -0.028 0 -0.028 1 2780.dat
1 0 120 -186.32 -162.24 0 -1 0 0.028 0 1 -1 0 0.028 60484.dat
1 0 120 -149.12 -61.12 0 1 0 1 0 0.028 0.028 0 -1 32140.dat
1 71 100 -169.12 -61.68 0 1 0 -0.028 0 1 1 0 0.028 4519.dat
1 71 100 -168 -101.68 0 0.707 -0.707 1 0.019796 0.019796 0.028 -0.707 -0.707 62520.dat
1 71 100 -168 -101.68 -1 0 0 0 -1 -0.028 0 -0.028 1 62520.dat
1 71 100 -168 -101.68 0 0.707 -0.707 1 0.019796 0.019796 0.028 -0.707 -0.707 62519.dat
1 4 50.503 -166.6141 -151.177 0.707 0 -0.707 -0.019796 1 -0.019796 0.707 0.028 0.707 3706.dat
1 0 100 -169.736 -39.68 -1 0 0 0 0.028 -1 0 -1 -0.028 2741.dat
1 0 100 -170.268 -20.68 -1 0 0 0 0.028 -1 0 -1 -0.028 3068.dat
1 1 0 -57.36 -478.88 1 0 0 0 1 -0.028 0 0.028 1 15458.dat
1 0 -40 -56.52 -508.88 0 1 0 0.028 0 -1 -1 0 -0.028 2780.dat
1 0 40 -56.52 -508.88 0 1 0 0.028 0 -1 -1 0 -0.028 2780.dat
1 0 -240 -59.88 -388.88 0 -1 0 0.028 0 1 -1 0 0.028 2780.dat
1 0 -240 -139.88 -391.12 0 -1 0 0.028 0 1 -1 0 0.028 2780.dat
1 4 -240 -59.04 -418.88 1 0 0 0 -0.028 -1 0 1 -0.028 87086.dat
1 0 -220 -49.04 -418.6 0 1 0 1 0 0.028 0.028 0 -1 2780.dat
1 0 -240 -49.04 -418.6 0 1 0 1 0 0.028 0.028 0 -1 2780.dat
1 0 -200 -39.04 -418.32 0 0 -1 0.028 -1 0 -1 -0.028 0 32140.dat
1 0 -260 -49.04 -418.6 0 0 -1 -1 -0.028 0 -0.028 1 0 2780.dat
1 0 -260 -48.48 -438.6 0 0 -1 -1 -0.028 0 -0.028 1 0 2780.dat
1 0 -260 -60.16 -378.88 -1 0 0 0 1 0.028 0 0.028 -1 11947.dat
1 4 -220 -99.04 -420 0 1 0 -1 0 -0.028 -0.028 0 1 32062.dat
1 0 -220 -129.04 -420.84 -1 0 0 0 0.028 -1 0 -1 -0.028 32015.dat
1 71 -220 -145.3817 -384.3136 0 -1 0 -0.408872 0 -0.913276 0.913276 0 -0.408872 4519.dat
1 4 -220 -94.04 -419.86 0 0 1 0.028 1 0 -1 0.028 0 41677.dat
1 4 -220 -84.04 -419.58 0 0 1 0.028 1 0 -1 0.028 0 41677.dat
1 0 -200 -69.04 -419.16 0 0 1 -1 0.028 0 -0.028 -1 0 3705.dat
1 71 -200 -104.04 -420.14 0 1 0 0.028 0 -1 -1 0 -0.028 32123.dat
1 71 -200 -74.04 -419.3 0 1 0 0.028 0 -1 -1 0 -0.028 32123.dat
1 71 -200 -59.04 -418.88 0 1 0 0.028 0 -1 -1 0 -0.028 3713.dat
1 4 -220 -147.4251 -379.7472 1 0 0 0 -0.408872 -0.913276 0 0.913276 -0.408872 41677.dat
1 4 -220 -151.5108 -370.6163 1 0 0 0 -0.408872 -0.913276 0 0.913276 -0.408872 41677.dat
1 4 -220 -163.6455 -392.484 0 0 1 -0.408872 -0.913276 0 0.913276 -0.408872 0 32062.dat
1 71 -220 -143.3394 -388.879 0 1 0 -0.913276 0 -0.408872 -0.408872 0 0.913276 32123.dat
