0 
0 Name: New Model.ldr
0 Author: 
1 7 410 48 -130 0 0 -1 0 1 0 1 0 0 3032.dat
1 0 390 56 -90 1 0 0 0 1 0 0 0 1 2654.dat
1 0 430 56 -90 1 0 0 0 1 0 0 0 1 2654.dat
1 0 390 56 -170 1 0 0 0 1 0 0 0 1 2654.dat
1 0 430 56 -170 1 0 0 0 1 0 0 0 1 2654.dat
1 0 410 40 -90 -1 0 0 0 1 0 0 0 -1 3730.dat
1 0 410 40 -150 0 0 -1 0 1 0 1 0 0 3020.dat
1 8 410 16 -110 0 0 1 0 1 0 -1 0 0 4854.dat
1 14 410 32 -160 -1 0 0 0 1 0 0 0 -1 2342.dat
1 14 380 8 -110 0 0 -1 0 1 0 1 0 0 2431.dat
1 14 440 8 -110 0 0 -1 0 1 0 1 0 0 2431.dat
1 0 428 8 -160 0 -1 0 1 0 0 0 0 1 4592.dat
1 14 430 8 -160 0 -0.139173 0.990268 1 0 0 0 0.990268 0.139173 4593.dat
1 0 392 8 -160 0 1 0 -1 0 0 0 0 1 4592.dat
1 14 390 8 -160 0 0.139173 -0.990268 -1 0 0 0 0.990268 0.139173 4593.dat
1 0 410 8 -86 1 0 0 0 0 1 0 -1 0 3003.dat
1 0 410 8 -62 1 0 0 0 0 1 0 -1 0 3003.dat
1 46 400 8 -120 1 0 0 0 1 0 0 0 1 4589.dat
1 46 420 8 -120 1 0 0 0 1 0 0 0 1 4589.dat
1 7 410 48 0 1 0 0 0 1 0 0 0 1 3031.dat
1 0 390 56 20 1 0 0 0 1 0 0 0 1 2654.dat
1 0 430 56 20 1 0 0 0 1 0 0 0 1 2654.dat
1 0 390 56 -20 1 0 0 0 1 0 0 0 1 2654.dat
1 0 430 56 -20 1 0 0 0 1 0 0 0 1 2654.dat
1 0 410 40 -20 1 0 0 0 1 0 0 0 1 3731.dat
1 0 410 40 20 -1 0 0 0 1 0 0 0 -1 3730.dat
1 8 410 16 0 0 0 1 0 1 0 -1 0 0 4854.dat
1 0 410 8 0 0 0 -1 0 1 0 1 0 0 3001.dat
1 14 380 8 0 0 0 -1 0 1 0 1 0 0 2431.dat
1 14 440 8 0 0 0 -1 0 1 0 1 0 0 2431.dat
1 7 410 48 110 0 0 -1 0 1 0 1 0 0 3031.dat
1 0 390 56 90 0 0 -1 0 1 0 1 0 0 2654.dat
1 0 390 56 130 0 0 -1 0 1 0 1 0 0 2654.dat
1 0 430 56 90 0 0 -1 0 1 0 1 0 0 2654.dat
1 0 430 56 130 0 0 -1 0 1 0 1 0 0 2654.dat
1 0 410 40 130 0 0 -1 0 1 0 1 0 0 3022.dat
1 0 410 40 90 1 0 0 0 1 0 0 0 1 3731.dat
1 8 410 16 110 0 0 -1 0 1 0 1 0 0 4854.dat
1 0 410 8 90 0 0 -1 0 1 0 1 0 0 3003.dat
1 14 440 8 80 0 0 -1 0 1 0 1 0 0 4085.dat
1 14 440 8 100 0 0 -1 0 1 0 1 0 0 4085.dat
1 14 380 8 100 0 0 1 0 1 0 -1 0 0 4085.dat
1 14 380 8 80 0 0 1 0 1 0 -1 0 0 4085.dat
1 14 410 8 120 -1 0 0 0 1 0 0 0 -1 2431.dat
1 14 440 8 140 0 0 -1 0 1 0 1 0 0 4085.dat
1 14 380 8 140 0 0 1 0 1 0 -1 0 0 4085.dat
1 0 420 8 140 -1 0 0 0 1 0 0 0 -1 4070.dat
1 0 400 8 140 -1 0 0 0 1 0 0 0 -1 4070.dat
1 0 400 18 154 1 0 0 0 0 1 0 -1 0 2555.dat
1 7 420 20 162 0 0 -1 1 0 0 0 -1 0 750.dat
1 7 400 11 160 0 0 -1 0 -1 0 -1 0 0 750.dat
1 7 400 11 160 0 0 1 0 1 0 1 0 0 755.dat
1 7 400 17.9537 160 -0.0687 0 0.9976 0 1 0 0.9976 0 0.0687 756.dat
1 7 400 20.274 160 -0.1089 0 0.9941 0 1 0 0.9941 0 0.1089 756.dat
1 7 400 22.6007 160 -0.149 0 0.9888 0 1 0 0.9888 0 0.149 756.dat
1 7 400.0014 24.9221 159.9997 -0.1888 0.0005 0.982 0.0002 1 -0.0004 0.982 -0.0001 0.1888 756.dat
1 7 400.1059 27.2571 159.9774 -0.2283 0.035 0.973 0.0153 0.9994 -0.0324 0.9735 -0.0075 0.2287 756.dat
1 7 400.3558 29.5675 159.9356 -0.2659 0.0913 0.9597 0.0395 0.9957 -0.0838 0.9632 -0.0157 0.2684 756.dat
1 7 400.7319 31.8586 159.8932 -0.3022 0.1461 0.942 0.0617 0.9891 -0.1336 0.9512 -0.0177 0.3079 756.dat
1 7 401.2299 34.1236 159.8683 -0.3375 0.1993 0.92 0.0805 0.9799 -0.1828 0.9379 -0.0123 0.3468 756.dat
1 7 401.848 36.3752 159.8823 -0.373 0.2504 0.8934 0.0947 0.9681 -0.2318 0.923 0.0019 0.3848 756.dat
1 7 402.5727 38.5699 159.9626 -0.409 0.2991 0.8621 0.1025 0.9538 -0.2824 0.9068 0.0272 0.4208 756.dat
1 7 403.406 40.7346 160.1439 -0.4476 0.3452 0.8249 0.1019 0.9362 -0.3364 0.8884 0.0665 0.4542 756.dat
1 7 404.3317 42.8339 160.4723 -0.4905 0.3875 0.7805 0.0898 0.9134 -0.397 0.8668 0.1246 0.4829 756.dat
1 7 405.3447 44.8725 161.0124 -0.5414 0.4236 0.7263 0.0626 0.8818 -0.4675 0.8385 0.2076 0.5039 756.dat
1 7 406.4018 46.7788 161.8381 -0.6034 0.4479 0.6598 0.0162 0.8341 -0.5514 0.7973 0.322 0.5105 756.dat
1 7 407.4462 48.4832 163.0314 -0.6798 0.4504 0.5788 -0.0509 0.7584 -0.6498 0.7316 0.4712 0.4926 756.dat
1 7 408.3894 49.8897 164.6393 -0.7677 0.4173 0.4863 -0.1299 0.6418 -0.7558 0.6274 0.6434 0.4385 756.dat
1 7 409.1381 50.9213 166.6115 -0.8523 0.3435 0.3944 -0.1966 0.4883 -0.8502 0.4847 0.8022 0.3486 756.dat
1 7 409.6396 51.5672 168.797 -0.916 0.246 0.317 -0.2294 0.3272 -0.9167 0.3293 0.9124 0.2433 756.dat
1 7 409.9235 51.9134 171.0958 -0.9549 0.1498 0.2565 -0.2271 0.1886 -0.9554 0.1915 0.9706 0.1461 756.dat
1 7 410.0268 52.0325 173.4169 -0.9757 0.0686 0.2082 -0.2024 0.0826 -0.9758 0.0841 0.9942 0.0667 756.dat
1 7 410.0118 51.9888 175.7312 -0.986 0.0108 0.1661 -0.1661 0.0044 -0.9861 0.0114 0.9999 0.0025 756.dat
1 7 410.0581 51.8152 178.0705 -0.992 0.0179 0.1249 -0.1257 -0.0569 -0.9904 0.0106 0.9982 -0.0587 756.dat
1 7 410.1624 51.4814 180.3596 -0.9958 0.039 0.0829 -0.0872 -0.1243 -0.9884 0.0282 0.9915 -0.1272 756.dat
1 7 410.3256 50.9592 182.6252 -0.9973 0.0632 0.0385 -0.0506 -0.2019 -0.9781 0.0541 0.9774 -0.2046 756.dat
1 7 410.5557 50.2227 184.8217 -0.9958 0.0911 -0.0089 -0.018 -0.291 -0.9565 0.0897 0.9524 -0.2915 756.dat
1 7 410.8625 49.2411 186.9218 -0.9906 0.1226 -0.0607 0.0079 -0.3919 -0.92 0.1366 0.9118 -0.3873 756.dat
1 7 411.2507 47.9988 188.8559 -0.9805 0.1571 -0.1178 0.0233 -0.5025 -0.8643 0.195 0.8502 -0.489 756.dat
1 7 411.721 46.4937 190.544 -0.9642 0.1936 -0.1811 0.0232 -0.619 -0.785 0.2641 0.7612 -0.5924 756.dat
1 7 412.2784 44.7102 191.9526 -0.9401 0.2293 -0.2524 0.0037 -0.7333 -0.6799 0.3409 0.6401 -0.6885 756.dat
1 7 412.9037 42.7092 192.986 -0.9075 0.2603 -0.3297 -0.038 -0.8326 -0.5526 0.4183 0.489 -0.7655 756.dat
1 7 413.577 40.5547 193.607 -0.867 0.283 -0.4101 -0.1002 -0.9053 -0.4129 0.4881 0.3169 -0.8132 756.dat
1 7 414.269 38.3401 193.8018 -0.8204 0.2955 -0.4894 -0.1775 -0.9454 -0.2733 0.5435 0.1374 -0.8281 756.dat
1 7 414.9611 36.1257 193.5953 -0.7697 0.2982 -0.5645 -0.2635 -0.9538 -0.1445 0.5815 -0.0375 -0.8127 756.dat
1 7 415.638 33.9593 193.0242 -0.7167 0.2924 -0.6332 -0.352 -0.9354 -0.0336 0.6021 -0.1988 -0.7733 756.dat
1 7 416.2796 31.9065 192.1342 -0.663 0.2804 -0.6941 -0.4386 -0.8969 0.0566 0.6067 -0.3419 -0.7176 756.dat
1 7 416.8767 29.9957 190.9697 -0.6094 0.2638 -0.7477 -0.5212 -0.8439 0.127 0.5975 -0.4672 -0.6518 756.dat
1 7 417.4305 28.2234 189.5569 -0.5558 0.2439 -0.7947 -0.5991 -0.7803 0.1795 0.5763 -0.5759 -0.5798 756.dat
1 7 417.9362 26.6053 187.9316 -0.5028 0.2221 -0.8354 -0.6704 -0.7103 0.2147 0.5457 -0.668 -0.506 756.dat
1 7 418.376 25.1978 186.1663 -0.4515 0.1989 -0.8698 -0.7347 -0.6361 0.2359 0.5064 -0.7455 -0.4333 756.dat
1 7 418.7686 23.9415 184.2302 -0.4006 0.1749 -0.8994 -0.7922 -0.5593 0.2441 0.4604 -0.8103 -0.3626 756.dat
1 7 419.1008 22.8786 182.1973 -0.3514 0.1508 -0.924 -0.8421 -0.4822 0.2415 0.4091 -0.863 -0.2964 756.dat
1 7 419.3785 21.9899 180.0697 -0.3034 0.1269 -0.9444 -0.8847 -0.4056 0.2297 0.3539 -0.9052 -0.2353 756.dat
1 7 419.6021 21.2745 177.8705 -0.2566 0.1033 -0.961 -0.9202 -0.3303 0.2102 0.2957 -0.9382 -0.1799 756.dat
1 7 419.7766 20.7159 175.5937 -0.2107 0.0807 -0.9742 -0.9485 -0.2579 0.1838 0.2364 -0.9628 -0.1309 756.dat
1 7 419.8981 20.327 173.3193 -0.1668 0.0592 -0.9842 -0.97 -0.1891 0.153 0.177 -0.9802 -0.0889 756.dat
1 7 419.9741 20.0839 171.0073 -0.1238 0.0387 -0.9915 -0.9853 -0.1236 0.1182 0.1179 -0.9916 -0.0534 756.dat
1 7 420.0064 19.9805 168.6763 -0.0818 0.0195 -0.9965 -0.9948 -0.0619 0.0804 0.0601 -0.9979 -0.0244 756.dat
1 7 420.0021 19.9942 166.3442 -0.0408 0.003 -0.9992 -0.9991 -0.0092 0.0407 0.009 -1 -0.0033 756.dat
1 7 420.0149 19.9541 162.0002 0 -0.003 -1 -1 0.0092 0 0.0092 1 -0.003 755.dat
1 8 420 -16.046 110 0 0 -1 0 1 0 1 0 0 3037.dat
1 8 400 -16.046 110 0 0 1 0 1 0 -1 0 0 3037.dat
1 0 360 15.954 100 0 0 -1 0 1 0 1 0 0 55300.dat
1 0 360 15.954 80 0 0 -1 0 1 0 1 0 0 55295.dat
1 0 360 7.954 140 0.981627 0 0.190809 0 1 0 -0.190809 0 0.981627 55297.dat
1 0 460 15.954 80 0 0 1 0 1 0 -1 0 0 55299.dat
1 0 460 15.954 100 0 0 -1 0 1 0 1 0 0 55298.dat
1 0 460 7.954 140 0.978148 0 -0.207912 0 1 0 0.207912 0 0.978148 55296.dat
