0 
0 Name: New Model.ldr
0 Author: 
1 0 250.981 -67 -383.981 -0.946 0 0.326 0 1 0 -0.326 0 -0.946 2456.dat
1 0 241.201 -67 -355.601 -0.946 0 0.326 0 1 0 -0.326 0 -0.946 3010.dat
1 0 260.761 -67 -412.361 -0.946 0 0.326 0 1 0 -0.326 0 -0.946 3010.dat
1 4 229.121 -75 -412.681 -0.326 0 -0.946 0 1 0 0.946 0 -0.326 3023.dat
1 4 219.341 -75 -384.301 -0.326 0 -0.946 0 1 0 0.946 0 -0.326 2420.dat
1 4 307.741 -75 -364.421 0.946 0 -0.326 0 1 0 0.326 0 0.946 3035.dat
1 4 206.941 -75 -409.741 0.946 0 -0.326 0 1 0 0.326 0 0.946 3070.dat
1 0 364.501 -67 -344.861 0.946 0 -0.326 0 1 0 0.326 0 0.946 3003.dat
1 0 317.521 -83 -392.801 0.946 0 -0.326 0 1 0 0.326 0 0.946 3069.dat
1 0 291.761 -83 -348.761 0.326 0 0.946 0 1 0 -0.946 0 0.326 3069.dat
1 0 225.541 -83 -371.581 0.326 0 0.946 0 1 0 -0.946 0 0.326 3068.dat
1 0 238.581 -83 -409.421 0.326 0 0.946 0 1 0 -0.946 0 0.326 3068.dat
1 0 355.361 -99 -379.761 -0.946 0 0.326 0 1 0 -0.326 0 -0.946 3004.dat
1 0 279.681 -99 -405.841 -0.946 0 0.326 0 1 0 -0.326 0 -0.946 3004.dat
1 0 311.001 -99 -373.881 -0.946 0 0.326 0 1 0 -0.326 0 -0.946 3004.dat
1 0 260.441 -99 -380.721 -0.326 0 -0.946 0 1 0 0.946 0 -0.326 4865.dat
1 0 260.121 -99 -349.081 -0.946 0 0.326 0 1 0 -0.326 0 -0.946 3004.dat
1 0 326.341 -99 -326.261 -0.946 0 0.326 0 1 0 -0.326 0 -0.946 3622.dat
1 7 358.301 -83 -357.581 -0.946 0 0.326 0 1 0 -0.326 0 -0.946 3024.dat
1 4 358.301 -107 -357.581 -0.946 0 0.326 0 1 0 -0.326 0 -0.946 6541.dat
1 7 355.041 -97 -348.121 -0.326 0 -0.946 0 1 0 0.946 0 -0.326 3673.dat
1 16 351.781 -97 -338.661 -0.03311 -0.945054 0.326 -0.999 0.035 0 -0.01141 -0.325674 -0.946 4255.dat
1 0 261.0593 -93.4307 -369.9245 -0.03311 -0.945054 0.326 -0.999 0.035 0 -0.01141 -0.325674 -0.946 4254.dat
1 0 380.481 -99 -360.521 -0.326 0 -0.946 0 1 0 0.946 0 -0.326 3660.dat
1 0 367.441 -99 -322.681 -0.326 0 -0.946 0 1 0 0.946 0 -0.326 3660.dat
1 0 250.661 -107 -352.341 -0.946 0 0.326 0 1 0 -0.326 0 -0.946 60897.dat
1 4 297.961 -107 -336.041 -0.946 0 0.326 0 1 0 -0.326 0 -0.946 3710.dat
1 0 270.221 -107 -409.101 0.946 0 -0.326 0 1 0 0.326 0 0.946 60897.dat
1 4 383.741 -107 -369.981 -0.326 0 -0.946 0 1 0 0.946 0 -0.326 2420.dat
1 4 364.181 -107 -313.221 -0.946 0 0.326 0 1 0 -0.326 0 -0.946 2420.dat
1 4 314.261 -107 -383.341 -0.946 0 0.326 0 1 0 -0.326 0 -0.946 3020.dat
1 0 297.961 -115 -336.041 -0.946 0 0.326 0 1 0 -0.326 0 -0.946 3710.dat
1 0 317.521 -115 -392.801 0.946 0 -0.326 0 1 0 0.326 0 0.946 3710.dat
1 0 355.041 -115 -348.121 0.326 0 0.946 0 1 0 -0.946 0 0.326 3710.dat
1 4 250.661 -115 -352.341 -0.326 0 -0.946 0 1 0 0.946 0 -0.326 6141.dat
1 4 270.221 -115 -409.101 -0.326 0 -0.946 0 1 0 0.946 0 -0.326 6141.dat
1 4 392.881 -107 -335.081 -0.326 0 -0.946 0 1 0 0.946 0 -0.326 4315.dat
1 0 420.7776 -121.764 -325.4676 -0.326 0.620576 -0.71423 0 0.755 0.656 0.946 0.213856 -0.24613 2873.dat
1 0 250.661 -123 -352.341 -0.946 0 0.326 0 1 0 -0.326 0 -0.946 60897.dat
1 0 270.221 -123 -409.101 0.946 0 -0.326 0 1 0 0.326 0 0.946 60897.dat
1 0 345.261 -123 -319.741 -0.946 0 0.326 0 1 0 -0.326 0 -0.946 60897.dat
1 0 364.821 -123 -376.501 0.946 0 -0.326 0 1 0 0.326 0 0.946 60897.dat
1 0 355.041 -123 -348.121 -0.326 0 -0.946 0 1 0 0.946 0 -0.326 3023.dat
1 0 297.961 -123 -336.041 -0.946 0 0.326 0 1 0 -0.326 0 -0.946 4315.dat
1 0 317.521 -123 -392.801 0.946 0 -0.326 0 1 0 0.326 0 0.946 4315.dat
1 0 294.701 -95 -326.581 0.946 -0.326 0 0 0 -1 0.326 0.946 0 2873.dat
1 0 320.781 -95 -402.261 -0.946 0.326 0 0 0 -1 -0.326 -0.946 0 2873.dat
1 0 203.681 -123 -400.281 -0.326 0 -0.946 0 1 0 0.946 0 -0.326 30055.dat
1 0 203.681 -131 -400.281 -0.326 0 -0.946 0 1 0 0.946 0 -0.326 3710.dat
1 0 203.681 -155 -400.281 -0.326 0 -0.946 0 1 0 0.946 0 -0.326 3010.dat
1 0 307.741 -131 -364.421 0.946 0 -0.326 0 1 0 0.326 0 0.946 3032.dat
1 0 269.901 -139 -377.461 -0.326 0 -0.946 0 1 0 0.946 0 -0.326 u8200.dat
1 0 269.901 -147 -377.461 -0.326 0 -0.946 0 1 0 0.946 0 -0.326 u8200.dat
1 0 393.201 -131 -366.721 -0.946 0 0.326 0 1 0 -0.326 0 -0.946 4865.dat
1 0 373.641 -131 -309.961 0.946 0 -0.326 0 1 0 0.326 0 0.946 4865.dat
1 7 228.801 -131 -381.041 -0.946 0 0.326 0 1 0 -0.326 0 -0.946 4345.dat
1 2 228.801 -131 -381.041 -0.946 0 0.326 0 1 0 -0.326 0 -0.946 4346.dat
1 334 233.531 -95 -379.411 -0.946 0 0.326 0 1 0 -0.326 0 -0.946 70501a.dat
1 334 223.125 -99 -382.997 -0.871266 0.369886 0.326 0.391 0.921 0 -0.300246 0.127466 -0.946 70501b.dat
1 334 236.369 -104 -378.433 -0.745448 -0.582736 0.326 -0.616 0.788 0 -0.256888 -0.200816 -0.946 70501c.dat
1 0 215.761 -111 -343.201 -0.946 0 0.326 0 1 0 -0.326 0 -0.946 6016.dat
1 0 248.361 -111 -437.801 -0.946 0 0.326 0 1 0 -0.326 0 -0.946 6016.dat
1 0 250.981 -155 -383.981 -0.946 0 0.326 0 1 0 -0.326 0 -0.946 3031.dat
1 4 250.981 -163 -383.981 -0.946 0 0.326 0 1 0 -0.326 0 -0.946 2460.dat
1 0 316.881 -155 -329.521 -0.946 0 0.326 0 1 0 -0.326 0 -0.946 3633.dat
1 0 336.441 -155 -386.281 0.946 0 -0.326 0 1 0 0.326 0 0.946 3633.dat
1 7 364.501 -43 -344.861 0.946 0 -0.326 0 1 0 0.326 0 0.946 3679.dat
1 0 241.521 -43 -387.241 0.326 0 0.946 0 1 0 -0.946 0 0.326 2926.dat
1 0 250.981 -187 -383.981 -0.326 0 -0.946 0 1 0 0.946 0 -0.326 4733.dat
1 0 250.981 -195 -383.981 -0.326 0 -0.946 0 1 0 0.946 0 -0.326 2555.dat
1 0 245.113 -177 -366.953 0 0.326 -0.946 1 0 0 0 -0.946 -0.326 2555.dat
1 0 256.849 -177 -401.009 0 -0.326 -0.946 -1 0 0 0 0.946 -0.326 2555.dat
1 8 283.925 -177 -387.445 0 -0.326 0.946 1 0 0 0 0.946 0.326 30141.dat
1 8 274.797 -177 -360.957 0 0.326 0.946 -1 0 0 0 -0.946 0.326 30141.dat
1 8 279.361 -191 -374.201 0.326 0 0.946 0 1 0 -0.946 0 0.326 30141.dat
1 0 225.221 -38 -339.941 -0.946 0 0.326 0 1 0 -0.326 0 -0.946 4489.dat
1 0 257.821 -38 -434.541 0.946 0 -0.326 0 1 0 0.326 0 0.946 4489.dat
1 8 328.7599 -143 -301.5216 -0.069902 -0.99827 0 0 0 -1 0.99827 -0.069902 0 30141.dat
1 0 364.501 -43 -344.861 -0.55993 0 -0.829402 0 1 0 0.829402 0 -0.55993 4508.dat
1 4 364.501 -35 -344.861 -0.55993 0 -0.829402 0 1 0 0.829402 0 -0.55993 3022.dat
1 0 364.501 -35 -344.861 -0.55993 0 -0.829402 0 1 0 0.829402 0 -0.55993 6157.dat
1 0 446.4211 -52.63 -289.5567 -0.821108 0.115287 0.55993 0.139 0.99 0 -0.554331 0.07783 -0.829402 4504.dat
1 0 520.9627 -62.453 -239.2336 -0.55993 0 -0.829402 0 1 0 0.829402 0 -0.55993 4507.dat
1 6 498.5655 -86.453 -206.0575 -0.55993 0 -0.829402 0 1 0 0.829402 0 -0.55993 3004.dat
1 6 543.3599 -86.453 -272.4096 -0.55993 0 -0.829402 0 1 0 0.829402 0 -0.55993 3004.dat
1 6 498.5655 -54.453 -206.0575 -0.55993 0 -0.829402 0 1 0 0.829402 0 -0.55993 4493.dat
1 6 543.3599 -54.453 -272.4096 -0.55993 0 -0.829402 0 1 0 0.829402 0 -0.55993 4494.dat
1 0 343.2237 -30 -313.3437 -0.829402 0 0.55993 0 1 0 -0.55993 0 -0.829402 2470.dat
1 0 385.7784 -30 -376.3783 0.829402 0 -0.55993 0 1 0 0.55993 0 0.829402 2470.dat
1 6 571.5596 -74.453 -253.372 -0.55993 -0.718262 -0.414701 0 0.5 -0.866 0.829402 -0.484899 -0.279965 4492.dat
1 8 361.8794 -143 -398.6794 -0.326 -0.946 0 0 0 -1 0.946 -0.326 0 30141.dat
