0 
0 Name: New Model.ldr
0 Author: 
1 0 -264.378 -32 -176.34 0.866 0 0.5 0 1 0 -0.5 0 0.866 3795.dat
1 0 -316.338 -32 -146.34 -0.5 0 0.866 0 1 0 -0.866 0 -0.5 6157.dat
1 0 -212.418 -32 -206.34 -0.5 0 0.866 0 1 0 -0.866 0 -0.5 6157.dat
1 1 -329.998 -32 -150 -0.5 0 0.866 0 1 0 -0.866 0 -0.5 6141.dat
1 1 -319.998 -32 -132.68 -0.5 0 0.866 0 1 0 -0.866 0 -0.5 6141.dat
1 1 -198.758 -32 -202.68 -0.5 0 0.866 0 1 0 -0.866 0 -0.5 6141.dat
1 1 -208.758 -32 -220 -0.5 0 0.866 0 1 0 -0.866 0 -0.5 6141.dat
1 7 -307.678 -40 -151.34 -0.866 0 -0.5 0 1 0 0.5 0 -0.866 3021.dat
1 7 -229.738 -40 -196.34 -0.866 0 -0.5 0 1 0 0.5 0 -0.866 3022.dat
1 7 -203.758 -40 -211.34 0.5 0 -0.866 0 1 0 0.866 0 0.5 2540.dat
1 2 -264.378 -40 -176.34 0.5 0 -0.866 0 1 0 0.866 0 0.5 3020.dat
1 7 -247.058 -48 -186.34 0.5 0 -0.866 0 1 0 0.866 0 0.5 3022.dat
1 4 -316.338 -64 -146.34 0.866 0 0.5 0 1 0 -0.5 0 0.866 4871.dat
1 4 -212.418 -64 -206.34 0.866 0 0.5 0 1 0 -0.5 0 0.866 4871.dat
1 4 -270.718 -64 -207.32 0.5 0 -0.866 0 1 0 0.866 0 0.5 3665.dat
1 4 -240.718 -64 -155.36 0.5 0 -0.866 0 1 0 0.866 0 0.5 3665.dat
1 4 -258.038 -64 -145.36 -0.5 0 0.866 0 1 0 -0.866 0 -0.5 3665.dat
1 4 -288.038 -64 -197.32 -0.5 0 0.866 0 1 0 -0.866 0 -0.5 3665.dat
1 15 -229.738 -72 -196.34 -0.5 0 0.866 0 1 0 -0.866 0 -0.5 3003.dat
1 1 -255.718 -56 -181.34 0.5 0 -0.866 0 1 0 0.866 0 0.5 3829.dat
1 4 -337.318 -56 -122.68 0.866 0 0.5 0 1 0 -0.5 0 0.866 2420.dat
1 15 -203.758 -56 -211.34 -0.5 0 0.866 0 1 0 -0.866 0 -0.5 3023.dat
1 4 -347.318 -56 -140 -0.5 0 0.866 0 1 0 -0.866 0 -0.5 2420.dat
1 7 -307.678 -56 -151.34 -0.5 0 0.866 0 1 0 -0.866 0 -0.5 3023.dat
1 36 -357.318 -64 -157.32 -0.5 0 0.866 0 1 0 -0.866 0 -0.5 3024.dat
1 36 -327.318 -64 -105.36 -0.5 0 0.866 0 1 0 -0.866 0 -0.5 3024.dat
1 7 -203.758 -64 -211.34 -0.5 0 0.866 0 1 0 -0.866 0 -0.5 3023.dat
1 15 -236.078 -72 -227.32 -0.866 0 -0.5 0 1 0 0.5 0 -0.866 3623.dat
1 15 -206.078 -72 -175.36 -0.866 0 -0.5 0 1 0 0.5 0 -0.866 3623.dat
1 15 -314.018 -72 -182.32 -0.866 0 -0.5 0 1 0 0.5 0 -0.866 3666.dat
1 15 -284.018 -72 -130.36 -0.866 0 -0.5 0 1 0 0.5 0 -0.866 3666.dat
1 15 -203.758 -72 -211.34 0.5 0 -0.866 0 1 0 0.866 0 0.5 2436.dat
1 46 -199.706 -61 -248.32 0 -0.866 0.5 1 0 0 0 0.5 0.866 3070.dat
1 46 -169.706 -61 -196.36 0 -0.866 0.5 1 0 0 0 0.5 0.866 3070.dat
1 4 -184.706 -62 -222.34 -0.5 -0.866 0 0 0 1 -0.866 0.5 0 2412.dat
1 15 -253.398 -80 -217.32 0.5 0 -0.866 0 1 0 0.866 0 0.5 2420.dat
1 15 -223.398 -80 -165.36 -0.866 0 -0.5 0 1 0 0.5 0 -0.866 2420.dat
1 15 -212.418 -80 -206.34 -0.866 0 -0.5 0 1 0 0.5 0 -0.866 3068.dat
1 14 -307.678 -120 -151.34 0.5 0 -0.866 0 1 0 0.866 0 0.5 4083.dat
1 41 -255.718 -128 -181.34 0.5 0 -0.866 0 1 0 0.866 0 0.5 3823.dat
1 15 -305.946 -140 -152.34 0.5 -0.866 0 0 0 -1 0.866 0.5 0 6019.dat
1 46 -299.018 -140.0001 -156.34 0.5 -0.866 -0.000023 0 0.000026 -1 0.866 0.5 0.000013 6141.dat
1 15 -336.338 -28 -180.98 0.866 0 0.5 0 1 0 -0.5 0 0.866 6014.dat
1 0 -338.838 -28 -185.31 0.866 0 0.5 0 1 0 -0.5 0 0.866 6015.dat
1 15 -232.418 -28 -240.98 0.866 0 0.5 0 1 0 -0.5 0 0.866 6014.dat
1 0 -234.918 -28 -245.31 0.866 0 0.5 0 1 0 -0.5 0 0.866 6015.dat
1 15 -192.418 -28 -171.7 -0.866 0 -0.5 0 1 0 0.5 0 -0.866 6014.dat
1 0 -189.9175 -28 -167.3691 -0.866 0 -0.5 0 1 0 0.5 0 -0.866 6015.dat
1 15 -296.338 -28 -111.7 -0.866 0 -0.5 0 1 0 0.5 0 -0.866 6014.dat
1 0 -293.8375 -28 -107.3691 -0.866 0 -0.5 0 1 0 0.5 0 -0.866 6015.dat
1 4 -324.998 -88 -141.34 0.5 0 -0.866 0 1 0 0.866 0 0.5 3135.dat
