0 
0 Name: New Model.ldr
0 Author: 
1 33 -270 -256 250 0 0 1 0 1 0 -1 0 0 6141.dat
1 14 -250 -256 180 0 0 1 0 1 0 -1 0 0 4162.dat
1 14 -190 -256 180 0 0 1 0 1 0 -1 0 0 4162.dat
1 14 -220 -256 180 -1 0 0 0 1 0 0 0 -1 3068.dat
1 0 -169.993 -256 180 0 0 -1 0 1 0 1 0 0 3666.dat
1 0 -269.993 -256 180 0 0 -1 0 1 0 1 0 0 3666.dat
1 0 -269.993 -264 170 0 0 -1 0 1 0 1 0 0 3623.dat
1 0 -269.993 -264 130 0 0 -1 0 1 0 1 0 0 3070.dat
1 0 -169.993 -264 130 0 0 -1 0 1 0 1 0 0 3070.dat
1 0 -269.993 -264 220 0 0 -1 0 1 0 1 0 0 3069.dat
1 0 -169.993 -264 220 0 0 -1 0 1 0 1 0 0 3069.dat
1 0 -169.993 -264 170 0 0 -1 0 1 0 1 0 0 3623.dat
1 15 -219.993 -272 150 1 0 0 0 1 0 0 0 1 3666.dat
1 15 -219.993 -272 180 1 0 0 0 1 0 0 0 1 3795.dat
1 4 -219.993 -280 150 0 0 -1 0 1 0 1 0 0 3021.dat
1 4 -219.993 -296 190 -1 0 0 0 1 0 0 0 -1 3660.dat
1 4 -219.993 -320 210 -1 0 0 0 1 0 0 0 -1 3747.dat
1 4 -249.993 -296 190 1 0 0 0 1 0 0 0 1 4286.dat
1 4 -189.993 -296 190 1 0 0 0 1 0 0 0 1 4286.dat
1 4 -219.993 -320 190 1 0 0 0 1 0 0 0 1 3004.dat
1 4 -249.993 -320 190 -1 0 0 0 1 0 0 0 -1 4070.dat
1 4 -189.993 -320 190 -1 0 0 0 1 0 0 0 -1 4070.dat
1 15 -269.993 -280 170 0 0 1 0 1 0 -1 0 0 4081.dat
1 15 -169.993 -280 170 0 0 -1 0 1 0 1 0 0 4081.dat
1 15 -219.993 -328 250 1 0 0 0 1 0 0 0 1 3794.dat
1 15 -219.993 -328 230 1 0 0 0 1 0 0 0 1 3794.dat
1 15 -229.993 -328 190 0 0 -1 0 1 0 1 0 0 2420.dat
1 15 -209.993 -328 190 1 0 0 0 1 0 0 0 1 2420.dat
1 4 -219.993 -336 300 0 0 1 0 1 0 -1 0 0 3460.dat
1 34 -249.993 -336 190 0 0 1 0 1 0 -1 0 0 3024.dat
1 36 -189.993 -336 190 0 0 1 0 1 0 -1 0 0 3024.dat
1 15 -219.993 -336 190 -1 0 0 0 1 0 0 0 -1 3023.dat
1 15 -219.993 -328 340 0 0 1 0 1 0 -1 0 0 3460.dat
1 0 -219.993 -336 210 -1 0 0 0 1 0 0 0 -1 3839.dat
1 0 -219.993 -344 200 -1 0 0 0 1 0 0 0 -1 3176.dat
1 15 -229.993 -336 400 -1 0 0 0 1 0 0 0 -1 4488.dat
1 15 -249.993 -344 190 0 0 1 0 1 0 -1 0 0 4081.dat
1 15 -189.993 -344 190 0 0 -1 0 1 0 1 0 0 4081.dat
1 15 -149.993 -278 141 0 0 -1 -1 0 0 0 1 0 4589.dat
1 15 -289.993 -278 141 0 0 -1 -1 0 0 0 1 0 4589.dat
1 46 -269.993 -342 177 0 0 -1 -1 0 0 0 1 0 6141.dat
1 46 -169.993 -342 177 0 0 -1 -1 0 0 0 1 0 6141.dat
1 4 -219.993 -352 210 0 0 -1 0 1 0 1 0 0 3021.dat
1 4 -219.993 -360 210 0 0 -1 0 1 0 1 0 0 3021.dat
1 0 -219.993 -344 290 1 0 0 0 1 0 0 0 1 4592.dat
1 4 -219.993 -360 410 1 0 0 0 1 0 0 0 1 3040.dat
1 4 -249.993 -368 190 1 0 0 0 1 0 0 0 1 3005.dat
1 4 -189.993 -368 190 1 0 0 0 1 0 0 0 1 3005.dat
1 4 -219.993 -368 190 1 0 0 0 1 0 0 0 1 3023.dat
1 0 -259.993 -331 400 0 -1 0 0 0 1 -1 0 0 2421.dat
1 36 -219.993 -368 410 1 0 0 0 1 0 0 0 1 6141.dat
1 4 -219.993 -368 220 1 0 0 0 1 0 0 0 1 2460.dat
1 7 -219.993 -396 220 1 0 0 0 1 0 0 0 1 2479.dat
1 4 -219.993 -376 190 1 0 0 0 1 0 0 0 1 4315.dat
1 41 -219.993 -372 175 1 0 0 0 1 0 0 0 1 2483.dat
1 0 -129.993 -404 220 1 0 0 0 1 0 0 0 1 4162.dat
1 0 -309.993 -404 220 1 0 0 0 1 0 0 0 1 4162.dat
1 16 -151.5799 -277.2483 191 -0.706893 0 -0.706893 0.706893 0 -0.706893 0 -1 0 752.dat
1 16 -151.5799 -277.2483 191 -0.706893 0 0.706893 0.706893 0 0.706893 0 1 0 755.dat
1 16 -191.5738 -309.2434 211 -0.706893 0 -0.706893 0.706893 0 -0.706893 0 -1 0 752.dat
1 16 -191.5738 -309.2434 211 -0.706893 0 0.706893 0.706893 0 0.706893 0 1 0 755.dat
1 16 -151.607 -277.27 196.7617 -0.706968 0.015412 -0.706864 0.707029 0.012329 -0.706864 -0.002179 -0.999805 -0.019619 754.dat
1 16 -151.6929 -277.3387 199.283 -0.706762 0.042047 -0.705986 0.707212 0.033638 -0.705986 -0.005939 -0.998549 -0.053526 754.dat
1 16 -151.8467 -277.4617 201.7989 -0.706358 0.069128 -0.704257 0.707574 0.055302 -0.704257 -0.00974 -0.996073 -0.088002 754.dat
1 16 -152.07 -277.6404 204.3062 -0.705739 0.096858 -0.701604 0.708128 0.077486 -0.701604 -0.013595 -0.992275 -0.123311 754.dat
1 16 -152.3714 -277.8815 206.8 -0.704759 0.129148 -0.697377 0.709005 0.103319 -0.697377 -0.018019 -0.986224 -0.164431 754.dat
1 16 -152.7491 -278.1836 209.2768 -0.703625 0.15848 -0.692455 0.71002 0.126784 -0.692456 -0.021955 -0.979182 -0.201794 754.dat
1 16 -153.2023 -278.5462 211.7327 -0.702214 0.188717 -0.68628 0.711283 0.150973 -0.686281 -0.025911 -0.970348 -0.24032 754.dat
1 16 -153.7343 -278.9718 214.1624 -0.700476 0.220302 -0.6786 0.712837 0.176242 -0.678601 -0.029909 -0.959365 -0.280577 754.dat
1 16 -154.346 -279.4612 216.5611 -0.698468 0.251922 -0.669608 0.714634 0.201537 -0.669611 -0.033749 -0.946513 -0.320897 754.dat
1 16 -155.038 -280.0147 218.9237 -0.696171 0.283798 -0.659169 0.716689 0.227038 -0.659171 -0.037426 -0.931597 -0.361561 754.dat
1 16 -155.8112 -280.6333 221.2446 -0.693563 0.316091 -0.647112 0.719023 0.252872 -0.647116 -0.040923 -0.914381 -0.402781 754.dat
1 16 -156.6693 -281.3198 223.5158 -0.690487 0.350374 -0.632585 0.721776 0.280299 -0.63259 -0.044343 -0.893649 -0.44657 754.dat
1 16 -157.6096 -282.0721 225.733 -0.687347 0.382196 -0.617397 0.724586 0.305757 -0.617403 -0.04721 -0.87199 -0.487242 754.dat
1 16 -158.6364 -282.8934 227.8862 -0.683545 0.417461 -0.598489 0.727987 0.333968 -0.598496 -0.049987 -0.845047 -0.53235 754.dat
1 16 -159.7462 -283.7813 229.9708 -0.679814 0.449382 -0.579316 0.731326 0.359505 -0.579323 -0.052086 -0.817748 -0.573215 754.dat
1 16 -160.9444 -284.7399 231.9732 -0.675223 0.485768 -0.554798 0.735436 0.388615 -0.554807 -0.053921 -0.782873 -0.61984 754.dat
1 16 -162.2299 -285.7682 233.8848 -0.670638 0.519547 -0.529163 0.739539 0.415638 -0.529173 -0.055007 -0.746446 -0.663169 754.dat
1 16 -163.6036 -286.8673 235.6924 -0.665479 0.555071 -0.498731 0.744156 0.444057 -0.498742 -0.055389 -0.703248 -0.708784 754.dat
1 16 -165.0639 -288.0355 237.3851 -0.660257 0.588837 -0.465866 0.748831 0.471069 -0.465879 -0.054888 -0.656653 -0.752193 754.dat
1 16 -166.6133 -289.275 238.9417 -0.654345 0.624819 -0.425594 0.754122 0.499855 -0.42561 -0.053209 -0.599627 -0.798509 754.dat
1 16 -167.9798 -290.3682 240.0641 -0.645631 0.67433 -0.357964 0.761923 0.539464 -0.357981 -0.048304 -0.504017 -0.862342 756.dat
1 16 -170.7673 -292.5982 242.0323 -0.636983 -0.720005 0.274852 0.769666 -0.576004 0.274832 -0.039576 0.386724 0.921346 754.dat
1 16 -172.6053 -294.0686 242.9307 -0.631342 -0.748301 0.202859 0.774716 -0.59864 0.202838 -0.030353 0.285304 0.957956 754.dat
1 16 -174.5088 -295.5914 243.5628 -0.626999 -0.769357 0.121069 0.778603 -0.615486 0.121046 -0.018617 0.170212 0.985232 754.dat
1 16 -176.4575 -297.1503 243.8857 -0.624677 -0.780389 0.021662 0.780682 -0.624311 0.021638 -0.003364 0.030437 0.999531 754.dat
1 16 -178.421 -298.7211 243.8461 -0.625846 -0.774873 -0.087101 0.779636 -0.619899 -0.087124 0.01352 -0.12247 0.99238 754.dat
1 16 -180.3546 -300.268 243.4152 -0.631246 -0.748803 -0.201298 0.774801 -0.599042 -0.20132 0.030172 -0.283134 0.958606 754.dat
1 16 -182.2047 -301.7481 242.5798 -0.640877 -0.699839 -0.314962 0.766179 -0.559871 -0.314981 0.044111 -0.443315 0.89528 754.dat
1 16 -183.9177 -303.1185 241.3544 -0.652968 -0.632909 -0.41564 0.755355 -0.506328 -0.415655 0.052638 -0.585541 0.808932 754.dat
1 16 -185.4517 -304.3457 239.7852 -0.665979 -0.551728 -0.501763 0.743708 -0.441382 -0.501774 0.05539 -0.70755 0.704489 754.dat
1 16 -186.7818 -305.4098 237.9327 -0.677092 -0.471305 -0.564906 0.733763 -0.377043 -0.564914 0.053269 -0.797246 0.6013 754.dat
1 16 -187.9118 -306.3138 235.8716 -0.686099 -0.39412 -0.611257 0.725702 -0.315297 -0.611263 0.048199 -0.863238 0.502491 754.dat
1 16 -188.8492 -307.0637 233.6564 -0.693279 -0.319408 -0.645786 0.719277 -0.255527 -0.64579 0.041268 -0.912488 0.407017 754.dat
1 16 -189.6109 -307.6731 231.3317 -0.697802 -0.261562 -0.6666 0.715229 -0.209249 -0.666603 0.034883 -0.942213 0.333192 754.dat
1 16 -190.226 -308.1651 228.9363 -0.701484 -0.202571 -0.683068 0.711935 -0.162057 -0.683069 0.027683 -0.965755 0.257976 754.dat
1 16 -190.701 -308.5452 226.4882 -0.703767 -0.155106 -0.693074 0.709892 -0.124084 -0.693076 0.021507 -0.980068 0.197494 754.dat
1 16 -191.0594 -308.8318 224.0073 -0.705326 -0.111608 -0.699826 0.708497 -0.089286 -0.699826 0.015626 -0.98973 0.142093 754.dat
1 16 -191.3118 -309.0338 221.5049 -0.706278 -0.073286 -0.703916 0.707645 -0.058629 -0.703916 0.010321 -0.995585 0.093297 754.dat
1 16 -191.4708 -309.161 218.9897 -0.706794 -0.03921 -0.706119 0.707185 -0.031367 -0.706119 0.005539 -0.998738 0.049913 754.dat
1 16 -191.5493 -309.2238 216.6149 -0.706969 -0.015199 -0.706868 0.707028 -0.012159 -0.706868 0.002149 -0.99981 0.019348 754.dat
1 16 -288.8743 -276.8191 191 -0.573913 0 0.818876 -0.818876 0 -0.573913 0 -1 0 752.dat
1 16 -288.8743 -276.8191 191 -0.573913 0 -0.818876 -0.818876 0 0.573913 0 1 0 755.dat
1 16 -250.4247 -310.6754 211 -0.573913 0 0.818876 -0.818876 0 -0.573913 0 -1 0 752.dat
1 16 -250.4247 -310.6754 211 -0.573913 0 -0.818876 -0.818876 0 0.573913 0 1 0 755.dat
1 16 -288.8482 -276.8421 196.7617 -0.574034 -0.014817 0.818843 -0.818974 0.013047 -0.57389 -0.002179 -0.999805 -0.019619 754.dat
1 16 -288.7657 -276.9148 199.283 -0.57425 -0.040423 0.817826 -0.818803 0.035594 -0.573177 -0.005939 -0.998549 -0.053526 754.dat
1 16 -288.6178 -277.045 201.7989 -0.574677 -0.066458 0.815822 -0.818467 0.058519 -0.571773 -0.00974 -0.996073 -0.088002 754.dat
1 16 -288.4031 -277.2341 204.3062 -0.575329 -0.093118 0.812749 -0.817954 0.081994 -0.569619 -0.013595 -0.992275 -0.123311 754.dat
1 16 -288.1134 -277.4892 206.8 -0.576364 -0.124162 0.807853 -0.81714 0.109329 -0.566187 -0.018019 -0.986224 -0.164431 754.dat
1 16 -287.7503 -277.8089 209.2768 -0.57756 -0.152361 0.802152 -0.816198 0.134159 -0.562191 -0.021955 -0.979182 -0.201794 754.dat
1 16 -287.3145 -278.1926 211.7327 -0.579049 -0.18143 0.794999 -0.815027 0.159756 -0.557178 -0.025911 -0.970348 -0.24032 754.dat
1 16 -286.8031 -278.6429 214.1624 -0.580881 -0.211795 0.786102 -0.813584 0.186493 -0.550942 -0.029909 -0.959365 -0.280577 754.dat
1 16 -286.215 -279.1608 216.5611 -0.582999 -0.242194 0.775688 -0.811917 0.213261 -0.543642 -0.033749 -0.946513 -0.320897 754.dat
1 16 -285.5498 -279.7466 218.9237 -0.585422 -0.272839 0.763594 -0.810011 0.240244 -0.535166 -0.037426 -0.931597 -0.361561 754.dat
1 16 -284.8065 -280.4011 221.2446 -0.588172 -0.303885 0.749629 -0.807846 0.267582 -0.525377 -0.040923 -0.914381 -0.402781 754.dat
1 16 -283.9814 -281.1275 223.5158 -0.591417 -0.336845 0.732801 -0.805292 0.296604 -0.513583 -0.044343 -0.893649 -0.44657 754.dat
1 16 -283.0774 -281.9235 225.733 -0.59473 -0.367438 0.715208 -0.802686 0.323543 -0.501252 -0.04721 -0.87199 -0.487242 754.dat
1 16 -282.0903 -282.7927 227.8862 -0.59874 -0.401341 0.693306 -0.79953 0.353395 -0.485901 -0.049987 -0.845047 -0.53235 754.dat
1 16 -281.0234 -283.7322 229.9708 -0.602676 -0.432029 0.671096 -0.796433 0.380417 -0.470334 -0.052086 -0.817748 -0.573215 754.dat
1 16 -279.8714 -284.7466 231.9732 -0.607519 -0.467012 0.642696 -0.792622 0.41122 -0.450429 -0.053921 -0.782873 -0.61984 754.dat
1 16 -278.6356 -285.8347 233.8848 -0.612356 -0.499486 0.613001 -0.788816 0.439815 -0.429616 -0.055007 -0.746446 -0.663169 754.dat
1 16 -277.3149 -286.9977 235.6924 -0.617798 -0.533638 0.577748 -0.784534 0.469887 -0.404908 -0.055389 -0.703248 -0.708784 754.dat
1 16 -275.911 -288.2338 237.3851 -0.623309 -0.566099 0.539679 -0.780199 0.498471 -0.378226 -0.054888 -0.656653 -0.752193 754.dat
1 16 -274.4214 -289.5454 238.9417 -0.629545 -0.600692 0.49303 -0.775292 0.528931 -0.345529 -0.053209 -0.599627 -0.798509 754.dat
1 16 -273.1077 -290.7023 240.0641 -0.63874 -0.648291 0.414688 -0.768059 0.570843 -0.290621 -0.048304 -0.504017 -0.862342 756.dat
1 16 -270.4278 -293.062 242.0323 -0.647867 0.692203 -0.318373 -0.760881 -0.609509 0.223151 -0.039576 0.386724 0.921346 754.dat
1 16 -268.6608 -294.6179 242.9307 -0.653819 0.719406 -0.234974 -0.756198 -0.633463 0.164701 -0.030353 0.285304 0.957956 754.dat
1 16 -266.8308 -296.2293 243.5628 -0.658401 0.73965 -0.140226 -0.752594 -0.651288 0.098297 -0.018617 0.170212 0.985232 754.dat
1 16 -264.9574 -297.8789 243.8857 -0.660852 0.750255 -0.02507 -0.750666 -0.660626 0.017592 -0.003364 0.030437 0.999531 754.dat
1 16 -263.0697 -299.541 243.8461 -0.659619 0.744953 0.100921 -0.751636 -0.655957 -0.070712 0.01352 -0.12247 0.99238 754.dat
1 16 -261.2107 -301.1779 243.4152 -0.653919 0.719888 0.233208 -0.756118 -0.633888 -0.163427 0.030172 -0.283134 0.958606 754.dat
1 16 -259.432 -302.7441 242.5798 -0.643757 0.672815 0.364875 -0.764113 -0.592438 -0.255709 0.044111 -0.443315 0.89528 754.dat
1 16 -257.7852 -304.1942 241.3544 -0.630999 0.608471 0.481499 -0.774148 -0.535779 -0.337447 0.052638 -0.585541 0.808932 754.dat
1 16 -256.3105 -305.4928 239.7852 -0.617271 0.530423 0.581261 -0.784949 -0.467057 -0.40737 0.05539 -0.70755 0.704489 754.dat
1 16 -255.0317 -306.6188 237.9327 -0.605548 0.453105 0.654404 -0.794173 -0.398976 -0.458635 0.053269 -0.797246 0.6013 754.dat
1 16 -253.9453 -307.5753 235.8716 -0.596046 0.378902 0.708096 -0.80165 -0.333636 -0.496267 0.048199 -0.863238 0.502491 754.dat
1 16 -253.0442 -308.3689 233.6564 -0.588472 0.307075 0.748093 -0.80761 -0.27039 -0.524301 0.041268 -0.912488 0.407017 754.dat
1 16 -252.3118 -309.0137 231.3317 -0.583701 0.251462 0.772203 -0.811364 -0.221421 -0.541199 0.034883 -0.942213 0.333192 754.dat
1 16 -251.7205 -309.5344 228.9363 -0.579817 0.194749 0.791278 -0.814421 -0.171483 -0.55457 0.027683 -0.965755 0.257976 754.dat
1 16 -251.2638 -309.9366 226.4882 -0.57741 0.149116 0.80287 -0.816316 -0.131303 -0.562694 0.021507 -0.980068 0.197494 754.dat
1 16 -250.9193 -310.2399 224.0073 -0.575765 0.107298 0.81069 -0.81761 -0.09448 -0.568176 0.015626 -0.98973 0.142093 754.dat
1 16 -250.6766 -310.4536 221.5049 -0.574761 0.070456 0.815428 -0.818401 -0.062039 -0.571496 0.010321 -0.995585 0.093297 754.dat
1 16 -250.5237 -310.5882 218.9897 -0.574218 0.037695 0.81798 -0.818829 -0.033192 -0.573285 0.005539 -0.998738 0.049913 754.dat
1 16 -250.4483 -310.6546 216.6149 -0.574033 0.014612 0.818847 -0.818974 -0.012867 -0.573893 0.002149 -0.99981 0.019348 754.dat
