0 
0 Name: New Model.ldr
0 Author: 
1 0 180 -8 -290 -0.382683 0 -0.92388 0 1 0 0.92388 0 -0.382683 4600.dat
1 0 87.612 -8 -328.2683 -0.382683 0 -0.92388 0 1 0 0.92388 0 -0.382683 4600.dat
1 0 78.3732 -16 -332.0951 -0.382683 0 -0.92388 0 1 0 0.92388 0 -0.382683 3023.dat
1 0 143.0448 -16 -305.3073 0.92388 0 -0.382683 0 1 0 0.382683 0 0.92388 3795.dat
1 0 180 -32 -290 0.382683 0 0.92388 0 1 0 -0.92388 0 0.382683 3787.dat
1 0 87.612 -32 -328.2683 0.382683 0 0.92388 0 1 0 -0.92388 0 0.382683 3787.dat
1 0 111.5016 -24 -307.549 -0.92388 0 0.382683 0 1 0 -0.382683 0 -0.92388 4081.dat
1 0 119.1552 -24 -326.0266 0.92388 0 -0.382683 0 1 0 0.382683 0 0.92388 4081.dat
1 36 114.9345 -22 -284.4792 0 -0.92388 -0.382683 1 0 0 0 -0.382683 0.92388 6141.dat
1 36 137.8954 -22 -339.912 0 -0.92388 -0.382683 1 0 0 0 -0.382683 0.92388 6141.dat
1 0 137.1076 -22 -275.2948 0 -0.92388 -0.382683 1 0 0 0 -0.382683 0.92388 3062.dat
1 0 160.0686 -22 -330.7276 0 -0.92388 -0.382683 1 0 0 0 -0.382683 0.92388 3062.dat
1 14 74.5464 -32 -322.8563 0.382683 0 0.92388 0 1 0 -0.92388 0 0.382683 6141.dat
1 14 82.2 -32 -341.3339 0.382683 0 0.92388 0 1 0 -0.92388 0 0.382683 6141.dat
1 0 106.0896 -32 -320.6147 0.382683 0 0.92388 0 1 0 -0.92388 0 0.382683 3022.dat
1 14 189.2388 -32 -286.1732 0.382683 0 0.92388 0 1 0 -0.92388 0 0.382683 2412.dat
1 0 166.9344 -32 -284.588 0 0 1.000001 0 1 0 -1.000001 0 0 4592.dat
1 0 174.588 -32 -303.0656 0.707106 0 0.707108 0 1 0 -0.707108 0 0.707106 4592.dat
1 14 166.9344 -32 -284.588 0 0.382683 0.923879 0 0.92388 -0.382683 -1.000001 -0.000001 0 4593.dat
1 14 174.588 -32 -303.0656 0.707106 0.270598 0.653282 0 0.92388 -0.382683 -0.707108 0.270598 0.653281 4593.dat
1 14 168.5195 -3 -262.2836 -0.92388 0 0.382683 0 1 0 -0.382683 0 -0.92388 4624.dat
1 256 168.5195 -3 -262.2836 -0.92388 0 0.382683 0 1 0 -0.382683 0 -0.92388 3641.dat
1 14 191.4805 -3 -317.7164 0.92388 0 -0.382683 0 1 0 0.382683 0 0.92388 4624.dat
1 256 191.4805 -3 -317.7164 0.92388 0 -0.382683 0 1 0 0.382683 0 0.92388 3641.dat
1 14 76.1315 -3 -300.5519 -0.92388 0 0.382683 0 1 0 -0.382683 0 -0.92388 4624.dat
1 256 76.1315 -3 -300.5519 -0.92388 0 0.382683 0 1 0 -0.382683 0 -0.92388 3641.dat
1 14 99.0925 -3 -355.9847 0.92388 0 -0.382683 0 1 0 0.382683 0 0.92388 4624.dat
1 256 99.0925 -3 -355.9847 0.92388 0 -0.382683 0 1 0 0.382683 0 0.92388 3641.dat
