0 
0 Name: New Model.ldr
0 Author: 
1 1 -70 -44 -444 0.707107 0 -0.707107 0 1 0 0.707107 0 0.707107 3832.dat
1 0 -27.5736 -36 -401.5736 -0.707107 0 -0.707107 0 1 0 0.707107 0 -0.707107 2817.dat
1 7 -13.4314 -26 -415.7157 -0.707107 0 -0.707107 0 1 0 0.707107 0 -0.707107 3673.dat
1 7 -41.7157 -26 -387.4314 0.707107 0 0.707107 0 1 0 -0.707107 0 0.707107 3673.dat
1 0 -6.3604 -26 -422.7868 0 -0.707107 -0.707107 1 0 0 0 -0.707107 0.707107 6118.dat
1 0 -48.7868 -26 -380.3604 0 0.707107 0.707107 1 0 0 0 0.707107 -0.707107 6118.dat
1 0 -112.4264 -36 -486.4264 -0.707107 0 -0.707107 0 1 0 0.707107 0 -0.707107 2817.dat
1 7 -98.2843 -26 -500.5686 -0.707107 0 -0.707107 0 1 0 0.707107 0 -0.707107 3673.dat
1 7 -126.5686 -26 -472.2843 0.707107 0 0.707107 0 1 0 -0.707107 0 0.707107 3673.dat
1 0 -91.2132 -26 -507.6396 0 -0.707107 -0.707107 1 0 0 0 -0.707107 0.707107 6118.dat
1 0 -133.6396 -26 -465.2132 0 0.707107 0.707107 1 0 0 0 0.707107 -0.707107 6118.dat
1 7 -34.6446 -52 -408.6447 0.707107 0 -0.707107 0 1 0 0.707107 0 0.707107 3021.dat
1 0 -84.1421 -52 -458.1422 0.707107 0 -0.707107 0 1 0 0.707107 0 0.707107 3068.dat
1 7 -6.3604 -52 -380.3604 -0.707107 0 -0.707107 0 1 0 0.707107 0 -0.707107 2436.dat
1 0 -119.4975 -68 -493.4975 -0.707107 0 -0.707107 0 1 0 0.707107 0 -0.707107 3039.dat
1 0 -133.6396 -68 -507.6396 0.707107 0 0.707107 0 1 0 -0.707107 0 0.707107 3660.dat
1 0 -126.5686 -76 -500.5686 -0.707107 0 -0.707107 0 1 0 0.707107 0 -0.707107 4859.dat
1 7 -126.5686 -84 -500.5686 -0.707107 0 -0.707107 0 1 0 0.707107 0 -0.707107 3022.dat
1 0 -133.6396 -92 -507.6396 -0.707107 0 -0.707107 0 1 0 0.707107 0 -0.707107 3023.dat
1 0 -119.4975 -92 -493.4975 -0.707107 0 -0.707107 0 1 0 0.707107 0 -0.707107 2436.dat
1 0 -6.3604 -76 -380.3604 0.707107 0 0.707107 0 1 0 -0.707107 0 0.707107 3039.dat
1 7 -92.6274 -82 -466.6274 0.707107 -0.707107 0 0 0 1 -0.707107 -0.707107 0 3004.dat
1 0 -71.4142 -82 -487.8406 0 -0.707107 -0.707107 1 0 0 0 -0.707107 0.707107 3665.dat
1 0 -113.8406 -82 -445.4142 0 -0.707107 0.707107 -1 0 0 0 -0.707107 -0.707107 3665.dat
1 7 -86.9706 -82 -460.9706 0.707107 -0.707107 0 0 0 1 -0.707107 -0.707107 0 3666.dat
1 0 -81.3137 -72 -455.3137 0.707107 -0.707107 0 0 0 1 -0.707107 -0.707107 0 3022.dat
1 33 37.4803 -42 -393.0883 0.707107 -0.707107 0 0 0 1 -0.707107 -0.707107 0 2448.dat
1 33 -19.0883 -42 -336.5197 0.707107 -0.707107 0 0 0 1 -0.707107 -0.707107 0 2448.dat
1 0 -75.6569 -82 -449.6569 0.707107 -0.707107 0 0 0 1 -0.707107 -0.707107 0 3710.dat
1 1 -133.6396 -100 -507.6396 0.707107 0 0.707107 0 1 0 -0.707107 0 0.707107 3794.dat
1 1 -119.4975 -100 -493.4975 0.707107 0 0.707107 0 1 0 -0.707107 0 0.707107 3794.dat
1 0 4.9533 -42 -326.6202 0 -0.707107 0.707107 -1 0 0 0 -0.707107 -0.707107 3040.dat
1 0 47.3798 -42 -369.0467 0 -0.707107 -0.707107 1 0 0 0 -0.707107 0.707107 3040.dat
1 33 27.5808 -42 -360.5614 0 -0.707107 -0.707107 1 0 0 0 -0.707107 0.707107 4589.dat
1 33 13.4386 -42 -346.4192 0 -0.707107 -0.707107 1 0 0 0 -0.707107 0.707107 4589.dat
1 0 -126.5686 -108 -500.5686 -0.707107 0 0.707107 0 1 0 -0.707107 0 -0.707107 4275.dat
1 7 -160.9894 -95.8048 -534.9894 0.707107 0.405597 0.579262 0 0.8192 -0.5736 -0.707107 0.405597 0.579262 4507.dat
1 0 -128.8788 -102.3584 -573.5895 -0.707107 0.405597 -0.579262 0 0.8192 0.5736 0.707107 0.405597 -0.579262 6141.dat
1 0 -199.5895 -102.3584 -502.8788 -0.707107 0.405597 -0.579262 0 0.8192 0.5736 0.707107 0.405597 -0.579262 6141.dat
1 33 -138.6131 -122.0192 -583.3239 -0.707107 0.405597 -0.579262 0 0.8192 0.5736 0.707107 0.405597 -0.579262 4589.dat
1 33 -209.3238 -122.0192 -512.6132 -0.707107 0.405597 -0.579262 0 0.8192 0.5736 0.707107 0.405597 -0.579262 4589.dat
1 42 -143.021 -102.3584 -559.4474 -0.707107 0.405597 -0.579262 0 0.8192 0.5736 0.707107 0.405597 -0.579262 2569.dat
1 42 -185.4474 -102.3584 -517.0209 -0.707107 0.405597 -0.579262 0 0.8192 0.5736 0.707107 0.405597 -0.579262 2569.dat
1 14 -47.3726 -132 -421.3726 -0.292372 0 -0.956306 0 1 0 0.956306 0 -0.292372 2446.dat
1 33 -47.3726 -132 -421.3726 -0.292372 0 -0.956306 0 1 0 0.956306 0 -0.292372 2447.dat
1 14 -47.3726 -132 -421.3726 -0.292372 0 -0.956306 0 1 0 0.956306 0 -0.292372 3626.dat
1 1 -47.3726 -105 -421.3726 -0.707107 0 -0.707107 0 1 0 0.707107 0 -0.707107 3838.dat
1 8 -47.3726 -105 -421.3726 -0.707107 0 -0.707107 0 1 0 0.707107 0 -0.707107 973.dat
