0 Main
0 Name: 41181-1 - Naida's Gondola_YCNRMI6.mpd
0 Author: LTRON
1 70 0 -24 0 -1 0 0 0 1 0 0 0 -1 43713.dat
1 322 -10 -16 -20 0 0 -1 0 1 0 1 0 0 3460.dat
1 322 10 -16 -20 0 0 -1 0 1 0 1 0 0 3460.dat
1 70 0 -24 -40 1 0 0 0 1 0 0 0 1 43713.dat
1 70 0 -24 50 1 0 0 0 1 0 0 0 1 3023.dat
1 70 0 -24 -90 1 0 0 0 1 0 0 0 1 3023.dat
1 322 0 -40 -10 -1 0 0 0 1 0 0 0 -1 93095.dat
1 322 0 -24 20 1 0 0 0 1 0 0 0 1 3068.dat
1 272 0 -32 80 -1 0 0 0 1 0 0 0 -1 43719.dat
1 272 0 -32 -120 1 0 0 0 1 0 0 0 1 43719.dat
1 272 -30 -32 -20 0 0 1 0 1 0 -1 0 0 92593.dat
1 272 30 -32 -20 0 0 1 0 1 0 -1 0 0 92593.dat
1 322 -30 -40 10 0 0 1 0 1 0 -1 0 0 15070.dat
1 322 30 -40 10 0 0 -1 0 1 0 1 0 0 15070.dat
1 322 0 -24 60 1 0 0 0 1 0 0 0 1 15068.dat
1 322 0 -40 90 -1 0 0 0 1 0 0 0 -1 2540.dat
1 5 -30 -48 10 -1 0 0 0 1 0 0 0 -1 33291.dat
1 5 30 -48 10 -1 0 0 0 1 0 0 0 -1 33291.dat
1 297 0 -48 90 -1 0 0 0 1 0 0 0 -1 15573.dat
1 41 0 -72 90 -1 0 0 0 1 0 0 0 -1 3626.dat
1 297 0 -80 90 -1 0 0 0 1 0 0 0 -1 6141.dat
1 297 0 -38 110 0 0 -1 -0.719 -0.695 0 -0.695 0.719 0 11090.dat
1 322 0 -24 -100 -1 0 0 0 1 0 0 0 -1 15068.dat
1 297 0 -48 -130 1 0 0 0 1 0 0 0 1 47458.dat
1 5 0 -16 -50 0 0 1 0 1 0 -1 0 0 93092.dat
1 35 -6 -35 -52 0.848 0.53 0 -0.53 0.848 0 0 0 1 30153.dat
1 35 7 -35 -47 -0.668 -0.418 -0.616 -0.53 0.848 0 0.522 0.326 -0.788 30153.dat
1 33 26 -70.632 7.014 1 0 0 0 0.993 -0.122 0 0.122 0.993 98138.dat
