0 Main
0 Name: 6657 - Fire Patrol Copter_wLZQtRJ.mpd
0 Author: LTRON
1 4 0 0 0 1 0 0 0 1 0 0 0 1 4871.dat
1 4 0 8 0 1 0 0 0 1 0 0 0 1 3020.dat
1 4 -30 0 0 0 0 1 0 1 0 -1 0 0 4855.dat
1 4 30 0 0 0 0 -1 0 1 0 1 0 0 4855.dat
1 4 80 -8 0 0 0 -1 0 1 0 1 0 0 4859.dat
1 4 -20 0 0 1 0 0 0 1 0 0 0 1 3020.dat
1 4 -90 -24 0 0 0 1 0 1 0 -1 0 0 3747.dat
1 4 40 -16 0 0 0 1 0 1 0 -1 0 0 3003.dat
1 7 10 -24 -10 0 0 -1 0 1 0 1 0 0 4599.dat
1 4 30 -8 30 -1 0 0 0 1 0 0 0 -1 4085.dat
1 4 30 -8 -30 1 0 0 0 1 0 0 0 1 4085.dat
1 4 30 -32 0 0 0 -1 0 1 0 1 0 0 4858.dat
1 4 -90 -32 -10 1 0 0 0 1 0 0 0 1 4085.dat
1 4 -90 -32 10 -1 0 0 0 1 0 0 0 -1 4085.dat
1 4 -110 -32 0 0 0 -1 0 1 0 1 0 0 3794.dat
1 4 -130 -32 0 0 0 -1 0 1 0 1 0 0 3794.dat
1 15 30 6 -50 0 0 -1 0 -1 0 -1 0 0 4349.dat
1 15 30 8 50 0 0 -1 0 -1 0 -1 0 0 4349.dat
1 16 -6 6 -50 0 1 0 0 0 -1 -1 0 0 752.dat
1 16 -6 6 -50 0 -1 0 0 0 1 -1 0 0 755.dat
1 16 -90 -38 -30 0 0 -1 0 -1 0 -1 0 0 752.dat
1 16 -90 -38 -30 0 0 1 0 1 0 -1 0 0 755.dat
1 16 -11.9941 6.0268 -49.9868 -0.006641 0.999888 -0.013438 0.000059 -0.013437 -0.99991 -0.999978 -0.006641 0.00003 754.dat
1 16 -14.7315 6.0964 -49.952 -0.016128 0.99935 -0.032251 0.000237 -0.032251 -0.99948 -0.99987 -0.016127 0.000283 754.dat
1 16 -17.216 6.2229 -49.8878 -0.029947 0.997825 -0.058723 0.000758 -0.058727 -0.998274 -0.999551 -0.02994 0.001003 754.dat
1 16 -19.6966 6.4012 -49.7956 -0.0401 0.996211 -0.077172 0.001214 -0.077186 -0.997016 -0.999195 -0.040074 0.001885 754.dat
1 16 -22.1726 6.6223 -49.6795 -0.04954 0.994361 -0.093763 0.001673 -0.093795 -0.99559 -0.998771 -0.049478 0.002983 754.dat
1 16 -24.642 6.8931 -49.5342 -0.062302 0.991389 -0.115181 0.002509 -0.115249 -0.993333 -0.998054 -0.062176 0.004693 754.dat
1 16 -27.1047 7.2076 -49.3622 -0.072265 0.988749 -0.13097 0.003088 -0.131091 -0.991365 -0.997381 -0.072046 0.00642 754.dat
1 16 -29.5583 7.57 -49.159 -0.086127 0.984678 -0.151627 0.004157 -0.151836 -0.988397 -0.996276 -0.085758 0.008983 754.dat
1 16 -32.0026 7.9754 -48.9259 -0.097631 0.981063 -0.16728 0.004899 -0.167607 -0.985842 -0.995211 -0.097068 0.011557 754.dat
1 16 -34.438 8.4161 -48.6662 -0.108217 0.977577 -0.180646 0.005443 -0.181128 -0.983444 -0.994112 -0.107409 0.014281 754.dat
1 16 -36.8622 8.8966 -48.374 -0.122865 0.972583 -0.197452 0.006463 -0.198171 -0.980146 -0.992402 -0.121702 0.018062 754.dat
1 16 -39.2752 9.4122 -48.0496 -0.135596 0.968256 -0.209985 0.007017 -0.210999 -0.977461 -0.990739 -0.134013 0.021816 754.dat
1 16 -41.6772 9.9572 -47.6941 -0.148732 0.963859 -0.221031 0.00739 -0.222427 -0.974921 -0.98885 -0.146636 0.02596 754.dat
1 16 -44.0686 10.5274 -47.3073 -0.161863 0.959622 -0.230058 0.00745 -0.231938 -0.972702 -0.986785 -0.159158 0.030393 754.dat
1 16 -46.4492 11.1189 -46.8874 -0.176229 0.955239 -0.237616 0.007261 -0.240126 -0.970715 -0.984322 -0.172794 0.035381 754.dat
1 16 -48.8195 11.7264 -46.4336 -0.190686 0.951226 -0.242505 0.00655 -0.245799 -0.969299 -0.981629 -0.18642 0.040639 754.dat
1 16 -51.1803 12.3436 -45.9452 -0.205674 0.947547 -0.244647 0.005233 -0.248924 -0.968509 -0.978607 -0.200477 0.046239 754.dat
1 16 -53.5328 12.9633 -45.4208 -0.221303 0.944298 -0.243568 0.003132 -0.249072 -0.96848 -0.9752 -0.21509 0.052162 754.dat
1 16 -55.8781 13.577 -44.8582 -0.237989 0.941537 -0.238473 -0.000012 -0.24553 -0.969389 -0.971268 -0.230701 0.058444 754.dat
1 16 -58.2178 14.1747 -44.2568 -0.254692 0.93954 -0.228903 -0.004462 -0.237849 -0.971292 -0.967012 -0.246359 0.06477 754.dat
1 16 -60.5535 14.7404 -43.6109 -0.274411 0.938111 -0.211298 -0.011156 -0.222824 -0.974795 -0.961548 -0.265137 0.071611 754.dat
1 16 -62.8873 15.2616 -42.9222 -0.291559 0.937624 -0.189352 -0.019557 -0.203754 -0.978827 -0.956353 -0.281683 0.077744 754.dat
1 16 -65.2206 15.7132 -42.1852 -0.312093 0.937566 -0.153519 -0.032259 -0.171955 -0.984576 -0.949504 -0.302327 0.083911 754.dat
1 16 -67.5538 16.0749 -41.4002 -0.3297 0.937539 -0.110988 -0.047746 -0.133969 -0.989835 -0.942878 -0.32105 0.088933 754.dat
1 16 -69.4545 16.224 -40.706 -0.355699 0.934577 -0.006614 -0.082351 -0.038391 -0.995864 -0.930965 -0.353683 0.090619 756.dat
1 16 -73.2105 16.281 -39.2597 -0.368054 -0.919678 -0.136855 -0.134405 -0.093018 0.986551 -0.920039 0.381498 -0.089374 754.dat
1 16 -75.4756 15.9514 -38.301 -0.36059 -0.890529 -0.277368 -0.179691 -0.225478 0.957534 -0.915252 0.395118 -0.078715 754.dat
1 16 -77.6483 15.2754 -37.3183 -0.33189 -0.835535 -0.43787 -0.224269 -0.380982 0.89697 -0.916271 0.395896 -0.060941 754.dat
1 16 -79.6627 14.2116 -36.347 -0.28308 -0.752278 -0.594932 -0.2553 -0.538822 0.802803 -0.924493 0.379144 -0.039527 754.dat
1 16 -81.455 12.7697 -35.4292 -0.224344 -0.648721 -0.727208 -0.264707 -0.677606 0.686135 -0.93787 0.346427 -0.019704 754.dat
1 16 -82.9877 11.0068 -34.5991 -0.168636 -0.541435 -0.823657 -0.253948 -0.783549 0.567063 -0.952403 0.304793 -0.005362 754.dat
1 16 -84.2623 9.0047 -33.8726 -0.123861 -0.445171 -0.886838 -0.231595 -0.856069 0.462071 -0.964895 0.262619 0.002934 754.dat
1 16 -85.3087 6.8394 -33.2484 -0.089978 -0.363233 -0.927343 -0.204771 -0.90448 0.374146 -0.974666 0.223558 0.007004 754.dat
1 16 -86.1679 4.568 -32.7149 -0.0676 -0.303549 -0.950415 -0.181177 -0.933021 0.310881 -0.981124 0.193209 0.008077 754.dat
1 16 -86.8816 2.2302 -32.2564 -0.049095 -0.247723 -0.967586 -0.156021 -0.95496 0.252406 -0.986533 0.163355 0.008234 754.dat
1 16 -87.4673 -0.1561 -31.8672 -0.036639 -0.206411 -0.977779 -0.135442 -0.968382 0.209503 -0.990108 0.140108 0.007524 754.dat
1 16 -87.956 -2.5727 -31.5332 -0.027462 -0.172821 -0.98457 -0.117437 -0.977563 0.174867 -0.992701 0.120427 0.00655 754.dat
1 16 -88.3652 -5.0102 -31.2461 -0.02055 -0.144846 -0.989241 -0.101514 -0.984034 0.146192 -0.994622 0.103426 0.005518 754.dat
1 16 -88.7067 -7.4628 -31.0007 -0.014961 -0.119325 -0.992742 -0.086152 -0.989008 0.120175 -0.99617 0.087324 0.004517 754.dat
1 16 -88.9885 -9.9265 -30.7933 -0.010929 -0.098945 -0.995033 -0.073245 -0.99234 0.099482 -0.997254 0.073968 0.003598 754.dat
1 16 -89.2231 -12.3977 -30.6171 -0.008096 -0.083307 -0.996491 -0.062948 -0.994505 0.083653 -0.997984 0.063404 0.002807 754.dat
1 16 -89.419 -14.874 -30.4673 -0.005708 -0.068008 -0.997668 -0.052498 -0.996288 0.068214 -0.998605 0.052765 0.002117 754.dat
1 16 -89.5782 -17.3544 -30.3432 -0.003883 -0.054476 -0.998508 -0.042895 -0.997587 0.054592 -0.999072 0.043043 0.001536 754.dat
1 16 -89.7055 -19.8378 -30.2422 -0.002585 -0.043389 -0.999055 -0.034762 -0.998451 0.043453 -0.999392 0.034841 0.001072 754.dat
1 16 -89.8061 -22.3231 -30.161 -0.001622 -0.033542 -0.999436 -0.027313 -0.999063 0.033573 -0.999626 0.027352 0.000705 754.dat
1 16 -89.8831 -24.8097 -30.0981 -0.000931 -0.02475 -0.999693 -0.020465 -0.999484 0.024764 -0.99979 0.020482 0.000424 754.dat
1 16 -89.9388 -27.2974 -30.0518 -0.000459 -0.016838 -0.999858 -0.014123 -0.999758 0.016843 -0.9999 0.014129 0.000221 754.dat
1 16 -89.9753 -29.7856 -30.0211 -0.000166 -0.009594 -0.999954 -0.008162 -0.999921 0.009595 -0.999967 0.008163 0.000087 754.dat
1 16 -89.9944 -32.2649 -30.0048 -0.000025 -0.003226 -0.999995 -0.002777 -0.999991 0.003226 -0.999996 0.002777 0.000016 754.dat
1 16 -6 8 50 0 1 0 0 0 -1 -1 0 0 752.dat
1 16 -6 8 50 0 -1 0 0 0 1 -1 0 0 755.dat
1 16 -90 -39 30 0 0 -1 0 -1 0 -1 0 0 752.dat
1 16 -90 -39 30 0 0 1 0 1 0 -1 0 0 755.dat
1 16 -11.7499 8.0086 49.9887 0.006469 0.999967 -0.004895 -0.000021 -0.004895 -0.999988 -0.999979 0.006469 -0.000011 754.dat
1 16 -14.2495 8.0349 49.953 0.017624 0.999761 -0.012962 -0.000022 -0.012964 -0.999916 -0.999845 0.017622 -0.000207 754.dat
1 16 -16.7481 8.0808 49.8892 0.028925 0.999369 -0.020622 0.000041 -0.020631 -0.999787 -0.999582 0.028918 -0.000638 754.dat
1 16 -19.2454 8.1464 49.7943 0.041842 0.998714 -0.028642 0.000173 -0.028675 -0.999589 -0.999124 0.04182 -0.001373 754.dat
1 16 -21.7408 8.2296 49.6694 0.053519 0.997947 -0.035174 0.000439 -0.035248 -0.999379 -0.998567 0.053471 -0.002324 754.dat
1 16 -24.234 8.3283 49.515 0.065377 0.997013 -0.041129 0.000849 -0.041273 -0.999148 -0.99786 0.065287 -0.003545 754.dat
1 16 -26.7244 8.4419 49.3281 0.07897 0.995769 -0.04699 0.001435 -0.047251 -0.998882 -0.996876 0.078815 -0.005161 754.dat
1 16 -29.2115 8.5679 49.1096 0.091307 0.994498 -0.051343 0.002258 -0.051765 -0.998657 -0.99582 0.091068 -0.006973 754.dat
1 16 -31.695 8.7043 48.8581 0.105051 0.99294 -0.055094 0.003366 -0.055756 -0.998439 -0.994461 0.104701 -0.009199 754.dat
1 16 -34.1747 8.8483 48.5749 0.11743 0.991421 -0.057392 0.004778 -0.058355 -0.998284 -0.99307 0.116954 -0.011589 754.dat
1 16 -36.6499 8.9972 48.2576 0.131834 0.989533 -0.058681 0.006637 -0.060077 -0.998172 -0.99125 0.131204 -0.014488 754.dat
1 16 -39.1203 9.1477 47.9052 0.145958 0.987568 -0.058356 0.008967 -0.060305 -0.99814 -0.98925 0.145163 -0.017658 754.dat
1 16 -41.5856 9.2962 47.5179 0.16006 0.985499 -0.056319 0.011849 -0.058969 -0.998189 -0.987036 0.159103 -0.021115 754.dat
1 16 -44.0454 9.4383 47.0955 0.174289 0.983299 -0.052398 0.015377 -0.055924 -0.998317 -0.984574 0.17319 -0.024867 754.dat
1 16 -46.4994 9.5692 46.637 0.188941 0.980899 -0.046237 0.019703 -0.050863 -0.998511 -0.981791 0.187749 -0.028937 754.dat
1 16 -48.9471 9.6835 46.1417 0.203755 0.978303 -0.037511 0.024942 -0.04349 -0.998742 -0.978704 0.202563 -0.033262 754.dat
1 16 -51.3878 9.7745 45.6088 0.218769 0.975437 -0.025741 0.031277 -0.033377 -0.998953 -0.975275 0.217735 -0.03781 754.dat
1 16 -53.8204 9.8329 45.0357 0.234729 0.972016 -0.009353 0.039213 -0.019083 -0.999049 -0.97127 0.234139 -0.042595 754.dat
1 16 -56.2443 9.8527 44.4249 0.248566 0.968574 0.008883 0.047945 -0.003144 -0.998845 -0.967428 0.248705 -0.047219 754.dat
1 16 -58.6577 9.8221 43.7745 0.263622 0.964034 0.033796 0.059018 0.018851 -0.998079 -0.962819 0.26511 -0.051926 754.dat
1 16 -61.0577 9.726 43.0825 0.278117 0.958328 0.065261 0.072374 0.046841 -0.996277 -0.957817 0.281804 -0.056331 754.dat
1 16 -63.4416 9.5534 42.3512 0.290356 0.951598 0.100767 0.087254 0.078537 -0.993085 -0.952932 0.297141 -0.060227 754.dat
1 16 -65.604 9.2672 41.6306 0.306733 0.93549 0.175425 0.114222 0.146798 -0.98255 -0.944917 0.321417 -0.061826 756.dat
1 16 -69.6065 8.5725 40.2336 0.313774 -0.910641 -0.268846 0.150706 -0.231792 0.96102 -0.937461 -0.34206 0.064509 754.dat
1 16 -71.8636 7.9405 39.3709 0.311416 -0.885703 -0.344311 0.176504 -0.302112 0.93679 -0.933738 -0.352504 0.062248 754.dat
1 16 -74.0516 7.126 38.4855 0.301413 -0.851981 -0.428111 0.202496 -0.381553 0.901894 -0.931743 -0.358533 0.057518 754.dat
1 16 -76.1468 6.1073 37.5896 0.282652 -0.807222 -0.51817 0.226395 -0.468797 0.8538 -0.932123 -0.358639 0.050244 754.dat
1 16 -78.1206 4.8673 36.6991 0.254957 -0.749885 -0.610467 0.245032 -0.56062 0.79099 -0.935391 -0.351252 0.040812 754.dat
1 16 -79.9439 3.4006 35.8329 0.221041 -0.68283 -0.696336 0.254987 -0.648699 0.717058 -0.941341 -0.336055 0.030724 754.dat
1 16 -81.5936 1.7193 35.0102 0.183677 -0.607707 -0.772628 0.25496 -0.729649 0.634514 -0.949346 -0.313535 0.020922 754.dat
1 16 -83.0538 -0.1552 34.2476 0.147066 -0.530108 -0.835079 0.245358 -0.798321 0.549984 -0.958212 -0.285777 0.01266 754.dat
1 16 -84.326 -2.1885 33.5546 0.116254 -0.460164 -0.88019 0.230028 -0.84963 0.474569 -0.966216 -0.257638 0.007078 754.dat
1 16 -85.4197 -4.3463 32.9356 0.086522 -0.384906 -0.918891 0.207075 -0.895258 0.394504 -0.974492 -0.224413 0.002245 754.dat
1 16 -86.3367 -6.6067 32.3962 0.064894 -0.324676 -0.943597 0.184507 -0.925382 0.331097 -0.980686 -0.195587 -0.000147 754.dat
1 16 -87.111 -8.9353 31.9262 0.048789 -0.275052 -0.960191 0.163327 -0.946199 0.279343 -0.985365 -0.170454 -0.001241 754.dat
1 16 -87.7617 -11.3134 31.5198 0.034868 -0.225936 -0.973518 0.140017 -0.963398 0.228602 -0.989535 -0.14428 -0.001957 754.dat
1 16 -88.2968 -13.7302 31.1757 0.024932 -0.186381 -0.982161 0.119544 -0.974861 0.18803 -0.992516 -0.1221 -0.002025 754.dat
1 16 -88.7363 -16.1736 30.886 0.017262 -0.151138 -0.988362 0.099997 -0.983292 0.152109 -0.994838 -0.101459 -0.00186 754.dat
1 16 -89.0912 -18.6362 30.6464 0.011559 -0.120538 -0.992641 0.081976 -0.989252 0.121082 -0.996567 -0.082772 -0.001554 754.dat
1 16 -89.3738 -21.1121 30.4513 0.007589 -0.095578 -0.995393 0.066511 -0.993169 0.095872 -0.997757 -0.066932 -0.00118 754.dat
1 16 -89.5962 -23.597 30.2948 0.004699 -0.073568 -0.997279 0.052309 -0.995907 0.073713 -0.99862 -0.052513 -0.000832 754.dat
1 16 -89.7633 -26.0883 30.175 0.002444 -0.051076 -0.998692 0.037141 -0.998001 0.051132 -0.999307 -0.037218 -0.000542 754.dat
1 16 -89.8782 -28.5841 30.091 0.001155 -0.034036 -0.99942 0.025168 -0.999103 0.034054 -0.999683 -0.025193 -0.000298 754.dat
1 16 -89.952 -31.0822 30.0362 0.000397 -0.019037 -0.999819 0.014297 -0.999716 0.019041 -0.999898 -0.014302 -0.000125 754.dat
1 16 -89.9893 -33.4159 30.0081 0.000061 -0.006759 -0.999977 0.005133 -0.999964 0.006759 -0.999987 -0.005133 -0.000026 754.dat
1 4 -20 -8 -30 -1 0 0 0 1 0 0 0 -1 3710.dat
1 4 -50 -8 0 0 0 -1 0 1 0 1 0 0 3023.dat
1 4 -70 -8 0 0 0 -1 0 1 0 1 0 0 3710.dat
1 4 -20 -8 30 -1 0 0 0 1 0 0 0 -1 3710.dat
1 4 -60 -56 -20 1 0 0 0 1 0 0 0 1 4345.dat
1 4 -60 -56 20 -1 0 0 0 1 0 0 0 -1 4345.dat
1 15 -60 -56 20 -1 0 0 0 1 0 0 0 -1 4346.dat
1 15 -60 -56 -20 1 0 0 0 1 0 0 0 1 4346.dat
1 4 10 -32 30 0 0 -1 0 1 0 1 0 0 3822.dat
1 4 10 -32 -30 0 0 -1 0 1 0 1 0 0 3821.dat
1 0 30 24 0 0 0 -1 0 1 0 1 0 0 4873.dat
1 0 -30 24 0 0 0 -1 0 1 0 1 0 0 4873.dat
1 0 0 48 -50 1 0 0 0 1 0 0 0 1 3460.dat
1 0 0 48 50 1 0 0 0 1 0 0 0 1 3460.dat
1 4 -80 -64 0 0 0 -1 0 1 0 1 0 0 3022.dat
1 4 -90 -56 0 0 0 1 0 1 0 -1 0 0 3004.dat
1 4 -180 -40 0 1 0 0 0 1 0 0 0 1 3460.dat
1 4 -120 -48 0 1 0 0 0 1 0 0 0 1 3023.dat
1 4 -220 -48 0 1 0 0 0 1 0 0 0 1 3460.dat
1 4 -280 -40 -10 0 0 -1 0 1 0 1 0 0 3481.dat
1 0 -284 -41.072 -10 0 -0.5 -0.866 0 0.866 -0.5 1 0 0 3480.dat
1 4 -290 -72 0 0 0 -1 0 1 0 1 0 0 4286.dat
1 4 -110 -72 0 0 0 1 0 1 0 -1 0 0 4286.dat
1 4 -90 -72 0 0 0 -1 0 1 0 1 0 0 3794.dat
1 4 -70 -72 0 0 0 -1 0 1 0 1 0 0 3023.dat
1 4 -100 -80 0 1 0 0 0 1 0 0 0 1 3023.dat
1 4 -70 -80 0 0 0 -1 0 1 0 1 0 0 3023.dat
1 4 -70 -80 30 0 0 1 0 1 0 -1 0 0 3040.dat
1 4 -70 -80 -30 0 0 1 0 1 0 -1 0 0 3040.dat
1 43 10 -80 0 0 0 -1 0 1 0 1 0 0 3823.dat
1 4 -70 -88 0 0 0 -1 0 1 0 1 0 0 4315.dat
1 4 -20 -88 0 0 0 -1 0 1 0 1 0 0 4213.dat
1 4 -10 -96 0 1 0 0 0 1 0 0 0 1 3462.dat
1 0 -10 -96 0 0.966 0 0.259 0 1 0 -0.259 0 0.966 3461.dat
1 0 -96.933 -124 23.294 0.966 0 0.259 0 1 0 -0.259 0 0.966 3460.dat
1 0 76.933 -124 -23.294 0.966 0 0.259 0 1 0 -0.259 0 0.966 3460.dat
1 0 -10 -124 0 0.259 0 -0.966 0 1 0 0.966 0 0.259 3623.dat
1 15 0.353 -124 38.637 0.259 0 -0.966 0 1 0 0.966 0 0.259 3070.dat
1 15 -20.353 -124 -38.637 0.259 0 -0.966 0 1 0 0.966 0 0.259 3070.dat
