0 
0 Name: New Model.ldr
0 Author: 
1 46 139.34 -115 -236.34 0.866 0 0.5 0 1 0 -0.5 0 0.866 6141.dat
1 46 129.34 -115 -253.66 0.866 0 0.5 0 1 0 -0.5 0 0.866 6141.dat
1 4 134.34 -123 -245 -0.5 0 0.866 0 1 0 -0.866 0 -0.5 3069.dat
1 0 -100.178 -123.681 -108.1605 -0.5 0 0.866 0 1 0 -0.866 0 -0.5 3031.dat
1 16 3.3863 -123.681 -248.783 0.866 0 0.5 0 1 0 -0.5 0 0.866 3585.dat
1 16 73.3777 -123.681 -127.538 -0.866 0 -0.5 0 1 0 0.5 0 -0.866 3586.dat
1 7 -13.578 -131.681 -158.1605 -0.866 0 -0.5 0 1 0 0.5 0 -0.866 4282.dat
1 16 -123.8354 -131.681 -129.142 -0.866 0 -0.5 0 1 0 0.5 0 -0.866 3623.dat
1 16 -93.8397 -131.681 -77.1795 0.866 0 0.5 0 1 0 -0.5 0 0.866 3623.dat
1 0 99.9846 -131.681 -281.462 -0.866 0 -0.5 0 1 0 0.5 0 -0.866 3023.dat
1 0 149.9785 -131.681 -194.8585 0.866 0 0.5 0 1 0 -0.5 0 0.866 3023.dat
1 0 65.3446 -131.681 -261.462 -0.866 0 -0.5 0 1 0 0.5 0 -0.866 2412.dat
1 0 115.3394 -131.681 -174.859 0.866 0 0.5 0 1 0 -0.5 0 0.866 2412.dat
1 16 84.9872 -131.681 -307.4435 -0.866 0 -0.5 0 1 0 0.5 0 -0.866 3068.dat
1 16 164.9768 -131.681 -168.8775 0.866 0 0.5 0 1 0 -0.5 0 0.866 3068.dat
1 16 -123.8354 -139.681 -129.142 -0.866 0 -0.5 0 1 0 0.5 0 -0.866 3623.dat
1 16 -93.8397 -139.681 -77.1795 0.866 0 0.5 0 1 0 -0.5 0 0.866 3623.dat
1 0 99.9846 -155.681 -281.462 -0.866 0 -0.5 0 1 0 0.5 0 -0.866 4865.dat
1 0 149.9785 -155.681 -194.8585 0.866 0 0.5 0 1 0 -0.5 0 0.866 4865.dat
1 0 -178.1171 -139.681 -63.161 0.5 0 -0.866 0 1 0 0.866 0 0.5 4856.dat
1 16 -221.4171 -147.681 -38.161 -0.5 0 0.866 0 1 0 -0.866 0 -0.5 4859.dat
1 16 -169.4572 -147.681 -68.161 -0.5 0 0.866 0 1 0 -0.866 0 -0.5 3003.dat
1 16 -28.5763 -147.681 -184.1415 -0.866 0 -0.5 0 1 0 0.5 0 -0.866 3008.dat
1 16 1.4203 -147.681 -132.1795 0.866 0 0.5 0 1 0 -0.5 0 0.866 3008.dat
1 16 75.3437 -147.681 -244.1415 -0.866 0 -0.5 0 1 0 0.5 0 -0.866 3010.dat
1 16 105.3403 -147.681 -192.1795 0.866 0 0.5 0 1 0 -0.5 0 0.866 3010.dat
1 16 133.642 -147.681 -243.1605 0.5 0 -0.866 0 1 0 0.866 0 0.5 3010.dat
1 16 -108.838 -155.681 -103.1605 0.5 0 -0.866 0 1 0 0.866 0 0.5 3004.dat
1 0 81.682 -155.681 -213.1605 0.5 0 -0.866 0 1 0 0.866 0 0.5 3004.dat
1 16 -149.8154 -147.681 -114.142 0.866 0 0.5 0 1 0 -0.5 0 0.866 3666.dat
1 16 -119.8197 -147.681 -62.1795 -0.866 0 -0.5 0 1 0 0.5 0 -0.866 3666.dat
1 16 92.6637 -155.681 -254.1415 0.866 0 0.5 0 1 0 -0.5 0 0.866 3710.dat
1 16 122.6603 -155.681 -202.1795 -0.866 0 -0.5 0 1 0 0.5 0 -0.866 3710.dat
1 0 133.642 -155.681 -243.1605 -0.5 0 0.866 0 1 0 -0.866 0 -0.5 3023.dat
1 16 -11.2563 -155.681 -194.1415 -0.866 0 -0.5 0 1 0 0.5 0 -0.866 4625.dat
1 16 18.7403 -155.681 -142.1795 0.866 0 0.5 0 1 0 -0.5 0 0.866 4625.dat
1 16 -80.5363 -155.681 -154.1415 -0.866 0 -0.5 0 1 0 0.5 0 -0.866 4625.dat
1 16 -50.5397 -155.681 -102.1795 0.866 0 0.5 0 1 0 -0.5 0 0.866 4625.dat
1 7 -134.8172 -115.681 -88.161 0.5 0 -0.866 0 1 0 0.866 0 0.5 4032.dat
1 0 77.6655 -115.681 -280.1225 0.5 0 -0.866 0 1 0 0.866 0 0.5 3022.dat
1 0 137.6585 -115.681 -176.1985 0.5 0 -0.866 0 1 0 0.866 0 0.5 3022.dat
1 0 81.682 -115.681 -213.1605 0.5 0 -0.866 0 1 0 0.866 0 0.5 3460.dat
1 7 86.3254 -107.681 -285.1225 0.5 0 -0.866 0 1 0 0.866 0 0.5 3004.dat
1 7 146.3185 -107.681 -181.1985 0.5 0 -0.866 0 1 0 0.866 0 0.5 3004.dat
1 7 69.0054 -107.681 -275.1225 -0.5 0 0.866 0 1 0 -0.866 0 -0.5 3660.dat
1 7 128.9985 -107.681 -171.1985 -0.5 0 0.866 0 1 0 -0.866 0 -0.5 3660.dat
1 7 77.6655 -83.681 -280.1225 -0.5 0 0.866 0 1 0 -0.866 0 -0.5 2655.dat
1 7 137.6585 -83.681 -176.1985 -0.5 0 0.866 0 1 0 -0.866 0 -0.5 2655.dat
1 7 -134.8172 -107.681 -88.161 -0.5 0 0.866 0 1 0 -0.866 0 -0.5 2655.dat
1 0 -134.8172 -93.681 -88.161 -0.5 0 0.866 0 1 0 -0.866 0 -0.5 2496.dat
1 0 77.6655 -69.681 -280.1225 -0.5 0 0.866 0 1 0 -0.866 0 -0.5 2496.dat
1 0 137.6585 -69.681 -176.1985 -0.5 0 0.866 0 1 0 -0.866 0 -0.5 2496.dat
1 16 -167.1354 -171.681 -104.142 -0.866 0 -0.5 0 1 0 0.5 0 -0.866 4865.dat
1 16 -137.1397 -171.681 -52.1795 0.866 0 0.5 0 1 0 -0.5 0 0.866 4865.dat
1 7 -178.1171 -171.681 -63.161 0.5 0 -0.866 0 1 0 0.866 0 0.5 3039.dat
1 16 -108.838 -179.681 -103.1605 0.5 0 -0.866 0 1 0 0.866 0 0.5 3004.dat
1 0 -108.838 -187.681 -103.1605 0.5 0 -0.866 0 1 0 0.866 0 0.5 3023.dat
1 16 90.342 -163.681 -218.1605 0.5 0 -0.866 0 1 0 0.866 0 0.5 3020.dat
1 16 133.642 -163.681 -243.1605 0.5 0 -0.866 0 1 0 0.866 0 0.5 3023.dat
1 0 122.3046 -135.681 -282.802 0.5 0.866 0 0 0 1 0.866 -0.5 0 3956.dat
1 0 162.2994 -135.681 -213.519 0.5 0.866 0 0 0 1 0.866 -0.5 0 3956.dat
1 16 111.3229 -187.681 -241.821 0.866 0 0.5 0 1 0 -0.5 0 0.866 3038.dat
1 16 121.3211 -187.681 -224.5 -0.866 0 -0.5 0 1 0 0.5 0 -0.866 3038.dat
1 16 81.682 -187.681 -213.1605 -0.5 0 0.866 0 1 0 -0.866 0 -0.5 3010.dat
1 16 -100.178 -195.681 -108.1605 0.866 0 0.5 0 1 0 -0.5 0 0.866 2444.dat
1 16 -123.8354 -203.681 -129.142 0.5 0 -0.866 0 1 0 0.866 0 0.5 2420.dat
1 16 -93.8397 -203.681 -77.1795 -0.866 0 -0.5 0 1 0 0.5 0 -0.866 2420.dat
1 16 99.002 -195.681 -223.1605 0.5 0 -0.866 0 1 0 0.866 0 0.5 3794.dat
1 16 116.322 -195.681 -233.1605 0.5 0 -0.866 0 1 0 0.866 0 0.5 3794.dat
1 16 133.642 -195.681 -243.1605 0.5 0 -0.866 0 1 0 0.866 0 0.5 3794.dat
1 0 81.682 -195.681 -213.1605 0.5 0 -0.866 0 1 0 0.866 0 0.5 2431.dat
1 16 40.7037 -195.681 -224.1415 -0.866 0 -0.5 0 1 0 0.5 0 -0.866 4864.dat
1 16 70.7003 -195.681 -172.1795 0.866 0 0.5 0 1 0 -0.5 0 0.866 4864.dat
1 16 -132.4954 -195.681 -124.142 -0.866 0 -0.5 0 1 0 0.5 0 -0.866 4864.dat
1 16 -102.4997 -195.681 -72.1795 0.866 0 0.5 0 1 0 -0.5 0 0.866 4864.dat
1 16 -178.1171 -171.681 -63.161 -0.5 0 0.866 0 1 0 -0.866 0 -0.5 4858.dat
1 14 52.238 -155.681 -196.1605 0.5 0.866 0 0 0 1 0.866 -0.5 0 4589.dat
1 7 45.31 -155.681 -192.1605 0.5 0.866 0 0 0 1 0.866 -0.5 0 4032.dat
1 14 -13.578 -155.681 -158.1605 0.5 -0.866 0 0 0 -1 0.866 0.5 0 3957.dat
1 0 -4.918 -161.681 -163.1605 0.5 0 0.866 0 -1 0 0.866 0 -0.5 2555.dat
1 36 -20.506 -155.681 -154.1605 0.5 -0.866 0 0 0 -1 0.866 0.5 0 4740.dat
1 0 43.3811 -145.681 -179.5 -0.3535 0.866 -0.3535 0.707 0 -0.707 -0.612262 -0.5 -0.612262 4592.dat
1 14 43.3811 -145.681 -179.5 -0.3535 0.9305 -0.189888 0.707 0.129 -0.695 -0.612262 -0.388286 -0.69287 4593.dat
1 0 33.3829 -145.681 -196.821 -0.3535 0.866 0.3535 -0.707 0 -0.707 -0.612262 -0.5 0.612262 4592.dat
1 14 33.3829 -145.681 -196.821 -0.3535 0.8015 0.505112 -0.707 0.129 -0.695 -0.612262 -0.611714 0.51087 4593.dat
1 0 33.3829 -165.681 -196.821 0.3535 0.866 0.3535 -0.707 0 0.707 0.612262 -0.5 0.612262 4592.dat
1 14 33.3829 -165.681 -196.821 0.3535 0.8015 0.505112 -0.707 -0.129 0.695 0.612262 -0.611714 0.51087 4593.dat
1 0 43.3811 -165.681 -179.5 0.3535 0.866 -0.3535 0.707 0 0.707 0.612262 -0.5 -0.612262 4592.dat
1 14 43.3811 -165.681 -179.5 0.3535 0.9305 -0.189888 0.707 -0.129 0.695 0.612262 -0.388286 -0.69287 4593.dat
1 16 55.702 -203.681 -198.1605 0.5 0 -0.866 0 1 0 0.866 0 0.5 3020.dat
1 16 -91.518 -219.681 -113.1605 0.5 0 -0.866 0 1 0 0.866 0 0.5 3004.dat
1 0 129.2326 -135.681 -286.802 0.5 0.866 0 0 0 1 0.866 -0.5 0 3943.dat
1 0 169.2274 -135.681 -217.519 0.5 0.866 0 0 0 1 0.866 -0.5 0 3943.dat
1 43 -160.798 -203.681 -73.1605 -0.5 0 0.866 0 1 0 -0.866 0 -0.5 2437.dat
1 16 -113.8372 -227.681 -111.821 0.866 0 0.5 0 1 0 -0.5 0 0.866 3040.dat
1 16 -103.8389 -227.681 -94.5 -0.866 0 -0.5 0 1 0 0.5 0 -0.866 3040.dat
1 16 60.7011 -227.681 -189.5 -0.866 0 -0.5 0 1 0 0.5 0 -0.866 3039.dat
1 16 50.702 -227.681 -206.8205 0.866 0 0.5 0 1 0 -0.5 0 0.866 3039.dat
1 16 142.3011 -291.681 -248.16 -0.5 0 0.866 0 1 0 -0.866 0 -0.5 2340.dat
1 16 107.6611 -219.681 -228.16 -0.866 0 -0.5 0 1 0 0.5 0 -0.866 3701.dat
1 0 -81.126 -185.681 -119.1605 0 -0.5 0.866 -1 0 0 0 -0.866 -0.5 6048.dat
1 7 -55.146 -185.681 -134.1605 0 0.5 -0.866 -1 0 0 0 0.866 0.5 3612.dat
1 7 -31.764 -185.681 -147.6605 0 0.5 -0.866 -1 0 0 0 0.866 0.5 3612.dat
1 7 -8.382 -185.681 -161.1605 0 0.5 -0.866 -1 0 0 0 0.866 0.5 3612.dat
1 7 15 -185.681 -174.6605 0 0.5 -0.866 -1 0 0 0 0.866 0.5 3612.dat
1 7 26.258 -199.681 -181.1605 -0.866 0.5 0 0 0 1 0.5 0.866 0 3612.dat
1 7 14.134 -212.681 -174.1605 0 0.5 0.866 1 0 0 0 0.866 -0.5 3612.dat
1 7 -14.444 -212.681 -157.6605 -0.5 0 0.866 0 1 0 -0.866 0 -0.5 4220.dat
1 7 -14.4518 -212.548 -157.656 -0.5 -0.115178 0.866 0 1 0.133 -0.866 0.0665 -0.5 4221.dat
1 7 -15.444 -212.681 -159.3925 0.5 -0.115178 0.866 0 -0.991 -0.133 0.866 0.0665 -0.5 4221.dat
1 16 142.3011 -299.681 -248.16 -0.866 0 -0.5 0 1 0 0.5 0 -0.866 3069.dat
1 16 -126.158 -227.681 -93.1605 -0.5 0 0.866 0 1 0 -0.866 0 -0.5 4861.dat
1 16 -70.5822 -227.681 -136.795 0.866 0 0.5 0 1 0 -0.5 0 0.866 2582.dat
1 16 -1.3022 -227.681 -176.795 0.866 0 0.5 0 1 0 -0.5 0 0.866 2582.dat
1 16 8.7862 -227.681 -159.526 -0.866 0 -0.5 0 1 0 0.5 0 -0.866 2582.dat
1 16 -60.4938 -227.681 -119.526 -0.866 0 -0.5 0 1 0 0.5 0 -0.866 2582.dat
1 16 -25.8538 -235.681 -139.526 -0.866 0 -0.5 0 1 0 0.5 0 -0.866 2431.dat
1 16 -35.9422 -235.681 -156.795 -0.866 0 -0.5 0 1 0 0.5 0 -0.866 2431.dat
1 16 98.3237 -209.681 -264.3375 0 -0.5 -0.866 1 0 0 0 -0.866 0.5 4868.dat
1 16 134.3194 -209.681 -201.983 0 0.5 -0.866 -1 0 0 0 0.866 0.5 4868.dat
1 7 134.3194 -209.681 -201.983 0 0.5 -0.866 -1 0 0 0 0.866 0.5 4869.dat
1 7 98.3237 -209.681 -264.3375 0 -0.5 -0.866 1 0 0 0 -0.866 0.5 4869.dat
1 0 150.2837 -209.681 -294.3375 0 -0.866 0.5 1 0 0 0 0.5 0.866 6141.dat
1 0 186.2794 -209.681 -231.983 0 -0.866 0.5 1 0 0 0 0.5 0.866 6141.dat
1 0 207.0634 -209.681 -243.983 0 -0.866 0.5 1 0 0 0 0.5 0.866 4589.dat
1 0 171.0677 -209.681 -306.3375 0 -0.866 0.5 1 0 0 0 0.5 0.866 4589.dat
1 15 -127.89 -184.681 -92.1605 -0.5 0 0.866 0 1 0 -0.866 0 -0.5 973.dat
1 14 -127.89 -208.681 -92.1605 -0.5 0 0.866 0 1 0 -0.866 0 -0.5 3626.dat
1 4 -127.89 -208.681 -92.1605 -0.5 0 0.866 0 1 0 -0.866 0 -0.5 2446.dat
1 0 -127.89 -209.181 -92.1605 -0.5 0 0.866 0 1 0 -0.866 0 -0.5 2447.dat
