0 Main
0 Name: 8283 - Telehandler - Front End Loader.mpd
0 Author: LTRON
1 4 -50 0 100 0 -1 0 1 0 0 0 0 1 32249.dat
1 71 -25 40 100 -1 0 0 0 -1 0 0 0 1 4519.dat
1 0 -40 40 80 0 1 0 -1 0 0 0 0 1 41677.dat
1 4 -25 40 80 1 0 0 0 1 0 0 0 1 32062.dat
1 4 -25 40 -20 0 -1 0 1 0 0 0 0 1 41239.dat
1 0 -10 40 80 0 1 0 -1 0 0 0 0 1 41677.dat
1 0 -65 0 140 1 0 0 0 1 0 0 0 1 3705.dat
1 0 -25 0 140 0 0 1 0 1 0 -1 0 0 6538.dat
1 0 15 0 140 1 0 0 0 1 0 0 0 1 3705.dat
1 0 -25 40 60 1 0 0 0 1 0 0 0 1 6558.dat
1 0 -25 40 40 1 0 0 0 1 0 0 0 1 6558.dat
1 0 -25 40 -140 1 0 0 0 1 0 0 0 1 6558.dat
1 4 0 0 100 0 -1 0 1 0 0 0 0 1 32249.dat
1 4 -45 40 -200 0 -1 0 -1 0 0 0 0 -1 32009.dat
1 0 -65 40 -160 -1 0 0 0 1 0 0 0 -1 6558.dat
1 71 -25 40 -40 -1 0 0 0 1 0 0 0 -1 4519.dat
1 0 -25 -40 -200 -1 0 0 0 1 0 0 0 -1 3708.dat
1 71 -30 0 -200 0 1 0 1 0 0 0 0 -1 2905.dat
1 71 -20 0 -200 0 1 0 1 0 0 0 0 -1 2905.dat
1 71 -25 40 -200 -1 0 0 0 1 0 0 0 -1 44294.dat
1 4 -5 40 -200 0 -1 0 -1 0 0 0 0 -1 32009.dat
1 0 15 40 -160 1 0 0 0 1 0 0 0 1 6558.dat
1 4 -65 40 -220 0 -1 0 1 0 0 0 0 1 40490.dat
1 71 -25 40 -300 -1 0 0 0 1 0 0 0 -1 44294.dat
1 71 -45 40 -300 0 0 -1 0 1 0 1 0 0 3713.dat
1 71 -25 40 -300 0 0 -1 0 1 0 1 0 0 3713.dat
1 71 -5 40 -300 0 0 -1 0 1 0 1 0 0 3713.dat
1 4 15 40 -220 0 -1 0 1 0 0 0 0 1 40490.dat
1 72 -110 40 -280 -1 0 0 0 1 0 0 0 -1 59426.dat
1 71 -80 40 -260 0 -1 0 -1 0 0 0 0 -1 6632.dat
1 71 -90 40 -260 0 -1 0 -1 0 0 0 0 -1 6632.dat
1 4 -75 40 -260 -1 0 0 0 1 0 0 0 -1 32062.dat
1 71 -105 40 -280 0 0 1 0 1 0 -1 0 0 3713.dat
1 72 60 40 -280 1 0 0 0 -1 0 0 0 -1 59426.dat
1 71 30 40 -260 0 1 0 1 0 0 0 0 -1 6632.dat
1 71 40 40 -260 0 1 0 1 0 0 0 0 -1 6632.dat
1 4 25 40 -260 1 0 0 0 -1 0 0 0 -1 32062.dat
1 71 55 40 -280 0 0 -1 0 -1 0 -1 0 0 3713.dat
1 4 -85 40 -200 -1 0 0 0 0 1 0 1 0 6536.dat
1 4 35 40 -200 -1 0 0 0 0 1 0 1 0 6536.dat
1 72 -40 9.964 -248.297 0 -1 0 0.943 0 -0.332 0.332 0 0.943 32449.dat
1 4 -25 19.924 -276.587 -1 0 0 0 -0.943 -0.332 0 -0.332 0.943 32062.dat
1 4 -30 -20.0296 -278.2877 0 1 0 -0.042368 0 0.999395 0.999395 0 0.042368 32017.dat
1 4 -20 -20.0296 -278.2877 0 1 0 -0.042368 0 0.999395 0.999395 0 0.042368 32017.dat
1 0 -25 -59.9831 -279.9883 1 0 0 0 0.042368 0.999395 0 -0.999395 0.042368 6558.dat
1 0 -25 0.004 -220.007 -1 0 0 0 -0.943 -0.332 0 -0.332 0.943 3706.dat
1 72 -10 9.964 -248.297 0 -1 0 0.943 0 -0.332 0.332 0 0.943 32449.dat
1 71 5 0 -220 0 0 -1 0.332 -0.943 0 -0.943 -0.332 0 3713.dat
1 71 -55 0 -220 0 0 -1 0.332 -0.943 0 -0.943 -0.332 0 3713.dat
1 71 -70 0 -200 0 1 0 0 0 -1 -1 0 0 32250.dat
1 71 -25 0 -200 -1 0 0 0 0 -1 0 -1 0 32073.dat
1 71 -60 -40 -200 0 1 0 -1 0 0 0 0 1 2905.dat
1 4 -75 -80 -200 1 0 0 0 1 0 0 0 1 32062.dat
1 0 -35 -60 -200 -1 0 0 0 -1 0 0 0 1 3706.dat
1 71 -85 -60 -200 0 0 1 0 -1 0 1 0 0 3647.dat
1 71 -85 -40 -200 0 0 -1 0 1 0 1 0 0 3713.dat
1 71 -100 -40 -200 0 0 -1 0 1 0 1 0 0 32123.dat
1 72 -45 -60 -300 0 -1 0 1 0 0 0 0 1 32525.dat
1 71 -30 -100 -200 0 -1 0 0 0 1 -1 0 0 6632.dat
1 71 -20 -100 -200 0 -1 0 0 0 1 -1 0 0 6632.dat
1 71 -60 -60 -320 0 -1 0 -1 0 0 0 0 -1 32056.dat
1 0 -25 -100 -320 1 0 0 0 -1 0 0 0 -1 3705.dat
1 4 -45 -100 -260 0 1 0 1 0 0 0 0 -1 32524.dat
1 0 -25 -100 -250 -1 0 0 0 0 -1 0 -1 0 32138.dat
1 0 -25 -61.64 -352.07 0 0 -1 -0.767 0.641 0 0.641 0.767 0 3705.dat
1 4 -25 -23.279 -384.14 -1 0 0 0 0.641 0.767 0 0.767 -0.641 32013.dat
1 4 -25 -100 -320 1 0 0 0 0.641 -0.767 0 0.767 0.641 32013.dat
1 4 -5 -100 -260 0 1 0 1 0 0 0 0 -1 32524.dat
1 0 -25 -60 -320 1 0 0 0 -1 0 0 0 -1 3705.dat
1 72 -5 -60 -300 0 -1 0 1 0 0 0 0 1 32525.dat
1 71 -25 -100 -200 -1 0 0 0 1 0 0 0 -1 4519.dat
1 71 10 -60 -320 0 -1 0 -1 0 0 0 0 -1 32056.dat
1 71 -25 -40 -180 0 1 0 0 0 1 1 0 0 32140.dat
1 0 -25 -40 -180 1 0 0 0 0 1 0 -1 0 3705.dat
1 0 -45 -40 -160 -1 0 0 0 0 1 0 1 0 42003.dat
1 0 -5 -40 -160 -1 0 0 0 0 1 0 1 0 42003.dat
1 0 -5 -50 -140 0 0 1 1 0 0 0 1 0 2780.dat
1 0 -45 -50 -140 0 0 1 1 0 0 0 1 0 2780.dat
1 71 -25 -60 -140 0 0 1 0 -1 0 1 0 0 32524.dat
1 71 35 -70 -140 0 0 1 -1 0 0 0 -1 0 4274.dat
1 71 -25 -70 -140 0 0 1 -1 0 0 0 -1 0 4274.dat
1 71 -85 -70 -140 0 0 1 -1 0 0 0 -1 0 4274.dat
1 71 10 -40 -200 0 1 0 -1 0 0 0 0 1 2905.dat
1 71 20 0 -200 0 1 0 0 0 -1 -1 0 0 32250.dat
1 4 25 -80 -200 1 0 0 0 1 0 0 0 1 32062.dat
1 71 35 0 -220 0 0 1 0.332 0.943 0 -0.943 0.332 0 3648.dat
1 71 35 -40 -200 0 0 -1 0 -1 0 -1 0 0 3713.dat
1 71 50 -40 -200 0 0 -1 0 -1 0 -1 0 0 32123.dat
1 4 45 40 -160 1 0 0 0 -1 0 0 0 -1 75535.dat
1 4 -95 40 -160 1 0 0 0 -1 0 0 0 -1 75535.dat
1 71 -25 -78 -140 1 0 0 0 1 0 0 0 1 30663.dat
1 4 65 -40 -200 0 1 0 -1 0 0 0 0 1 41669.dat
1 4 -135 -40 -200 0 1 0 -1 0 0 0 0 1 41669.dat
1 4 85 -40 -200 0 -1 0 1 0 0 0 0 1 41669.dat
1 4 -115 -40 -200 0 -1 0 1 0 0 0 0 1 41669.dat
1 0 35 -30 -180 0 -0.848 -0.53 1 0 0 0 -0.53 0.848 3707.dat
1 0 35 -100 -180 0.53 -0.848 0 0 0 1 -0.848 -0.53 0 32270.dat
1 4 35 -80 -200 -1 0 0 0 0 1 0 1 0 6536.dat
1 71 35 -60 -180 -0.848 0.53 0 0 0 -1 -0.53 -0.848 0 3713.dat
1 71 35 -40 -180 -0.848 0.53 0 0 0 -1 -0.53 -0.848 0 3713.dat
1 71 35 -25 -180 -0.848 0.53 0 0 0 -1 -0.53 -0.848 0 32123.dat
1 0 35 0 -180 -0.848 0.53 0 0 0 -1 -0.53 -0.848 0 4716.dat
1 71 35 25 -180 -0.848 0.53 0 0 0 -1 -0.53 -0.848 0 32123.dat
1 71 -5 60 0 0 0 -1 0 -1 0 -1 0 0 6536.dat
1 0 -5 60 30 0 0 -1 0 -1 0 -1 0 0 3705.dat
1 0 -5 40 20 0 0 -1 0 -1 0 -1 0 0 42003.dat
1 71 -5 60 40 0 0 -1 0 -1 0 -1 0 0 6536.dat
1 71 -5 60 60 0 0 -1 0 -1 0 -1 0 0 6536.dat
1 71 -25 20 20 -1 0 0 0 0 -1 0 -1 0 6536.dat
1 71 -25 20 20 -1 0 0 0 0 -1 0 -1 0 4519.dat
1 0 -25 40 -20 1 0 0 0 1 0 0 0 1 6558.dat
1 71 -45 60 0 0 0 -1 0 -1 0 -1 0 0 6536.dat
1 0 -45 60 30 0 0 -1 0 -1 0 -1 0 0 3705.dat
1 0 -45 40 20 0 0 -1 0 -1 0 -1 0 0 42003.dat
1 71 -45 60 40 0 0 -1 0 -1 0 -1 0 0 6536.dat
1 71 -45 60 60 0 0 -1 0 -1 0 -1 0 0 6536.dat
1 0 -85 30 30 -1 0 0 0 1 0 0 0 -1 32068.dat
1 72 -105 40 10 1 0 0 0 1 0 0 0 1 6587.dat
1 71 -100 40 10 0 0 1 0 1 0 -1 0 0 32123.dat
1 71 -110 40 10 0 0 1 0 1 0 -1 0 0 32123.dat
1 0 -55 40 10 0 1 0 1 0 0 0 0 -1 32069.dat
1 0 35 50 30 1 0 0 0 -1 0 0 0 -1 32068.dat
1 72 55 40 10 -1 0 0 0 -1 0 0 0 1 6587.dat
1 71 50 40 10 0 0 -1 0 -1 0 -1 0 0 32123.dat
1 71 60 40 10 0 0 -1 0 -1 0 -1 0 0 32123.dat
1 0 5 40 10 0 -1 0 -1 0 0 0 0 -1 32069.dat
1 19 -85 30 50 0 -1 0 1 0 0 0 0 1 3749.dat
1 19 35 30 50 0 -1 0 1 0 0 0 0 1 3749.dat
1 71 -25 20 50 0 0 1 0 1 0 -1 0 0 32524.dat
1 19 -45 10 50 0 0 1 -1 0 0 0 -1 0 3749.dat
1 19 -5 10 50 0 0 1 -1 0 0 0 -1 0 3749.dat
1 71 -45 0 50 -1 0 0 0 0 -1 0 -1 0 3713.dat
1 71 -5 0 50 -1 0 0 0 0 -1 0 -1 0 3713.dat
1 0 -85 -30 -180 0 0.707 0.707 1 0 0 0 0.707 -0.707 3707.dat
1 0 -85 -100 -180 -0.707 0.707 0 0 0 1 0.707 0.707 0 32270.dat
1 4 -85 -80 -200 1 0 0 0 0 -1 0 1 0 6536.dat
1 0 -85 -50 -180 -0.707 0.707 0 0 0 -1 -0.707 -0.707 0 4716.dat
1 71 -85 -20 -180 -0.707 0.707 0 0 0 -1 -0.707 -0.707 0 3713.dat
1 71 -85 0 -180 -0.707 0.707 0 0 0 -1 -0.707 -0.707 0 3713.dat
1 71 -85 20 -180 -0.707 0.707 0 0 0 -1 -0.707 -0.707 0 3713.dat
1 71 15 -19.876 -123.851 -1 0 0 0 0.998 0.064 0 0.064 -0.998 4519.dat
1 0 -25 -19.876 -123.851 0 0 -1 -0.064 0.998 0 0.998 0.064 0 32034.dat
1 71 -65 -19.876 -123.851 -1 0 0 0 0.998 0.064 0 0.064 -0.998 4519.dat
1 0 15 0.084 -122.571 -1 0 0 0 -0.064 0.998 0 0.998 0.064 32039.dat
1 0 -65 0.084 -122.571 -1 0 0 0 -0.064 0.998 0 0.998 0.064 32039.dat
1 4 15 10.064 -121.931 0 0 1 0.998 -0.064 0 0.064 0.998 0 32062.dat
1 4 -65 10.064 -121.931 0 0 1 0.998 -0.064 0 0.064 0.998 0 32062.dat
1 0 15 20.044 -121.291 1 0 0 0 -0.064 -0.998 0 0.998 -0.064 32039.dat
1 0 -65 20.044 -121.291 1 0 0 0 -0.064 -0.998 0 0.998 -0.064 32039.dat
1 71 -25 40.004 -120.011 -1 0 0 0 0.998 0.064 0 0.064 -0.998 32073.dat
1 4 -45 -60 -20 0 1 0 0 0 1 1 0 0 32525.dat
1 0 -25 -50 -20 -1 0 0 0 -1 0 0 0 1 32138.dat
1 4 -65 -80 140 0 -1 0 1 0 0 0 0 1 32009.dat
1 1 -75 -80 20 -1 0 0 0 -1 0 0 0 1 43093.dat
1 4 -80 -80 20 0 -1 0 1 0 0 0 0 1 32250.dat
1 0 -25 -80 -20 1 0 0 0 1 0 0 0 1 3737.dat
1 71 -80 0 140 0 0 1 0 1 0 -1 0 0 32123.dat
1 71 -95 -80 -20 0 0 1 0 1 0 -1 0 0 3713.dat
1 71 -90 -19.876 -123.851 0 0 1 0.064 0.998 0 -0.998 0.064 0 32123.dat
1 4 -80 -49.938 -71.926 0 -1 0 -0.865 0 0.501 -0.501 0 -0.865 32065.dat
1 0 -115 -80 40 0 -1 0 1 0 0 0 0 1 32014.dat
1 4 -115 -80 10 0 -1 0 0 0 -1 1 0 0 32062.dat
1 0 -115 -80 -20 1 0 0 0 -1 0 0 0 -1 32192.dat
1 0 -65 -80 40 1 0 0 0 1 0 0 0 1 3705.dat
1 4 -115 -58.787 -41.213 0 0 1 0.707 0.707 0 -0.707 0.707 0 32062.dat
1 0 -115 -44.645 -55.355 -1 0 0 0 0.707 0.707 0 0.707 -0.707 6538.dat
1 71 -50 -40 -40 0 -1 0 -1 0 0 0 0 -1 32056.dat
1 71 -25 -80 -40 1 0 0 0 -1 0 0 0 -1 4519.dat
1 71 -40 -80 -40 0 1 0 0 0 -1 -1 0 0 6632.dat
1 4 -25 -120 -40 -1 0 0 0 0 -1 0 -1 0 32062.dat
1 71 -25 -120 -40 0 0 1 -1 0 0 0 -1 0 3713.dat
1 71 -25 -40 -80 1 0 0 0 -1 0 0 0 -1 4519.dat
1 71 -30 -80 -20 0 1 0 1 0 0 0 0 -1 41677.dat
1 71 -20 -80 -20 0 1 0 1 0 0 0 0 -1 41677.dat
1 4 -35 -40 -60 1 0 0 0 1 0 0 0 1 32039.dat
1 4 -15 -40 -60 1 0 0 0 1 0 0 0 1 32039.dat
1 71 -10 -80 -40 0 1 0 0 0 -1 -1 0 0 6632.dat
1 71 0 -40 -40 0 -1 0 -1 0 0 0 0 -1 32056.dat
1 71 -50 -80 40 0 0 -1 0 1 0 1 0 0 32123.dat
1 4 -80 -160 -20 0 1 0 1 0 0 0 0 -1 32056.dat
1 71 -55 -120 -20 -1 0 0 0 1 0 0 0 -1 4519.dat
1 72 -75 -160 -40 -1 0 0 0 1 0 0 0 -1 32002.dat
1 71 -65 -120 -20 0 0 1 0 1 0 -1 0 0 3713.dat
1 4 -65 -160 -60 0 -1 0 -1 0 0 0 0 -1 32316.dat
1 0 -25 -160 -20 1 0 0 0 -1 0 0 0 -1 3706.dat
1 4 -25 -160 -20 1 0 0 0 0 -1 0 1 0 6536.dat
1 71 -25 -80 0 0 1 0 1 0 0 0 0 -1 32073.dat
1 0 -25 -130 0 0 1 0 0 0 1 1 0 0 6538.dat
1 0 -25 -30 0 0 1 0 0 0 1 1 0 0 6538.dat
1 71 -25 0 0 0 1 0 1 0 0 0 0 -1 4519.dat
1 72 -25 -5 30 1 0 0 0 -1 0 0 0 -1 32449.dat
1 72 -25 5 30 1 0 0 0 -1 0 0 0 -1 32449.dat
1 0 -25 -170 0 0 -1 0 -1 0 0 0 0 -1 3705.dat
1 4 -5 -60 -20 0 1 0 0 0 1 1 0 0 32525.dat
1 71 -25 -175 0 0 -1 0 0 0 -1 1 0 0 32123.dat
1 0 -45 -120 80 -1 0 0 0 0 -1 0 -1 0 32015.dat
1 4 -45 -90 80 0 0 1 -1 0 0 0 -1 0 32062.dat
1 4 -45 -80 80 0 0 1 -1 0 0 0 -1 0 6536.dat
1 0 -55 -80 60 1 0 0 0 0 1 0 -1 0 2780.dat
1 0 -25 -80 40 0 0 1 0 1 0 -1 0 0 6538.dat
1 0 15 -80 40 -1 0 0 0 1 0 0 0 -1 3705.dat
1 71 0 -80 40 0 0 -1 0 1 0 1 0 0 32123.dat
1 4 15 -80 140 0 -1 0 1 0 0 0 0 1 32009.dat
1 1 25 -80 20 1 0 0 0 1 0 0 0 1 43093.dat
1 4 30 -80 20 0 -1 0 1 0 0 0 0 1 32250.dat
1 4 30 -49.938 -71.926 0 -1 0 -0.865 0 0.501 -0.501 0 -0.865 32065.dat
1 71 40 -19.876 -123.851 0 0 1 0.064 0.998 0 -0.998 0.064 0 32123.dat
1 71 45 -80 -20 0 0 1 0 1 0 -1 0 0 3713.dat
1 71 30 0 140 0 0 1 0 1 0 -1 0 0 32123.dat
1 0 65 -80 40 0 1 0 -1 0 0 0 0 1 32014.dat
1 4 65 -80 10 0 1 0 0 0 1 1 0 0 32062.dat
1 0 65 -80 -20 1 0 0 0 -1 0 0 0 -1 32192.dat
1 4 65 -58.787 -41.213 0 0 1 -0.707 -0.707 0 0.707 -0.707 0 32062.dat
1 0 65 -44.645 -55.355 0 1 0 0.707 0 0.707 0.707 0 -0.707 6538.dat
1 4 30 -160 -20 0 -1 0 0 0 1 -1 0 0 32056.dat
1 71 5 -120 -20 -1 0 0 0 0 1 0 1 0 4519.dat
1 72 25 -160 -40 1 0 0 0 0 1 0 -1 0 32002.dat
1 71 15 -120 -20 0 0 1 -1 0 0 0 -1 0 3713.dat
1 4 15 -160 -60 0 -1 0 -1 0 0 0 0 -1 32316.dat
1 0 -25 -160 -60 1 0 0 0 -1 0 0 0 -1 3706.dat
1 71 -45 -160 -60 0 0 1 0 -1 0 1 0 0 3713.dat
1 71 -25 -160 -60 0 0 1 0 -1 0 1 0 0 3713.dat
1 71 -5 -160 -60 0 0 1 0 -1 0 1 0 0 3713.dat
1 71 -95 0 140 -1 0 0 0 -1 0 0 0 1 32291.dat
1 71 -105 -20 150 0 0 1 0 -1 0 1 0 0 4274.dat
1 71 -85 -20 150 0 0 1 0 -1 0 1 0 0 4274.dat
1 71 45 0 140 -1 0 0 0 -1 0 0 0 1 32291.dat
1 71 35 -20 150 0 0 1 0 -1 0 1 0 0 4274.dat
1 71 55 -20 150 0 0 1 0 -1 0 1 0 0 4274.dat
1 0 -25 -23.279 -384.14 1 0 0 0 0.918 -0.397 0 0.397 0.918 2951.dat
1 71 20 -23.279 -384.14 0 0 1 -0.642 0.767 0 -0.767 -0.642 0 32123.dat
1 71 -70 -23.279 -384.14 0 0 1 -0.642 0.767 0 -0.767 -0.642 0 32123.dat
1 71 -70 -60 -400 0 0 1 0 1 0 -1 0 0 32123.dat
1 71 20 -60 -400 0 0 1 0 1 0 -1 0 0 32123.dat
1 71 -25 -60 -400 1 0 0 0 1 0 0 0 1 32073.dat
1 71 -25 -23.279 -384.14 1 0 0 0 0.641 -0.767 0 0.767 0.641 32073.dat
1 46 -25 -184 0 -1 0 0 0 -1 0 0 0 1 6143.dat
1 0 -25 -208 0 -1 0 0 0 -1 0 0 0 1 2654.dat
1 1 25 -160 -100 1 0 0 0 -0.707 0.707 0 -0.707 -0.707 43093.dat
1 1 -75 -160 -100 -1 0 0 0 0.707 0.707 0 0.707 -0.707 43093.dat
1 4 35 -145.858 -114.142 -1 0 0 0 0.707 0.707 0 0.707 -0.707 32039.dat
1 4 -85 -145.858 -114.142 -1 0 0 0 0.707 0.707 0 0.707 -0.707 32039.dat
1 15 84 40 -280 0 0 -1 0 -1 0 -1 0 0 6595.dat
1 256 84 40 -280 0 0 -1 0 -1 0 -1 0 0 32180.dat
1 15 -134 40 -280 0 0 1 0 -1 0 1 0 0 6595.dat
1 256 -134 40 -280 0 0 1 0 -1 0 1 0 0 32180.dat
1 15 -134 40 10 0 0 1 0 -1 0 1 0 0 6595.dat
1 256 -134 40 10 0 0 1 0 -1 0 1 0 0 32180.dat
1 15 84 40 10 0 0 -1 0 -1 0 -1 0 0 6595.dat
1 256 84 40 10 0 0 -1 0 -1 0 -1 0 0 32180.dat
