0 
0 Name: New Model.ldr
0 Author: 
1 0 -10 -167 -240 1 0 0 0 0.985 -0.174 0 0.174 0.985 3705.dat
1 0 -40 -167 -240 -1 0 0 0 0.174 -0.985 0 -0.985 -0.174 32291.dat
1 15 -25 -173.96 -200.6 0 -1 0 -0.985 0 0.174 -0.174 0 -0.985 6632.dat
1 0 -20 -156.56 -299.1 0 1 0 -0.985 0 -0.174 -0.174 0 0.985 2825.dat
1 0 0 -156.56 -299.1 0 -1 0 0.985 0 -0.174 0.174 0 0.985 2825.dat
1 71 -10 -173.96 -200.6 -1 0 0 0 -0.985 -0.174 0 -0.174 0.985 4519.dat
1 71 -10 -173.96 -200.6 0 -1 0 -0.174 0 -0.985 0.985 0 -0.174 60483.dat
1 1 -10 -193.66 -204.08 1 0 0 0 -0.174 -0.985 0 0.985 -0.174 6558.dat
1 4 -10 -170.48 -220.3 1 0 0 0 -0.174 -0.985 0 0.985 -0.174 11214.dat
1 0 -10 -190.18 -223.78 0 0 1 0.174 0.985 0 -0.985 0.174 0 42003.dat
1 4 -10 -190.18 -223.78 1 0 0 0 -0.174 -0.985 0 0.985 -0.174 11214.dat
1 15 5 -173.96 -200.6 0 -1 0 -0.985 0 0.174 -0.174 0 -0.985 6632.dat
1 0 20 -167 -240 -1 0 0 0 0.174 -0.985 0 -0.985 -0.174 32291.dat
1 0 -30 -173.37 -261.44 0 1 0 0.985 0 0.174 0.174 0 -0.985 2780.dat
1 0 10 -173.37 -261.44 0 1 0 0.985 0 0.174 0.174 0 -0.985 2780.dat
1 4 15 -179.18 -171.05 0 1 0 0.985 0 0.174 0.174 0 -0.985 32449.dat
1 71 -10 -184.4 -141.5 -1 0 0 0 0.985 0.174 0 0.174 -0.985 44294.dat
1 71 0 -184.4 -141.5 0 -1 0 0.985 0 -0.174 0.174 0 0.985 60483.dat
1 71 -20 -184.4 -141.5 0 -1 0 0.985 0 -0.174 0.174 0 0.985 60483.dat
1 4 -35 -179.18 -171.05 0 1 0 0.985 0 0.174 0.174 0 -0.985 32449.dat
1 71 -10 -156.56 -299.1 -1 0 0 0 0.985 0.174 0 0.174 -0.985 44294.dat
1 0 -35 -176.26 -302.58 0 1 0 -0.174 0 0.985 0.985 0 0.174 41677.dat
1 0 -10 -176.26 -302.58 1 0 0 0 0.985 -0.174 0 0.174 0.985 3705.dat
1 0 15 -176.26 -302.58 0 1 0 -0.174 0 0.985 0.985 0 0.174 41677.dat
1 71 55 -156.56 -299.1 0 0 1 -0.985 0.174 0 -0.174 -0.985 0 32123.dat
1 71 -75 -156.56 -299.1 0 0 1 -0.985 0.174 0 -0.174 -0.985 0 32123.dat
1 70 -10 -179.74 -282.88 -1 0 0 0 -0.174 0.985 0 0.985 0.174 63869.dat
1 0 -10 -179.74 -282.88 1 0 0 0 0.985 -0.174 0 0.174 0.985 3705.dat
1 71 -25 -179.74 -282.88 0 0 1 -0.985 0.174 0 -0.174 -0.985 0 32123.dat
1 71 5 -179.74 -282.88 0 0 1 -0.985 0.174 0 -0.174 -0.985 0 32123.dat
1 25 -60 -179.74 -282.88 0 0 -1 0.174 -0.985 0 -0.985 -0.174 0 32013.dat
1 25 40 -179.74 -282.88 0 0 1 -0.174 -0.985 0 0.985 -0.174 0 32013.dat
1 71 -60 -178 -292.73 0 0 1 0.174 0.985 0 -0.985 0.174 0 4274.dat
1 71 40 -178 -292.73 0 0 1 0.174 0.985 0 -0.985 0.174 0 4274.dat
1 47 -60 -176.608 -300.61 0 0 1 0.985 -0.174 0 0.174 0.985 0 98138.dat
1 47 40 -176.608 -300.61 0 0 1 0.985 -0.174 0 0.174 0.985 0 98138.dat
1 72 -30 -200.62 -164.68 0 1 0 0.985 0 0.174 0.174 0 -0.985 32524.dat
1 19 -10 -211.06 -105.58 1 0 0 0 -0.672209 -0.740568 0 0.740568 -0.672209 32556.dat
1 4 -10 -197.14 -184.38 1 0 0 0 -0.985 0.174 0 -0.174 -0.985 87082.dat
1 72 10 -200.62 -164.68 0 1 0 0.985 0 0.174 0.174 0 -0.985 32524.dat
1 0 20 -204.1 -144.98 -1 0 0 0 0.985 0.174 0 0.174 -0.985 2780.dat
1 0 -40 -204.1 -144.98 -1 0 0 0 0.985 0.174 0 0.174 -0.985 2780.dat
1 71 30 -184.4 -141.5 0 -1 0 -0.174 0 -0.985 0.985 0 -0.174 60483.dat
1 71 -50 -184.4 -141.5 0 -1 0 -0.174 0 -0.985 0.985 0 -0.174 60483.dat
1 19 30 -153.67 -257.96 0 -1 0 0.985 0 -0.174 0.174 0 0.985 3749.dat
1 19 -50 -153.67 -257.96 0 -1 0 0.985 0 -0.174 0.174 0 0.985 3749.dat
1 71 -10 -197.14 -184.38 0 -1 0 0.985 0 -0.174 0.174 0 0.985 4519.dat
1 71 -10 -177.44 -180.9 -1 0 0 0 -0.985 -0.174 0 -0.174 0.985 60483.dat
1 71 -10 -226.69 -189.6 -1 0 0 0 -0.174 0.985 0 0.985 0.174 59443.dat
1 71 30 -147.3 -236.52 0 0 -1 -0.985 -0.174 0 -0.174 0.985 0 32184.dat
1 71 -50 -147.3 -236.52 0 0 -1 -0.985 -0.174 0 -0.174 0.985 0 32184.dat
1 19 30 -140.93 -215.08 0 1 0 -0.985 0 -0.174 -0.174 0 0.985 3749.dat
1 19 -50 -140.93 -215.08 0 1 0 -0.985 0 -0.174 -0.174 0 0.985 3749.dat
1 0 -10 -131.08 -213.34 0 0 -1 -0.174 0.985 0 0.985 0.174 0 32316.dat
1 0 -10 -140.93 -215.08 0 1 0 0.985 0 0.174 0.174 0 -0.985 2780.dat
1 0 -30 -140.93 -215.08 0 1 0 0.985 0 0.174 0.174 0 -0.985 2780.dat
1 4 -10 -161.22 -157.72 -1 0 0 0 0.985 0.174 0 0.174 -0.985 32140.dat
1 19 -10 -171.07 -159.46 0 -1 0 0.985 0 -0.174 0.174 0 0.985 3749.dat
1 14 -10 -187.88 -121.8 -1 0 0 0 -0.994668 0.11073 0 0.11073 0.994668 32073.dat
1 71 15 -187.88 -121.8 0 0 1 -0.994668 -0.11073 0 0.11073 -0.994668 0 32123.dat
1 0 30 -187.88 -121.8 0 -1 0 0.994668 0 0.11073 -0.11073 0 0.994668 32348.dat
1 14 -10 -129.557 -31.6654 -1 0 0 0 -0.862045 -0.507788 0 -0.507788 0.862045 32073.dat
1 71 10 -129.557 -31.6654 0 0 -1 -0.862045 -0.507788 0 -0.507788 0.862045 0 3713.dat
0 !LEOCAD SYNTH BEGIN
0 !LEOCAD SYNTH CONTROL_POINT 0 110 0 1 0 0 0 1 0 0 0 1 1
0 !LEOCAD SYNTH CONTROL_POINT 0 0 0 1 0 0 0 1 0 0 0 1 1
1 71 -10 -211.06 -105.58 0 0 1 0.672209 0.740568 0 -0.740568 0.672209 0 73129.dat
0 !LEOCAD SYNTH END
1 71 -35 -187.88 -121.8 0 0 1 -0.994668 -0.11073 0 0.11073 -0.994668 0 32123.dat
1 71 -30 -129.557 -31.6654 0 0 1 -0.862045 0.507788 0 -0.507788 -0.862045 0 3713.dat
1 0 -50 -187.88 -121.8 0 -1 0 0.994668 0 0.11073 -0.11073 0 0.994668 32348.dat
1 0 -60 -183.4613 -82.0344 -1 0 0 0 0.985 0.174 0 0.174 -0.985 2780.dat
1 0 40 -183.4613 -82.0344 -1 0 0 0 0.985 0.174 0 0.174 -0.985 2780.dat
1 0 -70 -187.88 -121.8 -1 0 0 0 -0.174 0.985 0 0.985 0.174 42003.dat
1 0 50 -187.88 -121.8 -1 0 0 0 -0.174 0.985 0 0.985 0.174 42003.dat
1 19 -60 -147.3 -236.52 -1 0 0 0 -0.985 -0.174 0 -0.174 0.985 3749.dat
1 19 40 -147.3 -236.52 1 0 0 0 0.985 -0.174 0 0.174 0.985 3749.dat
1 19 40 -146.7886 -41.8276 1 0 0 0 0.985 -0.174 0 0.174 0.985 3749.dat
1 19 -60 -146.7886 -41.8276 -1 0 0 0 0.985 0.174 0 0.174 -0.985 3749.dat
1 0 50 -183.4613 -82.0344 0 -1 0 -0.985 0 0.174 -0.174 0 -0.985 18654.dat
1 0 -70 -183.4613 -82.0344 0 -1 0 -0.985 0 0.174 -0.174 0 -0.985 18654.dat
1 1 50 -211.06 -105.58 0 0 -1 -0.985 -0.174 0 -0.174 0.985 0 6558.dat
1 1 -70 -211.06 -105.58 0 0 -1 -0.985 -0.174 0 -0.174 0.985 0 6558.dat
1 25 -70 -211.06 -105.58 1 0 0 0 0.985 -0.174 0 0.174 0.985 32526.dat
1 25 50 -211.06 -105.58 -1 0 0 0 -0.985 -0.174 0 -0.174 0.985 32526.dat
1 0 -50 -215.13 -25.04 0 1 0 0.985 0 0.174 0.174 0 -0.985 2780.dat
1 0 -30 -215.13 -25.04 0 1 0 0.985 0 0.174 0.174 0 -0.985 2780.dat
1 0 10 -215.13 -25.04 0 1 0 0.985 0 0.174 0.174 0 -0.985 2780.dat
1 0 30 -215.13 -25.04 0 1 0 0.985 0 0.174 0.174 0 -0.985 2780.dat
1 0 50 -234.83 -28.52 0 1 0 0.985 0 0.174 0.174 0 -0.985 2780.dat
1 0 -70 -234.83 -28.52 0 1 0 0.985 0 0.174 0.174 0 -0.985 2780.dat
1 71 50 -204.69 -84.14 0 1 0 0.985 0 0.174 0.174 0 -0.985 4274.dat
1 71 -70 -204.69 -84.14 0 1 0 0.985 0 0.174 0.174 0 -0.985 4274.dat
1 0 -10 -205.28 -23.3 0 0 -1 -0.174 0.985 0 0.985 0.174 0 32316.dat
1 1 50 -207.58 -125.28 0 0 -1 -0.985 -0.174 0 -0.174 0.985 0 6558.dat
1 1 -70 -207.58 -125.28 0 0 -1 -0.985 -0.174 0 -0.174 0.985 0 6558.dat
1 25 -70 -204.1 -144.98 -1 0 0 0 -0.985 -0.174 0 -0.174 0.985 32523.dat
1 25 50 -204.1 -144.98 -1 0 0 0 -0.985 -0.174 0 -0.174 0.985 32523.dat
1 72 -70 -234.24 -89.36 -1 0 0 0 0.985 0.174 0 0.174 -0.985 32524.dat
1 72 50 -234.24 -89.36 -1 0 0 0 0.985 0.174 0 0.174 -0.985 32524.dat
1 4 -70 -223.8 -148.46 0 0 -1 -0.985 -0.174 0 -0.174 0.985 0 11214.dat
1 4 50 -223.8 -148.46 0 0 -1 -0.985 -0.174 0 -0.174 0.985 0 11214.dat
1 0 -70 -243.5 -151.94 0 1 0 -0.174 0 0.985 0.985 0 0.174 32039.dat
1 0 50 -243.5 -151.94 0 1 0 -0.174 0 0.985 0.985 0 0.174 32039.dat
1 72 -70 -261.112 -167.24 0 1 0 0.174 0 -0.985 -0.985 0 -0.174 87083.dat
1 72 50 -261.112 -167.24 0 1 0 0.174 0 -0.985 -0.985 0 -0.174 87083.dat
1 72 50 -220.32 -168.16 -1 0 0 0 0.174 -0.985 0 -0.985 -0.174 32140.dat
1 72 -70 -220.32 -168.16 1 0 0 0 -0.174 -0.985 0 0.985 -0.174 32140.dat
1 0 50 -256.24 -194.82 0 -1 0 0.174 0 0.985 -0.985 0 0.174 6553.dat
1 0 -70 -256.24 -194.82 0 1 0 0.174 0 -0.985 -0.985 0 -0.174 6553.dat
1 0 30 -277.68 -188.45 0 1 0 -0.174 0 0.985 0.985 0 0.174 2780.dat
1 0 -50 -277.68 -188.45 0 1 0 -0.174 0 0.985 0.985 0 0.174 2780.dat
1 72 -50 -275.94 -198.3 -1 0 0 0 -0.174 0.985 0 0.985 0.174 27940.dat
1 72 30 -275.94 -198.3 -1 0 0 0 -0.174 0.985 0 0.985 0.174 27940.dat
1 25 -10 -256.24 -194.82 0 0 1 -0.985 0.174 0 -0.174 -0.985 0 32034.dat
1 72 -10 -275.94 -198.3 0 0 1 -0.985 0.174 0 -0.174 -0.985 0 32034.dat
1 25 50 -270.16 -116.02 0 -1 0 -0.985 0 0.174 -0.174 0 -0.985 25214.dat
1 25 -70 -270.16 -116.02 0 -1 0 -0.985 0 0.174 -0.174 0 -0.985 25214.dat
1 72 -10 -268.06 -196.908 0 -1 0 -0.985 0 0.174 -0.174 0 -0.985 87083.dat
1 0 -10 -295.64 -201.78 0 -1 0 0.174 0 0.985 -0.985 0 0.174 32270.dat
1 4 -70 -218.58 -178.01 0 -1 0 0.174 0 0.985 -0.985 0 0.174 32062.dat
1 25 -70 -216.84 -187.86 -1 0 0 0 0.985 0.174 0 0.174 -0.985 11947.dat
1 4 -10 -211.62 -217.41 0 0 -1 0.174 -0.985 0 -0.985 -0.174 0 32062.dat
1 1 -55 -233.06 -211.04 0 -1 0 -0.174 0 -0.985 0.985 0 -0.174 41677.dat
1 14 -10 -233.06 -211.04 1 0 0 0 -0.174 -0.985 0 0.985 -0.174 32073.dat
1 14 -10 -252.76 -214.52 1 0 0 0 -0.174 -0.985 0 0.985 -0.174 32073.dat
1 72 -40 -272.46 -218 0 -1 0 0.174 0 0.985 -0.985 0 0.174 32140.dat
1 4 -40 -213.36 -207.56 -1 0 0 0 -0.174 0.985 0 0.985 0.174 32062.dat
1 4 -40 -209.88 -227.26 -1 0 0 0 -0.174 0.985 0 0.985 0.174 32062.dat
1 1 -55 -213.36 -207.56 0 -1 0 -0.985 0 0.174 -0.174 0 -0.985 41677.dat
1 1 -25 -213.36 -207.56 0 -1 0 -0.985 0 0.174 -0.174 0 -0.985 41677.dat
1 1 -25 -233.06 -211.04 0 -1 0 -0.174 0 -0.985 0.985 0 -0.174 41677.dat
1 0 -10 -233.06 -211.04 0 0 1 -0.174 -0.985 0 0.985 -0.174 0 42003.dat
1 1 5 -213.36 -207.56 0 -1 0 -0.985 0 0.174 -0.174 0 -0.985 41677.dat
1 1 35 -213.36 -207.56 0 -1 0 -0.985 0 0.174 -0.174 0 -0.985 41677.dat
1 4 20 -209.88 -227.26 -1 0 0 0 -0.174 0.985 0 0.985 0.174 32062.dat
1 1 35 -233.06 -211.04 0 -1 0 -0.174 0 -0.985 0.985 0 -0.174 41677.dat
1 1 5 -233.06 -211.04 0 -1 0 -0.174 0 -0.985 0.985 0 -0.174 41677.dat
1 72 20 -272.46 -218 0 -1 0 0.174 0 0.985 -0.985 0 0.174 32140.dat
1 4 20 -213.36 -207.56 -1 0 0 0 -0.174 0.985 0 0.985 0.174 32062.dat
1 71 -10 -272.46 -218 -1 0 0 0 -0.174 0.985 0 0.985 0.174 44294.dat
1 72 -55 -265.5 -257.4 0 -1 0 0.985 0 -0.174 0.174 0 0.985 6632.dat
1 72 -70 -272.46 -218 0 1 0 0.985 0 0.174 0.174 0 -0.985 32348.dat
1 71 -10 -265.5 -257.4 1 0 0 0 0.985 -0.174 0 0.174 0.985 44294.dat
1 0 -40 -265.5 -257.4 1 0 0 0 -0.985 0.174 0 -0.174 -0.985 32291.dat
1 0 -10 -265.5 -257.4 1 0 0 0 -0.985 0.174 0 -0.174 -0.985 62462.dat
1 0 20 -265.5 -257.4 1 0 0 0 -0.985 0.174 0 -0.174 -0.985 32291.dat
1 71 -50 -283.46 -270.73 0 -1 0 0.174 0 0.985 -0.985 0 0.174 4274.dat
1 71 -30 -283.46 -270.73 0 -1 0 0.174 0 0.985 -0.985 0 0.174 4274.dat
1 71 10 -283.46 -270.73 0 -1 0 0.174 0 0.985 -0.985 0 0.174 4274.dat
1 71 30 -283.46 -270.73 0 -1 0 0.174 0 0.985 -0.985 0 0.174 4274.dat
1 47 -50 -282.068 -278.61 -1 0 0 0 -0.174 0.985 0 0.985 0.174 98138.dat
1 47 -30 -282.068 -278.61 -1 0 0 0 -0.174 0.985 0 0.985 0.174 98138.dat
1 47 10 -282.068 -278.61 -1 0 0 0 -0.174 0.985 0 0.985 0.174 98138.dat
1 47 30 -282.068 -278.61 -1 0 0 0 -0.174 0.985 0 0.985 0.174 98138.dat
1 25 50 -216.84 -187.86 -1 0 0 0 0.985 0.174 0 0.174 -0.985 11946.dat
1 4 50 -218.58 -178.01 0 1 0 -0.174 0 0.985 0.985 0 0.174 32062.dat
1 72 35 -265.5 -257.4 0 -1 0 0.985 0 -0.174 0.174 0 0.985 6632.dat
1 72 -50 -208.476 -304.208 1 0 0 0 0.8924 0.4518 0 -0.4518 0.8924 27940.dat
1 72 -10 -208.476 -304.208 0 0 1 -0.8924 -0.4518 0 0.4518 -0.8924 0 32034.dat
1 72 30 -208.476 -304.208 1 0 0 0 0.8924 0.4518 0 -0.4518 0.8924 27940.dat
1 19 -50 -199.552 -308.726 0 -0.6 0.8 0.8924 0.36144 0.27108 -0.4518 0.71392 0.53544 32002.dat
1 19 -10 -199.552 -308.726 0 -0.6 0.8 0.8924 0.36144 0.27108 -0.4518 0.71392 0.53544 32002.dat
1 19 30 -199.552 -308.726 0 -0.6 0.8 0.8924 0.36144 0.27108 -0.4518 0.71392 0.53544 32002.dat
1 72 -10 -195.09 -310.985 0 0 1 -0.4518 0.8924 0 -0.8924 -0.4518 0 32065.dat
1 72 50 -272.46 -218 0 1 0 0.985 0 0.174 0.174 0 -0.985 32348.dat
1 15 60 -147.3 -236.52 0 0 -1 0.985 0.174 0 0.174 -0.985 0 55982.dat
1 15 60 -146.7886 -41.8276 0 0 -1 0.985 0.174 0 0.174 -0.985 0 55982.dat
1 15 -80 -146.7886 -41.8276 0 0 1 0.985 -0.174 0 0.174 0.985 0 55982.dat
1 15 -80 -147.3 -236.52 0 0 1 0.985 -0.174 0 0.174 0.985 0 55982.dat
1 25 -10 -286.38 -139.2 -1 0 0 0 0.985 0.174 0 0.174 -0.985 32013.dat
1 71 -10 -293.34 -99.8 0 0 -1 -0.174 0.985 0 0.985 0.174 0 4519.dat
1 25 -10 -300.3 -60.4 1 0 0 0 0.985 -0.174 0 0.174 0.985 32013.dat
1 72 -10 -293.34 -99.8 0 0 1 -0.174 -0.985 0 0.985 -0.174 0 6536.dat
1 1 -10 -300.3 -60.4 1 0 0 0 -0.985 0.174 0 -0.174 -0.985 6558.dat
1 1 -10 -286.38 -139.2 1 0 0 0 -0.985 0.174 0 -0.174 -0.985 6558.dat
1 25 -50 -253.94 -92.84 -1 0 0 0 0.985 0.174 0 0.174 -0.985 24119.dat
1 25 30 -253.94 -92.84 1 0 0 0 0.985 -0.174 0 0.174 0.985 24119.dat
1 0 -50 -247.57 -71.4 0 -1 0 0.985 0 -0.174 0.174 0 0.985 2780.dat
1 0 -50 -240.61 -110.8 0 -1 0 0.985 0 -0.174 0.174 0 0.985 2780.dat
1 0 -50 -244.09 -91.1 0 -1 0 0.985 0 -0.174 0.174 0 0.985 2780.dat
1 0 30 -240.61 -110.8 0 -1 0 0.985 0 -0.174 0.174 0 0.985 2780.dat
1 0 30 -244.09 -91.1 0 -1 0 0.985 0 -0.174 0.174 0 0.985 2780.dat
1 0 30 -247.57 -71.4 0 -1 0 0.985 0 -0.174 0.174 0 0.985 2780.dat
1 72 30 -230.76 -109.06 1 0 0 0 0.985 -0.174 0 0.174 0.985 32523.dat
1 72 -50 -237.72 -69.66 1 0 0 0 0.985 -0.174 0 0.174 0.985 32523.dat
1 1 -50 -231.35 -48.22 0 -1 0 0.985 0 -0.174 0.174 0 0.985 4274.dat
1 1 30 -217.43 -127.02 0 -1 0 0.985 0 -0.174 0.174 0 0.985 4274.dat
1 72 -50 -244.68 -30.26 0 0 1 0.174 0.985 0 -0.985 0.174 0 32526.dat
1 1 30 -231.35 -48.22 0 -1 0 0.985 0 -0.174 0.174 0 0.985 4274.dat
1 1 -30 -264.38 -33.74 0 1 0 -0.985 0 -0.174 -0.174 0 0.985 6558.dat
1 1 10 -264.38 -33.74 0 1 0 -0.985 0 -0.174 -0.174 0 0.985 6558.dat
1 25 -10 -264.38 -33.74 0 0 -1 -0.174 0.985 0 0.985 0.174 0 32523.dat
1 25 -10 -284.08 -37.22 0 0 -1 -0.174 0.985 0 0.985 0.174 0 32523.dat
1 72 30 -223.8 -148.46 0 0 -1 -0.174 0.985 0 0.985 0.174 0 32526.dat
1 1 -50 -217.43 -127.02 0 1 0 0.985 0 0.174 0.174 0 -0.985 4274.dat
1 1 10 -243.5 -151.94 0 -1 0 -0.985 0 0.174 -0.174 0 -0.985 6558.dat
1 1 -30 -243.5 -151.94 0 -1 0 -0.985 0 0.174 -0.174 0 -0.985 6558.dat
1 25 -10 -243.5 -151.94 0 0 1 0.174 0.985 0 -0.985 0.174 0 32523.dat
1 25 -10 -263.2 -155.42 0 0 1 0.174 0.985 0 -0.985 0.174 0 32523.dat
