0 Main
0 Name: 8202-1 - Blast Off Chopper with Bungee Cord Power! - B Model.mpd
0 Author: LTRON
1 3 -30 24 0 0 1 0 -0.745 0 0.667 0.667 0 0.745 32009.dat
1 0 -20 -42.653 -74.548 -1 0 0 0 -0.745 0.667 0 0.667 0.745 2780.dat
1 14 0 -42.653 -74.548 -1 0 0 0 -0.745 0.667 0 0.667 0.745 62462.dat
1 0 20 -42.653 -74.548 -1 0 0 0 -0.745 0.667 0 0.667 0.745 2780.dat
1 0 0 -5.819 26.661 -1 0 0 0 -0.745 0.667 0 0.667 0.745 3706.dat
1 22 0 -5.819 26.661 1 0 0 0 0.998 -0.056 0 0.056 0.998 32012.dat
1 0 0 -35.638 53.323 -1 0 0 0 -0.745 0.667 0 0.667 0.745 3706.dat
1 14 -15 -62.299 23.504 0 -1 0 0.745 0 0.667 -0.667 0 0.745 6632.dat
1 0 0 -50.548 66.653 -1 0 0 0 -0.667 -0.745 0 -0.745 0.667 32039.dat
1 14 15 -62.299 23.504 0 -1 0 0.745 0 0.667 -0.667 0 0.745 6632.dat
1 0 0 -61.456 -143.587 1 0 0 0 0.981 -0.196 0 0.196 0.981 3705.dat
1 14 -15 -61.456 -143.587 0 -1 0 0.981 0 -0.196 0.196 0 0.981 6632.dat
1 14 15 -61.456 -143.587 0 -1 0 0.981 0 -0.196 0.196 0 0.981 6632.dat
1 7 0 -61.456 -143.587 0 0 -1 0.981 0.196 0 0.196 -0.981 0 3713.dat
1 0 0 -69.315 -104.367 1 0 0 0 0.981 -0.196 0 0.196 0.981 3705.dat
1 0 0 -69.315 -104.367 0 -1 0 0.981 0 -0.196 0.196 0 0.981 6629.dat
1 3 30 24 0 0 1 0 -0.745 0 0.667 0.667 0 0.745 32009.dat
1 0 0 -62.299 23.504 1 0 0 0 0.745 0.667 0 -0.667 0.745 32062.dat
1 0 70 -35.638 53.323 0 0 1 -0.667 0.745 0 -0.745 -0.667 0 32015.dat
1 0 -70 -35.638 53.323 0 0 -1 0.667 0.745 0 0.745 -0.667 0 32015.dat
1 0 0 -88.961 -6.315 1 0 0 0 0.745 0.667 0 -0.667 0.745 32062.dat
1 7 -15 -88.961 -6.315 0 0 -1 0.667 0.745 0 0.745 -0.667 0 32123.dat
1 7 15 -88.961 -6.315 0 0 -1 0.667 0.745 0 0.745 -0.667 0 32123.dat
1 0 30 -57.527 -163.197 -1 0 0 0 0.981 0.196 0 0.196 -0.981 32039.dat
1 0 -30 -57.527 -163.197 -1 0 0 0 0.981 0.196 0 0.196 -0.981 32039.dat
1 0 30 -39.845 -251.443 0 0 1 0.196 0.981 0 -0.981 0.196 0 3737.dat
1 0 -30 -39.845 -251.443 0 0 1 0.196 0.981 0 -0.981 0.196 0 3737.dat
1 7 30 -53.598 -182.808 0 -1 0 0.981 0 -0.196 0.196 0 0.981 3713.dat
1 7 -30 -53.598 -182.808 0 -1 0 0.981 0 -0.196 0.196 0 0.981 3713.dat
1 16 30 -50.7435 -196.8699 0 0 1 0.981 -0.196 0 0.196 0.981 0 79.dat
1 16 30 -49.5185 -203.0011 0 0 1 0.981 0.196 0 0.196 -0.981 0 80.dat
1 16 30 -48.2935 -209.1324 0 0 1 0.981 0.196 0 0.196 -0.981 0 80.dat
1 16 30 -47.0685 -215.2636 0 0 1 0.981 0.196 0 0.196 -0.981 0 80.dat
1 16 30 -45.8435 -221.3949 0 0 1 0.981 0.196 0 0.196 -0.981 0 80.dat
1 16 30 -44.6185 -227.5261 0 0 1 0.981 0.196 0 0.196 -0.981 0 80.dat
1 16 30 -43.3935 -233.6574 0 0 1 0.981 0.196 0 0.196 -0.981 0 80.dat
1 16 30 -42.1685 -239.7886 0 0 1 0.981 0.196 0 0.196 -0.981 0 80.dat
1 16 30 -40.9435 -245.9199 0 0 1 0.981 0.196 0 0.196 -0.981 0 80.dat
1 16 30 -39.7185 -252.0511 0 0 1 0.981 0.196 0 0.196 -0.981 0 80.dat
1 16 30 -38.4935 -258.1824 0 0 1 0.981 0.196 0 0.196 -0.981 0 80.dat
1 16 30 -37.2685 -264.3136 0 0 1 0.981 0.196 0 0.196 -0.981 0 80.dat
1 16 30 -36.0435 -270.4449 0 0 1 0.981 0.196 0 0.196 -0.981 0 80.dat
1 16 30 -34.8185 -276.5761 0 0 1 0.981 0.196 0 0.196 -0.981 0 80.dat
1 16 30 -33.5935 -282.7074 0 0 1 0.981 0.196 0 0.196 -0.981 0 80.dat
1 16 30 -32.3685 -288.8386 0 0 1 0.981 0.196 0 0.196 -0.981 0 80.dat
1 16 30 -31.1435 -294.9699 0 0 1 0.981 0.196 0 0.196 -0.981 0 80.dat
1 16 30 -29.9185 -301.1011 0 0 1 0.981 0.196 0 0.196 -0.981 0 80.dat
1 16 30 -28.6935 -307.2324 0 0 1 0.981 0.196 0 0.196 -0.981 0 80.dat
1 16 30 -27.4685 -313.3636 0 0 1 0.981 0.196 0 0.196 -0.981 0 80.dat
1 16 30 -26.2435 -319.4949 0 0 1 0.981 0.196 0 0.196 -0.981 0 80.dat
1 16 30 -25.0185 -325.6261 0 0 1 0.981 0.196 0 0.196 -0.981 0 79.dat
1 16 -30 -50.7435 -196.8699 0 0 1 0.981 -0.196 0 0.196 0.981 0 79.dat
1 16 -30 -49.5185 -203.0011 0 0 1 0.981 0.196 0 0.196 -0.981 0 80.dat
1 16 -30 -48.2935 -209.1324 0 0 1 0.981 0.196 0 0.196 -0.981 0 80.dat
1 16 -30 -47.0685 -215.2636 0 0 1 0.981 0.196 0 0.196 -0.981 0 80.dat
1 16 -30 -45.8435 -221.3949 0 0 1 0.981 0.196 0 0.196 -0.981 0 80.dat
1 16 -30 -44.6185 -227.5261 0 0 1 0.981 0.196 0 0.196 -0.981 0 80.dat
1 16 -30 -43.3935 -233.6574 0 0 1 0.981 0.196 0 0.196 -0.981 0 80.dat
1 16 -30 -42.1685 -239.7886 0 0 1 0.981 0.196 0 0.196 -0.981 0 80.dat
1 16 -30 -40.9435 -245.9199 0 0 1 0.981 0.196 0 0.196 -0.981 0 80.dat
1 16 -30 -39.7185 -252.0511 0 0 1 0.981 0.196 0 0.196 -0.981 0 80.dat
1 16 -30 -38.4935 -258.1824 0 0 1 0.981 0.196 0 0.196 -0.981 0 80.dat
1 16 -30 -37.2685 -264.3136 0 0 1 0.981 0.196 0 0.196 -0.981 0 80.dat
1 16 -30 -36.0435 -270.4449 0 0 1 0.981 0.196 0 0.196 -0.981 0 80.dat
1 16 -30 -34.8185 -276.5761 0 0 1 0.981 0.196 0 0.196 -0.981 0 80.dat
1 16 -30 -33.5935 -282.7074 0 0 1 0.981 0.196 0 0.196 -0.981 0 80.dat
1 16 -30 -32.3685 -288.8386 0 0 1 0.981 0.196 0 0.196 -0.981 0 80.dat
1 16 -30 -31.1435 -294.9699 0 0 1 0.981 0.196 0 0.196 -0.981 0 80.dat
1 16 -30 -29.9185 -301.1011 0 0 1 0.981 0.196 0 0.196 -0.981 0 80.dat
1 16 -30 -28.6935 -307.2324 0 0 1 0.981 0.196 0 0.196 -0.981 0 80.dat
1 16 -30 -27.4685 -313.3636 0 0 1 0.981 0.196 0 0.196 -0.981 0 80.dat
1 16 -30 -26.2435 -319.4949 0 0 1 0.981 0.196 0 0.196 -0.981 0 80.dat
1 16 -30 -25.0185 -325.6261 0 0 1 0.981 0.196 0 0.196 -0.981 0 79.dat
1 0 30 -18.235 -359.3 -1 0 0 0 0.981 0.196 0 0.196 -0.981 32034.dat
1 0 -30 -18.235 -359.3 -1 0 0 0 0.981 0.196 0 0.196 -0.981 32034.dat
1 0 30 -10.376 -398.52 0 0 -1 -0.196 0.981 0 0.981 0.196 0 4519.dat
1 0 -30 -10.376 -398.52 0 0 -1 -0.196 0.981 0 0.981 0.196 0 4519.dat
1 0 10 -10.376 -398.52 0 0 -1 -0.196 0.981 0 0.981 0.196 0 32039.dat
1 0 -10 -10.376 -398.52 0 0 1 0.196 0.981 0 -0.981 0.196 0 32039.dat
1 0 0 -10.376 -398.52 1 0 0 0 -0.981 0.196 0 -0.196 -0.981 32062.dat
1 7 50 -5.819 26.661 0 0 -1 0.667 0.745 0 0.745 -0.667 0 4019.dat
1 0 30 -2.518 -437.741 -1 0 0 0 0.981 0.196 0 0.196 -0.981 32013.dat
1 0 -30 -2.518 -437.741 -1 0 0 0 0.981 0.196 0 0.196 -0.981 32013.dat
1 7 -40 -2.518 -437.741 -1 0 0 0 0.981 0.196 0 0.196 -0.981 3749.dat
1 7 40 -2.518 -437.741 1 0 0 0 0.086 -0.996 0 0.996 0.086 3749.dat
1 0 30 -48.969 38.413 1 0 0 0 0.996 0.086 0 -0.086 0.996 32013.dat
1 0 30 -51.549 8.533 0 0 -1 0.086 0.996 0 0.996 -0.086 0 32062.dat
1 0 30 -52.409 -1.427 0 0 -1 0.086 0.996 0 0.996 -0.086 0 6536.dat
1 7 40 -32.489 -3.147 1 0 0 0 0.996 0.086 0 -0.086 0.996 3749.dat
1 7 50 -32.489 -3.147 0 0 -1 0.086 0.996 0 0.996 -0.086 0 4019.dat
1 28 10 -48.969 38.413 1 0 0 0 0.996 0.086 0 -0.086 0.996 6587.dat
1 0 0 -2.661 -29.819 1 0 0 0 0.745 0.667 0 -0.667 0.745 3707.dat
1 7 50 -2.661 -29.819 0 0 -1 0.667 0.745 0 0.745 -0.667 0 4019.dat
1 7 -50 -2.661 -29.819 0 0 -1 0.086 0.996 0 0.996 -0.086 0 3713.dat
1 14 45 -2.518 -437.741 0 0 -1 0.086 0.996 0 0.996 -0.086 0 4185.dat
1 256 45 -2.518 -437.741 0 0 -1 0.086 0.996 0 0.996 -0.086 0 2815.dat
1 14 -45 -2.518 -437.741 0 0 -1 -0.196 0.981 0 0.981 0.196 0 4185.dat
1 256 -45 -2.518 -437.741 0 0 -1 -0.196 0.981 0 0.981 0.196 0 2815.dat
1 14 80 -2.661 -29.819 0 0 -1 0.666 0.745 0 0.745 -0.666 0 2994.dat
1 256 80 -2.661 -29.819 0 0 -1 0.667 0.745 0 0.745 -0.667 0 6578.dat
1 256 -80 -2.661 -29.819 0 0 1 -0.667 0.745 0 -0.745 -0.667 0 6578.dat
1 14 -80 -2.661 -29.819 0 0 1 -0.666 0.745 0 -0.745 -0.666 0 2994.dat
