0 Main
0 Name: 6887-1 - Allied Avenger.mpd
0 Author: LTRON
1 0 0 0 0 0 0 1 0 1 0 -1 0 0 3832.dat
1 0 0 8 80 0 0 1 0 1 0 -1 0 0 3022.dat
1 0 0 8 -40 0 0 1 0 1 0 -1 0 0 3022.dat
1 0 0 8 -80 -1 0 0 0 1 0 0 0 -1 4859.dat
1 15 0 -24 -80 0 0 1 0 1 0 -1 0 0 4730.dat
1 15 0 -24 20 0 0 1 0 1 0 -1 0 0 3007.dat
1 0 0 -32 90 -1 0 0 0 1 0 0 0 -1 3839.dat
1 0 0 -32 -70 0 0 -1 0 1 0 1 0 0 3021.dat
1 0 10 -32 10 0 0 -1 0 1 0 1 0 0 4085.dat
1 0 -10 -32 10 0 0 1 0 1 0 -1 0 0 4085.dat
1 0 0 -32 70 -1 0 0 0 1 0 0 0 -1 3023.dat
1 0 -10 -32 40 0 0 1 0 1 0 -1 0 0 2452.dat
1 0 10 -32 40 0 0 -1 0 1 0 1 0 0 2452.dat
1 0 10 -32 -20 0 0 -1 0 1 0 1 0 0 2452.dat
1 0 -10 -32 -20 0 0 1 0 1 0 -1 0 0 2452.dat
1 0 0 16 80 0 0 1 0 1 0 -1 0 0 3940.dat
1 0 0 16 -60 0 0 1 0 1 0 -1 0 0 3940.dat
1 0 0 -12 100 -1 0 0 0 0 1 0 1 0 3956.dat
1 15 0 -12 108 -1 0 0 0 0 1 0 1 0 4591.dat
1 0 0 -40 20 0 0 -1 0 1 0 1 0 0 3020.dat
1 15 0 -40 -30 -1 0 0 0 1 0 0 0 -1 3069.dat
1 0 0 -64 30 1 0 0 0 1 0 0 0 1 3298.dat
1 0 0 -64 70 0 0 1 0 1 0 -1 0 0 3002.dat
1 0 0 -112 100 1 0 0 0 1 0 0 0 1 3479.dat
1 42 30 -21 10 1 0 0 0 1 0 0 0 1 2569.dat
1 42 -30 -21 10 1 0 0 0 1 0 0 0 1 2569.dat
1 15 0 -120 110 1 0 0 0 1 0 0 0 1 2419.dat
1 0 0 48 -200 0 0 1 0 1 0 -1 0 0 3795.dat
1 15 0 24 -150 -1 0 0 0 1 0 0 0 -1 3747.dat
1 0 0 24 -190 1 0 0 0 1 0 0 0 1 3039.dat
1 15 10 24 -170 0 0 -1 0 1 0 1 0 0 4070.dat
1 15 -10 24 -170 0 0 1 0 1 0 -1 0 0 4070.dat
1 0 0 -24 -160 0 0 1 0 1 0 -1 0 0 2434.dat
1 0 44 -4 -190 0 -1 0 -1 0 0 0 0 -1 3937.dat
1 0 -44 -4 -190 0 1 0 1 0 0 0 0 -1 3937.dat
1 0 -68 -4 -120 0 1 0 -1 0 0 0 0 1 3479.dat
1 0 68 -4 -120 0 -1 0 1 0 0 0 0 1 3479.dat
1 0 0 0 -110 -1 0 0 0 1 0 0 0 -1 3004.dat
1 0 0 -24 -110 -1 0 0 0 1 0 0 0 -1 3700.dat
1 15 0 -48 -150 -1 0 0 0 1 0 0 0 -1 3298.dat
1 0 0 -48 -170 1 0 0 0 1 0 0 0 1 3747.dat
1 0 0 56 -160 1 0 0 0 1 0 0 0 1 4032.dat
1 0 0 56 -200 1 0 0 0 1 0 0 0 1 4032.dat
1 0 10 56 -240 0 0 1 0 1 0 -1 0 0 4275.dat
1 0 -10 56 -240 0 0 1 0 1 0 -1 0 0 4275.dat
1 0 10 -56 -160 0 0 1 0 1 0 -1 0 0 2412.dat
1 0 -10 -56 -160 0 0 1 0 1 0 -1 0 0 2412.dat
1 0 0 -56 -210 1 0 0 0 1 0 0 0 1 2412.dat
1 15 76 -4 -110 0 -1 0 1 0 0 0 0 1 2412.dat
1 15 -76 -4 -110 0 1 0 1 0 0 0 0 -1 2412.dat
1 0 30 34 -170 0 -1 0 1 0 0 0 0 1 3959.dat
1 0 -30 34 -170 0 1 0 -1 0 0 0 0 1 3959.dat
1 15 76 -4 -130 0 -1 0 1 0 0 0 0 1 3839.dat
1 15 -76 -4 -130 0 1 0 -1 0 0 0 0 1 3839.dat
1 0 -10 40.992 -293.553 0 0 1 0.725374 -0.688355 0 0.688355 0.725374 0 4276.dat
1 0 10 40.992 -293.553 0 0 1 0.725374 -0.688355 0 0.688355 0.725374 0 4276.dat
1 0 0 42.7389 -280.8665 1 0 0 0 -0.688355 -0.725374 0 0.725374 -0.688355 3023.dat
1 42 0 28.2314 -294.6335 -1 0 0 0 -0.688355 0.725374 0 0.725374 0.688355 2466.dat
1 15 10 -65.3849 -195.9827 -1 0 0 0 -0.688355 0.725374 0 0.725374 0.688355 4589.dat
1 15 -10 -65.3849 -195.9827 -1 0 0 0 -0.688355 0.725374 0 0.725374 0.688355 4589.dat
1 0 0 29.9783 -281.947 -1 0 0 0 -0.688355 0.725374 0 0.725374 0.688355 4032.dat
1 0 0 16.5074 -256.1297 1 0 0 0 -0.725374 0.688355 0 -0.688355 -0.725374 2516.dat
1 42 -68 -4 -240 0 1 0 -1 0 0 0 0 1 2418.dat
1 42 68 -4 -240 0 -1 0 1 0 0 0 0 1 2418.dat
1 0 0 -31.672 -225.195 0.787994 0.007972 0.615631 -0.068429 0.994855 0.074705 -0.611868 -0.100995 0.784486 2446.dat
1 42 2.7324 -29.622 -221.9053 0.787994 -0.414029 0.455681 -0.068429 0.676643 0.733125 -0.611868 -0.608881 0.504859 2447.dat
1 14 0 -31.672 -225.195 0.787994 0.007972 0.615631 -0.068429 0.994855 0.074705 -0.611868 -0.100995 0.784486 3626.dat
1 15 0 -4.798 -227.782 1 0 0 0 0.995396 0.095846 0 -0.095846 0.995396 973.dat
1 0 0 -4.798 -227.782 1 0 0 0 0.995396 0.095846 0 -0.095846 0.995396 3838.dat
1 0 35.466 -57.768 40 -0.309017 0.951057 0 0.951057 0.309017 0 0 0 -1 4276.dat
1 0 35.466 -57.768 -20 -0.309017 0.951057 0 0.951057 0.309017 0 0 0 -1 4276.dat
1 0 63.5237 -27.6222 50 0 -0.309017 0.951057 0 0.951057 0.309017 -1 0 0 3956.dat
1 0 63.5237 -27.6222 -30 0 -0.309017 0.951057 0 0.951057 0.309017 -1 0 0 3956.dat
1 0 54.007 -114.8314 10 0 0.951057 -0.309017 0 0.309017 0.951057 1 0 0 4475.dat
1 15 24.7674 -50.7296 50 0 0.951057 -0.309017 0 0.309017 0.951057 1 0 0 2412.dat
1 15 24.7674 -50.7296 -30 0 0.951057 -0.309017 0 0.309017 0.951057 1 0 0 2412.dat
1 0 118.115 -1.4728 10 0 -0.309017 -0.951057 0 0.951057 -0.309017 1 0 0 4475.dat
1 15 61.0516 -20.0138 40 -0.951057 -0.309017 0 -0.309017 0.951057 0 0 0 -1 3023.dat
1 15 61.0516 -20.0138 -20 -0.951057 -0.309017 0 -0.309017 0.951057 0 0 0 -1 3023.dat
1 0 58.5794 -12.4053 50 -0.951057 -0.309017 0 -0.309017 0.951057 0 0 0 -1 4032.dat
1 0 58.5794 -12.4053 -30 -0.951057 -0.309017 0 -0.309017 0.951057 0 0 0 -1 4032.dat
1 15 158.6294 3.2795 10 -0.951057 -0.309017 0 -0.309017 0.951057 0 0 0 -1 4150.dat
1 0 172.7063 24.6767 10 0.951057 -0.309017 0 0.309017 0.951057 0 0 0 1 4229.dat
1 0 -35.466 -57.768 -20 0.309017 -0.951057 0 0.951057 0.309017 0 0 0 1 4276.dat
1 0 -35.466 -57.768 40 0.309017 -0.951057 0 0.951057 0.309017 0 0 0 1 4276.dat
1 0 -63.5237 -27.6222 -30 0 0.309017 -0.951057 0 0.951057 0.309017 1 0 0 3956.dat
1 0 -63.5237 -27.6222 50 0 0.309017 -0.951057 0 0.951057 0.309017 1 0 0 3956.dat
1 0 -54.007 -114.8314 10 0 -0.951057 0.309017 0 0.309017 0.951057 -1 0 0 4475.dat
1 15 -24.7674 -50.7296 -30 0 -0.951057 0.309017 0 0.309017 0.951057 -1 0 0 2412.dat
1 15 -24.7674 -50.7296 50 0 -0.951057 0.309017 0 0.309017 0.951057 -1 0 0 2412.dat
1 0 -118.115 -1.4728 10 0 0.309017 0.951057 0 0.951057 -0.309017 -1 0 0 4475.dat
1 15 -61.0516 -20.0138 -20 0.951057 0.309017 0 -0.309017 0.951057 0 0 0 1 3023.dat
1 15 -61.0516 -20.0138 40 0.951057 0.309017 0 -0.309017 0.951057 0 0 0 1 3023.dat
1 0 -58.5794 -12.4053 -30 0.951057 0.309017 0 -0.309017 0.951057 0 0 0 1 4032.dat
1 0 -58.5794 -12.4053 50 0.951057 0.309017 0 -0.309017 0.951057 0 0 0 1 4032.dat
1 15 -158.6294 3.2795 10 -0.951057 0.309017 0 0.309017 0.951057 0 0 0 -1 4150.dat
1 0 -172.7063 24.6767 10 0.951057 0.309017 0 -0.309017 0.951057 0 0 0 1 4229.dat
