0 
0 Name: New Model.ldr
0 Author: 
1 71 260 -8 -190 1 0 0 0 1 0 0 0 1 3795.dat
1 19 210 -32 -200 1 0 0 0 1 0 0 0 1 2921.dat
1 19 210 -32 -180 -1 0 0 0 1 0 0 0 -1 2921.dat
1 19 310 -32 -200 0 0 -1 0 1 0 1 0 0 4070.dat
1 19 310 -32 -180 0 0 -1 0 1 0 1 0 0 4070.dat
1 19 290 -32 -200 1 0 0 0 1 0 0 0 1 4070.dat
1 19 230 -32 -200 1 0 0 0 1 0 0 0 1 4070.dat
1 19 290 -32 -180 -1 0 0 0 1 0 0 0 -1 4070.dat
1 19 230 -32 -180 -1 0 0 0 1 0 0 0 -1 4070.dat
1 0 290 -22 -166 0 0 -1 1 0 0 0 -1 0 6141.dat
1 0 230 -22 -166 0 0 -1 1 0 0 0 -1 0 6141.dat
1 0 290 -22 -214 0 0 -1 -1 0 0 0 1 0 6141.dat
1 0 230 -22 -214 0 0 -1 -1 0 0 0 1 0 6141.dat
1 19 340 -22 -200 0 -1 0 -1 0 0 0 0 -1 3062.dat
1 19 340 -22 -180 0 -1 0 -1 0 0 0 0 -1 3062.dat
1 70 280 -22 -158 -1 0 0 0 0 -1 0 -1 0 6636.dat
1 70 280 -22 -222 -1 0 0 0 0 1 0 1 0 6636.dat
1 70 220 -40 -190 -1 0 0 0 1 0 0 0 -1 3022.dat
1 70 310 -40 -200 -1 0 0 0 1 0 0 0 -1 3623.dat
1 70 310 -40 -180 -1 0 0 0 1 0 0 0 -1 3623.dat
1 70 230 -48 -200 -1 0 0 0 1 0 0 0 -1 6141.dat
1 70 230 -48 -180 -1 0 0 0 1 0 0 0 -1 6141.dat
1 70 261.752 -29.524 -201.4 0.648 -0.679 -0.346 -0.748 -0.654 -0.117 -0.146 0.335 -0.931 30374.dat
1 72 216.938 -72.688 -179.29 0.648 -0.679 -0.346 -0.748 -0.654 -0.117 -0.146 0.335 -0.931 59900.dat
1 72 252.246 -38.68 -196.71 -0.648 0.679 -0.346 0.748 0.654 -0.117 0.146 -0.335 -0.931 59900.dat
1 70 200.642 -88.384 -171.25 -0.648 -0.679 0.346 0.748 -0.654 0.117 0.146 0.335 0.931 6141.dat
1 70 268.542 -22.984 -204.75 -0.648 0.679 -0.346 0.748 0.654 -0.117 0.146 -0.335 -0.931 6141.dat
