0 
0 Name: New Model.ldr
0 Author: 
1 0 -342.4888 -50.7307 2 0 0.221643 -0.974902 0 0.974902 0.221643 1 0 0 6157.dat
1 0 -342.4888 -50.7307 2 0 0.221643 -0.974902 0 0.974902 0.221643 1 0 0 3022.dat
1 0 -283.9948 -64.0293 2 0 0.221643 -0.974902 0 0.974902 0.221643 1 0 0 3031.dat
1 0 -227.274 -85.1268 2 0 0.221643 -0.974902 0 0.974902 0.221643 1 0 0 6157.dat
1 0 -354.0111 -56.313 2 0 0.221643 0.974902 0 0.974902 -0.221643 -1 0 0 2436.dat
1 8 -285.768 -71.8282 2 0.974902 0.221643 0 -0.221643 0.974902 0 0 0 1 3795.dat
1 0 -217.5249 -87.3434 2 0 0.221643 -0.974902 0 0.974902 0.221643 1 0 0 50949.dat
1 4 -347.8087 -74.1284 2 0 0.221643 -0.974902 0 0.974902 0.221643 1 0 0 3788.dat
1 0 -316.7888 -72.9781 2 0 0.221643 -0.974902 0 0.974902 0.221643 1 0 0 3069.dat
1 15 -268.043 -84.0604 2 0.974902 0.221643 0 -0.221643 0.974902 0 0 0 1 3020.dat
1 15 -219.2981 -95.1423 2 0 0.221643 -0.974902 0 0.974902 0.221643 1 0 0 48336.dat
1 4 -377.0561 -67.4785 -8 0 0.221643 0.974902 0 0.974902 -0.221643 -1 0 0 2420.dat
1 4 -377.0561 -67.4785 12 0.974902 0.221643 0 -0.221643 0.974902 0 0 0 1 2420.dat
1 0 -338.0596 -76.345 2 0 0.221643 -0.974902 0 0.974902 0.221643 1 0 0 3069.dat
1 4 -289.3147 -87.427 -28 0.974902 0.221643 0 -0.221643 0.974902 0 0 0 1 30414.dat
1 4 -289.3147 -87.427 32 -0.974902 0.221643 0 0.221643 0.974902 0 0 0 -1 30414.dat
1 8 -279.5656 -89.6436 2 0.974902 0.221643 0 -0.221643 0.974902 0 0 0 1 3021.dat
1 4 -230.8207 -100.7255 2 0 0.221643 -0.974902 0 0.974902 0.221643 1 0 0 44674.dat
1 4 -306.5963 -73.2446 -46 0.974902 0 -0.221643 -0.221643 0 -0.974902 0 1 0 3069.dat
1 4 -306.5963 -73.2446 50 0.974902 0 0.221643 -0.221643 0 0.974902 0 -1 0 3069.dat
1 4 -267.5998 -82.1111 -46 0.974902 0 -0.221643 -0.221643 0 -0.974902 0 1 0 2412.dat
1 4 -267.5998 -82.1111 50 0.974902 0 0.221643 -0.221643 0 0.974902 0 -1 0 2412.dat
1 4 -378.8286 -75.2786 2 0 0.221643 0.974902 0 0.974902 -0.221643 -1 0 0 2436.dat
1 0 -359.331 -79.7107 2 0 0.221643 -0.974902 0 0.974902 0.221643 1 0 0 3069.dat
1 4 -349.5819 -81.9273 -28 0.974902 0.221643 0 -0.221643 0.974902 0 0 0 1 2431.dat
1 4 -349.5819 -81.9273 32 0.974902 0.221643 0 -0.221643 0.974902 0 0 0 1 2431.dat
1 15 -240.5698 -98.5089 -8 0 0.221643 0.974902 0 0.974902 -0.221643 -1 0 0 54200.dat
1 15 -240.5698 -98.5089 12 0 0.221643 0.974902 0 0.974902 -0.221643 -1 0 0 54200.dat
1 15 -222.8448 -110.7411 2 0 0.221643 -0.974902 0 0.974902 0.221643 1 0 0 3069.dat
1 0 -388.841 -38.1417 -28 0.221643 0.974902 0 0.974902 -0.221643 0 0 0 -1 6231.dat
1 8 -373.2432 -41.6881 -8 0 0.975246 0.221242 0 -0.221242 0.975246 1 0 0 6141.dat
1 8 -373.2432 -41.6881 12 0 0.975246 0.221242 0 -0.221242 0.975246 1 0 0 6141.dat
1 0 -388.841 -38.1417 32 0 0.974902 -0.221643 0 -0.221643 -0.974902 -1 0 0 6231.dat
1 15 -398.0604 -60.6528 2 0 0.974902 0.221643 0 -0.221643 0.974902 1 0 0 3069.dat
1 36 -398.0604 -60.6528 -28 0 0.974902 0.221643 0 -0.221643 0.974902 1 0 0 3070.dat
1 36 -398.0604 -60.6528 32 0 0.974902 0.221643 0 -0.221643 0.974902 1 0 0 3070.dat
1 4 -380.6018 -83.0775 2 0 0.221643 -0.974902 0 0.974902 0.221643 1 0 0 2431.dat
1 15 -321.6643 -94.4259 22 -0.532635 0 -0.846085 0.846085 0 -0.532635 0 -1 0 2335.dat
1 4 -304.3827 -108.6083 -28 0 0.221643 -0.974902 0 0.974902 0.221643 1 0 0 3005.dat
1 0 -304.3827 -108.6083 2 0 0.221643 0.974902 0 0.974902 -0.221643 -1 0 0 30236.dat
1 4 -304.3827 -108.6083 32 0 0.221643 -0.974902 0 0.974902 0.221643 1 0 0 3005.dat
1 0 -284.8852 -113.0403 2 0 0.221643 -0.974902 0 0.974902 0.221643 1 0 0 3037.dat
1 15 -296.4068 -118.6238 -28 0.974902 0.221643 0 -0.221643 0.974902 0 0 0 1 3069.dat
1 4 -296.4068 -118.6238 2 0 0.221643 -0.974902 0 0.974902 0.221643 1 0 0 3068.dat
1 15 -296.4068 -118.6238 32 0.974902 0.221643 0 -0.221643 0.974902 0 0 0 1 3069.dat
1 0 -341.381 -45.856 -38 0.974902 0.221643 0 -0.221643 0.974902 0 0 0 1 51719.dat
1 0 -341.381 -45.856 42 -0.974902 0.221643 0 0.221643 0.974902 0 0 0 -1 51719.dat
1 0 -226.1662 -80.2521 -38 0.974902 0.221643 0 -0.221643 0.974902 0 0 0 1 51719.dat
1 0 -226.1662 -80.2521 42 -0.974902 0.221643 0 0.221643 0.974902 0 0 0 -1 51719.dat
1 256 -341.381 -45.856 -38 0.974902 0.221643 0 -0.221643 0.974902 0 0 0 1 50951.dat
1 256 -341.381 -45.856 42 0.974902 0.221643 0 -0.221643 0.974902 0 0 0 1 50951.dat
1 256 -226.1662 -80.2521 -38 0.974902 0.221643 0 -0.221643 0.974902 0 0 0 1 50951.dat
1 256 -226.1662 -80.2521 42 0.974902 0.221643 0 -0.221643 0.974902 0 0 0 1 50951.dat
