0 
0 Name: New Model.ldr
0 Author: 
1 0 220 -57 390 0.2588 0 -0.9659 0 1 0 0.9659 0 0.2588 2445.dat
1 0 240.704 -65 467.272 0.9659 0 0.2588 0 1 0 -0.2588 0 0.9659 3020.dat
1 19 248.468 -65 496.249 0.9659 0 0.2588 0 1 0 -0.2588 0 0.9659 3023.dat
1 0 199.296 -65 312.728 0.9659 0 0.2588 0 1 0 -0.2588 0 0.9659 3020.dat
1 19 191.532 -65 283.751 0.9659 0 0.2588 0 1 0 -0.2588 0 0.9659 3023.dat
1 71 220 -65 390 0.2588 0 -0.9659 0 1 0 0.9659 0 0.2588 3795.dat
1 72 240.704 -73 467.272 0.2588 0 -0.9659 0 1 0 0.9659 0 0.2588 3031.dat
1 71 232.94 -81 438.295 0.9659 0 0.2588 0 1 0 -0.2588 0 0.9659 3710.dat
1 70 243.292 -81 476.931 0.2588 0 -0.9659 0 1 0 0.9659 0 0.2588 30150.dat
1 0 261.917 -105 430.531 0.2588 0 -0.9659 0 1 0 0.9659 0 0.2588 60476.dat
1 0 203.963 -105 446.059 -0.2588 0 0.9659 0 1 0 -0.9659 0 -0.2588 60476.dat
1 71 232.94 -113 438.295 0.9659 0 0.2588 0 1 0 -0.2588 0 0.9659 3710.dat
1 320 217.412 -73 380.341 0.9659 0 0.2588 0 1 0 -0.2588 0 0.9659 30149.dat
1 0 192.918 -81 366.199 0.9659 0 0.2588 0 1 0 -0.2588 0 0.9659 3829.dat
1 0 230.352 -121 428.636 0.9659 0 0.2588 0 1 0 -0.2588 0 0.9659 3020.dat
1 0 287.8945 -95 446.346 0 -0.2588 0.9659 -1 0 0 0 -0.9659 -0.2588 3837.dat
1 320 199.296 -89 312.728 0.9659 0 0.2588 0 1 0 -0.2588 0 0.9659 3001.dat
1 72 191.532 -89 283.751 0.9659 0 0.2588 0 1 0 -0.2588 0 0.9659 52038.dat
1 47 159.967 -79 281.856 0.9659 0.2588 0 0 0 -1 -0.2588 0.9659 0 6141.dat
1 47 217.921 -79 266.328 0.9659 0.2588 0 0 0 -1 -0.2588 0.9659 0 6141.dat
1 0 186.8736 -79 266.3648 0.9659 0.2588 0 0 0 -1 -0.2588 0.9659 0 2412.dat
1 320 186.8736 -59 266.3648 0.9659 0.2588 0 0 0 -1 -0.2588 0.9659 0 2431.dat
1 320 186.8736 -59 266.3648 0.9659 0.2588 0 0 0 -1 -0.2588 0.9659 0 4613905a.dat
1 320 194.12 -97 293.41 0.9659 0 0.2588 0 1 0 -0.2588 0 0.9659 51739.dat
1 320 201.884 -97 322.387 0.9659 0 0.2588 0 1 0 -0.2588 0 0.9659 2431.dat
1 72 199.296 -105 312.728 0.2588 0 -0.9659 0 1 0 0.9659 0 0.2588 87079.dat
1 0 236.037 -105 333.941 0.2588 0 -0.9659 0 1 0 0.9659 0 0.2588 4081.dat
1 0 178.083 -105 349.469 -0.2588 0 0.9659 0 1 0 -0.9659 0 -0.2588 4081.dat
1 320 232.94 -129 438.295 0.9659 0 0.2588 0 1 0 -0.2588 0 0.9659 2431.dat
1 320 232.94 -129 438.295 -0.9659 0 -0.2588 0 1 0 0.2588 0 -0.9659 4613905b.dat
1 40 207.06 -129 341.705 0.9659 0 0.2588 0 1 0 -0.2588 0 0.9659 30413.dat
1 47 155.6594 -103 343.0542 0.9659 0.2588 0 0 0 -1 -0.2588 0.9659 0 6141.dat
1 47 252.2494 -103 317.1742 0.9659 0.2588 0 0 0 -1 -0.2588 0.9659 0 6141.dat
1 19 248.468 -49 496.249 0.9659 0 0.2588 0 1 0 -0.2588 0 0.9659 3023.dat
1 19 191.532 -49 283.751 0.9659 0 0.2588 0 1 0 -0.2588 0 0.9659 3023.dat
1 72 197.8438 -85 500.4959 0.9659 0 0.2588 0 1 0 -0.2588 0 0.9659 30141.dat
1 71 199.296 -49 312.728 0.9659 0 0.2588 0 1 0 -0.2588 0 0.9659 30157.dat
1 71 240.704 -49 467.272 0.9659 0 0.2588 0 1 0 -0.2588 0 0.9659 30157.dat
1 72 225.685 -57 295.305 0.2588 0 -0.9659 0 1 0 0.9659 0 0.2588 6141.dat
1 72 230.861 -57 314.623 0.2588 0 -0.9659 0 1 0 0.9659 0 0.2588 6141.dat
1 72 167.731 -57 310.833 0.2588 0 -0.9659 0 1 0 0.9659 0 0.2588 6141.dat
1 72 172.907 -57 330.151 0.2588 0 -0.9659 0 1 0 0.9659 0 0.2588 6141.dat
1 72 209.139 -57 465.377 0.2588 0 -0.9659 0 1 0 0.9659 0 0.2588 6141.dat
1 72 214.315 -57 484.695 0.2588 0 -0.9659 0 1 0 0.9659 0 0.2588 6141.dat
1 72 272.269 -57 469.167 0.2588 0 -0.9659 0 1 0 0.9659 0 0.2588 6141.dat
1 72 267.093 -57 449.849 0.2588 0 -0.9659 0 1 0 0.9659 0 0.2588 6141.dat
1 71 249.5228 -39 299.2704 0.2588 0 -0.9659 0 1 0 0.9659 0 0.2588 56902.dat
1 71 290.9308 -39 453.8144 0.2588 0 -0.9659 0 1 0 0.9659 0 0.2588 56902.dat
1 71 190.4772 -39 480.7296 -0.2588 0 0.9659 0 1 0 -0.9659 0 -0.2588 56902.dat
1 71 149.0692 -39 326.1856 -0.2588 0 0.9659 0 1 0 -0.9659 0 -0.2588 56902.dat
1 0 249.5228 -39 299.2704 0.2588 0 -0.9659 0 1 0 0.9659 0 0.2588 56897.dat
1 0 290.9308 -39 453.8144 0.2588 0 -0.9659 0 1 0 0.9659 0 0.2588 56897.dat
1 0 190.4772 -39 480.7296 -0.2588 0 0.9659 0 1 0 -0.9659 0 -0.2588 56897.dat
1 0 149.0692 -39 326.1856 -0.2588 0 0.9659 0 1 0 -0.9659 0 -0.2588 56897.dat
1 0 255.7978 -121 484.9679 0.9659 0 0.2588 0 1 0 -0.2588 0 0.9659 3815.dat
