0 
0 Name: New Model.ldr
0 Author: 
1 15 0 0 -50 0 0 -1 0 1 0 1 0 0 3023.dat
1 19 0 0 0 0 0 -1 0 1 0 1 0 0 3623.dat
1 15 0 -8 -70 0 0 -1 0 1 0 1 0 0 3023.dat
1 320 0 -8 -10 0 0 -1 0 1 0 1 0 0 3710.dat
1 15 0 -16 -30 0 0 -1 0 1 0 1 0 0 3710.dat
1 15 0 -16 30 0 0 -1 0 1 0 1 0 0 2412.dat
1 320 0 -8 40 -1 0 0 0 1 0 0 0 -1 3794.dat
1 19 -10 0 50 0 0 1 0 1 0 -1 0 0 2540.dat
1 19 10 0 50 0 0 -1 0 1 0 1 0 0 2540.dat
1 15 0 -8 60 -1 0 0 0 1 0 0 0 -1 3023.dat
1 7 0 -16 60 -1 0 0 0 1 0 0 0 -1 3023.dat
1 19 10 -24 50 0 0 -1 0 1 0 1 0 0 2540.dat
1 19 -10 -24 50 0 0 1 0 1 0 -1 0 0 2540.dat
1 47 0 -24 10 0 0 -1 0 1 0 1 0 0 3023.dat
1 15 0 -32 60 -1 0 0 0 1 0 0 0 -1 3794.dat
1 15 0 -32 40 -1 0 0 0 1 0 0 0 -1 2412.dat
1 15 -30 -22 81 -1 0 0 0 1 0 0 0 -1 6538.dat
1 15 30 -22 81 -1 0 0 0 1 0 0 0 -1 6538.dat
1 15 30 2 81 -1 0 0 0 1 0 0 0 -1 6538.dat
1 15 -30 2 81 -1 0 0 0 1 0 0 0 -1 6538.dat
1 15 -30 -22 34 -1 0 0 0 0 -1 0 -1 0 3062.dat
1 15 -30 2 34 -1 0 0 0 0 -1 0 -1 0 3062.dat
1 15 30 2 34 -1 0 0 0 0 -1 0 -1 0 3062.dat
1 15 30 -22 34 -1 0 0 0 0 -1 0 -1 0 3062.dat
1 7 0 -40 60 -1 0 0 0 1 0 0 0 -1 6141.dat
1 15 -48.462 9.947 50 0 0.485 -0.875 0 0.875 0.485 1 0 0 6019.dat
1 15 -65.954 19.643 50 0 0.485 0.875 0 0.875 -0.485 -1 0 0 6019.dat
1 15 -82.477 31.089 70 -0.485 0 0.875 -0.875 0 -0.485 0 -1 0 30374.dat
1 15 -61.087 7.798 50 0.875 0.485 0 -0.485 0.875 0 0 0 1 3069.dat
1 15 61.348 6.163 50 0.899 -0.438 0 0.438 0.899 0 0 0 1 3069.dat
1 15 -45.901 -34.294 50 0 -0.53 -0.848 0 0.848 -0.53 1 0 0 6019.dat
1 15 -62.862 -44.893 50 0 -0.53 0.848 0 0.848 0.53 -1 0 0 6019.dat
1 15 -50.142 -46.378 50 0.848 -0.53 0 0.53 0.848 0 0 0 1 3069.dat
1 15 -80.883 -53.795 70 0.53 0 0.848 -0.848 0 0.53 0 -1 0 30374.dat
1 15 66.829 17.737 50 0 -0.438 -0.899 0 0.899 -0.438 1 0 0 6019.dat
1 15 48.853 8.97 50 0 -0.438 0.899 0 0.899 0.438 -1 0 0 6019.dat
1 15 83.928 28.302 72 0.848 0 0.53 -0.53 0 0.848 0 -1 0 30374.dat
1 15 46.321 -33.732 50 0 0.5 0.866 0 0.866 -0.5 -1 0 0 6019.dat
1 15 63.641 -43.732 50 0 0.5 -0.866 0 0.866 0.5 1 0 0 6019.dat
1 15 50.981 -45.66 50 0.866 0.5 0 -0.5 0.866 0 0 0 1 3069.dat
1 15 81.962 -52 72 0.035 0 0.999 -0.999 0 0.035 0 -1 0 30374.dat
