0 Main
0 Name: 8663-1 - Fat Trax - Combination with 8664.mpd
0 Author: LTRON
1 8 0 -7.997 109.818 1 0 0 0 0.999339 -0.036347 0 0.036347 0.999339 6157.dat
1 7 0 1.452 70.135 1 0 0 0 0.999339 -0.036347 0 0.036347 0.999339 3022.dat
1 0 0 2.906 30.162 1 0 0 0 0.999339 -0.036347 0 0.036347 0.999339 41862.dat
1 8 0 4.36 -9.812 1 0 0 0 0.999339 -0.036347 0 0.036347 0.999339 4032.dat
1 8 0 7.267 -89.759 0 0 1 0.036347 0.999339 0 -0.999339 0.036347 0 3795.dat
1 0 0 -6.543 69.845 0 0 1 0.036347 0.999339 0 -0.999339 0.036347 0 3034.dat
1 8 0 -2.908 -30.089 1 0 0 0 0.999339 -0.036347 0 0.036347 0.999339 3020.dat
1 4 0 -1.091 -80.056 1 0 0 0 0.999339 -0.036347 0 0.036347 0.999339 3023.dat
1 8 0 -7.995 -110.327 1 0 0 0 0.999339 -0.036347 0 0.036347 0.999339 6157.dat
1 0 0 1.09 -140.017 1 0 0 0 0.999339 -0.036347 0 0.036347 0.999339 2436.dat
1 8 0 11.883 -161.639 1 0 0 0 -0.036347 -0.999339 0 0.999339 -0.036347 2431.dat
1 4 -10 -17.082 139.508 -1 0 0 0 0.999339 0.036347 0 0.036347 -0.999339 4085.dat
1 4 10 -17.082 139.508 -1 0 0 0 0.999339 0.036347 0 0.036347 -0.999339 4085.dat
1 8 0 -15.264 89.541 0 0 1 0.036347 0.999339 0 -0.999339 0.036347 0 3020.dat
1 80 0 -13.447 39.574 1 0 0 0 0.999339 -0.036347 0 0.036347 0.999339 2412.dat
1 8 0 -11.993 -0.4 0 0 1 0.036347 0.999339 0 -0.999339 0.036347 0 3021.dat
1 7 -30 -10.903 -30.38 0 0 1 0.036347 0.999339 0 -0.999339 0.036347 0 2436.dat
1 7 30 -10.903 -30.38 0 0 -1 -0.036347 0.999339 0 0.999339 0.036347 0 2436.dat
1 0 0 -8.722 -90.34 0 0 1 0.036347 0.999339 0 -0.999339 0.036347 0 3795.dat
1 80 -10 -89.761 156.877 1 0 0 0 -0.999339 0.036347 0 -0.036347 -0.999339 3957.dat
1 80 10 -89.761 156.877 1 0 0 0 -0.999339 0.036347 0 -0.036347 -0.999339 3957.dat
1 10 -52 -0.182 -50.003 0 1 0 -0.036347 0 0.999339 0.999339 0 0.036347 50947.dat
1 10 52 -0.182 -50.003 0 -1 0 -0.036347 0 -0.999339 0.999339 0 -0.036347 50947.dat
1 8 0 -23.986 109.237 0 0 1 0.036347 0.999339 0 -0.999339 0.036347 0 3020.dat
1 80 0 -22.169 59.27 1 0 0 0 0.999339 -0.036347 0 0.036347 0.999339 2412.dat
1 4 0 -18.898 -30.671 1 0 0 0 0.999339 -0.036347 0 0.036347 0.999339 3795.dat
1 7 0 -33.071 138.926 1 0 0 0 0.999339 -0.036347 0 0.036347 0.999339 3069.dat
1 8 0 -31.981 108.946 1 0 0 0 0.999339 -0.036347 0 0.036347 0.999339 3022.dat
1 7 0 -30.527 68.972 1 0 0 0 0.999339 -0.036347 0 0.036347 0.999339 3795.dat
1 80 0 -31.981 108.946 -1 0 0 0 0.999339 0.036347 0 0.036347 -0.999339 30602.dat
1 4 -50 -38.522 68.682 0 0 -1 -0.036347 0.999339 0 0.999339 0.036347 0 50947.dat
1 4 50 -38.522 68.682 0 0 -1 -0.036347 0.999339 0 0.999339 0.036347 0 50947.dat
1 4 0 -36.704 18.715 0 0 1 0.036347 0.999339 0 -0.999339 0.036347 0 3002.dat
1 0 0 -33.07 -81.219 0 0 1 0.036347 0.999339 0 -0.999339 0.036347 0 3002.dat
1 15 -10 -31.616 -121.193 1 0 0 0 0.999339 -0.036347 0 0.036347 0.999339 3062.dat
1 15 10 -31.616 -121.193 1 0 0 0 0.999339 -0.036347 0 0.036347 0.999339 3062.dat
1 0 -10 -30.889 -141.18 0 0 1 0.036347 0.999339 0 -0.999339 0.036347 0 4070.dat
1 0 10 -30.889 -141.18 0 0 -1 -0.036347 0.999339 0 0.999339 0.036347 0 4070.dat
1 47 -16 -20.895 -140.816 0 1 0 -0.999339 0 -0.036347 -0.036347 0 0.999339 54200.dat
1 47 16 -20.895 -140.816 0 -1 0 0.999339 0 -0.036347 0.036347 0 0.999339 54200.dat
1 10 -10 -44.336 8.43 0 0 -1 -0.036347 0.999339 0 0.999339 0.036347 0 50947.dat
1 10 10 -44.336 8.43 0 0 -1 -0.036347 0.999339 0 0.999339 0.036347 0 50947.dat
1 4 0 -42.882 -31.543 1 0 0 0 0.999339 -0.036347 0 0.036347 0.999339 3001.dat
1 7 0 -40.701 -91.503 1 0 0 0 0.999339 -0.036347 0 0.036347 0.999339 3031.dat
1 4 0 -38.883 -141.47 1 0 0 0 0.999339 -0.036347 0 0.036347 0.999339 44728.dat
1 80 0 -8.104 -162.365 1 0 0 0 -0.036347 -0.999339 0 0.999339 -0.036347 2412.dat
1 80 0 -28.09 -163.092 1 0 0 0 -0.036347 -0.999339 0 0.999339 -0.036347 2412.dat
1 0 -30 -49.422 -71.807 0 0 1 0.036347 0.999339 0 -0.999339 0.036347 0 32028.dat
1 8 0 -49.422 -71.807 1 0 0 0 0.999339 -0.036347 0 0.036347 0.999339 3022.dat
1 0 30 -49.422 -71.807 0 0 -1 -0.036347 0.999339 0 0.999339 0.036347 0 32028.dat
1 10 -30 -48.332 -101.788 1 0 0 0 0.999339 -0.036347 0 0.036347 0.999339 6141.dat
1 10 30 -48.332 -101.788 1 0 0 0 0.999339 -0.036347 0 0.036347 0.999339 6141.dat
1 10 -30 -47.605 -121.774 1 0 0 0 0.999339 -0.036347 0 0.036347 0.999339 6141.dat
1 4 0 -47.605 -121.774 0 0 1 0.036347 0.999339 0 -0.999339 0.036347 0 3021.dat
1 10 30 -47.605 -121.774 1 0 0 0 0.999339 -0.036347 0 0.036347 0.999339 6141.dat
1 4 0 -66.866 -32.415 1 0 0 0 0.999339 -0.036347 0 0.036347 0.999339 3001.dat
1 0 0 -65.775 -62.396 1 0 0 0 0.999339 -0.036347 0 0.036347 0.999339 45677.dat
1 4 -20 -75.224 -22.713 1 0 0 0 0.999339 -0.036347 0 0.036347 0.999339 3794.dat
1 4 20 -75.224 -22.713 1 0 0 0 0.999339 -0.036347 0 0.036347 0.999339 3794.dat
1 4 -20 -74.497 -42.7 1 0 0 0 0.999339 -0.036347 0 0.036347 0.999339 3794.dat
1 4 20 -74.497 -42.7 1 0 0 0 0.999339 -0.036347 0 0.036347 0.999339 3794.dat
1 4 0 -73.77 -62.686 1 0 0 0 0.999339 -0.036347 0 0.036347 0.999339 3794.dat
1 4 0 -83.219 -23.004 1 0 0 0 0.999339 -0.036347 0 0.036347 0.999339 3623.dat
1 4 -20 -98.481 -43.572 1 0 0 0 0.999339 -0.036347 0 0.036347 0.999339 50950.dat
1 4 0 -98.481 -43.572 1 0 0 0 0.999339 -0.036347 0 0.036347 0.999339 50950.dat
1 4 20 -98.481 -43.572 1 0 0 0 0.999339 -0.036347 0 0.036347 0.999339 50950.dat
1 0 -40 -3 110 0 0 1 0.036347 0.999339 0 -0.999339 0.036347 0 6014.dat
1 0 40 -3 110 0 0 -1 -0.036347 0.999339 0 0.999339 0.036347 0 6014.dat
1 0 -40 -2.998 -110.145 0 0 1 0.036347 0.999339 0 -0.999339 0.036347 0 6014.dat
1 0 40 -2.998 -110.145 0 0 -1 -0.036347 0.999339 0 0.999339 0.036347 0 6014.dat
1 256 -46 -3 110 0 0 1 0.036347 0.999339 0 -0.999339 0.036347 0 60700.dat
1 256 46 -3 110 0 0 -1 -0.036347 0.999339 0 0.999339 0.036347 0 60700.dat
1 256 -46 -2.998 -110.145 0 0 1 0.036347 0.999339 0 -0.999339 0.036347 0 60700.dat
1 256 46 -2.998 -110.145 0 0 -1 -0.036347 0.999339 0 0.999339 0.036347 0 60700.dat
