0 Main
0 Name: 6925-1 - Interplanetary Rover.mpd
0 Author: LTRON
1 0 0 0 0 1 0 0 0 1 0 0 0 1 3795.dat
1 0 0 -24 0 1 0 0 0 1 0 0 0 1 3003.dat
1 0 40 -24 0 1 0 0 0 1 0 0 0 1 4730.dat
1 0 -40 -24 0 -1 0 0 0 1 0 0 0 -1 4730.dat
1 0 -30 -48 -10 1 0 0 0 1 0 0 0 1 2357.dat
1 0 30 -48 -10 0 0 -1 0 1 0 1 0 0 2357.dat
1 0 0 -48 10 -1 0 0 0 1 0 0 0 -1 3660.dat
1 0 0 -72 0 -1 0 0 0 1 0 0 0 -1 3001.dat
1 0 0 -72 60 0 0 -1 0 1 0 1 0 0 3001.dat
1 0 -30 -80 0 0 0 -1 0 1 0 1 0 0 3023.dat
1 0 30 -80 0 0 0 -1 0 1 0 1 0 0 3023.dat
1 0 0 -80 100 -1 0 0 0 1 0 0 0 -1 3640.dat
1 0 0 -80 20 0 0 -1 0 1 0 1 0 0 3020.dat
1 15 0 -88 20 0 0 -1 0 1 0 1 0 0 3028.dat
1 15 0 -80 -70 -1 0 0 0 1 0 0 0 -1 3660.dat
1 15 50 -80 -70 -1 0 0 0 1 0 0 0 -1 4070.dat
1 15 0 -70 -80 -1 0 0 0 0 -1 0 -1 0 2486.dat
1 15 -50 -80 -70 -1 0 0 0 1 0 0 0 -1 4070.dat
1 0 0 -56 -70 1 0 0 0 1 0 0 0 1 3666.dat
1 15 70 -96 40 0 0 -1 0 1 0 1 0 0 2419.dat
1 15 -70 -96 40 0 0 1 0 1 0 -1 0 0 2419.dat
1 15 -10 -112 30 0 0 -1 0 1 0 1 0 0 2357.dat
1 15 10 -112 30 1 0 0 0 1 0 0 0 1 2357.dat
1 15 30 -96 -60 0 0 1 0 1 0 -1 0 0 3069.dat
1 15 -30 -96 -60 0 0 1 0 1 0 -1 0 0 3069.dat
1 15 30 -120 30 0 0 1 0 1 0 -1 0 0 3024.dat
1 15 -30 -120 30 0 0 1 0 1 0 -1 0 0 3024.dat
1 15 90 -104 30 0 0 1 0 1 0 -1 0 0 3024.dat
1 15 -90 -104 30 0 0 1 0 1 0 -1 0 0 3024.dat
1 15 90 -120 30 0 0 -1 0 1 0 1 0 0 4735.dat
1 15 -90 -120 30 0 0 1 0 1 0 -1 0 0 4735.dat
1 15 60 -120 30 -1 0 0 0 1 0 0 0 -1 3004.dat
1 15 -60 -120 30 -1 0 0 0 1 0 0 0 -1 3004.dat
1 15 0 -120 40 -1 0 0 0 1 0 0 0 -1 3956.dat
1 15 10 -140 76 0 0 -1 1 0 0 0 -1 0 4623.dat
1 15 -10 -140 76 0 0 1 -1 0 0 0 -1 0 4623.dat
1 15 0 -140 84 0 0 1 -1 0 0 0 -1 0 3022.dat
1 15 0 -128 30 -1 0 0 0 1 0 0 0 -1 4477.dat
1 15 0 -152 30 -1 0 0 0 1 0 0 0 -1 3004.dat
1 15 0 -160 30 -1 0 0 0 1 0 0 0 -1 3023.dat
1 15 50 -160 -20 1 0 0 0 1 0 0 0 1 2340.dat
1 15 -50 -160 -20 1 0 0 0 1 0 0 0 1 2340.dat
1 15 50 -184 -30 0 0 1 0 1 0 -1 0 0 3665.dat
1 15 -50 -184 -30 0 0 -1 0 1 0 1 0 0 3665.dat
1 15 30 -184 10 0 0 -1 0 1 0 1 0 0 2462.dat
1 15 -30 -184 10 -1 0 0 0 1 0 0 0 -1 2462.dat
1 15 0 -192 -20 -1 0 0 0 1 0 0 0 -1 3795.dat
1 0 0 -200 -30 -1 0 0 0 1 0 0 0 -1 3023.dat
1 15 0 -208 -30 -1 0 0 0 1 0 0 0 -1 3023.dat
1 15 10 -208 -10 -1 0 0 0 1 0 0 0 -1 4735.dat
1 15 -10 -208 -10 -1 0 0 0 1 0 0 0 -1 4735.dat
1 15 0 -216 -20 -1 0 0 0 1 0 0 0 -1 3022.dat
1 15 30 -216 -30 -1 0 0 0 1 0 0 0 -1 3040.dat
1 15 -30 -216 -30 -1 0 0 0 1 0 0 0 -1 3040.dat
1 15 50 -200 -30 -1 0 0 0 1 0 0 0 -1 4592.dat
1 0 50 -200 -30 -1 0 0 0 0.707107 -0.707107 0 -0.707107 -0.707107 4593.dat
1 15 -50 -200 -30 -1 0 0 0 1 0 0 0 -1 4592.dat
1 0 -50 -200 -30 -1 0 0 0 0.707107 -0.707107 0 -0.707107 -0.707107 4593.dat
1 0 10 -192 30 -1 0 0 0 1 0 0 0 -1 3957.dat
1 0 -10 -192 30 -1 0 0 0 1 0 0 0 -1 3957.dat
1 15 0 -96 -90 1 0 0 0 1 0 0 0 1 4625.dat
1 33 0 -100 -84 -1 0 0 0 0 1 0 1 0 4474.dat
1 0 130 -136 30 0 0 -1 0 1 0 1 0 0 4479.dat
1 36 130 -128 66 0 0 -1 1 0 0 0 -1 0 6141.dat
1 15 130 -134.343 -31.456 0 0 -1 0.707107 0.707107 0 0.707107 -0.707107 0 3960.dat
1 0 130 -123.0293 -42.7697 0 0 -1 0.707107 0.707107 0 0.707107 -0.707107 0 4740.dat
1 0 -130 -136 30 0 0 -1 0 1 0 1 0 0 4479.dat
1 36 -130 -128 66 0 0 -1 1 0 0 0 -1 0 6141.dat
1 15 -130 -134.343 -31.456 0 0 -1 0.707107 0.707107 0 0.707107 -0.707107 0 3960.dat
1 0 -130 -123.0293 -42.7697 0 0 -1 0.707107 0.707107 0 0.707107 -0.707107 0 4740.dat
1 15 50 -70 -128 -1 0 0 0 0 -1 0 -1 0 3794.dat
1 33 60 -70 -136 -1 0 0 0 0 -1 0 -1 0 6141.dat
1 33 40 -70 -136 -1 0 0 0 0 -1 0 -1 0 6141.dat
1 15 -50 -70 -128 -1 0 0 0 0 -1 0 -1 0 3794.dat
1 33 -40 -70 -136 -1 0 0 0 0 -1 0 -1 0 6141.dat
1 33 -60 -70 -136 -1 0 0 0 0 -1 0 -1 0 6141.dat
1 15 70 -24 0 0 0 -1 0 1 0 1 0 0 3894.dat
1 7 80 -14 40 1 0 0 0 1 0 0 0 1 3749.dat
1 15 90 -14 40 0 0 1 0 1 0 -1 0 0 3482.dat
1 256 90 -14 40 0 0 -1 0 1 0 1 0 0 2346.dat
1 7 80 -14 -40 1 0 0 0 1 0 0 0 1 3749.dat
1 15 90 -14 -40 0 0 1 0 1 0 -1 0 0 3482.dat
1 256 90 -14 -40 0 0 -1 0 1 0 1 0 0 2346.dat
1 15 -70 -24 0 0 0 1 0 1 0 -1 0 0 3894.dat
1 7 -80 -14 -40 -1 0 0 0 1 0 0 0 -1 3749.dat
1 15 -90 -14 -40 0 0 -1 0 1 0 1 0 0 3482.dat
1 256 -90 -14 -40 0 0 1 0 1 0 -1 0 0 2346.dat
1 7 -80 -14 40 -1 0 0 0 1 0 0 0 -1 3749.dat
1 15 -90 -14 40 0 0 -1 0 1 0 1 0 0 3482.dat
1 256 -90 -14 40 0 0 1 0 1 0 -1 0 0 2346.dat
1 0 -32 -114 92 -1 0 0 0 1 0 0 0 -1 4740.dat
1 0 -32 -150 82 1 0 0 0 0 -1 0 1 0 4595.dat
1 0 -32 -178 92 -1 0 0 0 1 0 0 0 -1 4081.dat
1 46 -44 -176 112 0 1 0 1 0 0 0 0 -1 6141.dat
1 46 -20 -176 112 0 -1 0 1 0 0 0 0 1 6141.dat
1 0 -58 -160 92 0 1 0 0 0 -1 -1 0 0 4735.dat
1 0 -6 -160 92 0 -1 0 0 0 -1 1 0 0 4735.dat
1 14 0 -168 -32 0.866025 0 0.5 0 1 0 -0.5 0 0.866025 2446.dat
1 33 2.298 -166.096 -28.0197 0.866025 -0.353554 0.353554 0 0.707107 0.707107 -0.5 -0.612372 0.612372 2447.dat
1 14 0 -168 -32 0.866025 0 0.5 0 1 0 -0.5 0 0.866025 3626.dat
1 14 0 -141 -32 1 0 0 0 1 0 0 0 1 3838.dat
1 15 0 -141 -32 1 0 0 0 1 0 0 0 1 973.dat
1 0 -61.2293 0 307.8208 0.92388 0 -0.382683 0 1 0 0.382683 0 0.92388 3795.dat
1 0 -61.2293 -24 307.8208 0.92388 0 -0.382683 0 1 0 0.382683 0 0.92388 3003.dat
1 0 -24.2741 -24 323.1281 0.92388 0 -0.382683 0 1 0 0.382683 0 0.92388 4730.dat
1 0 -98.1845 -24 292.5135 -0.92388 0 0.382683 0 1 0 -0.382683 0 -0.92388 4730.dat
1 0 -37.3397 -48 328.5401 -0.92388 0 0.382683 0 1 0 -0.382683 0 -0.92388 2357.dat
1 0 -92.7725 -48 305.5791 0.382683 0 0.92388 0 1 0 -0.92388 0 0.382683 2357.dat
1 0 -57.4025 -48 298.582 0.92388 0 -0.382683 0 1 0 0.382683 0 0.92388 3660.dat
1 0 -61.2293 -72 307.8208 0.92388 0 -0.382683 0 1 0 0.382683 0 0.92388 3001.dat
1 0 -38.2683 -72 252.388 0.382683 0 0.92388 0 1 0 -0.92388 0 0.382683 3001.dat
1 0 -88.9457 -80 296.3403 0.382683 0 0.92388 0 1 0 -0.92388 0 0.382683 3023.dat
1 0 -33.5129 -80 319.3013 0.382683 0 0.92388 0 1 0 -0.92388 0 0.382683 3023.dat
1 0 -53.5756 -80 289.3432 0.382683 0 0.92388 0 1 0 -0.92388 0 0.382683 3020.dat
1 0 -22.961 -80 215.4328 0.92388 0 -0.382683 0 1 0 0.382683 0 0.92388 3639.dat
1 15 -53.5756 -88 289.3432 0.382683 0 0.92388 0 1 0 -0.92388 0 0.382683 3028.dat
1 15 11.096 -96 316.131 -0.382683 0 -0.92388 0 1 0 0.92388 0 -0.382683 2419.dat
1 15 -118.2472 -96 262.5554 0.382683 0 0.92388 0 1 0 -0.92388 0 0.382683 2419.dat
1 15 -80.3634 -96 354.0148 0.92388 0 -0.382683 0 1 0 0.382683 0 0.92388 3666.dat
1 15 19.4062 -96 243.8058 0.92388 0 -0.382683 0 1 0 0.382683 0 0.92388 3024.dat
1 15 -72.9818 -96 205.5374 0.92388 0 -0.382683 0 1 0 0.382683 0 0.92388 3024.dat
1 15 25.7467 -104 333.0235 0.92388 0 -0.382683 0 1 0 0.382683 0 0.92388 3024.dat
1 15 -140.5517 -104 264.1405 0.92388 0 -0.382683 0 1 0 0.382683 0 0.92388 3024.dat
1 15 -88.0171 -96 372.4924 0.92388 0 -0.382683 0 1 0 0.382683 0 0.92388 3023.dat
1 15 -34.4415 -96 243.1492 0.92388 0 -0.382683 0 1 0 0.382683 0 0.92388 3023.dat
1 15 -34.4415 -104 243.1492 0.92388 0 -0.382683 0 1 0 0.382683 0 0.92388 3023.dat
1 15 -61.2293 -96 307.8208 0.92388 0 -0.382683 0 1 0 0.382683 0 0.92388 3068.dat
1 15 25.7467 -120 333.0235 -0.382683 0 -0.92388 0 1 0 0.92388 0 -0.382683 4735.dat
1 15 -140.5517 -120 264.1405 0.382683 0 0.92388 0 1 0 -0.92388 0 0.382683 4735.dat
1 15 -11.2085 -120 317.7162 0.382683 0 0.92388 0 1 0 -0.92388 0 0.382683 2357.dat
1 15 -103.5965 -120 279.4478 -0.92388 0 0.382683 0 1 0 -0.382683 0 -0.92388 2357.dat
1 15 -22.6889 -120 345.4326 -0.382683 0 -0.92388 0 1 0 0.92388 0 -0.382683 3004.dat
1 15 -115.0769 -120 307.1642 -0.382683 0 -0.92388 0 1 0 0.92388 0 -0.382683 3004.dat
1 15 -88.0171 -120 372.4924 0.92388 0 -0.382683 0 1 0 0.382683 0 0.92388 3004.dat
1 15 -80.3634 -120 354.0148 0.92388 0 -0.382683 0 1 0 0.382683 0 0.92388 3009.dat
1 15 4.0989 -120 280.761 0.92388 0 -0.382683 0 1 0 0.382683 0 0.92388 4286.dat
1 15 -88.2891 -120 242.4926 0.92388 0 -0.382683 0 1 0 0.382683 0 0.92388 4286.dat
1 15 16.5079 -128 329.1966 0.92388 0 -0.382683 0 1 0 0.382683 0 0.92388 3023.dat
1 15 -131.3129 -128 267.9673 0.92388 0 -0.382683 0 1 0 0.382683 0 0.92388 3023.dat
1 15 -84.1903 -128 363.2536 0.92388 0 -0.382683 0 1 0 0.382683 0 0.92388 3022.dat
1 15 -108.0798 -144 342.5343 0.92388 0 -0.382683 0 1 0 0.382683 0 0.92388 3005.dat
1 15 -52.647 -144 365.4953 0.92388 0 -0.382683 0 1 0 0.382683 0 0.92388 3005.dat
1 15 -15.0353 -144 326.955 0.382683 0 0.92388 0 1 0 -0.92388 0 0.382683 3009.dat
1 15 -107.4233 -144 288.6866 0.382683 0 0.92388 0 1 0 -0.92388 0 0.382683 3009.dat
1 15 -84.1903 -136 363.2536 0.382683 0 0.92388 0 1 0 -0.92388 0 0.382683 3022.dat
1 15 -93.4291 -144 359.4268 -0.382683 0 -0.92388 0 1 0 0.92388 0 -0.382683 4276.dat
1 15 -74.9515 -144 367.0804 -0.382683 0 -0.92388 0 1 0 0.92388 0 -0.382683 4276.dat
1 15 -103.3788 -170 383.4477 0 -0.382683 0.92388 1 0 0 0 0.92388 0.382683 4275.dat
1 15 -84.9012 -170 391.1013 0 -0.382683 0.92388 1 0 0 0 0.92388 0.382683 4275.dat
1 15 -97.2015 -180 394.6655 -0.92388 -0.382683 0 0 0 1 -0.382683 0.92388 0 2419.dat
1 15 -47.946 -160 406.4086 -0.92388 -0.382683 0 0 0 1 -0.382683 0.92388 0 6141.dat
1 15 -140.334 -160 368.1403 -0.92388 -0.382683 0 0 0 1 -0.382683 0.92388 0 6141.dat
1 15 -94.14 -200 387.2745 -0.92388 -0.382683 0 0 0 1 -0.382683 0.92388 0 3023.dat
1 0 -84.9556 -170 365.1013 -0.92388 -0.382683 0 0 0 1 -0.382683 0.92388 0 3003.dat
1 0 -57.2392 -180 376.5818 0 -0.382683 -0.92388 -1 0 0 0 0.92388 -0.382683 2462.dat
1 0 -112.672 -180 353.6209 -0.92388 -0.382683 0 0 0 1 -0.382683 0.92388 0 2462.dat
1 15 -75.7712 -200 342.9283 -0.92388 -0.382683 0 0 0 1 -0.382683 0.92388 0 3004.dat
1 15 -29.5772 -160 362.0624 0 -0.382683 -0.92388 -1 0 0 0 0.92388 -0.382683 3665.dat
1 15 -121.9652 -160 323.7941 0 -0.382683 0.92388 1 0 0 0 0.92388 0.382683 3665.dat
1 15 -2.1329 -180 243.5431 0 -0.382683 -0.92388 -1 0 0 0 0.92388 -0.382683 2345.dat
1 15 -57.5657 -180 220.5822 -0.92388 -0.382683 0 0 0 1 -0.382683 0.92388 0 2345.dat
1 15 -29.8493 -180 232.0626 -0.92388 -0.382683 0 0 0 1 -0.382683 0.92388 0 3039.dat
1 15 -35.9722 -160 246.8447 -0.92388 -0.382683 0 0 0 1 -0.382683 0.92388 0 3666.dat
1 33 -8.0382 -160 362.325 -0.92388 -0.382683 0 0 0 1 -0.382683 0.92388 0 3024.dat
1 33 -137.3814 -160 308.7494 -0.92388 -0.382683 0 0 0 1 -0.382683 0.92388 0 3024.dat
1 15 -32.9107 -140 239.4537 0.92388 -0.382683 0 0 0 -1 0.382683 0.92388 0 2419.dat
1 15 -29.8493 -160 232.0626 0.92388 -0.382683 0 0 0 -1 0.382683 0.92388 0 3023.dat
1 0 -26.7878 -170 224.6716 0.92388 -0.382683 0 0 0 -1 0.382683 0.92388 0 4032.dat
1 15 3.4423 -24 334.6086 -0.382683 0 -0.92388 0 1 0 0.92388 0 -0.382683 3894.dat
1 7 -2.6262 -14 375.3906 0.92388 0 -0.382683 0 1 0 0.382683 0 0.92388 3749.dat
1 15 6.6126 -14 379.2175 0.382683 0 0.92388 0 1 0 -0.92388 0 0.382683 3482.dat
1 256 6.6126 -14 379.2175 -0.382683 0 -0.92388 0 1 0 0.92388 0 -0.382683 2346.dat
1 7 27.9884 -14 301.4803 0.92388 0 -0.382683 0 1 0 0.382683 0 0.92388 3749.dat
1 15 37.2272 -14 305.3071 0.382683 0 0.92388 0 1 0 -0.92388 0 0.382683 3482.dat
1 256 37.2272 -14 305.3071 -0.382683 0 -0.92388 0 1 0 0.92388 0 -0.382683 2346.dat
1 15 -125.9009 -24 281.033 0.382683 0 0.92388 0 1 0 -0.92388 0 0.382683 3894.dat
1 7 -119.8324 -14 240.251 -0.92388 0 0.382683 0 1 0 -0.382683 0 -0.92388 3749.dat
1 15 -129.0712 -14 236.4241 -0.382683 0 -0.92388 0 1 0 0.92388 0 -0.382683 3482.dat
1 256 -129.0712 -14 236.4241 0.382683 0 0.92388 0 1 0 -0.92388 0 0.382683 2346.dat
1 7 -150.447 -14 314.1613 -0.92388 0 0.382683 0 1 0 -0.382683 0 -0.92388 3749.dat
1 15 -159.6858 -14 310.3345 -0.382683 0 -0.92388 0 1 0 0.92388 0 -0.382683 3482.dat
1 256 -159.6858 -14 310.3345 0.382683 0 0.92388 0 1 0 -0.92388 0 0.382683 2346.dat
1 0 62.702 -136 348.3308 0.382683 0 0.92388 0 1 0 -0.92388 0 0.382683 4479.dat
1 36 76.4785 -128 315.0711 0 -0.382683 0.92388 1 0 0 0 0.92388 0.382683 6141.dat
1 15 39.1838 -134.343 405.1088 0.270598 -0.270598 0.92388 0.707107 0.707107 0 -0.653282 0.653282 0.382683 3960.dat
1 0 34.8542 -123.0293 415.5613 0.270598 -0.270598 0.92388 0.707107 0.707107 0 -0.653282 0.653282 0.382683 4740.dat
1 0 -177.5069 -136 248.8332 0.382683 0 0.92388 0 1 0 -0.92388 0 0.382683 4479.dat
1 36 -163.7303 -128 215.5735 0 -0.382683 0.92388 1 0 0 0 0.92388 0.382683 6141.dat
1 15 -201.025 -134.343 305.6112 0.270598 -0.270598 0.92388 0.707107 0.707107 0 -0.653282 0.653282 0.382683 3960.dat
1 0 -205.3546 -123.0293 316.0637 0.270598 -0.270598 0.92388 0.707107 0.707107 0 -0.653282 0.653282 0.382683 4740.dat
1 0 -228 13 73.706 0.382683 0 0.92388 0 1 0 -0.92388 0 0.382683 4740.dat
1 0 -218.7612 -23 77.5328 -0.382683 -0.92388 0 0 0 -1 0.92388 -0.382683 0 4595.dat
1 0 -228 -51 73.706 0.382683 0 0.92388 0 1 0 -0.92388 0 0.382683 4081.dat
1 46 -241.8854 -49 54.9658 0 -0.382683 0.92388 1 0 0 0 0.92388 0.382683 6141.dat
1 46 -251.0698 -49 77.1389 0 0.382683 -0.92388 1 0 0 0 -0.92388 -0.382683 6141.dat
1 0 -218.0502 -33 49.6851 0.653282 -0.382683 0.653282 0.707107 0 -0.707107 0.270598 0.92388 0.270598 4735.dat
1 0 -237.9498 -33 97.7269 -0.853554 0.382683 0.353553 -0.382683 0 -0.92388 -0.353553 -0.92388 0.146446 4735.dat
