0 Main
0 Name: 6822-1 - Space Digger.mpd
0 Author: LTRON
1 7 0 0 0 0 0 1 0 1 0 -1 0 0 3795.dat
1 7 -20 8 40 1 0 0 0 1 0 0 0 1 4229.dat
1 7 20 8 40 1 0 0 0 1 0 0 0 1 4229.dat
1 7 -20 8 -40 1 0 0 0 1 0 0 0 1 4229.dat
1 7 20 8 -40 1 0 0 0 1 0 0 0 1 4229.dat
1 7 -30 0 50 1 0 0 0 1 0 0 0 1 3024.dat
1 7 30 0 50 1 0 0 0 1 0 0 0 1 3024.dat
1 7 -30 0 -50 0 0 1 0 1 0 -1 0 0 4081.dat
1 7 30 0 -50 0 0 -1 0 1 0 1 0 0 4081.dat
1 36 -30 -8 50 1 0 0 0 1 0 0 0 1 3024.dat
1 36 30 -8 50 1 0 0 0 1 0 0 0 1 3024.dat
1 7 0 -8 -50 1 0 0 0 1 0 0 0 1 3710.dat
1 36 -50 2 -60 1 0 0 0 0 -1 0 1 0 3024.dat
1 36 50 2 -60 1 0 0 0 0 -1 0 1 0 3024.dat
1 7 0 -24 40 1 0 0 0 1 0 0 0 1 792.dat
1 7 0 -24 40 1 0 0 0 1 0 0 0 1 793.dat
1 7 0 -14 62 0 1 0 -1 0 0 0 0 1 6048.dat
1 7 0 -26 74 0 1 0 0 0 1 1 0 0 3612.dat
1 7 0 -48.3917 80 0 1 0 0.5 0 0.866025 0.866025 0 -0.5 3612.dat
1 7 0 -61.8896 97.5903 0 1 0 0.965926 0 0.258819 0.258819 0 -0.965926 3612.dat
1 7 0 -59.8192 128.5004 -1 0 0 0 0.965925 -0.258819 0 -0.258819 -0.965925 4220.dat
1 7 0 -59.1121 129.2075 1 0 0 0 -0.777145 -0.629321 0 0.629321 -0.777145 4221.dat
1 7 0 -59.1121 129.2075 -1 0 0 0 0.707106 -0.707107 0 -0.707107 -0.707106 4221.dat
1 7 0 -16 -50 1 0 0 0 1 0 0 0 1 3829.dat
1 0 -30 -32 50 0 0 1 0 1 0 -1 0 0 3963.dat
1 0 30 -32 50 0 0 -1 0 1 0 1 0 0 3963.dat
1 0 0 -32 30 1 0 0 0 1 0 0 0 1 3794.dat
1 7 0 -40 30 1 0 0 0 1 0 0 0 1 3957.dat
1 0 0 -30.141 161.515 1 0 0 0 0.707107 -0.707107 0 0.707107 0.707107 3794.dat
