0 Main
0 Name: 8841-1 - Desert Racer.mpd
0 Author: LTRON
1 1 80 -40 80 1 0 0 0 1 0 0 0 1 3031.dat
1 1 -80 -40 80 1 0 0 0 1 0 0 0 1 3031.dat
1 1 -50 -64 -40 0 0 -1 0 1 0 1 0 0 3703.dat
1 1 50 -64 -40 0 0 -1 0 1 0 1 0 0 3703.dat
1 0 40 -54 -180 1 0 0 0 1 0 0 0 1 4459.dat
1 0 40 -54 -160 1 0 0 0 1 0 0 0 1 4459.dat
1 0 -40 -54 -160 -1 0 0 0 1 0 0 0 -1 4459.dat
1 0 -40 -54 -180 -1 0 0 0 1 0 0 0 -1 4459.dat
1 4 -30 -64 -220 0 0 -1 0 1 0 1 0 0 3702.dat
1 4 30 -64 -220 0 0 -1 0 1 0 1 0 0 3702.dat
1 0 40 -54 -280 1 0 0 0 1 0 0 0 1 4459.dat
1 0 -40 -54 -280 -1 0 0 0 1 0 0 0 -1 4459.dat
1 1 90 -64 60 1 0 0 0 1 0 0 0 1 3002.dat
1 1 -90 -64 60 1 0 0 0 1 0 0 0 1 3002.dat
1 0 100 -54 100 1 0 0 0 1 0 0 0 1 3707.dat
1 0 -100 -54 100 -1 0 0 0 1 0 0 0 -1 3707.dat
1 7 -70 -54 100 0 0 -1 0 1 0 1 0 0 3713.dat
1 7 90 -54 100 0 0 -1 0 1 0 1 0 0 3713.dat
1 7 70 -54 100 0 0 1 0 1 0 -1 0 0 3713.dat
1 7 -90 -54 100 0 0 1 0 1 0 -1 0 0 3713.dat
1 7 -30 -54 100 0 0 -1 0 -1 0 -1 0 0 3648.dat
1 7 -10 -54 116 -1 0 0 0 0.7071 -0.7071 0 -0.7071 -0.7071 3749.dat
1 7 0 -73.9555 117.3335 -1 0 0 0 -0.0667 -0.9978 0 -0.9978 0.0667 3651.dat
1 0 0 -83.9332 118.0002 0 0 1 -0.9978 -0.0667 0 0.0667 -0.9978 0 3704.dat
1 7 0 -93.911 118.667 0 1 0 0.0667 0 0.9978 0.9978 0 -0.0667 3651.dat
1 7 0 -113.8665 120 0 0 -1 0 1 0 1 0 0 3652.dat
1 1 110 -64 100 0 0 -1 0 1 0 1 0 0 3700.dat
1 1 -110 -64 100 0 0 -1 0 1 0 1 0 0 3700.dat
1 0 0 -54 0 1 0 0 0 1 0 0 0 1 3737.dat
1 7 -20 -54 0 0 0 1 0 1 0 -1 0 0 3713.dat
1 7 20 -54 0 0 0 -1 0 1 0 1 0 0 3713.dat
1 7 0 -69.6522 -12.4503 -1 0 0 0 0.6225 -0.7826 0 -0.7826 -0.6225 3651.dat
1 0 0 -93.1304 -31.1257 0 0 -1 0.7826 0.6225 0 0.6225 -0.7826 0 3705.dat
1 7 70 -67.4603 -14.7926 -1 0 0 0 0.7396 -0.673 0 -0.673 -0.7396 3651.dat
1 7 -70 -67.4603 -14.7926 -1 0 0 0 0.7396 -0.673 0 -0.673 -0.7396 3651.dat
1 0 70 -101.1109 -51.7742 0 0 -1 0.673 0.7396 0 0.7396 -0.673 0 3706.dat
1 0 -70 -101.1109 -51.7742 0 0 -1 0.673 0.7396 0 0.7396 -0.673 0 3706.dat
1 7 -70 -134.7615 -88.7557 -1 0 0 0 -0.7396 0.673 0 0.673 0.7396 4273.dat
1 7 70 -134.7615 -88.7557 1 0 0 0 0.7396 0.673 0 -0.673 0.7396 4273.dat
1 7 60 -40 -190 1 0 0 0 1 0 0 0 1 4262.dat
1 7 -60 -40 -190 1 0 0 0 1 0 0 0 1 4262.dat
1 7 0 -32 -190 1 0 0 0 1 0 0 0 1 3666.dat
1 7 110 -64 -190 1 0 0 0 1 0 0 0 1 4261.dat
1 7 -110 -64 -190 1 0 0 0 1 0 0 0 1 4261.dat
1 1 0 -64 150 1 0 0 0 1 0 0 0 1 3460.dat
1 4 0 -88 150 -1 0 0 0 1 0 0 0 -1 3660.dat
1 1 -80 -72 100 0 0 1 0 1 0 -1 0 0 3032.dat
1 1 80 -72 100 0 0 1 0 1 0 -1 0 0 3032.dat
1 4 50 -96 150 0 0 -1 0 1 0 1 0 0 4286.dat
1 4 -50 -96 150 0 0 1 0 1 0 -1 0 0 4286.dat
1 0 0 -96 150 -1 0 0 0 1 0 0 0 -1 3710.dat
1 7 100 -82 120 0 1 0 0 0 1 1 0 0 3651.dat
1 7 -100 -82 120 0 1 0 0 0 1 1 0 0 3651.dat
1 4 80 -96 90 1 0 0 0 1 0 0 0 1 3701.dat
1 4 -80 -96 90 1 0 0 0 1 0 0 0 1 3701.dat
1 0 -100 -86 80 0 0 -1 0 1 0 1 0 0 4459.dat
1 0 100 -86 80 0 0 -1 0 1 0 1 0 0 4459.dat
1 7 0 -104 150 -1 0 0 0 1 0 0 0 -1 3023.dat
1 14 10 -112 170 0.866 0.5 0 0 0 -1 -0.5 0.866 0 3959.dat
1 14 -10 -112 170 0.866 -0.5 0 0 0 -1 0.5 0.866 0 3959.dat
1 0 40 -176 120 -0.7071 0.7071 0 0 0 -1 -0.7071 -0.7071 0 3959.dat
1 0 -40 -176 120 -0.7071 -0.7071 0 0 0 -1 0.7071 -0.7071 0 3959.dat
1 1 0 -64 -190 1 0 0 0 1 0 0 0 1 3700.dat
1 7 60 -72 -190 1 0 0 0 1 0 0 0 1 4262.dat
1 7 -60 -72 -190 1 0 0 0 1 0 0 0 1 4262.dat
1 7 0 -72 -170 1 0 0 0 1 0 0 0 1 3666.dat
1 1 40 -72 -150 1 0 0 0 1 0 0 0 1 3069.dat
1 1 -40 -72 -150 1 0 0 0 1 0 0 0 1 3069.dat
1 7 90 -54 0 0 0 -1 0 1 0 1 0 0 3713.dat
1 7 -90 -54 0 0 0 1 0 1 0 -1 0 0 3713.dat
1 7 40 -104 120 0 0 1 0 1 0 -1 0 0 3020.dat
1 7 -40 -104 120 0 0 1 0 1 0 -1 0 0 3020.dat
1 0 -30 -112 130 0 0 1 0 1 0 -1 0 0 3623.dat
1 0 30 -112 130 0 0 1 0 1 0 -1 0 0 3623.dat
1 0 0 -112 90 1 0 0 0 1 0 0 0 1 3710.dat
1 7 0 -120 90 1 0 0 0 1 0 0 0 1 3710.dat
1 7 0 -120 150 1 0 0 0 1 0 0 0 1 3710.dat
1 7 40 -120 120 1 0 0 0 1 0 0 0 1 3022.dat
1 7 -40 -120 120 1 0 0 0 1 0 0 0 1 3022.dat
1 0 -30 -128 120 0 0 -1 0 1 0 1 0 0 3710.dat
1 0 30 -128 120 0 0 -1 0 1 0 1 0 0 3710.dat
1 0 0 -128 90 1 0 0 0 1 0 0 0 1 3023.dat
1 7 0 -136 90 1 0 0 0 1 0 0 0 1 3710.dat
1 7 0 -136 150 1 0 0 0 1 0 0 0 1 3710.dat
1 7 40 -136 120 1 0 0 0 1 0 0 0 1 3022.dat
1 7 -40 -136 120 1 0 0 0 1 0 0 0 1 3022.dat
1 0 30 -144 120 0 0 -1 0 1 0 1 0 0 3710.dat
1 0 -30 -144 120 0 0 -1 0 1 0 1 0 0 3710.dat
1 0 0 -144 90 1 0 0 0 1 0 0 0 1 3023.dat
1 7 -40 -152 120 1 0 0 0 1 0 0 0 1 3022.dat
1 7 40 -152 120 1 0 0 0 1 0 0 0 1 3022.dat
1 7 0 -152 90 1 0 0 0 1 0 0 0 1 3710.dat
1 7 0 -152 150 1 0 0 0 1 0 0 0 1 3710.dat
1 4 0 -80 -190 1 0 0 0 1 0 0 0 1 3710.dat
1 4 0 -88 -190 1 0 0 0 1 0 0 0 1 3710.dat
1 7 110 -69 -150 1 0 0 0 0 1 0 -1 0 4265.dat
1 7 -110 -69 -150 1 0 0 0 0 1 0 -1 0 4265.dat
1 7 110 -74 -150 0 0 -1 1 0 0 0 -1 0 3749.dat
1 7 -110 -74 -150 0 0 -1 1 0 0 0 -1 0 3749.dat
1 7 120 -54 -190 1 0 0 0 1 0 0 0 1 3749.dat
1 7 -120 -54 -190 -1 0 0 0 -1 0 0 0 1 3749.dat
1 4 20 -125.6107 65.5669 0 1 0 0.9903 0 -0.1392 -0.1392 0 -0.9903 3623.dat
1 4 -28 -125.6107 65.5669 0 1 0 0.9903 0 -0.1392 -0.1392 0 -0.9903 3623.dat
1 4 20 -194.9295 75.309 0 1 0 0.9903 0 -0.1392 -0.1392 0 -0.9903 3710.dat
1 4 -28 -194.9295 75.309 0 1 0 0.9903 0 -0.1392 -0.1392 0 -0.9903 3710.dat
1 15 -20 -135.5134 66.9587 0 1 0 0.9903 0 -0.1392 -0.1392 0 -0.9903 3710.dat
1 15 12 -135.5134 66.9587 0 1 0 0.9903 0 -0.1392 -0.1392 0 -0.9903 3710.dat
1 15 12 -204.8322 76.7008 0 1 0 0.9903 0 -0.1392 -0.1392 0 -0.9903 3623.dat
1 15 -20 -204.8322 76.7008 0 1 0 0.9903 0 -0.1392 -0.1392 0 -0.9903 3623.dat
1 1 -12 -125.6107 65.5669 0 1 0 0.9903 0 -0.1392 -0.1392 0 -0.9903 3622.dat
1 1 -12 -194.9295 75.309 0 1 0 0.9903 0 -0.1392 -0.1392 0 -0.9903 3010.dat
1 7 28 -135.5134 66.9587 0 1 0 0.9903 0 -0.1392 -0.1392 0 -0.9903 4262.dat
1 7 -36 -135.5134 66.9587 0 1 0 0.9903 0 -0.1392 -0.1392 0 -0.9903 4262.dat
1 0 0 -86 60 -1 0 0 0 1 0 0 0 -1 3707.dat
1 7 18 -86 60 0 0 -1 0 1 0 1 0 0 3713.dat
1 7 -18 -86 60 0 0 1 0 1 0 -1 0 0 3713.dat
1 7 -44 -90.3578 10.1903 0 1 0 -0.0872 0 -0.9962 -0.9962 0 0.0872 4262.dat
1 7 36 -90.3578 10.1903 0 1 0 -0.0872 0 -0.9962 -0.9962 0 0.0872 4262.dat
1 4 28 -90.3578 10.1903 0 1 0 -0.0872 0 -0.9962 -0.9962 0 0.0872 3710.dat
1 4 20 -90.3578 10.1903 0 1 0 -0.0872 0 -0.9962 -0.9962 0 0.0872 3710.dat
1 4 -36 -90.3578 10.1903 0 1 0 -0.0872 0 -0.9962 -0.9962 0 0.0872 3710.dat
1 4 -28 -90.3578 10.1903 0 1 0 -0.0872 0 -0.9962 -0.9962 0 0.0872 3710.dat
1 15 -20 -90.3578 10.1903 0 1 0 -0.0872 0 -0.9962 -0.9962 0 0.0872 3710.dat
1 15 12 -90.3578 10.1903 0 1 0 -0.0872 0 -0.9962 -0.9962 0 0.0872 3710.dat
1 1 -12 -89.4863 20.1522 0 1 0 -0.0872 0 -0.9962 -0.9962 0 0.0872 3622.dat
1 7 47 -86 60 0 0 -1 0 1 0 1 0 0 4265.dat
1 7 -49 -86 60 0 0 1 0 1 0 -1 0 0 4265.dat
1 1 70 -96 60 0 0 1 0 1 0 -1 0 0 3700.dat
1 1 -70 -96 60 0 0 1 0 1 0 -1 0 0 3700.dat
1 7 0 -80 -150 1 0 0 0 1 0 0 0 1 3460.dat
1 7 0 -88 -150 1 0 0 0 1 0 0 0 1 3743.dat
1 7 80 -88 -150 1 0 0 0 1 0 0 0 1 4263.dat
1 7 -80 -88 -150 1 0 0 0 1 0 0 0 1 4263.dat
1 7 -96.0434 -105.6047 70 0 0.9802 0.1978 0 0.1978 -0.9802 -1 0 0 3651.dat
1 7 96.0434 -105.6047 70 0 -0.9802 -0.1978 0 0.1978 -0.9802 1 0 0 3651.dat
1 4 50 -109.7766 -196.4 0 0 -1 -0.4695 0.8829 0 0.8829 0.4695 0 3895.dat
1 4 -50 -109.7766 -196.4 0 0 -1 -0.4695 0.8829 0 0.8829 0.4695 0 3895.dat
1 0 0 -102 -182 0 0 1 0 1 0 -1 0 0 3706.dat
1 7 0 -102 -132 -1 0 0 0 1 0 0 0 -1 3712.dat
1 0 0 -139.3509 -55.0435 0 0 1 0.6225 0.7826 0 -0.7826 0.6225 0 3705.dat
1 7 0 -102 -102 -1 0 0 0 0.7826 0.6225 0 0.6225 -0.7826 3326.dat
1 7 0 -120.6754 -78.5218 0 1 0 -0.7826 0 -0.6225 -0.6225 0 0.7826 3712.dat
1 7 0 -102 -152 -1 0 0 0 1 0 0 0 -1 3647.dat
1 7 0 -102 -172 -1 0 0 0 1 0 0 0 -1 3647.dat
1 7 0 -102 -210 1 0 0 0 1 0 0 0 1 3713.dat
1 4 0 -112 -190 1 0 0 0 1 0 0 0 1 3701.dat
1 7 0 -145.576 -47.2174 1 0 0 0 -0.7826 0.6225 0 -0.6225 -0.7826 3713.dat
1 7 0 -117.4736 -50.4193 0 1 0 -0.6225 0 0.7826 0.7826 0 0.6225 3651.dat
1 7 0 -161.1389 -27.6522 1 0 0 0 -0.7826 0.6225 0 -0.6225 -0.7826 4185.dat
1 0 0 -147.8943 -103.4105 1 0 0 0 1 0 0 0 1 3737.dat
1 7 70 -167.0394 -96.7736 -1 0 0 0 -0.3387 -0.9409 0 -0.9409 0.3387 4273.dat
1 7 -70 -167.0394 -96.7736 1 0 0 0 0.3387 -0.9409 0 0.9409 0.3387 4273.dat
1 0 70 -195.2658 -86.6115 0 0 -1 0.9409 -0.3387 0 -0.3387 -0.9409 0 3705.dat
1 0 -70 -195.2658 -86.6115 0 0 -1 0.9409 -0.3387 0 -0.3387 -0.9409 0 3705.dat
1 7 70 -223.4922 -76.4493 0 -1 0 -0.3387 0 0.9409 -0.9409 0 -0.3387 4273.dat
1 7 -70 -223.4922 -76.4493 0 -1 0 -0.3387 0 0.9409 -0.9409 0 -0.3387 4273.dat
1 7 -50 -242.3098 -69.6746 0 0 1 0.3387 -0.9409 0 0.9409 0.3387 0 4273.dat
1 7 50 -242.3098 -69.6746 0 0 -1 0.3387 0.9409 0 0.9409 -0.3387 0 4273.dat
1 0 0 -242.3098 -69.6746 -1 0 0 0 0.9409 -0.3387 0 -0.3387 -0.9409 3706.dat
1 7 -70 -245.6972 -79.0834 0 -1 0 -0.3387 0 0.9409 -0.9409 0 -0.3387 4274.dat
1 7 70 -245.6972 -79.0834 0 -1 0 -0.3387 0 0.9409 -0.9409 0 -0.3387 4274.dat
1 7 90 -147.8943 -103.4105 0 0 -1 0 1 0 1 0 0 3713.dat
1 7 -90 -147.8943 -103.4105 0 0 1 0 1 0 -1 0 0 3713.dat
1 7 130 -54 -190 0 0 -1 0 1 0 1 0 0 3482.dat
1 7 150 -54 100 0 0 -1 0 1 0 1 0 0 3482.dat
1 7 -150 -54 100 0 0 1 0 1 0 -1 0 0 3482.dat
1 7 -130 -54 -190 0 0 1 0 1 0 -1 0 0 3482.dat
1 256 -130 -54 -190 0 0 1 0 1 0 -1 0 0 3634.dat
1 256 -150 -54 100 0 0 1 0 1 0 -1 0 0 3634.dat
1 256 130 -54 -190 0 0 -1 0 1 0 1 0 0 3634.dat
1 256 150 -54 100 0 0 -1 0 1 0 1 0 0 3634.dat
