0 Main
0 Name: 42034-1 - Quad Bike.mpd
0 Author: LTRON
1 71 -40 0 0 0 -1 0 -1 0 0 0 0 -1 6629.dat
1 0 -50 0 -40 -1 0 0 0 1 0 0 0 -1 2780.dat
1 0 -50 0 -80 -1 0 0 0 1 0 0 0 -1 2780.dat
1 1 -50 0 0 1 0 0 0 -1 0 0 0 -1 43093.dat
1 71 -60 0 20 0 -1 0 -1 0 0 0 0 -1 32524.dat
1 0 -50 0 40 -1 0 0 0 1 0 0 0 -1 2780.dat
1 0 -50 0 80 -1 0 0 0 1 0 0 0 -1 2780.dat
1 0 -60 0 -20 1 0 0 0 -1 0 0 0 -1 32054.dat
1 1 -90 0 -20 1 0 0 0 -1 0 0 0 -1 43093.dat
1 71 -40 0 140 0 -1 0 -1 0 0 0 0 -1 32525.dat
1 0 -50 0 240 -1 0 0 0 1 0 0 0 -1 2780.dat
1 1 -30 0 100 1 0 0 0 -1 0 0 0 -1 43093.dat
1 71 -20 0 80 -1 0 0 0 0 1 0 1 0 32184.dat
1 71 -80 0 60 -1 0 0 0 0 1 0 1 0 44294.dat
1 0 -80 -20 60 -1 0 0 0 0 -1 0 -1 0 32039.dat
1 19 -20 -10 80 0 0 1 -1 0 0 0 -1 0 32002.dat
1 71 -60 -20 240 0 -1 0 0 0 1 -1 0 0 60483.dat
1 71 -80 -20 240 -1 0 0 0 0 1 0 1 0 4519.dat
1 72 -80 0 180 1 0 0 0 0 1 0 -1 0 12799.dat
1 1 -100 0 240 -1 0 0 0 0 -1 0 -1 0 6558.dat
1 71 -100 -20 240 0 -1 0 0 0 1 -1 0 0 60483.dat
1 0 -100 0 120 0 -1 0 0 0 -1 1 0 0 32526.dat
1 71 -80 -70 120 1 0 0 0 -1 0 0 0 -1 32138.dat
1 0 -100 0 120 -1 0 0 0 1 0 0 0 -1 32054.dat
1 72 -60 0 120 -1 0 0 0 1 0 0 0 -1 11214.dat
1 0 -60 0 120 0 -1 0 0 0 -1 1 0 0 32526.dat
1 1 -100 -80 160 1 0 0 0 0 -1 0 1 0 32556.dat
1 0 -110 -80 140 1 0 0 0 0 -1 0 1 0 2780.dat
1 0 -50 -80 160 1 0 0 0 0 -1 0 1 0 2780.dat
1 0 -50 -80 140 1 0 0 0 0 -1 0 1 0 2780.dat
1 0 -110 0 80 -1 0 0 0 1 0 0 0 -1 2780.dat
1 71 -100 0 20 0 -1 0 -1 0 0 0 0 -1 32524.dat
1 0 -110 0 40 -1 0 0 0 1 0 0 0 -1 2780.dat
1 71 -120 0 140 0 -1 0 -1 0 0 0 0 -1 32525.dat
1 1 -130 0 100 -1 0 0 0 -1 0 0 0 1 43093.dat
1 71 -140 0 80 -1 0 0 0 0 1 0 1 0 32184.dat
1 19 -140 -10 80 0 0 1 -1 0 0 0 -1 0 32002.dat
1 0 -80 -15 80 0 0 1 0 -1 0 1 0 0 32065.dat
1 1 -80 -100 160 1 0 0 0 -0.0092 -1 0 1 -0.0092 6558.dat
1 71 -80.0001 -40.0002 60 0 1 0 0.866 0 -0.5 -0.5 0 -0.866 57585.dat
1 71 -80.0001 -55.0002 34.0192 0 1 0 -0.866 0 0.5 0.5 0 0.866 55982.dat
1 71 -80.0001 -55.0004 85.9809 0 1 0 0.866 0 0.5 0.5 0 -0.866 55982.dat
1 71 -55 -48 -136 0 0 -1 0.6 -0.8 0 -0.8 -0.6 0 32123.dat
1 71 -80 -48 -136 -1 0 0 0 -0.6 0.8 0 0.8 0.6 32073.dat
1 71 -80 -48 -136 -1 0 0 0 -0.1311 -0.9914 0 -0.9914 0.1311 62462.dat
1 71 -105 -48 -136 0 0 -1 0.6 -0.8 0 -0.8 -0.6 0 32123.dat
1 0 -100 -117.977 -60.1746 0 0 -1 -1 -0.0092 0 -0.0092 1 0 87080.dat
1 1 -80 -97.609 -99.9906 1 0 0 0 -0.0092 -1 0 1 -0.0092 6558.dat
1 1 -80 -97.793 -79.9906 1 0 0 0 -0.0092 -1 0 1 -0.0092 6558.dat
1 0 -120 -87.609 -99.8986 0 0 1 1 -0.0092 0 0.0092 1 0 2780.dat
1 0 -140 -118.069 -50.1746 0 0 1 -0.0092 -1 0 1 -0.0092 0 2780.dat
1 14 -80 -98.713 20.0094 0 -1 0 -1 0 0.0092 -0.0092 0 -1 41239.dat
1 1 -80 -99.817 140.0094 1 0 0 0 -0.0092 -1 0 1 -0.0092 6558.dat
1 1 -80 -99.081 60.0094 1 0 0 0 -0.0092 -1 0 1 -0.0092 6558.dat
1 0 -40 -87.609 -99.8986 0 0 1 1 -0.0092 0 0.0092 1 0 2780.dat
1 0 -60 -117.977 -60.1746 0 0 1 1 -0.0092 0 0.0092 1 0 87086.dat
1 0 -20 -118.069 -50.1746 0 0 1 -0.0092 -1 0 1 -0.0092 0 2780.dat
1 0 -80 -118.161 -40.1746 0 0 1 1 -0.0092 0 0.0092 1 0 32525.dat
1 0 -40 -118.253 -30.1746 0 0 1 -0.0092 -1 0 1 -0.0092 0 2780.dat
1 0 -60 -118.345 -20.1746 0 1 0 -1 0 -0.0092 -0.0092 0 1 42003.dat
1 0 -80 -77.517 -109.8066 -1 0 0 0 -0.0092 1 0 1 0.0092 3894.dat
1 47 -40 -77.4434 -117.8066 -1 0 0 0 -0.0092 1 0 1 0.0092 3069.dat
1 47 -120 -77.4434 -117.8066 -1 0 0 0 -0.0092 1 0 1 0.0092 3069.dat
1 14 -80 -77.4434 -117.8066 -1 0 0 0 -0.0092 1 0 1 0.0092 2412.dat
1 0 -110 -97.977 -59.9906 1 0 0 0 -0.981641 -0.191086 0 0.191086 -0.981641 2780.dat
1 14 -120 -78.3447 -63.8122 0 0 1 0.191086 -0.981641 0 0.981641 0.191086 0 42003.dat
1 0 -110 -78.3447 -63.8122 1 0 0 0 -0.981641 -0.191086 0 0.191086 -0.981641 2780.dat
1 0 -100 -39.0799 -71.4554 0 -1 0 0.191086 0 -0.981641 0.981641 0 0.191086 32316.dat
1 179 -80 -39.0799 -71.4554 0 0 -1 0.191086 0.981641 0 0.981641 -0.191086 0 48989.dat
1 0 -50 -97.977 -59.9906 1 0 0 0 -0.981641 -0.191086 0 0.191086 -0.981641 2780.dat
1 14 -40 -78.3447 -63.8122 0 0 1 0.191086 -0.981641 0 0.981641 0.191086 0 42003.dat
1 0 -50 -78.3447 -63.8122 1 0 0 0 -0.981641 -0.191086 0 0.191086 -0.981641 2780.dat
1 0 -60 -39.0799 -71.4554 0 -1 0 0.191086 0 -0.981641 0.981641 0 0.191086 32316.dat
1 0 -80 -56.8015 -57.8175 0 0 1 0.191086 -0.981641 0 0.981641 0.191086 0 2780.dat
1 4 -40 -56.8015 -57.8175 0 0 1 0.191086 -0.981641 0 0.981641 0.191086 0 32062.dat
1 4 -120 -56.8015 -57.8175 0 0 1 0.191086 -0.981641 0 0.981641 0.191086 0 32062.dat
1 71 -80 -55.8461 -52.9095 0 0 1 0.981641 0.191086 0 -0.191086 0.981641 0 11478.dat
1 71 -80 -53.9353 -43.0933 0 0 1 0.981641 0.191086 0 -0.191086 0.981641 0 11478.dat
1 1 -110 0 0 -1 0 0 0 -1 0 0 0 1 43093.dat
1 0 -110 0 -40 -1 0 0 0 1 0 0 0 -1 2780.dat
1 0 -110 0.1798 -79.0985 -1 0 0 0 1 0 0 0 -1 2780.dat
1 71 -120 0 0 0 -1 0 -1 0 0 0 0 -1 6629.dat
1 0 -80 0 180 -1 0 0 0 0 1 0 1 0 3708.dat
1 71 -140 0 180 0 0 1 1 0 0 0 1 0 3713.dat
1 71 -20 0 180 0 0 -1 -1 0 0 0 1 0 3713.dat
1 0 -80 0 -60 -1 0 0 0 0 1 0 1 0 3708.dat
1 71 -25 0 -60 0 0 -1 -1 0 0 0 1 0 32123.dat
1 71 -15 0 -60 0 0 -1 -1 0 0 0 1 0 32123.dat
1 71 -135 0 -60 0 0 -1 -1 0 0 0 1 0 32123.dat
1 71 -145 0 -60 0 0 -1 -1 0 0 0 1 0 32123.dat
1 14 -40 -98.5285 0.003 1 0 0 0 1 -0.0092 0 0.0092 1 87080.dat
1 28 -60 -98.7125 20.003 0 0 1 0.0092 1 0 -1 0.0092 0 6587.dat
1 0 -60 -98.6665 15.003 1 0 0 0 -0.0092 -1 0 1 -0.0092 41677.dat
1 0 -60 -98.7585 25.003 1 0 0 0 -0.0092 -1 0 1 -0.0092 41677.dat
1 72 -60 -118.4549 -8.181 0 0 -1 -0.0092 1 0 1 0.0092 0 87083.dat
1 4 -60 -99.3565 90.003 0 0 -1 -0.0092 1 0 1 0.0092 0 32062.dat
1 0 -60 -99.0805 60.003 1 0 0 0 -1 0.0092 0 -0.0092 -1 32034.dat
1 0 -60 -99.4485 100.003 0 -1 0 1 0 -0.0092 0.0092 0 1 11946.dat
1 1 -80 -138.711 19.6382 1 0 0 0 -0.9485 -0.3169 0 0.3169 -0.9485 6558.dat
1 14 -80 -119.177 76.3693 0 1 0 0.9455 0 -0.3256 -0.3256 0 -0.9455 32140.dat
1 0 -100 -99.4488 100.0042 0 1 0 -1 0 -0.0092 -0.0092 0 1 11947.dat
1 0 -100 -99.0808 60.0042 1 0 0 0 -1 0.0092 0 -0.0092 -1 32034.dat
1 4 -100 -99.3568 90.0042 0 1 0 0.0092 0 -1 -1 0 -0.0092 32062.dat
1 71 -100 -98.7128 20.0042 1 0 0 0 -0.0092 -1 0 1 -0.0092 60483.dat
1 71 -100 -98.7128 20.0042 0 0 -1 0.0092 -1 0 -1 -0.0092 0 4519.dat
1 14 -120 -98.5288 0.0042 1 0 0 0 1 -0.0092 0 0.0092 1 87086.dat
1 0 -100 -118.5288 -0.1798 0 0 -1 -0.0092 1 0 1 0.0092 0 32054.dat
1 0 -180 -118.528 -0.1771 1 0 0 0 -0.3912 -0.9203 0 0.9203 -0.3912 32015.dat
1 1 -160 -118.528 -0.1771 1 0 0 0 -0.3912 -0.9203 0 0.9203 -0.3912 6558.dat
1 0 -160 -118.528 -0.1771 1 0 0 0 -0.3912 -0.9203 0 0.9203 -0.3912 32015.dat
1 4 -160 -90.919 11.5589 0 0 1 0.9203 -0.3912 0 0.3912 0.9203 0 32062.dat
1 0 -160 -81.716 15.4709 0 1 0 -0.3912 0 0.9203 0.9203 0 0.3912 11947.dat
1 0 -150 -44.904 31.1189 -1 0 0 0 -0.3912 0.9203 0 0.9203 0.3912 2780.dat
1 0 -140 -81.716 15.4709 0 1 0 -0.3912 0 0.9203 0.9203 0 0.3912 32316.dat
1 1 -180 -118.2508 -30.1757 0 1 0 -0.009231 0 0.999977 0.999977 0 0.009231 43093.dat
1 72 -160 -118.1584 -40.1752 0 1 0 -0.009231 0 0.999977 0.999977 0 0.009231 11214.dat
1 0 20 -118.529 -0.1771 1 0 0 0 -0.3912 -0.9203 0 0.9203 -0.3912 32015.dat
1 1 0 -118.529 -0.1771 -1 0 0 0 -0.3912 0.9203 0 0.9203 0.3912 6558.dat
1 0 0 -118.529 -0.1771 1 0 0 0 -0.3912 -0.9203 0 0.9203 -0.3912 32015.dat
1 4 0 -90.92 11.5589 0 0 1 0.9203 -0.3912 0 0.3912 0.9203 0 32062.dat
1 0 0 -81.717 15.4709 0 -1 0 0.3912 0 0.9203 -0.9203 0 0.3912 11946.dat
1 0 -10 -44.905 31.1189 -1 0 0 0 -0.3912 0.9203 0 0.9203 0.3912 2780.dat
1 0 -20 -81.717 15.4709 0 1 0 -0.3912 0 0.9203 0.9203 0 0.3912 32316.dat
1 1 20 -118.2518 -30.1757 0 1 0 -0.009231 0 0.999977 0.999977 0 0.009231 43093.dat
1 72 0 -118.1594 -40.1752 0 1 0 -0.009231 0 0.999977 0.999977 0 0.009231 11214.dat
1 0 -40 -80 160 1 0 0 0 1 0 0 0 1 61071.dat
1 0 -120 -80 160 1 0 0 0 1 0 0 0 1 61070.dat
1 71 -80 -158.343 -20.5439 1 0 0 0 1 -0.0092 0 0.0092 1 6553.dat
1 71 -80 -158.343 -20.5439 1 0 0 0 1 -0.0092 0 0.0092 1 4519.dat
1 71 -40 -158.343 -20.5439 0 0.3827 -0.9239 1 0.0085 0.003521 0.0092 -0.9239 -0.3827 32016.dat
1 71 -120 -158.343 -20.5439 0 0 -1 1 0.0092 0 0.0092 -1 0 32016.dat
1 4 -12.283 -158.4486 -9.0629 0.9239 0.3827 0 -0.003521 0.0085 1 0.3827 -0.9239 0.0092 32062.dat
1 4 -147.7164 -158.4486 -9.0634 0.9239 -0.3827 0 0.003521 0.0085 1 -0.3827 -0.9239 0.0092 32062.dat
1 71 -3.044 -158.4838 -5.2359 0 0.3827 -0.9239 1.000001 0.0084 0.003521 0.0091 -0.923901 -0.3827 3713.dat
1 71 -156.955 -158.4838 -5.2366 0 0.3827 0.9239 0.999999 -0.0086 0.003521 0.0093 0.923899 -0.3827 3713.dat
1 0 10 0 -60 0 0 1 0 1 0 -1 0 0 56145.dat
1 256 10 0 -60 0 0 1 0 1 0 -1 0 0 55976.dat
1 0 10 0 180 0 0 1 0 1 0 -1 0 0 56145.dat
1 256 10 0 180 0 0 1 0 1 0 -1 0 0 55976.dat
1 0 -170 0 180 0 0 -1 0 -1 0 -1 0 0 56145.dat
1 256 -170 0 180 0 0 -1 0 -1 0 -1 0 0 55976.dat
1 0 -170 0 -60 0 0 -1 0 -1 0 -1 0 0 56145.dat
1 256 -170 0 -60 0 0 -1 0 -1 0 -1 0 0 55976.dat
1 71 -180 0 180 0 0 -1 0 -1 0 -1 0 0 3713.dat
1 71 -180 0 -60 0 0 -1 0 -1 0 -1 0 0 3713.dat
1 71 20 0 180 0 0 -1 0 -1 0 -1 0 0 3713.dat
1 71 20 0 -60 0 0 -1 0 -1 0 -1 0 0 3713.dat
