0 
0 Name: New Model.ldr
0 Author: 
1 71 -143.357 -173.68 418.186 0.961 0 -0.276 0 1 0 0.276 0 0.961 32073.dat
1 71 -181.797 -193.68 407.146 -0.961 0 -0.276 0 -1 0 -0.276 0 0.961 42003.dat
1 0 -156.342 -173.68 372.846 0 -0.961 -0.276 1 0 0 0 -0.276 0.961 11478.dat
1 14 -157.772 -173.68 414.046 0 -0.276 0.961 1 0 0 0 0.961 0.276 32123.dat
1 0 -121.277 -173.68 341.306 -0.961 -0.276 0 0 0 1 -0.276 0.961 0 3705.dat
1 71 -143.357 -193.68 418.186 -0.961 0 -0.276 0 -1 0 -0.276 0 0.961 42003.dat
1 0 -140.597 -213.68 408.576 -0.961 -0.276 0 0 0 1 -0.276 0.961 0 48496.dat
1 70 -148.049 -213.68 434.523 0.276 -0.961 0 0 0 1 -0.961 -0.276 0 15462.dat
1 19 -136.733 -213.68 395.122 0 -0.961 0.276 -1 0 0 0 -0.276 -0.961 6589.dat
1 19 -149.153 -213.68 438.367 0 -0.961 0.276 -1 0 0 0 -0.276 -0.961 32269.dat
1 70 -132.317 -233.68 379.746 0 0.276 -0.961 1 0 0 0 -0.961 -0.276 15462.dat
1 19 -132.317 -230.68 379.746 -0.961 -0.276 0 0 0 1 -0.276 0.961 0 6589.dat
1 14 -128.942 -173.68 422.326 0 -0.276 0.961 1 0 0 0 0.961 0.276 32123.dat
1 0 -108.292 -173.68 386.646 0 -0.961 -0.276 1 0 0 0 -0.276 0.961 11478.dat
1 15 -121.277 -173.68 341.306 -0.961 0 -0.276 0 -1 0 -0.276 0 0.961 62462.dat
1 71 -104.917 -193.68 429.226 -0.961 0 -0.276 0 -1 0 -0.276 0 0.961 42003.dat
1 0 -164.007 -233.68 453.866 0.961 0 -0.276 0 1 0 0.276 0 0.961 3705.dat
1 0 -192.837 -253.68 445.586 -0.961 0.276 0 0 0 -1 -0.276 -0.961 0 32039.dat
1 15 -157.057 -253.68 393.446 0 -0.961 -0.276 1 0 0 0 -0.276 0.961 32140.dat
1 0 -154.397 -233.68 456.626 0.961 0 -0.276 0 1 0 0.276 0 0.961 63869.dat
1 0 -137.937 -213.68 471.756 0.276 0 0.961 0 1 0 -0.961 0 0.276 2780.dat
1 0 -176.377 -213.68 460.716 0.276 0 0.961 0 1 0 -0.961 0 0.276 2780.dat
1 0 -132.317 -253.68 379.746 -0.961 -0.276 0 0 0 1 -0.276 0.961 0 32184.dat
1 71 -137.837 -253.68 398.966 -0.961 0 0.276 0 1 0 -0.276 0 -0.961 4519.dat
1 15 -118.617 -253.68 404.486 0 -0.961 -0.276 1 0 0 0 -0.276 0.961 32140.dat
1 15 -159.917 -213.68 475.846 0 0.276 0.961 -1 0 0 0 -0.961 0.276 32316.dat
1 72 -114.025 -213.68 460.939 0.276 0 0.961 0 1 0 -0.961 0 0.276 32209.dat
1 0 -110.437 -213.68 448.446 0 0.961 0.276 1 0 0 0 0.276 -0.961 32270.dat
1 71 -115.957 -213.68 467.666 0 0.961 0.276 1 0 0 0 0.276 -0.961 3713.dat
1 71 -192.837 -213.68 445.586 0 0.961 0.276 1 0 0 0 0.276 -0.961 3713.dat
1 0 -187.317 -213.68 426.366 0 0.961 0.276 1 0 0 0 0.276 -0.961 32270.dat
1 72 -190.905 -213.68 438.859 0.276 0 0.961 0 1 0 -0.961 0 0.276 32209.dat
1 0 -132.317 -273.68 379.746 0.961 -0.276 0 0 0 -1 0.276 0.961 0 32270.dat
1 0 -204.705 -213.68 486.909 0.961 0 -0.276 0 1 0 0.276 0 0.961 6041.dat
1 0 -127.825 -213.68 508.989 0.961 0 -0.276 0 1 0 0.276 0 0.961 6041.dat
1 4 -110.237 -173.68 302.866 0.961 0 -0.276 0 1 0 0.276 0 0.961 3706.dat
1 71 -163.807 -173.68 308.286 0.961 -0.276 0 0 0 -1 0.276 0.961 0 42003.dat
1 0 -123.222 -173.68 257.526 0 0.961 0.276 1 0 0 0 0.276 -0.961 11478.dat
1 15 -154.912 -173.68 331.646 0 0.961 0.276 1 0 0 0 0.276 -0.961 6632.dat
1 0 -124.652 -213.68 298.726 0 0.961 -0.276 -1 0 0 0 0.276 0.961 99773.dat
1 15 -110.237 -173.68 302.866 -0.961 0.276 0 0 0 -1 -0.276 -0.961 0 6536.dat
1 4 -104.717 -223.68 283.646 0 0.961 -0.276 -1 0 0 0 0.276 0.961 3706.dat
1 14 -104.717 -188.68 283.646 0.961 0.276 0 0 0 1 0.276 -0.961 0 32123.dat
1 71 -104.717 -213.68 283.646 0.961 0.276 0 0 0 1 0.276 -0.961 0 4716.dat
1 14 -104.717 -238.68 283.646 0.961 0.276 0 0 0 1 0.276 -0.961 0 32123.dat
1 71 -110.237 -253.68 302.866 0.961 0 -0.276 0 1 0 0.276 0 0.961 4519.dat
1 15 -110.237 -253.68 302.866 -0.961 0.276 0 0 0 -1 -0.276 -0.961 0 6536.dat
1 0 -104.717 -273.68 283.646 -0.961 0.276 0 0 0 -1 -0.276 -0.961 0 32270.dat
1 0 -115.757 -213.68 322.086 -0.961 0.276 0 0 0 -1 -0.276 -0.961 0 3705.dat
1 14 -144.587 -213.68 313.806 0 0.276 0.961 -1 0 0 0 -0.961 0.276 32072.dat
1 72 -115.757 -213.68 322.086 0 0.276 0.961 -1 0 0 0 -0.961 0.276 3648.dat
1 0 -95.822 -213.68 307.006 0 0.961 -0.276 -1 0 0 0 0.276 0.961 99773.dat
1 71 -88.157 -173.68 225.986 0.961 0 -0.276 0 1 0 0.276 0 0.961 32073.dat
1 71 -88.157 -173.68 225.986 0.961 0 -0.276 0 1 0 0.276 0 0.961 41678.dat
1 71 -88.157 -173.68 225.986 0.961 -0.276 0 0 0 -1 0.276 0.961 0 32291.dat
1 71 -92.247 -183.68 204.006 0 0.276 0.961 -1 0 0 0 -0.961 0.276 4274.dat
1 71 -73.027 -183.68 209.526 0 0.276 0.961 -1 0 0 0 -0.961 0.276 4274.dat
1 71 -103.287 -183.68 242.446 0 0.276 0.961 -1 0 0 0 -0.961 0.276 4274.dat
1 71 -84.067 -183.68 247.966 0 0.276 0.961 -1 0 0 0 -0.961 0.276 4274.dat
1 0 -75.172 -173.68 271.326 0 0.961 0.276 1 0 0 0 0.276 -0.961 11478.dat
1 71 -146.017 -253.68 355.006 0 -0.961 0.276 -1 0 0 0 -0.276 -0.961 2825.dat
1 14 -117.187 -253.68 363.286 0.961 0 0.276 0 -1 0 0.276 0 -0.961 44294.dat
1 15 -160.432 -253.68 350.866 0 0.961 0.276 1 0 0 0 0.276 -0.961 6632.dat
1 71 -140.497 -253.68 335.786 0.961 0.276 0 0 0 1 0.276 -0.961 0 4274.dat
1 15 -87.642 -173.68 350.966 0 0.961 0.276 1 0 0 0 0.276 -0.961 6632.dat
1 71 -67.707 -173.68 335.886 -0.961 -0.276 0 0 0 1 -0.276 0.961 0 42003.dat
1 14 -86.927 -213.68 330.366 0 -0.276 -0.961 -1 0 0 0 0.961 -0.276 32072.dat
1 71 -107.577 -253.68 366.046 0 0.961 0.276 1 0 0 0 0.276 -0.961 2825.dat
1 15 -93.162 -253.68 370.186 0 0.961 0.276 1 0 0 0 0.276 -0.961 6632.dat
1 71 -102.057 -253.68 346.826 -0.961 0 0.276 0 1 0 -0.276 0 -0.961 4274.dat
1 16 -132.809 -253.68 337.994 -0.276 -0.961 0 0 0 -1 0.961 -0.276 0 572.dat
1 16 -109.745 -253.68 344.618 -0.276 0.961 0 0 0 1 0.961 0.276 0 572.dat
1 1 -77.317 -253.68 333.126 -0.961 0.276 0 0 0 -1 -0.276 -0.961 0 43093.dat
1 1 -154.197 -253.68 311.046 0.961 0.276 0 0 0 1 0.276 -0.961 0 43093.dat
1 14 -163.807 -193.68 308.286 0.484295 -0.874559 0 0 0 -1 0.874559 0.484295 0 32072.dat
1 14 -67.707 -193.68 335.886 0.484295 -0.874559 0 0 0 -1 0.874559 0.484295 0 32072.dat
1 19 -73.227 -163.68 355.106 0 -0.276 0.961 1 0 0 0 0.961 0.276 32002.dat
1 19 -169.327 -163.68 327.506 0 -0.276 0.961 1 0 0 0 0.961 0.276 32002.dat
1 15 -121.277 -158.68 341.306 -0.276 0 0.961 0 -1 0 0.961 0 0.276 32063.dat
1 19 -64.847 -173.68 253.486 -0.961 -0.276 0 0 0 1 -0.276 0.961 0 32002.dat
1 19 -122.507 -173.68 236.926 0.961 -0.276 0 0 0 -1 0.276 0.961 0 32002.dat
1 25 -143.157 -173.68 272.606 0 0.961 0.276 1 0 0 0 0.276 -0.961 11946.dat
1 25 -66.277 -173.68 294.686 0 -0.961 0.276 -1 0 0 0 -0.276 -0.961 11947.dat
1 179 -192.837 -262.68 445.586 -0.961 0 0.276 0 1 0 -0.276 0 -0.961 93550.dat
1 0 -50.212 -213.68 326.2012 0 -0.484295 0.874559 -1 0 0 0 -0.874559 -0.484295 32039.dat
1 71 -32.717 -213.68 316.5164 0.874559 -0.484295 0 0 0 1 -0.484295 -0.874559 0 4519.dat
1 72 -6.4744 -213.68 301.9892 0 0.484295 -0.874559 -1 0 0 0 0.874559 0.484295 30552.dat
1 0 1.1466 -213.68 287.2112 0 -0.993672 -0.113039 -1 0 0 0 0.113039 -0.993672 30553.dat
1 0 -3.3585 -213.68 247.4722 -0.113039 0 0.993672 0 1 0 -0.993672 0 -0.113039 3705.dat
1 0 -7.8636 -213.679 207.7331 0 -0.993672 0.113039 1 0 0 0 0.113039 0.993672 30553.dat
1 0 -173.4943 -213.68 290.7924 0 0.874559 -0.484295 1 0 0 0 -0.484295 -0.874559 32039.dat
1 71 -183.1815 -213.68 273.2987 -0.484295 0.874559 0 0 0 -1 -0.874559 -0.484295 0 4519.dat
1 72 -197.7124 -213.68 247.0582 0 -0.874559 0.484295 1 0 0 0 0.484295 0.874559 30552.dat
1 0 -196.3284 -213.68 230.489 0 0.782256 0.623087 1 0 0 0 0.623087 -0.782256 30553.dat
1 0 -171.4188 -213.68 199.1999 0.623087 0 -0.782256 0 -1 0 -0.782256 0 -0.623087 3705.dat
1 0 -146.5092 -213.681 167.9109 0 0.782256 -0.623087 -1 0 0 0 0.623087 0.782256 30553.dat
1 14 -55.337 -253.68 329.036 -0.961 -0.276 0 0 0 1 -0.276 0.961 0 17485.dat
1 14 -66.377 -253.68 367.476 -0.961 -0.276 0 0 0 1 -0.276 0.961 0 17485.dat
1 14 -48.713 -253.68 305.972 -0.961 -0.276 0 0 0 1 -0.276 0.961 0 30367.dat
1 14 -64.169 -253.68 359.788 -0.961 -0.276 0 0 0 1 -0.276 0.961 0 4032.dat
1 14 -61.961 -253.68 352.1 -0.961 -0.276 0 0 0 1 -0.276 0.961 0 4032.dat
1 14 -170.657 -253.68 295.916 -0.961 -0.276 0 0 0 1 -0.276 0.961 0 17485.dat
1 14 -181.697 -253.68 334.356 -0.961 -0.276 0 0 0 1 -0.276 0.961 0 17485.dat
1 14 -164.033 -253.68 272.852 -0.961 -0.276 0 0 0 1 -0.276 0.961 0 30367.dat
1 14 -179.489 -253.68 326.668 -0.961 -0.276 0 0 0 1 -0.276 0.961 0 4032.dat
1 14 -177.281 -253.68 318.98 -0.961 -0.276 0 0 0 1 -0.276 0.961 0 4032.dat
