0 
0 Name: New Model.ldr
0 Author: 
1 72 152.679 -169 614.449 0.004 -0.866 -0.5 -1 0 -0.009 0.008 0.5 -0.866 32271.dat
1 0 80.807 -202.296 490.001 0.866 -0.2968 -0.4024 0 -0.8054 0.5928 -0.5 -0.5132 -0.6976 18651.dat
1 4 109.999 -170.08 500.529 0.866 0.004 -0.5 0 -1 -0.009 -0.5 0.008 -0.866 87082.dat
1 1 119.999 -169.9 517.849 0.866 0.004 -0.5 0 -1 -0.009 -0.5 0.008 -0.866 6558.dat
1 0 119.999 -169.9 517.849 -0.004 0.866 -0.5 1 0 -0.009 -0.008 -0.5 -0.866 18654.dat
1 1 139.999 -169.54 552.489 0.866 0.004 -0.5 0 -1 -0.009 -0.5 0.008 -0.866 6558.dat
1 1 159.999 -169.18 587.129 0.866 0.004 -0.5 0 -1 -0.009 -0.5 0.008 -0.866 6558.dat
1 71 98.127 -202.296 480.001 -0.2968 -0.4024 0.866 -0.8054 0.5928 0 -0.5132 -0.6976 -0.5 3713.dat
1 0 129.999 -169.72 535.169 0.866 -0.158716 -0.4743 0 -0.948925 0.316486 -0.5 -0.273882 -0.821836 18651.dat
1 322 129.999 -169.72 535.169 -0.4743 0.866 -0.158716 0.316486 0 -0.948925 -0.821836 -0.5 -0.273882 32348.dat
1 1 120.4609 -226.6288 518.7099 0.866 -0.158716 -0.4743 0 -0.948925 0.316486 -0.5 -0.273882 -0.821836 6558.dat
1 1 126.8196 -188.6896 529.6826 0.866 -0.158716 -0.4743 0 -0.948925 0.316486 -0.5 -0.273882 -0.821836 6558.dat
1 0 106.3203 -207.6592 534.1962 -0.4743 0.866 -0.158716 0.316486 0 -0.948925 -0.821836 -0.5 -0.273882 32523.dat
1 0 140.9603 -207.6592 514.1962 -0.4743 0.866 -0.158716 0.316486 0 -0.948925 -0.821836 -0.5 -0.273882 32523.dat
1 0 149.6203 -207.6592 509.1963 -0.866 -0.36228 -0.344624 0 0.688529 -0.725255 0.5 -0.628214 -0.596118 2780.dat
1 0 97.6603 -207.6592 539.1962 -0.866 -0.4743 -0.158716 0 0.316486 -0.948925 0.5 -0.821836 -0.273882 2780.dat
1 72 190.079 -188.64 639.249 0.866 -0.004 0.5 0 1 0.009 -0.5 -0.008 0.866 12799.dat
1 72 187.319 -169 594.449 0.004 -0.866 -0.5 -1 0 -0.009 0.008 0.5 -0.866 32271.dat
1 1 124.107 -202.296 465.001 -0.866 0.2968 -0.4024 0 0.8054 0.5928 0.5 0.5132 -0.6976 43093.dat
1 1 180.319 -248.82 622.409 0.866 0.004 -0.5 0 -1 -0.009 -0.5 0.008 -0.866 6558.dat
1 4 182.999 -248.46 667.049 -0.004 0.866 -0.5 1 0 -0.009 -0.008 -0.5 -0.866 32316.dat
1 1 200.319 -248.46 657.049 0.866 0.004 -0.5 0 -1 -0.009 -0.5 0.008 -0.866 6558.dat
1 1 220.319 -248.1 691.689 0.866 0.004 -0.5 0 -1 -0.009 -0.5 0.008 -0.866 6558.dat
1 322 210.319 -248.28 674.369 -0.004 0.866 -0.5 1 0 -0.009 -0.008 -0.5 -0.866 32523.dat
1 4 217.639 -248.46 647.049 -0.004 0.866 -0.5 1 0 -0.009 -0.008 -0.5 -0.866 32316.dat
1 4 136.703 -164.352 706.769 -0.3032 0.866 -0.3976 0.7946 0 -0.6072 -0.526 -0.5 -0.688 32316.dat
1 72 181.419 -188.64 644.249 -0.866 -0.3032 -0.3976 0 0.7946 -0.6072 0.5 -0.526 -0.688 55013.dat
1 71 138.119 -188.64 669.249 0.3976 -0.3032 -0.866 0.6072 0.7946 0 0.688 -0.526 0.5 94925.dat
1 71 169.927 -140.064 724.289 0.3976 -0.3032 -0.866 0.6072 0.7946 0 0.688 -0.526 0.5 94925.dat
1 72 213.227 -140.064 699.289 -0.866 -0.3032 -0.3976 0 0.7946 -0.6072 0.5 -0.526 -0.688 55013.dat
1 19 154.023 -164.352 696.769 0.866 -0.3032 0.3976 0 0.7946 0.6072 -0.5 -0.526 0.688 32556.dat
1 4 154.023 -164.352 696.769 -0.338879 -0.367834 0.866 -0.736352 0.677028 0 -0.586156 -0.637822 -0.5 18946.dat
1 0 195.199 -127.92 728.049 0.3032 -0.866 -0.3976 -0.7946 0 -0.6072 0.526 0.5 -0.688 6629.dat
1 71 200.237 -140.064 706.789 -0.3976 0.3032 -0.866 -0.6072 -0.7946 0 -0.688 0.526 0.5 32123.dat
1 179 221.887 -140.064 694.289 0.3976 0.3032 0.866 0.6072 -0.7946 0 0.688 0.526 -0.5 56145.dat
1 256 221.887 -140.064 694.289 0.3976 0.3032 0.866 0.6072 -0.7946 0 0.688 0.526 -0.5 44309.dat
1 71 230.547 -140.064 689.289 0.3976 0.3032 0.866 0.6072 -0.7946 0 0.688 0.526 -0.5 3713.dat
1 71 243.537 -140.064 681.789 0.3976 0.3032 0.866 0.6072 -0.7946 0 0.688 0.526 -0.5 32123.dat
1 14 190.319 -248.64 639.729 0.866 0.004 -0.5 0 -1 -0.009 -0.5 0.008 -0.866 32073.dat
1 0 264.479 -127.92 688.049 0.3032 -0.866 -0.3976 -0.7946 0 -0.6072 0.526 0.5 -0.688 6629.dat
1 71 242.039 -188.64 609.249 -0.3976 -0.3032 0.866 -0.6072 0.7946 0 -0.688 -0.526 -0.5 3713.dat
1 71 273.847 -140.064 664.289 -0.3976 -0.3032 0.866 -0.6072 0.7946 0 -0.688 -0.526 -0.5 3713.dat
1 1 93.6485 -232.9381 512.2756 -0.866 0.321088 0.383456 0 -0.766276 0.642948 0.5 0.556952 0.663464 6558.dat
1 4 100.0687 -248.2596 523.4119 -0.383456 -0.866 -0.321088 -0.642948 0 0.766276 -0.663464 0.5 -0.556952 32316.dat
1 0 78.5677 -217.6175 506.1383 -0.866 -0.383456 0.321088 0 -0.642948 -0.766276 0.5 -0.663464 0.556952 2780.dat
1 0 123.8095 -263.5802 524.5492 0.866 -0.383456 -0.321088 0 -0.642948 0.766276 -0.5 -0.663464 -0.556952 18651.dat
1 1 130.2302 -278.9017 535.6865 0.866 -0.383456 -0.321088 0 -0.642948 0.766276 -0.5 -0.663464 -0.556952 6558.dat
1 0 132.321 -294.2232 549.3238 -0.383456 -0.866 -0.321088 -0.642948 0 0.766276 -0.663464 0.5 -0.556952 6632.dat
1 0 140.981 -294.2232 544.3238 -0.383456 -0.866 -0.321088 -0.642948 0 0.766276 -0.663464 0.5 -0.556952 6632.dat
1 71 136.651 -294.2232 546.8238 -0.866 0.383456 -0.321088 0 0.642948 0.766276 0.5 0.663464 -0.556952 4519.dat
1 72 171.291 -294.2232 526.8238 0.321088 -0.383456 0.866 -0.766276 -0.642948 0 0.556952 -0.663464 -0.5 32192.dat
1 72 102.011 -294.2232 566.8238 -0.321088 -0.383456 -0.866 0.766276 -0.642948 0 -0.556952 -0.663464 0.5 32192.dat
1 4 134.7087 -248.2596 503.412 -0.383456 -0.866 -0.321088 -0.642948 0 0.766276 -0.663464 0.5 -0.556952 32316.dat
1 0 136.9485 -232.9381 487.2755 -0.866 0.383456 -0.321088 0 0.642948 0.766276 0.5 0.663464 -0.556952 2780.dat
1 0 130.5277 -217.6175 476.1383 -0.866 0.383456 -0.321088 0 0.642948 0.766276 0.5 0.663464 -0.556952 2780.dat
1 0 57.0663 -186.9745 488.8637 0.383456 0.866 -0.321088 0.642948 0 0.766276 0.663464 -0.5 -0.556952 32524.dat
1 71 72.4445 -141.0118 435.4528 0.866 -0.383456 -0.321088 0 -0.642948 0.766276 -0.5 -0.663464 -0.556952 44294.dat
1 71 50.7945 -141.0118 447.9528 -0.321088 -0.383456 -0.866 0.766276 -0.642948 0 -0.556952 -0.663464 0.5 32123.dat
1 71 24.8145 -141.0118 462.9528 -0.321088 -0.383456 -0.866 0.766276 -0.642948 0 -0.556952 -0.663464 0.5 32123.dat
1 256 72.4445 -141.0118 435.4528 0.383456 0.321088 0.866 0.642948 -0.766276 0 0.663464 0.556952 -0.5 44309.dat
1 179 72.4445 -141.0118 435.4528 0.383456 0.321088 0.866 0.642948 -0.766276 0 0.663464 0.556952 -0.5 56145.dat
1 71 81.1045 -141.0118 430.4528 0.383456 0.321088 0.866 0.642948 -0.766276 0 0.663464 0.556952 -0.5 3713.dat
1 71 94.0945 -141.0118 422.9528 0.383456 0.321088 0.866 0.642948 -0.766276 0 0.663464 0.556952 -0.5 32123.dat
1 0 126.3463 -186.9745 448.8637 0.383456 0.866 -0.321088 0.642948 0 0.766276 0.663464 -0.5 -0.556952 32524.dat
1 71 120.0745 -141.0118 407.9528 -0.321088 -0.383456 -0.866 0.766276 -0.642948 0 -0.556952 -0.663464 0.5 32123.dat
1 4 184.639 -169.36 549.809 0.866 -0.004 0.5 0 1 0.009 -0.5 -0.008 0.866 11214.dat
1 71 184.639 -169.36 549.809 0.253464 0.866 0.431 -0.8615 0 0.507794 0.439928 -0.5 0.745956 15100.dat
1 4 158.2803 -207.6592 504.1963 0.454692 0.866 0.207876 -0.414846 0 0.909807 0.78798 -0.5 0.35907 22961.dat
1 0 167.3771 -215.948 519.961 0.866 0.207876 0.454692 0 0.909807 -0.414846 -0.5 0.35907 0.78798 11947.dat
1 0 187.648 -223.4257 555.0786 0.207876 -0.866 0.454692 0.909807 0 -0.414846 0.35907 0.5 0.78798 2780.dat
1 4 115.359 -169.36 589.809 -0.866 -0.004 -0.5 0 1 -0.009 0.5 -0.008 -0.866 11214.dat
1 71 115.359 -169.36 589.809 0.253464 -0.866 -0.431 -0.8615 0 -0.507794 0.439928 0.5 -0.745956 15100.dat
1 4 89.0003 -207.6592 544.1962 0.454692 -0.866 -0.207876 -0.414846 0 -0.909807 0.78798 0.5 -0.35907 22961.dat
1 0 98.0971 -215.948 559.961 0.866 0.207876 0.454692 0 0.909807 -0.414846 -0.5 0.35907 0.78798 11946.dat
1 0 118.368 -223.4257 595.0786 -0.207876 0.866 0.454692 -0.909807 0 -0.414846 -0.35907 -0.5 0.78798 2780.dat
