0 
0 Name: New Model.ldr
0 Author: 
1 0 477 -34 98 -0.883 0 -0.469 0 1 0 0.469 0 -0.883 4362ac01.dat
1 0 528.59 -82 195.13 -0.883 0 -0.469 0 1 0 0.469 0 -0.883 u609.dat
1 4 519.21 -82 177.47 -0.883 0 -0.469 0 1 0 0.469 0 -0.883 u608.dat
1 4 509.83 -58 159.81 -0.883 0 -0.469 0 1 0 0.469 0 -0.883 3010.dat
1 4 486.38 -82 115.66 -0.883 0 -0.469 0 1 0 0.469 0 -0.883 4461.dat
1 4 509.83 -178 159.81 -0.883 0 -0.469 0 1 0 0.469 0 -0.883 4463.dat
1 4 462.93 -82 71.51 -0.883 0 -0.469 0 1 0 0.469 0 -0.883 u608.dat
1 4 453.55 -82 53.85 -0.883 0 -0.469 0 1 0 0.469 0 -0.883 u608.dat
1 4 447.76 -58 0.32 0.469 0 -0.883 0 1 0 0.883 0 0.469 3001.dat
1 4 412.44 -58 19.08 0.469 0 -0.883 0 1 0 0.883 0 0.469 3001.dat
1 4 439.48 -82 27.36 0.883 0 0.469 0 1 0 -0.469 0 0.883 3001.dat
1 4 420.72 -82 -7.96 0.883 0 0.469 0 1 0 -0.469 0 0.883 3001.dat
1 4 430.1 -106 9.7 0.883 0 0.469 0 1 0 -0.469 0 0.883 3403.dat
1 0 427.06 -66 67.92 0.883 0 0.469 0 1 0 -0.469 0 0.883 4439.dat
1 0 480.04 -77 39.78 0.883 0 0.469 0 1 0 -0.469 0 0.883 4438.dat
1 15 479.345 -82 102.415 -0.292698 0 -0.955864 0 1 0 0.955864 0 -0.292698 u9142.dat
1 4 479.345 -52 102.415 -0.883 0 -0.469 0 1 0 0.469 0 -0.883 u9102.dat
1 4 459.036 -78 113.202 -0.883 0.406154 -0.2345 0 0.5 0.866 0.469 0.764678 -0.4415 u9101.dat
1 4 499.654 -78 91.628 0.883 0.469 0 0 0 -1 -0.469 0.883 0 u9101.dat
1 0 488.1732 -52 97.7259 -0.883 0.469 0 0 0 1 0.469 0.883 0 u9100.dat
1 0 470.515 -52 107.105 -0.883 0.469 0 0 0 1 0.469 0.883 0 u9100.dat
1 4 479.345 -52 102.415 -0.883 0 -0.469 0 1 0 0.469 0 -0.883 u9103.dat
