0 Main
0 Name: 6986-1 - Mission Commander.mpd
0 Author: LTRON
1 1 0 0 0 1 0 0 0 1 0 0 0 1 4282.dat
1 1 -30 -8 0 0 0 1 0 1 0 -1 0 0 3023.dat
1 1 30 -8 0 0 0 1 0 1 0 -1 0 0 3023.dat
1 1 -50 -8 0 0 0 1 0 1 0 -1 0 0 3069.dat
1 1 50 -8 0 0 0 1 0 1 0 -1 0 0 3069.dat
1 1 -30 -16 20 0 0 1 0 1 0 -1 0 0 3710.dat
1 1 30 -16 20 0 0 1 0 1 0 -1 0 0 3710.dat
1 0 -150 -8 0 0 0 1 0 1 0 -1 0 0 3023.dat
1 0 150 -8 0 0 0 1 0 1 0 -1 0 0 3023.dat
1 0 100 -8 10 -1 0 0 0 1 0 0 0 -1 3023.dat
1 0 -100 -8 10 -1 0 0 0 1 0 0 0 -1 3023.dat
1 0 130 -8 20 0 0 -1 0 1 0 1 0 0 3666.dat
1 0 -130 -8 20 0 0 -1 0 1 0 1 0 0 3666.dat
1 1 0 -24 50 -1 0 0 0 1 0 0 0 -1 3710.dat
1 0 -100 -24 -10 -1 0 0 0 1 0 0 0 -1 3004.dat
1 0 100 -24 -10 -1 0 0 0 1 0 0 0 -1 3004.dat
1 0 70 -24 0 0 0 -1 0 1 0 1 0 0 3004.dat
1 0 -70 -24 0 0 0 -1 0 1 0 1 0 0 3004.dat
1 1 30 -24 -60 0 0 -1 0 1 0 1 0 0 4477.dat
1 1 -30 -24 -60 0 0 -1 0 1 0 1 0 0 4477.dat
1 1 140 -16 30 -1 0 0 0 1 0 0 0 -1 2419.dat
1 1 -140 -16 30 -1 0 0 0 1 0 0 0 -1 2419.dat
1 0 130 -32 70 -1 0 0 0 1 0 0 0 -1 3665.dat
1 0 -130 -32 70 -1 0 0 0 1 0 0 0 -1 3665.dat
1 0 -100 -24 10 -1 0 0 0 1 0 0 0 -1 3023.dat
1 0 100 -24 10 -1 0 0 0 1 0 0 0 -1 3023.dat
1 0 -170 -16 -120 0 0 1 0 1 0 -1 0 0 3586.dat
1 0 170 -16 -120 0 0 -1 0 1 0 1 0 0 3585.dat
1 0 0 -32 0 1 0 0 0 1 0 0 0 1 4282.dat
1 0 220 -24 40 1 0 0 0 1 0 0 0 1 2401.dat
1 0 -220 -24 40 0 0 1 0 1 0 -1 0 0 2401.dat
1 1 -220 -32 10 -1 0 0 0 1 0 0 0 -1 3794.dat
1 1 -220 -32 30 -1 0 0 0 1 0 0 0 -1 3794.dat
1 1 220 -32 10 -1 0 0 0 1 0 0 0 -1 3794.dat
1 1 220 -32 30 -1 0 0 0 1 0 0 0 -1 3794.dat
1 1 -260 -32 140 -1 0 0 0 1 0 0 0 -1 2429.dat
1 1 260 -32 140 -1 0 0 0 1 0 0 0 -1 2430.dat
1 0 310 -32 80 0 0 1 0 1 0 -1 0 0 3666.dat
1 0 -310 -32 80 0 0 1 0 1 0 -1 0 0 3666.dat
1 0 -130 -32 40 0 0 1 0 1 0 -1 0 0 3023.dat
1 0 130 -32 40 0 0 1 0 1 0 -1 0 0 3023.dat
1 0 0 -32 -30 1 0 0 0 1 0 0 0 1 3710.dat
1 1 0 -32 40 1 0 0 0 1 0 0 0 1 3020.dat
1 1 -260 -32 140 1 0 0 0 1 0 0 0 1 2430.dat
1 0 -240 -24 220 -1 0 0 0 1 0 0 0 -1 3933.dat
1 0 -230 -32 200 0 0 -1 0 1 0 1 0 0 3710.dat
1 0 -180 -32 260 0 0 -1 0 1 0 1 0 0 3936.dat
1 1 -260 -16 140 1 0 0 0 1 0 0 0 1 2430.dat
1 1 -180 -24 240 1 0 0 0 1 0 0 0 1 6143.dat
1 0 -180 0 240 1 0 0 0 1 0 0 0 1 3940.dat
1 0 -220 -40 230 1 0 0 0 1 0 0 0 1 3069.dat
1 1 -230 -56 200 0 0 1 0 1 0 -1 0 0 3937.dat
1 1 -230 -56 160 0 0 1 0 1 0 -1 0 0 3937.dat
1 0 -312 -46 140 0 1 0 1 0 0 0 0 -1 2340.dat
1 0 -240 -46 160 0 1 0 0 0 1 1 0 0 3938.dat
1 0 -240 -46 200 0 1 0 0 0 1 1 0 0 3938.dat
1 1 -336 -46 140 0 1 0 0 0 -1 -1 0 0 3004.dat
1 0 -344 -46 140 0 1 0 0 0 1 1 0 0 3475.dat
1 0 -352 -46 150 0 1 0 0 0 1 1 0 0 6141.dat
1 36 -360 -46 150 0 1 0 0 0 1 1 0 0 4740.dat
1 0 -340 -16 100 1 0 0 0 0 1 0 -1 0 3062.dat
1 0 -340 -16 32 1 0 0 0 0 1 0 -1 0 3957.dat
1 36 -340 -16 24 1 0 0 0 0 1 0 -1 0 6141.dat
1 1 260 -32 140 1 0 0 0 1 0 0 0 1 2429.dat
1 0 240 -24 220 -1 0 0 0 1 0 0 0 -1 3934.dat
1 0 230 -32 200 0 0 -1 0 1 0 1 0 0 3710.dat
1 0 180 -32 260 0 0 1 0 1 0 -1 0 0 3935.dat
1 1 180 -24 240 0 0 1 0 1 0 -1 0 0 6143.dat
1 1 260 -16 140 1 0 0 0 1 0 0 0 1 2429.dat
1 0 180 0 240 1 0 0 0 1 0 0 0 1 3940.dat
1 0 220 -40 230 1 0 0 0 1 0 0 0 1 3069.dat
1 1 230 -56 200 0 0 -1 0 1 0 1 0 0 3937.dat
1 1 230 -56 160 0 0 -1 0 1 0 1 0 0 3937.dat
1 0 312 -46 140 0 -1 0 -1 0 0 0 0 -1 2340.dat
1 0 240 -46 160 0 -1 0 0 0 -1 1 0 0 3938.dat
1 0 240 -46 200 0 -1 0 0 0 -1 1 0 0 3938.dat
1 1 336 -46 140 0 -1 0 0 0 1 -1 0 0 3004.dat
1 0 344 -46 140 0 -1 0 0 0 1 -1 0 0 3475.dat
1 0 352 -46 150 0 -1 0 0 0 -1 1 0 0 6141.dat
1 36 360 -46 150 0 -1 0 0 0 -1 1 0 0 4740.dat
1 0 340 -16 100 1 0 0 0 0 1 0 -1 0 3062.dat
1 0 340 -16 32 1 0 0 0 0 1 0 -1 0 3957.dat
1 36 340 -16 24 1 0 0 0 0 1 0 -1 0 6141.dat
1 1 160 -8 -100 1 0 0 0 1 0 0 0 1 3022.dat
1 1 -160 -8 -100 1 0 0 0 1 0 0 0 1 3022.dat
1 1 -230 -16 60 0 0 -1 0 1 0 1 0 0 3666.dat
1 1 230 -16 60 0 0 -1 0 1 0 1 0 0 3666.dat
1 1 250 -16 110 0 0 -1 0 1 0 1 0 0 3024.dat
1 1 -250 -16 110 0 0 -1 0 1 0 1 0 0 3024.dat
1 1 -260 -16 140 -1 0 0 0 1 0 0 0 -1 2429.dat
1 1 260 -16 140 -1 0 0 0 1 0 0 0 -1 2430.dat
1 0 160 0 -100 -1 0 0 0 1 0 0 0 -1 3940.dat
1 0 -160 0 -100 -1 0 0 0 1 0 0 0 -1 3940.dat
1 1 240 -8 120 -1 0 0 0 1 0 0 0 -1 3022.dat
1 1 -240 -8 120 -1 0 0 0 1 0 0 0 -1 3022.dat
1 0 240 0 120 -1 0 0 0 1 0 0 0 -1 3940.dat
1 0 -240 0 120 -1 0 0 0 1 0 0 0 -1 3940.dat
1 0 230 -8 0 0 0 1 0 1 0 -1 0 0 3710.dat
1 0 -230 -8 0 0 0 1 0 1 0 -1 0 0 3710.dat
1 0 0 32 -340 0 0 1 0 1 0 -1 0 0 3028.dat
1 0 0 32 -100 0 0 1 0 1 0 -1 0 0 3029.dat
1 1 0 40 10 1 0 0 0 1 0 0 0 1 3710.dat
1 1 0 40 -220 0 0 -1 0 1 0 1 0 0 3795.dat
1 1 30 40 -450 0 0 -1 0 1 0 1 0 0 3623.dat
1 1 -30 40 -450 0 0 -1 0 1 0 1 0 0 3623.dat
1 1 0 8 0 1 0 0 0 1 0 0 0 1 3001.dat
1 0 0 -16 -220 1 0 0 0 1 0 0 0 1 3940.dat
1 0 20 -16 -160 1 0 0 0 1 0 0 0 1 3940.dat
1 0 -20 -16 -160 1 0 0 0 1 0 0 0 1 3940.dat
1 1 0 24 -430 1 0 0 0 1 0 0 0 1 2431.dat
1 1 0 -24 -200 1 0 0 0 1 0 0 0 1 3031.dat
1 1 -50 8 -410 0 0 1 0 1 0 -1 0 0 3622.dat
1 1 50 8 -410 0 0 1 0 1 0 -1 0 0 3622.dat
1 1 -50 8 -450 1 0 0 0 1 0 0 0 1 4287.dat
1 1 50 8 -450 1 0 0 0 1 0 0 0 1 4287.dat
1 0 -50 0 -440 0 0 1 0 1 0 -1 0 0 3666.dat
1 0 50 0 -440 0 0 1 0 1 0 -1 0 0 3666.dat
1 1 -10 -40 -290 0 0 1 0 1 0 -1 0 0 4460.dat
1 1 10 -40 -290 0 0 -1 0 1 0 1 0 0 4460.dat
1 1 0 -32 -230 1 0 0 0 1 0 0 0 1 3023.dat
1 1 0 -40 -230 1 0 0 0 1 0 0 0 1 3023.dat
1 1 -150 -24 -70 1 0 0 0 1 0 0 0 1 3024.dat
1 1 150 -24 -70 1 0 0 0 1 0 0 0 1 3024.dat
1 1 -130 -24 -90 0 0 -1 0 1 0 1 0 0 3623.dat
1 1 130 -24 -90 0 0 -1 0 1 0 1 0 0 3623.dat
1 36 -130 -24 -130 0 0 -1 0 1 0 1 0 0 3024.dat
1 36 130 -24 -130 0 0 -1 0 1 0 1 0 0 3024.dat
1 1 -130 -40 40 0 0 -1 0 1 0 1 0 0 3666.dat
1 1 130 -40 40 0 0 -1 0 1 0 1 0 0 3666.dat
1 1 0 -40 -30 1 0 0 0 1 0 0 0 1 3794.dat
1 0 0 -40 0 1 0 0 0 1 0 0 0 1 3068.dat
1 0 -20 -80 40 1 0 0 0 1 0 0 0 1 3940.dat
1 0 20 -80 40 1 0 0 0 1 0 0 0 1 3940.dat
1 0 -310 -40 80 0 0 1 0 1 0 -1 0 0 3710.dat
1 0 310 -40 80 0 0 1 0 1 0 -1 0 0 3710.dat
1 36 -310 -40 30 0 0 1 0 1 0 -1 0 0 3024.dat
1 36 310 -40 30 0 0 1 0 1 0 -1 0 0 3024.dat
1 0 -50 -24 -420 0 0 1 0 1 0 -1 0 0 3010.dat
1 0 50 -24 -420 0 0 1 0 1 0 -1 0 0 3010.dat
1 0 -50 -32 -480 0 0 -1 0 1 0 1 0 0 2432.dat
1 0 50 -32 -480 0 0 1 0 1 0 -1 0 0 2432.dat
1 0 0 -48 -290 1 0 0 0 1 0 0 0 1 3069.dat
1 0 0 -48 -230 1 0 0 0 1 0 0 0 1 3069.dat
1 0 -30 -48 -160 0 0 -1 0 1 0 1 0 0 3004.dat
1 0 30 -48 -160 0 0 -1 0 1 0 1 0 0 3004.dat
1 0 -140 -48 -30 1 0 0 0 1 0 0 0 1 3298.dat
1 0 140 -48 -30 1 0 0 0 1 0 0 0 1 3298.dat
1 1 -310 -48 100 0 0 -1 0 1 0 1 0 0 2412.dat
1 1 310 -48 100 0 0 -1 0 1 0 1 0 0 2412.dat
1 0 0 -104 40 0 0 -1 0 1 0 1 0 0 4730.dat
1 1 -130 -64 80 0 0 1 0 1 0 -1 0 0 3937.dat
1 1 -130 -64 40 0 0 1 0 1 0 -1 0 0 3937.dat
1 1 130 -64 40 0 0 -1 0 1 0 1 0 0 3937.dat
1 1 130 -64 80 0 0 -1 0 1 0 1 0 0 3937.dat
1 0 30 -104 40 0 0 1 0 1 0 -1 0 0 3004.dat
1 0 -30 -104 40 0 0 1 0 1 0 -1 0 0 3004.dat
1 0 0 -96 -160 -1 0 0 0 1 0 0 0 -1 2426.dat
1 1 -50 -32 -420 0 0 1 0 1 0 -1 0 0 2431.dat
1 1 50 -32 -420 0 0 1 0 1 0 -1 0 0 2431.dat
1 1 0 -56 90 1 0 0 0 1 0 0 0 1 3024.dat
1 1 0 -56 -20 0 0 1 0 1 0 -1 0 0 4477.dat
1 1 0 -56 -140 0 0 1 0 1 0 -1 0 0 4276.dat
1 1 0 -56 -240 0 0 1 0 1 0 -1 0 0 4504.dat
1 0 0 -48 70 0 0 1 0 1 0 -1 0 0 3623.dat
1 0 0 -70 -100 0 0 1 0 1 0 -1 0 0 2428.dat
1 0 0 -24 -350 1 0 0 0 1 0 0 0 1 3023.dat
1 1 0 -48 -350 -1 0 0 0 1 0 0 0 -1 3660.dat
1 1 0 -56 -350 -1 0 0 0 1 0 0 0 -1 3023.dat
1 1 0 -56 -330 -1 0 0 0 1 0 0 0 -1 2452.dat
1 0 0 -64 -340 -1 0 0 0 1 0 0 0 -1 3022.dat
1 1 -10 -72 -340 0 0 1 0 1 0 -1 0 0 4275.dat
1 1 10 -72 -340 0 0 1 0 1 0 -1 0 0 4275.dat
1 0 0 -64 -400 1 0 0 0 1 0 0 0 1 3795.dat
1 1 0 -64 -560 1 0 0 0 1 0 0 0 1 4475.dat
1 0 0 -72 -600 1 0 0 0 1 0 0 0 1 3022.dat
1 0 -30 -72 -580 0 0 -1 0 1 0 1 0 0 3023.dat
1 0 30 -72 -580 0 0 -1 0 1 0 1 0 0 3023.dat
1 0 -50 -72 -460 0 0 -1 0 1 0 1 0 0 3460.dat
1 0 50 -72 -460 0 0 -1 0 1 0 1 0 0 3460.dat
1 1 -10 -72 -400 0 0 -1 0 1 0 1 0 0 4276.dat
1 1 10 -72 -400 0 0 -1 0 1 0 1 0 0 4276.dat
1 1 50 -64 -440 0 0 -1 0 1 0 1 0 0 2436.dat
1 1 -50 -64 -440 0 0 1 0 1 0 -1 0 0 2436.dat
1 0 50 -56 -440 0 0 1 0 1 0 -1 0 0 3009.dat
1 0 -50 -56 -440 0 0 1 0 1 0 -1 0 0 3009.dat
1 0 0 -56 -550 -1 0 0 0 1 0 0 0 -1 4856.dat
1 1 0 -32 -520 -1 0 0 0 1 0 0 0 -1 3022.dat
1 1 0 -32 -550 1 0 0 0 1 0 0 0 1 3839.dat
1 0 0 -24 -510 1 0 0 0 1 0 0 0 1 3747.dat
1 0 26 -26 -566 1 0 0 0 0 1 0 -1 0 3062.dat
1 0 -26 -26 -566 1 0 0 0 0 1 0 -1 0 3062.dat
1 1 0 -80 -400 1 0 0 0 1 0 0 0 1 3795.dat
1 1 0 -104 -400 1 0 0 0 1 0 0 0 1 3003.dat
1 0 -30 -104 -400 0 0 1 0 1 0 -1 0 0 3039.dat
1 0 30 -104 -400 0 0 -1 0 1 0 1 0 0 3039.dat
1 1 0 -112 -400 1 0 0 0 1 0 0 0 1 3020.dat
1 0 0 -120 -400 1 0 0 0 1 0 0 0 1 3022.dat
1 0 -30 -120 -400 0 0 -1 0 1 0 1 0 0 4276.dat
1 0 30 -120 -400 0 0 -1 0 1 0 1 0 0 4276.dat
1 0 -72 -34 -440 0 1 0 0 0 -1 -1 0 0 2419.dat
1 0 -144 -34 -400 0 1 0 -1 0 0 0 0 1 2340.dat
1 0 -160 -34 -400 0 1 0 -1 0 0 0 0 1 4595.dat
1 1 -150 -34 -508 0 0 1 -1 0 0 0 -1 0 3957.dat
1 36 -150 -34 -516 0 0 1 -1 0 0 0 -1 0 6141.dat
1 0 -150 -34 -362 0 0 1 -1 0 0 0 -1 0 752.dat
1 256 -150 -34 -362 0 0 1 1 0 0 0 1 0 755.dat
1 0 -90 -54 -390 0 1 0 -1 0 0 0 0 1 752.dat
1 256 -90 -54 -390 0 -1 0 1 0 0 0 0 1 755.dat
1 256 -149.9938 -34.0004 -355.0401 0.0275 0.03 -0.9992 0.9996 -0.002 0.0275 0.0011 0.9995 0.0301 756.dat
1 256 -149.9188 -34.0053 -352.5398 0.0374 0.0653 -0.9972 0.9993 -0.0047 0.0372 0.0023 0.9979 0.0655 756.dat
1 256 -149.7548 -34.0171 -350.0344 0.0475 0.1024 -0.9936 0.9989 -0.0081 0.0469 0.0032 0.9947 0.1026 756.dat
1 256 -149.4989 -34.0373 -347.5477 0.0575 0.1415 -0.9883 0.9983 -0.0122 0.0563 0.0041 0.9899 0.1419 756.dat
1 256 -149.144 -34.068 -345.0634 0.0677 0.1832 -0.9807 0.9977 -0.0174 0.0656 0.005 0.9829 0.184 756.dat
1 256 -148.6825 -34.1117 -342.5871 0.078 0.2281 -0.9705 0.9969 -0.0238 0.0746 0.0061 0.9734 0.2292 756.dat
1 256 -148.1111 -34.1713 -340.1485 0.0886 0.2766 -0.9569 0.996 -0.0317 0.083 0.0073 0.9605 0.2783 756.dat
1 256 -147.4234 -34.2501 -337.76 0.0994 0.3302 -0.9387 0.995 -0.0417 0.0907 0.0092 0.943 0.3327 756.dat
1 256 -146.5958 -34.3546 -335.397 0.111 0.3909 -0.9137 0.9937 -0.0547 0.0974 0.0119 0.9188 0.3945 756.dat
1 256 -145.6124 -34.4921 -333.085 0.1239 0.4608 -0.8788 0.9922 -0.0717 0.1022 0.0159 0.8846 0.4661 756.dat
1 256 -144.4566 -34.672 -330.866 0.1389 0.5429 -0.8282 0.9901 -0.0948 0.1039 0.0221 0.8344 0.5507 756.dat
1 256 -143.1012 -34.9086 -328.783 0.1581 0.6418 -0.7504 0.9869 -0.1269 0.0993 0.0315 0.7563 0.6535 756.dat
1 256 -141.4887 -35.2275 -326.883 0.186 0.7598 -0.623 0.9815 -0.1728 0.0822 0.0452 0.6268 0.7779 756.dat
1 256 -139.5947 -35.6583 -325.32 0.2306 0.8838 -0.4072 0.9711 -0.2355 0.0387 0.0617 0.4043 0.9125 756.dat
1 256 -137.381 -36.2482 -324.307 0.2983 0.9512 -0.0784 0.952 -0.3024 -0.0474 0.0688 0.0605 0.9958 756.dat
1 256 -135.0161 -37.0001 -324.157 0.3713 0.8877 0.2722 0.9272 -0.339 -0.1593 0.0491 -0.3115 0.949 756.dat
1 256 -132.8105 -37.8423 -324.93 0.4215 0.7438 0.5187 0.9067 -0.3388 -0.2511 0.011 -0.5762 0.8172 756.dat
1 256 -130.9368 -38.6958 -326.382 0.447 0.6052 0.6587 0.8941 -0.3243 -0.3088 -0.0267 -0.727 0.6861 756.dat
1 256 -129.4233 -39.5068 -328.2 0.4578 0.4962 0.7377 0.8872 -0.3087 -0.3429 -0.0576 -0.8114 0.5816 756.dat
1 256 -128.1826 -40.2786 -330.229 0.4607 0.4121 0.786 0.8837 -0.2952 -0.3632 -0.0823 -0.862 0.5002 756.dat
1 256 -127.1486 -41.0192 -332.391 0.4594 0.3462 0.818 0.8823 -0.2839 -0.3754 -0.1023 -0.8942 0.4359 756.dat
1 256 -126.2844 -41.7281 -334.624 0.4556 0.293 0.8406 0.8822 -0.2746 -0.3825 -0.1188 -0.9158 0.3836 756.dat
1 256 -125.5474 -42.4188 -336.927 0.4502 0.2493 0.8574 0.8831 -0.2668 -0.386 -0.1325 -0.9309 0.3403 756.dat
1 256 -124.9231 -43.0868 -339.258 0.4426 0.2265 0.8676 0.8858 -0.261 -0.3837 -0.1395 -0.9384 0.3162 756.dat
1 256 -124.3544 -43.742 -341.6136 0.4339 0.2151 0.8749 0.8896 -0.2559 -0.3783 -0.1425 -0.9425 0.3024 756.dat
1 256 -123.8172 -44.3809 -343.9666 0.4251 0.2056 0.8815 0.8936 -0.2507 -0.3724 -0.1444 -0.946 0.2903 756.dat
1 256 -123.3016 -45.0097 -346.3392 0.4159 0.198 0.8876 0.8977 -0.2454 -0.3659 -0.1454 -0.949 0.2798 756.dat
1 256 -122.8025 -45.6281 -348.7304 0.4064 0.1928 0.8931 0.9021 -0.2401 -0.3587 -0.1452 -0.9514 0.2715 756.dat
1 256 -122.3194 -46.2297 -351.1145 0.3968 0.1901 0.898 0.9065 -0.2347 -0.3509 -0.144 -0.9533 0.2655 756.dat
1 256 -121.8457 -46.8144 -353.4896 0.3869 0.1903 0.9022 0.9112 -0.2292 -0.3424 -0.1416 -0.9546 0.2621 756.dat
1 256 -121.3693 -47.388 -355.8787 0.3768 0.1939 0.9058 0.916 -0.2236 -0.3331 -0.138 -0.9552 0.2618 756.dat
1 256 -120.882 -47.95 -358.2794 0.3662 0.2011 0.9085 0.921 -0.2179 -0.323 -0.133 -0.955 0.265 756.dat
1 256 -120.3798 -48.494 -360.6636 0.3552 0.2129 0.9102 0.9262 -0.212 -0.3119 -0.1266 -0.9538 0.2725 756.dat
1 256 -119.8412 -49.0304 -363.0772 0.3437 0.2297 0.9106 0.9316 -0.2059 -0.2997 -0.1187 -0.9512 0.2847 756.dat
1 256 -119.271 -49.5416 -365.4387 0.3316 0.2524 0.9091 0.9371 -0.1995 -0.2864 -0.1091 -0.9468 0.3026 756.dat
1 256 -118.6374 -50.0424 -367.8157 0.3184 0.2822 0.905 0.9429 -0.1926 -0.2717 -0.0976 -0.9398 0.3275 756.dat
1 256 -117.9297 -50.5253 -370.1722 0.3041 0.3203 0.8972 0.9489 -0.1851 -0.2556 -0.0842 -0.9291 0.3602 756.dat
1 256 -117.1291 -50.9879 -372.494 0.2881 0.3679 0.8841 0.9551 -0.1767 -0.2377 -0.0687 -0.9129 0.4023 756.dat
1 256 -116.2051 -51.4315 -374.7868 0.2698 0.4263 0.8634 0.9615 -0.167 -0.2181 -0.0512 -0.889 0.455 756.dat
1 256 -115.1315 -51.8519 -377.0253 0.2488 0.4954 0.8323 0.968 -0.1557 -0.1967 -0.0321 -0.8546 0.5183 756.dat
1 256 -113.8954 -52.2403 -379.1575 0.2245 0.5741 0.7874 0.9744 -0.1424 -0.174 -0.0122 -0.8063 0.5914 756.dat
1 256 -112.4467 -52.5996 -381.1917 0.1967 0.6584 0.7265 0.9804 -0.127 -0.1505 0.0068 -0.7419 0.6705 756.dat
1 256 -110.8139 -52.9144 -383.0315 0.1665 0.7422 0.6492 0.9858 -0.1097 -0.1275 0.0234 -0.6612 0.7499 756.dat
1 256 -108.941 -53.1911 -384.6999 0.1351 0.8184 0.5585 0.9902 -0.0913 -0.1058 0.0356 -0.5674 0.8227 756.dat
1 256 -106.891 -53.4197 -386.121 0.105 0.8805 0.4622 0.9936 -0.0731 -0.0865 0.0424 -0.4683 0.8826 756.dat
1 256 -104.6921 -53.6023 -387.2903 0.0781 0.927 0.3667 0.996 -0.0563 -0.0698 0.0441 -0.3707 0.9277 756.dat
1 256 -102.356 -53.7441 -388.2245 0.0553 0.9589 0.2784 0.9976 -0.0415 -0.0553 0.0414 -0.2808 0.9589 756.dat
1 256 -99.9702 -53.8474 -388.923 0.037 0.9791 0.2001 0.9987 -0.0291 -0.0426 0.0359 -0.2014 0.9789 756.dat
1 256 -97.5237 -53.9199 -389.4261 0.0226 0.991 0.1316 0.9993 -0.0186 -0.031 0.0283 -0.1322 0.9908 756.dat
1 256 -95.0237 -53.967 -389.7596 0.0115 0.9973 0.0729 0.9997 -0.0101 -0.0202 0.0194 -0.0731 0.9971 756.dat
1 256 -92.5249 -53.9922 -389.9427 0.0033 0.9997 0.0227 0.9999 -0.0031 -0.01 0.0099 -0.0227 0.9997 756.dat
1 0 72 -34 -440 0 -1 0 0 0 -1 1 0 0 2419.dat
1 0 144 -34 -400 0 -1 0 1 0 0 0 0 1 2340.dat
1 0 160 -34 -400 0 -1 0 1 0 0 0 0 1 4595.dat
1 1 150 -34 -508 0 0 -1 1 0 0 0 -1 0 3957.dat
1 36 150 -34 -516 0 0 -1 1 0 0 0 -1 0 6141.dat
1 0 150 -34 -362 0 0 -1 1 0 0 0 -1 0 752.dat
1 256 150 -34 -362 0 0 -1 1 0 0 0 1 0 755.dat
1 0 90 -54 -390 0 -1 0 1 0 0 0 0 1 752.dat
1 256 90 -54 -390 0 1 0 1 0 0 0 0 1 755.dat
1 256 149.994 -34 -355.04 -0.0275 -0.03 0.9992 0.9996 -0.002 0.0275 0.0011 0.9995 0.0301 756.dat
1 256 149.919 -34.005 -352.54 -0.0374 -0.0653 0.9972 0.9993 -0.0047 0.0372 0.0023 0.9979 0.0655 756.dat
1 256 149.755 -34.017 -350.034 -0.0475 -0.1024 0.9936 0.9989 -0.0081 0.0469 0.0032 0.9947 0.1026 756.dat
1 256 149.499 -34.037 -347.548 -0.0575 -0.1415 0.9883 0.9983 -0.0122 0.0563 0.0041 0.9899 0.1419 756.dat
1 256 149.144 -34.068 -345.063 -0.0677 -0.1832 0.9807 0.9977 -0.0174 0.0656 0.005 0.9829 0.184 756.dat
1 256 148.683 -34.112 -342.587 -0.078 -0.2281 0.9705 0.9969 -0.0238 0.0746 0.0061 0.9734 0.2292 756.dat
1 256 148.111 -34.171 -340.148 -0.0886 -0.2766 0.9569 0.996 -0.0317 0.083 0.0073 0.9605 0.2783 756.dat
1 256 147.423 -34.25 -337.76 -0.0994 -0.3302 0.9387 0.995 -0.0417 0.0907 0.0092 0.943 0.3327 756.dat
1 256 146.596 -34.355 -335.397 -0.111 -0.3909 0.9137 0.9937 -0.0547 0.0974 0.0119 0.9188 0.3945 756.dat
1 256 145.612 -34.492 -333.085 -0.1239 -0.4608 0.8788 0.9922 -0.0717 0.1022 0.0159 0.8846 0.4661 756.dat
1 256 144.457 -34.672 -330.866 -0.1389 -0.5429 0.8282 0.9901 -0.0948 0.1039 0.0221 0.8344 0.5507 756.dat
1 256 143.101 -34.909 -328.783 -0.1581 -0.6418 0.7504 0.9869 -0.1269 0.0993 0.0315 0.7563 0.6535 756.dat
1 256 141.489 -35.228 -326.883 -0.186 -0.7598 0.623 0.9815 -0.1728 0.0822 0.0452 0.6268 0.7779 756.dat
1 256 139.595 -35.658 -325.32 -0.2306 -0.8838 0.4072 0.9711 -0.2355 0.0387 0.0617 0.4043 0.9125 756.dat
1 256 137.381 -36.248 -324.307 -0.2983 -0.9512 0.0784 0.952 -0.3024 -0.0474 0.0688 0.0605 0.9958 756.dat
1 256 135.016 -37 -324.157 -0.3713 -0.8877 -0.2722 0.9272 -0.339 -0.1593 0.0491 -0.3115 0.949 756.dat
1 256 132.811 -37.842 -324.93 -0.4215 -0.7438 -0.5187 0.9067 -0.3388 -0.2511 0.011 -0.5762 0.8172 756.dat
1 256 130.937 -38.696 -326.382 -0.447 -0.6052 -0.6587 0.8941 -0.3243 -0.3088 -0.0267 -0.727 0.6861 756.dat
1 256 129.423 -39.507 -328.2 -0.4578 -0.4962 -0.7377 0.8872 -0.3087 -0.3429 -0.0576 -0.8114 0.5816 756.dat
1 256 128.183 -40.279 -330.229 -0.4607 -0.4121 -0.786 0.8837 -0.2952 -0.3632 -0.0823 -0.862 0.5002 756.dat
1 256 127.149 -41.019 -332.391 -0.4594 -0.3462 -0.818 0.8823 -0.2839 -0.3754 -0.1023 -0.8942 0.4359 756.dat
1 256 126.284 -41.728 -334.624 -0.4556 -0.293 -0.8406 0.8822 -0.2746 -0.3825 -0.1188 -0.9158 0.3836 756.dat
1 256 125.547 -42.419 -336.927 -0.4502 -0.2493 -0.8574 0.8831 -0.2668 -0.386 -0.1325 -0.9309 0.3403 756.dat
1 256 124.923 -43.087 -339.258 -0.4426 -0.2265 -0.8676 0.8858 -0.261 -0.3837 -0.1395 -0.9384 0.3162 756.dat
1 256 124.354 -43.742 -341.614 -0.4339 -0.2151 -0.8749 0.8896 -0.2559 -0.3783 -0.1425 -0.9425 0.3024 756.dat
1 256 123.817 -44.381 -343.967 -0.4251 -0.2056 -0.8815 0.8936 -0.2507 -0.3724 -0.1444 -0.946 0.2903 756.dat
1 256 123.302 -45.01 -346.339 -0.4159 -0.198 -0.8876 0.8977 -0.2454 -0.3659 -0.1454 -0.949 0.2798 756.dat
1 256 122.803 -45.628 -348.73 -0.4064 -0.1928 -0.8931 0.9021 -0.2401 -0.3587 -0.1452 -0.9514 0.2715 756.dat
1 256 122.319 -46.23 -351.114 -0.3968 -0.1901 -0.898 0.9065 -0.2347 -0.3509 -0.144 -0.9533 0.2655 756.dat
1 256 121.846 -46.814 -353.49 -0.3869 -0.1903 -0.9022 0.9112 -0.2292 -0.3424 -0.1416 -0.9546 0.2621 756.dat
1 256 121.369 -47.388 -355.879 -0.3768 -0.1939 -0.9058 0.916 -0.2236 -0.3331 -0.138 -0.9552 0.2618 756.dat
1 256 120.882 -47.95 -358.279 -0.3662 -0.2011 -0.9085 0.921 -0.2179 -0.323 -0.133 -0.955 0.265 756.dat
1 256 120.38 -48.494 -360.664 -0.3552 -0.2129 -0.9102 0.9262 -0.212 -0.3119 -0.1266 -0.9538 0.2725 756.dat
1 256 119.841 -49.03 -363.077 -0.3437 -0.2297 -0.9106 0.9316 -0.2059 -0.2997 -0.1187 -0.9512 0.2847 756.dat
1 256 119.271 -49.542 -365.439 -0.3316 -0.2524 -0.9091 0.9371 -0.1995 -0.2864 -0.1091 -0.9468 0.3026 756.dat
1 256 118.637 -50.042 -367.816 -0.3184 -0.2822 -0.905 0.9429 -0.1926 -0.2717 -0.0976 -0.9398 0.3275 756.dat
1 256 117.93 -50.525 -370.172 -0.3041 -0.3203 -0.8972 0.9489 -0.1851 -0.2556 -0.0842 -0.9291 0.3602 756.dat
1 256 117.129 -50.988 -372.494 -0.2881 -0.3679 -0.8841 0.9551 -0.1767 -0.2377 -0.0687 -0.9129 0.4023 756.dat
1 256 116.205 -51.432 -374.787 -0.2698 -0.4263 -0.8634 0.9615 -0.167 -0.2181 -0.0512 -0.889 0.455 756.dat
1 256 115.132 -51.852 -377.025 -0.2488 -0.4954 -0.8323 0.968 -0.1557 -0.1967 -0.0321 -0.8546 0.5183 756.dat
1 256 113.895 -52.24 -379.157 -0.2245 -0.5741 -0.7874 0.9744 -0.1424 -0.174 -0.0122 -0.8063 0.5914 756.dat
1 256 112.447 -52.6 -381.192 -0.1967 -0.6584 -0.7265 0.9804 -0.127 -0.1505 0.0068 -0.7419 0.6705 756.dat
1 256 110.814 -52.914 -383.031 -0.1665 -0.7422 -0.6492 0.9858 -0.1097 -0.1275 0.0234 -0.6612 0.7499 756.dat
1 256 108.941 -53.191 -384.7 -0.1351 -0.8184 -0.5585 0.9902 -0.0913 -0.1058 0.0356 -0.5674 0.8227 756.dat
1 256 106.891 -53.42 -386.121 -0.105 -0.8805 -0.4622 0.9936 -0.0731 -0.0865 0.0424 -0.4683 0.8826 756.dat
1 256 104.692 -53.602 -387.29 -0.0781 -0.927 -0.3667 0.996 -0.0563 -0.0698 0.0441 -0.3707 0.9277 756.dat
1 256 102.356 -53.744 -388.224 -0.0553 -0.9589 -0.2784 0.9976 -0.0415 -0.0553 0.0414 -0.2808 0.9589 756.dat
1 256 99.97 -53.847 -388.923 -0.037 -0.9791 -0.2001 0.9987 -0.0291 -0.0426 0.0359 -0.2014 0.9789 756.dat
1 256 97.524 -53.92 -389.426 -0.0226 -0.991 -0.1316 0.9993 -0.0186 -0.031 0.0283 -0.1322 0.9908 756.dat
1 256 95.024 -53.967 -389.76 -0.0115 -0.9973 -0.0729 0.9997 -0.0101 -0.0202 0.0194 -0.0731 0.9971 756.dat
1 256 92.525 -53.992 -389.943 -0.0033 -0.9997 -0.0227 0.9999 -0.0031 -0.01 0.0099 -0.0227 0.9997 756.dat
1 0 0 -128 -390 1 0 0 0 1 0 0 0 1 3710.dat
1 0 0 -128 -410 1 0 0 0 1 0 0 0 1 4315.dat
1 36 0 -124 -424 1 0 0 0 1 0 0 0 1 2507.dat
1 0 -26 -26 -590 1 0 0 0 0 1 0 -1 0 4740.dat
1 0 -26 -26 -674 1 0 0 0 0 1 0 -1 0 3957.dat
1 36 -26 -26 -682 1 0 0 0 0 1 0 -1 0 4589.dat
1 0 -26 -26 -706 1 0 0 0 0 1 0 -1 0 6141.dat
1 0 26 -26 -590 1 0 0 0 0 1 0 -1 0 4740.dat
1 0 26 -26 -674 1 0 0 0 0 1 0 -1 0 3957.dat
1 36 26 -26 -682 1 0 0 0 0 1 0 -1 0 4589.dat
1 0 26 -26 -706 1 0 0 0 0 1 0 -1 0 6141.dat
1 36 50 -104 -360 0 0 -1 0 1 0 1 0 0 2466.dat
1 36 50 -104 -320 0 0 -1 0 1 0 1 0 0 2466.dat
1 36 50 -104 -280 0 0 -1 0 1 0 1 0 0 2466.dat
1 36 -50 -104 -280 0 0 1 0 1 0 -1 0 0 2466.dat
1 36 -50 -104 -320 0 0 1 0 1 0 -1 0 0 2466.dat
1 36 -50 -104 -360 0 0 1 0 1 0 -1 0 0 2466.dat
1 0 0 -112 -340 -1 0 0 0 1 0 0 0 -1 3795.dat
1 0 30 -96 -220 0 0 -1 0 1 0 1 0 0 2362.dat
1 0 -30 -96 -220 0 0 1 0 1 0 -1 0 0 2362.dat
1 0 30 -104 -20 0 0 -1 0 1 0 1 0 0 2362.dat
1 0 -30 -104 -20 0 0 1 0 1 0 -1 0 0 2362.dat
1 0 0 -78 -160 -1 0 0 0 1 0 0 0 -1 u9068.dat
1 0 64 -78 -160 0 -1 0 -1 0 0 0 0 -1 6143.dat
1 1 148 -54 60 0 -1 0 0 0 -1 1 0 0 3710.dat
1 0 140 -54 40 0 -1 0 0 0 -1 1 0 0 3938.dat
1 0 140 -54 80 0 -1 0 0 0 -1 1 0 0 3938.dat
1 36 284 -54 60 0 -1 0 0 0 1 -1 0 0 2466.dat
1 36 284 -54 30 0 -1 0 0 0 1 -1 0 0 2468.dat
1 0 292 -54 50 0 -1 0 0 0 1 -1 0 0 3623.dat
1 0 324 -54 40 0 -1 0 0 0 1 -1 0 0 2432.dat
1 1 -148 -54 60 0 1 0 0 0 1 1 0 0 3710.dat
1 0 -140 -54 40 0 1 0 0 0 1 1 0 0 3938.dat
1 0 -140 -54 80 0 1 0 0 0 1 1 0 0 3938.dat
1 36 -284 -54 60 0 1 0 0 0 1 1 0 0 2466.dat
1 36 -284 -54 30 0 1 0 -1 0 0 0 0 1 2468.dat
1 0 -292 -54 50 0 1 0 0 0 1 1 0 0 3623.dat
1 0 -324 -54 40 0 1 0 0 0 1 1 0 0 2432.dat
1 0 -30 -104 -200 0 0 -1 0 1 0 1 0 0 3666.dat
1 0 30 -104 -200 0 0 -1 0 1 0 1 0 0 3666.dat
1 1 30 -104 -80 0 0 -1 0 1 0 1 0 0 2466.dat
1 1 -30 -104 -80 0 0 1 0 1 0 -1 0 0 2466.dat
1 0 -50 -112 -370 0 0 1 0 1 0 -1 0 0 3024.dat
1 0 50 -112 -370 0 0 1 0 1 0 -1 0 0 3024.dat
1 0 -50 -112 -300 0 0 1 0 1 0 -1 0 0 3023.dat
1 0 50 -112 -300 0 0 1 0 1 0 -1 0 0 3023.dat
1 0 0 -112 -250 -1 0 0 0 1 0 0 0 -1 2419.dat
1 1 -30 -112 -120 0 0 1 0 1 0 -1 0 0 4477.dat
1 1 30 -112 -120 0 0 1 0 1 0 -1 0 0 4477.dat
1 1 0 -112 50 -1 0 0 0 1 0 0 0 -1 3710.dat
1 1 50 -112 10 1 0 0 0 1 0 0 0 1 2450.dat
1 1 -50 -112 10 0 0 1 0 1 0 -1 0 0 2450.dat
1 1 30 -120 -340 0 0 1 0 1 0 -1 0 0 4275.dat
1 1 -30 -120 -340 0 0 1 0 1 0 -1 0 0 4275.dat
1 0 -50 -120 -320 0 0 1 0 1 0 -1 0 0 3666.dat
1 0 50 -120 -320 0 0 1 0 1 0 -1 0 0 3666.dat
1 0 -30 -120 -200 0 0 1 0 1 0 -1 0 0 3460.dat
1 0 30 -120 -200 0 0 1 0 1 0 -1 0 0 3460.dat
1 36 -30 -120 -110 0 0 1 0 1 0 -1 0 0 3024.dat
1 36 30 -120 -110 0 0 1 0 1 0 -1 0 0 3024.dat
1 0 -30 -120 -80 0 0 1 0 1 0 -1 0 0 2412.dat
1 0 30 -120 -80 0 0 1 0 1 0 -1 0 0 2412.dat
1 0 -30 -120 0 0 0 1 0 1 0 -1 0 0 3666.dat
1 0 30 -120 0 0 0 1 0 1 0 -1 0 0 3666.dat
1 0 -40 32 180 0 0 1 0 1 0 -1 0 0 3029.dat
1 0 40 32 180 0 0 1 0 1 0 -1 0 0 3029.dat
1 1 0 40 70 1 0 0 0 1 0 0 0 1 3710.dat
1 0 0 40 280 -1 0 0 0 1 0 0 0 -1 3176.dat
1 1 0 40 180 -1 0 0 0 1 0 0 0 -1 2445.dat
1 1 0 24 180 -1 0 0 0 1 0 0 0 -1 3795.dat
1 0 120 32 180 -1 0 0 0 1 0 0 0 -1 3031.dat
1 0 -120 32 180 -1 0 0 0 1 0 0 0 -1 3031.dat
1 1 -150 24 210 -1 0 0 0 1 0 0 0 -1 3024.dat
1 1 -150 24 150 -1 0 0 0 1 0 0 0 -1 3024.dat
1 1 150 24 210 -1 0 0 0 1 0 0 0 -1 3024.dat
1 1 150 24 150 -1 0 0 0 1 0 0 0 -1 3024.dat
1 0 -150 16 180 0 0 -1 0 1 0 1 0 0 2431.dat
1 0 150 16 180 0 0 -1 0 1 0 1 0 0 2431.dat
1 0 40 16 180 0 0 -1 0 1 0 1 0 0 3176.dat
1 0 -40 16 180 0 0 1 0 1 0 -1 0 0 3176.dat
1 1 -70 -104 150 0 0 1 0 1 0 -1 0 0 2467.dat
1 1 -70 -104 210 -1 0 0 0 1 0 0 0 -1 2467.dat
1 0 -70 -104 70 0 0 1 0 1 0 -1 0 0 2468.dat
1 0 -70 -104 290 -1 0 0 0 1 0 0 0 -1 2468.dat
1 1 0 8 80 1 0 0 0 1 0 0 0 1 3001.dat
1 1 0 0 80 1 0 0 0 1 0 0 0 1 3020.dat
1 0 0 -8 80 1 0 0 0 1 0 0 0 1 3795.dat
1 0 -30 -32 80 0 0 -1 0 1 0 1 0 0 3004.dat
1 0 30 -32 80 0 0 -1 0 1 0 1 0 0 3004.dat
1 0 50 -16 40 0 0 -1 0 1 0 1 0 0 3666.dat
1 0 50 -24 60 0 0 -1 0 1 0 1 0 0 3710.dat
1 0 50 -32 80 0 0 -1 0 1 0 1 0 0 3023.dat
1 0 50 -24 0 0 0 -1 0 1 0 1 0 0 3069.dat
1 0 -50 -16 40 0 0 -1 0 1 0 1 0 0 3666.dat
1 0 -50 -24 60 0 0 -1 0 1 0 1 0 0 3710.dat
1 0 -50 -32 80 0 0 -1 0 1 0 1 0 0 3023.dat
1 0 -50 -24 0 0 0 -1 0 1 0 1 0 0 3069.dat
1 1 -10 -80 80 0 0 -1 0 1 0 1 0 0 2362.dat
1 1 10 -80 80 0 0 1 0 1 0 -1 0 0 2362.dat
1 0 40 -80 80 0 0 1 0 1 0 -1 0 0 3940.dat
1 0 -40 -80 80 0 0 1 0 1 0 -1 0 0 3940.dat
1 0 0 -104 70 1 0 0 0 1 0 0 0 1 3894.dat
1 0 0 -104 90 1 0 0 0 1 0 0 0 1 3009.dat
1 1 70 -104 150 1 0 0 0 1 0 0 0 1 2467.dat
1 1 70 -104 210 0 0 -1 0 1 0 1 0 0 2467.dat
1 0 70 -104 70 1 0 0 0 1 0 0 0 1 2468.dat
1 0 70 -104 290 0 0 -1 0 1 0 1 0 0 2468.dat
1 0 -70 -112 180 0 0 -1 0 1 0 1 0 0 3666.dat
1 0 70 -112 180 0 0 -1 0 1 0 1 0 0 3666.dat
1 0 0 -112 70 1 0 0 0 1 0 0 0 1 3710.dat
1 0 -60 -112 90 0 0 1 0 1 0 -1 0 0 3021.dat
1 0 60 -112 90 0 0 1 0 1 0 -1 0 0 3021.dat
1 0 110 -112 150 -1 0 0 0 1 0 0 0 -1 3623.dat
1 0 -110 -112 150 -1 0 0 0 1 0 0 0 -1 3623.dat
1 36 -130 -112 210 -1 0 0 0 1 0 0 0 -1 3024.dat
1 36 130 -112 210 -1 0 0 0 1 0 0 0 -1 3024.dat
1 0 -100 -112 210 -1 0 0 0 1 0 0 0 -1 2412.dat
1 0 100 -112 210 -1 0 0 0 1 0 0 0 -1 2412.dat
1 0 -70 -112 280 0 0 1 0 1 0 -1 0 0 3023.dat
1 0 70 -112 280 0 0 1 0 1 0 -1 0 0 3023.dat
1 0 0 -112 250 1 0 0 0 1 0 0 0 1 4162.dat
1 0 0 -112 90 -1 0 0 0 1 0 0 0 -1 4315.dat
1 0 0 -112 140 -1 0 0 0 1 0 0 0 -1 4213.dat
1 1 0 -120 220 0 0 -1 0 1 0 1 0 0 3030.dat
1 1 0 -112 290 -1 0 0 0 1 0 0 0 -1 3710.dat
1 1 20 -112 310 -1 0 0 0 1 0 0 0 -1 2466.dat
1 1 -20 -112 310 -1 0 0 0 1 0 0 0 -1 2466.dat
1 1 0 -104 300 -1 0 0 0 1 0 0 0 -1 3020.dat
1 0 0 24 310 -1 0 0 0 1 0 0 0 -1 3710.dat
1 1 0 32 310 -1 0 0 0 1 0 0 0 -1 3023.dat
1 0 0 -128 240 -1 0 0 0 1 0 0 0 -1 3022.dat
1 1 0 -152 230 -1 0 0 0 1 0 0 0 -1 3039.dat
1 1 0 -160 230 1 0 0 0 1 0 0 0 1 2452.dat
1 0 0 -185.417 217.113 0 0 -1 0.9945 -0.1045 0 -0.1045 -0.9945 0 4276.dat
1 1 0 -186.253 209.157 0 0 -1 0.9945 -0.1045 0 -0.1045 -0.9945 0 3938.dat
1 0 2.588 -188.3074 189.6061 0.9659 -0.2588 0 0.027045 0.100937 -0.9945 0.257377 0.960588 0.1045 2440.dat
1 1 168 -24 180 0 1 0 0 0 -1 -1 0 0 4854.dat
1 0 176 -24 180 0 1 0 0 0 -1 -1 0 0 3068.dat
1 0 192 -24 150 0 1 0 -1 0 0 0 0 1 4590.dat
1 0 192 -24 210 0 1 0 1 0 0 0 0 -1 4590.dat
1 1 160 -24 210 0 1 0 1 0 0 0 0 -1 3004.dat
1 1 160 -24 150 0 1 0 1 0 0 0 0 -1 3004.dat
1 0 160 6 180 0 1 0 0 0 -1 -1 0 0 4623.dat
1 0 160 6 210 0 1 0 0 0 -1 -1 0 0 3024.dat
1 0 160 6 150 0 1 0 0 0 -1 -1 0 0 3024.dat
1 0 160 -54 180 0 1 0 0 0 -1 -1 0 0 2431.dat
1 1 88 6 180 0 1 0 0 0 -1 -1 0 0 4033.dat
1 36 88 5.5 180 0 1 0 0 0 -1 -1 0 0 3855.dat
1 0 88 -24 210 0 1 0 -1 0 0 0 0 1 2362.dat
1 0 88 -24 150 0 1 0 1 0 0 0 0 -1 2362.dat
1 0 80 6 180 0 1 0 0 0 -1 -1 0 0 4623.dat
1 0 80 -14 210 0 1 0 1 0 0 0 0 -1 3623.dat
1 0 80 -14 150 0 1 0 1 0 0 0 0 -1 3623.dat
1 1 72 6 180 0 1 0 0 0 1 1 0 0 4625.dat
1 1 72 -24 210 0 1 0 -1 0 0 0 0 1 3069.dat
1 1 72 -24 150 0 1 0 -1 0 0 0 0 1 3069.dat
1 1 48 -24 180 0 1 0 0 0 1 1 0 0 4857.dat
1 0 40 -24 180 0 1 0 0 0 1 1 0 0 3068.dat
1 1 56 -24 150 0 1 0 1 0 0 0 0 -1 3023.dat
1 1 64 -24 150 0 1 0 1 0 0 0 0 -1 3023.dat
1 1 56 -24 210 0 1 0 1 0 0 0 0 -1 3023.dat
1 1 64 -24 210 0 1 0 1 0 0 0 0 -1 3023.dat
1 0 72 -54 180 0 1 0 0 0 -1 -1 0 0 4873.dat
1 36 96 -54 230 0 1 0 0 0 -1 -1 0 0 6141.dat
1 36 96 -54 130 0 1 0 0 0 -1 -1 0 0 6141.dat
1 36 152 -54 210 0 1 0 0 0 -1 -1 0 0 3957.dat
1 36 152 -54 190 0 1 0 0 0 -1 -1 0 0 3957.dat
1 36 152 -54 170 0 1 0 0 0 -1 -1 0 0 3957.dat
1 36 152 -54 150 0 1 0 0 0 -1 -1 0 0 3957.dat
1 1 -168 -24 180 0 -1 0 0 0 -1 1 0 0 4854.dat
1 0 -176 -24 180 0 -1 0 0 0 -1 1 0 0 3068.dat
1 0 -192 -24 210 0 -1 0 -1 0 0 0 0 -1 4590.dat
1 0 -192 -24 150 0 -1 0 1 0 0 0 0 1 4590.dat
1 1 -160 -24 150 0 -1 0 1 0 0 0 0 1 3004.dat
1 1 -160 -24 210 0 -1 0 1 0 0 0 0 1 3004.dat
1 0 -160 6 180 0 -1 0 0 0 -1 1 0 0 4623.dat
1 0 -160 6 150 0 -1 0 0 0 -1 1 0 0 3024.dat
1 0 -160 6 210 0 -1 0 0 0 -1 1 0 0 3024.dat
1 0 -160 -54 180 0 -1 0 0 0 -1 1 0 0 2431.dat
1 1 -88 6 180 0 -1 0 0 0 -1 1 0 0 4033.dat
1 36 -88 5.5 180 0 -1 0 0 0 -1 1 0 0 3855.dat
1 0 -88 -24 150 0 -1 0 -1 0 0 0 0 -1 2362.dat
1 0 -88 -24 210 0 -1 0 1 0 0 0 0 1 2362.dat
1 0 -80 6 180 0 -1 0 0 0 -1 1 0 0 4623.dat
1 0 -80 -14 150 0 -1 0 1 0 0 0 0 1 3623.dat
1 0 -80 -14 210 0 -1 0 1 0 0 0 0 1 3623.dat
1 1 -72 6 180 0 -1 0 0 0 1 -1 0 0 4625.dat
1 1 -72 -24 150 0 -1 0 -1 0 0 0 0 -1 3069.dat
1 1 -72 -24 210 0 -1 0 -1 0 0 0 0 -1 3069.dat
1 1 -48 -24 180 0 -1 0 0 0 1 -1 0 0 4857.dat
1 0 -40 -24 180 0 -1 0 0 0 1 -1 0 0 3068.dat
1 1 -56 -24 210 0 -1 0 1 0 0 0 0 1 3023.dat
1 1 -64 -24 210 0 -1 0 1 0 0 0 0 1 3023.dat
1 1 -56 -24 150 0 -1 0 1 0 0 0 0 1 3023.dat
1 1 -64 -24 150 0 -1 0 1 0 0 0 0 1 3023.dat
1 0 -72 -54 180 0 -1 0 0 0 -1 1 0 0 4873.dat
1 36 -96 -54 130 0 -1 0 0 0 -1 1 0 0 6141.dat
1 36 -96 -54 230 0 -1 0 0 0 -1 1 0 0 6141.dat
1 36 -152 -54 150 0 -1 0 0 0 -1 1 0 0 3957.dat
1 36 -152 -54 170 0 -1 0 0 0 -1 1 0 0 3957.dat
1 36 -152 -54 190 0 -1 0 0 0 -1 1 0 0 3957.dat
1 36 -152 -54 210 0 -1 0 0 0 -1 1 0 0 3957.dat
1 1 220 -40 20 1 0 0 0 1 0 0 0 1 4598.dat
1 0 220 -50 58 -1 0 0 0 0 1 0 1 0 4590.dat
1 0 220 -70 58 -1 0 0 0 0 1 0 1 0 4590.dat
1 0 220 -60 66 -1 0 0 0 0 1 0 1 0 4032.dat
1 0 250 -40 34 -1 0 0 0 0 1 0 1 0 3040.dat
1 0 190 -40 34 -1 0 0 0 0 1 0 1 0 3040.dat
1 0 250 -40 26 1 0 0 0 0.7071 -0.7071 0 0.7071 0.7071 4593.dat
1 0 190 -40 26 1 0 0 0 0.7071 -0.7071 0 0.7071 0.7071 4593.dat
1 0 250 -40 26 1 0 0 0 0 -1 0 1 0 4592.dat
1 0 190 -40 26 1 0 0 0 0 -1 0 1 0 4592.dat
1 1 190 -60 74 1 0 0 0 0 -1 0 1 0 4740.dat
1 1 250 -60 74 1 0 0 0 0 -1 0 1 0 4740.dat
