0 Main
0 Name: 8681-1 - Tuner Garage.mpd
0 Author: LTRON
1 8 -240 0 300 0 0 -1 0 1 0 1 0 0 51595.dat
1 8 0 0 300 0 0 1 0 1 0 -1 0 0 3865.dat
1 8 240 0 300 0 0 1 0 1 0 -1 0 0 51595.dat
1 15 -40 -8 450 1 0 0 0 1 0 0 0 1 4162.dat
1 15 120 -8 450 1 0 0 0 1 0 0 0 1 4162.dat
1 0 -190 -8 440 0 0 1 0 1 0 -1 0 0 2412.dat
1 15 -160 -8 440 1 0 0 0 1 0 0 0 1 3680.dat
1 0 -130 -8 440 0 0 1 0 1 0 -1 0 0 2412.dat
1 0 -380 -8 420 0 0 1 0 1 0 -1 0 0 3020.dat
1 0 -220 -8 420 0 0 1 0 1 0 -1 0 0 3020.dat
1 0 220 -8 420 0 0 1 0 1 0 -1 0 0 3020.dat
1 0 380 -8 420 0 0 1 0 1 0 -1 0 0 3020.dat
1 15 -110 -8 400 0 0 1 0 1 0 -1 0 0 2431.dat
1 15 30 -8 400 0 0 1 0 1 0 -1 0 0 2431.dat
1 7 180 -8 380 1 0 0 0 1 0 0 0 1 4032.dat
1 15 -40 -8 350 1 0 0 0 1 0 0 0 1 4162.dat
1 7 140 -8 340 1 0 0 0 1 0 0 0 1 4032.dat
1 0 0 -8 330 1 0 0 0 1 0 0 0 1 3710.dat
1 0 -120 -8 310 1 0 0 0 1 0 0 0 1 4477.dat
1 0 120 -8 310 1 0 0 0 1 0 0 0 1 4477.dat
1 15 -100 -8 280 1 0 0 0 1 0 0 0 1 3680.dat
1 15 -140 -8 220 1 0 0 0 1 0 0 0 1 3680.dat
1 15 -40 -8 220 1 0 0 0 1 0 0 0 1 3680.dat
1 15 40 -8 220 1 0 0 0 1 0 0 0 1 3680.dat
1 15 140 -8 220 1 0 0 0 1 0 0 0 1 3680.dat
1 0 -390 -8 180 0 0 1 0 1 0 -1 0 0 3710.dat
1 0 390 -8 180 0 0 1 0 1 0 -1 0 0 3710.dat
1 0 -210 -8 160 0 0 1 0 1 0 -1 0 0 3023.dat
1 0 210 -8 160 0 0 1 0 1 0 -1 0 0 3023.dat
1 0 -100 -8 150 1 0 0 0 1 0 0 0 1 4477.dat
1 0 100 -8 150 1 0 0 0 1 0 0 0 1 4477.dat
1 7 180 -16 380 1 0 0 0 1 0 0 0 1 3957.dat
1 7 140 -16 340 1 0 0 0 1 0 0 0 1 3957.dat
1 14 190 -24 430 1 0 0 0 1 0 0 0 1 3062.dat
1 15 -390 -32 420 0 0 1 0 1 0 -1 0 0 3010.dat
1 7 -370 -32 420 0 0 1 0 1 0 -1 0 0 3701.dat
1 7 -230 -32 420 0 0 1 0 1 0 -1 0 0 3701.dat
1 15 -210 -32 420 0 0 1 0 1 0 -1 0 0 3010.dat
1 15 210 -32 420 0 0 1 0 1 0 -1 0 0 3010.dat
1 7 230 -32 420 0 0 1 0 1 0 -1 0 0 3701.dat
1 7 370 -32 420 0 0 1 0 1 0 -1 0 0 3701.dat
1 15 390 -32 420 0 0 1 0 1 0 -1 0 0 3010.dat
1 15 0 -32 310 -1 0 0 0 1 0 0 0 -1 3037.dat
1 14 190 -48 430 1 0 0 0 1 0 0 0 1 3062.dat
1 0 190 -56 430 0 0 1 0 1 0 -1 0 0 6019.dat
1 15 -20 -56 310 1 0 0 0 1 0 0 0 1 30237.dat
1 15 20 -56 310 1 0 0 0 1 0 0 0 1 30237.dat
1 7 170 -54 442 1 0 0 0 0 1 0 -1 0 4599.dat
1 7 -20 -56 290 0 0 -1 0 1 0 1 0 0 4599.dat
1 7 20 -56 290 0 0 1 0 1 0 -1 0 0 4599.dat
1 0 -20 -64 320 0 0 -1 0 1 0 1 0 0 4488.dat
1 0 20 -64 320 0 0 -1 0 1 0 1 0 0 4488.dat
1 15 -20 -59 352 -1 0 0 0 1 0 0 0 -1 30027.dat
1 15 20 -59 352 -1 0 0 0 1 0 0 0 -1 30027.dat
1 9 -20 -32 290 1 0 0 0 1 0 0 0 1 3062.dat
1 9 20 -32 290 1 0 0 0 1 0 0 0 1 3062.dat
1 15 20 -72 330 1 0 0 0 1 0 0 0 1 3069.dat
1 7 0 -72 310 1 0 0 0 1 0 0 0 1 3710.dat
1 15 0 -96 310 -1 0 0 0 1 0 0 0 -1 30414.dat
1 36 -30 -86 328 1 0 0 0 0 1 0 -1 0 3070.dat
1 7 20 -86 328 -1 0 0 0 0 -1 0 -1 0 3069.dat
1 7 -10 -86 320 -1 0 0 0 0 -1 0 -1 0 54200.dat
1 15 -380 -104 440 1 0 0 0 1 0 0 0 1 30145.dat
1 15 -220 -104 440 1 0 0 0 1 0 0 0 1 30145.dat
1 15 220 -104 440 1 0 0 0 1 0 0 0 1 30145.dat
1 15 380 -104 440 1 0 0 0 1 0 0 0 1 30145.dat
1 15 -380 -104 410 1 0 0 0 1 0 0 0 1 3684.dat
1 15 -220 -104 410 1 0 0 0 1 0 0 0 1 3684.dat
1 15 220 -104 410 1 0 0 0 1 0 0 0 1 3684.dat
1 15 380 -104 410 1 0 0 0 1 0 0 0 1 3684.dat
1 15 -380 -128 430 0 0 1 0 1 0 -1 0 0 3002.dat
1 15 -220 -128 430 0 0 1 0 1 0 -1 0 0 3002.dat
1 15 220 -128 430 0 0 1 0 1 0 -1 0 0 3002.dat
1 15 380 -128 430 0 0 1 0 1 0 -1 0 0 3002.dat
1 15 -200 -128 310 1 0 0 0 1 0 0 0 1 2454.dat
1 15 -160 -128 310 1 0 0 0 1 0 0 0 1 2454.dat
1 15 160 -128 310 1 0 0 0 1 0 0 0 1 2454.dat
1 15 200 -128 310 1 0 0 0 1 0 0 0 1 2454.dat
1 15 -390 -128 200 0 0 1 0 1 0 -1 0 0 2454.dat
1 15 390 -128 200 0 0 1 0 1 0 -1 0 0 2454.dat
1 15 -390 -128 160 0 0 1 0 1 0 -1 0 0 2454.dat
1 15 -210 -128 160 0 0 1 0 1 0 -1 0 0 2454.dat
1 15 210 -128 160 0 0 1 0 1 0 -1 0 0 2454.dat
1 15 390 -128 160 0 0 1 0 1 0 -1 0 0 2454.dat
1 15 -180 -128 150 1 0 0 0 1 0 0 0 1 2454.dat
1 15 180 -128 150 1 0 0 0 1 0 0 0 1 2454.dat
1 7 -380 -136 430 0 0 1 0 1 0 -1 0 0 3021.dat
1 7 -220 -136 430 0 0 1 0 1 0 -1 0 0 3021.dat
1 7 220 -136 430 0 0 1 0 1 0 -1 0 0 3021.dat
1 7 380 -136 430 0 0 1 0 1 0 -1 0 0 3021.dat
1 7 -180 -136 310 1 0 0 0 1 0 0 0 1 3710.dat
1 7 180 -136 310 1 0 0 0 1 0 0 0 1 3710.dat
1 7 -390 -136 180 0 0 1 0 1 0 -1 0 0 3710.dat
1 7 390 -136 180 0 0 1 0 1 0 -1 0 0 3710.dat
1 7 -210 -136 160 0 0 1 0 1 0 -1 0 0 3023.dat
1 7 210 -136 160 0 0 1 0 1 0 -1 0 0 3023.dat
1 7 -180 -136 150 1 0 0 0 1 0 0 0 1 3023.dat
1 7 180 -136 150 1 0 0 0 1 0 0 0 1 3023.dat
1 9 -380 -144 430 0 0 1 0 1 0 -1 0 0 3021.dat
1 9 -220 -144 430 0 0 1 0 1 0 -1 0 0 3021.dat
1 9 220 -144 430 0 0 1 0 1 0 -1 0 0 3021.dat
1 9 380 -144 430 0 0 1 0 1 0 -1 0 0 3021.dat
1 9 -180 -144 310 1 0 0 0 1 0 0 0 1 3710.dat
1 9 180 -144 310 1 0 0 0 1 0 0 0 1 3710.dat
1 9 -390 -144 180 0 0 1 0 1 0 -1 0 0 3710.dat
1 9 390 -144 180 0 0 1 0 1 0 -1 0 0 3710.dat
1 9 -210 -144 170 1 0 0 0 1 0 0 0 1 3024.dat
1 9 210 -144 170 1 0 0 0 1 0 0 0 1 3024.dat
1 9 -190 -144 150 1 0 0 0 1 0 0 0 1 3623.dat
1 9 190 -144 150 1 0 0 0 1 0 0 0 1 3623.dat
1 9 -300 -152 440 1 0 0 0 1 0 0 0 1 3738.dat
1 9 300 -152 440 1 0 0 0 1 0 0 0 1 3738.dat
1 7 -350 -160 440 1 0 0 0 1 0 0 0 1 3021.dat
1 7 -250 -160 440 1 0 0 0 1 0 0 0 1 3021.dat
1 7 250 -160 440 1 0 0 0 1 0 0 0 1 3021.dat
1 7 350 -160 440 1 0 0 0 1 0 0 0 1 3021.dat
1 9 -300 -168 440 1 0 0 0 1 0 0 0 1 3738.dat
1 9 300 -168 440 1 0 0 0 1 0 0 0 1 3738.dat
1 18 -190 -168 310 1 0 0 0 1 0 0 0 1 47905.dat
1 7 -160 -168 310 1 0 0 0 1 0 0 0 1 2877.dat
1 35 0 -168 310 -1 0 0 0 1 0 0 0 -1 30007.dat
1 7 160 -168 310 1 0 0 0 1 0 0 0 1 2877.dat
1 18 190 -168 310 1 0 0 0 1 0 0 0 1 47905.dat
1 15 -390 -168 300 0 0 1 0 1 0 -1 0 0 2465.dat
1 15 -210 -168 300 0 0 1 0 1 0 -1 0 0 2465.dat
1 15 210 -168 300 0 0 1 0 1 0 -1 0 0 2465.dat
1 15 390 -168 300 0 0 1 0 1 0 -1 0 0 2465.dat
1 15 -190 -168 150 1 0 0 0 1 0 0 0 1 3005.dat
1 15 -170 -168 150 0 0 -1 0 1 0 1 0 0 3665.dat
1 15 170 -168 150 0 0 1 0 1 0 -1 0 0 3665.dat
1 15 190 -168 150 1 0 0 0 1 0 0 0 1 3005.dat
1 7 -190 -158 328 0 0 1 -1 0 0 0 -1 0 2555.dat
1 7 190 -158 328 0 0 1 -1 0 0 0 -1 0 2555.dat
1 7 -190 -158 292 0 0 1 1 0 0 0 1 0 2555.dat
1 7 190 -158 292 0 0 1 1 0 0 0 1 0 2555.dat
1 0 -190 -170.728 349.556 -1 0 0 0 -0.707107 -0.707107 0 -0.707107 0.707107 48336.dat
1 0 190 -170.728 349.556 -1 0 0 0 -0.707107 -0.707107 0 -0.707107 0.707107 48336.dat
1 0 -190 -170.728 270.444 1 0 0 0 -0.707107 -0.707107 0 0.707107 -0.707107 48336.dat
1 0 190 -170.728 270.444 1 0 0 0 -0.707107 -0.707107 0 0.707107 -0.707107 48336.dat
1 46 -200 -165.071 355.213 -1 0 0 0 -0.707 -0.707 0 -0.707 0.707 6141.dat
1 46 -180 -165.071 355.213 -1 0 0 0 -0.707 -0.707 0 -0.707 0.707 6141.dat
1 46 180 -165.071 355.213 -1 0 0 0 -0.707 -0.707 0 -0.707 0.707 6141.dat
1 46 200 -165.071 355.213 -1 0 0 0 -0.707 -0.707 0 -0.707 0.707 6141.dat
1 46 -200 -165.071 264.787 -1 0 0 0 -0.707 0.707 0 0.707 0.707 6141.dat
1 46 -180 -165.071 264.787 -1 0 0 0 -0.707 0.707 0 0.707 0.707 6141.dat
1 46 180 -165.071 264.787 -1 0 0 0 -0.707 0.707 0 0.707 0.707 6141.dat
1 46 200 -165.071 264.787 -1 0 0 0 -0.707 0.707 0 0.707 0.707 6141.dat
1 8 -370 -176 430 1 0 0 0 1 0 0 0 1 2450.dat
1 8 -230 -176 430 0 0 1 0 1 0 -1 0 0 2450.dat
1 8 230 -176 430 1 0 0 0 1 0 0 0 1 2450.dat
1 8 370 -176 430 0 0 1 0 1 0 -1 0 0 2450.dat
1 8 -280 -176 180 1 0 0 0 1 0 0 0 1 2445.dat
1 8 280 -176 180 1 0 0 0 1 0 0 0 1 2445.dat
1 8 -300 -176 150 1 0 0 0 1 0 0 0 1 4477.dat
1 8 -170 -176 150 1 0 0 0 1 0 0 0 1 3623.dat
1 8 170 -176 150 1 0 0 0 1 0 0 0 1 3623.dat
1 8 300 -176 150 1 0 0 0 1 0 0 0 1 4477.dat
1 15 -170 -192 310 0 0 1 0 1 0 -1 0 0 4286.dat
1 15 0 -192 310 1 0 0 0 1 0 0 0 1 2465.dat
1 15 170 -192 310 0 0 -1 0 1 0 1 0 0 4286.dat
1 7 -150 -200 310 1 0 0 0 1 0 0 0 1 3623.dat
1 7 150 -200 310 1 0 0 0 1 0 0 0 1 3623.dat
1 15 -380 -200 190 1 0 0 0 1 0 0 0 1 3039.dat
1 15 -280 -200 190 1 0 0 0 1 0 0 0 1 4445.dat
1 15 -170 -200 190 0 0 1 0 1 0 -1 0 0 3046.dat
1 15 170 -200 190 1 0 0 0 1 0 0 0 1 3046.dat
1 15 280 -200 190 1 0 0 0 1 0 0 0 1 4445.dat
1 15 380 -200 190 1 0 0 0 1 0 0 0 1 3039.dat
1 15 -170 -200 150 0 0 1 0 1 0 -1 0 0 3040.dat
1 15 170 -200 150 0 0 -1 0 1 0 1 0 0 3040.dat
1 15 -150 -200 130 0 0 1 0 1 0 -1 0 0 3622.dat
1 15 150 -200 130 0 0 1 0 1 0 -1 0 0 3622.dat
1 46 -150 -176 130 1 0 0 0 1 0 0 0 1 6141.dat
1 46 150 -176 130 1 0 0 0 1 0 0 0 1 6141.dat
1 46 -150 -176 110 1 0 0 0 1 0 0 0 1 6141.dat
1 46 150 -176 110 1 0 0 0 1 0 0 0 1 6141.dat
1 9 -150 -208 310 1 0 0 0 1 0 0 0 1 3623.dat
1 9 150 -208 310 1 0 0 0 1 0 0 0 1 3623.dat
1 0 -160 -208 150 1 0 0 0 1 0 0 0 1 2412.dat
1 0 160 -208 150 1 0 0 0 1 0 0 0 1 2412.dat
1 8 -150 -200 130 1 0 0 0 1 0 0 0 1 54200.dat
1 8 150 -200 130 1 0 0 0 1 0 0 0 1 54200.dat
1 0 -160 -216 310 1 0 0 0 1 0 0 0 1 2412.dat
1 0 160 -216 310 1 0 0 0 1 0 0 0 1 2412.dat
1 15 -300 -224 190 1 0 0 0 1 0 0 0 1 30414.dat
1 15 -190 -224 190 1 0 0 0 1 0 0 0 1 3062.dat
1 15 190 -224 190 1 0 0 0 1 0 0 0 1 3062.dat
1 15 300 -224 190 1 0 0 0 1 0 0 0 1 30414.dat
1 0 -130 -232 310 1 0 0 0 1 0 0 0 1 4589.dat
1 0 130 -232 310 1 0 0 0 1 0 0 0 1 4589.dat
1 0 -300 -232 190 1 0 0 0 1 0 0 0 1 3710.dat
1 0 300 -232 190 1 0 0 0 1 0 0 0 1 3710.dat
1 7 -300 -240 190 1 0 0 0 1 0 0 0 1 3710.dat
1 7 300 -240 190 1 0 0 0 1 0 0 0 1 3710.dat
1 15 -190 -248 190 1 0 0 0 1 0 0 0 1 3062.dat
1 15 190 -248 190 1 0 0 0 1 0 0 0 1 3062.dat
1 15 -190 -252 190 1 0 0 0 1 0 0 0 1 4095.dat
1 15 190 -252 190 1 0 0 0 1 0 0 0 1 4095.dat
1 15 -300 -264 190 1 0 0 0 1 0 0 0 1 30414.dat
1 15 300 -264 190 1 0 0 0 1 0 0 0 1 30414.dat
1 7 -300 -260 156 1 0 0 0 0 -1 0 1 0 4515.dat
1 7 300 -260 156 1 0 0 0 0 -1 0 1 0 4515.dat
1 15 -190 -368 190 0 0 1 0 1 0 -1 0 0 2335.dat
1 15 190 -368 190 0 0 1 0 1 0 -1 0 0 2335.dat
1 9 -140 -216 220 0 0 1 0 1 0 -1 0 0 3738.dat
1 9 140 -216 220 0 0 1 0 1 0 -1 0 0 3738.dat
1 15 0 -240 290 1 0 0 0 1 0 0 0 1 32018.dat
1 7 -150 -240 240 0 0 1 0 1 0 -1 0 0 3008.dat
1 7 150 -240 240 0 0 1 0 1 0 -1 0 0 3008.dat
1 15 0 -240 150 1 0 0 0 1 0 0 0 1 2465.dat
1 8 0 -248 300 1 0 0 0 1 0 0 0 1 4282.dat
1 8 -130 -248 170 0 0 -1 0 1 0 1 0 0 2450.dat
1 8 130 -248 170 -1 0 0 0 1 0 0 0 -1 2450.dat
1 8 0 -248 150 1 0 0 0 1 0 0 0 1 4477.dat
1 8 -140 -272 310 1 0 0 0 1 0 0 0 1 3937.dat
1 8 140 -272 310 1 0 0 0 1 0 0 0 1 3937.dat
1 9 -140 -271.91 308.64 -1 0 0 0 0.991 0.136 0 0.136 -0.991 6134.dat
1 9 140 -271.91 308.64 -1 0 0 0 0.991 0.136 0 0.136 -0.991 6134.dat
1 7 0 -262.39 239.27 1 0 0 0 0.991 -0.136 0 0.136 0.991 3832.dat
1 0 -80 -270.318 238.182 1 0 0 0 0.991 -0.136 0 0.136 0.991 41539.dat
1 0 80 -270.318 238.182 1 0 0 0 0.991 -0.136 0 0.136 0.991 41539.dat
1 15 -140 -286.406 296.554 1 0 0 0 0.991 -0.136 0 0.136 0.991 3068.dat
1 0 -100 -286.406 296.554 1 0 0 0 0.991 -0.136 0 0.136 0.991 3068.dat
1 15 -60 -286.406 296.554 1 0 0 0 0.991 -0.136 0 0.136 0.991 3068.dat
1 0 -20 -286.406 296.554 1 0 0 0 0.991 -0.136 0 0.136 0.991 3068.dat
1 15 20 -286.406 296.554 1 0 0 0 0.991 -0.136 0 0.136 0.991 3068.dat
1 0 60 -286.406 296.554 1 0 0 0 0.991 -0.136 0 0.136 0.991 3068.dat
1 15 100 -286.406 296.554 1 0 0 0 0.991 -0.136 0 0.136 0.991 3068.dat
1 0 140 -286.406 296.554 1 0 0 0 0.991 -0.136 0 0.136 0.991 3068.dat
1 0 -140 -280.966 256.914 1 0 0 0 0.991 -0.136 0 0.136 0.991 3068.dat
1 15 -100 -280.966 256.914 1 0 0 0 0.991 -0.136 0 0.136 0.991 3068.dat
1 0 -60 -280.966 256.914 1 0 0 0 0.991 -0.136 0 0.136 0.991 3068.dat
1 15 -20 -280.966 256.914 1 0 0 0 0.991 -0.136 0 0.136 0.991 3068.dat
1 0 20 -280.966 256.914 1 0 0 0 0.991 -0.136 0 0.136 0.991 3068.dat
1 15 60 -280.966 256.914 1 0 0 0 0.991 -0.136 0 0.136 0.991 3068.dat
1 0 100 -280.966 256.914 1 0 0 0 0.991 -0.136 0 0.136 0.991 3068.dat
1 15 140 -280.966 256.914 1 0 0 0 0.991 -0.136 0 0.136 0.991 3068.dat
1 15 -140 -275.526 217.274 1 0 0 0 0.991 -0.136 0 0.136 0.991 3068.dat
1 0 -100 -275.526 217.274 1 0 0 0 0.991 -0.136 0 0.136 0.991 3068.dat
1 15 -60 -275.526 217.274 1 0 0 0 0.991 -0.136 0 0.136 0.991 3068.dat
1 0 -20 -275.526 217.274 1 0 0 0 0.991 -0.136 0 0.136 0.991 3068.dat
1 15 20 -275.526 217.274 1 0 0 0 0.991 -0.136 0 0.136 0.991 3068.dat
1 0 60 -275.526 217.274 1 0 0 0 0.991 -0.136 0 0.136 0.991 3068.dat
1 15 100 -275.526 217.274 1 0 0 0 0.991 -0.136 0 0.136 0.991 3068.dat
1 0 140 -275.526 217.274 1 0 0 0 0.991 -0.136 0 0.136 0.991 3068.dat
1 0 -140 -270.086 177.634 1 0 0 0 0.991 -0.136 0 0.136 0.991 3068.dat
1 15 -100 -270.086 177.634 1 0 0 0 0.991 -0.136 0 0.136 0.991 3068.dat
1 0 -60 -270.086 177.634 1 0 0 0 0.991 -0.136 0 0.136 0.991 3068.dat
1 15 -20 -270.086 177.634 1 0 0 0 0.991 -0.136 0 0.136 0.991 3068.dat
1 0 20 -270.086 177.634 1 0 0 0 0.991 -0.136 0 0.136 0.991 3068.dat
1 15 60 -270.086 177.634 1 0 0 0 0.991 -0.136 0 0.136 0.991 3068.dat
1 0 100 -270.086 177.634 1 0 0 0 0.991 -0.136 0 0.136 0.991 3068.dat
1 15 140 -270.086 177.634 1 0 0 0 0.991 -0.136 0 0.136 0.991 3068.dat
1 7 540 -4 100 0.707 0 0.707 0 1 0 -0.707 0 0.707 4032.dat
1 15 540 -12 100 0.707 0 0.707 0 1 0 -0.707 0 0.707 3957.dat
1 15 540 -84 100 0.707 0 0.707 0 1 0 -0.707 0 0.707 30258.dat
1 0 -300 -22 440 1 0 0 0 0.526 -0.851 0 0.851 0.526 3705.dat
1 0 -305 -56.04 461.04 0 1 0 0.851 0 -0.526 -0.526 0 -0.851 32250.dat
1 0 -295 -56.04 461.04 0 1 0 0.851 0 -0.526 -0.526 0 -0.851 32250.dat
1 7 -315 -22 440 0 0 1 0.851 0.526 0 -0.526 0.851 0 32123.dat
1 7 -285 -22 440 0 0 1 0.851 0.526 0 -0.526 0.851 0 32123.dat
1 0 -340 -22 440 0 0 1 0.851 0.526 0 -0.526 0.851 0 59443.dat
1 0 -260 -22 440 0 0 1 0.851 0.526 0 -0.526 0.851 0 59443.dat
1 18 -360 -22 440 1 0 0 0 0.526 -0.851 0 0.851 0.526 3749.dat
1 18 -240 -22 440 -1 0 0 0 0.526 0.851 0 0.851 -0.526 3749.dat
1 7 -290 -87.6 409.98 1 0 0 0 0.526 -0.851 0 0.851 0.526 4459.dat
1 7 -300 -87.565 409.98 1 0 0 0 0.661 0.75 0 -0.75 0.661 4519.dat
1 4 -315 -87.565 409.98 0 -1 0 0.75 0 -0.661 0.661 0 0.75 6632.dat
1 4 -285 -87.565 409.98 0 -1 0 0.75 0 -0.661 0.661 0 0.75 6632.dat
1 7 -300 -114.005 439.98 1 0 0 0 0.661 0.75 0 -0.75 0.661 4519.dat
1 7 -325 -87.565 409.98 0 0 1 -0.75 0.661 0 -0.661 -0.75 0 32123.dat
1 7 -275 -87.565 409.98 0 0 1 -0.75 0.661 0 -0.661 -0.75 0 32123.dat
1 7 -325 -114.005 439.98 0 0 1 -0.75 0.661 0 -0.661 -0.75 0 32123.dat
1 7 -275 -114.005 439.98 0 0 1 -0.75 0.661 0 -0.661 -0.75 0 32123.dat
1 0 -300 -184 440 0 -1 0 1 0 0 0 0 1 3706.dat
1 0 -300 -114 440 1 0 0 0 0 1 0 -1 0 32013.dat
1 4 -300 -220 440 -1 0 0 0 -1 0 0 0 1 3941.dat
1 0 -300 -244 440 -1 0 0 0 -1 0 0 0 1 2654.dat
1 0 300 -22 440 1 0 0 0 0.526 -0.851 0 0.851 0.526 3705.dat
1 0 295 -56.04 461.04 0 1 0 0.851 0 -0.526 -0.526 0 -0.851 32250.dat
1 0 305 -56.04 461.04 0 1 0 0.851 0 -0.526 -0.526 0 -0.851 32250.dat
1 7 285 -22 440 0 0 1 0.851 0.526 0 -0.526 0.851 0 32123.dat
1 7 315 -22 440 0 0 1 0.851 0.526 0 -0.526 0.851 0 32123.dat
1 0 260 -22 440 0 0 1 0.851 0.526 0 -0.526 0.851 0 59443.dat
1 0 340 -22 440 0 0 1 0.851 0.526 0 -0.526 0.851 0 59443.dat
1 18 240 -22 440 1 0 0 0 0.526 -0.851 0 0.851 0.526 3749.dat
1 18 360 -22 440 -1 0 0 0 0.526 0.851 0 0.851 -0.526 3749.dat
1 7 310 -87.6 409.98 1 0 0 0 0.526 -0.851 0 0.851 0.526 4459.dat
1 7 300 -87.565 409.98 1 0 0 0 0.661 0.75 0 -0.75 0.661 4519.dat
1 4 285 -87.565 409.98 0 -1 0 0.75 0 -0.661 0.661 0 0.75 6632.dat
1 4 315 -87.565 409.98 0 -1 0 0.75 0 -0.661 0.661 0 0.75 6632.dat
1 7 300 -114.005 439.98 1 0 0 0 0.661 0.75 0 -0.75 0.661 4519.dat
1 7 275 -87.565 409.98 0 0 1 -0.75 0.661 0 -0.661 -0.75 0 32123.dat
1 7 325 -87.565 409.98 0 0 1 -0.75 0.661 0 -0.661 -0.75 0 32123.dat
1 7 275 -114.005 439.98 0 0 1 -0.75 0.661 0 -0.661 -0.75 0 32123.dat
1 7 325 -114.005 439.98 0 0 1 -0.75 0.661 0 -0.661 -0.75 0 32123.dat
1 0 300 -184 440 0 -1 0 1 0 0 0 0 1 3706.dat
1 0 300 -114 440 1 0 0 0 0 1 0 -1 0 32013.dat
1 4 300 -220 440 -1 0 0 0 -1 0 0 0 1 3941.dat
1 0 300 -244 440 -1 0 0 0 -1 0 0 0 1 2654.dat
1 7 -160 -8 440 -1 0 0 0 1 0 0 0 -1 3679.dat
1 0 -80 -16 520 0 0 -1 0 1 0 1 0 0 3832.dat
1 0 -160 -16 520 0 0 -1 0 1 0 1 0 0 3832.dat
1 9 -120 -24 440 -1 0 0 0 1 0 0 0 -1 3795.dat
1 9 -120 -24 580 -1 0 0 0 1 0 0 0 -1 3795.dat
1 0 -80 -24 610 -1 0 0 0 1 0 0 0 -1 48336.dat
1 0 -160 -24 610 -1 0 0 0 1 0 0 0 -1 48336.dat
1 8 -80 -32 440 1 0 0 0 1 0 0 0 1 3176.dat
1 8 -160 -32 440 1 0 0 0 1 0 0 0 1 3176.dat
1 8 -80 -32 580 -1 0 0 0 1 0 0 0 -1 3022.dat
1 8 -160 -32 580 -1 0 0 0 1 0 0 0 -1 3022.dat
1 8 -80 -24 670 -1 0 0 0 1 0 0 0 -1 30350.dat
1 8 -160 -24 670 -1 0 0 0 1 0 0 0 -1 30350.dat
1 9 -80 -32 410 1 0 0 0 -1 0 0 0 -1 3062.dat
1 9 -160 -32 410 1 0 0 0 -1 0 0 0 -1 3062.dat
1 8 -70 -40 520 0 0 -1 0 1 0 1 0 0 4162.dat
1 8 -90 -40 520 0 0 -1 0 1 0 1 0 0 4162.dat
1 8 -150 -40 520 0 0 -1 0 1 0 1 0 0 4162.dat
1 8 -170 -40 520 0 0 -1 0 1 0 1 0 0 4162.dat
1 8 -70 -24 610 -1 0 0 0 1 0 0 0 -1 54200.dat
1 8 -90 -24 610 -1 0 0 0 1 0 0 0 -1 54200.dat
1 8 -150 -24 610 -1 0 0 0 1 0 0 0 -1 54200.dat
1 8 -170 -24 610 -1 0 0 0 1 0 0 0 -1 54200.dat
1 7 -100 -8 280 0.866 0 -0.5 0 1 0 0.5 0 0.866 3679.dat
1 7 -113.66 -32 283.66 0.866 0 -0.5 0 1 0 0.5 0 0.866 3062.dat
1 7 -96.34 -32 293.66 0.866 0 -0.5 0 1 0 0.5 0 0.866 3062.dat
1 0 -105 -40 288.66 0.866 0 -0.5 0 1 0 0.5 0 0.866 2436.dat
1 42 -123.98 -30 261.536 0 -0.5 0.866 1 0 0 0 0.866 0.5 54200.dat
1 8 -102.66 -30 264.608 0.866 -0.5 0 0 0 -1 0.5 0.866 0 6141.dat
1 8 -85.34 -30 274.608 0.866 -0.5 0 0 0 -1 0.5 0.866 0 6141.dat
1 42 -72.02 -30 291.536 0 -0.5 -0.866 -1 0 0 0 0.866 -0.5 54200.dat
1 0 -90 -30 262.68 0.866 -0.5 0 0 0 -1 0.5 0.866 0 2412.dat
1 7 -140 -8 220 0.866 0 -0.5 0 1 0 0.5 0 0.866 3679.dat
1 7 -140 -32 220 0.866 0 -0.5 0 1 0 0.5 0 0.866 3062.dat
1 25 -140 -40 220 0.866 0 -0.5 0 1 0 0.5 0 0.866 44674.dat
1 15 -140 -72 220 0.866 0 -0.5 0 1 0 0.5 0 0.866 50943.dat
1 7 -40 -8 220 0.866 0 0.5 0 1 0 -0.5 0 0.866 3679.dat
1 7 -43.66 -32 233.66 0.866 0 0.5 0 1 0 -0.5 0 0.866 3062.dat
1 7 -26.34 -32 223.66 0.866 0 0.5 0 1 0 -0.5 0 0.866 3062.dat
1 0 -40 -40 220 0.866 0 0.5 0 1 0 -0.5 0 0.866 50946.dat
1 7 40 -8 220 0.866 0 0.5 0 1 0 -0.5 0 0.866 3679.dat
1 7 45 -32 228.66 0.866 0 0.5 0 1 0 -0.5 0 0.866 3004.dat
1 0 36.34 -40 233.66 -0.5 0 0.866 0 1 0 -0.866 0 -0.5 2555.dat
1 0 53.66 -40 223.66 -0.5 0 0.866 0 1 0 -0.866 0 -0.5 2555.dat
1 15 36.536 -55.501 253.9986 0.866 0.191341 0.46194 0 0.92388 -0.382683 -0.5 0.331403 0.80008 48336.dat
1 15 71.176 -55.501 233.9986 0.866 0.191341 0.46194 0 0.92388 -0.382683 -0.5 0.331403 0.80008 48336.dat
1 15 52.3255 -62.892 241.3478 0.866 0.191341 0.46194 0 0.92388 -0.382683 -0.5 0.331403 0.80008 2431.dat
1 7 140 -8 220 0.707 0 0.707 0 1 0 -0.707 0 0.707 3679.dat
1 4 140 -16 220 0.707 0 0.707 0 1 0 -0.707 0 0.707 3022.dat
1 0 140 -40 234.14 -0.707 0 -0.707 0 1 0 0.707 0 -0.707 4070.dat
1 0 154.14 -40 220 -0.707 0 -0.707 0 1 0 0.707 0 -0.707 4070.dat
1 0 125.86 -40 220 0.707 0 0.707 0 1 0 -0.707 0 0.707 4070.dat
1 0 140 -40 205.86 0.707 0 0.707 0 1 0 -0.707 0 0.707 4070.dat
1 7 161.21 -30 255.35 -0.499925 -0.707 -0.499925 0.707107 0 -0.707107 0.499925 -0.707 0.499925 4599.dat
1 7 175.35 -30 241.21 -0.499925 -0.707 0.499925 -0.707107 0 -0.707107 0.499925 -0.707 -0.499925 4599.dat
1 7 104.65 -30 198.79 0.499925 0.707 -0.499925 -0.707107 0 -0.707107 -0.499925 0.707 0.499925 4599.dat
1 7 118.79 -30 184.65 0.499925 0.707 0.499925 0.707107 0 -0.707107 -0.499925 0.707 -0.499925 4599.dat
1 0 151.3834 -39.899 259.5206 0.499925 -0.707 0.499925 -0.707107 0 0.707107 -0.499925 -0.707 -0.499925 51719.dat
1 0 179.5206 -39.899 231.3834 0.499925 -0.707 -0.499925 0.707107 0 0.707107 -0.499925 -0.707 0.499925 51719.dat
1 0 100.4794 -39.899 208.6166 0.499925 -0.707 0.499925 -0.707107 0 0.707107 -0.499925 -0.707 -0.499925 51719.dat
1 0 128.6166 -39.899 180.4794 0.499925 -0.707 -0.499925 0.707107 0 0.707107 -0.499925 -0.707 0.499925 51719.dat
1 4 140 -48 220 0.707 0 0.707 0 1 0 -0.707 0 0.707 3022.dat
1 0 140 -72 234.14 -0.707 0 0.707 0 1 0 -0.707 0 -0.707 4070.dat
1 0 154.14 -72 220 0.707 0 -0.707 0 1 0 0.707 0 0.707 4070.dat
1 0 125.86 -72 220 -0.707 0 0.707 0 1 0 -0.707 0 -0.707 4070.dat
1 0 140 -72 205.86 0.707 0 -0.707 0 1 0 0.707 0 0.707 4070.dat
1 7 118.79 -62 255.35 -0.499925 0.707 0.499925 -0.707107 0 -0.707107 -0.499925 -0.707 0.499925 4599.dat
1 7 175.35 -62 198.79 0.499925 -0.707 0.499925 0.707107 0 -0.707107 0.499925 0.707 0.499925 4599.dat
1 7 104.65 -62 241.21 -0.499925 0.707 -0.499925 0.707107 0 -0.707107 -0.499925 -0.707 -0.499925 4599.dat
1 7 161.21 -62 184.65 0.499925 -0.707 -0.499925 -0.707107 0 -0.707107 0.499925 0.707 -0.499925 4599.dat
1 7 130.6167 -74.728 261.5207 0.707 -0.499925 -0.499925 0 -0.707107 0.707107 -0.707 -0.499925 -0.499925 30027.dat
1 15 181.5207 -74.728 210.6167 0.707 -0.499925 -0.499925 0 -0.707107 0.707107 -0.707 -0.499925 -0.499925 30027.dat
1 7 98.4793 -74.728 229.3833 0.707 -0.499925 0.499925 0 0.707107 0.707107 -0.707 -0.499925 0.499925 30027.dat
1 15 149.3833 -74.728 178.4793 0.707 -0.499925 0.499925 0 0.707107 0.707107 -0.707 -0.499925 0.499925 30027.dat
1 7 140 -80 220 0.707 0 0.707 0 1 0 -0.707 0 0.707 4150.dat
