0 
0 Name: New Model.ldr
0 Author: 
1 0 270 -72 -240 0 0 -1 0 1 0 1 0 0 2362.dat
1 0 240 -72 -270 1 0 0 0 1 0 0 0 1 2362.dat
1 0 210 -72 -240 0 0 1 0 1 0 -1 0 0 2362.dat
1 0 240 -72 -210 -1 0 0 0 1 0 0 0 -1 2362.dat
1 1 210 -72 -270 0 0 1 0 1 0 -1 0 0 3685.dat
1 1 270 -72 -270 1 0 0 0 1 0 0 0 1 3685.dat
1 1 270 -72 -210 0 0 -1 0 1 0 1 0 0 3685.dat
1 1 210 -72 -210 -1 0 0 0 1 0 0 0 -1 3685.dat
1 0 240 -96 -240 0 0 -1 0 1 0 1 0 0 3403.dat
1 0 240 -96 -240 -0.608734 0 0.793337 0 1 0 -0.793337 0 -0.608734 3404.dat
1 7 264.3494 -104 -208.2665 -0.608734 0 0.793337 0 1 0 -0.793337 0 -0.608734 3034.dat
1 7 263.8001 -104 -258.262 -0.608734 0 0.793337 0 1 0 -0.793337 0 -0.608734 3710.dat
1 7 216.1999 -104 -221.738 -0.608734 0 0.793337 0 1 0 -0.793337 0 -0.608734 3710.dat
1 0 270.4367 -112 -200.3331 -0.793337 0 -0.608734 0 1 0 0.608734 0 -0.793337 3023.dat
1 1 233.9127 -128 -247.9334 -0.793337 0 -0.608734 0 1 0 0.608734 0 -0.793337 3298.dat
1 7 237.6047 -128 -275.9748 0.793337 0 0.608734 0 1 0 -0.608734 0 0.793337 3660.dat
1 7 205.8712 -128 -251.6254 0.793337 0 0.608734 0 1 0 -0.608734 0 0.793337 3660.dat
1 0 210.1125 -128 -229.6714 -0.793337 0 -0.608734 0 1 0 0.608734 0 -0.793337 4286.dat
1 0 257.7128 -128 -266.1954 -0.793337 0 -0.608734 0 1 0 0.608734 0 -0.793337 4286.dat
1 0 294.7861 -112 -168.5997 -0.793337 0 -0.608734 0 1 0 0.608734 0 -0.793337 2419.dat
1 0 245.5381 -152 -282.0621 -0.793337 0 -0.608734 0 1 0 0.608734 0 -0.793337 3040.dat
1 0 197.9379 -152 -245.5381 -0.793337 0 -0.608734 0 1 0 0.608734 0 -0.793337 3040.dat
1 1 221.738 -152 -263.8001 -0.793337 0 -0.608734 0 1 0 0.608734 0 -0.793337 3039.dat
1 1 319.1354 -118 -136.8662 0.793337 0 0.608734 0 1 0 -0.608734 0 0.793337 3149.dat
1 4 319.1354 -118 -136.8662 0.793337 0 0.608734 0 1 0 -0.608734 0 0.793337 313.dat
1 7 233.3634 -152 -297.9289 0.793337 0 0.608734 0 1 0 -0.608734 0 0.793337 3665.dat
1 7 185.7632 -152 -261.4048 0.793337 0 0.608734 0 1 0 -0.608734 0 0.793337 3665.dat
1 0 233.3634 -176 -297.9289 -0.793337 0 -0.608734 0 1 0 0.608734 0 -0.793337 3040.dat
1 0 185.7632 -176 -261.4048 -0.793337 0 -0.608734 0 1 0 0.608734 0 -0.793337 3040.dat
1 42 221.1887 -176 -313.7956 -0.793337 0 -0.608734 0 1 0 0.608734 0 -0.793337 4589.dat
1 42 173.5885 -176 -277.2716 -0.793337 0 -0.608734 0 1 0 0.608734 0 -0.793337 4589.dat
1 7 227.2761 -200 -305.8622 -0.608734 0 0.793337 0 1 0 -0.793337 0 -0.608734 2458.dat
1 7 179.6759 -200 -269.3382 0.608734 0 -0.793337 0 1 0 0.793337 0 0.608734 2458.dat
1 1 319.1354 -118 -136.8662 0.793337 -0.208187 0.572027 0 0.9397 0.342 -0.608734 -0.271321 0.745499 314.dat
1 0 294.2814 -152.0146 -169.2573 0.793337 -0.208187 0.572027 0 0.9397 0.342 -0.608734 -0.271321 0.745499 3597.dat
1 0 313.1077 -149.2722 -144.7218 0.793337 -0.208187 0.572027 0 0.9397 0.342 -0.608734 -0.271321 0.745499 3794.dat
1 33 314.7732 -156.7898 -142.5512 0.793337 -0.208187 0.572027 0 0.9397 0.342 -0.608734 -0.271321 0.745499 6141.dat
1 0 307.755 -199.6952 -151.6978 0.793337 0.352783 0.496083 0 0.814942 -0.579536 -0.608734 0.459767 0.646524 3315.dat
1 7 319.8152 -223.6008 -135.9802 0.793337 0.352783 0.496083 0 0.814942 -0.579536 -0.608734 0.459767 0.646524 3023.dat
1 7 290.0503 -188.8286 -174.7716 0.793337 0.352783 0.496083 0 0.814942 -0.579536 -0.608734 0.459767 0.646524 4477.dat
1 1 327.6202 -240.0812 -125.8083 0.793337 0.352783 0.496083 0 0.814942 -0.579536 -0.608734 0.459767 0.646524 3149.dat
1 4 327.6202 -240.0812 -125.8083 0.793337 0.352783 0.496083 0 0.814942 -0.579536 -0.608734 0.459767 0.646524 313.dat
1 1 327.6202 -240.0812 -125.8083 0.793337 0.14519 0.591124 0 0.971071 -0.238512 -0.608734 0.18922 0.770387 314.dat
1 1 248.1607 -226.5539 -229.3646 0.793337 0.14519 0.591124 0 0.971071 -0.238512 -0.608734 0.18922 0.770387 4732.dat
1 0 202.0322 -199.7044 -289.4818 0.793337 0.14519 0.591124 0 0.971071 -0.238512 -0.608734 0.18922 0.770387 2817.dat
1 7 194.9595 -205.0879 -298.6994 0.793337 0.14519 0.591124 0 0.971071 -0.238512 -0.608734 0.18922 0.770387 3023.dat
1 0 313.1843 -252.7902 -144.622 -0.793337 0.14519 -0.591124 0 0.971071 0.238512 0.608734 0.18922 -0.770387 4596.dat
1 0 300.2003 -255.7885 -161.5435 0.591124 0.14519 -0.793337 -0.238512 0.971071 0 0.770387 0.18922 0.608734 3021.dat
1 0 199.7092 -215.2415 -292.5093 0.591124 0.14519 -0.793337 -0.238512 0.971071 0 0.770387 0.18922 0.608734 3022.dat
1 42 354.8534 -267.5439 -90.3165 -0.14519 0.591124 -0.793337 -0.971071 -0.238512 0 -0.18922 0.770387 0.608734 6141.dat
1 33 359.5824 -269.452 -84.1534 -0.14519 0.591124 -0.793337 -0.971071 -0.238512 0 -0.18922 0.770387 0.608734 4589.dat
1 0 270.6441 -243.863 -200.0629 -0.793337 0.14519 -0.591124 0 0.971071 0.238512 0.608734 0.18922 -0.770387 3795.dat
1 1 263.5714 -249.2464 -209.2805 -0.793337 0.14519 -0.591124 0 0.971071 0.238512 0.608734 0.18922 -0.770387 3023.dat
1 7 293.2827 -251.6315 -219.8386 0.591124 0.14519 -0.793337 -0.238512 0.971071 0 0.770387 0.18922 0.608734 2431.dat
1 7 245.6825 -251.6315 -183.3146 0.591124 0.14519 -0.793337 -0.238512 0.971071 0 0.770387 0.18922 0.608734 2431.dat
1 0 262.4098 -257.015 -210.7942 0.793337 0.14519 0.591124 0 0.971071 -0.238512 -0.608734 0.18922 0.770387 3069.dat
1 1 227.4927 -267.1687 -174.1674 -0.591124 0.14519 0.793337 0.238512 0.971071 0 -0.770387 0.18922 -0.608734 4865.dat
1 1 306.8264 -267.1687 -235.0408 0.591124 0.14519 -0.793337 -0.238512 0.971071 0 0.770387 0.18922 0.608734 4865.dat
1 0 190.3134 -236.1621 -304.7544 -0.793337 0.14519 -0.591124 0 0.971071 0.238512 0.608734 0.18922 -0.770387 3937.dat
1 0 232.75 -203.8614 -249.4486 -0.793337 0.14519 -0.591124 0 0.971071 0.238512 0.608734 0.18922 -0.770387 3023.dat
1 0 244.5725 -208.6317 -234.0409 -0.793337 0.14519 -0.591124 0 0.971071 0.238512 0.608734 0.18922 -0.770387 3069.dat
1 7 197.2797 -230.6852 -295.6755 -0.793337 -0.551441 -0.257723 0 0.423375 -0.905881 0.608734 -0.718669 -0.335879 3938.dat
1 33 272.2756 -288.2642 -197.9366 0.793337 -0.551441 0.257723 0 0.423375 0.905881 -0.608734 -0.718669 0.335879 2466.dat
1 42 293.4436 -298.4252 -186.7758 0.793337 -0.551441 0.257723 0 0.423375 0.905881 -0.608734 -0.718669 0.335879 4589.dat
1 42 277.5768 -298.4252 -174.6012 0.793337 -0.551441 0.257723 0 0.423375 0.905881 -0.608734 -0.718669 0.335879 4589.dat
1 0 234.3664 -188.1045 -115.9295 -0.496083 0.352783 0.793337 0.579536 0.814942 0 -0.646524 0.459767 -0.608734 4285.dat
1 0 361.3003 -188.1045 -213.327 -0.496083 0.352783 0.793337 0.579536 0.814942 0 -0.646524 0.459767 -0.608734 4285.dat
1 7 236.505 -200.4194 -113.1424 -0.793337 0.352783 -0.496083 0 0.814942 0.579536 0.608734 0.459767 -0.646524 3023.dat
1 7 363.4389 -200.4194 -210.5399 -0.793337 0.352783 -0.496083 0 0.814942 0.579536 0.608734 0.459767 -0.646524 3023.dat
1 7 364.1226 -181.5849 -209.6488 -0.793337 0.352783 -0.496083 0 0.814942 0.579536 0.608734 0.459767 -0.646524 4740.dat
1 7 237.1887 -181.5849 -112.2514 -0.793337 0.352783 -0.496083 0 0.814942 0.579536 0.608734 0.459767 -0.646524 4740.dat
1 42 366.9449 -175.0654 -205.9707 -0.793337 0.352783 -0.496083 0 0.814942 0.579536 0.608734 0.459767 -0.646524 4589.dat
1 42 240.0109 -175.0654 -108.5732 -0.793337 0.352783 -0.496083 0 0.814942 0.579536 0.608734 0.459767 -0.646524 4589.dat
