0 Main
0 Name: 6970-1 - Beta I Command Base.mpd
0 Author: LTRON
1 1 200 0 60 1 0 0 0 1 0 0 0 1 3029.dat
1 1 200 0 -20 1 0 0 0 1 0 0 0 1 3029.dat
1 1 -40 0 60 1 0 0 0 1 0 0 0 1 3029.dat
1 1 -40 0 -20 1 0 0 0 1 0 0 0 1 3029.dat
1 1 300 8 0 0 0 1 0 1 0 -1 0 0 3006.dat
1 1 80 8 0 0 0 1 0 1 0 -1 0 0 3006.dat
1 1 -140 8 90 -1 0 0 0 1 0 0 0 -1 3004.dat
1 1 -150 8 0 0 0 -1 0 1 0 1 0 0 3008.dat
1 7 300 32 80 0 0 -1 0 1 0 1 0 0 3940.dat
1 7 300 32 -80 0 0 -1 0 1 0 1 0 0 3940.dat
1 7 80 32 80 0 0 -1 0 1 0 1 0 0 3940.dat
1 7 80 32 -80 0 0 -1 0 1 0 1 0 0 3940.dat
1 7 -140 32 80 0 0 -1 0 1 0 1 0 0 3940.dat
1 7 -160 32 -80 0 0 -1 0 1 0 1 0 0 3940.dat
1 1 310 -24 90 -1 0 0 0 1 0 0 0 -1 3665.dat
1 1 80 -24 90 -1 0 0 0 1 0 0 0 -1 3660.dat
1 1 -150 -24 90 -1 0 0 0 1 0 0 0 -1 3665.dat
1 1 -160 8 -90 -1 0 0 0 1 0 0 0 -1 3004.dat
1 1 310 -24 20 0 0 1 0 1 0 -1 0 0 3009.dat
1 1 260 -24 90 1 0 0 0 1 0 0 0 1 3010.dat
1 1 160 -24 90 1 0 0 0 1 0 0 0 1 3009.dat
1 1 0 -24 90 1 0 0 0 1 0 0 0 1 3009.dat
1 1 -100 -24 90 1 0 0 0 1 0 0 0 1 3010.dat
1 1 -150 -24 20 0 0 -1 0 1 0 1 0 0 3009.dat
1 14 240 -8 70 -1 0 0 0 1 0 0 0 -1 3023.dat
1 14 240 -8 -30 -1 0 0 0 1 0 0 0 -1 3023.dat
1 14 160 -8 70 -1 0 0 0 1 0 0 0 -1 3023.dat
1 14 160 -8 -30 -1 0 0 0 1 0 0 0 -1 3023.dat
1 14 40 -8 40 -1 0 0 0 1 0 0 0 -1 3680.dat
1 14 -80 -8 40 -1 0 0 0 1 0 0 0 -1 3680.dat
1 14 240 -16 20 0 0 1 0 1 0 -1 0 0 3795.dat
1 14 160 -16 20 0 0 1 0 1 0 -1 0 0 3795.dat
1 14 100 -24 70 -1 0 0 0 1 0 0 0 -1 3004.dat
1 14 100 -24 10 -1 0 0 0 1 0 0 0 -1 3004.dat
1 1 310 -48 20 0 0 1 0 1 0 -1 0 0 3009.dat
1 1 310 -48 110 0 0 1 0 1 0 -1 0 0 3005.dat
1 1 290 -48 90 1 0 0 0 1 0 0 0 1 3622.dat
1 1 80 -48 110 1 0 0 0 1 0 0 0 1 3004.dat
1 1 80 -48 90 1 0 0 0 1 0 0 0 1 3009.dat
1 1 -150 -48 110 -1 0 0 0 1 0 0 0 -1 3005.dat
1 1 -130 -48 90 -1 0 0 0 1 0 0 0 -1 3622.dat
1 1 -150 -48 60 0 0 -1 0 1 0 1 0 0 3039.dat
1 1 -150 -48 20 0 0 -1 0 1 0 1 0 0 3039.dat
1 1 -150 -48 -20 0 0 -1 0 1 0 1 0 0 3004.dat
1 7 310 -56 -10 0 0 1 0 1 0 -1 0 0 4085.dat
1 7 270 -56 90 1 0 0 0 1 0 0 0 1 4085.dat
1 7 130 -56 90 1 0 0 0 1 0 0 0 1 4085.dat
1 7 -150 -56 -10 0 0 -1 0 1 0 1 0 0 4085.dat
1 7 40 -8 40 0.707107 0 0.707107 0 1 0 -0.707107 0 0.707107 3679.dat
1 14 40 -16 40 0.707107 0 0.707107 0 1 0 -0.707107 0 0.707107 4079.dat
1 7 -80 -8 40 0 0 1 0 1 0 -1 0 0 3679.dat
1 14 -80 -16 40 0 0 1 0 1 0 -1 0 0 4079.dat
1 14 240 -40 70 1 0 0 0 1 0 0 0 1 3039.dat
1 14 160 -40 70 1 0 0 0 1 0 0 0 1 3039.dat
1 14 100 -32 40 0 0 1 0 1 0 -1 0 0 3020.dat
1 7 290 -8 -10 1 0 0 0 1 0 0 0 1 3957.dat
1 7 -130 -8 -10 1 0 0 0 1 0 0 0 1 3957.dat
1 1 310 -72 -30 -1 0 0 0 1 0 0 0 -1 3005.dat
1 1 310 -64 -10 0 0 -1 0 1 0 1 0 0 3024.dat
1 1 310 -72 -10 0 0 -1 0 1 0 1 0 0 3024.dat
1 1 310 -72 100 0 0 -1 0 1 0 1 0 0 3004.dat
1 1 290 -72 90 -1 0 0 0 1 0 0 0 -1 3005.dat
1 1 270 -64 90 0 0 -1 0 1 0 1 0 0 3024.dat
1 1 270 -72 90 0 0 -1 0 1 0 1 0 0 3024.dat
1 1 130 -64 90 0 0 -1 0 1 0 1 0 0 3024.dat
1 1 130 -72 90 0 0 -1 0 1 0 1 0 0 3024.dat
1 1 110 -72 90 -1 0 0 0 1 0 0 0 -1 3005.dat
1 1 80 -72 100 -1 0 0 0 1 0 0 0 -1 3003.dat
1 1 40 -72 90 -1 0 0 0 1 0 0 0 -1 3004.dat
1 1 -120 -72 90 1 0 0 0 1 0 0 0 1 3004.dat
1 1 -150 -72 100 0 0 1 0 1 0 -1 0 0 3004.dat
1 1 -150 -64 -10 0 0 -1 0 1 0 1 0 0 3024.dat
1 1 -150 -72 -10 0 0 -1 0 1 0 1 0 0 3024.dat
1 1 -150 -72 -30 1 0 0 0 1 0 0 0 1 3005.dat
1 0 270 -52 70 -1 0 0 0 1 0 0 0 -1 3962.dat
1 0 130 -60 70 1 0 0 0 0 1 0 -1 0 3959.dat
1 1 310 -96 -20 0 0 1 0 1 0 -1 0 0 3004.dat
1 1 310 -96 110 0 0 1 0 1 0 -1 0 0 3005.dat
1 1 290 -96 90 1 0 0 0 1 0 0 0 1 3622.dat
1 1 80 -96 110 1 0 0 0 1 0 0 0 1 3004.dat
1 1 80 -96 90 1 0 0 0 1 0 0 0 1 3009.dat
1 1 -150 -96 110 1 0 0 0 1 0 0 0 1 3005.dat
1 1 -130 -96 90 1 0 0 0 1 0 0 0 1 3622.dat
1 1 -150 -96 -20 0 0 -1 0 1 0 1 0 0 3004.dat
1 1 310 -120 -20 0 0 1 0 1 0 -1 0 0 3004.dat
1 1 310 -120 100 0 0 1 0 1 0 -1 0 0 3004.dat
1 1 280 -120 90 1 0 0 0 1 0 0 0 1 3004.dat
1 1 120 -120 90 1 0 0 0 1 0 0 0 1 3004.dat
1 1 80 -120 100 1 0 0 0 1 0 0 0 1 3003.dat
1 1 40 -120 90 1 0 0 0 1 0 0 0 1 3004.dat
1 1 -120 -120 90 -1 0 0 0 1 0 0 0 -1 3004.dat
1 1 -150 -120 100 0 0 1 0 1 0 -1 0 0 3004.dat
1 1 -150 -120 -20 0 0 1 0 1 0 -1 0 0 3004.dat
1 1 310 -120 40 0 0 -1 0 1 0 1 0 0 3853.dat
1 46 310 -120 40 0 0 -1 0 1 0 1 0 0 3855.dat
1 1 -150 -120 40 0 0 1 0 1 0 -1 0 0 3853.dat
1 46 -150 -120 40 0 0 1 0 1 0 -1 0 0 3855.dat
1 1 200 -32 90 -1 0 0 0 1 0 0 0 -1 3761.dat
1 46 200 -32 90 -1 0 0 0 1 0 0 0 -1 3762.dat
1 1 -40 -144 90 1 0 0 0 1 0 0 0 1 3754.dat
1 1 310 -144 40 0 0 1 0 1 0 -1 0 0 3008.dat
1 1 280 -144 90 -1 0 0 0 1 0 0 0 -1 3004.dat
1 1 80 -144 110 -1 0 0 0 1 0 0 0 -1 3004.dat
1 1 80 -144 90 -1 0 0 0 1 0 0 0 -1 3009.dat
1 1 -120 -144 90 -1 0 0 0 1 0 0 0 -1 3004.dat
1 1 -150 -144 40 0 0 1 0 1 0 -1 0 0 3008.dat
1 7 310 -152 110 -1 0 0 0 1 0 0 0 -1 3957.dat
1 1 80 -152 110 -1 0 0 0 1 0 0 0 -1 3023.dat
1 7 -150 -168 110 -0.939693 0 -0.34202 0 1 0 0.34202 0 -0.939693 3144.dat
1 46 240 -152 40 -1 0 0 0 1 0 0 0 -1 3036.dat
1 1 80 -152 40 -1 0 0 0 1 0 0 0 -1 3036.dat
1 46 -80 -152 40 -1 0 0 0 1 0 0 0 -1 3036.dat
1 1 200 -176 -10 -1 0 0 0 1 0 0 0 -1 3895.dat
1 1 -40 -176 -10 -1 0 0 0 1 0 0 0 -1 3895.dat
1 34 230 -200 -10 -1 0 0 0 1 0 0 0 -1 3062.dat
1 1 110 -200 -10 0 0 -1 0 1 0 1 0 0 3040.dat
1 1 80 -200 -10 1 0 0 0 1 0 0 0 1 3004.dat
1 1 50 -200 -10 0 0 1 0 1 0 -1 0 0 3040.dat
1 34 -70 -200 -10 -1 0 0 0 1 0 0 0 -1 3062.dat
1 36 310 -168 -30 0 0 1 0 1 0 -1 0 0 3062.dat
1 36 -150 -168 -30 0 0 1 0 1 0 -1 0 0 3062.dat
1 7 230 -210 -10 0.906308 0 -0.422618 0 1 0 0.422618 0 0.906308 3959.dat
1 7 240.1428 -210 -31.7514 0.906308 0.422618 0 0 0 1 0.422618 -0.906308 0 3960.dat
1 34 246.9047 -210 -46.2523 0.906308 0.422618 0 0 0 1 0.422618 -0.906308 0 3062.dat
1 7 -70 -210 -10 0.906308 0 0.422618 0 1 0 -0.422618 0 0.906308 3959.dat
1 7 -80.1428 -210 -31.7514 0.906308 -0.422618 0 0 0 1 -0.422618 -0.906308 0 3960.dat
1 34 -86.9047 -210 -46.2523 0.906308 -0.422618 0 0 0 1 -0.422618 -0.906308 0 3062.dat
1 1 80 -176 100 1 0 0 0 1 0 0 0 1 3003.dat
1 1 80 -200 100 1 0 0 0 1 0 0 0 1 3003.dat
1 1 80 -224 100 1 0 0 0 1 0 0 0 1 3003.dat
1 7 80 -232 100 1 0 0 0 1 0 0 0 1 3680.dat
1 7 80 -232 100 0.866025 0 0.5 0 1 0 -0.5 0 0.866025 3679.dat
1 7 71.3398 -240 105 -0.5 0 0.866025 0 1 0 -0.866025 0 -0.5 3794.dat
1 7 88.6602 -240 95 -0.5 0 0.866025 0 1 0 -0.866025 0 -0.5 3794.dat
1 7 80 -264 100 -0.866025 0 -0.5 0 1 0 0.5 0 -0.866025 3937.dat
1 7 82.8679 -262.1915 104.9673 -0.866025 -0.286788 -0.409576 0 0.819152 -0.573576 0.5 -0.496731 -0.709406 3938.dat
1 7 81.0664 -274.4805 101.8471 -0.866025 -0.286788 -0.409576 0 0.819152 -0.573576 0.5 -0.496731 -0.709406 3956.dat
1 7 94.9937 -279.392 125.9698 -0.866025 -0.409576 0.286788 0 -0.573576 -0.819152 0.5 -0.709406 0.496731 3940.dat
1 7 75.3341 -306.9237 91.9184 -0.866025 -0.409576 0.286788 0 -0.573576 -0.819152 0.5 -0.709406 0.496731 3961.dat
1 7 42.568 -352.8098 35.1659 -0.866025 -0.409576 0.286788 0 -0.573576 -0.819152 0.5 -0.709406 0.496731 3957.dat
1 34 39.2914 -357.3983 29.4906 -0.866025 -0.409576 0.286788 0 -0.573576 -0.819152 0.5 -0.709406 0.496731 3062.dat
1 1 -620 56 -120 0 0 1 0 1 0 -1 0 0 3001.dat
1 1 -560 56 -150 -1 0 0 0 1 0 0 0 -1 3010.dat
1 1 -550 32 -150 1 0 0 0 1 0 0 0 1 3622.dat
1 1 -600 32 -120 0 0 1 0 1 0 -1 0 0 3001.dat
1 1 -580 8 -120 0 0 -1 0 1 0 1 0 0 3001.dat
1 1 -540 8 -150 1 0 0 0 1 0 0 0 1 3004.dat
1 7 -400 32 -80 1 0 0 0 1 0 0 0 1 3940.dat
1 1 -400 8 -90 1 0 0 0 1 0 0 0 1 3004.dat
1 1 -630 32 -90 1 0 0 0 1 0 0 0 1 3005.dat
1 1 -620 8 -90 1 0 0 0 1 0 0 0 1 3004.dat
1 1 200 -16 -90 -1 0 0 0 1 0 0 0 -1 3895.dat
1 1 -40 -16 -90 -1 0 0 0 1 0 0 0 -1 3895.dat
1 1 -280 -16 -90 -1 0 0 0 1 0 0 0 -1 3895.dat
1 1 -520 -16 -90 -1 0 0 0 1 0 0 0 -1 3895.dat
1 7 300 -6 -80 0 0 -1 0 1 0 1 0 0 3673.dat
1 7 -620 -6 -80 0 0 -1 0 1 0 1 0 0 3673.dat
1 7 160 -32 -90 -1 0 0 0 1 0 0 0 -1 3228.dat
1 7 -160 -32 -90 -1 0 0 0 1 0 0 0 -1 3228.dat
1 7 -480 -32 -90 -1 0 0 0 1 0 0 0 -1 3228.dat
1 4 288.772 -58 -11 -0.714793 0.254887 -0.651233 0.003472 0.932497 0.361161 0.699328 0.255894 -0.667427 3838.dat
1 7 -290 -32 -70 -1 0 0 0 1 0 0 0 -1 3008.dat
1 7 -290 -32 -110 -1 0 0 0 1 0 0 0 -1 3008.dat
1 7 -290 -40 -100 -1 0 0 0 1 0 0 0 -1 3035.dat
1 7 -340 -48 -100 0 0 -1 0 1 0 1 0 0 3023.dat
1 7 -260 -48 -100 0 0 -1 0 1 0 1 0 0 3023.dat
1 7 -230 -48 -100 0 0 1 0 1 0 -1 0 0 4079.dat
1 7 -310 -48 -100 0 0 1 0 1 0 -1 0 0 4079.dat
1 7 -360 -88 -100 0 0 1 0 1 0 -1 0 0 4083.dat
