0 Main
0 Name: 3798-1 - Hanna's Garden.mpd
0 Author: LTRON
1 2 0 0 0 0 0 -1 0 1 0 1 0 0 94.dat
1 15 -20 -50 150 1 0 0 0 1 0 0 0 1 3185.dat
1 15 -20 -50 -150 1 0 0 0 1 0 0 0 1 3185.dat
1 4 -20 -24 0 1 0 0 0 1 0 0 0 1 3001.dat
1 4 -20 -48 0 1 0 0 0 1 0 0 0 1 3001.dat
1 15 -20 -120 -140 1 0 0 0 1 0 0 0 1 2145.dat
1 15 -20 -120 140 -1 0 0 0 1 0 0 0 -1 2145.dat
1 14 -20 -128 -140 -1 0 0 0 1 0 0 0 -1 3795.dat
1 15 -20 -56 0 -1 0 0 0 1 0 0 0 -1 3032.dat
1 14 -20 -128 140 -1 0 0 0 1 0 0 0 -1 3795.dat
1 4 -20 -38 -80 -1 0 0 0 1 0 0 0 -1 2041.dat
1 4 -20 -38 80 1 0 0 0 1 0 0 0 1 2041.dat
1 15 -70 -80 -10 1 0 0 0 1 0 0 0 1 3062.dat
1 2 -50 -152 -130 0.866 0 0.5 0 1 0 -0.5 0 0.866 4727.dat
1 2 30 -152 130 0.866 0 -0.5 0 1 0 0.5 0 0.866 4727.dat
1 2 70 -24 -130 0.866 0 -0.5 0 1 0 0.5 0 0.866 4727.dat
1 1 -50 -176 -130 0.866 0 0.5 0 1 0 -0.5 0 0.866 4728.dat
1 15 30 -176 130 0.866 0 -0.5 0 1 0 0.5 0 0.866 4728.dat
1 15 70 -48 -130 0.866 0 -0.5 0 1 0 0.5 0 0.866 4728.dat
1 1 30 -80 10 0.866 0 -0.5 0 1 0 0.5 0 0.866 3899.dat
1 1 10 -80 -30 -0.5 0 -0.866 0 1 0 0.866 0 -0.5 3899.dat
