0 
0 Name: New Model.ldr
0 Author: 
1 71 0 0 -680 1 0 0 0 1 0 0 0 1 6178.dat
1 27 -180 0 -680 1 0 0 0 1 0 0 0 1 3958.dat
1 27 180 0 -680 1 0 0 0 1 0 0 0 1 3958.dat
1 2 -120 -8 -640 1 0 0 0 1 0 0 0 1 3068.dat
1 2 -120 -8 -680 1 0 0 0 1 0 0 0 1 3068.dat
1 2 -120 -8 -720 1 0 0 0 1 0 0 0 1 3068.dat
1 2 120 -8 -640 1 0 0 0 1 0 0 0 1 3068.dat
1 2 120 -8 -680 1 0 0 0 1 0 0 0 1 3068.dat
1 2 120 -8 -720 1 0 0 0 1 0 0 0 1 3068.dat
1 2 -150 -8 -680 0 0 1 0 1 0 -1 0 0 3069.dat
1 2 150 -8 -680 0 0 1 0 1 0 -1 0 0 3069.dat
1 28 -180 -24 -670 1 0 0 0 1 0 0 0 1 98283.dat
1 28 180 -24 -670 1 0 0 0 1 0 0 0 1 98283.dat
1 28 -180 -24 -690 1 0 0 0 1 0 0 0 1 98283.dat
1 28 180 -24 -690 1 0 0 0 1 0 0 0 1 98283.dat
1 10 -210 -24 -730 1 0 0 0 1 0 0 0 1 4727.dat
1 10 210 -24 -730 1 0 0 0 1 0 0 0 1 4727.dat
1 19 -190 -48 -680 0 0 1 0 1 0 -1 0 0 3004.dat
1 19 190 -48 -680 0 0 1 0 1 0 -1 0 0 3004.dat
1 15 -170 -48 -680 0 0 -1 0 1 0 1 0 0 95820.dat
1 15 170 -48 -680 0 0 1 0 1 0 -1 0 0 95820.dat
1 15 170 -72 -680 0 0 1 0 1 0 -1 0 0 95820.dat
1 15 -170 -72 -680 0 0 -1 0 1 0 1 0 0 95820.dat
1 19 -190 -72 -680 0 0 1 0 1 0 -1 0 0 3004.dat
1 19 190 -72 -680 0 0 1 0 1 0 -1 0 0 3004.dat
1 19 -180 -96 -680 1 0 0 0 1 0 0 0 1 3003.dat
1 19 180 -96 -680 1 0 0 0 1 0 0 0 1 3003.dat
1 19 -180 -120 -680 1 0 0 0 1 0 0 0 1 3003.dat
1 19 180 -120 -680 1 0 0 0 1 0 0 0 1 3003.dat
1 19 -180 -144 -670 1 0 0 0 1 0 0 0 1 3004.dat
1 19 180 -144 -670 1 0 0 0 1 0 0 0 1 3004.dat
1 71 -180 -128 -690 1 0 0 0 1 0 0 0 1 3023.dat
1 71 180 -128 -690 1 0 0 0 1 0 0 0 1 3023.dat
1 15 -180 -136 -690 1 0 0 0 1 0 0 0 1 3023.dat
1 15 180 -136 -690 1 0 0 0 1 0 0 0 1 3023.dat
1 71 -180 -144 -690 1 0 0 0 1 0 0 0 1 44728.dat
1 71 180 -144 -690 1 0 0 0 1 0 0 0 1 44728.dat
1 320 -180 -168 -670 1 0 0 0 1 0 0 0 1 3039.dat
1 320 180 -168 -670 1 0 0 0 1 0 0 0 1 3039.dat
1 30 -180 -124 -712 1 0 0 0 0 -1 0 1 0 3068.dat
1 30 180 -124 -712 1 0 0 0 0 -1 0 1 0 3068.dat
1 0 -80 -48 -680 1 0 0 0 1 0 0 0 1 95229.dat
1 0 80 -48 -680 -1 0 0 0 1 0 0 0 -1 95229.dat
1 320 -190 -168 -670 1 0 0 0 1 0 0 0 1 54200.dat
1 320 -170 -168 -670 1 0 0 0 1 0 0 0 1 54200.dat
1 320 170 -168 -670 1 0 0 0 1 0 0 0 1 54200.dat
1 320 190 -168 -670 1 0 0 0 1 0 0 0 1 54200.dat
1 2 -210 -36 -730 1 0 0 0 1 0 0 0 1 3741.dat
1 15 -210 -53.628 -715.027 1 0 0 0 0.96592 0.25882 0 -0.258825 0.965919 3742.dat
1 15 -224.089 -58.458 -738.134 -0.5 0.22415 -0.8365 0 0.96592 0.25882 0.86603 0.12941 -0.48296 3742.dat
1 30 -194.791 -63.287 -738.782 -0.5 -0.22415 0.83651 0 0.96592 0.25882 -0.86603 0.12941 -0.48296 3742.dat
1 2 210 -36 -730 1 0 0 0 1 0 0 0 1 3741.dat
1 15 210 -53.628 -715.027 1 0 0 0 0.96592 0.25882 0 -0.258825 0.965919 3742.dat
1 15 195.911 -58.458 -738.134 -0.5 0.22415 -0.8365 0 0.96592 0.25882 0.86603 0.12941 -0.48296 3742.dat
1 30 225.209 -63.287 -738.782 -0.5 -0.22415 0.83651 0 0.96592 0.25882 -0.86603 0.12941 -0.48296 3742.dat
