0 Main
0 Name: 3930-1 - Stephanie's Outdoor Bakery.mpd
0 Author: LTRON
1 27 0 0 0 1 0 0 0 1 0 0 0 1 3941.dat
1 27 0 -24 0 1 0 0 0 1 0 0 0 1 3941.dat
1 15 0 -32 0 1 0 0 0 1 0 0 0 1 60474.dat
1 15 0 -32 0 1 0 0 0 1 0 0 0 1 63965.dat
1 73 -30 -56 -10 0.923879 0 -0.382683 0 1 0 0.382683 0 0.923879 3005.dat
1 15 -30 -56 -10 0.923879 0 -0.382683 0 1 0 0.382683 0 0.923879 54200.dat
1 70 10 -40 30 0.923879 0 0.382683 0 1 0 -0.382683 0 0.923879 3024.dat
1 5 10 -48 30 0.923879 0 0.382683 0 1 0 -0.382683 0 0.923879 33291.dat
1 29 10 -75 -30 0.923879 0 0.382683 0 1 0 -0.382683 0 0.923879 6141.dat
1 47 10 -72 -30 0.923879 0 0.382683 0 1 0 -0.382683 0 0.923879 6269.dat
1 15 0 -131.5 0 1 0 0 0 1 0 0 0 1 3960.dat
1 27 -40 16 -100 0 0 -1 0 1 0 1 0 0 3020.dat
1 27 -40 -8 -120 0 0 -1 0 1 0 1 0 0 3003.dat
1 71 -40 -32 -80 0 0 -1 0 1 0 1 0 0 4345.dat
1 27 -40 -32 -120 0 0 -1 0 1 0 1 0 0 3003.dat
1 0 -50 -40 -90 0 0 -1 0 1 0 1 0 0 6141.dat
1 0 -50 -40 -70 0 0 -1 0 1 0 1 0 0 6141.dat
1 0 -30 -40 -70 0 0 -1 0 1 0 1 0 0 6141.dat
1 0 -30 -40 -90 0 0 -1 0 1 0 1 0 0 6141.dat
1 47 -40 -32 -80 0 0 -1 0 1 0 1 0 0 4346.dat
1 29 -50 -40 -130 0 0 -1 0 1 0 1 0 0 6256.dat
1 15 -50 -64 -130 0 0 -1 0 1 0 1 0 0 92947.dat
1 19 -50 -72 -130 0 0 -1 0 1 0 1 0 0 4032.dat
1 29 -50 -80 -130 0 0 -1 0 1 0 1 0 0 6141.dat
1 29 -50 -88 -130 0 0 -1 0 1 0 1 0 0 6141.dat
1 15 -40 0 -200 0 0 -1 0 1 0 1 0 0 3001.dat
1 15 -40 -24 -170 -1 0 0 0 1 0 0 0 -1 3004.dat
1 15 -40 -24 -230 -1 0 0 0 1 0 0 0 -1 3004.dat
1 322 -30 -24 -200 0 0 1 0 1 0 -1 0 0 4865.dat
1 322 -50 -24 -200 0 0 -1 0 1 0 1 0 0 4865.dat
1 71 -49 -48 -171 -0.866025 0 0.5 0 1 0 -0.5 0 -0.866025 4599.dat
1 15 -30 -48 -230 -1 0 0 0 1 0 0 0 -1 3062.dat
1 43 -50 -48 -230 -1 0 0 0 1 0 0 0 -1 3062.dat
1 29 -50 -56 -230 0 0 -1 0 1 0 1 0 0 6141.dat
1 29 -30 -56 -230 0 0 -1 0 1 0 1 0 0 6141.dat
