0 Main
0 Name: 3795-1 - Kitchen.mpd
0 Author: LTRON
1 4 0 0 0 1 0 0 0 1 0 0 0 1 3004.dat
1 4 -10 0 50 0 0 1 0 1 0 -1 0 0 3010.dat
1 4 40 0 80 -1 0 0 0 1 0 0 0 -1 3010.dat
1 4 90 0 50 0 0 -1 0 1 0 1 0 0 3010.dat
1 4 0 0 -100 1 0 0 0 1 0 0 0 1 3004.dat
1 4 0 -8 -50 0 0 1 0 1 0 -1 0 0 3795.dat
1 4 40 -8 50 -1 0 0 0 1 0 0 0 -1 3032.dat
1 14 0 -32 -100 1 0 0 0 1 0 0 0 1 3004.dat
1 14 0 -32 80 1 0 0 0 1 0 0 0 1 3004.dat
1 14 -10 -32 -10 0 0 1 0 1 0 -1 0 0 3008.dat
1 15 40 -16 30 0 0 1 0 1 0 -1 0 0 3068.dat
1 15 40 -16 70 0 0 1 0 1 0 -1 0 0 3068.dat
1 15 80 -16 30 0 0 1 0 1 0 -1 0 0 3068.dat
1 15 80 -16 70 0 0 1 0 1 0 -1 0 0 3068.dat
1 1 10 -64 -40 0 0 1 0 1 0 -1 0 0 6264.dat
1 14 0 -64 -20 1 0 0 0 1 0 0 0 1 3004.dat
1 14 0 -64 80 1 0 0 0 1 0 0 0 1 3004.dat
1 14 0 -88 80 1 0 0 0 1 0 0 0 1 3004.dat
1 14 0 -88 -20 1 0 0 0 1 0 0 0 1 3004.dat
1 1 10 -64 20 -0.7193 0 0.6947 0 1 0 -0.6947 0 -0.7193 6264.dat
1 1 10 -64 40 0.9744 0 0.225 0 1 0 -0.225 0 0.9744 6264.dat
1 14 0 -96 30 0 0 1 0 1 0 -1 0 0 3795.dat
1 14 0 -40 -10 0 0 1 0 1 0 -1 0 0 3832.dat
1 0 0 -138 70 0 0 1 0 1 0 -1 0 0 4341.dat
1 1 0 -40 -89 0.966 0 0.259 0 1 0 -0.259 0 0.966 u9214.dat
1 4 80 -24 71 -0.866 0 -0.5 0 1 0 0.5 0 -0.866 u9212.dat
1 4 84.1408 -13 135.5456 0.9659 0 -0.2588 0 1 0 0.2588 0 0.9659 u9103.dat
1 4 93.7998 -13 138.1336 0.9659 0 -0.2588 0 1 0 0.2588 0 0.9659 u9100.dat
1 4 74.4818 -13 132.9576 0.9659 0 -0.2588 0 1 0 0.2588 0 0.9659 u9100.dat
1 4 61.9251 -39 129.5932 -0.9659 0.155746 -0.206678 0 -0.7986 -0.6018 -0.2588 -0.581279 0.771368 u9101.dat
1 4 106.3565 -39 141.498 0.9659 0 -0.2588 0 1 0 0.2588 0 0.9659 u9101.dat
1 15 84.1408 -13 135.5456 0.9659 0 -0.2588 0 1 0 0.2588 0 0.9659 u9102.dat
1 15 84.1408 -43 135.5456 0.9659 0 -0.2588 0 1 0 0.2588 0 0.9659 u9108.dat
1 14 55.0791 -71.8008 128.095 0.7586 0.2067 -0.6179 0.3993 0.6018 0.6916 0.5148 -0.7714 0.374 4337.dat
