0 
0 Name: New Model.ldr
0 Author: 
1 19 260.247 -10 -165.343 0.99 0 -0.14 0 1 0 0.14 0 0.99 3460.dat
1 19 246.247 -10 -66.343 0.99 0 -0.14 0 1 0 0.14 0 0.99 3460.dat
1 15 210.747 -34 -172.343 0.99 0 -0.14 0 1 0 0.14 0 0.99 4490.dat
1 15 309.747 -34 -158.343 0.99 0 -0.14 0 1 0 0.14 0 0.99 4490.dat
1 15 196.747 -34 -73.343 0.99 0 -0.14 0 1 0 0.14 0 0.99 4490.dat
1 15 295.747 -34 -59.343 0.99 0 -0.14 0 1 0 0.14 0 0.99 4490.dat
1 70 260.247 -42 -165.343 0.99 0 -0.14 0 1 0 0.14 0 0.99 3710.dat
1 70 246.247 -42 -66.343 0.99 0 -0.14 0 1 0 0.14 0 0.99 3710.dat
1 70 302.747 -42 -108.843 0.14 0 0.99 0 1 0 -0.99 0 0.14 6636.dat
1 70 322.547 -42 -106.043 0.14 0 0.99 0 1 0 -0.99 0 0.14 6636.dat
1 70 203.747 -42 -122.843 0.14 0 0.99 0 1 0 -0.99 0 0.14 6636.dat
1 70 183.947 -42 -125.643 0.14 0 0.99 0 1 0 -0.99 0 0.14 6636.dat
1 5 246.247 -66 -66.343 -0.99 0 0.14 0 1 0 -0.14 0 -0.99 3659.dat
1 5 260.247 -66 -165.343 -0.99 0 0.14 0 1 0 -0.14 0 -0.99 3659.dat
1 70 243.347 -74 -117.243 0.14 0 0.99 0 1 0 -0.99 0 0.14 6636.dat
1 70 263.147 -74 -114.443 0.14 0 0.99 0 1 0 -0.99 0 0.14 6636.dat
1 70 282.947 -74 -111.643 0.14 0 0.99 0 1 0 -0.99 0 0.14 3666.dat
1 70 223.547 -74 -120.043 0.14 0 0.99 0 1 0 -0.99 0 0.14 3666.dat
1 5 275.947 -98 -62.143 0.60095 0 -0.79891 0 1 0 0.79891 0 0.60095 3899.dat
1 5 230.547 -98 -169.543 -0.79891 0 -0.60095 0 1 0 0.60095 0 -0.79891 3899.dat
1 4 284.347 -82 -121.543 -0.79891 0 -0.60095 0 1 0 0.60095 0 -0.79891 97783.dat
1 4 284.347 -82 -121.543 -0.79891 0 -0.60095 0 1 0 0.60095 0 -0.79891 97784.dat
1 70 284.347 -99 -121.543 -0.79891 0 -0.60095 0 1 0 0.60095 0 -0.79891 6141.dat
1 4 224.947 -82 -129.943 -0.79891 0 -0.60095 0 1 0 0.60095 0 -0.79891 97783.dat
1 4 224.947 -82 -129.943 -0.79891 0 -0.60095 0 1 0 0.60095 0 -0.79891 97784.dat
1 14 224.947 -99 -129.943 -0.79891 0 -0.60095 0 1 0 0.60095 0 -0.79891 6141.dat
1 4 275.817 -79 -154.053 -0.35911 0.93276 0 0 0 1 0.93276 0.35911 0 97781.dat
1 4 213.127 -85 -89.203 -0.01612 -0.96051 -0.2753 0 -0.276 0.961 -0.99996 0.01564 0.00449 97781.dat
1 25 216.547 -98 -70.543 0.71859 0 -0.69538 0 1 0 0.69538 0 0.71859 54200.dat
1 30 312.41 -56 -130.1 0.99 -0.139 -0.007 0 -0.052 0.999 -0.139 -0.989 -0.052 92252.dat
1 78 319.3523 -80.1461 -80.6462 0.99 -0.007 0.139 0 0.999 0.052 -0.139 -0.052 0.989 92241.dat
1 78 319.5847 -113.3129 -78.9198 0.974422 -0.007 -0.224594 0.018616 0.999 0.048568 0.224236 -0.052 0.973488 92198.dat
