0 
0 Name: New Model.ldr
0 Author: 
1 71 -462.728 -136 82.728 0 0.707 0.707 -1 0 0 0 -0.707 0.707 4510.dat
1 15 -468.384 -76 88.384 0 0.707 0.707 -1 0 0 0 -0.707 0.707 2412.dat
1 15 -468.384 -116 88.384 0 0.707 0.707 -1 0 0 0 -0.707 0.707 2412.dat
1 15 -468.384 -156 88.384 0 0.707 0.707 -1 0 0 0 -0.707 0.707 2412.dat
1 15 -468.384 -196 88.384 0 0.707 0.707 -1 0 0 0 -0.707 0.707 2412.dat
1 15 -450.002 -96 70.002 -0.707 0 0.707 0 -1 0 0.707 0 0.707 4733.dat
1 0 -450.002 -80 70.002 -0.707 0 0.707 0 -1 0 0.707 0 0.707 3024.dat
1 71 -450.002 -88 70.002 -0.707 0 0.707 0 -1 0 0.707 0 0.707 3024.dat
1 19 -450.002 -56 70.002 0.707 0 0.707 0 -1 0 0.707 0 -0.707 47905.dat
1 0 -450.002 -48 70.002 0.707 0 0.707 0 -1 0 0.707 0 -0.707 85861.dat
1 0 -450.002 -40 70.002 0.707 0 0.707 0 -1 0 0.707 0 -0.707 85861.dat
1 15 -450.002 -16 70.002 0.707 0 0.707 0 -1 0 0.707 0 -0.707 4733.dat
1 15 -450.002 -176 70.002 -0.707 0 -0.707 0 1 0 0.707 0 -0.707 4733.dat
1 71 -450.002 -184 70.002 -0.707 0 -0.707 0 1 0 0.707 0 -0.707 3024.dat
1 0 -450.002 -192 70.002 -0.707 0 -0.707 0 1 0 0.707 0 -0.707 3024.dat
1 15 -450.002 -216 70.002 -0.707 0 -0.707 0 1 0 0.707 0 -0.707 4733.dat
1 71 -462.728 -36 82.728 0 0.707 0.707 -1 0 0 0 -0.707 0.707 32028.dat
1 15 -468.384 -36 88.384 0 0.707 0.707 -1 0 0 0 -0.707 0.707 2412.dat
1 71 -462.728 -196 57.276 0 0.707 -0.707 -1 0 0 0 0.707 0.707 32028.dat
1 15 -468.384 -196 51.62 0 0.707 -0.707 -1 0 0 0 0.707 0.707 2412.dat
1 71 -462.728 -96 57.276 0 0.707 -0.707 -1 0 0 0 0.707 0.707 4510.dat
1 15 -468.384 -36 51.62 0 0.707 -0.707 -1 0 0 0 0.707 0.707 2412.dat
1 15 -468.384 -76 51.62 0 0.707 -0.707 -1 0 0 0 0.707 0.707 2412.dat
1 15 -468.384 -116 51.62 0 0.707 -0.707 -1 0 0 0 0.707 0.707 2412.dat
1 15 -468.384 -156 51.62 0 0.707 -0.707 -1 0 0 0 0.707 0.707 2412.dat
1 71 -437.276 -96 82.728 0 -0.707 0.707 -1 0 0 0 -0.707 -0.707 4510.dat
1 15 -431.62 -36 88.384 0 -0.707 0.707 -1 0 0 0 -0.707 -0.707 2412.dat
1 15 -431.62 -76 88.384 0 -0.707 0.707 -1 0 0 0 -0.707 -0.707 2412.dat
1 15 -431.62 -116 88.384 0 -0.707 0.707 -1 0 0 0 -0.707 -0.707 2412.dat
1 15 -431.62 -156 88.384 0 -0.707 0.707 -1 0 0 0 -0.707 -0.707 2412.dat
1 71 -437.276 -136 57.276 0 -0.707 -0.707 -1 0 0 0 0.707 -0.707 4510.dat
1 15 -431.62 -76 51.62 0 -0.707 -0.707 -1 0 0 0 0.707 -0.707 2412.dat
1 15 -431.62 -116 51.62 0 -0.707 -0.707 -1 0 0 0 0.707 -0.707 2412.dat
1 15 -431.62 -156 51.62 0 -0.707 -0.707 -1 0 0 0 0.707 -0.707 2412.dat
1 15 -431.62 -196 51.62 0 -0.707 -0.707 -1 0 0 0 0.707 -0.707 2412.dat
1 15 -431.62 -36 51.62 0 -0.707 -0.707 -1 0 0 0 0.707 -0.707 2412.dat
1 71 -437.276 -36 57.276 0 -0.707 -0.707 -1 0 0 0 0.707 -0.707 32028.dat
1 15 -431.62 -196 88.384 0 -0.707 0.707 -1 0 0 0 -0.707 -0.707 2412.dat
1 71 -437.276 -196 82.728 0 -0.707 0.707 -1 0 0 0 -0.707 -0.707 32028.dat
1 15 -450.002 -272 70.002 -0.707 0 0.707 0 1 0 -0.707 0 -0.707 30374.dat
1 15 -450.002 -224 70.002 0.707 0 0.707 0 -1 0 0.707 0 -0.707 4740.dat
1 71 -450.002 -232 70.002 0.707 0 0.707 0 -1 0 0.707 0 -0.707 52901.dat
1 15 -450.002 -250 70.002 -0.707 0 0.707 0 1 0 -0.707 0 -0.707 18674.dat
1 71 -450.002 -258 70.002 -0.707 0 0.707 0 1 0 -0.707 0 -0.707 4740.dat
