0 Main
0 Name: 9476-1 - The Orc Forge.mpd
0 Author: LTRON
1 288 -50 -24 100 0 0 1 0 1 0 -1 0 0 3004.dat
1 288 -50 -24 -20 0 0 1 0 1 0 -1 0 0 3004.dat
1 308 -50 -8 60 0 0 1 0 1 0 -1 0 0 3069.dat
1 308 -50 -8 40 0 0 1 0 1 0 -1 0 0 3069.dat
1 288 -20 -8 40 0 0 1 0 1 0 -1 0 0 3068.dat
1 288 20 -8 40 0 0 1 0 1 0 -1 0 0 3068.dat
1 288 60 -8 40 0 0 1 0 1 0 -1 0 0 3068.dat
1 288 -20 -24 70 1 0 0 0 1 0 0 0 1 4865.dat
1 288 20 -24 70 1 0 0 0 1 0 0 0 1 4865.dat
1 288 -20 -24 10 -1 0 0 0 1 0 0 0 -1 4865.dat
1 288 20 -24 10 -1 0 0 0 1 0 0 0 -1 4865.dat
1 308 60 -8 10 1 0 0 0 1 0 0 0 1 3069.dat
1 308 60 -8 70 1 0 0 0 1 0 0 0 1 3069.dat
1 28 80 0 40 0 0 1 0 1 0 -1 0 0 3020.dat
1 72 90 -8 40 0 0 1 0 1 0 -1 0 0 92593.dat
1 72 -50 -24 -80 0 0 1 0 1 0 -1 0 0 3010.dat
1 1 -20 -24 -110 1 0 0 0 1 0 0 0 1 30526.dat
1 288 10 -24 -110 0 0 1 0 1 0 -1 0 0 3005.dat
1 71 30 -48 -110 0 0 -1 0 1 0 1 0 0 60481.dat
1 72 30 -24 -90 0 0 -1 0 1 0 1 0 0 3046.dat
1 72 30 -48 -90 0 0 -1 0 1 0 1 0 0 3040.dat
1 72 30 -48 -70 0 0 -1 0 1 0 1 0 0 3665.dat
1 71 50 -49 -51 0 0 -1 0 1 0 1 0 0 60481.dat
1 72 50 -24 -30 0 0 -1 0 1 0 1 0 0 3046.dat
1 72 50 -48 -30 0 0 -1 0 1 0 1 0 0 3040.dat
1 72 50 -48 -10 0 0 -1 0 1 0 1 0 0 3665.dat
1 28 80 0 -30 1 0 0 0 1 0 0 0 1 43723.dat
1 72 50 -24 90 0 0 -1 0 1 0 1 0 0 3046.dat
1 72 50 -48 90 0 0 -1 0 1 0 1 0 0 3040.dat
1 72 50 -48 110 0 0 -1 0 1 0 1 0 0 3665.dat
1 28 80 0 110 -1 0 0 0 1 0 0 0 -1 43722.dat
1 1 -10 -48 -110 1 0 0 0 1 0 0 0 1 3622.dat
1 288 -50 -48 -110 0 0 1 0 1 0 -1 0 0 3005.dat
1 72 -50 -48 -60 0 0 1 0 1 0 -1 0 0 3010.dat
1 288 -50 -48 110 0 0 1 0 1 0 -1 0 0 3005.dat
1 72 -50 -48 90 1 0 0 0 1 0 0 0 1 3665.dat
1 72 -50 -48 -10 -1 0 0 0 1 0 0 0 -1 3665.dat
1 72 30 -24 110 -1 0 0 0 1 0 0 0 -1 3046.dat
1 72 30 -48 110 -1 0 0 0 1 0 0 0 -1 3040.dat
1 72 10 -48 110 -1 0 0 0 1 0 0 0 -1 3665.dat
1 28 0 0 150 0 0 -1 0 1 0 1 0 0 54384.dat
1 71 50 -48 130 0 0 -1 0 1 0 1 0 0 60481.dat
1 72 -30 -24 130 -1 0 0 0 1 0 0 0 -1 3046.dat
1 72 -30 -48 130 -1 0 0 0 1 0 0 0 -1 3040.dat
1 72 -50 -48 130 -1 0 0 0 1 0 0 0 -1 3665.dat
1 71 -10 -48 130 -1 0 0 0 1 0 0 0 -1 60481.dat
1 28 0 -56 0 0 0 1 0 1 0 -1 0 0 3028.dat
1 28 -20 -56 130 -1 0 0 0 1 0 0 0 -1 3710.dat
1 330 -50 -48 150 -1 0 0 0 1 0 0 0 -1 54200.dat
1 330 50 -48 130 -1 0 0 0 1 0 0 0 -1 54200.dat
1 330 70 -48 110 1 0 0 0 1 0 0 0 1 54200.dat
1 330 70 -48 -10 0 0 -1 0 1 0 1 0 0 54200.dat
1 28 80 -16 40 0 0 1 0 1 0 -1 0 0 3020.dat
1 71 70 -40 70 1 0 0 0 1 0 0 0 1 3045.dat
1 71 70 -40 10 0 0 -1 0 1 0 1 0 0 3045.dat
1 28 70 -48 40 0 0 1 0 1 0 -1 0 0 3710.dat
1 330 70 -48 30 0 0 -1 0 1 0 1 0 0 54200.dat
1 330 70 -48 50 -1 0 0 0 1 0 0 0 -1 54200.dat
1 70 -50 -80 20 0 0 1 0 1 0 -1 0 0 3700.dat
1 308 -50 -80 60 0 0 1 0 1 0 -1 0 0 30136.dat
1 70 -50 -80 100 0 0 1 0 1 0 -1 0 0 3700.dat
1 288 -50 -80 130 0 0 1 0 1 0 -1 0 0 3005.dat
1 70 -50 -200 -10 0 0 1 0 1 0 -1 0 0 43888.dat
1 70 -50 -200 -110 0 0 1 0 1 0 -1 0 0 43888.dat
1 72 -40 -200 -60 0 0 -1 0 1 0 1 0 0 47847.dat
1 72 -30 -80 130 1 0 0 0 1 0 0 0 1 3040.dat
1 71 -50 -200 -30 1 0 0 0 1 0 0 0 1 3005.dat
1 71 -50 -200 -90 1 0 0 0 1 0 0 0 1 3005.dat
1 71 -50 -128 130 0 0 -1 0 1 0 1 0 0 60481.dat
1 70 -50 -200 60 0 0 -1 0 1 0 1 0 0 64448.dat
1 330 -50 -128 130 -1 0 0 0 1 0 0 0 -1 54200.dat
1 0 -50 -208 0 0 0 1 0 1 0 -1 0 0 60479.dat
1 70 50 -200 -10 0 0 1 0 1 0 -1 0 0 43888.dat
1 70 50 -80 -30 1 0 0 0 1 0 0 0 1 3040.dat
1 70 50 -80 -90 -1 0 0 0 1 0 0 0 -1 3040.dat
1 0 50 -80 -110 0 0 -1 0 1 0 1 0 0 87087.dat
1 70 50 -224 -110 0 0 1 0 1 0 -1 0 0 43888.dat
1 70 50 -224 -10 0 0 1 0 1 0 -1 0 0 3062.dat
1 70 50 -232 -60 0 0 1 0 1 0 -1 0 0 3666.dat
1 308 -50 -232 -100 0 0 1 0 1 0 -1 0 0 30136.dat
1 308 -50 -232 -60 0 0 1 0 1 0 -1 0 0 30136.dat
1 308 -50 -232 -20 0 0 1 0 1 0 -1 0 0 30136.dat
1 70 0 -248 -60 0 0 1 0 1 0 -1 0 0 3958.dat
1 0 -40 -240 -60 0 0 1 0 1 0 -1 0 0 3795.dat
1 0 40 -240 -60 0 0 1 0 1 0 -1 0 0 3795.dat
1 28 0 -240 -60 0 0 1 0 1 0 -1 0 0 3020.dat
1 28 0 -224 -60 0 0 -1 0 1 0 1 0 0 3020.dat
1 14 -10 -232 -80 0 0 1 0 1 0 -1 0 0 60478.dat
1 14 10 -232 -80 0 0 1 0 1 0 -1 0 0 60478.dat
1 14 -10 -232 -40 0 0 -1 0 1 0 1 0 0 60478.dat
1 14 10 -232 -40 0 0 -1 0 1 0 1 0 0 60478.dat
1 70 2 -152 0 1 0 0 0 0 1 0 -1 0 2431.dat
1 70 -28 -162 -8 0 0 1 -1 0 0 0 -1 0 3666.dat
1 70 32 -162 -8 0 0 1 -1 0 0 0 -1 0 3666.dat
1 308 2 -212 0 1 0 0 0 0 1 0 -1 0 2431.dat
1 308 2 -192 0 1 0 0 0 0 1 0 -1 0 2431.dat
1 308 2 -112 0 1 0 0 0 0 1 0 -1 0 2431.dat
1 0 -8 -202 -8 0 0 1 -1 0 0 0 -1 0 63868.dat
1 0 12 -202 -8 0 0 1 -1 0 0 0 -1 0 63868.dat
1 19 32 -212 -16 0 0 -1 1 0 0 0 -1 0 2420.dat
1 19 -28 -212 -16 1 0 0 0 0 1 0 -1 0 2420.dat
1 308 -50 -272 -20 0 0 1 0 1 0 -1 0 0 30136.dat
1 308 -50 -272 -60 0 0 1 0 1 0 -1 0 0 30136.dat
1 308 -50 -272 -100 0 0 1 0 1 0 -1 0 0 30136.dat
1 72 50 -256 -20 0 0 -1 0 1 0 1 0 0 99780.dat
1 72 50 -256 -100 0 0 -1 0 1 0 1 0 0 99780.dat
1 70 -50 -328 60 0 0 -1 0 1 0 1 0 0 64448.dat
1 70 72 -258 -60 0 -1 0 0 0 -1 1 0 0 3666.dat
1 308 -50 -280 -60 0 0 1 0 1 0 -1 0 0 2431.dat
1 0 -50 -312 -10 0 0 1 0 1 0 -1 0 0 64644.dat
1 0 -50 -312 -110 0 0 1 0 1 0 -1 0 0 64644.dat
1 57 -50 -312 -110 -0.9659 0 0.2588 0 1 0 -0.2588 0 -0.9659 64647.dat
1 57 -50 -312 -10 -0.9659 0 0.2588 0 1 0 -0.2588 0 -0.9659 64647.dat
1 70 80 -258 -60 0 -1 0 0 0 -1 1 0 0 2431.dat
1 70 68 -147.9423 -65 0 -1 0 -0.866 0 -0.5 0.5 0 -0.866 4477.dat
1 70 -50 -336 60 0 0 -1 0 1 0 1 0 0 3666.dat
1 0 -50 -360 60 0 0 -1 0 1 0 1 0 0 3894.dat
1 70 -50 -368 60 0 0 -1 0 1 0 1 0 0 3666.dat
1 70 -50 -376 60 0 0 -1 0 1 0 1 0 0 3666.dat
1 0 -50 -376 10 -1 0 0 0 1 0 0 0 -1 54200.dat
1 0 -50 -376 110 1 0 0 0 1 0 0 0 1 54200.dat
1 0 -50 -440 60 0 0 -1 0 1 0 1 0 0 32333.dat
1 0 -60 -350 60 -1 0 0 0 1 0 0 0 -1 2780.dat
1 0 -60 -390 60 -1 0 0 0 1 0 0 0 -1 2780.dat
1 71 -70 -370 60 0 1 0 0 0 -1 -1 0 0 32523.dat
1 0 -60 -350 100 -1 0 0 0 1 0 0 0 -1 2780.dat
1 0 -60 -350 20 -1 0 0 0 1 0 0 0 -1 2780.dat
1 0 -60 -70 20 -1 0 0 0 1 0 0 0 -1 2780.dat
1 0 -60 -70 100 -1 0 0 0 1 0 0 0 -1 2780.dat
1 0 -70 -210 100 0 1 0 0 0 -1 -1 0 0 32278.dat
1 0 -70 -210 20 0 1 0 0 0 -1 -1 0 0 32278.dat
1 19 -124 -430 60 0 -1 0 0 0 1 -1 0 0 2654.dat
1 4 -100 -430 60 -1 0 0 0 0 1 0 1 0 32062.dat
1 72 -23 -430 60 1 0 0 0 0 -1 0 1 0 59426.dat
1 70 -80 -430 60 0 0 -1 -1 0 0 0 1 0 59443.dat
1 71 -100 -430 60 0 -1 0 0 0 1 -1 0 0 92947.dat
1 4 -30 -430 60 0 0 1 0 1 0 -1 0 0 3713.dat
1 0 30 -430 60.3205 0 -1 0 0 0 -1 1 0 0 64566.dat
1 70 50 -430 60.3205 0 -1 0 0 0 -1 1 0 0 43898.dat
1 70 38 -370 60.3205 0 -1 0 1 0 0 0 0 1 3623.dat
1 70 38 -490 60.3205 0 -1 0 1 0 0 0 0 1 3623.dat
1 70 38 -460 10.3205 0 -1 0 0.5 0 -0.866 0.866 0 0.5 3623.dat
1 70 38 -400 112.282 0 -1 0 0.5 0 -0.866 0.866 0 0.5 3623.dat
1 70 38 -460 112.282 0 -1 0 -0.5 0 -0.866 0.866 0 -0.5 3623.dat
1 70 38 -400 8.359 0 -1 0 -0.5 0 -0.866 0.866 0 -0.5 3623.dat
1 72 46 -410 25.6795 0 -1 0 -0.5 0 -0.866 0.866 0 -0.5 6141.dat
1 72 54 -410 25.6795 0 -1 0 -0.5 0 -0.866 0.866 0 -0.5 6141.dat
1 72 46 -390 60.3205 0 -1 0 -0.5 0 -0.866 0.866 0 -0.5 6141.dat
1 72 54 -390 60.3205 0 -1 0 -0.5 0 -0.866 0.866 0 -0.5 6141.dat
1 72 46 -410 94.9615 0 -1 0 -0.5 0 -0.866 0.866 0 -0.5 6141.dat
1 72 54 -410 94.9615 0 -1 0 -0.5 0 -0.866 0.866 0 -0.5 6141.dat
1 72 46 -450 94.9615 0 -1 0 -0.5 0 -0.866 0.866 0 -0.5 6141.dat
1 72 54 -450 94.9615 0 -1 0 -0.5 0 -0.866 0.866 0 -0.5 6141.dat
1 72 46 -470 60.3205 0 -1 0 -0.5 0 -0.866 0.866 0 -0.5 6141.dat
1 72 54 -470 60.3205 0 -1 0 -0.5 0 -0.866 0.866 0 -0.5 6141.dat
1 72 46 -450 27.641 0 -1 0 -0.5 0 -0.866 0.866 0 -0.5 6141.dat
1 72 54 -450 27.641 0 -1 0 -0.5 0 -0.866 0.866 0 -0.5 6141.dat
1 70 62 -350 60.3205 0 -1 0 1 0 0 0 0 1 3062.dat
1 70 62 -390 129.6025 0 -1 0 1 0 0 0 0 1 3062.dat
1 70 62 -470 129.6025 0 -1 0 1 0 0 0 0 1 3062.dat
1 70 62 -510 60.3205 0 -1 0 1 0 0 0 0 1 3062.dat
1 70 62 -470 -8.9605 0 -1 0 1 0 0 0 0 1 3062.dat
1 70 62 -390 -10.922 0 -1 0 1 0 0 0 0 1 3062.dat
1 70 82 -430 60.3205 0 -1 0 0 0 -1 1 0 0 43898.dat
1 0 62 -430 60.3205 0 -1 0 0 0 -1 1 0 0 64566.dat
1 70 70 -400 6.398 0 -1 0 -0.5 0 -0.866 0.866 0 -0.5 3623.dat
1 70 70 -370 58.3595 0 -1 0 1 0 0 0 0 1 3623.dat
1 70 70 -400 110.321 0 -1 0 0.5 0 -0.866 0.866 0 0.5 3623.dat
1 70 70 -460 110.321 0 -1 0 -0.5 0 -0.866 0.866 0 -0.5 3623.dat
1 70 70 -490 58.3595 0 -1 0 1 0 0 0 0 1 3623.dat
1 70 70 -460 8.3595 0 -1 0 0.5 0 -0.866 0.866 0 0.5 3623.dat
1 72 0 -430 60 1 0 0 0 1 0 0 0 1 32012.dat
1 72 13 -223 75 0 0 -1 0 1 0 1 0 0 30395.dat
1 0 12 -161 75 -1 0 0 0 1 0 0 0 -1 74698.dat
1 70 12 -145 75 -1 0 0 0 1 0 0 0 -1 64951.dat
1 179 2 -168 52 -1 0 0 0 0.866 0.5 0 0.5 -0.866 98138.dat
1 179 21 -164 58 -1 0 0 0 -0.9659 -0.2588 0 -0.2588 0.9659 98138.dat
1 179 32 -172 73 0.2588 -0.25 -0.933 0 0.9659 -0.2588 0.9659 0.067 0.25 98138.dat
1 179 -12 -173 73 0.2588 -0.25 -0.933 0 0.9659 -0.2588 0.9659 0.067 0.25 98138.dat
1 179 21 -164 95 -1 0 0 0 -0.866 0.5 0 0.5 0.866 98138.dat
1 70 0 -192.8746 -169.6465 0 0 1 0.454 0.891 0 -0.891 0.454 0 3032.dat
1 72 0 -213.6226 -146.5485 1 0 0 0 0.891 -0.454 0 0.454 0.891 30350.dat
1 72 -10 -186.3826 -200.0085 0 0 -1 -0.454 0.891 0 0.891 0.454 0 63864.dat
1 72 10 -186.3826 -200.0085 0 0 -1 -0.454 0.891 0 0.891 0.454 0 63864.dat
1 72 30 -196.0986 -216.1825 0 0 -1 -0.454 0.891 0 0.891 0.454 0 4865.dat
1 72 30 -214.2586 -180.5425 0 0 -1 -0.454 0.891 0 0.891 0.454 0 4865.dat
1 72 30 -232.4186 -144.9025 0 0 -1 -0.454 0.891 0 0.891 0.454 0 4865.dat
1 72 -30 -232.4186 -144.9025 0 0 1 0.454 0.891 0 -0.891 0.454 0 4865.dat
1 72 -30 -214.2586 -180.5425 0 0 1 0.454 0.891 0 -0.891 0.454 0 4865.dat
1 72 -30 -196.0986 -216.1825 0 0 1 0.454 0.891 0 -0.891 0.454 0 4865.dat
1 28 0 0 -240 0 0 -1 0 1 0 1 0 0 3028.dat
1 72 -50 -24 -160 0 0 -1 0 1 0 1 0 0 3010.dat
1 72 -50 -24 -240 0 0 -1 0 1 0 1 0 0 3010.dat
1 4 60 -8 -270 1 0 0 0 1 0 0 0 1 4477.dat
1 4 60 -8 -330 1 0 0 0 1 0 0 0 1 4477.dat
1 1 -50 -24 -300 0 0 1 0 1 0 -1 0 0 3700.dat
1 288 -50 -24 -330 1 0 0 0 1 0 0 0 1 3005.dat
1 72 -50 -48 -200 0 0 -1 0 1 0 1 0 0 3010.dat
1 72 -50 -48 -300 0 0 -1 0 1 0 1 0 0 3010.dat
1 288 -50 -48 -250 1 0 0 0 1 0 0 0 1 3005.dat
1 288 -50 -48 -140 0 0 -1 0 1 0 1 0 0 3004.dat
1 4 -20 -24 -130 1 0 0 0 1 0 0 0 1 32000.dat
1 288 10 -24 -130 1 0 0 0 1 0 0 0 1 3005.dat
1 4 -10 -48 -130 1 0 0 0 1 0 0 0 1 3622.dat
1 71 30 -48 -130 0 0 -1 0 1 0 1 0 0 60481.dat
1 28 120 0 -300 0 0 -1 0 1 0 1 0 0 3958.dat
1 71 90 -30 -300 -1 0 0 0 1 0 0 0 -1 54869.dat
1 36 130 -24 -300 0 0 -1 0 1 0 1 0 0 3065.dat
1 36 150 -24 -300 0 0 -1 0 1 0 1 0 0 3065.dat
1 330 150 -8 -330 1 0 0 0 1 0 0 0 1 54200.dat
1 330 150 -8 -270 -1 0 0 0 1 0 0 0 -1 54200.dat
1 71 -20 -14 -300 -1 0 0 0 1 0 0 0 -1 60485.dat
1 71 -80 -14 -300 0 -1 0 -1 0 0 0 0 -1 92947.dat
1 19 -104 -14 -300 0 -1 0 -1 0 0 0 0 -1 2654.dat
1 71 30 -48 -190 0 0 -1 0 1 0 1 0 0 60481.dat
1 28 120 0 -210 0 0 -1 0 1 0 1 0 0 54384.dat
1 72 60 -24 -230 0 0 -1 0 1 0 1 0 0 3002.dat
1 72 60 -48 -230 0 0 -1 0 1 0 1 0 0 3002.dat
1 71 90 -48 -230 -1 0 0 0 1 0 0 0 -1 60481.dat
1 72 30 -24 -170 0 0 -1 0 1 0 1 0 0 3046.dat
1 72 30 -48 -170 0 0 -1 0 1 0 1 0 0 3040.dat
1 72 30 -48 -150 0 0 -1 0 1 0 1 0 0 3665.dat
1 72 130 -24 -250 -1 0 0 0 1 0 0 0 -1 3046.dat
1 72 130 -48 -250 -1 0 0 0 1 0 0 0 -1 3040.dat
1 72 110 -48 -250 -1 0 0 0 1 0 0 0 -1 3665.dat
1 71 150 -48 -250 -1 0 0 0 1 0 0 0 -1 60481.dat
1 330 170 0 -230 0 0 -1 0 1 0 1 0 0 54200.dat
1 72 -50 -24 -350 1 0 0 0 1 0 0 0 1 3046.dat
1 72 -50 -48 -350 1 0 0 0 1 0 0 0 1 3040.dat
1 72 -30 -48 -350 1 0 0 0 1 0 0 0 1 3665.dat
1 71 -10 -48 -350 1 0 0 0 1 0 0 0 1 60481.dat
1 28 0 0 -390 0 0 1 0 1 0 -1 0 0 54384.dat
1 72 10 -24 -370 1 0 0 0 1 0 0 0 1 3046.dat
1 72 10 -48 -370 1 0 0 0 1 0 0 0 1 3040.dat
1 72 30 -48 -370 1 0 0 0 1 0 0 0 1 3665.dat
1 71 50 -48 -350 1 0 0 0 1 0 0 0 1 60481.dat
1 72 70 -24 -370 1 0 0 0 1 0 0 0 1 3046.dat
1 72 70 -48 -370 1 0 0 0 1 0 0 0 1 3040.dat
1 72 90 -48 -370 1 0 0 0 1 0 0 0 1 3665.dat
1 71 110 -48 -350 1 0 0 0 1 0 0 0 1 60481.dat
1 28 120 0 -390 0 0 -1 0 1 0 1 0 0 54383.dat
1 72 130 -24 -350 1 0 0 0 1 0 0 0 1 3046.dat
1 72 130 -48 -350 1 0 0 0 1 0 0 0 1 3040.dat
1 72 150 -48 -350 1 0 0 0 1 0 0 0 1 3665.dat
1 330 170 0 -370 0 0 1 0 1 0 -1 0 0 54200.dat
1 71 170 -48 -350 0 0 -1 0 1 0 1 0 0 60481.dat
1 71 170 -48 -290 0 0 -1 0 1 0 1 0 0 60481.dat
1 28 200 0 -330 1 0 0 0 1 0 0 0 1 43723.dat
1 28 200 0 -270 -1 0 0 0 1 0 0 0 -1 43722.dat
1 72 170 -24 -330 0 0 -1 0 1 0 1 0 0 3046.dat
1 72 170 -48 -330 0 0 -1 0 1 0 1 0 0 3040.dat
1 72 170 -48 -310 0 0 -1 0 1 0 1 0 0 3665.dat
1 72 170 -24 -270 0 0 -1 0 1 0 1 0 0 3046.dat
1 72 170 -48 -270 0 0 -1 0 1 0 1 0 0 3040.dat
1 72 170 -48 -250 0 0 -1 0 1 0 1 0 0 3665.dat
1 28 0 -56 -240 0 0 -1 0 1 0 1 0 0 3028.dat
1 28 20 -56 -370 1 0 0 0 1 0 0 0 1 3023.dat
1 28 100 -56 -360 1 0 0 0 1 0 0 0 1 3020.dat
1 28 100 -56 -240 1 0 0 0 1 0 0 0 1 3020.dat
1 28 160 -56 -300 0 0 -1 0 1 0 1 0 0 3795.dat
1 28 90 -56 -390 0 0 -1 0 1 0 1 0 0 3024.dat
1 28 190 -56 -310 0 0 -1 0 1 0 1 0 0 3024.dat
1 0 100 -78 -300 0 0 -1 0 1 0 1 0 0 3940.dat
1 330 150 -48 -370 1 0 0 0 1 0 0 0 1 54200.dat
1 330 190 -48 -250 0 0 1 0 1 0 -1 0 0 54200.dat
1 330 70 -48 -210 0 0 -1 0 1 0 1 0 0 54200.dat
1 330 30 -48 -390 0 0 -1 0 1 0 1 0 0 54200.dat
1 330 -30 -48 -370 1 0 0 0 1 0 0 0 1 54200.dat
1 71 -50 -104 -330 1 0 0 0 1 0 0 0 1 60481.dat
1 70 -50 -176 -260 0 0 -1 0 1 0 1 0 0 64448.dat
1 70 -50 -184 -260 0 0 -1 0 1 0 1 0 0 3666.dat
1 0 50 -80 -300 0 0 1 0 1 0 -1 0 0 2877.dat
1 308 30 -104 -290 1 0 0 0 1 0 0 0 1 60481.dat
1 308 -30 -104 -290 1 0 0 0 1 0 0 0 1 60481.dat
1 330 -50 -104 -330 0 0 -1 0 1 0 1 0 0 54200.dat
1 308 -30 -104 -230 -1 0 0 0 1 0 0 0 -1 60481.dat
1 308 30 -104 -230 -1 0 0 0 1 0 0 0 -1 60481.dat
1 288 -10 -80 -210 1 0 0 0 1 0 0 0 1 3005.dat
1 70 0 -112 -260 1 0 0 0 1 0 0 0 1 3031.dat
1 72 -10 -80 -190 -1 0 0 0 1 0 0 0 -1 3040.dat
1 71 10 -104 -210 -1 0 0 0 1 0 0 0 -1 60481.dat
1 71 -10 -128 -210 -1 0 0 0 1 0 0 0 -1 60481.dat
1 72 10 -128 -210 0 0 -1 0 1 0 1 0 0 3665.dat
1 72 0 -120 -260 0 0 -1 0 1 0 1 0 0 4032.dat
1 72 -10 -152 -210 0 0 -1 0 1 0 1 0 0 3040.dat
1 330 30 -128 -210 -1 0 0 0 1 0 0 0 -1 54200.dat
1 0 0 -128 -260 -1 0 0 0 1 0 0 0 -1 14769.dat
1 14 70 -28 -270 -0.7071 0 0.7071 0 1 0 -0.7071 0 -0.7071 59900.dat
1 57 70 -34 -270 -0.7071 0.7071 0 0 0 -1 -0.7071 -0.7071 0 6126.dat
1 14 70 -36 -330 0.7071 0 0.7071 0 1 0 -0.7071 0 0.7071 59900.dat
1 57 70 -42 -330 0.7071 0.7071 0 0 0 -1 -0.7071 0.7071 0 6126.dat
1 14 130 -28 -270 0.7071 0 0.7071 0 1 0 -0.7071 0 0.7071 59900.dat
1 57 130 -34 -270 0.7071 0.7071 0 0 0 -1 -0.7071 0.7071 0 6126.dat
1 14 130 -28 -330 0.866 0 -0.5 0 1 0 0.5 0 0.866 59900.dat
1 57 130 -34 -330 0.866 -0.5 0 0 0 -1 0.5 0.866 0 6126.dat
1 0 100 -80 -350 1 0 0 0 1 0 0 0 1 2877.dat
1 0 100 -80 -250 -1 0 0 0 1 0 0 0 -1 2877.dat
1 0 150 -80 -300 0 0 -1 0 1 0 1 0 0 2877.dat
1 0 60 -80 -260 -1 0 0 0 1 0 0 0 -1 87620.dat
1 0 60 -80 -340 0 0 1 0 1 0 -1 0 0 87620.dat
1 0 140 -80 -260 0 0 -1 0 1 0 1 0 0 87620.dat
1 0 140 -80 -340 1 0 0 0 1 0 0 0 1 87620.dat
1 80 100 -64 -230 -1 0 0 0 1 0 0 0 -1 2412.dat
1 80 100 -64 -370 -1 0 0 0 1 0 0 0 -1 2412.dat
1 0 100 -120 -300 0 0 -1 0 1 0 1 0 0 4341.dat
1 28 200 0 50 0.259 0 -0.966 0 1 0 0.966 0 0.259 3958.dat
1 0 248.3 -8 37.05 0.259 0 -0.966 0 1 0 0.966 0 0.259 3710.dat
1 0 219.32 -8 44.82 0.259 0 -0.966 0 1 0 0.966 0 0.259 87580.dat
1 0 180.68 -8 55.18 0.259 0 -0.966 0 1 0 0.966 0 0.259 87580.dat
1 71 253.48 -16 56.37 0.259 0 -0.966 0 1 0 0.966 0 0.259 92280.dat
1 71 243.12 -16 17.73 -0.259 0 0.966 0 1 0 -0.966 0 -0.259 92280.dat
1 28 248.3 -24 37.05 0.259 0 -0.966 0 1 0 0.966 0 0.259 3023.dat
1 57 227.09 -8 73.8 0.966 0 0.259 0 1 0 -0.259 0 0.966 3023.dat
1 57 188.45 -8 84.16 0.966 0 0.259 0 1 0 -0.259 0 0.966 3023.dat
1 57 211.55 -8 15.84 0.966 0 0.259 0 1 0 -0.259 0 0.966 3023.dat
1 57 172.91 -8 26.2 0.966 0 0.259 0 1 0 -0.259 0 0.966 3023.dat
1 0 248.3 -32 37.05 0.259 0 -0.966 0 1 0 0.966 0 0.259 15573.dat
1 0 228.98 -32 42.23 -0.259 0 0.966 0 1 0 -0.966 0 -0.259 60477.dat
1 148 257.036 -22 65.771 0.259 0.966 0 0 0 1 0.966 -0.259 0 10050.dat
1 0 251.59 -24 87.94 -0.966 0 -0.259 0 1 0 0.259 0 -0.966 2877.dat
1 0 212.95 -24 98.3 -0.966 0 -0.259 0 1 0 0.259 0 -0.966 2877.dat
1 0 225.69 -24 -8.66 0.966 0 0.259 0 1 0 -0.259 0 0.966 2877.dat
1 0 187.05 -24 1.7 0.966 0 0.259 0 1 0 -0.259 0 0.966 2877.dat
1 0 151.7 -24 62.95 -0.259 0 0.966 0 1 0 -0.966 0 -0.259 2877.dat
1 0 151 -24 21.72 -0.259 0 0.966 0 1 0 -0.966 0 -0.259 87620.dat
1 0 171.72 -24 99 -0.966 0 -0.259 0 1 0 0.259 0 -0.966 87620.dat
1 80 151.7 -32 62.95 -0.259 0 0.966 0 1 0 -0.966 0 -0.259 2412.dat
1 80 238.64 -40 39.64 -0.966 0 -0.259 0 1 0 0.259 0 -0.966 2412.dat
1 0 220 0 -120 0.707 0 0.707 0 1 0 -0.707 0 0.707 4740.dat
1 0 220 -32 -120 0.707 0 0.707 0 1 0 -0.707 0 0.707 47905.dat
1 0 207.274 -22 -132.726 0.707 0.707 0 0 0 -1 -0.707 0.707 0 6141.dat
1 0 232.726 -22 -107.274 0.707 -0.707 0 0 0 1 -0.707 -0.707 0 6141.dat
1 0 232.726 -22 -107.274 -0.707 -0.707 0 0 0 -1 0.707 -0.707 0 54200.dat
1 0 207.274 -22 -132.726 0.707 0.707 0 0 0 -1 -0.707 0.707 0 54200.dat
1 0 220 -8 -120 0.707 0 0.707 0 1 0 -0.707 0 0.707 6141.dat
1 148 175.2227 -25.5383 -86.3154 0.061304 -0.748052 0.660976 0.9462 0.2541 0.1999 -0.317597 0.613142 0.723498 10050.dat
1 308 9 -276 -80 0 0 -1 0 1 0 1 0 0 3817.dat
1 72 9 -288 -80 0 0 -1 0 1 0 1 0 0 3815.dat
1 308 9 -276 -80 0 0 -1 0 1 0 1 0 0 3816.dat
1 308 9 -320 -80 0 0 -1 0 1 0 1 0 0 973.dat
1 320 9 -347 -80 0 0 -1 0 1 0 1 0 0 3626.dat
1 148 9 -347 -80 0 0 -1 0 1 0 1 0 0 10051.dat
1 148 9 -320 -80 0 0 -1 0 1 0 1 0 0 2587.dat
1 72 43.3427 -305.5778 -58.4392 0.2438 -0.0867 -0.9659 0.1753 0.9836 -0.044 0.9539 -0.1587 0.2551 10049.dat
1 148 22.8836 -284.0308 -103.2458 -0.2152 -0.7891 0.5753 0.2675 0.5189 0.8119 -0.9392 0.3286 0.0994 10050.dat
1 308 40 -128 29 -1 0 0 0 1 0 0 0 -1 973.dat
1 28 40 -152 29 -0.848 0 -0.5299 0 1 0 0.5299 0 -0.848 3626.dat
1 0 65.2083 -71.4259 60.8198 0.9867 0.0474 0.1544 -0.1213 -0.4138 0.9021 0.1067 -0.9088 -0.4027 3837.dat
1 179 62 -70 95 0 -0.0697 -0.9975 0 0.9975 -0.0697 1 0 0 98138.dat
1 148 150 -26 -140 -0.259 0 -0.966 0 1 0 0.966 0 -0.259 2587.dat
1 148 179 -15 -186 -0.224 -0.5 -0.836 -0.966 0 0.259 -0.129 0.866 -0.483 10051.dat
