0 Main
0 Name: 3934 - Mias Puppy House.mpd
0 Author: LTRON
1 2 0 0 0 1 0 0 0 1 0 0 0 1 3036.dat
1 19 -30 -24 50 1 0 0 0 1 0 0 0 1 3622.dat
1 19 -70 -24 30 0 0 1 0 1 0 -1 0 0 3622.dat
1 19 10 -24 30 0 0 1 0 1 0 -1 0 0 3622.dat
1 15 -70 -48 50 0 0 1 0 1 0 -1 0 0 2357.dat
1 15 10 -48 50 -1 0 0 0 1 0 0 0 -1 2357.dat
1 15 -70 -48 10 1 0 0 0 1 0 0 0 1 87087.dat
1 15 10 -48 10 1 0 0 0 1 0 0 0 1 87087.dat
1 19 -30 -72 50 1 0 0 0 1 0 0 0 1 4490.dat
1 5 -70 -38 -8 0.707107 0 -0.707107 -0.707107 0 -0.707107 0 1 0 33291.dat
1 5 10 -38 -8 0.707107 0 -0.707107 -0.707107 0 -0.707107 0 1 0 33291.dat
1 19 -70 -72 40 0 0 1 0 1 0 -1 0 0 3004.dat
1 19 10 -72 40 0 0 1 0 1 0 -1 0 0 3004.dat
1 19 -70 -72 10 0 0 -1 0 1 0 1 0 0 3665.dat
1 19 10 -72 10 0 0 1 0 1 0 -1 0 0 3665.dat
1 15 -70 -80 30 0 0 1 0 1 0 -1 0 0 3623.dat
1 15 0 -80 30 0 0 1 0 1 0 -1 0 0 3021.dat
1 15 -40 -80 30 0 0 1 0 1 0 -1 0 0 3021.dat
1 19 -30 -104 30 1 0 0 0 1 0 0 0 1 3622.dat
1 5 -30 -104 50 1 0 0 0 1 0 0 0 1 3622.dat
1 19 -50 -104 10 1 0 0 0 1 0 0 0 1 3005.dat
1 19 -10 -104 10 1 0 0 0 1 0 0 0 1 3005.dat
1 15 -30 -104 10 1 0 0 0 1 0 0 0 1 87087.dat
1 5 -70 -104 30 0 0 1 0 1 0 -1 0 0 3038.dat
1 5 10 -104 30 0 0 -1 0 1 0 1 0 0 3038.dat
1 5 -50 -128 30 0 0 1 0 1 0 -1 0 0 3038.dat
1 5 -10 -128 30 0 0 -1 0 1 0 1 0 0 3038.dat
1 5 -30 -128 30 0 0 -1 0 1 0 1 0 0 3622.dat
1 2 70 -12 -30 1 0 0 0 1 0 0 0 1 3741.dat
1 15 70 -29.628 -15.027 1 0 0 0 0.96592 0.25882 0 -0.258825 0.965919 3742.dat
1 15 55.911 -34.458 -38.134 -0.5 0.22415 -0.8365 0 0.96592 0.25882 0.86603 0.12941 -0.48296 3742.dat
1 14 85.209 -39.287 -38.782 -0.5 -0.22415 0.83651 0 0.96592 0.25882 -0.86603 0.12941 -0.48296 3742.dat
1 2 70 -12 30 1 0 0 0 1 0 0 0 1 3741.dat
1 14 70 -29.628 44.973 1 0 0 0 0.96592 0.25882 0 -0.258825 0.965919 3742.dat
1 15 55.911 -34.458 21.866 -0.5 0.22415 -0.8365 0 0.96592 0.25882 0.86603 0.12941 -0.48296 3742.dat
1 14 85.209 -39.287 21.218 -0.5 -0.22415 0.83651 0 0.96592 0.25882 -0.86603 0.12941 -0.48296 3742.dat
1 27 -160 -24 -20 1 0 0 0 1 0 0 0 1 3031.dat
1 14 -190 -16 10 1 0 0 0 1 0 0 0 1 59900.dat
1 14 -130 -16 10 1 0 0 0 1 0 0 0 1 59900.dat
1 14 -130 -16 -50 1 0 0 0 1 0 0 0 1 59900.dat
1 14 -190 -16 -50 1 0 0 0 1 0 0 0 1 59900.dat
1 27 -170 -24 -50 -1 0 0 0 1 0 0 0 -1 4523.dat
1 27 220 0 0 1 0 0 0 1 0 0 0 1 3020.dat
1 70 210 -24 0 0 0 1 0 1 0 -1 0 0 3039.dat
1 70 230 -24 0 0 0 -1 0 1 0 1 0 0 3039.dat
1 70 210 -48 10 0 0 1 0 1 0 -1 0 0 4287.dat
1 70 230 -120 10 0 0 1 0 1 0 -1 0 0 2339.dat
1 70 220 -48 -10 1 0 0 0 1 0 0 0 1 3700.dat
1 70 210 -72 -10 1 0 0 0 1 0 0 0 1 2357.dat
1 70 210 -96 10 0 0 -1 0 1 0 1 0 0 3040.dat
1 2 170 -56 10 0 0 1 0 1 0 -1 0 0 2423.dat
1 4 110 -48 10 1 0 0 0 1 0 0 0 1 6141.dat
1 2 230 -80 -10 0.707107 0 0.707107 0 1 0 -0.707107 0 0.707107 2423.dat
1 4 187.574 -72 -52.426 0.707107 0 -0.707107 0 1 0 0.707107 0 0.707107 6141.dat
1 2 290 -120 10 1 0 0 0 1 0 0 0 1 2423.dat
1 4 290 -112 -50 0 0 -1 0 1 0 1 0 0 6141.dat
1 2 210 -104 10 0.707107 0 -0.707107 0 1 0 0.707107 0 0.707107 2423.dat
1 4 252.426 -96 -32.426 -0.707107 0 -0.707107 0 1 0 0.707107 0 -0.707107 6141.dat
1 191 120 0 -100 1 0 0 0 1 0 0 0 1 6256.dat
1 15 110 -10 -100 0.258819 0.965926 0 -0.965926 0.258819 0 0 0 1 93160.dat
1 73 -120 8 -140 1 0 0 0 1 0 0 0 1 64951.dat
