0 
0 Name: New Model.ldr
0 Author: 
1 25 540 -88 -366 -0.067 0.964 0.259 0.998 0.07 0 -0.018 0.258 -0.966 3020.dat
1 72 514.854 -59.74 -372.732 0.259 0.964 0.067 0 0.07 -0.998 -0.966 0.258 0.018 2458.dat
1 15 528.834 -229.4 -379.332 -0.067 0.964 0.259 0.998 0.07 0 -0.018 0.258 -0.966 3703.dat
1 15 523.654 -229.4 -360.012 -0.067 0.964 0.259 0.998 0.07 0 -0.018 0.258 -0.966 3703.dat
1 25 509.152 -90.24 -374.256 -0.067 0.964 0.259 0.998 0.07 0 -0.018 0.258 -0.966 3020.dat
1 71 551.164 -369.12 -425.112 -0.259 0.964 -0.067 0 0.07 0.998 0.966 0.258 -0.018 6249.dat
1 71 520.084 -369.12 -309.192 -0.259 0.964 -0.067 0 0.07 0.998 0.966 0.258 -0.018 6249.dat
1 0 558.76 -367.44 -360.96 -0.259 0.964 -0.067 0 0.07 0.998 0.966 0.258 -0.018 32001.dat
1 0 517.732 -449.52 -309.816 0.067 0.964 -0.259 -0.998 0.07 0 0.018 0.258 0.966 3033.dat
1 0 548.812 -449.52 -425.736 0.067 0.964 -0.259 -0.998 0.07 0 0.018 0.258 0.966 3033.dat
1 4 526.9 -470.04 -369.48 0.259 0.964 0.067 0 0.07 -0.998 -0.966 0.258 0.018 3709.dat
1 4 524.22 -430.12 -370.2 0.259 0.964 0.067 0 0.07 -0.998 -0.966 0.258 0.018 3709.dat
1 0 524.083 -49.06 -371.298 0.259 0.964 0.067 0 0.07 -0.998 -0.966 0.258 0.018 2515b.dat
1 0 520 -24 0 -0.707 -0.049 -0.705 0 0.998 -0.07 0.707 -0.049 -0.705 3001.dat
1 27 521.176 -47.952 1.176 -0.707 -0.049 -0.705 0 0.998 -0.07 0.707 -0.049 -0.705 3003.dat
1 0 521.568 -55.936 1.568 -0.707 -0.049 -0.705 0 0.998 -0.07 0.707 -0.049 -0.705 43719.dat
1 71 521.96 -63.92 1.96 -0.707 -0.049 -0.705 0 0.998 -0.07 0.707 -0.049 -0.705 3022.dat
1 0 600 -24 -110 -0.5 -0.06 -0.864 0 0.998 -0.07 0.866 -0.035 -0.499 3001.dat
1 27 601.44 -47.952 -109.16 -0.5 -0.06 -0.864 0 0.998 -0.07 0.866 -0.035 -0.499 3003.dat
1 0 601.92 -55.936 -108.88 -0.5 -0.06 -0.864 0 0.998 -0.07 0.866 -0.035 -0.499 43719.dat
1 71 602.4 -63.92 -108.6 -0.5 -0.06 -0.864 0 0.998 -0.07 0.866 -0.035 -0.499 3022.dat
