0 Main
0 Name: 7106-1 - Droid Escape.mpd
0 Author: LTRON
1 7 0 0 0 0 0 -1 0 1 0 1 0 0 3031.dat
1 8 0 -24 -30 -1 0 0 0 1 0 0 0 -1 2877.dat
1 8 0 -24 30 1 0 0 0 1 0 0 0 1 2877.dat
1 8 62.124 -7 0 0 0.866 0.5 0 0.5 -0.866 -1 0 0 4589.dat
1 15 55.196 -11 0 0.5 0.866 0 -0.866 0.5 0 0 0 1 2555.dat
1 14 30 -24 0 0 0 -1 0 1 0 1 0 0 30236.dat
1 8 -62.124 -7 0 0 -0.866 -0.5 0 0.5 -0.866 1 0 0 4589.dat
1 15 -55.196 -11 0 -0.5 -0.866 0 -0.866 0.5 0 0 0 -1 2555.dat
1 14 -30 -24 0 0 0 1 0 1 0 -1 0 0 30236.dat
1 15 30 -24 30 0 0 -1 0 1 0 1 0 0 3676.dat
1 15 30 -24 -30 1 0 0 0 1 0 0 0 1 3676.dat
1 15 -30 -24 -30 0 0 1 0 1 0 -1 0 0 3676.dat
1 15 -30 -24 30 -1 0 0 0 1 0 0 0 -1 3676.dat
1 7 -40 -32 -40 0 0 1 0 1 0 -1 0 0 30565.dat
1 7 40 -32 -40 1 0 0 0 1 0 0 0 1 30565.dat
1 7 40 -32 40 0 0 -1 0 1 0 1 0 0 30565.dat
1 7 -40 -32 40 -1 0 0 0 1 0 0 0 -1 30565.dat
1 1 0 -40 0 -1 0 0 0 1 0 0 0 -1 3068.dat
1 7 0 -176 0 0 0 1 0 1 0 -1 0 0 30562.dat
1 7 0 -176 0 0 0 -1 0 1 0 1 0 0 30562.dat
1 14 0 -184 -70 -1 0 0 0 1 0 0 0 -1 3069.dat
1 14 0 -184 70 -1 0 0 0 1 0 0 0 -1 3069.dat
1 14 -70 -184 0 0 0 -1 0 1 0 1 0 0 3069.dat
1 14 70 -184 0 0 0 -1 0 1 0 1 0 0 3069.dat
1 7 0 -208 0 0 0 -1 0 1 0 1 0 0 3961.dat
1 4 0 -200 0 0 0 -1 0 1 0 1 0 0 3022.dat
1 1 0 -192 0 0 0 -1 0 1 0 1 0 0 4032.dat
1 8 0 -216 -10 1 0 0 0 1 0 0 0 1 2540.dat
1 8 0 -216 10 -1 0 0 0 1 0 0 0 -1 2540.dat
1 7 0 -224 0 -1 0 0 0 1 0 0 0 -1 4032.dat
1 15 0 -217 -35.196 0 0 -1 0.866 -0.5 0 -0.5 -0.866 0 2555.dat
1 8 0 -221 -42.124 0 0 -1 0.866 -0.5 0 -0.5 -0.866 0 4589.dat
1 15 0 -217 35.196 0 0 1 0.866 -0.5 0 0.5 0.866 0 2555.dat
1 8 0 -221 42.124 0 0 1 0.866 -0.5 0 0.5 0.866 0 4589.dat
1 8 0 8 0 1 0 0 0 1 0 0 0 1 3943.dat
