0 Main
0 Name: 21012-1 - Sydney Opera House.mpd
0 Author: LTRON
1 0 0 0 0 0 0 1 0 1 0 -1 0 0 3832.dat
1 0 180 0 80 1 0 0 0 1 0 0 0 1 4282.dat
1 72 140 -8 20 1 0 0 0 1 0 0 0 1 3456.dat
1 0 360 0 0 0 0 1 0 1 0 -1 0 0 3832.dat
1 0 180 0 -40 1 0 0 0 1 0 0 0 1 4282.dat
1 72 320 -8 20 0 0 -1 0 1 0 1 0 0 3032.dat
1 0 0 0 -140 0 0 -1 0 1 0 1 0 0 3020.dat
1 72 40 -8 -100 0 0 -1 0 1 0 1 0 0 3032.dat
1 0 180 0 -160 -1 0 0 0 1 0 0 0 -1 4282.dat
1 0 360 0 -140 0 0 1 0 1 0 -1 0 0 3020.dat
1 72 220 -8 -100 1 0 0 0 1 0 0 0 1 3456.dat
1 0 40 -8 -170 1 0 0 0 1 0 0 0 1 6636.dat
1 0 320 -8 -170 1 0 0 0 1 0 0 0 1 6636.dat
1 0 320 -8 90 1 0 0 0 1 0 0 0 1 6636.dat
1 0 40 -8 90 1 0 0 0 1 0 0 0 1 6636.dat
1 0 -10 -8 20 0 0 -1 0 1 0 1 0 0 6636.dat
1 0 -10 -8 -100 0 0 -1 0 1 0 1 0 0 6636.dat
1 0 370 -8 20 0 0 -1 0 1 0 1 0 0 6636.dat
1 0 370 -8 -100 0 0 -1 0 1 0 1 0 0 6636.dat
1 0 180 -8 90 -1 0 0 0 1 0 0 0 -1 4162.dat
1 0 180 -8 -170 1 0 0 0 1 0 0 0 1 4162.dat
1 19 340 -16 60 1 0 0 0 1 0 0 0 1 3068.dat
1 19 340 -16 30 1 0 0 0 1 0 0 0 1 3794.dat
1 19 340 -16 10 1 0 0 0 1 0 0 0 1 3794.dat
1 19 340 -16 -10 1 0 0 0 1 0 0 0 1 3794.dat
1 19 340 -16 -30 1 0 0 0 1 0 0 0 1 3794.dat
1 19 340 -16 -50 1 0 0 0 1 0 0 0 1 3794.dat
1 19 340 -16 -70 1 0 0 0 1 0 0 0 1 3794.dat
1 19 340 -16 -90 1 0 0 0 1 0 0 0 1 3794.dat
1 19 340 -16 -110 1 0 0 0 1 0 0 0 1 3794.dat
1 19 340 -16 -130 1 0 0 0 1 0 0 0 1 3794.dat
1 19 300 -16 70 1 0 0 0 1 0 0 0 1 3069.dat
1 19 260 -16 70 1 0 0 0 1 0 0 0 1 3069.dat
1 19 220 -16 70 1 0 0 0 1 0 0 0 1 3069.dat
1 19 180 -16 70 1 0 0 0 1 0 0 0 1 3069.dat
1 19 140 -16 70 1 0 0 0 1 0 0 0 1 3069.dat
1 19 100 -16 70 1 0 0 0 1 0 0 0 1 3069.dat
1 19 60 -16 60 1 0 0 0 1 0 0 0 1 3068.dat
1 19 20 -16 60 1 0 0 0 1 0 0 0 1 3068.dat
1 19 300 -16 -150 1 0 0 0 1 0 0 0 1 3069.dat
1 19 260 -16 -150 1 0 0 0 1 0 0 0 1 3069.dat
1 19 220 -16 -150 1 0 0 0 1 0 0 0 1 3069.dat
1 19 180 -16 -150 1 0 0 0 1 0 0 0 1 3069.dat
1 19 140 -16 -150 1 0 0 0 1 0 0 0 1 3069.dat
1 19 100 -16 -150 1 0 0 0 1 0 0 0 1 3069.dat
1 19 60 -16 -140 1 0 0 0 1 0 0 0 1 3068.dat
1 19 20 -16 -140 1 0 0 0 1 0 0 0 1 3068.dat
1 19 340 -16 -150 1 0 0 0 1 0 0 0 1 3069.dat
1 19 300 -16 50 1 0 0 0 1 0 0 0 1 3794.dat
1 19 300 -16 30 1 0 0 0 1 0 0 0 1 3794.dat
1 19 260 -16 50 1 0 0 0 1 0 0 0 1 3794.dat
1 19 260 -16 30 1 0 0 0 1 0 0 0 1 3794.dat
1 19 220 -16 50 1 0 0 0 1 0 0 0 1 3794.dat
1 19 220 -16 30 1 0 0 0 1 0 0 0 1 3794.dat
1 19 180 -16 50 1 0 0 0 1 0 0 0 1 3794.dat
1 19 180 -16 30 1 0 0 0 1 0 0 0 1 3794.dat
1 19 140 -16 50 1 0 0 0 1 0 0 0 1 3794.dat
1 19 100 -16 50 1 0 0 0 1 0 0 0 1 3794.dat
1 19 300 -16 -110 1 0 0 0 1 0 0 0 1 3794.dat
1 19 300 -16 -130 1 0 0 0 1 0 0 0 1 3794.dat
1 19 260 -16 -110 1 0 0 0 1 0 0 0 1 3794.dat
1 19 260 -16 -130 1 0 0 0 1 0 0 0 1 3794.dat
1 19 220 -16 -110 1 0 0 0 1 0 0 0 1 3794.dat
1 19 220 -16 -130 1 0 0 0 1 0 0 0 1 3794.dat
1 19 180 -16 -110 1 0 0 0 1 0 0 0 1 3794.dat
1 19 180 -16 -130 1 0 0 0 1 0 0 0 1 3794.dat
1 19 140 -16 -130 1 0 0 0 1 0 0 0 1 3794.dat
1 19 100 -16 -130 1 0 0 0 1 0 0 0 1 3794.dat
1 19 280 -16 -40 1 0 0 0 1 0 0 0 1 3068.dat
1 19 180 -16 0 1 0 0 0 1 0 0 0 1 3068.dat
1 19 180 -16 -80 1 0 0 0 1 0 0 0 1 3068.dat
1 19 170 -16 -40 0 0 -1 0 1 0 1 0 0 3794.dat
1 15 190 -16 -40 0 0 -1 0 1 0 1 0 0 3023.dat
1 19 40 -16 -40 0 0 -1 0 1 0 1 0 0 3068.dat
1 19 70 -16 -40 0 0 -1 0 1 0 1 0 0 3794.dat
1 19 10 -16 20 0 0 -1 0 1 0 1 0 0 3069.dat
1 19 10 -16 -20 0 0 -1 0 1 0 1 0 0 3069.dat
1 19 10 -16 -60 0 0 -1 0 1 0 1 0 0 3069.dat
1 19 10 -16 -100 0 0 -1 0 1 0 1 0 0 3069.dat
1 19 40 -16 -110 -1 0 0 0 1 0 0 0 -1 3069.dat
1 19 40 -16 30 -1 0 0 0 1 0 0 0 -1 3069.dat
1 0 40 -16 0 -1 0 0 0 1 0 0 0 -1 3680.dat
1 0 40 -16 -80 -1 0 0 0 1 0 0 0 -1 3680.dat
1 19 340 -16 -130 0 0 -1 0 1 0 1 0 0 50746.dat
1 19 340 -16 -110 0 0 -1 0 1 0 1 0 0 50746.dat
1 19 340 -16 -90 0 0 -1 0 1 0 1 0 0 50746.dat
1 19 340 -16 -70 0 0 -1 0 1 0 1 0 0 50746.dat
1 19 340 -16 -50 0 0 -1 0 1 0 1 0 0 50746.dat
1 19 340 -16 -30 0 0 -1 0 1 0 1 0 0 50746.dat
1 19 340 -16 -10 0 0 -1 0 1 0 1 0 0 50746.dat
1 19 340 -16 10 0 0 -1 0 1 0 1 0 0 50746.dat
1 19 340 -16 30 0 0 -1 0 1 0 1 0 0 50746.dat
1 19 230 -24 50 -1 0 0 0 1 0 0 0 -1 3666.dat
1 19 130 -24 50 -1 0 0 0 1 0 0 0 -1 3710.dat
1 19 290 -24 -130 -1 0 0 0 1 0 0 0 -1 3710.dat
1 19 300 -16 50 0 0 -1 0 1 0 1 0 0 50746.dat
1 19 170 -24 -130 -1 0 0 0 1 0 0 0 -1 3460.dat
1 0 190 -24 -40 0 0 1 0 1 0 -1 0 0 3023.dat
1 71 210 -24 -110 1 0 0 0 1 0 0 0 1 3710.dat
1 71 210 -24 30 1 0 0 0 1 0 0 0 1 3710.dat
1 71 270 -24 -40 0 0 -1 0 1 0 1 0 0 3034.dat
1 19 310 -24 -40 0 0 -1 0 1 0 1 0 0 3034.dat
1 19 320 -32 -50 -1 0 0 0 1 0 0 0 -1 3070.dat
1 19 300 -24 -50 0 0 -1 0 1 0 1 0 0 50746.dat
1 19 310 -32 -20 0 0 -1 0 1 0 1 0 0 3068.dat
1 19 310 -32 20 0 0 -1 0 1 0 1 0 0 3068.dat
1 19 320 -24 -70 0 0 -1 0 1 0 1 0 0 50746.dat
1 19 320 -24 -130 0 0 -1 0 1 0 1 0 0 50746.dat
1 40 320 -48 -100 0 0 -1 0 1 0 1 0 0 4865.dat
1 19 300 -24 -70 0 0 1 0 1 0 -1 0 0 50746.dat
1 19 300 -24 -130 0 0 1 0 1 0 -1 0 0 50746.dat
1 15 300 -48 -100 0 0 1 0 1 0 -1 0 0 3937.dat
1 19 260 -32 -50 0 0 1 0 1 0 -1 0 0 2420.dat
1 19 280 -32 -30 0 0 1 0 1 0 -1 0 0 3070.dat
1 19 280 -32 50 0 0 1 0 1 0 -1 0 0 3070.dat
1 19 280 -24 -10 0 0 -1 0 1 0 1 0 0 50746.dat
1 19 280 -24 10 0 0 -1 0 1 0 1 0 0 50746.dat
1 19 280 -24 30 0 0 -1 0 1 0 1 0 0 50746.dat
1 15 280 -24 -100 0 0 -1 0 1 0 1 0 0 85984.dat
1 19 280 -24 -70 0 0 -1 0 1 0 1 0 0 50746.dat
1 19 280 -24 -130 0 0 -1 0 1 0 1 0 0 50746.dat
1 0 260 -24 -30 0 0 -1 0 1 0 1 0 0 50746.dat
1 19 260 -24 50 0 0 -1 0 1 0 1 0 0 50746.dat
1 19 260 -32 10 0 0 -1 0 1 0 1 0 0 3623.dat
1 15 260 -48 -100 0 0 -1 0 1 0 1 0 0 3937.dat
1 19 240 -32 -130 1 0 0 0 1 0 0 0 1 3623.dat
1 19 150 -32 -130 1 0 0 0 1 0 0 0 1 3666.dat
1 19 170 -32 50 1 0 0 0 1 0 0 0 1 3460.dat
1 19 230 -32 -40 0 0 -1 0 1 0 1 0 0 3034.dat
1 28 190 -32 -40 0 0 -1 0 1 0 1 0 0 32028.dat
1 15 200 -32 -110 0 0 -1 0 1 0 1 0 0 2420.dat
1 19 120 -32 -40 -1 0 0 0 1 0 0 0 -1 3001.dat
1 19 100 -40 -40 -1 0 0 0 1 0 0 0 -1 3068.dat
1 19 140 -40 -40 -1 0 0 0 1 0 0 0 -1 3068.dat
1 19 70 -24 -40 -1 0 0 0 1 0 0 0 -1 3024.dat
1 19 70 -32 -40 -1 0 0 0 1 0 0 0 -1 3024.dat
1 19 70 -40 -40 -1 0 0 0 1 0 0 0 -1 3070.dat
1 19 170 -24 -40 -1 0 0 0 1 0 0 0 -1 3024.dat
1 19 170 -32 -40 -1 0 0 0 1 0 0 0 -1 3024.dat
1 19 170 -40 -40 -1 0 0 0 1 0 0 0 -1 3070.dat
1 15 200 -32 30 -1 0 0 0 1 0 0 0 -1 2420.dat
1 19 260 -40 30 -1 0 0 0 1 0 0 0 -1 3070.dat
1 19 210 -40 50 -1 0 0 0 1 0 0 0 -1 2431.dat
1 19 130 -40 50 -1 0 0 0 1 0 0 0 -1 2431.dat
1 19 210 -40 30 -1 0 0 0 1 0 0 0 -1 2431.dat
1 19 230 -40 10 -1 0 0 0 1 0 0 0 -1 2431.dat
1 19 230 -40 -40 -1 0 0 0 1 0 0 0 -1 3068.dat
1 19 230 -40 -70 -1 0 0 0 1 0 0 0 -1 2431.dat
1 19 230 -40 -10 -1 0 0 0 1 0 0 0 -1 2431.dat
1 19 270 -40 -50 -1 0 0 0 1 0 0 0 -1 3069.dat
1 19 190 -40 -40 0 0 1 0 1 0 -1 0 0 3069.dat
1 19 210 -40 -90 1 0 0 0 1 0 0 0 1 3069.dat
1 19 240 -40 -90 1 0 0 0 1 0 0 0 1 3070.dat
1 19 210 -40 -110 1 0 0 0 1 0 0 0 1 2431.dat
1 19 210 -40 -130 1 0 0 0 1 0 0 0 1 2431.dat
1 19 130 -40 -130 1 0 0 0 1 0 0 0 1 2431.dat
1 19 260 -40 -130 1 0 0 0 1 0 0 0 1 3070.dat
1 71 40 -16 0 -0.151 0 0.989 0 1 0 -0.989 0 -0.151 3679.dat
1 19 59.78 -40 -3.02 -0.151 0 0.989 0 1 0 -0.989 0 -0.151 3003.dat
1 19 33.13 -40 21.29 -0.151 0 0.989 0 1 0 -0.989 0 -0.151 30414.dat
1 19 141.92 -40 4.68 -0.989 0 -0.151 0 1 0 0.151 0 -0.989 3001.dat
1 19 181.48 -48 -1.36 -0.989 0 -0.151 0 1 0 0.151 0 -0.989 3022.dat
1 19 148.79 -48 -16.61 -0.151 0 0.989 0 1 0 -0.989 0 -0.151 3023.dat
1 19 156.34 -48 32.84 -0.151 0 0.989 0 1 0 -0.989 0 -0.151 2420.dat
1 19 82.58 -48 13.74 0.989 0 0.151 0 1 0 -0.151 0 0.989 3032.dat
1 19 68.84 -26 56.32 0.989 -0.151 0 0 0 1 -0.151 -0.989 0 44728.dat
1 15 171.59 -72 0.15 -0.151 0 0.989 0 1 0 -0.989 0 -0.151 3937.dat
1 15 176.12 -48 29.82 -0.151 0 0.989 0 1 0 -0.989 0 -0.151 50746.dat
1 40 191.37 -72 -2.87 0.151 0 -0.989 0 1 0 0.989 0 0.151 4865.dat
1 15 133.54 -56 16.08 0.989 0 0.151 0 1 0 -0.151 0 0.989 2420.dat
1 15 130.52 -56 -3.7 -0.151 0 0.989 0 1 0 -0.989 0 -0.151 2420.dat
1 40 156.34 -48 32.84 0.151 0 -0.989 0 1 0 0.989 0 0.151 50746.dat
1 40 147.28 -48 -26.5 0.151 0 -0.989 0 1 0 0.989 0 0.151 50746.dat
1 15 132.03 -80 6.19 0.151 0 -0.989 0 1 0 0.989 0 0.151 3937.dat
1 15 127.5 -56 -23.48 0.989 0 0.151 0 1 0 -0.151 0 0.989 50746.dat
1 15 136.56 -56 35.86 -0.989 0 -0.151 0 1 0 0.151 0 -0.989 50746.dat
1 15 109.23 -48 -10.57 -0.151 0 0.989 0 1 0 -0.989 0 -0.151 85984.dat
1 15 115.27 -48 28.99 -0.151 0 0.989 0 1 0 -0.989 0 -0.151 85984.dat
1 40 97 -48 41.9 0.151 0 -0.989 0 1 0 0.989 0 0.151 50746.dat
1 40 87.94 -48 -17.44 0.151 0 -0.989 0 1 0 0.989 0 0.151 50746.dat
1 15 92.47 -72 12.23 0.151 0 -0.989 0 1 0 0.989 0 0.151 3937.dat
1 15 69.67 -48 -4.53 -0.151 0 0.989 0 1 0 -0.989 0 -0.151 85984.dat
1 15 75.71 -48 35.03 -0.151 0 0.989 0 1 0 -0.989 0 -0.151 85984.dat
1 15 52.91 -72 18.27 0.151 0 -0.989 0 1 0 0.989 0 0.151 3937.dat
1 15 48.38 -48 -11.4 0.151 0 -0.989 0 1 0 0.989 0 0.151 50746.dat
1 15 57.44 -48 47.94 0.151 0 -0.989 0 1 0 0.989 0 0.151 50746.dat
1 40 33.13 -56 21.29 0.151 0 -0.989 0 1 0 0.989 0 0.151 3023.dat
1 40 37.66 -48 50.96 -0.151 0 0.989 0 1 0 -0.989 0 -0.151 50746.dat
1 40 28.6 -48 -8.38 -0.151 0 0.989 0 1 0 -0.989 0 -0.151 50746.dat
1 19 15.328 -30 24.008 -0.151 0.989 0 0 0 -1 -0.989 -0.151 0 3023.dat
1 19 23.24 -30 22.8 0 0.989 0.151 -1 0 0 0 -0.151 0.989 93273.dat
1 40 31.62 -56 11.4 -0.151 0 0.989 0 1 0 -0.989 0 -0.151 50746.dat
1 40 34.64 -56 31.18 -0.151 0 0.989 0 1 0 -0.989 0 -0.151 50746.dat
1 19 70.048 -36 64.232 0 -0.151 0.989 -1 0 0 0 -0.989 -0.151 3068.dat
1 71 165.9171 -70.192 1.0161 -0.151 0.56729 0.810189 0 0.8192 -0.5736 -0.989 -0.086614 -0.123699 3938.dat
1 15 173.0442 -94.7712 -0.072 0.151 0.56729 -0.810189 0 0.8192 0.5736 0.989 -0.086614 0.123699 64225.dat
1 71 59.3988 -69.548 17.2793 0.151 -0.648883 -0.746497 0 0.7548 -0.6561 0.989 0.099071 0.113975 3938.dat
1 15 54.851 -94.7468 17.9736 -0.151 -0.648883 0.746497 0 0.7548 0.6561 -0.989 0.099071 -0.113975 64225.dat
1 71 101.1198 -66.848 10.9094 0.151 -0.864979 -0.479467 0 0.4848 -0.8746 0.989 0.132065 0.073205 6134.dat
1 0 108.0396 -70.7264 9.8528 0.151 -0.864979 -0.479467 0 0.4848 -0.8746 0.989 0.132065 0.073205 3023.dat
1 15 100.5754 -100.8428 10.9925 -0.151 -0.864979 0.479467 0 0.4848 0.8746 -0.989 0.132065 -0.073205 47753.dat
1 40 75.0213 -97.9536 14.8941 -0.151 -0.864979 0.479467 0 0.4848 0.8746 -0.989 0.132065 -0.073205 3023.dat
1 71 141.2 -73.746 4.7899 0.151 -0.917001 -0.370479 0 0.3746 -0.9272 0.989 0.140007 0.056565 6134.dat
1 15 148.536 -76.7428 3.6699 0.151 -0.917001 -0.370479 0 0.3746 -0.9272 0.989 0.140007 0.056565 3069.dat
1 15 130.012 -123.1028 6.4981 -0.151 -0.917001 0.370479 0 0.3746 0.9272 -0.989 0.140007 -0.056565 47753.dat
1 40 104.2992 -123.3844 10.4239 -0.151 -0.917001 0.370479 0 0.3746 0.9272 -0.989 0.140007 -0.056565 3023.dat
1 40 119.0448 -107.8372 8.1726 -0.151 -0.917001 0.370479 0 0.3746 0.9272 -0.989 0.140007 -0.056565 3023.dat
1 40 111.7088 -104.8404 9.2926 -0.151 -0.917001 0.370479 0 0.3746 0.9272 -0.989 0.140007 -0.056565 3023.dat
1 71 40 -16 -80 0.151 0 0.989 0 1 0 -0.989 0 0.151 3679.dat
1 19 33.13 -40 -101.29 0.151 0 0.989 0 1 0 -0.989 0 0.151 30414.dat
1 19 59.78 -40 -76.98 0.151 0 0.989 0 1 0 -0.989 0 0.151 3003.dat
1 19 141.92 -40 -84.68 -0.989 0 0.151 0 1 0 -0.151 0 -0.989 3001.dat
1 19 191.37 -48 -77.13 -0.989 0 0.151 0 1 0 -0.151 0 -0.989 3021.dat
1 19 147.28 -48 -53.5 0.151 0 0.989 0 1 0 -0.989 0 0.151 2420.dat
1 19 156.34 -48 -112.84 0.989 0 -0.151 0 1 0 0.151 0 0.989 2420.dat
1 19 82.58 -48 -93.74 0.989 0 -0.151 0 1 0 0.151 0 0.989 3032.dat
1 19 68.84 -26 -136.32 -0.989 -0.151 0 0 0 1 -0.151 0.989 0 44728.dat
1 40 211.15 -72 -74.11 -0.151 0 -0.989 0 1 0 0.989 0 -0.151 4865.dat
1 15 191.37 -72 -77.13 0.151 0 0.989 0 1 0 -0.989 0 0.151 3937.dat
1 40 167.06 -48 -50.48 -0.151 0 -0.989 0 1 0 0.989 0 -0.151 50746.dat
1 40 147.28 -48 -53.5 0.151 0 0.989 0 1 0 -0.989 0 0.151 50746.dat
1 40 176.12 -48 -109.82 -0.151 0 -0.989 0 1 0 0.989 0 -0.151 50746.dat
1 40 156.34 -48 -112.84 0.151 0 0.989 0 1 0 -0.989 0 0.151 50746.dat
1 15 161.7 -72 -81.66 -0.151 0 -0.989 0 1 0 0.989 0 -0.151 3300.dat
1 15 132.03 -72 -86.19 -0.151 0 -0.989 0 1 0 0.989 0 -0.151 3937.dat
1 15 127.5 -56 -56.52 -0.151 0 -0.989 0 1 0 0.989 0 -0.151 3024.dat
1 15 136.56 -56 -115.86 -0.151 0 -0.989 0 1 0 0.989 0 -0.151 3024.dat
1 15 110.74 -56 -79.32 -0.151 0 -0.989 0 1 0 0.989 0 -0.151 2420.dat
1 15 113.76 -56 -99.1 -0.989 0 0.151 0 1 0 -0.151 0 -0.989 2420.dat
1 15 127.5 -56 -56.52 -0.151 0 -0.989 0 1 0 0.989 0 -0.151 50746.dat
1 15 136.56 -56 -115.86 -0.151 0 -0.989 0 1 0 0.989 0 -0.151 50746.dat
1 15 109.23 -56 -69.43 0.151 0 0.989 0 1 0 -0.989 0 0.151 85984.dat
1 15 115.27 -56 -108.99 0.151 0 0.989 0 1 0 -0.989 0 0.151 85984.dat
1 15 92.47 -80 -92.23 -0.151 0 -0.989 0 1 0 0.989 0 -0.151 3937.dat
1 40 87.94 -48 -62.56 -0.151 0 -0.989 0 1 0 0.989 0 -0.151 50746.dat
1 40 97 -48 -121.9 -0.151 0 -0.989 0 1 0 0.989 0 -0.151 50746.dat
1 15 69.67 -48 -75.47 0.151 0 0.989 0 1 0 -0.989 0 0.151 85984.dat
1 15 75.71 -48 -115.03 0.151 0 0.989 0 1 0 -0.989 0 0.151 85984.dat
1 15 52.91 -72 -98.27 -0.151 0 -0.989 0 1 0 0.989 0 -0.151 3937.dat
1 15 48.38 -48 -68.6 -0.151 0 -0.989 0 1 0 0.989 0 -0.151 50746.dat
1 15 57.44 -48 -127.94 -0.151 0 -0.989 0 1 0 0.989 0 -0.151 50746.dat
1 40 28.6 -48 -71.62 0.151 0 0.989 0 1 0 -0.989 0 0.151 50746.dat
1 40 37.66 -48 -130.96 0.151 0 0.989 0 1 0 -0.989 0 0.151 50746.dat
1 40 33.13 -56 -101.29 0.151 0 0.989 0 1 0 -0.989 0 0.151 3023.dat
1 19 15.328 -30 -104.008 0.151 0.989 0 0 0 -1 -0.989 0.151 0 3023.dat
1 19 23.24 -30 -102.8 0 0.989 0.151 1 0 0 0 0.151 -0.989 93273.dat
1 40 31.62 -56 -91.4 0.151 0 0.989 0 1 0 -0.989 0 0.151 50746.dat
1 40 34.64 -56 -111.18 0.151 0 0.989 0 1 0 -0.989 0 0.151 50746.dat
1 19 70.048 -36 -144.232 0 -0.151 0.989 1 0 0 0 0.989 0.151 3068.dat
1 71 59.3988 -69.548 -97.2793 -0.151 -0.648883 -0.746497 0 0.7548 -0.6561 0.989 -0.099071 -0.113975 3938.dat
1 15 54.851 -94.7468 -97.9736 0.151 -0.648883 0.746497 0 0.7548 0.6561 -0.989 -0.099071 0.113975 64225.dat
1 71 184.7516 -69.431 -78.1405 -0.151 0.661839 -0.734926 0 0.7431 0.6692 0.989 0.101049 -0.112208 3938.dat
1 15 201.5047 -95.4518 -75.5826 -0.151 0.661839 -0.734926 0 0.7431 0.6692 0.989 0.101049 -0.112208 47753.dat
1 40 224.7381 -84.3094 -72.0354 -0.151 0.661839 -0.734926 0 0.7431 0.6692 0.989 0.101049 -0.112208 3023.dat
1 71 100.9477 -75.151 -90.9356 -0.151 -0.847771 -0.509434 0 0.5151 -0.8572 0.989 -0.129437 -0.07778 6134.dat
1 0 107.7299 -79.2718 -89.9001 -0.151 -0.847771 -0.509434 0 0.5151 -0.8572 0.989 -0.129437 -0.07778 3023.dat
1 15 99.229 -109.1086 -91.198 0.151 -0.847771 0.509434 0 0.5151 0.8572 -0.989 -0.129437 0.07778 47753.dat
1 40 73.7882 -105.3182 -95.0823 0.151 -0.847771 0.509434 0 0.5151 0.8572 -0.989 -0.129437 0.07778 3023.dat
1 71 140.842 -66.54 -84.8446 -0.151 -0.881199 -0.449006 0 0.454 -0.891 0.989 -0.134541 -0.068554 6134.dat
1 15 134.4214 -96.902 -85.8249 -0.449006 -0.881199 0.151 -0.891 0.454 0 -0.068554 -0.134541 -0.989 3020.dat
1 0 154.9412 -73.804 -82.6919 0.151 -0.881199 0.449006 0 0.454 0.891 -0.989 -0.134541 0.068554 3023.dat
1 15 157.5007 -86.346 -82.3011 0.151 -0.881199 0.449006 0 0.454 0.891 -0.989 -0.134541 0.068554 43712.dat
1 40 122.8818 -102.18 -87.5867 0.151 -0.881199 0.449006 0 0.454 0.891 -0.989 -0.134541 0.068554 3023.dat
1 40 113.9016 -120 -88.9578 0.151 -0.881199 0.449006 0 0.454 0.891 -0.989 -0.134541 0.068554 3023.dat
1 40 104.9215 -137.82 -90.3289 0.151 -0.881199 0.449006 0 0.454 0.891 -0.989 -0.134541 0.068554 3023.dat
1 15 161.9908 -77.436 -81.6156 0.151 -0.881199 0.449006 0 0.454 0.891 -0.989 -0.134541 0.068554 85984.dat
1 71 293.44 -45.55 -100 0 0.656 0.755 0 0.755 -0.656 -1 0 0 3938.dat
1 15 298.044 -70.75 -100 0 0.656 -0.755 0 0.755 0.656 1 0 0 64225.dat
1 71 263.42 -47.4 -100 0 -0.342 0.94 0 0.94 0.342 -1 0 0 3938.dat
1 15 254.02 -50.82 -100 0 -0.342 0.94 0 0.94 0.342 -1 0 0 30602.dat
