0 
0 Name: New Model.ldr
0 Author: 
1 71 -628 -131 -1431 0 0.966 -0.259 1 0 0 0 -0.259 -0.966 64782.dat
1 0 -615.05 -71 -1382.7 -0.259 0.966 0 0 0 -1 -0.966 -0.259 0 2780.dat
1 0 -615.05 -191 -1382.7 -0.259 0.966 0 0 0 -1 -0.966 -0.259 0 2780.dat
1 71 -602.1 -131 -1334.4 0 0.966 -0.259 1 0 0 0 -0.259 -0.966 64782.dat
1 0 -638.36 -21 -1469.64 0 0.966 -0.259 1 0 0 0 -0.259 -0.966 2780.dat
1 1 -628 -21 -1431 0 0.966 -0.259 1 0 0 0 -0.259 -0.966 43093.dat
1 71 -628 -11 -1431 0.966 0 -0.259 0 -1 0 -0.259 0 -0.966 32140.dat
1 0 -622.82 -21 -1411.6801 0 0.966 -0.259 1 0 0 0 -0.259 -0.966 2780.dat
1 0 -612.46 -21 -1373.04 0 0.966 -0.259 1 0 0 0 -0.259 -0.966 2780.dat
1 0 -602.1 -21 -1334.4 0 0.966 -0.259 1 0 0 0 -0.259 -0.966 2780.dat
1 71 -612.46 -11 -1373.04 0.966 0 -0.259 0 -1 0 -0.259 0 -0.966 32316.dat
1 0 -589.15 -71 -1286.1 -0.259 0.966 0 0 0 -1 -0.966 -0.259 0 2780.dat
1 0 -589.15 -111 -1286.1 -0.259 0.966 0 0 0 -1 -0.966 -0.259 0 2780.dat
1 71 -560.66 -71 -1179.84 -0.259 0.966 0 0 0 -1 -0.966 -0.259 0 64782.dat
1 0 -532.17 -71 -1073.58 -0.259 0.966 0 0 0 -1 -0.966 -0.259 0 2780.dat
1 0 -532.17 -111 -1073.58 -0.259 0.966 0 0 0 -1 -0.966 -0.259 0 2780.dat
1 0 -591.74 -21 -1295.76 0 0.966 -0.259 1 0 0 0 -0.259 -0.966 2780.dat
1 0 -576.2 -21 -1237.8 0 0.966 -0.259 1 0 0 0 -0.259 -0.966 2780.dat
1 0 -545.12 -21 -1121.88 0 0.966 -0.259 1 0 0 0 -0.259 -0.966 2780.dat
1 71 -519.22 -131 -1025.28 0 0.966 -0.259 1 0 0 0 -0.259 -0.966 64782.dat
1 0 -529.58 -21 -1063.92 0 0.966 -0.259 1 0 0 0 -0.259 -0.966 2780.dat
1 71 -560.66 -11 -1179.84 0.966 0 -0.259 0 -1 0 -0.259 0 -0.966 32278.dat
1 0 -506.27 -71 -976.98 -0.259 0.966 0 0 0 -1 -0.966 -0.259 0 2780.dat
1 0 -506.27 -191 -976.98 -0.259 0.966 0 0 0 -1 -0.966 -0.259 0 2780.dat
1 71 -493.32 -131 -928.68 0 0.966 -0.259 1 0 0 0 -0.259 -0.966 64782.dat
1 0 -519.22 -21 -1025.28 0 0.966 -0.259 1 0 0 0 -0.259 -0.966 2780.dat
1 0 -508.86 -21 -986.64 0 0.966 -0.259 1 0 0 0 -0.259 -0.966 2780.dat
1 0 -498.5 -21 -948 0 0.966 -0.259 1 0 0 0 -0.259 -0.966 2780.dat
1 71 -508.86 -11 -986.64 0.966 0 -0.259 0 -1 0 -0.259 0 -0.966 32316.dat
1 0 -482.96 -21 -890.04 0 0.966 0.259 -1 0 0 0 -0.259 0.966 2780.dat
1 1 -493.32 -21 -928.68 0 0.966 -0.259 1 0 0 0 -0.259 -0.966 43093.dat
1 71 -493.32 -11 -928.68 0.966 0 0.259 0 1 0 -0.259 0 0.966 32140.dat
1 0 -622.82 -251 -1411.6801 0 0.966 0.259 -1 0 0 0 -0.259 0.966 18651.dat
1 1 -633.18 -251 -1450.3199 0 0.966 0.259 -1 0 0 0 -0.259 0.966 6558.dat
1 71 -622.82 -251 -1411.6801 0.966 0 -0.259 0 -1 0 -0.259 0 -0.966 32140.dat
1 0 -617.64 -241 -1392.36 0 -0.966 -0.259 -1 0 0 0 0.259 -0.966 2780.dat
1 0 -607.28 -241 -1353.72 0 -0.966 -0.259 -1 0 0 0 0.259 -0.966 2780.dat
1 71 -612.46 -251 -1373.04 -0.966 0 -0.259 0 1 0 0.259 0 -0.966 32523.dat
1 0 -612.46 -261 -1373.04 0 -0.966 -0.259 -1 0 0 0 0.259 -0.966 2780.dat
1 1 -602.1 -251 -1334.4 0 0.966 0.259 -1 0 0 0 -0.259 0.966 6558.dat
1 1 -591.74 -251 -1295.76 0 0.966 0.259 -1 0 0 0 -0.259 0.966 6558.dat
1 1 -529.58 -251 -1063.92 0 0.966 0.259 -1 0 0 0 -0.259 0.966 6558.dat
1 71 -565.84 -251 -1199.16 0.966 0 -0.259 0 -1 0 -0.259 0 -0.966 32278.dat
1 0 -560.66 -261 -1179.84 0 -0.966 -0.259 -1 0 0 0 0.259 -0.966 2780.dat
1 1 -524.4 -251 -1044.6 0 0.966 0.259 -1 0 0 0 -0.259 0.966 6558.dat
1 1 -503.68 -251 -967.32 0 0.966 0.259 -1 0 0 0 -0.259 0.966 6558.dat
1 71 -514.04 -251 -1005.96 0.966 0 -0.259 0 -1 0 -0.259 0 -0.966 32316.dat
1 0 -519.22 -261 -1025.28 0 -0.966 -0.259 -1 0 0 0 0.259 -0.966 2780.dat
1 0 -498.5 -251 -948 0 0.966 0.259 -1 0 0 0 -0.259 0.966 18651.dat
1 71 -498.5 -251 -948 0.966 0 0.259 0 1 0 -0.259 0 0.966 32140.dat
1 1 -488.14 -251 -909.36 0 0.966 0.259 -1 0 0 0 -0.259 0.966 6558.dat
1 71 -617.64 -271 -1392.36 -0.966 0 0.259 0 -1 0 0.259 0 0.966 32524.dat
1 71 -503.68 -271 -967.32 -0.966 0 0.259 0 -1 0 0.259 0 0.966 32524.dat
1 71 -560.66 -271 -1179.84 0.966 0 -0.259 0 -1 0 -0.259 0 -0.966 32278.dat
1 71 -439.14 -131 -881.08 0 -0.259 -0.966 1 0 0 0 -0.966 0.259 64782.dat
1 0 -390.84 -71 -894.03 -0.966 0 -0.259 0 1 0 0.259 0 -0.966 2780.dat
1 0 -390.84 -111 -894.03 -0.966 0 -0.259 0 1 0 0.259 0 -0.966 2780.dat
1 71 -284.58 -71 -922.52 -0.966 -0.259 0 0 0 -1 0.259 -0.966 0 64782.dat
1 0 -178.32 -111 -951.01 -0.966 0 -0.259 0 1 0 0.259 0 -0.966 2780.dat
1 0 -178.32 -71 -951.01 -0.966 0 -0.259 0 1 0 0.259 0 -0.966 2780.dat
1 71 -130.02 -131 -963.96 0 -0.259 -0.966 1 0 0 0 -0.966 0.259 64782.dat
1 1 -149.34 -21 -958.78 0 -0.259 -0.966 1 0 0 0 -0.966 0.259 43093.dat
1 0 -91.38 -21 -974.32 0 -0.259 -0.966 1 0 0 0 -0.966 0.259 2780.dat
1 71 -149.34 -11 -958.78 -0.259 0 0.966 0 1 0 -0.966 0 -0.259 32140.dat
1 0 -168.66 -21 -953.6 0 -0.259 -0.966 1 0 0 0 -0.966 0.259 2780.dat
1 0 -226.62 -21 -938.06 0 -0.259 -0.966 1 0 0 0 -0.966 0.259 2780.dat
1 0 -439.14 -21 -881.08 0 -0.259 -0.966 1 0 0 0 -0.966 0.259 2780.dat
1 0 -400.5 -21 -891.44 0 -0.259 -0.966 1 0 0 0 -0.966 0.259 2780.dat
1 0 -342.54 -21 -906.98 0 -0.259 -0.966 1 0 0 0 -0.966 0.259 2780.dat
1 71 -303.9 -11 -917.34 -0.259 0 -0.966 0 -1 0 -0.966 0 0.259 32278.dat
1 1 -458.46 -21 -875.9 0 -0.259 -0.966 1 0 0 0 -0.966 0.259 43093.dat
1 1 -477.78 -21 -870.72 0 -0.259 -0.966 1 0 0 0 -0.966 0.259 43093.dat
1 1 -168.66 -251 -953.6 0 -0.259 -0.966 1 0 0 0 -0.966 0.259 6558.dat
1 1 -130.02 -251 -963.96 0 -0.259 -0.966 1 0 0 0 -0.966 0.259 6558.dat
1 71 -149.34 -251 -958.78 -0.259 0 -0.966 0 -1 0 -0.966 0 0.259 32524.dat
1 0 -207.3 -261 -943.24 0 0.259 -0.966 -1 0 0 0 0.966 0.259 2780.dat
1 1 -477.78 -251 -870.72 0 -0.259 -0.966 1 0 0 0 -0.966 0.259 6558.dat
1 1 -400.5 -251 -891.44 0 -0.259 -0.966 1 0 0 0 -0.966 0.259 6558.dat
1 71 -419.82 -251 -886.26 -0.259 0 -0.966 0 -1 0 -0.966 0 0.259 32524.dat
1 0 -361.86 -261 -901.8 0 0.259 -0.966 -1 0 0 0 0.966 0.259 2780.dat
1 1 -419.82 -261 -886.26 0 0.259 -0.966 -1 0 0 0 0.966 0.259 43093.dat
1 71 -419.82 -271 -886.26 -0.259 0 -0.966 0 -1 0 -0.966 0 0.259 32140.dat
1 0 -482.96 -251 -890.04 0 -0.259 -0.966 1 0 0 0 -0.966 0.259 18651.dat
1 71 -265.26 -271 -927.7 -0.259 0 -0.966 0 -1 0 -0.966 0 0.259 32278.dat
1 0 -342.54 -261 -906.98 0 0.259 -0.966 -1 0 0 0 0.966 0.259 2780.dat
1 0 -226.62 -261 -938.06 0 0.259 -0.966 -1 0 0 0 0.966 0.259 2780.dat
1 71 -284.58 -251 -922.52 0.259 0 -0.966 0 1 0 0.966 0 0.259 32524.dat
1 71 -604.9 -131 -1499.3199 0 0.259 -0.966 -1 0 0 0 0.966 0.259 64782.dat
1 0 -556.6 -71 -1512.27 0.966 0 0.259 0 1 0 -0.259 0 0.966 2780.dat
1 0 -556.6 -111 -1512.27 0.966 0 0.259 0 1 0 -0.259 0 0.966 2780.dat
1 71 -450.34 -71 -1540.76 0.966 0.259 0 0 0 -1 -0.259 0.966 0 64782.dat
1 0 -344.08 -111 -1569.25 0.966 0 0.259 0 1 0 -0.259 0 0.966 2780.dat
1 0 -344.08 -71 -1569.25 0.966 0 0.259 0 1 0 -0.259 0 0.966 2780.dat
1 71 -295.78 -131 -1582.2 0 0.259 -0.966 -1 0 0 0 0.966 0.259 64782.dat
1 1 -315.1 -21 -1577.02 0 0.259 0.966 1 0 0 0 0.966 -0.259 43093.dat
1 0 -257.14 -21 -1592.5601 0 0.259 -0.966 -1 0 0 0 0.966 0.259 2780.dat
1 71 -315.1 -11 -1577.02 0.259 0 0.966 0 -1 0 0.966 0 -0.259 32140.dat
1 0 -334.42 -21 -1571.84 0 0.259 -0.966 -1 0 0 0 0.966 0.259 2780.dat
1 0 -392.38 -21 -1556.3 0 0.259 -0.966 -1 0 0 0 0.966 0.259 2780.dat
1 0 -604.9 -21 -1499.3199 0 0.259 -0.966 -1 0 0 0 0.966 0.259 2780.dat
1 0 -566.26 -21 -1509.6801 0 0.259 -0.966 -1 0 0 0 0.966 0.259 2780.dat
1 0 -508.3 -21 -1525.22 0 0.259 -0.966 -1 0 0 0 0.966 0.259 2780.dat
1 71 -469.66 -11 -1535.58 -0.259 0 -0.966 0 -1 0 -0.966 0 0.259 32278.dat
1 1 -624.22 -21 -1494.14 0 0.259 0.966 1 0 0 0 0.966 -0.259 43093.dat
1 1 -643.54 -21 -1488.96 0 0.259 0.966 1 0 0 0 0.966 -0.259 43093.dat
1 1 -334.42 -251 -1571.84 0 0.259 0.966 1 0 0 0 0.966 -0.259 6558.dat
1 1 -295.78 -251 -1582.2 0 0.259 0.966 1 0 0 0 0.966 -0.259 6558.dat
1 71 -315.1 -251 -1577.02 -0.259 0 -0.966 0 -1 0 -0.966 0 0.259 32524.dat
1 0 -373.06 -261 -1561.48 0 -0.259 -0.966 1 0 0 0 -0.966 0.259 2780.dat
1 1 -643.54 -251 -1488.96 0 0.259 0.966 1 0 0 0 0.966 -0.259 6558.dat
1 1 -566.26 -251 -1509.6801 0 0.259 0.966 1 0 0 0 0.966 -0.259 6558.dat
1 71 -585.58 -251 -1504.5 -0.259 0 -0.966 0 -1 0 -0.966 0 0.259 32524.dat
1 0 -527.62 -261 -1520.04 0 -0.259 -0.966 1 0 0 0 -0.966 0.259 2780.dat
1 1 -585.58 -261 -1504.5 0 -0.259 0.966 -1 0 0 0 -0.966 -0.259 43093.dat
1 71 -585.58 -271 -1504.5 0.259 0 -0.966 0 1 0 0.966 0 0.259 32140.dat
1 0 -638.36 -251 -1469.64 0 0.259 0.966 1 0 0 0 0.966 -0.259 18651.dat
1 71 -431.02 -271 -1545.9399 -0.259 0 -0.966 0 -1 0 -0.966 0 0.259 32278.dat
1 0 -508.3 -261 -1525.22 0 -0.259 -0.966 1 0 0 0 -0.966 0.259 2780.dat
1 0 -392.38 -261 -1556.3 0 -0.259 -0.966 1 0 0 0 -0.966 0.259 2780.dat
1 71 -450.34 -251 -1540.76 0.259 0 -0.966 0 1 0 0.966 0 0.259 32524.dat
