0 Main
0 Name: 3061 - City Park Cafe.mpd
0 Author: LTRON
1 212 -240 0 0 0 0 -1 0 1 0 1 0 0 91405.dat
1 71 60 -8 140 0 0 -1 0 1 0 1 0 0 4150.dat
1 4 20 -8 140 0 0 -1 0 1 0 1 0 0 3022.dat
1 4 -80 -8 130 1 0 0 0 1 0 0 0 1 3460.dat
1 4 -80 -8 150 1 0 0 0 1 0 0 0 1 3460.dat
1 4 30 -24 40 0 0 1 0 1 0 -1 0 0 3008.dat
1 4 -40 -24 -40 1 0 0 0 1 0 0 0 1 48092.dat
1 15 -80 -144 -110 -1 0 0 0 1 0 0 0 -1 60596.dat
1 37 -105 -74 -126.75 -1 0 0 0 0 1 0 1 0 6141.dat
1 4 -200 -24 -110 -1 0 0 0 1 0 0 0 -1 3008.dat
1 4 -280 -24 -40 0 0 1 0 1 0 -1 0 0 48092.dat
1 4 -350 -24 0 0 0 1 0 1 0 -1 0 0 3010.dat
1 15 -130 -144 -110 0 0 1 0 1 0 -1 0 0 2453.dat
1 47 -200 -144 -110 -1 0 0 0 1 0 0 0 -1 59349.dat
1 15 -270 -144 -110 0 0 1 0 1 0 -1 0 0 2453.dat
1 15 -60 -168 -110 -1 0 0 0 1 0 0 0 -1 3004.dat
1 15 -260 -168 -110 -1 0 0 0 1 0 0 0 -1 3004.dat
1 15 -160 -152 -110 -1 0 0 0 1 0 0 0 -1 3460.dat
1 4 -160 -160 -110 -1 0 0 0 1 0 0 0 -1 3460.dat
1 15 -120 -168 -110 -1 0 0 0 1 0 0 0 -1 92593.dat
1 15 -200 -168 -110 -1 0 0 0 1 0 0 0 -1 92593.dat
1 47 -280 -168 -40 0 0 1 0 1 0 -1 0 0 30562.dat
1 47 -40 -168 -40 1 0 0 0 1 0 0 0 1 30562.dat
1 29 30 -48 0 0 0 1 0 1 0 -1 0 0 3010.dat
1 29 30 -48 80 0 0 1 0 1 0 -1 0 0 3010.dat
1 29 -350 -48 0 0 0 1 0 1 0 -1 0 0 3010.dat
1 47 30 -168 20 0 0 -1 0 1 0 1 0 0 59349.dat
1 15 -350 -168 -20 0 0 -1 0 1 0 1 0 0 2454.dat
1 15 -350 -72 20 0 0 -1 0 1 0 1 0 0 3004.dat
1 4 30 -72 100 0 0 -1 0 1 0 1 0 0 95820.dat
1 15 -350 -96 20 0 0 -1 0 1 0 1 0 0 3004.dat
1 15 30 -96 100 0 0 -1 0 1 0 1 0 0 3004.dat
1 15 30 -168 90 -1 0 0 0 1 0 0 0 -1 4460.dat
1 15 -350 -168 10 -1 0 0 0 1 0 0 0 -1 4460.dat
1 15 40 -176 20 0 0 -1 0 1 0 1 0 0 3034.dat
1 4 30 -184 20 0 0 -1 0 1 0 1 0 0 3460.dat
1 29 30 -216 -20 0 0 -1 0 1 0 1 0 0 6191.dat
1 29 30 -216 60 0 0 -1 0 1 0 1 0 0 6191.dat
1 80 50 -184 -50 0 0 -1 0 1 0 1 0 0 6141.dat
1 15 -360 -176 -20 0 0 -1 0 1 0 1 0 0 3020.dat
1 4 -350 -184 -20 0 0 -1 0 1 0 1 0 0 3710.dat
1 29 -350 -216 -20 0 0 1 0 1 0 -1 0 0 6191.dat
1 80 -370 -184 -50 0 0 -1 0 1 0 1 0 0 6141.dat
1 15 -60 -176 -100 0 0 1 0 1 0 -1 0 0 3031.dat
1 15 20 -176 -100 1 0 0 0 1 0 0 0 1 30565.dat
1 4 20 -184 -80 1 0 0 0 1 0 0 0 1 3022.dat
1 80 50 -184 -70 1 0 0 0 1 0 0 0 1 6141.dat
1 4 -160 -184 -80 1 0 0 0 1 0 0 0 1 4282.dat
1 15 -160 -176 -100 1 0 0 0 1 0 0 0 1 6180.dat
1 15 -260 -176 -100 0 0 1 0 1 0 -1 0 0 3031.dat
1 15 -340 -176 -100 0 0 1 0 1 0 -1 0 0 30565.dat
1 4 -340 -184 -80 1 0 0 0 1 0 0 0 1 3022.dat
1 80 -370 -184 -70 1 0 0 0 1 0 0 0 1 6141.dat
1 4 -240 -184 -110 1 0 0 0 1 0 0 0 1 3460.dat
1 4 -80 -184 -110 1 0 0 0 1 0 0 0 1 3460.dat
1 37 -330 -184 -110 1 0 0 0 1 0 0 0 1 6141.dat
1 37 10 -184 -110 1 0 0 0 1 0 0 0 1 6141.dat
1 4 -10 -232 -70 1 0 0 0 1 0 0 0 1 88293.dat
1 4 -310 -232 -70 0 0 1 0 1 0 -1 0 0 88293.dat
1 29 -290 -232 -70 1 0 0 0 1 0 0 0 1 33243.dat
1 4 -270 -232 -70 1 0 0 0 1 0 0 0 1 33243.dat
1 4 -230 -232 -70 1 0 0 0 1 0 0 0 1 33243.dat
1 29 -250 -232 -70 1 0 0 0 1 0 0 0 1 33243.dat
1 4 -50 -232 -70 1 0 0 0 1 0 0 0 1 33243.dat
1 29 -70 -232 -70 1 0 0 0 1 0 0 0 1 33243.dat
1 4 -90 -232 -70 1 0 0 0 1 0 0 0 1 33243.dat
1 29 -110 -232 -70 1 0 0 0 1 0 0 0 1 33243.dat
1 29 -30 -232 -70 1 0 0 0 1 0 0 0 1 33243.dat
1 29 -210 -232 -70 1 0 0 0 1 0 0 0 1 33243.dat
1 29 -170 -232 -70 1 0 0 0 1 0 0 0 1 33243.dat
1 29 -150 -232 -70 1 0 0 0 1 0 0 0 1 33243.dat
1 4 -130 -232 -70 1 0 0 0 1 0 0 0 1 33243.dat
1 4 -190 -232 -70 1 0 0 0 1 0 0 0 1 33243.dat
1 320 -240 -240 -70 1 0 0 0 1 0 0 0 1 4162.dat
1 320 -80 -240 -70 1 0 0 0 1 0 0 0 1 4162.dat
1 320 -160 -184 -130 1 0 0 0 1 0 0 0 1 3666.dat
1 15 -160 -208 -130 1 0 0 0 1 0 0 0 1 30414.dat
1 15 -210 -208 -130 1 0 0 0 1 0 0 0 1 87087.dat
1 15 -110 -208 -130 1 0 0 0 1 0 0 0 1 87087.dat
1 4 -170 -264 -130 0 0 1 0 1 0 -1 0 0 33243.dat
1 4 -150 -264 -130 0 0 -1 0 1 0 1 0 0 33243.dat
1 320 -160 -216 -130 1 0 0 0 1 0 0 0 1 3666.dat
1 15 -160 -208 -148 1 0 0 0 0 -1 0 1 0 6180.dat
1 43 -110 -178 -156 1 0 0 0 0 -1 0 1 0 6141.dat
1 37 -110 -198 -156 1 0 0 0 0 -1 0 1 0 6141.dat
1 37 -110 -238 -156 1 0 0 0 0 -1 0 1 0 6141.dat
1 43 -110 -218 -156 1 0 0 0 0 -1 0 1 0 6141.dat
1 37 -210 -178 -156 -1 0 0 0 0 1 0 1 0 6141.dat
1 43 -210 -198 -156 -1 0 0 0 0 1 0 1 0 6141.dat
1 37 -210 -218 -156 -1 0 0 0 0 1 0 1 0 6141.dat
1 43 -210 -238 -156 -1 0 0 0 0 1 0 1 0 6141.dat
1 37 -190 -238 -156 0 0 -1 -1 0 0 0 1 0 6141.dat
1 43 -170 -238 -156 0 0 -1 -1 0 0 0 1 0 6141.dat
1 37 -150 -238 -156 0 0 -1 -1 0 0 0 1 0 6141.dat
1 43 -130 -238 -156 0 0 -1 -1 0 0 0 1 0 6141.dat
1 320 -370 -192 -60 0 0 1 0 1 0 -1 0 0 2412.dat
1 320 50 -192 -60 0 0 1 0 1 0 -1 0 0 2412.dat
1 71 -80 -8 -140 -1 0 0 0 1 0 0 0 -1 87079.dat
1 15 -340 -24 80 0 0 1 0 1 0 -1 0 0 3001.dat
1 4 -340 -32 80 0 0 1 0 1 0 -1 0 0 3020.dat
1 15 -340 -56 50 -1 0 0 0 1 0 0 0 -1 3004.dat
1 15 -350 -56 110 1 0 0 0 1 0 0 0 1 6231.dat
1 15 -330 -56 110 0 0 1 0 1 0 -1 0 0 6231.dat
1 0 -350 -80 50 0.866 0 0.5 0 1 0 -0.5 0 0.866 4599.dat
1 4 -340 -8 140 0 0 -1 0 1 0 1 0 0 3022.dat
1 15 -340 -56 140 0 0 -1 0 1 0 1 0 0 4345.dat
1 47 -340 -56 140 0 0 -1 0 1 0 1 0 0 4346.dat
1 0 -350 -64 130 0 0 -1 0 1 0 1 0 0 6141.dat
1 0 -350 -64 150 0 0 -1 0 1 0 1 0 0 6141.dat
1 0 -330 -64 130 0 0 -1 0 1 0 1 0 0 6141.dat
1 0 -330 -64 150 0 0 -1 0 1 0 1 0 0 6141.dat
1 14 -340 -24 140 0 0 -1 0 1 0 1 0 0 97785.dat
1 15 -260 -24 -60 0 0 -1 0 1 0 1 0 0 3001.dat
1 15 -140 -24 -60 0 0 -1 0 1 0 1 0 0 3001.dat
1 4 -250 -32 -60 0 0 -1 0 1 0 1 0 0 2431.dat
1 4 -150 -32 -60 0 0 -1 0 1 0 1 0 0 2431.dat
1 4 -270 -48 -60 0 0 -1 0 1 0 1 0 0 30413.dat
1 4 -130 -48 -60 0 0 1 0 1 0 -1 0 0 30413.dat
1 4 -200 -8 -60 0 0 1 0 1 0 -1 0 0 3020.dat
1 15 -210 -56 -80 0 0 1 0 1 0 -1 0 0 87552.dat
1 15 -210 -56 -40 0 0 1 0 1 0 -1 0 0 87552.dat
1 15 -190 -56 -80 0 0 -1 0 1 0 1 0 0 87552.dat
1 15 -190 -56 -40 0 0 -1 0 1 0 1 0 0 87552.dat
1 4 -200 -64 -60 0 0 1 0 1 0 -1 0 0 3020.dat
1 14 -200 -72 -40 0 0 1 0 1 0 -1 0 0 97783.dat
1 19 -200 -80 -40 0 0 1 0 1 0 -1 0 0 2654.dat
1 27 -190 -88 -50 0 0 1 0 1 0 -1 0 0 6141.dat
1 70 -190 -88 -30 0 0 1 0 1 0 -1 0 0 6141.dat
1 70 -210 -88 -50 0 0 1 0 1 0 -1 0 0 6141.dat
1 14 -210 -88 -30 0 0 1 0 1 0 -1 0 0 6141.dat
1 19 -200 -96 -40 0 0 1 0 1 0 -1 0 0 4150.dat
1 25 -190 -88 -90 0 0 -1 0 1 0 1 0 0 50746.dat
1 70 50 -96 100 0 0 1 0 1 0 -1 0 0 3836.dat
1 15 -20 -24 20 -1 0 0 0 1 0 0 0 -1 6143.dat
1 15 -20 -48 20 -1 0 0 0 1 0 0 0 -1 6143.dat
1 4 -20 -56 20 -1 0 0 0 1 0 0 0 -1 60474.dat
1 0 -10 -80 50 -1 0 0 0 1 0 0 0 -1 4589.dat
1 15 10 -84 30 -1 0 0 0 1 0 0 0 -1 4589.dat
1 47 10 -92 30 -1 0 0 0 1 0 0 0 -1 6141.dat
1 47 -10 -88 50 -1 0 0 0 1 0 0 0 -1 6141.dat
1 4 -10 -80 10 -1 0 0 0 1 0 0 0 -1 3062.dat
1 14 -30 -80 10 -1 0 0 0 1 0 0 0 -1 3062.dat
1 14 -30 -104 10 -0.707 0 -0.707 0 1 0 0.707 0 -0.707 4599.dat
1 4 -10 -104 10 -0.707 0 -0.707 0 1 0 0.707 0 -0.707 4599.dat
1 15 0 -24 100 -1 0 0 0 1 0 0 0 -1 3003.dat
1 4 0 -32 100 -1 0 0 0 1 0 0 0 -1 3022.dat
1 15 0 -80 90 -1 0 0 0 1 0 0 0 -1 87552.dat
1 80 0 -40 110 -1 0 0 0 1 0 0 0 -1 2412.dat
1 4 0 -104 90 1 0 0 0 1 0 0 0 1 52107.dat
1 29 -10 -104 90 -1 0 0 0 1 0 0 0 -1 50746.dat
1 70 10 -104 90 -1 0 0 0 1 0 0 0 -1 50746.dat
1 0 10 -94 124 1 0 0 0 0 1 0 -1 0 4599.dat
1 15 -10 -94 108 -1 0 0 0 0 -1 0 -1 0 4592.dat
1 0 -10 -94 108 -1 0 0 0 0.966 -0.259 0 -0.259 -0.966 4593.dat
1 15 0 -94 71.999 -1 0 0 0 0 1 0 1 0 3069.dat
1 15 -60 -24 100 -1 0 0 0 1 0 0 0 -1 3001.dat
1 15 -60 -24 70 -1 0 0 0 1 0 0 0 -1 3010.dat
1 4 -60 -32 80 -1 0 0 0 1 0 0 0 -1 3020.dat
1 4 -60 -32 110 -1 0 0 0 1 0 0 0 -1 2431.dat
1 47 -60 -80 90 1 0 0 0 1 0 0 0 1 3823.dat
1 15 -60 -40 100 1 0 0 0 1 0 0 0 1 87580.dat
1 15 -60 -88 90 1 0 0 0 1 0 0 0 1 3710.dat
1 15 -130 -48 100 -1 0 0 0 1 0 0 0 -1 92410.dat
1 29 -130 -44 118 -1 0 0 0 1 0 0 0 -1 4536.dat
1 2 -130 -36 120 -1 0 0 0 1 0 0 0 -1 3069.dat
1 72 -120 -80 90 -1 0 0 0 1 0 0 0 -1 3069.dat
1 14 -340 -72 140 -1 0 0 0 1 0 0 0 -1 97790.dat
1 14 -330 -46 100 -1 0 0 0 0 1 0 1 0 97781.dat
1 14 -340 -46 100 -1 0 0 0 0 1 0 1 0 97782.dat
1 14 -350 -46 80 -1 0 0 0 0 -1 0 -1 0 97781.dat
1 14 -330 -55 80 1 0 0 0 0 1 0 -1 0 97782.dat
1 14 -339 -55 101 1 0 0 0 0 -1 0 1 0 97781.dat
1 14 -350 -55 96 1 0 0 0 0 -1 0 1 0 97782.dat
1 14 -339 -87 174 -1 0 0 0 -0.174 0.985 0 0.985 0.174 97787.dat
1 4 60 -48 -100 -1 0 0 0 1 0 0 0 -1 3940.dat
1 14 60 -64 -100 -1 0 0 0 1 0 0 0 -1 6141.dat
1 27 60 -72 -100 -1 0 0 0 1 0 0 0 -1 6141.dat
1 47 60 -56 -100 -1 0 0 0 1 0 0 0 -1 30106.dat
1 1 60 -56 -100 -1 0 0 0 1 0 0 0 -1 6141.dat
1 27 -150 -24 -140 -1 0 0 0 1 0 0 0 -1 3002.dat
1 27 -210 -24 -140 -1 0 0 0 1 0 0 0 -1 3002.dat
1 70 -180 -32 -140 -1 0 0 0 1 0 0 0 -1 3795.dat
1 2 -130 -44 -150 -0.707 0 0.707 0 1 0 -0.707 0 -0.707 3741.dat
1 4 -119.412 -61.628 -160.588 -0.707 -0.183 0.683 0 0.966 0.259 -0.707 0.183 -0.683 3742.dat
1 14 -125.789 -66.458 -134.286 0.966 -0.067 0.25 0 0.966 0.259 -0.259 -0.25 0.933 3742.dat
1 15 -146.964 -71.287 -154.545 -0.259 0.25 -0.933 0 0.966 0.259 0.966 0.067 -0.25 3742.dat
1 2 -190 -44 -150 -1 0 0 0 1 0 0 0 -1 3741.dat
1 4 -190 -61.628 -164.973 -1 0 0 0 0.966 0.259 0 0.259 -0.966 3742.dat
1 15 -205.209 -71.287 -141.218 0.5 0.224 -0.837 0 0.966 0.259 0.866 -0.129 0.483 3742.dat
1 14 -175.911 -66.458 -141.866 0.5 -0.224 0.836 0 0.966 0.259 -0.866 -0.129 0.483 3742.dat
1 2 -230 -44 -150 -0.574 0 -0.819 0 1 0 0.819 0 -0.574 3741.dat
1 4 -242.265 -61.628 -158.588 -0.574 0.212 -0.791 0 0.966 0.259 0.819 0.148 -0.554 3742.dat
1 15 -231.53 -71.287 -132.504 0.996 0.023 -0.084 0 0.966 0.259 0.087 -0.258 0.962 3742.dat
1 14 -215.256 -66.458 -156.876 -0.423 -0.235 0.875 0 0.966 0.259 -0.906 0.109 -0.408 3742.dat
1 27 -380 -24 -300 1 0 0 0 1 0 0 0 1 6143.dat
1 15 -320 -48 -310 1 0 0 0 1 0 0 0 1 3185.dat
1 15 -390 -48 -240 0 0 1 0 1 0 -1 0 0 3185.dat
1 29 -270 -24 -310 0 0 1 0 1 0 -1 0 0 3005.dat
1 29 -270 -48 -310 0 0 1 0 1 0 -1 0 0 3005.dat
1 29 -390 -24 -190 0 0 1 0 1 0 -1 0 0 3005.dat
1 29 -390 -48 -190 0 0 1 0 1 0 -1 0 0 3005.dat
1 70 -380 -32 -300 0 0 1 0 1 0 -1 0 0 4032.dat
1 15 -320 -24 -240 0 0 1 0 1 0 -1 0 0 6143.dat
1 15 -240 -24 -240 0 0 1 0 1 0 -1 0 0 6143.dat
1 15 -160 -24 -240 0 0 1 0 1 0 -1 0 0 6143.dat
1 4 -270 -57.25 -310 0 0 1 0 1 0 -1 0 0 32474.dat
1 4 -390 -57.25 -190 0 0 1 0 1 0 -1 0 0 32474.dat
1 4 -240 -32 -240 0 0 1 0 1 0 -1 0 0 3022.dat
1 4 -240 -40 -240 0 0 1 0 1 0 -1 0 0 60474.dat
1 4 -320 -32 -240 0 0 1 0 1 0 -1 0 0 4150.dat
1 4 -160 -32 -240 0 0 1 0 1 0 -1 0 0 4150.dat
1 14 -210 -40 -230 0 0 1 0 1 0 -1 0 0 97784.dat
1 70 -210 -56 -230 0 0 1 0 1 0 -1 0 0 6141.dat
1 37 -250 -56 -210 0 0 1 0 1 0 -1 0 0 6141.dat
1 14 -250 -40 -210 0 0 1 0 1 0 -1 0 0 97784.dat
1 47 -230 -80 -250 0 0 1 0 1 0 -1 0 0 6269.dat
1 37 -230 -83 -250 0 0 1 0 1 0 -1 0 0 6141.dat
1 47 -270 -80 -250 0 0 1 0 1 0 -1 0 0 6269.dat
1 70 -270 -83 -250 0 0 1 0 1 0 -1 0 0 6141.dat
1 2 -370 -44 -290 -0.707 0 0.707 0 1 0 -0.707 0 -0.707 3741.dat
1 4 -359.412 -61.628 -300.588 -0.707 -0.183 0.683 0 0.966 0.259 -0.707 0.183 -0.683 3742.dat
1 14 -365.789 -66.458 -274.286 0.966 -0.067 0.25 0 0.966 0.259 -0.259 -0.25 0.933 3742.dat
1 15 -386.964 -71.287 -294.545 -0.259 0.25 -0.933 0 0.966 0.259 0.966 0.067 -0.25 3742.dat
1 323 -290.934 -44.2 -273.17 0.707 0.707 0 0 0 1 0.707 -0.707 0 92250.dat
1 15 35 0 -190 0.866 0 0.5 0 1 0 -0.5 0 0.866 48336.dat
1 4 34.134 -33.641 -191.5 -0.866 0.433 -0.25 0 0.5 0.866 0.5 0.75 -0.433 30350.dat
1 14 -390 -12 50 0 0 -1 0 1 0 1 0 0 97783.dat
1 14 -390 -8 50 0 0 -1 0 1 0 1 0 0 97783.dat
1 14 -390 0 150 0 0 -1 0 1 0 1 0 0 97784.dat
1 14 -396 -46 109 0 0 -1 0 1 0 1 0 0 97793.dat
1 14 -390 -8 110 0 0 -1 0 1 0 1 0 0 97791.dat
