0 Main
0 Name: 4563-1 - Load and Haul Railroad.mpd
0 Author: LTRON
1 8 426.44 -8 -324.864 1 0 0.191 0 1 0 -0.191 0 1 2867.dat
1 8 714.897 -8 -442.476 0.835 0 0.55 0 1 0 -0.55 0 0.835 2867.dat
1 8 936.426 -8 -662.364 0.559 0 0.829 0 1 0 -0.829 0 0.559 2867.dat
1 8 1057.236 -8 -949.498 0.201 0 1 0 1 0 -0.98 0 0.201 2867.dat
1 8 110 -8 -310 1 0 0 0 1 0 0 0 1 2865.dat
1 8 1058.678 -8 -1262 -0.191 0 1 0 1 0 -0.982 0 -0.191 2867.dat
1 8 941.073 -8 -1550.444 -0.55 0 0.835 0 1 0 -0.835 0 -0.55 2867.dat
1 8 721.19 -8 -1772 -0.829 0 0.559 0 1 0 -0.559 0 -0.829 2867.dat
1 8 434.059 -8 -1892.796 -0.98 0 0.201 0 1 0 -0.201 0 -0.98 2867.dat
1 8 117 -8 -1910 1 0 0 0 1 0 0 0 1 2865.dat
1 8 -196.899 -8 -1893.219 -0.982 0 -0.191 0 1 0 0.191 0 -0.982 2867.dat
1 8 -485.362 -8 -1775.621 -0.835 0 -0.55 0 1 0 0.55 0 -0.835 2867.dat
1 8 -706.903 -8 -1555.745 -0.559 0 -0.829 0 1 0 0.829 0 -0.559 2867.dat
1 8 -827.728 -8 -1268.6169 -0.201 0 -0.98 0 1 0 1 0 -0.201 2867.dat
1 8 -829.186 -8 -956.131 0.191 0 -0.982 0 1 0 1 0 0.191 2867.dat
1 8 -711.595 -8 -667.666 0.55 0 -0.835 0 1 0 0.835 0 0.55 2867.dat
1 8 -491.725 -8 -446.119 0.829 0 -0.559 0 1 0 0.559 0 0.829 2867.dat
1 8 -204.6 -8 -325.287 1 0 -0.201 0 1 0 0.201 0 1 2867.dat
1 8 116 -32 -1790 1 0 0 0 1 0 0 0 1 2913.dat
1 8 117 -32 -2030 -1 0 0 0 1 0 0 0 -1 2913.dat
