0 Main
0 Name: 7327-1 - Scorpion Pyramid.mpd
0 Author: LTRON
1 19 90 -72 -90 -1 0 0 0 1 0 0 0 -1 2449.dat
1 297 110 -24 -100 0 0 -1 0 1 0 1 0 0 3048.dat
1 72 80 -24 -160 0 0 -1 0 1 0 1 0 0 2456.dat
1 72 50 -8 -140 0 0 -1 0 1 0 1 0 0 6636.dat
1 72 -50 -8 -140 0 0 -1 0 1 0 1 0 0 6636.dat
1 72 0 -8 -210 1 0 0 0 1 0 0 0 1 6636.dat
1 72 -80 -24 -160 0 0 -1 0 1 0 1 0 0 2456.dat
1 19 -90 -72 -90 -1 0 0 0 1 0 0 0 -1 2449.dat
1 297 -110 -24 -100 0 0 1 0 1 0 -1 0 0 3048.dat
1 19 -90 -24 -260 0 0 -1 0 1 0 1 0 0 3010.dat
1 19 90 -24 -260 0 0 -1 0 1 0 1 0 0 3010.dat
1 19 110 -24 -310 0 0 -1 0 1 0 1 0 0 2357.dat
1 19 -110 -24 -310 1 0 0 0 1 0 0 0 1 2357.dat
1 19 -40 -8 -280 1 0 0 0 1 0 0 0 1 3068.dat
1 19 40 -8 -280 1 0 0 0 1 0 0 0 1 3068.dat
1 19 -90 -48 -130 0 0 -1 0 1 0 1 0 0 3622.dat
1 19 90 -48 -130 0 0 -1 0 1 0 1 0 0 3622.dat
1 72 -80 -48 -180 0 0 -1 0 1 0 1 0 0 3003.dat
1 72 80 -48 -180 0 0 -1 0 1 0 1 0 0 3003.dat
1 19 -90 -48 -210 1 0 0 0 1 0 0 0 1 3040.dat
1 19 90 -48 -210 1 0 0 0 1 0 0 0 1 3040.dat
1 19 90 -72 -190 1 0 0 0 1 0 0 0 1 3040.dat
1 19 -90 -72 -190 1 0 0 0 1 0 0 0 1 3040.dat
1 72 80 -72 -160 0 0 -1 0 1 0 1 0 0 3003.dat
1 72 -80 -72 -160 0 0 -1 0 1 0 1 0 0 3003.dat
1 28 90 -72 -120 0 0 -1 0 1 0 1 0 0 3004.dat
1 28 -90 -72 -120 0 0 -1 0 1 0 1 0 0 3004.dat
1 19 90 -144 -70 -1 0 0 0 1 0 0 0 -1 2449.dat
1 19 -90 -144 -70 -1 0 0 0 1 0 0 0 -1 2449.dat
1 19 90 -96 -170 1 0 0 0 1 0 0 0 1 3040.dat
1 19 -90 -96 -170 1 0 0 0 1 0 0 0 1 3040.dat
1 72 80 -96 -140 0 0 -1 0 1 0 1 0 0 3003.dat
1 72 -80 -96 -140 0 0 -1 0 1 0 1 0 0 3003.dat
1 28 90 -96 -100 0 0 -1 0 1 0 1 0 0 3004.dat
1 28 -90 -96 -100 0 0 -1 0 1 0 1 0 0 3004.dat
1 72 -80 -120 -110 0 0 -1 0 1 0 1 0 0 3002.dat
1 72 80 -120 -110 0 0 -1 0 1 0 1 0 0 3002.dat
1 19 90 -120 -150 1 0 0 0 1 0 0 0 1 3040.dat
1 19 -90 -120 -150 1 0 0 0 1 0 0 0 1 3040.dat
1 19 -90 -144 -130 1 0 0 0 1 0 0 0 1 3040.dat
1 19 90 -144 -130 1 0 0 0 1 0 0 0 1 3040.dat
1 19 90 -144 -100 0 0 1 0 1 0 -1 0 0 3700.dat
1 19 70 -144 -100 0 0 1 0 1 0 -1 0 0 3700.dat
1 19 -90 -144 -100 0 0 1 0 1 0 -1 0 0 3700.dat
1 19 -70 -144 -100 0 0 1 0 1 0 -1 0 0 3700.dat
1 19 90 -168 -40 0 0 1 0 1 0 -1 0 0 6111.dat
1 19 -90 -168 -40 0 0 1 0 1 0 -1 0 0 6111.dat
1 72 70 -152 -40 0 0 1 0 1 0 -1 0 0 3666.dat
1 72 -70 -152 -40 0 0 1 0 1 0 -1 0 0 3666.dat
1 72 0 -16 -180 1 0 0 0 1 0 0 0 1 3032.dat
1 72 0 -24 -200 1 0 0 0 1 0 0 0 1 3020.dat
1 72 50 -24 -200 0 0 1 0 1 0 -1 0 0 60478.dat
1 72 -50 -24 -200 0 0 1 0 1 0 -1 0 0 60478.dat
1 72 0 -24 -160 1 0 0 0 1 0 0 0 1 3795.dat
1 72 0 -48 -180 1 0 0 0 1 0 0 0 1 2456.dat
1 71 -50 -48 -150 -1 0 0 0 1 0 0 0 -1 3665.dat
1 71 50 -48 -150 -1 0 0 0 1 0 0 0 -1 3665.dat
1 72 0 -72 -160 1 0 0 0 1 0 0 0 1 2456.dat
1 71 -50 -72 -130 -1 0 0 0 1 0 0 0 -1 3665.dat
1 71 50 -72 -130 -1 0 0 0 1 0 0 0 -1 3665.dat
1 72 0 -96 -140 1 0 0 0 1 0 0 0 1 2456.dat
1 71 -50 -96 -110 -1 0 0 0 1 0 0 0 -1 3665.dat
1 71 50 -96 -110 -1 0 0 0 1 0 0 0 -1 3665.dat
1 72 0 -120 -120 1 0 0 0 1 0 0 0 1 2456.dat
1 72 0 -120 -90 1 0 0 0 1 0 0 0 1 92950.dat
1 72 0 -144 -100 1 0 0 0 1 0 0 0 1 3001.dat
1 72 50 -144 -100 0 0 1 0 1 0 -1 0 0 32064.dat
1 72 -50 -144 -100 0 0 1 0 1 0 -1 0 0 32064.dat
1 72 0 -152 -90 1 0 0 0 1 0 0 0 1 6636.dat
1 0 -80 -134 -100 1 0 0 0 1 0 0 0 1 3705.dat
1 297 -124 -134 -100 0 1 0 -1 0 0 0 0 1 4589.dat
1 0 80 -134 -100 1 0 0 0 1 0 0 0 1 3705.dat
1 297 124 -134 -100 0 -1 0 1 0 0 0 0 1 4589.dat
1 72 0 -160 -60 1 0 0 0 1 0 0 0 1 3034.dat
1 272 90 -176 -120 0 0 1 0 1 0 -1 0 0 3794.dat
1 272 -90 -176 -120 0 0 1 0 1 0 -1 0 0 3794.dat
1 484 100 -32 -300 1 0 0 0 1 0 0 0 1 3022.dat
1 272 100 -56 -300 1 0 0 0 1 0 0 0 1 3003.dat
1 484 100 -64 -300 1 0 0 0 1 0 0 0 1 3022.dat
1 272 100 -112 -300 1 0 0 0 1 0 0 0 1 3688.dat
1 484 -100 -32 -300 1 0 0 0 1 0 0 0 1 3022.dat
1 272 -100 -56 -300 1 0 0 0 1 0 0 0 1 3003.dat
1 484 -100 -64 -300 1 0 0 0 1 0 0 0 1 3022.dat
1 272 -100 -112 -300 1 0 0 0 1 0 0 0 1 3688.dat
1 71 380 -8 100 1 0 0 0 1 0 0 0 1 3035.dat
1 72 470 -8 100 0 0 1 0 1 0 -1 0 0 3666.dat
1 0 400 -16 110 1 0 0 0 1 0 0 0 1 4162.dat
1 0 400 -16 90 1 0 0 0 1 0 0 0 1 4162.dat
1 72 380 -32 70 1 0 0 0 1 0 0 0 1 3008.dat
1 72 380 -32 130 1 0 0 0 1 0 0 0 1 3008.dat
1 272 470 -16 60 0 0 1 0 1 0 -1 0 0 3794.dat
1 272 470 -16 140 0 0 1 0 1 0 -1 0 0 3794.dat
1 19 200 -128 180 1 0 0 0 1 0 0 0 1 3032.dat
1 19 160 -136 100 0 0 1 0 1 0 -1 0 0 3832.dat
1 19 200 -136 210 1 0 0 0 1 0 0 0 1 3666.dat
1 19 200 -128 110 1 0 0 0 1 0 0 0 1 3666.dat
1 0 160 -128 130 1 0 0 0 1 0 0 0 1 3023.dat
1 19 200 -128 40 1 0 0 0 1 0 0 0 1 3958.dat
1 19 200 -136 -10 1 0 0 0 1 0 0 0 1 3666.dat
1 19 250 -136 60 0 0 1 0 1 0 -1 0 0 3666.dat
1 71 250 -136 170 0 0 1 0 1 0 -1 0 0 3623.dat
1 28 200 -144 0 1 0 0 0 1 0 0 0 1 3795.dat
1 28 200 -144 40 1 0 0 0 1 0 0 0 1 3795.dat
1 28 200 -144 80 1 0 0 0 1 0 0 0 1 3795.dat
1 28 200 -144 160 1 0 0 0 1 0 0 0 1 3795.dat
1 28 200 -144 200 1 0 0 0 1 0 0 0 1 3795.dat
1 0 160 -144 130 1 0 0 0 1 0 0 0 1 3023.dat
1 19 200 -144 110 1 0 0 0 1 0 0 0 1 3666.dat
1 19 200 -168 160 -1 0 0 0 1 0 0 0 -1 2456.dat
1 297 200 -176 170 1 0 0 0 1 0 0 0 1 3794.dat
1 272 170 -192 150 -1 0 0 0 1 0 0 0 -1 3045.dat
1 4 200 -192 150 1 0 0 0 1 0 0 0 1 2458.dat
1 71 200 -62 130 1 0 0 0 0 1 0 -1 0 32009.dat
1 1 200 -202 120 0 0 1 0 1 0 -1 0 0 4274.dat
1 1 240 -62 110 0 0 1 0 1 0 -1 0 0 6558.dat
1 1 260 -62 110 0 0 1 0 1 0 -1 0 0 6558.dat
1 14 260 -62 110 0 0 1 1 0 0 0 1 0 32523.dat
1 14 260 -62 90 0 0 1 1 0 0 0 1 0 32523.dat
1 272 230 -192 150 0 0 -1 0 1 0 1 0 0 3045.dat
1 272 200 -200 150 1 0 0 0 1 0 0 0 1 3710.dat
1 46 200 -182 170 1 0 0 0 1 0 0 0 1 30153.dat
1 28 200 -222 130 0 0 -1 0 1 0 1 0 0 6587.dat
1 0 200 -222 150 1 0 0 0 0 1 0 -1 0 53585.dat
1 4 200 -222 110 1 0 0 0 1 0 0 0 1 3713.dat
1 28 -200 -144 100 0 0 1 0 1 0 -1 0 0 3028.dat
1 19 -200 -136 0 1 0 0 0 1 0 0 0 1 3795.dat
1 19 -200 -128 0 1 0 0 0 1 0 0 0 1 3795.dat
1 19 -200 -136 200 1 0 0 0 1 0 0 0 1 3795.dat
1 19 -200 -128 200 1 0 0 0 1 0 0 0 1 3795.dat
1 28 -320 -144 100 0 0 1 0 1 0 -1 0 0 3028.dat
1 19 -320 -136 0 1 0 0 0 1 0 0 0 1 3795.dat
1 19 -320 -128 0 1 0 0 0 1 0 0 0 1 3795.dat
1 19 -320 -136 200 1 0 0 0 1 0 0 0 1 3795.dat
1 19 -320 -128 200 1 0 0 0 1 0 0 0 1 3795.dat
1 28 320 -144 100 0 0 1 0 1 0 -1 0 0 3028.dat
1 19 320 -136 0 1 0 0 0 1 0 0 0 1 3795.dat
1 19 320 -128 0 1 0 0 0 1 0 0 0 1 3795.dat
1 19 320 -136 200 1 0 0 0 1 0 0 0 1 3795.dat
1 19 320 -128 200 1 0 0 0 1 0 0 0 1 3795.dat
1 19 450 -72 30 0 0 1 0 1 0 -1 0 0 2449.dat
1 19 450 -72 170 0 0 1 0 1 0 -1 0 0 2449.dat
1 19 450 -96 170 0 0 1 0 1 0 -1 0 0 3005.dat
1 19 450 -96 30 0 0 1 0 1 0 -1 0 0 3005.dat
1 19 430 -144 30 0 0 1 0 1 0 -1 0 0 2449.dat
1 19 430 -144 170 0 0 1 0 1 0 -1 0 0 2449.dat
1 19 450 -144 100 0 0 1 0 1 0 -1 0 0 3308.dat
1 72 470 -144 170 1 0 0 0 1 0 0 0 1 43888.dat
1 72 470 -144 30 1 0 0 0 1 0 0 0 1 43888.dat
1 19 420 -152 60 1 0 0 0 1 0 0 0 1 3032.dat
1 19 420 -152 140 1 0 0 0 1 0 0 0 1 3032.dat
1 272 460 -160 170 1 0 0 0 1 0 0 0 1 3794.dat
1 272 460 -160 30 1 0 0 0 1 0 0 0 1 3794.dat
1 297 460 -184 30 1 0 0 0 1 0 0 0 1 4589.dat
1 297 460 -184 170 1 0 0 0 1 0 0 0 1 4589.dat
1 297 470 -176 100 0 0 -1 0 1 0 1 0 0 3048.dat
1 272 460 -42 100 0 -0.574 0.819 0 0.819 0.574 -1 0 0 30163.dat
1 484 422.648 -58.408 100 0 -0.574 0.819 0 0.819 0.574 -1 0 0 3022.dat
1 297 537.189 -56.294 100 0 -0.574 0.819 0 0.819 0.574 -1 0 0 30164.dat
1 484 488.168 -12.488 100 0 -0.574 0.819 0 0.819 0.574 -1 0 0 3022.dat
1 297 -370 -168 210 1 0 0 0 1 0 0 0 1 4589.dat
1 297 370 -168 210 1 0 0 0 1 0 0 0 1 4589.dat
1 19 330 -168 180 0 0 -1 0 1 0 1 0 0 3037.dat
1 19 330 -168 100 0 0 -1 0 1 0 1 0 0 3037.dat
1 19 -330 -168 180 0 0 1 0 1 0 -1 0 0 3037.dat
1 19 -330 -168 100 0 0 1 0 1 0 -1 0 0 3037.dat
1 19 310 -152 140 0 0 1 0 1 0 -1 0 0 3666.dat
1 72 290 -152 210 1 0 0 0 1 0 0 0 1 3623.dat
1 70 300 -152 70 1 0 0 0 1 0 0 0 1 3023.dat
1 72 -290 -152 210 1 0 0 0 1 0 0 0 1 3623.dat
1 19 -310 -152 140 0 0 1 0 1 0 -1 0 0 3666.dat
1 70 -300 -152 70 1 0 0 0 1 0 0 0 1 3023.dat
1 71 -310 -152 80 0 0 -1 0 1 0 1 0 0 85984.dat
1 71 -310 -152 180 0 0 -1 0 1 0 1 0 0 85984.dat
1 71 310 -152 180 0 0 1 0 1 0 -1 0 0 85984.dat
1 71 310 -152 80 0 0 1 0 1 0 -1 0 0 85984.dat
1 4 -260 -152 70 1 0 0 0 1 0 0 0 1 3069.dat
1 4 260 -152 70 1 0 0 0 1 0 0 0 1 3069.dat
1 0 -160 -152 70 1 0 0 0 1 0 0 0 1 4162.dat
1 0 160 -152 70 1 0 0 0 1 0 0 0 1 4162.dat
1 0 0 -152 70 1 0 0 0 1 0 0 0 1 4162.dat
1 0 0 -152 50 1 0 0 0 1 0 0 0 1 4162.dat
1 19 110 -168 0 0 0 1 0 1 0 -1 0 0 3010.dat
1 19 140 -168 50 1 0 0 0 1 0 0 0 1 3010.dat
1 19 -140 -168 50 1 0 0 0 1 0 0 0 1 3010.dat
1 19 -110 -168 0 0 0 1 0 1 0 -1 0 0 3010.dat
1 72 -200 -168 30 1 0 0 0 1 0 0 0 1 3008.dat
1 72 200 -168 30 1 0 0 0 1 0 0 0 1 3008.dat
1 19 -290 -168 40 0 0 1 0 1 0 -1 0 0 3039.dat
1 19 290 -168 40 0 0 -1 0 1 0 1 0 0 3039.dat
1 19 -160 -168 10 1 0 0 0 1 0 0 0 1 3037.dat
1 19 -240 -168 10 1 0 0 0 1 0 0 0 1 3037.dat
1 19 160 -168 10 1 0 0 0 1 0 0 0 1 3037.dat
1 19 240 -168 10 1 0 0 0 1 0 0 0 1 3037.dat
1 28 -290 -168 10 0 0 1 0 1 0 -1 0 0 3045.dat
1 28 290 -168 10 1 0 0 0 1 0 0 0 1 3045.dat
1 19 -110 -192 20 1 0 0 0 1 0 0 0 1 3002.dat
1 19 110 -192 20 1 0 0 0 1 0 0 0 1 3002.dat
1 28 -100 -192 50 1 0 0 0 1 0 0 0 1 3004.dat
1 28 100 -192 50 1 0 0 0 1 0 0 0 1 3004.dat
1 19 -160 -192 10 1 0 0 0 1 0 0 0 1 3700.dat
1 19 -160 -192 30 1 0 0 0 1 0 0 0 1 3700.dat
1 19 -160 -192 50 1 0 0 0 1 0 0 0 1 3700.dat
1 19 160 -192 10 1 0 0 0 1 0 0 0 1 3700.dat
1 19 160 -192 30 1 0 0 0 1 0 0 0 1 3700.dat
1 19 160 -192 50 1 0 0 0 1 0 0 0 1 3700.dat
1 71 -160 -182 38 0 0 1 0 1 0 -1 0 0 32073.dat
1 71 160 -182 38 0 0 1 0 1 0 -1 0 0 32073.dat
1 297 -160 -182 -24 0 0 1 1 0 0 0 1 0 4589.dat
1 72 -160 -182 70 1 0 0 0 1 0 0 0 1 3647.dat
1 297 160 -182 -24 0 0 1 1 0 0 0 1 0 4589.dat
1 72 160 -182 70 1 0 0 0 1 0 0 0 1 3647.dat
1 19 240 -192 30 0 0 1 0 1 0 -1 0 0 3002.dat
1 19 -240 -192 30 0 0 1 0 1 0 -1 0 0 3002.dat
1 19 -270 -192 40 0 0 1 0 1 0 -1 0 0 3039.dat
1 19 270 -192 40 0 0 -1 0 1 0 1 0 0 3039.dat
1 19 270 -192 10 0 0 -1 0 1 0 1 0 0 3040.dat
1 19 -270 -192 10 0 0 1 0 1 0 -1 0 0 3040.dat
1 19 -200 -192 20 1 0 0 0 1 0 0 0 1 3003.dat
1 19 200 -192 20 1 0 0 0 1 0 0 0 1 3003.dat
1 19 -100 -216 30 0 0 1 0 1 0 -1 0 0 3002.dat
1 19 100 -216 30 0 0 1 0 1 0 -1 0 0 3002.dat
1 28 -160 -216 50 1 0 0 0 1 0 0 0 1 3004.dat
1 28 160 -216 50 1 0 0 0 1 0 0 0 1 3004.dat
1 19 -160 -216 30 1 0 0 0 1 0 0 0 1 3037.dat
1 19 160 -216 30 1 0 0 0 1 0 0 0 1 3037.dat
1 19 -220 -216 30 1 0 0 0 1 0 0 0 1 3039.dat
1 19 220 -216 30 1 0 0 0 1 0 0 0 1 3039.dat
1 19 -250 -216 50 0 0 1 0 1 0 -1 0 0 3040.dat
1 28 -250 -216 30 0 0 1 0 1 0 -1 0 0 3045.dat
1 28 250 -216 30 1 0 0 0 1 0 0 0 1 3045.dat
1 19 250 -216 50 0 0 -1 0 1 0 1 0 0 3040.dat
1 28 -100 -240 10 1 0 0 0 1 0 0 0 1 3004.dat
1 28 100 -240 10 1 0 0 0 1 0 0 0 1 3004.dat
1 28 90 -240 40 0 0 1 0 1 0 -1 0 0 3004.dat
1 28 -90 -240 40 0 0 1 0 1 0 -1 0 0 3004.dat
1 19 -160 -240 40 1 0 0 0 1 0 0 0 1 2456.dat
1 19 160 -240 40 1 0 0 0 1 0 0 0 1 2456.dat
1 19 -230 -240 40 0 0 1 0 1 0 -1 0 0 3039.dat
1 19 230 -240 40 0 0 -1 0 1 0 1 0 0 3039.dat
1 28 -210 -264 50 0 0 1 0 1 0 -1 0 0 3045.dat
1 19 -160 -264 50 1 0 0 0 1 0 0 0 1 3037.dat
1 19 -100 -264 40 1 0 0 0 1 0 0 0 1 3003.dat
1 19 100 -264 40 1 0 0 0 1 0 0 0 1 3003.dat
1 19 160 -264 50 1 0 0 0 1 0 0 0 1 3037.dat
1 28 210 -264 50 1 0 0 0 1 0 0 0 1 3045.dat
1 28 -100 -240 -10 1 0 0 0 1 0 0 0 1 3684.dat
1 28 100 -240 -10 1 0 0 0 1 0 0 0 1 3684.dat
1 19 -100 -288 40 1 0 0 0 1 0 0 0 1 3003.dat
1 19 -160 -288 60 1 0 0 0 1 0 0 0 1 3003.dat
1 19 -130 -288 50 1 0 0 0 1 0 0 0 1 3005.dat
1 19 -190 -288 50 0 0 1 0 1 0 -1 0 0 3040.dat
1 19 100 -288 40 1 0 0 0 1 0 0 0 1 3003.dat
1 19 130 -288 50 1 0 0 0 1 0 0 0 1 3005.dat
1 19 160 -288 60 1 0 0 0 1 0 0 0 1 3003.dat
1 19 190 -288 50 0 0 -1 0 1 0 1 0 0 3040.dat
1 72 70 -288 30 1 0 0 0 1 0 0 0 1 43888.dat
1 72 -70 -288 30 1 0 0 0 1 0 0 0 1 43888.dat
1 28 -100 -312 10 1 0 0 0 1 0 0 0 1 3684.dat
1 28 100 -312 10 1 0 0 0 1 0 0 0 1 3684.dat
1 0 -150 -160 70 1 0 0 0 1 0 0 0 1 4477.dat
1 0 -60 -184 70 1 0 0 0 1 0 0 0 1 3005.dat
1 0 -110 -184 70 1 0 0 0 1 0 0 0 1 3010.dat
1 71 -190 -168 70 1 0 0 0 1 0 0 0 1 3743.dat
1 272 -240 -184 70 1 0 0 0 1 0 0 0 1 3062.dat
1 272 -120 -208 70 1 0 0 0 1 0 0 0 1 3062.dat
1 297 -100 -208 70 1 0 0 0 1 0 0 0 1 4589.dat
1 0 -70 -256 70 -1 0 0 0 1 0 0 0 -1 87544.dat
1 0 -110 -232 70 1 0 0 0 1 0 0 0 1 3004.dat
1 272 -120 -256 70 1 0 0 0 1 0 0 0 1 3062.dat
1 297 -100 -256 70 1 0 0 0 1 0 0 0 1 4589.dat
1 0 -110 -280 70 1 0 0 0 1 0 0 0 1 3010.dat
1 0 -60 -280 70 1 0 0 0 1 0 0 0 1 3005.dat
1 71 -100 -216 100 1 0 0 0 1 0 0 0 1 30145.dat
1 0 120 -160 70 1 0 0 0 1 0 0 0 1 4477.dat
1 0 30 -184 70 1 0 0 0 1 0 0 0 1 3005.dat
1 0 80 -184 70 1 0 0 0 1 0 0 0 1 3010.dat
1 272 210 -184 70 1 0 0 0 1 0 0 0 1 3062.dat
1 71 160 -168 70 1 0 0 0 1 0 0 0 1 3743.dat
1 0 40 -256 70 -1 0 0 0 1 0 0 0 -1 87544.dat
1 272 90 -208 70 1 0 0 0 1 0 0 0 1 3062.dat
1 297 70 -208 70 1 0 0 0 1 0 0 0 1 4589.dat
1 0 80 -232 70 1 0 0 0 1 0 0 0 1 3004.dat
1 297 70 -256 70 1 0 0 0 1 0 0 0 1 4589.dat
1 272 90 -256 70 1 0 0 0 1 0 0 0 1 3062.dat
1 0 80 -280 70 1 0 0 0 1 0 0 0 1 3010.dat
1 0 30 -280 70 1 0 0 0 1 0 0 0 1 3005.dat
1 71 100 -216 100 1 0 0 0 1 0 0 0 1 30145.dat
1 71 100 -288 100 1 0 0 0 1 0 0 0 1 30145.dat
1 71 -100 -288 100 1 0 0 0 1 0 0 0 1 30145.dat
1 19 0 -312 30 1 0 0 0 1 0 0 0 1 6111.dat
1 72 0 -288 30 1 0 0 0 1 0 0 0 1 3666.dat
1 272 110 -312 30 1 0 0 0 1 0 0 0 1 3062.dat
1 272 -110 -312 30 1 0 0 0 1 0 0 0 1 3062.dat
1 19 140 -312 70 1 0 0 0 1 0 0 0 1 3039.dat
1 19 -140 -312 70 1 0 0 0 1 0 0 0 1 3039.dat
1 28 170 -312 70 1 0 0 0 1 0 0 0 1 3045.dat
1 28 -170 -312 70 0 0 1 0 1 0 -1 0 0 3045.dat
1 72 0 -152 210 1 0 0 0 1 0 0 0 1 6636.dat
1 72 -110 -144 210 0 0 1 0 1 0 -1 0 0 54200.dat
1 72 110 -144 210 0 0 -1 0 1 0 1 0 0 54200.dat
1 0 80 -168 200 1 0 0 0 1 0 0 0 1 3003.dat
1 19 80 -216 210 -1 0 0 0 1 0 0 0 -1 3245bdq0.dat
1 19 80 -216 190 1 0 0 0 1 0 0 0 1 3245a.dat
1 19 70 -264 200 0 0 1 0 1 0 -1 0 0 3245a.dat
1 0 90 -312 210 0 0 1 0 1 0 -1 0 0 2339.dat
1 0 90 -312 190 0 0 1 0 1 0 -1 0 0 2339.dat
1 19 80 -288 200 0 0 1 0 1 0 -1 0 0 3003.dat
1 484 160 -312 200 0 0 1 0 1 0 -1 0 0 3022.dat
1 0 -80 -168 200 -1 0 0 0 1 0 0 0 -1 3003.dat
1 19 -80 -216 190 -1 0 0 0 1 0 0 0 -1 3245a.dat
1 19 -80 -216 210 -1 0 0 0 1 0 0 0 -1 3245bdq1.dat
1 19 -70 -264 200 0 0 -1 0 1 0 1 0 0 3245a.dat
1 0 -90 -312 190 0 0 -1 0 1 0 1 0 0 2339.dat
1 0 -90 -312 210 0 0 -1 0 1 0 1 0 0 2339.dat
1 19 -80 -288 200 0 0 -1 0 1 0 1 0 0 3003.dat
1 484 -160 -312 200 0 0 -1 0 1 0 1 0 0 3022.dat
1 0 0 -312 210 -1 0 0 0 1 0 0 0 -1 3895.dat
1 19 110 -312 120 0 0 1 0 1 0 -1 0 0 3008.dat
1 19 -110 -312 120 0 0 1 0 1 0 -1 0 0 3008.dat
1 272 90 -312 110 1 0 0 0 1 0 0 0 1 3062.dat
1 272 90 -312 50 1 0 0 0 1 0 0 0 1 3062.dat
1 272 -90 -312 50 1 0 0 0 1 0 0 0 1 3062.dat
1 272 -90 -312 110 1 0 0 0 1 0 0 0 1 3062.dat
1 70 90 -312 80 0 0 1 0 1 0 -1 0 0 3747.dat
1 70 -90 -312 80 0 0 -1 0 1 0 1 0 0 3747.dat
1 72 60 -320 20 1 0 0 0 1 0 0 0 1 3032.dat
1 72 -60 -320 20 1 0 0 0 1 0 0 0 1 3032.dat
1 72 80 -320 140 0 0 1 0 1 0 -1 0 0 3034.dat
1 72 120 -320 140 0 0 1 0 1 0 -1 0 0 3034.dat
1 72 160 -320 140 0 0 1 0 1 0 -1 0 0 3034.dat
1 72 -80 -320 140 0 0 1 0 1 0 -1 0 0 3034.dat
1 72 -120 -320 140 0 0 1 0 1 0 -1 0 0 3034.dat
1 72 -160 -320 140 0 0 1 0 1 0 -1 0 0 3034.dat
1 72 0 -320 140 0 0 1 0 1 0 -1 0 0 92107.dat
1 0 -160 -152 190 1 0 0 0 1 0 0 0 1 4623.dat
1 272 -160 -160 190 1 0 0 0 1 0 0 0 1 3794.dat
1 272 -160 -156 168 1 0 0 0 -1 0 0 0 -1 3062.dat
1 0 -160 -180 168 1 0 0 0 -1 0 0 0 -1 3626.dat
1 82 -160 -204 168 -1 0 0 0 1 0 0 0 -1 90462.dat
1 72 0 -320 140 0 0 1 0 1 0 -1 0 0 92099.dat
1 28 0 -328 120 0 0 1 0 1 0 -1 0 0 3068.dat
1 19 30 -344 150 0 0 1 0 1 0 -1 0 0 91501.dat
1 19 30 -344 90 -1 0 0 0 1 0 0 0 -1 91501.dat
1 19 -30 -344 90 0 0 -1 0 1 0 1 0 0 91501.dat
1 19 -30 -344 150 1 0 0 0 1 0 0 0 1 91501.dat
1 71 0 -312 120 0 0 1 0 1 0 -1 0 0 2817.dat
1 72 0 -302 183 0 0 1 0 1 0 -1 0 0 59426.dat
1 297 0 -302 244 1 0 0 0 0 1 0 -1 0 4589.dat
1 28 25 -352 130 0 0 -1 0 1 0 1 0 0 3004.dat
1 28 2 -352 105 0 0 -1 0 1 0 1 0 0 3004.dat
1 28 -17 -352 133 0.5 0 -0.866 0 1 0 0.866 0 0.5 3004.dat
1 19 -253.229 -246.633 100 -0.669 0.743 0 0.743 0.669 0 0 0 -1 3030.dat
1 19 -253.229 -246.633 180 -0.669 0.743 0 0.743 0.669 0 0 0 -1 3030.dat
1 28 -205.643 -311.438 140 -0.669 0.743 0 0.743 0.669 0 0 0 -1 3068.dat
1 28 -312.704 -192.534 140 -0.669 0.743 0 0.743 0.669 0 0 0 -1 3068.dat
1 28 -259.174 -251.986 200 -0.669 0.743 0 0.743 0.669 0 0 0 -1 3068.dat
1 28 -259.174 -251.986 80 -0.669 0.743 0 0.743 0.669 0 0 0 -1 3068.dat
1 70 -307.505 -174.397 140 0 0.743 0.669 0 0.669 -0.743 -1 0 0 3023.dat
1 72 -287.431 -196.691 140 0 0.743 0.669 0 0.669 -0.743 -1 0 0 30157.dat
1 72 -207.136 -285.869 140 -0.669 0.743 0 0.743 0.669 0 0 0 -1 2654.dat
1 0 -280 -168 190 -1 0 0 0 1 0 0 0 -1 32530.dat
1 0 -280 -168 90 -1 0 0 0 1 0 0 0 -1 32530.dat
1 19 -260.666 -226.417 210 -0.669 0.743 0 0.743 0.669 0 0 0 -1 3460.dat
1 19 -260.666 -226.417 70 -0.669 0.743 0 0.743 0.669 0 0 0 -1 3460.dat
1 72 -280 -160 140 0 0 1 0 1 0 -1 0 0 3034.dat
1 19 253.229 -246.633 180 0.669 -0.743 0 0.743 0.669 0 0 0 1 3030.dat
1 19 253.229 -246.633 100 0.669 -0.743 0 0.743 0.669 0 0 0 1 3030.dat
1 28 205.643 -311.438 140 0.669 -0.743 0 0.743 0.669 0 0 0 1 3068.dat
1 28 312.704 -192.534 140 0.669 -0.743 0 0.743 0.669 0 0 0 1 3068.dat
1 28 259.174 -251.986 80 0.669 -0.743 0 0.743 0.669 0 0 0 1 3068.dat
1 28 259.174 -251.986 200 0.669 -0.743 0 0.743 0.669 0 0 0 1 3068.dat
1 70 307.505 -174.397 140 0 -0.743 -0.669 0 0.669 -0.743 1 0 0 3023.dat
1 72 287.431 -196.691 140 0 -0.743 -0.669 0 0.669 -0.743 1 0 0 30157.dat
1 72 207.136 -285.869 140 0.669 -0.743 0 0.743 0.669 0 0 0 1 2654.dat
1 0 280 -168 90 1 0 0 0 1 0 0 0 1 32530.dat
1 0 280 -168 190 1 0 0 0 1 0 0 0 1 32530.dat
1 19 260.666 -226.417 70 0.669 -0.743 0 0.743 0.669 0 0 0 1 3460.dat
1 19 260.666 -226.417 210 0.669 -0.743 0 0.743 0.669 0 0 0 1 3460.dat
1 72 280 -160 140 0 0 -1 0 1 0 1 0 0 3034.dat
1 19 -170 -328 180 0 0 1 0 1 0 -1 0 0 2431.dat
1 19 170 -328 180 0 0 1 0 1 0 -1 0 0 2431.dat
1 19 -140 -328 180 0 0 1 0 1 0 -1 0 0 3020.dat
1 19 140 -328 180 0 0 1 0 1 0 -1 0 0 3020.dat
1 28 -90 -344 190 -1 0 0 0 1 0 0 0 -1 3045.dat
1 28 90 -344 190 0 0 -1 0 1 0 1 0 0 3045.dat
1 19 -150 -344 100 0 0 1 0 1 0 -1 0 0 3037.dat
1 19 150 -344 100 0 0 -1 0 1 0 1 0 0 3037.dat
1 19 -110 -344 80 1 0 0 0 1 0 0 0 1 3002.dat
1 19 110 -344 80 1 0 0 0 1 0 0 0 1 3002.dat
1 0 -110 -344 110 1 0 0 0 1 0 0 0 1 3622.dat
1 0 110 -344 110 1 0 0 0 1 0 0 0 1 3622.dat
1 19 -70 -344 40 0 0 1 0 1 0 -1 0 0 3009.dat
1 19 70 -344 40 0 0 1 0 1 0 -1 0 0 3009.dat
1 272 -50 -344 70 1 0 0 0 1 0 0 0 1 3062.dat
1 272 50 -344 70 1 0 0 0 1 0 0 0 1 3062.dat
1 19 -80 -368 90 1 0 0 0 1 0 0 0 1 3037.dat
1 19 80 -368 90 1 0 0 0 1 0 0 0 1 3037.dat
1 28 -130 -368 90 0 0 1 0 1 0 -1 0 0 3045.dat
1 28 130 -368 90 1 0 0 0 1 0 0 0 1 3045.dat
1 19 -130 -368 120 0 0 1 0 1 0 -1 0 0 3039.dat
1 19 130 -368 120 0 0 -1 0 1 0 1 0 0 3039.dat
1 0 -90 -368 110 1 0 0 0 1 0 0 0 1 3622.dat
1 0 90 -368 110 1 0 0 0 1 0 0 0 1 3622.dat
1 19 -110 -392 120 0 0 1 0 1 0 -1 0 0 3039.dat
1 19 110 -392 120 0 0 -1 0 1 0 1 0 0 3039.dat
1 19 -110 -392 90 0 0 1 0 1 0 -1 0 0 3040.dat
1 19 110 -392 90 0 0 -1 0 1 0 1 0 0 3040.dat
1 19 -80 -392 110 0 0 1 0 1 0 -1 0 0 3002.dat
1 19 80 -392 110 0 0 1 0 1 0 -1 0 0 3002.dat
1 272 -50 -392 90 1 0 0 0 1 0 0 0 1 3062.dat
1 272 50 -392 90 1 0 0 0 1 0 0 0 1 3062.dat
1 19 -90 -416 130 0 0 1 0 1 0 -1 0 0 3040.dat
1 19 90 -416 130 0 0 -1 0 1 0 1 0 0 3040.dat
1 28 -90 -416 110 0 0 1 0 1 0 -1 0 0 3045.dat
1 28 90 -416 110 1 0 0 0 1 0 0 0 1 3045.dat
1 19 -60 -416 110 1 0 0 0 1 0 0 0 1 3039.dat
1 19 60 -416 110 1 0 0 0 1 0 0 0 1 3039.dat
1 19 -70 -440 120 0 0 1 0 1 0 -1 0 0 3039.dat
1 19 70 -440 120 0 0 -1 0 1 0 1 0 0 3039.dat
1 19 0 -440 110 1 0 0 0 1 0 0 0 1 92950.dat
1 28 -50 -464 130 0 0 1 0 1 0 -1 0 0 3045.dat
1 19 0 -464 130 1 0 0 0 1 0 0 0 1 3037.dat
1 28 50 -464 130 1 0 0 0 1 0 0 0 1 3045.dat
1 19 -20 -344 10 1 0 0 0 1 0 0 0 1 3037.dat
1 19 40 -344 10 1 0 0 0 1 0 0 0 1 3039.dat
1 19 90 -344 40 0 0 -1 0 1 0 1 0 0 3039.dat
1 19 -90 -344 40 0 0 1 0 1 0 -1 0 0 3039.dat
1 28 -90 -344 10 0 0 1 0 1 0 -1 0 0 3045.dat
1 28 90 -344 10 1 0 0 0 1 0 0 0 1 3045.dat
1 19 -70 -368 -10 -1 0 0 0 1 0 0 0 -1 3040.dat
1 297 -70 -392 -10 1 0 0 0 1 0 0 0 1 4589.dat
1 19 70 -368 -10 -1 0 0 0 1 0 0 0 -1 3040.dat
1 297 70 -392 -10 1 0 0 0 1 0 0 0 1 4589.dat
1 272 90 -368 190 1 0 0 0 1 0 0 0 1 3062.dat
1 272 -90 -368 190 1 0 0 0 1 0 0 0 1 3062.dat
1 0 90 -464 190 0 0 -1 0 1 0 1 0 0 2339.dat
1 0 -90 -464 190 0 0 1 0 1 0 -1 0 0 2339.dat
1 19 0 -464 190 1 0 0 0 1 0 0 0 1 3710.dat
1 28 0 -488 160 0 0 1 0 1 0 -1 0 0 3001.dat
1 19 -30 -488 160 0 0 1 0 1 0 -1 0 0 3037.dat
1 19 30 -488 160 0 0 -1 0 1 0 1 0 0 3037.dat
1 484 -20 -496 160 0 0 1 0 1 0 -1 0 0 3020.dat
1 484 20 -496 160 0 0 1 0 1 0 -1 0 0 3020.dat
1 272 10 -520 150 1 0 0 0 1 0 0 0 1 3045.dat
1 272 10 -520 170 0 0 -1 0 1 0 1 0 0 3045.dat
1 272 -10 -520 170 -1 0 0 0 1 0 0 0 -1 3045.dat
1 272 -10 -520 150 0 0 1 0 1 0 -1 0 0 3045.dat
1 297 0 -544 150 1 0 0 0 1 0 0 0 1 3048.dat
1 297 0 -544 170 -1 0 0 0 1 0 0 0 -1 3048.dat
1 19 -76.654 -461.496 160 -0.643 0.766 0 0.766 0.643 0 0 0 -1 3020.dat
1 19 -76.654 -461.496 200 0 0.766 -0.643 0 0.643 0.766 1 0 0 41770.dat
1 19 -63.499 -489.619 180 0 0.766 -0.643 0 0.643 0.766 1 0 0 3069.dat
1 19 -140.933 -384.891 180 -0.643 0.766 0 0.766 0.643 0 0 0 -1 3032.dat
1 28 -108.494 -435.996 180 -0.643 0.766 0 0.766 0.643 0 0 0 -1 3068.dat
1 28 -159.917 -374.712 180 -0.643 0.766 0 0.766 0.643 0 0 0 -1 3068.dat
1 70 -166.944 -341.447 180 0 0.766 0.643 0 0.643 -0.766 -1 0 0 3023.dat
1 71 -147.66 -364.428 180 0 0.766 0.643 0 0.643 -0.766 -1 0 0 2817.dat
1 19 -128.377 -387.409 180 0 0.766 0.643 0 0.643 -0.766 -1 0 0 3710.dat
1 19 -96.237 -425.711 150 -0.643 0.766 0 0.766 0.643 0 0 0 -1 3710.dat
1 72 -102.665 -418.051 210 -0.643 0.766 0 0.766 0.643 0 0 0 -1 3623.dat
1 71 -140 -358 200 0 0.766 0.643 0 0.643 -0.766 -1 0 0 3673.dat
1 71 -140 -358 160 0 0.766 0.643 0 0.643 -0.766 -1 0 0 3673.dat
1 0 -140 -336 150 -1 0 0 0 1 0 0 0 -1 32530.dat
1 0 -140 -336 210 -1 0 0 0 1 0 0 0 -1 32530.dat
1 19 76.654 -461.496 160 0.643 -0.766 0 0.766 0.643 0 0 0 1 3020.dat
1 19 76.654 -461.496 200 0 -0.766 0.643 0 0.643 0.766 -1 0 0 41769.dat
1 19 63.499 -489.619 180 0 -0.766 0.643 0 0.643 0.766 -1 0 0 3069.dat
1 19 140.933 -384.891 180 0.643 -0.766 0 0.766 0.643 0 0 0 1 3032.dat
1 28 108.494 -435.996 180 0.643 -0.766 0 0.766 0.643 0 0 0 1 3068.dat
1 28 159.917 -374.712 180 0.643 -0.766 0 0.766 0.643 0 0 0 1 3068.dat
1 70 166.944 -341.447 180 0 -0.766 0.643 0 0.643 0.766 -1 0 0 3023.dat
1 71 147.66 -364.428 180 0 -0.766 0.643 0 0.643 0.766 -1 0 0 2817.dat
1 19 128.377 -387.409 180 0 -0.766 0.643 0 0.643 0.766 -1 0 0 3710.dat
1 19 96.237 -425.711 150 0.643 -0.766 0 0.766 0.643 0 0 0 1 3710.dat
1 72 102.665 -418.051 210 0.643 -0.766 0 0.766 0.643 0 0 0 1 3623.dat
1 71 140 -358 160 0 -0.766 0.643 0 0.643 0.766 -1 0 0 3673.dat
1 71 140 -358 200 0 -0.766 0.643 0 0.643 0.766 -1 0 0 3673.dat
1 0 140 -336 210 1 0 0 0 1 0 0 0 1 32530.dat
1 0 140 -336 150 1 0 0 0 1 0 0 0 1 32530.dat
1 19 250 -96 -90 0 0 1 0 1 0 -1 0 0 3040.dat
1 19 270 -96 -90 0 0 -1 0 1 0 1 0 0 3040.dat
1 272 260 -104 -90 -1 0 0 0 1 0 0 0 -1 3023.dat
1 19 260 -152 -90 1 0 0 0 1 0 0 0 1 3245bdq2.dat
1 272 260 -160 -90 1 0 0 0 1 0 0 0 1 3794.dat
1 297 260 -184 -90 0 0 1 0 1 0 -1 0 0 4589.dat
1 297 260 -96 -230 1 0 0 0 1 0 0 0 1 3048.dat
1 297 330 -96 -160 0 0 -1 0 1 0 1 0 0 3048.dat
1 297 190 -96 -160 0 0 1 0 1 0 -1 0 0 3048.dat
1 2 370 -96 -210 0.707 0 0.707 0 1 0 -0.707 0 0.707 30176.dat
1 2 -330 -168 50 -0.707 0 0.707 0 1 0 -0.707 0 -0.707 30176.dat
1 0 10 -16 -110 0 0 -1 0 1 0 1 0 0 30169.dat
1 0 30 -446.963 53.614 -1 0 0 0 0.63 0.777 0 0.777 -0.63 50304.dat
1 0 -30 -446.963 53.614 -1 0 0 0 0.63 0.777 0 0.777 -0.63 50305.dat
1 71 -10 -508.703 72.766 0 0 -1 -0.777 0.63 0 0.63 0.777 0 30365.dat
1 71 10 -508.703 72.766 0 0 -1 -0.777 0.63 0 0.63 0.777 0 30365.dat
1 71 0 -462.083 34.966 0 0 -1 -0.777 0.63 0 0.63 0.777 0 3001.dat
1 297 30 -438.773 16.066 1 0 0 0 0.63 -0.777 0 0.777 0.63 4589.dat
1 297 30 -469.853 41.266 1 0 0 0 0.63 -0.777 0 0.777 0.63 4589.dat
1 297 -30 -469.853 41.266 1 0 0 0 0.63 -0.777 0 0.777 0.63 4589.dat
1 297 -30 -438.773 16.066 1 0 0 0 0.63 -0.777 0 0.777 0.63 4589.dat
1 72 40 -444.233 41.098 1 0 0 0 0.63 -0.777 0 0.777 0.63 44302.dat
1 72 -40 -444.233 41.098 -1 0 0 0 0.63 0.777 0 0.777 -0.63 44302.dat
1 4 -10 -415.463 -2.834 0 0 1 0.777 0.63 0 -0.63 0.777 0 30541.dat
1 4 10 -415.463 -2.834 0 0 1 0.777 0.63 0 -0.63 0.777 0 30541.dat
1 72 40 -413.153 15.898 1 0 0 0 0.63 -0.777 0 0.777 0.63 44302.dat
1 72 -40 -413.153 15.898 -1 0 0 0 0.63 0.777 0 0.777 -0.63 44302.dat
1 19 50 -418.193 9.682 1 0 0 0 0.63 -0.777 0 0.777 0.63 6141.dat
1 19 50 -449.273 34.882 1 0 0 0 0.63 -0.777 0 0.777 0.63 6141.dat
1 19 -50 -418.193 9.682 1 0 0 0 0.63 -0.777 0 0.777 0.63 6141.dat
1 19 -50 -449.273 34.882 1 0 0 0 0.63 -0.777 0 0.777 0.63 6141.dat
1 72 58.192 -418.7761 -0.1477 0.819 0 0.574 0.445998 0.63 -0.636363 -0.36162 0.777 0.51597 44302.dat
1 72 58.192 -458.7699 32.2797 0.819 0 -0.574 -0.445998 0.63 -0.636363 0.36162 0.777 0.51597 44302.dat
1 72 -58.192 -418.7761 -0.1477 -0.819 0 0.574 0.445998 0.63 0.636363 -0.36162 0.777 -0.51597 44302.dat
1 72 -58.192 -458.7699 32.2797 -0.819 0 -0.574 -0.445998 0.63 0.636363 0.36162 0.777 -0.51597 44302.dat
1 272 0 -513.743 66.55 -1 0 0 0 0.63 0.777 0 0.777 -0.63 51739.dat
1 272 10 -459.353 22.45 1 0 0 0 0.63 -0.777 0 0.777 0.63 30357.dat
1 272 -10 -459.353 22.45 0 0 -1 -0.777 0.63 0 0.63 0.777 0 30357.dat
1 72 0 -443.813 9.85 1 0 0 0 0.63 -0.777 0 0.777 0.63 3666.dat
1 272 -10 -428.273 -2.75 -1 0 0 0 0.63 0.777 0 0.777 -0.63 30357.dat
1 272 10 -428.273 -2.75 0 0 1 0.777 0.63 0 -0.63 0.777 0 30357.dat
1 71 0 -456.623 9.934 0 0 1 0.777 0.63 0 -0.63 0.777 0 3795.dat
1 272 0 -471.743 -8.714 1 0 0 0 0.63 -0.777 0 0.777 0.63 3003.dat
1 19 0 -438.353 -15.182 1 0 0 0 0.63 -0.777 0 0.777 0.63 3023.dat
1 19 0 -484.973 22.618 1 0 0 0 0.63 -0.777 0 0.777 0.63 3023.dat
1 28 30 -458.933 -8.798 0 0 -1 -0.777 0.63 0 0.63 0.777 0 3040.dat
1 28 30 -474.473 3.802 0 0 -1 -0.777 0.63 0 0.63 0.777 0 3040.dat
1 28 -30 -458.933 -8.798 0 0 1 0.777 0.63 0 -0.63 0.777 0 3040.dat
1 28 -30 -474.473 3.802 0 0 1 0.777 0.63 0 -0.63 0.777 0 3040.dat
1 28 0 -513.323 35.302 -1 0 0 0 0.63 0.777 0 0.777 -0.63 47753.dat
1 28 0 -420.083 -40.298 1 0 0 0 0.63 -0.777 0 0.777 0.63 47753.dat
1 71 -10 -555.3476 94.3286 0 0 1 0.994749 -0.103929 0 0.103929 0.994749 0 44301.dat
1 71 10 -555.3476 94.3286 0 0 1 0.994749 -0.103929 0 0.103929 0.994749 0 44301.dat
1 72 -10 -554.5162 86.3706 0 0 -1 -0.994749 -0.103929 0 -0.103929 0.994749 0 44302.dat
1 72 10 -554.5162 86.3706 0 0 -1 -0.994749 -0.103929 0 -0.103929 0.994749 0 44302.dat
1 272 0 -556.179 102.2866 1 0 0 0 -0.103929 -0.994749 0 0.994749 -0.103929 41854.dat
1 28 0 -562.8008 69.4154 1 0 0 0 -0.103929 -0.994749 0 0.994749 -0.103929 47457.dat
1 71 -10 -601.2485 61.0354 0 0 1 0.63 -0.777 0 0.777 0.63 0 44301.dat
1 71 10 -601.2485 61.0354 0 0 1 0.63 -0.777 0 0.777 0.63 0 44301.dat
1 72 -10 -595.0325 55.9954 0 0 -1 -0.63 -0.777 0 -0.777 0.63 0 44302.dat
1 72 10 -595.0325 55.9954 0 0 -1 -0.63 -0.777 0 -0.777 0.63 0 44302.dat
1 272 0 -607.4645 66.0754 1 0 0 0 -0.777 -0.63 0 0.63 -0.777 41854.dat
1 28 0 -588.9005 38.1454 1 0 0 0 -0.777 -0.63 0 0.63 -0.777 47457.dat
1 71 -10 -610.3784 4.3101 0 0 1 -0.103929 -0.994749 0 0.994749 -0.103929 0 44301.dat
1 71 10 -610.3784 4.3101 0 0 1 -0.103929 -0.994749 0 0.994749 -0.103929 0 44301.dat
1 72 -10 -602.4203 5.1415 0 0 -1 0.103929 -0.994749 0 -0.994749 -0.103929 0 44302.dat
1 72 10 -602.4203 5.1415 0 0 -1 0.103929 -0.994749 0 -0.994749 -0.103929 0 44302.dat
1 272 0 -618.3364 3.4787 1 0 0 0 -0.994749 0.103929 0 -0.103929 -0.994749 41854.dat
1 28 0 -585.4651 -3.1431 1 0 0 0 -0.994749 0.103929 0 -0.103929 -0.994749 47457.dat
1 0 0 -589.5303 -42.1799 -1 0 0 0 -0.63 -0.777 0 -0.777 0.63 4855.dat
1 19 0 -594.5703 -48.3959 -1 0 0 0 -0.63 -0.777 0 -0.777 0.63 3023.dat
1 72 0 -537.8704 -73.7639 -1 0 0 0 -0.63 -0.777 0 -0.777 0.63 4623.dat
1 19 10 -553.4103 -61.1639 0 0 -1 0.777 -0.63 0 -0.63 -0.777 0 49668.dat
1 19 -10 -553.4103 -61.1639 0 0 1 -0.777 -0.63 0 0.63 -0.777 0 49668.dat
1 72 -10 -571.6804 -36.0479 0 0 1 -0.777 -0.63 0 0.63 -0.777 0 30364.dat
1 72 10 -571.6804 -36.0479 0 0 1 -0.777 -0.63 0 0.63 -0.777 0 30364.dat
1 19 30 -584.4904 -35.9639 0 0 -1 0.777 -0.63 0 -0.63 -0.777 0 49668.dat
1 19 -30 -584.4904 -35.9639 0 0 1 -0.777 -0.63 0 0.63 -0.777 0 49668.dat
1 19 0 -574.4103 -23.5319 1 0 0 0 -0.63 0.777 0 -0.777 -0.63 3023.dat
1 28 0 -546.0604 -36.2159 -1 0 0 0 -0.63 -0.777 0 -0.777 0.63 47753.dat
1 72 0 -501.7503 -92.7478 -1 0 0 0 -0.777 0.63 0 0.63 0.777 59229.dat
1 0 79.397 -440.8184 45.3093 0 -0.342 0.94 0.777 0.5922 0.21546 -0.63 0.73038 0.265734 30552.dat
1 4 98.197 -436.5092 50.624 -0.94 -0.342 0 -0.21546 0.5922 0.777 -0.265734 0.73038 -0.63 32062.dat
1 297 123.577 -430.6918 57.7988 0 -0.94 -0.342 0.777 -0.21546 0.5922 -0.63 -0.265734 0.73038 4589.dat
1 28 127.337 -429.8299 58.8618 0 0.342 0.94 -0.777 -0.5922 0.21546 0.63 -0.73038 0.265734 40379.dat
1 0 79.397 -409.7384 20.1093 0 -0.342 0.94 0.777 0.5922 0.21546 -0.63 0.73038 0.265734 30552.dat
1 4 98.197 -405.4292 25.424 -0.94 -0.342 0 -0.21546 0.5922 0.777 -0.265734 0.73038 -0.63 32062.dat
1 297 123.577 -399.6118 32.5988 0 -0.94 -0.342 0.777 -0.21546 0.5922 -0.63 -0.265734 0.73038 4589.dat
1 28 127.337 -398.7499 33.6618 0 0.342 0.94 -0.777 -0.5922 0.21546 0.63 -0.73038 0.265734 40379.dat
1 0 89.042 -470.2428 52.437 0.574 -0.526 0.627 0.636363 0.769293 0.06321 -0.51597 0.362712 0.776811 30552.dat
1 4 101.582 -468.9786 67.9732 -0.627 -0.526 0.574 -0.06321 0.769293 0.636363 -0.776811 0.362712 -0.51597 32062.dat
1 297 118.511 -467.2719 88.9471 0.574 -0.627 -0.526 0.636363 -0.06321 0.769293 -0.51597 -0.776811 0.362712 4589.dat
1 28 121.019 -467.0191 92.0544 -0.574 0.526 0.627 -0.636363 -0.769293 0.06321 0.51597 -0.362712 0.776811 40379.dat
1 0 90.464 -397.803 -10.1717 -0.574 -0.28 0.77 0.636363 0.439908 0.634263 -0.51597 0.85386 -0.073836 30552.dat
1 4 105.864 -385.1178 -11.6484 -0.77 -0.28 -0.574 -0.634263 0.439908 0.636363 0.073836 0.85386 -0.51597 32062.dat
1 297 126.654 -367.9927 -13.642 -0.574 -0.77 -0.28 0.636363 -0.634263 0.439908 -0.51597 0.073836 0.85386 4589.dat
1 28 129.734 -365.4556 -13.9373 0.574 0.28 0.77 -0.636363 -0.439908 0.634263 0.51597 -0.85386 -0.073836 40379.dat
1 0 -79.397 -409.7384 20.1093 0 0.342 -0.94 -0.777 0.5922 0.21546 0.63 0.73038 0.265734 30552.dat
1 4 -98.197 -405.4292 25.424 0.94 0.342 0 -0.21546 0.5922 -0.777 -0.265734 0.73038 0.63 32062.dat
1 297 -123.577 -399.6118 32.5988 0 0.94 0.342 -0.777 -0.21546 0.5922 0.63 -0.265734 0.73038 4589.dat
1 28 -127.337 -398.7499 33.6618 0 -0.342 -0.94 0.777 -0.5922 0.21546 -0.63 -0.73038 0.265734 40379.dat
1 0 -79.397 -440.8184 45.3093 0 0.342 -0.94 -0.777 0.5922 0.21546 0.63 0.73038 0.265734 30552.dat
1 4 -98.197 -436.5092 50.624 0.94 0.342 0 -0.21546 0.5922 -0.777 -0.265734 0.73038 0.63 32062.dat
1 297 -123.577 -430.6918 57.7988 0 0.94 0.342 -0.777 -0.21546 0.5922 0.63 -0.265734 0.73038 4589.dat
1 28 -127.337 -429.8299 58.8618 0 -0.342 -0.94 0.777 -0.5922 0.21546 -0.63 -0.73038 0.265734 40379.dat
1 0 -89.042 -470.2428 52.437 0.574 0.526 -0.627 -0.636363 0.769293 0.06321 0.51597 0.362712 0.776811 30552.dat
1 4 -101.582 -468.9786 67.9732 0.627 0.526 0.574 -0.06321 0.769293 -0.636363 -0.776811 0.362712 0.51597 32062.dat
1 297 -118.511 -467.2719 88.9471 0.574 0.627 0.526 -0.636363 -0.06321 0.769293 0.51597 -0.776811 0.362712 4589.dat
1 28 -121.019 -467.0191 92.0544 -0.574 -0.526 -0.627 0.636363 -0.769293 0.06321 -0.51597 -0.362712 0.776811 40379.dat
1 0 -90.464 -397.803 -10.1717 -0.574 0.28 -0.77 -0.636363 0.439908 0.634263 0.51597 0.85386 -0.073836 30552.dat
1 4 -105.864 -385.1178 -11.6484 0.77 0.28 -0.574 -0.634263 0.439908 -0.636363 0.073836 0.85386 0.51597 32062.dat
1 297 -126.654 -367.9927 -13.642 -0.574 0.77 0.28 -0.636363 -0.634263 0.439908 0.51597 0.073836 0.85386 4589.dat
1 28 -129.734 -365.4556 -13.9373 0.574 -0.28 -0.77 0.636363 -0.439908 0.634263 -0.51597 -0.85386 -0.073836 40379.dat
1 0 -38.279 -374.867 -22.8716 -0.707 0.707 0 0.549339 0.549339 -0.63 -0.44541 -0.44541 -0.777 30386.dat
1 71 -55.843 -345.5881 -46.6112 0 0.94 -0.342 0.63 0.265734 0.73038 0.777 -0.21546 -0.5922 30553.dat
1 1 -62.683 -330.9851 -58.4515 0.342 0 -0.94 -0.73038 0.63 -0.265734 0.5922 0.777 0.21546 43093.dat
1 0 38.279 -374.867 -22.8716 0.707 -0.707 0 0.549339 0.549339 0.63 -0.44541 -0.44541 0.777 30386.dat
1 71 55.843 -345.5881 -46.6112 0 -0.94 0.342 -0.63 0.265734 0.73038 -0.777 -0.21546 -0.5922 30553.dat
1 1 62.683 -330.9851 -58.4515 -0.342 0 0.94 -0.73038 -0.63 -0.265734 0.5922 -0.777 0.21546 43093.dat
1 272 -81.794 -352.3511 -56.8519 0.908 0.243 0.342 0.09324 0.677733 -0.73038 -0.409143 0.694512 0.5922 3710.dat
1 28 -78.546 -367.6843 -77.6116 0.908 0.243 0.342 0.09324 0.677733 -0.73038 -0.409143 0.694512 0.5922 42060.dat
1 72 -67.226 -351.2119 -97.6385 -0.342 0.243 0.908 0.73038 0.677733 0.09324 -0.5922 0.694512 -0.409143 3622.dat
1 19 -62.574 -312.1025 -102.8276 -0.157828 0.243 -0.957328 -0.679129 0.677733 0.284444 0.717417 0.694512 0.058218 2429.dat
1 19 -62.574 -312.1025 -102.8276 0.342 0.243 -0.908 -0.73038 0.677733 -0.09324 0.5922 0.694512 0.409143 2430.dat
1 28 -74.8231 -311.9403 -133.2626 0.957328 0.243 -0.157828 -0.284444 0.677733 -0.679129 -0.058218 0.694512 0.717417 41748.dat
1 19 -70.35 -333.7899 -125.052 -0.157828 0.243 -0.957328 -0.679129 0.677733 0.284444 0.717417 0.694512 0.058218 2429.dat
1 19 -70.35 -333.7899 -125.052 0.342 0.243 -0.908 -0.73038 0.677733 -0.09324 0.5922 0.694512 0.409143 2430.dat
1 19 -90.75 -351.1947 -100.9337 0.342 0.243 -0.908 -0.73038 0.677733 -0.09324 0.5922 0.694512 0.409143 3023.dat
1 297 -83.614 -355.6842 -110.5812 0.342 0.243 -0.908 -0.73038 0.677733 -0.09324 0.5922 0.694512 0.409143 4150.dat
1 19 -147.954 -190.7351 -191.2273 0.342 0.243 -0.908 -0.73038 0.677733 -0.09324 0.5922 0.694512 0.409143 49668.dat
1 272 -89.814 -314.8997 -90.5533 0.342 0.243 -0.908 -0.73038 0.677733 -0.09324 0.5922 0.694512 0.409143 3710.dat
1 19 -106.914 -278.3807 -120.1633 0.342 0.243 -0.908 -0.73038 0.677733 -0.09324 0.5922 0.694512 0.409143 49668.dat
1 19 -54.7872 -234.5517 -181.163 0.157828 0.243 0.957328 0.679129 0.677733 -0.284444 -0.717417 0.694512 -0.058218 49668.dat
1 71 -71.95 -323.153 -77.2446 0.342 0.243 -0.908 -0.73038 0.677733 -0.09324 0.5922 0.694512 0.409143 2817.dat
1 272 81.794 -352.3511 -56.8519 -0.908 -0.243 0.342 0.09324 0.677733 0.73038 -0.409143 0.694512 -0.5922 3710.dat
1 28 78.546 -367.6843 -77.6116 0.908 -0.243 -0.342 -0.09324 0.677733 -0.73038 0.409143 0.694512 0.5922 42061.dat
1 72 67.226 -351.2119 -97.6385 -0.342 -0.243 -0.908 -0.73038 0.677733 0.09324 0.5922 0.694512 -0.409143 3622.dat
1 19 62.574 -312.1025 -102.8276 0.342 -0.243 0.908 0.73038 0.677733 -0.09324 -0.5922 0.694512 0.409143 2429.dat
1 19 62.574 -312.1025 -102.8276 0.0952 -0.243 0.965706 0.729696 0.677733 0.099099 -0.678033 0.694512 0.241852 2430.dat
1 28 79.9688 -312.7856 -130.635 0.965706 -0.243 -0.0952 0.099099 0.677733 -0.729696 0.241852 0.694512 0.678033 41747.dat
1 19 70.35 -333.7899 -125.052 0.342 -0.243 0.908 0.73038 0.677733 -0.09324 -0.5922 0.694512 0.409143 2429.dat
1 19 70.35 -333.7899 -125.052 0.0952 -0.243 0.965706 0.729696 0.677733 0.099099 -0.678033 0.694512 0.241852 2430.dat
1 19 90.75 -351.1947 -100.9337 0.342 -0.243 0.908 0.73038 0.677733 -0.09324 -0.5922 0.694512 0.409143 3023.dat
1 297 83.614 -355.6842 -110.5812 -0.908 -0.243 0.342 0.09324 0.677733 0.73038 -0.409143 0.694512 -0.5922 4150.dat
1 272 89.814 -314.8997 -90.5533 -0.342 -0.243 -0.908 -0.73038 0.677733 0.09324 0.5922 0.694512 -0.409143 3710.dat
1 19 82.7169 -230.854 -174.979 -0.0952 -0.243 -0.965706 -0.729696 0.677733 -0.099099 0.678033 0.694512 -0.241852 49668.dat
1 19 106.914 -278.3807 -120.1633 0.342 -0.243 0.908 0.73038 0.677733 -0.09324 -0.5922 0.694512 0.409143 49668.dat
1 19 147.954 -190.7351 -191.2273 0.342 -0.243 0.908 0.73038 0.677733 -0.09324 -0.5922 0.694512 0.409143 49668.dat
1 71 71.95 -323.153 -77.2446 0.342 -0.243 0.908 0.73038 0.677733 -0.09324 -0.5922 0.694512 0.409143 2817.dat
1 19 478.592 -201.843 87.5254 -0.047646 -0.901004 -0.431866 -0.814 0.286 -0.506 0.579448 0.327378 -0.745992 3068.dat
1 0 359 -237.552 168.176 0.691 -0.25 -0.679 0.129 0.966 -0.224 0.712 0.067 0.699 973.dat
1 0 359 -237.552 168.176 0.691 -0.25 -0.679 0.129 0.966 -0.224 0.712 0.067 0.699 93248.dat
1 83 366.588 -242.0141 135.1138 0.650143 -0.06496 -0.758252 0.130299 0.991396 0.028 0.749972 -0.117018 0.651384 93247.dat
1 0 351 -206.64 170.32 0.691 -0.25 -0.679 0.129 0.966 -0.224 0.712 0.067 0.699 3815.dat
1 0 348 -195.048 171.124 0.691 0.123 -0.713014 0.129 0.948556 0.289016 0.712 -0.291478 0.638834 3817.dat
1 0 348 -195.048 171.124 0.691691 -0.657482 -0.303053 0.129129 0.52437 -0.842296 0.712712 0.542261 0.446757 3816.dat
1 83 384.5818 -196.0307 169.4188 0.829276 -0.248974 -0.525753 0.170463 0.973183 -0.191575 0.554946 0.071728 0.846689 93251.dat
