0 Main
0 Name: 3674-1 - Bonnie Bunny's New House.mpd
0 Author: LTRON
1 4 120 -168 -140 -1 0 0 0 1 0 0 0 -1 2039.dat
1 4 -80 -168 -140 -1 0 0 0 1 0 0 0 -1 2039.dat
1 14 -40 -168 -60 1 0 0 0 1 0 0 0 1 3890.dat
1 14 80 -168 -60 1 0 0 0 1 0 0 0 1 4071.dat
1 4 129 -84 -75 1 0 0 0 1 0 0 0 1 4072.dat
1 14 -80 -168 20 0 0 -1 0 1 0 1 0 0 2042.dat
1 4 60 -176 -100 1 0 0 0 1 0 0 0 1 3036.dat
1 4 -60 -176 -40 0 0 1 0 1 0 -1 0 0 3029.dat
1 4 -60 -200 70 -1 0 0 0 1 0 0 0 -1 3633.dat
1 4 -160 0 -70 0 0 1 0 1 0 -1 0 0 2046.dat
1 14 90 -200 -80 0 0 -1 0 1 0 1 0 0 3010.dat
1 14 90 -208 -100 1 0 0 0 1 0 0 0 1 3021.dat
1 14 90 -208 -60 1 0 0 0 1 0 0 0 1 3021.dat
1 14 110 -232 -80 0 0 -1 0 1 0 1 0 0 3010.dat
1 14 110 -256 -80 0 0 -1 0 1 0 1 0 0 3004.dat
1 15 80 -216 -100 0 0 -1 0 1 0 1 0 0 3068.dat
1 15 80 -216 -60 0 0 -1 0 1 0 1 0 0 3068.dat
1 450 0 -200 -80 -0.391 0 -0.921 0 1 0 0.921 0 -0.391 4222a.dat
1 6 60 -219 -60 0 -0.731 -0.682 -1 0 0 0 0.682 -0.731 3852.dat
1 450 155.298 -24 23.112 -0.602 0 0.799 0 1 0 -0.799 0 -0.602 4222a.dat
1 450 60 -48 63.112 1 0 0 0 1 0 0 0 1 4223.dat
1 1 110 -256 -50 0 0 -1 0 1 0 1 0 0 6264.dat
1 1 50 -72 73.112 0 0 -1 0 1 0 1 0 0 6264.dat
1 4 -20 0 43.112 -1 0 0 0 1 0 0 0 -1 u686.dat
1 14 -80 -48 110 0 0 -1 0 1 0 1 0 0 4532.dat
1 4 -80 -56 110 0 0 -1 0 1 0 1 0 0 3021.dat
1 4 -80 -26 110 0 0 -1 0 1 0 1 0 0 4536.dat
1 4 -80 -44 110 0 0 -1 0 1 0 1 0 0 4536.dat
1 4 -70 -56 120 0 0 -1 0 1 0 1 0 0 4610.dat
1 2 210 -24 -130 0 0 -1 0 1 0 1 0 0 4727.dat
1 2 190 -24 -70 0 0 -1 0 1 0 1 0 0 4727.dat
1 1 210 -48 -130 0 0 -1 0 1 0 1 0 0 4728.dat
1 14 190 -48 -70 0 0 -1 0 1 0 1 0 0 4728.dat
1 15 -23 -76 -57 -0.927 -0.375 0 0 0 -1 0.375 -0.927 0 3068.dat
1 15 -75 -81 -12 -0.629 -0.777 0 0 0 -1 0.777 -0.629 0 3068.dat
1 15 -75 -81 44 -0.122 -0.993 0 0 0 -1 0.993 -0.122 0 3068.dat
1 7 -96 -251 0 -0.174 0 0.985 0 1 0 -0.985 0 -0.174 u588.dat
1 4 -96 -221 0 0 0 1 0 1 0 -1 0 0 u9102.dat
1 4 -96 -247 -23 0 -0.574 0.819 0 0.819 0.574 -1 0 0 u9101.dat
1 4 -96 -247 23 0 -0.961 -0.276 0 0.276 -0.961 1 0 0 u9101.dat
1 7 -96 -221 10 0 -0.454 0.891 0 0.891 0.454 -1 0 0 u9100.dat
1 7 -96 -221 -10 0 0 1 0 1 0 -1 0 0 u9100.dat
1 4 -96 -221 0 0 0 1 0 1 0 -1 0 0 u9103.dat
1 19 158.494 -64 20.704 -0.225035 0 0.9753 0 1 0 -0.9753 0 -0.225035 u9106.dat
1 15 158.494 -34 20.704 -0.602 0 0.799 0 1 0 -0.799 0 -0.602 u9102.dat
1 14 144.648 -60 2.327 -0.602 -0.555305 0.574481 0 0.719 0.695 -0.799 0.41839 -0.432838 u9101.dat
1 14 172.34 -60 39.081 0.602 -0.784618 0.152609 0 -0.191 -0.982 0.799 0.591164 -0.114982 u9101.dat
1 14 164.514 -34 28.694 -0.602 -0.799 0 0 0 1 -0.799 0.602 0 u9100.dat
1 14 152.474 -34 12.714 -0.602 -0.799 0.013583 0 0.017 1 -0.799 0.602 -0.010234 u9100.dat
1 4 158.494 -34 20.704 -0.602 0 0.799 0 1 0 -0.799 0 -0.602 u9103.dat
1 4 -220 -23 70 1 0 0 0 1 0 0 0 1 u9204.dat
