0 
0 Name: New Model.ldr
0 Author: 
1 0 -140 -49 -32 0.5 0 -0.866 0 1 0 0.866 0 0.5 4493.dat
1 6 -140 -57 -32 0.5 0 -0.866 0 1 0 0.866 0 0.5 4491b.dat
1 7 -178.882 -93 -45.346 0.5 -0.866 0 0 0 -1 0.866 0.5 0 30141.dat
1 7 -140.866 -153 -31.5 0.5 0 -0.866 0 1 0 0.866 0 0.5 3629.dat
1 14 -140.866 -153 -31.5 0.5 0 -0.866 0 1 0 0.866 0 0.5 3626.dat
1 7 -140.866 -129 -31.5 0.5 0 -0.866 0 1 0 0.866 0 0.5 973.dat
1 7 -126.1309 -115.813 -66.1681 0.517186 -0.211324 -0.828716 0.058 0.975 -0.213 0.853768 0.061968 0.516578 30132.dat
