0 Main
0 Name: 8022-1 - TECHNIC Starter Set_PvNP1th.mpd
0 Author: LTRON
1 256 0 0 0 1 0 0 0 1 0 0 0 1 3706.dat
1 7 -50 0 0 0 0 1 0 1 0 -1 0 0 3713.dat
1 15 -30 -10 -100 0 0 1 0 1 0 -1 0 0 3895.dat
1 0 -40 0 -60 1 0 0 0 0.524 0.852 0 -0.852 0.524 2780.dat
1 0 -40 0 -200 1 0 0 0 -0.286 0.958 0 -0.958 -0.286 2780.dat
1 14 -10 0 0 0 0 -1 0 -1 0 -1 0 0 3482.dat
1 0 -10 0 0 0 0 -1 0 -1 0 -1 0 0 2346.dat
1 7 10 0 0 0 0 -1 0 1 0 1 0 0 3713.dat
1 0 0 14 -170 1 0 0 0 1 0 0 0 1 4442.dat
1 15 30 -10 -100 0 0 1 0 1 0 -1 0 0 3895.dat
1 0 40 0 -200 1 0 0 0 -0.286 0.958 0 -0.958 -0.286 2780.dat
1 0 40 0 -60 1 0 0 0 0.524 0.852 0 -0.852 0.524 2780.dat
1 15 0 -18 -80 1 0 0 0 1 0 0 0 1 3709.dat
1 15 0 -18 -110 1 0 0 0 1 0 0 0 1 3710.dat
1 7 70 -10 -170 1 0 0 0 1 0 0 0 1 4261.dat
1 7 -70 -10 -170 1 0 0 0 1 0 0 0 1 4261.dat
1 15 0 -26 -70 1 0 0 0 1 0 0 0 1 3023.dat
1 15 0 -34 -70 1 0 0 0 1 0 0 0 1 3023.dat
1 7 80 0 -170 1 0 0 0 1 0 0 0 1 3749.dat
1 7 -80 0 -170 -1 0 0 0 1 0 0 0 -1 3749.dat
1 0 0 -18 -130 1 0 0 0 1 0 0 0 1 2792.dat
1 7 0 -32 -130 1 0 0 0 0.999 0.033 0 -0.033 0.999 2791.dat
1 7 70 -10 -130 0 -1 0 1 0 0 0 0 1 3749.dat
1 7 -70 -12 -130 0 -1 0 1 0 0 0 0 1 3749.dat
1 7 0 -32 -130 -1 0 0 0 1 0 0 0 -1 2790.dat
1 15 0 -58 -70 -1 0 0 0 1 0 0 0 -1 3700.dat
1 7 60 -10 10 1 0 0 0 0.44 -0.898 0 0.898 0.44 3673.dat
1 7 50 0 0 0 0 -1 -1 0 0 0 1 0 3648.dat
1 0 0 -48.491 -84.425 0 1 0 -0.033 0 -0.999 -0.999 0 0.033 3706.dat
1 7 0 -49.99 -129.4 0 1 0 0.999 0 -0.033 -0.033 0 -0.999 3647.dat
1 14 0 -47.158 -44.448 -1 0 0 0 -0.999 0.033 0 0.033 0.999 3482.dat
1 15 30 -107.458 -114.339 0 0 1 -0.852 0.524 0 -0.524 -0.852 0 3702.dat
1 0 40 -51.098 -91.419 1 0 0 0 -0.524 -0.852 0 0.852 -0.524 2780.dat
1 0 40 -68.138 -101.899 1 0 0 0 -0.524 -0.852 0 0.852 -0.524 2780.dat
1 15 50 -39.298 -72.419 0 0 1 -0.852 0.524 0 -0.524 -0.852 0 3894.dat
1 0 0 -153.33 -154.286 1 0 0 0 -0.105 0.994 0 -0.994 -0.105 3737.dat
1 7 10 -153.33 -154.286 0 0 -1 0.994 -0.105 0 -0.105 -0.994 0 3713.dat
1 7 -12 -153.33 -154.286 0 0 1 -0.994 -0.105 0 0.105 -0.994 0 3650.dat
1 15 -30 -107.458 -114.339 0 0 1 -0.852 0.524 0 -0.524 -0.852 0 3702.dat
1 0 -40 -51.098 -91.419 -1 0 0 0 0.524 -0.852 0 -0.852 -0.524 2780.dat
1 0 -40 -68.138 -101.899 -1 0 0 0 0.524 -0.852 0 -0.852 -0.524 2780.dat
1 15 -50 -39.298 -72.419 0 0 1 -0.852 0.524 0 -0.524 -0.852 0 3894.dat
1 15 50 -130.164 -146.584 0 0 1 0.958 0.286 0 -0.286 0.958 0 3666.dat
1 15 50 -175.348 -158.136 0 0 1 0.958 0.286 0 -0.286 0.958 0 3701.dat
1 15 50 -60.388 -192.456 0 0 1 0.958 0.286 0 -0.286 0.958 0 3702.dat
1 15 50 -139.316 -177.24 0 0 1 0.958 0.286 0 -0.286 0.958 0 3710.dat
1 15 -50 -130.164 -146.584 0 0 1 0.958 0.286 0 -0.286 0.958 0 3666.dat
1 15 -50 -175.348 -158.136 0 0 1 0.958 0.286 0 -0.286 0.958 0 3701.dat
1 15 -50 -60.388 -192.456 0 0 1 0.958 0.286 0 -0.286 0.958 0 3702.dat
1 15 -50 -139.316 -177.24 0 0 1 0.958 0.286 0 -0.286 0.958 0 3710.dat
1 15 0 -197.246 -126.584 -1 0 0 0 0.286 0.958 0 0.958 -0.286 3666.dat
1 15 0 -204.11 -149.576 -1 0 0 0 0.286 0.958 0 0.958 -0.286 3700.dat
1 0 0 -210.83 -137.136 0 -1 0 -0.958 0 -0.286 0.286 0 -0.958 3705.dat
1 7 0 -182.09 -145.716 0 -1 0 0.286 0 -0.958 0.958 0 0.286 3647.dat
1 7 0 -215.62 -135.706 0 -1 0 0.286 0 -0.958 0.958 0 0.286 4185.dat
1 15 0 -229.032 -131.702 1 0 0 0 0.958 0.286 0 -0.286 0.958 3709.dat
1 14 0 -236.696 -129.414 1 0 0 0 -0.958 -0.286 0 0.286 -0.958 2825.dat
1 0 70 -153.33 -154.286 0 -1 0 -0.994 0 -0.105 0.105 0 -0.994 2825.dat
1 0 -70 -153.33 -154.286 0 1 0 0.994 0 -0.105 -0.105 0 -0.994 2825.dat
1 15 0 -206.389 -157.25 1 0 0 0 0.286 -0.958 0 0.958 0.286 3666.dat
1 15 0 -43.475 -205.821 1 0 0 0 0.286 -0.958 0 0.958 0.286 3795.dat
1 0 70 -157.533 -194.064 1 0 0 0 -0.994 -0.105 0 0.105 -0.994 2780.dat
1 7 70 -159.634 -213.954 -1 0 0 0 0.994 -0.105 0 -0.105 -0.994 3749.dat
1 7 -70 -159.634 -213.954 1 0 0 0 -0.994 -0.105 0 0.105 -0.994 3749.dat
1 0 -70 -157.533 -194.064 -1 0 0 0 0.994 -0.105 0 -0.105 -0.994 2780.dat
1 7 70 -18.807 -7.957 1 0 0 0 -0.898 -0.44 0 0.44 -0.898 3651.dat
1 0 70 -51.831 -75.294 0 0 1 -0.44 0.898 0 -0.898 -0.44 0 3707.dat
1 7 70 -84.856 -142.632 -1 0 0 0 -0.898 0.44 0 0.44 0.898 3651.dat
1 7 80 -93.662 -160.589 1 0 0 0 0.105 -0.994 0 0.994 0.105 3749.dat
1 0 90 -153.33 -154.286 0 -1 0 -0.105 0 0.994 -0.994 0 -0.105 2825.dat
1 14 90 0 -170 0 0 -1 0 -1 0 -1 0 0 3482.dat
1 0 90 0 -170 0 0 -1 0 -1 0 -1 0 0 2346.dat
1 14 -90 0 -170 0 0 1 0 1 0 -1 0 0 3482.dat
1 0 -90 0 -170 0 0 1 0 1 0 -1 0 0 2346.dat
1 15 -30 -252.037 -124.857 0 0 1 -0.286 0.958 0 -0.958 -0.286 0 3701.dat
1 15 30 -252.037 -124.857 0 0 1 -0.286 0.958 0 -0.958 -0.286 0 3701.dat
1 15 0 -251.121 -93.829 -1 0 0 0 0.958 -0.286 0 -0.286 -0.958 3710.dat
1 15 0 -268.281 -151.309 -1 0 0 0 0.958 -0.286 0 -0.286 -0.958 3710.dat
1 15 0 -259.701 -122.569 -1 0 0 0 0.958 -0.286 0 -0.286 -0.958 3738.dat
1 15 0 -275.945 -149.021 -1 0 0 0 0.958 -0.286 0 -0.286 -0.958 3023.dat
1 15 -30 -276.973 -96.545 0 0 -1 0.286 0.958 0 0.958 -0.286 0 3700.dat
1 15 0 -274.113 -86.965 1 0 0 0 0.958 0.286 0 -0.286 0.958 3700.dat
1 15 -20 -285.553 -125.285 1 0 0 0 0.958 0.286 0 -0.286 0.958 3700.dat
1 15 20 -285.553 -125.285 1 0 0 0 0.958 0.286 0 -0.286 0.958 3700.dat
1 15 30 -276.973 -96.545 0 0 1 -0.286 0.958 0 -0.958 -0.286 0 3700.dat
1 15 0 -290.357 -113.417 -1 0 0 0 0.958 -0.286 0 -0.286 -0.958 3738.dat
1 15 0 -281.777 -84.677 -1 0 0 0 0.958 -0.286 0 -0.286 -0.958 3710.dat
1 15 0 -298.021 -111.129 -1 0 0 0 0.958 -0.286 0 -0.286 -0.958 3795.dat
1 7 -20 -307.601 -108.269 -1 0 0 0 0.286 0.958 0 0.958 -0.286 3713.dat
1 7 20 -307.601 -108.269 -1 0 0 0 0.286 0.958 0 0.958 -0.286 3713.dat
1 15 -80 -171.679 -232.792 0 0 -1 0.105 0.994 0 0.994 -0.105 0 3894.dat
1 15 80 -171.679 -232.792 0 0 -1 0.105 0.994 0 0.994 -0.105 0 3894.dat
1 15 94.142 -186.374 -295.739 -0.707 0 -0.707 0.074 0.994 -0.074 0.703 -0.105 -0.703 2420.dat
1 15 -94.142 -186.374 -295.739 0.707 0 0.707 -0.074 0.994 0.074 -0.703 -0.105 0.703 2420.dat
