0 
0 Name: New Model.ldr
0 Author: 
1 15 190 -30 20 0.966 0 0.259 0 1 0 -0.259 0 0.966 11212.dat
1 71 195.18 -38 39.32 0.966 0 0.259 0 1 0 -0.259 0 0.966 6141.dat
1 0 221.57 -38 21.89 0.966 0 0.259 0 1 0 -0.259 0 0.966 10247.dat
1 0 163.61 -38 37.43 -0.966 0 -0.259 0 1 0 0.259 0 -0.966 10247.dat
1 71 165.5 -38 5.86 0.966 0 0.259 0 1 0 -0.259 0 0.966 6141.dat
1 71 204.14 -38 -4.5 0.966 0 0.259 0 1 0 -0.259 0 0.966 6141.dat
1 3 231.23 -46 19.3 -0.259 0 0.966 0 1 0 -0.966 0 -0.259 3023.dat
1 3 153.95 -46 40.02 -0.259 0 0.966 0 1 0 -0.966 0 -0.259 3023.dat
1 15 190 -46 20 0.966 0 0.259 0 1 0 -0.259 0 0.966 11212.dat
1 0 158.43 -54 18.11 -0.259 0 0.966 0 1 0 -0.966 0 -0.259 3020.dat
1 0 216.39 -54 2.57 -0.259 0 0.966 0 1 0 -0.966 0 -0.259 3020.dat
1 0 187.41 -54 10.34 -0.259 0 0.966 0 1 0 -0.966 0 -0.259 3710.dat
1 71 192.59 -62 29.66 -0.966 0 -0.259 0 1 0 0.259 0 -0.966 3021.dat
1 71 182.23 -62 -8.98 -0.966 0 -0.259 0 1 0 0.259 0 -0.966 3021.dat
1 15 226.05 -78 -0.02 0.259 0 -0.966 0 1 0 0.966 0 0.259 37352.dat
1 15 148.77 -78 20.7 -0.259 0 0.966 0 1 0 -0.966 0 -0.259 37352.dat
1 71 175.86 -86 44.5 -0.259 0 0.966 0 1 0 -0.966 0 -0.259 60475.dat
1 0 156.54 -77 49.68 -0.259 0 0.966 0 1 0 -0.966 0 -0.259 19220.dat
1 3 165.5 -86 5.86 -0.259 0 0.966 0 1 0 -0.966 0 -0.259 3622.dat
1 3 187.41 -86 10.34 -0.259 0 0.966 0 1 0 -0.966 0 -0.259 3010.dat
1 3 206.73 -86 5.16 -0.259 0 0.966 0 1 0 -0.966 0 -0.259 3010.dat
1 15 175.86 -94 44.5 -0.966 0 -0.259 0 1 0 0.259 0 -0.966 15712.dat
1 15 214.5 -94 34.14 -0.966 0 -0.259 0 1 0 0.259 0 -0.966 15712.dat
1 15 198.96 -94 -23.82 -0.966 0 -0.259 0 1 0 0.259 0 -0.966 15712.dat
1 15 160.32 -94 -13.46 -0.966 0 -0.259 0 1 0 0.259 0 -0.966 15712.dat
1 15 168.09 -94 15.52 0.259 0 -0.966 0 1 0 0.966 0 0.259 3069.dat
1 15 206.73 -94 5.16 0.259 0 -0.966 0 1 0 0.966 0 0.259 3069.dat
1 15 184.82 -94 0.68 0.259 0 -0.966 0 1 0 0.966 0 0.259 63864.dat
1 15 195.18 -94 39.32 0.259 0 -0.966 0 1 0 0.966 0 0.259 3024.dat
1 43 195.18 -102 39.32 0.259 0 -0.966 0 1 0 0.966 0 0.259 98138.dat
1 0 157.73 -100 -23.12 0 0.259 -0.966 -1 0 0 0 0.966 0.259 30374.dat
1 0 196.37 -100 -33.48 0 0.259 -0.966 -1 0 0 0 0.966 0.259 30374.dat
1 0 166.69 -30 -66.94 -0.259 0 0.966 0 1 0 -0.966 0 -0.259 3020.dat
1 15 166.69 -38 -66.94 -0.259 0 0.966 0 1 0 -0.966 0 -0.259 3022.dat
1 71 174.46 -38 -37.96 -0.966 0 -0.259 0 1 0 0.259 0 -0.966 50340.dat
1 72 156.33 -38 -105.58 -0.966 0 -0.259 0 1 0 0.259 0 -0.966 30157.dat
1 0 166.69 -46 -66.94 -0.966 0 -0.259 0 1 0 0.259 0 -0.966 3031.dat
1 0 200.85 -38 -55.39 0.259 0 -0.966 0 1 0 0.966 0 0.259 48336.dat
1 0 142.89 -38 -39.85 -0.259 0 0.966 0 1 0 -0.966 0 -0.259 48336.dat
1 15 140.3 -54 -49.51 -0.259 0 0.966 0 1 0 -0.966 0 -0.259 63864.dat
1 15 198.26 -54 -65.05 -0.259 0 0.966 0 1 0 -0.966 0 -0.259 63864.dat
1 15 164.1 -54 -76.6 -0.966 0 -0.259 0 1 0 0.259 0 -0.966 3069.dat
1 15 171.87 -54 -47.62 -0.966 0 -0.259 0 1 0 0.259 0 -0.966 3022.dat
1 15 137.01 -38 -100.4 0.966 0 0.259 0 1 0 -0.259 0 0.966 15068.dat
1 15 175.65 -38 -110.76 0.966 0 0.259 0 1 0 -0.259 0 0.966 15068.dat
1 71 240.89 -28 16.71 -0.966 0 -0.259 0 1 0 0.259 0 -0.966 3673.dat
1 71 144.29 -28 42.61 -0.966 0 -0.259 0 1 0 0.259 0 -0.966 3673.dat
1 0 204.63 -28 -118.53 0.259 0 -0.966 0 1 0 0.966 0 0.259 13971.dat
1 256 204.63 -28 -118.53 0.259 0 -0.966 0 1 0 0.966 0 0.259 61254.dat
1 256 250.55 -28 14.12 0.259 0 -0.966 0 1 0 0.966 0 0.259 61254.dat
1 0 250.55 -28 14.12 0.259 0 -0.966 0 1 0 0.966 0 0.259 13971.dat
1 256 134.63 -28 45.2 -0.259 0 0.966 0 1 0 -0.966 0 -0.259 61254.dat
1 0 134.63 -28 45.2 -0.259 0 0.966 0 1 0 -0.966 0 -0.259 13971.dat
1 256 108.03 -28 -92.63 -0.259 0 0.966 0 1 0 -0.966 0 -0.259 61254.dat
1 0 108.03 -28 -92.63 -0.259 0 0.966 0 1 0 -0.966 0 -0.259 13971.dat
1 15 169.28 -78 -57.28 -0.259 0 0.966 0 1 0 -0.966 0 -0.259 3002.dat
1 0 166.69 -86 -66.94 -0.259 0 0.966 0 1 0 -0.966 0 -0.259 3680.dat
1 71 166.69 -86 -66.94 -0.259 0 0.966 0 1 0 -0.966 0 -0.259 3679.dat
1 15 157.03 -94 -64.35 -0.259 0 0.966 0 1 0 -0.966 0 -0.259 92280.dat
1 15 169.28 -86 -57.28 0.259 0 -0.966 0 1 0 0.966 0 0.259 11477.dat
1 3 151.0036 -126.981 -86.8269 0.1295 -0.224294 -0.966 0.866 0.5 0 0.483 -0.836556 0.259 60478.dat
1 0 152.7979 -130.981 -80.1344 -0.1295 -0.224294 0.966 -0.866 0.5 0 -0.483 -0.836556 -0.259 63868.dat
1 3 140.777 -151.162 -124.9694 0.252266 0.058275 -0.966 -0.225 0.974 0 0.940884 0.21735 0.259 60478.dat
1 0 141.2432 -143.367 -123.2306 -0.252266 0.058275 0.966 0.225 0.974 0 -0.940884 0.21735 -0.259 63868.dat
1 3 130.5983 -162.097 -162.9332 0.121471 -0.228697 -0.966 0.883 0.469 0 0.453054 -0.852978 0.259 60478.dat
1 0 132.4279 -165.853 -156.1094 -0.121471 -0.228697 0.966 -0.883 0.469 0 -0.453054 -0.852978 -0.259 63868.dat
1 3 120.6353 -186.602 -200.0923 0.252266 0.058275 -0.966 -0.225 0.974 0 0.940884 0.21735 0.259 60478.dat
1 15 120.1691 -194.397 -201.8311 -0.252266 0.058275 0.966 0.225 0.974 0 -0.940884 0.21735 -0.259 63868.dat
1 0 112.5566 -168.211 -230.2238 -0.966 -0.009065 -0.258741 0 0.999 -0.035 0.259 -0.03381 -0.965034 95344.dat
1 4 112.3696 -147.538 -230.9212 -0.966 -0.009065 -0.258741 0 0.999 -0.035 0.259 -0.03381 -0.965034 95343.dat
