0 Main
0 Name: 31313 - Mindstorms EV3 - Spike3r_UKAeFER.mpd
0 Author: LTRON
1 15 0 -38 0 -1 0 0 0 1 0 0 0 -1 95658.dat
1 72 -67 -38 0 -1 0 0 0 1 0 0 0 -1 59426.dat
1 1 -30 -38 160 1 0 0 0 1 0 0 0 1 43093.dat
1 0 -40 -38 40 0 1 0 -1 0 0 0 0 1 32278.dat
1 71 -60 -38 160 0 0 1 -1 0 0 0 -1 0 48989.dat
1 1 -60 -38 100 -1 0 0 0 0 -1 0 -1 0 6558.dat
1 1 -60 -38 80 -1 0 0 0 0 -1 0 -1 0 6558.dat
1 1 -60 -38 -40 -1 0 0 0 0 -1 0 -1 0 6558.dat
1 1 -60 -38 -80 -1 0 0 0 0 -1 0 -1 0 6558.dat
1 4 -60 -38 0 0 0 -1 1 0 0 0 -1 0 3713.dat
1 4 -60 -58 -40 0 0 -1 0 1 0 1 0 0 42003.dat
1 4 -60 -58 -80 0 0 -1 0 1 0 1 0 0 42003.dat
1 0 -70 -58 -40 1 0 0 0 1 0 0 0 1 2780.dat
1 0 -70 -58 -80 1 0 0 0 1 0 0 0 1 2780.dat
1 0 -70 -58 100 1 0 0 0 1 0 0 0 1 2780.dat
1 4 -60 -58 100 0 0 -1 0 1 0 1 0 0 42003.dat
1 0 -70 -58 80 1 0 0 0 1 0 0 0 1 2780.dat
1 4 -60 -58 80 0 0 -1 0 1 0 1 0 0 42003.dat
1 28 -60 -78 78 0 0 1 0 1 0 -1 0 0 6587.dat
1 0 -60 -78 60 0 0 -1 1 0 0 0 -1 0 74695.dat
1 71 -60 -38 120 -1 0 0 0 1 0 0 0 -1 4519.dat
1 0 -60 -38 120 0 -1 0 0 0 -1 1 0 0 32348.dat
1 0 -70 -58 120 1 0 0 0 1 0 0 0 1 2780.dat
1 0 -80 -58 100 0 1 0 1 0 0 0 0 -1 32523.dat
1 0 -80 -38 140 0 -1 0 -1 0 0 0 0 -1 32316.dat
1 0 -80 -38 -60 0 1 0 -1 0 0 0 0 1 32278.dat
1 15 0 -38 -230 -1 0 0 0 -1 0 0 0 1 99455.dat
1 0 -30 -58 -220 -1 0 0 0 -1 0 0 0 1 2780.dat
1 0 -30 -18 -220 -1 0 0 0 -1 0 0 0 1 2780.dat
1 0 30 -58 -220 -1 0 0 0 -1 0 0 0 1 2780.dat
1 0 30 -18 -220 -1 0 0 0 -1 0 0 0 1 2780.dat
1 0 40 -38 -180 0 -1 0 -1 0 0 0 0 -1 60484.dat
1 0 -40 -38 -180 0 -1 0 -1 0 0 0 0 -1 60484.dat
1 71 60 -38 -200 0 0 -1 -1 0 0 0 1 0 48989.dat
1 71 -60 -38 -200 0 0 -1 -1 0 0 0 1 0 48989.dat
1 1 60 -38 -200 -1 0 0 0 0 1 0 1 0 6558.dat
1 1 -60 -38 -200 1 0 0 0 0 1 0 -1 0 6558.dat
1 16 0 -37 -60 1 0 0 0 1 0 0 0 1 933.dat
1 16 -57 -246.758 70.331 -1 0 0 0 -0.924 -0.382 0 -0.382 0.924 933.dat
1 16 0 -37.0109 -45.2496 0 0 -1 0.999894 0.01459 0 0.014585 -1.00023 0 932.dat
1 16 0 -37.0389 -44.7495 -0.003352 0 -0.999994 0.999105 0.042177 -0.003349 0.042162 -0.999447 -0.000141 932.dat
1 16 0 -37.0819 -44.2506 -0.006804 0 -0.999977 0.997436 0.071271 -0.006787 0.071245 -0.997794 -0.000485 932.dat
1 16 0 -37.1405 -43.7532 -0.010361 0 -0.999946 0.994744 0.10191 -0.010307 0.10187 -0.995132 -0.001056 932.dat
1 16 0 -37.2157 -43.258 -0.014029 0 -0.999902 0.990874 0.134115 -0.013902 0.134057 -0.991305 -0.001881 932.dat
1 16 0 -37.3082 -42.7657 -0.017815 0 -0.999841 0.98566 0.167881 -0.017563 0.167797 -0.986149 -0.00299 932.dat
1 16 0 -37.4187 -42.2771 -0.021727 0 -0.999764 0.978927 0.20317 -0.021274 0.203053 -0.979487 -0.004413 932.dat
1 16 0 -37.5479 -41.7931 -0.025769 0 -0.999668 0.970494 0.239904 -0.025017 0.239744 -0.971143 -0.00618 932.dat
1 16 0 -37.6967 -41.3148 -0.029951 0 -0.999551 0.960127 0.278173 -0.02877 0.277955 -0.960881 -0.008329 932.dat
1 16 0 -37.8785 -40.8476 -0.034516 0 -0.999404 0.941717 0.334942 -0.032524 0.33463 -0.942596 -0.011557 932.dat
1 16 0 -38.0675 -40.3838 -0.038833 0 -0.999246 0.930987 0.363377 -0.036181 0.36298 -0.932004 -0.014106 932.dat
1 16 0 -38.2751 -39.9279 -0.043349 0 -0.99906 0.91674 0.397633 -0.039777 0.397126 -0.917911 -0.017231 932.dat
1 16 0 -38.5021 -39.4813 -0.048044 0 -0.998845 0.899494 0.434933 -0.043265 0.434285 -0.900837 -0.020889 932.dat
1 16 0 -38.7487 -39.0451 -0.052901 0 -0.9986 0.879656 0.473482 -0.0466 0.472659 -0.881186 -0.025039 932.dat
1 16 0 -39.0146 -38.6205 -0.057904 0 -0.998322 0.85761 0.512062 -0.049742 0.511031 -0.85934 -0.02964 932.dat
1 16 0 -39.2994 -38.2083 -0.063046 0 -0.998011 0.833534 0.550138 -0.052656 0.548859 -0.835477 -0.034672 932.dat
1 16 0 -39.6127 -37.8169 -0.068708 0 -0.997637 0.797737 0.600699 -0.054941 0.599078 -0.799896 -0.041259 932.dat
1 16 0 -39.9306 -37.4299 -0.073733 0 -0.997278 0.779682 0.623726 -0.057645 0.621819 -0.782073 -0.045974 932.dat
1 16 0 -40.2629 -37.055 -0.078981 0 -0.996876 0.757336 0.650482 -0.060003 0.648232 -0.759965 -0.051359 932.dat
1 16 0 -40.6092 -36.6931 -0.084383 0 -0.996433 0.732535 0.678125 -0.062035 0.67548 -0.735404 -0.057203 932.dat
1 16 0 -40.9687 -36.3443 -0.089882 0 -0.995952 0.706672 0.704899 -0.063775 0.701809 -0.709782 -0.063336 932.dat
1 16 0 -41.3402 -36.0083 -0.095435 0 -0.995436 0.680744 0.729854 -0.065265 0.726278 -0.684095 -0.06963 932.dat
1 16 0 -41.7227 -35.685 -0.101027 0 -0.994884 0.655087 0.752872 -0.066522 0.748768 -0.658678 -0.076035 932.dat
1 16 0 -42.1209 -35.3809 -0.107037 0 -0.994255 0.620828 0.781356 -0.066836 0.776605 -0.624625 -0.083606 932.dat
1 16 0 -42.5214 -35.0802 -0.112313 0 -0.993673 0.60457 0.793883 -0.068333 0.788594 -0.608624 -0.089133 932.dat
1 16 0 -42.9291 -34.7895 -0.117727 0 -0.993046 0.585816 0.807735 -0.069449 0.801848 -0.590117 -0.09506 932.dat
1 16 0 -43.3437 -34.5086 -0.123202 0 -0.992382 0.566341 0.821443 -0.07031 0.814911 -0.570881 -0.101169 932.dat
1 16 0 -43.7644 -34.2371 -0.128689 0 -0.991685 0.547171 0.834284 -0.071005 0.827069 -0.551944 -0.107327 932.dat
1 16 0 -44.1908 -33.9744 -0.134159 0 -0.99096 0.528841 0.84598 -0.071596 0.83805 -0.533845 -0.113458 932.dat
1 16 0 -44.6221 -33.72 -0.139597 0 -0.990208 0.511593 0.856484 -0.072123 0.847812 -0.516825 -0.119522 932.dat
1 16 0 -45.0578 -33.4732 -0.144993 0 -0.989433 0.495503 0.865857 -0.072612 0.856419 -0.500964 -0.125501 932.dat
1 16 0 -45.4974 -33.2335 -0.150343 0 -0.988634 0.480571 0.8742 -0.073081 0.863973 -0.48626 -0.131385 932.dat
1 16 0 -45.9405 -33.0003 -0.155642 0 -0.987813 0.466759 0.881618 -0.073544 0.870581 -0.472676 -0.137171 932.dat
1 16 0 -46.3867 -32.7731 -0.16089 0 -0.986972 0.454015 0.888214 -0.074011 0.876348 -0.460162 -0.142857 932.dat
1 16 0 -46.8356 -32.5514 -0.166085 0 -0.986111 0.442283 0.894077 -0.074491 0.881363 -0.448663 -0.148443 932.dat
1 16 0 -47.287 -32.3348 -0.171226 0 -0.985232 0.431509 0.899289 -0.074993 0.88571 -0.438124 -0.15393 932.dat
1 16 0 -47.7406 -32.1227 -0.176312 0 -0.984334 0.421638 0.903918 -0.075523 0.889458 -0.428493 -0.159318 932.dat
1 16 0 -48.1961 -31.9149 -0.181342 0 -0.98342 0.412621 0.908025 -0.076087 0.89267 -0.419718 -0.164608 932.dat
1 16 0 -48.6532 -31.7105 -0.186296 0 -0.982494 0.404781 0.911493 -0.076753 0.895235 -0.412132 -0.169751 932.dat
1 16 0 -49.1096 -31.5047 -0.190861 0 -0.981617 0.403721 0.911815 -0.078498 0.894752 -0.41142 -0.173971 932.dat
1 16 0 -49.5703 -31.3085 -0.196074 0 -0.980589 0.390641 0.917532 -0.078111 0.899419 -0.398508 -0.179843 932.dat
1 16 0 -50.0315 -31.1137 -0.200901 0 -0.979612 0.384213 0.920186 -0.078795 0.901121 -0.392341 -0.184804 932.dat
1 16 0 -50.4937 -30.9212 -0.205656 0 -0.978624 0.378706 0.922399 -0.079584 0.902379 -0.387108 -0.189633 932.dat
1 16 0 -50.9568 -30.7309 -0.210354 0 -0.977625 0.373833 0.924312 -0.080437 0.903327 -0.382518 -0.194367 932.dat
1 16 0 -51.4207 -30.5425 -0.214997 0 -0.976615 0.369536 0.92596 -0.081351 0.904002 -0.378512 -0.199012 932.dat
1 16 0 -51.8851 -30.3555 -0.219575 0 -0.975596 0.365959 0.927291 -0.082365 0.904357 -0.375239 -0.203541 932.dat
1 16 0 -52.3493 -30.1679 -0.223961 0 -0.974598 0.365259 0.927426 -0.083936 0.903563 -0.374905 -0.207638 932.dat
1 16 0 -52.8151 -29.9841 -0.228594 0 -0.973522 0.359894 0.929471 -0.084507 0.904556 -0.369807 -0.2124 932.dat
1 16 0 -53.2809 -29.8006 -0.233033 0 -0.972469 0.357409 0.930326 -0.085646 0.904408 -0.367651 -0.216724 932.dat
1 16 0 -53.747 -29.6179 -0.237415 0 -0.971408 0.355446 0.930964 -0.086872 0.904042 -0.366031 -0.220951 932.dat
1 16 0 -54.2133 -29.4355 -0.241746 0 -0.97034 0.353916 0.931425 -0.088173 0.903495 -0.364857 -0.225092 932.dat
1 16 0 -54.6797 -29.2535 -0.246023 0 -0.969264 0.352818 0.93171 -0.089554 0.902769 -0.364128 -0.229145 932.dat
1 16 0 -55.146 -29.0713 -0.250235 0 -0.968185 0.352382 0.931728 -0.091076 0.901781 -0.364084 -0.233072 932.dat
1 16 0 -55.6125 -28.8895 -0.254449 0 -0.967086 0.351431 0.93195 -0.092465 0.900973 -0.363514 -0.237054 932.dat
1 16 0 -56.0789 -28.7074 -0.258591 0 -0.965987 0.351231 0.931869 -0.094023 0.899871 -0.363721 -0.240892 932.dat
1 16 0 -56.5452 -28.5249 -0.262687 0 -0.964881 0.351353 0.931657 -0.095655 0.898636 -0.364264 -0.244652 932.dat
1 16 0 -57.0114 -28.3425 -0.26678 0 -0.963757 0.35106 0.93161 -0.097178 0.897544 -0.364384 -0.248452 932.dat
1 16 0 -57.4773 -28.159 -0.270764 0 -0.962646 0.352166 0.930995 -0.099054 0.895917 -0.365954 -0.251995 932.dat
1 16 0 -57.9428 -27.9746 -0.274722 0 -0.961524 0.353227 0.930391 -0.100923 0.894292 -0.367486 -0.255513 932.dat
1 16 0 -58.4079 -27.7895 -0.278648 0 -0.960393 0.35439 0.92974 -0.102823 0.892616 -0.369129 -0.258983 932.dat
1 16 0 -58.8732 -27.6045 -0.282624 0 -0.959231 0.35423 0.929629 -0.104369 0.891428 -0.36941 -0.262647 932.dat
1 16 0 -59.3375 -27.4171 -0.286402 0 -0.95811 0.357032 0.928287 -0.106725 0.889102 -0.372768 -0.265774 932.dat
1 16 0 -59.8013 -27.2286 -0.290194 0 -0.956968 0.359135 0.927222 -0.108905 0.887023 -0.37541 -0.268983 932.dat
1 16 0 -60.2646 -27.0387 -0.293964 0 -0.955816 0.361157 0.926178 -0.111075 0.884958 -0.377979 -0.272172 932.dat
1 16 0 -60.728 -26.8492 -0.297829 0 -0.954619 0.361107 0.926005 -0.112661 0.883685 -0.378401 -0.275698 932.dat
1 16 0 -61.19 -26.6563 -0.301432 0 -0.953488 0.365183 0.92406 -0.115448 0.880784 -0.383126 -0.278447 932.dat
1 16 0 -61.6515 -26.462 -0.305088 0 -0.952324 0.367911 0.922671 -0.117864 0.878387 -0.386459 -0.281401 932.dat
1 16 0 -62.1131 -26.2682 -0.30887 0 -0.951104 0.36797 0.922438 -0.119498 0.877039 -0.387017 -0.284817 932.dat
1 16 0 -62.5729 -26.0701 -0.31234 0 -0.94997 0.37315 0.919933 -0.122688 0.873615 -0.392934 -0.287235 932.dat
1 16 0 -63.0321 -25.8706 -0.315905 0 -0.948791 0.376249 0.918319 -0.125274 0.871 -0.39669 -0.290004 932.dat
1 16 0 -63.4915 -25.6715 -0.319609 0 -0.94755 0.376401 0.918025 -0.12696 0.869582 -0.39737 -0.29331 932.dat
1 16 0 -63.9487 -25.4675 -0.322967 0 -0.94641 0.382452 0.915019 -0.130514 0.865692 -0.404245 -0.295421 932.dat
1 16 0 -64.4052 -25.2617 -0.326427 0 -0.945222 0.386252 0.913005 -0.13339 0.862702 -0.408774 -0.297929 932.dat
1 16 0 -64.8607 -25.054 -0.329883 0 -0.944022 0.389753 0.911099 -0.136197 0.859808 -0.413003 -0.300455 932.dat
1 16 0 -65.3165 -24.8467 -0.333494 0 -0.942752 0.389936 0.910759 -0.137938 0.858331 -0.413753 -0.30363 932.dat
1 16 0 -65.7698 -24.6342 -0.336759 0 -0.941591 0.396277 0.907432 -0.141728 0.854142 -0.421 -0.305483 932.dat
1 16 0 -66.2223 -24.4197 -0.340119 0 -0.940382 0.400457 0.905101 -0.144838 0.850854 -0.425988 -0.307738 932.dat
1 16 0 -66.675 -24.2059 -0.343661 0 -0.939094 0.400721 0.904693 -0.146643 0.849306 -0.426853 -0.310803 932.dat
1 16 0 -67.1249 -23.9862 -0.346839 0 -0.937925 0.40773 0.900871 -0.150776 0.844665 -0.434861 -0.312352 932.dat
1 16 0 -67.5738 -23.7645 -0.350129 0 -0.936702 0.412227 0.898259 -0.154086 0.841118 -0.440232 -0.314401 932.dat
1 16 0 -68.0231 -23.5435 -0.353608 0 -0.935394 0.412541 0.897792 -0.155953 0.839507 -0.441183 -0.31736 932.dat
1 16 0 -68.4695 -23.3169 -0.356754 0 -0.934199 0.419264 0.893935 -0.160109 0.834832 -0.448946 -0.318807 932.dat
1 16 0 -68.9165 -23.0913 -0.360185 0 -0.932881 0.419766 0.893345 -0.162071 0.833105 -0.450119 -0.321661 932.dat
1 16 0 -69.3598 -22.8585 -0.363203 0 -0.93171 0.428551 0.888237 -0.16706 0.827301 -0.460117 -0.322502 932.dat
1 16 0 -69.8022 -22.6242 -0.366415 0 -0.930451 0.432989 0.885423 -0.170513 0.823565 -0.465511 -0.324323 932.dat
1 16 0 -70.2449 -22.3903 -0.369797 0 -0.929113 0.433415 0.884828 -0.172504 0.821828 -0.46664 -0.327096 932.dat
1 16 0 -70.684 -22.1497 -0.37281 0 -0.927908 0.441555 0.879817 -0.177406 0.816114 -0.476021 -0.327894 932.dat
1 16 0 -71.122 -21.9071 -0.375966 0 -0.926634 0.446307 0.876662 -0.181081 0.812071 -0.481806 -0.329484 932.dat
1 16 0 -71.5603 -21.6651 -0.379296 0 -0.925275 0.446744 0.876013 -0.183133 0.81028 -0.482985 -0.332157 932.dat
1 16 0 -71.9948 -21.4162 -0.382276 0 -0.924048 0.454926 0.870708 -0.188202 0.804305 -0.492484 -0.332739 932.dat
1 16 0 -72.4279 -21.1651 -0.385382 0 -0.922757 0.459969 0.867197 -0.192102 0.799943 -0.498641 -0.334089 932.dat
1 16 0 -72.8614 -20.9146 -0.388666 0 -0.921379 0.460409 0.866493 -0.194215 0.798099 -0.499863 -0.336663 932.dat
1 16 0 -73.2913 -20.658 -0.391654 0 -0.920113 0.467719 0.861453 -0.199089 0.792367 -0.508499 -0.337278 932.dat
1 16 0 -73.7219 -20.4024 -0.394901 0 -0.918724 0.468336 0.860602 -0.201308 0.790389 -0.509939 -0.339738 932.dat
1 16 0 -74.1477 -20.139 -0.397793 0 -0.917475 0.477645 0.854083 -0.207095 0.783336 -0.520784 -0.339634 932.dat
1 16 0 -74.5723 -19.8736 -0.400844 0 -0.916147 0.482738 0.850199 -0.211213 0.778645 -0.5271 -0.340682 932.dat
1 16 0 -74.9972 -19.6088 -0.404056 0 -0.914734 0.483213 0.849371 -0.213445 0.776687 -0.528433 -0.343078 932.dat
1 16 0 -75.4181 -19.3377 -0.407002 0 -0.913427 0.490614 0.843794 -0.218606 0.770485 -0.537294 -0.34331 932.dat
1 16 0 -75.8397 -19.0676 -0.410181 0 -0.912004 0.491255 0.84281 -0.220946 0.768388 -0.538836 -0.345589 932.dat
1 16 0 -76.2561 -18.7897 -0.413047 0 -0.91071 0.500574 0.835675 -0.227032 0.760801 -0.549837 -0.345057 932.dat
1 16 0 -76.6712 -18.5097 -0.416055 0 -0.90934 0.505666 0.831408 -0.23136 0.755778 -0.556268 -0.345795 932.dat
1 16 0 -77.0866 -18.2302 -0.419206 0 -0.907891 0.50614 0.830463 -0.233703 0.753717 -0.557677 -0.348018 932.dat
1 16 0 -77.4978 -17.9444 -0.422128 0 -0.906536 0.513389 0.824463 -0.239059 0.747154 -0.56651 -0.347912 932.dat
1 16 0 -77.9096 -17.6597 -0.425251 0 -0.905076 0.514016 0.823357 -0.241511 0.744949 -0.568117 -0.350015 932.dat
1 16 0 -78.3165 -17.368 -0.428137 0 -0.903714 0.522132 0.81648 -0.247361 0.737616 -0.577957 -0.349447 932.dat
1 16 0 -78.7243 -17.0774 -0.431237 0 -0.902239 0.522802 0.815282 -0.24988 0.735332 -0.579645 -0.351462 932.dat
1 16 0 -79.1263 -16.779 -0.434086 0 -0.900872 0.532065 0.807228 -0.256376 0.726964 -0.59081 -0.350288 932.dat
1 16 0 -79.5268 -16.4785 -0.437057 0 -0.899434 0.53687 0.802588 -0.260878 0.721632 -0.597098 -0.350659 932.dat
1 16 0 -79.9277 -16.1786 -0.440135 0 -0.897931 0.537315 0.801473 -0.263374 0.719425 -0.598594 -0.352638 932.dat
1 16 0 -80.3239 -15.8725 -0.443041 0 -0.896501 0.54423 0.794923 -0.268953 0.71241 -0.607264 -0.352065 932.dat
1 16 0 -80.7208 -15.5673 -0.446096 0 -0.894985 0.54481 0.793639 -0.271555 0.710056 -0.608942 -0.35392 932.dat
1 16 0 -81.1125 -15.2554 -0.448981 0 -0.893541 0.552427 0.78625 -0.27758 0.702311 -0.618452 -0.352893 932.dat
1 16 0 -81.505 -14.9445 -0.452017 0 -0.892009 0.553032 0.784878 -0.280244 0.699883 -0.620193 -0.354659 932.dat
1 16 0 -81.892 -14.6269 -0.454899 0 -0.890543 0.560724 0.777146 -0.286424 0.69185 -0.629854 -0.353404 932.dat
1 16 0 -82.2799 -14.3103 -0.457919 0 -0.888994 0.561311 0.775718 -0.289131 0.689376 -0.631613 -0.355097 932.dat
1 16 0 -82.6615 -13.9862 -0.460786 0 -0.887511 0.569857 0.766892 -0.295863 0.680397 -0.6423 -0.353254 932.dat
1 16 0 -83.0415 -13.6601 -0.463728 0 -0.885978 0.574247 0.761769 -0.300565 0.674683 -0.648368 -0.353135 932.dat
1 16 0 -83.4218 -13.3345 -0.466731 0 -0.884399 0.57459 0.760451 -0.303233 0.672316 -0.649913 -0.354807 932.dat
1 16 0 -83.7971 -13.0031 -0.469638 0 -0.882859 0.580782 0.753409 -0.308948 0.66493 -0.658064 -0.35371 932.dat
1 16 0 -84.1731 -12.6724 -0.472623 0 -0.881265 0.581233 0.751919 -0.311715 0.662417 -0.659766 -0.355255 932.dat
1 16 0 -84.5435 -12.3356 -0.475523 0 -0.879703 0.587934 0.744114 -0.317807 0.654379 -0.668557 -0.353724 932.dat
1 16 0 -84.9148 -11.9997 -0.478492 0 -0.878092 0.588393 0.742538 -0.320629 0.651797 -0.670307 -0.355179 932.dat
1 16 0 -85.2803 -11.6575 -0.481394 0 -0.876504 0.595094 0.73444 -0.326838 0.643524 -0.679169 -0.353436 932.dat
1 16 0 -85.6467 -11.3163 -0.484351 0 -0.874874 0.595526 0.73281 -0.329697 0.640901 -0.680928 -0.354818 932.dat
1 16 0 -86.0073 -10.9689 -0.487257 0 -0.873259 0.602051 0.724596 -0.33593 0.632546 -0.689663 -0.352946 932.dat
1 16 0 -86.3687 -10.6225 -0.490201 0 -0.87161 0.602443 0.722921 -0.338819 0.629893 -0.691417 -0.354257 932.dat
1 16 0 -86.7243 -10.27 -0.493112 0 -0.869966 0.608739 0.71465 -0.345044 0.621512 -0.699963 -0.352284 932.dat
1 16 0 -87.0812 -9.9188 -0.496044 0 -0.868297 0.608545 0.71355 -0.347652 0.619365 -0.701084 -0.353833 932.dat
1 16 0 -87.434 -9.5636 -0.498962 0 -0.866624 0.612388 0.707815 -0.352584 0.613204 -0.706874 -0.353054 932.dat
1 16 0 -87.7868 -9.2083 -0.50231 0 -0.864688 0.612733 0.70583 -0.355946 0.610117 -0.708856 -0.354426 932.dat
1 16 0 -88.1397 -8.8532 -0.505908 0 -0.862588 0.611649 0.705359 -0.358732 0.608229 -0.709325 -0.356726 932.dat
1 16 0 -88.4911 -8.4965 -0.50953 0 -0.860453 0.612017 0.703152 -0.362415 0.604825 -0.711513 -0.358157 932.dat
1 16 0 -88.8427 -8.14 -0.513162 0 -0.858292 0.610904 0.702652 -0.365252 0.602877 -0.712007 -0.360453 932.dat
1 16 0 -89.1924 -7.7817 -0.516828 0 -0.856089 0.611504 0.700076 -0.36917 0.599126 -0.71454 -0.361697 932.dat
1 16 0 -89.5419 -7.4232 -0.520502 0 -0.85386 0.610957 0.698824 -0.372432 0.596497 -0.715764 -0.363617 932.dat
1 16 0 -89.8913 -7.0646 -0.524183 0 -0.851606 0.6097 0.698395 -0.375284 0.594557 -0.716182 -0.365964 932.dat
1 16 0 -90.2392 -6.7046 -0.527905 0 -0.849303 0.609876 0.696185 -0.379083 0.591073 -0.718331 -0.367396 932.dat
1 16 0 -90.5867 -6.3441 -0.531632 0 -0.846976 0.609262 0.694893 -0.382423 0.58836 -0.719581 -0.369303 932.dat
1 16 0 -90.9342 -5.9836 -0.535359 0 -0.844624 0.607916 0.69447 -0.385323 0.586369 -0.71999 -0.371666 932.dat
1 16 0 -91.2803 -5.622 -0.53913 0 -0.842223 0.607684 0.692622 -0.388995 0.583146 -0.721767 -0.373288 932.dat
1 16 0 -91.6266 -5.2604 -0.542888 0 -0.839805 0.606333 0.692134 -0.391961 0.581062 -0.722236 -0.375625 932.dat
1 16 0 -91.9713 -4.8972 -0.546706 0 -0.837324 0.606456 0.689739 -0.395968 0.577341 -0.724522 -0.376958 932.dat
1 16 0 -92.3155 -4.5336 -0.550515 0 -0.834825 0.605657 0.688465 -0.399393 0.574554 -0.725734 -0.378883 932.dat
1 16 0 -92.6598 -4.1701 -0.554316 0 -0.832306 0.604176 0.688025 -0.402382 0.572455 -0.726151 -0.381255 932.dat
1 16 0 -93.0028 -3.8053 -0.558171 0 -0.829726 0.603742 0.68619 -0.406148 0.569158 -0.727885 -0.382883 932.dat
1 16 0 -93.3458 -3.4407 -0.562001 0 -0.827136 0.602249 0.685687 -0.409201 0.566966 -0.728358 -0.385228 932.dat
1 16 0 -93.6872 -3.0744 -0.565906 0 -0.82447 0.602149 0.683306 -0.413308 0.563176 -0.730593 -0.386557 932.dat
1 16 0 -94.0282 -2.7079 -0.569791 0 -0.82179 0.601192 0.682001 -0.416839 0.560273 -0.731811 -0.388468 932.dat
1 16 0 -94.3692 -2.3413 -0.573659 0 -0.819094 0.599567 0.681547 -0.419911 0.558063 -0.732234 -0.390844 932.dat
1 16 0 -94.709 -1.9735 -0.57759 0 -0.816327 0.598919 0.679729 -0.423764 0.554694 -0.733922 -0.392473 932.dat
1 16 0 -95.0488 -1.6058 -0.581485 0 -0.813557 0.597276 0.679212 -0.426899 0.552392 -0.7344 -0.394819 932.dat
1 16 0 -95.3872 -1.2369 -0.585453 0 -0.810706 0.596701 0.677182 -0.430908 0.548811 -0.736273 -0.396325 932.dat
1 16 0 -95.7258 -0.868 -0.589371 0 -0.807862 0.59501 0.676639 -0.434086 0.546447 -0.736772 -0.398658 932.dat
1 16 0 -96.0626 -0.4975 -0.593386 0 -0.804918 0.594642 0.674195 -0.43837 0.542489 -0.739009 -0.399923 932.dat
1 16 0 -96.399 -0.1268 -0.597364 0 -0.801971 0.593433 0.672868 -0.44203 0.539439 -0.740218 -0.401811 932.dat
1 16 0 -96.7355 0.2441 -0.601312 0 -0.799014 0.591598 0.672381 -0.445218 0.537061 -0.74066 -0.404175 932.dat
1 16 0 -97.0706 0.616 -0.605337 0 -0.795969 0.590667 0.670546 -0.449204 0.533554 -0.742322 -0.405769 932.dat
1 16 0 -97.4058 0.9879 -0.609308 0 -0.792934 0.588807 0.669996 -0.452452 0.531084 -0.742818 -0.408097 932.dat
1 16 0 -97.7396 1.3611 -0.613365 0 -0.789799 0.587928 0.667956 -0.45659 0.527374 -0.744653 -0.409563 932.dat
1 16 0 -98.0735 1.7342 -0.617355 0 -0.786684 0.586017 0.667378 -0.45988 0.524839 -0.745171 -0.411871 932.dat
1 16 0 -98.4059 2.1085 -0.621438 0 -0.783463 0.585095 0.665266 -0.464094 0.521036 -0.747057 -0.413283 932.dat
1 16 0 -98.7385 2.4828 -0.625446 0 -0.780268 0.583121 0.664672 -0.467417 0.518447 -0.747586 -0.415576 932.dat
1 16 0 -99.0692 2.8587 -0.629572 0 -0.776942 0.582376 0.662143 -0.471911 0.514274 -0.749826 -0.416727 932.dat
1 16 0 -99.3996 3.2349 -0.633643 0 -0.773626 0.580841 0.660748 -0.475741 0.511 -0.751056 -0.418537 932.dat
1 16 0 -99.7299 3.6112 -0.637668 0 -0.770311 0.578716 0.660211 -0.479064 0.508397 -0.751528 -0.420854 932.dat
1 16 0 -100.0589 3.9886 -0.641782 0 -0.766887 0.577412 0.658323 -0.483217 0.504689 -0.753183 -0.422358 932.dat
1 16 0 -100.388 4.3659 -0.645823 0 -0.763487 0.575255 0.657719 -0.4866 0.501991 -0.75371 -0.424627 932.dat
1 16 0 -100.7156 4.7445 -0.649964 0 -0.759965 0.573982 0.655629 -0.490901 0.498088 -0.755529 -0.425992 932.dat
1 16 0 -101.0432 5.1231 -0.654016 0 -0.756481 0.571769 0.654992 -0.494323 0.495322 -0.756081 -0.428231 932.dat
1 16 0 -101.3694 5.5029 -0.658174 0 -0.752866 0.570448 0.652821 -0.498699 0.491321 -0.757957 -0.429525 932.dat
1 16 0 -101.6957 5.8827 -0.662235 0 -0.749297 0.568168 0.652162 -0.502151 0.488499 -0.758523 -0.431739 932.dat
1 16 0 -102.0204 6.2638 -0.666405 0 -0.74559 0.566769 0.649953 -0.506575 0.484435 -0.760417 -0.432986 932.dat
1 16 0 -102.3452 6.6448 -0.670472 0 -0.741935 0.564419 0.649276 -0.510054 0.481559 -0.760995 -0.435175 932.dat
1 16 0 -102.6685 7.0271 -0.674651 0 -0.738137 0.562933 0.647041 -0.514516 0.477444 -0.762897 -0.43638 932.dat
1 16 0 -102.9919 7.4094 -0.678723 0 -0.734395 0.560511 0.646347 -0.51802 0.474514 -0.763485 -0.438542 932.dat
1 16 0 -103.3137 7.7929 -0.682908 0 -0.730504 0.558934 0.644087 -0.522517 0.47035 -0.765392 -0.439704 932.dat
1 16 0 -103.6355 8.1765 -0.686981 0 -0.726675 0.55644 0.643374 -0.526045 0.467367 -0.765991 -0.441837 932.dat
1 16 0 -103.9558 8.5613 -0.69117 0 -0.722692 0.554772 0.641089 -0.530575 0.463154 -0.767905 -0.442953 932.dat
1 16 0 -104.2761 8.9461 -0.695243 0 -0.718775 0.552203 0.640357 -0.534125 0.460118 -0.768515 -0.445054 932.dat
1 16 0 -104.5949 9.3322 -0.699433 0 -0.714698 0.550444 0.638045 -0.538687 0.455856 -0.770436 -0.44612 932.dat
1 16 0 -104.9137 9.7182 -0.703503 0 -0.710693 0.547801 0.637293 -0.542259 0.452767 -0.771058 -0.448187 932.dat
1 16 0 -105.2305 10.1059 -0.70773 0 -0.706483 0.546209 0.63445 -0.547174 0.448077 -0.773399 -0.448869 932.dat
1 16 0 -105.5469 10.4939 -0.711855 0 -0.702326 0.543887 0.6329 -0.551266 0.444352 -0.774668 -0.450381 932.dat
1 16 0 -105.8631 10.8821 -0.715909 0 -0.698194 0.541084 0.632203 -0.554812 0.441252 -0.775237 -0.452448 932.dat
1 16 0 -106.1779 11.2714 -0.720069 0 -0.693903 0.538955 0.630082 -0.559278 0.437068 -0.776962 -0.45355 932.dat
1 16 0 -106.4927 11.6608 -0.724117 0 -0.689677 0.536108 0.629303 -0.562879 0.43387 -0.777593 -0.455536 932.dat
1 16 0 -106.8059 12.0514 -0.728283 0 -0.685277 0.53398 0.626963 -0.567491 0.429499 -0.779481 -0.456453 932.dat
1 16 0 -107.1191 12.442 -0.73232 0 -0.680961 0.531067 0.626141 -0.571121 0.426234 -0.780141 -0.458381 932.dat
1 16 0 -107.4307 12.8339 -0.736479 0 -0.676461 0.528875 0.623706 -0.575799 0.42177 -0.78209 -0.459191 932.dat
1 16 0 -107.7422 13.2259 -0.740501 0 -0.672055 0.525887 0.622852 -0.579447 0.41845 -0.782769 -0.461068 932.dat
1 16 0 -108.0521 13.6191 -0.744647 0 -0.667459 0.523609 0.620361 -0.584162 0.413926 -0.784746 -0.461794 932.dat
1 16 0 -108.3619 14.0124 -0.748651 0 -0.662965 0.520545 0.61948 -0.587823 0.410555 -0.785441 -0.463618 932.dat
1 16 0 -108.6701 14.407 -0.752779 0 -0.658273 0.518173 0.616943 -0.592565 0.405981 -0.787435 -0.464266 932.dat
1 16 0 -108.9781 14.8017 -0.756762 0 -0.653691 0.515031 0.616034 -0.596238 0.40256 -0.788146 -0.466035 932.dat
1 16 0 -109.2845 15.1977 -0.760869 0 -0.648905 0.512564 0.613454 -0.601003 0.39794 -0.790156 -0.466602 932.dat
1 16 0 -109.5909 15.5937 -0.764828 0 -0.644235 0.509343 0.612517 -0.604686 0.394472 -0.790883 -0.468313 932.dat
1 16 0 -109.8955 15.991 -0.768911 0 -0.639356 0.50678 0.609893 -0.609471 0.389808 -0.792908 -0.468795 932.dat
1 16 0 -110.2 16.3884 -0.772842 0 -0.634599 0.503481 0.608926 -0.613161 0.386294 -0.793651 -0.470445 932.dat
1 16 0 -110.5028 16.7872 -0.776897 0 -0.629627 0.500822 0.606255 -0.617964 0.381587 -0.795693 -0.47084 932.dat
1 16 0 -110.8055 17.186 -0.780798 0 -0.624784 0.497443 0.605257 -0.621659 0.378028 -0.796453 -0.472425 932.dat
1 16 0 -111.1063 17.5862 -0.784822 0 -0.619721 0.494688 0.602538 -0.626479 0.37328 -0.798512 -0.472726 932.dat
1 16 0 -111.4071 17.9864 -0.788689 0 -0.614792 0.491231 0.601508 -0.630178 0.369678 -0.799288 -0.474243 932.dat
1 16 0 -111.7061 18.388 -0.792679 0 -0.609639 0.488379 0.598738 -0.635012 0.364891 -0.801365 -0.474447 932.dat
1 16 0 -112.005 18.7897 -0.796509 0 -0.604626 0.484844 0.597673 -0.638713 0.361247 -0.80216 -0.475892 932.dat
1 16 0 -112.302 19.1928 -0.800461 0 -0.599384 0.481896 0.59485 -0.643559 0.356424 -0.804255 -0.475994 932.dat
1 16 0 -112.5989 19.5959 -0.804251 0 -0.594289 0.478282 0.593749 -0.64726 0.35274 -0.805068 -0.477363 932.dat
1 16 0 -112.8939 20.0004 -0.808162 0 -0.58896 0.475239 0.59087 -0.652116 0.347882 -0.807184 -0.477359 932.dat
1 16 0 -113.1888 20.4051 -0.811909 0 -0.583784 0.471548 0.589732 -0.655814 0.34416 -0.808015 -0.478648 932.dat
1 16 0 -113.4818 20.8111 -0.815775 0 -0.578369 0.468409 0.586795 -0.660679 0.33927 -0.810151 -0.478532 932.dat
1 16 0 -113.7746 21.2172 -0.819476 0 -0.573114 0.46464 0.585618 -0.664373 0.335513 -0.811002 -0.479738 932.dat
1 16 0 -114.0654 21.6247 -0.823294 0 -0.567616 0.461407 0.582619 -0.669244 0.330593 -0.813159 -0.479505 932.dat
1 16 0 -114.3561 22.0324 -0.826945 0 -0.562283 0.457562 0.581401 -0.672932 0.326802 -0.814031 -0.480625 932.dat
1 16 0 -114.6448 22.4414 -0.830711 0 -0.556704 0.454234 0.578338 -0.677806 0.321855 -0.81621 -0.48027 932.dat
1 16 0 -114.9333 22.8506 -0.834309 0 -0.551297 0.450314 0.577076 -0.681487 0.318033 -0.817102 -0.481298 932.dat
1 16 0 -115.2198 23.2612 -0.838021 0 -0.545638 0.446893 0.573947 -0.686362 0.313062 -0.819304 -0.480817 932.dat
1 16 0 -115.5061 23.672 -0.841563 0 -0.540159 0.442899 0.57264 -0.690033 0.309212 -0.820218 -0.48175 932.dat
1 16 0 -115.7903 24.0842 -0.845216 0 -0.534424 0.439385 0.569439 -0.694908 0.30422 -0.822443 -0.481137 932.dat
1 16 0 -116.0743 24.4965 -0.8487 0 -0.528874 0.435318 0.568085 -0.698567 0.300344 -0.823379 -0.481971 932.dat
1 16 0 -116.3562 24.9103 -0.852292 0 -0.523067 0.431713 0.56481 -0.70344 0.295334 -0.825628 -0.481221 932.dat
1 16 0 -116.6378 25.3243 -0.855714 0 -0.51745 0.427573 0.563406 -0.707084 0.291436 -0.826588 -0.481952 932.dat
1 16 0 -116.9173 25.7397 -0.859241 0 -0.511571 0.423879 0.560054 -0.711953 0.286411 -0.828862 -0.48106 932.dat
1 16 0 -117.1965 26.1553 -0.862598 0 -0.50589 0.419669 0.558597 -0.715582 0.282494 -0.829845 -0.481683 932.dat
1 16 0 -117.4735 26.5723 -0.866057 0 -0.499945 0.415887 0.555164 -0.720443 0.277458 -0.832145 -0.480642 932.dat
1 16 0 -117.7502 26.9896 -0.869347 0 -0.494203 0.411608 0.553652 -0.724055 0.273524 -0.833152 -0.481153 932.dat
1 16 0 -118.0247 27.4083 -0.872735 0 -0.488194 0.407739 0.550134 -0.728907 0.268482 -0.835479 -0.47996 932.dat
1 16 0 -118.2989 27.8273 -0.875955 0 -0.482394 0.403392 0.548563 -0.7325 0.264534 -0.836512 -0.480355 932.dat
1 16 0 -118.5707 28.2477 -0.879269 0 -0.476325 0.399438 0.544956 -0.737341 0.259489 -0.838866 -0.479002 932.dat
1 16 0 -118.8422 28.6683 -0.882416 0 -0.47047 0.395026 0.543324 -0.740913 0.255532 -0.839924 -0.479276 932.dat
1 16 0 -119.1114 29.0905 -0.885654 0 -0.464345 0.390989 0.539623 -0.745741 0.250487 -0.842306 -0.477759 932.dat
1 16 0 -119.3802 29.5129 -0.888725 0 -0.45844 0.386514 0.537926 -0.749291 0.246524 -0.843391 -0.477908 932.dat
1 16 0 -119.6466 29.9368 -0.891885 0 -0.452263 0.382396 0.534127 -0.754105 0.241484 -0.845803 -0.476219 932.dat
1 16 0 -119.9126 30.361 -0.894878 0 -0.446311 0.37786 0.532361 -0.75763 0.237519 -0.846915 -0.476238 932.dat
1 16 0 -120.1761 30.7867 -0.897956 0 -0.440086 0.373663 0.528458 -0.762427 0.232489 -0.849356 -0.474373 932.dat
1 16 0 -120.4392 31.2127 -0.900869 0 -0.43409 0.369068 0.526621 -0.765928 0.228524 -0.850496 -0.474257 932.dat
1 16 0 -120.6998 31.6402 -0.903863 0 -0.427822 0.364795 0.522609 -0.770706 0.223508 -0.852967 -0.472208 932.dat
1 16 0 -120.9599 32.068 -0.906695 0 -0.421788 0.360143 0.520695 -0.774181 0.219549 -0.854137 -0.471953 932.dat
1 16 0 -121.2165 32.498 -0.909672 0 -0.415327 0.35599 0.515272 -0.779708 0.213935 -0.857419 -0.468571 932.dat
1 16 0 -121.4723 32.9283 -0.912459 0 -0.409168 0.35139 0.512496 -0.783613 0.209626 -0.859082 -0.467474 932.dat
1 16 0 -121.7274 33.3591 -0.915151 0 -0.40311 0.346622 0.510686 -0.78691 0.205794 -0.860158 -0.467198 932.dat
1 16 0 -121.9802 33.7913 -0.917901 0 -0.396809 0.342101 0.506857 -0.79135 0.201058 -0.86242 -0.465089 932.dat
1 16 0 -122.2323 34.2239 -0.920516 0 -0.390705 0.337307 0.504811 -0.794708 0.197166 -0.86362 -0.46453 932.dat
1 16 0 -122.4818 34.658 -0.923192 0 -0.384338 0.332766 0.500532 -0.799314 0.192309 -0.866107 -0.461932 932.dat
1 16 0 -122.7306 35.0924 -0.925722 0 -0.378205 0.327933 0.498343 -0.802671 0.188413 -0.867368 -0.461172 932.dat
1 16 0 -122.9767 35.5285 -0.928311 0 -0.371804 0.323342 0.493822 -0.807313 0.183543 -0.86995 -0.458266 932.dat
1 16 0 -123.2221 35.9649 -0.930753 0 -0.36565 0.318466 0.491519 -0.810648 0.179663 -0.871253 -0.457328 932.dat
1 16 0 -123.4646 36.4029 -0.93325 0 -0.359227 0.313819 0.486819 -0.815282 0.17482 -0.873888 -0.454171 932.dat
1 16 0 -123.7064 36.8413 -0.935601 0 -0.353058 0.308902 0.484408 -0.818588 0.170967 -0.875227 -0.45306 932.dat
1 16 0 -123.9452 37.2814 -0.938005 0 -0.346622 0.304197 0.479545 -0.823198 0.166165 -0.877901 -0.449665 932.dat
1 16 0 -124.1833 37.7218 -0.940265 0 -0.340443 0.299242 0.477022 -0.826473 0.162344 -0.879274 -0.448376 932.dat
1 16 0 -124.4183 38.1639 -0.942573 0 -0.334 0.294483 0.471995 -0.831054 0.157593 -0.881983 -0.44474 932.dat
1 16 0 -124.6526 38.6064 -0.944742 0 -0.327816 0.289492 0.469354 -0.834296 0.15381 -0.883391 -0.443269 932.dat
1 16 0 -124.8836 39.0506 -0.946954 0 -0.32137 0.284681 0.464154 -0.838846 0.149115 -0.886134 -0.439385 932.dat
1 16 0 -125.1138 39.4952 -0.94903 0 -0.315186 0.279658 0.461387 -0.842055 0.145374 -0.887578 -0.437723 932.dat
1 16 0 -125.3407 39.9415 -0.951145 0 -0.308744 0.274799 0.456005 -0.846572 0.140742 -0.890355 -0.433581 932.dat
1 16 0 -125.5668 40.3882 -0.953129 0 -0.302565 0.269747 0.453104 -0.849748 0.137047 -0.891835 -0.431721 932.dat
1 16 0 -125.7879 40.8374 -0.955207 0 -0.295939 0.264959 0.445582 -0.855212 0.131821 -0.895617 -0.425479 932.dat
1 16 0 -126.0081 41.2871 -0.957115 0 -0.289707 0.259912 0.441866 -0.85868 0.127968 -0.897456 -0.422774 932.dat
1 16 0 -126.2272 41.7373 -0.958948 0 -0.283582 0.254798 0.439125 -0.861613 0.124486 -0.898801 -0.420956 932.dat
1 16 0 -126.4431 42.189 -0.960801 0 -0.27724 0.249795 0.433952 -0.865688 0.120268 -0.90131 -0.416801 932.dat
1 16 0 -126.658 42.6412 -0.962549 0 -0.271107 0.244677 0.430808 -0.868713 0.116756 -0.902816 -0.414535 932.dat
1 16 0 -126.8692 43.0952 -0.96432 0 -0.264741 0.239666 0.424945 -0.872985 0.112462 -0.905591 -0.409645 932.dat
1 16 0 -127.0793 43.5496 -0.965979 0 -0.258621 0.234536 0.421549 -0.876019 0.108985 -0.907177 -0.407071 932.dat
1 16 0 -127.2856 44.0058 -0.967658 0 -0.252267 0.229501 0.415289 -0.88033 0.104728 -0.91006 -0.401722 932.dat
1 16 0 -127.4908 44.4625 -0.969226 0 -0.246172 0.224358 0.411687 -0.883341 0.101312 -0.911694 -0.398884 932.dat
1 16 0 -127.6919 44.921 -0.970811 0 -0.239846 0.219297 0.405124 -0.887634 0.097135 -0.91463 -0.393167 932.dat
1 16 0 -127.8918 45.3801 -0.972289 0 -0.233782 0.214143 0.401322 -0.890613 0.09379 -0.916304 -0.39007 932.dat
1 16 0 -128.0856 45.8417 -0.973827 0 -0.22729 0.209115 0.391961 -0.895958 0.089059 -0.920348 -0.381574 932.dat
1 16 0 -128.2784 46.3038 -0.975222 0 -0.221228 0.203958 0.387464 -0.899096 0.085689 -0.92225 -0.377736 932.dat
1 16 0 -128.4697 46.7665 -0.976556 0 -0.215263 0.198782 0.383875 -0.90179 0.082606 -0.923749 -0.374749 932.dat
1 16 0 -128.657 47.2308 -0.977891 0 -0.209115 0.193652 0.377525 -0.905577 0.07892 -0.926363 -0.369054 932.dat
1 16 0 -128.8429 47.6957 -0.979144 0 -0.203165 0.188484 0.37336 -0.908388 0.075828 -0.928049 -0.365451 932.dat
1 16 0 -129.0243 48.1624 -0.9804 0 -0.197019 0.183353 0.366076 -0.912393 0.0721 -0.930947 -0.35878 932.dat
1 16 0 -129.2041 48.6296 -0.981569 0 -0.191108 0.178189 0.361543 -0.915218 0.06907 -0.932716 -0.35476 932.dat
1 16 0 -129.3769 49.0996 -0.982777 0 -0.184794 0.173069 0.350645 -0.920423 0.064775 -0.936868 -0.34449 932.dat
1 16 0 -129.5484 49.5699 -0.983865 0 -0.178911 0.167908 0.345389 -0.92336 0.061773 -0.938818 -0.339702 932.dat
1 16 0 -129.7181 50.041 -0.9849 0 -0.173127 0.162751 0.341103 -0.925872 0.059034 -0.940384 -0.335839 932.dat
1 16 0 -129.8833 50.5136 -0.985925 0 -0.167189 0.157605 0.33382 -0.929408 0.055792 -0.942994 -0.329011 932.dat
1 16 0 -130.0466 50.9869 -0.986884 0 -0.161434 0.152464 0.328807 -0.932048 0.053063 -0.944753 -0.324385 932.dat
1 16 0 -130.2049 51.4619 -0.987833 0 -0.155516 0.147324 0.320385 -0.935798 0.049808 -0.947643 -0.316381 932.dat
1 16 0 -130.3611 51.9376 -0.988714 0 -0.149815 0.142199 0.314881 -0.938454 0.047158 -0.949486 -0.311223 932.dat
1 16 0 -130.5091 52.4159 -0.989613 0 -0.143757 0.137044 0.30212 -0.9434 0.043417 -0.953623 -0.298881 932.dat
1 16 0 -130.6559 52.8946 -0.990415 0 -0.138127 0.131935 0.29615 -0.946017 0.040892 -0.955494 -0.293213 932.dat
1 16 0 -130.8002 53.374 -0.991173 0 -0.132578 0.126847 0.290936 -0.948327 0.038559 -0.957094 -0.28827 932.dat
1 16 0 -130.9394 53.855 -0.991914 0 -0.12691 0.121747 0.282425 -0.951561 0.03583 -0.95964 -0.280047 932.dat
1 16 0 -131.0761 54.3366 -0.992603 0 -0.121405 0.116684 0.276252 -0.954003 0.033527 -0.961435 -0.274117 932.dat
1 16 0 -131.2038 54.8208 -0.993297 0 -0.115588 0.111549 0.262106 -0.958595 0.030286 -0.965388 -0.260261 932.dat
1 16 0 -131.3299 55.3053 -0.993913 0 -0.110167 0.106516 0.255399 -0.960973 0.028127 -0.967184 -0.253759 932.dat
1 16 0 -131.4533 55.7905 -0.994491 0 -0.104825 0.101514 0.249415 -0.963083 0.026136 -0.968744 -0.247957 932.dat
1 16 0 -131.571 56.2772 -0.995048 0 -0.099391 0.09649 0.239923 -0.966005 0.023838 -0.971139 -0.238655 932.dat
1 16 0 -131.6857 56.7645 -0.995562 0 -0.094105 0.091521 0.232779 -0.968232 0.021898 -0.972876 -0.231668 932.dat
1 16 0 -131.7902 57.2542 -0.996071 0 -0.088559 0.086454 0.216819 -0.972392 0.019195 -0.976557 -0.215895 932.dat
1 16 0 -131.8932 57.7442 -0.996518 0 -0.083384 0.081536 0.20941 -0.974438 0.017455 -0.978172 -0.20861 932.dat
1 16 0 -131.9928 58.2348 -0.996932 0 -0.078275 0.076655 0.202467 -0.976299 0.015843 -0.979633 -0.201778 932.dat
1 16 0 -132.0861 58.7268 -0.997324 0 -0.073107 0.071751 0.191763 -0.978828 0.014014 -0.981784 -0.191185 932.dat
1 16 0 -132.1758 59.2193 -0.997681 0 -0.068068 0.066915 0.183381 -0.980773 0.012478 -0.983384 -0.182894 932.dat
1 16 0 -132.254 59.7139 -0.998024 0 -0.06284 0.061976 0.165345 -0.984296 0.010387 -0.986577 -0.164963 932.dat
1 16 0 -132.3308 60.2087 -0.99832 0 -0.057943 0.057222 0.157382 -0.985887 0.009116 -0.987879 -0.157065 932.dat
1 16 0 -132.4034 60.704 -0.998589 0 -0.053098 0.052504 0.149218 -0.987417 0.00792 -0.989145 -0.148958 932.dat
1 16 0 -132.4646 61.201 -0.998842 0 -0.048112 0.047696 0.131139 -0.990222 0.006307 -0.991703 -0.130943 932.dat
1 16 0 -132.5237 61.6982 -0.999058 0 -0.043387 0.043061 0.122433 -0.991547 0.00531 -0.992816 -0.122277 932.dat
1 16 0 -132.5784 62.1959 -0.99925 0 -0.03872 0.038469 0.113693 -0.992775 0.004401 -0.993855 -0.113569 932.dat
1 16 0 -132.6208 62.6948 -0.999423 0 -0.033961 0.033809 0.094368 -0.994966 0.003204 -0.995875 -0.094282 932.dat
1 16 0 -132.6609 63.1938 -0.999567 0 -0.029421 0.029315 0.084927 -0.995958 0.002498 -0.996725 -0.084862 932.dat
1 16 0 -132.6964 63.6933 -0.999689 0 -0.024943 0.024872 0.075509 -0.996837 0.001883 -0.997483 -0.07546 932.dat
1 16 0 -132.7239 64.1932 -0.99979 0 -0.020488 0.020449 0.061869 -0.997876 0.001267 -0.998421 -0.061836 932.dat
1 16 0 -132.7462 64.6934 -0.99987 0 -0.016123 0.016103 0.050214 -0.998609 0.000809 -0.999075 -0.050191 932.dat
1 16 0 -132.7537 65.1941 -0.999931 0 -0.011766 0.011762 0.026736 -0.999574 0.000314 -0.999979 -0.026725 932.dat
1 16 0 -132.7598 65.6947 -0.999971 0 -0.007565 0.007564 0.017074 -0.999826 0.000129 -1.000191 -0.017068 932.dat
1 16 -0.0045 -132.7637 66.1954 -0.999977 0.005944 -0.003405 0.00347 0.010917 -0.999934 -0.005904 -1.000259 -0.010934 932.dat
1 16 -0.0205 -132.7634 66.6958 -0.999725 0.023417 0.001034 -0.000959 0.003211 -0.999994 -0.023413 -1.000057 -0.003186 932.dat
1 16 -0.0418 -132.766 67.196 -0.99932 0.036164 0.007308 -0.007148 0.004555 -0.999964 -0.036184 -0.999672 -0.004292 932.dat
1 16 -0.0714 -132.7697 67.6958 -0.998585 0.051408 0.013695 -0.013383 0.006403 -0.99989 -0.051473 -0.998994 -0.005704 932.dat
1 16 -0.1198 -132.7757 68.1942 -0.996454 0.081677 0.020302 -0.019539 0.010137 -0.999758 -0.081835 -0.996945 -0.008502 932.dat
1 16 -0.1769 -132.7829 68.6917 -0.994283 0.103352 0.026973 -0.025773 0.012939 -0.999584 -0.103623 -0.994899 -0.010198 932.dat
1 16 -0.2379 -132.7906 69.1885 -0.992718 0.115713 0.033636 -0.032166 0.014554 -0.999377 -0.116091 -0.993515 -0.010723 932.dat
1 16 -0.3061 -132.7992 69.6845 -0.990781 0.129351 0.040395 -0.0386 0.01637 -0.999121 -0.129854 -0.991803 -0.011223 932.dat
1 16 -0.3919 -132.8102 70.1777 -0.986398 0.157438 0.047427 -0.04481 0.020143 -0.998793 -0.15815 -0.987664 -0.01281 932.dat
1 16 -0.4804 -132.8216 70.6704 -0.983882 0.170424 0.054331 -0.051341 0.021916 -0.998441 -0.171291 -0.985469 -0.012809 932.dat
1 16 -0.5761 -132.8341 71.1617 -0.98098 0.184232 0.061316 -0.057907 0.023842 -0.998037 -0.18527 -0.982936 -0.012716 932.dat
1 16 -0.689 -132.8489 71.6494 -0.974914 0.211826 0.068569 -0.064141 0.02773 -0.997556 -0.213138 -0.977258 -0.013443 932.dat
1 16 -0.8042 -132.8641 72.1364 -0.971652 0.224061 0.075644 -0.070827 0.029485 -0.997053 -0.225555 -0.974474 -0.012776 932.dat
1 16 -0.9263 -132.8803 72.6217 -0.967894 0.237412 0.082791 -0.077529 0.031447 -0.996494 -0.239103 -0.971247 -0.012027 932.dat
1 16 -1.0647 -132.899 73.1026 -0.960464 0.263488 0.090166 -0.083806 0.035318 -0.995856 -0.265491 -0.964365 -0.011836 932.dat
1 16 -1.205 -132.9179 73.5828 -0.956606 0.274731 0.097357 -0.090658 0.037022 -0.995194 -0.276922 -0.961158 -0.010505 932.dat
1 16 -1.352 -132.9379 74.061 -0.952102 0.287426 0.104608 -0.0975 0.038994 -0.994472 -0.289819 -0.95736 -0.009099 932.dat
1 16 -1.5141 -132.9603 74.5343 -0.943593 0.311686 0.112024 -0.103839 0.042806 -0.993673 -0.314403 -0.949575 -0.008023 932.dat
1 16 -1.6777 -132.983 75.0069 -0.939276 0.321872 0.119284 -0.110867 0.044443 -0.992842 -0.32476 -0.946095 -0.006057 932.dat
1 16 -1.8477 -133.0067 75.4772 -0.934149 0.333788 0.126591 -0.117852 0.046408 -0.991947 -0.336861 -0.941863 -0.004013 932.dat
1 16 -2.0315 -133.0327 75.9423 -0.924842 0.356092 0.133983 -0.124275 0.050133 -0.990981 -0.359476 -0.933466 -0.002111 932.dat
1 16 -2.2166 -133.059 76.4068 -0.920182 0.365233 0.141277 -0.131486 0.051698 -0.98997 -0.368749 -0.929842 0.000452 932.dat
1 16 -2.4077 -133.0863 76.8688 -0.914563 0.376281 0.148599 -0.138621 0.053641 -0.988893 -0.379945 -0.925315 0.003101 932.dat
1 16 -2.6112 -133.1159 77.3253 -0.904718 0.396585 0.155921 -0.145147 0.057263 -0.987753 -0.400521 -0.916578 0.005754 932.dat
1 16 -2.8159 -133.1456 77.7813 -0.899806 0.404743 0.163222 -0.152545 0.058758 -0.986549 -0.408752 -0.912909 0.008868 932.dat
1 16 -3.026 -133.1765 78.2347 -0.893824 0.414868 0.170528 -0.159836 0.060668 -0.985279 -0.418965 -0.908227 0.012081 932.dat
1 16 -3.2474 -133.2095 78.6826 -0.883668 0.433199 0.177751 -0.166483 0.064178 -0.983955 -0.437509 -0.899385 0.015403 932.dat
1 16 -3.4697 -133.2427 79.13 -0.878566 0.44047 0.185039 -0.174067 0.065611 -0.982547 -0.444773 -0.895743 0.019021 932.dat
1 16 -3.697 -133.2769 79.5748 -0.872337 0.449646 0.192307 -0.18152 0.067477 -0.981071 -0.453958 -0.891032 0.022749 932.dat
