0 Main
0 Name: 7221-1 - Robots - Robot 2.ldr
0 Author: LTRON
1 7 20 -24 0 0 0 1 0 1 0 -1 0 0 30540.dat
1 0 0 0 0 -1 0 0 0 1 0 0 0 -1 3021.dat
1 7 0 -24 -10 -1 0 0 0 1 0 0 0 -1 4070.dat
1 73 0 -64 0 1 0 0 0 1 0 0 0 1 41855.dat
1 0 30 -32 20 0 0 -1 0 1 0 1 0 0 2429.dat
1 0 -30 -32 20 0 0 1 0 1 0 -1 0 0 2430.dat
1 0 -32 -32 20 0.5 0 -0.866 0 1 0 0.866 0 0.5 2429.dat
1 0 30 -32 20 0.5 0 0.866 0 1 0 -0.866 0 0.5 2430.dat
1 15 53.66 -40 -0.98 -0.866 0 0.5 0 1 0 -0.5 0 -0.866 4592.dat
1 15 -55.66 -40 -0.98 -0.866 0 -0.5 0 1 0 0.5 0 -0.866 4592.dat
1 0 53.66 -40 -0.98 -0.866 -0.25 0.433 0 0.866 0.5 -0.5 0.433 -0.75 4593.dat
1 0 -55.66 -40 -0.98 -0.866 0.25 -0.433 0 0.866 0.5 0.5 0.433 -0.75 4593.dat
1 1 0 -80 0 1 0 0 0 1 0 0 0 1 2412.dat
1 7 43.66 -14 -50.981 -0.5 -0.866 0 0 0 -1 0.866 -0.5 0 30386.dat
1 1 30 32 0 1 0 0 0 1 0 0 0 1 3176.dat
1 1 -30 32 0 1 0 0 0 1 0 0 0 1 3176.dat
1 38 10 -72 0 -1 0 0 0 1 0 0 0 -1 6141.dat
1 1 -20 8 0 0 0 1 0 1 0 -1 0 0 3004.dat
1 1 20 8 0 0 0 1 0 1 0 -1 0 0 3004.dat
1 7 -20 -24 0 0 0 1 0 1 0 -1 0 0 30540.dat
1 7 0 -48 -10 1 0 0 0 1 0 0 0 1 4070.dat
1 7 -43.66 -14 -50.981 0.5 0.866 0 0 0 1 0.866 -0.5 0 30386.dat
1 38 -10 -72 0 -1 0 0 0 1 0 0 0 -1 6141.dat
