0 Main
0 Name: 8062 - Universal Set with Storage Case.mpd
0 Author: LTRON
1 0 5.56 -122 612.904 0.342 -0.94 0 0 0 -1 0.94 0.342 0 2711.dat
1 0 3.16 -122 571.2 0.94 0.342 0 0 0 -1 -0.342 0.94 0 3705.dat
1 7 3.16 -122 571.2 0 -0.342 -0.94 1 0 0 0 -0.94 0.342 3713.dat
1 0 28.12 -122 604.696 -0.342 0.94 0 0 0 -1 -0.94 -0.342 0 2711.dat
1 0 34.78 -142 570.34 0 -0.342 -0.94 1 0 0 0 -0.94 0.342 3701.dat
1 0 -21.62 -142 590.86 0 -0.342 -0.94 1 0 0 0 -0.94 0.342 3701.dat
1 0 -18.884 -122 598.38 0 -0.342 -0.94 1 0 0 0 -0.94 0.342 3710.dat
1 0 37.516 -122 577.86 0 -0.342 -0.94 1 0 0 0 -0.94 0.342 3710.dat
1 0 12.052 -92 595.64 0.94 -0.342 0 0 0 1 -0.342 -0.94 0 3710.dat
1 0 -16.148 -142 605.9 0 -0.342 0.94 -1 0 0 0 -0.94 -0.342 3023.dat
1 0 40.252 -142 585.38 0 -0.342 0.94 -1 0 0 0 -0.94 -0.342 3023.dat
1 0 48.46 -82 607.94 0 -0.342 0.94 -1 0 0 0 -0.94 -0.342 3702.dat
1 0 -7.94 -82 628.46 0 -0.342 0.94 -1 0 0 0 -0.94 -0.342 3702.dat
1 0 54.44 -22 595.12 -0.94 0 -0.342 0 1 0 0.342 0 -0.94 2780.dat
1 0 54.44 -62 595.12 -0.94 0 -0.342 0 1 0 0.342 0 -0.94 2780.dat
1 0 -20.76 -22 622.48 -0.94 0 -0.342 0 1 0 0.342 0 -0.94 2780.dat
1 0 -20.76 -62 622.48 -0.94 0 -0.342 0 1 0 0.342 0 -0.94 2780.dat
1 7 54.44 -102 595.12 0.94 0 0.342 0 1 0 -0.342 0 0.94 3749.dat
1 7 -20.76 -102 622.48 -0.94 0 -0.342 0 1 0 0.342 0 -0.94 3749.dat
1 0 3.16 -142 571.2 -0.94 0 -0.342 0 1 0 0.342 0 -0.94 3706.dat
1 7 50.16 -142 554.1 0 0.342 -0.94 -1 0 0 0 0.94 0.342 3713.dat
1 7 -43.84 -142 588.3 0 0.342 0.94 1 0 0 0 0.94 -0.342 3713.dat
1 7 16.84 -62 608.8 0 0.342 -0.94 -1 0 0 0 0.94 0.342 6553.dat
1 0 16.84 -82 608.8 0 -0.342 0.94 -1 0 0 0 -0.94 -0.342 3705.dat
1 0 20.26 -92 618.2 0.94 -0.342 0 0 0 1 -0.342 -0.94 0 3700.dat
1 7 16.84 -112 608.8 0.94 -0.342 0 0 0 1 -0.342 -0.94 0 3712.dat
1 7 8.4354 -159.207 585.6995 0.196308 -0.94 -0.280098 -0.819 0 -0.574 0.53956 0.342 -0.76986 3712.dat
1 7 16.84 -142 608.8 0.196308 -0.94 -0.280098 -0.819 0 -0.574 0.53956 0.342 -0.76986 3326.dat
1 0 -11.1749 -199.358 531.7999 -0.280098 0.94 0.196308 -0.574 0 -0.819 -0.76986 -0.342 0.53956 3707.dat
1 7 63.84 -102 591.7 0 0.342 -0.94 -1 0 0 0 0.94 0.342 3713.dat
1 7 -30.16 -102 625.9 0 0.342 0.94 1 0 0 0 0.94 -0.342 3713.dat
1 0 22.996 -92 625.72 -0.94 -0.342 0 0 0 -1 0.342 -0.94 0 3710.dat
1 0 -5.204 -122 635.98 0 -0.342 -0.94 1 0 0 0 -0.94 0.342 3023.dat
1 0 51.196 -122 615.46 0 -0.342 -0.94 1 0 0 0 -0.94 0.342 3023.dat
1 14 22.996 -152 625.72 0.94 -0.342 0 0 0 1 -0.342 -0.94 0 3710.dat
1 7 33.94 -62 655.8 0 0.94 -0.342 1 0 0 0 -0.342 -0.94 6538.dat
1 0 53.932 -102 622.98 0 -0.342 -0.94 1 0 0 0 -0.94 0.342 3023.dat
1 0 -2.468 -102 643.5 0 -0.342 -0.94 1 0 0 0 -0.94 0.342 3023.dat
1 14 53.932 -142 622.98 0 -0.342 -0.94 1 0 0 0 -0.94 0.342 3023.dat
1 14 -2.468 -142 643.5 0 -0.342 -0.94 1 0 0 0 -0.94 0.342 3023.dat
1 0 30.52 -122 646.4 0.94 0 0.342 0 1 0 -0.342 0 0.94 3705.dat
1 7 30.52 -122 646.4 0 -0.342 -0.94 1 0 0 0 -0.94 0.342 3713.dat
1 0 5.74 -122 666.06 0 -0.342 -0.94 1 0 0 0 -0.94 0.342 3700.dat
1 0 62.14 -122 645.54 0 -0.342 -0.94 1 0 0 0 -0.94 0.342 3700.dat
1 14 28.468 -152 640.76 0.94 -0.342 0 0 0 1 -0.342 -0.94 0 3710.dat
1 0 57 0 572.9 -0.342 0 0.94 0 1 0 -0.94 0 -0.342 4262.dat
1 0 63.84 -8 591.7 -0.342 0 0.94 0 1 0 -0.94 0 -0.342 3023.dat
1 0 57 -32 572.9 -0.342 0 0.94 0 1 0 -0.94 0 -0.342 2743.dat
1 14 63.84 -40 591.7 -0.342 0 0.94 0 1 0 -0.94 0 -0.342 3023.dat
1 14 63.84 -48 591.7 -0.342 0 0.94 0 1 0 -0.94 0 -0.342 3023.dat
1 0 63.84 -72 591.7 -0.342 0 0.94 0 1 0 -0.94 0 -0.342 3700.dat
1 0 -37 0 607.1 -0.342 0 0.94 0 1 0 -0.94 0 -0.342 4262.dat
1 0 -30.16 -8 625.9 -0.342 0 0.94 0 1 0 -0.94 0 -0.342 3023.dat
1 0 -37 -32 607.1 -0.342 0 0.94 0 1 0 -0.94 0 -0.342 2743.dat
1 14 -30.16 -40 625.9 -0.342 0 0.94 0 1 0 -0.94 0 -0.342 3023.dat
1 14 -30.16 -48 625.9 -0.342 0 0.94 0 1 0 -0.94 0 -0.342 3023.dat
1 0 -30.16 -72 625.9 -0.342 0 0.94 0 1 0 -0.94 0 -0.342 3700.dat
1 14 60.2011 -161.67 581.6984 -0.280098 -0.196308 0.94 -0.574 0.819 0 -0.76986 -0.53956 -0.342 3894.dat
1 14 66.6936 -119.054 599.5433 -0.280098 -0.196308 0.94 -0.574 0.819 0 -0.76986 -0.53956 -0.342 3023.dat
1 0 63.84 -142 591.7 0.94 -0.196308 0.280098 0 0.819 0.574 -0.342 -0.53956 0.76986 6558.dat
1 14 -33.7989 -161.67 615.8984 -0.280098 -0.196308 0.94 -0.574 0.819 0 -0.76986 -0.53956 -0.342 3894.dat
1 14 -27.3064 -119.054 633.7433 -0.280098 -0.196308 0.94 -0.574 0.819 0 -0.76986 -0.53956 -0.342 3023.dat
1 0 -30.16 -142 625.9 0.94 -0.196308 0.280098 0 0.819 0.574 -0.342 -0.53956 0.76986 6558.dat
1 14 -5.5169 -170.682 547.3513 0.94 -0.196308 0.280098 0 0.819 0.574 -0.342 -0.53956 0.76986 3666.dat
1 14 -0.8055 -190.338 560.3007 0.94 -0.196308 0.280098 0 0.819 0.574 -0.342 -0.53956 0.76986 3700.dat
1 14 61.7678 -168.216 586.0045 -0.280098 -0.196308 0.94 -0.574 0.819 0 -0.76986 -0.53956 -0.342 3710.dat
1 14 -32.2322 -168.216 620.2045 -0.280098 -0.196308 0.94 -0.574 0.819 0 -0.76986 -0.53956 -0.342 3710.dat
1 14 -27.4395 -196.895 574.865 0.94 -0.196308 0.280098 0 0.819 0.574 -0.342 -0.53956 0.76986 3623.dat
1 14 28.9605 -196.895 554.345 0.94 -0.196308 0.280098 0 0.819 0.574 -0.342 -0.53956 0.76986 3623.dat
1 14 2.331 -203.447 568.9214 0.94 -0.196308 0.280098 0 0.819 0.574 -0.342 -0.53956 0.76986 3710.dat
1 14 -6.4956 -192.779 603.1737 -0.280098 -0.196308 0.94 -0.574 0.819 0 -0.76986 -0.53956 -0.342 3709.dat
1 14 31.1044 -192.779 589.4937 -0.280098 -0.196308 0.94 -0.574 0.819 0 -0.76986 -0.53956 -0.342 3709.dat
1 14 -1.9283 -217.049 557.2147 0.94 0.280098 0.196308 0 0.574 -0.819 -0.342 0.76986 0.53956 3023.dat
1 14 -34.0544 -200.669 556.6835 -0.196308 0.280098 0.94 0.819 0.574 0 -0.53956 0.76986 -0.342 3623.dat
1 14 22.3456 -200.669 536.1635 -0.196308 0.280098 0.94 0.819 0.574 0 -0.53956 0.76986 -0.342 3623.dat
1 14 -4.1691 -221.641 551.0558 -0.94 0.280098 -0.196308 0 0.574 0.819 0.342 0.76986 -0.53956 3710.dat
1 14 -10.0583 -197.071 534.869 -0.94 0.280098 -0.196308 0 0.574 0.819 0.342 0.76986 -0.53956 3709.dat
1 14 -10.8914 -235.417 532.5792 -0.94 0.280098 -0.196308 0 0.574 0.819 0.342 0.76986 -0.53956 3700.dat
1 14 -52.833 -178.087 505.0699 0.196308 0.280098 -0.94 -0.819 0.574 0 0.53956 0.76986 0.342 3702.dat
1 0 -21.832 -172.347 502.5085 0.94 0.280098 0.196308 0 0.574 -0.819 -0.342 0.76986 0.53956 3705.dat
1 14 -31.232 -172.347 505.9286 -0.280098 -0.94 -0.196308 -0.574 0 0.819 -0.76986 0.342 -0.53956 2825.dat
1 0 -33.6105 -123.207 470.1349 0.94 0.280098 0.196308 0 0.574 -0.819 -0.342 0.76986 0.53956 3705.dat
1 0 -37.952 -65.877 428.9458 -0.196308 -0.94 0.280098 0.819 0 0.574 -0.53956 0.342 0.76986 4442.dat
1 14 -12.432 -172.347 499.0886 0.280098 0.94 -0.196308 0.574 0 0.819 0.76986 -0.342 -0.53956 2825.dat
1 14 3.567 -178.087 484.55 0.196308 0.280098 -0.94 -0.819 0.574 0 0.53956 0.76986 0.342 3702.dat
1 14 -19.0214 -215.439 510.2335 -0.94 0.280098 -0.196308 0 0.574 0.819 0.342 0.76986 -0.53956 3709.dat
1 14 -31.9322 -240.009 533.2603 -0.94 0.280098 -0.196308 0 0.574 0.819 0.342 0.76986 -0.53956 3023.dat
1 14 5.6678 -240.009 519.5803 -0.94 0.280098 -0.196308 0 0.574 0.819 0.342 0.76986 -0.53956 3023.dat
1 7 -21.8224 -221.179 502.5349 -0.94 0.196308 0.280098 0 -0.819 0.574 0.342 0.53956 0.76986 3713.dat
1 0 -58.2736 -8.547 393.5706 -0.94 0.196308 0.280098 0 -0.819 0.574 0.342 0.53956 0.76986 3704.dat
1 0 -74.9596 -3.3498 368.1878 0.336819 0.94 0.05924 -0.173215 0 0.984851 0.92576 -0.342 0.162822 4263.dat
1 15 -26.8635 -231.478 488.6793 0.94 0.280098 0.196308 0 0.574 -0.819 -0.342 0.76986 0.53956 4032.dat
1 46 -33.5858 -245.254 470.2026 0.94 0.280098 0.196308 0 0.574 -0.819 -0.342 0.76986 0.53956 6143.dat
1 0 -33.8636 -258.036 469.4394 0.94 0.280098 0.196308 0 0.574 -0.819 -0.342 0.76986 0.53956 3023.dat
1 0 -49.1528 -233.466 456.6725 -0.196308 0.280098 0.94 0.819 0.574 0 -0.53956 0.76986 -0.342 3023.dat
1 0 -30.3528 -233.466 449.8326 -0.196308 0.280098 0.94 0.819 0.574 0 -0.53956 0.76986 -0.342 3023.dat
1 15 -38.0674 -254.438 457.8849 -0.196308 0.280098 0.94 0.819 0.574 0 -0.53956 0.76986 -0.342 4150.dat
1 7 -160 0 380 -1 0 0 0 0 -1 0 -1 0 3650.dat
