0 
0 Name: New Model.ldr
0 Author: 
1 19 120 0 190 0.766 0 -0.643 0 1 0 0.643 0 0.766 4032.dat
1 4 112.34 -8 183.57 0.643 0 0.766 0 1 0 -0.766 0 0.643 2540.dat
1 4 127.66 -8 196.43 -0.643 0 -0.766 0 1 0 0.766 0 -0.643 2540.dat
1 4 120 -16 190 -0.643 0 -0.766 0 1 0 0.766 0 -0.643 3022.dat
1 4 120 -24 190 -0.643 0 -0.766 0 1 0 0.766 0 -0.643 4032.dat
1 4 74.04 -6 151.42 0.643 0 -0.766 0 -1 0 -0.766 0 -0.643 53451.dat
1 72 97.02 -6 170.71 0 -0.766 -0.643 1 0 0 0 -0.643 0.766 11090.dat
1 72 86.732 -6 182.966 -0.133284 -0.75451 -0.643 0.985 -0.174 0 -0.111882 -0.633355 0.766 11090.dat
1 4 63.4583 -11.209 164.7352 0.643 0.133284 -0.75451 0 -0.985 -0.174 -0.766 0.111882 -0.633355 53451.dat
1 72 107.308 -6 158.454 0.198394 -0.739956 -0.643 0.966 0.259 0 0.166537 -0.621138 0.766 11090.dat
1 4 85.1109 1.765 139.8212 0.643 -0.198394 -0.739956 0 -0.966 0.259 -0.766 -0.166537 -0.621138 53451.dat
1 72 132.692 -6 221.546 0.261972 0.72004 0.643 0.94 -0.342 0 0.219906 0.60442 -0.766 11090.dat
1 4 154.2863 -16.261 239.6728 -0.643 -0.261972 0.72004 0 -0.94 -0.342 0.766 -0.219906 0.60442 53451.dat
1 72 142.98 -6 209.29 0 0.766 0.643 1 0 0 0 0.643 -0.766 11090.dat
1 4 165.96 -6 228.58 -0.643 0 0.766 0 -1 0 0.766 0 0.643 53451.dat
1 72 153.268 -6 197.034 -0.133284 0.75451 0.643 0.985 0.174 0 -0.111882 0.633355 -0.766 11090.dat
1 4 176.5417 -0.791 215.2648 -0.643 0.133284 0.75451 0 -0.985 0.174 0.766 0.111882 0.633355 53451.dat
1 72 112.34 -32 183.57 0.643 0 0.766 0 1 0 -0.766 0 0.643 14417.dat
1 72 127.66 -32 196.43 -0.643 0 -0.766 0 1 0 0.766 0 -0.643 14417.dat
1 4 126.43 -40 182.34 0.766 0 -0.643 0 1 0 0.643 0 0.766 44728.dat
1 4 120 -32 190 -0.766 0 0.643 0 1 0 -0.643 0 -0.766 15068.dat
1 4 140.576 -10 165.488 0.766 -0.643 0 0 0 -1 0.643 0.766 0 85984.dat
1 71 140.576 -10 165.488 0.766 -0.643 0 0 0 -1 0.643 0.766 0 44567.dat
1 4 140.576 -30 165.488 0.766 -0.643 0 0 0 -1 0.643 0.766 0 3023.dat
1 15 153.38 -30 165.79 0.766 -0.643 0 0 0 -1 0.643 0.766 0 98138.dat
1 15 138.06 -30 152.93 0.766 -0.643 0 0 0 -1 0.643 0.766 0 98138.dat
1 4 83.2913 -51.922 116.489 -0.23899 0.849416 0.470808 -0.864 -0.407 0.295 0.441815 -0.336802 0.831329 16770.dat
1 4 98.8742 -42.158 144.0218 -0.067599 0.968793 -0.23899 -0.439 -0.244 -0.864 -0.896342 0.046754 0.441815 60478.dat
1 71 91.1245 -40.205 143.647 0.067599 0.968793 0.23899 0.439 -0.244 0.864 0.896342 0.046754 -0.441815 14418.dat
1 4 83.3747 -38.252 143.2708 -0.067599 0.968793 -0.23899 -0.439 -0.244 -0.864 -0.896342 0.046754 0.441815 60478.dat
1 4 98.7908 -55.828 117.24 0.23899 -0.90637 -0.348961 0.864 0.035 0.501 -0.441815 -0.421335 0.792152 16770.dat
1 71 170.8352 -45.343 203.4914 -0.863091 0.227699 0.451172 0.492 0.176 0.852 0.115097 0.957612 -0.263704 14418.dat
1 4 169.01 -46.75 195.8302 0.863091 0.227699 -0.451172 -0.492 0.176 -0.852 -0.115097 0.957612 0.263704 60478.dat
1 4 172.6597 -43.936 211.1535 0.863091 0.227699 -0.451172 -0.492 0.176 -0.852 -0.115097 0.957612 0.263704 60478.dat
1 4 195.3505 -61.171 194.2939 -0.451172 0.571244 -0.685235 -0.852 -0.049 0.521 0.263704 0.819012 0.509875 16770.dat
1 4 199.0002 -58.356 209.6172 0.451172 0.158484 -0.878118 0.852 -0.368 0.372 -0.263704 -0.916788 -0.300994 16770.dat
