0 Main
0 Name: 30022-1 - Bee.mpd
0 Author: LTRON
1 0 0 -44 4 0 0 -1 -1 0 0 0 1 0 87081.dat
1 0 10 -44 -20 0 0 -1 -1 0 0 0 1 0 30541.dat
1 0 -10 -44 -20 0 0 -1 -1 0 0 0 1 0 30541.dat
1 14 -20 -24 -20 0 0 1 1 0 0 0 1 0 87620.dat
1 14 20 -24 -20 1 0 0 0 0 -1 0 1 0 87620.dat
1 14 -30 -54 -20 0 0 -1 -1 0 0 0 1 0 3005.dat
1 14 30 -54 -20 0 0 -1 -1 0 0 0 1 0 3005.dat
1 0 0 -44 -44 0 0 -1 -1 0 0 0 1 0 87081.dat
1 14 0 -44 -52 0 0 -1 -1 0 0 0 1 0 4032.dat
1 0 0 -44 -60 0 0 -1 -1 0 0 0 1 0 6141.dat
1 14 0 -44 -68 0 0 -1 -1 0 0 0 1 0 43898.dat
1 0 0 -44 -76 1 0 0 0 0 -1 0 1 0 44567.dat
1 15 -10 -44 -84 0.707 0 -0.707 -0.707 0 -0.707 0 1 0 4592.dat
1 0 -10 -44 -84 0.707 0.705 -0.062 -0.707 0.705 -0.062 0 0.087 0.996 4593.dat
1 15 10 -44 -84 0.707 0 0.707 0.707 0 -0.707 0 1 0 4592.dat
1 0 10 -44 -84 0.707 -0.706 0.037 0.707 0.706 -0.037 0 0.052 0.999 4593.dat
1 1 0 -44 29 0 -1 0 0 0 -1 1 0 0 4274.dat
1 0 0 -44 37 0 0 1 -1 0 0 0 -1 0 6141.dat
1 0 0 -44 53 0 0 1 -1 0 0 0 -1 0 6141.dat
1 14 0 -44 45 0 0 1 -1 0 0 0 -1 0 43898.dat
1 0 0 -44 61 -1 0 0 0 0 -1 0 -1 0 49668.dat
1 0 34.981 -90.732 -10 -0.866 0.5 0 0.5 0.866 0 0 0 -1 44302.dat
1 40 40.301 -121.516 -10 0.866 0.5 0 -0.5 0.866 0 0 0 1 30413.dat
1 0 -34.981 -90.732 -10 0.866 -0.5 0 0.5 0.866 0 0 0 1 44302.dat
1 40 -40.301 -121.516 -10 0.866 -0.5 0 0.5 0.866 0 0 0 1 30413.dat
