0 Main
0 Name: 31031 - Rainforest Animals - Rainforest Animals.mpd
0 Author: LTRON
1 272 46 -116 -32 0 1 0 1 0 0 0 0 -1 4871.dat
1 14 54 -106 -32 0 1 0 0 0 -1 -1 0 0 48336.dat
1 4 54 -136 -22 0 1 0 -1 0 0 0 0 1 63868.dat
1 4 54 -136 -42 0 1 0 -1 0 0 0 0 1 63868.dat
1 2 38 -96 -2 0 1 0 -1 0 0 0 0 1 3710.dat
1 2 38 -96 -62 0 1 0 -1 0 0 0 0 1 3710.dat
1 0 46 -86 -2 0 1 0 0 0 -1 -1 0 0 3665.dat
1 0 46 -86 -62 0 1 0 0 0 -1 -1 0 0 3665.dat
1 15 6 -116 -22 0 1 0 -1 0 0 0 0 1 87552.dat
1 15 6 -116 -42 0 1 0 1 0 0 0 0 -1 87552.dat
1 27 14 -126 -62 0 1 0 0 0 1 1 0 0 87087.dat
1 27 14 -126 -2 0 1 0 0 0 1 1 0 0 87087.dat
1 2 24 -144 -62 0 0 -1 0 1 0 1 0 0 3070.dat
1 2 24 -144 -2 0 0 -1 0 1 0 1 0 0 3070.dat
1 2 14 -106 -2 0 1 0 0 0 1 1 0 0 3005.dat
1 2 14 -106 -62 0 1 0 0 0 1 1 0 0 3005.dat
1 0 24 -66 -2 -0.174 0.985 0 0 0 -1 -0.985 -0.174 0 41532.dat
1 0 14 -86 -2 0 1 0 0 0 1 1 0 0 6541.dat
1 0 14 -86 -62 0 1 0 0 0 1 1 0 0 6541.dat
1 0 24 -66 -62 0.174 0.985 0 0 0 -1 -0.985 0.174 0 41532.dat
1 2 6 -96 -2 0 1 0 -1 0 0 0 0 1 3710.dat
1 2 6 -96 -62 0 1 0 -1 0 0 0 0 1 3710.dat
1 0 -2 -126 -32 0 1 0 0 0 1 1 0 0 99207.dat
1 0 -4 -140 -32 0 0 -1 0 1 0 1 0 0 85984.dat
1 191 -24 -140 -32 0 0 1 0 1 0 -1 0 0 85984.dat
1 2 -2 -106 -32 0 1 0 0 0 -1 -1 0 0 3023.dat
1 72 -2 -116 -2 0 1 0 1 0 0 0 0 -1 14417.dat
1 72 -2 -116 -62 0 1 0 -1 0 0 0 0 1 14417.dat
1 2 -2 -76 -2 0 1 0 -1 0 0 0 0 1 3023.dat
1 2 -2 -76 -62 0 1 0 -1 0 0 0 0 1 3023.dat
1 2 -10 -96 -32 0 1 0 -1 0 0 0 0 1 3031.dat
1 2 -2 -66 -32 0 1 0 0 0 1 1 0 0 3660.dat
1 2 -18 -96 -2 0 1 0 -1 0 0 0 0 1 3023.dat
1 2 -18 -96 -62 0 1 0 -1 0 0 0 0 1 3023.dat
1 0 -18 -116 -32 0 1 0 -1 0 0 0 0 1 3022.dat
1 0 -18 -126 -32 0 1 0 0 0 1 1 0 0 85984.dat
1 2 -34 -86 -22 0 1 0 0 0 -1 -1 0 0 50950.dat
1 2 -34 -86 -42 0 1 0 0 0 -1 -1 0 0 50950.dat
1 27 -10 -96 -2 0 1 0 0 0 -1 -1 0 0 93273.dat
1 27 -10 -96 -62 0 1 0 0 0 -1 -1 0 0 93273.dat
1 0 29.909 -26 -3.042 -0.174 0.985 0 0 0 -1 -0.985 -0.174 0 60471.dat
1 0 22.029 -26 -1.65 0.174 0.985 0 0 0 1 0.985 -0.174 0 60471.dat
1 14 14.149 -26 -0.258 -0.174 0.985 0 0 0 -1 -0.985 -0.174 0 44567.dat
1 0 14.149 -26 -0.258 0.174 0.985 0 0 0 1 0.985 -0.174 0 85984.dat
1 0 29.909 -26 -60.958 0.174 0.985 0 0 0 -1 -0.985 0.174 0 60471.dat
1 0 22.029 -26 -62.35 -0.174 0.985 0 0 0 1 0.985 0.174 0 60471.dat
1 14 14.149 -26 -63.742 0.174 0.985 0 0 0 -1 -0.985 0.174 0 44567.dat
1 0 14.149 -26 -63.742 -0.174 0.985 0 0 0 1 0.985 0.174 0 85984.dat
1 0 -3.575 -8 2.862 0.174 0 -0.985 0 1 0 0.985 0 0.174 60471.dat
1 0 -11.685 0 14.452 -0.174 0 0.985 0 1 0 -0.985 0 -0.174 11477.dat
1 0 -15.165 0 -5.248 -0.174 0 0.985 0 1 0 -0.985 0 -0.174 11477.dat
1 0 -3.575 -8 -66.862 -0.174 0 -0.985 0 1 0 0.985 0 -0.174 60471.dat
1 0 -15.165 0 -58.752 0.174 0 0.985 0 1 0 -0.985 0 0.174 11477.dat
1 0 -11.685 0 -78.452 0.174 0 0.985 0 1 0 -0.985 0 0.174 11477.dat
1 72 61.423 -8 -8.599 -0.985 0 -0.174 0 1 0 0.174 0 -0.985 44301.dat
1 72 51.573 -16 -6.859 -0.985 0 -0.174 0 1 0 0.174 0 -0.985 3024.dat
1 0 61.423 -8 -8.599 0.174 0 -0.985 0 1 0 0.985 0 0.174 11477.dat
1 72 61.423 -8 -55.401 -0.985 0 0.174 0 1 0 -0.174 0 -0.985 44301.dat
1 72 51.573 -16 -57.141 -0.985 0 0.174 0 1 0 -0.174 0 -0.985 3024.dat
1 0 61.423 -8 -55.401 -0.174 0 -0.985 0 1 0 0.985 0 -0.174 11477.dat
1 2 26 -152 -32 0 0 1 0 1 0 -1 0 0 3020.dat
1 191 16 -176 -32 0 0 1 0 1 0 -1 0 0 3004.dat
1 2 36 -160 -2 0 0 1 0 1 0 -1 0 0 2420.dat
1 2 36 -160 -62 1 0 0 0 1 0 0 0 1 2420.dat
1 14 36 -168 -32 0 0 -1 0 1 0 1 0 0 48336.dat
1 2 36 -176 -32 0 0 -1 0 1 0 1 0 0 3023.dat
1 15 16 -176 -2 0 0 1 0 1 0 -1 0 0 3665.dat
1 15 16 -176 -62 0 0 1 0 1 0 -1 0 0 3665.dat
1 2 56 -184 -62 0 0 -1 0 1 0 1 0 0 3005.dat
1 2 56 -184 -2 0 0 -1 0 1 0 1 0 0 3005.dat
1 27 36 -184 -2 -1 0 0 0 1 0 0 0 -1 87087.dat
1 27 36 -184 -62 1 0 0 0 1 0 0 0 1 87087.dat
1 14 36 -184 -32 -1 0 0 0 1 0 0 0 -1 3021.dat
1 15 16 -184 -2 -1 0 0 0 1 0 0 0 -1 3024.dat
1 15 16 -184 -62 -1 0 0 0 1 0 0 0 -1 3024.dat
1 2 56 -192 -32 0 0 -1 0 1 0 1 0 0 3710.dat
1 15 26 -192 -32 0 0 -1 0 1 0 1 0 0 3020.dat
1 15 16 -200 -32 0 0 -1 0 1 0 1 0 0 3710.dat
1 2 46 -200 -32 0 0 -1 0 1 0 1 0 0 3020.dat
1 15 -4 -200 -32 0 0 -1 0 1 0 1 0 0 3010.dat
1 2 26 -208 -22 1 0 0 0 1 0 0 0 1 3710.dat
1 2 26 -208 -42 1 0 0 0 1 0 0 0 1 3710.dat
1 2 56 -224 -2 1 0 0 0 1 0 0 0 1 3005.dat
1 2 56 -224 -62 1 0 0 0 1 0 0 0 1 3005.dat
1 27 36 -224 -62 1 0 0 0 1 0 0 0 1 87087.dat
1 27 36 -224 -2 -1 0 0 0 1 0 0 0 -1 87087.dat
1 4 46 -194 16 1 0 0 0 0 1 0 -1 0 43723.dat
1 4 46 -194 -80 -1 0 0 0 0 1 0 1 0 43722.dat
1 0 6 -216 -32 1 0 0 0 1 0 0 0 1 3022.dat
1 0 6 -224 -32 1 0 0 0 1 0 0 0 1 3022.dat
1 15 6 -224 -2 1 0 0 0 1 0 0 0 1 3700.dat
1 15 6 -224 -62 1 0 0 0 1 0 0 0 1 3700.dat
1 1 6 -214 -72 0 0 1 0 1 0 -1 0 0 4274.dat
1 1 6 -214 8 0 0 -1 0 1 0 1 0 0 4274.dat
1 15 16 -232 -32 0 0 1 0 1 0 -1 0 0 3710.dat
1 2 16 -240 -32 0 0 1 0 1 0 -1 0 0 3023.dat
1 2 16 -256 -22 0 0 -1 0 1 0 1 0 0 6005.dat
1 2 16 -240 -42 0 0 -1 0 1 0 1 0 0 6005.dat
1 2 36 -248 -2 0 0 -1 0 1 0 1 0 0 50950.dat
1 2 36 -248 -62 0 0 -1 0 1 0 1 0 0 50950.dat
1 15 -4 -232 -12 0 0 1 0 1 0 -1 0 0 44728.dat
1 15 -4 -232 -52 0 0 1 0 1 0 -1 0 0 44728.dat
1 15 6 -214 16 0 0 -1 1 0 0 0 -1 0 14769.dat
1 15 6 -214 -80 -1 0 0 0 0 1 0 1 0 14769.dat
1 15 -26 -222 -32 0 1 0 0 0 -1 -1 0 0 3710.dat
1 191 -50 -222 -32 0 1 0 0 0 -1 -1 0 0 3004.dat
1 0 -26 -192 -32 0 1 0 0 0 -1 -1 0 0 51739.dat
1 4 -34 -192 -32 0 1 0 0 0 -1 -1 0 0 48183.dat
1 191 -58 -192 -32 0 1 0 0 0 -1 -1 0 0 47753.dat
1 4 -4 -256 -42 0 0 1 0 1 0 -1 0 0 3045.dat
1 4 -4 -256 -22 -1 0 0 0 1 0 0 0 -1 3045.dat
1 0 6 -248 -22 0 0 -1 0 1 0 1 0 0 11477.dat
1 0 6 -248 -42 0 0 -1 0 1 0 1 0 0 11477.dat
1 4 66 -64 -32 0 0 1 0 1 0 -1 0 0 3176.dat
1 2 56 -72 -32 0 0 1 0 1 0 -1 0 0 3023.dat
1 4 96 -72 -52 0 0 1 0 1 0 -1 0 0 43723.dat
1 4 96 -72 -12 0 0 1 0 1 0 -1 0 0 43722.dat
1 15 66 -80 -22 -1 0 0 0 1 0 0 0 -1 92280.dat
1 15 66 -80 -42 -1 0 0 0 1 0 0 0 -1 92280.dat
1 2 96 -80 -32 0 0 -1 0 1 0 1 0 0 3023.dat
1 1 126 -88 -22 0 0 -1 0 1 0 1 0 0 61678.dat
1 1 126 -88 -42 0 0 -1 0 1 0 1 0 0 61678.dat
1 272 86 -80 -32 0 0 1 0 1 0 -1 0 0 15068.dat
1 27 11.654 -84.778 -107.456 -0.406 0.406 -0.819 -0.579 0.579 0.574 0.707 0.707 0 3623.dat
1 71 8.476 -106.73 -98.972 -0.819 0.406 0.406 0.574 0.579 0.579 0 0.707 -0.707 14704.dat
1 72 8.406 -89.41 -113.112 -0.819 0.406 0.406 0.574 0.579 0.579 0 0.707 -0.707 3024.dat
1 2 19.914 -107.838 -93.316 0.406 0.406 0.819 0.579 0.579 -0.574 -0.707 0.707 0 2420.dat
1 1 16.526 -77.83 -127.252 0.819 0.406 -0.406 -0.574 0.579 -0.579 0 0.707 0.707 60897.dat
1 1 24.786 -100.89 -113.112 0.819 0.406 -0.406 -0.574 0.579 -0.579 0 0.707 0.707 60897.dat
1 1 33.046 -123.95 -98.972 0.819 0.406 -0.406 -0.574 0.579 -0.579 0 0.707 0.707 60897.dat
1 27 5.158 -94.042 -118.768 0.406 0.406 0.819 0.579 0.579 -0.574 -0.707 0.707 0 3623.dat
1 2 13.418 -117.102 -104.628 0.406 0.406 0.819 0.579 0.579 -0.574 -0.707 0.707 0 2420.dat
1 27 10.1 -104.414 -124.424 0.819 0.406 -0.406 -0.574 0.579 -0.579 0 0.707 0.707 43723.dat
1 27 11.654 -84.778 43.456 -0.406 0.406 0.819 -0.579 0.579 -0.574 -0.707 -0.707 0 3623.dat
1 71 8.476 -106.73 34.972 0.819 0.406 0.406 -0.574 0.579 0.579 0 -0.707 0.707 14704.dat
1 72 8.406 -89.41 49.112 0.819 0.406 0.406 -0.574 0.579 0.579 0 -0.707 0.707 3024.dat
1 2 19.914 -107.838 29.316 0.819 0.406 0.406 -0.574 0.579 0.579 0 -0.707 0.707 2420.dat
1 1 16.526 -77.83 63.252 -0.819 0.406 -0.406 0.574 0.579 -0.579 0 -0.707 -0.707 60897.dat
1 1 24.786 -100.89 49.112 -0.819 0.406 -0.406 0.574 0.579 -0.579 0 -0.707 -0.707 60897.dat
1 1 33.046 -123.95 34.972 -0.819 0.406 -0.406 0.574 0.579 -0.579 0 -0.707 -0.707 60897.dat
1 27 5.158 -94.042 54.768 0.406 0.406 -0.819 0.579 0.579 0.574 0.707 -0.707 0 3623.dat
1 2 13.418 -117.102 40.628 0.819 0.406 0.406 -0.574 0.579 0.579 0 -0.707 0.707 2420.dat
1 27 10.1 -104.414 60.424 -0.819 0.406 -0.406 0.574 0.579 -0.579 0 -0.707 -0.707 43722.dat
1 27 59.55 -79.398 -156.306 -0.604 0.686 0.406 -0.411 -0.704 0.579 0.683 0.183 0.707 3623.dat
1 1 48.022 -77.876 -150.94 -0.604 0.686 0.406 -0.411 -0.704 0.579 0.683 0.183 0.707 60478.dat
1 1 66.694 -55.804 -179.724 -0.406 0.686 -0.604 -0.579 -0.704 -0.411 -0.707 0.183 0.683 61678.dat
1 2 36.494 -76.354 -145.574 -0.406 0.686 -0.604 -0.579 -0.704 -0.411 -0.707 0.183 0.683 3070.dat
1 27 73.026 -110.797 -138.315 -0.761 0.507 0.406 -0.215 -0.786 0.579 0.612 0.354 0.707 3623.dat
1 1 61.36 -106.659 -135.027 -0.761 0.507 0.406 -0.215 -0.786 0.579 0.612 0.354 0.707 60478.dat
1 1 87.744 -91.771 -162.339 -0.406 0.507 -0.761 -0.579 -0.786 -0.215 -0.707 0.354 0.612 61678.dat
1 2 49.694 -102.521 -131.739 -0.406 0.507 -0.761 -0.579 -0.786 -0.215 -0.707 0.354 0.612 3070.dat
1 27 44.148 -48.832 -172.51 -0.406 0.819 0.406 -0.579 -0.574 0.579 0.707 0 0.707 3623.dat
1 1 33.536 -50.03 -165.44 -0.406 0.819 0.406 -0.579 -0.574 0.579 0.707 0 0.707 60478.dat
1 1 43.224 -22.278 -193.72 -0.406 0.819 -0.406 -0.579 -0.574 -0.579 -0.707 0 0.707 61678.dat
1 2 22.924 -51.228 -158.37 -0.406 0.819 -0.406 -0.579 -0.574 -0.579 -0.707 0 0.707 3070.dat
1 27 59.55 -79.398 92.306 -0.604 0.686 -0.406 -0.411 -0.704 -0.579 -0.683 -0.183 0.707 3623.dat
1 1 48.022 -77.876 86.94 -0.604 0.686 -0.406 -0.411 -0.704 -0.579 -0.683 -0.183 0.707 60478.dat
1 1 66.694 -55.804 115.724 0.406 0.686 -0.604 0.579 -0.704 -0.411 -0.707 -0.183 -0.683 61678.dat
1 2 36.494 -76.354 81.574 0.406 0.686 -0.604 0.579 -0.704 -0.411 -0.707 -0.183 -0.683 3070.dat
1 27 73.026 -110.797 74.315 -0.761 0.507 -0.406 -0.215 -0.786 -0.579 -0.612 -0.354 0.707 3623.dat
1 1 61.36 -106.659 71.027 -0.761 0.507 -0.406 -0.215 -0.786 -0.579 -0.612 -0.354 0.707 60478.dat
1 1 87.744 -91.771 98.339 0.406 0.507 -0.761 0.579 -0.786 -0.215 -0.707 -0.354 -0.612 61678.dat
1 2 49.694 -102.521 67.739 0.406 0.507 -0.761 0.579 -0.786 -0.215 -0.707 -0.354 -0.612 3070.dat
1 27 44.148 -48.832 108.51 -0.406 0.819 -0.406 -0.579 -0.574 -0.579 -0.707 0 0.707 3623.dat
1 1 33.536 -50.03 101.44 -0.406 0.819 -0.406 -0.579 -0.574 -0.579 -0.707 0 0.707 60478.dat
1 1 43.224 -22.278 129.72 0.406 0.819 -0.406 0.579 -0.574 -0.579 -0.707 0 -0.707 61678.dat
1 2 22.924 -51.228 94.37 0.406 0.819 -0.406 0.579 -0.574 -0.579 -0.707 0 -0.707 3070.dat
