0 Main
0 Name: 4349-1 - Wild Pod - Dragon Fly.mpd
0 Author: LTRON
1 70 0 0 0 0 0 1 0 1 0 -1 0 0 3021.dat
1 0 0 -8 10 0 0 1 0 1 0 -1 0 0 3022.dat
1 0 0 -8 -20 1 0 0 0 1 0 0 0 1 3839.dat
1 70 0 -16 0 0 0 1 0 1 0 -1 0 0 3021.dat
1 25 -10 -24 -10 0 0 1 0 1 0 -1 0 0 44567.dat
1 25 10 -24 -10 0 0 -1 0 1 0 1 0 0 44567.dat
1 25 0 -24 20 -1 0 0 0 1 0 0 0 -1 44567.dat
1 4 0 -48 0 -1 0 0 0 1 0 0 0 -1 3039.dat
1 70 0 -42 86 0 0 1 0.5 0.866025 0 -0.866025 0.5 0 3710.dat
1 4 0 -38.9282 64.6795 0 0 1 0.5 0.866025 0 -0.866025 0.5 0 44302.dat
1 4 0 -58.9282 99.3205 0 0 -1 -0.5 0.866025 0 0.866025 0.5 0 44302.dat
1 15 0 -70.8564 103.9808 0 0 1 0.5 0.866025 0 -0.866025 0.5 0 6141.dat
1 4 -10 -32 -20 1 0 0 0 1 0 0 0 1 4081.dat
1 4 10 -32 -20 1 0 0 0 1 0 0 0 1 4081.dat
1 4 -55 -39 -10 0.866025 -0.5 0 0.5 0.866025 0 0 0 1 44302.dat
1 4 -68.3205 -55.9282 -20 0 -0.5 -0.866024 0 0.866025 -0.499999 0.999999 0 0 41769.dat
1 25 -90.3012 -77.8564 -20 0 -0.5 -0.866024 0 0.866025 -0.499999 0.999999 0 0 43722.dat
1 25 0 -40 -20 1 0 0 0 1 0 0 0 1 3023.dat
1 4 55 -39 -10 -0.866025 0.5 0 0.5 0.866025 0 0 0 -1 44302.dat
1 4 68.3205 -55.9282 -20 0 0.5 0.866025 0 0.866025 -0.5 -1 0 0 41770.dat
1 25 90.3012 -77.8564 -20 0 0.5 0.866025 0 0.866025 -0.5 -1 0 0 43723.dat
1 4 10 -48 -20 1 0 0 0 1 0 0 0 1 4592.dat
1 4 -10 -48 -20 1 0 0 0 1 0 0 0 1 4592.dat
1 0 10 -48 -20 1 0 0 0 0.707107 0.707107 0 -0.707107 0.707107 4593.dat
1 0 -10 -48 -20 1 0 0 0 0.707107 0.707107 0 -0.707107 0.707107 4593.dat
1 25 22 -30 -40 0 -1 0 1 0 0 0 0 1 6141.dat
1 15 30 -30 -40 0 -1 0 1 0 0 0 0 1 4740.dat
1 0 38 -30 -40 0 -1 0 1 0 0 0 0 1 6141.dat
1 25 -22 -30 -40 0 1 0 -1 0 0 0 0 1 6141.dat
1 15 -30 -30 -40 0 1 0 -1 0 0 0 0 1 4740.dat
1 0 -38 -30 -40 0 1 0 -1 0 0 0 0 1 6141.dat
