0 
0 Name: New Model.ldr
0 Author: 
1 0 300 -15 -130 -0.5 0.009 0.866 0.017 1 0 -0.866 0.015 -0.5 2420.dat
1 15 299.928 -23 -130.12 -0.866 0.009 -0.5 0 1 0.017 0.5 0.015 -0.866 3623.dat
1 0 284.928 -22.49 -156.1 -0.5 0.009 0.866 0.017 1 0 -0.866 0.015 -0.5 18677.dat
1 15 289.856 -30.66 -147.56 0.5 0.009 -0.866 -0.017 1 0 0.866 0.015 0.5 3623.dat
1 71 299.784 -39 -130.36 0.5 0.009 -0.866 -0.017 1 0 0.866 0.015 0.5 6141.dat
1 0 312.176 -30.83 -148.9 0.5 0.009 -0.866 -0.017 1 0 0.866 0.015 0.5 3023.dat
1 0 277.536 -30.83 -128.9 0.5 0.009 -0.866 -0.017 1 0 0.866 0.015 0.5 3023.dat
1 15 289.784 -38.66 -147.68 0.866 0.009 0.5 0 1 -0.017 -0.5 0.015 0.866 3623.dat
1 71 322.104 -39.17 -131.7 0.5 0.009 -0.866 -0.017 1 0 0.866 0.015 0.5 18677.dat
1 71 287.464 -39.17 -111.7 0.5 0.009 -0.866 -0.017 1 0 0.866 0.015 0.5 18677.dat
1 15 271.124 -38.32 -160 0.866 0.009 0.5 0 1 -0.017 -0.5 0.015 0.866 99780.dat
1 15 268.766 -39.946 -184.082 0.866 0.5 -0.009 0 -0.017 -1 -0.5 0.866 -0.015 34103.dat
1 15 297.104 -38.32 -175 0.866 0.009 0.5 0 1 -0.017 -0.5 0.015 0.866 36840.dat
1 0 264.766 -39.81 -191.01 0.866 0.5 -0.009 0 -0.017 -1 -0.5 0.866 -0.015 35480.dat
1 71 292.248 -63.34 -103.4 -0.5 0.009 0.866 0.017 1 0 -0.866 0.015 -0.5 6541.dat
1 71 326.888 -63.34 -123.4 -0.5 0.009 0.866 0.017 1 0 -0.866 0.015 -0.5 6541.dat
1 1 309.658 -53.34 -113.25 -0.866 0.009 -0.5 0 1 0.017 0.5 0.015 -0.866 6558.dat
1 0 279.658 -52.32 -165.21 -0.009 0.866 0.5 -1 0 -0.017 -0.015 -0.5 0.866 32526.dat
1 1 319.658 -53.68 -95.93 -0.866 0.009 -0.5 0 1 0.017 0.5 0.015 -0.866 6558.dat
1 3 336.978 -53.68 -105.93 -0.009 -0.866 -0.5 -1 0 0.017 -0.015 0.5 -0.866 18654.dat
1 3 302.338 -53.68 -85.93 -0.009 -0.866 -0.5 -1 0 0.017 -0.015 0.5 -0.866 18654.dat
1 3 272.248 -62.66 -138.04 -0.5 0.009 0.866 0.017 1 0 -0.866 0.015 -0.5 3622.dat
1 3 306.888 -62.66 -158.04 -0.5 0.009 0.866 0.017 1 0 -0.866 0.015 -0.5 3622.dat
1 15 279.496 -70.32 -165.48 0.866 0.009 0.5 0 1 -0.017 -0.5 0.015 0.866 3623.dat
1 15 299.496 -71 -130.84 0.866 0.009 0.5 0 1 -0.017 -0.5 0.015 0.866 11212.dat
1 15 277.104 -78.83 -129.62 -0.5 0.009 0.866 0.017 1 0 -0.866 0.015 -0.5 2431.dat
1 15 311.744 -78.83 -149.62 -0.5 0.009 0.866 0.017 1 0 -0.866 0.015 -0.5 2431.dat
1 15 289.424 -78.66 -148.28 -0.5 0.009 0.866 0.017 1 0 -0.866 0.015 -0.5 63864.dat
1 15 309.424 -79.34 -113.64 -0.5 0.009 0.866 0.017 1 0 -0.866 0.015 -0.5 3024.dat
1 71 335.854 -29.34 -127.89 -0.866 0.009 -0.5 0 1 0.017 0.5 0.015 -0.866 3673.dat
1 71 283.894 -29.34 -97.89 -0.866 0.009 -0.5 0 1 0.017 0.5 0.015 -0.866 3673.dat
1 0 344.514 -29.34 -132.89 -0.009 0.5 -0.866 -1 -0.017 0 -0.015 0.866 0.5 13971.dat
1 256 344.514 -29.34 -132.89 -0.009 0.5 -0.866 -1 -0.017 0 -0.015 0.866 0.5 61254.dat
1 256 275.234 -29.34 -92.89 -0.009 -0.5 0.866 -1 0.017 0 -0.015 -0.866 -0.5 61254.dat
1 0 275.234 -29.34 -92.89 -0.009 -0.5 0.866 -1 0.017 0 -0.015 -0.866 -0.5 13971.dat
1 43 309.352 -87.34 -113.76 -0.866 0.009 -0.5 0 1 0.017 0.5 0.015 -0.866 98138.dat
1 71 280.018 -12.32 -164.61 -0.866 0.009 -0.5 0 1 0.017 0.5 0.015 -0.866 4519.dat
1 0 297.338 -12.32 -174.61 -0.009 -0.866 -0.5 -1 0 0.017 -0.015 0.5 -0.866 32474.dat
1 0 262.698 -12.32 -154.61 0.009 0.866 -0.5 1 0 0.017 0.015 -0.5 -0.866 32474.dat
1 0 319.298 -93.68 -96.53 0.866 0.052464 0.497217 0 0.994521 -0.103932 -0.5 0.090282 0.861231 3705.dat
1 0 283.3737 -91.6014 -98.7546 -0.866 0.052464 -0.497217 0 0.994521 0.103932 0.5 0.090282 -0.861231 32039.dat
1 71 306.308 -93.68 -89.03 0.497217 0.052464 -0.866 -0.103932 0.994521 0 0.861231 0.090282 0.5 32123.dat
1 72 260.0045 -86.7166 -139.2325 -0.497217 0.052464 0.866 0.103932 0.994521 0 -0.861231 0.090282 -0.5 59426.dat
1 0 227.6853 -79.961 -195.2125 0.866 -0.052464 -0.497217 0 -0.994521 0.103932 -0.5 -0.090282 -0.861231 32014.dat
1 0 215.9167 -17.1718 -215.6325 -0.497217 0.866 -0.052464 0.103932 0 -0.994521 -0.861231 -0.5 -0.090282 32062.dat
1 0 230.8332 -20.2897 -189.7956 0.866 0.052464 0.497217 0 0.994521 -0.103932 -0.5 0.090282 0.861231 32014.dat
1 15 201.0002 -14.0538 -241.4694 0.052464 0.866 -0.497217 0.994521 0 0.103932 0.090282 -0.5 -0.861231 32192.dat
1 71 162.4429 -11.1142 -251.6865 -0.963794 -0.26073 0.052464 0.07348 -0.07348 0.994521 -0.25539 0.96239 0.090282 4519.dat
1 0 239.4932 -20.2897 -194.7956 -0.866 0.497217 0.052464 0 -0.103932 0.994521 0.5 0.861231 0.090282 2780.dat
1 15 256.8132 -20.2897 -204.7956 -0.866 -0.052464 0.497217 0 -0.994521 -0.103932 0.5 -0.090282 0.861231 62462.dat
1 0 274.1332 -20.2897 -214.7956 -0.866 0.497217 0.052464 0 -0.103932 0.994521 0.5 0.861231 0.090282 2780.dat
1 0 236.3454 -79.961 -200.2125 -0.866 0.497217 0.052464 0 -0.103932 0.994521 0.5 0.861231 0.090282 2780.dat
1 15 253.6654 -79.961 -210.2125 -0.866 -0.052464 0.497217 0 -0.994521 -0.103932 0.5 -0.090282 0.861231 62462.dat
1 0 270.9854 -79.961 -220.2125 -0.866 0.497217 0.052464 0 -0.103932 0.994521 0.5 0.861231 0.090282 2780.dat
1 71 332.288 -93.68 -104.03 -0.497217 0.052464 0.866 0.103932 0.994521 0 -0.861231 0.090282 -0.5 32123.dat
1 0 335.3336 -91.6014 -128.7546 -0.866 0.052464 -0.497217 0 0.994521 0.103932 0.5 0.090282 -0.861231 32039.dat
1 72 311.9644 -86.7166 -169.2325 -0.497217 0.052464 0.866 0.103932 0.994521 0 -0.861231 0.090282 -0.5 59426.dat
1 0 279.6454 -79.961 -225.2125 0.866 -0.052464 -0.497217 0 -0.994521 0.103932 -0.5 -0.090282 -0.861231 32014.dat
1 0 267.8767 -17.1718 -245.6325 0.497217 -0.866 -0.052464 -0.103932 0 -0.994521 0.861231 0.5 -0.090282 32062.dat
1 0 282.7932 -20.2897 -219.7956 0.866 0.052464 0.497217 0 0.994521 -0.103932 -0.5 0.090282 0.861231 32014.dat
1 15 252.9602 -14.0538 -271.4694 -0.052464 -0.866 -0.497217 -0.994521 0 0.103932 -0.090282 0.5 -0.861231 32192.dat
1 71 263.3908 -11.1142 -309.9705 -0.26073 0.963794 0.052464 -0.07348 -0.07348 0.994521 0.96239 0.25539 0.090282 4519.dat
1 4 242.5052 -20.3004 -229.5767 0.866 0.497217 -0.052464 0 -0.103932 -0.994521 -0.5 0.861231 -0.090282 54821.dat
