0 Main
0 Name: 41637 - Sweet Mayhem.mpd
0 Author: LTRON
1 15 0 -8 0 1 0 0 0 1 0 0 0 1 3031.dat
1 15 0 -16 30 1 0 0 0 1 0 0 0 1 2412.dat
1 15 0 -16 -20 1 0 0 0 1 0 0 0 1 3020.dat
1 15 0 -16 10 1 0 0 0 1 0 0 0 1 3710.dat
1 3 0 -24 0 1 0 0 0 1 0 0 0 1 4032.dat
1 4 0 -48 0 1 0 0 0 1 0 0 0 1 3941.dat
1 14 0 -56 10 -1 0 0 0 1 0 0 0 -1 44728.dat
1 3 0 -56 -10 1 0 0 0 1 0 0 0 1 3023.dat
1 15 -30 -32 30 1 0 0 0 1 0 0 0 1 3005.dat
1 15 -30 -56 30 1 0 0 0 1 0 0 0 1 3005.dat
1 15 30 -32 30 1 0 0 0 1 0 0 0 1 3005.dat
1 15 30 -56 30 1 0 0 0 1 0 0 0 1 3005.dat
1 71 30 -56 0 0 0 -1 0 1 0 1 0 0 22885.dat
1 3 48 -26 0 0 -1 0 0 0 -1 1 0 0 3023.dat
1 15 64 -46 0 0 -1 0 0 0 1 -1 0 0 37352.dat
1 15 56 -26 0 0 -1 0 0 0 -1 1 0 0 11476.dat
1 71 -30 -56 0 0 0 1 0 1 0 -1 0 0 22885.dat
1 3 -48 -26 0 0 1 0 0 0 -1 -1 0 0 3023.dat
1 15 -64 -46 0 0 1 0 0 0 1 1 0 0 37352.dat
1 15 -56 -26 0 0 1 0 0 0 -1 -1 0 0 63868.dat
1 15 0 -40 -30 1 0 0 0 1 0 0 0 1 3010.dat
1 15 0 -48 -30 1 0 0 0 1 0 0 0 1 3710.dat
1 15 0 -56 -30 1 0 0 0 1 0 0 0 1 3710.dat
1 15 0 -64 20 1 0 0 0 1 0 0 0 1 3020.dat
1 15 -30 -64 -10 0 0 1 0 1 0 -1 0 0 2420.dat
1 15 30 -64 -10 -1 0 0 0 1 0 0 0 -1 2420.dat
1 0 0 -64 -30 1 0 0 0 1 0 0 0 1 32028.dat
1 71 0 -104 -30 1 0 0 0 1 0 0 0 1 22885.dat
1 71 -30 -104 -20 0 0 1 0 1 0 -1 0 0 22885.dat
1 71 -30 -104 20 0 0 1 0 1 0 -1 0 0 22885.dat
1 71 0 -104 30 -1 0 0 0 1 0 0 0 -1 22885.dat
1 71 30 -104 20 0 0 -1 0 1 0 1 0 0 22885.dat
1 71 30 -104 -20 0 0 -1 0 1 0 1 0 0 22885.dat
1 2 0 -88 0 1 0 0 0 1 0 0 0 1 3003.dat
1 2 0 -112 0 1 0 0 0 1 0 0 0 1 3003.dat
1 3 0 -120 0 1 0 0 0 1 0 0 0 1 4032.dat
1 29 0 -144 0 1 0 0 0 1 0 0 0 1 3003.dat
1 71 20 -144 -30 1 0 0 0 1 0 0 0 1 22885.dat
1 71 -20 -144 -30 1 0 0 0 1 0 0 0 1 22885.dat
1 71 -30 -144 0 0 0 1 0 1 0 -1 0 0 22885.dat
1 71 -20 -144 30 -1 0 0 0 1 0 0 0 -1 22885.dat
1 71 20 -144 30 -1 0 0 0 1 0 0 0 -1 22885.dat
1 71 30 -144 0 0 0 -1 0 1 0 1 0 0 22885.dat
1 15 0 -152 0 1 0 0 0 1 0 0 0 1 3020.dat
1 15 0 -152 30 1 0 0 0 1 0 0 0 1 15573.dat
1 15 0 -152 -30 1 0 0 0 1 0 0 0 1 15573.dat
1 15 -30 -144 0 1 0 0 0 1 0 0 0 1 93273.dat
1 15 30 -144 0 1 0 0 0 1 0 0 0 1 93273.dat
1 15 0 -160 10 1 0 0 0 1 0 0 0 1 15573.dat
1 15 0 -160 -10 1 0 0 0 1 0 0 0 1 15573.dat
1 26 0 -160 30 1 0 0 0 1 0 0 0 1 3024.dat
1 26 0 -160 -30 1 0 0 0 1 0 0 0 1 3024.dat
1 15 0 -124 -48 1 0 0 0 0 -1 0 1 0 3020.dat
1 15 0 -94 -48 1 0 0 0 0 -1 0 1 0 3710.dat
1 26 0 -74 -48 1 0 0 0 0 -1 0 1 0 3023.dat
1 0 0 -74 -56 1 0 0 0 0 -1 0 1 0 2431.dat
1 15 -30 -74 -48 1 0 0 0 0 -1 0 1 0 3024.dat
1 15 30 -74 -48 0 0 -1 -1 0 0 0 1 0 36840.dat
1 15 -30 -134 -56 1 0 0 0 0 -1 0 1 0 3070.dat
1 15 30 -134 -56 1 0 0 0 0 -1 0 1 0 3070.dat
1 15 0 -134 -56 1 0 0 0 0 -1 0 1 0 15573.dat
1 15 -20 -104 -56 -1 0 0 0 0 1 0 1 0 35787.dat
1 15 20 -104 -56 0 0 1 1 0 0 0 1 0 35787.dat
1 0 -20 -104 -56 1 0 0 0 0 -1 0 1 0 35787.dat
1 0 20 -104 -56 0 0 -1 -1 0 0 0 1 0 35787.dat
1 26 0 -134 -64 1 0 0 0 0 -1 0 1 0 49668.dat
1 29 -48 -104 0 0 1 0 -1 0 0 0 0 1 87580.dat
1 15 -48 -104 30 0 1 0 -1 0 0 0 0 1 2431.dat
1 15 -48 -104 -30 0 1 0 -1 0 0 0 0 1 2431.dat
1 15 -48 -134 0 0 1 0 0 0 -1 -1 0 0 3023.dat
1 15 -48 -74 0 0 1 0 0 0 -1 -1 0 0 3023.dat
1 15 -56 -104 0 0 1 0 -0.93969 0 -0.34202 -0.34202 0 0.93969 4032.dat
1 26 -56 -114 -10 0 1 0 -1 0 0 0 0 1 27925.dat
1 26 -56 -94 -10 0 1 0 0 0 -1 -1 0 0 27925.dat
1 26 -56 -94 10 0 1 0 1 0 0 0 0 -1 27925.dat
1 26 -56 -114 10 0 1 0 0 0 1 1 0 0 27925.dat
1 15 -64 -109.9767 -12.8171 0 1 0 -0.93969 0 -0.34202 -0.34202 0 0.93969 25269.dat
1 15 -64 -91.1829 -5.9767 0 1 0 0.34202 0 -0.93969 -0.93969 0 -0.34202 25269.dat
1 15 -64 -117.6808 37.5877 0 1 0 0.93969 0 0.34202 0.34202 0 -0.93969 41770.dat
1 29 48 -104 0 0 -1 0 -1 0 0 0 0 -1 87580.dat
1 15 48 -104 -30 0 -1 0 -1 0 0 0 0 -1 2431.dat
1 15 48 -104 30 0 -1 0 -1 0 0 0 0 -1 2431.dat
1 15 48 -134 0 0 -1 0 0 0 -1 1 0 0 3023.dat
1 15 48 -74 0 0 -1 0 0 0 -1 1 0 0 3023.dat
1 15 56 -104 0 0 -1 0 0.93969 0 -0.34202 0.34202 0 0.93969 4032.dat
1 26 56 -114 10 0 -1 0 -1 0 0 0 0 -1 27925.dat
1 26 56 -94 10 0 -1 0 0 0 -1 1 0 0 27925.dat
1 26 56 -94 -10 0 -1 0 1 0 0 0 0 1 27925.dat
1 26 56 -114 -10 0 -1 0 0 0 1 -1 0 0 27925.dat
1 15 64 -91.1828 -5.9767 0 -1 0 0.93969 0 -0.34202 0.34202 0 0.93969 25269.dat
1 15 64 -109.9767 -12.8171 0 -1 0 0.34202 0 0.93969 -0.93969 0 0.34202 25269.dat
1 15 64 -117.6807 37.5877 0 -1 0 -0.93969 0 0.34202 -0.34202 0 -0.93969 41769.dat
1 15 0 -104 48 1 0 0 0 0 1 0 -1 0 3031.dat
1 15 0 -124 56 1 0 0 0 0 1 0 -1 0 87079.dat
1 15 0 -84 56 1 0 0 0 0 1 0 -1 0 87079.dat
1 15 0 0 0 1 0 0 0 1 0 0 0 1 3020.dat
1 5 58 0.55 1.45 0 -1 0 -1 0 0 0 0 -1 39739.dat
1 15 -30 24 0 0 0 1 0 1 0 -1 0 0 3023.dat
1 26 -30 16 0 0 0 1 0 1 0 -1 0 0 3023.dat
1 15 -30 8 0 0 0 1 0 1 0 -1 0 0 3023.dat
1 15 30 24 0 0 0 1 0 1 0 -1 0 0 3023.dat
1 26 30 16 0 0 0 1 0 1 0 -1 0 0 3023.dat
1 15 30 8 0 0 0 1 0 1 0 -1 0 0 3023.dat
1 26 0 -168 20 0 0 1 0 1 0 -1 0 0 3023.dat
1 26 0 -168 -10 1 0 0 0 1 0 0 0 1 3024.dat
1 26 0 -176 -30 1 0 0 0 1 0 0 0 1 6091.dat
1 26 0 -168 50 -1 0 0 0 1 0 0 0 -1 3665.dat
1 26 0 -176 20 0 0 1 0 1 0 -1 0 0 6636.dat
1 15 0 -46 55.9441 -1 0 0 0 0 1 0 1 0 32803.dat
1 71 10 -26 55.9441 0 0 -1 -1 0 0 0 1 0 60897.dat
1 71 -10 -26 55.9441 0 0 1 1 0 0 0 1 0 60897.dat
1 15 -20 -56 47.9441 0.42262 0 -0.90631 -0.90631 0 -0.42262 0 1 0 2429.dat
1 15 -20 -56 47.9441 0 0 1 1 0 0 0 1 0 2430.dat
1 15 20 -56 47.9441 0 0 -1 -1 0 0 0 1 0 2429.dat
1 15 20 -56 47.9441 0.42262 0 0.90631 0.90631 0 -0.42262 0 1 0 2430.dat
1 71 0 -36 39.9441 -1 0 0 0 0 1 0 1 0 3022.dat
1 15 45.3524 -1.6214 47.9441 0.90631 0 -0.42262 -0.42262 0 -0.90631 0 1 0 24307.dat
1 302 45.9631 -23.9738 39.9441 -0.42262 0 -0.90631 -0.90631 0 0.42262 0 1 0 2431.dat
1 15 -45.3524 -1.6214 47.9441 0.90631 0 0.42262 0.42262 0 -0.90631 0 1 0 24299.dat
1 302 -45.9631 -23.9738 39.9441 0.42262 0 -0.90631 -0.90631 0 -0.42262 0 1 0 2431.dat
1 70 10 -26 31.9441 -1 0 0 0 0 1 0 1 0 20482.dat
1 70 -10 -26 31.9441 -1 0 0 0 0 1 0 1 0 20482.dat
1 70 -10 -46 31.9441 -1 0 0 0 0 1 0 1 0 20482.dat
1 70 10 -46 31.9441 -1 0 0 0 0 1 0 1 0 20482.dat
1 15 -44.7516 -64.5019 72 -0.81915 0 0.57358 0.57358 0 0.81915 0 1 0 24201.dat
1 15 -41.4715 -42.3831 72 0.81915 0 -0.57358 -0.57358 0 -0.81915 0 1 0 88072.dat
1 302 -50.4874 -72.6934 64 -0.57358 0 -0.81915 -0.81915 0 0.57358 0 1 0 2431.dat
1 15 -55.3988 -44.8388 80 -0.81915 0 0.57358 0.57358 0 0.81915 0 1 0 29120.dat
1 15 44.7514 -64.502 72 -0.81915 0 -0.57358 -0.57358 0 0.81915 0 1 0 24201.dat
1 15 41.4713 -42.3832 72 0.81915 0 0.57358 0.57358 0 -0.81915 0 1 0 88072.dat
1 302 50.4872 -72.6935 64 0.57358 0 -0.81915 -0.81915 0 -0.57358 0 1 0 2431.dat
1 15 55.3986 -44.8389 80 -0.81915 0 -0.57358 -0.57358 0 0.81915 0 1 0 29119.dat
1 15 -54 -26.9365 -29.9105 1 0 0 0 1 0 0 0 1 13608.dat
1 15 -54 -51.6086 -61.019 -1 0 0 0 -0.30902 -0.95106 0 -0.95106 0.30902 20482.dat
1 37 -54 -54.0807 -68.6274 -1 0 0 0 -0.30902 -0.95106 0 -0.95106 0.30902 6141.dat
1 0 0 32 -10 1 0 0 0 1 0 0 0 1 41740.dat
1 0 0 32 -30 1 0 0 0 1 0 0 0 1 2431.dat
1 0 0 32 20 1 0 0 0 1 0 0 0 1 87079.dat
1 0 0 40 0 1 0 0 0 1 0 0 0 1 3958.dat
