0 Main
0 Name: 8002 - Destroyer Droid.mpd
0 Author: LTRON
1 8 0 -157.465 34.665 0 1 0 -0.999 0 -0.035 -0.035 0 0.999 32009.dat
1 7 10 -154.665 -45.255 1 0 0 0 0.258248 -0.965264 0 0.965264 0.258248 3749.dat
1 0 0 -151.865 -125.175 1 0 0 0 -0.035 -0.999 0 0.999 -0.035 32062.dat
1 0 10 -197.425 33.265 1 0 0 0 -0.035 -0.999 0 0.999 -0.035 2780.dat
1 0 10 -217.405 32.565 1 0 0 0 -0.035 -0.999 0 0.999 -0.035 2780.dat
1 7 10 -237.385 31.865 -1 0 0 0 -0.035 0.999 0 0.999 0.035 3749.dat
1 0 -50 -151.165 -145.155 -1 0 0 0 -0.035 0.999 0 0.999 0.035 3707.dat
1 7 0 -151.165 -145.155 0 0 -1 0.035 -0.999 0 -0.999 -0.035 0 3713.dat
1 8 -15 -152.565 -105.195 0 -1 0 -0.999 0 0.035 -0.035 0 -0.999 32056.dat
1 7 -25 -151.165 -145.155 0 0 -1 -0.999 -0.035 0 -0.035 0.999 0 32123.dat
1 0 -50 -110.505 -163.735 -1 0 0 0 0.999 0.035 0 0.035 -0.999 3707.dat
1 8 -20 -110.505 -163.735 -1 0 0 0 -0.035 0.999 0 0.999 0.035 6536.dat
1 8 -35 -150.465 -165.135 0 1 0 -0.035 0 0.999 0.999 0 0.035 32056.dat
1 0 -50 -150.465 -165.135 1 0 0 0 0.035 0.999 0 -0.999 0.035 4519.dat
1 0 -50 -151.865 -125.175 1 0 0 0 0.035 0.999 0 -0.999 0.035 32062.dat
1 8 -50 -152.565 -105.195 0 1 0 0.999 0 0.035 0.035 0 -0.999 32140.dat
1 7 -50 -110.505 -163.735 0 0 -1 0.999 0.035 0 0.035 -0.999 0 3713.dat
1 8 -65 -150.465 -165.135 0 1 0 -0.035 0 0.999 0.999 0 0.035 32056.dat
1 8 -80 -110.505 -163.735 -1 0 0 0 -0.035 0.999 0 0.999 0.035 6536.dat
1 0 -50 -130.485 -164.435 1 0 0 0 0.035 0.999 0 -0.999 0.035 4519.dat
1 6 -25 -170.445 -165.835 0 -1 0 0.035 0 0.999 -0.999 0 0.035 6632.dat
1 0 -50 -170.445 -165.835 1 0 0 0 0.035 0.999 0 -0.999 0.035 4519.dat
1 7 -35 -170.445 -165.835 0 0 -1 -0.035 0.999 0 0.999 0.035 0 32123.dat
1 0 -50 -169.745 -185.815 -1 0 0 0 -0.035 0.999 0 0.999 0.035 32184.dat
1 7 -65 -170.445 -165.835 0 0 -1 -0.035 0.999 0 0.999 0.035 0 32123.dat
1 6 -75 -170.445 -165.835 0 -1 0 0.035 0 0.999 -0.999 0 0.035 6632.dat
1 7 -50 -159.755 -185.465 0 0 1 0.999 -0.035 0 0.035 0.999 0 3749.dat
1 7 -50 -154.76 -185.29 0 1 0 -0.035 0 0.999 0.999 0 0.035 32123.dat
1 7 -50 -144.77 -184.94 0 1 0 -0.035 0 0.999 0.999 0 0.035 32123.dat
1 8 0 -130.485 -164.435 -1 0 0 0 0.035 -0.999 0 -0.999 -0.035 32039.dat
1 8 -100 -130.485 -164.435 -1 0 0 0 0.035 -0.999 0 -0.999 -0.035 32039.dat
1 7 -75 -151.165 -145.155 0 0 -1 -0.035 0.999 0 0.999 0.035 0 32123.dat
1 0 -50 -133.11 -89.51 0 0 -1 0.999 0.035 0 0.035 -0.999 0 32063.dat
1 0 -50 -133.46 -79.52 0 0 -1 0.999 0.035 0 0.035 -0.999 0 32063.dat
1 0 -20 -133.635 -74.525 0 -1 0 0.035 0 0.999 -0.999 0 0.035 6628.dat
1 0 -80 -133.635 -74.525 0 -1 0 0.035 0 0.999 -0.999 0 0.035 6628.dat
1 0 -40 -133.635 -74.525 0 -1 0 0.035 0 0.999 -0.999 0 0.035 2780.dat
1 0 -60 -133.635 -74.525 0 -1 0 0.035 0 0.999 -0.999 0 0.035 2780.dat
1 8 -50 -153.965 -65.235 -1 0 0 0 0.999 0.035 0 0.035 -0.999 32291.dat
1 0 -50 -153.965 -65.235 -1 0 0 0 0.999 0.035 0 0.035 -0.999 32062.dat
1 8 -35 -153.965 -65.235 0 1 0 -0.999 0 -0.035 -0.035 0 0.999 32056.dat
1 0 -50 -155.365 -25.275 1 0 0 0 0.035 0.999 0 -0.999 0.035 3706.dat
1 7 -50 -155.365 -25.275 0 0 1 -0.999 0.035 0 -0.035 -0.999 0 3713.dat
1 7 -50 -173.945 -65.935 -1 0 0 0 0.035 -0.999 0 -0.999 -0.035 3673.dat
1 7 -40 -172.545 -105.895 0 -1 0 0.999 0 -0.035 0.035 0 0.999 2825.dat
1 0 -50 -172.545 -105.895 1 0 0 0 0.999 -0.035 0 0.035 0.999 4519.dat
1 7 -60 -172.545 -105.895 0 1 0 -0.999 0 -0.035 -0.035 0 0.999 2825.dat
1 0 -50 -193.925 -66.635 -1 0 0 0 0.999 0.035 0 0.035 -0.999 32062.dat
1 8 -50 -193.925 -66.635 -1 0 0 0 -0.035 0.999 0 0.999 0.035 6536.dat
1 8 -65 -153.965 -65.235 0 1 0 -0.999 0 -0.035 -0.035 0 0.999 32056.dat
1 8 -25 -212.505 -107.295 0 1 0 0.999 0 0.035 0.035 0 -0.999 32056.dat
1 0 -50 -212.505 -107.295 -1 0 0 0 0.035 -0.999 0 -0.999 -0.035 4519.dat
1 0 -50 -211.105 -147.255 1 0 0 0 0.035 0.999 0 -0.999 0.035 3706.dat
1 7 -15 -211.105 -147.255 0 0 -1 -0.999 -0.035 0 -0.035 0.999 0 32123.dat
1 6 -50 -211.105 -147.255 -1 0 0 0 -0.035 0.999 0 0.999 0.035 75535.dat
1 6 -50 -212.505 -107.295 -1 0 0 0 -0.035 0.999 0 0.999 0.035 75535.dat
1 8 -75 -212.505 -107.295 0 1 0 0.999 0 0.035 0.035 0 -0.999 32056.dat
1 7 -85 -211.105 -147.255 0 0 -1 -0.999 -0.035 0 -0.035 0.999 0 32123.dat
1 8 -20 -155.365 -25.275 0 -1 0 -0.035 0 -0.999 0.999 0 -0.035 32140.dat
1 7 -30 -215.305 -27.375 -1 0 0 0 0.035 -0.999 0 -0.999 -0.035 3749.dat
1 6 -50 -215.305 -27.375 0 0 -1 0.999 0.035 0 0.035 -0.999 0 6538.dat
1 7 -70 -215.305 -27.375 1 0 0 0 0.035 0.999 0 -0.999 0.035 3749.dat
1 8 -80 -155.365 -25.275 0 -1 0 -0.035 0 -0.999 0.999 0 -0.035 32140.dat
1 8 -85 -152.565 -105.195 0 -1 0 -0.999 0 0.035 -0.035 0 -0.999 32056.dat
1 8 -25 -199.9335 35.6037 0 1 0 -0.898532 0 0.437626 0.437626 0 0.898532 32056.dat
1 0 -50 -199.9335 35.6037 1 0 0 0 -0.999 0.035 0 -0.035 -0.999 3705.dat
1 7 -15 -199.9335 35.6037 0 0 -1 0.035 -0.999 0 -0.999 -0.035 0 32123.dat
1 0 -50 -182.4094 71.5436 1 0 0 0 -0.898532 -0.437626 0 0.437626 -0.898532 3705.dat
1 0 -50 -235.8734 53.1278 1 0 0 0 -0.898532 -0.437626 0 0.437626 -0.898532 4519.dat
1 8 -35 -199.9335 35.6037 0 1 0 -0.898532 0 0.437626 0.437626 0 0.898532 32056.dat
1 8 -50 -182.4094 71.5436 0 -1 0 0.898532 0 0.437626 -0.437626 0 0.898532 32271.dat
1 0 -50 -253.8434 61.8893 1 0 0 0 0.437626 -0.898532 0 0.898532 0.437626 32039.dat
1 6 -50 -156.065 -5.295 0 -1 0 0.681548 0 -0.731038 0.731038 0 0.681548 32140.dat
1 0 -50 -156.065 -5.295 1 0 0 0 0.681548 -0.731038 0 0.731038 0.681548 3707.dat
1 8 -30 -156.065 -5.295 1 0 0 0 0.681548 -0.731038 0 0.731038 0.681548 6536.dat
1 8 -70 -156.065 -5.295 1 0 0 0 0.681548 -0.731038 0 0.731038 0.681548 6536.dat
1 0 -70 -135.1237 2.5103 0 -1 0 -0.731038 0 -0.681548 0.681548 0 -0.731038 6628.dat
1 0 -30 -135.1237 2.5103 0 -1 0 -0.731038 0 -0.681548 0.681548 0 -0.731038 6628.dat
1 0 -50 -170.6858 8.336 1 0 0 0 -0.731038 -0.681548 0 0.681548 -0.731038 3706.dat
1 7 -70 -170.6858 8.336 0 0 1 0.731038 0.681548 0 -0.681548 0.731038 0 3713.dat
1 7 -30 -170.6858 8.336 0 0 -1 -0.731038 0.681548 0 0.681548 0.731038 0 3713.dat
1 7 -85 -170.6858 8.336 0 0 -1 -0.731038 0.681548 0 0.681548 0.731038 0 32123.dat
1 7 -85 -156.065 -5.295 0 0 -1 -0.731038 0.681548 0 0.681548 0.731038 0 32123.dat
1 7 -15 -156.065 -5.295 0 0 -1 -0.731038 0.681548 0 0.681548 0.731038 0 32123.dat
1 7 -15 -170.6858 8.336 0 0 -1 -0.731038 0.681548 0 0.681548 0.731038 0 32123.dat
1 8 -75 -199.9335 35.6037 0 1 0 -0.898532 0 0.437626 0.437626 0 0.898532 32056.dat
1 8 -65 -199.9335 35.6037 0 1 0 -0.898532 0 0.437626 0.437626 0 0.898532 32056.dat
1 7 -85 -199.9335 35.6037 0 0 -1 0.035 -0.999 0 -0.999 -0.035 0 32123.dat
1 0 -50 -155.232 36.0495 -1 0 0 0 0.898532 -0.437626 0 -0.437626 -0.898532 3706.dat
1 7 0 -155.232 36.0495 0 0 -1 0.437626 0.898532 0 0.898532 -0.437626 0 3713.dat
1 8 -15 -191.1719 53.5736 0 1 0 0.437626 0 0.898532 0.898532 0 -0.437626 32056.dat
1 6 -30 -137.262 27.288 1 0 0 0 -0.437626 0.898532 0 -0.898532 -0.437626 32039.dat
1 6 -50 -122.1515 89.9224 0 1 0 0.642964 0 -0.765652 -0.765652 0 -0.642964 32140.dat
1 0 -50 -122.1515 89.9224 -1 0 0 0 -0.765652 -0.642964 0 -0.642964 0.765652 4519.dat
1 0 -50 -173.6478 89.5136 -1 0 0 0 0.898532 -0.437626 0 -0.437626 -0.898532 3705.dat
1 4 -30 -122.1515 89.9224 -1 0 0 0 0.765652 0.642964 0 0.642964 -0.765652 6536.dat
1 4 -70 -122.1515 89.9224 -1 0 0 0 0.765652 0.642964 0 0.642964 -0.765652 6536.dat
1 6 -30 -234.5087 72.4719 0 -1 0 0.560079 0 0.826569 -0.826569 0 0.560079 32140.dat
1 7 -20 -234.5087 72.4719 -1 0 0 0 -0.560079 0.826569 0 0.826569 0.560079 3749.dat
1 6 -70 -137.262 27.288 1 0 0 0 -0.437626 0.898532 0 -0.898532 -0.437626 32039.dat
1 6 -70 -234.5087 72.4719 0 -1 0 0.560079 0 0.826569 -0.826569 0 0.560079 32140.dat
1 7 -80 -234.5087 72.4719 1 0 0 0 0.560079 0.826569 0 -0.826569 0.560079 3749.dat
1 8 -85 -191.1719 53.5736 0 1 0 0.437626 0 0.898532 0.898532 0 -0.437626 32056.dat
1 7 -100 -155.232 36.0495 0 0 1 0.437626 -0.898532 0 0.898532 0.437626 0 3713.dat
1 8 -100 -157.465 34.665 0 1 0 -0.999 0 -0.035 -0.035 0 0.999 32009.dat
1 0 -100 -151.865 -125.175 -1 0 0 0 -0.035 0.999 0 0.999 0.035 32062.dat
1 0 -110 -197.425 33.265 1 0 0 0 -0.035 -0.999 0 0.999 -0.035 2780.dat
1 0 -110 -217.405 32.565 1 0 0 0 -0.035 -0.999 0 0.999 -0.035 2780.dat
1 7 -110 -154.665 -45.255 -1 0 0 0 0.258248 0.965264 0 0.965264 -0.258248 3749.dat
1 7 -110 -237.385 31.865 1 0 0 0 -0.035 -0.999 0 0.999 -0.035 3749.dat
1 6 -100 -216.3161 -166.5559 0 1 0 -0.965334 0 0.260246 0.260246 0 0.965334 32271.dat
1 7 -110 -209.6803 -19.2501 1 0 0 0 0.787611 -0.615727 0 0.615727 0.787611 2736.dat
1 8 -90 -185.0515 -50.7486 1 0 0 0 0.787611 -0.615727 0 0.615727 0.787611 32002.dat
1 7 -110 -190.2626 -70.0495 -1 0 0 0 -0.924474 0.378704 0 0.378704 0.924474 3749.dat
1 0 -50 -216.3161 -166.5559 -1 0 0 0 -0.965334 0.260246 0 0.260246 0.965334 3706.dat
1 6 -70 -216.3161 -166.5559 -1 0 0 0 -0.035 0.999 0 0.999 0.035 75535.dat
1 6 -30 -216.3161 -166.5559 -1 0 0 0 -0.035 0.999 0 0.999 0.035 75535.dat
1 6 0 -216.3161 -166.5559 0 1 0 -0.965334 0 0.260246 0.260246 0 0.965334 32271.dat
1 7 10 -190.2626 -70.0495 1 0 0 0 -0.924474 -0.378704 0 0.378704 -0.924474 3749.dat
1 7 10 -209.6803 -19.2501 -1 0 0 0 0.787611 0.615727 0 0.615727 -0.787611 2736.dat
1 8 -10 -185.0515 -50.7486 -1 0 0 0 0.787611 0.615727 0 0.615727 -0.787611 32002.dat
1 6 40 -122.3687 -15.6201 0 0.999 0 0.985564 0 0.161523 0.161558 0 -0.984565 32316.dat
1 7 -120 -171.7731 -77.6236 1 0 0 0 0.378669 -0.925473 0 0.925473 0.378669 2736.dat
1 7 20 -171.7731 -77.6236 -1 0 0 0 -0.924509 0.379703 0 0.379703 0.924509 2736.dat
1 6 -140.009 -122.3585 -15.4557 0 0.999 0 0.985564 0 0.161523 0.161558 0 -0.984565 32316.dat
1 7 30.012 -119.1402 -35.3144 -1 0 0 0 0.258248 0.965264 0 0.965264 -0.258248 3749.dat
1 7 -130.021 -119.1309 -35.1501 1 0 0 0 -0.325168 -0.944824 0 0.944824 -0.325168 3749.dat
1 8 10.012 -119.1402 -35.3144 0 0 -1 0.258248 0.965264 0 0.965264 -0.258248 0 6538.dat
1 0 -49.988 -119.1402 -35.3144 1 0 0 0 0.965264 0.258248 0 -0.258248 0.965264 3706.dat
1 8 -109.988 -119.1402 -35.3144 0 0 -1 0.258248 0.965264 0 0.965264 -0.258248 0 6538.dat
1 0 -50 -101.3208 9.7829 1 0 0 0 0.437626 -0.898532 0 0.898532 0.437626 32073.dat
1 6 -95 -137.262 27.288 0 -1 0 0.898532 0 0.437626 -0.437626 0 0.898532 32249.dat
1 6 -85 -137.262 27.288 0 -1 0 0.898532 0 0.437626 -0.437626 0 0.898532 32249.dat
1 0 -80 -119.757 63.2293 -1 0 0 0 0.437626 0.898532 0 0.898532 -0.437626 32062.dat
1 6 -70 -101.3208 9.7829 -1 0 0 0 -0.898532 0.437626 0 0.437626 0.898532 6553.dat
1 6 -30 -101.3208 9.7829 -1 0 0 0 -0.898532 0.437626 0 0.437626 0.898532 6553.dat
1 7 -50 -101.3208 9.7829 0 0 -1 -0.437626 -0.898532 0 -0.898532 0.437626 0 3713.dat
1 6 -50 -119.757 63.2293 0 0 -1 -0.898532 0.437626 0 0.437626 0.898532 0 32034.dat
1 0 -20 -119.757 63.2293 -1 0 0 0 0.437626 0.898532 0 0.898532 -0.437626 32062.dat
1 6 -15 -137.262 27.288 0 -1 0 0.898532 0 0.437626 -0.437626 0 0.898532 32249.dat
1 6 -5 -137.262 27.288 0 -1 0 0.898532 0 0.437626 -0.437626 0 0.898532 32249.dat
1 8 -200.055 -111.3759 -138.8779 -0.383 0.924 0 0.03234 0.013405 -0.999 -0.923076 -0.382617 -0.035 32249.dat
1 0 -176.955 -111.0407 -148.4433 -0.924 -0.383 0 -0.013405 0.03234 -0.999 0.382617 -0.923076 -0.035 4519.dat
1 0 -176.955 -151.0007 -149.8433 -0.924 -0.383 0 -0.013405 0.03234 -0.999 0.382617 -0.923076 -0.035 4519.dat
1 0 -201.515 -109.8812 -181.5402 -0.924 -0.383 0 -0.013405 0.03234 -0.999 0.382617 -0.923076 -0.035 32062.dat
1 8 -186.195 -111.1748 -144.6171 0 0.924 -0.383 0.999 0.013405 0.03234 0.035 -0.382617 -0.923076 32271.dat
1 8 -186.195 -151.1348 -146.0171 -0.924 -0.072387 0.376106 -0.013405 -0.974906 -0.220569 0.382617 -0.208831 0.899846 32013.dat
1 0 -208.3845 -138.1203 -199.1062 0.376106 -0.072387 0.924 -0.220569 -0.974906 0.013405 0.899846 -0.208831 -0.382617 32073.dat
0 !LEOCAD SYNTH BEGIN
0 !LEOCAD SYNTH CONTROL_POINT -25 0 0 1 0 0 0 1 0 0 0 1 25
0 !LEOCAD SYNTH CONTROL_POINT 25 0 0 1 0 0 0 1 0 0 0 1 25
1 7 -208.3845 -138.1203 -199.1062 0.376106 -0.072387 0.924 -0.220569 -0.974906 0.013405 0.899846 -0.208831 -0.382617 72706.dat
0 !LEOCAD SYNTH END
1 8 -230.5744 -125.1058 -252.1961 0.924 -0.072387 -0.376106 0.013405 -0.974906 0.220569 -0.382617 -0.208831 -0.899846 32013.dat
1 8 -172.335 -110.9737 -150.3564 -0.383 0.924 0 0.03234 0.013405 -0.999 -0.923076 -0.382617 -0.035 32249.dat
1 0 -216.835 -108.5876 -218.4632 -0.924 -0.169286 -0.343551 -0.013405 0.910397 -0.412549 0.382617 -0.376605 -0.843469 32062.dat
1 8 -202.975 -108.3865 -224.2025 0.169286 -0.924 -0.343551 -0.910397 -0.013405 -0.412549 0.376605 0.382617 -0.843469 6632.dat
1 0 -230.5744 -125.1058 -252.1961 -0.924 -0.169286 -0.343551 -0.013405 0.910397 -0.412549 0.382617 -0.376605 -0.843469 32062.dat
1 8 -230.695 -108.7887 -212.724 0.169286 -0.924 -0.343551 -0.910397 -0.013405 -0.412549 0.376605 0.382617 -0.843469 6632.dat
1 0 -241.347 -74.5498 -276.4201 -0.924 -0.2298 -0.3064 -0.013405 0.818604 -0.573528 0.382617 -0.525846 -0.759461 32062.dat
1 8 -245.943 -58.1778 -286.937 0.924 0.3064 0.2298 0.013405 0.573528 -0.818604 -0.382617 0.759461 0.525846 32310.dat
1 8 -139.995 -110.5045 -163.748 0 -0.383 0.924 -0.999 0.03234 0.013405 -0.035 -0.923076 -0.382617 32016.dat
1 8 -139.995 -150.4645 -165.148 0.383 0 0.924 -0.03234 -0.999 0.013405 0.923076 -0.035 -0.382617 32014.dat
1 8 100.055 -111.3759 -138.8779 0.383 0.924 0 0.03234 -0.013405 -0.999 -0.923076 0.382617 -0.035 32249.dat
1 0 76.955 -111.0407 -148.4433 -0.924 0.383 0 0.013405 0.03234 -0.999 -0.382617 -0.923076 -0.035 4519.dat
1 0 76.955 -151.0007 -149.8433 -0.924 0.383 0 0.013405 0.03234 -0.999 -0.382617 -0.923076 -0.035 4519.dat
1 0 101.515 -109.8812 -181.5402 -0.924 0.383 0 0.013405 0.03234 -0.999 -0.382617 -0.923076 -0.035 32062.dat
1 8 86.195 -111.1748 -144.6171 0 0.924 0.383 0.999 -0.013405 0.03234 0.035 0.382617 -0.923076 32271.dat
1 8 86.195 -151.1348 -146.0171 -0.924 0.072387 -0.376106 0.013405 -0.974906 -0.220569 -0.382617 -0.208831 0.899846 32013.dat
1 0 108.3845 -138.1203 -199.1062 0.376106 0.072387 -0.924 0.220569 -0.974906 0.013405 -0.899846 -0.208831 -0.382617 32073.dat
0 !LEOCAD SYNTH BEGIN
0 !LEOCAD SYNTH CONTROL_POINT -25 0 0 1 0 0 0 1 0 0 0 1 25
0 !LEOCAD SYNTH CONTROL_POINT 25 0 0 1 0 0 0 1 0 0 0 1 25
1 7 108.3845 -138.1203 -199.1062 0.376106 0.072387 -0.924 0.220569 -0.974906 0.013405 -0.899846 -0.208831 -0.382617 72706.dat
0 !LEOCAD SYNTH END
1 8 130.5744 -125.1058 -252.1961 0.924 0.072387 0.376106 -0.013405 -0.974906 0.220569 0.382617 -0.208831 -0.899846 32013.dat
1 8 72.335 -110.9737 -150.3564 0.383 0.924 0 0.03234 -0.013405 -0.999 -0.923076 0.382617 -0.035 32249.dat
1 0 116.835 -108.5876 -218.4632 -0.924 0.169286 0.343551 0.013405 0.910397 -0.412549 -0.382617 -0.376605 -0.843469 32062.dat
1 8 102.975 -108.3865 -224.2025 0.169286 0.924 0.343551 0.910397 -0.013405 -0.412549 -0.376605 0.382617 -0.843469 6632.dat
1 0 130.5744 -125.1058 -252.1961 -0.924 0.169286 0.343551 0.013405 0.910397 -0.412549 -0.382617 -0.376605 -0.843469 32062.dat
1 8 130.695 -108.7887 -212.724 0.169286 0.924 0.343551 0.910397 -0.013405 -0.412549 -0.376605 0.382617 -0.843469 6632.dat
1 0 141.347 -74.5498 -276.4201 -0.924 0.2298 0.3064 0.013405 0.818604 -0.573528 -0.382617 -0.525846 -0.759461 32062.dat
1 8 145.943 -58.1778 -286.937 0.924 -0.3064 -0.2298 -0.013405 0.573528 -0.818604 0.382617 0.759461 0.525846 32310.dat
1 8 39.995 -110.5045 -163.748 0 0.383 -0.924 0.999 0.03234 0.013405 0.035 -0.923076 -0.382617 32016.dat
1 8 39.995 -150.4645 -165.148 0.383 0 -0.924 0.03234 -0.999 0.013405 -0.923076 -0.035 -0.382617 32014.dat
1 8 -140 -110.505 -163.735 0 -0.383 -0.924 0.999 0.03234 -0.013405 0.035 -0.923076 0.382617 6587.dat
1 8 40 -110.505 -163.735 0 0.383 -0.924 0.999 0.03234 0.013405 0.035 -0.923076 -0.382617 6587.dat
1 8 -100 -90.525 -163.035 0 0 1 0.035 0.999 0 -0.999 0.035 0 32316.dat
1 8 0 -90.525 -163.035 0 0 1 0.035 0.999 0 -0.999 0.035 0 32316.dat
1 0 20 -80.535 -162.685 0 0 1 -0.999 0.035 0 -0.035 -0.999 0 6628.dat
1 0 -120 -80.535 -162.685 0 0 1 -0.999 0.035 0 -0.035 -0.999 0 6628.dat
1 8 0 -80.535 -162.685 0 0 1 0.999 -0.035 0 0.035 0.999 0 32002.dat
1 8 -40 -80.535 -162.685 0 0 1 0.999 -0.035 0 0.035 0.999 0 32002.dat
1 8 -60 -80.535 -162.685 0 0 1 0.999 -0.035 0 0.035 0.999 0 32002.dat
1 8 -100 -80.535 -162.685 0 0 1 0.999 -0.035 0 0.035 0.999 0 32002.dat
1 8 -50 -75.54 -162.51 0 0 1 0.035 0.999 0 -0.999 0.035 0 32063.dat
1 0 -50 -90.6382 186.9282 1 0 0 0 0.981587 -0.189425 0 0.189425 0.981587 32062.dat
1 8 -50 -71.0062 190.7087 -1 0 0 0 0.189425 -0.981587 0 -0.981587 -0.189425 32310.dat
1 8 -80 -437.185 24.865 0 1 0 0.035 0 -0.999 -0.999 0 -0.035 32009.dat
1 0 -50 -434.385 -55.055 1 0 0 0 -0.035 -0.999 0 0.999 -0.035 3705.dat
1 8 -65 -437.185 24.865 0 1 0 0.999 0 0.035 0.035 0 -0.999 32250.dat
1 0 -50 -437.185 24.865 -1 0 0 0 0.999 0.035 0 0.035 -0.999 3706.dat
1 7 -75 -437.185 24.865 0 0 1 -0.035 -0.999 0 0.999 -0.035 0 32123.dat
1 0 -50 -397.225 26.265 1 0 0 0 -0.035 -0.999 0 0.999 -0.035 3705.dat
1 0 -50 -434.385 -55.055 0 1 0 0.999 0 0.035 0.035 0 -0.999 32140.dat
1 7 -50 -397.225 26.265 0 0 1 0.035 0.999 0 -0.999 0.035 0 3713.dat
1 0 -50 -435.785 -15.095 1 0 0 0 -0.035 -0.999 0 0.999 -0.035 3705.dat
1 0 -50 -436.485 4.885 1 0 0 0 -0.035 -0.999 0 0.999 -0.035 32184.dat
1 8 -35 -437.185 24.865 0 1 0 0.999 0 0.035 0.035 0 -0.999 32250.dat
1 7 -25 -437.185 24.865 0 0 1 0.999 -0.035 0 0.035 0.999 0 32123.dat
1 0 -90 -377.245 26.965 1 0 0 0 0.713637 -0.700155 0 0.700155 0.713637 3705.dat
1 8 -50 -377.245 26.965 0 0 1 0.700155 0.713637 0 -0.713637 0.700155 0 6538.dat
1 0 -10 -377.245 26.965 1 0 0 0 0.713637 -0.700155 0 0.700155 0.713637 3705.dat
1 7 -95 -377.245 26.965 0 0 1 0.700155 0.713637 0 -0.713637 0.700155 0 32123.dat
1 8 -20 -437.185 24.865 0 1 0 0.035 0 -0.999 -0.999 0 -0.035 32009.dat
1 7 -5 -377.245 26.965 0 0 1 0.700155 0.713637 0 -0.713637 0.700155 0 32123.dat
1 0 -10 -317.305 29.065 -1 0 0 0 -0.035 0.999 0 0.999 0.035 2780.dat
1 0 -90 -317.305 29.065 -1 0 0 0 -0.035 0.999 0 0.999 0.035 2780.dat
1 0 0 -297.325 29.765 1 0 0 0 -0.035 -0.999 0 0.999 -0.035 6558.dat
1 0 -100 -297.325 29.765 -1 0 0 0 -0.035 0.999 0 0.999 0.035 6558.dat
1 7 -10 -277.345 30.465 -1 0 0 0 -0.035 0.999 0 0.999 0.035 3749.dat
1 7 -90 -277.345 30.465 1 0 0 0 -0.035 -0.999 0 0.999 -0.035 3749.dat
1 8 -100 -297.325 29.765 0 -1 0 -0.035 0 -0.999 0.999 0 -0.035 32316.dat
1 8 0 -297.325 29.765 0 -1 0 -0.035 0 -0.999 0.999 0 -0.035 32316.dat
1 0 -110 -257.365 31.165 -1 0 0 0 -0.035 0.999 0 0.999 0.035 2780.dat
1 0 10 -257.365 31.165 -1 0 0 0 -0.035 0.999 0 0.999 0.035 2780.dat
1 7 -110 -337.285 28.365 -1 0 0 0 0.713602 0.701154 0 0.701154 -0.713602 3749.dat
1 7 10 -337.285 28.365 1 0 0 0 -0.713602 0.701154 0 -0.701154 -0.713602 3749.dat
1 0 -50 -432.285 -114.995 1 0 0 0 0.035 0.999 0 -0.999 0.035 4519.dat
1 0 -70 -432.985 -95.015 1 0 0 0 0.035 0.999 0 -0.999 0.035 32184.dat
1 0 -30 -432.985 -95.015 1 0 0 0 0.035 0.999 0 -0.999 0.035 32184.dat
1 0 -50 -433.685 -75.035 1 0 0 0 0.035 0.999 0 -0.999 0.035 32073.dat
1 8 -10 -432.985 -95.015 0 0 -1 -0.999 -0.035 0 -0.035 0.999 0 6536.dat
1 8 -90 -432.985 -95.015 0 0 -1 -0.999 -0.035 0 -0.035 0.999 0 6536.dat
1 0 -90 -432.985 -95.015 0 0 -1 -0.999 -0.035 0 -0.035 0.999 0 32062.dat
1 0 -10 -432.985 -95.015 0 0 -1 -0.999 -0.035 0 -0.035 0.999 0 32062.dat
1 8 -50 -418 -94.49 1 0 0 0 0.999 -0.035 0 0.035 0.999 2905.dat
1 8 -50 -447.97 -95.54 1 0 0 0 0.999 -0.035 0 0.035 0.999 2905.dat
1 8 -70 -477.94 -96.59 0 0 -1 0.035 -0.999 0 -0.999 -0.035 0 6632.dat
1 0 -110 -462.955 -96.065 0 1 0 0.999 0 0.035 0.035 0 -0.999 32062.dat
1 0 -70 -422.995 -94.665 0 1 0 0.999 0 0.035 0.035 0 -0.999 3706.dat
1 8 -70 -467.95 -96.24 -1 0 0 0 0.999 0.035 0 0.035 -0.999 32056.dat
1 8 -110 -452.965 -95.715 0 0 -1 -0.999 -0.035 0 -0.035 0.999 0 6536.dat
1 0 -120 -453.665 -75.735 1 0 0 0 -0.035 -0.999 0 0.999 -0.035 6628.dat
1 8 -70 -457.96 -95.89 1 0 0 0 -0.999 0.035 0 -0.035 -0.999 6632.dat
1 0 -70 -461.555 -136.025 0 1 0 0.999 0 0.035 0.035 0 -0.999 4519.dat
1 8 -70 -431.585 -134.975 -1 0 0 0 -0.035 0.999 0 0.999 0.035 6538.dat
1 7 -70 -481.535 -136.725 -1 0 0 0 -0.035 0.999 0 0.999 0.035 3713.dat
1 0 -70 -411.605 -134.275 0 0 -1 -0.999 -0.035 0 -0.035 0.999 0 32062.dat
1 8 -70 -406.61 -134.1 1 0 0 0 0.999 -0.035 0 0.035 0.999 6632.dat
1 8 -30 -477.94 -96.59 0 0 1 -0.035 -0.999 0 0.999 -0.035 0 6632.dat
1 0 10 -462.955 -96.065 0 -1 0 -0.999 0 0.035 -0.035 0 -0.999 32062.dat
1 0 -30 -422.995 -94.665 0 -1 0 -0.999 0 0.035 -0.035 0 -0.999 3706.dat
1 8 -30 -467.95 -96.24 1 0 0 0 -0.999 0.035 0 -0.035 -0.999 32056.dat
1 8 10 -452.965 -95.715 0 0 1 0.999 -0.035 0 0.035 0.999 0 6536.dat
1 0 20 -453.665 -75.735 -1 0 0 0 -0.035 0.999 0 0.999 0.035 6628.dat
1 8 -30 -457.96 -95.89 1 0 0 0 -0.999 0.035 0 -0.035 -0.999 6632.dat
1 0 -30 -461.555 -136.025 0 -1 0 -0.999 0 0.035 -0.035 0 -0.999 4519.dat
1 8 -30 -431.585 -134.975 -1 0 0 0 -0.035 0.999 0 0.999 0.035 6538.dat
1 7 -30 -481.535 -136.725 -1 0 0 0 -0.035 0.999 0 0.999 0.035 3713.dat
1 0 -30 -411.605 -134.275 0 0 1 0.999 -0.035 0 0.035 0.999 0 32062.dat
1 8 -30 -406.61 -134.1 1 0 0 0 0.999 -0.035 0 0.035 0.999 6632.dat
1 7 -70 -396.62 -133.75 -1 0 0 0 -0.035 0.999 0 0.999 0.035 32123.dat
1 7 -30 -396.62 -133.75 -1 0 0 0 -0.035 0.999 0 0.999 0.035 32123.dat
1 8 -120 -235.2336 61.358 0 1 0 -0.150445 0 -0.987493 -0.987493 0 0.150445 32348.dat
1 8 -120 -294.5078 70.3739 1 0 0 0 0.190685 -0.980901 0 0.980901 0.190685 6587.dat
1 7 -105 -294.5078 70.3739 0 0 1 0.980901 0.190685 0 -0.190685 0.980901 0 32123.dat
1 8 -95 -284.5178 70.7239 0 1 0 -0.035 0 0.999 0.999 0 0.035 32063.dat
1 8 -85 -284.5178 70.7239 0 1 0 -0.035 0 0.999 0.999 0 0.035 32063.dat
1 8 -100 -314.5002 69.6874 -1 0 0 0 -0.035 0.999 0 0.999 0.035 32002.dat
1 7 -100 -334.4896 68.9961 -1 0 0 0 -0.035 0.999 0 0.999 0.035 3673.dat
1 7 -135 -294.5078 70.3739 0 0 1 0.980901 0.190685 0 -0.190685 0.980901 0 32123.dat
1 8 20 -235.2336 61.358 0 1 0 -0.150445 0 -0.987493 -0.987493 0 0.150445 32348.dat
1 8 20 -294.5078 70.3739 -1 0 0 0 0.190685 0.980901 0 0.980901 -0.190685 6587.dat
1 7 5 -294.5078 70.3739 0 0 -1 -0.980901 0.190685 0 0.190685 0.980901 0 32123.dat
1 8 -5 -284.5178 70.7239 0 -1 0 0.035 0 0.999 -0.999 0 0.035 32063.dat
1 8 -15 -284.5178 70.7239 0 -1 0 0.035 0 0.999 -0.999 0 0.035 32063.dat
1 8 0 -314.5002 69.6874 1 0 0 0 -0.035 -0.999 0 0.999 -0.035 32002.dat
1 7 0 -334.4896 68.9961 -1 0 0 0 -0.035 0.999 0 0.999 0.035 3673.dat
1 7 35 -294.5078 70.3739 0 0 -1 -0.980901 0.190685 0 0.190685 0.980901 0 32123.dat
1 8 -90 -461.5873 83.1864 0 -1 0 -0.753104 0 0.658528 -0.658528 0 -0.753104 32140.dat
1 8 -10 -461.5873 83.1864 0 -1 0 -0.753104 0 0.658528 -0.658528 0 -0.753104 32140.dat
1 7 5 -437.185 24.865 0 0 1 0.999 -0.035 0 0.035 0.999 0 32123.dat
1 7 -105 -437.185 24.865 0 0 1 0.999 -0.035 0 0.035 0.999 0 32123.dat
1 8 -90 -461.5873 83.1864 -1 0 0 0 -0.658528 0.753104 0 0.753104 0.658528 6587.dat
1 8 -110 -446.0819 95.8064 0 1 0 0.630292 0 -0.775098 -0.775098 0 -0.630292 32140.dat
1 0 -100 -446.0819 95.8064 -1 0 0 0 -0.630292 0.775098 0 0.775098 0.630292 32062.dat
1 8 -10 -461.5873 83.1864 1 0 0 0 -0.658528 -0.753104 0 0.753104 -0.658528 6587.dat
1 8 10 -446.0819 95.8064 0 1 0 0.630292 0 -0.775098 -0.775098 0 -0.630292 32140.dat
1 0 0 -446.0819 95.8064 -1 0 0 0 -0.630292 0.775098 0 0.775098 0.630292 32062.dat
1 8 15 -247.375 31.515 0 -1 0 0.035 0 0.999 -0.999 0 0.035 32063.dat
1 8 25 -247.375 31.515 0 -1 0 0.035 0 0.999 -0.999 0 0.035 32063.dat
1 8 -125 -247.375 31.515 0 -1 0 0.035 0 0.999 -0.999 0 0.035 32063.dat
1 8 -115 -247.375 31.515 0 -1 0 0.035 0 0.999 -0.999 0 0.035 32063.dat
1 0 -50 -451.47 4.36 0 1 0 -0.999 0 -0.035 -0.035 0 0.999 3737.dat
1 4 -50 -551.37 0.86 1 0 0 0 -0.035 -0.999 0 0.999 -0.035 6538.dat
1 0 -50 -341.58 8.21 0 1 0 0.035 0 -0.999 -0.999 0 -0.035 32034.dat
1 7 -50 -311.61 9.26 0 -1 0 -0.999 0 0.035 -0.035 0 -0.999 3749.dat
1 0 -50 -301.62 9.61 0 0 1 -0.999 0.035 0 -0.035 -0.999 0 32034.dat
1 7 -20 -301.62 9.61 -1 0 0 0 0.999 0.035 0 0.035 -0.999 2736.dat
1 7 -80 -301.62 9.61 1 0 0 0 0.999 -0.035 0 0.035 0.999 2736.dat
1 8 22 -209.6803 -19.2501 0.006 -0.957 -0.292 0.308758 0.279014 -0.908617 0.95103 -0.084246 0.297241 32005.dat
1 8 -121.154 -210.7191 -20.0917 0.006 0.957 0.292 -0.308758 0.279014 -0.908617 -0.95103 -0.084246 0.297241 32005.dat
1 6 -90 -309.5784 143.2706 1 0 0 0 0.528291 -0.848344 0 0.848344 0.528291 32016.dat
1 0 -90 -358.8961 151.4371 0 0 -1 -0.986854 0.16322 0 0.16322 0.986854 0 3705.dat
1 0 -100 -309.5784 143.2706 1 0 0 0 -0.528291 0.848344 0 -0.848344 -0.528291 6628.dat
1 6 -90 -349.0324 149.8037 0 0 -1 0.986854 -0.16322 0 -0.16322 -0.986854 0 32291.dat
1 7 -100 -362.1629 131.7097 -1 0 0 0 0.848344 -0.528291 0 -0.528291 -0.848344 4274.dat
1 6 -70 -368.7604 153.0697 0 0 1 -0.986854 -0.16322 0 0.16322 -0.986854 0 6641.dat
1 6 -90 -408.2152 159.6034 1 0 0 0 0.16322 -0.986854 0 0.986854 0.16322 32016.dat
1 0 -90 -447.1661 150.5402 0 1 0 -0.973421 0 -0.227058 -0.227058 0 0.973421 4519.dat
1 0 -50 -368.7604 153.0697 1 0 0 0 0.16322 -0.986854 0 0.986854 0.16322 4519.dat
1 6 -70 -447.1661 150.5402 0 0 1 -0.973421 0.227058 0 -0.227058 -0.973421 0 6641.dat
1 6 -90 -486.117 141.477 1 0 0 0 -0.227058 -0.973421 0 0.973421 -0.227058 32016.dat
1 0 -90 -518.636 118.1984 0 1 0 -0.813014 0 -0.581933 -0.581933 0 0.813014 4519.dat
1 7 -80 -486.1178 141.4776 -1 0 0 0 -0.528291 -0.848344 0 -0.848344 0.528291 3673.dat
1 6 -70 -518.636 118.1984 0 0 1 -0.813014 0.581933 0 -0.581933 -0.813014 0 6641.dat
1 6 -89.999 -551.1529 94.9194 1 0 0 0 -0.581933 -0.813014 0 0.813014 -0.581933 32016.dat
1 0 -89.997 -572.287 60.9683 0 -1 0 0.528291 0 -0.848344 0.848344 0 0.528291 4519.dat
1 6 -50 -349.0324 149.8037 1 0 0 0 -0.16322 0.986854 0 -0.986854 -0.16322 32039.dat
1 0 -50 -329.3058 146.5374 0 0 -1 0.986854 -0.16322 0 -0.16322 -0.986854 0 4519.dat
1 6 -50 -289.8511 140.0052 1 0 0 0 0.528291 -0.848344 0 0.848344 0.528291 32016.dat
1 6 -69.997 -572.2886 60.9695 0 0 1 -0.528291 0.848344 0 -0.848344 -0.528291 0 6641.dat
1 6 -89.996 -593.4218 27.0164 1 0 0 0 -0.848344 -0.528291 0 0.528291 -0.848344 32016.dat
1 0 -49.997 -572.2894 60.9702 1 0 0 0 0.528291 -0.848344 0 0.848344 0.528291 4519.dat
1 0 -89.992 -599.9548 -12.4376 0 1 0 -0.16322 0 -0.986854 -0.986854 0 0.16322 4519.dat
1 6 -69.992 -599.9564 -12.4363 0 0 1 -0.16322 0.986854 0 -0.986854 -0.16322 0 6641.dat
1 6 -89.989 -606.6511 -52.8785 -1 0 0 0 0.986854 -0.16322 0 -0.16322 -0.986854 32013.dat
1 7 -111.989 -605.0994 -43.5068 0 0 1 -0.986854 -0.16322 0 0.16322 -0.986854 0 342.dat
1 7 -110.002 -318.8506 144.9657 0 0 -1 0.16322 0.986854 0 0.986854 -0.16322 0 342.dat
1 16 -111.989 -598.2301 -1.9763 0 0 1 -0.986844 -3.742743 0 0.163283 -22.620256 0 343.dat
1 16 -111.989 -597.4214 2.3473 0 0 1 -0.983823 -1.08798 0 0.180597 -5.926906 0 343.dat
1 16 -111.989 -596.4897 6.4429 0.000002 0.000001 1 -0.976794 -1.29764 0.000002 0.215399 -5.88456 0 343.dat
1 16 -111.989 -595.4301 10.5073 0.000005 0.000002 1 -0.96978 -1.47626 0.000005 0.245049 -5.842308 -0.000001 343.dat
1 16 -111.989 -594.2691 14.5437 0.000007 0.000003 1 -0.962699 -1.635829 0.000007 0.271535 -5.799653 -0.000001 343.dat
1 16 -111.989 -592.9998 18.5474 0.00001 0.000003 1 -0.955394 -1.784519 0.00001 0.296217 -5.75564 -0.000003 343.dat
1 16 -111.989 -591.5544 22.7562 0.000012 0.000004 1 -0.947492 -1.931373 0.000012 0.320594 -5.708039 -0.000003 343.dat
1 16 -111.989 -590.0989 26.696 0.000015 0.000005 1 -0.939783 -2.063563 0.000014 0.342536 -5.661592 -0.000004 343.dat
1 16 -111.989 -588.5521 30.6008 0.000017 0.000005 1 -0.931959 -2.188545 0.000016 0.363282 -5.614462 -0.000006 343.dat
1 16 -111.989 -586.9172 34.4695 0.00002 0.000006 1 -0.923089 -2.32097 0.000019 0.385264 -5.561026 -0.000007 343.dat
1 16 -111.989 -585.1913 38.2986 0.000022 0.000007 1 -0.914189 -2.445492 0.000021 0.405934 -5.507402 -0.000009 343.dat
1 16 -111.989 -583.3732 42.0848 0.000025 0.000008 1 -0.903716 -2.582901 0.000023 0.428743 -5.444312 -0.00001 343.dat
1 16 -111.989 -581.4493 45.8184 0.000027 0.000009 1 -0.892117 -2.725318 0.000026 0.452382 -5.374436 -0.000011 343.dat
1 16 -111.989 -579.4182 49.4947 0.00003 0.00001 1 -0.878218 -2.884505 0.000027 0.478807 -5.290704 -0.000013 343.dat
1 16 -111.9891 -577.2484 53.0913 0.000032 0.000011 1 -0.86091 -3.068026 0.000029 0.50927 -5.186437 -0.000015 343.dat
1 16 -111.9891 -565.9768 71.1651 0.000035 0.000038 1 -0.849178 -12.116482 0.000031 0.528601 -19.46471 -0.000017 343.dat
1 16 -111.9891 -563.7121 74.6411 0.000036 0.000015 1 -0.839973 -3.271889 0.000032 0.543109 -5.060301 -0.000017 343.dat
1 16 -111.9891 -561.325 78.0968 0.00004 0.00002 1 -0.826424 -3.394796 0.000034 0.563511 -4.978682 -0.00002 343.dat
1 16 -111.9891 -558.8496 81.4899 0.000043 0.000025 1 -0.811035 -3.526927 0.000038 0.585444 -4.885969 -0.000022 343.dat
1 16 -111.9892 -556.2778 84.8107 0.000047 0.000031 1 -0.794903 -3.657795 0.00004 0.607167 -4.788783 -0.000025 343.dat
1 16 -111.9892 -553.6161 88.0597 0.000051 0.000036 1 -0.777165 -3.793614 0.000043 0.629712 -4.681924 -0.000027 343.dat
1 16 -111.9892 -550.8517 91.222 0.000055 0.000042 1 -0.757939 -3.93226 0.000047 0.652726 -4.566097 -0.000031 343.dat
1 16 -111.9893 -547.8245 94.4839 0.000059 0.000048 1 -0.736966 -4.074379 0.000049 0.676317 -4.439747 -0.000034 343.dat
1 16 -111.9893 -544.8687 97.4679 0.000063 0.000055 1 -0.714868 -4.21484 0.000052 0.699633 -4.306626 -0.000038 343.dat
1 16 -111.9893 -541.8188 100.3559 0.000067 0.000061 1 -0.693212 -4.344145 0.000053 0.721096 -4.176161 -0.000041 343.dat
1 16 -111.9894 -538.6835 103.1508 0.00007 0.000067 1 -0.670016 -4.474286 0.000055 0.742699 -4.036419 -0.000045 343.dat
1 16 -111.9894 -535.466 105.8506 0.000074 0.000073 1 -0.64838 -4.588517 0.000057 0.76166 -3.906074 -0.000049 343.dat
1 16 -111.9895 -532.1765 108.462 0.000078 0.000079 1 -0.626142 -4.699267 0.000059 0.780044 -3.772108 -0.000052 343.dat
1 16 -111.9895 -528.8193 110.986 0.000081 0.000084 1 -0.606103 -4.793671 0.000061 0.795714 -3.651387 -0.000057 343.dat
1 16 -111.9899 -511.5051 123.3932 0.000085 0.000341 1 -0.583478 -18.622841 0.000062 0.81245 -13.374376 -0.00006 343.dat
1 16 -111.9899 -508.1238 125.7967 0.000088 0.000092 1 -0.580184 -4.908688 0.000064 0.814806 -3.495239 -0.000063 343.dat
1 16 -111.99 -504.6416 128.1448 0.000089 0.000102 1 -0.563408 -4.979102 0.000065 0.826494 -3.394178 -0.000063 343.dat
1 16 -111.9901 -501.1022 130.4061 0.00009 0.000115 1 -0.542499 -5.062681 0.000065 0.840368 -3.268207 -0.000066 343.dat
1 16 -111.9902 -497.5 132.566 0.000092 0.000129 1 -0.519992 -5.147677 0.000066 0.854477 -3.132623 -0.000068 343.dat
1 16 -111.9903 -493.8419 134.6298 0.000094 0.000143 1 -0.49604 -5.232764 0.000068 0.8686 -2.988326 -0.00007 343.dat
1 16 -111.9904 -490.1221 136.5803 0.000095 0.000158 1 -0.470799 -5.316719 0.000068 0.882536 -2.836267 -0.000072 343.dat
1 16 -111.9905 -486.1205 138.5273 0.000097 0.000174 1 -0.442665 -5.403724 0.000069 0.896979 -2.666772 -0.000074 343.dat
1 16 -111.9906 -482.2879 140.2456 0.000098 0.00019 1 -0.414528 -5.48412 0.000069 0.910324 -2.497268 -0.000076 343.dat
1 16 -111.9908 -478.4021 141.8404 0.000099 0.000205 1 -0.386716 -5.557366 0.000069 0.922482 -2.329719 -0.000078 343.dat
1 16 -111.991 -474.4688 143.3136 0.0001 0.000221 1 -0.356539 -5.630127 0.00007 0.93456 -2.147924 -0.00008 343.dat
1 16 -111.9911 -470.4916 144.6643 0.000101 0.000236 1 -0.328609 -5.691472 0.00007 0.944743 -1.979662 -0.000083 343.dat
1 16 -111.9913 -466.4785 145.9037 0.000102 0.000251 1 -0.300479 -5.747619 0.00007 0.954063 -1.810191 -0.000085 343.dat
1 16 -111.9915 -462.4314 147.0272 0.000103 0.000264 1 -0.274103 -5.795267 0.000071 0.961972 -1.651299 -0.000088 343.dat
1 16 -111.9917 -458.3593 148.0561 0.000104 0.000277 1 -0.249646 -5.835241 0.00007 0.968607 -1.503954 -0.00009 343.dat
1 16 -111.9927 -437.8557 152.8233 0.000105 0.001089 1 -0.227615 -22.326294 0.00007 0.974019 -5.217351 -0.000092 343.dat
1 16 -111.9929 -433.5646 153.7897 0.000106 0.000293 1 -0.221025 -5.876982 0.000071 0.975536 -1.331538 -0.000093 343.dat
1 16 -111.9931 -429.4438 154.602 0.000108 0.000307 1 -0.197811 -5.906927 0.000071 0.980507 -1.191689 -0.000096 343.dat
1 16 -111.9933 -425.3033 155.3065 0.00011 0.000322 1 -0.173745 -5.934334 0.000072 0.985056 -1.046707 -0.000099 343.dat
1 16 -111.9936 -421.1455 155.901 0.000113 0.000338 1 -0.146682 -5.960792 0.000072 0.989448 -0.883664 -0.000103 343.dat
1 16 -111.9938 -416.9719 156.373 0.000115 0.000355 1 -0.119197 -5.982997 0.000072 0.993133 -0.718088 -0.000107 343.dat
1 16 -111.9941 -412.7867 156.7265 0.000118 0.000372 1 -0.089731 -6.001641 0.000072 0.996229 -0.540573 -0.000111 343.dat
1 16 -111.9944 -408.5923 156.9487 0.00012 0.000389 1 -0.060227 -6.015003 0.000072 0.998447 -0.362828 -0.000116 343.dat
1 16 -111.9947 -404.1432 157.0456 0.000122 0.000408 1 -0.027555 -6.023649 0.000071 0.999881 -0.165997 -0.00012 343.dat
1 16 -111.995 -399.9433 157.0025 0.000124 0.000426 1 0.004283 -6.025881 0.00007 1.000252 0.025803 -0.000124 343.dat
1 16 -111.9953 -395.7468 156.8261 0.000126 0.000442 1 0.034547 -6.022341 0.000069 0.999664 0.208122 -0.000128 343.dat
1 16 -111.9956 -391.5573 156.5271 0.000127 0.000459 1 0.065419 -6.013035 0.000067 0.99812 0.394107 -0.000132 343.dat
1 16 -111.9959 -387.3787 156.1015 0.000129 0.000475 1 0.094231 -5.999137 0.000067 0.995812 0.567684 -0.000136 343.dat
1 16 -111.9963 -383.2125 155.5698 0.000131 0.000489 1 0.12152 -5.981301 0.000065 0.992852 0.732083 -0.000141 343.dat
1 16 -111.997 -375.0275 154.2682 0.000132 0.000861 1 0.153138 -10.130549 0.000062 0.988469 1.56947 -0.000144 343.dat
1 16 -111.9984 -358.1831 151.4727 0.000137 0.001583 1 0.16322 -18.451662 0.000062 0.986854 3.051803 -0.000149 343.dat
1 16 -111.7436 -353.9613 150.7744 0.000137 -0.307884 0.998693 0.163223 -5.93739 -0.050458 0.986854 0.982075 0.008206 343.dat
1 16 -111.1585 -349.8559 150.0952 0.000127 -0.734184 0.992546 0.16323 -5.90083 -0.120287 0.986853 0.976118 0.019768 343.dat
1 16 -110.5456 -345.7568 149.4171 0.000116 -0.856428 0.989844 0.163233 -5.884758 -0.140311 0.986852 0.973485 0.023092 343.dat
1 16 -110.087 -341.6378 148.7358 0.000104 -0.697382 0.993277 0.163232 -5.905178 -0.114255 0.986852 0.976829 0.018794 343.dat
1 16 -109.9508 -337.53 148.0564 0.000092 -0.276809 0.998944 0.163225 -5.93888 -0.045359 0.986854 0.982316 0.00741 343.dat
1 8 -68 -461.6795 83.158 0 -1 0 0.752387 0 -0.658002 0.658002 0 0.752387 32140.dat
1 0 -49.992 -599.9581 -12.4337 1 0 0 0 0.16322 -0.986854 0 0.986854 0.16322 4519.dat
1 0 -49.983 -596.7335 -112.362 1 0 0 0 0.98672 -0.159424 0 0.159424 0.98672 32073.dat
1 7 -94.983 -596.7335 -112.362 0 0 1 0.159424 0.98672 0 -0.98672 0.159424 0 32123.dat
1 6 -79.983 -597.39 -92.3844 0 -1 0 -0.99888 0 0.032829 -0.032829 0 -0.99888 2825.dat
1 7 -74.983 -596.7335 -112.362 0 0 1 0.159424 0.98672 0 -0.98672 0.159424 0 32123.dat
1 6 -69.983 -606.3206 -53.1685 0 1 0 0.98672 0 0.159424 0.159424 0 -0.98672 2825.dat
1 6 -49.983 -596.7335 -112.362 1 0 0 0 -0.99888 0.032829 0 -0.032829 -0.99888 32016.dat
1 6 -29.983 -606.3206 -53.1685 0 -1 0 -0.98672 0 0.159424 -0.159424 0 -0.98672 2825.dat
1 0 -49.983 -598.3749 -62.418 0 -1 0 -0.032829 0 -0.99888 0.99888 0 -0.032829 3705.dat
1 7 -24.983 -596.7335 -112.362 0 0 -1 0.159424 -0.98672 0 -0.98672 -0.159424 0 32123.dat
1 6 -19.983 -597.39 -92.3844 0 1 0 0.99888 0 0.032829 0.032829 0 -0.99888 2825.dat
1 7 -4.983 -596.7335 -112.362 0 0 -1 0.159424 -0.98672 0 -0.98672 -0.159424 0 32123.dat
1 6 -49.983 -600.0164 -12.474 -1 0 0 0 -0.99888 -0.032829 0 -0.032829 0.99888 32016.dat
1 0 -49.983 -585.9397 24.9422 0 -1 0 0.352237 0 -0.935539 0.935539 0 0.352237 4519.dat
1 6 -49.983 -572.2143 61.4228 1 0 0 0 0.935539 0.352237 0 -0.352237 0.935539 32013.dat
1 7 -19.983 -605.4091 -152.6454 0 0 -1 -0.99888 -0.032829 0 -0.032829 0.99888 0 2853.dat
1 6 -49.983 -595.4203 -152.3172 0 0 -1 -0.032829 0.99888 0 0.99888 0.032829 0 32034.dat
1 7 -79.983 -605.4091 -152.6454 0 0 1 -0.99888 0.032829 0 -0.032829 -0.99888 0 2853.dat
1 8 -89.989 -606.6511 -52.8785 -1 0 0 0 0.98694 0.159529 0 0.159529 -0.98694 6587.dat
1 6 -10 -309.5646 143.2685 1 0 0 0 0.528291 -0.848344 0 0.848344 0.528291 32016.dat
1 0 -10 -358.8614 151.4402 0 0 1 0.986206 0.163225 0 -0.163225 0.986206 0 3705.dat
1 0 0 -309.5646 143.2685 -1 0 0 0 -0.528291 -0.848344 0 -0.848344 0.528291 6628.dat
1 6 -10 -349.0017 149.8059 0 0 1 -0.986206 -0.163225 0 0.163225 -0.986206 0 32291.dat
1 7 0 -362.1299 131.7209 1 0 0 0 0.848344 0.528291 0 -0.528291 0.848344 4274.dat
1 6 -30 -368.721 153.0744 0 0 -1 0.986206 -0.163225 0 -0.163225 -0.986206 0 6641.dat
1 6 -10 -408.1581 159.6118 1 0 0 0 0.163225 -0.986206 0 0.986206 0.163225 32016.dat
1 0 -10 -447.0954 150.5586 0 -1 0 0.973282 0 -0.226277 0.226277 0 0.973282 4519.dat
1 6 -30 -447.0954 150.5586 0 0 -1 0.973282 0.226277 0 0.226277 -0.973282 0 6641.dat
1 6 -10 -486.0322 141.5062 1 0 0 0 -0.226277 -0.973282 0 0.973282 -0.226277 32016.dat
1 0 -10 -518.5416 118.2428 0 -1 0 0.813057 0 -0.581535 0.581535 0 0.813057 4519.dat
1 7 -20 -486.0331 141.5068 -1 0 0 0 -0.528291 -0.848344 0 -0.848344 0.528291 3673.dat
1 6 -30 -518.5416 118.2428 0 0 -1 0.813057 0.581535 0 0.581535 -0.813057 0 6641.dat
1 6 -10.001 -551.0503 94.9787 1 0 0 0 -0.581535 -0.813057 0 0.813057 -0.581535 32016.dat
1 0 -10.003 -572.1819 61.045 0 1 0 -0.528291 0 -0.848344 -0.848344 0 0.528291 4519.dat
1 6 -30.003 -572.1831 61.0469 0 0 -1 0.528291 0.848344 0 0.848344 -0.528291 0 6641.dat
1 6 -10.004 -593.3136 27.1112 1 0 0 0 -0.848344 -0.528291 0 0.528291 -0.848344 32016.dat
1 0 -10.008 -599.851 -12.3259 0 -1 0 0.163225 0 -0.986206 0.986206 0 0.163225 4519.dat
1 6 -30.008 -599.8527 -12.3249 0 0 -1 0.163225 0.986206 0 0.986206 -0.163225 0 6641.dat
1 6 -10.011 -606.5516 -52.7493 -1 0 0 0 0.986206 -0.163225 0 -0.163225 -0.986206 32013.dat
1 7 12.011 -604.9995 -43.3836 0 0 -1 0.986206 -0.163225 0 -0.163225 -0.986206 0 342.dat
1 7 10.024 -318.9126 144.9368 0 0 1 -0.163225 0.986206 0 -0.986206 -0.163225 0 342.dat
1 16 12.011 -599.3455 -9.2211 0 0 -1 0.986197 -2.486141 0 -0.163281 -15.016035 0 343.dat
1 16 12.011 -597.9274 -0.7049 0 0 -1 0.986055 -1.578268 0 -0.164135 -9.481633 0 343.dat
1 16 12.011 -597.3709 2.1562 0.000001 0 -1 0.981842 -0.751792 0.000001 -0.187702 -3.932511 0 343.dat
1 16 12.011 -596.8111 4.7051 0.000002 -0.000001 -1 0.97757 -0.83634 0.000002 -0.208812 -3.915402 0 343.dat
1 16 12.011 -596.14 7.4848 0.000004 -0.000001 -1 0.972908 -0.919419 0.000004 -0.229554 -3.89673 -0.000001 343.dat
1 16 12.011 -595.4175 10.2514 0.000005 -0.000001 -1 0.967992 -0.99919 0.000005 -0.249471 -3.877042 -0.000001 343.dat
1 16 12.011 -594.641 13.0035 0.000007 -0.000002 -1 0.963264 -1.069981 0.000007 -0.267145 -3.858105 -0.000001 343.dat
1 16 12.011 -593.0034 18.3234 0.000009 -0.000003 -1 0.955991 -1.989368 0.000009 -0.292104 -6.510764 -0.000002 343.dat
1 16 12.011 -591.2172 23.4927 0.000012 -0.000004 -1 0.9463 -2.193805 0.000012 -0.322122 -6.444754 -0.000003 343.dat
1 16 12.011 -589.1898 28.8401 0.000016 -0.000005 -1 0.93575 -2.394505 0.000014 -0.351591 -6.372909 -0.000004 343.dat
1 16 12.011 -586.9985 34.1225 0.000019 -0.000007 -1 0.924451 -2.590084 0.000018 -0.380308 -6.295959 -0.000006 343.dat
1 16 12.011 -584.7492 39.1075 0.000022 -0.000008 -1 0.912409 -2.781106 0.000021 -0.408356 -6.213942 -0.000009 343.dat
1 16 12.011 -583.5427 41.5923 0.000026 -0.000005 -1 0.90225 -1.723597 0.000024 -0.430336 -3.613731 -0.00001 343.dat
1 16 12.011 -582.2568 44.1463 0.000027 -0.000006 -1 0.89413 -1.79019 0.000025 -0.446962 -3.581209 -0.000011 343.dat
1 16 12.011 -580.9196 46.6739 0.000029 -0.000006 -1 0.885689 -1.856288 0.000026 -0.463465 -3.547398 -0.000012 343.dat
1 16 12.011 -579.5309 49.1735 0.000031 -0.000007 -1 0.875477 -1.932441 0.000027 -0.482478 -3.506496 -0.000014 343.dat
