0 Main
0 Name: 51515 - Robot Inventor - Blast.mpd
0 Author: LTRON
1 16 0 0 -70 0 0 -1 -1 0 0 0 1 0 u9393.dat
1 47 -80 -40 -79 0 0 -1 -1 0 0 0 1 0 u9394.dat
1 47 80 0 -78 0 0 -1 -1 0 0 0 1 0 u9395.dat
1 16 80 0 -77.7 0 0 -1 -1 0 0 0 1 0 u9396.dat
1 16 80 0 -78.7 0 0 -1 -1 0 0 0 1 0 u9397.dat
1 16 80 0 -78.7 0 0 1 1 0 0 0 1 0 u9397.dat
1 16 -80 -40 -78.7 0 0 -1 -1 0 0 0 1 0 u9398.dat
1 494 -106 0 -70 0 1 0 1 0 0 0 0 -1 u9401.dat
1 3 0 0 -30 0 0 -1 -1 0 0 0 1 0 u9402.dat
1 71 0 -69 -68 -1 0 0 0 0 1 0 1 0 u9320.dat
1 71 -40 -69 -68 -1 0 0 0 0 1 0 1 0 u9320.dat
1 71 40 -69 -68 -1 0 0 0 0 1 0 1 0 u9320.dat
1 71 0 69 -68 1 0 0 0 0 -1 0 1 0 u9320.dat
1 71 40 69 -68 1 0 0 0 0 -1 0 1 0 u9320.dat
1 71 -40 69 -68 1 0 0 0 0 -1 0 1 0 u9320.dat
1 3 0 0 -57 0 0 -1 -1 0 0 0 1 0 u9474.dat
1 494 -17.5 -60 -53 0 0 -1 1 0 0 0 -1 0 u9265.dat
1 494 -17.5 60 -53 0 0 -1 1 0 0 0 -1 0 u9265.dat
1 494 17.5 -60 -53 0 0 -1 1 0 0 0 -1 0 u9265.dat
1 494 17.5 60 -53 0 0 -1 1 0 0 0 -1 0 u9265.dat
1 3 0 0 0 0 0 -1 -1 0 0 0 1 0 67704.dat
1 71 -80 80 -30 -1 0 0 0 0 1 0 1 0 48989.dat
1 71 80 80 -30 -1 0 0 0 0 1 0 1 0 48989.dat
1 15 120 -40 -50 -1 0 0 0 0.866 -0.5 0 -0.5 -0.866 15100.dat
1 71 120 -48.66 -45 0 -1 0 -0.866 0 -0.5 0.5 0 -0.866 4274.dat
1 0 120 -31.34 -55 -1 0 0 0 0.866 -0.5 0 -0.5 -0.866 2569.dat
1 15 -120 -40 -50 1 0 0 0 0.866 0.5 0 -0.5 0.866 15100.dat
1 71 -120 -48.66 -45 0 1 0 -0.866 0 0.5 0.5 0 0.866 4274.dat
1 0 -120 -31.34 -55 -1 0 0 0 0.866 -0.5 0 -0.5 -0.866 2569.dat
1 0 0 300 -50 0 0 -1 1 0 0 0 -1 0 64179.dat
1 1 20 260 -40 0 0 -1 0 1 0 1 0 0 43093.dat
1 1 -20 260 -40 0 0 -1 0 1 0 1 0 0 43093.dat
1 71 0 260 -30 0 -1 0 0 0 1 -1 0 0 32184.dat
1 4 0 290 -30 0 -1 0 1 0 0 0 0 1 3706.dat
1 0 0 280 -30 0 -1 0 0 0 1 -1 0 0 32498.dat
1 15 0 350 -30 0 -1 0 0 0 1 -1 0 0 59443.dat
1 71 60 360 -30 -1 0 0 0 1 0 0 0 -1 48989.dat
1 71 -60 360 -30 -1 0 0 0 1 0 0 0 -1 48989.dat
1 0 0 380 -50 0 0 -1 1 0 0 0 -1 0 32524.dat
1 71 0 380 -30 0 0 -1 0 -1 0 -1 0 0 87082.dat
1 4 0 370 -30 0 0 -1 1 0 0 0 -1 0 32062.dat
1 1 20 380 -30 0 0 -1 0 -1 0 -1 0 0 6558.dat
1 1 20 340 -30 0 0 -1 0 -1 0 -1 0 0 6558.dat
1 3 20 340 -30 -1 0 0 0 0 1 0 1 0 32316.dat
1 1 -20 380 -30 0 0 -1 0 -1 0 -1 0 0 6558.dat
1 1 -20 340 -30 0 0 -1 0 -1 0 -1 0 0 6558.dat
1 3 -20 340 -30 -1 0 0 0 0 1 0 1 0 32316.dat
1 0 20 300 -20 0 0 -1 0 -1 0 -1 0 0 2780.dat
1 0 -20 300 -20 0 0 -1 0 -1 0 -1 0 0 2780.dat
1 3 0 300 -10 0 0 1 1 0 0 0 1 0 32316.dat
1 0 0 300 -10 0 0 -1 1 0 0 0 -1 0 64179.dat
1 0 0 380 -10 0 0 -1 1 0 0 0 -1 0 32524.dat
1 1 60 320 -50 -1 0 0 0 0 -1 0 -1 0 6558.dat
1 3 80 320 -50 0 -1 0 0 0 -1 1 0 0 18654.dat
1 1 -60 320 -50 1 0 0 0 0 -1 0 1 0 6558.dat
1 3 -80 320 -50 0 -1 0 0 0 -1 1 0 0 18654.dat
1 72 60 320 -10 1 0 0 0 0 -1 0 1 0 11214.dat
1 3 80 320 -10 0 0 -1 1 0 0 0 -1 0 49283.dat
1 3 -80 320 -10 0 0 1 -1 0 0 0 -1 0 49283.dat
1 72 -60 320 -10 -1 0 0 0 0 1 0 1 0 11214.dat
1 3 40 320 -50 0 1 0 -1 0 0 0 0 1 32526.dat
1 0 50 320 10 -1 0 0 0 -1 0 0 0 1 6628.dat
1 0 -50 320 10 1 0 0 0 1 0 0 0 1 6628.dat
1 3 -40 320 -50 0 1 0 -1 0 0 0 0 1 32526.dat
1 71 0 220 -30 1 0 0 0 0 -1 0 1 0 65414.dat
1 0 -60 260 -60 0 1 0 0 0 -1 -1 0 0 2780.dat
1 0 60 260 -60 0 1 0 0 0 -1 -1 0 0 2780.dat
1 15 -40 380 -70 0 1 0 0 0 1 1 0 0 15100.dat
1 15 40 380 -70 0 1 0 0 0 1 1 0 0 15100.dat
1 19 70 180 -30 -1 0 0 0 0 1 0 1 0 99008.dat
1 0 40 180 -30 0 0 -1 -1 0 0 0 1 0 32270.dat
1 3 60 160 -30 0 -1 0 0 0 -1 1 0 0 39793.dat
1 0 80 180 -30 0 0 -1 -1 0 0 0 1 0 32270.dat
1 72 130 140 -30 -1 0 0 0 0 1 0 1 0 55013.dat
1 19 80 140 -30 0 0 -1 -1 0 0 0 1 0 18575.dat
1 3 100 160 -30 0 -1 0 0 0 -1 1 0 0 39793.dat
1 0 120 160 -30 0 0 1 0 -1 0 1 0 0 98585.dat
1 0 60 140 -60 0 0 1 0 -1 0 1 0 0 2780.dat
1 72 100 140 -70 0 0 1 0 1 0 -1 0 0 11214.dat
1 0 100 180 -60 0 0 1 0 -1 0 1 0 0 2780.dat
1 0 0 200 -70 0 0 1 1 0 0 0 1 0 39794.dat
1 0 -60 140 -60 0 0 1 0 -1 0 1 0 0 2780.dat
1 0 -100 180 -60 0 0 1 0 -1 0 1 0 0 2780.dat
1 72 -100 140 -70 0 0 1 0 1 0 -1 0 0 11214.dat
1 0 -40 180 -30 0 0 1 1 0 0 0 1 0 32270.dat
1 3 -60 160 -30 0 1 0 0 0 -1 -1 0 0 39793.dat
1 0 -80 180 -30 0 0 1 1 0 0 0 1 0 32270.dat
1 72 -130 140 -30 1 0 0 0 0 -1 0 1 0 55013.dat
1 19 -80 140 -30 0 0 1 1 0 0 0 1 0 18575.dat
1 3 -100 160 -30 0 1 0 0 0 -1 -1 0 0 39793.dat
1 0 -120 160 -30 0 0 -1 0 -1 0 -1 0 0 98585.dat
1 0 -60 180 -60 0 0 1 0 -1 0 1 0 0 2780.dat
1 0 60 180 -60 0 0 1 0 -1 0 1 0 0 2780.dat
1 0 0 180 -70 0 0 1 1 0 0 0 1 0 32524.dat
1 0 -20 180 -60 0 0 1 0 -1 0 1 0 0 2780.dat
1 0 20 180 -60 0 0 1 0 -1 0 1 0 0 2780.dat
1 3 0 180 -30 0 0 -1 0 1 0 1 0 0 39793.dat
1 1 -20 170 -30 0 0 -1 -1 0 0 0 1 0 43093.dat
1 1 20 170 -30 0 0 -1 -1 0 0 0 1 0 43093.dat
1 0 -60 180 0 0 0 -1 0 1 0 1 0 0 2780.dat
1 0 -20 180 0 0 0 -1 0 1 0 1 0 0 2780.dat
1 0 20 180 0 0 0 -1 0 1 0 1 0 0 2780.dat
1 0 60 180 0 0 0 -1 0 1 0 1 0 0 2780.dat
1 0 0 180 10 0 0 -1 1 0 0 0 -1 0 32524.dat
1 0 -100 180 0 0 0 -1 0 1 0 1 0 0 2780.dat
1 0 100 180 0 0 0 -1 0 1 0 1 0 0 2780.dat
1 0 60 260 0 0 0 -1 0 1 0 1 0 0 2780.dat
1 0 -60 260 0 0 0 -1 0 1 0 1 0 0 2780.dat
1 14 0 162 -30 0 0 -1 -1 0 0 0 1 0 32073.dat
1 15 0 162 -30 1 0 0 0 -1 0 0 0 -1 60483.dat
1 15 0 102 -30 0 1 0 0 0 -1 -1 0 0 32013.dat
1 0 0 200 10 0 0 1 1 0 0 0 1 0 39794.dat
1 1 100 140 10 0 0 1 0 1 0 -1 0 0 6558.dat
1 1 60 140 10 0 0 1 0 1 0 -1 0 0 6558.dat
1 1 -60 140 10 0 0 1 0 1 0 -1 0 0 6558.dat
1 1 -100 140 10 0 0 1 0 1 0 -1 0 0 6558.dat
1 1 -40 150 10 0 1 0 1 0 0 0 0 -1 43093.dat
1 1 40 150 10 0 1 0 1 0 0 0 0 -1 43093.dat
1 71 -40 160 30 0 0 -1 1 0 0 0 -1 0 32184.dat
1 71 40 160 30 0 0 -1 1 0 0 0 -1 0 32184.dat
1 1 -40 170 50 0 0 -1 -1 0 0 0 1 0 43093.dat
1 1 40 170 50 0 0 -1 -1 0 0 0 1 0 43093.dat
1 3 0 140 -10 0 0 -1 -1 0 0 0 1 0 32316.dat
1 1 -40 140 -30 0 0 1 0 -1 0 1 0 0 6558.dat
1 1 40 140 -30 0 0 1 0 -1 0 1 0 0 6558.dat
1 3 0 140 -50 0 0 -1 -1 0 0 0 1 0 32316.dat
1 15 40 140 -30 0 0 -1 -1 0 0 0 1 0 18654.dat
1 15 -40 140 -30 0 0 -1 -1 0 0 0 1 0 18654.dat
1 70 20 140 -30 0 0 -1 0 1 0 1 0 0 15462.dat
1 70 -20 140 -30 0 0 -1 0 1 0 1 0 0 15462.dat
1 71 0 120 -30 1 0 0 0 1 0 0 0 1 99009.dat
1 0 0 120 -30 1 0 0 0 1 0 0 0 1 99010.dat
1 0 -80 140 30 0 0 -1 1 0 0 0 -1 0 32524.dat
1 0 80 140 30 0 0 -1 1 0 0 0 -1 0 32524.dat
1 1 20 100 -30 0 0 -1 0 -1 0 -1 0 0 6558.dat
1 1 0 102 -30 0 0 -1 0 -1 0 -1 0 0 6558.dat
1 1 -20 100 -30 0 0 -1 0 -1 0 -1 0 0 6558.dat
1 0 0 100 -10 0 0 -1 1 0 0 0 -1 0 32524.dat
1 0 0 100 -50 0 0 -1 1 0 0 0 -1 0 32524.dat
1 71 -40 100 -60 0 0 -1 0 -1 0 -1 0 0 4274.dat
1 71 40 100 -60 0 0 -1 0 -1 0 -1 0 0 4274.dat
1 0 0 100 -68 -1 0 0 0 0 1 0 1 0 6636.dat
1 0 -90 240 -70 -1 0 0 0 0 1 0 1 0 2780.dat
1 0 -90 200 -70 -1 0 0 0 0 1 0 1 0 2780.dat
1 71 -80 220 -30 0 1 0 -1 0 0 0 0 1 14720.dat
1 0 -90 200 10 -1 0 0 0 0 1 0 1 0 2780.dat
1 0 -90 240 10 -1 0 0 0 0 1 0 1 0 2780.dat
1 0 90 200 -70 1 0 0 0 0 -1 0 1 0 2780.dat
1 0 90 240 -70 1 0 0 0 0 -1 0 1 0 2780.dat
1 71 80 220 -30 0 -1 0 1 0 0 0 0 1 14720.dat
1 0 90 240 10 1 0 0 0 0 -1 0 1 0 2780.dat
1 0 90 200 10 1 0 0 0 0 -1 0 1 0 2780.dat
1 71 -40 280 30 1 0 0 0 0 -1 0 1 0 32054.dat
1 71 -40 320 30 1 0 0 0 0 -1 0 1 0 32054.dat
1 71 40 280 30 -1 0 0 0 0 -1 0 -1 0 32054.dat
1 71 40 320 30 -1 0 0 0 0 -1 0 -1 0 32054.dat
1 16 0 300 70 -1 0 0 0 0 -1 0 -1 0 u9364.dat
1 16 0 300 30 -1 0 0 0 0 -1 0 -1 0 u9365.dat
1 71 0 160 50 -1 0 0 0 0 -1 0 -1 0 u9366.dat
1 71 0 160 50 -1 0 0 0 0 -1 0 -1 0 u9471.dat
1 71 0 300 100 -1 0 0 0 0 -1 0 -1 0 u9363.dat
1 47 0 -69 -68 -1 0 0 0 0 1 0 1 0 23816.dat
1 16 -0.001 156.2499 50.0101 0 0 -1 0.013404 1.000023 0 0.99991 -0.013406 0 u9218.dat
1 16 -0.001 155.75 50.0309 0 0 -1 0.032283 0.999591 0 0.999479 -0.032287 0 u9218.dat
1 16 -0.001 155.2501 50.0471 0 0 -1 0.032321 0.99959 0 0.999478 -0.032324 0 u9218.dat
1 16 -0.001 154.7511 50.0842 0 0 -1 0.060254 0.998296 0 0.998183 -0.060261 0 u9218.dat
1 16 -0.001 154.2518 50.1144 0 0 -1 0.060328 0.998291 0 0.998179 -0.060335 0 u9218.dat
1 16 -0.001 153.7544 50.1693 0 0 -1 0.093247 0.995755 0 0.995643 -0.093257 0 u9218.dat
1 16 -0.001 153.258 50.2323 0 0 -1 0.115106 0.993465 0 0.993353 -0.115119 0 u9218.dat
1 16 -0.001 152.7611 50.29 0 0 -1 0.115221 0.993452 0 0.99334 -0.115234 0 u9218.dat
1 16 -0.001 152.2674 50.3715 0 0 -1 0.147011 0.989246 0 0.989135 -0.147027 0 u9218.dat
1 16 -0.001 151.7726 50.4452 0 0 -1 0.147185 0.98922 0 0.989109 -0.147202 0 u9218.dat
1 16 -0.001 151.2828 50.5478 0 0 -1 0.185822 0.982694 0 0.982583 -0.185843 0 u9218.dat
1 16 -0.001 150.7948 50.6585 0 0 -1 0.2095 0.977919 0 0.977809 -0.209524 0 u9218.dat
1 16 -0.001 150.3057 50.7634 0 0 -1 0.209725 0.977871 0 0.97776 -0.209749 0 u9218.dat
1 16 -0.001 149.8234 50.897 0 0 -1 0.247887 0.968898 0 0.968789 -0.247915 0 u9218.dat
1 16 -0.001 149.3439 51.0401 0 0 -1 0.273431 0.962 0 0.961892 -0.273462 0 u9218.dat
1 16 -0.001 148.8628 51.1772 0 0 -1 0.273738 0.961913 0 0.961804 -0.273769 0 u9218.dat
1 16 -0.001 148.3915 51.3457 0 0 -1 0.315866 0.948911 0 0.948804 -0.315901 0 u9218.dat
1 16 -0.001 147.9239 51.524 0 0 -1 0.342921 0.93947 0 0.939364 -0.34296 0 u9218.dat
1 16 -0.001 147.4617 51.7156 0 0 -1 0.369688 0.929261 0 0.929156 -0.369729 0 u9218.dat
1 16 -0.001 146.997 51.9008 0 0 -1 0.370094 0.929099 0 0.928994 -0.370135 0 u9218.dat
1 16 -0.001 146.5466 52.1194 0 0 -1 0.414622 0.910096 0 0.909994 -0.414669 0 u9218.dat
1 16 -0.001 146.1023 52.3497 0 0 -1 0.4452 0.895532 0 0.895431 -0.44525 0 u9218.dat
1 16 -0.001 145.6657 52.5943 0 0 -1 0.474382 0.880418 0 0.880319 -0.474435 0 u9218.dat
1 16 -0.001 145.2256 52.832 0 0 -1 0.474936 0.880119 0 0.88002 -0.47499 0 u9218.dat
1 16 -0.001 144.8072 53.1073 0 0 -1 0.525239 0.851051 0 0.850955 -0.525298 0 u9218.dat
1 16 -0.001 144.397 53.3941 0 0 -1 0.557252 0.830437 0 0.830343 -0.557315 0 u9218.dat
1 16 -0.001 143.9978 53.696 0 0 -1 0.588171 0.808827 0 0.808736 -0.588238 0 u9218.dat
1 16 -0.001 143.6108 54.0134 0 0 -1 0.619026 0.785459 0 0.785371 -0.619095 0 u9218.dat
1 16 -0.001 143.2367 54.3459 0 0 -1 0.64948 0.760464 0 0.760379 -0.649553 0 u9218.dat
1 16 -0.001 142.8569 54.6713 0 0 -1 0.650232 0.759821 0 0.759736 -0.650305 0 u9218.dat
1 16 -0.001 142.5139 55.0368 0 0 -1 0.703862 0.710417 0 0.710337 -0.703941 0 u9218.dat
1 16 -0.001 142.184 55.4134 0 0 -1 0.736539 0.676471 0 0.676395 -0.736622 0 u9218.dat
1 16 -0.001 141.8716 55.8046 0 0 -1 0.766836 0.641915 0 0.641843 -0.766923 0 u9218.dat
1 16 -0.001 141.578 56.21 0 0 -1 0.796043 0.605309 0 0.60524 -0.796132 0 u9218.dat
1 16 -0.001 141.3044 56.6293 0 0 -1 0.82415 0.566436 0 0.566372 -0.824243 0 u9218.dat
1 16 -0.001 141.0519 57.0617 0 0 -1 0.850952 0.525303 0 0.525244 -0.851048 0 u9218.dat
1 16 -0.001 140.8217 57.5063 0 0 -1 0.876201 0.482001 0 0.481947 -0.876299 0 u9218.dat
1 16 -0.001 140.6146 57.9622 0 0 -1 0.89964 0.436681 0 0.436632 -0.899741 0 u9218.dat
1 16 -0.001 140.4315 58.4282 0 0 -1 0.921023 0.389551 0 0.389507 -0.921127 0 u9218.dat
1 16 -0.001 140.2726 58.903 0 0 -1 0.939802 0.341758 0 0.341719 -0.939908 0 u9218.dat
1 16 -0.001 140.1029 59.3736 0 0 -1 0.940431 0.340023 0 0.339984 -0.940537 0 u9218.dat
1 16 -0.001 140.004 59.8658 0 0 -1 0.969492 0.245149 0 0.245122 -0.969602 0 u9218.dat
1 16 -0.001 139.9211 60.3596 0 0 -1 0.981338 0.192313 0 0.192291 -0.981449 0 u9218.dat
1 16 -0.001 139.8635 60.857 0 0 -1 0.990044 0.140774 0 0.140758 -0.990156 0 u9218.dat
1 16 -0.001 139.8315 61.3567 0 0 -1 0.99598 0.089582 0 0.089571 -0.996093 0 u9218.dat
1 16 -0.001 139.8247 61.8574 0 0 -1 0.99924 0.038973 0 0.038969 -0.999353 0 u9218.dat
1 16 -0.001 139.8425 62.3577 0 0 -1 0.999942 -0.010756 0 -0.010755 -1.000055 0 u9218.dat
1 16 -0.001 139.8843 62.8566 0 0 -1 0.998238 -0.059342 0 -0.059335 -0.998351 0 u9218.dat
1 16 -0.001 139.9494 63.353 0 0 -1 0.994308 -0.10656 0 -0.106548 -0.99442 0 u9218.dat
1 16 -0.001 140.037 63.8459 0 0 -1 0.988347 -0.152233 0 -0.152216 -0.988459 0 u9218.dat
1 16 -0.001 140.1454 64.3346 0 0 -1 0.980757 -0.195254 0 -0.195232 -0.980868 0 u9218.dat
1 16 -0.001 140.2443 64.8249 0 0 -1 0.980416 -0.196959 0 -0.196937 -0.980527 0 u9218.dat
1 16 -0.001 140.3965 65.3025 0 0 -1 0.963285 -0.268513 0 -0.268483 -0.963393 0 u9218.dat
1 16 -0.001 140.5622 65.7748 0 0 -1 0.950601 -0.310449 0 -0.310414 -0.950709 0 u9218.dat
1 16 -0.001 140.7455 66.2406 0 0 -1 0.937592 -0.347775 0 -0.347736 -0.937698 0 u9218.dat
1 16 -0.001 140.9451 66.6995 0 0 -1 0.924203 -0.381945 0 -0.381902 -0.924307 0 u9218.dat
1 16 -0.001 141.1372 67.1614 0 0 -1 0.923615 -0.383364 0 -0.383321 -0.923719 0 u9218.dat
1 16 -0.001 141.3694 67.6051 0 0 -1 0.899294 -0.437394 0 -0.437345 -0.899395 0 u9218.dat
1 16 -0.001 141.6123 68.0427 0 0 -1 0.882938 -0.469543 0 -0.46949 -0.883037 0 u9218.dat
1 16 -0.001 141.8682 68.4728 0 0 -1 0.867452 -0.497576 0 -0.49752 -0.86755 0 u9218.dat
1 16 -0.001 142.118 68.9062 0 0 -1 0.866773 -0.498758 0 -0.498702 -0.866871 0 u9218.dat
1 16 -0.001 142.3989 69.3206 0 0 -1 0.841235 -0.54073 0 -0.540669 -0.84133 0 u9218.dat
1 16 -0.001 142.6886 69.7286 0 0 -1 0.824222 -0.56633 0 -0.566266 -0.824315 0 u9218.dat
1 16 -0.001 142.9726 70.1404 0 0 -1 0.823476 -0.567415 0 -0.567351 -0.823569 0 u9218.dat
1 16 -0.001 143.2839 70.5324 0 0 -1 0.797009 -0.604035 0 -0.603967 -0.797099 0 u9218.dat
1 16 -0.001 143.602 70.9186 0 0 -1 0.780391 -0.625363 0 -0.625292 -0.780479 0 u9218.dat
1 16 -0.001 143.9155 71.3084 0 0 -1 0.779638 -0.626301 0 -0.62623 -0.779726 0 u9218.dat
1 16 -0.001 144.2514 71.6795 0 0 -1 0.754356 -0.656539 0 -0.656465 -0.754441 0 u9218.dat
1 16 -0.001 144.5936 72.0445 0 0 -1 0.737901 -0.674986 0 -0.674909 -0.737984 0 u9218.dat
1 16 -0.001 144.9318 72.413 0 0 -1 0.737165 -0.675789 0 -0.675713 -0.737248 0 u9218.dat
1 16 -0.001 145.2881 72.7645 0 0 -1 0.714139 -0.700083 0 -0.700004 -0.714219 0 u9218.dat
1 16 -0.001 145.6389 73.1211 0 0 -1 0.713306 -0.700932 0 -0.700853 -0.713386 0 u9218.dat
1 16 -0.001 146.0085 73.4585 0 0 -1 0.68748 -0.726285 0 -0.726203 -0.687557 0 u9218.dat
1 16 -0.001 146.3825 73.7908 0 0 -1 0.672035 -0.740603 0 -0.74052 -0.67211 0 u9218.dat
1 16 -0.001 146.7534 74.1265 0 0 -1 0.671316 -0.741255 0 -0.741171 -0.671392 0 u9218.dat
1 16 -0.001 147.1379 74.4466 0 0 -1 0.650504 -0.759589 0 -0.759503 -0.650577 0 u9218.dat
1 16 -0.001 147.5183 74.7715 0 0 -1 0.649713 -0.760265 0 -0.760179 -0.649786 0 u9218.dat
1 16 -0.001 147.9124 75.0798 0 0 -1 0.627441 -0.778752 0 -0.778664 -0.627512 0 u9218.dat
1 16 -0.001 148.3024 75.393 0 0 -1 0.626641 -0.779396 0 -0.779308 -0.626712 0 u9218.dat
1 16 -0.001 148.7051 75.69 0 0 -1 0.604715 -0.796531 0 -0.796442 -0.604784 0 u9218.dat
1 16 -0.001 149.1039 75.9919 0 0 -1 0.603927 -0.79713 0 -0.79704 -0.603995 0 u9218.dat
1 16 -0.001 149.5143 76.2782 0 0 -1 0.582893 -0.812641 0 -0.812549 -0.582958 0 u9218.dat
1 16 -0.001 149.9212 76.5692 0 0 -1 0.582119 -0.813195 0 -0.813104 -0.582185 0 u9218.dat
1 16 -0.001 150.3384 76.8453 0 0 -1 0.562018 -0.827218 0 -0.827125 -0.562082 0 u9218.dat
1 16 -0.001 150.7525 77.1259 0 0 -1 0.561258 -0.827734 0 -0.827641 -0.561322 0 u9218.dat
1 16 -0.001 151.1761 77.3922 0 0 -1 0.542013 -0.840465 0 -0.84037 -0.542074 0 u9218.dat
1 16 -0.001 151.5968 77.6628 0 0 -1 0.541265 -0.840947 0 -0.840852 -0.541326 0 u9218.dat
1 16 -0.001 152.0261 77.9197 0 0 -1 0.522793 -0.852556 0 -0.85246 -0.522852 0 u9218.dat
1 16 -0.001 152.4529 78.1806 0 0 -1 0.522055 -0.853008 0 -0.852912 -0.522114 0 u9218.dat
1 16 -0.001 152.8875 78.4285 0 0 -1 0.504286 -0.863634 0 -0.863537 -0.504343 0 u9218.dat
1 16 -0.001 153.3198 78.6802 0 0 -1 0.503558 -0.864059 0 -0.863961 -0.503615 0 u9218.dat
1 16 -0.001 153.7593 78.9192 0 0 -1 0.486434 -0.873816 0 -0.873717 -0.486489 0 u9218.dat
1 16 -0.001 154.1966 79.162 0 0 -1 0.485715 -0.874216 0 -0.874117 -0.48577 0 u9218.dat
1 16 -0.001 154.6406 79.3926 0 0 -1 0.469185 -0.8832 0 -0.8831 -0.469238 0 u9218.dat
1 16 -0.001 155.0824 79.6273 0 0 -1 0.469185 -0.8832 0 -0.8831 -0.469238 0 u9218.dat
1 16 -0.001 155.5245 79.8612 0 0 -1 0.468199 -0.883723 0 -0.883623 -0.468251 0 u9218.dat
1 16 -0.001 155.975 80.0789 0 0 -1 0.446237 -0.895016 0 -0.894915 -0.446287 0 u9218.dat
1 16 -0.001 156.4229 80.3016 0 0 -1 0.445511 -0.895377 0 -0.895276 -0.445561 0 u9218.dat
1 16 -0.001 156.8765 80.5126 0 0 -1 0.429731 -0.903059 0 -0.902957 -0.429779 0 u9218.dat
1 16 -0.001 157.3282 80.7276 0 0 -1 0.429731 -0.903059 0 -0.902957 -0.429779 0 u9218.dat
1 16 -0.001 157.7802 80.9418 0 0 -1 0.42876 -0.90352 0 -0.903419 -0.428808 0 u9218.dat
1 16 -0.001 158.2392 81.1409 0 0 -1 0.40828 -0.912959 0 -0.912857 -0.408326 0 u9218.dat
1 16 -0.001 158.6961 81.3447 0 0 -1 0.40759 -0.913268 0 -0.913165 -0.407636 0 u9218.dat
1 16 -0.001 159.1575 81.5379 0 0 -1 0.393363 -0.919487 0 -0.919383 -0.393407 0 u9218.dat
1 16 -0.001 159.6174 81.7346 0 0 -1 0.393363 -0.919487 0 -0.919383 -0.393407 0 u9218.dat
1 16 -0.001 160.0776 81.9307 0 0 -1 0.392438 -0.919882 0 -0.919779 -0.392482 0 u9218.dat
1 16 -0.001 160.5435 82.1131 0 0 -1 0.373915 -0.927567 0 -0.927463 -0.373957 0 u9218.dat
1 16 -0.001 161.0076 82.2997 0 0 -1 0.373237 -0.927841 0 -0.927736 -0.373279 0 u9218.dat
1 16 -0.001 161.4756 82.4764 0 0 -1 0.359935 -0.933083 0 -0.932978 -0.359975 0 u9218.dat
1 16 -0.001 161.9424 82.6564 0 0 -1 0.359935 -0.933083 0 -0.932978 -0.359975 0 u9218.dat
1 16 -0.001 162.4093 82.8358 0 0 -1 0.35906 -0.93342 0 -0.933315 -0.3591 0 u9218.dat
1 16 -0.001 162.8808 83.0029 0 0 -1 0.342382 -0.939667 0 -0.939561 -0.34242 0 u9218.dat
1 16 -0.001 163.3508 83.1742 0 0 -1 0.342382 -0.939667 0 -0.939561 -0.34242 0 u9218.dat
1 16 -0.001 163.8211 83.3448 0 0 -1 0.341472 -0.939998 0 -0.939892 -0.34151 0 u9218.dat
1 16 -0.001 164.2957 83.5029 0 0 -1 0.324601 -0.945957 0 -0.945851 -0.324638 0 u9218.dat
1 16 -0.001 164.7688 83.6653 0 0 -1 0.324601 -0.945957 0 -0.945851 -0.324638 0 u9218.dat
1 16 -0.001 165.2422 83.827 0 0 -1 0.323706 -0.946264 0 -0.946158 -0.323742 0 u9218.dat
1 16 -0.001 165.7195 83.9768 0 0 -1 0.307563 -0.951635 0 -0.951528 -0.307598 0 u9218.dat
1 16 -0.001 166.1957 84.1302 0 0 -1 0.306917 -0.951843 0 -0.951736 -0.306952 0 u9218.dat
1 16 -0.001 166.6745 84.2751 0 0 -1 0.295491 -0.955453 0 -0.955346 -0.295524 0 u9218.dat
1 16 -0.001 167.1523 84.423 0 0 -1 0.295491 -0.955453 0 -0.955346 -0.295524 0 u9218.dat
1 16 -0.001 167.6304 84.5702 0 0 -1 0.294683 -0.955703 0 -0.955595 -0.294717 0 u9218.dat
1 16 -0.001 168.1116 84.7071 0 0 -1 0.280771 -0.959883 0 -0.959775 -0.280802 0 u9218.dat
1 16 -0.001 168.5917 84.8476 0 0 -1 0.280771 -0.959883 0 -0.959775 -0.280802 0 u9218.dat
1 16 -0.001 169.072 84.9874 0 0 -1 0.279934 -0.960127 0 -0.960019 -0.279965 0 u9218.dat
1 16 -0.001 169.5552 85.1169 0 0 -1 0.265878 -0.964115 0 -0.964007 -0.265908 0 u9218.dat
1 16 -0.001 170.0374 85.2499 0 0 -1 0.265878 -0.964115 0 -0.964007 -0.265908 0 u9218.dat
1 16 -0.001 170.5196 85.3829 0 0 -1 0.265878 -0.964115 0 -0.964007 -0.265908 0 u9218.dat
1 16 -0.001 171.0021 85.5151 0 0 -1 0.264779 -0.964418 0 -0.964309 -0.264809 0 u9218.dat
1 16 -0.001 171.488 85.6341 0 0 -1 0.246915 -0.969146 0 -0.969037 -0.246943 0 u9218.dat
1 16 -0.001 171.9727 85.7576 0 0 -1 0.246915 -0.969146 0 -0.969037 -0.246943 0 u9218.dat
1 16 -0.001 172.4576 85.8805 0 0 -1 0.246098 -0.969354 0 -0.969245 -0.246126 0 u9218.dat
1 16 -0.001 172.9448 85.9939 0 0 -1 0.233146 -0.972551 0 -0.972442 -0.233172 0 u9218.dat
1 16 -0.001 173.4313 86.1105 0 0 -1 0.233146 -0.972551 0 -0.972442 -0.233172 0 u9218.dat
1 16 -0.001 173.9179 86.2266 0 0 -1 0.232344 -0.972743 0 -0.972634 -0.23237 0 u9218.dat
1 16 -0.001 174.4066 86.3335 0 0 -1 0.219935 -0.975625 0 -0.975515 -0.219959 0 u9218.dat
1 16 -0.001 174.8945 86.4435 0 0 -1 0.219935 -0.975625 0 -0.975515 -0.219959 0 u9218.dat
1 16 -0.001 175.3826 86.5529 0 0 -1 0.219142 -0.975803 0 -0.975693 -0.219167 0 u9218.dat
1 16 -0.001 175.8727 86.6536 0 0 -1 0.207175 -0.978414 0 -0.978304 -0.207198 0 u9218.dat
1 16 -0.001 176.362 86.7572 0 0 -1 0.207175 -0.978414 0 -0.978304 -0.207198 0 u9218.dat
1 16 -0.001 176.8514 86.8608 0 0 -1 0.207175 -0.978414 0 -0.978304 -0.207198 0 u9218.dat
1 16 -0.001 177.3409 86.9637 0 0 -1 0.20617 -0.978626 0 -0.978516 -0.206193 0 u9218.dat
1 16 -0.001 177.8327 87.0558 0 0 -1 0.191444 -0.981614 0 -0.981504 -0.191465 0 u9218.dat
1 16 -0.001 178.3236 87.1516 0 0 -1 0.191444 -0.981614 0 -0.981504 -0.191465 0 u9218.dat
1 16 -0.001 178.8147 87.2467 0 0 -1 0.190663 -0.981766 0 -0.981656 -0.190685 0 u9218.dat
1 16 -0.001 179.3073 87.3337 0 0 -1 0.179486 -0.983871 0 -0.98376 -0.179506 0 u9218.dat
1 16 -0.001 179.7995 87.4235 0 0 -1 0.179486 -0.983871 0 -0.98376 -0.179506 0 u9218.dat
1 16 -0.001 180.2915 87.5133 0 0 -1 0.179486 -0.983871 0 -0.98376 -0.179506 0 u9218.dat
1 16 -0.001 180.7838 87.6023 0 0 -1 0.178515 -0.984048 0 -0.983937 -0.178535 0 u9218.dat
1 16 -0.001 181.2777 87.6815 0 0 -1 0.165004 -0.986404 0 -0.986293 -0.165023 0 u9218.dat
1 16 -0.001 181.7711 87.764 0 0 -1 0.165004 -0.986404 0 -0.986293 -0.165023 0 u9218.dat
1 16 -0.001 182.2646 87.846 0 0 -1 0.164242 -0.986531 0 -0.98642 -0.16426 0 u9218.dat
1 16 -0.001 182.7593 87.9204 0 0 -1 0.153863 -0.988204 0 -0.988092 -0.15388 0 u9218.dat
1 16 -0.001 183.2535 87.9974 0 0 -1 0.153863 -0.988204 0 -0.988092 -0.15388 0 u9218.dat
1 16 -0.001 183.7478 88.0743 0 0 -1 0.153863 -0.988204 0 -0.988092 -0.15388 0 u9218.dat
1 16 -0.001 184.2422 88.1506 0 0 -1 0.152935 -0.988348 0 -0.988236 -0.152952 0 u9218.dat
1 16 -0.001 184.7379 88.2179 0 0 -1 0.140642 -0.990172 0 -0.990061 -0.140658 0 u9218.dat
1 16 -0.001 185.2331 88.2882 0 0 -1 0.140642 -0.990172 0 -0.990061 -0.140658 0 u9218.dat
1 16 -0.001 185.7284 88.3586 0 0 -1 0.140642 -0.990172 0 -0.990061 -0.140658 0 u9218.dat
1 16 -0.001 186.2237 88.4282 0 0 -1 0.139696 -0.990306 0 -0.990194 -0.139712 0 u9218.dat
1 16 -0.001 186.7203 88.489 0 0 -1 0.127508 -0.991949 0 -0.991838 -0.127522 0 u9218.dat
1 16 -0.001 187.2164 88.5527 0 0 -1 0.127508 -0.991949 0 -0.991838 -0.127522 0 u9218.dat
1 16 -0.001 187.7126 88.6165 0 0 -1 0.127508 -0.991949 0 -0.991838 -0.127522 0 u9218.dat
1 16 -0.001 188.2088 88.6796 0 0 -1 0.126577 -0.992069 0 -0.991957 -0.126591 0 u9218.dat
1 16 -0.001 188.7061 88.7342 0 0 -1 0.114897 -0.993489 0 -0.993377 -0.11491 0 u9218.dat
1 16 -0.001 189.203 88.7916 0 0 -1 0.114897 -0.993489 0 -0.993377 -0.11491 0 u9218.dat
1 16 -0.001 189.6999 88.8491 0 0 -1 0.114897 -0.993489 0 -0.993377 -0.11491 0 u9218.dat
1 16 -0.001 190.1969 88.9059 0 0 -1 0.113983 -0.993595 0 -0.993483 -0.113996 0 u9218.dat
1 16 -0.001 190.6948 88.9545 0 0 -1 0.102815 -0.994813 0 -0.994701 -0.102827 0 u9218.dat
1 16 -0.001 191.1923 89.006 0 0 -1 0.102815 -0.994813 0 -0.994701 -0.102827 0 u9218.dat
1 16 -0.001 191.6899 89.0574 0 0 -1 0.102815 -0.994813 0 -0.994701 -0.102827 0 u9218.dat
1 16 -0.001 192.1875 89.1082 0 0 -1 0.101916 -0.994905 0 -0.994793 -0.101928 0 u9218.dat
1 16 -0.001 192.6859 89.1511 0 0 -1 0.091211 -0.995944 0 -0.995832 -0.091222 0 u9218.dat
1 16 -0.001 193.1841 89.1967 0 0 -1 0.091211 -0.995944 0 -0.995832 -0.091222 0 u9218.dat
1 16 -0.001 193.6822 89.2424 0 0 -1 0.091211 -0.995944 0 -0.995832 -0.091222 0 u9218.dat
1 16 -0.001 194.1804 89.2873 0 0 -1 0.090326 -0.996024 0 -0.995912 -0.090336 0 u9218.dat
1 16 -0.001 194.6793 89.3248 0 0 -1 0.080041 -0.996904 0 -0.996792 -0.08005 0 u9218.dat
1 16 -0.001 195.1779 89.3648 0 0 -1 0.080041 -0.996904 0 -0.996792 -0.08005 0 u9218.dat
1 16 -0.001 195.6765 89.4049 0 0 -1 0.080041 -0.996904 0 -0.996792 -0.08005 0 u9218.dat
1 16 -0.001 196.1752 89.4442 0 0 -1 0.079167 -0.996974 0 -0.996861 -0.079176 0 u9218.dat
1 16 -0.001 196.6744 89.4764 0 0 -1 0.069265 -0.997711 0 -0.997598 -0.069273 0 u9218.dat
1 16 -0.001 197.1734 89.5111 0 0 -1 0.069265 -0.997711 0 -0.997598 -0.069273 0 u9218.dat
1 16 -0.001 197.6724 89.5457 0 0 -1 0.069265 -0.997711 0 -0.997598 -0.069273 0 u9218.dat
1 16 -0.001 198.1715 89.5797 0 0 -1 0.068402 -0.99777 0 -0.997658 -0.06841 0 u9218.dat
1 16 -0.001 198.671 89.6068 0 0 -1 0.058852 -0.998379 0 -0.998267 -0.058858 0 u9218.dat
1 16 -0.001 199.1704 89.6362 0 0 -1 0.058852 -0.998379 0 -0.998267 -0.058858 0 u9218.dat
1 16 -0.001 199.6697 89.6656 0 0 -1 0.058852 -0.998379 0 -0.998267 -0.058858 0 u9218.dat
1 16 -0.001 200.1691 89.6951 0 0 -1 0.058852 -0.998379 0 -0.998267 -0.058858 0 u9218.dat
1 16 -0.001 200.6685 89.7237 0 0 -1 0.057805 -0.99844 0 -0.998328 -0.057811 0 u9218.dat
1 16 -0.001 201.1683 89.7442 0 0 -1 0.046555 -0.999028 0 -0.998916 -0.04656 0 u9218.dat
1 16 -0.001 201.668 89.7675 0 0 -1 0.046555 -0.999028 0 -0.998916 -0.04656 0 u9218.dat
1 16 -0.001 202.1677 89.7908 0 0 -1 0.046555 -0.999028 0 -0.998916 -0.04656 0 u9218.dat
1 16 -0.001 202.6674 89.8134 0 0 -1 0.045711 -0.999067 0 -0.998955 -0.045716 0 u9218.dat
1 16 -0.001 203.1674 89.8297 0 0 -1 0.036846 -0.999434 0 -0.999321 -0.03685 0 u9218.dat
1 16 -0.001 203.6673 89.8481 0 0 -1 0.036846 -0.999434 0 -0.999321 -0.03685 0 u9218.dat
1 16 -0.001 204.1671 89.8665 0 0 -1 0.036846 -0.999434 0 -0.999321 -0.03685 0 u9218.dat
1 16 -0.001 204.667 89.885 0 0 -1 0.036846 -0.999434 0 -0.999321 -0.03685 0 u9218.dat
1 16 -0.001 205.1669 89.9026 0 0 -1 0.035831 -0.99947 0 -0.999358 -0.035835 0 u9218.dat
1 16 -0.001 205.6671 89.9128 0 0 -1 0.025467 -0.999788 0 -0.999676 -0.02547 0 u9218.dat
1 16 -0.001 206.1671 89.9255 0 0 -1 0.025467 -0.999788 0 -0.999676 -0.02547 0 u9218.dat
1 16 -0.001 206.6672 89.9382 0 0 -1 0.025467 -0.999788 0 -0.999676 -0.02547 0 u9218.dat
1 16 -0.001 207.1673 89.9504 0 0 -1 0.024641 -0.999809 0 -0.999696 -0.024644 0 u9218.dat
1 16 -0.001 207.6675 89.9565 0 0 -1 0.016393 -0.999978 0 -0.999866 -0.016395 0 u9218.dat
1 16 -0.001 208.1676 89.9647 0 0 -1 0.016393 -0.999978 0 -0.999866 -0.016395 0 u9218.dat
1 16 -0.001 208.6678 89.9729 0 0 -1 0.016393 -0.999978 0 -0.999866 -0.016395 0 u9218.dat
1 16 -0.001 209.168 89.9811 0 0 -1 0.016393 -0.999978 0 -0.999866 -0.016395 0 u9218.dat
1 16 -0.001 209.6681 89.9886 0 0 -1 0.015416 -0.999994 0 -0.999881 -0.015418 0 u9218.dat
1 16 -0.001 210.1684 89.9892 0 0 -1 0.005917 -1.000095 0 -0.999982 -0.005917 0 u9218.dat
1 16 -0.001 210.6686 89.9921 0 0 -1 0.005917 -1.000095 0 -0.999982 -0.005917 0 u9218.dat
1 16 -0.001 211.1688 89.9951 0 0 -1 0.005917 -1.000095 0 -0.999982 -0.005917 0 u9218.dat
1 16 -0.001 211.669 89.998 0 0 -1 0.005917 -1.000095 0 -0.999982 -0.005917 0 u9218.dat
1 16 -0.001 212.1692 90.0017 0 0 -1 0.006846 -1.000089 0 -0.999977 -0.006847 0 u9218.dat
1 16 -0.001 212.6694 90.0128 0 0 -1 0.01708 -0.999967 0 -0.999854 -0.017082 0 u9218.dat
1 16 -0.001 213.1692 90.034 0 0 -1 0.0339 -0.999538 0 -0.999425 -0.033904 0 u9218.dat
1 16 -0.001 213.6678 90.0755 0 0 -1 0.06673 -0.997883 0 -0.997771 -0.066738 0 u9218.dat
1 16 -0.001 214.1657 90.1247 0 0 -1 0.087796 -0.996251 0 -0.996138 -0.087806 0 u9218.dat
1 16 -0.001 214.6608 90.1984 0 0 -1 0.12752 -0.991948 0 -0.991836 -0.127534 0 u9218.dat
1 16 -0.001 215.1532 90.2872 0 0 -1 0.160842 -0.987091 0 -0.98698 -0.160861 0 u9218.dat
1 16 -0.001 215.6437 90.3859 0 0 -1 0.185171 -0.982817 0 -0.982706 -0.185192 0 u9218.dat
1 16 -0.001 216.1277 90.514 0 0 -1 0.232483 -0.97271 0 -0.9726 -0.232509 0 u9218.dat
1 16 -0.001 216.6062 90.6608 0 0 -1 0.273136 -0.962084 0 -0.961975 -0.273167 0 u9218.dat
1 16 -0.001 217.0775 90.8293 0 0 -1 0.315628 -0.94899 0 -0.948883 -0.315663 0 u9218.dat
1 16 -0.001 217.5399 91.021 0 0 -1 0.360742 -0.932771 0 -0.932666 -0.360783 0 u9218.dat
1 16 -0.001 217.9913 91.2376 0 0 -1 0.408898 -0.912683 0 -0.91258 -0.408944 0 u9218.dat
1 16 -0.001 218.4285 91.4818 0 0 -1 0.461858 -0.887054 0 -0.886954 -0.46191 0 u9218.dat
1 16 -0.001 218.8441 91.762 0 0 -1 0.527416 -0.849703 0 -0.849607 -0.527476 0 u9218.dat
1 16 -0.001 219.2442 92.0631 0 0 -1 0.577298 -0.816626 0 -0.816534 -0.577363 0 u9218.dat
1 16 -0.001 219.6101 92.4062 0 0 -1 0.649828 -0.760167 0 -0.760081 -0.649901 0 u9218.dat
1 16 -0.001 219.9451 92.7794 0 0 -1 0.714181 -0.70004 0 -0.699961 -0.714261 0 u9218.dat
1 16 -0.001 220.2503 93.177 0 0 -1 0.768172 -0.640315 0 -0.640243 -0.768259 0 u9218.dat
1 16 -0.001 220.4931 93.6174 0 0 -1 0.843436 -0.537291 0 -0.53723 -0.843531 0 u9218.dat
1 16 -0.001 220.6792 94.0844 0 0 -1 0.90408 -0.427411 0 -0.427363 -0.904182 0 u9218.dat
1 16 -0.001 220.7855 94.5772 0 0 -1 0.9587 -0.284453 0 -0.284421 -0.958808 0 u9218.dat
1 16 -0.001 220.8336 95.0778 0 0 -1 0.987286 -0.158974 0 -0.158956 -0.987397 0 u9218.dat
1 16 -0.001 220.7987 95.5805 0 0 -1 0.999979 -0.006485 0 -0.006484 -1.000092 0 u9218.dat
1 16 -0.001 220.6697 96.0692 0 0 -1 0.985472 0.169855 0 0.169836 -0.985583 0 u9218.dat
1 16 -0.001 220.4874 96.5382 0 0 -1 0.954013 0.299799 0 0.299765 -0.954121 0 u9218.dat
1 16 -0.001 220.2383 96.9758 0 0 -1 0.901788 0.432227 0 0.432178 -0.90189 0 u9218.dat
1 16 -0.001 219.9347 97.3771 0 0 -1 0.835908 0.548932 0 0.54887 -0.836002 0 u9218.dat
1 16 -0.001 219.5878 97.7408 0 0 -1 0.763651 0.645702 0 0.645629 -0.763737 0 u9218.dat
1 16 -0.001 219.2074 98.0685 0 0 -1 0.691532 0.722427 0 0.722345 -0.69161 0 u9218.dat
1 16 -0.001 218.8071 98.37 0 0 -1 0.632522 0.774629 0 0.774542 -0.632594 0 u9218.dat
1 16 -0.001 218.3757 98.6266 0 0 -1 0.552945 0.833312 0 0.833218 -0.553007 0 u9218.dat
1 16 -0.001 217.9349 98.8642 0 0 -1 0.501005 0.865542 0 0.865444 -0.501062 0 u9218.dat
1 16 -0.001 217.4789 99.0716 0 0 -1 0.443462 0.896394 0 0.896293 -0.443512 0 u9218.dat
1 16 -0.001 217.0116 99.252 0 0 -1 0.388202 0.921678 0 0.921574 -0.388245 0 u9218.dat
1 16 -0.001 216.5359 99.4081 0 0 -1 0.33753 0.941421 0 0.941315 -0.337568 0 u9218.dat
1 16 -0.001 216.0535 99.5421 0 0 -1 0.291098 0.956801 0 0.956693 -0.291131 0 u9218.dat
1 16 -0.001 215.566 99.6555 0 0 -1 0.248206 0.968816 0 0.968707 -0.248234 0 u9218.dat
1 16 -0.001 215.0745 99.7498 0 0 -1 0.208322 0.978171 0 0.97806 -0.208345 0 u9218.dat
1 16 -0.001 214.58 99.8271 0 0 -1 0.172548 0.985112 0 0.985001 -0.172567 0 u9218.dat
1 16 -0.001 214.0844 99.8952 0 0 -1 0.148297 0.989054 0 0.988943 -0.148314 0 u9218.dat
1 16 -0.001 213.5858 99.9391 0 0 -1 0.107935 0.99427 0 0.994158 -0.107947 0 u9218.dat
1 16 -0.001 213.0869 99.9766 0 0 -1 0.085833 0.996422 0 0.99631 -0.085843 0 u9218.dat
1 16 -0.001 212.5867 99.9929 0 0 -1 0.050325 0.998845 0 0.998733 -0.050331 0 u9218.dat
1 16 -0.001 212.0866 100.0029 0 0 -1 0.030124 0.999659 0 0.999546 -0.030127 0 u9218.dat
1 16 -0.001 211.5863 99.9906 0 0 -1 -0.006267 1.000093 0 0.99998 0.006268 0 u9218.dat
1 16 -0.001 211.086 99.9875 0 0 -1 -0.006267 1.000093 0 0.99998 0.006268 0 u9218.dat
1 16 -0.001 210.5858 99.9844 0 0 -1 -0.006267 1.000093 0 0.99998 0.006268 0 u9218.dat
1 16 -0.001 210.0856 99.9812 0 0 -1 -0.006267 1.000093 0 0.99998 0.006268 0 u9218.dat
1 16 -0.001 209.5854 99.9781 0 0 -1 -0.006267 1.000093 0 0.99998 0.006268 0 u9218.dat
1 16 -0.001 209.0852 99.975 0 0 -1 -0.006267 1.000093 0 0.99998 0.006268 0 u9218.dat
1 16 -0.001 208.585 99.9704 0 0 -1 -0.008176 1.000079 0 0.999967 0.008177 0 u9218.dat
1 16 -0.001 208.0849 99.9557 0 0 -1 -0.022374 0.999862 0 0.99975 0.022377 0 u9218.dat
1 16 -0.001 207.5848 99.9445 0 0 -1 -0.022374 0.999862 0 0.99975 0.022377 0 u9218.dat
1 16 -0.001 207.0847 99.9333 0 0 -1 -0.022374 0.999862 0 0.99975 0.022377 0 u9218.dat
1 16 -0.001 206.5846 99.9221 0 0 -1 -0.022374 0.999862 0 0.99975 0.022377 0 u9218.dat
1 16 -0.001 206.0845 99.9109 0 0 -1 -0.022374 0.999862 0 0.99975 0.022377 0 u9218.dat
1 16 -0.001 205.5844 99.8997 0 0 -1 -0.022374 0.999862 0 0.99975 0.022377 0 u9218.dat
1 16 -0.001 205.0843 99.8885 0 0 -1 -0.022374 0.999862 0 0.99975 0.022377 0 u9218.dat
1 16 -0.001 204.5843 99.8756 0 0 -1 -0.02463 0.999809 0 0.999697 0.024632 0 u9218.dat
1 16 -0.001 204.0846 99.8511 0 0 -1 -0.040844 0.999278 0 0.999166 0.040848 0 u9218.dat
1 16 -0.001 203.5848 99.8307 0 0 -1 -0.040844 0.999278 0 0.999166 0.040848 0 u9218.dat
1 16 -0.001 203.085 99.8103 0 0 -1 -0.040844 0.999278 0 0.999166 0.040848 0 u9218.dat
1 16 -0.001 202.5852 99.7898 0 0 -1 -0.040844 0.999278 0 0.999166 0.040848 0 u9218.dat
1 16 -0.001 202.0854 99.7694 0 0 -1 -0.040844 0.999278 0 0.999166 0.040848 0 u9218.dat
1 16 -0.001 201.5856 99.749 0 0 -1 -0.040844 0.999278 0 0.999166 0.040848 0 u9218.dat
1 16 -0.001 201.0858 99.727 0 0 -1 -0.042895 0.999192 0 0.99908 0.0429 0 u9218.dat
1 16 -0.001 200.5866 99.6948 0 0 -1 -0.05722 0.998474 0 0.998362 0.057227 0 u9218.dat
1 16 -0.001 200.0872 99.6662 0 0 -1 -0.05722 0.998474 0 0.998362 0.057227 0 u9218.dat
1 16 -0.001 199.5878 99.6376 0 0 -1 -0.05722 0.998474 0 0.998362 0.057227 0 u9218.dat
1 16 -0.001 199.0884 99.6089 0 0 -1 -0.05722 0.998474 0 0.998362 0.057227 0 u9218.dat
1 16 -0.001 198.589 99.5803 0 0 -1 -0.05722 0.998474 0 0.998362 0.057227 0 u9218.dat
1 16 -0.001 198.0897 99.5503 0 0 -1 -0.059064 0.998367 0 0.998254 0.05907 0 u9218.dat
1 16 -0.001 197.5909 99.5113 0 0 -1 -0.071622 0.997544 0 0.997432 0.07163 0 u9218.dat
1 16 -0.001 197.092 99.4755 0 0 -1 -0.071622 0.997544 0 0.997432 0.07163 0 u9218.dat
1 16 -0.001 196.593 99.4397 0 0 -1 -0.071622 0.997544 0 0.997432 0.07163 0 u9218.dat
1 16 -0.001 196.0941 99.4039 0 0 -1 -0.071622 0.997544 0 0.997432 0.07163 0 u9218.dat
1 16 -0.001 195.5952 99.368 0 0 -1 -0.071622 0.997544 0 0.997432 0.07163 0 u9218.dat
1 16 -0.001 195.0962 99.3322 0 0 -1 -0.071622 0.997544 0 0.997432 0.07163 0 u9218.dat
1 16 -0.001 194.5974 99.2948 0 0 -1 -0.073765 0.997388 0 0.997276 0.073773 0 u9218.dat
1 16 -0.001 194.0994 99.2472 0 0 -1 -0.087955 0.996237 0 0.996124 0.087965 0 u9218.dat
1 16 -0.001 193.6011 99.2032 0 0 -1 -0.087955 0.996237 0 0.996124 0.087965 0 u9218.dat
1 16 -0.001 193.1028 99.1592 0 0 -1 -0.087955 0.996237 0 0.996124 0.087965 0 u9218.dat
1 16 -0.001 192.6046 99.1152 0 0 -1 -0.087955 0.996237 0 0.996124 0.087965 0 u9218.dat
1 16 -0.001 192.1063 99.0712 0 0 -1 -0.087955 0.996237 0 0.996124 0.087965 0 u9218.dat
1 16 -0.001 191.608 99.0272 0 0 -1 -0.087955 0.996237 0 0.996124 0.087965 0 u9218.dat
1 16 -0.001 191.1098 98.9816 0 0 -1 -0.090194 0.996036 0 0.995924 0.090204 0 u9218.dat
1 16 -0.001 190.6127 98.9256 0 0 -1 -0.104618 0.994625 0 0.994513 0.104629 0 u9218.dat
1 16 -0.001 190.1152 98.8733 0 0 -1 -0.104618 0.994625 0 0.994513 0.104629 0 u9218.dat
1 16 -0.001 189.6178 98.821 0 0 -1 -0.104618 0.994625 0 0.994513 0.104629 0 u9218.dat
1 16 -0.001 189.1203 98.7686 0 0 -1 -0.104618 0.994625 0 0.994513 0.104629 0 u9218.dat
1 16 -0.001 188.6228 98.7163 0 0 -1 -0.104618 0.994625 0 0.994513 0.104629 0 u9218.dat
1 16 -0.001 188.1253 98.664 0 0 -1 -0.104618 0.994625 0 0.994513 0.104629 0 u9218.dat
1 16 -0.001 187.628 98.6099 0 0 -1 -0.106923 0.994379 0 0.994267 0.106935 0 u9218.dat
1 16 -0.001 187.1319 98.5456 0 0 -1 -0.121379 0.992718 0 0.992606 0.121393 0 u9218.dat
1 16 -0.001 186.6354 98.4849 0 0 -1 -0.121379 0.992718 0 0.992606 0.121393 0 u9218.dat
1 16 -0.001 186.1389 98.4241 0 0 -1 -0.121379 0.992718 0 0.992606 0.121393 0 u9218.dat
1 16 -0.001 185.6423 98.3634 0 0 -1 -0.121379 0.992718 0 0.992606 0.121393 0 u9218.dat
1 16 -0.001 185.1458 98.3027 0 0 -1 -0.121379 0.992718 0 0.992606 0.121393 0 u9218.dat
1 16 -0.001 184.6493 98.242 0 0 -1 -0.121379 0.992718 0 0.992606 0.121393 0 u9218.dat
1 16 -0.001 184.153 98.1795 0 0 -1 -0.123744 0.992426 0 0.992314 0.123758 0 u9218.dat
1 16 -0.001 183.658 98.1068 0 0 -1 -0.138188 0.990518 0 0.990406 0.138203 0 u9218.dat
1 16 -0.001 183.1626 98.0376 0 0 -1 -0.138188 0.990518 0 0.990406 0.138203 0 u9218.dat
1 16 -0.001 182.6672 97.9685 0 0 -1 -0.138188 0.990518 0 0.990406 0.138203 0 u9218.dat
1 16 -0.001 182.1718 97.8994 0 0 -1 -0.138188 0.990518 0 0.990406 0.138203 0 u9218.dat
1 16 -0.001 181.6763 97.8303 0 0 -1 -0.138188 0.990518 0 0.990406 0.138203 0 u9218.dat
1 16 -0.001 181.1811 97.7596 0 0 -1 -0.140266 0.990225 0 0.990114 0.140281 0 u9218.dat
1 16 -0.001 180.6872 97.6801 0 0 -1 -0.152677 0.988388 0 0.988276 0.152694 0 u9218.dat
1 16 -0.001 180.1929 97.6037 0 0 -1 -0.152677 0.988388 0 0.988276 0.152694 0 u9218.dat
1 16 -0.001 179.6985 97.5274 0 0 -1 -0.152677 0.988388 0 0.988276 0.152694 0 u9218.dat
1 16 -0.001 179.2041 97.451 0 0 -1 -0.152677 0.988388 0 0.988276 0.152694 0 u9218.dat
1 16 -0.001 178.7098 97.3746 0 0 -1 -0.152677 0.988388 0 0.988276 0.152694 0 u9218.dat
1 16 -0.001 178.2154 97.2982 0 0 -1 -0.152677 0.988388 0 0.988276 0.152694 0 u9218.dat
1 16 -0.001 177.7214 97.22 0 0 -1 -0.155106 0.988009 0 0.987898 0.155123 0 u9218.dat
1 16 -0.001 177.2289 97.1319 0 0 -1 -0.169245 0.985685 0 0.985574 0.169264 0 u9218.dat
1 16 -0.001 176.7359 97.0472 0 0 -1 -0.169245 0.985685 0 0.985574 0.169264 0 u9218.dat
1 16 -0.001 176.2429 96.9625 0 0 -1 -0.169245 0.985685 0 0.985574 0.169264 0 u9218.dat
1 16 -0.001 175.7499 96.8779 0 0 -1 -0.169245 0.985685 0 0.985574 0.169264 0 u9218.dat
1 16 -0.001 175.2569 96.7932 0 0 -1 -0.169245 0.985685 0 0.985574 0.169264 0 u9218.dat
1 16 -0.001 174.7642 96.7069 0 0 -1 -0.171395 0.985313 0 0.985202 0.171414 0 u9218.dat
1 16 -0.001 174.273 96.612 0 0 -1 -0.183646 0.983103 0 0.982992 0.183667 0 u9218.dat
1 16 -0.001 173.7813 96.5201 0 0 -1 -0.183646 0.983103 0 0.982992 0.183667 0 u9218.dat
1 16 -0.001 173.2896 96.4283 0 0 -1 -0.183646 0.983103 0 0.982992 0.183667 0 u9218.dat
1 16 -0.001 172.7979 96.3364 0 0 -1 -0.183646 0.983103 0 0.982992 0.183667 0 u9218.dat
1 16 -0.001 172.3061 96.2446 0 0 -1 -0.183646 0.983103 0 0.982992 0.183667 0 u9218.dat
1 16 -0.001 171.8144 96.1527 0 0 -1 -0.183646 0.983103 0 0.982992 0.183667 0 u9218.dat
1 16 -0.001 171.3231 96.059 0 0 -1 -0.186147 0.982633 0 0.982522 0.186168 0 u9218.dat
1 16 -0.001 170.8336 95.9554 0 0 -1 -0.200047 0.979897 0 0.979786 0.20007 0 u9218.dat
1 16 -0.001 170.3435 95.8553 0 0 -1 -0.200047 0.979897 0 0.979786 0.20007 0 u9218.dat
1 16 -0.001 169.8534 95.7553 0 0 -1 -0.200047 0.979897 0 0.979786 0.20007 0 u9218.dat
1 16 -0.001 169.3633 95.6552 0 0 -1 -0.200047 0.979897 0 0.979786 0.20007 0 u9218.dat
1 16 -0.001 168.8732 95.5551 0 0 -1 -0.200047 0.979897 0 0.979786 0.20007 0 u9218.dat
1 16 -0.001 168.3834 95.4534 0 0 -1 -0.202244 0.979445 0 0.979335 0.202267 0 u9218.dat
1 16 -0.001 167.8954 95.3433 0 0 -1 -0.214205 0.976899 0 0.976789 0.214229 0 u9218.dat
1 16 -0.001 167.4068 95.2361 0 0 -1 -0.214205 0.976899 0 0.976789 0.214229 0 u9218.dat
1 16 -0.001 166.9182 95.129 0 0 -1 -0.214205 0.976899 0 0.976789 0.214229 0 u9218.dat
1 16 -0.001 166.4296 95.0218 0 0 -1 -0.214205 0.976899 0 0.976789 0.214229 0 u9218.dat
1 16 -0.001 165.941 94.9147 0 0 -1 -0.214205 0.976899 0 0.976789 0.214229 0 u9218.dat
1 16 -0.001 165.4527 94.8059 0 0 -1 -0.216409 0.976413 0 0.976303 0.216433 0 u9218.dat
1 16 -0.001 164.9664 94.6888 0 0 -1 -0.228162 0.973733 0 0.973623 0.228188 0 u9218.dat
1 16 -0.001 164.4793 94.5747 0 0 -1 -0.228162 0.973733 0 0.973623 0.228188 0 u9218.dat
1 16 -0.001 163.9923 94.4605 0 0 -1 -0.228162 0.973733 0 0.973623 0.228188 0 u9218.dat
1 16 -0.001 163.5053 94.3464 0 0 -1 -0.228162 0.973733 0 0.973623 0.228188 0 u9218.dat
1 16 -0.001 163.0182 94.2323 0 0 -1 -0.228162 0.973733 0 0.973623 0.228188 0 u9218.dat
1 16 -0.001 162.5312 94.1181 0 0 -1 -0.228162 0.973733 0 0.973623 0.228188 0 u9218.dat
1 16 -0.001 162.0446 94.0021 0 0 -1 -0.230719 0.97313 0 0.97302 0.230745 0 u9218.dat
1 16 -0.001 161.5603 93.8767 0 0 -1 -0.244034 0.969876 0 0.969767 0.244061 0 u9218.dat
1 16 -0.001 161.0753 93.7546 0 0 -1 -0.244034 0.969876 0 0.969767 0.244061 0 u9218.dat
1 16 -0.001 160.5901 93.6325 0 0 -1 -0.244034 0.969876 0 0.969767 0.244061 0 u9218.dat
1 16 -0.001 160.105 93.5105 0 0 -1 -0.244034 0.969876 0 0.969767 0.244061 0 u9218.dat
1 16 -0.001 159.6199 93.3884 0 0 -1 -0.244034 0.969876 0 0.969767 0.244061 0 u9218.dat
1 16 -0.001 159.1353 93.2647 0 0 -1 -0.246271 0.96931 0 0.969201 0.246299 0 u9218.dat
1 16 -0.001 158.6527 93.1329 0 0 -1 -0.257692 0.966336 0 0.966227 0.257722 0 u9218.dat
1 16 -0.001 158.1694 93.004 0 0 -1 -0.257692 0.966336 0 0.966227 0.257722 0 u9218.dat
1 16 -0.001 157.686 92.8751 0 0 -1 -0.257692 0.966336 0 0.966227 0.257722 0 u9218.dat
1 16 -0.001 157.2027 92.7462 0 0 -1 -0.257692 0.966336 0 0.966227 0.257722 0 u9218.dat
