0 Main
0 Name: 8012 - Super Battle Droid.mpd
0 Author: LTRON
1 0 0 0 0 1 0 0 0 1 0 0 0 1 4519.dat
1 0 -25 0 -40 0 -1 0 1 0 0 0 0 1 32249.dat
1 0 0 40 -40 1 0 0 0 1 0 0 0 1 4519.dat
1 7 -10 40 -40 0 0 1 0 1 0 -1 0 0 3713.dat
1 7 10 40 -40 0 0 -1 0 1 0 1 0 0 3713.dat
1 0 -15 0 -40 0 -1 0 0 0 -1 1 0 0 32250.dat
1 0 0 -80 -40 1 0 0 0 0 -1 0 1 0 32062.dat
1 137 0 -200 -40 0 1 0 0 0 -1 -1 0 0 32009.dat
1 0 0 -40 -40 -1 0 0 0 0 -1 0 -1 0 3706.dat
1 7 -30 -40 -40 0 0 1 0 1 0 -1 0 0 3713.dat
1 0 0 0 -40 -1 0 0 0 1 0 0 0 -1 3707.dat
1 7 -35 0 -40 0 0 -1 0 1 0 1 0 0 32123.dat
1 0 0 0 0 -1 0 0 0 0.5 0.866 0 0.866 -0.5 32013.dat
1 0 0 -34.641 20 0 -1 0 0.866 0 0.5 -0.5 0 0.866 4519.dat
1 7 0 -30.311 17.5 0 -1 0 0.5 0 -0.866 0.866 0 0.5 32123.dat
1 16 0 -36.347 20.9857 0 0 -1 0.500217 0.866019 0 0.866019 -0.500217 0 79.dat
1 16 0 -41.1328 23.75 0 0 -1 0.500217 0.866019 0 0.866019 -0.500217 0 80.dat
1 16 0 -45.6911 26.3829 0 0 -1 0.500217 0.866019 0 0.866019 -0.500217 0 80.dat
1 16 0 -50.2493 29.0157 0 0 -1 0.500217 0.866019 0 0.866019 -0.500217 0 80.dat
1 16 0 -54.8076 31.6486 0 0 -1 0.500216 0.866019 0 0.866019 -0.500216 0 80.dat
1 16 0 -59.3684 34.2771 0 0 -1 0.498629 0.866934 0 0.866934 -0.498629 0 80.dat
1 16 0 -63.9839 36.8045 0 0 -1 0.459987 0.888041 0 0.888041 -0.459987 0 80.dat
1 16 0 -68.7516 39.0216 0 0 -1 0.386219 0.922518 0 0.922518 -0.386219 0 80.dat
1 16 0 -73.6986 40.7881 0 0 -1 0.280327 0.960011 0 0.960011 -0.280327 0 80.dat
1 16 0 -78.833 41.8531 0 0 -1 0.131779 0.991382 0 0.991382 -0.131779 0 80.dat
1 16 0 -84.0619 42.0732 0 0 -1 -0.057022 0.998476 0 0.998476 0.057022 0 80.dat
1 16 0 -89.2251 41.2373 0 0 -1 -0.251882 0.967864 0 0.967864 0.251882 0 80.dat
1 16 0 -94.16 39.4873 0 0 -1 -0.4219 0.906755 0 0.906755 0.4219 0 80.dat
1 16 0 -98.749 36.9405 0 0 -1 -0.540815 0.841264 0 0.841264 0.540815 0 80.dat
1 16 0 -103.0278 33.8896 0 0 -1 -0.62284 0.78248 0 0.78248 0.62284 0 80.dat
1 16 0 -107.0245 30.4698 0 0 -1 -0.674375 0.738527 0 0.738527 0.674375 0 80.dat
1 16 0 -110.8277 26.8334 0 0 -1 -0.709158 0.705195 0 0.705195 0.709158 0 80.dat
1 16 0 -114.5109 23.073 0 0 -1 -0.719278 0.694871 0 0.694871 0.719278 0 80.dat
1 16 0 -118.1684 19.2871 0 0 -1 -0.719281 0.694867 0 0.694867 0.719281 0 80.dat
1 16 0 -121.8258 15.5012 0 0 -1 -0.719281 0.694867 0 0.694867 0.719281 0 80.dat
1 16 0 -125.4832 11.7153 0 0 -1 -0.719281 0.694867 0 0.694867 0.719281 0 80.dat
1 16 0 -129.0196 8.0546 0 0 1 -0.71928 -0.694868 0 0.694868 -0.71928 0 79.dat
1 0 15 0 -40 0 -1 0 0 0 -1 1 0 0 32250.dat
1 73 0 0 -40 0 0 1 0 1 0 -1 0 0 32551.dat
1 0 25 0 -40 0 -1 0 1 0 0 0 0 1 32249.dat
1 7 35 0 -40 0 0 -1 0 1 0 1 0 0 32123.dat
1 0 0 -60 -40 -1 0 0 0 0 -1 0 -1 0 3706.dat
1 7 -30 -60 -40 0 0 1 0 1 0 -1 0 0 3713.dat
1 7 30 -60 -40 0 0 -1 0 1 0 1 0 0 3713.dat
1 7 30 -40 -40 0 0 1 0 1 0 -1 0 0 3713.dat
1 0 0 -160 -40 -1 0 0 0 1 0 0 0 -1 3707.dat
1 7 -15 -160 -40 0 0 -1 0 1 0 1 0 0 32123.dat
1 7 15 -160 -40 0 0 -1 0 1 0 1 0 0 32123.dat
1 7 30 -160 -40 0 0 -1 0 1 0 1 0 0 3713.dat
1 7 -30 -160 -40 0 0 1 0 1 0 -1 0 0 3713.dat
1 0 0 -120 -40 -1 0 0 0 0.629 0.777 0 0.777 -0.629 32062.dat
1 73 15 -120.006 -39.987 0 -1 0 0.629 0 -0.777 0.777 0 0.629 6632.dat
1 0 0 -151.086 -14.827 -1 0 0 0 -0.629 -0.777 0 -0.777 0.629 32073.dat
1 73 40 -151.086 -14.827 1 0 0 0 -0.777 -0.629 0 0.629 -0.777 32291.dat
1 7 25 -151.086 -14.827 0 0 -1 0.629 0.777 0 0.777 -0.629 0 32123.dat
1 73 0 -151.086 -14.827 -1 0 0 0 0.719169 -0.694083 0 -0.694083 -0.719169 32013.dat
1 73 -15 -120.006 -39.987 0 -1 0 0.629 0 -0.777 0.777 0 0.629 6632.dat
1 7 -25 -151.086 -14.827 0 0 -1 0.629 0.777 0 0.777 -0.629 0 32123.dat
1 73 -40 -151.086 -14.827 1 0 0 0 -0.777 -0.629 0 0.629 -0.777 32291.dat
1 8 50 -160.336 5.523 0 0 1 0.629 -0.777 0 0.777 0.629 0 32002.dat
1 8 -50 -160.336 5.523 0 0 1 0.629 -0.777 0 0.777 0.629 0 32002.dat
1 7 30 -160.336 5.523 0 0 1 0.629 -0.777 0 0.777 0.629 0 3749.dat
1 7 -30 -160.336 5.523 0 0 1 0.629 -0.777 0 0.777 0.629 0 3749.dat
1 7 0 -130.2558 6.7496 0 0 -1 -0.694083 -0.719169 0 -0.719169 0.694083 0 3749.dat
1 137 -30 -157.191 9.408 0 0 -1 -0.777 0.629 0 0.629 0.777 0 32249.dat
1 137 30 -157.191 9.408 0 0 1 -0.777 -0.629 0 0.629 -0.777 0 32249.dat
1 0 0 -100 -40 1 0 0 0 0 -1 0 1 0 6558.dat
1 0 0 -200 -120 1 0 0 0 1 0 0 0 1 4519.dat
1 137 -20 -100 -80 0 1 0 -1 0 0 0 0 1 32316.dat
1 0 0 -100 -120 1 0 0 0 0 -1 0 1 0 6558.dat
1 137 0 -140 -120 0 1 0 0 0 1 1 0 0 32140.dat
1 0 0 -80 -120 -1 0 0 0 0 -1 0 -1 0 6558.dat
1 137 20 -100 -80 0 1 0 -1 0 0 0 0 1 32316.dat
1 0 0 -140 -120 1 0 0 0 1 0 0 0 1 4519.dat
1 73 -95 -240 -30 0 -1 0 1 0 0 0 0 1 32449.dat
1 7 -100 -240 -60 1 0 0 0 0 -1 0 1 0 3749.dat
1 73 -85 -240 -30 0 -1 0 1 0 0 0 0 1 32449.dat
1 0 0 -240 0 1 0 0 0 0 -1 0 1 0 3737.dat
1 73 -70 -240 0 1 0 0 0 0 -1 0 1 0 6536.dat
1 0 -60 -240 -40 1 0 0 0 0.326 -0.946 0 0.946 0.326 3707.dat
1 73 -105 -202.179 -53.023 0 1 0 -0.946 0 0.326 0.326 0 0.946 32056.dat
1 73 -115 -202.179 -53.023 0 1 0 -0.946 0 0.326 0.326 0 0.946 32056.dat
1 7 -70 -240 -40 0 0 1 -0.946 -0.326 0 0.326 -0.946 0 3713.dat
1 137 -140 -240 -40 0 0 1 -0.324 0.946 0 -0.946 -0.324 0 6538.dat
1 137 -50 -160 -40 0 -1 0 0 0 -1 1 0 0 32526.dat
1 7 -30 -240 -40 0 0 -1 -0.946 0.326 0 0.326 0.946 0 3713.dat
1 7 -40 -200 -40 1 0 0 0 0 -1 0 1 0 3749.dat
1 73 -35 -200 0 0 -1 0 -1 0 0 0 0 -1 32056.dat
1 73 -25 -200 0 0 -1 0 -1 0 0 0 0 -1 32056.dat
1 73 -15 -240 -30 0 -1 0 1 0 0 0 0 1 32449.dat
1 7 0 -240 -40 0 0 1 0.946 0.326 0 -0.326 0.946 0 4019.dat
1 73 -5 -280 0 0 1 0 1 0 0 0 0 -1 32056.dat
1 73 5 -280 0 0 1 0 1 0 0 0 0 -1 32056.dat
1 73 15 -240 -30 0 -1 0 1 0 0 0 0 1 32449.dat
1 0 -10 -200 -20 -1 0 0 0 -1 0 0 0 1 4519.dat
1 7 0 -200 -20 0 0 1 0 -1 0 1 0 0 32269.dat
1 0 -15 -200 10 0 1 0 1 0 0 0 0 -1 32449.dat
1 0 15 -200 10 0 1 0 1 0 0 0 0 -1 32449.dat
1 0 0 -200 40 -1 0 0 0 1 0 0 0 -1 32062.dat
1 7 0 -200 40 0 0 -1 0 1 0 1 0 0 3713.dat
1 73 25 -200 0 0 -1 0 -1 0 0 0 0 -1 32056.dat
1 73 35 -200 0 0 -1 0 -1 0 0 0 0 -1 32056.dat
1 7 40 -200 -40 -1 0 0 0 0 -1 0 -1 0 3749.dat
1 137 50 -160 -40 0 -1 0 0 0 -1 1 0 0 32526.dat
1 0 40 -240 -20 1 0 0 0 0 -1 0 1 0 2780.dat
1 0 50 -240 -40 -1 0 0 0 0.174 -0.985 0 -0.985 -0.174 32054.dat
1 137 30 -240 -40 0 1 0 1 0 0 0 0 -1 32523.dat
1 73 70 -240 0 1 0 0 0 0 -1 0 1 0 6536.dat
1 0 0 -280 0 1 0 0 0 0 -1 0 1 0 32073.dat
1 73 85 -240 -30 0 -1 0 -1 0 0 0 0 -1 32449.dat
1 73 95 -240 -30 0 -1 0 -1 0 0 0 0 -1 32449.dat
1 7 60 -180 -40 1 0 0 0 -1 0 0 0 -1 3749.dat
1 7 -60 -180 -40 -1 0 0 0 -1 0 0 0 1 3749.dat
1 73 65 -180 -40 0 1 0 0 0 1 1 0 0 41677.dat
1 73 -65 -180 -40 0 1 0 0 0 1 1 0 0 41677.dat
1 73 75 -160 -40 0 0 -1 0 1 0 1 0 0 6575.dat
1 73 -75 -160 -40 0 0 -1 0 1 0 1 0 0 6575.dat
1 73 40 -280 0 1 0 0 0 0 -1 0 1 0 6536.dat
1 73 -40 -280 0 1 0 0 0 0 -1 0 1 0 6536.dat
1 73 20 -280 0 1 0 0 0 1 0 0 0 1 6536.dat
1 73 -20 -280 0 1 0 0 0 1 0 0 0 1 6536.dat
1 7 -40 -290 20 0 1 0 -1 0 0 0 0 1 4274.dat
1 7 40 -290 20 0 1 0 -1 0 0 0 0 1 4274.dat
1 7 70 -250 20 0 -1 0 -1 0 0 0 0 -1 4274.dat
1 7 -70 -250 20 0 0 1 -1 0 0 0 -1 0 4274.dat
1 8 -20 -260 10 0 -1 0 0 0 -1 1 0 0 32002.dat
1 8 20 -260 10 0 -1 0 0 0 -1 1 0 0 32002.dat
1 73 0 -220 20 -1 0 0 0 0 -1 0 -1 0 32175.dat
1 0 0 -280 -40 -1 0 0 0 0 -1 0 -1 0 3706.dat
1 137 -20 -280 -120 0 -1 0 0 0 -1 1 0 0 32009.dat
1 0 0 -120 -120 1 0 0 0 1 0 0 0 1 4519.dat
1 137 20 -280 -120 0 -1 0 0 0 -1 1 0 0 32009.dat
1 0 0 -240 -120 1 0 0 0 0.94 0.342 0 -0.342 0.94 4519.dat
1 73 0 -240 -120 1 0 0 0 -0.342 0.94 0 -0.94 -0.342 32291.dat
1 7 -10 -256.237 -135.374 0 1 0 -0.94 0 0.342 0.342 0 0.94 4274.dat
1 7 10 -256.237 -135.374 0 1 0 -0.94 0 0.342 0.342 0 0.94 4274.dat
1 7 35 -280 -40 0 0 -1 0 1 0 1 0 0 32123.dat
1 7 -35 -280 -40 0 0 -1 0 1 0 1 0 0 32123.dat
1 0 0 -80 -100 1 0 0 0 0.921 -0.391 0 0.391 0.921 32073.dat
1 0 -40 -98.359 -107.951 -1 0 0 0 0.398 -0.918 0 -0.918 -0.398 32039.dat
1 0 40 -98.359 -107.951 -1 0 0 0 0.398 -0.918 0 -0.918 -0.398 32039.dat
1 137 70 -118.112 -73.747 0 -1 0 -0.143 0 -0.99 0.99 0 -0.143 32348.dat
1 7 60 -220 -40 1 0 0 0 -0.708 -0.706 0 0.706 -0.708 3749.dat
1 0 60 -118.112 -73.747 1 0 0 0 -0.143 -0.99 0 0.99 -0.143 32062.dat
1 137 50 -98.319 -70.881 1 0 0 0 0.143 0.99 0 -0.99 0.143 32039.dat
0 !LEOCAD SYNTH BEGIN
0 !LEOCAD SYNTH CONTROL_POINT 0 80 0 1 0 0 0 1 0 0 0 1 12
0 !LEOCAD SYNTH CONTROL_POINT 0 0 0 1 0 0 0 1 0 0 0 1 12
1 0 50 -29.041 -60.85 -1 0 0 0 -0.99 -0.143 0 -0.143 0.99 76250.dat
0 !LEOCAD SYNTH END
1 137 -70 -118.254 -74.172 0 -1 0 -0.139 0 -0.99 0.99 0 -0.139 32348.dat
1 7 -60 -220 -40 -1 0 0 0 -0.705 0.709 0 0.709 0.705 3749.dat
1 0 -60 -118.254 -74.172 1 0 0 0 -0.139 -0.99 0 0.99 -0.139 32062.dat
1 137 -50 -98.449 -71.389 1 0 0 0 0.139 0.99 0 -0.99 0.139 32039.dat
0 !LEOCAD SYNTH BEGIN
0 !LEOCAD SYNTH CONTROL_POINT 0 80 0 1 0 0 0 1 0 0 0 1 12
0 !LEOCAD SYNTH CONTROL_POINT 0 0 0 1 0 0 0 1 0 0 0 1 12
1 0 -50 -29.041 -60.85 -1 0 0 0 -0.99 -0.143 0 -0.143 0.99 76250.dat
0 !LEOCAD SYNTH END
1 73 -70 -280 -40 0 0 -1 0 1 0 1 0 0 32013.dat
1 0 -70 -280 -40 0 -0.391 -0.921 0 -0.921 0.391 -1 0 0 32062.dat
1 137 -88.41 -272.185 -40 0 0.391 0.921 0 0.921 -0.391 -1 0 0 32310.dat
1 73 70 -280 -40 0 0 1 0 1 0 -1 0 0 32013.dat
1 0 70 -280 -40 0 0.391 0.921 0 -0.921 0.391 1 0 0 32062.dat
1 137 88.41 -272.185 -40 0 -0.391 -0.921 0 0.921 -0.391 1 0 0 32310.dat
1 16 40 -282.05 20 -1 0 0 0 -1 0 0 0 1 u9053.dat
1 16 40 -283.8004 20 1 0 0 0 1.000289 0 0 0 1 77.dat
1 16 40 -284.451 20 1 0 0 0 1.000289 0 0 0 1 77.dat
1 16 40 -285.3516 20 1 0 0 0 1.000289 0 0 0 1 77.dat
1 16 40 -286.0022 20 1 0 0 0 1.000289 0 0 0 1 77.dat
1 16 40 -286.6527 20 1 0 0 0 1.000289 0 0 0 1 77.dat
1 16 40 -287.3033 20 1 0 0 0 1.000289 0 0 0 1 77.dat
1 16 40 -287.9539 20 1 0 0 0 1.000289 0 0 0 1 77.dat
1 16 40 -288.8545 20 1 0 0 0 1.000289 0 0 0 1 77.dat
1 16 40 -289.5051 20 1 0 0 0 1.000289 0 0 0 1 77.dat
1 16 40 -290.1556 20 1 0 0 0 1.000289 0 0 0 1 77.dat
1 16 40 -290.8062 20 1 0 0 0 1.000289 0 0 0 1 77.dat
1 16 40 -291.4568 20 1 0 0 0 1.000289 0 0 0 1 77.dat
1 16 40 -292.3574 20 1 0 0 0 1.000289 0 0 0 1 77.dat
1 16 40 -293.008 20 1 0 0 0 1.000289 0 0 0 1 77.dat
1 16 40 -293.6585 20 1 0 0 0 1.000289 0 0 0 1 77.dat
1 16 40 -294.3091 19.9998 1 0.000073 0 -0.000073 1.000289 -0.000283 0 0.000283 1 77.dat
1 16 39.997 -294.9596 19.9882 0.999995 0.003145 -0.000001 -0.003144 1.000209 -0.012246 -0.000037 0.01225 0.999925 77.dat
1 16 39.9942 -295.8601 19.9772 0.999995 0.003145 -0.000001 -0.003144 1.000209 -0.012246 -0.000037 0.01225 0.999925 77.dat
1 16 39.9921 -296.5107 19.9693 0.999995 0.003145 -0.000001 -0.003144 1.000209 -0.012246 -0.000038 0.01225 0.999925 77.dat
1 16 39.9864 -297.1608 19.9468 0.999975 0.007043 -0.000005 -0.007038 0.999887 -0.027452 -0.000188 0.027459 0.999623 77.dat
1 16 39.9805 -297.811 19.9239 0.999961 0.008884 -0.000008 -0.008876 0.99965 -0.034636 -0.0003 0.034644 0.9994 77.dat
1 16 39.9747 -298.4611 19.9014 0.999961 0.008884 -0.000008 -0.008876 0.99965 -0.034636 -0.0003 0.034644 0.9994 77.dat
1 16 39.9667 -299.3611 19.8702 0.999961 0.008884 -0.000007 -0.008876 0.99965 -0.034636 -0.0003 0.034644 0.9994 77.dat
1 16 39.9583 -300.0108 19.8374 0.99992 0.012654 -0.000015 -0.012635 0.998989 -0.049385 -0.000609 0.049396 0.99878 77.dat
1 16 39.9469 -300.6598 19.793 0.999873 0.015942 -0.000025 -0.015908 0.998222 -0.062253 -0.000967 0.062263 0.99806 77.dat
1 16 39.9366 -301.309 19.7525 0.999873 0.015942 -0.000024 -0.015908 0.998222 -0.062253 -0.000968 0.062263 0.99806 77.dat
1 16 39.9262 -301.9583 19.712 0.999873 0.015942 -0.000024 -0.015908 0.998222 -0.062253 -0.000968 0.062263 0.99806 77.dat
1 16 39.9064 -302.8553 19.6344 0.999764 0.021721 -0.000046 -0.02164 0.996439 -0.084947 -0.001799 0.084952 0.996385 77.dat
1 16 39.8918 -303.5032 19.5775 0.999751 0.022318 -0.000048 -0.022231 0.996223 -0.087291 -0.001899 0.087295 0.996183 77.dat
1 16 39.8773 -304.1511 19.5207 0.999751 0.022318 -0.000048 -0.022231 0.996223 -0.087291 -0.0019 0.087295 0.996183 77.dat
1 16 39.8626 -304.799 19.4631 0.999744 0.022616 -0.000048 -0.022525 0.996113 -0.088462 -0.001952 0.088466 0.99608 77.dat
1 16 39.8418 -305.4443 19.3819 0.999581 0.028955 -0.000082 -0.02877 0.993415 -0.11344 -0.003203 0.113428 0.993545 77.dat
1 16 39.8158 -306.3387 19.2798 0.999581 0.028955 -0.000081 -0.028769 0.993415 -0.11344 -0.003204 0.113428 0.993545 77.dat
1 16 39.7969 -306.9848 19.206 0.999581 0.028955 -0.00008 -0.028769 0.993415 -0.11344 -0.003205 0.113428 0.993545 77.dat
1 16 39.7781 -307.6309 19.1322 0.999581 0.028955 -0.000079 -0.028769 0.993415 -0.11344 -0.003206 0.113428 0.993545 77.dat
1 16 39.7517 -308.2727 19.0286 0.99921 0.039763 -0.000156 -0.039288 0.987232 -0.15618 -0.006054 0.156108 0.987729 77.dat
1 16 39.7282 -308.9164 18.9364 0.999305 0.037275 -0.000134 -0.036882 0.988833 -0.146336 -0.00532 0.146281 0.989235 77.dat
1 16 39.6946 -309.8066 18.8047 0.999305 0.037275 -0.000133 -0.036882 0.988833 -0.146336 -0.005322 0.146281 0.989235 77.dat
1 16 39.6675 -310.4478 18.6981 0.999144 0.041383 -0.000166 -0.040848 0.986123 -0.162652 -0.006566 0.162567 0.986683 77.dat
1 16 39.6375 -311.0869 18.58 0.999003 0.044661 -0.000194 -0.043988 0.983749 -0.175675 -0.007653 0.175559 0.984448 77.dat
1 16 39.6085 -311.7267 18.4659 0.999003 0.044661 -0.000192 -0.043988 0.983749 -0.175675 -0.007654 0.175559 0.984448 77.dat
1 16 39.5765 -312.3643 18.3403 0.998864 0.047675 -0.00022 -0.046856 0.981393 -0.187694 -0.00873 0.187545 0.982228 77.dat
1 16 39.5304 -313.2451 18.1587 0.998697 0.05105 -0.000254 -0.050043 0.978563 -0.201156 -0.010017 0.200965 0.979559 77.dat
1 16 39.4972 -313.8816 18.028 0.998697 0.05105 -0.000252 -0.050042 0.978563 -0.201156 -0.01002 0.200965 0.979559 77.dat
1 16 39.464 -314.518 17.8973 0.998697 0.05105 -0.00025 -0.050042 0.978563 -0.201156 -0.010022 0.200965 0.979559 77.dat
1 16 39.4236 -315.1476 17.738 0.998122 0.061275 -0.000371 -0.059525 0.968701 -0.242113 -0.014472 0.24175 0.970248 77.dat
1 16 39.3861 -315.7801 17.59 0.998268 0.058839 -0.000337 -0.05729 0.971225 -0.232346 -0.01334 0.23203 0.972633 77.dat
1 16 39.3331 -316.6545 17.3811 0.998268 0.058839 -0.000334 -0.057289 0.971225 -0.232346 -0.013342 0.23203 0.972633 77.dat
1 16 39.2915 -317.2826 17.2168 0.997976 0.063614 -0.000395 -0.06165 0.966157 -0.251556 -0.015617 0.251144 0.967843 77.dat
1 16 39.2467 -317.907 17.0399 0.997741 0.067199 -0.000443 -0.064877 0.962069 -0.265987 -0.017443 0.265491 0.963977 77.dat
1 16 39.203 -318.5327 16.8672 0.997741 0.067199 -0.00044 -0.064876 0.962069 -0.265987 -0.017446 0.265491 0.963977 77.dat
1 16 39.1561 -319.1545 16.6814 0.997504 0.070635 -0.000488 -0.067929 0.957906 -0.279878 -0.019296 0.279294 0.960035 77.dat
1 16 39.0889 -320.0123 16.4157 0.997232 0.074376 -0.000544 -0.071205 0.953111 -0.295016 -0.021417 0.294323 0.955492 77.dat
1 16 39.0406 -320.6322 16.2243 0.997232 0.074376 -0.00054 -0.071204 0.953111 -0.295016 -0.021421 0.294323 0.955492 77.dat
1 16 38.9922 -321.2521 16.0328 0.997232 0.074376 -0.000537 -0.071203 0.953111 -0.295016 -0.021424 0.294323 0.955492 77.dat
1 16 38.9356 -321.8603 15.8085 0.996294 0.086032 -0.000738 -0.081059 0.936312 -0.342426 -0.02876 0.341315 0.939545 77.dat
1 16 38.8824 -322.4734 15.5975 0.996537 0.083167 -0.000681 -0.078688 0.940701 -0.33076 -0.02686 0.329764 0.943715 77.dat
1 16 38.8075 -323.3204 15.3006 0.996537 0.083167 -0.000676 -0.078686 0.940701 -0.33076 -0.026864 0.329764 0.943715 77.dat
1 16 38.7437 -323.9163 15.0467 0.995284 0.097026 -0.000949 -0.089785 0.917752 -0.3875 -0.036716 0.385869 0.921869 77.dat
1 16 38.6865 -324.5237 14.8197 0.995873 0.090776 -0.000814 -0.084892 0.928619 -0.361883 -0.032085 0.360563 0.932223 77.dat
1 16 38.6275 -325.1277 14.5852 0.995873 0.090776 -0.000809 -0.08489 0.928619 -0.361883 -0.03209 0.360563 0.932223 77.dat
1 16 38.5641 -325.724 14.333 0.995443 0.095379 -0.000899 -0.088508 0.920673 -0.380813 -0.035483 0.379267 0.924652 77.dat
1 16 38.4736 -326.5443 13.9728 0.994966 0.100241 -0.001 -0.092208 0.911761 -0.400838 -0.039257 0.399028 0.916148 77.dat
1 16 38.4084 -327.1373 13.7133 0.994966 0.100241 -0.000995 -0.092206 0.911761 -0.400838 -0.039262 0.399028 0.916148 77.dat
1 16 38.3379 -327.7198 13.4321 0.994387 0.105825 -0.001119 -0.096287 0.900801 -0.423976 -0.043847 0.421826 0.905673 77.dat
1 16 38.2675 -328.3024 13.1513 0.994142 0.108107 -0.001168 -0.097899 0.896105 -0.433447 -0.045799 0.431147 0.901178 77.dat
1 16 38.1972 -328.8852 12.8709 0.994142 0.108107 -0.001162 -0.097896 0.896105 -0.433448 -0.045804 0.431147 0.901178 77.dat
1 16 38.0928 -329.6765 12.4538 0.993307 0.115532 -0.001344 -0.102907 0.879864 -0.464433 -0.052459 0.461596 0.885607 77.dat
1 16 38.0173 -330.2479 12.152 0.993244 0.116068 -0.001352 -0.103251 0.878636 -0.466675 -0.052963 0.463795 0.884428 77.dat
1 16 37.9418 -330.8193 11.8504 0.993244 0.116068 -0.001345 -0.103248 0.878636 -0.466675 -0.052969 0.463795 0.884428 77.dat
1 16 37.8587 -331.3723 11.5175 0.991922 0.126878 -0.00164 -0.109777 0.852099 -0.512148 -0.063564 0.508338 0.858895 77.dat
1 16 37.7788 -331.9333 11.1977 0.992272 0.124105 -0.001553 -0.108185 0.859219 -0.500465 -0.060759 0.496909 0.865755 77.dat
1 16 37.6671 -332.7069 10.7503 0.992272 0.124105 -0.001545 -0.108181 0.859219 -0.500466 -0.060765 0.496909 0.865755 77.dat
1 16 37.576 -333.2373 10.3841 0.99031 0.138899 -0.001992 -0.115848 0.818357 -0.563258 -0.076584 0.558192 0.826279 77.dat
1 16 37.492 -333.7882 10.0473 0.991229 0.132181 -0.00177 -0.112605 0.837757 -0.534686 -0.069173 0.530349 0.845049 77.dat
1 16 37.4054 -334.3313 9.6998 0.991109 0.133078 -0.001789 -0.113056 0.83524 -0.538513 -0.070149 0.534082 0.842615 77.dat
1 16 37.312 -334.8545 9.3241 0.99012 0.14025 -0.002011 -0.116416 0.814171 -0.569172 -0.078166 0.563946 0.822216 77.dat
1 16 37.1858 -335.5875 8.8163 0.99012 0.14025 -0.002003 -0.116411 0.814171 -0.569173 -0.078173 0.563946 0.822215 77.dat
1 16 37.0911 -336.106 8.4351 0.989407 0.145195 -0.002162 -0.118409 0.798545 -0.590487 -0.083986 0.584657 0.807044 77.dat
1 16 36.9938 -336.6158 8.0426 0.988952 0.148261 -0.00226 -0.119507 0.788408 -0.60373 -0.087702 0.597503 0.797186 77.dat
1 16 36.8968 -337.1268 7.6519 0.988841 0.149 -0.002277 -0.119749 0.785899 -0.606943 -0.08862 0.600616 0.794742 77.dat
1 16 36.7947 -337.6195 7.2392 0.987997 0.154498 -0.002469 -0.121375 0.76654 -0.630892 -0.095552 0.623799 0.775867 77.dat
1 16 36.6556 -338.3096 6.6776 0.987997 0.154498 -0.002458 -0.121368 0.76654 -0.630893 -0.09556 0.623799 0.775866 77.dat
1 16 36.5519 -338.796 6.2582 0.987262 0.15913 -0.002626 -0.122414 0.749161 -0.651227 -0.101633 0.643439 0.758879 77.dat
1 16 36.4457 -339.2729 5.8285 0.98681 0.161906 -0.002725 -0.122891 0.738275 -0.663448 -0.105374 0.655222 0.748217 77.dat
1 16 36.3404 -339.753 5.4023 0.98681 0.161906 -0.002714 -0.122883 0.738275 -0.66345 -0.105382 0.655222 0.748216 77.dat
1 16 36.2316 -340.2184 4.9609 0.986183 0.165682 -0.002856 -0.12333 0.72278 -0.680207 -0.110602 0.671355 0.733015 77.dat
1 16 36.0789 -340.8539 4.3416 0.985556 0.169373 -0.003 -0.123537 0.706916 -0.696633 -0.115836 0.68714 0.717422 77.dat
1 16 35.9688 -341.3137 3.8947 0.985556 0.169373 -0.002988 -0.123529 0.706916 -0.696634 -0.115845 0.68714 0.71742 77.dat
1 16 35.8536 -341.7505 3.4263 0.984636 0.174642 -0.003207 -0.123377 0.68277 -0.720328 -0.123575 0.709862 0.693626 77.dat
1 16 35.7387 -342.1879 2.9587 0.984287 0.176599 -0.003283 -0.123176 0.673365 -0.729157 -0.126522 0.718311 0.684339 77.dat
1 16 35.6212 -342.6129 2.4803 0.983794 0.179321 -0.003396 -0.122748 0.659762 -0.741552 -0.130698 0.730163 0.670887 77.dat
1 16 35.4573 -343.1939 1.8121 0.983311 0.181949 -0.003507 -0.122174 0.646119 -0.753555 -0.134804 0.741622 0.657375 77.dat
1 16 35.339 -343.6141 1.3298 0.983311 0.181949 -0.003493 -0.122164 0.646119 -0.753557 -0.134813 0.741622 0.657373 77.dat
1 16 35.2163 -344.0102 0.8283 0.982448 0.186554 -0.003705 -0.120726 0.62075 -0.774802 -0.142201 0.76187 0.632193 77.dat
1 16 35.0938 -344.407 0.3276 0.982128 0.188229 -0.003776 -0.120054 0.611064 -0.782562 -0.144952 0.769252 0.622561 77.dat
1 16 34.9714 -344.8045 -0.1727 0.982128 0.188229 -0.003761 -0.120042 0.611064 -0.782564 -0.144961 0.769252 0.622559 77.dat
1 16 34.7964 -345.3205 -0.8898 0.980998 0.19403 -0.004051 -0.117026 0.5751 -0.809788 -0.154748 0.795104 0.586709 77.dat
1 16 34.67 -345.6932 -1.4078 0.980942 0.194317 -0.004052 -0.116836 0.573227 -0.811141 -0.155251 0.796386 0.584836 77.dat
1 16 34.5406 -346.0453 -1.9394 0.980304 0.197505 -0.004213 -0.114603 0.551521 -0.826358 -0.160839 0.810799 0.56313 77.dat
1 16 34.4114 -346.3983 -2.4703 0.980074 0.198647 -0.004262 -0.113696 0.543416 -0.831831 -0.162877 0.815976 0.555012 77.dat
1 16 34.2822 -346.7518 -3.001 0.980074 0.198647 -0.004245 -0.113682 0.543416 -0.831833 -0.162887 0.815976 0.555009 77.dat
1 16 34.0988 -347.2063 -3.7566 0.979089 0.203442 -0.004512 -0.109208 0.506902 -0.855145 -0.171636 0.837998 0.518369 77.dat
1 16 33.9663 -347.5347 -4.3023 0.979043 0.203662 -0.004508 -0.108961 0.505137 -0.856219 -0.172052 0.83901 0.516593 77.dat
1 16 33.8313 -347.8416 -4.8599 0.978476 0.206367 -0.00466 -0.105812 0.482343 -0.869646 -0.177168 0.851667 0.493655 77.dat
1 16 33.6964 -348.1494 -5.4169 0.978276 0.207314 -0.004703 -0.104592 0.473987 -0.874372 -0.178989 0.856116 0.485233 77.dat
1 16 33.5616 -348.4577 -5.9737 0.978276 0.207314 -0.004685 -0.104576 0.473987 -0.874374 -0.178998 0.856116 0.48523 77.dat
1 16 33.3712 -348.8491 -6.7622 0.977442 0.211206 -0.004926 -0.098843 0.436833 -0.894157 -0.186646 0.874727 0.447726 77.dat
1 16 33.2337 -349.1321 -7.3316 0.977407 0.21137 -0.004919 -0.098559 0.435174 -0.894997 -0.186981 0.875514 0.446045 77.dat
1 16 33.0963 -349.4151 -7.9011 0.977407 0.21137 -0.0049 -0.098542 0.435174 -0.894999 -0.186989 0.875514 0.446042 77.dat
1 16 32.9552 -349.6579 -8.4881 0.976295 0.216442 -0.005252 -0.088647 0.377708 -0.921716 -0.197458 0.900593 0.387829 77.dat
1 16 32.8157 -349.9196 -9.0674 0.976601 0.21506 -0.005128 -0.091631 0.394528 -0.914353 -0.194561 0.893687 0.404886 77.dat
1 16 32.6199 -350.2464 -9.8835 0.976078 0.217419 -0.005292 -0.086205 0.364647 -0.927188 -0.199601 0.905726 0.374558 77.dat
1 16 32.4784 -350.4827 -10.4729 0.976058 0.21751 -0.00528 -0.085959 0.363423 -0.927691 -0.199806 0.906196 0.373311 77.dat
1 16 32.3369 -350.7191 -11.0622 0.976058 0.21751 -0.005259 -0.085939 0.363423 -0.927693 -0.199814 0.906196 0.373307 77.dat
1 16 32.1929 -350.9168 -11.6653 0.975242 0.221135 -0.005552 -0.07525 0.30823 -0.94836 -0.207944 0.925566 0.317148 77.dat
1 16 32.05 -351.1328 -12.2623 0.975465 0.220149 -0.005442 -0.078463 0.324547 -0.942642 -0.205696 0.920208 0.333761 77.dat
1 16 31.8502 -351.3966 -13.0999 0.975076 0.221864 -0.005582 -0.072452 0.294614 -0.952892 -0.209707 0.929816 0.303258 77.dat
1 16 31.7058 -351.5874 -13.7048 0.975063 0.221924 -0.005567 -0.072203 0.293494 -0.953256 -0.209856 0.930156 0.302112 77.dat
1 16 31.5615 -351.7783 -14.3098 0.975063 0.221924 -0.005544 -0.072181 0.293494 -0.953258 -0.209862 0.930156 0.302107 77.dat
1 16 31.4154 -351.9318 -14.9251 0.97451 0.224336 -0.005786 -0.06097 0.240001 -0.968873 -0.215902 0.944802 0.24749 77.dat
1 16 31.2701 -352.1031 -15.5358 0.974658 0.223691 -0.005688 -0.064344 0.255978 -0.964558 -0.214245 0.940753 0.263808 77.dat
1 16 31.0687 -352.3335 -16.3828 0.974658 0.223691 -0.005664 -0.06432 0.255978 -0.96456 -0.214252 0.940753 0.263803 77.dat
1 16 30.9215 -352.4482 -17.0065 0.974111 0.226057 -0.005969 -0.048192 0.181833 -0.982157 -0.220875 0.957295 0.187966 77.dat
1 16 30.7754 -352.6005 -17.6225 0.974338 0.225082 -0.005795 -0.056039 0.217623 -0.974437 -0.218005 0.95003 0.224587 77.dat
1 16 30.6282 -352.7124 -18.2464 0.974091 0.226143 -0.005948 -0.046671 0.175266 -0.983423 -0.221287 0.958499 0.181227 77.dat
1 16 30.4814 -352.8385 -18.8676 0.974155 0.225868 -0.005872 -0.049486 0.18804 -0.980924 -0.220392 0.95614 0.194302 77.dat
1 16 30.278 -353.0078 -19.7284 0.974155 0.225868 -0.005846 -0.04946 0.18804 -0.980926 -0.220397 0.95614 0.194296 77.dat
1 16 30.1304 -353.0824 -20.358 0.973936 0.226808 -0.006077 -0.034102 0.119923 -0.992202 -0.224246 0.966827 0.124495 77.dat
1 16 29.9832 -353.1918 -20.9827 0.974011 0.226489 -0.005932 -0.041544 0.152886 -0.987377 -0.222659 0.962241 0.158276 77.dat
1 16 29.8358 -353.2865 -21.6092 0.973993 0.226565 -0.00593 -0.04 0.14617 -0.988457 -0.223019 0.963266 0.151388 77.dat
1 16 29.6883 -353.3541 -22.2394 0.973944 0.226774 -0.006006 -0.033419 0.117309 -0.992537 -0.224312 0.967156 0.121796 77.dat
1 16 29.4841 -353.4597 -23.1101 0.973944 0.226774 -0.005977 -0.03339 0.117309 -0.992538 -0.224316 0.967156 0.12179 77.dat
1 16 29.3366 -353.5192 -23.7409 0.973946 0.226766 -0.006028 -0.027868 0.093288 -0.995252 -0.225062 0.96977 0.097149 77.dat
1 16 29.1892 -353.5698 -24.3726 0.973956 0.22672 -0.006032 -0.025392 0.082618 -0.99626 -0.225309 0.970747 0.086199 77.dat
1 16 29.0417 -353.6235 -25.0039 0.973957 0.22672 -0.006002 -0.02536 0.082618 -0.996261 -0.225311 0.970747 0.086192 77.dat
1 16 28.8944 -353.6603 -25.6366 0.973994 0.226559 -0.006025 -0.021228 0.06477 -0.997676 -0.225577 0.972139 0.067876 77.dat
1 16 28.6907 -353.7036 -26.5127 0.974041 0.226357 -0.006038 -0.017585 0.049062 -0.998642 -0.225688 0.973105 0.051754 77.dat
1 16 28.5437 -353.723 -27.1461 0.974117 0.226029 -0.006054 -0.013419 0.031082 -0.999427 -0.225646 0.973922 0.033301 77.dat
1 16 28.3968 -353.7359 -27.7798 0.974155 0.225867 -0.00604 -0.011615 0.023373 -0.999659 -0.225583 0.974175 0.025385 77.dat
1 16 28.2499 -353.7511 -28.4134 0.974155 0.225867 -0.006005 -0.011579 0.023373 -0.99966 -0.225584 0.974175 0.025377 77.dat
1 16 28.1034 -353.7509 -29.0472 0.974249 0.225461 -0.00601 -0.00783 0.007183 -0.999944 -0.22534 0.974523 0.008761 77.dat
1 16 27.9008 -353.744 -29.9247 0.974341 0.225061 -0.006007 -0.004579 -0.00687 -0.999966 -0.22503 0.974617 -0.005661 77.dat
1 16 27.7544 -353.7395 -30.5585 0.974341 0.225061 -0.005968 -0.004539 -0.00687 -0.999966 -0.225029 0.974617 -0.00567 77.dat
1 16 27.6088 -353.7132 -31.1921 0.974522 0.224277 -0.005981 0.000733 -0.029861 -0.999554 -0.224291 0.974365 -0.029256 77.dat
1 16 27.4632 -353.6887 -31.8257 0.974585 0.224004 -0.005956 0.002425 -0.037143 -0.999307 -0.224005 0.974177 -0.036731 77.dat
1 16 27.3175 -353.6646 -32.4593 0.974585 0.224004 -0.005912 0.00247 -0.037143 -0.999307 -0.224004 0.974177 -0.036741 77.dat
1 16 27.117 -353.6036 -33.3352 0.974871 0.222757 -0.005929 0.009014 -0.066043 -0.997777 -0.222589 0.972932 -0.066372 77.dat
1 16 26.9721 -353.5603 -33.9679 0.974876 0.222734 -0.005883 0.00917 -0.06653 -0.997744 -0.222559 0.972904 -0.066882 77.dat
1 16 26.8272 -353.5171 -34.6007 0.974876 0.222734 -0.005834 0.00922 -0.06653 -0.997743 -0.222555 0.972904 -0.066893 77.dat
1 16 26.6839 -353.4447 -35.2313 0.975375 0.220537 -0.005863 0.018452 -0.108096 -0.993973 -0.219778 0.969669 -0.109472 77.dat
1 16 26.5398 -353.3869 -35.8631 0.975208 0.221277 -0.005787 0.015613 -0.094899 -0.995367 -0.220738 0.970881 -0.095973 77.dat
1 16 26.3405 -353.3015 -36.7372 0.975209 0.221277 -0.005732 0.01567 -0.094899 -0.995366 -0.220732 0.970881 -0.095986 77.dat
1 16 26.1989 -353.2021 -37.3646 0.975963 0.217921 -0.005767 0.027341 -0.148694 -0.988512 -0.216212 0.964873 -0.151035 77.dat
1 16 26.0555 -353.1305 -37.9954 0.975576 0.219654 -0.005666 0.021749 -0.122263 -0.992264 -0.218584 0.968185 -0.124018 77.dat
1 16 25.9129 -353.0468 -38.6247 0.975663 0.219268 -0.005613 0.023095 -0.128218 -0.991482 -0.218057 0.967502 -0.130124 77.dat
1 16 25.7717 -352.9439 -39.2514 0.975974 0.21788 -0.005584 0.027513 -0.148663 -0.988512 -0.216145 0.964887 -0.151042 77.dat
1 16 25.5755 -352.8101 -40.1201 0.975974 0.21788 -0.005515 0.027583 -0.148663 -0.98851 -0.216134 0.964887 -0.151057 77.dat
1 16 25.4338 -352.7134 -40.7477 0.975974 0.21788 -0.005442 0.027657 -0.148663 -0.988508 -0.216123 0.964887 -0.151074 77.dat
1 16 25.2938 -352.5937 -41.3717 0.976377 0.216067 -0.00541 0.032788 -0.172914 -0.9844 -0.21357 0.961246 -0.175863 77.dat
1 16 25.1537 -352.4762 -41.996 0.976504 0.215497 -0.005344 0.03436 -0.180177 -0.983043 -0.212745 0.960039 -0.183295 77.dat
1 16 25.0135 -352.359 -42.6204 0.976504 0.215497 -0.00526 0.034444 -0.180177 -0.98304 -0.212729 0.960039 -0.183314 77.dat
1 16 24.8215 -352.1737 -43.4806 0.976952 0.213455 -0.005216 0.039413 -0.204407 -0.978105 -0.209787 0.955632 -0.208048 77.dat
1 16 24.6826 -352.0407 -44.1021 0.976956 0.213441 -0.005125 0.039538 -0.204577 -0.978064 -0.209746 0.955599 -0.208241 77.dat
1 16 24.5438 -351.9076 -44.7236 0.976957 0.213441 -0.005028 0.039635 -0.204577 -0.97806 -0.209726 0.955599 -0.208262 77.dat
1 16 24.4073 -351.7501 -45.34 0.977663 0.210181 -0.004993 0.046517 -0.239551 -0.969786 -0.204968 0.948165 -0.243907 77.dat
1 16 24.2695 -351.6051 -45.9591 0.977427 0.21128 -0.004867 0.044437 -0.228116 -0.972635 -0.206549 0.950738 -0.232289 77.dat
1 16 24.0793 -351.3997 -46.8151 0.977427 0.21128 -0.004756 0.044549 -0.228116 -0.97263 -0.206522 0.950738 -0.232312 77.dat
1 16 23.9451 -351.2197 -47.4258 0.978412 0.20667 -0.004731 0.053055 -0.273313 -0.960484 -0.199738 0.939769 -0.278297 77.dat
1 16 23.8084 -351.0632 -48.0426 0.977913 0.209022 -0.004567 0.049079 -0.250885 -0.966791 -0.203167 0.945487 -0.255529 77.dat
1 16 23.6729 -350.8962 -48.6566 0.978035 0.208452 -0.004453 0.050208 -0.256341 -0.965301 -0.202302 0.944148 -0.261101 77.dat
1 16 23.539 -350.7137 -49.2666 0.978413 0.206674 -0.00436 0.053337 -0.272926 -0.960578 -0.199659 0.939881 -0.277977 77.dat
1 16 23.3529 -350.468 -50.1128 0.978413 0.206674 -0.004224 0.053471 -0.272926 -0.96057 -0.19962 0.939881 -0.278005 77.dat
1 16 23.2185 -350.2905 -50.7241 0.978414 0.206674 -0.004081 0.053611 -0.272926 -0.960562 -0.199579 0.939881 -0.278034 77.dat
1 16 23.0863 -350.0939 -51.33 0.978895 0.204385 -0.003987 0.057268 -0.293069 -0.954401 -0.196177 0.9343 -0.298503 77.dat
1 16 22.9538 -349.8993 -51.9365 0.979034 0.203718 -0.003851 0.058385 -0.298772 -0.952564 -0.195148 0.932638 -0.304314 77.dat
1 16 22.8213 -349.705 -52.5431 0.979035 0.203718 -0.003695 0.058537 -0.298772 -0.952555 -0.1951 0.932638 -0.304345 77.dat
1 16 22.6403 -349.4161 -53.3767 0.979564 0.201158 -0.003596 0.062134 -0.319657 -0.945525 -0.191294 0.926247 -0.325529 77.dat
1 16 22.5095 -349.2083 -53.9791 0.979563 0.201164 -0.003433 0.062282 -0.319601 -0.945534 -0.19125 0.926265 -0.325505 77.dat
1 16 22.3787 -349.0004 -54.5815 0.979564 0.201164 -0.003266 0.062444 -0.319601 -0.945524 -0.191194 0.926265 -0.325537 77.dat
1 16 22.2484 -348.7881 -55.1825 0.979731 0.200351 -0.003115 0.063619 -0.325958 -0.943274 -0.189946 0.924224 -0.332001 77.dat
1 16 22.1203 -348.5591 -55.7779 0.980209 0.198002 -0.003004 0.066545 -0.343839 -0.936704 -0.186448 0.918231 -0.350109 77.dat
1 16 21.9421 -348.2495 -56.6046 0.980209 0.198002 -0.00283 0.066711 -0.343839 -0.936692 -0.186386 0.918231 -0.350142 77.dat
1 16 21.8147 -348.0155 -57.1982 0.980619 0.195961 -0.002708 0.069055 -0.358634 -0.93096 -0.18335 0.912995 -0.36511 77.dat
1 16 21.6879 -347.778 -57.7904 0.980747 0.195324 -0.002549 0.06987 -0.363161 -0.929144 -0.182357 0.91134 -0.36971 77.dat
1 16 21.5608 -347.5418 -58.3831 0.980747 0.195324 -0.002373 0.070037 -0.363161 -0.929131 -0.18229 0.91134 -0.369742 77.dat
1 16 21.4338 -347.3056 -58.9759 0.980748 0.195324 -0.002195 0.070205 -0.363161 -0.929119 -0.182224 0.91134 -0.369775 77.dat
1 16 21.2611 -346.957 -59.7881 0.981407 0.191983 -0.002114 0.07348 -0.385977 -0.919624 -0.177317 0.902631 -0.392794 77.dat
1 16 21.1362 -346.7061 -60.3752 0.981401 0.192013 -0.00194 0.073616 -0.385773 -0.919699 -0.177292 0.902712 -0.392619 77.dat
1 16 21.0113 -346.4552 -60.9623 0.981402 0.192013 -0.001768 0.073777 -0.385773 -0.919686 -0.177223 0.902712 -0.39265 77.dat
1 16 20.8895 -346.185 -61.5415 0.982232 0.187716 -0.001721 0.077356 -0.413324 -0.907347 -0.170985 0.89135 -0.42038 77.dat
1 16 20.7659 -345.9251 -62.125 0.981945 0.189213 -0.001513 0.076377 -0.403893 -0.911664 -0.17306 0.895348 -0.410934 77.dat
1 16 20.5956 -345.5615 -62.9311 0.981946 0.189213 -0.001349 0.076529 -0.403893 -0.911651 -0.172991 0.895348 -0.410963 77.dat
1 16 20.4744 -345.2873 -63.5085 0.982454 0.186554 -0.001268 0.078604 -0.420346 -0.904009 -0.169131 0.888305 -0.427511 77.dat
1 16 20.3538 -345.0095 -64.0843 0.982599 0.185791 -0.001136 0.079266 -0.424976 -0.901785 -0.167977 0.886259 -0.432183 77.dat
1 16 20.2329 -344.7331 -64.6607 0.982599 0.185791 -0.000984 0.079406 -0.424976 -0.901773 -0.167911 0.886259 -0.432209 77.dat
1 16 20.1137 -344.4474 -65.2329 0.982912 0.184129 -0.000886 0.080594 -0.434791 -0.896978 -0.165497 0.881834 -0.442073 77.dat
1 16 19.9491 -344.0489 -66.0236 0.983147 0.182865 -0.000781 0.081481 -0.442141 -0.8933 -0.163651 0.878436 -0.449459 77.dat
1 16 19.8302 -343.7614 -66.5949 0.983148 0.182865 -0.000642 0.081608 -0.442141 -0.893289 -0.163588 0.878436 -0.449483 77.dat
1 16 19.7113 -343.4738 -67.1663 0.983148 0.182865 -0.000506 0.081731 -0.442141 -0.893278 -0.163526 0.878436 -0.449505 77.dat
1 16 19.5961 -343.1651 -67.7273 0.984142 0.177435 -0.00054 0.084623 -0.472307 -0.877436 -0.155898 0.863726 -0.479693 77.dat
1 16 19.4789 -342.8679 -68.2941 0.983793 0.179359 -0.000358 0.083824 -0.461811 -0.883079 -0.158508 0.868988 -0.469225 77.dat
1 16 19.3174 -342.4521 -69.0765 0.983793 0.179359 -0.000237 0.083933 -0.461811 -0.883068 -0.15845 0.868988 -0.469244 77.dat
1 16 19.2028 -342.1408 -69.6362 0.984317 0.176461 -0.000209 0.085344 -0.477367 -0.874625 -0.154392 0.86114 -0.4848 77.dat
1 16 19.0887 -341.8265 -70.1943 0.984453 0.175699 -0.00012 0.085758 -0.481381 -0.872383 -0.153291 0.859058 -0.488823 77.dat
1 16 18.9745 -341.5135 -70.753 0.984453 0.175699 -0.000012 0.085854 -0.481381 -0.872373 -0.153237 0.859058 -0.48884 77.dat
1 16 18.8602 -341.2004 -71.3117 0.984453 0.175699 0.000092 0.085946 -0.481381 -0.872364 -0.153185 0.859058 -0.488857 77.dat
1 16 18.7056 -340.7485 -72.0753 0.985124 0.171896 0.000077 0.0874 -0.500786 -0.861232 -0.147961 0.848672 -0.508212 77.dat
1 16 18.5938 -340.4231 -72.6274 0.985109 0.171979 0.000175 0.087456 -0.500372 -0.861466 -0.148024 0.848899 -0.507815 77.dat
1 16 18.4819 -340.0977 -73.1795 0.985109 0.171979 0.000267 0.087537 -0.500372 -0.861458 -0.147976 0.848899 -0.507829 77.dat
1 16 18.3734 -339.7558 -73.7223 0.985942 0.167136 0.000212 0.08894 -0.523888 -0.847225 -0.14145 0.835575 -0.531234 77.dat
1 16 18.2631 -339.4229 -74.2704 0.985646 0.168875 0.000347 0.088582 -0.51556 -0.852352 -0.14372 0.840391 -0.522968 77.dat
1 16 18.111 -338.9588 -75.027 0.985646 0.168875 0.000428 0.088652 -0.51556 -0.852345 -0.143677 0.840391 -0.52298 77.dat
1 16 18.0033 -338.6136 -75.5678 0.986153 0.165886 0.000418 0.089405 -0.529675 -0.843572 -0.139675 0.832169 -0.537016 77.dat
1 16 17.8961 -338.2659 -76.1071 0.986273 0.16517 0.000471 0.089612 -0.533001 -0.841454 -0.138692 0.830185 -0.540329 77.dat
1 16 17.7887 -337.9193 -76.6471 0.986273 0.16517 0.000543 0.089673 -0.533001 -0.841447 -0.138652 0.830185 -0.540339 77.dat
1 16 17.6812 -337.5726 -77.187 0.986273 0.16517 0.000612 0.089732 -0.533001 -0.841441 -0.138615 0.830185 -0.540349 77.dat
1 16 17.5363 -337.0758 -77.9241 0.986926 0.161218 0.000564 0.090405 -0.550848 -0.829801 -0.13343 0.81924 -0.55806 77.dat
1 16 17.4314 -336.7178 -78.4571 0.986908 0.161328 0.00063 0.090444 -0.550359 -0.83012 -0.133536 0.819547 -0.557584 77.dat
1 16 17.3264 -336.3599 -78.9901 0.986908 0.161328 0.000691 0.090495 -0.550359 -0.830115 -0.133502 0.819547 -0.557592 77.dat
1 16 17.2224 -335.9982 -79.5208 0.98711 0.160091 0.000714 0.090683 -0.555782 -0.826476 -0.131876 0.816123 -0.562972 77.dat
1 16 17.1208 -335.6258 -80.0445 0.987537 0.157428 0.000695 0.090955 -0.56727 -0.818607 -0.12844 0.808702 -0.574354 77.dat
1 16 16.979 -335.1151 -80.7726 0.987537 0.157428 0.000749 0.091 -0.56727 -0.818602 -0.128409 0.808702 -0.574361 77.dat
1 16 16.8767 -334.7461 -81.2986 0.987537 0.157428 0.000801 0.091043 -0.56727 -0.818597 -0.128379 0.808702 -0.574367 77.dat
1 16 16.7773 -334.3645 -81.8161 0.988041 0.154234 0.000761 0.091206 -0.580617 -0.809173 -0.124324 0.799796 -0.587571 77.dat
1 16 16.6775 -333.9847 -82.3348 0.988158 0.153483 0.000789 0.091255 -0.58371 -0.80694 -0.123356 0.797687 -0.590633 77.dat
1 16 16.5777 -333.6051 -82.8536 0.988158 0.153483 0.000835 0.091292 -0.58371 -0.806936 -0.123328 0.797687 -0.590638 77.dat
1 16 16.4395 -333.0795 -83.5717 0.988158 0.153483 0.000879 0.091329 -0.58371 -0.806932 -0.123302 0.797687 -0.590644 77.dat
1 16 16.3455 -332.6768 -84.0741 0.989419 0.145129 0.000701 0.090954 -0.616663 -0.782096 -0.11304 0.774108 -0.623158 77.dat
1 16 16.247 -332.2917 -84.5894 0.988769 0.149494 0.000854 0.091304 -0.599699 -0.795131 -0.118321 0.786506 -0.606437 77.dat
1 16 16.1497 -331.9017 -85.101 0.988769 0.149494 0.000893 0.091336 -0.599699 -0.795127 -0.118297 0.786506 -0.606442 77.dat
1 16 16.0548 -331.5029 -85.6061 0.989126 0.147109 0.000868 0.091207 -0.608958 -0.788078 -0.115371 0.779813 -0.615575 77.dat
1 16 15.9239 -330.9487 -86.3038 0.98937 0.145461 0.000861 0.091088 -0.61526 -0.783184 -0.11336 0.775161 -0.621789 77.dat
1 16 15.8293 -330.5485 -86.8079 0.98937 0.145461 0.000896 0.091115 -0.61526 -0.783181 -0.113338 0.775161 -0.621793 77.dat
1 16 15.7347 -330.1483 -87.3121 0.98937 0.145461 0.00093 0.091142 -0.61526 -0.783178 -0.113317 0.775161 -0.621797 77.dat
1 16 15.6446 -329.7314 -87.8034 0.990303 0.138959 0.000799 0.09026 -0.639229 -0.763856 -0.105603 0.75674 -0.645386 77.dat
1 16 15.552 -329.324 -88.3021 0.98996 0.141384 0.00089 0.090676 -0.630415 -0.771093 -0.108428 0.763653 -0.636722 77.dat
1 16 15.4247 -328.7564 -88.9897 0.98996 0.141384 0.00092 0.090699 -0.630415 -0.77109 -0.108409 0.763653 -0.636725 77.dat
1 16 15.3351 -328.3376 -89.4794 0.99045 0.137908 0.000863 0.090127 -0.642901 -0.760785 -0.104334 0.753815 -0.649003 77.dat
1 16 15.2461 -327.9174 -89.968 0.99054 0.137264 0.000875 0.090025 -0.645183 -0.758864 -0.10357 0.751981 -0.651249 77.dat
1 16 15.1568 -327.4977 -90.4571 0.99054 0.137264 0.000902 0.090046 -0.645183 -0.758862 -0.103553 0.751981 -0.651251 77.dat
1 16 15.0675 -327.0781 -90.9461 0.99054 0.137264 0.000928 0.090066 -0.645183 -0.758859 -0.103535 0.751981 -0.651254 77.dat
1 16 14.9481 -326.4829 -91.6114 0.991132 0.132914 0.000849 0.089124 -0.660215 -0.745939 -0.098557 0.739614 -0.666014 77.dat
1 16 14.8615 -326.054 -92.0928 0.991107 0.1331 0.000877 0.089187 -0.659581 -0.746492 -0.098751 0.740146 -0.665394 77.dat
1 16 14.7749 -325.625 -92.5742 0.991107 0.1331 0.000901 0.089205 -0.659581 -0.74649 -0.098735 0.740146 -0.665396 77.dat
1 16 14.6894 -325.1925 -93.0526 0.991306 0.13161 0.000889 0.088849 -0.664597 -0.742073 -0.097046 0.735913 -0.670319 77.dat
1 16 14.6064 -324.7517 -93.5239 0.991663 0.128892 0.000848 0.088131 -0.673623 -0.73398 -0.094006 0.728146 -0.67917 77.dat
1 16 14.4903 -324.1452 -94.1794 0.991663 0.128892 0.000869 0.088147 -0.673623 -0.733978 -0.093991 0.728146 -0.679172 77.dat
1 16 14.4065 -323.7071 -94.653 0.991663 0.128892 0.000889 0.088162 -0.673623 -0.733977 -0.093977 0.728146 -0.679174 77.dat
1 16 14.3227 -323.269 -95.1266 0.991663 0.128892 0.000909 0.088177 -0.673623 -0.733975 -0.093964 0.728146 -0.679176 77.dat
1 16 14.2446 -322.8127 -95.5837 0.992691 0.120719 0.000748 0.085565 -0.699617 -0.709576 -0.085111 0.704657 -0.704628 77.dat
1 16 14.1631 -322.3669 -96.0507 0.992307 0.123836 0.000833 0.086647 -0.689868 -0.718922 -0.088428 0.71367 -0.69509 77.dat
1 16 14.0516 -321.7457 -96.6932 0.992307 0.123836 0.000851 0.086659 -0.689868 -0.718921 -0.088416 0.71367 -0.695091 77.dat
1 16 13.9737 -321.289 -97.1498 0.992765 0.120103 0.000788 0.08537 -0.70143 -0.707808 -0.084433 0.702958 -0.706404 77.dat
1 16 13.8961 -320.8311 -97.6054 0.992835 0.119523 0.000792 0.08517 -0.703201 -0.706074 -0.083811 0.701285 -0.708138 77.dat
1 16 13.8184 -320.3737 -98.0616 0.992835 0.119523 0.000808 0.085181 -0.703201 -0.706072 -0.0838 0.701285 -0.708139 77.dat
