0 Main
0 Name: 41503-1 - Krader.mpd
0 Author: LTRON
1 72 0 0 0 -1 0 0 0 1 0 0 0 -1 4871.dat
1 71 0 8 -10 -1 0 0 0 1 0 0 0 -1 3023.dat
1 72 0 0 0 -1 0 0 0 1 0 0 0 -1 3020.dat
1 72 0 -8 30 -1 0 0 0 1 0 0 0 -1 3069.dat
1 72 0 -8 -30 -1 0 0 0 1 0 0 0 -1 3069.dat
1 72 -30 -8 0 0 0 1 0 1 0 -1 0 0 3069.dat
1 72 30 -8 0 0 0 1 0 1 0 -1 0 0 3069.dat
1 15 0 -8 0 0 0 1 0 1 0 -1 0 0 3680.dat
1 0 50 62 -18 -1 0 0 0 0 1 0 1 0 3039.dat
1 297 50 62 -42 -1 0 0 0 0 1 0 1 0 3048.dat
1 71 50 62 14 -1 0 0 0 0 1 0 1 0 3660.dat
1 0 -50 62 -18 -1 0 0 0 0 1 0 1 0 3039.dat
1 297 -50 62 -42 -1 0 0 0 0 1 0 1 0 3048.dat
1 71 -50 62 14 -1 0 0 0 0 1 0 1 0 3660.dat
1 72 65.125 -20 8.556 -0.707 -0.707 0 0 0 -1 0.707 -0.707 0 60478.dat
1 0 77.851 -20 7.142 0 -0.707 -0.707 1 0 0 0 -0.707 0.707 6019.dat
1 71 58.055 -20 15.626 0 -0.707 0.707 -1 0 0 0 -0.707 -0.707 54200.dat
1 0 -42.355 -26 14.213 0.866 0 -0.5 0 1 0 0.5 0 0.866 2429.dat
1 72 -73.335 -34 7.873 0.5 0 0.866 0 1 0 -0.866 0 0.5 60897.dat
1 72 -73.335 -42 7.873 0.5 0 0.866 0 1 0 -0.866 0 0.5 60897.dat
1 72 -73.335 -58 7.873 -0.5 0 -0.866 0 1 0 0.866 0 -0.5 6091.dat
1 0 -97.7625 -33 -20.9274 0 0.965762 -0.258762 1 0 0 0 -0.258762 -0.965762 48336.dat
1 72 -105.49 -33 -18.857 0 0.965762 0.258762 -1 0 0 0 -0.258762 0.965762 60478.dat
1 0 -113.2174 -33 -16.7865 0 0.965762 0.258762 -1 0 0 0 -0.258762 0.965762 48336.dat
1 0 -91.2644 -78.556 -22.6685 -0.258762 0.683 0.683 0 0.707 -0.707 -0.965762 -0.183 -0.183 6019.dat
1 0 -108.1934 -43 -54.9429 0 0.866 0.5 1 0 0 0 0.5 -0.866 6019.dat
1 0 -108.1934 -23 -54.9429 0 0.866 0.5 1 0 0 0 0.5 -0.866 6019.dat
1 72 -122.0494 -43 -62.9429 0 0.866 -0.5 -1 0 0 0 0.5 0.866 6091.dat
1 72 -122.0494 -23 -62.9429 0 0.866 -0.5 -1 0 0 0 0.5 0.866 6091.dat
1 72 -102.1924 -89.87 -19.7405 0.258762 0.683 -0.683 0 0.707 0.707 0.965762 -0.183 0.183 6091.dat
1 72 0.07 -16 0.07 -0.707 0 -0.707 0 1 0 0.707 0 -0.707 60474.dat
1 15 -28.21 -24 -14.07 -0.707 0 -0.707 0 1 0 0.707 0 -0.707 6141.dat
1 15 -14.07 -24 -28.21 -0.707 0 -0.707 0 1 0 0.707 0 -0.707 6141.dat
1 15 28.35 -24 -14.07 -0.707 0 -0.707 0 1 0 0.707 0 -0.707 6141.dat
1 15 14.21 -24 -28.21 -0.707 0 -0.707 0 1 0 0.707 0 -0.707 6141.dat
1 71 7.14 -24 -7 -0.707 0 0.707 0 1 0 -0.707 0 -0.707 3023.dat
1 72 28.35 -24 14.21 -0.707 0 -0.707 0 1 0 0.707 0 -0.707 60897.dat
1 0 -42.35 -24 14.21 0.707 0 0.707 0 1 0 -0.707 0 0.707 2430.dat
1 0 0.07 -24 28.35 0.707 0 0.707 0 1 0 -0.707 0 0.707 4032.dat
1 297 -21.14 -48 21.28 -0.707 0 0.707 0 1 0 -0.707 0 -0.707 3048.dat
1 0 21.28 -48 7.14 -0.707 0 0.707 0 1 0 -0.707 0 -0.707 3039.dat
1 71 0.07 -24 42.49 -0.707 0 0.707 0 1 0 -0.707 0 -0.707 54200.dat
1 72 21.28 -48 -21.14 -0.707 0 0.707 0 1 0 -0.707 0 -0.707 3700.dat
1 72 -7 -48 -7 0.707 0 0.707 0 1 0 -0.707 0 0.707 3700.dat
1 72 -21.14 -48 -21.14 0.707 0 0.707 0 1 0 -0.707 0 0.707 3700.dat
1 297 7.14 -72 -7 -0.707 0 0.707 0 1 0 -0.707 0 -0.707 3048.dat
1 0 21.28 -64 -21.14 0.707 0 -0.707 0 1 0 0.707 0 0.707 47458.dat
1 0 -21.14 -64 -21.14 0.707 0 0.707 0 1 0 -0.707 0 0.707 47458.dat
1 71 -14.07 -48 0.07 -0.707 0 -0.707 0 1 0 0.707 0 -0.707 54200.dat
1 71 28.35 -48 14.21 -0.707 0 -0.707 0 1 0 0.707 0 -0.707 54200.dat
1 71 28.35 -38 -28.21 0.707 0 0.707 0 1 0 -0.707 0 0.707 4274.dat
1 71 -28.21 -38 -28.21 -0.707 0 0.707 0 1 0 -0.707 0 -0.707 4274.dat
1 15 34.8898 -38 -34.7497 0 -0.707 0.707 1 0 0 0 0.707 0.707 32474.dat
1 15 -34.7497 -38 -34.7497 0 0.707 -0.707 -1 0 0 0 0.707 0.707 32474.dat
1 71 0.07 -8 0.07 -0.707 0 -0.707 0 1 0 0.707 0 -0.707 3679.dat
