0 
0 Name: New Model.ldr
0 Author: 
1 19 -381.28 -8 -214 0.5 0 0.866 0 1 0 -0.866 0 0.5 30565.dat
1 71 -427.26 -16 -194.36 0.5 0 0.866 0 1 0 -0.866 0 0.5 88072.dat
1 19 -421.28 -8 -144.72 -0.866 0 0.5 0 1 0 -0.5 0 -0.866 30565.dat
1 71 -366.64 -16 -159.36 -0.866 0 0.5 0 1 0 -0.5 0 -0.866 11213.dat
1 19 -352 -8 -104.72 -0.5 0 -0.866 0 1 0 0.866 0 -0.5 30565.dat
1 19 -312 -8 -174 0.866 0 -0.5 0 1 0 0.5 0 0.866 30565.dat
1 71 -306.02 -16 -124.36 -0.5 0 -0.866 0 1 0 0.866 0 -0.5 88072.dat
1 72 -367.98 -32 -137.04 -0.5 0 -0.866 0 1 0 0.866 0 -0.5 47457.dat
1 72 -347.98 -32 -171.68 -0.5 0 -0.866 0 1 0 0.866 0 -0.5 47457.dat
1 72 -385.3 -32 -147.04 0.5 0 0.866 0 1 0 -0.866 0 0.5 47457.dat
1 72 -365.3 -32 -181.68 0.5 0 0.866 0 1 0 -0.866 0 0.5 47457.dat
1 70 -288.7 -36 -114.36 -0.866 0.5 0 0 0 -1 -0.5 -0.866 0 59443.dat
1 72 -288.7 -67 -114.36 -0.866 0 0.5 0 1 0 -0.5 0 -0.866 48729.dat
1 71 -273.7 -67 -140.34 -0.866 -0.5 0 0 0 1 -0.5 0.866 0 87994.dat
1 70 -418.6 -24 -189.36 -0.866 0 0.5 0 1 0 -0.5 0 -0.866 61780.dat
1 43 -417.93 -36 -200.52 -0.866 -0.5 0 0 0 1 -0.5 0.866 0 3062.dat
1 43 -425.662 -61 -191.128 -0.612262 0.612262 0.5 0.707 0.707 0 -0.3535 0.3535 -0.866 3062.dat
1 70 -345.66 -119 -135.7 -0.866 0 -0.5 0 -1 0 -0.5 0 0.866 3957.dat
1 70 -444.58 -40 -204.36 0.866 -0.5 0 0 0 -1 0.5 0.866 0 40378.dat
1 0 -416.068 -182.777 -253.7428 0.866 -0.341 -0.3655 0 0.731 -0.682 0.5 0.590612 0.633046 2566.dat
1 14 -415.615 -187.658 -274.5265 0.866 -0.341 -0.3655 0 0.731 -0.682 0.5 0.590612 0.633046 85861.dat
1 2 -411.9585 -180.838 -280.8596 -0.866 -0.341 0.3655 0 0.731 0.682 -0.5 0.590612 -0.633046 11477.dat
1 2 -402.8455 -185.72 -296.6433 0.866 -0.341 -0.3655 0 0.731 -0.682 0.5 0.590612 0.633046 6005.dat
1 14 -422.9285 -201.298 -261.8595 0.3655 -0.341 0.866 0.682 0.731 0 -0.633046 0.590612 0.5 85861.dat
1 2 -431.5885 -201.298 -266.8595 -0.3655 -0.341 -0.866 -0.682 0.731 0 0.633046 0.590612 -0.5 11477.dat
1 2 -434.7925 -213 -281.3093 0.3655 -0.341 0.866 0.682 0.731 0 -0.633046 0.590612 0.5 6005.dat
1 14 -405.6085 -201.298 -251.8595 -0.866 -0.341 0.3655 0 0.731 0.682 -0.5 0.590612 -0.633046 85861.dat
1 2 -409.2655 -208.118 -245.5256 0.866 -0.341 -0.3655 0 0.731 -0.682 0.5 0.590612 0.633046 11477.dat
1 2 -407.466 -226.64 -248.6423 -0.866 -0.341 0.3655 0 0.731 0.682 -0.5 0.590612 -0.633046 6005.dat
1 14 -398.295 -187.658 -264.5265 -0.3655 -0.341 -0.866 -0.682 0.731 0 0.633046 0.590612 -0.5 85861.dat
1 2 -389.635 -187.658 -259.5265 0.3655 -0.341 0.866 0.682 0.731 0 -0.633046 0.590612 0.5 11477.dat
1 2 -375.519 -199.36 -263.9763 -0.3655 -0.341 -0.866 -0.682 0.731 0 0.633046 0.590612 -0.5 6005.dat
