0 
0 Name: New Model.ldr
0 Author: 
1 72 30 -64 30 1 0 0 0 1 0 0 0 1 4070.dat
1 330 20 -64 70 1 0 0 0 1 0 0 0 1 3004.dat
1 330 10 -64 30 1 0 0 0 1 0 0 0 1 3005.dat
1 27 -10 -56 30 0 0 1 0 1 0 -1 0 0 32607.dat
1 27 50 -56 10 1 0 0 0 1 0 0 0 1 32607.dat
1 0 50 -72 30 0 0 -1 0 1 0 1 0 0 27263.dat
1 0 -10 -72 30 1 0 0 0 1 0 0 0 1 27263.dat
1 0 -8 -102 50 0 1 0 -1 0 0 0 0 1 3623.dat
1 0 -16 -122 50 0 1 0 -1 0 0 0 0 1 85861.dat
1 308 -39.795 -122 50 0 1 0 -1 0 0 0 0 1 98138.dat
1 0 0 -92 50 0 1 0 0 0 -1 -1 0 0 4595.dat
1 72 20 -56 50 -1 0 0 0 1 0 0 0 -1 35480.dat
1 308 10 -88 50 0 0 1 0 1 0 -1 0 0 87994.dat
1 308 30 -88 50 0 0 1 0 1 0 -1 0 0 87994.dat
1 308 -60 -72 16 0 0 -1 -1 0 0 0 1 0 24599.dat
1 308 8 -142 50 0 -1 0 0 0 1 -1 0 0 60481.dat
1 308 16 -142 50 0 -1 0 -1 0 0 0 0 -1 98138.dat
1 0 -40 -152 50 0 -1 0 0 0 1 -1 0 0 4595.dat
1 308 -50 -132 50 0 0 1 0 -1 0 1 0 0 54200.dat
1 0 -79.9 -162 50 0 1 0 -1 0 0 0 0 1 4733.dat
1 0 -87.9 -162 50 0 1 0 -1 0 0 0 0 1 85861.dat
1 0 -95.9 -162 50 0 1 0 -1 0 0 0 0 1 85861.dat
1 0 -119.9 -162 50 0 1 0 -1 0 0 0 0 1 4733.dat
1 308 -124.1 -162 50 0 0 -1 0 -1 0 -1 0 0 43892.dat
1 14 -113.9 -162 50 0 1 0 -1 0 0 0 0 1 30374.dat
1 0 -69.9 -144 50 0 0 1 0 -1 0 1 0 0 85861.dat
1 308 -69.9 -176.2 50 -1 0 0 0 0 -1 0 -1 0 43892.dat
1 308 -89.9 -128 50 0 0 1 0 -1 0 1 0 0 50950.dat
1 0 -79.9 -152 32 0 0 1 1 0 0 0 1 0 26601.dat
1 308 -69.9 -162 24 0 0 1 1 0 0 0 1 0 98138.dat
1 308 -69.9 -142 32 0 0 1 1 0 0 0 1 0 54200.dat
1 308 -99.9 -162 40 0 0 1 1 0 0 0 1 0 11477.dat
1 0 -79.9 -152 68 -1 0 0 0 0 -1 0 -1 0 26601.dat
1 72 -69.9 -152 76 0 0 1 -1 0 0 0 -1 0 35480.dat
1 308 -99.9 -162 60 0 0 1 -1 0 0 0 -1 0 11477.dat
1 15 -79.9 -152 84 0 0 1 -1 0 0 0 -1 0 14769.dat
1 2 -110.607 -172 49.293 0.707 0 0.707 0 1 0 -0.707 0 0.707 33320.dat
1 10 -50 -254 50 0 0 1 0 -1 0 1 0 0 32607.dat
1 0 -50 -246 50 0 0 1 0 -1 0 1 0 0 3957.dat
1 10 -50 -238 50 1 0 0 0 -1 0 0 0 -1 32607.dat
1 308 -50 -214 50 0 0 -1 0 -1 0 -1 0 0 3062.dat
1 0 -50 -190 50 0 0 -1 0 -1 0 -1 0 0 4733.dat
1 0 -50 -182 50 0 0 -1 0 -1 0 -1 0 0 85861.dat
1 308 -50 -200 35.8 0.643 0.766 0 0.766 -0.643 0 0 0 -1 43892.dat
1 308 -50 -200 64.2 -0.819 0.574 0 -0.574 -0.819 0 0 0 1 43892.dat
1 308 -50 -262 50 0 0 -1 0 -1 0 -1 0 0 87994.dat
1 70 -49 -249.283 56.7 0 0 -1 0 1 0 1 0 0 24855.dat
1 27 -50.036 -318 50.009 0.707 0 0.707 0 1 0 -0.707 0 0.707 32607.dat
1 2 -34.819 -280.71 42.003 0.683 -0.444 0.581 0.562 0.826 -0.03 -0.467 0.347 0.814 24866.dat
1 27 -31.27 -287.322 39.23 0.683 -0.444 0.581 0.562 0.826 -0.03 -0.467 0.347 0.814 32607.dat
1 10 -62 -278.393 43.503 -0.777 0.551 0.305 0.6 0.795 0.092 -0.192 0.254 -0.948 24866.dat
1 10 -66.4 -284.754 41.472 -0.777 0.551 0.305 0.6 0.795 0.092 -0.192 0.254 -0.948 32607.dat
1 0 -187.6 -226 50 0 1 0 -1 0 0 0 0 1 4733.dat
1 4 -177.6 -181.067 65.141 0 0 -1 -0.534 0.845 0 0.845 0.534 0 33051.dat
1 70 -177.6 -226 24 -1 0 0 0 0 1 0 1 0 24855.dat
1 10 -177.6 -206.972 9.317 -1 0 0 0 -0.574 0.819 0 0.819 0.574 24866.dat
1 10 -155.409 -238.812 -0.103 0.5 -0.497 0.709 0.866 0.287 -0.41 0 0.819 0.574 24866.dat
1 10 -197.307 -237.378 4 0.5 0.497 -0.709 -0.866 0.287 -0.41 0 0.819 0.574 24866.dat
1 10 -177.6 -202.378 2.762 0.866 0 0.5 0.409 -0.574 -0.709 0.287 0.819 -0.497 32607.dat
1 27 -151.433 -241.108 -6.655 0.864 -0.497 -0.079 0.078 0.287 -0.955 0.497 0.819 0.287 32607.dat
1 27 -201.281 -239.672 -2.56 -0.078 0.497 0.864 0.955 0.287 -0.078 -0.287 0.819 -0.497 32607.dat
1 70 -177.6 -252 50 1 0 0 0 1 0 0 0 1 24855.dat
1 10 -177.6 -266.683 69.028 1 0 0 0 0.819 0.574 0 -0.574 0.819 24866.dat
1 10 -199.791 -276.103 37.188 -0.5 0.497 -0.709 0 0.819 0.574 0.866 0.287 -0.41 24866.dat
1 10 -157.893 -272 38.622 -0.5 -0.497 0.709 0 0.819 0.574 -0.866 0.287 -0.41 24866.dat
1 10 -177.6 -273.238 73.622 -0.866 0 -0.5 0.287 0.819 -0.497 0.409 -0.574 -0.709 32607.dat
1 27 -203.767 -282.655 34.892 -0.864 0.497 0.079 0.497 0.819 0.287 0.078 0.287 -0.955 32607.dat
1 27 -153.919 -278.56 36.328 0.078 -0.497 -0.864 -0.287 0.819 -0.497 0.955 0.287 -0.078 32607.dat
1 308 -177.6 -226 -26 1 0 0 0 0 -1 0 1 0 87994.dat
1 27 -177.6 -226 -22 1 0 0 0 0 -1 0 1 0 32607.dat
1 308 -177.6 -302 50 -1 0 0 0 1 0 0 0 -1 87994.dat
1 27 -177.6 -298 50 -1 0 0 0 1 0 0 0 -1 32607.dat
1 0 -69.9 -239.7 -14 0 0 1 0 1 0 -1 0 0 4733.dat
1 4 -54.759 -229.7 30.933 0.845 0.534 0 0 0 -1 -0.534 0.845 0 33051.dat
1 70 -95.9 -229.7 -14 0 1 0 -1 0 0 0 0 1 24855.dat
1 10 -110.583 -229.7 5.028 0 0.819 0.574 -1 0 0 0 -0.574 0.819 24866.dat
1 10 -120.003 -207.509 -26.812 0 0.819 0.574 0.5 -0.497 0.709 0.866 0.287 -0.41 24866.dat
1 10 -115.9 -249.407 -25.378 0 0.819 0.574 0.5 0.497 -0.709 -0.866 0.287 -0.41 24866.dat
1 10 -117.138 -229.7 9.622 0.287 0.819 -0.497 0.866 0 0.5 0.409 -0.574 -0.709 32607.dat
1 27 -126.555 -203.533 -29.108 0.497 0.819 0.287 0.864 -0.497 -0.079 0.078 0.287 -0.955 32607.dat
1 27 -122.46 -253.381 -27.672 -0.287 0.819 -0.497 -0.078 0.497 0.864 0.955 0.287 -0.078 32607.dat
1 70 -69.9 -229.7 -40 0 0 1 1 0 0 0 1 0 24855.dat
1 10 -50.872 -229.7 -54.683 0 -0.574 0.819 1 0 0 0 0.819 0.574 24866.dat
1 10 -82.712 -251.891 -64.103 0.866 0.287 -0.41 -0.5 0.497 -0.709 0 0.819 0.574 24866.dat
1 10 -81.278 -209.993 -60 -0.866 0.287 -0.41 -0.5 -0.497 0.709 0 0.819 0.574 24866.dat
1 10 -46.278 -229.7 -61.238 0.409 -0.574 -0.709 -0.866 0 -0.5 0.287 0.819 -0.497 32607.dat
1 27 -85.008 -255.867 -70.655 0.078 0.287 -0.955 -0.864 0.497 0.079 0.497 0.819 0.287 32607.dat
1 27 -83.572 -206.019 -66.56 0.955 0.287 -0.078 0.078 -0.497 -0.864 -0.287 0.819 -0.497 32607.dat
1 308 -145.9 -229.7 -14 0 1 0 1 0 0 0 0 -1 87994.dat
1 27 -141.9 -229.7 -14 0 1 0 1 0 0 0 0 -1 32607.dat
1 308 -69.9 -229.7 -90 0 0 -1 -1 0 0 0 1 0 87994.dat
1 27 -69.9 -229.7 -86 0 0 -1 -1 0 0 0 1 0 32607.dat
1 0 -1 -241.1 -13.4 0 0 -1 -1 0 0 0 1 0 4733.dat
1 4 -16.141 -196.167 -3.4 -0.845 -0.534 0 -0.534 0.845 0 0 0 -1 33051.dat
1 70 25 -241.1 -3.4 0 -1 0 0 0 1 -1 0 0 24855.dat
1 10 39.683 -222.072 -3.4 0 -0.819 -0.574 0 -0.574 0.819 -1 0 0 24866.dat
1 10 49.103 -253.912 18.791 0 -0.819 -0.574 0.866 0.287 -0.41 0.5 -0.497 0.709 24866.dat
1 10 45 -252.478 -23.107 0 -0.819 -0.574 -0.866 0.287 -0.41 0.5 0.497 -0.709 24866.dat
1 10 46.238 -217.478 -3.4 -0.287 -0.819 0.497 0.409 -0.574 -0.709 0.866 0 0.5 32607.dat
1 27 55.655 -256.208 22.767 -0.497 -0.819 -0.287 0.078 0.287 -0.955 0.864 -0.497 -0.079 32607.dat
1 27 51.56 -254.772 -27.081 0.287 -0.819 0.497 0.955 0.287 -0.078 -0.078 0.497 0.864 32607.dat
1 70 -1 -267.1 -3.4 0 0 -1 0 1 0 1 0 0 24855.dat
1 10 -20.028 -281.783 -3.4 0 0.574 -0.819 0 0.819 0.574 1 0 0 24866.dat
1 10 11.812 -291.203 -25.591 -0.866 -0.287 0.41 0 0.819 0.574 -0.5 0.497 -0.709 24866.dat
1 10 10.378 -287.1 16.307 0.866 -0.287 0.41 0 0.819 0.574 -0.5 -0.497 0.709 24866.dat
1 10 -24.622 -288.338 -3.4 -0.409 0.574 0.709 0.287 0.819 -0.497 -0.866 0 -0.5 32607.dat
1 27 14.108 -297.755 -29.567 -0.078 -0.287 0.955 0.497 0.819 0.287 -0.864 0.497 0.079 32607.dat
1 27 12.672 -293.66 20.281 -0.955 -0.287 0.078 -0.287 0.819 -0.497 0.078 -0.497 -0.864 32607.dat
1 308 75 -241.1 -3.4 0 -1 0 0 0 -1 1 0 0 87994.dat
1 27 71 -241.1 -3.4 0 -1 0 0 0 -1 1 0 0 32607.dat
1 308 -1 -317.1 -3.4 0 0 1 0 1 0 -1 0 0 87994.dat
1 27 -1 -313.1 -3.4 0 0 1 0 1 0 -1 0 0 32607.dat
1 0 -13.3 -252.4 127.7 0 0 1 -1 0 0 0 -1 0 4733.dat
1 4 1.841 -207.467 117.7 0.845 0.534 0 -0.534 0.845 0 0 0 1 33051.dat
1 70 -39.3 -252.4 117.7 0 1 0 0 0 1 1 0 0 24855.dat
1 10 -53.983 -233.372 117.7 0 0.819 0.574 0 -0.574 0.819 1 0 0 24866.dat
1 10 -63.403 -265.212 95.509 0 0.819 0.574 0.866 0.287 -0.41 -0.5 0.497 -0.709 24866.dat
1 10 -59.3 -263.778 137.407 0 0.819 0.574 -0.866 0.287 -0.41 -0.5 -0.497 0.709 24866.dat
1 10 -60.538 -228.778 117.7 0.287 0.819 -0.497 0.409 -0.574 -0.709 -0.866 0 -0.5 32607.dat
1 27 -69.955 -267.508 91.533 0.497 0.819 0.287 0.078 0.287 -0.955 -0.864 0.497 0.079 32607.dat
1 27 -65.86 -266.072 141.381 -0.287 0.819 -0.497 0.955 0.287 -0.078 0.078 -0.497 -0.864 32607.dat
1 70 -13.3 -278.4 117.7 0 0 1 0 1 0 -1 0 0 24855.dat
1 10 5.728 -293.083 117.7 0 -0.574 0.819 0 0.819 0.574 -1 0 0 24866.dat
1 10 -26.112 -302.503 139.891 0.866 0.287 -0.41 0 0.819 0.574 0.5 -0.497 0.709 24866.dat
1 10 -24.678 -298.4 97.993 -0.866 0.287 -0.41 0 0.819 0.574 0.5 0.497 -0.709 24866.dat
1 10 10.322 -299.638 117.7 0.409 -0.574 -0.709 0.287 0.819 -0.497 0.866 0 0.5 32607.dat
1 27 -28.408 -309.055 143.867 0.078 0.287 -0.955 0.497 0.819 0.287 0.864 -0.497 -0.079 32607.dat
1 27 -26.972 -304.96 94.019 0.955 0.287 -0.078 -0.287 0.819 -0.497 -0.078 0.497 0.864 32607.dat
1 308 -89.3 -252.4 117.7 0 1 0 0 0 -1 -1 0 0 87994.dat
1 27 -85.3 -252.4 117.7 0 1 0 0 0 -1 -1 0 0 32607.dat
1 308 -13.3 -328.4 117.7 0 0 -1 0 1 0 1 0 0 87994.dat
1 27 -13.3 -324.4 117.7 0 0 -1 0 1 0 1 0 0 32607.dat
