0 
0 Name: New Model.ldr
0 Author: 
1 10 240 0 0 0 0 -1 0 1 0 1 0 0 91405.dat
1 1 140 -8 -60 0 0 -1 0 1 0 1 0 0 3020.dat
1 1 180 -8 -120 0 0 -1 0 1 0 1 0 0 3020.dat
1 27 390 -8 -150 -1 0 0 0 1 0 0 0 -1 6141.dat
1 2 390 -24 -130 -1 0 0 0 1 0 0 0 -1 59900.dat
1 2 390 -24 -90 1 0 0 0 1 0 0 0 1 3040.dat
1 2 390 -24 -70 -1 0 0 0 1 0 0 0 -1 3040.dat
1 1 140 -8 -110 -1 0 0 0 1 0 0 0 -1 3023.dat
1 71 150 -8 -140 0 0 1 0 1 0 -1 0 0 3023.dat
1 71 260 -8 -150 1 0 0 0 1 0 0 0 1 3023.dat
1 71 220 -8 -140 1 0 0 0 1 0 0 0 1 3022.dat
1 0 110 -8 -110 1 0 0 0 1 0 0 0 1 6141.dat
1 70 370 -24 -80 0 0 1 0 1 0 -1 0 0 3004.dat
1 2 350 -24 -70 -1 0 0 0 1 0 0 0 -1 3040.dat
1 2 350 -24 -90 0 0 1 0 1 0 -1 0 0 3040.dat
1 1 110 -8 -60 0 0 1 0 1 0 -1 0 0 3023.dat
1 0 80 -8 -120 1 0 0 0 1 0 0 0 1 4032.dat
1 57 90 -8 -110 -1 0 0 0 1 0 0 0 -1 54200.dat
1 38 70 -16 -110 -1 0 0 0 1 0 0 0 -1 6141.dat
1 38 90 -16 -130 -1 0 0 0 1 0 0 0 -1 6141.dat
1 57 70 -8 -130 0 0 1 0 1 0 -1 0 0 54200.dat
1 38 90 -24 -130 -1 0 0 0 1 0 0 0 -1 6141.dat
1 0 90 -8 -150 1 0 0 0 1 0 0 0 1 6141.dat
1 0 70 -8 -150 1 0 0 0 1 0 0 0 1 6141.dat
1 0 70 -8 -90 1 0 0 0 1 0 0 0 1 6141.dat
1 0 50 -8 -110 1 0 0 0 1 0 0 0 1 6141.dat
1 70 30 -8 -110 1 0 0 0 1 0 0 0 1 6141.dat
1 70 10 -8 -110 1 0 0 0 1 0 0 0 1 6141.dat
1 70 30 -8 -130 1 0 0 0 1 0 0 0 1 6141.dat
1 70 10 -8 -130 1 0 0 0 1 0 0 0 1 6141.dat
1 70 20 -16 -120 1 0 0 0 1 0 0 0 1 3022.dat
1 0 90 -48 -130 0 0 -1 0 1 0 1 0 0 4529.dat
1 70 370 -48 -80 1 0 0 0 1 0 0 0 1 3002.dat
1 70 380 -72 -90 1 0 0 0 1 0 0 0 1 3004.dat
1 70 380 -72 -70 1 0 0 0 1 0 0 0 1 3004.dat
1 19 390 -80 -80 0 0 -1 0 1 0 1 0 0 44728.dat
1 1 370 -80 -80 0 0 1 0 1 0 -1 0 0 48336.dat
1 70 380 -104 -80 0 0 1 0 1 0 -1 0 0 3003.dat
1 70 390 -128 -70 -1 0 0 0 1 0 0 0 -1 2357.dat
1 70 370 -112 -90 -1 0 0 0 1 0 0 0 -1 6141.dat
1 19 370 -120 -90 -1 0 0 0 1 0 0 0 -1 6141.dat
1 70 370 -128 -90 -1 0 0 0 1 0 0 0 -1 6141.dat
1 70 380 -152 -70 1 0 0 0 1 0 0 0 1 3004.dat
1 70 380 -152 -90 1 0 0 0 1 0 0 0 1 3004.dat
1 2 370 -160 -80 0 0 -1 0 1 0 1 0 0 3023.dat
1 0 390 -160 -80 0 0 -1 0 1 0 1 0 0 99781.dat
1 19 412 -100 -80 0 -1 0 -1 0 0 0 0 -1 3795.dat
1 70 420 -130 -80 0 -1 0 0 0 -1 1 0 0 3023.dat
1 70 420 -90 -80 0 -1 0 0 0 -1 1 0 0 3023.dat
1 70 420 -50 -80 0 -1 0 0 0 -1 1 0 0 3023.dat
1 2 380 -168 -80 0 0 -1 0 1 0 1 0 0 3795.dat
1 2 360 -176 -70 1 0 0 0 1 0 0 0 1 3710.dat
1 2 360 -176 -50 1 0 0 0 1 0 0 0 1 3710.dat
1 27 380 -176 -30 1 0 0 0 1 0 0 0 1 3023.dat
1 2 400 -176 -90 1 0 0 0 1 0 0 0 1 3710.dat
1 2 400 -176 -110 1 0 0 0 1 0 0 0 1 3710.dat
1 27 380 -176 -130 1 0 0 0 1 0 0 0 1 3023.dat
1 2 400 -184 -70 1 0 0 0 1 0 0 0 1 3023.dat
1 27 370 -184 -60 0 0 -1 0 1 0 1 0 0 3023.dat
1 27 390 -184 -100 0 0 -1 0 1 0 1 0 0 3023.dat
1 2 360 -184 -90 1 0 0 0 1 0 0 0 1 3023.dat
1 2 390 -184 -130 1 0 0 0 1 0 0 0 1 6141.dat
1 27 390 -192 -80 0 0 -1 0 1 0 1 0 0 3023.dat
1 27 370 -192 -80 0 0 -1 0 1 0 1 0 0 3023.dat
1 27 330 -184 -50 0 0 -1 0 1 0 1 0 0 6141.dat
1 27 430 -184 -90 0 0 -1 0 1 0 1 0 0 6141.dat
1 14 330 -80 -90 0 0 -1 0 1 0 1 0 0 61252.dat
1 14 330 -88 -90 0 0 -1 0 1 0 1 0 0 6141.dat
1 0 330 -112 -90 0 0 -1 0 1 0 1 0 0 4733.dat
1 4 348 -102 -90 0 -1 0 -1 0 0 0 0 -1 3070.dat
1 15 320 -102 -90 0 1 0 0 0 -1 -1 0 0 54200.dat
1 0 330 -102 -72 -0.707 0 0.707 -0.707 0 -0.707 0 -1 0 6141.dat
1 0 330 -102 -108 0.707 0 0.707 0.707 0 -0.707 0 1 0 6141.dat
1 15 322.929 -94.929 -80 -0.707 0 0.707 -0.707 0 -0.707 0 -1 0 11477.dat
1 15 322.929 -94.929 -100 0.707 0 0.707 0.707 0 -0.707 0 1 0 11477.dat
1 191 330 -120 -90 0 0 -1 0 1 0 1 0 0 49673.dat
1 4 330 -128 -90 -0.707 0 -0.707 0 1 0 0.707 0 -0.707 3070.dat
1 0 90 -56 -130 1 0 0 0 1 0 0 0 1 4740.dat
1 0 90 -60 -130 0.259 0 -0.966 0 1 0 0.966 0 0.259 60849.dat
1 2 390 -200 -70 -0.5 0 0.866 0 1 0 -0.866 0 -0.5 6141.dat
1 14 390 -208 -70 -0.5 0 0.866 0 1 0 -0.866 0 -0.5 6141.dat
1 0 390 -232 -70 -0.5 0 0.866 0 1 0 -0.866 0 -0.5 4733.dat
1 15 385 -222 -78.66 0 0.5 0.866 1 0 0 0 0.866 -0.5 54200.dat
1 15 395 -222 -61.34 0 -0.5 0.866 -1 0 0 0 -0.866 -0.5 54200.dat
1 72 374.412 -222 -61 0 0.866 0.5 -1 0 0 0 -0.5 0.866 12825.dat
1 15 398.66 -232 -75 0.5 -0.866 0 0 0 -1 0.866 0.5 0 11477.dat
1 4 390 -240 -70 0.258762 0 0.965762 0 1 0 -0.965762 0 0.258762 3070.dat
