0 
0 Name: New Model.ldr
0 Author: 
1 70 -280 -8 -170 0 0 -1 0 1 0 1 0 0 3021.dat
1 70 -290 -16 -170 -1 0 0 0 1 0 0 0 -1 6141.dat
1 34 -290 -24 -170 -1 0 0 0 1 0 0 0 -1 6141.dat
1 2 -270 -88 -150 -0.707 0 -0.707 0 1 0 0.707 0 -0.707 3022.dat
1 2 -277.07 -112 -142.93 -0.707 0 0.707 0 1 0 -0.707 0 -0.707 3660.dat
1 2 -262.93 -112 -157.07 0.707 0 -0.707 0 1 0 0.707 0 0.707 3660.dat
1 2 -270 -136 -150 0.707 0 -0.707 0 1 0 0.707 0 0.707 3001.dat
1 27 -248.79 -136 -171.21 0.707 0 -0.707 0 1 0 0.707 0 0.707 3004.dat
1 27 -291.21 -136 -128.79 0.707 0 -0.707 0 1 0 0.707 0 0.707 3004.dat
1 2 -255.86 -160 -150 0.707 0 -0.707 0 1 0 0.707 0 0.707 3040.dat
1 2 -270 -160 -164.14 0.707 0 0.707 0 1 0 -0.707 0 0.707 3040.dat
1 2 -284.14 -160 -150 -0.707 0 0.707 0 1 0 -0.707 0 -0.707 3040.dat
1 2 -270 -160 -135.86 -0.707 0 -0.707 0 1 0 0.707 0 -0.707 3040.dat
1 70 -270 -80 -150 -0.707 0 -0.707 0 1 0 0.707 0 -0.707 3062.dat
1 70 -270 -56 -150 -0.707 0 -0.707 0 1 0 0.707 0 -0.707 3062.dat
1 70 -270 -32 -150 -0.707 0 -0.707 0 1 0 0.707 0 -0.707 3062.dat
