0 
0 Name: New Model.ldr
0 Author: 
1 70 -240 -8 -250 0 0 1 0 1 0 -1 0 0 3021.dat
1 2 -240 -40 -240 0.707 0 -0.707 0 1 0 0.707 0 0.707 3022.dat
1 2 -232.93 -64 -247.07 0.707 0 -0.707 0 1 0 0.707 0 0.707 3660.dat
1 2 -247.07 -64 -232.93 -0.707 0 0.707 0 1 0 -0.707 0 -0.707 3660.dat
1 2 -240 -88 -240 0.707 0 -0.707 0 1 0 0.707 0 0.707 3001.dat
1 27 -261.21 -88 -218.79 0.707 0 -0.707 0 1 0 0.707 0 0.707 3004.dat
1 27 -218.79 -88 -261.21 0.707 0 -0.707 0 1 0 0.707 0 0.707 3004.dat
1 2 -225.86 -112 -240 0.707 0 -0.707 0 1 0 0.707 0 0.707 3040.dat
1 2 -240 -112 -254.14 0.707 0 0.707 0 1 0 -0.707 0 0.707 3040.dat
1 2 -254.14 -112 -240 -0.707 0 0.707 0 1 0 -0.707 0 -0.707 3040.dat
1 2 -240 -112 -225.86 -0.707 0 -0.707 0 1 0 0.707 0 -0.707 3040.dat
1 70 -240 -32 -240 -0.707 0 -0.707 0 1 0 0.707 0 -0.707 3062.dat
