0 
0 Name: New Model.ldr
0 Author: 
1 10 0 0 -240 -1 0 0 0 1 0 0 0 -1 91405.dat
1 2 60 -8 -240 0 0 -1 0 1 0 1 0 0 3795.dat
1 1 100 -8 -240 0 0 1 0 1 0 -1 0 0 3020.dat
1 1 100 -8 -320 0 0 1 0 1 0 -1 0 0 3020.dat
1 1 60 -8 -340 0 0 1 0 1 0 -1 0 0 3020.dat
1 1 140 -8 -240 0 0 1 0 1 0 -1 0 0 3022.dat
1 1 140 -8 -300 0 0 1 0 1 0 -1 0 0 3020.dat
1 27 130 -8 -360 0 0 -1 0 1 0 1 0 0 3023.dat
1 27 70 -16 -280 0 0 -1 0 1 0 1 0 0 3023.dat
1 72 50 -24 -390 0 0 -1 0 1 0 1 0 0 3040.dat
1 72 30 -24 -390 -1 0 0 0 1 0 0 0 -1 3040.dat
1 72 100 -24 -390 -1 0 0 0 1 0 0 0 -1 3039.dat
1 43 50 -16 -310 0 0 -1 0 1 0 1 0 0 6141.dat
1 43 90 -16 -330 0 0 -1 0 1 0 1 0 0 6141.dat
1 43 130 -16 -290 0 0 -1 0 1 0 1 0 0 6141.dat
1 43 110 -16 -250 0 0 -1 0 1 0 1 0 0 6141.dat
1 2 20 -8 -290 -1 0 0 0 1 0 0 0 -1 3023.dat
1 19 -50 -8 -340 0 0 1 0 1 0 -1 0 0 3666.dat
1 19 -50 -32 -390 0 0 -1 0 1 0 1 0 0 4070.dat
1 19 -50 -56 -390 0 0 -1 0 1 0 1 0 0 4070.dat
1 70 -36 -22 -340 0 -1 0 0 0 -1 1 0 0 6636.dat
1 70 -36 -46 -340 0 -1 0 0 0 -1 1 0 0 6636.dat
1 15 110 -32 -330 1 0 0 0 1 0 0 0 1 3040.dat
1 14 110 -40 -330 -1 0 0 0 1 0 0 0 -1 61252.dat
1 15 110 -40 -330 -1 0 0 0 1 0 0 0 -1 54200.dat
1 308 10 -24 -350 0.707 0 -0.707 0 1 0 0.707 0 0.707 3062.dat
1 19 10 -48 -350 0.707 0 -0.707 0 1 0 0.707 0 0.707 3062.dat
1 0 10 -72 -350 0.707 0 -0.707 0 1 0 0.707 0 0.707 4733.dat
1 19 10 -80 -350 0.707 0 -0.707 0 1 0 0.707 0 0.707 6141.dat
1 19 10 -88 -350 0.707 0 -0.707 0 1 0 0.707 0 0.707 6141.dat
1 0 10 -112 -350 0.707 0 -0.707 0 1 0 0.707 0 0.707 4733.dat
1 2 10 -120 -350 0.707 0 -0.707 0 1 0 0.707 0 0.707 6141.dat
1 2 10 -144 -350 0.707 0 -0.707 0 1 0 0.707 0 0.707 59900.dat
1 2 22.726 -72 -337.274 0 -0.707 -0.707 1 0 0 0 -0.707 0.707 3710.dat
1 2 28.382 -82 -331.618 0 -0.707 -0.707 1 0 0 0 -0.707 0.707 3024.dat
1 2 39.694 -42 -320.306 0.707 -0.707 0 0 0 1 -0.707 -0.707 0 3040.dat
1 2 -2.726 -72 -337.274 0 0.707 -0.707 1 0 0 0 -0.707 -0.707 3710.dat
1 2 -8.382 -82 -331.618 0 0.707 -0.707 1 0 0 0 -0.707 -0.707 3024.dat
1 2 -19.694 -42 -320.306 0.707 0.707 0 0 0 1 0.707 -0.707 0 3040.dat
1 2 -2.726 -72 -362.726 0 0.707 0.707 1 0 0 0 0.707 -0.707 3710.dat
1 2 -8.382 -82 -368.382 0 0.707 0.707 1 0 0 0 0.707 -0.707 3024.dat
1 2 -19.694 -42 -379.694 -0.707 0.707 0 0 0 1 0.707 0.707 0 3040.dat
1 2 22.726 -72 -362.726 0 -0.707 0.707 1 0 0 0 0.707 0.707 3710.dat
1 2 28.382 -82 -368.382 0 -0.707 0.707 1 0 0 0 0.707 0.707 3024.dat
1 2 39.694 -42 -379.694 -0.707 -0.707 0 0 0 1 -0.707 0.707 0 3040.dat
