0 
0 Name: New Model.ldr
0 Author: 
1 10 0 0 0 0 0 -1 0 1 0 1 0 0 3030.dat
1 6 0 -24 -40 1 0 0 0 1 0 0 0 1 3001.dat
1 6 -10 -24 -70 0 0 1 0 1 0 -1 0 0 2357.dat
1 6 -10 -24 -10 1 0 0 0 1 0 0 0 1 2357.dat
1 6 -10 -48 -30 1 0 0 0 1 0 0 0 1 2357.dat
1 6 -10 -48 -50 0 0 1 0 1 0 -1 0 0 2357.dat
1 6 -10 -72 -30 0 0 1 0 1 0 -1 0 0 2357.dat
1 2 10 -72 -50 0.707107 0 0.707107 0 1 0 -0.707107 0 0.707107 30176.dat
1 6 -10 -96 -50 1 0 0 0 1 0 0 0 1 2357.dat
1 2 10 -96 -30 0.707107 0 -0.707107 0 1 0 0.707107 0 0.707107 30176.dat
1 6 10 -120 -50 0 0 -1 0 1 0 1 0 0 2357.dat
1 2 -10 -120 -30 -0.707107 0 -0.707107 0 1 0 0.707107 0 -0.707107 30176.dat
1 6 10 -144 -30 -1 0 0 0 1 0 0 0 -1 2357.dat
1 2 -10 -144 -50 -0.707107 0 0.707107 0 1 0 -0.707107 0 -0.707107 30176.dat
1 0 -10 -152 -40 0 0 -1 0 1 0 1 0 0 3794.dat
1 0 10 -152 -40 0 0 -1 0 1 0 1 0 0 3794.dat
1 2 0 -168 -40 0 0 -1 0 1 0 1 0 0 30239.dat
