0 
0 Name: New Model.ldr
0 Author: 
1 2 -140 -16 20 0 0 1 0 1 0 -1 0 0 30565.dat
1 2 -160 -8 50 -1 0 0 0 1 0 0 0 -1 3023.dat
1 2 -100 -8 0 -1 0 0 0 1 0 0 0 -1 4032.dat
1 27 -120 -24 30 1 0 0 0 1 0 0 0 1 15573.dat
1 27 -110 -16 10 0 0 -1 0 1 0 1 0 0 54200.dat
1 5 -120 -32 30 1 0 0 0 1 0 0 0 1 6141.dat
1 27 -130 -16 10 0.70711 0 0.70711 0 1 0 -0.70711 0 0.70711 15279.dat
1 15 -120 -32 30 1 0 0 0 1 0 0 0 1 24946.dat
1 27 -170 -24 50 0 0 1 0 1 0 -1 0 0 24866.dat
1 27 -170 -32 50 0 0 1 0 1 0 -1 0 0 24866.dat
1 27 -170 -40 50 0 0 1 0 1 0 -1 0 0 24866.dat
1 10 -170 -48 50 0.70711 0 0.70711 0 1 0 -0.70711 0 0.70711 32607.dat
1 15 -170 -72 50 0.70711 0 0.70711 0 1 0 -0.70711 0 0.70711 4733.dat
1 30 -170 -96 50 0.70711 0 0.70711 0 1 0 -0.70711 0 0.70711 3626.dat
1 30 -177.0711 -72 42.9289 0.70711 0.70711 0 0 0 -1 -0.70711 0.70711 0 11477.dat
1 30 -162.9289 -72 42.9289 0.70711 -0.70711 0 0 0 -1 0.70711 0.70711 0 11477.dat
1 30 -162.9289 -72 57.0711 -0.70711 -0.70711 0 0 0 -1 0.70711 -0.70711 0 11477.dat
1 30 -177.0711 -72 57.0711 -0.70711 0.70711 0 0 0 -1 -0.70711 -0.70711 0 11477.dat
