0 Main
0 Name: 10281 - Bonsai.mpd
0 Author: LTRON
1 28 0 -132 60 1 0 0 0 1 0 0 0 1 3036.dat
1 71 90 -132 0 0 0 -1 0 1 0 1 0 0 99206.dat
1 71 -90 -132 0 0 0 1 0 1 0 -1 0 0 99206.dat
1 28 0 -132 -60 1 0 0 0 1 0 0 0 1 3036.dat
1 72 0 -132 -130 1 0 0 0 1 0 0 0 1 87609.dat
1 72 90 -132 -80 0 0 -1 0 1 0 1 0 0 87609.dat
1 72 -90 -132 -80 0 0 1 0 1 0 -1 0 0 87609.dat
1 72 90 -132 80 0 0 -1 0 1 0 1 0 0 87609.dat
1 72 -90 -132 80 0 0 1 0 1 0 -1 0 0 87609.dat
1 72 0 -132 130 -1 0 0 0 1 0 0 0 -1 87609.dat
1 15 -90 -132 -30 0 0 -1 0 1 0 1 0 0 6141.dat
1 15 -90 -132 30 0 0 -1 0 1 0 1 0 0 6141.dat
1 15 90 -132 30 0 0 -1 0 1 0 1 0 0 6141.dat
1 15 90 -132 -30 0 0 -1 0 1 0 1 0 0 6141.dat
1 71 -70 -132 -130 1 0 0 0 1 0 0 0 1 3623.dat
1 71 70 -132 -130 1 0 0 0 1 0 0 0 1 3623.dat
1 71 70 -132 130 1 0 0 0 1 0 0 0 1 3623.dat
1 71 -70 -132 130 1 0 0 0 1 0 0 0 1 3623.dat
1 15 0 -140 0 0 0 -1 0 1 0 1 0 0 61485.dat
1 15 -50 -140 -50 1 0 0 0 1 0 0 0 1 27263.dat
1 15 -50 -140 50 0 0 1 0 1 0 -1 0 0 27263.dat
1 15 50 -140 50 -1 0 0 0 1 0 0 0 -1 27263.dat
1 15 50 -140 -50 0 0 -1 0 1 0 1 0 0 27263.dat
1 15 -50 -140 -10 0 0 -1 0 1 0 1 0 0 6141.dat
1 15 50 -140 10 0 0 -1 0 1 0 1 0 0 6141.dat
1 15 -10 -140 50 0 0 -1 0 1 0 1 0 0 6141.dat
1 15 10 -140 -50 0 0 -1 0 1 0 1 0 0 6141.dat
1 71 -90 -156 -50 1 0 0 0 1 0 0 0 1 3005.dat
1 71 90 -156 -50 1 0 0 0 1 0 0 0 1 3005.dat
1 71 -90 -156 0 0 0 1 0 1 0 -1 0 0 30414.dat
1 71 -90 -156 -100 0 0 1 0 1 0 -1 0 0 30414.dat
1 71 90 -156 -100 0 0 -1 0 1 0 1 0 0 30414.dat
1 71 -40 -156 -130 1 0 0 0 1 0 0 0 1 30414.dat
1 71 40 -156 -130 1 0 0 0 1 0 0 0 1 30414.dat
1 71 90 -156 50 -1 0 0 0 1 0 0 0 -1 3005.dat
1 71 -90 -156 50 -1 0 0 0 1 0 0 0 -1 3005.dat
1 71 90 -156 0 0 0 -1 0 1 0 1 0 0 30414.dat
1 71 90 -156 100 0 0 -1 0 1 0 1 0 0 30414.dat
1 71 -90 -156 100 0 0 1 0 1 0 -1 0 0 30414.dat
1 71 40 -156 130 -1 0 0 0 1 0 0 0 -1 30414.dat
1 71 -40 -156 130 -1 0 0 0 1 0 0 0 -1 30414.dat
1 72 0 -146 -148 -1 0 0 0 0 1 0 1 0 4477.dat
1 72 108 -146 0 0 -1 0 0 0 1 -1 0 0 4477.dat
1 0 108 -146 -120 0 -1 0 0 0 1 -1 0 0 60478.dat
1 0 -108 -146 -110 0 1 0 0 0 -1 -1 0 0 60478.dat
1 72 0 -146 158 1 0 0 0 0 1 0 -1 0 4477.dat
1 0 108 -146 120 0 -1 0 0 0 -1 1 0 0 60478.dat
1 0 -108 -146 130 0 1 0 0 0 1 1 0 0 60478.dat
1 72 -108 -146 10 0 1 0 0 0 1 1 0 0 4477.dat
1 0 -80 -136 -140 1 0 0 0 0 -1 0 1 0 15068.dat
1 0 -40 -136 -140 1 0 0 0 0 -1 0 1 0 15068.dat
1 0 0 -136 -140 1 0 0 0 0 -1 0 1 0 15068.dat
1 0 40 -136 -140 1 0 0 0 0 -1 0 1 0 15068.dat
1 0 80 -136 -140 1 0 0 0 0 -1 0 1 0 15068.dat
1 0 100 -136 40 0 -1 0 0 0 -1 1 0 0 15068.dat
1 0 100 -136 0 0 -1 0 0 0 -1 1 0 0 15068.dat
1 0 100 -136 -40 0 -1 0 0 0 -1 1 0 0 15068.dat
1 0 100 -136 -80 0 -1 0 0 0 -1 1 0 0 15068.dat
1 0 100 -136 -120 0 -1 0 0 0 -1 1 0 0 15068.dat
1 0 100 -136 120 0 -1 0 0 0 -1 1 0 0 15068.dat
1 0 100 -136 80 0 -1 0 0 0 -1 1 0 0 15068.dat
1 0 80 -136 150 -1 0 0 0 0 -1 0 -1 0 15068.dat
1 0 40 -136 150 -1 0 0 0 0 -1 0 -1 0 15068.dat
1 0 0 -136 150 -1 0 0 0 0 -1 0 -1 0 15068.dat
1 0 -40 -136 150 -1 0 0 0 0 -1 0 -1 0 15068.dat
1 0 -80 -136 150 -1 0 0 0 0 -1 0 -1 0 15068.dat
1 0 -100 -136 -30 0 1 0 0 0 -1 -1 0 0 15068.dat
1 0 -100 -136 10 0 1 0 0 0 -1 -1 0 0 15068.dat
1 0 -100 -136 50 0 1 0 0 0 -1 -1 0 0 15068.dat
1 0 -100 -136 90 0 1 0 0 0 -1 -1 0 0 15068.dat
1 0 -100 -136 130 0 1 0 0 0 -1 -1 0 0 15068.dat
1 0 -100 -136 -110 0 1 0 0 0 -1 -1 0 0 15068.dat
1 0 -100 -136 -70 0 1 0 0 0 -1 -1 0 0 15068.dat
1 0 0 -164 -140 1 0 0 0 1 0 0 0 1 2445.dat
1 0 0 -164 140 1 0 0 0 1 0 0 0 1 2445.dat
1 0 100 -164 0 0 0 -1 0 1 0 1 0 0 2445.dat
1 0 -100 -164 0 0 0 -1 0 1 0 1 0 0 2445.dat
1 0 -100 -172 -120 0 0 -1 0 1 0 1 0 0 87079.dat
1 0 -100 -172 -40 0 0 -1 0 1 0 1 0 0 87079.dat
1 0 -100 -172 40 0 0 -1 0 1 0 1 0 0 87079.dat
1 0 -100 -172 120 0 0 -1 0 1 0 1 0 0 87079.dat
1 0 -40 -172 -140 -1 0 0 0 1 0 0 0 -1 87079.dat
1 0 40 -172 -140 -1 0 0 0 1 0 0 0 -1 87079.dat
1 0 100 -172 120 0 0 1 0 1 0 -1 0 0 87079.dat
1 0 100 -172 40 0 0 1 0 1 0 -1 0 0 87079.dat
1 0 100 -172 -40 0 0 1 0 1 0 -1 0 0 87079.dat
1 0 100 -172 -120 0 0 1 0 1 0 -1 0 0 87079.dat
1 0 40 -172 140 1 0 0 0 1 0 0 0 1 87079.dat
1 0 -40 -172 140 1 0 0 0 1 0 0 0 1 87079.dat
1 0 80 -116 -120 0 0 1 0 1 0 -1 0 0 2476.dat
1 3 80 -98 -120 0 0 1 0 1 0 -1 0 0 18654.dat
1 0 80 -93 -120 0 0 1 -1 0 0 0 -1 0 30028.dat
1 0 -80 -116 -120 0 0 1 0 1 0 -1 0 0 2476.dat
1 3 -80 -98 -120 0 0 1 0 1 0 -1 0 0 18654.dat
1 0 -80 -93 -120 0 0 1 -1 0 0 0 -1 0 30028.dat
1 0 80 -116 120 0 0 1 0 1 0 -1 0 0 2476.dat
1 3 80 -98 120 0 0 1 0 1 0 -1 0 0 18654.dat
1 0 80 -93 120 0 0 1 -1 0 0 0 -1 0 30028.dat
1 0 -80 -116 120 0 0 1 0 1 0 -1 0 0 2476.dat
1 3 -80 -98 120 0 0 1 0 1 0 -1 0 0 18654.dat
1 0 -80 -93 120 0 0 1 -1 0 0 0 -1 0 30028.dat
1 28 0 -148 0 0.94 0 -0.342 0 1 0 0.342 0 0.94 11213.dat
1 84 -2.56 -156 -22.22 0.342 0 0.94 0 1 0 -0.94 0 0.342 92280.dat
1 84 16.24 -156 -15.38 0.342 0 0.94 0 1 0 -0.94 0 0.342 92280.dat
1 0 -10.26 -156 28.2 0.342 0 0.94 0 1 0 -0.94 0 0.342 3021.dat
1 70 -21.36 -156 -29.06 0.342 0 0.94 0 1 0 -0.94 0 0.342 96910.dat
1 70 35.04 -156 -8.54 0.342 0 0.94 0 1 0 -0.94 0 0.342 96910.dat
1 70 -5.98 -164 -12.82 0.94 0 -0.342 0 1 0 0.342 0 0.94 2420.dat
1 84 -23.08 -164 34.18 0.342 0 0.94 0 1 0 -0.94 0 0.342 92280.dat
1 0 -7.7 -164 50.42 -0.342 0 -0.94 0 1 0 0.94 0 -0.342 32828.dat
1 84 2.56 -164 22.22 -0.342 0 -0.94 0 1 0 0.94 0 -0.342 92280.dat
1 72 -17.1 -188 47 0.94 0 -0.342 0 1 0 0.342 0 0.94 37352.dat
1 0 -7.9303 -195.09 21.7967 -0.33003 -0.089604 -0.94 -0.262 0.965 0 0.9071 0.24628 -0.342 3021.dat
1 308 2.6874 -194.95 -7.3865 -0.33003 -0.089604 -0.94 -0.262 0.965 0 0.9071 0.24628 -0.342 3795.dat
1 3 -13.0972 -215.77 35.9982 -0.94 -0.089604 0.33003 0 0.965 0.262 -0.342 0.24628 -0.9071 99781.dat
1 0 -12.3804 -223.49 34.028 -0.94 -0.089604 0.33003 0 0.965 0.262 -0.342 0.24628 -0.9071 99207.dat
1 15 -11.6636 -231.21 32.0578 -0.94 -0.089604 0.33003 0 0.965 0.262 -0.342 0.24628 -0.9071 3023.dat
1 308 -9.1658 -240.834 54.4488 0.089604 0.33003 0.94 -0.965 0.262 0 -0.24628 -0.9071 0.342 3023.dat
1 308 -27.9658 -240.834 47.6088 0.089604 0.33003 0.94 -0.965 0.262 0 -0.24628 -0.9071 0.342 3023.dat
1 308 -21.2061 -242.93 58.2856 0.089604 0.33003 0.94 -0.965 0.262 0 -0.24628 -0.9071 0.342 4032.dat
1 0 29.3058 -189.57 -51.2918 0.33003 -0.089604 0.94 0.262 0.965 0 -0.9071 0.24628 0.342 32828.dat
1 70 -21.2127 -305.93 29.0476 0.33003 -0.089604 0.94 0.262 0.965 0 -0.9071 0.24628 0.342 30099.dat
1 70 -2.4127 -305.93 35.8876 0.33003 -0.089604 0.94 0.262 0.965 0 -0.9071 0.24628 0.342 30099.dat
1 308 -0.112 -189.71 -28.9485 0.94 -0.089604 -0.33003 0 0.965 -0.262 0.342 0.24628 0.9071 11477.dat
1 308 25.2886 -184.47 -40.2505 -0.94 -0.089604 0.33003 0 0.965 0.262 -0.342 0.24628 -0.9071 11477.dat
1 70 5.8 -196 65.976 -0.342 -0.94 0 0 0 -1 0.94 -0.342 0 41770.dat
1 70 26.32 -196 9.576 0.342 -0.94 0 0 0 1 -0.94 -0.342 0 35044.dat
1 70 23.58 -186 40.512 0.342 -0.94 0 0 0 1 -0.94 -0.342 0 2450.dat
1 70 30.76 -156 32.48 -0.342 0 -0.94 0 1 0 0.94 0 -0.342 41682.dat
1 308 52.3 -166 8.384 0 -0.94 -0.342 1 0 0 0 -0.342 0.94 60477.dat
1 308 20.16 -166 49.912 0 -0.94 0.342 -1 0 0 0 -0.342 -0.94 11477.dat
1 308 41.36 -166 15.048 0 -0.94 0.342 -1 0 0 0 -0.342 -0.94 11477.dat
1 70 -46.84 -196 46.824 0.342 0.94 0 0 0 -1 -0.94 0.342 0 41769.dat
1 70 -26.32 -196 -9.576 0 0.94 -0.342 -1 0 0 0 0.342 0.94 35044.dat
1 70 -44.1 -186 15.888 0 0.94 -0.342 -1 0 0 0 0.342 0.94 2450.dat
1 70 -44.44 -156 5.12 0.342 0 0.94 0 1 0 -0.94 0 0.342 41682.dat
1 308 -45.46 -166 -27.184 0 0.94 -0.342 -1 0 0 0 0.342 0.94 60477.dat
1 308 -47.52 -166 25.288 0 0.94 0.342 1 0 0 0 0.342 -0.94 11477.dat
1 308 -41.36 -166 -15.048 0 0.94 0.342 1 0 0 0 0.342 -0.94 11477.dat
1 70 21.1406 -337.8061 -58.1057 0.649025 -0.089604 -0.755806 -0.131 0.965 -0.226892 0.749722 0.24628 0.614549 2429.dat
1 70 21.1406 -337.8061 -58.1057 0.979055 -0.089604 0.184194 0.131 0.965 -0.226892 -0.157378 0.24628 0.956549 2430.dat
1 308 -7.6738 -332.0039 -58.8393 0.649025 -0.089604 -0.755806 -0.131 0.965 -0.226892 0.749722 0.24628 0.614549 4032.dat
1 308 43.6897 -332.0039 -40.1517 0.979055 -0.089604 0.184194 0.131 0.965 -0.226892 -0.157378 0.24628 0.956549 4032.dat
1 70 -9.092 -346.882 -33.5228 -0.649025 -0.089604 0.755806 0.131 0.965 0.226892 -0.749722 0.24628 -0.614549 2430.dat
1 70 -9.092 -346.882 -33.5228 0.33003 -0.089604 0.94 0.262 0.965 0 -0.9071 0.24628 0.342 2429.dat
1 70 28.508 -346.882 -19.8428 -0.979055 -0.089604 -0.184194 -0.131 0.965 0.226892 0.157378 0.24628 -0.956549 2429.dat
1 70 28.508 -346.882 -19.8428 -0.33003 -0.089604 -0.94 -0.262 0.965 0 0.9071 0.24628 -0.342 2430.dat
1 70 36.7655 -364.1939 -46.4592 0.184194 -0.089604 -0.979055 -0.226892 0.965 -0.131 0.956549 0.24628 0.157378 3004.dat
1 70 1.6847 -364.1939 -59.2227 -0.755806 -0.089604 -0.649025 -0.226892 0.965 0.131 0.614549 0.24628 -0.749722 3004.dat
1 308 56.3475 -361.5739 -49.6064 0.184194 -0.089604 -0.979055 -0.226892 0.965 -0.131 0.956549 0.24628 0.157378 32064.dat
1 308 -11.2967 -361.5739 -74.2174 -0.755806 -0.089604 -0.649025 -0.226892 0.965 0.131 0.614549 0.24628 -0.749722 32064.dat
1 70 -16.9103 -352.262 17.2224 -0.94 -0.089604 0.33003 0 0.965 0.262 -0.342 0.24628 -0.9071 88292.dat
1 70 -8.944 -336.822 24.5829 -0.94 -0.089604 0.33003 0 0.965 0.262 -0.342 0.24628 -0.9071 96910.dat
1 70 1.8897 -352.262 24.0624 -0.94 -0.089604 0.33003 0 0.965 0.262 -0.342 0.24628 -0.9071 88292.dat
1 70 13.2242 -359.842 -7.0911 -0.33003 -0.089604 -0.94 -0.262 0.965 0 0.9071 0.24628 -0.342 88072.dat
1 70 -5.5758 -359.842 -13.9311 0.33003 -0.089604 0.94 0.262 0.965 0 -0.9071 0.24628 0.342 88072.dat
1 70 1.2408 -370.182 -3.4103 -0.94 -0.089604 0.33003 0 0.965 0.262 -0.342 0.24628 -0.9071 44728.dat
1 308 7.8414 -364.942 -21.5523 -0.94 -0.089604 0.33003 0 0.965 0.262 -0.342 0.24628 -0.9071 3023.dat
1 70 -3.9262 -390.862 10.7912 -0.94 -0.089604 0.33003 0 0.965 0.262 -0.342 0.24628 -0.9071 99206.dat
1 70 8.5582 -372.662 -23.5226 0.94 -0.089604 -0.33003 0 0.965 -0.262 0.342 0.24628 0.9071 88072.dat
1 70 -6.2247 -377.762 -41.4038 0.33003 -0.089604 0.94 0.262 0.965 0 -0.9071 0.24628 0.342 2429.dat
1 70 -6.2247 -377.762 -41.4038 -0.649025 -0.089604 0.755806 0.131 0.965 0.226892 -0.749722 0.24628 -0.614549 2430.dat
1 70 31.3753 -377.762 -27.7238 -0.33003 -0.089604 -0.94 -0.262 0.965 0 0.9071 0.24628 -0.342 2430.dat
1 70 31.3753 -377.762 -27.7238 -0.979055 -0.089604 -0.184194 -0.131 0.965 0.226892 0.157378 0.24628 -0.956549 2429.dat
1 70 -4.8065 -362.8839 -66.7202 0.649025 -0.089604 -0.755806 -0.131 0.965 -0.226892 0.749722 0.24628 0.614549 15068.dat
1 70 46.557 -362.8839 -48.0327 0.979055 -0.089604 0.184194 0.131 0.965 -0.226892 -0.157378 0.24628 0.956549 15068.dat
1 308 0.091 -395.962 -0.25 -0.94 -0.089604 0.33003 0 0.965 0.262 -0.342 0.24628 -0.9071 4032.dat
1 308 -22.4924 -360.838 32.5651 -0.089604 0.33003 -0.94 0.965 0.262 0 0.24628 -0.9071 -0.342 32064.dat
1 308 15.3747 -383.002 -13.0018 0.94 -0.089604 -0.33003 0 0.965 -0.262 0.342 0.24628 0.9071 11477.dat
1 70 6.1907 -398.582 12.241 -0.94 -0.089604 0.33003 0 0.965 0.262 -0.342 0.24628 -0.9071 33320.dat
1 308 1.588 -356.646 24.8915 -0.089604 0.33003 -0.94 0.965 0.262 0 0.24628 -0.9071 -0.342 3023.dat
1 70 -1.0522 -358.742 32.1483 -0.089604 0.33003 -0.94 0.965 0.262 0 0.24628 -0.9071 -0.342 11476.dat
1 70 18.0494 -354.358 38.1592 0.089604 0.94 -0.33003 -0.965 0 -0.262 -0.24628 0.342 0.9071 13564.dat
1 308 -35.9358 -216.079 69.5146 -0.94 0.33003 0.089604 0 0.262 -0.965 -0.342 -0.9071 -0.24628 60477.dat
1 70 -17.1358 -216.079 76.3546 -0.94 0.33003 0.089604 0 0.262 -0.965 -0.342 -0.9071 -0.24628 87087.dat
1 308 -9.0711 -302.934 54.1885 -0.089604 0.33003 -0.94 0.965 0.262 0 0.24628 -0.9071 -0.342 3460.dat
1 308 -21.1113 -305.03 58.0253 -0.089604 0.33003 -0.94 0.965 0.262 0 0.24628 -0.9071 -0.342 3795.dat
1 70 -29.6632 -283.634 52.2741 -0.089604 0.33003 -0.94 0.965 0.262 0 0.24628 -0.9071 -0.342 3666.dat
1 70 -17.0397 -278.176 76.0905 -0.94 0.33003 0.089604 0 0.262 -0.965 -0.342 -0.9071 -0.24628 2420.dat
1 70 -8.6625 -378.038 23.8093 0.94 0.33003 -0.089604 0 0.262 0.965 0.342 -0.9071 0.24628 15068.dat
1 308 -31.768 -251.322 87.3157 -0.94 0.33003 0.089604 0 0.262 -0.965 -0.342 -0.9071 -0.24628 93606.dat
1 308 -11.7113 -305.03 61.4453 0.94 0.33003 -0.089604 0 0.262 0.965 0.342 -0.9071 0.24628 11477.dat
1 308 -39.3281 -301.668 78.8385 0.94 0.33003 -0.089604 0 0.262 0.965 0.342 -0.9071 0.24628 60477.dat
1 4 65.2421 -350.615 -48.7176 0.979226 0.184088 0.089604 0.131 -0.227 -0.965 -0.157848 0.95684 -0.24628 32062.dat
1 4 -18.6829 -350.615 -79.2521 -0.648854 0.755912 0.089604 0.131 0.227 -0.965 -0.750192 -0.61484 -0.24628 32062.dat
1 4 -28.5942 -358.218 20.0797 -0.94 -0.33003 -0.089604 0 -0.262 0.965 -0.342 0.9071 0.24628 32062.dat
1 4 -83.4115 -363.744 21.7978 -0.897824 -0.431336 0.089604 -0.185 0.185 -0.965 0.399286 -0.882874 -0.24628 32062.dat
1 16 -16.934 -162 75.8 -0.32148 0.8836 -0.342 -0.94 -0.342 0 -0.116964 0.32148 0.94 27965.dat
1 16 32.3827 -363.702 -1.2362 -0.94 -0.33003 -0.089604 0 -0.262 0.965 -0.342 0.9071 0.24628 27965.dat
1 16 -14.198 -162 68.28 -0.60442 0.72004 -0.342 -0.766 -0.643 0 -0.219906 0.261972 0.94 27965.dat
1 16 -23.4736 -370.623 -23.2508 -0.94 -0.33003 -0.089604 0 -0.262 0.965 -0.342 0.9071 0.24628 27965.dat
1 308 -15.1228 -199.228 70.8218 -0.48846 0.867504 -0.089604 -0.258 -0.045 0.965 0.833492 0.494448 0.24628 43892.dat
1 308 48.8538 -191.064 -103.0644 -0.33003 -0.329986 -0.884784 -0.262 0.932 -0.25 0.9071 0.149242 -0.394292 43892.dat
1 28 -70 -172 -90 0.97 0.141 -0.199 -0.171 0.975 -0.141 0.174 0.171 0.97 98138.dat
1 330 -70 -172 -70 1 0 0 0 1 0 0 0 1 98138.dat
1 78 -50 -172 -70 0.852 0.31 0.423 -0.406 0.9 0.157 -0.332 -0.306 0.893 98138.dat
1 84 -50 -172 -90 0.985 0.174 0 -0.174 0.985 0 0 0 1 98138.dat
1 330 -31 -172 -70 -0.175 0.549 0.817 0.321 0.817 -0.48 -0.931 0.179 -0.319 98138.dat
1 84 -30 -172 -90 1 0 0 0 0.985 -0.174 0 0.174 0.985 98138.dat
1 330 10 -172 -90 1 0 0 0 1 0 0 0 1 98138.dat
1 330 -70 -172 -110 0.97 -0.171 0.174 0.201 0.965 -0.171 -0.138 0.201 0.97 98138.dat
1 28 -50 -172 -110 0.985 -0.174 0 0.171 0.97 0.174 -0.03 -0.171 0.985 98138.dat
1 330 -30 -172 -110 0.985 -0.171 0.03 0.174 0.97 -0.171 0 0.174 0.985 98138.dat
1 330 -10 -172 -110 1 0 0 0 1 0 0 0 1 98138.dat
1 28 50 -172 -110 0.975 -0.141 0.171 0.171 0.97 -0.174 -0.141 0.199 0.97 98138.dat
1 28 70 -172 -70 0.94 0.342 0 -0.342 0.94 0 0 0 1 98138.dat
1 84 30 -172 -90 1 0 0 0 1 0 0 0 1 98138.dat
1 78 70 -172 -110 0.965 -0.201 0.171 0.171 0.97 0.174 -0.201 -0.138 0.97 98138.dat
1 78 50 -172 -90 1 0 0 0 0.985 0.174 0 -0.174 0.985 98138.dat
1 28 4 -172 -110 0.423 0.906 0 -0.906 0.423 0 0 0 1 98138.dat
1 78 30 -172 -110 0.5 0.866 0 -0.866 0.5 0 0 0 1 98138.dat
1 78 -9 -172 -97 1 0 0 0 0.342 -0.94 0 0.94 0.342 98138.dat
1 78 11 -172 -70 1 0 0 0 1 0 0 0 1 98138.dat
1 28 31 -172 -69 0.985 -0.168 0.045 0.174 0.951 -0.255 0 0.259 0.966 98138.dat
1 28 -70 -172 -50 0.768 -0.059 -0.638 -0.059 0.985 -0.163 0.638 0.163 0.753 98138.dat
1 28 -70 -172 -10 0.852 -0.31 -0.423 0.342 0.94 0 0.397 -0.145 0.906 98138.dat
1 330 -50 -172 -50 0.342 0.243 0.908 0 0.966 -0.259 -0.94 0.089 0.33 98138.dat
1 84 -70 -172 -30 0.866 0.129 0.483 0 0.966 -0.259 -0.5 0.224 0.837 98138.dat
1 78 -70 -172 10 0.998 -0.059 -0.01 0.059 0.94 0.337 -0.01 -0.337 0.942 98138.dat
1 330 -70 -172 30 0.908 -0.356 0.222 0.243 0.877 0.414 -0.342 -0.321 0.883 98138.dat
1 84 -72 -172 50 0.906 0.423 0 -0.423 0.906 0 0 0 1 98138.dat
1 78 -50 -172 51 0.94 -0.31 -0.145 0 0.423 -0.906 0.342 0.852 0.397 98138.dat
1 330 -70 -172 70 -0.278 0.575 0.77 0.506 0.769 -0.392 -0.817 0.28 -0.504 98138.dat
1 28 -70 -172 92 1 0 0 0 0.766 0.643 0 -0.643 0.766 98138.dat
1 84 -50 -172 90 1 0 0 0 0.906 -0.423 0 0.423 0.906 98138.dat
1 78 -68 -172 110 0.906 -0.423 0 0.423 0.906 0 0 0 1 98138.dat
1 330 -50 -172 110 -0.453 0.211 0.866 0.423 0.906 0 -0.785 0.366 -0.5 98138.dat
1 28 -30 -172 88 1 0 0 0 0.866 -0.5 0 0.5 0.866 98138.dat
1 28 -57 -172 72 0.612 0.612 0.5 -0.707 0.707 0 -0.354 -0.354 0.866 98138.dat
1 78 -30 -172 108 1 0 0 0 0.906 -0.423 0 0.423 0.906 98138.dat
1 330 -10 -172 90 1 0 0 0 0.985 -0.174 0 0.174 0.985 98138.dat
1 84 -10 -172 110 1 0 0 0 1 0 0 0 1 98138.dat
1 330 10 -172 109 1 0 0 0 0.966 -0.259 0 0.259 0.966 98138.dat
1 84 10 -172 90 1 0 0 0 0.766 -0.643 0 0.643 0.766 98138.dat
1 78 30 -172 88 1 0 0 0 0.766 -0.643 0 0.643 0.766 98138.dat
1 28 29 -172 110 0.176 -0.961 -0.212 0.905 0.243 -0.349 0.387 -0.131 0.913 98138.dat
1 84 48 -172 90 0.966 0.259 0 -0.259 0.966 0 0 0 1 98138.dat
1 330 50 -172 110 0.866 0.5 0 -0.5 0.866 0 0 0 1 98138.dat
1 28 70 -172 90 0.966 -0.259 0 0.259 0.966 0 0 0 1 98138.dat
1 78 69 -172 110 -0.883 0.321 -0.342 0.342 0.94 0 0.321 -0.117 -0.94 98138.dat
1 28 31 -172 75 0.954 -0.049 0.296 -0.203 0.62 0.758 -0.221 -0.783 0.582 98138.dat
1 330 50 -172 71 0.988 0.145 -0.056 -0.109 0.906 0.408 0.11 -0.397 0.911 98138.dat
1 78 69 -172 70 0.906 0.423 0 -0.423 0.906 0 0 0 1 98138.dat
1 84 70 -172 -90 0.97 -0.171 0.174 0.141 0.975 0.171 -0.199 -0.141 0.97 98138.dat
1 330 48 -172 -73 0.745 0.649 -0.155 -0.503 0.393 -0.77 -0.439 0.651 0.619 98138.dat
1 78 67 -172 -50 0.664 0.242 0.707 -0.342 0.94 0 -0.664 -0.242 0.707 98138.dat
1 28 67 -172 -30 0.906 0.423 0 -0.423 0.906 0 0 0 1 98138.dat
1 84 70 -172 -10 0.94 -0.342 0 0.342 0.94 0 0 0 1 98138.dat
1 330 71 -172 10 0.906 -0.423 0 0.423 0.906 0 0 0 1 98138.dat
1 78 68 -172 30 0.766 0.643 0 -0.643 0.766 0 0 0 1 98138.dat
1 330 51 -172 30 0.574 0.628 0.527 0.28 0.454 -0.846 -0.77 0.633 0.084 98138.dat
1 84 50 -172 53 1 0 0 0 0.866 0.5 0 -0.5 0.866 98138.dat
1 28 70 -172 50 1 0 0 0 1 0 0 0 1 98138.dat
1 28 -75 -164 -95 0.97 0.141 -0.199 -0.171 0.975 -0.141 0.174 0.171 0.97 98138.dat
1 330 -75 -164 -75 1 0 0 0 1 0 0 0 1 98138.dat
1 78 -55 -164 -75 0.852 0.31 0.423 -0.406 0.9 0.157 -0.332 -0.306 0.893 98138.dat
1 84 -55 -164 -95 0.985 0.174 0 -0.174 0.985 0 0 0 1 98138.dat
1 330 -36 -164 -75 -0.175 0.549 0.817 0.321 0.817 -0.48 -0.931 0.179 -0.319 98138.dat
1 84 -35 -164 -95 1 0 0 0 0.985 -0.174 0 0.174 0.985 98138.dat
1 330 5 -164 -95 1 0 0 0 1 0 0 0 1 98138.dat
1 330 -75 -164 -115 0.97 -0.171 0.174 0.201 0.965 -0.171 -0.138 0.201 0.97 98138.dat
1 28 -55 -164 -115 0.985 -0.174 0 0.171 0.97 0.174 -0.03 -0.171 0.985 98138.dat
1 330 -35 -164 -115 0.985 -0.171 0.03 0.174 0.97 -0.171 0 0.174 0.985 98138.dat
1 330 -15 -164 -115 1 0 0 0 1 0 0 0 1 98138.dat
1 28 45 -164 -115 0.975 -0.141 0.171 0.171 0.97 -0.174 -0.141 0.199 0.97 98138.dat
1 28 65 -164 -75 0.94 0.342 0 -0.342 0.94 0 0 0 1 98138.dat
1 84 25 -164 -95 1 0 0 0 1 0 0 0 1 98138.dat
1 78 65 -164 -115 0.965 -0.201 0.171 0.171 0.97 0.174 -0.201 -0.138 0.97 98138.dat
1 78 45 -164 -95 1 0 0 0 0.985 0.174 0 -0.174 0.985 98138.dat
1 28 -1 -164 -115 0.423 0.906 0 -0.906 0.423 0 0 0 1 98138.dat
1 78 25 -164 -115 0.5 0.866 0 -0.866 0.5 0 0 0 1 98138.dat
1 78 -14 -164 -102 1 0 0 0 0.342 -0.94 0 0.94 0.342 98138.dat
1 78 6 -164 -75 1 0 0 0 1 0 0 0 1 98138.dat
1 28 26 -164 -74 0.985 -0.168 0.045 0.174 0.951 -0.255 0 0.259 0.966 98138.dat
1 28 -75 -164 -55 0.768 -0.059 -0.638 -0.059 0.985 -0.163 0.638 0.163 0.753 98138.dat
1 28 -75 -164 -15 0.852 -0.31 -0.423 0.342 0.94 0 0.397 -0.145 0.906 98138.dat
1 330 -55 -164 -55 0.342 0.243 0.908 0 0.966 -0.259 -0.94 0.089 0.33 98138.dat
1 84 -75 -164 -35 0.866 0.129 0.483 0 0.966 -0.259 -0.5 0.224 0.837 98138.dat
1 78 -75 -164 5 0.998 -0.059 -0.01 0.059 0.94 0.337 -0.01 -0.337 0.942 98138.dat
1 330 -75 -164 25 0.908 -0.356 0.222 0.243 0.877 0.414 -0.342 -0.321 0.883 98138.dat
1 84 -77 -164 45 0.906 0.423 0 -0.423 0.906 0 0 0 1 98138.dat
1 78 -55 -164 46 0.94 -0.31 -0.145 0 0.423 -0.906 0.342 0.852 0.397 98138.dat
1 330 -75 -164 65 -0.278 0.575 0.77 0.506 0.769 -0.392 -0.817 0.28 -0.504 98138.dat
1 28 -75 -164 87 1 0 0 0 0.766 0.643 0 -0.643 0.766 98138.dat
1 84 -55 -164 85 1 0 0 0 0.906 -0.423 0 0.423 0.906 98138.dat
1 78 -73 -164 105 0.906 -0.423 0 0.423 0.906 0 0 0 1 98138.dat
1 330 -55 -164 105 -0.453 0.211 0.866 0.423 0.906 0 -0.785 0.366 -0.5 98138.dat
1 28 -35 -164 83 1 0 0 0 0.866 -0.5 0 0.5 0.866 98138.dat
1 28 -62 -164 67 0.612 0.612 0.5 -0.707 0.707 0 -0.354 -0.354 0.866 98138.dat
1 78 -35 -164 103 1 0 0 0 0.906 -0.423 0 0.423 0.906 98138.dat
1 330 -15 -164 85 1 0 0 0 0.985 -0.174 0 0.174 0.985 98138.dat
1 84 -15 -164 105 1 0 0 0 1 0 0 0 1 98138.dat
1 330 5 -164 104 1 0 0 0 0.966 -0.259 0 0.259 0.966 98138.dat
1 84 5 -164 85 1 0 0 0 0.766 -0.643 0 0.643 0.766 98138.dat
1 78 25 -164 83 1 0 0 0 0.766 -0.643 0 0.643 0.766 98138.dat
1 28 24 -164 105 0.176 -0.961 -0.212 0.905 0.243 -0.349 0.387 -0.131 0.913 98138.dat
1 84 43 -164 85 0.966 0.259 0 -0.259 0.966 0 0 0 1 98138.dat
1 330 45 -164 105 0.866 0.5 0 -0.5 0.866 0 0 0 1 98138.dat
1 28 65 -164 85 0.966 -0.259 0 0.259 0.966 0 0 0 1 98138.dat
1 78 64 -164 105 -0.883 0.321 -0.342 0.342 0.94 0 0.321 -0.117 -0.94 98138.dat
1 28 26 -164 70 0.954 -0.049 0.296 -0.203 0.62 0.758 -0.221 -0.783 0.582 98138.dat
1 330 45 -164 66 0.988 0.145 -0.056 -0.109 0.906 0.408 0.11 -0.397 0.911 98138.dat
1 78 64 -164 65 0.906 0.423 0 -0.423 0.906 0 0 0 1 98138.dat
1 84 65 -164 -95 0.97 -0.171 0.174 0.141 0.975 0.171 -0.199 -0.141 0.97 98138.dat
1 330 43 -164 -78 0.745 0.649 -0.155 -0.503 0.393 -0.77 -0.439 0.651 0.619 98138.dat
1 78 62 -164 -55 0.664 0.242 0.707 -0.342 0.94 0 -0.664 -0.242 0.707 98138.dat
1 28 62 -164 -35 0.906 0.423 0 -0.423 0.906 0 0 0 1 98138.dat
1 84 65 -164 -15 0.94 -0.342 0 0.342 0.94 0 0 0 1 98138.dat
1 330 66 -164 5 0.906 -0.423 0 0.423 0.906 0 0 0 1 98138.dat
1 78 63 -164 25 0.766 0.643 0 -0.643 0.766 0 0 0 1 98138.dat
1 330 46 -164 25 0.574 0.628 0.527 0.28 0.454 -0.846 -0.77 0.633 0.084 98138.dat
1 84 45 -164 48 1 0 0 0 0.866 0.5 0 -0.5 0.866 98138.dat
1 28 65 -164 45 1 0 0 0 1 0 0 0 1 98138.dat
1 28 -65 -156 -85 0.97 0.141 -0.199 -0.171 0.975 -0.141 0.174 0.171 0.97 98138.dat
1 330 -65 -156 -65 1 0 0 0 1 0 0 0 1 98138.dat
1 78 -45 -156 -65 0.852 0.31 0.423 -0.406 0.9 0.157 -0.332 -0.306 0.893 98138.dat
1 84 -45 -156 -85 0.985 0.174 0 -0.174 0.985 0 0 0 1 98138.dat
1 330 -26 -156 -65 -0.175 0.549 0.817 0.321 0.817 -0.48 -0.931 0.179 -0.319 98138.dat
1 84 -25 -156 -85 1 0 0 0 0.985 -0.174 0 0.174 0.985 98138.dat
1 330 15 -156 -85 1 0 0 0 1 0 0 0 1 98138.dat
1 330 -65 -156 -105 0.97 -0.171 0.174 0.201 0.965 -0.171 -0.138 0.201 0.97 98138.dat
1 28 -45 -156 -105 0.985 -0.174 0 0.171 0.97 0.174 -0.03 -0.171 0.985 98138.dat
1 330 -25 -156 -105 0.985 -0.171 0.03 0.174 0.97 -0.171 0 0.174 0.985 98138.dat
1 330 -5 -156 -105 1 0 0 0 1 0 0 0 1 98138.dat
1 28 55 -156 -105 0.975 -0.141 0.171 0.171 0.97 -0.174 -0.141 0.199 0.97 98138.dat
1 28 75 -156 -65 0.94 0.342 0 -0.342 0.94 0 0 0 1 98138.dat
1 84 35 -156 -85 1 0 0 0 1 0 0 0 1 98138.dat
1 78 75 -156 -105 0.965 -0.201 0.171 0.171 0.97 0.174 -0.201 -0.138 0.97 98138.dat
1 78 55 -156 -85 1 0 0 0 0.985 0.174 0 -0.174 0.985 98138.dat
1 28 9 -156 -105 0.423 0.906 0 -0.906 0.423 0 0 0 1 98138.dat
1 78 35 -156 -105 0.5 0.866 0 -0.866 0.5 0 0 0 1 98138.dat
1 78 -4 -156 -92 1 0 0 0 0.342 -0.94 0 0.94 0.342 98138.dat
1 78 16 -156 -65 1 0 0 0 1 0 0 0 1 98138.dat
1 28 36 -156 -64 0.985 -0.168 0.045 0.174 0.951 -0.255 0 0.259 0.966 98138.dat
1 28 -65 -156 -45 0.768 -0.059 -0.638 -0.059 0.985 -0.163 0.638 0.163 0.753 98138.dat
1 28 -65 -156 -5 0.852 -0.31 -0.423 0.342 0.94 0 0.397 -0.145 0.906 98138.dat
1 330 -45 -156 -45 0.342 0.243 0.908 0 0.966 -0.259 -0.94 0.089 0.33 98138.dat
1 84 -65 -156 -25 0.866 0.129 0.483 0 0.966 -0.259 -0.5 0.224 0.837 98138.dat
1 78 -65 -156 15 0.998 -0.059 -0.01 0.059 0.94 0.337 -0.01 -0.337 0.942 98138.dat
1 330 -65 -156 35 0.908 -0.356 0.222 0.243 0.877 0.414 -0.342 -0.321 0.883 98138.dat
1 84 -67 -156 55 0.906 0.423 0 -0.423 0.906 0 0 0 1 98138.dat
1 78 -45 -156 56 0.94 -0.31 -0.145 0 0.423 -0.906 0.342 0.852 0.397 98138.dat
1 330 -65 -156 75 -0.278 0.575 0.77 0.506 0.769 -0.392 -0.817 0.28 -0.504 98138.dat
1 28 -65 -156 97 1 0 0 0 0.766 0.643 0 -0.643 0.766 98138.dat
1 84 -45 -156 95 1 0 0 0 0.906 -0.423 0 0.423 0.906 98138.dat
1 78 -63 -156 115 0.906 -0.423 0 0.423 0.906 0 0 0 1 98138.dat
1 330 -45 -156 115 -0.453 0.211 0.866 0.423 0.906 0 -0.785 0.366 -0.5 98138.dat
1 28 -25 -156 93 1 0 0 0 0.866 -0.5 0 0.5 0.866 98138.dat
1 28 -52 -156 77 0.612 0.612 0.5 -0.707 0.707 0 -0.354 -0.354 0.866 98138.dat
1 78 -25 -156 113 1 0 0 0 0.906 -0.423 0 0.423 0.906 98138.dat
1 330 -5 -156 95 1 0 0 0 0.985 -0.174 0 0.174 0.985 98138.dat
1 84 -5 -156 115 1 0 0 0 1 0 0 0 1 98138.dat
1 330 15 -156 114 1 0 0 0 0.966 -0.259 0 0.259 0.966 98138.dat
1 84 15 -156 95 1 0 0 0 0.766 -0.643 0 0.643 0.766 98138.dat
1 78 35 -156 93 1 0 0 0 0.766 -0.643 0 0.643 0.766 98138.dat
1 28 34 -156 115 0.176 -0.961 -0.212 0.905 0.243 -0.349 0.387 -0.131 0.913 98138.dat
1 84 53 -156 95 0.966 0.259 0 -0.259 0.966 0 0 0 1 98138.dat
1 330 55 -156 115 0.866 0.5 0 -0.5 0.866 0 0 0 1 98138.dat
1 28 75 -156 95 0.966 -0.259 0 0.259 0.966 0 0 0 1 98138.dat
1 78 74 -156 115 -0.883 0.321 -0.342 0.342 0.94 0 0.321 -0.117 -0.94 98138.dat
1 28 36 -156 80 0.954 -0.049 0.296 -0.203 0.62 0.758 -0.221 -0.783 0.582 98138.dat
1 330 55 -156 76 0.988 0.145 -0.056 -0.109 0.906 0.408 0.11 -0.397 0.911 98138.dat
1 78 74 -156 75 0.906 0.423 0 -0.423 0.906 0 0 0 1 98138.dat
1 84 75 -156 -85 0.97 -0.171 0.174 0.141 0.975 0.171 -0.199 -0.141 0.97 98138.dat
1 330 53 -156 -68 0.745 0.649 -0.155 -0.503 0.393 -0.77 -0.439 0.651 0.619 98138.dat
1 78 72 -156 -45 0.664 0.242 0.707 -0.342 0.94 0 -0.664 -0.242 0.707 98138.dat
1 28 72 -156 -25 0.906 0.423 0 -0.423 0.906 0 0 0 1 98138.dat
1 84 75 -156 -5 0.94 -0.342 0 0.342 0.94 0 0 0 1 98138.dat
1 330 76 -156 15 0.906 -0.423 0 0.423 0.906 0 0 0 1 98138.dat
1 78 73 -156 35 0.766 0.643 0 -0.643 0.766 0 0 0 1 98138.dat
1 84 55 -156 58 1 0 0 0 0.866 0.5 0 -0.5 0.866 98138.dat
1 28 75 -156 55 1 0 0 0 1 0 0 0 1 98138.dat
1 28 75 -156 55 1 0 0 0 1 0 0 0 1 98138.dat
1 28 75 -156 55 1 0 0 0 1 0 0 0 1 98138.dat
1 84 55 -156 58 1 0 0 0 0.866 0.5 0 -0.5 0.866 98138.dat
1 84 55 -156 58 1 0 0 0 0.866 0.5 0 -0.5 0.866 98138.dat
1 84 55 -156 58 1 0 0 0 0.866 0.5 0 -0.5 0.866 98138.dat
1 84 55 -156 58 1 0 0 0 0.866 0.5 0 -0.5 0.866 98138.dat
1 84 55 -156 58 1 0 0 0 0.866 0.5 0 -0.5 0.866 98138.dat
1 84 55 -156 58 1 0 0 0 0.866 0.5 0 -0.5 0.866 98138.dat
1 84 55 -156 58 1 0 0 0 0.866 0.5 0 -0.5 0.866 98138.dat
1 84 55 -156 58 1 0 0 0 0.866 0.5 0 -0.5 0.866 98138.dat
1 84 55 -156 58 1 0 0 0 0.866 0.5 0 -0.5 0.866 98138.dat
1 84 55 -156 58 1 0 0 0 0.866 0.5 0 -0.5 0.866 98138.dat
1 84 55 -156 58 1 0 0 0 0.866 0.5 0 -0.5 0.866 98138.dat
1 84 55 -156 58 1 0 0 0 0.866 0.5 0 -0.5 0.866 98138.dat
1 84 55 -156 58 1 0 0 0 0.866 0.5 0 -0.5 0.866 98138.dat
1 84 55 -156 58 1 0 0 0 0.866 0.5 0 -0.5 0.866 98138.dat
1 78 73 -156 35 0.766 0.643 0 -0.643 0.766 0 0 0 1 98138.dat
1 78 73 -156 35 0.766 0.643 0 -0.643 0.766 0 0 0 1 98138.dat
1 78 73 -156 35 0.766 0.643 0 -0.643 0.766 0 0 0 1 98138.dat
1 78 73 -156 35 0.766 0.643 0 -0.643 0.766 0 0 0 1 98138.dat
1 78 73 -156 35 0.766 0.643 0 -0.643 0.766 0 0 0 1 98138.dat
1 2 2.6401 -416.0219 -7.205 -0.30939 -0.14607 -0.94094 -0.42598 0.904937 0 0.850591 0.400128 -0.342342 35480.dat
1 2 6.9043 -419.0061 -18.9137 0.94094 -0.14607 -0.30939 0 0.904937 -0.42598 0.342342 0.400128 0.850591 26047.dat
1 10 0.7133 -427.5244 -1.896 -0.94094 -0.14607 0.30939 0 0.904937 0.42598 -0.342342 0.400128 -0.850591 2417.dat
1 2 4.9775 -430.5087 -13.6048 -0.30939 -0.14607 -0.94094 -0.42598 0.904937 0 0.850591 0.400128 -0.342342 35480.dat
1 2 9.2417 -433.4929 -25.3135 -0.8854 -0.14625 -0.44531 -0.301309 0.906867 0.301571 0.359443 0.40062 -0.844622 32607.dat
1 2 45.6965 -426.2501 -8.4208 -0.8854 -0.14625 -0.44531 -0.301309 0.906867 0.301571 0.359443 0.40062 -0.844622 32607.dat
1 2 -23.1219 -443.286 5.0748 -0.8854 -0.14625 -0.44531 -0.301309 0.906867 0.301571 0.359443 0.40062 -0.844622 32607.dat
1 2 8.3105 -451.8051 35.7841 0.94094 -0.14607 -0.30939 0 0.904937 -0.42598 0.342342 0.400128 0.850591 24866.dat
1 308 -35.49 -320.589 -146.227 -0.993 -0.09 0.076 -0.068 0.965 0.253 -0.096 0.246 -0.964 4032.dat
1 70 -34.09 -346.279 -142.491 -0.993 -0.09 0.076 -0.068 0.965 0.253 -0.096 0.246 -0.964 3700.dat
1 70 -32.57 -341.219 -161.771 -0.993 -0.09 0.076 -0.068 0.965 0.253 -0.096 0.246 -0.964 3700.dat
1 72 -34.99 -336.629 -140.031 -0.076 -0.09 -0.993 -0.253 0.965 -0.068 0.964 0.246 -0.096 11214.dat
1 308 -33.37 -353.999 -144.459 -0.993 -0.09 0.076 -0.068 0.965 0.253 -0.096 0.246 -0.964 63868.dat
1 70 -31.85 -348.939 -163.739 0.993 -0.09 -0.076 0.068 0.965 -0.253 0.096 0.246 0.964 44728.dat
1 308 -41.82 -359.869 -157.027 0.076 -0.09 0.993 0.253 0.965 0.068 -0.964 0.246 0.096 63868.dat
1 70 -21.96 -358.509 -155.107 -0.076 -0.09 -0.993 -0.253 0.965 -0.068 0.964 0.246 -0.096 88072.dat
1 10 -31.17 -366.909 -158.035 -0.076 -0.09 -0.993 -0.253 0.965 -0.068 0.964 0.246 -0.096 4032.dat
1 2 -19.5899 -405.2379 -133.5228 0.821938 -0.09 -0.562316 -0.067612 0.965 -0.253098 0.565136 0.246 0.786824 26047.dat
1 2 -25.933 -400.0489 -123.6866 -0.562316 -0.09 -0.821938 -0.253098 0.965 0.067612 0.786824 0.246 -0.565136 35480.dat
1 10 -30.8362 -410.2999 -117.7863 -0.821938 -0.09 0.562316 0.067612 0.965 0.253098 -0.565136 0.246 -0.786824 2417.dat
1 2 -24.493 -415.4889 -127.6226 -0.562316 -0.09 -0.821938 -0.253098 0.965 0.067612 0.786824 0.246 -0.565136 35480.dat
1 2 -18.1499 -420.6779 -137.4588 -0.978668 -0.09 -0.183553 -0.131139 0.965 0.226742 0.156733 0.246 -0.955836 32607.dat
1 2 14.0077 -415.6624 -112.8854 -0.978668 -0.09 -0.183553 -0.131139 0.965 0.226742 0.156733 0.246 -0.955836 32607.dat
1 2 -36.1701 -429.4961 -76.9787 -0.978668 -0.09 -0.183553 -0.131139 0.965 0.226742 0.156733 0.246 -0.955836 24866.dat
1 2 -57.8013 -421.7296 -115.3206 -0.978668 -0.09 -0.183553 -0.131139 0.965 0.226742 0.156733 0.246 -0.955836 32607.dat
1 2 -83.3315 -352.3237 -147.9524 -0.076 0.170247 -0.982548 -0.253 0.949802 0.184247 0.964 0.2625 -0.029022 26047.dat
1 2 -91.795 -342.8828 -146.1427 -0.982548 0.170247 0.076 0.184247 0.949802 0.253 -0.029022 0.2625 -0.964 35480.dat
1 10 -102.9824 -348.6387 -148.5329 0.076 0.170247 0.982548 0.253 0.949802 -0.184247 -0.964 0.2625 0.029022 2417.dat
1 2 -94.5189 -358.0796 -150.3427 -0.982548 0.170247 0.076 0.184247 0.949802 0.253 -0.029022 0.2625 -0.964 35480.dat
1 2 -86.0554 -367.5205 -152.1524 -0.640929 0.170247 0.748393 0.309134 0.949802 0.048608 -0.702067 0.2625 -0.661029 32607.dat
1 2 -87.7334 -370.0421 -111.4924 -0.640929 0.170247 0.748393 0.309134 0.949802 0.048608 -0.702067 0.2625 -0.661029 32607.dat
1 2 -145.1663 -353.9272 -132.5138 -0.640929 0.170247 0.748393 0.309134 0.949802 0.048608 -0.702067 0.2625 -0.661029 24866.dat
1 2 -122.4753 -347.4922 -170.4933 -0.640929 0.170247 0.748393 0.309134 0.949802 0.048608 -0.702067 0.2625 -0.661029 32607.dat
1 2 -38.02 -347.219 -205.227 -0.993 -0.09 0.076 -0.068 0.965 0.253 -0.096 0.246 -0.964 26047.dat
1 2 -37.98 -336.969 -212.899 0.076 -0.09 0.993 0.253 0.965 0.068 -0.964 0.246 0.096 35480.dat
1 10 -36.5 -342.159 -224.507 0.993 -0.09 -0.076 0.068 0.965 -0.253 0.096 0.246 0.964 2417.dat
1 2 -36.54 -352.409 -216.835 0.076 -0.09 0.993 0.253 0.965 0.068 -0.964 0.246 0.096 35480.dat
1 2 -36.58 -362.659 -209.163 0.755783 -0.09 0.648319 0.226947 0.965 -0.130795 -0.613676 0.246 0.74942 32607.dat
1 2 -77.02 -357.659 -211.035 0.755783 -0.09 0.648319 0.226947 0.965 -0.130795 -0.613676 0.246 0.74942 32607.dat
1 2 -52.6 -341.119 -266.955 0.755783 -0.09 0.648319 0.226947 0.965 -0.130795 -0.613676 0.246 0.74942 24866.dat
1 2 -14.4 -343.459 -243.835 0.755783 -0.09 0.648319 0.226947 0.965 -0.130795 -0.613676 0.246 0.74942 32607.dat
1 70 -1.74 -361.009 -154.171 0.821938 0.562316 -0.09 -0.067612 0.253098 0.965 0.565136 -0.786824 0.246 48729.dat
1 308 -158.223 -355.756 20.088 -0.33 -0.089 -0.939 -0.262 0.965 0 0.907 0.246 -0.342 4032.dat
1 70 -146.697 -378.916 17.604 -0.33 -0.089 -0.939 -0.262 0.965 0 0.907 0.246 -0.342 3700.dat
1 70 -165.477 -378.916 10.764 -0.33 -0.089 -0.939 -0.262 0.965 0 0.907 0.246 -0.342 3700.dat
1 72 -147.587 -369.266 20.064 0.939 -0.089 -0.33 0 0.965 -0.262 0.342 0.246 0.907 11214.dat
1 308 -145.985 -386.636 15.636 -0.33 -0.089 -0.939 -0.262 0.965 0 0.907 0.246 -0.342 63868.dat
1 70 -164.765 -386.636 8.796 0.33 -0.089 0.939 0.262 0.965 0 -0.907 0.246 0.342 44728.dat
1 308 -157.963 -396.976 19.318 -0.939 -0.089 0.33 0 0.965 0.262 -0.342 0.246 -0.907 63868.dat
1 70 -151.363 -391.736 1.178 0.939 -0.089 -0.33 0 0.965 -0.262 0.342 0.246 0.907 88072.dat
1 10 -153.951 -402.076 8.28 0.939 -0.089 -0.33 0 0.965 -0.262 0.342 0.246 0.907 4032.dat
1 2 -116.9069 -430.0036 1.316 0.75528 -0.089 0.648174 0.226892 0.965 -0.131 -0.614462 0.246 0.749672 26047.dat
1 2 -111.1372 -423.5936 10.7808 0.648174 -0.089 -0.75528 -0.131 0.965 -0.226892 0.749672 0.246 0.614462 35480.dat
1 10 -103.9434 -432.6236 16.3095 -0.75528 -0.089 -0.648174 -0.226892 0.965 0.131 0.614462 0.246 -0.749672 2417.dat
1 2 -109.7132 -439.0336 6.8448 0.648174 -0.089 -0.75528 -0.131 0.965 -0.226892 0.749672 0.246 0.614462 35480.dat
1 2 -115.4829 -445.4436 -2.62 -0.075724 -0.089 -0.992242 -0.25303 0.965 -0.067796 0.964443 0.246 -0.095593 32607.dat
1 2 -85.9837 -428.6479 -25.2304 -0.075724 -0.089 -0.992242 -0.25303 0.965 -0.067796 0.964443 0.246 -0.095593 32607.dat
1 2 -62.1989 -441.0457 32.0391 -0.075724 -0.089 -0.992242 -0.25303 0.965 -0.067796 0.964443 0.246 -0.095593 24866.dat
1 2 -105.3736 -447.5014 41.6242 -0.075724 -0.089 -0.992242 -0.25303 0.965 -0.067796 0.964443 0.246 -0.095593 32607.dat
1 2 -162.8986 -394.6292 62.1301 0.939 -0.000504 -0.341831 0 1.000048 -0.003157 0.342 0.002723 0.939876 26047.dat
1 2 -166.321 -386.6604 71.5506 -0.341831 -0.000504 -0.939 -0.003157 1.000048 0 0.939876 0.002723 -0.342 35480.dat
1 10 -169.7352 -394.6924 80.9276 -0.939 -0.000504 0.341831 0 1.000048 0.003157 -0.342 0.002723 -0.939876 2417.dat
1 2 -166.3129 -402.6612 71.507 -0.341831 -0.000504 -0.939 -0.003157 1.000048 0 0.939876 0.002723 -0.342 35480.dat
1 2 -162.8905 -410.63 62.0865 -0.905548 -0.000504 -0.422198 -0.002232 1.000048 0.002232 0.422698 0.002723 -0.906286 32607.dat
1 2 -125.3346 -402.6296 75.7883 -0.905548 -0.000504 -0.422198 -0.002232 1.000048 0.002232 0.422698 0.002723 -0.906286 32607.dat
1 2 -164.6244 -402.819 125.3409 -0.905548 -0.000504 -0.422198 -0.002232 1.000048 0.002232 0.422698 0.002723 -0.906286 24866.dat
1 2 -195.3478 -402.7559 92.8633 -0.905548 -0.000504 -0.422198 -0.002232 1.000048 0.002232 0.422698 0.002723 -0.906286 32607.dat
1 2 -204.913 -396.976 2.218 -0.33 -0.089 -0.939 -0.262 0.965 0 0.907 0.246 -0.342 26047.dat
1 2 -215.015 -389.256 0.766 -0.939 -0.089 0.33 0 0.965 0.262 -0.342 0.246 -0.907 35480.dat
1 10 -223.693 -396.976 -4.622 0.33 -0.089 0.939 0.262 0.965 0 -0.907 0.246 0.342 2417.dat
1 2 -213.591 -404.696 -3.17 -0.939 -0.089 0.33 0 0.965 0.262 -0.342 0.246 -0.907 35480.dat
1 2 -203.489 -412.416 -1.718 -0.430563 -0.089 0.897183 0.185234 0.965 0.185234 -0.883043 0.246 -0.399455 32607.dat
1 2 -217.401 -415.176 36.53 -0.430563 -0.089 0.897183 0.185234 0.965 0.185234 -0.883043 0.246 -0.399455 32607.dat
1 2 -267.141 -409.936 -2.13 -0.430563 -0.089 0.897183 0.185234 0.965 0.185234 -0.883043 0.246 -0.399455 24866.dat
1 2 -235.161 -399.456 -31.57 -0.430563 -0.089 0.897183 0.185234 0.965 0.185234 -0.883043 0.246 -0.399455 32607.dat
1 70 -144.407 -390.356 -17.946 0.75528 -0.648174 -0.089 0.226892 0.131 0.965 -0.614462 -0.749672 0.246 48729.dat
1 308 134.142 -336.58 -21.804 0.562 -0.09 0.822 0.253 0.965 -0.068 -0.788 0.246 0.565 4032.dat
1 70 128.082 -359.06 -33.358 0.562 -0.09 0.822 0.253 0.965 -0.068 -0.788 0.246 0.565 3700.dat
1 70 144.522 -360.42 -22.058 0.562 -0.09 0.822 0.253 0.965 -0.068 -0.788 0.246 0.565 3700.dat
1 72 127.182 -349.41 -30.898 -0.822 -0.09 0.562 0.068 0.965 0.253 -0.565 0.246 -0.788 11214.dat
1 308 128.802 -366.78 -35.326 0.562 -0.09 0.822 0.253 0.965 -0.068 -0.788 0.246 0.565 63868.dat
1 70 145.242 -368.14 -24.026 -0.562 -0.09 -0.822 -0.253 0.965 0.068 0.788 0.246 -0.565 44728.dat
1 308 143.362 -372.65 -39.524 0.822 -0.09 -0.562 -0.068 0.965 -0.253 0.565 0.246 0.788 63868.dat
1 70 132.122 -377.71 -23.764 -0.822 -0.09 0.562 0.068 0.965 0.253 -0.565 0.246 -0.788 88072.dat
1 10 138.462 -382.9 -33.612 -0.822 -0.09 0.562 0.068 0.965 0.253 -0.565 0.246 -0.788 4032.dat
1 2 152.8207 -412.8655 -40.9029 -0.648494 -0.09 0.75579 0.131215 0.965 0.226786 -0.749882 0.246 -0.614873 26047.dat
1 2 159.6586 -402.8777 -45.0837 0.75579 -0.09 0.648494 0.226786 0.965 -0.131215 -0.614873 0.246 0.749882 35480.dat
1 10 167.9365 -408.3298 -53.2004 0.648494 -0.09 -0.75579 -0.131215 0.965 -0.226786 0.749882 0.246 0.614873 2417.dat
1 2 161.0986 -418.3177 -49.0197 0.75579 -0.09 0.648494 0.226786 0.965 -0.131215 -0.614873 0.246 0.749882 35480.dat
1 2 154.2607 -428.3055 -44.8389 0.992829 -0.09 -0.075858 0.067569 0.965 -0.253107 0.095451 0.246 0.964882 32607.dat
1 2 127.6009 -415.3369 -72.8662 0.992829 -0.09 -0.075858 0.067569 0.965 -0.253107 0.095451 0.246 0.964882 32607.dat
1 2 185.9182 -404.3541 -94.7609 0.992829 -0.09 -0.075858 0.067569 0.965 -0.253107 0.095451 0.246 0.964882 24866.dat
1 2 196.7422 -414.1384 -52.4682 0.992829 -0.09 -0.075858 0.067569 0.965 -0.253107 0.095451 0.246 0.964882 32607.dat
1 2 156.3386 -349.1067 -73.3073 -0.822 -0.232498 0.519582 0.068 0.866663 0.494333 -0.565 0.441728 -0.697494 26047.dat
1 2 159.6745 -337.23 -76.7485 0.519582 -0.232498 0.822 0.494333 0.866663 -0.068 -0.697494 0.441728 0.565 35480.dat
1 10 166.7303 -339.22 -87.2572 0.822 -0.232498 -0.519582 -0.068 0.866663 -0.494333 0.565 0.441728 0.697494 2417.dat
1 2 163.3944 -351.0966 -83.8161 0.519582 -0.232498 0.822 0.494333 0.866663 -0.068 -0.697494 0.441728 0.565 35480.dat
1 2 160.0586 -362.9733 -80.375 0.948498 -0.232498 0.21381 0.301417 0.866663 -0.397569 -0.093673 0.441728 0.892583 32607.dat
1 2 125.3186 -353.32 -99.4412 0.948498 -0.232498 0.21381 0.301417 0.866663 -0.397569 -0.093673 0.441728 0.892583 32607.dat
1 2 172.9335 -325.02 -129.9908 0.948498 -0.232498 0.21381 0.301417 0.866663 -0.397569 -0.093673 0.441728 0.892583 24866.dat
1 2 195.4219 -337.6266 -93.4409 0.948498 -0.232498 0.21381 0.301417 0.866663 -0.397569 -0.093673 0.441728 0.892583 32607.dat
1 2 184.462 -376.05 -11.274 0.562 -0.09 0.822 0.253 0.965 -0.068 -0.788 0.246 0.565 26047.dat
1 2 191.962 -369.01 -3.656 0.822 -0.09 -0.562 -0.068 0.965 -0.253 0.565 0.246 0.788 35480.dat
1 10 200.902 -377.41 0.026 -0.562 -0.09 -0.822 -0.253 0.965 0.068 0.788 0.246 -0.565 2417.dat
1 2 193.402 -384.45 -7.592 0.822 -0.09 -0.562 -0.068 0.965 -0.253 0.565 0.246 0.788 35480.dat
1 2 185.902 -391.49 -15.21 0.18382 -0.09 -0.978488 -0.226947 0.965 -0.130795 0.956571 0.246 0.157661 32607.dat
1 2 207.662 -373.65 -44.762 0.18382 -0.09 -0.978488 -0.226947 0.965 -0.130795 0.956571 0.246 0.157661 32607.dat
1 2 245.742 -382.79 4.898 0.18382 -0.09 -0.978488 -0.226947 0.965 -0.130795 0.956571 0.246 0.157661 24866.dat
1 2 206.822 -391.55 25.118 0.18382 -0.09 -0.978488 -0.226947 0.965 -0.130795 0.956571 0.246 0.157661 32607.dat
1 70 121.242 -386.63 -8.988 -0.648494 -0.75579 -0.09 0.131215 -0.226786 0.965 -0.749882 0.614873 0.246 48729.dat
1 70 0 -48 220 1 0 0 0 1 0 0 0 1 3832.dat
1 70 0 -72 230 -1 0 0 0 1 0 0 0 -1 15207.dat
1 70 80 -72 230 -1 0 0 0 1 0 0 0 -1 15207.dat
1 70 -80 -72 230 -1 0 0 0 1 0 0 0 -1 15207.dat
1 70 -110 -48 220 0 0 -1 0 1 0 1 0 0 3023.dat
1 70 110 -48 220 0 0 -1 0 1 0 1 0 0 3023.dat
1 70 0 -72 210 1 0 0 0 1 0 0 0 1 3008.dat
1 70 -90 -72 180 0 0 -1 0 1 0 1 0 0 30137.dat
1 70 90 -72 180 0 0 -1 0 1 0 1 0 0 30137.dat
1 70 -100 -48 100 0 0 -1 0 1 0 1 0 0 3832.dat
1 70 100 -48 100 0 0 -1 0 1 0 1 0 0 3832.dat
1 70 -90 -72 100 0 0 -1 0 1 0 1 0 0 30414.dat
1 70 90 -72 100 0 0 1 0 1 0 -1 0 0 30414.dat
