0 Main
0 Name: 10281 - Bonsai - Cherry Blossoms.mpd
0 Author: LTRON
1 28 0 -132 60 1 0 0 0 1 0 0 0 1 3036.dat
1 71 90 -132 0 0 0 -1 0 1 0 1 0 0 99206.dat
1 71 -90 -132 0 0 0 1 0 1 0 -1 0 0 99206.dat
1 28 0 -132 -60 1 0 0 0 1 0 0 0 1 3036.dat
1 72 0 -132 -130 1 0 0 0 1 0 0 0 1 87609.dat
1 72 90 -132 -80 0 0 -1 0 1 0 1 0 0 87609.dat
1 72 -90 -132 -80 0 0 1 0 1 0 -1 0 0 87609.dat
1 72 90 -132 80 0 0 -1 0 1 0 1 0 0 87609.dat
1 72 -90 -132 80 0 0 1 0 1 0 -1 0 0 87609.dat
1 72 0 -132 130 -1 0 0 0 1 0 0 0 -1 87609.dat
1 15 -90 -132 -30 0 0 -1 0 1 0 1 0 0 6141.dat
1 15 -90 -132 30 0 0 -1 0 1 0 1 0 0 6141.dat
1 15 90 -132 30 0 0 -1 0 1 0 1 0 0 6141.dat
1 15 90 -132 -30 0 0 -1 0 1 0 1 0 0 6141.dat
1 71 -70 -132 -130 1 0 0 0 1 0 0 0 1 3623.dat
1 71 70 -132 -130 1 0 0 0 1 0 0 0 1 3623.dat
1 71 70 -132 130 1 0 0 0 1 0 0 0 1 3623.dat
1 71 -70 -132 130 1 0 0 0 1 0 0 0 1 3623.dat
1 15 0 -140 0 0 0 -1 0 1 0 1 0 0 61485.dat
1 15 -50 -140 -50 1 0 0 0 1 0 0 0 1 27263.dat
1 15 -50 -140 50 0 0 1 0 1 0 -1 0 0 27263.dat
1 15 50 -140 50 -1 0 0 0 1 0 0 0 -1 27263.dat
1 15 50 -140 -50 0 0 -1 0 1 0 1 0 0 27263.dat
1 15 -50 -140 -10 0 0 -1 0 1 0 1 0 0 6141.dat
1 15 50 -140 10 0 0 -1 0 1 0 1 0 0 6141.dat
1 15 -10 -140 50 0 0 -1 0 1 0 1 0 0 6141.dat
1 15 10 -140 -50 0 0 -1 0 1 0 1 0 0 6141.dat
1 71 -90 -156 -50 1 0 0 0 1 0 0 0 1 3005.dat
1 71 90 -156 -50 1 0 0 0 1 0 0 0 1 3005.dat
1 71 -90 -156 0 0 0 1 0 1 0 -1 0 0 30414.dat
1 71 -90 -156 -100 0 0 1 0 1 0 -1 0 0 30414.dat
1 71 90 -156 -100 0 0 -1 0 1 0 1 0 0 30414.dat
1 71 -40 -156 -130 1 0 0 0 1 0 0 0 1 30414.dat
1 71 40 -156 -130 1 0 0 0 1 0 0 0 1 30414.dat
1 71 90 -156 50 -1 0 0 0 1 0 0 0 -1 3005.dat
1 71 -90 -156 50 -1 0 0 0 1 0 0 0 -1 3005.dat
1 71 90 -156 0 0 0 -1 0 1 0 1 0 0 30414.dat
1 71 90 -156 100 0 0 -1 0 1 0 1 0 0 30414.dat
1 71 -90 -156 100 0 0 1 0 1 0 -1 0 0 30414.dat
1 71 40 -156 130 -1 0 0 0 1 0 0 0 -1 30414.dat
1 71 -40 -156 130 -1 0 0 0 1 0 0 0 -1 30414.dat
1 72 0 -146 -148 -1 0 0 0 0 1 0 1 0 4477.dat
1 72 108 -146 0 0 -1 0 0 0 1 -1 0 0 4477.dat
1 0 108 -146 -120 0 -1 0 0 0 1 -1 0 0 60478.dat
1 0 -108 -146 -110 0 1 0 0 0 -1 -1 0 0 60478.dat
1 72 0 -146 158 1 0 0 0 0 1 0 -1 0 4477.dat
1 0 108 -146 120 0 -1 0 0 0 -1 1 0 0 60478.dat
1 0 -108 -146 130 0 1 0 0 0 1 1 0 0 60478.dat
1 72 -108 -146 10 0 1 0 0 0 1 1 0 0 4477.dat
1 0 -80 -136 -140 1 0 0 0 0 -1 0 1 0 15068.dat
1 0 -40 -136 -140 1 0 0 0 0 -1 0 1 0 15068.dat
1 0 0 -136 -140 1 0 0 0 0 -1 0 1 0 15068.dat
1 0 40 -136 -140 1 0 0 0 0 -1 0 1 0 15068.dat
1 0 80 -136 -140 1 0 0 0 0 -1 0 1 0 15068.dat
1 0 100 -136 40 0 -1 0 0 0 -1 1 0 0 15068.dat
1 0 100 -136 0 0 -1 0 0 0 -1 1 0 0 15068.dat
1 0 100 -136 -40 0 -1 0 0 0 -1 1 0 0 15068.dat
1 0 100 -136 -80 0 -1 0 0 0 -1 1 0 0 15068.dat
1 0 100 -136 -120 0 -1 0 0 0 -1 1 0 0 15068.dat
1 0 100 -136 120 0 -1 0 0 0 -1 1 0 0 15068.dat
1 0 100 -136 80 0 -1 0 0 0 -1 1 0 0 15068.dat
1 0 80 -136 150 -1 0 0 0 0 -1 0 -1 0 15068.dat
1 0 40 -136 150 -1 0 0 0 0 -1 0 -1 0 15068.dat
1 0 0 -136 150 -1 0 0 0 0 -1 0 -1 0 15068.dat
1 0 -40 -136 150 -1 0 0 0 0 -1 0 -1 0 15068.dat
1 0 -80 -136 150 -1 0 0 0 0 -1 0 -1 0 15068.dat
1 0 -100 -136 -30 0 1 0 0 0 -1 -1 0 0 15068.dat
1 0 -100 -136 10 0 1 0 0 0 -1 -1 0 0 15068.dat
1 0 -100 -136 50 0 1 0 0 0 -1 -1 0 0 15068.dat
1 0 -100 -136 90 0 1 0 0 0 -1 -1 0 0 15068.dat
1 0 -100 -136 130 0 1 0 0 0 -1 -1 0 0 15068.dat
1 0 -100 -136 -110 0 1 0 0 0 -1 -1 0 0 15068.dat
1 0 -100 -136 -70 0 1 0 0 0 -1 -1 0 0 15068.dat
1 0 0 -164 -140 1 0 0 0 1 0 0 0 1 2445.dat
1 0 0 -164 140 1 0 0 0 1 0 0 0 1 2445.dat
1 0 100 -164 0 0 0 -1 0 1 0 1 0 0 2445.dat
1 0 -100 -164 0 0 0 -1 0 1 0 1 0 0 2445.dat
1 0 -100 -172 -120 0 0 -1 0 1 0 1 0 0 87079.dat
1 0 -100 -172 -40 0 0 -1 0 1 0 1 0 0 87079.dat
1 0 -100 -172 40 0 0 -1 0 1 0 1 0 0 87079.dat
1 0 -100 -172 120 0 0 -1 0 1 0 1 0 0 87079.dat
1 0 -40 -172 -140 -1 0 0 0 1 0 0 0 -1 87079.dat
1 0 40 -172 -140 -1 0 0 0 1 0 0 0 -1 87079.dat
1 0 100 -172 120 0 0 1 0 1 0 -1 0 0 87079.dat
1 0 100 -172 40 0 0 1 0 1 0 -1 0 0 87079.dat
1 0 100 -172 -40 0 0 1 0 1 0 -1 0 0 87079.dat
1 0 100 -172 -120 0 0 1 0 1 0 -1 0 0 87079.dat
1 0 40 -172 140 1 0 0 0 1 0 0 0 1 87079.dat
1 0 -40 -172 140 1 0 0 0 1 0 0 0 1 87079.dat
1 0 80 -116 -120 0 0 1 0 1 0 -1 0 0 2476.dat
1 3 80 -98 -120 0 0 1 0 1 0 -1 0 0 18654.dat
1 0 80 -93 -120 0 0 1 -1 0 0 0 -1 0 30028.dat
1 0 -80 -116 -120 0 0 1 0 1 0 -1 0 0 2476.dat
1 3 -80 -98 -120 0 0 1 0 1 0 -1 0 0 18654.dat
1 0 -80 -93 -120 0 0 1 -1 0 0 0 -1 0 30028.dat
1 0 80 -116 120 0 0 1 0 1 0 -1 0 0 2476.dat
1 3 80 -98 120 0 0 1 0 1 0 -1 0 0 18654.dat
1 0 80 -93 120 0 0 1 -1 0 0 0 -1 0 30028.dat
1 0 -80 -116 120 0 0 1 0 1 0 -1 0 0 2476.dat
1 3 -80 -98 120 0 0 1 0 1 0 -1 0 0 18654.dat
1 0 -80 -93 120 0 0 1 -1 0 0 0 -1 0 30028.dat
1 28 0 -148 0 0.94 0 -0.342 0 1 0 0.342 0 0.94 11213.dat
1 84 -2.56 -156 -22.22 0.342 0 0.94 0 1 0 -0.94 0 0.342 92280.dat
1 84 16.24 -156 -15.38 0.342 0 0.94 0 1 0 -0.94 0 0.342 92280.dat
1 0 -10.26 -156 28.2 0.342 0 0.94 0 1 0 -0.94 0 0.342 3021.dat
1 70 -21.36 -156 -29.06 0.342 0 0.94 0 1 0 -0.94 0 0.342 96910.dat
1 70 35.04 -156 -8.54 0.342 0 0.94 0 1 0 -0.94 0 0.342 96910.dat
1 70 -5.98 -164 -12.82 0.94 0 -0.342 0 1 0 0.342 0 0.94 2420.dat
1 84 -23.08 -164 34.18 0.342 0 0.94 0 1 0 -0.94 0 0.342 92280.dat
1 0 -7.7 -164 50.42 -0.342 0 -0.94 0 1 0 0.94 0 -0.342 32828.dat
1 84 2.56 -164 22.22 -0.342 0 -0.94 0 1 0 0.94 0 -0.342 92280.dat
1 72 -17.1 -188 47 0.94 0 -0.342 0 1 0 0.342 0 0.94 37352.dat
1 0 -7.9303 -195.09 21.7967 -0.33003 -0.089604 -0.94 -0.262 0.965 0 0.9071 0.24628 -0.342 3021.dat
1 308 2.6874 -194.95 -7.3865 -0.33003 -0.089604 -0.94 -0.262 0.965 0 0.9071 0.24628 -0.342 3795.dat
1 3 -13.0972 -215.77 35.9982 -0.94 -0.089604 0.33003 0 0.965 0.262 -0.342 0.24628 -0.9071 99781.dat
1 0 -12.3804 -223.49 34.028 -0.94 -0.089604 0.33003 0 0.965 0.262 -0.342 0.24628 -0.9071 99207.dat
1 15 -11.6636 -231.21 32.0578 -0.94 -0.089604 0.33003 0 0.965 0.262 -0.342 0.24628 -0.9071 3023.dat
1 308 -9.1658 -240.834 54.4488 0.089604 0.33003 0.94 -0.965 0.262 0 -0.24628 -0.9071 0.342 3023.dat
1 308 -27.9658 -240.834 47.6088 0.089604 0.33003 0.94 -0.965 0.262 0 -0.24628 -0.9071 0.342 3023.dat
1 308 -21.2061 -242.93 58.2856 0.089604 0.33003 0.94 -0.965 0.262 0 -0.24628 -0.9071 0.342 4032.dat
1 0 29.3058 -189.57 -51.2918 0.33003 -0.089604 0.94 0.262 0.965 0 -0.9071 0.24628 0.342 32828.dat
1 70 -21.2127 -305.93 29.0476 0.33003 -0.089604 0.94 0.262 0.965 0 -0.9071 0.24628 0.342 30099.dat
1 70 -2.4127 -305.93 35.8876 0.33003 -0.089604 0.94 0.262 0.965 0 -0.9071 0.24628 0.342 30099.dat
1 308 -0.112 -189.71 -28.9485 0.94 -0.089604 -0.33003 0 0.965 -0.262 0.342 0.24628 0.9071 11477.dat
1 308 25.2886 -184.47 -40.2505 -0.94 -0.089604 0.33003 0 0.965 0.262 -0.342 0.24628 -0.9071 11477.dat
1 70 5.8 -196 65.976 -0.342 -0.94 0 0 0 -1 0.94 -0.342 0 41770.dat
1 70 26.32 -196 9.576 0.342 -0.94 0 0 0 1 -0.94 -0.342 0 35044.dat
1 70 23.58 -186 40.512 0.342 -0.94 0 0 0 1 -0.94 -0.342 0 2450.dat
1 70 30.76 -156 32.48 -0.342 0 -0.94 0 1 0 0.94 0 -0.342 41682.dat
1 308 52.3 -166 8.384 0 -0.94 -0.342 1 0 0 0 -0.342 0.94 60477.dat
1 308 20.16 -166 49.912 0 -0.94 0.342 -1 0 0 0 -0.342 -0.94 11477.dat
1 308 41.36 -166 15.048 0 -0.94 0.342 -1 0 0 0 -0.342 -0.94 11477.dat
1 70 -46.84 -196 46.824 0.342 0.94 0 0 0 -1 -0.94 0.342 0 41769.dat
1 70 -26.32 -196 -9.576 0 0.94 -0.342 -1 0 0 0 0.342 0.94 35044.dat
1 70 -44.1 -186 15.888 0 0.94 -0.342 -1 0 0 0 0.342 0.94 2450.dat
1 70 -44.44 -156 5.12 0.342 0 0.94 0 1 0 -0.94 0 0.342 41682.dat
1 308 -45.46 -166 -27.184 0 0.94 -0.342 -1 0 0 0 0.342 0.94 60477.dat
1 308 -47.52 -166 25.288 0 0.94 0.342 1 0 0 0 0.342 -0.94 11477.dat
1 308 -41.36 -166 -15.048 0 0.94 0.342 1 0 0 0 0.342 -0.94 11477.dat
1 70 21.1406 -337.8061 -58.1057 0.649025 -0.089604 -0.755806 -0.131 0.965 -0.226892 0.749722 0.24628 0.614549 2429.dat
1 70 21.1406 -337.8061 -58.1057 0.979055 -0.089604 0.184194 0.131 0.965 -0.226892 -0.157378 0.24628 0.956549 2430.dat
1 308 -7.6738 -332.0039 -58.8393 0.649025 -0.089604 -0.755806 -0.131 0.965 -0.226892 0.749722 0.24628 0.614549 4032.dat
1 308 43.6897 -332.0039 -40.1517 0.979055 -0.089604 0.184194 0.131 0.965 -0.226892 -0.157378 0.24628 0.956549 4032.dat
1 70 -9.092 -346.882 -33.5228 -0.649025 -0.089604 0.755806 0.131 0.965 0.226892 -0.749722 0.24628 -0.614549 2430.dat
1 70 -9.092 -346.882 -33.5228 0.33003 -0.089604 0.94 0.262 0.965 0 -0.9071 0.24628 0.342 2429.dat
1 70 28.508 -346.882 -19.8428 -0.979055 -0.089604 -0.184194 -0.131 0.965 0.226892 0.157378 0.24628 -0.956549 2429.dat
1 70 28.508 -346.882 -19.8428 -0.33003 -0.089604 -0.94 -0.262 0.965 0 0.9071 0.24628 -0.342 2430.dat
1 70 36.7655 -364.1939 -46.4592 0.184194 -0.089604 -0.979055 -0.226892 0.965 -0.131 0.956549 0.24628 0.157378 3004.dat
1 70 1.6847 -364.1939 -59.2227 -0.755806 -0.089604 -0.649025 -0.226892 0.965 0.131 0.614549 0.24628 -0.749722 3004.dat
1 308 56.3475 -361.5739 -49.6064 0.184194 -0.089604 -0.979055 -0.226892 0.965 -0.131 0.956549 0.24628 0.157378 32064.dat
1 308 -11.2967 -361.5739 -74.2174 -0.755806 -0.089604 -0.649025 -0.226892 0.965 0.131 0.614549 0.24628 -0.749722 32064.dat
1 70 -16.9103 -352.262 17.2224 -0.94 -0.089604 0.33003 0 0.965 0.262 -0.342 0.24628 -0.9071 88292.dat
1 70 -8.944 -336.822 24.5829 -0.94 -0.089604 0.33003 0 0.965 0.262 -0.342 0.24628 -0.9071 96910.dat
1 70 1.8897 -352.262 24.0624 -0.94 -0.089604 0.33003 0 0.965 0.262 -0.342 0.24628 -0.9071 88292.dat
1 70 13.2242 -359.842 -7.0911 -0.33003 -0.089604 -0.94 -0.262 0.965 0 0.9071 0.24628 -0.342 88072.dat
1 70 -5.5758 -359.842 -13.9311 0.33003 -0.089604 0.94 0.262 0.965 0 -0.9071 0.24628 0.342 88072.dat
1 70 1.2408 -370.182 -3.4103 -0.94 -0.089604 0.33003 0 0.965 0.262 -0.342 0.24628 -0.9071 44728.dat
1 308 7.8414 -364.942 -21.5523 -0.94 -0.089604 0.33003 0 0.965 0.262 -0.342 0.24628 -0.9071 3023.dat
1 70 -3.9262 -390.862 10.7912 -0.94 -0.089604 0.33003 0 0.965 0.262 -0.342 0.24628 -0.9071 99206.dat
1 70 8.5582 -372.662 -23.5226 0.94 -0.089604 -0.33003 0 0.965 -0.262 0.342 0.24628 0.9071 88072.dat
1 70 -6.2247 -377.762 -41.4038 0.33003 -0.089604 0.94 0.262 0.965 0 -0.9071 0.24628 0.342 2429.dat
1 70 -6.2247 -377.762 -41.4038 -0.649025 -0.089604 0.755806 0.131 0.965 0.226892 -0.749722 0.24628 -0.614549 2430.dat
1 70 31.3753 -377.762 -27.7238 -0.33003 -0.089604 -0.94 -0.262 0.965 0 0.9071 0.24628 -0.342 2430.dat
1 70 31.3753 -377.762 -27.7238 -0.979055 -0.089604 -0.184194 -0.131 0.965 0.226892 0.157378 0.24628 -0.956549 2429.dat
1 70 -4.8065 -362.8839 -66.7202 0.649025 -0.089604 -0.755806 -0.131 0.965 -0.226892 0.749722 0.24628 0.614549 15068.dat
1 70 46.557 -362.8839 -48.0327 0.979055 -0.089604 0.184194 0.131 0.965 -0.226892 -0.157378 0.24628 0.956549 15068.dat
1 308 0.091 -395.962 -0.25 -0.94 -0.089604 0.33003 0 0.965 0.262 -0.342 0.24628 -0.9071 4032.dat
1 308 -22.4924 -360.838 32.5651 -0.089604 0.33003 -0.94 0.965 0.262 0 0.24628 -0.9071 -0.342 32064.dat
1 308 15.3747 -383.002 -13.0018 0.94 -0.089604 -0.33003 0 0.965 -0.262 0.342 0.24628 0.9071 11477.dat
1 70 6.1907 -398.582 12.241 -0.94 -0.089604 0.33003 0 0.965 0.262 -0.342 0.24628 -0.9071 33320.dat
1 308 1.588 -356.646 24.8915 -0.089604 0.33003 -0.94 0.965 0.262 0 0.24628 -0.9071 -0.342 3023.dat
1 70 -1.0522 -358.742 32.1483 -0.089604 0.33003 -0.94 0.965 0.262 0 0.24628 -0.9071 -0.342 11476.dat
1 70 18.0494 -354.358 38.1592 0.089604 0.94 -0.33003 -0.965 0 -0.262 -0.24628 0.342 0.9071 13564.dat
1 308 -35.9358 -216.079 69.5146 -0.94 0.33003 0.089604 0 0.262 -0.965 -0.342 -0.9071 -0.24628 60477.dat
1 70 -17.1358 -216.079 76.3546 -0.94 0.33003 0.089604 0 0.262 -0.965 -0.342 -0.9071 -0.24628 87087.dat
1 308 -9.0711 -302.934 54.1885 -0.089604 0.33003 -0.94 0.965 0.262 0 0.24628 -0.9071 -0.342 3460.dat
1 308 -21.1113 -305.03 58.0253 -0.089604 0.33003 -0.94 0.965 0.262 0 0.24628 -0.9071 -0.342 3795.dat
1 70 -29.6632 -283.634 52.2741 -0.089604 0.33003 -0.94 0.965 0.262 0 0.24628 -0.9071 -0.342 3666.dat
1 70 -17.0397 -278.176 76.0905 -0.94 0.33003 0.089604 0 0.262 -0.965 -0.342 -0.9071 -0.24628 2420.dat
1 70 -8.6625 -378.038 23.8093 0.94 0.33003 -0.089604 0 0.262 0.965 0.342 -0.9071 0.24628 15068.dat
1 308 -31.768 -251.322 87.3157 -0.94 0.33003 0.089604 0 0.262 -0.965 -0.342 -0.9071 -0.24628 93606.dat
1 308 -11.7113 -305.03 61.4453 0.94 0.33003 -0.089604 0 0.262 0.965 0.342 -0.9071 0.24628 11477.dat
1 308 -39.3281 -301.668 78.8385 0.94 0.33003 -0.089604 0 0.262 0.965 0.342 -0.9071 0.24628 60477.dat
1 4 65.2421 -350.615 -48.7176 0.979226 0.184088 0.089604 0.131 -0.227 -0.965 -0.157848 0.95684 -0.24628 32062.dat
1 4 -18.6829 -350.615 -79.2521 -0.648854 0.755912 0.089604 0.131 0.227 -0.965 -0.750192 -0.61484 -0.24628 32062.dat
1 4 -28.5942 -358.218 20.0797 -0.94 -0.33003 -0.089604 0 -0.262 0.965 -0.342 0.9071 0.24628 32062.dat
1 4 -83.4115 -363.744 21.7978 -0.897824 -0.431336 0.089604 -0.185 0.185 -0.965 0.399286 -0.882874 -0.24628 32062.dat
1 16 -16.934 -162 75.8 -0.32148 0.8836 -0.342 -0.94 -0.342 0 -0.116964 0.32148 0.94 27965.dat
1 16 32.3827 -363.702 -1.2362 -0.94 -0.33003 -0.089604 0 -0.262 0.965 -0.342 0.9071 0.24628 27965.dat
1 16 -14.198 -162 68.28 -0.60442 0.72004 -0.342 -0.766 -0.643 0 -0.219906 0.261972 0.94 27965.dat
1 16 -23.4736 -370.623 -23.2508 -0.94 -0.33003 -0.089604 0 -0.262 0.965 -0.342 0.9071 0.24628 27965.dat
1 308 -15.1228 -199.228 70.8218 -0.48846 0.867504 -0.089604 -0.258 -0.045 0.965 0.833492 0.494448 0.24628 43892.dat
1 308 48.8538 -191.064 -103.0644 -0.33003 -0.329986 -0.884784 -0.262 0.932 -0.25 0.9071 0.149242 -0.394292 43892.dat
1 28 -70 -172 -90 0.97 0.141 -0.199 -0.171 0.975 -0.141 0.174 0.171 0.97 98138.dat
1 330 -70 -172 -70 1 0 0 0 1 0 0 0 1 98138.dat
1 78 -50 -172 -70 0.852 0.31 0.423 -0.406 0.9 0.157 -0.332 -0.306 0.893 98138.dat
1 84 -50 -172 -90 0.985 0.174 0 -0.174 0.985 0 0 0 1 98138.dat
1 330 -31 -172 -70 -0.175 0.549 0.817 0.321 0.817 -0.48 -0.931 0.179 -0.319 98138.dat
1 84 -30 -172 -90 1 0 0 0 0.985 -0.174 0 0.174 0.985 98138.dat
1 330 10 -172 -90 1 0 0 0 1 0 0 0 1 98138.dat
1 330 -70 -172 -110 0.97 -0.171 0.174 0.201 0.965 -0.171 -0.138 0.201 0.97 98138.dat
1 28 -50 -172 -110 0.985 -0.174 0 0.171 0.97 0.174 -0.03 -0.171 0.985 98138.dat
1 330 -30 -172 -110 0.985 -0.171 0.03 0.174 0.97 -0.171 0 0.174 0.985 98138.dat
1 330 -10 -172 -110 1 0 0 0 1 0 0 0 1 98138.dat
1 28 50 -172 -110 0.975 -0.141 0.171 0.171 0.97 -0.174 -0.141 0.199 0.97 98138.dat
1 28 70 -172 -70 0.94 0.342 0 -0.342 0.94 0 0 0 1 98138.dat
1 84 30 -172 -90 1 0 0 0 1 0 0 0 1 98138.dat
1 78 70 -172 -110 0.965 -0.201 0.171 0.171 0.97 0.174 -0.201 -0.138 0.97 98138.dat
1 78 50 -172 -90 1 0 0 0 0.985 0.174 0 -0.174 0.985 98138.dat
1 28 4 -172 -110 0.423 0.906 0 -0.906 0.423 0 0 0 1 98138.dat
1 78 30 -172 -110 0.5 0.866 0 -0.866 0.5 0 0 0 1 98138.dat
1 78 -9 -172 -97 1 0 0 0 0.342 -0.94 0 0.94 0.342 98138.dat
1 78 11 -172 -70 1 0 0 0 1 0 0 0 1 98138.dat
1 28 31 -172 -69 0.985 -0.168 0.045 0.174 0.951 -0.255 0 0.259 0.966 98138.dat
1 28 -70 -172 -50 0.768 -0.059 -0.638 -0.059 0.985 -0.163 0.638 0.163 0.753 98138.dat
1 28 -70 -172 -10 0.852 -0.31 -0.423 0.342 0.94 0 0.397 -0.145 0.906 98138.dat
1 330 -50 -172 -50 0.342 0.243 0.908 0 0.966 -0.259 -0.94 0.089 0.33 98138.dat
1 84 -70 -172 -30 0.866 0.129 0.483 0 0.966 -0.259 -0.5 0.224 0.837 98138.dat
1 78 -70 -172 10 0.998 -0.059 -0.01 0.059 0.94 0.337 -0.01 -0.337 0.942 98138.dat
1 330 -70 -172 30 0.908 -0.356 0.222 0.243 0.877 0.414 -0.342 -0.321 0.883 98138.dat
1 84 -72 -172 50 0.906 0.423 0 -0.423 0.906 0 0 0 1 98138.dat
1 78 -50 -172 51 0.94 -0.31 -0.145 0 0.423 -0.906 0.342 0.852 0.397 98138.dat
1 330 -70 -172 70 -0.278 0.575 0.77 0.506 0.769 -0.392 -0.817 0.28 -0.504 98138.dat
1 28 -70 -172 92 1 0 0 0 0.766 0.643 0 -0.643 0.766 98138.dat
1 84 -50 -172 90 1 0 0 0 0.906 -0.423 0 0.423 0.906 98138.dat
1 78 -68 -172 110 0.906 -0.423 0 0.423 0.906 0 0 0 1 98138.dat
1 330 -50 -172 110 -0.453 0.211 0.866 0.423 0.906 0 -0.785 0.366 -0.5 98138.dat
1 28 -30 -172 88 1 0 0 0 0.866 -0.5 0 0.5 0.866 98138.dat
1 28 -57 -172 72 0.612 0.612 0.5 -0.707 0.707 0 -0.354 -0.354 0.866 98138.dat
1 78 -30 -172 108 1 0 0 0 0.906 -0.423 0 0.423 0.906 98138.dat
1 330 -10 -172 90 1 0 0 0 0.985 -0.174 0 0.174 0.985 98138.dat
1 84 -10 -172 110 1 0 0 0 1 0 0 0 1 98138.dat
1 330 10 -172 109 1 0 0 0 0.966 -0.259 0 0.259 0.966 98138.dat
1 84 10 -172 90 1 0 0 0 0.766 -0.643 0 0.643 0.766 98138.dat
1 78 30 -172 88 1 0 0 0 0.766 -0.643 0 0.643 0.766 98138.dat
1 28 29 -172 110 0.176 -0.961 -0.212 0.905 0.243 -0.349 0.387 -0.131 0.913 98138.dat
1 84 48 -172 90 0.966 0.259 0 -0.259 0.966 0 0 0 1 98138.dat
1 330 50 -172 110 0.866 0.5 0 -0.5 0.866 0 0 0 1 98138.dat
1 28 70 -172 90 0.966 -0.259 0 0.259 0.966 0 0 0 1 98138.dat
1 78 69 -172 110 -0.883 0.321 -0.342 0.342 0.94 0 0.321 -0.117 -0.94 98138.dat
1 28 31 -172 75 0.954 -0.049 0.296 -0.203 0.62 0.758 -0.221 -0.783 0.582 98138.dat
1 330 50 -172 71 0.988 0.145 -0.056 -0.109 0.906 0.408 0.11 -0.397 0.911 98138.dat
1 78 69 -172 70 0.906 0.423 0 -0.423 0.906 0 0 0 1 98138.dat
1 84 70 -172 -90 0.97 -0.171 0.174 0.141 0.975 0.171 -0.199 -0.141 0.97 98138.dat
1 330 48 -172 -73 0.745 0.649 -0.155 -0.503 0.393 -0.77 -0.439 0.651 0.619 98138.dat
1 78 67 -172 -50 0.664 0.242 0.707 -0.342 0.94 0 -0.664 -0.242 0.707 98138.dat
1 28 67 -172 -30 0.906 0.423 0 -0.423 0.906 0 0 0 1 98138.dat
1 84 70 -172 -10 0.94 -0.342 0 0.342 0.94 0 0 0 1 98138.dat
1 330 71 -172 10 0.906 -0.423 0 0.423 0.906 0 0 0 1 98138.dat
1 78 68 -172 30 0.766 0.643 0 -0.643 0.766 0 0 0 1 98138.dat
1 330 51 -172 30 0.574 0.628 0.527 0.28 0.454 -0.846 -0.77 0.633 0.084 98138.dat
1 84 50 -172 53 1 0 0 0 0.866 0.5 0 -0.5 0.866 98138.dat
1 28 70 -172 50 1 0 0 0 1 0 0 0 1 98138.dat
1 28 -75 -164 -95 0.97 0.141 -0.199 -0.171 0.975 -0.141 0.174 0.171 0.97 98138.dat
1 330 -75 -164 -75 1 0 0 0 1 0 0 0 1 98138.dat
1 78 -55 -164 -75 0.852 0.31 0.423 -0.406 0.9 0.157 -0.332 -0.306 0.893 98138.dat
1 84 -55 -164 -95 0.985 0.174 0 -0.174 0.985 0 0 0 1 98138.dat
1 330 -36 -164 -75 -0.175 0.549 0.817 0.321 0.817 -0.48 -0.931 0.179 -0.319 98138.dat
1 84 -35 -164 -95 1 0 0 0 0.985 -0.174 0 0.174 0.985 98138.dat
1 330 5 -164 -95 1 0 0 0 1 0 0 0 1 98138.dat
1 330 -75 -164 -115 0.97 -0.171 0.174 0.201 0.965 -0.171 -0.138 0.201 0.97 98138.dat
1 28 -55 -164 -115 0.985 -0.174 0 0.171 0.97 0.174 -0.03 -0.171 0.985 98138.dat
1 330 -35 -164 -115 0.985 -0.171 0.03 0.174 0.97 -0.171 0 0.174 0.985 98138.dat
1 330 -15 -164 -115 1 0 0 0 1 0 0 0 1 98138.dat
1 28 45 -164 -115 0.975 -0.141 0.171 0.171 0.97 -0.174 -0.141 0.199 0.97 98138.dat
1 28 65 -164 -75 0.94 0.342 0 -0.342 0.94 0 0 0 1 98138.dat
1 84 25 -164 -95 1 0 0 0 1 0 0 0 1 98138.dat
1 78 65 -164 -115 0.965 -0.201 0.171 0.171 0.97 0.174 -0.201 -0.138 0.97 98138.dat
1 78 45 -164 -95 1 0 0 0 0.985 0.174 0 -0.174 0.985 98138.dat
1 28 -1 -164 -115 0.423 0.906 0 -0.906 0.423 0 0 0 1 98138.dat
1 78 25 -164 -115 0.5 0.866 0 -0.866 0.5 0 0 0 1 98138.dat
1 78 -14 -164 -102 1 0 0 0 0.342 -0.94 0 0.94 0.342 98138.dat
1 78 6 -164 -75 1 0 0 0 1 0 0 0 1 98138.dat
1 28 26 -164 -74 0.985 -0.168 0.045 0.174 0.951 -0.255 0 0.259 0.966 98138.dat
1 28 -75 -164 -55 0.768 -0.059 -0.638 -0.059 0.985 -0.163 0.638 0.163 0.753 98138.dat
1 28 -75 -164 -15 0.852 -0.31 -0.423 0.342 0.94 0 0.397 -0.145 0.906 98138.dat
1 330 -55 -164 -55 0.342 0.243 0.908 0 0.966 -0.259 -0.94 0.089 0.33 98138.dat
1 84 -75 -164 -35 0.866 0.129 0.483 0 0.966 -0.259 -0.5 0.224 0.837 98138.dat
1 78 -75 -164 5 0.998 -0.059 -0.01 0.059 0.94 0.337 -0.01 -0.337 0.942 98138.dat
1 330 -75 -164 25 0.908 -0.356 0.222 0.243 0.877 0.414 -0.342 -0.321 0.883 98138.dat
1 84 -77 -164 45 0.906 0.423 0 -0.423 0.906 0 0 0 1 98138.dat
1 78 -55 -164 46 0.94 -0.31 -0.145 0 0.423 -0.906 0.342 0.852 0.397 98138.dat
1 330 -75 -164 65 -0.278 0.575 0.77 0.506 0.769 -0.392 -0.817 0.28 -0.504 98138.dat
1 28 -75 -164 87 1 0 0 0 0.766 0.643 0 -0.643 0.766 98138.dat
1 84 -55 -164 85 1 0 0 0 0.906 -0.423 0 0.423 0.906 98138.dat
1 78 -73 -164 105 0.906 -0.423 0 0.423 0.906 0 0 0 1 98138.dat
1 330 -55 -164 105 -0.453 0.211 0.866 0.423 0.906 0 -0.785 0.366 -0.5 98138.dat
1 28 -35 -164 83 1 0 0 0 0.866 -0.5 0 0.5 0.866 98138.dat
1 28 -62 -164 67 0.612 0.612 0.5 -0.707 0.707 0 -0.354 -0.354 0.866 98138.dat
1 78 -35 -164 103 1 0 0 0 0.906 -0.423 0 0.423 0.906 98138.dat
1 330 -15 -164 85 1 0 0 0 0.985 -0.174 0 0.174 0.985 98138.dat
1 84 -15 -164 105 1 0 0 0 1 0 0 0 1 98138.dat
1 330 5 -164 104 1 0 0 0 0.966 -0.259 0 0.259 0.966 98138.dat
1 84 5 -164 85 1 0 0 0 0.766 -0.643 0 0.643 0.766 98138.dat
1 78 25 -164 83 1 0 0 0 0.766 -0.643 0 0.643 0.766 98138.dat
1 28 24 -164 105 0.176 -0.961 -0.212 0.905 0.243 -0.349 0.387 -0.131 0.913 98138.dat
1 84 43 -164 85 0.966 0.259 0 -0.259 0.966 0 0 0 1 98138.dat
1 330 45 -164 105 0.866 0.5 0 -0.5 0.866 0 0 0 1 98138.dat
1 28 65 -164 85 0.966 -0.259 0 0.259 0.966 0 0 0 1 98138.dat
1 78 64 -164 105 -0.883 0.321 -0.342 0.342 0.94 0 0.321 -0.117 -0.94 98138.dat
1 28 26 -164 70 0.954 -0.049 0.296 -0.203 0.62 0.758 -0.221 -0.783 0.582 98138.dat
1 330 45 -164 66 0.988 0.145 -0.056 -0.109 0.906 0.408 0.11 -0.397 0.911 98138.dat
1 78 64 -164 65 0.906 0.423 0 -0.423 0.906 0 0 0 1 98138.dat
1 84 65 -164 -95 0.97 -0.171 0.174 0.141 0.975 0.171 -0.199 -0.141 0.97 98138.dat
1 330 43 -164 -78 0.745 0.649 -0.155 -0.503 0.393 -0.77 -0.439 0.651 0.619 98138.dat
1 78 62 -164 -55 0.664 0.242 0.707 -0.342 0.94 0 -0.664 -0.242 0.707 98138.dat
1 28 62 -164 -35 0.906 0.423 0 -0.423 0.906 0 0 0 1 98138.dat
1 84 65 -164 -15 0.94 -0.342 0 0.342 0.94 0 0 0 1 98138.dat
1 330 66 -164 5 0.906 -0.423 0 0.423 0.906 0 0 0 1 98138.dat
1 78 63 -164 25 0.766 0.643 0 -0.643 0.766 0 0 0 1 98138.dat
1 330 46 -164 25 0.574 0.628 0.527 0.28 0.454 -0.846 -0.77 0.633 0.084 98138.dat
1 84 45 -164 48 1 0 0 0 0.866 0.5 0 -0.5 0.866 98138.dat
1 28 65 -164 45 1 0 0 0 1 0 0 0 1 98138.dat
1 28 -65 -156 -85 0.97 0.141 -0.199 -0.171 0.975 -0.141 0.174 0.171 0.97 98138.dat
1 330 -65 -156 -65 1 0 0 0 1 0 0 0 1 98138.dat
1 78 -45 -156 -65 0.852 0.31 0.423 -0.406 0.9 0.157 -0.332 -0.306 0.893 98138.dat
1 84 -45 -156 -85 0.985 0.174 0 -0.174 0.985 0 0 0 1 98138.dat
1 330 -26 -156 -65 -0.175 0.549 0.817 0.321 0.817 -0.48 -0.931 0.179 -0.319 98138.dat
1 84 -25 -156 -85 1 0 0 0 0.985 -0.174 0 0.174 0.985 98138.dat
1 330 15 -156 -85 1 0 0 0 1 0 0 0 1 98138.dat
1 330 -65 -156 -105 0.97 -0.171 0.174 0.201 0.965 -0.171 -0.138 0.201 0.97 98138.dat
1 28 -45 -156 -105 0.985 -0.174 0 0.171 0.97 0.174 -0.03 -0.171 0.985 98138.dat
1 330 -25 -156 -105 0.985 -0.171 0.03 0.174 0.97 -0.171 0 0.174 0.985 98138.dat
1 330 -5 -156 -105 1 0 0 0 1 0 0 0 1 98138.dat
1 28 55 -156 -105 0.975 -0.141 0.171 0.171 0.97 -0.174 -0.141 0.199 0.97 98138.dat
1 28 75 -156 -65 0.94 0.342 0 -0.342 0.94 0 0 0 1 98138.dat
1 84 35 -156 -85 1 0 0 0 1 0 0 0 1 98138.dat
1 78 75 -156 -105 0.965 -0.201 0.171 0.171 0.97 0.174 -0.201 -0.138 0.97 98138.dat
1 78 55 -156 -85 1 0 0 0 0.985 0.174 0 -0.174 0.985 98138.dat
1 28 9 -156 -105 0.423 0.906 0 -0.906 0.423 0 0 0 1 98138.dat
1 78 35 -156 -105 0.5 0.866 0 -0.866 0.5 0 0 0 1 98138.dat
1 78 -4 -156 -92 1 0 0 0 0.342 -0.94 0 0.94 0.342 98138.dat
1 78 16 -156 -65 1 0 0 0 1 0 0 0 1 98138.dat
1 28 36 -156 -64 0.985 -0.168 0.045 0.174 0.951 -0.255 0 0.259 0.966 98138.dat
1 28 -65 -156 -45 0.768 -0.059 -0.638 -0.059 0.985 -0.163 0.638 0.163 0.753 98138.dat
1 28 -65 -156 -5 0.852 -0.31 -0.423 0.342 0.94 0 0.397 -0.145 0.906 98138.dat
1 330 -45 -156 -45 0.342 0.243 0.908 0 0.966 -0.259 -0.94 0.089 0.33 98138.dat
1 84 -65 -156 -25 0.866 0.129 0.483 0 0.966 -0.259 -0.5 0.224 0.837 98138.dat
1 78 -65 -156 15 0.998 -0.059 -0.01 0.059 0.94 0.337 -0.01 -0.337 0.942 98138.dat
1 330 -65 -156 35 0.908 -0.356 0.222 0.243 0.877 0.414 -0.342 -0.321 0.883 98138.dat
1 84 -67 -156 55 0.906 0.423 0 -0.423 0.906 0 0 0 1 98138.dat
1 78 -45 -156 56 0.94 -0.31 -0.145 0 0.423 -0.906 0.342 0.852 0.397 98138.dat
1 330 -65 -156 75 -0.278 0.575 0.77 0.506 0.769 -0.392 -0.817 0.28 -0.504 98138.dat
1 28 -65 -156 97 1 0 0 0 0.766 0.643 0 -0.643 0.766 98138.dat
1 84 -45 -156 95 1 0 0 0 0.906 -0.423 0 0.423 0.906 98138.dat
1 78 -63 -156 115 0.906 -0.423 0 0.423 0.906 0 0 0 1 98138.dat
1 330 -45 -156 115 -0.453 0.211 0.866 0.423 0.906 0 -0.785 0.366 -0.5 98138.dat
1 28 -25 -156 93 1 0 0 0 0.866 -0.5 0 0.5 0.866 98138.dat
1 28 -52 -156 77 0.612 0.612 0.5 -0.707 0.707 0 -0.354 -0.354 0.866 98138.dat
1 78 -25 -156 113 1 0 0 0 0.906 -0.423 0 0.423 0.906 98138.dat
1 330 -5 -156 95 1 0 0 0 0.985 -0.174 0 0.174 0.985 98138.dat
1 84 -5 -156 115 1 0 0 0 1 0 0 0 1 98138.dat
1 330 15 -156 114 1 0 0 0 0.966 -0.259 0 0.259 0.966 98138.dat
1 84 15 -156 95 1 0 0 0 0.766 -0.643 0 0.643 0.766 98138.dat
1 78 35 -156 93 1 0 0 0 0.766 -0.643 0 0.643 0.766 98138.dat
1 28 34 -156 115 0.176 -0.961 -0.212 0.905 0.243 -0.349 0.387 -0.131 0.913 98138.dat
1 84 53 -156 95 0.966 0.259 0 -0.259 0.966 0 0 0 1 98138.dat
1 330 55 -156 115 0.866 0.5 0 -0.5 0.866 0 0 0 1 98138.dat
1 28 75 -156 95 0.966 -0.259 0 0.259 0.966 0 0 0 1 98138.dat
1 78 74 -156 115 -0.883 0.321 -0.342 0.342 0.94 0 0.321 -0.117 -0.94 98138.dat
1 28 36 -156 80 0.954 -0.049 0.296 -0.203 0.62 0.758 -0.221 -0.783 0.582 98138.dat
1 330 55 -156 76 0.988 0.145 -0.056 -0.109 0.906 0.408 0.11 -0.397 0.911 98138.dat
1 78 74 -156 75 0.906 0.423 0 -0.423 0.906 0 0 0 1 98138.dat
1 84 75 -156 -85 0.97 -0.171 0.174 0.141 0.975 0.171 -0.199 -0.141 0.97 98138.dat
1 330 53 -156 -68 0.745 0.649 -0.155 -0.503 0.393 -0.77 -0.439 0.651 0.619 98138.dat
1 78 72 -156 -45 0.664 0.242 0.707 -0.342 0.94 0 -0.664 -0.242 0.707 98138.dat
1 28 72 -156 -25 0.906 0.423 0 -0.423 0.906 0 0 0 1 98138.dat
1 84 75 -156 -5 0.94 -0.342 0 0.342 0.94 0 0 0 1 98138.dat
1 330 76 -156 15 0.906 -0.423 0 0.423 0.906 0 0 0 1 98138.dat
1 78 73 -156 35 0.766 0.643 0 -0.643 0.766 0 0 0 1 98138.dat
1 84 55 -156 58 1 0 0 0 0.866 0.5 0 -0.5 0.866 98138.dat
1 28 75 -156 55 1 0 0 0 1 0 0 0 1 98138.dat
1 28 75 -156 55 1 0 0 0 1 0 0 0 1 98138.dat
1 28 75 -156 55 1 0 0 0 1 0 0 0 1 98138.dat
1 84 55 -156 58 1 0 0 0 0.866 0.5 0 -0.5 0.866 98138.dat
1 84 55 -156 58 1 0 0 0 0.866 0.5 0 -0.5 0.866 98138.dat
1 84 55 -156 58 1 0 0 0 0.866 0.5 0 -0.5 0.866 98138.dat
1 84 55 -156 58 1 0 0 0 0.866 0.5 0 -0.5 0.866 98138.dat
1 84 55 -156 58 1 0 0 0 0.866 0.5 0 -0.5 0.866 98138.dat
1 84 55 -156 58 1 0 0 0 0.866 0.5 0 -0.5 0.866 98138.dat
1 84 55 -156 58 1 0 0 0 0.866 0.5 0 -0.5 0.866 98138.dat
1 84 55 -156 58 1 0 0 0 0.866 0.5 0 -0.5 0.866 98138.dat
1 84 55 -156 58 1 0 0 0 0.866 0.5 0 -0.5 0.866 98138.dat
1 84 55 -156 58 1 0 0 0 0.866 0.5 0 -0.5 0.866 98138.dat
1 84 55 -156 58 1 0 0 0 0.866 0.5 0 -0.5 0.866 98138.dat
1 84 55 -156 58 1 0 0 0 0.866 0.5 0 -0.5 0.866 98138.dat
1 84 55 -156 58 1 0 0 0 0.866 0.5 0 -0.5 0.866 98138.dat
1 84 55 -156 58 1 0 0 0 0.866 0.5 0 -0.5 0.866 98138.dat
1 78 73 -156 35 0.766 0.643 0 -0.643 0.766 0 0 0 1 98138.dat
1 78 73 -156 35 0.766 0.643 0 -0.643 0.766 0 0 0 1 98138.dat
1 78 73 -156 35 0.766 0.643 0 -0.643 0.766 0 0 0 1 98138.dat
1 78 73 -156 35 0.766 0.643 0 -0.643 0.766 0 0 0 1 98138.dat
1 78 73 -156 35 0.766 0.643 0 -0.643 0.766 0 0 0 1 98138.dat
1 70 12.804 -408.677 -35.1305 -0.94 0.33 0.09 0 0.262 -0.965 -0.342 -0.907 -0.246 98397.dat
1 15 -15.3372 -429.797 -33.8258 -0.94 -0.09 0.33 0 0.965 0.262 -0.342 0.246 -0.907 2423.dat
1 15 33.5428 -429.797 -16.0418 0.43127 -0.09 -0.89789 -0.185234 0.965 -0.185234 0.883043 0.246 0.399455 2423.dat
1 15 34.2628 -437.517 -18.0098 -0.89789 -0.09 -0.43127 -0.185234 0.965 0.185234 0.399455 0.246 -0.883043 2423.dat
1 15 -14.6172 -437.517 -35.7938 0.33 -0.09 0.94 0.262 0.965 0 -0.907 0.246 0.342 2423.dat
1 29 -45.6172 -432.277 -67.6138 0.89789 -0.09 0.43127 0.185234 0.965 -0.185234 -0.399455 0.246 0.883043 33320.dat
1 29 -40.0172 -442.757 -24.4938 -0.43127 -0.09 0.89789 0.185234 0.965 0.185234 -0.883043 0.246 -0.399455 33320.dat
1 29 -47.3372 -440.277 -4.3858 -0.43127 -0.09 0.89789 0.185234 0.965 0.185234 -0.883043 0.246 -0.399455 33320.dat
1 29 -3.1372 -435.037 -8.8458 -0.89789 -0.09 -0.43127 -0.185234 0.965 0.185234 0.399455 0.246 -0.883043 33320.dat
1 29 33.5557 -448.6326 25.3071 -0.94 -0.09 0.33 0 0.965 0.262 -0.342 0.246 -0.907 33320.dat
1 29 60.8497 -437.517 -8.3367 -0.33 -0.09 -0.94 -0.262 0.965 0 0.907 0.246 -0.342 33320.dat
1 29 78.0901 -426.0918 -14.3589 -0.33 -0.09 -0.94 -0.262 0.965 0 0.907 0.246 -0.342 33320.dat
1 29 42.8765 -422.3866 -41.6954 0.94 -0.09 -0.33 0 0.965 -0.262 0.342 0.246 0.907 33320.dat
1 5 -71.3772 -433.657 -55.3298 0.94 -0.09 -0.33 0 0.965 -0.262 0.342 0.246 0.907 32606.dat
1 5 -35.4972 -441.657 21.5782 0.94 -0.09 -0.33 0 0.965 -0.262 0.342 0.246 0.907 32606.dat
1 5 59.7826 -444.7726 35.9642 0.94 -0.09 -0.33 0 0.965 -0.262 0.342 0.246 0.907 32606.dat
1 5 87.0638 -414.8214 -39.0285 0.94 -0.09 -0.33 0 0.965 -0.262 0.342 0.246 0.907 32606.dat
1 308 -35.49 -320.589 -146.227 -0.993 -0.09 0.076 -0.068 0.965 0.253 -0.096 0.246 -0.964 4032.dat
1 70 -34.09 -346.279 -142.491 -0.993 -0.09 0.076 -0.068 0.965 0.253 -0.096 0.246 -0.964 3700.dat
1 70 -32.57 -341.219 -161.771 -0.993 -0.09 0.076 -0.068 0.965 0.253 -0.096 0.246 -0.964 3700.dat
1 72 -34.99 -336.629 -140.031 -0.076 -0.09 -0.993 -0.253 0.965 -0.068 0.964 0.246 -0.096 11214.dat
1 70 -22.68 -350.789 -153.139 -0.076 -0.09 -0.993 -0.253 0.965 -0.068 0.964 0.246 -0.096 11476.dat
1 70 -42.54 -352.149 -155.059 0.076 -0.09 0.993 0.253 0.965 0.068 -0.964 0.246 0.096 11476.dat
1 70 -31.13 -356.659 -165.707 0.993 -0.09 -0.076 0.068 0.965 -0.253 0.096 0.246 0.964 44728.dat
1 308 -32.65 -361.719 -146.427 0.993 -0.09 -0.076 0.068 0.965 -0.253 0.096 0.246 0.964 3023.dat
1 70 -31.93 -369.439 -148.395 -0.993 -0.09 0.076 -0.068 0.965 0.253 -0.096 0.246 -0.964 88072.dat
1 70 -31.89 -359.189 -156.067 0.993 -0.09 -0.076 0.068 0.965 -0.253 0.096 0.246 0.964 15068.dat
1 308 -31.258 -331.793 -181.995 0.993 -0.076 0.09 0.068 -0.253 -0.965 0.096 0.964 -0.246 4032.dat
1 70 -33.09 -378.359 -130.099 -0.993 -0.076 -0.09 -0.068 -0.253 0.965 -0.096 0.964 0.246 48729.dat
1 70 -62.58 -351.579 -156.487 0.076 0.993 0.09 0.253 0.068 -0.965 -0.964 0.096 -0.246 98397.dat
1 15 -74.9132 -363.017 -187.4023 0.076 -0.09 0.993 0.253 0.965 0.068 -0.964 0.246 0.096 2423.dat
1 15 -78.8652 -376.173 -137.2743 -0.978922 -0.09 -0.183771 -0.131215 0.965 0.226786 0.15694 0.246 -0.956088 2423.dat
1 15 -74.1932 -370.737 -189.3703 0.993 -0.09 -0.076 0.068 0.965 -0.253 0.096 0.246 0.964 2423.dat
1 15 -78.1452 -383.893 -139.2423 -0.183771 -0.09 0.978922 0.226786 0.965 0.131215 -0.956088 0.246 -0.15694 2423.dat
1 29 -51.2932 -359.257 -226.0103 0.648319 -0.09 -0.755783 -0.130795 0.965 -0.226947 0.74942 0.246 0.613676 33320.dat
1 29 -92.5332 -367.037 -210.5703 0.755783 -0.09 0.648319 0.226947 0.965 -0.130795 -0.613676 0.246 0.74942 33320.dat
1 29 -113.1132 -360.677 -210.5223 0.755783 -0.09 0.648319 0.226947 0.965 -0.130795 -0.613676 0.246 0.74942 33320.dat
1 29 -96.2932 -369.437 -170.0423 -0.648319 -0.09 0.755783 0.130795 0.965 0.226947 -0.74942 0.246 -0.613676 33320.dat
1 29 -120.9701 -384.6039 -152.0916 0.562316 -0.09 0.821938 0.253098 0.965 -0.067612 -0.786824 0.246 0.565136 33320.dat
1 29 -94.0498 -391.0519 -116.9868 -0.821938 -0.09 0.562316 0.067612 0.965 0.253098 -0.565136 0.246 -0.786824 33320.dat
1 29 -91.0982 -387.8674 -95.8993 -0.821938 -0.09 0.562316 0.067612 0.965 0.253098 -0.565136 0.246 -0.786824 33320.dat
1 29 -55.6165 -378.0853 -121.2899 -0.562316 -0.09 -0.821938 -0.253098 0.965 0.067612 0.786824 0.246 -0.565136 33320.dat
1 5 -69.9932 -351.697 -246.2263 0.648319 -0.09 -0.755783 -0.130795 0.965 -0.226947 0.74942 0.246 0.613676 32606.dat
1 5 -134.8532 -363.237 -192.1783 0.648319 -0.09 -0.755783 -0.130795 0.965 -0.226947 0.74942 0.246 0.613676 32606.dat
1 5 -137.2357 -387.9029 -128.8522 -0.562316 -0.09 -0.821938 -0.253098 0.965 0.067612 0.786824 0.246 -0.565136 32606.dat
1 5 -68.2096 -385.9199 -78.93 -0.562316 -0.09 -0.821938 -0.253098 0.965 0.067612 0.786824 0.246 -0.565136 32606.dat
1 70 -3 -347.499 -150.727 -0.076 -0.935928 0.344127 -0.253 -0.315623 -0.914578 0.964 -0.15645 -0.212772 98397.dat
1 15 16.0355 -365.0706 -126.8922 -0.076 -0.344127 -0.935928 -0.253 0.914578 -0.315623 0.964 0.212772 -0.15645 2423.dat
1 15 21.1519 -351.3904 -178.6493 0.898456 -0.198756 0.392222 0.185811 0.980522 0.070788 -0.398712 0.009371 0.916852 2423.dat
1 15 18.7885 -372.3872 -128.5944 -0.935928 -0.344127 0.076 -0.315623 0.914578 0.253 -0.15645 0.212772 -0.964 2423.dat
1 15 22.7405 -359.2312 -178.7224 0.392222 -0.198756 -0.898456 0.070788 0.980522 -0.185811 0.916852 0.009371 0.398712 2423.dat
1 29 -2.97 -388.8196 -93.1634 -0.607969 -0.344127 0.715433 -0.044274 0.914578 0.402016 -0.792158 0.212772 -0.570938 33320.dat
1 29 35.9871 -371.1347 -106.1854 -0.715433 -0.344127 -0.607969 -0.402016 0.914578 -0.044274 0.570938 0.212772 -0.792158 33320.dat
1 29 51.9526 -357.5056 -101.3542 -0.715433 -0.344127 -0.607969 -0.402016 0.914578 -0.044274 0.570938 0.212772 -0.792158 33320.dat
1 29 36.2741 -353.6981 -143.0432 0.607969 -0.344127 -0.715433 0.044274 0.914578 -0.402016 0.792158 0.212772 0.570938 33320.dat
1 29 66.5176 -350.3888 -176.3462 -0.357108 -0.198756 -0.912915 -0.080728 0.980522 -0.181604 0.930054 0.009371 -0.366138 33320.dat
1 29 32.8468 -356.9423 -205.0278 0.912915 -0.198756 -0.357108 0.181604 0.980522 -0.080728 0.366138 0.009371 0.930054 33320.dat
1 29 23.4046 -350.5224 -223.2845 0.912915 -0.198756 -0.357108 0.181604 0.980522 -0.080728 0.366138 0.009371 0.930054 33320.dat
1 29 -4.6634 -356.5222 -189.0018 0.357108 -0.198756 0.912915 0.080728 0.980522 0.181604 -0.930054 0.009371 0.366138 33320.dat
1 5 12.852 -383.9089 -69.9033 -0.607969 -0.344127 0.715433 -0.044274 0.914578 0.402016 -0.792158 0.212772 -0.570938 32606.dat
1 5 70.8147 -342.4749 -116.6542 -0.607969 -0.344127 0.715433 -0.044274 0.914578 0.402016 -0.792158 0.212772 -0.570938 32606.dat
1 5 75.8296 -344.1794 -202.6155 0.357108 -0.198756 0.912915 0.080728 0.980522 0.181604 -0.930054 0.009371 0.366138 32606.dat
1 5 -3.2059 -351.734 -233.6011 0.357108 -0.198756 0.912915 0.080728 0.980522 0.181604 -0.930054 0.009371 0.366138 32606.dat
1 70 -28.7 -406.7415 -155.333 0.993 -0.076 0.09 0.068 -0.253 -0.965 0.096 0.964 -0.246 98397.dat
1 15 -0.0872 -417.8535 -172.5763 0.993 -0.09 -0.076 0.068 0.965 -0.253 0.096 0.246 0.964 2423.dat
1 15 -51.7232 -421.3895 -177.5683 -0.993 -0.09 0.076 -0.068 0.965 0.253 -0.096 0.246 -0.964 2423.dat
1 15 0.6328 -425.5735 -174.5443 -0.076 -0.09 -0.993 -0.253 0.965 -0.068 0.964 0.246 -0.096 2423.dat
1 15 -51.0032 -429.1095 -179.5363 0.076 -0.09 0.993 0.253 0.965 0.068 -0.964 0.246 0.096 2423.dat
1 29 38.8328 -427.9135 -151.4243 -0.755783 -0.09 -0.648319 -0.226947 0.965 0.130795 0.613676 0.246 -0.74942 33320.dat
1 29 22.0128 -419.1535 -191.9043 0.648319 -0.09 -0.755783 -0.130795 0.965 -0.226947 0.74942 0.246 0.613676 33320.dat
1 29 22.8128 -406.3735 -209.2163 0.648319 -0.09 -0.755783 -0.130795 0.965 -0.226947 0.74942 0.246 0.613676 33320.dat
1 29 -18.4272 -414.1535 -193.7763 0.755783 -0.09 0.648319 0.226947 0.965 -0.130795 -0.613676 0.246 0.74942 33320.dat
1 29 -89.2032 -426.7695 -202.6563 0.755783 -0.09 0.648319 0.226947 0.965 -0.130795 -0.613676 0.246 0.74942 33320.dat
1 29 -72.3832 -435.5295 -162.1763 -0.648319 -0.09 0.755783 0.130795 0.965 0.226947 -0.74942 0.246 -0.613676 33320.dat
1 29 -74.6232 -432.8695 -140.9283 -0.648319 -0.09 0.755783 0.130795 0.965 0.226947 -0.74942 0.246 -0.613676 33320.dat
1 29 -33.3832 -425.0895 -156.3683 -0.755783 -0.09 -0.648319 -0.226947 0.965 0.130795 0.613676 0.246 -0.74942 33320.dat
1 5 59.8528 -417.6335 -167.8003 -0.755783 -0.09 -0.648319 -0.226947 0.965 0.130795 0.613676 0.246 -0.74942 32606.dat
1 5 4.1128 -398.8135 -229.4323 -0.755783 -0.09 -0.648319 -0.226947 0.965 0.130795 0.613676 0.246 -0.74942 32606.dat
1 5 -110.9432 -429.3295 -184.3123 -0.755783 -0.09 -0.648319 -0.226947 0.965 0.130795 0.613676 0.246 -0.74942 32606.dat
1 5 -56.6432 -432.7095 -118.7443 -0.755783 -0.09 -0.648319 -0.226947 0.965 0.130795 0.613676 0.246 -0.74942 32606.dat
1 308 -158.223 -355.756 20.088 -0.33 -0.089 -0.939 -0.262 0.965 0 0.907 0.246 -0.342 4032.dat
1 70 -146.697 -378.916 17.604 -0.33 -0.089 -0.939 -0.262 0.965 0 0.907 0.246 -0.342 3700.dat
1 70 -165.477 -378.916 10.764 -0.33 -0.089 -0.939 -0.262 0.965 0 0.907 0.246 -0.342 3700.dat
1 72 -147.587 -369.266 20.064 0.939 -0.089 -0.33 0 0.965 -0.262 0.342 0.246 0.907 11214.dat
1 70 -152.075 -384.016 3.146 0.939 -0.089 -0.33 0 0.965 -0.262 0.342 0.246 0.907 11476.dat
1 70 -158.675 -389.256 21.286 -0.939 -0.089 0.33 0 0.965 0.262 -0.342 0.246 -0.907 11476.dat
1 70 -164.053 -394.356 6.828 0.33 -0.089 0.939 0.262 0.965 0 -0.907 0.246 0.342 44728.dat
1 308 -145.273 -394.356 13.668 0.33 -0.089 0.939 0.262 0.965 0 -0.907 0.246 0.342 3023.dat
1 70 -144.561 -402.076 11.7 -0.33 -0.089 -0.939 -0.262 0.965 0 0.907 0.246 -0.342 88072.dat
1 70 -154.663 -394.356 10.248 0.33 -0.089 0.939 0.262 0.965 0 -0.907 0.246 0.342 15068.dat
1 308 -186.491 -375.056 4.224 0.33 0.939 0.089 0.262 0 -0.965 -0.907 0.342 -0.246 4032.dat
1 70 -125.425 -405.936 17.556 -0.33 0.939 -0.089 -0.262 0 0.965 0.907 0.342 0.246 48729.dat
1 70 -165.453 -392.566 39.918 -0.939 0.33 0.089 0 0.262 -0.965 -0.342 -0.907 -0.246 98397.dat
1 15 -193.5858 -413.686 41.2227 -0.939 -0.089 0.33 0 0.965 0.262 -0.342 0.246 -0.907 2423.dat
1 15 -144.7578 -413.686 59.0067 -0.075579 -0.089 -0.992544 -0.253092 0.965 -0.067858 0.96474 0.246 -0.095459 2423.dat
1 15 -192.8738 -421.406 39.2547 0.33 -0.089 0.939 0.262 0.965 0 -0.907 0.246 0.342 2423.dat
1 15 -144.0458 -421.406 57.0387 -0.992544 -0.089 0.075579 -0.067858 0.965 0.253092 -0.095459 0.246 -0.96474 2423.dat
1 29 -223.8338 -416.166 7.4347 0.897183 -0.089 0.430563 0.185234 0.965 -0.185234 -0.399455 0.246 0.883043 33320.dat
1 29 -218.2538 -426.646 50.5547 -0.430563 -0.089 0.897183 0.185234 0.965 0.185234 -0.883043 0.246 -0.399455 33320.dat
1 29 -225.5658 -424.166 70.6627 -0.430563 -0.089 0.897183 0.185234 0.965 0.185234 -0.883043 0.246 -0.399455 33320.dat
1 29 -181.4058 -418.926 66.2027 -0.897183 -0.089 -0.430563 -0.185234 0.965 0.185234 0.399455 0.246 -0.883043 33320.dat
1 29 -166.9231 -432.885 93.7107 -0.648174 -0.089 0.75528 0.131 0.965 0.226892 -0.749672 0.246 -0.614462 33320.dat
1 29 -125.7118 -425.1112 78.2428 -0.75528 -0.089 -0.648174 -0.226892 0.965 0.131 0.614462 0.246 -0.749672 33320.dat
1 29 -106.5761 -416.0351 82.1229 -0.75528 -0.089 -0.648174 -0.226892 0.965 0.131 0.614462 0.246 -0.749672 33320.dat
1 29 -123.3951 -407.2683 41.6263 0.648174 -0.089 -0.75528 -0.131 0.965 -0.226892 0.749672 0.246 0.614462 33320.dat
1 5 -249.5698 -417.546 19.7187 0.897183 -0.089 0.430563 0.185234 0.965 -0.185234 -0.399455 0.246 0.883043 32606.dat
1 5 -213.7418 -425.546 96.6267 0.897183 -0.089 0.430563 0.185234 0.965 -0.185234 -0.399455 0.246 0.883043 32606.dat
1 5 -148.9455 -432.7305 115.8997 0.648174 -0.089 -0.75528 -0.131 0.965 -0.226892 0.749672 0.246 0.614462 32606.dat
1 5 -85.5685 -405.7574 65.7268 0.648174 -0.089 -0.75528 -0.131 0.965 -0.226892 0.749672 0.246 0.614462 32606.dat
1 70 -145.653 -376.846 -14.502 0.939 -0.295729 0.171444 0 -0.503027 -0.864332 0.342 0.812448 -0.472549 98397.dat
1 15 -113.4999 -383.9597 -26.8986 0.939 -0.171444 -0.295729 0 0.864332 -0.503027 0.342 0.472549 0.812448 2423.dat
1 15 -163.6698 -383.6883 -46.2349 -0.183571 -0.339156 0.922136 0.227423 0.898687 0.376155 -0.95687 0.278791 -0.087712 2423.dat
1 15 -112.1283 -390.8743 -30.679 -0.295729 -0.171444 -0.939 -0.503027 0.864332 0 0.812448 0.472549 -0.342 2423.dat
1 15 -160.9563 -390.8743 -48.463 0.922136 -0.339156 0.183571 0.376155 0.898687 -0.227423 -0.087712 0.278791 0.95687 2423.dat
1 29 -80.4829 -400.9349 -0.7501 -0.872953 -0.171444 -0.454793 -0.35564 0.864332 0.35564 0.332607 0.472549 -0.816195 33320.dat
