0 
0 Name: New Model.ldr
0 Author: 
1 4 40 -24 20 1 0 0 0 1 0 0 0 1 18674.dat
1 70 40.14 -48 20 0.707 0 -0.707 0 1 0 0.707 0 0.707 3005.dat
1 72 40.14 -72 20 0.707 0 -0.707 0 1 0 0.707 0 0.707 4733.dat
1 14 40.14 -80 20 0.707 0 -0.707 0 1 0 0.707 0 0.707 3024.dat
1 2 40.14 -88 20 0.707 0 -0.707 0 1 0 0.707 0 0.707 3024.dat
1 72 40.14 -112 20 0.707 0 -0.707 0 1 0 0.707 0 0.707 4733.dat
1 2 40.14 -120 20 0.707 0 -0.707 0 1 0 0.707 0 0.707 3024.dat
1 2 40.14 -144 20 0.707 0 -0.707 0 1 0 0.707 0 0.707 59900.dat
1 2 59.936 -72 14.344 -0.707 -0.707 0 0 0 1 -0.707 0.707 0 41769.dat
1 2 65.592 -42 8.688 0.707 -0.707 0 0 0 -1 0.707 0.707 0 3023.dat
1 2 58.522 -72 1.618 0 -0.707 0.707 1 0 0 0 0.707 0.707 3023.dat
1 2 64.178 -52 -4.038 0 -0.707 0.707 1 0 0 0 0.707 0.707 3023.dat
1 36 78.318 -42 10.102 0.707 -0.707 0 0 0 -1 0.707 0.707 0 6141.dat
1 46 64.178 -82 -4.038 0.707 -0.707 0 0 0 -1 0.707 0.707 0 6141.dat
1 33 69.834 -42 -9.694 0.707 -0.707 0 0 0 -1 0.707 0.707 0 6141.dat
1 2 34.484 -72 0.204 -0.707 0.707 0 0 0 1 0.707 0.707 0 41769.dat
1 2 28.828 -42 -5.452 0.707 0.707 0 0 0 -1 -0.707 0.707 0 3023.dat
1 2 21.758 -72 1.618 0 0.707 0.707 1 0 0 0 0.707 -0.707 3023.dat
1 2 16.102 -52 -4.038 0 0.707 0.707 1 0 0 0 0.707 -0.707 3023.dat
1 36 30.242 -42 -18.178 0.707 0.707 0 0 0 -1 -0.707 0.707 0 6141.dat
1 46 16.102 -82 -4.038 0.707 0.707 0 0 0 -1 -0.707 0.707 0 6141.dat
1 33 10.446 -42 -9.694 0.707 0.707 0 0 0 -1 -0.707 0.707 0 6141.dat
1 2 20.344 -72 25.656 0.707 0.707 0 0 0 1 0.707 -0.707 0 41769.dat
1 2 14.688 -42 31.312 -0.707 0.707 0 0 0 -1 -0.707 -0.707 0 3023.dat
1 2 21.758 -72 38.382 0 0.707 -0.707 1 0 0 0 -0.707 -0.707 3023.dat
1 2 16.102 -52 44.038 0 0.707 -0.707 1 0 0 0 -0.707 -0.707 3023.dat
1 36 1.962 -42 29.898 -0.707 0.707 0 0 0 -1 -0.707 -0.707 0 6141.dat
1 46 16.102 -82 44.038 -0.707 0.707 0 0 0 -1 -0.707 -0.707 0 6141.dat
1 33 10.446 -42 49.694 -0.707 0.707 0 0 0 -1 -0.707 -0.707 0 6141.dat
1 2 45.796 -72 39.796 0.707 -0.707 0 0 0 1 -0.707 -0.707 0 41769.dat
1 2 51.452 -42 45.452 -0.707 -0.707 0 0 0 -1 0.707 -0.707 0 3023.dat
1 2 58.522 -72 38.382 0 -0.707 -0.707 1 0 0 0 -0.707 0.707 3023.dat
1 2 64.178 -52 44.038 0 -0.707 -0.707 1 0 0 0 -0.707 0.707 3023.dat
1 36 50.038 -42 58.178 -0.707 -0.707 0 0 0 -1 0.707 -0.707 0 6141.dat
1 46 64.178 -82 44.038 -0.707 -0.707 0 0 0 -1 0.707 -0.707 0 6141.dat
1 33 69.834 -42 49.694 -0.707 -0.707 0 0 0 -1 0.707 -0.707 0 6141.dat
1 14 40.14 -152 20 0 0 -0.999698 0 1 0 0.999698 0 0 3024.dat
1 14 40.14 -160 20 0.707 0 -0.707 0 1 0 0.707 0 0.707 3024.dat
