0 
0 Name: New Model.ldr
0 Author: 
1 70 270 -8 280 1 0 0 0 1 0 0 0 1 3021.dat
1 70 260 -32 280 0 0 1 0 1 0 -1 0 0 3062.dat
1 70 260 -56 280 0 0 1 0 1 0 -1 0 0 3062.dat
1 70 260 -80 280 0 0 1 0 1 0 -1 0 0 3062.dat
1 2 260 -88 280 0.707107 0 0.707107 0 1 0 -0.707107 0 0.707107 3022.dat
1 2 252.929 -112 272.929 0.707107 0 0.707107 0 1 0 -0.707107 0 0.707107 3660.dat
1 2 267.071 -112 287.071 -0.707107 0 -0.707107 0 1 0 0.707107 0 -0.707107 3660.dat
1 2 260 -136 280 -0.707107 0 -0.707107 0 1 0 0.707107 0 -0.707107 3001.dat
1 27 281.213 -136 301.213 -0.707107 0 -0.707107 0 1 0 0.707107 0 -0.707107 3004.dat
1 27 238.787 -136 258.787 -0.707107 0 -0.707107 0 1 0 0.707107 0 -0.707107 3004.dat
1 2 260 -160 294.142 -0.707107 0 -0.707107 0 1 0 0.707107 0 -0.707107 3040.dat
1 2 274.142 -160 280 0.707107 0 -0.707107 0 1 0 0.707107 0 0.707107 3040.dat
1 2 260 -160 265.858 0.707107 0 0.707107 0 1 0 -0.707107 0 0.707107 3040.dat
1 2 245.858 -160 280 -0.707107 0 0.707107 0 1 0 -0.707107 0 -0.707107 3040.dat
