0 Main
0 Name: 4096 - Micro Wheels - QB Roadster 1.mpd
0 Author: LTRON
1 8 0 6.534 -59.703 0 0 -1 -0.059 0.998 0 0.998 0.059 0 3034.dat
1 8 -30 7.124 -69.683 0 0 -1 -0.059 0.998 0 0.998 0.059 0 3623.dat
1 8 30 7.124 -69.683 0 0 -1 -0.059 0.998 0 0.998 0.059 0 3623.dat
1 14 0 -0.27 -80.135 1 0 0 0 0.998 -0.059 0 0.059 0.998 3020.dat
1 14 30 -2.04 -50.195 0 0 -1 -0.059 0.998 0 0.998 0.059 0 4081.dat
1 14 -30 -2.04 -50.195 0 0 1 0.059 0.998 0 -0.998 0.059 0 4081.dat
1 0 0 2.09 -120.055 1 0 0 0 0.998 -0.059 0 0.059 0.998 4600.dat
1 0 0 -4.99 -0.295 1 0 0 0 0.998 -0.059 0 0.059 0.998 4600.dat
1 8 0 -2.63 -40.215 1 0 0 0 0.998 -0.059 0 0.059 0.998 3022.dat
1 8 -10 -25.402 -61.591 0 0 1 0.059 0.998 0 -0.998 0.059 0 3660.dat
1 8 10 -25.402 -61.591 0 0 -1 -0.059 0.998 0 0.998 0.059 0 3660.dat
1 8 0 -7.664 -90.587 1 0 0 0 0.998 -0.059 0 0.059 0.998 3023.dat
1 14 -10 -27.172 -31.651 -1 0 0 0 0.998 0.059 0 0.059 -0.998 4286.dat
1 14 10 -27.172 -31.651 -1 0 0 0 0.998 0.059 0 0.059 -0.998 4286.dat
1 14 10 -15.648 -91.059 0 0 -1 -0.059 0.998 0 0.998 0.059 0 4081.dat
1 14 -10 -15.648 -91.059 0 0 1 0.059 0.998 0 -0.998 0.059 0 4081.dat
1 46 -10 -5.304 -130.507 0 0 1 0.059 0.998 0 -0.998 0.059 0 6141.dat
1 46 10 -5.304 -130.507 0 0 1 0.059 0.998 0 -0.998 0.059 0 6141.dat
1 47 0 -33.976 -52.083 -1 0 0 0 0.998 0.059 0 0.059 -0.998 3023.dat
1 8 0 -35.156 -32.123 -1 0 0 0 0.998 0.059 0 0.059 -0.998 3023.dat
1 14 -10 -22.452 -111.491 1 0 0 0 0.998 -0.059 0 0.059 0.998 4070.dat
1 14 10 -22.452 -111.491 1 0 0 0 0.998 -0.059 0 0.059 0.998 4070.dat
1 8 0 -23.632 -91.531 -1 0 0 0 0.998 0.059 0 0.059 -0.998 3023.dat
1 0 0 -42.55 -42.575 -1 0 0 0 0.998 0.059 0 0.059 -0.998 3068.dat
1 0 -30 -32.796 -72.043 -1 0 0 0 0.998 0.059 0 0.059 -0.998 6141.dat
1 0 30 -32.796 -72.043 -1 0 0 0 0.998 0.059 0 0.059 -0.998 6141.dat
1 0 -10 -31.026 -101.983 0 0 -1 -0.059 0.998 0 0.998 0.059 0 2412.dat
1 0 10 -31.026 -101.983 0 0 -1 -0.059 0.998 0 0.998 0.059 0 2412.dat
1 14 30 7.08 -119.76 0 0 -1 -0.059 0.998 0 0.998 0.059 0 4624.dat
1 256 30 7.08 -119.76 0 0 -1 -0.059 0.998 0 0.998 0.059 0 3641.dat
1 14 -30 7.08 -119.76 0 0 1 0.059 0.998 0 -0.998 0.059 0 4624.dat
1 256 -30 7.08 -119.76 0 0 1 0.059 0.998 0 -0.998 0.059 0 3641.dat
1 14 -30 0 0 0 0 1 0.059 0.998 0 -0.998 0.059 0 6014.dat
1 14 30 0 0 0 0 -1 -0.059 0.998 0 0.998 0.059 0 6014.dat
1 256 36 0 0 0 0 -1 -0.059 0.998 0 0.998 0.059 0 6015.dat
1 256 -36 0 0 0 0 1 0.059 0.998 0 -0.998 0.059 0 6015.dat
1 7 50 1.608 -78.021 0 0 -1 -0.998 -0.059 0 -0.059 0.998 0 3062.dat
1 7 -50 1.608 -78.021 0 0 -1 -0.998 -0.059 0 -0.059 0.998 0 3062.dat
