0 Main
0 Name: 6880 - Surface Explorer.mpd
0 Author: LTRON
1 7 -10 0 0 0 0 1 0 1 0 -1 0 0 3702.dat
1 7 10 0 0 0 0 1 0 1 0 -1 0 0 3702.dat
1 7 0 -8 0 0 0 1 0 1 0 -1 0 0 3832.dat
1 0 0 10 0 -1 0 0 0 0 -1 0 -1 0 3707.dat
1 7 -31 10 0 0 0 -1 1 0 0 0 -1 0 3713.dat
1 7 31 10 0 0 0 1 -1 0 0 0 -1 0 3713.dat
1 256 -37 10 0 0 0 1 -1 0 0 0 -1 0 4288.dat
1 256 -69 10 0 0 0 -1 1 0 0 0 -1 0 4288.dat
1 256 37 10 0 0 0 -1 1 0 0 0 -1 0 4288.dat
1 256 69 10 0 0 0 1 -1 0 0 0 -1 0 4288.dat
1 0 0 10 -60 -1 0 0 0 0 -1 0 -1 0 3707.dat
1 7 -31 10 -60 0 0 -1 1 0 0 0 -1 0 3713.dat
1 7 31 10 -60 0 0 1 -1 0 0 0 -1 0 3713.dat
1 256 -37 10 -60 0 0 1 -1 0 0 0 -1 0 4288.dat
1 256 -69 10 -60 0 0 -1 1 0 0 0 -1 0 4288.dat
1 256 37 10 -60 0 0 -1 1 0 0 0 -1 0 4288.dat
1 256 69 10 -60 0 0 1 -1 0 0 0 -1 0 4288.dat
1 0 0 10 60 -1 0 0 0 0 -1 0 -1 0 3707.dat
1 7 -31 10 60 0 0 -1 1 0 0 0 -1 0 3713.dat
1 7 31 10 60 0 0 1 -1 0 0 0 -1 0 3713.dat
1 256 -37 10 60 0 0 1 -1 0 0 0 -1 0 4288.dat
1 256 -69 10 60 0 0 -1 1 0 0 0 -1 0 4288.dat
1 256 37 10 60 0 0 -1 1 0 0 0 -1 0 4288.dat
1 256 69 10 60 0 0 1 -1 0 0 0 -1 0 4288.dat
1 7 0 -22 -120 0 1 0 1 0 0 0 0 -1 795.dat
1 7 0 -53.6687 -144.7035 0 -1 0 0.707294 0 0.707056 -0.707056 0 0.707294 3612.dat
1 7 0 -37.0434 -202.3287 1 0 0 0 0.258585 -0.965753 0 0.965753 0.258585 4220.dat
1 7 0 -37.0434 -202.3287 1 0 0 0 0.350005 -0.9361 0 0.9361 0.350005 4221.dat
1 7 0 -37.0434 -202.3287 -1 0 0 0 -0.181257 -0.982318 0 -0.982318 0.181257 4221.dat
1 0 30 6.2862 -214.4479 0 1 0 -0.258585 0 -0.965753 -0.965753 0 0.258585 3957.dat
1 7 0 -62.3598 -186.7666 0 -1 0 0.865869 0 -0.500118 0.500118 0 0.865869 3612.dat
1 7 0 -65.2573 -164.7836 0 -1 0 0.966045 0 0.258663 -0.258663 0 0.966045 3612.dat
1 7 0 -33.592 -133.108 0 -1 0 0.259 0 0.966 -0.966 0 0.259 3612.dat
1 7 0 -22 120 1 0 0 0 1 0 0 0 1 795.dat
1 7 -3.108 -22 165.592 0.966 0 0.259 0 -1 0 0.259 0 -0.966 3612.dat
1 7 -35.2098 -22 214.9385 0.499698 0 0.866747 0 -1 0 0.866747 0 -0.499698 3613.dat
1 7 -76.5668 -28.919 226.5242 0.000635 0.258612 0.966821 0 0.966 -0.259 -1.000452 -0.000122 0.000392 4089.dat
1 14 -106.2638 -20.459 222.7196 0.000635 -0.190485 0.982087 0 0.982 0.191 -1.000452 0.000109 0.00083 3024.dat
1 7 -26.7176 -22 206.4541 0.707028 0 0.707688 0 -1 0 0.707688 0 -0.707028 3612.dat
1 7 -12.2207 -22 187.5769 0.866075 0 0.500388 0 -1 0 0.500388 0 -0.866075 3612.dat
1 7 0 -22 142 1 0 0 0 -1 0 0 0 -1 3612.dat
1 0 0 -8 110 -1 0 0 0 1 0 0 0 -1 3839.dat
1 0 0 -8 -110 1 0 0 0 1 0 0 0 1 3839.dat
1 7 0 -32 100 1 0 0 0 1 0 0 0 1 792.dat
1 7 0 -32 -100 1 0 0 0 1 0 0 0 1 792.dat
1 7 0 -32 100 1 0 0 0 1 0 0 0 1 793.dat
1 7 0 -32 -100 1 0 0 0 1 0 0 0 1 793.dat
1 7 0 -56 90 -1 0 0 0 1 0 0 0 -1 3039.dat
1 7 0 -56 -90 1 0 0 0 1 0 0 0 1 3039.dat
1 0 0 -56 60 -1 0 0 0 1 0 0 0 -1 3940.dat
1 0 0 -56 0 -1 0 0 0 1 0 0 0 -1 3940.dat
1 0 0 -56 -60 -1 0 0 0 1 0 0 0 -1 3940.dat
1 7 0 -64 0 0 0 -1 0 1 0 1 0 0 3832.dat
1 7 -10 -72 90 0 0 1 0 1 0 -1 0 0 4081.dat
1 7 10 -72 90 0 0 -1 0 1 0 1 0 0 4081.dat
1 7 0 -72 0 1 0 0 0 1 0 0 0 1 3032.dat
1 7 0 -88 -50 1 0 0 0 1 0 0 0 1 3298.dat
1 7 0 -96 -30 -1 0 0 0 1 0 0 0 -1 3039.dat
1 7 -10 -96 -50 0 0 1 0 1 0 -1 0 0 4081.dat
1 7 10 -96 -50 0 0 -1 0 1 0 1 0 0 4081.dat
1 7 0 -80 60 0 0 -1 0 1 0 1 0 0 3020.dat
1 0 -30 -70 100 1 0 0 0 -1 0 0 0 -1 3959.dat
1 0 30 -70 100 -1 0 0 0 0 -1 0 -1 0 4006.dat
1 7 -40 -80 -30 1 0 0 0 1 0 0 0 1 4175.dat
1 7 40 -80 -30 1 0 0 0 1 0 0 0 1 4175.dat
1 7 40 -80 30 -1 0 0 0 1 0 0 0 -1 4175.dat
1 7 0 -88 80 0.682 0 0.731 0 1 0 -0.731 0 0.682 3679.dat
1 7 0 -96 80 -0.682 0 -0.731 0 1 0 0.731 0 -0.682 3956.dat
1 7 14.62 -136 93.64 0 -0.731 -0.682 1 0 0 0 -0.682 0.731 3020.dat
1 7 20.468 -146 99.096 -0.682 -0.731 0 0 0 -1 0.731 -0.682 0 3839.dat
1 7 20.468 -166 99.096 0.682 -0.731 0 0 0 1 -0.731 -0.682 0 3839.dat
1 7 8.772 -156 88.184 0.682 -0.731 0 0 0 1 -0.731 -0.682 0 4285.dat
1 0 -20.86 -156 49.6 -0.731 -0.682 0 0 0 1 -0.682 0.731 0 4360.dat
1 7 0 -88 80 -1 0 0 0 1 0 0 0 -1 3680.dat
1 7 40 -88 30 -1 0 0 0 1 0 0 0 -1 3829.dat
1 7 -40 -88 -30 1 0 0 0 1 0 0 0 1 3829.dat
1 7 -30 -94 -128 -1 0 0 0 0 -1 0 -1 0 3957.dat
1 7 30 -94 -128 -1 0 0 0 0 -1 0 -1 0 3957.dat
1 36 -30 -94 -136 -1 0 0 0 0 -1 0 -1 0 3062.dat
1 36 30 -94 -136 -1 0 0 0 0 -1 0 -1 0 3062.dat
1 14 -149 27 185 1 0 0 0 1 0 0 0 1 3024.dat
