0 
0 Name: New Model.ldr
0 Author: 
1 320 348 -57 180 0.7071 0 0.7071 0 1 0 -0.7071 0 0.7071 85983.dat
1 0 305.574 -15.5 137.574 0.7071 0 0.7071 0 1 0 -0.7071 0 0.7071 50859bc01.dat
1 320 273.4009 -73 105.4009 0.7071 0.7071 0 0 0 -1 -0.7071 0.7071 0 3023.dat
1 47 274.8152 -73 92.6731 0.7071 0.7071 0 0 0 -1 -0.7071 0.7071 0 6141.dat
1 47 260.6732 -73 106.8151 0.7071 0.7071 0 0 0 -1 -0.7071 0.7071 0 6141.dat
1 72 348 -65 180 0.7071 0 -0.7071 0 1 0 0.7071 0 0.7071 60478.dat
1 72 375.3788 -44.8902 207.3788 0.7071 -0.664462 0.241828 0 0.342 0.9397 -0.7071 -0.664462 0.241828 61252.dat
1 0 340.929 -73 172.929 0.7071 0 -0.7071 0 1 0 0.7071 0 0.7071 4085.dat
1 0 355.071 -73 187.071 -0.7071 0 0.7071 0 1 0 -0.7071 0 -0.7071 4085.dat
1 36 380.6944 -47.6263 212.6944 -0.241828 -0.664462 0.7071 -0.9397 0.342 0 -0.241828 -0.664462 -0.7071 6141.dat
1 72 362.142 -95 165.858 0.7071 0.7071 0 0 0 -1 -0.7071 0.7071 0 30141.dat
1 4 335.2722 -93 206.8698 0.7071 0 -0.7071 0 1 0 0.7071 0 0.7071 64728.dat
