0 Main
0 Name: 4896 - Roaring Roadsters - Dragster.mpd
0 Author: LTRON
1 71 10 20.946 0.017 0 0 -1 -0.035 0.999 0 0.999 0.035 0 32018.dat
1 0 0 28.136 80.287 1 0 0 0 0.999 -0.035 0 0.035 0.999 2780.dat
1 0 0 33.736 -79.553 1 0 0 0 0.999 -0.035 0 0.035 0.999 2780.dat
1 71 -10 20.946 0.017 0 0 -1 -0.035 0.999 0 0.999 0.035 0 32018.dat
1 1 -20 28.836 60.307 -1 0 0 0 0.999 0.035 0 0.035 -0.999 4274.dat
1 1 -20 31.636 -19.613 -1 0 0 0 0.999 0.035 0 0.035 -0.999 4274.dat
1 1 20 31.636 -19.613 1 0 0 0 0.999 -0.035 0 0.035 0.999 4274.dat
1 1 20 28.836 60.307 1 0 0 0 0.999 -0.035 0 0.035 0.999 4274.dat
1 0 20 27.436 100.267 1 0 0 0 0.999 -0.035 0 0.035 0.999 2780.dat
1 0 20 26.736 120.247 1 0 0 0 0.999 -0.035 0 0.035 0.999 2780.dat
1 0 -20 26.736 120.247 1 0 0 0 0.999 -0.035 0 0.035 0.999 2780.dat
1 0 -20 27.436 100.267 1 0 0 0 0.999 -0.035 0 0.035 0.999 2780.dat
1 71 -30 13.246 219.797 0 0 -1 -0.035 0.999 0 0.999 0.035 0 32018.dat
1 1 -40 26.036 140.227 -1 0 0 0 0.999 0.035 0 0.035 -0.999 4274.dat
1 1 -40 24.636 180.187 -1 0 0 0 0.999 0.035 0 0.035 -0.999 4274.dat
1 1 -40 23.236 220.147 -1 0 0 0 0.999 0.035 0 0.035 -0.999 4274.dat
1 1 -40 20.436 300.067 -1 0 0 0 0.999 0.035 0 0.035 -0.999 4274.dat
1 71 -10 7.646 379.637 0 0 -1 -0.035 0.999 0 0.999 0.035 0 3702.dat
1 0 0 16.236 419.947 1 0 0 0 0.999 -0.035 0 0.035 0.999 2780.dat
1 71 10 7.646 379.637 0 0 -1 -0.035 0.999 0 0.999 0.035 0 3702.dat
1 0 20 15.536 439.927 1 0 0 0 0.999 -0.035 0 0.035 0.999 2780.dat
1 0 20 16.236 419.947 1 0 0 0 0.999 -0.035 0 0.035 0.999 2780.dat
1 0 20 19.036 340.027 1 0 0 0 0.999 -0.035 0 0.035 0.999 2780.dat
1 0 20 19.736 320.047 1 0 0 0 0.999 -0.035 0 0.035 0.999 2780.dat
1 0 -20 19.736 320.047 1 0 0 0 0.999 -0.035 0 0.035 0.999 2780.dat
1 0 -20 19.036 340.027 1 0 0 0 0.999 -0.035 0 0.035 0.999 2780.dat
1 0 -20 16.236 419.947 1 0 0 0 0.999 -0.035 0 0.035 0.999 2780.dat
1 0 -20 15.536 439.927 1 0 0 0 0.999 -0.035 0 0.035 0.999 2780.dat
1 71 30 13.246 219.797 0 0 -1 -0.035 0.999 0 0.999 0.035 0 32018.dat
1 71 -30 4.146 479.537 0 0 -1 -0.035 0.999 0 0.999 0.035 0 3702.dat
1 0 -20 12.036 539.827 1 0 0 0 0.999 -0.035 0 0.035 0.999 2780.dat
1 0 -20 12.736 519.847 1 0 0 0 0.999 -0.035 0 0.035 0.999 2780.dat
1 71 -10 11.336 559.807 0 -1 0 0.999 0 -0.035 0.035 0 0.999 32316.dat
1 71 10 11.336 559.807 0 -1 0 0.999 0 -0.035 0.035 0 0.999 32316.dat
1 0 20 12.036 539.827 1 0 0 0 0.999 -0.035 0 0.035 0.999 2780.dat
1 0 20 12.736 519.847 1 0 0 0 0.999 -0.035 0 0.035 0.999 2780.dat
1 71 30 4.146 479.537 0 0 -1 -0.035 0.999 0 0.999 0.035 0 3702.dat
1 1 40 20.436 300.067 1 0 0 0 0.999 -0.035 0 0.035 0.999 4274.dat
1 1 40 23.236 220.147 1 0 0 0 0.999 -0.035 0 0.035 0.999 4274.dat
1 1 40 24.636 180.187 1 0 0 0 0.999 -0.035 0 0.035 0.999 4274.dat
1 1 40 26.036 140.227 1 0 0 0 0.999 -0.035 0 0.035 0.999 4274.dat
1 0 0 28.122 480.377 1 0 0 0 0.999 -0.035 0 0.035 0.999 3031.dat
1 0 -30 26.022 540.317 0 0 1 0.035 0.999 0 -0.999 0.035 0 3023.dat
1 0 30 26.022 540.317 0 0 1 0.035 0.999 0 -0.999 0.035 0 3023.dat
1 0 0 32.322 360.497 0 0 1 0.035 0.999 0 -0.999 0.035 0 3035.dat
1 0 0 37.922 200.657 0 0 1 0.035 0.999 0 -0.999 0.035 0 3035.dat
1 0 0 46.322 -39.103 0 0 -1 -0.035 0.999 0 0.999 0.035 0 3034.dat
1 0 20 42.122 80.777 1 0 0 0 0.999 -0.035 0 0.035 0.999 41770.dat
1 0 -20 42.122 80.777 1 0 0 0 0.999 -0.035 0 0.035 0.999 41769.dat
1 4 0 31.68 150.427 1 0 0 0 0.999 -0.035 0 0.035 0.999 3023.dat
1 4 0 19.78 490.087 1 0 0 0 0.999 -0.035 0 0.035 0.999 3023.dat
1 72 0 28.88 230.347 0 0 1 0.035 0.999 0 -0.999 0.035 0 3021.dat
1 0 0 9.936 599.767 -1 0 0 0 0.999 0.035 0 0.035 -0.999 3708.dat
1 71 -30 9.936 599.767 0 0 -1 -0.035 0.999 0 0.999 0.035 0 32270.dat
1 71 -50 9.936 599.767 0 0 -1 -0.035 0.999 0 0.999 0.035 0 32270.dat
1 71 -70 9.936 599.767 0 0 -1 -0.035 0.999 0 0.999 0.035 0 3713.dat
1 71 30 9.936 599.767 0 0 -1 -0.035 0.999 0 0.999 0.035 0 32270.dat
1 71 50 9.936 599.767 0 0 -1 -0.035 0.999 0 0.999 0.035 0 32270.dat
1 71 70 9.936 599.767 0 0 1 0.035 0.999 0 -0.999 0.035 0 3713.dat
1 0 0 21.238 220.077 0 0 1 0.035 0.999 0 -0.999 0.035 0 3022.dat
1 0 0 20.188 250.047 -1 0 0 0 0.999 0.035 0 0.035 -0.999 48336.dat
1 72 0 14.996 169.847 1 0 0 0 0.999 -0.035 0 0.035 0.999 3937.dat
1 72 0 -4.196 489.247 -1 0 0 0 0.999 0.035 0 0.035 -0.999 3660.dat
1 4 0 13.596 209.807 -1 0 0 0 0.999 0.035 0 0.035 -0.999 3069.dat
1 4 0 12.546 239.777 -1 0 0 0 0.999 0.035 0 0.035 -0.999 3068.dat
1 72 30 7.646 379.637 0 0 -1 -0.035 0.999 0 0.999 0.035 0 3937.dat
1 72 -30 7.646 379.637 0 0 1 0.035 0.999 0 -0.999 0.035 0 3937.dat
1 0 -30 -5.946 539.197 0 0 -1 -0.035 0.999 0 0.999 0.035 0 44301.dat
1 0 30 -5.946 539.197 0 0 -1 -0.035 0.999 0 0.999 0.035 0 44301.dat
1 0 -30 -4.196 489.247 0 0 -1 -0.035 0.999 0 0.999 0.035 0 3623.dat
1 0 30 -4.196 489.247 0 0 -1 -0.035 0.999 0 0.999 0.035 0 3623.dat
1 0 -38.387 12.1954 379.7964 0 0.839 0.545 0.035 0.544455 -0.838161 -0.999 0.019075 -0.029365 6134.dat
1 0 38.387 12.1954 379.7964 0 -0.839 -0.545 -0.035 0.544455 -0.838161 0.999 0.019075 -0.029365 6134.dat
1 72 0 -12.188 488.967 1 0 0 0 0.999 -0.035 0 0.035 0.999 3710.dat
1 72 0 -12.888 508.947 -1 0 0 0 0.999 0.035 0 0.035 -0.999 44567.dat
1 80 -45.096 7.8418 379.6439 0 0.839 -0.545 -0.035 0.544455 0.838161 0.999 0.019075 0.029365 2412.dat
1 80 -34.203 -8.9144 379.0568 0 0.839 -0.545 -0.035 0.544455 0.838161 0.999 0.019075 0.029365 2412.dat
1 80 34.203 -8.9144 379.0568 0 -0.839 -0.545 -0.035 0.544455 -0.838161 0.999 0.019075 -0.029365 2412.dat
1 80 45.096 7.8418 379.6439 0 -0.839 -0.545 -0.035 0.544455 -0.838161 0.999 0.019075 -0.029365 2412.dat
1 0 0 -44.9171 612.7766 0 0 1 0.430696 0.902118 0 -0.902118 0.430696 0 3460.dat
1 72 0 -47.8271 600.3099 -1 0 0 0 0.902118 0.430696 0 0.430696 -0.902118 3623.dat
1 72 0 -60.748 627.3734 0 0 -1 -0.430696 0.902118 0 0.902118 0.430696 0 3023.dat
1 72 0 -39.2132 582.2675 0 0 -1 -0.430696 0.902118 0 0.902118 0.430696 0 3024.dat
1 72 0 -77.9758 663.4581 0 0 -1 -0.430696 0.902118 0 0.902118 0.430696 0 44302.dat
1 72 0 -26.2923 555.204 0 0 1 0.430696 0.902118 0 -0.902118 0.430696 0 44302.dat
1 0 0 -59.351 605.8854 0 0 1 0.430696 0.902118 0 -0.902118 0.430696 0 4162.dat
1 0 0 -24.7793 589.1586 1 0 0 0 0.902118 -0.430696 0 0.430696 0.902118 3665.dat
1 71 0 4.6403 736.3044 -1 0 0 0 0.051983 -0.998405 0 -0.998405 -0.051983 75535.dat
1 19 -20 4.6403 736.3044 -1 0 0 0 0.051983 -0.998405 0 -0.998405 -0.051983 3749.dat
1 19 20 4.6403 736.3044 1 0 0 0 0.051983 0.998405 0 -0.998405 0.051983 3749.dat
1 71 -25 -35.2959 734.2251 0 -1 0 0.051983 0 0.998405 -0.998405 0 0.051983 32017.dat
1 14 -35 4.6403 736.3044 0 0 1 0.051983 0.998405 0 -0.998405 0.051983 0 32123.dat
1 14 35 4.6403 736.3044 0 0 1 0.051983 0.998405 0 -0.998405 0.051983 0 32123.dat
1 0 0 -75.2321 732.1458 -1 0 0 0 0.998405 0.051983 0 0.051983 -0.998405 3706.dat
1 71 -40 -75.2321 732.1458 0 0 -1 0.998405 0.051983 0 0.051983 -0.998405 0 3713.dat
1 72 -10 -84.6963 721.6418 0 0 -1 -0.051983 0.998405 0 0.998405 0.051983 0 32000.dat
1 72 10 -84.6963 721.6418 0 0 -1 -0.051983 0.998405 0 0.998405 0.051983 0 32000.dat
1 0 0 -60.7346 722.8895 0 0 -1 -0.051983 0.998405 0 0.998405 0.051983 0 3022.dat
1 71 25 -35.2959 734.2251 0 -1 0 0.051983 0 0.998405 -0.998405 0 0.051983 32017.dat
1 71 40 -75.2321 732.1458 0 0 1 -0.998405 0.051983 0 -0.051983 -0.998405 0 3713.dat
1 72 0 -93.2034 731.2101 1 0 0 0 0.998405 -0.051983 0 0.051983 0.998405 3794.dat
1 72 0 -92.1637 711.2419 1 0 0 0 0.998405 -0.051983 0 0.051983 0.998405 44567.dat
1 80 0 -101.1906 730.7942 1 0 0 0 0.998405 -0.051983 0 0.051983 0.998405 6141.dat
1 36 0 -109.1779 730.3783 1 0 0 0 0.998405 -0.051983 0 0.051983 0.998405 4740.dat
1 0 30 -14.3617 572.7368 1 0 0 0 0.350277 -0.936481 0 0.936481 0.350277 30553.dat
1 0 -30 -14.3617 572.7368 1 0 0 0 0.350277 -0.936481 0 0.936481 0.350277 30553.dat
1 0 30 -89.2693 600.7343 0 0 1 0.936481 0.350277 0 -0.350277 0.936481 0 3707.dat
1 0 -30 -89.2693 600.7343 0 0 1 0.936481 0.350277 0 -0.350277 0.936481 0 3707.dat
1 0 -10 -17.73 418.757 0 0 -1 -0.035 0.999 0 0.999 0.035 0 3009.dat
1 0 10 -17.73 418.757 0 0 -1 -0.035 0.999 0 0.999 0.035 0 3009.dat
1 0 30 -17.38 408.767 0 0 -1 -0.035 0.999 0 0.999 0.035 0 4070.dat
1 0 30 -18.78 448.727 0 0 -1 -0.035 0.999 0 0.999 0.035 0 4070.dat
1 0 -30 -18.78 448.727 0 0 1 0.035 0.999 0 -0.999 0.035 0 4070.dat
1 0 -30 -17.38 408.767 0 0 1 0.035 0.999 0 -0.999 0.035 0 4070.dat
1 80 44 -7.39 409.117 0 -1 0 0.035 0 0.999 -0.999 0 0.035 6141.dat
1 80 44 -8.79 449.077 0 -1 0 0.035 0 0.999 -0.999 0 0.035 6141.dat
1 80 -44 -8.79 449.077 0 1 0 -0.035 0 0.999 0.999 0 0.035 6141.dat
1 80 -44 -7.39 409.117 0 1 0 -0.035 0 0.999 0.999 0 0.035 6141.dat
1 0 -30 -28.872 508.387 -1 0 0 0 0.999 0.035 0 0.035 -0.999 50950.dat
1 0 30 -28.872 508.387 -1 0 0 0 0.999 0.035 0 0.035 -0.999 50950.dat
1 71 0 -20.53 498.677 -1 0 0 0 0.999 0.035 0 0.035 -0.999 4032.dat
1 0 -10 0.704 349.387 -1 0 0 0 0.999 0.035 0 0.035 -0.999 2420.dat
1 0 10 0.704 349.387 0 0 1 0.035 0.999 0 -0.999 0.035 0 2420.dat
1 0 -30 1.404 329.407 0 0 1 0.035 0.999 0 -0.999 0.035 0 4085.dat
1 0 30 1.404 329.407 0 0 -1 -0.035 0.999 0 0.999 0.035 0 4085.dat
1 0 52 -8.09 429.097 0 -1 0 0.035 0 0.999 -0.999 0 0.035 3623.dat
1 0 -52 -8.09 429.097 0 1 0 -0.035 0 0.999 0.999 0 0.035 3623.dat
1 72 0 -25.372 408.487 0 0 -1 -0.035 0.999 0 0.999 0.035 0 3021.dat
1 72 0 -6.938 339.117 1 0 0 0 0.999 -0.035 0 0.035 0.999 3020.dat
1 0 -10 -50.048 427.627 0 0 1 0.035 0.999 0 -0.999 0.035 0 4070.dat
1 80 -24 -40.058 427.977 0 1 0 -0.035 0 0.999 0.999 0 0.035 6141.dat
1 0 -10 -49.348 407.647 0 0 1 0.035 0.999 0 -0.999 0.035 0 4070.dat
1 80 -24 -39.358 407.997 0 1 0 -0.035 0 0.999 0.999 0 0.035 6141.dat
1 0 10 -49.348 407.647 0 0 -1 -0.035 0.999 0 0.999 0.035 0 4070.dat
1 80 24 -39.358 407.997 0 -1 0 0.035 0 0.999 -0.999 0 0.035 6141.dat
1 0 10 -50.048 427.627 0 0 -1 -0.035 0.999 0 0.999 0.035 0 4070.dat
1 80 24 -40.058 427.977 0 -1 0 0.035 0 0.999 -0.999 0 0.035 6141.dat
1 0 20 -6.938 339.117 0 0 -1 -0.035 0.999 0 0.999 0.035 0 30602.dat
1 0 -20 -6.938 339.117 0 0 1 0.035 0.999 0 -0.999 0.035 0 30602.dat
1 71 0 -32.664 388.227 -1 0 0 0 0.999 0.035 0 0.035 -0.999 2412.dat
1 383 -82 -7.39 409.117 0 0 1 0.882634 0.46919 0 -0.46919 0.882634 0 71076.dat
1 383 -82 -8.79 449.077 0 0 1 0.882634 0.46919 0 -0.46919 0.882634 0 71076.dat
1 383 82 -8.79 449.077 0 0 -1 0.882634 -0.46919 0 -0.46919 -0.882634 0 71076.dat
1 383 82 -7.39 409.117 0 0 -1 0.882634 -0.46919 0 -0.46919 -0.882634 0 71076.dat
1 0 68.28 4.5413 354.0555 0.743 -0.669 0 -0.023415 -0.026005 -0.999 0.668331 0.742257 -0.035 3022.dat
1 72 66.202 4.9835 341.4341 0 -0.669 0.743 0.999 -0.026005 -0.023415 0.035 0.742257 0.668331 2540.dat
1 0 95.922 4.0469 368.1673 0 -0.669 -0.743 -0.999 -0.026005 0.023415 -0.035 0.742257 -0.668331 43723.dat
1 0 86.414 4.7233 348.8627 0 -0.669 -0.743 -0.999 -0.026005 0.023415 -0.035 0.742257 -0.668331 43723.dat
1 0 -68.28 4.5413 354.0555 0.743 0.669 0 0.023415 -0.026005 -0.999 -0.668331 0.742257 -0.035 3022.dat
1 72 -66.202 4.9835 341.4341 0 0.669 -0.743 -0.999 -0.026005 -0.023415 -0.035 0.742257 0.668331 2540.dat
1 0 -95.922 4.0469 368.1673 0 0.669 0.743 0.999 -0.026005 0.023415 0.035 0.742257 -0.668331 43722.dat
1 0 -86.414 4.7233 348.8627 0 0.669 0.743 0.999 -0.026005 0.023415 0.035 0.742257 -0.668331 43722.dat
1 0 0 -58.39 437.337 0 0 -1 -0.035 0.999 0 0.999 0.035 0 3795.dat
1 0 0 -55.94 367.407 -1 0 0 0 0.999 0.035 0 0.035 -0.999 3023.dat
1 80 0 -88.258 376.277 1 0 0 0 0.999 -0.035 0 0.035 0.999 50943.dat
1 0 10 -82.366 436.497 0 0 -1 -0.035 0.999 0 0.999 0.035 0 30414.dat
1 0 -10 -82.366 436.497 0 0 1 0.035 0.999 0 -0.999 0.035 0 30414.dat
1 0 -10 -84.116 486.447 1 0 0 0 0.999 -0.035 0 0.035 0.999 6541.dat
1 0 -10 -74.476 496.787 0 0 1 0.035 0.999 0 -0.999 0.035 0 2780.dat
1 71 -10 -75.176 516.767 0 0 1 0.035 0.999 0 -0.999 0.035 0 75535.dat
1 0 10 -84.116 486.447 1 0 0 0 0.999 -0.035 0 0.035 0.999 6541.dat
1 71 10 -75.176 516.767 0 0 1 0.035 0.999 0 -0.999 0.035 0 75535.dat
1 0 10 -74.476 496.787 0 0 1 0.035 0.999 0 -0.999 0.035 0 2780.dat
1 72 0 -90.008 426.227 0 0 1 0.035 0.999 0 -0.999 0.035 0 3021.dat
1 0 0 -96.95 395.977 0 0 1 0.035 0.999 0 -0.999 0.035 0 3020.dat
1 0 -10 -107.392 465.627 -1 0 0 0 0.999 0.035 0 0.035 -0.999 50950.dat
1 0 10 -107.392 465.627 -1 0 0 0 0.999 0.035 0 0.035 -0.999 50950.dat
1 4 0 -104.942 395.697 -1 0 0 0 0.999 0.035 0 0.035 -0.999 3068.dat
1 0 0 -105.992 425.667 -1 0 0 0 0.999 0.035 0 0.035 -0.999 3794.dat
1 80 0 -103.892 365.727 -1 0 0 0 0.999 0.035 0 0.035 -0.999 2412.dat
1 0 44 -70.976 396.887 0 -1 0 -0.999 0 0.035 -0.035 0 -0.999 41748.dat
1 0 -44 -70.976 396.887 0 1 0 0.999 0 0.035 0.035 0 -0.999 41747.dat
1 72 0 -191.5248 631.5994 1 0 0 0 0.999465 -0.035016 0 0.035016 0.999465 2445.dat
1 4 -80 -199.8666 641.3134 1 0 0 0 0.999465 -0.035016 0 0.035016 0.999465 3023.dat
1 4 -40 -199.8666 641.3134 1 0 0 0 0.999465 -0.035016 0 0.035016 0.999465 3023.dat
1 4 40 -199.8666 641.3134 1 0 0 0 0.999465 -0.035016 0 0.035016 0.999465 3023.dat
1 4 80 -199.8666 641.3134 1 0 0 0 0.999465 -0.035016 0 0.035016 0.999465 3023.dat
1 72 0 -215.8544 640.7571 1 0 0 0 0.999465 -0.035016 0 0.035016 0.999465 3039.dat
1 72 110 -215.5067 630.7645 0 0 -1 -0.035016 0.999465 0 0.999465 0.035016 0 3937.dat
1 72 -110 -215.5067 630.7645 0 0 1 0.035016 0.999465 0 -0.999465 0.035016 0 3937.dat
1 0 -90 -215.1586 620.7728 1 0 0 0 0.999465 -0.035016 0 0.035016 0.999465 50950.dat
1 0 -70 -215.1586 620.7728 1 0 0 0 0.999465 -0.035016 0 0.035016 0.999465 50950.dat
1 0 -50 -215.1586 620.7728 1 0 0 0 0.999465 -0.035016 0 0.035016 0.999465 50950.dat
1 0 -30 -215.1586 620.7728 1 0 0 0 0.999465 -0.035016 0 0.035016 0.999465 50950.dat
1 0 30 -215.1586 620.7728 1 0 0 0 0.999465 -0.035016 0 0.035016 0.999465 50950.dat
1 0 50 -215.1586 620.7728 1 0 0 0 0.999465 -0.035016 0 0.035016 0.999465 50950.dat
1 0 70 -215.1586 620.7728 1 0 0 0 0.999465 -0.035016 0 0.035016 0.999465 50950.dat
1 0 90 -215.1586 620.7728 1 0 0 0 0.999465 -0.035016 0 0.035016 0.999465 50950.dat
1 4 0 -223.8481 640.4795 1 0 0 0 0.999465 -0.035016 0 0.035016 0.999465 2431.dat
1 4 -60 -183.5311 631.8771 1 0 0 0 0.999465 -0.035016 0 0.035016 0.999465 2444.dat
1 4 60 -183.5311 631.8771 -1 0 0 0 0.999465 0.035016 0 0.035016 -0.999465 2444.dat
1 0 -40 -173.5384 632.2248 -1 0 0 0 0.999465 0.035016 0 0.035016 -0.999465 2780.dat
1 0 40 -173.5384 632.2248 -1 0 0 0 0.999465 0.035016 0 0.035016 -0.999465 2780.dat
1 0 -30 -173.5384 632.2248 -1 0 0 0 -0.350277 -0.936481 0 -0.936481 0.350277 32013.dat
1 0 30 -173.5384 632.2248 -1 0 0 0 -0.350277 -0.936481 0 -0.936481 0.350277 32013.dat
1 0 -136.87 -203.7534 621.1697 0 0.707 0.707 0.035016 0.706447 -0.706447 -0.999465 0.025055 -0.025055 2450.dat
1 0 -149.596 -202.3405 621.2198 0.707 0.707 0 -0.706447 0.706447 -0.035016 -0.025055 0.025055 0.999465 43722.dat
1 0 -121.316 -230.2482 610.2229 0.707 0.707 0 -0.706447 0.706447 -0.035016 -0.025055 0.025055 0.999465 41770.dat
1 4 -134.042 -229.8858 640.257 -0.707 0.707 0 0.706447 0.706447 0.035016 0.025055 0.025055 -0.999465 2420.dat
1 0 -117.074 -212.5809 630.8636 0 0.707 -0.707 -0.035016 0.706447 0.706447 0.999465 0.025055 0.025055 6134.dat
1 0 136.87 -203.7534 621.1697 0.707 -0.707 0 0.706447 0.706447 -0.035016 0.025055 0.025055 0.999465 2450.dat
1 0 121.316 -230.2482 610.2229 0.707 -0.707 0 0.706447 0.706447 -0.035016 0.025055 0.025055 0.999465 41769.dat
1 0 149.596 -202.3405 621.2198 0.707 -0.707 0 0.706447 0.706447 -0.035016 0.025055 0.025055 0.999465 43723.dat
1 4 134.042 -229.8858 640.257 0 -0.707 0.707 0.035016 0.706447 0.706447 -0.999465 0.025055 0.025055 2420.dat
1 0 117.074 -212.5809 630.8636 0 -0.707 0.707 0.035016 0.706447 0.706447 -0.999465 0.025055 0.025055 6134.dat
1 0 44 28.836 60.307 0 -1 0 0.999 0 -0.035 0.035 0 0.999 42022.dat
1 0 -44 28.836 60.307 0 1 0 -0.999 0 -0.035 -0.035 0 0.999 42022.dat
1 4 -44 28.486 70.297 0 1 0 -0.999 0 -0.035 -0.035 0 0.999 54200.dat
1 4 44 28.486 70.297 0 -1 0 0.999 0 -0.035 0.035 0 0.999 54200.dat
1 0 48 26.036 140.227 0 -1 0 0.035 0 0.999 -0.999 0 0.035 3666.dat
1 0 -48 26.036 140.227 0 1 0 0.035 0 -0.999 -0.999 0 -0.035 3666.dat
1 0 64 20.436 300.067 0 -1 0 0.999 0 -0.035 0.035 0 0.999 42022.dat
1 0 -64 20.436 300.067 0 1 0 -0.999 0 -0.035 -0.035 0 0.999 42022.dat
1 72 -30 8.404 129.607 1 0 0 0 0.999 -0.035 0 0.035 0.999 2420.dat
1 72 -30 6.654 179.557 0 0 1 0.035 0.999 0 -0.999 0.035 0 3023.dat
1 72 -20 10.154 79.657 0 0 1 0.035 0.999 0 -0.999 0.035 0 3020.dat
1 72 -20 12.954 -0.263 1 0 0 0 0.999 -0.035 0 0.035 0.999 41769.dat
1 72 -30 -13.53 298.877 1 0 0 0 0.999 -0.035 0 0.035 0.999 41747.dat
1 72 0 -7.8309 297.9404 0 0 1 0.819271 0.573433 0 -0.573433 0.819271 0 3021.dat
1 4 10 3.9671 279.9176 1 0 0 0 0.573433 -0.819271 0 0.819271 0.573433 6019.dat
1 4 -10 3.9671 279.9176 1 0 0 0 0.573433 -0.819271 0 0.819271 0.573433 6019.dat
1 0 0 -12.4184 291.3862 1 0 0 0 0.573433 -0.819271 0 0.819271 0.573433 3023.dat
1 4 0 -28.8038 302.8549 -1 0 0 0 0.573433 0.819271 0 0.819271 -0.573433 2540.dat
1 4 0 -33.3913 296.3007 -1 0 0 0 0.573433 0.819271 0 0.819271 -0.573433 3069.dat
1 4 0 -8.8131 279.0977 -1 0 0 0 0.573433 0.819271 0 0.819271 -0.573433 3068.dat
1 72 0 -7.5966 166.5209 0 0 -1 -0.694336 0.718842 0 0.718842 0.694336 0 3021.dat
1 4 0 -13.3473 160.9662 1 0 0 0 0.718842 -0.694336 0 0.694336 0.718842 3069.dat
1 72 0 -27.2341 175.343 1 0 0 0 0.718842 -0.694336 0 0.694336 0.718842 3794.dat
1 72 0 0.5394 146.5894 1 0 0 0 0.718842 -0.694336 0 0.694336 0.718842 3794.dat
1 4 0 -8.7892 179.264 0 0 -1 -0.694336 0.718842 0 0.718842 0.694336 0 2444.dat
1 4 0 12.0408 157.6987 1 0 0 0 0.718842 -0.694336 0 0.694336 0.718842 3023.dat
1 0 0 17.7916 163.2534 1 0 0 0 0.718842 -0.694336 0 0.694336 0.718842 6134.dat
1 19 0 -15.4875 200.5842 0 0 -1 -0.694336 0.718842 0 0.718842 0.694336 0 3749.dat
1 71 0 -32.1516 217.8364 1 0 0 0 0.694336 0.718842 0 -0.718842 0.694336 2819.dat
1 72 20 12.954 -0.263 1 0 0 0 0.999 -0.035 0 0.035 0.999 41770.dat
1 72 20 10.154 79.657 0 0 1 0.035 0.999 0 -0.999 0.035 0 3020.dat
1 72 30 8.404 129.607 0 0 -1 -0.035 0.999 0 0.999 0.035 0 2420.dat
1 72 30 6.654 179.557 0 0 1 0.035 0.999 0 -0.999 0.035 0 3023.dat
1 72 30 -13.53 298.877 1 0 0 0 0.999 -0.035 0 0.035 0.999 41748.dat
1 0 0 51.922 -198.943 0 0 1 0.035 0.999 0 -0.999 0.035 0 3034.dat
1 72 -10 2.862 59.397 0 0 1 0.035 0.999 0 -0.999 0.035 0 4162.dat
1 72 10 2.862 59.397 0 0 1 0.035 0.999 0 -0.999 0.035 0 4162.dat
1 4 0 26.196 -149.833 -1 0 0 0 0.999 0.035 0 0.035 -0.999 3700.dat
1 0 -10 27.946 -199.783 0 0 1 0.035 0.999 0 -0.999 0.035 0 30414.dat
1 0 10 27.946 -199.783 0 0 -1 -0.035 0.999 0 0.999 0.035 0 30414.dat
1 0 0 57.522 -358.783 0 0 1 0.035 0.999 0 -0.999 0.035 0 3034.dat
1 72 -10 31.446 -299.683 0 0 1 0.035 0.999 0 -0.999 0.035 0 3894.dat
1 72 10 31.446 -299.683 0 0 1 0.035 0.999 0 -0.999 0.035 0 3894.dat
1 0 0 34.246 -379.603 1 0 0 0 0.999 -0.035 0 0.035 0.999 44126.dat
1 0 28 40.036 -259.373 0 -1 0 -0.035 0 -0.999 0.999 0 -0.035 6636.dat
1 0 28 35.136 -119.513 0 -1 0 -0.035 0 -0.999 0.999 0 -0.035 4162.dat
1 0 -28 35.136 -119.513 0 1 0 -0.035 0 0.999 0.999 0 0.035 4162.dat
1 0 -28 40.036 -259.373 0 1 0 -0.035 0 0.999 0.999 0 0.035 6636.dat
1 72 0 18.554 -160.103 0 0 -1 -0.035 0.999 0 0.999 0.035 0 2445.dat
1 72 -10 24.854 -339.923 0 0 -1 -0.035 0.999 0 0.999 0.035 0 3666.dat
1 72 10 24.854 -339.923 0 0 -1 -0.035 0.999 0 0.999 0.035 0 3666.dat
1 0 0 16.512 -330.213 1 0 0 0 0.999 -0.035 0 0.035 0.999 3069.dat
1 0 -2 42.836 -339.293 1 0 0 0 0.999 -0.035 0 0.035 0.999 3707.dat
1 71 -40 42.836 -339.293 1 0 0 0 0.999 -0.035 0 0.035 0.999 75535.dat
1 71 -65 42.836 -339.293 0 0 1 0.035 0.999 0 -0.999 0.035 0 4185.dat
1 256 -65 42.836 -339.293 0 0 1 0.035 0.999 0 -0.999 0.035 0 2815.dat
1 71 40 42.836 -339.293 -1 0 0 0 0.999 0.035 0 0.035 -0.999 75535.dat
1 71 65 42.836 -339.293 0 0 -1 -0.035 0.999 0 0.999 0.035 0 4185.dat
1 256 65 42.836 -339.293 0 0 -1 -0.035 0.999 0 0.999 0.035 0 2815.dat
1 71 100 9.936 599.767 0 0 -1 -0.035 0.999 0 0.999 0.035 0 41896.dat
1 71 -100 9.936 599.767 0 0 1 0.035 0.999 0 -0.999 0.035 0 41896.dat
1 256 100 9.936 599.767 0 0 -1 -0.035 0.999 0 0.999 0.035 0 41897.dat
1 256 -100 9.936 599.767 0 0 1 0.035 0.999 0 -0.999 0.035 0 41897.dat
