0 
0 Name: New Model.ldr
0 Author: 
1 1 230 16 -580 0.866 0 -0.5 0 1 0 0.5 0 0.866 3832.dat
1 0 281.96 24 -550 -0.5 0 -0.866 0 1 0 0.866 0 -0.5 4600.dat
1 0 195.36 24 -600 -0.5 0 -0.866 0 1 0 0.866 0 -0.5 4600.dat
1 0 160.72 8 -620 -0.5 0 -0.866 0 1 0 0.866 0 -0.5 3020.dat
1 0 221.34 8 -585 -0.5 0 -0.866 0 1 0 0.866 0 -0.5 3710.dat
1 0 247.32 8 -570 -0.5 0 -0.866 0 1 0 0.866 0 -0.5 3020.dat
1 0 307.94 8 -535 -0.5 0 -0.866 0 1 0 0.866 0 -0.5 3839.dat
1 0 281.96 0 -550 -0.5 0 -0.866 0 1 0 0.866 0 -0.5 3788.dat
1 1 169.38 0 -615 -0.5 0 -0.866 0 1 0 0.866 0 -0.5 3023.dat
1 1 210.36 0 -625.98 0.866 0 -0.5 0 1 0 0.5 0 0.866 3666.dat
1 1 180.36 0 -574.02 0.866 0 -0.5 0 1 0 0.5 0 0.866 3666.dat
1 36 270.98 0 -590.98 0.866 0 -0.5 0 1 0 0.5 0 0.866 6141.dat
1 36 240.98 0 -539.02 0.866 0 -0.5 0 1 0 0.5 0 0.866 6141.dat
1 1 290.62 0 -545 -0.5 0 -0.866 0 1 0 0.866 0 -0.5 4598.dat
1 0 257.712 -30 -564 0.5 -0.866 0 0 0 1 -0.866 -0.5 0 4590.dat
1 0 169.38 -8 -615 0.5 0 0.866 0 1 0 -0.866 0 0.5 3069.dat
1 0 152.06 -8 -625 0.5 0 0.866 0 1 0 -0.866 0 0.5 2431.dat
1 0 221.34 -8 -585 0.5 0 0.866 0 1 0 -0.866 0 0.5 2431.dat
1 0 288.3 -8 -580.98 0.5 -0.749956 0.433 0 0.5 0.866 -0.866 -0.433 0.25 4593.dat
1 0 288.3 -8 -580.98 0.5 0 0.866 0 1 0 -0.866 0 0.5 4592.dat
1 0 258.3 -8 -529.02 0.5 0 0.866 0 1 0 -0.866 0 0.5 4592.dat
1 15 266.96 29 -524.02 0.866 0 0.5 0 1 0 0.5 0 -0.866 4624.dat
1 256 266.96 29 -524.02 0.866 0 0.5 0 1 0 0.5 0 -0.866 3641.dat
1 15 180.36 29 -574.02 0.866 0 0.5 0 1 0 0.5 0 -0.866 4624.dat
1 256 180.36 29 -574.02 0.866 0 0.5 0 1 0 0.5 0 -0.866 3641.dat
1 15 210.36 29 -625.98 -0.866 0 -0.5 0 1 0 -0.5 0 0.866 4624.dat
1 256 210.36 29 -625.98 -0.866 0 -0.5 0 1 0 -0.5 0 0.866 3641.dat
1 15 296.96 29 -575.98 -0.866 0 -0.5 0 1 0 -0.5 0 0.866 4624.dat
1 256 296.96 29 -575.98 -0.866 0 -0.5 0 1 0 -0.5 0 0.866 3641.dat
