0 
0 Name: New Model.ldr
0 Author: 
1 0 -28.66 -24 -330.36 0.5 0 0.866 0 1 0 -0.866 0 0.5 2441.dat
1 15 -13.66 -24 -356.34 -0.866 0 0.5 0 1 0 -0.5 0 -0.866 3623.dat
1 15 -43.66 -24 -304.38 -0.866 0 0.5 0 1 0 -0.5 0 -0.866 3623.dat
1 16 14.64 -32 -305.36 -0.866 0 0.5 0 1 0 -0.5 0 -0.866 3022.dat
1 16 -71.96 -32 -355.36 -0.866 0 0.5 0 1 0 -0.5 0 -0.866 3022.dat
1 16 -11.34 -24 -320.36 -0.5 0 -0.866 0 1 0 0.866 0 -0.5 3829.dat
1 16 14.64 -48 -305.36 -0.5 0 -0.866 0 1 0 0.866 0 -0.5 3788.dat
1 16 -71.96 -48 -355.36 -0.5 0 -0.866 0 1 0 0.866 0 -0.5 3788.dat
1 16 23.3 -48 -300.36 -0.5 0 -0.866 0 1 0 0.866 0 -0.5 2436.dat
1 16 -80.62 -48 -360.36 0.5 0 0.866 0 1 0 -0.866 0 0.5 2436.dat
1 16 -26.34 -48 -294.38 -0.5 0 -0.866 0 1 0 0.866 0 -0.5 3822.dat
1 16 3.66 -48 -346.34 -0.5 0 -0.866 0 1 0 0.866 0 -0.5 3821.dat
1 36 -114.672 -38 -345.38 0.5 0.866 0 0 0 -1 -0.866 0.5 0 3024.dat
1 47 57.352 -38 -315.34 -0.5 -0.866 0 0 0 -1 0.866 -0.5 0 3024.dat
1 0 42.352 -38 -289.36 -0.5 -0.866 0 0 0 -1 0.866 -0.5 0 2412.dat
1 47 27.352 -38 -263.38 -0.5 -0.866 0 0 0 -1 0.866 -0.5 0 3024.dat
1 36 -85.538 -38 -397.84 0.5 0.866 0 0 0 -1 -0.866 0.5 0 3024.dat
1 47 -11.34 -96 -320.36 -0.5 0 -0.866 0 1 0 0.866 0 -0.5 3823.dat
1 47 -63.3 -96 -350.36 0.5 0 0.866 0 1 0 -0.866 0 0.5 4594.dat
1 0 29.64 -19 -331.34 0.866 0 -0.5 0 1 0 0.5 0 0.866 3641.dat
1 15 29.64 -19 -331.34 0.866 0 -0.5 0 1 0 0.5 0 0.866 4624.dat
1 0 -56.96 -19 -381.34 0.866 0 -0.5 0 1 0 0.5 0 0.866 3641.dat
1 15 -56.96 -19 -381.34 0.866 0 -0.5 0 1 0 0.5 0 0.866 4624.dat
1 0 -86.96 -19 -329.38 -0.866 0 0.5 0 1 0 -0.5 0 -0.866 3641.dat
1 15 -86.96 -19 -329.38 -0.866 0 0.5 0 1 0 -0.5 0 -0.866 4624.dat
1 0 -0.36 -19 -279.38 -0.866 0 0.5 0 1 0 -0.5 0 -0.866 3641.dat
1 15 -0.36 -19 -279.38 -0.866 0 0.5 0 1 0 -0.5 0 -0.866 4624.dat
1 15 -54.64 -104 -345.36 0.5 0 0.866 0 1 0 -0.866 0 0.5 4213.dat
1 15 -11.34 -104 -320.36 0.5 0 0.866 0 1 0 -0.866 0 0.5 4315.dat
