0 Main
0 Name: 6286 - Skulls Eye Schooner.mpd
0 Author: LTRON
1 6 0 -56 0 1 0 0 0 1 0 0 0 1 2560.dat
1 6 0 -56 -160 1 0 0 0 1 0 0 0 1 2560.dat
1 6 0 -56 160 1 0 0 0 1 0 0 0 1 2560.dat
1 0 -80 -24 80 0 0 -1 0 1 0 1 0 0 3001.dat
1 0 80 -24 80 0 0 1 0 1 0 -1 0 0 3001.dat
1 0 80 -24 -80 0 0 1 0 1 0 -1 0 0 3001.dat
1 0 -80 -24 -80 0 0 -1 0 1 0 1 0 0 3001.dat
1 0 80 -24 -240 0 0 1 0 1 0 -1 0 0 3001.dat
1 0 -80 -24 -240 0 0 -1 0 1 0 1 0 0 3001.dat
1 0 80 -24 240 0 0 1 0 1 0 -1 0 0 3001.dat
1 0 -80 -24 240 0 0 -1 0 1 0 1 0 0 3001.dat
1 4 0 -128 -360 1 0 0 0 1 0 0 0 1 2557.dat
1 4 0 -128 380 1 0 0 0 1 0 0 0 1 2559.dat
1 1 -20 -56 -260 0 0 1 0 1 0 -1 0 0 3001.dat
1 1 20 -56 -260 0 0 1 0 1 0 -1 0 0 3001.dat
1 1 -70 -104 -390 0 0 1 0 1 0 -1 0 0 3005.dat
1 1 70 -104 -390 0 0 1 0 1 0 -1 0 0 3005.dat
1 7 0 -40 -190 -1 0 0 0 1 0 0 0 -1 4162.dat
1 7 0 -40 -130 -1 0 0 0 1 0 0 0 -1 4162.dat
1 7 0 -40 -10 -1 0 0 0 1 0 0 0 -1 4162.dat
1 7 0 -40 -70 -1 0 0 0 1 0 0 0 -1 4162.dat
1 7 0 -40 110 -1 0 0 0 1 0 0 0 -1 4162.dat
1 7 0 -40 50 -1 0 0 0 1 0 0 0 -1 4162.dat
1 7 0 -40 230 -1 0 0 0 1 0 0 0 -1 4162.dat
1 7 0 -40 170 -1 0 0 0 1 0 0 0 -1 4162.dat
1 1 0 -56 270 -1 0 0 0 1 0 0 0 -1 3008.dat
1 0 0 -16 555 0 0 1 0 1 0 -1 0 0 3623.dat
1 0 0 -24 565 0 0 1 0 1 0 -1 0 0 3023.dat
1 7 0 -24 535 1 0 0 0 1 0 0 0 1 4085.dat
1 0 0 -56 565 0 0 1 0 1 0 -1 0 0 3023.dat
1 7 0 -56 535 1 0 0 0 1 0 0 0 1 4085.dat
1 0 0 -48 555 0 0 1 0 1 0 -1 0 0 3622.dat
1 0 0 -64 555 0 0 1 0 1 0 -1 0 0 3623.dat
1 0 0 -88 555 0 0 1 0 1 0 -1 0 0 3622.dat
1 4 0 -96 575 0 0 1 0 1 0 -1 0 0 3024.dat
1 0 0 -96 545 1 0 0 0 1 0 0 0 1 3021.dat
1 0 20 -88 535 1 0 0 0 1 0 0 0 1 2420.dat
1 0 -20 -88 535 0 0 -1 0 1 0 1 0 0 2420.dat
1 0 -40 -96 445 0 0 -1 0 1 0 1 0 0 4477.dat
1 0 40 -96 445 0 0 -1 0 1 0 1 0 0 4477.dat
1 0 -40 -104 535 0 0 1 0 1 0 -1 0 0 2420.dat
1 0 40 -104 535 -1 0 0 0 1 0 0 0 -1 2420.dat
1 4 0 -104 555 0 0 -1 0 1 0 1 0 0 3623.dat
1 4 0 -128 535 -1 0 0 0 1 0 0 0 -1 4286.dat
1 1 -70 -128 -390 -1 0 0 0 1 0 0 0 -1 2357.dat
1 1 70 -128 -390 0 0 1 0 1 0 -1 0 0 2357.dat
1 1 0 -80 -280 -1 0 0 0 1 0 0 0 -1 3001.dat
1 0 -100 -56 -220 -1 0 0 0 1 0 0 0 -1 3003.dat
1 7 -80 -40 -170 -1 0 0 0 1 0 0 0 -1 2431.dat
1 7 -80 -40 -150 -1 0 0 0 1 0 0 0 -1 2431.dat
1 7 -80 -40 -30 -1 0 0 0 1 0 0 0 -1 2431.dat
1 7 -80 -40 -50 -1 0 0 0 1 0 0 0 -1 2431.dat
1 0 -100 -56 -100 -1 0 0 0 1 0 0 0 -1 3003.dat
1 7 -80 -40 90 -1 0 0 0 1 0 0 0 -1 2431.dat
1 7 -80 -40 70 -1 0 0 0 1 0 0 0 -1 2431.dat
1 0 -100 -56 20 -1 0 0 0 1 0 0 0 -1 3003.dat
1 7 -80 -40 210 -1 0 0 0 1 0 0 0 -1 2431.dat
1 7 -80 -40 190 -1 0 0 0 1 0 0 0 -1 2431.dat
1 0 -100 -56 140 -1 0 0 0 1 0 0 0 -1 3003.dat
1 0 100 -56 -220 -1 0 0 0 1 0 0 0 -1 3003.dat
1 7 80 -40 -170 -1 0 0 0 1 0 0 0 -1 2431.dat
1 7 80 -40 -150 -1 0 0 0 1 0 0 0 -1 2431.dat
1 7 80 -40 -30 -1 0 0 0 1 0 0 0 -1 2431.dat
1 7 80 -40 -50 -1 0 0 0 1 0 0 0 -1 2431.dat
1 0 100 -56 -100 -1 0 0 0 1 0 0 0 -1 3003.dat
1 7 80 -40 90 -1 0 0 0 1 0 0 0 -1 2431.dat
1 7 80 -40 70 -1 0 0 0 1 0 0 0 -1 2431.dat
1 0 100 -56 20 -1 0 0 0 1 0 0 0 -1 3003.dat
1 7 80 -40 210 -1 0 0 0 1 0 0 0 -1 2431.dat
1 7 80 -40 190 -1 0 0 0 1 0 0 0 -1 2431.dat
1 0 100 -56 140 -1 0 0 0 1 0 0 0 -1 3003.dat
1 0 -100 -56 260 -1 0 0 0 1 0 0 0 -1 3003.dat
1 0 100 -56 260 -1 0 0 0 1 0 0 0 -1 3003.dat
1 4 0 -128 510 -1 0 0 0 1 0 0 0 -1 3460.dat
1 4 -150 -80 140 0 0 -1 0 1 0 1 0 0 3008.dat
1 4 -150 -80 -40 0 0 -1 0 1 0 1 0 0 3008.dat
1 4 -150 -80 -180 0 0 -1 0 1 0 1 0 0 3010.dat
1 4 150 -80 -180 0 0 -1 0 1 0 1 0 0 3010.dat
1 4 150 -80 -40 0 0 -1 0 1 0 1 0 0 3008.dat
1 4 150 -80 140 0 0 -1 0 1 0 1 0 0 3008.dat
1 7 0 -88 -280 1 0 0 0 1 0 0 0 1 3020.dat
1 0 -150 -80 -230 0 0 1 0 1 0 -1 0 0 3665.dat
1 0 -150 -80 -130 0 0 1 0 1 0 -1 0 0 3665.dat
1 0 -150 -80 50 0 0 1 0 1 0 -1 0 0 3665.dat
1 0 -150 -80 230 0 0 1 0 1 0 -1 0 0 3665.dat
1 7 -150 -88 -160 0 0 1 0 1 0 -1 0 0 3069.dat
1 7 -150 -88 -40 0 0 1 0 1 0 -1 0 0 3069.dat
1 7 -150 -88 80 0 0 1 0 1 0 -1 0 0 3069.dat
1 7 -150 -88 200 0 0 1 0 1 0 -1 0 0 3069.dat
1 0 150 -80 -230 0 0 -1 0 1 0 1 0 0 3665.dat
1 0 150 -80 -130 0 0 -1 0 1 0 1 0 0 3665.dat
1 0 150 -80 50 0 0 -1 0 1 0 1 0 0 3665.dat
1 0 150 -80 230 0 0 -1 0 1 0 1 0 0 3665.dat
1 7 150 -88 -160 0 0 -1 0 1 0 1 0 0 3069.dat
1 7 150 -88 -40 0 0 -1 0 1 0 1 0 0 3069.dat
1 7 150 -88 80 0 0 -1 0 1 0 1 0 0 3069.dat
1 7 150 -88 200 0 0 -1 0 1 0 1 0 0 3069.dat
1 0 150 -128 310 0 0 -1 0 1 0 1 0 0 3665.dat
1 0 -150 -128 310 0 0 1 0 1 0 -1 0 0 3665.dat
1 0 -100 -80 290 0 0 -1 0 1 0 1 0 0 3002.dat
1 0 100 -80 290 0 0 -1 0 1 0 1 0 0 3002.dat
1 0 0 -80 270 1 0 0 0 1 0 0 0 1 3008.dat
1 0 -40 -128 490 1 0 0 0 1 0 0 0 1 3659.dat
1 0 40 -128 490 1 0 0 0 1 0 0 0 1 3659.dat
1 0 -150 -104 -270 0 0 1 0 1 0 -1 0 0 3665.dat
1 7 -150 -104 -220 0 0 1 0 1 0 -1 0 0 3010.dat
1 7 -150 -104 -100 0 0 1 0 1 0 -1 0 0 3010.dat
1 7 -150 -104 20 0 0 1 0 1 0 -1 0 0 3010.dat
1 7 -150 -104 140 0 0 1 0 1 0 -1 0 0 3010.dat
1 7 -150 -104 250 0 0 1 0 1 0 -1 0 0 3622.dat
1 0 150 -104 -270 0 0 -1 0 1 0 1 0 0 3665.dat
1 7 150 -104 -220 0 0 -1 0 1 0 1 0 0 3010.dat
1 7 150 -104 -100 0 0 -1 0 1 0 1 0 0 3010.dat
1 7 150 -104 20 0 0 -1 0 1 0 1 0 0 3010.dat
1 7 150 -104 140 0 0 -1 0 1 0 1 0 0 3010.dat
1 7 150 -104 250 0 0 -1 0 1 0 1 0 0 3622.dat
1 0 -80 -104 270 1 0 0 0 1 0 0 0 1 3009.dat
1 0 60 -104 270 1 0 0 0 1 0 0 0 1 3008.dat
1 4 -60 -48 -160 0 0 1 0 1 0 -1 0 0 3795.dat
1 4 -20 -48 -160 0 0 1 0 1 0 -1 0 0 3020.dat
1 4 -100 -48 -160 0 0 1 0 1 0 -1 0 0 3020.dat
1 0 -60 -72 -160 0 0 1 0 1 0 -1 0 0 3403.dat
1 0 -60 -72 -160 0 0 1 0 1 0 -1 0 0 3404.dat
1 14 -60 -56 -110 -1 0 0 0 1 0 0 0 -1 3069.dat
1 14 -60 -56 -210 -1 0 0 0 1 0 0 0 -1 3069.dat
1 4 -60 -48 -40 0 0 1 0 1 0 -1 0 0 3795.dat
1 4 -20 -48 -40 0 0 1 0 1 0 -1 0 0 3020.dat
1 4 -100 -48 -40 0 0 1 0 1 0 -1 0 0 3020.dat
1 0 -60 -72 -40 0 0 1 0 1 0 -1 0 0 3403.dat
1 0 -60 -72 -40 0 0 1 0 1 0 -1 0 0 3404.dat
1 14 -60 -56 10 -1 0 0 0 1 0 0 0 -1 3069.dat
1 14 -60 -56 -90 -1 0 0 0 1 0 0 0 -1 3069.dat
1 4 60 -48 80 0 0 1 0 1 0 -1 0 0 3795.dat
1 4 100 -48 80 0 0 1 0 1 0 -1 0 0 3020.dat
1 4 20 -48 80 0 0 1 0 1 0 -1 0 0 3020.dat
1 0 60 -72 80 0 0 1 0 1 0 -1 0 0 3403.dat
1 0 60 -72 80 0 0 1 0 1 0 -1 0 0 3404.dat
1 14 60 -56 130 -1 0 0 0 1 0 0 0 -1 3069.dat
1 14 60 -56 30 -1 0 0 0 1 0 0 0 -1 3069.dat
1 4 60 -48 200 0 0 1 0 1 0 -1 0 0 3795.dat
1 4 100 -48 200 0 0 1 0 1 0 -1 0 0 3020.dat
1 4 20 -48 200 0 0 1 0 1 0 -1 0 0 3020.dat
1 0 60 -72 200 0 0 1 0 1 0 -1 0 0 3403.dat
1 0 60 -72 200 0 0 1 0 1 0 -1 0 0 3404.dat
1 14 60 -56 250 -1 0 0 0 1 0 0 0 -1 3069.dat
1 14 60 -56 150 -1 0 0 0 1 0 0 0 -1 3069.dat
1 7 -120 -64 -220 0 0 1 0 1 0 -1 0 0 3022.dat
1 7 120 -64 -220 0 0 1 0 1 0 -1 0 0 3022.dat
1 7 0 -64 -220 -1 0 0 0 1 0 0 0 -1 3832.dat
1 7 0 -64 -100 -1 0 0 0 1 0 0 0 -1 3832.dat
1 7 0 -64 20 -1 0 0 0 1 0 0 0 -1 3832.dat
1 7 0 -64 140 -1 0 0 0 1 0 0 0 -1 3832.dat
1 7 0 -64 250 -1 0 0 0 1 0 0 0 -1 4477.dat
1 0 -30 -152 500 -1 0 0 0 1 0 0 0 -1 3002.dat
1 0 30 -152 500 -1 0 0 0 1 0 0 0 -1 3002.dat
1 0 90 -152 490 0 0 -1 0 1 0 1 0 0 2357.dat
1 0 -90 -152 490 1 0 0 0 1 0 0 0 1 2357.dat
1 7 110 -136 460 0 0 1 0 1 0 -1 0 0 2431.dat
1 7 130 -136 420 0 0 1 0 1 0 -1 0 0 2431.dat
1 7 150 -136 380 0 0 1 0 1 0 -1 0 0 2431.dat
1 1 90 -104 360 0 0 1 0 1 0 -1 0 0 3008.dat
1 1 -90 -104 360 0 0 -1 0 1 0 1 0 0 3008.dat
1 7 -110 -136 460 0 0 -1 0 1 0 1 0 0 2431.dat
1 7 -130 -136 420 0 0 -1 0 1 0 1 0 0 2431.dat
1 7 -150 -136 380 0 0 -1 0 1 0 1 0 0 2431.dat
1 0 170 -104 230 -1 0 0 0 1 0 0 0 -1 3665.dat
1 0 170 -104 50 -1 0 0 0 1 0 0 0 -1 3005.dat
1 0 170 -104 -130 -1 0 0 0 1 0 0 0 -1 3005.dat
1 0 170 -104 -230 -1 0 0 0 1 0 0 0 -1 3005.dat
1 0 -170 -104 230 -1 0 0 0 1 0 0 0 -1 3665.dat
1 0 -170 -104 50 -1 0 0 0 1 0 0 0 -1 3005.dat
1 0 -170 -104 -130 -1 0 0 0 1 0 0 0 -1 3005.dat
1 0 -170 -104 -230 -1 0 0 0 1 0 0 0 -1 3005.dat
1 7 -150 -128 -270 0 0 1 0 1 0 -1 0 0 3622.dat
1 0 -110 -88 -230 -1 0 0 0 1 0 0 0 -1 3622.dat
1 0 -120 -112 -230 -1 0 0 0 1 0 0 0 -1 3004.dat
1 7 -90 -96 -230 -1 0 0 0 1 0 0 0 -1 3024.dat
1 0 -160 -128 -130 -1 0 0 0 1 0 0 0 -1 3004.dat
1 0 -160 -128 50 -1 0 0 0 1 0 0 0 -1 3004.dat
1 7 -150 -128 10 0 0 1 0 1 0 -1 0 0 3622.dat
1 7 -150 -128 -90 0 0 1 0 1 0 -1 0 0 3622.dat
1 7 -150 -128 270 0 0 1 0 1 0 -1 0 0 3622.dat
1 7 -150 -128 140 0 0 1 0 1 0 -1 0 0 3010.dat
1 7 -150 -128 -200 0 0 1 0 1 0 -1 0 0 3004.dat
1 0 -170 -128 230 1 0 0 0 1 0 0 0 1 2357.dat
1 7 150 -128 -270 0 0 -1 0 1 0 1 0 0 3622.dat
1 0 110 -88 -230 -1 0 0 0 1 0 0 0 -1 3622.dat
1 0 120 -112 -230 -1 0 0 0 1 0 0 0 -1 3004.dat
1 7 90 -96 -230 -1 0 0 0 1 0 0 0 -1 3024.dat
1 0 160 -128 -130 -1 0 0 0 1 0 0 0 -1 3004.dat
1 0 160 -128 50 -1 0 0 0 1 0 0 0 -1 3004.dat
1 7 150 -128 10 0 0 -1 0 1 0 1 0 0 3622.dat
1 7 150 -128 -90 0 0 -1 0 1 0 1 0 0 3622.dat
1 7 150 -128 270 0 0 -1 0 1 0 1 0 0 3622.dat
1 7 150 -128 140 0 0 -1 0 1 0 1 0 0 3010.dat
1 7 150 -128 -200 0 0 -1 0 1 0 1 0 0 3004.dat
1 0 170 -128 230 0 0 -1 0 1 0 1 0 0 2357.dat
1 4 0 -176 510 -1 0 0 0 1 0 0 0 -1 3747.dat
1 15 40 -176 510 -1 0 0 0 1 0 0 0 -1 3747.dat
1 15 -40 -176 510 -1 0 0 0 1 0 0 0 -1 3747.dat
1 0 70 -224 510 1 0 0 0 1 0 0 0 1 2339.dat
1 0 -70 -224 510 1 0 0 0 1 0 0 0 1 2339.dat
1 0 0 -88 -230 -1 0 0 0 1 0 0 0 -1 3010.dat
1 0 180 -112 -260 0 0 1 0 1 0 -1 0 0 3795.dat
1 0 180 -120 -310 -1 0 0 0 1 0 0 0 -1 3023.dat
1 0 190 -120 -290 0 0 -1 0 1 0 1 0 0 6019.dat
1 0 190 -120 -230 0 0 -1 0 1 0 1 0 0 6019.dat
1 0 150 -136 -100 0 0 -1 0 1 0 1 0 0 4477.dat
1 0 150 -136 80 0 0 -1 0 1 0 1 0 0 3460.dat
1 0 150 -136 220 0 0 -1 0 1 0 1 0 0 3666.dat
1 0 150 -136 310 0 0 -1 0 1 0 1 0 0 3623.dat
1 0 170 -136 230 0 0 -1 0 1 0 1 0 0 4085.dat
1 0 180 -136 280 0 0 -1 0 1 0 1 0 0 3020.dat
1 0 90 -176 510 0 0 -1 0 1 0 1 0 0 3005.dat
1 0 70 -176 490 1 0 0 0 1 0 0 0 1 3622.dat
1 0 -180 -112 -260 0 0 -1 0 1 0 1 0 0 3795.dat
1 0 -180 -120 -310 -1 0 0 0 1 0 0 0 -1 3023.dat
1 0 -190 -120 -290 0 0 1 0 1 0 -1 0 0 6019.dat
1 0 -190 -120 -230 0 0 1 0 1 0 -1 0 0 6019.dat
1 0 -150 -136 -100 0 0 1 0 1 0 -1 0 0 4477.dat
1 0 -150 -136 80 0 0 1 0 1 0 -1 0 0 3460.dat
1 0 -150 -136 220 0 0 1 0 1 0 -1 0 0 3666.dat
1 0 -150 -136 310 0 0 1 0 1 0 -1 0 0 3623.dat
1 0 -170 -136 230 0 0 1 0 1 0 -1 0 0 4085.dat
1 0 -180 -136 280 0 0 1 0 1 0 -1 0 0 3020.dat
1 0 -90 -176 510 0 0 1 0 1 0 -1 0 0 3005.dat
1 0 -70 -176 490 1 0 0 0 1 0 0 0 1 3622.dat
1 7 0 -136 460 -1 0 0 0 1 0 0 0 -1 3832.dat
1 7 0 -112 400 -1 0 0 0 1 0 0 0 -1 3030.dat
1 7 0 -112 300 -1 0 0 0 1 0 0 0 -1 3029.dat
1 7 -90 -112 350 -1 0 0 0 1 0 0 0 -1 3024.dat
1 7 90 -112 350 -1 0 0 0 1 0 0 0 -1 3024.dat
1 2 170 -142 -180 -1 0 0 0 0 1 0 1 0 2335.dat
1 2 170 -142 -60 -1 0 0 0 0 1 0 1 0 2335.dat
1 2 170 -142 60 0.966 0 0.259 0.259 0 -0.966 0 1 0 2335.dat
1 2 170 -142 180 0.966 0 0.259 0.259 0 -0.966 0 1 0 2335.dat
1 0 150 -144 -190 -1 0 0 0 1 0 0 0 -1 3024.dat
1 0 150 -144 -90 0 0 -1 0 1 0 1 0 0 3623.dat
1 0 150 -144 10 0 0 -1 0 1 0 1 0 0 3623.dat
1 0 150 -144 140 0 0 -1 0 1 0 1 0 0 3710.dat
1 0 160 -144 280 0 0 -1 0 1 0 1 0 0 3795.dat
1 0 130 -152 330 0 0 -1 0 1 0 1 0 0 3005.dat
1 7 130 -160 330 0 0 -1 0 1 0 1 0 0 3024.dat
1 7 130 -168 330 1 0 0 0 1 0 0 0 1 4085.dat
1 2 -170 -142 -180 0.966 0 -0.259 -0.259 0 -0.966 0 1 0 2335.dat
1 2 -170 -142 -60 0.966 0 -0.259 -0.259 0 -0.966 0 1 0 2335.dat
1 2 -170 -142 60 -1 0 0 0 0 1 0 1 0 2335.dat
1 2 -170 -142 180 -1 0 0 0 0 1 0 1 0 2335.dat
1 0 -150 -144 -190 -1 0 0 0 1 0 0 0 -1 3024.dat
1 0 -150 -144 -90 0 0 1 0 1 0 -1 0 0 3623.dat
1 0 -150 -144 10 0 0 1 0 1 0 -1 0 0 3623.dat
1 0 -150 -144 140 0 0 1 0 1 0 -1 0 0 3710.dat
1 0 -160 -144 280 0 0 1 0 1 0 -1 0 0 3795.dat
1 0 -130 -152 330 0 0 1 0 1 0 -1 0 0 3005.dat
1 7 -130 -160 330 0 0 1 0 1 0 -1 0 0 3024.dat
1 7 -130 -168 330 1 0 0 0 1 0 0 0 1 4085.dat
1 0 -90 -120 340 1 0 0 0 1 0 0 0 1 3021.dat
1 0 90 -120 340 1 0 0 0 1 0 0 0 1 3021.dat
1 0 0 -120 330 1 0 0 0 1 0 0 0 1 3666.dat
1 1 -30 -136 390 1 0 0 0 1 0 0 0 1 4589.dat
1 1 30 -136 390 1 0 0 0 1 0 0 0 1 4589.dat
1 0 -70 -200 510 1 0 0 0 1 0 0 0 1 3038.dat
1 0 70 -200 510 1 0 0 0 1 0 0 0 1 3038.dat
1 7 -150 -144 50 0 0 -1 0 1 0 1 0 0 4085.dat
1 7 -150 -144 -130 0 0 -1 0 1 0 1 0 0 4085.dat
1 7 150 -144 50 0 0 1 0 1 0 -1 0 0 4085.dat
1 7 150 -144 -130 0 0 1 0 1 0 -1 0 0 4085.dat
1 7 110 -120 -230 -1 0 0 0 1 0 0 0 -1 6019.dat
1 7 -110 -120 -230 -1 0 0 0 1 0 0 0 -1 6019.dat
1 0 150 -120 -230 -1 0 0 0 1 0 0 0 -1 3623.dat
1 0 -150 -120 -230 -1 0 0 0 1 0 0 0 -1 3623.dat
1 0 150 -152 -170 0 0 1 0 1 0 -1 0 0 3623.dat
1 0 150 -160 -130 0 0 -1 0 1 0 1 0 0 6091.dat
1 0 150 -160 50 0 0 -1 0 1 0 1 0 0 6091.dat
1 0 150 -152 -40 0 0 -1 0 1 0 1 0 0 3460.dat
1 0 150 -152 100 0 0 1 0 1 0 -1 0 0 3710.dat
1 0 190 -144 250 0 0 -1 0 1 0 1 0 0 6019.dat
1 0 190 -144 310 0 0 -1 0 1 0 1 0 0 6019.dat
1 0 20 -112 250 1 0 0 0 1 0 0 0 1 4864.dat
1 1 30 -144 450 1 0 0 0 1 0 0 0 1 6141.dat
1 15 50 -200 540 0 0 1 0 1 0 -1 0 0 3004.dat
1 15 50 -224 550 1 0 0 0 1 0 0 0 1 4589.dat
1 15 70 -224 580 0 0 1 0 1 0 -1 0 0 3023.dat
1 1 30 -144 390 1 0 0 0 1 0 0 0 1 6141.dat
1 0 -150 -152 -170 0 0 -1 0 1 0 1 0 0 3623.dat
1 0 -150 -160 -130 0 0 1 0 1 0 -1 0 0 6091.dat
1 0 -150 -160 50 0 0 1 0 1 0 -1 0 0 6091.dat
1 0 -150 -152 -40 0 0 1 0 1 0 -1 0 0 3460.dat
1 0 -150 -152 100 0 0 -1 0 1 0 1 0 0 3710.dat
1 0 -190 -144 250 0 0 1 0 1 0 -1 0 0 6019.dat
1 0 -190 -144 310 0 0 1 0 1 0 -1 0 0 6019.dat
1 0 -20 -112 250 1 0 0 0 1 0 0 0 1 4864.dat
1 1 -30 -144 450 1 0 0 0 1 0 0 0 1 6141.dat
1 15 -50 -200 540 0 0 -1 0 1 0 1 0 0 3004.dat
1 15 -50 -224 550 1 0 0 0 1 0 0 0 1 4589.dat
1 15 -70 -224 580 0 0 -1 0 1 0 1 0 0 3023.dat
1 1 -30 -144 390 1 0 0 0 1 0 0 0 1 6141.dat
1 0 0 -96 -260 0 0 -1 0 1 0 1 0 0 4844.dat
1 0 0 -8 -390 0 0 1 0 1 0 -1 0 0 3021.dat
1 0 0 -32 -410 1 0 0 0 1 0 0 0 1 3747.dat
1 0 0 -56 -430 1 0 0 0 1 0 0 0 1 3004.dat
1 0 0 -80 -450 1 0 0 0 1 0 0 0 1 3004.dat
1 0 0 -104 -470 1 0 0 0 1 0 0 0 1 3004.dat
1 0 0 -104 -490 1 0 0 0 1 0 0 0 1 3747.dat
1 0 0 -128 -530 1 0 0 0 1 0 0 0 1 3747.dat
1 0 -10 -128 -510 0 0 1 0 1 0 -1 0 0 4287.dat
1 0 10 -128 -510 0 0 -1 0 1 0 1 0 0 4287.dat
1 0 190 -128 -310 0 0 -1 0 1 0 1 0 0 2420.dat
1 0 -190 -128 -310 1 0 0 0 1 0 0 0 1 2420.dat
1 0 0 -128 -460 0 0 1 0 1 0 -1 0 0 3001.dat
1 0 160 -128 -230 1 0 0 0 1 0 0 0 1 3710.dat
1 0 60 -120 -230 -1 0 0 0 1 0 0 0 -1 3659.dat
1 0 150 -168 190 1 0 0 0 1 0 0 0 1 4286.dat
1 0 150 -168 220 0 0 1 0 1 0 -1 0 0 3004.dat
1 0 150 -168 250 0 0 -1 0 1 0 1 0 0 4286.dat
1 0 170 -168 310 0 0 -1 0 1 0 1 0 0 3040.dat
1 0 -10 -96 420 1 0 0 0 1 0 0 0 1 4286.dat
1 0 -10 -96 450 0 0 1 0 1 0 -1 0 0 3004.dat
1 0 -10 -96 480 0 0 -1 0 1 0 1 0 0 4286.dat
1 0 10 -96 540 0 0 -1 0 1 0 1 0 0 3040.dat
1 0 -160 -128 -230 1 0 0 0 1 0 0 0 1 3710.dat
1 0 -60 -120 -230 -1 0 0 0 1 0 0 0 -1 3659.dat
1 0 -150 -168 190 1 0 0 0 1 0 0 0 1 4286.dat
1 0 -150 -168 220 0 0 -1 0 1 0 1 0 0 3004.dat
1 0 -150 -168 250 0 0 1 0 1 0 -1 0 0 4286.dat
1 0 -170 -168 310 0 0 1 0 1 0 -1 0 0 3040.dat
1 1 0 -152 420 1 0 0 0 1 0 0 0 1 3031.dat
1 0 -140 -144 420 -1 0 0 0 1 0 0 0 -1 3933.dat
1 0 -130 -168 360 0 0 -1 0 1 0 1 0 0 3004.dat
1 15 -110 -168 480 0 0 -1 0 1 0 1 0 0 3004.dat
1 0 -130 -168 450 0 0 -1 0 1 0 1 0 0 3622.dat
1 0 -160 -168 340 0 0 1 0 1 0 -1 0 0 3830.dat
1 0 -130 -216 400 0 0 1 0 1 0 -1 0 0 3684.dat
1 15 -110 -264 490 1 0 0 0 1 0 0 0 1 2339.dat
1 0 -120 -192 470 1 0 0 0 1 0 0 0 1 3004.dat
1 0 -140 -192 360 1 0 0 0 1 0 0 0 1 3003.dat
1 0 -140 -216 360 1 0 0 0 1 0 0 0 1 3003.dat
1 0 -120 -216 470 1 0 0 0 1 0 0 0 1 3004.dat
1 4 -130 -240 370 0 0 1 0 1 0 -1 0 0 3622.dat
1 0 -130 -240 440 0 0 1 0 1 0 -1 0 0 3659.dat
1 0 -110 -240 480 0 0 -1 0 1 0 1 0 0 3004.dat
1 0 140 -144 420 -1 0 0 0 1 0 0 0 -1 3934.dat
1 0 130 -168 360 0 0 1 0 1 0 -1 0 0 3004.dat
1 15 110 -168 480 0 0 1 0 1 0 -1 0 0 3004.dat
1 0 130 -168 450 0 0 1 0 1 0 -1 0 0 3622.dat
1 0 160 -168 340 0 0 -1 0 1 0 1 0 0 3830.dat
1 0 130 -216 400 0 0 -1 0 1 0 1 0 0 3684.dat
1 15 110 -264 490 1 0 0 0 1 0 0 0 1 2339.dat
1 0 120 -192 470 1 0 0 0 1 0 0 0 1 3004.dat
1 0 140 -192 360 1 0 0 0 1 0 0 0 1 3003.dat
1 0 140 -216 360 1 0 0 0 1 0 0 0 1 3003.dat
1 0 120 -216 470 1 0 0 0 1 0 0 0 1 3004.dat
1 4 130 -240 370 0 0 -1 0 1 0 1 0 0 3622.dat
1 0 130 -240 440 0 0 -1 0 1 0 1 0 0 3659.dat
1 0 110 -240 480 0 0 1 0 1 0 -1 0 0 3004.dat
1 0 -60 -224 530 1 0 0 0 1 0 0 0 1 3039.dat
1 0 60 -224 530 1 0 0 0 1 0 0 0 1 3039.dat
1 0 -90 -224 510 -1 0 0 0 1 0 0 0 -1 3665.dat
1 0 90 -224 510 -1 0 0 0 1 0 0 0 -1 3665.dat
1 7 150 -152 -310 0 0 1 0 1 0 -1 0 0 2357.dat
1 0 130 -152 -390 0 0 -1 0 1 0 1 0 0 2357.dat
1 0 140 -152 -350 1 0 0 0 1 0 0 0 1 3004.dat
1 7 150 -152 -230 0 0 -1 0 1 0 1 0 0 3622.dat
1 7 0 -104 -290 1 0 0 0 1 0 0 0 1 3023.dat
1 1 0 -128 -290 1 0 0 0 1 0 0 0 1 3004.dat
1 7 0 -128 -230 1 0 0 0 1 0 0 0 1 3710.dat
1 0 150 -192 240 0 0 1 0 1 0 -1 0 0 3004.dat
1 0 150 -192 210 1 0 0 0 1 0 0 0 1 3040.dat
1 0 150 -192 310 0 0 -1 0 1 0 1 0 0 3040.dat
1 0 140 -192 330 -1 0 0 0 1 0 0 0 -1 3004.dat
1 15 70 -248 550 1 0 0 0 1 0 0 0 1 3038.dat
1 7 -150 -152 -310 -1 0 0 0 1 0 0 0 -1 2357.dat
1 0 -130 -152 -390 1 0 0 0 1 0 0 0 1 2357.dat
1 0 -140 -152 -350 1 0 0 0 1 0 0 0 1 3004.dat
1 7 -150 -152 -230 0 0 1 0 1 0 -1 0 0 3622.dat
1 0 -150 -192 240 0 0 -1 0 1 0 1 0 0 3004.dat
1 0 -150 -192 210 1 0 0 0 1 0 0 0 1 3040.dat
1 0 -150 -192 310 0 0 1 0 1 0 -1 0 0 3040.dat
1 0 -140 -192 330 -1 0 0 0 1 0 0 0 -1 3004.dat
1 15 -70 -248 550 1 0 0 0 1 0 0 0 1 3038.dat
1 15 0 -248 550 -1 0 0 0 1 0 0 0 -1 3853.dat
1 14 -34 -244 554 0 0 -1 0 1 0 1 0 0 2529.dat
1 14 34 -244 554 0 0 1 0 1 0 -1 0 0 2529.dat
1 4 130 -264 420 0 0 1 0 1 0 -1 0 0 3010.dat
1 4 120 -264 470 -1 0 0 0 1 0 0 0 -1 3004.dat
1 4 110 -264 500 0 0 -1 0 1 0 1 0 0 3004.dat
1 4 -130 -264 420 0 0 1 0 1 0 -1 0 0 3010.dat
1 4 -120 -264 470 -1 0 0 0 1 0 0 0 -1 3004.dat
1 4 -110 -264 500 0 0 -1 0 1 0 1 0 0 3004.dat
1 15 80 -136 -460 1 0 0 0 1 0 0 0 1 3933.dat
1 7 130 -158 50 -1 0 0 0 -1 0 0 0 1 3957.dat
1 7 130 -158 -130 -1 0 0 0 -1 0 0 0 1 3957.dat
1 0 150 -216 280 0 0 -1 0 1 0 1 0 0 3659.dat
1 0 140 -216 330 -1 0 0 0 1 0 0 0 -1 3004.dat
1 15 150 -200 230 -1 0 0 0 1 0 0 0 -1 3024.dat
1 0 150 -208 230 -1 0 0 0 1 0 0 0 -1 3024.dat
1 4 110 -264 560 0 0 -1 0 1 0 1 0 0 3023.dat
1 4 40 -272 550 1 0 0 0 1 0 0 0 1 3004.dat
1 15 70 -272 550 1 0 0 0 1 0 0 0 1 2357.dat
1 15 70 -248 570 1 0 0 0 1 0 0 0 1 3005.dat
1 0 70 -320 590 1 0 0 0 1 0 0 0 1 2339.dat
1 15 -80 -136 -460 1 0 0 0 1 0 0 0 1 3934.dat
1 7 -130 -158 50 -1 0 0 0 -1 0 0 0 1 3957.dat
1 7 -130 -158 -130 -1 0 0 0 -1 0 0 0 1 3957.dat
1 0 -150 -216 280 0 0 1 0 1 0 -1 0 0 3659.dat
1 0 -140 -216 330 -1 0 0 0 1 0 0 0 -1 3004.dat
1 15 -150 -200 230 -1 0 0 0 1 0 0 0 -1 3024.dat
1 0 -150 -208 230 -1 0 0 0 1 0 0 0 -1 3024.dat
1 4 -110 -264 560 0 0 1 0 1 0 -1 0 0 3023.dat
1 4 -40 -272 550 1 0 0 0 1 0 0 0 1 3004.dat
1 15 -70 -272 550 0 0 -1 0 1 0 1 0 0 2357.dat
1 15 -70 -248 570 1 0 0 0 1 0 0 0 1 3005.dat
1 0 -70 -320 590 1 0 0 0 1 0 0 0 1 2339.dat
1 0 0 -120 280 0 0 -1 0 1 0 1 0 0 4844.dat
1 7 0 -136 -360 0 0 -1 0 1 0 1 0 0 3034.dat
1 0 0 -136 -540 0 0 -1 0 1 0 1 0 0 3832.dat
1 4 0 -272 550 -1 0 0 0 1 0 0 0 -1 3747.dat
1 0 130 -176 -340 0 0 -1 0 1 0 1 0 0 3039.dat
1 7 150 -176 -280 0 0 -1 0 1 0 1 0 0 3659.dat
1 0 150 -176 -230 -1 0 0 0 1 0 0 0 -1 4286.dat
1 15 150 -224 230 1 0 0 0 1 0 0 0 1 6091.dat
1 0 160 -240 340 0 0 -1 0 1 0 1 0 0 3830.dat
1 0 130 -240 330 1 0 0 0 1 0 0 0 1 3005.dat
1 0 -130 -176 -340 0 0 1 0 1 0 -1 0 0 3039.dat
1 7 -150 -176 -280 0 0 1 0 1 0 -1 0 0 3659.dat
1 0 -150 -176 -230 -1 0 0 0 1 0 0 0 -1 4286.dat
1 15 -150 -224 230 1 0 0 0 1 0 0 0 1 6091.dat
1 0 -160 -240 340 0 0 1 0 1 0 -1 0 0 3830.dat
1 0 -130 -240 330 1 0 0 0 1 0 0 0 1 3005.dat
1 0 0 -144 330 1 0 0 0 1 0 0 0 1 3037.dat
1 0 0 -168 330 1 0 0 0 1 0 0 0 1 3010.dat
1 0 0 -192 330 1 0 0 0 1 0 0 0 1 3010.dat
1 0 30 -216 330 1 0 0 0 1 0 0 0 1 3005.dat
1 0 -30 -216 330 1 0 0 0 1 0 0 0 1 3005.dat
1 0 0 -240 330 1 0 0 0 1 0 0 0 1 3659.dat
1 7 0 -144 -390 -1 0 0 0 1 0 0 0 -1 4162.dat
1 0 -60 -144 -410 -1 0 0 0 1 0 0 0 -1 3666.dat
1 0 60 -144 -410 -1 0 0 0 1 0 0 0 -1 3666.dat
1 0 0 -144 -440 -1 0 0 0 1 0 0 0 -1 3034.dat
1 4 0 -280 560 -1 0 0 0 1 0 0 0 -1 3795.dat
1 7 80 -128 -230 1 0 0 0 1 0 0 0 1 4625.dat
1 7 80 -137.879 -259.741 1 0 0 0 0.999 0.052 0 -0.052 0.999 4213.dat
1 7 100 -149.008 -319.24 1 0 0 0 0.999 0.052 0 -0.052 0.999 3933.dat
1 7 40 -149.008 -319.24 0 0 -1 0.052 0.999 0 0.999 -0.052 0 3034.dat
1 0 60 -184.627 -387.47 1 0 0 0 0.999 0.052 0 -0.052 0.999 2432.dat
1 7 -80 -137.879 -259.741 1 0 0 0 0.999 0.052 0 -0.052 0.999 4213.dat
1 7 -40 -149.008 -319.24 0 0 1 -0.052 0.999 0 -0.999 -0.052 0 3034.dat
1 7 -100 -149.008 -319.24 1 0 0 0 0.999 0.052 0 -0.052 0.999 3934.dat
1 0 -60 -184.627 -387.47 1 0 0 0 0.999 0.052 0 -0.052 0.999 2432.dat
1 7 -80 -128 -230 1 0 0 0 1 0 0 0 1 4625.dat
1 0 70 -168 -410 1 0 0 0 1 0 0 0 1 4286.dat
1 0 -70 -168 -410 1 0 0 0 1 0 0 0 1 4286.dat
1 0 -70 -176 -410 1 0 0 0 1 0 0 0 1 3024.dat
1 0 70 -176 -410 1 0 0 0 1 0 0 0 1 3024.dat
1 15 150 -224 260 0 0 1 0 1 0 -1 0 0 3710.dat
1 15 -150 -224 260 0 0 1 0 1 0 -1 0 0 3710.dat
1 0 0 -264 330 -1 0 0 0 1 0 0 0 -1 2465.dat
1 0 130 -264 360 0 0 -1 0 1 0 1 0 0 3039.dat
1 0 -130 -264 360 0 0 1 0 1 0 -1 0 0 3039.dat
1 6 0 -126 230 1 0 0 0 0.191 -0.982 0 0.982 0.191 6020.dat
1 0 100 -152 -410 1 0 0 0 1 0 0 0 1 4623.dat
1 0 -100 -152 -410 1 0 0 0 1 0 0 0 1 4623.dat
1 4 110 -272 540 0 0 1 0 1 0 -1 0 0 3710.dat
1 4 -110 -272 540 0 0 1 0 1 0 -1 0 0 3710.dat
1 4 0 -280 590 -1 0 0 0 1 0 0 0 -1 3710.dat
1 0 110 -176 -390 0 0 1 0 1 0 -1 0 0 2357.dat
1 6 0 -176 -320 1 0 0 0 1 0 0 0 1 2489.dat
1 6 0 -184 -320 1 0 0 0 1 0 0 0 1 4032.dat
1 15 0 -144 -580 1 0 0 0 1 0 0 0 1 6104.dat
1 15 150 -256 310 1 0 0 0 1 0 0 0 1 6091.dat
1 15 110 -288 330 0 0 -1 0 1 0 1 0 0 3040.dat
1 7 80 -272 300 1 0 0 0 1 0 0 0 1 3936.dat
1 7 20 -272 330 1 0 0 0 1 0 0 0 1 3023.dat
1 4 110 -296 570 1 0 0 0 1 0 0 0 1 3040.dat
1 4 110 -296 510 -1 0 0 0 1 0 0 0 -1 3040.dat
1 0 110 -288 420 0 0 -1 0 1 0 1 0 0 4445.dat
1 15 -150 -256 310 1 0 0 0 1 0 0 0 1 6091.dat
1 15 -110 -288 330 0 0 1 0 1 0 -1 0 0 3040.dat
1 7 -80 -272 300 1 0 0 0 1 0 0 0 1 3935.dat
1 7 -20 -272 330 1 0 0 0 1 0 0 0 1 3023.dat
1 4 -110 -296 570 1 0 0 0 1 0 0 0 1 3040.dat
1 4 -110 -296 510 -1 0 0 0 1 0 0 0 -1 3040.dat
1 0 -110 -288 420 0 0 1 0 1 0 -1 0 0 4445.dat
1 15 0 -152 -640 -1 0 0 0 1 0 0 0 -1 3022.dat
1 7 0 -152 -440 -1 0 0 0 1 0 0 0 -1 3022.dat
1 7 0 -160 -430 -1 0 0 0 1 0 0 0 -1 3023.dat
1 0 0 -160 -630 -1 0 0 0 1 0 0 0 -1 2452.dat
1 0 0 -160 -450 1 0 0 0 1 0 0 0 1 2452.dat
1 0 0 -160 -450 1 0 0 0 1 0 0 0 1 4276.dat
1 0 0 -185.55 -603.457 0 0 1 0.939 0.343 0 -0.343 0.939 0 4276.dat
1 0 0 -188.296 -610.971 0 0 -1 -0.939 0.343 0 0.343 0.939 0 4276.dat
1 0 0 -189.176 -531.769 0 0 -1 0.422 0.907 0 0.907 -0.422 0 4504.dat
1 0 0 -191.043 -618.485 0 0 -1 -0.939 0.343 0 0.343 0.939 0 3794.dat
1 0 0 -169.259 -507.95 0 0 -1 0.422 0.907 0 0.907 -0.422 0 4085.dat
1 0 0 -162.007 -511.327 0 0 1 -0.422 0.907 0 -0.907 -0.422 0 4085.dat
1 15 0 -168 -640 -1 0 0 0 1 0 0 0 -1 3022.dat
1 7 0 -168 -440 -1 0 0 0 1 0 0 0 -1 2460.dat
1 0 110 -200 -390 -1 0 0 0 1 0 0 0 -1 3005.dat
1 0 90 -200 -410 1 0 0 0 1 0 0 0 1 4490.dat
1 0 130 -200 -370 0 0 -1 0 1 0 1 0 0 4490.dat
1 0 130 -200 -310 0 0 1 0 1 0 -1 0 0 2357.dat
1 0 150 -200 -280 0 0 1 0 1 0 -1 0 0 3004.dat
1 0 150 -200 -250 -1 0 0 0 1 0 0 0 -1 3040.dat
1 15 150 -280 330 1 0 0 0 1 0 0 0 1 6091.dat
1 7 80 -280 440 0 0 1 0 1 0 -1 0 0 4282.dat
1 0 90 -288 590 0 0 -1 0 1 0 1 0 0 4085.dat
1 4 90 -288 540 0 0 -1 0 1 0 1 0 0 3794.dat
1 0 -110 -200 -390 -1 0 0 0 1 0 0 0 -1 3005.dat
1 0 -90 -200 -410 1 0 0 0 1 0 0 0 1 4490.dat
1 0 -130 -200 -370 0 0 1 0 1 0 -1 0 0 4490.dat
1 0 -130 -200 -310 -1 0 0 0 1 0 0 0 -1 2357.dat
1 0 -150 -200 -280 0 0 -1 0 1 0 1 0 0 3004.dat
1 0 -150 -200 -250 -1 0 0 0 1 0 0 0 -1 3040.dat
1 15 -150 -280 330 1 0 0 0 1 0 0 0 1 6091.dat
1 7 -80 -280 440 0 0 -1 0 1 0 1 0 0 4282.dat
1 0 -90 -288 590 0 0 1 0 1 0 -1 0 0 4085.dat
1 4 -90 -288 540 0 0 1 0 1 0 -1 0 0 3794.dat
1 7 0 -204.874 -546.544 0 0 1 -0.422 0.907 0 -0.907 -0.422 0 3710.dat
1 15 150 -208 -280 0 0 1 0 1 0 -1 0 0 3710.dat
1 15 130 -208 -340 0 0 1 0 1 0 -1 0 0 3710.dat
1 15 110 -208 -390 0 0 1 0 1 0 -1 0 0 2420.dat
1 15 80 -208 -410 -1 0 0 0 1 0 0 0 -1 3023.dat
1 15 110 -296 420 0 0 -1 0 1 0 1 0 0 3460.dat
1 0 90 -304 510 1 0 0 0 1 0 0 0 1 3040.dat
1 4 90 -312 540 0 0 1 0 1 0 -1 0 0 4070.dat
1 7 100 -302 540 0 1 0 0 0 -1 -1 0 0 3062.dat
1 7 124 -302 540 0 1 0 0 0 -1 -1 0 0 3062.dat
1 0 90 -304 570 0 0 1 0 1 0 -1 0 0 3005.dat
1 7 0 -288 390 -1 0 0 0 1 0 0 0 -1 3460.dat
1 7 -70 -288 440 0 0 -1 0 1 0 1 0 0 2431.dat
1 7 70 -288 440 0 0 -1 0 1 0 1 0 0 2431.dat
1 7 0 -288 540 -1 0 0 0 1 0 0 0 -1 3036.dat
1 0 -50 -296 640 0 0 -1 0 1 0 1 0 0 4477.dat
1 0 50 -296 640 0 0 -1 0 1 0 1 0 0 4477.dat
1 15 -150 -208 -280 0 0 -1 0 1 0 1 0 0 3710.dat
1 15 -130 -208 -340 0 0 -1 0 1 0 1 0 0 3710.dat
1 15 -110 -208 -390 -1 0 0 0 1 0 0 0 -1 2420.dat
1 15 -80 -208 -410 -1 0 0 0 1 0 0 0 -1 3023.dat
1 15 -110 -296 420 0 0 1 0 1 0 -1 0 0 3460.dat
1 0 -90 -304 510 1 0 0 0 1 0 0 0 1 3040.dat
1 4 -90 -312 540 0 0 -1 0 1 0 1 0 0 4070.dat
1 7 -100 -302 540 0 -1 0 0 0 -1 1 0 0 3062.dat
1 7 -124 -302 540 0 -1 0 0 0 -1 1 0 0 3062.dat
1 0 -90 -304 570 0 0 -1 0 1 0 1 0 0 3005.dat
1 15 90 -312 590 -1 0 0 0 1 0 0 0 -1 4287.dat
1 15 -90 -312 590 -1 0 0 0 1 0 0 0 -1 4287.dat
1 15 110 -328 390 1 0 0 0 1 0 0 0 1 6091.dat
1 15 110 -320 410 1 0 0 0 1 0 0 0 1 4589.dat
1 15 110 -320 450 1 0 0 0 1 0 0 0 1 4589.dat
1 4 110 -320 570 1 0 0 0 1 0 0 0 1 3005.dat
1 4 110 -320 500 0 0 1 0 1 0 -1 0 0 3004.dat
1 0 90 -312 570 0 0 1 0 1 0 -1 0 0 4085.dat
1 0 90 -320 590 0 0 1 0 1 0 -1 0 0 3623.dat
1 0 50 -304 720 0 0 -1 0 1 0 1 0 0 4623.dat
1 15 -110 -328 390 1 0 0 0 1 0 0 0 1 6091.dat
1 15 -110 -320 410 1 0 0 0 1 0 0 0 1 4589.dat
1 15 -110 -320 450 1 0 0 0 1 0 0 0 1 4589.dat
1 4 -110 -320 570 1 0 0 0 1 0 0 0 1 3005.dat
1 4 -110 -320 500 0 0 -1 0 1 0 1 0 0 3004.dat
1 0 -90 -312 570 0 0 -1 0 1 0 1 0 0 4085.dat
1 0 -90 -320 590 0 0 -1 0 1 0 1 0 0 3623.dat
1 0 -50 -304 720 0 0 1 0 1 0 -1 0 0 4623.dat
1 0 0 -296 600 1 0 0 0 1 0 0 0 1 6067.dat
1 15 0 -216 -410 1 0 0 0 1 0 0 0 1 4477.dat
1 7 0 -288 340 -1 0 0 0 1 0 0 0 -1 3034.dat
1 0 0 -312 350 -1 0 0 0 1 0 0 0 -1 3700.dat
1 0 0 -312 330 -1 0 0 0 1 0 0 0 -1 3004.dat
1 7 0 -320 330 1 0 0 0 1 0 0 0 1 3023.dat
1 46 30 -344 340 -1 0 0 0 1 0 0 0 -1 4589.dat
1 46 -30 -344 340 -1 0 0 0 1 0 0 0 -1 4589.dat
1 0 10 -328 340 0 0 -1 0 1 0 1 0 0 3794.dat
1 0 -10 -328 340 0 0 -1 0 1 0 1 0 0 3794.dat
1 0 0 -336 340 1 0 0 0 1 0 0 0 1 3794.dat
1 0 0 -344 340 1 0 0 0 1 0 0 0 1 3024.dat
1 6 0 -302 380 1 0 0 0 0 1 0 -1 0 4790.dat
1 7 0 -264 366 1 0 0 0 0 1 0 -1 0 2555.dat
1 7 0 -244 358 0 0 1 -1 0 0 0 -1 0 3623.dat
1 7 0 -234 366 0 0 1 -1 0 0 0 -1 0 3023.dat
1 7 0 -174 350 0 0 1 -1 0 0 0 -1 0 4477.dat
1 7 0 -114 358 0 0 1 -1 0 0 0 -1 0 2431.dat
1 15 110 -328 440 0 0 1 0 1 0 -1 0 0 3666.dat
1 15 -110 -328 440 0 0 1 0 1 0 -1 0 0 3666.dat
1 15 90 -320 650 -1 0 0 0 1 0 0 0 -1 2420.dat
1 0 90 -328 600 0 0 -1 0 1 0 1 0 0 3710.dat
1 15 -90 -320 650 0 0 1 0 1 0 -1 0 0 2420.dat
1 0 -90 -328 600 0 0 1 0 1 0 -1 0 0 3710.dat
1 15 0 -368 630 1 0 0 0 1 0 0 0 1 4215.dat
1 0 -110 -216 -390 1 0 0 0 1 0 0 0 1 2555.dat
1 0 110 -216 -390 1 0 0 0 1 0 0 0 1 2555.dat
1 0 -90 -328 510 1 0 0 0 1 0 0 0 1 3005.dat
1 0 90 -328 510 1 0 0 0 1 0 0 0 1 3005.dat
1 4 -50 -320 610 1 0 0 0 1 0 0 0 1 2357.dat
1 4 50 -320 610 0 0 -1 0 1 0 1 0 0 2357.dat
1 6 110 -222 -408 1 0 0 0 0 -1 0 1 0 2561.dat
1 6 -110 -222 -408 1 0 0 0 0 -1 0 1 0 2561.dat
1 0 0 -203.199 -382.892 1 0 0 0 0.259 0.966 0 -0.966 0.259 6019.dat
1 0 0 -209.411 -359.71 1 0 0 0 0.259 0.966 0 -0.966 0.259 4589.dat
1 7 0 -288 470 1 0 0 0 1 0 0 0 1 3666.dat
1 7 0 -288 410 1 0 0 0 1 0 0 0 1 3666.dat
1 7 0 -296 440 1 0 0 0 1 0 0 0 1 3035.dat
1 0 0 -344 430 1 0 0 0 1 0 0 0 1 4083.dat
1 7 0 -344 460 -1 0 0 0 1 0 0 0 -1 4345.dat
1 0 0 -344 460 -1 0 0 0 1 0 0 0 -1 4346.dat
1 6 1 -310 479 -0.149 -0.551 0.821 0.788 0.435 0.435 -0.597 0.712 0.37 2562.dat
1 14 -6 -325.695 484.252 -0.974 0.225 0 0.077 0.333 -0.94 -0.211 -0.916 -0.342 2343.dat
1 0 0.456 -368 459.563 -0.045 0 -0.999 0 1 0 0.999 0 -0.045 3043.dat
1 4 110 -344 540 0 0 1 0 1 0 -1 0 0 3659.dat
1 4 -110 -344 540 0 0 1 0 1 0 -1 0 0 3659.dat
1 0 -90 -352 540 0 0 1 0 1 0 -1 0 0 3659.dat
1 0 90 -352 540 0 0 1 0 1 0 -1 0 0 3659.dat
1 0 -90 -352 630 0 0 1 0 1 0 -1 0 0 3005.dat
1 0 90 -352 630 0 0 1 0 1 0 -1 0 0 3005.dat
1 4 60 -368 630 1 0 0 0 1 0 0 0 1 4864.dat
1 4 -60 -368 630 1 0 0 0 1 0 0 0 1 4864.dat
1 15 90 -416 650 0 0 -1 0 1 0 1 0 0 2339.dat
1 15 -90 -416 650 0 0 1 0 1 0 -1 0 0 2339.dat
1 0 0 -638 -260 1 0 0 0 1 0 0 0 1 2537.dat
1 0 0 -662 280 1 0 0 0 1 0 0 0 1 2537.dat
1 15 110 -360 510 1 0 0 0 1 0 0 0 1 6091.dat
1 15 -110 -360 510 1 0 0 0 1 0 0 0 1 6091.dat
1 15 110 -352 550 0 0 1 0 1 0 -1 0 0 3623.dat
1 15 -110 -352 550 0 0 1 0 1 0 -1 0 0 3623.dat
1 0 90 -376 600 0 0 1 0 1 0 -1 0 0 3659.dat
1 0 -90 -376 600 0 0 1 0 1 0 -1 0 0 3659.dat
1 15 90 -376 550 1 0 0 0 1 0 0 0 1 4286.dat
1 15 -90 -376 550 1 0 0 0 1 0 0 0 1 4286.dat
1 4 0 -392 630 1 0 0 0 1 0 0 0 1 3008.dat
1 4 0 -400 630 1 0 0 0 1 0 0 0 1 3710.dat
1 0 -30 -408 630 1 0 0 0 1 0 0 0 1 4085.dat
1 0 30 -408 630 1 0 0 0 1 0 0 0 1 4085.dat
1 4 0 -408 630 1 0 0 0 1 0 0 0 1 3023.dat
1 4 0 -416 640 1 0 0 0 1 0 0 0 1 3020.dat
1 8 0 -642 -260 1 0 0 0 1 0 0 0 1 2539.dat
1 8 0 -666 280 1 0 0 0 1 0 0 0 1 2539.dat
1 0 0 -334 -362 -1 0 0 0 -1 0 0 0 1 3460.dat
1 0 0 -326 -342 0 0 -1 0 -1 0 -1 0 0 3021.dat
1 0 -140 -326 -362 1 0 0 0 -1 0 0 0 -1 4477.dat
1 0 140 -326 -362 1 0 0 0 -1 0 0 0 -1 4477.dat
1 0 0 -318 -322 1 0 0 0 -1 0 0 0 -1 4623.dat
1 0 0 -318 -362 -1 0 0 0 -1 0 0 0 1 3460.dat
1 0 240 -318 -362 -1 0 0 0 -1 0 0 0 1 3184.dat
1 0 -240 -318 -362 -1 0 0 0 -1 0 0 0 1 3184.dat
1 0 0 -310 -342 0 0 -1 0 -1 0 -1 0 0 3021.dat
1 0 -120 -310 -362 1 0 0 0 -1 0 0 0 -1 4477.dat
1 0 120 -310 -362 1 0 0 0 -1 0 0 0 -1 4477.dat
1 0 0 -358 178 -1 0 0 0 -1 0 0 0 1 3460.dat
1 0 0 -350 198 0 0 -1 0 -1 0 -1 0 0 3021.dat
1 0 -140 -350 178 1 0 0 0 -1 0 0 0 -1 4477.dat
1 0 140 -350 178 1 0 0 0 -1 0 0 0 -1 4477.dat
1 0 0 -342 218 1 0 0 0 -1 0 0 0 -1 4623.dat
1 0 0 -342 178 -1 0 0 0 -1 0 0 0 1 3460.dat
1 0 240 -342 178 -1 0 0 0 -1 0 0 0 1 3184.dat
1 0 -240 -342 178 -1 0 0 0 -1 0 0 0 1 3184.dat
1 0 0 -334 198 0 0 -1 0 -1 0 -1 0 0 3021.dat
1 0 -120 -334 178 1 0 0 0 -1 0 0 0 -1 4477.dat
1 0 120 -334 178 1 0 0 0 -1 0 0 0 -1 4477.dat
1 15 90 -400 590 1 0 0 0 1 0 0 0 1 4286.dat
1 15 -90 -400 590 1 0 0 0 1 0 0 0 1 4286.dat
1 15 90 -384 620 0 0 1 0 1 0 -1 0 0 3023.dat
1 15 90 -392 630 0 0 1 0 1 0 -1 0 0 3623.dat
1 15 90 -400 620 0 0 1 0 1 0 -1 0 0 3023.dat
1 15 -90 -384 620 0 0 1 0 1 0 -1 0 0 3023.dat
1 15 -90 -392 630 0 0 1 0 1 0 -1 0 0 3623.dat
1 15 -90 -400 620 0 0 1 0 1 0 -1 0 0 3023.dat
1 4 0 -424 640 -1 0 0 0 1 0 0 0 -1 3176.dat
1 0 0 -344 340 -1 0 0 0 1 0 0 0 -1 74948.dat
1 0 0 -570 -322 -1 0 0 0 -1 0 0 0 1 3460.dat
1 0 100 -578 -322 -1 0 0 0 -1 0 0 0 1 4477.dat
1 0 -100 -578 -322 -1 0 0 0 -1 0 0 0 1 4477.dat
1 0 -220 -570 -322 -1 0 0 0 -1 0 0 0 1 3184.dat
1 0 220 -570 -322 -1 0 0 0 -1 0 0 0 1 3184.dat
1 0 0 -562 -322 1 0 0 0 -1 0 0 0 -1 4623.dat
1 0 120 -562 -322 -1 0 0 0 -1 0 0 0 1 4477.dat
1 0 -120 -562 -322 -1 0 0 0 -1 0 0 0 1 4477.dat
1 0 0 -554 -322 -1 0 0 0 -1 0 0 0 1 3460.dat
1 0 0 -594 218 -1 0 0 0 -1 0 0 0 1 3460.dat
1 0 100 -602 218 -1 0 0 0 -1 0 0 0 1 4477.dat
1 0 -100 -602 218 -1 0 0 0 -1 0 0 0 1 4477.dat
1 0 -220 -594 218 -1 0 0 0 -1 0 0 0 1 3184.dat
1 0 220 -594 218 -1 0 0 0 -1 0 0 0 1 3184.dat
1 0 0 -586 218 1 0 0 0 -1 0 0 0 -1 4623.dat
1 0 120 -586 218 -1 0 0 0 -1 0 0 0 1 4477.dat
1 0 -120 -586 218 -1 0 0 0 -1 0 0 0 1 4477.dat
1 0 0 -578 218 -1 0 0 0 -1 0 0 0 1 3460.dat
1 6 -70 -330 570 1 0 0 0 -1 0 0 0 -1 2561.dat
1 6 -30 -409 610 1 0 0 0 1 0 0 0 1 2561.dat
1 8 30 -405 610 -1 0 0 0 -1 0 0 0 1 2530.dat
1 8 70 -310 570 0 0 1 0 1 0 -1 0 0 2530.dat
1 15 70 -416 650 0 0 -1 0 1 0 1 0 0 3040.dat
1 15 -70 -416 650 0 0 1 0 1 0 -1 0 0 3040.dat
1 4 0 -432 650 -1 0 0 0 1 0 0 0 -1 3023.dat
1 4 0 -440 650 -1 0 0 0 1 0 0 0 -1 3023.dat
1 0 30 -666 -250 -1 0 0 0 1 0 0 0 -1 3062.dat
1 0 30 -690 -250 -1 0 0 0 1 0 0 0 -1 3062.dat
1 0 -30 -666 -250 -1 0 0 0 1 0 0 0 -1 3062.dat
1 0 -30 -690 -250 -1 0 0 0 1 0 0 0 -1 3062.dat
1 7 0 -690 -300 -1 0 0 0 1 0 0 0 -1 73037.dat
1 0 22.627 -579 -197.373 0.707 0 -0.707 0 -1 0 -0.707 0 -0.707 3022.dat
1 0 29.697 -571 -190.303 0.707 0 -0.707 0 -1 0 -0.707 0 -0.707 2452.dat
1 0 15.557 -571 -204.443 -0.707 0 0.707 0 -1 0 0.707 0 0.707 4623.dat
1 0 85.2828 -613.464 -134.7172 -0.612262 0.3535 0.707 0.5 0.866 0 -0.612262 0.3535 -0.707 4504.dat
1 0 22.627 -563 -197.373 0.707 0 -0.707 0 -1 0 -0.707 0 -0.707 3022.dat
1 0 131.4371 -660.392 -88.5629 0.612262 0.3535 -0.707 -0.5 0.866 0 0.612262 0.3535 0.707 3666.dat
1 15 30 -440 650 0 0 -1 0 1 0 1 0 0 4286.dat
1 15 -30 -440 650 0 0 1 0 1 0 -1 0 0 4286.dat
1 0 -30 -698 -280 0 0 1 0 1 0 -1 0 0 3710.dat
1 0 30 -698 -280 0 0 1 0 1 0 -1 0 0 3710.dat
1 4 130 -286 564 0 0 -1 -1 0 0 0 1 0 3048.dat
1 4 -130 -284 564 0 0 1 1 0 0 0 1 0 3048.dat
1 4 80 -80 200 0 0 -1 0 1 0 1 0 0 2527.dat
1 8 110 -108 200 0 0 -1 0 1 0 1 0 0 2533.dat
1 7 171 -108 200 0 -1 0 0 0 -1 1 0 0 3062.dat
1 7 50 -96 170 0 0 -1 0 1 0 1 0 0 3062.dat
1 7 30 -96 190 0 0 -1 0 1 0 1 0 0 3062.dat
1 7 30 -96 210 0 0 -1 0 1 0 1 0 0 3062.dat
1 7 50 -96 230 0 0 -1 0 1 0 1 0 0 3062.dat
1 7 50 -120 170 0 0 -1 0 1 0 1 0 0 3062.dat
1 4 80 -80 80 0 0 -1 0 1 0 1 0 0 2527.dat
1 8 110 -108 80 0 0 -1 0 1 0 1 0 0 2533.dat
1 7 171 -108 80 0 -1 0 0 0 -1 1 0 0 3062.dat
1 7 50 -96 50 0 0 -1 0 1 0 1 0 0 3062.dat
1 7 30 -96 70 0 0 -1 0 1 0 1 0 0 3062.dat
1 7 30 -96 90 0 0 -1 0 1 0 1 0 0 3062.dat
1 7 50 -96 110 0 0 -1 0 1 0 1 0 0 3062.dat
1 7 50 -120 50 0 0 -1 0 1 0 1 0 0 3062.dat
1 4 -80 -80 -40 0 0 1 0 1 0 -1 0 0 2527.dat
1 8 -110 -108 -40 0 0 1 0 1 0 -1 0 0 2533.dat
1 7 -171 -108 -40 0 1 0 0 0 -1 -1 0 0 3062.dat
1 7 -50 -96 -10 0 0 1 0 1 0 -1 0 0 3062.dat
1 7 -30 -96 -30 0 0 1 0 1 0 -1 0 0 3062.dat
1 7 -30 -96 -50 0 0 1 0 1 0 -1 0 0 3062.dat
1 7 -50 -96 -70 0 0 1 0 1 0 -1 0 0 3062.dat
1 7 -50 -120 -10 0 0 1 0 1 0 -1 0 0 3062.dat
1 4 -80 -80 -160 0 0 1 0 1 0 -1 0 0 2527.dat
1 8 -110 -108 -160 0 0 1 0 1 0 -1 0 0 2533.dat
1 7 -171 -108 -160 0 1 0 0 0 -1 -1 0 0 3062.dat
1 7 -50 -96 -130 0 0 1 0 1 0 -1 0 0 3062.dat
1 7 -30 -96 -150 0 0 1 0 1 0 -1 0 0 3062.dat
1 7 -30 -96 -170 0 0 1 0 1 0 -1 0 0 3062.dat
1 7 -50 -96 -190 0 0 1 0 1 0 -1 0 0 3062.dat
1 7 -50 -120 -130 0 0 1 0 1 0 -1 0 0 3062.dat
1 15 0 -488 650 1 0 0 0 1 0 0 0 1 4088.dat
1 7 -70 -240 690 1 0 0 0 1 0 0 0 1 3023.dat
1 7 50 -240 690 1 0 0 0 1 0 0 0 1 3023.dat
1 7 50 -240 750 1 0 0 0 1 0 0 0 1 3023.dat
1 7 -70 -240 750 1 0 0 0 1 0 0 0 1 3023.dat
1 7 -70 -248 720 0 0 1 0 1 0 -1 0 0 3020.dat
1 7 50 -248 720 0 0 1 0 1 0 -1 0 0 3020.dat
1 16 60 -266 690 1 0 0 0 1 0 0 0 1 752.dat
1 16 60 -266 690 1 0 0 0 -1 0 0 0 -1 755.dat
1 16 60 -266 750 1 0 0 0 1 0 0 0 1 752.dat
1 16 60 -266 750 1 0 0 0 -1 0 0 0 -1 755.dat
1 16 60.0174 -271.9789 690.0651 0.999961 -0.008807 -0.000097 0.008806 0.999421 0.032873 -0.000193 -0.032873 0.99946 754.dat
1 16 60.0712 -274.6796 690.2677 0.99966 -0.02607 -0.000421 0.025985 0.994797 0.098508 -0.002149 -0.098486 0.995136 754.dat
1 16 60.1617 -277.1129 690.6131 0.999147 -0.041291 -0.000735 0.040887 0.986562 0.158187 -0.005806 -0.158082 0.987409 754.dat
1 16 60.2893 -279.5184 691.1075 0.998409 -0.056374 -0.001034 0.055228 0.97409 0.219313 -0.011356 -0.219021 0.975654 754.dat
1 16 60.4535 -281.8854 691.7529 0.99747 -0.071084 -0.001249 0.068564 0.957163 0.281315 -0.018801 -0.280689 0.959615 754.dat
1 16 60.6527 -284.2029 692.5503 0.996365 -0.085172 -0.001306 0.080434 0.935671 0.343585 -0.028042 -0.342442 0.939121 754.dat
1 16 60.8851 -286.4597 693.4986 0.995148 -0.098386 -0.001136 0.090393 0.909617 0.405495 -0.038862 -0.40363 0.914097 754.dat
1 16 61.1478 -288.6456 694.5942 0.993894 -0.110333 -0.000653 0.097942 0.87952 0.465674 -0.050805 -0.462895 0.884956 754.dat
1 16 61.4387 -290.7462 695.8389 0.992582 -0.121576 -0.000039 0.103267 0.842935 0.528012 -0.06416 -0.5241 0.849237 754.dat
1 16 61.7532 -292.7539 697.2236 0.991455 -0.130446 0.001037 0.105266 0.80472 0.584247 -0.077047 -0.579145 0.811575 754.dat
1 16 62.0859 -294.6649 698.7347 0.990531 -0.137266 0.002481 0.104431 0.765079 0.635411 -0.089119 -0.629136 0.77217 754.dat
1 16 62.433 -296.4655 700.3726 0.989751 -0.142753 0.003751 0.100948 0.717997 0.688687 -0.101006 -0.68125 0.725049 754.dat
1 16 62.7894 -298.1482 702.1298 0.989307 -0.145757 0.005115 0.094853 0.669645 0.736599 -0.11079 -0.728238 0.67631 754.dat
1 16 63.1491 -299.7064 703.9977 0.989211 -0.146365 0.006277 0.086494 0.618074 0.781347 -0.118242 -0.772374 0.624065 754.dat
1 16 63.5055 -301.1313 705.9695 0.989511 -0.144284 0.007066 0.076194 0.562847 0.823042 -0.122729 -0.81387 0.567937 754.dat
1 16 63.8514 -302.4125 708.0392 0.990257 -0.139062 0.007321 0.064278 0.503098 0.861836 -0.123532 -0.852968 0.507134 754.dat
1 16 64.1771 -303.533 710.203 0.991541 -0.129614 0.006795 0.050756 0.435398 0.898806 -0.119457 -0.890859 0.438293 754.dat
1 16 64.4721 -304.4802 712.452 0.993252 -0.115833 0.005772 0.037023 0.363845 0.930724 -0.109909 -0.924229 0.365678 754.dat
1 16 64.7202 -305.2253 714.7803 0.995512 -0.094558 0.003864 0.022607 0.277259 0.960529 -0.091897 -0.956131 0.278152 754.dat
1 16 64.9011 -305.7355 717.1761 0.997903 -0.064701 0.001724 0.009845 0.178064 0.98397 -0.063971 -0.981889 0.178328 754.dat
1 16 64.94 -305.8458 719.3966 0.999985 0.005503 0.000106 -0.000034 -0.013043 0.999915 0.005504 -0.9999 -0.013043 756.dat
1 16 64.8694 -305.6618 723.6155 0.997523 -0.070271 -0.003272 0.010121 0.189385 -0.981851 0.069615 0.979385 0.189627 754.dat
1 16 64.6771 -305.1303 726.007 0.99527 -0.096978 -0.005758 0.021676 0.279456 -0.959914 0.0947 0.955248 0.280236 754.dat
1 16 64.4241 -304.3839 728.335 0.993126 -0.116777 -0.007951 0.034903 0.360298 -0.932184 0.111723 0.925499 0.361897 754.dat
1 16 64.1261 -303.4413 730.5853 0.991265 -0.131518 -0.009813 0.049147 0.437421 -0.897913 0.122384 0.889588 0.440063 754.dat
1 16 63.7958 -302.3166 732.7463 0.989989 -0.140735 -0.010751 0.062315 0.504156 -0.861361 0.126644 0.852068 0.507879 754.dat
1 16 63.4456 -301.0299 734.8116 0.989176 -0.146313 -0.011147 0.074748 0.567803 -0.819764 0.126272 0.810057 0.572593 754.dat
1 16 63.0841 -299.5898 736.7712 0.98886 -0.148444 -0.010939 0.085587 0.627189 -0.774151 0.121779 0.764591 0.632907 754.dat
1 16 62.7196 -298.0066 738.6165 0.989006 -0.14752 -0.010207 0.094304 0.682387 -0.724882 0.1139 0.715951 0.688797 754.dat
1 16 62.3594 -296.2906 740.34 0.989554 -0.143878 -0.009088 0.100489 0.73359 -0.672122 0.103371 0.664187 0.740385 754.dat
1 16 62.0099 -294.4515 741.9338 0.990431 -0.137789 -0.007735 0.103809 0.780773 -0.61613 0.090935 0.609432 0.787606 754.dat
1 16 61.6766 -292.501 743.3932 0.991497 -0.129983 -0.006166 0.104239 0.821707 -0.560296 0.077896 0.554889 0.82827 754.dat
1 16 61.3645 -290.4506 744.7131 0.992819 -0.119527 -0.004871 0.101293 0.861625 -0.497335 0.063642 0.49327 0.867545 754.dat
1 16 61.0786 -288.3076 745.8842 0.994105 -0.108364 -0.003521 0.095877 0.893792 -0.438113 0.050623 0.435192 0.898913 754.dat
1 16 60.8215 -286.0877 746.9097 0.995435 -0.095405 -0.002487 0.087497 0.922716 -0.37542 0.038111 0.373489 0.926851 754.dat
1 16 60.5972 -283.7999 747.7824 0.996703 -0.08112 -0.00171 0.076553 0.947159 -0.311495 0.026888 0.310337 0.950246 754.dat
1 16 60.4081 -281.4564 748.5026 0.997758 -0.06691 -0.001071 0.064487 0.965655 -0.251698 0.017876 0.251064 0.967805 754.dat
