0 Main
0 Name: 42038-1 - Arctic Truck.mpd
0 Author: LTRON
1 0 0 -40 0 -1 0 0 0 0 1 0 1 0 32526.dat
1 0 0 -20 10 0 1 0 0 0 1 1 0 0 2780.dat
1 0 0 20 10 0 1 0 0 0 1 1 0 0 2780.dat
1 71 0 40 20 1 0 0 0 0 1 0 -1 0 32524.dat
1 72 0 0 50 0 -1 0 0 0 1 -1 0 0 87083.dat
1 72 0 40 50 0 -1 0 0 0 1 -1 0 0 87083.dat
1 71 0 0 40 0 -1 0 1 0 0 0 0 1 94925.dat
1 4 0 40 40 -0.1736 -0.9848 0 0.9848 -0.1736 0 0 0 1 18946.dat
1 1 0 80 40 0 -1 0 0 0 -1 1 0 0 6558.dat
1 72 0 80 40 1 0 0 0 0 -1 0 1 0 18654.dat
1 71 20 40 60 0 1 0 0 0 -1 -1 0 0 32524.dat
1 71 0 80 60 -1 0 0 0 1 0 0 0 -1 32184.dat
1 71 0 60 60 1 0 0 0 1 0 0 0 1 4519.dat
1 71 0 20 60 0 0 -1 0 1 0 1 0 0 48989.dat
1 0 0 100 60 -1 0 0 0 1 0 0 0 -1 18651.dat
1 71 -20 40 60 0 1 0 0 0 -1 -1 0 0 32524.dat
1 0 0 0 90 0 1 0 1 0 0 0 0 -1 59443.dat
1 71 0 40 80 0 -1 0 1 0 0 0 0 1 94925.dat
1 4 0 0 110 0 -1 0 0 0 -1 1 0 0 32062.dat
1 0 0 80 10 1 0 0 0 0 -1 0 1 0 48496.dat
1 28 0 80 -40 0 -1 0 0 0 -1 1 0 0 15462.dat
1 19 0 80 -3 0 1 0 1 0 0 0 0 -1 6589.dat
1 72 0 15 -20 0 -1 0 -1 0 0 0 0 -1 59426.dat
1 19 0 63 -20 1 0 0 0 0 1 0 -1 0 6589.dat
1 15 0 30 -20 0 0 1 -1 0 0 0 -1 0 62462.dat
1 15 0 0 -20 0 0 1 -1 0 0 0 -1 0 32034.dat
1 14 0 -15 -20 1 0 0 0 0 -1 0 1 0 32123.dat
1 72 -40 0 -20 1 0 0 0 0 -1 0 1 0 11214.dat
1 72 40 0 -20 -1 0 0 0 0 -1 0 -1 0 11214.dat
1 71 -40 40 0 0 1 0 1 0 0 0 0 -1 64178.dat
1 71 -40 40 40 1 0 0 0 -1 0 0 0 -1 48989.dat
1 15 -40 40 20 1 0 0 0 0 1 0 -1 0 32523.dat
1 72 -40 40 10 0 0 -1 0 -1 0 -1 0 0 55013.dat
1 71 -40 40 -40 0 1 0 1 0 0 0 0 -1 94925.dat
1 4 -40 40 -20 0 1 0 1 0 0 0 0 -1 3713.dat
1 1 -60 0 60 -1 0 0 0 1 0 0 0 -1 6558.dat
1 72 -40 80 60 -1 0 0 0 1 0 0 0 -1 11214.dat
1 0 -50 80 20 -1 0 0 0 1 0 0 0 -1 2780.dat
1 0 -50 80 -20 -1 0 0 0 1 0 0 0 -1 2780.dat
1 72 -40 80 -60 -1 0 0 0 1 0 0 0 -1 11214.dat
1 0 -60 80 0 0 1 0 1 0 0 0 0 -1 32316.dat
1 0 -50 0 20 -1 0 0 0 1 0 0 0 -1 2780.dat
1 1 -40 0 -60 1 0 0 0 -1 0 0 0 -1 6558.dat
1 0 -70 80 40 -1 0 0 0 1 0 0 0 -1 2780.dat
1 0 -70 80 -40 -1 0 0 0 1 0 0 0 -1 2780.dat
1 15 0 80 -30 0 0 1 0 1 0 -1 0 0 62462.dat
1 19 -40 40 73 -1 0 0 0 -1 0 0 0 1 6589.dat
1 19 0 20 -40 1 0 0 0 1 0 0 0 1 32269.dat
1 19 0 20 -50 0 0 -1 0 1 0 1 0 0 3749.dat
1 71 0 0 -60 0 0 -1 0 1 0 1 0 0 48989.dat
1 71 -20 40 -60 0 1 0 0 0 -1 -1 0 0 32524.dat
1 71 20 40 -60 0 1 0 0 0 -1 -1 0 0 32524.dat
1 1 0 60 -60 1 0 0 0 0 1 0 -1 0 6558.dat
1 1 0 100 -60 1 0 0 0 0 1 0 -1 0 6558.dat
1 72 0 80 -100 0 1 0 -1 0 0 0 0 1 92911.dat
1 71 0 80 -100 1 0 0 0 -1 0 0 0 -1 62519.dat
1 71 0 80 -100 0 -1 0 1 0 0 0 0 1 62520.dat
1 71 0 80 -100 -1 0 0 0 0.8851 0.4654 0 0.4654 -0.8851 62520.dat
1 71 0 98.6199 -135.402 0 0 1 0.4654 0.8851 0 -0.8851 0.4654 0 4519.dat
1 0 -40 20 -70 0 0 -1 0 1 0 1 0 0 2780.dat
1 0 -40 60 -70 0 0 -1 0 1 0 1 0 0 2780.dat
1 15 -40 40 -80 1 0 0 0 0 -1 0 1 0 32523.dat
1 72 40 0 -20 0 1 0 0 0 -1 -1 0 0 18654.dat
1 1 40 0 -60 1 0 0 0 0 1 0 -1 0 6558.dat
1 71 40 40 60 0 -1 0 0 0 -1 1 0 0 14720.dat
1 0 40 40 50 0 -1 0 0 0 -1 1 0 0 3705.dat
1 71 40 40 80 0 1 0 1 0 0 0 0 -1 94925.dat
1 4 40 40 40 0 1 0 1 0 0 0 0 -1 18946.dat
1 15 40 40 0 0 1 0 1 0 0 0 0 -1 18948.dat
1 72 40 40 0 0 1 0 1 0 0 0 0 -1 18947.dat
1 0 40 40 -50 0 -1 0 0 0 -1 1 0 0 3705.dat
1 4 40 40 -40 0 1 0 1 0 0 0 0 -1 18946.dat
1 71 40 40 -60 0 -1 0 0 0 -1 1 0 0 14720.dat
1 19 40 40 -73 -1 0 0 0 1 0 0 0 -1 6589.dat
1 1 60 0 -80 1 0 0 0 1 0 0 0 1 6558.dat
1 1 60 0 -40 1 0 0 0 1 0 0 0 1 6558.dat
1 1 60 0 60 1 0 0 0 1 0 0 0 1 6558.dat
1 0 60 0 0 0 -1 0 1 0 0 0 0 1 32278.dat
1 0 50 0 120 -1 0 0 0 -1 0 0 0 1 2780.dat
1 1 60 0 40 -1 0 0 0 1 0 0 0 -1 6558.dat
1 0 70 0 20 -1 0 0 0 -1 0 0 0 1 2780.dat
1 0 42 0 0 -1 0 0 0 -1 0 0 0 1 18651.dat
1 4 40 -20 0 -1 0 0 0 0 -1 0 -1 0 6641.dat
1 4 19 0 0 0 0 -1 1 0 0 0 -1 0 3713.dat
1 71 40 -28 0 0 0 -1 1 0 0 0 -1 0 2736.dat
1 15 80 0 20 0 -1 0 1 0 0 0 0 1 32523.dat
1 1 80 0 140 1 0 0 0 1 0 0 0 1 6558.dat
1 0 70 0 -140 -1 0 0 0 -1 0 0 0 1 2780.dat
1 1 60 80 40 1 0 0 0 1 0 0 0 1 6558.dat
1 1 60 80 -40 1 0 0 0 1 0 0 0 1 6558.dat
1 72 40 80 -60 1 0 0 0 1 0 0 0 1 11214.dat
1 72 40 80 60 1 0 0 0 1 0 0 0 1 11214.dat
1 0 60 80 0 0 -1 0 1 0 0 0 0 1 32316.dat
1 0 60 0 180 0 -1 0 -0.6 0 0.8 -0.8 0 -0.6 6629.dat
1 0 80 80 100 -1 0 0 0 -1 0 0 0 1 15100.dat
1 1 80 80 100 0 -1 0 1 0 0 0 0 1 6558.dat
1 0 0 60 100 0 0 -1 0 1 0 1 0 0 40490.dat
1 0 -60 50 100 0 -1 0 1 0 0 0 0 1 2780.dat
1 0 60 50 100 0 -1 0 1 0 0 0 0 1 2780.dat
1 71 0 40 100 0 0 1 0 1 0 -1 0 0 32524.dat
1 0 60 0 180 -1 0 0 0 0.8 -0.6 0 -0.6 -0.8 18651.dat
1 0 70 80 120 -1 0 0 0 1 0 0 0 -1 6628.dat
1 71 40 0 180 0 -1 0 1 0 0 0 0 1 32524.dat
1 19 30 0 140 -1 0 0 0 -1 0 0 0 1 32002.dat
1 1 -20 80 100 0 -1 0 1 0 0 0 0 1 6558.dat
1 1 20 80 100 0 -1 0 1 0 0 0 0 1 6558.dat
1 72 0 80 140 1 0 0 0 -1 0 0 0 -1 92911.dat
1 19 -40 20 100 1 0 0 0 0 -1 0 1 0 32269.dat
1 72 -40 10 100 0 0 -1 1 0 0 0 -1 0 55013.dat
1 71 0 0 140 0 -1 0 0.9701 0 0.2425 -0.2425 0 0.9701 62520.dat
1 71 0 0 140 1 0 0 0 -1 0 0 0 -1 62519.dat
1 71 0 0 140 1 0 0 0 -1 0 0 0 -1 62520.dat
1 72 0 40 300 1 0 0 0 0.9701 0.2425 0 -0.2425 0.9701 92696.dat
1 25 0 7.2761 169.1043 1 0 0 0 0.9701 0.2425 0 -0.2425 0.9701 92695.dat
1 71 0 0 140 1 0 0 0 0.9701 0.2425 0 -0.2425 0.9701 92693.dat
1 0 -60 0 0 0 -1 0 1 0 0 0 0 1 32278.dat
1 19 -30 0 140 1 0 0 0 -1 0 0 0 -1 32002.dat
1 71 -40 0 180 0 -1 0 1 0 0 0 0 1 32524.dat
1 0 -50 0 120 -1 0 0 0 1 0 0 0 -1 2780.dat
1 0 -50 0 -120 -1 0 0 0 1 0 0 0 -1 2780.dat
1 1 -60 0 -140 -1 0 0 0 1 0 0 0 -1 6558.dat
1 0 -40 -10 -130 0 0 -1 0 1 0 1 0 0 32000.dat
1 0 -60 0 180 0 -1 0 -0.6 0 0.8 -0.8 0 -0.6 6629.dat
1 0 -60 0 180 1 0 0 0 0.6 -0.8 0 0.8 0.6 18651.dat
1 0 -70 80 120 1 0 0 0 1 0 0 0 1 6628.dat
1 0 -80 80 100 1 0 0 0 -1 0 0 0 -1 15100.dat
1 1 -80 80 100 0 1 0 1 0 0 0 0 -1 6558.dat
1 1 -80 0 140 -1 0 0 0 1 0 0 0 -1 6558.dat
1 0 -70 0 40 -1 0 0 0 1 0 0 0 -1 2780.dat
1 0 -70 0 0 -1 0 0 0 1 0 0 0 -1 2780.dat
1 0 -70 0 -40 -1 0 0 0 1 0 0 0 -1 2780.dat
1 15 -80 0 20 0 -1 0 1 0 0 0 0 1 32523.dat
1 19 -60 0 220 -1 0 0 0 -0.9327 -0.3606 0 -0.3606 0.9327 32556.dat
1 19 60 0 220 1 0 0 0 -0.9327 0.3606 0 -0.3606 -0.9327 32556.dat
1 71 -60 22.2604 217.8849 0 1 0 -0.3606 0 0.9327 0.9327 0 0.3606 41678.dat
1 71 60 22.2604 217.8849 0 1 0 -0.3606 0 0.9327 0.9327 0 0.3606 41678.dat
1 4 -60 22.2604 217.8849 0 1 0 -0.3606 0 0.9327 0.9327 0 0.3606 32062.dat
1 4 60 22.2604 217.8849 0 1 0 -0.3606 0 0.9327 0.9327 0 0.3606 32062.dat
1 16 -60 22.2604 217.8849 0.9839 -0.1789 0 0.1668 0.9177 -0.3606 0.0645 0.3548 0.9327 4255.dat
1 0 -79.679 123.2074 256.9129 0.9839 -0.1789 0 0.1668 0.9177 -0.3606 0.0645 0.3548 0.9327 4254.dat
1 16 60 22.2604 217.8849 0.9839 0.1789 0 -0.1668 0.9177 -0.3606 -0.0645 0.3548 0.9327 4255.dat
1 0 79.679 123.2074 256.9129 0.9839 0.1789 0 -0.1668 0.9177 -0.3606 -0.0645 0.3548 0.9327 4254.dat
1 71 -80 0 180 0 1 0 -1 0 0 0 0 1 41239.dat
1 71 80 0 180 0 1 0 -1 0 0 0 0 1 41239.dat
1 1 -80 0 80 1 0 0 0 1 0 0 0 1 6558.dat
1 1 80 0 80 -1 0 0 0 -1 0 0 0 1 6558.dat
1 0 -90 0 120 -1 0 0 0 1 0 0 0 -1 2780.dat
1 0 90 0 120 -1 0 0 0 1 0 0 0 -1 2780.dat
1 71 100 -20 100 0 0 -1 0 1 0 1 0 0 63869.dat
1 71 -100 -20 100 0 0 -1 0 1 0 1 0 0 63869.dat
1 71 100 -20 100 0 0 -1 0 1 0 1 0 0 4519.dat
1 71 -100 -20 100 0 0 -1 0 1 0 1 0 0 4519.dat
1 72 0 -20 120 0 0 -1 -1 0 0 0 1 0 32525.dat
1 72 0 -20 80 0 0 -1 -1 0 0 0 1 0 32525.dat
1 1 -60 -20 100 0 -1 0 0 0 1 -1 0 0 6558.dat
1 1 -20 -20 100 0 -1 0 0 0 1 -1 0 0 6558.dat
1 71 40 -20 100 0 -1 0 -1 0 0 0 0 -1 48989.dat
1 71 -40 -40 100 -1 0 0 0 1 0 0 0 -1 99009.dat
1 0 -40 -40 100 0 0 -1 0 1 0 1 0 0 99010.dat
1 1 20 -30 100 0 0 1 -1 0 0 0 -1 0 43093.dat
1 19 20 -40 100 -1 0 0 0 0 1 0 1 0 32269.dat
1 71 0 80 140 0 -1 0 0.8912 0 0.4537 -0.4537 0 0.8912 62520.dat
1 71 0 80 140 1 0 0 0 -1 0 0 0 -1 62519.dat
1 71 0 80 140 1 0 0 0 -1 0 0 0 -1 62520.dat
1 71 0 80 100 0 0 -1 0 -1 0 -1 0 0 4519.dat
1 71 0 98.1468 175.6468 0 0 -1 -0.4537 -0.8912 0 -0.8912 0.4537 0 4519.dat
1 71 0 80 80 0 -1 0 1 0 0 0 0 1 94925.dat
1 0 0 100 100 0 0 -1 0 1 0 1 0 0 40490.dat
1 0 0 -40 -20 0 -1 0 0 0 -1 1 0 0 59443.dat
1 4 0 -60 -20 0 0 1 1 0 0 0 1 0 32062.dat
1 0 0 -70 -20 -1 0 0 0 0 1 0 1 0 32270.dat
1 0 60 0 -180 0 1 0 -0.6 0 0.8 0.8 0 0.6 6629.dat
1 0 70 80 -80 -1 0 0 0 1 0 0 0 -1 6628.dat
1 1 50 80 -120 -1 0 0 0 1 0 0 0 -1 43093.dat
1 71 40 80 -120 -1 0 0 0 0 1 0 1 0 6536.dat
1 0 60 0 -180 -1 0 0 0 0.6 -0.8 0 -0.8 -0.6 18651.dat
1 19 40 70 -100 0 0 -1 -1 0 0 0 1 0 3749.dat
1 0 40 50 -100 0 -1 0 0 0 -1 1 0 0 59443.dat
1 25 80 0 -140 0 1 0 1 0 0 0 0 -1 41239.dat
1 0 90 0 -260 -1 0 0 0 1 0 0 0 -1 2780.dat
1 0 40 10 -100 0 1 0 -1 0 0 0 0 1 3705.dat
1 19 40 23 -100 0 1 0 0 0 -1 -1 0 0 32198.dat
1 19 40 17 -100 0 1 0 0 0 1 1 0 0 32198.dat
1 1 50 0 -120 -1 0 0 0 1 0 0 0 -1 43093.dat
1 71 40 0 -120 -1 0 0 0 0 1 0 1 0 6536.dat
1 0 30 0 -180 0 0 -1 -0.8 -0.6 0 -0.6 0.8 0 59443.dat
1 71 0 0 -180 -1 0 0 0 -0.8 -0.6 0 -0.6 0.8 4519.dat
1 0 -30 0 -180 0 0 -1 -0.8 -0.6 0 -0.6 0.8 0 59443.dat
1 0 40 -30 -100 0 -1 0 0 0 -1 1 0 0 59443.dat
1 4 40 -50 -100 0 0 1 1 0 0 0 1 0 32062.dat
1 0 40 -70 -100 0 -1 0 0 0 -1 1 0 0 59443.dat
1 0 -60 0 -180 0 1 0 -0.6 0 0.8 0.8 0 0.6 6629.dat
1 0 -70 80 -80 1 0 0 0 1 0 0 0 1 6628.dat
1 0 -60 0 -180 1 0 0 0 0.8 -0.6 0 0.6 0.8 18651.dat
1 4 60 0 -240 1 0 0 0 -0.4362 0.8998 0 -0.8998 -0.4362 32054.dat
1 71 60 22.3585 -239.7242 0 1 0 0.4362 0 0.8998 0.8998 0 -0.4362 41678.dat
1 71 0 0 -240 1 0 0 0 -0.4362 0.8998 0 -0.8998 -0.4362 32073.dat
1 4 -60 0 -240 -1 0 0 0 0.4362 0.8998 0 0.8998 -0.4362 32054.dat
1 71 -60 22.3585 -239.7242 0 1 0 0.4362 0 0.8998 0.8998 0 -0.4362 41678.dat
1 4 -60 22.3585 -239.7242 0 1 0 0.4362 0 0.8998 0.8998 0 -0.4362 32062.dat
1 4 60 22.3585 -239.7242 0 1 0 0.4362 0 0.8998 0.8998 0 -0.4362 32062.dat
1 16 60 22.3585 -239.7242 0.9833 0.1818 0 -0.1636 0.8848 0.4362 0.0793 -0.4289 0.8998 4255.dat
1 0 79.998 119.6865 -286.9032 0.9833 0.1818 0 -0.1636 0.8848 0.4362 0.0793 -0.4289 0.8998 4254.dat
1 4 -80 119.6887 -286.9044 0 -0.007 1 0.4362 -0.8998 -0.0063 0.8998 0.4362 0.003 32062.dat
1 4 79.9995 119.6864 -286.9032 0 0.007 -1 0.4362 0.8998 0.0063 0.8998 -0.4362 -0.003 32062.dat
1 0 -60 137.6851 -295.628 0 0 1 0.4362 -0.8998 0 0.8998 0.4362 0 92907.dat
1 0 59.9995 137.6827 -295.6268 0 0 -1 -0.4362 -0.8998 0 -0.8998 0.4362 0 92907.dat
1 25 -80 0 -140 0 1 0 1 0 0 0 0 -1 41239.dat
1 0 -90 0 -260 -1 0 0 0 1 0 0 0 -1 2780.dat
1 71 0 80 140 -1 0 0 0 0.8912 -0.4537 0 -0.4537 -0.8912 92910.dat
1 71 20 98.148 175.648 0 1 0 -0.8912 0 0.4537 0.4537 0 0.8912 4519.dat
1 71 -20 98.148 175.648 0 1 0 -0.8912 0 0.4537 0.4537 0 0.8912 4519.dat
1 71 0 80.324 184.722 0 1 0 -0.8912 0 0.4537 0.4537 0 0.8912 32184.dat
1 71 0 115.972 166.574 0 1 0 -0.8912 0 0.4537 0.4537 0 0.8912 32184.dat
1 0 0 84.861 193.634 0 1 0 0.4537 0 0.8912 0.8912 0 -0.4537 2780.dat
1 0 0 120.509 175.486 0 1 0 0.4537 0 0.8912 0.8912 0 -0.4537 2780.dat
1 0 -50 107.222 193.472 1 0 0 0 -0.4537 0.8912 0 -0.8912 -0.4537 2780.dat
1 0 -50 125.37 229.12 1 0 0 0 -0.4537 0.8912 0 -0.8912 -0.4537 2780.dat
1 0 50 107.222 193.472 1 0 0 0 -0.4537 0.8912 0 -0.8912 -0.4537 2780.dat
1 0 50 125.37 229.12 1 0 0 0 -0.4537 0.8912 0 -0.8912 -0.4537 2780.dat
1 0 60 134.444 246.944 0 1 0 -0.8912 0 0.4537 0.4537 0 0.8912 40490.dat
1 0 -60 134.444 246.944 0 1 0 -0.8912 0 0.4537 0.4537 0 0.8912 40490.dat
1 0 70 116.296 211.296 -1 0 0 0 -0.4537 -0.8912 0 -0.8912 0.4537 6628.dat
1 0 -70 116.296 211.296 1 0 0 0 -0.4537 0.8912 0 -0.8912 -0.4537 6628.dat
1 1 60 152.592 282.592 -1 0 0 0 0.4537 0.8912 0 0.8912 -0.4537 6558.dat
1 1 60 170.74 318.24 -1 0 0 0 0.4537 0.8912 0 0.8912 -0.4537 6558.dat
1 1 -60 152.592 282.592 1 0 0 0 -0.4537 0.8912 0 -0.8912 -0.4537 6558.dat
1 1 -60 170.74 318.24 1 0 0 0 -0.4537 0.8912 0 -0.8912 -0.4537 6558.dat
1 71 80 161.666 300.416 1 0 0 0 -0.4537 0.8912 0 -0.8912 -0.4537 48989.dat
1 71 40 161.666 300.416 1 0 0 0 -0.4537 0.8912 0 -0.8912 -0.4537 48989.dat
1 71 -40 161.666 300.416 1 0 0 0 -0.4537 0.8912 0 -0.8912 -0.4537 48989.dat
1 71 -80 161.666 300.416 1 0 0 0 -0.4537 0.8912 0 -0.8912 -0.4537 48989.dat
1 71 0 188.564 309.166 0 0 -1 0.4537 0.8912 0 0.8912 -0.4537 0 41239.dat
1 1 120 170.74 318.24 0 -1 0 -0.8912 0 -0.4537 0.4537 0 -0.8912 6558.dat
1 1 -120 170.74 318.24 0 -1 0 -0.8912 0 -0.4537 0.4537 0 -0.8912 6558.dat
1 71 120 161.666 300.416 0 0 -1 -0.8912 0.4537 0 0.4537 0.8912 0 11950.dat
1 71 -120 161.666 300.416 0 0 1 -0.8912 -0.4537 0 0.4537 -0.8912 0 11950.dat
1 72 -150 161.666 300.416 0 0 1 0.000045 0.999992 0 -0.999992 0.000045 0 92909.dat
1 72 150 161.666 300.416 0 0 -1 -0.000045 0.999992 0 0.999992 0.000045 0 92909.dat
1 1 120 152.592 282.592 0 -1 0 -0.8912 0 -0.4537 0.4537 0 -0.8912 6558.dat
1 1 -120 152.592 282.592 0 -1 0 -0.8912 0 -0.4537 0.4537 0 -0.8912 6558.dat
1 71 0 152.916 327.314 0 0 -1 0.4537 0.8912 0 0.8912 -0.4537 0 41239.dat
1 0 100 135.092 336.388 0 0 -1 0.8912 -0.4537 0 -0.4537 -0.8912 0 15100.dat
1 0 -100 135.092 336.388 0 0 -1 0.8912 -0.4537 0 -0.4537 -0.8912 0 15100.dat
1 0 100 206.388 300.092 0 0 1 -0.8912 -0.4537 0 0.4537 -0.8912 0 15100.dat
1 0 -100 206.388 300.092 0 0 1 -0.8912 -0.4537 0 0.4537 -0.8912 0 15100.dat
1 0 -100 201.851 291.18 0 1 0 0.4537 0 0.8912 0.8912 0 -0.4537 2780.dat
1 0 -100 130.555 327.476 0 1 0 0.4537 0 0.8912 0.8912 0 -0.4537 2780.dat
1 0 100 201.851 291.18 0 1 0 0.4537 0 0.8912 0.8912 0 -0.4537 2780.dat
1 0 100 130.555 327.476 0 1 0 0.4537 0 0.8912 0.8912 0 -0.4537 2780.dat
1 0 -100 161.666 300.416 -1 0 0 0 -0.4537 -0.8912 0 -0.8912 0.4537 32316.dat
1 0 100 161.666 300.416 -1 0 0 0 -0.4537 -0.8912 0 -0.8912 0.4537 32316.dat
1 0 -80 170.416 273.518 0 0 -1 0.4537 0.8912 0 0.8912 -0.4537 0 32316.dat
1 0 80 170.416 273.518 0 0 -1 0.4537 0.8912 0 0.8912 -0.4537 0 32316.dat
1 19 -80 143.518 264.768 -1 0 0 0 0.4537 0.8912 0 0.8912 -0.4537 32556.dat
1 19 80 143.518 264.768 1 0 0 0 -0.4537 0.8912 0 -0.8912 -0.4537 32556.dat
1 71 -100 152.592 282.592 0 0 1 -0.8912 -0.4537 0 0.4537 -0.8912 0 6536.dat
1 71 100 152.592 282.592 0 0 1 -0.8912 -0.4537 0 0.4537 -0.8912 0 6536.dat
1 0 -80 134.768 291.666 0 0 -1 0.4537 0.8912 0 0.8912 -0.4537 0 32316.dat
1 0 80 134.768 291.666 0 0 -1 0.4537 0.8912 0 0.8912 -0.4537 0 32316.dat
1 71 -100 152.592 282.592 0 0 -1 -0.8912 0.4537 0 0.4537 0.8912 0 4519.dat
1 71 100 152.592 282.592 0 0 -1 -0.8912 0.4537 0 0.4537 0.8912 0 4519.dat
1 0 80 143.518 264.768 0 0 -1 0.360608 -0.932745 0 -0.932745 -0.360608 0 92907.dat
1 4 80 124.8627 257.5558 0 0 -1 0.360608 -0.932745 0 -0.932745 -0.360608 0 32062.dat
1 4 -80 124.8627 257.5558 0 0 -1 0.360608 -0.932745 0 -0.932745 -0.360608 0 32062.dat
1 0 -80 143.518 264.768 0 0 1 -0.360608 -0.932745 0 0.932745 -0.360608 0 92907.dat
1 0 -80 79.6306 119.0707 0 1 0 -0.9293 0 0.3694 0.3694 0 0.9293 2739.dat
1 0 80 79.6306 119.0707 0 -1 0 0.9293 0 0.3694 -0.3694 0 0.9293 2739.dat
1 0 20 128.368 -277.934 0 -1 0 0.8851 0 -0.4654 0.4654 0 0.8851 32526.dat
1 71 0 109.752 -242.53 0 0 -1 0.8851 0.4654 0 0.4654 -0.8851 0 48989.dat
1 0 -20 128.368 -277.934 0 -1 0 0.8851 0 -0.4654 0.4654 0 0.8851 32526.dat
1 4 0 146.07 -268.626 1 0 0 0 0.8851 -0.4654 0 0.4654 0.8851 42003.dat
1 71 0 128.368 -277.934 1 0 0 0 0.8851 -0.4654 0 0.4654 0.8851 32073.dat
1 0 0 182.388 -294.722 0 0 -1 -0.4654 0.8851 0 0.8851 0.4654 0 32034.dat
1 72 40 182.388 -294.722 -1 0 0 0 0.4654 -0.8851 0 -0.8851 -0.4654 11214.dat
1 72 -40 182.388 -294.722 1 0 0 0 -0.4654 -0.8851 0 0.8851 -0.4654 11214.dat
1 0 40 217.792 -276.106 0 -1 0 -0.4654 0 -0.8851 0.8851 0 -0.4654 32526.dat
1 0 -40 217.792 -276.106 0 -1 0 -0.4654 0 -0.8851 0.8851 0 -0.4654 32526.dat
1 1 120 173.08 -277.02 0 0 -1 0.8851 0.4654 0 0.4654 -0.8851 0 6558.dat
1 1 -120 173.08 -277.02 0 0 -1 0.8851 0.4654 0 0.4654 -0.8851 0 6558.dat
1 71 0 155.378 -286.328 0 0 -1 0.4654 -0.8851 0 -0.8851 -0.4654 0 41239.dat
1 0 0 173.08 -277.02 0 0 1 -0.8851 0.4654 0 -0.4654 -0.8851 0 15100.dat
1 71 -120 163.772 -259.318 0 0 1 -0.8851 0.4654 0 -0.4654 -0.8851 0 11950.dat
1 71 120 163.772 -259.318 0 0 -1 -0.8851 -0.4654 0 -0.4654 0.8851 0 11950.dat
1 72 150 163.772 -259.318 0 0 -1 0 0.999999 0 0.999999 0 0 92909.dat
1 72 -150 163.772 -259.318 0 0 1 0 0.999999 0 -0.999999 0 0 92909.dat
1 71 -120 145.613 -246.27 0 0 1 -0.8851 0.4654 0 -0.4654 -0.8851 0 3673.dat
1 71 120 145.613 -246.27 0 0 1 -0.8851 0.4654 0 -0.4654 -0.8851 0 3673.dat
1 0 0 136.762 -250.924 -1 0 0 0 -0.8851 -0.4654 0 -0.4654 0.8851 64781.dat
1 28 0 163.772 -259.318 0 0 -1 0.4654 -0.8851 0 -0.8851 -0.4654 0 15462.dat
1 0 0 154.464 -241.616 1 0 0 0 -0.8851 0.4654 0 -0.4654 -0.8851 32270.dat
1 0 0 140.502 -215.063 1 0 0 0 -0.8851 0.4654 0 -0.4654 -0.8851 59443.dat
1 71 0 126.54 -188.51 0 0 1 -0.4654 -0.8851 0 0.8851 -0.4654 0 4519.dat
1 0 0 112.578 -161.957 1 0 0 0 -0.8851 0.4654 0 -0.4654 -0.8851 59443.dat
1 1 -40 126.54 -188.51 1 0 0 0 0.4654 0.8851 0 -0.8851 0.4654 6558.dat
1 1 40 126.54 -188.51 -1 0 0 0 0.4654 -0.8851 0 -0.8851 -0.4654 6558.dat
1 71 0 80 -100 -1 0 0 0 -0.8851 -0.4654 0 -0.4654 0.8851 92910.dat
1 0 -50 107.924 -153.106 -1 0 0 0 -0.8851 -0.4654 0 -0.4654 0.8851 2780.dat
1 0 50 107.924 -153.106 -1 0 0 0 -0.8851 -0.4654 0 -0.4654 0.8851 2780.dat
1 0 -60 145.156 -223.914 0 1 0 -0.8851 0 -0.4654 -0.4654 0 0.8851 40490.dat
1 0 60 145.156 -223.914 0 1 0 -0.8851 0 -0.4654 -0.4654 0 0.8851 40490.dat
1 71 0 190.782 -267.712 0 0 -1 -0.4654 0.8851 0 0.8851 0.4654 0 41239.dat
1 0 -70 117.232 -170.808 1 0 0 0 -0.8851 0.4654 0 -0.4654 -0.8851 6628.dat
1 0 70 117.232 -170.808 -1 0 0 0 -0.8851 -0.4654 0 -0.4654 0.8851 6628.dat
1 1 -60 199.633 -263.058 0 -1 0 0.8851 0 -0.4654 0.4654 0 0.8851 43093.dat
1 1 60 199.633 -263.058 0 -1 0 0.8851 0 -0.4654 0.4654 0 0.8851 43093.dat
1 71 -60 208.484 -258.404 0 0 -1 0.8851 0.4654 0 0.4654 -0.8851 0 6536.dat
1 71 60 208.484 -258.404 0 0 -1 0.8851 0.4654 0 0.4654 -0.8851 0 6536.dat
1 0 -60 217.792 -276.106 1 0 0 0 0.4654 0.8851 0 -0.8851 0.4654 32054.dat
1 0 60 217.792 -276.106 -1 0 0 0 -0.4654 0.8851 0 0.8851 0.4654 32054.dat
1 0 80 137.676 -295.636 0 1 0 0.8851 0 0.4654 0.4654 0 -0.8851 15100.dat
1 0 -80 137.676 -295.636 0 1 0 0.8851 0 0.4654 0.4654 0 -0.8851 15100.dat
1 0 80 79.6256 -79.0727 0 -1 0 -0.9273 0 0.3744 -0.3744 0 -0.9273 2739.dat
1 0 -80 79.6256 -79.0727 0 -1 0 -0.9273 0 0.3744 -0.3744 0 -0.9273 2739.dat
1 16 -60 22.3585 -239.7242 -0.9833 -0.1818 0 -0.1636 0.8848 -0.4362 0.0793 -0.4289 -0.8998 4255.dat
1 0 -79.998 119.6865 -286.9032 -0.9833 -0.1818 0 -0.1636 0.8848 -0.4362 0.0793 -0.4289 -0.8998 4254.dat
1 72 -50 137.676 -295.636 -1 0 0 0 -0.8851 -0.4654 0 -0.4654 0.8851 87083.dat
1 0 0 137.676 -295.636 0 0 1 -0.4654 -0.8851 0 0.8851 -0.4654 0 32034.dat
1 72 50 137.676 -295.636 1 0 0 0 -0.8851 0.4654 0 -0.4654 -0.8851 87083.dat
1 72 60 40 300 0 1 0 0 0 -1 -1 0 0 32140.dat
1 0 40 20 310 0 0 -1 0 -1 0 -1 0 0 2780.dat
1 71 40 20 300 1 0 0 0 1 0 0 0 1 32184.dat
1 4 20 40 300 0 0 1 0 1 0 -1 0 0 3713.dat
1 25 0 -20 300 0 0 -1 0 1 0 1 0 0 64782.dat
1 0 50 -20 240 1 0 0 0 0 -1 0 1 0 2780.dat
1 0 50 -20 260 1 0 0 0 0 -1 0 1 0 2780.dat
1 0 -50 -20 240 1 0 0 0 0 -1 0 1 0 2780.dat
1 0 -50 -20 260 1 0 0 0 0 -1 0 1 0 2780.dat
1 0 -20 -20 410 0 0 -1 0 -1 0 -1 0 0 2780.dat
1 0 20 -20 410 0 0 -1 0 -1 0 -1 0 0 2780.dat
1 0 50 -20 320 1 0 0 0 0 -1 0 1 0 2780.dat
1 0 50 -20 360 1 0 0 0 0 -1 0 1 0 2780.dat
1 0 -50 -20 320 1 0 0 0 0 -1 0 1 0 2780.dat
1 0 -50 -20 360 1 0 0 0 0 -1 0 1 0 2780.dat
1 0 60 -20 220 0 -1 0 1 0 0 0 0 1 32316.dat
1 0 60 -20 360 0 -1 0 1 0 0 0 0 1 32316.dat
1 0 -60 -20 360 0 -1 0 1 0 0 0 0 1 32316.dat
1 0 -60 -20 220 0 -1 0 1 0 0 0 0 1 32316.dat
1 0 70 -20 220 1 0 0 0 0 -1 0 1 0 2780.dat
1 0 70 -20 380 1 0 0 0 0 -1 0 1 0 2780.dat
1 0 50 -20 280 1 0 0 0 0 -1 0 1 0 2780.dat
1 0 50 -20 300 1 0 0 0 0 -1 0 1 0 2780.dat
1 0 -50 -20 280 1 0 0 0 0 -1 0 1 0 2780.dat
1 0 -50 -20 300 1 0 0 0 0 -1 0 1 0 2780.dat
1 0 -70 -20 380 1 0 0 0 0 -1 0 1 0 2780.dat
1 0 -70 -20 220 1 0 0 0 0 -1 0 1 0 2780.dat
1 72 -60 40 300 0 1 0 0 0 -1 -1 0 0 32140.dat
1 71 0 40 300 1 0 0 0 0 -1 0 1 0 44294.dat
1 71 -40 20 300 1 0 0 0 1 0 0 0 1 32184.dat
1 0 -40 20 310 0 0 -1 0 -1 0 -1 0 0 2780.dat
1 4 -20 40 300 0 0 -1 0 -1 0 -1 0 0 3713.dat
1 72 -72 0 300 -1 0 0 0 1 0 0 0 -1 87083.dat
1 72 72 0 300 1 0 0 0 1 0 0 0 1 87083.dat
1 71 -100 0 300 1 0 0 0 1 0 0 0 1 6536.dat
1 71 100 0 300 1 0 0 0 1 0 0 0 1 6536.dat
1 0 100 20 310 0 0 -1 0 -1 0 -1 0 0 2780.dat
1 0 -100 20 310 0 0 -1 0 -1 0 -1 0 0 2780.dat
1 72 0 20 320 0 0 -1 -1 0 0 0 1 0 32525.dat
1 25 -100 -60 300 -1 0 0 0 -1 0 0 0 1 62531.dat
1 0 -100 -60 410 0 0 -1 0 -1 0 -1 0 0 2780.dat
1 25 100 -60 300 1 0 0 0 -1 0 0 0 -1 62531.dat
1 0 100 -60 410 0 0 -1 0 -1 0 -1 0 0 2780.dat
1 0 -100 -70 220 0 0 -1 -1 0 0 0 1 0 2780.dat
1 0 -100 -70 380 0 0 -1 -1 0 0 0 1 0 2780.dat
1 0 100 -70 220 0 0 -1 -1 0 0 0 1 0 2780.dat
1 0 100 -70 380 0 0 -1 -1 0 0 0 1 0 2780.dat
1 25 100 -80 300 1 0 0 0 -1 0 0 0 -1 41239.dat
1 1 100 -60 180 0 -1 0 -1 0 0 0 0 -1 6558.dat
1 72 0 -40 180 0 0 -1 0 1 0 1 0 0 32525.dat
1 1 -100 -60 180 0 -1 0 -1 0 0 0 0 -1 6558.dat
1 0 60 -60 180 0 0 -1 0 1 0 1 0 0 32316.dat
1 0 -80 -60 180 0 0 -1 0 1 0 1 0 0 60483.dat
1 1 -80 -50 180 0 0 -1 -1 0 0 0 1 0 43093.dat
1 0 20 -50 180 0 0 -1 -1 0 0 0 1 0 2780.dat
1 25 -100 -80 300 1 0 0 0 -1 0 0 0 -1 41239.dat
1 0 20 -20 420 0 0 1 -1 0 0 0 -1 0 32526.dat
1 0 -20 -20 420 0 0 -1 -1 0 0 0 1 0 32526.dat
1 25 -100 40 0 0 0 1 1 0 0 0 1 0 60483.dat
1 1 -80 40 0 0 0 1 0 -1 0 1 0 0 6558.dat
1 71 -100 40 0 0 0 1 0 -1 0 1 0 0 4519.dat
1 25 -100 40 -20 1 0 0 0 -1 0 0 0 -1 64391.dat
1 25 -100 40 20 -1 0 0 0 -1 0 0 0 1 64683.dat
1 1 -100 20 -100 0 1 0 -1 0 0 0 0 1 6558.dat
1 0 -100 30 60 0 1 0 -1 0 0 0 0 1 2780.dat
1 25 -100 20 -60 1 0 0 0 1 0 0 0 1 41239.dat
1 0 -100 30 100 0 1 0 -1 0 0 0 0 1 2780.dat
1 1 -100 30 80 0 1 0 -1 0 0 0 0 1 43093.dat
1 25 -100 20 80 1 0 0 0 1 0 0 0 1 32140.dat
1 0 -100 0 140 0 1 0 1 0 0 0 0 -1 15100.dat
1 0 -100 10 -180 0 1 0 -1 0 0 0 0 1 2780.dat
1 0 -100 10 40 0 1 0 -1 0 0 0 0 1 2780.dat
1 25 -100 -20 -140 0 1 0 0 0 1 1 0 0 15458.dat
1 71 -100 -40 -30 0 1 0 0 0 1 1 0 0 4274.dat
1 47 -100 -40 -24 1 0 0 0 0 1 0 -1 0 6141.dat
1 1 -100 0 -30 0 1 0 0 0 1 1 0 0 43093.dat
1 25 -100 0 -20 1 0 0 0 1 0 0 0 1 11946.dat
1 72 -100 0 -60 -1 0 0 0 1 0 0 0 -1 11214.dat
1 1 -100 0 -220 1 0 0 0 1 0 0 0 1 6558.dat
1 0 -100 -40 -260 0 -1 0 0 0 1 -1 0 0 32526.dat
1 0 -110 40 -260 -1 0 0 0 1 0 0 0 -1 2780.dat
1 0 -110 40 -280 -1 0 0 0 1 0 0 0 -1 2780.dat
1 19 -90 40 -300 1 0 0 0 0 1 0 -1 0 32002.dat
1 72 -100 -40 -260 1 0 0 0 0 1 0 -1 0 11214.dat
1 71 -80 -40 -240 1 0 0 0 0 1 0 -1 0 32184.dat
1 0 -90 -40 -220 1 0 0 0 0 1 0 -1 0 3705.dat
1 0 -50 -40 -220 0 0 -1 -1 0 0 0 1 0 59443.dat
1 71 0 -40 -220 -1 0 0 0 -1 0 0 0 1 32073.dat
1 0 50 -40 -220 0 0 -1 -1 0 0 0 1 0 59443.dat
1 0 90 -40 -220 1 0 0 0 0 1 0 -1 0 3705.dat
1 71 80 -40 -240 1 0 0 0 0 1 0 -1 0 32184.dat
1 72 100 -40 -260 -1 0 0 0 0 -1 0 -1 0 11214.dat
1 25 100 40 0 0 0 -1 1 0 0 0 -1 0 60483.dat
1 1 80 40 0 0 0 -1 0 -1 0 -1 0 0 6558.dat
1 71 100 40 0 0 0 -1 0 -1 0 -1 0 0 4519.dat
1 25 100 40 20 -1 0 0 0 -1 0 0 0 1 64391.dat
1 25 100 40 -20 1 0 0 0 -1 0 0 0 -1 64683.dat
1 1 100 20 -100 0 -1 0 -1 0 0 0 0 -1 6558.dat
1 0 100 30 100 0 -1 0 -1 0 0 0 0 -1 2780.dat
1 25 100 20 -60 -1 0 0 0 1 0 0 0 -1 41239.dat
1 0 100 10 40 0 -1 0 -1 0 0 0 0 -1 2780.dat
1 1 100 30 80 0 -1 0 -1 0 0 0 0 -1 43093.dat
1 25 100 20 80 -1 0 0 0 -1 0 0 0 1 32140.dat
1 0 100 0 140 0 -1 0 1 0 0 0 0 1 15100.dat
1 0 100 30 60 0 -1 0 -1 0 0 0 0 -1 2780.dat
1 0 100 10 -180 0 -1 0 -1 0 0 0 0 -1 2780.dat
1 25 100 -20 -140 0 -1 0 0 0 1 -1 0 0 15458.dat
1 71 100 -40 -30 0 -1 0 0 0 -1 1 0 0 4274.dat
1 47 100 -40 -24 -1 0 0 0 0 -1 0 -1 0 6141.dat
1 1 100 0 -30 0 1 0 0 0 1 1 0 0 43093.dat
1 25 100 0 -20 1 0 0 0 1 0 0 0 1 11947.dat
1 72 100 0 -60 1 0 0 0 1 0 0 0 1 11214.dat
1 1 100 0 -220 -1 0 0 0 1 0 0 0 -1 6558.dat
1 0 -100 10 -200 0 0 1 -1 0 0 0 -1 0 2780.dat
1 0 100 10 -200 0 0 1 -1 0 0 0 -1 0 2780.dat
1 72 0 20 -200 0 0 1 0 1 0 -1 0 0 32525.dat
1 25 -120 40 -220 0 1 0 -1 0 0 0 0 1 32009.dat
1 0 -120 40 -380 -1 0 0 0 0 1 0 1 0 18651.dat
1 0 -100 -40 -360 0 -1 0 0 0 1 -1 0 0 32526.dat
1 0 -90 -20 -360 -1 0 0 0 1 0 0 0 -1 2780.dat
1 0 -90 -40 -360 -1 0 0 0 1 0 0 0 -1 2780.dat
1 0 -80 -20 -360 0 1 0 0 0 -1 -1 0 0 32526.dat
1 0 -120 20 -360 1 0 0 0 -1 0 0 0 -1 15100.dat
1 72 -120 0 -360 0 -1 0 -1 0 0 0 0 -1 10197.dat
1 25 -120 0 -340 -1 0 0 0 -1 0 0 0 1 11947.dat
1 0 -120 -10 -280 0 1 0 1 0 0 0 0 -1 2780.dat
1 0 -120 -10 -300 0 1 0 1 0 0 0 0 -1 2780.dat
1 1 -120 0 -360 0 1 0 1 0 0 0 0 -1 6558.dat
1 0 -120 -20 -300 1 0 0 0 -1 0 0 0 -1 32316.dat
1 0 -120 -40 -260 0 1 0 1 0 0 0 0 -1 15100.dat
1 0 -120 -20 -400 1 0 0 0 -1 0 0 0 -1 32316.dat
1 0 -120 -10 -440 0 1 0 1 0 0 0 0 -1 2780.dat
1 0 -120 -10 -420 0 1 0 1 0 0 0 0 -1 2780.dat
1 25 -120 0 -380 1 0 0 0 -1 0 0 0 -1 11946.dat
1 0 -120 -30 -320 0 1 0 1 0 0 0 0 -1 2780.dat
1 0 -120 -30 -340 0 1 0 1 0 0 0 0 -1 2780.dat
1 0 -120 -40 -280 -1 0 0 0 1 0 0 0 -1 11947.dat
1 71 -100 -100 -400 -1 0 0 0 1 0 0 0 -1 32073.dat
1 0 -40 -100 -400 0 0 -1 0 1 0 1 0 0 32034.dat
1 71 0 -100 -400 1 0 0 0 1 0 0 0 1 4519.dat
1 0 40 -100 -400 0 0 -1 0 1 0 1 0 0 32034.dat
1 1 -40 -100 -400 0 0 -1 0 1 0 1 0 0 6558.dat
1 1 40 -100 -400 0 0 -1 0 1 0 1 0 0 6558.dat
1 71 100 -100 -400 -1 0 0 0 1 0 0 0 -1 32073.dat
1 25 0 -100 -380 0 0 -1 -1 0 0 0 1 0 32524.dat
1 0 -60 -100 -360 0 1 0 0 0 -1 -1 0 0 15100.dat
1 0 60 -100 -360 0 1 0 0 0 -1 -1 0 0 15100.dat
1 0 -70 -100 -360 -1 0 0 0 1 0 0 0 -1 2780.dat
1 0 70 -100 -360 -1 0 0 0 1 0 0 0 -1 2780.dat
1 71 0 40 -360 -1 0 0 0 1 0 0 0 -1 4519.dat
1 15 40 40 -360 0 0 -1 1 0 0 0 -1 0 32034.dat
1 15 -40 40 -360 0 0 -1 1 0 0 0 -1 0 32034.dat
1 71 -100 40 -360 -1 0 0 0 -1 0 0 0 1 32073.dat
1 71 100 40 -360 -1 0 0 0 -1 0 0 0 1 32073.dat
1 1 40 20 -360 0 1 0 -1 0 0 0 0 1 6558.dat
1 1 -40 20 -360 0 1 0 -1 0 0 0 0 1 6558.dat
1 14 -75 40 -360 0 0 1 -1 0 0 0 -1 0 32123.dat
1 14 75 40 -360 0 0 1 -1 0 0 0 -1 0 32123.dat
1 0 85 40 -320 0 -1 0 -1 0 0 0 0 -1 11478.dat
1 0 -85 40 -320 0 -1 0 -1 0 0 0 0 -1 11478.dat
1 72 40 20 -360 0 0 -1 0 1 0 1 0 0 18654.dat
1 72 -40 20 -360 0 0 -1 0 1 0 1 0 0 18654.dat
1 0 30 0 -380 1 0 0 0 0 -1 0 1 0 32557.dat
1 0 -30 0 -380 1 0 0 0 0 -1 0 1 0 32557.dat
1 1 30 0 -400 1 0 0 0 0 -1 0 1 0 6558.dat
1 1 -30 0 -400 -1 0 0 0 0 -1 0 -1 0 6558.dat
1 1 -50 -60 -380 0 -1 0 0 0 1 -1 0 0 32140.dat
1 1 -10 -60 -380 0 -1 0 0 0 1 -1 0 0 32140.dat
1 1 10 -60 -380 0 -1 0 0 0 1 -1 0 0 32140.dat
1 1 50 -60 -380 0 -1 0 0 0 1 -1 0 0 32140.dat
1 0 0 -40 -380 -1 0 0 0 0 1 0 1 0 2780.dat
1 0 0 0 -380 -1 0 0 0 0 1 0 1 0 2780.dat
1 0 60 -40 -380 -1 0 0 0 0 1 0 1 0 2780.dat
1 0 60 0 -380 -1 0 0 0 0 1 0 1 0 2780.dat
1 0 -60 -40 -380 -1 0 0 0 0 1 0 1 0 2780.dat
1 0 -60 0 -380 -1 0 0 0 0 1 0 1 0 2780.dat
1 1 -70 -60 -380 0 -1 0 0 0 1 -1 0 0 32140.dat
1 1 70 -60 -380 0 -1 0 0 0 1 -1 0 0 32140.dat
1 0 80 -20 -360 0 1 0 0 0 -1 -1 0 0 32526.dat
1 0 90 -40 -360 -1 0 0 0 1 0 0 0 -1 2780.dat
1 0 90 -20 -360 -1 0 0 0 1 0 0 0 -1 2780.dat
1 0 100 -40 -360 0 -1 0 0 0 1 -1 0 0 32526.dat
1 0 120 20 -360 -1 0 0 0 -1 0 0 0 1 15100.dat
1 19 90 40 -300 -1 0 0 0 0 -1 0 -1 0 32002.dat
1 25 120 40 -220 0 1 0 -1 0 0 0 0 1 32009.dat
1 0 110 40 -260 -1 0 0 0 1 0 0 0 -1 2780.dat
1 0 110 40 -280 -1 0 0 0 1 0 0 0 -1 2780.dat
1 0 100 -40 -260 0 -1 0 0 0 1 -1 0 0 32526.dat
1 0 120 40 -380 1 0 0 0 0 -1 0 1 0 18651.dat
1 72 120 0 -360 0 0 1 -1 0 0 0 -1 0 10197.dat
1 1 120 0 -360 0 0 -1 1 0 0 0 -1 0 6558.dat
1 25 120 0 -340 -1 0 0 0 -1 0 0 0 1 11946.dat
1 0 120 -10 -300 0 -1 0 -1 0 0 0 0 -1 2780.dat
1 0 120 -10 -280 0 -1 0 -1 0 0 0 0 -1 2780.dat
1 0 120 -20 -300 1 0 0 0 -1 0 0 0 -1 32316.dat
1 0 120 -40 -260 0 -1 0 1 0 0 0 0 1 15100.dat
1 0 120 -30 -340 0 -1 0 -1 0 0 0 0 -1 2780.dat
1 0 120 -30 -320 0 -1 0 -1 0 0 0 0 -1 2780.dat
1 0 120 -20 -400 1 0 0 0 -1 0 0 0 -1 32316.dat
1 0 120 -10 -440 0 -1 0 -1 0 0 0 0 -1 2780.dat
1 0 120 -10 -420 0 -1 0 -1 0 0 0 0 -1 2780.dat
1 25 120 0 -380 1 0 0 0 -1 0 0 0 -1 11947.dat
1 0 120 -40 -280 -1 0 0 0 1 0 0 0 -1 11946.dat
1 0 0 -100 -420 0 0 -1 -1 0 0 0 1 0 40490.dat
1 0 100 -100 -400 -1 0 0 0 -1 0 0 0 1 32291.dat
1 0 -100 -100 -400 -1 0 0 0 -1 0 0 0 1 32291.dat
1 47 -110 -120 -418 1 0 0 0 0 -1 0 1 0 6141.dat
1 47 -90 -120 -418 1 0 0 0 0 -1 0 1 0 6141.dat
1 47 90 -120 -418 1 0 0 0 0 -1 0 1 0 6141.dat
1 47 110 -120 -418 1 0 0 0 0 -1 0 1 0 6141.dat
1 71 -110 -120 -410 0 1 0 0 0 -1 -1 0 0 4274.dat
1 71 -90 -120 -410 0 1 0 0 0 -1 -1 0 0 4274.dat
1 71 90 -120 -410 0 1 0 0 0 -1 -1 0 0 4274.dat
1 71 110 -120 -410 0 1 0 0 0 -1 -1 0 0 4274.dat
1 25 -120 40 -400 0 -1 0 -0.9946 0 -0.1037 0.1037 0 -0.9946 32348.dat
1 1 -110 40 -400 -1 0 0 0 0.9946 -0.1037 0 -0.1037 -0.9946 43093.dat
1 4 -110 -17.6987 -490.5033 -1 0 0 0 -0.5138 0.8579 0 0.8579 0.5138 32062.dat
1 0 -100 -17.6987 -490.5033 0 -1 0 -0.5138 0 -0.8579 0.8579 0 -0.5138 60483.dat
1 25 -120 -67.4286 -450.3895 0 -1 0 -0.8398 0 0.5429 -0.5429 0 -0.8398 32524.dat
1 0 -110 -34.8571 -500.779 -1 0 0 0 0.9946 -0.1037 0 -0.1037 -0.9946 2780.dat
1 19 -110 -78.2857 -433.593 1 0 0 0 1 0 0 0 1 32002.dat
1 19 -110 -56.5714 -467.186 1 0 0 0 1 0 0 0 1 32002.dat
1 0 -105 -67.4286 -450.3895 0 -1 0 -0.8398 0 0.5429 -0.5429 0 -0.8398 11478.dat
1 72 20 -27.9744 -473.3449 0 0 1 0.8579 -0.5138 0 0.5138 0.8579 0 32140.dat
1 0 80 -22.8364 -481.9239 0 0 1 -0.5138 -0.8579 0 0.8579 -0.5138 0 2780.dat
1 0 80 -5.6784 -471.6479 0 0 1 -0.5138 -0.8579 0 0.8579 -0.5138 0 2780.dat
1 1 20 -22.8364 -481.9239 0 0 1 -0.5138 -0.8579 0 0.8579 -0.5138 0 43093.dat
1 0 0 -17.6984 -490.5029 0 0 1 -0.8579 0.5138 0 -0.5138 -0.8579 0 40490.dat
1 1 -20 -22.8364 -481.9239 0 0 1 -0.5138 -0.8579 0 0.8579 -0.5138 0 43093.dat
1 0 -80 -22.8364 -481.9239 0 0 1 -0.5138 -0.8579 0 0.8579 -0.5138 0 2780.dat
1 72 -20 -27.9744 -473.3449 0 0 -1 0.8579 0.5138 0 0.5138 -0.8579 0 32140.dat
1 0 -80 -5.6784 -471.6479 0 0 1 -0.5138 -0.8579 0 0.8579 -0.5138 0 2780.dat
1 25 0 16.6176 -469.9509 -1 0 0 0 -0.5138 0.8579 0 0.8579 0.5138 15458.dat
1 0 80 28.6376 -451.0959 0 0.5 0.866 -0.5138 -0.742941 0.42895 0.8579 -0.444951 0.2569 2780.dat
1 71 -60 -33.1124 -464.7659 0 0 1 -0.5138 -0.8579 0 0.8579 -0.5138 0 4274.dat
1 71 -40 -33.1124 -464.7659 0 0 1 -0.5138 -0.8579 0 0.8579 -0.5138 0 4274.dat
1 71 40 -33.1124 -464.7659 0 0 1 -0.5138 -0.8579 0 0.8579 -0.5138 0 4274.dat
1 71 60 -33.1124 -464.7659 0 0 1 -0.5138 -0.8579 0 0.8579 -0.5138 0 4274.dat
1 0 -110 33.7756 -459.6749 1 0 0 0 -0.8579 0.5138 0 -0.5138 -0.8579 2780.dat
1 0 -110 -0.5404 -480.2269 1 0 0 0 -0.8579 0.5138 0 -0.5138 -0.8579 2780.dat
1 15 62.6795 14.9206 -447.6549 -0.5 0 0.866 0.742941 -0.5138 0.42895 0.444951 0.8579 0.2569 32523.dat
1 72 0 -37.2228 -457.9027 1 0 0 0 0.5138 0.8579 0 -0.8579 0.5138 4162.dat
1 1 45.359 1.2036 -444.2139 0 0 -1 -0.5138 0.8579 0 0.8579 0.5138 0 43093.dat
1 72 45.359 -10.6138 -424.4822 -1 0 0 0 0.5138 -0.8579 0 -0.8579 -0.5138 40001.dat
1 0 110 -0.5403 -480.2277 -1 0 0 0 1 0 0 0 -1 2780.dat
1 0 110 33.7765 -459.6764 -1 0 0 0 1 0 0 0 -1 2780.dat
1 25 120 40 -400 0 -1 0 -0.9946 0 -0.1037 0.1037 0 -0.9946 32348.dat
1 1 110 40 -400 1 0 0 0 -0.9946 -0.1037 0 0.1037 -0.9946 43093.dat
1 4 110 -17.6987 -490.5033 -1 0 0 0 -0.5138 0.8579 0 0.8579 0.5138 32062.dat
1 0 100 -17.6987 -490.5033 0 -1 0 -0.5138 0 -0.8579 0.8579 0 -0.5138 60483.dat
1 0 110 -34.8571 -500.779 -1 0 0 0 1 0 0 0 -1 2780.dat
1 25 120 -67.4286 -450.3895 0 -1 0 -0.8398 0 0.5429 -0.5429 0 -0.8398 32524.dat
1 19 110 -56.5714 -467.186 -1 0 0 0 -1 0 0 0 1 32002.dat
1 19 110 -78.2857 -433.593 -1 0 0 0 -1 0 0 0 1 32002.dat
1 0 105 -67.4286 -450.3895 0 -1 0 -0.8398 0 0.5429 -0.5429 0 -0.8398 11478.dat
1 1 -80 -60 -240 0 1 0 1 0 0 0 0 -1 6558.dat
1 1 80 -60 -240 0 1 0 1 0 0 0 0 -1 6558.dat
1 25 0 -60 -220 -1 0 0 0 1 0 0 0 -1 15458.dat
1 0 100 -100 -380 1 0 0 0 0 -1 0 1 0 18651.dat
1 25 100 -100 -380 0 -1 0 1 0 0 0 0 1 60483.dat
1 25 120 -100 -380 0 -1 0 1 0 0 0 0 1 32271.dat
1 0 110 -100 -280 -1 0 0 0 1 0 0 0 -1 2780.dat
1 0 110 -100 -300 -1 0 0 0 1 0 0 0 -1 2780.dat
1 0 110 -100 -340 -1 0 0 0 1 0 0 0 -1 2780.dat
1 25 0 -100 -320 -1 0 0 0 1 0 0 0 -1 15458.dat
1 0 40 -100 -290 0 0 1 0 -1 0 1 0 0 2780.dat
1 0 -40 -100 -290 0 0 1 0 -1 0 1 0 0 2780.dat
1 25 0 -100 -280 0 0 1 -1 0 0 0 -1 0 62531.dat
1 0 -110 -100 -280 -1 0 0 0 1 0 0 0 -1 2780.dat
1 0 -110 -100 -300 -1 0 0 0 1 0 0 0 -1 2780.dat
1 0 -110 -100 -340 -1 0 0 0 1 0 0 0 -1 2780.dat
1 25 -120 -100 -380 0 -1 0 1 0 0 0 0 1 32271.dat
1 0 -100 -100 -380 -1 0 0 0 0 1 0 1 0 18651.dat
1 25 -100 -100 -380 0 -1 0 1 0 0 0 0 1 60483.dat
1 72 -100 0 240 -1 0 0 0 -1 0 0 0 1 11214.dat
1 72 -100 0 240 0 -1 0 1 0 0 0 0 1 18654.dat
1 0 -120 0 240 0 0 1 0 1 0 -1 0 0 32039.dat
1 0 -120 0 -60 0 0 1 0 1 0 -1 0 0 32039.dat
1 0 -140 0 240 0 0 1 0 1 0 -1 0 0 3705.dat
1 0 -140 0 200 -1 0 0 0 1 0 0 0 -1 59443.dat
1 0 -140 0 100 0 0 -1 0 1 0 1 0 0 3737.dat
1 0 -140 0 -10 -1 0 0 0 1 0 0 0 -1 59443.dat
1 0 -140 0 -70 0 0 -1 0 1 0 1 0 0 3706.dat
1 0 -140 0 -130 -1 0 0 0 1 0 0 0 -1 59443.dat
1 0 -140 40 -380 0 0 1 0 1 0 -1 0 0 32039.dat
1 0 -140 40 -360 0 0 1 0 1 0 -1 0 0 32039.dat
1 0 -160 40 -390 0 0 -1 0 1 0 1 0 0 3706.dat
1 0 -160 40 -330 -1 0 0 0 1 0 0 0 -1 59443.dat
1 72 100 0 240 1 0 0 0 1 0 0 0 1 11214.dat
1 0 120 0 240 0 0 -1 0 -1 0 -1 0 0 32039.dat
1 72 100 0 240 0 1 0 -1 0 0 0 0 1 18654.dat
1 0 140 0 240 0 0 -1 0 -1 0 -1 0 0 3705.dat
1 0 140 0 200 1 0 0 0 -1 0 0 0 -1 59443.dat
1 0 140 0 -10 1 0 0 0 -1 0 0 0 -1 59443.dat
1 0 120 0 -60 0 0 -1 0 -1 0 -1 0 0 32039.dat
1 0 140 0 100 0 0 1 0 -1 0 1 0 0 3737.dat
1 0 140 0 -130 1 0 0 0 -1 0 0 0 -1 59443.dat
1 0 160 40 -330 1 0 0 0 -1 0 0 0 -1 59443.dat
1 0 140 40 -360 0 0 -1 0 -1 0 -1 0 0 32039.dat
1 0 140 40 -380 0 0 -1 0 -1 0 -1 0 0 32039.dat
1 0 160 40 -390 0 0 1 0 -1 0 1 0 0 3706.dat
1 0 140 0 -50 0 0 -1 0 1 0 1 0 0 3706.dat
1 0 -160 40 -460 0 -1 0 -1 0 0 0 0 -1 32192.dat
1 0 160 40 -460 0 1 0 1 0 0 0 0 -1 32192.dat
1 4 -138.7868 40 -481.2132 0.7071 0.7071 0 0 0 -1 -0.7071 0.7071 0 32062.dat
1 4 138.7868 40 -481.2132 -0.7071 0 -0.7071 0 -1 0 -0.7071 0 0.7071 32062.dat
1 0 117.5736 40 -502.4264 0 0 1 -1 0 0 0 -1 0 32192.dat
1 0 -117.5736 40 -502.4264 0 0 -1 1 0 0 0 -1 0 32192.dat
1 71 77.5736 40 -502.4264 -1 0 0 0 -1 0 0 0 1 4519.dat
1 0 -76.4264 40 -502.4264 -1 0 0 0 -1 0 0 0 1 32291.dat
1 0 77.5736 40 -502.4264 -1 0 0 0 -1 0 0 0 1 32291.dat
1 0 7.5736 40 -502.4264 0 0 -1 0 1 0 1 0 0 59443.dat
1 0 47.5736 40 -502.4264 0 0 -1 0 1 0 1 0 0 59443.dat
1 47 -66.4264 20 -519.4264 -1 0 0 0 0 1 0 1 0 6141.dat
1 47 -86.4264 20 -519.4264 -1 0 0 0 0 1 0 1 0 6141.dat
1 47 67.5736 20 -520.4264 -1 0 0 0 0 1 0 1 0 6141.dat
1 47 87.5736 20 -520.4264 -1 0 0 0 0 1 0 1 0 6141.dat
1 72 -49.4264 40 -502.4264 -1 0 0 0 1 0 0 0 -1 59426.dat
1 4 27.5736 40 -502.4264 -1 0 0 0 1 0 0 0 -1 32062.dat
1 0 -34.4264 40 -502.4264 1 0 0 0 0 1 0 -1 0 62462.dat
1 0 -60.4264 40 -502.4264 0 1 0 -1 0 0 0 0 1 41677.dat
1 71 -86.4264 20 -512.4264 0 1 0 0 0 -1 -1 0 0 4274.dat
1 71 -66.4264 20 -512.4264 0 1 0 0 0 -1 -1 0 0 4274.dat
1 71 67.5736 20 -512.4264 0 1 0 0 0 -1 -1 0 0 4274.dat
1 71 87.5736 20 -512.4264 0 1 0 0 0 -1 -1 0 0 4274.dat
1 0 -160 -100 -400 0 0 -1 -1 0 0 0 1 0 32015.dat
1 0 160 -100 -400 0 0 1 1 0 0 0 1 0 32015.dat
1 71 -152 225.666 308.4165 0 1 0 1 0 0 0 0 -1 41239.dat
1 71 -172 225.666 348.4165 0 0 1 1 0 0 0 1 0 48989.dat
1 71 -172 225.666 268.4165 0 0 1 1 0 0 0 1 0 48989.dat
1 71 -172 225.666 428.4165 1 0 0 0 -0.5878 -0.809 0 0.809 -0.5878 4519.dat
1 71 -172 225.666 188.4165 1 0 0 0 0.2588 -0.9659 0 0.9659 0.2588 4519.dat
1 0 -172 225.666 428.4165 0 0 1 0.809 -0.5878 0 0.5878 0.809 0 57520.dat
1 0 -172 225.666 188.4165 0 0 1 0.9659 0.2588 0 -0.2588 0.9659 0 57520.dat
1 71 -192 225.666 308.4165 0 1 0 1 0 0 0 0 -1 41239.dat
1 1 -202 225.666 228.4165 -1 0 0 0 1 0 0 0 -1 43093.dat
1 1 -202 225.666 268.4165 -1 0 0 0 1 0 0 0 -1 43093.dat
1 71 -212 225.666 248.4165 -1 0 0 0 0 -1 0 -1 0 32184.dat
1 1 -202 225.666 408.4165 -1 0 0 0 1 0 0 0 -1 43093.dat
1 0 -202 225.666 388.4165 -1 0 0 0 1 0 0 0 -1 2780.dat
1 0 -202 225.666 348.4165 -1 0 0 0 1 0 0 0 -1 2780.dat
1 71 -212 145.666 288.4165 0 1 0 -0.6 0 0.8 0.8 0 0.6 6629.dat
1 1 -202 145.666 288.4165 -1 0 0 0 0.8 0.6 0 0.6 -0.8 43093.dat
1 0 -202 177.666 312.4165 -1 0 0 0 1 0 0 0 -1 2780.dat
1 71 -192 173.666 284.4165 0 0 1 0.8 -0.6 0 0.6 0.8 0 63869.dat
1 72 -165 161.666 300.4165 1 0 0 0 1 0 0 0 1 59426.dat
1 4 -192 173.666 284.4165 0 -1 0 0.8 0 -0.6 0.6 0 0.8 32062.dat
1 0 -212 185.666 268.4165 0 0 -1 -0.8 -0.6 0 -0.6 0.8 0 92907.dat
1 0 -212 205.666 248.4165 0 0 -1 1 0 0 0 -1 0 32054.dat
1 0 -212 205.666 248.4165 -1 0 0 0 0 1 0 1 0 92907.dat
1 4 -212 185.666 268.4165 -1 0 0 0 0 1 0 1 0 32062.dat
1 0 -170 161.666 300.4165 0 0 1 0 1 0 -1 0 0 57519.dat
1 71 -152 227.772 -251.3185 0 1 0 1 0 0 0 0 -1 41239.dat
1 71 -172 227.772 -211.3185 0 0 1 1 0 0 0 1 0 48989.dat
1 71 -172 227.772 -291.3185 0 0 1 1 0 0 0 1 0 48989.dat
1 71 -172 227.772 -131.3185 1 0 0 0 -0.5878 -0.809 0 0.809 -0.5878 4519.dat
1 71 -172 227.772 -371.3185 1 0 0 0 0.2588 -0.9659 0 0.9659 0.2588 4519.dat
1 0 -172 227.772 -131.3185 0 0 1 0.809 -0.5878 0 0.5878 0.809 0 57520.dat
1 0 -172 227.772 -371.3185 0 0 1 0.9659 0.2588 0 -0.2588 0.9659 0 57520.dat
1 71 -192 227.772 -251.3185 0 1 0 1 0 0 0 0 -1 41239.dat
1 1 -202 227.772 -331.3185 -1 0 0 0 1 0 0 0 -1 43093.dat
1 1 -202 227.772 -291.3185 -1 0 0 0 1 0 0 0 -1 43093.dat
1 71 -212 227.772 -311.3185 -1 0 0 0 0 -1 0 -1 0 32184.dat
1 1 -202 227.772 -151.3185 -1 0 0 0 1 0 0 0 -1 43093.dat
1 0 -202 227.772 -171.3185 -1 0 0 0 1 0 0 0 -1 2780.dat
1 0 -202 227.772 -211.3185 -1 0 0 0 1 0 0 0 -1 2780.dat
1 71 -212 147.772 -271.3185 0 1 0 -0.6 0 0.8 0.8 0 0.6 6629.dat
1 1 -202 147.772 -271.3185 -1 0 0 0 0.8 0.6 0 0.6 -0.8 43093.dat
1 0 -202 179.772 -247.3185 -1 0 0 0 1 0 0 0 -1 2780.dat
1 71 -192 175.772 -275.3185 0 0 1 0.8 -0.6 0 0.6 0.8 0 63869.dat
1 72 -165 163.772 -259.3185 1 0 0 0 1 0 0 0 1 59426.dat
1 4 -192 175.772 -275.3185 0 -1 0 0.8 0 -0.6 0.6 0 0.8 32062.dat
1 0 -212 187.772 -291.3185 0 0 -1 -0.8 -0.6 0 -0.6 0.8 0 92907.dat
1 0 -212 207.772 -311.3185 0 0 -1 1 0 0 0 -1 0 32054.dat
1 0 -212 207.772 -311.3185 -1 0 0 0 0 1 0 1 0 92907.dat
1 4 -212 187.772 -291.3185 -1 0 0 0 0 1 0 1 0 32062.dat
1 0 -170 163.772 -259.3185 0 0 1 0 1 0 -1 0 0 57519.dat
1 71 188 225.666 308.4155 0 1 0 1 0 0 0 0 -1 41239.dat
1 71 168 225.666 348.4155 0 0 1 1 0 0 0 1 0 48989.dat
1 71 168 225.666 268.4155 0 0 1 1 0 0 0 1 0 48989.dat
1 71 168 225.666 428.4155 1 0 0 0 -0.2588 -0.9659 0 0.9659 -0.2588 4519.dat
1 71 168 225.666 188.4298 1 0 0 0 0.5878 -0.809 0 0.809 0.5878 4519.dat
1 0 168 225.666 188.4298 0 0 -1 0.809 -0.5878 0 -0.5878 -0.809 0 57520.dat
1 0 168 225.666 428.4155 0 0 -1 0.9658 0.2588 0 0.2588 -0.9658 0 57520.dat
1 71 148 225.666 308.4155 0 1 0 1 0 0 0 0 -1 41239.dat
1 1 198 225.666 268.4155 1 0 0 0 1 0 0 0 1 43093.dat
1 1 198 225.666 228.4155 1 0 0 0 1 0 0 0 1 43093.dat
1 71 208 225.666 248.4155 1 0 0 0 0 -1 0 1 0 32184.dat
1 1 198 225.666 408.4155 1 0 0 0 0 -1 0 1 0 43093.dat
1 0 198 225.666 388.4155 -1 0 0 0 1 0 0 0 -1 2780.dat
1 0 198 225.666 348.4155 -1 0 0 0 1 0 0 0 -1 2780.dat
1 71 208 145.666 288.4155 0 1 0 -0.6 0 0.8 0.8 0 0.6 6629.dat
1 1 198 145.666 288.4155 1 0 0 0 -0.6 -0.8 0 0.8 -0.6 43093.dat
1 0 198 177.666 312.4155 -1 0 0 0 1 0 0 0 -1 2780.dat
1 71 188 173.666 284.4155 0 0 1 0.8 -0.6 0 0.6 0.8 0 63869.dat
1 72 163 161.666 300.4155 -1 0 0 0 -1 0 0 0 1 59426.dat
1 4 188 173.666 284.4155 0 -1 0 0.8 0 -0.6 0.6 0 0.8 32062.dat
1 0 208 185.666 268.4155 0 0 1 0.8 -0.6 0 0.6 0.8 0 92907.dat
1 0 208 205.666 248.4155 0 0 -1 1 0 0 0 -1 0 32054.dat
1 0 208 205.666 248.4155 -1 0 0 0 0 1 0 1 0 92907.dat
1 4 208 185.666 268.4155 -1 0 0 0 0 1 0 1 0 32062.dat
