0 Main
0 Name: 40138-1 - Christmas Train.mpd
0 Author: LTRON
1 15 0 0 0 0 0 1 0 1 0 -1 0 0 3795.dat
1 4 0 0 -40 -1 0 0 0 1 0 0 0 -1 60212.dat
1 4 0 8 -10 -1 0 0 0 1 0 0 0 -1 3710.dat
1 4 -30 0 -10 -1 0 0 0 1 0 0 0 -1 3024.dat
1 4 30 0 -10 -1 0 0 0 1 0 0 0 -1 3024.dat
1 4 0 0 20 -1 0 0 0 1 0 0 0 -1 60212.dat
1 4 0 0 60 -1 0 0 0 1 0 0 0 -1 60212.dat
1 0 0 16 -40 -1 0 0 0 1 0 0 0 -1 4600.dat
1 0 0 16 20 -1 0 0 0 1 0 0 0 -1 4600.dat
1 0 0 16 60 -1 0 0 0 1 0 0 0 -1 4600.dat
1 288 0 16 -10 1 0 0 0 1 0 0 0 1 3023.dat
1 15 0 0 70 1 0 0 0 1 0 0 0 1 3023.dat
1 0 0 -8 60 -1 0 0 0 1 0 0 0 -1 63082.dat
1 288 0 -8 30 1 0 0 0 1 0 0 0 1 3023.dat
1 297 30 -8 70 1 0 0 0 1 0 0 0 1 3024.dat
1 297 -30 -8 70 1 0 0 0 1 0 0 0 1 3024.dat
1 297 30 -8 40 0 0 -1 0 1 0 1 0 0 48336.dat
1 297 -30 -8 40 0 0 1 0 1 0 -1 0 0 48336.dat
1 4 0 -8 -20 0 0 1 0 1 0 -1 0 0 3031.dat
1 4 0 -16 30 -1 0 0 0 1 0 0 0 -1 3710.dat
1 15 0 -16 -10 0 0 -1 0 1 0 1 0 0 3021.dat
1 4 0 -16 60 -1 0 0 0 1 0 0 0 -1 3020.dat
1 4 30 -16 -30 -1 0 0 0 1 0 0 0 -1 15712.dat
1 4 30 -16 10 -1 0 0 0 1 0 0 0 -1 15712.dat
1 4 -30 -16 10 -1 0 0 0 1 0 0 0 -1 15712.dat
1 4 -30 -16 -30 -1 0 0 0 1 0 0 0 -1 15712.dat
1 4 30 -16 -50 -1 0 0 0 1 0 0 0 -1 3070.dat
1 4 30 -16 -10 -1 0 0 0 1 0 0 0 -1 3070.dat
1 4 -30 -16 -10 -1 0 0 0 1 0 0 0 -1 3070.dat
1 4 -30 -16 -50 -1 0 0 0 1 0 0 0 -1 3070.dat
1 4 0 -16 -50 1 0 0 0 1 0 0 0 1 93274.dat
1 0 -30 14 -72 0 0 1 1 0 0 0 1 0 6141.dat
1 0 30 14 -72 0 0 1 1 0 0 0 1 0 6141.dat
1 47 -30 -6 -72 0 0 1 1 0 0 0 1 0 98138.dat
1 47 30 -6 -72 0 0 1 1 0 0 0 1 0 98138.dat
1 0 0 4 -72 0 0 1 1 0 0 0 1 0 3022.dat
1 0 -30 14 -80 0 0 1 1 0 0 0 1 0 6141.dat
1 0 30 14 -80 0 0 1 1 0 0 0 1 0 6141.dat
1 0 -10 4 -72 -1 0 0 0 0 1 0 1 0 61409.dat
1 0 10 4 -72 -1 0 0 0 0 1 0 1 0 61409.dat
1 15 0 -24 50 0 0 -1 0 1 0 1 0 0 3021.dat
1 288 -10 -24 -20 0 0 -1 0 1 0 1 0 0 2431.dat
1 288 10 -24 -20 0 0 -1 0 1 0 1 0 0 2431.dat
1 15 30 -24 70 0 0 -1 0 1 0 1 0 0 6141.dat
1 4 30 -32 70 0 0 -1 0 1 0 1 0 0 6141.dat
1 297 30 -40 70 1 0 0 0 1 0 0 0 1 6141.dat
1 15 30 -64 70 1 0 0 0 1 0 0 0 1 3062.dat
1 15 -30 -24 70 0 0 -1 0 1 0 1 0 0 6141.dat
1 4 -30 -32 70 0 0 -1 0 1 0 1 0 0 6141.dat
1 297 -30 -40 70 1 0 0 0 1 0 0 0 1 6141.dat
1 15 -30 -64 70 1 0 0 0 1 0 0 0 1 3062.dat
1 4 30 -64 40 0 0 -1 0 1 0 1 0 0 60592.dat
1 4 -30 -64 40 0 0 1 0 1 0 -1 0 0 60592.dat
1 297 30 -22 20 0 0 1 -1 0 0 0 -1 0 30374.dat
1 297 -30 -22 20 0 0 1 -1 0 0 0 -1 0 30374.dat
1 0 0 -32 30 1 0 0 0 1 0 0 0 1 99207.dat
1 4 0 -44 -8 1 0 0 0 0 -1 0 1 0 6143.dat
1 4 0 -44 -32 1 0 0 0 0 -1 0 1 0 6143.dat
1 4 0 -54 -40 -1 0 0 0 0 1 0 1 0 99780.dat
1 4 0 -34 -40 -1 0 0 0 0 1 0 1 0 3023.dat
1 4 0 -44 -48 -1 0 0 0 0 1 0 1 0 4032.dat
1 288 0 -44 -56 -1 0 0 0 0 1 0 1 0 4032.dat
1 15 0 -44 -64 -1 0 0 0 0 1 0 1 0 18674.dat
1 297 0 -44 -72 0 0 -1 -1 0 0 0 1 0 4740.dat
1 47 0 -44 -80 0 0 1 1 0 0 0 1 0 98138.dat
1 4 0 -72 40 0 0 1 0 1 0 -1 0 0 3031.dat
1 288 -20 -72 40 0 0 1 0 1 0 -1 0 0 88930.dat
1 288 20 -72 40 0 0 -1 0 1 0 1 0 0 88930.dat
1 4 0 -76 -42 1 0 0 0 1 0 0 0 1 15573.dat
1 4 0 -100 -42 1 0 0 0 1 0 0 0 1 3062.dat
1 297 0 -108 -42 1 0 0 0 1 0 0 0 1 6141.dat
1 15 0 -116 -42 1 0 0 0 1 0 0 0 1 6254.dat
1 0 -30 21 60 0 0 1 -0.259 -0.966 0 0.966 -0.259 0 93595.dat
1 0 -30 21 20 0 0 1 -0.5 -0.866 0 0.866 -0.5 0 93595.dat
1 0 -30 21 -40 0 0 1 0 -1 0 1 0 0 93595.dat
1 0 30 21 60 0 0 -1 0.259 0.966 0 0.966 -0.259 0 93595.dat
1 0 30 21 20 0 0 -1 0 1 0 1 0 0 93595.dat
1 0 30 21 -40 0 0 -1 -0.259 0.966 0 0.966 0.259 0 93595.dat
1 15 20.188 0 165.342 -0.259 0 0.966 0 1 0 -0.966 0 -0.259 3795.dat
1 4 9.828 0 126.702 0.966 0 0.259 0 1 0 -0.259 0 0.966 3788.dat
1 4 30.548 0 203.982 0.966 0 0.259 0 1 0 -0.259 0 0.966 3788.dat
1 288 20.188 8 165.342 0.966 0 0.259 0 1 0 -0.259 0 0.966 3020.dat
1 4 -8.792 0 173.112 -0.259 0 0.966 0 1 0 -0.966 0 -0.259 3023.dat
1 4 49.168 0 157.572 -0.259 0 0.966 0 1 0 -0.966 0 -0.259 3023.dat
1 297 4.158 -8 221.412 -0.259 0 0.966 0 1 0 -0.966 0 -0.259 3024.dat
1 297 62.118 -8 205.872 -0.259 0 0.966 0 1 0 -0.966 0 -0.259 3024.dat
1 0 30.548 -8 203.982 -0.966 0 -0.259 0 1 0 0.259 0 -0.966 63082.dat
1 4 -8.792 -8 173.112 0.259 0 -0.966 0 1 0 0.966 0 0.259 3710.dat
1 4 49.168 -8 157.572 0.259 0 -0.966 0 1 0 0.966 0 0.259 3710.dat
1 0 7.238 -8 117.042 0.966 0 0.259 0 1 0 -0.259 0 0.966 3184.dat
1 4 -8.792 -16 173.112 0.259 0 -0.966 0 1 0 0.966 0 0.259 3666.dat
1 4 49.168 -16 157.572 0.259 0 -0.966 0 1 0 0.966 0 0.259 3666.dat
1 4 7.238 -16 117.042 -0.966 0 -0.259 0 1 0 0.259 0 -0.966 3023.dat
1 4 33.138 -16 213.642 -0.966 0 -0.259 0 1 0 0.259 0 -0.966 3023.dat
1 15 33.138 -24 213.642 -0.966 0 -0.259 0 1 0 0.259 0 -0.966 3023.dat
1 15 7.238 -24 117.042 -0.966 0 -0.259 0 1 0 0.259 0 -0.966 3023.dat
1 15 62.118 -24 205.872 -0.966 0 -0.259 0 1 0 0.259 0 -0.966 6141.dat
1 15 36.218 -24 109.272 -0.966 0 -0.259 0 1 0 0.259 0 -0.966 6141.dat
1 15 4.158 -24 221.412 -0.966 0 -0.259 0 1 0 0.259 0 -0.966 6141.dat
1 15 -21.742 -24 124.812 -0.966 0 -0.259 0 1 0 0.259 0 -0.966 6141.dat
1 4 -21.742 -32 124.812 -0.966 0 -0.259 0 1 0 0.259 0 -0.966 6141.dat
1 4 36.218 -32 109.272 -0.966 0 -0.259 0 1 0 0.259 0 -0.966 6141.dat
1 4 4.158 -32 221.412 -0.966 0 -0.259 0 1 0 0.259 0 -0.966 6141.dat
1 4 62.118 -32 205.872 -0.966 0 -0.259 0 1 0 0.259 0 -0.966 6141.dat
1 4 7.238 -48 117.042 -0.966 0 -0.259 0 1 0 0.259 0 -0.966 4865.dat
1 4 33.138 -48 213.642 0.966 0 0.259 0 1 0 -0.259 0 0.966 4865.dat
1 288 49.168 -48 157.572 0.259 0 -0.966 0 1 0 0.966 0 0.259 6191.dat
1 288 -8.792 -48 173.112 -0.259 0 0.966 0 1 0 -0.966 0 -0.259 6191.dat
1 297 36.218 -40 109.272 -0.966 0 -0.259 0 1 0 0.259 0 -0.966 6141.dat
1 297 -21.742 -40 124.812 -0.966 0 -0.259 0 1 0 0.259 0 -0.966 6141.dat
1 297 4.158 -40 221.412 -0.966 0 -0.259 0 1 0 0.259 0 -0.966 6141.dat
1 297 62.118 -40 205.872 -0.966 0 -0.259 0 1 0 0.259 0 -0.966 6141.dat
1 0 30.548 16 203.982 -0.966 0 -0.259 0 1 0 0.259 0 -0.966 4600.dat
1 0 9.828 16 126.702 -0.966 0 -0.259 0 1 0 0.259 0 -0.966 4600.dat
1 0 1.568 21 211.752 -0.259 0 0.966 0 1 0 -0.966 0 -0.259 93595.dat
1 0 -19.152 21 134.472 -0.259 0 0.966 0 1 0 -0.966 0 -0.259 93595.dat
1 0 59.528 21 196.212 0.259 0 -0.966 0 1 0 0.966 0 0.259 93595.dat
1 0 38.808 21 118.932 0.259 0 -0.966 0 1 0 0.966 0 0.259 93595.dat
1 16 2.758 -8 138.952 0.966 0 0.259 0 1 0 -0.259 0 0.966 3024.dat
1 0 2.758 -16 138.952 0.966 0 0.259 0 1 0 -0.259 0 0.966 3024.dat
1 16 2.758 -24 138.952 0.966 0 0.259 0 1 0 -0.259 0 0.966 3070.dat
1 16 15.806 -14 164.446 0.866558 -0.499989 0 0.5 0.866 0 -0.000399 0.000483 1.000237 3024.dat
1 0 19.8059 -20.928 164.4421 0.866558 -0.499989 0 0.5 0.866 0 -0.000399 0.000483 1.000237 3024.dat
1 16 23.8058 -27.856 164.4383 0.866558 -0.499989 0 0.5 0.866 0 -0.000399 0.000483 1.000237 3070.dat
1 4 24.143 -17 183.955 0.966056 0.129353 -0.224028 0 0.866 0.5 0.258706 -0.483028 0.836647 6141.dat
1 2 23.1082 -23.928 187.8192 0.966056 0.129353 -0.224028 0 0.866 0.5 0.258706 -0.483028 0.836647 6141.dat
1 15 22.0734 -30.856 191.6834 0.966056 0.129353 -0.224028 0 0.866 0.5 0.258706 -0.483028 0.836647 6141.dat
1 4 21.0385 -37.784 195.5477 0.966056 0.129353 -0.224028 0 0.866 0.5 0.258706 -0.483028 0.836647 6141.dat
1 2 20.0037 -44.712 199.4119 0.966056 0.129353 -0.224028 0 0.866 0.5 0.258706 -0.483028 0.836647 6141.dat
1 15 18.9689 -51.64 203.2761 0.966056 0.129353 -0.224028 0 0.866 0.5 0.258706 -0.483028 0.836647 6141.dat
1 4 10.349 -69.352 235.466 0.966056 0.129353 -0.224028 0 0.866 0.5 0.258706 -0.483028 0.836647 6091.dat
1 4 10.349 -69.352 235.466 0.966056 0.129353 -0.224028 0 0.866 0.5 0.258706 -0.483028 0.836647 3070.dat
1 15 43.225 -62 193.335 0.939603 0.279804 0.199689 0.035 0.5 -0.865 -0.342006 0.819602 0.459004 3900.dat
1 15 40.9866 -66 186.7782 0.939603 0.279804 0.199689 0.035 0.5 -0.865 -0.342006 0.819602 0.459004 98138.dat
1 31 31.472 -42 172.671 0.67137 0.694554 0.259 -0.719 0.695 0 -0.180005 -0.186221 0.966 33291.dat
1 29 31.472 -42 172.671 0.67137 0.694554 0.259 -0.719 0.695 0 -0.180005 -0.186221 0.966 15470.dat
1 84 18.0107 -38.856 165.9993 0.836703 -0.499989 0.224791 0.483 0.866 0.129 -0.258503 0.000483 0.965853 98138.dat
1 84 2.758 -36 138.952 0.912156 -0.331828 -0.241885 0.342 0.94 0 0.227598 -0.082915 0.970865 98138.dat
1 19 24.339 -35 138.343 0.962136 -0.014063 0.272412 0.087 0.962 -0.258 -0.257964 0.27195 0.927199 11610.dat
1 70 24.339 -35 138.343 0.962136 -0.014063 0.272412 0.087 0.962 -0.258 -0.257964 0.27195 0.927199 15470.dat
1 15 87.318 0 317.832 -0.5 0 0.866 0 1 0 -0.866 0 -0.5 3034.dat
1 288 52.318 8 257.212 0.866 0 0.5 0 1 0 -0.5 0 0.866 3023.dat
1 288 122.318 8 378.452 0.866 0 0.5 0 1 0 -0.5 0 0.866 3023.dat
1 288 87.318 8 317.832 0.866 0 0.5 0 1 0 -0.5 0 0.866 3020.dat
1 4 67.318 0 283.192 0.866 0 0.5 0 1 0 -0.5 0 0.866 60212.dat
1 4 107.318 0 352.472 0.866 0 0.5 0 1 0 -0.5 0 0.866 60212.dat
1 4 113.298 0 302.832 -0.5 0 0.866 0 1 0 -0.866 0 -0.5 3023.dat
1 4 61.338 0 332.832 -0.5 0 0.866 0 1 0 -0.866 0 -0.5 3023.dat
1 4 62.318 -8 274.532 -0.866 0 -0.5 0 1 0 0.5 0 -0.866 3023.dat
1 0 117.318 -8 369.792 -0.866 0 -0.5 0 1 0 0.5 0 -0.866 63082.dat
1 4 61.338 -8 332.832 0.5 0 -0.866 0 1 0 0.866 0 0.5 3666.dat
1 4 113.298 -8 302.832 0.5 0 -0.866 0 1 0 0.866 0 0.5 3666.dat
1 0 52.318 -8 257.212 0.866 0 0.5 0 1 0 -0.5 0 0.866 3184.dat
1 4 52.318 -16 257.212 -0.866 0 -0.5 0 1 0 0.5 0 -0.866 3023.dat
1 4 122.318 -16 378.452 -0.866 0 -0.5 0 1 0 0.5 0 -0.866 3023.dat
1 4 61.338 -16 332.832 0.5 0 -0.866 0 1 0 0.866 0 0.5 3460.dat
1 4 113.298 -16 302.832 0.5 0 -0.866 0 1 0 0.866 0 0.5 3460.dat
1 297 148.298 -8 363.452 0.5 0 -0.866 0 1 0 0.866 0 0.5 3024.dat
1 297 96.338 -8 393.452 0.5 0 -0.866 0 1 0 0.866 0 0.5 3024.dat
1 297 122.318 -40 378.452 -0.866 0 -0.5 0 1 0 0.5 0 -0.866 3633.dat
1 297 52.318 -40 257.212 0.866 0 0.5 0 1 0 -0.5 0 0.866 3633.dat
1 288 62.318 -32 274.532 0.866 0 0.5 0 1 0 -0.5 0 0.866 3004.dat
1 288 112.318 -32 361.132 0.866 0 0.5 0 1 0 -0.5 0 0.866 3004.dat
1 15 88.298 -24 259.532 -0.866 0 -0.5 0 1 0 0.5 0 -0.866 6141.dat
1 4 88.298 -32 259.532 -0.866 0 -0.5 0 1 0 0.5 0 -0.866 6141.dat
1 297 88.298 -40 259.532 -0.866 0 -0.5 0 1 0 0.5 0 -0.866 6141.dat
1 15 138.298 -24 346.132 -0.866 0 -0.5 0 1 0 0.5 0 -0.866 6141.dat
1 4 138.298 -32 346.132 -0.866 0 -0.5 0 1 0 0.5 0 -0.866 6141.dat
1 297 138.298 -40 346.132 -0.866 0 -0.5 0 1 0 0.5 0 -0.866 6141.dat
1 15 86.338 -24 376.132 -0.866 0 -0.5 0 1 0 0.5 0 -0.866 6141.dat
1 4 86.338 -32 376.132 -0.866 0 -0.5 0 1 0 0.5 0 -0.866 6141.dat
1 297 86.338 -40 376.132 -0.866 0 -0.5 0 1 0 0.5 0 -0.866 6141.dat
1 15 36.338 -24 289.532 -0.866 0 -0.5 0 1 0 0.5 0 -0.866 6141.dat
1 4 36.338 -32 289.532 -0.866 0 -0.5 0 1 0 0.5 0 -0.866 6141.dat
1 297 36.338 -40 289.532 -0.866 0 -0.5 0 1 0 0.5 0 -0.866 6141.dat
1 15 36.338 -64 289.532 -0.866 0 -0.5 0 1 0 0.5 0 -0.866 3062.dat
1 15 86.338 -64 376.132 -0.866 0 -0.5 0 1 0 0.5 0 -0.866 3062.dat
1 15 138.298 -64 346.132 -0.866 0 -0.5 0 1 0 0.5 0 -0.866 3062.dat
1 15 88.298 -64 259.532 -0.866 0 -0.5 0 1 0 0.5 0 -0.866 3062.dat
1 47 62.318 -56 274.532 -0.866 0 -0.5 0 1 0 0.5 0 -0.866 3065.dat
1 47 112.318 -56 361.132 -0.866 0 -0.5 0 1 0 0.5 0 -0.866 3065.dat
1 288 62.318 -64 274.532 -0.866 0 -0.5 0 1 0 0.5 0 -0.866 3023.dat
1 288 112.318 -64 361.132 -0.866 0 -0.5 0 1 0 0.5 0 -0.866 3023.dat
1 4 103.298 -64 285.512 0.5 0 -0.866 0 1 0 0.866 0 0.5 60592.dat
1 4 123.298 -64 320.152 0.5 0 -0.866 0 1 0 0.866 0 0.5 60592.dat
1 4 71.338 -64 350.152 -0.5 0 0.866 0 1 0 -0.866 0 -0.5 60592.dat
1 4 51.338 -64 315.512 -0.5 0 0.866 0 1 0 -0.866 0 -0.5 60592.dat
1 4 104.638 -72 307.832 -0.5 0 0.866 0 1 0 -0.866 0 -0.5 3795.dat
1 4 69.998 -72 327.832 -0.5 0 0.866 0 1 0 -0.866 0 -0.5 3795.dat
1 4 87.318 -80 317.832 -0.866 0 -0.5 0 1 0 0.5 0 -0.866 3020.dat
1 15 102.318 -80 343.812 -0.866 0 -0.5 0 1 0 0.5 0 -0.866 3023.dat
1 15 72.318 -80 291.852 -0.866 0 -0.5 0 1 0 0.5 0 -0.866 3023.dat
1 288 112.318 -80 361.132 -0.866 0 -0.5 0 1 0 0.5 0 -0.866 3023.dat
1 288 62.318 -80 274.532 -0.866 0 -0.5 0 1 0 0.5 0 -0.866 3023.dat
1 0 107.318 16 352.472 -0.866 0 -0.5 0 1 0 0.5 0 -0.866 4600.dat
1 0 67.318 16 283.192 -0.866 0 -0.5 0 1 0 0.5 0 -0.866 4600.dat
1 0 133.298 21 337.472 0.5 0 -0.866 0 1 0 0.866 0 0.5 93595.dat
1 0 93.298 21 268.192 0.5 0 -0.866 0 1 0 0.866 0 0.5 93595.dat
1 0 41.338 21 298.192 -0.5 0 0.866 0 1 0 -0.866 0 -0.5 93595.dat
1 0 81.338 21 367.472 -0.5 0 0.866 0 1 0 -0.866 0 -0.5 93595.dat
1 288 89.998 -72 362.472 -0.5 0 0.866 0 1 0 -0.866 0 -0.5 15068.dat
1 288 49.998 -72 293.192 -0.5 0 0.866 0 1 0 -0.866 0 -0.5 15068.dat
1 288 84.638 -72 273.192 0.5 0 -0.866 0 1 0 0.866 0 0.5 15068.dat
1 288 124.638 -72 342.472 0.5 0 -0.866 0 1 0 0.866 0 0.5 15068.dat
1 47 61.338 -88 332.832 0.5 0 -0.866 0 1 0 0.866 0 0.5 3023.dat
1 47 113.298 -88 302.832 0.5 0 -0.866 0 1 0 0.866 0 0.5 3023.dat
1 4 87.318 -104 317.832 0.5 0 -0.866 0 1 0 0.866 0 0.5 3003.dat
1 47 61.338 -96 332.832 0.5 0 -0.866 0 1 0 0.866 0 0.5 3023.dat
1 47 113.298 -96 302.832 0.5 0 -0.866 0 1 0 0.866 0 0.5 3023.dat
1 288 104.638 -96 307.832 0.5 0 -0.866 0 1 0 0.866 0 0.5 15068.dat
1 288 69.998 -96 327.832 -0.5 0 0.866 0 1 0 -0.866 0 -0.5 15068.dat
