0 Main
0 Name: 4404 - Land Busters - Dragster.mpd
0 Author: LTRON
1 0 0 30.7 -18.688 0 0 -1 -0.035 0.999 0 0.999 0.035 0 3832.dat
1 0 0 23 201.092 0 0 -1 -0.035 0.999 0 0.999 0.035 0 2445.dat
1 14 0 25.508 -98.888 1 0 0 0 0.999 -0.035 0 0.035 0.999 3832.dat
1 8 0 20.608 40.972 0 0 1 0.035 0.999 0 -0.999 0.035 0 2445.dat
1 0 0 14.6 440.852 0 0 1 0.035 0.999 0 -0.999 0.035 0 2445.dat
1 8 0 15.708 180.832 0 0 1 0.035 0.999 0 -0.999 0.035 0 3022.dat
1 8 0 10.808 320.692 0 0 1 0.035 0.999 0 -0.999 0.035 0 2445.dat
1 0 0 6.9 660.632 0 0 1 0.035 0.999 0 -0.999 0.035 0 3030.dat
1 8 20 5.558 470.542 1 0 0 0 0.999 -0.035 0 0.035 0.999 43723.dat
1 8 -20 5.558 470.542 1 0 0 0 0.999 -0.035 0 0.035 0.999 43722.dat
1 0 0 -5.292 780.232 0 0 1 0.035 0.999 0 -0.999 0.035 0 3028.dat
1 8 0 1.708 580.432 0 0 1 0.035 0.999 0 -0.999 0.035 0 3035.dat
1 0 -50 1.3 820.472 0 0 1 0.035 0.999 0 -0.999 0.035 0 4510.dat
1 0 50 1.3 820.472 0 0 -1 -0.035 0.999 0 0.999 0.035 0 4510.dat
1 7 -60 -32.068 859.312 1 0 0 0 0.999 -0.035 0 0.035 0.999 32531.dat
1 7 60 -32.068 859.312 1 0 0 0 0.999 -0.035 0 0.035 0.999 32531.dat
1 0 0 -30.318 809.362 1 0 0 0 0.999 -0.035 0 0.035 0.999 3894.dat
1 14 -40 -27.868 739.432 0 0 1 0.035 0.999 0 -0.999 0.035 0 2456.dat
1 14 40 -27.868 739.432 0 0 1 0.035 0.999 0 -0.999 0.035 0 2456.dat
1 14 40 -24.368 639.532 1 0 0 0 0.999 -0.035 0 0.035 0.999 41768.dat
1 14 -40 -24.368 639.532 1 0 0 0 0.999 -0.035 0 0.035 0.999 41767.dat
1 14 -30 -20.868 539.632 0 0 1 0.035 0.999 0 -0.999 0.035 0 3009.dat
1 14 30 -20.868 539.632 0 0 1 0.035 0.999 0 -0.999 0.035 0 3009.dat
1 7 -50 -32.068 859.312 -1 0 0 0 0.999 0.035 0 0.035 -0.999 3002.dat
1 7 50 -32.068 859.312 -1 0 0 0 0.999 0.035 0 0.035 -0.999 3002.dat
1 19 -120 -22.078 859.662 -1 0 0 0 0.999 0.035 0 0.035 -0.999 3749.dat
1 19 120 -22.078 859.662 1 0 0 0 0.999 -0.035 0 0.035 0.999 3749.dat
1 0 -10 -22.968 599.572 0 0 1 0.035 0.999 0 -0.999 0.035 0 3895.dat
1 0 10 -22.968 599.572 0 0 1 0.035 0.999 0 -0.999 0.035 0 3895.dat
1 14 20 -17.368 439.732 1 0 0 0 0.999 -0.035 0 0.035 0.999 41768.dat
1 14 -20 -17.368 439.732 1 0 0 0 0.999 -0.035 0 0.035 0.999 41767.dat
1 0 0 -13.868 339.832 0 0 1 0.035 0.999 0 -0.999 0.035 0 2456.dat
1 0 0 -2.668 20.152 0 0 1 0.035 0.999 0 -0.999 0.035 0 2456.dat
1 14 10 -8.268 179.992 0 0 1 0.035 0.999 0 -0.999 0.035 0 6111.dat
1 14 -10 -8.268 179.992 0 0 1 0.035 0.999 0 -0.999 0.035 0 6111.dat
1 0 0 -0.218 -49.778 1 0 0 0 0.999 -0.035 0 0.035 0.999 3298.dat
1 8 0 17.866 -109.158 1 0 0 0 0.999 -0.035 0 0.035 0.999 2540.dat
1 4 0 -26.06 459.432 0 0 1 0.035 0.999 0 -0.999 0.035 0 3020.dat
1 14 0 -30.96 599.292 0 0 1 0.035 0.999 0 -0.999 0.035 0 3030.dat
1 0 0 -37.26 779.112 0 0 1 0.035 0.999 0 -0.999 0.035 0 3035.dat
1 14 0 -57.094 888.442 -1 0 0 0 0.999 0.035 0 0.035 -0.999 3004.dat
1 14 0 -81.07 887.602 -1 0 0 0 0.999 0.035 0 0.035 -0.999 3660.dat
1 14 0 -37.552 559.052 0 0 -1 -0.035 0.999 0 0.999 0.035 0 3832.dat
1 8 -30 -37.552 559.052 0 0 -1 -0.035 0.999 0 0.999 0.035 0 6636.dat
1 8 30 -37.552 559.052 0 0 -1 -0.035 0.999 0 0.999 0.035 0 6636.dat
1 14 0 -105.396 896.752 -1 0 0 0 0.999 0.035 0 0.035 -0.999 3003.dat
1 14 30 -105.046 886.762 -1 0 0 0 0.999 0.035 0 0.035 -0.999 2449.dat
1 14 -30 -105.046 886.762 -1 0 0 0 0.999 0.035 0 0.035 -0.999 2449.dat
1 4 -30 -45.602 788.822 0 0 -1 -0.035 0.999 0 0.999 0.035 0 3623.dat
1 4 30 -45.602 788.822 0 0 -1 -0.035 0.999 0 0.999 0.035 0 3623.dat
1 8 0 -45.252 778.832 0 0 -1 -0.035 0.999 0 0.999 0.035 0 3022.dat
1 8 -10 -46.652 818.792 0 0 -1 -0.035 0.999 0 0.999 0.035 0 30383.dat
1 8 10 -46.652 818.792 0 0 -1 -0.035 0.999 0 0.999 0.035 0 30383.dat
1 14 50 -104.696 876.772 0 0 -1 -0.035 0.999 0 0.999 0.035 0 3684.dat
1 14 -50 -104.696 876.772 0 0 1 0.035 0.999 0 -0.999 0.035 0 3684.dat
1 14 -50 -103.646 846.802 0 0 1 0.035 0.999 0 -0.999 0.035 0 4460.dat
1 14 50 -103.646 846.802 0 0 -1 -0.035 0.999 0 0.999 0.035 0 4460.dat
1 14 -50 -53.244 778.552 0 0 -1 -0.035 0.999 0 0.999 0.035 0 3009.dat
1 14 50 -53.244 778.552 0 0 -1 -0.035 0.999 0 0.999 0.035 0 3009.dat
1 14 -50 -50.794 708.622 1 0 0 0 0.999 -0.035 0 0.035 0.999 4286.dat
1 14 50 -50.794 708.622 1 0 0 0 0.999 -0.035 0 0.035 0.999 4286.dat
1 8 0 -53.944 798.532 -1 0 0 0 0.999 0.035 0 0.035 -0.999 3020.dat
1 8 0 -52.894 768.562 -1 0 0 0 0.999 0.035 0 0.035 -0.999 3710.dat
1 14 0 -42.744 478.852 1 0 0 0 0.999 -0.035 0 0.035 0.999 43712.dat
1 0 0 -45.544 558.772 0 0 1 0.035 0.999 0 -0.999 0.035 0 32001.dat
1 0 -50 -59.836 738.312 0 0 1 0.035 0.999 0 -0.999 0.035 0 3710.dat
1 0 -50 -62.286 808.242 0 0 1 0.035 0.999 0 -0.999 0.035 0 3623.dat
1 0 50 -62.286 808.242 0 0 1 0.035 0.999 0 -0.999 0.035 0 3623.dat
1 0 50 -59.836 738.312 0 0 1 0.035 0.999 0 -0.999 0.035 0 3710.dat
1 0 0 -113.738 906.462 -1 0 0 0 0.999 0.035 0 0.035 -0.999 3710.dat
1 0 0 -113.038 886.482 -1 0 0 0 0.999 0.035 0 0.035 -0.999 3666.dat
1 14 -10 -48.344 638.692 0 0 -1 -0.035 0.999 0 0.999 0.035 0 44302.dat
1 14 10 -48.344 638.692 0 0 -1 -0.035 0.999 0 0.999 0.035 0 44302.dat
1 14 60 -69.928 797.972 1 0 0 0 0.999 -0.035 0 0.035 0.999 41770.dat
1 14 -60 -69.928 797.972 1 0 0 0 0.999 -0.035 0 0.035 0.999 41769.dat
1 14 -50 -67.828 738.032 0 0 1 0.035 0.999 0 -0.999 0.035 0 3069.dat
1 14 50 -67.828 738.032 0 0 1 0.035 0.999 0 -0.999 0.035 0 3069.dat
1 8 20 -61.586 788.262 1 0 0 0 0.999 -0.035 0 0.035 0.999 43723.dat
1 8 -20 -61.586 788.262 1 0 0 0 0.999 -0.035 0 0.035 0.999 43722.dat
1 8 -10 -53.536 558.492 0 0 1 0.035 0.999 0 -0.999 0.035 0 4477.dat
1 8 10 -53.536 558.492 0 0 1 0.035 0.999 0 -0.999 0.035 0 4477.dat
1 0 -30 -137.014 885.642 0 0 1 0.035 0.999 0 -0.999 0.035 0 3040.dat
1 0 30 -137.014 885.642 0 0 -1 -0.035 0.999 0 0.999 0.035 0 3040.dat
1 14 -50 -94.954 827.102 1 0 0 0 0.999 -0.035 0 0.035 0.999 4286.dat
1 14 50 -94.954 827.102 1 0 0 0 0.999 -0.035 0 0.035 0.999 4286.dat
1 14 -50 -102.946 826.822 1 0 0 0 0.999 -0.035 0 0.035 0.999 6141.dat
1 14 50 -102.946 826.822 1 0 0 0 0.999 -0.035 0 0.035 0.999 6141.dat
1 0 0 -64.328 638.132 1 0 0 0 0.999 -0.035 0 0.035 0.999 3068.dat
1 14 0 -145.006 885.362 1 0 0 0 0.999 -0.035 0 0.035 0.999 2431.dat
1 0 -50 -111.638 846.522 0 0 1 0.035 0.999 0 -0.999 0.035 0 3623.dat
1 0 50 -111.638 846.522 0 0 1 0.035 0.999 0 -0.999 0.035 0 3623.dat
1 14 10 -20.46 299.592 0 0 1 0.035 0.999 0 -0.999 0.035 0 4162.dat
1 0 -10 -20.46 299.592 0 0 1 0.035 0.999 0 -0.999 0.035 0 4162.dat
1 14 -10 -15.56 159.732 0 0 1 0.035 0.999 0 -0.999 0.035 0 6636.dat
1 0 10 -15.56 159.732 0 0 1 0.035 0.999 0 -0.999 0.035 0 6636.dat
1 14 10 -10.66 19.872 0 0 1 0.035 0.999 0 -0.999 0.035 0 4162.dat
1 0 -10 -10.66 19.872 0 0 1 0.035 0.999 0 -0.999 0.035 0 4162.dat
1 7 90 1.532 -99.728 0 0 1 0.035 0.999 0 -0.999 0.035 0 3700.dat
1 7 -90 1.532 -99.728 0 0 1 0.035 0.999 0 -0.999 0.035 0 3700.dat
1 14 70 1.532 -99.728 0 0 1 0.035 0.999 0 -0.999 0.035 0 3298.dat
1 14 -70 1.532 -99.728 0 0 -1 -0.035 0.999 0 0.999 0.035 0 3298.dat
1 0 -80 -6.46 -100.008 0 0 -1 -0.035 0.999 0 0.999 0.035 0 3068.dat
1 0 80 -6.46 -100.008 0 0 -1 -0.035 0.999 0 0.999 0.035 0 3068.dat
1 19 100 11.522 -99.378 1 0 0 0 0.999 -0.035 0 0.035 0.999 3749.dat
1 19 -100 11.522 -99.378 -1 0 0 0 0.999 0.035 0 0.035 -0.999 3749.dat
1 0 0 -130.072 915.892 1 0 0 0 0.999 -0.035 0 0.035 0.999 3020.dat
1 8 30 -138.064 915.612 0 0 -1 -0.035 0.999 0 0.999 0.035 0 2540.dat
1 8 -30 -138.064 915.612 0 0 1 0.035 0.999 0 -0.999 0.035 0 2540.dat
1 7 0 -138.414 925.602 -1 0 0 0 0.999 0.035 0 0.035 -0.999 2412.dat
1 14 20 -121.73 906.182 -1 0 0 0 0.999 0.035 0 0.035 -0.999 44728.dat
1 14 -20 -121.73 906.182 -1 0 0 0 0.999 0.035 0 0.035 -0.999 44728.dat
1 8 0 -102.52 928.86 -1 0 0 0 0.035 -0.999 0 -0.999 -0.035 3020.dat
1 14 -50 -119.98 856.232 0 0 1 0.035 0.999 0 -0.999 0.035 0 3794.dat
1 14 50 -119.98 856.232 0 0 1 0.035 0.999 0 -0.999 0.035 0 3794.dat
1 16 -50 -135.964 855.672 -1 0 0 0 0.999 0.035 0 0.035 -0.999 750.dat
1 16 -50 -135.964 855.672 -1 0 0 0 -0.999 -0.035 0 -0.035 0.999 755.dat
1 16 -10 -145.706 905.342 -1 0 0 0 0.999 0.035 0 0.035 -0.999 750.dat
1 16 -10 -145.706 905.342 -1 0 0 0 -0.999 -0.035 0 -0.035 0.999 755.dat
1 16 -49.9724 -141.728 855.5046 -0.999878 -0.015618 0 -0.01561 0.999371 0.015488 -0.000242 0.015486 -0.999493 754.dat
1 16 -49.8845 -144.2631 855.5256 -0.99908 -0.042885 0 -0.042861 0.99852 -0.018652 0.0008 -0.018635 -0.999439 754.dat
1 16 -49.725 -146.7922 855.6365 -0.997439 -0.071521 0 -0.071386 0.99556 -0.054682 0.003911 -0.054543 -0.998116 754.dat
1 16 -49.4865 -149.3084 855.8464 -0.994608 -0.103704 0 -0.103189 0.989675 -0.095501 0.009904 -0.094986 -0.99504 754.dat
1 16 -49.1703 -151.806 856.1543 -0.991024 -0.133687 0 -0.13243 0.981705 -0.133956 0.017908 -0.132753 -0.990597 754.dat
1 16 -48.7686 -154.2754 856.5701 -0.985623 -0.168959 0 -0.166136 0.969159 -0.179878 0.030392 -0.177291 -0.983296 754.dat
1 16 -48.2801 -156.7081 857.0955 -0.979247 -0.202672 0 -0.197411 0.953829 -0.224642 0.045529 -0.21998 -0.974044 754.dat
1 16 -47.7052 -159.0952 857.7307 -0.971539 -0.236881 0 -0.227912 0.934755 -0.271135 0.064226 -0.263419 -0.962139 754.dat
1 16 -47.043 -161.4267 858.477 -0.962469 -0.271392 0 -0.257069 0.911674 -0.319362 0.086672 -0.307376 -0.947225 754.dat
1 16 -46.29 -163.6895 859.3392 -0.951481 -0.307707 0 -0.285516 0.882864 -0.37183 0.114414 -0.353789 -0.927884 754.dat
1 16 -45.452 -165.8771 860.3103 -0.940421 -0.340012 0 -0.308382 0.852937 -0.420268 0.142897 -0.395229 -0.906973 754.dat
1 16 -44.529 -167.9775 861.3907 -0.927449 -0.37395 0 -0.329255 0.816598 -0.47327 0.176979 -0.438934 -0.880478 754.dat
1 16 -43.5193 -169.9747 862.5831 -0.912886 -0.408215 0 -0.346137 0.77406 -0.529382 0.216102 -0.483265 -0.847928 754.dat
1 16 -42.4296 -171.8622 863.8794 -0.898693 -0.438577 0 -0.356538 0.730588 -0.581678 0.25511 -0.52275 -0.812943 754.dat
1 16 -41.267 -173.6349 865.2709 -0.884447 -0.466641 0 -0.361193 0.684585 -0.632542 0.29517 -0.55945 -0.774026 754.dat
1 16 -40.0294 -175.271 866.7609 -0.867863 -0.496804 0 -0.35914 0.627379 -0.690391 0.342989 -0.599165 -0.722901 754.dat
1 16 -38.726 -176.7692 868.3381 -0.853613 -0.520908 0 -0.350408 0.574215 -0.739404 0.385161 -0.631165 -0.672687 754.dat
1 16 -37.3603 -178.1139 869.9984 -0.838076 -0.545553 0 -0.332343 0.510544 -0.79254 0.432373 -0.664208 -0.609185 754.dat
1 16 -35.9425 -179.3076 871.7293 -0.825503 -0.564398 0 -0.309647 0.452898 -0.8356 0.471612 -0.68979 -0.548633 754.dat
1 16 -34.4775 -180.3369 873.5248 -0.812588 -0.582838 0 -0.276163 0.385024 -0.880179 0.513003 -0.715223 -0.473825 754.dat
1 16 -32.9694 -181.1794 875.3809 -0.800625 -0.599165 0 -0.231164 0.308889 -0.922159 0.552526 -0.738305 -0.385809 754.dat
1 16 -31.6878 -181.6888 876.9655 -0.788649 -0.614844 0 -0.15874 0.203614 -0.965696 0.593752 -0.761595 -0.25818 756.dat
1 16 -29.1579 -182.438 880.1023 -0.781894 0.623412 0 -0.072777 -0.091278 0.992772 0.618906 0.776243 0.11674 754.dat
1 16 -27.575 -182.6081 882.0754 -0.780934 0.624613 0 -0.008946 -0.011185 0.99951 0.624308 0.780552 0.014322 754.dat
1 16 -25.9927 -182.5667 884.0552 -0.783718 0.621116 0 0.06309 0.079606 0.994439 0.617663 0.77936 -0.101576 754.dat
1 16 -24.4233 -182.2945 886.027 -0.790586 0.612351 0 0.132312 0.170824 0.975981 0.597643 0.771597 -0.216073 754.dat
1 16 -22.8791 -181.7973 887.975 -0.800264 0.599648 0 0.190182 0.253808 0.947965 0.568446 0.758622 -0.317155 754.dat
1 16 -21.3736 -181.0785 889.8825 -0.815549 0.578688 0 0.249032 0.350963 0.902239 0.522114 0.73582 -0.43034 754.dat
1 16 -19.9253 -180.1177 891.7269 -0.833559 0.55243 0 0.293092 0.442245 0.847196 0.468017 0.706188 -0.53055 754.dat
1 16 -18.5453 -178.9349 893.4937 -0.85174 0.523965 0 0.32053 0.521044 0.790569 0.414231 0.673359 -0.61174 754.dat
1 16 -17.2462 -177.5442 895.1667 -0.874944 0.484225 0 0.337582 0.609975 0.716376 0.346887 0.626788 -0.69716 754.dat
1 16 -16.0461 -175.9435 896.7233 -0.894624 0.446819 0 0.338932 0.678612 0.651028 0.290892 0.582426 -0.758544 754.dat
1 16 -14.9494 -174.1647 898.1568 -0.917224 0.398372 0 0.326647 0.75208 0.571755 0.227772 0.524428 -0.819953 754.dat
1 16 -13.9702 -172.2158 899.4494 -0.934121 0.356956 0 0.30732 0.804229 0.507933 0.18131 0.474472 -0.860946 754.dat
1 16 -13.104 -170.1329 900.6053 -0.952311 0.305129 0 0.27503 0.858373 0.432182 0.131871 0.411571 -0.901358 754.dat
1 16 -12.4249 -168.1521 901.5238 -0.963322 0.268348 0 0.248032 0.890392 0.380668 0.102152 0.366706 -0.924293 754.dat
1 16 -11.8428 -166.0917 902.3237 -0.973913 0.226921 0 0.214553 0.920833 0.324439 0.073622 0.315977 -0.945497 754.dat
1 16 -11.299 -163.7356 903.0862 -0.982692 0.185248 0 0.178323 0.94596 0.269417 0.049908 0.264754 -0.962622 754.dat
1 16 -10.8598 -161.3202 903.72 -0.989416 0.145107 0 0.141574 0.965327 0.217548 0.031568 0.215245 -0.975654 754.dat
1 16 -10.5196 -158.8596 904.2315 -0.994092 0.108539 0 0.106897 0.979057 0.171016 0.018561 0.170006 -0.984876 754.dat
1 16 -10.2716 -156.3672 904.629 -0.99734 0.072896 0 0.072285 0.988986 0.126125 0.009194 0.125789 -0.991624 754.dat
1 16 -10.1105 -153.8526 904.9185 -0.999128 0.041756 0 0.041581 0.994939 0.08714 0.003638 0.087065 -0.995808 754.dat
1 16 -10.026 -151.3963 905.1102 -0.999883 0.015293 0 0.015265 0.998031 0.054093 0.000827 0.054087 -0.998148 754.dat
1 16 50 -135.964 855.672 -1 0 0 0 0.999 0.035 0 0.035 -0.999 750.dat
1 16 50 -135.964 855.672 -1 0 0 0 -0.999 -0.035 0 -0.035 0.999 755.dat
1 16 10 -145.706 905.342 -1 0 0 0 0.999 0.035 0 0.035 -0.999 750.dat
1 16 10 -145.706 905.342 -1 0 0 0 -0.999 -0.035 0 -0.035 0.999 755.dat
1 16 49.9724 -141.728 855.5046 -0.999878 0.015618 0 0.01561 0.999371 0.015488 0.000242 0.015486 -0.999493 754.dat
1 16 49.8845 -144.2631 855.5256 -0.99908 0.042885 0 0.042861 0.99852 -0.018652 -0.0008 -0.018635 -0.999439 754.dat
1 16 49.725 -146.7922 855.6365 -0.997439 0.071521 0 0.071386 0.99556 -0.054682 -0.003911 -0.054543 -0.998116 754.dat
1 16 49.4865 -149.3084 855.8464 -0.994608 0.103704 0 0.103189 0.989675 -0.095501 -0.009904 -0.094986 -0.99504 754.dat
1 16 49.1703 -151.806 856.1543 -0.991024 0.133687 0 0.13243 0.981705 -0.133956 -0.017908 -0.132753 -0.990597 754.dat
1 16 48.7686 -154.2754 856.5701 -0.985623 0.168959 0 0.166136 0.969159 -0.179878 -0.030392 -0.177291 -0.983296 754.dat
1 16 48.2801 -156.7081 857.0955 -0.979247 0.202672 0 0.197411 0.953829 -0.224642 -0.045529 -0.21998 -0.974044 754.dat
1 16 47.7052 -159.0952 857.7307 -0.971539 0.236881 0 0.227912 0.934755 -0.271135 -0.064226 -0.263419 -0.962139 754.dat
1 16 47.043 -161.4267 858.477 -0.962469 0.271392 0 0.257069 0.911674 -0.319362 -0.086672 -0.307376 -0.947225 754.dat
1 16 46.29 -163.6895 859.3392 -0.951481 0.307707 0 0.285516 0.882864 -0.37183 -0.114414 -0.353789 -0.927884 754.dat
1 16 45.452 -165.8771 860.3103 -0.940421 0.340012 0 0.308382 0.852937 -0.420268 -0.142897 -0.395229 -0.906973 754.dat
1 16 44.529 -167.9775 861.3907 -0.927449 0.37395 0 0.329255 0.816598 -0.47327 -0.176979 -0.438934 -0.880478 754.dat
1 16 43.5193 -169.9747 862.5831 -0.912886 0.408215 0 0.346137 0.77406 -0.529382 -0.216102 -0.483265 -0.847928 754.dat
1 16 42.4296 -171.8622 863.8794 -0.898693 0.438577 0 0.356538 0.730588 -0.581678 -0.25511 -0.52275 -0.812943 754.dat
1 16 41.267 -173.6349 865.2709 -0.884447 0.466641 0 0.361193 0.684585 -0.632542 -0.29517 -0.55945 -0.774026 754.dat
1 16 40.0294 -175.271 866.7609 -0.867863 0.496804 0 0.35914 0.627379 -0.690391 -0.342989 -0.599165 -0.722901 754.dat
1 16 38.726 -176.7692 868.3381 -0.853613 0.520908 0 0.350408 0.574215 -0.739404 -0.385161 -0.631165 -0.672687 754.dat
1 16 37.3603 -178.1139 869.9984 -0.838076 0.545553 0 0.332343 0.510544 -0.79254 -0.432373 -0.664208 -0.609185 754.dat
1 16 35.9425 -179.3076 871.7293 -0.825503 0.564398 0 0.309647 0.452898 -0.8356 -0.471612 -0.68979 -0.548633 754.dat
1 16 34.4775 -180.3369 873.5248 -0.812588 0.582838 0 0.276163 0.385024 -0.880179 -0.513003 -0.715223 -0.473825 754.dat
1 16 32.9694 -181.1794 875.3809 -0.800625 0.599165 0 0.231164 0.308889 -0.922159 -0.552526 -0.738305 -0.385809 754.dat
1 16 31.6878 -181.6888 876.9655 -0.788649 0.614844 0 0.15874 0.203614 -0.965696 -0.593752 -0.761595 -0.25818 756.dat
1 16 29.1579 -182.438 880.1023 -0.781894 -0.623412 0 0.072777 -0.091278 0.992772 -0.618906 0.776243 0.11674 754.dat
1 16 27.575 -182.6081 882.0754 -0.780934 -0.624613 0 0.008946 -0.011185 0.99951 -0.624308 0.780552 0.014322 754.dat
1 16 25.9927 -182.5667 884.0552 -0.783718 -0.621116 0 -0.06309 0.079606 0.994439 -0.617663 0.77936 -0.101576 754.dat
1 16 24.4233 -182.2945 886.027 -0.790586 -0.612351 0 -0.132312 0.170824 0.975981 -0.597643 0.771597 -0.216073 754.dat
1 16 22.8791 -181.7973 887.975 -0.800264 -0.599648 0 -0.190182 0.253808 0.947965 -0.568446 0.758622 -0.317155 754.dat
1 16 21.3736 -181.0785 889.8825 -0.815549 -0.578688 0 -0.249032 0.350963 0.902239 -0.522114 0.73582 -0.43034 754.dat
1 16 19.9253 -180.1177 891.7269 -0.833559 -0.55243 0 -0.293092 0.442245 0.847196 -0.468017 0.706188 -0.53055 754.dat
1 16 18.5453 -178.9349 893.4937 -0.85174 -0.523965 0 -0.32053 0.521044 0.790569 -0.414231 0.673359 -0.61174 754.dat
1 16 17.2462 -177.5442 895.1667 -0.874944 -0.484225 0 -0.337582 0.609975 0.716376 -0.346887 0.626788 -0.69716 754.dat
1 16 16.0461 -175.9435 896.7233 -0.894624 -0.446819 0 -0.338932 0.678612 0.651028 -0.290892 0.582426 -0.758544 754.dat
1 16 14.9494 -174.1647 898.1568 -0.917224 -0.398372 0 -0.326647 0.75208 0.571755 -0.227772 0.524428 -0.819953 754.dat
1 16 13.9702 -172.2158 899.4494 -0.934121 -0.356956 0 -0.30732 0.804229 0.507933 -0.18131 0.474472 -0.860946 754.dat
1 16 13.104 -170.1329 900.6053 -0.952311 -0.305129 0 -0.27503 0.858373 0.432182 -0.131871 0.411571 -0.901358 754.dat
1 16 12.4249 -168.1521 901.5238 -0.963322 -0.268348 0 -0.248032 0.890392 0.380668 -0.102152 0.366706 -0.924293 754.dat
1 16 11.8428 -166.0917 902.3237 -0.973913 -0.226921 0 -0.214553 0.920833 0.324439 -0.073622 0.315977 -0.945497 754.dat
1 16 11.299 -163.7356 903.0862 -0.982692 -0.185248 0 -0.178323 0.94596 0.269417 -0.049908 0.264754 -0.962622 754.dat
1 16 10.8598 -161.3202 903.72 -0.989416 -0.145107 0 -0.141574 0.965327 0.217548 -0.031568 0.215245 -0.975654 754.dat
1 16 10.5196 -158.8596 904.2315 -0.994092 -0.108539 0 -0.106897 0.979057 0.171016 -0.018561 0.170006 -0.984876 754.dat
1 16 10.2716 -156.3672 904.629 -0.99734 -0.072896 0 -0.072285 0.988986 0.126125 -0.009194 0.125789 -0.991624 754.dat
1 16 10.1105 -153.8526 904.9185 -0.999128 -0.041756 0 -0.041581 0.994939 0.08714 -0.003638 0.087065 -0.995808 754.dat
1 16 10.026 -151.3963 905.1102 -0.999883 -0.015293 0 -0.015265 0.998031 0.054093 -0.000827 0.054087 -0.998148 754.dat
1 0 0 -75.1595 864.7299 1 0 0 0 0.232993 -0.972381 0 0.972381 0.232993 3022.dat
1 8 -20 -119.6466 850.7124 -1 0 0 0 0.232993 0.972381 0 0.972381 -0.232993 41765.dat
1 8 20 -119.6466 850.7124 -1 0 0 0 0.232993 0.972381 0 0.972381 -0.232993 41764.dat
1 8 0 -140.9582 847.5933 0 0 -1 -0.972381 0.232993 0 0.232993 0.972381 0 3020.dat
1 14 -10 -82.6153 833.6136 0 0 1 0.972381 0.232993 0 -0.232993 0.972381 0 44302.dat
1 14 10 -82.6153 833.6136 0 0 1 0.972381 0.232993 0 -0.232993 0.972381 0 44302.dat
1 7 -30 -72.8915 831.2838 0 0 1 0.972381 0.232993 0 -0.232993 0.972381 0 6141.dat
1 7 30 -72.8915 831.2838 0 0 1 0.972381 0.232993 0 -0.232993 0.972381 0 6141.dat
1 7 -30 -74.7554 823.5047 0 0 1 0.972381 0.232993 0 -0.232993 0.972381 0 6141.dat
1 7 30 -74.7554 823.5047 0 0 1 0.972381 0.232993 0 -0.232993 0.972381 0 6141.dat
1 8 0 -74.7554 823.5047 -1 0 0 0 0.232993 0.972381 0 0.972381 -0.232993 3069.dat
1 8 -10 -123.3745 835.1544 0 0 1 0.972381 0.232993 0 -0.232993 0.972381 0 2431.dat
1 8 10 -123.3745 835.1544 0 0 1 0.972381 0.232993 0 -0.232993 0.972381 0 2431.dat
1 8 0 -171.9935 846.804 -1 0 0 0 0.232993 0.972381 0 0.972381 -0.232993 2540.dat
1 8 -30 -78.4833 807.9466 -1 0 0 0 0.232993 0.972381 0 0.972381 -0.232993 6091.dat
1 8 30 -78.4833 807.9466 -1 0 0 0 0.232993 0.972381 0 0.972381 -0.232993 6091.dat
1 0 0 -68.9571 718.9001 -1 0 0 0 0.681548 0.731038 0 0.731038 -0.681548 3020.dat
1 8 0 -74.4095 713.0518 0 0 -1 -0.731038 0.681548 0 0.681548 0.731038 0 3020.dat
1 4 0 -72.5515 700.3881 0 0 -1 -0.731038 0.681548 0 0.681548 0.731038 0 3021.dat
1 0 0 -109.1034 734.4655 0 0 -1 -0.731038 0.681548 0 0.681548 0.731038 0 2444.dat
1 0 0 -107.2454 721.8016 0 0 -1 -0.731038 0.681548 0 0.681548 0.731038 0 3021.dat
1 14 10 -70.6935 687.7242 0 0 1 0.731038 0.681548 0 -0.681548 0.731038 0 44301.dat
1 14 -10 -70.6935 687.7242 0 0 1 0.731038 0.681548 0 -0.681548 0.731038 0 44301.dat
1 14 30 -85.3143 701.3552 0 0 1 0.731038 0.681548 0 -0.681548 0.731038 0 3010.dat
1 14 -30 -85.3143 701.3552 0 0 1 0.731038 0.681548 0 -0.681548 0.731038 0 3010.dat
1 4 0 -98.077 702.3224 0 0 1 0.731038 0.681548 0 -0.681548 0.731038 0 3021.dat
1 14 0 -68.8355 675.0605 -1 0 0 0 0.681548 0.731038 0 0.731038 -0.681548 2431.dat
1 19 0 -116.9087 755.4068 0 0 -1 -0.731038 0.681548 0 0.681548 0.731038 0 3749.dat
1 7 0 -134.4536 771.7639 -1 0 0 0 0.731038 -0.681548 0 -0.681548 -0.731038 2819.dat
1 14 0 -88.9087 682.8431 -1 0 0 0 0.681548 0.731038 0 0.731038 -0.681548 45677.dat
1 8 0 -78.912 597.612 -1 0 0 0 0.999 0.035 0 0.035 -0.999 30000.dat
1 0 -10 -76.112 517.692 0 0 -1 -0.035 0.999 0 0.999 0.035 0 3894.dat
1 0 10 -76.112 517.692 0 0 -1 -0.035 0.999 0 0.999 0.035 0 3894.dat
1 1 20 -67.522 558.002 1 0 0 0 0.999 -0.035 0 0.035 0.999 4274.dat
1 1 20 -65.422 498.062 1 0 0 0 0.999 -0.035 0 0.035 0.999 4274.dat
1 0 20 -66.822 538.022 1 0 0 0 0.999 -0.035 0 0.035 0.999 2780.dat
1 0 -20 -66.822 538.022 1 0 0 0 0.999 -0.035 0 0.035 0.999 2780.dat
1 1 -20 -65.422 498.062 -1 0 0 0 0.999 0.035 0 0.035 -0.999 4274.dat
1 1 -20 -67.522 558.002 -1 0 0 0 0.999 0.035 0 0.035 -0.999 4274.dat
1 0 40 -61.6106 591.1456 -1 0 0 0 -0.731038 0.681548 0 0.681548 0.731038 2444.dat
1 8 40 -43.0985 587.5511 0 0 -1 -0.681548 -0.731038 0 -0.731038 0.681548 0 6060.dat
1 14 40 -50.8812 567.478 1 0 0 0 -0.731038 -0.681548 0 0.681548 -0.731038 32064.dat
1 8 40 -39.1845 556.5732 0 0 -1 -0.681548 -0.731038 0 -0.731038 0.681548 0 6060.dat
1 0 40 -59.5106 531.2056 -1 0 0 0 -0.731038 0.681548 0 0.681548 0.731038 2444.dat
1 8 40 -40.9985 527.6111 0 0 -1 -0.681548 -0.731038 0 -0.731038 0.681548 0 6060.dat
1 14 40 -48.7812 507.538 1 0 0 0 -0.731038 -0.681548 0 0.681548 -0.731038 32064.dat
1 8 40 -37.0845 496.6333 0 0 -1 -0.681548 -0.731038 0 -0.731038 0.681548 0 6060.dat
1 0 -40 -59.5106 531.2056 1 0 0 0 -0.731038 -0.681548 0 0.681548 -0.731038 2444.dat
1 8 -40 -40.9985 527.6111 0 0 1 0.681548 -0.731038 0 0.731038 0.681548 0 6060.dat
1 14 -40 -48.7812 507.538 -1 0 0 0 -0.731038 0.681548 0 0.681548 0.731038 32064.dat
1 8 -40 -37.0845 496.6333 0 0 1 0.681548 -0.731038 0 0.731038 0.681548 0 6060.dat
1 0 -40 -61.6106 591.1456 1 0 0 0 -0.731038 -0.681548 0 0.681548 -0.731038 2444.dat
1 8 -40 -43.0985 587.5511 0 0 1 0.681548 -0.731038 0 0.731038 0.681548 0 6060.dat
1 14 -40 -50.8812 567.478 -1 0 0 0 -0.731038 0.681548 0 0.681548 0.731038 32064.dat
1 8 -40 -39.1845 556.5732 0 0 1 0.681548 -0.731038 0 0.731038 0.681548 0 6060.dat
1 8 0 -84.804 537.392 0 0 -1 -0.035 0.999 0 0.999 0.035 0 3034.dat
1 7 -10 -90.346 467.182 0 0 -1 -0.035 0.999 0 0.999 0.035 0 6141.dat
1 7 10 -90.346 467.182 0 0 -1 -0.035 0.999 0 0.999 0.035 0 6141.dat
1 7 -10 -95.246 607.042 0 0 -1 -0.035 0.999 0 0.999 0.035 0 6141.dat
1 7 10 -95.246 607.042 0 0 -1 -0.035 0.999 0 0.999 0.035 0 6141.dat
1 8 0 -94.196 577.072 1 0 0 0 0.999 -0.035 0 0.035 0.999 3020.dat
1 8 0 -92.796 537.112 1 0 0 0 0.999 -0.035 0 0.035 0.999 3020.dat
1 8 0 -91.396 497.152 1 0 0 0 0.999 -0.035 0 0.035 0.999 3020.dat
1 4 0 -102.538 586.782 0 0 1 0.035 0.999 0 -0.999 0.035 0 3021.dat
1 14 -20 -100.788 536.832 0 0 1 0.035 0.999 0 -0.999 0.035 0 3176.dat
1 4 0 -99.038 486.882 0 0 1 0.035 0.999 0 -0.999 0.035 0 3021.dat
1 14 20 -100.788 536.832 0 0 -1 -0.035 0.999 0 0.999 0.035 0 3176.dat
1 0 0 -122.314 466.062 1 0 0 0 0.999 -0.035 0 0.035 0.999 3660.dat
1 0 -10 -124.764 535.992 0 0 1 0.035 0.999 0 -0.999 0.035 0 3894.dat
1 0 10 -124.764 535.992 0 0 1 0.035 0.999 0 -0.999 0.035 0 3894.dat
1 8 0 -111.23 606.482 -1 0 0 0 0.999 0.035 0 0.035 -0.999 2540.dat
1 0 -10 -142.498 585.382 -1 0 0 0 0.999 0.035 0 0.035 -0.999 6091.dat
1 0 10 -142.498 585.382 -1 0 0 0 0.999 0.035 0 0.035 -0.999 6091.dat
1 0 0 -133.456 555.692 -1 0 0 0 0.999 0.035 0 0.035 -0.999 3022.dat
1 0 0 -131.356 495.752 0 0 -1 -0.035 0.999 0 0.999 0.035 0 3020.dat
1 14 0 -158.132 574.832 0 0 -1 -0.035 0.999 0 0.999 0.035 0 30367.dat
1 14 0 -155.332 494.912 0 0 -1 -0.035 0.999 0 0.999 0.035 0 30367.dat
1 4 -10 -157.082 544.862 0 0 -1 -0.035 0.999 0 0.999 0.035 0 3062.dat
1 4 -10 -156.382 524.882 0 0 -1 -0.035 0.999 0 0.999 0.035 0 3062.dat
1 4 10 -157.082 544.862 0 0 -1 -0.035 0.999 0 0.999 0.035 0 3062.dat
1 4 10 -156.382 524.882 0 0 -1 -0.035 0.999 0 0.999 0.035 0 3062.dat
1 7 30 -118.172 576.232 0 0 -1 -0.035 0.999 0 0.999 0.035 0 3937.dat
1 7 30 -115.372 496.312 0 0 -1 -0.035 0.999 0 0.999 0.035 0 3937.dat
1 7 -30 -118.172 576.232 0 0 1 0.035 0.999 0 -0.999 0.035 0 3937.dat
1 7 -30 -115.372 496.312 0 0 1 0.035 0.999 0 -0.999 0.035 0 3937.dat
1 7 34.384 -117.161 576.2674 0 -0.438 0.899 0.035 0.898101 0.437562 -0.999 0.031465 0.01533 6134.dat
1 7 34.384 -114.361 496.3474 0 -0.438 0.899 0.035 0.898101 0.437562 -0.999 0.031465 0.01533 6134.dat
1 7 -34.384 -117.161 576.2674 0 0.438 -0.899 -0.035 0.898101 0.437562 0.999 0.031465 0.01533 6134.dat
1 7 -34.384 -114.361 496.3474 0 0.438 -0.899 -0.035 0.898101 0.437562 0.999 0.031465 0.01533 6134.dat
1 7 0 -166.124 574.552 0 0 -1 -0.035 0.999 0 0.999 0.035 0 6141.dat
1 7 0 -163.324 494.632 0 0 -1 -0.035 0.999 0 0.999 0.035 0 6141.dat
1 0 -10 -164.724 534.592 0 0 -1 -0.035 0.999 0 0.999 0.035 0 2412.dat
1 0 10 -164.724 534.592 0 0 -1 -0.035 0.999 0 0.999 0.035 0 2412.dat
1 14 46.879 -118.5652 536.2092 0 -0.438 -0.899 -0.035 0.898101 -0.437562 0.999 0.031465 -0.01533 3034.dat
1 0 57.391 -142.2196 595.394 0 -0.438 -0.899 -0.035 0.898101 -0.437562 0.999 0.031465 -0.01533 30165.dat
1 0 66.381 -136.094 545.5973 0 -0.438 -0.899 -0.035 0.898101 -0.437562 0.999 0.031465 -0.01533 30505.dat
1 0 66.381 -133.994 485.6573 0.899 -0.438 0 0.437562 0.898101 -0.035 0.01533 0.031465 0.999 30505.dat
1 7 87.865 -133.4776 515.6822 0 -0.438 0.899 0.035 0.898101 0.437562 -0.999 0.031465 0.01533 2412.dat
1 8 60.895 -149.4044 595.1423 0 -0.438 0.899 0.035 0.898101 0.437562 -0.999 0.031465 0.01533 30383.dat
1 0 63.523 -154.093 574.9735 -0.899 -0.438 0 -0.437562 0.898101 0.035 -0.01533 0.031465 -0.999 30553.dat
1 19 63.523 -153.393 554.9935 0 -0.438 -0.899 -0.035 0.898101 -0.437562 0.999 0.031465 -0.01533 3749.dat
0 !LEOCAD SYNTH BEGIN
0 !LEOCAD SYNTH CONTROL_POINT -15.625 0 0 1 0 0 0 1 0 0 0 1 15.625
0 !LEOCAD SYNTH CONTROL_POINT 15.625 0 0 1 0 0 0 1 0 0 0 1 15.625
1 179 63.523 -152.693 535.0135 0 -0.438 -0.899 -0.035 0.898101 -0.437562 0.999 0.031465 -0.01533 72504.dat
0 !LEOCAD SYNTH END
1 8 57.391 -138.7196 495.494 0.899 -0.438 0 0.437562 0.898101 -0.035 0.01533 0.031465 0.999 30602.dat
1 14 -46.879 -118.5652 536.2092 0 0.438 -0.899 -0.035 0.898101 0.437562 0.999 0.031465 0.01533 3034.dat
1 0 -57.391 -142.2196 595.394 0 0.438 -0.899 -0.035 0.898101 0.437562 0.999 0.031465 0.01533 30165.dat
1 0 -66.381 -136.094 545.5973 -0.899 0.438 0 0.437562 0.898101 0.035 0.01533 0.031465 -0.999 30505.dat
1 0 -66.381 -133.994 485.6573 0 0.438 0.899 0.035 0.898101 -0.437562 -0.999 0.031465 -0.01533 30505.dat
1 7 -87.865 -133.4776 515.6822 0 0.438 0.899 0.035 0.898101 -0.437562 -0.999 0.031465 -0.01533 2412.dat
1 8 -60.895 -149.4044 595.1423 0 0.438 0.899 0.035 0.898101 -0.437562 -0.999 0.031465 -0.01533 30383.dat
1 0 -63.523 -154.093 574.9735 -0.899 0.438 0 0.437562 0.898101 0.035 0.01533 0.031465 -0.999 30553.dat
1 19 -63.523 -153.393 554.9935 0 0.438 -0.899 -0.035 0.898101 0.437562 0.999 0.031465 0.01533 3749.dat
0 !LEOCAD SYNTH BEGIN
0 !LEOCAD SYNTH CONTROL_POINT -15.625 0 0 1 0 0 0 1 0 0 0 1 15.625
0 !LEOCAD SYNTH CONTROL_POINT 15.625 0 0 1 0 0 0 1 0 0 0 1 15.625
1 179 -63.523 -152.693 535.0135 0 0.438 -0.899 -0.035 0.898101 0.437562 0.999 0.031465 0.01533 72504.dat
0 !LEOCAD SYNTH END
1 8 -57.391 -138.7196 495.494 0.899 0.438 0 -0.437562 0.898101 -0.035 -0.01533 0.031465 0.999 30602.dat
1 0 0 -145.59 445.242 1 0 0 0 0.999 -0.035 0 0.035 0.999 2653.dat
1 0 0 -176.858 424.142 -1 0 0 0 0.999 0.035 0 0.035 -0.999 6081.dat
1 0 0 -160.874 424.702 1 0 0 0 0.999 -0.035 0 0.035 0.999 30414.dat
1 8 0 -176.858 424.142 1 0 0 0 0.999 -0.035 0 0.035 0.999 2431.dat
1 36 20 -150.254 407.07 1 0 0 0 -0.035 -0.999 0 0.999 -0.035 2412.dat
1 36 -20 -150.254 407.07 1 0 0 0 -0.035 -0.999 0 0.999 -0.035 2412.dat
1 7 140 -22.078 859.662 0 0 -1 -0.035 0.999 0 0.999 0.035 0 41896.dat
1 7 -140 -22.078 859.662 0 0 1 0.035 0.999 0 -0.999 0.035 0 41896.dat
1 256 -140 -22.078 859.662 0 0 1 0.035 0.999 0 -0.999 0.035 0 41893.dat
1 256 140 -22.078 859.662 0 0 -1 -0.035 0.999 0 0.999 0.035 0 41893.dat
1 7 120 11.522 -99.378 0 0 1 0.035 0.999 0 -0.999 0.035 0 44292.dat
1 7 -120 11.522 -99.378 0 0 -1 -0.035 0.999 0 0.999 0.035 0 44292.dat
1 256 -120 11.522 -99.378 0 0 -1 -0.035 0.999 0 0.999 0.035 0 44308.dat
1 256 120 11.522 -99.378 0 0 1 0.035 0.999 0 -0.999 0.035 0 44308.dat
1 14 -10 -103.64 960.828 -1 0 0 0 0.035 -0.999 0 -0.999 -0.035 41750.dat
1 14 10 -103.64 960.828 -1 0 0 0 0.035 -0.999 0 -0.999 -0.035 41749.dat
1 0 0 -102.8 936.852 -1 0 0 0 0.035 -0.999 0 -0.999 -0.035 3020.dat
1 0 0 17.92 917.076 -1 0 0 0 0.035 -0.999 0 -0.999 -0.035 3022.dat
1 14 50 -102.8 936.852 -1 0 0 0 0.035 -0.999 0 -0.999 -0.035 42022.dat
1 14 -50 -102.8 936.852 -1 0 0 0 0.035 -0.999 0 -0.999 -0.035 42022.dat
1 0 50 -62 914.276 0 0 -1 0.999 0.035 0 0.035 -0.999 0 3666.dat
1 0 -50 -62 914.276 0 0 -1 0.999 0.035 0 0.035 -0.999 0 3666.dat
1 0 0 -104.48 984.804 -1 0 0 0 0.035 -0.999 0 -0.999 -0.035 30165.dat
1 7 0 -104.76 992.796 -1 0 0 0 0.035 -0.999 0 -0.999 -0.035 2412.dat
