0 
0 Name: New Model.ldr
0 Author: 
1 14 -125 -32 292 0.866 0 -0.5 0 1 0 0.5 0 0.866 15.dat
1 14 -95 -32 240.04 0.866 0 -0.5 0 1 0 0.5 0 0.866 15.dat
1 1 -115 -64 274.68 0.866 0 -0.5 0 1 0 0.5 0 0.866 3023.dat
1 14 -110 -56 266.02 -0.5 0 -0.866 0 1 0 0.866 0 -0.5 3001.dat
1 14 -95 -80 240.04 -0.866 0 0.5 0 1 0 -0.5 0 -0.866 3039.dat
1 14 -85 -104 222.72 -0.866 0 0.5 0 1 0 -0.5 0 -0.866 3039.dat
1 14 -80 -80 214.06 -0.866 0 0.5 0 1 0 -0.5 0 -0.866 3022.dat
1 14 -75 -88 205.4 -0.866 0 0.5 0 1 0 -0.5 0 -0.866 3023.dat
1 14 -75 -72 205.4 -0.866 0 0.5 0 1 0 -0.5 0 -0.866 3023.dat
1 14 -126.536 -66 302.66 -0.5 -0.866 0 0 0 -1 0.866 -0.5 0 3069.dat
1 4 -115 -96 274.68 0.866 0 -0.5 0 1 0 0.5 0 0.866 17.dat
1 14 -115 -120 274.68 0.866 0 -0.5 0 1 0 0.5 0 0.866 3626.dat
1 1 -115 -120 274.68 0.866 0 -0.5 0 1 0 0.5 0 0.866 3629.dat
