0 
0 Name: New Model.ldr
0 Author: 
1 15 425 -8 -482 -0.866 0 -0.5 0 1 0 0.5 0 -0.866 3035.dat
1 15 440 -32 -456.02 -0.866 0 -0.5 0 1 0 0.5 0 -0.866 3008.dat
1 15 410 -32 -507.98 -0.866 0 -0.5 0 1 0 0.5 0 -0.866 3008.dat
1 15 347.06 -16 -437 -0.866 0 -0.5 0 1 0 0.5 0 -0.866 3021.dat
1 15 329.74 -24 -427 -0.866 0 -0.5 0 1 0 0.5 0 -0.866 3021.dat
1 0 494.28 -32 -522 -0.866 0 -0.5 0 1 0 0.5 0 -0.866 3003.dat
1 15 338.4 -32 -432 0.5 0 -0.866 0 1 0 0.866 0 0.5 3020.dat
1 0 494.28 -40 -522 0.5 0 -0.866 0 1 0 0.866 0 0.5 3022.dat
1 15 303.76 -32 -412 0.5 0 -0.866 0 1 0 0.866 0 0.5 3022.dat
1 0 494.28 -48 -522 0.5 0 -0.866 0 1 0 0.866 0 0.5 3022.dat
1 1 338.4 -40 -432 0.5 0 -0.866 0 1 0 0.866 0 0.5 3031.dat
1 1 295.1 -40 -407 0.5 0 -0.866 0 1 0 0.866 0 0.5 3023.dat
1 1 375.36 -40 -487.98 -0.866 0 -0.5 0 1 0 0.5 0 -0.866 3023.dat
1 1 405.36 -40 -436.02 -0.866 0 -0.5 0 1 0 0.5 0 -0.866 3023.dat
1 47 381.7 -64 -457 -0.5 0 0.866 0 1 0 -0.866 0 -0.5 3037.dat
