0 
0 Name: New Model.ldr
0 Author: 
1 15 222 25 224 0.92388 0 0.382683 0 1 0 -0.382683 0 0.92388 4600.dat
1 15 237.3073 25 260.9552 0.92388 0 0.382683 0 1 0 -0.382683 0 0.92388 4600.dat
1 15 229.6537 17 242.4776 -0.382683 0 0.92388 0 1 0 -0.92388 0 -0.382683 3020.dat
1 0 229.6537 9 242.4776 -0.382683 0 0.92388 0 1 0 -0.92388 0 -0.382683 4032.dat
1 0 238.8925 1 238.6508 -0.382683 0 0.92388 0 1 0 -0.92388 0 -0.382683 3794.dat
1 0 220.4149 1 246.3044 -0.382683 0 0.92388 0 1 0 -0.92388 0 -0.382683 3794.dat
1 0 250.373 -7 266.3672 -0.92388 0 -0.382683 0 1 0 0.382683 0 -0.92388 4070.dat
1 0 231.8954 -7 274.0208 -0.92388 0 -0.382683 0 1 0 0.382683 0 -0.92388 4070.dat
1 15 227.412 -7 210.9344 0.92388 0 0.382683 0 1 0 -0.382683 0 0.92388 4070.dat
1 15 208.9344 -7 218.588 0.92388 0 0.382683 0 1 0 -0.382683 0 0.92388 4070.dat
1 0 229.6537 -7 242.4776 0.92388 0 0.382683 0 1 0 -0.382683 0 0.92388 3023.dat
1 0 212.8156 3 201.8269 0.92388 0.382683 0 0 0 -1 -0.382683 0.92388 0 3023.dat
1 0 255.7305 3 279.3015 0 -0.382683 -0.92388 1 0 0 0 -0.92388 0.382683 4085.dat
1 0 237.2529 3 286.9551 0 -0.382683 0.92388 -1 0 0 0 -0.92388 -0.382683 4085.dat
1 0 249.5532 3 290.5193 0.92388 -0.382683 0 0 0 1 -0.382683 -0.92388 0 3023.dat
1 0 229.6537 -15 242.4776 0.92388 0 0.382683 0 1 0 -0.382683 0 0.92388 3023.dat
1 15 209.7542 3 194.4358 0.92388 0.382683 0 0 0 -1 -0.382683 0.92388 0 3069.dat
1 15 218.1732 -15 214.7612 0.92388 0 0.382683 0 1 0 -0.382683 0 0.92388 3839.dat
1 15 238.8925 -39 238.6508 0.382683 0 -0.92388 0 1 0 0.92388 0 0.382683 4070.dat
1 15 220.4149 -39 246.3044 -0.382683 0 0.92388 0 1 0 -0.92388 0 -0.382683 4070.dat
1 0 278.8003 3 282.7344 -0.92388 -0.382683 0 0 0 -1 0.382683 -0.92388 0 4006.dat
1 15 259.2178 -29 230.2318 0.32393 -0.92388 0.203753 0.532433 0 -0.846472 0.782039 0.382683 0.491904 4735.dat
1 15 200.0895 -29 254.7234 -0.32393 0.92388 0.203753 -0.532433 0 -0.846472 -0.782039 -0.382683 0.491904 4735.dat
1 0 225.8268 -47 233.2388 -0.382683 0 0.92388 0 1 0 -0.92388 0 -0.382683 3068.dat
1 36 212.7612 -39 227.8268 -0.382683 0 0.92388 0 1 0 -0.92388 0 -0.382683 3024.dat
1 36 231.2388 -39 220.1732 -0.382683 0 0.92388 0 1 0 -0.92388 0 -0.382683 3024.dat
1 0 222 -31 224 -0.92388 0 -0.382683 0 1 0 0.382683 0 -0.92388 3023.dat
1 15 249.7164 30 212.5195 0.382683 0 -0.92388 0 1 0 0.92388 0 0.382683 4624.dat
1 256 249.7164 30 212.5195 0.382683 0 -0.92388 0 1 0 0.92388 0 0.382683 3641.dat
1 15 265.0237 30 249.4747 0.382683 0 -0.92388 0 1 0 0.92388 0 0.382683 4624.dat
1 256 265.0237 30 249.4747 0.382683 0 -0.92388 0 1 0 0.92388 0 0.382683 3641.dat
1 15 209.5909 30 272.4357 -0.382683 0 0.92388 0 1 0 -0.92388 0 -0.382683 4624.dat
1 256 209.5909 30 272.4357 -0.382683 0 0.92388 0 1 0 -0.92388 0 -0.382683 3641.dat
1 15 194.2836 30 235.4805 -0.382683 0 0.92388 0 1 0 -0.92388 0 -0.382683 4624.dat
1 256 194.2836 30 235.4805 -0.382683 0 0.92388 0 1 0 -0.92388 0 -0.382683 3641.dat
