0 Main
0 Name: 31092 - Helicopter Adventure - Helicopter.mpd
0 Author: LTRON
1 72 0 0 0 1 0 0 0 1 0 0 0 1 22889.dat
1 0 0 8 -20 1 0 0 0 1 0 0 0 1 3022.dat
1 71 0 0 -30 1 0 0 0 1 0 0 0 1 18649.dat
1 27 0 0 -10 1 0 0 0 1 0 0 0 1 3023.dat
1 72 10 -8 20 0 0 -1 0 1 0 1 0 0 32000.dat
1 72 -10 -8 20 0 0 -1 0 1 0 1 0 0 32000.dat
1 0 0 -8 -20 1 0 0 0 1 0 0 0 1 3022.dat
1 71 0 -8 -50 1 0 0 0 1 0 0 0 1 60470.dat
1 0 20 2 10 -1 0 0 0 1 0 0 0 -1 6628.dat
1 0 20 2 30 1 0 0 0 1 0 0 0 1 2780.dat
1 0 -20 2 30 1 0 0 0 1 0 0 0 1 2780.dat
1 0 -20 2 10 1 0 0 0 1 0 0 0 1 6628.dat
1 72 -30 2 30 1 0 0 0 -1 0 0 0 -1 32013.dat
1 72 -30 2 70 0 -1 0 0 0 1 -1 0 0 22961.dat
1 71 -40 2 70 1 0 0 0 -1 0 0 0 -1 3673.dat
1 71 -50 2 70 0 0 1 0 -1 0 1 0 0 42610.dat
1 72 30 2 30 -1 0 0 0 1 0 0 0 -1 32013.dat
1 72 30 2 70 0 1 0 0 0 -1 -1 0 0 22961.dat
1 71 40 2 70 -1 0 0 0 1 0 0 0 -1 3673.dat
1 71 50 2 70 0 0 -1 0 1 0 1 0 0 42610.dat
1 14 0 -32 70 0 0 1 0 1 0 -1 0 0 3021.dat
1 14 0 -40 90 -1 0 0 0 1 0 0 0 -1 15573.dat
1 27 10 -24 50 -1 0 0 0 1 0 0 0 -1 4287.dat
1 27 -10 -24 50 -1 0 0 0 1 0 0 0 -1 4287.dat
1 71 0 -40 30 1 0 0 0 1 0 0 0 1 11215.dat
1 14 0 -48 50 0 0 1 0 1 0 -1 0 0 3021.dat
1 0 0 -24 0 1 0 0 0 1 0 0 0 1 3022.dat
1 0 10 -48 0 0 0 -1 0 1 0 1 0 0 11211.dat
1 0 -10 -48 0 0 0 1 0 1 0 -1 0 0 11211.dat
1 71 10 -48 -40 0 0 -1 0 1 0 1 0 0 22885.dat
1 71 -10 -48 -40 0 0 1 0 1 0 -1 0 0 22885.dat
1 27 0 -16 260 0 0 1 0 1 0 -1 0 0 99780.dat
1 14 0 -40 270 0 0 1 0 1 0 -1 0 0 6541.dat
1 14 0 -24 240 0 0 1 0 1 0 -1 0 0 60478.dat
1 27 0 -32 240 0 0 1 0 1 0 -1 0 0 3023.dat
1 14 0 -40 180 0 0 1 0 1 0 -1 0 0 3460.dat
1 14 0 -48 260 0 0 1 0 1 0 -1 0 0 99781.dat
1 14 0 -48 160 0 0 1 0 1 0 -1 0 0 3460.dat
1 14 -22 -28 260 0 1 0 1 0 0 0 0 -1 26601.dat
1 71 0 -120 280 1 0 0 0 1 0 0 0 1 2340.dat
1 14 0 -128 280 0 0 1 0 1 0 -1 0 0 15573.dat
1 47 0 -136 280 0 0 1 0 1 0 -1 0 0 6141.dat
1 72 0 -56 190 1 0 0 0 1 0 0 0 1 3024.dat
1 72 0 -56 110 1 0 0 0 1 0 0 0 1 3024.dat
1 72 0 -56 150 0 0 1 0 1 0 -1 0 0 63864.dat
1 0 0 -22 210 0 0 -1 0.156 0.988 0 0.988 -0.156 0 76116.dat
1 71 2 3.107 256.646 0 -1 0 -0.156 0 0.988 -0.988 0 -0.156 32828.dat
1 0 10 -32 270 0 0 -1 0 1 0 1 0 0 46667.dat
1 72 0 -56 60 -1 0 0 0 1 0 0 0 -1 3176.dat
1 71 0 -56 0 0 0 1 0 1 0 -1 0 0 3020.dat
1 72 0 0 -68 1 0 0 0 0.946 -0.326 0 0.326 0.946 13349.dat
1 27 0 6.52 -86.92 1 0 0 0 0.946 -0.326 0 0.326 0.946 3023.dat
1 0 0 -1.048 -89.528 -1 0 0 0 0.946 0.326 0 0.326 -0.946 48336.dat
1 27 0 8.732 -117.908 1 0 0 0 0.946 -0.326 0 0.326 0.946 43719.dat
1 0 10 -20.492 -106.812 0 0 -1 -0.326 0.946 0 0.946 0.326 0 11211.dat
1 0 -10 -20.492 -106.812 0 0 1 0.326 0.946 0 -0.946 0.326 0 11211.dat
1 0 0 -31.32 -99.96 1 0 0 0 0.946 -0.326 0 0.326 0.946 2412.dat
1 0 0 -10.712 -135.192 1 0 0 0 0.946 -0.326 0 0.326 0.946 3700.dat
1 14 -28 -20.492 -106.812 0 1 0 -0.946 0 -0.326 -0.326 0 0.946 41770.dat
1 27 -36 -20.812 -75.172 0 1 0 -0.946 0 -0.326 -0.326 0 0.946 3024.dat
1 27 -28 -17.552 -84.632 0 1 0 -0.946 0 -0.326 -0.326 0 0.946 11477.dat
1 14 28 -20.492 -106.812 0 -1 0 0.946 0 -0.326 0.326 0 0.946 41769.dat
1 27 36 -20.812 -75.172 0 -1 0 0.946 0 -0.326 0.326 0 0.946 3024.dat
1 27 28 -17.552 -84.632 0 -1 0 0.946 0 -0.326 0.326 0 0.946 11477.dat
1 0 0 9.832 -164.096 0 0 1 0.946 -0.326 0 0.326 0.946 0 98100.dat
1 1 0 2.008 -141.392 0 0 1 0.326 0.946 0 -0.946 0.326 0 43093.dat
1 47 0 -56 -50 1 0 0 0 1 0 0 0 1 6070.dat
1 0 0 -64 -40 1 0 0 0 1 0 0 0 1 3022.dat
1 0 0 -64 40 1 0 0 0 1 0 0 0 1 3022.dat
1 72 0 -80 0 1 0 0 0 1 0 0 0 1 15535.dat
1 28 0 -100 0 0 -1 0 1 0 0 0 0 1 6587.dat
1 72 0 -72 0 0 0 1 0 1 0 -1 0 0 3709.dat
1 71 0 -85 0 1 0 0 0 0 1 0 -1 0 32123.dat
1 27 -10 -80 -60 1 0 0 0 1 0 0 0 1 61678.dat
1 27 10 -80 -60 1 0 0 0 1 0 0 0 1 61678.dat
1 27 10 -80 60 -1 0 0 0 1 0 0 0 -1 61678.dat
1 27 -10 -80 60 -1 0 0 0 1 0 0 0 -1 61678.dat
1 14 -28 -38 -20 0 1 0 1 0 0 0 0 -1 3021.dat
1 27 -36 -18 -20 0 1 0 0 0 -1 -1 0 0 3710.dat
1 14 -28 -38 20 0 1 0 1 0 0 0 0 -1 3021.dat
1 27 -28 -38 -60 0 1 0 0 0 -1 -1 0 0 43723.dat
1 72 -60 -48 -40 0 1 0 -1 0 0 0 0 1 50943.dat
1 72 -52 -48 0 0 1 0 0 0 1 1 0 0 30165.dat
1 0 -60 -48 0 0 1 0 0 0 1 1 0 0 2412.dat
1 27 -44 -18 -20 0 1 0 0 0 1 1 0 0 2431.dat
1 14 -20 -58 40 0 1 0 1 0 0 0 0 -1 11477.dat
1 14 -44 -38 50 0 1 0 1 0 0 0 0 -1 50950.dat
1 27 -44 -18 50 0 1 0 1 0 0 0 0 -1 50950.dat
1 72 -71.008 6.284 -20 0 0.342 0.94 0 0.94 -0.342 -1 0 0 43722.dat
1 14 -58.872 10.384 -30 0.94 0.342 0 -0.342 0.94 0 0 0 1 63868.dat
1 14 -87.072 20.644 -30 0 0.342 0.94 0 0.94 -0.342 -1 0 0 3024.dat
1 34 -92.544 5.604 -30 0 0.342 -0.94 0 0.94 0.342 1 0 0 6141.dat
1 14 28 -38 -20 0 -1 0 1 0 0 0 0 1 3021.dat
1 27 36 -18 -20 0 -1 0 0 0 1 -1 0 0 3710.dat
1 14 28 -38 20 0 -1 0 1 0 0 0 0 1 3021.dat
1 27 28 -38 -60 0 -1 0 0 0 -1 1 0 0 43722.dat
1 72 60 -48 -40 0 -1 0 1 0 0 0 0 1 50943.dat
1 72 52 -48 0 0 -1 0 0 0 1 -1 0 0 30165.dat
1 0 60 -48 0 0 -1 0 0 0 1 -1 0 0 2412.dat
1 27 44 -18 -20 0 -1 0 0 0 1 -1 0 0 2431.dat
1 14 20 -58 40 0 -1 0 -1 0 0 0 0 -1 11477.dat
1 14 44 -38 50 0 -1 0 -1 0 0 0 0 -1 50950.dat
1 27 44 -18 50 0 -1 0 -1 0 0 0 0 -1 50950.dat
1 72 71.008 6.279 -20 0 -0.342 -0.94 0 0.94 -0.342 1 0 0 43723.dat
1 14 58.872 10.379 -30 -0.94 -0.342 0 -0.342 0.94 0 0 0 -1 63868.dat
1 14 87.072 20.639 -30 -0.94 -0.342 0 -0.342 0.94 0 0 0 -1 3024.dat
1 36 92.544 5.599 -30 -0.94 -0.342 0 -0.342 0.94 0 0 0 -1 6141.dat
1 71 0 -98 0 0 0 1 0 1 0 -1 0 0 32125.dat
1 0 -55 -106 -95.263 0.5 0 -0.866 0 1 0 0.866 0 0.5 4477.dat
1 0 -55 -106 95.263 0.5 0 0.866 0 1 0 -0.866 0 0.5 4477.dat
1 0 110 -106 0 -1 0 0 0 1 0 0 0 -1 4477.dat
1 0 -29 -98 -50.229 0.866 0 0.5 0 1 0 -0.5 0 0.866 24201.dat
1 0 -29 -98 50.229 -0.866 0 0.5 0 1 0 -0.5 0 -0.866 24201.dat
1 0 58 -98 0 0 0 -1 0 1 0 1 0 0 24201.dat
