0 Main
0 Name: 1974-4 - Star Quest.mpd
0 Author: LTRON
1 0 0 0 0 0 0 1 0 1 0 -1 0 0 3034.dat
1 0 0 -8 -40 1 0 0 0 1 0 0 0 1 4859.dat
1 0 0 -8 60 1 0 0 0 1 0 0 0 1 4859.dat
1 0 -10 -8 -70 0 0 1 0 1 0 -1 0 0 4081.dat
1 0 10 -8 -70 0 0 -1 0 1 0 1 0 0 4081.dat
1 0 10 -8 20 0 0 -1 0 1 0 1 0 0 2452.dat
1 0 -10 -8 20 0 0 1 0 1 0 -1 0 0 2452.dat
1 0 60.2345 -5.3701 20 -0.996195 -0.087156 0 -0.087156 0.996195 0 0 0 -1 4276.dat
1 0 60.2345 -5.3701 40 -0.996195 -0.087156 0 -0.087156 0.996195 0 0 0 -1 3023.dat
1 0 49.5753 1.7279 30 0 -0.087156 -0.996195 0 0.996195 -0.087156 1 0 0 3023.dat
1 0 50.9698 -14.2112 40 -0.996195 -0.087156 0 -0.087156 0.996195 0 0 0 -1 2420.dat
1 0 70.8937 -12.4681 30 0 -0.087156 0.996195 0 0.996195 0.087156 -1 0 0 4590.dat
1 15 31.7431 -23.9239 40 0.996195 -0.087156 0 0.087156 0.996195 0 0 0 1 3070.dat
1 15 61.629 -21.3092 30 0 -0.087156 -0.996195 0 0.996195 -0.087156 1 0 0 4859.dat
1 33 79.4611 4.3426 60 0 -0.087156 -0.996195 0 0.996195 -0.087156 1 0 0 4740.dat
1 33 79.4611 4.3426 0 0 -0.087156 -0.996195 0 0.996195 -0.087156 1 0 0 4740.dat
1 0 -60.2345 -5.3701 20 0.996195 0.087156 0 -0.087156 0.996195 0 0 0 1 4276.dat
1 0 -60.2345 -5.3701 40 0.996195 0.087156 0 -0.087156 0.996195 0 0 0 1 3023.dat
1 0 -49.5753 1.7279 30 0 0.087156 0.996195 0 0.996195 -0.087156 -1 0 0 3023.dat
1 0 -70.8937 -12.4681 30 0 0.087156 -0.996195 0 0.996195 0.087156 1 0 0 4590.dat
1 0 -50.9698 -14.2112 40 0 0.087156 0.996195 0 0.996195 -0.087156 -1 0 0 2420.dat
1 15 -61.629 -21.3092 30 0 0.087156 0.996195 0 0.996195 -0.087156 -1 0 0 4859.dat
1 15 -31.7431 -23.9239 40 0 0.087156 0.996195 0 0.996195 -0.087156 -1 0 0 3070.dat
1 33 -79.4611 4.3426 60 0 0.087156 -0.996195 0 0.996195 0.087156 1 0 0 4740.dat
1 33 -79.4611 4.3426 0 0 0.087156 -0.996195 0 0.996195 0.087156 1 0 0 4740.dat
1 15 0 -16 -70 1 0 0 0 1 0 0 0 1 2412.dat
1 15 0 -16 30 1 0 0 0 1 0 0 0 1 4598.dat
1 15 0 -32 -10 1 0 0 0 1 0 0 0 1 3298.dat
1 0 0 -40 -10 -1 0 0 0 1 0 0 0 -1 3839.dat
1 36 30 -6 -150 -1 0 0 0 0 -1 0 -1 0 3957.dat
1 36 -30 -6 -150 -1 0 0 0 0 -1 0 -1 0 3957.dat
