0 Main
0 Name: 1620-1 - Astro Dart.mpd
0 Author: LTRON
1 0 0 0 0 0 0 1 0 1 0 -1 0 0 3020.dat
1 0 0 -8 -10 1 0 0 0 1 0 0 0 1 4590.dat
1 0 0 -8 -30 1 0 0 0 1 0 0 0 1 3839.dat
1 0 10 -8 20 0 0 -1 0 1 0 1 0 0 2452.dat
1 0 -10 -8 20 0 0 1 0 1 0 -1 0 0 2452.dat
1 15 58.4231 -14.3984 20 -0.976296 0.21644 0 0.21644 0.976296 0 0 0 -1 4276.dat
1 15 66.4546 -24.3732 40 0 0.21644 -0.976296 0 0.976296 0.21644 1 0 0 2450.dat
1 33 87.712 -20.8916 20 0 0.21644 -0.976296 0 0.976296 0.21644 1 0 0 3024.dat
1 0 45.1971 -27.8547 50 0 0.21644 -0.976296 0 0.976296 0.21644 1 0 0 2412.dat
1 15 45.1971 -27.8547 20 0 0.21644 -0.976296 0 0.976296 0.21644 1 0 0 3070.dat
1 15 -58.4231 -14.3984 20 0.976296 -0.21644 0 0.21644 0.976296 0 0 0 1 4276.dat
1 15 -66.4546 -24.3732 40 -0.976296 -0.21644 0 -0.21644 0.976296 0 0 0 -1 2450.dat
1 33 -87.712 -20.8916 20 -0.976296 -0.21644 0 -0.21644 0.976296 0 0 0 -1 3024.dat
1 0 -45.1971 -27.8547 50 0 -0.21644 -0.976296 0 0.976296 -0.21644 1 0 0 2412.dat
1 15 -45.1971 -27.8547 20 0 -0.21644 -0.976296 0 0.976296 -0.21644 1 0 0 3070.dat
1 15 0 -16 -10 1 0 0 0 1 0 0 0 1 4598.dat
1 15 0 -46 28 1 0 0 0 0 -1 0 1 0 3938.dat
1 0 0 -49.8268 28.7612 1 0 0 0 0.382683 -0.92388 0 0.92388 0.382683 3937.dat
1 0 0 -40.6424 50.9343 1 0 0 0 0.382683 -0.92388 0 0.92388 0.382683 4590.dat
1 36 30 -59.0656 32.588 1 0 0 0 0.382683 -0.92388 0 0.92388 0.382683 4589.dat
1 36 -30 -59.0656 32.588 1 0 0 0 0.382683 -0.92388 0 0.92388 0.382683 4589.dat
1 15 30 -16 0 0.996195 0 0.087156 0 1 0 -0.087156 0 0.996195 4592.dat
1 15 -30 -16 0 0.996195 0 -0.087156 0 1 0 0.087156 0 0.996195 4592.dat
1 0 30 -16 0 0.996195 0.080521 0.033353 0 0.382683 -0.92388 -0.087156 0.920364 0.381227 4593.dat
1 0 -30 -16 0 0.996195 -0.080521 -0.033353 0 0.382683 -0.92388 0.087156 0.920364 0.381227 4593.dat
