0 
0 Name: New Model.ldr
0 Author: 
1 16 -44.68 -40 272.86 -0.766 0 0.643 0 1 0 -0.643 0 -0.766 3020.dat
1 7 -6.38 -40 305.01 -0.643 0 -0.766 0 1 0 0.766 0 -0.643 2540.dat
1 16 -67.66 -48 253.57 0.643 0 0.766 0 1 0 -0.766 0 0.643 3069.dat
1 16 -14.04 -48 298.58 0.643 0 0.766 0 1 0 -0.766 0 0.643 3068.dat
1 0 -14.04 -32 298.58 0.643 0 0.766 0 1 0 -0.766 0 0.643 3022.dat
1 0 -60 -32 260 0.643 0 0.766 0 1 0 -0.766 0 0.643 3022.dat
1 0 -60 -24 260 0.643 0 0.766 0 1 0 -0.766 0 0.643 4600.dat
1 0 -14.04 -24 298.58 0.643 0 0.766 0 1 0 -0.766 0 0.643 4600.dat
1 16 -40.067 -19 236.254 0.766 0 -0.643 0 1 0 0.643 0 0.766 6014.dat
1 16 5.893 -19 274.834 0.766 0 -0.643 0 1 0 0.643 0 0.766 6014.dat
1 16 -33.973 -19 322.326 -0.766 0 0.643 0 1 0 -0.643 0 -0.766 6014.dat
1 16 -79.933 -19 283.746 -0.766 0 0.643 0 1 0 -0.643 0 -0.766 6014.dat
1 0 -83.791 -19 288.342 -0.766 0 0.643 0 1 0 -0.643 0 -0.766 6015.dat
1 0 -37.831 -19 326.922 -0.766 0 0.643 0 1 0 -0.643 0 -0.766 6015.dat
1 0 9.751 -19 270.238 -0.766 0 0.643 0 1 0 -0.643 0 -0.766 6015.dat
1 0 -36.209 -19 231.658 -0.766 0 0.643 0 1 0 -0.643 0 -0.766 6015.dat
1 16 -44.68 -48 272.86 -0.766 0 0.643 0 1 0 -0.643 0 -0.766 3680.dat
1 16 -29.36 -56 285.72 0.643 0 0.766 0 1 0 -0.766 0 0.643 3031.dat
1 0 -10.07 -64 262.74 -0.766 0 0.643 0 1 0 -0.643 0 -0.766 3023.dat
1 0 -48.65 -64 308.7 -0.766 0 0.643 0 1 0 -0.643 0 -0.766 3023.dat
1 36 -25.67 -64 327.99 0.643 0 0.766 0 1 0 -0.766 0 0.643 3024.dat
1 36 12.91 -64 282.03 0.643 0 0.766 0 1 0 -0.766 0 0.643 3024.dat
1 0 -71.63 -64 289.41 -0.766 0 0.643 0 1 0 -0.643 0 -0.766 4081.dat
1 0 -33.05 -64 243.45 0.766 0 -0.643 0 1 0 0.643 0 0.766 4081.dat
1 0 -6.38 -80 305.01 -0.643 0 -0.766 0 1 0 0.766 0 -0.643 2877.dat
1 0 -52.34 -64 266.43 0.643 0 0.766 0 1 0 -0.766 0 0.643 2452.dat
1 16 -25.67 -88 327.99 0.643 0 0.766 0 1 0 -0.766 0 0.643 4286.dat
1 16 12.91 -88 282.03 0.643 0 0.766 0 1 0 -0.766 0 0.643 4286.dat
1 16 -52.34 -72 266.43 0.643 0 0.766 0 1 0 -0.766 0 0.643 3710.dat
1 16 -6.38 -88 305.01 -0.643 0 -0.766 0 1 0 0.766 0 -0.643 3069.dat
1 46 -30.148 -62 219.771 0.643 0.766 0 0 0 -1 -0.766 0.643 0 6141.dat
1 46 -94.448 -62 296.371 0.643 0.766 0 0 0 -1 -0.766 0.643 0 6141.dat
1 7 -6.38 -136 305.01 0.643 0 0.766 0 1 0 -0.766 0 0.643 4083.dat
1 15 0.05 -144 297.35 0.643 0 0.766 0 1 0 -0.766 0 0.643 6141.dat
1 46 0.05 -152 297.35 0.643 0 0.766 0 1 0 -0.766 0 0.643 6141.dat
1 0 -45.91 -80 258.77 0.643 0 0.766 0 1 0 -0.766 0 0.643 4592.dat
1 0 -45.91 -80 258.77 0.643 -0.383 0.66642 0 0.87 0.5 -0.766 -0.3215 0.55941 4593.dat
1 0 -58.77 -80 274.09 0.643 0 0.766 0 1 0 -0.766 0 0.643 4592.dat
1 0 -58.77 -80 274.09 0.643 -0.19916 0.766 0 1 0.26 -0.766 -0.16718 0.643 4593.dat
1 16 -78.3993 -86.832 244.5551 0.261972 0.72004 0.643 0.94 -0.342 0 0.219906 0.60442 -0.766 4276.dat
1 16 -77.8784 -108.368 244.9924 0.261972 0.72004 0.643 0.94 -0.342 0 0.219906 0.60442 -0.766 3710.dat
1 16 -94.6385 -121.696 230.9235 -0.261972 0.72004 -0.643 -0.94 -0.342 0 -0.219906 0.60442 0.766 4531.dat
1 16 -113.7652 -127.2728 214.8681 0.383103 0.663656 -0.643 -0.866392 0.500134 0 0.321586 0.55709 0.766 4275.dat
1 16 -129.0893 -92.6171 202.0047 -0.383103 0.663656 0.643 0.866392 0.500134 0 -0.321586 0.55709 -0.766 4275.dat
1 16 -126.7365 -113.946 203.9796 -0.383103 0.663656 0.643 0.866392 0.500134 0 -0.321586 0.55709 -0.766 3710.dat
1 16 -112.3002 -74.7021 216.0979 0.663595 0.383175 -0.643 -0.500228 0.866312 0 0.557039 0.321647 0.766 4626.dat
