0 Main
0 Name: 8841-1 - Desert Racer - Tractor.mpd
0 Author: LTRON
1 1 -10 -64 0 0 0 -1 0 1 0 1 0 0 3703.dat
1 1 10 -64 0 0 0 -1 0 1 0 1 0 0 3703.dat
1 0 0 -54 -80 1 0 0 0 1 0 0 0 1 4459.dat
1 0 0 -54 0 1 0 0 0 1 0 0 0 1 4459.dat
1 7 0 -40 -130 1 0 0 0 1 0 0 0 1 4262.dat
1 1 0 -40 80 1 0 0 0 1 0 0 0 1 3032.dat
1 0 0 -54 40 1 0 0 0 1 0 0 0 1 3707.dat
1 0 -60 -54 100 1 0 0 0 1 0 0 0 1 3706.dat
1 1 -50 -64 100 0 0 -1 0 1 0 1 0 0 3700.dat
1 7 -30 -54 100 0 0 1 0 1 0 -1 0 0 3713.dat
1 7 50 -64 -130 1 0 0 0 1 0 0 0 1 4261.dat
1 7 -50 -64 -130 1 0 0 0 1 0 0 0 1 4261.dat
1 0 60 -54 100 1 0 0 0 1 0 0 0 1 3706.dat
1 1 50 -64 100 0 0 -1 0 1 0 1 0 0 3700.dat
1 7 30 -54 100 0 0 -1 0 -1 0 -1 0 0 3713.dat
1 7 0 -72 -160 1 0 0 0 1 0 0 0 1 3022.dat
1 7 0 -72 -130 1 0 0 0 1 0 0 0 1 4262.dat
1 1 0 -72 -90 1 0 0 0 1 0 0 0 1 3069.dat
1 7 30 -54 60 1 0 0 0 1 0 0 0 1 4273.dat
1 7 -30 -73.1464 34.2194 -1 0 0 0 0.289 -0.9573 0 -0.9573 -0.289 4273.dat
1 0 -30 -101.866 25.5484 0 0 -1 0.9573 0.289 0 0.289 -0.9573 0 3705.dat
1 7 0 -80 -160 1 0 0 0 1 0 0 0 1 3022.dat
1 4 0 -80 -130 1 0 0 0 1 0 0 0 1 3710.dat
1 0 50 -68 -90 0 1 0 -1 0 0 0 0 1 3705.dat
1 0 -50 -68 -90 0 1 0 -1 0 0 0 0 1 3705.dat
1 7 -50 -69 -90 0 1 0 0 0 1 1 0 0 4265.dat
1 7 50 -69 -90 0 1 0 0 0 1 1 0 0 4265.dat
1 7 41 -54 40 0 0 1 0 1 0 -1 0 0 3713.dat
1 7 -41 -54 40 0 0 -1 0 -1 0 -1 0 0 3713.dat
1 7 0 -72 70 1 0 0 0 1 0 0 0 1 3710.dat
1 7 0 -72 90 1 0 0 0 1 0 0 0 1 3666.dat
1 7 0 -72 110 1 0 0 0 1 0 0 0 1 3666.dat
1 7 60 -54 -130 1 0 0 0 1 0 0 0 1 3749.dat
1 7 -60 -54 -130 -1 0 0 0 1 0 0 0 -1 3749.dat
1 1 0 -88 -170 1 0 0 0 1 0 0 0 1 3069.dat
1 0 0 -88 -150 1 0 0 0 1 0 0 0 1 3710.dat
1 0 0 -88 -130 1 0 0 0 1 0 0 0 1 3710.dat
1 7 0 -82 -90 1 0 0 0 1 0 0 0 1 4262.dat
1 4 -30 -96 70 -1 0 0 0 1 0 0 0 -1 4286.dat
1 4 30 -96 70 -1 0 0 0 1 0 0 0 -1 4286.dat
1 7 0 -96 -160 1 0 0 0 1 0 0 0 1 3022.dat
1 7 0 -112 -170 1 0 0 0 1 0 0 0 1 3023.dat
1 0 0 -104 -170 1 0 0 0 1 0 0 0 1 3023.dat
1 1 0 -112 -130 1 0 0 0 1 0 0 0 1 3700.dat
1 7 0 -90 -90 1 0 0 0 1 0 0 0 1 3743.dat
1 7 -50 -92 -90 0 1 0 0 0 1 1 0 0 3713.dat
1 7 50 -92 -90 0 1 0 0 0 1 1 0 0 3713.dat
1 7 0 -74 0 0 -1 0 0 0 1 -1 0 0 3651.dat
1 1 0 -96 90 0 0 1 0 1 0 -1 0 0 3002.dat
1 7 0 -102 -40 1 0 0 0 1 0 0 0 1 3326.dat
1 7 0 -120.7409 -16.574 1 0 0 0 0.7809 -0.6247 0 0.6247 0.7809 3712.dat
1 7 0 -102 -70 0 -1 0 -1 0 0 0 0 -1 3712.dat
1 0 0 -102 -100 0 -1 0 0 0 1 -1 0 0 3705.dat
1 0 0 -139.4819 6.852 0 -1 0 0.6247 0 0.7809 -0.7809 0 0.6247 3705.dat
1 7 20 -134.0001 -0.0001 0 0 1 -0.6247 -0.7809 0 0.7809 -0.6247 0 4273.dat
1 7 -20 -134.0001 -0.0001 0 0 -1 0.6247 -0.7809 0 -0.7809 -0.6247 0 4273.dat
1 7 0 -146.4941 15.6172 -1 0 0 0 -0.7809 -0.6247 0 -0.6247 0.7809 3647.dat
1 7 0 -102 -90 -1 0 0 0 -1 0 0 0 1 3647.dat
1 7 0 -102 -110 -1 0 0 0 -1 0 0 0 1 3713.dat
1 7 0 -161.3463 34.1823 -1 0 0 0 -0.7809 -0.6247 0 -0.6247 0.7809 4185.dat
1 7 30 -134.0001 -0.0001 -1 0 0 0 -0.7809 -0.6247 0 -0.6247 0.7809 3749.dat
1 7 -30 -134.0001 -0.0001 1 0 0 0 -0.7809 0.6247 0 -0.6247 -0.7809 3749.dat
1 0 10 -120 -150 0 0 -1 0 1 0 1 0 0 3623.dat
1 0 -10 -120 -150 0 0 -1 0 1 0 1 0 0 3623.dat
1 4 30 -96 -130 0 0 -1 0 1 0 1 0 0 3623.dat
1 4 -30 -96 -130 0 0 -1 0 1 0 1 0 0 3623.dat
1 1 10 -120 100 0 0 -1 0 1 0 1 0 0 3700.dat
1 1 -10 -120 100 0 0 -1 0 1 0 1 0 0 3700.dat
1 0 20 -110 100 1 0 0 0 1 0 0 0 1 4459.dat
1 0 -20 -110 100 1 0 0 0 1 0 0 0 1 4459.dat
1 7 0 -128 -160 1 0 0 0 1 0 0 0 1 3022.dat
1 0 0 -136 -170 1 0 0 0 1 0 0 0 1 3023.dat
1 4 30 -120 -140 0 0 -1 0 1 0 1 0 0 3701.dat
1 4 -30 -120 -140 0 0 -1 0 1 0 1 0 0 3701.dat
1 4 0 -144 -130 -1 0 0 0 1 0 0 0 -1 3660.dat
1 7 -30 -117.6533 81.5225 -1 0 0 0 0.9239 -0.3827 0 -0.3827 -0.9239 4273.dat
1 0 -30 -121.4801 72.2837 0 0 1 -0.3827 0.9239 0 -0.9239 -0.3827 0 3704.dat
1 7 0 -128 100 0 0 -1 0 1 0 1 0 0 3020.dat
1 7 0 -144 -160 1 0 0 0 1 0 0 0 1 3022.dat
1 4 30 -144 -100 0 0 -1 0 1 0 1 0 0 3702.dat
1 4 -30 -144 -100 0 0 -1 0 1 0 1 0 0 3702.dat
1 7 40 -134 -40 1 0 0 0 1 0 0 0 1 4274.dat
1 7 40 -134 -60 1 0 0 0 1 0 0 0 1 4274.dat
1 7 -40 -134 -40 -1 0 0 0 1 0 0 0 -1 4274.dat
1 7 -40 -134 -60 -1 0 0 0 1 0 0 0 -1 4274.dat
1 7 -37 -74.6446 135.3554 0 1 0 0.7071 0 0.7071 0.7071 0 -0.7071 4262.dat
1 7 37 -74.6446 135.3554 0 -1 0 0.7071 0 -0.7071 0.7071 0 0.7071 4262.dat
1 7 48 -134 -30 0 -1 0 0 0 -1 1 0 0 4263.dat
1 7 -48 -134 -30 0 1 0 0 0 1 1 0 0 4263.dat
1 7 0 -136 80 1 0 0 0 1 0 0 0 1 3022.dat
1 7 0 -136 120 1 0 0 0 1 0 0 0 1 3020.dat
1 7 59 -93.9999 9.9999 0 -1 0 0.8 0 -0.6 0.6 0 0.8 4262.dat
1 7 -59 -93.9999 9.9999 0 1 0 0.8 0 0.6 0.6 0 -0.8 4262.dat
1 4 0 -152 -170 1 0 0 0 1 0 0 0 1 3710.dat
1 4 0 -152 -150 1 0 0 0 1 0 0 0 1 3710.dat
1 4 0 -152 -130 1 0 0 0 1 0 0 0 1 3710.dat
1 4 0 -152 -110 1 0 0 0 1 0 0 0 1 3710.dat
1 4 0 -152 -90 1 0 0 0 1 0 0 0 1 3710.dat
1 4 30 -152 -40 0 0 -1 0 1 0 1 0 0 3710.dat
1 4 -30 -152 -40 0 0 -1 0 1 0 1 0 0 3710.dat
1 7 0 -144 130 1 0 0 0 1 0 0 0 1 3710.dat
1 7 0 -152 130 1 0 0 0 1 0 0 0 1 3710.dat
1 7 -69 -54 40 0 0 1 0 1 0 -1 0 0 3713.dat
1 7 69 -54 40 0 0 -1 0 -1 0 -1 0 0 3713.dat
1 0 0 -39.2892 170.7107 1 0 0 0 -1 0 0 0 -1 3707.dat
1 0 -10 -176 -90 1 0 0 0 0 -1 0 1 0 3959.dat
1 7 47 -39.2892 170.7107 0 0 -1 0 1 0 1 0 0 3713.dat
1 7 -60 -39.2892 170.7107 0 0 -1 0 1 0 1 0 0 3648.dat
1 7 70 -54 -130 0 0 -1 0 1 0 1 0 0 3482.dat
1 7 -70 -54 -130 0 0 1 0 1 0 -1 0 0 3482.dat
1 7 90 -54 100 0 0 -1 0 1 0 1 0 0 3482.dat
1 7 -90 -54 100 0 0 1 0 1 0 -1 0 0 3482.dat
1 256 -90 -54 100 0 0 1 0 1 0 -1 0 0 3634.dat
1 256 -70 -54 -130 0 0 1 0 1 0 -1 0 0 3634.dat
1 0 90 -54 100 0 0 -1 0 1 0 1 0 0 3634.dat
1 0 70 -54 -130 0 0 -1 0 1 0 1 0 0 3634.dat
1 1 0 -57.289 260.711 0 0 -1 0 1 0 1 0 0 3032.dat
1 1 0 -65.289 210.711 -1 0 0 0 1 0 0 0 -1 3460.dat
1 15 30 -65.289 250.711 0 0 -1 0 1 0 1 0 0 3623.dat
1 15 -30 -65.289 250.711 0 0 -1 0 1 0 1 0 0 3623.dat
1 1 0 -73.289 240.711 0 0 -1 0 1 0 1 0 0 3031.dat
1 7 -20 -67.289 300.711 1 0 0 0 0 1 0 -1 0 3651.dat
1 7 20 -67.289 300.711 1 0 0 0 0 1 0 -1 0 3651.dat
1 1 0 -97.289 210.711 -1 0 0 0 1 0 0 0 -1 3010.dat
1 1 30 -97.289 250.711 0 0 -1 0 1 0 1 0 0 3622.dat
1 1 -30 -97.289 250.711 0 0 -1 0 1 0 1 0 0 3622.dat
1 1 0 -97.289 250.711 0 0 -1 0 1 0 1 0 0 3002.dat
1 15 0 -105.289 210.711 -1 0 0 0 1 0 0 0 -1 3710.dat
1 15 0 -105.289 230.711 -1 0 0 0 1 0 0 0 -1 3710.dat
1 15 0 -105.289 250.711 -1 0 0 0 1 0 0 0 -1 3710.dat
1 15 0 -105.289 270.711 -1 0 0 0 1 0 0 0 -1 3710.dat
1 1 0 -113.289 240.711 0 0 -1 0 1 0 1 0 0 3031.dat
1 7 10 -39.289 210.711 0 0 -1 0 1 0 1 0 0 3651.dat
1 7 10 -39.289 290.711 0 0 -1 0 1 0 1 0 0 3651.dat
1 0 30 -39.289 240.711 0 0 -1 0 1 0 1 0 0 3706.dat
1 7 30 -39.289 230.711 -1 0 0 0 1 0 0 0 -1 3713.dat
1 7 30 -39.289 190.711 1 0 0 0 1 0 0 0 1 4273.dat
1 7 -30 -39.289 190.711 -1 0 0 0 -1 0 0 0 1 4273.dat
1 7 -10 -39.289 210.711 0 0 1 0 -1 0 1 0 0 3651.dat
1 7 -10 -39.289 290.711 0 0 1 0 -1 0 1 0 0 3651.dat
1 0 -30 -39.289 240.711 0 0 1 0 -1 0 1 0 0 3706.dat
1 7 -30 -39.289 230.711 1 0 0 0 -1 0 0 0 -1 3713.dat
1 0 0 -21.289 210.711 1 0 0 0 -1 0 0 0 -1 3710.dat
1 4 -120 -49.289 310.711 -1 0 0 0 1 0 0 0 -1 3895.dat
1 4 120 -49.289 310.711 -1 0 0 0 1 0 0 0 -1 3895.dat
1 0 -40 -39.289 320.711 0 0 1 0 -1 0 1 0 0 4459.dat
1 0 -120 -39.289 320.711 0 0 1 0 -1 0 1 0 0 4459.dat
1 0 40 -39.289 320.711 0 0 1 0 -1 0 1 0 0 4459.dat
1 0 120 -39.289 320.711 0 0 1 0 -1 0 1 0 0 4459.dat
1 7 120 -19.289 330.711 0 1 0 0 0 1 1 0 0 4273.dat
1 7 40 -19.289 330.711 0 1 0 0 0 1 1 0 0 4273.dat
1 7 -40 -19.289 330.711 0 1 0 0 0 1 1 0 0 4273.dat
1 7 -120 -19.289 330.711 0 1 0 0 0 1 1 0 0 4273.dat
1 7 220 -19.289 330.711 1 0 0 0 0 1 0 -1 0 3651.dat
1 7 -220 -19.289 330.711 1 0 0 0 0 1 0 -1 0 3651.dat
1 7 0 -123.289 220.711 0 -1 0 0 0 1 -1 0 0 3651.dat
1 14 70 -89.289 210.711 1 0 0 0 0 -1 0 1 0 3959.dat
1 14 -70 -89.289 210.711 1 0 0 0 0 -1 0 1 0 3959.dat
