0 Main
0 Name: 9392-1 - Quad Bike - Buggy.mpd
0 Author: LTRON
1 7 0.0003 2.8502 -0.8139 0 0 -1 -0.139241 0.990873 0 0.990873 0.139241 0 63869.dat
1 0 10.0003 25.4524 -17.8465 1 0 0 0 0.990873 -0.139241 0 0.139241 0.990873 3673.dat
1 1 20 22.6676 1.9709 1 0 0 0 0.990873 -0.139241 0 0.139241 0.990873 32556.dat
1 0 20 17.098 41.6058 0 1 0 -0.990873 0 -0.139241 -0.139241 0 0.990873 40490.dat
1 0 40.0003 2.8502 -0.8139 0 0 -1 -0.139241 0.990873 0 0.990873 0.139241 0 6536.dat
1 7 40.0003 0.0653 19.0036 0 0 -1 -0.139241 0.990873 0 0.990873 0.139241 0 32073.dat
1 7 40.0003 8.4198 -40.4488 1 0 0 0 0.968733 0.250545 0 -0.250545 0.968733 32016.dat
1 7 0.0003 0.0653 19.0036 0 0 -1 -0.139241 0.990873 0 0.990873 0.139241 0 32073.dat
1 7 0.0003 8.4198 -40.4488 1 0 0 0 0.968733 0.250545 0 -0.250545 0.968733 32016.dat
1 72 20 -32.4457 34.6438 0 0 -1 0.990873 0.139241 0 0.139241 -0.990873 0 87083.dat
1 7 20 -2.7195 38.821 0 0 -1 -0.139241 0.990873 0 0.990873 0.139241 0 87082.dat
1 4 20 -19.7521 16.2187 0 1 0 0.990873 0 0.139241 0.139241 0 -0.990873 32039.dat
1 0 20 0.0653 19.0036 0 0 -1 -0.990873 -0.139241 0 -0.139241 0.990873 0 32316.dat
1 19 20 -18.3597 6.31 0 0 -1 -0.139241 0.990873 0 0.990873 0.139241 0 3749.dat
1 0 40.0003 -2.7195 38.821 1 0 0 0 -0.139241 -0.990873 0 0.990873 -0.139241 32348.dat
1 0 0.0003 -2.7195 38.821 -1 0 0 0 0.139241 -0.990873 0 -0.990873 -0.139241 32348.dat
1 19 -47.9997 -96.4509 15.5451 0 -0.6 -0.8 -0.139241 0.792699 -0.594523 0.990873 0.111393 -0.083545 3749.dat
1 19 88 -96.4509 15.5451 0 0.6 -0.8 -0.139241 0.792699 0.594523 0.990873 0.111393 0.083545 3749.dat
1 0 20 -5.5043 58.6385 1 0 0 0 0.990873 -0.139241 0 0.139241 0.990873 92907.dat
1 7 20 14.3131 61.4233 1 0 0 0 0.990873 -0.139241 0 0.139241 0.990873 4519.dat
1 7 20 17.098 41.6058 1 0 0 0 0.990873 -0.139241 0 0.139241 0.990873 4519.dat
1 7 20 -42.3544 33.2514 0 0 -1 -0.139241 0.990873 0 0.990873 0.139241 0 87082.dat
1 0 20 -45.1393 53.0688 0 0 -1 -0.990873 -0.139241 0 -0.139241 0.990873 0 32316.dat
1 1 40.0003 -42.3544 33.2514 0 0 -1 -0.139241 0.990873 0 0.990873 0.139241 0 32556.dat
1 1 0.0003 -42.3544 33.2514 0 0 -1 -0.139241 0.990873 0 0.990873 0.139241 0 32556.dat
1 0 20 -39.5696 13.4339 0 0 -1 -0.990873 -0.139241 0 -0.139241 0.990873 0 32316.dat
1 7 97.6252 13.5195 20.8942 0 -0.339453 -0.940623 -0.139241 0.932038 -0.336355 0.990873 0.130974 -0.047266 6572.dat
1 7 97.6252 13.5195 20.8942 0 -0.339453 -0.940623 -0.139241 0.932038 -0.336355 0.990873 0.130974 -0.047266 4519.dat
1 7 60.0003 0.0653 19.0036 0 -0.339453 -0.940623 -0.139241 0.932038 -0.336355 0.990873 0.130974 -0.047266 4519.dat
1 7 -20 0.0653 19.0036 0 0.339452 0.940623 0.139241 0.932038 -0.336354 -0.990873 0.130974 -0.047266 4519.dat
1 7 -57.6246 13.5195 20.8942 0 0.339452 0.940623 0.139241 0.932038 -0.336354 -0.990873 0.130974 -0.047266 6572.dat
1 7 -57.6246 13.5195 20.8942 0 0.339452 0.940623 0.139241 0.932038 -0.336354 -0.990873 0.130974 -0.047266 4519.dat
1 0 88 -95.0585 5.6364 -0.996164 -0.087499 0 0.086701 -0.987073 -0.139241 0.012183 -0.138707 0.990873 4254.dat
1 7 97.6252 13.5195 20.8942 -0.996164 -0.087499 0 0.086701 -0.987073 -0.139241 0.012183 -0.138707 0.990873 4255.dat
1 383 93.0753 -37.8083 13.6814 -0.996164 -0.087499 0 0.086701 -0.987073 -0.139241 0.012183 -0.138707 0.990873 41837.dat
1 0 -47.9997 -95.0585 5.6364 -0.996164 0.087499 0 -0.086701 -0.987073 -0.139241 -0.012183 -0.138707 0.990873 4254.dat
1 383 -53.0746 -37.8083 13.6814 -0.996164 0.087499 0 -0.086701 -0.987073 -0.139241 -0.012183 -0.138707 0.990873 41837.dat
1 7 -57.6246 13.5195 20.8942 -0.996164 0.087499 0 -0.086701 -0.987073 -0.139241 -0.012183 -0.138707 0.990873 4255.dat
1 7 60.0003 -39.5696 13.4339 0 -0.339453 -0.940623 -0.139241 0.932038 -0.336355 0.990873 0.130974 -0.047266 4519.dat
1 7 97.6252 -26.1154 15.3245 0 -0.339453 -0.940623 -0.139241 0.932038 -0.336355 0.990873 0.130974 -0.047266 6572.dat
1 7 -20 -39.5696 13.4339 0 0.339452 0.940623 0.139241 0.932038 -0.336354 -0.990873 0.130974 -0.047266 4519.dat
1 7 -57.6246 -26.1154 15.3245 0 0.339452 0.940623 0.139241 0.932038 -0.336354 -0.990873 0.130974 -0.047266 6572.dat
1 0 -95.2495 7.1562 20 0 0 1 0.139241 0.990873 0 -0.990873 0.139241 0 6571.dat
1 28 -115.25 7.1562 20 1 0 0 0 0.990873 -0.139241 0 0.139241 0.990873 6587.dat
1 0 135.25 7.1562 20 0 0 -1 0.139241 -0.990873 0 -0.990873 -0.139241 0 6571.dat
1 28 155.25 7.1562 20 -1 0 0 0 -0.990873 -0.139241 0 -0.139241 0.990873 6587.dat
1 7 20 -16.9673 -3.5987 0 0 -1 -0.990873 -0.139241 0 -0.139241 0.990873 0 32523.dat
1 0 0.0003 -15.5749 -13.5075 0 0 -1 -0.139241 0.990873 0 0.990873 0.139241 0 6628.dat
1 0 40.0003 -15.5749 -13.5075 0 0 -1 -0.139241 0.990873 0 0.990873 0.139241 0 6628.dat
1 0 0.0003 -13.904 -25.3979 -0.25896 0.167818 -0.951835 -0.957696 -0.181763 0.228505 -0.134579 0.970155 0.207678 2739.dat
1 0 40.0003 -13.904 -25.3979 -0.25896 -0.167818 0.951835 0.957696 -0.181763 0.228505 0.134579 0.970155 0.207678 2739.dat
1 0 0.0003 11.5283 81.2408 0 1 0 -0.990873 0 -0.139241 -0.139241 0 0.990873 32271.dat
1 7 20 11.5283 81.2408 1 0 0 0 0.990873 -0.139241 0 0.139241 0.990873 4519.dat
1 7 20 -40.2304 219.471 1 0 0 0 0.48313 -0.876243 0 0.876243 0.48313 4519.dat
1 0 10.0003 -5.1807 200.146 1 0 0 0 0.990873 -0.139241 0 0.139241 0.990873 3673.dat
1 1 20 8.7435 101.058 1 0 0 0 0.990873 -0.139241 0 0.139241 0.990873 32556.dat
1 1 20 5.9587 120.876 1 0 0 0 0.990873 -0.139241 0 0.139241 0.990873 32556.dat
1 1 20 -22.7055 209.808 1 0 0 0 0.990873 -0.139241 0 0.139241 0.990873 32556.dat
1 7 20 0.389 160.511 1 0 0 0 -0.139241 -0.990873 0 0.990873 -0.139241 44294.dat
1 72 15.0003 0.389 160.511 0 -1 0 -0.990873 0 0.139241 -0.139241 0 -0.990873 41677.dat
1 72 25 0.389 160.511 0 -1 0 -0.990873 0 0.139241 -0.139241 0 -0.990873 41677.dat
1 7 20 3.1738 140.693 1 0 0 0 -0.139241 -0.990873 0 0.990873 -0.139241 4519.dat
1 0 -20 0.389 160.511 1 0 0 0 -0.139241 -0.990873 0 0.990873 -0.139241 6536.dat
1 0 0.0003 -8.0124 225.389 0 1 0 -0.973435 0 0.231606 0.231606 0 0.973435 32271.dat
1 1 20 -3.3803 244.858 1 0 0 0 0.973435 0.231606 0 -0.231606 0.973435 32556.dat
1 0 0.0003 -5.8111 372.975 1 0 0 0 0.769345 -0.639785 0 0.639785 0.769345 3737.dat
1 0 20 6.2823 262.383 0 1 0 0.876243 0 -0.483131 -0.483131 0 -0.876243 32140.dat
1 0 20 -5.8111 372.975 0 -1 0 -0.769345 0 0.639785 -0.639785 0 -0.769345 60483.dat
1 19 20 10.5161 303.264 1 0 0 0 0.973435 0.231606 0 -0.231606 0.973435 32556.dat
0 !LEOCAD SYNTH BEGIN
0 !LEOCAD SYNTH CONTROL_POINT 0 110 0 1 0 0 0 1 0 0 0 1 1
0 !LEOCAD SYNTH CONTROL_POINT 0 0 0 1 0 0 0 1 0 0 0 1 1
1 7 20 -94.5319 270.406 0 0 -1 -0.29871 0.954981 0 0.954981 0.29871 0 41838.dat
0 !LEOCAD SYNTH END
1 0 40.0003 -8.0124 225.389 0 1 0 -0.973435 0 0.231606 0.231606 0 0.973435 32271.dat
1 7 55.0003 -5.8111 372.975 0 0 -1 -0.639785 0.769345 0 0.769345 0.639785 0 32123.dat
1 0 70 6.9846 357.588 -1 0 0 0 -0.769345 -0.639785 0 -0.639785 0.769345 3737.dat
1 7 130 6.9846 357.588 0 0 -1 0.639785 -0.769345 0 -0.769345 -0.639785 0 3713.dat
1 7 110 6.9846 357.588 0 0 -1 0.639785 -0.769345 0 -0.769345 -0.639785 0 3713.dat
1 7 90 6.9846 357.588 0 0 -1 0.639785 -0.769345 0 -0.769345 -0.639785 0 3713.dat
1 7 70 0.5868 365.282 0 -1 0 0.769345 0 -0.639785 0.639785 0 0.769345 43857.dat
1 7 55.0003 6.9846 357.588 0 0 1 -0.639785 -0.769345 0 0.769345 -0.639785 0 32123.dat
1 7 90 -5.8111 372.975 0 0 -1 0.639785 -0.769345 0 -0.769345 -0.639785 0 3713.dat
1 0 -30 6.9846 357.588 0 0 -1 0.639785 -0.769345 0 -0.769345 -0.639785 0 59443.dat
1 72 -87 6.9846 357.588 -1 0 0 0 -0.769345 -0.639785 0 -0.639785 0.769345 32209.dat
1 7 -59.9997 0.5868 365.282 0 -1 0 0.769345 0 -0.639785 0.639785 0 0.769345 43857.dat
1 7 -75 -5.8111 372.975 0 0 -1 -0.639785 0.769345 0 0.769345 0.639785 0 32123.dat
1 7 -75 6.9846 357.588 0 0 1 -0.639785 -0.769345 0 0.769345 -0.639785 0 32123.dat
1 7 -90 6.9846 357.588 0 0 -1 0.639785 -0.769345 0 -0.769345 -0.639785 0 3713.dat
1 7 20 -40.2304 219.471 0 -1 0 0.48313 0 -0.876243 0.876244 0 0.48313 6629.dat
1 7 20 -136.209 327.236 1 0 0 0 0.990873 -0.139241 0 0.139241 0.990873 4519.dat
1 1 20 -133.424 307.419 1 0 0 0 0.990873 -0.139241 0 0.139241 0.990873 32556.dat
1 0 40.0003 11.5283 81.2408 0 1 0 -0.990873 0 -0.139241 -0.139241 0 0.990873 32271.dat
1 0 60.0003 0.389 160.511 1 0 0 0 -0.139241 -0.990873 0 0.990873 -0.139241 6536.dat
1 7 20 -17.2589 178.239 -1 0 0 0 0.990873 0.139241 0 0.139241 -0.990873 2905.dat
1 1 -20 -12.3046 178.936 0 0 -1 -0.990873 -0.139241 0 -0.139241 0.990873 0 3749.dat
1 1 60.0003 -12.3046 178.936 0 0 -1 -0.990873 -0.139241 0 -0.139241 0.990873 0 3749.dat
1 72 20 -56.8939 172.67 0 0.199473 -0.980524 -0.990873 -0.13653 -0.027775 -0.139241 0.971575 0.197652 32209.dat
1 7 20 -27.1677 176.847 -1 0 0 0 0.990873 0.139241 0 0.139241 -0.990873 2905.dat
1 72 20 -46.3698 133.731 0 0 1 0.990873 -0.139241 0 0.139241 0.990873 0 87083.dat
1 7 20 -36.4611 135.124 1 0 0 0 -0.139241 -0.990873 0 0.990873 -0.139241 94925.dat
1 7 20 -42.0307 174.758 0.980524 0.199473 0 0.027775 -0.13653 -0.990873 -0.197652 0.971575 -0.139241 94925.dat
1 7 20 -56.2786 132.339 -1 0 0 0 -0.990873 -0.139241 0 -0.139241 0.990873 60484.dat
1 0 20 -81.6657 169.189 1 0 0 0 -0.139241 -0.990873 0 0.990873 -0.139241 92907.dat
1 0 20 -64.633 191.791 1 0 0 0 0.139241 0.990873 0 -0.990873 0.139241 3705.dat
1 0 20 -64.633 191.791 0 -1 0 -0.139241 0 -0.990873 0.990873 0 -0.139241 32140.dat
1 7 20 -84.4505 189.006 -1 0 0 0 0.139241 -0.990873 0 -0.990873 -0.139241 44294.dat
1 0 20 -111.392 165.012 0.980524 0.199473 0 0.027775 -0.13653 -0.990873 -0.197652 0.971575 -0.139241 59443.dat
1 7 20 -141.118 160.834 0 0.199473 -0.980524 -0.990873 -0.13653 -0.027775 -0.139241 0.971575 0.197652 4519.dat
1 7 20 -136.164 161.53 -0.980524 0.199473 0 -0.027775 -0.13653 0.990873 0.197652 0.971575 0.139241 32123.dat
1 7 20 -53.4937 112.521 -1 0 0 0 0.990873 0.139241 0 0.139241 -0.990873 60484.dat
1 0 20 -62.1719 30.4665 1 0 0 0 0.990873 -0.139241 0 0.139241 0.990873 33299.dat
1 0 20 -76.096 129.554 -1 0 0 0 0.990873 0.139241 0 0.139241 -0.990873 33299.dat
1 25 0.0003 -124.034 125.782 0 -1 0 1.00046 0 -0.017446 0.017446 0 1.00046 32271.dat
1 7 20 -124.034 125.782 -1 0 0 0 -1.00046 -0.017446 0 -0.017446 1.00046 4519.dat
1 7 20 -94.5319 270.406 -1 0 0 0 -0.61423 0.789898 0 0.789898 0.61423 4519.dat
1 1 20 -110.33 258.121 1 0 0 0 -0.990873 0.139241 0 -0.139241 -0.990873 32556.dat
1 1 20 -125.081 185.809 -1 0 0 0 0.990873 0.139241 0 0.139241 -0.990873 32556.dat
1 0 -20 -114.535 128.384 1 0 0 0 -0.870355 0.492423 0 -0.492423 -0.870355 32039.dat
1 1 -10 -124.383 145.791 -1 0 0 0 -0.492423 0.870355 0 0.870355 0.492423 3749.dat
1 7 -20 -94.8378 93.5696 0 0 1 -0.492423 -0.870355 0 0.870355 -0.492423 0 32073.dat
1 25 -20 -99.762 102.273 0 0 -1 0.492423 -0.870355 0 -0.870355 -0.492423 0 62462.dat
1 7 -20 -87.4514 80.5143 -1 0 0 0 -0.870355 -0.492423 0 -0.492423 0.870355 32123.dat
1 0 20 -124.034 125.782 -1 0 0 0 -1.00046 -0.017446 0 -0.017446 1.00046 32291.dat
1 47 10 -143.869 115.428 -1 0 0 0 0.017444 -1.00046 0 -1.00046 -0.017444 6141.dat
1 47 30 -143.869 115.428 -1 0 0 0 0.017444 -1.00046 0 -1.00046 -0.017444 6141.dat
1 25 40 -124.034 125.782 0 -1 0 1.00046 0 -0.017446 0.017446 0 1.00046 32271.dat
1 25 60 -99.762 102.273 0 0 -1 0.492423 -0.870355 0 -0.870355 -0.492423 0 62462.dat
1 7 60 -87.4514 80.5143 1 0 0 0 0.870355 -0.492423 0 0.492423 0.870355 32123.dat
1 7 60 -94.8378 93.5696 0 0 -1 -0.492423 0.870355 0 0.870355 0.492423 0 32073.dat
1 0 50 -124.383 145.791 1 0 0 0 1 0 0 0 1 3673.dat
1 0 60 -124.383 145.791 1 0 0 0 0.870355 -0.492423 0 0.492423 0.870355 32013.dat
1 0 20 -80.0651 67.4589 0 0 -1 -0.870355 -0.492423 0 -0.492423 0.870355 0 32316.dat
1 7 60 -72.6787 54.4036 1 0 0 0 0.870355 -0.492423 0 0.492423 0.870355 32123.dat
1 7 -20 -72.6787 54.4036 -1 0 0 0 -0.870355 -0.492423 0 -0.492423 0.870355 32123.dat
1 7 20 -151.027 159.442 -0.980501 0.199706 0 -0.027774 -0.136287 0.990897 0.197648 0.971561 0.139245 94925.dat
1 0 39.4466 -149.861 150.989 0 -1.00085 0.026057 0.990906 -0.003645 -0.138921 0.139011 0.026057 0.990599 3711.dat
1 0 39.8635 -152.084 166.839 0 -0.72631 -0.688889 0.990906 0.095709 -0.100785 0.139011 -0.682423 0.718707 3711.dat
1 0 28.8413 -153.696 178.338 0 -0.02631 -1 0.990906 0.138998 -0.003645 0.139011 -0.991147 0.02605 3711.dat
1 0 12.8367 -153.753 178.755 0 0.689097 -0.725814 0.990906 0.100888 0.095643 0.139011 -0.719444 -0.681956 3711.dat
1 0 1.225 -152.221 167.843 0 1.00085 -0.026304 0.990906 0.003645 0.13892 0.139011 -0.026057 -0.990592 3711.dat
1 0 0.8041 -149.997 151.993 0 0.72631 0.688889 0.990906 -0.095709 0.100785 0.139011 0.682423 -0.718707 3711.dat
1 0 11.8235 -148.383 140.494 0 0.02631 1 0.990906 -0.138998 0.003645 0.139011 0.991147 -0.02605 3711.dat
1 0 27.8281 -148.323 140.078 0 -0.689097 0.725813 0.990906 -0.100888 -0.095643 0.139011 0.719444 0.681956 3711.dat
1 4 0 0.9057 -69.5019 0 0 -1.00061 0.250393 0.968733 0 0.968144 -0.250545 0 32062.dat
1 0 0 -1.5982 -79.1834 0 -1.00061 0 0.250393 0 -0.968733 0.968144 0 0.250545 6553.dat
1 4 40 0.9057 -69.5019 0 0 1.00061 0.250393 -0.968733 0 0.968144 0.250545 0 32062.dat
1 0 40 -1.5982 -79.1834 0 1.00061 0 0.250393 0 0.968733 0.968144 0 -0.250545 6553.dat
1 25 90.0091 -47.5991 214.384 -1 0 0 0 0.990873 0.139241 0 0.139241 -0.990873 64391.dat
1 0 70.0091 -67.4161 211.596 0 0 1.00061 0.139156 0.990873 0 -0.99027 0.139241 0 32054.dat
1 0 70.0091 -64.633 191.791 0 0 1.00061 -0.139156 -0.990873 0 0.99027 -0.139241 0 32015.dat
1 0 -30.0091 -67.4161 211.596 0 0 1.00061 0.139156 0.990872 0 -0.99027 0.139241 0 32054.dat
1 0 -30.0091 -64.633 191.791 0 0 -1.00061 0.139156 -0.990872 0 -0.99027 -0.139241 0 32015.dat
1 25 -50.0091 -47.5991 214.384 -1 0 0 0 0.990872 0.139241 0 0.139241 -0.990873 64683.dat
1 0 165.259 7.1562 20 0 0 1.00061 0.139156 0.990873 0 -0.99027 0.139241 0 56145.dat
1 0 -125.259 7.1562 20 0 0 -1.00061 -0.139156 0.990872 0 0.99027 0.139241 0 56145.dat
1 0 160.009 6.9846 357.588 0 0 1.00061 0.639396 0.769344 0 -0.768877 0.639785 0 56145.dat
1 0 -120.009 6.9846 357.588 0 0 -1.00061 -0.639396 0.769344 0 0.768877 0.639785 0 56145.dat
1 256 165.259 7.1562 20 0 0 1.00061 0.139156 0.990873 0 -0.99027 0.139241 0 55976.dat
1 256 -125.259 7.1562 20 0 0 -1.00061 -0.139156 0.990872 0 0.99027 0.139241 0 55976.dat
1 256 160.009 6.9846 357.588 0 0 1.00061 0.639396 0.769344 0 -0.768877 0.639785 0 55976.dat
1 256 -120.009 6.9846 357.588 0 0 -1.00061 -0.639396 0.769344 0 0.768877 0.639785 0 55976.dat
1 7 170.25 7.1562 20 0 0 -1.00061 -0.139156 0.990873 0 0.99027 0.139241 0 32123.dat
1 7 -130.25 7.1562 20 0 0 -1.00061 -0.139156 0.990873 0 0.99027 0.139241 0 32123.dat
1 7 -125 6.9846 357.588 0 0 -1.00061 -0.639396 0.769345 0 0.768877 0.639785 0 32123.dat
1 7 165 6.9846 357.588 0 0 -1.00061 -0.639396 0.769345 0 0.768877 0.639785 0 32123.dat
1 25 0.003 -158.799 344.27 0 0 -1.00061 -0.99027 -0.139241 0 -0.139156 0.990873 0 87080.dat
1 25 39.997 -158.799 344.27 0 0 1.00061 0.99027 -0.139241 0 0.139156 0.990872 0 87086.dat
