0 Main
0 Name: 6480-1 - Hook and Ladder Truck.mpd
0 Author: LTRON
1 0 -330 -32 80 0 0 1 0 1 0 -1 0 0 4600.dat
1 0 -190 -32 80 0 0 1 0 1 0 -1 0 0 4600.dat
1 0 -130 -32 80 0 0 1 0 1 0 -1 0 0 4600.dat
1 0 -270 -40 80 1 0 0 0 1 0 0 0 1 3034.dat
1 0 -130 -40 80 1 0 0 0 1 0 0 0 1 3795.dat
1 0 -340 -48 80 1 0 0 0 1 0 0 0 1 3021.dat
1 0 -210 -48 80 1 0 0 0 1 0 0 0 1 3832.dat
1 0 -90 -48 80 0 0 -1 0 1 0 1 0 0 3730.dat
1 16 -240 -56 100 1 0 0 0 1 0 0 0 1 3021.dat
1 16 -130 -64 80 0 0 1 0 1 0 -1 0 0 4211.dat
1 16 -240 -56 60 1 0 0 0 1 0 0 0 1 3021.dat
1 16 -190 -64 80 0 0 1 0 1 0 -1 0 0 3788.dat
1 16 -330 -64 80 0 0 1 0 1 0 -1 0 0 4211.dat
1 16 -360 -64 80 0 0 1 0 1 0 -1 0 0 3710.dat
1 16 -280 -64 80 0 0 1 0 1 0 -1 0 0 3023.dat
1 16 -220 -64 80 0 0 1 0 1 0 -1 0 0 3710.dat
1 16 -160 -64 80 0 0 1 0 1 0 -1 0 0 3710.dat
1 16 -280 -64 110 -1 0 0 0 1 0 0 0 -1 3623.dat
1 16 -280 -64 50 -1 0 0 0 1 0 0 0 -1 3623.dat
1 0 -240 -64 110 -1 0 0 0 1 0 0 0 -1 4085.dat
1 0 -100 -64 110 -1 0 0 0 1 0 0 0 -1 4085.dat
1 0 -80 -64 90 0 0 -1 0 1 0 1 0 0 4085.dat
1 0 -80 -64 70 0 0 -1 0 1 0 1 0 0 4085.dat
1 0 -100 -64 50 1 0 0 0 1 0 0 0 1 4085.dat
1 36 -80 -64 110 1 0 0 0 1 0 0 0 1 3024.dat
1 36 -80 -64 50 1 0 0 0 1 0 0 0 1 3024.dat
1 0 -240 -64 50 1 0 0 0 1 0 0 0 1 4085.dat
1 1 -340 -64 80 0 0 1 0 1 0 -1 0 0 3829.dat
1 16 -360 -88 110 0 0 1 0 1 0 -1 0 0 4070.dat
1 16 -360 -88 50 0 0 1 0 1 0 -1 0 0 4070.dat
1 16 -280 -88 80 0 0 1 0 1 0 -1 0 0 3010.dat
1 16 -90 -112 80 0 0 1 0 1 0 -1 0 0 4209.dat
1 0 -90 -88 80 0 0 1 0 1 0 -1 0 0 4208.dat
1 16 -90 -120 80 0 0 1 0 1 0 -1 0 0 3020.dat
1 16 -360 -72 80 0 0 -1 0 1 0 1 0 0 3023.dat
1 16 -360 -80 80 0 0 -1 0 1 0 1 0 0 3023.dat
1 15 -190 -72 80 0 0 -1 0 1 0 1 0 0 4761.dat
1 15 -190 -120 80 0 0 1 0 1 0 -1 0 0 4760.dat
1 7 -120 -124 80 0 0 1 0 1 0 -1 0 0 4762.dat
1 46 -374.001 -78 50 0 1 0 0 0 -1 -1 0 0 3024.dat
1 46 -374.001 -78 110 0 1 0 0 0 -1 -1 0 0 3024.dat
1 16 -340 -88 50 0 0 1 0 1 0 -1 0 0 3822.dat
1 16 -340 -88 110 0 0 1 0 1 0 -1 0 0 3821.dat
1 0 -360 -88 80 0 0 1 0 1 0 -1 0 0 4175.dat
1 16 -130 -128 50 -1 0 0 0 1 0 0 0 -1 3666.dat
1 16 -130 -128 110 -1 0 0 0 1 0 0 0 -1 3666.dat
1 16 -150 -144 80 -1 0 0 0 1 0 0 0 -1 3003.dat
1 7 -80 -128 80 0 0 1 0 1 0 -1 0 0 3838.dat
1 16 -230 -128 110 -1 0 0 0 1 0 0 0 -1 3710.dat
1 16 -230 -128 50 -1 0 0 0 1 0 0 0 -1 3710.dat
1 16 -190 -128 80 -1 0 0 0 1 0 0 0 -1 3022.dat
1 16 -80 -128 80 0 0 1 0 1 0 -1 0 0 3794.dat
1 15 -260 -128 80 0 0 1 0 1 0 -1 0 0 4755.dat
1 16 -150 -152 80 -1 0 0 0 1 0 0 0 -1 3680.dat
1 41 -340 -136 80 0 0 1 0 1 0 -1 0 0 3823.dat
1 16 -280 -136 80 0 0 1 0 1 0 -1 0 0 4214.dat
1 16 -310 -144 80 0 0 1 0 1 0 -1 0 0 4213.dat
1 16 -300 -168 80 0 0 1 0 1 0 -1 0 0 3004.dat
1 15 -260 -144 80 0 0 1 0 1 0 -1 0 0 73664.dat
1 0 -230 -152 80 0 0 1 0 1 0 -1 0 0 4774.dat
1 33 -260 -144 110 0 0 1 0 1 0 -1 0 0 4770.dat
1 33 -260 -144 50 0 0 1 0 1 0 -1 0 0 4770.dat
1 0 -320 -152 70 0 0 1 0 1 0 -1 0 0 4592.dat
1 7 -320 -152 70 0 -0.259 0.966 0 0.966 0.259 -1 0 0 4593.dat
1 15 -330 -28 48 1 0 0 0 1 0 0 0 1 4624.dat
1 0 -330 -28 48 1 0 0 0 1 0 0 0 1 4084.dat
1 15 -190 -28 48 1 0 0 0 1 0 0 0 1 4624.dat
1 0 -190 -28 48 1 0 0 0 1 0 0 0 1 4084.dat
1 15 -190 -28 111 -1 0 0 0 1 0 0 0 -1 4624.dat
1 0 -190 -28 111 -1 0 0 0 1 0 0 0 -1 4084.dat
1 15 -130 -28 48 1 0 0 0 1 0 0 0 1 4624.dat
1 0 -130 -28 48 1 0 0 0 1 0 0 0 1 4084.dat
1 15 -130 -28 111 -1 0 0 0 1 0 0 0 -1 4624.dat
1 0 -130 -28 111 -1 0 0 0 1 0 0 0 -1 4084.dat
1 15 -330 -28 111 -1 0 0 0 1 0 0 0 -1 4624.dat
1 0 -330 -28 111 -1 0 0 0 1 0 0 0 -1 4084.dat
1 0 -239.912 -59 29.647 -0.966 0 -0.259 0 1 0 0.259 0 -0.966 3962.dat
1 7 -240.092 -67 128.049 -0.5 0 -0.866 0 1 0 0.866 0 -0.5 3835.dat
1 6 -99.243 -107 29.388 -1 0 0 0 1 0 0 0 -1 3836.dat
1 7 -100.105 -67 126.974 -0.966 0 -0.259 0 1 0 0.259 0 -0.966 3837.dat
1 16 -150 -168 70 1 0 0 0 1 0 0 0 1 4275.dat
1 16 -150 -168 90 1 0 0 0 1 0 0 0 1 4531.dat
1 16 -150 -168 70 1 0 0 0 1 0 0 0 1 4531.dat
1 16 -150 -168 90 1 0 0 0 1 0 0 0 1 4275.dat
1 7 -210 -168 80 1 0 0 0 1 0 0 0 1 4207.dat
1 7 -210 -176 80 1 0 0 0 1 0 0 0 1 4207.dat
1 7 -60 -72 70 1 0 0 0 1 0 0 0 1 4210.dat
1 0 20 -24 80 0 0 1 0 1 0 -1 0 0 4600.dat
1 0 0 -32 90 -1 0 0 0 1 0 0 0 -1 4276.dat
1 0 0 -32 70 -1 0 0 0 1 0 0 0 -1 4276.dat
1 0 20 -19.25 110 -1 0 0 0 1 0 0 0 -1 3641.dat
1 0 20 -19.25 50 -1 0 0 0 1 0 0 0 -1 3641.dat
1 15 20 -19.25 110 -1 0 0 0 1 0 0 0 -1 4624.dat
1 15 20 -19.25 50 1 0 0 0 1 0 0 0 1 4624.dat
1 15 -30 -28.5 80 0 -1 0 0 0 1 -1 0 0 4715.dat
1 0 30 -32 80 0 0 1 0 1 0 -1 0 0 3023.dat
1 16 0 -40 80 -1 0 0 0 1 0 0 0 -1 3022.dat
1 16 20 -48 80 0 0 -1 0 1 0 1 0 0 4211.dat
1 16 20 -64 80 -1 0 0 0 1 0 0 0 -1 3003.dat
1 16 -20 -48 80 0 0 1 0 1 0 -1 0 0 3731.dat
1 15 50 -64 90 0 0 -1 0 1 0 1 0 0 4070.dat
1 15 50 -64 70 0 0 -1 0 1 0 1 0 0 4070.dat
1 16 -10 -72 80 0 0 1 0 1 0 -1 0 0 3039.dat
1 16 30 -72 80 -1 0 0 0 1 0 0 0 -1 3021.dat
1 7 10 -72 50 0 0 1 0 1 0 -1 0 0 4599.dat
1 7 10 -72 110 0 0 1 0 1 0 -1 0 0 4599.dat
1 7 40 -96 80 0 0 1 0 1 0 -1 0 0 3062.dat
1 7 20 -96 80 0 0 1 0 1 0 -1 0 0 3062.dat
1 16 -10 -58 110 -1 0 0 0 1 0 0 0 -1 752.dat
1 16 -10 -58 110 -1 0 0 0 -1 0 0 0 1 755.dat
1 16 -10 -58 50 -1 0 0 0 1 0 0 0 -1 752.dat
1 16 -10 -58 50 -1 0 0 0 -1 0 0 0 1 755.dat
1 16 -10 -63.7495 109.9597 -1 0 0 0 0.999734 0.023055 0 0.023055 -0.999734 754.dat
1 16 -10 -66.2455 109.8295 -1 0 0 0 0.997919 0.06448 0 0.06448 -0.997919 754.dat
1 16 -10 -68.7335 109.593 -1 0 0 0 0.994201 0.107539 0 0.107539 -0.994201 754.dat
1 16 -10 -71.2066 109.2347 -1 0 0 0 0.98733 0.158677 0 0.158677 -0.98733 754.dat
1 16 -10 -73.6581 108.7503 -1 0 0 0 0.977951 0.208833 0 0.208833 -0.977951 754.dat
1 16 -10 -76.0792 108.133 -1 0 0 0 0.964711 0.263312 0 0.263312 -0.964711 754.dat
1 16 -10 -78.4603 107.3761 -1 0 0 0 0.947493 0.319777 0 0.319777 -0.947493 754.dat
1 16 -10 -80.7897 106.4731 -1 0 0 0 0.925359 0.379091 0 0.379091 -0.925359 754.dat
1 16 -10 -83.0529 105.4154 -1 0 0 0 0.896976 0.44208 0 0.44208 -0.896976 754.dat
1 16 -10 -85.2388 104.2057 -1 0 0 0 0.864896 0.501952 0 0.501952 -0.864896 754.dat
1 16 -10 -87.3252 102.8326 -1 0 0 0 0.821861 0.569688 0 0.569688 -0.821861 754.dat
1 16 -10 -89.3005 101.3037 -1 0 0 0 0.776848 0.629688 0 0.629688 -0.776848 754.dat
1 16 -10 -91.1444 99.6194 -1 0 0 0 0.721027 0.692907 0 0.692907 -0.721027 754.dat
1 16 -10 -92.8448 97.7901 -1 0 0 0 0.662941 0.748671 0 0.748671 -0.662941 754.dat
1 16 -10 -94.3794 95.8203 -1 0 0 0 0.593107 0.805123 0 0.805123 -0.593107 754.dat
1 16 -10 -95.7312 93.7211 -1 0 0 0 0.518636 0.854995 0 0.854995 -0.518636 754.dat
1 16 -10 -96.8945 91.5116 -1 0 0 0 0.442737 0.896651 0 0.896651 -0.442737 754.dat
1 16 -10 -97.8523 89.2058 -1 0 0 0 0.357806 0.933796 0 0.933796 -0.357806 754.dat
1 16 -10 -98.59 86.8206 -1 0 0 0 0.268339 0.963324 0 0.963324 -0.268339 754.dat
1 16 -10 -99.1138 84.3792 -1 0 0 0 0.184477 0.982837 0 0.982837 -0.184477 754.dat
1 16 -10 -99.3143 82.0973 -1 0 0 0 0.040209 0.999191 0 0.999191 -0.040209 756.dat
1 16 -10 -99.3807 77.8079 -1 0 0 0 0.10166 -0.994819 0 -0.994819 -0.10166 754.dat
1 16 -10 -99.0589 75.332 -1 0 0 0 0.192029 -0.981389 0 -0.981389 -0.192029 754.dat
1 16 -10 -98.5151 72.8951 -1 0 0 0 0.27738 -0.96076 0 -0.96076 -0.27738 754.dat
1 16 -10 -97.7538 70.5172 -1 0 0 0 0.368136 -0.929772 0 -0.929772 -0.368136 754.dat
1 16 -10 -96.7701 68.2222 -1 0 0 0 0.453056 -0.891482 0 -0.891482 -0.453056 754.dat
1 16 -10 -95.5834 66.0247 -1 0 0 0 0.525605 -0.850729 0 -0.850729 -0.525605 754.dat
1 16 -10 -94.2116 63.9384 -1 0 0 0 0.603227 -0.79757 0 -0.79757 -0.603227 754.dat
1 16 -10 -92.6536 61.9871 -1 0 0 0 0.67072 -0.741711 0 -0.741711 -0.67072 754.dat
1 16 -10 -90.934 60.1761 -1 0 0 0 0.728628 -0.68491 0 -0.68491 -0.728628 754.dat
1 16 -10 -89.0749 58.5082 -1 0 0 0 0.779481 -0.626426 0 -0.626426 -0.779481 754.dat
1 16 -10 -87.0888 56.9944 -1 0 0 0 0.830228 -0.557424 0 -0.557424 -0.830228 754.dat
1 16 -10 -84.9855 55.6465 -1 0 0 0 0.867792 -0.496927 0 -0.496927 -0.867792 754.dat
1 16 -10 -82.7923 54.4501 -1 0 0 0 0.899988 -0.435914 0 -0.435914 -0.899988 754.dat
1 16 -10 -80.522 53.4069 -1 0 0 0 0.927426 -0.374007 0 -0.374007 -0.927426 754.dat
1 16 -10 -78.1858 52.5211 -1 0 0 0 0.951224 -0.308502 0 -0.308502 -0.951224 754.dat
1 16 -10 -75.7968 51.7887 -1 0 0 0 0.966445 -0.256873 0 -0.256873 -0.966445 754.dat
1 16 -10 -73.3716 51.1876 -1 0 0 0 0.979325 -0.202293 0 -0.202293 -0.979325 754.dat
1 16 -10 -70.9173 50.7169 -1 0 0 0 0.987802 -0.155715 0 -0.155715 -0.987802 754.dat
1 16 -10 -68.4428 50.3676 -1 0 0 0 0.994744 -0.102398 0 -0.102398 -0.994744 754.dat
1 16 -10 -65.9533 50.1465 -1 0 0 0 0.998438 -0.055865 0 -0.055865 -0.998438 754.dat
1 16 -10 -63.6029 50.0354 -1 0 0 0 0.999756 -0.022088 0 -0.022088 -0.999756 754.dat
1 16 -30 -58 110 -1 0 0 0 1 0 0 0 -1 752.dat
1 16 -30 -58 110 -1 0 0 0 -1 0 0 0 1 755.dat
1 16 -30 -58 50 -1 0 0 0 1 0 0 0 -1 752.dat
1 16 -30 -58 50 -1 0 0 0 -1 0 0 0 1 755.dat
1 16 -30 -63.7495 109.9597 -1 0 0 0 0.999734 0.023055 0 0.023055 -0.999734 754.dat
1 16 -30 -66.2455 109.8295 -1 0 0 0 0.997919 0.06448 0 0.06448 -0.997919 754.dat
1 16 -30 -68.7335 109.593 -1 0 0 0 0.994201 0.107539 0 0.107539 -0.994201 754.dat
1 16 -30 -71.2066 109.2347 -1 0 0 0 0.98733 0.158677 0 0.158677 -0.98733 754.dat
1 16 -30 -73.6581 108.7503 -1 0 0 0 0.977951 0.208833 0 0.208833 -0.977951 754.dat
1 16 -30 -76.0792 108.133 -1 0 0 0 0.964711 0.263312 0 0.263312 -0.964711 754.dat
1 16 -30 -78.4603 107.3761 -1 0 0 0 0.947493 0.319777 0 0.319777 -0.947493 754.dat
1 16 -30 -80.7897 106.4731 -1 0 0 0 0.925359 0.379091 0 0.379091 -0.925359 754.dat
1 16 -30 -83.0529 105.4154 -1 0 0 0 0.896976 0.44208 0 0.44208 -0.896976 754.dat
1 16 -30 -85.2388 104.2057 -1 0 0 0 0.864896 0.501952 0 0.501952 -0.864896 754.dat
1 16 -30 -87.3252 102.8326 -1 0 0 0 0.821861 0.569688 0 0.569688 -0.821861 754.dat
1 16 -30 -89.3005 101.3037 -1 0 0 0 0.776848 0.629688 0 0.629688 -0.776848 754.dat
1 16 -30 -91.1444 99.6194 -1 0 0 0 0.721027 0.692907 0 0.692907 -0.721027 754.dat
1 16 -30 -92.8448 97.7901 -1 0 0 0 0.662941 0.748671 0 0.748671 -0.662941 754.dat
1 16 -30 -94.3794 95.8203 -1 0 0 0 0.593107 0.805123 0 0.805123 -0.593107 754.dat
1 16 -30 -95.7312 93.7211 -1 0 0 0 0.518636 0.854995 0 0.854995 -0.518636 754.dat
1 16 -30 -96.8945 91.5116 -1 0 0 0 0.442737 0.896651 0 0.896651 -0.442737 754.dat
1 16 -30 -97.8523 89.2058 -1 0 0 0 0.357806 0.933796 0 0.933796 -0.357806 754.dat
1 16 -30 -98.59 86.8206 -1 0 0 0 0.268339 0.963324 0 0.963324 -0.268339 754.dat
1 16 -30 -99.1138 84.3792 -1 0 0 0 0.184477 0.982837 0 0.982837 -0.184477 754.dat
1 16 -30 -99.3143 82.0973 -1 0 0 0 0.040209 0.999191 0 0.999191 -0.040209 756.dat
1 16 -30 -99.3807 77.8079 -1 0 0 0 0.10166 -0.994819 0 -0.994819 -0.10166 754.dat
1 16 -30 -99.0589 75.332 -1 0 0 0 0.192029 -0.981389 0 -0.981389 -0.192029 754.dat
1 16 -30 -98.5151 72.8951 -1 0 0 0 0.27738 -0.96076 0 -0.96076 -0.27738 754.dat
1 16 -30 -97.7538 70.5172 -1 0 0 0 0.368136 -0.929772 0 -0.929772 -0.368136 754.dat
1 16 -30 -96.7701 68.2222 -1 0 0 0 0.453056 -0.891482 0 -0.891482 -0.453056 754.dat
1 16 -30 -95.5834 66.0247 -1 0 0 0 0.525605 -0.850729 0 -0.850729 -0.525605 754.dat
1 16 -30 -94.2116 63.9384 -1 0 0 0 0.603227 -0.79757 0 -0.79757 -0.603227 754.dat
1 16 -30 -92.6536 61.9871 -1 0 0 0 0.67072 -0.741711 0 -0.741711 -0.67072 754.dat
1 16 -30 -90.934 60.1761 -1 0 0 0 0.728628 -0.68491 0 -0.68491 -0.728628 754.dat
1 16 -30 -89.0749 58.5082 -1 0 0 0 0.779481 -0.626426 0 -0.626426 -0.779481 754.dat
1 16 -30 -87.0888 56.9944 -1 0 0 0 0.830228 -0.557424 0 -0.557424 -0.830228 754.dat
1 16 -30 -84.9855 55.6465 -1 0 0 0 0.867792 -0.496927 0 -0.496927 -0.867792 754.dat
1 16 -30 -82.7923 54.4501 -1 0 0 0 0.899988 -0.435914 0 -0.435914 -0.899988 754.dat
1 16 -30 -80.522 53.4069 -1 0 0 0 0.927426 -0.374007 0 -0.374007 -0.927426 754.dat
1 16 -30 -78.1858 52.5211 -1 0 0 0 0.951224 -0.308502 0 -0.308502 -0.951224 754.dat
1 16 -30 -75.7968 51.7887 -1 0 0 0 0.966445 -0.256873 0 -0.256873 -0.966445 754.dat
1 16 -30 -73.3716 51.1876 -1 0 0 0 0.979325 -0.202293 0 -0.202293 -0.979325 754.dat
1 16 -30 -70.9173 50.7169 -1 0 0 0 0.987802 -0.155715 0 -0.155715 -0.987802 754.dat
1 16 -30 -68.4428 50.3676 -1 0 0 0 0.994744 -0.102398 0 -0.102398 -0.994744 754.dat
1 16 -30 -65.9533 50.1465 -1 0 0 0 0.998438 -0.055865 0 -0.055865 -0.998438 754.dat
1 16 -30 -63.6029 50.0354 -1 0 0 0 0.999756 -0.022088 0 -0.022088 -0.999756 754.dat
