0 
0 Name: New Model.ldr
0 Author: 
1 0 600 -7.989 659.667 1 0 0 0 0.997785 -0.066518 0 0.066518 0.997785 6157.dat
1 0 600 -6.659 639.712 0 0 1 0.066518 0.997785 0 -0.997785 0.066518 0 3020.dat
1 0 600 -7.989 539.401 1 0 0 0 0.997785 -0.066518 0 0.066518 0.997785 6157.dat
1 8 590 -15.971 659.135 0 0 -1 -0.066518 0.997785 0 0.997785 0.066518 0 44302.dat
1 8 610 -15.971 659.135 0 0 -1 -0.066518 0.997785 0 0.997785 0.066518 0 44302.dat
1 0 600 -10.65 579.312 0 0 1 0.066518 0.997785 0 -0.997785 0.066518 0 3795.dat
1 8 590 -20.404 698.166 1 0 0 0 0.896 -0.443 0 0.443 0.896 30552.dat
1 8 610 -20.404 698.166 1 0 0 0 0.896 -0.443 0 0.443 0.896 30552.dat
1 14 600 -23.288 648.625 0 0 1 0.066518 0.997785 0 -0.997785 0.066518 0 3021.dat
1 14 590 -20.628 608.714 0 0 1 0.066518 0.997785 0 -0.997785 0.066518 0 4081.dat
1 14 610 -20.628 608.714 0 0 -1 -0.066518 0.997785 0 0.997785 0.066518 0 4081.dat
1 14 590 -19.297 588.758 0 0 1 0.066518 0.997785 0 -0.997785 0.066518 0 4081.dat
1 14 610 -19.297 588.758 0 0 -1 -0.066518 0.997785 0 0.997785 0.066518 0 4081.dat
1 14 600 -17.302 558.825 1 0 0 0 0.997785 -0.066518 0 0.066518 0.997785 3022.dat
1 14 600 -15.306 528.891 1 0 0 0 0.997785 -0.066518 0 0.066518 0.997785 2540.dat
1 8 584 -11.581 503.082 0 0 1 -0.997785 0.066518 0 -0.066518 -0.997785 0 2555.dat
1 8 616 -11.581 503.082 0 0 1 -0.997785 0.066518 0 -0.066518 -0.997785 0 2555.dat
1 46 584 -11.049 495.099 1 0 0 0 0.067 0.998 0 -0.998 0.067 6141.dat
1 46 616 -11.049 495.099 1 0 0 0 0.067 0.998 0 -0.998 0.067 6141.dat
1 9 600 -31.936 658.071 -1 0 0 0 0.997785 0.066518 0 0.066518 -0.997785 41854.dat
1 9 600 -29.275 618.16 1 0 0 0 0.997785 -0.066518 0 0.066518 0.997785 41854.dat
1 9 600 -26.614 578.248 -1 0 0 0 0.997785 0.066518 0 0.066518 -0.997785 41854.dat
1 9 600 -23.954 538.337 1 0 0 0 0.997785 -0.066518 0 0.066518 0.997785 3022.dat
1 9 600 -39.918 657.539 0 0 1 0.066518 0.997785 0 -0.997785 0.066518 0 3020.dat
1 9 600 -35.262 587.694 0 0 1 0.066518 0.997785 0 -0.997785 0.066518 0 3021.dat
1 9 600 -31.936 537.805 1 0 0 0 0.997785 -0.066518 0 0.066518 0.997785 44674.dat
1 0 600 -46.57 637.051 0 0 1 0.066518 0.997785 0 -0.997785 0.066518 0 3020.dat
1 0 600 -40.583 547.25 1 0 0 0 0.997785 -0.066518 0 0.066518 0.997785 3023.dat
1 9 590 -31.271 527.827 1 0 0 0 0.997785 -0.066518 0 0.066518 0.997785 54200.dat
1 9 610 -31.271 527.827 1 0 0 0 0.997785 -0.066518 0 0.066518 0.997785 54200.dat
1 80 602 -79.829 654.878 1 0 0 0 0.997785 -0.066518 0 0.066518 0.997785 50943.dat
1 0 600 -53.222 616.563 1 0 0 0 0.997785 -0.066518 0 0.066518 0.997785 3022.dat
1 0 600 -63.865 655.942 -1 0 0 0 0.997785 0.066518 0 0.066518 -0.997785 47755.dat
1 0 600 -60.539 606.053 1 0 0 0 0.997785 -0.066518 0 0.066518 0.997785 3023.dat
1 9 590 -57.878 686.408 0 0 1 0.066518 0.997785 0 -0.997785 0.066518 0 2555.dat
1 9 610 -57.878 686.408 0 0 1 0.066518 0.997785 0 -0.997785 0.066518 0 2555.dat
1 9 600 -69.852 625.477 1 0 0 0 0.997785 -0.066518 0 0.066518 0.997785 2412.dat
1 0 600 -68.521 605.521 1 0 0 0 0.997785 -0.066518 0 0.066518 0.997785 47758.dat
1 0 600 -74.523 703.05 1 0 0 0 0.896378 -0.44329 0 0.44329 0.896378 48336.dat
1 0 600 -81.694 699.504 1 0 0 0 0.896378 -0.44329 0 0.44329 0.896378 3023.dat
1 9 600 -88.866 695.957 1 0 0 0 0.896378 -0.44329 0 0.44329 0.896378 2431.dat
1 7 560 -3 660 0 0 1 0.066518 0.997785 0 -0.997785 0.066518 0 6014.dat
1 7 640 -3 660 0 0 -1 -0.066518 0.997785 0 0.997785 0.066518 0 6014.dat
1 7 560 -3 539.734 0 0 1 0.066518 0.997785 0 -0.997785 0.066518 0 6014.dat
1 7 640 -3 539.734 0 0 -1 -0.066518 0.997785 0 0.997785 0.066518 0 6014.dat
1 256 554 -3 660 0 0 1 0.066518 0.997785 0 -0.997785 0.066518 0 60700.dat
1 256 646 -3 660 0 0 -1 -0.066518 0.997785 0 0.997785 0.066518 0 60700.dat
1 256 554 -3 539.734 0 0 1 0.066518 0.997785 0 -0.997785 0.066518 0 60700.dat
1 256 646 -3 539.734 0 0 -1 -0.066518 0.997785 0 0.997785 0.066518 0 60700.dat
