0 Main
0 Name: 1887-1 - Scout Patrol Ship.mpd
0 Author: LTRON
1 0 0 0 0 0 0 1 0 1 0 -1 0 0 2419.dat
1 0 60 0 0 0 0 -1 0 1 0 1 0 0 2419.dat
1 15 30 -8 -50 1 0 0 0 1 0 0 0 1 4596.dat
1 0 30 -8 -10 1 0 0 0 1 0 0 0 1 4504.dat
1 15 30 8 40 1 0 0 0 1 0 0 0 1 4032.dat
1 15 30 8 -40 1 0 0 0 1 0 0 0 1 4032.dat
1 15 70 8 0 1 0 0 0 1 0 0 0 1 4032.dat
1 15 -10 8 0 1 0 0 0 1 0 0 0 1 4032.dat
1 0 30 -8 30 1 0 0 0 1 0 0 0 1 4598.dat
1 0 30 -32 -10 1 0 0 0 1 0 0 0 1 6069.dat
1 0 30 -38 68 1 0 0 0 0 -1 0 1 0 4590.dat
1 0 30 -18 68 1 0 0 0 0 -1 0 1 0 3023.dat
1 15 30 -28 76 1 0 0 0 0 -1 0 1 0 4591.dat
1 42 60 -48 84 1 0 0 0 0 -1 0 1 0 4589.dat
1 42 0 -48 84 1 0 0 0 0 -1 0 1 0 4589.dat
1 42 30 -6 -120 -1 0 0 0 0 -1 0 -1 0 4740.dat
1 15 30 -40 -10 -1 0 0 0 1 0 0 0 -1 3069.dat
1 0 -66.186 -19.176 -10 0.92388 -0.382683 0 0.382683 0.92388 0 0 0 1 4276.dat
1 0 -72.3633 -30.3939 -10 0 -0.382683 0.92388 0 0.92388 0.382683 -1 0 0 2450.dat
1 42 -87.7795 -45.4386 10 0 -0.382683 0.92388 0 0.92388 0.382683 -1 0 0 6141.dat
1 0 126.186 -19.176 -10 -0.92388 0.382683 0 0.382683 0.92388 0 0 0 -1 4275.dat
1 0 132.3633 -30.3939 -10 0.92388 0.382683 0 -0.382683 0.92388 0 0 0 1 2450.dat
1 42 147.7795 -45.4386 10 0 0.382683 -0.92388 0 0.92388 0.382683 1 0 0 6141.dat
1 0 10.6972 -60.8292 -1.1245 -0.032399 -0.166811 -0.985 0.187726 0.966525 -0.17 0.981244 -0.190584 0 3962.dat
