0 
0 Name: New Model.ldr
0 Author: 
1 2 -198.8253 -16 -608.6867 0.865 0 0.501732 0 1 0 -0.501732 0 0.865 2441.dat
1 4 -173.6533 -24 -565.0888 0.865 0 0.501732 0 1 0 -0.501732 0 0.865 3022.dat
1 4 -224.007 -24 -652.2894 0.865 0 0.501732 0 1 0 -0.501732 0 0.865 3022.dat
1 4 -172.6757 -16 -623.795 0.501732 0 -0.865 0 1 0 0.865 0 0.501732 3623.dat
1 4 -224.9845 -16 -593.5832 0.501732 0 -0.865 0 1 0 0.865 0 0.501732 3623.dat
1 15 -188.7568 -24 -591.248 0.865 0 0.501732 0 1 0 -0.501732 0 0.865 3710.dat
1 15 -203.8598 -24 -617.4064 0.865 0 0.501732 0 1 0 -0.501732 0 0.865 3020.dat
1 4 -208.904 -32 -626.131 0.865 0 0.501732 0 1 0 -0.501732 0 0.865 3069.dat
1 15 -177.339 -48 -551.3354 -0.865 0 -0.501732 0 1 0 0.501732 0 -0.865 4070.dat
1 15 -159.8951 -48 -561.4127 -0.865 0 -0.501732 0 1 0 0.501732 0 -0.865 4070.dat
1 15 -198.8253 -48 -608.6867 -0.865 0 -0.501732 0 1 0 0.501732 0 -0.865 3004.dat
1 15 -224.007 -40 -652.2894 -0.865 0 -0.501732 0 1 0 0.501732 0 -0.865 3787.dat
1 15 -167.6412 -32 -615.0753 0.501732 0 -0.865 0 1 0 0.865 0 0.501732 3023.dat
1 15 -219.95 -32 -584.8635 0.501732 0 -0.865 0 1 0 0.865 0 0.501732 3023.dat
1 15 -175.0025 -64 -587.5628 0.501732 0 -0.865 0 1 0 0.865 0 0.501732 6081.dat
1 15 -192.442 -64 -577.4938 -0.501732 0 0.865 0 1 0 -0.865 0 -0.501732 6081.dat
1 15 -229.0415 -40 -661.0092 0.865 0 0.501732 0 1 0 -0.501732 0 0.865 3829.dat
1 15 -183.7223 -64 -582.5283 0.501732 0 -0.865 0 1 0 0.865 0 0.501732 3020.dat
1 15 -197.8477 -11 -667.3929 0.501732 0 -0.865 0 1 0 0.865 0 0.501732 4624.dat
1 0 -197.8477 -11 -667.3929 0.501732 0 -0.865 0 1 0 0.865 0 0.501732 3641.dat
1 15 -147.4901 -11 -580.2015 0.501732 0 -0.865 0 1 0 0.865 0 0.501732 4624.dat
1 0 -147.4901 -11 -580.2015 0.501732 0 -0.865 0 1 0 0.865 0 0.501732 3641.dat
1 15 -199.8125 -11 -549.9853 -0.501732 0 0.865 0 1 0 -0.865 0 -0.501732 4624.dat
1 0 -199.8125 -11 -549.9853 -0.501732 0 0.865 0 1 0 -0.865 0 -0.501732 3641.dat
1 15 -250.1707 -11 -637.1776 -0.501732 0 0.865 0 1 0 -0.865 0 -0.501732 4624.dat
1 0 -250.1707 -11 -637.1776 -0.501732 0 0.865 0 1 0 -0.865 0 -0.501732 3641.dat
