0 
0 Name: New Model.ldr
0 Author: 
1 15 240.966 -48 -161.741 -0.966 0 0.259 0 1 0 -0.259 0 -0.966 3035.dat
1 15 183.006 -56 -177.281 -0.966 0 0.259 0 1 0 -0.259 0 -0.966 3022.dat
1 15 206.806 -56 -150.191 -0.259 0 -0.966 0 1 0 0.966 0 -0.259 3023.dat
1 15 217.166 -56 -188.831 -0.259 0 -0.966 0 1 0 0.966 0 -0.259 3023.dat
1 15 313.766 -56 -162.931 -0.259 0 -0.966 0 1 0 0.966 0 -0.259 3023.dat
1 15 303.406 -56 -124.291 -0.259 0 -0.966 0 1 0 0.966 0 -0.259 3023.dat
1 15 271.836 -56 -122.401 -0.966 0 0.259 0 1 0 -0.259 0 -0.966 3023.dat
1 15 287.376 -56 -180.361 -0.966 0 0.259 0 1 0 -0.259 0 -0.966 3023.dat
1 15 291.156 -64 -117.221 -0.966 0 0.259 0 1 0 -0.259 0 -0.966 3023.dat
1 15 306.696 -64 -175.181 -0.966 0 0.259 0 1 0 -0.259 0 -0.966 3023.dat
1 15 308.586 -64 -143.611 -0.259 0 -0.966 0 1 0 0.966 0 -0.259 3023.dat
1 47 211.986 -80 -169.511 -0.259 0 -0.966 0 1 0 0.966 0 -0.259 3010.dat
1 15 308.586 -40 -143.611 -0.259 0 -0.966 0 1 0 0.966 0 -0.259 3010.dat
1 15 236.486 -40 -183.651 0.966 0 -0.259 0 1 0 0.259 0 0.966 3002.dat
1 15 226.126 -40 -145.011 0.966 0 -0.259 0 1 0 0.259 0 0.966 3002.dat
1 15 183.006 -40 -177.281 0.259 0 0.966 0 1 0 -0.966 0 0.259 3137.dat
1 15 279.606 -40 -151.381 0.259 0 0.966 0 1 0 -0.966 0 0.259 3137.dat
1 0 289.266 -80 -148.791 0.259 0 0.966 0 1 0 -0.966 0 0.259 15.dat
