0 
0 Name: New Model.ldr
0 Author: 
1 0 440 -20 -40 0.707107 0 0.707107 0 1 0 -0.707107 0 0.707107 122.dat
1 15 440 -28 -40 0.707107 0 0.707107 0 1 0 -0.707107 0 0.707107 3022.dat
1 0 440 -36 -40 -0.707107 0 -0.707107 0 1 0 0.707107 0 -0.707107 3640.dat
1 15 461.2132 -44 -18.7868 -0.707107 0 -0.707107 0 1 0 0.707107 0 -0.707107 3023.dat
1 15 418.7868 -44 -61.2132 -0.707107 0 -0.707107 0 1 0 0.707107 0 -0.707107 2342.dat
1 15 424.6317 -83.71 -55.3683 0.656199 -0.263445 -0.707107 0.372567 0.928005 0 0.656199 -0.263445 0.707107 3070.dat
1 36 411.7157 -58 -68.2843 -0.707107 -0.707107 0 0 0 -1 0.707107 -0.707107 0 6141.dat
1 36 406.0589 -58 -73.9411 -0.707107 -0.707107 0 0 0 -1 0.707107 -0.707107 0 4740.dat
1 256 461.2132 -14 -61.2132 0.707107 0 -0.707107 0 1 0 0.707107 0 0.707107 3641.dat
1 256 418.7868 -14 -18.7868 -0.707107 0 0.707107 0 1 0 -0.707107 0 -0.707107 3641.dat
1 15 528.3485 -28 113.292 -0.382684 0 0.92388 0 1 0 -0.92388 0 -0.382684 3034.dat
1 0 505.3875 -20 57.8592 -0.92388 0 -0.382684 0 1 0 0.382684 0 -0.92388 122.dat
1 256 533.1039 -14 46.3787 0.382684 0 -0.92388 0 1 0 0.92388 0 0.382684 3641.dat
1 256 477.6711 -14 69.3397 -0.382684 0 0.92388 0 1 0 -0.92388 0 -0.382684 3641.dat
1 0 551.3096 -20 168.7248 -0.92388 0 -0.382684 0 1 0 0.382684 0 -0.92388 122.dat
1 256 579.0259 -14 157.2443 0.382684 0 -0.92388 0 1 0 0.92388 0 0.382684 3641.dat
1 256 523.5932 -14 180.2053 -0.382684 0 0.92388 0 1 0 -0.92388 0 -0.382684 3641.dat
1 0 505.3875 -36 57.8592 0.92388 0 0.382684 0 1 0 -0.382684 0 0.92388 3639.dat
1 0 543.6559 -36 150.2472 -0.382684 0 0.92388 0 1 0 -0.92388 0 -0.382684 3795.dat
1 15 558.9633 -44 187.2024 -0.382684 0 0.92388 0 1 0 -0.92388 0 -0.382684 3022.dat
1 15 513.0411 -44 76.3368 -0.382684 0 0.92388 0 1 0 -0.92388 0 -0.382684 3022.dat
1 15 536.0022 -44 131.7696 -0.92388 0 -0.382684 0 1 0 0.382684 0 -0.92388 3032.dat
1 15 501.5606 -60 48.6204 0.92388 0 0.382684 0 1 0 -0.382684 0 0.92388 3039.dat
1 15 586.023 -68 121.8742 -0.92388 0 -0.382684 0 1 0 0.382684 0 -0.92388 3040.dat
1 15 493.6351 -68 160.1426 -0.92388 0 -0.382684 0 1 0 0.382684 0 -0.92388 3040.dat
1 15 478.3277 -68 123.1874 -0.92388 0 -0.382684 0 1 0 0.382684 0 -0.92388 3005.dat
1 15 570.7157 -68 84.919 -0.92388 0 -0.382684 0 1 0 0.382684 0 -0.92388 3005.dat
