0 
0 Name: New Model.ldr
0 Author: 
1 0 230 9 -200 0.382684 0 -0.92388 0 1 0 0.92388 0 0.382684 4600.dat
1 0 193.0448 9 -184.6926 0.382684 0 -0.92388 0 1 0 0.92388 0 0.382684 4600.dat
1 15 211.5224 1 -192.3463 0.92388 0 0.382684 0 1 0 -0.382684 0 0.92388 3020.dat
1 15 239.2388 -7 -203.8268 -0.382684 0 0.92388 0 1 0 -0.92388 0 -0.382684 2342.dat
1 15 241.4805 14 -172.2836 -0.92388 0 -0.382684 0 1 0 0.382684 0 -0.92388 4624.dat
1 256 241.4805 14 -172.2836 -0.92388 0 -0.382684 0 1 0 0.382684 0 -0.92388 3641.dat
1 15 204.5253 14 -156.9762 -0.92388 0 -0.382684 0 1 0 0.382684 0 -0.92388 4624.dat
1 256 204.5253 14 -156.9762 -0.92388 0 -0.382684 0 1 0 0.382684 0 -0.92388 3641.dat
1 15 181.5643 14 -212.409 0.92388 0 0.382684 0 1 0 -0.382684 0 0.92388 4624.dat
1 256 181.5643 14 -212.409 0.92388 0 0.382684 0 1 0 -0.382684 0 0.92388 3641.dat
1 15 218.5195 14 -227.7164 0.92388 0 0.382684 0 1 0 -0.382684 0 0.92388 4624.dat
1 256 218.5195 14 -227.7164 0.92388 0 0.382684 0 1 0 -0.382684 0 0.92388 3641.dat
1 36 248.4776 -21 -207.6537 0 0.92388 0.382684 -1 0 0 0 -0.382684 0.92388 3062.dat
1 0 246.1271 -31 -187.197 0.653282 -0.382684 -0.653282 0.707107 0 0.707107 -0.270599 -0.92388 0.270599 4592.dat
1 0 246.1271 -31 -187.197 0.653282 0.457107 -0.603554 0.707107 -0.653281 0.270598 -0.270599 -0.603553 -0.750001 4593.dat
1 0 232.3505 -31 -220.4567 0.653282 0.382684 0.653282 0.707107 0 -0.707107 -0.270599 0.92388 -0.270599 4592.dat
1 0 232.3505 -31 -220.4567 0.653282 0.75 -0.103554 0.707107 -0.653281 -0.270598 -0.270599 0.103553 -0.957108 4593.dat
