0 Main
0 Name: 31040-1 - Desert Racers - Dune Buggy.ldr
0 Author: LTRON
1 0 0 -39.57 -115.977 0 0 1 0.139 0.99 0 -0.99 0.139 0 3795.dat
1 14 0 -39.99 -55.465 0 0 1 0.139 0.99 0 -0.99 0.139 0 3022.dat
1 4 0 -49.3 -46.677 -1 0 0 0 0.99 0.139 0 0.139 -0.99 3023.dat
1 72 0 -35.82 -85.165 -1 0 0 0 0.99 0.139 0 0.139 -0.99 3023.dat
1 72 0 -27.48 -144.565 -1 0 0 0 0.99 0.139 0 0.139 -0.99 3023.dat
1 72 0 -33.04 -104.965 -1 0 0 0 0.99 0.139 0 0.139 -0.99 3710.dat
1 72 0 -30.26 -124.765 -1 0 0 0 0.99 0.139 0 0.139 -0.99 3710.dat
1 0 0 -31.23 -175.377 -1 0 0 0 0.99 0.139 0 0.139 -0.99 6157.dat
1 0 0 -29.84 -185.277 1 0 0 0 0.99 -0.139 0 0.139 0.99 99780.dat
1 4 30 -39.57 -115.977 0 0 -1 -0.139 0.99 0 0.99 0.139 0 3023.dat
1 4 -30 -39.57 -115.977 0 0 -1 -0.139 0.99 0 0.99 0.139 0 3023.dat
1 4 0 -63.75 -58.801 1 0 0 0 0.99 -0.139 0 0.139 0.99 60212.dat
1 4 0 -47.49 -117.089 1 0 0 0 0.99 -0.139 0 0.139 0.99 3020.dat
1 4 0 -51.66 -87.389 1 0 0 0 0.99 -0.139 0 0.139 0.99 3023.dat
1 4 0 -65.14 -48.901 -1 0 0 0 0.99 0.139 0 0.139 -0.99 2436.dat
1 14 0 -39.15 -176.489 -1 0 0 0 0.99 0.139 0 0.139 -0.99 3022.dat
1 0 0 -73.06 -50.013 -1 0 0 0 0.99 0.139 0 0.139 -0.99 99780.dat
1 40 -10 -76.81 -80.825 0 0 -1 -0.139 0.99 0 0.99 0.139 0 3065.dat
1 40 10 -76.81 -80.825 0 0 -1 -0.139 0.99 0 0.99 0.139 0 3065.dat
1 4 0 -80.98 -51.125 1 0 0 0 0.99 -0.139 0 0.139 0.99 3023.dat
1 0 -30 -55.41 -118.201 0 0 1 0.139 0.99 0 -0.99 0.139 0 2412.dat
1 0 30 -55.41 -118.201 0 0 1 0.139 0.99 0 -0.99 0.139 0 2412.dat
1 19 0 -72.64 -110.525 -1 0 0 0 0.99 0.139 0 0.139 -0.99 4865.dat
1 19 0 -69.86 -130.325 1 0 0 0 0.99 -0.139 0 0.139 0.99 4865.dat
1 71 0 -48.46 -167.701 -1 0 0 0 0.99 0.139 0 0.139 -0.99 11476.dat
1 71 0 -49.26 -147.623 1 0 0 0 0.945631 -0.325588 0 0.325588 0.945631 30031.dat
1 0 -10 -39.15 -176.489 1 0 0 0 0.99 -0.139 0 0.139 0.99 11477.dat
1 0 10 -39.15 -176.489 1 0 0 0 0.99 -0.139 0 0.139 0.99 11477.dat
1 4 -10 -79.59 -61.025 -1 0 0 0 0.99 0.139 0 0.139 -0.99 61409.dat
1 4 10 -79.59 -61.025 -1 0 0 0 0.99 0.139 0 0.139 -0.99 61409.dat
1 4 -10 -83.34 -91.837 0 0 -1 -0.139 0.99 0 0.99 0.139 0 15712.dat
1 4 10 -83.34 -91.837 0 0 -1 -0.139 0.99 0 0.99 0.139 0 15712.dat
1 46 -10 -28.762 -207.335 0.868 0 -0.496 -0.49104 -0.139 -0.85932 -0.068944 0.99 -0.120652 6141.dat
1 46 10 -28.762 -207.335 0.868 0 -0.496 -0.49104 -0.139 -0.85932 -0.068944 0.99 -0.120652 6141.dat
1 72 0 -81.0173 -121.5016 0 -1 0 -0.27522 0 -0.960779 0.960779 0 -0.27522 62113.dat
1 72 0 -68.198 -27.121 -1 0 0 0 0.139 -0.99 0 -0.99 -0.139 15535.dat
1 36 30 -58.298 -25.731 -1 0 0 0 0.139 -0.99 0 -0.99 -0.139 3070.dat
1 36 -30 -58.298 -25.731 -1 0 0 0 0.139 -0.99 0 -0.99 -0.139 3070.dat
1 14 0 -32.07 -54.353 0 0 1 0.139 0.99 0 -0.99 0.139 0 3022.dat
1 0 0 -32.07 -54.353 -1 0 0 0 0.99 0.139 0 0.139 -0.99 6157.dat
1 0 35.916 -100.4628 -116.6756 0.868 0 0.496 0.476499 -0.27522 -0.834581 0.136559 0.960779 -0.23933 60475.dat
1 47 35.916 -98.2598 -124.3637 0.868 0 0.496 0.476499 -0.27522 -0.834581 0.136559 0.960779 -0.23933 98138.dat
1 47 -35.916 -98.2598 -124.3637 0.868 0 -0.496 -0.476499 -0.27522 -0.834581 -0.136559 0.960779 -0.23933 98138.dat
1 0 -35.916 -100.4628 -116.6756 0.868 0 -0.496 -0.476499 -0.27522 -0.834581 -0.136559 0.960779 -0.23933 60475.dat
1 71 40 -27.12 -53.658 0 0 -1 0.139 -0.99 0 -0.99 -0.139 0 93593.dat
1 71 40 -26.28 -174.682 0 0 -1 0.139 -0.99 0 -0.99 -0.139 0 93593.dat
1 71 -40 -26.28 -174.682 0 0 1 -0.139 -0.99 0 0.99 -0.139 0 93593.dat
1 71 -40 -27.12 -53.658 0 0 1 -0.139 -0.99 0 0.99 -0.139 0 93593.dat
