0 
0 Name: New Model.ldr
0 Author: 
1 14 -148.508 -21.524 -60 0 -0.292 -0.956 0 0.956 -0.292 1 0 0 3034.dat
1 19 -151.06 -47.388 -130 0.956 -0.292 0 0.292 0.956 0 0 0 1 87087.dat
1 19 -131.94 -41.548 -130 0.956 -0.292 0 0.292 0.956 0 0 0 1 87087.dat
1 71 -146.172 -29.172 -110 0.956 -0.292 0 0.292 0.956 0 0 0 1 3069.dat
1 19 -131.94 -41.548 -90 0 -0.292 -0.956 0 0.956 -0.292 1 0 0 87087.dat
1 19 -151.06 -47.388 -90 0 -0.292 0.956 0 0.956 0.292 -1 0 0 87087.dat
1 70 -155.732 -32.092 -60 0 -0.292 0.956 0 0.956 0.292 -1 0 0 3023.dat
1 70 -136.612 -26.252 -60 0 -0.292 0.956 0 0.956 0.292 -1 0 0 3023.dat
1 19 -131.94 -41.548 -30 0 -0.292 -0.956 0 0.956 -0.292 1 0 0 87087.dat
1 19 -151.06 -47.388 -30 0 -0.292 0.956 0 0.956 0.292 -1 0 0 87087.dat
1 71 -146.172 -29.172 -10 0.956 -0.292 0 0.292 0.956 0 0 0 1 3069.dat
1 19 -131.94 -41.548 10 -0.956 -0.292 0 -0.292 0.956 0 0 0 -1 87087.dat
1 19 -151.06 -47.388 10 -0.956 -0.292 0 -0.292 0.956 0 0 0 -1 87087.dat
1 14 -153.98 -37.828 20 0.292 0 0.956 -0.956 0 0.292 0 -1 0 54200.dat
1 14 -134.86 -31.988 20 -0.292 0 -0.956 0.956 0 -0.292 0 -1 0 54200.dat
1 14 -153.98 -37.828 -140 -0.292 0 0.956 0.956 0 0.292 0 1 0 54200.dat
1 14 -134.86 -31.988 -140 0.292 0 -0.956 -0.956 0 -0.292 0 1 0 54200.dat
1 14 -139.164 -52.116 -90 -0.956 -0.292 0 -0.292 0.956 0 0 0 -1 3069.dat
1 14 -139.164 -52.116 -30 -0.956 -0.292 0 -0.292 0.956 0 0 0 -1 3069.dat
1 14 -171.188 -43.084 -60 0 0.956 0.292 0 0.292 -0.956 -1 0 0 3710.dat
1 14 -178.836 -45.42 -60 0 0.956 0.292 0 0.292 -0.956 -1 0 0 3023.dat
1 14 -186.484 -47.756 -20 -0.292 0.956 0 0.956 0.292 0 0 0 -1 61678.dat
1 14 -186.484 -47.756 -100 0.292 0.956 0 -0.956 0.292 0 0 0 1 61678.dat
1 14 -117.652 -26.732 -60 0 -0.956 0.292 0 -0.292 -0.956 1 0 0 3710.dat
1 14 -110.004 -24.396 -60 0 -0.956 0.292 0 -0.292 -0.956 1 0 0 3023.dat
1 14 -102.356 -22.06 -100 -0.292 -0.956 0 0.956 -0.292 0 0 0 1 61678.dat
1 14 -102.356 -22.06 -20 0.292 -0.956 0 -0.956 -0.292 0 0 0 -1 61678.dat
1 46 -150.844 -13.876 -120 -0.956 -0.292 0 -0.292 0.956 0 0 0 -1 2654.dat
1 46 -150.844 -13.876 0 -0.956 -0.292 0 -0.292 0.956 0 0 0 -1 2654.dat
1 70 -137.996 -55.94 -110 -0.828672 0 -0.558304 -0.558304 0 0.828672 0 1 0 2542.dat
