0 Main
0 Name: 8838-1 - Shock Cycle - Trike.mpd
0 Author: LTRON
1 14 0 -1.391 1.705 1 0 0 0 0.992 -0.128 0 0.128 0.992 3460.dat
1 7 0 -25.199 -1.367 1 0 0 0 0.992 -0.128 0 0.128 0.992 3700.dat
1 0 0 -12.911 90.985 1 0 0 0 0.992 -0.128 0 0.128 0.992 3709.dat
1 0 0 -37.999 97.833 1 0 0 0 0.992 -0.128 0 0.128 0.992 3702.dat
1 0 0 -21.679 49.513 0 0 1 0.128 0.992 0 -0.992 0.128 0 3707.dat
1 7 0 -12.719 -19.927 1 0 0 0 0.992 -0.128 0 0.128 0.992 3647.dat
1 7 0 -17.199 14.793 1 0 0 0 0.992 -0.128 0 0.128 0.992 4265.dat
1 0 30 -26.479 8.553 0 0 -1 -0.128 0.992 0 0.992 0.128 0 3702.dat
1 0 -30 -26.479 8.553 0 0 -1 -0.128 0.992 0 0.992 0.128 0 3702.dat
1 0 0 -34.415 7.529 1 0 0 0 0.992 -0.128 0 0.128 0.992 3709.dat
1 0 0 -45.935 96.809 1 0 0 0 0.992 -0.128 0 0.128 0.992 3023.dat
1 0 30 -42.095 67.049 0 0 1 0.128 0.992 0 -0.992 0.128 0 3710.dat
1 0 -30 -42.095 67.049 0 0 1 0.128 0.992 0 -0.992 0.128 0 3710.dat
1 0 0 -8.879 -49.687 -1 0 0 0 0.992 0.128 0 0.128 -0.992 3707.dat
1 7 50 -8.879 -49.687 0 0 1 -0.992 0.128 0 -0.128 -0.992 0 3713.dat
1 7 -50 -8.879 -49.687 0 0 -1 -0.992 -0.128 0 -0.128 0.992 0 3713.dat
1 0 -70 -18.799 -50.967 0 0 -1 -0.128 0.992 0 0.992 0.128 0 2730.dat
1 0 -60 1.361 -129.047 1 0 0 0 0.992 -0.128 0 0.128 0.992 3705.dat
1 0 -90 -13.999 -10.007 1 0 0 0 0.992 -0.128 0 0.128 0.992 3706.dat
1 7 -90 -13.999 -10.007 0 0 1 0.128 0.992 0 -0.992 0.128 0 3648.dat
1 7 -110 -13.999 -10.007 0 0 -1 0.992 0.128 0 0.128 -0.992 0 3713.dat
1 7 -90 1.361 -129.047 0 0 1 0.992 -0.128 0 0.128 0.992 0 3713.dat
1 7 -60 -16.559 9.833 1 0 0 0 -0.565184 0.82528 0 -0.82528 -0.565184 3749.dat
1 0 -50 -38.106 -199.3693 0 0 -1 0.377696 0.926144 0 0.926144 -0.377696 0 2730.dat
1 7 -30 1.361 -129.047 0 0 -1 0.992 0.128 0 0.128 -0.992 0 3713.dat
1 7 -50 -13.999 -10.007 0 0 -1 0.992 0.128 0 0.128 -0.992 0 3713.dat
1 16 -50 -55.6634 -11.8704 0 0 1 -0.82528 -0.565184 0 0.565184 -0.82528 0 2909.dat
1 16 -50 -123.4855 -110.904 0 0 1 -0.82528 -0.565184 0 0.565184 -0.82528 0 2910.dat
1 7 -60 -123.5385 -110.8604 -1 0 0 0 0.976128 -0.217952 0 -0.217952 -0.976128 3749.dat
1 7 0 -23.5581 -190.1784 0 0 -1 -0.926144 0.377696 0 0.377696 0.926144 0 2850.dat
1 7 20 4.7849 -173.6526 1 0 0 0 0.377696 -0.926144 0 0.926144 0.377696 3749.dat
1 7 -20 4.7849 -173.6526 -1 0 0 0 0.377696 0.926144 0 0.926144 -0.377696 3749.dat
1 7 -20 -32.2609 -158.5448 -1 0 0 0 0.377696 0.926144 0 0.926144 -0.377696 4274.dat
1 7 20 -32.2609 -158.5448 1 0 0 0 0.377696 -0.926144 0 0.926144 0.377696 4274.dat
1 0 30 -36.0378 -167.8062 0 0 1 0.926144 0.377696 0 -0.377696 0.926144 0 3894.dat
1 7 30 -20.5365 -182.7693 0 0 1 0.926144 0.377696 0 -0.377696 0.926144 0 3023.dat
1 7 30 -23.5581 -190.1784 0 0 1 0.926144 0.377696 0 -0.377696 0.926144 0 3023.dat
1 7 -30 -23.5581 -190.1784 0 0 1 0.926144 0.377696 0 -0.377696 0.926144 0 3023.dat
1 7 -30 -20.5365 -182.7693 0 0 1 0.926144 0.377696 0 -0.377696 0.926144 0 3023.dat
1 0 -30 -36.0378 -167.8062 0 0 1 0.926144 0.377696 0 -0.377696 0.926144 0 3894.dat
1 0 40 -13.738 -166.0987 -1 0 0 0 0.377696 0.926144 0 0.926144 -0.377696 2780.dat
1 0 -40 -13.738 -166.0987 -1 0 0 0 0.377696 0.926144 0 0.926144 -0.377696 2780.dat
1 0 30 -32.6228 -212.4059 0 0 -1 -0.926144 0.377696 0 0.377696 0.926144 0 3700.dat
1 0 -30 -32.6228 -212.4059 0 0 -1 -0.926144 0.377696 0 0.377696 0.926144 0 3700.dat
1 0 40 -28.8458 -203.1444 -1 0 0 0 0.377696 0.926144 0 0.926144 -0.377696 2780.dat
1 0 -40 -28.8458 -203.1444 -1 0 0 0 0.377696 0.926144 0 0.926144 -0.377696 2780.dat
1 0 70 1.361 -129.047 1 0 0 0 0.926144 0.377696 0 -0.377696 0.926144 3706.dat
1 7 0 1.361 -129.047 0 0 -1 0.377696 0.926144 0 0.926144 -0.377696 0 2853.dat
1 7 0 -2.416 -138.3084 0 0 -1 -0.926144 0.377696 0 0.377696 0.926144 0 2852.dat
1 8 0 -17.5238 -175.3542 -1 0 0 0 0.377696 0.926144 0 0.926144 -0.377696 2851.dat
1 7 30 1.361 -129.047 0 0 1 0.926144 0.377696 0 -0.377696 0.926144 0 3713.dat
1 7 -50 -75.7197 -270.4479 0 0 1 -0.377696 0.926144 0 -0.926144 -0.377696 0 3710.dat
1 0 0 -53.2083 -236.4194 1 0 0 0 0.926144 0.377696 0 -0.377696 0.926144 2904.dat
1 0 0 -34.7578 -254.7456 0 0 1 -0.377696 0.926144 0 -0.926144 -0.377696 0 3021.dat
1 0 0 -43.9468 -240.1964 -1 0 0 0 0.926144 -0.377696 0 -0.377696 -0.926144 3706.dat
1 7 30 -43.9468 -240.1964 0 0 -1 0.926144 -0.377696 0 -0.377696 -0.926144 0 3713.dat
1 7 -30 -43.9468 -240.1964 0 0 1 0.926144 0.377696 0 -0.377696 0.926144 0 3713.dat
1 0 50 -38.106 -199.3693 0 0 1 -0.377696 0.926144 0 -0.926144 -0.377696 0 2730.dat
1 7 50 -75.7197 -270.4479 0 0 1 -0.377696 0.926144 0 -0.926144 -0.377696 0 3710.dat
1 7 0 -56.8425 -224.1367 -1 0 0 0 0.926144 -0.377696 0 -0.377696 -0.926144 3666.dat
1 0 70 -18.799 -50.967 0 0 -1 -0.128 0.992 0 0.992 0.128 0 2730.dat
1 0 90 -13.999 -10.007 -1 0 0 0 0.992 0.128 0 0.128 -0.992 3706.dat
1 7 60 -16.559 9.833 -1 0 0 0 0.82528 -0.565184 0 -0.565184 -0.82528 3749.dat
1 7 50 -13.999 -10.007 0 0 1 0.992 -0.128 0 0.128 0.992 0 3713.dat
1 16 50 -55.6634 -11.8704 0 0 1 -0.82528 -0.565184 0 0.565184 -0.82528 0 2909.dat
1 16 50 -123.4855 -110.904 0 0 1 -0.82528 -0.565184 0 0.565184 -0.82528 0 2910.dat
1 7 60 -123.5385 -110.8604 1 0 0 0 0.976128 0.217952 0 -0.217952 0.976128 3749.dat
1 7 90 -13.999 -10.007 0 0 -1 -0.128 0.992 0 0.992 0.128 0 3648.dat
1 7 110 -13.999 -10.007 0 0 1 0.992 -0.128 0 0.128 0.992 0 3713.dat
1 0 0 -59.0485 -277.2433 1 0 0 0 0.926144 0.377696 0 -0.377696 0.926144 3707.dat
1 0 0 -69.3149 -143.443 1 0 0 0 0.926144 0.377696 0 -0.377696 0.926144 3706.dat
1 14 50 -26.735 -51.991 1 0 0 0 0.992 -0.128 0 0.128 0.992 3021.dat
1 14 -50 -26.735 -51.991 1 0 0 0 0.992 -0.128 0 0.128 0.992 3021.dat
1 14 70 -123.5385 -110.8604 0 -1 0 -0.217952 0 0.976128 -0.976128 0 -0.217952 2825.dat
1 14 -70 -123.5385 -110.8604 0 1 0 0.217952 0 0.976128 0.976128 0 -0.217952 2825.dat
1 0 -10 -92.1349 -199.8433 0 0 -1 0.217742 0.976253 0 0.976253 -0.217742 0 3702.dat
1 0 10 -92.1349 -199.8433 0 0 -1 0.217742 0.976253 0 0.976253 -0.217742 0 3702.dat
1 0 0 -82.3727 -202.0217 1 0 0 0 0.976253 0.217742 0 -0.217742 0.976253 2780.dat
1 0 -20 -95.4393 -260.5939 1 0 0 0 0.976253 0.217742 0 -0.217742 0.976253 2780.dat
1 0 20 -95.4393 -260.5939 1 0 0 0 0.976253 0.217742 0 -0.217742 0.976253 2780.dat
1 0 0 -78.0183 -182.4975 1 0 0 0 0.976253 0.217742 0 -0.217742 0.976253 3706.dat
1 7 30 -78.0183 -182.4975 0 0 -1 -0.976253 0.217742 0 0.217742 0.976253 0 3713.dat
1 7 -30 -78.0183 -182.4975 0 0 1 -0.976253 -0.217742 0 0.217742 -0.976253 0 3713.dat
1 7 -30 -81.4136 -278.0153 0 0 1 0.909355 0.416216 0 -0.416216 0.909355 0 3701.dat
1 7 30 -81.4136 -278.0153 0 0 1 0.909355 0.416216 0 -0.416216 0.909355 0 3701.dat
1 0 50 -64.9517 -123.9253 0 -1 0 -0.976253 0 -0.217742 0.217742 0 -0.976253 2825.dat
1 0 -50 -64.9517 -123.9253 0 1 0 0.976253 0 -0.217742 -0.217742 0 -0.976253 2825.dat
1 7 90 1.361 -129.047 0 0 1 -0.377696 0.926144 0 -0.926144 -0.377696 0 4019.dat
1 7 60 -67.1386 -133.6801 0 0 -1 -0.217952 -0.976128 0 -0.976128 0.217952 0 2853.dat
1 7 -60 -67.1386 -133.6801 0 0 1 -0.217952 0.976128 0 -0.976128 -0.217952 0 2853.dat
1 7 -55 -78.0192 -182.4934 0 0 -1 0.526624 0.85056 0 0.85056 -0.526624 0 4265.dat
1 7 55 -78.0192 -182.4934 0 0 1 -0.217952 0.976128 0 -0.976128 -0.217952 0 4265.dat
1 7 65 -59.0485 -277.2433 0 0 1 -0.377696 0.926144 0 -0.926144 -0.377696 0 4265.dat
1 7 -65 -59.0485 -277.2433 0 0 -1 0.377696 0.926144 0 0.926144 -0.377696 0 4265.dat
1 0 0 -83.5318 -308.886 0 0 -1 -0.790976 0.611968 0 0.611968 0.790976 0 3705.dat
1 0 0 -88.2403 -355.8308 1 0 0 0 0.790976 0.611968 0 -0.611968 0.790976 2905.dat
1 0 -40 -100.1049 -346.6513 0 -1 0 0.790976 0 0.611968 -0.611968 0 0.790976 3706.dat
1 0 40 -100.1049 -346.6513 0 -1 0 0.790976 0 0.611968 -0.611968 0 0.790976 3706.dat
1 0 -20 -100.1049 -346.6513 0 -1 0 0.790976 0 0.611968 -0.611968 0 0.790976 3705.dat
1 0 20 -100.1049 -346.6513 0 -1 0 0.790976 0 0.611968 -0.611968 0 0.790976 3705.dat
1 7 -20 -100.1049 -346.6513 0 -1 0 0.611968 0 -0.790976 0.790976 0 0.611968 3713.dat
1 7 -20 -115.9244 -334.412 0 1 0 0.611968 0 0.790976 0.790976 0 -0.611968 3713.dat
1 7 20 -115.9244 -334.412 0 1 0 0.611968 0 0.790976 0.790976 0 -0.611968 3713.dat
1 7 20 -100.1049 -346.6513 0 -1 0 0.611968 0 -0.790976 0.790976 0 0.611968 3713.dat
1 0 0 -127.7891 -325.2325 1 0 0 0 0.790976 0.611968 0 -0.611968 0.790976 2905.dat
1 7 0 -111.2195 -287.4626 1 0 0 0 0.611968 -0.790976 0 0.790976 0.611968 4265.dat
1 7 0 -55.845 -330.3096 1 0 0 0 -0.611968 0.790976 0 -0.790976 -0.611968 4265.dat
1 0 0 -156.2188 -313.7738 1 0 0 0 0.073763 -0.99748 0 0.99748 0.073763 2817.dat
1 0 0 -155.481 -303.8004 1 0 0 0 0.790976 0.611968 0 -0.611968 0.790976 3706.dat
1 7 25 -155.481 -303.8004 0 0 -1 0.611968 0.790976 0 0.790976 -0.611968 0 4265.dat
1 7 -25 -155.481 -303.8004 0 0 1 -0.611968 0.790976 0 -0.790976 -0.611968 0 4265.dat
1 0 0 -156.8083 -321.7529 1 0 0 0 0.073763 -0.99748 0 0.99748 0.073763 3022.dat
1 7 40 -139.6615 -316.0398 1 0 0 0 -0.611968 0.790976 0 -0.790976 -0.611968 4273.dat
1 7 -40 -139.6615 -316.0398 -1 0 0 0 0.611968 0.790976 0 0.790976 -0.611968 4273.dat
1 7 -40 -150.2239 -284.5004 1 0 0 0 0.964768 0.262784 0 -0.262784 0.964768 4273.dat
1 0 -40 -147.7274 -275.3351 0 0 1 -0.262784 0.964768 0 -0.964768 -0.262784 0 3704.dat
1 7 -40 -145.231 -266.1698 0 -1 0 -0.964768 0 -0.262784 0.262784 0 -0.964768 4273.dat
1 0 -40 -139.9753 -246.8744 0 0 1 -0.964768 -0.262784 0 0.262784 -0.964768 0 3704.dat
1 7 -40 -125.5038 -250.8162 1 0 0 0 -0.262784 0.964768 0 -0.964768 -0.262784 4265.dat
1 7 -54.142 -136.259 -233.2307 0 -0.707 -0.707 0.964768 -0.185788 0.185788 -0.262784 -0.682091 0.682091 4273.dat
1 0 -61.213 -134.4009 -226.4088 0.707 0 0.707 -0.185788 0.964768 0.185788 -0.682091 -0.262784 0.682091 3704.dat
1 7 -40 -154.4468 -242.9326 1 0 0 0 0.262784 -0.964768 0 0.964768 0.262784 4265.dat
1 7 -55 -155.4797 -303.8023 0 0 -1 0.611968 0.790976 0 0.790976 -0.611968 0 4265.dat
1 15 0 -157.3988 -329.7368 1 0 0 0 0.073952 -0.997888 0 0.997888 0.073952 3068.dat
1 0 -10 -105.5433 -102.7744 0 0 1 0.916929 0.400469 0 -0.400469 0.916929 0 4275.dat
1 0 -10 -86.8875 -139.5262 0 0 -1 0.217952 0.976128 0 0.976128 -0.217952 0 4276.dat
1 0 10 -86.8875 -139.5262 0 0 -1 0.217952 0.976128 0 0.976128 -0.217952 0 4276.dat
1 0 10 -105.5433 -102.7744 0 0 1 0.916929 0.400469 0 -0.400469 0.916929 0 4275.dat
1 0 0 -133.0417 -90.7685 -1 0 0 0 0.400469 0.916929 0 0.916929 -0.400469 3710.dat
1 14 0 -96.876 -147.5439 0 0 1 -0.217952 0.976128 0 -0.976128 -0.217952 0 3021.dat
1 14 20 -117.9112 -106.1052 0 0 1 0.916929 0.400469 0 -0.400469 0.916929 0 3021.dat
1 14 -20 -117.9112 -106.1052 0 0 1 0.916929 0.400469 0 -0.400469 0.916929 0 3021.dat
1 7 40 -150.2239 -284.5004 -1 0 0 0 -0.964768 0.262784 0 0.262784 0.964768 4273.dat
1 0 40 -147.7274 -275.3351 0 0 1 -0.262784 0.964768 0 -0.964768 -0.262784 0 3704.dat
1 7 40 -145.231 -266.1698 0 -1 0 -0.964768 0 -0.262784 0.262784 0 -0.964768 4273.dat
1 0 40 -139.9753 -246.8744 0 -1 0 -0.964768 0 -0.262784 0.262784 0 -0.964768 3704.dat
1 7 40 -125.5038 -250.8162 1 0 0 0 -0.262784 0.964768 0 -0.964768 -0.262784 4265.dat
1 7 54.142 -136.259 -233.2307 0 -0.707 0.707 0.964768 0.185788 0.185788 -0.262784 0.682091 0.682091 4273.dat
1 0 61.213 -134.4009 -226.4088 -0.707 0 0.707 -0.185788 0.964768 -0.185788 -0.682091 -0.262784 -0.682091 3704.dat
1 7 40 -154.4468 -242.9326 0 1 0 -0.262784 0 -0.964768 -0.964768 0 0.262784 4265.dat
1 7 55 -155.4797 -303.8023 0 0 1 0.790976 0.611968 0 -0.611968 0.790976 0 4265.dat
1 16 90 -11.4301 -144.3638 -1 0 0 0 0.282698 0.959443 0 0.959443 -0.282698 3711.dat
1 16 90 -18.5995 -130.056 -1 0 0 0 0.894241 0.448086 0 0.448086 -0.894241 3711.dat
1 16 90 -18.5457 -114.0525 -1 0 0 0 1.000218 -0.00336 0 -0.00336 -1.000218 3711.dat
1 16 90 -18.2415 -98.0518 -1 0 0 0 1.000043 -0.019014 0 -0.019014 -1.000043 3711.dat
1 16 90 -19.8388 -82.1281 -1 0 0 0 0.995229 0.099835 0 0.099835 -0.995229 3711.dat
1 16 90 -23.318 -66.5073 -1 0 0 0 0.976301 0.21745 0 0.21745 -0.976301 3711.dat
1 16 90 -28.9101 -51.5125 -1 0 0 0 0.937174 0.349505 0 0.349505 -0.937174 3711.dat
1 16 90 -35.4218 -36.8936 -1 0 0 0 0.913682 0.406979 0 0.406979 -0.913682 3711.dat
1 16 90 -41.5073 -22.0922 -1 0 0 0 0.925086 0.380346 0 0.380346 -0.925086 3711.dat
1 16 90 -43.7402 -6.2452 -1 0 0 0 0.990441 0.139554 0 0.139554 -0.990441 3711.dat
1 16 90 -37.5518 8.5135 -1 0 0 0 0.922418 -0.386773 0 -0.386773 -0.922418 3711.dat
1 16 90 -24.6511 17.9838 -1 0 0 0 0.591891 -0.806296 0 -0.806296 -0.591891 3711.dat
1 16 90 -8.7225 19.5315 -1 0 0 0 0.096731 -0.995535 0 -0.995535 -0.096731 3711.dat
1 16 90 5.7021 12.6 -1 0 0 0 -0.433216 -0.901539 0 -0.901539 0.433216 3711.dat
1 16 90 14.4107 -0.8267 -1 0 0 0 -0.839169 -0.544283 0 -0.544283 0.839169 3711.dat
1 16 90 19.5559 -15.9806 -1 0 0 0 -0.947119 -0.321578 0 -0.321578 0.947119 3711.dat
1 16 90 24.0078 -31.3525 -1 0 0 0 -0.960745 -0.278241 0 -0.278241 0.960745 3711.dat
1 16 90 26.0998 -47.2188 -1 0 0 0 -0.991641 -0.130751 0 -0.130751 0.991641 3711.dat
1 16 90 28.1486 -63.0907 -1 0 0 0 -0.991994 -0.128048 0 -0.128048 0.991994 3711.dat
1 16 90 30.1966 -78.9627 -1 0 0 0 -0.992 -0.128001 0 -0.128001 0.992 3711.dat
1 16 90 30.4987 -94.9634 -1 0 0 0 -1.000046 -0.018884 0 -0.018884 1.000046 3711.dat
1 16 90 26.8588 -110.5476 -1 0 0 0 -0.974009 0.227495 0 0.227495 0.974009 3711.dat
1 16 90 22.8211 -126.0334 -1 0 0 0 -0.967867 0.252353 0 0.252353 0.967867 3711.dat
1 16 90 17.3306 -141.0657 -1 0 0 0 -0.939515 0.34316 0 0.34316 0.939515 3711.dat
1 16 90 3.921 -148.887 -1 0 0 0 -0.503939 0.863999 0 0.863999 0.503939 3711.dat
1 16 -20 -44.7355 -389.4899 0 0 -1 0.611968 0.790976 0 0.790976 -0.611968 0 2909.dat
1 16 -20 50.1816 -462.9261 0 0 -1 0.611968 0.790976 0 0.790976 -0.611968 0 2910.dat
1 0 0 50.1816 -462.9261 -1 0 0 0 0.790976 -0.611968 0 -0.611968 -0.790976 3705.dat
1 0 0 -88.6139 -380.8307 -1 0 0 0 0.790976 -0.611968 0 -0.611968 -0.790976 3706.dat
1 7 -35 50.1816 -462.9261 0 0 -1 0.611968 0.790976 0 0.790976 -0.611968 0 4265.dat
1 7 0 -88.6139 -380.8307 0 0 -1 0.611968 0.790976 0 0.790976 -0.611968 0 3713.dat
1 256 0 50.1816 -462.9261 0 0 -1 0.611968 0.790976 0 0.790976 -0.611968 0 2815.dat
1 16 20 -44.7355 -389.4899 0 0 -1 0.611968 0.790976 0 0.790976 -0.611968 0 2909.dat
1 16 20 50.1816 -462.9261 0 0 -1 0.611968 0.790976 0 0.790976 -0.611968 0 2910.dat
1 7 35 50.1816 -462.9261 0 0 1 0.611968 -0.790976 0 0.790976 0.611968 0 4265.dat
