0 
0 Name: New Model.ldr
0 Author: 
1 14 -352.7867 -8 -42.8384 0.766044 0 0.642788 0 1 0 -0.642788 0 0.766044 3035.dat
1 14 -283.8428 -8 -100.6894 0.642788 0 -0.766044 0 1 0 0.766044 0 0.642788 4315.dat
1 43 -272.3521 -5 -110.3312 0.642788 0 -0.766044 0 1 0 0.766044 0 0.642788 30083.dat
1 14 -272.2196 -32 -71.2802 -0.766044 0 -0.642788 0 1 0 0.642788 0 -0.766044 3660.dat
1 14 -318.1823 -32 -32.7129 -0.766044 0 -0.642788 0 1 0 0.642788 0 -0.766044 3660.dat
1 14 -348.824 -32 -7.0014 -0.766044 0 -0.642788 0 1 0 0.642788 0 -0.766044 3660.dat
1 14 -379.4658 -32 18.7102 -0.766044 0 -0.642788 0 1 0 0.642788 0 -0.766044 3660.dat
1 14 -418.0331 -32 -27.2525 0.766044 0 0.642788 0 1 0 -0.642788 0 0.766044 3660.dat
1 14 -387.3913 -32 -52.964 0.766044 0 0.642788 0 1 0 -0.642788 0 0.766044 3660.dat
1 14 -356.7495 -32 -78.6755 0.766044 0 0.642788 0 1 0 -0.642788 0 0.766044 3660.dat
1 14 -310.7869 -32 -117.2428 0.766044 0 0.642788 0 1 0 -0.642788 0 0.766044 3660.dat
1 7 -329.8055 -32 -62.1221 -0.642788 0 0.766044 0 1 0 -0.766044 0 -0.642788 93792.dat
1 14 -333.7682 -32 -97.9592 0.766044 0 0.642788 0 1 0 -0.642788 0 0.766044 3665.dat
1 14 -295.2009 -32 -51.9965 -0.766044 0 -0.642788 0 1 0 0.642788 0 -0.766044 3665.dat
1 14 -406.4099 -32 2.1567 -0.642788 0 0.766044 0 1 0 -0.766044 0 -0.642788 3747.dat
1 4 -383.4285 -16 -17.1269 -0.642788 0 0.766044 0 1 0 -0.766044 0 -0.642788 4079.dat
1 4 -291.5032 -16 -94.2615 0.642788 0 -0.766044 0 1 0 0.766044 0 0.642788 4079.dat
1 7 -329.8055 -56 -62.1221 -0.642788 0 0.766044 0 1 0 -0.766044 0 -0.642788 3010.dat
1 0 -406.4099 -56 2.1567 -0.642788 0 0.766044 0 1 0 -0.766044 0 -0.642788 3009.dat
1 0 -435.819 -40 13.7799 0.766044 0 0.642788 0 1 0 -0.642788 0 0.766044 2540.dat
1 0 -422.9633 -40 29.1008 -0.766044 0 -0.642788 0 1 0 0.642788 0 -0.766044 2540.dat
1 0 -346.624 -40 -113.28 0.766044 0 0.642788 0 1 0 -0.642788 0 0.766044 3623.dat
1 0 -282.3452 -40 -36.6756 0.766044 0 0.642788 0 1 0 -0.642788 0 0.766044 3623.dat
1 0 -315.9822 -56 -138.9915 0.766044 0 0.642788 0 1 0 -0.642788 0 0.766044 2921.dat
1 0 -251.7034 -56 -62.3872 -0.766044 0 -0.642788 0 1 0 0.642788 0 -0.766044 2921.dat
1 4 -425.4284 -40 57.2774 0 0.766044 0.642788 -1 0 0 0 -0.642788 0.766044 2335.dat
1 4 -433.3539 -40 -14.3967 0 -0.766044 -0.642788 -1 0 0 0 0.642788 -0.766044 2335.dat
1 14 -278.6475 0 -78.9406 0.642788 0 -0.766044 0 1 0 0.766044 0 0.642788 2444.dat
1 14 -304.359 0 -109.5824 -0.642788 0 0.766044 0 1 0 -0.766044 0 -0.642788 2444.dat
1 0 -383.4285 0 -17.1269 0.766044 0 0.642788 0 1 0 -0.642788 0 0.766044 94148.dat
1 0 -364.1449 0 5.8544 0.766044 0 0.642788 0 1 0 -0.642788 0 0.766044 3475.dat
1 0 -402.7122 0 -40.1082 -0.766044 0 -0.642788 0 1 0 0.642788 0 -0.766044 3475.dat
1 0 -291.5032 8 -94.2615 0.642788 0 -0.766044 0 1 0 0.766044 0 0.642788 2654.dat
1 0 -264.021 10 -61.5095 0.766044 0 0.642788 0 1 0 -0.642788 0 0.766044 6048.dat
1 0 -246.023 10 -40.0603 -0.766044 0 -0.642788 0 1 0 0.642788 0 -0.766044 6217.dat
1 8 -184.9581 10 32.7139 -0.766044 0 -0.642788 0 1 0 0.642788 0 -0.766044 30082.dat
1 14 -205.5273 10 8.2005 -0.766044 0 -0.642788 0 1 0 0.642788 0 -0.766044 3613.dat
1 14 -231.8816 10 -23.2073 -0.642788 0 0.766044 0 1 0 -0.766044 0 -0.642788 75535.dat
1 0 -217.0975 10 -5.5883 0.766044 0 0.642788 0 1 0 -0.642788 0 0.766044 6048.dat
1 0 -318.9854 10 -127.0135 -0.766044 0 -0.642788 0 1 0 0.642788 0 -0.766044 6048.dat
1 0 -336.9835 10 -148.4627 0.766044 0 0.642788 0 1 0 -0.642788 0 0.766044 6217.dat
1 8 -398.0484 10 -221.2369 0.766044 0 0.642788 0 1 0 -0.642788 0 0.766044 30082.dat
1 14 -377.4792 10 -196.7235 0.766044 0 0.642788 0 1 0 -0.642788 0 0.766044 3613.dat
1 14 -351.1248 10 -165.3157 0.642788 0 -0.766044 0 1 0 0.766044 0 0.642788 75535.dat
1 0 -365.909 10 -182.9347 -0.766044 0 -0.642788 0 1 0 0.642788 0 -0.766044 6048.dat
1 0 -370.5728 8 -1.806 0.642788 0 -0.766044 0 1 0 0.766044 0 0.642788 2654.dat
1 0 -396.2843 8 -32.4478 0.642788 0 -0.766044 0 1 0 0.766044 0 0.642788 2654.dat
1 4 -359.4797 -48 -128.6009 0.766044 0 0.642788 0 1 0 -0.642788 0 0.766044 2450.dat
1 4 -269.4894 -48 -21.3548 0.642788 0 -0.766044 0 1 0 0.766044 0 0.642788 2450.dat
1 0 -429.3911 -56 21.4404 0.642788 0 -0.766044 0 1 0 0.766044 0 0.642788 6040.dat
1 7 -469.2254 -46 54.8653 -0.766044 0 -0.642788 0 1 0 0.642788 0 -0.766044 3749.dat
1 4 -479.184 -46 63.2216 -0.642788 0 0.766044 0 1 0 -0.766044 0 -0.642788 6041.dat
1 4 -264.5591 -40 -77.708 -0.342019 0 -0.939692 0 1 0 0.939692 0 -0.342019 4592.dat
1 0 -346.624 -56 -113.28 0.766044 0 0.642788 0 1 0 -0.642788 0 0.766044 3623.dat
1 0 -282.3452 -56 -36.6756 0.766044 0 0.642788 0 1 0 -0.642788 0 0.766044 3623.dat
1 0 -329.8055 -64 -62.1221 -0.642788 0 0.766044 0 1 0 -0.766044 0 -0.642788 3710.dat
1 15 -421.7307 -80 15.0125 0.642788 0 -0.766044 0 1 0 0.766044 0 0.642788 3039.dat
1 7 -323.3776 -88 -54.4616 -0.766044 0 -0.642788 0 1 0 0.642788 0 -0.766044 3040.dat
1 7 -336.2333 -88 -69.7825 0.766044 0 0.642788 0 1 0 -0.642788 0 0.766044 3040.dat
1 0 -384.9261 -56 -81.1406 0.766044 0 0.642788 0 1 0 -0.642788 0 0.766044 3937.dat
1 0 -415.5679 -56 -55.4291 0.766044 0 0.642788 0 1 0 -0.642788 0 0.766044 3937.dat
1 0 -351.2891 -56 21.1753 -0.766044 0 -0.642788 0 1 0 0.642788 0 -0.766044 3937.dat
1 0 -320.6474 -56 -4.5362 -0.766044 0 -0.642788 0 1 0 0.642788 0 -0.766044 3937.dat
1 7 -329.8055 -112 -62.1221 -0.642788 0 0.766044 0 1 0 -0.766044 0 -0.642788 3660.dat
1 14 -313.252 -120 -89.0662 0.766044 0 0.642788 0 1 0 -0.642788 0 0.766044 75979.dat
1 14 -300.3962 -120 -73.7453 -0.766044 0 -0.642788 0 1 0 0.642788 0 -0.766044 75979.dat
1 14 -437.4307 -88 -8.3651 0.766044 0 0.642788 0 1 0 -0.642788 0 0.766044 30079.dat
1 14 -402.8664 -88.0908 34.4294 -0.642788 0 0.766044 0 1 0 -0.766044 0 -0.642788 30079.dat
1 14 -415.5679 -56 -55.4291 0.766044 0 0.642788 0 1 0 -0.642788 0 0.766044 3938.dat
1 14 -384.9261 -56 -81.1406 0.766044 0 0.642788 0 1 0 -0.642788 0 0.766044 3938.dat
1 14 -374.5355 -120 -37.6431 0.766044 0 0.642788 0 1 0 -0.642788 0 0.766044 75979.dat
1 0 -374.5355 -144 -37.6431 0.766044 0 0.642788 0 1 0 -0.642788 0 0.766044 3633.dat
1 14 -320.6474 -56 -4.5362 -0.766044 0 -0.642788 0 1 0 0.642788 0 -0.766044 3938.dat
1 14 -351.2891 -56 21.1753 -0.766044 0 -0.642788 0 1 0 0.642788 0 -0.766044 3938.dat
1 14 -361.6797 -120 -22.3222 -0.766044 0 -0.642788 0 1 0 0.642788 0 -0.766044 75979.dat
1 0 -361.6797 -144 -22.3222 -0.766044 0 -0.642788 0 1 0 0.642788 0 -0.766044 3633.dat
1 0 -329.8055 -128 -62.1221 0.642788 0 -0.766044 0 1 0 0.766044 0 0.642788 3794.dat
1 0 -406.4099 -128 2.1567 0.642788 0 -0.766044 0 1 0 0.766044 0 0.642788 3794.dat
1 14 -306.8241 -128 -81.4057 0.642788 0 -0.766044 0 1 0 0.766044 0 0.642788 94148.dat
1 14 -283.8428 -152 -100.6894 -0.642788 0 0.766044 0 1 0 -0.766044 0 -0.642788 2432.dat
1 7 -368.1076 -152 -29.9827 0.766044 0 0.642788 0 1 0 -0.642788 0 0.766044 6140.dat
1 42 -271.5861 -168 -110.974 0.642788 -0.766044 0 0 0 -1 0.766044 0.642788 0 6141.dat
1 15 -277.7144 -168 -105.8317 0.642788 -0.766044 0 0 0 -1 0.766044 0.642788 0 6019.dat
1 42 -218.3314 -52 -38.1733 0 -0.766044 0.642788 1 0 0 0 0.642788 0.766044 6141.dat
1 15 -224.4598 -52 -33.031 0 -0.766044 0.642788 1 0 0 0 0.642788 0.766044 6019.dat
1 42 -334.0333 -52 -176.0612 0 -0.766044 -0.642788 -1 0 0 0 0.642788 -0.766044 6141.dat
1 15 -340.1616 -52 -170.9189 0 -0.766044 -0.642788 -1 0 0 0 0.642788 -0.766044 6019.dat
1 4 -298.9279 -93 -89.7219 0.642788 0 -0.766044 0 1 0 0.766044 0 0.642788 4485.dat
1 14 -298.9279 -93 -89.7219 0.642788 0 -0.766044 0 1 0 0.766044 0 0.642788 3626.dat
