0 Main
0 Name: 8302-1 - Rod Rider.mpd
0 Author: LTRON
1 0 0 -7.992 69.715 1 0 0 0 0.998372 -0.057041 0 0.057041 0.998372 6157.dat
1 0 0 -8.562 79.699 -1 0 0 0 0.998372 0.057041 0 0.057041 -0.998372 60470.dat
1 0 0 -4.569 9.812 0 0 1 0.057041 0.998372 0 -0.998372 0.057041 0 3795.dat
1 0 0 -7.993 -70.514 1 0 0 0 0.998372 -0.057041 0 0.057041 0.998372 6157.dat
1 8 0 -15.979 69.258 1 0 0 0 0.998372 -0.057041 0 0.057041 0.998372 3022.dat
1 8 0 -14.268 39.307 1 0 0 0 0.998372 -0.057041 0 0.057041 0.998372 3710.dat
1 8 -30 -13.127 19.34 0 0 1 0.057041 0.998372 0 -0.998372 0.057041 0 2420.dat
1 8 30 -13.127 19.34 -1 0 0 0 0.998372 0.057041 0 0.057041 -0.998372 2420.dat
1 8 0 -10.275 -30.579 0 0 1 0.057041 0.998372 0 -0.998372 0.057041 0 3020.dat
1 8 0 -7.423 -80.497 1 0 0 0 0.998372 -0.057041 0 0.057041 0.998372 3023.dat
1 10 0 -23.395 58.818 1 0 0 0 0.998372 -0.057041 0 0.057041 0.998372 3023.dat
1 10 0 -22.255 38.851 1 0 0 0 0.998372 -0.057041 0 0.057041 0.998372 3794.dat
1 10 -30 -21.684 28.867 0 0 -1 -0.057041 0.998372 0 0.998372 0.057041 0 50947.dat
1 10 30 -21.684 28.867 0 0 -1 -0.057041 0.998372 0 0.998372 0.057041 0 50947.dat
1 10 0 -21.114 18.884 1 0 0 0 0.998372 -0.057041 0 0.057041 0.998372 3794.dat
1 10 -20 -19.973 -1.084 1 0 0 0 0.998372 -0.057041 0 0.057041 0.998372 3794.dat
1 10 20 -19.973 -1.084 1 0 0 0 0.998372 -0.057041 0 0.057041 0.998372 3794.dat
1 10 0 -17.121 -51.002 -1 0 0 0 0.998372 0.057041 0 0.057041 -0.998372 41854.dat
1 10 0 -31.382 58.362 1 0 0 0 0.998372 -0.057041 0 0.057041 0.998372 3023.dat
1 10 0 -30.242 38.395 1 0 0 0 0.998372 -0.057041 0 0.057041 0.998372 3623.dat
1 8 0 -25.678 -41.475 1 0 0 0 0.998372 -0.057041 0 0.057041 0.998372 3023.dat
1 8 0 -23.967 -71.426 1 0 0 0 0.998372 -0.057041 0 0.057041 0.998372 50946.dat
1 10 -10 -47.356 57.449 -1 0 0 0 0.998372 0.057041 0 0.057041 -0.998372 6091.dat
1 10 10 -47.356 57.449 -1 0 0 0 0.998372 0.057041 0 0.057041 -0.998372 6091.dat
1 8 -10 -34.806 -21.964 0 0 1 0.057041 0.998372 0 -0.998372 0.057041 0 4070.dat
1 8 10 -34.806 -21.964 0 0 -1 -0.057041 0.998372 0 0.998372 0.057041 0 4070.dat
1 8 0 -57.056 -53.284 1 0 0 0 0.998372 -0.057041 0 0.057041 0.998372 50943.dat
1 10 -16 -24.822 -21.394 0 1 0 -0.998372 0 -0.057041 -0.057041 0 0.998372 54200.dat
1 10 16 -24.822 -21.394 0 -1 0 0.998372 0 -0.057041 0.057041 0 0.998372 54200.dat
1 10 0 -47.356 57.449 1 0 0 0 0.998372 -0.057041 0 0.057041 0.998372 3069.dat
1 10 0 -44.504 7.531 1 0 0 0 0.998372 -0.057041 0 0.057041 0.998372 3002.dat
1 10 0 -42.793 -22.42 1 0 0 0 0.998372 -0.057041 0 0.057041 0.998372 3069.dat
1 10 -20 -61.049 16.602 -1 0 0 0 0.998372 0.057041 0 0.057041 -0.998372 6091.dat
1 10 0 -61.049 16.602 -1 0 0 0 0.998372 0.057041 0 0.057041 -0.998372 6091.dat
1 10 20 -61.049 16.602 -1 0 0 0 0.998372 0.057041 0 0.057041 -0.998372 6091.dat
1 8 0 -51.921 -2.909 1 0 0 0 0.998372 -0.057041 0 0.057041 0.998372 3623.dat
1 10 -20 -60.478 6.618 0 0 1 0.057041 0.998372 0 -0.998372 0.057041 0 3069.dat
1 10 0 -60.478 6.618 0 0 1 0.057041 0.998372 0 -0.998372 0.057041 0 3069.dat
1 10 20 -60.478 6.618 0 0 1 0.057041 0.998372 0 -0.998372 0.057041 0 3069.dat
1 7 -40 -3.001 -70.228 0 0 1 0.057041 0.998372 0 -0.998372 0.057041 0 4624.dat
1 7 40 -3.001 -70.228 0 0 -1 -0.057041 0.998372 0 0.998372 0.057041 0 4624.dat
1 7 -42 -3 70 0 0.057041 0.998372 0 0.998372 -0.057041 -1 0 0 30027.dat
1 7 42 -3 70 0 -0.057041 -0.998372 0 0.998372 -0.057041 1 0 0 30027.dat
1 256 -47 -3 70 1 0 0 0 0.998372 -0.057041 0 0.057041 0.998372 30028.dat
1 256 37 -3 70 1 0 0 0 0.998372 -0.057041 0 0.057041 0.998372 30028.dat
1 256 -40 -3.001 -70.228 0 0 1 0.057041 0.998372 0 -0.998372 0.057041 0 59895.dat
1 256 40 -3.001 -70.228 0 0 1 0.057041 0.998372 0 -0.998372 0.057041 0 59895.dat
