0 
0 Name: New Model.ldr
0 Author: 
1 70 130 -32 -250 -0.974 0 -0.225 0 1 0 0.225 0 -0.974 3033.dat
1 19 228.91 -56 -221.55 -0.225 0 0.974 0 1 0 -0.974 0 -0.225 3040.dat
1 19 206.41 -56 -318.95 -0.225 0 0.974 0 1 0 -0.974 0 -0.225 3040.dat
1 15 138.23 -40 -303.2 -0.974 0 -0.225 0 1 0 0.225 0 -0.974 3023.dat
1 15 160.73 -40 -205.8 -0.974 0 -0.225 0 1 0 0.225 0 -0.974 3023.dat
1 15 180.21 -32 -210.3 0.225 0 -0.974 0 1 0 0.974 0 0.225 11477.dat
1 15 157.71 -32 -307.7 0.225 0 -0.974 0 1 0 0.974 0 0.225 11477.dat
1 4 168.96 -40 -259 0.225 0 -0.974 0 1 0 0.974 0 0.225 90194.dat
1 0 219.91 -40 -260.51 0.225 0 -0.974 0 1 0 0.974 0 0.225 6141.dat
1 0 215.41 -40 -279.99 0.225 0 -0.974 0 1 0 0.974 0 0.225 6141.dat
1 15 102.29 -40 -192.3 0.974 0 0.225 0 1 0 -0.225 0 0.974 2431.dat
1 15 79.79 -40 -289.7 0.974 0 0.225 0 1 0 -0.225 0 0.974 2431.dat
1 15 51.34 -40 -190.79 -0.225 0 0.974 0 1 0 -0.974 0 -0.225 32028.dat
1 15 42.34 -40 -229.75 -0.225 0 0.974 0 1 0 -0.974 0 -0.225 32028.dat
1 15 33.34 -40 -268.71 -0.225 0 0.974 0 1 0 -0.974 0 -0.225 32028.dat
1 73 61.82 -40 -234.25 -0.225 0 0.974 0 1 0 -0.974 0 -0.225 3023.dat
1 28 81.3 -40 -238.75 -0.225 0 0.974 0 1 0 -0.974 0 -0.225 3710.dat
1 0 127.01 -40 -218.53 0.225 0 -0.974 0 1 0 0.974 0 0.225 6141.dat
1 0 113.51 -40 -276.97 0.225 0 -0.974 0 1 0 0.974 0 0.225 6141.dat
1 15 130 -40 -250 0.225 0 -0.974 0 1 0 0.974 0 0.225 3022.dat
1 28 61.82 -48 -234.25 -0.225 0 0.974 0 1 0 -0.974 0 -0.225 3710.dat
1 15 120.26 -48 -247.75 -0.225 0 0.974 0 1 0 -0.974 0 -0.225 60470.dat
1 71 139.74 -48 -252.25 -0.225 0 0.974 0 1 0 -0.974 0 -0.225 3023.dat
1 19 83.55 -40 -229.01 0.225 0 -0.974 0 1 0 0.974 0 0.225 54200.dat
1 19 79.05 -40 -248.49 0.225 0 -0.974 0 1 0 0.974 0 0.225 54200.dat
1 27 115.76 -40 -267.23 0.974 0 0.225 0 1 0 -0.225 0 0.974 11477.dat
1 27 124.76 -40 -228.27 -0.974 0 -0.225 0 1 0 0.225 0 -0.974 11477.dat
1 4 139.74 -56 -252.25 0.225 0 -0.974 0 1 0 0.974 0 0.225 15573.dat
1 47 53.59 -40 -181.05 -0.225 0 0.974 0 1 0 -0.974 0 -0.225 54200.dat
1 47 31.09 -40 -278.45 -0.225 0 0.974 0 1 0 -0.974 0 -0.225 54200.dat
1 27 58.83 -40 -202.78 -0.225 0 0.974 0 1 0 -0.974 0 -0.225 11477.dat
1 27 45.33 -40 -261.22 -0.225 0 0.974 0 1 0 -0.974 0 -0.225 11477.dat
1 15 52.08 -40 -232 -0.225 0 0.974 0 1 0 -0.974 0 -0.225 15068.dat
1 72 206.41 -24 -318.95 -0.225 0 0.974 0 1 0 -0.974 0 -0.225 3005.dat
1 72 228.91 -24 -221.55 -0.225 0 0.974 0 1 0 -0.974 0 -0.225 3005.dat
1 0 217.66 -24 -270.25 -0.225 0 0.974 0 1 0 -0.974 0 -0.225 3010.dat
1 72 167.45 -24 -309.95 0.974 0 0.225 0 1 0 -0.225 0 0.974 3622.dat
1 72 189.95 -24 -212.55 0.974 0 0.225 0 1 0 -0.225 0 0.974 3622.dat
1 72 118.75 -24 -298.7 -0.225 0 0.974 0 1 0 -0.974 0 -0.225 42023.dat
1 72 141.25 -24 -201.3 -0.225 0 0.974 0 1 0 -0.974 0 -0.225 42023.dat
1 0 217.66 -48 -270.25 0.225 0 -0.974 0 1 0 0.974 0 0.225 21445.dat
1 0 234.218 -43 -274.075 0.225 0.974 0 0 0 1 0.974 -0.225 0 2421.dat
1 27 210.91 -88 -299.47 0.974 0 0.225 0 1 0 -0.225 0 0.974 6091.dat
1 27 224.41 -88 -241.03 -0.974 0 -0.225 0 1 0 0.225 0 -0.974 6091.dat
1 15 217.66 -88 -270.25 0.225 0 -0.974 0 1 0 0.974 0 0.225 3710.dat
1 0 139.74 -64 -252.25 0.974 0 0.225 0 1 0 -0.225 0 0.974 15712.dat
1 4 168.96 -48 -259 -0.225 0 0.974 0 1 0 -0.974 0 -0.225 4079.dat
1 71 139.74 -70 -252.25 -0.225 0 0.974 0 1 0 -0.974 0 -0.225 30031.dat
1 15 89.7924 -58.294 -220.1923 0.225 -0.51622 -0.825952 0 0.848 -0.53 0.974 0.11925 0.1908 48336.dat
1 15 80.7924 -58.294 -259.1523 0.225 -0.51622 -0.825952 0 0.848 -0.53 0.974 0.11925 0.1908 48336.dat
1 43 122.4544 -119.354 -248.2569 0.225 -0.51622 -0.825952 0 0.848 -0.53 0.974 0.11925 0.1908 60581.dat
1 15 126.5832 -126.138 -249.2107 0.225 -0.51622 -0.825952 0 0.848 -0.53 0.974 0.11925 0.1908 2431.dat
