0 
0 Name: New Model.ldr
0 Author: 
1 6 0 -13.29 -390.72 0 0 1 -0.371 0.928 0 -0.928 -0.371 0 3021.dat
1 7 0 -13.294 -369.192 1 0 0 0 0.928 0.371 0 -0.371 0.928 3023.dat
1 7 0 -24.424 -397.032 1 0 0 0 0.928 0.371 0 -0.371 0.928 4600.dat
1 0 0 -57.842 -329.856 1 0 0 0 0.928 0.371 0 -0.371 0.928 6087.dat
1 7 0 -35.558 -403.344 1 0 0 0 0.928 0.371 0 -0.371 0.928 3023.dat
1 6 0 -35.562 -381.816 0 0 1 -0.371 0.928 0 -0.928 -0.371 0 3021.dat
1 7 0 -24.44 -310.92 1 0 0 0 0.928 0.371 0 -0.371 0.928 4600.dat
1 0 0 -31.864 -307.952 1 0 0 0 0.928 0.371 0 -0.371 0.928 3022.dat
1 7 0 -65.254 -391.472 1 0 0 0 0.928 0.371 0 -0.371 0.928 3937.dat
1 25 0 -35.578 -295.704 -1 0 0 0 0.928 -0.371 0 -0.371 -0.928 2540.dat
1 7 0 -42.998 -314.264 1 0 0 0 0.928 0.371 0 -0.371 0.928 3023.dat
1 25 -10 -57.842 -329.856 1 0 0 0 0.928 0.371 0 -0.371 0.928 54200.dat
1 25 10 -57.842 -329.856 1 0 0 0 0.928 0.371 0 -0.371 0.928 54200.dat
1 7 0 -72.694 -302.392 -1 0 0 0 0.928 -0.371 0 -0.371 -0.928 2458.dat
1 0 0 -80.118 -299.424 1 0 0 0 0.928 0.371 0 -0.371 0.928 61072.dat
1 7 0 -87.542 -296.456 1 0 0 0 0.928 0.371 0 -0.371 0.928 2412.dat
1 0 -30 -19.784 -398.887 0 0 1 -0.371 0.928 0 -0.928 -0.371 0 6014.dat
1 0 30 -19.784 -398.887 0 0 -1 0.371 0.928 0 0.928 -0.371 0 6014.dat
1 0 -30 -19.8 -312.775 0 0 1 -0.371 0.928 0 -0.928 -0.371 0 6014.dat
1 0 30 -19.8 -312.775 0 0 -1 0.371 0.928 0 0.928 -0.371 0 6014.dat
1 256 -36 -19.784 -398.887 0 0 1 -0.371 0.928 0 -0.928 -0.371 0 6015.dat
1 256 36 -19.784 -398.887 0 0 1 -0.371 0.928 0 -0.928 -0.371 0 6015.dat
1 256 -36 -19.8 -312.775 0 0 1 -0.371 0.928 0 -0.928 -0.371 0 6015.dat
1 256 36 -19.8 -312.775 0 0 1 -0.371 0.928 0 -0.928 -0.371 0 6015.dat
1 0 0 -65.186 -399.112 -1 0 0 0 0.919 0.394 0 0.394 -0.919 6134.dat
1 7 0 -72.538 -402.264 -1 0 0 0 0.919 0.394 0 0.394 -0.919 3839.dat
1 0 0 -60.718 -429.834 1 0 0 0 0.919 -0.394 0 0.394 0.919 2460.dat
