0 Main
0 Name: 8049-1 - Tractor with Log Loader.mpd
0 Author: LTRON
1 0 -100 217.0867 111.3312 0 -1 0 0.999 0 -0.052 0.052 0 0.999 32316.dat
1 0 -110 219.1667 71.3712 -1 0 0 0 -0.999 -0.052 0 -0.052 0.999 4459.dat
1 0 -110 217.0867 111.3312 -1 0 0 0 -0.999 -0.052 0 -0.052 0.999 4459.dat
1 71 -80 215.0057 151.2912 -1 0 0 0 -0.999706 0.000052 0 0.000052 0.999706 87082.dat
1 0 -120 222.2867 11.4312 0 1 0 -0.999 0 -0.052 -0.052 0 0.999 32525.dat
1 0 -110 227.4867 -88.4688 1 0 0 0 0.999 -0.052 0 0.052 0.999 4459.dat
1 0 -110 226.4467 -68.4888 1 0 0 0 0.999 -0.052 0 0.052 0.999 4459.dat
1 71 -140 225.4067 -48.5088 -1 0 0 0 -0.999 -0.052 0 -0.052 0.999 87082.dat
1 0 -100 230.6067 -148.4088 0 1 0 -0.999 0 -0.052 -0.052 0 0.999 40490.dat
1 1 -80 229.5667 -128.4288 1 0 0 0 0.999 -0.052 0 0.052 0.999 6558.dat
1 1 -80 230.6067 -148.4088 1 0 0 0 0.999 -0.052 0 0.052 0.999 6558.dat
1 71 -80 234.7667 -228.3288 1 0 0 0 0.20722 0.9789 0 -0.9789 0.20722 4519.dat
1 0 -80 234.7667 -228.3288 0 1 0 0.173514 0 -0.985663 -0.985663 0 -0.173514 60483.dat
1 71 -80 210.1067 -139.4588 0 0 -1 -0.052 0.999 0 0.999 0.052 0 32557.dat
1 0 -60 230.6067 -148.4088 0 -1 0 0.999 0 -0.052 0.052 0 0.999 40490.dat
1 0 -40 222.2867 11.4312 0 -1 0 0.999 0 -0.052 0.052 0 0.999 32525.dat
1 0 -50 227.4867 -88.4688 -1 0 0 0 -0.999 -0.052 0 -0.052 0.999 4459.dat
1 0 -50 226.4467 -68.4888 -1 0 0 0 -0.999 -0.052 0 -0.052 0.999 4459.dat
1 0 -50 219.1667 71.3712 1 0 0 0 0.999 -0.052 0 0.052 0.999 4459.dat
1 0 -50 217.0867 111.3312 1 0 0 0 0.999 -0.052 0 0.052 0.999 4459.dat
1 0 -60 217.0867 111.3312 0 1 0 -0.999 0 -0.052 -0.052 0 0.999 32316.dat
1 71 -20 225.4067 -48.5088 1 0 0 0 0.999 -0.052 0 0.052 0.999 87082.dat
1 0 -50 233.2067 -198.3587 0 -1 0 0.999 0 -0.052 0.052 0 0.999 32069.dat
1 0 -110 233.2067 -198.3587 0 1 0 -0.999 0 -0.052 -0.052 0 0.999 32069.dat
1 0 -20 222.1767 -178.8988 -1 0 0 0 0.999 0.052 0 0.052 -0.999 32068.dat
1 0 -140 222.1767 -178.8988 -1 0 0 0 0.999 0.052 0 0.052 -0.999 32068.dat
1 72 10 233.2067 -198.3587 -1 0 0 0 0.999 0.052 0 0.052 -0.999 87083.dat
1 71 5 233.2067 -198.3587 0 0 -1 -0.052 0.999 0 0.999 0.052 0 32123.dat
1 71 -5 233.2067 -198.3587 0 0 -1 -0.052 0.999 0 0.999 0.052 0 32123.dat
1 71 -155 233.2067 -198.3587 0 0 1 0.052 0.999 0 -0.999 0.052 0 32123.dat
1 71 -165 233.2067 -198.3587 0 0 1 0.052 0.999 0 -0.999 0.052 0 32123.dat
1 72 -170 233.2067 -198.3587 1 0 0 0 0.999 -0.052 0 0.052 0.999 87083.dat
1 19 -140 221.1367 -158.9188 0 1 0 0.999 0 0.052 0.052 0 -0.999 3749.dat
1 19 -20 221.1367 -158.9188 0 1 0 0.999 0 0.052 0.052 0 -0.999 3749.dat
1 0 -80 211.1467 -159.4388 -1 0 0 0 0.999 0.052 0 0.052 -0.999 87761.dat
1 72 -160 219.1667 71.3712 0 1 0 0.999 0 0.052 0.052 0 -0.999 32523.dat
1 72 -140 138.2067 87.1912 0 -1 0 0.052 0 0.999 -0.999 0 0.052 32526.dat
1 71 -175 219.1667 71.3712 0 0 1 0.052 0.999 0 -0.999 0.052 0 32123.dat
1 72 -170 219.1667 71.3712 1 0 0 0 0.999 -0.052 0 0.052 0.999 87083.dat
1 0 -130 158.1867 88.2312 1 0 0 0 0.999 -0.052 0 0.052 0.999 4459.dat
1 1 -140 220.2067 51.3912 -1 0 0 0 -0.999 -0.052 0 -0.052 0.999 6558.dat
1 1 -140 218.1267 91.3512 -1 0 0 0 -0.999 -0.052 0 -0.052 0.999 6558.dat
1 0 -130 198.1467 90.3112 1 0 0 0 0.999 -0.052 0 0.052 0.999 4459.dat
1 1 -140 118.2267 86.1512 -1 0 0 0 -0.962006 0.276482 0 0.276482 0.962006 6558.dat
1 0 -120 98.2467 85.1112 0 -1 0 -0.052 0 -0.999 0.999 0 -0.052 32525.dat
1 0 -130 98.2467 85.1112 1 0 0 0 0.999 -0.052 0 0.052 0.999 4459.dat
1 0 -140 121.3467 26.2112 0 1 0 -0.999 0 -0.052 -0.052 0 0.999 32140.dat
1 0 -150 119.2667 66.1712 1 0 0 0 0.999 -0.052 0 0.052 0.999 4459.dat
1 0 -80 180.7667 39.3212 -1 0 0 0 0.999 0.052 0 0.052 -0.999 59443.dat
1 71 -80 184.4067 -30.6088 0 0 -1 -0.052 0.999 0 0.999 0.052 0 44294.dat
1 0 -80 188.0467 -100.5388 -1 0 0 0 0.999 0.052 0 0.052 -0.999 59443.dat
1 71 -80 189.3467 -125.5138 -1 0 0 0 0.999 0.052 0 0.052 -0.999 32123.dat
1 0 -80 191.1667 -160.4788 -1 0 0 0 0.999 0.052 0 0.052 -0.999 32270.dat
1 0 -80 190.1267 -140.4988 0 0 1 0.052 0.999 0 -0.999 0.052 0 3705.dat
1 1 -50 178.1667 89.2712 -1 0 0 0 -0.052 0.999 0 0.999 0.052 43093.dat
1 0 -80 178.1667 89.2712 0 0 -1 -0.052 0.999 0 0.999 0.052 0 32034.dat
1 14 -80 179.2067 69.2912 1 0 0 0 -0.999 0.052 0 -0.052 -0.999 32072.dat
1 71 -80 179.2067 69.2912 0 0 -1 -0.052 0.999 0 0.999 0.052 0 4519.dat
1 1 -110 178.1667 89.2712 1 0 0 0 0.052 0.999 0 -0.999 0.052 43093.dat
1 1 -110 138.2067 87.1912 1 0 0 0 -0.999 0.052 0 -0.052 -0.999 43093.dat
1 0 -80 138.2067 87.1912 0 0 -1 0.999 0.052 0 0.052 -0.999 0 32034.dat
1 1 -50 138.2067 87.1912 -1 0 0 0 0.999 0.052 0 0.052 -0.999 43093.dat
1 14 -80 158.1867 88.2312 0.707 -0.707 0 -0.036764 -0.036764 -0.999 0.706293 0.706293 -0.052 32072.dat
1 71 -80 138.2067 87.1912 0 0.707 -0.707 0.999 0.036764 0.036764 0.052 -0.706293 -0.706293 4519.dat
1 0 -80 108.2367 85.6312 -0.707 0.707 0 -0.036764 -0.036764 0.999 0.706293 0.706293 0.052 59443.dat
1 71 -120 -1.6533 79.9112 1 0 0 0 0.999 -0.052 0 0.052 0.999 4519.dat
1 0 -80 -1.6533 79.9112 0 0 -1 0.999 0.052 0 0.052 -0.999 0 32034.dat
1 71 -40 -1.6533 79.9112 1 0 0 0 0.999 -0.052 0 0.052 0.999 4519.dat
1 0 -80 28.3167 81.4712 0 -0.707 -0.707 0.999 0.036764 -0.036764 0.052 -0.706293 0.706293 3707.dat
1 71 -80 -16.6383 79.1312 0.707 0.707 0 -0.036764 0.036764 0.999 0.706293 -0.706293 0.052 32123.dat
1 0 -40 98.2467 85.1112 0 -1 0 -0.052 0 -0.999 0.999 0 -0.052 32525.dat
1 0 -80 -25.6293 78.6632 0.707 0 0.707 -0.036764 -0.999 0.036764 0.706293 -0.052 -0.706293 4032.dat
1 46 -80 -33.6213 78.2472 0.707 0 0.707 -0.036764 -0.999 0.036764 0.706293 -0.052 -0.706293 3941.dat
1 0 -80 -57.5973 76.9992 0.707 0 0.707 -0.036764 -0.999 0.036764 0.706293 -0.052 -0.706293 2654.dat
1 72 -20 138.2067 87.1912 0 -1 0 0.052 0 0.999 -0.999 0 0.052 32526.dat
1 0 -30 198.1467 90.3112 1 0 0 0 0.999 -0.052 0 0.052 0.999 4459.dat
1 0 -30 158.1867 88.2312 1 0 0 0 0.999 -0.052 0 0.052 0.999 4459.dat
1 72 10 219.1667 71.3712 -1 0 0 0 0.999 0.052 0 0.052 -0.999 87083.dat
1 71 15 219.1667 71.3712 0 0 -1 -0.052 0.999 0 0.999 0.052 0 32123.dat
1 1 -20 220.2067 51.3912 1 0 0 0 -0.999 0.052 0 -0.052 -0.999 6558.dat
1 72 0 219.1667 71.3712 0 1 0 0.999 0 0.052 0.052 0 -0.999 32523.dat
1 1 -20 218.1267 91.3512 1 0 0 0 -0.999 0.052 0 -0.052 -0.999 6558.dat
1 1 -20 118.2267 86.1512 1 0 0 0 -0.928102 0.374866 0 -0.374866 -0.928102 6558.dat
1 0 -30 98.2467 85.1112 -1 0 0 0 0.999 0.052 0 0.052 -0.999 4459.dat
1 0 -150 -0.6133 59.9312 1 0 0 0 0.999 -0.052 0 0.052 0.999 4459.dat
1 0 -135 0.4267 39.9512 0 -1 0 0.999 0 -0.052 0.052 0 0.999 6632.dat
1 0 -145 0.4267 39.9512 0 -1 0 0.999 0 -0.052 0.052 0 0.999 6632.dat
1 1 -150 0.4267 39.9512 1 0 0 0 0.999 -0.052 0 0.052 0.999 43093.dat
1 0 -15 0.4267 39.9512 0 1 0 -0.999 0 -0.052 -0.052 0 0.999 6632.dat
1 0 -10 -0.6133 59.9312 -1 0 0 0 -0.999 -0.052 0 -0.052 0.999 4459.dat
1 0 -25 0.4267 39.9512 0 1 0 -0.999 0 -0.052 -0.052 0 0.999 6632.dat
1 1 -10 0.4267 39.9512 -1 0 0 0 -0.999 -0.052 0 -0.052 0.999 43093.dat
1 0 -140 120.3067 46.1912 -1 0 0 0 -0.122606 -0.993063 0 -0.993063 0.122606 32054.dat
1 1 -110 120.3067 46.1912 -1 0 0 0 -0.993063 0.122606 0 0.122606 0.993063 43093.dat
1 1 -50 120.3067 46.1912 1 0 0 0 -0.993063 -0.122606 0 0.122606 -0.993063 43093.dat
1 1 -100 60.7229 53.5476 0 -1 0 -0.122606 0 0.993063 -0.993063 0 -0.122606 32526.dat
1 0 -80 70.6536 52.3215 -1 0 0 0 -0.993063 0.122606 0 0.122606 0.993063 32138.dat
1 1 -60 60.7229 53.5476 0 -1 0 -0.122606 0 0.993063 -0.993063 0 -0.122606 32526.dat
1 0 -20 120.3067 46.1912 1 0 0 0 0.122606 -0.993063 0 0.993063 0.122606 32054.dat
1 0 -20 121.3467 26.2112 0 1 0 -0.999 0 -0.052 -0.052 0 0.999 32140.dat
1 0 -10 119.2667 66.1712 1 0 0 0 0.999 -0.052 0 0.052 0.999 4459.dat
1 0 0 110.7379 104.7037 0 0 1 -0.928102 0.374866 0 -0.374866 -0.928102 0 42003.dat
1 0 0 56.8678 104.5362 0 0 1 -0.928102 0.374866 0 -0.374866 -0.928102 0 3707.dat
1 15 0 -8.0669 78.3273 0 0 1 -0.928102 0.374866 0 -0.374866 -0.928102 0 6536.dat
1 0 -160 110.7037 104.8602 0 0 1 -0.928102 0.374866 0 -0.374866 -0.928102 0 42003.dat
1 0 -160 56.8337 104.6926 0 0 1 -0.928102 0.374866 0 -0.374866 -0.928102 0 3707.dat
1 15 -160 -8.1021 78.4837 0 0 1 -0.928102 0.374866 0 -0.374866 -0.928102 0 6536.dat
1 0 0 225.4067 -48.5088 -1 0 0 0 -0.603316 0.79741 0 0.79741 0.603316 32013.dat
1 0 0 177.5601 -84.708 1 0 0 0 -0.137431 0.990579 0 -0.990579 -0.137431 32192.dat
1 0 0 128.0363 -77.8448 1 0 0 0 0.137431 -0.990579 0 0.990579 0.137431 59443.dat
1 0 0 68.6078 -69.6093 0 0 -1 -0.990579 0.137431 0 0.137431 0.990579 0 3706.dat
1 4 0 147.8463 -80.5896 0 0 -1 -0.990579 0.137431 0 0.137431 0.990579 0 32062.dat
1 4 0 201.4834 -66.6084 0 0 -1 -0.79741 -0.603316 0 -0.603316 0.79741 0 32062.dat
1 0 0 98.1902 -73.9347 0 -1 0 -0.992907 0 -0.119609 0.119609 0 -0.992907 6553.dat
1 71 -80 215.0623 -231.7966 1 0 0 0 -0.976855 0.21653 0 -0.21653 -0.976855 4519.dat
1 27 -100 136.9121 -249.1183 0 1 0 0.976855 0 0.21653 0.21653 0 -0.976855 32009.dat
1 71 -80 102.2685 -92.8178 1 0 0 0 0.976855 -0.21653 0 0.21653 0.976855 32073.dat
1 1 -80 123.9209 -190.5051 1 0 0 0 -0.954263 -0.300926 0 0.300926 -0.954263 6558.dat
1 1 -100 106.5991 -112.3549 -1 0 0 0 -0.737733 -0.675929 0 -0.675929 0.737733 6558.dat
1 71 -110 111.6058 -134.6021 -1 0 0 0 -0.423299 0.906718 0 0.906718 0.423299 4274.dat
1 71 -110 115.9364 -154.1392 -1 0 0 0 -0.423299 0.906718 0 0.906718 0.423299 4274.dat
1 71 -110 120.2667 -173.6773 -1 0 0 0 -0.423299 0.906718 0 0.906718 0.423299 4274.dat
1 0 -80 110.9294 -131.8929 0 -1 0 0.976855 0 -0.21653 0.21653 0 0.976855 32140.dat
1 0 -80 128.2512 -210.0432 0 1 0 -0.976855 0 -0.21653 -0.21653 0 0.976855 60483.dat
1 71 -80 128.2512 -210.0432 -1 0 0 0 0.976855 0.21653 0 0.21653 -0.976855 32073.dat
1 0 -50 97.9382 -73.2797 0 0 -1 -0.119272 -0.993712 0 -0.993712 0.119272 0 59443.dat
1 71 -80 97.9382 -73.2797 1 0 0 0 0.993712 0.119272 0 -0.119272 0.993712 4519.dat
1 0 -110 97.9382 -73.2797 0 0 -1 -0.119272 -0.993712 0 -0.993712 0.119272 0 59443.dat
1 1 -80 117.4753 -68.9491 -1 0 0 0 -0.737733 -0.675929 0 -0.675929 0.737733 6558.dat
1 27 -60 132.23 -55.4305 0 0 1 -0.675929 -0.737733 0 0.737733 -0.675929 0 6536.dat
1 27 -100 132.23 -55.4305 0 0 1 -0.675929 -0.737733 0 0.737733 -0.675929 0 6536.dat
1 1 -60 125.4707 -48.0532 0 0 1 0.675929 0.737733 0 -0.737733 0.675929 0 43093.dat
1 1 -100 125.4707 -48.0532 0 0 1 0.675929 0.737733 0 -0.737733 0.675929 0 43093.dat
1 72 -80 118.7114 -40.6759 0 0 1 -0.737733 0.675929 0 -0.675929 -0.737733 0 32523.dat
1 1 -80 111.9521 -33.2985 0 0 1 -0.675929 -0.737733 0 0.737733 -0.675929 0 43093.dat
1 71 -80 95.7289 -15.5926 -1 0 0 0 0.675929 -0.737733 0 -0.737733 -0.675929 2819.dat
1 27 -60 136.9197 -249.0686 0 1 0 0.976434 0 0.216107 0.216107 0 -0.976434 32009.dat
1 71 -50 119.6478 -170.9269 1 0 0 0 0.75518 -0.65636 0 0.65636 0.75518 4274.dat
1 71 -50 115.3293 -151.391 1 0 0 0 0.75518 -0.65636 0 0.65636 0.75518 4274.dat
1 71 -50 111.0118 -131.8561 1 0 0 0 0.75518 -0.65636 0 0.65636 0.75518 4274.dat
1 0 -160 225.4067 -48.5088 -1 0 0 0 -0.603316 0.79741 0 0.79741 0.603316 32013.dat
1 0 -160 177.5601 -84.708 1 0 0 0 -0.137431 0.990579 0 -0.990579 -0.137431 32192.dat
1 0 -160 128.0363 -77.8448 1 0 0 0 0.137431 -0.990579 0 0.990579 0.137431 59443.dat
1 0 -160 68.6078 -69.6093 0 0 -1 -0.990579 0.137431 0 0.137431 0.990579 0 3706.dat
1 4 -160 147.8463 -80.5896 0 0 -1 -0.990579 0.137431 0 0.137431 0.990579 0 32062.dat
1 4 -160 201.4834 -66.6084 0 0 -1 -0.79741 -0.603316 0 -0.603316 0.79741 0 32062.dat
1 0 -160 98.2714 -73.7431 0 1 0 -0.990846 0 0.137747 0.137747 0 0.990846 6553.dat
1 0 -80 -0.8178 -60.0158 1 0 0 0 1.000434 0.014038 0 -0.014038 1.000434 3708.dat
1 0 -210 -0.8178 -60.0158 0 0 -1 -1.000434 0.014038 0 0.014038 1.000434 0 32013.dat
1 71 -175 -0.8178 -60.0158 0 0 1 -0.014038 1.000434 0 -1.000434 -0.014038 0 32123.dat
1 15 -160 -0.8178 -60.0158 1 0 0 0 0.137747 -0.990846 0 0.990846 0.137747 32013.dat
1 0 -135 -0.8178 -60.0158 0 -1 0 1.000434 0 0.014038 -0.014038 0 1.000434 6632.dat
1 0 -145 -0.8178 -60.0158 0 -1 0 1.000434 0 0.014038 -0.014038 0 1.000434 6632.dat
1 0 -150 -0.5448 -40.0105 1 0 0 0 1.000434 0.014038 0 -0.014038 1.000434 4459.dat
1 1 -150 -0.2729 -20.0053 1 0 0 0 1.000434 0.014038 0 -0.014038 1.000434 43093.dat
1 71 -125 -0.8178 -60.0158 0 0 1 -0.014038 1.000434 0 -1.000434 -0.014038 0 32123.dat
1 71 -35 -0.8178 -60.0158 0 0 1 -0.014038 1.000434 0 -1.000434 -0.014038 0 32123.dat
1 15 -100 -0.8178 -60.0158 1 0 0 0 -0.990846 -0.137747 0 0.137747 -0.990846 62462.dat
1 15 -60 -0.8178 -60.0158 1 0 0 0 -0.990846 -0.137747 0 0.137747 -0.990846 62462.dat
1 0 -15 -0.8178 -60.0158 0 -1 0 1.000434 0 0.014038 -0.014038 0 1.000434 6632.dat
1 0 -25 -0.8178 -60.0158 0 -1 0 1.000434 0 0.014038 -0.014038 0 1.000434 6632.dat
1 0 -10 -0.5448 -40.0105 1 0 0 0 1.000434 0.014038 0 -0.014038 1.000434 4459.dat
1 1 -10 -0.2729 -20.0053 -1 0 0 0 -1.000434 0.014038 0 0.014038 1.000434 43093.dat
1 15 0 -0.8178 -60.0158 1 0 0 0 0.137747 -0.990846 0 0.990846 0.137747 32013.dat
1 71 15 -0.8178 -60.0158 0 0 1 -0.014038 1.000434 0 -1.000434 -0.014038 0 32123.dat
1 0 50 -0.8178 -60.0158 0 0 1 -1.000434 -0.014038 0 0.014038 -1.000434 0 32013.dat
1 15 -160 0 0 0 -1 0 1.000434 0 0.014038 -0.014038 0 1.000434 32316.dat
1 15 0 0 0 0 -1 0 1.000434 0 0.014038 -0.014038 0 1.000434 32316.dat
1 0 50 9.1854 -60.1522 0 -1 0 1.000434 0 0.014038 -0.014038 0 1.000434 4459.dat
1 0 50 29.3271 -50.422 0 0 1 -1.000434 -0.014038 0 0.014038 -1.000434 0 10247.dat
1 0 50 29.4354 -42.4197 0 0 1 -1.000434 -0.014038 0 0.014038 -1.000434 0 3068.dat
1 0 -210 9.1854 -60.1522 0 -1 0 1.000434 0 0.014038 -0.014038 0 1.000434 4459.dat
1 0 -210 29.4354 -42.4197 0 0 1 -1.000434 -0.014038 0 0.014038 -1.000434 0 3068.dat
1 0 -210 29.3271 -50.422 0 0 1 -1.000434 -0.014038 0 0.014038 -1.000434 0 10247.dat
1 27 -40 102.3749 -92.7853 -1 0 0 0 0.216107 -0.976434 0 -0.976434 -0.216107 6536.dat
1 27 -120 102.3749 -92.7853 -1 0 0 0 0.976434 0.216107 0 0.216107 -0.976434 6536.dat
1 0 -120 106.6933 -112.3202 1 0 0 0 -0.014038 1.000434 0 -1.000434 -0.014038 32013.dat
1 4 -120 76.685 -111.9119 0 0 -1 1.000434 -0.014038 0 -0.014038 -1.000434 0 32062.dat
1 0 -120 46.6776 -111.5035 0 0 1 -1.000434 -0.014038 0 0.014038 -1.000434 0 32054.dat
1 27 -42 127.256 -159.0003 0 -1 0 -0.216107 0 -0.976434 0.976434 0 -0.216107 3020.dat
1 0 -50 137.0244 -156.841 0 -1 0 -0.216107 0 -0.976434 0.976434 0 -0.216107 3710.dat
1 27 -42 127.256 -159.0003 0 -1 0 0.216107 0 0.976434 -0.976434 0 0.216107 88930.dat
1 27 -118 127.9309 -161.7088 0 1 0 0.216107 0 -0.976434 -0.976434 0 -0.216107 3020.dat
1 0 -110 137.6983 -159.5496 0 1 0 0.216107 0 -0.976434 -0.976434 0 -0.216107 3710.dat
1 27 -118 127.9309 -161.7088 0 1 0 -0.216107 0 0.976434 0.976434 0 0.216107 88930.dat
1 0 -40 147.8196 -205.6792 -1 0 0 0 0.976434 0.216107 0 0.216107 -0.976434 42003.dat
1 71 -40 169.5138 -211.1292 0 0 1 0.216107 0.976434 0 -0.976434 0.216107 0 4274.dat
1 71 -40 149.9789 -215.4467 0 0 1 0.216107 0.976434 0 -0.976434 0.216107 0 4274.dat
1 0 -40 161.4733 -221.102 0 0 -1 -0.976434 -0.216107 0 -0.216107 0.976434 0 3023.dat
1 47 -40 172.9688 -226.7573 0 0 -1 -0.976434 -0.216107 0 -0.216107 0.976434 0 3024.dat
1 57 -40 174.6958 -234.5719 0 0 -1 -0.976434 -0.216107 0 -0.216107 0.976434 0 3024.dat
1 47 -40 151.7059 -223.2612 -1 0 0 0 -0.216107 0.976434 0 0.976434 0.216107 54200.dat
1 0 -120 147.8196 -205.6792 -1 0 0 0 0.976434 0.216107 0 0.216107 -0.976434 42003.dat
1 71 -120 169.5138 -211.1292 0 0 1 0.216107 0.976434 0 -0.976434 0.216107 0 4274.dat
1 71 -120 149.9789 -215.4467 0 0 1 0.216107 0.976434 0 -0.976434 0.216107 0 4274.dat
1 0 -120 161.4733 -221.102 0 0 -1 -0.976434 -0.216107 0 -0.216107 0.976434 0 3023.dat
1 47 -120 172.9688 -226.7573 0 0 -1 -0.976434 -0.216107 0 -0.216107 0.976434 0 3024.dat
1 57 -120 174.6958 -234.5719 0 0 -1 -0.976434 -0.216107 0 -0.216107 0.976434 0 3024.dat
1 47 -120 151.7059 -223.2612 -1 0 0 0 -0.216107 0.976434 0 0.976434 0.216107 54200.dat
1 27 0 120.3067 46.1912 1 0 0 0 0.999 -0.052 0 0.052 0.999 61071.dat
1 27 -160 120.3067 46.1912 1 0 0 0 0.999 -0.052 0 0.052 0.999 61070.dat
1 71 30 219.1667 71.3712 0 0 1 -0.052 -0.999 0 0.999 -0.052 0 41896.dat
1 256 30 219.1667 71.3712 0 0 1 -0.052 -0.999 0 0.999 -0.052 0 61480.dat
1 71 -190 219.1667 71.3712 0 0 -1 0.052 -0.999 0 -0.999 -0.052 0 41896.dat
1 256 -190 219.1667 71.3712 0 0 -1 0.052 -0.999 0 -0.999 -0.052 0 61480.dat
1 71 30 233.2067 -198.3587 0 0 1 0.052 0.999 0 -0.999 0.052 0 56145.dat
1 256 30 233.2067 -198.3587 0 0 1 0.052 0.999 0 -0.999 0.052 0 55976.dat
1 256 -190 233.2067 -198.3587 0 0 -1 -0.052 0.999 0 0.999 0.052 0 55976.dat
1 71 -190 233.2067 -198.3587 0 0 -1 -0.052 0.999 0 0.999 0.052 0 56145.dat
1 0 -140 234.006 731.291 0 1 0 -1 0 0 0 0 1 32009.dat
1 0 -140 234.006 591.291 1 0 0 0 1 0 0 0 1 32054.dat
1 1 -170 234.006 591.291 1 0 0 0 1 0 0 0 1 43093.dat
1 72 -120 234.006 551.291 0 1 0 -1 0 0 0 0 1 32316.dat
1 0 -130 234.006 511.291 1 0 0 0 1 0 0 0 1 2780.dat
1 71 -80 234.006 571.291 1 0 0 0 1 0 0 0 1 44294.dat
1 71 -80 234.006 531.291 1 0 0 0 1 0 0 0 1 44294.dat
1 0 -105 234.006 531.291 0 1 0 -1 0 0 0 0 1 6632.dat
1 0 -55 234.006 531.291 0 1 0 -1 0 0 0 0 1 6632.dat
1 0 -90 234.006 557.291 0 0 1 -1 0 0 0 -1 0 32529.dat
1 0 -70 234.006 557.291 0 0 1 -1 0 0 0 -1 0 32529.dat
1 14 -80 234.006 571.291 1 0 0 0 0 1 0 -1 0 2797.dat
1 71 -120 154.006 731.291 0 0 1 1 0 0 0 1 0 3713.dat
1 71 -140 154.006 731.291 1 0 0 0 0 1 0 -1 0 32073.dat
1 0 -80 154.006 731.291 0 0 1 0 -1 0 1 0 0 32034.dat
1 71 -20 154.006 731.291 -1 0 0 0 0 1 0 1 0 32073.dat
1 71 -40 154.006 731.291 0 0 -1 1 0 0 0 -1 0 3713.dat
1 71 -160 234.006 621.291 0 -1 0 -1 0 0 0 0 -1 43857.dat
1 1 -160 234.006 631.291 -1 0 0 0 1 0 0 0 -1 6558.dat
1 72 -180 234.006 611.291 0 -1 0 -1 0 0 0 0 -1 32523.dat
1 72 -190 234.006 611.291 1 0 0 0 -1 0 0 0 -1 87083.dat
1 0 -140 234.006 391.291 0 -1 0 1 0 0 0 0 1 32278.dat
1 0 -150 234.006 291.291 1 0 0 0 0.259 -0.966 0 0.966 0.259 2780.dat
1 0 -130 234.006 551.291 1 0 0 0 1 0 0 0 1 2780.dat
1 72 -160 234.006 431.291 0 -1 0 -1 0 0 0 0 -1 32523.dat
1 1 -160 234.006 411.291 -1 0 0 0 1 0 0 0 -1 6558.dat
1 1 -160 234.006 451.291 -1 0 0 0 1 0 0 0 -1 6558.dat
1 72 -180 234.006 431.291 0 -1 0 -1 0 0 0 0 -1 32523.dat
1 72 -190 234.006 431.291 1 0 0 0 -1 0 0 0 -1 87083.dat
1 0 -80 234.006 371.291 0 0 1 -1 0 0 0 -1 0 32034.dat
1 72 -40 234.006 371.291 0 1 0 -1 0 0 0 0 1 60483.dat
1 72 -120 234.006 371.291 0 1 0 -1 0 0 0 0 1 60483.dat
1 0 -30 234.006 391.291 1 0 0 0 1 0 0 0 1 2780.dat
1 71 -40 234.006 371.291 -1 0 0 0 -1 0 0 0 1 4519.dat
1 0 -130 234.006 391.291 1 0 0 0 1 0 0 0 1 2780.dat
1 71 -120 234.006 371.291 -1 0 0 0 -1 0 0 0 1 4519.dat
1 0 -80 204.006 371.291 -1 0 0 0 0 1 0 1 0 59443.dat
1 19 -80 174.006 371.291 0 1 0 0 0 -1 -1 0 0 32269.dat
1 0 -80 164.006 371.291 0 1 0 -1 0 0 0 0 1 3705.dat
1 19 -80 224.006 371.291 0 0 1 -1 0 0 0 -1 0 3749.dat
1 0 -80 154.006 421.291 0 0 1 0 1 0 -1 0 0 3705.dat
1 0 -80 154.006 461.291 -1 0 0 0 1 0 0 0 -1 59443.dat
1 0 -80 154.006 431.291 0 0 1 0 1 0 -1 0 0 32034.dat
1 71 -80 154.006 416.291 -1 0 0 0 1 0 0 0 -1 32123.dat
1 0 -80 154.006 401.291 -1 0 0 0 1 0 0 0 -1 32270.dat
1 71 -40 154.006 431.291 1 0 0 0 1 0 0 0 1 4519.dat
1 71 -120 154.006 431.291 1 0 0 0 1 0 0 0 1 4519.dat
1 72 -115 154.006 401.291 0 -1 0 1 0 0 0 0 1 32449.dat
1 72 -125 154.006 401.291 0 -1 0 1 0 0 0 0 1 32449.dat
1 0 -80 154.006 371.291 0 0 1 -1 0 0 0 -1 0 32034.dat
1 71 -140 154.006 371.291 -1 0 0 0 0 1 0 1 0 32073.dat
1 71 -20 154.006 371.291 -1 0 0 0 0 1 0 1 0 32073.dat
1 72 -35 154.006 401.291 0 -1 0 1 0 0 0 0 1 32449.dat
1 72 -45 154.006 401.291 0 -1 0 1 0 0 0 0 1 32449.dat
1 0 -30 154.006 391.291 1 0 0 0 1 0 0 0 1 2780.dat
1 0 -130 154.006 391.291 1 0 0 0 1 0 0 0 1 2780.dat
1 0 -80 154.006 581.291 0 0 1 0 1 0 -1 0 0 3708.dat
1 0 -80 154.006 701.291 -1 0 0 0 1 0 0 0 -1 59443.dat
1 72 -80 134.006 371.291 -1 0 0 0 0 1 0 1 0 10928.dat
1 0 -80 154.006 741.291 0 0 1 0 1 0 -1 0 0 3705.dat
1 71 -80 154.006 746.291 -1 0 0 0 1 0 0 0 -1 32123.dat
1 0 -80 154.006 761.291 -1 0 0 0 1 0 0 0 -1 32270.dat
1 0 -160 154.006 711.291 -1 0 0 0 0 1 0 1 0 32184.dat
1 1 -150 154.006 691.291 -1 0 0 0 0 1 0 1 0 43093.dat
1 0 -140 154.006 631.291 0 1 0 -1 0 0 0 0 1 32524.dat
1 0 -130 154.006 571.291 1 0 0 0 1 0 0 0 1 2780.dat
1 0 -130 154.006 591.291 1 0 0 0 1 0 0 0 1 2780.dat
1 0 -160 144.006 711.291 0 0 1 1 0 0 0 1 0 2780.dat
1 72 -120 154.006 551.291 0 -1 0 1 0 0 0 0 1 32316.dat
1 0 -130 154.006 531.291 1 0 0 0 1 0 0 0 1 2780.dat
1 0 -130 154.006 511.291 1 0 0 0 1 0 0 0 1 2780.dat
1 0 -140 154.006 391.291 0 -1 0 1 0 0 0 0 1 32278.dat
1 0 -130 154.006 471.291 1 0 0 0 1 0 0 0 1 2780.dat
1 0 -130 154.006 491.291 1 0 0 0 1 0 0 0 1 2780.dat
1 0 -130 154.006 551.291 1 0 0 0 1 0 0 0 1 2780.dat
1 72 -120 134.006 481.291 0 0 1 0 1 0 -1 0 0 32291.dat
1 1 -120 134.006 491.291 0 0 -1 0 -1 0 -1 0 0 43093.dat
1 72 -140 194.006 551.291 0 1 0 0 0 -1 -1 0 0 32316.dat
1 0 -40 194.006 291.291 0 0 -1 0 1 0 1 0 0 32184.dat
1 71 -40 214.006 291.291 0 0 -1 0 1 0 1 0 0 32073.dat
1 71 -40 174.006 291.291 0 0 -1 0 1 0 1 0 0 32073.dat
1 72 -40 194.006 311.291 0 0 -1 0 1 0 1 0 0 47223a.dat
1 72 -40 194.006 271.291 0 0 -1 0 -1 0 -1 0 0 47223a.dat
1 72 -40 174.006 251.291 0 0 -1 0 -1 0 -1 0 0 6536.dat
1 72 -40 174.006 331.291 0 0 -1 0 -1 0 -1 0 0 6536.dat
1 72 -40 214.006 251.291 0 0 1 0 1 0 -1 0 0 6536.dat
1 72 -40 214.006 331.291 0 0 1 0 1 0 -1 0 0 6536.dat
1 0 -40 154.006 331.291 1 0 0 0 1 0 0 0 1 32054.dat
1 71 -80 154.006 331.291 1 0 0 0 1 0 0 0 1 4519.dat
1 0 -120 154.006 331.291 -1 0 0 0 1 0 0 0 -1 32054.dat
1 72 -120 194.006 331.291 0 -1 0 0 0 1 -1 0 0 32316.dat
1 0 -40 234.006 331.291 1 0 0 0 1 0 0 0 1 32054.dat
1 71 -80 214.006 331.291 -1 0 0 0 -1 0 0 0 1 42003.dat
1 71 -80 234.006 331.291 1 0 0 0 1 0 0 0 1 4519.dat
1 0 -120 234.006 331.291 -1 0 0 0 1 0 0 0 -1 32054.dat
1 0 -40 154.006 251.291 1 0 0 0 1 0 0 0 1 32054.dat
1 0 -60 194.006 171.291 0 -1 0 1 0 0 0 0 1 32526.dat
1 1 -40 234.006 251.291 1 0 0 0 1 0 0 0 1 6558.dat
1 0 -120 154.006 251.291 -1 0 0 0 1 0 0 0 -1 32054.dat
1 71 -80 154.006 251.291 1 0 0 0 1 0 0 0 1 4519.dat
1 0 -100 194.006 251.291 -1 0 0 0 1 0 0 0 -1 32054.dat
1 1 -70 194.006 251.291 -1 0 0 0 1 0 0 0 -1 43093.dat
1 1 -80 194.006 191.291 -1 0 0 0 1 0 0 0 -1 6558.dat
1 1 -80 194.006 171.291 -1 0 0 0 1 0 0 0 -1 6558.dat
1 71 -80 194.006 171.291 0 0 -1 -1 0 0 0 1 0 42003.dat
1 0 -100 194.006 171.291 0 -1 0 1 0 0 0 0 1 32526.dat
1 1 -120 234.006 251.291 -1 0 0 0 1 0 0 0 -1 6558.dat
1 72 -120 194.006 251.291 0 -1 0 0 0 1 -1 0 0 32316.dat
1 72 -80 222.006 151.291 0 0 -1 -1 0 0 0 1 0 87083.dat
1 16 -16 194.006 241.291 1 0 0 0 0 -1 0 1 0 165.dat
1 16 -46 199.006 381.291 -1 0 0 0 0 1 0 1 0 165.dat
1 16 -10 183.006 241.291 0 0 -1 -1 0 0 0 1 0 165.dat
1 16 -80 77.144 271.414 0 0 1 0.997 -0.078 0 0.078 0.997 0 165.dat
1 16 -10 205.006 241.291 0 0 -1 -1 0 0 0 1 0 165.dat
1 16 -80 -18.56 263.882 0 0 -1 -0.997 -0.078 0 -0.078 0.997 0 165.dat
1 16 -10 205.006 341.291 0 0 1 -1 0 0 0 -1 0 165.dat
1 16 -80 -357.895 373.434 0 0 -1 -0.84 0.543 0 0.543 0.84 0 165.dat
1 16 -16 194.006 341.291 -1 0 0 0 0 -1 0 -1 0 165.dat
1 16 -22 199.006 405.291 0 -1 0 0 0 1 -1 0 0 165.dat
1 16 -10 183.006 341.291 0 0 1 -1 0 0 0 -1 0 165.dat
1 16 -80 -277.268 321.324 0 0 -1 -0.84 0.543 0 0.543 0.84 0 165.dat
1 71 -46 199.006 405.291 0 1 0 -1 0 0 0 0 1 4697b.dat
1 16 -46 199.006 429.291 0 0 1 -1 0 0 0 -1 0 165.dat
1 16 -80 194.006 571.291 0 0 -1 0 1 0 1 0 0 165.dat
1 72 -40 234.006 551.291 0 1 0 -1 0 0 0 0 1 32316.dat
1 0 -30 234.006 551.291 1 0 0 0 1 0 0 0 1 2780.dat
1 0 -20 234.006 731.291 0 1 0 -1 0 0 0 0 1 32009.dat
1 0 -30 234.006 511.291 1 0 0 0 1 0 0 0 1 2780.dat
1 0 -20 234.006 591.291 -1 0 0 0 -1 0 0 0 1 32054.dat
1 1 10 234.006 591.291 -1 0 0 0 -1 0 0 0 1 43093.dat
1 0 -20 234.006 391.291 0 -1 0 1 0 0 0 0 1 32278.dat
1 0 -10 234.006 291.291 1 0 0 0 0.259 -0.966 0 0.966 0.259 2780.dat
1 71 0 234.006 621.291 0 1 0 1 0 0 0 0 -1 43857.dat
1 1 0 234.006 631.291 1 0 0 0 -1 0 0 0 -1 6558.dat
1 72 20 234.006 611.291 0 1 0 1 0 0 0 0 -1 32523.dat
1 72 30 234.006 611.291 -1 0 0 0 1 0 0 0 -1 87083.dat
1 72 0 234.006 431.291 0 1 0 1 0 0 0 0 -1 32523.dat
1 72 20 234.006 431.291 0 1 0 1 0 0 0 0 -1 32523.dat
1 1 0 234.006 451.291 1 0 0 0 -1 0 0 0 -1 6558.dat
1 1 0 234.006 411.291 1 0 0 0 -1 0 0 0 -1 6558.dat
1 72 30 234.006 431.291 -1 0 0 0 1 0 0 0 -1 87083.dat
1 0 0 154.006 711.291 1 0 0 0 0 -1 0 1 0 32184.dat
1 1 -10 154.006 691.291 1 0 0 0 0 -1 0 1 0 43093.dat
1 0 -30 154.006 591.291 -1 0 0 0 -1 0 0 0 1 2780.dat
1 0 -30 154.006 571.291 -1 0 0 0 -1 0 0 0 1 2780.dat
1 0 -20 154.006 631.291 0 -1 0 1 0 0 0 0 1 32524.dat
1 0 0 144.006 711.291 0 0 1 1 0 0 0 1 0 2780.dat
1 72 -40 154.006 551.291 0 1 0 -1 0 0 0 0 1 32316.dat
1 0 -30 154.006 531.291 -1 0 0 0 -1 0 0 0 1 2780.dat
1 0 -30 154.006 511.291 -1 0 0 0 -1 0 0 0 1 2780.dat
1 0 -20 154.006 391.291 0 1 0 -1 0 0 0 0 1 32278.dat
1 0 -30 154.006 471.291 -1 0 0 0 -1 0 0 0 1 2780.dat
1 0 -30 154.006 491.291 -1 0 0 0 -1 0 0 0 1 2780.dat
1 72 -40 134.006 481.291 0 0 1 0 1 0 -1 0 0 32291.dat
1 1 -40 134.006 491.291 0 0 -1 0 -1 0 -1 0 0 43093.dat
1 0 -30 154.006 551.291 -1 0 0 0 -1 0 0 0 1 2780.dat
1 72 -20 194.006 551.291 0 1 0 0 0 -1 -1 0 0 32316.dat
1 71 -5 154.006 371.291 0 0 -1 0 1 0 1 0 0 32123.dat
1 71 -155 154.006 371.291 0 0 -1 0 1 0 1 0 0 32123.dat
1 72 0 249.535 349.247 0 1 0 0.966 0 -0.259 -0.259 0 -0.966 32140.dat
1 0 -80 249.535 349.247 -1 0 0 0 0.259 0.966 0 0.966 -0.259 3737.dat
1 72 -160 249.535 349.247 0 1 0 0.966 0 -0.259 -0.259 0 -0.966 32140.dat
1 72 -20 134.006 711.291 0 1 0 0 0 -1 -1 0 0 6536.dat
1 72 -140 134.006 711.291 0 -1 0 0 0 1 -1 0 0 6536.dat
1 71 -20 134.006 691.291 0 -1 0 0 0 1 -1 0 0 4519.dat
1 71 -140 134.006 691.291 0 -1 0 0 0 1 -1 0 0 4519.dat
1 72 -80 134.006 691.291 0 0 1 1 0 0 0 1 0 40490.dat
1 0 0 134.006 681.291 0 0 1 0 -1 0 1 0 0 2780.dat
1 0 -160 134.006 681.291 0 0 1 0 -1 0 1 0 0 2780.dat
1 72 60 134.006 671.291 -1 0 0 0 0 1 0 1 0 32009.dat
1 72 -220 134.006 671.291 1 0 0 0 0 1 0 -1 0 32009.dat
1 72 -80 134.006 501.291 0 0 1 1 0 0 0 1 0 40490.dat
1 0 -160 134.006 491.291 0 0 1 0 -1 0 1 0 0 2780.dat
1 72 -220 134.006 481.291 1 0 0 0 0 1 0 -1 0 32009.dat
1 72 60 134.006 481.291 -1 0 0 0 0 1 0 1 0 32009.dat
1 0 0 134.006 491.291 0 0 1 0 -1 0 1 0 0 2780.dat
1 1 -140 134.006 491.291 0 0 -1 0 -1 0 -1 0 0 43093.dat
1 1 -20 134.006 491.291 0 0 -1 0 -1 0 -1 0 0 43093.dat
1 72 -170 154.006 371.291 -1 0 0 0 0 1 0 1 0 32291.dat
1 72 10 154.006 371.291 -1 0 0 0 0 1 0 1 0 32291.dat
1 71 -180 144.006 391.291 0 0 -1 -1 0 0 0 1 0 4274.dat
1 71 -160 144.006 391.291 0 0 -1 -1 0 0 0 1 0 4274.dat
1 71 20 144.006 391.291 0 0 -1 -1 0 0 0 1 0 4274.dat
1 71 0 144.006 391.291 0 0 -1 -1 0 0 0 1 0 4274.dat
1 0 -170 136.006 391.291 1 0 0 0 1 0 0 0 1 3023.dat
1 0 10 136.006 391.291 1 0 0 0 1 0 0 0 1 3023.dat
1 0 -180 128.006 391.291 0 0 1 0 1 0 -1 0 0 2555.dat
1 0 -160 128.006 391.291 0 0 1 0 1 0 -1 0 0 2555.dat
1 0 20 128.006 391.291 0 0 1 0 1 0 -1 0 0 2555.dat
1 0 0 128.006 391.291 0 0 1 0 1 0 -1 0 0 2555.dat
1 0 -140 154.006 271.291 1 0 0 0 1 0 0 0 1 32054.dat
1 0 -140 154.006 311.291 1 0 0 0 1 0 0 0 1 32054.dat
1 0 -20 154.006 271.291 -1 0 0 0 -1 0 0 0 1 32054.dat
1 0 -20 154.006 311.291 -1 0 0 0 -1 0 0 0 1 32054.dat
1 0 -80 154.006 291.291 1 0 0 0 1 0 0 0 1 48168.dat
1 72 -80 154.006 291.291 1 0 0 0 1 0 0 0 1 48452.dat
1 0 -40 114.006 271.291 -1 0 0 0 -1 0 0 0 1 32054.dat
1 0 -40 114.006 291.291 -1 0 0 0 -1 0 0 0 1 32054.dat
1 0 -120 114.006 271.291 1 0 0 0 1 0 0 0 1 32054.dat
1 0 -120 114.006 291.291 1 0 0 0 1 0 0 0 1 32054.dat
1 71 -80 114.006 311.291 1 0 0 0 0 1 0 -1 0 4519.dat
1 0 -75 94.006 311.291 0 -1 0 0 0 1 -1 0 0 41677.dat
1 0 -85 94.006 311.291 0 -1 0 0 0 1 -1 0 0 41677.dat
1 71 -80 94.006 311.291 1 0 0 0 0 1 0 -1 0 4519.dat
1 71 -65 94.006 311.291 0 0 1 0 -1 0 1 0 0 32123.dat
1 71 -95 94.006 311.291 0 0 1 0 -1 0 1 0 0 32123.dat
1 0 -105 74.006 311.291 0 -1 0 0 0 1 -1 0 0 41677.dat
1 71 -80 74.006 311.291 1 0 0 0 0 1 0 -1 0 4519.dat
1 4 -100 114.006 231.291 0 1 0 0 0 1 1 0 0 32009.dat
1 71 -80 -45.994 231.291 1 0 0 0 1 0 0 0 1 4519.dat
1 0 -55 74.006 311.291 0 -1 0 0 0 1 -1 0 0 41677.dat
1 14 -80 74.006 311.291 1 0 0 0 0.997 -0.078 0 0.078 0.997 47224.dat
1 0 -80 -31.667 302.974 1 0 0 0 0.997 -0.078 0 0.078 0.997 2795.dat
1 0 -80 -94.422 298.035 1 0 0 0 0.997 -0.078 0 0.078 0.997 2796.dat
1 4 -60 114.006 231.291 0 1 0 0 0 1 1 0 0 32009.dat
1 4 -80 -153.234 321.311 0 -1 0 0.643 0 -0.766 0.766 0 0.643 32278.dat
1 71 -80 -122.594 295.591 1 0 0 0 -0.766 -0.643 0 0.643 -0.766 4519.dat
1 0 -80 -122.594 295.591 1 0 0 0 0.766 0.643 0 -0.643 0.766 41678.dat
1 71 -80 -107.274 282.731 1 0 0 0 -0.766 -0.643 0 0.643 -0.766 4519.dat
1 0 -95 -107.274 282.731 0 -1 0 0.766 0 0.643 -0.643 0 0.766 41677.dat
1 0 -105 -122.594 295.591 0 -1 0 -0.643 0 0.766 -0.766 0 -0.643 41677.dat
1 0 -55 -122.594 295.591 0 -1 0 -0.643 0 0.766 -0.766 0 -0.643 41677.dat
1 0 -65 -107.274 282.731 0 -1 0 0.766 0 0.643 -0.643 0 0.766 41677.dat
1 1 -80 -260.474 411.331 1 0 0 0 -0.643 0.766 0 -0.766 -0.643 6558.dat
1 1 -80 -245.154 398.471 1 0 0 0 -0.643 0.766 0 -0.766 -0.643 6558.dat
1 1 -80 -214.514 372.751 1 0 0 0 -0.643 0.766 0 -0.766 -0.643 6558.dat
1 4 -100 -275.794 424.191 0 1 0 0.643 0 0.766 0.766 0 -0.643 32316.dat
1 1 -80 -306.434 449.911 1 0 0 0 -0.643 0.766 0 -0.766 -0.643 6558.dat
1 1 -80 -291.114 437.051 1 0 0 0 -0.643 0.766 0 -0.766 -0.643 6558.dat
1 4 -80 -321.754 462.771 0 1 0 0.643 0 0.766 0.766 0 -0.643 32316.dat
1 4 -60 -275.794 424.191 0 1 0 0.643 0 0.766 0.766 0 -0.643 32316.dat
1 19 -80 -352.394 488.491 -1 0 0 0 0.643 0.766 0 0.766 -0.643 32556.dat
1 4 -100 -352.394 488.491 0 -1 0 -0.766 0 -0.643 0.643 0 -0.766 32524.dat
1 1 -80 -326.674 519.131 1 0 0 0 -0.643 0.766 0 -0.766 -0.643 6558.dat
1 1 -80 -313.814 534.451 1 0 0 0 -0.643 0.766 0 -0.766 -0.643 6558.dat
1 19 -80 -390.974 442.531 -1 0 0 0 0.643 0.766 0 0.766 -0.643 32556.dat
1 0 -95 -229.834 385.611 0 -1 0 -0.643 0 0.766 -0.766 0 -0.643 6632.dat
1 71 -80 -199.194 359.891 1 0 0 0 -0.643 0.766 0 -0.766 -0.643 4519.dat
1 0 -105 -229.834 385.611 0 -1 0 -0.643 0 0.766 -0.766 0 -0.643 32056.dat
1 71 -80 -255.554 354.971 1 0 0 0 -0.643 0.766 0 -0.766 -0.643 4519.dat
1 71 -80 -229.834 385.611 1 0 0 0 -0.643 0.766 0 -0.766 -0.643 4519.dat
1 14 -80 -255.554 354.971 1 0 0 0 0.839604 0.542872 0 -0.542872 0.839604 47224.dat
1 0 -80 -344.5768 412.531 1 0 0 0 0.839604 0.542872 0 -0.542872 0.839604 2795.dat
1 0 -80 -390.974 442.531 1 0 0 0 0.839604 0.542872 0 -0.542872 0.839604 2796.dat
1 0 -65 -229.834 385.611 0 -1 0 -0.643 0 0.766 -0.766 0 -0.643 6632.dat
1 0 -55 -229.834 385.611 0 -1 0 -0.643 0 0.766 -0.766 0 -0.643 32056.dat
1 4 -80 -236.654 626.371 0 -1 0 0.766 0 0.643 -0.643 0 0.766 32278.dat
1 4 -60 -352.394 488.491 0 -1 0 -0.766 0 -0.643 0.643 0 -0.766 32524.dat
1 4 -80 -146.634 733.611 1 0 0 0 0.643 -0.766 0 0.766 0.643 32062.dat
1 0 -95 -133.774 748.931 0 -1 0 -0.766 0 -0.643 0.643 0 -0.766 41677.dat
1 4 -80 -133.774 748.931 1 0 0 0 0.643 -0.766 0 0.766 0.643 32062.dat
1 0 -65 -133.774 748.931 0 -1 0 -0.766 0 -0.643 0.643 0 -0.766 41677.dat
1 72 -80 -113.7717 748.9273 0 0 -1 0 -1.000205 0 -1.000205 0 0 6536.dat
1 4 -80 -94.414 298.051 1 0 0 0 -0.643 0.766 0 -0.766 -0.643 32062.dat
1 0 -70 -53.864 748.861 1 0 0 0 1 0 0 0 1 3706.dat
1 0 -10 -53.864 748.861 0 0 1 0 1 0 -1 0 0 59443.dat
1 72 -40 -73.864 748.861 0 0 1 0 1 0 -1 0 0 6536.dat
1 71 -70 -53.864 748.861 0 0 1 0 1 0 -1 0 0 4716.dat
1 4 -40 -73.864 748.861 0 0 1 0 1 0 -1 0 0 32062.dat
1 71 -100 -53.864 748.861 0 0 -1 0 1 0 1 0 0 3713.dat
1 72 -120 -73.864 748.861 0 0 1 0 1 0 -1 0 0 6536.dat
1 4 -120 -73.864 748.861 0 0 1 0 1 0 -1 0 0 32062.dat
1 0 -80 -73.864 763.861 -1 0 0 0 0 -1 0 -1 0 2905.dat
1 0 -60 -73.864 748.861 0 -0.866 -0.5 0 0.5 -0.866 1 0 0 3706.dat
1 72 -60 -73.864 748.861 1 0 0 0 -1 0 0 0 -1 10928.dat
1 0 -80 -73.864 733.861 -1 0 0 0 0 -1 0 -1 0 2905.dat
1 0 20 -53.864 748.861 0 0 -1 0 1 0 1 0 0 32270.dat
1 4 10 -53.864 748.861 -1 0 0 0 1 0 0 0 -1 32062.dat
1 0 -60 -73.864 798.861 -0.866 0 0.5 0.5 0 0.866 0 1 0 32348.dat
1 71 -60 -73.864 778.861 -0.5 0.866 0 -0.866 -0.5 0 0 0 1 3713.dat
1 0 -100 -73.864 798.861 0.866 0 -0.5 0.5 0 0.866 0 -1 0 32348.dat
1 71 -100 -73.864 778.861 -0.866 0.5 0 -0.5 -0.866 0 0 0 1 3713.dat
1 0 -100 -73.864 748.861 0 -0.5 -0.866 0 0.866 -0.5 1 0 0 3706.dat
1 71 -60 -73.864 718.861 0.866 -0.5 0 -0.5 -0.866 0 0 0 -1 94925.dat
1 71 -100 -73.864 718.861 0.866 0.5 0 0.5 -0.866 0 0 0 -1 94925.dat
1 0 -100 -73.864 698.861 0.866 0 -0.5 0.5 0 0.866 0 -1 0 32348.dat
1 0 -60 -73.864 698.861 -0.866 0 0.5 0.5 0 0.866 0 1 0 32348.dat
1 4 -80 -113.864 748.861 0 0 -1 0 -1 0 -1 0 0 32062.dat
1 71 50 234.006 431.291 0 0 1 0 1 0 -1 0 0 56145.dat
1 256 50 234.006 431.291 0 0 1 0 1 0 -1 0 0 55976.dat
1 71 50 234.006 611.291 0 0 1 0 1 0 -1 0 0 56145.dat
1 256 50 234.006 611.291 0 0 1 0 1 0 -1 0 0 55976.dat
1 71 -210 234.006 431.291 0 0 -1 0 1 0 1 0 0 56145.dat
1 256 -210 234.006 431.291 0 0 -1 0 1 0 1 0 0 55976.dat
1 71 -210 234.006 611.291 0 0 -1 0 1 0 1 0 0 56145.dat
1 256 -210 234.006 611.291 0 0 -1 0 1 0 1 0 0 55976.dat
1 0 -80 42.006 391.291 -1 0 0 0 0 1 0 1 0 6046.dat
1 70 -27 105.006 497.291 1 0 0 0 0 1 0 -1 0 3941.dat
1 70 -27 105.006 473.291 1 0 0 0 0 1 0 -1 0 3941.dat
1 70 -27 105.006 545.291 1 0 0 0 0 1 0 -1 0 3941.dat
1 70 -27 105.006 521.291 1 0 0 0 0 1 0 -1 0 3941.dat
1 70 -27 105.006 593.291 1 0 0 0 0 1 0 -1 0 3941.dat
1 70 -27 105.006 569.291 1 0 0 0 0 1 0 -1 0 3941.dat
1 70 -27 105.006 641.291 1 0 0 0 0 1 0 -1 0 3941.dat
1 70 -27 105.006 617.291 1 0 0 0 0 1 0 -1 0 3941.dat
1 70 -27 105.006 689.291 1 0 0 0 0 1 0 -1 0 3941.dat
1 70 -27 105.006 665.291 1 0 0 0 0 1 0 -1 0 3941.dat
