0 Main
0 Name: 6810-1 - Laser Ranger.mpd
0 Author: LTRON
1 15 0 0 0 0 0 1 0 1 0 -1 0 0 3034.dat
1 0 0 -8 10 0 0 1 0 1 0 -1 0 0 3021.dat
1 0 10 -8 60 0 0 1 0 1 0 -1 0 0 3475.dat
1 0 -10 -8 60 0 0 -1 0 1 0 1 0 0 3475.dat
1 15 0 -8 -40 1 0 0 0 1 0 0 0 1 4859.dat
1 15 0 -8 -70 1 0 0 0 1 0 0 0 1 4596.dat
1 15 0 -32 70 -1 0 0 0 1 0 0 0 -1 3937.dat
1 15 10 -32 40 0 0 -1 0 1 0 1 0 0 3937.dat
1 15 -10 -32 40 0 0 1 0 1 0 -1 0 0 3937.dat
1 15 0 -32 -50 1 0 0 0 1 0 0 0 1 3298.dat
1 15 -10 -40 -50 0.92388 0 -0.382683 0 1 0 0.382683 0 0.92388 4592.dat
1 15 10 -40 -50 0.92388 0 0.382683 0 1 0 -0.382683 0 0.92388 4592.dat
1 0 -10 -40 -50 0.92388 0.270598 -0.270598 0 0.707107 0.707107 0.382683 -0.653281 0.653281 4593.dat
1 0 10 -40 -50 0.92388 -0.270598 0.270598 0 0.707107 0.707107 -0.382683 -0.653281 0.653281 4593.dat
1 15 0 -29.0711 77.0711 1 0 0 0 0.707107 0.707107 0 -0.707107 0.707107 3938.dat
1 36 -10 -34.7279 82.7279 1 0 0 0 0.707107 0.707107 0 -0.707107 0.707107 6141.dat
1 36 10 -34.7279 82.7279 1 0 0 0 0.707107 0.707107 0 -0.707107 0.707107 6141.dat
1 15 -10 -63.0122 111.0122 1 0 0 0 0.707107 0.707107 0 -0.707107 0.707107 2343.dat
1 15 10 -63.0122 111.0122 1 0 0 0 0.707107 0.707107 0 -0.707107 0.707107 2343.dat
1 0 -19.2388 -25.8268 40 0 0.92388 -0.382683 0 0.382683 0.92388 1 0 0 3938.dat
1 15 -63.585 -44.1956 40 0 0.92388 0.382683 0 0.382683 -0.92388 -1 0 0 4864.dat
1 33 -70.9761 -47.2571 30 0 0.92388 0.382683 0 0.382683 -0.92388 -1 0 0 3024.dat
1 15 -70.9761 -47.2571 50 0 0.92388 -0.382683 0 0.382683 0.92388 1 0 0 4081.dat
1 15 -78.3671 -50.3185 40 0 0.92388 -0.382683 0 0.382683 0.92388 1 0 0 2412.dat
1 15 -61.4747 -64.9693 -30 0.92388 0 -0.382683 0.382683 0 0.92388 0 -1 0 3957.dat
1 0 -61.4747 -64.9693 62 0.92388 0 -0.382683 0.382683 0 0.92388 0 -1 0 6141.dat
1 36 -61.4747 -64.9693 -38 0.92388 0 -0.382683 0.382683 0 0.92388 0 -1 0 4740.dat
1 0 19.2388 -25.8268 40 0 -0.92388 -0.382683 0 0.382683 -0.92388 1 0 0 3938.dat
1 15 63.585 -44.1956 40 0 -0.92388 -0.382683 0 0.382683 -0.92388 1 0 0 4864.dat
1 33 70.9761 -47.2571 30 0 -0.92388 0.382683 0 0.382683 0.92388 -1 0 0 3024.dat
1 15 70.9761 -47.2571 50 0 -0.92388 0.382683 0 0.382683 0.92388 -1 0 0 4081.dat
1 15 78.3671 -50.3185 40 0 -0.92388 -0.382683 0 0.382683 -0.92388 1 0 0 2412.dat
1 15 61.4747 -64.9693 -30 -0.92388 0 -0.382683 0.382683 0 -0.92388 0 -1 0 3957.dat
1 0 61.4747 -64.9693 62 -0.92388 0 -0.382683 0.382683 0 -0.92388 0 -1 0 6141.dat
1 36 61.4747 -64.9693 -38 -0.92388 0 -0.382683 0.382683 0 -0.92388 0 -1 0 4740.dat
1 33 0 -6 -140 1 0 0 0 0 1 0 -1 0 6141.dat
1 33 0 -6 -148 1 0 0 0 0 1 0 -1 0 6141.dat
