0 
0 Name: New Model.ldr
0 Author: 
1 16 140 -16 382.482 0.866 0 0.5 0 1 0 -0.5 0 0.866 3020.dat
1 16 94.02 -16 362.842 0.5 0 -0.866 0 1 0 0.866 0 0.5 3023.dat
1 16 105 -16 321.862 -0.866 0 -0.5 0 1 0 0.5 0 -0.866 3710.dat
1 16 160.36 -16 497.742 0.866 0 0.5 0 1 0 -0.5 0 0.866 3069.dat
1 4 85 -28 287.224 0.866 0 0.5 0 1 0 -0.5 0 0.866 2625.dat
1 4 160 -28 417.124 0.5 0 -0.866 0 1 0 0.866 0 0.5 3036.dat
1 16 183.3 -52 357.484 0.5 0 -0.866 0 1 0 0.866 0 0.5 3008.dat
1 16 96.7 -52 407.484 0.5 0 -0.866 0 1 0 0.866 0 0.5 3008.dat
1 16 195 -52 477.744 -0.866 0 -0.5 0 1 0 0.5 0 -0.866 3747.dat
1 16 150.36 -52 480.424 -0.866 0 -0.5 0 1 0 0.5 0 -0.866 3039.dat
1 16 219.64 -52 440.424 -0.866 0 -0.5 0 1 0 0.5 0 -0.866 3039.dat
1 14 185 -52 460.424 -0.866 0 -0.5 0 1 0 0.5 0 -0.866 3004.dat
1 16 70 -52 261.244 0.866 0 0.5 0 1 0 -0.5 0 0.866 2626.dat
1 16 75 -60 269.904 0.866 0 0.5 0 1 0 -0.5 0 0.866 2625.dat
1 16 219.64 -60 440.424 -0.866 0 -0.5 0 1 0 0.5 0 -0.866 2540.dat
1 16 150.36 -60 480.424 -0.866 0 -0.5 0 1 0 0.5 0 -0.866 2540.dat
1 4 200 -60 486.404 -0.5 0 0.866 0 1 0 -0.866 0 -0.5 3020.dat
1 16 218.3 -60 418.104 -0.5 0 0.866 0 1 0 -0.866 0 -0.5 3024.dat
1 16 131.7 -60 468.104 -0.5 0 0.866 0 1 0 -0.866 0 -0.5 3024.dat
1 16 130 -60 365.164 0.866 0 0.5 0 1 0 -0.5 0 0.866 3032.dat
1 16 203.3 -76 392.124 0.5 0 -0.866 0 1 0 0.866 0 0.5 4865.dat
1 16 116.7 -76 442.124 -0.5 0 0.866 0 1 0 -0.866 0 -0.5 4865.dat
1 16 120 -20 347.844 -0.5 0 0.866 0 1 0 -0.866 0 -0.5 3022.dat
1 16 214.64 -20 431.764 -0.5 0 0.866 0 1 0 -0.866 0 -0.5 2654.dat
1 16 145.36 -20 471.764 -0.5 0 0.866 0 1 0 -0.866 0 -0.5 2654.dat
1 16 185 -68 460.424 0.866 0 0.5 0 1 0 -0.5 0 0.866 3710.dat
1 15 205 -68 495.064 0.5 0 -0.866 0 1 0 0.866 0 0.5 3021.dat
1 15 145 -68 391.144 0.866 0 0.5 0 1 0 -0.5 0 0.866 3710.dat
1 15 115 -68 339.184 0.866 0 0.5 0 1 0 -0.5 0 0.866 3023.dat
1 15 94.02 -68 362.844 0.5 0 -0.866 0 1 0 0.866 0 0.5 2431.dat
1 15 145.98 -68 332.844 0.5 0 -0.866 0 1 0 0.866 0 0.5 2431.dat
1 16 220 -116 521.044 0.866 0 0.5 0 1 0 -0.5 0 0.866 3479.dat
1 4 65 -68 252.584 0.866 0 0.5 0 1 0 -0.5 0 0.866 2412.dat
1 15 105 -68 321.864 0.866 0 0.5 0 1 0 -0.5 0 0.866 2412.dat
1 15 145 -76 391.144 -0.866 0 -0.5 0 1 0 0.5 0 -0.866 3069.dat
1 4 238.3685 -68 472.8618 0.866 0.2035 0.457 0 0.914 -0.407 -0.5 0.352462 0.791524 6019.dat
1 4 169.1745 -67.656 513.0107 0.866 0.1955 0.4605 0 0.921 -0.391 -0.5 0.338606 0.797586 6019.dat
1 14 238.0555 -94 472.3196 0.457 0.2035 -0.866 -0.407 0.914 0 0.791524 0.352462 0.5 3004.dat
1 14 169.088 -93.655 512.8609 0.4605 0.1955 -0.866 -0.391 0.921 0 0.797586 0.338606 0.5 3004.dat
1 4 247.504 -76.097 488.6844 0.457 0.2035 -0.866 -0.407 0.914 0 0.791524 0.352462 0.5 2433.dat
1 4 178.36 -75.47 528.92 0.4605 0.1955 -0.866 -0.391 0.921 0 0.797586 0.338606 0.5 2433.dat
1 4 236.4285 -101.263 469.5017 0.457 0.2035 -0.866 -0.407 0.914 0 0.791524 0.352462 0.5 2412.dat
1 4 167.4265 -101.123 509.9832 0.457 0.2035 -0.866 -0.407 0.914 0 0.791524 0.352462 0.5 2412.dat
1 16 220 -124 521.044 -0.866 0 -0.5 0 1 0 0.5 0 -0.866 3795.dat
1 43 150 -100 399.804 0.866 0 0.5 0 1 0 -0.5 0 0.866 6152.dat
