0 Main
0 Name: 42035-1 - Mining Truck.mpd
0 Author: LTRON
1 72 0 0 0 0 -1 0 1 0 0 0 0 1 32525.dat
1 71 20 0 -80 1 0 0 0 0 1 0 -1 0 87082.dat
1 71 20 0 0 1 0 0 0 0 1 0 -1 0 87082.dat
1 72 40 0 0 0 -1 0 1 0 0 0 0 1 32525.dat
1 0 50 0 -100 -1 0 0 0 -1 0 0 0 1 2780.dat
1 0 -10 0 -100 -1 0 0 0 -1 0 0 0 1 2780.dat
1 0 -10 0 40 -1 0 0 0 -1 0 0 0 1 2780.dat
1 0 50 0 40 -1 0 0 0 -1 0 0 0 1 2780.dat
1 1 -20 0 80 -1 0 0 0 -1 0 0 0 1 6558.dat
1 1 60 0 80 1 0 0 0 -1 0 0 0 -1 6558.dat
1 1 50 0 20 1 0 0 0 -1 0 0 0 -1 43093.dat
1 1 -10 0 20 -1 0 0 0 -1 0 0 0 1 43093.dat
1 71 -20 0 0 1 0 0 0 0 1 0 -1 0 42003.dat
1 71 60 0 0 1 0 0 0 0 1 0 -1 0 42003.dat
1 0 60 10 0 0 0 -1 1 0 0 0 -1 0 2780.dat
1 0 60 10 -20 0 0 -1 1 0 0 0 -1 0 2780.dat
1 0 -20 10 0 0 0 -1 1 0 0 0 -1 0 2780.dat
1 0 -20 10 -20 0 0 -1 1 0 0 0 -1 0 2780.dat
1 71 -20 20 0 1 0 0 0 -1 0 0 0 -1 60484.dat
1 71 60 20 0 1 0 0 0 -1 0 0 0 -1 60484.dat
1 0 60 10 -40 0 1 0 1 0 0 0 0 -1 6628.dat
1 0 -20 10 -40 0 1 0 1 0 0 0 0 -1 6628.dat
1 71 80 0 -60 1 0 0 0 0 1 0 -1 0 48989.dat
1 71 -40 0 -60 1 0 0 0 0 1 0 -1 0 48989.dat
1 72 110 0 -40 -1 0 0 0 0 1 0 1 0 87083.dat
1 72 -70 0 -40 1 0 0 0 0 1 0 -1 0 87083.dat
1 71 100 0 -40 0 0 -1 1 0 0 0 -1 0 3713.dat
1 71 -60 0 -40 0 0 1 -1 0 0 0 -1 0 3713.dat
1 0 20 -20 -80 1 0 0 0 1 0 0 0 1 87761.dat
1 14 20 -20 -40 0 0 1 0 1 0 -1 0 0 32524.dat
1 1 0 -30 -40 0 0 -1 -1 0 0 0 1 0 43093.dat
1 1 40 -30 -40 0 0 -1 -1 0 0 0 1 0 43093.dat
1 0 20 -40 -40 0 1 0 -1 0 0 0 0 1 32184.dat
1 0 20 -40 -50 0 0 1 0 1 0 -1 0 0 3706.dat
1 14 20 -20 -20 -1 0 0 0 0 1 0 1 0 32523.dat
1 14 20 -40 0 0 1 0 -1 0 0 0 0 1 32072.dat
1 71 20 -40 -60 0 -1 0 1 0 0 0 0 1 3713.dat
1 0 20 -40 -80 0 -1 0 1 0 0 0 0 1 32270.dat
1 71 20 0 -60 0 -1 0 0 0 -1 1 0 0 60485.dat
1 0 20 0 30 0 1 0 -1 0 0 0 0 1 59443.dat
1 0 20 0 70 0 1 0 0 0 -1 -1 0 0 3705.dat
1 71 20 0 -100 0 -1 0 -1 0 0 0 0 -1 3713.dat
1 72 -20 0 160 0 -1 0 -1 0 0 0 0 -1 32524.dat
1 1 -20 0 100 1 0 0 0 -1 0 0 0 -1 6558.dat
1 0 20 0 110 0 1 0 -1 0 0 0 0 1 59443.dat
1 0 20 0 150 0 1 0 0 0 -1 -1 0 0 3705.dat
1 0 20 0 190 0 1 0 -1 0 0 0 0 1 59443.dat
1 19 20 0 210 0 1 0 0 0 -1 -1 0 0 3749.dat
1 71 20 0 165 0 1 0 1 0 0 0 0 -1 32123.dat
1 19 20 0 153 0 1 0 -1 0 0 0 0 1 6589.dat
1 0 20 0 140 0 0 1 0 1 0 -1 0 0 32034.dat
1 0 20 0 220 0 0 1 0 1 0 -1 0 0 32034.dat
1 72 -20 0 140 1 0 0 0 0 -1 0 1 0 11214.dat
1 72 60 0 140 -1 0 0 0 0 -1 0 -1 0 11214.dat
1 1 -10 0 220 1 0 0 0 0 1 0 -1 0 43093.dat
1 1 50 0 220 -1 0 0 0 0 -1 0 -1 0 43093.dat
1 72 -47 0 180 -1 0 0 0 0 -1 0 -1 0 59426.dat
1 19 0 0 180 0 0 1 -1 0 0 0 -1 0 32269.dat
1 72 60 0 160 0 -1 0 -1 0 0 0 0 -1 32524.dat
1 1 60 0 100 -1 0 0 0 -1 0 0 0 1 6558.dat
1 72 87 0 180 1 0 0 0 0 1 0 -1 0 59426.dat
1 71 40 0 180 0 0 -1 1 0 0 0 -1 0 3713.dat
1 72 60 -80 40 0 1 0 0 0 1 1 0 0 32526.dat
1 71 20 -40 40 1 0 0 0 0 1 0 -1 0 32073.dat
1 14 40 -100 40 0 1 0 0 0 1 1 0 0 32140.dat
1 0 50 -80 40 1 0 0 0 0 1 0 -1 0 2780.dat
1 14 20 -40 40 1 0 0 0 0 1 0 -1 0 6536.dat
1 71 20 -40 20 0 -0.7071 0.7071 -1 0 0 0 -0.7071 -0.7071 4519.dat
1 14 20 -20 20 -0.7071 -0.7071 0 0 0 -1 0.7071 -0.7071 0 32072.dat
1 0 20 -70 20 0.7071 -0.7071 0 0 0 1 -0.7071 -0.7071 0 59443.dat
1 71 20 -100 40 1 0 0 0 0 1 0 -1 0 4519.dat
1 0 20 -100 20 1 0 0 0 0 -1 0 1 0 32184.dat
1 71 20 -100 0 1 0 0 0 0 1 0 -1 0 4519.dat
1 14 0 -100 40 0 1 0 0 0 1 1 0 0 32140.dat
1 0 -10 -80 40 1 0 0 0 0 1 0 -1 0 2780.dat
1 71 20 -100 20 0 -0.7071 0.7071 -1 0 0 0 -0.7071 -0.7071 4519.dat
1 0 0 -100 0 0 1 0 -1 0 0 0 0 1 60483.dat
1 0 40 -100 0 0 1 0 -1 0 0 0 0 1 60483.dat
1 0 20 -130 20 0.7071 -0.7071 0 0 0 1 -0.7071 -0.7071 0 59443.dat
1 0 20 -170 20 0 -0.7071 -0.7071 1 0 0 0 -0.7071 0.7071 3705.dat
1 14 20 -170 20 0 -0.7071 -0.7071 1 0 0 0 -0.7071 0.7071 62462.dat
1 0 20 -200 20 0.7071 0.7071 0 0 0 -1 -0.7071 0.7071 0 32270.dat
1 72 -20 -80 40 0 1 0 0 0 1 1 0 0 32526.dat
1 1 -10 -100 20 -1 0 0 0 0 -1 0 -1 0 43093.dat
1 0 -40 -100 20 0 0 1 0 1 0 -1 0 0 32034.dat
1 1 -70 -100 20 1 0 0 0 0 1 0 -1 0 43093.dat
1 0 -30 -80 -100 -1 0 0 0 -1 0 0 0 1 2780.dat
1 14 -20 -40 -100 0 -1 0 0 0 1 -1 0 0 32316.dat
1 71 20 -60 -100 -1 0 0 0 0 1 0 1 0 44294.dat
1 72 -35 -60 -100 0 1 0 0 0 -1 -1 0 0 32056.dat
1 72 -45 -60 -100 0 1 0 0 0 -1 -1 0 0 32056.dat
1 0 -50 -60 -140 -1 0 0 0 0 -1 0 -1 0 3705.dat
1 71 0 -60 -100 0 0 -1 0 -1 0 -1 0 0 3713.dat
1 14 20 -60 -100 1 0 0 0 1 0 0 0 1 6536.dat
1 14 40 -60 -100 1 0 0 0 1 0 0 0 1 6536.dat
1 19 40 -40 -110 0 0 1 0 1 0 -1 0 0 3749.dat
1 72 40 -40 -120 -1 0 0 0 1 0 0 0 -1 10928.dat
1 71 20 -100 -100 1 0 0 0 -1 0 0 0 -1 60485.dat
1 14 -20 -100 -100 1 0 0 0 -1 0 0 0 -1 6536.dat
1 14 0 -100 -100 1 0 0 0 1 0 0 0 1 6536.dat
1 14 20 -100 -100 1 0 0 0 -1 0 0 0 -1 6536.dat
1 0 -20 -120 -90 0 0 1 0 -1 0 1 0 0 2780.dat
1 0 20 -120 -90 0 0 1 0 -1 0 1 0 0 2780.dat
1 71 0 -80 -110 0 0 -1 0 1 0 1 0 0 4519.dat
1 14 0 -130 -70 1 0 0 0 1 0 0 0 1 2851.dat
1 71 0 -90 -70 1 0 0 0 1 0 0 0 1 2852.dat
1 14 0 -80 -70 0 -1 0 1 0 0 0 0 1 2853.dat
1 14 0 -90 -40 0 1 0 -1 0 0 0 0 1 2853.dat
1 14 20 -100 -40 1 0 0 0 -1 0 0 0 -1 6536.dat
1 14 0 -100 -40 1 0 0 0 1 0 0 0 1 6536.dat
1 14 -20 -100 -40 1 0 0 0 -1 0 0 0 -1 6536.dat
1 71 20 -100 -40 1 0 0 0 -1 0 0 0 -1 60485.dat
1 0 20 -120 -50 0 0 1 0 -1 0 1 0 0 2780.dat
1 0 -20 -120 -50 0 0 1 0 -1 0 1 0 0 2780.dat
1 14 40 -100 -40 1 0 0 0 0 -1 0 1 0 6536.dat
1 71 40 -100 -100 0 0 1 1 0 0 0 1 0 3713.dat
1 0 -40 -110 -60 0 0 -1 -1 0 0 0 1 0 2780.dat
1 14 -40 -100 -40 -1 0 0 0 0 -1 0 -1 0 6536.dat
1 14 -40 -130 -60 0 -1 0 -1 0 0 0 0 -1 62462.dat
1 0 -40 -150 -60 0 -1 0 -1 0 0 0 0 -1 2780.dat
1 71 -40 -160 -60 0 1 0 0 0 1 1 0 0 42610.dat
1 71 0 -80 -120 1 0 0 0 -1 0 0 0 -1 94925.dat
1 71 40 -100 -20 0 1 0 0 0 -1 -1 0 0 14682.dat
1 14 60 -40 -100 0 -1 0 0 0 1 -1 0 0 32316.dat
1 0 70 -80 -100 -1 0 0 0 -1 0 0 0 1 2780.dat
1 72 60 -100 20 1 0 0 0 -1 0 0 0 -1 11214.dat
1 14 60 -100 -40 0 1 0 1 0 0 0 0 -1 32524.dat
1 0 90 -100 20 0 0 -1 1 0 0 0 -1 0 59443.dat
1 1 110 -100 20 -1 0 0 0 0 -1 0 -1 0 43093.dat
1 71 20 0 -120 0 -1 0 -1 0 0 0 0 -1 94925.dat
1 71 80 -100 -20 1 0 0 0 0 -1 0 1 0 42003.dat
1 0 80 -110 0 0 0 1 1 0 0 0 1 0 2780.dat
1 0 80 -110 -20 0 0 1 1 0 0 0 1 0 2780.dat
1 16 -14.6682 -93.809 -120 0 0.3994 0.9168 0 0.9168 -0.3994 -1 0 0 3711.dat
1 16 -20.1349 -78.7719 -120 0 0.9398 0.3417 0 0.3417 -0.9398 -1 0 0 3711.dat
1 16 -16.6841 -63.1485 -120 0 0.9765 -0.2157 0 -0.2157 -0.9765 -1 0 0 3711.dat
1 16 -12.8995 -47.6025 -120 0 0.9716 -0.2365 0 -0.2365 -0.9716 -1 0 0 3711.dat
1 16 -9.1132 -32.057 -120 0 0.9716 -0.2366 0 -0.2366 -0.9716 -1 0 0 3711.dat
1 16 -5.3268 -16.5114 -120 0 0.9716 -0.2366 0 -0.2366 -0.9716 -1 0 0 3711.dat
1 16 -1.5404 -0.9659 -120 0 0.9716 -0.2366 0 -0.2366 -0.9716 -1 0 0 3711.dat
1 16 4.624 13.7989 -120 0 0.9228 -0.3853 0 -0.3853 -0.9228 -1 0 0 3711.dat
1 16 19.0902 20.6346 -120 0 0.4272 -0.9041 0 -0.9041 -0.4272 -1 0 0 3711.dat
1 16 34.1012 15.0964 -120 0 -0.3461 -0.9382 0 -0.9382 0.3461 -1 0 0 3711.dat
1 16 41.6652 0.9972 -120 0 -0.8812 -0.4728 0 -0.4728 0.8812 -1 0 0 3711.dat
1 16 47.1913 -14.0182 -120 0 -0.9385 -0.3454 0 -0.3454 0.9385 -1 0 0 3711.dat
1 16 52.7021 -29.0392 -120 0 -0.9388 -0.3444 0 -0.3444 0.9388 -1 0 0 3711.dat
1 16 54.8873 -44.8892 -120 0 -0.9906 -0.1366 0 -0.1366 0.9906 -1 0 0 3711.dat
1 16 45.4443 -57.8055 -120 0 -0.8073 0.5902 0 0.5902 0.8073 -1 0 0 3711.dat
1 16 35.0719 -69.988 -120 0 -0.7614 0.6483 0 0.6483 0.7614 -1 0 0 3711.dat
1 16 24.6942 -82.1659 -120 0 -0.7611 0.6486 0 0.6486 0.7611 -1 0 0 3711.dat
1 16 14.2583 -94.2941 -120 0 -0.758 0.6522 0 0.6522 0.758 -1 0 0 3711.dat
1 16 0 -100.2 -120 0 -0.3827 0.9239 0 0.9239 0.3827 -1 0 0 3711.dat
1 72 85 -60 -100 0 1 0 0 0 -1 -1 0 0 32056.dat
1 72 75 -60 -100 0 1 0 0 0 -1 -1 0 0 32056.dat
1 0 90 -60 -140 -1 0 0 0 0 -1 0 -1 0 3705.dat
1 0 -20 -60 -140 0 1 0 0 0 1 1 0 0 60483.dat
1 0 60 -60 -140 0 1 0 0 0 1 1 0 0 60483.dat
1 0 -40 -40 -140 0 1 0 0 0 1 1 0 0 60483.dat
1 71 20 -40 -140 1 0 0 0 0 1 0 -1 0 60485.dat
1 0 80 -40 -140 0 1 0 0 0 1 1 0 0 60483.dat
1 0 -50 -20 -140 1 0 0 0 0 1 0 -1 0 2780.dat
1 0 90 -20 -140 1 0 0 0 0 1 0 -1 0 2780.dat
1 71 0 -60 -140 1 0 0 0 -1 0 0 0 -1 42003.dat
1 71 40 -60 -140 1 0 0 0 -1 0 0 0 -1 42003.dat
1 71 20 -20 -140 1 0 0 0 1 0 0 0 1 42003.dat
1 1 0 -60 -150 0 0 1 0 1 0 -1 0 0 4274.dat
1 1 40 -60 -150 0 0 1 0 1 0 -1 0 0 4274.dat
1 1 40 -80 -150 0 0 1 0 1 0 -1 0 0 4274.dat
1 0 -40 20 -140 0 1 0 0 0 -1 -1 0 0 60483.dat
1 0 -50 0 -140 1 0 0 0 0 1 0 -1 0 2780.dat
1 0 90 0 -140 1 0 0 0 0 1 0 -1 0 2780.dat
1 0 80 20 -140 0 1 0 0 0 -1 -1 0 0 60483.dat
1 72 100 -40 -140 0 1 0 0 0 1 1 0 0 32524.dat
1 72 -60 -40 -140 0 1 0 0 0 1 1 0 0 32524.dat
1 71 -60 -100 -140 -1 0 0 0 0 1 0 1 0 32054.dat
1 71 20 -100 -140 1 0 0 0 0 1 0 -1 0 44294.dat
1 71 100 -100 -140 1 0 0 0 0 1 0 -1 0 32054.dat
1 71 20 20 -140 1 0 0 0 0 1 0 -1 0 60485.dat
1 14 -20 20 -140 1 0 0 0 0 1 0 -1 0 6536.dat
1 14 60 20 -140 1 0 0 0 0 1 0 -1 0 6536.dat
1 0 60 10 -160 0 0 1 1 0 0 0 1 0 2780.dat
1 0 -20 10 -160 0 0 1 1 0 0 0 1 0 2780.dat
1 14 20 0 -160 0 0 1 0 -1 0 1 0 0 32525.dat
1 14 120 -60 -140 1 0 0 0 -1 0 0 0 -1 6536.dat
1 14 -80 -60 -140 1 0 0 0 -1 0 0 0 -1 6536.dat
1 47 120 -80 -150 1 0 0 0 0 1 0 -1 0 6141.dat
1 47 -80 -80 -150 1 0 0 0 0 1 0 -1 0 6141.dat
1 14 100 -100 -60 0 -1 0 1 0 0 0 0 1 32524.dat
1 14 -60 -100 -60 0 -1 0 1 0 0 0 0 1 32524.dat
1 0 110 -100 -120 1 0 0 0 0 1 0 -1 0 2780.dat
1 0 110 -100 0 1 0 0 0 0 1 0 -1 0 2780.dat
1 0 -70 -100 -120 1 0 0 0 0 1 0 -1 0 2780.dat
1 0 -70 -100 0 1 0 0 0 0 1 0 -1 0 2780.dat
1 14 120 -100 -60 0 -1 0 1 0 0 0 0 1 40490.dat
1 14 -80 -100 -60 0 -1 0 1 0 0 0 0 1 40490.dat
1 1 130 -100 -100 1 0 0 0 1 0 0 0 1 4274.dat
1 1 130 -100 -60 1 0 0 0 1 0 0 0 1 4274.dat
1 1 130 -100 -20 1 0 0 0 1 0 0 0 1 4274.dat
1 1 -90 -100 -100 -1 0 0 0 1 0 0 0 -1 4274.dat
1 1 -90 -100 -60 -1 0 0 0 1 0 0 0 -1 4274.dat
1 1 -90 -100 -20 -1 0 0 0 1 0 0 0 -1 4274.dat
1 14 -98 -100 -60 0 1 0 0 0 -1 -1 0 0 4162.dat
1 14 138 -100 -60 0 -1 0 0 0 -1 1 0 0 4162.dat
1 71 80 -120 -20 1 0 0 0 0 -1 0 1 0 42003.dat
1 71 80 -120 -40 1 0 0 0 0 -1 0 1 0 4519.dat
1 71 95 -120 -40 0 0 1 1 0 0 0 1 0 32123.dat
1 71 65 -120 -40 0 0 1 1 0 0 0 1 0 32123.dat
1 0 55 -120 -40 0 -1 0 -1 0 0 0 0 -1 32249.dat
1 0 105 -120 -40 0 -1 0 -1 0 0 0 0 -1 32249.dat
1 71 80 -120 -80 1 0 0 0 0 -1 0 1 0 4519.dat
1 71 80 -160 -40 1 0 0 0 0 -1 0 1 0 4519.dat
1 72 80 0 220 0 1 0 -1 0 0 0 0 1 32009.dat
1 72 -40 0 220 0 1 0 -1 0 0 0 0 1 32009.dat
1 71 60 0 60 1 0 0 0 0 -1 0 1 0 4519.dat
1 71 -20 0 60 1 0 0 0 0 -1 0 1 0 4519.dat
1 1 -30 -60 220 1 0 0 0 0 -1 0 1 0 43093.dat
1 0 -10 -60 220 0 0 -1 1 0 0 0 -1 0 59443.dat
1 71 20 -60 220 1 0 0 0 0 -1 0 1 0 4519.dat
1 0 50 -60 220 0 0 -1 1 0 0 0 -1 0 59443.dat
1 4 70 -60 220 1 0 0 0 1 0 0 0 1 32062.dat
1 71 20 -80 220 1 0 0 0 1 0 0 0 1 44294.dat
1 71 102 0 180 0 0 -1 1 0 0 0 -1 0 3713.dat
1 71 -62 0 180 0 0 1 1 0 0 0 1 0 3713.dat
1 14 22 -155.89 296.422 0 0 -1 -0.9205 -0.3907 0 -0.3907 0.9205 0 40490.dat
1 0 62 -151.983 287.217 0 -1 0 -0.3907 0 -0.9205 0.9205 0 -0.3907 2780.dat
1 0 -18 -151.983 287.217 0 -1 0 -0.3907 0 -0.9205 0.9205 0 -0.3907 2780.dat
1 14 22 -109.006 185.962 0 0 -1 -0.3907 0.9205 0 0.9205 0.3907 0 64782.dat
1 1 -38 -93.378 149.142 -1 0 0 0 0.9205 0.3907 0 0.3907 -0.9205 6558.dat
1 1 82 -93.378 149.142 1 0 0 0 0.9205 -0.3907 0 0.3907 0.9205 6558.dat
1 0 -28 -124.634 222.782 1 0 0 0 0.9205 -0.3907 0 0.3907 0.9205 2780.dat
1 0 72 -124.634 222.782 1 0 0 0 0.9205 -0.3907 0 0.3907 0.9205 2780.dat
1 14 82 -109.006 185.962 0 -1 0 0.9205 0 -0.3907 0.3907 0 0.9205 32525.dat
1 14 -38 -109.006 185.962 0 -1 0 0.9205 0 -0.3907 0.3907 0 0.9205 32525.dat
1 1 -58 -148.076 278.012 -1 0 0 0 0.9205 0.3907 0 0.3907 -0.9205 6558.dat
1 1 102 -148.076 278.012 1 0 0 0 0.9205 -0.3907 0 0.3907 0.9205 6558.dat
1 14 102 -109.006 185.962 0 -1 0 0.9205 0 -0.3907 0.3907 0 0.9205 32525.dat
1 14 -58 -109.006 185.962 0 -1 0 0.9205 0 -0.3907 0.3907 0 0.9205 32525.dat
1 0 -68 -85.564 130.732 1 0 0 0 0.9205 -0.3907 0 0.3907 0.9205 2780.dat
1 0 112 -85.564 130.732 1 0 0 0 0.9205 -0.3907 0 0.3907 0.9205 2780.dat
1 0 62 -131.057 263.509 0 0 1 -0.9205 0.3907 0 -0.3907 -0.9205 0 2780.dat
1 0 62 -68.545 116.229 0 0 1 -0.9205 0.3907 0 -0.3907 -0.9205 0 2780.dat
1 72 62 -82.782 175.366 1 0 0 0 0.9205 -0.3907 0 0.3907 0.9205 32525.dat
1 14 22 -62.122 75.502 0 0 -1 0.3907 -0.9205 0 -0.9205 -0.3907 0 32525.dat
1 1 62 -43.712 83.316 0 1 0 0.9205 0 0.3907 0.3907 0 -0.9205 6558.dat
1 1 42 -43.712 83.316 0 1 0 0.9205 0 0.3907 0.3907 0 -0.9205 6558.dat
1 71 42 -51.526 101.726 -1 0 0 0 0.3907 -0.9205 0 -0.9205 -0.3907 42003.dat
1 71 22 -59.34 120.136 -1 0 0 0 0.3907 -0.9205 0 -0.9205 -0.3907 4519.dat
1 71 22 -59.34 120.136 0 0 1 -0.9205 0.3907 0 -0.3907 -0.9205 0 3713.dat
1 14 52 -25.302 91.13 0 0 -1 -0.3907 0.9205 0 0.9205 0.3907 0 43857.dat
1 14 2 -41.5275 129.2301 0 -1 0 -0.454711 0 -0.890615 0.890615 0 -0.454711 32523.dat
1 0 -18 -131.057 263.509 0 0 1 -0.9205 0.3907 0 -0.3907 -0.9205 0 2780.dat
1 0 -18 -68.545 116.229 0 0 1 -0.9205 0.3907 0 -0.3907 -0.9205 0 2780.dat
1 0 -18 -52.917 79.409 0 0 1 -0.9205 0.3907 0 -0.3907 -0.9205 0 2780.dat
1 72 -18 -82.782 175.366 1 0 0 0 0.9205 -0.3907 0 0.3907 0.9205 32525.dat
1 1 62 -97.019 234.503 0 -1 0 0.9205 0 -0.3907 0.3907 0 0.9205 43093.dat
1 1 62 -81.391 197.683 0 -1 0 0.9205 0 -0.3907 0.3907 0 0.9205 43093.dat
1 1 -18 -97.019 234.503 0 -1 0 0.9205 0 -0.3907 0.3907 0 0.9205 43093.dat
1 1 -18 -81.391 197.683 0 -1 0 0.9205 0 -0.3907 0.3907 0 0.9205 43093.dat
1 0 62 -80 220 0 0 -1 0.9205 0.3907 0 0.3907 -0.9205 0 32184.dat
1 0 -18 -80 220 0 0 -1 0.9205 0.3907 0 0.3907 -0.9205 0 32184.dat
1 28 22 -23.715 138.3241 -1 0 0 0 -0.979074 0.203647 0 0.203647 0.979074 6587.dat
1 0 17 -31.86 99.1629 0 1 0 -0.979074 0 0.203647 0.203647 0 0.979074 11478.dat
1 0 27 -31.86 99.1629 0 1 0 -0.979074 0 0.203647 0.203647 0 0.979074 11478.dat
1 71 42 -23.715 138.3241 0 0 -1 -0.203647 -0.979074 0 -0.979074 0.203647 0 3713.dat
1 1 102 -80.532 67.688 0 -1 0 -0.9205 0 0.3907 -0.3907 0 -0.9205 6558.dat
1 1 -58 -80.532 67.688 0 -1 0 -0.9205 0 0.3907 -0.3907 0 -0.9205 6558.dat
1 14 22 -80.532 67.688 0 0 -1 0.3907 -0.9205 0 -0.9205 -0.3907 0 40490.dat
1 14 22 -98.942 59.874 0 0 -1 0.3907 -0.9205 0 -0.9205 -0.3907 0 40490.dat
1 1 122 -71.327 71.595 0 0 -1 -0.9205 -0.3907 0 -0.3907 0.9205 0 43093.dat
1 1 -78 -71.327 71.595 0 0 -1 -0.9205 -0.3907 0 -0.3907 0.9205 0 43093.dat
1 71 122 -98.942 59.874 -1 0 0 0 0.3907 -0.9205 0 -0.9205 -0.3907 32016.dat
1 71 -78 -98.942 59.874 -1 0 0 0 0.3907 -0.9205 0 -0.9205 -0.3907 32016.dat
1 0 122 -148.9393 59.439 0 0 1 -0.999971 0.008692 0 -0.008692 -0.999971 0 3705.dat
1 0 -78 -148.9393 59.439 0 0 1 -0.999971 0.008692 0 -0.008692 -0.999971 0 3705.dat
1 14 22 -178.0677 -40.8165 0 0 -1 -0.999971 -0.008692 0 -0.008692 0.999971 0 32316.dat
1 71 22 -177.8938 -60.816 0 -1 0 -0.999971 0 0.008692 -0.008692 0 -0.999971 48989.dat
1 14 22 -177.72 -80.8154 0 0 1 -0.999971 0.008692 0 -0.008692 -0.999971 0 40490.dat
1 1 62 -177.633 -90.8151 0 1 0 0.008692 0 -0.999971 -0.999971 0 -0.008692 4274.dat
1 1 82 -177.633 -90.8151 0 1 0 0.008692 0 -0.999971 -0.999971 0 -0.008692 4274.dat
1 1 -18 -177.633 -90.8151 0 1 0 0.008692 0 -0.999971 -0.999971 0 -0.008692 4274.dat
1 1 -38 -177.633 -90.8151 0 1 0 0.008692 0 -0.999971 -0.999971 0 -0.008692 4274.dat
1 1 102 -177.8938 -60.816 0 1 0 0.008692 0 -0.999971 -0.999971 0 -0.008692 6558.dat
1 1 -58 -177.8938 -60.816 0 1 0 0.008692 0 -0.999971 -0.999971 0 -0.008692 6558.dat
1 71 102 -177.8938 -60.816 1 0 0 0 0.008692 0.999971 0 -0.999971 0.008692 87082.dat
1 71 102 -178.0677 -40.8165 1 0 0 0 0.008692 0.999971 0 -0.999971 0.008692 87082.dat
1 71 -58 -177.8938 -60.816 1 0 0 0 0.008692 0.999971 0 -0.999971 0.008692 87082.dat
1 71 -58 -178.0677 -40.8165 1 0 0 0 0.008692 0.999971 0 -0.999971 0.008692 87082.dat
1 14 122 -178.2415 -20.8171 0 -1 0 -0.999971 0 0.008692 -0.008692 0 -0.999971 32524.dat
1 14 -78 -178.2415 -20.8171 0 -1 0 -0.999971 0 0.008692 -0.008692 0 -0.999971 32524.dat
1 0 112 -178.5892 19.1817 1 0 0 0 -0.999971 0.008692 0 -0.008692 -0.999971 2780.dat
1 0 112 -178.7631 39.1811 1 0 0 0 -0.999971 0.008692 0 -0.008692 -0.999971 2780.dat
1 0 -68 -178.5892 19.1817 1 0 0 0 -0.999971 0.008692 0 -0.008692 -0.999971 2780.dat
1 0 -68 -178.7631 39.1811 1 0 0 0 -0.999971 0.008692 0 -0.008692 -0.999971 2780.dat
1 71 102 -178.7631 39.1811 0 0 1 -0.999971 0.008692 0 -0.008692 -0.999971 0 42003.dat
1 71 -58 -178.7631 39.1811 0 0 1 -0.999971 0.008692 0 -0.008692 -0.999971 0 42003.dat
1 14 82 -178.4154 -0.8177 0 -1 0 -0.999971 0 0.008692 -0.008692 0 -0.999971 32524.dat
1 14 -38 -178.4154 -0.8177 0 -1 0 -0.999971 0 0.008692 -0.008692 0 -0.999971 32524.dat
1 0 72 -178.5892 19.1817 1 0 0 0 -0.999971 0.008692 0 -0.008692 -0.999971 2780.dat
1 0 72 -178.7631 39.1811 1 0 0 0 -0.999971 0.008692 0 -0.008692 -0.999971 2780.dat
1 0 -28 -178.5892 19.1817 1 0 0 0 -0.999971 0.008692 0 -0.008692 -0.999971 2780.dat
1 0 -28 -178.7631 39.1811 1 0 0 0 -0.999971 0.008692 0 -0.008692 -0.999971 2780.dat
1 71 -18 -178.7631 39.1811 0 0 1 -0.999971 0.008692 0 -0.008692 -0.999971 0 42003.dat
1 71 62 -178.7631 39.1811 0 0 1 -0.999971 0.008692 0 -0.008692 -0.999971 0 42003.dat
1 72 102 -158.9375 59.3544 0 0 1 -0.999971 0.008692 0 -0.008692 -0.999971 0 11214.dat
1 72 62 -158.9375 59.3544 0 0 1 -0.999971 0.008692 0 -0.008692 -0.999971 0 11214.dat
1 72 -18 -158.9375 59.3544 0 0 1 -0.999971 0.008692 0 -0.008692 -0.999971 0 11214.dat
1 72 -58 -158.9375 59.3544 0 0 1 -0.999971 0.008692 0 -0.008692 -0.999971 0 11214.dat
1 14 22 -158.9375 59.3544 0 0 1 0.008692 0.999971 0 -0.999971 0.008692 0 32524.dat
1 71 -58 -159.1113 79.3538 1 0 0 0 0.008692 0.999971 0 -0.999971 0.008692 42003.dat
1 71 102 -159.1113 79.3538 1 0 0 0 0.008692 0.999971 0 -0.999971 0.008692 42003.dat
1 19 112 -159.2852 99.3532 -1 0 0 0 -0.008692 0.999971 0 0.999971 0.008692 3749.dat
1 19 -68 -159.2852 99.3532 1 0 0 0 -0.008692 -0.999971 0 0.999971 -0.008692 3749.dat
1 14 22 -138.9381 59.5282 0 0 1 0.008692 0.999971 0 -0.999971 0.008692 0 32525.dat
1 0 72 -177.5635 -98.8148 -1 0 0 0 -0.008692 0.999971 0 0.999971 0.008692 3023.dat
1 0 -48 -177.5635 -98.8148 -1 0 0 0 -0.008692 0.999971 0 0.999971 0.008692 3023.dat
1 47 82 -177.5635 -98.8148 1 0 0 0 -0.008692 -0.999971 0 0.999971 -0.008692 50746.dat
1 47 62 -177.5635 -98.8148 1 0 0 0 -0.008692 -0.999971 0 0.999971 -0.008692 50746.dat
1 47 -38 -177.5635 -98.8148 1 0 0 0 -0.008692 -0.999971 0 0.999971 -0.008692 50746.dat
1 47 -58 -177.5635 -98.8148 1 0 0 0 -0.008692 -0.999971 0 0.999971 -0.008692 50746.dat
1 71 122 -158.9388 59.352 0 1 0 -0.008692 0 0.999971 0.999971 0 0.008692 3713.dat
1 71 122 -178.9377 59.178 0 1 0 -0.008692 0 0.999971 0.999971 0 0.008692 3713.dat
1 71 -78 -158.9388 59.352 0 1 0 -0.008692 0 0.999971 0.999971 0 0.008692 3713.dat
1 71 -78 -178.9377 59.178 0 1 0 -0.008692 0 0.999971 0.999971 0 0.008692 3713.dat
1 14 122 -153.7212 188.6212 0 -1 0 0.3907 0 0.9205 -0.9205 0 0.3907 18945.dat
1 0 122 -73.9242 102.9942 0 -1 0 0.3907 0 0.9205 -0.9205 0 0.3907 2780.dat
1 0 122 -92.3342 95.1802 0 -1 0 0.3907 0 0.9205 -0.9205 0 0.3907 2780.dat
1 14 122 -79.2222 89.8822 -1 0 0 0 -0.3907 0.9205 0 0.9205 0.3907 43857.dat
1 0 -78 -92.3342 95.1802 0 -1 0 0.3907 0 0.9205 -0.9205 0 0.3907 2780.dat
1 0 -78 -73.9242 102.9942 0 -1 0 0.3907 0 0.9205 -0.9205 0 0.3907 2780.dat
1 14 -78 -79.2222 89.8822 -1 0 0 0 -0.3907 0.9205 0 0.9205 0.3907 43857.dat
1 14 -78 -153.7212 188.6212 0 -1 0 0.3907 0 0.9205 -0.9205 0 0.3907 18945.dat
1 72 70 -40 60 -1 0 0 0 -0.9791 0.2036 0 0.2036 0.9791 55013.dat
1 14 70 -40 60 -1 0 0 0 -0.9791 0.2036 0 0.2036 0.9791 62462.dat
1 14 110 -40 60 -1 0 0 0 -0.9791 0.2036 0 0.2036 0.9791 62462.dat
1 0 140 -40 60 0 0 -1 -0.2036 -0.9791 0 -0.9791 0.2036 0 32270.dat
1 0 20 -50 -158 -1 0 0 0 0 1 0 1 0 3032.dat
1 71 -20 -80 -166 -1 0 0 0 0 1 0 1 0 2412.dat
1 71 -20 -60 -166 -1 0 0 0 0 1 0 1 0 2412.dat
1 71 -20 -40 -166 -1 0 0 0 0 1 0 1 0 2412.dat
1 71 -20 -20 -166 -1 0 0 0 0 1 0 1 0 2412.dat
1 71 20 -20 -166 -1 0 0 0 0 1 0 1 0 2412.dat
1 71 20 -40 -166 -1 0 0 0 0 1 0 1 0 2412.dat
1 71 20 -60 -166 -1 0 0 0 0 1 0 1 0 2412.dat
1 71 20 -80 -166 -1 0 0 0 0 1 0 1 0 2412.dat
1 71 60 -20 -166 -1 0 0 0 0 1 0 1 0 2412.dat
1 71 60 -40 -166 -1 0 0 0 0 1 0 1 0 2412.dat
1 71 60 -60 -166 -1 0 0 0 0 1 0 1 0 2412.dat
1 71 60 -80 -166 -1 0 0 0 0 1 0 1 0 2412.dat
1 14 130 0 -40 0 0 1 1 0 0 0 1 0 56145.dat
1 0 130 0 -40 0 0 1 1 0 0 0 1 0 15413.dat
1 14 132 0 180 0 0 1 1 0 0 0 1 0 56145.dat
1 0 132 0 180 0 0 1 1 0 0 0 1 0 15413.dat
1 14 -92 0 180 0 0 -1 -1 0 0 0 1 0 56145.dat
1 0 -92 0 180 0 0 -1 -1 0 0 0 1 0 15413.dat
1 14 -90 0 -40 0 0 -1 -1 0 0 0 1 0 56145.dat
1 0 -90 0 -40 0 0 -1 -1 0 0 0 1 0 15413.dat
