0 Main
0 Name: 9390-1 - Mini Tow Truck - Race Car.mpd
0 Author: LTRON
1 0 18 -23.4487 -97.1836 0 1 0 0.981627 0 0.190809 0.190809 0 -0.981627 32140.dat
1 1 28 -23.4487 -97.1836 -1 0 0 0 -0.981627 -0.190809 0 -0.190809 0.981627 3749.dat
1 0 18 -19.6325 -116.816 -1 0 0 0 -0.981627 -0.190809 0 -0.190809 0.981627 3705.dat
1 0 48 -19.6325 -116.816 -1 0 0 0 0.190809 -0.981627 0 -0.981627 -0.190809 32291.dat
1 25 33 -19.6325 -116.816 0 -1 0 0.981627 0 -0.190809 0.190809 0 0.981627 6632.dat
1 71 18 -27.2649 -77.5511 -1 0 0 0 -0.981627 -0.190809 0 -0.190809 0.981627 4519.dat
1 25 23 -27.2649 -77.5511 0 -1 0 0.981627 0 -0.190809 0.190809 0 0.981627 6632.dat
1 25 13 -27.2649 -77.5511 0 -1 0 0.981627 0 -0.190809 0.190809 0 0.981627 6632.dat
1 71 18 -34.8973 -38.286 -1 0 0 0 -0.981627 -0.190809 0 -0.190809 0.981627 4519.dat
1 25 3 -19.6325 -116.816 0 -1 0 0.981627 0 -0.190809 0.190809 0 0.981627 6632.dat
1 0 -12 -19.6325 -116.816 -1 0 0 0 0.190809 -0.981627 0 -0.981627 -0.190809 32291.dat
1 0 -2 -6 -134.541 0 0 1 -0.981627 0.190809 0 -0.190809 -0.981627 0 3673.dat
1 0 38 -6 -134.541 0 0 1 -0.981627 0.190809 0 -0.190809 -0.981627 0 3673.dat
1 71 18 3.8162 -132.632 0 0 1 -0.190809 -0.981627 0 0.981627 -0.190809 0 32523.dat
1 4 18 -12 -156.081 -1 0 0 0 -0.754709 -0.656059 0 -0.656059 0.754709 32062.dat
1 25 33 14.2422 -186.27 0 -1 0 0.754709 0 -0.656059 0.656059 0 0.754709 6632.dat
1 25 3 14.2422 -186.27 0 -1 0 0.754709 0 -0.656059 0.656059 0 0.754709 6632.dat
1 4 18 14.2422 -186.27 -1 0 0 0 -0.754709 -0.656059 0 -0.656059 0.754709 32062.dat
1 71 23 14.2422 -186.27 0 0 1 -0.656059 -0.754709 0 0.754709 -0.656059 0 32123.dat
1 71 13 14.2422 -186.27 0 0 1 -0.656059 -0.754709 0 0.754709 -0.656059 0 32123.dat
1 71 18 1.121 -171.175 -1 0 0 0 -0.325568 -0.945518 0 -0.945518 0.325568 32073.dat
1 0 58 1.121 -171.175 -1 0 0 0 0.945518 -0.325568 0 -0.325568 -0.945518 32291.dat
1 71 43 1.121 -171.175 0 -1 0 0.945518 0 0.325568 -0.325568 0 0.945518 41677.dat
1 71 18 7.6324 -152.265 -1 0 0 0 -0.325568 -0.945518 0 -0.945518 0.325568 4519.dat
1 71 -7 1.121 -171.175 0 -1 0 0.945518 0 0.325568 -0.325568 0 0.945518 41677.dat
1 0 -22 1.121 -171.175 -1 0 0 0 0.945518 -0.325568 0 -0.325568 -0.945518 32291.dat
1 25 38 -34.8973 -38.286 0 -1 0 0.981627 0 -0.190809 0.190809 0 0.981627 32140.dat
1 71 18 -38.7134 -18.6535 -1 0 0 0 -0.981627 -0.190809 0 -0.190809 0.981627 87082.dat
1 1 18 -46.3458 20.6116 -1 0 0 0 -0.981627 -0.190809 0 -0.190809 0.981627 32556.dat
1 4 18 -46.3458 20.6116 0 -1 0 0.998051 0 -0.062393 0.062393 0 0.998051 32526.dat
1 25 -2 -34.8973 -38.286 0 -1 0 0.981627 0 -0.190809 0.190809 0 0.981627 32140.dat
1 0 58 0 -113 0 0 -1 0.981627 0.190809 0 0.190809 -0.981627 0 32184.dat
1 19 58 -6 -134.541 0 0 -1 0.981627 0.190809 0 0.190809 -0.981627 0 3749.dat
1 19 58 6 -91.4594 0 0 1 -0.981627 0.190809 0 -0.190809 -0.981627 0 3749.dat
1 28 78 0 -113 -1 0 0 0 -0.981627 -0.190809 0 -0.190809 0.981627 6587.dat
1 71 88 0 -113 0 0 -1 0.190809 -0.981627 0 -0.981627 -0.190809 0 55982.dat
1 71 98 0 -113 0 0 -1 0.190809 -0.981627 0 -0.981627 -0.190809 0 3713.dat
1 256 88 0 -113 0 0 -1 0.190809 -0.981627 0 -0.981627 -0.190809 0 30391.dat
1 19 -22 -6 -134.541 0 0 -1 0.981627 0.190809 0 0.190809 -0.981627 0 3749.dat
1 0 -22 0 -113 0 0 -1 0.981627 0.190809 0 0.190809 -0.981627 0 32184.dat
1 19 -22 6 -91.4594 0 0 1 -0.981627 0.190809 0 -0.190809 -0.981627 0 3749.dat
1 28 -42 0 -113 1 0 0 0 -0.981627 0.190809 0 -0.190809 -0.981627 6587.dat
1 71 -52 0 -113 0 0 1 -0.190809 -0.981627 0 0.981627 -0.190809 0 55982.dat
1 256 -52 0 -113 0 0 1 -0.190809 -0.981627 0 0.981627 -0.190809 0 30391.dat
1 71 -62 0 -113 0 0 1 -0.190809 -0.981627 0 0.981627 -0.190809 0 3713.dat
1 4 18 -15.2647 -34.4699 -1 0 0 0 0.981627 0.190809 0 0.190809 -0.981627 32140.dat
1 0 18 6 -91.4594 0 0 1 -0.981627 0.190809 0 -0.190809 -0.981627 0 3673.dat
1 0 -2 6 -91.4594 0 0 1 -0.981627 0.190809 0 -0.190809 -0.981627 0 3673.dat
1 4 18 -5.4484 -32.5618 0 0 1 -0.981627 0.190809 0 -0.190809 -0.981627 0 32062.dat
1 71 18 15.8164 -89.5513 0 0 1 -0.190809 -0.981627 0 0.981627 -0.190809 0 32316.dat
1 71 18 -38.7134 -18.6535 0 -1 0 0.981627 0 -0.190809 0.190809 0 0.981627 4519.dat
1 0 18 -58.346 -22.4697 0 -1 0 0.190809 0 0.981627 -0.981627 0 0.190809 32270.dat
1 71 18 -19.0809 -14.8373 1 0 0 0 0.981627 -0.190809 0 0.190809 0.981627 60483.dat
1 19 18 -13.0808 6.7033 0 0 -1 0.981627 0.190809 0 0.190809 -0.981627 0 3749.dat
1 1 18 -8.1727 7.6574 1 0 0 0 -0.981627 0.190809 0 -0.190809 -0.981627 6632.dat
1 1 18 1.6436 9.5655 1 0 0 0 -0.981627 0.190809 0 -0.190809 -0.981627 6632.dat
1 71 18 10.3679 -9.113 0 1 0 0.981627 0 0.190809 0.190809 0 -0.981627 4274.dat
1 71 18 -26.7132 24.4278 -1 0 0 0 -0.981546 0.191226 0 0.191226 0.981546 32073.dat
1 0 63 -19.0642 63.6896 0 1 0 0.191226 0 0.981546 0.981546 0 -0.191226 2905.dat
1 0 53 -19.0642 63.6896 0 1 0 0.191226 0 0.981546 0.981546 0 -0.191226 2905.dat
1 71 18 -11.4152 102.951 -1 0 0 0 -0.981546 0.191226 0 0.191226 0.981546 32073.dat
1 71 48 -19.0642 63.6896 -1 0 0 0 -0.981546 0.191226 0 0.191226 0.981546 4274.dat
1 71 48 20.1976 56.0405 -1 0 0 0 -0.981546 0.191226 0 0.191226 0.981546 4274.dat
1 0 38 -11.4152 102.951 -1 0 0 0 0.981546 -0.191226 0 -0.191226 -0.981546 6536.dat
1 0 -2 -11.4152 102.951 -1 0 0 0 0.981546 -0.191226 0 -0.191226 -0.981546 6536.dat
1 72 85 0.5667 59.8651 1 0 0 0 0.981546 0.191226 0 -0.191226 0.981546 32209.dat
1 0 18 0.5667 59.8651 0 0 -1 -0.981546 0.191226 0 0.191226 0.981546 0 32013.dat
1 0 -17 -19.0642 63.6896 0 -1 0 -0.191226 0 0.981546 -0.981546 0 -0.191226 2905.dat
1 71 -12 20.1976 56.0405 1 0 0 0 -0.981546 -0.191226 0 0.191226 -0.981546 4274.dat
1 71 -12 -19.0642 63.6896 1 0 0 0 -0.981546 -0.191226 0 0.191226 -0.981546 4274.dat
1 0 -27 -19.0642 63.6896 0 -1 0 -0.191226 0 0.981546 -0.981546 0 -0.191226 2905.dat
1 72 -49 0.5667 59.8651 -1 0 0 0 0.981546 -0.191226 0 -0.191226 -0.981546 32209.dat
1 0 18 -31.0811 -57.9186 1 0 0 0 0.446454 0.895486 0 -0.895486 0.446454 3706.dat
1 71 73 -31.0811 -57.9186 0 0 -1 0.895486 0.446454 0 0.446454 -0.895486 0 32123.dat
1 25 58 -13.1877 -48.9839 0 -1 0 -0.446734 0 -0.894667 0.894667 0 -0.446734 32523.dat
1 71 43 -13.1714 -48.9895 0 -1 0 -0.446454 0 -0.895486 0.895486 0 -0.446454 41677.dat
1 71 33 -31.0811 -57.9186 0 0 -1 0.895486 0.446454 0 0.446454 -0.895486 0 32123.dat
1 0 68 4.7056 -40.0492 1 0 0 0 0.446734 0.894667 0 -0.894667 0.446734 3673.dat
1 71 78 2.2223 19.8994 0 -1 0 -0.999143 0 0.041389 -0.041389 0 -0.999143 32524.dat
1 71 3 -31.0811 -57.9186 0 0 -1 0.895486 0.446454 0 0.446454 -0.895486 0 32123.dat
1 71 -7 -13.1714 -48.9895 0 -1 0 -0.446454 0 -0.895486 0.895486 0 -0.446454 41677.dat
1 25 -22 -13.1877 -48.9839 0 -1 0 -0.446734 0 -0.894667 0.894667 0 -0.446734 32523.dat
1 0 -32 4.7056 -40.0492 1 0 0 0 0.446734 0.894667 0 -0.894667 0.446734 3673.dat
1 71 -42 2.2222 19.8994 0 -1 0 -0.999143 0 0.041389 -0.041389 0 -0.999143 32524.dat
1 71 -37 -31.0811 -57.9186 0 0 -1 0.895486 0.446454 0 0.446454 -0.895486 0 32123.dat
1 0 18 -67.5547 39.3247 -1 0 0 0 0.998051 0.062394 0 0.062394 -0.998051 92907.dat
1 0 18 -68.1786 49.3053 0 0 1 0.062394 0.998051 0 -0.998051 0.062394 0 3673.dat
1 71 18 -69.4265 69.2663 0 0 -1 0.062394 -0.998051 0 -0.998051 -0.062394 0 62462.dat
1 71 23 -47.5936 40.5726 -1 0 0 0 0.998051 0.062394 0 0.062394 -0.998051 32073.dat
1 0 -12 -48.8415 60.5336 -1 0 0 0 -0.062394 0.998051 0 0.998051 0.062394 32184.dat
1 0 48 -48.8415 60.5336 -1 0 0 0 -0.062394 0.998051 0 0.998051 0.062394 32184.dat
1 71 18 -50.0894 80.4947 -1 0 0 0 0.998051 0.062394 0 0.062394 -0.998051 32073.dat
1 25 -42 -91.2593 97.96 0 1 0 0.998051 0 0.062394 0.062394 0 -0.998051 32523.dat
1 0 -32 -91.2593 97.96 -1 0 0 0 0.998051 0.062394 0 0.062394 -0.998051 3673.dat
1 0 18 -90.0114 77.9989 -1 0 0 0 0.998051 0.062394 0 0.062394 -0.998051 3707.dat
1 71 -57 -91.2593 97.96 0 1 0 0.998051 0 0.062394 0.062394 0 -0.998051 41677.dat
1 0 -27 -90.0114 77.9989 0 -1 0 0.998051 0 -0.062394 0.062394 0 0.998051 32056.dat
1 71 -12 -90.0114 77.9989 0 0 -1 0.190809 -0.981627 0 -0.981627 -0.190809 0 3713.dat
1 25 18 -90.0114 77.9989 -1 0 0 0 -0.981627 -0.190809 0 -0.190809 0.981627 62462.dat
1 71 48 -90.0114 77.9989 0 0 1 -0.190809 -0.981627 0 0.981627 -0.190809 0 3713.dat
1 0 18 -92.5072 117.921 -1 0 0 0 0.998051 0.062394 0 0.062394 -0.998051 3706.dat
1 0 63 -90.0114 77.9989 0 -1 0 0.998051 0 -0.062394 0.062394 0 0.998051 32056.dat
1 0 68 -91.2593 97.96 -1 0 0 0 0.998051 0.062394 0 0.062394 -0.998051 3673.dat
1 25 78 -91.2593 97.96 0 1 0 0.998051 0 0.062394 0.062394 0 -0.998051 32523.dat
1 71 93 -91.2593 97.96 0 1 0 0.998051 0 0.062394 0.062394 0 -0.998051 41677.dat
1 71 108 0.5667 59.8651 0 0 -1 0.191226 0.981546 0 0.981546 -0.191226 0 55982.dat
1 256 108 0.5667 59.8651 0 0 -1 0.191226 0.981546 0 0.981546 -0.191226 0 30391.dat
1 71 -72 0.5667 59.8651 0 0 1 -0.191226 0.981546 0 -0.981546 -0.191226 0 55982.dat
1 256 -72 0.5667 59.8651 0 0 1 -0.191226 0.981546 0 -0.981546 -0.191226 0 30391.dat
