0 Main
0 Name: 8643-1 - Power Cruiser.mpd
0 Author: LTRON
1 0 0 -7.992 69.715 1 0 0 0 0.998372 -0.057041 0 0.057041 0.998372 6157.dat
1 0 0 -9.703 99.666 1 0 0 0 0.998372 -0.057041 0 0.057041 0.998372 3710.dat
1 0 0 -7.992 69.715 1 0 0 0 0.998372 -0.057041 0 0.057041 0.998372 3022.dat
1 0 0 -4.569 9.812 1 0 0 0 0.998372 -0.057041 0 0.057041 0.998372 3031.dat
1 0 0 -1.717 -40.106 1 0 0 0 0.998372 -0.057041 0 0.057041 0.998372 3710.dat
1 0 0 -7.993 -70.514 1 0 0 0 0.998372 -0.057041 0 0.057041 0.998372 6157.dat
1 36 -30 -17.69 99.21 1 0 0 0 0.998372 -0.057041 0 0.057041 0.998372 3024.dat
1 36 30 -17.69 99.21 1 0 0 0 0.998372 -0.057041 0 0.057041 0.998372 3024.dat
1 4 0 -14.838 49.291 0 0 1 0.057041 0.998372 0 -0.998372 0.057041 0 3795.dat
1 4 0 -9.704 -40.562 0 0 1 0.057041 0.998372 0 -0.998372 0.057041 0 3021.dat
1 0 0 -7.423 -80.497 1 0 0 0 0.998372 -0.057041 0 0.057041 0.998372 32028.dat
1 0 0 -25.677 98.753 1 0 0 0 0.998372 -0.057041 0 0.057041 0.998372 3710.dat
1 0 0 -31.953 68.346 1 0 0 0 0.998372 -0.057041 0 0.057041 0.998372 3788.dat
1 7 0 -22.255 38.851 1 0 0 0 0.998372 -0.057041 0 0.057041 0.998372 3023.dat
1 7 0 -18.262 -31.035 0 0 1 0.057041 0.998372 0 -0.998372 0.057041 0 3795.dat
1 0 -30 -33.664 98.297 1 0 0 0 0.998372 -0.057041 0 0.057041 0.998372 3070.dat
1 0 30 -33.664 98.297 1 0 0 0 0.998372 -0.057041 0 0.057041 0.998372 3070.dat
1 0 0 -33.664 98.297 -1 0 0 0 0.998372 0.057041 0 0.057041 -0.998372 2436.dat
1 0 -30 -30.242 38.395 1 0 0 0 0.998372 -0.057041 0 0.057041 0.998372 3005.dat
1 0 30 -30.242 38.395 1 0 0 0 0.998372 -0.057041 0 0.057041 0.998372 3005.dat
1 7 0 -29.671 28.411 0 0 1 0.057041 0.998372 0 -0.998372 0.057041 0 3795.dat
1 0 -30 -27.389 -11.524 0 0 1 0.057041 0.998372 0 -0.998372 0.057041 0 3010.dat
1 0 30 -27.389 -11.524 0 0 1 0.057041 0.998372 0 -0.998372 0.057041 0 3010.dat
1 7 0 -25.678 -41.475 1 0 0 0 0.998372 -0.057041 0 0.057041 0.998372 3023.dat
1 0 0 -31.954 -71.883 1 0 0 0 0.998372 -0.057041 0 0.057041 0.998372 3788.dat
1 0 0 -40.51 77.873 1 0 0 0 0.998372 -0.057041 0 0.057041 0.998372 2412.dat
1 0 -30 -39.94 67.889 0 0 1 0.057041 0.998372 0 -0.998372 0.057041 0 3069.dat
1 0 30 -39.94 67.889 0 0 1 0.057041 0.998372 0 -0.998372 0.057041 0 3069.dat
1 8 0 -38.229 37.938 0 0 1 0.057041 0.998372 0 -0.998372 0.057041 0 3021.dat
1 0 -30 -33.665 -41.931 1 0 0 0 0.998372 -0.057041 0 0.057041 0.998372 3070.dat
1 0 30 -33.665 -41.931 1 0 0 0 0.998372 -0.057041 0 0.057041 0.998372 3070.dat
1 80 0 -57.056 -53.284 1 0 0 0 0.998372 -0.057041 0 0.057041 0.998372 50943.dat
1 0 0 -31.384 -81.866 1 0 0 0 0.998372 -0.057041 0 0.057041 0.998372 2436.dat
1 80 -20 -20.145 -103.26 1 0 0 0 -0.057041 -0.998372 0 0.998372 -0.057041 2412.dat
1 80 20 -20.145 -103.26 1 0 0 0 -0.057041 -0.998372 0 0.998372 -0.057041 2412.dat
1 0 0 -47.356 57.449 1 0 0 0 0.998372 -0.057041 0 0.057041 0.998372 2412.dat
1 0 0 -46.215 37.482 1 0 0 0 0.998372 -0.057041 0 0.057041 0.998372 45677.dat
1 0 -40 -3 70 0 0 1 0.057041 0.998372 0 -0.998372 0.057041 0 51719.dat
1 0 40 -3 70 0 0 -1 -0.057041 0.998372 0 0.998372 0.057041 0 51719.dat
1 0 -40 -3.001 -70.228 0 0 1 0.057041 0.998372 0 -0.998372 0.057041 0 51719.dat
1 0 40 -3.001 -70.228 0 0 -1 -0.057041 0.998372 0 0.998372 0.057041 0 51719.dat
1 256 -40 -3 70 0 0 1 0.057041 0.998372 0 -0.998372 0.057041 0 50951.dat
1 256 40 -3 70 0 0 1 0.057041 0.998372 0 -0.998372 0.057041 0 50951.dat
1 256 -40 -3.001 -70.228 0 0 1 0.057041 0.998372 0 -0.998372 0.057041 0 50951.dat
1 256 40 -3.001 -70.228 0 0 1 0.057041 0.998372 0 -0.998372 0.057041 0 50951.dat
