0 Main
0 Name: 8418 - Mini Loader B Model.mpd
0 Author: LTRON
1 14 0 -19.827 5.26 0 1 0 0.869 0 -0.496 -0.496 0 -0.869 32009.dat
1 71 -10 49.567 126.851 -1 0 0 0 0.869 -0.496 0 -0.496 -0.869 3673.dat
1 19 -10 49.654 -34.394 1 0 0 0 0.869 0.496 0 -0.496 0.869 3749.dat
1 0 -10 14.914 -14.567 1 0 0 0 0.869 0.496 0 -0.496 0.869 2780.dat
1 0 -10 19.827 74.74 1 0 0 0 0.998 0.066 0 -0.066 0.998 2780.dat
1 71 20 59.481 144.221 1 0 0 0 0.869 0.496 0 -0.496 0.869 4519.dat
1 0 -20 -20.087 77.37 0 -1 0 -0.066 0 0.998 -0.998 0 -0.066 32316.dat
1 14 -15 -30 40 0 -1 0 0 0 1 -1 0 0 32449.dat
1 0 20 0 40 -1 0 0 0 0 1 0 1 0 3705.dat
1 71 20 0 40 -1 0 0 0 0 1 0 1 0 6536.dat
1 0 20 -20 40 -1 0 0 0 0 1 0 1 0 3706.dat
1 14 -30 -20 40 0 0 1 1 0 0 0 1 0 3713.dat
1 0 5 -20 40 0 1 0 1 0 0 0 0 -1 6632.dat
1 0 -5 -10.099 89.01 0 1 0 0.98 0 -0.198 -0.198 0 -0.98 32063.dat
1 0 20 -0.198 138.02 0 -1 0 0.103 0 0.995 -0.995 0 0.103 32140.dat
1 0 20 -0.198 138.02 -1 0 0 0 -0.103 0.995 0 0.995 0.103 3706.dat
1 0 5 9.752 139.05 0 0 -1 -0.103 0.995 0 0.995 0.103 0 6575.dat
1 0 35 9.752 139.05 0 0 -1 -0.103 0.995 0 0.995 0.103 0 6575.dat
1 14 40 -19.827 5.26 0 1 0 0.869 0 -0.496 -0.496 0 -0.869 32009.dat
1 71 20 -20 -20 -1 0 0 0 1 0 0 0 -1 32039.dat
1 71 20 -20 0 -1 0 0 0 1 0 0 0 -1 4519.dat
1 0 20 -20 -30 0 0 -1 0 1 0 1 0 0 32062.dat
1 71 20 -20 40 0 0 -1 1 0 0 0 -1 0 3647.dat
1 0 35 -20 40 0 1 0 1 0 0 0 0 -1 6632.dat
1 0 20 -60 40 1 0 0 0 1 0 0 0 1 3705.dat
1 71 20 -60 40 1 0 0 0 0 -1 0 1 0 6536.dat
1 71 35 -60 40 0 0 1 1 0 0 0 1 0 32123.dat
1 71 5 -60 40 0 0 1 1 0 0 0 1 0 32123.dat
1 0 -5 -60 80 0 1 0 1 0 0 0 0 -1 6632.dat
1 0 20 -60 80 -1 0 0 0 1 0 0 0 -1 3706.dat
1 71 20 -20 60 0 -0.574 0.819 -1 0 0 0 -0.819 -0.574 44294.dat
1 71 20 -80 60 0.819 -0.574 0 0 0 1 -0.574 -0.819 0 32270.dat
1 71 20 -30 60 0.819 -0.574 0 0 0 1 -0.574 -0.819 0 4716.dat
1 0 20 20 60 -0.819 -0.574 0 0 0 -1 0.574 -0.819 0 3713.dat
1 19 50 49.654 -34.394 -1 0 0 0 -0.869 0.496 0 0.496 0.869 3749.dat
1 0 50 14.914 -14.567 1 0 0 0 0.869 0.496 0 -0.496 0.869 2780.dat
1 71 50 49.567 126.851 -1 0 0 0 0.869 -0.496 0 -0.496 -0.869 3673.dat
1 0 40 19.827 74.74 -1 0 0 0 0.869 -0.496 0 -0.496 -0.869 6558.dat
1 0 45 -60 40 0 1 0 -1 0 0 0 0 1 6632.dat
1 0 45 -10.099 89.01 0 1 0 0.98 0 -0.198 -0.198 0 -0.98 32063.dat
1 14 55 -30 40 0 -1 0 0 0 1 -1 0 0 32449.dat
1 14 70 -20 40 0 0 -1 -1 0 0 0 1 0 3713.dat
1 0 60 -20.087 77.37 0 -1 0 -0.066 0 0.998 -0.998 0 -0.066 32316.dat
1 71 20 -20 -60 1 0 0 0 1 0 0 0 1 4519.dat
1 71 20 -20 -40 1 0 0 0 1 0 0 0 1 32039.dat
1 0 0 -20 -60 1 0 0 0 0 1 0 -1 0 6536.dat
1 0 40 -20 -60 1 0 0 0 0 1 0 -1 0 6536.dat
1 0 20 -10 -80 0 1 0 -1 0 0 0 0 1 47973.dat
1 0 20 20 -80 1 0 0 0 1 0 0 0 1 30394.dat
1 14 70 49.654 -34.394 0 0 -1 0 1 0 1 0 0 30285.dat
1 256 70 49.654 -34.394 0 0 -1 0 1 0 1 0 0 30648.dat
1 256 -30 49.654 -34.394 0 0 1 0 1 0 -1 0 0 30648.dat
1 14 -30 49.654 -34.394 0 0 1 0 1 0 -1 0 0 30285.dat
1 256 70 49.567 126.851 0 0 -1 0 1 0 1 0 0 30648.dat
1 14 70 49.567 126.851 0 0 -1 0 1 0 1 0 0 30285.dat
1 14 -30 49.567 126.851 0 0 1 0 1 0 -1 0 0 30285.dat
1 256 -30 49.567 126.851 0 0 1 0 1 0 -1 0 0 30648.dat
