0 
0 Name: New Model.ldr
0 Author: 
1 0 -388.4 48 -62 1 0 0 0 -0.668392 -0.743808 0 0.743808 -0.668392 3705.dat
1 0 -373.4 48 -62 0 -1 0 -0.668392 0 -0.743808 0.743808 0 -0.668392 6632.dat
1 0 -388.4 18.923 -89.468 1 0 0 0 -0.668392 -0.743808 0 0.743808 -0.668392 3705.dat
1 7 -388.4 48 -62 0 0 1 0.743808 -0.668392 0 0.668392 0.743808 0 3713.dat
1 7 -368.4 6.648 -123.074 -1 0 0 0 -0.96363 -0.267238 0 -0.267238 0.96363 3749.dat
1 7 -388.4 6.648 -123.074 0 0 1 -0.267238 -0.96363 0 0.96363 -0.267238 0 6538.dat
1 0 -378.4 15.704 -202.56 -1 0 0 0 -0.993572 -0.113203 0 -0.113203 0.993572 32073.dat
1 0 -348.4 13.44 -182.688 0 1 0 -0.993572 0 -0.113203 -0.113203 0 0.993572 32068.dat
1 0 -358.4 15.704 -202.56 0 -1 0 0.993572 0 -0.113203 0.113203 0 0.993572 6629.dat
1 3 -388.4 18.923 -89.468 0 1 0 -0.743808 0 -0.668392 -0.668392 0 0.743808 6629.dat
1 7 -338.4 1.24 -163.949 0 -1 0 0.993572 0 -0.113203 0.113203 0 0.993572 3673.dat
1 0 -378.4 15.704 -202.56 0 1 0 0.993572 0 0.113203 0.113203 0 -0.993572 2825.dat
1 0 -398.4 22.496 -262.174 -1 0 0 0 -0.993572 -0.113203 0 -0.113203 0.993572 4519.dat
1 0 -403.4 48.675 -62.733 0 -1 0 -0.668392 0 -0.743808 0.743808 0 -0.668392 6632.dat
1 0 -428.4 17.968 -222.431 -1 0 0 0 -0.993572 -0.113203 0 -0.113203 0.993572 3706.dat
1 7 -388.4 17.968 -222.431 0 0 -1 0.113203 -0.993572 0 -0.993572 -0.113203 0 3713.dat
1 0 -388.4 19.024 -284.263 -1 0 0 0 -0.814115 0.580703 0 0.580703 0.814115 32068.dat
1 7 -388.4 -8.873 -288.931 0 -1 0 0.814115 0 0.580703 -0.580703 0 0.814115 3749.dat
1 0 -398.4 15.704 -202.56 0 -1 0 -0.993572 0 0.113203 -0.113203 0 -0.993572 2825.dat
1 0 -418.4 15.704 -202.56 0 -1 0 0.993572 0 -0.113203 0.113203 0 0.993572 6629.dat
1 7 -418.4 17.968 -222.431 0 0 -1 0.113203 -0.993572 0 -0.993572 -0.113203 0 3713.dat
1 7 -433.4 17.968 -222.431 0 0 -1 0.113203 -0.993572 0 -0.993572 -0.113203 0 32123.dat
1 0 -448.4 6.648 -123.074 -1 0 0 0 -0.96363 -0.267238 0 -0.267238 0.96363 3706.dat
1 0 -388.4 33.461 -75.734 -1 0 0 0 -0.993572 -0.113203 0 -0.113203 0.993572 3707.dat
1 7 -438.4 33.461 -75.734 0 0 -1 0.113203 -0.993572 0 -0.993572 -0.113203 0 3713.dat
1 7 -338.4 33.461 -75.734 0 0 1 -0.113203 -0.993572 0 0.993572 -0.113203 0 3713.dat
1 7 -433.4 6.648 -123.074 0 0 -1 0.267238 -0.96363 0 -0.96363 -0.267238 0 32123.dat
1 0 -428.4 11.176 -162.817 -1 0 0 0 -0.993572 -0.113203 0 -0.113203 0.993572 2780.dat
1 14 -468.4 33.461 -75.734 0 0 1 -0.113203 -0.993572 0 0.993572 -0.113203 0 2994.dat
1 256 -468.4 33.799 -76.1 0 0 1 -0.113203 -0.993572 0 0.993572 -0.113203 0 6578.dat
1 14 -308.4 33.461 -75.734 0 0 -1 -0.113203 0.993572 0 0.993572 0.113203 0 2994.dat
1 256 -308.4 33.799 -76.1 0 0 -1 -0.113203 0.993572 0 0.993572 0.113203 0 6578.dat
1 0 -418.4 24.761 -282.045 -1 0 0 0 0.993572 0.113203 0 0.113203 -0.993572 32039.dat
1 0 -418.4 28.157 -311.852 0 0 1 0.113203 0.993572 0 -0.993572 0.113203 0 3705.dat
1 3 -418.4 28.157 -311.852 0 0 1 0.113203 0.993572 0 -0.993572 0.113203 0 75535.dat
1 0 -418.4 33.817 -361.531 -1 0 0 0 0.993572 0.113203 0 0.113203 -0.993572 32013.dat
1 7 -408.4 33.817 -361.531 1 0 0 0 0.993572 -0.113203 0 0.113203 0.993572 3749.dat
1 14 -388.4 33.817 -361.531 0 0 -1 -0.113203 0.993572 0 0.993572 0.113203 0 2994.dat
1 256 -388.4 33.817 -361.531 0 0 -1 -0.113203 0.993572 0 0.993572 0.113203 0 6578.dat
1 0 -388.4 -107.682 -20.393 -1 0 0 0 -0.993572 -0.113203 0 -0.113203 0.993572 32062.dat
1 3 -373.4 -103.153 -60.136 0 -1 0 0.993572 0 -0.113203 0.113203 0 0.993572 6632.dat
1 0 -388.4 -103.153 -60.136 -1 0 0 0 -0.993572 -0.113203 0 -0.113203 0.993572 32062.dat
1 0 -388.4 -103.153 -60.136 -1 0 0 0 -0.993572 -0.113203 0 -0.113203 0.993572 6536.dat
1 7 -388.4 -121.893 -72.336 0 -1 0 -0.113203 0 -0.993572 0.993572 0 -0.113203 3673.dat
1 3 -403.4 -103.153 -60.136 0 -1 0 0.993572 0 -0.113203 0.113203 0 0.993572 6632.dat
1 0 -443.4 -31.984 -133.446 0 -1 0 -0.259293 0 -0.965799 0.965799 0 -0.259293 32017.dat
1 0 -452.4 6.648 -123.074 0 -1 0 -0.267238 0 -0.96363 0.96363 0 -0.267238 6632.dat
1 8 -448.4 -70.616 -143.817 1 0 0 0 -0.199368 0.979925 0 -0.979925 -0.199368 32002.dat
1 8 -448.4 -12.668 -128.26 1 0 0 0 0.259293 0.965799 0 -0.965799 0.259293 32002.dat
1 0 -453.4 -32.731 -190.344 0 1 0 0.775446 0 0.631414 0.631414 0 -0.775446 32065.dat
1 3 -443.4 -32.731 -190.344 0 1 0 -0.534783 0 -0.844989 -0.844989 0 0.534783 32065.dat
1 8 -448.4 -32.731 -190.344 1 0 0 0 0.113203 0.993572 0 -0.993572 0.113203 32002.dat
1 8 -448.4 5.154 -236.871 1 0 0 0 0.113203 0.993572 0 -0.993572 0.113203 32002.dat
1 3 -463.4 -32.731 -190.344 0 1 0 -0.534783 0 -0.844989 -0.844989 0 0.534783 32065.dat
1 8 -448.4 -83.43 -158.257 1 0 0 0 -0.199368 0.979925 0 -0.979925 -0.199368 32002.dat
1 0 -453.4 -45.546 -204.784 0 1 0 0.775446 0 0.631414 0.631414 0 -0.775446 32065.dat
1 8 -448.4 -45.546 -204.784 1 0 0 0 0.113203 0.993572 0 -0.993572 0.113203 32002.dat
1 8 -448.4 -96.245 -172.697 1 0 0 0 -0.199368 0.979925 0 -0.979925 -0.199368 32002.dat
1 3 -463.4 -45.546 -204.784 0 1 0 -0.534783 0 -0.844989 -0.844989 0 0.534783 32065.dat
1 3 -443.4 -45.546 -204.784 0 1 0 -0.534783 0 -0.844989 -0.844989 0 0.534783 32065.dat
1 0 -453.4 -58.36 -219.224 0 1 0 0.775446 0 0.631414 0.631414 0 -0.775446 32065.dat
1 8 -448.4 -58.36 -219.224 1 0 0 0 0.113203 0.993572 0 -0.993572 0.113203 32002.dat
1 8 -448.4 -109.06 -187.137 1 0 0 0 -0.199368 0.979925 0 -0.979925 -0.199368 32002.dat
1 8 -448.4 -7.661 -251.311 1 0 0 0 0.113203 0.993572 0 -0.993572 0.113203 32002.dat
1 3 -463.4 -58.36 -219.224 0 1 0 -0.534783 0 -0.844989 -0.844989 0 0.534783 32065.dat
1 3 -443.4 -58.36 -219.224 0 1 0 -0.534783 0 -0.844989 -0.844989 0 0.534783 32065.dat
1 8 -448.4 -20.475 -265.75 1 0 0 0 0.113203 0.993572 0 -0.993572 0.113203 32002.dat
1 0 -463.4 -60.469 -266.468 0 -1 0 -0.017943 0 -1 1 0 -0.017943 32017.dat
1 8 -448.4 -100.462 -267.186 1 0 0 0 0.113203 0.993572 0 -0.993572 0.113203 32002.dat
1 14 -453.4 -103.13 -246.849 0 -1 0 -0.99521 0 0.098824 -0.098826 0 -0.99521 32133.dat
1 14 -453.4 -96.707 -311.538 0 -1 0 -0.99521 0 0.098824 -0.098826 0 -0.99521 32080.dat
1 256 -453.4 -97.102 -307.557 0 -1 0 -0.99521 0 0.098824 -0.098826 0 -0.99521 32134.dat
1 0 -443.4 -61.16 -266.036 0 -1 0 -0.017943 0 -1 1 0 -0.017943 32017.dat
1 0 -463.4 -31.984 -133.446 0 -1 0 -0.259293 0 -0.965799 0.965799 0 -0.259293 32017.dat
1 7 -478.4 6.648 -123.074 0 0 -1 0.113203 -0.993572 0 -0.993572 -0.113203 0 3713.dat
1 7 -478.4 17.968 -222.431 0 0 -1 0.113203 -0.993572 0 -0.993572 -0.113203 0 3713.dat
1 71 -498.4 6.648 -123.074 0 0 -1 0.113203 -0.993572 0 -0.993572 -0.113203 0 3482.dat
1 256 -498.4 6.648 -123.074 0 0 -1 0.113203 -0.993572 0 -0.993572 -0.113203 0 3483.dat
1 3 -388.4 -10.9047 -287.474 -0.5807 0 0.8141 -0.4744 0.8127 -0.3384 -0.6616 -0.5827 -0.4719 79.dat
1 3 -388.4 -15.3851 -284.245 -0.5807 0 0.8141 -0.478 -0.8095 -0.3409 -0.659 0.5871 -0.4701 80.dat
1 3 -388.4 -19.8472 -280.99 -0.5723 0 0.82 -0.4855 -0.8059 -0.3388 -0.6609 0.592 -0.4613 80.dat
1 3 -388.4 -24.2823 -277.711 -0.5636 0 0.826 -0.4935 -0.8019 -0.3368 -0.6624 0.5975 -0.452 80.dat
1 3 -388.4 -28.6818 -274.409 -0.5546 0 0.8321 -0.5023 -0.7972 -0.3348 -0.6634 0.6037 -0.4421 80.dat
1 3 -388.4 -33.0619 -271.065 -0.5452 0 0.8383 -0.5118 -0.792 -0.3329 -0.6639 0.6105 -0.4318 80.dat
1 3 -388.4 -37.413 -267.68 -0.5353 0 0.8446 -0.5222 -0.786 -0.331 -0.6639 0.6183 -0.4208 80.dat
1 3 -388.4 -41.7246 -264.253 -0.5251 0 0.851 -0.5335 -0.7791 -0.3292 -0.663 0.6269 -0.4091 80.dat
1 3 -388.4 -46.0109 -260.764 -0.5144 0 0.8576 -0.5459 -0.7712 -0.3274 -0.6614 0.6366 -0.3967 80.dat
1 3 -388.4 -50.2346 -257.232 -0.5032 0 0.8642 -0.5594 -0.7622 -0.3257 -0.6587 0.6473 -0.3835 80.dat
1 3 -388.4 -54.4081 -253.636 -0.4915 0 0.8709 -0.5742 -0.7519 -0.3241 -0.6548 0.6593 -0.3695 80.dat
1 3 -388.4 -58.5176 -249.973 -0.4793 0 0.8776 -0.5903 -0.74 -0.3224 -0.6494 0.6726 -0.3547 80.dat
1 3 -388.4 -62.5723 -246.219 -0.4666 0 0.8844 -0.6079 -0.7263 -0.3208 -0.6424 0.6874 -0.3389 80.dat
1 3 -388.4 -66.5323 -242.394 -0.4534 0 0.8913 -0.6271 -0.7107 -0.319 -0.6334 0.7035 -0.3222 80.dat
1 3 -388.4 -70.4049 -238.472 -0.4397 0 0.8982 -0.6477 -0.6928 -0.3171 -0.6222 0.7212 -0.3046 80.dat
1 3 -388.4 -74.1722 -234.449 -0.4254 0 0.905 -0.6699 -0.6723 -0.3149 -0.6085 0.7402 -0.286 80.dat
1 3 -388.4 -77.817 -230.321 -0.4107 0 0.9118 -0.6935 -0.6492 -0.3124 -0.5919 0.7606 -0.2666 80.dat
1 3 -388.4 -81.3422 -226.061 -0.3956 0 0.9184 -0.7183 -0.6231 -0.3095 -0.5722 0.7822 -0.2465 80.dat
1 3 -388.4 -84.7103 -221.686 -0.3802 0 0.9249 -0.744 -0.5941 -0.3058 -0.5495 0.8044 -0.2259 80.dat
1 3 -388.4 -87.9072 -217.195 -0.3644 0 0.9312 -0.77 -0.5624 -0.3013 -0.5238 0.8268 -0.205 80.dat
1 3 -388.4 -90.9217 -212.582 -0.3485 0 0.9373 -0.7958 -0.5283 -0.2959 -0.4952 0.8491 -0.1841 80.dat
1 3 -388.4 -93.7452 -207.846 -0.3323 0 0.9432 -0.821 -0.4922 -0.2893 -0.4643 0.8705 -0.1636 80.dat
1 3 -388.4 -96.3732 -202.984 -0.316 0 0.9487 -0.8449 -0.455 -0.2814 -0.4317 0.8905 -0.1438 80.dat
1 3 -388.4 -98.7912 -198.022 -0.2996 0 0.9541 -0.867 -0.4174 -0.2722 -0.3983 0.9087 -0.125 80.dat
1 3 -388.4 -101.005 -192.962 -0.2829 0 0.9591 -0.887 -0.3805 -0.2616 -0.365 0.9248 -0.1077 80.dat
1 3 -388.4 -103.013 -187.833 -0.2661 0 0.964 -0.9047 -0.3451 -0.2497 -0.3326 0.9386 -0.0918 80.dat
1 3 -388.4 -104.828 -182.64 -0.2491 0 0.9685 -0.9202 -0.3117 -0.2367 -0.3019 0.9502 -0.0776 80.dat
1 3 -388.4 -106.466 -177.389 -0.2319 0 0.9727 -0.9336 -0.281 -0.2225 -0.2733 0.9597 -0.0651 80.dat
1 3 -388.4 -107.943 -172.086 -0.2144 0 0.9767 -0.945 -0.253 -0.2075 -0.2471 0.9675 -0.0542 80.dat
1 3 -388.4 -109.275 -166.738 -0.1968 0 0.9804 -0.9546 -0.228 -0.1916 -0.2235 0.9737 -0.0449 80.dat
1 3 -388.4 -110.478 -161.352 -0.179 0 0.9838 -0.9628 -0.2058 -0.1752 -0.2025 0.9786 -0.0369 80.dat
1 3 -388.4 -111.566 -155.937 -0.1611 0 0.9869 -0.9696 -0.1865 -0.1583 -0.1841 0.9824 -0.0301 80.dat
1 3 -388.4 -112.555 -150.502 -0.1432 0 0.9897 -0.9753 -0.1699 -0.1411 -0.1681 0.9855 -0.0243 80.dat
1 3 -388.4 -113.457 -145.056 -0.1253 0 0.9921 -0.98 -0.1556 -0.1238 -0.1544 0.9878 -0.0195 80.dat
1 3 -388.4 -114.284 -139.607 -0.1075 0 0.9942 -0.9839 -0.1435 -0.1064 -0.1426 0.9897 -0.0154 80.dat
1 3 -388.4 -115.052 -134.132 -0.0899 0 0.996 -0.9871 -0.1332 -0.0891 -0.1327 0.9911 -0.012 80.dat
1 3 -388.4 -115.765 -128.671 -0.0724 0 0.9974 -0.9896 -0.1247 -0.0718 -0.1244 0.9922 -0.009 80.dat
1 3 -388.4 -116.434 -123.2 -0.0552 0 0.9985 -0.9915 -0.1176 -0.0548 -0.1175 0.9931 -0.0065 80.dat
1 3 -388.4 -117.068 -117.727 -0.0383 0 0.9993 -0.993 -0.1119 -0.0381 -0.1118 0.9937 -0.0043 80.dat
1 3 -388.4 -117.672 -112.258 -0.0217 0 0.9998 -0.994 -0.1072 -0.0216 -0.1072 0.9942 -0.0023 80.dat
1 3 -388.4 -118.254 -106.77 -0.0054 0 1 -0.9946 -0.1035 -0.0054 -0.1035 0.9946 -0.0006 80.dat
1 3 -388.4 -118.82 -101.268 0.0106 0 0.9999 -0.9949 -0.1007 0.0106 -0.1007 0.9949 0.0011 80.dat
1 3 -388.4 -119.369 -95.7925 0.0264 0 0.9997 -0.9948 -0.0986 0.0262 -0.0985 0.9951 0.0026 80.dat
1 3 -388.4 -119.907 -90.3165 0.0417 0 0.9991 -0.9944 -0.0971 0.0415 -0.097 0.9953 0.004 80.dat
1 3 -388.4 -120.442 -84.8152 0.0566 0 0.9984 -0.9938 -0.0962 0.0563 -0.096 0.9954 0.0054 80.dat
1 3 -388.4 -120.971 -79.3265 0.0713 0 0.9975 -0.9929 -0.0957 0.071 -0.0955 0.9954 0.0068 80.dat
1 3 -388.4 -121.5 -73.8252 0.0856 0 0.9963 -0.9918 -0.0957 0.0852 -0.0953 0.9954 0.0082 79.dat
1 7 -374.7 -9.84 -165.037 1 0 0 0 0.130526 0.991445 0 -0.991445 0.130526 2703.dat
1 0 -404.7 -9.84 -165.037 1 0 0 0 0.130526 0.991445 0 -0.991445 0.130526 2709.dat
1 0 -399.7 -4.62 -204.695 1 0 0 0 0.130526 0.991445 0 -0.991445 0.130526 2704.dat
1 7 -379.7 -4.62 -204.695 1 0 0 0 0.130526 0.991445 0 -0.991445 0.130526 2704.dat
1 0 -379.7 0.601 -244.353 1 0 0 0 0.130526 0.991445 0 -0.991445 0.130526 2706.dat
1 0 -399.7 0.601 -244.353 1 0 0 0 0.130526 0.991445 0 -0.991445 0.130526 2706.dat
1 0 -389.7 -20.189 -151.55 1 0 0 0 0.608761 0.793353 0 -0.793353 0.608761 2699.dat
1 0 -389.7 -20.189 -151.55 1 0 0 0 0.608761 0.793353 0 -0.793353 0.608761 2710.dat
1 0 -415.9 -48.191 -115.056 0 0 1 0 -0.999999 0 0.999999 0 0 2701.dat
1 0 -415.9 -48.191 -115.056 -0.92388 0 0.382683 0 -0.999999 0 0.382683 0 0.92388 2705.dat
1 0 -427.763 -48.191 -143.696 -0.92388 0 0.382683 0 -0.999999 0 0.382683 0 0.92388 2701.dat
1 0 -427.763 -48.191 -143.696 -1 0 0 0 -0.999999 0 0 0 1 2705.dat
