0 Main
0 Name: 8830-1 - Rally 6-wheeler - Race Car.mpd
0 Author: LTRON
1 0 0 0 0 0 0 -1 0 1 0 1 0 0 3703.dat
1 0 10 10 -140 1 0 0 0 1 0 0 0 1 2780.dat
1 7 -10 10 -120 -1 0 0 0 1 0 0 0 -1 3749.dat
1 7 -10 10 0 -1 0 0 0 1 0 0 0 -1 3749.dat
1 7 10 10 -40 1 0 0 0 -1 0 0 0 -1 3749.dat
1 0 -10 10 40 1 0 0 0 1 0 0 0 1 2780.dat
1 7 10 10 -60 1 0 0 0 1 0 0 0 1 4274.dat
1 14 20 0 -180 0 0 1 0 1 0 -1 0 0 3894.dat
1 0 100 0 0 0 0 -1 0 1 0 1 0 0 3703.dat
1 0 90 10 -140 1 0 0 0 1 0 0 0 1 2780.dat
1 7 110 10 -120 1 0 0 0 1 0 0 0 1 3749.dat
1 7 110 10 0 1 0 0 0 1 0 0 0 1 3749.dat
1 7 90 10 -40 -1 0 0 0 -1 0 0 0 1 3749.dat
1 0 110 10 40 1 0 0 0 1 0 0 0 1 2780.dat
1 7 90 10 -60 -1 0 0 0 1 0 0 0 -1 4274.dat
1 14 80 0 -180 0 0 1 0 1 0 -1 0 0 3894.dat
1 0 50 24 -210 -1 0 0 0 1 0 0 0 -1 4442.dat
1 0 10 24 -130 0 0 1 0 1 0 -1 0 0 3021.dat
1 0 90 24 -130 0 0 1 0 1 0 -1 0 0 3021.dat
1 14 50 24 130 -1 0 0 0 1 0 0 0 -1 3666.dat
1 4 50 32 -50 1 0 0 0 1 0 0 0 1 2717.dat
1 14 -10 24 80 0 0 -1 0 1 0 1 0 0 3022.dat
1 0 -20 0 80 0 0 -1 0 1 0 1 0 0 3700.dat
1 14 110 24 80 0 0 1 0 1 0 -1 0 0 3022.dat
1 0 120 0 80 0 0 1 0 1 0 -1 0 0 3700.dat
1 7 120 0 -210 1 0 0 0 1 0 0 0 1 4261.dat
1 7 -20 0 -210 1 0 0 0 1 0 0 0 1 4261.dat
1 7 130 10 -210 1 0 0 0 1 0 0 0 1 3749.dat
1 7 -30 10 -210 -1 0 0 0 1 0 0 0 -1 3749.dat
1 14 40 0 -260 0 0 1 0 1 0 -1 0 0 2744.dat
1 14 40 24 -230 -1 0 0 0 1 0 0 0 -1 2420.dat
1 0 50 -8 -210 -1 0 0 0 1 0 0 0 -1 4442.dat
1 14 50 -8 -150 -1 0 0 0 1 0 0 0 -1 3666.dat
1 7 80 -8 -180 0 0 1 0 1 0 -1 0 0 3069.dat
1 7 20 -8 -180 0 0 1 0 1 0 -1 0 0 3069.dat
1 14 50 -8 30 -1 0 0 0 1 0 0 0 -1 3666.dat
1 14 110 -8 70 -1 0 0 0 1 0 0 0 -1 3023.dat
1 14 -10 -8 70 -1 0 0 0 1 0 0 0 -1 3023.dat
1 7 120 10 0 0 0 -1 0 1 0 1 0 0 4273.dat
1 7 120 10 -120 0 0 -1 0 -1 0 -1 0 0 4273.dat
1 7 -20 10 0 0 0 1 0 -1 0 1 0 0 4273.dat
1 7 -20 10 -120 0 0 1 0 1 0 -1 0 0 4273.dat
1 0 120 10 80 1 0 0 0 -1 0 0 0 -1 3706.dat
1 0 -20 10 80 1 0 0 0 -1 0 0 0 -1 3707.dat
1 7 20 10 80 0 0 1 0 -1 0 1 0 0 3713.dat
1 7 80 10 80 0 0 -1 0 -1 0 -1 0 0 3713.dat
1 14 60 0 -260 0 0 1 0 1 0 -1 0 0 2744.dat
1 14 60 24 -230 0 0 1 0 1 0 -1 0 0 2420.dat
1 7 120 0 -170 0 0 1 1 0 0 0 1 0 3749.dat
1 7 -20 0 -170 0 0 1 1 0 0 0 1 0 3749.dat
1 14 50 -8 10 -1 0 0 0 1 0 0 0 -1 3666.dat
1 14 40 -32 10 -1 0 0 0 1 0 0 0 -1 3005.dat
1 14 60 -32 10 -1 0 0 0 1 0 0 0 -1 3005.dat
1 0 50 -16 -150 -1 0 0 0 1 0 0 0 -1 3023.dat
1 0 50 -24 -150 -1 0 0 0 1 0 0 0 -1 3023.dat
1 14 0 -16 -150 -1 0 0 0 1 0 0 0 -1 3024.dat
1 14 100 -16 -150 -1 0 0 0 1 0 0 0 -1 3024.dat
1 0 140 10 -60 0 0 -1 0 -1 0 -1 0 0 3707.dat
1 0 -40 10 -60 0 0 -1 0 -1 0 -1 0 0 3707.dat
1 7 38 10 80 0 0 1 0 -1 0 1 0 0 3650.dat
1 7 140 10 4 1 0 0 0 -1 0 0 0 -1 4265.dat
1 7 140 10 -124 -1 0 0 0 -1 0 0 0 1 4265.dat
1 7 -40 10 -124 -1 0 0 0 -1 0 0 0 1 4265.dat
1 7 -40 10 4 1 0 0 0 -1 0 0 0 -1 4265.dat
1 14 50 -8 -240 -1 0 0 0 1 0 0 0 -1 3709.dat
1 14 80 -32 -150 -1 0 0 0 1 0 0 0 -1 3005.dat
1 14 20 -32 -150 -1 0 0 0 1 0 0 0 -1 3005.dat
1 14 100 -16 50 0 0 -1 0 1 0 1 0 0 3623.dat
1 14 0 -16 50 0 0 -1 0 1 0 1 0 0 3623.dat
1 0 110 -16 10 -1 0 0 0 1 0 0 0 -1 3710.dat
1 0 -10 -16 10 -1 0 0 0 1 0 0 0 -1 3710.dat
1 0 50 0 130 1 0 0 0 1 0 0 0 1 3701.dat
1 7 50 10 110 0.924 -0.383 0 0.383 0.924 0 0 0 1 3647.dat
1 0 50 10 140 0 -0.383 0.924 0 0.924 0.383 -1 0 0 3705.dat
1 14 50 -8 130 1 0 0 0 1 0 0 0 1 3666.dat
1 7 50 10 145 0.924 -0.383 0 0.383 0.924 0 0 0 1 4185.dat
1 14 40 -32 130 1 0 0 0 1 0 0 0 1 3665.dat
1 14 60 -32 130 1 0 0 0 1 0 0 0 1 3665.dat
1 14 50 -40 40 0 0 1 0 1 0 -1 0 0 3709.dat
1 14 50 -40 120 0 0 1 0 1 0 -1 0 0 3709.dat
1 0 50 -48 80 0 0 1 0 1 0 -1 0 0 3709.dat
1 0 50 -48 30 -1 0 0 0 1 0 0 0 -1 3023.dat
1 15 50 -56 80 -1 0 0 0 1 0 0 0 -1 4150.dat
1 15 50 -56 40 -1 0 0 0 1 0 0 0 -1 4150.dat
1 14 80 -32 -210 1 0 0 0 1 0 0 0 1 4286.dat
1 14 20 -32 -210 1 0 0 0 1 0 0 0 1 4286.dat
1 0 50 -16 -170 1 0 0 0 1 0 0 0 1 4442.dat
1 7 50 -24 -170 1 0 0 0 1 0 0 0 1 3743.dat
1 14 80 -40 -180 0 0 1 0 1 0 -1 0 0 3710.dat
1 14 20 -40 -180 0 0 1 0 1 0 -1 0 0 3710.dat
1 14 50 -48 140 1 0 0 0 1 0 0 0 1 3738.dat
1 14 100 -40 -40 0 0 1 0 1 0 -1 0 0 3895.dat
1 7 90 -30 60 -1 0 0 0 0.629 0.778 0 0.778 -0.629 3749.dat
1 0 110 -30 40 1 0 0 0 1 0 0 0 1 2780.dat
1 7 90 -30 0 -1 0 0 0 0.943 -0.333 0 -0.333 -0.943 3749.dat
1 14 80 -30 0 0 1 0 -0.333 0 -0.943 -0.943 0 0.333 2825.dat
1 7 80 -67.712 13.333 -1 0 0 0 0.629 0.778 0 0.778 -0.629 3749.dat
1 14 80 -30 60 0 -1 0 -0.778 0 -0.629 0.629 0 -0.778 2825.dat
1 14 0 -40 -40 0 0 1 0 1 0 -1 0 0 3895.dat
1 7 10 -30 60 1 0 0 0 -0.778 -0.629 0 0.629 -0.778 3749.dat
1 7 10 -30 0 1 0 0 0 0.943 0.333 0 -0.333 0.943 3749.dat
1 0 -10 -30 40 1 0 0 0 1 0 0 0 1 2780.dat
1 14 20 -30 0 0 -1 0 0.333 0 -0.943 0.943 0 0.333 2825.dat
1 7 20 -67.712 13.333 1 0 0 0 0.778 0.629 0 -0.629 0.778 3749.dat
1 14 20 -30 60 0 1 0 0.778 0 -0.629 -0.629 0 -0.778 2825.dat
1 0 50 -48 -150 1 0 0 0 1 0 0 0 1 3700.dat
1 0 50 -38 -140 0 0 1 0 1 0 -1 0 0 3705.dat
1 7 50 -38 -170 -1 0 0 0 1 0 0 0 -1 3647.dat
1 7 50 -38 -135 1 0 0 0 1 0 0 0 1 4265.dat
1 7 50 -38 -105 1 0 0 0 1 0 0 0 1 4185.dat
1 14 90 -48 -150 1 0 0 0 1 0 0 0 1 3023.dat
1 14 10 -48 -150 1 0 0 0 1 0 0 0 1 3023.dat
1 0 60 -56 120 0 0 1 0 1 0 -1 0 0 3023.dat
1 0 40 -56 120 0 0 1 0 1 0 -1 0 0 3023.dat
1 0 50 -86.58 19.98 -1 0 0 0 0.943 -0.333 0 -0.333 -0.943 3705.dat
1 0 120 -10 30 0 0 1 1 0 0 0 1 0 3701.dat
1 0 -20 -10 30 0 0 1 1 0 0 0 1 0 3701.dat
1 14 50 -56 -150 -1 0 0 0 1 0 0 0 -1 2431.dat
1 0 50 32 -300 -1 0 0 0 1 0 0 0 -1 3738.dat
1 14 50 -104 140 1 0 0 0 1 0 0 0 1 3738.dat
1 0 150 4 0 0 1 0 0 0 1 1 0 0 3956.dat
1 0 -50 4 0 0 -1 0 0 0 1 -1 0 0 3956.dat
1 15 140 10 80 0 0 -1 0 1 0 1 0 0 3482.dat
1 256 140 10 80 0 0 -1 0 -1 0 -1 0 0 2346.dat
1 15 170 10 80 0 0 -1 0 1 0 1 0 0 3482.dat
1 256 170 10 80 0 0 -1 0 -1 0 -1 0 0 2346.dat
1 15 -40 10 80 0 0 1 0 1 0 -1 0 0 3482.dat
1 256 -40 10 80 0 0 1 0 -1 0 1 0 0 2346.dat
1 15 -70 10 80 0 0 1 0 1 0 -1 0 0 3482.dat
1 256 -70 10 80 0 0 1 0 -1 0 1 0 0 2346.dat
1 15 -40 10 -210 0 0 1 0 1 0 -1 0 0 3482.dat
1 256 -40 10 -210 0 0 1 0 -1 0 1 0 0 2346.dat
1 15 140 10 -210 0 0 -1 0 1 0 1 0 0 3482.dat
1 256 140 10 -210 0 0 -1 0 -1 0 -1 0 0 2346.dat
1 15 50 -5.259 -44.082 1 0 0 0 0.956 0.292 0 -0.292 0.956 2699.dat
1 15 50 -5.259 -44.082 1 0 0 0 0.955 0.292 0 -0.292 0.955 2698.dat
1 15 50 -5.259 -44.082 1 0 0 0 0.955 0.292 0 -0.292 0.955 2710.dat
1 15 65 11 -49 1 0.001 0.004 -0.005 0.052 0.999 -0.001 -0.999 0.052 2703.dat
1 15 35 11 -49 1 -0.001 -0.004 0.005 0.052 0.999 0.001 -0.999 0.052 2709.dat
1 15 39.995 13.108 -88.945 1 -0.002 -0.02 0.02 0.224 0.974 0.003 -0.975 0.224 2704.dat
1 15 60.005 13.108 -88.945 1 0.002 0.02 -0.02 0.224 0.974 -0.003 -0.975 0.224 2704.dat
1 0 60.094 22.072 -127.928 1 -0.002 0.003 -0.001 0.615 0.788 -0.003 -0.789 0.615 2706.dat
1 0 39.906 22.072 -127.928 1 0.002 -0.003 0.001 0.615 0.788 0.003 -0.789 0.615 2706.dat
1 14 50 -56.85 -28.309 1 0 0 0 0.977 0.207 0 -0.207 0.977 2707.dat
1 6 50 -97.893 -19.585 1 0 0 0 0.977 0.207 0 -0.207 0.977 2708.dat
1 23 76.2 -49.207 -30.645 0 0 -1 0.087 0.995 0 0.995 -0.087 0 2701.dat
1 23 76.2 -49.207 -30.645 0.939 0.015 -0.344 0.017 0.995 0.088 0.342 -0.087 0.934 2705.dat
1 23 76.2 -49.207 -30.645 0.939 0.015 -0.344 0.017 0.995 0.088 0.342 -0.087 0.934 2700.dat
1 23 86.84 -51.921 -59.607 0.939 0.015 -0.344 0.017 0.995 0.088 0.342 -0.087 0.934 2701.dat
1 23 86.84 -51.921 -59.607 0.99 0.005 0.139 -0.018 0.995 0.086 -0.137 -0.087 0.985 2705.dat
1 23 86.84 -51.921 -59.607 0.99 0.005 0.139 -0.018 0.995 0.086 -0.137 -0.087 0.985 2700.dat
1 14 82.047 -54.874 -93.614 -0.99 -0.005 0.139 0.018 -0.995 0.086 0.137 0.087 0.985 2702.dat
1 23 23.8 -49.207 -30.645 0 0 1 0.087 -0.995 0 0.995 0.087 0 2701.dat
1 23 23.8 -49.207 -30.645 -0.939 0.015 0.344 0.017 -0.995 0.088 0.342 0.087 0.934 2705.dat
1 23 23.8 -49.207 -30.645 -0.939 0.015 0.344 0.017 -0.995 0.088 0.342 0.087 0.934 2700.dat
1 23 13.16 -51.921 -59.607 -0.939 0.015 0.344 0.017 -0.995 0.088 0.342 0.087 0.934 2701.dat
1 23 13.16 -51.921 -59.607 -0.99 0.005 -0.139 -0.018 -0.995 0.086 -0.137 0.087 0.985 2705.dat
1 23 13.16 -51.921 -59.607 -0.99 0.005 -0.139 -0.018 -0.995 0.086 -0.137 0.087 0.985 2700.dat
1 14 17.953 -54.874 -93.614 0.99 -0.005 -0.139 0.018 0.995 0.086 0.137 -0.087 0.985 2702.dat
1 47 50 -86.167 -22.078 1 0 0 0 0.977 0.207 0 -0.207 0.977 2716.dat
