0 Main
0 Name: 42059-1 - Stunt Truck.mpd
0 Author: LTRON
1 0 -90 -57.232 -109.624 0 0 -1 -0.985 -0.174 0 -0.174 0.985 0 56145.dat
1 256 -90 -57.232 -109.624 0 0 -1 -0.985 -0.174 0 -0.174 0.985 0 44309.dat
1 72 0 -54.496 150.888 1 0 0 0 0.7302 0.6836 0 -0.6836 0.7302 12799.dat
1 1 0 -108.252 64.196 -1 0 0 0 -0.7302 0.6836 0 0.6836 0.7302 6558.dat
1 1 0 -94.58 78.8 -1 0 0 0 -0.7302 0.6836 0 0.6836 0.7302 6558.dat
1 0 20 -87.372 -54.004 0 -1 0 0.985 0 -0.174 0.174 0 0.985 32271.dat
1 1 0 -90.852 -34.304 -1 0 0 0 -0.7302 0.6836 0 0.6836 0.7302 6558.dat
1 1 0 -97.812 5.096 -1 0 0 0 -0.7302 0.6836 0 0.6836 0.7302 6558.dat
1 0 0 -104.772 44.496 0 1 0 -0.985 0 -0.174 -0.174 0 0.985 32009.dat
1 0 -20 -87.372 -54.004 0 -1 0 0.985 0 -0.174 0.174 0 0.985 32271.dat
1 1 0 -83.892 -73.704 -1 0 0 0 -0.7302 0.6836 0 0.6836 0.7302 6558.dat
1 1 0 -80.412 -93.404 -1 0 0 0 -0.7302 0.6836 0 0.6836 0.7302 6558.dat
1 72 20 -76.932 -113.104 -1 0 0 0 -0.174 0.985 0 0.985 0.174 11214.dat
1 15 20 -73.452 -132.804 0 -1 0 -0.985 0 0.174 -0.174 0 -0.985 32524.dat
1 71 0 -63.012 -191.904 1 0 0 0 -0.174 -0.985 0 0.985 -0.174 32073.dat
1 71 0 -69.972 -152.504 1 0 0 0 -0.174 -0.985 0 0.985 -0.174 32073.dat
1 1 0 -66.492 -172.204 -1 0 0 0 -0.7302 0.6836 0 0.6836 0.7302 6558.dat
1 0 5 -69.972 -152.504 0 -1 0 -0.985 0 0.174 -0.174 0 -0.985 6632.dat
1 0 -5 -69.972 -152.504 0 -1 0 -0.985 0 0.174 -0.174 0 -0.985 6632.dat
1 15 -20 -73.452 -132.804 0 -1 0 -0.985 0 0.174 -0.174 0 -0.985 32524.dat
1 0 -30 -76.932 -113.104 1 0 0 0 -0.985 0.174 0 -0.174 -0.985 2780.dat
1 70 2 -80.908 93.404 1 0 0 0 -0.6836 0.7302 0 -0.7302 -0.6836 15462.dat
1 0 -40 -80.908 93.404 0 1 0 -0.7302 0 0.6836 0.6836 0 0.7302 32140.dat
1 0 40 -80.908 93.404 0 1 0 -0.7302 0 0.6836 0.6836 0 0.7302 32140.dat
1 0 -40 -87.372 -54.004 0 1 0 0.985 0 0.174 0.174 0 -0.985 32140.dat
1 0 40 -87.372 -54.004 0 1 0 0.985 0 0.174 0.174 0 -0.985 32140.dat
1 70 2 -87.372 -54.004 1 0 0 0 -0.985 0.174 0 -0.174 -0.985 15462.dat
1 0 0 -57.232 -109.624 1 0 0 0 -0.985 0.174 0 -0.174 -0.985 3708.dat
1 71 -60 -57.232 -109.624 0 0 1 0.985 -0.174 0 0.174 0.985 0 3713.dat
1 71 60 -57.232 -109.624 0 0 1 0.985 -0.174 0 0.174 0.985 0 3713.dat
1 0 0 -54.496 150.888 1 0 0 0 -0.985 0.174 0 -0.174 -0.985 3708.dat
1 71 -60 -54.496 150.888 0 0 1 0.985 -0.174 0 0.174 0.985 0 3713.dat
1 71 60 -54.496 150.888 0 0 1 0.985 -0.174 0 0.174 0.985 0 3713.dat
1 1 0 -111.98 177.3 1 0 0 0 -0.4518 0.8924 0 -0.8924 -0.4518 6558.dat
1 1 0 -98.308 191.904 1 0 0 0 -0.4518 0.8924 0 -0.8924 -0.4518 6558.dat
1 0 -20 -155.792 218.316 0 1 0 0.6836 0 0.7302 0.7302 0 -0.6836 32140.dat
1 71 0 -155.792 218.316 1 0 0 0 0.7302 0.6836 0 -0.6836 0.7302 4519.dat
1 71 0 -155.792 218.316 0 0 1 0.6836 -0.7302 0 0.7302 0.6836 0 3713.dat
1 0 20 -155.792 218.316 0 1 0 0.6836 0 0.7302 0.7302 0 -0.6836 32140.dat
1 322 -60 -63.012 -191.904 0 0 -1 0.985 0.174 0 0.174 -0.985 0 32016.dat
1 322 60 -63.012 -191.904 0 0 1 -0.985 0.174 0 -0.174 -0.985 0 32016.dat
1 1 0 -163.872 34.056 1 0 0 0 -0.4518 0.8924 0 -0.8924 -0.4518 6558.dat
1 71 0 -183.572 30.576 1 0 0 0 0.174 0.985 0 -0.985 0.174 4519.dat
1 0 -40 -94.332 -14.604 -1 0 0 0 -0.985 -0.174 0 -0.174 0.985 18651.dat
1 0 -40 -101.292 24.796 1 0 0 0 0.985 -0.174 0 0.174 0.985 32054.dat
1 0 -40 -114.032 -18.084 1 0 0 0 -0.985 0.174 0 -0.174 -0.985 42003.dat
1 0 -60 -114.032 -18.084 1 0 0 0 -0.985 0.174 0 -0.174 -0.985 42003.dat
1 322 -60 -137.212 -1.864 -1 0 0 0 -0.985 -0.174 0 -0.174 0.985 64681.dat
1 1 -60 -133.732 -21.564 0 -1 0 0.174 0 0.985 -0.985 0 0.174 6558.dat
1 1 -40 -133.732 -21.564 0 -1 0 0.174 0 0.985 -0.985 0 0.174 6558.dat
1 0 -40 -115.772 -8.234 0 -1 0 0.174 0 0.985 -0.985 0 0.174 2780.dat
1 0 40 -94.332 -14.604 1 0 0 0 -0.985 0.174 0 -0.174 -0.985 18651.dat
1 0 40 -101.292 24.796 -1 0 0 0 0.985 0.174 0 0.174 -0.985 32054.dat
1 0 40 -114.032 -18.084 1 0 0 0 -0.985 0.174 0 -0.174 -0.985 42003.dat
1 0 60 -114.032 -18.084 1 0 0 0 -0.985 0.174 0 -0.174 -0.985 42003.dat
1 322 60 -137.212 -1.864 -1 0 0 0 -0.985 -0.174 0 -0.174 0.985 64393.dat
1 1 60 -133.732 -21.564 0 1 0 0.174 0 -0.985 -0.985 0 -0.174 6558.dat
1 1 40 -133.732 -21.564 0 1 0 0.174 0 -0.985 -0.985 0 -0.174 6558.dat
1 0 40 -115.772 -8.234 0 1 0 -0.174 0 0.985 0.985 0 0.174 2780.dat
1 15 -20 -189.352 -51.704 0 -1 0 0.985 0 -0.174 0.174 0 0.985 32526.dat
1 1 0 -192.832 -32.004 1 0 0 0 -0.4518 0.8924 0 -0.8924 -0.4518 6558.dat
1 1 0 -199.792 7.396 1 0 0 0 -0.4518 0.8924 0 -0.8924 -0.4518 6558.dat
1 0 0 -196.312 -12.304 0 -1 0 0.985 0 -0.174 0.174 0 0.985 32316.dat
1 15 20 -189.352 -51.704 0 -1 0 0.985 0 -0.174 0.174 0 0.985 32526.dat
1 0 -30 -189.352 -51.704 -1 0 0 0 -0.985 -0.174 0 -0.174 0.985 2780.dat
1 0 30 -189.352 -51.704 -1 0 0 0 -0.985 -0.174 0 -0.174 0.985 2780.dat
1 322 -20 -149.952 -44.744 0 1 0 0.985 0 0.174 0.174 0 -0.985 64391.dat
1 1 0 -142.992 -84.144 1 0 0 0 -0.174 -0.985 0 0.985 -0.174 6558.dat
1 1 0 -136.032 -123.544 1 0 0 0 -0.174 -0.985 0 0.985 -0.174 6558.dat
1 0 0 -149.952 -44.744 0 1 0 0.985 0 0.174 0.174 0 -0.985 32271.dat
1 1 0 -111.224 -171.98 1 0 0 0 -0.174 -0.985 0 0.985 -0.174 6558.dat
1 71 0 -93.376 -181.016 1 0 0 0 -0.4518 0.8924 0 -0.8924 -0.4518 4519.dat
1 322 20 -149.952 -44.744 0 -1 0 -0.985 0 0.174 -0.174 0 -0.985 64683.dat
1 322 20 -93.376 -181.016 0 1 0 -0.4518 0 -0.8924 -0.8924 0 0.4518 60483.dat
1 322 -20 -93.376 -181.016 0 1 0 -0.4518 0 -0.8924 -0.8924 0 0.4518 60483.dat
1 1 60 -116.922 -59.224 0 0 -1 0.985 0.174 0 0.174 -0.985 0 43093.dat
1 15 60 -107.072 -57.484 0 -1 0 0.985 0 -0.174 0.174 0 0.985 6536.dat
1 0 40 -103.592 -77.184 0 0 -1 0.174 -0.985 0 -0.985 -0.174 0 18651.dat
1 0 40 -98.372 -106.734 -1 0 0 0 -0.985 -0.174 0 -0.174 0.985 59443.dat
1 0 40 -93.152 -136.284 0 0 1 -0.174 -0.985 0 0.985 -0.174 0 18651.dat
1 0 40 -89.672 -155.984 1 0 0 0 -0.985 0.174 0 -0.174 -0.985 42003.dat
1 71 40 -107.632 -169.314 0 0 1 0.174 0.985 0 -0.985 0.174 0 4274.dat
1 47 40 -106.24 -177.194 1 0 0 0 -0.174 -0.985 0 0.985 -0.174 98138.dat
1 1 -60 -116.922 -59.224 0 0 -1 0.985 0.174 0 0.174 -0.985 0 43093.dat
1 15 -60 -107.072 -57.484 0 1 0 -0.985 0 -0.174 -0.174 0 0.985 6536.dat
1 0 -40 -103.592 -77.184 0 0 -1 0.174 -0.985 0 -0.985 -0.174 0 18651.dat
1 0 -40 -98.372 -106.734 -1 0 0 0 -0.985 -0.174 0 -0.174 0.985 59443.dat
1 0 -40 -93.152 -136.284 0 0 1 -0.174 -0.985 0 0.985 -0.174 0 18651.dat
1 0 -40 -89.672 -155.984 1 0 0 0 -0.985 0.174 0 -0.174 -0.985 42003.dat
1 71 -40 -107.632 -169.314 0 0 1 0.174 0.985 0 -0.985 0.174 0 4274.dat
1 47 -40 -106.24 -177.194 1 0 0 0 -0.174 -0.985 0 0.985 -0.174 98138.dat
1 0 60 -154.022 35.796 0 1 0 -0.985 0 -0.174 -0.174 0 0.985 2780.dat
1 0 60 -160.982 75.196 0 1 0 -0.985 0 -0.174 -0.174 0 0.985 2780.dat
1 0 -60 -154.022 35.796 0 1 0 -0.985 0 -0.174 -0.174 0 0.985 2780.dat
1 0 -60 -160.982 75.196 0 1 0 -0.985 0 -0.174 -0.174 0 0.985 2780.dat
1 0 -60 -181.272 132.556 1 0 0 0 0.985 -0.174 0 0.174 0.985 32525.dat
1 0 60 -181.272 132.556 1 0 0 0 0.985 -0.174 0 0.174 0.985 32525.dat
1 0 60 -188.822 232.796 0 1 0 -0.985 0 -0.174 -0.174 0 0.985 2780.dat
1 0 60 -185.342 213.096 0 1 0 -0.985 0 -0.174 -0.174 0 0.985 2780.dat
1 0 -60 -185.342 213.096 0 1 0 -0.985 0 -0.174 -0.174 0 0.985 2780.dat
1 0 -60 -188.822 232.796 0 1 0 -0.985 0 -0.174 -0.174 0 0.985 2780.dat
1 0 40 -177.232 224.686 0 0 -1 -0.174 0.985 0 0.985 0.174 0 41678.dat
1 0 -40 -177.232 224.686 0 0 1 0.174 0.985 0 -0.985 0.174 0 41678.dat
1 4 40 -177.232 224.686 0 0 1 0.174 0.985 0 -0.985 0.174 0 32062.dat
1 4 -40 -177.232 224.686 0 0 1 0.174 0.985 0 -0.985 0.174 0 32062.dat
1 0 0 -176.362 219.761 0 0 1 -0.985 0.174 0 -0.174 -0.985 0 11478.dat
1 0 0 -178.102 229.611 0 0 1 -0.985 0.174 0 -0.174 -0.985 0 32017.dat
1 0 20 -175.492 214.836 0 1 0 -0.174 0 0.985 0.985 0 0.174 2780.dat
1 0 -20 -175.492 214.836 0 1 0 -0.174 0 0.985 0.985 0 0.174 2780.dat
1 0 -60 -187.642 111.116 0 1 0 -0.985 0 -0.174 -0.174 0 0.985 2780.dat
1 322 -40 -199.792 7.396 0 1 0 0.985 0 0.174 0.174 0 -0.985 11946.dat
1 0 -40 -203.272 27.096 -1 0 0 0 -0.985 -0.174 0 -0.174 0.985 10197.dat
1 0 -40 -183.572 30.576 0 -1 0 0.985 0 -0.174 0.174 0 0.985 6536.dat
1 1 -60 -185.312 40.426 0 -1 0 -0.174 0 -0.985 0.985 0 -0.174 43093.dat
1 322 -60 -187.052 50.276 1 0 0 0 0.985 -0.174 0 0.174 0.985 11946.dat
1 0 60 -187.642 111.116 0 -1 0 0.985 0 -0.174 0.174 0 0.985 2780.dat
1 322 40 -199.792 7.396 0 -1 0 -0.985 0 0.174 -0.174 0 -0.985 11947.dat
1 0 40 -203.272 27.096 -1 0 0 0 -0.985 -0.174 0 -0.174 0.985 10197.dat
1 0 40 -183.572 30.576 0 1 0 -0.985 0 -0.174 -0.174 0 0.985 6536.dat
1 1 60 -185.312 40.426 0 1 0 -0.174 0 0.985 0.985 0 0.174 43093.dat
1 322 60 -187.052 50.276 1 0 0 0 0.985 -0.174 0 0.174 0.985 11947.dat
1 0 40 -203.272 27.096 -1 0 0 0 0.174 -0.985 0 -0.985 -0.174 32054.dat
1 0 -40 -203.272 27.096 1 0 0 0 0.174 0.985 0 -0.985 0.174 32054.dat
1 0 90 -57.232 -109.624 0 0 1 -0.985 0.174 0 -0.174 -0.985 0 56145.dat
1 256 90 -57.232 -109.624 0 0 1 -0.985 0.174 0 -0.174 -0.985 0 44309.dat
1 0 90 -54.496 150.888 0 0 1 -0.985 0.174 0 -0.174 -0.985 0 56145.dat
1 256 90 -54.496 150.888 0 0 1 -0.985 0.174 0 -0.174 -0.985 0 44309.dat
1 0 -90 -54.496 150.888 0 0 -1 -0.985 -0.174 0 -0.174 0.985 0 56145.dat
1 256 -90 -54.496 150.888 0 0 -1 -0.985 -0.174 0 -0.174 0.985 0 44309.dat
