0 
0 Name: New Model.ldr
0 Author: 
1 8 0 0 0 0 0 1 0 1 0 -1 0 0 3795.dat
1 7 0 -8 50 1 0 0 0 1 0 0 0 1 3023.dat
1 8 0 -24 0 0 0 1 0 1 0 -1 0 0 4854.dat
1 8 0 -16 20 0 0 1 0 1 0 -1 0 0 3795.dat
1 4 -10 -24 60 0 0 1 0 1 0 -1 0 0 60470.dat
1 4 10 -24 60 0 0 -1 0 1 0 1 0 0 60470.dat
1 4 0 -24 -50 1 0 0 0 1 0 0 0 1 32000.dat
1 0 -10 -14 -60 0 0 1 0 1 0 -1 0 0 3673.dat
1 0 10 -14 -60 0 0 1 0 1 0 -1 0 0 3673.dat
1 0 -10 -14 -124 1 0 0 0 0 -1 0 1 0 40244.dat
1 0 10 -14 -124 1 0 0 0 0 -1 0 1 0 40244.dat
1 7 0 -32 50 1 0 0 0 1 0 0 0 1 3023.dat
1 8 -30 -32 20 0 0 1 0 1 0 -1 0 0 3069.dat
1 8 30 -32 20 0 0 1 0 1 0 -1 0 0 3069.dat
1 4 -30 -32 -10 1 0 0 0 1 0 0 0 1 4592.dat
1 4 30 -32 -10 1 0 0 0 1 0 0 0 1 4592.dat
1 8 0 -32 -60 1 0 0 0 1 0 0 0 1 48183.dat
1 7 0 -40 50 1 0 0 0 1 0 0 0 1 3023.dat
1 7 0 -32 -60 1 0 0 0 1 0 0 0 1 30602.dat
1 0 0 -48 70 1 0 0 0 1 0 0 0 1 32064.dat
1 8 0 -48 50 1 0 0 0 1 0 0 0 1 4590.dat
1 7 0 -38 90 0 0 1 0 1 0 -1 0 0 4519.dat
1 0 0 -38 84 1 0 0 0 0 -1 0 1 0 30033.dat
1 7 0 -38 92 1 0 0 0 0 -1 0 1 0 6233.dat
1 7 0 -38 140 1 0 0 0 0 -1 0 1 0 4032.dat
1 4 0 -38 148 1 0 0 0 0 -1 0 1 0 4032.dat
1 57 0 -38 156 1 0 0 0 0 1 0 -1 0 85959.dat
1 8 0 -80 60 1 0 0 0 1 0 0 0 1 50943.dat
1 4 -60 -16 60 1 0 0 0 1 0 0 0 1 3022.dat
1 8 -70 -24 60 0 0 -1 0 1 0 1 0 0 3475.dat
1 7 -50 -24 60 0 0 -1 0 1 0 1 0 0 48336.dat
1 0 -70 -32 60 1 0 0 0 1 0 0 0 1 54383.dat
1 7 -50 -40 90 0 0 1 0 1 0 -1 0 0 2555.dat
1 4 -50 -32 60 1 0 0 0 1 0 0 0 1 61409.dat
1 0 -64 -46 90 0.707107 0 -0.707107 -0.707107 0 -0.707107 0 1 0 85940.dat
1 4 60 -16 60 1 0 0 0 1 0 0 0 1 3022.dat
1 7 50 -24 60 0 0 1 0 1 0 -1 0 0 48336.dat
1 8 70 -24 60 0 0 1 0 1 0 -1 0 0 3475.dat
1 0 70 -32 60 1 0 0 0 1 0 0 0 1 54384.dat
1 7 50 -40 90 0 0 1 0 1 0 -1 0 0 2555.dat
1 4 50 -32 60 1 0 0 0 1 0 0 0 1 61409.dat
1 0 64 -46 90 -0.707107 0 0.707107 -0.707107 0 -0.707107 0 -1 0 85940.dat
1 7 -78.142 -60.142 80 0 0 1 0 1 0 -1 0 0 61184.dat
1 16 -78.142 -60.142 56 1 0 0 0 0 -1 0 1 0 4589.dat
1 7 78.142 -60.142 80 0 0.707 0.707 0 0.707 -0.707 -1 0 0 61184.dat
1 16 78.142 -60.142 56 0.707 0 -0.707 -0.707 0 -0.707 0 1 0 4589.dat
