0 
0 Name: New Model.ldr
0 Author: 
1 0 143.525 21.732 -475.515 -0.382683 -0.343099 -0.857809 0 0.928486 -0.371368 0.92388 -0.142116 -0.355316 3023.dat
1 0 100.6346 3.1636 -493.2808 0.857809 -0.343099 -0.382683 0.371368 0.928486 0 0.355316 -0.142116 0.92388 3020.dat
1 15 137.6917 10.5904 -477.9312 0.857809 -0.343099 -0.382683 0.371368 0.928486 0 0.355316 -0.142116 0.92388 3022.dat
1 0 77.6451 -15.4053 -502.8033 -0.382683 -0.343099 -0.857809 0 0.928486 -0.371368 0.92388 -0.142116 -0.355316 3839.dat
1 0 72.1555 -0.5496 -505.0772 0.382683 -0.343099 0.857809 0 0.928486 0.371368 -0.92388 -0.142116 0.355316 2540.dat
1 0 132.2021 25.4462 -480.2051 0.382683 -0.343099 0.857809 0 0.928486 0.371368 -0.92388 -0.142116 0.355316 4600.dat
1 15 69.4107 6.8783 -506.2141 0.382683 -0.343099 0.857809 0 0.928486 0.371368 -0.92388 -0.142116 0.355316 3023.dat
1 15 66.6659 14.3062 -507.3511 0.382683 -0.343099 0.857809 0 0.928486 0.371368 -0.92388 -0.142116 0.355316 3023.dat
1 0 89.3117 6.8778 -497.9709 -0.382683 -0.343099 -0.857809 0 0.928486 -0.371368 0.92388 -0.142116 -0.355316 3660.dat
1 0 72.4992 25.4478 -504.9348 0.382683 -0.343099 0.857809 0 0.928486 0.371368 -0.92388 -0.142116 0.355316 4600.dat
1 0 140.4365 3.1625 -476.7943 -0.382683 -0.343099 -0.857809 0 0.928486 -0.371368 0.92388 -0.142116 -0.355316 4859.dat
1 15 119.0061 30.0886 -453.1993 -0.857809 -0.343099 0.382683 -0.371368 0.928486 0 -0.355316 -0.142116 -0.92388 4624.dat
1 256 119.0061 30.0886 -453.1993 -0.857809 -0.343099 0.382683 -0.371368 0.928486 0 -0.355316 -0.142116 -0.92388 3641.dat
1 15 141.9671 30.0886 -508.6321 0.857809 -0.343099 -0.382683 0.371368 0.928486 0 0.355316 -0.142116 0.92388 4624.dat
1 256 141.9671 30.0886 -508.6321 0.857809 -0.343099 -0.382683 0.371368 0.928486 0 0.355316 -0.142116 0.92388 3641.dat
1 15 59.3032 30.0902 -477.929 -0.857809 -0.343099 0.382683 -0.371368 0.928486 0 -0.355316 -0.142116 -0.92388 4624.dat
1 256 59.3032 30.0902 -477.929 -0.857809 -0.343099 0.382683 -0.371368 0.928486 0 -0.355316 -0.142116 -0.92388 3641.dat
1 15 82.2642 30.0902 -533.3618 0.857809 -0.343099 -0.382683 0.371368 0.928486 0 0.355316 -0.142116 0.92388 4624.dat
1 256 82.2642 30.0902 -533.3618 0.857809 -0.343099 -0.382683 0.371368 0.928486 0 0.355316 -0.142116 0.92388 3641.dat
1 0 151.7594 -0.5517 -472.1042 -0.382683 -0.343099 -0.857809 0 0.928486 -0.371368 0.92388 -0.142116 -0.355316 2412.dat
1 15 134.6032 -7.979 -479.2105 0.382683 -0.343099 0.857809 0 0.928486 0.371368 -0.92388 -0.142116 0.355316 3069.dat
