0 
0 Name: New Model.ldr
0 Author: 
1 15 105.0428 -19 117.7524 -0.1736 0 -0.9848 0 1 0 0.9848 0 -0.1736 u9204.dat
1 0 55.8025 -63 109.07 0.1736 0 0.9848 0 1 0 -0.9848 0 0.1736 749.dat
1 7 63.9141 -71 120.6545 0.1736 0 0.9848 0 1 0 -0.9848 0 0.1736 3957.dat
1 15 36.6272 -83 102.6426 0.9903 -0.1391 -0.0049 0 0.0349 -0.9994 0.1392 0.9897 0.0346 3068.dat
1 4 36.8556 -92 78.3126 0.9903 -0.1391 -0.0049 0 0.0349 -0.9994 0.1392 0.9897 0.0346 3900.dat
