0 Main
0 Name: 6896-1 - Celestial Forager.mpd
0 Author: LTRON
1 0 0 0 0 1 0 0 0 1 0 0 0 1 3034.dat
1 0 0 -8 0 0 0 1 0 1 0 -1 0 0 3034.dat
1 0 0 -16 60 -1 0 0 0 1 0 0 0 -1 3640.dat
1 4 0 -24 -100 1 0 0 0 1 0 0 0 1 2336.dat
1 0 0 -24 0 0 0 1 0 1 0 -1 0 0 3034.dat
1 4 0 -24 90 -1 0 0 0 1 0 0 0 -1 3023.dat
1 0 30 -24 0 0 0 -1 0 1 0 1 0 0 3004.dat
1 0 -30 -24 0 0 0 -1 0 1 0 1 0 0 3004.dat
1 0 0 -32 -40 -1 0 0 0 1 0 0 0 -1 4859.dat
1 4 -10 -48 0 0 0 1 0 1 0 -1 0 0 3039.dat
1 4 10 -48 0 0 0 -1 0 1 0 1 0 0 3039.dat
1 4 0 -56 -30 1 0 0 0 1 0 0 0 1 3039.dat
1 4 0 -56 0 1 0 0 0 1 0 0 0 1 3022.dat
1 0 0 -64 -20 -1 0 0 0 1 0 0 0 -1 3022.dat
1 0 0 -64 10 1 0 0 0 1 0 0 0 1 4590.dat
1 4 0 -72 0 1 0 0 0 1 0 0 0 1 3680.dat
1 4 0 -32 90 1 0 0 0 1 0 0 0 1 3069.dat
1 0 -40 -21.071 -122.929 0 1 0 0.707107 0 0.707107 0.707107 0 -0.707107 2516.dat
1 0 40 -21.071 -122.929 0 -1 0 -0.707107 0 0.707107 -0.707107 0 -0.707107 2516.dat
1 15 32 -40.87 -103.13 1 0 0 0 0.707107 0.707107 0 -0.707107 0.707107 3070.dat
1 15 -32 -40.87 -103.13 1 0 0 0 0.707107 0.707107 0 -0.707107 0.707107 3070.dat
1 4 60 8 0 1 0 0 0 1 0 0 0 1 4730.dat
1 0 80 18 0 0 0 -1 0 1 0 1 0 0 2593.dat
1 4 -60 8 0 -1 0 0 0 1 0 0 0 -1 4730.dat
1 0 -80 18 0 0 0 1 0 1 0 -1 0 0 2593.dat
1 0 -15.307 0 156.955 0.92388 0 -0.382683 0 1 0 0.382683 0 0.92388 3034.dat
1 0 -15.307 -8 156.955 0.92388 0 -0.382683 0 1 0 0.382683 0 0.92388 3022.dat
1 0 -22.9607 -16 175.4326 0.92388 0 -0.382683 0 1 0 0.382683 0 0.92388 3639.dat
1 0 -22.9607 -24 175.4326 0.382683 0 0.92388 0 1 0 -0.92388 0 0.382683 3020.dat
1 0 12.4094 -24 168.4355 0.382683 0 0.92388 0 1 0 -0.92388 0 0.382683 3004.dat
1 0 -43.0234 -24 145.4745 0.382683 0 0.92388 0 1 0 -0.92388 0 0.382683 3004.dat
1 0 -30.6143 -32 193.9102 0.382683 0 0.92388 0 1 0 -0.92388 0 0.382683 3022.dat
1 0 -15.307 -32 156.955 -0.92388 0 0.382683 0 1 0 -0.382683 0 -0.92388 3020.dat
1 4 -15.307 -40 156.955 -0.382683 0 -0.92388 0 1 0 0.92388 0 -0.382683 3036.dat
1 0 46.1943 -48 139.134 -0.382683 0 -0.92388 0 1 0 0.92388 0 -0.382683 4623.dat
1 0 7.926 -48 231.522 -0.382683 0 -0.92388 0 1 0 0.92388 0 -0.382683 4623.dat
1 0 -84.462 -48 193.2536 0.382683 0 0.92388 0 1 0 -0.92388 0 0.382683 4623.dat
1 0 -46.1937 -48 100.8656 0.382683 0 0.92388 0 1 0 -0.92388 0 0.382683 4623.dat
1 4 11.4808 -64 92.2834 -0.92388 0 0.382683 0 1 0 -0.382683 0 -0.92388 3700.dat
1 4 39.1972 -64 103.7639 0.92388 0 -0.382683 0 1 0 0.382683 0 0.92388 3045.dat
1 4 -16.2356 -64 80.8029 0.382683 0 0.92388 0 1 0 -0.92388 0 0.382683 3045.dat
1 4 40.1258 8 179.916 0.92388 0 -0.382683 0 1 0 0.382683 0 0.92388 4730.dat
1 0 58.6034 18 187.5696 -0.382683 0 -0.92388 0 1 0 0.92388 0 -0.382683 2593.dat
1 4 -70.7398 8 133.994 -0.92388 0 0.382683 0 1 0 -0.382683 0 -0.92388 4730.dat
1 0 -89.2174 18 126.3404 0.382683 0 0.92388 0 1 0 -0.92388 0 0.382683 2593.dat
1 0 -50.0205 -56 110.1044 -0.92388 0 0.382683 0 1 0 -0.382683 0 -0.92388 4085.dat
1 42 -57.6742 -48 128.582 -0.92388 0 0.382683 0 1 0 -0.382683 0 -0.92388 2569.dat
1 0 19.1345 -54 73.8058 0.382683 0 0.92388 0 1 0 -0.92388 0 0.382683 3705.dat
1 7 5.7406 -54 106.1416 -0.92388 0 0.382683 0 1 0 -0.382683 0 -0.92388 4265.dat
1 0 5.4123 -64 133.0654 0.92388 0 -0.382683 0 1 0 0.382683 0 0.92388 4070.dat
1 0 -13.0653 -64 125.4118 0.92388 0 -0.382683 0 1 0 0.382683 0 0.92388 4070.dat
1 0 -11.4802 -64 147.7162 0.92388 0 -0.382683 0 1 0 0.382683 0 0.92388 3004.dat
1 4 1.5311 -54 116.3043 0.92388 -0.382683 0 0 0 -1 0.382683 0.92388 0 3069.dat
1 0 -7.6533 -72 138.4774 0.92388 0 -0.382683 0 1 0 0.382683 0 0.92388 2609.dat
1 0 -7.6533 -78.5 138.4774 0.92388 -0.382683 0 0 0 -1 0.382683 0.92388 0 2959.dat
1 0 11.4808 -72 92.2834 -0.92388 0 0.382683 0 1 0 -0.382683 0 -0.92388 2431.dat
1 0 -30.6143 -48 193.9102 -0.92388 0 0.382683 0 1 0 -0.382683 0 -0.92388 3597.dat
1 0 47.3855 -52 193.747 -0.382683 0 0.92388 0 -1 0 0.92388 0 0.382683 2486.dat
1 0 -85.6532 -52 138.6406 -0.382683 0 0.92388 0 -1 0 0.92388 0 0.382683 2486.dat
1 42 -66.519 -100 92.4466 -0.382683 0 0.92388 0 -1 0 0.92388 0 0.382683 4740.dat
1 42 -104.7873 -100 184.8346 -0.382683 0 0.92388 0 -1 0 0.92388 0 0.382683 4740.dat
1 42 66.5197 -100 147.553 -0.382683 0 0.92388 0 -1 0 0.92388 0 0.382683 4740.dat
1 42 28.2514 -100 239.941 -0.382683 0 0.92388 0 -1 0 0.92388 0 0.382683 4740.dat
1 0 -30.41 -102.495 193.4169 -0.92388 0.331413 0.191341 0 0.5 -0.866025 -0.382683 -0.800103 -0.46194 3315.dat
1 0 -23.9318 -115.8155 177.7772 -0.92388 0.331413 0.191341 0 0.5 -0.866025 -0.382683 -0.800103 -0.46194 2476.dat
1 0 -62.5259 -197.136 270.9516 -0.92388 0.331413 0.191341 0 0.5 -0.866025 -0.382683 -0.800103 -0.46194 4476.dat
1 4 -70.4798 -209.136 290.1541 -0.191341 0.331413 -0.92388 0.866025 0.5 0 0.46194 -0.800103 -0.382683 4730.dat
1 4 -76.22 -183.1552 304.0123 -0.92388 0.331413 0.191341 0 0.5 -0.866025 -0.382683 -0.800103 -0.46194 2607.dat
1 4 -16.053 -115.4758 158.756 0.92388 -0.191341 -0.331413 0 0.866025 -0.5 0.382683 0.46194 0.800103 2607.dat
1 0 -8.9926 -94.4315 141.7107 0.92388 -0.382683 0 0 0 -0.999999 0.382683 0.923879 0 2959.dat
1 0 -78.3079 -155.7056 309.0528 0.92388 -0.382683 0 0 0 -0.999999 0.382683 0.923879 0 2959.dat
1 4 -78.3071 -125.2053 309.0508 0.92388 0 -0.382683 0 0.999999 0 0.382683 0 0.923879 4345.dat
1 7 -78.3071 -125.2053 309.0508 0.92388 0 -0.382683 0 0.999999 0 0.382683 0 0.923879 4346.dat
1 42 -75.0599 -93.2053 316.8902 0.92388 0 -0.382683 0 0.999999 0 0.382683 0 0.923879 6141.dat
1 42 -80.0235 -93.2053 297.5159 0.92388 0 -0.382683 0 0.999999 0 0.382683 0 0.923879 6141.dat
1 0 -78.3071 -133.2053 309.0508 0.92388 0 -0.382683 0 0.999999 0 0.382683 0 0.923879 2609.dat
1 0 -78.3071 -139.7053 309.0508 0.92388 -0.382683 0 0 0 -0.999999 0.382683 0.923879 0 2959.dat
1 4 18.433 -80 35.5 -0.460819 0 0.887494 0 1 0 -0.887494 0 -0.460819 3795.dat
1 7 0.0002 -72 0.0002 -0.460819 0 0.887494 0 1 0 -0.887494 0 -0.460819 3679.dat
1 7 27.6494 -72 53.2499 -0.460819 0 0.887494 0 1 0 -0.887494 0 -0.460819 3679.dat
1 0 9.2166 -88 17.7501 -0.460819 0 0.887494 0 1 0 -0.887494 0 -0.460819 3022.dat
1 0 9.2166 -96 17.7501 -0.460819 0 0.887494 0 1 0 -0.887494 0 -0.460819 4285.dat
1 7 9.2166 -120 17.7501 -0.460819 0 0.887494 0 1 0 -0.887494 0 -0.460819 3941.dat
1 4 27.649 -72 53.25 0.923879 0 -0.382684 0 1 0 0.382684 0 0.923879 3680.dat
1 0 27.649 -64 53.25 0.382684 0 0.923879 0 1 0 -0.923879 0 0.382684 2817.dat
