0 Main
0 Name: 42036-1 - Street Motorcycle.mpd
0 Author: LTRON
1 72 0 -323.4125 -6.4001 0 1 0 0.9995 0 0.0306 0.0306 0 -0.9995 32009.dat
1 71 20 -243.454 -3.9491 1 0 0 0 -0.9995 0.0306 0 -0.0306 -0.9995 4519.dat
1 1 20 -263.4436 -4.5618 1 0 0 0 -0.9995 0.0306 0 -0.0306 -0.9995 6558.dat
1 1 20 -324.638 33.5792 1 0 0 0 -0.9287 0.3706 0 -0.3706 -0.9287 6558.dat
1 1 20 -325.2507 53.5688 1 0 0 0 -0.9869 0.1608 0 -0.1608 -0.9869 6558.dat
1 1 20 -325.8635 73.5584 1 0 0 0 -0.6213 0.7836 0 -0.7836 -0.6213 6558.dat
1 1 20 -327.7017 133.5273 1 0 0 0 -0.9995 0.0306 0 -0.0306 -0.9995 6558.dat
1 0 15 -243.454 -3.9491 0 1 0 0.9995 0 0.0306 0.0306 0 -0.9995 99773.dat
1 0 25 -243.454 -3.9491 0 1 0 0.9995 0 0.0306 0.0306 0 -0.9995 99773.dat
1 1 20 -223.4644 -3.3363 1 0 0 0 -0.9995 0.0306 0 -0.0306 -0.9995 6558.dat
1 72 0 -223.4644 -3.3363 0 1 0 -0.0306 0 0.9995 0.9995 0 0.0306 32526.dat
1 1 20 -163.4955 -1.4981 1 0 0 0 -0.9995 0.0306 0 -0.0306 -0.9995 6558.dat
1 1 20 -143.5059 -0.8853 1 0 0 0 -0.9995 0.0306 0 -0.0306 -0.9995 6558.dat
1 71 20 -203.4748 -2.7236 1 0 0 0 -0.9995 0.0306 0 -0.0306 -0.9995 4519.dat
1 72 20 -124.7418 39.7067 -1 0 0 0 0.9995 0.0306 0 0.0306 -0.9995 11214.dat
1 1 20 -125.9673 79.6859 1 0 0 0 -0.9995 0.0306 0 -0.0306 -0.9995 6558.dat
1 72 20 -125.9673 79.6859 0 -1 0 -0.9995 0 0.0306 -0.0306 0 -0.9995 32526.dat
1 72 0 -129.6438 199.6237 0 1 0 -0.9995 0 -0.0306 -0.0306 0 0.9995 32009.dat
1 71 20 -127.8055 139.6548 0 0 -1 -0.9995 -0.0306 0 -0.0306 0.9995 0 48989.dat
1 0 10 -189.6127 197.7854 1 0 0 0 -0.0306 -0.9995 0 0.9995 -0.0306 2780.dat
1 1 10 -209.6023 197.1726 -1 0 0 0 -0.0306 0.9995 0 0.9995 0.0306 43093.dat
1 0 50 -127.8055 139.6548 1 0 0 0 -0.0306 -0.9995 0 0.9995 -0.0306 2780.dat
1 0 50 -126.58 99.6755 1 0 0 0 -0.0306 -0.9995 0 0.9995 -0.0306 2780.dat
1 72 40 -126.58 99.6755 0 -1 0 -0.9995 0 0.0306 -0.0306 0 -0.9995 32524.dat
1 72 40 -223.4644 -3.3363 0 1 0 -0.0306 0 0.9995 0.9995 0 0.0306 32526.dat
1 0 20 -325.2507 53.5688 0 1 0 0.1608 0 -0.9869 -0.9869 0 -0.1608 60484.dat
1 72 20 -301.0122 104.8993 0 1 0 -0.7836 0 0.6213 0.6213 0 0.7836 32316.dat
1 72 20 -329.54 193.4961 0 1 0 0.0306 0 -0.9995 -0.9995 0 -0.0306 32009.dat
1 1 20 -289.5608 194.7216 -1 0 0 0 -0.9747 -0.2234 0 -0.2234 0.9747 6558.dat
1 71 20 -327.089 113.5376 1 0 0 0 -0.9995 0.0306 0 -0.0306 -0.9995 4519.dat
1 1 60 -144.1186 19.1043 1 0 0 0 -0.9995 0.0306 0 -0.0306 -0.9995 6558.dat
1 1 60 -144.7314 39.0939 1 0 0 0 -0.9995 0.0306 0 -0.0306 -0.9995 6558.dat
1 1 -20 -144.1186 19.1043 -1 0 0 0 -0.9995 -0.0306 0 -0.0306 0.9995 6558.dat
1 1 -20 -144.7314 39.0939 -1 0 0 0 -0.9995 -0.0306 0 -0.0306 0.9995 6558.dat
1 4 60 -144.425 29.0991 0 1 0 -0.9995 0 -0.0306 -0.0306 0 0.9995 43857.dat
1 4 -20 -144.425 29.0991 0 1 0 -0.9995 0 -0.0306 -0.0306 0 0.9995 43857.dat
1 1 20 -361.5113 27.3968 1 0 0 0 -0.9869 0.1608 0 -0.1608 -0.9869 6558.dat
1 1 20 -367.9446 66.874 1 0 0 0 -0.9869 0.1608 0 -0.1608 -0.9869 6558.dat
1 4 0 -384.028 165.5671 0 -1 0 0.9869 0 -0.1608 0.1608 0 0.9869 32009.dat
1 1 -10 -358.2946 7.6582 1 0 0 0 0.1608 0.9869 0 -0.9869 0.1608 43093.dat
1 0 -10 -364.728 47.1355 1 0 0 0 -0.0306 -0.9995 0 0.9995 -0.0306 2780.dat
1 71 20 -305.0735 178.4339 1 0 0 0 -0.9869 0.1608 0 -0.1608 -0.9869 4519.dat
1 4 40 -384.028 165.5671 0 -1 0 0.9869 0 -0.1608 0.1608 0 0.9869 32009.dat
1 0 50 -364.732 47.1391 1 0 0 0 -0.0306 -0.9995 0 0.9995 -0.0306 2780.dat
1 1 50 -358.2946 7.6582 -1 0 0 0 0.1608 -0.9869 0 -0.9869 -0.1608 43093.dat
1 4 0 -302.9608 253.2031 0 -1 0 0.9747 0 -0.2234 0.2234 0 0.9747 41239.dat
1 1 20 -276.1607 136.2401 1 0 0 0 -0.6213 0.7836 0 -0.7836 -0.6213 6558.dat
1 1 20 -298.4941 233.7093 1 0 0 0 -0.6213 0.7836 0 -0.7836 -0.6213 6558.dat
1 0 10 -302.9608 253.2031 1 0 0 0 -0.0306 -0.9995 0 0.9995 -0.0306 2780.dat
1 0 10 -311.8942 292.1908 1 0 0 0 -0.0306 -0.9995 0 0.9995 -0.0306 2780.dat
1 0 20 -307.4275 272.6969 0 -1 0 0.9747 0 -0.2234 0.2234 0 0.9747 32523.dat
1 71 20 -316.3608 311.6846 1 0 0 0 -0.9747 0.2234 0 -0.2234 -0.9747 4519.dat
1 0 20 -316.3608 311.6846 1 0 0 0 0.9747 -0.2234 0 0.2234 0.9747 63869.dat
1 4 40 -302.9608 253.2031 0 -1 0 0.9747 0 -0.2234 0.2234 0 0.9747 41239.dat
1 0 0 -294.6336 306.4043 0 0.9811 0.1934 0.2234 0.1885 -0.9563 -0.9747 0.0432 -0.2191 2780.dat
1 0 40 -294.6336 306.4043 0 0.9811 0.1934 0.2234 0.1885 -0.9563 -0.9747 0.0432 -0.2191 2780.dat
1 0 20 -320.8275 331.1784 1 0 0 0 -0.9747 0.2234 0 -0.2234 -0.9747 3705.dat
1 73 10 -364.2819 341.7389 0 1 0 -0.9747 0 -0.2234 -0.2234 0 0.9747 87080.dat
1 0 20 -373.2179 380.7269 -1 0 0 0 -0.9747 -0.2234 0 -0.2234 0.9747 2780.dat
1 0 20 -377.6859 400.2209 -1 0 0 0 -0.9747 -0.2234 0 -0.2234 0.9747 2780.dat
1 73 30 -364.2819 341.7389 0 -1 0 0.9747 0 -0.2234 0.2234 0 0.9747 87086.dat
1 1 10 -349.2559 365.7009 0 -1 0 -0.2234 0 -0.9747 0.9747 0 -0.2234 6558.dat
1 1 30 -349.2559 365.7009 0 -1 0 -0.2234 0 -0.9747 0.9747 0 -0.2234 6558.dat
1 0 20 -329.7619 370.1689 -1 0 0 0 -0.9747 -0.2234 0 -0.2234 0.9747 32291.dat
1 71 10 -355.9579 394.9419 0 0 1 -0.2234 -0.9747 0 0.9747 -0.2234 0 62462.dat
1 71 30 -355.9579 394.9419 0 0 1 -0.2234 -0.9747 0 0.9747 -0.2234 0 62462.dat
1 1 10 -360.4259 414.4359 0 0 1 -0.2234 -0.9747 0 0.9747 -0.2234 0 4274.dat
1 1 30 -360.4259 414.4359 0 0 1 -0.2234 -0.9747 0 0.9747 -0.2234 0 4274.dat
1 36 30 -362.2131 422.2335 0 0 1 -0.9747 0.2234 0 -0.2234 -0.9747 0 30057.dat
1 36 10 -362.2131 422.2335 0 0 1 -0.9747 0.2234 0 -0.2234 -0.9747 0 30057.dat
1 4 50 -344.7879 346.2069 0 0 1 0.2234 0.9747 0 -0.9747 0.2234 0 32054.dat
1 4 -10 -344.7879 346.2069 0 0 1 0.2234 0.9747 0 -0.9747 0.2234 0 32054.dat
1 1 50 -351.4899 375.4479 0 0 1 0.2234 0.9747 0 -0.9747 0.2234 0 43093.dat
1 1 -10 -351.4899 375.4479 0 0 1 0.2234 0.9747 0 -0.9747 0.2234 0 43093.dat
1 71 -10 -355.9579 394.9419 0 0 1 -0.2234 -0.9747 0 0.9747 -0.2234 0 62462.dat
1 71 50 -355.9579 394.9419 0 0 1 -0.2234 -0.9747 0 0.9747 -0.2234 0 62462.dat
1 0 40 -320.8259 331.1809 -1 0 0 0 -0.2234 0.9747 0 0.9747 0.2234 41678.dat
1 0 0 -320.8259 331.1809 -1 0 0 0 -0.2234 0.9747 0 0.9747 0.2234 41678.dat
1 71 20 -329.7609 370.1661 1 0 0 0 -0.9747 0.2234 0 -0.2234 -0.9747 4519.dat
1 72 -20 -125.4379 290.3038 1 0 0 0 0.9687 0.2481 0 -0.2481 0.9687 64290.dat
1 71 -20 -164.6599 217.7698 1 0 0 0 0.2481 -0.9687 0 0.9687 0.2481 48989.dat
1 71 -20 -124.9639 372.7618 1 0 0 0 0.2481 -0.9687 0 0.9687 0.2481 48989.dat
1 1 -20 -149.7739 275.8918 0 0 -1 -0.9687 0.2481 0 0.2481 0.9687 0 6558.dat
1 1 -20 -144.8119 295.2658 0 0 -1 -0.9687 0.2481 0 0.2481 0.9687 0 6558.dat
1 71 -20 -149.7739 275.8918 -1 0 0 0 0.2481 0.9687 0 0.9687 -0.2481 42003.dat
1 1 -10 -154.7359 256.5178 -1 0 0 0 0.2481 0.9687 0 0.9687 -0.2481 43093.dat
1 72 -20 -164.1859 300.2278 1 0 0 0 0.9687 0.2481 0 -0.2481 0.9687 64290.dat
1 0 -20 -193.4839 266.4418 0 -1 0 0.9687 0 0.2481 -0.2481 0 0.9687 15100.dat
1 0 0 -174.1099 261.4798 0 -1 0 0.2481 0 -0.9687 0.9687 0 0.2481 32523.dat
1 19 -10 -159.6979 237.1438 1 0 0 0 0.412495 -0.910906 0 0.910906 0.412495 6562.dat
1 4 10 -159.6979 237.1438 0 0 1 0.910906 0.412495 0 -0.412495 0.910906 0 59443.dat
1 71 40 -159.6979 237.1438 0 0 -1 -0.910906 0.412495 0 0.412495 0.910906 0 94925.dat
1 0 50 -159.6979 237.1438 -1 0 0 0 0.412495 0.910906 0 0.910906 -0.412495 3705.dat
1 0 -20 -135.5989 210.3268 0 0 1 0.9687 0.2481 0 -0.2481 0.9687 0 2780.dat
1 0 -20 -125.6749 249.0748 0 0 1 0.9687 0.2481 0 -0.2481 0.9687 0 2780.dat
1 72 -40 -162.3764 217.0382 0 1 0 0.932 0 -0.3623 -0.3623 0 -0.932 6629.dat
1 1 -50 -166.9132 72.8958 1 0 0 0 -0.52822 -0.84904 0 0.84904 -0.52822 43093.dat
1 1 -40 -188.042 106.8574 1 0 0 0 -0.52822 -0.84904 0 0.84904 -0.52822 6558.dat
1 19 -30 -184.1144 161.1182 1 0 0 0 -0.9772 -0.212079 0 0.212079 -0.9772 6562.dat
1 4 -10 -184.1144 161.1182 0 0 -1 -0.212079 -0.9772 0 -0.9772 0.212079 0 59443.dat
1 19 30 -184.1144 161.1182 -1 0 0 0 -0.9772 0.212079 0 0.212079 0.9772 99008.dat
1 0 -20 -188.042 106.8574 0 -1 0 -0.84904 0 0.52822 -0.52822 0 -0.84904 32523.dat
1 28 20 -198.6064 123.8382 -1 0 0 0 -0.949643 0.313049 0 0.313049 0.949643 15462.dat
1 4 0 -198.6064 123.8382 0 0 1 -0.3623 0.932 0 -0.932 -0.3623 0 6590.dat
1 4 20 -198.6064 123.8382 0 0 1 -0.313049 0.949643 0 -0.949643 -0.313049 0 6590.dat
1 72 30 -177.4776 89.8766 -1 0 0 0 0.932 -0.3623 0 -0.3623 -0.932 55013.dat
1 4 0 -177.4776 89.8766 0 0 1 -0.3623 0.932 0 -0.932 -0.3623 0 6590.dat
1 72 20 -177.4776 89.8766 0 0 1 -0.3623 0.932 0 -0.932 -0.3623 0 3648.dat
1 71 40 -177.4776 89.8766 0 0 1 -0.3623 0.932 0 -0.932 -0.3623 0 94925.dat
1 71 40 -198.6064 123.8382 0 0 1 -0.313049 0.949643 0 -0.949643 -0.313049 0 94925.dat
1 71 40 -184.1144 161.1182 0 0 1 -0.212079 0.9772 0 -0.9772 -0.212079 0 94925.dat
1 72 30 -169.623 198.3981 -1 0 0 0 0.9995 0.0306 0 0.0306 -0.9995 55013.dat
1 28 20 -193.4833 266.4435 -1 0 0 0 0.9995 0.0306 0 0.0306 -0.9995 15462.dat
1 4 40 -193.4833 266.4435 0 0 1 0.0306 0.9995 0 -0.9995 0.0306 0 6590.dat
1 71 20 -120 392.134 1 0 0 0 0.9908 -0.1349 0 0.1349 0.9908 44294.dat
1 4 -40 -120 392.134 0 0 1 0.1349 0.9908 0 -0.9908 0.1349 0 6590.dat
1 4 0 -120 392.134 0 0 1 0.1349 0.9908 0 -0.9908 0.1349 0 6590.dat
1 72 40 -169.623 198.3981 0 0 -1 -0.1177 0.993 0 0.993 0.1177 0 6542.dat
1 72 20 -120 392.134 0 0 -1 -0.1349 0.9908 0 0.9908 0.1349 0 88517.dat
1 256 20 -120 392.134 0 0 -1 -0.1349 0.9908 0 0.9908 0.1349 0 88516.dat
1 4 40 -120 392.134 0 0 1 0.1349 0.9908 0 -0.9908 0.1349 0 6590.dat
1 0 60 -125.6749 249.0748 0 0 1 0.9687 0.2481 0 -0.2481 0.9687 0 2780.dat
1 72 60 -125.4379 290.3038 1 0 0 0 0.9687 0.2481 0 -0.2481 0.9687 64290.dat
1 71 60 -164.6599 217.7698 1 0 0 0 0.2481 -0.9687 0 0.9687 0.2481 48989.dat
1 71 60 -124.9639 372.7618 1 0 0 0 0.2481 -0.9687 0 0.9687 0.2481 48989.dat
1 72 60 -164.1859 300.2278 1 0 0 0 0.9687 0.2481 0 -0.2481 0.9687 64290.dat
1 0 60 -193.4839 266.4418 0 -1 0 0.9687 0 0.2481 -0.2481 0 0.9687 15100.dat
1 0 60 -135.5989 210.3268 0 0 1 0.9687 0.2481 0 -0.2481 0.9687 0 2780.dat
1 71 20 -120.9512 227.2207 0 0 1 -0.2481 0.9687 0 -0.9687 -0.2481 0 14720.dat
1 71 79.9996 -159.6995 237.1437 0 0 1 -0.4126 0.9108 0 -0.9108 -0.4126 0 94925.dat
1 72 78 -120 392.134 0 0 1 0.1349 0.9908 0 -0.9908 0.1349 0 3648.dat
1 71 60 -176.8697 179.7592 0 1 0 0.932 0 -0.3623 -0.3623 0 -0.932 32348.dat
1 72 80 -166.9186 72.898 -1 0 0 0 0.8491 0.5282 0 0.5282 -0.8491 11214.dat
1 1 80 -188.0459 106.8599 1 0 0 0 -0.8252 -0.5647 0 0.5647 -0.8252 6558.dat
1 0 70 -191.3629 142.4802 1 0 0 0 -0.8252 -0.5647 0 0.5647 -0.8252 2780.dat
1 1 70 -176.8697 179.7592 -1 0 0 0 0.3623 0.932 0 0.932 -0.3623 43093.dat
1 0 80 -177.4822 89.879 0 -1 0 -0.8491 0 0.5281 -0.5281 0 -0.8491 32523.dat
1 72 79.9998 -184.1163 161.1197 0 1 0 0.932 0 -0.3623 -0.3623 0 -0.932 32316.dat
1 71 94.9999 -169.623 198.3981 0 0 -1 0.9995 0.0301 0 0.0301 -0.9995 0 32123.dat
1 71 2.0192 -253.8865 42.3465 0 0 0.9998 0.5281 0.849 0 -0.849 0.5281 0 32333.dat
1 72 2.0192 -194.9921 27.1707 0.9998 0 0 0 0.849 -0.5281 0 0.5281 0.849 11214.dat
1 72 2.0192 -234.8345 30.6475 0.9998 0 0 0 0.849 -0.5281 0 0.5281 0.849 11214.dat
1 4 42.0112 -234.8345 30.6475 0.9998 0 0 0 0.849 -0.5281 0 0.5281 0.849 32054.dat
1 4 42.0112 -194.9921 27.1707 0.9998 0 0 0 0.849 -0.5281 0 0.5281 0.849 32054.dat
1 1 -7.9788 -255.9585 64.6075 -0.9998 0 0 0 0.273678 -0.961688 0 -0.961688 -0.273678 4274.dat
1 71 -27.9748 -217.228 3.062 0 0 0.9998 0.995822 0.089188 0 -0.089188 0.995822 0 2850.dat
1 0 22.0152 -211.4365 68.7515 -0.9998 0 0 0 0.5281 -0.849 0 -0.849 -0.5281 3705.dat
1 14 -27.9748 -211.4365 68.7515 0 0 -0.9998 -0.849 -0.5281 0 -0.5281 0.849 0 2853.dat
1 14 -57.9688 -202.9465 74.0325 0 0 -0.9998 0.849 0.5281 0 0.5281 -0.849 0 2853.dat
1 14 -27.9748 -214.3742 34.9295 0 0 0.9998 0.995822 0.089188 0 -0.089188 0.995822 0 2851.dat
1 71 -27.9748 -202.0769 74.536 0 0 -0.9998 -0.955586 0.294254 0 0.294254 0.955586 0 2852.dat
1 71 -27.9748 -202.0769 74.536 0 0 0.9998 -0.158472 0.987227 0 -0.987227 -0.158472 0 2852.dat
1 71 -27.9748 -272.9194 92.5947 0 0 0.9998 -0.360201 0.932669 0 -0.932669 -0.360201 0 2850.dat
1 14 -27.9748 -243.0731 81.0675 0 0 0.9998 -0.360201 0.932669 0 -0.932669 -0.360201 0 2851.dat
1 72 22.0152 -211.4365 68.7515 0 0 0.9998 0.5281 0.849 0 -0.849 0.5281 0 10928.dat
1 1 22.0152 -245.3965 47.6275 0.9998 0 0 0 -0.5281 -0.849 0 0.849 -0.5281 6558.dat
1 72 22.0152 -284.7975 40.7664 0 -0.9998 0 -0.171619 0 -0.985019 0.985019 0 -0.171619 32316.dat
1 71 22.0165 -241.4649 101.8827 0.9998 0 0 0 0.849 -0.5281 0 0.5281 0.849 44294.dat
1 4 22.0152 -241.4649 101.8827 0 0 -0.9998 -0.5281 0.849 0 0.849 0.5281 0 6590.dat
1 71 42.0112 -253.8865 42.3465 0 0 0.9998 0.5281 0.849 0 -0.849 0.5281 0 32333.dat
1 1 52.0092 -255.9585 64.6075 0.9998 0 0 0 0.849 -0.5281 0 0.5281 0.849 4274.dat
1 71 72.0052 -217.228 3.062 0 0 0.9998 0.995822 0.089188 0 -0.089188 0.995822 0 2850.dat
1 14 72.0052 -211.4365 68.7515 0 0 0.9998 0.849 -0.5281 0 0.5281 0.849 0 2853.dat
1 14 101.9992 -219.9265 63.4705 0 0 0.9998 -0.849 0.5281 0 -0.5281 -0.849 0 2853.dat
1 14 72.0052 -215.3552 23.975 0 0 0.9998 0.995822 0.089188 0 -0.089188 0.995822 0 2851.dat
1 71 72.0052 -219.0569 63.974 0 0 -0.9998 -0.996216 -0.085091 0 -0.085091 0.996216 0 2852.dat
1 71 72.0052 -272.9194 92.5947 0 0 0.9998 -0.360201 0.932669 0 -0.932669 -0.360201 0 2850.dat
1 71 72.0052 -219.0569 63.974 0 0 0.9998 -0.516702 0.855983 0 -0.855983 -0.516702 0 2852.dat
1 14 72.0052 -253.3328 85.03 0 0 0.9998 -0.360201 0.932669 0 -0.932669 -0.360201 0 2851.dat
1 1 101.9992 -234.8345 30.6475 0.9998 0 0 0 0.849 -0.5281 0 0.5281 0.849 6558.dat
1 1 101.9992 -255.9585 64.6075 0.9998 0 0 0 0.849 -0.5281 0 0.5281 0.849 6558.dat
1 1 -57.9688 -255.9585 64.6075 -0.9998 0 0 0 0.849 0.5281 0 0.5281 -0.849 6558.dat
1 1 -57.9688 -234.8345 30.6475 -0.9998 0 0 0 0.849 0.5281 0 0.5281 -0.849 6558.dat
1 72 40 -323.4125 -6.4001 0 1 0 0.9995 0 0.0306 0.0306 0 -0.9995 32009.dat
1 0 50 -283.4332 -5.1746 1 0 0 0 -0.0306 -0.9995 0 0.9995 -0.0306 2780.dat
1 0 -10 -283.4332 -5.1746 1 0 0 0 -0.0306 -0.9995 0 0.9995 -0.0306 2780.dat
1 4 100 -211.4385 68.7524 0 0 0.9998 0.5281 0.849 0 -0.849 0.5281 0 32184.dat
1 71 100 -228.4185 58.1904 0 0 0.9998 0.5281 0.849 0 -0.849 0.5281 0 4519.dat
1 71 100 -194.4585 79.3144 0 0 0.9998 0.5281 0.849 0 -0.849 0.5281 0 4519.dat
1 0 100 -205.0205 96.2944 0 0 0.9998 0.5281 0.849 0 -0.849 0.5281 0 6536.dat
1 0 100 -183.8965 62.3344 0 0 0.9998 0.5281 0.849 0 -0.849 0.5281 0 6536.dat
1 0 100 -217.8565 41.2104 0 0 -0.9998 0.5281 -0.849 0 -0.849 -0.5281 0 6536.dat
1 0 100 -238.9805 75.1704 0 0 -0.9998 0.5281 -0.849 0 -0.849 -0.5281 0 6536.dat
1 4 -60 -211.4382 68.7533 0 0 0.9998 0.5281 0.849 0 -0.849 0.5281 0 32184.dat
1 71 -60 -228.4182 58.1913 0 0 0.9998 0.5281 0.849 0 -0.849 0.5281 0 4519.dat
1 71 -60 -194.4582 79.3153 0 0 0.9998 0.5281 0.849 0 -0.849 0.5281 0 4519.dat
1 0 -60 -205.0202 96.2953 0 0 0.9998 0.5281 0.849 0 -0.849 0.5281 0 6536.dat
1 0 -60 -183.8962 62.3353 0 0 0.9998 0.5281 0.849 0 -0.849 0.5281 0 6536.dat
1 0 -60 -217.8562 41.2113 0 0 -0.9998 0.5281 -0.849 0 -0.849 -0.5281 0 6536.dat
1 0 -60 -238.9802 75.1713 0 0 -0.9998 0.5281 -0.849 0 -0.849 -0.5281 0 6536.dat
1 16 80 -128.382 421.6109 1.0001 0 0 0 0.016568 0.999931 0 -0.999834 0.016541 14696.dat
1 16 80 -142.1061 413.3849 1.0001 0 0 0 0.514231 0.857731 0 -0.857661 0.51416 14696.dat
1 16 80 -149.8155 399.3651 1.0001 0 0 0 0.87631 0.481879 0 -0.481854 0.876213 14696.dat
1 16 80 -152.9112 383.6681 1.0001 0 0 0 0.981144 0.19345 0 -0.193456 0.981044 14696.dat
1 16 80 -155.9548 367.9608 1.0001 0 0 0 0.981768 0.190204 0 -0.19021 0.981669 14696.dat
1 16 80 -158.9972 352.2533 1.0001 0 0 0 0.981793 0.190107 0 -0.190113 0.981693 14696.dat
1 16 80 -162.0394 336.5457 1.0001 0 0 0 0.981793 0.190107 0 -0.190113 0.981693 14696.dat
1 16 80 -165.0816 320.8381 1.0001 0 0 0 0.981793 0.190107 0 -0.190113 0.981693 14696.dat
1 16 80 -168.1239 305.1306 1.0001 0 0 0 0.981793 0.190107 0 -0.190113 0.981693 14696.dat
1 16 80 -171.1661 289.4231 1.0001 0 0 0 0.981793 0.190107 0 -0.190113 0.981693 14696.dat
1 16 80 -174.2083 273.7155 1.0001 0 0 0 0.981793 0.190107 0 -0.190113 0.981693 14696.dat
1 16 80 -177.2506 258.008 1.0001 0 0 0 0.981793 0.190107 0 -0.190113 0.981693 14696.dat
1 16 80 -180.2928 242.3004 1.0001 0 0 0 0.981793 0.190107 0 -0.190113 0.981693 14696.dat
1 16 80 -177.964 226.4712 1.0001 0 0 0 0.98939 -0.145522 0 0.145483 0.989298 14696.dat
1 16 80 -165.2563 216.7484 1.0001 0 0 0 0.607756 -0.794212 0 0.79412 0.607717 14696.dat
1 16 80 -149.367 218.6356 1.0001 0 0 0 -0.117946 -0.993065 0 0.992971 -0.11791 14696.dat
1 16 80 -139.4468 231.1889 1.0001 0 0 0 -0.784683 -0.619975 0 0.619934 -0.784591 14696.dat
1 16 80 -134.4755 246.3965 1.0001 0 0 0 -0.950589 -0.310745 0 0.310738 -0.95049 14696.dat
1 16 80 -129.5857 261.6306 1.0001 0 0 0 -0.95222 -0.305588 0 0.305582 -0.95212 14696.dat
1 16 80 -124.7024 276.8665 1.0001 0 0 0 -0.952319 -0.3052 0 0.305194 -0.952219 14696.dat
1 16 80 -119.8194 292.1027 1.0001 0 0 0 -0.952319 -0.3052 0 0.305194 -0.952219 14696.dat
1 16 80 -114.9364 307.3388 1.0001 0 0 0 -0.952319 -0.3052 0 0.305194 -0.952219 14696.dat
1 16 80 -110.0535 322.575 1.0001 0 0 0 -0.952319 -0.3052 0 0.305194 -0.952219 14696.dat
1 16 80 -105.1705 337.8112 1.0001 0 0 0 -0.952319 -0.3052 0 0.305194 -0.952219 14696.dat
1 16 80 -100.2875 353.0474 1.0001 0 0 0 -0.952319 -0.3052 0 0.305194 -0.952219 14696.dat
1 16 80 -95.4046 368.2834 1.0001 0 0 0 -0.952319 -0.3052 0 0.305194 -0.952219 14696.dat
1 16 80 -90.5317 383.5229 1.0001 0 0 0 -0.95259 -0.304547 0 0.304541 -0.95249 14696.dat
1 16 80 -90.2626 399.5201 1.0001 0 0 0 -0.999958 -0.016784 0 0.016807 -0.999861 14696.dat
1 16 80 -98.0232 413.512 1.0001 0 0 0 -0.874519 0.485053 0 -0.484984 -0.874446 14696.dat
1 16 80 -111.7777 421.6875 1.0001 0 0 0 -0.510963 0.859674 0 -0.859578 -0.510935 14696.dat
1 71 -19.9983 -321.3195 -74.6489 0 0 -1 -0.9151 0.4031 0 0.4031 0.9151 0 44294.dat
1 71 20.0017 -280.14 -92.7884 0 0 -1 -0.4031 -0.9151 0 -0.9151 0.4031 0 11478.dat
1 71 20.0017 -289.291 -88.7574 0 0 -1 -0.4031 -0.9151 0 -0.9151 0.4031 0 11478.dat
1 71 -4.9983 -311.0795 -101.0129 0 -1 0 -0.4031 0 0.9151 -0.9151 0 -0.4031 11478.dat
1 71 20.0017 -274.4755 -117.1369 -1 0 0 0 0.4031 0.9151 0 0.9151 -0.4031 44294.dat
1 71 20.0017 -274.4755 -117.1369 -1 0 0 0 -0.9151 0.4031 0 0.4031 0.9151 62462.dat
1 71 45.0017 -311.0795 -101.0129 0 -1 0 -0.4031 0 0.9151 -0.9151 0 -0.4031 11478.dat
1 16 -19.9983 -229.8095 -114.9589 0 0 -1 0.4031 0.9151 0 0.9151 -0.4031 0 2909.dat
1 16 -19.9983 -119.9975 -163.3309 0 0 -1 0.4031 0.9151 0 0.9151 -0.4031 0 2910.dat
1 71 -34.9983 -119.9975 -163.3309 0 0 1 0.9151 0.4031 0 -0.4031 0.9151 0 32123.dat
1 71 20.0017 -119.9975 -163.3309 -1 0 0 0 0.4031 0.9151 0 0.9151 -0.4031 44294.dat
1 4 0.0017 -119.9975 -163.3309 0 0 1 0.9151 0.4031 0 -0.4031 0.9151 0 6590.dat
1 256 20.0017 -119.9975 -163.3309 0 0 1 0.9151 0.4031 0 -0.4031 0.9151 0 88516.dat
1 72 20.0017 -119.9975 -163.3309 0 0 1 0.9151 0.4031 0 -0.4031 0.9151 0 88517.dat
1 4 40.0017 -119.9975 -163.3309 0 0 1 0.9151 0.4031 0 -0.4031 0.9151 0 6590.dat
1 71 75.0017 -119.9975 -163.3309 0 0 1 0.9151 0.4031 0 -0.4031 0.9151 0 32123.dat
1 16 60.0017 -229.8095 -114.9589 0 0 -1 0.4031 0.9151 0 0.9151 -0.4031 0 2909.dat
1 16 60.0017 -119.9975 -163.3309 0 0 -1 0.4031 0.9151 0 0.9151 -0.4031 0 2910.dat
1 71 60.0017 -321.3195 -74.6489 0 0 -1 -0.9151 0.4031 0 0.4031 0.9151 0 44294.dat
1 71 80.0017 -274.4755 -117.1369 0 -1 0 0.9151 0 0.4031 -0.4031 0 0.9151 74695.dat
1 71 -39.9983 -274.4755 -117.1369 0 -1 0 0.9151 0 0.4031 -0.4031 0 0.9151 74695.dat
1 71 20.0017 -347.6835 -84.8889 -1 0 0 0 0.4031 0.9151 0 0.9151 -0.4031 32073.dat
1 0 -19.9983 -347.6835 -84.8889 -1 0 0 0 0.4031 0.9151 0 0.9151 -0.4031 6536.dat
1 0 60.0017 -347.6835 -84.8889 -1 0 0 0 0.4031 0.9151 0 0.9151 -0.4031 6536.dat
1 0 -4.9983 -278.8315 -27.8049 0 -1 0 -0.9151 0 -0.4031 0.4031 0 -0.9151 99773.dat
1 71 20.0017 -315.4355 -11.6809 1 0 0 0 -0.9151 -0.4031 0 0.4031 -0.9151 4519.dat
1 0 5.0017 -278.8315 -27.8049 0 -1 0 -0.9151 0 -0.4031 0.4031 0 -0.9151 99773.dat
1 1 20.0017 -286.8935 -46.1069 1 0 0 0 -0.9151 -0.4031 0 0.4031 -0.9151 6558.dat
1 1 20.0017 -294.9555 -64.4089 1 0 0 0 -0.9151 -0.4031 0 0.4031 -0.9151 6558.dat
1 71 20.0017 -294.9555 -64.4089 0 0 1 0.9151 0.4031 0 -0.4031 0.9151 0 42003.dat
1 4 20.0017 -323.4975 -29.9829 1 0 0 0 0.4031 -0.9151 0 0.9151 0.4031 32184.dat
1 0 35.0017 -278.8315 -27.8049 0 -1 0 -0.9151 0 -0.4031 0.4031 0 -0.9151 99773.dat
1 0 45.0017 -278.8315 -27.8049 0 -1 0 -0.9151 0 -0.4031 0.4031 0 -0.9151 99773.dat
1 0 50.0017 -297.1335 -19.7429 -1 0 0 0 0.9151 -0.4031 0 -0.4031 -0.9151 2780.dat
1 0 -9.9983 -297.1335 -19.7429 -1 0 0 0 0.9151 -0.4031 0 -0.4031 -0.9151 2780.dat
1 4 20.0017 -331.5595 -48.2849 -1 0 0 0 0.9151 -0.4031 0 -0.4031 -0.9151 32062.dat
1 0 20.0017 -321.3195 -74.6489 -1 0 0 0 0.4031 0.9151 0 0.9151 -0.4031 92907.dat
1 1 20.0017 -341.7995 -21.9209 0 -1 0 -0.9151 0 -0.4031 0.4031 0 -0.9151 6558.dat
1 72 20.0017 -341.7995 -21.9209 1 0 0 0 -0.9151 -0.4031 0 0.4031 -0.9151 18654.dat
1 0 50.0017 -278.8315 -27.8049 -1 0 0 0 0.9151 -0.4031 0 -0.4031 -0.9151 2780.dat
1 0 -9.9983 -278.8315 -27.8049 -1 0 0 0 0.9151 -0.4031 0 -0.4031 -0.9151 2780.dat
1 71 60.0017 -260.5295 -35.8669 0 -1 0 0.4031 0 -0.9151 0.9151 0 0.4031 74695.dat
1 71 -19.9983 -260.5295 -35.8669 0 -1 0 0.4031 0 -0.9151 0.9151 0 0.4031 74695.dat
1 71 20.0017 -260.5295 -35.8669 -1 0 0 0 -0.4031 -0.9151 0 -0.9151 0.4031 44294.dat
1 71 20.0017 -242.2275 -43.9289 -1 0 0 0 -0.4031 -0.9151 0 -0.9151 0.4031 4519.dat
1 72 20.0017 -312.1685 -78.6799 0 0 1 -0.9151 -0.4031 0 0.4031 -0.9151 0 87083.dat
1 0 20.0017 -339.6215 -66.5869 -1 0 0 0 -0.4031 -0.9151 0 -0.9151 0.4031 92907.dat
1 71 20.0017 -357.9235 -58.5249 1 0 0 0 0.9151 0.4031 0 -0.4031 0.9151 4519.dat
1 0 -19.9983 -357.9235 -58.5249 0 -0.3827 0.9239 -0.9151 -0.372424 -0.154266 0.4031 -0.845461 -0.350209 32016.dat
1 0 60.0017 -357.9235 -58.5249 0 0 1 -0.9151 -0.4031 0 0.4031 -0.9151 0 32016.dat
1 0 20.0017 -357.9235 -58.5249 0 -1 0 -0.9151 0 -0.4031 0.4031 0 -0.9151 15100.dat
1 71 120.0539 -347.8966 -35.7623 0.3827 0 0.9239 -0.372424 0.9151 0.154266 -0.845461 -0.4031 0.350209 32123.dat
1 71 110.8151 -349.4392 -39.2642 0.3827 0 0.9239 -0.372424 0.9151 0.154266 -0.845461 -0.4031 0.350209 32123.dat
1 71 101.5763 -350.9818 -42.7661 0.3827 0 0.9239 -0.372424 0.9151 0.154266 -0.845461 -0.4031 0.350209 32123.dat
1 71 92.3375 -352.5244 -46.2681 0.3827 0 0.9239 -0.372424 0.9151 0.154266 -0.845461 -0.4031 0.350209 32123.dat
1 71 -52.3341 -352.5244 -46.2681 -0.3827 0 0.9239 -0.372424 0.9151 -0.154266 -0.845461 -0.4031 -0.350209 32123.dat
1 71 -61.5729 -350.9818 -42.7661 -0.3827 0 0.9239 -0.372424 0.9151 -0.154266 -0.845461 -0.4031 -0.350209 32123.dat
1 71 -70.8117 -349.4392 -39.2642 -0.3827 0 0.9239 -0.372424 0.9151 -0.154266 -0.845461 -0.4031 -0.350209 32123.dat
1 71 -80.0505 -347.8966 -35.7623 -0.3827 0 0.9239 -0.372424 0.9151 -0.154266 -0.845461 -0.4031 -0.350209 32123.dat
1 71 96.9569 -351.7531 -44.5172 0.9239 0 -0.3827 0.154266 0.9151 0.372424 0.350209 -0.4031 0.845461 4519.dat
1 71 -56.9535 -351.7531 -44.5172 0.9239 0 0.3827 -0.154266 0.9151 0.372424 -0.350209 -0.4031 0.845461 4519.dat
1 0 20.0017 -360.1015 -13.8589 -1 0 0 0 0.9151 -0.4031 0 -0.4031 -0.9151 60484.dat
1 80 0.0017 -385.3765 -46.4319 1 0 0 0 -0.9151 -0.4031 0 0.4031 -0.9151 6141.dat
1 80 40.0017 -385.3765 -46.4319 1 0 0 0 -0.9151 -0.4031 0 0.4031 -0.9151 6141.dat
1 4 60.0017 -376.2255 -50.4629 1 0 0 0 0.4031 -0.9151 0 0.9151 0.4031 6590.dat
1 4 -19.9983 -376.2255 -50.4629 1 0 0 0 0.4031 -0.9151 0 0.9151 0.4031 6590.dat
1 4 -20 -290.2834 -12.4592 0 1 0 0.7285 0 -0.685 -0.685 0 -0.7285 43857.dat
1 4 60 -290.2834 -12.4592 0 1 0 0.7285 0 -0.685 -0.685 0 -0.7285 43857.dat
1 4 60 -141.8874 62.7204 0 1 0 -0.9239 0 0.3827 0.3827 0 0.9239 6590.dat
1 4 60 -126.58 99.6755 1 0 0 0 0 -1 0 1 0 32015.dat
1 73 60 -66.58 99.6755 0 -0.7071 -0.7071 0 0.7071 -0.7071 1 0 0 32192.dat
1 71 88.2843 -38.2958 99.6755 0.7071 0 0.7071 0.7071 0 -0.7071 0 1 0 4519.dat
1 4 60 -96.58 99.6755 0 1 0 -1 0 0 0 0 1 32062.dat
1 4 60 -138.0605 71.9592 0 1 0 -0.3827 0 -0.9239 -0.9239 0 0.3827 32062.dat
1 71 20.0017 -308.904 -145.6845 0 0 1 -0.8716 0.4902 0 -0.4902 -0.8716 0 32034.dat
1 72 -19.9983 -308.904 -145.6845 1 0 0 0 0.4902 0.8716 0 -0.8716 0.4902 11214.dat
1 72 60.0017 -308.904 -145.6845 -1 0 0 0 0.4902 -0.8716 0 -0.8716 -0.4902 11214.dat
1 0 60.0017 -308.904 -145.6845 1 0 0 0 0.8716 -0.4902 0 0.4902 0.8716 32016.dat
1 0 -19.9983 -308.904 -145.6845 1 0 0 0 0.8716 -0.4902 0 0.4902 0.8716 32016.dat
1 72 60.0017 -289.296 -180.5485 0 0 -1 0.8716 0.4902 0 0.4902 -0.8716 0 10197.dat
1 72 -19.9983 -289.296 -180.5485 0 0 1 -0.8716 0.4902 0 -0.4902 -0.8716 0 10197.dat
1 4 60.0017 -332.497 -127.1546 0 0 1 -0.786457 -0.617672 0 0.617672 -0.786457 0 32062.dat
1 4 -19.9983 -332.497 -127.1546 0 0 1 -0.786457 -0.617672 0 0.617672 -0.786457 0 32062.dat
1 0 -19.9983 -340.3613 -120.978 0 -1 0 -0.786457 0 -0.617672 0.617672 0 -0.786457 6536.dat
1 0 60.0017 -340.3613 -120.978 0 1 0 -0.786457 0 0.617672 0.617672 0 0.786457 6536.dat
1 0 20.0017 -317.62 -150.5865 0 1 0 -0.8716 0 -0.4902 -0.4902 0 0.8716 2780.dat
1 0 80.0017 -346.5379 -128.8424 0 1 0 -0.617672 0 -0.786457 -0.786457 0 0.617672 2780.dat
1 0 -39.9983 -346.5379 -128.8424 0 1 0 -0.617672 0 -0.786457 -0.786457 0 0.617672 2780.dat
1 73 20.0017 -326.336 -155.4885 0 -0.342 0.9397 0.8716 -0.460641 -0.167648 0.4902 0.819043 0.298087 32192.dat
1 4 56.254 -318.0493 -170.2226 0 0.9063 0.4226 -0.8716 0.207159 -0.444268 -0.4902 -0.368338 0.789931 41669.dat
1 47 74.3802 -313.9059 -177.5898 0 -0.9063 0.4226 0.8716 -0.207159 -0.444268 0.4902 0.368338 0.789931 41669.dat
1 4 -17.586 -319.6297 -167.4127 0 -0.9397 -0.342 0.8716 0.167648 -0.460641 0.4902 -0.298087 0.819043 41669.dat
1 47 -36.3799 -316.2765 -173.3748 0 0.9397 -0.342 -0.8716 -0.167648 -0.460641 -0.4902 0.298087 0.819043 41669.dat
1 71 -17.586 -319.6297 -167.4127 -0.9397 -0.342 0 0.167648 -0.460641 0.8716 -0.298087 0.819043 0.4902 4519.dat
1 71 56.254 -318.0493 -170.2226 -0.9063 0.4226 0 -0.207159 -0.444268 0.8716 0.368338 0.789931 0.4902 4519.dat
1 4 20.0017 -349.339 -164.7888 0 1 0 0.617672 0 0.786457 0.786457 0 -0.617672 32140.dat
1 4 20.0017 -302.1516 -201.8491 1 0 0 0 -0.617672 0.786457 0 -0.786457 -0.617672 32062.dat
1 4 20.0017 -289.7981 -186.1199 1 0 0 0 -0.617672 0.786457 0 -0.786457 -0.617672 32062.dat
1 4 35.0017 -289.7981 -186.1199 0 -1 0 -0.786457 0 -0.617672 0.617672 0 -0.786457 41677.dat
1 4 5.0017 -289.7981 -186.1199 0 -1 0 -0.786457 0 -0.617672 0.617672 0 -0.786457 41677.dat
1 1 20.0017 -333.6098 -177.1422 1 0 0 0 0.786457 0.617672 0 -0.617672 0.786457 6558.dat
1 71 20.0017 -349.339 -164.7888 1 0 0 0 0.786457 0.617672 0 -0.617672 0.786457 4519.dat
1 73 40.0017 -380.7972 -140.0819 0 -1 0 -0.617672 0 0.786457 -0.786457 0 -0.617672 87080.dat
1 73 0.0017 -380.7972 -140.0819 0 1 0 0.617672 0 0.786457 0.786457 0 -0.617672 87086.dat
1 1 -39.9983 -376.3084 -118.176 0 1 0 -0.786457 0 0.617672 0.617672 0 0.786457 4274.dat
1 1 80.0017 -376.3084 -118.176 0 1 0 -0.786457 0 0.617672 0.617672 0 0.786457 4274.dat
1 1 0.0017 -388.6618 -133.9052 0 1 0 -0.786457 0 0.617672 0.617672 0 0.786457 43093.dat
1 1 40.0017 -388.6618 -133.9052 0 1 0 -0.786457 0 0.617672 0.617672 0 0.786457 43093.dat
1 0 0.0017 -412.2555 -115.375 -1 0 0 0 -0.617672 -0.786457 0 -0.786457 0.617672 32016.dat
1 0 40.0017 -412.2555 -115.375 -1 0 0 0 -0.617672 -0.786457 0 -0.786457 0.617672 32016.dat
1 4 40.0017 -426.9621 -89.2265 0 0 -1 0.490225 -0.871644 0 -0.871644 -0.490225 0 32062.dat
1 4 0.0017 -426.9621 -89.2265 0 0 -1 0.490225 -0.871644 0 -0.871644 -0.490225 0 32062.dat
1 0 40.0017 -429.4136 -84.8686 0 0 -1 -0.871644 -0.490225 0 -0.490225 0.871644 0 6632.dat
1 73 80.0017 -260.5248 -35.8701 0 1 0 0.91512 0 -0.40316 -0.40316 0 -0.91512 32271.dat
1 0 90.0017 -292.7776 -109.0797 1 0 0 0 -0.390587 -0.92051 0 0.92051 -0.390587 2780.dat
1 4 100.0017 -292.7776 -109.0797 -0.9984 -0.0289 -0.0492 0.004754 0.817482 -0.575936 0.056826 -0.575326 -0.81599 32013.dat
1 73 -39.9983 -260.5295 -35.8669 0 1 0 0.9151 0 -0.4031 -0.4031 0 -0.9151 32271.dat
1 0 -49.9983 -292.7792 -109.0786 0.9983 0.0542 -0.0179 -0.0047 -0.2343 -0.9721 -0.0568 0.9707 -0.2336 2780.dat
1 4 -59.9816 -292.7322 -108.5103 -0.9983 -0.0289 -0.0492 0.0047 0.8174 -0.576 0.0568 -0.5753 -0.816 32013.dat
1 0 -40 -124.7314 29.0939 0 0 1 0 -1 0 1 0 0 32557.dat
1 0 -40 -104.7314 19.0939 0 0.9995 -0.0306 0 -0.0306 -0.9995 -1 0 0 2780.dat
1 0 -40 -124.7314 19.0939 0 0.9995 -0.0306 0 -0.0306 -0.9995 -1 0 0 2780.dat
1 73 -60 -124.7314 9.0936 -1 0 0 0 -1 0 0 0 1 64681.dat
1 0 -40 -84.7327 -0.9061 0 0.9995 -0.0306 0 -0.0306 -0.9995 -1 0 0 2780.dat
1 71 -77.9648 -245.3911 47.6189 0.9993 0 0 0 0.5278 0.8487 0 -0.8486 0.5279 48989.dat
1 73 -77.9648 -230.6938 -13.8483 0.9989 0 0 0 0.8484 -0.5278 0 0.5277 0.8485 64391.dat
1 0 -77.9648 -260.0885 109.086 0.9981 0 0 0 -0.8484 0.5278 0 -0.5277 -0.8485 64680.dat
1 0 -77.9648 -265.3663 117.5709 0 0.9995 -0.0306 0.5282 -0.026 -0.8487 -0.8491 -0.0162 -0.5279 2780.dat
1 0 -58.003 -265.3727 117.5811 0 0.9995 -0.0306 0.5282 -0.026 -0.8487 -0.8491 -0.0162 -0.5279 2780.dat
1 71 -58.003 -270.6545 126.0724 0 -0.9996 0 -0.849 0 0.5277 -0.5281 0 -0.8484 42003.dat
1 1 -38.0116 -262.165 131.3533 0 -0.9987 0.0415 -0.849 0.0219 0.5273 -0.5281 -0.0353 -0.8477 43093.dat
1 73 -39.9966 -322.0366 33.8329 0.9998 0 0 0 0.9869 -0.1608 0 0.1608 0.9867 64391.dat
1 0 -20 -358.2971 7.6663 0 0.9997 0 -0.1607 0 0.9866 0.9866 0 0.1607 15100.dat
1 0 80 -124.1186 29.1043 0 0 1 0 -1 0 1 0 0 32557.dat
1 0 80 -124.1186 19.1043 0 0.9995 -0.0306 0 -0.0306 -0.9995 -1 0 0 2780.dat
1 0 80 -104.1186 19.1043 0 0.9995 -0.0306 0 -0.0306 -0.9995 -1 0 0 2780.dat
1 73 100.308 -123.8026 9.1063 -0.9998 0.0156 0 -0.0156 -0.9998 0 0 0 0.9998 64393.dat
1 0 79.688 -84.1226 -0.8917 0 0.9995 -0.0306 0 -0.0306 -0.9995 -1 0 0 2780.dat
1 4 79.688 -84.1226 -10.8917 0 -0.0156 0.9996 0 0.9996 0.0156 -0.999 0 0 32015.dat
1 71 19.702 -85.0586 -10.8917 0.9994 -0.0156 0 0.0156 0.9992 0 0 0 0.9997 32073.dat
1 4 -40 -84.7327 -10.9061 0 -0.0156 -0.9996 0 0.9993 -0.0156 0.999 0 0 32015.dat
1 71 121.9952 -245.3905 47.6195 0.9993 0 0 0 0.5278 0.8487 0 -0.8486 0.5279 48989.dat
1 73 121.9952 -230.6932 -13.8477 0.9989 0 0 0 0.8484 -0.5278 0 0.5277 0.8485 64683.dat
1 0 121.9952 -260.0879 109.0866 0.9981 0 0 0 -0.8484 0.5278 0 -0.5277 -0.8485 64394.dat
1 71 101.973 -270.6539 126.073 0 0.9996 0 0.849 0 0.5259 0.5281 0 -0.8454 42003.dat
1 1 81.9804 -262.1644 131.3539 0 -0.9987 0.0415 -0.849 0.0219 0.5273 -0.5281 -0.0353 -0.8477 43093.dat
1 0 121.9952 -265.3659 117.5716 0 0.9995 -0.0306 0.5282 -0.026 -0.8487 -0.8491 -0.0162 -0.5279 2780.dat
1 0 101.973 -265.3954 117.6187 0 0.9995 -0.0306 0.5282 -0.026 -0.8487 -0.8491 -0.0162 -0.5279 2780.dat
1 16 40.1137 -293.9261 303.4887 0.998001 -0.029867 0.028668 0.020759 -0.239126 -0.969926 0.03586 0.969685 -0.238131 79.dat
1 16 40.2109 -292.6116 298.1484 0.9985 0.004994 0.028668 0.02912 -0.238161 -0.969926 0.00199 0.970403 -0.238131 80.dat
1 16 40.0713 -291.3672 293.0655 0.998101 0.026271 0.028668 0.03415 -0.237558 -0.969926 -0.01877 0.97019 -0.238131 80.dat
1 16 39.9504 -290.1222 287.9825 0.9985 0.002797 0.028668 0.02852 -0.238298 -0.969926 0.004089 0.970435 -0.238131 80.dat
1 16 40.0472 -288.8705 282.8977 0.998101 -0.02747 0.028668 0.021295 -0.239709 -0.969726 0.033486 0.969675 -0.23883 80.dat
1 16 40.2367 -287.6089 277.8176 0.997402 -0.046049 0.029368 0.016641 -0.255468 -0.965776 0.052127 0.964934 -0.254261 80.dat
1 16 40.5274 -286.1999 272.7849 0.995704 -0.07302 0.032264 0.008627 -0.302504 -0.952295 0.079386 0.949564 -0.300714 80.dat
1 16 41.002 -284.4414 267.8806 0.992407 -0.107382 0.038458 -0.003756 -0.367611 -0.929075 0.114048 0.922953 -0.365469 80.dat
1 16 41.6518 -282.3523 263.1268 0.987912 -0.140146 0.047048 -0.017668 -0.427749 -0.902849 0.146818 0.892138 -0.425412 80.dat
1 16 42.4687 -279.9648 258.5404 0.983117 -0.167915 0.056438 -0.030881 -0.475704 -0.878154 0.174491 0.862545 -0.473246 80.dat
1 16 43.4108 -277.3679 254.0928 0.978223 -0.191189 0.066127 -0.042483 -0.513285 -0.856181 0.197872 0.835758 -0.510651 80.dat
1 16 44.4713 -274.5875 249.7843 0.973328 -0.211567 0.075916 -0.052894 -0.543552 -0.836777 0.21858 0.811401 -0.540711 80.dat
1 16 45.6277 -271.6716 245.5908 0.968434 -0.229447 0.085806 -0.061847 -0.567438 -0.820049 0.237135 0.789836 -0.564198 80.dat
1 16 46.8756 -268.6408 241.506 0.963639 -0.24503 0.095395 -0.069142 -0.585757 -0.80655 0.25378 0.771617 -0.581927 80.dat
1 16 48.1959 -265.5313 237.5036 0.959144 -0.258715 0.104685 -0.074819 -0.599345 -0.795975 0.26896 0.756575 -0.594766 80.dat
1 16 49.5872 -262.3586 233.5755 0.954649 -0.271101 0.113775 -0.079163 -0.609104 -0.788071 0.283321 0.744268 -0.6035 80.dat
1 16 51.0382 -259.1453 229.7021 0.950154 -0.282689 0.122565 -0.082196 -0.615563 -0.782691 0.297087 0.734602 -0.608744 80.dat
1 16 52.5501 -255.9056 225.8742 0.945858 -0.293177 0.131056 -0.08364 -0.618744 -0.780078 0.310192 0.727798 -0.610297 80.dat
1 16 54.1121 -252.6583 222.0727 0.941663 -0.302966 0.139147 -0.083741 -0.618816 -0.780053 0.322838 0.723752 -0.608634 80.dat
1 16 55.7261 -249.4189 218.2864 0.937368 -0.312256 0.146938 -0.082434 -0.615641 -0.782605 0.335302 0.722432 -0.603396 80.dat
1 16 57.386 -246.2034 214.4997 0.933172 -0.321346 0.15413 -0.07958 -0.609103 -0.78801 0.34755 0.724027 -0.594519 80.dat
1 16 59.0947 -243.0334 210.6963 0.928977 -0.329937 0.160723 -0.074938 -0.598894 -0.796255 0.359381 0.728612 -0.581642 80.dat
1 16 60.8455 -239.9244 206.862 0.924981 -0.338228 0.166517 -0.068337 -0.584336 -0.807625 0.370901 0.736608 -0.56412 80.dat
1 16 62.6413 -236.9086 202.9749 0.921186 -0.346419 0.171112 -0.059396 -0.564421 -0.822394 0.381875 0.748289 -0.540944 80.dat
1 16 64.477 -234.008 199.0199 0.91759 -0.35411 0.174308 -0.047767 -0.537582 -0.840877 0.391932 0.764159 -0.510664 80.dat
1 16 66.3541 -231.2761 194.9662 0.914593 -0.361402 0.175407 -0.032721 -0.501857 -0.863396 0.400468 0.78485 -0.471245 80.dat
1 16 68.2652 -228.7485 190.7989 0.912495 -0.367595 0.173609 -0.013347 -0.45357 -0.8902 0.406398 0.810883 -0.419075 80.dat
1 16 70.206 -226.5292 186.4752 0.911996 -0.371691 0.167216 0.011502 -0.386343 -0.921382 0.407498 0.843166 -0.348328 80.dat
1 16 72.252 -224.629 181.762 0.914193 -0.371491 0.15483 0.042054 -0.294113 -0.953965 0.400376 0.879704 -0.253387 80.dat
1 16 74.1879 -223.3567 177.0802 0.920586 -0.3635 0.134951 0.07619 -0.171318 -0.981383 0.380303 0.914776 -0.13005 80.dat
1 16 76.0477 -222.85 172.2363 0.932074 -0.342723 0.107382 0.109262 -0.014116 -0.993126 0.34227 0.938417 0.024455 80.dat
1 16 77.7621 -223.208 167.3351 0.948256 -0.304964 0.075017 0.132189 0.170824 -0.975534 0.284982 0.936005 0.202737 80.dat
1 16 79.2175 -224.6234 162.5491 0.965836 -0.251024 0.044451 0.136186 0.360857 -0.921714 0.215566 0.897221 0.38331 80.dat
1 16 80.3736 -226.9521 158.0411 0.98052 -0.189591 0.021876 0.120445 0.526085 -0.840886 0.147994 0.827946 0.539379 80.dat
1 16 81.1924 -230.0845 153.9539 0.990309 -0.130556 0.008591 0.092475 0.651655 -0.751746 0.092705 0.746006 0.658252 80.dat
1 16 81.7355 -233.747 150.2715 0.995704 -0.079712 0.002198 0.060711 0.74036 -0.668259 0.051648 0.666203 0.742895 80.dat
1 16 82.0266 -237.8121 146.9969 0.998101 -0.039057 -0.0001 0.031208 0.799857 -0.598014 0.023412 0.597416 0.800591 80.dat
1 16 82.1424 -242.1169 144.0246 0.9988 -0.012386 -0.0003 0.010203 0.833968 -0.550241 0.007053 0.550144 0.834071 80.dat
1 16 82.1589 -246.5449 141.2285 0.9989 -0.001698 0 0.001389 0.8465 -0.530854 0.000982 0.530755 0.8466 80.dat
1 16 82.1589 -250.9922 138.4622 0.9989 0 0 0 0.8484 -0.5278 0 0.5277 0.8485 80.dat
1 16 82.1589 -255.4391 135.6956 0.9989 0 0 0 0.8484 -0.5278 0 0.5277 0.8485 80.dat
1 16 82.1589 -259.8729 132.9373 0.9989 0 0 0 -0.848347 0.527885 0 -0.527785 -0.848447 79.dat
1 16 0.1132 -293.9295 303.5027 0.998001 -0.029967 0.028668 0.020707 -0.239126 -0.969926 0.035944 0.969685 -0.238131 79.dat
1 16 0.2115 -292.6224 298.1924 0.9985 0.004795 0.028668 0.029014 -0.238161 -0.969926 0.00216 0.970403 -0.238131 80.dat
1 16 0.0731 -291.3858 293.1414 0.998101 0.026571 0.028668 0.034223 -0.237558 -0.969926 -0.019077 0.97019 -0.238131 80.dat
1 16 -0.0503 -290.1487 288.0904 0.9985 0.003396 0.028668 0.028667 -0.238298 -0.969926 0.003474 0.970435 -0.238131 80.dat
1 16 0.0428 -288.905 283.0375 0.998101 -0.026271 0.028668 0.021568 -0.239624 -0.969779 0.032479 0.969728 -0.238746 80.dat
1 16 0.2219 -287.6526 277.9886 0.998101 -0.028569 0.029268 0.021012 -0.255445 -0.965755 0.035075 0.965654 -0.254483 80.dat
1 16 0.3466 -286.1777 272.7426 0.998401 -0.003796 0.030167 0.027659 -0.303537 -0.951569 0.01285 0.951981 -0.303204 80.dat
1 16 0.2731 -284.4376 267.8451 0.997801 0.03636 0.028668 0.040167 -0.369963 -0.927308 -0.023147 0.927492 -0.37096 80.dat
1 16 -0.0307 -282.3323 263.0996 0.995704 0.076216 0.023774 0.054445 -0.430797 -0.899805 -0.058396 0.898362 -0.433522 80.dat
1 16 -0.52 -279.9543 258.4996 0.992607 0.110878 0.016482 0.068118 -0.479894 -0.873708 -0.089078 0.869471 -0.484367 80.dat
1 16 -1.1834 -277.3394 254.0508 0.988911 0.140445 0.007891 0.080455 -0.51845 -0.850353 -0.115532 0.842548 -0.524561 80.dat
1 16 -1.9824 -274.5559 249.7278 0.984915 0.166317 -0.001698 0.091272 -0.549025 -0.829787 -0.139164 0.818117 -0.556487 80.dat
1 16 -2.9146 -271.6232 245.5312 0.98082 0.188992 -0.011887 0.10058 -0.57291 -0.812332 -0.160559 0.796553 -0.581522 80.dat
1 16 -3.9505 -268.5881 241.4326 0.976625 0.20877 -0.022275 0.108091 -0.591123 -0.798285 -0.180011 0.778164 -0.600321 80.dat
1 16 -5.0878 -265.4673 237.4259 0.972329 0.226251 -0.032864 0.114058 -0.604585 -0.787246 -0.198306 0.76273 -0.614284 80.dat
1 16 -6.3073 -262.2896 233.4884 0.968134 0.242133 -0.043552 0.118555 -0.614218 -0.779121 -0.215749 0.750031 -0.623941 80.dat
1 16 -7.6101 -259.0688 229.6129 0.963739 0.256917 -0.05444 0.121676 -0.620329 -0.773732 -0.232872 0.739993 -0.629768 80.dat
1 16 -9.0514 -255.6702 225.5973 0.959344 0.270602 -0.065328 0.123335 -0.623193 -0.7713 -0.249727 0.73268 -0.631785 80.dat
1 16 -10.4938 -252.421 221.7955 0.954948 0.283088 -0.076016 0.123238 -0.622746 -0.771583 -0.266028 0.728369 -0.630196 80.dat
1 16 -12.0001 -249.1824 218.0095 0.950553 0.294576 -0.086405 0.121457 -0.619106 -0.77477 -0.282081 0.726867 -0.624883 80.dat
1 16 -13.5631 -245.9703 214.224 0.945958 0.305863 -0.096793 0.118002 -0.611965 -0.781021 -0.298469 0.728249 -0.61559 80.dat
1 16 -15.1867 -242.8073 210.4226 0.941363 0.316551 -0.106683 0.112556 -0.601036 -0.790186 -0.314683 0.732811 -0.601992 80.dat
1 16 -16.8615 -239.7083 206.5912 0.936768 0.32674 -0.115972 0.104929 -0.585789 -0.802582 -0.330607 0.740647 -0.583577 80.dat
1 16 -18.5909 -236.7058 202.7077 0.932173 0.336529 -0.124563 0.094676 -0.565101 -0.818587 -0.346281 0.75222 -0.55917 80.dat
1 16 -20.3682 -233.8216 198.7576 0.927778 0.346019 -0.131955 0.081225 -0.537489 -0.838348 -0.361354 0.767983 -0.527214 80.dat
1 16 -22.1957 -231.1096 194.7102 0.923583 0.354809 -0.137449 0.063848 -0.500429 -0.862451 -0.375223 0.788798 -0.485249 80.dat
1 16 -24.065 -228.6104 190.5482 0.920187 0.362501 -0.140345 0.041752 -0.450787 -0.890774 -0.386613 0.814733 -0.430258 80.dat
1 16 -25.9715 -226.4211 186.2333 0.918189 0.367895 -0.139247 0.014095 -0.384431 -0.922145 -0.393224 0.845767 -0.358452 80.dat
1 16 -27.8963 -224.6107 181.7583 0.918688 0.369094 -0.132554 -0.019604 -0.294163 -0.954716 -0.391825 0.880731 -0.26315 80.dat
1 16 -29.8102 -223.3723 177.0948 0.923483 0.362201 -0.11787 -0.058685 -0.170268 -0.982762 -0.376476 0.915547 -0.135968 80.dat
1 16 -31.7459 -222.8407 172.0515 0.933772 0.341923 -0.094596 -0.097471 -0.008809 -0.994374 -0.341173 0.938776 0.025326 80.dat
