0 Main
0 Name: 4404 - Land Busters - Bike.mpd
0 Author: LTRON
1 0 0 -3.486 -120.099 0 0 1 0.021 1 0 -1 0.021 0 3020.dat
1 7 -10 -27.486 -120.603 0 0 1 0.021 1 0 -1 0.021 0 3701.dat
1 7 10 -27.486 -120.603 0 0 1 0.021 1 0 -1 0.021 0 3701.dat
1 0 -20 -17.486 -120.393 -1 0 0 0 1 0.021 0 0.021 -1 2780.dat
1 0 20 -17.486 -120.393 -1 0 0 0 1 0.021 0 0.021 -1 2780.dat
1 19 -20 -17.906 -100.393 -1 0 0 0 1 0.021 0 0.021 -1 3749.dat
1 19 20 -17.906 -100.393 1 0 0 0 1 -0.021 0 0.021 1 3749.dat
1 7 -10 -34.856 -150.771 0 0 1 0.021 1 0 -1 0.021 0 6141.dat
1 7 10 -34.856 -150.771 0 0 1 0.021 1 0 -1 0.021 0 6141.dat
1 7 -10 -36.116 -90.771 0 0 1 0.021 1 0 -1 0.021 0 6141.dat
1 7 10 -36.116 -90.771 0 0 1 0.021 1 0 -1 0.021 0 6141.dat
1 0 0 -43.486 -120.939 0 0 1 0.021 1 0 -1 0.021 0 3020.dat
1 8 50 -17.906 -100.393 1 0 0 0 1 -0.021 0 0.021 1 32054.dat
1 8 -50 -17.906 -100.393 -1 0 0 0 1 0.021 0 0.021 -1 32054.dat
1 8 0 -67.486 -121.443 -1 0 0 0 1 0.021 0 0.021 -1 30000.dat
1 0 0 -68.116 -91.443 -1 0 0 0 1 0.021 0 0.021 -1 3660.dat
1 0 0 -66.856 -151.443 1 0 0 0 1 -0.021 0 0.021 1 3660.dat
1 14 0 -75.906 -101.611 0 0 1 0.021 1 0 -1 0.021 0 3034.dat
1 0 -30 -77.486 -121.653 0 1 0 -0.021 0 1 1 0 0.021 32526.dat
1 0 30 -77.486 -121.653 0 1 0 -0.021 0 1 1 0 0.021 32526.dat
1 0 0 -98.436 -172.115 1 0 0 0 1 -0.021 0 0.021 1 3660.dat
1 0 -10 -99.906 -102.115 0 0 1 0.021 1 0 -1 0.021 0 3894.dat
1 0 10 -99.906 -102.115 0 0 1 0.021 1 0 -1 0.021 0 3894.dat
1 14 -10 -75.1811 36.9473 0 0 1 -0.363596 0.932043 0 -0.932043 -0.363596 0 44301.dat
1 14 10 -75.1811 36.9473 0 0 1 -0.363596 0.932043 0 -0.932043 -0.363596 0 44301.dat
1 14 0 -82.6364 39.8531 0 0 1 -0.363596 0.932043 0 -0.932043 -0.363596 0 3068.dat
1 14 -10 -85.586 -21.779 0 0 -1 -0.021 1 0 1 0.021 0 44302.dat
1 14 10 -85.586 -21.779 0 0 -1 -0.021 1 0 1 0.021 0 44302.dat
1 14 0 -93.376 -31.947 1 0 0 0 1 -0.021 0 0.021 1 3023.dat
1 0 10 -93.796 -11.947 0 0 -1 -0.021 1 0 1 0.021 0 4081.dat
1 0 -10 -93.796 -11.947 0 0 1 0.021 1 0 -1 0.021 0 4081.dat
1 14 0 -101.586 -22.115 0 0 1 0.021 1 0 -1 0.021 0 3022.dat
1 8 -30 -92.048 0.095 0 0 1 -1 0.021 0 -0.021 -1 0 4085.dat
1 8 30 -92.048 0.095 0 0 -1 1 0.021 0 0.021 -1 0 4085.dat
1 38 -30 -92.216 8.095 0 0 1 -1 0.021 0 -0.021 -1 0 6141.dat
1 38 30 -92.216 8.095 0 0 1 -1 0.021 0 -0.021 -1 0 6141.dat
1 14 0 -107.906 -102.283 0 0 1 0.021 1 0 -1 0.021 0 3832.dat
1 0 0 -90.746 -61.905 -1 0 0 0 1 0.021 0 0.021 -1 3706.dat
0 !LEOCAD SYNTH BEGIN
0 !LEOCAD SYNTH CONTROL_POINT 0 110 0 1 0 0 0 1 0 0 0 1 1
0 !LEOCAD SYNTH CONTROL_POINT 0 0 0 1 0 0 0 1 0 0 0 1 1
1 14 40 -90.746 -61.905 0 0 -1 -0.562598 0.826555 0 0.826555 0.562598 0 76537.dat
0 !LEOCAD SYNTH END
1 7 25 -90.746 -61.905 0 0 -1 -0.021 1 0 1 0.021 0 32123.dat
1 7 55 -90.746 -61.905 0 0 -1 -0.021 1 0 1 0.021 0 32123.dat
1 7 -25 -90.746 -61.905 0 0 -1 -0.021 1 0 1 0.021 0 32123.dat
1 8 0 -116.746 -62.451 0 0 1 0.021 1 0 -1 0.021 0 3020.dat
1 8 0 -117.796 -12.451 -1 0 0 0 1 0.021 0 0.021 -1 2540.dat
1 0 -30 -81.4183 -167.978 0 0 1 -0.394467 -0.919125 0 0.919125 -0.394467 0 3023.dat
1 0 -30 -78.01 -155.631 0 0 1 -0.394467 -0.919125 0 0.919125 -0.394467 0 4081.dat
1 7 -30 -70.1207 -174.0135 0 0 1 -0.394467 -0.919125 0 0.919125 -0.394467 0 6141.dat
1 0 -30 -66.7123 -161.6665 0 0 1 -0.394467 -0.919125 0 0.919125 -0.394467 0 3023.dat
1 7 -50 -84.5819 -145.3904 0 0 1 -0.919125 0.394467 0 -0.394467 -0.919125 0 6141.dat
1 7 -30 -44.6533 -152.1993 0 0 1 -0.394467 -0.919125 0 0.919125 -0.394467 0 3700.dat
1 8 -30 -37.3003 -149.0435 0 0 1 -0.394467 -0.919125 0 0.919125 -0.394467 0 32530.dat
1 1 -40 -35.4621 -148.2546 -1 0 0 0 -0.919125 -0.394467 0 -0.394467 0.919125 4274.dat
1 1 -40 -53.8446 -156.144 -1 0 0 0 -0.919125 -0.394467 0 -0.394467 0.919125 4274.dat
1 0 0 -17.0796 -140.3653 -1 0 0 0 -0.919125 -0.394467 0 -0.394467 0.919125 3706.dat
1 179 -50 -17.0796 -140.3653 0 1 0 0.919125 0 0.394467 0.394467 0 -0.919125 41669.dat
1 16 -50 -92.048 0.095 1 0 0 0 -0.021 -1 0 1 -0.021 750.dat
1 16 -50 -92.048 0.095 1 0 0 0 0.021 1 0 -1 0.021 755.dat
1 16 -50 -90.8772 -130.6799 1 0 0 0 0.394078 0.919317 0 -0.919317 0.394078 750.dat
1 16 -50 -90.8772 -130.6799 1 0 0 0 -0.394078 -0.919317 0 0.919317 -0.394078 755.dat
1 16 -50 -91.975 -5.8902 1 0 0 0 0.005533 -1.000205 0 1.000205 0.005533 754.dat
1 16 -50 -92.0679 -8.6081 1 0 0 0 0.050416 -0.998949 0 0.998949 0.050416 754.dat
1 16 -50 -92.2719 -11.0695 1 0 0 0 0.096238 -0.99558 0 0.99558 0.096238 754.dat
1 16 -50 -92.5751 -13.5209 1 0 0 0 0.13397 -0.991208 0 0.991208 0.13397 754.dat
1 16 -50 -92.9606 -15.9607 1 0 0 0 0.16549 -0.986435 0 0.986435 0.16549 754.dat
1 16 -50 -93.4295 -18.3857 1 0 0 0 0.200173 -0.979986 0 0.979986 0.200173 754.dat
1 16 -50 -93.9669 -20.7967 1 0 0 0 0.224952 -0.974597 0 0.974597 0.224952 754.dat
1 16 -50 -94.5662 -23.1931 1 0 0 0 0.25014 -0.968438 0 0.968438 0.25014 754.dat
1 16 -50 -95.2159 -25.5763 1 0 0 0 0.268541 -0.963498 0 0.963498 0.268541 754.dat
1 16 -50 -95.9014 -27.9496 1 0 0 0 0.281359 -0.959832 0 0.959832 0.281359 754.dat
1 16 -50 -96.615 -30.3146 1 0 0 0 0.292136 -0.956608 0 0.956608 0.292136 754.dat
1 16 -50 -97.3459 -32.6743 1 0 0 0 0.297566 -0.954932 0 0.954932 0.297566 754.dat
1 16 -50 -98.0844 -35.0317 1 0 0 0 0.299648 -0.95428 0 0.95428 0.299648 754.dat
1 16 -50 -98.8215 -37.3895 1 0 0 0 0.297912 -0.954824 0 0.954824 0.297912 754.dat
1 16 -50 -99.5476 -39.7508 1 0 0 0 0.292315 -0.956553 0 0.956553 0.292315 754.dat
1 16 -50 -100.2553 -42.1175 1 0 0 0 0.284101 -0.959024 0 0.959024 0.284101 754.dat
1 16 -50 -100.9358 -44.4922 1 0 0 0 0.271926 -0.962547 0 0.962547 0.271926 754.dat
1 16 -50 -101.5848 -46.8757 1 0 0 0 0.258878 -0.966138 0 0.966138 0.258878 754.dat
1 16 -50 -102.1938 -49.2697 1 0 0 0 0.241353 -0.970664 0 0.970664 0.241353 754.dat
1 16 -50 -102.7578 -51.6747 1 0 0 0 0.222877 -0.975073 0 0.975073 0.222877 754.dat
1 16 -50 -103.2702 -54.0911 1 0 0 0 0.200966 -0.979823 0 0.979823 0.200966 754.dat
1 16 -50 -103.7295 -56.5182 1 0 0 0 0.179599 -0.983964 0 0.983964 0.179599 754.dat
1 16 -50 -104.1293 -58.9558 1 0 0 0 0.154392 -0.988232 0 0.988232 0.154392 754.dat
1 16 -50 -104.4694 -61.4024 1 0 0 0 0.130601 -0.991658 0 0.991658 0.130601 754.dat
1 16 -50 -104.7037 -63.6458 1 0 0 0 0.090984 -0.996074 0 0.996074 0.090984 756.dat
1 16 -50 -105.0615 -67.8868 1 0 0 0 -0.050982 0.99892 0 -0.99892 -0.050982 754.dat
1 16 -50 -105.1686 -70.3545 1 0 0 0 -0.025456 0.999896 0 -0.999896 -0.025456 754.dat
1 16 -50 -105.2115 -72.8242 1 0 0 0 0.0017 1.000219 0 -1.000219 0.0017 754.dat
1 16 -50 -105.1882 -75.2942 1 0 0 0 0.027698 0.999837 0 -0.999837 0.027698 754.dat
1 16 -50 -105.1037 -77.7629 1 0 0 0 0.049657 0.998987 0 -0.998987 0.049657 754.dat
1 16 -50 -104.9602 -80.2289 1 0 0 0 0.077982 0.997176 0 -0.997176 0.077982 754.dat
1 16 -50 -104.7505 -82.6901 1 0 0 0 0.101361 0.995071 0 -0.995071 0.101361 754.dat
1 16 -50 -104.484 -85.1459 1 0 0 0 0.123342 0.992586 0 -0.992586 0.123342 754.dat
1 16 -50 -104.1639 -87.5952 1 0 0 0 0.144411 0.989741 0 -0.989741 0.144411 754.dat
1 16 -50 -103.7899 -90.0369 1 0 0 0 0.167894 0.986028 0 -0.986028 0.167894 754.dat
1 16 -50 -103.3628 -92.4699 1 0 0 0 0.184872 0.982987 0 -0.982987 0.184872 754.dat
1 16 -50 -102.8894 -94.8943 1 0 0 0 0.207707 0.978416 0 -0.978416 0.207707 754.dat
1 16 -50 -102.3647 -97.3081 1 0 0 0 0.223753 0.974872 0 -0.974872 0.223753 754.dat
1 16 -50 -101.7973 -99.7123 1 0 0 0 0.243783 0.970057 0 -0.970057 0.243783 754.dat
1 16 -50 -101.1845 -102.1053 1 0 0 0 0.258402 0.966266 0 -0.966266 0.258402 754.dat
1 16 -50 -100.5337 -104.4883 1 0 0 0 0.275557 0.961514 0 -0.961514 0.275557 754.dat
1 16 -50 -99.8421 -106.8597 1 0 0 0 0.290577 0.957082 0 -0.957082 0.290577 754.dat
1 16 -50 -99.1136 -109.2201 1 0 0 0 0.305375 0.952464 0 -0.952464 0.305375 754.dat
1 16 -50 -98.3494 -111.5692 1 0 0 0 0.318862 0.948034 0 -0.948034 0.318862 754.dat
1 16 -50 -97.5518 -113.9072 1 0 0 0 0.332578 0.943309 0 -0.943309 0.332578 754.dat
1 16 -50 -96.7215 -116.2337 1 0 0 0 0.344781 0.938918 0 -0.938918 0.344781 754.dat
1 16 -50 -95.8614 -118.5494 1 0 0 0 0.356438 0.934555 0 -0.934555 0.356438 754.dat
1 16 -50 -94.9732 -120.8545 1 0 0 0 0.367132 0.930406 0 -0.930406 0.367132 754.dat
1 16 -50 -94.0579 -123.1489 1 0 0 0 0.378842 0.9257 0 -0.9257 0.378842 754.dat
1 16 -50 -93.1213 -125.4179 1 0 0 0 0.388376 0.92174 0 -0.92174 0.388376 754.dat
1 0 30 -81.4183 -167.978 0 0 -1 0.394467 -0.919125 0 -0.919125 -0.394467 0 3023.dat
1 0 30 -78.01 -155.631 0 0 -1 0.394467 -0.919125 0 -0.919125 -0.394467 0 4081.dat
1 7 30 -70.1207 -174.0135 0 0 -1 0.394467 -0.919125 0 -0.919125 -0.394467 0 6141.dat
1 0 30 -66.7123 -161.6665 0 0 -1 0.394467 -0.919125 0 -0.919125 -0.394467 0 3023.dat
1 7 50 -84.5819 -145.3904 0 0 -1 0.919125 0.394467 0 0.394467 -0.919125 0 6141.dat
1 7 30 -44.6533 -152.1993 0 0 -1 0.394467 -0.919125 0 -0.919125 -0.394467 0 3700.dat
1 8 30 -37.3003 -149.0435 0 0 -1 0.394467 -0.919125 0 -0.919125 -0.394467 0 32530.dat
1 1 40 -35.4621 -148.2546 1 0 0 0 -0.919125 0.394467 0 -0.394467 -0.919125 4274.dat
1 1 40 -53.8446 -156.144 1 0 0 0 -0.919125 0.394467 0 -0.394467 -0.919125 4274.dat
1 16 50 -92.048 0.095 1 0 0 0 -0.021 -1 0 1 -0.021 750.dat
1 16 50 -92.048 0.095 1 0 0 0 0.021 1 0 -1 0.021 755.dat
1 16 50 -90.8772 -130.6799 1 0 0 0 0.394078 0.919317 0 -0.919317 0.394078 750.dat
1 16 50 -90.8772 -130.6799 1 0 0 0 -0.394078 -0.919317 0 0.919317 -0.394078 755.dat
1 16 50 -91.975 -5.8902 1 0 0 0 0.005533 -1.000205 0 1.000205 0.005533 754.dat
1 16 50 -92.0679 -8.6081 1 0 0 0 0.050416 -0.998949 0 0.998949 0.050416 754.dat
1 16 50 -92.2719 -11.0695 1 0 0 0 0.096238 -0.99558 0 0.99558 0.096238 754.dat
1 16 50 -92.5751 -13.5209 1 0 0 0 0.13397 -0.991208 0 0.991208 0.13397 754.dat
1 16 50 -92.9606 -15.9607 1 0 0 0 0.16549 -0.986435 0 0.986435 0.16549 754.dat
1 16 50 -93.4295 -18.3857 1 0 0 0 0.200173 -0.979986 0 0.979986 0.200173 754.dat
1 16 50 -93.9669 -20.7967 1 0 0 0 0.224952 -0.974597 0 0.974597 0.224952 754.dat
1 16 50 -94.5662 -23.1931 1 0 0 0 0.25014 -0.968438 0 0.968438 0.25014 754.dat
1 16 50 -95.2159 -25.5763 1 0 0 0 0.268541 -0.963498 0 0.963498 0.268541 754.dat
1 16 50 -95.9014 -27.9496 1 0 0 0 0.281359 -0.959832 0 0.959832 0.281359 754.dat
1 16 50 -96.615 -30.3146 1 0 0 0 0.292136 -0.956608 0 0.956608 0.292136 754.dat
1 16 50 -97.3459 -32.6743 1 0 0 0 0.297566 -0.954932 0 0.954932 0.297566 754.dat
1 16 50 -98.0844 -35.0317 1 0 0 0 0.299648 -0.95428 0 0.95428 0.299648 754.dat
1 16 50 -98.8215 -37.3895 1 0 0 0 0.297912 -0.954824 0 0.954824 0.297912 754.dat
1 16 50 -99.5476 -39.7508 1 0 0 0 0.292315 -0.956553 0 0.956553 0.292315 754.dat
1 16 50 -100.2553 -42.1175 1 0 0 0 0.284101 -0.959024 0 0.959024 0.284101 754.dat
1 16 50 -100.9358 -44.4922 1 0 0 0 0.271926 -0.962547 0 0.962547 0.271926 754.dat
1 16 50 -101.5848 -46.8757 1 0 0 0 0.258878 -0.966138 0 0.966138 0.258878 754.dat
1 16 50 -102.1938 -49.2697 1 0 0 0 0.241353 -0.970664 0 0.970664 0.241353 754.dat
1 16 50 -102.7578 -51.6747 1 0 0 0 0.222877 -0.975073 0 0.975073 0.222877 754.dat
1 16 50 -103.2702 -54.0911 1 0 0 0 0.200966 -0.979823 0 0.979823 0.200966 754.dat
1 16 50 -103.7295 -56.5182 1 0 0 0 0.179599 -0.983964 0 0.983964 0.179599 754.dat
1 16 50 -104.1293 -58.9558 1 0 0 0 0.154392 -0.988232 0 0.988232 0.154392 754.dat
1 16 50 -104.4694 -61.4024 1 0 0 0 0.130601 -0.991658 0 0.991658 0.130601 754.dat
1 16 50 -104.7037 -63.6458 1 0 0 0 0.090984 -0.996074 0 0.996074 0.090984 756.dat
1 16 50 -105.0615 -67.8868 1 0 0 0 -0.050982 0.99892 0 -0.99892 -0.050982 754.dat
1 16 50 -105.1686 -70.3545 1 0 0 0 -0.025456 0.999896 0 -0.999896 -0.025456 754.dat
1 16 50 -105.2115 -72.8242 1 0 0 0 0.0017 1.000219 0 -1.000219 0.0017 754.dat
1 16 50 -105.1882 -75.2942 1 0 0 0 0.027698 0.999837 0 -0.999837 0.027698 754.dat
1 16 50 -105.1037 -77.7629 1 0 0 0 0.049657 0.998987 0 -0.998987 0.049657 754.dat
1 16 50 -104.9602 -80.2289 1 0 0 0 0.077982 0.997176 0 -0.997176 0.077982 754.dat
1 16 50 -104.7505 -82.6901 1 0 0 0 0.101361 0.995071 0 -0.995071 0.101361 754.dat
1 16 50 -104.484 -85.1459 1 0 0 0 0.123342 0.992586 0 -0.992586 0.123342 754.dat
1 16 50 -104.1639 -87.5952 1 0 0 0 0.144411 0.989741 0 -0.989741 0.144411 754.dat
1 16 50 -103.7899 -90.0369 1 0 0 0 0.167894 0.986028 0 -0.986028 0.167894 754.dat
1 16 50 -103.3628 -92.4699 1 0 0 0 0.184872 0.982987 0 -0.982987 0.184872 754.dat
1 16 50 -102.8894 -94.8943 1 0 0 0 0.207707 0.978416 0 -0.978416 0.207707 754.dat
1 16 50 -102.3647 -97.3081 1 0 0 0 0.223753 0.974872 0 -0.974872 0.223753 754.dat
1 16 50 -101.7973 -99.7123 1 0 0 0 0.243783 0.970057 0 -0.970057 0.243783 754.dat
1 16 50 -101.1845 -102.1053 1 0 0 0 0.258402 0.966266 0 -0.966266 0.258402 754.dat
1 16 50 -100.5337 -104.4883 1 0 0 0 0.275557 0.961514 0 -0.961514 0.275557 754.dat
1 16 50 -99.8421 -106.8597 1 0 0 0 0.290577 0.957082 0 -0.957082 0.290577 754.dat
1 16 50 -99.1136 -109.2201 1 0 0 0 0.305375 0.952464 0 -0.952464 0.305375 754.dat
1 16 50 -98.3494 -111.5692 1 0 0 0 0.318862 0.948034 0 -0.948034 0.318862 754.dat
1 16 50 -97.5518 -113.9072 1 0 0 0 0.332578 0.943309 0 -0.943309 0.332578 754.dat
1 16 50 -96.7215 -116.2337 1 0 0 0 0.344781 0.938918 0 -0.938918 0.344781 754.dat
1 16 50 -95.8614 -118.5494 1 0 0 0 0.356438 0.934555 0 -0.934555 0.356438 754.dat
1 16 50 -94.9732 -120.8545 1 0 0 0 0.367132 0.930406 0 -0.930406 0.367132 754.dat
1 16 50 -94.0579 -123.1489 1 0 0 0 0.378842 0.9257 0 -0.9257 0.378842 754.dat
1 16 50 -93.1213 -125.4179 1 0 0 0 0.388376 0.92174 0 -0.92174 0.388376 754.dat
1 179 50 -17.066 -140.393 0 -1 0 -0.919125 0 0.394467 -0.394467 0 -0.919125 41669.dat
1 0 -10 -132.746 -62.787 0 0 1 0.021 1 0 -1 0.021 0 6081.dat
1 0 10 -132.746 -62.787 0 0 -1 -0.021 1 0 1 0.021 0 6081.dat
1 36 10 -129.5208 25.1174 -1 0 0 0 -0.604989 0.796652 0 0.796652 0.604989 6141.dat
1 36 -10 -129.5208 25.1174 -1 0 0 0 -0.604989 0.796652 0 0.796652 0.604989 6141.dat
1 14 0 -124.6808 18.7442 -1 0 0 0 -0.604989 0.796652 0 0.796652 0.604989 3794.dat
1 0 0 -119.8409 12.371 0 0 -1 -0.796652 -0.604989 0 -0.604989 0.796652 0 2555.dat
1 4 0 -132.746 -62.787 0 0 1 0.021 1 0 -1 0.021 0 3020.dat
1 0 0 -141.796 -12.955 -1 0 0 0 1 0.021 0 0.021 -1 3660.dat
1 7 -48 -52.5274 -133.8295 0 1 0 -0.394467 0 0.919125 0.919125 0 0.394467 3021.dat
1 8 -48 -64.3614 -106.2557 0 1 0 0.919125 0 0.394467 0.394467 0 -0.919125 30602.dat
1 0 -72 -48.5827 -143.0207 0 1 0 -0.394467 0 0.919125 0.919125 0 0.394467 30165.dat
1 7 -80 -48.5827 -143.0207 0 1 0 -0.394467 0 0.919125 0.919125 0 0.394467 2412.dat
1 7 48 -52.5274 -133.8295 0 -1 0 -0.394467 0 -0.919125 0.919125 0 -0.394467 3021.dat
1 8 48 -64.3614 -106.2557 0 -1 0 -0.919125 0 0.394467 -0.394467 0 -0.919125 30602.dat
1 0 72 -48.5827 -143.0207 0 -1 0 -0.394467 0 -0.919125 0.919125 0 -0.394467 30165.dat
1 7 80 -48.5827 -143.0207 0 -1 0 -0.394467 0 -0.919125 0.919125 0 -0.394467 2412.dat
1 0 0 -131.066 -142.787 1 0 0 0 1 -0.021 0 0.021 1 2904.dat
1 14 0 -131.696 -112.787 1 0 0 0 1 -0.021 0 0.021 1 3004.dat
1 14 10 -139.066 -142.955 0 0 -1 -0.021 1 0 1 0.021 0 44728.dat
1 14 -10 -139.066 -142.955 0 0 1 0.021 1 0 -1 0.021 0 44728.dat
1 14 -10 -139.906 -102.955 0 0 1 0.021 1 0 -1 0.021 0 3023.dat
1 14 10 -139.906 -102.955 0 0 1 0.021 1 0 -1 0.021 0 3023.dat
1 0 0 -140.746 -62.955 0 0 1 0.021 1 0 -1 0.021 0 3068.dat
1 0 0 -141.376 -32.955 -1 0 0 0 1 0.021 0 0.021 -1 3023.dat
1 14 32 -118.646 -162.535 0 -1 0 1 0 -0.021 0.021 0 1 3176.dat
1 14 32 -119.486 -122.535 0 -1 0 1 0 -0.021 0.021 0 1 3022.dat
1 14 40 -109.066 -142.325 0 -1 0 0.021 0 1 -1 0 0.021 2431.dat
1 14 40 -128.436 -172.745 0 -1 0 0.021 0 1 -1 0 0.021 3070.dat
1 14 40 -129.696 -112.745 0 -1 0 0.021 0 1 -1 0 0.021 3070.dat
1 8 40 -129.066 -142.745 0 -1 0 0.021 0 1 -1 0 0.021 3069.dat
1 14 -32 -118.646 -162.535 0 1 0 -1 0 -0.021 -0.021 0 1 3176.dat
1 14 -32 -119.486 -122.535 0 1 0 -1 0 -0.021 -0.021 0 1 3022.dat
1 14 -40 -109.066 -142.325 0 1 0 0.021 0 -1 -1 0 -0.021 2431.dat
1 8 -40 -129.066 -142.745 0 1 0 0.021 0 -1 -1 0 -0.021 3069.dat
1 14 -40 -128.436 -172.745 0 1 0 0.021 0 -1 -1 0 -0.021 3070.dat
1 14 -40 -129.696 -112.745 0 1 0 0.021 0 -1 -1 0 -0.021 3070.dat
1 0 0 -149.586 -23.123 -1 0 0 0 1 0.021 0 0.021 -1 3068.dat
1 0 0 -150.216 6.877 -1 0 0 0 1 0.021 0 0.021 -1 2412.dat
1 4 0 -146.856 -153.123 0 0 -1 -0.021 1 0 1 0.021 0 3021.dat
1 0 0 -154.436 -173.291 0 0 -1 -0.021 1 0 1 0.021 0 3021.dat
1 14 0 -162.226 -183.459 -1 0 0 0 1 0.021 0 0.021 -1 43712.dat
1 19 40 1.69 -79.9727 1 0 0 0 -1.000042 0.019 0 -0.019 -1.000042 3749.dat
1 0 40 0.55 -19.9701 0 1 0 1.000042 0 0.019 0.019 0 -1.000042 2825.dat
1 0 30 0.55 -19.9701 1 0 0 0 -1.000042 0.019 0 -0.019 -1.000042 32062.dat
1 0 25 -0.21 20.0315 0 -1 0 -1.000042 0 0.019 -0.019 0 -1.000042 6632.dat
1 0 0 0.189 0.0311 -1 0 0 0 1.000042 0.019 0 0.019 -1.000042 3706.dat
1 7 55 0.189 0.0311 0 0 -1 -0.019 1.000042 0 1.000042 0.019 0 32123.dat
1 7 0 0.189 0.0311 0 0 1 -0.019 -1.000042 0 1.000042 -0.019 0 44292.dat
1 256 0 0.189 0.0311 0 0 1 -0.019 -1.000042 0 1.000042 -0.019 0 44308.dat
1 19 -40 1.69 -79.9727 -1 0 0 0 1.000042 0.019 0 0.019 -1.000042 3749.dat
1 0 -40 0.55 -19.9701 0 -1 0 -1.000042 0 0.019 -0.019 0 -1.000042 2825.dat
1 0 -30 0.55 -19.9701 -1 0 0 0 1.000042 0.019 0 0.019 -1.000042 32062.dat
1 0 -25 -0.21 20.0315 0 1 0 1.000042 0 0.019 0.019 0 -1.000042 6632.dat
0 !LEOCAD SYNTH BEGIN
0 !LEOCAD SYNTH CONTROL_POINT 0 110 0 1 0 0 0 1 0 0 0 1 1
0 !LEOCAD SYNTH CONTROL_POINT 0 0 0 1 0 0 0 1 0 0 0 1 1
1 14 -40 -90.746 -61.905 0 0 -1 -0.562598 0.826555 0 0.826555 0.562598 0 76537.dat
0 !LEOCAD SYNTH END
1 7 -55 -90.746 -61.905 0 0 -1 -0.021 1 0 1 0.021 0 32123.dat
1 7 -55 0.189 0.0311 0 0 -1 -0.019 1.000042 0 1.000042 0.019 0 32123.dat
1 0 -50 2.514 -119.973 1 0 0 0 1 -0.021 0 0.021 1 6558.dat
1 0 -70 2.514 -119.973 1 0 0 0 -1 0.021 0 -0.021 -1 32013.dat
1 0 -70 1.884 -89.973 0 1 0 -0.021 0 1 1 0 0.021 32062.dat
1 0 -70 1.464 -69.973 0 1 0 1 0 0.021 0.021 0 -1 30553.dat
1 8 -64 1.044 -49.973 0 1 0 0.021 0 -1 -1 0 -0.021 30383.dat
1 0 -40 -67.271 -258.0717 0 0 -1 -0.968628 0.247777 0 0.247777 0.968628 0 3706.dat
1 0 -40 -115.7024 -245.6829 -1 0 0 0 0.247777 0.968628 0 0.968628 -0.247777 32039.dat
1 14 -40 -86.6435 -253.1162 0 0 -1 -0.968628 0.247777 0 0.247777 0.968628 0 75535.dat
0 !LEOCAD SYNTH BEGIN
0 !LEOCAD SYNTH CONTROL_POINT -15.625 0 0 1 0 0 0 1 0 0 0 1 15.625
0 !LEOCAD SYNTH CONTROL_POINT 15.625 0 0 1 0 0 0 1 0 0 0 1 15.625
1 179 -40 -47.8984 -263.0273 0 0 -1 -0.968628 0.247777 0 0.247777 0.968628 0 72504.dat
0 !LEOCAD SYNTH END
1 0 -40 0.533 -275.4161 -1 0 0 0 0.247777 0.968628 0 0.968628 -0.247777 32013.dat
1 7 0 -135.0749 -240.7273 -1 0 0 0 0.247777 0.968628 0 0.968628 -0.247777 32073.dat
1 0 0 0.533 -275.4161 -1 0 0 0 0.247777 0.968628 0 0.968628 -0.247777 3706.dat
1 7 -55 0.533 -275.4161 0 0 -1 -0.968628 0.247777 0 0.247777 0.968628 0 32123.dat
1 7 -25 0.533 -275.4161 0 0 -1 -0.968628 0.247777 0 0.247777 0.968628 0 32123.dat
1 7 -25 -164.1338 -233.294 0 -1 0 0.247777 0 -0.968628 0.968628 0 0.247777 32449.dat
1 14 0 -86.6435 -253.1162 0 0 1 -0.247777 0.968628 0 -0.968628 -0.247777 0 32064.dat
1 0 0 -76.9572 -255.5939 -1 0 0 0 0.968628 -0.247777 0 -0.247777 -0.968628 32062.dat
1 14 0 -94.3925 -251.134 0 0 1 -0.247777 0.968628 0 -0.968628 -0.247777 0 44302.dat
1 0 -15 -106.0161 -248.1606 0 -1 0 -0.247777 0 0.968628 -0.968628 0 -0.247777 32449.dat
1 0 0 -135.0749 -240.7273 1 0 0 0 0.247777 -0.968628 0 0.968628 0.247777 6536.dat
1 0 15 -106.0161 -248.1606 0 1 0 0.247777 0 0.968628 0.968628 0 -0.247777 32449.dat
1 7 0 -193.1926 -225.8607 1 0 0 0 0.968628 0.247777 0 -0.247777 0.968628 32073.dat
1 7 -60 -193.1926 -225.8607 0 0 -1 0.968628 -0.247777 0 -0.247777 -0.968628 0 32192.dat
1 0 -81.213 -187.9365 -205.3132 0.707 -0.707 0 -0.175178 -0.175178 0.968628 -0.68482 -0.68482 -0.247777 32062.dat
1 0 -60 -202.8789 -223.3829 0 -1 0 0.968628 0 0.247777 -0.247777 0 0.968628 6628.dat
1 0 -15 -154.4475 -235.7718 0 -1 0 -0.968628 0 -0.247777 0.247777 0 -0.968628 41677.dat
1 0 0 -159.403 -255.1443 -1 0 0 0 0.968628 -0.247777 0 -0.247777 -0.968628 32062.dat
1 7 0 -154.4475 -235.7718 -1 0 0 0 0.968628 -0.247777 0 -0.247777 -0.968628 4519.dat
1 8 0 -159.8986 -257.0816 0 0 1 -0.968628 -0.247777 0 0.247777 -0.968628 0 32530.dat
1 0 15 -154.4475 -235.7718 0 -1 0 -0.968628 0 -0.247777 0.247777 0 -0.968628 41677.dat
1 14 0 -171.5671 -262.3528 0 0 1 -0.968628 -0.247777 0 0.247777 -0.968628 0 30367.dat
1 47 0 -177.5137 -285.5999 0 0 1 -0.968628 -0.247777 0 0.247777 -0.968628 0 2654.dat
1 7 25 -164.1338 -233.294 0 -1 0 0.247777 0 -0.968628 0.968628 0 0.247777 32449.dat
1 7 60 -193.1926 -225.8607 0 0 1 -0.968628 -0.247777 0 0.247777 -0.968628 0 32192.dat
1 0 81.213 -187.9365 -205.3132 0.707 0.707 0 0.175178 -0.175178 0.968628 0.68482 -0.68482 -0.247777 32062.dat
1 0 60 -202.8789 -223.3829 0 0 -1 0.968628 -0.247777 0 -0.247777 -0.968628 0 6628.dat
1 14 0 -81.2208 -316.1112 1 0 0 0 0.859998 -0.509642 0 0.509642 0.859998 3023.dat
1 14 0 -91.4136 -298.9113 -1 0 0 0 0.859998 0.509642 0 0.509642 -0.859998 44567.dat
1 14 0 -93.1972 -311.5884 -1 0 0 0 0.859998 0.509642 0 0.509642 -0.859998 3068.dat
1 7 0 0.533 -275.4161 0 0 1 0.968628 0.247777 0 -0.247777 0.968628 0 44292.dat
1 256 0 0.533 -275.4161 0 0 1 0.968628 0.247777 0 -0.247777 0.968628 0 44308.dat
1 7 25 0.533 -275.4161 0 0 -1 -0.968628 0.247777 0 0.247777 0.968628 0 32123.dat
1 0 40 -67.271 -258.0717 0 0 -1 -0.968628 0.247777 0 0.247777 0.968628 0 3706.dat
1 0 40 -115.7024 -245.6829 -1 0 0 0 0.247777 0.968628 0 0.968628 -0.247777 32039.dat
1 14 40 -86.6435 -253.1162 0 0 -1 -0.968628 0.247777 0 0.247777 0.968628 0 75535.dat
0 !LEOCAD SYNTH BEGIN
0 !LEOCAD SYNTH CONTROL_POINT -15.625 0 0 1 0 0 0 1 0 0 0 1 15.625
0 !LEOCAD SYNTH CONTROL_POINT 15.625 0 0 1 0 0 0 1 0 0 0 1 15.625
1 179 40 -47.8984 -263.0273 0 0 -1 -0.968628 0.247777 0 0.247777 0.968628 0 72504.dat
0 !LEOCAD SYNTH END
1 0 40 0.533 -275.4161 -1 0 0 0 0.247777 0.968628 0 0.968628 -0.247777 32013.dat
1 7 55 0.533 -275.4161 0 0 -1 -0.968628 0.247777 0 0.247777 0.968628 0 32123.dat
1 8 0 -139.8331 -218.8576 0 -0.588 0.809 0.968628 0.200641 0.146114 -0.247777 0.783557 0.569318 32054.dat
