0 Main
0 Name: 2846-1 - Indian Kayak.mpd
0 Author: LTRON
1 0 0 0 0 0 0 1 0 1 0 -1 0 0 3034.dat
1 7 0 -8 -10 -1 0 0 0 1 0 0 0 -1 3023.dat
1 7 10 -8 10 0 0 -1 0 1 0 1 0 0 61252.dat
1 7 -10 -8 10 0 0 1 0 1 0 -1 0 0 61252.dat
1 4 0 -16 0 0 0 1 0 1 0 -1 0 0 3022.dat
1 4 0 -24 -40 0 0 1 0 1 0 -1 0 0 6215.dat
1 4 0 -24 40 0 0 -1 0 1 0 1 0 0 6215.dat
1 2 -10 -32 50 -0.866 0 0.5 0 1 0 -0.5 0 -0.866 2423.dat
1 6 30 -6 -20 0 0 1 1 0 0 0 1 0 4497.dat
1 0 -30 -6 3 -0.866 0 0.5 0.5 0 0.866 0 1 0 3835.dat
1 0 0 -93 8 1 0 0 0 1 0 0 0 1 30114.dat
1 15 0 -89.17 25.76 1 0 0 0 1 0 0 0 1 30126.dat
1 19 0 -69 8 1 0 0 0 1 0 0 0 1 973.dat
1 19 0 -25 8 1 0 0 0 0 1 0 -1 0 3816.dat
1 19 0 -25 8 1 0 0 0 0 1 0 -1 0 3817.dat
1 6 13.336 -48.896 -31.219 0.094 0.356 0.928 0.815 0.506 -0.277 -0.57 0.782 -0.244 2542.dat
1 0 -25.288 -44.201 -17.858 0.97 -0.24 -0.04 0.174 0.797 -0.577 0.17 0.554 0.815 4499.dat
1 0 0 -69 8 -1 0 0 0 1 0 0 0 -1 4498.dat
