0 Main
0 Name: 42032-1 - Compact Tracked Loader.mpd
0 Author: LTRON
1 25 -40 -33 140 0 1 0 -1 0 0 0 0 1 32009.dat
1 1 -30 -33 -20 -1 0 0 0 -1 0 0 0 1 43093.dat
1 0 -30 -33 20 -1 0 0 0 -1 0 0 0 1 2780.dat
1 15 -20 -33 -20 0 -1 0 1 0 0 0 0 1 32316.dat
1 71 0 -33 0 -1 0 0 0 -1 0 0 0 1 87082.dat
1 71 -30 -33 -40 -1 0 0 0 -1 0 0 0 1 3673.dat
1 0 -30 -33 -60 -1 0 0 0 -1 0 0 0 1 2780.dat
1 0 -40 -33 -60 0 0 1 1 0 0 0 1 0 42003.dat
1 71 -40 -53 -80 0 0 1 1 0 0 0 1 0 4519.dat
1 72 0 -133 112 0 0 -1 0 1 0 1 0 0 55013.dat
1 0 0 -133 180 1 0 0 0 1 0 0 0 1 32270.dat
1 71 0 -133 165 1 0 0 0 1 0 0 0 1 32123.dat
1 71 0 -133 155 1 0 0 0 1 0 0 0 1 32123.dat
1 71 0 -133 140 1 0 0 0 1 0 0 0 1 32184.dat
1 71 0 -133 125 1 0 0 0 1 0 0 0 1 32123.dat
1 71 0 -133 100 1 0 0 0 1 0 0 0 1 4716.dat
1 71 0 -133 75 1 0 0 0 1 0 0 0 1 32123.dat
1 71 0 -133 60 1 0 0 0 1 0 0 0 1 32184.dat
1 71 0 -133 40 1 0 0 0 -1 0 0 0 -1 3713.dat
1 0 0 -153 140 1 0 0 0 -1 0 0 0 -1 3706.dat
1 71 -25 -153 140 0 0 1 0 1 0 -1 0 0 32123.dat
1 72 -15 -153 100 0 1 0 0 0 -1 -1 0 0 99773.dat
1 4 0 -153 60 -1 0 0 0 0 -1 0 -1 0 32062.dat
1 71 -20 -113 140 0 0 1 0 -1 0 1 0 0 3713.dat
1 71 0 -113 140 -1 0 0 0 0 -1 0 -1 0 44294.dat
1 72 20 -113 140 1 0 0 0 1 0 0 0 1 6536.dat
1 0 0 -173 100 -1 0 0 0 0 -1 0 -1 0 3705.dat
1 72 0 -173 100 0 0 -1 0 -1 0 -1 0 0 3648.dat
1 72 15 -153 100 0 1 0 0 0 -1 -1 0 0 99773.dat
1 71 25 -153 140 0 0 1 0 1 0 -1 0 0 32123.dat
1 0 0 -113 60 -1 0 0 0 0 -1 0 -1 0 3705.dat
1 0 -15 -73 60 0 -1 0 0 0 -1 1 0 0 11478.dat
1 0 -25 -73 60 0 -1 0 0 0 -1 1 0 0 11478.dat
1 71 0 -33 60 -1 0 0 0 0 -1 0 -1 0 32073.dat
1 71 0 -33 60 0 0 1 0 -1 0 1 0 0 3713.dat
1 0 15 -73 60 0 -1 0 0 0 -1 1 0 0 11478.dat
1 0 25 -73 60 0 -1 0 0 0 -1 1 0 0 11478.dat
1 25 40 -33 140 0 1 0 -1 0 0 0 0 1 32009.dat
1 1 30 -33 -20 1 0 0 0 1 0 0 0 1 43093.dat
1 0 30 -33 -60 -1 0 0 0 -1 0 0 0 1 2780.dat
1 15 20 -33 -20 0 -1 0 1 0 0 0 0 1 32316.dat
1 71 30 -33 -40 -1 0 0 0 -1 0 0 0 1 3673.dat
1 0 30 -33 20 -1 0 0 0 -1 0 0 0 1 2780.dat
1 0 40 -33 -60 0 0 1 1 0 0 0 1 0 42003.dat
1 71 40 -53 -80 0 0 1 1 0 0 0 1 0 4519.dat
1 1 -20 -173 20 0 -1 0 0 0 1 -1 0 0 32526.dat
1 1 0 -93 0 1 0 0 0 0 1 0 -1 0 6558.dat
1 1 0 -93 20 1 0 0 0 0 1 0 -1 0 6558.dat
1 1 0 -173 20 1 0 0 0 0 1 0 -1 0 6558.dat
1 71 0 -93 0 0 1 0 -1 0 0 0 0 1 32523.dat
1 71 0 -113 20 0 -1 0 0 0 -1 1 0 0 32140.dat
1 0 0 -113 20 1 0 0 0 0 -1 0 1 0 3705.dat
1 72 -35 -113 60 0 1 0 1 0 0 0 0 -1 6632.dat
1 1 20 -173 20 0 -1 0 0 0 1 -1 0 0 32526.dat
1 72 35 -113 20 0 -1 0 1 0 0 0 0 1 6632.dat
1 1 -30 -93 -20 -1 0 0 0 -1 0 0 0 1 43093.dat
1 1 30 -93 -20 1 0 0 0 -1 0 0 0 -1 43093.dat
1 72 40 -93 -20 1 0 0 0 -1 0 0 0 -1 6553.dat
1 72 -40 -93 -20 1 0 0 0 -1 0 0 0 -1 6553.dat
1 71 0 -173 40 -1 0 0 0 -1 0 0 0 1 4519.dat
1 0 -20 -193 40 -1 0 0 0 -1 0 0 0 1 42003.dat
1 0 20 -193 40 -1 0 0 0 -1 0 0 0 1 42003.dat
1 0 20 -63 -80 0 1 0 -1 0 0 0 0 1 2780.dat
1 15 0 -53 -80 0 0 -1 0 -1 0 -1 0 0 32316.dat
1 0 -20 -63 -80 0 1 0 -1 0 0 0 0 1 2780.dat
1 71 -20 -83 -80 0 0 -1 -1 0 0 0 1 0 62462.dat
1 71 20 -83 -80 0 0 -1 -1 0 0 0 1 0 62462.dat
1 71 -20 -103 -80 0 1 0 -1 0 0 0 0 1 4274.dat
1 71 20 -103 -80 0 1 0 -1 0 0 0 0 1 4274.dat
1 0 0 -111 -80 1 0 0 0 1 0 0 0 1 3623.dat
1 0 10 -111 -80 -1 0 0 0 1 0 0 0 -1 85984.dat
1 0 -20 -111 -80 -1 0 0 0 1 0 0 0 -1 54200.dat
1 0 -40 -213 -30 1 0 0 0 -1 0 0 0 -1 32015.dat
1 71 -40 -213 10 0 0 1 0 -1 0 1 0 0 4519.dat
1 71 -40 -213 10 -1 0 0 0 -1 0 0 0 1 3713.dat
1 0 0 -213 25 0 0 -1 1 0 0 0 -1 0 11478.dat
1 0 -20 -213 -30 -1 0 0 0 0 -1 0 -1 0 15100.dat
1 19 -20 -213 30 0 1 0 0 0 -1 -1 0 0 32002.dat
1 19 20 -213 30 0 1 0 0 0 -1 -1 0 0 32002.dat
1 71 40 -213 10 0 0 1 0 -1 0 1 0 0 4519.dat
1 0 40 -213 -30 1 0 0 0 -1 0 0 0 -1 32015.dat
1 0 20 -213 -30 1 0 0 0 0 -1 0 1 0 15100.dat
1 72 40 -213 10 0 -1 0 0 0 -1 1 0 0 6536.dat
1 71 20 -223 10 0 -1 0 -1 0 0 0 0 -1 4274.dat
1 57 20 -214 10 -1 0 0 0 1 0 0 0 -1 58176.dat
1 71 -20 -213 -40 0 0 1 0 1 0 -1 0 0 4274.dat
1 71 20 -213 -40 0 0 1 0 1 0 -1 0 0 4274.dat
1 0 0 -213 -48 -1 0 0 0 0 1 0 1 0 3623.dat
1 47 20 -213 -48 1 0 0 0 0 -1 0 1 0 54200.dat
1 47 0 -213 -48 1 0 0 0 0 -1 0 1 0 54200.dat
1 47 -20 -213 -48 1 0 0 0 0 -1 0 1 0 54200.dat
1 72 40 -154.7956 -54.1091 0 0 -1 -0.9239 0.3827 0 0.3827 0.9239 0 59426.dat
1 72 -40 -154.7956 -54.1091 0 0 -1 -0.9239 0.3827 0 0.3827 0.9239 0 59426.dat
1 15 -40 -92.8957 -79.7488 1 0 0 0 -0.3827 0.9239 0 -0.9239 -0.3827 32016.dat
1 15 40 -92.8957 -79.7488 1 0 0 0 -0.3827 0.9239 0 -0.9239 -0.3827 32016.dat
1 15 -70 -131.628 14.1688 0 -1 0 0.8988 0 -0.4384 0.4384 0 0.8988 32278.dat
1 72 -40 -193 140 -1 0 0 0 0 1 0 1 0 87083.dat
1 72 -55 -113 140 0 -1 0 0 0 -1 1 0 0 32250.dat
1 71 -40 -173 140 1 0 0 0 1 0 0 0 1 32184.dat
1 71 -25 -193 140 0 0 1 0 1 0 -1 0 0 32123.dat
1 71 -60 -166.6977 86.0724 1 0 0 0 -0.4384 -0.8988 0 0.8988 -0.4384 4274.dat
1 0 0 -193 140 0 0 -1 0 1 0 1 0 0 59443.dat
1 36 -40 -173 150 0 0 -1 -1 0 0 0 1 0 6141.dat
1 0 -80 -140.3955 32.1447 1 0 0 0 -0.9816 -0.1908 0 0.1908 -0.9816 2780.dat
1 71 -90 -156.2118 55.5935 0 0 -1 0.9816 -0.1908 0 -0.1908 -0.9816 0 63869.dat
1 72 -90 -183.6974 60.9361 0 -1 0 0.9816 0 0.1908 -0.1908 0 0.9816 87083.dat
1 71 -80 -179.6605 39.7771 1 0 0 0 0.9816 0.1908 0 -0.1908 0.9816 3673.dat
1 0 -50 -157.9303 68.0965 -1 0 0 0 0.8988 0.4384 0 0.4384 -0.8988 32054.dat
1 71 -50 -145.7593 83.9581 0 -1 0 -0.7771 0 -0.6293 0.6293 0 -0.7771 32523.dat
1 72 -65 -113 140 0 -1 0 1 0 0 0 0 1 32249.dat
1 71 -70 -113 160 -1 0 0 0 -1 0 0 0 1 4274.dat
1 71 20 -93 140 1 0 0 0 1 0 0 0 1 40620.dat
1 1 -60 -70.2561 -111.6623 1 0 0 0 0.8988 -0.4384 0 0.4383 0.8988 43093.dat
1 0 0.0011 -61.4881 -129.6383 1 0 0 0 0.8988 -0.4384 0 0.4383 0.8988 3706.dat
1 0 0.0011 -61.4881 -129.6383 1 0 0 0 0.8988 -0.4384 0 0.4383 0.8988 2951.dat
1 1 60.0019 -70.2567 -111.661 -1 0 0 0 -0.8988 -0.4385 0 -0.4384 0.8988 43093.dat
1 15 70.0019 -131.6327 14.171 0 -1 0 0.8988 0 -0.4384 0.4384 0 0.8988 32278.dat
1 72 40.0019 -193.0087 140.003 1 0 0 0 0 1 0 -1 0 87083.dat
1 72 55.0019 -113.0087 140.003 0 -1 0 0 0 -1 1 0 0 32250.dat
1 71 40.0019 -173.0087 140.003 1 0 0 0 1 0 0 0 1 32184.dat
1 71 25.0019 -193.0087 140.003 0 0 1 0 1 0 -1 0 0 32123.dat
1 71 60.0019 -166.7047 86.075 -1 0 0 0 -0.4384 -0.8988 0 -0.8988 0.4384 4274.dat
1 36 40.0019 -173.0087 152.003 0 0 -1 -1 0 0 0 1 0 6141.dat
1 0 80.0019 -140.4007 32.147 1 0 0 0 -0.9962 -0.0871 0 0.0871 -0.9962 2780.dat
1 71 90.0019 -158.5823 53.814 0 0 -1 0.9962 -0.0871 0 -0.0871 -0.9962 0 63869.dat
1 72 90.0019 -186.4763 56.2537 0 -1 0 0.9962 0 0.0871 -0.0871 0 0.9962 87083.dat
1 0 50.0019 -157.9367 68.099 1 0 0 0 0.8988 0.4384 0 -0.4384 0.8988 32054.dat
1 71 50.0019 -145.3507 83.641 0 -1 0 -0.7771 0 -0.6293 0.6293 0 -0.7771 32523.dat
1 0 80.0019 -180.2486 35.6337 1 0 0 0 -0.9962 -0.0871 0 0.0871 -0.9962 2780.dat
1 72 65 -113 140 0 -1 0 1 0 0 0 0 1 32249.dat
1 71 70.0019 -113.0087 160.003 1 0 0 0 -1 0 0 0 -1 4274.dat
1 0 -40 -156.5953 -159.8927 -1 0 0 0 0.977 0.213 0 0.213 -0.977 3705.dat
1 0 -70 -152.3353 -179.4327 -1 0 0 0 0.977 0.213 0 0.213 -0.977 32039.dat
1 71 -50 -156.5953 -159.8927 0 1 0 -0.213 0 0.977 0.977 0 0.213 32140.dat
1 0 -30 -152.3353 -179.4327 -1 0 0 0 0.977 0.213 0 0.213 -0.977 32039.dat
1 0 0 -156.5953 -159.8927 0 0 1 0.213 0.977 0 -0.977 0.213 0 59443.dat
1 0 40 -156.5953 -159.8927 -1 0 0 0 0.977 0.213 0 0.213 -0.977 3705.dat
1 0 30 -152.3353 -179.4327 -1 0 0 0 0.977 0.213 0 0.213 -0.977 32039.dat
1 71 50 -156.5953 -159.8927 0 1 0 -0.213 0 0.977 0.977 0 0.213 32140.dat
1 0 70 -152.3353 -179.4327 -1 0 0 0 0.977 0.213 0 0.213 -0.977 32039.dat
1 71 -70 -143.8153 -218.5127 0 0 1 0.213 0.977 0 -0.977 0.213 0 32073.dat
1 71 -30 -143.8153 -218.5127 0 0 1 0.213 0.977 0 -0.977 0.213 0 32073.dat
1 71 30 -143.8153 -218.5127 0 0 1 0.213 0.977 0 -0.977 0.213 0 32073.dat
1 71 70 -143.8153 -218.5127 0 0 1 0.213 0.977 0 -0.977 0.213 0 32073.dat
1 71 -60 -137.0553 -155.6327 1 0 0 0 0.977 -0.213 0 0.213 0.977 3673.dat
1 15 -70 -158.3553 -57.9327 0 -1 0 0.977 0 -0.213 0.213 0 0.977 32525.dat
1 71 90 -97.9726 -147.1108 0 0 1 0.2269 0.9739 0 -0.9739 0.2269 0 3713.dat
1 72 20 -97.9726 -147.1108 -1 0 0 0 0.977 0.213 0 0.213 -0.977 55013.dat
1 15 70.0019 -139.1011 -55.5028 0 -1 0 0.9114 0 -0.4115 0.4115 0 0.9114 32525.dat
1 72 80 -33 20 0 -1 0 1 0 0 0 0 1 40490.dat
1 1 60 -33 0 -1 0 0 0 -1 0 0 0 1 6558.dat
1 1 60 -33 40 -1 0 0 0 -1 0 0 0 1 6558.dat
1 19 80 -33 -60 -1 0 0 0 -1 0 0 0 1 32556.dat
1 19 80 -33 100 -1 0 0 0 -1 0 0 0 1 32556.dat
1 0 60 -43 20 0 1 0 1 0 0 0 0 -1 41678.dat
1 71 60 -43 20 0 0 -1 1 0 0 0 -1 0 32291.dat
1 4 60 -43 20 0 0 -1 1 0 0 0 -1 0 32062.dat
1 0 70 -53 0 -1 0 0 0 -0.0698 -0.9976 0 -0.9976 0.0698 2780.dat
1 72 80 -53 0 0 -1 0 0.8988 0 -0.4384 0.4384 0 0.8988 32526.dat
1 19 80 -88.0697 71.9035 -1 0 0 0 -0.9976 0.0698 0 0.0698 0.9976 32556.dat
1 71 90 -33 -60 0 0 -1 0 1 0 1 0 0 87407.dat
1 71 90 -33 100 0 0 -1 0 1 0 1 0 0 87407.dat
1 71 90 -88.0697 71.9035 0 0 -1 0.0698 0.9976 0 0.9976 -0.0698 0 87407.dat
1 71 70 -88.0697 71.9035 0 0 1 -0.0698 0.9976 0 -0.9976 -0.0698 0 87407.dat
1 71 70 -33 -60 0 0 1 0 1 0 -1 0 0 87407.dat
1 71 70 -33 100 0 0 1 0 1 0 -1 0 0 87407.dat
1 16 80 -48.2462 119.3469 1 0 0 0 0.3033 0.9529 0 -0.9529 0.3033 3873.dat
1 16 80 -62.5231 112.124 1 0 0 0 0.4514 0.8923 0 -0.8923 0.4514 3873.dat
1 16 80 -76.7824 104.8663 1 0 0 0 0.4536 0.8912 0 -0.8912 0.4536 3873.dat
1 16 80 -91.041 97.6074 1 0 0 0 0.4537 0.8912 0 -0.8912 0.4537 3873.dat
1 16 80 -104.7879 89.4207 1 0 0 0 0.5117 0.8592 0 -0.8592 0.5117 3873.dat
1 16 80 -111.9938 75.1352 1 0 0 0 0.8928 0.4504 0 -0.4504 0.8928 3873.dat
1 16 80 -108.8418 59.4487 1 0 0 0 0.9804 -0.197 0 0.197 0.9804 3873.dat
1 16 80 -102.8038 44.6318 1 0 0 0 0.9261 -0.3774 0 0.3774 0.9261 3873.dat
1 16 80 -96.658 29.8592 1 0 0 0 0.9233 -0.3841 0 0.3841 0.9233 3873.dat
1 16 80 -90.5041 15.09 1 0 0 0 0.9231 -0.3846 0 0.3846 0.9231 3873.dat
1 16 80 -84.3503 0.3207 1 0 0 0 0.9231 -0.3846 0 0.3846 0.9231 3873.dat
1 16 80 -78.1965 -14.4485 1 0 0 0 0.9231 -0.3846 0 0.3846 0.9231 3873.dat
1 16 80 -72.0426 -29.2177 1 0 0 0 0.9231 -0.3846 0 0.3846 0.9231 3873.dat
1 16 80 -65.8888 -43.987 1 0 0 0 0.9231 -0.3846 0 0.3846 0.9231 3873.dat
1 16 80 -59.7349 -58.7562 1 0 0 0 0.9231 -0.3846 0 0.3846 0.9231 3873.dat
1 16 80 -53.1727 -73.3486 1 0 0 0 0.912 -0.4101 0 0.4101 0.912 3873.dat
1 16 80 -40.4231 -83.0154 1 0 0 0 0.6042 -0.7969 0 0.7969 0.6042 3873.dat
1 16 80 -24.428 -82.6187 1 0 0 0 -0.0248 -0.9997 0 0.9997 -0.0248 3873.dat
1 16 80 -12.1807 -72.323 1 0 0 0 -0.6435 -0.7655 0 0.7655 -0.6435 3873.dat
1 16 80 -8.8167 -56.6806 1 0 0 0 -0.9776 -0.2102 0 0.2102 -0.9776 3873.dat
1 16 80 -8.8014 -40.6806 1 0 0 0 -1 -0.001 0 0.001 -1 3873.dat
1 16 80 -8.8 -24.6806 1 0 0 0 -1 -0.0001 0 0.0001 -1 3873.dat
1 16 80 -8.8 -8.6806 1 0 0 0 -1 0 0 0 -1 3873.dat
1 16 80 -8.8 7.3194 1 0 0 0 -1 0 0 0 -1 3873.dat
1 16 80 -8.8 23.3194 1 0 0 0 -1 0 0 0 -1 3873.dat
1 16 80 -8.8 39.3194 1 0 0 0 -1 0 0 0 -1 3873.dat
1 16 80 -8.8 55.3194 1 0 0 0 -1 0 0 0 -1 3873.dat
1 16 80 -8.8 71.3194 1 0 0 0 -1 0 0 0 -1 3873.dat
1 16 80 -8.8 87.3194 1 0 0 0 -1 0 0 0 -1 3873.dat
1 16 80 -9.0348 103.3177 1 0 0 0 -0.9999 0.0147 0 -0.0147 -0.9999 3873.dat
1 16 80 -16.3409 117.5522 1 0 0 0 -0.8897 0.4566 0 -0.4566 -0.8897 3873.dat
1 16 80 -30.9571 124.0612 1 0 0 0 -0.4068 0.9135 0 -0.9135 -0.4068 3873.dat
1 72 -80 -33 20 0 -1 0 1 0 0 0 0 1 40490.dat
1 1 -60 -33 0 1 0 0 0 1 0 0 0 1 6558.dat
1 1 -60 -33 40 1 0 0 0 1 0 0 0 1 6558.dat
1 19 -80 -33 -60 -1 0 0 0 -1 0 0 0 1 32556.dat
1 19 -80 -33 100 -1 0 0 0 -1 0 0 0 1 32556.dat
1 0 -60 -43 20 0 1 0 1 0 0 0 0 -1 41678.dat
1 71 -60 -43 20 0 0 -1 1 0 0 0 -1 0 32291.dat
1 4 -60 -43 20 0 0 -1 1 0 0 0 -1 0 32062.dat
1 0 -70 -53 0 -1 0 0 0 -0.0872 -0.9962 0 -0.9962 0.0872 2780.dat
1 72 -80 -53 0 0 -1 0 0.9063 0 -0.4226 0.4226 0 0.9063 32526.dat
1 19 -80 -86.8095 72.5046 -1 0 0 0 -0.9962 0.0872 0 0.0872 0.9962 32556.dat
1 71 -70 -33 -60 0 0 -1 0 1 0 1 0 0 87407.dat
1 71 -70 -33 100 0 0 -1 0 1 0 1 0 0 87407.dat
1 71 -70 -86.8095 72.5046 0 0 -1 0.0872 0.9962 0 0.9962 -0.0872 0 87407.dat
1 71 -90 -86.8095 72.5046 0 0 1 -0.0872 0.9962 0 -0.9962 -0.0872 0 87407.dat
1 71 -90 -33 -60 0 0 1 0 1 0 -1 0 0 87407.dat
1 71 -90 -33 100 0 0 1 0 1 0 -1 0 0 87407.dat
1 16 -80 -48.2462 119.3469 1 0 0 0 0.3033 0.9529 0 -0.9529 0.3033 3873.dat
1 16 -80 -62.5231 112.124 1 0 0 0 0.4514 0.8923 0 -0.8923 0.4514 3873.dat
1 16 -80 -76.7824 104.8663 1 0 0 0 0.4536 0.8912 0 -0.8912 0.4536 3873.dat
1 16 -80 -91.041 97.6074 1 0 0 0 0.4537 0.8912 0 -0.8912 0.4537 3873.dat
1 16 -80 -104.7879 89.4207 1 0 0 0 0.5117 0.8592 0 -0.8592 0.5117 3873.dat
1 16 -80 -111.9938 75.1352 1 0 0 0 0.8928 0.4504 0 -0.4504 0.8928 3873.dat
1 16 -80 -108.8418 59.4487 1 0 0 0 0.9804 -0.197 0 0.197 0.9804 3873.dat
1 16 -80 -102.8038 44.6318 1 0 0 0 0.9261 -0.3774 0 0.3774 0.9261 3873.dat
1 16 -80 -96.658 29.8592 1 0 0 0 0.9233 -0.3841 0 0.3841 0.9233 3873.dat
1 16 -80 -90.5041 15.09 1 0 0 0 0.9231 -0.3846 0 0.3846 0.9231 3873.dat
1 16 -80 -84.3503 0.3207 1 0 0 0 0.9231 -0.3846 0 0.3846 0.9231 3873.dat
1 16 -80 -78.1965 -14.4485 1 0 0 0 0.9231 -0.3846 0 0.3846 0.9231 3873.dat
1 16 -80 -72.0426 -29.2177 1 0 0 0 0.9231 -0.3846 0 0.3846 0.9231 3873.dat
1 16 -80 -65.8888 -43.987 1 0 0 0 0.9231 -0.3846 0 0.3846 0.9231 3873.dat
1 16 -80 -59.7349 -58.7562 1 0 0 0 0.9231 -0.3846 0 0.3846 0.9231 3873.dat
1 16 -80 -53.1727 -73.3486 1 0 0 0 0.912 -0.4101 0 0.4101 0.912 3873.dat
1 16 -80 -40.4231 -83.0154 1 0 0 0 0.6042 -0.7969 0 0.7969 0.6042 3873.dat
1 16 -80 -24.428 -82.6187 1 0 0 0 -0.0248 -0.9997 0 0.9997 -0.0248 3873.dat
1 16 -80 -12.1807 -72.323 1 0 0 0 -0.6435 -0.7655 0 0.7655 -0.6435 3873.dat
1 16 -80 -8.8167 -56.6806 1 0 0 0 -0.9776 -0.2102 0 0.2102 -0.9776 3873.dat
1 16 -80 -8.8014 -40.6806 1 0 0 0 -1 -0.001 0 0.001 -1 3873.dat
1 16 -80 -8.8 -24.6806 1 0 0 0 -1 -0.0001 0 0.0001 -1 3873.dat
1 16 -80 -8.8 -8.6806 1 0 0 0 -1 0 0 0 -1 3873.dat
1 16 -80 -8.8 7.3194 1 0 0 0 -1 0 0 0 -1 3873.dat
1 16 -80 -8.8 23.3194 1 0 0 0 -1 0 0 0 -1 3873.dat
1 16 -80 -8.8 39.3194 1 0 0 0 -1 0 0 0 -1 3873.dat
1 16 -80 -8.8 55.3194 1 0 0 0 -1 0 0 0 -1 3873.dat
1 16 -80 -8.8 71.3194 1 0 0 0 -1 0 0 0 -1 3873.dat
1 16 -80 -8.8 87.3194 1 0 0 0 -1 0 0 0 -1 3873.dat
1 16 -80 -9.0348 103.3177 1 0 0 0 -0.9999 0.0147 0 -0.0147 -0.9999 3873.dat
1 16 -80 -16.3409 117.5522 1 0 0 0 -0.8897 0.4566 0 -0.4566 -0.8897 3873.dat
1 16 -80 -30.9571 124.0612 1 0 0 0 -0.4068 0.9135 0 -0.9135 -0.4068 3873.dat
