0 Main
0 Name: 9391-1 - Mini Crane - Bulldozer.mpd
0 Author: LTRON
1 71 0 60 140 0 0.224951 -0.974371 0 0.974371 0.224951 1 0 0 60485.dat
1 0 0 60 220 -0.974371 0.224951 0 0.224951 0.974371 0 0 0 -1 32270.dat
1 71 0 60 200 -0.974371 0.224951 0 0.224951 0.974371 0 0 0 -1 3713.dat
1 0 0 60 180 -1 0 0 0 1 0 0 0 -1 32184.dat
1 71 0 40 180 -1 0 0 0 1 0 0 0 -1 4519.dat
1 71 0 80 180 -1 0 0 0 1 0 0 0 -1 4519.dat
1 71 0 60 160 -0.974371 0.224951 0 0.224951 0.974371 0 0 0 -1 3713.dat
1 71 0 60 130 -0.974371 0.224951 0 0.224951 0.974371 0 0 0 -1 4716.dat
1 71 0 60 100 -1 0 0 0 -1 0 0 0 1 42003.dat
1 1 0 40 80 0 0 1 0 1 0 -1 0 0 32556.dat
1 71 0 40 80 1 0 0 0 1 0 0 0 1 42003.dat
1 71 0 80 100 -1 0 0 0 1 0 0 0 -1 4519.dat
1 4 0 20 80 -1 0 0 0 1 0 0 0 -1 32062.dat
1 71 -15 20 100 0 1 0 1 0 0 0 0 -1 41677.dat
1 71 15 20 100 0 1 0 1 0 0 0 0 -1 41677.dat
1 71 0 20 100 -1 0 0 0 1 0 0 0 -1 4519.dat
1 71 0 20 100 0 0 1 0 1 0 -1 0 0 3713.dat
1 71 0 60 60 -0.974371 0.224951 0 0.224951 0.974371 0 0 0 -1 3713.dat
1 0 0 40 60 -1 0 0 0 0 1 0 1 0 87082.dat
1 71 -20 20 40 0 0 1 1 0 0 0 1 0 63869.dat
1 4 -20 10 40 0 -1 0 -1 0 0 0 0 -1 32062.dat
1 0 -20 -20 40 0 -1 0 -1 0 0 0 0 -1 32054.dat
1 0 -20 80 100 0 -1 0 -1 0 0 0 0 -1 32525.dat
1 1 0 80 20 1 0 0 0 1 0 0 0 1 32556.dat
1 1 0 80 80 1 0 0 0 1 0 0 0 1 32556.dat
1 14 0 80 80 0 -1 0 -1 0 0 0 0 -1 32526.dat
1 72 -30 80 140 -1 0 0 0 1 0 0 0 -1 32002.dat
1 14 -20 60 0 0 -1 0 0 0 -1 1 0 0 32140.dat
1 1 0 40 0 1 0 0 0 1 0 0 0 1 32556.dat
1 71 0 60 0 -1 0 0 0 1 0 0 0 -1 4519.dat
1 14 0 0 0 0 -1 0 1 0 0 0 0 1 32271.dat
1 71 0 0 0 1 0 0 0 1 0 0 0 1 4519.dat
1 1 0 0 20 1 0 0 0 1 0 0 0 1 32556.dat
1 1 0 0 60 -1 0 0 0 1 0 0 0 -1 32556.dat
1 14 20 60 0 0 -1 0 0 0 -1 1 0 0 32140.dat
1 71 20 20 40 0 0 1 1 0 0 0 1 0 63869.dat
1 71 0 80 120 -1 0 0 0 0.999597 -0.028358 0 -0.028358 -0.999597 60485.dat
1 0 -80 80 120 0 -1 0 -0.999597 0 -0.028358 0.028358 0 -0.999597 33299.dat
1 1 -90 79.4328 100.008 1 0 0 0 0.999597 0.028358 0 -0.028358 0.999597 3749.dat
1 0 -50 80 120 1 0 0 0 1 0 0 0 1 62462.dat
1 72 0 80 120 0 0 -1 0.028358 0.999597 0 0.999597 -0.028358 0 3647.dat
1 0 20 80 100 0 -1 0 -1 0 0 0 0 -1 32525.dat
1 72 30 80 140 1 0 0 0 1 0 0 0 1 32002.dat
1 0 50 80 120 1 0 0 0 1 0 0 0 1 62462.dat
1 0 80 80 120 0 1 0 0.999597 0 -0.028358 -0.028358 0 -0.999597 33299.dat
1 1 90 79.4328 100.008 -1 0 0 0 -0.999597 0.028358 0 0.028358 0.999597 3749.dat
1 71 0 40 120 -1 0 0 0 1 0 0 0 -1 60485.dat
1 0 -40 40 120 0 -1 0 -1 0 0 0 0 -1 33299.dat
1 14 -60 40 100 0 -1 0 -1 0 0 0 0 -1 32523.dat
1 14 -25 40 120 0 0 -1 0 1 0 1 0 0 32123.dat
1 0 -15 0 120 0 -1 0 0 0 1 -1 0 0 32056.dat
1 71 0 40 120 0 0 -1 0 1 0 1 0 0 3713.dat
1 4 0 0 120 -1 0 0 0 1 0 0 0 -1 32062.dat
1 4 0 0 80 -1 0 0 0 1 0 0 0 -1 32062.dat
1 0 15 0 120 0 -1 0 0 0 1 -1 0 0 32056.dat
1 14 25 40 120 0 0 -1 0 1 0 1 0 0 32123.dat
1 14 60 40 100 0 1 0 1 0 0 0 0 -1 32523.dat
1 0 40 40 120 0 1 0 1 0 0 0 0 -1 33299.dat
1 14 0 -68.9268 150.969 0 0 1 -0.10209 0.994775 0 -0.994775 -0.10209 0 32000.dat
1 1 0 -57.9582 159.896 -1 0 0 0 0.994775 -0.10209 0 -0.10209 -0.994775 32556.dat
1 71 0 -60 140 -1 0 0 0 1 0 0 0 -1 4519.dat
1 14 15 -60 140 0 0 -1 0 1 0 1 0 0 32123.dat
1 14 -15 -60 140 0 0 -1 0 1 0 1 0 0 32123.dat
1 0 -25 20 140 0 1 0 0 0 -1 -1 0 0 32250.dat
1 14 -20 0.8167 171.958 0 1 0 0.201045 0 -0.979582 -0.979582 0 -0.201045 32524.dat
1 0 -30 20.4084 175.979 1 0 0 0 1 0 0 0 1 3673.dat
1 0 0 0.8167 171.958 -1 0 0 0 0 -1 0 -1 0 87082.dat
1 14 0 -76.885 151.785 1 0 0 0 0.994775 0.10209 0 -0.10209 0.994775 3021.dat
1 57 20 -85.8641 142.654 1 0 0 0 0.994775 0.10209 0 -0.10209 0.994775 6141.dat
1 57 -20 -85.8641 142.654 1 0 0 0 0.994775 0.10209 0 -0.10209 0.994775 6141.dat
1 0 0 -39.5916 195.979 -1 0 0 0 1 0 0 0 -1 3706.dat
1 14 -55 -39.5916 195.979 0 0 1 0 1 0 -1 0 0 32123.dat
1 14 -40 -39.5916 195.979 0 -1 0 0 0 1 -1 0 0 32140.dat
1 14 -25 -39.5916 195.979 0 0 1 0 1 0 -1 0 0 32123.dat
1 14 -15 -39.5916 195.979 0 0 1 0 1 0 -1 0 0 32123.dat
1 71 0 -39.5916 195.979 -1 0 0 0 -1 0 0 0 1 63869.dat
1 14 15 -39.5916 195.979 0 0 1 0 1 0 -1 0 0 32123.dat
1 14 25 -39.5916 195.979 0 0 1 0 1 0 -1 0 0 32123.dat
1 19 20 -59.5916 205.979 0 0 -1 0 1 0 1 0 0 3749.dat
1 14 20 -59.5916 225.979 1 0 0 0 1 0 0 0 1 59443.dat
1 71 20 -59.5916 255.979 0 0 -1 0 1 0 1 0 0 4519.dat
1 19 -20 -59.5916 205.979 0 0 -1 0 1 0 1 0 0 3749.dat
1 14 -20 -59.5916 225.979 1 0 0 0 1 0 0 0 1 59443.dat
1 71 -20 -59.5916 255.979 0 0 -1 0 1 0 1 0 0 4519.dat
1 0 25 20 140 0 1 0 0 0 -1 -1 0 0 32250.dat
1 14 20 0.8167 171.958 0 1 0 0.201045 0 -0.979582 -0.979582 0 -0.201045 32524.dat
1 0 30 20.4084 175.979 1 0 0 0 1 0 0 0 1 3673.dat
1 14 40 -39.5916 195.979 0 -1 0 0 0 1 -1 0 0 32140.dat
1 14 55 -39.5916 195.979 0 0 1 0 1 0 -1 0 0 32123.dat
1 72 8 80 0 -1 0 0 0 1 0 0 0 -1 55013.dat
1 71 -60 80 0 0 0 1 0 1 0 -1 0 0 94925.dat
1 71 -40 80 0 0 0 1 0 1 0 -1 0 0 3713.dat
1 71 40 80 0 0 0 1 0 1 0 -1 0 0 3713.dat
1 72 8 80 160 -1 0 0 0 1 0 0 0 -1 55013.dat
1 71 40 80 160 0 0 1 0 1 0 -1 0 0 3713.dat
1 71 -40 80 160 0 0 1 0 1 0 -1 0 0 3713.dat
1 71 -60 80 160 0 0 1 0 1 0 -1 0 0 94925.dat
1 71 60 80 0 0 0 1 0 1 0 -1 0 0 94925.dat
1 71 60 80 160 0 0 1 0 1 0 -1 0 0 94925.dat
1 14 75 80 0 0 0 1 0 1 0 -1 0 0 32123.dat
1 14 75 80 160 0 0 1 0 1 0 -1 0 0 32123.dat
1 0 60 99 12 1 0 0 0 -1 0 0 0 -1 3873.dat
1 0 60 99 28 1 0 0 0 -1 0 0 0 -1 3873.dat
1 0 60 99 44 1 0 0 0 -1 0 0 0 -1 3873.dat
1 0 60 99 60 1 0 0 0 -1 0 0 0 -1 3873.dat
1 0 60 99 76 1 0 0 0 -1 0 0 0 -1 3873.dat
1 0 60 99 92 1 0 0 0 -1 0 0 0 -1 3873.dat
1 0 60 99 108 1 0 0 0 -1 0 0 0 -1 3873.dat
1 0 60 99 124 1 0 0 0 -1 0 0 0 -1 3873.dat
1 0 60 99 140 1 0 0 0 -1 0 0 0 -1 3873.dat
1 0 60 99 156 1 0 0 0 -1 0 0 0 -1 3873.dat
1 0 60 97.6055 171.939 1 0 0 0 -0.996195 0.087156 0 -0.087156 -0.996195 3873.dat
1 0 60 83.2248 178.953 1 0 0 0 -0.438371 0.898794 0 -0.898794 -0.438371 3873.dat
1 0 60 67.4218 176.45 1 0 0 0 0.156434 0.987688 0 -0.987688 0.156434 3873.dat
1 0 60 57.1372 164.193 1 0 0 0 0.766044 0.642788 0 -0.642788 0.766044 3873.dat
1 0 60 46.8526 151.937 1 0 0 0 0.766044 0.642788 0 -0.642788 0.766044 3873.dat
1 0 60 36.568 139.68 1 0 0 0 0.766044 0.642788 0 -0.642788 0.766044 3873.dat
1 0 60 26.2833 127.423 1 0 0 0 0.766044 0.642788 0 -0.642788 0.766044 3873.dat
1 0 60 26.2833 111.423 1 0 0 0 1 0 0 0 1 3873.dat
1 0 60 26.2833 95.4233 1 0 0 0 1 0 0 0 1 3873.dat
1 0 60 26.2833 79.4233 1 0 0 0 1 0 0 0 1 3873.dat
1 0 60 32.2771 64.5883 1 0 0 0 0.927184 -0.374607 0 0.374607 0.927184 3873.dat
1 0 60 38.2708 49.7534 1 0 0 0 0.927184 -0.374607 0 0.374607 0.927184 3873.dat
1 0 60 44.2645 34.9184 1 0 0 0 0.927184 -0.374607 0 0.374607 0.927184 3873.dat
1 0 60 50.2582 20.0835 1 0 0 0 0.927184 -0.374607 0 0.374607 0.927184 3873.dat
1 0 60 56.2519 5.2486 1 0 0 0 0.927184 -0.374607 0 0.374607 0.927184 3873.dat
1 0 60 62.2456 -9.5864 1 0 0 0 0.927184 -0.374607 0 0.374607 0.927184 3873.dat
1 0 60 74.3209 -20.0833 1 0 0 0 0.656059 -0.75471 0 0.75471 0.656059 3873.dat
1 0 60 90.0732 -17.2783 1 0 0 0 -0.175315 -0.984512 0 0.984512 -0.175315 3873.dat
1 0 60 99 -4 1 0 0 0 -0.829889 -0.557927 0 0.557927 -0.829889 3873.dat
1 0 -60 97.6055 171.939 1 0 0 0 -0.996195 0.087156 0 -0.087156 -0.996195 3873.dat
1 0 -60 99 156 1 0 0 0 -1 0 0 0 -1 3873.dat
1 0 -60 83.2248 178.953 1 0 0 0 -0.438371 0.898794 0 -0.898794 -0.438371 3873.dat
1 0 -60 99 140 1 0 0 0 -1 0 0 0 -1 3873.dat
1 0 -60 67.4218 176.45 1 0 0 0 0.156434 0.987688 0 -0.987688 0.156434 3873.dat
1 0 -60 99 124 1 0 0 0 -1 0 0 0 -1 3873.dat
1 0 -60 57.1372 164.193 1 0 0 0 0.766044 0.642788 0 -0.642788 0.766044 3873.dat
1 0 -60 99 108 1 0 0 0 -1 0 0 0 -1 3873.dat
1 0 -60 46.8526 151.937 1 0 0 0 0.766044 0.642788 0 -0.642788 0.766044 3873.dat
1 0 -60 99 92 1 0 0 0 -1 0 0 0 -1 3873.dat
1 0 -60 36.568 139.68 1 0 0 0 0.766044 0.642788 0 -0.642788 0.766044 3873.dat
1 0 -60 99 76 1 0 0 0 -1 0 0 0 -1 3873.dat
1 0 -60 26.2833 127.423 1 0 0 0 0.766044 0.642788 0 -0.642788 0.766044 3873.dat
1 0 -60 99 60 1 0 0 0 -1 0 0 0 -1 3873.dat
1 0 -60 26.2833 111.423 1 0 0 0 1 0 0 0 1 3873.dat
1 0 -60 99 44 1 0 0 0 -1 0 0 0 -1 3873.dat
1 0 -60 26.2833 95.4233 1 0 0 0 1 0 0 0 1 3873.dat
1 0 -60 99 28 1 0 0 0 -1 0 0 0 -1 3873.dat
1 0 -60 26.2833 79.4233 1 0 0 0 1 0 0 0 1 3873.dat
1 0 -60 99 12 1 0 0 0 -1 0 0 0 -1 3873.dat
1 0 -60 32.2771 64.5883 1 0 0 0 0.927184 -0.374607 0 0.374607 0.927184 3873.dat
1 0 -60 99 -4 1 0 0 0 -0.829889 -0.557927 0 0.557927 -0.829889 3873.dat
1 0 -60 38.2708 49.7534 1 0 0 0 0.927184 -0.374607 0 0.374607 0.927184 3873.dat
1 0 -60 90.0732 -17.2783 1 0 0 0 -0.175315 -0.984512 0 0.984512 -0.175315 3873.dat
1 0 -60 44.2645 34.9184 1 0 0 0 0.927184 -0.374607 0 0.374607 0.927184 3873.dat
1 0 -60 74.3209 -20.0833 1 0 0 0 0.656059 -0.75471 0 0.75471 0.656059 3873.dat
1 0 -60 50.2582 20.0835 1 0 0 0 0.927184 -0.374607 0 0.374607 0.927184 3873.dat
1 0 -60 62.2456 -9.5864 1 0 0 0 0.927184 -0.374607 0 0.374607 0.927184 3873.dat
1 0 -60 56.2519 5.2486 1 0 0 0 0.927184 -0.374607 0 0.374607 0.927184 3873.dat
1 14 0 93.7532 -100.478 0 0 -1 0.028358 0.999597 0 0.999597 -0.028358 0 32525.dat
1 0 -60 83.7573 -100.195 0 0 -1 0.999597 -0.028358 0 -0.028358 -0.999597 0 3673.dat
1 0 60 83.7573 -100.195 0 0 -1 0.999597 -0.028358 0 -0.028358 -0.999597 0 3673.dat
1 1 80 73.7613 -99.9112 0 0 1 -0.999597 -0.028358 0 0.028358 -0.999597 0 32556.dat
1 1 -80 73.7613 -99.9112 0 0 1 -0.999597 -0.028358 0 0.028358 -0.999597 0 32556.dat
1 14 0 73.7613 -99.9112 0 0 -1 0.028358 0.999597 0 0.999597 -0.028358 0 32524.dat
1 14 80 74.3284 -79.9193 -1 0 0 0 -0.028358 -0.999597 0 -0.999597 0.028358 42003.dat
1 14 -80 74.3284 -79.9193 -1 0 0 0 -0.028358 -0.999597 0 -0.999597 0.028358 42003.dat
1 1 -90 74.8956 -59.9273 1 0 0 0 0.999597 0.028358 0 -0.028358 0.999597 3749.dat
1 1 90 74.8956 -59.9273 -1 0 0 0 0.999597 -0.028358 0 -0.028358 -0.999597 3749.dat
1 0 100 76.5971 0.0485 0 -1 0 -0.999597 0 -0.028358 0.028358 0 -0.999597 32525.dat
1 0 -100 76.5971 0.0485 0 -1 0 -0.999597 0 -0.028358 0.028358 0 -0.999597 32525.dat
1 14 0 53.7693 -99.3441 0 0 -1 0.028358 0.999597 0 0.999597 -0.028358 0 32525.dat
