0 
0 Name: New Model.ldr
0 Author: 
1 0 152.944 -40 -225.619 -0.866 0 0.5 0 1 0 -0.5 0 -0.866 3832.dat
1 0 265.524 -40 -160.619 -0.866 0 0.5 0 1 0 -0.5 0 -0.866 3021.dat
1 0 308.824 -40 -135.619 -0.866 0 0.5 0 1 0 -0.5 0 -0.866 3022.dat
1 4 118.304 -48 -245.619 -0.866 0 0.5 0 1 0 -0.5 0 -0.866 3020.dat
1 4 256.864 -48 -165.619 -0.866 0 0.5 0 1 0 -0.5 0 -0.866 3795.dat
1 7 196.244 -48 -200.619 -0.5 0 -0.866 0 1 0 0.866 0 -0.5 3023.dat
1 7 291.504 -32 -145.619 -0.5 0 -0.866 0 1 0 0.866 0 -0.5 4600.dat
1 7 239.544 -32 -175.619 -0.5 0 -0.866 0 1 0 0.866 0 -0.5 4600.dat
1 7 100.984 -32 -255.619 -0.5 0 -0.866 0 1 0 0.866 0 -0.5 4600.dat
1 0 317.484 -48 -130.619 -0.5 0 -0.866 0 1 0 0.866 0 -0.5 2436.dat
1 0 175.264 -48 -224.279 0.866 0 -0.5 0 1 0 0.5 0 0.866 2436.dat
1 0 165.264 -48 -206.959 -0.866 0 0.5 0 1 0 -0.5 0 -0.866 2436.dat
1 0 75.004 -48 -270.619 0.5 0 0.866 0 1 0 -0.866 0 0.5 2436.dat
1 4 317.484 -56 -130.619 0.5 0 0.866 0 1 0 -0.866 0 0.5 3069.dat
1 4 256.864 -56 -165.619 0.5 0 0.866 0 1 0 -0.866 0 0.5 3068.dat
1 4 222.224 -56 -185.619 0.5 0 0.866 0 1 0 -0.866 0 0.5 3068.dat
1 4 152.944 -56 -225.619 0.5 0 0.866 0 1 0 -0.866 0 0.5 3068.dat
1 1 83.664 -56 -265.619 0.5 0 0.866 0 1 0 -0.866 0 0.5 3022.dat
1 2 100.984 -64 -255.619 -0.5 0 -0.866 0 1 0 0.866 0 -0.5 4211.dat
1 0 55.952 -40 -281.619 0.5 0.866 0 0 0 -1 -0.866 0.5 0 3710.dat
1 7 154.264 -40 -187.907 -0.866 0.5 0 0 0 -1 -0.5 -0.866 0 3710.dat
1 15 186.264 -40 -243.331 0.866 -0.5 0 0 0 -1 0.5 0.866 0 3069.dat
1 15 160.284 -40 -258.331 0.866 -0.5 0 0 0 -1 0.5 0.866 0 4592.dat
1 0 336.536 -38 -119.619 -0.5 -0.866 0 0 0 -1 0.866 -0.5 0 3069.dat
1 36 321.536 -38 -93.639 -0.5 -0.866 0 0 0 -1 0.866 -0.5 0 3070.dat
1 36 351.536 -38 -145.599 -0.5 -0.866 0 0 0 -1 0.866 -0.5 0 3070.dat
1 1 75.004 -64 -270.619 0.5 0 0.866 0 1 0 -0.866 0 0.5 3829.dat
1 4 126.964 -64 -240.619 0.5 0 0.866 0 1 0 -0.866 0 0.5 3710.dat
1 4 42.684 -64 -254.639 0.5 0 0.866 0 1 0 -0.866 0 0.5 2420.dat
1 4 72.684 -64 -306.599 0.866 0 -0.5 0 1 0 0.5 0 0.866 2420.dat
1 7 150.264 -40 -180.979 -0.866 0.5 0 0 0 -1 -0.5 -0.866 0 2431.dat
1 46 34.024 -40 -259.639 0.5 0.866 0 0 0 -1 -0.866 0.5 0 3070.dat
1 4 49.024 -40 -285.619 0.5 0.866 0 0 0 -1 -0.866 0.5 0 2412.dat
1 46 64.024 -40 -311.599 0.5 0.866 0 0 0 -1 -0.866 0.5 0 3070.dat
1 4 291.504 -56 -145.619 0.5 0 0.866 0 1 0 -0.866 0 0.5 2460.dat
1 4 187.584 -56 -205.619 0.5 0 0.866 0 1 0 -0.866 0 0.5 2460.dat
1 15 57.684 -88 -280.619 0.5 0 0.866 0 1 0 -0.866 0 0.5 3010.dat
1 15 126.964 -88 -240.619 0.5 0 0.866 0 1 0 -0.866 0 0.5 3010.dat
1 15 90.004 -88 -296.599 0.5 0 0.866 0 1 0 -0.866 0 0.5 3822.dat
1 15 60.004 -88 -244.639 0.5 0 0.866 0 1 0 -0.866 0 0.5 3821.dat
1 15 155.7787 -77.05 -228.5087 -0.5 -0.866 0 0 0 -1 0.866 -0.5 0 3021.dat
1 15 155.7787 -117.05 -228.5087 -0.5 -0.866 0 0 0 -1 0.866 -0.5 0 3021.dat
1 15 126.964 -136 -240.619 0.5 0 0.866 0 1 0 -0.866 0 0.5 4214.dat
1 15 100.984 -144 -255.619 0.5 0 0.866 0 1 0 -0.866 0 0.5 2349.dat
1 33 87.994 -140 -263.119 0.5 0 0.866 0 1 0 -0.866 0 0.5 2348.dat
1 41 75.004 -136 -270.619 0.5 0 0.866 0 1 0 -0.866 0 0.5 3823.dat
1 7 85.984 -28 -229.639 -0.866 0 0.5 0 1 0 -0.5 0 -0.866 6014.dat
1 0 83.484 -28 -225.309 -0.866 0 0.5 0 1 0 -0.5 0 -0.866 6015.dat
1 7 115.984 -28 -281.599 0.866 0 -0.5 0 1 0 0.5 0 0.866 6014.dat
1 0 118.484 -28 -285.929 0.866 0 -0.5 0 1 0 0.5 0 0.866 6015.dat
1 7 254.544 -28 -201.599 0.866 0 -0.5 0 1 0 0.5 0 0.866 6014.dat
1 0 257.044 -28 -205.929 0.866 0 -0.5 0 1 0 0.5 0 0.866 6015.dat
1 7 306.504 -28 -171.599 0.866 0 -0.5 0 1 0 0.5 0 0.866 6014.dat
1 0 309.004 -28 -175.929 0.866 0 -0.5 0 1 0 0.5 0 0.866 6015.dat
1 7 224.544 -28 -149.639 -0.866 0 0.5 0 1 0 -0.5 0 -0.866 6014.dat
1 0 222.044 -28 -145.309 -0.866 0 0.5 0 1 0 -0.5 0 -0.866 6015.dat
1 7 276.504 -28 -119.639 -0.866 0 0.5 0 1 0 -0.5 0 -0.866 6014.dat
1 0 274.004 -28 -115.309 -0.866 0 0.5 0 1 0 -0.5 0 -0.866 6015.dat
1 4 239.544 -145.5 -175.619 -0.866 0 0.5 0 1 0 -0.5 0 -0.866 3832.dat
1 15 291.504 -153.5 -145.619 -0.866 0 0.5 0 1 0 -0.5 0 -0.866 4150.dat
1 15 187.584 -153.5 -205.619 -0.866 0 0.5 0 1 0 -0.5 0 -0.866 4150.dat
1 0 157.4825 -117.5 -248.979 0 -0.866 -0.5 1 0 0 0 -0.5 0.866 3666.dat
1 0 164.4105 -167.5 -244.979 0 -0.866 -0.5 1 0 0 0 -0.5 0.866 3070.dat
1 0 197.338 -67.04 -204.5137 0.5 -0.866 0 0 0 1 -0.866 -0.5 0 6541.dat
1 0 197.3467 -127.04 -204.5087 0.5 -0.866 0 0 0 1 -0.866 -0.5 0 6541.dat
1 4 176.5627 -97.04 -216.5087 0 -0.866 -0.5 1 0 0 0 -0.5 0.866 3010.dat
1 4 238.9097 -97.04 -180.5001 0 -0.866 -0.5 1 0 0 0 -0.5 0.866 3010.dat
1 15 218.1307 -97.04 -192.5087 0 -0.866 -0.5 1 0 0 0 -0.5 0.866 3010.dat
1 15 233.9097 -97.04 -171.8401 0 -0.866 0.5 -1 0 0 0 -0.5 -0.866 6259.dat
1 15 243.9097 -97.04 -189.1601 0 -0.866 -0.5 1 0 0 0 -0.5 0.866 6259.dat
1 0 301.2617 -127.03 -144.5001 0.5 -0.866 0 0 0 1 -0.866 -0.5 0 6541.dat
1 0 301.253 -67.03 -144.5051 0.5 -0.866 0 0 0 1 -0.866 -0.5 0 6541.dat
1 4 280.4777 -97.03 -156.5001 0 -0.866 -0.5 1 0 0 0 -0.5 0.866 3010.dat
1 15 259.6937 -97.04 -168.5001 0 -0.866 -0.5 1 0 0 0 -0.5 0.866 3010.dat
1 15 322.0457 -97.03 -132.5001 0 -0.866 -0.5 1 0 0 0 -0.5 0.866 3010.dat
1 15 317.0457 -97.03 -123.8401 0 -0.866 0.5 -1 0 0 0 -0.5 -0.866 6259.dat
1 15 327.0457 -97.03 -141.1601 0 -0.866 -0.5 1 0 0 0 -0.5 0.866 6259.dat
1 15 328.9737 -87.03 -128.5001 0.5 -0.866 0 0 0 1 -0.866 -0.5 0 3623.dat
1 15 328.9737 -117.03 -128.5001 0.5 -0.866 0 0 0 1 -0.866 -0.5 0 3021.dat
1 15 348.9737 -87.03 -163.1401 -0.5 -0.866 0 0 0 -1 0.866 -0.5 0 2555.dat
1 15 308.965 -87.03 -93.8651 -0.5 -0.866 0 0 0 -1 0.866 -0.5 0 2555.dat
1 15 345.8967 -97.03 -141.8114 0 -0.866 0.5 -1 0 0 0 -0.5 -0.866 3069.dat
1 15 335.8967 -97.03 -124.4914 0 -0.866 0.5 -1 0 0 0 -0.5 -0.866 3069.dat
1 15 325.8967 -97.03 -107.1714 0 -0.866 0.5 -1 0 0 0 -0.5 -0.866 3069.dat
1 7 190.4187 -137.04 -208.5087 0 -0.866 0.5 -1 0 0 0 -0.5 -0.866 4274.dat
1 7 294.3336 -137.03 -148.5001 0 -0.866 0.5 -1 0 0 0 -0.5 -0.866 4274.dat
1 16 316.804 -94 -89.443 0.866 0 0.5 0 -1 0 0.5 0 -0.866 752.dat
1 16 316.804 -94 -89.443 0.866 0 -0.5 0 1 0 0.5 0 0.866 755.dat
1 16 356.804 -94 -158.723 0.866 0 0.5 0 -1 0 0.5 0 -0.866 752.dat
1 16 356.804 -94 -158.723 0.866 0 -0.5 0 1 0 0.5 0 0.866 755.dat
1 16 316.8315 -88.2383 -89.4905 0.866 -0.015574 0.499758 0 -0.999515 -0.031147 0.5 0.026973 -0.86558 754.dat
1 16 316.9194 -85.7201 -89.6429 0.866 -0.043175 0.498132 0 -0.996265 -0.086351 0.5 0.07478 -0.862765 754.dat
1 16 317.0796 -83.2166 -89.9203 0.866 -0.072196 0.49476 0 -0.98952 -0.144393 0.5 0.125044 -0.856924 754.dat
1 16 317.32 -80.7394 -90.3367 0.866 -0.105187 0.48881 0 -0.977621 -0.210373 0.5 0.182183 -0.84662 754.dat
1 16 317.6438 -78.3007 -90.8975 0.866 -0.138234 0.480511 0 -0.961023 -0.276468 0.5 0.239421 -0.832246 754.dat
1 16 318.047 -75.9096 -91.5959 0.866 -0.169037 0.47056 0 -0.94112 -0.338074 0.5 0.292772 -0.81501 754.dat
1 16 318.5374 -73.5848 -92.4452 0.866 -0.205111 0.455993 0 -0.911986 -0.410221 0.5 0.355251 -0.78978 754.dat
1 16 319.1177 -71.3445 -93.4503 0.866 -0.240544 0.438336 0 -0.876672 -0.481088 0.5 0.416622 -0.759198 754.dat
1 16 319.778 -69.1944 -94.5939 0.866 -0.27062 0.420434 0 -0.840869 -0.541239 0.5 0.468713 -0.728193 754.dat
1 16 320.5153 -67.1475 -95.871 0.866 -0.3014 0.398946 0 -0.797893 -0.6028 0.5 0.522025 -0.690975 754.dat
1 16 321.3275 -65.217 -97.2777 0.866 -0.330508 0.375186 0 -0.750371 -0.661017 0.5 0.572441 -0.649821 754.dat
1 16 322.2099 -63.4134 -98.806 0.866 -0.357691 0.349367 0 -0.698733 -0.715382 0.5 0.619521 -0.605103 754.dat
1 16 323.1564 -61.7451 -100.4454 0.866 -0.38235 0.322193 0 -0.644386 -0.7647 0.5 0.66223 -0.558038 754.dat
1 16 324.158 -60.2105 -102.1801 0.866 -0.402946 0.296031 0 -0.592062 -0.805893 0.5 0.697903 -0.512726 754.dat
1 16 325.2089 -58.814 -104.0002 0.866 -0.422003 0.268166 0 -0.536331 -0.844007 0.5 0.73091 -0.464463 754.dat
1 16 326.3037 -57.5595 -105.8965 0.866 -0.43869 0.239898 0 -0.479795 -0.877381 0.5 0.759812 -0.415502 754.dat
1 16 327.4374 -56.4512 -107.8601 0.866 -0.453464 0.210642 0 -0.421283 -0.906929 0.5 0.785401 -0.364831 754.dat
1 16 328.6024 -55.4808 -109.8778 0.866 -0.46484 0.184185 0 -0.368369 -0.92968 0.5 0.805103 -0.319008 754.dat
1 16 329.7938 -54.6485 -111.9413 0.866 -0.474897 0.156439 0 -0.312877 -0.949794 0.5 0.822522 -0.270951 754.dat
1 16 331.0074 -53.9558 -114.0434 0.866 -0.483121 0.128819 0 -0.257638 -0.966242 0.5 0.836766 -0.223115 754.dat
1 16 332.2385 -53.3988 -116.1756 0.866 -0.489428 0.102272 0 -0.204543 -0.978857 0.5 0.84769 -0.177134 754.dat
1 16 333.4836 -52.9853 -118.332 0.866 -0.494632 0.073067 0 -0.146134 -0.989265 0.5 0.856703 -0.126552 754.dat
1 16 334.7378 -52.702 -120.5043 0.866 -0.497619 0.048744 0 -0.097487 -0.995237 0.5 0.861875 -0.084424 754.dat
1 16 335.9975 -52.5488 -122.6861 0.866 -0.499499 0.022384 0 -0.044767 -0.998997 0.5 0.865131 -0.038768 754.dat
1 16 337.0398 -52.5543 -124.4913 0.866 -0.499775 -0.014979 0 0.029959 -0.999551 0.5 0.865611 0.025944 756.dat
1 16 339.0797 -52.7365 -128.0246 0.866 0.497059 0.054144 0 -0.108289 0.994119 0.5 -0.860907 -0.093778 754.dat
1 16 340.3322 -53.0479 -130.1939 0.866 0.493708 0.079068 0 -0.158137 0.987417 0.5 -0.855103 -0.136947 754.dat
1 16 341.5749 -53.4879 -132.3462 0.866 0.488677 0.105809 0 -0.211618 0.977353 0.5 -0.846388 -0.183261 754.dat
1 16 342.8037 -54.0637 -134.4745 0.866 0.481996 0.132968 0 -0.265936 0.963991 0.5 -0.834816 -0.230301 754.dat
1 16 344.0143 -54.7775 -136.5711 0.866 0.473457 0.160742 0 -0.321484 0.946915 0.5 -0.820028 -0.278405 754.dat
1 16 345.2021 -55.6304 -138.6286 0.866 0.463448 0.187658 0 -0.375315 0.926897 0.5 -0.802693 -0.325023 754.dat
1 16 346.3622 -56.6236 -140.6378 0.866 0.450197 0.217537 0 -0.435074 0.900395 0.5 -0.779742 -0.376774 754.dat
1 16 347.4884 -57.7621 -142.5884 0.866 0.436516 0.243832 0 -0.487663 0.873032 0.5 -0.756046 -0.422316 754.dat
1 16 348.5776 -59.0363 -144.4748 0.866 0.419547 0.271993 0 -0.543987 0.839094 0.5 -0.726655 -0.471093 754.dat
1 16 349.6215 -60.4537 -146.2829 0.866 0.399384 0.300819 0 -0.601638 0.798769 0.5 -0.691734 -0.521019 754.dat
1 16 350.6138 -62.0124 -148.0015 0.866 0.378356 0.326875 0 -0.653749 0.756712 0.5 -0.655313 -0.566147 754.dat
1 16 351.5502 -63.7033 -149.6234 0.866 0.353712 0.353395 0 -0.70679 0.707424 0.5 -0.612629 -0.61208 754.dat
1 16 352.4226 -65.5265 -151.1344 0.866 0.32651 0.37867 0 -0.75734 0.653021 0.5 -0.565516 -0.655856 754.dat
1 16 353.225 -67.4744 -152.5241 0.866 0.297494 0.401867 0 -0.803735 0.594987 0.5 -0.515259 -0.696035 754.dat
1 16 353.9497 -69.5397 -153.7794 0.866 0.262802 0.425364 0 -0.850729 0.525605 0.5 -0.455174 -0.736731 754.dat
1 16 354.5906 -71.7133 -154.8894 0.866 0.233129 0.442324 0 -0.884648 0.466259 0.5 -0.40378 -0.766105 754.dat
1 16 355.1534 -73.971 -155.8642 0.866 0.199498 0.458476 0 -0.916952 0.398997 0.5 -0.345531 -0.79408 754.dat
1 16 355.6311 -76.3061 -156.6915 0.866 0.16543 0.47184 0 -0.94368 0.33086 0.5 -0.286525 -0.817227 754.dat
1 16 356.0262 -78.7029 -157.3758 0.866 0.135815 0.481201 0 -0.962402 0.27163 0.5 -0.235232 -0.83344 754.dat
1 16 356.3406 -81.147 -157.9203 0.866 0.098395 0.490223 0 -0.980446 0.19679 0.5 -0.17042 -0.849066 754.dat
1 16 356.565 -83.6311 -158.309 0.866 0.066802 0.495517 0 -0.991035 0.133604 0.5 -0.115701 -0.858236 754.dat
1 16 356.7104 -86.1384 -158.5609 0.866 0.036292 0.498681 0 -0.997362 0.072585 0.5 -0.062859 -0.863715 754.dat
1 16 356.7821 -88.4483 -158.6851 0.866 0.014083 0.499802 0 -0.999603 0.028166 0.5 -0.024392 -0.865656 754.dat
