0 
0 Name: New Model.ldr
0 Author: 
1 0 -330 0 140 0 0 1 0 1 0 -1 0 0 3710.dat
1 0 -270 0 140 0 0 1 0 1 0 -1 0 0 3710.dat
1 8 -330 0 90 1 0 0 0 1 0 0 0 1 6141.dat
1 8 -270 0 90 1 0 0 0 1 0 0 0 1 6141.dat
1 0 -300 0 0 0 0 1 0 1 0 -1 0 0 3035.dat
1 0 -300 -24 100 0 0 1 0 1 0 -1 0 0 30283.dat
1 0 -340 -24 200 -1 0 0 0 1 0 0 0 -1 41765.dat
1 0 -260 -24 200 -1 0 0 0 1 0 0 0 -1 41764.dat
1 0 -330 -24 40 0 0 1 0 1 0 -1 0 0 3660.dat
1 0 -270 -24 40 0 0 -1 0 1 0 1 0 0 3660.dat
1 0 -330 -24 0 0 0 1 0 1 0 -1 0 0 3660.dat
1 0 -270 -24 0 0 0 -1 0 1 0 1 0 0 3660.dat
1 0 -330 -24 -40 0 0 1 0 1 0 -1 0 0 3660.dat
1 0 -270 -24 -40 0 0 -1 0 1 0 1 0 0 3660.dat
1 0 -330 -24 -70 0 0 1 0 1 0 -1 0 0 3676.dat
1 0 -300 -24 -70 1 0 0 0 1 0 0 0 1 3660.dat
1 0 -270 -24 -70 1 0 0 0 1 0 0 0 1 3676.dat
1 36 -330 -32 250 1 0 0 0 1 0 0 0 1 3024.dat
1 33 -270 -32 250 1 0 0 0 1 0 0 0 1 3024.dat
1 15 -350 -32 180 0 0 1 0 1 0 -1 0 0 3460.dat
1 15 -250 -32 180 0 0 1 0 1 0 -1 0 0 3460.dat
1 1 -300 -32 120 1 0 0 0 1 0 0 0 1 3001.dat
1 15 -330 -32 250 0 0 -1 0 1 0 1 0 0 54200.dat
1 15 -270 -32 250 0 0 1 0 1 0 -1 0 0 54200.dat
1 15 -460 -40 200 0 0 1 0 1 0 -1 0 0 30355.dat
1 15 -140 -40 200 0 0 -1 0 1 0 1 0 0 30356.dat
1 15 -300 -40 120 1 0 0 0 1 0 0 0 1 3034.dat
1 15 -570 -48 250 0 0 1 0 1 0 -1 0 0 6019.dat
1 15 -30 -48 250 0 0 -1 0 1 0 1 0 0 6019.dat
1 0 -550 -40 240 1 0 0 0 1 0 0 0 1 61409.dat
1 0 -50 -40 240 1 0 0 0 1 0 0 0 1 61409.dat
1 33 -510 -48 220 0 0 1 0 1 0 -1 0 0 3069.dat
1 36 -90 -48 220 0 0 1 0 1 0 -1 0 0 3069.dat
1 15 -360 -48 180 0 0 1 0 1 0 -1 0 0 3034.dat
1 15 -240 -48 180 0 0 1 0 1 0 -1 0 0 3034.dat
1 8 -300 -48 120 1 0 0 0 1 0 0 0 1 4032.dat
1 15 -350 -48 0 0 0 1 0 1 0 -1 0 0 2730.dat
1 15 -250 -48 0 0 0 1 0 1 0 -1 0 0 2730.dat
1 8 -300 -48 -70 -1 0 0 0 1 0 0 0 -1 3937.dat
1 15 -300 -48 -90 1 0 0 0 1 0 0 0 1 30414.dat
1 0 -520 -32 220 1 0 0 0 1 0 0 0 1 4229.dat
1 0 -80 -32 220 1 0 0 0 1 0 0 0 1 4229.dat
1 34 -520 -6 156 1 0 0 0 0 -1 0 1 0 4589.dat
1 34 -80 -6 156 1 0 0 0 0 -1 0 1 0 4589.dat
1 0 -590 -46 260 1 0 0 0 0 -1 0 1 0 2569.dat
1 0 -10 -46 260 1 0 0 0 0 -1 0 1 0 2569.dat
1 7 -360 -38 0 -1 0 0 0 1 0 0 0 -1 4274.dat
1 7 -240 -38 0 1 0 0 0 1 0 0 0 1 4274.dat
1 0 -360 -38 -40 1 0 0 0 1 0 0 0 1 3673.dat
1 0 -240 -38 -40 1 0 0 0 1 0 0 0 1 3673.dat
1 0 -360 -38 -80 1 0 0 0 1 0 0 0 1 3673.dat
1 0 -240 -38 -80 1 0 0 0 1 0 0 0 1 3673.dat
1 0 -300 -38 -108 1 0 0 0 0 -1 0 1 0 3023.dat
1 15 -370 -38 -120 0 1 0 -1 0 0 0 0 1 64392.dat
1 15 -230 -38 -120 0 -1 0 1 0 0 0 0 1 64682.dat
1 15 -330 -38 -124 0 0 1 1 0 0 0 1 0 50950.dat
1 15 -270 -38 -124 0 0 -1 -1 0 0 0 1 0 50950.dat
1 7 -450 -18 -130 0 0 1 0 1 0 -1 0 0 4274.dat
1 7 -410 -18 -130 0 0 1 0 1 0 -1 0 0 4274.dat
1 0 -380 -18 -140 0 -1 0 0 0 1 -1 0 0 32138.dat
1 0 -220 -18 -140 0 -1 0 0 0 1 -1 0 0 32138.dat
1 7 -190 -18 -130 0 0 1 0 1 0 -1 0 0 4274.dat
1 7 -150 -18 -130 0 0 1 0 1 0 -1 0 0 4274.dat
1 7 -370 -38 -130 0 0 1 0 1 0 -1 0 0 4274.dat
1 7 -230 -38 -130 0 0 1 0 1 0 -1 0 0 4274.dat
1 36 -410 -18 -138 1 0 0 0 0 -1 0 1 0 3024.dat
1 33 -190 -18 -138 1 0 0 0 0 -1 0 1 0 3024.dat
1 0 -390 -18 -170 0 0 -1 0 -1 0 -1 0 0 62462.dat
1 0 -370 -18 -170 0 0 -1 0 -1 0 -1 0 0 62462.dat
1 0 -230 -18 -170 0 0 -1 0 -1 0 -1 0 0 62462.dat
1 0 -210 -18 -170 0 0 -1 0 -1 0 -1 0 0 62462.dat
1 33 -370 -38 -125 1 0 0 0 0 -1 0 1 0 58176.dat
1 36 -230 -38 -125 1 0 0 0 0 -1 0 1 0 58176.dat
1 15 -430 -18 -154 0 0 1 1 0 0 0 1 0 50950.dat
1 15 -170 -18 -154 0 0 -1 -1 0 0 0 1 0 50950.dat
1 7 -390 -18 -190 0 0 1 0 1 0 -1 0 0 4274.dat
1 7 -370 -18 -190 0 0 1 0 1 0 -1 0 0 4274.dat
1 7 -230 -18 -190 0 0 1 0 1 0 -1 0 0 4274.dat
1 7 -210 -18 -190 0 0 1 0 1 0 -1 0 0 4274.dat
1 34 -390 -18 -214 1 0 0 0 0 -1 0 1 0 4589.dat
1 34 -370 -18 -214 1 0 0 0 0 -1 0 1 0 4589.dat
1 34 -230 -18 -214 1 0 0 0 0 -1 0 1 0 4589.dat
1 34 -210 -18 -214 1 0 0 0 0 -1 0 1 0 4589.dat
1 34 -350 -56 250 1 0 0 0 1 0 0 0 1 3070.dat
1 34 -250 -56 250 1 0 0 0 1 0 0 0 1 3070.dat
1 8 -300 -56 120 1 0 0 0 1 0 0 0 1 4032.dat
1 15 -300 -56 90 1 0 0 0 1 0 0 0 1 3678.dat
1 0 -570 -64 230 1 0 0 0 1 0 0 0 1 50950.dat
1 0 -30 -64 230 1 0 0 0 1 0 0 0 1 50950.dat
1 8 -450 -64 220 0 0 1 0 1 0 -1 0 0 30236.dat
1 8 -420 -64 220 1 0 0 0 1 0 0 0 1 3003.dat
1 8 -180 -64 220 1 0 0 0 1 0 0 0 1 3003.dat
1 8 -150 -64 220 0 0 -1 0 1 0 1 0 0 30236.dat
1 15 -330 -64 120 0 0 1 0 1 0 -1 0 0 3004.dat
1 15 -270 -64 120 0 0 1 0 1 0 -1 0 0 3004.dat
1 0 -470 -54 200 0.707107 0 -0.707107 -0.707107 0 -0.707107 0 1 0 44676.dat
1 0 -130 -54 200 0.707107 0 0.707107 0.707107 0 -0.707107 0 1 0 44676.dat
1 15 -350 -72 140 -1 0 0 0 1 0 0 0 -1 41748.dat
1 15 -250 -72 140 -1 0 0 0 1 0 0 0 -1 41747.dat
1 1 -330 -72 110 0 0 1 0 1 0 -1 0 0 3623.dat
1 1 -270 -72 110 0 0 1 0 1 0 -1 0 0 3623.dat
1 15 -350 -72 100 0 0 1 0 1 0 -1 0 0 3039.dat
1 15 -250 -72 100 0 0 -1 0 1 0 1 0 0 3039.dat
1 15 -350 -72 60 1 0 0 0 1 0 0 0 1 41747.dat
1 15 -250 -72 60 1 0 0 0 1 0 0 0 1 41748.dat
1 15 -430 -74 220 1 0 0 0 1 0 0 0 1 30360.dat
1 15 -170 -74 220 1 0 0 0 1 0 0 0 1 30360.dat
1 15 -350 -72 150 0 0 1 0 1 0 -1 0 0 54200.dat
1 15 -250 -72 150 0 0 -1 0 1 0 1 0 0 54200.dat
1 1 -300 -80 130 1 0 0 0 1 0 0 0 1 3700.dat
1 1 -300 -80 110 1 0 0 0 1 0 0 0 1 3700.dat
1 8 -300 -70 130 0 0 1 0 1 0 -1 0 0 6587.dat
1 7 -300 -80 90 1 0 0 0 1 0 0 0 1 3700.dat
1 8 -430 -74 280 1 0 0 0 0 -1 0 1 0 4032.dat
1 8 -170 -74 280 1 0 0 0 0 -1 0 1 0 4032.dat
1 15 -430 -74 288 1 0 0 0 0 -1 0 1 0 30033.dat
1 15 -170 -74 288 1 0 0 0 0 -1 0 1 0 30033.dat
1 0 -430 -74 296 1 0 0 0 0 -1 0 1 0 6233.dat
1 0 -170 -74 296 1 0 0 0 0 -1 0 1 0 6233.dat
1 57 -430 -74 344 1 0 0 0 0 -1 0 1 0 4740.dat
1 57 -170 -74 344 1 0 0 0 0 -1 0 1 0 4740.dat
1 8 -430 -74 176 1 0 0 0 0 -1 0 1 0 4032.dat
1 8 -170 -74 176 1 0 0 0 0 -1 0 1 0 4032.dat
1 8 -440 -64 152 1 0 0 0 0 -1 0 1 0 4589.dat
1 8 -420 -64 152 1 0 0 0 0 -1 0 1 0 4589.dat
1 8 -180 -64 152 1 0 0 0 0 -1 0 1 0 4589.dat
1 8 -160 -64 152 1 0 0 0 0 -1 0 1 0 4589.dat
1 8 -440 -84 152 1 0 0 0 0 -1 0 1 0 4589.dat
1 8 -420 -84 152 1 0 0 0 0 -1 0 1 0 4589.dat
1 8 -180 -84 152 1 0 0 0 0 -1 0 1 0 4589.dat
1 8 -160 -84 152 1 0 0 0 0 -1 0 1 0 4589.dat
1 8 -430 -74 128 1 0 0 0 0 -1 0 1 0 30367.dat
1 8 -170 -74 128 1 0 0 0 0 -1 0 1 0 30367.dat
1 8 -410 -88 230 1 0 0 0 1 0 0 0 1 2555.dat
1 8 -190 -88 230 1 0 0 0 1 0 0 0 1 2555.dat
1 8 -410 -88 210 1 0 0 0 1 0 0 0 1 2555.dat
1 8 -190 -88 210 1 0 0 0 1 0 0 0 1 2555.dat
1 15 -300 -88 110 0 0 1 0 1 0 -1 0 0 3021.dat
1 8 -310 -96 130 1 0 0 0 1 0 0 0 1 6141.dat
1 8 -290 -96 130 1 0 0 0 1 0 0 0 1 6141.dat
1 15 -330 -96 110 -1 0 0 0 1 0 0 0 -1 3045.dat
1 15 -270 -96 110 0 0 -1 0 1 0 1 0 0 3045.dat
1 8 -300 -96 100 1 0 0 0 1 0 0 0 1 4032.dat
1 15 -330 -96 90 0 0 1 0 1 0 -1 0 0 3040.dat
1 15 -270 -96 90 0 0 -1 0 1 0 1 0 0 3040.dat
1 33 -300 -96 60 1 0 0 0 1 0 0 0 1 45705.dat
1 15 -430 -104 220 0 0 1 0 1 0 -1 0 0 3039.dat
1 15 -170 -104 220 0 0 -1 0 1 0 1 0 0 3039.dat
1 0 -310 -96 130 0 0 1 0 1 0 -1 0 0 54200.dat
1 0 -290 -96 130 0 0 -1 0 1 0 1 0 0 54200.dat
1 0 -300 -104 110 1 0 0 0 1 0 0 0 1 2431.dat
1 36 -320 -104 90 1 0 0 0 1 0 0 0 1 3069.dat
1 33 -280 -104 90 1 0 0 0 1 0 0 0 1 3069.dat
1 0 -430 -112 240 0 0 -1 0 1 0 1 0 0 30383.dat
1 0 -170 -112 240 0 0 -1 0 1 0 1 0 0 30383.dat
1 0 -430 -125.071 257.071 1 0 0 0 0.707 -0.707 0 0.707 0.707 30553.dat
1 0 -170 -125.071 257.071 1 0 0 0 0.707 -0.707 0 0.707 0.707 30553.dat
1 0 -430 -139.213 271.213 1 0 0 0 0.707107 0.707107 0 -0.707107 0.707107 4095.dat
1 0 -170 -139.213 271.213 1 0 0 0 0.707107 0.707107 0 -0.707107 0.707107 4095.dat
1 0 -430 -128 210 1 0 0 0 1 0 0 0 1 50950.dat
1 0 -170 -128 210 1 0 0 0 1 0 0 0 1 50950.dat
1 7 -300 -41.83 -60.76 1 0 0 0 0.383 0.924 0 -0.924 0.383 3938.dat
1 15 -300 -44.894 -53.368 1 0 0 0 0.383 0.924 0 -0.924 0.383 3794.dat
1 15 -300 -54.086 -31.192 1 0 0 0 0.383 0.924 0 -0.924 0.383 3626.dat
1 15 -300 -64.81 -5.32 -1 0 0 0 0.383 -0.924 0 -0.924 -0.383 6266.dat
1 8 -300 -64.81 -5.32 1 0 0 0 -0.382545 0.924189 0 -0.924189 -0.382545 30031.dat
1 57 -430 -30.766 326.86 1 0 0 0 0.243 -0.97 0 0.97 0.243 6141.dat
1 16 -430 -36.598 303.58 1 0 0 0 0.243 -0.97 0 0.97 0.243 4589.dat
1 8 -430 -38.542 295.82 0 0 1 0.97 0.243 0 -0.243 0.97 0 2555.dat
1 57 -170 -30.766 326.86 1 0 0 0 0.243 -0.97 0 0.97 0.243 6141.dat
1 16 -170 -36.598 303.58 1 0 0 0 0.243 -0.97 0 0.97 0.243 4589.dat
1 8 -170 -38.542 295.82 0 0 1 0.97 0.243 0 -0.243 0.97 0 2555.dat
1 57 -459.125 -42.875 326.86 -0.707 -0.171 -0.686 -0.707 0.171 0.686 0 0.97 -0.243 6141.dat
1 16 -455.021 -46.979 303.58 -0.707 -0.171 -0.686 -0.707 0.171 0.686 0 0.97 -0.243 4589.dat
1 8 -453.653 -48.347 295.82 0.686 -0.171 -0.707 -0.686 0.171 -0.707 0.243 0.97 0 2555.dat
1 57 -400.875 -42.875 326.86 -0.707 0.171 0.686 0.707 0.171 0.686 0 0.97 -0.243 6141.dat
1 16 -404.979 -46.979 303.58 -0.707 0.171 0.686 0.707 0.171 0.686 0 0.97 -0.243 4589.dat
1 8 -406.347 -48.347 295.82 -0.686 0.171 -0.707 -0.686 0.171 0.707 0.243 0.97 0 2555.dat
1 57 -199.125 -42.875 326.86 -0.707 -0.171 -0.686 -0.707 0.171 0.686 0 0.97 -0.243 6141.dat
1 16 -195.021 -46.979 303.58 -0.707 -0.171 -0.686 -0.707 0.171 0.686 0 0.97 -0.243 4589.dat
1 8 -193.653 -48.347 295.82 0.686 -0.171 -0.707 -0.686 0.171 -0.707 0.243 0.97 0 2555.dat
1 57 -140.875 -42.875 326.86 -0.707 0.171 0.686 0.707 0.171 0.686 0 0.97 -0.243 6141.dat
1 16 -144.979 -46.979 303.58 -0.707 0.171 0.686 0.707 0.171 0.686 0 0.97 -0.243 4589.dat
1 8 -146.347 -48.347 295.82 -0.686 0.171 -0.707 -0.686 0.171 0.707 0.243 0.97 0 2555.dat
1 57 -471.234 -72 326.86 0.97 -0.243 0 0 0 -1 0.243 0.97 0 6141.dat
1 16 -465.402 -72 303.58 0.97 -0.243 0 0 0 -1 0.243 0.97 0 4589.dat
1 8 -463.458 -72 295.82 0 -0.243 0.97 1 0 0 0 0.97 0.243 2555.dat
1 57 -388.766 -72 326.86 0.97 0.243 0 0 0 -1 -0.243 0.97 0 6141.dat
1 16 -394.598 -72 303.58 0.97 0.243 0 0 0 -1 -0.243 0.97 0 4589.dat
1 8 -396.542 -72 295.82 0 0.243 0.97 1 0 0 0 0.97 -0.243 2555.dat
1 57 -211.234 -72 326.86 0.97 -0.243 0 0 0 -1 0.243 0.97 0 6141.dat
1 16 -205.402 -72 303.58 0.97 -0.243 0 0 0 -1 0.243 0.97 0 4589.dat
1 8 -203.458 -72 295.82 0 -0.243 0.97 1 0 0 0 0.97 0.243 2555.dat
1 57 -128.766 -72 326.86 0.97 0.243 0 0 0 -1 -0.243 0.97 0 6141.dat
1 16 -134.598 -72 303.58 0.97 0.243 0 0 0 -1 -0.243 0.97 0 4589.dat
1 8 -136.542 -72 295.82 0 0.243 0.97 1 0 0 0 0.97 -0.243 2555.dat
1 57 -459.125 -101.125 326.86 0.707 -0.171 -0.686 -0.707 -0.171 -0.686 0 0.97 -0.243 6141.dat
1 16 -455.021 -97.021 303.58 0.707 -0.171 -0.686 -0.707 -0.171 -0.686 0 0.97 -0.243 4589.dat
1 8 -453.653 -95.653 295.82 0.686 -0.171 0.707 0.686 -0.171 -0.707 0.243 0.97 0 2555.dat
1 57 -400.875 -101.125 326.86 0.707 0.171 0.686 0.707 -0.171 -0.686 0 0.97 -0.243 6141.dat
1 16 -404.979 -97.021 303.58 0.707 0.171 0.686 0.707 -0.171 -0.686 0 0.97 -0.243 4589.dat
1 8 -406.347 -95.653 295.82 -0.686 0.171 0.707 0.686 -0.171 0.707 0.243 0.97 0 2555.dat
1 57 -199.125 -101.125 326.86 0.707 -0.171 -0.686 -0.707 -0.171 -0.686 0 0.97 -0.243 6141.dat
1 16 -195.021 -97.021 303.58 0.707 -0.171 -0.686 -0.707 -0.171 -0.686 0 0.97 -0.243 4589.dat
1 8 -193.653 -95.653 295.82 0.686 -0.171 0.707 0.686 -0.171 -0.707 0.243 0.97 0 2555.dat
1 57 -140.875 -101.125 326.86 0.707 0.171 0.686 0.707 -0.171 -0.686 0 0.97 -0.243 6141.dat
1 16 -144.979 -97.021 303.58 0.707 0.171 0.686 0.707 -0.171 -0.686 0 0.97 -0.243 4589.dat
1 8 -146.347 -95.653 295.82 -0.686 0.171 0.707 0.686 -0.171 0.707 0.243 0.97 0 2555.dat
1 57 -430 -113.234 326.86 1 0 0 0 -0.243 -0.97 0 0.97 -0.243 6141.dat
1 16 -430 -107.402 303.58 1 0 0 0 -0.243 -0.97 0 0.97 -0.243 4589.dat
1 8 -430 -105.458 295.82 0 0 1 0.97 -0.243 0 0.243 0.97 0 2555.dat
1 57 -170 -113.234 326.86 1 0 0 0 -0.243 -0.97 0 0.97 -0.243 6141.dat
1 16 -170 -107.402 303.58 1 0 0 0 -0.243 -0.97 0 0.97 -0.243 4589.dat
1 8 -170 -105.458 295.82 0 0 1 0.97 -0.243 0 0.243 0.97 0 2555.dat
1 15 -300 -70 164 1 0 0 0 0 1 0 -1 0 6222.dat
1 16 -300 -20 154 0 0 -1 1 0 0 0 -1 0 32556.dat
1 0 -300 -40 172 1 0 0 0 0 1 0 -1 0 3023.dat
1 36 -330 -60 172 1 0 0 0 0 1 0 -1 0 6141.dat
1 36 -270 -60 172 1 0 0 0 0 1 0 -1 0 6141.dat
1 8 -330 -80 172 1 0 0 0 0 1 0 -1 0 6141.dat
1 8 -270 -80 172 1 0 0 0 0 1 0 -1 0 6141.dat
1 15 -300 -100 172 1 0 0 0 0 1 0 -1 0 3069.dat
1 33 -300 -70 292 -1 0 0 0 0 -1 0 -1 0 85941.dat
1 15 -300 -40 300 1 0 0 0 0 1 0 -1 0 32028.dat
1 8 -300 -40 324 1 0 0 0 0 1 0 -1 0 85943.dat
1 0 -300 -30 314 0 0 1 -1 0 0 0 -1 0 3673.dat
1 4 -300 -70 314 1 0 0 0 0 1 0 -1 0 32062.dat
1 0 -300 -20 234 1 0 0 0 -1 0 0 0 -1 40490.dat
1 33 -300 -70 292 1 0 0 0 0 1 0 -1 0 85941.dat
1 16 -300 -100 300 -1 0 0 0 0 -1 0 -1 0 32028.dat
1 0 -300 -70 314 1 0 0 0 1 0 0 0 1 32034.dat
1 7 -300 -70 374 0 0 1 -1 0 0 0 -1 0 6553.dat
1 4 -300 -70 374 0 -1 0 1 0 0 0 0 1 32062.dat
1 0 -300 -90 374 1 0 0 0 1 0 0 0 1 2723.dat
