0 
0 Name: New Model.ldr
0 Author: 
1 0 372 -48 -740 -0.866 0 0.5 0 1 0 -0.5 0 -0.866 3795.dat
1 0 415.3 -56 -715 -0.866 0 0.5 0 1 0 -0.5 0 -0.866 3021.dat
1 0 372 -56 -740 -0.5 0 -0.866 0 1 0 0.866 0 -0.5 3020.dat
1 0 337.36 -56 -760 -0.5 0 -0.866 0 1 0 0.866 0 -0.5 4600.dat
1 0 423.96 -64 -710 -0.5 0 -0.866 0 1 0 0.866 0 -0.5 4600.dat
1 0 372 -64 -740 -0.866 0 0.5 0 1 0 -0.5 0 -0.866 3020.dat
1 0 328.7 -64 -765 0.5 0 0.866 0 1 0 -0.866 0 0.5 2436.dat
1 0 348.34 -64 -719.02 -0.5 0 -0.866 0 1 0 0.866 0 -0.5 3024.dat
1 0 365.66 -64 -709.02 -0.866 0 0.5 0 1 0 -0.5 0 -0.866 3070.dat
1 0 378.34 -64 -770.98 -0.5 0 -0.866 0 1 0 0.866 0 -0.5 3024.dat
1 0 395.66 -64 -760.98 -0.866 0 0.5 0 1 0 -0.5 0 -0.866 3070.dat
1 0 309.648 -54 -776 -0.5 0.866 0 0 0 1 0.866 0.5 0 3710.dat
1 0 394.32 -80 -738.66 0.866 0 -0.5 0 1 0 0.5 0 0.866 4531.dat
1 0 384.32 -80 -721.34 0.866 0 -0.5 0 1 0 0.5 0 0.866 4531.dat
1 16 337.36 -80 -760 0.5 0 0.866 0 1 0 -0.866 0 0.5 3788.dat
1 16 363.34 -72 -745 -0.5 0 -0.866 0 1 0 0.866 0 -0.5 3710.dat
1 7 450.44 -136 -695.866 -0.5 0 -0.866 0 1 0 0.866 0 -0.5 4517.dat
1 0 415.3 -76 -715 -0.5 0 -0.866 0 1 0 0.866 0 -0.5 4518.dat
1 0 293.864 -54 -796.66 0 0.866 -0.5 -1 0 0 0 0.5 0.866 3040.dat
1 0 283.864 -54 -779.34 0 0.866 0.5 1 0 0 0 0.5 -0.866 3040.dat
1 0 281.936 -54 -792 0.5 0.866 0 0 0 -1 -0.866 0.5 0 2412.dat
1 16 348.34 -80 -719.02 -0.5 0 -0.866 0 1 0 0.866 0 -0.5 3024.dat
1 16 378.34 -80 -770.98 -0.5 0 -0.866 0 1 0 0.866 0 -0.5 3024.dat
1 16 363.34 -80 -745 0.866 0 -0.5 0 1 0 0.5 0 0.866 3021.dat
1 16 328.7 -96 -765 0.5 0 0.866 0 1 0 -0.866 0 0.5 3004.dat
1 16 380.66 -88 -735 -0.5 0 -0.866 0 1 0 0.866 0 -0.5 3829.dat
1 0 328.7 -104 -765 0.5 0 0.866 0 1 0 -0.866 0 0.5 2436.dat
1 16 313.7 -104 -739.02 -0.5 0 -0.866 0 1 0 0.866 0 -0.5 4286.dat
1 16 343.7 -104 -790.98 -0.5 0 -0.866 0 1 0 0.866 0 -0.5 4286.dat
1 16 321.36 -52 -732.288 -0.866 0 0.5 0 1 0 -0.5 0 -0.866 4624.dat
1 0 321.36 -52 -732.288 -0.866 0 0.5 0 1 0 -0.5 0 -0.866 3641.dat
1 16 352.494 -52 -788.212 0.866 0 -0.5 0 1 0 0.5 0 0.866 4624.dat
1 0 352.494 -52 -788.212 0.866 0 -0.5 0 1 0 0.5 0 0.866 3641.dat
1 16 328.7 -112 -765 0.5 0 0.866 0 1 0 -0.866 0 0.5 3710.dat
1 16 309.648 -84 -776 -0.5 0.866 0 0 0 1 0.866 0.5 0 3020.dat
1 16 333.7 -120 -773.66 0.5 0 0.866 0 1 0 -0.866 0 0.5 4081.dat
1 16 323.7 -120 -756.34 0.5 0 0.866 0 1 0 -0.866 0 0.5 4081.dat
1 16 283.864 -84 -779.34 0 0.866 0.5 1 0 0 0 0.5 -0.866 3039.dat
1 16 293.864 -84 -796.66 0 0.866 -0.5 -1 0 0 0 0.5 0.866 3039.dat
1 7 292.38 -118 -742.092 0 0.5 0.866 -1 0 0 0 -0.866 0.5 3062.dat
1 7 330.38 -118 -807.908 0 -0.5 0.866 1 0 0 0 0.866 0.5 3062.dat
1 16 343.7 -120 -790.98 0.5 0 0.866 0 1 0 -0.866 0 0.5 3024.dat
1 16 313.7 -120 -739.02 0.5 0 0.866 0 1 0 -0.866 0 0.5 3024.dat
1 16 281.936 -94 -792 0.5 0.866 0 0 0 -1 -0.866 0.5 0 3069.dat
1 0 281.936 -74 -792 0.5 0.866 0 0 0 -1 -0.866 0.5 0 2412.dat
1 16 343.7 -144 -790.98 0.5 0 0.866 0 1 0 -0.866 0 0.5 3005.dat
1 16 343.7 -168 -790.98 0.5 0 0.866 0 1 0 -0.866 0 0.5 3005.dat
1 16 313.7 -144 -739.02 0.5 0 0.866 0 1 0 -0.866 0 0.5 3005.dat
1 16 313.7 -168 -739.02 0.5 0 0.866 0 1 0 -0.866 0 0.5 3005.dat
1 47 328.7 -168 -765 -0.5 0 -0.866 0 1 0 0.866 0 -0.5 4864.dat
1 16 328.7 -176 -765 -0.5 0 -0.866 0 1 0 0.866 0 -0.5 4315.dat
1 43 340.824 -172 -758 -0.5 0 -0.866 0 1 0 0.866 0 -0.5 2483.dat
1 16 365.66 -72 -709.02 -0.866 0 0.5 0 1 0 -0.5 0 -0.866 3024.dat
1 16 395.66 -72 -760.98 -0.866 0 0.5 0 1 0 -0.5 0 -0.866 3024.dat
1 46 323.7 -184 -756.34 -0.5 0 -0.866 0 1 0 0.866 0 -0.5 6141.dat
1 46 323.7 -192 -756.34 -0.5 0 -0.866 0 1 0 0.866 0 -0.5 6141.dat
1 7 333.7 -184 -773.66 -0.5 0 -0.866 0 1 0 0.866 0 -0.5 4592.dat
1 16 408.96 -59 -684.02 -0.866 0 0.5 0 1 0 -0.5 0 -0.866 6014.dat
1 0 406.46 -59 -679.69 -0.866 0 0.5 0 1 0 -0.5 0 -0.866 6015.dat
1 16 439.46 -59 -736.846 0.866 0 -0.5 0 1 0 0.5 0 0.866 6014.dat
1 0 441.96 -59 -741.176 0.866 0 -0.5 0 1 0 0.5 0 0.866 6015.dat
