0 Main
0 Name: 8641-1 - Flame Glider.mpd
0 Author: LTRON
1 0 0 -7.99 59.667 1 0 0 0 0.997785 -0.066518 0 0.066518 0.997785 6157.dat
1 25 0 -9.984 89.601 1 0 0 0 0.997785 -0.066518 0 0.066518 0.997785 3623.dat
1 0 0 -7.99 59.667 1 0 0 0 0.997785 -0.066518 0 0.066518 0.997785 3022.dat
1 0 0 -5.328 19.756 1 0 0 0 0.997785 -0.066518 0 0.066518 0.997785 3020.dat
1 0 0 -2.668 -20.155 1 0 0 0 0.997785 -0.066518 0 0.066518 0.997785 3022.dat
1 0 0 -7.989 -60.599 1 0 0 0 0.997785 -0.066518 0 0.066518 0.997785 6157.dat
1 0 -20 -17.967 89.069 0 0 1 0.066518 0.997785 0 -0.997785 0.066518 0 4081.dat
1 0 0 -17.967 89.069 1 0 0 0 0.997785 -0.066518 0 0.066518 0.997785 3024.dat
1 0 20 -17.967 89.069 0 0 -1 -0.066518 0.997785 0 0.997785 0.066518 0 4081.dat
1 25 0 -16.635 69.113 1 0 0 0 0.997785 -0.066518 0 0.066518 0.997785 3023.dat
1 25 -30 -13.31 19.224 0 0 1 0.066518 0.997785 0 -0.997785 0.066518 0 3023.dat
1 25 30 -13.31 19.224 0 0 1 0.066518 0.997785 0 -0.997785 0.066518 0 3023.dat
1 25 0 -11.98 -0.732 0 0 1 0.066518 0.997785 0 -0.997785 0.066518 0 3795.dat
1 57 -40 -16.503 97.184 0 -1 0 0.997785 0 -0.066518 0.066518 0 0.997785 6126.dat
1 57 40 -16.503 97.184 0 -1 0 0.997785 0 -0.066518 0.066518 0 0.997785 6126.dat
1 25 -10 -23.953 58.603 0 0 1 0.066518 0.997785 0 -0.997785 0.066518 0 3794.dat
1 25 10 -23.953 58.603 0 0 1 0.066518 0.997785 0 -0.997785 0.066518 0 3794.dat
1 25 -20 -21.958 28.67 1 0 0 0 0.997785 -0.066518 0 0.066518 0.997785 3794.dat
1 25 20 -21.958 28.67 1 0 0 0 0.997785 -0.066518 0 0.066518 0.997785 3794.dat
1 25 -20 -20.628 8.714 1 0 0 0 0.997785 -0.066518 0 0.066518 0.997785 3794.dat
1 25 20 -20.628 8.714 1 0 0 0 0.997785 -0.066518 0 0.066518 0.997785 3794.dat
1 25 0 -17.967 -31.198 1 0 0 0 0.997785 -0.066518 0 0.066518 0.997785 3023.dat
1 0 0 -15.971 -61.131 1 0 0 0 0.997785 -0.066518 0 0.066518 0.997785 50946.dat
1 25 0 -31.936 58.071 1 0 0 0 0.997785 -0.066518 0 0.066518 0.997785 3021.dat
1 7 -10 -25.949 -31.731 1 0 0 0 0.997785 -0.066518 0 0.066518 0.997785 6141.dat
1 7 10 -25.949 -31.731 1 0 0 0 0.997785 -0.066518 0 0.066518 0.997785 6141.dat
1 7 -10 -24.619 -51.685 1 0 0 0 0.997785 -0.066518 0 0.066518 0.997785 6141.dat
1 7 10 -24.619 -51.685 1 0 0 0 0.997785 -0.066518 0 0.066518 0.997785 6141.dat
1 25 -20 -48.566 66.985 -1 0 0 0 0.997785 0.066518 0 0.066518 -0.997785 6091.dat
1 25 0 -48.566 66.985 -1 0 0 0 0.997785 0.066518 0 0.066518 -0.997785 6091.dat
1 25 20 -48.566 66.985 -1 0 0 0 0.997785 0.066518 0 0.066518 -0.997785 6091.dat
1 25 -10 -35.261 -12.306 0 0 1 0.066518 0.997785 0 -0.997785 0.066518 0 4070.dat
1 25 10 -35.261 -12.306 0 0 -1 -0.066518 0.997785 0 0.997785 0.066518 0 4070.dat
1 80 0 -57.213 -43.836 1 0 0 0 0.997785 -0.066518 0 0.066518 0.997785 50943.dat
1 25 -16 -25.283 -11.641 0 1 0 -0.997785 0 -0.066518 -0.066518 0 0.997785 54200.dat
1 25 16 -25.283 -11.641 0 -1 0 0.997785 0 -0.066518 0.066518 0 0.997785 54200.dat
1 25 0 -48.566 66.985 1 0 0 0 0.997785 -0.066518 0 0.066518 0.997785 3623.dat
1 25 0 -45.24 17.095 1 0 0 0 0.997785 -0.066518 0 0.066518 0.997785 3002.dat
1 25 -20 -61.869 26.009 -1 0 0 0 0.997785 0.066518 0 0.066518 -0.997785 6091.dat
1 25 0 -61.869 26.009 -1 0 0 0 0.997785 0.066518 0 0.066518 -0.997785 6091.dat
1 25 20 -61.869 26.009 -1 0 0 0 0.997785 0.066518 0 0.066518 -0.997785 6091.dat
1 0 0 -52.557 6.585 1 0 0 0 0.997785 -0.066518 0 0.066518 0.997785 3623.dat
1 25 -20 -61.204 16.031 0 0 1 0.066518 0.997785 0 -0.997785 0.066518 0 3069.dat
1 25 0 -61.204 16.031 0 0 1 0.066518 0.997785 0 -0.997785 0.066518 0 3069.dat
1 25 20 -61.204 16.031 0 0 1 0.066518 0.997785 0 -0.997785 0.066518 0 3069.dat
1 7 -42 -3 60 0 0 1 0.066518 0.997785 0 -0.997785 0.066518 0 30027.dat
1 7 42 -3 60 0 0 -1 -0.066518 0.997785 0 0.997785 0.066518 0 30027.dat
1 7 -40 -3 -60.266 0 0 1 0.066518 0.997785 0 -0.997785 0.066518 0 4624.dat
1 7 40 -3 -60.266 0 0 -1 -0.066518 0.997785 0 0.997785 0.066518 0 4624.dat
1 256 -47 -3 60 1 0 0 0 0.997785 -0.066518 0 0.066518 0.997785 30028.dat
1 256 37 -3 60 1 0 0 0 0.997785 -0.066518 0 0.066518 0.997785 30028.dat
1 256 -40 -3 -60.266 1 0 0 0 0.997785 -0.066518 0 0.066518 0.997785 3139.dat
1 256 40 -3 -60.266 1 0 0 0 0.997785 -0.066518 0 0.066518 0.997785 3139.dat
