0 
0 Name: New Model.ldr
0 Author: 
1 0 345.932 -31.147 -70.651 0.174 0 -1 0 1 0 1 0 0.174 3023.dat
1 0 415.932 -31.147 -82.831 -1 0 -0.174 0 1 0 0.174 0 -1 3795.dat
1 0 355.932 -39.147 -72.391 -0.174 0 1 0 1 0 -1 0 -0.174 3730.dat
1 4 395.932 -39.147 -79.351 -1 0 -0.174 0 1 0 0.174 0 -1 3022.dat
1 4 465.932 -39.147 -91.531 -0.174 0 1 0 1 0 -1 0 -0.174 3710.dat
1 4 435.932 -47.147 -86.311 -0.174 0 1 0 1 0 -1 0 -0.174 3788.dat
1 4 375.932 -47.147 -75.871 -0.174 0 1 0 1 0 -1 0 -0.174 3031.dat
1 46 460.712 -47.147 -121.531 -0.174 0 1 0 1 0 -1 0 -0.174 3024.dat
1 46 471.152 -47.147 -61.531 -0.174 0 1 0 1 0 -1 0 -0.174 3024.dat
1 4 431.152 -71.147 -54.571 0.174 0 -1 0 1 0 1 0 0.174 4286.dat
1 4 420.712 -71.147 -114.571 0.174 0 -1 0 1 0 1 0 0.174 4286.dat
1 4 390.712 -71.147 -109.351 -1 0 -0.174 0 1 0 0.174 0 -1 4865.dat
1 4 350.712 -71.147 -102.391 -1 0 -0.174 0 1 0 0.174 0 -1 4865.dat
1 4 345.932 -71.147 -70.651 0.174 0 -1 0 1 0 1 0 0.174 4865.dat
1 4 361.152 -71.147 -42.391 1 0 0.174 0 1 0 -0.174 0 1 4865.dat
1 4 401.152 -71.147 -49.351 1 0 0.174 0 1 0 -0.174 0 1 4865.dat
1 0 435.932 -23.147 -86.311 0.174 0 -1 0 1 0 1 0 0.174 4600.dat
1 0 355.932 -23.147 -72.391 0.174 0 -1 0 1 0 1 0 0.174 4600.dat
1 15 361.5 -18.147 -40.391 -0.866 -0.5 -0.174 -0.5 0.866 0 0.150684 0.087 -1 4624.dat
1 15 441.5 -18.116 -54.311 -0.629 -0.777 -0.174 -0.777 0.629 0 0.109446 0.135198 -1 4624.dat
1 15 430.364 -18.147 -118.311 0.924 0.383 0.174 -0.383 0.924 0 -0.160776 -0.066642 1 4624.dat
1 15 350.305 -18.116 -104.3807 1 -0.131 0.174 0.131 1 0 -0.174 0.022794 1 4624.dat
1 0 350.364 -18.147 -104.391 1 0 0.174 0 1 0 -0.174 0 1 3641.dat
1 0 430.364 -18.147 -118.311 1 0 0.174 0 1 0 -0.174 0 1 3641.dat
1 0 441.5 -18.147 -54.311 1 0 0.174 0 1 0 -0.174 0 1 3641.dat
1 0 361.5 -18.147 -40.391 1 0 0.174 0 1 0 -0.174 0 1 3641.dat
1 4 465.932 -47.147 -91.531 0.174 0 -1 0 1 0 1 0 0.174 3829.dat
1 0 465.932 -73.147 -91.531 0.174 0.804 -0.595 0 0.595 0.804 1 -0.139896 0.10353 3828.dat
1 0 405.932 -79.147 -81.091 -0.174 0 1 0 1 0 -1 0 -0.174 2432.dat
1 0 242.195 -31 -9.775 -0.574 0 0.819 0 1 0 -0.819 0 -0.574 3022.dat
1 0 283.145 -31 -38.475 0.819 0 0.574 0 1 0 -0.574 0 0.819 3021.dat
1 4 258.575 -47 -21.255 -0.574 0 0.819 0 1 0 -0.819 0 -0.574 3788.dat
1 4 283.145 -39 -38.475 -0.574 0 0.819 0 1 0 -0.819 0 -0.574 3710.dat
1 4 234.005 -39 -4.035 -0.574 0 0.819 0 1 0 -0.819 0 -0.574 3710.dat
1 4 299.525 -39 -49.955 0.574 0 -0.819 0 1 0 0.819 0 0.574 3184.dat
1 36 216.785 -47 -28.605 0.574 0 -0.819 0 1 0 0.819 0 0.574 3024.dat
1 36 251.225 -47 20.535 0.574 0 -0.819 0 1 0 0.819 0 0.574 3024.dat
1 4 282.305 -47 -74.525 0.574 0 -0.819 0 1 0 0.819 0 0.574 2420.dat
1 4 316.745 -47 -25.385 -0.819 0 -0.574 0 1 0 0.574 0 -0.819 2420.dat
1 4 234.005 -63 -4.035 0.574 0 -0.819 0 1 0 0.819 0 0.574 4865.dat
1 4 224.975 -71 -34.345 -0.819 0 -0.574 0 1 0 0.574 0 -0.819 4865.dat
1 4 257.735 -71 -57.305 -0.819 0 -0.574 0 1 0 0.574 0 -0.819 4865.dat
1 4 292.175 -71 -8.165 0.819 0 0.574 0 1 0 -0.574 0 0.819 4865.dat
1 4 259.415 -71 14.795 0.819 0 0.574 0 1 0 -0.574 0 0.819 4865.dat
1 0 258.575 -23 -21.255 0.574 0 -0.819 0 1 0 0.819 0 0.574 4600.dat
1 15 276.943 -18 4.953 -0.79443 0.198198 -0.574 0.242 1 0 0.55678 -0.138908 -0.819 4624.dat
1 0 276.943 -18 4.953 0.819 0 0.574 0 1 0 -0.574 0 0.819 3641.dat
1 15 240.207 -18 -47.463 0.756756 -0.313677 0.574 0.383 0.924 0 -0.530376 0.219842 0.819 4624.dat
1 0 240.207 -18 -47.463 0.819 0 0.574 0 1 0 -0.574 0 0.819 3641.dat
1 0 299.525 -95 -49.955 0.574 0 -0.819 0 1 0 0.819 0 0.574 4083.dat
1 46 293.785 -119 -58.145 0.574 0 -0.819 0 1 0 0.819 0 0.574 3062.dat
1 15 384.27 -79.147 -81.357 0.407 0 -0.914 0 1 0 0.914 0 0.407 4449.dat
1 6 347.08 -69.678 -69.178 0.407 0.844 -0.35 0 0.383 0.924 0.914 -0.376 0.156 4449.dat
1 6 278.345 -79.147 -15.125 -0.669 0 -0.743 0 1 0 0.743 0 -0.669 4449.dat
1 0 254.558 -65.147 -9.63 -0.669 -0.743 0 0 0 -1 0.743 -0.669 0 4449.dat
