0 Main
0 Name: 10030-1 - Imperial Star Destroyer - UCS.mpd
0 Author: LTRON
1 7 -630 -112 0 0.996198 0.087609 0 -0.087609 0.996198 0 0 0 1 32324.dat
1 0 -668.9664 -98.5492 20 0.996198 0.087609 0 -0.087609 0.996198 0 0 0 1 2780.dat
1 0 -668.9664 -98.5492 -20 0.996198 0.087609 0 -0.087609 0.996198 0 0 0 1 2780.dat
1 0 -589.288 -105.5314 20 0.996198 0.087609 0 -0.087609 0.996198 0 0 0 1 2780.dat
1 0 -589.288 -105.5314 -20 0.996198 0.087609 0 -0.087609 0.996198 0 0 0 1 2780.dat
1 7 -580.2016 -116.3634 0 0 0.087609 0.996198 0 0.996198 -0.087609 -1 0 0 3703.dat
1 0 -569.3687 -107.2769 100 0.996198 0.087609 0 -0.087609 0.996198 0 0 0 1 2780.dat
1 0 -569.3687 -107.2769 -100 0.996198 0.087609 0 -0.087609 0.996198 0 0 0 1 2780.dat
1 4 -630 -112 140 0.996198 0.087609 0 -0.087609 0.996198 0 0 0 1 6249.dat
1 4 -630 -112 -140 0.996198 0.087609 0 -0.087609 0.996198 0 0 0 1 6249.dat
1 7 -679.7984 -107.6366 0 0 0.087609 0.996198 0 0.996198 -0.087609 -1 0 0 3703.dat
1 0 -688.8858 -96.8037 -100 0.996198 0.087609 0 -0.087609 0.996198 0 0 0 1 2780.dat
1 0 -688.8858 -96.8037 100 0.996198 0.087609 0 -0.087609 0.996198 0 0 0 1 2780.dat
1 0 -699.1618 -99.5369 -141.072 0.013494 0.086661 0.996198 0.155733 0.984072 -0.087609 -0.988 0.156 0 3702.dat
1 0 -699.1618 -99.5369 141.072 -0.013494 0.086661 0.996198 -0.155733 0.984072 -0.087609 -0.988 -0.156 0 3702.dat
1 0 -559.7253 -111.7547 141.072 -0.013494 0.086661 0.996198 -0.155733 0.984072 -0.087609 -0.988 -0.156 0 3702.dat
1 0 -559.7253 -111.7547 -141.072 0.013494 0.086661 0.996198 0.155733 0.984072 -0.087609 -0.988 0.156 0 3702.dat
1 4 -509.1067 -106.7692 200.333 0.996198 0.086661 0.013494 -0.087609 0.984072 0.155733 0 -0.156 0.988 6249.dat
1 4 -510.7452 -125.4668 81.811 0.996198 0.086661 0.013494 -0.087609 0.984072 0.155733 0 -0.156 0.988 6249.dat
1 4 -510.7452 -125.4668 -81.811 0.996198 0.086661 -0.013494 -0.087609 0.984072 -0.155733 0 0.156 0.988 6249.dat
1 4 -509.1067 -106.7692 -200.333 0.996198 0.086661 -0.013494 -0.087609 0.984072 -0.155733 0 0.156 0.988 6249.dat
1 0 -410.328 -124.8467 141.072 -0.013494 0.086661 0.996198 -0.155733 0.984072 -0.087609 -0.988 -0.156 0 40345.dat
1 0 -410.328 -124.8467 -141.072 0.013494 0.086661 0.996198 0.155733 0.984072 -0.087609 -0.988 0.156 0 40345.dat
1 1 -428.2935 -100.7991 -218.523 0.013494 0.086661 0.996198 0.155733 0.984072 -0.087609 -0.988 0.156 0 4274.dat
1 1 -388.4547 -104.2902 -218.523 0.013494 0.086661 0.996198 0.155733 0.984072 -0.087609 -0.988 0.156 0 4274.dat
1 1 -428.2935 -100.7991 218.523 0.013494 -0.086661 0.996198 0.155733 -0.984072 -0.087609 0.988 0.156 0 4274.dat
1 1 -388.4547 -104.2902 218.523 0.013494 -0.086661 0.996198 0.155733 -0.984072 -0.087609 0.988 0.156 0 4274.dat
1 1 -348.8888 -110.8972 198.769 0.996198 0.013494 -0.086661 -0.087609 0.155733 -0.984072 0 0.988 0.156 4274.dat
1 1 -350.5274 -129.5939 80.246 0.996198 0.013494 -0.086661 -0.087609 0.155733 -0.984072 0 0.988 0.156 4274.dat
1 1 -350.5274 -129.5939 -80.246 0.996198 -0.013494 -0.086661 -0.087609 -0.155733 -0.984072 0 0.988 -0.156 4274.dat
1 1 -348.8888 -110.8972 -198.769 0.996198 -0.013494 -0.086661 -0.087609 -0.155733 -0.984072 0 0.988 -0.156 4274.dat
1 7 -908.873 -87.5634 0 -0.996198 0.087609 0 0.087609 0.996198 0 0 0 -1 32324.dat
1 0 -947.8448 -74.097 20 -0.996198 0.087609 0 0.087609 0.996198 0 0 0 -1 2780.dat
1 0 -947.8448 -74.097 -20 -0.996198 0.087609 0 0.087609 0.996198 0 0 0 -1 2780.dat
1 0 -868.149 -81.1058 20 -0.996198 0.087609 0 0.087609 0.996198 0 0 0 -1 2780.dat
1 0 -868.149 -81.1058 -20 -0.996198 0.087609 0 0.087609 0.996198 0 0 0 -1 2780.dat
1 7 -859.0632 -91.9438 0 0 0.087609 -0.996198 0 0.996198 0.087609 1 0 0 3703.dat
1 4 -908.873 -87.5634 140 0.996198 0.087609 0 -0.087609 0.996198 0 0 0 1 6249.dat
1 4 -908.873 -87.5634 -140 0.996198 0.087609 0 -0.087609 0.996198 0 0 0 1 6249.dat
1 0 -848.2251 -82.8579 100 -0.996198 0.086558 -0.013667 0.087609 0.984244 -0.155407 0 -0.156 -0.988 2780.dat
1 0 -848.2251 -82.8579 -100 -0.996198 0.086558 0.013667 0.087609 0.984244 0.155407 0 0.156 -0.988 2780.dat
1 0 -838.5803 -87.3403 -141.072 0.013667 0.086558 0.996198 0.155407 0.984244 -0.087609 -0.988 0.156 0 3702.dat
1 0 -838.5803 -87.3403 141.072 -0.013667 0.086558 0.996198 -0.155407 0.984244 -0.087609 -0.988 -0.156 0 3702.dat
1 7 -958.6829 -83.1829 0 0 0.087609 -0.996198 0 0.996198 0.087609 1 0 0 3703.dat
1 7 -770.0867 -107.5771 -102.816 -0.996198 0.086558 0.013667 0.087609 0.984244 0.155407 0 0.156 -0.988 3034.dat
1 7 -770.0867 -107.5771 102.816 -0.996198 0.086558 -0.013667 0.087609 0.984244 -0.155407 0 -0.156 -0.988 3034.dat
1 8 -408.2652 -101.2977 226.424 -0.996198 -0.013494 -0.086661 0.087609 -0.155733 -0.984072 0 -0.988 0.156 3666.dat
1 7 -368.0935 -101.0645 250.136 -0.996198 -0.013494 -0.086661 0.087609 -0.155733 -0.984072 0 -0.988 0.156 4865.dat
1 7 -407.9414 -97.5601 250.136 0.996198 -0.013494 0.086661 -0.087609 -0.155733 0.984072 0 -0.988 -0.156 4865.dat
1 8 -408.2652 -101.2977 -226.424 -0.996198 -0.013494 0.086661 0.087609 -0.155733 0.984072 0 0.988 0.156 3666.dat
1 7 -368.0935 -101.0645 -250.136 0.996198 -0.013494 -0.086661 -0.087609 -0.155733 -0.984072 0 0.988 -0.156 4865.dat
1 7 -407.9414 -97.5601 -250.136 -0.996198 -0.013494 0.086661 0.087609 -0.155733 0.984072 0 0.988 0.156 4865.dat
1 8 -511.4348 -133.3361 83.062 -0.996198 0.086661 -0.013494 0.087609 0.984072 -0.155733 0 -0.156 -0.988 3795.dat
1 8 -511.4348 -133.3361 -83.062 -0.996198 0.086661 0.013494 0.087609 0.984072 0.155733 0 0.156 -0.988 3795.dat
1 7 -689.0724 -98.9306 -201.585 -0.996198 0.086661 0.013494 0.087609 0.984072 0.155733 0 0.156 -0.988 4282.dat
1 7 -689.0724 -98.9306 201.585 -0.996198 0.086661 -0.013494 0.087609 0.984072 -0.155733 0 -0.156 -0.988 4282.dat
1 8 -490.0137 -117.9425 -191.708 -0.996198 0.086661 0.013494 0.087609 0.984072 0.155733 0 0.156 -0.988 3710.dat
1 8 -490.0137 -117.9425 191.708 -0.996198 0.086661 -0.013494 0.087609 0.984072 -0.155733 0 -0.156 -0.988 3710.dat
1 8 -371.4516 -139.323 -122.57 0.013494 0.086661 0.996198 0.155733 0.984072 -0.087609 -0.988 0.156 0 3795.dat
1 8 -371.4516 -139.323 122.57 -0.013494 0.086661 0.996198 -0.155733 0.984072 -0.087609 -0.988 -0.156 0 3795.dat
1 8 -380.3192 -125.9859 201.585 -0.996198 0.086661 -0.013494 0.087609 0.984072 -0.155733 0 -0.156 -0.988 3021.dat
1 8 -380.3192 -125.9859 -201.585 -0.996198 0.086661 0.013494 0.087609 0.984072 0.155733 0 0.156 -0.988 3021.dat
1 7 -429.0257 -109.1568 -280.6 0.996198 0.086661 -0.013494 -0.087609 0.984072 -0.155733 0 0.156 0.988 3933.dat
1 7 -429.0257 -109.1568 280.6 -0.996198 0.086661 -0.013494 0.087609 0.984072 -0.155733 0 -0.156 -0.988 3934.dat
1 8 -906.7791 -63.6594 60 -0.996198 0.087609 0 0.087609 0.996198 0 0 0 -1 3795.dat
1 8 -906.7791 -63.6594 -60 -0.996198 0.087609 0 0.087609 0.996198 0 0 0 -1 3795.dat
1 7 -765.9918 -60.4694 196.579 -0.996198 0.086661 -0.013494 0.087609 0.984072 -0.155733 0 -0.156 -0.988 3034.dat
1 7 -767.3567 -76.049 97.81 -0.996198 0.086661 -0.013494 0.087609 0.984072 -0.155733 0 -0.156 -0.988 3034.dat
1 7 -767.3567 -76.049 -97.81 -0.996198 0.086661 0.013494 0.087609 0.984072 0.155733 0 0.156 -0.988 3034.dat
1 7 -765.9918 -60.4694 -196.579 -0.996198 0.086661 0.013494 0.087609 0.984072 0.155733 0 0.156 -0.988 3034.dat
1 7 -368.4208 -104.7281 137.317 -0.013494 0.086661 0.996198 -0.155733 0.984072 -0.087609 -0.988 -0.156 0 3034.dat
1 7 -368.4208 -104.7281 -137.317 0.013494 0.086661 0.996198 0.155733 0.984072 -0.087609 -0.988 0.156 0 3034.dat
1 8 -507.0381 -83.1604 196.579 -0.996198 0.086661 -0.013494 0.087609 0.984072 -0.155733 0 -0.156 -0.988 3795.dat
1 8 -508.6767 -101.8571 78.056 -0.996198 0.086661 -0.013494 0.087609 0.984072 -0.155733 0 -0.156 -0.988 3795.dat
1 8 -508.6767 -101.8571 -78.056 -0.996198 0.086661 0.013494 0.087609 0.984072 0.155733 0 0.156 -0.988 3795.dat
1 8 -507.0381 -83.1604 -196.579 -0.996198 0.086661 0.013494 0.087609 0.984072 0.155733 0 0.156 -0.988 3795.dat
1 8 -627.9049 -88.0969 0 -0.996198 0.087609 0 0.087609 0.996198 0 0 0 -1 3032.dat
1 7 -459.3224 -111.2924 -301.605 -0.013494 0.086661 -0.996198 -0.155733 0.984072 0.087609 0.988 0.156 0 6636.dat
1 7 -459.3224 -111.2924 301.605 0.013494 0.086661 -0.996198 0.155733 0.984072 0.087609 0.988 -0.156 0 6636.dat
1 0 -363.2878 -160.689 -146.078 -0.013494 0.086661 -0.996198 -0.155733 0.984072 0.087609 0.988 0.156 0 3702.dat
1 0 -363.2878 -160.689 146.078 0.013494 0.086661 -0.996198 0.155733 0.984072 0.087609 0.988 -0.156 0 3702.dat
1 1 -351.6469 -142.3762 -203.775 0.996198 -0.013494 -0.086661 -0.087609 -0.155733 -0.984072 0 0.988 -0.156 4274.dat
1 1 -351.6469 -142.3762 203.775 0.996198 0.013494 -0.086661 -0.087609 0.155733 -0.984072 0 0.988 0.156 4274.dat
1 7 -531.6482 -134.9451 -215.216 0.996198 0.086661 -0.013494 -0.087609 0.984072 -0.155733 0 0.156 0.988 2465.dat
1 7 -531.6482 -134.9451 215.216 0.996198 0.086661 0.013494 -0.087609 0.984072 0.155733 0 -0.156 0.988 2465.dat
1 1 -353.2855 -161.0728 -85.252 0.996198 -0.013494 -0.086661 -0.087609 -0.155733 -0.984072 0 0.988 -0.156 4274.dat
1 1 -353.2855 -161.0728 85.252 0.996198 0.013494 -0.086661 -0.087609 0.155733 -0.984072 0 0.988 0.156 4274.dat
1 7 -1127.2872 -60.3698 100.313 -0.013494 0.086661 0.996198 -0.155733 0.984072 -0.087609 -0.988 -0.156 0 32324.dat
1 0 -1105.9569 -46.0519 138.273 -0.013494 0.086661 0.996198 -0.155733 0.984072 -0.087609 -0.988 -0.156 0 2780.dat
1 0 -1145.8048 -42.5476 138.273 -0.013494 0.086661 0.996198 -0.155733 0.984072 -0.087609 -0.988 -0.156 0 2780.dat
1 0 -1166.2686 -47.0247 98.753 -0.996198 0.086661 -0.013494 0.087609 0.984072 -0.155733 0 -0.156 -0.988 2780.dat
1 7 -1177.3669 -59.104 80.553 0.013494 0.086661 -0.996198 0.155733 0.984072 0.087609 0.988 -0.156 0 3894.dat
1 7 -1126.6125 -52.5831 149.713 0.996198 0.086661 0.013494 -0.087609 0.984072 0.155733 0 -0.156 0.988 3894.dat
1 8 -1098.0946 -70.8706 101.561 -0.013494 0.086661 0.996198 -0.155733 0.984072 -0.087609 -0.988 -0.156 0 3710.dat
1 8 -1168.0983 -67.8527 81.801 -0.013494 0.086661 0.996198 -0.155733 0.984072 -0.087609 -0.988 -0.156 0 3795.dat
1 1 -1165.4589 -37.6807 158.033 0.013494 -0.086661 0.996198 0.155733 -0.984072 -0.087609 0.988 0.156 0 4274.dat
1 1 -1085.7631 -44.6894 158.033 0.013494 -0.086661 0.996198 0.155733 -0.984072 -0.087609 0.988 0.156 0 4274.dat
1 8 -1125.5031 -39.9392 165.937 0.996198 -0.013494 0.086661 -0.087609 -0.155733 0.984072 0 -0.988 -0.156 3666.dat
1 7 -1145.319 -36.9412 173.841 0.996198 -0.013494 0.086661 -0.087609 -0.155733 0.984072 0 -0.988 -0.156 2412.dat
1 7 -1095.5092 -41.3216 173.841 -0.086661 -0.013494 0.996198 -0.984072 -0.155733 -0.087609 0.156 -0.988 0 2555.dat
1 0 -1115.4331 -39.5694 173.841 -0.086661 -0.013494 0.996198 -0.984072 -0.155733 -0.087609 0.156 -0.988 0 4592.dat
1 7 -1115.4331 -39.5694 173.841 -0.086661 0.85596 0.509785 -0.984072 -0.153736 0.09106 0.156 -0.494 0.855608 4593.dat
1 7 -1075.3693 -40.5821 189.649 0.086661 -0.013494 -0.996198 0.984072 -0.155733 0.087609 -0.156 -0.988 0 4599.dat
1 7 -1106.9771 -57.5359 180.601 -0.013494 0.086661 0.996198 -0.155733 0.984072 -0.087609 -0.988 -0.156 0 3934.dat
1 0 -1036.28 -52.6813 199.113 -0.013494 0.086661 0.996198 -0.155733 0.984072 -0.087609 -0.988 -0.156 0 3701.dat
1 1 -1045.1055 -38.8498 217.313 -0.996198 0.086661 -0.013494 0.087609 0.984072 -0.155733 0 -0.156 -0.988 4274.dat
1 1 -1045.3754 -41.9645 197.553 -0.996198 0.086661 -0.013494 0.087609 0.984072 -0.155733 0 -0.156 -0.988 4274.dat
1 7 -1053.21 -39.7063 207.433 -0.013494 0.996198 -0.086661 -0.155733 -0.087609 -0.984072 -0.988 0 0.156 2412.dat
1 8 -1036.7034 -57.4392 220.121 -0.013494 0.086661 0.996198 -0.155733 0.984072 -0.087609 -0.988 -0.156 0 3023.dat
1 7 -1028.3607 -77.0033 101.561 -0.996198 0.086661 -0.013494 0.087609 0.984072 -0.155733 0 -0.156 -0.988 32531.dat
1 0 -967.7222 -72.4191 100.001 -0.996198 0.086661 -0.013494 0.087609 0.984072 -0.155733 0 -0.156 -0.988 2780.dat
1 8 -1026.2809 -53.3855 97.817 -0.996198 0.086661 -0.013494 0.087609 0.984072 -0.155733 0 -0.156 -0.988 3032.dat
1 1 -1185.9226 -42.1579 118.513 -0.996198 0.086661 -0.013494 0.087609 0.984072 -0.155733 0 -0.156 -0.988 4274.dat
1 1 -1186.4624 -48.3872 78.993 -0.996198 0.086661 -0.013494 0.087609 0.984072 -0.155733 0 -0.156 -0.988 4274.dat
1 7 -1008.8602 -83.5134 122.569 0.013494 0.086661 -0.996198 0.155733 0.984072 0.087609 0.988 -0.156 0 3029.dat
1 7 -1108.48 -74.7524 122.569 0.996198 0.086661 0.013494 -0.087609 0.984072 0.155733 0 -0.156 0.988 6180.dat
1 7 -1109.5594 -87.2111 43.529 -0.996198 0.086661 -0.013494 0.087609 0.984072 -0.155733 0 -0.156 -0.988 6180.dat
1 8 -1194.297 -46.129 88.873 -0.013494 0.996198 -0.086661 -0.155733 -0.087609 -0.984072 -0.988 0 0.156 3710.dat
1 7 -1217.9359 -40.9117 108.633 -0.013494 0.996198 -0.086661 -0.155733 -0.087609 -0.984072 -0.988 0 0.156 4865.dat
1 7 -1218.6106 -48.6983 59.233 -0.013494 0.996198 -0.086661 -0.155733 -0.087609 -0.984072 -0.988 0 0.156 4589.dat
1 7 -1218.3407 -45.5837 78.993 -0.086661 0.996198 0.013494 -0.984072 -0.087609 0.155733 0.156 0 0.988 4599.dat
1 0 -1226.5802 -47.9975 59.233 -0.086661 0.996198 0.013494 -0.984072 -0.087609 0.155733 0.156 0 0.988 4592.dat
1 7 -1226.5802 -47.9975 59.233 -0.086661 -0.013494 0.996198 -0.984072 -0.155733 -0.087609 0.156 -0.988 0 4593.dat
1 7 -1208.6395 -72.2209 83.049 -0.996198 0.086661 -0.013494 0.087609 0.984072 -0.155733 0 -0.156 -0.988 3933.dat
1 8 -1090.7336 -101.5078 15.137 -0.996198 0.086661 -0.013494 0.087609 0.984072 -0.155733 0 -0.156 -0.988 3794.dat
1 7 -1022.3864 -123.3856 17.633 -0.996198 0.086661 -0.013494 0.087609 0.984072 -0.155733 0 -0.156 -0.988 3005.dat
1 7 -1092.1202 -117.253 17.633 -0.013494 0.086661 0.996198 -0.155733 0.984072 -0.087609 -0.988 -0.156 0 3959.dat
1 7 -1127.2872 -60.3698 -100.313 -0.013494 0.086661 -0.996198 -0.155733 0.984072 0.087609 0.988 0.156 0 32324.dat
1 0 -1166.2686 -47.0247 -98.753 0.996198 0.086661 -0.013494 -0.087609 0.984072 -0.155733 0 0.156 0.988 2780.dat
1 0 -1145.8048 -42.5476 -138.273 0.013494 0.086661 0.996198 0.155733 0.984072 -0.087609 -0.988 0.156 0 2780.dat
1 0 -1105.9569 -46.0519 -138.273 0.013494 0.086661 0.996198 0.155733 0.984072 -0.087609 -0.988 0.156 0 2780.dat
1 7 -1177.3669 -59.104 -80.553 0.013494 0.086661 0.996198 0.155733 0.984072 -0.087609 -0.988 0.156 0 3894.dat
1 7 -1126.6125 -52.5831 -149.713 -0.996198 0.086661 0.013494 0.087609 0.984072 0.155733 0 0.156 -0.988 3894.dat
1 1 -1085.7631 -44.6894 -158.033 0.013494 0.086661 0.996198 0.155733 0.984072 -0.087609 -0.988 0.156 0 4274.dat
1 1 -1165.4589 -37.6807 -158.033 0.013494 0.086661 0.996198 0.155733 0.984072 -0.087609 -0.988 0.156 0 4274.dat
1 1 -1185.9226 -42.1579 -118.513 -0.996198 0.086661 0.013494 0.087609 0.984072 0.155733 0 0.156 -0.988 4274.dat
1 1 -1186.4624 -48.3872 -78.993 -0.996198 0.086661 0.013494 0.087609 0.984072 0.155733 0 0.156 -0.988 4274.dat
1 8 -1168.0983 -67.8527 -81.801 -0.013494 0.086661 -0.996198 -0.155733 0.984072 0.087609 0.988 0.156 0 3795.dat
1 8 -1098.0946 -70.8706 -101.561 -0.013494 0.086661 -0.996198 -0.155733 0.984072 0.087609 0.988 0.156 0 3710.dat
1 8 -1125.5031 -39.9392 -165.937 -0.996198 -0.013494 0.086661 0.087609 -0.155733 0.984072 0 0.988 0.156 3666.dat
1 7 -1145.319 -36.9412 -173.841 -0.996198 -0.013494 0.086661 0.087609 -0.155733 0.984072 0 0.988 0.156 2412.dat
1 0 -1115.4331 -39.5694 -173.841 -0.086661 -0.013494 -0.996198 -0.984072 -0.155733 0.087609 -0.156 0.988 0 4592.dat
1 7 -1115.4331 -39.5694 -173.841 -0.086661 0.85596 -0.509785 -0.984072 -0.153736 -0.09106 -0.156 0.494 0.855608 4593.dat
1 7 -1095.5092 -41.3216 -173.841 -0.086661 -0.013494 -0.996198 -0.984072 -0.155733 0.087609 -0.156 0.988 0 2555.dat
1 7 -1075.3693 -40.5821 -189.649 -0.086661 -0.013494 -0.996198 -0.984072 -0.155733 0.087609 -0.156 0.988 0 4599.dat
1 8 -1194.297 -46.129 -88.873 -0.013494 0.996198 0.086661 -0.155733 -0.087609 0.984072 0.988 0 0.156 3710.dat
1 7 -1218.6106 -48.6983 -59.233 -0.013494 0.996198 0.086661 -0.155733 -0.087609 0.984072 0.988 0 0.156 4589.dat
1 7 -1217.9359 -40.9117 -108.633 0.013494 0.996198 -0.086661 0.155733 -0.087609 -0.984072 -0.988 0 -0.156 4865.dat
1 7 -1218.3407 -45.5837 -78.993 0.086661 0.996198 0.013494 0.984072 -0.087609 0.155733 0.156 0 -0.988 4599.dat
1 0 -1226.5802 -47.9975 -59.233 0.086661 0.996198 0.013494 0.984072 -0.087609 0.155733 0.156 0 -0.988 4592.dat
1 7 -1226.5802 -47.9975 -59.233 0.086661 -0.013494 0.996198 0.984072 -0.155733 -0.087609 0.156 0.988 0 4593.dat
1 7 -1106.9771 -57.5359 -180.601 0.013494 0.086661 0.996198 0.155733 0.984072 -0.087609 -0.988 0.156 0 3933.dat
1 0 -1036.28 -52.6813 -199.113 0.013494 0.086661 0.996198 0.155733 0.984072 -0.087609 -0.988 0.156 0 3701.dat
1 1 -1045.3754 -41.9645 -197.553 -0.996198 0.086661 0.013494 0.087609 0.984072 0.155733 0 0.156 -0.988 4274.dat
1 1 -1045.1055 -38.8498 -217.313 -0.996198 0.086661 0.013494 0.087609 0.984072 0.155733 0 0.156 -0.988 4274.dat
1 8 -1036.7034 -57.4392 -220.121 -0.013494 0.086661 -0.996198 -0.155733 0.984072 0.087609 0.988 0.156 0 3023.dat
1 7 -1053.21 -39.7063 -207.433 -0.013494 0.996198 0.086661 -0.155733 -0.087609 0.984072 0.988 0 0.156 2412.dat
1 7 -1028.3607 -77.0033 -101.561 -0.996198 0.086661 0.013494 0.087609 0.984072 0.155733 0 0.156 -0.988 32531.dat
1 0 -967.7222 -72.4191 -100.001 -0.996198 0.086661 0.013494 0.087609 0.984072 0.155733 0 0.156 -0.988 2780.dat
1 8 -1026.2809 -53.3855 -97.817 -0.996198 0.086661 0.013494 0.087609 0.984072 0.155733 0 0.156 -0.988 3032.dat
1 7 -1109.5594 -87.2111 -43.529 0.996198 0.086661 -0.013494 -0.087609 0.984072 -0.155733 0 0.156 0.988 6180.dat
1 7 -1108.48 -74.7524 -122.569 -0.996198 0.086661 0.013494 0.087609 0.984072 0.155733 0 0.156 -0.988 6180.dat
1 7 -1208.6395 -72.2209 -83.049 0.996198 0.086661 -0.013494 -0.087609 0.984072 -0.155733 0 0.156 0.988 3934.dat
1 8 -1090.7336 -101.5078 -15.137 0.996198 0.086661 -0.013494 -0.087609 0.984072 -0.155733 0 0.156 0.988 3794.dat
1 7 -1008.8602 -83.5134 -122.569 0.013494 0.086661 0.996198 0.155733 0.984072 -0.087609 -0.988 0.156 0 3029.dat
1 7 -1022.3864 -123.3856 -17.633 0.013494 0.086661 0.996198 0.155733 0.984072 -0.087609 -0.988 0.156 0 3005.dat
1 7 -1092.1202 -117.253 -17.633 0.013494 0.086661 0.996198 0.155733 0.984072 -0.087609 -0.988 0.156 0 3959.dat
1 8 -1020.9056 -106.2021 -126.324 0.013494 0.086661 0.996198 0.155733 0.984072 -0.087609 -0.988 0.156 0 6111.dat
1 8 -1020.9056 -106.2021 126.324 -0.013494 0.086661 0.996198 -0.155733 0.984072 -0.087609 -0.988 -0.156 0 6111.dat
1 7 -850.361 -107.0175 -215.216 -0.996198 0.086661 0.013494 0.087609 0.984072 0.155733 0 0.156 -0.988 2465.dat
1 7 -850.361 -107.0175 215.216 -0.996198 0.086661 -0.013494 0.087609 0.984072 -0.155733 0 -0.156 -0.988 2465.dat
1 7 -871.1284 -114.9575 0 0 0.087609 -0.996198 0 0.996198 0.087609 1 0 0 3001.dat
1 7 -950.8069 -107.9753 0 0 0.087609 -0.996198 0 0.996198 0.087609 1 0 0 3001.dat
1 4 -630 -112 0 0 0.087609 -0.996198 0 0.996198 0.087609 1 0 0 3003.dat
1 7 -952.9019 -131.8784 0 0 0.087609 -0.996198 0 0.996198 0.087609 1 0 0 3001.dat
1 7 -873.2234 -138.8606 0 0 0.087609 -0.996198 0 0.996198 0.087609 1 0 0 3001.dat
1 7 -375.3171 -183.4245 149.832 0.013494 0.086661 -0.996198 0.155733 0.984072 0.087609 0.988 -0.156 0 3007.dat
1 7 -375.3171 -183.4245 -149.832 -0.013494 0.086661 -0.996198 -0.155733 0.984072 0.087609 0.988 0.156 0 3007.dat
1 7 -1023.2469 -132.9277 -110.325 -0.013494 0.086661 -0.996198 -0.155733 0.984072 0.087609 0.988 0.156 0 2730.dat
1 7 -1023.2469 -132.9277 110.325 0.013494 0.086661 -0.996198 0.155733 0.984072 0.087609 0.988 -0.156 0 2730.dat
1 7 -872.3489 -128.8807 -218.97 0.996198 0.086661 -0.013494 -0.087609 0.984072 -0.155733 0 0.156 0.988 3703.dat
1 7 -553.6371 -156.8094 -218.97 0.996198 0.086661 -0.013494 -0.087609 0.984072 -0.155733 0 0.156 0.988 3703.dat
1 7 -872.3489 -128.8807 218.97 0.996198 0.086661 0.013494 -0.087609 0.984072 0.155733 0 -0.156 0.988 3703.dat
1 7 -553.6371 -156.8094 218.97 0.996198 0.086661 0.013494 -0.087609 0.984072 0.155733 0 -0.156 0.988 3703.dat
1 1 -632.0951 -135.9031 0 0.996198 0.087609 0 -0.087609 0.996198 0 0 0 1 2356.dat
1 1 -413.2019 -157.6314 -227.283 0.013494 0.086661 0.996198 0.155733 0.984072 -0.087609 -0.988 0.156 0 4274.dat
1 1 -433.1212 -155.8858 -227.283 0.013494 0.086661 0.996198 0.155733 0.984072 -0.087609 -0.988 0.156 0 4274.dat
1 1 -453.0405 -154.1413 -227.283 0.013494 0.086661 0.996198 0.155733 0.984072 -0.087609 -0.988 0.156 0 4274.dat
1 1 -652.2352 -136.6858 -227.283 0.013494 0.086661 0.996198 0.155733 0.984072 -0.087609 -0.988 0.156 0 4274.dat
1 1 -632.3158 -138.4314 -227.283 0.013494 0.086661 0.996198 0.155733 0.984072 -0.087609 -0.988 0.156 0 4274.dat
1 1 -831.5115 -120.976 -227.283 0.013494 0.086661 0.996198 0.155733 0.984072 -0.087609 -0.988 0.156 0 4274.dat
1 1 -851.4308 -119.2304 -227.283 0.013494 0.086661 0.996198 0.155733 0.984072 -0.087609 -0.988 0.156 0 4274.dat
1 1 -1010.7867 -105.2671 -227.283 0.013494 0.086661 0.996198 0.155733 0.984072 -0.087609 -0.988 0.156 0 4274.dat
1 1 -1031.2526 -109.7534 -187.775 -0.996198 0.086661 0.013494 0.087609 0.984072 0.155733 0 0.156 -0.988 4274.dat
1 1 -1032.3446 -122.2182 -108.76 -0.996198 0.086661 0.013494 0.087609 0.984072 0.155733 0 0.156 -0.988 4274.dat
1 1 -1033.4368 -134.6819 -29.745 -0.996198 0.086661 0.013494 0.087609 0.984072 0.155733 0 0.156 -0.988 4274.dat
1 1 -1033.4368 -134.6819 29.745 -0.996198 0.086661 -0.013494 0.087609 0.984072 -0.155733 0 -0.156 -0.988 4274.dat
1 1 -1032.3446 -122.2182 108.76 -0.996198 0.086661 -0.013494 0.087609 0.984072 -0.155733 0 -0.156 -0.988 4274.dat
1 1 -1031.2526 -109.7534 187.775 -0.996198 0.086661 -0.013494 0.087609 0.984072 -0.155733 0 -0.156 -0.988 4274.dat
1 1 -413.2019 -157.6314 227.283 0.013494 0.086661 -0.996198 0.155733 0.984072 0.087609 0.988 -0.156 0 4274.dat
1 1 -433.1212 -155.8858 227.283 0.013494 0.086661 -0.996198 0.155733 0.984072 0.087609 0.988 -0.156 0 4274.dat
1 1 -453.0405 -154.1413 227.283 0.013494 0.086661 -0.996198 0.155733 0.984072 0.087609 0.988 -0.156 0 4274.dat
1 1 -632.3158 -138.4314 227.283 0.013494 0.086661 -0.996198 0.155733 0.984072 0.087609 0.988 -0.156 0 4274.dat
1 1 -652.2352 -136.6858 227.283 0.013494 0.086661 -0.996198 0.155733 0.984072 0.087609 0.988 -0.156 0 4274.dat
1 1 -831.5115 -120.976 227.283 0.013494 0.086661 -0.996198 0.155733 0.984072 0.087609 0.988 -0.156 0 4274.dat
1 1 -851.4308 -119.2304 227.283 0.013494 0.086661 -0.996198 0.155733 0.984072 0.087609 0.988 -0.156 0 4274.dat
1 1 -1010.7867 -105.2671 227.283 0.013494 0.086661 -0.996198 0.155733 0.984072 0.087609 0.988 -0.156 0 4274.dat
1 8 -940.0971 -100.2927 233.62 0.996198 -0.013494 0.086661 -0.087609 -0.155733 0.984072 0 -0.988 -0.156 3832.dat
1 7 -1020.5516 -101.8788 243.084 0.996198 -0.013494 0.086661 -0.087609 -0.155733 0.984072 0 -0.988 -0.156 2412.dat
1 7 -901.0079 -112.3919 243.084 0.996198 -0.013494 0.086661 -0.087609 -0.155733 0.984072 0 -0.988 -0.156 2412.dat
1 7 -1008.6405 -80.5817 255.772 0.086661 -0.013494 -0.996198 0.984072 -0.155733 0.087609 -0.156 -0.988 0 4599.dat
1 7 -988.7166 -82.3339 255.772 0.086661 -0.013494 -0.996198 0.984072 -0.155733 0.087609 -0.156 -0.988 0 4589.dat
1 7 -969.0085 -86.5778 239.964 0.086661 -0.013494 -0.996198 0.984072 -0.155733 0.087609 -0.156 -0.988 0 2555.dat
1 7 -980.4878 -102.8914 258.892 -0.996198 -0.013494 -0.086661 0.087609 -0.155733 -0.984072 0 -0.988 0.156 4865.dat
1 7 -950.6019 -105.5197 258.892 -0.086661 -0.013494 0.996198 -0.984072 -0.155733 -0.087609 0.156 -0.988 0 4599.dat
1 7 -860.944 -113.4045 258.892 -0.996198 -0.013494 -0.086661 0.087609 -0.155733 -0.984072 0 -0.988 0.156 4865.dat
1 8 -940.0971 -100.2927 -233.62 0.996198 -0.013494 -0.086661 -0.087609 -0.155733 -0.984072 0 0.988 -0.156 3832.dat
1 7 -1020.5516 -101.8788 -243.084 0.996198 -0.013494 -0.086661 -0.087609 -0.155733 -0.984072 0 0.988 -0.156 2412.dat
1 7 -901.0079 -112.3919 -243.084 0.996198 -0.013494 -0.086661 -0.087609 -0.155733 -0.984072 0 0.988 -0.156 2412.dat
1 7 -980.4878 -102.8914 -258.892 0.996198 -0.013494 -0.086661 -0.087609 -0.155733 -0.984072 0 0.988 -0.156 4865.dat
1 7 -860.944 -113.4045 -258.892 0.996198 -0.013494 -0.086661 -0.087609 -0.155733 -0.984072 0 0.988 -0.156 4865.dat
1 7 -950.6019 -105.5197 -258.892 0.086661 -0.013494 0.996198 0.984072 -0.155733 -0.087609 0.156 0.988 0 4599.dat
1 7 -1008.6405 -80.5817 -255.772 -0.086661 -0.013494 -0.996198 -0.984072 -0.155733 0.087609 -0.156 0.988 0 4599.dat
1 7 -988.7166 -82.3339 -255.772 -0.086661 -0.013494 -0.996198 -0.984072 -0.155733 0.087609 -0.156 0.988 0 4589.dat
1 7 -969.0085 -86.5778 -239.964 -0.086661 -0.013494 -0.996198 -0.984072 -0.155733 0.087609 -0.156 0.988 0 2555.dat
1 8 -740.9025 -117.7481 233.62 0.996198 -0.013494 0.086661 -0.087609 -0.155733 0.984072 0 -0.988 -0.156 3832.dat
1 7 -821.1411 -116.8425 258.892 0.996198 -0.013494 0.086661 -0.087609 -0.155733 0.984072 0 -0.988 -0.156 4865.dat
1 7 -661.7494 -130.86 258.892 -0.996198 -0.013494 -0.086661 0.087609 -0.155733 -0.984072 0 -0.988 0.156 4865.dat
1 7 -781.2932 -120.3469 258.892 0.996198 -0.013494 0.086661 -0.087609 -0.155733 0.984072 0 -0.988 -0.156 4865.dat
1 7 -741.6611 -126.343 243.084 0.996198 -0.013494 0.086661 -0.087609 -0.155733 0.984072 0 -0.988 -0.156 2412.dat
1 7 -711.5593 -126.4795 258.892 -0.086661 -0.013494 0.996198 -0.984072 -0.155733 -0.087609 0.156 -0.988 0 4599.dat
1 8 -740.9025 -117.7481 -233.62 0.996198 -0.013494 -0.086661 -0.087609 -0.155733 -0.984072 0 0.988 -0.156 3832.dat
1 7 -661.7494 -130.86 -258.892 0.996198 -0.013494 -0.086661 -0.087609 -0.155733 -0.984072 0 0.988 -0.156 4865.dat
1 7 -821.1411 -116.8425 -258.892 -0.996198 -0.013494 0.086661 0.087609 -0.155733 0.984072 0 0.988 0.156 4865.dat
1 7 -781.2932 -120.3469 -258.892 -0.996198 -0.013494 0.086661 0.087609 -0.155733 0.984072 0 0.988 0.156 4865.dat
1 7 -741.6611 -126.343 -243.084 -0.996198 -0.013494 0.086661 0.087609 -0.155733 0.984072 0 0.988 0.156 2412.dat
1 7 -711.5593 -126.4795 -258.892 0.086661 -0.013494 0.996198 0.984072 -0.155733 -0.087609 0.156 0.988 0 4599.dat
1 8 -541.7069 -135.2025 233.62 -0.996198 -0.013494 -0.086661 0.087609 -0.155733 -0.984072 0 -0.988 0.156 3832.dat
1 7 -480.7445 -126.8808 255.772 -0.996198 -0.013494 -0.086661 0.087609 -0.155733 -0.984072 0 -0.988 0.156 4865.dat
1 7 -520.5925 -123.3764 255.772 -0.996198 -0.013494 -0.086661 0.087609 -0.155733 -0.984072 0 -0.988 0.156 4865.dat
1 7 -560.4404 -119.872 255.772 -0.996198 -0.013494 -0.086661 0.087609 -0.155733 -0.984072 0 -0.988 0.156 4865.dat
1 7 -621.9455 -134.2969 258.892 0.996198 -0.013494 0.086661 -0.087609 -0.155733 0.984072 0 -0.988 -0.156 4865.dat
1 7 -592.0595 -136.9252 258.892 0.996198 -0.013494 0.086661 -0.087609 -0.155733 0.984072 0 -0.988 -0.156 4589.dat
1 7 -542.4655 -143.7974 243.084 0.996198 -0.013494 0.086661 -0.087609 -0.155733 0.984072 0 -0.988 -0.156 3743.dat
1 7 -492.4397 -145.6861 258.892 0.086661 -0.013494 -0.996198 0.984072 -0.155733 0.087609 -0.156 -0.988 0 4599.dat
1 7 -462.7697 -150.8061 243.084 0.996198 -0.013494 0.086661 -0.087609 -0.155733 0.984072 0 -0.988 -0.156 2412.dat
1 8 -541.7069 -135.2025 -233.62 0.996198 -0.013494 -0.086661 -0.087609 -0.155733 -0.984072 0 0.988 -0.156 3832.dat
1 7 -462.7697 -150.8061 -243.084 0.996198 -0.013494 -0.086661 -0.087609 -0.155733 -0.984072 0 0.988 -0.156 2412.dat
1 7 -542.4655 -143.7974 -243.084 0.996198 -0.013494 -0.086661 -0.087609 -0.155733 -0.984072 0 0.988 -0.156 3743.dat
1 7 -621.9455 -134.2969 -258.892 -0.996198 -0.013494 0.086661 0.087609 -0.155733 0.984072 0 0.988 0.156 4865.dat
1 7 -592.0595 -136.9252 -258.892 -0.996198 -0.013494 0.086661 0.087609 -0.155733 0.984072 0 0.988 0.156 4589.dat
1 7 -492.4397 -145.6861 -258.892 -0.086661 -0.013494 -0.996198 -0.984072 -0.155733 0.087609 -0.156 0.988 0 4599.dat
1 7 -480.7445 -126.8808 -255.772 0.996198 -0.013494 -0.086661 -0.087609 -0.155733 -0.984072 0 0.988 -0.156 4865.dat
1 7 -520.5925 -123.3764 -255.772 0.996198 -0.013494 -0.086661 -0.087609 -0.155733 -0.984072 0 0.988 -0.156 4865.dat
1 7 -560.4404 -119.872 -255.772 0.996198 -0.013494 -0.086661 -0.087609 -0.155733 -0.984072 0 0.988 -0.156 4865.dat
1 8 -402.2703 -147.4213 233.62 0.996198 -0.013494 0.086661 -0.087609 -0.155733 0.984072 0 -0.988 -0.156 3020.dat
1 7 -381.3718 -138.0869 239.964 0.996198 -0.013494 0.086661 -0.087609 -0.155733 0.984072 0 -0.988 -0.156 2412.dat
1 7 -421.0038 -132.0908 255.772 0.996198 -0.013494 0.086661 -0.087609 -0.155733 0.984072 0 -0.988 -0.156 4865.dat
1 7 -402.8131 -153.5245 258.892 0.996198 -0.013494 0.086661 -0.087609 -0.155733 0.984072 0 -0.988 -0.156 4865.dat
1 7 -373.143 -158.6445 243.084 -0.086661 -0.013494 0.996198 -0.984072 -0.155733 -0.087609 0.156 -0.988 0 2555.dat
1 7 -432.699 -150.8962 258.892 -0.086661 -0.013494 0.996198 -0.984072 -0.155733 -0.087609 0.156 -0.988 0 4599.dat
1 8 -402.2703 -147.4213 -233.62 0.996198 -0.013494 -0.086661 -0.087609 -0.155733 -0.984072 0 0.988 -0.156 3020.dat
1 7 -373.143 -158.6445 -243.084 0.086661 -0.013494 0.996198 0.984072 -0.155733 -0.087609 0.156 0.988 0 2555.dat
1 7 -402.8131 -153.5245 -258.892 -0.996198 -0.013494 0.086661 0.087609 -0.155733 0.984072 0 0.988 0.156 4865.dat
1 7 -381.3718 -138.0869 -239.964 -0.996198 -0.013494 0.086661 0.087609 -0.155733 0.984072 0 0.988 0.156 2412.dat
1 7 -421.0038 -132.0908 -255.772 -0.996198 -0.013494 0.086661 0.087609 -0.155733 0.984072 0 0.988 0.156 4865.dat
1 7 -432.699 -150.8962 -258.892 0.086661 -0.013494 0.996198 0.984072 -0.155733 -0.087609 0.156 0.988 0 4599.dat
1 8 -1039.3142 -110.1244 117.073 0.013494 0.996198 0.086661 0.155733 -0.087609 0.984072 0.988 0 -0.156 3832.dat
1 7 -1049.3649 -133.2802 29.713 0.013494 0.996198 0.086661 0.155733 -0.087609 0.984072 0.988 0 -0.156 2555.dat
1 7 -1048.4203 -122.3789 98.873 0.013494 0.996198 0.086661 0.155733 -0.087609 0.984072 0.988 0 -0.156 2412.dat
1 7 -1063.9547 -116.3052 128.513 -0.086661 0.996198 0.013494 -0.984072 -0.087609 0.155733 0.156 0 0.988 4599.dat
1 7 -1063.4149 -110.0759 168.033 0.086661 0.996198 -0.013494 0.984072 -0.087609 -0.155733 -0.156 0 -0.988 4599.dat
1 0 -1049.095 -130.1656 49.473 0.086661 0.996198 -0.013494 0.984072 -0.087609 -0.155733 -0.156 0 -0.988 4592.dat
1 7 -1049.095 -130.1656 49.473 0.086661 0.160047 -0.983603 0.984072 -0.168641 0.059197 -0.156 -0.97318 -0.171912 4593.dat
1 7 -1045.4727 -88.6815 184.673 -0.086661 0.996198 0.013494 -0.984072 -0.087609 0.155733 0.156 0 0.988 2555.dat
1 7 -1063.0101 -105.4039 197.673 0.013494 0.996198 0.086661 0.155733 -0.087609 0.984072 0.988 0 -0.156 4865.dat
1 7 -1046.4172 -99.5828 115.513 0.013494 0.996198 0.086661 0.155733 -0.087609 0.984072 0.988 0 -0.156 3743.dat
1 7 -1063.166 -107.525 56.233 -0.013494 0.996198 -0.086661 -0.155733 -0.087609 -0.984072 -0.988 0 0.156 4865.dat
1 0 -1045.2028 -85.5668 204.433 0.086661 0.996198 -0.013494 0.984072 -0.087609 -0.155733 -0.156 0 -0.988 4592.dat
1 7 -1045.2028 -85.5668 204.433 0.086661 0.353384 0.931811 0.984072 0.116427 -0.135613 -0.156 0.92872 -0.337896 4593.dat
1 8 -1039.3142 -110.1244 -117.073 0.013494 0.996198 -0.086661 0.155733 -0.087609 -0.984072 -0.988 0 -0.156 3832.dat
1 7 -1063.0101 -105.4039 -197.673 -0.013494 0.996198 0.086661 -0.155733 -0.087609 0.984072 0.988 0 0.156 4865.dat
1 7 -1048.4203 -122.3789 -98.873 -0.013494 0.996198 0.086661 -0.155733 -0.087609 0.984072 0.988 0 0.156 2412.dat
1 7 -1063.4149 -110.0759 -168.033 -0.086661 0.996198 -0.013494 -0.984072 -0.087609 -0.155733 -0.156 0 0.988 4599.dat
1 7 -1063.9547 -116.3052 -128.513 0.086661 0.996198 0.013494 0.984072 -0.087609 0.155733 0.156 0 -0.988 4599.dat
1 0 -1049.095 -130.1656 -49.473 0.086661 0.996198 0.013494 0.984072 -0.087609 0.155733 0.156 0 -0.988 4592.dat
1 7 -1049.095 -130.1656 -49.473 0.086661 0.160047 0.983603 0.984072 -0.168641 -0.059197 0.156 0.97318 -0.171912 4593.dat
1 7 -1045.4727 -88.6815 -184.673 0.086661 0.996198 0.013494 0.984072 -0.087609 0.155733 0.156 0 -0.988 2555.dat
1 7 -1046.4172 -99.5828 -115.513 -0.013494 0.996198 0.086661 -0.155733 -0.087609 0.984072 0.988 0 0.156 3743.dat
1 7 -1049.3649 -133.2802 -29.713 -0.013494 0.996198 0.086661 -0.155733 -0.087609 0.984072 0.988 0 0.156 2555.dat
1 7 -1063.166 -107.525 -56.233 0.013494 0.996198 -0.086661 0.155733 -0.087609 -0.984072 -0.988 0 -0.156 4865.dat
1 0 -1045.2028 -85.5668 -204.433 0.086661 0.996198 0.013494 0.984072 -0.087609 0.155733 0.156 0 -0.988 4592.dat
1 7 -1045.2028 -85.5668 -204.433 0.086661 0.27105 -0.958832 0.984072 0.127747 0.124965 0.156 -0.954408 -0.255892 4593.dat
1 8 -863.9618 -147.7012 0 0 0.087609 0.996198 0 0.996198 -0.087609 -1 0 0 3710.dat
1 8 -933.6805 -141.5923 0 -0.996198 0.087609 0 0.087609 0.996198 0 0 0 -1 3032.dat
1 7 -1033.6233 -136.8088 -131.33 0.013494 0.086661 0.996198 0.155733 0.984072 -0.087609 -0.988 0.156 0 2445.dat
1 7 -1033.6233 -136.8088 131.33 -0.013494 0.086661 0.996198 -0.155733 0.984072 -0.087609 -0.988 -0.156 0 2445.dat
1 7 -335.894 -191.6699 -170.837 0.996198 0.086661 -0.013494 -0.087609 0.984072 -0.155733 0 0.156 0.988 3933.dat
1 7 -335.894 -191.6699 170.837 -0.996198 0.086661 -0.013494 0.087609 0.984072 -0.155733 0 -0.156 -0.988 3934.dat
1 7 -474.2315 -166.9064 199.217 -0.996198 0.086661 -0.013494 0.087609 0.984072 -0.155733 0 -0.156 -0.988 3245a.dat
1 7 -573.8293 -158.1787 199.217 -0.996198 0.086661 -0.013494 0.087609 0.984072 -0.155733 0 -0.156 -0.988 3245a.dat
1 7 -832.783 -135.4877 199.217 -0.996198 0.086661 -0.013494 0.087609 0.984072 -0.155733 0 -0.156 -0.988 3245a.dat
1 7 -474.2315 -166.9064 -199.217 -0.996198 0.086661 0.013494 0.087609 0.984072 0.155733 0 0.156 -0.988 3245a.dat
1 7 -573.8293 -158.1787 -199.217 -0.996198 0.086661 0.013494 0.087609 0.984072 0.155733 0 0.156 -0.988 3245a.dat
1 7 -832.783 -135.4877 -199.217 -0.996198 0.086661 0.013494 0.087609 0.984072 0.155733 0 0.156 -0.988 3245a.dat
1 7 -952.8528 -131.3262 -210.345 0.996198 0.086661 -0.013494 -0.087609 0.984072 -0.155733 0 0.156 0.988 6180.dat
1 7 -952.8528 -131.3262 210.345 -0.996198 0.086661 -0.013494 0.087609 0.984072 -0.155733 0 -0.156 -0.988 6180.dat
1 7 -733.465 -147.4112 -230.099 -0.996198 0.086661 0.013494 0.087609 0.984072 0.155733 0 0.156 -0.988 4282.dat
1 7 -733.465 -147.4112 230.099 -0.996198 0.086661 -0.013494 0.087609 0.984072 -0.155733 0 -0.156 -0.988 4282.dat
1 7 -554.1897 -163.1211 -230.099 -0.996198 0.086661 0.013494 0.087609 0.984072 0.155733 0 0.156 -0.988 3068.dat
1 7 -554.1897 -163.1211 230.099 -0.996198 0.086661 -0.013494 0.087609 0.984072 -0.155733 0 -0.156 -0.988 3068.dat
1 7 -454.592 -171.8478 -230.099 -0.996198 0.086661 0.013494 0.087609 0.984072 0.155733 0 0.156 -0.988 3034.dat
1 7 -454.592 -171.8478 230.099 -0.996198 0.086661 -0.013494 0.087609 0.984072 -0.155733 0 -0.156 -0.988 3034.dat
1 7 -337.6757 -212.0029 93.074 -0.996198 0.086661 -0.013494 0.087609 0.984072 -0.155733 0 -0.156 -0.988 3020.dat
1 7 -337.6757 -212.0029 -93.074 -0.996198 0.086661 0.013494 0.087609 0.984072 0.155733 0 0.156 -0.988 3020.dat
1 4 -866.0568 -171.6052 0 0 0.087609 -0.996198 0 0.996198 0.087609 1 0 0 3010.dat
1 7 -895.9359 -168.9864 0 0 0.087609 -0.996198 0 0.996198 0.087609 1 0 0 3001.dat
1 7 -975.6133 -162.0042 0 0 0.087609 -0.996198 0 0.996198 0.087609 1 0 0 3001.dat
1 7 -878.1106 -194.6349 0 0 0.087609 -0.996198 0 0.996198 0.087609 1 0 0 3001.dat
1 7 -387.6181 -209.2769 133.833 0.013494 0.086661 -0.996198 0.155733 0.984072 0.087609 0.988 -0.156 0 3009.dat
1 7 -387.6181 -209.2769 -133.833 -0.013494 0.086661 -0.996198 -0.155733 0.984072 0.087609 0.988 0.156 0 3009.dat
1 7 -476.3 -190.5161 202.971 0.996198 0.086661 0.013494 -0.087609 0.984072 0.155733 0 -0.156 0.988 6111.dat
1 7 -476.3 -190.5161 -202.971 0.996198 0.086661 -0.013494 -0.087609 0.984072 -0.155733 0 0.156 0.988 6111.dat
1 7 -735.2537 -167.8251 202.971 0.996198 0.086661 0.013494 -0.087609 0.984072 0.155733 0 -0.156 0.988 2465.dat
1 7 -735.2537 -167.8251 -202.971 0.996198 0.086661 -0.013494 -0.087609 0.984072 -0.155733 0 0.156 0.988 2465.dat
1 7 -389.6866 -232.8866 -137.587 -0.013494 0.086661 -0.996198 -0.155733 0.984072 0.087609 0.988 0.156 0 3894.dat
1 7 -389.6866 -232.8866 137.587 0.013494 0.086661 -0.996198 0.155733 0.984072 0.087609 0.988 -0.156 0 3894.dat
1 7 -538.1277 -208.8883 -206.725 0.996198 0.086661 -0.013494 -0.087609 0.984072 -0.155733 0 0.156 0.988 3703.dat
1 7 -538.1277 -208.8883 206.725 0.996198 0.086661 0.013494 -0.087609 0.984072 0.155733 0 -0.156 0.988 3703.dat
1 7 -797.0814 -186.1972 206.725 0.996198 0.086661 0.013494 -0.087609 0.984072 0.155733 0 -0.156 0.988 2730.dat
1 7 -797.0814 -186.1972 -206.725 0.996198 0.086661 -0.013494 -0.087609 0.984072 -0.155733 0 0.156 0.988 2730.dat
1 1 -875.7611 -167.8193 -215.038 0.013494 -0.996198 0.086661 0.155733 0.087609 0.984072 -0.988 0 0.156 4274.dat
1 1 -716.4052 -181.7836 -215.038 0.013494 -0.996198 0.086661 0.155733 0.087609 0.984072 -0.988 0 0.156 4274.dat
1 1 -596.888 -192.2569 -215.038 0.013494 -0.996198 0.086661 0.155733 0.087609 0.984072 -0.988 0 0.156 4274.dat
1 1 -557.0483 -195.7479 -215.038 0.013494 -0.996198 0.086661 0.155733 0.087609 0.984072 -0.988 0 0.156 4274.dat
1 1 -397.6923 -209.7123 -215.038 0.013494 -0.996198 0.086661 0.155733 0.087609 0.984072 -0.988 0 0.156 4274.dat
1 1 -379.4117 -230.1535 -96.515 0.996198 0.013494 0.086661 -0.087609 0.155733 0.984072 0 -0.988 0.156 4274.dat
1 1 -378.8651 -223.9216 -136.023 0.996198 0.013494 0.086661 -0.087609 0.155733 0.984072 0 -0.988 0.156 4274.dat
1 1 -379.1388 -227.0386 -116.269 0.996198 0.013494 0.086661 -0.087609 0.155733 0.984072 0 -0.988 0.156 4274.dat
1 1 -378.3195 -217.6898 -175.53 0.996198 0.013494 0.086661 -0.087609 0.155733 0.984072 0 -0.988 0.156 4274.dat
1 1 -379.4117 -230.1535 96.515 0.996198 -0.013494 0.086661 -0.087609 -0.155733 0.984072 0 -0.988 -0.156 4274.dat
1 1 -379.1388 -227.0386 116.269 0.996198 -0.013494 0.086661 -0.087609 -0.155733 0.984072 0 -0.988 -0.156 4274.dat
1 1 -378.8651 -223.9216 136.023 0.996198 -0.013494 0.086661 -0.087609 -0.155733 0.984072 0 -0.988 -0.156 4274.dat
1 1 -378.3195 -217.6898 175.53 0.996198 -0.013494 0.086661 -0.087609 -0.155733 0.984072 0 -0.988 -0.156 4274.dat
1 1 -397.6923 -209.7123 215.038 0.013494 0.996198 0.086661 0.155733 -0.087609 0.984072 0.988 0 -0.156 4274.dat
1 1 -596.888 -192.2569 215.038 0.013494 0.996198 0.086661 0.155733 -0.087609 0.984072 0.988 0 -0.156 4274.dat
1 1 -875.7611 -167.8193 215.038 0.013494 0.996198 0.086661 0.155733 -0.087609 0.984072 0.988 0 -0.156 4274.dat
1 1 -716.4052 -181.7836 215.038 0.013494 0.996198 0.086661 0.155733 -0.087609 0.984072 0.988 0 -0.156 4274.dat
1 1 -557.0483 -195.7479 215.038 0.013494 0.996198 0.086661 0.155733 -0.087609 0.984072 0.988 0 -0.156 4274.dat
1 1 -634.1891 -159.8071 0 0.996198 0.087609 0 -0.087609 0.996198 0 0 0 1 2356.dat
1 8 -634.89 -167.7766 0 0.996198 0.087609 0 -0.087609 0.996198 0 0 0 1 3032.dat
1 1 -636.9926 -191.6854 0 0.996198 0.087609 0 -0.087609 0.996198 0 0 0 1 2356.dat
1 8 -637.6934 -199.655 0 0.996198 0.087609 0 -0.087609 0.996198 0 0 0 1 3032.dat
1 1 -639.7961 -223.5637 0 0.996198 0.087609 0 -0.087609 0.996198 0 0 0 1 2356.dat
1 7 -640.4969 -231.5333 -30 0.996198 0.087609 0 -0.087609 0.996198 0 0 0 1 2431.dat
1 7 -640.4969 -231.5333 30 0.996198 0.087609 0 -0.087609 0.996198 0 0 0 1 2431.dat
1 7 -690.3068 -227.1529 0 0 0.087609 0.996198 0 0.996198 -0.087609 -1 0 0 2431.dat
1 7 -590.687 -235.9138 0 0 0.087609 0.996198 0 0.996198 -0.087609 -1 0 0 2431.dat
1 7 -641.8987 -247.4725 0 -0.996198 0.087609 0 0.087609 0.996198 0 0 0 -1 3001.dat
1 7 -662.5235 -253.6899 0 -0.996198 0.087609 0 0.087609 0.996198 0 0 0 -1 3068.dat
1 7 -622.6756 -257.1942 0 -0.996198 0.087609 0 0.087609 0.996198 0 0 0 -1 3068.dat
1 8 -390.3762 -240.7559 -138.839 -0.013494 0.086661 -0.996198 -0.155733 0.984072 0.087609 0.988 0.156 0 4162.dat
1 8 -390.3762 -240.7559 138.839 0.013494 0.086661 -0.996198 0.155733 0.984072 0.087609 0.988 -0.156 0 4162.dat
