0 
0 Name: New Model.ldr
0 Author: 
1 0 -588.326 -37 -515.232 0.809 0 0.588 0 1 0 -0.588 0 0.809 3020.dat
1 0 -596.416 -45 -509.352 -0.588 0 0.809 0 1 0 -0.809 0 -0.588 2926.dat
1 0 -612.596 -45 -497.592 -0.588 0 0.809 0 1 0 -0.809 0 -0.588 4623.dat
1 0 -523.606 -61 -562.272 -0.588 0 0.809 0 1 0 -0.809 0 -0.588 2397.dat
1 0 -588.326 -53 -515.232 0.809 0 0.588 0 1 0 -0.588 0 0.809 3020.dat
1 0 -483.156 -53 -591.672 0.588 0 -0.809 0 1 0 0.809 0 0.588 4493.dat
1 0 -567.016 -40 -468.902 -0.809 0 -0.588 0 1 0 0.588 0 -0.809 4489.dat
1 0 -625.816 -40 -549.802 0.809 0 0.588 0 1 0 -0.588 0 0.809 4489.dat
1 7 -618.476 -77 -505.682 0.588 0 -0.809 0 1 0 0.809 0 0.588 3062.dat
1 7 -606.716 -77 -489.502 0.588 0 -0.809 0 1 0 0.809 0 0.588 3062.dat
1 0 -483.156 -85 -591.672 0.588 0 -0.809 0 1 0 0.809 0 0.588 3004.dat
1 0 -671.689 -26 -433.434 0.605 0.173 0.777 -0.276 0.961 0 -0.747 -0.214 0.629 3020.dat
1 0 -686.557 -35.856 -415.07 -0.777 0.173 0.605 0 0.961 -0.276 -0.629 -0.214 -0.747 6157.dat
1 0 -648.873 -44.728 -461.602 0.777 0.173 -0.605 0 0.961 0.276 0.629 -0.214 0.747 3176.dat
1 6 -667.023 -36.448 -439.192 0.777 0.173 -0.605 0 0.961 0.276 0.629 -0.214 0.747 3023.dat
1 6 -674.457 -41.376 -430.01 -0.777 0.173 0.605 0 0.961 -0.276 -0.629 -0.214 -0.747 2527.dat
1 7 -697.451 -60.004 -401.608 -0.777 0.010423 0.629237 0 0.99981 -0.017717 -0.629 -0.013251 -0.777028 2533.dat
1 0 -656.166 -31.051 -392.238 -0.605 0.173 -0.777 0.276 0.961 0 0.747 -0.214 -0.629 2470.dat
1 0 -715.218 -31.051 -440.042 0.605 0.173 0.777 -0.276 0.961 0 -0.747 -0.214 0.629 2470.dat
1 7 -645.536 -87.258 -416.463 -0.777 0.605 -0.173 0 -0.276 -0.961 -0.629 -0.747 0.214 30141.dat
1 1 -579.426 -130 -521.698 0.588 0 -0.809 0 1 0 0.809 0 0.588 30135.dat
1 14 -579.426 -130 -521.698 0.588 0 -0.809 0 1 0 0.809 0 0.588 3626.dat
1 15 -579.426 -106 -521.698 0.588 0 -0.809 0 1 0 0.809 0 0.588 30133.dat
1 1 -579.426 -106 -521.698 0.588 0 -0.809 0 1 0 0.809 0 0.588 973.dat
1 0 -559.8913 -101.701 -559.1945 -0.49416 -0.357444 0.792989 0.098 0.883 0.459 -0.863605 0.304308 -0.400798 2488.dat
