0 Main
0 Name: 30034-1 - Racing Tow Truck.mpd
0 Author: LTRON
1 0 0 -8 60 1 0 0 0 1 0 0 0 1 6157.dat
1 14 0 0 0 1 0 0 0 1 0 0 0 1 3031.dat
1 0 0 -8 -60 1 0 0 0 1 0 0 0 1 6157.dat
1 4 0 -8 70 1 0 0 0 1 0 0 0 1 3023.dat
1 0 -30 -8 0 0 0 1 0 1 0 -1 0 0 3710.dat
1 0 0 -8 0 0 0 1 0 1 0 -1 0 0 3795.dat
1 0 30 -8 0 0 0 1 0 1 0 -1 0 0 3710.dat
1 14 0 -8 -70 1 0 0 0 1 0 0 0 1 2436.dat
1 14 0 2 -92 -1 0 0 0 0 1 0 1 0 32028.dat
1 14 0 -16 0 0 0 1 0 1 0 -1 0 0 3034.dat
1 14 0 -32 60 1 0 0 0 1 0 0 0 1 3788.dat
1 0 0 -24 0 0 0 1 0 1 0 -1 0 0 3020.dat
1 14 0 -24 -60 1 0 0 0 1 0 0 0 1 44674.dat
1 14 0 -32 10 0 0 1 0 1 0 -1 0 0 3021.dat
1 14 -30 -32 0 0 0 1 0 1 0 -1 0 0 3010.dat
1 14 30 -32 0 0 0 1 0 1 0 -1 0 0 3010.dat
1 14 0 -32 -40 1 0 0 0 1 0 0 0 1 3022.dat
1 7 0 -40 30 -1 0 0 0 1 0 0 0 -1 44567.dat
1 7 0 -40 10 1 0 0 0 1 0 0 0 1 3023.dat
1 7 0 -48 20 1 0 0 0 1 0 0 0 1 3022.dat
1 0 0 -56 -10 1 0 0 0 1 0 0 0 1 3037.dat
1 46 -30 -64 -10 1 0 0 0 1 0 0 0 1 6141.dat
1 46 30 -64 -10 1 0 0 0 1 0 0 0 1 6141.dat
1 0 -40 -3 60 0 0 1 0 1 0 -1 0 0 51719.dat
1 0 40 -3 60 0 0 -1 0 1 0 1 0 0 51719.dat
1 0 -40 -3 -60 0 0 1 0 1 0 -1 0 0 51719.dat
1 0 40 -3 -60 0 0 -1 0 1 0 1 0 0 51719.dat
1 256 -40 -3 60 0 0 1 0 1 0 -1 0 0 50951.dat
1 256 40 -3 60 0 0 1 0 1 0 -1 0 0 50951.dat
1 256 -40 -3 -60 0 0 1 0 1 0 -1 0 0 50951.dat
1 256 40 -3 -60 0 0 1 0 1 0 -1 0 0 50951.dat
1 7 0 -60.98 105.44 0 0 1 -0.924 0.383 0 -0.383 -0.924 0 6553.dat
1 7 0 -24.02 120.76 1 0 0 0 -0.924 0.383 0 -0.383 -0.924 42074.dat
1 7 0 -41.83 59.24 1 0 0 0 0.924 -0.383 0 0.383 0.924 30553.dat
