0 
0 Name: New Model.ldr
0 Author: 
1 71 375 -32 -105 0 0 -1 0 1 0 1 0 0 3703.dat
1 71 395 -32 -105 0 0 -1 0 1 0 1 0 0 3703.dat
1 4 385 -40 35 0 0 -1 0 1 0 1 0 0 3022.dat
1 4 385 -8 35 0 0 -1 0 1 0 1 0 0 3022.dat
1 0 405 -22 35 -1 0 0 0 1 0 0 0 -1 2780.dat
1 0 365 -22 35 -1 0 0 0 1 0 0 0 -1 2780.dat
1 14 385 -8 -245 1 0 0 0 1 0 0 0 1 3020.dat
1 15 355 -32 -245 0 0 1 0 1 0 -1 0 0 3700.dat
1 15 415 -32 -245 0 0 1 0 1 0 -1 0 0 3700.dat
1 14 385 -8 -5 1 0 0 0 1 0 0 0 1 3020.dat
1 15 355 -32 -5 0 0 1 0 1 0 -1 0 0 3700.dat
1 15 415 -32 -5 0 0 1 0 1 0 -1 0 0 3700.dat
1 0 405 -22 -205 -1 0 0 0 1 0 0 0 -1 2780.dat
1 0 365 -22 -205 -1 0 0 0 1 0 0 0 -1 2780.dat
1 19 365 -22 -185 -1 0 0 0 0.999328 -0.036644 0 -0.036644 -0.999328 3749.dat
1 19 405 -22 -185 1 0 0 0 0.999328 0.036644 0 -0.036644 0.999328 3749.dat
1 4 385 -40 -225 0 0 -1 0 1 0 1 0 0 3022.dat
1 72 365 -40 -255 1 0 0 0 1 0 0 0 1 44728.dat
1 72 405 -40 -255 1 0 0 0 1 0 0 0 1 44728.dat
1 2 385 -10 -277 1 0 0 0 0 -1 0 1 0 2431.dat
1 71 365 -30 -277 1 0 0 0 0 -1 0 1 0 2412.dat
1 71 405 -30 -277 1 0 0 0 0 -1 0 1 0 2412.dat
1 14 385 -40 -5 1 0 0 0 1 0 0 0 1 3020.dat
1 72 385 -40 -35 1 0 0 0 1 0 0 0 1 3023.dat
1 72 385 -8 -35 1 0 0 0 1 0 0 0 1 3023.dat
1 72 385 -8 -215 1 0 0 0 1 0 0 0 1 3023.dat
1 2 385 -8 -55 1 0 0 0 1 0 0 0 1 3460.dat
1 2 385 -8 -195 1 0 0 0 1 0 0 0 1 3460.dat
1 135 415 -22 -185 -1 0 0 0 0.036644 0.999328 0 0.999328 -0.036644 53586.dat
1 135 355 -22 -185 -1 0 0 0 0.036644 0.999328 0 0.999328 -0.036644 53586.dat
1 2 435 -32 -125 0 0 -1 0 1 0 1 0 0 3008.dat
1 2 335 -32 -125 0 0 -1 0 1 0 1 0 0 3008.dat
1 2 455 -32 -55 0 0 -1 0 1 0 1 0 0 3005.dat
1 2 315 -32 -55 0 0 -1 0 1 0 1 0 0 3005.dat
1 2 315 -32 -195 0 0 1 0 1 0 -1 0 0 3665.dat
1 2 455 -32 -195 0 0 -1 0 1 0 1 0 0 3665.dat
1 2 385 -40 -55 1 0 0 0 1 0 0 0 1 3460.dat
1 2 385 -40 -195 1 0 0 0 1 0 0 0 1 3460.dat
1 72 335 -40 -165 0 0 -1 0 1 0 1 0 0 3023.dat
1 72 435 -40 -165 0 0 -1 0 1 0 1 0 0 3023.dat
1 57 475 -40 -195 0 0 -1 0 1 0 1 0 0 6141.dat
1 57 295 -40 -195 0 0 -1 0 1 0 1 0 0 6141.dat
1 72 385 -40 -125 -1 0 0 0 1 0 0 0 -1 3795.dat
1 72 435 -40 -85 0 0 -1 0 1 0 1 0 0 44728.dat
1 71 457 -30 -85 0 -1 0 0 0 -1 1 0 0 2412.dat
1 72 335 -40 -85 0 0 1 0 1 0 -1 0 0 44728.dat
1 71 313 -30 -85 0 1 0 0 0 -1 -1 0 0 2412.dat
1 71 457 -10 -85 0 -1 0 0 0 -1 1 0 0 2412.dat
1 71 313 -10 -85 0 1 0 0 0 -1 -1 0 0 2412.dat
1 2 385 -64 45 -1 0 0 0 1 0 0 0 -1 3660.dat
1 2 355 -64 -25 0 0 1 0 1 0 -1 0 0 3010.dat
1 2 415 -64 -25 0 0 1 0 1 0 -1 0 0 3010.dat
1 0 385 -64 -5 0 0 1 0 1 0 -1 0 0 3001.dat
1 71 335 -48 -125 0 0 1 0 1 0 -1 0 0 6636.dat
1 71 435 -48 -125 0 0 1 0 1 0 -1 0 0 6636.dat
1 15 385 -48 -115 1 0 0 0 1 0 0 0 1 3829.dat
1 14 385 -40 -85 1 0 0 0 1 0 0 0 1 4079.dat
1 2 365 -64 -255 1 0 0 0 1 0 0 0 1 3660.dat
1 2 405 -64 -255 1 0 0 0 1 0 0 0 1 3660.dat
1 0 385 -64 -185 0 0 -1 0 1 0 1 0 0 2456.dat
1 2 355 -64 -125 0 0 -1 0 1 0 1 0 0 3004.dat
1 2 415 -64 -125 0 0 -1 0 1 0 1 0 0 3004.dat
1 72 385 -72 -245 0 0 -1 0 1 0 1 0 0 3068.dat
1 71 385 -72 -135 -1 0 0 0 1 0 0 0 -1 3710.dat
1 71 355 -72 -115 0 0 1 0 1 0 -1 0 0 4085.dat
1 71 415 -72 -115 0 0 -1 0 1 0 1 0 0 4085.dat
1 0 385 -88 15 0 0 -1 0 1 0 1 0 0 2456.dat
1 71 415 -88 5 0 0 -1 0 1 0 1 0 0 3062.dat
1 71 415 -88 -15 0 0 -1 0 1 0 1 0 0 3062.dat
1 71 355 -88 5 0 0 -1 0 1 0 1 0 0 3062.dat
1 71 355 -88 -15 0 0 -1 0 1 0 1 0 0 3062.dat
1 72 355 -88 -35 1 0 0 0 1 0 0 0 1 3040.dat
1 72 415 -88 -35 1 0 0 0 1 0 0 0 1 3040.dat
1 71 385 -96 65 1 0 0 0 1 0 0 0 1 2412.dat
1 72 385 -112 35 1 0 0 0 1 0 0 0 1 30000.dat
1 71 385 -120 25 1 0 0 0 1 0 0 0 1 2412.dat
1 36 375 -112 45 -1 0 0 0 1 0 0 0 -1 54200.dat
1 36 395 -112 45 -1 0 0 0 1 0 0 0 -1 54200.dat
1 0 385 -112 -35 -1 0 0 0 1 0 0 0 -1 3297.dat
1 72 415 -82 35 0 -1 0 0 0 1 -1 0 0 32524.dat
1 72 355 -82 35 0 -1 0 0 0 1 -1 0 0 32524.dat
1 0 425 -62 35 -1 0 0 0 1 0 0 0 -1 2780.dat
1 72 445 -72 35 -1 0 0 0 1 0 0 0 -1 2444.dat
1 36 435 -72 45 -1 0 0 0 1 0 0 0 -1 54200.dat
1 57 455 -72 45 -1 0 0 0 1 0 0 0 -1 54200.dat
1 2 445 -80 25 1 0 0 0 1 0 0 0 1 6070.dat
1 0 345 -62 35 -1 0 0 0 1 0 0 0 -1 2780.dat
1 72 325 -72 35 1 0 0 0 1 0 0 0 1 2444.dat
1 36 335 -72 45 -1 0 0 0 1 0 0 0 -1 54200.dat
1 57 315 -72 45 -1 0 0 0 1 0 0 0 -1 54200.dat
1 2 325 -80 25 1 0 0 0 1 0 0 0 1 6070.dat
1 2 385 -72 -275 1 0 0 0 1 0 0 0 1 3460.dat
1 40 385 -120 -115 1 0 0 0 1 0 0 0 1 3823.dat
1 71 385 -80 -275 -1 0 0 0 1 0 0 0 -1 2412.dat
1 2 345 -80 -275 -1 0 0 0 1 0 0 0 -1 6070.dat
1 2 425 -80 -275 -1 0 0 0 1 0 0 0 -1 6070.dat
1 2 305 -80 -275 -1 0 0 0 1 0 0 0 -1 6070.dat
1 2 465 -80 -275 -1 0 0 0 1 0 0 0 -1 6070.dat
1 0 435 -68 -115 0 0 -1 0 1 0 1 0 0 3962.dat
1 0 335 -92 -115 1 0 0 0 1 0 0 0 1 4006.dat
1 71 385 -120 -35 -1 0 0 0 1 0 0 0 -1 3710.dat
1 15 385 -128 -35 1 0 0 0 1 0 0 0 1 32028.dat
1 57 415 -120 -35 0 0 -1 0 1 0 1 0 0 54200.dat
1 57 355 -120 -35 0 0 1 0 1 0 -1 0 0 54200.dat
1 71 385 -136 -35 1 0 0 0 1 0 0 0 1 2412.dat
1 2 385 -136 -55 1 0 0 0 1 0 0 0 1 45677.dat
1 72 325 -104 -275 1 0 0 0 1 0 0 0 1 3937.dat
1 71 325 -94 -285 1 0 0 0 0 -1 0 1 0 3938.dat
1 46 325 -94 -293 1 0 0 0 0 -1 0 1 0 3069.dat
1 72 445 -104 -275 1 0 0 0 1 0 0 0 1 3937.dat
1 71 445 -94 -285 1 0 0 0 0 -1 0 1 0 3938.dat
1 46 445 -94 -293 1 0 0 0 0 -1 0 1 0 3069.dat
1 71 370 -240.352 -332.053 0 -1 0 0.965926 0 0.25882 -0.25882 0 0.965926 6632.dat
1 4 385 -240.352 -332.053 -1 0 0 0 -0.965926 0.25882 0 0.25882 0.965926 32062.dat
1 4 385 -229.999 -293.415 -1 0 0 0 -0.965926 0.25882 0 0.25882 0.965926 32062.dat
1 72 375 -235.175 -312.733 -1 0 0 0 -0.965926 0.25882 0 0.25882 0.965926 32002.dat
1 72 385 -240.352 -332.053 -1 0 0 0 -0.965926 0.25882 0 0.25882 0.965926 6536.dat
1 0 385 -264.848 -346.195 -1 0 0 0 -0.965926 0.25882 0 0.25882 0.965926 41532.dat
1 0 385 -204.117 -196.823 0 -1 0 0.965926 0 0.25882 -0.25882 0 0.965926 32525.dat
1 71 400 -240.352 -332.053 0 -1 0 0.965926 0 0.25882 -0.25882 0 0.965926 6632.dat
1 14 385 -250.705 -370.69 -1 0 0 0 0.25882 0.965926 0 0.965926 -0.25882 30396.dat
1 72 385 -241.051 -373.29 0 0 1 -0.034899 0.999391 0 -0.999391 -0.034899 0 30395.dat
1 0 385 -195.621 -95.571 0 0 1 -0.25882 0.965926 0 -0.965926 -0.25882 0 57779.dat
1 72 405 -188.612 -138.87 -1 0 0 0 -0.999329 0.036645 0 0.036645 0.999329 32002.dat
1 72 365 -188.612 -138.87 1 0 0 0 -0.999329 -0.036645 0 0.036645 -0.999329 32002.dat
1 72 415 -189.34 -158.86 0 0 -1 -0.999329 0.036645 0 0.036645 0.999329 0 6536.dat
1 72 355 -189.34 -158.86 0 0 -1 -0.999329 0.036645 0 0.036645 0.999329 0 6536.dat
1 4 415 -169.352 -159.591 0 -1 0 0.036645 0 -0.999329 0.999329 0 0.036645 3713.dat
1 71 415 -204.327 -158.31 0 -1 0 0.036645 0 -0.999329 0.999329 0 0.036645 32123.dat
1 0 415 -109.393 -161.789 0 -1 0 0.999329 0 0.036645 -0.036645 0 0.999329 3737.dat
1 4 355 -169.352 -159.591 0 -1 0 0.036645 0 -0.999329 0.999329 0 0.036645 3713.dat
1 71 355 -204.327 -158.31 0 -1 0 0.036645 0 -0.999329 0.999329 0 0.036645 32123.dat
1 0 355 -109.393 -161.789 0 -1 0 0.999329 0 0.036645 -0.036645 0 0.999329 3737.dat
1 4 405 -142 35 -1 0 0 0 -0.965926 0.25882 0 0.25882 0.965926 32062.dat
1 4 365 -142 35 -1 0 0 0 -0.965926 0.25882 0 0.25882 0.965926 32062.dat
1 71 385 -22 -5 -1 0 0 0 -1 0 0 0 1 44294.dat
1 256 445 -22 -5 0 0 -1 0 -1 0 -1 0 0 30391.dat
1 71 445 -22 -5 0 0 -1 0 -1 0 -1 0 0 55982.dat
1 71 450 -22 -5 0 0 1 0 -1 0 1 0 0 32123.dat
1 256 325 -22 -5 0 0 1 0 -1 0 1 0 0 30391.dat
1 71 325 -22 -5 0 0 1 0 -1 0 1 0 0 55982.dat
1 71 320 -22 -5 0 0 -1 0 -1 0 -1 0 0 32123.dat
1 0 385 -22 -245 -1 0 0 0 -1 0 0 0 1 3737.dat
1 4 335 -22 -245 0 0 1 0 -1 0 1 0 0 3713.dat
1 4 435 -22 -245 0 0 -1 0 -1 0 -1 0 0 3713.dat
1 256 445 -22 -245 0 0 1 0 -1 0 1 0 0 30391.dat
1 71 445 -22 -245 0 0 1 0 -1 0 1 0 0 55982.dat
1 256 325 -22 -245 0 0 -1 0 -1 0 -1 0 0 30391.dat
1 71 325 -22 -245 0 0 -1 0 -1 0 -1 0 0 55982.dat
1 256 485 -22 -245 0 0 -1 0 -1 0 -1 0 0 30391.dat
1 71 485 -22 -245 0 0 -1 0 -1 0 -1 0 0 55982.dat
1 256 285 -22 -245 0 0 1 0 -1 0 1 0 0 30391.dat
1 71 285 -22 -245 0 0 1 0 -1 0 1 0 0 55982.dat
1 71 435 -104 25 1 0 0 0 1 0 0 0 1 3062.dat
1 71 435 -144 25 1 0 0 0 1 0 0 0 1 2343.dat
1 71 335 -104 25 1 0 0 0 1 0 0 0 1 3062.dat
1 71 335 -144 25 1 0 0 0 1 0 0 0 1 2343.dat
