0 Main
0 Name: 8830-1 - Rally 6-wheeler.mpd
0 Author: LTRON
1 0 0 0 20 1 0 0 0 1 0 0 0 1 3738.dat
1 0 0 0 -90 1 0 0 0 1 0 0 0 1 4442.dat
1 0 0 0 130 1 0 0 0 1 0 0 0 1 4442.dat
1 0 0 0 -170 1 0 0 0 1 0 0 0 1 3710.dat
1 0 -30 -24 -20 0 0 1 0 1 0 -1 0 0 3703.dat
1 7 -40 -14 -160 -1 0 0 0 0.357 0.934 0 0.934 -0.357 3749.dat
1 0 -40 -14 60 -1 0 0 0 1 0 0 0 -1 2780.dat
1 0 0 -8 -170 -1 0 0 0 1 0 0 0 -1 3023.dat
1 0 0 -16 -170 -1 0 0 0 1 0 0 0 -1 3023.dat
1 0 30 -24 -20 0 0 1 0 1 0 -1 0 0 3703.dat
1 7 40 -14 -160 1 0 0 0 0.357 -0.934 0 0.934 0.357 3749.dat
1 0 40 -14 60 -1 0 0 0 1 0 0 0 -1 2780.dat
1 0 70 -24 20 0 0 1 0 1 0 -1 0 0 3700.dat
1 0 0 -24 -170 1 0 0 0 1 0 0 0 1 2436.dat
1 0 0 -32 70 1 0 0 0 1 0 0 0 1 3710.dat
1 0 -70 -24 20 0 0 1 0 1 0 -1 0 0 3700.dat
1 7 70 -24 130 -1 0 0 0 1 0 0 0 -1 4261.dat
1 7 -70 -24 130 -1 0 0 0 1 0 0 0 -1 4261.dat
1 7 -70 -24 -90 1 0 0 0 1 0 0 0 1 4261.dat
1 7 70 -24 -90 1 0 0 0 1 0 0 0 1 4261.dat
1 7 80 -14 -90 1 0 0 0 1 0 0 0 1 3749.dat
1 7 80 -14 130 1 0 0 0 1 0 0 0 1 3749.dat
1 7 -80 -14 130 -1 0 0 0 1 0 0 0 -1 3749.dat
1 7 -80 -14 -90 -1 0 0 0 1 0 0 0 -1 3749.dat
1 7 80 -14 20 1 0 0 0 1 0 0 0 1 3749.dat
1 7 -80 -14 20 -1 0 0 0 1 0 0 0 -1 3749.dat
1 0 0 -32 -120 -1 0 0 0 1 0 0 0 -1 3709.dat
1 0 0 -32 -90 -1 0 0 0 1 0 0 0 -1 4442.dat
1 0 0 -32 130 -1 0 0 0 1 0 0 0 -1 4442.dat
1 0 0 -32 -170 -1 0 0 0 1 0 0 0 -1 2431.dat
1 7 -30 -32 -60 0 0 -1 0 1 0 1 0 0 3069.dat
1 7 30 -32 -60 0 0 -1 0 1 0 1 0 0 3069.dat
1 7 30 -32 100 0 0 -1 0 1 0 1 0 0 3069.dat
1 7 -30 -32 100 0 0 -1 0 1 0 1 0 0 3069.dat
1 14 0 -40 70 1 0 0 0 1 0 0 0 1 3710.dat
1 0 50 -32 20 1 0 0 0 1 0 0 0 1 3021.dat
1 0 -50 -32 20 1 0 0 0 1 0 0 0 1 3021.dat
1 14 0 -40 130 1 0 0 0 1 0 0 0 1 3710.dat
1 0 0 -48 70 1 0 0 0 1 0 0 0 1 3023.dat
1 0 -30 -40 20 0 0 1 0 1 0 -1 0 0 3023.dat
1 0 30 -40 20 0 0 1 0 1 0 -1 0 0 3023.dat
1 0 0 -48 -30 -1 0 0 0 1 0 0 0 -1 3010.dat
1 7 70 -24 90 0 0 -1 1 0 0 0 -1 0 3749.dat
1 7 -70 -24 90 0 0 -1 1 0 0 0 -1 0 3749.dat
1 7 -70 -24 -50 0 0 -1 1 0 0 0 -1 0 3749.dat
1 7 70 -24 -50 0 0 -1 1 0 0 0 -1 0 3749.dat
1 15 0 -14 -192 1 0 0 0 0 -1 0 1 0 2431.dat
1 0 30 -64 40 0 0 1 0 1 0 -1 0 0 3701.dat
1 0 -30 -64 40 0 0 1 0 1 0 -1 0 0 3701.dat
1 0 40 -54 60 -1 0 0 0 1 0 0 0 -1 2780.dat
1 0 -40 -54 60 -1 0 0 0 1 0 0 0 -1 2780.dat
1 14 30 -64 130 -1 0 0 0 1 0 0 0 -1 3665.dat
1 14 -30 -64 130 -1 0 0 0 1 0 0 0 -1 3665.dat
1 7 0 -40 90 -1 0 0 0 1 0 0 0 -1 4442.dat
1 7 0 -48 90 -1 0 0 0 1 0 0 0 -1 3743.dat
1 7 0 -40 -50 -1 0 0 0 1 0 0 0 -1 4442.dat
1 7 0 -48 -50 -1 0 0 0 1 0 0 0 -1 3743.dat
1 0 0 -62 20 0 0 -1 0 1 0 1 0 0 3707.dat
1 7 0 -62 -50 1 0 0 0 1 0 0 0 1 3647.dat
1 7 0 -62 90 1 0 0 0 1 0 0 0 1 3647.dat
1 7 0 -62 -12 1 0 0 0 1 0 0 0 1 3650.dat
1 0 0 -72 70 1 0 0 0 1 0 0 0 1 3700.dat
1 0 0 -72 -30 1 0 0 0 1 0 0 0 1 3701.dat
1 14 0 -72 140 1 0 0 0 1 0 0 0 1 3738.dat
1 14 30 -72 60 0 0 1 0 1 0 -1 0 0 3023.dat
1 14 -30 -72 60 0 0 1 0 1 0 -1 0 0 3023.dat
1 14 40 -72 20 0 0 1 0 1 0 -1 0 0 3022.dat
1 14 -40 -72 20 0 0 1 0 1 0 -1 0 0 3022.dat
1 14 50 -80 20 0 0 1 0 1 0 -1 0 0 3023.dat
1 14 -50 -80 20 0 0 1 0 1 0 -1 0 0 3023.dat
1 14 0 -80 -30 -1 0 0 0 1 0 0 0 -1 3666.dat
1 14 30 -80 100 0 0 -1 0 1 0 1 0 0 3666.dat
1 14 -30 -80 100 0 0 -1 0 1 0 1 0 0 3666.dat
1 14 0 -80 30 -1 0 0 0 1 0 0 0 -1 2431.dat
1 14 0 -80 10 -1 0 0 0 1 0 0 0 -1 2431.dat
1 14 0 -80 70 -1 0 0 0 1 0 0 0 -1 3023.dat
1 14 0 -104 70 -1 0 0 0 1 0 0 0 -1 3701.dat
1 14 30 -104 150 -1 0 0 0 1 0 0 0 -1 3005.dat
1 14 -30 -104 150 -1 0 0 0 1 0 0 0 -1 3005.dat
1 14 50 -104 30 -1 0 0 0 1 0 0 0 -1 3005.dat
1 14 -50 -104 30 -1 0 0 0 1 0 0 0 -1 3005.dat
1 14 50 -104 10 1 0 0 0 1 0 0 0 1 4286.dat
1 14 -50 -104 10 1 0 0 0 1 0 0 0 1 4286.dat
1 14 50 -70.038 -138.559 0 -1 0 -0.357 0 0.934 -0.934 0 -0.357 2825.dat
1 14 -50 -70.038 -138.559 0 1 0 0.357 0 0.934 0.934 0 -0.357 2825.dat
1 14 50 -54 70 0 0 1 -1 0 0 0 -1 0 3894.dat
1 14 -50 -54 70 0 0 1 -1 0 0 0 -1 0 3894.dat
1 0 60 -94 60 -1 0 0 0 1 0 0 0 -1 2780.dat
1 0 -60 -94 60 -1 0 0 0 1 0 0 0 -1 2780.dat
1 7 60 -70.038 -138.559 -1 0 0 0 -0.357 -0.934 0 -0.934 0.357 3749.dat
1 7 -60 -70.038 -138.559 1 0 0 0 -0.357 0.934 0 -0.934 -0.357 3749.dat
1 14 30 -112 150 1 0 0 0 1 0 0 0 1 3024.dat
1 14 -30 -112 150 1 0 0 0 1 0 0 0 1 3024.dat
1 14 0 -112 70 1 0 0 0 1 0 0 0 1 3023.dat
1 14 30 -112 50 0 0 1 0 1 0 -1 0 0 3623.dat
1 14 -30 -112 50 0 0 1 0 1 0 -1 0 0 3623.dat
1 14 30 -120 100 0 0 -1 0 1 0 1 0 0 3666.dat
1 14 -30 -120 100 0 0 -1 0 1 0 1 0 0 3666.dat
1 14 50 -112 10 0 0 -1 0 1 0 1 0 0 2420.dat
1 14 -50 -112 10 1 0 0 0 1 0 0 0 1 2420.dat
1 0 0 -80 140 1 0 0 0 1 0 0 0 1 2569.dat
1 0 0 -140 20 0 -0.991 0.131 1 0 0 0 0.131 0.991 3706.dat
1 7 0 -109 20 -0.131 -0.991 0 0 0 1 -0.991 0.131 0 4265.dat
1 7 0 -94 20 -0.131 -0.991 0 0 0 1 -0.991 0.131 0 3648.dat
1 14 70 -91.947 -40.478 0 0 -1 -0.12 0.993 0 0.993 0.12 0 3895.dat
1 14 -70 -91.947 -40.478 0 0 -1 -0.12 0.993 0 0.993 0.12 0 3895.dat
1 0 -0.011 -35.416 -216.029 1 0 0 0 0.934 0.357 0 -0.357 0.934 3737.dat
1 14 -50.011 -35.416 -216.029 0 -1 0 0.934 0 0.357 -0.357 0 0.934 2825.dat
1 7 -21.011 -35.416 -216.029 0 0 1 -0.357 0.934 0 -0.934 -0.357 0 3713.dat
1 7 17.989 -35.416 -216.029 0 0 -1 0.357 0.934 0 0.934 -0.357 0 3713.dat
1 7 2.989 -35.416 -216.029 0 0 -1 0.357 0.934 0 0.934 -0.357 0 4265.dat
1 7 -1.011 -49.942 -202.2835 1 0 0 0 0.68759 -0.726285 0 0.726285 0.68759 4273.dat
1 0 40 -120 20 1 0 0 0 1 0 0 0 1 3956.dat
1 0 -40 -120 20 1 0 0 0 1 0 0 0 1 3956.dat
1 14 0 -128 140 1 0 0 0 1 0 0 0 1 3738.dat
1 14 50 -35.418 -216.019 0 1 0 -0.934 0 0.357 0.357 0 0.934 2825.dat
1 4 0 -32 -110 1 0 0 0 1 0 0 0 1 2717.dat
1 14 0 -128 20 1 0 0 0 1 0 0 0 1 3709.dat
1 14 0 -120 40 0 0 1 0 1 0 -1 0 0 3709.dat
1 7 69.976 -51.483 -204.119 1 0 0 0 0.596 -0.803 0 0.803 0.596 3651.dat
1 0 69.976 -75.584 -186.254 0 0 1 0.803 0.596 0 -0.596 0.803 0 3705.dat
1 7 69.976 -99.685 -168.389 1 0 0 0 -0.596 0.803 0 -0.803 -0.596 4273.dat
1 7 -69.997 -51.483 -204.119 1 0 0 0 0.596 -0.803 0 0.803 0.596 3651.dat
1 0 -69.997 -75.584 -186.254 0 0 1 0.803 0.596 0 -0.596 0.803 0 3705.dat
1 7 -69.997 -99.685 -168.389 -1 0 0 0 0.596 0.803 0 0.803 -0.596 4273.dat
1 0 -1.011 -71.752 -181.661 0 0 1 0.726 0.687 0 -0.687 0.727 0 3705.dat
1 7 -1.011 -89.918 -164.482 1 0 0 0 0.687 -0.727 0 0.726 0.687 4265.dat
1 7 90 -35.418 -216.019 0 0 -0.999 -0.357 -0.934 0 -0.934 0.357 0 3713.dat
1 7 -89.997 -35.416 -216.029 0 0 0.999 0.375 -0.926 0 0.927 0.375 0 3713.dat
1 14 30 -152 40 0 0 -1 0 1 0 1 0 0 2744.dat
1 14 -30 -152 40 0 0 -1 0 1 0 1 0 0 2744.dat
1 7 40 -142 20 1 0 0 0 0.989 -0.147 0 0.147 0.989 3749.dat
1 7 -40 -142 20 -1 0 0 0 -0.989 -0.147 0 -0.147 0.989 3749.dat
1 14 0 -160 20 1 0 0 0 1 0 0 0 1 3709.dat
1 7 50 -142 20 0 0 -1 -0.989 -0.147 0 -0.147 0.989 0 4273.dat
1 7 -50 -142 20 0 0 1 -0.989 0.147 0 -0.147 -0.989 0 4273.dat
1 15 40 -140 -16 1 0 0 0 0 -1 0 1 0 4150.dat
1 15 -40 -140 -16 1 0 0 0 0 -1 0 1 0 4150.dat
1 7 70 -151.891 18.527 0 1 0 -0.989 0 -0.147 -0.147 0 0.989 4274.dat
1 7 -70 -151.89 18.53 0 1 0 -0.989 0 -0.147 -0.147 0 0.989 4274.dat
1 7 80.003 -115.751 -156.476 1 0 0 0 0.989 -0.147 0 0.147 0.989 4274.dat
1 7 -79.997 -115.751 -156.476 -1 0 0 0 0.988 0.147 0 0.147 -0.989 4274.dat
1 7 0 -169 20 -0.131 0.991 0 0 0 -1 -0.991 -0.131 0 4265.dat
1 7 0 -177 20 0.988 -0.155 0 0 0 1 -0.155 -0.988 0 4265.dat
1 7 -1.011 -97.164 -157.614 -1 0 0 0 0.687 0.726 0 0.726 -0.687 4185.dat
1 7 70 -139.061 0.217 0 1 0 0.989 0 0.147 0.147 0 -0.989 4273.dat
1 0 70.003 -128.9792 -67.4559 0 0 -1 -0.147 0.989 0 0.989 0.147 0 3707.dat
1 7 70.003 -118.6907 -136.6962 -1 0 0 0 -0.989 -0.147 0 -0.147 0.989 4273.dat
1 7 -70 -139.061 0.217 0 1 0 0.989 0 0.147 0.147 0 -0.989 4273.dat
1 0 -69.997 -128.9792 -67.4559 0 1 0 0.147 0 -0.989 -0.989 0 -0.147 3707.dat
1 7 -69.997 -118.6907 -136.6962 1 0 0 0 0.989 -0.147 0 0.147 0.989 4273.dat
1 7 0 -187 20 0.134 -0.991 0 0 0 -1 0.991 0.134 0 4185.dat
1 15 90 -14 -90 0 0 -1 1 0 0 0 -1 0 3482.dat
1 256 90 -14 -90 0 0 -1 0 1 0 1 0 0 2346.dat
1 15 90 -14 20 0 0 -1 1 0 0 0 -1 0 3482.dat
1 256 90 -14 20 0 0 -1 0 1 0 1 0 0 2346.dat
1 15 90 -14 130 0 0 -1 1 0 0 0 -1 0 3482.dat
1 256 90 -14 130 0 0 -1 0 1 0 1 0 0 2346.dat
1 15 -90 -14 130 0 0 1 1 0 0 0 1 0 3482.dat
1 256 -90 -14 130 0 0 1 0 1 0 -1 0 0 2346.dat
1 15 -90 -14 20 0 0 1 1 0 0 0 1 0 3482.dat
1 256 -90 -14 20 0 0 1 0 1 0 -1 0 0 2346.dat
1 15 -90 -14 -90 0 0 1 1 0 0 0 1 0 3482.dat
1 256 -90 -14 -90 0 0 1 0 1 0 -1 0 0 2346.dat
1 15 -1 -70.935 -98.518 1 0 0 0 0.996 0.087 0 -0.087 0.996 2699.dat
1 15 -1 -70.935 -98.518 1 0 0 0 0.996 0.087 0 -0.087 0.996 2698.dat
1 15 -1 -70.935 -98.518 1 0 0 0 0.996 0.087 0 -0.087 0.996 2710.dat
1 15 14 -54 -100 0.995 0.105 -0.001 -0.005 0.052 0.999 0.104 -0.993 0.052 2703.dat
1 15 -16 -54 -100 0.995 -0.105 0.001 0.005 0.052 0.999 -0.104 -0.993 0.052 2709.dat
1 15 -15.208 -51.892 -140.248 0.995 -0.104 0.004 0.02 0.224 0.974 -0.102 -0.969 0.225 2704.dat
1 15 13.208 -51.892 -140.248 0.995 0.104 -0.004 -0.02 0.224 0.974 0.102 -0.969 0.225 2704.dat
1 0 17.371 -42.928 -179.008 0.995 0.104 -0.004 -0.02 0.224 0.974 0.102 -0.969 0.225 2706.dat
1 0 -19.371 -42.928 -179.008 0.995 -0.104 0.004 0.02 0.224 0.974 -0.102 -0.969 0.225 2706.dat
1 14 -1 -124.73 -93.812 1 0 0 0 1 0 0 0 1 2707.dat
1 6 -1 -166.73 -93.812 1 0 0 0 1 0 0 0 1 2708.dat
1 23 25.2 -116.76 -94.509 0 0 -1 -0.174 0.985 0 0.985 0.174 0 2701.dat
1 23 25.2 -116.76 -94.509 0.906 0 -0.423 -0.073 0.985 -0.157 0.416 0.174 0.893 2705.dat
1 23 25.2 -116.76 -94.509 0.906 0 -0.423 -0.073 0.985 -0.157 0.416 0.174 0.893 2700.dat
1 23 38.301 -111.882 -122.178 0.906 0 -0.423 -0.073 0.985 -0.157 0.416 0.174 0.893 2701.dat
1 23 38.301 -111.882 -122.178 0.985 0.015 0.172 0.015 0.985 -0.173 -0.172 0.173 0.97 2705.dat
1 23 38.301 -111.882 -122.178 0.985 0.015 0.172 0.015 0.985 -0.173 -0.172 0.173 0.97 2700.dat
1 14 32.356 -105.913 -155.634 -0.985 -0.015 0.172 -0.015 -0.985 -0.173 0.172 -0.173 0.97 2702.dat
1 23 -27.2 -116.76 -94.509 0 0 1 -0.174 -0.985 0 0.985 -0.174 0 2701.dat
1 23 -27.2 -116.76 -94.509 -0.906 0 0.423 -0.073 -0.985 -0.157 0.416 -0.174 0.893 2705.dat
1 23 -27.2 -116.76 -94.509 -0.906 0 0.423 -0.073 -0.985 -0.157 0.416 -0.174 0.893 2700.dat
1 23 -40.301 -111.882 -122.178 -0.906 0 0.423 -0.073 -0.985 -0.157 0.416 -0.174 0.893 2701.dat
1 23 -40.301 -111.882 -122.178 -0.985 0.015 -0.172 0.015 -0.985 -0.173 -0.172 -0.173 0.97 2705.dat
1 23 -40.301 -111.882 -122.178 -0.985 0.015 -0.172 0.015 -0.985 -0.173 -0.172 -0.173 0.97 2700.dat
1 14 -34.356 -105.913 -155.634 0.985 -0.015 -0.172 -0.015 0.985 -0.173 0.172 0.173 0.97 2702.dat
1 47 -1 -154.73 -93.812 1 0 0 0 1 0 0 0 1 2716.dat
