0 Main
0 Name: 42022-1 - Hot Rod - Rally Racer.mpd
0 Author: LTRON
1 0 0 0 0 0 -1 0 -1 0 0 0 0 -1 32278.dat
1 71 60 20 120 0 0 -1 -1 0 0 0 1 0 40490.dat
1 0 120 -20 180 -1 0 0 0 -1 0 0 0 1 32557.dat
1 0 0 -20 180 -1 0 0 0 -1 0 0 0 1 32557.dat
1 1 -10 -40 190 0 0 1 0 -1 0 1 0 0 4274.dat
1 1 10 -40 190 0 0 1 0 -1 0 1 0 0 4274.dat
1 1 110 -40 190 0 0 1 0 -1 0 1 0 0 4274.dat
1 1 130 -40 190 0 0 1 0 -1 0 1 0 0 4274.dat
1 36 -10 -40 198 0 0 1 -1 0 0 0 -1 0 6141.dat
1 36 10 -40 198 0 0 1 -1 0 0 0 -1 0 6141.dat
1 36 110 -40 198 0 0 1 -1 0 0 0 -1 0 6141.dat
1 36 130 -40 198 0 0 1 -1 0 0 0 -1 0 6141.dat
1 1 140 0 100 -1 0 0 0 -1 0 0 0 1 6558.dat
1 0 160 0 80 0 -1 0 1 0 0 0 0 1 32523.dat
1 72 167 0 80 1 0 0 0 1 0 0 0 1 59426.dat
1 71 145 0 80 0 0 1 0 1 0 -1 0 0 32123.dat
1 1 140 0 60 -1 0 0 0 -1 0 0 0 1 6558.dat
1 72 140 0 100 0 0 1 0 -1 0 1 0 0 42003.dat
1 1 140 20 110 0 0 -1 0 -1 0 -1 0 0 43093.dat
1 71 135 0 0 0 0 1 -1 0 0 0 -1 0 32123.dat
1 0 120 0 0 0 -1 0 -1 0 0 0 0 -1 32278.dat
1 0 -40 0 80 0 -1 0 -1 0 0 0 0 -1 32523.dat
1 0 20 0 -240 0 -1 0 -1 0 0 0 0 -1 32278.dat
1 0 100 0 -240 0 -1 0 -1 0 0 0 0 -1 32278.dat
1 71 60 0 -200 0 0 1 -1 0 0 0 -1 0 32034.dat
1 71 60 -10 -200 0 0 1 -1 0 0 0 -1 0 3673.dat
1 19 10 0 -200 1 0 0 0 0 1 0 -1 0 99008.dat
1 71 60 0 -160 1 0 0 0 0 1 0 -1 0 60485.dat
1 71 60 0 -280 1 0 0 0 0 1 0 -1 0 32073.dat
1 71 60 0 -340 1 0 0 0 0 1 0 -1 0 32073.dat
1 0 40 0 -340 0 1 0 0 0 -1 -1 0 0 33299.dat
1 0 60 -20 -340 -1 0 0 0 0 -1 0 -1 0 3707.dat
1 0 130 -20 -340 -1 0 0 0 -1 0 0 0 1 6536.dat
1 0 100 -20 -340 -1 0 0 0 -1 0 0 0 1 6536.dat
1 71 70 -20 -340 -1 0 0 0 1 0 0 0 -1 62462.dat
1 71 115 -20 -340 0 0 1 0 -1 0 1 0 0 32123.dat
1 0 20 -20 -340 -1 0 0 0 -1 0 0 0 1 6536.dat
1 0 -10 -20 -340 -1 0 0 0 -1 0 0 0 1 6536.dat
1 1 -10 -40 -350 0 0 -1 0 -1 0 -1 0 0 4274.dat
1 1 20 -40 -350 0 0 -1 0 -1 0 -1 0 0 4274.dat
1 1 100 -40 -350 0 0 -1 0 -1 0 -1 0 0 4274.dat
1 1 130 -40 -350 0 0 -1 0 -1 0 -1 0 0 4274.dat
1 71 -10 -40 -350 0 0 1 1 0 0 0 1 0 95343.dat
1 71 20 -40 -358 0 0 1 1 0 0 0 1 0 95343.dat
1 71 100 -40 -358 0 0 1 1 0 0 0 1 0 95343.dat
1 47 20 -40 -358 0 0 1 1 0 0 0 1 0 6141.dat
1 47 100 -40 -358 0 0 1 1 0 0 0 1 0 6141.dat
1 71 130 -40 -350 0 0 1 1 0 0 0 1 0 95343.dat
1 71 5 -20 -340 0 0 1 0 -1 0 1 0 0 32123.dat
1 71 35 -20 -340 0 0 1 0 -1 0 1 0 0 32123.dat
1 0 55 0 -380 0 1 0 -1 0 0 0 0 1 32056.dat
1 0 65 0 -380 0 1 0 -1 0 0 0 0 1 32056.dat
1 71 40 0 -300 1 0 0 0 0 1 0 -1 0 32184.dat
1 71 80 0 -300 1 0 0 0 0 1 0 -1 0 32184.dat
1 71 100 -40 -300 1 0 0 0 0 1 0 -1 0 32184.dat
1 4 110 -40 -320 1 0 0 0 0 1 0 -1 0 32062.dat
1 71 0 -20 -320 1 0 0 0 -1 0 0 0 -1 32184.dat
1 71 120 -20 -320 1 0 0 0 -1 0 0 0 -1 32184.dat
1 71 60 0 -320 1 0 0 0 0 1 0 -1 0 44294.dat
1 71 60 0 -380 1 0 0 0 0 1 0 -1 0 44294.dat
1 71 -20 0 -380 0 0 -1 -1 0 0 0 1 0 32013.dat
1 71 140 0 -380 0 0 1 -1 0 0 0 -1 0 32013.dat
1 4 60 0 -280 0 0 -1 1 0 0 0 -1 0 3713.dat
1 71 60 0 -320 0 0 -1 1 0 0 0 -1 0 3713.dat
1 71 40 0 -380 0 0 -1 1 0 0 0 -1 0 3713.dat
1 71 80 0 -380 0 0 -1 1 0 0 0 -1 0 3713.dat
1 4 60 -40 -380 -1 0 0 0 0 -1 0 -1 0 32062.dat
1 71 45 -20 -380 0 1 0 0 0 -1 -1 0 0 41677.dat
1 71 75 -20 -380 0 1 0 0 0 -1 -1 0 0 41677.dat
1 4 40 0 -160 0 0 -1 1 0 0 0 -1 0 3713.dat
1 4 80 0 -160 0 0 -1 1 0 0 0 -1 0 3713.dat
1 0 10 0 -180 1 0 0 0 0 1 0 -1 0 2780.dat
1 71 60 20 -300 0 0 -1 0 -1 0 -1 0 0 40490.dat
1 71 60 -20 -300 0 0 -1 0 -1 0 -1 0 0 40490.dat
1 71 60 20 -380 0 0 -1 0 -1 0 -1 0 0 40490.dat
1 0 -20 10 -380 0 0 -1 -1 0 0 0 1 0 2780.dat
1 0 140 10 -380 0 0 -1 -1 0 0 0 1 0 2780.dat
1 71 60 -20 -260 0 0 -1 0 -1 0 -1 0 0 40490.dat
1 0 20 -30 -300 0 0 -1 -1 0 0 0 1 0 2780.dat
1 0 20 -40 -320 1 0 0 0 0 -1 0 1 0 6536.dat
1 71 20 -40 -320 1 0 0 0 0 -1 0 1 0 4519.dat
1 0 100 -30 -300 0 0 -1 -1 0 0 0 1 0 2780.dat
1 71 140 0 -280 -1 0 0 0 0 -1 0 -1 0 48989.dat
1 71 -20 0 -280 -1 0 0 0 0 -1 0 -1 0 48989.dat
1 72 170 0 -300 -1 0 0 0 0 -1 0 -1 0 87083.dat
1 71 190 0 -300 0 0 1 -1 0 0 0 -1 0 56145.dat
1 71 -70 0 -300 0 0 -1 -1 0 0 0 1 0 56145.dat
1 71 190 0 80 0 0 1 -1 0 0 0 -1 0 56145.dat
1 71 -70 0 80 0 0 -1 -1 0 0 0 1 0 56145.dat
1 256 -70 0 -300 0 0 -1 -1 0 0 0 1 0 44309.dat
1 256 -70 0 80 0 0 -1 -1 0 0 0 1 0 15413.dat
1 256 190 0 80 0 0 -1 -1 0 0 0 1 0 15413.dat
1 256 190 0 -300 0 0 -1 -1 0 0 0 1 0 44309.dat
1 72 -50 0 -300 1 0 0 0 0 -1 0 1 0 87083.dat
1 4 160 0 -300 0 0 1 -1 0 0 0 -1 0 3713.dat
1 4 200 0 80 0 0 1 -1 0 0 0 -1 0 3713.dat
1 4 200 0 -300 0 0 1 -1 0 0 0 -1 0 3713.dat
1 4 -40 0 -300 0 0 -1 -1 0 0 0 1 0 3713.dat
1 4 -80 0 80 0 0 -1 -1 0 0 0 1 0 3713.dat
1 4 -80 0 -300 0 0 -1 -1 0 0 0 1 0 3713.dat
1 71 5 0 -200 0 1 0 -1 0 0 0 0 1 32056.dat
1 71 -5 0 -200 0 1 0 -1 0 0 0 0 1 32056.dat
1 71 125 0 -200 0 1 0 -1 0 0 0 0 1 32056.dat
1 71 115 0 -200 0 1 0 -1 0 0 0 0 1 32056.dat
1 19 110 0 -200 -1 0 0 0 0 1 0 1 0 99008.dat
1 0 140 0 -200 0 0 -1 1 0 0 0 -1 0 32039.dat
1 0 -20 0 -200 0 0 1 1 0 0 0 1 0 32039.dat
1 71 160 -20 -200 0 0 -1 1 0 0 0 -1 0 4519.dat
1 71 -40 -20 -200 0 0 -1 1 0 0 0 -1 0 4519.dat
1 0 160 0 -160 0 0 1 1 0 0 0 1 0 32014.dat
1 0 -40 0 -160 0 -1 0 1 0 0 0 0 1 32014.dat
1 0 160 -20 -200 -1 0 0 0 -1 0 0 0 1 32140.dat
1 0 -40 -20 -200 1 0 0 0 1 0 0 0 1 32140.dat
1 0 120 -40 -180 0 0 1 0 -1 0 1 0 0 60484.dat
1 0 0 -40 -180 0 0 -1 0 -1 0 -1 0 0 60484.dat
1 1 160 -20 -160 0 0 1 -1 0 0 0 -1 0 6558.dat
1 1 -40 -20 -160 0 0 1 -1 0 0 0 -1 0 6558.dat
1 0 10 0 140 1 0 0 0 -1 0 0 0 -1 2780.dat
1 0 10 0 180 1 0 0 0 -1 0 0 0 -1 2780.dat
1 71 20 0 120 1 0 0 0 -1 0 0 0 -1 4519.dat
1 0 10 0 40 1 0 0 0 -1 0 0 0 -1 2780.dat
1 0 10 0 -100 1 0 0 0 -1 0 0 0 -1 2780.dat
1 0 10 0 -140 1 0 0 0 -1 0 0 0 -1 2780.dat
1 1 10 0 -40 1 0 0 0 -1 0 0 0 -1 43093.dat
1 1 10 0 20 1 0 0 0 -1 0 0 0 -1 43093.dat
1 1 -20 20 110 0 0 -1 0 -1 0 -1 0 0 43093.dat
1 71 20 0 -60 1 0 0 0 0 1 0 -1 0 32184.dat
1 0 20 0 120 0 1 0 -1 0 0 0 0 1 32140.dat
1 0 20 0 20 0 1 0 -1 0 0 0 0 1 32140.dat
1 1 -20 0 100 -1 0 0 0 1 0 0 0 -1 6558.dat
1 1 20 -20 180 1 0 0 0 1 0 0 0 1 6558.dat
1 1 -20 0 60 -1 0 0 0 1 0 0 0 -1 6558.dat
1 71 -15 0 0 0 0 1 0 1 0 -1 0 0 32123.dat
1 72 -20 0 100 0 0 -1 0 -1 0 -1 0 0 42003.dat
1 1 10 0 -260 -1 0 0 0 -1 0 0 0 1 4274.dat
1 1 110 0 -260 1 0 0 0 -1 0 0 0 -1 4274.dat
1 0 110 0 -100 1 0 0 0 -1 0 0 0 -1 3673.dat
1 0 110 0 -140 1 0 0 0 -1 0 0 0 -1 3673.dat
1 0 110 0 -180 1 0 0 0 -1 0 0 0 -1 3673.dat
1 71 60 -40 -80 -1 0 0 0 -1 0 0 0 1 32523.dat
1 1 -20 -140 -80 0 -1 0 1 0 0 0 0 1 32526.dat
1 1 140 -140 -80 0 -1 0 1 0 0 0 0 1 32526.dat
1 0 -10 -140 -40 -1 0 0 0 -1 0 0 0 1 2780.dat
1 0 20 -140 -60 0 -1 0 1 0 0 0 0 1 33299.dat
1 0 100 -140 -60 0 1 0 -1 0 0 0 0 1 33299.dat
1 71 20 -140 -60 -1 0 0 0 -1 0 0 0 1 4519.dat
1 71 100 -140 -60 -1 0 0 0 -1 0 0 0 1 4519.dat
1 71 60 -140 -60 0 0 1 1 0 0 0 1 0 32034.dat
1 0 130 -140 -40 -1 0 0 0 -1 0 0 0 1 2780.dat
1 0 0 -140 -40 0 -1 0 1 0 0 0 0 1 32316.dat
1 0 120 -140 -40 0 -1 0 1 0 0 0 0 1 32316.dat
1 0 -15 -40.068 30.091 0 1 0 -0.601815 0 0.798636 0.798636 0 0.601815 32063.dat
1 0 -25 -40.068 30.091 0 1 0 -0.601815 0 0.798636 0.798636 0 0.601815 32063.dat
1 1 40 0 -300 0 0 -1 -1 0 0 0 1 0 6558.dat
1 1 80 0 -300 0 0 -1 -1 0 0 0 1 0 6558.dat
1 71 0 10 -300 0 0 -1 -1 0 0 0 1 0 3673.dat
1 71 120 10 -300 0 0 -1 -1 0 0 0 1 0 3673.dat
1 0 145 -40.068 30.091 0 1 0 -0.601815 0 0.798636 0.798636 0 0.601815 32063.dat
1 0 135 -40.068 30.091 0 1 0 -0.601815 0 0.798636 0.798636 0 0.601815 32063.dat
1 0 40 0 80 0 0 1 0 -1 0 1 0 0 32270.dat
1 4 -20 0 80 0 0 -1 0 -1 0 -1 0 0 3713.dat
1 72 -28 0 80 1 0 0 0 -1 0 0 0 -1 55013.dat
1 0 50 0 -120 -1 0 0 0 0 -1 0 -1 0 3706.dat
1 0 110 0 -60 -1 0 0 0 0 -1 0 -1 0 2780.dat
1 0 40 10 -100 0 0 1 -1 0 0 0 -1 0 2780.dat
1 0 80 10 -100 0 0 1 -1 0 0 0 -1 0 2780.dat
1 4 90 -40 -40 -1 0 0 0 0 -1 0 -1 0 32062.dat
1 71 60 -40 -40 0 0 -1 0 1 0 1 0 0 32015.dat
1 71 60 15 -100 1 0 0 0 1 0 0 0 1 99773.dat
1 71 60 25 -100 1 0 0 0 1 0 0 0 1 99773.dat
1 0 60 0 -120 1 0 0 0 0 -1 0 1 0 6536.dat
1 71 40 0 -100 1 0 0 0 0 -1 0 1 0 32184.dat
1 71 80 0 -100 1 0 0 0 0 -1 0 1 0 32184.dat
1 0 95 0 -40 0 1 0 0 0 -1 -1 0 0 32056.dat
1 0 105 0 -40 0 1 0 0 0 -1 -1 0 0 32056.dat
1 71 60 0 -80 1 0 0 0 0 -1 0 1 0 44294.dat
1 72 60 0 -60 1 0 0 0 0 -1 0 1 0 42003.dat
1 0 60 -20 -100 0.998 0.065 0 0 0 1 0.065 -0.998 0 32269.dat
1 72 60 -30 -100 0 0.065 -0.998 1 0 0 0 -0.998 -0.065 87083.dat
1 0 60 -60 -100 0.065 0 -0.998 0 -1 0 -0.998 0 -0.065 32140.dat
1 0 60 -20 -60 0.779 0.627 0 0 0 1 0.627 -0.779 0 32270.dat
1 0 60 -160 -60 0.779 0.627 0 0 0 1 0.627 -0.779 0 32270.dat
1 72 60 -30 -60 0 0.627 -0.779 1 0 0 0 -0.779 -0.627 87083.dat
1 71 60 -120 -60 0 0.627 -0.779 1 0 0 0 -0.779 -0.627 32073.dat
1 0 60 -70 -60 0.779 0.627 0 0 0 1 0.627 -0.779 0 59443.dat
1 71 60 -90 20 1 0 0 0 1 0 0 0 1 32333.dat
1 0 -10 -80 0 1 0 0 0 1 0 0 0 1 2780.dat
1 0 -10 -100 0 1 0 0 0 1 0 0 0 1 2780.dat
1 0 -10 -120 0 1 0 0 0 1 0 0 0 1 2780.dat
1 0 130 -80 0 1 0 0 0 1 0 0 0 1 2780.dat
1 0 130 -100 0 1 0 0 0 1 0 0 0 1 2780.dat
1 0 130 -120 0 1 0 0 0 1 0 0 0 1 2780.dat
1 0 5 -70 0 0 -1 0 0 0 -1 1 0 0 32063.dat
1 0 -5 -70 0 0 -1 0 0 0 -1 1 0 0 32063.dat
1 0 125 -70 0 0 -1 0 0 0 -1 1 0 0 32063.dat
1 0 115 -70 0 0 -1 0 0 0 -1 1 0 0 32063.dat
1 71 60 -98 20 1 0 0 0 1 0 0 0 1 15573.dat
1 71 60 -106 20 1 0 0 0 1 0 0 0 1 4740.dat
1 71 60 -113 20 1 0 0 0 1 0 0 0 1 4740.dat
1 80 60 -121 20 1 0 0 0 1 0 0 0 1 6141.dat
1 71 60 -90 160 1 0 0 0 1 0 0 0 1 32333.dat
1 1 104 -48 30 0 0 -1 0 1 0 1 0 0 4274.dat
1 0 16 -48 30 0 0 -1 0 1 0 1 0 0 2780.dat
1 14 60 -40 50 0 1 0 -1 0 0 0 0 1 2853.dat
1 14 60 -40 130 0 -1 0 -1 0 0 0 0 -1 2853.dat
1 19 60 -40 70 0 1 0 -1 0 0 0 0 1 2854.dat
1 19 60 -40 110 0 -1 0 -1 0 0 0 0 -1 2854.dat
1 4 60 -50 90 0 1 0 0 0 -1 -1 0 0 32062.dat
1 4 40 -80 20 0 -1 0 0 0 -1 1 0 0 32054.dat
1 4 80 -80 20 0 -1 0 0 0 -1 1 0 0 32054.dat
1 0 60 -40 0 0 -1 0 0 0 -1 1 0 0 3705.dat
1 71 60 -40 170 0 -1 0 0 0 -1 1 0 0 4519.dat
1 1 80 -40 170 0 -1 0 0 0 -1 1 0 0 43093.dat
1 1 80 0 190 0 1 0 0 0 -1 -1 0 0 43093.dat
1 1 40 0 190 0 1 0 0 0 -1 -1 0 0 43093.dat
1 1 40 -40 170 0 -1 0 0 0 -1 1 0 0 43093.dat
1 71 40 -20 180 0 0 1 0 -1 0 1 0 0 32184.dat
1 71 60 0 200 0 0 1 1 0 0 0 1 0 32316.dat
1 0 100 0 210 0 0 1 0 1 0 -1 0 0 2780.dat
1 0 20 0 210 0 0 1 0 1 0 -1 0 0 2780.dat
1 0 40 -40 10 0 0 1 0 1 0 -1 0 0 2780.dat
1 0 80 -40 10 0 0 1 0 1 0 -1 0 0 2780.dat
1 72 80 -40 0 -1 0 0 0 -1 0 0 0 1 42003.dat
1 72 40 -40 0 -1 0 0 0 -1 0 0 0 1 42003.dat
1 71 60 -20 0 -1 0 0 0 -1 0 0 0 1 44294.dat
1 71 60 -20 0 0 0 -1 0 -1 0 -1 0 0 3713.dat
1 71 20 0 0 0 -1 0 0 0 -1 1 0 0 33299.dat
1 71 100 0 0 0 1 0 0 0 -1 -1 0 0 33299.dat
1 0 10 0 0 1 0 0 0 0 -1 0 1 0 3705.dat
1 0 110 0 0 1 0 0 0 0 -1 0 1 0 3705.dat
1 71 60 0 0 0 0 1 0 -1 0 1 0 0 32034.dat
1 71 60 0 120 0 0 1 0 -1 0 1 0 0 32034.dat
1 71 60 -40 0 -1 0 0 0 -1 0 0 0 1 3713.dat
1 0 60 -40 -20 -1 0 0 0 -1 0 0 0 1 32270.dat
1 14 25 -20 0 0 0 -1 0 -1 0 -1 0 0 32123.dat
1 14 95 -20 0 0 0 -1 0 -1 0 -1 0 0 32123.dat
1 71 100 0 230 0 0 -1 0 -1 0 -1 0 0 62462.dat
1 71 20 0 230 0 0 -1 0 -1 0 -1 0 0 62462.dat
1 71 80 -20 180 0 0 1 0 -1 0 1 0 0 32184.dat
1 1 100 -20 180 -1 0 0 0 -1 0 0 0 1 6558.dat
1 0 100 0 120 0 1 0 -1 0 0 0 0 1 32140.dat
1 0 110 0 180 1 0 0 0 1 0 0 0 1 2780.dat
1 0 110 0 140 1 0 0 0 1 0 0 0 1 2780.dat
1 71 100 0 120 1 0 0 0 1 0 0 0 1 4519.dat
1 71 60 -30 50 0.743145 0.669131 0 -0.669131 0.743145 0 0 0 1 2852.dat
1 71 60 -30 50 -0.743145 -0.669131 0 -0.669131 0.743145 0 0 0 -1 2852.dat
1 71 60 -30 130 0.743145 0.669131 0 -0.669131 0.743145 0 0 0 1 2852.dat
1 71 60 -30 130 -0.743145 -0.669131 0 -0.669131 0.743145 0 0 0 -1 2852.dat
1 71 60 -50 90 0.422618 0.906308 0 -0.906308 0.422618 0 0 0 1 2852.dat
1 71 60 -50 90 -0.422618 -0.906308 0 -0.906308 0.422618 0 0 0 -1 2852.dat
1 71 7.186 -79.672 90 -0.602 0.799 0 0.799 0.602 0 0 0 -1 2850.dat
1 71 7.186 -79.672 50 -0.602 0.799 0 0.799 0.602 0 0 0 -1 2850.dat
1 71 7.186 -79.672 130 -0.602 0.799 0 0.799 0.602 0 0 0 -1 2850.dat
1 0 15.92 -48.04 70 0 0.799 -0.602 0 0.602 0.799 1 0 0 2780.dat
1 0 15.92 -48.04 110 0 0.799 -0.602 0 0.602 0.799 1 0 0 2780.dat
1 0 15.92 -48.04 150 0 0.799 -0.602 0 0.602 0.799 1 0 0 2780.dat
1 0 40 -80 150 0 0.799 -0.602 0 0.602 0.799 1 0 0 2780.dat
1 0 40 -80 110 0 0.799 -0.602 0 0.602 0.799 1 0 0 2780.dat
1 0 40 -80 70 0 0.799 -0.602 0 0.602 0.799 1 0 0 2780.dat
1 14 33.553 -59.806 50 0 0.799 -0.602 0 0.602 0.799 1 0 0 2851.dat
1 14 33.553 -59.806 130 0 0.799 -0.602 0 0.602 0.799 1 0 0 2851.dat
1 14 23.965 -67.03 90 0 0.799 -0.602 0 0.602 0.799 1 0 0 2851.dat
1 71 112.734 -79.632 90 -0.602 -0.799 0 -0.799 0.602 0 0 0 -1 2850.dat
1 71 112.734 -79.632 50 -0.602 -0.799 0 -0.799 0.602 0 0 0 -1 2850.dat
1 71 112.734 -79.632 130 -0.602 -0.799 0 -0.799 0.602 0 0 0 -1 2850.dat
1 0 79.92 -79.96 70 0 -0.799 -0.602 0 0.602 -0.799 1 0 0 2780.dat
1 0 79.92 -79.96 110 0 -0.799 -0.602 0 0.602 -0.799 1 0 0 2780.dat
1 0 79.92 -79.96 150 0 -0.799 -0.602 0 0.602 -0.799 1 0 0 2780.dat
1 0 104 -48 150 0 -0.799 -0.602 0 0.602 -0.799 1 0 0 2780.dat
1 0 104 -48 110 0 -0.799 -0.602 0 0.602 -0.799 1 0 0 2780.dat
1 0 104 -48 70 0 -0.799 -0.602 0 0.602 -0.799 1 0 0 2780.dat
1 14 86.367 -59.766 50 0 -0.799 -0.602 0 0.602 -0.799 1 0 0 2851.dat
1 14 86.367 -59.766 130 0 -0.799 -0.602 0 0.602 -0.799 1 0 0 2851.dat
1 14 95.955 -66.99 90 0 -0.799 -0.602 0 0.602 -0.799 1 0 0 2851.dat
1 72 60 0 50 0 -0.707 -0.707 0 0.707 -0.707 1 0 0 55013.dat
1 0 60 0 -20 0.707 -0.707 0 0.707 0.707 0 0 0 1 32269.dat
1 14 60 0 105 0.707 -0.707 0 0.707 0.707 0 0 0 1 32123.dat
1 14 60 0 15 0.707 -0.707 0 0.707 0.707 0 0 0 1 32123.dat
1 19 60 0 97 -0.707 -0.707 0 -0.707 0.707 0 0 0 -1 6589.dat
1 0 60 -18.12 -151.52 0 1 0 -0.424 0 -0.906 -0.906 0 0.424 32523.dat
1 0 80 -18.12 -151.52 0 1 0 -0.424 0 -0.906 -0.906 0 0.424 32140.dat
1 0 70 -36.24 -143.04 -1 0 0 0 -0.424 -0.906 0 -0.906 0.424 2780.dat
1 1 70 -18.12 -151.52 1 0 0 0 -0.424 0.906 0 -0.906 -0.424 43093.dat
1 71 101.28 20 -249.92 -0.252 0 0.968 0 1 0 -0.968 0 -0.252 32316.dat
1 19 20.08 -30 -202.64 0 -0.066 0.998 1 0 0 0 0.998 0.066 3749.dat
1 71 60 -15 -200 0.998 0 0.066 0 -1 0 0.066 0 -0.998 99773.dat
1 71 60 -25 -200 0.998 0 0.066 0 -1 0 0.066 0 -0.998 99773.dat
1 71 62.64 0 -239.92 0 0.066 -0.998 1 0 0 0 -0.998 -0.066 87082.dat
1 0 20.1 -40 -162.6 1 0 0 0 1 0 0 0 1 32525.dat
1 71 20.1 -50 -102.6 0 -1 0 1 0 0 0 0 1 3673.dat
1 1 120 -97.28 -19.28 0 -1 0 -0.259 0 0.966 -0.966 0 -0.259 32526.dat
1 1 140 -97.28 -19.28 0 -1 0 -0.259 0 0.966 -0.966 0 -0.259 32526.dat
1 0 100 -77.96 -24.46 0 -1 0 -0.259 0 0.966 -0.966 0 -0.259 32523.dat
1 1 120 -20 -40 -1 0 0 0 0.259 0.966 0 0.966 -0.259 6558.dat
1 1 120 -58.64 -29.64 -1 0 0 0 0.259 0.966 0 0.966 -0.259 6558.dat
1 1 120 -97.28 -19.28 -1 0 0 0 0.259 0.966 0 0.966 -0.259 6558.dat
1 73 160 -40 -120 -1 0 0 0 -1 0 0 0 1 64391.dat
1 1 140 -20 -110 0 0 1 0 -1 0 1 0 0 43093.dat
1 71 140 -20 -105 -1 0 0 0 0 -1 0 -1 0 41677.dat
1 28 140 -40 -120 0 1 0 0 0 -1 -1 0 0 6587.dat
1 0 140 -40 -140 0 1 0 0 0 -1 -1 0 0 6536.dat
1 0 160 -30 -140 0 1 0 1 0 0 0 0 -1 2780.dat
1 0 160 -70 -120 0 1 0 1 0 0 0 0 -1 2780.dat
1 1 160 -70 -100 0 1 0 -1 0 0 0 0 1 4274.dat
1 0 160 -50 -80 0 1 0 1 0 0 0 0 -1 2780.dat
1 0 160 -50 -40 0 1 0 1 0 0 0 0 -1 2780.dat
1 71 160 -60 -80 1 0 0 0 -1 0 0 0 -1 32316.dat
1 0 175.094 -80 -106.878 0.656059 0 -0.75471 0 -1 0 -0.75471 0 -0.656059 32523.dat
1 73 -40 -40 -120 -1 0 0 0 -1 0 0 0 1 64683.dat
1 1 -20 -20 -110 0 0 1 0 -1 0 1 0 0 43093.dat
1 71 -20 -40 -105 -1 0 0 0 0 1 0 1 0 41677.dat
1 72 -20 -40 -112 0 -1 0 0 0 1 -1 0 0 87083.dat
1 0 -20 -40 -140 0 -1 0 0 0 1 -1 0 0 6536.dat
1 0 -40 -30 -140 0 -1 0 -1 0 0 0 0 -1 2780.dat
1 0 -40 -50 -80 0 -1 0 -1 0 0 0 0 -1 2780.dat
1 0 -40 -70 -120 0 -1 0 -1 0 0 0 0 -1 2780.dat
1 0 -55.094 -80 -106.878 0.656059 0 0.75471 0 -1 0 0.75471 0 -0.656059 32523.dat
1 1 -40 -70 -100 0 -1 0 -1 0 0 0 0 -1 4274.dat
1 0 -40 -50 -40 0 -1 0 -1 0 0 0 0 -1 2780.dat
1 71 -40 -60 -80 1 0 0 0 -1 0 0 0 -1 32316.dat
1 71 -20 -40 -95 0 -1 0 -1 0 0 0 0 -1 32123.dat
1 0 60 -73.9 -265.2 0 -1 0 0.974 0 -0.225 0.225 0 0.974 32525.dat
1 0 70 -96.4 -167.8 -1 0 0 0 -0.974 -0.225 0 -0.225 0.974 2780.dat
1 1 60 -82.9 -226.24 -1 0 0 0 -0.974 -0.225 0 -0.225 0.974 6558.dat
1 1 60 -73.9 -265.2 -1 0 0 0 -0.974 -0.225 0 -0.225 0.974 6558.dat
1 73 80 -91.9 -187.28 0 -1 0 -0.974 0 0.225 -0.225 0 -0.974 64392.dat
1 73 40 -91.9 -187.28 0 1 0 0.974 0 0.225 0.225 0 -0.974 64682.dat
1 73 -20 -125.48 58.2 0 -1 0 0.97 0 0.242 -0.242 0 0.97 32271.dat
1 1 -40 -120.64 77.6 0 1 0 0.97 0 -0.242 -0.242 0 -0.97 32526.dat
1 1 160 -120.64 77.6 0 1 0 0.97 0 -0.242 -0.242 0 -0.97 32526.dat
1 1 -20 -140 0 1 0 0 0 -0.97 -0.242 0 0.242 -0.97 6558.dat
1 1 140 -140 0 -1 0 0 0 -0.97 0.242 0 0.242 0.97 6558.dat
1 0 -30 -120.64 77.6 -1 0 0 0 -0.97 0.242 0 0.242 0.97 2780.dat
1 0 -10 -106.12 135.8 -1 0 0 0 -0.97 0.242 0 0.242 0.97 2780.dat
1 0 150 -120.64 77.6 -1 0 0 0 -0.97 0.242 0 0.242 0.97 2780.dat
1 0 130 -106.12 135.8 -1 0 0 0 -0.97 0.242 0 0.242 0.97 2780.dat
1 71 -20 -125.48 58.2 -1 0 0 0 -0.97 0.242 0 0.242 0.97 4519.dat
1 71 140 -125.48 58.2 -1 0 0 0 -0.97 0.242 0 0.242 0.97 4519.dat
1 71 60 -125.48 58.2 -1 0 0 0 -0.97 0.242 0 0.242 0.97 32073.dat
1 0 10 -125.48 58.2 0 0 1 0.242 -0.97 0 0.97 0.242 0 59443.dat
1 0 110 -125.48 58.2 0 0 1 0.242 -0.97 0 0.97 0.242 0 59443.dat
1 73 140 -125.48 58.2 0 -1 0 0.97 0 0.242 -0.242 0 0.97 32271.dat
1 71 0 -106.12 135.8 1 0 0 0 -0.939408 0.341612 0 -0.341612 -0.939408 32013.dat
1 0 60 -119.7845 173.3763 0 0 -1 -0.939408 -0.341612 0 -0.341612 0.939408 0 32525.dat
1 0 60 -126.6167 192.1645 0 0 -1 -0.939408 -0.341612 0 -0.341612 0.939408 0 32525.dat
1 28 0 -119.7845 173.3763 0 0 -1 -0.341612 0.939408 0 0.939408 0.341612 0 6587.dat
1 28 120 -119.7845 173.3763 0 0 -1 -0.341612 0.939408 0 0.939408 0.341612 0 6587.dat
1 0 -40 -123.2006 182.7704 0 0 -1 -0.341612 0.939408 0 0.939408 0.341612 0 2780.dat
1 0 160 -123.2006 182.7704 0 0 -1 -0.341612 0.939408 0 0.939408 0.341612 0 2780.dat
1 71 120 -106.12 135.8 1 0 0 0 -0.939408 0.341612 0 -0.341612 -0.939408 32013.dat
1 71 60 -59.592 190.136 -1 0 0 0 0.921199 0.388401 0 0.388401 -0.921199 60485.dat
1 0 60 -60.4 -242.1 0 -1 0 0.979 0 -0.204 0.204 0 0.979 32525.dat
1 1 60 -80.8 -144.2 -1 0 0 0 -0.979 -0.204 0 -0.204 0.979 6558.dat
1 71 40 -76.72 -163.78 0 -1 0 0.979 0 -0.204 0.204 0 0.979 60483.dat
1 71 80 -76.72 -163.78 0 -1 0 -0.204 0 -0.979 0.979 0 -0.204 60483.dat
1 71 60 -76.72 -163.78 -1 0 0 0 -0.979 -0.204 0 -0.204 0.979 32073.dat
1 71 0 -76.72 -163.78 0 0 1 -0.204 -0.979 0 0.979 -0.204 0 32034.dat
1 71 120 -76.72 -163.78 0 0 1 -0.204 -0.979 0 0.979 -0.204 0 32034.dat
1 1 -30 -76.72 -163.78 1 0 0 0 -0.979 0.204 0 -0.204 -0.979 43093.dat
1 1 150 -76.72 -163.78 -1 0 0 0 -0.979 -0.204 0 -0.204 0.979 43093.dat
1 1 120 -78.76 -153.99 0 0 1 -0.204 -0.979 0 0.979 -0.204 0 43093.dat
1 71 120 -83.656 -130.494 -1 0 0 0 0.204 -0.979 0 -0.979 -0.204 2819.dat
1 80 120 -85.288 -122.662 0 0 1 -0.979 0.204 0 -0.204 -0.979 0 6141.dat
1 0 -10 -140 -80 -1 0 0 0 -0.799 -0.602 0 -0.602 0.799 3705.dat
1 0 130 -140 -80 -1 0 0 0 -0.799 -0.602 0 -0.602 0.799 3705.dat
1 0 30 -140 -80 0 0 1 -0.602 -0.799 0 0.799 -0.602 0 59443.dat
1 0 90 -140 -80 0 0 1 -0.602 -0.799 0 0.799 -0.602 0 59443.dat
1 71 60 -140 -80 1 0 0 0 -0.799 0.602 0 -0.602 -0.799 4519.dat
1 0 -40 -127.96 -95.98 1 0 0 0 -0.799 0.602 0 -0.602 -0.799 32039.dat
1 0 160 -127.96 -95.98 1 0 0 0 -0.799 0.602 0 -0.602 -0.799 32039.dat
1 0 -40 -109.9 -119.95 0 0 -1 0.602 -0.799 0 -0.799 -0.602 0 3705.dat
1 0 160 -109.9 -119.95 0 0 -1 0.602 -0.799 0 -0.799 -0.602 0 3705.dat
1 71 -40 -76.79 -163.895 -1 0 0 0 0.799 0.602 0 0.602 -0.799 32013.dat
1 71 160 -76.79 -163.895 -1 0 0 0 0.799 0.602 0 0.602 -0.799 32013.dat
