0 Main
0 Name: 8203-1 - Rover Discovery.mpd
0 Author: LTRON
1 71 15 11.165 143.789 0 0 -1 -0.617 -0.787 0 -0.787 0.617 0 32123.dat
1 0 20 11.165 143.789 1 0 0 0 0.617 -0.787 0 0.787 0.617 4519.dat
1 71 25 11.165 143.789 0 0 -1 -0.617 -0.787 0 -0.787 0.617 0 32123.dat
1 14 0 0 0 0 -1 0 0.966 0 -0.259 0.259 0 0.966 6629.dat
1 14 40 0 0 0 -1 0 0.966 0 -0.259 0.259 0 0.966 6629.dat
1 71 15 0 0 0 0 -1 -0.966 -0.259 0 -0.259 0.966 0 32123.dat
1 0 20 0 0 1 0 0 0 0.966 -0.259 0 0.259 0.966 4519.dat
1 71 25 0 0 0 0 -1 -0.966 -0.259 0 -0.259 0.966 0 32123.dat
1 71 -10 -1.184 128.057 1 0 0 0 0.966 -0.259 0 0.259 0.966 3673.dat
1 71 50 -1.184 128.057 1 0 0 0 0.966 -0.259 0 0.259 0.966 3673.dat
1 0 -20 -1.184 128.057 0 0 1 0.259 0.966 0 -0.966 0.259 0 6118.dat
1 0 60 -1.184 128.057 0 0 -1 -0.259 0.966 0 0.966 0.259 0 6118.dat
1 71 -10 -5.176 19.319 1 0 0 0 0.966 -0.259 0 0.259 0.966 3673.dat
1 71 50 -5.176 19.319 1 0 0 0 0.966 -0.259 0 0.259 0.966 3673.dat
1 0 -20 -5.176 19.319 0 0 1 0.259 0.966 0 -0.966 0.259 0 6118.dat
1 0 60 -5.176 19.319 0 0 -1 -0.259 0.966 0 0.966 0.259 0 6118.dat
1 71 -15 -15.529 57.956 0 0 1 0.259 0.966 0 -0.966 0.259 0 32123.dat
1 0 20 -15.529 57.956 -1 0 0 0 0.259 -0.966 0 -0.966 -0.259 3705.dat
1 71 55 -15.529 57.956 0 0 1 0.259 0.966 0 -0.966 0.259 0 32123.dat
1 28 -10 -20.706 77.274 -1 0 0 0 0.966 0.259 0 0.259 -0.966 32002.dat
1 28 50 -20.706 77.274 1 0 0 0 0.966 -0.259 0 0.259 0.966 32002.dat
1 0 20 -28.004 -0.733 0 1 0 -0.978 0 0.208 0.208 0 0.978 6629.dat
1 0 20 -23.844 18.827 -1 0 0 0 -0.6576 0.7532 0 0.7532 0.6576 32556.dat
1 14 0 -23.844 18.827 -1 0 0 0 0.669128 0.742948 0 0.742948 -0.669128 32013.dat
1 14 40 -23.844 18.827 -1 0 0 0 0.669128 0.742948 0 0.742948 -0.669128 32013.dat
1 0 0 -46.66 142.259 -1 0 0 0 -0.6576 0.7532 0 0.7532 0.6576 6536.dat
1 0 40 -46.66 142.259 -1 0 0 0 -0.6576 0.7532 0 0.7532 0.6576 6536.dat
1 0 20 -46.66 142.259 -1 0 0 0 -0.6576 0.7532 0 0.7532 0.6576 4519.dat
1 0 0 -59.812 157.323 0 -1 0 0.7532 0 -0.6576 0.6576 0 0.7532 4519.dat
1 0 40 -59.812 157.323 0 -1 0 0.7532 0 -0.6576 0.6576 0 0.7532 4519.dat
1 0 20 -89.94 131.019 -1 0 0 0 -0.6576 0.7532 0 0.7532 0.6576 32556.dat
1 14 0 -89.94 131.019 -1 0 0 0 -0.946952 -0.318922 0 -0.318922 0.946952 32015.dat
1 14 40 -89.94 131.019 -1 0 0 0 -0.946952 -0.318922 0 -0.318922 0.946952 32015.dat
