0 
0 Name: New Model.ldr
0 Author: 
1 0 0 5.1034 708.1353 0 0 -1 0.107847 0.994167 0 0.994167 -0.107847 0 3021.dat
1 0 0 -20.9135 690.8403 1 0 0 0 0.994167 0.107847 0 -0.107847 0.994167 3747.dat
1 0 10 -17.6781 720.6653 0 0 1 -0.107847 0.994167 0 -0.994167 -0.107847 0 3700.dat
1 0 -10 -17.6781 720.6653 0 0 1 -0.107847 0.994167 0 -0.994167 -0.107847 0 3700.dat
1 72 0 -27.7884 701.6447 0 0 1 -0.107847 0.994167 0 -0.994167 -0.107847 0 3022.dat
1 4 0 -23.4745 741.4114 0 0 -1 0.107847 0.994167 0 0.994167 -0.107847 0 2444.dat
1 72 0 -32.1023 661.8781 0 0 -1 0.107847 0.994167 0 0.994167 -0.107847 0 4032.dat
1 0 0 -41.1341 652.7991 1 0 0 0 0.994167 0.107847 0 -0.107847 0.994167 3839.dat
1 0 26 -36.8946 636.2454 1 0 0 0 -0.107847 0.994167 0 -0.994167 -0.107847 59900.dat
1 0 -26 -36.8946 636.2454 1 0 0 0 -0.107847 0.994167 0 -0.994167 -0.107847 59900.dat
1 0 0 -30.3494 752.2158 -1 0 0 0 0.994167 -0.107847 0 -0.107847 -0.994167 3839.dat
1 72 0 -35.7417 702.5075 0 0 -1 0.107847 0.994167 0 0.994167 -0.107847 0 3020.dat
1 71 10 -54.2094 754.8042 0 0 -1 0.107847 0.994167 0 0.994167 -0.107847 0 3062.dat
1 71 -10 -54.2094 754.8042 0 0 -1 0.107847 0.994167 0 0.994167 -0.107847 0 3062.dat
1 0 -10 -57.4448 724.9792 0 0 1 -0.107847 0.994167 0 -0.994167 -0.107847 0 3700.dat
1 0 10 -57.4448 724.9792 0 0 1 -0.107847 0.994167 0 -0.994167 -0.107847 0 3700.dat
1 0 0 4.6994 778.5898 1 0 0 0 0.994167 0.107847 0 -0.107847 0.994167 47720.dat
1 71 0 -19.1606 781.1781 0 0 1 -0.107847 0.994167 0 -0.994167 -0.107847 0 6232.dat
1 0 -10 -27.114 782.0408 0 0 1 -0.107847 0.994167 0 -0.994167 -0.107847 0 2412.dat
1 0 10 -27.114 782.0408 0 0 1 -0.107847 0.994167 0 -0.994167 -0.107847 0 2412.dat
1 4 -10 -63.2412 745.7253 0 0 -1 0.107847 0.994167 0 0.994167 -0.107847 0 63868.dat
1 4 10 -63.2412 745.7253 0 0 -1 0.107847 0.994167 0 0.994167 -0.107847 0 63868.dat
1 0 0 -61.7587 685.2125 1 0 0 0 0.994167 0.107847 0 -0.107847 0.994167 2904.dat
1 71 25 -47.5031 723.9007 0 1 0 0.994167 0 -0.107847 -0.107847 0 -0.994167 32056.dat
1 1 20 -51.817 684.134 1 0 0 0 -0.994167 -0.107847 0 0.107847 -0.994167 43093.dat
1 19 20 -47.5031 723.9007 1 0 0 0 -0.994167 -0.107847 0 0.107847 -0.994167 3749.dat
1 19 20 -7.7365 719.5868 1 0 0 0 -0.994167 -0.107847 0 0.107847 -0.994167 3749.dat
1 71 35 -47.5031 723.9007 0 1 0 0.994167 0 -0.107847 -0.107847 0 -0.994167 32056.dat
1 71 -25 -47.5031 723.9007 0 1 0 0.994167 0 -0.107847 -0.107847 0 -0.994167 32056.dat
1 1 -20 -51.817 684.134 -1 0 0 0 0.994167 -0.107847 0 -0.107847 -0.994167 43093.dat
1 19 -20 -47.5031 723.9007 -1 0 0 0 0.994167 -0.107847 0 -0.107847 -0.994167 3749.dat
1 19 -20 -7.7365 719.5868 -1 0 0 0 0.994167 -0.107847 0 -0.107847 -0.994167 3749.dat
1 71 -35 -47.5031 723.9007 0 1 0 0.994167 0 -0.107847 -0.107847 0 -0.994167 32056.dat
1 72 0 -66.4766 715.9003 1 0 0 0 0.994167 0.107847 0 -0.107847 0.994167 3460.dat
1 4 0 -68.6336 696.0169 1 0 0 0 0.994167 0.107847 0 -0.107847 0.994167 3023.dat
1 72 0 -71.869 666.1919 1 0 0 0 0.994167 0.107847 0 -0.107847 0.994167 3020.dat
1 4 0 -75.5084 706.8214 0 0 1 -0.107847 0.994167 0 -0.994167 -0.107847 0 3795.dat
1 71 -30 -74.4299 716.7631 0 0 1 -0.107847 0.994167 0 -0.994167 -0.107847 0 6141.dat
1 71 30 -74.4299 716.7631 0 0 1 -0.107847 0.994167 0 -0.994167 -0.107847 0 6141.dat
1 72 60 -74.4299 716.7631 1 0 0 0 0.994167 0.107847 0 -0.107847 0.994167 44728.dat
1 0 70 -56.9192 692.7344 0 0 -1 -0.994167 0.107847 0 0.107847 0.994167 0 60478.dat
1 0 50 -56.9192 692.7344 0 0 -1 -0.994167 0.107847 0 0.107847 0.994167 0 60478.dat
1 72 60 -57.782 684.7811 0 0 -1 -0.994167 0.107847 0 0.107847 0.994167 0 3068.dat
1 72 -60 -74.4299 716.7631 1 0 0 0 0.994167 0.107847 0 -0.107847 0.994167 44728.dat
1 0 -50 -56.9192 692.7344 0 0 -1 -0.994167 0.107847 0 0.107847 0.994167 0 60478.dat
1 0 -70 -56.9192 692.7344 0 0 -1 -0.994167 0.107847 0 0.107847 0.994167 0 60478.dat
1 72 -60 -57.782 684.7811 0 0 -1 -0.994167 0.107847 0 0.107847 0.994167 0 3068.dat
1 0 0 -58.7865 796.2012 -1 0 0 0 0.946335 0.322823 0 0.322823 -0.946335 3839.dat
1 0 -26 -58.2737 813.2795 -1 0 0 0 -0.322823 0.946335 0 0.946335 0.322823 59900.dat
1 0 26 -58.2737 813.2795 -1 0 0 0 -0.322823 0.946335 0 0.946335 0.322823 59900.dat
1 71 0 -66.3572 793.6187 1 0 0 0 0.946335 -0.322823 0 0.322823 0.946335 48336.dat
1 14 -40 -82.3833 717.6259 1 0 0 0 0.994167 0.107847 0 -0.107847 0.994167 2431.dat
1 14 40 -82.3833 717.6259 1 0 0 0 0.994167 0.107847 0 -0.107847 0.994167 2431.dat
1 72 30 -79.8223 667.0547 0 0 -1 0.107847 0.994167 0 0.994167 -0.107847 0 44728.dat
1 72 -30 -79.8223 667.0547 0 0 1 -0.107847 0.994167 0 -0.994167 -0.107847 0 44728.dat
1 14 0 -87.7756 667.9175 0 0 1 -0.107847 0.994167 0 -0.994167 -0.107847 0 3020.dat
1 4 0 -78.0694 757.3925 0 0 1 -0.107847 0.994167 0 -0.994167 -0.107847 0 3021.dat
1 4 0 -89.2581 728.4303 0 0 1 -0.107847 0.994167 0 -0.994167 -0.107847 0 3795.dat
1 71 52 -62.0959 645.0144 0 -1 0 0.994167 0 0.107847 -0.107847 0 0.994167 41770.dat
1 80 60 -72.0376 646.0929 0 -1 0 -0.107847 0 0.994167 -0.994167 0 -0.107847 2412.dat
1 72 60 -58.8605 674.8394 0 -1 0 -0.994167 0 -0.107847 0.107847 0 -0.994167 3023.dat
1 71 68 -48.9188 673.761 0 -1 0 -0.994167 0 -0.107847 0.107847 0 -0.994167 6141.dat
1 71 92 -48.9188 673.761 0 -1 0 0.994167 0 0.107847 -0.107847 0 0.994167 4599.dat
1 71 -52 -62.0959 645.0144 0 1 0 -0.994167 0 0.107847 0.107847 0 0.994167 41769.dat
1 80 -60 -72.0376 646.0929 0 1 0 -0.107847 0 -0.994167 -0.994167 0 0.107847 2412.dat
1 72 -60 -58.8605 674.8394 0 1 0 0.994167 0 -0.107847 -0.107847 0 -0.994167 3023.dat
1 71 -68 -48.9188 673.761 0 1 0 0.994167 0 -0.107847 -0.107847 0 -0.994167 6141.dat
1 71 -92 -48.9188 673.761 0 1 0 -0.994167 0 0.107847 0.107847 0 0.994167 4599.dat
1 36 0 -91.8191 779.0014 -1 0 0 0 0.994167 -0.107847 0 -0.107847 -0.994167 3023.dat
1 72 0 -96.133 739.2347 -1 0 0 0 0.994167 -0.107847 0 -0.107847 -0.994167 3023.dat
1 0 0 -93.9761 759.118 1 0 0 0 0.994167 0.107847 0 -0.107847 0.994167 50948.dat
1 0 0 -104.0863 740.0975 1 0 0 0 0.994167 0.107847 0 -0.107847 0.994167 3069.dat
1 0 0 -101.9294 759.9808 1 0 0 0 0.994167 0.107847 0 -0.107847 0.994167 3069.dat
1 0 0 -99.7725 779.8642 1 0 0 0 0.994167 0.107847 0 -0.107847 0.994167 3069.dat
1 71 0 -5.932 581.2796 1 0 0 0 0.92848 0.370293 0 -0.370293 0.92848 60485.dat
1 71 0 -24.5016 588.6855 1 0 0 0 0.370293 -0.92848 0 0.92848 0.370293 32039.dat
1 71 0 -83.9243 612.3842 0 0 1 0.92848 0.370293 0 -0.370293 0.92848 0 44294.dat
1 4 20 -5.932 581.2796 0 0 -1 0.370293 0.92848 0 0.92848 -0.370293 0 3713.dat
1 4 -20 -5.932 581.2796 0 0 1 -0.370293 0.92848 0 -0.92848 -0.370293 0 3713.dat
1 14 -35 -5.932 581.2796 0 0 1 -0.370293 0.92848 0 -0.92848 -0.370293 0 32123.dat
1 14 35 -5.932 581.2796 0 0 1 -0.370293 0.92848 0 -0.92848 -0.370293 0 32123.dat
1 4 0 -38.4288 594.2399 -1 0 0 0 -0.92848 0.370293 0 0.370293 0.92848 41677.dat
1 71 0 -22.6776 620.2428 0 1 0 0.370293 0 0.92848 0.92848 0 -0.370293 2853.dat
1 14 0 -94.1717 616.4763 1 0 0 0 -0.370293 0.92848 0 -0.92848 -0.370293 32123.dat
1 14 -40 -92.0895 628.1508 0 0 1 -0.107847 0.994167 0 -0.994167 -0.107847 0 3020.dat
1 14 40 -92.0895 628.1508 0 0 1 -0.107847 0.994167 0 -0.994167 -0.107847 0 3020.dat
1 4 0 -97.8859 648.8969 -1 0 0 0 0.994167 -0.107847 0 -0.107847 -0.994167 3795.dat
1 72 -40 -88.4501 587.5214 -1 0 0 0 0.994167 -0.107847 0 -0.107847 -0.994167 3022.dat
1 72 40 -88.4501 587.5214 -1 0 0 0 0.994167 -0.107847 0 -0.107847 -0.994167 3022.dat
1 72 0 -105.8392 649.7597 -1 0 0 0 0.994167 -0.107847 0 -0.107847 -0.994167 4032.dat
1 72 -40 -97.4819 578.4424 -1 0 0 0 0.994167 -0.107847 0 -0.107847 -0.994167 3023.dat
1 72 40 -97.4819 578.4424 -1 0 0 0 0.994167 -0.107847 0 -0.107847 -0.994167 3023.dat
1 4 -50 -98.9644 638.9553 -1 0 0 0 0.994167 -0.107847 0 -0.107847 -0.994167 54200.dat
1 4 -30 -98.9644 638.9553 -1 0 0 0 0.994167 -0.107847 0 -0.107847 -0.994167 54200.dat
1 4 30 -98.9644 638.9553 -1 0 0 0 0.994167 -0.107847 0 -0.107847 -0.994167 54200.dat
1 4 50 -98.9644 638.9553 -1 0 0 0 0.994167 -0.107847 0 -0.107847 -0.994167 54200.dat
1 4 -40 -104.3567 589.2469 1 0 0 0 0.994167 0.107847 0 -0.107847 0.994167 47755.dat
1 4 40 -104.3567 589.2469 1 0 0 0 0.994167 0.107847 0 -0.107847 0.994167 47755.dat
1 47 -50 -91.6855 557.6964 1 0 0 0 0.994167 0.107847 0 -0.107847 0.994167 54200.dat
1 47 -30 -91.6855 557.6964 1 0 0 0 0.994167 0.107847 0 -0.107847 0.994167 54200.dat
1 47 30 -91.6855 557.6964 1 0 0 0 0.994167 0.107847 0 -0.107847 0.994167 54200.dat
1 47 50 -91.6855 557.6964 1 0 0 0 0.994167 0.107847 0 -0.107847 0.994167 54200.dat
1 71 0 -113.7926 650.6224 -1 0 0 0 0.994167 -0.107847 0 -0.107847 -0.994167 6141.dat
1 4 -50 -119.1849 600.9141 1 0 0 0 0.994167 0.107847 0 -0.107847 0.994167 50950.dat
1 4 -30 -119.1849 600.9141 1 0 0 0 0.994167 0.107847 0 -0.107847 0.994167 50950.dat
1 4 30 -119.1849 600.9141 1 0 0 0 0.994167 0.107847 0 -0.107847 0.994167 50950.dat
1 4 50 -119.1849 600.9141 1 0 0 0 0.994167 0.107847 0 -0.107847 0.994167 50950.dat
1 72 -60 -95.845 768.7337 0 0 1 0.322823 0.946335 0 -0.946335 0.322823 0 3020.dat
1 4 -60 -100.1874 756.6877 0 0 1 0.322823 0.946335 0 -0.946335 0.322823 0 3021.dat
1 4 -60 -117.4428 782.4952 -1 0 0 0 0.946335 0.322823 0 0.322823 -0.946335 47755.dat
1 4 -70 -128.2417 789.376 -1 0 0 0 0.946335 0.322823 0 0.322823 -0.946335 50950.dat
1 4 -50 -128.2417 789.376 -1 0 0 0 0.946335 0.322823 0 0.322823 -0.946335 50950.dat
1 4 -70 -98.0734 725.7151 0 0 1 0.322823 0.946335 0 -0.946335 0.322823 0 63868.dat
1 4 -50 -98.0734 725.7151 0 0 1 0.322823 0.946335 0 -0.946335 0.322823 0 63868.dat
1 4 -70 -108.8723 732.5959 0 0 1 0.322823 0.946335 0 -0.946335 0.322823 0 63864.dat
1 4 -50 -108.8723 732.5959 0 0 1 0.322823 0.946335 0 -0.946335 0.322823 0 63864.dat
1 72 60 -95.845 768.7337 0 0 1 0.322823 0.946335 0 -0.946335 0.322823 0 3020.dat
1 4 60 -100.1874 756.6877 0 0 1 0.322823 0.946335 0 -0.946335 0.322823 0 3021.dat
1 4 60 -117.4428 782.4952 -1 0 0 0 0.946335 0.322823 0 0.322823 -0.946335 47755.dat
1 4 50 -128.2417 789.376 -1 0 0 0 0.946335 0.322823 0 0.322823 -0.946335 50950.dat
1 4 70 -128.2417 789.376 -1 0 0 0 0.946335 0.322823 0 0.322823 -0.946335 50950.dat
1 4 50 -98.0734 725.7151 0 0 1 0.322823 0.946335 0 -0.946335 0.322823 0 63868.dat
1 4 70 -98.0734 725.7151 0 0 1 0.322823 0.946335 0 -0.946335 0.322823 0 63868.dat
1 4 50 -108.8723 732.5959 0 0 1 0.322823 0.946335 0 -0.946335 0.322823 0 63864.dat
1 4 70 -108.8723 732.5959 0 0 1 0.322823 0.946335 0 -0.946335 0.322823 0 63864.dat
1 71 0 -158.2615 642.0403 1 0 0 0 0.92848 0.370293 0 -0.370293 0.92848 4519.dat
1 0 40 -158.2615 642.0403 0 0 1 -0.92848 -0.370293 0 0.370293 -0.92848 0 32016.dat
1 71 0 -139.6919 634.6344 1 0 0 0 -0.370293 0.92848 0 -0.92848 -0.370293 32039.dat
1 0 -40 -158.2615 642.0403 0 0 -1 0.92848 -0.370293 0 -0.370293 -0.92848 0 32016.dat
1 0 -67.716 -154.0101 652.7001 -0.924 -0.383 0 0.141822 -0.342151 -0.92848 0.355608 -0.857915 0.370293 32062.dat
1 0 67.716 -154.0101 652.7001 -0.924 0.383 0 -0.141822 -0.342151 -0.92848 -0.355608 -0.857915 0.370293 32062.dat
1 71 60 -1.2656 779.2368 0 0 1 -0.107847 0.994167 0 -0.994167 -0.107847 0 55981.dat
1 256 60 -1.2656 779.2368 0 0 -1 0.107847 0.994167 0 0.994167 -0.107847 0 56891.dat
1 14 80 -1.2656 779.2368 0 1 0 0.107847 0 0.994167 0.994167 0 -0.107847 6141.dat
1 14 -80 -1.2656 779.2368 0 -1 0 -0.107847 0 0.994167 -0.994167 0 -0.107847 6141.dat
1 71 -60 -1.2656 779.2368 0 0 -1 0.107847 0.994167 0 0.994167 -0.107847 0 55981.dat
1 256 -60 -1.2656 779.2368 0 0 1 -0.107847 0.994167 0 -0.994167 -0.107847 0 56891.dat
1 71 60 -5.932 581.2796 0 0 1 0.370293 -0.92848 0 0.92848 0.370293 0 55981.dat
1 256 60 -5.932 581.2796 0 0 -1 0.370293 0.92848 0 0.92848 -0.370293 0 56891.dat
1 14 85 -5.932 581.2796 0 0 1 0.370293 -0.92848 0 0.92848 0.370293 0 32123.dat
1 71 -60 -5.932 581.2796 0 0 -1 -0.370293 -0.92848 0 -0.92848 0.370293 0 55981.dat
1 14 -85 -5.932 581.2796 0 0 -1 -0.370293 -0.92848 0 -0.92848 0.370293 0 32123.dat
1 256 -60 -5.932 581.2796 0 0 1 -0.370293 0.92848 0 -0.92848 -0.370293 0 56891.dat
