0 Main
0 Name: 10220 - Volkswagen T1 Camper Van.mpd
0 Author: LTRON
1 0 0 0 0 -1 0 0 0 1 0 0 0 -1 2445.dat
1 4 0 -8 10 -1 0 0 0 1 0 0 0 -1 60479.dat
1 4 -100 -8 -20 -1 0 0 0 1 0 0 0 -1 3020.dat
1 4 100 -8 -20 -1 0 0 0 1 0 0 0 -1 3020.dat
1 15 0 -8 -10 -1 0 0 0 1 0 0 0 -1 3023.dat
1 19 0 -16 10 -1 0 0 0 1 0 0 0 -1 3794.dat
1 0 0 0 -60 -1 0 0 0 1 0 0 0 -1 3035.dat
1 4 -70 -8 -70 0 0 1 0 1 0 -1 0 0 3623.dat
1 4 70 -8 -70 0 0 1 0 1 0 -1 0 0 3623.dat
1 38 -50 -8 -30 0 0 1 0 1 0 -1 0 0 6141.dat
1 38 50 -8 -30 0 0 1 0 1 0 -1 0 0 6141.dat
1 15 0 -8 -30 1 0 0 0 1 0 0 0 1 2431.dat
1 15 0 -24 10 -1 0 0 0 1 0 0 0 -1 4081.dat
1 4 -100 -32 -10 0 0 1 0 1 0 -1 0 0 3002.dat
1 4 100 -32 -10 0 0 1 0 1 0 -1 0 0 3002.dat
1 15 0 -32 10 0 0 1 0 1 0 -1 0 0 3070.dat
1 71 -40 -24 -70 -1 0 0 0 1 0 0 0 -1 3039.dat
1 71 40 -24 -70 -1 0 0 0 1 0 0 0 -1 3039.dat
1 4 130 -32 -30 0 0 -1 0 1 0 1 0 0 87087.dat
1 4 130 -32 -10 0 0 -1 0 1 0 1 0 0 87087.dat
1 4 -130 -32 -10 0 0 1 0 1 0 -1 0 0 87087.dat
1 4 -130 -32 -30 0 0 1 0 1 0 -1 0 0 87087.dat
1 4 0 -32 -10 1 0 0 0 1 0 0 0 1 3004.dat
1 0 -70 -22 -100 1 0 0 0 1 0 0 0 1 3705.dat
1 71 -30 -22 -100 0 0 1 0 1 0 -1 0 0 59443.dat
1 71 0 -22 -100 -1 0 0 0 1 0 0 0 -1 4519.dat
1 71 30 -22 -100 0 0 1 0 1 0 -1 0 0 59443.dat
1 0 70 -22 -100 1 0 0 0 1 0 0 0 1 3705.dat
1 14 -55 -22 -100 0 0 -1 0 1 0 1 0 0 32123.dat
1 14 55 -22 -100 0 0 -1 0 1 0 1 0 0 32123.dat
1 72 -70 -32 -120 0 0 -1 0 1 0 1 0 0 32018.dat
1 72 70 -32 -120 0 0 -1 0 1 0 1 0 0 32018.dat
1 14 -85 -22 -100 0 0 -1 0 1 0 1 0 0 32123.dat
1 14 85 -22 -100 0 0 -1 0 1 0 1 0 0 32123.dat
1 4 0 -40 0 -1 0 0 0 1 0 0 0 -1 3034.dat
1 4 90 -40 -30 1 0 0 0 1 0 0 0 1 30357.dat
1 4 -90 -40 -30 0 0 -1 0 1 0 1 0 0 30357.dat
1 71 80 -22 -140 1 0 0 0 -1 0 0 0 -1 4274.dat
1 71 80 -22 -120 1 0 0 0 -1 0 0 0 -1 4274.dat
1 71 -80 -22 -120 -1 0 0 0 -1 0 0 0 1 4274.dat
1 71 -80 -22 -140 -1 0 0 0 -1 0 0 0 1 4274.dat
1 72 -70 -40 -30 0 0 -1 0 1 0 1 0 0 4085.dat
1 72 70 -40 -30 0 0 1 0 1 0 -1 0 0 4085.dat
1 16 -50 -26 -30 -1 0 0 0 1 0 0 0 -1 752.dat
1 16 -50 -26 -30 -1 0 0 0 -1 0 0 0 1 755.dat
1 16 -34 -78 -90 0 1 0 1 0 0 0 0 -1 752.dat
1 16 -34 -78 -90 0 -1 0 1 0 0 0 0 1 755.dat
1 16 -50.0156 -31.7495 -30.0336 -0.99996 0.008889 0 0.008888 0.999776 0.019222 0.000171 0.019221 -0.999815 754.dat
1 16 -50.0649 -34.2461 -30.1412 -0.999702 0.024366 0.001332 0.024402 0.998285 0.053218 -0.000033 0.053235 -0.998582 754.dat
1 16 -50.1538 -36.7362 -30.3373 -0.999174 0.040386 0.004577 0.040634 0.995192 0.089118 -0.000956 0.089231 -0.996011 754.dat
1 16 -50.2875 -39.2139 -30.636 -0.998198 0.059098 0.010443 0.059961 0.989424 0.132082 -0.002526 0.13247 -0.991184 754.dat
1 16 -50.4653 -41.6739 -31.0389 -0.99691 0.076293 0.01868 0.078376 0.98188 0.172535 -0.005179 0.173466 -0.984826 754.dat
1 16 -50.6896 -44.1085 -31.5552 -0.994966 0.095481 0.030441 0.099842 0.97064 0.218837 -0.008652 0.220775 -0.975286 754.dat
1 16 -50.9581 -46.5123 -32.1834 -0.992639 0.112523 0.044802 0.120354 0.957826 0.260928 -0.013552 0.2644 -0.964318 754.dat
1 16 -51.2741 -48.8736 -32.9375 -0.989112 0.132393 0.064268 0.145925 0.938925 0.311649 -0.019082 0.317634 -0.948021 754.dat
1 16 -51.6362 -51.1833 -33.8199 -0.984813 0.150192 0.087092 0.171651 0.917555 0.358649 -0.026045 0.368152 -0.929401 754.dat
1 16 -52.0436 -53.4286 -34.8375 -0.978944 0.168459 0.115281 0.201332 0.889965 0.409179 -0.033667 0.423774 -0.905142 754.dat
1 16 -52.4897 -55.6056 -35.9797 -0.972325 0.182787 0.14551 0.229594 0.862867 0.450273 -0.043252 0.47122 -0.880954 754.dat
1 16 -52.9712 -57.7041 -37.2472 -0.963562 0.196853 0.1811 0.262143 0.829599 0.492997 -0.053193 0.522507 -0.850974 754.dat
1 16 -53.4847 -59.7114 -38.6433 -0.952562 0.209084 0.221154 0.297631 0.791749 0.533432 -0.063566 0.57395 -0.81642 754.dat
1 16 -54.0229 -61.6241 -40.158 -0.939741 0.218033 0.263341 0.333537 0.753866 0.566073 -0.075102 0.619796 -0.781161 754.dat
1 16 -54.5802 -63.4288 -41.7932 -0.923394 0.225071 0.310943 0.37419 0.708411 0.598445 -0.085583 0.668953 -0.738362 754.dat
1 16 -55.1482 -65.1294 -43.5336 -0.905514 0.228186 0.357737 0.412869 0.668342 0.618755 -0.097899 0.70799 -0.699404 754.dat
1 16 -55.7192 -66.7194 -45.3745 -0.883708 0.228535 0.408451 0.455254 0.62229 0.636788 -0.108646 0.748684 -0.653964 754.dat
1 16 -56.2845 -68.1929 -47.3116 -0.858723 0.225125 0.460341 0.498448 0.575447 0.648391 -0.118933 0.786244 -0.606363 754.dat
1 16 -56.8358 -69.5562 -49.332 -0.831298 0.218612 0.51103 0.540479 0.532493 0.651409 -0.129715 0.817716 -0.560816 754.dat
1 16 -57.3108 -70.6763 -51.2803 -0.796047 0.200803 0.570954 0.590372 0.465407 0.659438 -0.133309 0.862018 -0.489034 756.dat
1 16 -58.154 -72.6276 -55.0144 -0.731183 -0.174259 -0.65955 0.664688 -0.399534 -0.631318 -0.1535 -0.900004 0.40796 754.dat
1 16 -58.5735 -73.5975 -57.2791 -0.692219 -0.152771 -0.705333 0.703458 -0.361114 -0.612164 -0.161184 -0.919923 0.357438 754.dat
1 16 -58.9336 -74.4689 -59.5933 -0.649746 -0.123616 -0.750033 0.741651 -0.319452 -0.589834 -0.166686 -0.939505 0.299242 754.dat
1 16 -59.2191 -75.2404 -61.9531 -0.605827 -0.092268 -0.790228 0.776775 -0.283367 -0.562427 -0.17203 -0.954563 0.243343 754.dat
1 16 -59.4177 -75.9189 -64.3499 -0.558608 -0.049522 -0.827952 0.810705 -0.243519 -0.532406 -0.175256 -0.968631 0.176179 754.dat
1 16 -59.5066 -76.5016 -66.7782 -0.510289 -0.003036 -0.859998 0.841369 -0.2088 -0.498498 -0.178054 -0.977954 0.109103 754.dat
1 16 -59.4709 -76.997 -69.2267 -0.459663 0.054718 -0.886406 0.86986 -0.173471 -0.461792 -0.179034 -0.983318 0.032141 754.dat
1 16 -59.2836 -77.4055 -71.6838 -0.407506 0.122097 -0.905003 0.895628 -0.140053 -0.422179 -0.178295 -0.982587 -0.052281 754.dat
1 16 -58.9185 -77.7312 -74.1324 -0.353727 0.202166 -0.913239 0.918825 -0.107609 -0.379712 -0.175038 -0.973421 -0.147691 754.dat
1 16 -58.343 -77.9768 -76.5487 -0.298739 0.296051 -0.907254 0.939354 -0.076566 -0.334293 -0.168433 -0.952099 -0.255223 754.dat
1 16 -57.5215 -78.1461 -78.8983 -0.243109 0.405248 -0.88129 0.957151 -0.047161 -0.285722 -0.157351 -0.91299 -0.376418 754.dat
1 16 -56.4216 -78.2449 -81.1343 -0.189594 0.521896 -0.831672 0.971721 -0.021692 -0.235133 -0.140756 -0.852733 -0.503025 754.dat
1 16 -55.0218 -78.2824 -83.1949 -0.138691 0.650114 -0.747072 0.983279 0.000501 -0.182105 -0.118015 -0.759837 -0.639313 754.dat
1 16 -53.3188 -78.2708 -85.0132 -0.098348 0.756336 -0.646749 0.990887 0.014317 -0.133936 -0.092041 -0.654027 -0.750851 754.dat
1 16 -51.3613 -78.2291 -86.5536 -0.066964 0.847834 -0.526016 0.995623 0.022333 -0.09075 -0.065194 -0.529791 -0.845619 754.dat
1 16 -49.1932 -78.1718 -87.7824 -0.044862 0.914681 -0.401679 0.998125 0.02428 -0.056187 -0.041641 -0.403446 -0.914055 754.dat
1 16 -46.8756 -78.1131 -88.7022 -0.029645 0.95805 -0.285063 0.999282 0.021675 -0.031074 -0.023591 -0.285779 -0.958005 754.dat
1 16 -44.4641 -78.0626 -89.3442 -0.019347 0.981718 -0.189358 0.999745 0.016789 -0.015103 -0.011648 -0.189602 -0.981792 754.dat
1 16 -42.0008 -78.0255 -89.7534 -0.010885 0.994582 -0.103388 0.999932 0.010385 -0.005378 -0.004275 -0.103439 -0.994627 754.dat
1 16 -39.3956 -78.0047 -89.9581 -0.003064 0.999621 -0.02737 0.999995 0.003046 -0.000702 -0.000619 -0.027372 -0.999625 754.dat
1 16 50 -26 -30 -1 0 0 0 1 0 0 0 -1 752.dat
1 16 50 -26 -30 -1 0 0 0 -1 0 0 0 1 755.dat
1 16 34 -78 -90 0 -1 0 -1 0 0 0 0 -1 752.dat
1 16 34 -78 -90 0 1 0 -1 0 0 0 0 1 755.dat
1 16 50.0156 -31.7495 -30.0336 -0.99996 -0.008889 0 -0.008888 0.999776 0.019222 -0.000171 0.019221 -0.999815 754.dat
1 16 50.0649 -34.2461 -30.1412 -0.999702 -0.024366 -0.001332 -0.024402 0.998285 0.053218 0.000033 0.053235 -0.998582 754.dat
1 16 50.1538 -36.7362 -30.3373 -0.999174 -0.040386 -0.004577 -0.040634 0.995192 0.089118 0.000956 0.089231 -0.996011 754.dat
1 16 50.2875 -39.2139 -30.636 -0.998198 -0.059098 -0.010443 -0.059961 0.989424 0.132082 0.002526 0.13247 -0.991184 754.dat
1 16 50.4653 -41.6739 -31.0389 -0.99691 -0.076293 -0.01868 -0.078376 0.98188 0.172535 0.005179 0.173466 -0.984826 754.dat
1 16 50.6896 -44.1085 -31.5552 -0.994966 -0.095481 -0.030441 -0.099842 0.97064 0.218837 0.008652 0.220775 -0.975286 754.dat
1 16 50.9581 -46.5123 -32.1834 -0.992639 -0.112523 -0.044802 -0.120354 0.957826 0.260928 0.013552 0.2644 -0.964318 754.dat
1 16 51.2741 -48.8736 -32.9375 -0.989112 -0.132393 -0.064268 -0.145925 0.938925 0.311649 0.019082 0.317634 -0.948021 754.dat
1 16 51.6362 -51.1833 -33.8199 -0.984813 -0.150192 -0.087092 -0.171651 0.917555 0.358649 0.026045 0.368152 -0.929401 754.dat
1 16 52.0436 -53.4286 -34.8375 -0.978944 -0.168459 -0.115281 -0.201332 0.889965 0.409179 0.033667 0.423774 -0.905142 754.dat
1 16 52.4897 -55.6056 -35.9797 -0.972325 -0.182787 -0.14551 -0.229594 0.862867 0.450273 0.043252 0.47122 -0.880954 754.dat
1 16 52.9712 -57.7041 -37.2472 -0.963562 -0.196853 -0.1811 -0.262143 0.829599 0.492997 0.053193 0.522507 -0.850974 754.dat
1 16 53.4847 -59.7114 -38.6433 -0.952562 -0.209084 -0.221154 -0.297631 0.791749 0.533432 0.063566 0.57395 -0.81642 754.dat
1 16 54.0229 -61.6241 -40.158 -0.939741 -0.218033 -0.263341 -0.333537 0.753866 0.566073 0.075102 0.619796 -0.781161 754.dat
1 16 54.5802 -63.4288 -41.7932 -0.923394 -0.225071 -0.310943 -0.37419 0.708411 0.598445 0.085583 0.668953 -0.738362 754.dat
1 16 55.1482 -65.1294 -43.5336 -0.905514 -0.228186 -0.357737 -0.412869 0.668342 0.618755 0.097899 0.70799 -0.699404 754.dat
1 16 55.7192 -66.7194 -45.3745 -0.883708 -0.228535 -0.408451 -0.455254 0.62229 0.636788 0.108646 0.748684 -0.653964 754.dat
1 16 56.2845 -68.1929 -47.3116 -0.858723 -0.225125 -0.460341 -0.498448 0.575447 0.648391 0.118933 0.786244 -0.606363 754.dat
1 16 56.8358 -69.5562 -49.332 -0.831298 -0.218612 -0.51103 -0.540479 0.532493 0.651409 0.129715 0.817716 -0.560816 754.dat
1 16 57.3108 -70.6763 -51.2803 -0.796047 -0.200803 -0.570954 -0.590372 0.465407 0.659438 0.133309 0.862018 -0.489034 756.dat
1 16 58.154 -72.6276 -55.0144 -0.731183 0.174259 0.65955 -0.664688 -0.399534 -0.631318 0.1535 -0.900004 0.40796 754.dat
1 16 58.5735 -73.5975 -57.2791 -0.692219 0.152771 0.705333 -0.703458 -0.361114 -0.612164 0.161184 -0.919923 0.357438 754.dat
1 16 58.9336 -74.4689 -59.5933 -0.649746 0.123616 0.750033 -0.741651 -0.319452 -0.589834 0.166686 -0.939505 0.299242 754.dat
1 16 59.2191 -75.2404 -61.9531 -0.605827 0.092268 0.790228 -0.776775 -0.283367 -0.562427 0.17203 -0.954563 0.243343 754.dat
1 16 59.4177 -75.9189 -64.3499 -0.558608 0.049522 0.827952 -0.810705 -0.243519 -0.532406 0.175256 -0.968631 0.176179 754.dat
1 16 59.5066 -76.5016 -66.7782 -0.510289 0.003036 0.859998 -0.841369 -0.2088 -0.498498 0.178054 -0.977954 0.109103 754.dat
1 16 59.4709 -76.997 -69.2267 -0.459663 -0.054718 0.886406 -0.86986 -0.173471 -0.461792 0.179034 -0.983318 0.032141 754.dat
1 16 59.2836 -77.4055 -71.6838 -0.407506 -0.122097 0.905003 -0.895628 -0.140053 -0.422179 0.178295 -0.982587 -0.052281 754.dat
1 16 58.9185 -77.7312 -74.1324 -0.353727 -0.202166 0.913239 -0.918825 -0.107609 -0.379712 0.175038 -0.973421 -0.147691 754.dat
1 16 58.343 -77.9768 -76.5487 -0.298739 -0.296051 0.907254 -0.939354 -0.076566 -0.334293 0.168433 -0.952099 -0.255223 754.dat
1 16 57.5215 -78.1461 -78.8983 -0.243109 -0.405248 0.88129 -0.957151 -0.047161 -0.285722 0.157351 -0.91299 -0.376418 754.dat
1 16 56.4216 -78.2449 -81.1343 -0.189594 -0.521896 0.831672 -0.971721 -0.021692 -0.235133 0.140756 -0.852733 -0.503025 754.dat
1 16 55.0218 -78.2824 -83.1949 -0.138691 -0.650114 0.747072 -0.983279 0.000501 -0.182105 0.118015 -0.759837 -0.639313 754.dat
1 16 53.3188 -78.2708 -85.0132 -0.098348 -0.756336 0.646749 -0.990887 0.014317 -0.133936 0.092041 -0.654027 -0.750851 754.dat
1 16 51.3613 -78.2291 -86.5536 -0.066964 -0.847834 0.526016 -0.995623 0.022333 -0.09075 0.065194 -0.529791 -0.845619 754.dat
1 16 49.1932 -78.1718 -87.7824 -0.044862 -0.914681 0.401679 -0.998125 0.02428 -0.056187 0.041641 -0.403446 -0.914055 754.dat
1 16 46.8756 -78.1131 -88.7022 -0.029645 -0.95805 0.285063 -0.999282 0.021675 -0.031074 0.023591 -0.285779 -0.958005 754.dat
1 16 44.4641 -78.0626 -89.3442 -0.019347 -0.981718 0.189358 -0.999745 0.016789 -0.015103 0.011648 -0.189602 -0.981792 754.dat
1 16 42.0008 -78.0255 -89.7534 -0.010885 -0.994582 0.103388 -0.999932 0.010385 -0.005378 0.004275 -0.103439 -0.994627 754.dat
1 16 39.3956 -78.0047 -89.9581 -0.003064 -0.999621 0.02737 -0.999995 0.003046 -0.000702 0.000619 -0.027372 -0.999625 754.dat
1 4 0 -40 -110 1 0 0 0 1 0 0 0 1 3460.dat
1 0 50 -48 -110 1 0 0 0 1 0 0 0 1 3623.dat
1 0 -50 -48 -110 1 0 0 0 1 0 0 0 1 3623.dat
1 71 50 -56 -110 1 0 0 0 1 0 0 0 1 3623.dat
1 71 -50 -56 -110 1 0 0 0 1 0 0 0 1 3623.dat
1 14 10 -64 -100 0 0 -1 0 1 0 1 0 0 32000.dat
1 14 -10 -64 -100 0 0 -1 0 1 0 1 0 0 32000.dat
1 15 -30 -80 -110 0 0 -1 0 1 0 1 0 0 3005.dat
1 15 30 -80 -110 0 0 -1 0 1 0 1 0 0 3005.dat
1 15 0 -88 -110 -1 0 0 0 1 0 0 0 -1 3004.dat
1 15 50 -80 -110 0 0 -1 0 1 0 1 0 0 3040.dat
1 15 -50 -80 -110 0 0 1 0 1 0 -1 0 0 3040.dat
1 15 -30 -104 -110 0 0 1 0 1 0 -1 0 0 50950.dat
1 15 30 -104 -110 0 0 -1 0 1 0 1 0 0 50950.dat
1 0 20 -54 -90 1 0 0 0 1 0 0 0 1 2780.dat
1 0 -20 -54 -90 -1 0 0 0 1 0 0 0 -1 2780.dat
1 71 40 -54 -90 -1 0 0 0 1 0 0 0 -1 62462.dat
1 71 -40 -54 -90 -1 0 0 0 1 0 0 0 -1 62462.dat
1 47 -10 -88 -90 0 0 1 0 1 0 -1 0 0 4070.dat
1 47 10 -88 -90 0 0 -1 0 1 0 1 0 0 4070.dat
1 71 0 -24 -50 1 0 0 0 1 0 0 0 1 3039.dat
1 0 0 -48 -50 1 0 0 0 1 0 0 0 1 3700.dat
1 19 0 -38 -40 0 0 -1 0 1 0 1 0 0 3749.dat
1 14 0 -38 -35 -1 0 0 0 1 0 0 0 -1 32123.dat
1 71 0 -38 -25 -1 0 0 0 1 0 0 0 -1 4185.dat
1 0 0 -62 -60 0 0 -1 0 1 0 1 0 0 2780.dat
1 0 0 -72 -50 1 0 0 0 1 0 0 0 1 3700.dat
1 71 0 -62 -70 0.707 0 0.707 0.707 0 -0.707 0 1 0 44809.dat
1 71 -21.207 -54.931 -70 -0.707 0.707 0 -0.707 -0.707 0 0 0 1 4274.dat
1 0 -26.862 -60.586 -70 0 0.707 0.707 0 0.707 -0.707 -1 0 0 3024.dat
1 4 28.275 -62 -70 -0.707 0.707 0 0.707 0.707 0 0 0 -1 32054.dat
1 80 -32.517 -66.242 -70 0 0.707 0.707 0 0.707 -0.707 -1 0 0 6141.dat
1 80 -38.172 -71.897 -70 0 0.707 0.707 0 0.707 -0.707 -1 0 0 6141.dat
1 0 -10 -96 -50 1 0 0 0 1 0 0 0 1 6541.dat
1 0 -10 -86 -40 0 0 -1 0 1 0 1 0 0 2780.dat
1 0 10 -80 -70 0 0 -1 0 1 0 1 0 0 2420.dat
1 80 -10 -88 -70 0 0 1 0 1 0 -1 0 0 6141.dat
1 80 10 -88 -70 0 0 1 0 1 0 -1 0 0 6141.dat
1 0 -10 -104 -50 0 0 1 0 1 0 -1 0 0 3024.dat
1 71 -10 -86 -30 1 0 0 0 1 0 0 0 1 42610.dat
1 71 0 -96 -80 0 0 1 0 1 0 -1 0 0 4032.dat
1 71 0 -104 -80 0 0 1 0 1 0 -1 0 0 4032.dat
1 15 28 -22 30 0 -1 0 0 0 1 -1 0 0 3005.dat
1 15 36 -22 30 0 -1 0 0 0 -1 1 0 0 4085.dat
1 15 60 -22 30 0 -1 0 0 0 1 -1 0 0 3005.dat
1 15 84 -22 30 0 -1 0 0 0 1 -1 0 0 3005.dat
1 15 92 -22 30 0 -1 0 0 0 1 -1 0 0 3024.dat
1 15 100 -22 30 0 -1 0 0 0 1 -1 0 0 3024.dat
1 15 108 -22 30 0 -1 0 0 0 -1 1 0 0 4085.dat
1 15 156 -22 -10 0 -1 0 -1 0 0 0 0 -1 6005.dat
1 71 118.5 -2 30 0 1 0 1 0 0 0 0 -1 87618.dat
1 15 156 -22 -20 0 -1 0 0 0 -1 1 0 0 3069.dat
1 15 148 -22 -30 0 -1 0 0 0 1 -1 0 0 3024.dat
1 15 -12 -22 30 0 1 0 0 0 1 1 0 0 3024.dat
1 15 -36 -22 30 0 1 0 0 0 1 1 0 0 3005.dat
1 15 -60 -22 30 0 1 0 0 0 1 1 0 0 3005.dat
1 15 -84 -22 30 0 1 0 0 0 1 1 0 0 3005.dat
1 15 -108 -22 30 0 1 0 0 0 1 1 0 0 3005.dat
1 15 -156 -22 -10 0 1 0 1 0 0 0 0 -1 6005.dat
1 15 -156 -22 -20 0 1 0 0 0 -1 -1 0 0 3069.dat
1 15 -148 -22 -30 0 1 0 1 0 0 0 0 -1 3024.dat
1 0 -80 -22 -240 -1 0 0 0 1 0 0 0 -1 2780.dat
1 0 -80 -22 -180 -1 0 0 0 1 0 0 0 -1 2780.dat
1 72 -90 -32 -300 0 0 -1 0 1 0 1 0 0 32018.dat
1 0 -80 -22 -360 -1 0 0 0 1 0 0 0 -1 2780.dat
1 0 -80 -22 -420 -1 0 0 0 1 0 0 0 -1 2780.dat
1 71 -80 -22 -460 -1 0 0 0 -1 0 0 0 1 4274.dat
1 71 -80 -22 -480 -1 0 0 0 -1 0 0 0 1 4274.dat
1 72 -70 -32 -480 0 0 -1 0 1 0 1 0 0 32018.dat
1 0 70 -22 -500 -1 0 0 0 1 0 0 0 -1 3705.dat
1 71 30 -22 -500 0 0 -1 0 1 0 1 0 0 59443.dat
1 71 0 -22 -500 1 0 0 0 1 0 0 0 1 4519.dat
1 71 -30 -22 -500 0 0 -1 0 1 0 1 0 0 59443.dat
1 0 -70 -22 -500 -1 0 0 0 1 0 0 0 -1 3705.dat
1 14 55 -22 -500 0 0 1 0 1 0 -1 0 0 32123.dat
1 14 -55 -22 -500 0 0 1 0 1 0 -1 0 0 32123.dat
1 72 90 -32 -300 0 0 -1 0 1 0 1 0 0 32018.dat
1 0 80 -22 -240 -1 0 0 0 1 0 0 0 -1 2780.dat
1 0 80 -22 -180 -1 0 0 0 1 0 0 0 -1 2780.dat
1 0 80 -22 -420 -1 0 0 0 1 0 0 0 -1 2780.dat
1 0 80 -22 -360 -1 0 0 0 1 0 0 0 -1 2780.dat
1 72 70 -32 -480 0 0 -1 0 1 0 1 0 0 32018.dat
1 71 80 -22 -460 1 0 0 0 -1 0 0 0 -1 4274.dat
1 71 80 -22 -480 1 0 0 0 -1 0 0 0 -1 4274.dat
1 14 85 -22 -500 0 0 -1 0 1 0 1 0 0 32123.dat
1 14 -85 -22 -500 0 0 -1 0 1 0 1 0 0 32123.dat
1 0 80 0 -300 0 0 1 0 1 0 -1 0 0 2445.dat
1 4 70 -8 -300 0 0 1 0 1 0 -1 0 0 60479.dat
1 0 100 -8 -300 0 0 1 0 1 0 -1 0 0 2445.dat
1 4 110 -32 -420 0 0 -1 0 1 0 1 0 0 3660.dat
1 4 110 -32 -380 0 0 -1 0 1 0 1 0 0 3660.dat
1 4 110 -32 -340 0 0 -1 0 1 0 1 0 0 3660.dat
1 4 110 -32 -300 0 0 -1 0 1 0 1 0 0 3660.dat
1 4 110 -32 -260 0 0 -1 0 1 0 1 0 0 3660.dat
1 4 110 -32 -220 0 0 -1 0 1 0 1 0 0 3660.dat
1 4 110 -32 -180 0 0 -1 0 1 0 1 0 0 3660.dat
1 4 70 -32 -320 0 0 1 0 1 0 -1 0 0 3660.dat
1 4 70 -32 -280 0 0 1 0 1 0 -1 0 0 3660.dat
1 0 -80 0 -300 0 0 -1 0 1 0 1 0 0 2445.dat
1 4 -70 -8 -300 0 0 -1 0 1 0 1 0 0 60479.dat
1 0 -100 -8 -300 0 0 -1 0 1 0 1 0 0 2445.dat
1 4 -110 -32 -180 0 0 1 0 1 0 -1 0 0 3660.dat
1 4 -110 -32 -220 0 0 1 0 1 0 -1 0 0 3660.dat
1 4 -110 -32 -260 0 0 1 0 1 0 -1 0 0 3660.dat
1 4 -110 -32 -300 0 0 1 0 1 0 -1 0 0 3660.dat
1 4 -110 -32 -340 0 0 1 0 1 0 -1 0 0 3660.dat
1 4 -110 -32 -380 0 0 1 0 1 0 -1 0 0 3660.dat
1 4 -110 -32 -420 0 0 1 0 1 0 -1 0 0 3660.dat
1 4 -70 -32 -280 0 0 -1 0 1 0 1 0 0 3660.dat
1 4 -70 -32 -320 0 0 -1 0 1 0 1 0 0 3660.dat
1 0 0 -40 -220 -1 0 0 0 1 0 0 0 -1 3029.dat
1 0 0 -40 -300 -1 0 0 0 1 0 0 0 -1 3029.dat
1 0 0 -40 -380 -1 0 0 0 1 0 0 0 -1 3029.dat
1 15 120 -40 -170 1 0 0 0 1 0 0 0 1 3023.dat
1 15 -120 -40 -170 1 0 0 0 1 0 0 0 1 3023.dat
1 15 130 -40 -430 1 0 0 0 1 0 0 0 1 3024.dat
1 15 -100 -40 -430 1 0 0 0 1 0 0 0 1 3710.dat
1 15 -130 -40 -300 0 0 -1 0 1 0 1 0 0 60479.dat
1 15 130 -40 -300 0 0 -1 0 1 0 1 0 0 60479.dat
1 15 110 -48 -210 1 0 0 0 1 0 0 0 1 3024.dat
1 71 -100 -48 -210 1 0 0 0 1 0 0 0 1 3023.dat
1 4 120 -48 -180 1 0 0 0 1 0 0 0 1 3022.dat
1 4 -120 -48 -180 1 0 0 0 1 0 0 0 1 3022.dat
1 4 130 -48 -320 0 0 1 0 1 0 -1 0 0 60479.dat
1 4 -130 -48 -220 0 0 1 0 1 0 -1 0 0 3069.dat
1 4 -130 -48 -420 0 0 1 0 1 0 -1 0 0 3069.dat
1 4 -130 -48 -320 0 0 1 0 1 0 -1 0 0 4162.dat
1 15 -100 -48 -240 1 0 0 0 1 0 0 0 1 3068.dat
1 15 -20 -48 -240 1 0 0 0 1 0 0 0 1 3068.dat
1 15 60 -48 -240 1 0 0 0 1 0 0 0 1 3068.dat
1 15 100 -48 -280 1 0 0 0 1 0 0 0 1 3068.dat
1 15 20 -48 -280 1 0 0 0 1 0 0 0 1 3068.dat
1 15 -60 -48 -280 1 0 0 0 1 0 0 0 1 3068.dat
1 15 -100 -48 -320 1 0 0 0 1 0 0 0 1 3068.dat
1 15 -20 -48 -320 1 0 0 0 1 0 0 0 1 3068.dat
1 15 60 -48 -320 1 0 0 0 1 0 0 0 1 3068.dat
1 0 -100 -48 -280 1 0 0 0 1 0 0 0 1 3068.dat
1 0 -60 -48 -240 1 0 0 0 1 0 0 0 1 3068.dat
1 0 -60 -48 -320 1 0 0 0 1 0 0 0 1 3068.dat
1 0 -20 -48 -280 1 0 0 0 1 0 0 0 1 3068.dat
1 0 20 -48 -240 1 0 0 0 1 0 0 0 1 3068.dat
1 0 100 -48 -240 1 0 0 0 1 0 0 0 1 3068.dat
1 0 60 -48 -280 1 0 0 0 1 0 0 0 1 3068.dat
1 0 20 -48 -320 1 0 0 0 1 0 0 0 1 3068.dat
1 0 100 -48 -320 1 0 0 0 1 0 0 0 1 3068.dat
1 0 -100 -48 -350 1 0 0 0 1 0 0 0 1 3069.dat
1 0 60 -48 -350 1 0 0 0 1 0 0 0 1 3069.dat
1 0 -20 -48 -350 1 0 0 0 1 0 0 0 1 3069.dat
1 15 20 -48 -350 1 0 0 0 1 0 0 0 1 3069.dat
1 15 -60 -48 -350 1 0 0 0 1 0 0 0 1 3069.dat
1 15 100 -48 -350 1 0 0 0 1 0 0 0 1 3069.dat
1 0 0 0 -600 1 0 0 0 1 0 0 0 1 2445.dat
1 4 90 -8 -610 1 0 0 0 1 0 0 0 1 3623.dat
1 4 -90 -8 -610 1 0 0 0 1 0 0 0 1 3623.dat
1 4 0 -8 -620 0 0 -1 0 1 0 1 0 0 3020.dat
1 15 -30 -8 -600 0 0 -1 0 1 0 1 0 0 3023.dat
1 15 30 -8 -600 0 0 -1 0 1 0 1 0 0 3023.dat
1 72 0 -16 -620 1 0 0 0 1 0 0 0 1 3022.dat
1 19 0 -16 -650 1 0 0 0 1 0 0 0 1 3794.dat
1 72 -20 -32 -590 -1 0 0 0 1 0 0 0 -1 3747.dat
1 72 20 -32 -590 -1 0 0 0 1 0 0 0 -1 3747.dat
1 28 0 -24 -620 -1 0 0 0 1 0 0 0 -1 87580.dat
1 15 0 -24 -650 1 0 0 0 1 0 0 0 1 4081.dat
1 4 -100 -8 -580 1 0 0 0 1 0 0 0 1 3020.dat
1 4 100 -8 -580 1 0 0 0 1 0 0 0 1 3020.dat
1 4 130 -32 -570 0 0 -1 0 1 0 1 0 0 87087.dat
1 4 130 -32 -590 0 0 -1 0 1 0 1 0 0 87087.dat
1 4 -130 -32 -570 0 0 1 0 1 0 -1 0 0 87087.dat
1 4 -130 -32 -590 0 0 1 0 1 0 -1 0 0 87087.dat
1 4 -110 -32 -610 0 0 -1 0 1 0 1 0 0 3005.dat
1 4 110 -32 -610 0 0 -1 0 1 0 1 0 0 3005.dat
1 4 30 -32 -610 0 0 -1 0 1 0 1 0 0 3005.dat
1 4 -30 -32 -610 0 0 -1 0 1 0 1 0 0 3005.dat
1 15 0 -32 -630 0 0 -1 0 1 0 1 0 0 63864.dat
1 4 0 -40 -580 0 0 -1 0 1 0 1 0 0 3022.dat
1 71 0 -40 -550 1 0 0 0 1 0 0 0 1 3460.dat
1 4 0 -40 -610 1 0 0 0 1 0 0 0 1 60479.dat
1 72 80 -40 -580 -1 0 0 0 1 0 0 0 -1 3795.dat
1 72 -80 -40 -580 -1 0 0 0 1 0 0 0 -1 3795.dat
1 0 70 -40 -500 0 0 1 0 1 0 -1 0 0 3710.dat
1 0 -70 -40 -500 0 0 1 0 1 0 -1 0 0 3710.dat
1 15 -12 -22 -670 0 1 0 0 0 -1 -1 0 0 3024.dat
1 15 -20 -22 -670 0 1 0 0 0 -1 -1 0 0 3024.dat
1 15 -30 -22 -680 0 0 1 1 0 0 0 1 0 4070.dat
1 15 -44 -22 -670 0 1 0 0 0 -1 -1 0 0 3024.dat
1 15 -52 -22 -670 0 1 0 0 0 -1 -1 0 0 3024.dat
1 15 -76 -22 -670 0 1 0 0 0 -1 -1 0 0 3005.dat
1 15 -156 -22 -580 0 1 0 -1 0 0 0 0 1 6060.dat
1 15 -156 -22 -580 0 1 0 0 0 1 1 0 0 3069.dat
1 15 12 -22 -670 0 -1 0 0 0 1 -1 0 0 3024.dat
1 15 20 -22 -670 0 -1 0 0 0 1 -1 0 0 3024.dat
1 15 30 -22 -680 0 0 -1 -1 0 0 0 1 0 4070.dat
1 15 44 -22 -670 0 -1 0 0 0 1 -1 0 0 3024.dat
1 15 52 -22 -670 0 -1 0 0 0 1 -1 0 0 3024.dat
1 15 76 -22 -670 0 -1 0 0 0 1 -1 0 0 3005.dat
1 15 156 -22 -580 0 -1 0 1 0 0 0 0 1 6060.dat
1 15 156 -22 -580 0 -1 0 0 0 -1 1 0 0 3069.dat
1 15 0 -22 -688 1 0 0 0 0 -1 0 1 0 2431.dat
1 15 0 -22 -688 1 0 0 0 0 -1 0 1 0 4614415d.dat
1 4 -90 -40 10 1 0 0 0 1 0 0 0 1 54200.dat
1 4 0 -48 10 -1 0 0 0 1 0 0 0 -1 4162.dat
1 4 90 -40 10 1 0 0 0 1 0 0 0 1 54200.dat
1 4 -120 -72 -190 -1 0 0 0 1 0 0 0 -1 3004.dat
1 4 90 -64 -200 0 0 1 0 1 0 -1 0 0 3004.dat
1 0 90 -48 -10 0 0 1 0 1 0 -1 0 0 3024.dat
1 0 -90 -48 -10 0 0 1 0 1 0 -1 0 0 3024.dat
1 4 110 -48 -30 1 0 0 0 1 0 0 0 1 3623.dat
1 4 -110 -48 -30 1 0 0 0 1 0 0 0 1 3623.dat
1 72 -70 -40 -20 1 0 0 0 1 0 0 0 1 61409.dat
1 72 70 -40 -20 1 0 0 0 1 0 0 0 1 61409.dat
1 71 -90 -72 -20 0 0 1 0 1 0 -1 0 0 3004.dat
1 71 90 -72 -20 0 0 1 0 1 0 -1 0 0 3004.dat
1 71 110 -72 -200 0 0 1 0 1 0 -1 0 0 3004.dat
1 71 80 -72 -200 0 0 1 0 1 0 -1 0 0 3731.dat
1 4 -120 -72 -170 -1 0 0 0 1 0 0 0 -1 3660.dat
1 4 120 -72 -30 1 0 0 0 1 0 0 0 1 3660.dat
1 4 -120 -72 -30 1 0 0 0 1 0 0 0 1 3660.dat
1 4 -110 -64 -10 -1 0 0 0 1 0 0 0 -1 85080.dat
1 4 110 -64 -10 0 0 -1 0 1 0 1 0 0 85080.dat
1 71 110 -96 -200 0 0 1 0 1 0 -1 0 0 3039.dat
1 4 110 -88 -10 0 0 -1 0 1 0 1 0 0 85080.dat
1 4 -110 -88 -10 -1 0 0 0 1 0 0 0 -1 85080.dat
1 4 -120 -96 -170 0 0 1 0 1 0 -1 0 0 3002.dat
1 4 -110 -96 -30 1 0 0 0 1 0 0 0 1 3622.dat
1 4 110 -96 -30 1 0 0 0 1 0 0 0 1 3622.dat
1 4 90 -96 -10 -1 0 0 0 1 0 0 0 -1 87087.dat
1 4 -90 -96 -10 -1 0 0 0 1 0 0 0 -1 87087.dat
1 4 120 -72 -170 -1 0 0 0 1 0 0 0 -1 3660.dat
1 71 -90 -76 24 0 0 1 -1 0 0 0 -1 0 3004.dat
1 71 90 -76 24 0 0 1 -1 0 0 0 -1 0 3004.dat
1 36 90 -76 32 0 0 1 -1 0 0 0 -1 0 3069.dat
1 36 -90 -76 32 0 0 1 -1 0 0 0 -1 0 3069.dat
1 71 110 -96 -160 0 0 1 0 1 0 -1 0 0 3004.dat
1 4 110 -112 -10 0 0 -1 0 1 0 1 0 0 85080.dat
1 4 -110 -112 -10 -1 0 0 0 1 0 0 0 -1 85080.dat
1 4 -120 -96 -50 -1 0 0 0 1 0 0 0 -1 3004.dat
1 4 120 -96 -50 -1 0 0 0 1 0 0 0 -1 3004.dat
1 0 110 -120 -120 0 0 1 0 1 0 -1 0 0 925.dat
1 0 -110 -120 -120 0 0 1 0 1 0 -1 0 0 925.dat
1 4 130 -120 -50 -1 0 0 0 1 0 0 0 -1 3005.dat
1 4 110 -120 -210 -1 0 0 0 1 0 0 0 -1 3005.dat
1 4 -130 -120 -50 -1 0 0 0 1 0 0 0 -1 3005.dat
1 4 -130 -120 -170 0 0 1 0 1 0 -1 0 0 3622.dat
1 4 130 -96 -30 0 0 1 0 1 0 -1 0 0 54200.dat
1 4 -130 -96 -30 0 0 -1 0 1 0 1 0 0 54200.dat
1 4 -90 -104 -10 0 0 -1 0 1 0 1 0 0 3623.dat
1 4 90 -104 -10 0 0 -1 0 1 0 1 0 0 3623.dat
1 4 90 -112 10 0 0 -1 0 1 0 1 0 0 3024.dat
1 4 -90 -112 10 0 0 -1 0 1 0 1 0 0 3024.dat
1 72 0 -112 -60 -1 0 0 0 1 0 0 0 -1 3033.dat
1 4 -70 -120 -10 -1 0 0 0 1 0 0 0 -1 6019.dat
1 4 70 -120 -10 -1 0 0 0 1 0 0 0 -1 6019.dat
1 320 0 -120 -10 -1 0 0 0 1 0 0 0 -1 3666.dat
1 320 70 -120 -30 -1 0 0 0 1 0 0 0 -1 3024.dat
1 320 -30 -120 -30 -1 0 0 0 1 0 0 0 -1 3024.dat
1 320 20 -120 -30 -1 0 0 0 1 0 0 0 -1 2431.dat
1 320 -30 -120 -80 0 0 1 0 1 0 -1 0 0 2431.dat
1 320 70 -120 -80 0 0 1 0 1 0 -1 0 0 2431.dat
1 73 0 -120 -60 0 0 1 0 1 0 -1 0 0 3068.dat
1 73 0 -120 -100 0 0 1 0 1 0 -1 0 0 3068.dat
1 73 40 -120 -60 0 0 1 0 1 0 -1 0 0 3068.dat
1 73 40 -120 -100 0 0 1 0 1 0 -1 0 0 3068.dat
1 28 -60 -120 -60 -1 0 0 0 1 0 0 0 -1 87580.dat
1 4 0 -128 -10 1 0 0 0 1 0 0 0 1 4162.dat
1 4 90 -120 -80 0 0 1 0 1 0 -1 0 0 3710.dat
1 4 0 -68 4 1 0 0 0 0 1 0 -1 0 3034.dat
1 0 -50 -58 12 -1 0 0 0 0 -1 0 -1 0 2420.dat
1 0 50 -58 12 0 0 1 -1 0 0 0 -1 0 2420.dat
1 0 0 -58 12 1 0 0 0 0 1 0 -1 0 3710.dat
1 0 -70 -88 12 0 0 1 -1 0 0 0 -1 0 60478.dat
1 0 70 -88 12 0 0 1 -1 0 0 0 -1 0 60478.dat
1 15 0 -78 4 1 0 0 0 0 1 0 -1 0 85984.dat
1 4 -30 -78 4 1 0 0 0 0 1 0 -1 0 54200.dat
1 4 30 -78 4 1 0 0 0 0 1 0 -1 0 54200.dat
1 4 60 -78 20 1 0 0 0 0 1 0 -1 0 3069.dat
1 4 -60 -78 20 1 0 0 0 0 1 0 -1 0 3069.dat
1 4 -50 -58 20 1 0 0 0 0 1 0 -1 0 63864.dat
1 4 50 -58 20 1 0 0 0 0 1 0 -1 0 63864.dat
1 4 0 -58 20 1 0 0 0 0 1 0 -1 0 3794.dat
1 15 0 -78 14 -1 0 0 0 0.514 -0.857 0 -0.857 -0.514 4614415e.dat
1 4 0 -98 20 1 0 0 0 0 1 0 -1 0 4162.dat
1 80 0 -58 28 1 0 0 0 0 1 0 -1 0 6141.dat
1 4 -40 -98 12 1 0 0 0 0 1 0 -1 0 32028.dat
1 4 0 -98 12 1 0 0 0 0 1 0 -1 0 32028.dat
1 4 40 -98 12 1 0 0 0 0 1 0 -1 0 32028.dat
1 4 90 -120 -30 1 0 0 0 1 0 0 0 1 30357.dat
1 4 -90 -120 -30 0 0 -1 0 1 0 1 0 0 30357.dat
1 4 110 -144 -10 0 0 -1 0 1 0 1 0 0 85080.dat
1 4 -110 -144 -10 -1 0 0 0 1 0 0 0 -1 85080.dat
1 4 -130 -128 -40 0 0 1 0 1 0 -1 0 0 3023.dat
1 4 130 -128 -40 0 0 1 0 1 0 -1 0 0 3023.dat
1 71 -130 -136 -40 0 0 1 0 1 0 -1 0 0 3023.dat
1 71 130 -136 -40 0 0 1 0 1 0 -1 0 0 3023.dat
1 4 -90 -144 -10 0 0 1 0 1 0 -1 0 0 3622.dat
1 4 90 -144 -10 0 0 1 0 1 0 -1 0 0 3622.dat
1 4 -120 -128 -170 0 0 1 0 1 0 -1 0 0 3021.dat
1 70 -110 -128 -130 0 0 1 0 1 0 -1 0 0 6141.dat
1 70 -110 -128 -70 0 0 1 0 1 0 -1 0 0 6141.dat
1 70 110 -128 -130 0 0 1 0 1 0 -1 0 0 6141.dat
1 70 110 -128 -70 0 0 1 0 1 0 -1 0 0 6141.dat
1 4 130 -144 -40 0 0 -1 0 1 0 1 0 0 4175.dat
1 4 -130 -144 -40 0 0 1 0 1 0 -1 0 0 4175.dat
1 15 110 -128 -100 0 0 -1 0 1 0 1 0 0 44728.dat
1 15 -110 -128 -100 0 0 1 0 1 0 -1 0 0 44728.dat
1 4 90 -152 -30 1 0 0 0 1 0 0 0 1 30357.dat
1 4 -120 -152 -120 0 0 1 0 1 0 -1 0 0 2456.dat
1 4 -90 -152 -30 0 0 -1 0 1 0 1 0 0 30357.dat
1 4 -130 -152 -50 0 0 -1 0 1 0 1 0 0 3024.dat
1 4 130 -152 -50 0 0 -1 0 1 0 1 0 0 3024.dat
1 4 -50 -64 -210 0 0 -1 0 1 0 1 0 0 2357.dat
1 71 -40 -72 -200 0 0 -1 0 1 0 1 0 0 3731.dat
1 71 -70 -88 -210 1 0 0 0 1 0 0 0 1 4070.dat
1 4 -50 -80 -200 0 0 -1 0 1 0 1 0 0 3023.dat
1 4 -50 -88 -200 0 0 -1 0 1 0 1 0 0 3023.dat
1 71 -70 -112 -210 1 0 0 0 1 0 0 0 1 4070.dat
1 4 -50 -112 -200 0 0 1 0 1 0 -1 0 0 3004.dat
1 4 -60 -120 -210 -1 0 0 0 1 0 0 0 -1 3023.dat
1 4 -120 -56 -220 0 0 -1 0 1 0 1 0 0 2429.dat
1 4 -120 -56 -220 1 0 0 0 1 0 0 0 1 2430.dat
1 4 -100 -64 -210 -1 0 0 0 1 0 0 0 -1 3023.dat
1 4 -130 -56 -290 0 0 1 0 1 0 -1 0 0 3623.dat
1 4 -130 -80 -300 0 0 1 0 1 0 -1 0 0 3004.dat
1 4 -130 -80 -250 0 0 1 0 1 0 -1 0 0 3622.dat
1 4 -130 -104 -310 -1 0 0 0 1 0 0 0 -1 3005.dat
1 4 -110 -88 -210 -1 0 0 0 1 0 0 0 -1 3005.dat
1 4 -130 -88 -240 0 0 -1 0 1 0 1 0 0 3023.dat
1 4 -130 -104 -290 0 0 -1 0 1 0 1 0 0 87087.dat
1 4 -130 -104 -270 0 0 -1 0 1 0 1 0 0 87087.dat
1 71 -90 -88 -210 1 0 0 0 1 0 0 0 1 4070.dat
1 71 -90 -112 -210 1 0 0 0 1 0 0 0 1 4070.dat
1 4 -110 -112 -210 -1 0 0 0 1 0 0 0 -1 3005.dat
1 4 -130 -112 -240 0 0 1 0 1 0 -1 0 0 3004.dat
1 4 -130 -112 -290 0 0 1 0 1 0 -1 0 0 3623.dat
1 4 -130 -120 -290 0 0 1 0 1 0 -1 0 0 3623.dat
1 4 -120 -120 -220 0 0 -1 0 1 0 1 0 0 2429.dat
1 4 -120 -120 -220 1 0 0 0 1 0 0 0 1 2430.dat
1 4 -130 -144 -310 -1 0 0 0 1 0 0 0 -1 3005.dat
1 4 -130 -128 -260 0 0 1 0 1 0 -1 0 0 3710.dat
1 4 -110 -128 -210 0 0 -1 0 1 0 1 0 0 3024.dat
1 19 -112 -94 -280 0 -1 0 -1 0 0 0 0 -1 3021.dat
1 4 -112 -94 -250 0 -1 0 1 0 0 0 0 1 3623.dat
1 19 -88 -114 -260 0 -1 0 0 0 1 -1 0 0 4865.dat
1 19 -88 -94 -260 0 -1 0 0 0 1 -1 0 0 4865.dat
1 19 -88 -74 -260 0 -1 0 0 0 1 -1 0 0 4865.dat
1 19 -88 -114 -290 0 -1 0 -1 0 0 0 0 -1 6231.dat
1 19 -88 -94 -290 0 -1 0 -1 0 0 0 0 -1 6231.dat
1 19 -88 -74 -290 0 -1 0 -1 0 0 0 0 -1 6231.dat
1 4 -110 -152 -190 -1 0 0 0 1 0 0 0 -1 2357.dat
1 4 -70 -128 -210 1 0 0 0 1 0 0 0 1 63864.dat
1 19 -80 -102 -224 -1 0 0 0 0 1 0 1 0 3794.dat
1 19 -80 -78 -224 -1 0 0 0 0 1 0 1 0 3794.dat
1 70 -80 -78 -232 -1 0 0 0 0 1 0 1 0 6141.dat
1 70 -80 -102 -232 -1 0 0 0 0 1 0 1 0 6141.dat
1 0 90 -160 -30 1 0 0 0 1 0 0 0 1 30357.dat
1 0 -90 -160 -30 0 0 -1 0 1 0 1 0 0 30357.dat
1 0 -120 -160 -80 0 0 -1 0 1 0 1 0 0 3020.dat
1 0 -120 -160 -160 0 0 -1 0 1 0 1 0 0 3020.dat
1 0 -110 -160 -210 0 0 -1 0 1 0 1 0 0 3024.dat
1 4 -130 -56 -350 0 0 1 0 1 0 -1 0 0 3623.dat
1 4 -120 -56 -420 -1 0 0 0 1 0 0 0 -1 2429.dat
1 4 -120 -56 -420 0 0 -1 0 1 0 1 0 0 2430.dat
1 4 -130 -80 -390 0 0 1 0 1 0 -1 0 0 3622.dat
1 4 -130 -80 -340 0 0 1 0 1 0 -1 0 0 3004.dat
1 4 -100 -64 -430 1 0 0 0 1 0 0 0 1 3023.dat
1 4 -130 -88 -350 0 0 1 0 1 0 -1 0 0 3623.dat
1 4 -130 -88 -400 0 0 1 0 1 0 -1 0 0 3023.dat
1 4 -100 -72 -430 1 0 0 0 1 0 0 0 1 2436.dat
1 4 -130 -112 -390 0 0 1 0 1 0 -1 0 0 3622.dat
1 4 -130 -112 -340 0 0 1 0 1 0 -1 0 0 3004.dat
1 4 -130 -120 -350 0 0 1 0 1 0 -1 0 0 3623.dat
1 71 -80 -48 -400 0 0 -1 0 1 0 1 0 0 3031.dat
1 19 -110 -56 -390 0 0 1 0 1 0 -1 0 0 3024.dat
1 19 -110 -72 -370 0 0 1 0 1 0 -1 0 0 3005.dat
1 4 -50 -72 -430 0 0 -1 0 1 0 1 0 0 2357.dat
1 19 -110 -64 -400 0 0 1 0 1 0 -1 0 0 3023.dat
1 19 -110 -72 -400 0 0 1 0 1 0 -1 0 0 3023.dat
1 15 -70 -96 -380 -1 0 0 0 1 0 0 0 -1 4532.dat
1 19 -110 -96 -390 0 0 1 0 1 0 -1 0 0 3622.dat
1 4 -80 -96 -430 1 0 0 0 1 0 0 0 1 3004.dat
1 4 -110 -96 -430 1 0 0 0 1 0 0 0 1 3005.dat
1 4 -50 -96 -410 0 0 1 0 1 0 -1 0 0 2357.dat
1 15 -46 -92 -363 0 0 -1 0 1 0 1 0 0 4533.dat
1 19 -110 -120 -380 0 0 -1 0 1 0 1 0 0 3004.dat
1 71 -90 -120 -370 -1 0 0 0 1 0 0 0 -1 4070.dat
1 71 -70 -120 -370 -1 0 0 0 1 0 0 0 -1 4070.dat
1 19 -80 -110 -356 -1 0 0 0 0 -1 0 -1 0 2412.dat
1 4 -100 -104 -430 1 0 0 0 1 0 0 0 1 3023.dat
1 19 -110 -104 -410 0 0 -1 0 1 0 1 0 0 3024.dat
1 19 -50 -120 -390 0 0 1 0 1 0 -1 0 0 3622.dat
1 4 -100 -112 -430 1 0 0 0 1 0 0 0 1 3023.dat
1 71 -90 -120 -400 0 0 -1 0 1 0 1 0 0 4865.dat
1 71 -70 -120 -400 0 0 1 0 1 0 -1 0 0 4865.dat
1 71 -110 -112 -410 0 0 1 0 1 0 -1 0 0 3070.dat
1 4 -120 -120 -420 0 0 -1 0 1 0 1 0 0 2430.dat
1 4 -120 -120 -420 -1 0 0 0 1 0 0 0 -1 2429.dat
1 72 -30 -104 -410 -1 0 0 0 1 0 0 0 -1 6141.dat
1 4 -130 -62 -444 1 0 0 0 0 -1 0 1 0 54200.dat
1 4 -100 -128 -430 1 0 0 0 1 0 0 0 1 3023.dat
1 4 -130 -128 -390 0 0 1 0 1 0 -1 0 0 3623.dat
1 4 -130 -128 -340 0 0 -1 0 1 0 1 0 0 3023.dat
1 71 -110 -128 -400 0 0 -1 0 1 0 1 0 0 3069.dat
1 71 -50 -128 -400 0 0 -1 0 1 0 1 0 0 3069.dat
1 71 -100 -128 -370 -1 0 0 0 1 0 0 0 -1 3069.dat
1 71 -60 -128 -370 -1 0 0 0 1 0 0 0 -1 3069.dat
1 4 -130 -152 -280 0 0 -1 0 1 0 1 0 0 3660.dat
1 4 -130 -152 -240 0 0 -1 0 1 0 1 0 0 3660.dat
1 4 -130 -152 -360 0 0 -1 0 1 0 1 0 0 3660.dat
1 4 -130 -152 -400 0 0 -1 0 1 0 1 0 0 3660.dat
1 4 -130 -152 -330 0 0 1 0 1 0 -1 0 0 87087.dat
1 4 -130 -152 -310 0 0 -1 0 1 0 1 0 0 3024.dat
1 4 -110 -152 -430 -1 0 0 0 1 0 0 0 -1 3005.dat
1 71 -142 -142 -330 0 1 0 -1 0 0 0 0 1 60849.dat
1 0 -110 -160 -410 0 0 -1 0 1 0 1 0 0 2420.dat
1 0 -130 -160 -360 0 0 -1 0 1 0 1 0 0 3710.dat
1 0 -130 -160 -280 0 0 -1 0 1 0 1 0 0 3710.dat
1 0 -110 -160 -430 0 0 -1 0 1 0 1 0 0 3024.dat
1 0 -110 -160 -230 -1 0 0 0 1 0 0 0 -1 2420.dat
1 15 -110 -168 -430 0 0 -1 0 1 0 1 0 0 3070.dat
1 15 -130 -168 -390 0 0 -1 0 1 0 1 0 0 63864.dat
1 15 -130 -168 -250 0 0 -1 0 1 0 1 0 0 63864.dat
1 15 -130 -168 -340 0 0 -1 0 1 0 1 0 0 3069.dat
1 15 -130 -168 -300 0 0 -1 0 1 0 1 0 0 3069.dat
1 15 -110 -168 -200 0 0 -1 0 1 0 1 0 0 3069.dat
1 15 -100 -168 10 -1 0 0 0 1 0 0 0 -1 3069.dat
1 15 -130 -168 -140 0 0 1 0 1 0 -1 0 0 6636.dat
1 15 -130 -168 -40 0 0 1 0 1 0 -1 0 0 2431.dat
1 0 -110 -160 -280 0 0 1 0 1 0 -1 0 0 60478.dat
1 0 -110 -160 -360 0 0 -1 0 1 0 1 0 0 60478.dat
1 0 0 -64 -460 0 0 -1 0 1 0 1 0 0 3006.dat
1 4 30 -64 -380 0 0 1 0 1 0 -1 0 0 3004.dat
1 19 70 -88 -480 0 0 1 0 1 0 -1 0 0 3245a.dat
1 19 -70 -88 -480 0 0 1 0 1 0 -1 0 0 3245a.dat
1 19 100 -80 -430 1 0 0 0 1 0 0 0 1 3245a.dat
1 0 0 -88 -500 0 0 -1 0 1 0 1 0 0 2456.dat
1 0 0 -96 -480 -1 0 0 0 1 0 0 0 -1 3029.dat
1 71 0 -96 -530 -1 0 0 0 1 0 0 0 -1 3023.dat
1 4 -130 -48 -580 0 0 -1 0 1 0 1 0 0 3023.dat
1 4 130 -48 -580 0 0 -1 0 1 0 1 0 0 3023.dat
1 4 -90 -48 -610 1 0 0 0 1 0 0 0 1 3623.dat
1 4 90 -48 -610 1 0 0 0 1 0 0 0 1 3623.dat
1 15 0 -48 -610 1 0 0 0 1 0 0 0 1 3710.dat
1 71 -10 -48 -590 0 0 -1 0 1 0 1 0 0 2555.dat
1 71 30 -48 -550 0 0 -1 0 1 0 1 0 0 2555.dat
1 71 50 -48 -570 0 0 -1 0 1 0 1 0 0 2555.dat
1 71 70 -48 -570 0 0 -1 0 1 0 1 0 0 2555.dat
1 15 -60 -104 -440 0 0 -1 0 1 0 1 0 0 3022.dat
1 71 -60 -128 -430 1 0 0 0 1 0 0 0 1 3039.dat
1 0 30 -80.981 -563.268 0 0 -1 0.866 0.5 0 0.5 -0.866 0 60478.dat
1 71 30 -84.981 -556.34 0 0 -1 0.866 0.5 0 0.5 -0.866 0 3069.dat
1 15 -60 -120 -470 -1 0 0 0 1 0 0 0 -1 3937.dat
1 15 60 -120 -470 -1 0 0 0 1 0 0 0 -1 3937.dat
1 320 -90 -104 -480 0 0 1 0 1 0 -1 0 0 3023.dat
1 320 90 -104 -480 0 0 1 0 1 0 -1 0 0 3023.dat
1 71 0 -104 -490 1 0 0 0 1 0 0 0 1 3460.dat
1 71 0 -104 -520 1 0 0 0 1 0 0 0 1 3832.dat
1 73 -60 -112 -500 0 0 1 0 1 0 -1 0 0 3068.dat
1 73 -20 -112 -500 0 0 1 0 1 0 -1 0 0 3068.dat
1 73 20 -112 -500 0 0 1 0 1 0 -1 0 0 3068.dat
1 73 60 -112 -500 0 0 1 0 1 0 -1 0 0 3068.dat
1 320 -90 -112 -500 0 0 1 0 1 0 -1 0 0 2431.dat
1 320 90 -112 -500 0 0 1 0 1 0 -1 0 0 2431.dat
1 320 0 -112 -530 1 0 0 0 1 0 0 0 1 4162.dat
1 71 -70 -136 -430 1 0 0 0 1 0 0 0 1 3623.dat
1 19 -50 -160 -430 1 0 0 0 1 0 0 0 1 3005.dat
1 71 -90 -160 -430 -1 0 0 0 1 0 0 0 -1 4070.dat
1 71 -70 -160 -430 -1 0 0 0 1 0 0 0 -1 4070.dat
1 297 -80 -150 -416 -1 0 0 0 0 -1 0 -1 0 6936.dat
1 19 -60 -160 -30 1 0 0 0 1 0 0 0 1 3245a.dat
1 19 -80 -160 -90 1 0 0 0 1 0 0 0 1 3245a.dat
1 19 -90 -160 -60 0 0 -1 0 1 0 1 0 0 3245a.dat
1 19 90 -144 -80 0 0 -1 0 1 0 1 0 0 3010.dat
1 19 90 -152 -50 0 0 -1 0 1 0 1 0 0 3024.dat
1 19 90 -160 -50 0 0 -1 0 1 0 1 0 0 3024.dat
1 19 90 -152 -80 0 0 -1 0 1 0 1 0 0 3794.dat
1 19 90 -168 -110 -1 0 0 0 1 0 0 0 -1 6231.dat
1 320 -50 -120 -140 0 0 1 0 1 0 -1 0 0 3666.dat
1 19 -50 -128 -140 0 0 1 0 1 0 -1 0 0 3666.dat
1 19 -50 -136 -120 0 0 1 0 1 0 -1 0 0 3710.dat
1 19 -60 -136 -200 0 0 1 0 1 0 -1 0 0 2429.dat
1 19 -60 -136 -200 -1 0 0 0 1 0 0 0 -1 2430.dat
1 19 -50 -160 -100 0 0 -1 0 1 0 1 0 0 3004.dat
1 19 -50 -160 -160 0 0 -1 0 1 0 1 0 0 3010.dat
1 70 -60 -144 -60 0 0 -1 0 1 0 1 0 0 3062.dat
1 10 -60 -128 -60 0 0 -1 0 1 0 1 0 0 33183.dat
1 19 -90 -184 -60 0 0 -1 0 1 0 1 0 0 3004.dat
1 19 -80 -184 -90 -1 0 0 0 1 0 0 0 -1 3010.dat
1 19 -80 -184 -30 -1 0 0 0 1 0 0 0 -1 3010.dat
1 19 -50 -184 -190 1 0 0 0 1 0 0 0 1 3005.dat
1 70 -50 -184 -140 0 0 -1 0 1 0 1 0 0 30413.dat
1 4 20 -100 -218 -1 0 0 0 1 0 0 0 -1 3020.dat
1 71 20 -108 -228 0 0 1 0 1 0 -1 0 0 3021.dat
1 0 -10 -108 -218 0 0 -1 0 1 0 1 0 0 60478.dat
1 0 50 -108 -218 0 0 -1 0 1 0 1 0 0 60478.dat
1 0 20 -116 -208 -1 0 0 0 1 0 0 0 -1 60470.dat
1 71 60 -116 -208 -1 0 0 0 1 0 0 0 -1 3023.dat
1 71 -20 -116 -208 -1 0 0 0 1 0 0 0 -1 3023.dat
1 320 20 -116 -228 -1 0 0 0 1 0 0 0 -1 3666.dat
1 320 20 -116 -248 -1 0 0 0 1 0 0 0 -1 3666.dat
1 71 50 -106 -188 1 0 0 0 1 0 0 0 1 30377.dat
1 71 -10 -106 -188 1 0 0 0 1 0 0 0 1 30377.dat
1 320 -30 -124 -218 0 0 1 0 1 0 -1 0 0 2431.dat
1 320 20 -124 -248 1 0 0 0 1 0 0 0 1 2431.dat
1 320 70 -124 -218 0 0 1 0 1 0 -1 0 0 2431.dat
1 73 0 -124 -218 0 0 1 0 1 0 -1 0 0 3068.dat
1 73 40 -124 -218 0 0 1 0 1 0 -1 0 0 3068.dat
1 0 20 -164 -166 1 0 0 0 0 -1 0 1 0 3020.dat
1 72 20 -144 -174 1 0 0 0 0 -1 0 1 0 3022.dat
1 0 20 -174 -190 -1 0 0 0 0 1 0 1 0 30414.dat
1 19 50 -144 -190 0 0 -1 -1 0 0 0 1 0 3004.dat
1 19 -10 -144 -190 0 0 -1 -1 0 0 0 1 0 3004.dat
1 4 20 -144 -182 0 0 -1 -1 0 0 0 1 0 3022.dat
1 0 10 -144 -190 0 0 1 1 0 0 0 1 0 60478.dat
1 0 30 -144 -190 0 0 1 1 0 0 0 1 0 60478.dat
1 73 0 -164 -198 0 0 1 1 0 0 0 1 0 3068.dat
1 73 40 -164 -198 0 0 1 1 0 0 0 1 0 3068.dat
1 73 40 -134 -198 -1 0 0 0 0 1 0 1 0 3069.dat
1 73 0 -134 -198 -1 0 0 0 0 1 0 1 0 3069.dat
1 320 20 -192 -180 1 0 0 0 1 0 0 0 1 3023.dat
1 320 20 -200 -180 1 0 0 0 1 0 0 0 1 2431.dat
1 320 50 -200 -180 0 0 -1 0 1 0 1 0 0 6091.dat
1 320 -10 -200 -180 0 0 1 0 1 0 -1 0 0 6091.dat
1 320 70 -168 -180 1 0 0 0 1 0 0 0 1 3024.dat
1 320 -30 -168 -180 1 0 0 0 1 0 0 0 1 3024.dat
1 320 -30 -160 -180 1 0 0 0 1 0 0 0 1 3005.dat
1 320 70 -160 -180 1 0 0 0 1 0 0 0 1 3005.dat
1 320 70 -136 -180 1 0 0 0 1 0 0 0 1 3024.dat
1 320 -30 -136 -180 1 0 0 0 1 0 0 0 1 3024.dat
1 4 20 -72 -380 -1 0 0 0 1 0 0 0 -1 3022.dat
1 19 20 -96 -390 -1 0 0 0 1 0 0 0 -1 3004.dat
1 4 20 -96 -370 -1 0 0 0 1 0 0 0 -1 3660.dat
1 0 20 -104 -390 1 0 0 0 1 0 0 0 1 60470.dat
1 320 20 -104 -370 1 0 0 0 1 0 0 0 1 3666.dat
1 320 20 -104 -350 1 0 0 0 1 0 0 0 1 3666.dat
1 73 40 -112 -380 0 0 -1 0 1 0 1 0 0 3068.dat
1 73 0 -112 -380 0 0 -1 0 1 0 1 0 0 3068.dat
1 320 70 -112 -380 0 0 -1 0 1 0 1 0 0 2431.dat
1 320 -30 -112 -380 0 0 -1 0 1 0 1 0 0 2431.dat
1 320 20 -112 -350 -1 0 0 0 1 0 0 0 -1 2431.dat
1 0 20 -152 -432 -1 0 0 0 0 -1 0 -1 0 3020.dat
1 72 20 -132 -424 -1 0 0 0 0 -1 0 -1 0 3022.dat
1 0 20 -162 -408 1 0 0 0 0 1 0 -1 0 30414.dat
1 19 50 -132 -408 0 0 1 -1 0 0 0 -1 0 3004.dat
1 19 -10 -132 -408 0 0 1 -1 0 0 0 -1 0 3004.dat
1 4 20 -132 -416 0 0 1 -1 0 0 0 -1 0 3022.dat
1 0 30 -132 -408 0 0 -1 1 0 0 0 -1 0 60478.dat
1 0 10 -132 -408 0 0 -1 1 0 0 0 -1 0 60478.dat
1 73 40 -152 -400 0 0 -1 1 0 0 0 -1 0 3068.dat
1 73 0 -122 -400 1 0 0 0 0 1 0 -1 0 3069.dat
1 73 40 -122 -400 1 0 0 0 0 1 0 -1 0 3069.dat
1 73 0 -152 -400 0 0 -1 1 0 0 0 -1 0 3068.dat
1 320 20 -180 -418 1 0 0 0 1 0 0 0 1 3023.dat
1 320 20 -188 -418 1 0 0 0 1 0 0 0 1 2431.dat
1 320 50 -188 -418 0 0 -1 0 1 0 1 0 0 6091.dat
1 320 -10 -188 -418 0 0 1 0 1 0 -1 0 0 6091.dat
1 320 70 -156 -418 1 0 0 0 1 0 0 0 1 3024.dat
1 320 -30 -156 -418 1 0 0 0 1 0 0 0 1 3024.dat
1 320 -30 -148 -418 1 0 0 0 1 0 0 0 1 3005.dat
1 320 70 -148 -418 1 0 0 0 1 0 0 0 1 3005.dat
1 320 70 -124 -418 1 0 0 0 1 0 0 0 1 3024.dat
1 320 -30 -124 -418 1 0 0 0 1 0 0 0 1 3024.dat
1 4 130 -72 -430 1 0 0 0 1 0 0 0 1 87087.dat
1 4 130 -72 -360 0 0 -1 0 1 0 1 0 0 3009.dat
1 4 130 -72 -240 0 0 -1 0 1 0 1 0 0 3009.dat
1 4 130 -62 -440 1 0 0 0 0 -1 0 1 0 54200.dat
1 4 130 -96 -380 0 0 -1 0 1 0 1 0 0 3009.dat
1 4 130 -96 -260 0 0 -1 0 1 0 1 0 0 3009.dat
1 4 130 -96 -170 0 0 1 0 1 0 -1 0 0 3622.dat
1 19 100 -152 -430 -1 0 0 0 1 0 0 0 -1 4035.dat
1 4 130 -120 -410 0 0 1 0 1 0 -1 0 0 3622.dat
1 4 130 -120 -320 0 0 -1 0 1 0 1 0 0 3009.dat
1 4 130 -120 -200 0 0 -1 0 1 0 1 0 0 3009.dat
1 4 110 -128 -210 0 0 -1 0 1 0 1 0 0 3024.dat
1 4 120 -128 -170 0 0 -1 0 1 0 1 0 0 3021.dat
1 4 130 -128 -320 0 0 -1 0 1 0 1 0 0 60479.dat
1 4 130 -152 -430 -1 0 0 0 1 0 0 0 -1 3005.dat
1 4 130 -152 -200 0 0 1 0 1 0 -1 0 0 3004.dat
1 4 120 -152 -120 0 0 1 0 1 0 -1 0 0 2456.dat
1 4 120 -152 -360 0 0 1 0 1 0 -1 0 0 2456.dat
1 4 120 -152 -260 0 0 1 0 1 0 -1 0 0 3001.dat
1 4 110 -152 -200 0 0 1 0 1 0 -1 0 0 3660.dat
1 0 130 -160 -50 -1 0 0 0 1 0 0 0 -1 2420.dat
1 0 130 -160 -110 0 0 -1 0 1 0 1 0 0 2420.dat
1 0 120 -160 -160 0 0 -1 0 1 0 1 0 0 3020.dat
1 0 110 -160 -210 -1 0 0 0 1 0 0 0 -1 2420.dat
1 0 120 -160 -400 0 0 -1 0 1 0 1 0 0 3020.dat
1 0 110 -160 -330 -1 0 0 0 1 0 0 0 -1 2420.dat
