0 
0 Name: New Model.ldr
0 Author: 
1 0 490 -32 210 -0.866 0 -0.5 0 1 0 0.5 0 -0.866 4212.dat
1 7 520 -24 261.96 -0.866 0 -0.5 0 1 0 0.5 0 -0.866 3022.dat
1 7 460 -24 158.04 -0.866 0 -0.5 0 1 0 0.5 0 -0.866 3022.dat
1 1 515.98 -24 195 0.5 0 -0.866 0 1 0 0.866 0 0.5 3710.dat
1 1 464.02 -24 225 0.5 0 -0.866 0 1 0 0.866 0 0.5 3710.dat
1 0 520 -24 261.96 0.866 0 0.5 0 1 0 -0.5 0 0.866 6157.dat
1 0 460 -24 158.04 0.866 0 0.5 0 1 0 -0.5 0 0.866 6157.dat
1 36 463.98 -46 104.936 0 0.5 -0.866 -1 0 0 0 0.866 0.5 3024.dat
1 36 412.02 -46 134.936 0 0.5 -0.866 -1 0 0 0 0.866 0.5 3024.dat
1 1 470.98 -56 117.06 0.866 0 0.5 0 1 0 -0.5 0 0.866 4070.dat
1 1 419.02 -56 147.06 0.866 0 0.5 0 1 0 -0.5 0 0.866 4070.dat
1 1 445 -56 132.06 0.866 0 0.5 0 1 0 -0.5 0 0.866 3004.dat
1 1 460 -48 158.04 0.866 0 0.5 0 1 0 -0.5 0 0.866 3788.dat
1 1 520 -48 261.96 0.866 0 0.5 0 1 0 -0.5 0 0.866 3788.dat
1 15 505 -40 235.98 -0.866 0 -0.5 0 1 0 0.5 0 -0.866 3829.dat
1 1 475 -56 184.02 0.866 0 0.5 0 1 0 -0.5 0 0.866 4865.dat
1 1 455 -64 149.38 0.866 0 0.5 0 1 0 -0.5 0 0.866 4865.dat
1 7 533.66 -48 265.62 0.866 0 0.5 0 1 0 -0.5 0 0.866 6141.dat
1 7 516.34 -48 275.62 0.866 0 0.5 0 1 0 -0.5 0 0.866 6141.dat
1 1 500.98 -56 169.02 0.866 0 0.5 0 1 0 -0.5 0 0.866 3005.dat
1 1 449.02 -56 199.02 0.866 0 0.5 0 1 0 -0.5 0 0.866 3005.dat
1 1 485.98 -56 143.04 -0.5 0 0.866 0 1 0 -0.866 0 -0.5 3023.dat
1 1 434.02 -56 173.04 -0.5 0 0.866 0 1 0 -0.866 0 -0.5 3023.dat
1 1 494.02 -56 276.96 -0.5 0 0.866 0 1 0 -0.866 0 -0.5 3023.dat
1 4 525 -56 270.62 -0.866 0 -0.5 0 1 0 0.5 0 -0.866 2412.dat
1 1 545.98 -56 246.96 -0.5 0 0.866 0 1 0 -0.866 0 -0.5 3023.dat
1 1 560.98 -56 272.94 -0.866 0 -0.5 0 1 0 0.5 0 -0.866 4070.dat
1 1 509.02 -56 302.94 -0.866 0 -0.5 0 1 0 0.5 0 -0.866 4070.dat
1 7 535 -56 287.94 -0.866 0 -0.5 0 1 0 0.5 0 -0.866 3937.dat
1 0 535 -56 287.94 -0.866 0 -0.5 0 1 0 0.5 0 -0.866 3938.dat
1 41 465 -104 166.7 0.866 0 0.5 0 1 0 -0.5 0 0.866 3823.dat
1 1 479.02 -56 250.98 -0.866 0 -0.5 0 1 0 0.5 0 -0.866 3822.dat
1 1 530.98 -56 220.98 -0.866 0 -0.5 0 1 0 0.5 0 -0.866 3821.dat
1 1 530 -64 279.28 -0.866 0 -0.5 0 1 0 0.5 0 -0.866 3068.dat
1 46 567.98 -46 285.064 0 -0.5 0.866 -1 0 0 0 -0.866 -0.5 3070.dat
1 46 516.02 -46 315.064 0 -0.5 0.866 -1 0 0 0 -0.866 -0.5 3070.dat
1 41 505 -104 235.98 -0.866 0 -0.5 0 1 0 0.5 0 -0.866 3823.dat
1 15 465 -112 166.7 -0.866 0 -0.5 0 1 0 0.5 0 -0.866 4315.dat
1 15 490 -112 210 -0.866 0 -0.5 0 1 0 0.5 0 -0.866 2349.dat
1 33 497.5 -108 222.99 -0.866 0 -0.5 0 1 0 0.5 0 -0.866 2348.dat
1 15 494.64 -19 138.04 0.5 0 -0.866 0 1 0 0.866 0 0.5 4624.dat
1 0 494.64 -19 138.04 0.5 0 -0.866 0 1 0 0.866 0 0.5 3641.dat
1 15 554.64 -19 241.96 0.5 0 -0.866 0 1 0 0.866 0 0.5 4624.dat
1 0 554.64 -19 241.96 0.5 0 -0.866 0 1 0 0.866 0 0.5 3641.dat
1 15 485.36 -19 281.96 -0.5 0 0.866 0 1 0 -0.866 0 -0.5 4624.dat
1 0 485.36 -19 281.96 -0.5 0 0.866 0 1 0 -0.866 0 -0.5 3641.dat
1 15 425.36 -19 178.04 -0.5 0 0.866 0 1 0 -0.866 0 -0.5 4624.dat
1 0 425.36 -19 178.04 -0.5 0 0.866 0 1 0 -0.866 0 -0.5 3641.dat
