0 Main
0 Name: 8259-1 - Mini Bulldozer.mpd
0 Author: LTRON
1 72 0 0 0 0 -1 0 1 0 0 0 0 1 32523.dat
1 0 10 0 -20 -1 0 0 0 -1 0 0 0 1 2780.dat
1 19 -10 0 20 -1 0 0 0 -0.866 0.5 0 0.5 0.866 3749.dat
1 0 20 0 0 0 -1 0 -1 0 0 0 0 -1 32140.dat
1 71 40 0 0 1 0 0 0 -1 0 0 0 -1 32073.dat
1 1 0 0 -60 -1 0 0 0 1 0 0 0 -1 6558.dat
1 0 10 0 -40 1 0 0 0 -1 0 0 0 -1 2780.dat
1 72 0 0 -80 0 1 0 1 0 0 0 0 -1 32316.dat
1 0 -30 0 -60 1 0 0 0 -1 0 0 0 -1 62462.dat
1 72 -50 0 -60 -1 0 0 0 1 0 0 0 -1 32002.dat
1 71 40 -20 0 1 0 0 0 -1 0 0 0 -1 42003.dat
1 0 40 -20 10 0 0 -1 0 -1 0 -1 0 0 2780.dat
1 71 40 -40 20 -1 0 0 0 1 0 0 0 -1 42003.dat
1 71 40 -60 20 -1 0 0 0 1 0 0 0 -1 4519.dat
1 71 40 -40 20 0 0 -1 0 -1 0 -1 0 0 32073.dat
1 14 40 -40 -30 -1 0 0 0 -1 0 0 0 1 59443.dat
1 71 40 -40 60 -1 0 0 0 1 0 0 0 -1 3713.dat
1 71 40 -20 -60 -1 0 0 0 1 0 0 0 -1 44294.dat
1 0 40 -40 -60 1 0 0 0 -1 0 0 0 -1 32184.dat
1 71 40 -40 -80 0 0 -1 0 -1 0 -1 0 0 32073.dat
1 0 60 0 0 0 -1 0 -1 0 0 0 0 -1 32140.dat
1 0 70 0 -40 1 0 0 0 -1 0 0 0 -1 2780.dat
1 0 70 0 -20 1 0 0 0 -1 0 0 0 -1 2780.dat
1 1 80 0 -60 1 0 0 0 -1 0 0 0 -1 6558.dat
1 72 80 0 0 0 1 0 -1 0 0 0 0 1 32523.dat
1 19 90 0 20 1 0 0 0 0.5 -0.866 0 0.866 0.5 3749.dat
1 71 40 -60 -60 -1 0 0 0 -1 0 0 0 1 32073.dat
1 71 80 -20 -60 0 0 -1 0 1 0 1 0 0 3713.dat
1 71 0 -20 -60 0 0 1 0 -1 0 1 0 0 3713.dat
1 71 -20 -20 -60 0 1 0 -1 0 0 0 0 1 60483.dat
1 71 100 -20 -60 0 1 0 -1 0 0 0 0 1 60483.dat
1 14 20 -60 -20 0 -1 0 1 0 0 0 0 1 32524.dat
1 1 40 -60 0 1 0 0 0 1 0 0 0 1 6558.dat
1 0 10 -60 -20 -1 0 0 0 -1 0 0 0 1 2780.dat
1 71 40 -80 0 0 -1 0 0 0 1 -1 0 0 60483.dat
1 71 40 -80 0 -1 0 0 0 0 1 0 1 0 4519.dat
1 14 25 -80 0 0 0 -1 -1 0 0 0 1 0 32123.dat
1 14 55 -80 0 0 0 -1 -1 0 0 0 1 0 32123.dat
1 71 40 -60 -80 -1 0 0 0 -0.982 0.191 0 0.191 0.982 32073.dat
1 72 40 -60 -80 0 0 1 0 -1 0 1 0 0 3647.dat
1 14 60 -60 -20 0 -1 0 1 0 0 0 0 1 32524.dat
1 0 70 -60 -20 1 0 0 0 1 0 0 0 1 2780.dat
1 14 0 -60 -20 0 -1 0 1 0 0 0 0 1 32316.dat
1 14 80 -60 -20 0 -1 0 1 0 0 0 0 1 32316.dat
1 72 0 0 -120 1 0 0 0 0.5 -0.866 0 0.866 0.5 6587.dat
1 14 20 0 -120 0 -1 0 0 0 -1 1 0 0 32526.dat
1 71 -20 0 -120 0 0 1 0.866 0.5 0 -0.5 0.866 0 4019.dat
1 19 30 -20 -120 1 0 0 0 0 -1 0 1 0 3749.dat
1 19 30 -60 -120 1 0 0 0 1 0 0 0 1 3749.dat
1 0 40 -40 -120 1 0 0 0 1 0 0 0 1 32184.dat
1 1 40 -80 -120 1 0 0 0 1 0 0 0 1 6558.dat
1 14 40 -80 -100 0 0 1 -1 0 0 0 -1 0 6536.dat
1 14 60 0 -120 0 -1 0 0 0 -1 1 0 0 32526.dat
1 72 80 0 -120 -1 0 0 0 0.866 -0.5 0 -0.5 -0.866 6587.dat
1 72 80 0 -80 0 1 0 1 0 0 0 0 -1 32316.dat
1 71 100 0 -120 0 0 1 0.866 0.5 0 -0.5 0.866 0 4019.dat
1 71 40 -40 -90 0 -1 0 -1 0 0 0 0 -1 4716.dat
1 71 0 -60 -80 0 -1 0 -0.982 0 -0.191 0.191 0 -0.982 2825.dat
1 71 80 -60 -80 0 1 0 0.982 0 -0.191 -0.191 0 -0.982 2825.dat
1 19 40 -90 -100 0 0 -1 1 0 0 0 -1 0 3749.dat
1 19 -10 -71.484 -138.891 1 0 0 0 0.982 0.191 0 -0.191 0.982 3749.dat
1 19 90 -71.484 -138.891 -1 0 0 0 0.982 -0.191 0 -0.191 -0.982 3749.dat
1 71 40 -80 -80 1 0 0 0 1 0 0 0 1 4519.dat
1 0 40 -80 -60 1 0 0 0 0 1 0 -1 0 32184.dat
1 71 40 -80 -40 1 0 0 0 1 0 0 0 1 4519.dat
1 14 25 -80 -40 0 0 1 1 0 0 0 1 0 32123.dat
1 14 55 -80 -40 0 0 1 1 0 0 0 1 0 32123.dat
1 0 15 -80 0 0 1 0 0 0 -1 -1 0 0 32249.dat
1 71 40 -120 0 1 0 0 0 1 0 0 0 1 4519.dat
1 0 40 -120 0 -1 0 0 0 -1 0 0 0 1 62462.dat
1 0 65 -80 0 0 1 0 0 0 -1 -1 0 0 32249.dat
1 0 110 0 -60 -1 0 0 0 1 0 0 0 -1 62462.dat
1 72 130 0 -60 1 0 0 0 -1 0 0 0 -1 32002.dat
1 0 40 -110 -100 0 0 1 -1 0 0 0 -1 0 62462.dat
1 71 100 0 20 0 0 1 0.5 -0.866 0 0.866 0.5 0 4019.dat
1 71 -20 0 20 0 0 1 0.866 0.5 0 -0.5 0.866 0 4019.dat
1 16 -20 -14.8523 -135.7494 -1 0 0 0 0.371911 0.928268 0 0.928268 -0.371911 3873.dat
1 16 -20 -21.8597 -121.3655 -1 0 0 0 0.898992 0.437964 0 0.437964 -0.898992 3873.dat
1 16 -20 -25.7432 -105.844 -1 0 0 0 0.970097 0.242718 0 0.242718 -0.970097 3873.dat
1 16 -20 -29.9366 -90.4033 -1 0 0 0 0.965044 0.262087 0 0.262087 -0.965044 3873.dat
1 16 -20 -33.0346 -74.7061 -1 0 0 0 0.981075 0.193626 0 0.193626 -0.981075 3873.dat
1 16 -20 -33.9899 -58.7346 -1 0 0 0 0.998216 0.059702 0 0.059702 -0.998216 3873.dat
1 16 -20 -33.9996 -42.7346 -1 0 0 0 1 0.00061 0 0.00061 -1 3873.dat
1 16 -20 -33.2247 -26.7534 -1 0 0 0 0.998826 -0.048433 0 -0.048433 -0.998826 3873.dat
1 16 -20 -30.2813 -11.0265 -1 0 0 0 0.982933 -0.183963 0 -0.183963 -0.982933 3873.dat
1 16 -20 -26.1232 4.4238 -1 0 0 0 0.965641 -0.25988 0 -0.25988 -0.965641 3873.dat
1 16 -20 -22.2056 19.9367 -1 0 0 0 0.96956 -0.244854 0 -0.244854 -0.96956 3873.dat
1 16 -20 -15.9605 34.6676 -1 0 0 0 0.920682 -0.390314 0 -0.390314 -0.920682 3873.dat
1 16 -20 -1.5335 41.5858 -1 0 0 0 0.432383 -0.90169 0 -0.90169 -0.432383 3873.dat
1 16 -20 13.7281 36.7812 -1 0 0 0 -0.300285 -0.95385 0 -0.95385 0.300285 3873.dat
1 16 -20 21.4669 22.7773 -1 0 0 0 -0.875247 -0.483677 0 -0.483677 0.875247 3873.dat
1 16 -20 21.6896 6.7788 -1 0 0 0 -0.999903 -0.013919 0 -0.013919 0.999903 3873.dat
1 16 -20 21.6993 -9.2212 -1 0 0 0 -1 -0.000603 0 -0.000603 1 3873.dat
1 16 -20 21.7 -25.2212 -1 0 0 0 -1 -0.000042 0 -0.000042 1 3873.dat
1 16 -20 21.7 -41.2212 -1 0 0 0 -1 -0.000003 0 -0.000003 1 3873.dat
1 16 -20 21.7 -57.2212 -1 0 0 0 -1 0 0 0 1 3873.dat
1 16 -20 21.7 -73.2212 -1 0 0 0 -1 0 0 0 1 3873.dat
1 16 -20 21.7 -89.2212 -1 0 0 0 -1 0 0 0 1 3873.dat
1 16 -20 21.7 -105.2212 -1 0 0 0 -1 0 0 0 1 3873.dat
1 16 -20 21.6598 -121.2211 -1 0 0 0 -0.999997 0.002513 0 0.002513 0.999997 3873.dat
1 16 -20 14.9374 -135.7404 -1 0 0 0 -0.907455 0.420149 0 0.420149 0.907455 3873.dat
1 16 -20 0.0765 -141.6695 -1 0 0 0 -0.370567 0.928806 0 0.928806 0.370567 3873.dat
1 16 105 -14.8523 -135.7494 -1 0 0 0 0.371911 0.928268 0 0.928268 -0.371911 3873.dat
1 16 105 -21.8597 -121.3655 -1 0 0 0 0.898992 0.437964 0 0.437964 -0.898992 3873.dat
1 16 105 -25.7432 -105.844 -1 0 0 0 0.970097 0.242718 0 0.242718 -0.970097 3873.dat
1 16 105 -29.9366 -90.4033 -1 0 0 0 0.965044 0.262087 0 0.262087 -0.965044 3873.dat
1 16 105 -33.0346 -74.7061 -1 0 0 0 0.981075 0.193626 0 0.193626 -0.981075 3873.dat
1 16 105 -33.9899 -58.7346 -1 0 0 0 0.998216 0.059702 0 0.059702 -0.998216 3873.dat
1 16 105 -33.9996 -42.7346 -1 0 0 0 1 0.00061 0 0.00061 -1 3873.dat
1 16 105 -33.2247 -26.7534 -1 0 0 0 0.998826 -0.048433 0 -0.048433 -0.998826 3873.dat
1 16 105 -30.2813 -11.0265 -1 0 0 0 0.982933 -0.183963 0 -0.183963 -0.982933 3873.dat
1 16 105 -26.1232 4.4238 -1 0 0 0 0.965641 -0.25988 0 -0.25988 -0.965641 3873.dat
1 16 105 -22.2056 19.9367 -1 0 0 0 0.96956 -0.244854 0 -0.244854 -0.96956 3873.dat
1 16 105 -15.9605 34.6676 -1 0 0 0 0.920682 -0.390314 0 -0.390314 -0.920682 3873.dat
1 16 105 -1.5335 41.5858 -1 0 0 0 0.432383 -0.90169 0 -0.90169 -0.432383 3873.dat
1 16 105 13.7281 36.7812 -1 0 0 0 -0.300285 -0.95385 0 -0.95385 0.300285 3873.dat
1 16 105 21.4669 22.7773 -1 0 0 0 -0.875247 -0.483677 0 -0.483677 0.875247 3873.dat
1 16 105 21.6896 6.7788 -1 0 0 0 -0.999903 -0.013919 0 -0.013919 0.999903 3873.dat
1 16 105 21.6993 -9.2212 -1 0 0 0 -1 -0.000603 0 -0.000603 1 3873.dat
1 16 105 21.7 -25.2212 -1 0 0 0 -1 -0.000042 0 -0.000042 1 3873.dat
1 16 105 21.7 -41.2212 -1 0 0 0 -1 -0.000003 0 -0.000003 1 3873.dat
1 16 105 21.7 -57.2212 -1 0 0 0 -1 0 0 0 1 3873.dat
1 16 105 21.7 -73.2212 -1 0 0 0 -1 0 0 0 1 3873.dat
1 16 105 21.7 -89.2212 -1 0 0 0 -1 0 0 0 1 3873.dat
1 16 105 21.7 -105.2212 -1 0 0 0 -1 0 0 0 1 3873.dat
1 16 105 21.6598 -121.2211 -1 0 0 0 -0.999997 0.002513 0 0.002513 0.999997 3873.dat
1 16 105 14.9374 -135.7404 -1 0 0 0 -0.907455 0.420149 0 0.420149 0.907455 3873.dat
1 16 105 0.0765 -141.6695 -1 0 0 0 -0.370567 0.928806 0 0.928806 0.370567 3873.dat
1 14 -55 0 -120 0 -1 0 1 0 0 0 0 1 32065.dat
1 72 -50 0 -160 -1 0 0 0 -1 0 0 0 1 32002.dat
1 71 -40 0 -180 0 1 0 -1 0 0 0 0 1 60483.dat
1 0 40 0 -180 1 0 0 0 1 0 0 0 1 3737.dat
1 0 0 0 -180 1 0 0 0 1 0 0 0 1 32291.dat
1 14 -20 0 -180 -1 0 0 0 0.273 0.962 0 0.962 -0.273 32013.dat
1 71 30 -20 -180 -1 0 0 0 -1 0 0 0 1 42003.dat
1 14 15 0 -180 0 0 1 0 -1 0 1 0 0 32123.dat
1 71 50 -20 -180 -1 0 0 0 -1 0 0 0 1 42003.dat
1 14 65 0 -180 0 0 1 0 -1 0 1 0 0 32123.dat
1 0 80 0 -180 1 0 0 0 1 0 0 0 1 32291.dat
1 14 100 0 -180 -1 0 0 0 0.273 0.962 0 0.962 -0.273 32013.dat
1 71 120 0 -180 0 1 0 -1 0 0 0 0 1 60483.dat
1 72 130 0 -160 1 0 0 0 1 0 0 0 1 32002.dat
1 1 90 20 -190 0 0 1 0 1 0 -1 0 0 4274.dat
1 1 70 20 -190 0 0 1 0 1 0 -1 0 0 4274.dat
1 1 50 -20 -190 0 0 1 0 1 0 -1 0 0 4274.dat
1 1 30 -20 -190 0 0 1 0 1 0 -1 0 0 4274.dat
1 1 -10 20 -190 0 0 1 0 1 0 -1 0 0 4274.dat
1 1 10 20 -190 0 0 1 0 1 0 -1 0 0 4274.dat
1 1 50 -40 -190 0 0 1 0 1 0 -1 0 0 4274.dat
1 1 30 -40 -190 0 0 1 0 1 0 -1 0 0 4274.dat
1 14 135 0 -120 0 -1 0 1 0 0 0 0 1 32065.dat
1 71 100 -57.714 -163.597 0 -1 0 0.962 0 0.273 -0.273 0 0.962 32073.dat
1 71 -20 -57.714 -163.597 0 -1 0 0.962 0 0.273 -0.273 0 0.962 32073.dat
1 14 -20 -76.952 -158.129 0 0 1 0.962 0.273 0 -0.273 0.962 0 6536.dat
1 14 100 -76.952 -158.129 0 0 1 0.962 0.273 0 -0.273 0.962 0 6536.dat
1 14 -20 -105.809 -149.927 -1 0 0 0 0.273 0.962 0 0.962 -0.273 59443.dat
1 14 100 -105.809 -149.927 -1 0 0 0 0.273 0.962 0 0.962 -0.273 59443.dat
1 72 40 10 -198 -1 0 0 0 0 1 0 1 0 3832.dat
1 72 40 -30 -198 -1 0 0 0 0 1 0 1 0 3020.dat
1 72 40 -30 -206 0 0 -1 -1 0 0 0 1 0 3020.dat
1 72 -20 -30 -206 0 0 -1 -1 0 0 0 1 0 6179.dat
1 72 100 -30 -206 0 0 1 1 0 0 0 1 0 6179.dat
1 14 100 20 -222 -1 0 0 0 0 1 0 1 0 30413.dat
1 14 -20 20 -222 -1 0 0 0 0 1 0 1 0 30413.dat
1 14 40 20 -222 -1 0 0 0 0 1 0 1 0 4865.dat
