0 
0 Name: New Model.ldr
0 Author: 
1 7 0 0 0 0 0 1 0 1 0 -1 0 0 3795.dat
1 27 0 -8 -30 1 0 0 0 1 0 0 0 1 3023.dat
1 0 0 -8 -40 1 0 0 0 1 0 0 0 1 47407.dat
1 7 0 -16 -60 0 0 1 0 1 0 -1 0 0 3020.dat
1 0 0 -24 50 1 0 0 0 1 0 0 0 1 3039.dat
1 4 0 -24 -30 1 0 0 0 1 0 0 0 1 3794.dat
1 0 0 -24 -90 1 0 0 0 1 0 0 0 1 3839.dat
1 0 -26 -20 -122 0 1 0 1 0 0 0 0 -1 4349.dat
1 0 26 -20 -122 0 -1 0 -1 0 0 0 0 -1 4349.dat
1 42 -26 -20 -164 1 0 0 0 0 -1 0 1 0 4589.dat
1 42 26 -20 -164 1 0 0 0 0 -1 0 1 0 4589.dat
1 27 0 -32 50 1 0 0 0 1 0 0 0 1 3023.dat
1 8 0 -32 -30 0 0 1 0 1 0 -1 0 0 2555.dat
1 0 0 -32 -80 1 0 0 0 1 0 0 0 1 4150.dat
1 8 0 -40 0 1 0 0 0 1 0 0 0 1 2397.dat
1 0 -26 -24.078 -19.612 -0.258819 0 -0.965926 -0.947168 -0.196117 0.253793 -0.189435 0.98058 0.050759 44676.dat
1 0 26 -24.078 -19.612 -0.258819 0 0.965926 0.947168 -0.196117 0.253793 0.189435 0.98058 0.050759 44676.dat
1 27 -26 -36 64 1 0 0 0 0 -1 0 1 0 3062.dat
1 27 26 -36 64 1 0 0 0 0 -1 0 1 0 3062.dat
1 8 0 -38 -30 1 0 0 0 0.707107 0.707107 0 -0.707107 0.707107 30031.dat
1 0 0 -48 50 1 0 0 0 1 0 0 0 1 44661.dat
