0 Main
0 Name: 8416 - Forklift - Forklift.mpd
0 Author: LTRON
1 71 0 -258.262 439.734 1 0 0 0 -0.175 0.985 0 -0.985 -0.175 32073.dat
1 72 -60 -258.262 439.734 0 0 -1 0.987 -0.175 0 -0.175 -0.987 0 32013.dat
1 0 -25 -258.262 439.734 0 -1 0 0.175 0 -0.987 0.987 0 0.175 32250.dat
1 71 -15 -258.262 439.734 0 0 -1 0.175 0.987 0 0.987 -0.175 0 32123.dat
1 71 -30 -254.766 459.426 -1 0 0 0 0.985 -0.175 0 -0.175 -0.985 4274.dat
1 4 -30 -262.699 539.231 0 1 0 -0.997 0 -0.099 -0.099 0 0.997 32294.dat
1 71 0 -254.766 459.426 -1 0 0 0 0.175 0.985 0 0.985 -0.175 42003.dat
1 71 15 -258.262 439.734 0 0 -1 0.175 0.987 0 0.987 -0.175 0 32123.dat
1 0 0 -297.646 446.725 -1 0 0 0 -0.0204 1.00041 0 1.00041 0.0204 3737.dat
1 0 -80 -297.646 446.725 0 -1 0 -0.175 0 0.985 -0.985 0 -0.175 32523.dat
1 71 -95 -297.646 446.725 0 0 -1 0.0204 -1.00041 0 -1.00041 -0.0204 0 32123.dat
1 71 -60 -297.646 446.725 0 0 -1 0.0204 -1.00041 0 -1.00041 -0.0204 0 4019.dat
1 71 -40 -297.646 446.725 0 0 -1 0.0204 -1.00041 0 -1.00041 -0.0204 0 3713.dat
1 71 -15 -297.646 446.725 0 0 1 1 -0.021 0 0.021 1 0 32123.dat
1 0 0 -280.809 484.362 0 0 1 0.985 0.175 0 -0.175 0.985 0 3706.dat
1 71 0 -231.579 475.623 1 0 0 0 0.175 -0.985 0 0.985 0.175 3712.dat
1 71 0 -173.766 460.351 0 1 0 0.334 0 0.942 0.942 0 -0.334 3712.dat
1 71 0 -202.04 470.379 0 1 0 0.334 0 0.942 0.942 0 -0.334 3326.dat
1 0 0 -144.712 450.046 0 1 0 0.942 0 -0.334 -0.334 0 -0.942 3705.dat
1 71 0 -270.963 482.614 0 1 0 0.175 0 0.985 0.985 0 -0.175 3713.dat
1 0 0 -270.618 618.692 -1 0 0 0 -1.000998 -0.037962 0 -0.037962 1.000998 32062.dat
1 4 20 -270.618 618.692 0 0 -1 0.038 -1.002 0 -1.002 -0.038 0 6538.dat
1 4 -20 -270.618 618.692 0 0 -1 0.037924 -0.999996 0 -0.999996 -0.037924 0 6538.dat
1 0 60 -270.618 618.692 1 0 0 0 -0.999996 0.037924 0 -0.037924 -0.999996 3705.dat
1 0 -60 -270.618 618.692 1 0 0 0 -0.999996 0.037924 0 -0.037924 -0.999996 3705.dat
1 0 -65 -268.974 578.671 0 1 0 -1.001 0 -0.041 -0.041 0 1.001 6632.dat
1 71 0 -300.501 487.857 -1 0 0 0 -0.175 -0.985 0 -0.985 0.175 4716.dat
1 71 2 -297.646 446.725 0 0 -1 -1 -0.021 0 -0.021 1 0 3650.dat
1 71 0 -333.535 473.409 1 0 0 0 0.175 -0.985 0 0.985 0.175 42003.dat
1 71 0 -337.035 453.709 1 0 0 0 0.175 -0.985 0 0.985 0.175 4519.dat
1 71 15 -337.035 453.709 0 0 -1 -0.985 0.175 0 0.175 0.985 0 32123.dat
1 71 -15 -337.035 453.709 0 0 -1 -0.985 0.175 0 0.175 0.985 0 32123.dat
1 71 15 -297.646 446.725 0 0 -1 1 0.021 0 0.021 -1 0 32123.dat
1 0 -80 -270.618 618.692 0 0 1 -0.041 -1.001 0 1.001 -0.041 0 3713.dat
1 0 -95 -268.974 578.671 0 1 0 -1.001 0 -0.041 -0.041 0 1.001 6632.dat
1 0 25 -258.262 439.734 0 -1 0 0.175 0 -0.987 0.987 0 0.175 32250.dat
1 71 30 -254.762 459.474 1 0 0 0 0.175 -0.987 0 0.987 0.175 4274.dat
1 4 30 -262.7214 539.2693 0 -1 0 0.996919 0 -0.099127 0.099127 0 0.996919 32294.dat
1 0 65 -268.974 578.671 0 1 0 -1.001 0 -0.041 -0.041 0 1.001 6632.dat
1 0 80 -270.618 618.692 0 0 -1 0.041 -1.001 0 -1.001 -0.041 0 3713.dat
1 71 40 -297.646 446.725 0 0 -1 -1 -0.021 0 -0.021 1 0 3713.dat
1 72 60 -258.262 439.734 0 0 1 -0.987 -0.175 0 0.175 -0.987 0 32013.dat
1 71 60 -297.646 446.725 0 0 -1 -1 -0.021 0 -0.021 1 0 4019.dat
1 0 -60 -248.416 437.986 0 0 -1 -0.985 0.175 0 0.175 0.985 0 2780.dat
1 0 60 -248.416 437.986 0 0 -1 -0.985 0.175 0 0.175 0.985 0 2780.dat
1 0 95 -268.974 578.671 0 1 0 -1.001 0 -0.041 -0.041 0 1.001 6632.dat
1 0 80 -297.646 446.725 0 1 0 0.175 0 0.985 0.985 0 -0.175 32523.dat
1 71 95 -297.646 446.725 0 0 1 -0.021 -1 0 1 -0.021 0 32123.dat
1 0 0 -238.57 436.238 0 0 1 0.175 -0.985 0 0.985 0.175 0 32525.dat
1 0 80 -209.673 370.171 0 1 0 -0.175 0 -0.985 -0.985 0 0.175 32278.dat
1 0 90 -327.873 391.171 1 0 0 0 0.175 -0.985 0 0.985 0.175 2780.dat
1 0 90 -308.173 387.671 1 0 0 0 0.175 -0.985 0 0.985 0.175 2780.dat
1 0 90 -288.473 384.171 1 0 0 0 0.175 -0.985 0 0.985 0.175 2780.dat
1 0 90 -268.773 380.671 1 0 0 0 0.175 -0.985 0 0.985 0.175 2780.dat
1 0 90 -71.773 345.671 1 0 0 0 0.175 -0.985 0 0.985 0.175 2780.dat
1 0 100 -57.773 424.471 0 1 0 0.985 0 -0.175 -0.175 0 -0.985 32526.dat
1 0 90 -32.373 338.671 1 0 0 0 0.175 -0.985 0 0.985 0.175 2780.dat
1 0 90 -52.073 342.171 1 0 0 0 0.175 -0.985 0 0.985 0.175 2780.dat
1 0 90 -64.773 385.071 1 0 0 0 0.175 -0.985 0 0.985 0.175 2780.dat
1 0 80 26.727 328.171 0 -1 0 0.175 0 -0.985 0.985 0 0.175 40490.dat
1 0 70 105.527 314.171 1 0 0 0 0.175 -0.985 0 0.985 0.175 2780.dat
1 0 80 -202.673 409.571 0 1 0 -0.175 0 -0.985 -0.985 0 0.175 32278.dat
1 0 90 -320.873 430.571 1 0 0 0 0.175 -0.985 0 0.985 0.175 2780.dat
1 0 90 -281.473 423.571 1 0 0 0 0.175 -0.985 0 0.985 0.175 2780.dat
1 0 90 -261.773 420.071 1 0 0 0 0.175 -0.985 0 0.985 0.175 2780.dat
1 0 90 -222.373 413.071 1 0 0 0 0.175 -0.985 0 0.985 0.175 2780.dat
1 71 90 -84.473 388.571 1 0 0 0 0.175 -0.985 0 0.985 0.175 4274.dat
1 71 90 -104.173 392.071 1 0 0 0 0.175 -0.985 0 0.985 0.175 4274.dat
1 1 98 -84.473 388.571 0 -1 0 0.175 0 -0.985 0.985 0 0.175 6141.dat
1 0 100 -218.873 432.771 0 0 1 -0.985 -0.175 0 0.175 -0.985 0 6536.dat
1 0 100 -258.273 439.771 0 0 1 -0.985 -0.175 0 0.175 -0.985 0 6536.dat
1 0 60 105.527 314.171 0 1 0 -0.985 0 0.175 0.175 0 0.985 32526.dat
1 0 80 -57.773 424.471 0 0 -1 0.985 -0.175 0 -0.175 -0.985 0 42003.dat
1 0 80 -61.273 404.771 -1 0 0 0 -0.175 -0.985 0 -0.985 0.175 6558.dat
1 0 80 -57.773 424.471 -1 0 0 0 -0.175 -0.985 0 -0.985 0.175 6558.dat
1 0 60 1.327 413.971 0 1 0 -0.175 0 -0.985 -0.985 0 0.175 32140.dat
1 0 50 -18.373 417.471 1 0 0 0 0.175 -0.985 0 0.985 0.175 2780.dat
1 1 50 1.327 413.971 1 0 0 0 0.175 -0.985 0 0.985 0.175 43093.dat
1 0 40 40.727 406.971 0 -1 0 0.175 0 -0.985 0.985 0 0.175 40490.dat
1 0 50 99.827 396.471 -1 0 0 0 -0.175 -0.985 0 -0.985 0.175 2780.dat
1 71 40 119.527 392.971 1 0 0 0 0.985 0.175 0 -0.175 0.985 32054.dat
1 71 0 119.527 392.971 1 0 0 0 0.985 0.175 0 -0.175 0.985 4519.dat
1 71 -40 119.527 392.971 -1 0 0 0 -0.985 0.175 0 0.175 0.985 32054.dat
1 71 -10 80.127 399.971 0 0 -1 -0.32656 -0.94588 0 -0.94588 0.32656 0 6538.dat
1 19 -30 80.127 399.971 1 0 0 0 -0.94588 -0.32656 0 0.32656 -0.94588 3749.dat
1 71 20 80.127 399.971 1 0 0 0 -0.94588 -0.32656 0 0.32656 -0.94588 4519.dat
1 71 20 80.127 399.971 0 0 1 0.32656 -0.94588 0 0.94588 0.32656 0 32269.dat
1 71 0 1.327 413.971 0 0 -1 0.985 -0.175 0 -0.175 -0.985 0 44294.dat
1 71 0 -57.773 424.471 1 0 0 0 -0.175 0.985 0 -0.985 -0.175 3712.dat
1 71 0 -87.323 429.721 1 0 0 0 -0.33409 0.94251 0 -0.94251 -0.33409 3326.dat
1 71 0 -115.608 439.7576 0 1 0 -0.33409 0 -0.94251 -0.94251 0 0.33409 3712.dat
1 0 0 -38.073 420.971 0 0 -1 0.985 -0.175 0 -0.175 -0.985 0 32034.dat
1 0 0 40.727 406.971 0 0 -1 0.985 -0.175 0 -0.175 -0.985 0 32034.dat
1 1 30 40.727 406.971 -1 0 0 0 -0.175 -0.985 0 -0.985 0.175 43093.dat
1 1 -30 40.727 406.971 1 0 0 0 -0.175 0.985 0 -0.985 -0.175 43093.dat
1 71 0 53.532 404.696 1 0 0 0 -0.175 0.985 0 -0.985 -0.175 6589.dat
1 72 40 -38.073 420.971 1 0 0 0 -0.175 0.985 0 -0.985 -0.175 6587.dat
1 0 -80 -57.773 424.471 0 0 -1 0.985 -0.175 0 -0.175 -0.985 0 42003.dat
1 0 -80 -61.273 404.771 -1 0 0 0 -0.175 -0.985 0 -0.985 0.175 6558.dat
1 0 -80 -57.773 424.471 -1 0 0 0 -0.175 -0.985 0 -0.985 0.175 6558.dat
1 0 -60 1.327 413.971 0 1 0 -0.175 0 -0.985 -0.985 0 0.175 32140.dat
1 1 -50 1.327 413.971 -1 0 0 0 -0.175 -0.985 0 -0.985 0.175 43093.dat
1 0 -50 -18.373 417.471 -1 0 0 0 -0.175 -0.985 0 -0.985 0.175 2780.dat
1 0 -40 40.727 406.971 0 1 0 -0.175 0 -0.985 -0.985 0 0.175 40490.dat
1 0 -50 99.827 396.471 1 0 0 0 0.175 -0.985 0 0.985 0.175 2780.dat
1 0 -60 105.527 314.171 0 1 0 -0.985 0 0.175 0.175 0 0.985 32526.dat
1 0 -70 105.527 314.171 1 0 0 0 0.985 0.175 0 -0.175 0.985 2780.dat
1 72 -40 -38.073 420.971 -1 0 0 0 -0.175 -0.985 0 -0.985 0.175 6587.dat
1 1 -80 -44.423 442.421 0 0 1 -0.985 -0.175 0 0.175 -0.985 0 43093.dat
1 1 80 -44.423 442.421 0 0 1 -0.985 -0.175 0 0.175 -0.985 0 43093.dat
1 0 -80 -209.673 370.171 0 1 0 -0.175 0 -0.985 -0.985 0 0.175 32278.dat
1 0 -90 -327.873 391.171 -1 0 0 0 -0.175 -0.985 0 -0.985 0.175 2780.dat
1 0 -90 -308.173 387.671 -1 0 0 0 -0.175 -0.985 0 -0.985 0.175 2780.dat
1 0 -90 -288.473 384.171 -1 0 0 0 -0.175 -0.985 0 -0.985 0.175 2780.dat
1 0 -90 -268.773 380.671 -1 0 0 0 -0.175 -0.985 0 -0.985 0.175 2780.dat
1 0 -90 -71.773 345.671 -1 0 0 0 -0.175 -0.985 0 -0.985 0.175 2780.dat
1 0 -100 -57.773 424.471 0 1 0 0.985 0 -0.175 -0.175 0 -0.985 32526.dat
1 0 -90 -32.373 338.671 1 0 0 0 -0.985 -0.175 0 0.175 -0.985 2780.dat
1 0 -90 -52.073 342.171 1 0 0 0 -0.985 -0.175 0 0.175 -0.985 2780.dat
1 0 -80 26.727 328.171 0 -1 0 -0.175 0 0.985 -0.985 0 -0.175 40490.dat
1 0 -80 -202.673 409.571 0 1 0 -0.175 0 -0.985 -0.985 0 0.175 32278.dat
1 71 -90 -84.473 388.571 -1 0 0 0 -0.175 -0.985 0 -0.985 0.175 4274.dat
1 71 -90 -104.173 392.071 -1 0 0 0 -0.175 -0.985 0 -0.985 0.175 4274.dat
1 0 -90 -64.773 385.071 -1 0 0 0 -0.175 -0.985 0 -0.985 0.175 2780.dat
1 0 -90 -320.873 430.571 -1 0 0 0 -0.175 -0.985 0 -0.985 0.175 2780.dat
1 0 -90 -281.473 423.571 -1 0 0 0 -0.175 -0.985 0 -0.985 0.175 2780.dat
1 0 -90 -261.773 420.071 -1 0 0 0 -0.175 -0.985 0 -0.985 0.175 2780.dat
1 0 -90 -222.373 413.071 -1 0 0 0 -0.175 -0.985 0 -0.985 0.175 2780.dat
1 0 -100 -258.273 439.771 0 0 -1 0.985 -0.175 0 -0.175 -0.985 0 6536.dat
1 0 -100 -218.873 432.771 0 0 -1 0.985 -0.175 0 -0.175 -0.985 0 6536.dat
1 1 -98 -84.473 388.571 0 1 0 0.985 0 -0.175 -0.175 0 -0.985 6141.dat
1 71 100 -238.57 436.238 0 0 -1 0.985 -0.175 0 -0.175 -0.985 0 4519.dat
1 71 -100 -238.57 436.238 0 0 -1 0.985 -0.175 0 -0.175 -0.985 0 4519.dat
1 0 0 -34.657 440.666 0 0 -1 -0.175 -0.985 0 -0.985 0.175 0 40490.dat
1 0 0 46.325 324.727 0 0 1 -0.175 0.985 0 -0.985 -0.175 0 32316.dat
1 1 40 36.475 326.477 0 0 1 -0.985 -0.175 0 0.175 -0.985 0 43093.dat
1 1 -40 36.475 326.477 0 0 1 -0.985 -0.175 0 0.175 -0.985 0 43093.dat
1 0 20 26.625 328.227 0 0 1 -0.985 -0.175 0 0.175 -0.985 0 6558.dat
1 0 -20 26.625 328.227 0 0 1 -0.985 -0.175 0 0.175 -0.985 0 6558.dat
1 71 -40 6.925 331.727 0 0 1 -0.985 -0.175 0 0.175 -0.985 0 32054.dat
1 71 40 6.925 331.727 0 0 1 -0.985 -0.175 0 0.175 -0.985 0 32054.dat
1 0 -80 23.125 308.527 0 0 1 0.175 -0.985 0 0.985 0.175 0 32140.dat
1 0 80 23.125 308.527 0 0 -1 0.175 0.985 0 0.985 -0.175 0 32140.dat
1 0 -60 32.975 306.777 0 0 -1 0.985 -0.175 0 -0.175 -0.985 0 2780.dat
1 0 60 32.975 306.777 0 0 -1 0.985 -0.175 0 -0.175 -0.985 0 2780.dat
1 72 0 42.825 305.027 0 0 1 -0.175 0.985 0 -0.985 -0.175 0 32278.dat
1 0 20 3.425 312.027 1 0 0 0 0.985 0.175 0 -0.175 0.985 32140.dat
1 0 -20 3.425 312.027 -1 0 0 0 -0.985 0.175 0 0.175 0.985 32140.dat
1 0 -40 3.425 312.027 0 1 0 -0.985 0 0.175 0.175 0 0.985 6558.dat
1 0 40 3.425 312.027 0 1 0 -0.985 0 0.175 0.175 0 0.985 6558.dat
1 71 -20 3.425 312.027 0 1 0 -0.985 0 0.175 0.175 0 0.985 32073.dat
1 71 20 3.425 312.027 0 1 0 -0.985 0 0.175 0.175 0 0.985 32073.dat
1 0 30 -5.775 374.627 0 1 0 -0.985 0 0.175 0.175 0 0.985 32138.dat
1 0 -30 -5.775 374.627 0 1 0 -0.985 0 0.175 0.175 0 0.985 32138.dat
1 0 -40 5.175 321.877 1 0 0 0 0.985 0.175 0 -0.175 0.985 43857.dat
1 0 40 5.175 321.877 1 0 0 0 0.985 0.175 0 -0.175 0.985 43857.dat
1 72 0 -16.275 315.527 0 0 1 -0.175 0.985 0 -0.985 -0.175 0 32278.dat
1 72 0 -12.775 335.227 0 0 1 -0.175 0.985 0 -0.985 -0.175 0 32316.dat
1 0 -20 -22.625 336.977 0 1 0 -0.985 0 0.175 0.175 0 0.985 2780.dat
1 0 20 -22.625 336.977 0 1 0 -0.985 0 0.175 0.175 0 0.985 2780.dat
1 0 -140 -26.125 317.277 0 1 0 -0.985 0 0.175 0.175 0 0.985 2780.dat
1 0 -140 52.675 303.277 0 1 0 -0.985 0 0.175 0.175 0 0.985 2780.dat
1 0 -80 -26.125 317.277 0 1 0 -0.985 0 0.175 0.175 0 0.985 2780.dat
1 0 -80 52.675 303.277 0 1 0 -0.985 0 0.175 0.175 0 0.985 2780.dat
1 0 80 52.675 303.277 0 1 0 -0.985 0 0.175 0.175 0 0.985 2780.dat
1 0 140 52.675 303.277 0 1 0 -0.985 0 0.175 0.175 0 0.985 2780.dat
1 0 140 -26.125 317.277 0 1 0 -0.985 0 0.175 0.175 0 0.985 2780.dat
1 0 80 -26.125 317.277 0 1 0 -0.985 0 0.175 0.175 0 0.985 2780.dat
1 0 -20 -35.975 319.027 -1 0 0 0 -0.985 0.175 0 0.175 0.985 32140.dat
1 0 20 -35.975 319.027 1 0 0 0 0.985 0.175 0 -0.175 0.985 32140.dat
1 0 -140 -39.475 299.327 1 0 0 0 0.175 -0.985 0 0.985 0.175 6536.dat
1 0 -80 -39.475 299.327 1 0 0 0 0.175 -0.985 0 0.985 0.175 6536.dat
1 0 80 -39.475 299.327 1 0 0 0 0.175 -0.985 0 0.985 0.175 6536.dat
1 0 140 -39.475 299.327 1 0 0 0 0.175 -0.985 0 0.985 0.175 6536.dat
1 0 -140 59.025 281.827 1 0 0 0 0.175 -0.985 0 0.985 0.175 6536.dat
1 0 -80 59.025 281.827 1 0 0 0 0.175 -0.985 0 0.985 0.175 6536.dat
1 0 80 59.025 281.827 1 0 0 0 0.175 -0.985 0 0.985 0.175 6536.dat
1 0 140 59.025 281.827 1 0 0 0 0.175 -0.985 0 0.985 0.175 6536.dat
1 72 -120 57.725 160.127 0 -1 0 0.985 0 0.175 -0.175 0 0.985 32525.dat
1 0 -110 75.225 258.627 -1 0 0 0 -0.985 0.175 0 0.175 0.985 2780.dat
1 0 -110 64.725 199.527 -1 0 0 0 -0.985 0.175 0 0.175 0.985 2780.dat
1 0 -110 61.225 179.827 -1 0 0 0 -0.985 0.175 0 0.175 0.985 2780.dat
1 0 -110 40.225 61.627 -1 0 0 0 -0.985 0.175 0 0.175 0.985 2780.dat
1 72 -100 50.725 120.727 0 -1 0 0.985 0 0.175 -0.175 0 0.985 32524.dat
1 72 -100 64.725 199.527 0 1 0 -0.985 0 0.175 0.175 0 0.985 32526.dat
1 0 -110 39.325 285.327 1 0 0 0 0.985 0.175 0 -0.175 0.985 2780.dat
1 0 -110 78.725 278.327 1 0 0 0 0.985 0.175 0 -0.175 0.985 2780.dat
1 72 -120 19.625 288.827 0 -1 0 -0.175 0 0.985 -0.985 0 -0.175 32524.dat
1 71 -110 -19.775 295.827 1 0 0 0 -0.175 0.985 0 -0.985 -0.175 4274.dat
1 0 -102 -19.775 295.827 0 -1 0 -0.175 0 0.985 -0.985 0 -0.175 572.dat
1 72 -105 19.625 288.827 0 -1 0 0.175 0 -0.985 0.985 0 0.175 41677.dat
1 1 -110 19.625 288.827 1 0 0 0 0.175 -0.985 0 0.985 0.175 43093.dat
1 1 -110 -0.075 292.327 1 0 0 0 0.175 -0.985 0 0.985 0.175 43093.dat
1 72 -100 -39.475 299.327 0 1 0 0.175 0 0.985 0.985 0 -0.175 2825.dat
1 0 -110 -39.475 299.327 1 0 0 0 0.985 0.175 0 -0.175 0.985 3705.dat
1 0 -110 59.025 281.827 1 0 0 0 0.985 0.175 0 -0.175 0.985 3705.dat
1 72 120 57.725 160.127 0 -1 0 0.985 0 0.175 -0.175 0 0.985 32525.dat
1 0 110 75.225 258.627 -1 0 0 0 -0.985 0.175 0 0.175 0.985 2780.dat
1 0 110 64.725 199.527 -1 0 0 0 -0.985 0.175 0 0.175 0.985 2780.dat
1 0 110 61.225 179.827 -1 0 0 0 -0.985 0.175 0 0.175 0.985 2780.dat
1 0 110 40.225 61.627 -1 0 0 0 -0.985 0.175 0 0.175 0.985 2780.dat
1 72 100 64.725 199.527 0 1 0 -0.985 0 0.175 0.175 0 0.985 32526.dat
1 0 110 39.325 285.327 -1 0 0 0 -0.985 0.175 0 0.175 0.985 2780.dat
1 0 110 78.725 278.327 -1 0 0 0 -0.985 0.175 0 0.175 0.985 2780.dat
1 72 100 50.725 120.727 0 1 0 -0.985 0 0.175 0.175 0 0.985 32524.dat
1 72 120 19.625 288.827 0 1 0 0.175 0 0.985 0.985 0 -0.175 32524.dat
1 71 110 -19.775 295.827 -1 0 0 0 0.175 0.985 0 0.985 -0.175 4274.dat
1 0 102 -19.775 295.827 0 1 0 0.175 0 0.985 0.985 0 -0.175 572.dat
1 72 105 19.625 288.827 0 1 0 -0.175 0 -0.985 -0.985 0 0.175 41677.dat
1 1 110 19.625 288.827 -1 0 0 0 -0.175 -0.985 0 -0.985 0.175 43093.dat
1 1 110 -0.075 292.327 -1 0 0 0 -0.175 -0.985 0 -0.985 0.175 43093.dat
1 72 100 -39.475 299.327 0 -1 0 -0.175 0 0.985 -0.985 0 -0.175 2825.dat
1 0 110 -39.475 299.327 1 0 0 0 0.985 0.175 0 -0.175 0.985 3705.dat
1 0 110 59.025 281.827 1 0 0 0 0.985 0.175 0 -0.175 0.985 3705.dat
1 0 80 -206.275 389.927 0 1 0 -0.175 0 -0.985 -0.985 0 0.175 32278.dat
1 0 60 -344.175 414.427 -1 0 0 0 0.175 0.985 0 0.985 -0.175 6558.dat
1 0 60 -324.475 410.927 -1 0 0 0 0.175 0.985 0 0.985 -0.175 6558.dat
1 0 60 -265.375 400.427 -1 0 0 0 0.175 0.985 0 0.985 -0.175 6558.dat
1 0 60 -206.275 389.927 -1 0 0 0 0.175 0.985 0 0.985 -0.175 6558.dat
1 0 60 -186.575 386.427 -1 0 0 0 0.175 0.985 0 0.985 -0.175 6558.dat
1 0 60 -68.375 365.427 -1 0 0 0 0.175 0.985 0 0.985 -0.175 6558.dat
1 0 65 -363.875 417.927 0 1 0 0.175 0 0.985 0.985 0 -0.175 2905.dat
1 0 55 -363.875 417.927 0 1 0 0.175 0 0.985 0.985 0 -0.175 2905.dat
1 0 60 -363.875 417.927 1 0 0 0 0.175 -0.985 0 0.985 0.175 6558.dat
1 0 60 -125.725 385.777 0 0 -1 0.985 -0.175 0 -0.175 -0.985 0 3703.dat
1 0 60 -48.675 361.927 -1 0 0 0 0.175 0.985 0 0.985 -0.175 6558.dat
1 0 60 10.425 351.427 -1 0 0 0 0.175 0.985 0 0.985 -0.175 6558.dat
1 0 80 10.425 351.427 0 -1 0 -0.175 0 0.985 -0.985 0 -0.175 32524.dat
1 0 60 49.825 344.427 -1 0 0 0 0.175 0.985 0 0.985 -0.175 6558.dat
1 0 60 69.525 340.927 -1 0 0 0 0.175 0.985 0 0.985 -0.175 6558.dat
1 0 60 69.525 340.927 0 0 1 0.175 -0.985 0 0.985 0.175 0 42003.dat
1 0 40 -285.075 403.927 0 -1 0 -0.175 0 0.985 -0.985 0 -0.175 40490.dat
1 0 40 -48.675 361.927 0 -1 0 -0.175 0 0.985 -0.985 0 -0.175 32278.dat
1 1 60 90.975 347.277 0 -1 0 -0.175 0 0.985 -0.985 0 -0.175 43093.dat
1 0 80 -363.875 417.927 0 -1 0 -0.985 0 -0.175 0.175 0 -0.985 32316.dat
1 0 60 -367.375 398.227 -1 0 0 0 -0.985 0.175 0 0.175 0.985 6558.dat
1 0 60 -360.375 437.627 -1 0 0 0 -0.985 0.175 0 0.175 0.985 6558.dat
1 71 90 -370.875 378.527 -1 0 0 0 -0.985 0.175 0 0.175 0.985 3673.dat
1 71 90 -356.875 457.327 -1 0 0 0 -0.985 0.175 0 0.175 0.985 3673.dat
1 320 100 -356.875 457.327 0 0 -1 -0.175 -0.985 0 -0.985 0.175 0 42610.dat
1 320 100 -370.875 378.527 0 0 -1 -0.175 -0.985 0 -0.985 0.175 0 42610.dat
1 71 60 -281.925 421.657 0 0 -1 0.985 -0.175 0 -0.175 -0.985 0 3743.dat
1 71 60 -203.125 407.657 0 0 -1 0.985 -0.175 0 -0.175 -0.985 0 3743.dat
1 71 60 -124.325 393.657 0 0 -1 0.985 -0.175 0 -0.175 -0.985 0 3743.dat
1 71 60 -45.525 379.657 0 0 -1 0.985 -0.175 0 -0.175 -0.985 0 3743.dat
1 71 60 33.275 365.657 0 0 -1 0.985 -0.175 0 -0.175 -0.985 0 3743.dat
1 0 40 -380.075 441.127 0 0 -1 0.175 0.985 0 0.985 -0.175 0 6536.dat
1 0 40 -387.075 401.727 0 0 -1 0.175 0.985 0 0.985 -0.175 0 6536.dat
1 0 0 89.225 337.427 0 0 1 -0.175 0.985 0 -0.985 -0.175 0 32034.dat
1 1 -30 89.225 337.427 1 0 0 0 0.985 0.175 0 -0.175 0.985 43093.dat
1 1 30 89.225 337.427 -1 0 0 0 -0.985 0.175 0 0.175 0.985 43093.dat
1 0 0 90.975 347.277 0 0 1 0.175 -0.985 0 0.985 0.175 0 2780.dat
1 0 -40 -285.075 403.927 0 1 0 -0.175 0 -0.985 -0.985 0 0.175 40490.dat
1 0 -60 -363.875 417.927 -1 0 0 0 -0.175 -0.985 0 -0.985 0.175 6558.dat
1 0 -60 -344.175 414.427 -1 0 0 0 -0.175 -0.985 0 -0.985 0.175 6558.dat
1 0 -60 -324.475 410.927 -1 0 0 0 -0.175 -0.985 0 -0.985 0.175 6558.dat
1 0 -60 -206.275 389.927 -1 0 0 0 -0.175 -0.985 0 -0.985 0.175 6558.dat
1 0 -60 -265.375 400.427 -1 0 0 0 -0.175 -0.985 0 -0.985 0.175 6558.dat
1 0 -55 -363.875 417.927 0 1 0 0.175 0 0.985 0.985 0 -0.175 2905.dat
1 0 -65 -363.875 417.927 0 1 0 0.175 0 0.985 0.985 0 -0.175 2905.dat
1 0 -60 -125.725 385.777 0 0 1 -0.985 -0.175 0 0.175 -0.985 0 3703.dat
1 0 -40 -48.675 361.927 0 1 0 -0.175 0 -0.985 -0.985 0 0.175 32278.dat
1 0 -60 -186.575 386.427 -1 0 0 0 -0.175 -0.985 0 -0.985 0.175 6558.dat
1 0 -60 49.825 344.427 -1 0 0 0 -0.175 -0.985 0 -0.985 0.175 6558.dat
1 0 -60 69.525 340.927 -1 0 0 0 -0.175 -0.985 0 -0.985 0.175 6558.dat
1 0 -60 10.425 351.427 -1 0 0 0 -0.175 -0.985 0 -0.985 0.175 6558.dat
1 0 -60 -68.375 365.427 -1 0 0 0 -0.175 -0.985 0 -0.985 0.175 6558.dat
1 0 -60 -48.675 361.927 -1 0 0 0 -0.175 -0.985 0 -0.985 0.175 6558.dat
1 0 -60 69.525 340.927 0 0 -1 -0.175 -0.985 0 -0.985 0.175 0 42003.dat
1 0 -80 -363.875 417.927 0 1 0 -0.985 0 0.175 0.175 0 0.985 32316.dat
1 0 -60 -360.375 437.627 1 0 0 0 -0.985 -0.175 0 0.175 -0.985 6558.dat
1 0 -60 -367.375 398.227 1 0 0 0 -0.985 -0.175 0 0.175 -0.985 6558.dat
1 71 -90 -356.875 457.327 1 0 0 0 -0.985 -0.175 0 0.175 -0.985 3673.dat
1 71 -90 -370.875 378.527 1 0 0 0 -0.985 -0.175 0 0.175 -0.985 3673.dat
1 320 -100 -370.875 378.527 0 0 1 0.175 -0.985 0 0.985 0.175 0 42610.dat
1 320 -100 -356.875 457.327 0 0 1 0.175 -0.985 0 0.985 0.175 0 42610.dat
1 0 -40 -380.075 441.127 0 0 1 -0.175 0.985 0 -0.985 -0.175 0 6536.dat
1 0 -40 -387.075 401.727 0 0 1 -0.175 0.985 0 -0.985 -0.175 0 6536.dat
1 1 -60 90.975 347.277 0 0 1 -0.175 0.985 0 -0.985 -0.175 0 43093.dat
1 0 -80 10.425 351.427 0 1 0 -0.175 0 -0.985 -0.985 0 0.175 32524.dat
1 0 -80 -206.275 389.927 0 1 0 -0.175 0 -0.985 -0.985 0 0.175 32278.dat
1 71 -60 -281.925 421.657 0 0 1 -0.985 -0.175 0 0.175 -0.985 0 3743.dat
1 71 -60 -203.125 407.657 0 0 1 -0.985 -0.175 0 0.175 -0.985 0 3743.dat
1 71 -60 -124.325 393.657 0 0 1 -0.985 -0.175 0 0.175 -0.985 0 3743.dat
1 71 -60 -45.525 379.657 0 0 1 -0.985 -0.175 0 0.175 -0.985 0 3743.dat
1 71 -60 33.275 365.657 0 0 1 -0.985 -0.175 0 0.175 -0.985 0 3743.dat
1 0 0 92.725 357.127 0 0 -1 0.985 -0.175 0 -0.175 -0.985 0 32524.dat
1 0 0 -383.575 421.427 0 0 1 -0.985 -0.175 0 0.175 -0.985 0 40490.dat
1 71 80 -383.575 421.427 0 0 1 -0.175 0.985 0 -0.985 -0.175 0 4519.dat
1 71 -80 -383.575 421.427 0 0 1 -0.175 0.985 0 -0.985 -0.175 0 4519.dat
1 0 80 -380.075 441.127 -1 0 0 0 0.985 -0.175 0 -0.175 -0.985 3713.dat
1 0 -80 -380.075 441.127 -1 0 0 0 0.985 -0.175 0 -0.175 -0.985 3713.dat
1 0 80 -387.075 401.727 1 0 0 0 0.985 0.175 0 -0.175 0.985 3713.dat
1 0 -80 -387.075 401.727 1 0 0 0 0.985 0.175 0 -0.175 0.985 3713.dat
1 71 -40 -383.575 421.427 0 0 -1 0.175 0.985 0 0.985 -0.175 0 4519.dat
1 71 40 -383.575 421.427 0 0 -1 0.175 0.985 0 0.985 -0.175 0 4519.dat
1 0 100 -317.338 450.221 0 1 0 0.985 0 -0.175 -0.175 0 -0.985 32140.dat
1 1 90 -317.338 450.221 1 0 0 0 -0.985 -0.175 0 0.175 -0.985 43093.dat
1 0 -100 -317.338 450.221 0 1 0 0.985 0 -0.175 -0.175 0 -0.985 32140.dat
1 1 -90 -317.338 450.221 -1 0 0 0 -0.985 0.175 0 0.175 0.985 43093.dat
1 0 100 -277.954 443.23 0 1 0 0.985 0 -0.175 -0.175 0 -0.985 32140.dat
1 1 90 -277.954 443.23 1 0 0 0 -0.985 -0.175 0 0.175 -0.985 43093.dat
1 0 -100 -277.954 443.23 0 1 0 0.985 0 -0.175 -0.175 0 -0.985 32140.dat
1 1 -90 -277.954 443.23 -1 0 0 0 -0.985 0.175 0 0.175 0.985 43093.dat
1 0 98 -104.221 392.077 0 -1 0 -0.175 0 0.985 -0.985 0 -0.175 572.dat
1 0 -98 -104.221 392.077 0 1 0 0.175 0 0.985 0.985 0 -0.175 572.dat
1 0 -106 -94.375 390.329 0 1 0 0.985 0 -0.175 -0.175 0 -0.985 3069.dat
1 0 106 -94.375 390.329 0 -1 0 0.985 0 0.175 -0.175 0 0.985 3069.dat
1 0 -60 0 700 0 -1 0 0 0 1 -1 0 0 32526.dat
1 0 -70 0 700 -1 0 0 0 0 1 0 1 0 2780.dat
1 0 -70 20 700 -1 0 0 0 0 1 0 1 0 2780.dat
1 0 -60 80 660 -1 0 0 0 0 1 0 1 0 6558.dat
1 0 -60 80 680 -1 0 0 0 0 1 0 1 0 6558.dat
1 0 -40 80 740 0 1 0 -1 0 0 0 0 1 40490.dat
1 0 -30 80 780 -1 0 0 0 0 1 0 1 0 2780.dat
1 0 -30 80 760 -1 0 0 0 0 1 0 1 0 2780.dat
1 0 -30 80 720 -1 0 0 0 0 1 0 1 0 2780.dat
1 0 -60 80 820 -1 0 0 0 0 1 0 1 0 32184.dat
1 71 -40 80 840 -1 0 0 0 0 1 0 1 0 4519.dat
1 71 -40 80 800 -1 0 0 0 0 1 0 1 0 4519.dat
1 4 -40 80 920 0 -1 0 0 0 1 -1 0 0 32009.dat
1 0 0 80 840 0 0 -1 0 -1 0 -1 0 0 32034.dat
1 71 -20 80 800 0 0 -1 1 0 0 0 -1 0 42003.dat
1 71 0 80 840 0 0 -1 0 -1 0 -1 0 0 4519.dat
1 71 0 80 860 -1 0 0 0 -1 0 0 0 1 4019.dat
1 71 0 80 810 -1 0 0 0 -1 0 0 0 1 6538.dat
1 71 -40 40 920 -1 0 0 0 -1 0 0 0 1 4519.dat
1 71 40 40 920 -1 0 0 0 -1 0 0 0 1 4519.dat
1 0 0 40 920 0 0 1 0 -1 0 1 0 0 32034.dat
1 71 40 80 840 -1 0 0 0 -1 0 0 0 1 4519.dat
1 0 -20 0 760 0 -1 0 0 0 1 -1 0 0 32526.dat
1 0 -30 20 760 -1 0 0 0 0 1 0 1 0 2780.dat
1 4 40 80 920 0 -1 0 0 0 1 -1 0 0 32009.dat
1 0 0 80 770 0 -1 0 0 0 1 -1 0 0 3705.dat
1 71 0 80 730 -1 0 0 0 -1 0 0 0 1 6538.dat
1 1 50 -80 920 -1 0 0 0 -1 0 0 0 1 43093.dat
1 1 -50 -80 920 1 0 0 0 -1 0 0 0 -1 43093.dat
1 0 60 20 920 1 0 0 0 -1 0 0 0 -1 32184.dat
1 0 -60 20 920 1 0 0 0 -1 0 0 0 -1 32184.dat
1 71 60 20 920 0 0 -1 0 -1 0 -1 0 0 32054.dat
1 71 -60 20 920 0 0 -1 0 -1 0 -1 0 0 32054.dat
1 1 -30 80 700 1 0 0 0 -1 0 0 0 -1 43093.dat
1 0 0 80 700 0 0 -1 0 -1 0 -1 0 0 32034.dat
1 1 30 80 700 -1 0 0 0 -1 0 0 0 1 43093.dat
1 0 0 40 760 1 0 0 0 -1 0 0 0 -1 6558.dat
1 0 0 60 760 1 0 0 0 -1 0 0 0 -1 6558.dat
1 1 0 50 740 0 0 -1 -1 0 0 0 1 0 32557.dat
1 4 60 -80 920 -1 0 0 0 -0.866 0.5 0 0.5 0.866 32013.dat
1 4 -60 -80 920 -1 0 0 0 -0.866 0.5 0 0.5 0.866 32013.dat
1 0 40 80 740 0 -1 0 1 0 0 0 0 1 40490.dat
1 0 60 80 660 1 0 0 0 1 0 0 0 1 6558.dat
1 0 60 80 680 1 0 0 0 1 0 0 0 1 6558.dat
1 0 30 80 720 1 0 0 0 1 0 0 0 1 2780.dat
1 0 30 80 760 1 0 0 0 1 0 0 0 1 2780.dat
1 0 30 80 780 1 0 0 0 1 0 0 0 1 2780.dat
1 0 20 0 760 0 -1 0 0 0 1 -1 0 0 32526.dat
1 71 20 80 800 0 0 -1 1 0 0 0 -1 0 42003.dat
1 0 30 20 760 -1 0 0 0 0 1 0 1 0 2780.dat
1 0 60 80 820 1 0 0 0 0 1 0 -1 0 32184.dat
1 71 40 80 800 1 0 0 0 0 1 0 -1 0 4519.dat
1 0 -60 80 820 0 0 1 -1 0 0 0 -1 0 6558.dat
1 0 60 80 820 0 0 1 -1 0 0 0 -1 0 6558.dat
1 0 0 100 820 0 0 1 0 -1 0 1 0 0 32525.dat
1 0 -130 80 820 -1 0 0 0 -1 0 0 0 1 3706.dat
1 71 -75 80 820 0 0 -1 0 -1 0 -1 0 0 32123.dat
1 71 -85 80 820 0 0 -1 0 -1 0 -1 0 0 32123.dat
1 71 -100 80 800 -1 0 0 0 0 -1 0 -1 0 48989.dat
1 71 -115 80 820 0 0 -1 0 -1 0 -1 0 0 32123.dat
1 71 -125 80 820 0 0 -1 0 -1 0 -1 0 0 32123.dat
1 0 130 80 820 1 0 0 0 1 0 0 0 1 3706.dat
1 71 75 80 820 0 0 1 0 1 0 -1 0 0 32123.dat
1 71 85 80 820 0 0 1 0 1 0 -1 0 0 32123.dat
1 71 100 80 800 1 0 0 0 0 1 0 -1 0 48989.dat
1 71 115 80 820 0 0 1 0 1 0 -1 0 0 32123.dat
1 71 125 80 820 0 0 1 0 1 0 -1 0 0 32123.dat
1 0 0 60 820 0 0 1 0 -1 0 1 0 0 32525.dat
1 0 0 60 780 0 0 1 0 1 0 -1 0 0 32525.dat
1 71 -40 50 780 0 0 1 -1 0 0 0 -1 0 4274.dat
1 71 -20 50 780 0 0 1 -1 0 0 0 -1 0 4274.dat
1 71 40 50 780 0 0 1 -1 0 0 0 -1 0 4274.dat
1 71 20 50 780 0 0 1 -1 0 0 0 -1 0 4274.dat
1 71 -30 42 780 1 0 0 0 1 0 0 0 1 3794.dat
1 71 30 42 780 1 0 0 0 1 0 0 0 1 3794.dat
1 71 0 34 780 1 0 0 0 1 0 0 0 1 3743.dat
1 0 0 40 870 0 -0.195 0.981 0 0.981 0.195 -1 0 0 3706.dat
1 71 0 40 900 -0.981 -0.195 0 -0.195 0.981 0 0 0 -1 3713.dat
1 71 0 40 880 -0.981 -0.195 0 -0.195 0.981 0 0 0 -1 32270.dat
1 71 0 40 860 -0.981 -0.195 0 -0.195 0.981 0 0 0 -1 4019.dat
1 71 0 40 840 -0.981 -0.195 0 -0.195 0.981 0 0 0 -1 3713.dat
1 0 0 40 820 0 -1 0 -1 0 0 0 0 -1 32184.dat
1 0 0 20 900 0 0 1 -1 0 0 0 -1 0 32524.dat
1 71 -20 40 820 0 0 1 -1 0 0 0 -1 0 44294.dat
1 71 20 40 820 0 0 1 -1 0 0 0 -1 0 44294.dat
1 0 0 20 790 0 0 1 0 1 0 -1 0 0 3706.dat
1 71 0 20 840 -1 0 0 0 1 0 0 0 -1 3713.dat
1 0 0 20 820 0 -1 0 -1 0 0 0 0 -1 32184.dat
1 71 0 20 800 0 -1 0 -1 0 0 0 0 -1 3647.dat
1 71 0 20 780 0 -1 0 -1 0 0 0 0 -1 3647.dat
1 1 0 0 760 -1 0 0 0 1 0 0 0 -1 6536.dat
1 71 0 20 747 -1 0 0 0 1 0 0 0 -1 6589.dat
1 71 0 0 760 1 0 0 0 1 0 0 0 1 32073.dat
1 71 0 0 940 -0.039 0 0.999 0.999 0 0.039 0 1 0 33299.dat
1 71 39.969 1.57 970 0 0.039 0.999 0 -0.999 0.039 1 0 0 75535.dat
1 71 0 0 900 0 0.039 0.999 0 -0.999 0.039 1 0 0 32073.dat
1 0 0 0 920 0 0 1 0 -1 0 1 0 0 32034.dat
1 71 0 0 900 0.999 0.039 0 0.039 -0.999 0 0 0 -1 3713.dat
1 71 0 0 880 0.999 0.039 0 0.039 -0.999 0 0 0 -1 32269.dat
1 71 0 0 850 0.999 0.039 0 0.039 -0.999 0 0 0 -1 6538.dat
1 19 0 0 830 0 0.039 0.999 0 -0.999 0.039 1 0 0 3749.dat
1 0 0 0 820 0 1 0 -1 0 0 0 0 1 32184.dat
1 71 60 0 920 1 0 0 0 1 0 0 0 1 4519.dat
1 71 -60 0 920 1 0 0 0 1 0 0 0 1 4519.dat
1 0 -40 -20 820 0 0 -1 1 0 0 0 -1 0 32039.dat
1 0 40 -20 820 0 0 1 1 0 0 0 1 0 32039.dat
1 71 0 37 720 -0.988 0.156 0 0 0 1 0.156 0.988 0 32198.dat
1 71 0 40 720 0 0.156 -0.988 -1 0 0 0 0.988 0.156 4519.dat
1 71 0 10 720 -0.156 0.988 0 0 0 -1 -0.988 -0.156 0 6538.dat
1 0 0 -20 720 0 0 1 -1 0 0 0 -1 0 32034.dat
1 1 -30 -20 720 1 0 0 0 1 0 0 0 1 43093.dat
1 1 30 -20 720 -1 0 0 0 1 0 0 0 -1 43093.dat
1 0 40 60 760 0 1 0 0 0 -1 -1 0 0 32526.dat
1 0 60 0 700 0 -1 0 0 0 1 -1 0 0 32526.dat
1 0 -40 60 760 0 1 0 0 0 -1 -1 0 0 32526.dat
1 0 70 0 700 -1 0 0 0 0 1 0 1 0 2780.dat
1 0 70 20 700 -1 0 0 0 0 1 0 1 0 2780.dat
1 0 50 -20 740 -1 0 0 0 0 1 0 1 0 2780.dat
1 0 -50 -20 740 -1 0 0 0 0 1 0 1 0 2780.dat
1 0 -60 -20 800 0 -1 0 1 0 0 0 0 1 41239.dat
1 0 -70 -20 700 -1 0 0 0 -1 0 0 0 1 2780.dat
1 0 -60 -20 760 1 0 0 0 -1 0 0 0 -1 6558.dat
1 0 -70 -20 880 -1 0 0 0 -1 0 0 0 1 2780.dat
1 0 -70 -20 860 -1 0 0 0 -1 0 0 0 1 2780.dat
1 0 -80 -40 870 0 1 0 0 0 -1 -1 0 0 41678.dat
1 0 -50 -20 920 -1 0 0 0 -1 0 0 0 1 2780.dat
1 0 -80 -20 820 0 -1 0 -1 0 0 0 0 -1 32140.dat
1 72 -62 -20 820 -1 0 0 0 1 0 0 0 -1 6587.dat
1 72 -5 -64 672 0 1 0 0.8 0 0.6 0.6 0 -0.8 32056.dat
1 72 5 -64 672 0 1 0 0.8 0 0.6 0.6 0 -0.8 32056.dat
1 71 0 -32 696 -1 0 0 0 0.8 0.6 0 0.6 -0.8 32073.dat
1 0 -20 -32 696 0 0 1 0.6 0.8 0 -0.8 0.6 0 3713.dat
1 0 20 -32 696 0 0 -1 -0.6 0.8 0 0.8 0.6 0 3713.dat
1 0 -40 -32 696 0 1 0 0.8 0 0.6 0.6 0 -0.8 32271.dat
1 0 40 -32 696 0 1 0 0.8 0 0.6 0.6 0 -0.8 32271.dat
1 0 -50 -20 680 -1 0 0 0 0.8 0.6 0 0.6 -0.8 2780.dat
1 0 50 -20 680 -1 0 0 0 0.8 0.6 0 0.6 -0.8 2780.dat
1 0 60 -20 800 0 -1 0 1 0 0 0 0 1 41239.dat
1 0 70 -20 880 -1 0 0 0 -1 0 0 0 1 2780.dat
1 0 70 -20 860 -1 0 0 0 -1 0 0 0 1 2780.dat
1 0 70 -20 700 -1 0 0 0 -1 0 0 0 1 2780.dat
1 0 60 -20 760 -1 0 0 0 -1 0 0 0 1 6558.dat
1 0 80 -40 870 0 -1 0 0 0 -1 1 0 0 41678.dat
1 0 50 -20 920 -1 0 0 0 -1 0 0 0 1 2780.dat
1 0 80 -20 820 0 -1 0 -1 0 0 0 0 -1 32140.dat
1 72 62 -20 820 1 0 0 0 1 0 0 0 1 6587.dat
1 71 0 -20 720 0 -0.988 0.156 1 0 0 0 0.156 0.988 4519.dat
1 0 0 -60 720 -0.156 -0.988 0 0 0 1 -0.988 0.156 0 32034.dat
1 71 0 -40 900 0 0 -1 -1 0 0 0 1 0 41239.dat
1 0 -80 -40 890 0 0 -1 0 -1 0 -1 0 0 3705.dat
1 0 80 -40 890 0 0 -1 0 -1 0 -1 0 0 3705.dat
1 36 -80 -40 920 0 0 1 -1 0 0 0 -1 0 41669.dat
1 36 80 -40 920 0 0 -1 1 0 0 0 -1 0 41669.dat
1 71 120 -40 760 1 0 0 0 0.6 0.8 0 -0.8 0.6 32054.dat
1 1 90 -40 760 1 0 0 0 0.6 0.8 0 -0.8 0.6 43093.dat
1 0 120 -52 776 0 -1 0 0.8 0 -0.6 0.6 0 0.8 32523.dat
1 71 -120 -40 760 -1 0 0 0 0.6 -0.8 0 -0.8 -0.6 32054.dat
1 1 -90 -40 760 -1 0 0 0 0.6 -0.8 0 -0.8 -0.6 43093.dat
1 0 -120 -52 776 0 1 0 -0.8 0 -0.6 -0.6 0 0.8 32523.dat
1 0 100 80 600 0 -1 0 -1 0 0 0 0 -1 32140.dat
1 0 70 80 600 -1 0 0 0 1 0 0 0 -1 3705.dat
1 0 90 80 540 -1 0 0 0 1 0 0 0 -1 2780.dat
1 0 80 80 540 0 1 0 1 0 0 0 0 -1 32278.dat
1 0 120 80 570 -1 0 0 0 0 1 0 1 0 32138.dat
1 0 65 80 600 0 1 0 1 0 0 0 0 -1 6632.dat
1 1 60 80 560 1 0 0 0 -1 0 0 0 -1 43093.dat
1 72 60 80 580 1 0 0 0 -1 0 0 0 -1 32002.dat
1 0 70 80 440 1 0 0 0 -1 0 0 0 -1 2780.dat
1 0 70 80 480 1 0 0 0 -1 0 0 0 -1 2780.dat
1 0 60 80 440 0 0 -1 0 -1 0 -1 0 0 32184.dat
1 0 60 80 480 0 0 -1 0 -1 0 -1 0 0 32184.dat
1 71 55 80 600 0 0 -1 0 -1 0 -1 0 0 32123.dat
1 71 50 70 570 0 0 -1 0 1 0 1 0 0 32000.dat
1 72 50 62 570 0 0 -1 0 1 0 1 0 0 3023.dat
1 0 -100 80 600 0 -1 0 -1 0 0 0 0 -1 32140.dat
1 0 -70 80 600 1 0 0 0 -1 0 0 0 -1 3705.dat
1 0 -90 80 540 1 0 0 0 -1 0 0 0 -1 2780.dat
1 0 -80 80 540 0 1 0 1 0 0 0 0 -1 32278.dat
1 0 -65 80 600 0 1 0 1 0 0 0 0 -1 6632.dat
1 0 -120 80 570 -1 0 0 0 0 -1 0 -1 0 32138.dat
1 72 -60 80 580 -1 0 0 0 0 -1 0 -1 0 32002.dat
1 1 -60 80 560 -1 0 0 0 0 -1 0 -1 0 43093.dat
1 0 -70 80 440 -1 0 0 0 0 -1 0 -1 0 2780.dat
1 0 -70 80 480 -1 0 0 0 0 -1 0 -1 0 2780.dat
1 71 -50 70 570 0 0 -1 0 1 0 1 0 0 32000.dat
1 72 -50 62 570 0 0 -1 0 1 0 1 0 0 3023.dat
1 71 -55 80 600 0 0 -1 0 1 0 1 0 0 32123.dat
1 0 -60 80 480 0 0 -1 0 1 0 1 0 0 32184.dat
1 0 -60 80 440 0 0 -1 0 1 0 1 0 0 32184.dat
1 0 0 60 460 0 0 1 1 0 0 0 1 0 40490.dat
1 71 -60 60 460 0 0 1 0 -1 0 1 0 0 4519.dat
1 71 60 60 460 0 0 1 0 -1 0 1 0 0 4519.dat
1 0 -20 100 460 0 0 -1 -1 0 0 0 1 0 32526.dat
1 0 -80 100 440 0 0 -1 0 -1 0 -1 0 0 6558.dat
1 71 -100 100 440 0 1 0 -1 0 0 0 0 1 42003.dat
1 0 20 100 460 0 0 1 -1 0 0 0 -1 0 32526.dat
1 0 80 100 440 0 0 1 0 1 0 -1 0 0 6558.dat
1 71 100 100 440 0 -1 0 -1 0 0 0 0 -1 42003.dat
1 71 -60 100 460 0 0 1 0 1 0 -1 0 0 4519.dat
1 71 60 100 460 0 0 1 0 1 0 -1 0 0 4519.dat
1 72 0 100 435 -1 0 0 0 0 -1 0 -1 0 2905.dat
1 72 0 100 445 -1 0 0 0 0 -1 0 -1 0 2905.dat
1 71 0 100 450 0 -1 0 0 0 -1 1 0 0 4274.dat
1 71 -40 100 440 0 -1 0 0 0 -1 1 0 0 4519.dat
1 71 40 100 440 0 -1 0 0 0 -1 1 0 0 4519.dat
1 0 -20 100 450 0 -1 0 0 0 -1 1 0 0 2780.dat
1 0 20 100 450 0 -1 0 0 0 -1 1 0 0 2780.dat
1 0 0 60 450 0 -1 0 0 0 -1 1 0 0 2780.dat
1 0 100 60 450 0 0 -1 0 1 0 1 0 0 2780.dat
1 0 -100 60 450 0 0 -1 0 1 0 1 0 0 2780.dat
1 0 -80 60 460 0 0 -1 0 1 0 1 0 0 6558.dat
1 0 80 60 460 0 0 -1 0 1 0 1 0 0 6558.dat
1 71 100 60 440 0 -1 0 1 0 0 0 0 1 42003.dat
1 71 -100 60 440 0 1 0 1 0 0 0 0 -1 42003.dat
1 71 -120 80 420 1 0 0 0 -1 0 0 0 -1 44294.dat
1 71 120 80 420 1 0 0 0 -1 0 0 0 -1 44294.dat
1 71 -60 80 420 0 0 -1 0 -1 0 -1 0 0 3713.dat
1 71 60 80 420 0 0 1 0 -1 0 1 0 0 3713.dat
1 71 100 80 420 0 0 -1 0 -1 0 -1 0 0 3713.dat
1 71 -100 80 420 0 0 1 0 -1 0 1 0 0 3713.dat
1 15 0 80 570 0 0 1 0 -1 0 1 0 0 50451.dat
1 71 0 80 427 1 0 0 0 -1 0 0 0 -1 6589.dat
1 72 0 54 550 1 0 0 0 1 0 0 0 1 3035.dat
1 72 70 62 520 1 0 0 0 1 0 0 0 1 6141.dat
1 72 -70 62 520 1 0 0 0 1 0 0 0 1 6141.dat
1 1 120 80 440 0 0 -1 1 0 0 0 -1 0 6536.dat
1 1 -120 80 440 0 0 -1 1 0 0 0 -1 0 6536.dat
1 71 -120 80 440 0 0 -1 1 0 0 0 -1 0 4519.dat
1 71 120 80 440 0 0 -1 1 0 0 0 -1 0 4519.dat
1 0 -100 100 420 0 0 1 -1 0 0 0 -1 0 32140.dat
1 0 100 100 420 0 0 -1 -1 0 0 0 1 0 32140.dat
1 0 -80 -120 700 0 -1 0 0 0 1 -1 0 0 32278.dat
1 4 -140 80 620 0 -1 0 1 0 0 0 0 1 32524.dat
1 0 -130 80 680 -1 0 0 0 -1 0 0 0 1 2780.dat
1 0 -130 80 660 -1 0 0 0 -1 0 0 0 1 2780.dat
1 0 -120 20 680 0 -1 0 0 0 1 -1 0 0 32140.dat
1 1 -130 60 680 -1 0 0 0 0 1 0 1 0 43093.dat
1 1 -130 20 680 1 0 0 0 0 -1 0 1 0 43093.dat
1 4 -140 -52 776 0 1 0 0.8 0 0.6 0.6 0 -0.8 32271.dat
1 1 -130 -52 776 -1 0 0 0 -0.6 0.8 0 0.8 0.6 43093.dat
1 71 -100 100 440 0 -1 0 0 0 -1 1 0 0 4519.dat
1 71 100 100 440 0 -1 0 0 0 -1 1 0 0 4519.dat
1 72 -80 -20 480 0 0 1 1 0 0 0 1 0 32034.dat
1 71 0 -20 480 -1 0 0 0 0 1 0 1 0 44294.dat
1 1 -110 -20 480 1 0 0 0 0 -1 0 1 0 43093.dat
1 72 -40 -20 480 1 0 0 0 0 -1 0 1 0 6536.dat
1 72 40 -20 480 1 0 0 0 0 -1 0 1 0 6536.dat
1 72 80 -20 480 0 0 1 1 0 0 0 1 0 32034.dat
1 1 110 -20 480 -1 0 0 0 0 1 0 1 0 43093.dat
1 72 -80 60 480 0 1 0 0 0 1 1 0 0 32013.dat
1 0 -80 30 480 0 1 0 1 0 0 0 0 -1 32062.dat
1 72 -80 10 480 0 1 0 0 0 -1 -1 0 0 6538.dat
1 1 -80 -10 480 0 1 0 1 0 0 0 0 -1 43093.dat
1 72 80 60 480 0 1 0 0 0 1 1 0 0 32013.dat
1 0 80 30 480 0 1 0 1 0 0 0 0 -1 32062.dat
1 72 80 10 480 0 1 0 0 0 -1 -1 0 0 6538.dat
1 1 80 -10 480 0 1 0 1 0 0 0 0 -1 43093.dat
1 71 0 -64 672 1 0 0 0 0.8 -0.6 0 0.6 0.8 4519.dat
1 0 0 -52 656 -1 0 0 0 -0.8 0.6 0 -0.6 -0.8 6558.dat
1 1 -80 80 400 1 0 0 0 -1 0 0 0 -1 32054.dat
1 1 80 80 400 -1 0 0 0 -1 0 0 0 1 32054.dat
1 71 -120 -24 652 0 -1 0 0.8 0 -0.6 0.6 0 0.8 32278.dat
1 0 -120 -108 764 -1 0 0 0 -0.8 -0.6 0 -0.6 0.8 6558.dat
1 0 -120 60 540 -1 0 0 0 -0.8 -0.6 0 -0.6 0.8 6558.dat
1 71 -120 -60 700 -1 0 0 0 -0.8 -0.6 0 -0.6 0.8 32054.dat
1 1 -110 -84 732 1 0 0 0 -0.8 0.6 0 -0.6 -0.8 43093.dat
1 1 -90 -60 700 -1 0 0 0 -0.8 -0.6 0 -0.6 0.8 43093.dat
1 0 -130 48 556 -1 0 0 0 -0.8 -0.6 0 -0.6 0.8 2780.dat
1 0 -130 36 572 -1 0 0 0 -0.8 -0.6 0 -0.6 0.8 2780.dat
1 4 -140 -36 668 0 1 0 -0.8 0 -0.6 -0.6 0 0.8 41239.dat
1 4 -140 12 504 0 1 0 -0.6 0 0.8 0.8 0 0.6 32140.dat
1 71 -140 12 504 1 0 0 0 0.6 0.8 0 -0.8 0.6 4519.dat
1 71 -160 12 504 0 1 0 0.6 0 -0.8 -0.8 0 -0.6 32348.dat
1 1 -130 44 528 1 0 0 0 -0.6 -0.8 0 0.8 -0.6 43093.dat
1 71 -100 -132 796 0 -1 0 0.6 0 0.8 -0.8 0 0.6 32009.dat
1 71 -140 -36 408 -1 0 0 0 0 1 0 1 0 4519.dat
1 71 -140 -36 408 0 0 -1 1 0 0 0 -1 0 3713.dat
1 71 -120 44 528 0 1 0 0.6 0 -0.8 -0.8 0 -0.6 6629.dat
1 72 -20 -24.402 666.343 0 -1 0 -0.141 0 0.99 -0.99 0 -0.141 32009.dat
1 71 0 -182.802 688.903 -1 0 0 0 0.141 0.99 0 0.99 -0.141 4519.dat
1 71 0 -35.682 587.143 -1 0 0 0 0.141 0.99 0 0.99 -0.141 32073.dat
1 71 0 -103.602 677.623 -1 0 0 0 0.141 0.99 0 0.99 -0.141 32073.dat
1 71 0 -123.402 680.443 -1 0 0 0 0.141 0.99 0 0.99 -0.141 32073.dat
1 71 0 -35.682 587.143 0 0 -1 -0.99 0.141 0 0.141 0.99 0 3713.dat
1 71 0 -182.802 688.903 0 0 -1 -0.99 0.141 0 0.141 0.99 0 3713.dat
1 72 -5 -103.602 677.623 0 1 0 -0.141 0 -0.99 -0.99 0 0.141 41677.dat
1 72 5 -103.602 677.623 0 1 0 -0.141 0 -0.99 -0.99 0 0.141 41677.dat
1 1 -40 -35.682 587.143 0 1 0 0.99 0 -0.141 -0.141 0 -0.99 41669.dat
1 1 -40 -123.402 680.443 0 1 0 0.141 0 0.99 0.99 0 -0.141 41669.dat
1 1 -40 -103.602 677.623 0 1 0 -0.141 0 -0.99 -0.99 0 0.141 41669.dat
1 72 20 -24.402 666.343 0 -1 0 -0.141 0 0.99 -0.99 0 -0.141 32009.dat
1 71 -70 -164 772 0 0 1 0 1 0 -1 0 0 6538.dat
1 71 0 -164 772 -1 0 0 0 1 0 0 0 -1 44294.dat
1 71 70 -164 772 0 0 1 0 1 0 -1 0 0 6538.dat
1 1 -90 -164 772 1 0 0 0 1 0 0 0 1 43093.dat
1 1 90 -164 772 -1 0 0 0 1 0 0 0 -1 43093.dat
1 1 40 -35.716 587.147 0 -1 0 -0.99 0 -0.141 0.141 0 -0.99 41669.dat
1 1 40 -123.397 680.485 0 -1 0 -0.141 0 0.99 -0.99 0 -0.141 41669.dat
1 1 40 -103.598 677.657 0 -1 0 0.141 0 -0.99 0.99 0 0.141 41669.dat
1 0 -60 -254.514 640.251 0 -1 0 0.996 0 -0.091 0.091 0 0.996 32524.dat
1 0 -80 -249.054 580.491 -1 0 0 0 -0.996 -0.091 0 -0.091 0.996 6558.dat
1 0 -80 -252.694 620.331 -1 0 0 0 -0.996 -0.091 0 -0.091 0.996 6558.dat
1 0 -80 -257.244 670.131 -1 0 0 0 -0.091 0.996 0 0.996 0.091 32138.dat
1 0 -80 -254.514 640.251 0 -1 0 -0.996 0 0.091 -0.091 0 -0.996 32140.dat
1 71 -100 -254.514 640.251 0 1 0 0.996 0 0.091 0.091 0 -0.996 6629.dat
1 71 -100 -257.244 670.131 0 1 0 0.996 0 0.091 0.091 0 -0.996 43857.dat
1 71 -80 -254.514 640.251 -1 0 0 0 0.996 0.091 0 0.091 -0.996 4519.dat
1 0 0 -259.974 700.011 0 1 0 1.000297 0 0 0 0 -1.000297 44809.dat
1 71 0 -259.974 700.011 -1 0 0 0 0.800238 0.600178 0 0.600178 -0.800238 4519.dat
1 0 -30 -259.974 700.011 0 0 -1 -0.600178 0.800238 0 0.800238 0.600178 0 6538.dat
1 0 30 -259.974 700.011 0 0 -1 -0.600178 0.800238 0 0.800238 0.600178 0 6538.dat
1 0 -70 -259.974 700.011 1 0 0 0 0.800238 -0.600178 0 0.600178 0.800238 3705.dat
1 0 70 -259.974 700.011 1 0 0 0 0.800238 -0.600178 0 0.600178 0.800238 3705.dat
1 71 -70 -245.371 540.67 0 0 1 0.091 0.996 0 -0.996 0.091 0 6538.dat
1 71 0 -245.371 540.67 -1 0 0 0 0.996 0.091 0 0.091 -0.996 44294.dat
1 71 70 -245.371 540.67 0 0 1 0.091 0.996 0 -0.996 0.091 0 6538.dat
1 1 -90 -245.371 540.67 1 0 0 0 0.996 -0.091 0 0.091 0.996 43093.dat
1 1 90 -245.371 540.67 -1 0 0 0 0.996 0.091 0 0.091 -0.996 43093.dat
1 72 0 -84.749 524.749 -1 0 0 0 0.707 -0.707 0 -0.707 -0.707 2905.dat
1 1 0 -91.819 531.819 -1 0 0 0 0.707 -0.707 0 -0.707 -0.707 2905.dat
1 71 0 -123.634 507.074 0 -1 0 -0.707 0 -0.707 0.707 0 -0.707 4274.dat
1 71 0 -109.494 521.214 0 -1 0 -0.707 0 -0.707 0.707 0 -0.707 4274.dat
1 72 0 -122.22 519.8 0 0 -1 0.707 0.707 0 0.707 -0.707 0 3069.dat
1 19 0 -95.354 535.354 0 0 -1 -0.707 0.707 0 0.707 0.707 0 3749.dat
1 71 0 -112.322 552.322 1 0 0 0 0.707 0.707 0 -0.707 0.707 2819.dat
1 72 40 -60.004 500.004 -1 0 0 0 0 -0.999698 0 -0.999698 0 32192.dat
1 0 40 -81.2106 521.2106 0 1 0 0.706786 0 -0.706786 -0.706786 0 -0.706786 32062.dat
1 1 40 -30.0131 500.004 0 0 1 -0.999698 0 0 0 -0.999698 0 43093.dat
1 72 -40 -60.004 500.004 -1 0 0 0 0 -0.999698 0 -0.999698 0 32192.dat
1 0 -40 -81.2106 521.2106 0 1 0 0.706786 0 -0.706786 -0.706786 0 -0.706786 32062.dat
1 1 -40 -30.0131 500.004 0 0 1 -0.999698 0 0 0 -0.999698 0 43093.dat
1 0 0 -190 720 0 -0.988 0.156 1 0 0 0 0.156 0.988 3708.dat
1 0 60 -254.514 640.251 0 -1 0 0.996 0 -0.091 0.091 0 0.996 32524.dat
1 0 80 -249.054 580.491 1 0 0 0 0.996 -0.091 0 0.091 0.996 6558.dat
1 0 80 -252.694 620.331 1 0 0 0 0.996 -0.091 0 0.091 0.996 6558.dat
1 0 80 -257.244 670.131 1 0 0 0 0.091 0.996 0 -0.996 0.091 32138.dat
1 0 80 -254.514 640.251 0 -1 0 -0.996 0 0.091 -0.091 0 -0.996 32140.dat
1 71 100 -257.244 670.131 0 -1 0 -0.996 0 0.091 -0.091 0 -0.996 43857.dat
1 71 100 -254.514 640.251 0 1 0 0.996 0 0.091 0.091 0 -0.996 6629.dat
1 71 80 -254.514 640.251 -1 0 0 0 0.996 0.091 0 0.091 -0.996 4519.dat
1 0 80 -120 700 0 -1 0 0 0 1 -1 0 0 32278.dat
1 71 -100 -177.25 498.723 0 1 0 0.524 0 0.852 0.852 0 -0.524 6629.dat
1 0 -100 -177.25 498.723 -1 0 0 0 0.524 0.852 0 0.852 -0.524 32062.dat
1 1 -110 -36.226 468.355 1 0 0 0 -0.9304 0.3672 0 -0.3672 -0.9304 43093.dat
1 72 -85 -194.29 509.203 0 -1 0 -0.524 0 0.852 -0.852 0 -0.524 41677.dat
1 0 -100 -194.29 509.203 -1 0 0 0 0.524 0.852 0 0.852 -0.524 32062.dat
1 72 -115 -194.28 509.21 0 -1 0 -0.524 0 0.852 -0.852 0 -0.524 41677.dat
