0 
0 Name: New Model.ldr
0 Author: 
1 72 -2 138 10 0 0 1 0 1 0 -1 0 0 30395.dat
1 0 -2 248 16 0 0 1 0.087 0.996 0 -0.996 0.087 0 3795.dat
1 4 -2 235.682 65.104 -1 0 0 0 0.996 0.087 0 0.087 -0.996 3023.dat
1 4 -2 244.382 -34.496 1 0 0 0 0.996 -0.087 0 0.087 0.996 2540.dat
1 4 -2 240.032 15.304 -1 0 0 0 0.996 0.087 0 0.087 -0.996 4032.dat
1 0 -2 237.422 45.184 -1 0 0 0 0.996 0.087 0 0.087 -0.996 2926.dat
1 0 -2 242.642 -14.576 -1 0 0 0 0.996 0.087 0 0.087 -0.996 2926.dat
1 72 -2 216.128 13.216 0 0 1 0.087 0.996 0 -0.996 0.087 0 2456.dat
1 15 -2 255.968 16.696 0 0 1 0.087 0.996 0 -0.996 0.087 0 2654.dat
1 15 -52 247.622 -14.141 0 0 1 0.087 0.996 0 -0.996 0.087 0 4624.dat
1 256 -52 247.622 -14.141 0 0 1 0.087 0.996 0 -0.996 0.087 0 59895.dat
1 15 -52 242.402 45.619 0 0 1 0.087 0.996 0 -0.996 0.087 0 4624.dat
1 256 -52 242.402 45.619 0 0 1 0.087 0.996 0 -0.996 0.087 0 59895.dat
1 15 48 242.402 45.619 0 0 -1 0.087 -0.996 0 -0.996 -0.087 0 4624.dat
1 256 48 242.402 45.619 0 0 -1 0.087 -0.996 0 -0.996 -0.087 0 59895.dat
1 15 48 247.622 -14.141 0 0 -1 0.087 -0.996 0 -0.996 -0.087 0 4624.dat
1 256 48 247.622 -14.141 0 0 -1 0.087 -0.996 0 -0.996 -0.087 0 59895.dat
1 16 48 226.171 60.3953 1 0 0 0 0.445981 0.894811 0 -0.894811 0.445981 3873.dat
1 16 48 220.4218 45.4675 1 0 0 0 0.932989 0.359329 0 -0.359329 0.932989 3873.dat
1 16 48 221.7308 29.5244 1 0 0 0 0.996439 -0.081813 0 0.081813 0.996439 3873.dat
1 16 48 223.1207 13.5883 1 0 0 0 0.996011 -0.086872 0 0.086872 0.996011 3873.dat
1 16 48 224.5127 -2.3477 1 0 0 0 0.996 -0.086998 0 0.086998 0.996 3873.dat
1 16 48 226.0242 -18.2728 1 0 0 0 0.995319 -0.094471 0 0.094471 0.995319 3873.dat
1 16 48 234.5346 -31.8179 1 0 0 0 0.846563 -0.531898 0 0.531898 0.846563 3873.dat
1 16 48 249.9851 -35.9622 1 0 0 0 0.25902 -0.965657 0 0.965657 0.25902 3873.dat
1 16 48 264.1832 -28.5928 1 0 0 0 -0.460586 -0.887381 0 0.887381 -0.460586 3873.dat
1 16 48 269.5516 -13.5238 1 0 0 0 -0.941811 -0.335527 0 0.335527 -0.941811 3873.dat
1 16 48 268.2515 2.4199 1 0 0 0 -0.996485 0.081256 0 -0.081256 -0.996485 3873.dat
1 16 48 266.8625 18.3562 1 0 0 0 -0.996016 0.086815 0 -0.086815 -0.996016 3873.dat
1 16 48 265.4706 34.2922 1 0 0 0 -0.996 0.086996 0 -0.086996 -0.996 3873.dat
1 16 48 263.8931 50.2109 1 0 0 0 -0.994919 0.09859 0 -0.09859 -0.994919 3873.dat
1 16 48 255.0726 63.5561 1 0 0 0 -0.834071 0.551281 0 -0.551281 -0.834071 3873.dat
1 16 48 240.488 67.531 1 0 0 0 -0.262898 0.964608 0 -0.964608 -0.262898 3873.dat
1 16 -52 226.171 60.3953 1 0 0 0 0.445981 0.894811 0 -0.894811 0.445981 3873.dat
1 16 -52 220.4218 45.4675 1 0 0 0 0.932989 0.359329 0 -0.359329 0.932989 3873.dat
1 16 -52 221.7308 29.5244 1 0 0 0 0.996439 -0.081813 0 0.081813 0.996439 3873.dat
1 16 -52 223.1207 13.5883 1 0 0 0 0.996011 -0.086872 0 0.086872 0.996011 3873.dat
1 16 -52 224.5127 -2.3477 1 0 0 0 0.996 -0.086998 0 0.086998 0.996 3873.dat
1 16 -52 226.0242 -18.2728 1 0 0 0 0.995319 -0.094471 0 0.094471 0.995319 3873.dat
1 16 -52 234.5346 -31.8179 1 0 0 0 0.846563 -0.531898 0 0.531898 0.846563 3873.dat
1 16 -52 249.9851 -35.9622 1 0 0 0 0.25902 -0.965657 0 0.965657 0.25902 3873.dat
1 16 -52 264.1832 -28.5928 1 0 0 0 -0.460586 -0.887381 0 0.887381 -0.460586 3873.dat
1 16 -52 269.5516 -13.5238 1 0 0 0 -0.941811 -0.335527 0 0.335527 -0.941811 3873.dat
1 16 -52 268.2515 2.4199 1 0 0 0 -0.996485 0.081256 0 -0.081256 -0.996485 3873.dat
1 16 -52 266.8625 18.3562 1 0 0 0 -0.996016 0.086815 0 -0.086815 -0.996016 3873.dat
1 16 -52 265.4706 34.2922 1 0 0 0 -0.996 0.086996 0 -0.086996 -0.996 3873.dat
1 16 -52 263.8931 50.2109 1 0 0 0 -0.994919 0.09859 0 -0.09859 -0.994919 3873.dat
1 16 -52 255.0726 63.5561 1 0 0 0 -0.834071 0.551281 0 -0.551281 -0.834071 3873.dat
1 16 -52 240.488 67.531 1 0 0 0 -0.262898 0.964608 0 -0.964608 -0.262898 3873.dat
1 4 -2 212.51 -37.28 1 0 0 0 0.996 -0.087 0 0.087 0.996 2436.dat
1 4 -32 210.77 -17.36 0 0 1 0.087 0.996 0 -0.996 0.087 0 2420.dat
1 4 28 210.77 -17.36 -1 0 0 0 0.996 0.087 0 0.087 -0.996 2420.dat
1 4 -2 206.42 32.44 1 0 0 0 0.996 -0.087 0 0.087 0.996 3031.dat
1 47 -22 186.866 -19.448 1 0 0 0 0.996 -0.087 0 0.087 0.996 3039.dat
1 47 18 186.866 -19.448 1 0 0 0 0.996 -0.087 0 0.087 0.996 3039.dat
1 0 -2 200.192 11.824 1 0 0 0 0.996 -0.087 0 0.087 0.996 74698.dat
1 0 -2 224.384 -58.322 1 0 0 0 -0.087 -0.996 0 0.996 -0.087 2412.dat
1 4 -2 178.898 -20.144 1 0 0 0 0.996 -0.087 0 0.087 0.996 2431.dat
1 47 -32 224.384 -58.322 1 0 0 0 -0.087 -0.996 0 0.996 -0.087 98138.dat
1 47 28 224.384 -58.322 1 0 0 0 -0.087 -0.996 0 0.996 -0.087 98138.dat
