0 
0 Name: New Model.ldr
0 Author: 
1 7 440 -35 -210 0.5 0 0.866 0 1 0 -0.866 0 0.5 3034.dat
1 7 420 -27 -175.36 -0.866 0 0.5 0 1 0 -0.5 0 -0.866 122.dat
1 7 460 -27 -244.64 -0.866 0 0.5 0 1 0 -0.5 0 -0.866 122.dat
1 256 494.64 -21 -224.64 -0.5 0 -0.866 0 1 0 0.866 0 -0.5 4288.dat
1 256 454.64 -21 -155.36 -0.5 0 -0.866 0 1 0 0.866 0 -0.5 4288.dat
1 256 385.36 -21 -195.36 0.5 0 0.866 0 1 0 -0.866 0 0.5 4288.dat
1 256 425.36 -21 -264.64 0.5 0 0.866 0 1 0 -0.866 0 0.5 4288.dat
1 1 430 -43 -192.68 -0.866 0 0.5 0 1 0 -0.5 0 -0.866 3022.dat
1 1 430 -51 -192.68 -0.866 0 0.5 0 1 0 -0.5 0 -0.866 3022.dat
1 1 425 -59 -184.02 -0.866 0 0.5 0 1 0 -0.5 0 -0.866 3023.dat
1 1 436.34 -43 -223.66 0.5 0 0.866 0 1 0 -0.866 0 0.5 4081.dat
1 1 453.66 -43 -213.66 -0.5 0 -0.866 0 1 0 0.866 0 -0.5 4081.dat
1 1 435 -59 -201.34 -0.866 0 0.5 0 1 0 -0.5 0 -0.866 3839.dat
1 1 475 -43 -270.62 0.866 0 -0.5 0 1 0 0.5 0 0.866 3829.dat
1 1 425 -83 -184.02 0.866 0 -0.5 0 1 0 0.5 0 0.866 3039.dat
1 1 410 -83 -158.04 -0.866 0 0.5 0 1 0 -0.5 0 -0.866 4345.dat
1 1 410 -83 -158.04 -0.866 0 0.5 0 1 0 -0.5 0 -0.866 4346.dat
1 7 416.34 -107 -189.02 0.866 -0.5 0 0 0 -1 0.5 0.866 0 3959.dat
1 16 402.84 -107 -165.638 -0.866 0.5 0 0 0 -1 -0.5 -0.866 0 165.dat
1 16 442.516 -53 -162.36 0 0.5 -0.866 1 0 0 0 -0.866 -0.5 165.dat
1 15 455.5 -113 -236.846 0.866 0 -0.5 0 1 0 0.5 0 0.866 3842.dat
1 14 455.5 -113 -236.846 0.866 0 -0.5 0 1 0 0.5 0 0.866 3626.dat
1 15 455.5 -88 -236.846 0.866 0 -0.5 0 1 0 0.5 0 0.866 3838.dat
1 15 455.5 -88 -236.846 0.866 0 -0.5 0 1 0 0.5 0 0.866 973.dat
1 15 455.5 -56 -236.846 0.866 0 -0.5 0 1 0 0.5 0 0.866 3815.dat
1 0 453.059 -82.727 -272.9825 -0.502098 -0.13822 -0.85301 0.017 0.984 -0.17 0.863634 -0.100588 -0.4925 3962.dat
1 15 455.5 -44 -236.846 0.866 0.4995 0.026 0 -0.052 0.999 0.5 -0.865134 -0.045032 3816.dat
1 15 455.5 -44 -236.846 0.866 0.4995 0.026 0 -0.052 0.999 0.5 -0.865134 -0.045032 3817.dat
