0 Main
0 Name: 6884-1 - Aero Module.mpd
0 Author: LTRON
1 15 0 0 0 0 0 1 0 1 0 -1 0 0 3460.dat
1 15 60 0 0 0 0 1 0 1 0 -1 0 0 3460.dat
1 15 -20 0 -70 0 0 1 0 1 0 -1 0 0 3024.dat
1 15 80 0 -70 0 0 1 0 1 0 -1 0 0 3024.dat
1 15 -10 -8 -70 -1 0 0 0 1 0 0 0 -1 3023.dat
1 15 70 -8 -70 -1 0 0 0 1 0 0 0 -1 3023.dat
1 15 0 -8 50 0 0 -1 0 1 0 1 0 0 3623.dat
1 15 60 -8 50 0 0 -1 0 1 0 1 0 0 3623.dat
1 15 -20 -16 -70 0 0 1 0 1 0 -1 0 0 4081.dat
1 15 80 -16 -70 0 0 -1 0 1 0 1 0 0 4081.dat
1 0 0 -16 -80 0 0 -1 0 1 0 1 0 0 3023.dat
1 0 60 -16 -80 0 0 -1 0 1 0 1 0 0 3023.dat
1 0 0 -16 30 0 0 -1 0 1 0 1 0 0 3024.dat
1 0 60 -16 30 0 0 -1 0 1 0 1 0 0 3024.dat
1 0 30 -16 60 1 0 0 0 1 0 0 0 1 3034.dat
1 15 -40 -24 70 0 0 1 0 1 0 -1 0 0 4081.dat
1 15 100 -24 50 0 0 1 0 1 0 -1 0 0 3024.dat
1 15 -40 -24 50 0 0 1 0 1 0 -1 0 0 3024.dat
1 15 30 -24 -100 -1 0 0 0 1 0 0 0 -1 3032.dat
1 15 30 -24 100 0 0 -1 0 1 0 1 0 0 3036.dat
1 15 100 -24 70 0 0 -1 0 1 0 1 0 0 4081.dat
1 0 30 -32 -20 0 0 -1 0 1 0 1 0 0 4597.dat
1 0 0 -32 10 0 0 -1 0 1 0 1 0 0 3005.dat
1 0 60 -32 10 0 0 -1 0 1 0 1 0 0 3005.dat
1 15 90 -32 60 0 0 -1 0 1 0 1 0 0 3068.dat
1 15 -30 -32 60 0 0 -1 0 1 0 1 0 0 3068.dat
1 0 80 -32 90 0 0 -1 0 1 0 1 0 0 3024.dat
1 0 -20 -32 90 0 0 -1 0 1 0 1 0 0 3024.dat
1 0 30 -32 -130 1 0 0 0 1 0 0 0 1 3710.dat
1 0 80 -32 -110 0 0 1 0 1 0 -1 0 0 3623.dat
1 0 -20 -32 -110 0 0 1 0 1 0 -1 0 0 3623.dat
1 0 30 -32 170 -1 0 0 0 1 0 0 0 -1 3666.dat
1 0 90 -32 140 0 0 -1 0 1 0 1 0 0 2429.dat
1 0 -30 -32 140 0 0 1 0 1 0 -1 0 0 2430.dat
1 15 100 -14 -152 0 0 1 -1 0 0 0 -1 0 3957.dat
1 15 -40 -14 -152 0 0 1 -1 0 0 0 -1 0 3957.dat
1 15 80 -40 -110 0 0 1 0 1 0 -1 0 0 3070.dat
1 15 -20 -40 -110 0 0 1 0 1 0 -1 0 0 3070.dat
1 15 80 -40 -80 0 0 -1 0 1 0 1 0 0 3069.dat
1 15 -20 -40 -80 0 0 -1 0 1 0 1 0 0 3069.dat
1 15 80 -40 -20 0 0 -1 0 1 0 1 0 0 3710.dat
1 15 -20 -40 -20 0 0 -1 0 1 0 1 0 0 3710.dat
1 15 80 -40 100 0 0 -1 0 1 0 1 0 0 3460.dat
1 15 -20 -40 100 0 0 -1 0 1 0 1 0 0 3460.dat
1 15 30 -48 130 1 0 0 0 1 0 0 0 1 3010.dat
1 36 120 -22 44 1 0 0 0 0 -1 0 1 0 4589.dat
1 36 -60 -22 44 1 0 0 0 0 -1 0 1 0 4589.dat
1 0 30 -16 -100 1 0 0 0 1 0 0 0 1 4229.dat
1 0 70 -16 140 1 0 0 0 1 0 0 0 1 4229.dat
1 0 -10 -16 140 1 0 0 0 1 0 0 0 1 4229.dat
1 0 -30 -32 140 1 0 0 0 1 0 0 0 1 2429.dat
1 15 -30 -48 140 1 0 0 0 1 0 0 0 1 2429.dat
1 15 -110 -40 180 0 0 1 0 1 0 -1 0 0 3934.dat
1 15 -60 -48 190 -1 0 0 0 1 0 0 0 -1 3623.dat
1 15 -60 -72 190 0 0 1 0 1 0 -1 0 0 3040.dat
1 0 -40 -72 190 1 0 0 0 1 0 0 0 1 4070.dat
1 15 -40 -80 190 1 0 0 0 1 0 0 0 1 3623.dat
1 36 -40 -62 200 1 0 0 0 0 -1 0 1 0 4589.dat
1 0 90 -32 140 1 0 0 0 1 0 0 0 1 2430.dat
1 15 90 -48 140 1 0 0 0 1 0 0 0 1 2430.dat
1 15 170 -40 180 0 0 -1 0 1 0 1 0 0 3933.dat
1 15 120 -48 190 1 0 0 0 1 0 0 0 1 3623.dat
1 15 120 -72 190 0 0 -1 0 1 0 1 0 0 3040.dat
1 0 100 -72 190 1 0 0 0 1 0 0 0 1 4070.dat
1 15 100 -80 190 -1 0 0 0 1 0 0 0 -1 3623.dat
1 36 100 -62 200 1 0 0 0 0 -1 0 1 0 4589.dat
1 15 90 -48 140 0 0 -1 0 1 0 1 0 0 2429.dat
1 15 -30 -48 140 0 0 1 0 1 0 -1 0 0 2430.dat
1 0 30 -32 -90 -1 0 0 0 1 0 0 0 -1 2342.dat
1 15 48 -56 -90 0 -1 0 -1 0 0 0 0 -1 4592.dat
1 15 48 -56 -90 0 0 1 -1 0 0 0 -1 0 4593.dat
1 15 12 -56 -90 0 1 0 1 0 0 0 0 -1 4592.dat
1 15 12 -56 -90 0 0 -1 1 0 0 0 -1 0 4593.dat
1 0 30 -56 -130 -1 0 0 0 1 0 0 0 -1 3937.dat
1 15 -10 -56 -130 -1 0 0 0 1 0 0 0 -1 3937.dat
1 15 70 -56 -130 -1 0 0 0 1 0 0 0 -1 3937.dat
1 0 30 -50.9849 -121.331 1 0 0 0 0.498488 0.866897 0 -0.866897 0.498488 3938.dat
1 15 70 -50.9849 -121.331 1 0 0 0 0.498488 0.866897 0 -0.866897 0.498488 3938.dat
1 15 -10 -50.9849 -121.331 1 0 0 0 0.498488 0.866897 0 -0.866897 0.498488 3938.dat
1 33 30 -43.8822 187.2879 1 0 0 0 0.498488 0.866897 0 -0.866897 0.498488 2408.dat
1 15 70 -65.208 184.2533 1 0 0 0 0.498488 0.866897 0 -0.866897 0.498488 3069.dat
1 15 -10 -65.208 184.2533 1 0 0 0 0.498488 0.866897 0 -0.866897 0.498488 3069.dat
1 15 0 -39.2011 199.2079 0 0 1 -0.866897 0.498488 0 -0.498488 -0.866897 0 3794.dat
1 15 60 -39.2011 199.2079 0 0 1 -0.866897 0.498488 0 -0.498488 -0.866897 0 3794.dat
1 15 30 -64.5149 203.1085 0 0 1 -0.866897 0.498488 0 -0.498488 -0.866897 0 4589.dat
1 0 60 -51.1648 220.0134 0 0 1 -0.866897 0.498488 0 -0.498488 -0.866897 0 4589.dat
1 0 0 -51.1648 220.0134 0 0 1 -0.866897 0.498488 0 -0.498488 -0.866897 0 4589.dat
1 36 100 -14 -160 0 0 1 -1 0 0 0 -1 0 4740.dat
1 36 -40 -14 -160 0 0 1 -1 0 0 0 -1 0 4740.dat
1 33 32.8997 -83.4168 -15.7551 0.838671 -0.446142 0.312392 -0.094576 0.445566 0.89024 -0.536365 -0.776162 0.331489 2447.dat
1 0 -190 1 50 0.92388 0 -0.382683 0 1 0 0.382683 0 0.92388 4600.dat
1 0 -205.3073 1 86.9552 0.92388 0 -0.382683 0 1 0 0.382683 0 0.92388 4600.dat
1 15 -197.6537 -7 68.4776 0.382683 0 0.92388 0 1 0 -0.92388 0 0.382683 3020.dat
1 15 -186.1732 -15 40.7612 -0.92388 0 0.382683 0 1 0 -0.382683 0 -0.92388 2342.dat
1 15 -162.2836 6 61.4805 -0.382683 0 -0.92388 0 1 0 0.92388 0 -0.382683 4624.dat
1 256 -162.2836 6 61.4805 -0.382683 0 -0.92388 0 1 0 0.92388 0 -0.382683 3641.dat
1 15 -177.5909 6 98.4357 -0.382683 0 -0.92388 0 1 0 0.92388 0 -0.382683 4624.dat
1 256 -177.5909 6 98.4357 -0.382683 0 -0.92388 0 1 0 0.92388 0 -0.382683 3641.dat
1 15 -233.0237 6 75.4747 0.382683 0 0.92388 0 1 0 -0.92388 0 0.382683 4624.dat
1 256 -233.0237 6 75.4747 0.382683 0 0.92388 0 1 0 -0.92388 0 0.382683 3641.dat
1 15 -217.7164 6 38.5195 0.382683 0 0.92388 0 1 0 -0.92388 0 0.382683 4624.dat
1 256 -217.7164 6 38.5195 0.382683 0 0.92388 0 1 0 -0.92388 0 0.382683 3641.dat
1 1 -115.487 0 29.301 -0.382683 0 0.92388 0 1 0 -0.92388 0 -0.382683 3937.dat
1 1 -117.0913 0.1519 29.9655 -0.382683 0.16043 0.909844 0 0.984808 -0.173648 -0.92388 -0.066452 -0.376869 3938.dat
1 1 -118.3747 -7.7265 30.4971 -0.382683 0.16043 0.909844 0 0.984808 -0.173648 -0.92388 -0.066452 -0.376869 2342.dat
1 1 -132.1748 -31.3619 8.0711 0.707733 0.382683 0.593858 0.642787 0 -0.766045 -0.293152 0.92388 -0.245984 4735.dat
1 1 -112.2753 -31.3619 56.1129 -0.529916 -0.382683 0.756799 -0.819153 0 -0.573576 0.219498 -0.92388 -0.313476 4735.dat
1 1 -140.0702 -58.9865 39.4837 -0.382683 0.487803 0.784603 0 0.849248 -0.527994 -0.92388 -0.202054 -0.324993 3062.dat
