0 Main
0 Name: 6599 - Shark Attack.mpd
0 Author: LTRON
1 4 -298.9279 -93 -89.7219 0.642788 0 -0.766044 0 1 0 0.766044 0 0.642788 4485.dat
1 14 -298.9279 -93 -89.7219 0.642788 0 -0.766044 0 1 0 0.766044 0 0.642788 3626.dat
1 7 -291.5032 24 -94.2615 0.766044 0 0.642788 0 1 0 -0.642788 0 0.766044 30094.dat
1 7 -291.5032 0 -94.2615 0.766044 0 0.642788 0 1 0 -0.642788 0 0.766044 4871.dat
1 14 -283.8428 -8 -100.6894 0.642788 0 -0.766044 0 1 0 0.766044 0 0.642788 4315.dat
1 34 -318.4473 -8 -110.8149 0.642788 0 -0.766044 0 1 0 0.766044 0 0.642788 3024.dat
1 36 -279.88 -8 -64.8523 0.642788 0 -0.766044 0 1 0 0.766044 0 0.642788 3024.dat
1 43 -272.3521 -5 -110.3312 0.642788 0 -0.766044 0 1 0 0.766044 0 0.642788 30083.dat
1 14 -299.1637 -8 -87.8336 -0.642788 0 0.766044 0 1 0 -0.766044 0 -0.642788 3747.dat
1 0 -291.5032 -16 -94.2615 0.766044 0 0.642788 0 1 0 -0.642788 0 0.766044 3020.dat
1 0 -329.8055 -16 -62.1221 -0.642788 0 0.766044 0 1 0 -0.766044 0 -0.642788 2540.dat
1 4 -299.1637 -24 -87.8336 -0.642788 0 0.766044 0 1 0 -0.766044 0 -0.642788 3023.dat
1 14 -272.2196 -32 -71.2802 -0.766044 0 -0.642788 0 1 0 0.642788 0 -0.766044 3660.dat
1 14 -310.7869 -32 -117.2428 0.766044 0 0.642788 0 1 0 -0.642788 0 0.766044 3660.dat
1 0 -299.1637 -32 -87.8336 -0.642788 0 0.766044 0 1 0 -0.766044 0 -0.642788 3023.dat
1 14 -315.7171 -40 -60.8895 0.766044 0 0.642788 0 1 0 -0.642788 0 0.766044 3700.dat
1 14 -328.5729 -40 -76.2104 0.766044 0 0.642788 0 1 0 -0.642788 0 0.766044 3700.dat
1 15 -264.5591 -40 -77.708 -0.642788 0 0.766044 0 1 0 -0.766044 0 -0.642788 4592.dat
1 0 -299.1637 -56 -87.8336 -0.642788 0 0.766044 0 1 0 -0.766044 0 -0.642788 3009.dat
1 7 -335.0008 -30 -83.8708 -0.642788 0 0.766044 0 1 0 -0.766044 0 -0.642788 3749.dat
1 7 -309.2892 -30 -53.2291 0.642788 0 -0.766044 0 1 0 0.766044 0 0.642788 3749.dat
1 14 -351.0705 -30 -103.0219 0 0.642788 0.766044 1 0 0 0 0.766044 -0.642788 3941.dat
1 14 -293.2195 -30 -34.078 0 -0.642788 -0.766044 1 0 0 0 -0.766044 0.642788 3941.dat
1 0 -251.7034 -56 -62.3872 -0.766044 0 -0.642788 0 1 0 0.642788 0 -0.766044 2921.dat
1 0 -315.9822 -56 -138.9915 0.766044 0 0.642788 0 1 0 -0.642788 0 0.766044 30069.dat
1 14 -288.0772 -30 -27.9496 0 -0.642788 -0.766044 1 0 0 0 -0.766044 0.642788 4150.dat
1 0 -322.145 -56 -68.55 0.642788 0 -0.766044 0 1 0 0.766044 0 0.642788 6040.dat
1 14 -356.2128 -30 -109.1503 0 0.642788 0.766044 1 0 0 0 0.766044 -0.642788 4150.dat
1 15 -227.907 -52 -30.1384 0 0.766044 0.642788 -1 0 0 0 -0.642788 0.766044 6019.dat
1 4 -335.3838 25 -83.5494 0 0.642788 -0.766044 -1 0 0 0 0.766044 0.642788 2335.dat
1 7 -361.9793 -46 -35.125 -0.766044 0 -0.642788 0 1 0 0.642788 0 -0.766044 3749.dat
1 4 -329.8055 -64 -62.1221 0.642788 0 -0.766044 0 1 0 0.766044 0 0.642788 30244.dat
1 14 -314.8636 -88 -111.2112 0.766044 0 0.642788 0 1 0 -0.642788 0 0.766044 30079.dat
1 14 -280.2994 -88.0908 -68.4166 -0.642788 0 0.766044 0 1 0 -0.766044 0 -0.642788 30079.dat
1 15 -221.7786 -52 -35.2807 0 0.766044 0.642788 -1 0 0 0 -0.642788 0.766044 4740.dat
1 42 -215.6503 -52 -40.423 0 0.766044 0.642788 -1 0 0 0 -0.642788 0.766044 6141.dat
1 4 -371.9379 -46 -26.7687 -0.642788 0 0.766044 0 1 0 -0.766044 0 -0.642788 6041.dat
1 7 -283.8428 -152 -100.6894 0.642788 0 -0.766044 0 1 0 0.766044 0 0.642788 2432.dat
1 36 -328.508 -63 -170.2542 0.642788 0.766044 0 0 0 1 0.766044 -0.642788 0 6141.dat
1 47 -310.5894 -46 -172.2356 0.642788 0.766044 0 0 0 1 0.766044 -0.642788 0 6141.dat
1 15 -340.2451 -46 -157.7948 0.766044 0.642788 0 0 0 -1 -0.642788 0.766044 0 4360.dat
