0 
0 Name: New Model.ldr
0 Author: 
1 0 147 -80.42 -201 0.173318 -0.343972 0.922846 0.086824 0.938715 0.333581 -0.981031 0.02231 0.192561 4600.dat
1 0 110.0862 -93.7632 -208.7024 0.173318 -0.343972 0.922846 0.086824 0.938715 0.333581 -0.981031 0.02231 0.192561 4600.dat
1 0 183.9138 -67.0768 -193.2976 0.173318 -0.343972 0.922846 0.086824 0.938715 0.333581 -0.981031 0.02231 0.192561 4600.dat
1 0 103.6095 -104.6088 -210.8065 0.173318 -0.343972 0.922846 0.086824 0.938715 0.333581 -0.981031 0.02231 0.192561 2540.dat
1 0 149.7518 -87.9297 -201.1785 -0.922846 -0.343972 0.173318 -0.333581 0.938715 0.086824 -0.192561 0.02231 -0.981031 3020.dat
1 0 115.5897 -108.7827 -209.0594 -0.922846 -0.343972 0.173318 -0.333581 0.938715 0.086824 -0.192561 0.02231 -0.981031 3022.dat
1 0 161.732 -92.1036 -199.4314 0.173318 -0.343972 0.922846 0.086824 0.938715 0.333581 -0.981031 0.02231 0.192561 4598.dat
1 0 127.5699 -112.9566 -207.3123 -0.173318 -0.343972 -0.922846 -0.086824 0.938715 -0.333581 0.981031 0.02231 -0.192561 3069.dat
1 4 110.8462 -118.76 -220.9738 0.01005 -0.343972 -0.938926 -0.020077 0.938715 -0.34411 0.999747 0.02231 0.002528 4592.dat
1 4 107.3798 -120.4965 -201.3532 -0.350026 -0.343972 -0.871301 -0.150234 0.938715 -0.310233 0.924614 0.02231 -0.38025 4592.dat
1 0 107.3798 -120.4965 -201.3532 -0.350026 -0.507345 -0.787454 -0.150234 0.860154 -0.487406 0.924614 -0.052302 -0.377297 4593.dat
1 0 110.8462 -118.76 -220.9738 0.01005 -0.6771 -0.735822 -0.020077 0.735575 -0.677146 0.999747 0.021579 -0.006201 4593.dat
1 4 203.6796 -98.2019 -192.5602 -0.173318 0.922846 -0.343972 -0.086824 0.333581 0.938715 0.981031 0.192561 0.02231 4032.dat
1 7 113.5658 -86.4649 -238.0218 0.922846 -0.343972 -0.173318 0.333581 0.938715 -0.086824 0.192561 0.02231 0.981031 4624.dat
1 256 113.5658 -86.4649 -238.0218 0.922846 -0.343972 -0.173318 0.333581 0.938715 -0.086824 0.192561 0.02231 0.981031 3641.dat
1 7 150.4797 -73.1217 -230.3194 0.922846 -0.343972 -0.173318 0.333581 0.938715 -0.086824 0.192561 0.02231 0.981031 4624.dat
1 256 150.4797 -73.1217 -230.3194 0.922846 -0.343972 -0.173318 0.333581 0.938715 -0.086824 0.192561 0.02231 0.981031 3641.dat
1 7 187.3935 -59.7785 -222.6169 0.922846 -0.343972 -0.173318 0.333581 0.938715 -0.086824 0.192561 0.02231 0.981031 4624.dat
1 256 187.3935 -59.7785 -222.6169 0.922846 -0.343972 -0.173318 0.333581 0.938715 -0.086824 0.192561 0.02231 0.981031 3641.dat
1 7 176.9944 -64.9879 -163.7551 -0.922846 -0.343972 0.173318 -0.333581 0.938715 0.086824 -0.192561 0.02231 -0.981031 4624.dat
1 256 176.9944 -64.9879 -163.7551 -0.922846 -0.343972 0.173318 -0.333581 0.938715 0.086824 -0.192561 0.02231 -0.981031 3641.dat
1 7 140.0806 -78.3311 -171.4575 -0.922846 -0.343972 0.173318 -0.333581 0.938715 0.086824 -0.192561 0.02231 -0.981031 4624.dat
1 256 140.0806 -78.3311 -171.4575 -0.922846 -0.343972 0.173318 -0.333581 0.938715 0.086824 -0.192561 0.02231 -0.981031 3641.dat
1 7 103.1668 -91.6744 -179.16 -0.922846 -0.343972 0.173318 -0.333581 0.938715 0.086824 -0.192561 0.02231 -0.981031 4624.dat
1 256 103.1668 -91.6744 -179.16 -0.922846 -0.343972 0.173318 -0.333581 0.938715 0.086824 -0.192561 0.02231 -0.981031 3641.dat
1 0 98.2537 -123.983 -213.4674 -0.173318 -0.771431 0.612311 -0.086824 -0.607332 -0.789735 0.981031 -0.190039 0.038282 6019.dat
1 33 92.0822 -128.8417 -214.9877 -0.173318 -0.771431 0.612311 -0.086824 -0.607332 -0.789735 0.981031 -0.190039 0.038282 4740.dat
