0 Main
0 Name: 6950 - Mobile Rocket Transport.mpd
0 Author: LTRON
1 1 0 0 0 1 0 0 0 1 0 0 0 1 3020.dat
1 1 0 -24 0 1 0 0 0 1 0 0 0 1 3003.dat
1 1 -30 -24 0 0 0 1 0 1 0 -1 0 0 3700.dat
1 1 30 -24 0 0 0 1 0 1 0 -1 0 0 3700.dat
1 7 -40 -14 0 -1 0 0 0 1 0 0 0 -1 3673.dat
1 7 40 -14 0 -1 0 0 0 1 0 0 0 -1 3673.dat
1 1 0 -48 0 -1 0 0 0 1 0 0 0 -1 3001.dat
1 1 -50 -24 0 0 0 -1 0 1 0 1 0 0 3702.dat
1 1 50 -24 0 0 0 -1 0 1 0 1 0 0 3702.dat
1 1 -30 -72 0 0 0 1 0 1 0 -1 0 0 3660.dat
1 1 0 -72 10 -1 0 0 0 1 0 0 0 -1 3660.dat
1 1 30 -72 0 0 0 -1 0 1 0 1 0 0 3660.dat
1 1 0 -72 -10 1 0 0 0 1 0 0 0 1 3660.dat
1 1 0 -80 0 1 0 0 0 1 0 0 0 1 3022.dat
1 1 0 0 260 0.966 0 -0.259 0 1 0 0.259 0 0.966 3020.dat
1 1 -20.02 -24 296.05 0.259 0 0.966 0 1 0 -0.966 0 0.259 3009.dat
1 1 -0.7 -24 301.23 0.259 0 0.966 0 1 0 -0.966 0 0.259 3009.dat
1 1 28.98 -24 267.77 0.259 0 0.966 0 1 0 -0.966 0 0.259 3700.dat
1 1 -28.98 -24 252.23 0.259 0 0.966 0 1 0 -0.966 0 0.259 3700.dat
1 7 38.64 -14 270.36 -0.966 0 0.259 0 1 0 -0.259 0 -0.966 3673.dat
1 7 -38.64 -14 249.64 -0.966 0 0.259 0 1 0 -0.259 0 -0.966 3673.dat
1 1 0 -48 260 -0.966 0 0.259 0 1 0 -0.259 0 -0.966 3001.dat
1 7 -20.72 -32 337.28 0.966 0 -0.259 0 1 0 0.259 0 0.966 3956.dat
1 0 -18.648 -52 329.552 0.259 0 0.966 0 1 0 -0.966 0 0.259 3705.dat
1 7 -10.878 -52 300.572 0.966 0 -0.259 0 1 0 0.259 0 0.966 3713.dat
1 0 -15.54 -52 317.96 0.966 -0.259 0 0 0 -1 0.259 0.966 0 3941.dat
1 0 -21.756 -52 341.144 0.966 -0.259 0 0 0 -1 0.259 0.966 0 4032.dat
1 0 -23.828 -52 348.872 0.966 -0.259 0 0 0 -1 0.259 0.966 0 4032.dat
1 0 -25.9 -52 356.6 0.966 -0.259 0 0 0 -1 0.259 0.966 0 3943.dat
1 1 -48.3 -24 247.05 0.259 0 0.966 0 1 0 -0.966 0 0.259 3702.dat
1 1 48.3 -24 272.95 0.259 0 0.966 0 1 0 -0.966 0 0.259 3702.dat
1 1 -28.98 -72 252.23 0.259 0 0.966 0 1 0 -0.966 0 0.259 3004.dat
1 1 28.98 -72 267.77 0.259 0 0.966 0 1 0 -0.966 0 0.259 3004.dat
1 1 -2.59 -72 269.66 -0.966 0 0.259 0 1 0 -0.259 0 -0.966 3660.dat
1 1 2.59 -72 250.34 0.966 0 -0.259 0 1 0 0.259 0 0.966 3660.dat
1 0 -73.5 -14 302.42 -0.966 0 0.259 0 1 0 -0.259 0 -0.966 3749.dat
1 0 42.42 -14 333.5 0.966 0 -0.259 0 1 0 0.259 0 0.966 3749.dat
1 0 73.5 -14 217.58 0.966 0 -0.259 0 1 0 0.259 0 0.966 3749.dat
1 0 -42.42 -14 186.5 -0.966 0 0.259 0 1 0 -0.259 0 -0.966 3749.dat
1 0 0 -96 260 -0.966 0 0.259 0 1 0 -0.259 0 -0.966 3403.dat
1 0 -83.16 -14 299.83 0.259 0 0.966 0 1 0 -0.966 0 0.259 3482.dat
1 0 52.08 -14 336.09 -0.259 0 -0.966 0 1 0 0.966 0 -0.259 3482.dat
1 0 -52.08 -14 183.91 0.259 0 0.966 0 1 0 -0.966 0 0.259 3482.dat
1 0 83.16 -14 220.17 -0.259 0 -0.966 0 1 0 0.966 0 -0.259 3482.dat
1 256 -83.16 -14 299.83 0.259 0 0.966 0 1 0 -0.966 0 0.259 3634.dat
1 256 52.08 -14 336.09 -0.259 0 -0.966 0 1 0 0.966 0 -0.259 3634.dat
1 256 -52.08 -14 183.91 0.259 0 0.966 0 1 0 -0.966 0 0.259 3634.dat
1 256 83.16 -14 220.17 -0.259 0 -0.966 0 1 0 0.966 0 -0.259 3634.dat
1 0 0 -96 260 -1 0 0 0 1 0 0 0 -1 3404.dat
1 0 -60 -14 60 -1 0 0 0 1 0 0 0 -1 3749.dat
1 0 60 -14 60 1 0 0 0 1 0 0 0 1 3749.dat
1 0 -60 -14 -60 -1 0 0 0 1 0 0 0 -1 3749.dat
1 0 60 -14 -60 1 0 0 0 1 0 0 0 1 3749.dat
1 1 -40 -96 10 -1 0 0 0 1 0 0 0 -1 3747.dat
1 1 0 -96 30 -1 0 0 0 1 0 0 0 -1 3660.dat
1 1 40 -96 10 -1 0 0 0 1 0 0 0 -1 3747.dat
1 1 -40 -96 -10 -1 0 0 0 1 0 0 0 -1 3004.dat
1 1 40 -96 -10 -1 0 0 0 1 0 0 0 -1 3004.dat
1 1 0 -104 160 0 0 1 0 1 0 -1 0 0 3456.dat
1 1 0 -96 140 -1 0 0 0 1 0 0 0 -1 3832.dat
1 46 0 -120 -30 1 0 0 0 1 0 0 0 1 4228.dat
1 1 0 -88 -10 0 0 1 0 1 0 -1 0 0 3021.dat
1 1 -40 -104 0 1 0 0 0 1 0 0 0 1 3022.dat
1 1 40 -104 0 1 0 0 0 1 0 0 0 1 3022.dat
1 1 0 -112 260 1 0 0 0 1 0 0 0 1 3020.dat
1 1 0 -112 140 1 0 0 0 1 0 0 0 1 3020.dat
1 1 -90 -104 140 1 0 0 0 1 0 0 0 1 3021.dat
1 1 90 -104 140 1 0 0 0 1 0 0 0 1 3021.dat
1 7 0 -96 -50 1 0 0 0 1 0 0 0 1 3829.dat
1 7 -20 -128 110 1 0 0 0 1 0 0 0 1 3039.dat
1 7 20 -128 110 1 0 0 0 1 0 0 0 1 3039.dat
1 7 -110 -112 140 0 0 1 0 1 0 -1 0 0 4175.dat
1 7 110 -112 140 0 0 -1 0 1 0 1 0 0 4175.dat
1 7 -80 -112 220 -1 0 0 0 1 0 0 0 -1 3933.dat
1 7 80 -112 220 -1 0 0 0 1 0 0 0 -1 3934.dat
1 7 80 -112 60 1 0 0 0 1 0 0 0 1 3933.dat
1 7 -80 -112 60 1 0 0 0 1 0 0 0 1 3934.dat
1 7 -50 -120 310 -1 0 0 0 1 0 0 0 -1 3963.dat
1 7 50 -120 310 -1 0 0 0 1 0 0 0 -1 3963.dat
1 7 0 -120 260 -1 0 0 0 1 0 0 0 -1 3795.dat
1 7 0 -152 200 -1 0 0 0 1 0 0 0 -1 3943.dat
1 7 -60 -120 140 -1 0 0 0 1 0 0 0 -1 3795.dat
1 7 60 -120 140 -1 0 0 0 1 0 0 0 -1 3795.dat
1 7 -50 -136 70 -1 0 0 0 1 0 0 0 -1 4286.dat
1 7 50 -136 70 -1 0 0 0 1 0 0 0 -1 4286.dat
1 7 -50 -120 20 0 0 1 0 1 0 -1 0 0 3710.dat
1 7 50 -120 20 0 0 1 0 1 0 -1 0 0 3710.dat
1 7 0 -128 310 1 0 0 0 1 0 0 0 1 3666.dat
1 34 -50 -128 290 1 0 0 0 1 0 0 0 1 3024.dat
1 34 50 -128 290 1 0 0 0 1 0 0 0 1 3024.dat
1 7 0 -168 130 1 0 0 0 1 0 0 0 1 4083.dat
1 7 0 -168 150 1 0 0 0 1 0 0 0 1 4083.dat
1 7 0 -168 250 1 0 0 0 1 0 0 0 1 4083.dat
1 7 0 -168 270 1 0 0 0 1 0 0 0 1 4083.dat
1 46 0 -144 -70 1 0 0 0 1 0 0 0 1 3939.dat
1 46 -50 -144 0 0 0 1 0 1 0 -1 0 0 3067.dat
1 46 50 -144 0 0 0 1 0 1 0 -1 0 0 3067.dat
1 7 0 -152 110 1 0 0 0 1 0 0 0 1 3010.dat
1 7 50 -144 70 0 0 -1 0 1 0 1 0 0 4085.dat
1 7 -50 -144 70 0 0 1 0 1 0 -1 0 0 4085.dat
1 0 0 -160 200 1 0 0 0 1 0 0 0 1 4032.dat
1 0 0 -168 200 1 0 0 0 1 0 0 0 1 4032.dat
1 7 50 -128 140 0 0 1 0 1 0 -1 0 0 3829.dat
1 7 -50 -128 140 0 0 -1 0 1 0 1 0 0 3829.dat
1 7 50 -128 260 0 0 1 0 1 0 -1 0 0 3829.dat
1 7 -50 -128 260 0 0 -1 0 1 0 1 0 0 3829.dat
1 7 -50 -152 -50 0 0 1 0 1 0 -1 0 0 3623.dat
1 7 50 -152 -50 0 0 1 0 1 0 -1 0 0 3623.dat
1 7 -50 -152 -10 0 0 1 0 1 0 -1 0 0 4081.dat
1 7 50 -152 -10 0 0 -1 0 1 0 1 0 0 4081.dat
1 7 -50 -152 40 0 0 -1 0 1 0 1 0 0 3710.dat
1 7 50 -152 40 0 0 -1 0 1 0 1 0 0 3710.dat
1 0 70 -120 70 0 0 -1 0 1 0 1 0 0 3957.dat
1 0 -70 -120 70 0 0 -1 0 1 0 1 0 0 3957.dat
1 7 10 -152 310 0 0 -1 0 1 0 1 0 0 4286.dat
1 7 -10 -152 310 0 0 1 0 1 0 -1 0 0 4286.dat
1 7 0 -174 290 1 0 0 0 1 0 0 0 1 3324.dat
1 7 0 -184 180 1 0 0 0 1 0 0 0 1 3068.dat
1 7 0 -184 140 1 0 0 0 1 0 0 0 1 3068.dat
1 4 0 -174 290 1 0 0 0 1 0 0 0 1 313.dat
1 7 0 -174 290 1 0 0 0 0.707 0.707 0 -0.707 0.707 314.dat
1 7 0 -312.572 174.052 -1 0 0 0 0.707 -0.707 0 -0.707 -0.707 3324.dat
1 4 0 -312.572 174.052 -1 0 0 0 0.707 -0.707 0 -0.707 -0.707 313.dat
1 7 0 -241.872 258.892 1 0 0 0 0.707 0.707 0 -0.707 0.707 3068.dat
1 7 0 -160 310 1 0 0 0 1 0 0 0 1 3069.dat
1 36 -70 -150 -20 1 0 0 0 0 -1 0 1 0 6141.dat
1 36 70 -150 -20 1 0 0 0 0 -1 0 1 0 6141.dat
1 0 -70 -14 60 0 0 1 0 1 0 -1 0 0 3482.dat
1 0 70 -14 60 0 0 -1 0 1 0 1 0 0 3482.dat
1 0 -70 -14 -60 0 0 1 0 1 0 -1 0 0 3482.dat
1 0 70 -14 -60 0 0 -1 0 1 0 1 0 0 3482.dat
1 256 -70 -14 60 0 0 1 0 1 0 -1 0 0 3634.dat
1 256 70 -14 60 0 0 -1 0 1 0 1 0 0 3634.dat
1 256 -70 -14 -60 0 0 1 0 1 0 -1 0 0 3634.dat
1 256 70 -14 -60 0 0 -1 0 1 0 1 0 0 3634.dat
1 7 0 -312.593 174.034 -1 0 0 0 0.866 -0.5 0 -0.5 -0.866 314.dat
1 7 0 -293.181 243.654 0 0 -1 0.5 0.866 0 0.866 -0.5 0 3032.dat
1 7 0 -280.109 282.294 0 0 -1 0.5 0.866 0 0.866 -0.5 0 3068.dat
1 7 0 -300.109 247.654 0 0 -1 0.5 0.866 0 0.866 -0.5 0 3068.dat
1 7 0 -320.109 213.014 0 0 -1 0.5 0.866 0 0.866 -0.5 0 3068.dat
1 7 -30 -338.965 212.354 0 0 -1 0.5 0.866 0 0.866 -0.5 0 3005.dat
1 7 30 -338.965 212.354 0 0 -1 0.5 0.866 0 0.866 -0.5 0 3005.dat
1 7 -30 -288.965 298.954 0 0 1 -0.5 0.866 0 -0.866 -0.5 0 4070.dat
1 7 30 -288.965 298.954 0 0 -1 0.5 0.866 0 0.866 -0.5 0 4070.dat
1 7 -30 -313.965 255.654 0 0 1 -0.5 0.866 0 -0.866 -0.5 0 3010.dat
1 7 30 -313.965 255.654 0 0 -1 0.5 0.866 0 0.866 -0.5 0 3010.dat
1 7 30 -314.749 302.294 0 0 -1 0.5 0.866 0 0.866 -0.5 0 3937.dat
1 7 30 -354.749 233.014 0 0 -1 0.5 0.866 0 0.866 -0.5 0 3937.dat
1 7 -30 -354.749 233.014 0 0 1 -0.5 0.866 0 -0.866 -0.5 0 3937.dat
1 7 -30 -314.749 302.294 0 0 1 -0.5 0.866 0 -0.866 -0.5 0 3937.dat
1 0 -46 -280.305 293.954 0 1 0 0.469368 0 -0.88298 -0.88298 0 -0.469368 3959.dat
1 0 46 -280.305 293.954 0 -1 0 -0.469368 0 -0.88298 0.88298 0 -0.469368 3959.dat
1 7 -30 -314.749 302.294 0 0 1 -0.5 0.866 0 -0.866 -0.5 0 3938.dat
1 7 -30 -354.749 233.014 0 0 1 -0.5 0.866 0 -0.866 -0.5 0 3938.dat
1 7 -20 -341.677 271.654 0 0 1 -0.5 0.866 0 -0.866 -0.5 0 3795.dat
1 7 -20 -338.605 292.974 -1 0 0 0 0.866 -0.5 0 -0.5 -0.866 3956.dat
1 7 -20 -363.245 330.294 0 0 -1 0.866 -0.5 0 -0.5 -0.866 0 3020.dat
1 7 -20 -367.905 342.222 -1 0 0 0 -0.5 -0.866 0 -0.866 0.5 3839.dat
1 7 -20 -385.225 352.222 1 0 0 0 -0.5 0.866 0 -0.866 -0.5 3839.dat
1 7 -20 -384.565 333.366 1 0 0 0 -0.5 0.866 0 -0.866 -0.5 4285.dat
1 0 -20 -415.493 295.798 0 0 1 -0.5 0.866 0 -0.866 -0.5 0 4360.dat
1 36 -2.5 -425.225 282.942 0 0 1 -0.866 -0.5 0 0.5 -0.866 0 3062.dat
1 7 30 -314.749 302.294 0 0 -1 0.5 0.866 0 0.866 -0.5 0 3938.dat
1 7 30 -354.749 233.014 0 0 -1 0.5 0.866 0 0.866 -0.5 0 3938.dat
1 7 20 -341.677 271.654 0 0 1 -0.5 0.866 0 -0.866 -0.5 0 3795.dat
1 0 0 -243.429 385.822 0.707 0 0.707 0.612262 0.5 -0.612262 -0.3535 0.866 0.3535 3943.dat
1 15 -28.28 -208.9385 389.002 0.707 -0.707 0 0.612262 0.612262 0.5 -0.3535 -0.3535 0.866 3956.dat
1 15 28.28 -257.9195 417.282 -0.707 0.707 0 -0.612262 -0.612262 0.5 0.3535 0.3535 0.866 3956.dat
1 15 -28.28 -261.9195 410.354 -0.707 -0.707 0 0.612262 -0.612262 0.5 -0.3535 0.3535 0.866 3956.dat
1 15 28.28 -212.9385 382.074 0.707 0.707 0 -0.612262 0.612262 0.5 0.3535 -0.3535 0.866 3956.dat
1 15 21.21 -269.7969 382.571 0.707 0 0.707 0.612262 0.5 -0.612262 -0.3535 0.866 0.3535 3023.dat
1 15 -21.21 -233.0611 361.361 0.707 0 0.707 0.612262 0.5 -0.612262 -0.3535 0.866 0.3535 3023.dat
1 15 0 -275.429 330.398 0.707 0 0.707 0.612262 0.5 -0.612262 -0.3535 0.866 0.3535 3943.dat
1 0 0 -311.429 268.046 0 -0.707 0.707 0.5 -0.612262 -0.612262 0.866 0.3535 0.3535 3737.dat
1 0 0 -279.429 323.47 0.707 0 0.707 0.612262 0.5 -0.612262 -0.3535 0.866 0.3535 4032.dat
1 0 0 -283.429 316.542 0.707 0 0.707 0.612262 0.5 -0.612262 -0.3535 0.866 0.3535 4032.dat
1 0 0 -295.429 295.758 0.707 0 0.707 0.612262 0.5 -0.612262 -0.3535 0.866 0.3535 3941.dat
1 0 0 -307.429 274.974 0.707 0 0.707 0.612262 0.5 -0.612262 -0.3535 0.866 0.3535 3941.dat
1 15 0 -319.429 254.19 0.707 0 0.707 0.612262 0.5 -0.612262 -0.3535 0.866 0.3535 3941.dat
1 15 0 -331.429 233.406 0.707 0 0.707 0.612262 0.5 -0.612262 -0.3535 0.866 0.3535 3941.dat
1 15 0 -343.429 212.622 0.707 0 0.707 0.612262 0.5 -0.612262 -0.3535 0.866 0.3535 3941.dat
1 0 0 -355.429 191.838 0.707 0 0.707 0.612262 0.5 -0.612262 -0.3535 0.866 0.3535 3941.dat
1 0 0 -367.429 171.054 0.707 0 0.707 0.612262 0.5 -0.612262 -0.3535 0.866 0.3535 3941.dat
1 0 -7.07 -377.5516 167.661 -0.707 0 0.707 0.612262 0.5 0.612262 -0.3535 0.866 -0.3535 4175.dat
1 0 7.07 -365.3064 160.591 0.707 0 -0.707 -0.612262 0.5 -0.612262 0.3535 0.866 0.3535 4175.dat
1 15 0 -383.429 143.342 0.707 0 0.707 0.612262 0.5 -0.612262 -0.3535 0.866 0.3535 3941.dat
1 15 0 -407.429 101.774 0.707 0 0.707 0.612262 0.5 -0.612262 -0.3535 0.866 0.3535 3942.dat
1 36 0 -419.429 80.99 0.707 0 0.707 0.612262 0.5 -0.612262 -0.3535 0.866 0.3535 3062.dat
1 0 0 -431.429 60.206 0.707 0 0.707 0.612262 0.5 -0.612262 -0.3535 0.866 0.3535 3941.dat
1 14 7.07 -441.5516 56.813 0.707 0 0.707 0.612262 0.5 -0.612262 -0.3535 0.866 0.3535 4276.dat
1 14 -7.07 -429.3064 49.743 -0.707 0 -0.707 -0.612262 0.5 0.612262 0.3535 0.866 -0.3535 4276.dat
1 14 20.0583 -442.2743 29.5859 0.183113 0.682962 -0.707 0.641576 0.461945 0.612262 0.744999 -0.565775 -0.3535 4275.dat
1 14 -20.0611 -452.5277 35.5048 -0.183113 -0.682962 0.707 0.324424 -0.720945 -0.612262 0.928113 0.117187 0.3535 4275.dat
1 0 0 -439.429 46.35 0.707 0 0.707 0.612262 0.5 -0.612262 -0.3535 0.866 0.3535 4032.dat
1 36 0 -451.429 25.566 0.707 0 0.707 0.612262 0.5 -0.612262 -0.3535 0.866 0.3535 3062.dat
1 0 0 -455.429 18.638 0.707 0 0.707 0.612262 0.5 -0.612262 -0.3535 0.866 0.3535 3957.dat
1 0 -33.936 -204.0404 386.174 0.707 -0.707 0 0.612262 0.612262 0.5 -0.3535 -0.3535 0.866 4229.dat
1 0 33.936 -208.0404 379.246 0.707 0.707 0 -0.612262 0.612262 0.5 0.3535 -0.3535 0.866 4229.dat
1 0 33.936 -262.8176 420.11 -0.707 0.707 0 -0.612262 -0.612262 0.5 0.3535 0.3535 0.866 4229.dat
1 0 -33.936 -266.8176 413.182 -0.707 -0.707 0 0.612262 -0.612262 0.5 -0.3535 0.3535 0.866 4229.dat
1 36 -52.318 -168.1216 411.623 0.707 0 0.707 0.612262 0.5 -0.612262 -0.3535 0.866 0.3535 6141.dat
1 36 52.318 -172.1216 404.695 0.707 0 0.707 0.612262 0.5 -0.612262 -0.3535 0.866 0.3535 6141.dat
1 36 52.318 -258.7364 463.941 0.707 0 0.707 0.612262 0.5 -0.612262 -0.3535 0.866 0.3535 6141.dat
1 36 -52.318 -262.7364 457.013 0.707 0 0.707 0.612262 0.5 -0.612262 -0.3535 0.866 0.3535 6141.dat
1 14 0 -166 -11 1 0 0 0 1 0 0 0 1 3842.dat
1 14 0 -166 -11 1 0 0 0 1 0 0 0 1 3626.dat
1 14 0 -141 -11 1 0 0 0 1 0 0 0 1 3838.dat
1 14 0 -141 -11 1 0 0 0 1 0 0 0 1 973.dat
1 14 0 -109 -11 1 0 0 0 1 0 0 0 1 3815.dat
1 14 0 -97 -11 1 0 0 0 -0.052 0.999 0 -0.999 -0.052 3816.dat
1 14 0 -97 -11 1 0 0 0 -0.052 0.999 0 -0.999 -0.052 3817.dat
1 0 -20.094 -136.246 -41.748 -0.023 -0.17 -0.985 0.005 0.985 -0.17 1 -0.008 -0.022 3962.dat
