0 Main
0 Name: 8281 - Mini Tractor - Side Car.mpd
0 Author: LTRON
1 0 0.619 3.686 0.274 0.017 -1 0 -1 -0.017 0.017 -0.017 0 -1 32250.dat
1 71 -64.381 3.941 -79.726 1 0.017 0 0.017 -1 0.017 0 -0.017 -1 44294.dat
1 71 -44.381 2.921 0.274 1 0.017 0 0.017 -1 0.017 0 -0.017 -1 32073.dat
1 0 -9.381 3.006 30.274 -0.017 1 0 1 0.017 0.017 0.017 0 -1 32449.dat
1 2 -19.381 2.836 30.274 -0.017 1 0 1 0.017 0.017 0.017 0 -1 32449.dat
1 71 -14.381 4.791 -79.726 -0.017 0 -1 1 0.017 -0.017 0.017 -1 0 3713.dat
1 71 -34.381 4.451 -79.726 -0.017 0 -1 1 0.017 -0.017 0.017 -1 0 3713.dat
1 71 -54.381 4.111 -79.726 -0.017 0 -1 1 0.017 -0.017 0.017 -1 0 3713.dat
1 71 -34.381 2.071 60.274 -1 0 0.017 -0.017 0.017 -1 0 -1 -0.017 32073.dat
1 4 5.619 2.751 60.274 -1 0 -0.017 -0.017 -0.017 1 0 1 0.017 6536.dat
1 72 5.619 3.091 40.274 -1 0 0.017 -0.017 0.017 -1 0 -1 -0.017 6587.dat
1 71 5.619 3.091 40.274 -0.017 0 -1 1 0.017 -0.017 0.017 -1 0 3713.dat
1 71 -14.211 -5.889 -39.896 0 -1 0.017 -0.017 -0.017 -1 1 0 -0.017 43857.dat
1 0 -24.381 3.941 -39.726 1 0 0.017 0.017 -0.017 -1 0 1 -0.017 2780.dat
1 1 -24.041 -16.059 -40.066 -1 -0.009996 0.013753 -0.017 0.601753 -0.799004 0 -0.799004 -0.601753 43093.dat
1 2 -34.381 3.091 0.274 0.017 -1 0 -1 -0.017 0.017 -0.017 0 -1 32140.dat
1 71 -34.041 -16.229 -40.066 1 0.013753 -0.009996 0.017 -0.799004 0.601753 0 -0.601753 -0.799004 6553.dat
1 71 -33.6697 -37.8022 -56.3073 1 -0.009996 -0.013753 0.017 0.601753 0.799004 0 -0.799004 0.601753 6589.dat
1 2 -49.381 2.326 30.274 -0.017 1 0 1 0.017 0.017 0.017 0 -1 32449.dat
1 0 -59.381 2.156 30.274 -0.017 1 0 1 0.017 0.017 0.017 0 -1 32449.dat
1 72 -44.381 2.241 40.274 1 0.017 0 0.017 -1 0.017 0 -0.017 -1 32002.dat
1 0 -3.701 -36.399 -0.406 1 0.017 0 0.017 -1 0.017 0 -0.017 -1 32062.dat
1 4 -33.701 -36.909 -0.406 -0.017 0 -1 1 0.017 -0.017 0.017 -1 0 32034.dat
1 0 -63.701 -37.419 -0.406 1 0.017 0 0.017 -1 0.017 0 -0.017 -1 32062.dat
1 0 -69.381 2.496 0.274 0.017 -1 0 -1 -0.017 0.017 -0.017 0 -1 32250.dat
1 4 -74.381 1.391 60.274 -1 0 -0.017 -0.017 -0.017 1 0 1 0.017 6536.dat
1 71 -84.381 3.601 -79.726 -0.017 0 -1 1 0.017 -0.017 0.017 -1 0 3713.dat
1 4 -104.381 1.901 0.274 -1 0 0.017 -0.017 0.017 -1 0 -1 -0.017 32054.dat
1 71 -78.701 -37.674 -0.406 -0.017 0 -1 1 0.017 -0.017 0.017 -1 0 32123.dat
1 71 11.299 -36.144 -0.406 -0.017 0 -1 1 0.017 -0.017 0.017 -1 0 32123.dat
1 4 6.299 -37.589 79.594 0 1 0.017 0.017 0.017 -1 -1 0 -0.017 32014.dat
1 71 -33.701 -38.269 79.594 -1 0 0.017 -0.017 0.017 -1 0 -1 -0.017 4519.dat
1 4 -73.701 -38.949 79.594 0 -1 0.017 -0.017 -0.017 -1 1 0 -0.017 32014.dat
1 19 -74.211 -8.949 80.104 0.017 -1 0 -1 -0.017 0.017 -0.017 0 -1 3749.dat
1 19 5.789 -7.589 80.104 0.017 -1 0 -1 -0.017 0.017 -0.017 0 -1 3749.dat
1 0 -104.0626 -18.4999 98.1856 0.016694 -1 -0.003179 -0.978821 -0.017 0.203694 -0.203694 0 -0.978821 32271.dat
1 72 -124.1263 -14.7599 78.6033 1 0.016694 -0.003179 0.017 -0.978821 0.203694 0 -0.203694 -0.978821 6587.dat
1 72 -121.9867 -20.7603 -49.3353 1 0.011441 -0.012563 0.017 -0.660437 0.750441 0 -0.750441 -0.660437 6587.dat
1 71 -121.1263 -14.7089 78.6033 0.003179 -0.016694 -1 -0.203694 0.978821 -0.017 0.978821 0.203694 0 32198.dat
1 2 -123.9867 -20.7943 -49.3353 0.012563 -1 0.011441 -0.750441 -0.017 -0.660437 0.660437 0 -0.750441 32140.dat
1 0 -113.7578 -33.842 -64.3492 1 0.011441 -0.012563 0.017 -0.660437 0.750441 0 -0.750441 -0.660437 2780.dat
1 0 -104.0694 -15.205 -72.0376 -0.0068 -1 0.015589 0.384411 -0.017 -0.9238 0.9238 0 0.384411 32523.dat
1 71 -124.381 2.921 -79.726 -0.017 0 -1 1 0.017 -0.017 0.017 -1 0 3713.dat
1 71 -97.7504 -92.8678 -64.0156 0.016252 1 -0.005015 -0.961015 0.017 0.278748 0.278748 0 0.961015 41677.dat
1 71 -122.8507 -87.7177 -44.8053 1 -0.016252 -0.005015 0.017 0.961015 0.278748 0 -0.278748 0.961015 4519.dat
1 71 -122.7504 -93.2928 -64.0156 1 -0.016252 -0.005015 0.017 0.961015 0.278748 0 -0.278748 0.961015 4519.dat
1 71 -107.6501 -98.6129 -83.2259 -0.016252 -1 -0.005015 0.961015 -0.017 0.278748 -0.278748 0 0.961015 32056.dat
1 71 -122.6501 -98.8679 -83.2259 1 0.005015 -0.016252 0.017 -0.278748 0.961015 0 -0.961015 -0.278748 42003.dat
1 71 -118.6158 -42.9928 -22.2662 0.007395 1 -0.0153 -0.4503 0.017 0.892605 0.892605 0 0.4503 32063.dat
1 71 -128.6158 -43.1628 -22.2662 0.007395 1 -0.0153 -0.4503 0.017 0.892605 0.892605 0 0.4503 32063.dat
1 0 -122.7122 -94.8379 -105.2238 0.016252 1 -0.005015 -0.961015 0.017 0.278748 0.278748 0 0.961015 2780.dat
1 71 -137.6501 -99.1229 -83.2259 -0.016252 -1 -0.005015 0.961015 -0.017 0.278748 -0.278748 0 0.961015 32056.dat
1 71 -147.7504 -93.7178 -64.0156 -0.016252 -1 -0.005015 0.961015 -0.017 0.278748 -0.278748 0 0.961015 41677.dat
1 0 -123.2998 -60.4473 -94.3762 -1 0.005015 0.016252 -0.017 -0.278748 -0.961015 0 -0.961015 0.278748 32062.dat
1 71 -138.4625 -52.2819 -26.7665 -0.0153 -1 0.007395 0.892605 -0.017 -0.4503 0.4503 0 0.892605 32056.dat
1 0 -123.1667 -70.0389 8.9377 1 -0.0153 0.007395 0.017 0.892605 -0.4503 0 0.4503 0.892605 32062.dat
1 2 -127.9448 -83.6329 35.7158 0.0153 1 0.007395 -0.892605 0.017 -0.4503 -0.4503 0 0.892605 32449.dat
1 2 -117.9448 -83.4629 35.7158 0.0153 1 0.007395 -0.892605 0.017 -0.4503 -0.4503 0 0.892605 32449.dat
1 0 -123.4625 -52.0269 -26.7665 1 -0.0153 0.007395 0.017 0.892605 -0.4503 0 0.4503 0.892605 32062.dat
1 0 -124.0745 -16.3227 -8.7545 1 -0.0153 0.007395 0.017 0.892605 -0.4503 0 0.4503 0.892605 32062.dat
1 71 -108.4628 -51.7518 -26.7742 -0.0153 -1 0.007395 0.892605 -0.017 -0.4503 0.4503 0 0.892605 32056.dat
1 0 -122.7225 -97.0861 62.5045 1 -0.007395 -0.0153 0.017 0.4503 0.892605 0 -0.892605 0.4503 41678.dat
1 71 -132.3425 -119.6112 62.4245 0.007395 1 -0.0153 -0.4503 0.017 0.892605 0.892605 0 0.4503 4274.dat
1 71 -112.3425 -119.2712 62.4245 0.007395 1 -0.0153 -0.4503 0.017 0.892605 0.892605 0 0.4503 4274.dat
1 38 -132.2834 -123.2136 69.5654 1 -0.007395 -0.0153 0.017 0.4503 0.892605 0 -0.892605 0.4503 6141.dat
1 38 -112.2834 -122.8736 69.5654 1 -0.007395 -0.0153 0.017 0.4503 0.892605 0 -0.892605 0.4503 6141.dat
1 0 -122.7225 -97.0861 62.5045 1 -0.007395 -0.0153 0.017 0.4503 0.892605 0 -0.892605 0.4503 32062.dat
1 71 -138.9867 -21.0493 -49.3353 -0.012563 -1 -0.011441 0.750441 -0.017 0.660437 -0.660437 0 0.750441 6632.dat
1 71 -148.9867 -21.2193 -49.3353 -0.012563 -1 -0.011441 0.750441 -0.017 0.660437 -0.660437 0 0.750441 6632.dat
1 14 -33.4909 -48.1903 -64.1271 1 -0.009996 -0.013753 0.017 0.601753 0.799004 0 -0.799004 0.601753 3482.dat
1 256 -33.4909 -48.1903 -64.1271 1 -0.009996 -0.013753 0.017 0.601753 0.799004 0 -0.799004 0.601753 2346.dat
1 14 25.619 3.431 40.274 0 -0.017 1 0.017 1 0.017 -1 0.017 0 3482.dat
1 256 25.619 3.431 40.274 0 -0.017 -1 -0.017 1 -0.017 1 0.017 0 2346.dat
1 14 -146.1263 -15.1339 78.6033 0.003179 -0.016694 -1 -0.203694 0.978821 -0.017 0.978821 0.203694 0 2695.dat
1 71 -135.9043 -28.2801 93.5195 1 -0.016694 0.003179 0.017 0.978821 -0.203694 0 0.203694 0.978821 4274.dat
1 71 -136.3483 -1.6477 63.687 1 -0.016694 0.003179 0.017 0.978821 -0.203694 0 0.203694 0.978821 4274.dat
1 14 -129.1263 -14.8449 78.6033 -0.003179 -0.016694 1 0.203694 0.978821 0.017 -0.978821 0.203694 0 4185.dat
1 256 -146.1263 -15.1339 78.6033 0.003179 -0.016694 -1 -0.203694 0.978821 -0.017 0.978821 0.203694 0 2696.dat
1 0 -122.1246 -129.2285 -116.0724 1 -0.016252 -0.005015 0.017 0.961015 0.278748 0 -0.278748 0.961015 3707.dat
1 0 -122.7747 -90.7879 -127.2223 1 -0.016252 -0.005015 0.017 0.961015 0.278748 0 -0.278748 0.961015 3705.dat
1 2 -157.1246 -129.8235 -116.0724 0.005015 -1 -0.016252 -0.278748 -0.017 0.961015 -0.961015 0 -0.278748 6632.dat
1 0 -148.0997 -71.9926 -132.7973 0.005015 -1 -0.016252 -0.278748 -0.017 0.961015 -0.961015 0 -0.278748 32065.dat
1 71 -137.7747 -91.0429 -127.2223 0.005015 0.016252 -1 -0.278748 -0.961015 -0.017 -0.961015 0.278748 0 32123.dat
1 71 -137.1246 -129.4835 -116.0724 0.005015 0.016252 -1 -0.278748 -0.961015 -0.017 -0.961015 0.278748 0 32123.dat
1 0 -122.1246 -129.2285 -116.0724 -1 -0.016252 0.005015 -0.017 0.961015 -0.278748 0 -0.278748 -0.961015 32291.dat
1 2 -122.7747 -90.7879 -127.2223 -1 -0.005015 -0.016252 -0.017 0.278748 0.961015 0 0.961015 -0.278748 6536.dat
1 71 -107.7747 -90.5329 -127.2223 0.005015 0.016252 -1 -0.278748 -0.961015 -0.017 -0.961015 0.278748 0 32123.dat
1 71 -107.1246 -128.9735 -116.0724 0.005015 0.016252 -1 -0.278748 -0.961015 -0.017 -0.961015 0.278748 0 32123.dat
1 0 -124.0748 -13.9067 -149.5222 1 -0.016252 -0.005015 0.017 0.961015 0.278748 0 -0.278748 0.961015 3705.dat
1 71 -159.0748 -14.5017 -149.5222 0.005015 0.016252 -1 -0.278748 -0.961015 -0.017 -0.961015 0.278748 0 32123.dat
1 14 -132.0748 -14.0427 -149.5222 0.005015 0.016252 -1 -0.278748 -0.961015 -0.017 -0.961015 0.278748 0 2695.dat
1 256 -132.0748 -14.0427 -149.5222 0.005015 0.016252 -1 -0.278748 -0.961015 -0.017 -0.961015 0.278748 0 2696.dat
1 0 -98.0997 -71.1426 -132.7973 0.005015 -1 -0.016252 -0.278748 -0.017 0.961015 -0.961015 0 -0.278748 32065.dat
1 71 -132.3995 -112.9657 -131.2575 0.005015 -1 -0.016252 -0.278748 -0.017 0.961015 -0.961015 0 -0.278748 4274.dat
1 71 -112.3995 -112.6256 -131.2575 0.005015 -1 -0.016252 -0.278748 -0.017 0.961015 -0.961015 0 -0.278748 4274.dat
1 71 -89.0748 -13.3117 -149.5222 0.005015 0.016252 -1 -0.278748 -0.961015 -0.017 -0.961015 0.278748 0 32123.dat
1 2 -87.1246 -128.6335 -116.0724 0.005015 -1 -0.016252 -0.278748 -0.017 0.961015 -0.961015 0 -0.278748 6632.dat
1 47 -122.3594 -115.0256 -138.9456 -1 -0.005015 -0.016252 -0.017 0.278748 0.961015 0 0.961015 -0.278748 3023.dat
