0 Main
0 Name: 8808 - F1 Racer.mpd
0 Author: LTRON
1 0 -20 0 0 1 0 0 0 1 0 0 0 1 2780.dat
1 4 -30 -10 80 0 0 1 0 1 0 -1 0 0 2730.dat
1 4 -10 -10 -40 0 0 1 0 1 0 -1 0 0 3894.dat
1 7 -20 0 -40 -1 0 0 0 1 0 0 0 -1 4274.dat
1 0 0 0 160 -1 0 0 0 1 0 0 0 -1 3737.dat
1 7 -50 0 160 0 0 -1 0 1 0 1 0 0 3713.dat
1 0 0 0 100 1 0 0 0 0.988 0.157 0 -0.157 0.988 3706.dat
1 0 -10 0 100 0 -1 0 0.157 0 -0.988 0.988 0 0.157 2825.dat
1 0 10 0 100 0 1 0 -0.157 0 -0.988 -0.988 0 0.157 2825.dat
1 4 0 -18 -40 -1 0 0 0 1 0 0 0 -1 3068.dat
1 4 10 -10 -40 0 0 1 0 1 0 -1 0 0 3894.dat
1 7 20 0 -40 1 0 0 0 -1 0 0 0 -1 4274.dat
1 0 20 0 0 1 0 0 0 1 0 0 0 1 2780.dat
1 4 30 -10 80 0 0 1 0 1 0 -1 0 0 2730.dat
1 4 0 -10 -110 1 0 0 0 1 0 0 0 1 3298.dat
1 4 0 -18 -100 1 0 0 0 1 0 0 0 1 3022.dat
1 4 -10 -18 -10 0 0 -1 0 1 0 1 0 0 2420.dat
1 4 10 -18 -10 1 0 0 0 1 0 0 0 1 2420.dat
1 7 50 0 160 0 0 1 0 1 0 -1 0 0 3713.dat
1 4 -70 -10 80 0 0 1 0 1 0 -1 0 0 3701.dat
1 4 -50 -18 100 -1 0 0 0 1 0 0 0 -1 3021.dat
1 4 -50 -18 70 -1 0 0 0 1 0 0 0 -1 3623.dat
1 4 70 -10 80 0 0 1 0 1 0 -1 0 0 3701.dat
1 4 50 -18 100 -1 0 0 0 1 0 0 0 -1 3021.dat
1 4 50 -18 70 -1 0 0 0 1 0 0 0 -1 3623.dat
1 4 50 -18 30 1 0 0 0 1 0 0 0 1 2450.dat
1 4 -50 -18 30 0 0 1 0 1 0 -1 0 0 2450.dat
1 0 -10 14 -10 0 0 -1 0 1 0 1 0 0 2420.dat
1 0 10 14 -10 1 0 0 0 1 0 0 0 1 2420.dat
1 0 0 14 100 1 0 0 0 1 0 0 0 1 3034.dat
1 0 0 14 70 1 0 0 0 1 0 0 0 1 3460.dat
1 0 0 14 -40 1 0 0 0 1 0 0 0 1 3022.dat
1 0 0 14 -100 1 0 0 0 1 0 0 0 1 3022.dat
1 0 50 14 30 1 0 0 0 1 0 0 0 1 2450.dat
1 0 -50 14 30 0 0 1 0 1 0 -1 0 0 2450.dat
1 0 30 14 160 0 0 1 0 1 0 -1 0 0 3710.dat
1 0 -30 14 160 0 0 1 0 1 0 -1 0 0 3710.dat
1 0 0 14 -70 1 0 0 0 1 0 0 0 1 4262.dat
1 0 0 14 -140 1 0 0 0 1 0 0 0 1 3034.dat
1 4 0 -26 -10 1 0 0 0 1 0 0 0 1 3710.dat
1 0 0 0 190 1 0 0 0 -0.806 -0.593 0 0.593 -0.806 3705.dat
1 7 -13 0 190 0 0 1 0.593 -0.806 0 0.806 0.593 0 4265.dat
1 0 -8 -29.626 149.722 0 1 0 -0.593 0 -0.806 -0.806 0 0.593 4262.dat
1 0 8 -29.626 149.722 0 -1 0 -0.593 0 0.806 -0.806 0 -0.593 4262.dat
1 7 13 0 190 0 0 -1 0.593 0.806 0 0.806 -0.593 0 4265.dat
1 0 -30 -10 190 0 0 -1 0 1 0 1 0 0 6541.dat
1 0 30 -10 190 0 0 -1 0 1 0 1 0 0 6541.dat
1 4 -30 -18 180 0 0 1 0 1 0 -1 0 0 3666.dat
1 4 30 -18 180 0 0 1 0 1 0 -1 0 0 3666.dat
1 7 50 -10 -70 1 0 0 0 1 0 0 0 1 4261.dat
1 0 70 0 -70 1 0 0 0 1 0 0 0 1 3705.dat
1 7 35 0 -70 0 0 -1 0 1 0 1 0 0 4265.dat
1 7 50 -10 -30 0 0 1 1 0 0 0 1 0 3749.dat
1 7 -50 -10 -70 1 0 0 0 1 0 0 0 1 4261.dat
1 0 -70 0 -70 1 0 0 0 1 0 0 0 1 3705.dat
1 7 -35 0 -70 0 0 1 -1 0 0 0 -1 0 4265.dat
1 7 -50 -10 -30 0 0 1 1 0 0 0 1 0 3749.dat
1 0 0 -59.252 109.444 1 0 0 0 0.988 0.157 0 -0.157 0.988 3704.dat
1 0 0 -34 -10 1 0 0 0 1 0 0 0 1 3710.dat
1 4 0 -18 -70 1 0 0 0 1 0 0 0 1 4262.dat
1 4 0 -28 -30 1 0 0 0 1 0 0 0 1 4262.dat
1 0 30 -42 110 0 0 -1 0 1 0 1 0 0 4070.dat
1 0 30 -42 10 0 0 -1 0 1 0 1 0 0 4070.dat
1 0 44 -32 60 0 -1 0 0 0 -1 1 0 0 4262.dat
1 0 -30 -42 10 0 0 1 0 1 0 -1 0 0 4070.dat
1 0 -30 -42 110 0 0 1 0 1 0 -1 0 0 4070.dat
1 0 -44 -32 60 0 1 0 0 0 -1 -1 0 0 4262.dat
1 0 0 -26 220 -1 0 0 0 1 0 0 0 -1 3034.dat
1 4 -70 -74 220 0 0 -1 0 1 0 1 0 0 4864.dat
1 4 70 -74 220 0 0 1 0 1 0 -1 0 0 4864.dat
1 0 0 -82 220 -1 0 0 0 1 0 0 0 -1 3034.dat
1 7 0 -36 -30 -1 0 0 0 1 0 0 0 -1 3743.dat
1 15 70 0 -70 0 0 -1 0 1 0 1 0 0 3482.dat
1 0 70 0 -70 0 0 -1 0 1 0 1 0 0 3483.dat
1 15 70 0 160 0 0 -1 0 1 0 1 0 0 3482.dat
1 0 70 0 160 0 0 -1 0 1 0 1 0 0 3483.dat
1 0 0 -58 -10 1 0 0 0 1 0 0 0 1 3701.dat
1 0 0 -48 -10 0 0 1 0 1 0 -1 0 0 4519.dat
1 7 0 -48 -30 -1 0 0 0 1 0 0 0 -1 3647.dat
1 7 0 -48 24 -1 0 0 0 0 -1 0 -1 0 2819.dat
1 15 -70 0 -70 0 0 -1 0 1 0 1 0 0 3482.dat
1 0 -70 0 -70 0 0 -1 0 1 0 1 0 0 3483.dat
1 15 -70 0 160 0 0 -1 0 1 0 1 0 0 3482.dat
1 0 -70 0 160 0 0 -1 0 1 0 1 0 0 3483.dat
1 15 -90 0 -70 0 0 -1 0 1 0 1 0 0 3482.dat
1 0 -90 0 -70 0 0 -1 0 1 0 1 0 0 3483.dat
1 15 -90 0 160 0 0 -1 0 1 0 1 0 0 3482.dat
1 0 -90 0 160 0 0 -1 0 1 0 1 0 0 3483.dat
1 15 90 0 -70 0 0 -1 0 1 0 1 0 0 3482.dat
1 0 90 0 -70 0 0 -1 0 1 0 1 0 0 3483.dat
1 15 90 0 160 0 0 -1 0 1 0 1 0 0 3482.dat
1 0 90 0 160 0 0 -1 0 1 0 1 0 0 3483.dat
