0 Main
0 Name: 6885-1 - Saturn Base Main Team (Crater Crawler).mpd
0 Author: LTRON
1 15 0 0 -0.297 0 0 1 0.017278 0.999851 0 -0.999851 0.017278 0 3795.dat
1 0 20 7.9988 -0.1588 1 0 0 0 0.999851 -0.017278 0 0.017278 0.999851 2444.dat
1 7 40 17.9973 0.014 1 0 0 0 0.999851 -0.017278 0 0.017278 0.999851 3749.dat
1 0 -20 7.9988 -0.1588 -1 0 0 0 0.999851 0.017278 0 0.017278 -0.999851 2444.dat
1 7 -40 17.9973 0.014 -1 0 0 0 0.999851 0.017278 0 0.017278 -0.999851 3749.dat
1 0 0 15.9976 -0.0206 -1 0 0 0 0.999851 0.017278 0 0.017278 -0.999851 3022.dat
1 15 0 -7.6532 -20.4322 -1 0 0 0 0.999851 0.017278 0 0.017278 -0.999851 3022.dat
1 15 0 -7.1349 -50.4278 1 0 0 0 0.999851 -0.017278 0 0.017278 0.999851 3839.dat
1 0 0 -8.6899 39.5588 -1 0 0 0 0.999851 0.017278 0 0.017278 -0.999851 3640.dat
1 15 0 -15.8248 -10.572 1 0 0 0 0.999851 -0.017278 0 0.017278 0.999851 4598.dat
1 15 10 -29.1316 -50.8079 0 1 0 0.017278 0 -0.999851 -0.999851 0 -0.017278 4349.dat
1 15 -10 -29.1316 -50.8079 0 -1 0 -0.017278 0 -0.999851 0.999851 0 -0.017278 4349.dat
1 15 10 -30.8594 49.1772 0 1 0 0.017278 0 -0.999851 -0.999851 0 -0.017278 4349.dat
1 15 -10 -30.8594 49.1772 0 -1 0 -0.017278 0 -0.999851 0.999851 0 -0.017278 4349.dat
1 15 10 -56.8556 48.728 -1 0 0 0 0.999851 0.017278 0 0.017278 -0.999851 4085.dat
1 15 -10 -56.8556 48.728 -1 0 0 0 0.999851 0.017278 0 0.017278 -0.999851 4085.dat
1 0 0 -64.8544 48.5898 -1 0 0 0 0.999851 0.017278 0 0.017278 -0.999851 2412.dat
1 15 0 -55.1278 -51.2571 -1 0 0 0 0.999851 0.017278 0 0.017278 -0.999851 3794.dat
1 15 22 -29.9955 -0.8153 0 1 0 -0.017278 0 0.999851 0.999851 0 0.017278 2486.dat
1 15 -22 -29.9955 -0.8153 0 -1 0 -0.017278 0 -0.999851 0.999851 0 -0.017278 2486.dat
1 15 70 -29.1316 -50.8079 0 1 0 0.017278 0 -0.999851 -0.999851 0 -0.017278 4740.dat
1 15 70 -30.8594 49.1772 0 1 0 0.017278 0 -0.999851 -0.999851 0 -0.017278 4740.dat
1 15 -70 -29.1316 -50.8079 0 -1 0 0.017278 0 0.999851 -0.999851 0 0.017278 4740.dat
1 15 -70 -30.8594 49.1772 0 -1 0 0.017278 0 0.999851 -0.999851 0 0.017278 4740.dat
1 36 26 -0.8939 -64.322 1 0 0 0 0.017278 0.999851 0 -0.999851 0.017278 4589.dat
1 36 -26 -0.8939 -64.322 1 0 0 0 0.017278 0.999851 0 -0.999851 0.017278 4589.dat
1 0 10 -53.2017 68.7941 0 0 1 0.017278 0.999851 0 -0.999851 0.017278 0 3962.dat
1 0 -10 -72.1298 64.4664 1 0 0 0 -0.017278 -0.999851 0 0.999851 -0.017278 4735.dat
1 0 0 -63.1266 -51.3953 -0.382683 0 -0.92388 -0.015963 0.999851 0.006612 0.923742 0.017278 -0.382626 4592.dat
1 0 0 -63.1266 -51.3953 -0.382683 -0.853553 -0.353553 -0.015963 0.388735 -0.921212 0.923742 -0.346888 -0.162388 4593.dat
1 15 50 17.9973 0.014 0 0 -1 -0.017278 0.999851 0 0.999851 0.017278 0 3482.dat
1 256 50 17.9973 0.014 0 0 -1 -0.017278 0.999851 0 0.999851 0.017278 0 2346.dat
1 15 -50 17.9973 0.014 0 0 1 0.017278 0.999851 0 -0.999851 0.017278 0 3482.dat
1 256 -50 17.9973 0.014 0 0 1 0.017278 0.999851 0 -0.999851 0.017278 0 2346.dat
1 15 45.922 -19.641 210.2607 -0.382683 0 0.92388 0.015963 0.999851 0.006612 -0.923742 0.017278 -0.382626 3033.dat
1 0 22.961 -10.6844 154.9744 0.92388 0 0.382683 0.006612 0.999851 -0.015963 -0.382626 0.017278 0.923742 3639.dat
1 0 42.0951 -11.4825 201.1615 0.92388 0 0.382683 0.006612 0.999851 -0.015963 -0.382626 0.017278 0.923742 3023.dat
1 0 82.8772 -11.3777 195.0939 0.92388 0 0.382683 0.006612 0.999851 -0.015963 -0.382626 0.017278 0.923742 2444.dat
1 7 101.3548 -1.2469 187.6142 0.92388 0 0.382683 0.006612 0.999851 -0.015963 -0.382626 0.017278 0.923742 3749.dat
1 0 8.9668 -11.9066 225.704 -0.92388 0 -0.382683 -0.006612 0.999851 0.015963 0.382626 0.017278 -0.923742 2444.dat
1 7 -9.5108 -2.0404 233.5293 -0.92388 0 -0.382683 -0.006612 0.999851 0.015963 0.382626 0.017278 -0.923742 3749.dat
1 0 51.3339 -3.4176 197.4735 -0.382683 0 0.92388 0.015963 0.999851 0.006612 -0.923742 0.017278 -0.382626 2357.dat
1 0 32.8563 -3.5498 205.126 -0.92388 0 -0.382683 -0.006612 0.999851 0.015963 0.382626 0.017278 -0.923742 2357.dat
1 15 -17.8211 -26.7868 160.7656 -0.92388 0 -0.382683 -0.006612 0.999851 0.015963 0.382626 0.017278 -0.923742 3023.dat
1 15 56.0894 -26.2579 130.1555 -0.92388 0 -0.382683 -0.006612 0.999851 0.015963 0.382626 0.017278 -0.923742 3023.dat
1 15 43.4082 -29.3409 308.5644 -0.92388 0 -0.382683 -0.006612 0.999851 0.015963 0.382626 0.017278 -0.923742 3023.dat
1 15 117.3186 -28.8119 277.9543 -0.92388 0 -0.382683 -0.006612 0.999851 0.015963 0.382626 0.017278 -0.923742 3023.dat
1 0 49.7488 -27.7994 219.3599 -0.92388 0 -0.382683 -0.006612 0.999851 0.015963 0.382626 0.017278 -0.923742 3794.dat
1 15 21.4302 -70.6116 150.2428 0 -0.382683 0.92388 -0.999851 0.015963 0.006612 -0.017278 -0.923742 -0.382626 3020.dat
1 15 82.7139 -42.7209 272.5638 0.92388 -0.382683 0 0.006612 0.015963 0.999851 -0.382626 -0.923742 0.017278 2467.dat
1 15 64.2363 -42.8531 280.2163 0 -0.382683 0.92388 -0.999851 0.015963 0.006612 -0.017278 -0.923742 -0.382626 2467.dat
1 15 76.5366 -42.9147 283.78 -0.92388 -0.382683 0 -0.006612 0.015963 -0.999851 0.382626 -0.923742 -0.017278 3460.dat
1 15 76.5366 -62.9117 283.4344 -0.92388 -0.382683 0 -0.006612 0.015963 -0.999851 0.382626 -0.923742 -0.017278 3794.dat
1 15 76.5366 -82.9087 283.0889 -0.92388 -0.382683 0 -0.006612 0.015963 -0.999851 0.382626 -0.923742 -0.017278 3794.dat
1 15 34.1694 -53.4034 311.976 -0.92388 0 -0.382683 -0.006612 0.999851 0.015963 0.382626 0.017278 -0.923742 4070.dat
1 15 52.647 -53.2712 304.3234 -0.92388 0 -0.382683 -0.006612 0.999851 0.015963 0.382626 0.017278 -0.923742 4070.dat
1 0 48.7658 -43.5623 321.2549 -0.92388 -0.382683 0 -0.006612 0.015963 -0.999851 0.382626 -0.923742 -0.017278 3023.dat
1 15 108.0798 -52.8745 281.3659 -0.92388 0 -0.382683 -0.006612 0.999851 0.015963 0.382626 0.017278 -0.923742 4070.dat
1 15 126.5574 -52.7422 273.7133 -0.92388 0 -0.382683 -0.006612 0.999851 0.015963 0.382626 0.017278 -0.923742 4070.dat
1 0 122.6762 -43.0333 290.6448 -0.92388 -0.382683 0 -0.006612 0.015963 -0.999851 0.382626 -0.923742 -0.017278 3023.dat
1 15 -27.0599 -50.8494 164.1772 -0.92388 0 -0.382683 -0.006612 0.999851 0.015963 0.382626 0.017278 -0.923742 4070.dat
1 15 -8.5822 -50.7171 156.5247 -0.92388 0 -0.382683 -0.006612 0.999851 0.015963 0.382626 0.017278 -0.923742 4070.dat
1 15 -21.6479 -40.6251 151.2863 -0.92388 -0.382683 0 -0.006612 0.015963 -0.999851 0.382626 -0.923742 -0.017278 3023.dat
1 15 46.8506 -50.3204 133.5671 -0.92388 0 -0.382683 -0.006612 0.999851 0.015963 0.382626 0.017278 -0.923742 4070.dat
1 15 65.3281 -50.1882 125.9146 -0.92388 0 -0.382683 -0.006612 0.999851 0.015963 0.382626 0.017278 -0.923742 4070.dat
1 15 52.2625 -40.0962 120.6762 -0.92388 -0.382683 0 -0.006612 0.015963 -0.999851 0.382626 -0.923742 -0.017278 3023.dat
1 36 58.4399 -39.9023 109.46 -0.92388 -0.382683 0 -0.006612 0.015963 -0.999851 0.382626 -0.923742 -0.017278 6141.dat
1 36 39.9623 -40.0346 117.1125 -0.92388 -0.382683 0 -0.006612 0.015963 -0.999851 0.382626 -0.923742 -0.017278 6141.dat
1 36 -15.4705 -40.4313 140.0701 -0.92388 -0.382683 0 -0.006612 0.015963 -0.999851 0.382626 -0.923742 -0.017278 6141.dat
1 36 -33.9481 -40.5635 147.7226 -0.92388 -0.382683 0 -0.006612 0.015963 -0.999851 0.382626 -0.923742 -0.017278 6141.dat
1 15 79.5981 -73.0379 290.6516 0 -0.382683 0.92388 -0.999851 0.015963 0.006612 -0.017278 -0.923742 -0.382626 4276.dat
1 0 18.3688 -80.4824 142.6801 -0.92388 -0.382683 0 -0.006612 0.015963 -0.999851 0.382626 -0.923742 -0.017278 4590.dat
1 15 76.5366 -122.9028 282.3978 0.92388 0.382683 0 0.006612 -0.015963 -0.999851 -0.382626 0.923742 -0.017278 2452.dat
1 33 15.2529 -120.798 160.5951 -0.92388 0.382683 0 -0.006612 -0.015963 0.999851 0.382626 0.923742 0.017278 2468.dat
1 33 33.7305 -120.6657 152.9426 0 0.382683 -0.92388 -0.999851 -0.015963 -0.006612 -0.017278 0.923742 0.382626 2468.dat
1 15 12.2459 -120.221 127.2091 -0.92388 0.382683 0 -0.006612 -0.015963 0.999851 0.382626 0.923742 0.017278 2432.dat
1 15 110.5936 -1.1808 183.7879 -0.382683 0 0.92388 0.015963 0.999851 0.006612 -0.923742 0.017278 -0.382626 3482.dat
1 256 110.5936 -1.1808 183.7879 0.382683 0 -0.92388 -0.015963 0.999851 -0.006612 0.923742 0.017278 0.382626 3634.dat
1 15 -18.7496 -2.1065 237.3556 0.382683 0 -0.92388 -0.015963 0.999851 -0.006612 0.923742 0.017278 0.382626 3482.dat
1 256 -18.7496 -2.1065 237.3556 -0.382683 0 0.92388 0.015963 0.999851 0.006612 -0.923742 0.017278 -0.382626 3634.dat
