0 Main
0 Name: 4838-1 - Mini Vehicles - Wrecker.mpd
0 Author: LTRON
1 0 0 0 0 0 0 1 0 1 0 -1 0 0 3034.dat
1 7 0 -8 -60 -1 0 0 0 1 0 0 0 -1 4600.dat
1 15 0 -8 -20 -1 0 0 0 1 0 0 0 -1 3022.dat
1 0 0 -8 10 -1 0 0 0 1 0 0 0 -1 3023.dat
1 7 0 -8 40 -1 0 0 0 1 0 0 0 -1 4600.dat
1 7 0 -8 80 -1 0 0 0 1 0 0 0 -1 4600.dat
1 1 0 -16 0 0 0 -1 0 1 0 1 0 0 3034.dat
1 7 0 -16 90 -1 0 0 0 1 0 0 0 -1 48336.dat
1 1 0 -32 -60 1 0 0 0 1 0 0 0 1 3788.dat
1 1 -20 -24 -10 0 0 1 0 1 0 -1 0 0 3021.dat
1 1 20 -24 -10 0 0 1 0 1 0 -1 0 0 3021.dat
1 1 0 -24 60 0 0 -1 0 1 0 1 0 0 3020.dat
1 15 0 -32 -60 0 0 1 0 1 0 -1 0 0 3022.dat
1 1 0 -32 -20 -1 0 0 0 1 0 0 0 -1 3020.dat
1 1 0 -40 -20 -1 0 0 0 1 0 0 0 -1 3020.dat
1 1 30 -40 -50 -1 0 0 0 1 0 0 0 -1 2420.dat
1 1 -30 -40 -50 0 0 1 0 1 0 -1 0 0 2420.dat
1 1 0 -40 -70 1 0 0 0 1 0 0 0 1 2436.dat
1 8 10 -10 -92 1 0 0 0 0 -1 0 1 0 2420.dat
1 8 -10 -10 -92 0 0 -1 -1 0 0 0 1 0 2420.dat
1 0 0 -20 -100 1 0 0 0 0 -1 0 1 0 3022.dat
1 46 -30 -10 -92 0 0 1 1 0 0 0 1 0 54200.dat
1 46 30 -10 -92 0 0 -1 -1 0 0 0 1 0 54200.dat
1 7 0 -30 -108 1 0 0 0 0 -1 0 1 0 2412.dat
1 8 0 -10 -108 1 0 0 0 0 -1 0 1 0 3069.dat
1 7 0 -48 -10 -1 0 0 0 1 0 0 0 -1 48336.dat
1 57 30 -30 -92 1 0 0 0 0 -1 0 1 0 6141.dat
1 57 -30 -30 -92 1 0 0 0 0 -1 0 1 0 6141.dat
1 25 0 -48 -60 0 0 -1 0 1 0 1 0 0 3020.dat
1 15 -30 -48 -40 0 0 1 0 1 0 -1 0 0 4623.dat
1 15 30 -48 -40 0 0 -1 0 1 0 1 0 0 4623.dat
1 8 -30 -40 -10 0 0 1 0 1 0 -1 0 0 54200.dat
1 8 30 -40 -10 0 0 -1 0 1 0 1 0 0 54200.dat
1 8 -10 -56 -10 0 0 1 0 1 0 -1 0 0 6141.dat
1 8 10 -56 -10 0 0 1 0 1 0 -1 0 0 6141.dat
1 8 -10 -64 -10 0 0 1 0 1 0 -1 0 0 6141.dat
1 8 10 -64 -10 0 0 1 0 1 0 -1 0 0 6141.dat
1 7 10 -88 -10 0 0 1 0 1 0 -1 0 0 4589.dat
1 7 -10 -88 -10 0 0 1 0 1 0 -1 0 0 4589.dat
1 15 0 -72 -30 -1 0 0 0 1 0 0 0 -1 3010.dat
1 40 0 -72 -50 -1 0 0 0 1 0 0 0 -1 3066.dat
1 7 0 -76 16 0 0 -1 -1 0 0 0 1 0 60478.dat
1 8 0 -66 8 1 0 0 0 0 -1 0 1 0 6019.dat
1 25 0 -86 16 -1 0 0 0 0 1 0 1 0 54200.dat
1 15 0 -80 -40 1 0 0 0 1 0 0 0 1 3020.dat
1 1 0 -88 65 0 0 1 -0.258819 0.965926 0 -0.965926 -0.258819 0 3710.dat
1 8 0 -103.492 38.0928 1 0 0 0 0.965926 0.258819 0 -0.258819 0.965926 6019.dat
1 8 0 -98.3156 57.4113 0 0 1 -0.258819 0.965926 0 -0.965926 -0.258819 0 6141.dat
1 7 0 -90.551 86.3891 0 0 -1 0.258819 0.965926 0 0.965926 -0.258819 0 60478.dat
1 1 0 -103.4548 69.1411 0 0 1 -0.258819 0.965926 0 -0.965926 -0.258819 0 3710.dat
1 8 0 -64.4153 125.9735 1 0 0 0 0.5 0.866026 0 -0.866026 0.5 6019.dat
1 8 0 -68.6579 133.3219 0 0 1 -0.866026 0.5 0 -0.5 -0.866026 0 6141.dat
1 36 -10 -88 -30 1 0 0 0 1 0 0 0 1 6141.dat
1 36 10 -88 -30 1 0 0 0 1 0 0 0 1 6141.dat
1 15 31 -3 -60 0 0 -1 0 1 0 1 0 0 4624.dat
1 0 31 -3 -60 0 0 -1 0 1 0 1 0 0 3641.dat
1 15 31 -3 40 0 0 -1 0 1 0 1 0 0 4624.dat
1 0 31 -3 40 0 0 -1 0 1 0 1 0 0 3641.dat
1 15 31 -3 80 0 0 -1 0 1 0 1 0 0 4624.dat
1 0 31 -3 80 0 0 -1 0 1 0 1 0 0 3641.dat
1 15 -31 -3 80 0 0 1 0 1 0 -1 0 0 4624.dat
1 0 -31 -3 80 0 0 1 0 1 0 -1 0 0 3641.dat
1 15 -31 -3 40 0 0 1 0 1 0 -1 0 0 4624.dat
1 0 -31 -3 40 0 0 1 0 1 0 -1 0 0 3641.dat
1 15 -31 -3 -60 0 0 1 0 1 0 -1 0 0 4624.dat
1 0 -31 -3 -60 0 0 1 0 1 0 -1 0 0 3641.dat
