0 Main
0 Name: 8273-1 - Off Road Truck.mpd
0 Author: LTRON
1 72 -20 0 0 0 -1 0 -1 0 0 0 0 -1 32009.dat
1 0 0 0 140 1 0 0 0 1 0 0 0 1 6558.dat
1 71 0 0 160 1 0 0 0 1 0 0 0 1 4519.dat
1 72 0 0 180 0 1 0 -1 0 0 0 0 1 32316.dat
1 71 0 0 100 0 0 -1 -1 0 0 0 1 0 48989.dat
1 71 0 -40 0 -1 0 0 0 1 0 0 0 -1 4519.dat
1 71 0 -80 0 -1 0 0 0 1 0 0 0 -1 44294.dat
1 0 0 -60 0 -1 0 0 0 1 0 0 0 -1 32184.dat
1 72 20 0 0 0 -1 0 -1 0 0 0 0 -1 32009.dat
1 0 -45 -80 40 0 -1 0 0 0 1 -1 0 0 32056.dat
1 0 -35 -80 40 0 -1 0 0 0 1 -1 0 0 32056.dat
1 0 -50 -80 20 1 0 0 0 0 1 0 -1 0 2780.dat
1 71 0 -40 40 1 0 0 0 1 0 0 0 1 32073.dat
1 0 0 -60 40 1 0 0 0 1 0 0 0 1 32184.dat
1 71 20 -40 60 -1 0 0 0 0 1 0 1 0 42003.dat
1 71 -20 -40 60 -1 0 0 0 0 1 0 1 0 42003.dat
1 71 0 -80 40 -1 0 0 0 0 1 0 1 0 44294.dat
1 71 20 -80 40 0 0 -1 0 1 0 1 0 0 3713.dat
1 71 -20 -80 40 0 0 1 0 1 0 -1 0 0 3713.dat
1 0 -20 -40 80 0 0 -1 1 0 0 0 -1 0 32054.dat
1 0 20 -40 80 0 0 -1 1 0 0 0 -1 0 32054.dat
1 0 35 -80 40 0 -1 0 0 0 1 -1 0 0 32056.dat
1 0 45 -80 40 0 -1 0 0 0 1 -1 0 0 32056.dat
1 0 50 -80 20 1 0 0 0 0 1 0 -1 0 2780.dat
1 72 0 -20 120 0 0 1 0 1 0 -1 0 0 32524.dat
1 71 -40 -30 120 0 -1 0 -1 0 0 0 0 -1 4274.dat
1 71 -20 -30 120 0 -1 0 -1 0 0 0 0 -1 4274.dat
1 71 20 -30 120 0 -1 0 -1 0 0 0 0 -1 4274.dat
1 71 40 -30 120 0 -1 0 -1 0 0 0 0 -1 4274.dat
1 0 -30 -38 120 -1 0 0 0 1 0 0 0 -1 3794.dat
1 0 30 -38 120 -1 0 0 0 1 0 0 0 -1 3794.dat
1 72 0 -20 80 0 0 1 0 1 0 -1 0 0 32524.dat
1 71 0 -46 120 -1 0 0 0 1 0 0 0 -1 3743.dat
1 71 -60 0 100 1 0 0 0 0 1 0 -1 0 48989.dat
1 72 -87 0 80 -1 0 0 0 0 1 0 1 0 32209.dat
1 71 -75 0 80 0 0 -1 -1 0 0 0 1 0 32123.dat
1 71 -85 0 80 0 0 -1 -1 0 0 0 1 0 32123.dat
1 71 60 0 100 -1 0 0 0 0 -1 0 -1 0 48989.dat
1 72 87 0 80 1 0 0 0 0 -1 0 1 0 32209.dat
1 71 75 0 80 0 0 1 1 0 0 0 1 0 32123.dat
1 71 85 0 80 0 0 1 1 0 0 0 1 0 32123.dat
1 0 0 0 80 0 -1 0 -1 0 0 0 0 -1 6558.dat
1 72 0 20 80 0 0 -1 0 1 0 1 0 0 32524.dat
1 0 -25 0 180 0 -1 0 0 0 -1 1 0 0 32056.dat
1 71 0 0 180 1 0 0 0 0 -1 0 1 0 4519.dat
1 71 0 0 220 1 0 0 0 0 -1 0 1 0 32073.dat
1 0 -15 0 180 0 -1 0 0 0 -1 1 0 0 32056.dat
1 0 0 -60 30 0 0 -1 0 1 0 1 0 0 3705.dat
1 72 0 -60 70 1 0 0 0 1 0 0 0 1 6538.dat
1 71 0 -60 140 0 0 1 0 1 0 -1 0 0 44294.dat
1 71 0 -60 100 -1 0 0 0 1 0 0 0 -1 3647.dat
1 71 0 -60 120 -1 0 0 0 1 0 0 0 -1 3647.dat
1 14 0 -60 140 -1 0 0 0 1 0 0 0 -1 32072.dat
1 71 0 -60 160 1 0 0 0 1 0 0 0 1 3713.dat
1 71 0 -60 200 -1 0 0 0 1 0 0 0 -1 3713.dat
1 72 0 -40 180 1 0 0 0 -1 0 0 0 -1 6536.dat
1 71 0 -40 180 1 0 0 0 1 0 0 0 1 44294.dat
1 0 15 0 180 0 1 0 -1 0 0 0 0 1 32056.dat
1 0 25 0 180 0 1 0 -1 0 0 0 0 1 32056.dat
1 71 40 -40 180 0 0 -1 0 1 0 1 0 0 3713.dat
1 71 -40 -40 180 0 0 1 0 1 0 -1 0 0 3713.dat
1 72 -40 -80 220 0 -1 0 1 0 0 0 0 1 32009.dat
1 1 -50 -80 60 1 0 0 0 0 1 0 -1 0 3749.dat
1 0 -30 -80 80 1 0 0 0 0 1 0 -1 0 2780.dat
1 0 -50 -80 100 1 0 0 0 0 1 0 -1 0 2780.dat
1 0 -50 -80 140 1 0 0 0 0 1 0 -1 0 2780.dat
1 0 -50 -80 180 1 0 0 0 0 1 0 -1 0 2780.dat
1 72 40 -80 220 0 -1 0 1 0 0 0 0 1 32009.dat
1 1 50 -80 60 -1 0 0 0 0 1 0 1 0 3749.dat
1 0 20 -80 80 -1 0 0 0 0 1 0 1 0 6558.dat
1 71 20 -88.229 98.229 0 1 0 0.911438 0 0.411438 0.411438 0 -0.911438 32523.dat
1 0 50 -80 100 1 0 0 0 0 1 0 -1 0 2780.dat
1 0 50 -80 140 1 0 0 0 0 1 0 -1 0 2780.dat
1 0 50 -80 180 1 0 0 0 0 1 0 -1 0 2780.dat
1 0 -10 -80 80 1 0 0 0 0 1 0 -1 0 75535.dat
1 72 60 -80 40 0 1 0 -1 0 0 0 0 1 32524.dat
1 72 -60 -80 40 0 1 0 -1 0 0 0 0 1 32524.dat
1 72 -60 -40 300 0 -1 0 1 0 0 0 0 1 41239.dat
1 0 -70 -40 200 1 0 0 0 0 1 0 -1 0 2780.dat
1 0 -70 -40 280 1 0 0 0 0 1 0 -1 0 2780.dat
1 0 -50 -40 220 1 0 0 0 0 1 0 -1 0 2780.dat
1 0 -50 -40 400 1 0 0 0 0 1 0 -1 0 2780.dat
1 0 -50 -40 420 1 0 0 0 0 1 0 -1 0 2780.dat
1 72 -40 -40 520 0 -1 0 1 0 0 0 0 1 41239.dat
1 0 -30 -40 620 1 0 0 0 0 1 0 -1 0 2780.dat
1 0 -40 -40 640 -1 0 0 0 1 0 0 0 -1 6558.dat
1 0 -20 -60 630 0 0 -1 0 1 0 1 0 0 32291.dat
1 0 -80 -80 180 1 0 0 0 0 -1 0 1 0 32184.dat
1 1 -70 -80 200 -1 0 0 0 0 1 0 1 0 43093.dat
1 1 -70 -80 160 -1 0 0 0 0 1 0 1 0 43093.dat
1 72 -60 -80 280 0 1 0 1 0 0 0 0 -1 32278.dat
1 0 -50 -80 420 1 0 0 0 0 -1 0 1 0 2780.dat
1 0 -50 -80 400 1 0 0 0 0 -1 0 1 0 2780.dat
1 0 -50 -80 380 1 0 0 0 0 -1 0 1 0 2780.dat
1 71 -40 -80 320 1 0 0 0 0.842164 0.539523 0 -0.539523 0.842164 44294.dat
1 71 -80 -80 320 0 0 -1 0.539523 0.842164 0 0.842164 -0.539523 0 3713.dat
1 71 -100 -80 320 0 0 -1 0.539523 0.842164 0 0.842164 -0.539523 0 32270.dat
1 71 -40 -80 320 0 0 1 -0.5394 0.84205 0 -0.84205 -0.5394 0 3713.dat
1 72 -40 -100 380 0 -1 0 0 0 -1 1 0 0 32523.dat
1 72 -40 -80 460 0 -1 0 1 0 0 0 0 1 32524.dat
1 0 -60 -80 220 1 0 0 0 0 1 0 -1 0 32054.dat
1 0 -50 -80 500 1 0 0 0 0 1 0 -1 0 2780.dat
1 71 -50 -80 460 -1 0 0 0 0 -1 0 -1 0 4274.dat
1 72 0 -58.424 413.682 0 -1 0 1 0 0 0 0 1 32524.dat
1 71 0 -58.424 473.682 1 0 0 0 0.5394 -0.84205 0 0.84205 0.5394 32556.dat
1 1 -10 -58.424 353.682 -1 0 0 0 -0.5394 -0.84205 0 -0.84205 0.5394 43093.dat
1 0 -20 -69.212 336.841 -1 0 0 0 -0.5394 -0.84205 0 -0.84205 0.5394 32184.dat
1 0 -20 -80 440 0 1 0 0.84205 0 -0.5394 -0.5394 0 -0.84205 32316.dat
1 71 0 -101.576 406.318 1 0 0 0 0.5394 -0.84205 0 0.84205 0.5394 32556.dat
1 72 0 -120.788 463.159 0 -1 0 -0.94735 0 0.3202 -0.3202 0 -0.94735 32524.dat
1 0 20 -80 440 0 1 0 0.84205 0 -0.5394 -0.5394 0 -0.84205 32316.dat
1 71 30 -80 440 -1 0 0 0 0 -1 0 -1 0 3673.dat
1 71 -30 -80 440 -1 0 0 0 0 -1 0 -1 0 3673.dat
1 71 0 -80 320 0 0 1 -0.5394 0.84205 0 -0.84205 -0.5394 0 3713.dat
1 72 30 -80 320 0 0 -1 -0.539 -0.842 0 -0.842 0.539 0 6538.dat
1 4 45 -80 320 1 0 0 0 -0.842 -0.539 0 0.539 -0.842 32062.dat
1 72 40 -40 520 0 -1 0 1 0 0 0 0 1 41239.dat
1 0 30 -40 620 1 0 0 0 0 1 0 -1 0 2780.dat
1 0 40 -40 640 1 0 0 0 1 0 0 0 1 6558.dat
1 0 50 -40 400 1 0 0 0 0 1 0 -1 0 2780.dat
1 0 50 -40 420 1 0 0 0 0 1 0 -1 0 2780.dat
1 72 60 -40 300 0 -1 0 1 0 0 0 0 1 41239.dat
1 0 70 -40 200 1 0 0 0 0 1 0 -1 0 2780.dat
1 0 70 -40 280 1 0 0 0 0 1 0 -1 0 2780.dat
1 0 50 -40 220 1 0 0 0 0 1 0 -1 0 2780.dat
1 0 20 -60 630 0 0 -1 0 1 0 1 0 0 32291.dat
1 0 30 -80 280 1 0 0 0 0.966 0.259 0 -0.259 0.966 3706.dat
1 72 -30 -80 280 0 0 1 -0.259 0.966 0 -0.966 -0.259 0 6538.dat
1 1 -50 -80 280 1 0 0 0 -0.259 0.966 0 -0.966 -0.259 43093.dat
1 71 0 -80 280 0 0 1 -0.966 -0.259 0 0.259 -0.966 0 3713.dat
1 71 20 -80 280 0 0 1 -0.966 -0.259 0 0.259 -0.966 0 32270.dat
1 71 40 -80 280 0 0 -1 -0.966 0.259 0 0.259 0.966 0 3713.dat
1 0 30 -80 360 1 0 0 0 1 0 0 0 1 3706.dat
1 72 -30 -80 360 0 0 1 0 1 0 -1 0 0 6538.dat
1 1 -50 -80 360 1 0 0 0 0 1 0 -1 0 43093.dat
1 71 0 -80 360 0 0 1 -1 0 0 0 -1 0 3713.dat
1 71 20 -80 360 0 0 1 -1 0 0 0 -1 0 32270.dat
1 71 40 -80 360 0 0 -1 -1 0 0 0 1 0 3713.dat
1 0 0 -60 520 1 0 0 0 1 0 0 0 1 32184.dat
1 71 0 -80 520 1 0 0 0 1 0 0 0 1 44294.dat
1 0 20 -80 500 1 0 0 0 0 -1 0 1 0 32184.dat
1 0 -20 -80 500 1 0 0 0 0 -1 0 1 0 32184.dat
1 0 50 -80 480 1 0 0 0 0 -1 0 1 0 3705.dat
1 0 -50 -80 480 1 0 0 0 0 -1 0 1 0 3705.dat
1 72 60 -80 280 0 1 0 1 0 0 0 0 -1 32278.dat
1 0 50 -80 380 1 0 0 0 0 -1 0 1 0 2780.dat
1 0 50 -80 400 1 0 0 0 0 -1 0 1 0 2780.dat
1 0 50 -80 420 1 0 0 0 0 -1 0 1 0 2780.dat
1 72 40 -100 380 0 -1 0 0 0 -1 1 0 0 32523.dat
1 72 40 -80 460 0 -1 0 1 0 0 0 0 1 32524.dat
1 0 50 -80 500 1 0 0 0 0 1 0 -1 0 2780.dat
1 71 50 -80 460 1 0 0 0 0 -1 0 1 0 4274.dat
1 0 60 -80 220 -1 0 0 0 0 -1 0 -1 0 32054.dat
1 0 80 -80 178 -1 0 0 0 0 -1 0 -1 0 32184.dat
1 1 70 -80 158 1 0 0 0 0 1 0 -1 0 43093.dat
1 1 70 -80 198 1 0 0 0 0 1 0 -1 0 43093.dat
1 72 -60 -80 640 0 -1 0 1 0 0 0 0 1 32009.dat
1 72 -20 -60 665 0 0 1 -1 0 0 0 -1 0 6632.dat
1 72 -20 -60 642 0 0 1 0 -1 0 1 0 0 6587.dat
1 72 20 -60 642 0 0 1 0 -1 0 1 0 0 6587.dat
1 0 -20 -100 655 -1 0 0 0 0 1 0 1 0 32056.dat
1 0 -20 -100 645 -1 0 0 0 0 1 0 1 0 32056.dat
1 0 20 -100 645 0 0 1 1 0 0 0 1 0 32056.dat
1 0 20 -100 655 0 0 1 1 0 0 0 1 0 32056.dat
1 0 -40 -100 660 0 1 0 0 0 1 1 0 0 2780.dat
1 0 40 -100 660 0 1 0 0 0 1 1 0 0 2780.dat
1 71 0 -80 600 0 0 1 0 1 0 -1 0 0 32034.dat
1 71 40 -80 600 -1 0 0 0 1 0 0 0 -1 4519.dat
1 71 -40 -80 600 -1 0 0 0 1 0 0 0 -1 4519.dat
1 72 -40 -80 600 0 -1 0 0 0 -1 1 0 0 32140.dat
1 0 -50 -140 620 1 0 0 0 0 -1 0 1 0 2780.dat
1 0 -30 -120 600 1 0 0 0 0 -1 0 1 0 2780.dat
1 0 -40 -140 600 1 0 0 0 0 -1 0 1 0 6558.dat
1 71 -20 -140 600 0 0 1 0 1 0 -1 0 0 42003.dat
1 72 40 -80 600 0 -1 0 0 0 -1 1 0 0 32140.dat
1 0 30 -120 600 1 0 0 0 0 -1 0 1 0 2780.dat
1 0 50 -140 620 1 0 0 0 0 -1 0 1 0 2780.dat
1 0 40 -140 600 -1 0 0 0 0 -1 0 -1 0 6558.dat
1 71 20 -140 600 0 0 1 0 1 0 -1 0 0 42003.dat
1 1 -20 -160 610 0 0 1 0 1 0 -1 0 0 43093.dat
1 1 20 -160 610 0 0 1 0 1 0 -1 0 0 43093.dat
1 72 60 -80 640 0 -1 0 1 0 0 0 0 1 32009.dat
1 72 94 -80 280 0 0 1 -0.259 0.966 0 -0.966 -0.259 0 6538.dat
1 4 114 -80 280 -1 0 0 0 0.966 -0.259 0 -0.259 -0.966 32062.dat
1 71 124 -80 280 0 0 -1 0.259 0.966 0 0.966 -0.259 0 32270.dat
1 72 94 -80 360 0 0 1 0 1 0 -1 0 0 6538.dat
1 4 114 -80 360 -1 0 0 0 1 0 0 0 -1 32062.dat
1 71 124 -80 360 0 0 -1 0 1 0 1 0 0 32270.dat
1 72 0 -60 220 0 -1 0 0 0 -1 1 0 0 32140.dat
1 0 0 -120 240 1 0 0 0 1 0 0 0 1 6558.dat
1 0 0 -120 220 1 0 0 0 1 0 0 0 1 6558.dat
1 0 0 -80 220 1 0 0 0 1 0 0 0 1 6558.dat
1 0 30 -80 220 1 0 0 0 1 0 0 0 1 75535.dat
1 0 -30 -80 220 -1 0 0 0 1 0 0 0 -1 75535.dat
1 72 -20 -120 300 0 -1 0 -1 0 0 0 0 -1 40490.dat
1 0 0 -120 280 1 0 0 0 0 1 0 -1 0 32184.dat
1 71 0 -120 260 1 0 0 0 0 1 0 -1 0 4519.dat
1 71 0 -120 300 1 0 0 0 0 1 0 -1 0 4519.dat
1 71 0 -140 280 0 0 1 -1 0 0 0 -1 0 32073.dat
1 71 0 -100 280 -1 0 0 0 0 -1 0 -1 0 32270.dat
1 71 0 -140 280 -1 0 0 0 0 -1 0 -1 0 3713.dat
1 72 20 -120 300 0 -1 0 -1 0 0 0 0 -1 40490.dat
1 0 80 -100 480 -1 0 0 0 1 0 0 0 -1 32184.dat
1 1 90 -120 480 -1 0 0 0 0 1 0 1 0 43093.dat
1 0 -80 -100 480 1 0 0 0 1 0 0 0 1 32184.dat
1 1 -90 -120 480 1 0 0 0 0 1 0 -1 0 43093.dat
1 71 0 -120 380 1 0 0 0 1 0 0 0 1 44294.dat
1 0 80 -120 380 1 0 0 0 0 1 0 -1 0 32054.dat
1 0 -80 -120 380 -1 0 0 0 0 -1 0 -1 0 32054.dat
1 0 60 -80 -20 -1 0 0 0 0 -1 0 -1 0 32054.dat
1 0 -60 -80 -20 1 0 0 0 0 1 0 -1 0 32054.dat
1 72 0 -120 280 1 0 0 0 1 0 0 0 1 48452.dat
1 0 0 -120 280 1 0 0 0 1 0 0 0 1 48168.dat
1 4 -40 -120 280 1 0 0 0 0 1 0 -1 0 32054.dat
1 1 -70 -120 280 1 0 0 0 0 1 0 -1 0 43093.dat
1 4 40 -120 280 -1 0 0 0 0 1 0 1 0 32054.dat
1 1 70 -120 280 -1 0 0 0 0 1 0 1 0 43093.dat
1 1 -80 -120 300 0 -1 0 1 0 0 0 0 1 40490.dat
1 1 80 -120 300 0 -1 0 1 0 0 0 0 1 40490.dat
1 72 -25 0 520 0 -1 0 0 0 -1 1 0 0 2905.dat
1 72 -15 0 520 0 -1 0 0 0 -1 1 0 0 2905.dat
1 0 -30 0 500 1 0 0 0 1 0 0 0 1 2780.dat
1 0 -30 0 540 1 0 0 0 1 0 0 0 1 2780.dat
1 71 0 0 480 1 0 0 0 1 0 0 0 1 32073.dat
1 71 0 0 560 1 0 0 0 1 0 0 0 1 32073.dat
1 71 0 0 480 0 0 -1 -1 0 0 0 1 0 3713.dat
1 71 0 0 560 0 0 -1 -1 0 0 0 1 0 3713.dat
1 72 15 0 520 0 -1 0 0 0 -1 1 0 0 2905.dat
1 72 25 0 520 0 -1 0 0 0 -1 1 0 0 2905.dat
1 0 30 0 500 1 0 0 0 1 0 0 0 1 2780.dat
1 0 30 0 540 1 0 0 0 1 0 0 0 1 2780.dat
1 72 40 0 520 0 1 0 -1 0 0 0 0 1 32525.dat
1 72 -40 0 520 0 1 0 -1 0 0 0 0 1 32525.dat
1 0 -60 0 420 -1 0 0 0 -1 0 0 0 1 6558.dat
1 0 -60 0 460 -1 0 0 0 -1 0 0 0 1 6558.dat
1 0 60 0 420 1 0 0 0 -1 0 0 0 -1 6558.dat
1 0 60 0 460 1 0 0 0 -1 0 0 0 -1 6558.dat
1 0 60 0 580 1 0 0 0 -1 0 0 0 -1 6558.dat
1 0 60 0 620 1 0 0 0 -1 0 0 0 -1 6558.dat
1 0 -60 0 620 -1 0 0 0 -1 0 0 0 1 6558.dat
1 0 -60 0 580 -1 0 0 0 -1 0 0 0 1 6558.dat
1 72 87 0 440 1 0 0 0 -1 0 0 0 -1 32209.dat
1 71 60 0 460 0 0 1 -1 0 0 0 -1 0 42003.dat
1 72 87 0 600 1 0 0 0 1 0 0 0 1 32209.dat
1 71 60 0 580 0 0 1 1 0 0 0 1 0 42003.dat
1 72 -87 0 440 -1 0 0 0 1 0 0 0 -1 32209.dat
1 71 -60 0 460 0 0 -1 1 0 0 0 -1 0 42003.dat
1 72 -87 0 600 -1 0 0 0 -1 0 0 0 1 32209.dat
1 71 -60 0 580 0 0 -1 -1 0 0 0 1 0 42003.dat
1 72 -80 0 600 0 -1 0 1 0 0 0 0 1 32523.dat
1 72 -80 0 440 0 -1 0 1 0 0 0 0 1 32523.dat
1 72 80 0 440 0 -1 0 1 0 0 0 0 1 32523.dat
1 72 80 0 600 0 -1 0 1 0 0 0 0 1 32523.dat
1 1 -60 10 560 0 0 1 -1 0 0 0 -1 0 43093.dat
1 1 60 10 560 0 0 1 -1 0 0 0 -1 0 43093.dat
1 1 -60 10 480 0 0 1 -1 0 0 0 -1 0 43093.dat
1 1 60 10 480 0 0 1 -1 0 0 0 -1 0 43093.dat
1 72 0 20 480 0 0 1 0 -1 0 1 0 0 32524.dat
1 72 0 20 560 0 0 1 0 -1 0 1 0 0 32524.dat
1 71 0 -40 520 1 0 0 0 1 0 0 0 1 32073.dat
1 0 75 -120 540 0 -1 0 0 0 1 -1 0 0 32056.dat
1 1 70 -80 540 1 0 0 0 0 1 0 -1 0 43093.dat
1 0 85 -120 540 0 -1 0 0 0 1 -1 0 0 32056.dat
1 1 90 -120 500 -1 0 0 0 0 1 0 1 0 43093.dat
1 4 90 -120 540 -1 0 0 0 0 1 0 1 0 32062.dat
1 0 100 -120 440 0 1 0 1 0 0 0 0 -1 32524.dat
1 0 -75 -120 540 0 -1 0 0 0 1 -1 0 0 32056.dat
1 1 -70 -80 540 -1 0 0 0 0 1 0 1 0 43093.dat
1 0 -85 -120 540 0 -1 0 0 0 1 -1 0 0 32056.dat
1 1 -90 -120 500 1 0 0 0 0 1 0 -1 0 43093.dat
1 4 -90 -120 540 -1 0 0 0 0 1 0 1 0 32062.dat
1 0 -100 -120 440 0 1 0 1 0 0 0 0 -1 32524.dat
1 72 0 -100 670 0 0 -1 1 0 0 0 -1 0 40490.dat
1 71 20 -100 680 0 1 0 0 0 1 1 0 0 4274.dat
1 71 -20 -100 680 0 1 0 0 0 1 1 0 0 4274.dat
1 15 0 -100 688 1 0 0 0 0 1 0 -1 0 2431.dat
1 57 -80 -100 680 1 0 0 0 0 -1 0 1 0 6141.dat
1 57 80 -100 680 1 0 0 0 0 -1 0 1 0 6141.dat
1 36 60 -100 680 1 0 0 0 0 -1 0 1 0 6141.dat
1 36 -60 -100 680 1 0 0 0 0 -1 0 1 0 6141.dat
1 0 100 -120 540 0 -1 0 1 0 0 0 0 1 6629.dat
1 0 -100 -120 540 0 -1 0 1 0 0 0 0 1 6629.dat
1 72 -30 -140 520 0 0 -1 0 1 0 1 0 0 6538.dat
1 19 -50 -140 520 1 0 0 0 1 0 0 0 1 3749.dat
1 71 0 -140 520 1 0 0 0 1 0 0 0 1 4519.dat
1 72 30 -140 520 0 0 -1 -1 0 0 0 1 0 6538.dat
1 19 50 -140 520 -1 0 0 0 1 0 0 0 -1 3749.dat
1 72 60 -140 500 0 1 0 1 0 0 0 0 -1 41239.dat
1 0 60 -140 380 1 0 0 0 0 -1 0 1 0 32054.dat
1 0 50 -140 500 1 0 0 0 0 -1 0 1 0 2780.dat
1 72 40 -160 500 0 0 -1 0 1 0 1 0 0 6536.dat
1 71 0 -140 380 1 0 0 0 1 0 0 0 1 32073.dat
1 0 -60 -140 380 -1 0 0 0 0 -1 0 -1 0 32054.dat
1 72 -60 -140 500 0 -1 0 1 0 0 0 0 1 41239.dat
1 0 -50 -140 500 1 0 0 0 0 1 0 -1 0 2780.dat
1 72 -40 -160 500 0 0 1 0 1 0 -1 0 0 6536.dat
1 72 0 -160 480 0 0 -1 1 0 0 0 -1 0 40490.dat
1 0 80 -160 500 0 0 -1 0 1 0 1 0 0 6558.dat
1 0 60 -160 500 0 0 -1 0 1 0 1 0 0 6558.dat
1 0 -60 -160 500 0 0 -1 0 1 0 1 0 0 6558.dat
1 0 -80 -160 500 0 0 -1 0 1 0 1 0 0 6558.dat
1 71 100 -240 500 -1 0 0 0 0 1 0 1 0 32526.dat
1 71 -100 -240 500 1 0 0 0 0 1 0 -1 0 32526.dat
1 72 0 -160 520 0 0 -1 1 0 0 0 -1 0 40490.dat
1 0 -100 -220 500 0 0 -1 0 1 0 1 0 0 6558.dat
1 0 100 -220 500 0 0 -1 0 1 0 1 0 0 6558.dat
1 71 -40 -160 500 0 0 1 0 1 0 -1 0 0 4519.dat
1 71 40 -160 500 0 0 1 0 1 0 -1 0 0 4519.dat
1 72 0 -160 430 0 0 1 1 0 0 0 1 0 32525.dat
1 0 -100 -160 430 0 1 0 0 0 1 1 0 0 3705.dat
1 0 100 -160 430 0 1 0 0 0 1 1 0 0 3705.dat
1 71 -100 -160 415 0 1 0 1 0 0 0 0 -1 32123.dat
1 71 -100 -160 445 0 1 0 1 0 0 0 0 -1 32123.dat
1 71 100 -160 415 0 1 0 1 0 0 0 0 -1 32123.dat
1 71 100 -160 445 0 1 0 1 0 0 0 0 -1 32123.dat
1 72 -100 -160 470 0 1 0 1 0 0 0 0 -1 6538.dat
1 72 100 -160 470 0 1 0 1 0 0 0 0 -1 6538.dat
1 71 -100 -160 500 0 1 0 0 0 -1 -1 0 0 4519.dat
1 71 100 -160 500 0 1 0 0 0 -1 -1 0 0 4519.dat
1 72 0 -160 570 0 0 1 1 0 0 0 1 0 32525.dat
1 0 -100 -160 570 0 1 0 0 0 1 1 0 0 3705.dat
1 0 100 -160 570 0 1 0 0 0 1 1 0 0 3705.dat
1 71 -100 -160 555 0 1 0 1 0 0 0 0 -1 32123.dat
1 71 -100 -160 585 0 1 0 1 0 0 0 0 -1 32123.dat
1 71 100 -160 555 0 1 0 1 0 0 0 0 -1 32123.dat
1 71 100 -160 585 0 1 0 1 0 0 0 0 -1 32123.dat
1 72 -100 -160 610 0 1 0 1 0 0 0 0 -1 6538.dat
1 72 100 -160 610 0 1 0 1 0 0 0 0 -1 6538.dat
1 72 -100 -160 530 0 1 0 1 0 0 0 0 -1 6538.dat
1 72 100 -160 530 0 1 0 1 0 0 0 0 -1 6538.dat
1 1 100 -160 630 0 0 -1 0 -1 0 -1 0 0 43093.dat
1 1 -100 -160 630 0 0 -1 0 -1 0 -1 0 0 43093.dat
1 72 0 -160 380 0 0 1 1 0 0 0 1 0 40490.dat
1 0 -80 -160 370 0 0 1 0 1 0 -1 0 0 2780.dat
1 0 -60 -160 370 0 0 1 0 1 0 -1 0 0 2780.dat
1 0 60 -160 370 0 0 1 0 1 0 -1 0 0 2780.dat
1 0 80 -160 370 0 0 1 0 1 0 -1 0 0 2780.dat
1 71 -100 -240 360 1 0 0 0 0 1 0 -1 0 32526.dat
1 71 100 -240 360 -1 0 0 0 0 1 0 1 0 32526.dat
1 0 100 -220 370 0 0 1 0 1 0 -1 0 0 2780.dat
1 0 -100 -220 370 0 0 1 0 1 0 -1 0 0 2780.dat
1 1 100 -160 370 0 0 -1 0 1 0 1 0 0 43093.dat
1 1 -100 -160 370 0 0 -1 0 1 0 1 0 0 43093.dat
1 72 -100 -160 390 1 0 0 0 1 0 0 0 1 6538.dat
1 72 100 -160 390 1 0 0 0 1 0 0 0 1 6538.dat
1 71 -80 -200 660 0 -1 0 0 0 -1 1 0 0 32316.dat
1 0 -90 -180 660 -1 0 0 0 0 -1 0 -1 0 2780.dat
1 0 -80 -160 660 -1 0 0 0 0 -1 0 -1 0 32054.dat
1 71 -100 -170 660 0 -1 0 0 0 -1 1 0 0 43857.dat
1 71 -100 -220 660 -1 0 0 0 1 0 0 0 -1 42003.dat
1 71 -80 -240 660 -1 0 0 0 1 0 0 0 -1 4519.dat
1 72 -50 -240 660 0 0 1 0 1 0 -1 0 0 6538.dat
1 71 0 -240 660 1 0 0 0 1 0 0 0 1 32073.dat
1 71 0 -160 660 1 0 0 0 1 0 0 0 1 44294.dat
1 0 80 -160 660 1 0 0 0 0 -1 0 1 0 32054.dat
1 72 50 -240 660 0 0 -1 0 1 0 1 0 0 6538.dat
1 71 80 -240 660 -1 0 0 0 1 0 0 0 -1 4519.dat
1 71 80 -200 660 0 -1 0 0 0 -1 1 0 0 32316.dat
1 71 100 -170 660 0 -1 0 0 0 -1 1 0 0 43857.dat
1 71 100 -220 660 -1 0 0 0 1 0 0 0 -1 42003.dat
1 0 -100 -200 650 0 0 1 0 1 0 -1 0 0 2780.dat
1 0 -100 -220 640 0 0 1 0 1 0 -1 0 0 6558.dat
1 0 100 -200 650 0 0 1 0 1 0 -1 0 0 2780.dat
1 0 100 -220 640 0 0 1 0 1 0 -1 0 0 6558.dat
1 71 -100 -240 640 1 0 0 0 0 1 0 -1 0 32526.dat
1 71 100 -240 640 -1 0 0 0 0 1 0 1 0 32526.dat
1 0 -80 -160 630 0 0 -1 0 -1 0 -1 0 0 2780.dat
1 0 -60 -160 630 0 0 -1 0 -1 0 -1 0 0 2780.dat
1 0 60 -160 630 0 0 -1 0 -1 0 -1 0 0 2780.dat
1 0 80 -160 630 0 0 -1 0 -1 0 -1 0 0 2780.dat
1 72 0 -160 620 0 0 -1 -1 0 0 0 1 0 40490.dat
1 71 110 -220 610 0 -1 0 0 0 -1 1 0 0 2444.dat
1 71 110 -220 530 0 -1 0 0 0 1 -1 0 0 2444.dat
1 71 110 -220 470 0 -1 0 0 0 -1 1 0 0 2444.dat
1 71 110 -220 390 0 -1 0 0 0 1 -1 0 0 2444.dat
1 71 -110 -220 470 0 1 0 0 0 1 1 0 0 2444.dat
1 71 -110 -220 390 0 1 0 0 0 -1 -1 0 0 2444.dat
1 71 -110 -220 610 0 1 0 0 0 1 1 0 0 2444.dat
1 71 -110 -220 530 0 1 0 0 0 -1 -1 0 0 2444.dat
1 71 118 -200 430 0 -1 0 0 0 1 -1 0 0 6180.dat
1 71 118 -200 570 0 -1 0 0 0 1 -1 0 0 6180.dat
1 71 -118 -200 570 0 1 0 0 0 1 1 0 0 6180.dat
1 71 -118 -200 430 0 1 0 0 0 1 1 0 0 6180.dat
1 71 80 -40 240 0 0 -1 0 1 0 1 0 0 4519.dat
1 0 80 -40 200 -1 0 0 0 1 0 0 0 -1 32013.dat
1 71 120 -40 235 -1 0 0 0 0 1 0 1 0 32056.dat
1 71 80 0 245 1 0 0 0 0 -1 0 1 0 32056.dat
1 0 80 0 290 0 1 0 0 0 -1 -1 0 0 3706.dat
1 71 100 0 235 0 0 -1 -1 0 0 0 1 0 41677.dat
1 71 120 -40 260 0 0 -1 0 1 0 1 0 0 4519.dat
1 4 120 0 290 0 0 -1 0 1 0 1 0 0 32062.dat
1 71 120 0 310 1 0 0 0 1 0 0 0 1 6538.dat
1 71 120 0 270 1 0 0 0 1 0 0 0 1 6538.dat
1 4 120 0 330 0 0 1 0 1 0 -1 0 0 32062.dat
1 4 120 0 250 0 0 1 0 1 0 -1 0 0 32062.dat
1 71 120 -40 245 -1 0 0 0 0 1 0 1 0 41677.dat
1 71 80 -40 280 -1 0 0 0 1 0 0 0 -1 32034.dat
1 71 120 -40 260 0 -1 0 0 0 -1 1 0 0 6536.dat
1 71 120 -40 290 0 -1 0 1 0 0 0 0 1 6538.dat
1 71 100 -50 260 0 0 -1 -1 0 0 0 1 0 4274.dat
1 71 80 -40 320 0 -1 0 0 0 -1 1 0 0 4519.dat
1 71 120 -40 320 0 -1 0 0 0 -1 1 0 0 4519.dat
1 0 100 -58 260 0 0 -1 0 1 0 1 0 0 6141.dat
1 71 100 -40 320 0 -1 0 0 0 1 -1 0 0 32184.dat
1 71 80 0 335 1 0 0 0 0 -1 0 1 0 32056.dat
1 71 120 -40 335 -1 0 0 0 0 1 0 1 0 41677.dat
1 71 120 -40 345 -1 0 0 0 0 1 0 1 0 32056.dat
1 71 100 0 345 0 0 -1 -1 0 0 0 1 0 41677.dat
1 71 -80 -40 240 0 0 -1 0 1 0 1 0 0 4519.dat
1 0 -80 -40 200 -1 0 0 0 1 0 0 0 -1 32013.dat
1 71 -120 -40 235 1 0 0 0 0 1 0 -1 0 32056.dat
1 71 -80 0 245 -1 0 0 0 0 -1 0 -1 0 32056.dat
1 0 -80 0 290 0 1 0 0 0 -1 -1 0 0 3706.dat
1 71 -80 0 235 0 0 -1 -1 0 0 0 1 0 41677.dat
1 71 -120 -40 260 0 0 -1 0 1 0 1 0 0 4519.dat
1 71 -120 -40 245 -1 0 0 0 0 1 0 1 0 41677.dat
1 4 -120 0 290 0 0 -1 0 1 0 1 0 0 32062.dat
1 71 -120 0 310 1 0 0 0 1 0 0 0 1 6538.dat
1 71 -120 0 270 1 0 0 0 1 0 0 0 1 6538.dat
1 4 -120 0 330 0 0 1 0 1 0 -1 0 0 32062.dat
1 4 -120 0 250 0 0 1 0 1 0 -1 0 0 32062.dat
1 71 -80 -40 280 -1 0 0 0 1 0 0 0 -1 32034.dat
1 71 -120 -40 260 0 1 0 0 0 1 1 0 0 6536.dat
1 71 -120 -40 290 0 -1 0 1 0 0 0 0 1 6538.dat
1 71 -100 -50 260 0 0 -1 -1 0 0 0 1 0 4274.dat
1 71 -120 -40 320 0 -1 0 0 0 -1 1 0 0 4519.dat
1 71 -80 -40 320 0 -1 0 0 0 -1 1 0 0 4519.dat
1 0 -100 -58 260 0 0 -1 0 1 0 1 0 0 6141.dat
1 71 -100 -40 320 0 -1 0 0 0 1 -1 0 0 32184.dat
1 71 -80 0 335 -1 0 0 0 0 -1 0 -1 0 32056.dat
1 71 -120 -40 335 -1 0 0 0 0 1 0 1 0 41677.dat
1 71 -120 -40 345 1 0 0 0 0 1 0 -1 0 32056.dat
1 71 -80 0 345 0 0 -1 -1 0 0 0 1 0 41677.dat
1 71 0 -160 320 1 0 0 0 1 0 0 0 1 32073.dat
1 71 0 -160 300 1 0 0 0 0 1 0 -1 0 42003.dat
1 72 20 -160 260 0 1 0 -1 0 0 0 0 1 32140.dat
1 72 -20 -160 260 0 1 0 -1 0 0 0 0 1 32140.dat
1 0 30 -180 320 1 0 0 0 1 0 0 0 1 2780.dat
1 0 -30 -180 320 1 0 0 0 1 0 0 0 1 2780.dat
1 4 40 -160 280 -1 0 0 0 0 -1 0 -1 0 32054.dat
1 4 -40 -160 280 1 0 0 0 0 -1 0 1 0 32054.dat
1 1 -25 -260 320 0 -1 0 0 0 1 -1 0 0 41677.dat
1 1 -30 -240 320 1 0 0 0 1 0 0 0 1 43093.dat
1 1 -15 -260 320 0 -1 0 0 0 1 -1 0 0 41677.dat
1 4 -40 -160 320 0 1 0 0 0 -1 -1 0 0 6629.dat
1 71 0 -220 320 1 0 0 0 0.539 -0.842 0 0.842 0.539 32073.dat
1 71 -2 -220 320 0 0 1 0.842 0.539 0 -0.539 0.842 0 3650.dat
1 0 -20 -220 320 0 -1 0 -0.539 0 0.842 -0.842 0 -0.539 33299.dat
1 0 20 -220 320 0 1 0 0.539 0 0.842 0.842 0 -0.539 33299.dat
1 71 0 -240 280 0 -1 0 1 0 0 0 0 1 32073.dat
1 72 0 -190 280 0 -1 0 0 0 1 -1 0 0 6538.dat
1 0 0 -230 280 0 1 0 0 0 1 1 0 0 4716.dat
1 71 0 -260 300 1 0 0 0 0 1 0 -1 0 42003.dat
1 71 0 -280 280 -1 0 0 0 0 -1 0 -1 0 3713.dat
1 71 0 -260 320 -1 0 0 0 0 -1 0 -1 0 32073.dat
1 4 -20 -353.956 287.529 0 -1 0 0.259 0 -0.966 0.966 0 0.259 32525.dat
1 71 0 -450.556 313.429 1 0 0 0 0.259 -0.966 0 0.966 0.259 32556.dat
1 0 0 -324.976 279.759 1 0 0 0 0.966 0.259 0 -0.259 0.966 32138.dat
1 0 0 -450.5464 373.4365 0 -1 0 1.000119 0 0.000156 -0.000156 0 1.000119 32524.dat
1 0 0 -388.116 275.979 0 0 1 0.966 0.259 0 -0.259 0.966 0 3706.dat
1 72 0 -446.076 291.519 -1 0 0 0 0.259 0.966 0 0.966 -0.259 6538.dat
1 4 0 -465.396 296.699 0 0 -1 -0.966 0.259 0 0.259 0.966 0 32062.dat
1 72 0 -411.916 303.069 1 0 0 0 -0.259 0.966 0 -0.966 -0.259 6536.dat
1 0 0 -388.116 275.979 -0.258819 -0.965926 0 -0.250175 0.067034 0.966 -0.933085 0.250019 -0.259 4716.dat
1 72 0 -353.956 287.529 1 0 0 0 -0.259 0.966 0 -0.966 -0.259 6536.dat
1 71 0 -475.056 299.289 1 0 0 0 -0.259 0.966 0 -0.966 -0.259 32270.dat
1 71 0 -411.916 303.069 1 0 0 0 -0.259 0.966 0 -0.966 -0.259 4519.dat
1 71 0 -353.956 287.529 1 0 0 0 -0.259 0.966 0 -0.966 -0.259 4519.dat
1 71 0 -339.816 263.029 1 0 0 0 -0.259 0.966 0 -0.966 -0.259 3713.dat
1 0 0 -373.276 292.709 1 0 0 0 0 -1.000237 0 1.000237 0 3705.dat
1 71 0 -373.276 292.709 0 0 1 1.000237 0 0 0 1.000237 0 3647.dat
1 4 20 -353.956 287.529 0 -1 0 0.259 0 -0.966 0.966 0 0.259 32525.dat
1 19 -30 -295.996 271.989 -1 0 0 0 -0.600197 -0.8 0 -0.8 0.600197 3749.dat
1 0 -30 -257.356 261.629 -1 0 0 0 0.966 -0.259 0 -0.259 -0.966 2780.dat
1 0 30 -257.356 261.629 -1 0 0 0 0.966 -0.259 0 -0.259 -0.966 2780.dat
1 4 40 -160 320 0 1 0 0 0 -1 -1 0 0 6629.dat
1 1 30 -240 320 -1 0 0 0 -1 0 0 0 1 43093.dat
1 19 30 -296 272 1 0 0 0 0.799999 0.600001 0 -0.600001 0.799999 3749.dat
1 1 15 -240 320 0 1 0 0 0 -1 -1 0 0 41677.dat
1 1 25 -240 320 0 1 0 0 0 -1 -1 0 0 41677.dat
1 4 40 -221.841 280.036 0 1 0 0.459716 0 -0.888066 -0.888066 0 -0.459716 32316.dat
1 4 -40 -221.841 280.036 0 1 0 0.459716 0 -0.888066 -0.888066 0 -0.459716 32316.dat
1 4 30 -373.274 352.706 0 1 0 1 0 0 0 0 -1 2825.dat
1 0 0 -373.274 352.706 -1 0 0 0 0 -1 0 -1 0 3705.dat
1 0 15 -411.911 363.059 0 -1 0 0.258819 0 -0.965926 0.965926 0 0.258819 32017.dat
1 71 0 -373.274 352.706 0 0 -1 0 -1 0 -1 0 0 3713.dat
1 71 0 -450.548 373.411 1 0 0 0 1 0 0 0 1 4519.dat
1 71 25 -450.548 373.411 0 0 1 0 1 0 -1 0 0 32123.dat
1 71 -25 -450.548 373.411 0 0 1 0 1 0 -1 0 0 32123.dat
1 0 -20 -450.548 473.411 0 -1 0 1 0 0 0 0 1 32524.dat
1 0 0 -450.548 413.411 1 0 0 0 1 0 0 0 1 6558.dat
1 0 0 -450.548 433.411 1 0 0 0 1 0 0 0 1 6558.dat
1 72 0 -308.236 509.795 0 -1 0 -0.174 0 -0.985 0.985 0 -0.174 6629.dat
1 0 0 -308.236 509.795 1 0 0 0 -0.174 -0.985 0 0.985 -0.174 3705.dat
1 71 15 -308.236 509.795 0 0 1 0.174 0.985 0 -0.985 0.174 0 32123.dat
1 71 -15 -308.236 509.795 0 0 1 0.174 0.985 0 -0.985 0.174 0 32123.dat
1 0 -30 -308.236 509.795 -1 0 0 0 -0.174 0.985 0 0.985 0.174 6553.dat
1 0 30 -308.236 509.795 -1 0 0 0 -0.174 0.985 0 0.985 0.174 6553.dat
1 72 30 -316.936 559.045 -1 0 0 0 0.985 0.174 0 0.174 -0.985 6538.dat
1 72 -30 -316.936 559.045 -1 0 0 0 0.985 0.174 0 0.174 -0.985 6538.dat
1 71 0 -450.548 533.411 1 0 0 0 0.683599 -0.730201 0 0.730201 0.683599 4519.dat
1 19 -50 -325.651 556.449 0 0 1 0.174 0.985 0 -0.985 0.174 0 3701.dat
1 19 50 -325.651 556.449 0 0 1 0.174 0.985 0 -0.985 0.174 0 3701.dat
1 19 0 -337.011 574.757 1 0 0 0 0.985 -0.174 0 0.174 0.985 3795.dat
1 19 0 -330.051 535.357 1 0 0 0 0.985 -0.174 0 0.174 0.985 3795.dat
1 4 -30 -373.274 352.706 0 -1 0 -1 0 0 0 0 -1 2825.dat
1 0 -15 -411.911 363.059 0 1 0 -0.258819 0 -0.965926 -0.965926 0 0.258819 32017.dat
1 0 20 -450.548 473.411 0 1 0 1 0 0 0 0 -1 32524.dat
1 0 0 -110 160 0 -0.707107 0.707107 1 0 0 0 0.707107 0.707107 3705.dat
1 72 0 -150 160 -0.707107 -0.707107 0 0 0 1 -0.707107 0.707107 0 6538.dat
1 72 0 -120 160 1 0 0 0 -1 0 0 0 -1 32523.dat
1 71 0 -100 160 -0.707107 0.707107 0 0 0 1 0.707107 0.707107 0 3713.dat
1 0 0 -110 180 0 0 -1 -1 0 0 0 1 0 2780.dat
1 0 0 -110 140 0 0 -1 -1 0 0 0 1 0 2780.dat
1 1 0 -100 140 0 0 -1 0 1 0 1 0 0 32525.dat
1 1 0 -100 180 0 0 -1 0 1 0 1 0 0 32525.dat
1 19 -80 -90 180 0 1 0 1 0 0 0 0 -1 3749.dat
1 19 80 -90 180 0 1 0 1 0 0 0 0 -1 3749.dat
1 14 0 -80 160 0.707107 -0.707107 0 0 0 1 -0.707107 -0.707107 0 32072.dat
1 71 -100 -120 180 -1 0 0 0 1 0 0 0 -1 55615.dat
1 0 -100 -140 170 0 0 -1 0 1 0 1 0 0 2780.dat
1 0 -90 -120 140 -1 0 0 0 1 0 0 0 -1 2780.dat
1 0 -90 -120 180 -1 0 0 0 1 0 0 0 -1 2780.dat
1 0 -100 -140 150 0 0 -1 0 1 0 1 0 0 75535.dat
1 72 -80 -120 80 0 -1 0 1 0 0 0 0 1 32525.dat
1 71 -40 -120 -20 -1 0 0 0 -1 0 0 0 1 55615.dat
1 71 40 -120 -20 -1 0 0 0 -1 0 0 0 1 55615.dat
1 71 60 -120 0 0 0 1 -1 0 0 0 -1 0 48989.dat
1 71 -60 -120 0 0 0 1 -1 0 0 0 -1 0 48989.dat
1 0 -60 -130 -20 0 -1 0 -1 0 0 0 0 -1 2780.dat
1 0 -60 -130 20 0 -1 0 -1 0 0 0 0 -1 2780.dat
1 0 60 -130 20 0 -1 0 -1 0 0 0 0 -1 2780.dat
1 0 60 -130 -20 0 -1 0 -1 0 0 0 0 -1 2780.dat
1 72 0 -140 20 0 0 -1 0 1 0 1 0 0 40490.dat
1 72 0 -140 -20 0 0 -1 0 1 0 1 0 0 40490.dat
1 0 -80 -150 -20 0 -1 0 1 0 0 0 0 1 2780.dat
1 0 80 -150 -20 0 -1 0 1 0 0 0 0 1 2780.dat
1 72 80 -120 80 0 -1 0 1 0 0 0 0 1 32525.dat
1 0 90 -120 180 -1 0 0 0 -1 0 0 0 1 2780.dat
1 0 90 -120 140 -1 0 0 0 -1 0 0 0 1 2780.dat
1 71 100 -120 180 -1 0 0 0 1 0 0 0 -1 55615.dat
1 0 100 -140 170 0 0 -1 0 -1 0 -1 0 0 2780.dat
1 71 40 -108.229 78.229 0 -1 0 0.956 0 0.294 -0.294 0 0.956 32316.dat
1 0 40 -119.989 39.989 -1 0 0 0 0.294 0.956 0 0.956 -0.294 32054.dat
1 1 70 -119.989 39.989 -1 0 0 0 0.294 0.956 0 0.956 -0.294 43093.dat
1 4 40 -96.469 116.469 -1 0 0 0 0.294 0.956 0 0.956 -0.294 32054.dat
1 0 100 -140 150 0 0 -1 0 1 0 1 0 0 75535.dat
1 72 0 -120 -40 0 0 1 1 0 0 0 1 0 32525.dat
1 71 -100 -120 -50 0 -1 0 0 0 1 -1 0 0 4274.dat
1 71 -80 -120 -50 0 -1 0 0 0 1 -1 0 0 4274.dat
1 71 80 -120 -50 0 -1 0 0 0 1 -1 0 0 4274.dat
1 71 100 -120 -50 0 -1 0 0 0 1 -1 0 0 4274.dat
1 47 -100 -120 -58 -1 0 0 0 0 1 0 1 0 6141.dat
1 47 -80 -120 -58 -1 0 0 0 0 1 0 1 0 6141.dat
1 47 80 -120 -58 -1 0 0 0 0 1 0 1 0 6141.dat
1 47 100 -120 -58 -1 0 0 0 0 1 0 1 0 6141.dat
1 1 -100 -180 200 1 0 0 0 0 1 0 -1 0 41239.dat
1 1 100 -180 200 1 0 0 0 0 1 0 -1 0 41239.dat
1 1 0 -200 200 0 0 1 1 0 0 0 1 0 40490.dat
1 0 -80 -200 190 0 0 1 0 1 0 -1 0 0 2780.dat
1 0 80 -200 190 0 0 1 0 1 0 -1 0 0 2780.dat
1 1 -40 -200 180 0 0 -1 1 0 0 0 -1 0 32140.dat
1 0 -100 -180 190 0 0 1 0 1 0 -1 0 0 2780.dat
1 1 -40 -200 190 0 -1 0 0 0 1 -1 0 0 43093.dat
1 0 -100 -200 180 0 0 -1 0 -1 0 -1 0 0 6558.dat
1 1 40 -200 180 0 0 1 1 0 0 0 1 0 32140.dat
1 0 100 -180 190 0 0 1 0 1 0 -1 0 0 2780.dat
1 1 40 -200 190 0 -1 0 0 0 1 -1 0 0 43093.dat
1 0 100 -200 180 0 0 -1 0 -1 0 -1 0 0 6558.dat
1 0 100 -200 150 0 0 -1 0 1 0 1 0 0 75535.dat
1 0 -100 -200 150 0 0 -1 0 1 0 1 0 0 75535.dat
1 0 0 -140 100 1 0 0 0 1 0 0 0 1 32184.dat
1 71 0 -120 100 1 0 0 0 1 0 0 0 1 4519.dat
1 71 0 -160 100 1 0 0 0 1 0 0 0 1 32073.dat
1 71 20 -120 120 1 0 0 0 0 -1 0 1 0 42003.dat
1 71 -20 -120 120 1 0 0 0 0 -1 0 1 0 42003.dat
1 0 -20 -160 100 0 -1 0 -1 0 0 0 0 -1 32348.dat
1 0 20 -110 140 0 0 -1 -1 0 0 0 1 0 2780.dat
1 0 -20 -110 140 0 0 -1 -1 0 0 0 1 0 2780.dat
1 71 0 -208 4 -1 0 0 0 0.799999 0.600001 0 0.600001 -0.799999 32073.dat
1 71 0 -208 4 0 0 -1 0.799999 0.600001 0 0.600001 -0.799999 0 3713.dat
1 0 20 -160 100 0 -1 0 -1 0 0 0 0 -1 32348.dat
1 0 30 -160 60 -1 0 0 0 1 0 0 0 -1 2780.dat
1 0 -30 -160 60 -1 0 0 0 1 0 0 0 -1 2780.dat
1 0 0 -210 160 0 -0.799999 -0.600001 1 0 0 0 -0.600001 0.799999 3706.dat
1 72 0 -270 160 0.799999 0.600001 0 0 0 1 0.600001 -0.799999 0 6538.dat
1 72 40 -160 40 0 -1 0 1 0 0 0 0 1 32140.dat
1 0 60 -160 80 1 0 0 0 -1 0 0 0 -1 6558.dat
1 71 60 -160 40 1 0 0 0 -1 0 0 0 -1 32073.dat
1 71 60 -160 40 0 0 -1 0 -1 0 -1 0 0 3713.dat
1 71 60 -179.696 83.473 0 1 0 -0.173648 0 -0.984808 -0.984808 0 0.173648 32523.dat
1 72 80 -160 40 0 -1 0 1 0 0 0 0 1 32140.dat
1 0 60 -199.392 86.946 1 0 0 0 -1 0 0 0 -1 6558.dat
1 0 60 -179.696 83.473 1 0 0 0 -1 0 0 0 -1 6558.dat
1 72 40 -219.088 90.419 0 1 0 -0.173648 0 -0.984808 -0.984808 0 0.173648 32316.dat
1 0 60 -258.481 97.365 1 0 0 0 -1 0 0 0 -1 6558.dat
1 71 60 -268.329 99.101 0 -1 0 0.173648 0 -0.984808 0.984808 0 0.173648 43857.dat
1 72 80 -219.088 90.419 0 1 0 -0.173648 0 -0.984808 -0.984808 0 0.173648 32316.dat
1 72 -80 -160 40 0 -1 0 1 0 0 0 0 1 32140.dat
1 0 -60 -160 80 1 0 0 0 -1 0 0 0 -1 6558.dat
1 71 -60 -160 40 1 0 0 0 -1 0 0 0 -1 32073.dat
1 71 -60 -160 40 0 0 -1 0 -1 0 -1 0 0 3713.dat
1 71 -60 -179.696 83.473 0 1 0 -0.173648 0 -0.984808 -0.984808 0 0.173648 32523.dat
1 72 -40 -160 40 0 -1 0 1 0 0 0 0 1 32140.dat
1 0 -60 -199.392 86.946 1 0 0 0 -1 0 0 0 -1 6558.dat
1 0 -60 -179.696 83.473 1 0 0 0 -1 0 0 0 -1 6558.dat
1 72 -80 -219.088 90.419 0 1 0 -0.173648 0 -0.984808 -0.984808 0 0.173648 32316.dat
1 0 -60 -258.481 97.365 1 0 0 0 -1 0 0 0 -1 6558.dat
1 71 -60 -268.329 99.101 0 -1 0 0.173648 0 -0.984808 0.984808 0 0.173648 43857.dat
1 72 -40 -219.088 90.419 0 1 0 -0.173648 0 -0.984808 -0.984808 0 0.173648 32316.dat
1 0 0 -300 160 0 -1 0 0 0 1 -1 0 0 32184.dat
1 1 -20 -300 170 0 -1 0 0 0 1 -1 0 0 43093.dat
1 1 20 -300 170 0 -1 0 0 0 1 -1 0 0 43093.dat
1 1 0 -300 180 0 0 -1 -1 0 0 0 1 0 32525.dat
1 0 100 -300 110 0 0 -1 0 1 0 1 0 0 3706.dat
1 0 -100 -300 110 0 0 -1 0 1 0 1 0 0 3706.dat
1 1 -100 -300 145 -1 0 0 0 0 -1 0 -1 0 41677.dat
1 71 -100 -300 135 -1 0 0 0 -1 0 0 0 1 32123.dat
1 1 100 -300 145 -1 0 0 0 0 -1 0 -1 0 41677.dat
1 71 100 -300 135 -1 0 0 0 -1 0 0 0 1 32123.dat
1 0 -100 -300 180 0 -1 0 0 0 -1 1 0 0 32054.dat
1 0 100 -300 180 0 -1 0 0 0 -1 1 0 0 32054.dat
1 0 0 -310 160 0 -0.707107 0.707107 1 0 0 0 0.707107 0.707107 3705.dat
1 1 -100 -220 120 -1 0 0 0 0 1 0 1 0 40490.dat
1 0 -100 -140 130 0 0 -1 0 1 0 1 0 0 2780.dat
1 0 -100 -180 110 0 0 -1 0 1 0 1 0 0 2780.dat
1 0 -100 -200 120 0 0 1 0 1 0 -1 0 0 6558.dat
1 1 100 -220 120 -1 0 0 0 0 1 0 1 0 40490.dat
1 0 100 -140 130 0 0 -1 0 1 0 1 0 0 2780.dat
1 0 100 -180 110 0 0 -1 0 1 0 1 0 0 2780.dat
1 0 100 -200 120 0 0 1 0 1 0 -1 0 0 6558.dat
1 72 100 -140 40 1 0 0 0 1 0 0 0 1 32524.dat
1 0 100 -150 80 0 -1 0 1 0 0 0 0 1 2780.dat
1 0 100 -150 60 0 -1 0 1 0 0 0 0 1 2780.dat
1 71 100 -160 60 -1 0 0 0 0 1 0 1 0 42003.dat
1 72 -100 -140 40 1 0 0 0 1 0 0 0 1 32524.dat
1 0 -100 -150 80 0 -1 0 1 0 0 0 0 1 2780.dat
1 0 -100 -150 60 0 -1 0 1 0 0 0 0 1 2780.dat
1 71 -100 -160 60 -1 0 0 0 0 1 0 1 0 42003.dat
1 71 0 -320 160 0.707107 -0.707107 0 0 0 1 -0.707107 -0.707107 0 3713.dat
1 71 100 -300 105 -0.707107 -0.707107 0 0.707107 -0.707107 0 0 0 1 32123.dat
1 1 100 -320 95 1 0 0 0 0 1 0 -1 0 41677.dat
1 71 -100 -300 105 -0.707107 -0.707107 0 0.707107 -0.707107 0 0 0 1 32123.dat
1 1 -100 -320 95 1 0 0 0 0 1 0 -1 0 41677.dat
1 71 0 -340 160 0.707107 -0.707107 0 0 0 1 -0.707107 -0.707107 0 32269.dat
1 0 -60 -208 4 0 0 -1 0.600001 -0.799999 0 -0.799999 -0.600001 0 32192.dat
1 71 60 -228.4 31.2 1 0 0 0 0.6 0.8 0 -0.8 0.6 2819.dat
1 0 60 -208 4 0 0 1 -0.6 -0.8 0 0.8 -0.6 0 32192.dat
1 1 60 -214 12 0 -1 0 -0.6 0 -0.8 0.8 0 -0.6 43093.dat
1 0 -90 -320 60 0 0 -1 -1 0 0 0 1 0 32013.dat
1 0 0 -320 60 -1 0 0 0 0 1 0 1 0 3707.dat
1 71 -90 -330 60 0 1 0 -1 0 0 0 0 1 4274.dat
1 57 -90 -338 60 0 0 -1 0 1 0 1 0 0 6141.dat
1 57 -90 -346 60 0 0 -1 0 1 0 1 0 0 6141.dat
1 0 90 -320 60 0 0 1 1 0 0 0 1 0 32013.dat
1 71 90 -330 60 0 -1 0 -1 0 0 0 0 -1 4274.dat
1 57 90 -338 60 0 0 1 0 1 0 -1 0 0 6141.dat
1 57 90 -346 60 0 0 1 0 1 0 -1 0 0 6141.dat
1 47 -60 -340 50 1 0 0 0 0 1 0 -1 0 6141.dat
1 47 -40 -340 50 1 0 0 0 0 1 0 -1 0 6141.dat
1 47 40 -340 50 1 0 0 0 0 1 0 -1 0 6141.dat
1 47 60 -340 50 1 0 0 0 0 1 0 -1 0 6141.dat
1 0 20 -300 70 0 0 1 0 1 0 -1 0 0 2780.dat
1 0 -20 -300 70 0 0 1 0 1 0 -1 0 0 2780.dat
1 1 0 -300 80 0 0 1 -1 0 0 0 -1 0 32525.dat
1 0 -50 -320 60 1 0 0 0 -1 0 0 0 -1 32291.dat
1 71 -35 -320 60 0 0 -1 0 -1 0 -1 0 0 32123.dat
1 72 -20 -320 60 1 0 0 0 1 0 0 0 1 6536.dat
1 71 0 -320 60 0 0 -1 0 1 0 1 0 0 3713.dat
1 72 20 -320 60 1 0 0 0 1 0 0 0 1 6536.dat
1 0 50 -320 60 1 0 0 0 -1 0 0 0 -1 32291.dat
1 71 35 -320 60 0 0 -1 0 -1 0 -1 0 0 32123.dat
1 0 -100 -320 130 0 0 -1 0 1 0 1 0 0 3706.dat
1 0 100 -320 130 0 0 -1 0 1 0 1 0 0 3706.dat
1 72 0 -314.143 25.858 0 0 1 0.707 0.707 0 -0.707 0.707 0 6538.dat
1 71 50 -314.143 25.858 -1 0 0 0 0.707 0.707 0 0.707 -0.707 32073.dat
1 71 -50 -314.143 25.858 -1 0 0 0 0.707 0.707 0 0.707 -0.707 32073.dat
1 1 25 -314.143 25.858 0 -1 0 -0.707 0 0.707 -0.707 0 -0.707 41677.dat
1 72 0 -300.003 11.718 0 0 -1 -0.707 0.707 0 0.707 0.707 0 6538.dat
1 71 -50 -300.003 11.718 1 0 0 0 0.707 -0.707 0 0.707 0.707 32073.dat
1 71 50 -300.003 11.718 1 0 0 0 0.707 -0.707 0 0.707 0.707 32073.dat
1 1 -25 -314.143 25.858 0 -1 0 -0.707 0 0.707 -0.707 0 -0.707 41677.dat
1 1 -85 -300.003 39.998 0 1 0 0.707 0 -0.707 -0.707 0 -0.707 41677.dat
1 1 -75 -300.003 39.998 0 1 0 0.707 0 -0.707 -0.707 0 -0.707 41677.dat
1 1 -90 -300.003 39.998 1 0 0 0 -0.707 0.707 0 -0.707 -0.707 43093.dat
1 1 85 -300.003 39.998 0 -1 0 -0.707 0 -0.707 0.707 0 -0.707 41677.dat
1 1 75 -300.003 39.998 0 -1 0 -0.707 0 -0.707 0.707 0 -0.707 41677.dat
1 1 90 -300.003 39.998 -1 0 0 0 -0.707 -0.707 0 -0.707 0.707 43093.dat
1 1 -95 -314.143 25.858 0 -1 0 -0.707 0 0.707 -0.707 0 -0.707 41677.dat
1 1 95 -314.143 25.858 0 -1 0 -0.707 0 0.707 -0.707 0 -0.707 41677.dat
1 0 100 -300.003 39.998 -1 0 0 0 -0.707 -0.707 0 -0.707 0.707 32192.dat
1 0 -100 -300.003 39.998 -1 0 0 0 -0.707 -0.707 0 -0.707 0.707 32192.dat
1 1 100 -150 90 -1 0 0 0 1 0 0 0 -1 32527.dat
1 1 -100 -150 90 -1 0 0 0 1 0 0 0 -1 32528.dat
1 1 0 -160 -20 0 0 1 0 1 0 -1 0 0 32525.dat
1 0 -60 -180 -20 0 0 -1 -1 0 0 0 1 0 6558.dat
1 0 60 -180 -20 0 0 -1 -1 0 0 0 1 0 6558.dat
1 0 -100 -160 -20 0 1 0 1 0 0 0 0 -1 32054.dat
1 0 100 -160 -20 0 1 0 1 0 0 0 0 -1 32054.dat
1 1 0 -180 -30 1 0 0 0 0 -1 0 1 0 3702.dat
1 1 0 -200 -20 0 0 1 0 1 0 -1 0 0 40490.dat
1 72 0 -170 -38 1 0 0 0 0 -1 0 1 0 3832.dat
1 0 0 -170 -46 1 0 0 0 0 -1 0 1 0 3795.dat
1 72 -70 -180 -38 0 0 1 1 0 0 0 1 0 54200.dat
1 72 -70 -160 -38 0 0 1 1 0 0 0 1 0 54200.dat
1 72 70 -160 -38 0 0 -1 -1 0 0 0 1 0 54200.dat
1 72 70 -180 -38 0 0 -1 -1 0 0 0 1 0 54200.dat
1 47 -90 -180 -38 -1 0 0 0 0 1 0 1 0 50746.dat
1 47 90 -180 -38 -1 0 0 0 0 1 0 1 0 50746.dat
1 47 90 -160 -46 -1 0 0 0 0 1 0 1 0 3024.dat
1 47 -90 -160 -46 -1 0 0 0 0 1 0 1 0 3024.dat
1 57 90 -160 -54 -1 0 0 0 0 1 0 1 0 6141.dat
1 57 -90 -160 -54 -1 0 0 0 0 1 0 1 0 6141.dat
1 72 -40 -180 -54 -1 0 0 0 0 1 0 1 0 2412.dat
1 72 -40 -160 -54 -1 0 0 0 0 1 0 1 0 2412.dat
1 72 0 -160 -54 -1 0 0 0 0 1 0 1 0 2412.dat
1 72 40 -160 -54 -1 0 0 0 0 1 0 1 0 2412.dat
1 72 40 -180 -54 -1 0 0 0 0 1 0 1 0 2412.dat
1 72 0 -180 -54 -1 0 0 0 0 1 0 1 0 2412.dat
1 0 -30 -60 -40 0 -1 0 -1 0 0 0 0 -1 32140.dat
1 0 -60 -60 -40 0 1 0 -1 0 0 0 0 1 6553.dat
1 1 -40 -80 -100 -1 0 0 0 -0.92388 0.382683 0 0.382683 0.92388 43093.dat
1 71 0 -60 -60 1 0 0 0 1 0 0 0 1 32073.dat
1 72 -45 -60 -60 0 1 0 0 0 -1 -1 0 0 6632.dat
1 1 -15 -60 -60 0 -1 0 1 0 0 0 0 1 41677.dat
1 71 -49.999 -80 -100 0 0 1 0.92388 0.382683 0 -0.382683 0.92388 0 3647.dat
1 0 30 -60 -40 0 -1 0 -1 0 0 0 0 -1 32140.dat
1 1 15 -60 -60 0 -1 0 1 0 0 0 0 1 41677.dat
1 71 0 -60 -60 0 0 1 0 1 0 -1 0 0 3713.dat
1 71 -50 -60 -100 0 0 1 1 0 0 0 1 0 3647.dat
1 0 0 -60 -100 -1 0 0 0 0 1 0 1 0 3706.dat
1 72 0 -60 -100 1 0 0 0 0.707107 0.707107 0 -0.707107 0.707107 32012.dat
1 72 -6 -17.024 -117 0 0 -1 0 1 0 1 0 0 30395.dat
1 0 60 -60 -40 0 -1 0 -1 0 0 0 0 -1 6553.dat
1 71 50 -60 -100 0 0 -1 -1 0 0 0 1 0 32270.dat
1 1 -60 -40 -40 0 0 -1 0 1 0 1 0 0 32140.dat
1 4 -60 -50 -40 0 0 -1 -1 0 0 0 1 0 32062.dat
1 1 60 -40 -40 0 0 1 0 -1 0 1 0 0 32140.dat
1 4 60 -50 -40 0 0 -1 -1 0 0 0 1 0 32062.dat
1 0 0 -100 -60 1 0 0 0 1 0 0 0 1 3737.dat
1 71 0 -100 -60 0 0 1 0 1 0 -1 0 0 3713.dat
1 72 20 -100 -60 -1 0 0 0 -1 0 0 0 1 6536.dat
1 72 -20 -100 -60 -1 0 0 0 -1 0 0 0 1 6536.dat
1 0 20 -120 -50 0 0 1 0 -1 0 1 0 0 2780.dat
1 0 -20 -120 -50 0 0 1 0 -1 0 1 0 0 2780.dat
1 72 -35 -100 -60 0 -1 0 0 0 -1 1 0 0 6632.dat
1 72 35 -100 -60 0 -1 0 0 0 -1 1 0 0 6632.dat
1 0 0 -140 -60 1 0 0 0 0 -1 0 1 0 3707.dat
1 72 45 -60 -60 0 -1 0 0 0 -1 1 0 0 6632.dat
1 72 60 -100 -60 -1 0 0 0 1 0 0 0 -1 6536.dat
1 0 60 -80 -50 0 0 -1 0 1 0 1 0 0 2780.dat
1 72 -60 -100 -60 -1 0 0 0 1 0 0 0 -1 6536.dat
1 0 -60 -80 -50 0 0 -1 0 1 0 1 0 0 2780.dat
1 72 0 -80 -40 0 0 -1 -1 0 0 0 1 0 32525.dat
1 71 100 -80 -50 0 1 0 0 0 -1 -1 0 0 4274.dat
1 71 80 -80 -50 0 1 0 0 0 -1 -1 0 0 4274.dat
1 71 -80 -80 -50 0 1 0 0 0 -1 -1 0 0 4274.dat
1 71 -100 -80 -50 0 1 0 0 0 -1 -1 0 0 4274.dat
1 47 -100 -80 -58 0 0 -1 -1 0 0 0 1 0 6141.dat
1 47 -80 -80 -58 0 0 -1 -1 0 0 0 1 0 6141.dat
1 47 80 -80 -58 0 0 -1 -1 0 0 0 1 0 6141.dat
1 47 100 -80 -58 0 0 -1 -1 0 0 0 1 0 6141.dat
1 0 -100 -120 120 0 1 0 1 0 0 0 0 -1 6629.dat
1 0 -110 -88 -4 -1 0 0 0 0.600001 0.799999 0 0.799999 -0.600001 2780.dat
1 0 -110 -104 8 -1 0 0 0 0.600001 0.799999 0 0.799999 -0.600001 2780.dat
1 0 -100 -120 60 1 0 0 0 1 0 0 0 1 6558.dat
1 0 -100 -120 100 1 0 0 0 1 0 0 0 1 6558.dat
1 0 -115 -96 2 0 -1 0 0.600001 0 -0.799999 0.799999 0 0.600001 32449.dat
1 0 -125 -96 2 0 -1 0 0.600001 0 -0.799999 0.799999 0 0.600001 32449.dat
1 0 -120 -120 40 0 -1 0 1 0 0 0 0 1 6629.dat
1 0 100 -120 120 0 1 0 1 0 0 0 0 -1 6629.dat
1 0 110 -88 -4 -1 0 0 0 0.600001 0.799999 0 0.799999 -0.600001 2780.dat
1 0 110 -104 8 -1 0 0 0 0.600001 0.799999 0 0.799999 -0.600001 2780.dat
1 0 100 -120 60 -1 0 0 0 1 0 0 0 -1 6558.dat
1 0 100 -120 100 -1 0 0 0 1 0 0 0 -1 6558.dat
1 0 125 -96 2 0 -1 0 0.600001 0 -0.799999 0.799999 0 0.600001 32449.dat
1 0 115 -96 2 0 -1 0 0.600001 0 -0.799999 0.799999 0 0.600001 32449.dat
1 0 120 -120 40 0 -1 0 1 0 0 0 0 1 6629.dat
1 71 110 0 80 0 0 1 0 1 0 -1 0 0 56145.dat
1 256 110 0 80 0 0 1 0 1 0 -1 0 0 55976.dat
1 71 -110 0 80 0 0 -1 0 1 0 1 0 0 56145.dat
1 256 -110 0 80 0 0 -1 0 1 0 1 0 0 55976.dat
1 71 110 0 440 0 0 1 0 1 0 -1 0 0 56145.dat
1 256 110 0 440 0 0 1 0 1 0 -1 0 0 55976.dat
1 71 -110 0 440 0 0 -1 0 1 0 1 0 0 56145.dat
1 256 -110 0 440 0 0 -1 0 1 0 1 0 0 55976.dat
1 71 110 0 600 0 0 1 0 1 0 -1 0 0 56145.dat
1 256 110 0 600 0 0 1 0 1 0 -1 0 0 55976.dat
1 71 -110 0 600 0 0 -1 0 1 0 1 0 0 56145.dat
1 256 -110 0 600 0 0 -1 0 1 0 1 0 0 55976.dat
1 71 -120 0 80 0 0 -1 1 0 0 0 -1 0 3713.dat
1 71 120 0 80 0 0 1 1 0 0 0 1 0 3713.dat
1 71 -120 0 440 0 0 -1 1 0 0 0 -1 0 3713.dat
