0 
0 Name: New Model.ldr
0 Author: 
1 16 213.201 -40 -140.008 -0.866 0 -0.5 0 1 0 0.5 0 -0.866 3795.dat
1 16 247.841 -32 -160.008 -0.866 0 -0.5 0 1 0 0.5 0 -0.866 3022.dat
1 16 226.861 -32 -136.348 -0.866 0 -0.5 0 1 0 0.5 0 -0.866 4081.dat
1 16 216.861 -32 -153.668 0.866 0 0.5 0 1 0 -0.5 0 0.866 4081.dat
1 0 178.561 -32 -120.008 -0.5 0 0.866 0 1 0 -0.866 0 -0.5 4600.dat
1 0 247.841 -24 -160.008 -0.5 0 0.866 0 1 0 -0.866 0 -0.5 4600.dat
1 7 221.861 -48 -145.008 -0.5 0 0.866 0 1 0 -0.866 0 -0.5 3069.dat
1 7 263.841 -19 -132.296 -0.866 0 -0.5 0 1 0 0.5 0 -0.866 4624.dat
1 7 194.561 -27 -92.296 -0.866 0 -0.5 0 1 0 0.5 0 -0.866 4624.dat
1 0 263.841 -19 -132.296 -0.866 0 -0.5 0 1 0 0.5 0 -0.866 3641.dat
1 7 231.841 -19 -187.72 0.866 0 0.5 0 1 0 -0.5 0 0.866 4624.dat
1 0 231.841 -19 -187.72 0.866 0 0.5 0 1 0 -0.5 0 0.866 3641.dat
1 0 196.061 -27 -89.698 0.866 0 0.5 0 1 0 -0.5 0 0.866 4084.dat
1 7 162.061 -27 -148.586 0.866 0 0.5 0 1 0 -0.5 0 0.866 4624.dat
1 0 160.561 -27 -151.184 -0.866 0 -0.5 0 1 0 0.5 0 -0.866 4084.dat
1 16 221.861 -64 -145.008 0.5 0 -0.866 0 1 0 0.866 0 0.5 2399.dat
1 7 195.881 -48 -130.008 -0.5 0 0.866 0 1 0 -0.866 0 -0.5 3430.dat
1 7 239.181 -88 -155.008 0.5 0 -0.866 0 1 0 0.866 0 0.5 2432.dat
1 7 256.501 -64 -165.008 0.5 0 -0.866 0 1 0 0.866 0 0.5 4175.dat
1 15 182.221 -56 -133.668 -0.5 0 0.866 0 1 0 -0.866 0 -0.5 4592.dat
1 15 192.221 -56 -116.348 -0.5 0 0.866 0 1 0 -0.866 0 -0.5 4592.dat
1 16 122.95 -144 -86.338 -0.5 0 0.866 0 1 0 -0.866 0 -0.5 4346.dat
1 16 122.95 -144 -86.338 -0.5 0 0.866 0 1 0 -0.866 0 -0.5 4345.dat
