0 MLCAD BTG Station
0 Untitled
0 MLCAD BTG Station
0 Name: 10001-Whole-Model.ldr
0 MLCAD BTG Station
0 Author: Redostrike
0 MLCAD BTG Station
0 Unofficial Model
0 MLCAD BTG Station
0 Untitled
0 MLCAD BTG Station
0 Name: 10001.Station.ldr
0 MLCAD BTG Station
0 Author: Redostrike
0 MLCAD BTG Station
0 Unofficial Model
0 ROTATION CENTER 0 0 0 1 "Custom" 
0 ROTATION CONFIG 0 0
0 MLCAD BTG Station
1 0 -1690 0 -1480 0 0 1 0 1 0 -1 0 0 3795.dat
0 MLCAD BTG Station
1 0 -1690 -48 -1480 0 0 1 0 1 0 -1 0 0 3795.dat
0 MLCAD BTG Station
1 7 -1630 -56 -1480 1 0 0 0 1 0 0 0 1 3033.dat
0 MLCAD BTG Station
1 7 -1450 -56 -1480 1 0 0 0 1 0 0 0 1 3036.dat
0 MLCAD BTG Station
1 7 -1290 -56 -1480 1 0 0 0 1 0 0 0 1 3036.dat
0 MLCAD BTG Station
1 4 -1370 -64 -1440 1 0 0 0 1 0 0 0 1 3022.dat
0 MLCAD BTG Station
1 4 -1370 -72 -1440 1 0 0 0 1 0 0 0 1 2445.dat
0 MLCAD BTG Station
1 4 -1470 -80 -1440 1 0 0 0 1 0 0 0 1 4079.dat
0 MLCAD BTG Station
1 4 -1410 -80 -1440 1 0 0 0 1 0 0 0 1 4079.dat
0 MLCAD BTG Station
1 4 -1330 -80 -1440 1 0 0 0 1 0 0 0 1 4079.dat
0 MLCAD BTG Station
1 4 -1270 -80 -1440 1 0 0 0 1 0 0 0 1 4079.dat
0 MLCAD BTG Station
1 4 -1460 -64 -1440 0 0 1 0 1 0 -1 0 0 3023.dat
0 MLCAD BTG Station
1 4 -1280 -64 -1440 0 0 1 0 1 0 -1 0 0 3023.dat
0 MLCAD BTG Station
1 0 -1020 -80 -1490 1 0 0 0 1 0 0 0 1 3040b.dat
0 MLCAD BTG Station
1 0 -1020 -104 -1480 0 0 1 0 1 0 -1 0 0 3004.dat
0 MLCAD BTG Station
1 0 -1020 -176 -1480 0 0 1 0 1 0 -1 0 0 6556.dat
0 MLCAD BTG Station
1 47 -1020 -176 -1480 0 0 1 0 1 0 -1 0 0 3855.dat
0 MLCAD BTG Station
1 0 -1020 -80 -1470 -1 0 0 0 1 0 0 0 -1 3040b.dat
0 MLCAD BTG Station
1 15 -1530 -224 -1440 1 0 0 0 1 0 0 0 1 2039.dat
0 MLCAD BTG Station
1 46 -1530 -224 -1440 1 0 0 0 1 0 0 0 1 3941.dat
0 MLCAD BTG Station
1 46 -1210 -224 -1440 1 0 0 0 1 0 0 0 1 3941.dat
0 MLCAD BTG Station
1 0 -1630 -104 -1430 1 0 0 0 1 0 0 0 1 2486.dat
0 MLCAD BTG Station
1 0 -1110 -104 -1430 1 0 0 0 1 0 0 0 1 2486.dat
0 MLCAD BTG Station
1 15 -1210 -224 -1440 1 0 0 0 1 0 0 0 1 2039.dat
0 MLCAD BTG Station
1 15 -1210 -240 -1440 1 0 0 0 1 0 0 0 1 3960.dat
0 MLCAD BTG Station
1 15 -1530 -240 -1440 1 0 0 0 1 0 0 0 1 3960.dat
0 MLCAD BTG Station
1 7 -1110 -56 -1480 1 0 0 0 1 0 0 0 1 3033.dat
0 MLCAD BTG Station
1 0 -1690 -32 -1440 1 0 0 0 1 0 0 0 1 3022.dat
0 MLCAD BTG Station
1 0 -1690 -32 -1520 1 0 0 0 1 0 0 0 1 3022.dat
0 MLCAD BTG Station
1 0 -1690 -40 -1430 1 0 0 0 1 0 0 0 1 3023.dat
0 MLCAD BTG Station
1 0 -1690 -40 -1530 1 0 0 0 1 0 0 0 1 3023.dat
0 MLCAD BTG Station
1 0 -1690 -40 -1510 -1 0 0 0 1 0 0 0 -1 4275b.dat
0 MLCAD BTG Station
1 0 -1690 -40 -1450 -1 0 0 0 1 0 0 0 -1 4275b.dat
0 MLCAD BTG Station
1 0 -1790 -29 -1510 0.965926 0.258819 0 -0.258819 0.965926 0 0 0 1 3666.dat
0 MLCAD BTG Station
1 0 -1790 -21 -1510 0.965926 0.258819 0 -0.258819 0.965926 0 0 0 1 4504.dat
0 MLCAD BTG Station
1 0 -1790 -29 -1450 0.965926 0.258819 0 -0.258819 0.965926 0 0 0 1 3666.dat
0 MLCAD BTG Station
1 7 -1745 -49 -1480 0 0.258819 0.965926 0 0.965926 -0.258819 -1 0 0 3666.dat
0 MLCAD BTG Station
1 7 -1832 -26 -1480 0.965926 0.258819 0 -0.258819 0.965926 0 0 0 1 3036.dat
0 MLCAD BTG Station
1 0 -1790 -21 -1450 0.965926 0.258819 0 -0.258819 0.965926 0 0 0 1 4504.dat
0 MLCAD BTG Station
1 0 -1690 -24 -1510 1 0 0 0 1 0 0 0 1 3004.dat
0 MLCAD BTG Station
1 0 -1690 -24 -1440 1 0 0 0 1 0 0 0 1 3003.dat
0 MLCAD BTG Station
1 0 -1690 -24 -1530 1 0 0 0 1 0 0 0 1 3298.dat
0 MLCAD BTG Station
1 0 -1530 0 -1480 0 0 1 0 1 0 -1 0 0 3795.dat
0 MLCAD BTG Station
1 0 -1530 -24 -1430 1 0 0 0 1 0 0 0 1 3004.dat
0 MLCAD BTG Station
1 0 -1530 -48 -1480 0 0 1 0 1 0 -1 0 0 2456.dat
0 MLCAD BTG Station
1 0 -1370 -48 -1480 0 0 1 0 1 0 -1 0 0 2456.dat
0 MLCAD BTG Station
1 0 -1210 -48 -1480 0 0 1 0 1 0 -1 0 0 2456.dat
0 MLCAD BTG Station
1 0 -1050 -48 -1480 0 0 1 0 1 0 -1 0 0 2456.dat
0 MLCAD BTG Station
1 0 -1530 -24 -1530 1 0 0 0 1 0 0 0 1 3298.dat
0 MLCAD BTG Station
1 0 -1210 0 -1480 0 0 1 0 1 0 -1 0 0 3795.dat
0 MLCAD BTG Station
1 0 -1210 -24 -1430 1 0 0 0 1 0 0 0 1 3004.dat
0 MLCAD BTG Station
1 0 -1210 -24 -1530 1 0 0 0 1 0 0 0 1 3298.dat
0 MLCAD BTG Station
1 0 -1050 0 -1480 0 0 1 0 1 0 -1 0 0 3795.dat
0 MLCAD BTG Station
1 0 -1050 -24 -1430 1 0 0 0 1 0 0 0 1 3004.dat
0 MLCAD BTG Station
1 0 -1050 -24 -1530 1 0 0 0 1 0 0 0 1 3298.dat
0 MLCAD BTG Station
1 0 -1370 0 -1480 0 0 1 0 1 0 -1 0 0 3795.dat
0 MLCAD BTG Station
1 0 -1370 -24 -1430 1 0 0 0 1 0 0 0 1 3004.dat
0 MLCAD BTG Station
1 0 -1370 -24 -1530 1 0 0 0 1 0 0 0 1 3298.dat
0 MLCAD BTG Station
0 
0 GROUP 67 Station
0 Untitled
0 Name: 10001.Tracks.ldr
0 Author: Redostrike
0 Unofficial Model
0 MLCAD BTG Tracks
1 7 -1610.53 0 -42.898 1 0 0 0 1 0 0 0 1 2865.dat
0 MLCAD BTG Tracks
1 7 -1926.61 0 -57.98 0.981627 0 -0.190809 0 1 0 0.190809 0 0.981627 2867.dat
0 MLCAD BTG Tracks
1 7 -2214.61 0 -177.98 0.829038 0 -0.559193 0 1 0 0.559193 0 0.829038 2867.dat
0 MLCAD BTG Tracks
1 7 -2435.61 0 -397.98 0.559193 0 -0.829038 0 1 0 0.829038 0 0.559193 2867.dat
0 MLCAD BTG Tracks
1 7 -2555.61 0 -685.98 0.190809 0 -0.981627 0 1 0 0.981627 0 0.190809 2867.dat
0 MLCAD BTG Tracks
1 7 -2554.54 0 -997.837 -0.190809 0 -0.981627 0 1 0 0.981627 0 -0.190809 2867.dat
0 MLCAD BTG Tracks
1 7 -2434.54 0 -1285.84 -0.559193 0 -0.829038 0 1 0 0.829038 0 -0.559193 2867.dat
0 MLCAD BTG Tracks
1 7 -2214.54 0 -1506.84 -0.829038 0 -0.559193 0 1 0 0.559193 0 -0.829038 2867.dat
0 MLCAD BTG Tracks
1 7 -1926.54 0 -1626.84 -0.981627 0 -0.190809 0 1 0 0.190809 0 -0.981627 2867.dat
0 MLCAD BTG Tracks
1 7 -1610.53 0 -1640.9 1 0 0 0 1 0 0 0 1 2865.dat
0 MLCAD BTG Tracks
1 7 -1289.53 0 -1640.9 -1 0 0 0 1 0 0 0 -1 2865.dat
0 MLCAD BTG Tracks
1 7 -973.454 0 -1625.82 -0.981627 0 0.190809 0 1 0 -0.190809 0 -0.981627 2867.dat
0 MLCAD BTG Tracks
1 7 -685.454 0 -1505.82 -0.829038 0 0.559193 0 1 0 -0.559193 0 -0.829038 2867.dat
0 MLCAD BTG Tracks
1 7 -464.454 0 -1285.82 -0.559193 0 0.829038 0 1 0 -0.829038 0 -0.559193 2867.dat
0 MLCAD BTG Tracks
1 7 -344.454 0 -997.816 -0.190809 0 0.981627 0 1 0 -0.981627 0 -0.190809 2867.dat
0 MLCAD BTG Tracks
1 7 -345.524 0 -685.959 0.190809 0 0.981627 0 1 0 -0.981627 0 0.190809 2867.dat
0 MLCAD BTG Tracks
1 7 -465.524 0 -397.959 0.559193 0 0.829038 0 1 0 -0.829038 0 0.559193 2867.dat
0 MLCAD BTG Tracks
1 7 -685.524 0 -176.959 0.829038 0 0.559193 0 1 0 -0.559193 0 0.829038 2867.dat
0 MLCAD BTG Tracks
1 7 -973.524 0 -56.959 0.981627 0 0.190809 0 1 0 -0.190809 0 0.981627 2867.dat
0 MLCAD BTG Tracks
1 7 -1289.53 0 -42.898 -1 0 0 0 1 0 0 0 -1 2865.dat
0 GROUP 20 Tracks
0 10001 - Metro Liner
0 Name: 1000.1.ldr
0 Author: Redosstrike
0 MLCAD BTG Locomotive
1 7 -1713.4 -87 -51.238 -0.997564 0 0.0697565 0 1 0 -0.0697565 0 -0.997564 4093a.dat
0 MLCAD BTG Locomotive
1 0 -1878 -87 -62.748 0.0697565 0 0.997564 0 1 0 -0.997564 0 0.0697565 590.dat
0 MLCAD BTG Locomotive
1 0 -1957.8 -79 -68.328 0.0697565 0 0.997564 0 1 0 -0.997564 0 0.0697565 4022.dat
0 MLCAD BTG Locomotive
1 0 -1987.73 -63 -70.421 0.0697565 0 0.997564 0 1 0 -0.997564 0 0.0697565 2920.dat
0 MLCAD BTG Locomotive
1 0 -2022.65 -59 -72.862 0.0697565 0 0.997564 0 1 0 -0.997564 0 0.0697565 73092.dat
0 MLCAD BTG Locomotive
1 0 -1875.91 -71 -92.675 0.0697565 0 0.997564 0 1 0 -0.997564 0 0.0697565 2871.dat
0 MLCAD BTG Locomotive
1 0 -1875.1 -71 -32.472 -0.0697565 0 -0.997564 0 1 0 0.997564 0 -0.0697565 2871.dat
0 MLCAD BTG Locomotive
1 0 -1683.47 -79 -49.144 -0.0697565 0 -0.997564 0 1 0 0.997564 0 -0.0697565 3020.dat
0 MLCAD BTG Locomotive
1 0 -1613.65 -79 -44.263 -0.0697565 0 -0.997564 0 1 0 0.997564 0 -0.0697565 3710.dat
0 MLCAD BTG Locomotive
1 0 -1745.42 -79 -23.403 0.997564 0 -0.0697565 0 1 0 0.0697565 0 0.997564 3023.dat
0 MLCAD BTG Locomotive
1 0 -1741.24 -79 -83.258 0.997564 0 -0.0697565 0 1 0 0.0697565 0 0.997564 3023.dat
0 MLCAD BTG Locomotive
1 0 -1680.68 -71 -89.048 0.997564 0 -0.0697565 0 1 0 0.0697565 0 0.997564 3034.dat
0 MLCAD BTG Locomotive
1 0 -1686.26 -71 -9.244 0.997564 0 -0.0697565 0 1 0 0.0697565 0 0.997564 3034.dat
0 MLCAD BTG Locomotive
1 0 -1745.42 -63 -23.403 -0.997564 0 0.0697565 0 1 0 -0.0697565 0 -0.997564 3660.dat
0 MLCAD BTG Locomotive
1 0 -1705.52 -63 -20.614 -0.997564 0 0.0697565 0 1 0 -0.0697565 0 -0.997564 3660.dat
0 MLCAD BTG Locomotive
1 0 -1665.62 -63 -17.823 -0.997564 0 0.0697565 0 1 0 -0.0697565 0 -0.997564 3660.dat
0 MLCAD BTG Locomotive
1 0 -1625.71 -63 -15.033 -0.997564 0 0.0697565 0 1 0 -0.0697565 0 -0.997564 3660.dat
0 MLCAD BTG Locomotive
1 0 -1741.24 -63 -83.258 0.997564 0 -0.0697565 0 1 0 0.0697565 0 0.997564 3660.dat
0 MLCAD BTG Locomotive
1 0 -1701.33 -63 -80.468 0.997564 0 -0.0697565 0 1 0 0.0697565 0 0.997564 3660.dat
0 MLCAD BTG Locomotive
1 0 -1661.43 -63 -77.678 0.997564 0 -0.0697565 0 1 0 0.0697565 0 0.997564 3660.dat
0 MLCAD BTG Locomotive
1 0 -1621.53 -63 -74.887 0.997564 0 -0.0697565 0 1 0 0.0697565 0 0.997564 3660.dat
0 MLCAD BTG Locomotive
1 0 -1683.47 -39 -49.144 0.997564 0 -0.0697565 0 1 0 0.0697565 0 0.997564 3035.dat
0 MLCAD BTG Locomotive
1 0 -1563.77 -70 -40.775 -0.0697565 0 -0.997564 0 1 0 0.997564 0 -0.0697565 2878c01.dat
0 MLCAD BTG Locomotive
1 0 -1483.96 -70 -35.194 -0.0697565 0 -0.997564 0 1 0 0.997564 0 -0.0697565 2878c01.dat
0 MLCAD BTG Locomotive
1 0 -1513.89 -62 -37.287 -0.997564 0 0.0697565 0 1 0 -0.0697565 0 -0.997564 3795.dat
0 MLCAD BTG Locomotive
1 0 -1521.07 -62 -77.887 0.0697565 0 0.997564 0 1 0 -0.997564 0 0.0697565 3069b.dat
0 MLCAD BTG Locomotive
1 0 -1526.65 -61 1.918 0.0697565 0 0.997564 0 1 0 -0.997564 0 0.0697565 3069b.dat
0 MLCAD BTG Locomotive
1 0 -1583.72 -62 -42.17 0.0697565 0 0.997564 0 1 0 -0.997564 0 0.0697565 3023.dat
0 MLCAD BTG Locomotive
1 0 -1523.86 -46 -37.985 0.997564 0 -0.0697565 0 1 0 0.0697565 0 0.997564 3002.dat
0 MLCAD BTG Locomotive
1 0 -1523.86 -54 -37.985 -0.0697565 0 -0.997564 0 1 0 0.997564 0 -0.0697565 3666.dat
0 MLCAD BTG Locomotive
1 0 -1553.79 -70 -40.077 0.997564 0 -0.0697565 0 1 0 0.0697565 0 0.997564 3020.dat
0 MLCAD BTG Locomotive
1 0 -1533.84 -78 -38.682 0.997564 0 -0.0697565 0 1 0 0.0697565 0 0.997564 4092b.dat
0 MLCAD BTG Locomotive
1 0 -1473.98 -70 -34.497 -0.0697565 0 -0.997564 0 1 0 0.997564 0 -0.0697565 4022.dat
0 MLCAD BTG Locomotive
1 0 -1444.06 -54 -32.404 -0.0697565 0 -0.997564 0 1 0 0.997564 0 -0.0697565 2920.dat
0 MLCAD BTG Locomotive
1 7 -1409.14 -50 -29.962 -0.0697565 0 -0.997564 0 1 0 0.997564 0 -0.0697565 73092.dat
0 MLCAD BTG Locomotive
1 4 -1941.45 -111 -87.234 0.0697565 0 0.997564 0 1 0 -0.997564 0 0.0697565 3134.dat
0 MLCAD BTG Locomotive
1 15 -1982.74 -111 -70.072 0.0697565 0 0.997564 0 1 0 -0.997564 0 0.0697565 6035.dat
0 MLCAD BTG Locomotive
1 1 -1916.4 -119 -15.311 0.997564 0 -0.0697565 0 1 0 0.0697565 0 0.997564 3710.dat
0 MLCAD BTG Locomotive
1 15 -1916.4 -127 -15.311 0.997564 0 -0.0697565 0 1 0 0.0697565 0 0.997564 3710.dat
0 MLCAD BTG Locomotive
1 0 -1436.18 -127 -1.779 0.997564 0 -0.0697565 0 1 0 0.0697565 0 0.997564 2877.dat
0 MLCAD BTG Locomotive
1 0 -1436.18 -151 -1.779 0.997564 0 -0.0697565 0 1 0 0.0697565 0 0.997564 2877.dat
0 MLCAD BTG Locomotive
1 7 -1447.54 -143 17.473 0.997564 0 -0.0697565 0 1 0 0.0697565 0 0.997564 3024.dat
0 MLCAD BTG Locomotive
1 7 -1440.57 -143 -82.281 0.997564 0 -0.0697565 0 1 0 0.0697565 0 0.997564 3024.dat
0 MLCAD BTG Locomotive
1 7 -1447.54 -175 17.473 0.997564 0 -0.0697565 0 1 0 0.0697565 0 0.997564 3024.dat
0 MLCAD BTG Locomotive
1 7 -1440.57 -175 -82.281 0.997564 0 -0.0697565 0 1 0 0.0697565 0 0.997564 3024.dat
0 MLCAD BTG Locomotive
1 14 -1914.31 -119 -45.236 0.0697565 0 0.997564 0 1 0 -0.997564 0 0.0697565 4079.dat
0 MLCAD BTG Locomotive
1 0 -1431.99 -127 -61.633 -0.997564 0 0.0697565 0 1 0 -0.0697565 0 -0.997564 2877.dat
0 MLCAD BTG Locomotive
1 0 -1431.99 -151 -61.633 -0.997564 0 0.0697565 0 1 0 -0.0697565 0 -0.997564 2877.dat
0 MLCAD BTG Locomotive
1 0 -1436.18 -175 -1.779 0.997564 0 -0.0697565 0 1 0 0.0697565 0 0.997564 2877.dat
0 MLCAD BTG Locomotive
1 0 -1431.99 -175 -61.633 -0.997564 0 0.0697565 0 1 0 -0.0697565 0 -0.997564 2877.dat
0 MLCAD BTG Locomotive
1 0 -1436.18 -199 -1.779 0.997564 0 -0.0697565 0 1 0 0.0697565 0 0.997564 2877.dat
0 MLCAD BTG Locomotive
1 0 -1431.99 -199 -61.633 -0.997564 0 0.0697565 0 1 0 -0.0697565 0 -0.997564 2877.dat
0 MLCAD BTG Locomotive
1 0 -1773.25 -135 -55.424 -0.0697565 0 -0.997564 0 1 0 0.997564 0 -0.0697565 4746.dat
0 MLCAD BTG Locomotive
1 1 -1909.43 -119 -115.068 0.997564 0 -0.0697565 0 1 0 0.0697565 0 0.997564 3710.dat
0 MLCAD BTG Locomotive
1 1 -1766.77 -119 -4.847 0.997564 0 -0.0697565 0 1 0 0.0697565 0 0.997564 3623.dat
0 MLCAD BTG Locomotive
1 1 -1759.79 -119 -104.604 0.997564 0 -0.0697565 0 1 0 0.0697565 0 0.997564 3623.dat
0 MLCAD BTG Locomotive
1 15 -1909.43 -127 -115.068 0.997564 0 -0.0697565 0 1 0 0.0697565 0 0.997564 3710.dat
0 MLCAD BTG Locomotive
1 4 -1909.43 -135 -115.068 0.997564 0 -0.0697565 0 1 0 0.0697565 0 0.997564 3710.dat
0 MLCAD BTG Locomotive
1 4 -1982.74 -135 -70.072 0.0697565 0 0.997564 0 1 0 -0.997564 0 0.0697565 3710.dat
0 MLCAD BTG Locomotive
1 0 -1971.37 -143 -89.327 0.0697565 0 0.997564 0 1 0 -0.997564 0 0.0697565 3068b.dat
0 MLCAD BTG Locomotive
1 0 -1974.16 -143 -49.423 0.0697565 0 0.997564 0 1 0 -0.997564 0 0.0697565 3068b.dat
0 MLCAD BTG Locomotive
1 15 -1941.45 -143 -87.234 -0.0697565 0 -0.997564 0 1 0 0.997564 0 -0.0697565 3069bp68.dat
0 MLCAD BTG Locomotive
1 15 -1944.24 -143 -47.331 -0.0697565 0 -0.997564 0 1 0 0.997564 0 -0.0697565 3069bp52.dat
0 MLCAD BTG Locomotive
1 7 -1886.47 -159 -13.22 -0.0697565 0 -0.997564 0 1 0 0.997564 0 -0.0697565 3005.dat
0 MLCAD BTG Locomotive
1 7 -1879.5 -159 -112.975 -0.0697565 0 -0.997564 0 1 0 0.997564 0 -0.0697565 3005.dat
0 MLCAD BTG Locomotive
1 7 -1886.47 -183 -13.22 -0.0697565 0 -0.997564 0 1 0 0.997564 0 -0.0697565 3005.dat
0 MLCAD BTG Locomotive
1 7 -1879.5 -183 -112.975 -0.0697565 0 -0.997564 0 1 0 0.997564 0 -0.0697565 3005.dat
0 MLCAD BTG Locomotive
1 7 -1779.74 -159 -105.999 -0.0697565 0 -0.997564 0 1 0 0.997564 0 -0.0697565 3005.dat
0 MLCAD BTG Locomotive
1 7 -1786.72 -159 -6.243 -0.0697565 0 -0.997564 0 1 0 0.997564 0 -0.0697565 3005.dat
0 MLCAD BTG Locomotive
1 7 -1786.72 -183 -6.243 -0.0697565 0 -0.997564 0 1 0 0.997564 0 -0.0697565 3005.dat
0 MLCAD BTG Locomotive
1 0 -1783.23 -159 -56.121 0.0697565 0 0.997564 0 1 0 -0.997564 0 0.0697565 3039pc4.dat
0 MLCAD BTG Locomotive
1 0 -1743.32 -183 -53.331 0.0697565 0 0.997564 0 1 0 -0.997564 0 0.0697565 3298.dat
0 MLCAD BTG Locomotive
1 0 -1743.32 -191 -53.331 0.0697565 0 0.997564 0 1 0 -0.997564 0 0.0697565 30244.dat
0 MLCAD BTG Locomotive
1 1 -1605.76 -159 -13.638 0.0697565 0 0.997564 0 1 0 -0.997564 0 0.0697565 3899.dat
0 MLCAD BTG Locomotive
1 1 -1601.58 -159 -73.493 0.0697565 0 0.997564 0 1 0 -0.997564 0 0.0697565 3899.dat
0 MLCAD BTG Locomotive
1 1 -1561.67 -159 -70.702 0.0697565 0 0.997564 0 1 0 -0.997564 0 0.0697565 3899.dat
0 MLCAD BTG Locomotive
1 7 -1447.54 -167 17.473 -0.0697565 0 -0.997564 0 1 0 0.997564 0 -0.0697565 3005.dat
0 MLCAD BTG Locomotive
1 7 -1440.57 -167 -82.281 -0.0697565 0 -0.997564 0 1 0 0.997564 0 -0.0697565 3005.dat
0 MLCAD BTG Locomotive
1 7 -1550.3 -159 -89.956 -0.997564 0 0.0697565 0 1 0 -0.0697565 0 -0.997564 3004.dat
0 MLCAD BTG Locomotive
1 7 -1557.28 -159 9.801 -0.997564 0 0.0697565 0 1 0 -0.0697565 0 -0.997564 3004.dat
0 MLCAD BTG Locomotive
1 7 -1550.3 -183 -89.956 -0.997564 0 0.0697565 0 1 0 -0.0697565 0 -0.997564 3004.dat
0 MLCAD BTG Locomotive
1 7 -1557.28 -183 9.801 -0.997564 0 0.0697565 0 1 0 -0.0697565 0 -0.997564 3004.dat
0 MLCAD BTG Locomotive
1 7 -1749.81 -159 -103.907 0.997564 0 -0.0697565 0 1 0 0.0697565 0 0.997564 2877.dat
0 MLCAD BTG Locomotive
1 7 -1756.79 -159 -4.149 -0.997564 0 0.0697565 0 1 0 -0.0697565 0 -0.997564 2877.dat
0 MLCAD BTG Locomotive
1 7 -1779.74 -183 -105.999 -0.0697565 0 -0.997564 0 1 0 0.997564 0 -0.0697565 3005.dat
0 MLCAD BTG Locomotive
1 7 -1749.81 -183 -103.907 0.997564 0 -0.0697565 0 1 0 0.0697565 0 0.997564 2877.dat
0 MLCAD BTG Locomotive
1 7 -1756.79 -183 -4.149 -0.997564 0 0.0697565 0 1 0 -0.0697565 0 -0.997564 2877.dat
0 MLCAD BTG Locomotive
1 7 -1623.62 -159 -44.96 0.0697565 0 0.997564 0 1 0 -0.997564 0 0.0697565 3009.dat
0 MLCAD BTG Locomotive
1 7 -1623.62 -183 -44.96 0.0697565 0 0.997564 0 1 0 -0.997564 0 0.0697565 3009.dat
0 MLCAD BTG Locomotive
1 7 -1886.47 -207 -13.22 -0.0697565 0 -0.997564 0 1 0 0.997564 0 -0.0697565 3005.dat
0 MLCAD BTG Locomotive
1 7 -1447.54 -199 17.473 -0.0697565 0 -0.997564 0 1 0 0.997564 0 -0.0697565 3005.dat
0 MLCAD BTG Locomotive
1 7 -1557.28 -207 9.801 -0.997564 0 0.0697565 0 1 0 -0.0697565 0 -0.997564 3004.dat
0 MLCAD BTG Locomotive
1 7 -1756.79 -207 -4.149 -0.997564 0 0.0697565 0 1 0 -0.0697565 0 -0.997564 2877.dat
0 MLCAD BTG Locomotive
1 7 -1623.62 -207 -44.96 0.0697565 0 0.997564 0 1 0 -0.997564 0 0.0697565 3009.dat
0 MLCAD BTG Locomotive
1 7 -1783.23 -207 -56.121 0.0697565 0 0.997564 0 1 0 -0.997564 0 0.0697565 3455.dat
0 MLCAD BTG Locomotive
1 7 -1806.67 -207 -7.638 -0.0697565 0 -0.997564 0 1 0 0.997564 0 -0.0697565 4181p04.dat
0 MLCAD BTG Locomotive
1 7 -1647.06 -207 3.523 -0.0697565 0 -0.997564 0 1 0 0.997564 0 -0.0697565 3195.dat
0 MLCAD BTG Locomotive
1 7 -1640.08 -207 -96.234 -0.0697565 0 -0.997564 0 1 0 0.997564 0 -0.0697565 3194.dat
0 MLCAD BTG Locomotive
1 7 -1497.43 -207 13.986 -0.997564 0 0.0697565 0 1 0 -0.0697565 0 -0.997564 6556.dat
0 MLCAD BTG Locomotive
1 7 -1446.15 -207 -2.476 0.997564 0 -0.0697565 0 1 0 0.0697565 0 0.997564 2420.dat
0 MLCAD BTG Locomotive
1 7 -1441.96 -207 -62.329 0.0697565 0 0.997564 0 1 0 -0.997564 0 0.0697565 2420.dat
0 MLCAD BTG Locomotive
1 7 -1424.11 -215 -31.009 0.0697565 0 0.997564 0 1 0 -0.997564 0 0.0697565 3710.dat
0 MLCAD BTG Locomotive
1 0 -1454.03 -215 -33.102 0.0697565 0 0.997564 0 1 0 -0.997564 0 0.0697565 3795.dat
0 MLCAD BTG Locomotive
1 0 -1497.43 -215 13.986 0.997564 0 -0.0697565 0 1 0 0.0697565 0 0.997564 3069b.dat
0 MLCAD BTG Locomotive
1 0 -1490.45 -215 -85.77 0.997564 0 -0.0697565 0 1 0 0.0697565 0 0.997564 3069b.dat
0 MLCAD BTG Locomotive
1 0 -1557.28 -215 9.801 0.997564 0 -0.0697565 0 1 0 0.0697565 0 0.997564 2431.dat
0 MLCAD BTG Locomotive
1 0 -1550.3 -215 -89.956 0.997564 0 -0.0697565 0 1 0 0.0697565 0 0.997564 2431.dat
0 MLCAD BTG Locomotive
1 0 -1623.62 -215 -44.96 -0.0697565 0 -0.997564 0 1 0 0.997564 0 -0.0697565 2431.dat
0 MLCAD BTG Locomotive
1 0 -1783.23 -215 -56.121 -0.0697565 0 -0.997564 0 1 0 0.997564 0 -0.0697565 2431.dat
0 MLCAD BTG Locomotive
1 0 -1670.01 -215 -98.326 -0.997564 0 0.0697565 0 1 0 -0.0697565 0 -0.997564 4162.dat
0 MLCAD BTG Locomotive
1 0 -1829.62 -215 -109.488 -0.997564 0 0.0697565 0 1 0 -0.0697565 0 -0.997564 4162.dat
0 MLCAD BTG Locomotive
1 0 -1836.6 -215 -9.731 -0.997564 0 0.0697565 0 1 0 -0.0697565 0 -0.997564 4162.dat
0 MLCAD BTG Locomotive
1 0 -1676.98 -215 1.43 -0.997564 0 0.0697565 0 1 0 -0.0697565 0 -0.997564 4162.dat
0 MLCAD BTG Locomotive
1 7 -1490.45 -207 -85.77 0.997564 0 -0.0697565 0 1 0 0.0697565 0 0.997564 6556.dat
0 MLCAD BTG Locomotive
1 7 -1590.2 -207 -92.745 0.997564 0 -0.0697565 0 1 0 0.0697565 0 0.997564 4035.dat
0 MLCAD BTG Locomotive
1 7 -1597.18 -207 7.011 -0.997564 0 0.0697565 0 1 0 -0.0697565 0 -0.997564 4035.dat
0 MLCAD BTG Locomotive
1 7 -1799.69 -207 -107.394 -0.0697565 0 -0.997564 0 1 0 0.997564 0 -0.0697565 4182p04.dat
0 MLCAD BTG Locomotive
1 47 -1806.67 -207 -7.638 -0.0697565 0 -0.997564 0 1 0 0.997564 0 -0.0697565 4183.dat
0 MLCAD BTG Locomotive
1 47 -1597.18 -207 7.011 -0.997564 0 0.0697565 0 1 0 -0.0697565 0 -0.997564 4036.dat
0 MLCAD BTG Locomotive
1 47 -1590.2 -207 -92.745 0.997564 0 -0.0697565 0 1 0 0.0697565 0 0.997564 4036.dat
0 MLCAD BTG Locomotive
1 47 -1859.55 -207 -111.579 0.0697565 0 0.997564 0 1 0 -0.997564 0 0.0697565 4183.dat
0 MLCAD BTG Locomotive
1 0 -1932.86 -215 -66.584 0.0697565 0 0.997564 0 1 0 -0.997564 0 0.0697565 2917.dat
0 MLCAD BTG Locomotive
1 0 -1892.96 -239 -63.793 0.0697565 0 0.997564 0 1 0 -0.997564 0 0.0697565 2876.dat
0 MLCAD BTG Locomotive
1 0 -1771.16 -239 -85.351 0.997564 0 -0.0697565 0 1 0 0.0697565 0 0.997564 2875.dat
0 MLCAD BTG Locomotive
1 0 -1651.45 -239 -76.978 0.997564 0 -0.0697565 0 1 0 0.0697565 0 0.997564 2875.dat
0 MLCAD BTG Locomotive
1 0 -1531.75 -239 -68.609 0.997564 0 -0.0697565 0 1 0 0.0697565 0 0.997564 2875.dat
0 MLCAD BTG Locomotive
1 0 -1451.94 -239 -63.029 0.997564 0 -0.0697565 0 1 0 0.0697565 0 0.997564 3039.dat
0 MLCAD BTG Locomotive
1 0 -1456.13 -239 -3.174 -0.997564 0 0.0697565 0 1 0 -0.0697565 0 -0.997564 3039.dat
0 MLCAD BTG Locomotive
1 0 -1454.73 -239 -23.125 -0.997564 0 0.0697565 0 1 0 -0.0697565 0 -0.997564 3004.dat
0 MLCAD BTG Locomotive
1 0 -1453.34 -239 -43.078 -0.997564 0 0.0697565 0 1 0 -0.0697565 0 -0.997564 3004.dat
0 MLCAD BTG Locomotive
1 0 -1535.93 -239 -8.755 -0.997564 0 0.0697565 0 1 0 -0.0697565 0 -0.997564 2875.dat
0 MLCAD BTG Locomotive
1 0 -1655.64 -239 -17.127 -0.997564 0 0.0697565 0 1 0 -0.0697565 0 -0.997564 2875.dat
0 MLCAD BTG Locomotive
1 0 -1775.35 -239 -25.496 -0.997564 0 0.0697565 0 1 0 -0.0697565 0 -0.997564 2875.dat
0 MLCAD BTG Locomotive
1 7 -1483.96 -239 -35.194 0.0697565 0 0.997564 0 1 0 -0.997564 0 0.0697565 3710.dat
0 MLCAD BTG Locomotive
1 7 -1535.93 -239 -8.755 -0.997564 0 0.0697565 0 1 0 -0.0697565 0 -0.997564 3710.dat
0 MLCAD BTG Locomotive
1 7 -1783.23 -239 -56.121 0.0697565 0 0.997564 0 1 0 -0.997564 0 0.0697565 3710.dat
0 MLCAD BTG Locomotive
1 7 -1853.06 -239 -61.004 -0.997564 0 0.0697565 0 1 0 -0.0697565 0 -0.997564 3032.dat
0 MLCAD BTG Locomotive
1 7 -1833.11 -231 -59.609 -0.997564 0 0.0697565 0 1 0 -0.0697565 0 -0.997564 3022.dat
0 MLCAD BTG Locomotive
1 7 -1713.4 -231 -51.238 -0.997564 0 0.0697565 0 1 0 -0.0697565 0 -0.997564 3022.dat
0 MLCAD BTG Locomotive
1 7 -1593.69 -231 -42.867 -0.997564 0 0.0697565 0 1 0 -0.0697565 0 -0.997564 3022.dat
0 MLCAD BTG Locomotive
1 0 -1483.96 -231 -35.194 -0.0697565 0 -0.997564 0 1 0 0.997564 0 -0.0697565 3023.dat
0 MLCAD BTG Locomotive
1 0 -1483.96 -223 -35.194 -0.0697565 0 -0.997564 0 1 0 0.997564 0 -0.0697565 3710.dat
0 MLCAD BTG Locomotive
1 0 -1593.69 -223 -42.867 -0.0697565 0 -0.997564 0 1 0 0.997564 0 -0.0697565 3020.dat
0 MLCAD BTG Locomotive
1 0 -1713.4 -223 -51.238 -0.0697565 0 -0.997564 0 1 0 0.997564 0 -0.0697565 3020.dat
0 MLCAD BTG Locomotive
1 0 -1833.11 -223 -59.609 -0.0697565 0 -0.997564 0 1 0 0.997564 0 -0.0697565 3020.dat
0 MLCAD BTG Locomotive
1 7 -1673.5 -239 -48.448 -0.997564 0 0.0697565 0 1 0 -0.0697565 0 -0.997564 3030.dat
0 MLCAD BTG Locomotive
1 0 -1683.47 -247 -49.144 0.0697565 0 0.997564 0 1 0 -0.997564 0 0.0697565 30244.dat
0 MLCAD BTG Locomotive
1 0 -1862.34 -247 -71.676 0.0697565 0 0.997564 0 1 0 -0.997564 0 0.0697565 6141.dat
0 MLCAD BTG Locomotive
1 7 -1823.83 -247 -48.936 0.0697565 0 0.997564 0 1 0 -0.997564 0 0.0697565 4592.dat
0 MLCAD BTG Locomotive
1 0 -1823.83 -249 -48.936 0.0697565 0 0.997564 0 1 0 -0.997564 0 0.0697565 4593.dat
0 MLCAD BTG Locomotive
1 0 -1533.84 -215 -38.682 -0.997564 0 0.0697565 0 1 0 -0.0697565 0 -0.997564 3032.dat
0 MLCAD BTG Locomotive
1 7 -1563.77 -223 -40.775 0.0697565 0 0.997564 0 1 0 -0.997564 0 0.0697565 3023.dat
0 MLCAD BTG Locomotive
1 7 -1543.81 -223 -39.379 0.0697565 0 0.997564 0 1 0 -0.997564 0 0.0697565 3794.dat
0 MLCAD BTG Locomotive
1 7 -1523.86 -223 -37.985 0.0697565 0 0.997564 0 1 0 -0.997564 0 0.0697565 3794.dat
0 MLCAD BTG Locomotive
1 7 -1503.91 -223 -36.59 0.0697565 0 0.997564 0 1 0 -0.997564 0 0.0697565 3794.dat
0 MLCAD BTG Locomotive
1 7 -1563.77 -231 -40.775 0.0697565 0 0.997564 0 1 0 -0.997564 0 0.0697565 30244.dat
0 MLCAD BTG Locomotive
1 0 -1503.91 -305 -36.59 0.0697565 0 0.997564 0 1 0 -0.997564 0 0.0697565 2922a.dat
0 MLCAD BTG Locomotive
1 7 -1533.84 -239 -38.682 0.997564 0 -0.0697565 0 1 0 0.0697565 0 0.997564 4531.dat
0 MLCAD BTG Locomotive
1 0 -1532.84 -243 -38.612 -0.0697565 -0.258189 -0.963573 0 0.965926 -0.258819 0.997564 -0.0180543 -0.0673796 2923.dat
0 MLCAD BTG Locomotive
1 0 -1530.85 -267 -38.473 0.0697565 0.258189 0.963573 0 0.965926 -0.258819 -0.997564 0.0180543 0.0673796 2923.dat
0 MLCAD BTG Locomotive
1 7 -1531.75 -239 -68.609 -0.997564 0 0.0697565 0 1 0 -0.0697565 0 -0.997564 3710.dat
0 MLCAD BTG Locomotive
1 47 -1933.86 -215 -66.655 0.0697565 0 0.997564 0 1 0 -0.997564 0 0.0697565 2918.dat
0 MLCAD BTG Locomotive
1 7 -1879.5 -207 -112.975 -0.0697565 0 -0.997564 0 1 0 0.997564 0 -0.0697565 3005.dat
0 MLCAD BTG Locomotive
1 7 -1440.57 -199 -82.281 -0.0697565 0 -0.997564 0 1 0 0.997564 0 -0.0697565 3005.dat
0 MLCAD BTG Locomotive
1 7 -1550.3 -207 -89.956 -0.997564 0 0.0697565 0 1 0 -0.0697565 0 -0.997564 3004.dat
0 MLCAD BTG Locomotive
1 7 -1749.81 -207 -103.907 0.997564 0 -0.0697565 0 1 0 0.0697565 0 0.997564 2877.dat
0 MLCAD BTG Locomotive
1 15 -1766.77 -127 -4.847 0.997564 0 -0.0697565 0 1 0 0.0697565 0 0.997564 3623.dat
0 MLCAD BTG Locomotive
1 0 -1755.4 -151 -24.102 0.997564 0 -0.0697565 0 1 0 0.0697565 0 0.997564 3023.dat
0 MLCAD BTG Locomotive
1 0 -1751.21 -151 -83.956 0.997564 0 -0.0697565 0 1 0 0.0697565 0 0.997564 3023.dat
0 MLCAD BTG Locomotive
1 4 -1776.74 -135 -5.546 0.997564 0 -0.0697565 0 1 0 0.0697565 0 0.997564 3023.dat
0 MLCAD BTG Locomotive
1 4 -1769.76 -135 -105.303 0.997564 0 -0.0697565 0 1 0 0.0697565 0 0.997564 3023.dat
0 MLCAD BTG Locomotive
1 4 -1741.24 -135 -83.258 -0.997564 0 0.0697565 0 1 0 -0.0697565 0 -0.997564 2420.dat
0 MLCAD BTG Locomotive
1 4 -1745.42 -135 -23.403 -0.0697565 0 -0.997564 0 1 0 0.997564 0 -0.0697565 2420.dat
0 MLCAD BTG Locomotive
1 4 -1753.3 -143 -54.029 -0.0697565 0 -0.997564 0 1 0 0.997564 0 -0.0697565 3020.dat
0 MLCAD BTG Locomotive
1 4 -1753.3 -159 -54.029 -0.0697565 0 -0.997564 0 1 0 0.997564 0 -0.0697565 3020.dat
0 MLCAD BTG Locomotive
1 15 -1759.79 -127 -104.604 0.997564 0 -0.0697565 0 1 0 0.0697565 0 0.997564 3623.dat
0 MLCAD BTG Locomotive
1 1 -1530.35 -119 -88.561 0.997564 0 -0.0697565 0 1 0 0.0697565 0 0.997564 4477.dat
0 MLCAD BTG Locomotive
1 1 -1537.33 -119 11.197 0.997564 0 -0.0697565 0 1 0 0.0697565 0 0.997564 4477.dat
0 MLCAD BTG Locomotive
1 47 -1497.43 -207 13.986 -0.997564 0 0.0697565 0 1 0 -0.0697565 0 -0.997564 4034.dat
0 MLCAD BTG Locomotive
1 47 -1490.45 -207 -85.77 0.997564 0 -0.0697565 0 1 0 0.0697565 0 0.997564 4034.dat
0 MLCAD BTG Locomotive
1 15 -1537.33 -127 11.197 0.997564 0 -0.0697565 0 1 0 0.0697565 0 0.997564 4477.dat
0 MLCAD BTG Locomotive
1 15 -1530.35 -127 -88.561 0.997564 0 -0.0697565 0 1 0 0.0697565 0 0.997564 4477.dat
0 MLCAD BTG Locomotive
1 4 -1916.4 -135 -15.311 0.997564 0 -0.0697565 0 1 0 0.0697565 0 0.997564 3710.dat
0 MLCAD BTG Locomotive
1 4 -1537.33 -135 11.197 0.997564 0 -0.0697565 0 1 0 0.0697565 0 0.997564 4477.dat
0 MLCAD BTG Locomotive
1 4 -1530.35 -135 -88.561 0.997564 0 -0.0697565 0 1 0 0.0697565 0 0.997564 4477.dat
0 MLCAD BTG Locomotive
1 4 -1933.56 -111 -56.608 0.997564 0 -0.0697565 0 1 0 0.0697565 0 0.997564 3004.dat
0 MLCAD BTG Locomotive
1 14 -1555.88 -111 -10.149 0.997564 0 -0.0697565 0 1 0 0.0697565 0 0.997564 3004.dat
0 MLCAD BTG Locomotive
1 7 -1434.08 -95 -31.706 -0.0697565 0 -0.997564 0 1 0 0.997564 0 -0.0697565 3020.dat
0 MLCAD BTG Locomotive
1 7 -1436.18 -103 -1.779 -0.997564 0 0.0697565 0 1 0 -0.0697565 0 -0.997564 3023.dat
0 MLCAD BTG Locomotive
1 7 -1431.99 -103 -61.633 -0.997564 0 0.0697565 0 1 0 -0.0697565 0 -0.997564 3023.dat
0 MLCAD BTG Locomotive
1 7 -1497.43 -111 13.986 -0.997564 0 0.0697565 0 1 0 -0.0697565 0 -0.997564 3009.dat
0 MLCAD BTG Locomotive
1 7 -1617.13 -111 5.616 -0.997564 0 0.0697565 0 1 0 -0.0697565 0 -0.997564 3009.dat
0 MLCAD BTG Locomotive
1 7 -1736.84 -111 -2.754 -0.997564 0 0.0697565 0 1 0 -0.0697565 0 -0.997564 3009.dat
0 MLCAD BTG Locomotive
1 7 -1936.35 -111 -16.707 -0.997564 0 0.0697565 0 1 0 -0.0697565 0 -0.997564 3009.dat
0 MLCAD BTG Locomotive
1 7 -1929.38 -111 -116.462 -0.997564 0 0.0697565 0 1 0 -0.0697565 0 -0.997564 3009.dat
0 MLCAD BTG Locomotive
1 7 -1992.72 -135 -70.771 0.0697565 0 0.997564 0 1 0 -0.997564 0 0.0697565 2916.dat
0 MLCAD BTG Locomotive
1 46 -2022.65 -111 -72.862 0.0697565 0 0.997564 0 1 0 -0.997564 0 0.0697565 2919.dat
0 MLCAD BTG Locomotive
1 7 -1729.86 -111 -102.512 -0.997564 0 0.0697565 0 1 0 -0.0697565 0 -0.997564 3009.dat
0 MLCAD BTG Locomotive
1 7 -1610.16 -111 -94.141 -0.997564 0 0.0697565 0 1 0 -0.0697565 0 -0.997564 3009.dat
0 MLCAD BTG Locomotive
1 7 -1490.45 -111 -85.77 -0.997564 0 0.0697565 0 1 0 -0.0697565 0 -0.997564 3009.dat
0 MLCAD BTG Locomotive
1 14 -1551.7 -111 -70.005 0.997564 0 -0.0697565 0 1 0 0.0697565 0 0.997564 3004.dat
0 MLCAD BTG Locomotive
1 4 -1924.98 -111 -35.959 0.997564 0 -0.0697565 0 1 0 0.0697565 0 0.997564 3622.dat
0 MLCAD BTG Locomotive
1 7 -1623.62 -111 -44.96 0.0697565 0 0.997564 0 1 0 -0.997564 0 0.0697565 3010.dat
0 MLCAD BTG Locomotive
1 14 -1603.67 -111 -43.565 0.0697565 0 0.997564 0 1 0 -0.997564 0 0.0697565 3010.dat
0 MLCAD BTG Locomotive
1 7 -1623.62 -135 -44.96 0.0697565 0 0.997564 0 1 0 -0.997564 0 0.0697565 3010.dat
0 MLCAD BTG Locomotive
1 14 -1603.67 -135 -43.565 0.0697565 0 0.997564 0 1 0 -0.997564 0 0.0697565 3010.dat
0 MLCAD BTG Locomotive
1 14 -1553.79 -135 -40.077 0.0697565 0 0.997564 0 1 0 -0.997564 0 0.0697565 3001.dat
0 MLCAD BTG Locomotive
1 4 -1944.24 -135 -47.331 0.0697565 0 0.997564 0 1 0 -0.997564 0 0.0697565 3660.dat
0 MLCAD BTG Locomotive
1 4 -1941.45 -135 -87.234 0.0697565 0 0.997564 0 1 0 -0.997564 0 0.0697565 3660.dat
0 MLCAD BTG Locomotive
1 0 -1992.72 -127 -70.771 0.0697565 0 0.997564 0 1 0 -0.997564 0 0.0697565 5306a.dat
0 MLCAD BTG Locomotive
1 0 -1753.3 -151 -54.029 -0.0697565 0 -0.997564 0 1 0 0.997564 0 -0.0697565 3956.dat
0 MLCAD BTG Locomotive
1 7 -1676.74 -152.054 -48.676 0.0697565 -0.931307 -0.357495 0 -0.358368 0.933581 -0.997564 -0.0651233 -0.0249985 4592.dat
0 MLCAD BTG Locomotive
1 0 -1675.37 -151.39 -48.58 0.0697565 -0.786091 -0.614162 0 -0.615662 0.788011 -0.997564 -0.0549689 -0.0429464 4593.dat
0 MLCAD BTG Locomotive
1 0 -1703.42 -169 -50.54 -0.0697565 0 0.997564 0 -1 0 0.997564 0 0.0697565 4588.dat
0 MLCAD BTG Locomotive
1 0 -1717.39 -159 -51.517 -0.0697565 -0.997564 0 0 0 -1 0.997564 -0.0697565 0 2342.dat
0 GROUP 215 Locomotive
0 MLCAD BTG MiddelCart
0 Middel cart
0 MLCAD BTG MiddelCart
0 Name: 10001.MiddleCart.ldr
0 MLCAD BTG MiddelCart
0 Author: Redostrike
0 MLCAD BTG MiddelCart
1 7 -1086.88 -88 -62.725 -0.994522 0 -0.104528 0 1 0 0.104528 0 -0.994522 4093a.dat
0 MLCAD BTG MiddelCart
1 0 -937.698 -72 -78.404 0.104528 0 -0.994522 0 1 0 0.994522 0 0.104528 2878c01.dat
0 MLCAD BTG MiddelCart
1 0 -858.136 -72 -86.765 0.104528 0 -0.994522 0 1 0 0.994522 0 0.104528 2878c01.dat
0 MLCAD BTG MiddelCart
1 0 -957.588 -64 -76.314 0.104528 0 -0.994522 0 1 0 0.994522 0 0.104528 3023.dat
0 MLCAD BTG MiddelCart
1 0 -887.972 -64 -83.63 -0.994522 0 -0.104528 0 1 0 0.104528 0 -0.994522 3795.dat
0 MLCAD BTG MiddelCart
1 0 -897.916 -56 -82.584 0.104528 0 -0.994522 0 1 0 0.994522 0 0.104528 3666.dat
0 MLCAD BTG MiddelCart
1 0 -902.098 -64 -122.366 0.104528 0 -0.994522 0 1 0 0.994522 0 0.104528 3069b.dat
0 MLCAD BTG MiddelCart
1 0 -893.736 -64 -42.804 0.104528 0 -0.994522 0 1 0 0.994522 0 0.104528 3069b.dat
0 MLCAD BTG MiddelCart
1 0 -897.916 -48 -82.584 -0.994522 0 -0.104528 0 1 0 0.104528 0 -0.994522 3002.dat
0 MLCAD BTG MiddelCart
1 0 -848.192 -72 -87.812 0.104528 0 -0.994522 0 1 0 0.994522 0 0.104528 4022.dat
0 MLCAD BTG MiddelCart
1 0 -818.354 -56 -90.948 0.104528 0 -0.994522 0 1 0 0.994522 0 0.104528 2920.dat
0 MLCAD BTG MiddelCart
1 0 -783.547 -52 -94.606 0.104528 0 -0.994522 0 1 0 0.994522 0 0.104528 73092.dat
0 MLCAD BTG MiddelCart
1 0 -927.753 -72 -79.45 0.994522 0 0.104528 0 1 0 -0.104528 0 0.994522 3020.dat
0 MLCAD BTG MiddelCart
1 0 -907.863 -80 -81.54 -0.994522 0 -0.104528 0 1 0 0.104528 0 -0.994522 4092b.dat
0 MLCAD BTG MiddelCart
1 0 -1236.06 -72 -47.045 -0.104528 0 0.994522 0 1 0 -0.994522 0 -0.104528 2878c01.dat
0 MLCAD BTG MiddelCart
1 0 -1315.62 -72 -38.683 -0.104528 0 0.994522 0 1 0 -0.994522 0 -0.104528 2878c01.dat
0 MLCAD BTG MiddelCart
1 0 -1216.17 -64 -49.136 -0.104528 0 0.994522 0 1 0 -0.994522 0 -0.104528 3023.dat
0 MLCAD BTG MiddelCart
1 0 -1285.78 -64 -41.819 0.994522 0 0.104528 0 1 0 -0.104528 0 0.994522 3795.dat
0 MLCAD BTG MiddelCart
1 0 -1275.84 -56 -42.864 -0.104528 0 0.994522 0 1 0 -0.994522 0 -0.104528 3666.dat
0 MLCAD BTG MiddelCart
1 0 -1271.65 -64 -3.084 -0.104528 0 0.994522 0 1 0 -0.994522 0 -0.104528 3069b.dat
0 MLCAD BTG MiddelCart
1 0 -1280.02 -64 -82.644 -0.104528 0 0.994522 0 1 0 -0.994522 0 -0.104528 3069b.dat
0 MLCAD BTG MiddelCart
1 0 -1275.84 -48 -42.864 0.994522 0 0.104528 0 1 0 -0.104528 0 0.994522 3002.dat
0 MLCAD BTG MiddelCart
1 0 -1325.56 -72 -37.637 -0.104528 0 0.994522 0 1 0 -0.994522 0 -0.104528 4022.dat
0 MLCAD BTG MiddelCart
1 0 -1355.4 -56 -34.502 -0.104528 0 0.994522 0 1 0 -0.994522 0 -0.104528 2920.dat
0 MLCAD BTG MiddelCart
1 0 -1390.2 -52 -30.843 -0.104528 0 0.994522 0 1 0 -0.994522 0 -0.104528 73092.dat
0 MLCAD BTG MiddelCart
1 0 -1246 -72 -46 -0.994522 0 -0.104528 0 1 0 0.104528 0 -0.994522 3020.dat
0 MLCAD BTG MiddelCart
1 0 -1265.89 -80 -43.91 0.994522 0 0.104528 0 1 0 -0.104528 0 0.994522 4092b.dat
0 MLCAD BTG MiddelCart
1 7 -808.411 -96 -91.993 0.104528 0 -0.994522 0 1 0 0.994522 0 0.104528 3020.dat
0 MLCAD BTG MiddelCart
1 7 -1365.34 -96 -33.457 0.104528 0 -0.994522 0 1 0 0.994522 0 0.104528 3020.dat
0 MLCAD BTG MiddelCart
1 7 -1368.48 -104 -63.293 -0.994522 0 -0.104528 0 1 0 0.104528 0 -0.994522 3023.dat
0 MLCAD BTG MiddelCart
1 0 -1368.48 -128 -63.293 -0.994522 0 -0.104528 0 1 0 0.104528 0 -0.994522 2877.dat
0 MLCAD BTG MiddelCart
1 0 -1362.21 -128 -3.619 0.994522 0 0.104528 0 1 0 -0.104528 0 0.994522 2877.dat
0 MLCAD BTG MiddelCart
1 0 -811.545 -128 -121.828 -0.994522 0 -0.104528 0 1 0 0.104528 0 -0.994522 2877.dat
0 MLCAD BTG MiddelCart
1 0 -1368.48 -152 -63.293 -0.994522 0 -0.104528 0 1 0 0.104528 0 -0.994522 2877.dat
0 MLCAD BTG MiddelCart
1 0 -1362.21 -152 -3.619 0.994522 0 0.104528 0 1 0 -0.104528 0 0.994522 2877.dat
0 MLCAD BTG MiddelCart
1 0 -1368.48 -176 -63.293 -0.994522 0 -0.104528 0 1 0 0.104528 0 -0.994522 2877.dat
0 MLCAD BTG MiddelCart
1 0 -1362.21 -176 -3.619 0.994522 0 0.104528 0 1 0 -0.104528 0 0.994522 2877.dat
0 MLCAD BTG MiddelCart
1 0 -1368.48 -200 -63.293 -0.994522 0 -0.104528 0 1 0 0.104528 0 -0.994522 2877.dat
0 MLCAD BTG MiddelCart
1 0 -1362.21 -200 -3.619 0.994522 0 0.104528 0 1 0 -0.104528 0 0.994522 2877.dat
0 MLCAD BTG MiddelCart
1 0 -811.545 -200 -121.828 -0.994522 0 -0.104528 0 1 0 0.104528 0 -0.994522 2877.dat
0 MLCAD BTG MiddelCart
1 7 -821.492 -208 -120.784 -0.994522 0 -0.104528 0 1 0 0.104528 0 -0.994522 3623.dat
0 MLCAD BTG MiddelCart
1 7 -808.411 -216 -91.993 0.104528 0 -0.994522 0 1 0 0.994522 0 0.104528 3020.dat
0 MLCAD BTG MiddelCart
1 0 -838.245 -216 -88.856 0.104528 0 -0.994522 0 1 0 0.994522 0 0.104528 3710.dat
0 MLCAD BTG MiddelCart
1 0 -1335.51 -216 -36.592 0.104528 0 -0.994522 0 1 0 0.994522 0 0.104528 3710.dat
0 MLCAD BTG MiddelCart
1 0 -959.679 -216 -96.204 0.104528 0 -0.994522 0 1 0 0.994522 0 0.104528 3069b.dat
0 MLCAD BTG MiddelCart
1 0 -873.307 -216 -135.447 0.994522 0 0.104528 0 1 0 -0.104528 0 0.994522 3666.dat
0 MLCAD BTG MiddelCart
1 0 -1012.54 -216 -120.813 -0.994522 0 -0.104528 0 1 0 0.104528 0 -0.994522 4162.dat
0 MLCAD BTG MiddelCart
1 0 -910.999 -240 -111.376 0.994522 0 0.104528 0 1 0 -0.104528 0 0.994522 2875.dat
0 MLCAD BTG MiddelCart
1 0 -1030.34 -240 -98.833 0.994522 0 0.104528 0 1 0 -0.104528 0 0.994522 2875.dat
0 MLCAD BTG MiddelCart
1 0 -1149.68 -240 -86.289 0.994522 0 0.104528 0 1 0 -0.104528 0 0.994522 2875.dat
0 MLCAD BTG MiddelCart
1 0 -1269.03 -240 -73.744 0.994522 0 0.104528 0 1 0 -0.104528 0 0.994522 2875.dat
0 MLCAD BTG MiddelCart
1 0 -1348.59 -240 -65.384 0.994522 0 0.104528 0 1 0 -0.104528 0 0.994522 3039.dat
0 MLCAD BTG MiddelCart
1 0 -1342.32 -240 -5.711 -0.994522 0 -0.104528 0 1 0 0.104528 0 -0.994522 3039.dat
0 MLCAD BTG MiddelCart
1 0 -1345.45 -240 -35.547 0.104528 0 -0.994522 0 1 0 0.994522 0 0.104528 3003.dat
0 MLCAD BTG MiddelCart
1 0 -831.437 -240 -119.737 0.994522 0 0.104528 0 1 0 -0.104528 0 0.994522 3039.dat
0 MLCAD BTG MiddelCart
1 0 -825.164 -240 -60.067 -0.994522 0 -0.104528 0 1 0 0.104528 0 -0.994522 3039.dat
0 MLCAD BTG MiddelCart
1 0 -828.302 -240 -89.903 0.104528 0 -0.994522 0 1 0 0.994522 0 0.104528 3003.dat
0 MLCAD BTG MiddelCart
1 0 -1262.75 -240 -14.075 -0.994522 0 -0.104528 0 1 0 0.104528 0 -0.994522 2875.dat
0 MLCAD BTG MiddelCart
1 0 -1143.41 -240 -26.616 -0.994522 0 -0.104528 0 1 0 0.104528 0 -0.994522 2875.dat
0 MLCAD BTG MiddelCart
1 0 -1024.07 -240 -39.16 -0.994522 0 -0.104528 0 1 0 0.104528 0 -0.994522 2875.dat
0 MLCAD BTG MiddelCart
1 0 -904.728 -240 -51.704 -0.994522 0 -0.104528 0 1 0 0.104528 0 -0.994522 2875.dat
0 MLCAD BTG MiddelCart
1 0 -1171.67 -216 -104.088 -0.994522 0 -0.104528 0 1 0 0.104528 0 -0.994522 4162.dat
0 MLCAD BTG MiddelCart
1 0 -1161.21 -216 -4.636 -0.994522 0 -0.104528 0 1 0 0.104528 0 -0.994522 4162.dat
0 MLCAD BTG MiddelCart
1 0 -1002.09 -216 -21.36 -0.994522 0 -0.104528 0 1 0 0.104528 0 -0.994522 4162.dat
0 MLCAD BTG MiddelCart
1 0 -862.854 -216 -35.995 0.994522 0 0.104528 0 1 0 -0.104528 0 0.994522 3666.dat
0 MLCAD BTG MiddelCart
1 7 -1365.34 -216 -33.457 -0.104528 0 0.994522 0 1 0 -0.994522 0 -0.104528 3020.dat
0 MLCAD BTG MiddelCart
1 0 -1300.44 -216 9.998 -0.994522 0 -0.104528 0 1 0 0.104528 0 -0.994522 3666.dat
0 MLCAD BTG MiddelCart
1 0 -1310.9 -216 -89.455 -0.994522 0 -0.104528 0 1 0 0.104528 0 -0.994522 3666.dat
0 MLCAD BTG MiddelCart
1 7 -815.22 -208 -61.112 -0.994522 0 -0.104528 0 1 0 0.104528 0 -0.994522 3623.dat
0 MLCAD BTG MiddelCart
1 7 -1358.53 -208 -64.338 -0.994522 0 -0.104528 0 1 0 0.104528 0 -0.994522 3623.dat
0 MLCAD BTG MiddelCart
1 7 -1352.26 -208 -4.667 -0.994522 0 -0.104528 0 1 0 0.104528 0 -0.994522 3623.dat
0 MLCAD BTG MiddelCart
1 0 -805.275 -200 -62.157 0.994522 0 0.104528 0 1 0 -0.104528 0 0.994522 2877.dat
0 MLCAD BTG MiddelCart
1 0 -811.545 -152 -121.828 -0.994522 0 -0.104528 0 1 0 0.104528 0 -0.994522 2877.dat
0 MLCAD BTG MiddelCart
1 0 -805.275 -128 -62.157 0.994522 0 0.104528 0 1 0 -0.104528 0 0.994522 2877.dat
0 MLCAD BTG MiddelCart
1 0 -805.275 -152 -62.157 0.994522 0 0.104528 0 1 0 -0.104528 0 0.994522 2877.dat
0 MLCAD BTG MiddelCart
1 0 -811.545 -176 -121.828 -0.994522 0 -0.104528 0 1 0 0.104528 0 -0.994522 2877.dat
0 MLCAD BTG MiddelCart
1 0 -805.275 -176 -62.157 0.994522 0 0.104528 0 1 0 -0.104528 0 0.994522 2877.dat
0 MLCAD BTG MiddelCart
1 7 -1362.21 -104 -3.619 -0.994522 0 -0.104528 0 1 0 0.104528 0 -0.994522 3023.dat
0 MLCAD BTG MiddelCart
1 7 -805.275 -104 -62.157 -0.994522 0 -0.104528 0 1 0 0.104528 0 -0.994522 3023.dat
0 MLCAD BTG MiddelCart
1 7 -811.545 -104 -121.828 -0.994522 0 -0.104528 0 1 0 0.104528 0 -0.994522 3023.dat
0 MLCAD BTG MiddelCart
1 14 -1088.97 -112 -82.614 0.104528 0 -0.994522 0 1 0 0.994522 0 0.104528 3003.dat
0 MLCAD BTG MiddelCart
1 14 -1168.53 -112 -74.253 0.104528 0 -0.994522 0 1 0 0.994522 0 0.104528 3003.dat
0 MLCAD BTG MiddelCart
1 14 -1207.27 -112 -60.126 -0.994522 0 -0.104528 0 1 0 0.104528 0 -0.994522 3937.dat
0 MLCAD BTG MiddelCart
1 14 -1048.14 -112 -76.851 -0.994522 0 -0.104528 0 1 0 0.104528 0 -0.994522 3937.dat
0 MLCAD BTG MiddelCart
1 14 -1048.14 -112 -76.851 -0.994522 0 -0.104528 0 1 0 0.104528 0 -0.994522 3938.dat
0 MLCAD BTG MiddelCart
1 14 -1207.27 -112 -60.126 -0.994522 0 -0.104528 0 1 0 0.104528 0 -0.994522 3938.dat
0 MLCAD BTG MiddelCart
1 14 -1009.41 -112 -90.978 0.104528 0 -0.994522 0 1 0 0.994522 0 0.104528 3003.dat
0 MLCAD BTG MiddelCart
1 14 -1239.19 -112 -76.882 0.104528 0 -0.994522 0 1 0 0.994522 0 0.104528 2357.dat
0 MLCAD BTG MiddelCart
1 7 -1231.34 -112 -97.817 -0.994522 0 -0.104528 0 1 0 0.104528 0 -0.994522 3009.dat
0 MLCAD BTG MiddelCart
1 1 -1191.56 -120 -101.998 0.994522 0 0.104528 0 1 0 -0.104528 0 0.994522 4477.dat
0 MLCAD BTG MiddelCart
1 15 -1231.34 -128 -97.817 -0.994522 0 -0.104528 0 1 0 0.104528 0 -0.994522 3666.dat
0 MLCAD BTG MiddelCart
1 15 -1220.88 -128 1.635 -0.994522 0 -0.104528 0 1 0 0.104528 0 -0.994522 3666.dat
0 MLCAD BTG MiddelCart
1 15 -942.418 -128 -27.631 -0.994522 0 -0.104528 0 1 0 0.104528 0 -0.994522 3666.dat
0 MLCAD BTG MiddelCart
1 15 -1081.65 -128 -12.998 0.994522 0 0.104528 0 1 0 -0.104528 0 0.994522 3460.dat
0 MLCAD BTG MiddelCart
