0 FILE 10174 - main.ldr
0 main
0 Name: 10174 - main.ldr
0 Author: Roland Dahl [RolandD]
0 !LDRAW_ORG Unofficial_Model
0 !LICENSE Redistributable under CCAL version 2.0 : see CAreadme.txt
0 !THEME Star Wars / Ultimate Collector Series / Star Wars Episode 4/5/6

1 71 0 8 0 1 0 0 0 1 0 0 0 1 3032.dat
1 72 0 8 -70 1 0 0 0 1 0 0 0 1 2419.dat
0 STEP
1 4 40 -16 -10 1 0 0 0 1 0 0 0 1 3298.dat
1 4 -20 -16 -10 1 0 0 0 1 0 0 0 1 3298.dat
1 19 10 -16 40 0 0 1 0 1 0 -1 0 0 3701.dat
1 72 10 0 -40 0 0 1 0 1 0 -1 0 0 3710.dat
0 STEP
1 71 20 8 80 1 0 0 0 1 0 0 0 1 3032.dat
1 71 -10 0 -70 -1 0 0 0 1 0 0 0 -1 2420.dat
1 71 30 0 -70 0 0 1 0 1 0 -1 0 0 2420.dat
0 STEP
1 72 70 8 0 0 0 1 0 1 0 -1 0 0 3710.dat
1 72 -50 8 80 0 0 1 0 1 0 -1 0 0 3710.dat
1 71 50 8 130 1 0 0 0 1 0 0 0 1 2420.dat
1 71 -30 8 130 0 0 -1 0 1 0 1 0 0 2420.dat
0 STEP
1 71 80 0 -20 1 0 0 0 1 0 0 0 1 41770.dat
1 71 -60 0 -20 1 0 0 0 1 0 0 0 1 41769.dat
1 72 80 0 40 1 0 0 0 1 0 0 0 1 3022.dat
1 72 -60 0 40 1 0 0 0 1 0 0 0 1 3022.dat
1 71 80 0 100 -1 0 0 0 1 0 0 0 -1 41769.dat
1 71 -60 0 100 -1 0 0 0 1 0 0 0 -1 41770.dat
0 STEP
1 71 10 -118 224 1 0 0 0 0.6 -0.8 0 0.8 0.6 10174 - subModel-1.ldr
0 STEP
1 71 10 -6 40 1 0 0 0 1 0 0 0 1 32073.dat
0 STEP
1 72 70 -24 40 1 0 0 0 1 0 0 0 1 41748.dat
1 72 -50 -24 40 1 0 0 0 1 0 0 0 1 41747.dat
1 72 80 -24 100 -1 0 0 0 1 0 0 0 -1 43720.dat
1 72 -60 -24 100 -1 0 0 0 1 0 0 0 -1 43721.dat
0 STEP
1 71 10 -24 40 -1 0 0 0 1 0 0 0 -1 3021.dat
1 71 40 -24 90 0 0 -1 0 1 0 1 0 0 3021.dat
1 71 -20 -24 90 0 0 -1 0 1 0 1 0 0 3021.dat
1 72 50 -24 40 0 0 1 0 1 0 -1 0 0 3023.dat
1 72 -30 -24 40 0 0 1 0 1 0 -1 0 0 3023.dat
1 0 10 -24 10 0 0 1 0 1 0 -1 0 0 4073.dat
1 72 10 -24 -10 0 0 1 0 1 0 -1 0 0 3062b.dat
1 72 10 -24 -30 1 0 0 0 1 0 0 0 1 4286.dat
0 STEP
1 71 10 -32 -20 0 0 1 0 1 0 -1 0 0 44301.dat
1 72 10 -32 40 0 0 1 0 1 0 -1 0 0 3710.dat
1 71 30 -48 90 0 0 -1 0 1 0 1 0 0 3675.dat
1 71 -10 -48 90 -1 0 0 0 1 0 0 0 -1 3675.dat
0 STEP
1 72 10 -56 60 1 0 0 0 1 0 0 0 1 42022.dat
1 72 -10 -48 70 0 0 1 0 1 0 -1 0 0 4286.dat
1 72 30 -48 70 0 0 -1 0 1 0 1 0 0 4286.dat
1 71 30 -48 40 1 0 0 0 1 0 0 0 1 41750.dat
1 71 -10 -48 40 1 0 0 0 1 0 0 0 1 41749.dat
0 STEP
1 72 30 -56 50 0 0 1 0 1 0 -1 0 0 6190.dat
1 72 -10 -56 50 0 0 1 0 1 0 -1 0 0 6190.dat
1 71 -10 -72 90 0 0 1 0 1 0 -1 0 0 4599a.dat
1 71 30 -72 90 0 0 -1 0 1 0 1 0 0 4599a.dat
0 STEP

1 71 -10 -407.844 176.761 0 0 1 0.984 -0.176 0 0.176 0.984 0 10174 - subModel-9.ldr
0 STEP
1 72 -10 -584.645 37.22 1 0 0 0 0.941 0.34 0 -0.34 0.941 10174 - subModel-11.ldr
0 STEP
1 71 30 -407.844 176.761 1 0 0 0 -0.176 -0.984 0 0.984 -0.176 10174 - subModel-18.ldr
0 STEP
1 71 20.18 -431.654 196.888 0 0 1.018 0.994 -0.171 0 0.176 0.958 0.003 10174 - subModel-19.ldr
0 STEP
1 71 50 -527.684 165.481 1 0 0 0 0.984 -0.176 0 0.176 0.984 10174 - subModel-21.ldr
0 STEP
1 71 50 -309.444 194.361 0 0 -1 -0.984 -0.176 0 -0.176 0.984 0 10174 - subModel-22.ldr
0 STEP
1 72 60 -603.763 20.208 1 0 0 0 0.982 0.191 0 -0.191 0.982 10174 - subModel-24.ldr
0 STEP
1 71 88 -609.212 -60.23 0 -1 0 0.94 0 0.34 -0.34 0 0.94 4032a.dat
1 71 100 -609.212 -60.23 0 0 -1 0.942 -0.336 0 -0.336 -0.942 0 3713.dat
0 STEP
1 72 200 -553.491 153.057 1 0 0 0 0.982 0.191 0 -0.191 0.982 10174 - subModel-25.ldr
0 STEP
1 72 400 8 0 1 0 0 0 1 0 0 0 1 10174 - subModel-31.ldr
0 STEP
1 72 200 -560.915 72.969 1 0 0 0 0.982 0.191 0 -0.191 0.982 10174 - subModel-41.ldr
0 STEP
1 71 10 -19.672 -99.934 0 0 1 0.391 0.921 0 -0.921 0.391 0 10174 - subModel-42.ldr
1 71 390 -19.66 -99.96 0 0 1 0.391 0.921 0 -0.921 0.391 0 10174 - subModel-42.ldr
0 STEP
1 72 200 -717.634 21.886 0 0 -1.002 0.191 0.985 0 0.983 -0.192 0 10174 - subModel-44.ldr
0 STEP
1 1 200.04 -668.229 -138.563 1 0 0 0 0.956 -0.293 0 0.293 0.956 10174 - subModel-52.ldr
0 STEP
1 72 200.055 -979.951 -47.762 1 0 0 0 0.485 -0.874 0 0.874 0.485 10174 - subModel-56.ldr
1 14 200.06 -807.188 -122.394 1 0 0 0 0.616 -0.788 0 0.788 0.616 3020.dat
0 STEP
1 4 112.696 -758.32 -124.701 0.18 0.983 0.043 0.864 -0.139 -0.495 -0.478 0.128 -0.871 10174 - subModel-60.ldr
0 STEP
1 72 143.501 -862.375 47.347 0.028 0.185 -0.984 0.476 0.865 0.176 0.88 -0.474 -0.063 10174 - subModel-72.ldr
1 14 132.129 -846.98 153.108 0.029 0.182 -0.985 0.48 0.863 0.174 0.878 -0.478 -0.062 10174 - subModel-73.ldr
0 STEP
1 72 287.304 -758.32 -124.701 0.18 -0.983 -0.043 -0.864 -0.139 -0.495 0.478 0.128 -0.871 10174 - subModel-66.ldr
0 STEP
1 72 256.32 -862.914 44.838 0.087 -0.183 0.981 -0.464 0.865 0.202 -0.883 -0.474 -0.011 10174 - subModel-72.ldr
1 14 307.27 -840.04 150.473 0.029 -0.182 -0.985 0.488 0.864 -0.145 0.874 -0.477 0.114 10174 - subModel-73.ldr
0 STEP
1 72 141.968 -870.391 52.08 1 0.031 -0.001 -0.015 0.469 -0.883 -0.027 0.882 0.47 10174 - subModel-81.ldr
0 STEP
1 72 199.599 -860.273 217.21 0 0 -1.006 0.99 -0.194 0 -0.195 -0.988 0 10174 - subModel-74.ldr
0 STEP
1 72 199.458 -986.567 33.592 0 0 -1.004 0.193 0.989 0 0.984 -0.195 0 10174 - subModel-77.ldr
0 STEP
0 STEP
1 71 -269.916 -98.368 -201.264 0.906 0 -0.423 0 1 0 0.423 0 0.906 10174 - subModel-82.ldr

0 FILE 10174 - subModel-1.ldr
0 subModel-1
0 Author: Roland Dahl [RolandD]
0 Name: 10174 - subModel-1.ldr
0 !LDRAW_ORG Unofficial_Model
0 !LICENSE Redistributable under CCAL version 2.0 : see CAreadme.txt
0 !THEME Star Wars / Ultimate Collector Series / Star Wars Episode 4/5/6
1 71 0 0 0 0 -1 0 1 0 0 0 0 1 41239.dat
1 0 0 0 -120 1 0 0 0 1 0 0 0 1 6558.dat
1 0 0 0 -40 1 0 0 0 1 0 0 0 1 6558.dat
0 STEP
1 72 -20 0 -20 0 -1 0 -1 0 0 0 0 -1 32271.dat
0 STEP
1 71 0 0 120 1 0 0 0 -1 0 0 0 -1 10174 - subModel-2.ldr
1 71 15 0 120 0 0 -1 1 0 0 0 -1 0 32123a.dat
1 72 20 0 -20 0 -1 0 -1 0 0 0 0 -1 32271.dat
0 STEP
1 1 30 0 -100 1 0 0 0 0 1 0 -1 0 4274.dat
1 1 30 0 -60 1 0 0 0 0 1 0 -1 0 4274.dat
1 1 -30 0 -60 -1 0 0 0 0 -1 0 -1 0 4274.dat
1 1 -30 0 -100 -1 0 0 0 0 -1 0 -1 0 4274.dat
0 STEP
1 72 -40 -54 -168 1 0 0 0 0.6 0.8 0 -0.8 0.6 10174 - subModel-3.ldr
0 STEP
1 72 40 -54 -168 1 0 0 0 0.6 0.8 0 -0.8 0.6 10174 - subModel-4.ldr
0 STEP
1 71 38 0 -70 0 -1 0 0 0 1 -1 0 0 2431.dat
1 71 -38 0 -70 0 1 0 0 0 1 1 0 0 2431.dat
0 STEP

1 72 0 -45.269 -44.736 0 0 1 -0.994 0.111 0 -0.111 -0.994 0 10174 - subModel-5.ldr
1 71 0 -32 -164 1 0 0 0 0.111 0.994 0 -0.994 0.111 32073.dat

0 FILE 10174 - subModel-2.ldr
0 subModel-2
0 Author: Roland Dahl [RolandD]
0 Name: 10174 - subModel-2.ldr
0 !LDRAW_ORG Unofficial_Model
0 !LICENSE Redistributable under CCAL version 2.0 : see CAreadme.txt
0 !THEME Star Wars / Ultimate Collector Series / Star Wars Episode 4/5/6
1 0 0 0 0 1 0 0 0 1 0 0 0 1 32062.dat
1 71 -15 0 0 0 0 1 0 1 0 -1 0 0 32123a.dat

0 FILE 10174 - subModel-3.ldr
0 subModel-3
0 Author: Roland Dahl [RolandD]
0 Name: 10174 - subModel-3.ldr
0 !LDRAW_ORG Unofficial_Model
0 !LICENSE Redistributable under CCAL version 2.0 : see CAreadme.txt
0 !THEME Star Wars / Ultimate Collector Series / Star Wars Episode 4/5/6
1 71 0 0 0 0 0 1 0 1 0 -1 0 0 3702.dat
1 0 10 10 -60 -1 0 0 0 1 0 0 0 -1 2780.dat
1 0 10 10 -20 -1 0 0 0 1 0 0 0 -1 2780.dat
1 0 10 10 40 -1 0 0 0 1 0 0 0 -1 2780.dat
1 0 10 10 60 -1 0 0 0 1 0 0 0 -1 2780.dat
0 STEP
1 19 20 0 -40 0 0 -1 0 1 0 1 0 0 3701.dat
1 72 0 -8 60 0 0 -1 0 1 0 1 0 0 3023.dat

0 FILE 10174 - subModel-4.ldr
0 subModel-4
0 Author: Roland Dahl [RolandD]
0 Name: 10174 - subModel-4.ldr
0 !LDRAW_ORG Unofficial_Model
0 !LICENSE Redistributable under CCAL version 2.0 : see CAreadme.txt
0 !THEME Star Wars / Ultimate Collector Series / Star Wars Episode 4/5/6
1 71 0 0 0 0 0 1 0 1 0 -1 0 0 3702.dat
1 0 -10 10 60 1 0 0 0 0 -1 0 1 0 2780.dat
1 0 -10 10 40 1 0 0 0 0 -1 0 1 0 2780.dat
1 0 -10 10 -60 1 0 0 0 0 -1 0 1 0 2780.dat
1 0 -10 10 -20 1 0 0 0 0 -1 0 1 0 2780.dat
0 STEP
1 19 -20 0 -40 0 0 1 0 1 0 -1 0 0 3701.dat
1 72 0 -8 60 0 0 1 0 1 0 -1 0 0 3023.dat

0 FILE 10174 - subModel-5.ldr
0 subModel-5
0 Author: Roland Dahl [RolandD]
0 Name: 10174 - subModel-5.ldr
0 !LDRAW_ORG Unofficial_Model
0 !LICENSE Redistributable under CCAL version 2.0 : see CAreadme.txt
0 !THEME Star Wars / Ultimate Collector Series / Star Wars Episode 4/5/6
1 71 0 0 0 -1 0 0 0 0 1 0 1 0 41239.dat
1 1 0 40 10 0 1 0 0 0 1 1 0 0 4274.dat
1 1 0 0 10 0 1 0 0 0 1 1 0 0 4274.dat
1 1 0 -40 10 0 1 0 0 0 1 1 0 0 4274.dat
1 1 0 -20 -10 0 -1 0 0 0 1 -1 0 0 4274.dat
1 1 0 20 -10 0 -1 0 0 0 1 -1 0 0 4274.dat
1 1 0 60 -10 0 -1 0 0 0 1 -1 0 0 4274.dat
0 STEP
1 72 -10 -20 18 -1 0 0 0 0 -1 0 -1 0 10174 - subModel-6.ldr

0 STEP
1 0 -10 40 -18 1 0 0 0 0 -1 0 1 0 10174 - subModel-7.ldr

0 FILE 10174 - subModel-6.ldr
0 subModel-6
0 Author: Roland Dahl [RolandD]
0 Name: 10174 - subModel-6.ldr
0 !LDRAW_ORG Unofficial_Model
0 !LICENSE Redistributable under CCAL version 2.0 : see CAreadme.txt
0 !THEME Star Wars / Ultimate Collector Series / Star Wars Episode 4/5/6
1 72 0 0 0 -1 0 0 0 1 0 0 0 -1 43722.dat
1 72 0 0 -60 1 0 0 0 1 0 0 0 1 43723.dat
0 STEP
1 72 -10 -8 -30 0 0 1 0 1 0 -1 0 0 2412b.dat
1 72 -10 -8 -70 0 0 1 0 1 0 -1 0 0 3023.dat
1 72 -10 -8 10 0 0 1 0 1 0 -1 0 0 3023.dat

0 FILE 10174 - subModel-7.ldr
0 subModel-7
0 Author: Roland Dahl [RolandD]
0 Name: 10174 - subModel-7.ldr
0 !LDRAW_ORG Unofficial_Model
0 !LICENSE Redistributable under CCAL version 2.0 : see CAreadme.txt
0 !THEME Star Wars / Ultimate Collector Series / Star Wars Episode 4/5/6
1 72 0 0 0 1 0 0 0 1 0 0 0 1 43722.dat
1 72 0 0 60 -1 0 0 0 1 0 0 0 -1 43723.dat
0 STEP
1 72 10 -8 30 0 0 -1 0 1 0 1 0 0 2412b.dat
0 STEP
1 72 10 -8 70 0 0 -1 0 1 0 1 0 0 44728.dat
1 72 10 -8 -10 0 0 -1 0 1 0 1 0 0 44728.dat
0 STEP
1 71 32 12 70 0 -1 0 0 0 -1 1 0 0 3068b.dat
1 0 40 12 -10 0 -1 0 0 0 -1 1 0 0 10174 - subModel-8.ldr

0 FILE 10174 - subModel-8.ldr
0 subModel-8
0 Author: Roland Dahl [RolandD]
0 Name: 10174 - subModel-8.ldr
0 !LDRAW_ORG Unofficial_Model
0 !LICENSE Redistributable under CCAL version 2.0 : see CAreadme.txt
0 !THEME Star Wars / Ultimate Collector Series / Star Wars Episode 4/5/6
1 72 0 0 0 1 0 0 0 1 0 0 0 1 4740.dat
1 0 0 8 0 1 0 0 0 1 0 0 0 1 4073.dat

0 FILE 10174 - subModel-9.ldr
0 subModel-9
0 Author: Roland Dahl [RolandD]
0 Name: 10174 - subModel-9.ldr
0 !LDRAW_ORG Unofficial_Model
0 !LICENSE Redistributable under CCAL version 2.0 : see CAreadme.txt
0 !THEME Star Wars / Ultimate Collector Series / Star Wars Episode 4/5/6
1 71 0 0 0 1 0 0 0 1 0 0 0 1 2730.dat
1 71 200 0 0 1 0 0 0 1 0 0 0 1 2730.dat
0 STEP
1 72 20 -24 0 0 0 1 0 1 0 -1 0 0 42022.dat
1 71 120 -8 0 1 0 0 0 1 0 0 0 1 4162.dat
1 71 250 -24 0 0 0 1 0 1 0 -1 0 0 4286.dat
1 71 270 -24 0 0 0 -1 0 1 0 1 0 0 3040b.dat
0 STEP
1 71 270 24 0 0 0 -1 0 1 0 1 0 0 3665.dat
1 71 250 24 0 0 0 1 0 1 0 -1 0 0 4287.dat
1 71 140 24 0 1 0 0 0 1 0 0 0 1 3666.dat
1 71 -60 24 0 1 0 0 0 1 0 0 0 1 6111.dat
1 71 50 24 0 0 0 -1 0 1 0 1 0 0 3665.dat
0 STEP
1 1 260 10 -10 0 0 1 0 1 0 -1 0 0 4274.dat
1 1 180 10 -10 0 0 1 0 1 0 -1 0 0 4274.dat
1 1 80 10 -10 0 0 1 0 1 0 -1 0 0 4274.dat
1 1 20 10 -10 0 0 1 0 1 0 -1 0 0 4274.dat
1 0 -80 10 -10 0 0 1 0 1 0 -1 0 0 2780.dat
1 0 -60 10 -10 0 0 1 0 1 0 -1 0 0 2780.dat
1 0 -40 10 -10 0 0 1 0 1 0 -1 0 0 2780.dat
1 1 0 10 -10 0 0 1 0 1 0 -1 0 0 4274.dat
0 STEP
1 71 130 10 -18 1 0 0 0 0 -1 0 1 0 4162.dat
1 71 10 20 -18 1 0 0 0 0 -1 0 1 0 3020.dat
1 72 260 10 -18 1 0 0 0 0 -1 0 1 0 4740.dat
1 71 0 0 -40 1 0 0 0 1 0 0 0 1 10174 - subModel-38.ldr
0 STEP
1 0 280 10 20 0 0 -1 0 1 0 1 0 0 6558.dat
1 0 200 10 20 0 0 -1 0 1 0 1 0 0 6558.dat
1 0 140 10 20 0 0 -1 0 1 0 1 0 0 6558.dat
1 0 120 10 20 0 0 -1 0 1 0 1 0 0 6558.dat
1 0 60 10 20 0 0 -1 0 1 0 1 0 0 6558.dat
1 0 40 10 20 0 0 -1 0 1 0 1 0 0 6558.dat
1 0 -20 10 20 0 0 -1 0 1 0 1 0 0 6558.dat
0 STEP
1 19 -40 0 20 -1 0 0 0 1 0 0 0 -1 3701.dat
1 72 20 10 20 0 0 1 -1 0 0 0 -1 0 32271.dat
0 STEP
1 72 -110 48 0 0 0 -1 0 1 0 1 0 0 3665.dat
1 72 -130 48 0 0 0 1 0 1 0 -1 0 0 3665.dat
0 STEP
1 1 -120 10 -46 0 0 1 1 0 0 0 1 0 10174 - subModel-10.ldr

0 FILE 10174 - subModel-10.ldr
0 subModel-10
0 Author: Roland Dahl [RolandD]
0 Name: 10174 - subModel-10.ldr
0 !LDRAW_ORG Unofficial_Model
0 !LICENSE Redistributable under CCAL version 2.0 : see CAreadme.txt
0 !THEME Star Wars / Ultimate Collector Series / Star Wars Episode 4/5/6
1 71 0 0 0 1 0 0 0 1 0 0 0 1 44375a.dat
1 71 0 8 0 1 0 0 0 1 0 0 0 1 4032a.dat
0 STEP
1 1 0 16 0 0 1 0 -1 0 0 0 0 1 3749.dat
0 STEP
1 1 0 -16 0 1 0 0 0 1 0 0 0 1 10174 - subModel-8.ldr

0 FILE 10174 - subModel-11.ldr
0 subModel-11
0 Author: Roland Dahl [RolandD]
0 Name: 10174 - subModel-11.ldr
0 !LDRAW_ORG Unofficial_Model
0 !LICENSE Redistributable under CCAL version 2.0 : see CAreadme.txt
0 !THEME Star Wars / Ultimate Collector Series / Star Wars Episode 4/5/6
1 72 0 0 0 0 0 1 0 1 0 -1 0 0 3895.dat
1 0 20 10 80 1 0 0 0 0.6 0.8 0 -0.8 0.6 6558.dat
0 STEP
1 71 20 90 160 0 1 0 0.6 0 -0.8 -0.8 0 -0.6 6629.dat
0 STEP
1 72 22 10 40 -1 0 0 0 1 0 0 0 -1 6587.dat
1 72 20 10 0 -1 0 0 0 1 0 0 0 -1 6587.dat
1 71 20 0 0 0 0 -1 0 1 0 1 0 0 32064a.dat
0 STEP
1 71 50 6 -100 1 0 0 0 0 -1 0 1 0 10174 - subModel-12.ldr
1 71 20 10 -100 0 0 -1 -1 0 0 0 1 0 3713.dat
0 STEP
1 72 40 0 0 0 0 1 0 1 0 -1 0 0 3895.dat
0 STEP
1 0 50 10 60 -1 0 0 0 0 1 0 1 0 2780.dat
1 0 50 10 100 -1 0 0 0 0 1 0 1 0 2780.dat
1 0 -10 10 100 -1 0 0 0 0 1 0 1 0 2780.dat
1 0 -10 10 60 -1 0 0 0 0 1 0 1 0 2780.dat
0 STEP
1 72 10 -24 50 -1 0 0 0 1 0 0 0 -1 30363.dat
1 71 10 -24 0 1 0 0 0 1 0 0 0 1 6215.dat
1 72 0 -24 -30 1 0 0 0 1 0 0 0 1 3062b.dat
1 71 0 -24 -50 -1 0 0 0 1 0 0 0 -1 10174 - subModel-13.ldr
1 71 0 -24 30 -1 0 0 0 1 0 0 0 -1 10174 - subModel-13.ldr
0 STEP
1 71 20 -8 -70 1 0 0 0 1 0 0 0 1 10174 - subModel-14.ldr
1 72 0 -48 -40 -1 0 0 0 1 0 0 0 -1 42022.dat
1 72 20 -48 -40 -1 0 0 0 1 0 0 0 -1 42022.dat
0 STEP
1 72 40 40 -20 0 0 -1 0 1 0 1 0 0 10174 - subModel-15.ldr
1 71 -24 -14 -46 0 0 -1 1 0 0 0 -1 0 4095.dat
0 STEP
1 71 -20 10 -100 0 1 0 -1 0 0 0 0 1 10174 - subModel-16.ldr
1 71 -34 10 10 0 1 0 0 0 -1 -1 0 0 30413.dat
0 STEP
1 72 40 28 -150 0 0 1 0 -1 0 1 0 0 10174 - subModel-17.ldr
0 STEP
1 71 10 -56 -60 0 0 -1 0 1 0 1 0 0 3068b.dat

0 FILE 10174 - subModel-12.ldr
0 subModel-12
0 Author: Roland Dahl [RolandD]
0 Name: 10174 - subModel-12.ldr
0 !LDRAW_ORG Unofficial_Model
0 !LICENSE Redistributable under CCAL version 2.0 : see CAreadme.txt
0 !THEME Star Wars / Ultimate Collector Series / Star Wars Episode 4/5/6
1 0 0 0 -4 1 0 0 0 1 0 0 0 1 3707.dat
1 71 -65 0 -4 0 0 1 0 1 0 -1 0 0 32123a.dat

0 FILE 10174 - subModel-13.ldr
0 subModel-13
0 Author: Roland Dahl [RolandD]
0 Name: 10174 - subModel-13.ldr
0 !LDRAW_ORG Unofficial_Model
0 !LICENSE Redistributable under CCAL version 2.0 : see CAreadme.txt
0 !THEME Star Wars / Ultimate Collector Series / Star Wars Episode 4/5/6
1 72 0 0 0 0 0 -1 0 1 0 1 0 0 47905.dat
1 71 18 10 0 0 -1 0 1 0 0 0 0 1 2555.dat

0 FILE 10174 - subModel-14.ldr
0 subModel-14
0 Author: Roland Dahl [RolandD]
0 Name: 10174 - subModel-14.ldr
0 !LDRAW_ORG Unofficial_Model
0 !LICENSE Redistributable under CCAL version 2.0 : see CAreadme.txt
0 !THEME Star Wars / Ultimate Collector Series / Star Wars Episode 4/5/6
1 71 0 0 0 1 0 0 0 1 0 0 0 1 3623.dat
1 72 0 -24 0 1 0 0 0 1 0 0 0 1 3622.dat
0 STEP
1 72 -20 -40 0 1 0 0 0 1 0 0 0 1 6005.dat
1 72 20 -40 0 1 0 0 0 1 0 0 0 1 6005.dat
0 STEP
1 71 0 -40 0 1 0 0 0 1 0 0 0 1 3623.dat

0 FILE 10174 - subModel-15.ldr
0 subModel-15
0 Author: Roland Dahl [RolandD]
0 Name: 10174 - subModel-15.ldr
0 !LDRAW_ORG Unofficial_Model
0 !LICENSE Redistributable under CCAL version 2.0 : see CAreadme.txt
0 !THEME Star Wars / Ultimate Collector Series / Star Wars Episode 4/5/6
1 72 0 0 0 1 0 0 0 1 0 0 0 1 3023.dat
0 STEP
1 72 20 -8 0 1 0 0 0 1 0 0 0 1 3023.dat
1 71 -20 -8 0 -1 0 0 0 1 0 0 0 -1 44301.dat
0 STEP
1 72 0 -16 0 -1 0 0 0 1 0 0 0 -1 3710.dat

0 FILE 10174 - subModel-16.ldr
0 subModel-16
0 Author: Roland Dahl [RolandD]
0 Name: 10174 - subModel-16.ldr
0 !LDRAW_ORG Unofficial_Model
0 !LICENSE Redistributable under CCAL version 2.0 : see CAreadme.txt
0 !THEME Star Wars / Ultimate Collector Series / Star Wars Episode 4/5/6
1 72 0 -24 0 1 0 0 0 1 0 0 0 1 4740.dat
1 71 0 -16 0 1 0 0 0 1 0 0 0 1 30065.dat

0 FILE 10174 - subModel-17.ldr
0 subModel-17
0 Author: Roland Dahl [RolandD]
0 Name: 10174 - subModel-17.ldr
0 !LDRAW_ORG Unofficial_Model
0 !LICENSE Redistributable under CCAL version 2.0 : see CAreadme.txt
0 !THEME Star Wars / Ultimate Collector Series / Star Wars Episode 4/5/6
1 72 18.434 14.822 0 0 0.934 0.358 0 0.358 -0.934 -1 0 0 3710.dat
1 72 10.965 11.955 0 0 0.934 -0.358 0 0.358 0.934 1 0 0 44567.dat
0 STEP
1 72 30 -6 0 0 0 1 0 1 0 -1 0 0 482.dat
0 STEP
1 0 50 -6 0 -1 0 0 0 1 0 0 0 -1 32062.dat
1 72 3.497 9.088 0 0 0.934 0.358 0 0.358 -0.934 -1 0 0 45677.dat
0 STEP
1 72 70 -6 0 0 0 -1 0 1 0 1 0 0 482.dat

0 FILE 10174 - subModel-18.ldr
0 subModel-18
0 Author: Roland Dahl [RolandD]
0 Name: 10174 - subModel-18.ldr
0 !LDRAW_ORG Unofficial_Model
0 !LICENSE Redistributable under CCAL version 2.0 : see CAreadme.txt
0 !THEME Star Wars / Ultimate Collector Series / Star Wars Episode 4/5/6
1 71 0 0 0 0 0 1 0 1 0 -1 0 0 2730.dat
1 71 0 0 -200 0 0 1 0 1 0 -1 0 0 2730.dat
0 STEP
1 71 0 -24 -270 1 0 0 0 1 0 0 0 1 3040b.dat
1 71 0 -24 -250 -1 0 0 0 1 0 0 0 -1 4286.dat
1 72 0 -24 -60 1 0 0 0 1 0 0 0 1 42022.dat
1 72 0 -24 -20 -1 0 0 0 1 0 0 0 -1 42022.dat
1 72 0 -8 -180 0 0 -1 0 1 0 1 0 0 30244.dat
0 STEP
1 1 10 10 -260 1 0 0 0 1 0 0 0 1 4274.dat
1 0 10 10 80 1 0 0 0 1 0 0 0 1 2780.dat
1 0 10 10 60 1 0 0 0 1 0 0 0 1 2780.dat
1 0 10 10 40 1 0 0 0 1 0 0 0 1 2780.dat
1 71 0 24 -270 1 0 0 0 1 0 0 0 1 3665.dat
1 71 0 24 -250 -1 0 0 0 1 0 0 0 -1 4287.dat
1 72 18 10 -260 0 -1 0 -1 0 0 0 0 -1 4740.dat

0 FILE 10174 - subModel-19.ldr
0 subModel-19
0 Author: Roland Dahl [RolandD]
0 Name: 10174 - subModel-19.ldr
0 !LDRAW_ORG Unofficial_Model
0 !LICENSE Redistributable under CCAL version 2.0 : see CAreadme.txt
0 !THEME Star Wars / Ultimate Collector Series / Star Wars Episode 4/5/6
1 72 0 0 0 1 0 0 0 1 0 0 0 1 2445.dat
1 72 -130 0 0 0 0 1 0 1 0 -1 0 0 2540.dat
0 STEP
1 71 -120 -8 0 0 0 1 0 1 0 -1 0 0 3068b.dat
0 STEP
1 72 -110 8 0 0 0 1 0 1 0 -1 0 0 3660.dat
1 72 -90 8 0 0 0 -1 0 1 0 1 0 0 3660.dat
0 STEP
1 71 60 40 0 0 0 1 0 1 0 -1 0 0 10174 - subModel-20.ldr

0 FILE 10174 - subModel-20.ldr
0 subModel-20
0 Author: Roland Dahl [RolandD]
0 Name: 10174 - subModel-20.ldr
0 !LDRAW_ORG Unofficial_Model
0 !LICENSE Redistributable under CCAL version 2.0 : see CAreadme.txt
0 !THEME Star Wars / Ultimate Collector Series / Star Wars Episode 4/5/6
1 71 0 -3.072 -5.025 1 0 0 0 0.97 0.242 0 -0.242 0.97 2817.dat
1 72 20 6.632 -7.444 0 1 0 -0.242 0 -0.97 -0.97 0 0.242 3062b.dat
1 72 -20 6.632 -7.444 0 -1 0 0.242 0 -0.97 0.97 0 0.242 3062b.dat
0 STEP
1 72 10 -10.834 -3.089 0 0 -1 0.242 0.97 0 0.97 -0.242 0 3023.dat
1 71 -10 13.358 93.941 1 0 0 0 0.97 0.242 0 -0.242 0.97 42445.dat
0 STEP
1 72 0 -21.015 -10.856 1 0 0 0 0.97 0.242 0 -0.242 0.97 3023.dat
1 0 0 -31.701 12.42 1 0 0 0 0.97 0.242 0 -0.242 0.97 3937.dat
1 71 0 -32 10 -1 0 0 0 1 0 0 0 -1 6134.dat

0 FILE 10174 - subModel-21.ldr
0 subModel-21
0 Author: Roland Dahl [RolandD]
0 Name: 10174 - subModel-21.ldr
0 !LDRAW_ORG Unofficial_Model
0 !LICENSE Redistributable under CCAL version 2.0 : see CAreadme.txt
0 !THEME Star Wars / Ultimate Collector Series / Star Wars Episode 4/5/6
1 72 0 0 0 0 1 0 0 0 1 1 0 0 44224.dat
1 71 0 0 0 0 -1 0 -0.866 0 -0.5 0.5 0 -0.866 44225.dat

0 FILE 10174 - subModel-22.ldr
0 subModel-22
0 Author: Roland Dahl [RolandD]
0 Name: 10174 - subModel-22.ldr
0 !LDRAW_ORG Unofficial_Model
0 !LICENSE Redistributable under CCAL version 2.0 : see CAreadme.txt
0 !THEME Star Wars / Ultimate Collector Series / Star Wars Episode 4/5/6
1 72 0 0 0 1 0 0 0 1 0 0 0 1 3895.dat
1 0 -80 10 10 0 0 1 0 1 0 -1 0 0 2780.dat
1 0 -60 10 10 0 0 1 0 1 0 -1 0 0 2780.dat
1 0 20 10 10 0 0 1 0 1 0 -1 0 0 2780.dat
1 0 100 10 10 0 0 1 0 1 0 -1 0 0 2780.dat
0 STEP
1 1 -100 10 -10 0 0 1 0 1 0 -1 0 0 4274.dat
1 1 40 10 -10 0 0 1 0 1 0 -1 0 0 4274.dat
1 1 60 10 -10 0 0 1 0 1 0 -1 0 0 4274.dat
1 1 80 10 -10 0 0 1 0 1 0 -1 0 0 4274.dat
0 STEP
1 71 120 40 0 0 0 1 0 1 0 -1 0 0 10174 - subModel-23.ldr
1 71 50 24 0 0 0 1 0 1 0 -1 0 0 3665.dat
1 71 -40 24 0 1 0 0 0 1 0 0 0 1 3666.dat
0 STEP
1 71 -20 -8 0 1 0 0 0 1 0 0 0 1 4162.dat
1 72 80 -24 0 0 0 -1 0 1 0 1 0 0 42022.dat
0 STEP
1 71 -30 10 -18 1 0 0 0 0 -1 0 1 0 4162.dat
1 71 110 20 -18 1 0 0 0 0 -1 0 1 0 3795.dat

0 FILE 10174 - subModel-23.ldr
0 subModel-23
0 Author: Roland Dahl [RolandD]
0 Name: 10174 - subModel-23.ldr
0 !LDRAW_ORG Unofficial_Model
0 !LICENSE Redistributable under CCAL version 2.0 : see CAreadme.txt
0 !THEME Star Wars / Ultimate Collector Series / Star Wars Episode 4/5/6
1 71 0 0 0 0 0 1 0 1 0 -1 0 0 3666.dat
1 71 0 -8 0 0 0 1 0 1 0 -1 0 0 3666.dat
1 71 0 -16 -30 0 0 1 0 1 0 -1 0 0 3623.dat

0 FILE 10174 - subModel-24.ldr
0 subModel-24
0 Author: Roland Dahl [RolandD]
0 Name: 10174 - subModel-24.ldr
0 !LDRAW_ORG Unofficial_Model
0 !LICENSE Redistributable under CCAL version 2.0 : see CAreadme.txt
0 !THEME Star Wars / Ultimate Collector Series / Star Wars Episode 4/5/6
1 71 -10 0 0 0 0 1 0 1 0 -1 0 0 2730.dat
1 0 0 10 -60 -1 0 0 0 1 0 0 0 -1 2780.dat
1 0 0 10 60 -1 0 0 0 1 0 0 0 -1 2780.dat
0 STEP
1 71 10 0 0 0 0 1 0 1 0 -1 0 0 2730.dat
1 0 30 10 80 1 0 0 0 0 -1 0 1 0 6558.dat
1 0 30 10 40 1 0 0 0 0 -1 0 1 0 6558.dat
0 STEP
1 19 30 0 60 0 0 -1 0 1 0 1 0 0 3701.dat
1 71 0 24 -80 0 0 -1 0 1 0 1 0 0 4032a.dat
0 STEP
1 71 10 -8 80 1 0 0 0 1 0 0 0 1 3021.dat
1 72 0 -8 -80 1 0 0 0 1 0 0 0 1 3022.dat
1 72 10 -8 0 0 0 1 0 1 0 -1 0 0 6636.dat
1 72 -10 -8 -20 0 0 1 0 1 0 -1 0 0 44567.dat
1 0 -10 -8 -50 0 0 1 0 1 0 -1 0 0 4073.dat
1 0 -10 -8 10 0 0 1 0 1 0 -1 0 0 4073.dat
0 STEP
1 0 0 -24 80 0 0 1 0 1 0 -1 0 0 10174 - subModel-8.ldr
1 0 0 -24 -80 0 0 1 0 1 0 -1 0 0 10174 - subModel-8.ldr
1 72 -10 -16 -20 0 0 1 0 1 0 -1 0 0 2431.dat

0 FILE 10174 - subModel-25.ldr
0 subModel-25
0 Author: Roland Dahl [RolandD]
0 Name: 10174 - subModel-25.ldr
0 !LDRAW_ORG Unofficial_Model
0 !LICENSE Redistributable under CCAL version 2.0 : see CAreadme.txt
0 !THEME Star Wars / Ultimate Collector Series / Star Wars Episode 4/5/6
1 71 0 0 0 -1 0 0 0 1 0 0 0 -1 3036.dat
1 72 -40 -8 50 -1 0 0 0 1 0 0 0 -1 30244.dat
1 72 40 -8 50 -1 0 0 0 1 0 0 0 -1 30244.dat
1 72 -70 -24 50 0 0 1 0 1 0 -1 0 0 3665.dat
1 72 70 -24 50 0 0 -1 0 1 0 1 0 0 3665.dat
0 STEP
1 72 0 -24 50 -1 0 0 0 1 0 0 0 -1 10174 - subModel-26.ldr
1 72 -70 -24 30 0 0 -1 0 1 0 1 0 0 3040b.dat
1 72 -10 -24 30 0 0 1 0 1 0 -1 0 0 3040b.dat
1 72 10 -24 30 0 0 -1 0 1 0 1 0 0 3040b.dat
1 72 70 -24 30 0 0 1 0 1 0 -1 0 0 3040b.dat
0 STEP
1 72 70 -48 50 0 0 -1 0 1 0 1 0 0 3040b.dat
1 72 -70 -48 50 0 0 1 0 1 0 -1 0 0 3040b.dat
1 72 -10 -48 30 0 0 1 0 1 0 -1 0 0 3665.dat
1 72 70 -48 30 0 0 1 0 1 0 -1 0 0 3665.dat
1 72 10 -48 30 0 0 -1 0 1 0 1 0 0 3665.dat
1 72 -70 -48 30 0 0 -1 0 1 0 1 0 0 3665.dat
1 71 0 -48 50 1 0 0 0 1 0 0 0 1 3004.dat
0 STEP
1 71 -70 -48 0 0 0 1 0 1 0 -1 0 0 4864b.dat
1 71 70 -48 0 0 0 -1 0 1 0 1 0 0 4864b.dat
1 71 0 0 -120 -1 0 0 0 1 0 0 0 -1 3036.dat
0 STEP
1 71 -90 -24 -80 1 0 0 0 1 0 0 0 1 10174 - subModel-27.ldr
1 0 0 -8 -120 0 0 1 0 1 0 -1 0 0 3709b.dat
0 STEP
1 19 70 -24 -100 0 0 -1 0 1 0 1 0 0 10174 - subModel-28.ldr
1 71 0 -32 -90 1 0 0 0 1 0 0 0 1 3004.dat
1 71 0 -32 -150 1 0 0 0 1 0 0 0 1 3004.dat
1 72 0 -24 -170 1 0 0 0 1 0 0 0 1 30414.dat
0 STEP
1 71 0 -48 -30 1 0 0 0 1 0 0 0 1 3702.dat
1 72 -70 -48 -80 0 0 1 0 1 0 -1 0 0 3037.dat
1 72 70 -48 -80 0 0 -1 0 1 0 1 0 0 3037.dat
1 72 0 -40 -150 1 0 0 0 1 0 0 0 1 3023.dat
1 72 0 -40 -90 1 0 0 0 1 0 0 0 1 3023.dat
1 72 40 -48 -170 1 0 0 0 1 0 0 0 1 30414.dat
1 72 -40 -48 -170 1 0 0 0 1 0 0 0 1 30414.dat
0 STEP
1 71 70 -48 -140 0 0 1 0 1 0 -1 0 0 3004.dat
1 71 -70 -48 -140 0 0 1 0 1 0 -1 0 0 3004.dat
1 0 0 -48 -120 0 0 1 0 1 0 -1 0 0 3709b.dat
0 STEP
1 71 0 -56 0 -1 0 0 0 1 0 0 0 -1 3036.dat
1 71 0 -14 -188 1 0 0 0 0 -1 0 1 0 3794a.dat
1 71 0 -38 -188 1 0 0 0 0 -1 0 1 0 3794a.dat
1 71 60 -38 -196 1 0 0 0 0 -1 0 1 0 47457.dat
1 71 -60 -38 -196 1 0 0 0 0 -1 0 1 0 47457.dat
0 STEP
1 72 0 -64 10 1 0 0 0 1 0 0 0 1 2412b.dat
1 72 0 -64 30 1 0 0 0 1 0 0 0 1 2412b.dat
1 72 0 -64 -30 1 0 0 0 1 0 0 0 1 2412b.dat
1 72 0 -64 -50 1 0 0 0 1 0 0 0 1 2412b.dat
1 72 0 -56 -80 1 0 0 0 1 0 0 0 1 3034.dat
1 71 0 -56 -120 1 0 0 0 1 0 0 0 1 3738.dat
1 72 0 -56 -160 1 0 0 0 1 0 0 0 1 3034.dat
0 STEP
1 0 70 -80 -150 1 0 0 0 1 0 0 0 1 4070.dat
1 0 50 -80 -170 1 0 0 0 1 0 0 0 1 4070.dat
1 0 -50 -80 -170 1 0 0 0 1 0 0 0 1 4070.dat
1 0 -70 -80 -150 1 0 0 0 1 0 0 0 1 4070.dat
1 71 70 -80 -70 0 0 -1 0 1 0 1 0 0 4599a.dat
1 71 70 -80 -50 0 0 -1 0 1 0 1 0 0 4599a.dat
1 71 70 -80 -30 0 0 -1 0 1 0 1 0 0 4599a.dat
1 71 70 -80 -10 0 0 -1 0 1 0 1 0 0 4599a.dat
1 71 70 -80 10 0 0 -1 0 1 0 1 0 0 4599a.dat
1 71 -70 -80 -70 0 0 1 0 1 0 -1 0 0 4599a.dat
1 71 -70 -80 -50 0 0 1 0 1 0 -1 0 0 4599a.dat
1 71 -70 -80 -30 0 0 1 0 1 0 -1 0 0 4599a.dat
1 71 -70 -80 -10 0 0 1 0 1 0 -1 0 0 4599a.dat
1 71 -70 -80 10 0 0 1 0 1 0 -1 0 0 4599a.dat
0 STEP
1 0 0 -64 -170 1 0 0 0 1 0 0 0 1 10174 - subModel-29.ldr
1 0 0 -64 -70 -1 0 0 0 1 0 0 0 -1 10174 - subModel-29.ldr
1 0 50 -64 -120 0 0 -1 0 1 0 1 0 0 10174 - subModel-29.ldr
1 0 -50 -64 -120 0 0 1 0 1 0 -1 0 0 10174 - subModel-29.ldr
1 0 0 -38 -186 0 0 -1 -1 0 0 0 1 0 10174 - flexHose2-2.ldr
0 STEP
1 72 0 -88 -120 -1 0 0 0 1 0 0 0 -1 10174 - subModel-30.ldr
1 0 60 -14 -186 0 0 -1 -1 0 0 0 1 0 10174 - flexHose2-3.ldr
1 0 90 -14 -178 0 0 -1 -1 0 0 0 1 0 10174 - flexHose2-4.ldr

0 FILE 10174 - subModel-26.ldr
0 subModel-26
0 Author: Roland Dahl [RolandD]
0 Name: 10174 - subModel-26.ldr
0 !LDRAW_ORG Unofficial_Model
0 !LICENSE Redistributable under CCAL version 2.0 : see CAreadme.txt
0 !THEME Star Wars / Ultimate Collector Series / Star Wars Episode 4/5/6
1 72 0 0 0 1 0 0 0 1 0 0 0 1 3700.dat
1 1 0 10 -10 0 0 1 0 1 0 -1 0 0 4274.dat
0 STEP
1 72 0 10 -18 0 0 1 1 0 0 0 1 0 4740.dat

0 FILE 10174 - subModel-27.ldr
0 subModel-27
0 Author: Roland Dahl [RolandD]
0 Name: 10174 - subModel-27.ldr
0 !LDRAW_ORG Unofficial_Model
0 !LICENSE Redistributable under CCAL version 2.0 : see CAreadme.txt
0 !THEME Star Wars / Ultimate Collector Series / Star Wars Episode 4/5/6
1 19 0 0 0 0 0 1 0 1 0 -1 0 0 3701.dat
1 0 20 10 0 1 0 0 0 1 0 0 0 1 6558.dat
0 STEP
1 71 20 0 -20 0 0 1 0 1 0 -1 0 0 3702.dat

0 FILE 10174 - subModel-28.ldr
0 subModel-28
0 Author: Roland Dahl [RolandD]
0 Name: 10174 - subModel-28.ldr
0 !LDRAW_ORG Unofficial_Model
0 !LICENSE Redistributable under CCAL version 2.0 : see CAreadme.txt
0 !THEME Star Wars / Ultimate Collector Series / Star Wars Episode 4/5/6
1 71 0 0 0 1 0 0 0 1 0 0 0 1 3702.dat
1 0 20 10 0 0 0 -1 0 1 0 1 0 0 6558.dat
0 STEP
1 19 20 0 -20 1 0 0 0 1 0 0 0 1 3701.dat

0 FILE 10174 - subModel-29.ldr
0 subModel-29
0 Author: Roland Dahl [RolandD]
0 Name: 10174 - subModel-29.ldr
0 !LDRAW_ORG Unofficial_Model
0 !LICENSE Redistributable under CCAL version 2.0 : see CAreadme.txt
0 !THEME Star Wars / Ultimate Collector Series / Star Wars Episode 4/5/6
1 72 0 0 0 1 0 0 0 1 0 0 0 1 3710.dat
1 0 0 -32 0 1 0 0 0 1 0 0 0 1 6191.dat

0 FILE 10174 - subModel-30.ldr
0 subModel-30
0 Author: Roland Dahl [RolandD]
0 Name: 10174 - subModel-30.ldr
0 !LDRAW_ORG Unofficial_Model
0 !LICENSE Redistributable under CCAL version 2.0 : see CAreadme.txt
0 !THEME Star Wars / Ultimate Collector Series / Star Wars Episode 4/5/6
1 71 0 0 0 1 0 0 0 1 0 0 0 1 30516.dat
1 0 0 -16 0 1 0 0 0 1 0 0 0 1 10174 - 30658.dat
1 0 0 -40 0 1 0 0 0 1 0 0 0 1 87081.dat

0 FILE 10174 - flexHose2-1.ldr
0 flexHose2-1
0 !CATEGORY hose
0 Name: 10174 - flexHose2-1.ldr
0 !LDRAW_ORG Unofficial_Model
0 !LICENSE Redistributable under CCAL version 2.0 : see CAreadme.txt
0 !THEME Star Wars / Ultimate Collector Series / Star Wars Episode 4/5/6
0 !KEYWORDS flexible
0 !LDCAD CONTENT [type=path] [addFallBack=default] [looped=false] [displayKind=mm] [curveStep=0] [displayLenCor=0]

0 !LDCAD PATH_POINT [type=bezier] [posOri=0 -22 0 1 0 0 0 1 0 0 0 1] [prevCPDist=25] [nextCPDist=50] [cirR=20] [cirDir=xyCW] [prevYRoll=0] [nextYRoll=0]
0 !LDCAD PATH_POINT [type=bezier] [posOri=0 -22 60 1 0 0 0 -1 0 0 0 -1] [prevCPDist=50] [nextCPDist=25] [cirR=20] [cirDir=xyCW] [prevYRoll=0] [nextYRoll=0]

0 !LDCAD PATH_SKIN [donCol=16] [donOri=1 0 0 0 1 0 0 0 1] [donPart=754.dat] [donYSize=100%] [donCen=absCen] [donCenYOfs=0] [donFinScale=none] [donPlace=refsDyn] [donYAlign=0] [donInline=false] [segSize=50%] [segSizeTol=5%] [segsCnt=0] [segsGrp=0] [segsMaxMerge=1] [segsMrgAng=0] [segsMrgRollAng=0] [segsEdgeDelKind=keepFirstLeft]
0 !LDCAD PATH_SKIN [donCol=16] [donOri=1 0 0 0 1 0 0 0 1] [donPart=756.dat] [donYSize=100%] [donCen=absCen] [donCenYOfs=0] [donFinScale=none] [donPlace=refsDyn] [donYAlign=0] [donInline=false] [segSize=60%] [segSizeTol=5%] [segsCnt=1] [segsGrp=0] [segsMaxMerge=1] [segsMrgAng=0] [segsMrgRollAng=0] [segsEdgeDelKind=keepFirstLeft]
0 !LDCAD PATH_SKIN [donCol=16] [donOri=1 0 0 0 -1 0 0 0 -1] [donPart=754.dat] [donYSize=100%] [donCen=absCen] [donCenYOfs=0] [donFinScale=none] [donPlace=refsDyn] [donYAlign=0] [donInline=false] [segSize=50%] [segSizeTol=5%] [segsCnt=0] [segsGrp=0] [segsMaxMerge=1] [segsMrgAng=0] [segsMrgRollAng=0] [segsEdgeDelKind=keepFirstLeft]

0 !LDCAD PATH_CAP [group=start] [color=16] [posOri=0 -18 0 1 0 0 0 1 0 0 0 1] [part=750.dat] [extraLen=0mm]
0 !LDCAD PATH_CAP [group=end] [color=16] [posOri=0 -18 60 1 0 0 0 1 0 0 0 1] [part=750.dat] [extraLen=0mm]
0 !LDCAD PATH_CAP [group=start] [color=16] [posOri=0 -18 0 1 0 0 0 -1 0 0 0 -1] [part=755.dat] [extraLen=0mm]
0 !LDCAD PATH_CAP [group=end] [color=16] [posOri=0 -18 60 1 0 0 0 -1 0 0 0 -1] [part=755.dat] [extraLen=0mm]

0 !LDCAD GENERATED [generator=LDCad 1.5 Beta 1]
0 FILE 10174 - flexHose2-2.ldr
0 flexHose2-2
0 !CATEGORY hose
0 Name: 10174 - flexHose2-2.ldr
0 !LDRAW_ORG Unofficial_Model
0 !LICENSE Redistributable under CCAL version 2.0 : see CAreadme.txt
0 !THEME Star Wars / Ultimate Collector Series / Star Wars Episode 4/5/6
0 !KEYWORDS flexible
0 !LDCAD CONTENT [type=path] [addFallBack=default] [looped=false] [displayKind=mm] [curveStep=0] [displayLenCor=0]

0 !LDCAD PATH_POINT [type=bezier] [posOri=0 -22 0 1 0 0 0 1 0 0 0 1] [prevCPDist=25] [nextCPDist=68] [cirR=20] [cirDir=xyCW] [prevYRoll=0] [nextYRoll=0]
0 !LDCAD PATH_POINT [type=bezier] [posOri=32 -10 50 1 0 0 0 -1 0 0 0 -1] [prevCPDist=67.5] [nextCPDist=25] [cirR=20] [cirDir=xyCW] [prevYRoll=0] [nextYRoll=0]

0 !LDCAD PATH_SKIN [donCol=16] [donOri=1 0 0 0 1 0 0 0 1] [donPart=754.dat] [donYSize=100%] [donCen=absCen] [donCenYOfs=0] [donFinScale=none] [donPlace=refsDyn] [donYAlign=0] [donInline=false] [segSize=50%] [segSizeTol=5%] [segsCnt=0] [segsGrp=0] [segsMaxMerge=1] [segsMrgAng=0] [segsMrgRollAng=0] [segsEdgeDelKind=keepFirstLeft]
0 !LDCAD PATH_SKIN [donCol=16] [donOri=1 0 0 0 1 0 0 0 1] [donPart=756.dat] [donYSize=100%] [donCen=absCen] [donCenYOfs=0] [donFinScale=none] [donPlace=refsDyn] [donYAlign=0] [donInline=false] [segSize=60%] [segSizeTol=5%] [segsCnt=1] [segsGrp=0] [segsMaxMerge=1] [segsMrgAng=0] [segsMrgRollAng=0] [segsEdgeDelKind=keepFirstLeft]
0 !LDCAD PATH_SKIN [donCol=16] [donOri=1 0 0 0 -1 0 0 0 -1] [donPart=754.dat] [donYSize=100%] [donCen=absCen] [donCenYOfs=0] [donFinScale=none] [donPlace=refsDyn] [donYAlign=0] [donInline=false] [segSize=50%] [segSizeTol=5%] [segsCnt=0] [segsGrp=0] [segsMaxMerge=1] [segsMrgAng=0] [segsMrgRollAng=0] [segsEdgeDelKind=keepFirstLeft]

0 !LDCAD PATH_CAP [group=start] [color=16] [posOri=0 -18 0 1 0 0 0 1 0 0 0 1] [part=750.dat] [extraLen=0mm]
0 !LDCAD PATH_CAP [group=end] [color=16] [posOri=32 -6 50 1 0 0 0 1 0 0 0 1] [part=750.dat] [extraLen=0mm]
0 !LDCAD PATH_CAP [group=start] [color=16] [posOri=0 -18 0 1 0 0 0 -1 0 0 0 -1] [part=755.dat] [extraLen=0mm]
0 !LDCAD PATH_CAP [group=end] [color=16] [posOri=32 -6 50 1 0 0 0 -1 0 0 0 -1] [part=755.dat] [extraLen=0mm]

0 !LDCAD GENERATED [generator=LDCad 1.5 Beta 1]
0 //This is the fallback LDraw content for above PATH configuration.
0 // Do not edit, any changes will be lost upon regeneration.
0 // The path is approx 52.08 mm (130.20) and exists out of 51 segments.

0 //Some general hints about the document.
0 UNOFFICIAL PART
0 BFC CERTIFY CCW

0 //Start cap reference(s)
1 16 0 -18 0 1 0 0 0 1 0 0 0 1 750.dat
1 16 0 -18 0 1 0 0 0 -1 0 0 0 -1 755.dat

0 //End cap reference(s)
1 16 32 -6 50 1 0 0 0 1 0 0 0 1 750.dat
1 16 32 -6 50 1 0 0 0 -1 0 0 0 -1 755.dat

0 //Segments
1 16 0.011658 -23.757474 0.018216 0.999979 -0.006473 0.000048 0.006472 0.999928 0.010117 -0.000113 -0.010116 0.999949 754.dat
1 16 0.050459 -26.271519 0.078843 0.99982 -0.018951 0.000056 0.018941 0.999382 0.02962 -0.000618 -0.029614 0.999561 754.dat
1 16 0.119575 -28.78333 0.186839 0.999499 -0.031655 0.000071 0.031613 0.998274 0.049497 -0.001638 -0.04947 0.998774 754.dat
1 16 0.223199 -31.290928 0.348756 0.998943 -0.045968 0.000091 0.045843 0.996356 0.07192 -0.003397 -0.07184 0.99741 754.dat
1 16 0.36572 -33.791957 0.571449 0.998107 -0.061501 0.000099 0.061205 0.993468 0.096305 -0.006022 -0.096116 0.995352 754.dat
1 16 0.548479 -36.283851 0.857013 0.996966 -0.077834 0.000113 0.077239 0.989517 0.122026 -0.009609 -0.121647 0.992527 754.dat
1 16 0.774138 -38.763582 1.209613 0.995444 -0.095345 0.000134 0.09425 0.984227 0.149716 -0.014406 -0.149021 0.988729 754.dat
1 16 1.046296 -41.227068 1.63487 0.99344 -0.114351 0.00016 0.112456 0.977229 0.179936 -0.020732 -0.178738 0.983678 754.dat
1 16 1.369172 -43.669274 2.139379 0.990826 -0.135144 0.000197 0.131994 0.968043 0.21324 -0.029009 -0.211257 0.977 754.dat
1 16 1.74775 -46.083695 2.730926 0.987462 -0.157856 0.000238 0.152787 0.956127 0.249954 -0.039684 -0.246784 0.968258 754.dat
1 16 2.186803 -48.462448 3.416977 0.983186 -0.182605 0.000293 0.17465 0.940817 0.29045 -0.053313 -0.285515 0.95689 754.dat
1 16 2.691924 -50.795303 4.206269 0.977791 -0.209582 0.000359 0.197335 0.921225 0.335265 -0.070596 -0.327749 0.942124 754.dat
1 16 3.26869 -53.070122 5.107518 0.971133 -0.238539 0.000424 0.220065 0.896604 0.384283 -0.092047 -0.373097 0.923215 754.dat
1 16 3.92148 -55.27268 6.127594 0.962926 -0.269764 0.000541 0.242222 0.865497 0.438456 -0.118748 -0.42207 0.898752 754.dat
1 16 4.657603 -57.382318 7.277915 0.952788 -0.303636 0.000676 0.262812 0.825796 0.49899 -0.15207 -0.475254 0.866608 754.dat
1 16 5.482925 -59.374251 8.567669 0.940532 -0.339705 0.000835 0.27964 0.775623 0.565872 -0.192877 -0.531987 0.824493 754.dat
1 16 6.401894 -61.218436 10.003807 0.92614 -0.377179 0.000996 0.289701 0.71303 0.638484 -0.241533 -0.591037 0.769634 754.dat
1 16 7.416036 -62.881211 11.588707 0.910008 -0.414589 0.001117 0.289232 0.636779 0.714743 -0.297036 -0.650099 0.699386 754.dat
1 16 8.522166 -64.326332 13.317523 0.892695 -0.45066 0.001266 0.273739 0.544465 0.792859 -0.357999 -0.707434 0.609404 754.dat
1 16 9.714937 -65.507735 15.181635 0.875442 -0.483322 0.001217 0.239376 0.435767 0.867644 -0.419882 -0.759281 0.497184 754.dat
1 16 10.980154 -66.392362 17.15893 0.860433 -0.509562 0.000993 0.184918 0.314063 0.93122 -0.474826 -0.801069 0.364457 754.dat
1 16 12.297582 -66.952579 19.217673 0.849536 -0.52753 0.000642 0.112683 0.182654 0.976699 -0.515355 -0.829669 0.214615 754.dat
1 16 13.644247 -67.173427 21.321706 0.844172 -0.536072 0.000166 0.030905 0.048976 0.998322 -0.53518 -0.84275 0.057912 754.dat
1 16 14.995282 -67.065253 23.432612 0.844863 -0.534983 -0.000261 -0.051589 -0.081956 0.9953 -0.53249 -0.840878 -0.096841 754.dat
1 16 16.327089 -66.630042 25.513996 0.852004 -0.523535 -0.000856 -0.13247 -0.217164 0.967105 -0.506499 -0.823864 -0.254377 754.dat
1 16 17.388557 -65.997468 27.163718 0.865592 -0.500748 -0.00138 -0.205358 -0.357493 0.911058 -0.456704 -0.788321 -0.412276 756.dat
1 16 19.40599 -64.430128 30.320145 0.881771 0.471676 0.001095 -0.255103 0.47885 -0.840015 -0.396739 0.740422 0.542562 754.dat
1 16 20.568293 -63.143149 32.137147 0.896156 0.443738 0.000662 -0.279584 0.565794 -0.7757 -0.344582 0.694963 0.631101 754.dat
1 16 21.663893 -61.665946 33.849267 0.908497 0.417891 0.000541 -0.289592 0.630507 -0.720137 -0.30128 0.654085 0.693832 754.dat
1 16 22.695501 -60.036923 35.461245 0.920084 0.39172 0.000526 -0.291733 0.686127 -0.666424 -0.261412 0.613013 0.745572 754.dat
1 16 23.659815 -58.271803 36.968101 0.930859 0.365377 0.000446 -0.288077 0.734675 -0.614218 -0.224749 0.571622 0.789136 754.dat
1 16 24.558451 -56.390402 38.372329 0.940289 0.340378 0.000353 -0.280362 0.775083 -0.566254 -0.193014 0.532343 0.824231 754.dat
1 16 25.39604 -54.414437 39.681096 0.94872 0.316117 0.000337 -0.269622 0.809737 -0.521182 -0.165027 0.494365 0.853446 754.dat
1 16 26.171961 -52.353439 40.893531 0.956244 0.292572 0.000275 -0.256783 0.839721 -0.478467 -0.140217 0.457461 0.878105 754.dat
1 16 26.89046 -50.221524 42.016209 0.962891 0.269889 0.00026 -0.242475 0.865506 -0.438298 -0.118517 0.42197 0.89883 754.dat
1 16 27.55181 -48.026864 43.049593 0.968883 0.247519 0.000237 -0.226822 0.88825 -0.399454 -0.099083 0.38697 0.916753 754.dat
1 16 28.157111 -45.776901 43.995406 0.974044 0.226358 0.000191 -0.210822 0.9075 -0.363314 -0.082413 0.353844 0.931667 754.dat
1 16 28.710856 -43.481729 44.860647 0.978468 0.206399 0.000175 -0.194797 0.923747 -0.329765 -0.068225 0.322631 0.944063 754.dat
1 16 29.214888 -41.147386 45.648208 0.98236 0.187 0.000161 -0.178481 0.937867 -0.297573 -0.055797 0.292295 0.954699 754.dat
1 16 29.670589 -38.77904 46.360249 0.985785 0.168013 0.000152 -0.161901 0.950161 -0.266425 -0.044908 0.262613 0.963856 754.dat
1 16 30.078409 -36.380787 46.997482 0.988673 0.150084 0.000122 -0.145769 0.960443 -0.237278 -0.035729 0.234572 0.971442 754.dat
1 16 30.442899 -33.958502 47.567003 0.991089 0.133199 0.000116 -0.130203 0.968979 -0.210064 -0.028093 0.208177 0.977688 754.dat
1 16 30.765041 -31.515728 48.070354 0.993158 0.116775 0.000107 -0.114767 0.976246 -0.183775 -0.021564 0.182505 0.982968 754.dat
1 16 31.046306 -29.055556 48.509836 0.994874 0.101121 0.000094 -0.099822 0.982242 -0.158858 -0.016156 0.158034 0.987301 754.dat
1 16 31.289259 -26.581368 48.889452 0.996329 0.085602 0.0001 -0.084813 0.987307 -0.134284 -0.011594 0.133782 0.990943 754.dat
1 16 31.49223 -24.094773 49.206599 0.997517 0.070424 0.000084 -0.069985 0.991427 -0.110338 -0.007854 0.110058 0.993894 754.dat
1 16 31.65812 -21.59869 49.465806 0.998411 0.056352 0.000073 -0.056126 0.99452 -0.088208 -0.005044 0.088064 0.996102 754.dat
1 16 31.789408 -19.095552 49.670944 0.999076 0.042973 0.000068 -0.042872 0.996817 -0.067221 -0.002956 0.067156 0.997738 754.dat
1 16 31.88733 -16.587094 49.82395 0.999542 0.030253 0.000059 -0.030216 0.998424 -0.047299 -0.00149 0.047276 0.998881 754.dat
1 16 31.954025 -14.075098 49.928162 0.999836 0.018089 0.000057 -0.01808 0.999437 -0.028273 -0.000568 0.028267 0.9996 754.dat
1 16 31.98982 -11.659209 49.984093 0.999982 0.006039 0.000042 -0.006038 0.999937 -0.009438 -0.000099 0.009437 0.999955 754.dat
0 FILE 10174 - flexHose-1.ldr
0 flexHose-1
0 !CATEGORY hose
0 Name: 10174 - flexHose-1.ldr
0 !LDRAW_ORG Unofficial_Model
0 !LICENSE Redistributable under CCAL version 2.0 : see CAreadme.txt
0 !THEME Star Wars / Ultimate Collector Series / Star Wars Episode 4/5/6
0 !KEYWORDS flexible
0 !LDCAD CONTENT [type=path] [addFallBack=default] [looped=false] [displayKind=mm] [curveStep=0] [displayLenCor=0]

0 !LDCAD PATH_POINT [type=bezier] [posOri=0 -22 0 1 0 0 0 1 0 0 0 1] [prevCPDist=25] [nextCPDist=50] [cirR=20] [cirDir=xyCW] [prevYRoll=0] [nextYRoll=0]
