0 FILE Motorized Walking AT-AT.ldr
0 Motorized Walking AT-AT
0 Name: Motorized Walking AT-AT.ldr
0 Author: LDraw
0 Unofficial Model
0 ROTATION CENTER 0 0 0 1 "Custom" 
0 ROTATION CONFIG 0 0
1 0 -100 -8 0 0.707107 0 0.707107 0 1 0 -0.707107 0 0.707107 AT-AT.ldr
1 0 -283 445 -487 1 0 0 0 1 0 0 0 1 Luke Skywalker.ldr
1 0 -183 445 -487 1 0 0 0 1 0 0 0 1 General Veers.ldr
1 0 -83 445 -487 1 0 0 0 1 0 0 0 1 AT-AT Pilot.ldr
1 0 17 445 -487 1 0 0 0 1 0 0 0 1 Snowtrooper.ldr
0
0 FILE Luke Skywalker.ldr
0 Luke Skywalker
0 Name: Luke Skywalker.ldr
0 Author: LDraw
0 Unofficial Model
0 ROTATION CENTER 0 0 0 1 "Custom" 
0 ROTATION CONFIG 0 0
1 15 0 -24 0 1 0 0 0 1 0 0 0 1 30370ps2.dat
1 78 0 -24 0 1 0 0 0 1 0 0 0 1 3626bps2.dat
1 25 0 0 0 1 0 0 0 1 0 0 0 1 973pr8.dat
1 72 0 32 0 1 0 0 0 1 0 0 0 1 3815.dat
1 25 -15.552 9 0 0.985 -0.17 0 0.17 0.985 0 0 0 1 3818.dat
1 25 15.552 9 0 0.985 0.17 0 -0.17 0.985 0 0 0 1 3819.dat
1 0 -23.8634 26.5956 -10.321 0.985 -0.12019 0.12019 0.17 0.696395 -0.696395 0 0.707 0.707 3820.dat
1 0 23.8634 26.5956 -10.321 0.985 0.12019 -0.12019 -0.17 0.696395 -0.696395 0 0.707 0.707 3820.dat
1 43 -23.1951 22.7236 -33.8217 0.985 -0.0874983 0.14567 0.17 0.506976 -0.844031 0 0.856884 0.514696 577bc01.dat
1 25 0 44 0 1 0 0 0 1 0 0 0 1 3816.dat
1 25 0 44 0 1 0 0 0 1 0 0 0 1 3817.dat
0
0 FILE General Veers.ldr
0 General Veers
0 Name: General Veers.ldr
0 Author: LDraw
0 Unofficial Model
0 ROTATION CENTER 0 0 0 1 "Custom" 
0 ROTATION CONFIG 0 0
1 72 0 -24 0 1 0 0 0 1 0 0 0 1 57900.dat
1 78 0 -24 0 1 0 0 0 1 0 0 0 1 3626bpse.dat
1 72 0 0 0 1 0 0 0 1 0 0 0 1 973psq.dat
1 0 0 32 0 1 0 0 0 1 0 0 0 1 3815.dat
1 72 -15.552 9 0 0.985 -0.17 0 0.17 0.985 0 0 0 1 3818.dat
1 72 15.552 9 0 0.985 0.17 0 -0.17 0.985 0 0 0 1 3819.dat
1 78 -23.8634 26.5956 -10.321 0.985 -0.12019 0.12019 0.17 0.696395 -0.696395 0 0.707 0.707 3820.dat
1 78 23.8634 26.5956 -10.321 0.985 0.12019 -0.12019 -0.17 0.696395 -0.696395 0 0.707 0.707 3820.dat
1 72 0 44 0 1 0 0 0 1 0 0 0 1 3816.dat
1 72 0 44 0 1 0 0 0 1 0 0 0 1 3817.dat
0
0 FILE AT-AT Pilot.ldr
0 AT-AT Pilot
0 Name: AT-AT Pilot.ldr
0 Author: LDraw
0 Unofficial Model
0 ROTATION CENTER 0 0 0 1 "Custom" 
0 ROTATION CONFIG 0 0
1 15 0 -24 0 1 0 0 0 1 0 0 0 1 30408p01.dat
1 0 0 -24 0 1 0 0 0 1 0 0 0 1 3626b.dat
1 15 0 0 0 1 0 0 0 1 0 0 0 1 973psk.dat
1 71 0 32 0 1 0 0 0 1 0 0 0 1 3815.dat
1 72 -15.552 9 0 0.985 -0.17 0 0.17 0.985 0 0 0 1 3818.dat
1 72 15.552 9 0 0.985 0.17 0 -0.17 0.985 0 0 0 1 3819.dat
1 15 -23.8634 26.5956 -10.321 0.985 -0.12019 0.12019 0.17 0.696395 -0.696395 0 0.707 0.707 3820.dat
1 15 23.8634 26.5956 -10.321 0.985 0.12019 -0.12019 -0.17 0.696395 -0.696395 0 0.707 0.707 3820.dat
1 72 0 44 0 1 0 0 0 1 0 0 0 1 3816.dat
1 72 0 44 0 1 0 0 0 1 0 0 0 1 3817.dat
0
0 FILE Snowtrooper.ldr
0 Snowtrooper
0 Name: Snowtrooper.ldr
0 Author: LDraw
0 Unofficial Model
0 ROTATION CENTER 0 0 0 1 "Custom" 
0 ROTATION CONFIG 0 0
1 15 0 -24 0 1 0 0 0 1 0 0 0 1 30408.dat
1 0 0 -24 0 1 0 0 0 1 0 0 0 1 3626b.dat
1 15 0 0 0 1 0 0 0 1 0 0 0 1 973psk.dat
1 71 0 32 0 1 0 0 0 1 0 0 0 1 3815.dat
1 15 -15.552 9 0 0.985 -0.17 0 0.17 0.985 0 0 0 1 3818.dat
1 15 15.552 9 0 0.985 0.17 0 -0.17 0.985 0 0 0 1 3819.dat
1 15 -23.8634 26.5956 -10.321 0.985 -0.12019 0.12019 0.17 0.696395 -0.696395 0 0.707 0.707 3820.dat
1 15 23.8634 26.5956 -10.321 0.985 0.12019 -0.12019 -0.17 0.696395 -0.696395 0 0.707 0.707 3820.dat
1 15 0 44 0 1 0 0 0 1 0 0 0 1 3816.dat
1 15 0 44 0 1 0 0 0 1 0 0 0 1 3817.dat
1 0 -24.6826 31.3422 -19.2547 0.985 -0.0874983 0.14567 0.17 0.506976 -0.844031 0 0.856884 0.514696 58247.dat
0
0 FILE AT-AT.ldr
0 AT-AT
0 Name: AT-AT.ldr
0 Author: LDraw
0 Unofficial Model
0 ROTATION CENTER 0 0 0 1 "Custom" 
0 ROTATION CONFIG 0 0
1 0 14.444 2.478 0 0.999925 0.012217 0 -0.012217 0.999925 0 0 0 1 Part 1.ldr
1 0 -27.147 -144.772 24.703 0.999925 0.012217 0 -0.0120666 0.987614 -0.156434 -0.00191116 0.156423 0.987688 Part 2.ldr
1 71 193.65 -63.717 -200 0.012217 -0.999925 0 0.999925 0.012217 0 0 0 1 32316.dat
1 71 -6.274 -56.114 -200.335 0.0121152 -0.999925 0.0015735 0.991597 0.012217 0.128786 -0.128796 0 0.991671 32316.dat
1 71 -6.204 -50.376 201.514 0.0117554 -0.999925 -0.00332645 0.962146 0.012217 -0.27226 0.27228 0 0.962218 32316.dat
1 0 191.359 76.321 -190 0 0.999925 -0.012217 0 -0.012217 -0.999925 -1 0 0 Part 6.ldr
1 0 -0.541 85.668 -203.318 0.00599737 -0.999925 -0.0106436 0.490867 0.012217 -0.871149 0.871214 0 0.490904 Part 6.ldr
1 0 -0.606 80.408 -242.666 0.00599737 -0.999925 -0.0106436 0.490867 0.012217 -0.871149 0.871214 0 0.490904 Part 7.ldr
1 0 -0.475 90.972 222.003 -0.00258176 -0.999925 -0.0119411 -0.211309 0.012217 -0.977343 0.977416 0 -0.211325 Part 6.ldr
1 0 -0.611 79.975 260.582 -0.00258176 -0.999925 -0.0119411 -0.211309 0.012217 -0.977343 0.977416 0 -0.211325 Part 8.ldr
1 0 191.359 76.321 -230 0 0.999925 -0.012217 0 -0.012217 -0.999925 -1 0 0 Part 8.ldr
1 0 218.656 346.009 -170 -0.012217 0 -0.999925 -0.999925 0 0.012217 0 1 0 Part 5.ldr
1 0 58.325 319.904 -325.551 -0.012104 0.00165804 -0.999925 -0.990674 0.135705 0.012217 0.135716 0.990748 0 Part 9.ldr
1 0 220 456 -280 0 0.012217 -0.999925 0 0.999925 0.012217 1 0 0 Part 4.ldr
1 0 -20.018 455.933 436 0 0.012217 0.999925 0 0.999925 -0.012217 -1 0 0 Part 4.ldr
1 0 219.741 435 100.5 0 0.012217 -0.999925 0 0.999925 0.012217 1 0 0 Part 4.ldr
1 0 217.748 480.997 240.5 0 0 -1 0 1 0 1 0 0 Part 3.ldr
1 0 -20.318 431.433 -205 0 0.012217 0.999925 0 0.999925 -0.012217 -1 0 0 Part 4.ldr
1 0 -18.309 477.435 -345 0 0 1 0 1 0 -1 0 0 Part 3.ldr
1 72 167.247 433.637 220.5 -0.00161578 0.997176 0.0750856 -0.132247 0.0742132 -0.988435 -0.991216 -0.0115269 0.131753 32005.dat
1 0 218.39 324.44 225.883 -0.0119228 0.00266506 -0.999925 -0.975844 0.218127 0.012217 0.218143 0.975917 0 Part 5.ldr
1 0 58.696 350.166 286.877 -0.0117378 -0.00338795 -0.999925 -0.960707 -0.277294 0.012217 -0.277315 0.960779 0 Part 9.ldr
1 71 193.539 -72.653 201.012 0.0119087 0.999925 -0.00272745 0.974688 -0.012217 -0.223233 -0.22325 0 -0.974761 32316.dat
1 71 192.177 61.52 164.265 0.00274823 0.999925 -0.0119039 0.224934 -0.012217 -0.974297 -0.97437 0 -0.224951 Part 6.ldr
1 71 191.289 70.514 203.397 0.00274823 0.999925 -0.0119039 0.224934 -0.012217 -0.974297 -0.97437 0 -0.224951 Part 7.ldr
1 0 220 502 -140 0 0 -1 0 1 0 1 0 0 Part 3.ldr
1 0 147.068 -15.914 -431.483 -0.337095 0.0115019 -0.9414 -0.147278 0.98697 0.064796 0.929879 0.16049 -0.331009 Part 14.ldr
1 0 243.5 -24 -180 -0.999925 0.012217 0 0.012217 0.999925 0 0 0 -1 32062.dat
1 0 251.5 -24.098 -180 -0.012217 -0.999925 0 -0.999925 0.012217 0 0 0 -1 4032b.dat
1 71 259.5 -24.196 -180 -0.012217 -0.999925 0 -0.999925 0.012217 0 0 0 -1 44375p01.dat
1 0 243.5 -38.5 190.5 -0.999925 0.012217 0 0.0119456 0.97771 -0.209619 -0.00256091 -0.209603 -0.977783 32062.dat
1 0 251.5 -38.591 190.538 -0.012217 -0.999925 0 -0.97771 0.0119456 -0.209619 0.209603 -0.00256091 -0.977783 4032b.dat
1 71 259.5 -38.681 190.575 -0.012217 -0.999925 0 -0.97771 0.0119456 -0.209619 0.209603 -0.00256091 -0.977783 44375p01.dat
1 0 -56 -5.5 191 0.999871 0.0153763 -0.00462856 -0.0160251 0.973865 -0.226563 0.0010239 0.226608 0.973986 32062.dat
1 0 -64 -5.367 190.976 -0.0153763 0.999871 -0.00462856 -0.973865 -0.0160251 -0.226563 -0.226608 0.0010239 0.973986 4032b.dat
1 71 -72 -5.234 190.953 -0.0153763 0.999871 -0.00462856 -0.973865 -0.0160251 -0.226563 -0.226608 0.0010239 0.973986 44375p01.dat
1 0 -56 -18.5 -200 0.999871 0.0153763 -0.00462856 -0.0144135 0.986453 0.163411 0.00707851 -0.163323 0.986547 32062.dat
1 0 -64 -18.386 -200.073 -0.0153763 0.999871 -0.00462856 -0.986453 -0.0144135 0.163411 0.163323 0.00707851 0.986547 4032b.dat
1 71 -72 -18.272 -200.145 -0.0153763 0.999871 -0.00462856 -0.986453 -0.0144135 0.163411 0.163323 0.00707851 0.986547 44375p01.dat
1 0 234 -24 -200 0 -1 0 0.999903 0 -0.0139622 0.0139622 0 0.999903 33299a.dat
1 19 224 -24 -200 1 0 0 0 0.999903 -0.0139622 0 0.0139622 0.999903 3749.dat
1 72 176 357 -160 0 0.997684 -0.0680153 0 0.0680153 0.997684 1 0 0 32005.dat
1 72 21 331 -318 -0.00710953 -0.994522 0.104286 -0.0676427 0.104528 0.992219 -0.997684 0 -0.0680153 32005.dat
1 72 21 357 300 -0.00710953 -0.994522 0.104286 -0.0989473 0.104477 0.989593 -0.995067 -0.00328332 -0.0991481 32005.dat
1 0 -20 502 270 0 0 1 0 1 0 -1 0 0 Part 3.ldr
1 0 234 -34 210 -0.012217 -0.999925 0 -0.974297 0.0119039 -0.224951 0.224934 -0.00274823 -0.97437 33299a.dat
1 19 224 -33.881 210 0.999925 -0.012217 0 -0.0119039 -0.974297 -0.224951 0.00274823 0.224934 -0.97437 3749.dat
1 0 -46 -21 -220 -0.0121125 0.999925 0.00159464 -0.991371 -0.012217 0.130516 0.130526 0 0.991445 33299a.dat
1 19 -36 -21.119 -220 -0.999925 -0.0121125 0.00159464 0.012217 -0.991371 0.130516 0 0.130526 0.991445 3749.dat
1 0 -45.5 0 171.5 -0.0117496 0.999925 -0.00334696 -0.96167 -0.012217 -0.273939 -0.273959 0 0.961741 33299a.dat
1 19 -35.5 -0.119 171.5 -0.999925 -0.0117496 -0.00334696 0.012217 -0.96167 -0.273939 0 -0.273959 0.961741 3749.dat
1 19 115 17.5 -430 0 -0.999925 -0.012217 0 0.012217 -0.999925 1 0 0 Her.dat
1 19 122.622 -13.596 -340 0.012217 -0.999925 0 0.999925 0.012217 0 0 0 1 Part 17.ldr
1 0 124.829 -23 -366.221 -0.941471 -0.337095 0 0 0 1 -0.337095 0.941471 0 Part 16.ldr
0
0 FILE Part 1.ldr
0 Part 1
0 Name: Part 1.ldr
0 Author: LDraw
0 Unofficial Model
0 ROTATION CENTER 0 0 0 1 "Custom" 
0 ROTATION CONFIG 0 0
1 71 -20 16 0 0 -1 0 1 0 0 0 0 1 40490.dat
1 71 180 16 0 0 -1 0 1 0 0 0 0 1 40490.dat
1 71 -20 -24 -100 0 -1 0 0 0 -1 1 0 0 32316.dat
1 71 180 -24 -100 0 -1 0 0 0 -1 1 0 0 32316.dat
1 71 -60 16 200 1 0 0 0 -1 0 0 0 -1 32140.dat
1 71 220 16 200 -1 0 0 0 1 0 0 0 -1 32140.dat
1 71 220 16 -200 -1 0 0 0 -1 0 0 0 1 32140.dat
1 71 -60 16 -200 1 0 0 0 1 0 0 0 1 32140.dat
1 71 80 -84 140 0 0 1 0 1 0 -1 0 0 58119.dat
0 MLCAD BTG Group name
1 71 80 16 278 -1 0 0 0 0 -1 0 -1 0 51739.dat
0 MLCAD BTG Group name
1 71 80 -64 278 1 0 0 0 0 1 0 -1 0 51739.dat
0 MLCAD BTG Group name
1 71 80 -14 302 1 0 0 0 0 1 0 -1 0 47758.dat
0 MLCAD BTG Group name
1 71 80 -4 260 1 0 0 0 0 1 0 -1 0 4519.dat
0 MLCAD BTG Group name
1 1 60 -44 248 0 -1 0 0 0 1 -1 0 0 43093.dat
0 MLCAD BTG Group name
1 1 100 -44 248 0 -1 0 0 0 1 -1 0 0 43093.dat
0 MLCAD BTG Group name
1 71 80 26 286 -1 0 0 0 0 -1 0 -1 0 3794a.dat
0 MLCAD BTG Group name
1 71 80 -4 286 -1 0 0 0 0 -1 0 -1 0 3022.dat
0 MLCAD BTG Group name
1 72 80 -4 294 -1 0 0 0 0 -1 0 -1 0 3176.dat
0 MLCAD BTG Group name
1 72 80 -34 294 1 0 0 0 0 1 0 -1 0 47458.dat
0 MLCAD BTG Group name
1 72 60 -24 260 -1 0 0 0 -1 0 0 0 1 42003.dat
0 MLCAD BTG Group name
1 72 80 -24 260 -1 0 0 0 -1 0 0 0 1 42003.dat
0 MLCAD BTG Group name
1 72 100 -24 260 -1 0 0 0 -1 0 0 0 1 42003.dat
0 MLCAD BTG Group name
1 71 60 -24 278 -1 0 0 0 0 -1 0 -1 0 2476a.dat
0 MLCAD BTG Group name
1 71 100 -24 278 -1 0 0 0 0 -1 0 -1 0 2476a.dat
0 GROUP 15 Group name
1 71 80 -144 0 1 0 0 0 1 0 0 0 1 44294.dat
1 0 10 -144 0 0 0 -1 0 1 0 1 0 0 59443.dat
1 0 150 -144 0 0 0 -1 0 1 0 1 0 0 59443.dat
1 0 -10 -144 0 -1 0 0 0 1 0 0 0 -1 32062.dat
1 0 170 -144 0 -1 0 0 0 1 0 0 0 -1 32062.dat
1 0 -20 -114 0 0 1 0 1 0 0 0 0 -1 32062.dat
1 14 -20 -124 0 -1 0 0 0 0 1 0 1 0 32039.dat
1 0 180 -114 0 0 1 0 1 0 0 0 0 -1 32062.dat
1 14 180 -124 0 -1 0 0 0 0 1 0 1 0 32039.dat
1 1 99 -164 0 1 0 0 0 1 0 0 0 1 43093.dat
1 71 105 -164 0 0 1 0 0 0 1 1 0 0 41677.dat
1 71 55 -144 0 0 0 1 0 -1 0 1 0 0 32123a.dat
1 71 42 -24 240 -1 0 0 0 0 -1 0 -1 0 4519.dat
1 71 35 -24 240 0 1 0 0 0 -1 -1 0 0 41677.dat
1 71 25 -4 -140 0 1 0 -1 0 0 0 0 1 41677.dat
1 71 35 -4 -140 0 1 0 -1 0 0 0 0 1 41677.dat
1 71 45 -4 -180 0 1 0 0 0 1 1 0 0 2905.dat
1 71 15 -4 -180 0 1 0 0 0 1 1 0 0 2905.dat
1 0 45 -44 240 0 0 -1 0 -1 0 -1 0 0 6575.dat
1 0 115 -44 240 0 0 -1 0 -1 0 -1 0 0 6575.dat
1 71 125 -24 240 0 1 0 0 0 -1 -1 0 0 41677.dat
1 71 45 -24 20 0 1 0 -1 0 0 0 0 1 41677.dat
1 71 115 -24 20 0 1 0 -1 0 0 0 0 1 41677.dat
1 71 100 16 -315 0 0 -1 -1 0 0 0 1 0 41677.dat
1 71 100 16 -325 0 0 -1 -1 0 0 0 1 0 41677.dat
1 71 122 -24 240 -1 0 0 0 0 -1 0 -1 0 4519.dat
1 71 60 -4 -140 -1 0 0 0 0 -1 0 -1 0 32073.dat
1 0 120 -4 -140 1 0 0 0 0 -1 0 1 0 32054.dat
1 71 120 16 -140 0 0 1 -1 0 0 0 -1 0 44809.dat
1 71 60 -4 -220 -1 0 0 0 0 -1 0 -1 0 32073.dat
1 71 30 -24 -160 0 1 0 0 0 -1 -1 0 0 44294.dat
1 71 30 -24 -110 1 0 0 0 1 0 0 0 1 58120.dat
1 71 30 -25 -180 0 1 0 1 0 0 0 0 -1 4716.dat
1 71 60 16 -180 -1 0 0 0 0 -1 0 -1 0 32073.dat
1 71 65 16 -180 0 0 1 -1 0 0 0 -1 0 32123a.dat
1 4 60 -4 -220 0 0 1 -1 0 0 0 -1 0 3713.dat
1 4 80 -24 20 0 0 1 -1 0 0 0 -1 0 3713.dat
1 19 54 16 -180 0 0 1 -1 0 0 0 -1 0 6589.dat
1 19 80 16 -200 0 1 0 -1 0 0 0 0 1 32269.dat
1 14 60 16 -140 -1 0 0 0 0 1 0 1 0 32039.dat
1 71 2 16 180 -1 0 0 0 0 -1 0 -1 0 4519.dat
1 71 162 16 180 -1 0 0 0 0 -1 0 -1 0 4519.dat
1 71 122 16 -280 -1 0 0 0 0 -1 0 -1 0 4519.dat
1 71 42 16 -280 -1 0 0 0 0 -1 0 -1 0 4519.dat
1 0 110 16 -300 -1 0 0 0 0 -1 0 -1 0 32062.dat
1 0 50 16 -300 -1 0 0 0 0 -1 0 -1 0 32062.dat
1 71 32 -4 -120 -1 0 0 0 0 -1 0 -1 0 4519.dat
1 71 80 -64 -140 -1 0 0 0 0 -1 0 -1 0 4519.dat
1 0 90 16 180 -1 0 0 0 0 -1 0 -1 0 3705.dat
1 0 130 16 180 0 0 -1 1 0 0 0 -1 0 59443.dat
1 71 120 16 140 0 0.707107 0.707107 0 0.707107 -0.707107 -1 0 0 4519.dat
1 71 120.208 16 60 0 0.707107 0.707107 0 0.707107 -0.707107 -1 0 0 32073.dat
1 0 120.451 15.3848 -50 0 0.707107 0.707107 0 0.707107 -0.707107 -1 0 0 3706.dat
1 0 120 16 110 -0.707107 0.707107 0 0.707107 0.707107 0 0 0 -1 59443.dat
1 0 120 16 10 -0.707107 0.707107 0 0.707107 0.707107 0 0 0 -1 59443.dat
1 0 120 16 -110 -0.707107 0.707107 0 0.707107 0.707107 0 0 0 -1 59443.dat
1 0 100 16 180 0 0 -1 1 0 0 0 -1 0 32072.dat
1 0 140 16 -180 0 0 -1 1 0 0 0 -1 0 32072.dat
1 0 120 16 160 -0.707107 0.707107 0 0.707107 0.707107 0 0 0 -1 32072.dat
1 71 120 16 -140 0 -0.707107 -0.707107 0 0.707107 -0.707107 1 0 0 4519.dat
1 0 80 16 -250 0 -1 0 1 0 0 0 0 1 59443.dat
1 0 110 16 -180 0 0 -1 1 0 0 0 -1 0 59443.dat
1 0 110 -4 -220 0 0 -1 1 0 0 0 -1 0 59443.dat
1 0 131 -4 -220 -1 0 0 0 0 -1 0 -1 0 32062.dat
1 71 80 16 -220 0 0 1 0 1 0 -1 0 0 4519.dat
1 0 80 16 -290 0 0 1 0 1 0 -1 0 0 3705.dat
1 0 150 16 -180 1 0 0 0 1 0 0 0 1 3705.dat
1 0 120 16 -160 0.707107 -0.707107 0 0.707107 0.707107 0 0 0 1 32072.dat
1 71 80 -25 240 0 0 -1 0 1 0 1 0 0 32034.dat
1 71 40 15 140 0 0 1 1 0 0 0 1 0 32034.dat
1 71 80 16 200 0 -1 0 -1 0 0 0 0 -1 32140.dat
1 71 120 16 -300 0 1 0 -1 0 0 0 0 1 32140.dat
1 71 40 16 -300 0 1 0 -1 0 0 0 0 1 32140.dat
1 71 40 15 180 0 0 1 1 0 0 0 1 0 32034.dat
1 71 40 -24 40 -1 0 0 0 0 -1 0 -1 0 4519.dat
1 0 81 -24 20 -1 0 0 0 0 -1 0 -1 0 3705.dat
1 71 120 -24 40 -1 0 0 0 0 -1 0 -1 0 4519.dat
1 0 40 -44 40 0 -1 0 0 0 1 -1 0 0 33299a.dat
1 0 120 -44 40 0 1 0 0 0 1 1 0 0 33299a.dat
1 71 80 -25 40 0 0 1 1 0 0 0 1 0 32034.dat
1 71 -20 16 140 0 0 1 -1 0 0 0 -1 0 6536.dat
1 71 -20 16 -220 0 0 1 -1 0 0 0 -1 0 6536.dat
1 71 30 -4 -220 -1 0 0 0 -1 0 0 0 1 6536.dat
1 71 30 -24 -140 0 0 -1 -1 0 0 0 1 0 32523.dat
1 71 10 -4 -120 -1 0 0 0 -1 0 0 0 1 6536.dat
1 71 50 -4 -120 -1 0 0 0 -1 0 0 0 1 6536.dat
1 71 -20 16 -140 0 0 -1 -1 0 0 0 1 0 6536.dat
1 71 -20 16 220 0 0 -1 -1 0 0 0 1 0 6536.dat
1 72 0 16 -140 0 -1 0 1 0 0 0 0 1 32525.dat
1 72 0 16 140 0 -1 0 1 0 0 0 0 1 32525.dat
1 72 160 16 -140 0 -1 0 1 0 0 0 0 1 32525.dat
1 72 80 36 -220 0 0 -1 0 -1 0 -1 0 0 32525.dat
1 72 160 16 140 0 -1 0 1 0 0 0 0 1 32525.dat
1 71 -20 -64 0 0 -1 0 1 0 0 0 0 1 40490.dat
1 71 180 -64 0 0 -1 0 1 0 0 0 0 1 40490.dat
1 72 0 -64 -140 0 -1 0 1 0 0 0 0 1 32525.dat
1 72 0 -64 140 0 -1 0 1 0 0 0 0 1 32525.dat
1 72 160 -64 -140 0 -1 0 1 0 0 0 0 1 32525.dat
1 72 160 -64 140 0 -1 0 1 0 0 0 0 1 32525.dat
1 72 20 -64 40 0 1 0 0 0 1 1 0 0 32526.dat
1 72 20 16 240 0 1 0 0 0 -1 -1 0 0 32526.dat
1 72 20 -64 -240 0 -1 0 0 0 1 -1 0 0 32526.dat
1 72 180 56 220 -1 0 0 0 1 0 0 0 -1 32526.dat
1 72 -20 56 220 1 0 0 0 -1 0 0 0 -1 32526.dat
1 72 180 56 -220 -1 0 0 0 -1 0 0 0 1 32526.dat
1 72 -20 56 -220 1 0 0 0 1 0 0 0 1 32526.dat
1 72 80 -64 -140 0 -1 0 0 0 1 -1 0 0 32526.dat
1 72 129 -168 -277 0 0 -1 -1 0 0 0 1 0 2739a.dat
1 72 129 -168 275 0 0 -1 -1 0 0 0 1 0 2739a.dat
1 72 30 16 -180 0 0 1 0 1 0 -1 0 0 3648b.dat
1 1 0 16 40 1 0 0 0 1 0 0 0 1 6558.dat
1 1 0 -64 40 1 0 0 0 1 0 0 0 1 6558.dat
1 1 -20 -64 80 1 0 0 0 1 0 0 0 1 6558.dat
1 1 -20 -64 -80 1 0 0 0 1 0 0 0 1 6558.dat
1 1 30 -44 240 1 0 0 0 1 0 0 0 1 43093.dat
1 1 10 16 140 1 0 0 0 1 0 0 0 1 43093.dat
1 71 40 -65 -140 0 0 1 1 0 0 0 1 0 32034.dat
1 71 80 16 -280 0 0 1 0 1 0 -1 0 0 32034.dat
1 71 80 16 -300 0 0 1 0 1 0 -1 0 0 32034.dat
1 1 10 -64 -140 1 0 0 0 1 0 0 0 1 43093.dat
1 71 120 -65 -140 0 0 -1 1 0 0 0 -1 0 32034.dat
1 1 150 -64 -140 -1 0 0 0 1 0 0 0 -1 43093.dat
1 1 70 16 140 -1 0 0 0 1 0 0 0 -1 43093.dat
1 1 90 -4 140 1 0 0 0 1 0 0 0 1 43093.dat
1 1 130 -44 240 -1 0 0 0 1 0 0 0 -1 43093.dat
1 71 145 -4 -220 0 1 0 0 0 1 1 0 0 41677.dat
1 71 135 -4 -220 0 1 0 0 0 1 1 0 0 41677.dat
1 1 150 16 -220 -1 0 0 0 -1 0 0 0 1 43093.dat
1 1 60 26 -140 0 -1 0 -1 0 0 0 0 -1 43093.dat
1 19 100 16 -330 0 -1 0 0 0 -1 1 0 0 43093.dat
1 71 175 16 -160 0 -1 0 -1 0 0 0 0 -1 41677.dat
1 71 185 16 -160 0 -1 0 -1 0 0 0 0 -1 41677.dat
1 19 190 16 -160 -1 0 0 0 0 -1 0 -1 0 43093.dat
1 71 -15 16 -200 0 1 0 -1 0 0 0 0 1 41677.dat
1 71 -25 16 -200 0 1 0 -1 0 0 0 0 1 41677.dat
1 19 -30 16 -200 1 0 0 0 0 -1 0 1 0 43093.dat
1 71 175 -4 180 0 -1 0 0 0 1 -1 0 0 41677.dat
1 71 185 -4 180 0 -1 0 0 0 1 -1 0 0 41677.dat
1 19 190 -4 180 -1 0 0 0 1 0 0 0 -1 43093.dat
1 71 -15 36 180 0 1 0 0 0 -1 -1 0 0 41677.dat
1 71 -25 36 180 0 1 0 0 0 -1 -1 0 0 41677.dat
1 19 -30 36 180 1 0 0 0 -1 0 0 0 -1 43093.dat
1 0 -10 16 -40 1 0 0 0 1 0 0 0 1 2780.dat
1 0 -10 16 -80 1 0 0 0 1 0 0 0 1 2780.dat
1 0 -10 16 -100 1 0 0 0 1 0 0 0 1 2780.dat
1 0 -10 -64 -100 1 0 0 0 1 0 0 0 1 2780.dat
1 0 30 -4 -240 1 0 0 0 1 0 0 0 1 2780.dat
1 0 130 -4 -240 1 0 0 0 1 0 0 0 1 2780.dat
1 0 -10 -64 -40 1 0 0 0 1 0 0 0 1 2780.dat
1 0 -30 -64 -60 1 0 0 0 1 0 0 0 1 2780.dat
1 0 40 24 140 0 -1 0 -1 0 0 0 0 -1 2780.dat
1 0 100 24 -140 0 -1 0 -1 0 0 0 0 -1 2780.dat
1 0 150 16 -140 -1 0 0 0 1 0 0 0 -1 2780.dat
1 0 140 6 -140 0 -1 0 0 0 1 -1 0 0 43857.dat
1 0 120 -4 140 1 0 0 0 0 -1 0 1 0 32054.dat
1 71 120 16 140 0 0 1 -1 0 0 0 -1 0 44809.dat
1 0 100 24 140 0 -1 0 -1 0 0 0 0 -1 2780.dat
1 0 150 16 140 -1 0 0 0 1 0 0 0 -1 2780.dat
1 0 140 6 140 0 -1 0 0 0 1 -1 0 0 43857.dat
1 0 -30 -64 60 1 0 0 0 1 0 0 0 1 2780.dat
1 0 10 -64 200 1 0 0 0 1 0 0 0 1 2780.dat
1 19 0 -64 240 1 0 0 0 1 0 0 0 1 32556.dat
1 19 0 -64 -240 1 0 0 0 1 0 0 0 1 32556.dat
1 0 -10 16 -120 1 0 0 0 1 0 0 0 1 2780.dat
1 0 -10 16 120 1 0 0 0 1 0 0 0 1 2780.dat
1 71 180 16 140 0 0 1 -1 0 0 0 -1 0 6536.dat
1 71 180 16 -220 0 0 1 -1 0 0 0 -1 0 6536.dat
1 71 180 16 -140 0 0 -1 -1 0 0 0 1 0 6536.dat
1 71 180 16 220 0 0 -1 -1 0 0 0 1 0 6536.dat
1 19 160 -64 240 -1 0 0 0 1 0 0 0 -1 32556.dat
1 19 160 -64 -240 -1 0 0 0 1 0 0 0 -1 32556.dat
1 0 170 16 -80 1 0 0 0 1 0 0 0 1 2780.dat
1 0 170 16 -40 1 0 0 0 1 0 0 0 1 2780.dat
1 0 170 16 -120 1 0 0 0 1 0 0 0 1 2780.dat
1 0 170 16 120 1 0 0 0 1 0 0 0 1 2780.dat
1 0 170 16 -100 1 0 0 0 1 0 0 0 1 2780.dat
1 0 170 -64 -100 1 0 0 0 1 0 0 0 1 2780.dat
1 0 190 -64 -60 1 0 0 0 1 0 0 0 1 2780.dat
1 0 200 -84 -70 0 0 -1 0 1 0 1 0 0 32557.dat
1 0 -40 -84 -70 0 0 -1 0 1 0 1 0 0 32557.dat
1 0 200 -84 70 0 0 -1 0 1 0 1 0 0 32557.dat
1 0 -40 -84 70 0 0 -1 0 1 0 1 0 0 32557.dat
1 0 220 26 -140 0 -1 0 1 0 0 0 0 1 2780.dat
1 0 200 26 -140 0 -1 0 1 0 0 0 0 1 2780.dat
1 0 140 46 -140 0 -1 0 1 0 0 0 0 1 2780.dat
1 0 20 46 -140 0 -1 0 1 0 0 0 0 1 2780.dat
1 0 -40 26 -140 0 -1 0 1 0 0 0 0 1 2780.dat
1 0 -60 26 -140 0 -1 0 1 0 0 0 0 1 2780.dat
1 0 220 26 140 0 -1 0 1 0 0 0 0 1 2780.dat
1 0 200 26 140 0 -1 0 1 0 0 0 0 1 2780.dat
1 0 140 46 140 0 -1 0 1 0 0 0 0 1 2780.dat
1 0 20 46 140 0 -1 0 1 0 0 0 0 1 2780.dat
1 0 -40 26 140 0 -1 0 1 0 0 0 0 1 2780.dat
1 0 -60 26 140 0 -1 0 1 0 0 0 0 1 2780.dat
1 0 190 -64 60 1 0 0 0 1 0 0 0 1 2780.dat
1 1 0 16 80 1 0 0 0 1 0 0 0 1 6558.dat
1 1 0 16 240 1 0 0 0 1 0 0 0 1 6558.dat
1 1 0 16 -240 1 0 0 0 1 0 0 0 1 6558.dat
1 1 160 16 40 -1 0 0 0 1 0 0 0 -1 6558.dat
1 1 180 -64 80 -1 0 0 0 1 0 0 0 -1 6558.dat
1 1 160 -64 40 -1 0 0 0 1 0 0 0 -1 6558.dat
1 1 180 -64 -80 -1 0 0 0 1 0 0 0 -1 6558.dat
1 1 160 16 240 -1 0 0 0 1 0 0 0 -1 6558.dat
1 1 160 16 -240 -1 0 0 0 1 0 0 0 -1 6558.dat
1 1 160 16 80 -1 0 0 0 1 0 0 0 -1 6558.dat
1 1 170 16 0 -1 0 0 0 1 0 0 0 -1 4274.dat
1 0 162 116 0 0 1 0 -1 0 0 0 0 1 76384.dat
1 1 170 16 0 -1 0 0 0 1 0 0 0 -1 4274.dat
1 1 10 -24 -120 0 0 -1 0 1 0 1 0 0 6558.dat
1 1 50 -24 -120 0 0 -1 0 1 0 1 0 0 6558.dat
1 1 60 -44 30 0 0 -1 0 1 0 1 0 0 4274.dat
1 1 100 -44 30 0 0 -1 0 1 0 1 0 0 4274.dat
1 71 60 -24 20 -1 0 0 0 -1 0 0 0 1 6536.dat
1 71 100 -24 20 -1 0 0 0 -1 0 0 0 1 6536.dat
1 71 80 -4 -220 -1 0 0 0 1 0 0 0 -1 6536.dat
1 72 140 -64 40 0 1 0 0 0 1 1 0 0 32526.dat
1 72 140 16 240 0 1 0 0 0 -1 -1 0 0 32526.dat
1 72 140 -64 -240 0 -1 0 0 0 1 -1 0 0 32526.dat
1 72 180 38 -220 0 -1 0 1 0 0 0 0 1 6587.dat
1 72 -20 38 -220 0 -1 0 1 0 0 0 0 1 6587.dat
1 72 180 38 140 0 -1 0 1 0 0 0 0 1 6587.dat
1 72 -20 38 140 0 -1 0 1 0 0 0 0 1 6587.dat
1 72 180 38 -140 0 -1 0 1 0 0 0 0 1 6587.dat
1 72 -20 38 -140 0 -1 0 1 0 0 0 0 1 6587.dat
1 72 180 38 220 0 -1 0 1 0 0 0 0 1 6587.dat
1 72 -20 38 220 0 -1 0 1 0 0 0 0 1 6587.dat
1 72 80 36 220 0 0 -1 0 -1 0 -1 0 0 32525.dat
1 71 80 36 140 0 0 -1 0 -1 0 -1 0 0 32278.dat
1 71 80 36 -140 0 0 -1 0 -1 0 -1 0 0 32278.dat
1 72 80 -170 180 -1 0 0 0 1 0 0 0 -1 58124c02.dat
1 0 50 -104 40 -1 0 0 0 1 0 0 0 -1 2780.dat
1 0 80 -164 120 -1 0 0 0 1 0 0 0 -1 2780.dat
1 0 110 -104 40 -1 0 0 0 1 0 0 0 -1 2780.dat
1 0 50 -64 40 -1 0 0 0 1 0 0 0 -1 2780.dat
1 0 110 -64 40 -1 0 0 0 1 0 0 0 -1 2780.dat
1 72 40 -64 40 0 1 0 0 0 -1 -1 0 0 32526.dat
1 0 50 -161 180 -0.0032 -10.1148 0 0 0 1 1 -0.0324 0 LS70.dat
1 0 41.105 -161 179.971 -0.071 -2.7392 0 0 0 1 0.9975 -0.1949 0 LS70.dat
1 0 39.2967 -161 179.843 -0.1226 -2.1588 0 0 0 1 0.9925 -0.2666 0 LS70.dat
1 0 38.0762 -161 179.692 -0.1745 -1.9428 0 0 0 1 0.9846 -0.3444 0 LS70.dat
1 0 37.0874 -161 179.517 -0.2273 -1.6804 0 0 0 1 0.9738 -0.3922 0 LS70.dat
1 0 36.3079 -161 179.335 -0.277 -1.4527 0 0 0 1 0.9609 -0.4189 0 LS70.dat
1 0 35.7051 -161 179.161 -0.3239 -1.3893 0 0 0 1 0.9461 -0.4757 0 LS70.dat
1 0 35.1853 -161 178.983 -0.3718 -1.3551 0 0 0 1 0.9283 -0.5428 0 LS70.dat
1 0 34.6935 -161 178.786 -0.4193 -1.2315 0 0 0 1 0.9079 -0.5687 0 LS70.dat
1 0 34.2819 -161 178.596 -0.4643 -1.1815 0 0 0 1 0.8857 -0.6194 0 LS70.dat
1 0 33.9106 -161 178.401 -0.5087 -1.1438 0 0 0 1 0.8609 -0.6758 0 LS70.dat
1 0 33.5651 -161 178.197 -0.5524 -1.0813 0 0 0 1 0.8336 -0.7165 0 LS70.dat
1 0 33.2477 -161 177.987 -0.5941 -1.0391 0 0 0 1 0.8044 -0.7675 0 LS70.dat
1 0 32.9625 -161 177.776 -0.6352 -1.028 0 0 0 1 0.7724 -0.8454 0 LS70.dat
1 0 32.6774 -161 177.542 -0.6755 -0.9566 0 0 0 1 0.7373 -0.8765 0 LS70.dat
1 0 32.4171 -161 177.303 -0.7133 -0.8887 0 0 0 1 0.7009 -0.9045 0 LS70.dat
1 0 32.1764 -161 177.058 -0.7484 -0.8284 0 0 0 1 0.6633 -0.9346 0 LS70.dat
1 0 31.9546 -161 176.808 -0.7811 -0.7938 0 0 0 1 0.6244 -0.993 0 LS70.dat
1 0 31.7436 -161 176.544 -0.8124 -0.7511 0 0 0 1 0.5831 -1.0465 0 LS70.dat
1 0 31.5352 -161 176.254 -0.8415 -0.6807 0 0 0 1 0.5403 -1.0601 0 LS70.dat
1 0 31.3449 -161 175.957 -0.8676 -0.6339 0 0 0 1 0.4972 -1.1062 0 LS70.dat
1 0 31.1645 -161 175.642 -0.8917 -0.5878 0 0 0 1 0.4526 -1.1581 0 LS70.dat
1 0 30.9896 -161 175.298 -0.9135 -0.5354 0 0 0 1 0.4068 -1.2023 0 LS70.dat
1 0 30.8252 -161 174.928 -0.933 -0.4856 0 0 0 1 0.36 -1.2586 0 LS70.dat
1 0 30.6677 -161 174.52 -0.95 -0.4296 0 0 0 1 0.3123 -1.3067 0 LS70.dat
1 0 30.5215 -161 174.075 -0.9645 -0.3729 0 0 0 1 0.264 -1.3624 0 LS70.dat
1 0 30.3856 -161 173.579 -0.9765 -0.3153 0 0 0 1 0.2156 -1.4281 0 LS70.dat
1 0 30.2655 -161 173.035 -0.9861 -0.4106 0 0 0 1 0.1662 -2.4362 0 LS70.dat
1 0 30.1574 -161 172.393 -0.9978 -0.2109 0 0 0 1 0.0656 -3.2058 0 LS70.dat
1 0 30 -161 170 -1 0 0 0 0 1 0 -30 0 LS70.dat
1 0 30 -161 140 -0.9997 -0.3029 0 0 0 1 0.0263 -11.5334 0 LS70.dat
1 0 29.7212 -161 129.383 -0.997 -1.2581 0 0 0 1 0.0771 -16.2628 0 LS70.dat
1 0 28.4965 -161 113.553 -0.9949 -8.6805 0 0 0 1 0.1012 -85.3649 0 LS70.dat
1 0 20 -161 30 -1 0.0066 -0 0 0.0501 0.9997 -0.0032 -2.0529 0.0244 LS70.dat
1 0 20.0037 -160.972 28.8479 -1 0.0194 0.0008 0.0015 0.1481 0.9973 -0.0096 -1.9957 0.074 LS70.dat
1 0 20.0143 -160.891 27.7608 -0.9999 0.0317 0.0013 0.0033 0.2423 0.9923 -0.0159 -1.9391 0.124 LS70.dat
1 0 20.0312 -160.762 26.7262 -0.9997 0.043 0.0014 0.0053 0.3296 0.9848 -0.0221 -1.8689 0.1737 LS70.dat
1 0 20.0534 -160.591 25.7593 -0.9996 0.0547 0.0011 0.0076 0.4207 0.9748 -0.028 -1.8371 0.2232 LS70.dat
1 0 20.0814 -160.376 24.8188 -0.9994 0.0649 0.0005 0.0101 0.4999 0.9622 -0.0339 -1.7658 0.2724 LS70.dat
1 0 20.1139 -160.125 23.9336 -0.9991 0.0753 -0.0005 0.0128 0.5822 0.9472 -0.0394 -1.7197 0.3207 LS70.dat
1 0 20.1515 -159.835 23.0766 -0.9989 0.0847 -0.0018 0.0158 0.656 0.9299 -0.0448 -1.6579 0.3679 LS70.dat
1 0 20.1931 -159.513 22.262 -0.9986 0.0953 -0.0034 0.0189 0.7406 0.9103 -0.0499 -1.6278 0.414 LS70.dat
1 0 20.2398 -159.15 21.4638 -0.9982 0.1055 -0.0054 0.0223 0.8218 0.8883 -0.0548 -1.5883 0.4593 LS70.dat
1 0 20.2917 -158.746 20.6836 -0.9979 0.1155 -0.0076 0.0259 0.9021 0.8641 -0.0594 -1.5469 0.5033 LS70.dat
1 0 20.3485 -158.302 19.9225 -0.9975 0.1268 -0.01 0.0297 0.993 0.8377 -0.0638 -1.5209 0.5461 LS70.dat
1 0 20.4112 -157.811 19.1698 -0.9971 0.1387 -0.0128 0.0336 1.0892 0.8089 -0.0679 -1.4957 0.5879 LS70.dat
1 0 20.4811 -157.262 18.4158 -0.9967 0.1494 -0.0157 0.0378 1.1773 0.778 -0.0718 -1.4544 0.6281 LS70.dat
1 0 20.5572 -156.662 17.6752 -0.9963 0.1618 -0.0189 0.0421 1.2791 0.745 -0.0753 -1.4245 0.6668 LS70.dat
1 0 20.642 -155.992 16.9283 -0.9958 0.1714 -0.0222 0.0466 1.3595 0.7104 -0.0785 -1.3675 0.7034 LS70.dat
1 0 20.7332 -155.268 16.2003 -0.9954 0.1862 -0.0257 0.0511 1.4829 0.6743 -0.0813 -1.3485 0.738 LS70.dat
1 0 20.835 -154.458 15.4634 -0.9949 0.2017 -0.0293 0.0557 1.6126 0.6363 -0.0838 -1.3232 0.7709 LS70.dat
1 0 20.9492 -153.544 14.7141 -0.9945 0.2157 -0.033 0.0604 1.732 0.5967 -0.0859 -1.2802 0.8018 LS70.dat
1 0 21.0748 -152.536 13.9688 -0.994 0.2346 -0.0368 0.065 1.8924 0.5559 -0.0876 -1.2564 0.8304 LS70.dat
1 0 21.2168 -151.391 13.2085 -0.9936 0.2491 -0.0406 0.0698 2.0197 0.5138 -0.0889 -1.1991 0.857 LS70.dat
1 0 21.3756 -150.103 12.4439 -0.9932 0.2464 -0.0441 0.0742 2.0092 0.4726 -0.0896 -1.0665 0.8802 LS70.dat
1 0 21.5394 -148.767 11.735 -0.9929 0.2366 -0.0472 0.0782 1.9403 0.4348 -0.0899 -0.9256 0.8993 LS70.dat
1 0 21.7019 -147.435 11.0993 -0.9926 0.2268 -0.0498 0.0817 1.8698 0.4007 -0.0898 -0.8066 0.9149 LS70.dat
1 0 21.8621 -146.114 10.5296 -0.9924 0.2189 -0.052 0.0847 1.8146 0.3699 -0.0894 -0.7114 0.9276 LS70.dat
1 0 22.0208 -144.798 10.0138 -0.9922 0.211 -0.0539 0.0873 1.7581 0.342 -0.0888 -0.6288 0.9381 LS70.dat
1 0 22.1775 -143.493 9.5469 -0.9921 0.2034 -0.0555 0.0896 1.7039 0.3167 -0.0881 -0.5579 0.9469 LS70.dat
1 0 22.3315 -142.203 9.1243 -0.992 0.1977 -0.0568 0.0916 1.6649 0.2936 -0.0872 -0.5004 0.9543 LS70.dat
1 0 22.4843 -140.916 8.7375 -0.9919 0.1903 -0.0579 0.0933 1.6109 0.2724 -0.0863 -0.4454 0.9604 LS70.dat
1 0 22.6338 -139.65 8.3877 -0.9918 0.1851 -0.0588 0.0948 1.5752 0.2531 -0.0853 -0.4015 0.9657 LS70.dat
1 0 22.7815 -138.394 8.0675 -0.9918 0.18 -0.0596 0.0961 1.5399 0.2352 -0.0842 -0.3623 0.9701 LS70.dat
1 0 22.9271 -137.148 7.7744 -0.9918 0.1751 -0.0601 0.0973 1.5054 0.2187 -0.0831 -0.3272 0.9739 LS70.dat
1 0 23.0705 -135.915 7.5063 -0.9918 0.1703 -0.0606 0.0983 1.4716 0.2035 -0.082 -0.2958 0.9772 LS70.dat
1 0 23.2117 -134.695 7.2611 -0.9918 0.1656 -0.0609 0.0991 1.4386 0.1893 -0.0808 -0.2676 0.98 LS70.dat
1 0 23.3503 -133.491 7.037 -0.9918 0.161 -0.0612 0.0999 1.4063 0.1762 -0.0797 -0.2422 0.9824 LS70.dat
1 0 23.4865 -132.301 6.8321 -0.9918 0.1568 -0.0613 0.1005 1.3761 0.164 -0.0785 -0.2195 0.9845 LS70.dat
1 0 23.6201 -131.129 6.6451 -0.9919 0.1544 -0.0614 0.101 1.3625 0.1526 -0.0773 -0.2012 0.9864 LS70.dat
1 0 23.7529 -129.957 6.4721 -0.9919 0.1503 -0.0613 0.1014 1.3333 0.1419 -0.0761 -0.1821 0.988 LS70.dat
1 0 23.883 -128.803 6.3144 -0.992 0.1481 -0.0613 0.1018 1.3208 0.1318 -0.075 -0.1668 0.9894 LS70.dat
1 0 24.0122 -127.65 6.169 -0.992 0.1442 -0.0611 0.1021 1.2927 0.1223 -0.0738 -0.1507 0.9906 LS70.dat
1 0 24.1388 -126.516 6.0367 -0.9921 0.1421 -0.0609 0.1023 1.2808 0.1134 -0.0726 -0.1377 0.9917 LS70.dat
1 0 24.2643 -125.385 5.9151 -0.9922 0.1384 -0.0607 0.1024 1.2538 0.105 -0.0715 -0.1241 0.9926 LS70.dat
1 0 24.3871 -124.272 5.8049 -0.9922 0.1366 -0.0604 0.1025 1.2441 0.097 -0.0703 -0.1132 0.9935 LS70.dat
1 0 24.509 -123.162 5.7039 -0.9923 0.1348 -0.06 0.1026 1.2346 0.0894 -0.0691 -0.1029 0.9942 LS70.dat
1 0 24.6298 -122.055 5.6117 -0.9924 0.133 -0.0597 0.1026 1.2254 0.0822 -0.068 -0.0933 0.9948 LS70.dat
1 0 24.7497 -120.951 5.5276 -0.9925 0.1313 -0.0593 0.1025 1.2164 0.0754 -0.0668 -0.0843 0.9954 LS70.dat
1 0 24.8685 -119.851 5.4514 -0.9926 0.1296 -0.0588 0.1024 1.2077 0.0688 -0.0657 -0.0758 0.9959 LS70.dat
1 0 24.9862 -118.754 5.3826 -0.9927 0.128 -0.0583 0.1023 1.1993 0.0625 -0.0645 -0.0678 0.9963 LS70.dat
1 0 25.1029 -117.66 5.3208 -0.9928 0.1264 -0.0578 0.1021 1.1911 0.0566 -0.0634 -0.0603 0.9967 LS70.dat
1 0 25.2186 -116.57 5.2657 -0.9928 0.1248 -0.0573 0.1019 1.1833 0.0508 -0.0623 -0.0532 0.9971 LS70.dat
1 0 25.3332 -115.483 5.2169 -0.9929 0.1232 -0.0567 0.1016 1.1757 0.0454 -0.0611 -0.0465 0.9974 LS70.dat
1 0 25.4467 -114.4 5.1741 -0.993 0.1217 -0.0562 0.1014 1.1681 0.0401 -0.06 -0.0401 0.9976 LS70.dat
1 0 25.5592 -113.32 5.137 -0.9931 0.1202 -0.0556 0.101 1.1615 0.0351 -0.0588 -0.0342 0.9978 LS70.dat
1 0 25.6706 -112.243 5.1053 -0.9932 0.1187 -0.0549 0.1007 1.1548 0.0303 -0.0577 -0.0285 0.998 LS70.dat
1 0 25.781 -111.169 5.0788 -0.9933 0.1173 -0.0543 0.1003 1.1488 0.0257 -0.0566 -0.0232 0.9982 LS70.dat
1 0 25.8903 -110.099 5.0572 -0.9934 0.1174 -0.0536 0.0999 1.1577 0.0213 -0.0555 -0.0183 0.9983 LS70.dat
1 0 26.0001 -109.017 5.04 -0.9936 0.116 -0.0529 0.0994 1.1512 0.017 -0.0544 -0.0134 0.9985 LS70.dat
1 0 26.1088 -107.938 5.0274 -0.9937 0.1146 -0.0522 0.099 1.1461 0.0129 -0.0532 -0.0088 0.9986 LS70.dat
1 0 26.2164 -106.861 5.0191 -0.9938 0.1147 -0.0515 0.0985 1.1558 0.009 -0.0521 -0.0045 0.9986 LS70.dat
1 0 26.3245 -105.773 5.0149 -0.9939 0.1133 -0.0507 0.0979 1.1503 0.0051 -0.051 -0.0002 0.9987 LS70.dat
1 0 26.4314 -104.688 5.0148 -0.994 0.1134 -0.05 0.0973 1.1603 0.0015 -0.0499 0.004 0.9988 LS70.dat
1 0 26.5387 -103.591 5.0185 -0.9941 0.112 -0.0492 0.0967 1.155 -0.0021 -0.0487 0.0079 0.9988 LS70.dat
1 0 26.6448 -102.497 5.026 -0.9942 0.112 -0.0484 0.0961 1.1645 -0.0055 -0.0476 0.0118 0.9988 LS70.dat
1 0 26.7512 -101.39 5.0373 -0.9944 0.1106 -0.0475 0.0954 1.16 -0.0088 -0.0465 0.0154 0.9988 LS70.dat
1 0 26.8564 -100.286 5.052 -0.9945 0.1107 -0.0467 0.0947 1.1709 -0.0119 -0.0453 0.0191 0.9988 LS70.dat
1 0 26.9619 -99.1698 5.0702 -0.9946 0.1106 -0.0458 0.094 1.1814 -0.015 -0.0442 0.0228 0.9988 LS70.dat
1 0 27.0676 -98.0413 5.092 -0.9947 0.1092 -0.0449 0.0932 1.1776 -0.0179 -0.043 0.026 0.9988 LS70.dat
1 0 27.172 -96.9151 5.1169 -0.9948 0.1091 -0.044 0.0924 1.1887 -0.0207 -0.0419 0.0294 0.9988 LS70.dat
1 0 27.2765 -95.7763 5.1452 -0.995 0.1089 -0.043 0.0915 1.1989 -0.0234 -0.0407 0.0328 0.9988 LS70.dat
1 0 27.3811 -94.6249 5.1767 -0.9951 0.1088 -0.0421 0.0906 1.2104 -0.026 -0.0396 0.0361 0.9988 LS70.dat
1 0 27.4857 -93.4608 5.2115 -0.9952 0.1085 -0.0411 0.0896 1.2218 -0.0285 -0.0384 0.0394 0.9987 LS70.dat
1 0 27.5902 -92.284 5.2495 -0.9954 0.1082 -0.0401 0.0886 1.2334 -0.031 -0.0372 0.0426 0.9987 LS70.dat
1 0 27.6946 -91.0943 5.2906 -0.9955 0.1078 -0.039 0.0875 1.2447 -0.0333 -0.036 0.0457 0.9987 LS70.dat
1 0 27.7988 -89.8916 5.3347 -0.9957 0.1073 -0.038 0.0864 1.2563 -0.0355 -0.0348 0.0487 0.9986 LS70.dat
1 0 27.9027 -88.6755 5.3818 -0.9958 0.1069 -0.0369 0.0852 1.2685 -0.0375 -0.0336 0.0516 0.9986 LS70.dat
1 0 28.0063 -87.4461 5.4317 -0.9959 0.1063 -0.0358 0.084 1.281 -0.0394 -0.0324 0.0544 0.9986 LS70.dat
1 0 28.1094 -86.2032 5.4845 -0.9961 0.1068 -0.0346 0.0827 1.3081 -0.0412 -0.0311 0.0577 0.9985 LS70.dat
1 0 28.2133 -84.9322 5.5406 -0.9962 0.1061 -0.0334 0.0814 1.3216 -0.0429 -0.0299 0.0604 0.9985 LS70.dat
1 0 28.3165 -83.6472 5.5993 -0.9964 0.1064 -0.0322 0.0799 1.3496 -0.0445 -0.0286 0.0636 0.9985 LS70.dat
1 0 28.42 -82.3337 5.6611 -0.9966 0.1053 -0.031 0.0783 1.3629 -0.0459 -0.0273 0.066 0.9985 LS70.dat
1 0 28.5227 -81.0057 5.7254 -0.9967 0.1053 -0.0297 0.0767 1.392 -0.0472 -0.026 0.069 0.9984 LS70.dat
1 0 28.6253 -79.6488 5.7926 -0.9969 0.1041 -0.0284 0.0749 1.4085 -0.0483 -0.0247 0.0712 0.9984 LS70.dat
1 0 28.7268 -78.2769 5.8619 -0.9971 0.1036 -0.027 0.0731 1.4376 -0.0493 -0.0234 0.0738 0.9984 LS70.dat
1 0 28.8279 -76.8755 5.9337 -0.9972 0.103 -0.0256 0.0711 1.4685 -0.05 -0.022 0.0762 0.9984 LS70.dat
1 0 28.9283 -75.4441 6.008 -0.9974 0.1021 -0.0242 0.0689 1.5008 -0.0506 -0.0207 0.0785 0.9984 LS70.dat
1 0 29.0279 -73.9825 6.0844 -0.9976 0.1009 -0.0227 0.0666 1.5342 -0.0509 -0.0193 0.0805 0.9984 LS70.dat
1 0 29.1261 -72.4903 6.1626 -0.9978 0.0995 -0.0211 0.0642 1.5703 -0.0509 -0.0178 0.0822 0.9985 LS70.dat
1 0 29.2227 -70.9672 6.2423 -0.998 0.0984 -0.0195 0.0614 1.6216 -0.0507 -0.0164 0.0842 0.9985 LS70.dat
1 0 29.3182 -69.3982 6.3237 -0.9982 0.096 -0.0179 0.0585 1.6597 -0.0501 -0.0149 0.0849 0.9986 LS70.dat
1 0 29.411 -67.7976 6.4056 -0.9984 0.0939 -0.0162 0.0553 1.7147 -0.0491 -0.0134 0.0858 0.9987 LS70.dat
1 0 29.5013 -66.1505 6.488 -0.9986 0.0902 -0.0144 0.0518 1.7573 -0.0476 -0.0119 0.0851 0.9988 LS70.dat
1 0 29.5877 -64.4711 6.5693 -0.9988 0.0864 -0.0125 0.048 1.8169 -0.0456 -0.0103 0.0841 0.9989 LS70.dat
1 0 29.6699 -62.7448 6.6491 -0.999 0.0814 -0.0106 0.0437 1.88 -0.043 -0.0087 0.0818 0.999 LS70.dat
1 0 29.747 -60.9713 6.7262 -0.9992 0.0756 -0.0086 0.0388 1.9616 -0.0396 -0.0071 0.0783 0.9992 LS70.dat
1 0 29.8179 -59.1363 6.7995 -0.9994 0.0674 -0.0066 0.0333 2.0333 -0.0351 -0.0054 0.0719 0.9994 LS70.dat
1 0 29.8805 -57.2548 6.866 -0.9996 0.0573 -0.0045 0.027 2.1267 -0.0295 -0.0037 0.063 0.9996 LS70.dat
1 0 29.933 -55.3133 6.9235 -0.9998 0.0457 -0.0023 0.0197 2.3242 -0.0223 -0.0019 0.0519 0.9997 LS70.dat
1 0 29.9729 -53.2988 6.9685 -1 0.0285 -0 0.0081 3.5257 -0.0096 0 0.0338 1 LS70.dat
1 72 120 -64 40 0 1 0 0 0 -1 -1 0 0 32526.dat
1 72 90 -164 60 0 1 0 1 0 0 0 0 -1 32524.dat
1 4 80 -144 0 -1 0 0 0 0 -1 0 -1 0 62462.dat
1 4 40 -269 -10 -1 0 0 0 1 0 0 0 -1 Part 10.ldr
0
0 FILE Part 2.ldr
0 Part 2
0 Name: Part 2.ldr
0 Author: LDraw
0 Unofficial Model
0 ROTATION CENTER 0 0 0 1 "Custom" 
0 ROTATION CONFIG 0 0
1 71 120 20 -280 -1 0 0 0 0 -1 0 -1 0 4519.dat
1 72 120 20 -300 -1 0 0 0 0 -1 0 -1 0 42003.dat
1 72 120 80 -300 -1 0 0 0 0 -1 0 -1 0 42003.dat
1 71 120 80 -280 -1 0 0 0 0 -1 0 -1 0 44294.dat
1 71 90 80 -280 0 1 0 0 0 -1 -1 0 0 2825.dat
1 71 75 80 -280 0 0 1 0 1 0 -1 0 0 32123a.dat
1 71 165 80 -280 0 0 1 0 1 0 -1 0 0 32123a.dat
1 0 105 50 -280 0 1 0 0 0 -1 -1 0 0 32449.dat
1 0 120 50 -320 0 1 0 1 0 0 0 0 -1 3705.dat
1 71 150 80 -280 0 -1 0 0 0 -1 1 0 0 2825.dat
1 0 135 50 -280 0 -1 0 0 0 -1 1 0 0 32449.dat
0
0 FILE Part 3.ldr
0 Part 3
0 Name: Part 3.ldr
0 Author: LDraw
0 Unofficial Model
0 ROTATION CENTER 0 0 0 1 "Custom" 
0 ROTATION CONFIG 0 0
1 72 -20 8 0 1 0 0 0 1 0 0 0 1 3832.dat
1 72 -30 8 70 -1 0 0 0 1 0 0 0 -1 54200.dat
1 72 -10 8 70 -1 0 0 0 1 0 0 0 -1 54200.dat
1 72 -20 8 -60 0 0 -1 0 1 0 1 0 0 3020.dat
1 72 -20 8 60 0 0 -1 0 1 0 1 0 0 3020.dat
1 72 -30 0 10 0 0 -1 0 1 0 1 0 0 30357.dat
1 72 -10 0 10 1 0 0 0 1 0 0 0 1 30357.dat
1 72 -10 0 -10 0 0 1 0 1 0 -1 0 0 30357.dat
1 72 -30 0 -10 -1 0 0 0 1 0 0 0 -1 30357.dat
1 71 -20 -24 0 0 0 -1 0 1 0 1 0 0 3003.dat
1 71 -20 -56 0 0 0 -1 0 1 0 1 0 0 6222.dat
1 0 -20 -46 40 0 0 1 0 1 0 -1 0 0 6628.dat
1 71 -20 -32 30 -1 0 0 0 1 0 0 0 -1 2419.dat
1 71 -20 -32 -30 1 0 0 0 1 0 0 0 1 2419.dat
1 71 -20 16 -20 1 0 0 0 1 0 0 0 1 2654.dat
1 71 -20 16 20 1 0 0 0 1 0 0 0 1 2654.dat
1 71 -20 16 80 1 0 0 0 1 0 0 0 1 2654.dat
1 71 -20 16 -80 1 0 0 0 1 0 0 0 1 2654.dat
1 71 -100 16 0 1 0 0 0 1 0 0 0 1 2654.dat
1 71 60 16 0 1 0 0 0 1 0 0 0 1 2654.dat
1 71 -20 -24 -50 1 0 0 0 1 0 0 0 1 3004.dat
1 71 -20 -24 50 1 0 0 0 1 0 0 0 1 3004.dat
1 71 -70 -24 0 0 0 1 0 1 0 -1 0 0 3004.dat
1 71 30 -24 0 0 0 1 0 1 0 -1 0 0 3004.dat
1 71 10 -24 -30 1 0 0 0 1 0 0 0 1 85080.dat
1 71 10 -24 30 0 0 -1 0 1 0 1 0 0 85080.dat
1 71 -50 -24 30 -1 0 0 0 1 0 0 0 -1 85080.dat
1 71 -50 -24 -30 0 0 1 0 1 0 -1 0 0 85080.dat
1 72 -90 8 -10 0 0 1 0 1 0 -1 0 0 54200.dat
1 72 -90 8 10 0 0 1 0 1 0 -1 0 0 54200.dat
1 72 -10 8 -70 1 0 0 0 1 0 0 0 1 54200.dat
1 72 -30 8 -70 1 0 0 0 1 0 0 0 1 54200.dat
1 72 50 8 10 0 0 -1 0 1 0 1 0 0 54200.dat
1 72 50 8 -10 0 0 -1 0 1 0 1 0 0 54200.dat
0
0 FILE Part 4.ldr
0 Part 4
0 Name: Part 4.ldr
0 Author: LDraw
0 Unofficial Model
0 ROTATION CENTER 0 0 0 1 "Custom" 
0 ROTATION CONFIG 0 0
1 1 80 0 0 -1 0 0 0 1 0 0 0 -1 43093.dat
1 71 120 -40 0 0 0 1 0 1 0 -1 0 0 32034.dat
1 1 160 0 0 1 0 0 0 1 0 0 0 1 43093.dat
1 71 175 0 0 0 0 -1 0 1 0 1 0 0 32123a.dat
1 71 155 -40 0 0 0 -1 0 1 0 1 0 0 32123a.dat
1 71 85 -40 0 0 0 -1 0 1 0 1 0 0 32123a.dat
1 0 90 -40 0 -1 0 0 0 1 0 0 0 -1 32062.dat
1 0 150 -40 0 -1 0 0 0 1 0 0 0 -1 32062.dat
1 71 65 0 0 0 0 -1 0 1 0 1 0 0 32123a.dat
1 72 75 -40 0 0 1 0 0 0 1 1 0 0 6632.dat
1 72 165 -40 0 0 1 0 0 0 1 1 0 0 6632.dat
0
0 FILE Part 5.ldr
0 Part 5
0 Name: Part 5.ldr
0 Author: LDraw
0 Unofficial Model
0 ROTATION CENTER 0 0 0 1 "Custom" 
0 ROTATION CONFIG 0 0
1 71 50 -8 0 1 0 0 0 1 0 0 0 1 3666.dat
1 71 50 -40 0 1 0 0 0 1 0 0 0 1 6636.dat
1 72 70 -32 0 1 0 0 0 1 0 0 0 1 3010.dat
1 72 10 -22 18 1 0 0 0 0 1 0 -1 0 3623.dat
1 72 10 -22 -18 -1 0 0 0 0 1 0 1 0 3623.dat
1 72 10 10 -18 -1 0 0 0 0 1 0 1 0 3623.dat
1 72 -30 -8 0 1 0 0 0 1 0 0 0 1 32530.dat
1 0 10 -32 0 1 0 0 0 1 0 0 0 1 52107.dat
1 72 130 10 -15 0 0 -1 -1 0 0 0 1 0 32250.dat
1 72 130 10 15 0 0 -1 -1 0 0 0 1 0 32250.dat
1 72 130 -10 8 0 0 -1 0 -1 0 -1 0 0 6587.dat
1 71 130 -10 -36 0 0 -1 -1 0 0 0 1 0 3960ps1.dat
1 72 -70 10 8 0 0 -1 0 -1 0 -1 0 0 6587.dat
1 19 130 -10 23 -1 0 0 0 -1 0 0 0 1 6589.dat
1 72 30 10 15 0 0 -1 -1 0 0 0 1 0 6632.dat
1 71 -70 10 30 0 0 1 -1 0 0 0 -1 0 2825.dat
1 71 -10 10 30 0 0 1 0 1 0 -1 0 0 2736.dat
1 71 50 24 0 1 0 0 0 1 0 0 0 1 3666.dat
1 71 -30 10 -15 0 0 -1 -1 0 0 0 1 0 2905.dat
1 71 -50 11 -20 0 0 1 -1 0 0 0 -1 0 3794a.dat
1 71 -30 30 -20 0 0 1 -1 0 0 0 -1 0 3794a.dat
1 71 -30 -10 -20 0 0 1 -1 0 0 0 -1 0 3794a.dat
1 71 -40 -10 -28 0 0 1 -1 0 0 0 -1 0 2654.dat
1 71 -40 30 -28 0 0 1 -1 0 0 0 -1 0 2654.dat
1 71 -30 10 15 0 0 -1 -1 0 0 0 1 0 2905.dat
1 71 30 0 0 1 0 0 0 1 0 0 0 1 3702.dat
1 71 -30 24 0 1 0 0 0 1 0 0 0 1 32529.dat
1 0 -30 -30 0 0 0 -1 0 1 0 1 0 0 32062.dat
1 0 50 10 0 0 0 -1 0 1 0 1 0 0 32062.dat
1 0 90 10 10 0 0 1 0 1 0 -1 0 0 32054.dat
1 0 130 10 0 0 0 -1 0 1 0 1 0 0 32062.dat
1 0 130 -30 0 0 0 -1 0 1 0 1 0 0 32062.dat
1 0 -30 50 0 0 0 -1 0 1 0 1 0 0 32062.dat
1 0 -30 10 10 0 0 1 0 1 0 -1 0 0 2780.dat
1 72 10 10 10 0 0 -1 0 1 0 1 0 0 32002.dat
1 1 -10 10 -10 0 0 1 0 1 0 -1 0 0 4274.dat
1 1 30 10 -10 0 0 1 0 1 0 -1 0 0 4274.dat
0
0 FILE Part 6.ldr
0 Part 6
0 Name: Part 6.ldr
0 Author: LDraw
0 Unofficial Model
0 ROTATION CENTER 0 0 0 1 "Custom" 
0 ROTATION CONFIG 0 0
1 71 -30 24 0 1 0 0 0 1 0 0 0 1 32278.dat
1 71 -30 14 140 0 -1 0 1 0 0 0 0 1 3673.dat
1 1 -30 34 -100 0 -1 0 1 0 0 0 0 1 4274.dat
1 1 -30 34 0 0 -1 0 1 0 0 0 0 1 4274.dat
1 72 -30 42 -50 0 0 -1 0 -1 0 -1 0 0 6636.dat
0
0 FILE Part 7.ldr
0 Part 7
0 Name: Part 7.ldr
0 Author: LDraw
0 Unofficial Model
0 ROTATION CENTER 0 0 0 1 "Custom" 
