0 FILE 10186.ldr
0 General Grievous
0 Name: 10186.ldr
0 Author: Sebastian Sand
0 Unofficial Model
0 ROTATION CENTER 0 0 0 1 "Custom" 
0 ROTATION CONFIG 0 0
1 0 0 0 0 1 0 0 0 1 0 0 0 1 10186_0.ldr
0
0 FILE 10186_0.ldr
0 General Grievous
0 Name: 10186_0.ldr
0 Author: Sebastian Sand
0 Unofficial Model
0 ROTATION CENTER 0 0 0 1 "Custom" 
0 ROTATION CONFIG 0 0
1 0 0 0 0 1 0 0 0 1 0 0 0 1 10186_1.ldr
1 0 0 -572 42 1 0 0 0 0 -1 0 1 0 10186_7.ldr
1 0 0 -40 0 1 0 0 0 1 0 0 0 1 10186_2.ldr
1 0 -70 -306.097 28.172 1 0 0 0 0.601817 0.798636 0 -0.798636 0.601817 10186_3.ldr
1 0 70 -306.097 28.172 -1 0 0 0 0.601817 0.798636 0 -0.798636 0.601817 10186_3.ldr
1 0 90 -380.174 -12.688 0 0 1 0.961262 0.275637 0 -0.275637 0.961262 0 10186_6.ldr
1 0 -90 -380.174 -12.688 0 0 -1 0.961262 0.275637 0 -0.275637 0.961262 0 10186_6.ldr
1 0 0 -832 28 1 0 0 0 0 1 0 -1 0 10186_8.ldr
1 0 0 -1019 -42 0.866025 0 -0.5 0 1 0 0.5 0 0.866025 10186_9.ldr
1 0 -130.6 -891.618 54 0 0.707107 -0.707107 0 0.707107 0.707107 1 0 0 10186_14.ldr
1 0 130.704 -891.396 54 0 -0.707107 0.707107 0 0.707107 0.707107 1 0 0 10186_14.ldr
1 0 -281.62 -720.799 -23.782 0.5 0.707107 -0.5 -0.5 0.707107 0.5 0.707107 0 0.707107 10186_5.ldr
1 0 294.271 -1083.32 10.515 -0.5 0.146447 0.853553 0.5 0.853553 0.146447 0.707107 -0.5 0.5 10186_5.ldr
1 0 -297.978 -1082.02 10.982 0.5 -0.362372 -0.786566 0.5 0.862372 -0.0794593 0.707107 -0.353553 0.612372 10186_5.ldr
1 0 281.94 -720.361 -24.182 -0.5 -0.707107 0.5 -0.5 0.707107 0.5 0.707107 0 0.707107 10186_5.ldr
1 0 -124.116 -940.187 94 0 -0.707107 -0.707107 0 0.707107 -0.707107 1 0 0 10186_4.ldr
1 0 124.038 -940.381 94 0 0.707107 0.707107 0 0.707107 -0.707107 1 0 0 10186_4.ldr
1 0 369.036 -678.901 -123.209 -0.762419 0.594164 -0.256293 0.0511817 0.450205 0.891457 0.645056 0.666546 -0.373655 10186_13.ldr
1 0 -368.996 -680.905 -125.697 -0.645056 -0.666546 0.373655 0.0511817 0.450205 0.891457 -0.762419 0.594164 -0.256293 10186_11.ldr
1 0 -347.058 -1169.24 -74.585 -0.527876 -0.666546 -0.526368 -0.831946 0.281084 0.478391 -0.170916 0.69044 -0.702908 10186_12.ldr
1 0 353.284 -1181.14 -77.026 -0.48727 0.871569 -0.054182 0.208759 0.176509 0.961907 0.847931 0.457397 -0.267955 10186_10.ldr
0 GHOST 1 0 337.733 40 -224.277 0.707107 0 -0.707107 0 1 0 0.707107 0 0.707107 10186_15.ldr
0 GHOST 1 0 283.993 40 -180.436 0.5 0 -0.866025 0 1 0 0.866025 0 0.5 10186_15.ldr
1 0 -39.981 -832 35.776 -0.945519 0 0.325569 -0.325569 0 -0.945519 0 -1 0 10186_16.ldr
1 0 39.981 -832 35.776 0.94573 1.8e-005 0.324955 -0.324955 0.000106 0.94573 -1.8e-005 -1 0.000106 10186_17.ldr
0
0 FILE 10186_1.ldr
0 General Grievous
0 Name: 10186_1.ldr
0 Author: Sebastian Sand
0 Unofficial Model
0 ROTATION CENTER 0 0 0 1 "Custom" 
0 ROTATION CONFIG 0 0
1 0 0 0 0 1 0 0 0 1 0 0 0 1 3035.dat
1 0 -10 8.804 -229.928 1 0 0 0 0.5 -0.866025 0 0.866025 0.5 3035.dat
1 71 -60 12.804 -223 1 0 0 0 0.5 -0.866025 0 0.866025 0.5 6134.dat
1 71 40 12.804 -223 1 0 0 0 0.5 -0.866025 0 0.866025 0.5 6134.dat
1 0 0 -8 0 1 0 0 0 1 0 0 0 1 3031.dat
1 0 0 -16 0 1 0 0 0 1 0 0 0 1 3031.dat
1 0 0 -32 50 1 0 0 0 1 0 0 0 1 6191.dat
1 0 50 -32 0 0 0 1 0 1 0 -1 0 0 6191.dat
1 0 0 -32 -50 -1 0 0 0 1 0 0 0 -1 6191.dat
1 0 -50 -32 0 0 0 -1 0 1 0 1 0 0 6191.dat
1 0 -160 32 -160 1 0 0 0 1 0 0 0 1 3031.dat
1 0 -160 64 -160 1 0 0 0 1 0 0 0 1 3958.dat
1 0 -160 40 -140 1 0 0 0 1 0 0 0 1 3001.dat
1 0 -160 40 -180 1 0 0 0 1 0 0 0 1 3001.dat
1 0 -110 32 -160 0 0 -1 0 1 0 1 0 0 6191.dat
1 0 -160 32 -210 1 0 0 0 1 0 0 0 1 6191.dat
1 0 -210 32 -160 0 0 1 0 1 0 -1 0 0 6191.dat
1 0 -160 32 -110 -1 0 0 0 1 0 0 0 -1 6191.dat
1 0 160 32 -160 1 0 0 0 1 0 0 0 1 3031.dat
1 0 160 64 -160 1 0 0 0 1 0 0 0 1 3958.dat
1 0 160 40 -140 1 0 0 0 1 0 0 0 1 3001.dat
1 0 160 40 -180 1 0 0 0 1 0 0 0 1 3001.dat
1 0 210 32 -160 0 0 -1 0 1 0 1 0 0 6191.dat
1 0 160 32 -210 1 0 0 0 1 0 0 0 1 6191.dat
1 0 110 32 -160 0 0 1 0 1 0 -1 0 0 6191.dat
1 0 160 32 -110 -1 0 0 0 1 0 0 0 -1 6191.dat
1 0 160 32 160 1 0 0 0 1 0 0 0 1 3031.dat
1 0 160 64 160 1 0 0 0 1 0 0 0 1 3958.dat
1 0 160 40 180 1 0 0 0 1 0 0 0 1 3001.dat
1 0 160 40 140 1 0 0 0 1 0 0 0 1 3001.dat
1 0 210 32 160 0 0 -1 0 1 0 1 0 0 6191.dat
1 0 160 32 110 1 0 0 0 1 0 0 0 1 6191.dat
1 0 110 32 160 0 0 1 0 1 0 -1 0 0 6191.dat
1 0 160 32 210 -1 0 0 0 1 0 0 0 -1 6191.dat
1 0 -160 32 160 1 0 0 0 1 0 0 0 1 3031.dat
1 0 -160 64 160 1 0 0 0 1 0 0 0 1 3958.dat
1 0 -160 40 180 1 0 0 0 1 0 0 0 1 3001.dat
1 0 -160 40 140 1 0 0 0 1 0 0 0 1 3001.dat
1 0 -110 32 160 0 0 -1 0 1 0 1 0 0 6191.dat
1 0 -160 32 110 1 0 0 0 1 0 0 0 1 6191.dat
1 0 -210 32 160 0 0 1 0 1 0 -1 0 0 6191.dat
1 0 -160 32 210 -1 0 0 0 1 0 0 0 -1 6191.dat
1 0 0 0 -120 1 0 0 0 1 0 0 0 1 41539.dat
1 0 -140 0 -100 0 0 1 0 1 0 -1 0 0 3033.dat
1 0 -180 -8 180 0 0 1 0 1 0 -1 0 0 3068b.dat
1 0 -140 -8 180 0 0 1 0 1 0 -1 0 0 3068b.dat
1 0 -140 -8 140 0 0 1 0 1 0 -1 0 0 3068b.dat
1 0 -180 -8 140 0 0 1 0 1 0 -1 0 0 3068b.dat
1 0 -180 -8 100 0 0 1 0 1 0 -1 0 0 3068b.dat
1 0 -140 -8 100 0 0 1 0 1 0 -1 0 0 3068b.dat
1 0 -140 -8 60 0 0 1 0 1 0 -1 0 0 3068b.dat
1 0 -180 -8 60 0 0 1 0 1 0 -1 0 0 3068b.dat
1 0 -180 -8 20 0 0 1 0 1 0 -1 0 0 3068b.dat
1 0 -140 -8 20 0 0 1 0 1 0 -1 0 0 3068b.dat
1 0 -140 -8 -20 0 0 1 0 1 0 -1 0 0 3068b.dat
1 0 -180 -8 -20 0 0 1 0 1 0 -1 0 0 3068b.dat
1 0 -180 -8 -60 0 0 1 0 1 0 -1 0 0 3068b.dat
1 0 -140 -8 -60 0 0 1 0 1 0 -1 0 0 3068b.dat
1 0 -140 -8 -100 0 0 1 0 1 0 -1 0 0 3068b.dat
1 0 -180 -8 -100 0 0 1 0 1 0 -1 0 0 3068b.dat
1 0 -180 -8 -140 0 0 1 0 1 0 -1 0 0 3068b.dat
1 0 -140 -8 -140 0 0 1 0 1 0 -1 0 0 3068b.dat
1 0 -140 -8 -180 0 0 1 0 1 0 -1 0 0 3068b.dat
1 0 -180 -8 -180 0 0 1 0 1 0 -1 0 0 3068b.dat
1 0 -100 -8 -140 0 0 1 0 1 0 -1 0 0 3068b.dat
1 0 -60 -8 -140 0 0 1 0 1 0 -1 0 0 3068b.dat
1 0 -60 -8 -180 0 0 1 0 1 0 -1 0 0 3068b.dat
1 0 -100 -8 -180 0 0 1 0 1 0 -1 0 0 3068b.dat
1 0 -20 -8 -140 0 0 1 0 1 0 -1 0 0 3068b.dat
1 0 20 -8 -140 0 0 1 0 1 0 -1 0 0 3068b.dat
1 0 20 -8 -180 0 0 1 0 1 0 -1 0 0 3068b.dat
1 0 -20 -8 -180 0 0 1 0 1 0 -1 0 0 3068b.dat
1 0 60 -8 -140 0 0 1 0 1 0 -1 0 0 3068b.dat
1 0 100 -8 -140 0 0 1 0 1 0 -1 0 0 3068b.dat
1 0 100 -8 -180 0 0 1 0 1 0 -1 0 0 3068b.dat
1 0 60 -8 -180 0 0 1 0 1 0 -1 0 0 3068b.dat
1 0 140 -8 -140 0 0 1 0 1 0 -1 0 0 3068b.dat
1 0 180 -8 -140 0 0 1 0 1 0 -1 0 0 3068b.dat
1 0 180 -8 -180 0 0 1 0 1 0 -1 0 0 3068b.dat
1 0 140 -8 -180 0 0 1 0 1 0 -1 0 0 3068b.dat
1 0 180 -8 -100 0 0 -1 0 1 0 1 0 0 3068b.dat
1 0 140 -8 -100 0 0 -1 0 1 0 1 0 0 3068b.dat
1 0 140 -8 -60 0 0 -1 0 1 0 1 0 0 3068b.dat
1 0 180 -8 -60 0 0 -1 0 1 0 1 0 0 3068b.dat
1 0 180 -8 -20 0 0 -1 0 1 0 1 0 0 3068b.dat
1 0 140 -8 -20 0 0 -1 0 1 0 1 0 0 3068b.dat
1 0 140 -8 20 0 0 -1 0 1 0 1 0 0 3068b.dat
1 0 180 -8 20 0 0 -1 0 1 0 1 0 0 3068b.dat
1 0 180 -8 60 0 0 -1 0 1 0 1 0 0 3068b.dat
1 0 -110 -8 0 0 0 -1 0 1 0 1 0 0 4162.dat
1 0 -90 -8 0 0 0 -1 0 1 0 1 0 0 4162.dat
1 0 -10 -21.177 -221.856 1 0 0 0 0.5 -0.866025 0 0.866025 0.5 4162.dat
1 0 -10 -3.856 -231.857 1 0 0 0 0.5 -0.866025 0 0.866025 0.5 4162.dat
1 0 -10 13.464 -241.856 1 0 0 0 0.5 -0.866025 0 0.866025 0.5 4162.dat
1 0 -10 30.785 -251.856 1 0 0 0 0.5 -0.866025 0 0.866025 0.5 4162.dat
1 0 90 -8 0 0 0 -1 0 1 0 1 0 0 4162.dat
1 0 110 -8 0 0 0 -1 0 1 0 1 0 0 4162.dat
1 0 140 -8 60 0 0 -1 0 1 0 1 0 0 3068b.dat
1 0 -60 -8 -110 1 0 0 0 1 0 0 0 1 6636.dat
1 0 -140 18 -208 1 0 0 0 0 -1 0 1 0 6636.dat
1 29 -50 18 -224 -1 0 0 0 0 1 0 1 0 3937.dat
1 29 50 18 -224 -1 0 0 0 0 1 0 1 0 3937.dat
1 0 140 18 -208 1 0 0 0 0 -1 0 1 0 6636.dat
1 0 -208 18 140 0 1 0 0 0 -1 -1 0 0 6636.dat
1 0 -208 18 -140 0 1 0 0 0 -1 -1 0 0 6636.dat
1 0 -208 18 0 0 1 0 0 0 -1 -1 0 0 4162.dat
1 0 140 18 208 -1 0 0 0 0 -1 0 -1 0 6636.dat
1 0 -140 18 208 -1 0 0 0 0 -1 0 -1 0 6636.dat
1 0 0 18 208 -1 0 0 0 0 -1 0 -1 0 4162.dat
1 0 208 18 -140 0 -1 0 0 0 -1 1 0 0 6636.dat
1 0 208 18 140 0 -1 0 0 0 -1 1 0 0 6636.dat
1 0 208 18 0 0 -1 0 0 0 -1 1 0 0 4162.dat
1 0 -60 -8 -90 1 0 0 0 1 0 0 0 1 6636.dat
1 0 60 -8 -90 1 0 0 0 1 0 0 0 1 6636.dat
1 0 60 -8 -110 1 0 0 0 1 0 0 0 1 6636.dat
1 0 60 -8 110 1 0 0 0 1 0 0 0 1 6636.dat
1 0 -60 -8 110 1 0 0 0 1 0 0 0 1 6636.dat
1 0 -60 -8 90 1 0 0 0 1 0 0 0 1 6636.dat
1 0 60 -8 90 1 0 0 0 1 0 0 0 1 6636.dat
1 0 140 -8 100 0 0 -1 0 1 0 1 0 0 3068b.dat
1 0 180 -8 100 0 0 -1 0 1 0 1 0 0 3068b.dat
1 0 180 -8 140 0 0 -1 0 1 0 1 0 0 3068b.dat
1 0 140 -8 140 0 0 -1 0 1 0 1 0 0 3068b.dat
1 0 140 -8 180 0 0 -1 0 1 0 1 0 0 3068b.dat
1 0 180 -8 180 0 0 -1 0 1 0 1 0 0 3068b.dat
1 0 100 -8 140 0 0 -1 0 1 0 1 0 0 3068b.dat
1 0 60 -8 140 0 0 -1 0 1 0 1 0 0 3068b.dat
1 0 60 -8 180 0 0 -1 0 1 0 1 0 0 3068b.dat
1 0 100 -8 180 0 0 -1 0 1 0 1 0 0 3068b.dat
1 0 20 -8 140 0 0 -1 0 1 0 1 0 0 3068b.dat
1 0 -20 -8 140 0 0 -1 0 1 0 1 0 0 3068b.dat
1 0 -20 -8 180 0 0 -1 0 1 0 1 0 0 3068b.dat
1 0 20 -8 180 0 0 -1 0 1 0 1 0 0 3068b.dat
1 0 -60 -8 140 0 0 -1 0 1 0 1 0 0 3068b.dat
1 0 -100 -8 140 0 0 -1 0 1 0 1 0 0 3068b.dat
1 0 -100 -8 180 0 0 -1 0 1 0 1 0 0 3068b.dat
1 0 -60 -8 180 0 0 -1 0 1 0 1 0 0 3068b.dat
1 0 -140 0 100 0 0 1 0 1 0 -1 0 0 3033.dat
1 0 140 0 -100 0 0 1 0 1 0 -1 0 0 3033.dat
1 0 140 0 100 0 0 1 0 1 0 -1 0 0 3033.dat
1 0 0 0 120 1 0 0 0 1 0 0 0 1 41539.dat
1 15 -80 8 0 0 0 1 0 1 0 -1 0 0 4282.dat
1 15 0 16 -140 1 0 0 0 1 0 0 0 1 4282.dat
1 15 0 16 0 1 0 0 0 1 0 0 0 1 4282.dat
1 15 0 16 140 1 0 0 0 1 0 0 0 1 4282.dat
1 15 80 8 0 0 0 1 0 1 0 -1 0 0 4282.dat
1 0 0 8 -140 -1 0 0 0 1 0 0 0 -1 3020.dat
1 0 0 24 0 -1 0 0 0 1 0 0 0 -1 3020.dat
1 0 -140 24 -140 -1 0 0 0 1 0 0 0 -1 3022.dat
1 0 -140 24 140 -1 0 0 0 1 0 0 0 -1 3022.dat
1 0 140 24 140 -1 0 0 0 1 0 0 0 -1 3022.dat
1 0 140 24 -140 -1 0 0 0 1 0 0 0 -1 3022.dat
1 0 0 8 0 -1 0 0 0 1 0 0 0 -1 3020.dat
1 0 0 8 140 -1 0 0 0 1 0 0 0 -1 3020.dat
1 0 140 8 140 -1 0 0 0 1 0 0 0 -1 3020.dat
1 0 140 8 -140 -1 0 0 0 1 0 0 0 -1 3020.dat
1 0 -140 8 -140 -1 0 0 0 1 0 0 0 -1 3020.dat
1 0 190 8 190 -1 0 0 0 1 0 0 0 -1 2357.dat
1 0 0 8 190 -1 0 0 0 1 0 0 0 -1 3703.dat
1 0 0 8 -190 -1 0 0 0 1 0 0 0 -1 3703.dat
1 71 -140 18 -200 0 0 1 0 1 0 -1 0 0 4274.dat
1 71 -100 18 -200 0 0 1 0 1 0 -1 0 0 4274.dat
1 71 -60 18 -200 0 0 1 0 1 0 -1 0 0 4274.dat
1 71 -40 18 -200 0 0 1 0 1 0 -1 0 0 4274.dat
1 71 40 18 -200 0 0 1 0 1 0 -1 0 0 4274.dat
1 71 140 18 -200 0 0 1 0 1 0 -1 0 0 4274.dat
1 71 100 18 -200 0 0 1 0 1 0 -1 0 0 4274.dat
1 71 60 18 -200 0 0 1 0 1 0 -1 0 0 4274.dat
1 71 200 18 -140 1 0 0 0 1 0 0 0 1 4274.dat
1 71 200 18 -100 1 0 0 0 1 0 0 0 1 4274.dat
1 71 200 18 -60 1 0 0 0 1 0 0 0 1 4274.dat
1 71 200 18 140 1 0 0 0 1 0 0 0 1 4274.dat
1 71 200 18 100 1 0 0 0 1 0 0 0 1 4274.dat
1 71 200 18 60 1 0 0 0 1 0 0 0 1 4274.dat
1 71 140 18 200 0 0 -1 0 1 0 1 0 0 4274.dat
1 71 100 18 200 0 0 -1 0 1 0 1 0 0 4274.dat
1 71 60 18 200 0 0 -1 0 1 0 1 0 0 4274.dat
1 71 -140 18 200 0 0 -1 0 1 0 1 0 0 4274.dat
1 71 -100 18 200 0 0 -1 0 1 0 1 0 0 4274.dat
1 71 -60 18 200 0 0 -1 0 1 0 1 0 0 4274.dat
1 71 -200 18 140 -1 0 0 0 1 0 0 0 -1 4274.dat
1 71 -200 18 100 -1 0 0 0 1 0 0 0 -1 4274.dat
1 71 -200 18 60 -1 0 0 0 1 0 0 0 -1 4274.dat
1 71 -200 18 -140 -1 0 0 0 1 0 0 0 -1 4274.dat
1 71 -200 18 -100 -1 0 0 0 1 0 0 0 -1 4274.dat
1 71 -200 18 -60 -1 0 0 0 1 0 0 0 -1 4274.dat
1 0 190 8 0 0 0 -1 0 1 0 1 0 0 3703.dat
1 0 -190 8 0 0 0 -1 0 1 0 1 0 0 3703.dat
1 0 190 8 -190 0 0 -1 0 1 0 1 0 0 2357.dat
1 0 -190 8 -190 1 0 0 0 1 0 0 0 1 2357.dat
1 0 -190 8 190 0 0 1 0 1 0 -1 0 0 2357.dat
1 0 -140 8 140 -1 0 0 0 1 0 0 0 -1 3020.dat
1 0 -140 8 0 0 0 -1 0 1 0 1 0 0 3020.dat
1 0 140 8 0 0 0 -1 0 1 0 1 0 0 3020.dat
0
0 FILE 10186_2.ldr
0 General Grievous
0 Name: 10186_2.ldr
0 Author: Sebastian Sand
0 Unofficial Model
0 ROTATION CENTER 0 0 0 1 "Custom" 
0 ROTATION CONFIG 0 0
1 0 -100 0 0 1 0 0 0 1 0 0 0 1 3030.dat
1 0 100 0 0 1 0 0 0 1 0 0 0 1 3030.dat
1 0 0 0 120 0 0 -1 0 1 0 1 0 0 3035.dat
1 0 0 -8 0 0 0 -1 0 1 0 1 0 0 3028.dat
1 71 0 8 0 0 0 -1 0 1 0 1 0 0 60474.dat
1 0 0 -16 80 1 0 0 0 1 0 0 0 1 3020.dat
1 72 -30 -8 110 -1 0 0 0 1 0 0 0 -1 50746.dat
1 72 30 -8 110 -1 0 0 0 1 0 0 0 -1 50746.dat
1 72 110 -16 30 0 0 -1 0 1 0 1 0 0 50746.dat
1 72 110 -32 10 0 0 -1 0 1 0 1 0 0 50746.dat
1 72 -30 -32 10 0 0 -1 0 1 0 1 0 0 50746.dat
1 72 30 -32 10 0 0 1 0 1 0 -1 0 0 50746.dat
1 72 -110 -32 10 0 0 1 0 1 0 -1 0 0 50746.dat
1 72 -90 -40 -30 0 0 1 0 1 0 -1 0 0 50746.dat
1 72 -50 -40 -10 0 0 1 0 1 0 -1 0 0 50746.dat
1 72 50 -40 -30 0 0 1 0 1 0 -1 0 0 50746.dat
1 72 90 -40 -10 0 0 1 0 1 0 -1 0 0 50746.dat
1 72 90 -40 -30 0 0 -1 0 1 0 1 0 0 50746.dat
1 72 50 -40 -10 0 0 -1 0 1 0 1 0 0 50746.dat
1 72 -50 -40 -30 0 0 -1 0 1 0 1 0 0 50746.dat
1 72 -90 -40 -10 0 0 -1 0 1 0 1 0 0 50746.dat
1 72 -90 -40 -50 1 0 0 0 1 0 0 0 1 50746.dat
1 72 -50 -40 -50 1 0 0 0 1 0 0 0 1 50746.dat
1 72 50 -40 -50 1 0 0 0 1 0 0 0 1 50746.dat
1 72 90 -40 -50 1 0 0 0 1 0 0 0 1 50746.dat
1 72 110 -56.265 -69.827 -0.965926 0 -0.258819 -0.12941 0.866025 0.482963 0.224144 0.5 -0.836516 50746.dat
1 72 -110 -16 30 0 0 1 0 1 0 -1 0 0 50746.dat
1 72 -110 -32 70 -1 0 0 0 1 0 0 0 -1 50950.dat
1 72 -110 -32 10 -1 0 0 0 1 0 0 0 -1 4589.dat
1 72 -30 -32 10 -1 0 0 0 1 0 0 0 -1 4589.dat
1 72 30 -32 10 -1 0 0 0 1 0 0 0 -1 4589.dat
1 72 110 -32 10 -1 0 0 0 1 0 0 0 -1 4589.dat
1 72 110 -49.337 -65.827 0.965926 0 0.258819 0.12941 0.866025 -0.482963 -0.224144 0.5 0.836516 4589.dat
1 72 110 -21.624 -49.827 0 0 -1 0.5 -0.866025 0 -0.866025 -0.5 0 48729.dat
1 72 107.412 -51.435 -78.192 -0.258819 0 0.965926 0.482963 0.866025 0.12941 -0.836516 0.5 -0.224144 3023.dat
1 72 110 -32 70 -1 0 0 0 1 0 0 0 -1 50950.dat
1 72 99.647 -50.803 -111.287 0.965926 0 0.258819 0.12941 0.866025 -0.482963 -0.224144 0.5 0.836516 50950.dat
1 72 -30 -56.265 -69.827 -0.965926 0 -0.258819 -0.12941 0.866025 0.482963 0.224144 0.5 -0.836516 50746.dat
1 72 -30 -49.337 -65.827 0.965926 0 0.258819 0.12941 0.866025 -0.482963 -0.224144 0.5 0.836516 4589.dat
1 72 -30 -21.624 -49.827 0 0 -1 0.5 -0.866025 0 -0.866025 -0.5 0 48729.dat
1 72 -32.588 -51.435 -78.192 -0.258819 0 0.965926 0.482963 0.866025 0.12941 -0.836516 0.5 -0.224144 3023.dat
1 72 -40.353 -50.803 -111.287 0.965926 0 0.258819 0.12941 0.866025 -0.482963 -0.224144 0.5 0.836516 50950.dat
1 72 32 -56.409 -69.866 -0.965926 0 0.258819 0.12941 0.866025 0.482963 -0.224144 0.5 -0.836516 50746.dat
1 72 32 -49.481 -65.866 0.965926 0 -0.258819 -0.12941 0.866025 -0.482963 0.224144 0.5 0.836516 4589.dat
1 72 32 -21.768 -49.866 0 0 -1 0.5 -0.866025 0 -0.866025 -0.5 0 48729.dat
1 72 34.588 -51.579 -78.231 0.258819 0 0.965926 0.482963 0.866025 -0.12941 -0.836516 0.5 0.224144 3023.dat
1 72 42.353 -50.947 -111.326 0.965926 0 -0.258819 -0.12941 0.866025 -0.482963 0.224144 0.5 0.836516 50950.dat
1 72 -108 -56.409 -69.866 -0.965926 0 0.258819 0.12941 0.866025 0.482963 -0.224144 0.5 -0.836516 50746.dat
1 72 -108 -49.481 -65.866 0.965926 0 -0.258819 -0.12941 0.866025 -0.482963 0.224144 0.5 0.836516 4589.dat
1 72 -108 -21.768 -49.866 0 0 -1 0.5 -0.866025 0 -0.866025 -0.5 0 48729.dat
1 72 -105.412 -51.579 -78.231 0.258819 0 0.965926 0.482963 0.866025 -0.12941 -0.836516 0.5 0.224144 3023.dat
1 72 -97.647 -50.947 -111.326 0.965926 0 -0.258819 -0.12941 0.866025 -0.482963 0.224144 0.5 0.836516 50950.dat
1 72 30 -48 70 -1 0 0 0 1 0 0 0 -1 50950.dat
1 72 -30 -48 70 -1 0 0 0 1 0 0 0 -1 50950.dat
1 72 -110 -16 40 0 0 1 0 1 0 -1 0 0 3023.dat
1 72 110 -16 40 0 0 1 0 1 0 -1 0 0 3023.dat
1 72 30 -24 80 0 0 1 0 1 0 -1 0 0 3023.dat
1 72 -30 -24 80 0 0 1 0 1 0 -1 0 0 3023.dat
1 0 160 -8 0 0 0 -1 0 1 0 1 0 0 6180.dat
1 0 0 -8 160 -1 0 0 0 1 0 0 0 -1 6180.dat
1 0 -160 -8 0 0 0 1 0 1 0 -1 0 0 6180.dat
1 0 0 -8 -160 1 0 0 0 1 0 0 0 1 6180.dat
1 0 90 -8 90 0 0 -1 0 1 0 1 0 0 2450.dat
1 0 90 -8 -90 1 0 0 0 1 0 0 0 1 2450.dat
1 0 -90 -8 -90 0 0 1 0 1 0 -1 0 0 2450.dat
1 0 -90 -8 90 -1 0 0 0 1 0 0 0 -1 2450.dat
1 0 -90 -8 40 -1 0 0 0 1 0 0 0 -1 3021.dat
1 0 -90 -8 0 -1 0 0 0 1 0 0 0 -1 3021.dat
1 0 -90 -8 -40 -1 0 0 0 1 0 0 0 -1 3021.dat
1 0 90 -8 -40 -1 0 0 0 1 0 0 0 -1 3021.dat
1 0 90 -8 0 -1 0 0 0 1 0 0 0 -1 3021.dat
1 0 90 -8 40 -1 0 0 0 1 0 0 0 -1 3021.dat
1 0 0 0 -120 0 0 -1 0 1 0 1 0 0 3035.dat
1 0 120 0 120 0 0 -1 0 1 0 1 0 0 30504.dat
1 0 120 0 -120 1 0 0 0 1 0 0 0 1 30504.dat
1 0 -120 0 -120 0 0 1 0 1 0 -1 0 0 30504.dat
1 0 -120 0 120 -1 0 0 0 1 0 0 0 -1 30504.dat
1 71 -60 8 -110 -1 0 0 0 1 0 0 0 -1 3747a.dat
1 71 0 18 -100 -1 0 0 0 0 1 0 1 0 30414.dat
1 71 0 18 -140 -1 0 0 0 0 1 0 1 0 30414.dat
1 0 0 18 -116 -1 0 0 0 0 1 0 1 0 3710.dat
1 0 0 18 -108 -1 0 0 0 0 1 0 1 0 3710.dat
1 0 0 18 -148 -1 0 0 0 0 1 0 1 0 3710.dat
1 72 0 18 -156 -1 0 0 0 0 1 0 1 0 3666.dat
1 72 0 18 -188 -1 0 0 0 0 1 0 1 0 3666.dat
1 71 0 18 100 1 0 0 0 0 1 0 -1 0 30414.dat
1 71 0 18 140 1 0 0 0 0 1 0 -1 0 30414.dat
1 0 0 18 116 1 0 0 0 0 1 0 -1 0 3710.dat
1 0 0 18 108 1 0 0 0 0 1 0 -1 0 3710.dat
1 0 0 18 148 1 0 0 0 0 1 0 -1 0 3710.dat
1 72 0 18 156 1 0 0 0 0 1 0 -1 0 3666.dat
1 72 0 18 188 1 0 0 0 0 1 0 -1 0 3666.dat
1 0 0 18 196 1 0 0 0 0 1 0 -1 0 6636.dat
1 0 0 18 -196 -1 0 0 0 0 1 0 1 0 6636.dat
1 72 -188 18 0 0 1 0 0 0 1 1 0 0 3666.dat
1 72 188 18 0 0 -1 0 0 0 1 -1 0 0 3666.dat
1 0 196 18 0 0 -1 0 0 0 1 -1 0 0 6636.dat
1 0 -196 18 0 0 1 0 0 0 1 1 0 0 6636.dat
1 71 0 18 180 1 0 0 0 0 1 0 -1 0 30388.dat
1 71 0 18 -180 -1 0 0 0 0 1 0 1 0 30388.dat
1 71 180 18 0 0 -1 0 0 0 1 -1 0 0 30388.dat
1 71 -180 18 0 0 1 0 0 0 1 1 0 0 30388.dat
1 71 126.767 18 -127.37 -0.707107 -0.707107 0 0 0 1 -0.707107 0.707107 0 30388.dat
1 0 132.424 18 -133.027 -0.707107 -0.707107 0 0 0 1 -0.707107 0.707107 0 4162.dat
1 71 -126.38 18 -127.368 -0.707107 0.707107 0 0 0 1 0.707107 0.707107 0 30388.dat
1 0 -132.037 18 -133.025 -0.707107 0.707107 0 0 0 1 0.707107 0.707107 0 4162.dat
1 71 126.766 18 127.19 0.707107 -0.707107 0 0 0 1 -0.707107 -0.707107 0 30388.dat
1 0 132.423 18 132.847 0.707107 -0.707107 0 0 0 1 -0.707107 -0.707107 0 4162.dat
1 71 -126.379 18 127.191 0.707107 0.707107 0 0 0 1 0.707107 -0.707107 0 30388.dat
1 0 -132.036 18 132.848 0.707107 0.707107 0 0 0 1 0.707107 -0.707107 0 4162.dat
1 71 130 8 -40 0 0 1 0 1 0 -1 0 0 3747a.dat
1 71 130 8 40 0 0 1 0 1 0 -1 0 0 3747a.dat
1 71 60 8 -110 -1 0 0 0 1 0 0 0 -1 3747a.dat
1 71 60 8 110 1 0 0 0 1 0 0 0 1 3747a.dat
1 71 -130 8 40 0 0 -1 0 1 0 1 0 0 3747a.dat
1 71 -130 8 -40 0 0 -1 0 1 0 1 0 0 3747a.dat
1 71 -60 8 110 1 0 0 0 1 0 0 0 1 3747a.dat
1 72 -30 -32 -10 0 0 -1 0 1 0 1 0 0 3040b.dat
1 72 110 -32 -10 0 0 -1 0 1 0 1 0 0 3040b.dat
1 72 30 -32 -10 0 0 1 0 1 0 -1 0 0 3040b.dat
1 72 -110 -32 -10 0 0 1 0 1 0 -1 0 0 3040b.dat
1 72 -90 -32 -10 1 0 0 0 1 0 0 0 1 6541.dat
1 0 -80 -32 50 1 0 0 0 1 0 0 0 1 32000.dat
1 0 -90 -22 20 0 0 1 0 1 0 -1 0 0 3705.dat
1 0 -50 -22 20 0 0 1 0 1 0 -1 0 0 3705.dat
1 0 50 -22 20 0 0 1 0 1 0 -1 0 0 3705.dat
1 0 90 -22 20 0 0 1 0 1 0 -1 0 0 3705.dat
1 72 90 -22 27 0 0 1 0 -1 0 1 0 0 6536.dat
1 72 50 -22 27 0 0 1 0 -1 0 1 0 0 6536.dat
1 72 -50 -22 27 0 0 1 0 -1 0 1 0 0 6536.dat
1 72 -90 -22 27 0 0 1 0 -1 0 1 0 0 6536.dat
1 1 -70 -42 27 1 0 0 0 -1 0 0 0 -1 6558.dat
1 1 70 -42 27 -1 0 0 0 -1 0 0 0 1 6558.dat
1 72 70 -22.481 -29.454 0 1 0 -0.94552 0 -0.325567 -0.325567 0 0.94552 6629.dat
1 72 -70 -22.481 -29.454 0 1 0 -0.94552 0 -0.325567 -0.325567 0 0.94552 6629.dat
1 0 -40 -32 50 1 0 0 0 1 0 0 0 1 32000.dat
1 0 40 -32 50 1 0 0 0 1 0 0 0 1 32000.dat
1 0 80 -32 50 1 0 0 0 1 0 0 0 1 32000.dat
1 72 -90 -32 -30 0 0 1 0 1 0 -1 0 0 6541.dat
1 72 90 -40 -30 0 0 1 0 1 0 -1 0 0 3623.dat
1 72 50 -40 -30 0 0 1 0 1 0 -1 0 0 3623.dat
1 72 -50 -40 -30 0 0 1 0 1 0 -1 0 0 3623.dat
1 72 -90 -40 -30 0 0 1 0 1 0 -1 0 0 3623.dat
1 72 -50 -32 -30 0 0 1 0 1 0 -1 0 0 6541.dat
1 72 50 -32 -30 0 0 1 0 1 0 -1 0 0 6541.dat
1 72 90 -32 -30 0 0 1 0 1 0 -1 0 0 6541.dat
1 71 70 -22 -30 -1 0 0 0 0.939694 0.34202 0 0.34202 -0.939694 4519.dat
1 71 -70 -22 -30 -1 0 0 0 0.939694 0.34202 0 0.34202 -0.939694 4519.dat
1 72 50 -32 -50 0 0 1 0 1 0 -1 0 0 4070.dat
1 72 -90 -32 -50 0 0 1 0 1 0 -1 0 0 4070.dat
1 0 -118 -22 -50 0 1 0 1 0 0 0 0 -1 4522.dat
1 0 -23 -22 -50 0 -1 0 -1 0 0 0 0 -1 4522.dat
1 0 118 -22 -50 0 -1 0 -1 0 0 0 0 -1 4522.dat
1 0 23 -22 -50 0 1 0 1 0 0 0 0 -1 4522.dat
1 72 -50 -32 -50 0 0 -1 0 1 0 1 0 0 4070.dat
1 72 90 -32 -50 0 0 -1 0 1 0 1 0 0 4070.dat
1 72 -50 -32 -10 1 0 0 0 1 0 0 0 1 6541.dat
1 72 50 -32 -10 1 0 0 0 1 0 0 0 1 6541.dat
1 72 90 -32 -10 1 0 0 0 1 0 0 0 1 6541.dat
1 0 70 -112.545 83.564 1 0 0 0 0.309017 -0.951057 0 0.951057 0.309017 32062.dat
1 0 -70 -112.545 83.564 1 0 0 0 0.309017 -0.951057 0 0.951057 0.309017 32062.dat
1 0 -70 -93.524 77.384 1 0 0 0 0.309017 -0.951057 0 0.951057 0.309017 32062.dat
1 0 70 -93.524 77.384 1 0 0 0 0.309017 -0.951057 0 0.951057 0.309017 32062.dat
0
0 FILE 10186_3.ldr
0 General Grievous
0 Name: 10186_3.ldr
0 Author: Sebastian Sand
0 Unofficial Model
0 ROTATION CENTER 0 0 0 1 "Custom" 
0 ROTATION CONFIG 0 0
1 72 0 0 0 0 -1 0 1 0 0 0 0 1 32271.dat
1 72 -15 40.23 150.029 0 -1 0 0.594825 0 0.803858 -0.803858 0 0.594825 32449.dat
1 72 15 40.23 150.029 0 -1 0 0.594825 0 0.803858 -0.803858 0 0.594825 32449.dat
1 72 0 20 60 0 -1 0 -1 0 0 0 0 -1 32271.dat
1 0 0 -12 -84.056 -1 0 0 0 -0.587785 0.809018 0 0.809018 0.587785 32062.dat
1 0 0 32 144 -1 0 0 0 -0.587785 0.809018 0 0.809018 0.587785 32062.dat
1 0 0 15.82 132.244 -1 0 0 0 -0.587785 0.809018 0 0.809018 0.587785 32062.dat
1 0 0 0 100 1 0 0 0 1 0 0 0 1 32062.dat
1 0 0 0 20 1 0 0 0 1 0 0 0 1 32062.dat
1 0 0 0 0 1 0 0 0 1 0 0 0 1 32062.dat
1 0 0 0 60 1 0 0 0 1 0 0 0 1 32062.dat
1 0 0 20 60 1 0 0 0 1 0 0 0 1 32062.dat
1 0 0 20 0 1 0 0 0 1 0 0 0 1 32062.dat
1 72 0 0 20 1 0 0 0 0 1 0 -1 0 41678.dat
1 72 0 20 -60 -1 0 0 0 0 -1 0 -1 0 41678.dat
1 15 0 40 -78 1 0 0 0 0 -1 0 1 0 3023.dat
1 15 0 30 -78 1 0 0 0 0 -1 0 1 0 30602.dat
1 72 8 20 -60 -1 0 0 0 0 -1 0 -1 0 6587.dat
1 15 28 20 -60 0 -1 0 0 0 -1 1 0 0 4032a.dat
1 72 -38 20 -60 0 1 0 0 0 -1 -1 0 0 4073.dat
1 15 -30 20 -60 0 1 0 0 0 -1 -1 0 0 4740.dat
1 71 -10 40 -70 0 1 0 0 0 -1 -1 0 0 4274.dat
1 71 10 40 -70 0 1 0 0 0 -1 -1 0 0 4274.dat
1 72 15 0 0 0 -1 0 0 0 1 -1 0 0 41677.dat
1 72 15 0 60 0 -1 0 0 0 1 -1 0 0 41677.dat
1 72 -15 0 60 0 -1 0 0 0 1 -1 0 0 41677.dat
1 72 -15 0 0 0 -1 0 0 0 1 -1 0 0 41677.dat
1 72 0 0 100 1 0 0 0 0 1 0 -1 0 41678.dat
1 71 10 -20 40 0 -1 0 0 0 1 -1 0 0 4519.dat
1 71 10 -20 80 0 1 0 0 0 1 1 0 0 32054.dat
1 71 -10 -20 40 0 -1 0 0 0 1 -1 0 0 4519.dat
1 71 -10 -20 80 0 1 0 0 0 1 1 0 0 32054.dat
1 71 32.859 -6.976 80 0.5 -0.866025 0 -0.866025 -0.5 0 0 0 -1 32529.dat
1 71 32.859 -6.976 40 0.5 -0.866025 0 -0.866025 -0.5 0 0 0 -1 32529.dat
1 72 39.788 -2.977 60 0 -0.866025 0.5 0 -0.5 -0.866025 1 0 0 3021.dat
1 71 -32.876 -6.162 80.002 0.5 0.866025 0 0.866025 -0.5 0 0 0 -1 32529.dat
1 71 -32.874 -6.163 40 0.5 0.866025 0 0.866025 -0.5 0 0 0 -1 32529.dat
1 72 -39.801 -2.161 60 0 0.866025 0.5 0 -0.5 0.866025 1 0 0 3021.dat
1 15 55.572 17.684 69.999 0.5 -0.866025 0 -0.866025 -0.5 0 0 0 -1 41748.dat
1 15 34.787 5.683 160.002 0.5 -0.866025 0 -0.866025 -0.5 0 0 0 -1 4081b.dat
1 15 -34.8 6.496 160 0.5 0.866025 0 0.866025 -0.5 0 0 0 -1 4081b.dat
1 15 -55.585 18.498 70 0.5 0.866025 0 0.866025 -0.5 0 0 0 -1 41747.dat
1 15 -55.583 18.497 40 -0.5 0.866025 0 -0.866025 -0.5 0 0 0 1 43710.dat
1 15 55.574 17.683 40.002 -0.5 -0.866025 0 0.866025 -0.5 0 0 0 1 43711.dat
0
0 FILE 10186_4.ldr
0 General Grievous
0 Name: 10186_4.ldr
0 Author: Sebastian Sand
0 Unofficial Model
0 ROTATION CENTER 0 0 0 1 "Custom" 
0 ROTATION CONFIG 0 0
1 72 0 0 30 1 0 0 0 1 0 0 0 1 3700.dat
1 72 0 0 50 1 0 0 0 1 0 0 0 1 3700.dat
1 15 0 -8 30 0 0 1 0 1 0 -1 0 0 3021.dat
1 15 0 -16 10 0 0 1 0 1 0 -1 0 0 3021.dat
1 15 0 -24 0 -1 0 0 0 1 0 0 0 -1 43712.dat
1 0 0 0 10 1 0 0 0 1 0 0 0 1 32064a.dat
1 0 0 10 50 0 0 1 0 1 0 -1 0 0 32054.dat
1 0 0 10 0 0 0 1 0 1 0 -1 0 0 32062.dat
1 0 -42.624 10 192.43 -0.707107 0 -0.707107 0 1 0 0.707107 0 -0.707107 32054.dat
1 0 -21.411 10 171.217 -0.707107 0 -0.707107 0 1 0 0.707107 0 -0.707107 32062.dat
1 0 0 10 100 0 0 1 0 1 0 -1 0 0 3705.dat
1 72 0 10 150 0 1 0 -1 0 0 0 0 1 32192.dat
1 71 0 0 150 0 1 0 -1 0 0 0 0 1 4274.dat
1 15 0 10 100 0 1 0 0 0 -1 -1 0 0 75535.dat
0
0 FILE 10186_5.ldr
0 General Grievous
0 Name: 10186_5.ldr
0 Author: Sebastian Sand
0 Unofficial Model
0 ROTATION CENTER 0 0 0 1 "Custom" 
0 ROTATION CONFIG 0 0
1 72 0 0 0 1 0 0 0 1 0 0 0 1 3666.dat
1 72 0 -14 18 1 0 0 0 0 1 0 -1 0 3666.dat
1 15 60 -14 26 -1 0 0 0 0 -1 0 -1 0 57906.dat
1 72 10 -14 -18 -1 0 0 0 0 1 0 1 0 2555.dat
1 0 6 -4 -24 0 1 0 0 0 -1 -1 0 0 4599.dat
1 71 -20 -14 -18 -1 0 0 0 0 1 0 1 0 2412b.dat
1 72 -60 -16 0 1 0 0 0 1 0 0 0 1 3023.dat
1 72 -90 -16 -10 0 0 1 0 1 0 -1 0 0 2540.dat
1 15 -70 -8 -10 0 0 -1 0 1 0 1 0 0 43722.dat
1 15 -70 -24 -10 0 0 -1 0 1 0 1 0 0 43722.dat
1 72 0 -32 0 1 0 0 0 1 0 0 0 1 6636.dat
1 72 50 -24 0 0 0 1 0 1 0 -1 0 0 6541.dat
1 72 30 -24 0 0 0 1 0 1 0 -1 0 0 6541.dat
1 0 10 -24 0 -1 0 0 0 1 0 0 0 -1 47905.dat
1 0 -20 -24 0 -1 0 0 0 1 0 0 0 -1 52107.dat
1 15 -110 -14 6 -0.965926 -0.258819 0 0.258819 -0.965926 0 0 0 1 53989.dat
1 15 -151.105 -20.586 6 0 -0.258819 -0.965926 0 -0.965926 0.258819 -1 0 0 53451.dat
1 15 -110 -14 -10 -0.965926 -0.258819 0 0.258819 -0.965926 0 0 0 1 53989.dat
1 15 -151.105 -20.586 -10 0 -0.258819 -0.965926 0 -0.965926 0.258819 -1 0 0 53451.dat
1 15 -109.69 -13.693 -26 -0.965926 0.258819 0 0.258819 0.965926 0 0 0 -1 53989.dat
1 15 -141.995 12.563 -26 0 0.258819 -0.965926 0 0.965926 0.258819 1 0 0 53451.dat
0
0 FILE 10186_6.ldr
0 General Grievous
0 Name: 10186_6.ldr
0 Author: Sebastian Sand
0 Unofficial Model
0 ROTATION CENTER 0 0 0 1 "Custom" 
0 ROTATION CONFIG 0 0
1 72 -120 -10 0 1 0 0 0 1 0 0 0 1 3894.dat
1 72 -100 -18 -10 1 0 0 0 1 0 0 0 1 3832.dat
1 72 -190 -34 0 0 0 1 0 1 0 -1 0 0 6005.dat
1 72 -190 -26 -20 0 0 1 0 1 0 -1 0 0 4073.dat
1 72 -170 -34 -20 0 0 1 0 1 0 -1 0 0 4073.dat
1 15 -130 -42 0 0 0 1 0 1 0 -1 0 0 3070b.dat
1 72 -150 -50 -20 0 0 1 0 1 0 -1 0 0 3070b.dat
1 15 -130 -50 -20 0 0 1 0 1 0 -1 0 0 3070b.dat
1 72 -130 -26 0 0 0 1 0 1 0 -1 0 0 4073.dat
1 72 -170 -26 -10 0 0 1 0 1 0 -1 0 0 3023.dat
1 72 -140 -42 -20 1 0 0 0 1 0 0 0 1 3023.dat
1 72 -190 -50 -20 0 0 1 0 1 0 -1 0 0 50950.dat
1 72 -170 -50 0 0 0 1 0 1 0 -1 0 0 50950.dat
1 72 -100 -50 -20 0 0 -1 0 1 0 1 0 0 42022.dat
1 72 -100 -42 0 0 0 -1 0 1 0 1 0 0 42022.dat
1 72 -80 -26 -20 -1 0 0 0 1 0 0 0 -1 3460.dat
1 72 -140 -34 -10 -1 0 0 0 1 0 0 0 -1 3022.dat
1 72 -110 0 18 1 0 0 0 0 1 0 -1 0 4162.dat
1 71 -56.047 25.392 -40 -0.992547 -0.12187 0 0.12187 -0.992548 0 0 0 1 32529.dat
1 0 -80 0 -10 0 0 1 0 1 0 -1 0 0 3673.dat
1 71 -60 0 -30 0 0 1 0 1 0 -1 0 0 3673.dat
1 71 -175 37 -50 0 0 1 0 1 0 -1 0 0 3673.dat
1 72 -100 0 -20 0 0 1 1 0 0 0 1 0 40490.dat
1 72 -10 0 -5 0 0 1 1 0 0 0 1 0 32449.dat
1 72 -10 0 -35 0 0 1 1 0 0 0 1 0 32449.dat
1 72 -167.584 18.665 -60 0.920507 0 0.390731 0.390731 0 -0.920507 0 1 0 32523.dat
1 72 -200 0 -40 0 0 1 1 0 0 0 1 0 44224.dat
1 0 -100 0 -10 0 0 1 0 1 0 -1 0 0 3673.dat
1 0 -120 0 -30 0 0 1 0 1 0 -1 0 0 3673.dat
1 0 -140 0 -30 0 0 1 0 1 0 -1 0 0 3673.dat
1 1 -160 0 -40 0 0 1 0 1 0 -1 0 0 6558.dat
1 0 -20 0 -10 0 0 1 0 1 0 -1 0 0 32054.dat
1 0 -40 0 -20 0 0 1 0 1 0 -1 0 0 32062.dat
1 0 20 0 -20 0 0 1 0 1 0 -1 0 0 32062.dat
1 71 -160 0 10 0 0 -1 0 1 0 1 0 0 4274.dat
1 71 -120 0 10 0 0 -1 0 1 0 1 0 0 4274.dat
1 72 -94.773 38.207 -40 0.992547 -0.12187 0 -0.12187 -0.992548 0 0 0 -1 3666.dat
1 72 -174.178 47.957 -30 0 -0.12187 -0.992547 0 -0.992548 0.12187 -1 0 0 2444.dat
1 72 -171.253 71.778 -40 0 -0.12187 -0.992547 0 -0.992548 0.12187 -1 0 0 41747.dat
0
0 FILE 10186_7.ldr
0 General Grievous
0 Name: 10186_7.ldr
0 Author: Sebastian Sand
0 Unofficial Model
0 ROTATION CENTER 0 0 0 1 "Custom" 
0 ROTATION CONFIG 0 0
1 0 0 14 60 0 0 -1 0 1 0 1 0 0 3020.dat
1 0 0 -18 80 1 0 0 0 1 0 0 0 1 3020.dat
1 72 0 -18 40 1 0 0 0 1 0 0 0 1 3022.dat
1 72 0 -26 60 1 0 0 0 1 0 0 0 1 3022.dat
1 72 0 22 70 0 0 -1 0 1 0 1 0 0 3021.dat
1 0 0 -10 70 1 0 0 0 1 0 0 0 1 32064a.dat
1 0 0 -10 50 1 0 0 0 1 0 0 0 1 32064a.dat
1 0 0 -42 90 1 0 0 0 1 0 0 0 1 32000.dat
1 15 40 -26 90 1 0 0 0 1 0 0 0 1 43723.dat
1 15 20 -34 50 1 0 0 0 1 0 0 0 1 43723.dat
1 15 -40 -26 90 1 0 0 0 1 0 0 0 1 43722.dat
1 15 -20 -34 50 1 0 0 0 1 0 0 0 1 43722.dat
1 15 -30 -50 90 -1 0 0 0 1 0 0 0 -1 50950.dat
1 15 30 -50 90 -1 0 0 0 1 0 0 0 -1 50950.dat
1 15 0 -34 60 1 0 0 0 1 0 0 0 1 30602.dat
1 71 0 -10 60 1 0 0 0 1 0 0 0 1 32324.dat
1 0 40 0 80 1 0 0 0 1 0 0 0 1 3673.dat
1 0 40 0 40 1 0 0 0 1 0 0 0 1 3673.dat
1 71 50 0 0 0 -1 0 1 0 0 0 0 1 44225.dat
1 71 -50 0 0 0 1 0 -1 0 0 0 0 1 44225.dat
1 0 60 0 60 1 0 0 0 1 0 0 0 1 3673.dat
1 0 -60 0 60 1 0 0 0 1 0 0 0 1 3673.dat
1 0 -40 0 40 1 0 0 0 1 0 0 0 1 3673.dat
1 0 -40 0 80 1 0 0 0 1 0 0 0 1 3673.dat
1 72 -80 0 70 1 0 0 0 0 1 0 -1 0 2444.dat
1 15 -70 0 86 0 0 1 -1 0 0 0 -1 0 47457.dat
1 72 80 0 70 -1 0 0 0 0 -1 0 -1 0 2444.dat
1 15 70 0 86 0 0 -1 1 0 0 0 -1 0 47457.dat
0
0 FILE 10186_8.ldr
0 General Grievous
0 Name: 10186_8.ldr
0 Author: Sebastian Sand
0 Unofficial Model
0 ROTATION CENTER 0 0 0 1 "Custom" 
0 ROTATION CONFIG 0 0
1 72 0 0 0 0 0 -1 0 1 0 1 0 0 3832.dat
1 72 0 8 -70 -1 0 0 0 1 0 0 0 -1 3023.dat
1 72 -30 -8 -70 -1 0 0 0 1 0 0 0 -1 6541.dat
1 0 -30 2 -80 0 0 -1 0 1 0 1 0 0 3673.dat
1 0 30 2 -80 0 0 -1 0 1 0 1 0 0 3673.dat
1 0 0 -13.249 -174.784 1 0 0 0 0.382683 -0.92388 0 0.92388 0.382683 32064a.dat
1 15 0 -25.495 -204.348 1 0 0 0 0.382683 -0.92388 0 0.92388 0.382683 3023.dat
1 71 0 -28.556 -211.739 -1 0 0 0 0.382683 0.92388 0 0.92388 -0.382683 44728.dat
1 15 30 -34.679 -226.521 0 0 -1 -0.92388 0.382683 0 0.382683 0.92388 0 50950.dat
1 15 30 -59.837 -187.958 0 0 -1 0.382683 0.92388 0 0.92388 -0.382683 0 50950.dat
1 15 0 -41.228 -184.842 0 0 -1 0.382683 0.92388 0 0.92388 -0.382683 0 3022.dat
1 15 30 -52.183 -169.48 0 0 -1 0.382683 0.92388 0 0.92388 -0.382683 0 50950.dat
1 15 -30 -34.679 -226.521 0 0 1 0.92388 0.382683 0 -0.382683 0.92388 0 50950.dat
1 15 -30 -52.183 -169.48 0 0 1 -0.382683 0.92388 0 -0.92388 -0.382683 0 50950.dat
1 15 -30 -59.837 -187.958 0 0 1 -0.382683 0.92388 0 -0.92388 -0.382683 0 50950.dat
1 15 -10 -22.433 -196.957 0 0 1 0.92388 0.382683 0 -0.382683 0.92388 0 6541.dat
1 15 10 -22.433 -196.957 0 0 1 0.92388 0.382683 0 -0.382683 0.92388 0 6541.dat
1 71 20 -18.607 -187.718 1 0 0 0 0.382683 -0.92388 0 0.92388 0.382683 4274.dat
1 71 -20 -18.607 -187.718 -1 0 0 0 0.382683 0.92388 0 0.92388 -0.382683 4274.dat
1 0 0 -18.661 -161.718 0 0 -1 -0.92388 0.382683 0 0.382683 0.92388 0 32062.dat
1 72 30 -8 -70 -1 0 0 0 1 0 0 0 -1 6541.dat
1 0 -20 16 -70 -1 0 0 0 1 0 0 0 -1 44567.dat
1 0 20 16 -70 -1 0 0 0 1 0 0 0 -1 44567.dat
1 72 0 -32 -20 0 0 -1 0 1 0 1 0 0 3832.dat
1 72 0 -8 -50 0 0 -1 0 1 0 1 0 0 3021.dat
1 72 0 -24 -50 0 0 -1 0 1 0 1 0 0 3021.dat
1 72 0 -16 -40 0 0 -1 0 1 0 1 0 0 3022.dat
1 72 0 -40 60 0 0 -1 0 1 0 1 0 0 3022.dat
1 72 0 -40 30 1 0 0 0 1 0 0 0 1 3666.dat
1 72 40 -48 30 1 0 0 0 1 0 0 0 1 3023.dat
1 72 -40 -48 30 1 0 0 0 1 0 0 0 1 3023.dat
1 15 -30 -72 20 -1 0 0 0 1 0 0 0 -1 41748.dat
1 15 30 -72 20 -1 0 0 0 1 0 0 0 -1 41747.dat
1 72 0 -16 -70 1 0 0 0 1 0 0 0 1 3710.dat
1 72 0 -16 10 1 0 0 0 1 0 0 0 1 3710.dat
1 72 0 -40 90 1 0 0 0 1 0 0 0 1 3710.dat
1 72 0 -24 10 1 0 0 0 1 0 0 0 1 3023.dat
1 72 0 -32 90 1 0 0 0 1 0 0 0 1 3023.dat
1 72 0 -40 -10 1 0 0 0 1 0 0 0 1 3023.dat
1 0 -10 -40 -40 0 0 1 0 1 0 -1 0 0 48336.dat
1 0 10 -40 -40 0 0 -1 0 1 0 1 0 0 48336.dat
1 72 -40 -8 0 1 0 0 0 1 0 0 0 1 2430.dat
1 72 40 -8 0 1 0 0 0 1 0 0 0 1 2429.dat
1 72 -40 -40 0 1 0 0 0 1 0 0 0 1 2430.dat
1 72 40 -40 0 1 0 0 0 1 0 0 0 1 2429.dat
1 72 30 -48 10 1 0 0 0 1 0 0 0 1 4073.dat
1 72 -30 -48 10 1 0 0 0 1 0 0 0 1 4073.dat
1 72 30 -48 90 1 0 0 0 1 0 0 0 1 4073.dat
1 72 -30 -48 90 1 0 0 0 1 0 0 0 1 4073.dat
1 72 10 -64 -60 0 0 1 0 1 0 -1 0 0 3069b.dat
1 72 -10 -64 -60 0 0 1 0 1 0 -1 0 0 3069b.dat
1 0 10 -64 -100 0 0 1 0 1 0 -1 0 0 3794a.dat
1 0 -10 -64 -100 0 0 1 0 1 0 -1 0 0 3794a.dat
1 72 0 -88 -100 1 0 0 0 1 0 0 0 1 3937.dat
1 0 0 -24 -90 1 0 0 0 1 0 0 0 1 32064a.dat
1 0 0 -56 -110 1 0 0 0 1 0 0 0 1 32064a.dat
1 72 10 -46 -150 0 1 0 -1 0 0 0 0 1 4073.dat
1 72 10 -14 -130 0 1 0 -1 0 0 0 0 1 4073.dat
1 72 -10 -14 -130 0 -1 0 -1 0 0 0 0 -1 4073.dat
1 72 -10 -46 -150 0 -1 0 -1 0 0 0 0 -1 4073.dat
1 0 10 -56 -80 0 0 1 0 1 0 -1 0 0 32064a.dat
1 0 -10 -56 -80 0 0 1 0 1 0 -1 0 0 32064a.dat
1 0 0 -46 -80 -1 0 0 0 1 0 0 0 -1 3705.dat
1 0 -30 -46 -80 0 0 1 -1 0 0 0 -1 0 32039.dat
1 0 -70 -66 -80 0 0 -1 -1 0 0 0 1 0 32039.dat
1 0 -80 -66 -80 -1 0 0 0 0 1 0 1 0 32062.dat
1 0 -80 -26 -80 -1 0 0 0 0 1 0 1 0 32062.dat
1 72 -110 -26 -80 0 0 -1 1 0 0 0 -1 0 32192.dat
1 72 110 -26 -80 0 0 1 -1 0 0 0 -1 0 32192.dat
1 72 -110 -66 -80 0 0 -1 -1 0 0 0 1 0 32192.dat
1 72 110 -66 -80 0 0 1 1 0 0 0 1 0 32192.dat
1 72 110 -46 -80 0 0 1 -1 0 0 0 -1 0 6587.dat
1 72 -110 -46 -80 0 0 1 -1 0 0 0 -1 0 6587.dat
1 71 110 -46 -80 0 1 0 0 0 1 1 0 0 3713.dat
1 71 -110 -46 -80 0 1 0 0 0 1 1 0 0 3713.dat
1 0 80 -66 -80 -1 0 0 0 0 1 0 1 0 32062.dat
1 0 80 -26 -80 -1 0 0 0 0 1 0 1 0 32062.dat
1 0 -70 -26 -80 0 0 -1 -1 0 0 0 1 0 32039.dat
1 0 0 22.53 -145.329 0 -1 0 0.382683 0 -0.92388 0.92388 0 0.382683 32039.dat
1 0 30 -46 -80 0 0 -1 -1 0 0 0 1 0 32039.dat
1 71 50 -46 -80 0 0 -1 -1 0 0 0 1 0 32073.dat
1 0 30 -76 -80 0 0 -1 -1 0 0 0 1 0 32062.dat
1 0 -30 -76 -80 0 0 -1 -1 0 0 0 1 0 32062.dat
1 71 -50 -46 -80 0 0 -1 -1 0 0 0 1 0 32073.dat
1 0 70 -66 -80 0 0 1 -1 0 0 0 -1 0 32039.dat
1 72 30 -81 -80 0 0 1 0 -1 0 1 0 0 41677.dat
1 72 0 -71 -80 0 0 1 0 -1 0 1 0 0 32449.dat
1 72 -50 -81 -80 0 0 1 0 -1 0 1 0 0 41677.dat
1 71 -30 -61 -80 0 1 0 0 0 1 1 0 0 32123a.dat
1 71 30 -61 -80 0 1 0 0 0 1 1 0 0 32123a.dat
1 0 70 -26 -80 0 0 1 -1 0 0 0 -1 0 32039.dat
1 0 0 -46 -120 0 0 -1 0 1 0 1 0 0 32062.dat
1 0 0 -14 -100 0 0 -1 0 1 0 1 0 0 32062.dat
1 0 0 -24 90 1 0 0 0 1 0 0 0 1 32064a.dat
1 0 0 -24 70 1 0 0 0 1 0 0 0 1 32064a.dat
1 0 0 -24 50 1 0 0 0 1 0 0 0 1 32064a.dat
1 0 0 -24 30 1 0 0 0 1 0 0 0 1 32064a.dat
1 0 0 -24 -10 1 0 0 0 1 0 0 0 1 32000.dat
1 15 0 -56 -50 -1 0 0 0 1 0 0 0 -1 47457.dat
1 0 0 -64 -10 1 0 0 0 1 0 0 0 1 3048.dat
1 15 0 85.187 -129.271 -1 0 0 0 -0.866025 -0.5 0 -0.5 0.866025 47457.dat
1 0 0 92.115 -125.271 -1 0 0 0 -0.866025 -0.5 0 -0.5 0.866025 3794a.dat
1 15 0 112.9 -113.271 0 0 -1 0.5 -0.866025 0 -0.866025 -0.5 0 6541.dat
1 15 20 112.9 -113.271 0 0 -1 0.5 -0.866025 0 -0.866025 -0.5 0 50746.dat
1 15 -20 112.9 -113.271 0 0 1 -0.5 -0.866025 0 0.866025 -0.5 0 50746.dat
1 15 0 126.756 -105.271 0 0 1 -0.5 -0.866025 0 0.866025 -0.5 0 3070b.dat
1 15 0 119.828 -109.271 0 0 1 -0.5 -0.866025 0 0.866025 -0.5 0 3024.dat
1 15 20 109.24 -126.931 0 0 -1 -0.866025 -0.5 0 -0.5 0.866025 0 4733.dat
1 15 -20 109.24 -126.931 0 0 -1 -0.866025 -0.5 0 -0.5 0.866025 0 4733.dat
1 15 53 -9.344 -181.539 0 -1 0 -0.5 0 -0.866025 0.866025 0 -0.5 50967.dat
1 15 61 -9.344 -181.539 0 -1 0 0.866025 0 -0.5 0.5 0 0.866025 3069b.dat
1 15 45 -18.004 -186.539 0 -1 0 0.5 0 0.866025 -0.866025 0 0.5 6541.dat
1 15 -53 -9.344 -181.539 0 1 0 0.5 0 -0.866025 -0.866025 0 -0.5 50967.dat
1 15 -61 -9.344 -181.539 0 1 0 0.866025 0 0.5 0.5 0 -0.866025 3069b.dat
1 15 -45 -18.004 -186.539 0 1 0 -0.5 0 0.866025 0.866025 0 0.5 6541.dat
1 0 0 -64 10 1 0 0 0 1 0 0 0 1 3048.dat
1 0 0 -64 30 1 0 0 0 1 0 0 0 1 3048.dat
1 0 0 -64 50 1 0 0 0 1 0 0 0 1 3048.dat
1 0 0 -64 70 1 0 0 0 1 0 0 0 1 3048.dat
1 0 0 -14 -130 1 0 0 0 -1 0 0 0 -1 32015.dat
1 0 0 13.476 -141.357 0 -1 0 -0.927185 0 -0.374609 0.374609 0 -0.927185 32062.dat
1 0 0 37.545 -161.867 0 -1 0 0.374609 0 -0.927185 0.927185 0 0.374609 32062.dat
1 0 0 -46 -150 1 0 0 0 -1 0 0 0 -1 32015.dat
1 0 0 -14 120 0 0 -1 0 -1 0 -1 0 0 3737.dat
1 72 0 -78.308 -134.703 0 0 1 0.5 0.866025 0 -0.866025 0.5 0 3022.dat
1 72 0 -80.236 -147.364 -1 0 0 0 0.866025 0.5 0 0.5 -0.866025 3023.dat
1 15 0 -87.164 -151.364 -1 0 0 0 0.866025 0.5 0 0.5 -0.866025 48933.dat
1 71 0 -86.38 -104.723 1 0 0 0 0.866025 -0.5 0 0.5 0.866025 6134.dat
1 0 0 -64 90 1 0 0 0 1 0 0 0 1 3048.dat
1 72 0 6 128 0 0 1 1 0 0 0 1 0 3709b.dat
1 0 -10 26 120 0 0 1 1 0 0 0 1 0 44567.dat
1 0 10 26 120 0 0 -1 -1 0 0 0 1 0 44567.dat
1 72 0 6 112 0 0 1 1 0 0 0 1 0 3709b.dat
1 0 0 36 104 -1 0 0 0 0 1 0 1 0 3794a.dat
1 72 0 36 88 -1 0 0 0 0 1 0 1 0 50746.dat
1 72 0 46 94 -1 0 0 0 -1 0 0 0 1 50746.dat
1 72 0 -14 136 0 0 1 1 0 0 0 1 0 3709b.dat
1 72 0 -14 152 0 0 1 1 0 0 0 1 0 3709b.dat
1 72 0 51.552 -178.668 1 0 0 0 0.382683 -0.92388 0 0.92388 0.382683 32174.dat
1 15 0 -14 144 0 0 1 1 0 0 0 1 0 4032a.dat
1 72 -20 -44 144 -1 0 0 0 0 1 0 1 0 44728.dat
1 72 20 -44 144 -1 0 0 0 0 1 0 1 0 44728.dat
1 15 0 16 144 -1 0 0 0 0 1 0 1 0 3023.dat
1 15 0 -14 120 0 0 1 1 0 0 0 1 0 4032a.dat
1 15 0 -14 104 0 0 1 1 0 0 0 1 0 4032a.dat
1 72 0 46 94 -1 0 0 0 -1 0 0 0 1 4070.dat
1 72 0 -66 164 1 0 0 0 1 0 0 0 1 3022.dat
1 15 -40 -66 184 -1 0 0 0 1 0 0 0 -1 41770.dat
1 15 40 -66 184 -1 0 0 0 1 0 0 0 -1 41769.dat
1 15 20 -66 164 -1 0 0 0 1 0 0 0 -1 30602.dat
1 15 -20 -66 164 -1 0 0 0 1 0 0 0 -1 30602.dat
1 72 0 18 70 -1 0 0 0 0 -1 0 -1 0 4733.dat
1 320 -4 18 60 0 1 0 0 0 -1 -1 0 0 55236.dat
1 320 4 18 60 0 -1 0 0 0 1 -1 0 0 55236.dat
1 72 0 18 30 -1 0 0 0 0 -1 0 -1 0 4733.dat
1 72 0 36 20 -1 0 0 0 -1 0 0 0 1 4073.dat
1 70 0 60 20 -1 0 0 0 -1 0 0 0 1 3626b.dat
1 70 0 60 20 -1 0 0 0 -1 0 0 0 1 30381.dat
1 72 0 18 46 -1 0 0 0 0 -1 0 -1 0 4073.dat
1 72 0 18 38 -1 0 0 0 0 -1 0 -1 0 4073.dat
1 42 0 18 -50 -1 0 0 0 0 -1 0 -1 0 50747.dat
1 15 -46.245 16 74.549 0 0.898795 0.438372 -1 0 0 0 -0.438372 0.898795 2654.dat
1 15 45.475 16 74.633 0 -0.906308 -0.422618 1 0 0 0 -0.422618 0.906308 2654.dat
1 72 -57.819 26 69.068 0 0.898795 0.438372 -1 0 0 0 -0.438372 0.898795 4073.dat
1 72 56.951 26 68.95 0 -0.906308 -0.422618 1 0 0 0 -0.422618 0.906308 4073.dat
1 72 -44.668 26 96.031 0.438372 0.898795 0 0 0 1 0.898795 -0.438372 0 44302.dat
1 72 44.273 26 96.141 -0.422618 -0.906308 0 0 0 -1 0.906308 -0.422618 0 44302.dat
1 0 52.726 6 78.014 -0.422618 -0.906308 0 0 0 -1 0.906308 -0.422618 0 3710.dat
1 0 -53.437 6 78.054 0.438372 0.898795 0 0 0 1 0.898795 -0.438372 0 3710.dat
1 72 -65.008 26 72.575 -0.438372 0.898795 0 0 0 -1 -0.898795 -0.438372 0 2420.dat
1 72 64.201 26 72.332 0 -0.906308 0.422618 -1 0 0 0 -0.422618 -0.906308 2420.dat
1 72 63.001 6 93.838 0.422618 -0.906308 0 0 0 1 -0.906308 -0.422618 0 6091.dat
1 72 54.548 6 111.965 0.422618 -0.906308 0 0 0 1 -0.906308 -0.422618 0 6091.dat
1 72 -54.666 26 112.032 -0.438372 0.898795 0 0 0 -1 -0.898795 -0.438372 0 6091.dat
1 72 -63.434 26 94.057 -0.438372 0.898795 0 0 0 -1 -0.898795 -0.438372 0 6091.dat
1 72 -63.434 6 94.057 0.438372 0.898795 0 0 0 1 0.898795 -0.438372 0 6091.dat
1 72 -54.666 6 112.032 0.438372 0.898795 0 0 0 1 0.898795 -0.438372 0 6091.dat
1 72 54.548 26 111.965 -0.422618 -0.906308 0 0 0 -1 0.906308 -0.422618 0 6091.dat
1 72 63.001 26 93.838 -0.422618 -0.906308 0 0 0 -1 0.906308 -0.422618 0 6091.dat
1 72 78.703 6 79.094 0.422618 -0.906308 0 0 0 1 -0.906308 -0.422618 0 6091.dat
1 72 78.703 16 79.094 0 -0.906308 0.422618 -1 0 0 0 -0.422618 -0.906308 3069b.dat
1 72 87.155 16 60.967 0 -0.906308 0.422618 -1 0 0 0 -0.422618 -0.906308 3069b.dat
1 72 -88.156 16 61.612 0 0.898795 -0.438372 1 0 0 0 -0.438372 -0.898795 3069b.dat
1 72 -79.39 16 79.589 0 0.898795 -0.438372 1 0 0 0 -0.438372 -0.898795 3069b.dat
1 72 -63.434 16 94.057 0 0.898795 -0.438372 1 0 0 0 -0.438372 -0.898795 3069b.dat
1 72 -54.666 16 112.032 0 0.898795 -0.438372 1 0 0 0 -0.438372 -0.898795 3069b.dat
1 72 54.548 16 111.965 0 -0.906308 0.422618 -1 0 0 0 -0.422618 -0.906308 3069b.dat
1 72 63.001 16 93.838 0 -0.906308 0.422618 -1 0 0 0 -0.422618 -0.906308 3069b.dat
1 72 -79.39 6 79.589 0.438372 0.898795 0 0 0 1 0.898795 -0.438372 0 6091.dat
1 72 87.155 26 60.967 -0.422618 -0.906308 0 0 0 -1 0.906308 -0.422618 0 6005.dat
