0 Name: 10269 HD.ldr
0 Author: marco9999

1 71 112.881 -439.603 -422.83 1 0 0 0 0.199982 0.979799 0 -0.979799 0.199982 26047.dat
1 57 112.881 -438.003 -430.668 -1 0 0 0 0.199983 -0.979799 0 -0.979799 -0.199983 6141.dat
1 0 112.881 -458.837 -428.603 0 0 -1 -0.517208 -0.85586 0 -0.85586 0.517208 0 48729b.dat
1 0 112.881 -511.9 -396.536 1 0 0 0 0.85586 0.517208 0 -0.517208 0.85586 48729b.dat
1 0 84.9967 -485.47 -413.692 0 0.688927 -0.724831 0.85586 -0.374888 -0.356319 -0.517208 -0.620354 -0.589624 4593.dat
1 0 84.9967 -485.47 -413.692 0 0.707106 0.707107 0.85586 0.365722 -0.365721 -0.517208 0.605185 -0.605184 4592.dat
1 71 62.3717 -552.344 -369.758 -0.692352 0 -0.72156 0.617554 -0.517208 -0.592556 -0.373197 -0.85586 0.35809 3900.dat
1 71 62.3717 -548.206 -362.911 0.692352 0 0.72156 -0.617554 -0.517208 0.592556 0.373197 -0.85586 -0.35809 14769.dat
1 71 112.881 -511.9 -396.536 -0.692352 0.72156 0 0.617554 0.592556 -0.517208 -0.373197 -0.35809 -0.85586 23443.dat
1 4 167.923 -486.617 -412.603 1 0 0 0 0.85586 0.517208 0 -0.517208 0.85586 32062.dat
1 71 137.923 -486.617 -415.603 0 0 -1 0.85586 -0.517208 0 -0.517208 -0.85586 0 32192.dat
1 71 197.923 -486.617 -415.603 0 0 -1 -0.85586 0.517208 0 0.517208 0.85586 0 25214.dat
1 4 197.923 -458.374 -432.671 0 0 1 0.85586 0.517208 0 -0.517208 0.85586 0 32062.dat
1 71 197.923 -435.13 -446.739 -1 0 0 0 -0.517208 -0.85586 0 -0.85586 0.517208 25214.dat
1 0 106.639 -471.988 -391.396 0.707107 0 -0.707107 -0.365721 -0.85586 -0.365721 -0.605184 0.517208 -0.605185 18651.dat
1 0 91.8208 -481.193 -406.858 0 0.707106 0.707107 0.85586 0.365722 -0.365721 -0.517208 0.605185 -0.605184 15573.dat
1 0 97.3893 -469.765 -407.051 0 0.707106 -0.707107 -0.85586 0.365722 0.365721 0.517208 0.605185 0.605184 4081b.dat
1 0 97.3893 -483.459 -398.776 0 0.707106 -0.707107 -0.85586 0.365722 0.365721 0.517208 0.605185 0.605184 4081b.dat
1 0 103.046 -475.399 -397.038 0 0.707106 0.707107 0.85586 0.365721 -0.365721 -0.517208 0.605185 -0.605184 32064a.dat
1 0 270.923 -435.13 -446.739 1 0 0 0 0.85586 0.517208 0 -0.517208 0.85586 3706.dat
1 72 240.923 -435.13 -446.739 0 0 1 0.517208 -0.85586 0 0.85586 0.517208 0 99021.dat
1 72 300.923 -435.13 -446.739 0 0 1 0.517208 -0.85586 0 0.85586 0.517208 0 99021.dat
1 71 343.924 -435.13 -446.739 1 0 0 0 0.517208 -0.85586 0 0.85586 0.517208 25214.dat
1 4 343.924 -458.374 -432.671 0 0 1 0.85586 0.517208 0 -0.517208 0.85586 0 32062.dat
1 71 343.924 -486.617 -415.603 0 0 1 -0.85586 -0.517208 0 0.517208 -0.85586 0 25214.dat
1 4 374.924 -486.617 -412.603 1 0 0 0 0.85586 0.517208 0 -0.517208 0.85586 32062.dat
1 71 404.924 -486.617 -415.603 0 0 1 -0.85586 -0.517208 0 0.517208 -0.85586 0 32192.dat
1 0 435.208 -471.988 -391.396 -0.707107 0 0.707106 -0.365721 0.85586 -0.365721 -0.605184 -0.517208 -0.605185 18651.dat
1 0 445.458 -486.883 -396.707 0 -0.707106 0.707107 0.85586 0.365721 0.365721 -0.517208 0.605185 0.605184 4081b.dat
1 0 451.114 -481.245 -406.724 0 -0.707106 -0.707107 -0.85586 0.365721 -0.365721 0.517208 0.605185 -0.605184 15573.dat
1 0 445.458 -473.189 -404.982 0 -0.707106 0.707107 0.85586 0.365721 0.365721 -0.517208 0.605185 0.605184 4081b.dat
1 0 456.771 -484.171 -411.565 0 -0.707106 0.707107 0.85586 0.365721 0.365721 -0.517208 0.605185 0.605184 4592.dat
1 0 456.86 -484.018 -411.554 0 -0.737085 -0.6758 0.85586 -0.349529 0.381226 -0.517208 -0.57839 0.630842 4593.dat
1 0 439.801 -475.399 -397.037 0 -0.707106 -0.707107 -0.85586 0.365721 -0.365721 0.517208 0.605185 -0.605184 32064a.dat
1 0 243.124 -401.93 -469.138 0 -1 0 -0.517208 0 0.85586 -0.85586 0 -0.517208 60470a.dat
1 0 251.124 -401.93 -469.138 0 -1 0 0.517208 0 -0.85586 0.85586 0 0.517208 3069b.dat
1 71 270.923 -435.13 -446.739 1 0 0 0 -0.517208 0.85586 0 -0.85586 -0.517208 62462.dat
1 0 88.5505 -460.952 -373.133 0.707108 -0.707106 0 -0.365721 -0.365722 0.85586 -0.605184 -0.605185 -0.517208 62462.dat
1 0 291.123 -401.933 -469.143 0 1 0 0.517208 0 0.85586 0.85586 0 -0.517208 3069b.dat
1 0 299.123 -401.933 -469.143 0 1 0 0.517208 0 0.85586 0.85586 0 -0.517208 60470a.dat
1 0 71.4084 -453.638 -361.029 -0.707107 0 0.707106 0.365721 -0.85586 0.365722 0.605184 0.517208 0.605184 2780.dat
1 0 67.3372 -449.981 -354.977 0 -0.707108 -0.707106 -0.85586 0.365721 -0.365722 0.517208 0.605183 -0.605185 18654.dat
1 0 429.966 -512.756 -396.019 1 0 0 0 0.85586 0.517208 0 -0.517208 0.85586 48729b.dat
1 71 429.966 -512.756 -396.019 -0.699603 -0.714532 0 -0.611539 0.598763 -0.517207 0.369561 -0.36184 -0.85586 23443.dat
1 71 479.983 -553.635 -368.978 -0.699603 0 0.714532 -0.611539 -0.517208 -0.598762 0.369561 -0.85586 0.36184 3900.dat
1 71 479.983 -549.497 -362.131 0.699603 0 -0.714532 0.611539 -0.517208 0.598762 -0.369562 -0.85586 -0.36184 14769.dat
1 0 429.966 -459.693 -428.086 0 0 -1 -0.517208 -0.85586 0 -0.85586 0.517208 0 48729b.dat
1 71 429.966 -440.353 -422.678 1 0 0 0 0.181383 0.983412 0 -0.983412 0.181383 26047.dat
1 57 429.966 -438.902 -430.545 -1 0 0 0 0.181383 -0.983412 0 -0.983412 -0.181383 6141.dat
1 0 454.296 -460.952 -373.133 -0.707107 0.707106 0 -0.365721 -0.365721 -0.85586 -0.605184 -0.605185 0.517208 62462.dat
1 0 470.438 -453.638 -361.029 0.707107 0 -0.707106 0.365721 0.85586 0.365722 0.605184 -0.517208 0.605185 2780.dat
1 0 475.509 -449.981 -354.977 0 0.707108 0.707106 0.85586 0.365721 -0.365722 -0.517208 0.605183 -0.605185 18654.dat
1 71 112.881 -444.402 -399.314 1 0 0 0 0.199982 0.979799 0 -0.979799 0.199982 59900.dat
1 71 429.966 -444.706 -399.076 1 0 0 0 0.181383 0.983412 0 -0.983412 0.181383 59900.dat
1 0 209.875 -208.755 -69.0359 -0.00887 1 -0.0149993 -0.86088 0 0.509108 0.509031 0.0174231 0.860749 40490.dat
1 71 199.575 -198.575 -51.9975 -1 -0.0174257 0 0 0 1 -0.0174231 1 0 4274.dat
1 0 191.277 -188.392 -34.9257 -0.0149982 1 0.00887186 0.509215 0 0.860814 0.860684 0.0174231 -0.509138 63864.dat
1 71 199.278 -188.392 -34.7863 -1 -0.0149981 0.00887195 0 0.509221 0.860811 -0.0174231 0.86068 -0.509143 4274.dat
1 0 218.676 -168.033 -0.0118566 1 0.01484 0.00912899 0 -0.523973 0.851735 0.0174231 -0.851606 -0.523893 2780.dat
1 320 291.12 -275.354 91.1251 1 0 0 0 0.00908573 1 0 -1 0.00908573 92946.dat
1 320 211.12 -318.189 -37.2698 1 0 0 0 1 -0.00908246 0 0.00908246 1 61678.dat
1 0 231.12 -326.279 -27.3429 0 0 1 0.00908571 1 0 -1 0.00908571 0 3070b.dat
1 0 231.12 -318.37 -17.2706 0 0 1 0.00908571 1 0 -1 0.00908571 0 3023.dat
1 0 231.12 -310.28 -27.1979 -1 0 0 0 1 0.00908571 0 0.00908571 -1 6141.dat
1 1 231.12 -302.371 -17.1246 0 0 1 0.00908571 1 0 -1 0.00908571 0 3710.dat
1 320 281.12 -310.553 2.80214 1 0 0 0 1 -0.00908246 0 0.00908246 1 3795.dat
1 320 331.12 -302.553 2.87377 0 0 1 0.00908571 1 0 -1 0.00908571 0 3710.dat
1 320 321.12 -294.553 2.94658 0 0 1 0.00908571 1 0 -1 0.00908571 0 3795.dat
1 320 331.12 -286.826 33.0193 0 0 1 0.00908571 1 0 -1 0.00908571 0 6541.dat
1 320 331.12 -262.553 3.23595 0 0 1 0.00908571 1 0 -1 0.00908571 0 3460.dat
1 320 331.12 -253.919 -66.6894 -1 0 0 0 1 0.00908571 0 0.00908571 -1 4287c.dat
1 320 331.12 -286.373 -16.98 0 0 1 0.00908571 1 0 -1 0.00908571 0 3010.dat
1 320 331.12 -285.919 -66.9802 0 0 1 0.00908572 1 0 -1 0.00908572 0 6541.dat
1 320 321.12 -293.918 -67.05 1 0 0 0 1 -0.00906933 0 0.00906933 1 44728.dat
1 320 331.12 -287.007 53.0193 -1 0 0 0 1 0.00908571 0 0.00908571 -1 3005.dat
1 1 311.12 -302.371 -17.1261 0 0 1 0.00908571 1 0 -1 0.00908571 0 3710.dat
1 0 311.121 -310.28 -27.1976 -1 0 0 0 1 0.00908571 0 0.00908571 -1 6141.dat
1 0 311.12 -318.371 -17.2711 0 0 1 0.00908571 1 0 -1 0.00908571 0 3023.dat
1 0 311.12 -326.28 -27.343 0 0 1 0.00908571 1 0 -1 0.00908571 0 3070b.dat
1 320 241.12 -318.916 42.7273 -1 0 0 0 1 0.00908572 0 0.00908572 -1 93606.dat
1 71 261.12 -295.189 72.9454 -1 0 0 0 1 0.00908571 0 0.00908571 -1 30414.dat
1 320 231.12 -271.189 73.1621 -1 0 0 0 1 0.00908571 0 0.00908571 -1 3623.dat
1 320 301.12 -318.916 42.7261 -1 0 0 0 1 0.00908571 0 0.00908571 -1 93606.dat
1 320 221.12 -294.553 2.94818 0 0 1 0.00908571 1 0 -1 0.00908571 0 3795.dat
1 320 211.12 -286.826 33.0194 0 0 1 0.00908571 1 0 -1 0.00908571 0 6541.dat
1 320 211.12 -262.554 3.23478 0 0 1 0.00908572 1 0 -1 0.00908572 0 3460.dat
1 320 211.12 -285.919 -66.9804 0 0 1 0.00908572 1 0 -1 0.00908572 0 6541.dat
1 320 221.12 -293.918 -67.0502 1 0 0 0 1 -0.00906933 0 0.00906933 1 44728.dat
1 320 211.12 -253.919 -66.6897 -1 0 0 0 1 0.00908571 0 0.00908571 -1 4287c.dat
1 320 211.12 -286.373 -16.9804 0 0 1 0.00908571 1 0 -1 0.00908571 0 3010.dat
1 320 211.12 -287.007 53.0194 -1 0 0 0 1 0.00908571 0 0.00908571 -1 3005.dat
1 320 211.12 -302.553 2.87391 0 0 1 0.00908571 1 0 -1 0.00908571 0 3710.dat
1 320 211.12 -310.553 2.80096 0 0 1 0.00908571 1 0 -1 0.00908571 0 3023.dat
1 0 311.12 -301.917 -67.1227 1 0 0 0 1 -0.00908246 0 0.00908246 1 3070b.dat
1 0 231.12 -301.917 -67.1229 1 0 0 0 1 -0.00908246 0 0.00908246 1 3070b.dat
1 320 331.12 -318.189 -37.268 1 0 0 0 1 -0.00908246 0 0.00908246 1 61678.dat
1 320 211.12 -318.916 42.7287 -1 0 0 0 1 0.00908572 0 0.00908572 -1 61678.dat
1 320 331.12 -318.916 42.7285 -1 0 0 0 1 0.00908572 0 0.00908572 -1 61678.dat
1 320 271.12 -318.916 42.726 -1 0 0 0 1 0.00908572 0 0.00908572 -1 61678.dat
1 320 311.12 -271.191 73.1652 -1 0 0 0 1 0.00908572 0 0.00908572 -1 3623.dat
1 320 211.12 -295.19 72.9443 -1 0 0 0 1 0.00908572 0 0.00908572 -1 87087.dat
1 320 211.12 -275.354 91.1253 1 0 0 0 0.00908573 1 0 -1 0.00908573 92946.dat
1 71 351.12 -276.826 33.1088 -1 0 0 0 -0.0348993 0.999391 0 0.999391 0.0348995 32054.dat
1 71 351.12 -277.326 33.1041 0 1 0 1 0 0 0 0 -1 64451.dat
1 0 341.12 -228.571 -102.918 1 0 0 0 0.858612 0.512625 0 -0.512625 0.858612 2780.dat
1 0 271.12 -333.463 -227.339 1 0 0 0 0.858613 0.512625 0 -0.512625 0.858613 3021.dat
1 71 251.12 -374.575 -249.381 -1 0 0 0 0.858613 -0.512625 0 -0.512625 -0.858613 61678.dat
1 71 271.12 -406.973 -334.859 1 0 0 0 0.858613 0.512625 0 -0.512625 0.858613 3005.dat
1 0 271.12 -408.716 -322.172 1 0 0 0 0.858613 0.512625 0 -0.512625 0.858613 3021.dat
1 71 251.12 -410.459 -309.485 0 0 -1 0.512625 0.858613 0 0.858613 -0.512625 0 63864.dat
1 71 271.12 -410.459 -309.485 0 0 -1 0.512625 0.858613 0 0.858613 -0.512625 0 63864.dat
1 71 291.12 -410.459 -309.485 0 0 -1 0.512625 0.858613 0 0.858613 -0.512625 0 63864.dat
1 72 271.12 -360.735 -304.231 0 0 1 -0.512625 0.858613 0 -0.858613 -0.512625 0 32018.dat
1 0 271.12 -386.265 -393.809 0 0 -1 0.512625 0.858613 0 0.858613 -0.512625 0 3623.dat
1 14 271.12 -381.342 -291.928 0 0 -1 0.512625 0.858613 0 0.858613 -0.512625 0 3010.dat
1 0 271.12 -388.211 -287.827 1 0 0 0 0.858613 0.512625 0 -0.512625 0.858613 3021.dat
1 71 271.12 -374.575 -249.381 -1 0 0 0 0.858613 -0.512625 0 -0.512625 -0.858613 61678.dat
1 0 271.12 -348.842 -253.099 1 0 0 0 0.858613 0.512625 0 -0.512625 0.858613 6141.dat
1 14 271.12 -336.846 -248.613 0 0 -1 0.512625 0.858613 0 0.858613 -0.512625 0 3023.dat
1 0 271.12 -293.992 -239.259 0 0 -1 0.512625 0.858613 0 0.858613 -0.512625 0 3623.dat
1 0 271.12 -281.997 -234.774 0 0 -1 0.512625 0.858613 0 0.858613 -0.512625 0 3710.dat
1 71 291.12 -374.575 -249.381 -1 0 0 0 0.858613 -0.512625 0 -0.512625 -0.858613 61678.dat
1 0 231.12 -314.599 -226.955 1 0 0 0 0.858613 0.512625 0 -0.512625 0.858613 24201.dat
1 0 231.12 -304.346 -209.783 1 0 0 0 0.858613 0.512625 0 -0.512625 0.858613 3024.dat
1 0 231.12 -318.084 -201.581 0 0 -1 0.512625 0.858613 0 0.858613 -0.512625 0 3623.dat
1 0 241.12 -311.215 -205.682 0 0 -1 0.512625 0.858613 0 0.858613 -0.512625 0 3021.dat
1 0 241.12 -312.958 -192.994 0 0 1 -0.512625 0.858613 0 -0.858613 -0.512625 0 88930.dat
1 1 271.12 -302.705 -175.823 1 0 0 0 0.858613 0.512625 0 -0.512625 0.858613 3021.dat
1 0 301.12 -311.215 -205.682 0 0 -1 0.512625 0.858613 0 0.858613 -0.512625 0 3021.dat
1 0 311.121 -304.346 -209.783 1 0 0 0 0.858613 0.512625 0 -0.512625 0.858613 3024.dat
1 0 311.12 -314.599 -226.955 1 0 0 0 0.858613 0.512625 0 -0.512625 0.858613 24201.dat
1 0 311.121 -318.084 -201.581 0 0 -1 0.512625 0.858613 0 0.858613 -0.512625 0 3623.dat
1 0 301.12 -312.958 -192.994 0 0 -1 0.512625 0.858613 0 0.858613 -0.512625 0 88930.dat
1 71 271.12 -319.827 -188.893 0 0 -1 0.512625 0.858613 0 0.858613 -0.512625 0 3710.dat
1 0 271.121 -326.696 -184.793 0 0 -1 0.512625 0.858613 0 0.858613 -0.512625 0 2431.dat
1 0 251.12 -278.967 -166.703 0 0 1 -0.509028 0.86075 0 -0.86075 -0.509028 0 3702.dat
1 0 213.12 -287.301 -161.726 0 1 0 -0.512625 0 -0.858613 -0.858613 0 0.512625 6636.dat
1 379 231.12 -292.437 -158.706 0 0 1 -0.512625 0.858613 0 -0.858613 -0.512625 0 99206.dat
1 0 291.121 -278.715 -166.852 0 0 -1 0.512625 0.858613 0 0.858613 -0.512625 0 3702.dat
1 379 311.12 -292.453 -158.651 0 0 -1 0.512625 0.858613 0 0.858613 -0.512625 0 99206.dat
1 0 329.12 -287.301 -161.726 0 -1 0 0.512625 0 -0.858613 0.858613 0 0.512625 6636.dat
1 19 251.12 -277.074 -132.892 0 0 -1 0.512625 0.858613 0 0.858613 -0.512625 0 3623.dat
1 19 251.12 -283.943 -128.791 0 0 -1 0.512625 0.858613 0 0.858613 -0.512625 0 3623.dat
1 0 251.12 -314.904 -87.0129 0 0 1 -0.512625 0.858613 0 -0.858613 -0.512625 0 18653.dat
1 0 231.12 -308.035 -91.1139 0 0 1 -0.512625 0.858613 0 -0.858613 -0.512625 0 18653.dat
1 379 231.12 -272.076 -124.276 0 0 1 -0.512625 0.858613 0 -0.858613 -0.512625 0 99206.dat
1 0 231.12 -314.904 -87.0129 1 0 0 0 0.858613 0.512625 0 -0.512625 0.858613 3024.dat
1 0 241.12 -314.904 -87.0129 1 0 0 0 0.858613 0.512625 0 -0.512625 0.858613 85984.dat
1 19 291.12 -277.074 -132.892 0 0 -1 0.512625 0.858613 0 0.858613 -0.512625 0 3623.dat
1 19 291.12 -283.943 -128.791 0 0 -1 0.512625 0.858613 0 0.858613 -0.512625 0 3623.dat
1 0 291.12 -314.904 -87.0123 0 0 1 -0.512625 0.858613 0 -0.858613 -0.512625 0 18653.dat
1 0 311.12 -308.034 -91.1133 0 0 1 -0.512625 0.858613 0 -0.858613 -0.512625 0 18653.dat
1 379 311.12 -271.948 -124.306 0 0 -1 0.512625 0.858613 0 0.858613 -0.512625 0 99206.dat
1 0 311.12 -244.498 -129.049 -1 0 0 0 -0.512625 -0.858612 0 -0.858612 0.512625 32138.dat
1 0 301.12 -314.904 -87.0123 1 0 0 0 0.858613 0.512625 0 -0.512625 0.858613 85984.dat
1 0 311.12 -314.904 -87.0123 1 0 0 0 0.858613 0.512625 0 -0.512625 0.858613 3024.dat
1 0 331.12 -229.548 -103.034 0 -1 0 -0.858613 0 -0.512625 0.512625 0 -0.858612 32316.dat
1 0 341.12 -219.296 -85.8616 1 0 0 0 0.858612 0.512625 0 -0.512625 0.858612 2780.dat
1 0 346.12 -193.665 -42.9309 0 -1 0 -0.858613 0 -0.512625 0.512625 0 -0.858612 32063.dat
1 71 361.12 -198.791 -51.517 1 0 0 0 0 1 0 -1 0 4274.dat
1 0 356.12 -193.665 -42.9309 0 -1 0 -0.858613 0 -0.512625 0.512625 0 -0.858612 32063.dat
1 0 361.12 -168.034 0 1 0 0 0 0 1 0 -1 0 2780.dat
1 0 361.12 -148.033 -40 -1 0 0 0 1 0 0 0 -1 2780.dat
1 0 361.12 -148.033 -60 1 0 0 0 1 0 0 0 1 32062.dat
1 0 371.12 -148.033 -60 0 1 0 -1 0 0 0 0 1 32140.dat
1 0 351.12 -158.033 -80 0 0 1 0 1 0 -1 0 0 3894.dat
1 0 341.12 -147.533 -120 -1 0 0 0 1 0 0 0 -1 2780.dat
1 71 241.12 -133.534 -390 0 0 -1 0 1 0 1 0 0 3623.dat
1 71 241.12 -125.534 -390 0 0 -1 0 1 0 1 0 0 3623.dat
1 0 241.12 -157.534 -300 0 0 -1 0 1 0 1 0 0 3895.dat
1 0 241.12 -173.534 -400 0 0 -1 0 1 0 1 0 0 92280.dat
1 71 241.119 -165.534 -390 0 0 -1 0 1 0 1 0 0 3623.dat
1 0 241.119 -181.534 -340 0 0 -1 0 1 0 1 0 0 3004.dat
1 0 241.12 -173.534 -280 0 0 1 0 1 0 -1 0 0 92280.dat
1 71 241.119 -165.534 -280 0 0 -1 0 1 0 1 0 0 3710.dat
1 0 241.12 -173.534 -250 0 0 -1 0 1 0 1 0 0 6141.dat
1 0 241.12 -181.534 -260 0 0 -1 0 1 0 1 0 0 11458.dat
1 0 241.119 -117.534 -280 0 0 -1 0 1 0 1 0 0 3703.dat
1 71 231.119 -125.533 -340 1 0 0 0 1 0 0 0 1 3068b.dat
1 71 221.12 -117.533 -350 0 0 -1 0 1 0 1 0 0 6541.dat
1 71 221.12 -117.533 -330 1 0 0 0 1 0 0 0 1 3062b.dat
1 0 231.12 -93.5333 -340 1 0 0 0 1 0 0 0 1 3022.dat
1 0 241.12 -85.5333 -340 0 0 -1 0 1 0 1 0 0 3666.dat
1 0 241.12 -93.5333 -390 0 0 -1 0 1 0 1 0 0 3623.dat
1 0 241.119 -93.5333 -310 1 0 0 0 1 0 0 0 1 6141.dat
1 0 241.12 -93.5333 -280 0 0 1 0 1 0 -1 0 0 88072.dat
1 72 221.12 -165.533 -250 0 0 -1 0 1 0 1 0 0 32530.dat
1 72 221.119 -157.534 -250 0 0 -1 0 1 0 1 0 0 30526.dat
1 71 241.119 -165.534 -200 0 0 -1 0 1 0 1 0 0 3710.dat
1 71 241.12 -173.533 -190 0 0 -1 0 1 0 1 0 0 63864.dat
1 71 241.119 -93.5333 -220 0 0 1 0 1 0 -1 0 0 99780.dat
1 0 219.12 -95.5334 -220 0 1 0 -1 0 0 0 0 1 61409.dat
1 71 219.12 -95.5334 -220 0 1 0 0 0 1 1 0 0 3023.dat
1 71 241.119 -133.534 -190 0 0 -1 0 1 0 1 0 0 3623.dat
1 71 241.119 -125.533 -190 0 0 -1 0 1 0 1 0 0 3623.dat
1 0 271.12 -85.5333 -220 0 0 -1 0 1 0 1 0 0 3032.dat
1 0 271.12 -93.5333 -250 1 0 0 0 1 0 0 0 1 3710.dat
1 71 301.12 -93.5333 -220 0 0 -1 0 1 0 1 0 0 99780.dat
1 71 301.12 -133.533 -390 0 0 -1 0 1 0 1 0 0 3623.dat
1 71 301.12 -125.533 -390 0 0 -1 0 1 0 1 0 0 3623.dat
1 0 301.12 -157.533 -300 0 0 -1 0 1 0 1 0 0 3895.dat
1 0 301.119 -173.533 -400 0 0 -1 0 1 0 1 0 0 92280.dat
1 71 301.119 -165.533 -390 0 0 -1 0 1 0 1 0 0 3623.dat
1 0 301.119 -181.533 -340 0 0 -1 0 1 0 1 0 0 3004.dat
1 71 301.119 -165.533 -300 0 0 -1 0 1 0 1 0 0 3023.dat
1 0 301.12 -173.533 -280 0 0 1 0 1 0 -1 0 0 92280.dat
1 14 301.119 -165.533 -270 0 0 -1 0 1 0 1 0 0 61252.dat
1 71 301.119 -133.533 -280 0 0 -1 0 1 0 1 0 0 30043.dat
1 0 301.12 -125.533 -280 0 0 -1 0 1 0 1 0 0 3710.dat
1 0 301.12 -117.533 -280 0 0 -1 0 1 0 1 0 0 3703.dat
1 71 311.12 -125.533 -340 1 0 0 0 1 0 0 0 1 3068b.dat
1 71 321.12 -117.533 -350 0 0 -1 0 1 0 1 0 0 6541.dat
1 0 311.12 -93.5333 -340 1 0 0 0 1 0 0 0 1 3022.dat
1 0 301.12 -85.5333 -340 0 0 -1 0 1 0 1 0 0 3666.dat
1 0 301.12 -93.5333 -390 0 0 -1 0 1 0 1 0 0 3623.dat
1 71 321.12 -117.533 -330 1 0 0 0 1 0 0 0 1 3062b.dat
1 0 301.12 -93.5333 -310 1 0 0 0 1 0 0 0 1 6141.dat
1 0 301.12 -93.5333 -280 0 0 -1 0 1 0 1 0 0 88072.dat
1 71 301.119 -165.533 -200 0 0 -1 0 1 0 1 0 0 3710.dat
1 71 301.12 -173.533 -190 0 0 -1 0 1 0 1 0 0 63864.dat
1 71 241.12 -157.533 -170 0 0 -1 0 1 0 1 0 0 3062b.dat
1 71 323.12 -95.5333 -220 0 -1 0 0 0 -1 1 0 0 3023.dat
1 0 323.12 -95.5333 -220 0 -1 0 1 0 0 0 0 1 61409.dat
1 71 301.119 -133.533 -190 0 0 -1 0 1 0 1 0 0 3623.dat
1 71 301.12 -125.533 -190 0 0 -1 0 1 0 1 0 0 3623.dat
1 71 301.12 -157.533 -170 0 0 -1 0 1 0 1 0 0 3062b.dat
1 0 241.12 -93.5333 -170 0 0 -1 0 1 0 1 0 0 3623.dat
1 0 301.12 -93.5333 -170 0 0 -1 0 1 0 1 0 0 3623.dat
1 0 231.12 -141.533 -430 -1 0 0 0 1 0 0 0 -1 11458.dat
1 72 231.12 -133.533 -430 -1 0 0 0 1 0 0 0 -1 22890.dat
1 0 271.119 -125.533 -430 1 0 0 0 1 0 0 0 1 3666.dat
1 0 271.12 -125.533 -430 -1 0 0 0 1 0 0 0 -1 85984.dat
1 0 271.12 -117.533 -430 1 0 0 0 1 0 0 0 1 3004.dat
1 0 311.12 -141.533 -430 1 0 0 0 1 0 0 0 1 11458.dat
1 72 311.12 -133.533 -430 1 0 0 0 1 0 0 0 1 22890.dat
1 0 301.12 -181.533 -260 0 0 -1 0 1 0 1 0 0 11458.dat
1 0 301.12 -173.533 -250 0 0 -1 0 1 0 1 0 0 6141.dat
1 4 301.12 -165.533 -250 0 0 -1 0 1 0 1 0 0 85861.dat
1 0 231.119 -127.533 -380 1 0 0 0 1 0 0 0 1 15461.dat
1 0 311.119 -127.533 -380 -1 0 0 0 -1 0 0 0 1 15461.dat
1 0 251.12 -197.533 -230 -1 0 0 0 1 0 0 0 -1 15573.dat
1 0 271.12 -189.533 -230 -1 0 0 0 1 0 0 0 -1 3659.dat
1 0 291.126 -197.533 -230 -1 0 0 0 1 0 0 0 -1 15573.dat
1 0 251.12 -237.533 -200 0 0 1 0 1 0 -1 0 0 3701.dat
1 0 251.12 -213.533 -200 0 0 1 0 1 0 -1 0 0 3710.dat
1 0 251.12 -205.533 -180 0 0 1 0 1 0 -1 0 0 3666.dat
1 0 251.12 -197.533 -180 0 0 1 0 1 0 -1 0 0 3701.dat
1 0 271.12 -229.533 -150 -1 0 0 0 1 0 0 0 -1 3038.dat
1 0 291.126 -205.533 -180 0 0 1 0 1 0 -1 0 0 3666.dat
1 0 291.12 -237.533 -200 0 0 1 0 1 0 -1 0 0 3701.dat
1 0 291.12 -213.533 -200 0 0 1 0 1 0 -1 0 0 3710.dat
1 0 291.12 -197.533 -180 0 0 1 0 1 0 -1 0 0 3701.dat
1 0 241.12 -173.533 -150 0 0 1 0 1 0 -1 0 0 92946.dat
1 0 221.12 -165.533 -140 -1 0 0 0 1 0 0 0 -1 2429.dat
1 0 221.12 -165.533 -140 -0.0174525 0 -1 0 1 0 1 0 -0.0174525 2430.dat
1 71 231.12 -157.533 -150 -1 0 0 0 1 0 0 0 -1 6541.dat
1 0 221.12 -133.533 -140 -1 0 0 0 1 0 0 0 -1 2429.dat
1 0 221.12 -133.533 -140 -0.0174525 0 -1 0 1 0 1 0 -0.0174525 2430.dat
1 0 271.12 -125.533 -150 -1 0 0 0 1 0 0 0 -1 32124.dat
1 0 301.12 -133.533 -150 -1 0 0 0 1 0 0 0 -1 3023.dat
1 0 301.12 -173.533 -150 0 0 -1 0 1 0 1 0 0 92946.dat
1 0 301.12 -165.533 -150 -1 0 0 0 1 0 0 0 -1 3023.dat
1 0 291.12 -157.533 -110 -1 0 0 0 1 0 0 0 -1 32555.dat
1 0 251.12 -197.533 -130 -1 0 0 0 1 0 0 0 -1 15573.dat
1 0 271.119 -189.533 -130 -1 0 0 0 1 0 0 0 -1 60594.dat
1 0 291.12 -197.533 -130 -1 0 0 0 1 0 0 0 -1 15573.dat
1 4 271.12 -117.533 -130 1 0 0 0 1 0 0 0 1 88072.dat
1 71 271.12 -109.533 -130 1 0 0 0 1 0 0 0 1 3023.dat
1 71 271.12 -101.533 -130 1 0 0 0 1 0 0 0 1 3023.dat
1 71 351.12 -181.533 -350 1 0 0 0 1 0 0 0 1 3039.dat
1 71 351.12 -157.533 -370 1 0 0 0 1 0 0 0 1 3004.dat
1 71 361.12 -133.533 -360 0 0 1 0 1 0 -1 0 0 44301b.dat
1 71 351.12 -125.533 -340 0 0 -1 0 1 0 1 0 0 3020.dat
1 71 341.12 -133.533 -340 0 0 -1 0 1 0 1 0 0 3710.dat
1 0 341.12 -157.533 -320 0 0 -1 0 1 0 1 0 0 3701.dat
1 19 341.12 -165.533 -310 0 0 1 0 1 0 -1 0 0 3623.dat
1 71 351.12 -181.533 -320 1 0 0 0 1 0 0 0 1 3068b.dat
1 71 351.12 -173.533 -300 0 0 -1 0 1 0 1 0 0 3020.dat
1 71 361.12 -165.533 -310 0 0 -1 0 1 0 1 0 0 3623.dat
1 71 361.12 -133.533 -300 0 0 -1 0 1 0 1 0 0 3710.dat
1 71 351.12 -165.533 -270 -1 0 0 0 1 0 0 0 -1 60478.dat
1 71 351.12 -197.533 -260 1 0 0 0 1 0 0 0 1 93606.dat
1 71 379.12 -147.533 -290 0 -1 0 0 0 -1 1 0 0 63864.dat
1 71 361.12 -157.533 -280 0 0 -1 0 1 0 1 0 0 30414.dat
1 71 371.12 -167.533 -250 0 -1 0 0 0 1 -1 0 0 4070.dat
1 71 361.12 -181.533 -240 0 0 -1 0 1 0 1 0 0 3023.dat
1 71 371.12 -167.533 -230 0 -1 0 0 0 1 -1 0 0 4070.dat
1 71 361.12 -125.533 -240 0 0 -1 0 1 0 1 0 0 3666.dat
1 71 379.12 -157.533 -220 0 -1 0 1 0 0 0 0 1 60474.dat
1 71 371.12 -167.533 -210 0 -1 0 0 0 1 -1 0 0 4070.dat
1 71 361.12 -181.533 -200 -1 0 0 0 1 0 0 0 -1 92946.dat
1 4 361.12 -157.533 -220 0 0 -1 0 1 0 1 0 0 3700.dat
1 71 387.12 -157.533 -220 0 -1 0 1 0 0 0 0 1 14769.dat
1 71 361.12 -133.533 -220 0 0 -1 0 1 0 1 0 0 3710.dat
1 71 371.12 -167.533 -190 0 -1 0 0 0 1 -1 0 0 4070.dat
1 71 361.12 -157.533 -190.001 1 0 0 0 1 0 0 0 1 3005.dat
1 71 361.12 -157.533 -340 0 0 -1 0 1 0 1 0 0 3700.dat
1 71 361.12 -189.533 -220 0 0 -1 0 1 0 1 0 0 3023.dat
1 71 361.12 -197.533 -210 1 0 0 0 1 0 0 0 1 3070b.dat
1 15 181.62 -168.034 -131.999 -1 0 0 0 1 0 0 0 -1 59443.dat
1 14 181.62 -168.034 -181.999 0 0 1 0 1 0 -1 0 0 32073.dat
1 71 181.62 -168.034 -159.999 0 -1 0 -1 0 0 0 0 -1 4868b.dat
1 0 215.12 -138.034 -169.999 0 -1 0 -1 0 0 0 0 -1 30357.dat
1 0 223.12 -158.034 -170 0 -1 0 -1 0 0 0 0 -1 3623.dat
1 71 181.12 -128.034 -200 0 -1 0 -1 0 0 0 0 -1 4868b.dat
1 0 215.12 -118.034 -200 0 -1 0 0 0 -1 1 0 0 3023.dat
1 71 223.12 -128.034 -200 0 -1 0 0 0 -1 1 0 0 4032a.dat
1 71 231.119 -147.534 -200 0 -1 0 0 0 -1 1 0 0 2460.dat
1 0 231.12 -118.034 -200 0 -1 0 0 0 -1 1 0 0 3069b.dat
1 0 181.12 -128.034 -270 0 0 1 0 1 0 -1 0 0 3737.dat
1 71 181.62 -128.034 -345 1 0 0 0 1 0 0 0 1 32123a.dat
1 71 181.62 -128.034 -380 -1 0 0 0 1 0 0 0 -1 32015.dat
1 71 181.62 -168.034 -249.999 -1 0 0 0 1 0 0 0 -1 32192.dat
1 4 271.119 -148.033 -180 1 0 0 0 -1 0 0 0 -1 32062.dat
1 71 255.119 -148.033 -180 0 1 0 0 0 1 1 0 0 6632.dat
1 71 286.119 -148.033 -180 0 1 0 0 0 1 1 0 0 6632.dat
1 72 271.12 -107.533 -180 -1 0 0 0 1 0 0 0 -1 87083.dat
1 14 271.119 -168.033 -180 0 -1 0 0 0 1 -1 0 0 32524.dat
1 19 281.119 -128.033 -180 1 0 0 0 0 1 0 -1 0 32002.dat
1 0 219.375 -148.033 -40.0151 -1 0 0.0174515 0 1 0 -0.0174515 0 -1 2780.dat
1 72 281.12 -148.033 -300 0 0 -1 0.173708 0.984797 0 0.984797 -0.173708 0 10928.dat
1 70 301.12 -147.533 -300 -1 0 0 0 0.984797 -0.173708 0 -0.173708 -0.984797 15462.dat
1 71 321.12 -148.033 -300 0 0 -1 0.984797 -0.173707 0 -0.173708 -0.984797 0 94925.dat
1 1 271.12 -227.533 -180 1 0 0 0 1 0 0 0 1 6558.dat
1 71 201.12 -128.034 -380 1 0 0 0 0 -1 0 1 0 87082.dat
1 0 225.723 -148.033 -59.9073 1 0 -0.0174515 0 1 0 0.0174515 0 1 32062.dat
1 0 229.724 -148.033 -59.8405 0 1 -0.017438 -1 0 0 0 0.017438 1 32140.dat
1 0 210.946 -173.533 -130.174 -0.0174525 0 -1 0 1 0 1 0 -0.0174525 6141.dat
1 0 210.073 -157.533 -80.1745 -0.0174525 0 -1 0 1 0 1 0 -0.0174525 3894.dat
1 0 210.422 -125.533 -100.174 -0.0174525 0 -1 0 1 0 1 0 -0.0174525 3710.dat
1 0 210.074 -133.533 -80.18 -0.0174525 0 -1 0 1 0 1 0 -0.0174525 3023.dat
1 0 341.119 -147.533 -80 -1 0 0 0 1 0 0 0 -1 2780.dat
1 71 241.114 -268.517 -413.399 -1 0 0 0 0.888694 0.458501 0 0.458501 -0.888694 2420.dat
1 71 271.115 -259.347 -431.173 -1 0 0 0 0.888694 0.458501 0 0.458501 -0.888694 3023.dat
1 0 271.115 -265.993 -400.844 0 0 -1 -0.458501 0.888694 0 0.888694 0.458501 0 11833.dat
1 71 271.115 -245.128 -423.837 -1 0 0 0 0.888694 0.458501 0 0.458501 -0.888694 3023.dat
1 0 271.115 -251.774 -393.508 0 0 1 0.458501 0.888694 0 -0.888694 0.458501 0 11833.dat
1 71 241.114 -230.909 -416.501 1 0 0 0 0.888694 -0.458501 0 0.458501 0.888694 2420.dat
1 0 271.114 -237.554 -386.172 0 0 -1 -0.458501 0.888694 0 0.888694 0.458501 0 11833.dat
1 71 301.115 -230.91 -416.501 0 0 -1 -0.458501 0.888694 0 0.888694 0.458501 0 2420.dat
1 71 271.115 -230.445 -382.504 1 0 0 0 0.888694 -0.458501 0 0.458501 0.888694 64799.dat
1 0 241.115 -223.335 -378.836 0 0 -1 -0.458501 0.888694 0 0.888694 0.458501 0 3023.dat
1 71 241.114 -220.811 -366.281 0 0 1 0.458501 0.888694 0 -0.888694 0.458501 0 4085c.dat
1 71 241.114 -211.641 -384.055 0 0 1 0.458501 0.888694 0 -0.888694 0.458501 0 4085c.dat
1 0 301.115 -223.234 -378.784 0 0 -1 -0.448389 0.893839 0 0.893839 0.448389 0 3023.dat
1 71 301.115 -216.055 -374.753 0 0 -1 -0.448389 0.893839 0 0.893839 0.448389 0 3023.dat
1 71 301.115 -258.42 -363.179 -1 0 0 0 0.888694 0.458501 0 0.458501 -0.888694 2420.dat
1 71 241.114 -258.884 -397.176 0 0 -1 -0.458501 0.888694 0 0.888694 0.458501 0 3710.dat
1 71 261.114 -272.639 -370.515 1 0 0 0 0.888694 -0.458501 0 0.458501 0.888694 2420.dat
1 0 261.114 -274.699 -349.073 0 0 -1 -0.458501 0.888694 0 0.888694 0.458501 0 6141.dat
1 71 261.114 -263.004 -354.292 0 0 -1 -0.458501 0.888694 0 0.888694 0.458501 0 18677.dat
1 71 301.114 -258.884 -397.176 0 0 -1 -0.458501 0.888694 0 0.888694 0.458501 0 3710.dat
1 71 301.115 -273.103 -404.512 0 0 -1 -0.458501 0.888694 0 0.888694 0.458501 0 3710.dat
1 71 241.114 -287.321 -411.848 0 0 -1 -0.458501 0.888694 0 0.888694 0.458501 0 45677.dat
1 14 241.114 -280.212 -408.18 0 0 -1 -0.458501 0.888694 0 0.888694 0.458501 0 3023.dat
1 71 271.115 -286.858 -377.851 -1 0 0 0 0.888694 0.458501 0 0.458501 -0.888694 3023.dat
1 71 301.115 -201.753 -367.579 0 0 -1 -0.448389 0.893839 0 0.893839 0.448389 0 3023.dat
1 0 301.115 -194.603 -363.991 0 0 1 0.448389 0.893839 0 -0.893839 0.448389 0 60478.dat
1 71 241.115 -202.007 -367.832 0 0 1 0.458501 0.888694 0 -0.888694 0.458501 0 3023.dat
1 0 241.115 -194.897 -364.164 0 0 1 0.458501 0.888694 0 -0.888694 0.458501 0 60478.dat
1 71 221.114 -273.102 -404.512 0 0 1 0.458501 0.888694 0 -0.888694 0.458501 0 85984.dat
1 71 221.115 -189.707 -350.233 0 0 -1 -0.458501 0.888694 0 0.888694 0.458501 0 3957b.dat
1 71 221.115 -180.537 -368.007 0 0 -1 -0.458501 0.888694 0 0.888694 0.458501 0 3957b.dat
1 71 241.115 -253.835 -372.066 0 0 1 0.458501 0.888694 0 -0.888694 0.458501 0 3023.dat
1 71 201.114 -259.146 -341.049 0 -1 0 0 0 -1 1 0 0 2723.dat
1 28 219.114 -259.146 -341.049 -1 0 0 0 1 0 0 0 -1 6587.dat
1 71 231.114 -259.146 -341.049 0 -1 0 0 0 -1 1 0 0 2723.dat
1 0 261.114 -259.146 -341.049 1 0 0 0 0 1 0 -1 0 32054.dat
1 4 201.114 -259.146 -341.049 0 0 -1 0 1 0 1 0 0 32053.dat
1 71 181.114 -259.146 -341.049 0 1 0 0 0 1 1 0 0 14769.dat
1 71 271.124 -286.774 -302.862 -1 0 0 0 0.891727 -0.452573 0 -0.452573 -0.891727 3023.dat
1 0 271.124 -266.063 -279.731 0 0 -1 0.452573 0.891727 0 0.891727 -0.452573 0 11833.dat
1 71 301.124 -258.929 -283.352 0 0 -1 0.452573 0.891727 0 0.891727 -0.452573 0 3710.dat
1 0 271.124 -251.795 -286.973 0 0 -1 0.452573 0.891727 0 0.891727 -0.452573 0 11833.dat
1 71 241.124 -231.084 -263.841 0 0 1 -0.452573 0.891727 0 -0.891727 -0.452573 0 2420.dat
1 0 271.124 -237.527 -294.214 0 0 -1 0.452573 0.891727 0 0.891727 -0.452573 0 11833.dat
1 71 241.124 -258.239 -317.345 1 0 0 0 0.891727 0.452573 0 -0.452573 0.891727 2420.dat
1 71 301.124 -231.085 -263.842 -1 0 0 0 0.891727 -0.452573 0 -0.452573 -0.891727 2420.dat
1 71 271.124 -230.394 -297.835 1 0 0 0 0.891727 0.452573 0 -0.452573 0.891727 64799.dat
1 0 241.124 -223.152 -301.509 0 0 1 -0.441719 0.897153 0 -0.897153 -0.441719 0 3023.dat
1 71 241.125 -211.524 -296.547 0 0 1 -0.441719 0.897153 0 -0.897153 -0.441719 0 4085c.dat
1 71 241.125 -220.358 -314.49 0 0 1 -0.441719 0.897153 0 -0.897153 -0.441719 0 4085c.dat
1 0 301.124 -223.26 -301.455 0 0 -1 0.452573 0.891727 0 0.891727 -0.452573 0 3023.dat
1 71 301.124 -216.126 -305.076 0 0 -1 0.452573 0.891727 0 0.891727 -0.452573 0 3023.dat
1 71 281.124 -272.506 -310.103 -1 0 0 0 0.891727 -0.452573 0 -0.452573 -0.891727 2420.dat
1 0 281.124 -274.424 -331.559 0 0 -1 0.452573 0.891727 0 0.891727 -0.452573 0 6141.dat
1 71 281.114 -263.538 -327.606 0 0 1 -0.452573 0.891727 0 -0.891727 -0.452573 0 18677.dat
1 71 241.124 -258.929 -283.351 0 0 -1 0.452573 0.891727 0 0.891727 -0.452573 0 3710.dat
1 71 271.124 -245.352 -256.6 -1 0 0 0 0.891727 -0.452573 0 -0.452573 -0.891727 14704.dat
1 71 301.124 -273.197 -276.11 0 0 -1 0.452573 0.891727 0 0.891727 -0.452573 0 3710.dat
1 71 241.124 -287.464 -268.869 0 0 -1 0.452573 0.891727 0 0.891727 -0.452573 0 45677.dat
1 71 271.124 -259.62 -249.359 -1 0 0 0 0.891727 -0.452573 0 -0.452573 -0.891727 3023.dat
1 14 241.124 -280.33 -272.491 0 0 -1 0.452573 0.891727 0 0.891727 -0.452573 0 3023.dat
1 71 301.124 -201.858 -312.317 0 0 -1 0.452573 0.891727 0 0.891727 -0.452573 0 3023.dat
1 0 301.124 -194.725 -315.938 0 0 -1 0.452573 0.891727 0 0.891727 -0.452573 0 60478.dat
1 71 241.125 -201.587 -312.587 0 0 -1 0.441719 0.897153 0 0.897153 -0.441719 0 3023.dat
1 0 241.125 -194.41 -316.12 0 0 -1 0.441719 0.897153 0 0.897153 -0.441719 0 60478.dat
1 71 241.124 -268.671 -267.193 0 0 -1 0.452573 0.891727 0 0.891727 -0.452573 0 2420.dat
1 71 221.124 -273.197 -276.111 0 0 1 -0.452573 0.891727 0 -0.891727 -0.452573 0 85984.dat
1 71 221.125 -190.888 -329.338 0 0 -1 0.452578 0.891725 0 0.891725 -0.452578 0 3957b.dat
1 71 301.124 -253.713 -308.428 0 0 -1 0.452574 0.891727 0 0.891727 -0.452574 0 3023.dat
1 71 221.125 -181.918 -311.124 0 0 -1 0.44172 0.897153 0 0.897153 -0.44172 0 3957b.dat
1 0 291.119 -147.533 -400 1 0 0 0 1 0 0 0 1 2780.dat
1 0 281.12 -157.505 -417.615 0 -1 0 -0.880753 0 -0.473575 0.473575 0 -0.880753 32523.dat
1 0 271.12 -166.976 -435.23 1 0 0 0 0.880756 0.473571 0 -0.473571 0.880756 2780.dat
1 0 231.12 -166.976 -435.23 0 1 0 0.473571 0 0.880756 0.880756 0 -0.473571 30374.dat
1 0 261.12 -213.965 -452.366 0 0 -1 -0.951206 -0.308555 0 -0.308555 0.951206 0 3743.dat
1 0 271.12 -216.434 -444.757 1 0 0 0 -0.308555 -0.951206 0 0.951206 -0.308555 3031.dat
1 0 281.12 -213.964 -452.366 0 0 -1 -0.951206 -0.308555 0 -0.308555 0.951206 0 3743.dat
1 0 241.12 -194.941 -446.195 0 0 1 0.951206 -0.308555 0 0.308556 0.951206 0 63868.dat
1 0 301.12 -194.941 -446.195 0 0 1 0.951206 -0.308555 0 0.308556 0.951206 0 63868.dat
1 0 261.12 -157.505 -417.615 0 -1 0 -0.88076 0 -0.473562 0.473562 0 -0.88076 32523.dat
1 0 271.12 -157.505 -417.615 1 0 0 0 0.880757 0.473569 0 -0.473569 0.880757 2780.dat
1 0 251.12 -148.034 -400 1 0 0 0 0.969732 0.244173 0 -0.244173 0.969732 2780.dat
1 0 251.119 -147.534 -280 1 0 0 0 1 0 0 0 1 2780.dat
1 4 261.12 -148.033 -260 0 -1 0 -1 0 0 0 0 -1 32316.dat
1 72 281.12 -148.033 -260 0 0 -1 0.344826 0.938667 0 0.938667 -0.344826 0 3648b.dat
1 70 281.12 -148.033 -260 -1 0 0 0 0.938667 -0.344826 0 -0.344826 -0.938667 24316.dat
1 72 281.12 -148.033 -220 0 0 -1 0 1 0 1 0 0 10928.dat
1 70 319.12 -147.533 -220 -1 0 0 0 1 0 0 0 -1 15462.dat
1 14 316.12 -148.033 -220 0 0 -1 0 1 0 1 0 0 32123a.dat
1 72 331.12 -148.033 -220 0 0 1 0 1 0 -1 0 0 3648b.dat
1 14 346.12 -148.033 -220 0 0 -1 0 1 0 1 0 0 32123a.dat
1 0 221.12 -147.533 -420 0 0 1 0 1 0 -1 0 0 2780.dat
1 0 221.12 -128.033 -410 0 0 -1 0 1 0 1 0 0 32557.dat
1 0 181.12 -108.033 -420 -1 0 0 0 0 1 0 1 0 32054.dat
1 4 221.12 -108.033 -420 -1 0 0 0 0 1 0 1 0 11214.dat
1 71 181.12 -154.33 -438.885 0 -1 0 0.377706 0 0.925925 -0.925925 0 0.377706 30553.dat
1 4 181.12 -135.811 -431.331 0 1 0 -0.925926 0 -0.377706 -0.377706 0 0.925926 32062.dat
1 71 181.12 -108.033 -420 1 0 0 0 0.377706 0.925926 0 -0.925926 0.377706 32013.dat
1 0 161.119 -176.922 -448.101 1 0 0 0 -0.925926 0.377706 0 -0.377706 -0.925926 3623.dat
1 0 161.119 -169.515 -445.079 1 0 0 0 -0.925926 0.377706 0 -0.377706 -0.925926 44300.dat
1 0 161.12 -115.063 -407.729 0 0 1 -0.262019 0.965063 0 -0.965063 -0.262019 0 18677.dat
1 71 151.12 -117.061 -386.463 0 0 1 -0.262019 0.965063 0 -0.965063 -0.262019 0 18980.dat
1 0 161.12 -104.1 -369.257 0 0 -1 0.262019 0.965063 0 0.965063 -0.262019 0 18677.dat
1 72 141.12 -124.782 -384.366 0 0 -1 0.262019 0.965063 0 0.965063 -0.262019 0 2412b.dat
1 72 161.12 -124.782 -384.366 0 0 -1 0.262019 0.965063 0 0.965063 -0.262019 0 2412b.dat
1 72 161.12 -132.643 -413.318 0 0 1 -0.262019 0.965063 0 -0.965063 -0.262019 0 25269.dat
1 72 161.119 -116.921 -355.414 -1 0 0 0 0.965063 -0.262019 0 -0.262019 -0.965063 25269.dat
1 71 181.119 -91.7902 -362.444 -1 0 0 0 0.615662 0.78801 0 0.78801 -0.615662 87082.dat
1 0 201.119 -100.153 -356.156 0 -1 0 -0.615662 0 0.78801 -0.78801 0 -0.615662 43857.dat
1 0 211.12 -107.533 -350 1 0 0 0 1 0 0 0 1 2780.dat
1 0 321.12 -147.533 -420 0 0 1 0 1 0 -1 0 0 2780.dat
1 0 321.12 -128.033 -410 0 0 -1 0 1 0 1 0 0 32557.dat
1 4 321.12 -108.033 -420 1 0 0 0 0 1 0 -1 0 11214.dat
1 0 361.12 -108.033 -420 1 0 0 0 0 1 0 -1 0 32054.dat
1 71 361.12 -108.033 -420 0 1 0 1 0 0 0 0 -1 18654.dat
1 0 381.12 -115.063 -407.729 0 0 1 -0.262019 0.965063 0 -0.965063 -0.262019 0 18677.dat
1 71 391.12 -117.022 -386.68 0 0 -1 0.262019 0.965063 0 0.965063 -0.262019 0 18980.dat
1 72 381.12 -124.743 -384.583 0 0 -1 0.262019 0.965063 0 0.965063 -0.262019 0 2412b.dat
1 72 401.12 -124.743 -384.583 0 0 -1 0.262019 0.965063 0 0.965063 -0.262019 0 2412b.dat
1 0 381.12 -104.061 -369.474 0 0 -1 0.262019 0.965063 0 0.965063 -0.262019 0 18677.dat
1 72 381.12 -132.603 -413.535 1 0 0 0 0.965063 0.262019 0 -0.262019 0.965063 25269.dat
1 71 361.12 -91.7902 -362.444 -1 0 0 0 0.629321 0.777146 0 0.777146 -0.629321 87082.dat
1 0 341.12 -100.153 -356.156 0 -1 0 -0.615662 0 0.78801 -0.78801 0 -0.615662 43857.dat
1 0 331.12 -108.033 -349.999 1 0 0 0 1 0 0 0 1 2780.dat
1 72 381.12 -116.882 -355.631 0 0 -1 0.262019 0.965063 0 0.965063 -0.262019 0 25269.dat
1 71 361.12 -175.786 -430.736 -1 0 0 0 0.678925 -0.734208 0 -0.734208 -0.678925 32013.dat
1 4 361.12 -153.76 -410.368 0 0 1 -0.734208 0.678925 0 -0.678925 -0.734208 0 32062.dat
1 71 361.12 -139.076 -396.789 -1 0 0 0 0.678925 -0.734208 0 -0.734208 -0.678925 30553.dat
1 1 371.12 -175.786 -430.736 1 0 0 0 -0.734208 0.678925 0 -0.678925 -0.734208 43093.dat
1 0 391.12 -175.785 -430.736 0 0 -1 0.734208 0.678925 0 0.678925 -0.734208 0 59443.dat
1 71 231.119 -147.534 -360 1 0 0 0 1 0 0 0 1 3673.dat
1 0 221.119 -165.533 -359.999 0 0 -1 0 1 0 1 0 0 3024.dat
1 71 221.119 -157.533 -349.999 0 0 -1 0 1 0 1 0 0 32000.dat
1 71 221.119 -133.533 -339.999 0 0 -1 0 1 0 1 0 0 3623.dat
1 71 221.12 -157.534 -320 0 0 -1 0 1 0 1 0 0 6541.dat
1 0 221.119 -165.533 -330 0 0 1 0 1 0 -1 0 0 11458.dat
1 71 183.119 -172.033 -340.001 0 1 0 0 0 1 1 0 0 14769.dat
1 71 191.119 -172.033 -340.001 0 1 0 0 0 1 1 0 0 4032a.dat
1 71 199.119 -172.033 -340 0 1 0 0 0 1 1 0 0 4032a.dat
1 1 211.119 -171.534 -340 -1 0 0 0 0 1 0 1 0 43093.dat
1 71 241.119 -137.533 -339.999 0 0 -1 1 0 0 0 -1 0 2853.dat
1 71 271.119 -148.034 -340 0 0 -1 -1 0 0 0 1 0 2853.dat
1 4 321.119 -148.034 -340 1 0 0 0 1 0 0 0 1 3705.dat
1 71 321.119 -148.033 -340 0 0 -1 1 0 0 0 -1 0 94925.dat
1 14 276.119 -156.189 -331.609 0 -1 0 0.419563 0 -0.907726 0.907726 0 0.419563 32017.dat
1 1 261.119 -192.497 -314.826 -1 0 0 0 -0.907726 0.419564 0 0.419564 0.907726 4274.dat
1 71 271.119 -246.961 -289.653 0 0 -1 -0.907725 0.419566 0 0.419566 0.907725 0 61510.dat
1 71 271.119 -228.807 -298.044 0 0 -1 -0.907725 0.419566 0 0.419566 0.907725 0 4519.dat
1 71 271.12 -228.806 -298.044 0 0 -1 -0.907725 0.419566 0 0.419566 0.907725 0 61510.dat
1 0 271.12 -210.652 -306.435 1 0 0 0 0.419565 -0.907726 0 0.907726 0.419565 32126.dat
1 14 266.119 -156.108 -348.563 0 -1 0 0.428153 0 0.903706 -0.903706 0 0.428153 32017.dat
1 1 281.12 -192.256 -365.689 1 0 0 0 -0.903706 0.428154 0 -0.428154 -0.903706 4274.dat
1 71 271.119 -246.478 -391.378 0 0 -1 0.903707 0.428152 0 0.428152 -0.903707 0 61510.dat
1 71 271.119 -228.404 -382.815 0 0 -1 0.903707 0.428152 0 0.428152 -0.903707 0 4519.dat
1 71 271.119 -228.405 -382.815 0 0 -1 0.903707 0.428152 0 0.428152 -0.903707 0 61510.dat
1 0 271.119 -210.331 -374.252 -1 0 0 0 0.428154 -0.903706 0 -0.903706 -0.428154 32126.dat
1 71 231.119 -147.534 -320 1 0 0 0 1 0 0 0 1 3673.dat
1 71 181.62 -168.034 -209.999 0 0 -1 1 0 0 0 -1 0 18654.dat
1 0 301.12 -227.533 -220 1 0 0 0 1 0 0 0 1 2780.dat
1 71 181.62 -128.034 -300 0 -1 0 0 0 1 -1 0 0 62462.dat
1 71 181.62 -128.034 -330 0 0 -1 1 0 0 0 -1 0 18654.dat
1 71 371.12 -147.533 -340 0 1 0 -1 0 0 0 0 1 18674.dat
1 71 379.12 -148.033 -340 0 1 0 -1 0 0 0 0 1 2654.dat
1 71 181.62 -128.034 -260 0 -1 0 0 0 1 -1 0 0 62462.dat
1 71 201.12 -167.533 -250 1 0 0 0 0 1 0 -1 0 87082.dat
1 1 271.12 -227.533 -200 -1 0 0 0 1 0 0 0 -1 6558.dat
1 4 271.12 -208.033 -200 0 1 0 0 0 -1 -1 0 0 32523.dat
1 72 271.12 -188.033 -200 -1 0 0 0 0 1 0 1 0 11214.dat
1 0 241.12 -187.534 -250 1 0 0 0 1 0 0 0 1 18651.dat
1 0 321.12 -103.533 -280 0 0.0523135 -0.998631 1 0 0 0 -0.998631 -0.0523133 53586.dat
1 4 410.045 -103.665 -295.369 0.998631 0 -0.0523125 0 1 0 0.0523125 0 0.998631 32062.dat
1 0 432.026 -103.533 -294.218 -0.0523131 0 -0.998631 0 1 0 0.998631 0 -0.0523131 59443.dat
1 71 461.985 -123.533 -292.649 0.0523131 -0.998631 0 0 0 1 -0.998631 -0.0523131 0 3713.dat
1 0 461.985 -103.533 -292.649 0.0523131 0 0.998631 0 1 0 -0.998631 0 0.0523131 10197.dat
1 72 271.12 -188.033 -180 -1 0 0 0 0 1 0 1 0 11214.dat
1 1 291.119 -147.533 -200 -1 0 0 0 0 1 0 1 0 4274.dat
1 0 231.12 -178.034 -180 0 -1 0 0 0 -1 1 0 0 3069b.dat
1 71 331.369 -148.033 0 0 0 -1 -0.0697586 0.997564 0 0.997564 0.0697586 0 3649.dat
1 72 336.369 -148.033 0 1 0 0 0 0.997564 -0.0697586 0 0.0697586 0.997564 59426.dat
1 71 353.119 -148.033 0 0 0 1 -0.997564 0.0697588 0 -0.0697588 -0.997564 0 3713.dat
1 71 388.119 -148.033 0 0 0 -1 -0.0697586 0.997564 0 0.997564 0.0697586 0 32123a.dat
1 0 313.119 -148.033 0 0 -1 0 -0.997564 0 0.0697591 -0.0697591 0 -0.997564 32523.dat
1 1 259.12 -149.425 19.9035 1 0 0 0 0.0697585 0.997564 0 -0.997564 0.0697585 43093.dat
1 71 291.12 -149.425 19.9032 1 0 0 0 0.0697585 0.997564 0 -0.997564 0.0697585 32054.dat
1 71 212.12 -148.032 -0.024128 0 0 -1 -0.0697586 0.997564 0 0.997564 0.0697586 0 32123a.dat
1 72 243.12 -148.032 -0.0240997 1 0 0 0 -0.0697586 -0.997564 0 0.997564 -0.0697586 87083.dat
1 0 273.12 -148.032 -0.0241275 0 1 0 -0.0697585 0 0.997564 0.997564 0 0.0697585 18654.dat
1 1 259.12 -146.637 -19.9754 1 0 0 0 0.0697585 0.997564 0 -0.997564 0.0697585 43093.dat
1 71 291.12 -146.638 -19.9515 1 0 0 0 0.0697585 0.997564 0 -0.997564 0.0697585 32054.dat
1 71 361.12 -188.539 -34.3448 1 0 0 0 -0.514159 0.857695 0 -0.857695 -0.514159 4274.dat
1 0 369.12 -188.508 -34.363 0 -1 0 0.514159 0 -0.857695 0.857695 0 0.514159 63864.dat
1 0 341.12 -209.044 -68.6894 1 0 0 0 0.858613 0.512625 0 -0.512625 0.858613 2780.dat
1 0 271.12 -406.77 -428.154 1 0 0 0 0.858613 0.512625 0 -0.512625 0.858613 15573.dat
1 1 271.12 -403.411 -395.219 -1 0 0 0 0.858612 -0.512625 0 -0.512625 -0.858612 6558.dat
1 0 251.12 -352.982 -446.144 0 0 -1 -0.855859 0.517209 0 0.517209 0.855859 0 4162.dat
1 0 251.12 -297.493 -470.33 0 0 1 0.855859 0.517209 0 -0.517209 0.855859 0 32000.dat
