0 1875 Meteor Monitor
0 Name: 1875_Meteor_Monitor.ldr
0 Author: LEGO
0 bassfoundation@yahoo.com
0 ROTATION CENTER 0 0 0 1 "Custom" 
0 ROTATION CONFIG 0 0
1 0 -30 0 0 0 0 1 0 1 0 -1 0 0 2419.dat
1 0 30 0 0 0 0 -1 0 1 0 1 0 0 2419.dat
1 15 -30 -8 20 0 0 -1 0 1 0 1 0 0 3023.dat
1 15 30 -8 20 0 0 -1 0 1 0 1 0 0 3023.dat
1 15 0 -8 50 1 0 0 0 1 0 0 0 1 3710.dat
1 15 30 -8 -20 0 0 1 0 1 0 -1 0 0 4276b.dat
1 15 -30 -8 -20 0 0 1 0 1 0 -1 0 0 4276b.dat
1 0 -30 -29 -75 0 0 1 0.707107 0.707107 0 -0.707107 0.707107 0 2433.dat
1 36 -30 -34.657 -80.657 1 0 0 0 0.707107 -0.707107 0 0.707107 0.707107 4073.dat
1 0 30 -29 -75 0 0 1 0.707107 0.707107 0 -0.707107 0.707107 0 2433.dat
1 36 30 -34.657 -80.657 1 0 0 0 0.707107 -0.707107 0 0.707107 0.707107 4073.dat
1 0 0 -8 -30 1 0 0 0 1 0 0 0 1 4598.dat
1 0 30 -32 40 0 0 -1 0 1 0 1 0 0 3937.dat
1 0 30 -32 0 0 0 -1 0 1 0 1 0 0 3937.dat
1 0 -30 -32 40 0 0 1 0 1 0 -1 0 0 3937.dat
1 0 0 -29 -32 1 0 0 0 1 0 0 0 1 fig_blacktronI_recline1.ldr
1 0 -30 -32 0 0 0 1 0 1 0 -1 0 0 3937.dat
1 0 35 -31 40 0 -0.5 0.866025 0 0.866025 0.5 -1 0 0 3938.dat
1 0 35 -31 0 0 -0.5 0.866025 0 0.866025 0.5 -1 0 0 3938.dat
1 0 71 -93.354 60 0.866025 -0.5 0 0.5 0.866025 0 0 0 1 2340.dat
1 0 79 -107.21 60 0.866025 -0.5 0 0.5 0.866025 0 0 0 1 4595.dat
1 36 74 -98.55 24 0.866025 0 -0.5 0.5 0 0.866025 0 -1 0 4740.dat
1 0 -35 -31 40 0 0.5 0.866025 0 0.866025 -0.5 -1 0 0 3938.dat
1 0 -35 -31 0 0 0.5 0.866025 0 0.866025 -0.5 -1 0 0 3938.dat
1 0 -71 -93.354 60 0.866025 0.5 0 -0.5 0.866025 0 0 0 1 2340.dat
1 0 -79 -107.21 60 0.866025 0.5 0 -0.5 0.866025 0 0 0 1 4595.dat
1 36 -74 -98.55 24 0.866025 0 0.5 -0.5 0 0.866025 0 -1 0 4740.dat
0
