0 1916 Starion Patrol
0 Name: 1916_Starion_Patrol.ldr
0 Author: LEGO
0 bassfoundation@yahoo.com
0 ROTATION CENTER 0 0 0 1 "Custom" 
0 ROTATION CONFIG 0 0
1 7 0 0 -40 1 0 0 0 1 0 0 0 1 4032a.dat
1 7 0 0 30 1 0 0 0 1 0 0 0 1 2419.dat
1 4 0 -8 0 0 0 1 0 1 0 -1 0 0 3795.dat
1 0 0 -16 -30 -1 0 0 0 1 0 0 0 -1 3023.dat
1 0 10 -16 0 0 0 -1 0 1 0 1 0 0 2540.dat
1 0 -10 -16 0 0 0 1 0 1 0 -1 0 0 2540.dat
1 7 0 -24 10 -1 0 0 0 1 0 0 0 -1 30244.dat
1 7 0 -16 -60 1 0 0 0 1 0 0 0 1 4859.dat
1 0 0 -24 -40 1 0 0 0 1 0 0 0 1 3068bp69.dat
1 7 10 -24 -10 0.866025 0 0.5 0 1 0 -0.5 0 0.866025 4592.dat
1 7 10 -24 -10 0.866025 -0.25 0.433013 0 0.866025 0.5 -0.5 -0.433013 0.75 4593.dat
1 7 -10 -24 -10 0.866025 0 -0.5 0 1 0 0.5 0 0.866025 4592.dat
1 7 -10 -24 -10 0.866025 0.25 -0.433013 0 0.866025 0.5 0.5 -0.433013 0.75 4593.dat
1 0 58 -43 -4 0.707107 0 0.707107 0.707107 0 -0.707107 0 1 0 4735.dat
1 4 58 -43 -28 0.707107 0 0.707107 0.707107 0 -0.707107 0 1 0 6188.dat
1 7 58 -43 12 0.707107 0 0.707107 0.707107 0 -0.707107 0 1 0 4588.dat
1 0 -58 -43 -4 0.707107 0 -0.707107 -0.707107 0 -0.707107 0 1 0 4735.dat
1 4 -58 -43 -28 0.707107 0 -0.707107 -0.707107 0 -0.707107 0 1 0 6188.dat
1 7 -58 -43 12 0.707107 0 -0.707107 -0.707107 0 -0.707107 0 1 0 4588.dat
1 4 0 -29 48 1 0 0 0 1 0 0 0 1 fig_spacepoliceII_arms.ldr
0
