0 FILE 1958 - Windsurfer.ldr
0 1958 - Windsurfer
0 Author: Darats
0 Official Model
0 ROTATION CENTER 0 0 0 1 "Custom" 
0 ROTATION CONFIG 0 0
1 0 0 0 0 0 0 1 0 1 0 -1 0 0 Windsurf.ldr
1 0 -150 0 -100 0 0 1 0 1 0 -1 0 0 Floater 1.ldr
1 0 90 0 70 0 0 1 0 1 0 -1 0 0 Floater 2.ldr
0
0 FILE Floater 1.ldr
0 Floater 1
0 ROTATION CENTER 0 0 0 1 "Custom" 
0 ROTATION CONFIG 0 0
1 0 0 0 0 1 0 0 0 1 0 0 0 1 2654.dat
1 4 0 -8 0 1 0 0 0 1 0 0 0 1 4032a.dat
1 15 0 -32 0 1 0 0 0 1 0 0 0 1 3062b.dat
1 4 0 -40 0 1 0 0 0 1 0 0 0 1 6141.dat
1 15 0 -48 0 1 0 0 0 1 0 0 0 1 6141.dat
1 36 0 -56 0 1 0 0 0 1 0 0 0 1 6141.dat
0
0 FILE Floater 2.ldr
0 Floater 2
0 ROTATION CENTER 0 0 0 1 "Custom" 
0 ROTATION CONFIG 0 0
1 0 0 0 0 1 0 0 0 1 0 0 0 1 2654.dat
1 4 0 -8 0 1 0 0 0 1 0 0 0 1 4032a.dat
1 15 0 -32 0 1 0 0 0 1 0 0 0 1 3062b.dat
1 4 0 -40 0 1 0 0 0 1 0 0 0 1 6141.dat
1 15 0 -48 0 1 0 0 0 1 0 0 0 1 6141.dat
1 34 0 -56 0 1 0 0 0 1 0 0 0 1 6141.dat
0 
0
0 FILE Windsurf.ldr
0 Windsurf
0 ROTATION CENTER 0 0 0 1 "Custom" 
0 ROTATION CONFIG 0 1
1 4 0 0 0 -1 0 0 0 1 0 0 0 -1 6075.dat
1 0 0 -3 -50 0.961325 -0.0166301 0.274914 -0.00759612 0.996195 0.0868241 -0.275312 -0.0855544 0.95754 Windsurf - Sail.ldr
1 0 -10 -72 10 0 0 -1 0 1 0 1 0 0 Minifig.ldr
0
0 FILE Windsurf - Sail.ldr
0 Windsurf - Sail
0 ROTATION CENTER 0 0 0 1 "Custom" 
0 ROTATION CONFIG 1 1
1 47 0 -50 0 1 0 0 0 1 0 0 0 1 u66p01c02.dat
1 15 0 -50 0 1 0 0 0 0 -1 0 1 0 476.dat
1 15 0 -50 -14 1 0 0 0 0 1 0 -1 0 4095.dat
0
0 FILE Minifig.ldr
0 Minifig
0 ROTATION CENTER 0 0 0 1 "Custom" 
0 ROTATION CONFIG 0 0
1 0 0 -24.274 15.449 0.924 0 0.383 -0.084 0.975 0.204 -0.373 -0.221 0.901 3901.dat
1 14 0 -24.274 15.449 0.924 0 0.383 -0.084 0.975 0.204 -0.373 -0.221 0.901 3626bp7e.dat
1 14 0 1.085 9.71 1 0 0 0 0.975 0.221 0 -0.221 0.975 2610.dat
1 2 0 1.085 9.71 1 0 0 0 0.975 0.221 0 -0.221 0.975 973p73.dat
1 2 0 32.296 2.649 1 0 0 0 0.975 0.221 0 -0.221 0.975 3815.dat
1 15 -15.552 9.863 7.725 0.985 -0.163 -0.05 0.166 0.854 0.492 -0.037 -0.493 0.869 3818.dat
1 15 15.552 9.863 7.725 0.985 0.098 0.139 -0.166 0.37 0.914 0.038 -0.924 0.381 3819.dat
1 14 -23.211 19.95 -10.299 -0.116 -0.99 0.08 0.957 -0.133 -0.256 0.264 0.047 0.962 3820.dat
1 14 21.066 6.519 -13.345 0.985 0.167 0.03 -0.166 0.908 0.384 0.038 -0.383 0.923 3820.dat
1 2 0 44 0 1 0 0 0 1 0 0 0 1 3816.dat
1 2 0 44 0 1 0 0 0 1 0 0 0 1 3817.dat
0
0
