0 1969 Mini Robot
0 Name: 1969_Mini_Robot.ldr
0 Author: LEGO
0 bassfoundation@yahoo.com
0 !COLOUR SandBlue CODE 64 VALUE #88A2B5 EDGE 0 ALPHA 255
0 !COLOUR Chrome CODE 65 VALUE #A1A29B EDGE 0 ALPHA 255
0 !COLOUR Silver CODE 66 VALUE #C7C7C7 EDGE 0 ALPHA 255
0 !COLOUR Gold CODE 67 VALUE #BBBD39 EDGE 0 ALPHA 255
0 ROTATION CENTER 0 0 0 1 "Custom" 
0 ROTATION CONFIG 0 0
1 7 0 0 30 1 0 0 0 1 0 0 0 1 4600.dat
1 7 0 0 -30 1 0 0 0 1 0 0 0 1 4600.dat
1 4 0 -8 -40 1 0 0 0 1 0 0 0 1 3023.dat
1 4 0 -8 10 0 0 1 0 1 0 -1 0 0 3020.dat
1 0 0 -32 0 1 0 0 0 1 0 0 0 1 3298p69.dat
1 0 0 -32 20 -1 0 0 0 1 0 0 0 -1 3039.dat
1 0 0 -40 10 -1 0 0 0 1 0 0 0 -1 3022.dat
1 7 10 -48 10 0 0 -1 0 1 0 1 0 0 2540.dat
1 7 -10 -48 10 0 0 1 0 1 0 -1 0 0 2540.dat
1 4 0 -56 10 0 0 1 0 1 0 -1 0 0 3022.dat
1 7 58 -74 14 -0.707107 0 0.707107 -0.707107 0 -0.707107 0 -1 0 4735.dat
1 7 -58 -74 14 -0.707107 0 -0.707107 0.707107 0 -0.707107 0 -1 0 4735.dat
1 7 0 -94 -10 1 0 0 0 0 1 0 -1 0 4598.dat
1 0 58 -74 -2 0.707107 0 -0.707107 0.707107 0 0.707107 0 -1 0 2433.dat
1 0 -58 -74 -2 -0.707107 0 -0.707107 0.707107 0 -0.707107 0 -1 0 2433.dat
1 0 0 -114 -2 -1 0 0 0 0 -1 0 -1 0 4590.dat
1 7 0 -74 -18 1 0 0 0 0 1 0 -1 0 3660.dat
1 7 30 -124 -18 -1 0 0 0 0 -1 0 -1 0 4740.dat
1 7 30 -124 6 -1 0 0 0 0 -1 0 -1 0 4592.dat
1 7 30 -124 8 -1 0 0 0 1 0 0 0 -1 4593.dat
1 7 -30 -124 -18 -1 0 0 0 0 -1 0 -1 0 4740.dat
1 7 -30 -124 6 -1 0 0 0 0 -1 0 -1 0 4592.dat
1 7 -30 -124 8 -1 0 0 0 1 0 0 0 -1 4593.dat
1 34 30 -124 -26 -1 0 0 0 0 -1 0 -1 0 4073.dat
1 34 -30 -124 -26 -1 0 0 0 0 -1 0 -1 0 4073.dat
1 7 30 5 -30 0 0 -1 1 0 0 0 -1 0 4624.dat
1 0 30 5 -30 0 0 -1 1 0 0 0 -1 0 3641.dat
1 7 30 5 30 0 0 -1 1 0 0 0 -1 0 4624.dat
1 0 30 5 30 0 0 -1 1 0 0 0 -1 0 3641.dat
1 7 -30 5 30 0 0 1 1 0 0 0 1 0 4624.dat
1 0 -30 5 30 0 0 1 1 0 0 0 1 0 3641.dat
1 7 -30 5 -30 0 0 1 1 0 0 0 1 0 4624.dat
1 0 -30 5 -30 0 0 1 1 0 0 0 1 0 3641.dat
1 0 111.758 -17 50.982 0.707107 0 0.707107 0 1 0 -0.707107 0 0.707107 fig_spacepoliceII_standing-arm.ldr
1 0 75.695 -36 43.205 0.94506 0.183013 -0.270866 -0.224144 0.965926 -0.12941 0.237953 0.183013 0.953879 3962a.dat
0
