0 FILE Model #1
1 70 -20 -24 -20 1 0 0 0 1 0 0 0 1 4871.dat
1 0 -30 -16 -20.000265 0.000026 0 1 0 1 0 -1 0 0.000026 92692.dat
1 0 -10 -16 -20.000265 -0.000079 0 -1 0 1 0 1 0 -0.000079 92692.dat
1 27 -20 -24 -20.001053 -0.000079 0 -1 0 1 0 1 0 -0.000079 3022.dat
1 72 -9.998425 -32 -40.000263 -0.000079 0 -1 0 1 0 1 0 -0.000079 4623.dat
1 72 -29.998425 -32 -40.002903 0.000132 0 1 0 1 0 -1 0 0.000132 4623.dat
1 71 -30.00053 -32 -0.000265 0.000026 0 1 0 1 0 -1 0 0.000026 11476.dat
1 71 -10.00053 -32 -0.000265 -0.000079 0 -1 0 1 0 1 0 -0.000079 11476.dat
1 0 -20.00106 -40 -20.001583 0.000132 0 1 0 1 0 -1 0 0.000132 3020.dat
1 72 -40.00053 -81.253571 39.999733 1 -0.000053 -0.000004 -0.000048 -0.866023 -0.500004 0.000023 0.500004 -0.866023 EXHAUST.LDR
1 72 19.99947 -81.253571 39.999733 1 -0.000053 -0.000004 -0.000048 -0.866023 -0.500004 0.000023 0.500004 -0.866023 EXHAUST.LDR
1 71 -20.004225 -40 9.998417 1 0 -0.000105 0 1 0 0.000105 0 1 85984.dat
1 0 -19.997896 -48 -50.001583 1 0 -0.000105 0 1 0 0.000105 0 1 99781.dat
1 71 -29.997896 -56 -50.002636 1 0 -0.000105 0 1 0 0.000105 0 1 4592C01.dat
1 71 -9.997896 -56 -50.002636 1 0 -0.000105 0 1 0 0.000105 0 1 4592C01.dat
1 35 -31.813749 -38.761971 -74.003685 1 -0.000105 0 0 0.000026 -1 0.000105 1 0.000026 6141.dat
1 35 -11.813749 -38.761971 -74.003685 1 -0.000105 0 0 0.000026 -1 0.000105 1 0.000026 6141.dat
1 27 -75.989708 -11.998526 -100.008972 0.000132 -1 0.000026 0 0.000026 1 -1 -0.000132 0 LEG.LDR
1 27 34.010292 -71.273369 -100.008972 -0.000132 1 0.000027 0 0.000027 -1 -1 -0.000132 0 LEG.LDR
1 27 -112.039978 24 38.838093 -0.483022 -0.836483 0.258815 0.86599 -0.500061 0 0.129423 0.224131 0.965927 LEG.LDR
1 27 -120.359451 27.448395 10.388199 -0.500061 -0.86599 0 0.86599 -0.500061 0 0 0 1 LEG.LDR
1 27 -125.034157 24.984177 -20.094751 -0.483022 -0.836483 -0.258815 0.86599 -0.500061 0 -0.129423 -0.224131 0.965927 LEG.LDR
1 27 70 37.000137 -50 0.25884 0.96592 -0.000051 0.96592 -0.25884 0.000014 0 -0.000053 -1 LEG.LDR
1 27 73.46283 37.341736 -22.544556 0.250021 0.933022 0.258765 0.96592 -0.25884 0.000014 0.066992 0.249943 -0.96594 LEG.LDR
1 27 59.855522 37.000137 -75.67997 0.250021 0.932995 -0.258864 0.96592 -0.25884 0.000014 -0.066992 -0.250046 -0.965914 LEG.LDR
0 NOFILE
0 FILE exhaust.ldr
1 35 -10 -24 -10 1 0 0 0 1 0 0 0 1 4589.dat
1 72 -10 -64 6.586508 1 -0 -0 -0 -0.49997 -0.866043 -0 0.866043 -0.49997 95199.dat
0 NOFILE
0 FILE leg.ldr
1 72 -60 -24 -30 1 0 0 0 1 0 0 0 1 76116.dat
1 27 -20.000265 -8 -30.000263 0.000026 0 1 0 1 0 -1 0 0.000026 53451.dat
0 NOFILE
