0 Name: 3057_scrambler.ldr
0 Author: marco
1  0 0 -32 42 0 0 1 -0.343234 -0.93925 0 0.93925 -0.343234 0 32062.dat
1  14 0 -35.08911 50.45325 1 0 0 0 -0.93925 0.343234 0 -0.343234 -0.93925 32039.dat
1  14 0 -40.573 69.486 -1 0 0 0 0.93925 0.343234 0 0.343234 -0.93925 32310.dat
1  0 0 -41.38968 69.929 1 0 0 0 -0.93925 0.343234 0 -0.343234 -0.93925 32062.dat
1  14 0 -21.48256 13.4112 1 0 0 0 0.99863 0.052336 0 -0.052336 0.99863 32016.dat
1  0 0 -23.57444 -26.5352 0 0 -1 0.052336 0.99863 0 0.99863 -0.052336 0 4519.dat
1  14 0 16.99276 -23.99471 1 0 0 0 0.052336 -0.99863 0 0.99863 0.052336 6632.dat
1  14 0 -24.623 -46.507 0 1 0 -0.99863 0 0.052336 0.052336 0 0.99863 32039.dat
1  14 0 15.3236 -48.601 1 0 0 0 0.052336 -0.99863 0 0.99863 0.052336 6553.dat
1  0 0 15.323 -48.601 1 0 0 0 0.052336 -0.99863 0 0.99863 0.052336 32062.dat
1  14 -15 -24.6222 -46.50756 0 -1 0 0.99863 0 0.052336 -0.052336 0 0.99863 32250.dat
1  14 15 -24.6222 -46.50756 0 -1 0 0.99863 0 0.052336 -0.052336 0 0.99863 32250.dat
1  7 0 -15.68342 -67.003 0 -1 0 -0.99863 0 -0.052336 0.052336 0 -0.99863 3749.dat
1  14 0 -6.74242 -87.49896 -1 0 0 0 0.052336 0.99863 0 0.99863 -0.052336 6536.dat
1  0 0 -6.743 -87.5 1 0 0 0 -0.052336 0.99863 0 -0.99863 -0.052336 3705.dat
1  14 -20 -66.661 -84.359 0 1 0 0.052336 0 0.99863 0.99863 0 -0.052336 2825.dat
1  14 20 -66.661 -84.359 0 -1 0 -0.052336 0 0.99863 -0.99863 0 -0.052336 2825.dat
1  7 -30 -66.661 -84.359 1 0 0 0 -0.052336 0.99863 0 -0.99863 -0.052336 3749.dat
1  7 30 -66.661 -84.359 -1 0 0 0 0.052336 0.99863 0 0.99863 -0.052336 3749.dat
1  14 -30 -6.744202 -87.5 -1 0 0 0 0.99863 -0.052336 0 -0.052336 -0.99863 6553.dat
1  14 30 -6.744202 -87.5 -1 0 0 0 0.99863 -0.052336 0 -0.052336 -0.99863 6553.dat
1  7 -30 33.2022 -89.593 -1 0 0 0 -0.052336 -0.99863 0 -0.99863 0.052336 32126.dat
1  7 30 33.2022 -89.593 1 0 0 0 0.052336 -0.99863 0 0.99863 0.052336 32126.dat
1  0 0 53.1736 -90.64 1 0 0 0 0.052336 -0.99863 0 0.99863 0.052336 4519.dat
1  7 10 53.175 -90.64 0 0 -1 -0.99863 0.052336 0 0.052336 0.99863 0 3713.dat
1  0 0 53.137 80.597 -1 0 0 0 -0.669131 0.743145 0 0.743145 0.669131 3705.dat
1  7 10 53.137 80.597 0 0 -1 -0.743145 -0.669131 0 -0.669131 0.743145 0 3713.dat
1  14 -30 53.13725 80.59686 1 0 0 0 0.669131 0.743145 0 -0.743145 0.669131 32015.dat
1  14 30 53.13725 80.59686 1 0 0 0 0.669131 0.743145 0 -0.743145 0.669131 32015.dat
1  0 -30 15.98 47.14 0 0 -1 -0.743145 -0.669131 0 -0.669131 0.743145 0 3705.dat
1  0 30 15.98 47.14 0 0 -1 -0.743145 -0.669131 0 -0.669131 0.743145 0 3705.dat
1  14 -10 8.54855 40.449 0 0 1 -0.743145 0.669131 0 -0.669131 -0.743145 0 32039.dat
1  14 10 8.54855 40.449 0 0 -1 -0.743145 -0.669131 0 -0.669131 0.743145 0 32039.dat
1  0 0 8.547 40.449 1 0 0 0 -0.669131 -0.743145 0 0.743145 -0.669131 32062.dat
1  14 -30 -20.81537 13.32303 1 0 0 0 -0.669131 -0.743145 0 0.743145 -0.669131 32016.dat
1  14 30 -20.81537 13.32303 1 0 0 0 -0.669131 -0.743145 0 0.743145 -0.669131 32016.dat
1  0 0 -21.178 13.684 1 0 0 0 -0.669131 -0.743145 0 0.743145 -0.669131 32073.dat
1  7 -45 -21.178 13.684 0 0 1 0.743145 -0.669131 0 0.669131 0.743145 0 32123A.dat
1  7 45 -21.178 13.684 0 0 1 0.743145 -0.669131 0 0.669131 0.743145 0 32123A.dat
1  7 -30 -34.05149 -13.41342 0 0 -1 0.427894 0.903828 0 0.903828 -0.427894 0 2736.dat
1  7 30 -34.05149 -13.41342 0 0 -1 0.427894 0.903828 0 0.903828 -0.427894 0 2736.dat
1  256 0 53.175 -90.64 0 0 -1 -0.99863 0.052336 0 0.052336 0.99863 0 32193.dat
1  256 0 53.137 80.597 0 0 -1 -0.743145 -0.669131 0 -0.669131 0.743145 0 32193.dat

