0 30571 A
0 Author: marco9999
0 ROTATION CENTER 0 0 0 1 "Custom" 
0 ROTATION CONFIG 0 0
1 14 0 -120.483 -50.28 1 0 0 0 0.754563 -0.656228 0 0.656228 0.754563 61252.dat
1 191 1.88108e-005 -121.009 -37.4845 -1 0 0 0 0.754563 0.656228 0 0.656228 -0.754563 11477.dat
1 71 0 -86.0001 -66 -1 0 0 0 0 1 0 1 0 26047.dat
1 191 0 -76.0001 -58 1 0 0 0 0 -1 0 1 0 11477.dat
1 15 0 -86.0001 -58 1 0 0 0 0 -1 0 1 0 3623.dat
1 15 0 -96 -40 1 0 0 0 1 0 0 0 1 11211.dat
1 15 1.2666e-005 -104 -40 -1 0 0 0 1 0 0 0 -1 27261.dat
1 15 0 -72 -30 1 0 0 0 1 0 0 0 1 4032a.dat
1 15 10 -64 -40 0 0 -1 0 1 0 1 0 0 6541.dat
1 15 -10 -64 -40 0 0 -1 0 1 0 1 0 0 6541.dat
1 15 0 -88 -20 1 0 0 0 1 0 0 0 1 3023.dat
1 15 0 -40 -40 1 0 0 0 1 0 0 0 1 3023.dat
1 15 0 -80 -20 -1 0 0 0 1 0 0 0 -1 2540.dat
1 15 0 -64 -20 1 0 0 0 1 0 0 0 1 3004.dat
1 0 9.99999 -40 -10 0 0 -1 0 1 0 1 0 0 30136.dat
1 15 0 -32.0001 -10 1 0 0 0 1 0 0 0 1 4871.dat
1 0 -10 -40 -10 0 0 -1 0 1 0 1 0 0 30136.dat
1 19 0 -8.00005 -10 1 0 0 0 1 0 0 0 1 3020.dat
1 0 0 -48 -2.92222e-005 -1 0 0 0 1 0 0 0 -1 27261.dat
1 15 20 -86.0001 -66 1 0 0 0 0 -1 0 1 0 98138p0b.dat
1 15 -20 -86.0001 -66 1 0 0 0 0 -1 0 1 0 98138p0b.dat
1 0 20 -54.5001 -40 -1 0 0 0 1 0 0 0 -1 6628.dat
1 0 -20 -54.5001 -40 1 0 0 0 1 0 0 0 1 6628.dat
1 15 57.5452 -54.5364 -14.677 -0.243809 -0.965427 -0.0922411 -0.307074 -0.0133707 0.951592 -0.919925 0.260331 -0.293197 26601.dat
1 1 53.1823 -61.0885 -0.463109 -0.243809 -0.965427 -0.0922412 -0.307074 -0.0133706 0.951592 -0.919926 0.260331 -0.293197 2450.dat
1 71 41.176 -45.2344 -13.4437 -0.243809 -0.965427 -0.0922412 -0.307074 -0.0133707 0.951592 -0.919925 0.260331 -0.293198 14418.dat
1 25 64.8595 -45.3241 12.9208 0.0922415 -0.965427 -0.243808 -0.951592 -0.013371 -0.307074 0.293198 0.260331 -0.919926 3023.dat
1 15 -60.2564 -54.844 -17.99 -0.125437 0.929387 -0.34714 -0.955505 -0.0190134 0.294362 0.266976 0.368618 0.890418 26601.dat
1 1 -57.5471 -61.6075 -3.46715 -0.125437 0.929387 -0.34714 -0.955505 -0.0190134 0.294362 0.266976 0.368618 0.890418 2450.dat
1 71 -44.1318 -45.5932 -14.7619 0.34714 0.929387 -0.125437 -0.294362 -0.0190133 -0.955505 -0.890419 0.368618 0.266975 14418.dat
1 25 -70.6706 -46.0132 8.72252 -0.125437 0.929387 -0.34714 -0.955505 -0.0190134 0.294362 0.266976 0.368618 0.890418 3023.dat
1 191 -30 -4.84288e-005 -30 1 0 0 0 1 0 0 0 1 11477.dat
1 191 30 -4.84288e-005 -30 1 0 0 0 1 0 0 0 1 11477.dat
0
