0 30578 C
0 Author: LEGO Digital Designer 4.3
0 ROTATION CENTER 0 0 0 1 "Custom" 
0 ROTATION CONFIG 0 0
1 70 23.9999 -206.286 -138.689 1 0 0 0 0.995697 -0.0926723 0 0.0926723 0.995697 35480.dat
1 84 23.9999 -207.213 -128.732 1 0 0 0 0.995697 -0.092671 0 0.092671 0.995697 15068.dat
1 84 13.9999 -216.105 -119.516 0 0 1 0.0926719 0.995697 0 -0.995697 0.0926719 0 36840.dat
1 15 -8 -218.096 -119.701 0 1 0 -0.769596 0 0.638531 0.638531 0 0.769596 98138p07.dat
1 0 23.9999 -208.139 -118.775 -1 0 0 0 0.995697 0.0926719 0 0.0926719 -0.995697 48336.dat
1 84 33.9999 -216.105 -119.516 0 0 -1 -0.0926719 0.995697 0 0.995697 0.0926719 0 36840.dat
1 15 56 -218.096 -119.701 0 -1 0 0.995696 0 -0.0926767 0.0926767 0 0.995696 98138p07.dat
1 0 64 -178.396 -91.6113 0 0 -1 -0.999565 -0.0295089 0 -0.029509 0.999565 0 63868.dat
1 0 64 -168.165 -99.3127 1 0 0 0 -0.0295089 -0.999565 0 0.999565 -0.0295089 11212.dat
1 84 64 -157.933 -107.014 0 0 -1 -0.999565 -0.0295089 0 -0.029509 0.999565 0 2431.dat
1 19 24 -188.156 -99.9029 -1 0 0 0 -0.0295088 0.999565 0 0.999565 0.0295089 61252.dat
1 0 24 -177.924 -107.604 0 0 -1 -0.999565 -0.0295088 0 -0.0295089 0.999565 0 3023.dat
1 0 24 -168.401 -91.3162 1 0 0 0 -0.0295088 -0.999565 0 0.999565 -0.0295088 11212.dat
1 84 24 -158.169 -99.0177 0 0 1 0.999565 -0.0295088 0 0.0295089 0.999565 0 60478.dat
1 0 -16 -168.165 -99.3128 1 0 0 0 -0.0295089 -0.999565 0 0.999565 -0.0295089 11212.dat
1 0 -16 -178.396 -91.6114 0 0 -1 -0.999565 -0.0295089 0 -0.029509 0.999565 0 63868.dat
1 84 -16 -157.933 -107.014 0 0 -1 -0.999565 -0.0295089 0 -0.029509 0.999565 0 2431.dat
1 70 64 -128.182 -98.1324 1 0 0 0 -0.0295089 -0.999565 0 0.999565 -0.0295089 24201.dat
1 70 -16 -128.182 -98.1324 1 0 0 0 -0.0295089 -0.999565 0 0.999565 -0.0295089 24201.dat
1 84 24 -103.851 -114.866 0 0 -1 0.902031 -0.431671 0 -0.431671 -0.902031 0 60478.dat
1 70 24 -100.398 -107.65 0 0 1 -0.902031 -0.431671 0 0.431671 -0.902031 0 63868.dat
1 84 23.9999 -96.9442 -100.433 0 0 -1 0.902031 -0.431671 0 -0.431671 -0.902031 0 60478.dat
1 0 23.9999 -105.965 -96.1167 1 0 0 0 -0.431671 0.902031 0 -0.902031 -0.431671 50746.dat
1 84 23.9999 -87.9239 -104.75 0 0 -1 0.902031 -0.431671 0 -0.431671 -0.902031 0 49307.dat
1 70 23.9999 -49.0078 -94.1781 0 0 1 -0.76083 0.648952 0 -0.648952 -0.76083 0 63868.dat
1 84 23.9999 -54.1995 -88.0915 0 0 -1 0.76083 0.648952 0 0.648952 -0.76083 0 60478.dat
1 84 23.9999 -43.8162 -100.265 0 0 -1 0.76083 0.648952 0 0.648952 -0.76083 0 60478.dat
1 0 23.9999 -61.8078 -94.581 1 0 0 0 0.648952 0.760829 0 -0.760829 0.648952 50746.dat
1 84 23.9999 -46.5912 -81.602 0 0 -1 0.760829 0.648952 0 0.648952 -0.760829 0 49307.dat
1 0 23.9998 -40 -50.0001 1 0 0 0 1 0 0 0 1 50746.dat
1 84 23.9998 -40 -40.0001 0 0 -1 0 1 0 1 0 0 60478.dat
1 70 23.9999 -32 -40.0001 0 0 1 0 1 0 -1 0 0 63868.dat
1 84 23.9999 -24 -40.0001 0 0 -1 0 1 0 1 0 0 60478.dat
1 0 23.9999 -16 -50.0001 1 0 0 0 1 0 0 0 1 15573.dat
1 25 24.0054 -8 -40.0001 1 0 0 0 1 0 0 0 1 60474.dat
1 0 23.9999 -16 -30.0001 1 0 0 0 1 0 0 0 1 15573.dat
1 70 23.9998 -53.5623 15.8249 0 0 1 0.459106 0.888381 0 -0.888381 0.459106 0 63868.dat
1 84 23.9998 -60.6693 12.1521 0 0 -1 -0.459106 0.888382 0 0.888381 0.459106 0 60478.dat
1 84 23.9998 -46.4552 19.4978 0 0 -1 -0.459106 0.888381 0 0.888381 0.459106 0 60478.dat
1 0 23.9998 -102.343 45.3367 0 0 1 0.96871 0.248194 0 -0.248194 0.96871 0 63868.dat
1 0 23.9998 -119.731 58.0502 -1 0 0 0 0.248194 0.96871 0 0.96871 -0.248194 29119.dat
1 0 23.9999 -63.1853 -0.404579 -1 0 0 0 0.888381 0.459106 0 0.459106 -0.888381 98138.dat
1 84 23.9999 -40 -30.0001 0 0 -1 0 1 0 1 0 0 49307.dat
1 84 24 -187.92 -107.899 0 0 -1 -0.999565 -0.0295089 0 -0.029509 0.999565 0 49307.dat
1 84 23.9999 -148.173 -98.7226 0 0 -1 -0.999565 -0.0295089 0 -0.029509 0.999565 0 49307.dat
1 84 24 -167.929 -107.309 0 0 -1 -0.999565 -0.0295089 0 -0.029509 0.999565 0 49307.dat
0
