0 30574 C
0 Author: LEGO Digital Designer 4.3
0 ROTATION CENTER 0 0 0 1 "Custom" 
0 ROTATION CONFIG 0 0
1 484 -10 -185.529 -81.951 -1 0 0 0 -1 0 0 0 1 11477.dat
1 15 -20 -209.529 -89.951 0 0 -1 -1 0 0 0 1 0 14769p0k.dat
1 484 -1.70787e-005 -219.529 -81.951 -1 0 0 0 0 1 0 1 0 32803.dat
1 25 0 -199.529 -81.951 1 0 0 0 0 -1 0 1 0 99781.dat
1 71 0 -177.529 -71.9511 1 0 0 0 -1 0 0 0 -1 14704.dat
1 15 20 -209.529 -89.951 1 0 0 0 0 -1 0 1 0 14769p0k.dat
1 484 10 -185.529 -81.951 -1 0 0 0 -1 0 0 0 1 11477.dat
1 25 -2.33168e-005 -121.709 -94.2071 0 1 0 -0.941051 0 -0.338264 -0.338264 0 0.941051 25214.dat
1 71 -2.54319e-005 -93.4776 -84.0592 0 0 1 -0.941051 0.338264 0 -0.338264 -0.941051 0 2736.dat
1 0 -3.76716e-005 -131.857 -65.9756 0 -1 0 0.338264 0 0.941051 -0.941051 0 0.338264 32062.dat
1 71 0 -170.236 -47.8919 0 0 -1 0.941051 0.338264 0 0.338264 -0.941051 0 2736.dat
1 25 0 -142.005 -37.744 0 1 0 0.941051 0 0.338265 0.338265 0 -0.941051 25214.dat
1 71 -3.05474e-005 -86.185 -60 1 0 0 0 1 0 0 0 1 14704.dat
1 15 -10 -78.185 -60 0 0 1 0 1 0 -1 0 0 60897.dat
1 15 -40.9896 -74.1851 -43.1921 0 -0.784246 -0.62045 1 0 0 0 -0.62045 0.784246 26047.dat
1 25 -56.0226 -75.0237 -37.0843 -0.411925 -0.784254 0.463965 -0.747798 0 -0.663927 0.520688 -0.620441 -0.586462 26601.dat
1 484 -10 -86.185 -50 1 0 0 0 1 0 0 0 1 11477.dat
1 484 9.99996 -86.185 -50 1 0 0 0 1 0 0 0 1 11477.dat
1 15 9.99997 -78.185 -60 0 0 -1 0 1 0 1 0 0 60897.dat
1 484 -38.0001 -8.00001 -39.9999 1 0 0 0 1 0 0 0 1 11477.dat
1 25 -38.0001 -8.00002 -39.9999 0 0 -1 0 1 0 1 0 0 3023.dat
1 25 -42.0001 -34.19 -9.99995 0 1 0 0 0 -1 -1 0 0 60897.dat
1 72 -10 -78.185 -9.99998 0 0 1 0 1 0 -1 0 0 14417.dat
1 15 -3.94881e-005 -70.185 1.33116e-005 -1 0 0 0 1 0 0 0 -1 32803.dat
1 25 9.99997 -70.185 -30 0 0 -1 0 1 0 1 0 0 3023.dat
1 25 -3.12924e-005 -86.185 -40 1 0 0 0 1 0 0 0 1 3023.dat
1 19 -3.12924e-005 -78.185 -40 1 0 0 0 1 0 0 0 1 35480.dat
1 15 -0.00561029 -102.185 -20 1 0 0 0 1 0 0 0 1 15573.dat
1 25 -2.49742e-005 -94.185 -9.99997 0 0 -1 0 1 0 1 0 0 3020.dat
1 19 -3.12924e-005 -86.185 -20 1 0 0 0 1 0 0 0 1 35480.dat
1 25 -3.12924e-005 -102.185 4.71274e-005 1 0 0 0 1 0 0 0 1 3023.dat
1 25 -10 -70.185 -30 0 0 -1 0 1 0 1 0 0 3023.dat
1 15 -3.72529e-005 -70.185 -60 1 0 0 0 1 0 0 0 1 32803.dat
1 72 9.99997 -78.185 -9.99998 0 0 -1 0 1 0 1 0 0 14417.dat
1 15 40.2838 -74.185 -42.7513 0 0.809273 0.587433 -1 0 0 0 -0.587433 0.809273 26047.dat
1 71 -34.0001 -44.19 -9.99995 0 1 0 -1 0 0 0 0 1 14418.dat
1 484 -34.0001 -44.19 -9.99995 0 1 0 0 0 1 1 0 0 11477.dat
1 15 -38.0001 -16 -29.9999 -1 0 0 0 1 0 0 0 -1 26047.dat
1 25 54.9839 -76.1637 -36.1185 0.469409 0.809273 -0.353175 0.601218 0 0.799085 0.646678 -0.587433 -0.486549 26601.dat
1 25 -10 -86.185 3.57628e-005 -1 0 0 0 1 0 0 0 -1 60897.dat
1 25 -10 -102.185 20 0 0 -1 0 1 0 1 0 0 25269.dat
1 25 9.99996 -86.185 2.38419e-005 -1 0 0 0 1 0 0 0 -1 60897.dat
1 25 9.99997 -102.185 20 -1 0 0 0 1 0 0 0 -1 25269.dat
1 71 34 -44.19 -9.99998 0 -1 0 -1 0 0 0 0 -1 14418.dat
1 484 34 -44.1901 -9.99999 0 -1 0 0 0 1 -1 0 0 11477.dat
1 15 38.0001 -16.0001 -30 -1 0 0 0 1 0 0 0 -1 26047.dat
1 25 42 -34.1901 -9.99998 0 -1 0 0 0 -1 1 0 0 60897.dat
1 484 38 -8.00005 -40 1 0 0 0 1 0 0 0 1 11477.dat
1 25 38.0001 -8.00005 -40 0 0 -1 0 1 0 1 0 0 3023.dat
0
