0 Name: 3057_rally_car.ldr
0 Author: marco
1 0 20 -29.6454 -30 1 0 0 0 1 0 0 0 1 32073.dat
1 0 45 -33.8824 9.71851 0 -1 0 -0.992963 0 0.118426 -0.118426 0 -0.992963 32250.dat
1 0 40 -74.3492 4.95179 1 0 0 0 0.992963 -0.118426 0 0.118426 0.992963 32062.dat
1 0 20 -25.1566 -69.7481 -1 0 0 0 0.992963 0.118427 0 0.118427 -0.992963 32073.dat
1 7 60 -25.1566 -69.7481 0 0 -1 0.118426 -0.992963 0 -0.992963 -0.118426 0 32126.dat
1 14 30 -25.1566 -69.7481 0 1 0 -0.992963 0 -0.118427 -0.118427 0 0.992963 2825.dat
1 0 20 -74.3492 4.95179 0 0 -1 -0.118427 0.992963 0 0.992963 0.118427 0 6538b.dat
1 0 20 -32.2622 -10.1704 -1 0 0 0 0.118427 -0.992963 0 -0.992963 -0.118427 4519.dat
1 7 20 -31.9547 -10.6372 0 0 -1 -0.118427 0.992963 0 0.992963 0.118427 0 3713.dat
1 14 35 -39.8643 49.3481 0 1 0 0.118427 0 -0.992963 -0.992963 0 -0.118427 2905.dat
1 0 20 -34.6307 9.68888 -1 0 0 0 0.992963 0.118427 0 0.118427 -0.992963 4519.dat
1 14 10 -25.1566 -69.7481 0 -1 0 0.992963 0 -0.118427 0.118427 0 0.992963 2825.dat
1 14 20 -34.6307 9.68888 -1 0 0 0 -0.118426 0.992963 0 0.992963 0.118426 6553.dat
1 0 -0.25 -74.3492 4.95178 1 0 0 0 0.992963 -0.118426 0 0.118426 0.992963 32062.dat
1 0 -5 -34.3232 9.22204 0 -1 0 -0.992963 0 0.118427 -0.118427 0 -0.992963 32250.dat
1 14 5 -39.3678 49.4074 0 1 0 0.118427 0 -0.992963 -0.992963 0 -0.118427 2905.dat
1 0 20 -44.6013 89.0667 -1 0 0 0 0.992963 0.118427 0 0.118427 -0.992963 4519.dat
1 0 45 -39.3678 49.4074 0 1 0 -0.992963 0 -0.118427 -0.118427 0 0.992963 32249.dat
1 0 20 -79.5828 44.6111 -1 0 0 0 0.992963 0.118427 0 0.118427 -0.992963 4519.dat
1 7 21 -79.0863 44.6703 0 0 -1 -0.118427 0.992963 0 0.992963 0.118427 0 3713.dat
1 7 20 -44.1048 89.1259 0 0 -1 -0.118427 0.992963 0 0.992963 0.118427 0 3713.dat
1 0 -5 -39.3678 49.4074 0 1 0 -0.992963 0 -0.118427 -0.118427 0 0.992963 32249.dat
1 7 -20 -25.1566 -69.7481 0 0 1 0.118427 0.992963 0 -0.992963 0.118427 0 32126.dat
1 256 60 -41.7363 69.2666 0 0 -1 -0.118427 0.992963 0 0.992963 0.118427 0 32146.dat
1 0 20 -41.7363 69.2666 1 0 0 0 0.992963 -0.118426 0 0.118426 0.992963 32073.dat
1 256 -20 -41.2398 69.3258 0 0 1 0.118427 0.992963 0 -0.992963 0.118427 0 32146.dat
1 256 70 -29.145 -29.9 0 0 -1 0 1 0 1 0 0 32193.dat
1 256 -30 -29.1454 -30 0 0 1 0 1 0 -1 0 0 32193.dat

