0 Name: 3057_monster.ldr
0 Author: marco
0 ROTATION CENTER 0 0 0 1 "Custom" 
0 ROTATION CONFIG 0 0
1 0 49.3732 -85.4738 -60.425 1 0 0 0 0.913546 0.406737 0 -0.406737 0.913546 32062.dat
1 14 49.3731 -85.0181 -60.6296 1 0 0 0 0.913546 0.406737 0 -0.406737 0.913546 6553.dat
1 14 49.3731 -31.5746 -84.4225 1 0 0 0 0.913546 0.406737 0 -0.406737 0.913546 32014.dat
1 0 74.3731 -85.4738 -40.425 0 -1 0 -1 0 0 0 0 -1 32249.dat
1 0 49.3731 -85.4738 -80.425 1 0 0 0 0 -1 0 1 0 4519.dat
1 7 49.3731 -85.9437 -79.754 0 0 1 0 1 0 -1 0 0 3713.dat
1 0 49.3731 -125.444 -40.254 1 0 0 0 1 0 0 0 1 4519.dat
1 14 64.3732 -85.9437 -39.754 0 1 0 0 0 1 1 0 0 2905.dat
1 0 49.3731 -85.9437 -40.254 1 0 0 0 0 -1 0 1 0 4519.dat
1 0 24.3731 -85.4738 -40.425 0 -1 0 -1 0 0 0 0 -1 32249.dat
1 7 49.373 -85.9437 -39.754 -1 0 0 0 1 0 0 0 -1 6536.dat
1 0 49.3732 -85.9437 -0.254019 1 0 0 0 1 0 0 0 1 4519.dat
1 14 74.3731 -85.4437 39.746 0 -1 0 -1 0 0 0 0 -1 6632.dat
1 7 49.3732 -85.4437 -0.254025 0 0 1 0 1 0 -1 0 0 3713.dat
1 14 34.3732 -85.9437 -39.754 0 1 0 0 0 1 1 0 0 2905.dat
1 0 49.3732 -85.4437 39.746 1 0 0 0 1 0 0 0 1 4519.dat
1 14 24.3732 -85.4437 39.746 0 -1 0 -1 0 0 0 0 -1 6632.dat
1 0 49.3732 -31.119 -84.627 1 0 0 0 0.997564 0.0697565 0 -0.0697565 0.997564 32073.dat
1 0 19.373 -30.622 -84.5751 0 0 1 -0.0697565 0.997564 0 -0.997564 -0.0697565 0 32193.dat
1 0 79.373 -30.622 -84.5751 0 0 -1 0.0697565 0.997564 0 0.997564 -0.0697565 0 32193.dat
1 0 50.3731 -32.336 6.7745 1 0 0 0 0.920505 0.390731 0 -0.390731 0.920505 32073.dat
1 0 20.3731 -32.3361 6.77419 0 0 1 -0.390731 0.920505 0 -0.920505 -0.390731 0 32193.dat
1 0 80.3731 -32.3361 6.77419 0 0 -1 0.390731 0.920505 0 0.920505 -0.390731 0 32193.dat
1 0 49.3732 -85.7952 -20.466 1 0 0 0 0.891006 -0.45399 0 0.45399 0.891006 32062.dat
1 14 50.3731 -85.3497 -20.239 1 0 0 0 0.891006 -0.453991 0 0.453991 0.891006 6553.dat
1 14 50.3731 -32.7803 6.54644 -1 0 0 0 0.891007 0.45399 0 0.45399 -0.891007 32014.dat
1 0 49.373 -65.9437 -39.754 0 0 -1 0 -1 0 -1 0 0 32062.dat
1 7 49.373 -65.9437 -54.754 -1 0 0 0 -1 0 0 0 1 32123a.dat
1 7 49.373 -65.9437 -24.754 -1 0 0 0 -1 0 0 0 1 32123a.dat

0
