0 30574 B
0 Author: LEGO Digital Designer 4.3
0 ROTATION CENTER 0 0 0 1 "Custom" 
0 ROTATION CONFIG 0 0
1 15 56.3679 -94.4978 -20.0051 -0.912445 0 -0.409198 -0.409198 0 0.912446 0 1 0 60897.dat
1 15 56.368 -94.498 -28.005 0.912445 0 0.409198 0.409198 0 -0.912445 0 1 0 14769p0k.dat
1 71 52.2759 -85.3733 -12.0051 -0.409198 0 0.912445 0.912445 0 0.409199 0 1 0 14418.dat
1 25 50 -37.9999 -20 0 0 -1 -1 0 0 0 1 0 25269.dat
1 72 40 -38 -12 -1 0 0 0 0 1 0 1 0 14417.dat
1 15 19.9944 -38 -20 1 0 0 0 0 -1 0 1 0 15573.dat
1 15 -16.632 -94.378 -28.005 -0.415799 0 -0.909457 -0.909457 0 0.415799 0 1 0 14769p0k.dat
1 25 75.4558 -14.19 -21.1127 0 0.707108 0.707106 1 0 0 0 0.707106 -0.707107 60897.dat
1 25 130 -70.005 20 0 1 0 0 0 1 1 0 0 25214.dat
1 25 120 -40.005 9.99996 0 0 1 0 1 0 -1 0 0 26601.dat
1 484 100 -32.005 20 0 0 1 0 1 0 -1 0 0 11477.dat
1 71 100 -32.005 20 -1 0 0 0 1 0 0 0 -1 14418.dat
1 72 50 -32 20 0 0 -1 0 1 0 1 0 0 14417.dat
1 25 20 -24 20 1 0 0 0 1 0 0 0 1 3020.dat
1 25 30 -32 20 0 0 -1 0 1 0 1 0 0 3023.dat
1 15 30 -16 20 0 0 1 0 1 0 -1 0 0 32803.dat
1 25 10 -32 20 0 0 -1 0 1 0 1 0 0 3023.dat
1 15 9.99999 -16 20 0 0 -1 0 1 0 1 0 0 32803.dat
1 72 -9.99999 -32 20 0 0 1 0 1 0 -1 0 0 14417.dat
1 484 50 -32 20 -1 0 0 0 1 0 0 0 -1 11477.dat
1 25 40 -40 10 1 0 0 0 1 0 0 0 1 3023.dat
1 25 20 -40 30 1 0 0 0 1 0 0 0 1 3023.dat
1 484 10 -40 20 -1 0 0 0 1 0 0 0 -1 11477.dat
1 25 20 -48 10 1 0 0 0 1 0 0 0 1 99781.dat
1 484 30 -40 20 -1 0 0 0 1 0 0 0 -1 11477.dat
1 25 0 -40 10 1 0 0 0 1 0 0 0 1 3023.dat
1 484 -10 -32 20 -1 0 0 0 1 0 0 0 -1 11477.dat
1 25 81.1127 -14.19 55.4558 0 -0.707107 0.707107 1 0 0 0 0.707107 0.707107 60897.dat
1 71 -12.474 -85.2836 -12.0051 0.415799 0 0.909457 0.909457 0 -0.415799 0 1 0 14418.dat
1 15 50 -16 9.99999 0.707107 0 -0.707106 0 1 0 0.707106 0 0.707107 26047.dat
1 15 50 -16 30 -0.707106 0 -0.707107 0 1 0 0.707107 0 -0.707106 26047.dat
1 72 0 -38 -12 -1 0 0 0 0 1 0 1 0 14417.dat
1 15 -16.632 -94.3782 -20.005 -0.909457 0 0.415799 0.415799 0 0.909457 0 1 0 60897.dat
1 25 -9.99999 -38 -20 -1 0 0 0 0 1 0 1 0 25269.dat
1 15 -10 -16 10 0.707107 0 0.707107 0 1 0 -0.707107 0 0.707107 26047.dat
1 15 -10 -16 30 -0.707107 0 0.707106 0 1 0 -0.707106 0 -0.707107 26047.dat
1 25 -35.4558 -14.19 -21.1127 0 -0.707107 -0.707107 -1 0 0 0 0.707107 -0.707107 60897.dat
1 25 -90 -70.005 20 0 1 0 0 0 1 1 0 0 25214.dat
1 484 -60 -32.005 20 0 0 -1 0 1 0 1 0 0 11477.dat
1 71 -60 -32.005 20 1 0 0 0 1 0 0 0 1 14418.dat
1 25 -41.1127 -14.19 55.4559 0 0.707107 -0.707107 -1 0 0 0 0.707107 0.707107 60897.dat
1 25 -80 -40.005 10 1 0 0 0 1 0 0 0 1 26601.dat
0
