0 30578 German Shepherd
0 Author: marco9999
0 ROTATION CENTER 0 0 0 1 "Custom" 
0 ROTATION CONFIG 0 0
1 25 4.2986e-005 -164.985 -226.022 0 0 -1 -0.255766 0.966739 0 0.966739 0.255766 0 60474.dat
1 84 6.33951e-005 -207.68 -173.998 0 0 1 0 1 0 -1 0 0 49307.dat
1 84 1.57114e-005 -207.68 -173.998 1 0 0 0 1 0 0 0 1 36840.dat
1 15 0 -209.68 -195.998 0.707107 0 -0.707107 -0.707107 0 -0.707107 0 1 0 98138p07.dat
1 0 -10.0056 -189.68 -219.998 0 0 1 1 0 0 0 1 0 98138.dat
1 0 -10.0056 -189.68 -211.998 0 0 1 1 0 0 0 1 0 85975.dat
1 0 -10.0056 -189.68 -195.998 1 0 0 0 0 -1 0 1 0 15573.dat
1 0 -10 -199.68 -173.998 1 0 0 0 1 0 0 0 1 99781.dat
1 0 -10 -191.68 -173.998 1 0 0 0 1 0 0 0 1 3023.dat
1 0 -9.99998 -183.68 -173.998 -1 0 0 0 1 0 0 0 -1 99207.dat
1 0 -9.99998 -195.68 -143.998 0 0 -1 1 0 0 0 -1 0 14769.dat
1 0 -9.99997 -185.68 -151.998 -1 0 0 0 0 -1 0 -1 0 48336.dat
1 84 -20 -207.68 -173.998 0 0 1 0 1 0 -1 0 0 49307.dat
1 84 -20 -207.68 -173.998 1 0 0 0 1 0 0 0 1 36840.dat
1 15 -20 -209.68 -195.998 0.707107 0 -0.707107 -0.707107 0 -0.707107 0 1 0 98138p07.dat
1 0 11.0793 -233.559 -159.998 0.929307 0 -0.369308 0.369308 0 0.929307 0 -1 0 29119.dat
1 70 3.69307 -214.973 -151.998 -0.369308 0 -0.929307 0.929307 0 -0.369308 0 -1 0 35480.dat
1 0 -34.1527 -232.132 -159.998 0.881729 0 0.471757 -0.471757 0 0.881729 0 -1 0 29119.dat
1 70 -24.7176 -214.497 -151.998 0.471757 0 -0.881729 0.881729 0 0.471757 0 -1 0 35480.dat
1 29 -9.99997 -164.924 -194.974 0 0 -1 -0.255766 0.966739 0 0.966739 0.255766 0 3070b.dat
1 0 -9.99997 -159.747 -183.26 0 0 -1 -0.255766 0.966739 0 0.966739 0.255766 0 63868.dat
1 0 -9.99997 -170.039 -175.639 0 0 1 0.255766 0.966739 0 -0.966739 0.255766 0 98138.dat
1 70 0 -128.586 -138.722 1 0 0 0 -0.417767 -0.908554 0 0.908554 -0.417767 24201.dat
1 84 -10 -146.757 -147.078 -1 0 0 0 -0.417766 0.908554 0 0.908554 0.417766 60470a.dat
1 84 -10 -137.672 -142.9 -1 0 0 0 -0.417766 0.908554 0 0.908554 0.417766 15068.dat
1 0 -10 -125.244 -145.991 1 0 0 0 -0.417767 -0.908554 0 0.908554 -0.417767 44567b.dat
1 70 -20 -128.586 -138.722 1 0 0 0 -0.417767 -0.908554 0 0.908554 -0.417767 24201.dat
1 70 -30 -57.8249 -129.81 0 0 -1 -1 0 0 0 1 0 35480.dat
1 84 -30 -77.8249 -137.81 0 0 -1 -1 0 0 0 1 0 60478.dat
1 84 -30 -57.8249 -145.81 0 0 -1 -1 0 0 0 1 0 2431.dat
1 84 -30 -37.8249 -137.81 0 0 1 1 0 0 0 1 0 60478.dat
1 84 10 -9.62486 -156 -1 0 0 0 1 0 0 0 -1 49307.dat
1 19 10.0001 -9.62486 -156 -1 0 0 0 1 0 0 0 -1 61252.dat
1 84 -10.0001 -162.871 -9.9832 0 0 1 0.447597 0.894235 0 -0.894235 0.447597 0 60478.dat
1 84 -10.0001 -155.717 -6.40245 0 0 -1 -0.447597 0.894235 0 0.894235 0.447597 0 60478.dat
1 70 9.99995 -93.6248 -116 1 0 0 0 1 0 0 0 1 24201.dat
1 0 -10 -149.625 -106.006 0 0 -1 0 1 0 1 0 0 15573.dat
1 84 -10 -141.625 -86.0001 0 0 -1 0 1 0 1 0 0 3010.dat
1 0 -10 -149.625 -66.0001 0 0 -1 0 1 0 1 0 0 63868.dat
1 0 -10 -117.625 -96.0001 0 0 -1 0 1 0 1 0 0 11212.dat
1 0 9.99999 -149.625 -86 0 0 -1 0 1 0 1 0 0 6191.dat
1 72 -10 -109.625 -106 0 0 1 0 1 0 -1 0 0 44302b.dat
1 70 9.99998 -109.625 -106 0 0 1 0 1 0 -1 0 0 63868.dat
1 0 -30 -149.625 -86.0001 0 0 1 0 1 0 -1 0 0 6191.dat
1 70 -30 -109.625 -106 0 0 1 0 1 0 -1 0 0 63868.dat
1 0 -10 -101.625 -96 0 0 -1 0 1 0 1 0 0 11212.dat
1 28 9.99998 -101.625 -96.0001 -1 0 0 0 1 0 0 0 -1 13547.dat
1 0 -10 -109.625 -56.0001 0 0 -1 0 1 0 1 0 0 11212.dat
1 0 9.99998 -117.625 -36 -1 0 0 0 1 0 0 0 -1 50746.dat
1 70 9.99998 -117.625 -46 0 0 -1 0 1 0 1 0 0 63868.dat
1 0 -10 -117.625 -46.0001 0 0 -1 0 1 0 1 0 0 3023.dat
1 0 -30 -117.625 -36.0001 -1 0 0 0 1 0 0 0 -1 50746.dat
1 70 -30 -117.625 -46.0001 0 0 -1 0 1 0 1 0 0 63868.dat
1 28 -30 -101.625 -96.0001 -1 0 0 0 1 0 0 0 -1 13547.dat
1 70 -30 -93.6248 -116 1 0 0 0 1 0 0 0 1 24201.dat
1 70 10 -57.8249 -129.81 0 0 -1 -1 0 0 0 1 0 35480.dat
1 84 10 -77.8249 -137.81 0 0 -1 -1 0 0 0 1 0 60478.dat
1 84 10 -57.8249 -145.81 0 0 -1 -1 0 0 0 1 0 2431.dat
1 84 10 -37.8249 -137.81 0 0 1 1 0 0 0 1 0 60478.dat
1 0 -10.0001 -210.458 47.6046 -1 0 0 0 0.414554 0.910025 0 0.910025 -0.414553 29119.dat
1 0 -10.0002 -186.473 27.8878 1 0 0 0 0.414554 -0.910025 0 0.910025 0.414554 50746.dat
1 0 -10.0001 -195.574 32.0334 0 0 1 0.910025 0.414554 0 -0.414554 0.910025 0 63868.dat
1 28 -30 -65.8249 -9.81005 1 0 0 0 0 -1 0 1 0 11477.dat
1 84 -30 -85.8248 -17.8101 0 0 -1 -1 0 0 0 1 0 60478.dat
1 28 -30 -35.8249 -9.81004 -1 0 0 0 0 1 0 1 0 13547.dat
1 84 -30 -45.8249 -9.81004 0 0 1 1 0 0 0 1 0 60478.dat
1 28 9.99998 -65.8249 -9.80998 1 0 0 0 0 -1 0 1 0 11477.dat
1 84 9.99999 -85.8248 -17.81 0 0 -1 -1 0 0 0 1 0 60478.dat
1 28 10 -35.8249 -9.80999 -1 0 0 0 0 1 0 1 0 13547.dat
1 84 10 -45.8249 -9.80999 0 0 1 1 0 0 0 1 0 60478.dat
1 84 10 -17.6249 -28 -1 0 0 0 1 0 0 0 -1 49307.dat
1 19 10 -17.6249 -28 -1 0 0 0 1 0 0 0 -1 61252.dat
1 84 -30 -9.62487 -156 -1 0 0 0 1 0 0 0 -1 49307.dat
1 19 -30 -9.62487 -156 -1 0 0 0 1 0 0 0 -1 61252.dat
1 84 -30 -17.6249 -28 -1 0 0 0 1 0 0 0 -1 49307.dat
1 19 -30 -17.6249 -28 -1 0 0 0 1 0 0 0 -1 61252.dat
0
