0 30581 Tropical Parrot
0 Author: marco9999
1 27 52.3861 -102 68.5328 0 -0.404916 0.914354 -1 0 0 0 -0.914354 -0.404916 29119.dat
1 4 73.9125 -92 67.7493 0 -0.404916 -0.914354 1 0 0 0 -0.914354 0.404916 3176.dat
1 4 70.6732 -92 60.4345 0 -0.404916 -0.914354 1 0 0 0 -0.914354 0.404916 3176.dat
1 320 58.2904 -92 57.1688 0.914354 -0.404916 0 0 0 1 -0.404916 -0.914354 0 3021.dat
1 321 34.0991 -92 76.6311 -0.914354 -0.404916 0 0 0 -1 0.404916 -0.914354 0 24299.dat
1 14 86.2954 -102 71.015 0.914354 -0.404916 0 0 0 1 -0.404916 -0.914354 0 25269.dat
1 27 52.3861 -82 68.5328 0 -0.404916 0.914354 -1 0 0 0 -0.914354 -0.404916 29119.dat
1 14 86.2954 -82 71.015 0 -0.404916 -0.914354 1 0 0 0 -0.914354 0.404916 25269.dat
1 4 94.0547 -92 39.1435 0.404916 0 0.914354 0 -1 0 0.914354 0 -0.404916 6628.dat
1 4 120.006 -192.001 -2.9216e-005 0 0 -1 0 1 0 1 0 0 47457.dat
1 15 110.006 -156.001 28 -1 0 0 0 0 -1 0 -1 0 14769p0k.dat
1 15 110.006 -176.001 9.99998 -1 0 0 0 1 0 0 0 -1 67329.dat
1 71 110.006 -136.001 -2.14081e-005 1 0 0 0 1 0 0 0 1 3679.dat
1 15 110.006 -176.001 -10 1 0 0 0 1 0 0 0 1 67329.dat
1 15 110.006 -156.001 -28 0 0 -1 -1 0 0 0 1 0 14769p0k.dat
1 4 100.006 -176.001 -1.71363e-005 0 0 1 0 1 0 -1 0 0 85984.dat
1 0 138.006 -146.001 -0.00558852 0 -1 0 0 0 -1 1 0 0 15573.dat
1 320 82.0055 -146.001 -1.77423e-005 0 1 0 0 0 1 1 0 0 3023.dat
1 4 82.0055 -146.001 1.49012e-005 0 1 0 0 0 1 1 0 0 85984.dat
1 0 146.006 -166.001 -0.00559076 0 -1 0 0 0 -1 1 0 0 15573.dat
1 15 138.006 -166.001 -3.26237e-005 0 -1 0 0 0 -1 1 0 0 35480.dat
1 4 90.0055 -166.001 -1.99676e-005 0 1 0 0 0 1 1 0 0 85984.dat
1 191 162.006 -146.001 -0.00558557 0 -1 0 0 0 -1 1 0 0 50950.dat
1 2 101.799 -32 -62.1479 0.972151 0 0.234355 0 1 0 -0.234355 0 0.972151 11477.dat
1 321 20.0056 -104.01 9.99993 0 0 1 0 1 0 -1 0 0 25269.dat
1 14 10.0055 -96.01 9.99993 1 0 0 0 1 0 0 0 1 60478.dat
1 4 0.00554186 -88.01 19.9999 0 0 -1 0 1 0 1 0 0 43723.dat
1 321 20.0056 -104.01 -10 -1 0 0 0 1 0 0 0 -1 25269.dat
1 14 10.0055 -96.01 -10.0001 1 0 0 0 1 0 0 0 1 60478.dat
1 4 0.00553864 -88.01 -20.0001 0 0 -1 0 1 0 1 0 0 43722.dat
1 27 -29.9944 -80.01 9.99994 0 0 1 0 1 0 -1 0 0 29120.dat
1 4 94.2846 -92 -39.0383 0.427905 -0.176755 -0.886372 0 -0.980691 0.195563 -0.903824 -0.0836821 -0.419643 6628.dat
1 27 -29.9945 -80.01 -10.0001 0 0 1 0 1 0 -1 0 0 29119.dat
1 4 71.9725 -86.1331 -60.6658 -0.176755 -0.427904 -0.886372 -0.980691 0 0.195563 -0.0836827 0.903824 -0.419642 3176.dat
1 4 75.3957 -86.1331 -67.8964 -0.176755 -0.427904 -0.886372 -0.980691 0 0.195563 -0.0836827 0.903824 -0.419642 3176.dat
1 320 59.6856 -84.1775 -57.6316 -0.886372 -0.427904 0.176755 0.195563 0 0.980691 -0.419642 0.903824 0.0836828 3021.dat
1 321 36.5176 -78.3106 -77.4514 0.886372 -0.427904 -0.176755 -0.195564 0 -0.980691 0.419642 0.903824 -0.0836829 24307.dat
1 14 85.9151 -97.8956 -71.7674 -0.176755 -0.427904 -0.886372 -0.980691 0 0.195563 -0.0836827 0.903824 -0.419642 25269.dat
1 27 52.4775 -92.0287 -69.8955 0.176755 -0.427904 0.886372 0.980691 0 -0.195563 0.0836827 0.903824 0.419642 29120.dat
1 14 89.4501 -78.2818 -70.0938 0.886372 -0.427904 -0.176755 -0.195564 0 -0.980691 0.419642 0.903824 -0.0836829 25269.dat
1 27 56.0126 -72.4149 -68.2218 0.176755 -0.427904 0.886372 0.980691 0 -0.195563 0.0836827 0.903824 0.419642 29120.dat
1 2 139.497 -32 59.4974 -0.707107 0 -0.707107 0 1 0 0.707107 0 -0.707107 11477.dat
1 2 89.9999 -40 9.99997 -0.707107 0 -0.707107 0 1 0 0.707107 0 -0.707107 2423.dat
1 2 142.36 -32 22.9908 0.115128 0 -0.993351 0 1 0 0.993351 0 0.115128 11477.dat
1 2 101.768 -32 62.1406 -0.971422 0 0.237361 0 1 0 -0.237361 0 -0.971422 11477.dat
1 0 80.0056 -48 9.99997 -1 0 0 0 1 0 0 0 -1 15573.dat
1 320 70 -40 -3.65078e-005 0 0 -1 0 1 0 1 0 0 3023.dat
1 70 79.9999 -32 -3.61999e-005 0 0 -1 0 1 0 1 0 0 6143.dat
1 28 79.9999 -8.00004 -3.91801e-005 0 0 -1 0 1 0 1 0 0 60474.dat
1 0 80.0055 -48 -10 -1 0 0 0 1 0 0 0 -1 15573.dat
1 4 110.006 -136 -2.49546e-005 1 0 0 0 1 0 0 0 1 3680.dat
1 320 120.006 -128 -4.91738e-005 0 0 -1 0 1 0 1 0 0 3023.dat
1 4 80.0056 -128 -5.17767e-005 0 0 1 0 1 0 -1 0 0 18671.dat
1 4 70.0056 -120 -7.68005e-005 0 0 1 0 1 0 -1 0 0 15068.dat
1 4 100.006 -120 -6.78003e-005 0 0 -1 0 1 0 1 0 0 3660b.dat
1 4 60.0056 -120 -7.27675e-005 0 0 1 0 1 0 -1 0 0 47457.dat
1 4 60.0055 -96.0001 -7.59959e-005 0 0 1 0 1 0 -1 0 0 60470a.dat
1 320 80.0056 -88 -5.77371e-005 1 0 0 0 1 0 0 0 1 3021.dat
1 71 90.0055 -96.0001 9.99994 -1 0 0 0 1 0 0 0 -1 14704.dat
1 71 90.0056 -96.0001 -10.0001 1 0 0 0 1 0 0 0 1 14704.dat
1 4 80.0056 -80.0001 0 0 0 -1 0 1 0 1 0 0 3660b.dat
1 4 60.0055 -80.0001 -3.27826e-005 0 0 -1 0 1 0 1 0 0 3004.dat
1 0 70.0055 -56 0 0 0 1 0 1 0 -1 0 0 90194.dat
1 2 139.497 -32 -59.4975 0.707107 0 -0.707107 0 1 0 0.707107 0 0.707107 11477.dat
1 2 142.307 -32 -22.601 -0.154113 0 -0.988053 0 1 0 0.988053 0 -0.154113 11477.dat
1 2 89.9999 -40 -9.99999 0.707107 0 -0.707107 0 1 0 0.707107 0 0.707107 2423.dat
0
