0 FILE 31313 - main.ldr
0 main
0 Name: 31313 - main.ldr
0 Author: Philippe Hurbain [Philo]
0 !LICENSE Redistributable under CCAL version 2.0 : see CAreadme.txt

1 16 0 0 0 1 0 0 0 1 0 0 0 1 31313 - spike3r.ldr
1 16 -230 -50 -670 -0.707 0 -0.707 0 1 0 0.707 0 -0.707 31313 - beaconbug.ldr
0 FILE 31313 - spike3r.ldr
0 spike3r
0 Name: 31313 - spike3r.ldr
0 Author: Philippe Hurbain [Philo]
0 !LICENSE Redistributable under CCAL version 2.0 : see CAreadme.txt

1 47 0 -38 0 1 0 0 0 1 0 0 0 1 31313 - body.ldr
0 STEP
1 16 0 -165.639 138.484 0 0 -1 -0.382 0.924 0 0.924 0.382 0 31313 - tail.ldr
0 STEP
1 72 -60 -48 -220 0 0.994 -0.113 -1 0 0 0 0.113 0.994 87083.dat
1 72 60 -48 -220 0 0.994 0.113 -1 0 0 0 -0.113 0.994 87083.dat
1 72 139.488 -58 -229.032 -0.994 0 0.113 0 -1 0 0.113 0 0.994 31313 - claws.ldr
1 72 -139.488 -18 -229.032 0.994 0 -0.113 0 1 0 0.113 0 0.994 31313 - claws.ldr
1 0 0 -78 -220 0 0 1 0 1 0 -1 0 0 40490.dat
0 STEP
1 0 0 -38 -235 0 -1 0 1 0 0 0 0 1 6575.dat
1 14 0 -38 -245 0 -1 0 1 0 0 0 0 1 32123b.dat
1 0 0 -38 -255 0 1 0 1 0 0 0 0 -1 6575.dat
1 71 20 -38 -265 0 0 -1 1 0 0 0 -1 0 6632.dat
1 71 -20 -38 -270 0 0 -1 0 1 0 1 0 0 2736.dat
1 71 20 -38 -270 0 0 -1 0 1 0 1 0 0 2736.dat
1 0 -20 -38 -282 0 0.099 -0.995 -1 0 0 0 0.995 0.099 2739a.dat
1 0 20 -38 -282 0 -0.099 0.995 1 0 0 0 0.995 0.099 2739a.dat
1 28 0 -38 -240 0 1 0 0 0 -1 -1 0 0 6587.dat
0 STEP
1 47 0 -98 -240 -1 0 0 0 1 0 0 0 -1 31313 - distsensor.ldr
0 FILE 31313 - shooterclip.ldr
0 shooterclip
0 Name: 31313 - shooterclip.ldr
0 Author: Philippe Hurbain [Philo]
0 !LICENSE Redistributable under CCAL version 2.0 : see CAreadme.txt

1 1 0 0 0 1 0 0 0 1 0 0 0 1 6558.dat
1 4 0 0 0 1 0 0 0 0 -1 0 1 0 32013.dat
1 15 40 40 20 -1 0 0 0 1 0 0 0 -1 31313 - 64391d01.dat
1 15 -40 40 20 -1 0 0 0 1 0 0 0 -1 31313 - 64683d01.dat
1 0 20 20 30 0 0 -1 0 1 0 1 0 0 2780.dat
1 0 -20 20 30 0 0 -1 0 1 0 1 0 0 2780.dat
0 STEP
1 4 20 20 40 1 0 0 0 1 0 0 0 1 32184.dat
1 4 -20 20 40 1 0 0 0 1 0 0 0 1 32184.dat
1 71 0 40 40 1 0 0 0 1 0 0 0 1 4519.dat
1 71 0 40 60 1 0 0 0 1 0 0 0 1 32039.dat
1 0 0 40 100 1 0 0 0 0 1 0 -1 0 53550.dat
0 FILE 31313 - ev3Cable-studio-1.ldr
0 ev3Cable-studio-1
0 Name: 31313 - ev3Cable-studio-1.ldr
0 Author: LDCad
0 !LICENSE Redistributable under CCAL version 2.0 : see CAreadme.txt

0 !CATEGORY electric
0 !KEYWORDS flexible, mindstorms, ev3, cable

0 !LDCAD CONTENT [type=path] [addFallBack=default] [looped=false] [displayKind=mm] [curveStep=0] [displayLenCor=0]
0 !LDCAD PATH_POINT [type=bezier] [posOri=0 0 14 0 0 1 -1 0 0 0 -1 0] [prevCPDist=25] [nextCPDist=33.5] [cirR=20] [cirDir=xyCW] [prevYRoll=0] [nextYRoll=0]
0 !LDCAD PATH_POINT [type=bezier] [posOri=-20 62.478744 58.297489 0.701015 0.091807 -0.707107 0.59832 0.463678 0.653563 0.387871 -0.881233 0.270196] [prevCPDist=56] [nextCPDist=48] [cirR=20] [cirDir=xyCW] [prevYRoll=0] [nextYRoll=0]
0 !LDCAD PATH_POINT [type=bezier] [posOri=-30 -81.584475 -12.083625 -0.495604 0.065589 -0.866025 -0.206766 0.95956 0.191057 0.843535 0.273754 -0.462139] [prevCPDist=25] [nextCPDist=25] [cirR=20] [cirDir=xyCW] [prevYRoll=0] [nextYRoll=0]
0 !LDCAD PATH_POINT [type=bezier] [posOri=-27 -100 -109 0 0 -1 0 1 0 1 0 0] [prevCPDist=49.5] [nextCPDist=25] [cirR=20] [cirDir=xyCW] [prevYRoll=0] [nextYRoll=0]

0 !LDCAD PATH_SKIN [donCol=0] [donOri=1 0 0 0 1 0 0 0 1] [donPart=932.dat] [donYSize=100%] [donCen=absCen] [donCenYOfs=0] [donFinScale=segMerge] [donPlace=refsStat] [donYAlign=0] [donInline=false] [segSize=50%] [segSizeTol=5%] [segsCnt=0] [segsGrp=0] [segsMaxMerge=1] [segsMrgAng=0] [segsMrgRollAng=0] [segsEdgeDelKind=keepFirstLeft]

0 !LDCAD PATH_CAP [group=start] [color=16] [posOri=0 0 0 -1 0 0 0 -1 0 0 0 1] [part=933c01.dat] [extraLen=0mm] [inlineRef=false]
0 !LDCAD PATH_CAP [group=end] [color=16] [posOri=-27 -114 -109 1 0 0 0 0 1 0 -1 0] [part=933c01.dat] [extraLen=0mm] [inlineRef=false]

0 !LDCAD GENERATED [generator=LDCad 1.6c]
0 //This is the fallback LDraw content for above PATH configuration.
0 // Do not edit, any changes will be lost upon regeneration.
0 // The path is approx 154.60 mm (386.51) and exists out of 773 segments.

0 //Some general hints about the document.
0 UNOFFICIAL PART
0 BFC CERTIFY CCW

0 //Start cap reference(s)
1 16 0 0 0 -1 0 0 0 -1 0 0 0 1 933c01.dat

0 //End cap reference(s)
1 16 -27 -114 -109 1 0 0 0 0 1 0 -1 0 933c01.dat

0 //Fixed color segments
0 //  Skin meta #1 is using a static color.
0 //  To ensure correct edge colors those segments are placed in (a) subpart(s).
1 0 0 0 0 1 0 0 0 1 0 0 0 1 31313 - ev3Cable-studio-1_subPart1.ldr

0 FILE 31313 - ev3Cable-studio-1_subPart1.ldr
0 ev3Cable-studio-1_subPart1
0 Name: 31313 - ev3Cable-studio-1_subPart1.ldr
0 Author: LDCad
0 !LICENSE Redistributable under CCAL version 2.0 : see CAreadme.txt

0 !LDCAD GENERATED [generator=LDCad 1.6c] [master=31313 - ev3Cable-studio-1.ldr]
0 //This is additional fallback LDraw content for the "31313 - ev3Cable-studio-1.ldr" PATH configuration.
0 // Do not edit, any changes will be lost upon regeneration.
0 // The path is approx 154.60 mm (386.51) and exists out of 773 segments.

0 //Some general hints about the document.
0 UNOFFICIAL PART
0 BFC CERTIFY CCW

0 //Segments
1 16 -0.003379 0.020071 14.749724 -0.00007 0.004506 0.99999 -0.999642 -0.026761 0.000051 0.026761 -0.999632 0.004506 932.dat
1 16 -0.010331 0.061243 15.248243 0.003014 0.010771 0.999937 -0.997955 -0.063817 0.003695 0.063853 -0.997903 0.010557 932.dat
1 16 -0.015717 0.093152 15.747195 0.006482 0.010771 0.999921 -0.997936 -0.063817 0.007156 0.063889 -0.997903 0.010335 932.dat
1 16 -0.027857 0.164812 16.242437 0.009007 0.019777 0.999764 -0.993089 -0.116819 0.011258 0.117014 -0.992956 0.018588 932.dat
1 16 -0.037745 0.223222 16.738915 0.012571 0.019777 0.999725 -0.993043 -0.116819 0.014798 0.11708 -0.992956 0.018171 932.dat
1 16 -0.055629 0.328415 17.228182 0.014242 0.030437 0.999435 -0.98362 -0.179198 0.019474 0.17969 -0.983342 0.027386 932.dat
1 16 -0.070847 0.418014 17.719853 0.017902 0.030437 0.999376 -0.983542 -0.179198 0.023076 0.179789 -0.983342 0.026728 932.dat
1 16 -0.09502 0.559666 18.199777 0.018438 0.042376 0.998932 -0.968189 -0.248601 0.028417 0.24954 -0.967679 0.036444 932.dat
1 16 -0.116208 0.683966 18.683616 0.022194 0.042376 0.998855 -0.968075 -0.248601 0.032057 0.249675 -0.967679 0.035506 932.dat
1 16 -0.14717 0.864655 19.150076 0.021293 0.055408 0.998237 -0.945362 -0.323786 0.038137 0.325328 -0.944507 0.045486 932.dat
1 16 -0.181031 1.061766 19.608865 0.021487 0.063617 0.997743 -0.927711 -0.370743 0.043618 0.372681 -0.926554 0.051053 932.dat
1 16 -0.21284 1.247138 20.072142 0.025387 0.063617 0.997651 -0.927533 -0.370743 0.047244 0.372878 -0.926554 0.049595 932.dat
1 16 -0.253605 1.483401 20.512129 0.022982 0.075559 0.996876 -0.897063 -0.438599 0.053925 0.441304 -0.895501 0.057702 932.dat
1 16 -0.291385 1.702701 20.959879 0.026987 0.075559 0.996776 -0.896839 -0.438599 0.057529 0.441532 -0.895501 0.055928 932.dat
1 16 -0.339422 1.979766 21.375123 0.022112 0.089236 0.995765 -0.854335 -0.51562 0.065179 0.519253 -0.852158 0.064836 932.dat
1 16 -0.389713 2.269145 21.780361 0.020451 0.0968 0.995094 -0.826971 -0.557712 0.071249 0.561873 -0.82437 0.068645 932.dat
1 16 -0.438113 2.548002 22.192546 0.024615 0.0968 0.994999 -0.826665 -0.557712 0.074709 0.562155 -0.82437 0.066293 932.dat
1 16 -0.495047 2.873914 22.569013 0.018869 0.108178 0.993952 -0.779909 -0.620454 0.082334 0.625609 -0.776746 0.072661 932.dat
1 16 -0.554366 3.212605 22.932678 0.016187 0.115153 0.993216 -0.74744 -0.658406 0.088517 0.664132 -0.743802 0.075412 932.dat
1 16 -0.611943 3.541808 23.304579 0.020527 0.115153 0.993136 -0.747046 -0.658406 0.091782 0.664456 -0.743802 0.072509 932.dat
1 16 -0.676771 3.909992 23.638124 0.014012 0.124822 0.99208 -0.696789 -0.71038 0.099221 0.717139 -0.692661 0.077021 932.dat
1 16 -0.743695 4.289019 23.957952 0.010845 0.130838 0.991344 -0.661912 -0.742163 0.105193 0.749503 -0.657324 0.078555 932.dat
1 16 -0.809114 4.660101 24.286614 0.015376 0.130838 0.991284 -0.661425 -0.742163 0.108217 0.749854 -0.657324 0.075128 932.dat
1 16 -0.880352 5.061409 24.577589 0.008991 0.138597 0.990308 -0.611972 -0.782464 0.115065 0.790828 -0.607075 0.077782 932.dat
1 16 -0.94965 5.452641 24.881127 0.013659 0.138597 0.990255 -0.611423 -0.782464 0.117948 0.791186 -0.607075 0.074053 932.dat
1 16 -1.024762 5.873336 25.142411 0.005887 0.146347 0.989216 -0.555998 -0.821749 0.124881 0.831163 -0.550737 0.076531 932.dat
1 16 -1.100934 6.298925 25.394075 0.003562 0.150345 0.988627 -0.524635 -0.841367 0.129841 0.85132 -0.519131 0.075879 932.dat
1 16 -1.176106 6.719608 25.653641 0.008448 0.150345 0.988598 -0.523987 -0.841367 0.132432 0.851684 -0.519131 0.071671 932.dat
1 16 -1.255196 7.159005 25.879844 0.003226 0.155569 0.98782 -0.48005 -0.866318 0.138002 0.877235 -0.474648 0.071886 932.dat
1 16 -1.332981 7.592164 26.117168 0.008263 0.155569 0.987791 -0.47934 -0.866318 0.140448 0.87759 -0.474648 0.067412 932.dat
1 16 -1.414546 8.042674 26.319414 0.002479 0.16061 0.987015 -0.43314 -0.889453 0.145822 0.901323 -0.427877 0.067362 932.dat
1 16 -1.496884 8.496276 26.513389 0.001352 0.163321 0.986572 -0.406515 -0.901287 0.149759 0.913643 -0.401259 0.065173 932.dat
1 16 -1.578544 8.94692 26.714018 0.006628 0.163321 0.986551 -0.405708 -0.901287 0.151931 0.913979 -0.401259 0.060287 932.dat
1 16 -1.662762 9.408252 26.888237 0.003493 0.16673 0.985996 -0.370691 -0.915539 0.156129 0.92875 -0.366045 0.058607 932.dat
1 16 -1.746127 9.866022 27.071259 0.00893 0.16673 0.985962 -0.369824 -0.915539 0.158171 0.929059 -0.366045 0.053485 932.dat
1 16 -1.831964 10.333515 27.227329 0.005618 0.170026 0.985424 -0.334066 -0.928504 0.16211 0.942533 -0.330107 0.051583 932.dat
1 16 -1.916977 10.797767 27.392382 0.01122 0.170026 0.985376 -0.333139 -0.928504 0.164006 0.942811 -0.330107 0.046225 932.dat
1 16 -2.004189 11.270019 27.532399 0.008523 0.172957 0.984892 -0.299826 -0.93917 0.167523 0.953956 -0.296725 0.043853 932.dat
1 16 -2.090667 11.739604 27.680761 0.014291 0.172957 0.984826 -0.29884 -0.93917 0.169276 0.954196 -0.296725 0.038265 932.dat
1 16 -2.179071 12.215571 27.806558 0.012411 0.175524 0.984397 -0.268691 -0.947679 0.172365 0.963147 -0.266637 0.0354 932.dat
1 16 -2.266833 12.68941 27.939877 0.018347 0.175524 0.984304 -0.267646 -0.947679 0.173982 0.963343 -0.266637 0.029591 932.dat
1 16 -2.356297 13.168321 28.052955 0.01726 0.177794 0.983916 -0.240468 -0.954441 0.176686 0.970504 -0.23965 0.02628 932.dat
1 16 -2.445194 13.645541 28.17278 0.023365 0.177794 0.98379 -0.239367 -0.954441 0.178175 0.970648 -0.23965 0.020258 932.dat
1 16 -2.53562 14.1268 28.274416 0.023001 0.179832 0.983428 -0.214804 -0.959825 0.18054 0.976386 -0.215397 0.016552 932.dat
1 16 -2.625536 14.606713 28.382114 0.029273 0.179832 0.983262 -0.213648 -0.959825 0.181906 0.976472 -0.215397 0.010324 932.dat
1 16 -2.716846 15.089847 28.473425 0.029565 0.181691 0.982911 -0.191378 -0.96412 0.183974 0.981071 -0.193547 0.006267 932.dat
1 16 -2.807691 15.571907 28.570198 0.036004 0.181691 0.982696 -0.190168 -0.96412 0.185224 0.981091 -0.193547 -0.00016 932.dat
1 16 -2.899827 16.056537 28.652179 0.036894 0.183411 0.982344 -0.169924 -0.967546 0.187031 0.984766 -0.173824 -0.004531 932.dat
1 16 -2.991533 16.54031 28.739091 0.043498 0.183411 0.982073 -0.168662 -0.967546 0.188169 0.984714 -0.173824 -0.011152 932.dat
1 16 -3.084449 17.026128 28.812634 0.044937 0.185026 0.981706 -0.150219 -0.970273 0.189747 0.987631 -0.155998 -0.015807 932.dat
1 16 -3.176962 17.511265 28.890632 0.051704 0.185026 0.981373 -0.148908 -0.970273 0.190778 0.987498 -0.155998 -0.022616 932.dat
1 16 -3.270625 17.998023 28.956538 0.053648 0.186559 0.980978 -0.132077 -0.972436 0.192157 0.989787 -0.139874 -0.027529 932.dat
1 16 -3.363904 18.484241 29.026475 0.060576 0.186559 0.980574 -0.130717 -0.972436 0.193086 0.989567 -0.139874 -0.03452 932.dat
1 16 -3.458289 18.971736 29.085471 0.062986 0.188033 0.980141 -0.115339 -0.974139 0.194293 0.991327 -0.125286 -0.03967 932.dat
1 16 -3.552305 19.458806 29.148114 0.070072 0.188033 0.97966 -0.113931 -0.974139 0.195122 0.991014 -0.125286 -0.046838 932.dat
1 16 -3.647395 19.946873 29.200862 0.072915 0.189464 0.979177 -0.099868 -0.975468 0.196183 0.992325 -0.112093 -0.052205 932.dat
1 16 -3.742127 20.434607 29.256909 0.080157 0.189464 0.97861 -0.098414 -0.975468 0.196916 0.991912 -0.112093 -0.059545 932.dat
1 16 -3.83791 20.923108 29.304016 0.083403 0.190866 0.978067 -0.085548 -0.976491 0.197854 0.992837 -0.100174 -0.065114 932.dat
1 16 -3.933343 21.411354 29.354103 0.090798 0.190866 0.977408 -0.08405 -0.976491 0.198495 0.992316 -0.100174 -0.072621 932.dat
1 16 -4.029816 21.900178 29.396127 0.094421 0.192252 0.976793 -0.07228 -0.977263 0.199332 0.992905 -0.089424 -0.078378 932.dat
1 16 -4.125942 22.388809 29.440839 0.101967 0.192252 0.976034 -0.070737 -0.977263 0.199884 0.99227 -0.089424 -0.086049 932.dat
1 16 -4.222068 22.877441 29.485551 0.10959 0.192252 0.975207 -0.069174 -0.977263 0.200431 0.991567 -0.089424 -0.093799 932.dat
1 16 -4.319657 23.366651 29.519984 0.11211 0.194202 0.974534 -0.054555 -0.978035 0.201176 0.992197 -0.075719 -0.099053 932.dat
1 16 -4.416758 23.855669 29.557844 0.119879 0.194202 0.973609 -0.052949 -0.978035 0.201604 0.991376 -0.075719 -0.106963 932.dat
1 16 -4.514915 24.34494 29.589353 0.12427 0.19561 0.972776 -0.043295 -0.978373 0.202267 0.991303 -0.067252 -0.113113 932.dat
1 16 -4.612721 24.834126 29.622979 0.132185 0.19561 0.971732 -0.041647 -0.978373 0.202613 0.99035 -0.067252 -0.12118 932.dat
1 16 -4.711574 25.323461 29.651079 0.136964 0.197008 0.970788 -0.033011 -0.978571 0.203245 0.990026 -0.059884 -0.127525 932.dat
1 16 -4.810077 25.812747 29.681021 0.145026 0.197008 0.969616 -0.031321 -0.978571 0.203512 0.988932 -0.059884 -0.135748 932.dat
1 16 -4.909642 26.3021 29.706092 0.150119 0.198422 0.968552 -0.023484 -0.978661 0.204133 0.988389 -0.053389 -0.142256 932.dat
1 16 -5.008853 26.791431 29.732787 0.15833 0.198422 0.967244 -0.021751 -0.978661 0.204325 0.987147 -0.053389 -0.150636 932.dat
1 16 -5.108064 27.280762 29.759482 0.16662 0.198422 0.96585 -0.019998 -0.978661 0.204504 0.985818 -0.053389 -0.159096 932.dat
1 16 -5.208765 27.770087 29.780291 0.170982 0.200408 0.964677 -0.010833 -0.978653 0.205232 0.985215 -0.045542 -0.165161 932.dat
1 16 -5.308969 28.259413 29.803061 0.179424 0.200408 0.963143 -0.009036 -0.978653 0.205319 0.98373 -0.045542 -0.173783 932.dat
1 16 -5.410325 28.748664 29.822178 0.185138 0.201945 0.961739 -0.002636 -0.978552 0.205982 0.982709 -0.04067 -0.180634 932.dat
1 16 -5.511298 29.23794 29.842513 0.19374 0.201945 0.960043 -0.000792 -0.978552 0.205998 0.981053 -0.04067 -0.189425 932.dat
1 16 -5.613419 29.727095 29.859885 0.199856 0.203476 0.958465 0.004791 -0.978391 0.206708 0.979814 -0.03672 -0.196512 932.dat
1 16 -5.715157 30.216291 29.878245 0.208628 0.203476 0.956594 0.006685 -0.978391 0.206655 0.977972 -0.03672 -0.20548 932.dat
1 16 -5.816895 30.705486 29.896605 0.21749 0.203476 0.954618 0.008601 -0.978391 0.206584 0.976025 -0.03672 -0.21454 932.dat
1 16 -5.920247 31.194461 29.91165 0.223128 0.205628 0.952854 0.014721 -0.978097 0.207629 0.974678 -0.032301 -0.221268 932.dat
1 16 -6.023062 31.68351 29.927801 0.232175 0.205628 0.95069 0.016694 -0.978097 0.207479 0.972531 -0.032301 -0.230523 932.dat
1 16 -6.127146 32.172348 29.942121 0.239011 0.207323 0.948626 0.021031 -0.977817 0.208403 0.970789 -0.02986 -0.238069 932.dat
1 16 -6.230808 32.661257 29.957051 0.24826 0.207323 0.946248 0.023064 -0.977817 0.208188 0.968419 -0.02986 -0.247535 932.dat
1 16 -6.334469 33.150165 29.971981 0.257615 0.207323 0.943744 0.025124 -0.977817 0.20795 0.965921 -0.02986 -0.257109 932.dat
1 16 -6.439933 33.638741 29.985151 0.264146 0.209727 0.941404 0.029543 -0.977373 0.20945 0.96403 -0.027514 -0.264365 932.dat
1 16 -6.544796 34.127427 29.998908 0.273729 0.209727 0.938662 0.031676 -0.977373 0.209138 0.961285 -0.027514 -0.274179 932.dat
1 16 -6.650999 34.615841 30.012091 0.281574 0.211513 0.935937 0.034704 -0.977009 0.210354 0.958912 -0.026749 -0.282441 932.dat
1 16 -6.756756 35.104345 30.025466 0.291402 0.211513 0.932924 0.036915 -0.977009 0.209977 0.955888 -0.026749 -0.292511 932.dat
1 16 -6.863894 35.592551 30.038758 0.299686 0.213356 0.929875 0.03947 -0.976611 0.211358 0.953221 -0.026639 -0.301098 932.dat
1 16 -6.970572 36.080857 30.052078 0.309779 0.213356 0.926562 0.041766 -0.976611 0.210917 0.949891 -0.026639 -0.311445 932.dat
1 16 -7.07725 36.569163 30.065397 0.320005 0.213356 0.92308 0.044095 -0.976611 0.210442 0.946389 -0.026639 -0.321928 932.dat
1 16 -7.185935 37.057012 30.079275 0.328303 0.216032 0.919536 0.046198 -0.976002 0.212804 0.943442 -0.027384 -0.330405 932.dat
1 16 -7.293951 37.545013 30.092967 0.338821 0.216032 0.915713 0.048634 -0.976002 0.212261 0.939593 -0.027384 -0.341197 932.dat
1 16 -7.403515 38.032639 30.107721 0.348229 0.218096 0.911686 0.050219 -0.975502 0.214181 0.936064 -0.0288 -0.35065 932.dat
1 16 -7.512563 38.52039 30.122122 0.359047 0.218096 0.90748 0.052762 -0.975502 0.213569 0.931827 -0.0288 -0.361758 932.dat
1 16 -7.6232 39.007736 30.138081 0.368997 0.220214 0.902966 0.053958 -0.974963 0.215723 0.927863 -0.030879 -0.371641 932.dat
1 16 -7.733307 39.495218 30.15352 0.38012 0.220214 0.89834 0.056618 -0.974963 0.21504 0.923202 -0.030879 -0.383071 932.dat
1 16 -7.843414 39.982699 30.168959 0.391386 0.220214 0.893489 0.059318 -0.974963 0.214311 0.918313 -0.030879 -0.39465 932.dat
1 16 -7.955827 40.469559 30.187277 0.401736 0.223289 0.888116 0.059517 -0.974134 0.217993 0.913819 -0.034717 -0.404634 932.dat
1 16 -8.067471 40.956626 30.204636 0.413307 0.223289 0.882791 0.062361 -0.974134 0.217196 0.908454 -0.034717 -0.41654 932.dat
1 16 -8.180921 41.44317 30.224829 0.424546 0.225696 0.876825 0.062713 -0.973437 0.220199 0.903232 -0.038496 -0.427423 932.dat
1 16 -8.293769 41.929888 30.244077 0.436397 0.225696 0.870987 0.065693 -0.973437 0.219329 0.897353 -0.038496 -0.439632 932.dat
1 16 -8.408468 42.416035 30.266673 0.44819 0.228164 0.86433 0.065758 -0.972674 0.222666 0.891517 -0.04296 -0.450946 932.dat
1 16 -8.522551 42.902372 30.288153 0.460292 0.228164 0.857947 0.06888 -0.972674 0.22172 0.885091 -0.04296 -0.46343 932.dat
1 16 -8.636633 43.388709 30.309633 0.472493 0.228164 0.851288 0.072039 -0.972674 0.220714 0.878385 -0.04296 -0.476019 932.dat
1 16 -8.753438 43.874137 30.336636 0.48497 0.231796 0.843252 0.070562 -0.971462 0.226457 0.871679 -0.050323 -0.487486 932.dat
1 16 -8.869336 44.359868 30.361797 0.497364 0.231796 0.836002 0.073897 -0.971462 0.225391 0.864389 -0.050323 -0.500299 932.dat
1 16 -8.987347 44.844824 30.391812 0.510346 0.234613 0.827348 0.073237 -0.970428 0.230012 0.856845 -0.056793 -0.512436 932.dat
1 16 -9.104654 45.330038 30.420208 0.522864 0.234613 0.819493 0.076725 -0.970428 0.228872 0.848956 -0.056793 -0.525403 932.dat
1 16 -9.224142 45.814382 30.454048 0.536259 0.237522 0.809944 0.07586 -0.969268 0.234018 0.840637 -0.064051 -0.537797 932.dat
1 16 -9.342903 46.299016 30.486074 0.548833 0.237522 0.801477 0.079503 -0.969268 0.232805 0.832143 -0.064051 -0.55085 932.dat
1 16 -9.463952 46.782654 30.524237 0.562582 0.240573 0.790966 0.078405 -0.967939 0.238633 0.823015 -0.072235 -0.563407 932.dat
1 16 -9.584238 47.266624 30.560355 0.575133 0.240573 0.781887 0.082204 -0.967939 0.237352 0.81392 -0.072235 -0.57647 932.dat
1 16 -9.704525 47.750593 30.596472 0.587637 0.240573 0.772533 0.086011 -0.967939 0.235998 0.80454 -0.072235 -0.589489 932.dat
1 16 -9.828242 48.2329 30.642418 0.602282 0.245147 0.75971 0.082724 -0.965723 0.246042 0.793985 -0.08534 -0.601917 932.dat
1 16 -9.950815 48.715762 30.685088 0.614643 0.245147 0.749745 0.086743 -0.965723 0.244654 0.784022 -0.08534 -0.614839 932.dat
1 16 -10.07605 49.197166 30.736002 0.628986 0.248695 0.736564 0.085067 -0.963779 0.25277 0.772748 -0.096331 -0.62736 932.dat
1 16 -10.200398 49.679055 30.784168 0.641114 0.248695 0.726033 0.089247 -0.963779 0.251325 0.762239 -0.096331 -0.640088 932.dat
1 16 -10.327499 50.159268 30.841362 0.655539 0.252367 0.711744 0.087517 -0.961544 0.260334 0.750073 -0.10837 -0.652416 932.dat
1 16 -10.453683 50.64004 30.895547 0.66735 0.252367 0.700682 0.091858 -0.961544 0.258835 0.739057 -0.10837 -0.664868 932.dat
1 16 -10.582769 51.118843 30.959756 0.681811 0.256237 0.685183 0.090028 -0.958918 0.26902 0.725967 -0.121735 -0.67687 932.dat
1 16 -10.710887 51.598302 31.020623 0.693225 0.256237 0.673633 0.094535 -0.958918 0.267469 0.714494 -0.121735 -0.688969 932.dat
1 16 -10.842072 52.075431 31.092624 0.707656 0.260325 0.656852 0.092646 -0.955812 0.278998 0.700457 -0.13658 -0.700504 932.dat
1 16 -10.972234 52.553337 31.160914 0.718598 0.260325 0.644863 0.097323 -0.955812 0.277401 0.688582 -0.13658 -0.71218 932.dat
1 16 -11.105637 53.028475 31.24157 0.732932 0.264646 0.626716 0.095435 -0.95212 0.290447 0.673575 -0.153067 -0.723096 932.dat
1 16 -11.23796 53.504535 31.318103 0.743335 0.264646 0.614341 0.10029 -0.95212 0.288806 0.661358 -0.153067 -0.734286 932.dat
1 16 -11.37371 53.977286 31.408373 0.757509 0.269215 0.59473 0.098481 -0.947709 0.303562 0.645354 -0.171382 -0.74441 932.dat
1 16 -11.508318 54.45114 31.494063 0.767313 0.269215 0.582026 0.103525 -0.947709 0.301879 0.632861 -0.171382 -0.75506 932.dat
1 16 -11.646548 54.92102 31.595024 0.781263 0.274046 0.560827 0.10189 -0.942409 0.318566 0.61583 -0.191741 -0.764192 932.dat
1 16 -11.783571 55.392224 31.690894 0.790416 0.274046 0.547852 0.107135 -0.942409 0.31684 0.603129 -0.191741 -0.774255 932.dat
1 16 -11.92442 55.858627 31.80376 0.804078 0.279147 0.524915 0.105793 -0.936007 0.335707 0.585036 -0.214402 -0.782154 932.dat
1 16 -12.063994 56.32663 31.910961 0.812533 0.279147 0.51173 0.111255 -0.936007 0.333937 0.5722 -0.214402 -0.791593 932.dat
1 16 -12.207603 56.788798 32.037111 0.825836 0.284527 0.486867 0.110356 -0.928226 0.355271 0.553007 -0.239666 -0.797962 932.dat
1 16 -12.349866 57.252912 32.156944 0.833554 0.284527 0.473531 0.116052 -0.928226 0.353451 0.54011 -0.239666 -0.806747 932.dat
1 16 -12.496373 57.709887 32.297947 0.846418 0.290184 0.446509 0.115784 -0.918709 0.377582 0.51978 -0.267893 -0.81121 932.dat
1 16 -12.641465 58.169241 32.431894 0.853365 0.290184 0.433083 0.121734 -0.918709 0.375705 0.506901 -0.267893 -0.81932 932.dat
1 16 -12.790997 58.619801 32.589553 0.86569 0.296104 0.403613 0.122331 -0.906982 0.403012 0.485403 -0.29951 -0.821388 932.dat
1 16 -12.939049 59.073291 32.739307 0.871836 0.296104 0.390158 0.128557 -0.906982 0.40107 0.472625 -0.29951 -0.828806 932.dat
1 16 -13.091713 59.515856 32.915699 0.883496 0.302254 0.357879 0.130317 -0.892413 0.431991 0.449947 -0.335025 -0.827832 932.dat
1 16 -13.2458 59.953804 33.101706 0.892601 0.3062 0.330916 0.134483 -0.881401 0.45282 0.430323 -0.359685 -0.827918 932.dat
1 16 -13.3989 60.394504 33.281549 0.897454 0.3062 0.317519 0.141245 -0.881401 0.450757 0.417883 -0.359685 -0.834266 932.dat
1 16 -13.556079 60.821791 33.48901 0.906979 0.311639 0.28332 0.145904 -0.863517 0.482753 0.395096 -0.39651 -0.828661 932.dat
1 16 -13.711899 61.25355 33.687265 0.911011 0.311639 0.270075 0.152922 -0.863517 0.480576 0.382981 -0.39651 -0.83433 932.dat
1 16 -13.872164 61.666983 33.919405 0.919838 0.317567 0.230324 0.159454 -0.839083 0.52011 0.358431 -0.44169 -0.822458 932.dat
1 16 -14.033651 62.072468 34.163859 0.926059 0.321172 0.19815 0.16751 -0.820342 0.546791 0.338165 -0.473168 -0.813484 932.dat
1 16 -14.194237 62.482639 34.400443 0.928727 0.321172 0.185242 0.175104 -0.820342 0.544406 0.326809 -0.473168 -0.818112 932.dat
1 16 -14.358224 62.869902 34.67196 0.93455 0.325706 0.143291 0.185622 -0.789798 0.584606 0.30358 -0.519745 -0.798564 932.dat
1 16 -14.521077 63.264801 34.931832 0.936391 0.325706 0.130716 0.193463 -0.789798 0.582058 0.292819 -0.519745 -0.802572 932.dat
1 16 -14.687054 63.627779 35.234576 0.94054 0.329872 0.081053 0.207674 -0.747237 0.631275 0.268806 -0.576907 -0.771312 932.dat
1 16 -14.853246 63.979547 35.549264 0.942354 0.331547 0.045231 0.220974 -0.718103 0.659923 0.251276 -0.611886 -0.74997 932.dat
1 16 -15.019019 64.338599 35.855208 0.942851 0.331547 0.033307 0.229304 -0.718103 0.657075 0.241769 -0.611886 -0.753089 932.dat
1 16 -15.18566 64.65885 36.202695 0.942874 0.332703 -0.017256 0.248005 -0.66637 0.703168 0.222447 -0.667278 -0.710815 932.dat
1 16 -15.351707 64.963715 36.563242 0.941574 0.332297 -0.054934 0.264516 -0.628609 0.731356 0.208496 -0.703156 -0.67978 932.dat
1 16 -15.517856 65.278019 36.914821 0.940861 0.332297 -0.066026 0.273116 -0.628609 0.728188 0.200471 -0.703156 -0.68219 932.dat
1 16 -15.681982 65.543462 37.307191 0.936636 0.3296 -0.118648 0.295985 -0.56346 0.771301 0.187368 -0.757546 -0.625314 932.dat
1 16 -15.844381 65.790999 37.710862 0.932244 0.3264 -0.156157 0.314573 -0.51787 0.795522 0.178789 -0.790743 -0.585457 932.dat
1 16 -16.007581 66.049934 38.106233 0.930492 0.3264 -0.166277 0.323198 -0.51787 0.792057 0.172417 -0.790743 -0.587365 932.dat
1 16 -16.165261 66.251788 38.537413 0.9224 0.319039 -0.217698 0.347956 -0.441761 0.826906 0.167645 -0.838487 -0.518492 932.dat
1 16 -16.320162 66.434716 38.976921 0.915552 0.312882 -0.252725 0.366683 -0.391158 0.844121 0.165255 -0.865506 -0.472853 932.dat
1 16 -16.476603 66.630294 39.409674 0.912996 0.312882 -0.261807 0.375049 -0.391158 0.840437 0.16055 -0.865506 -0.474471 932.dat
1 16 -16.62437 66.765736 39.869339 0.902393 0.301316 -0.308053 0.398403 -0.310975 0.862884 0.164204 -0.90139 -0.400667 932.dat
1 16 -16.768555 66.882162 40.334363 0.894084 0.292685 -0.339043 0.415422 -0.258892 0.872009 0.167448 -0.920495 -0.353059 932.dat
1 16 -16.914897 67.011608 40.79461 0.890984 0.292685 -0.347105 0.423282 -0.258892 0.868221 0.164252 -0.920495 -0.354557 932.dat
1 16 -17.050722 67.084134 41.271581 0.87965 0.278662 -0.385439 0.442618 -0.183 0.877839 0.174085 -0.942793 -0.284316 932.dat
1 16 -17.182331 67.13761 41.751525 0.870813 0.268365 -0.411905 0.456856 -0.132301 0.879647 0.181571 -0.954189 -0.237814 932.dat
1 16 -17.316514 67.203761 42.228619 0.867404 0.268365 -0.419035 0.464057 -0.132301 0.87587 0.179614 -0.954189 -0.239295 932.dat
1 16 -17.439798 67.22022 42.713815 0.856664 0.253834 -0.449105 0.478579 -0.066045 0.875557 0.192585 -0.96499 -0.178059 932.dat
1 16 -17.566715 67.253242 43.19631 0.853169 0.253834 -0.455709 0.485329 -0.066045 0.871834 0.191204 -0.96499 -0.179541 932.dat
1 16 -17.681508 67.235237 43.68357 0.842171 0.237669 -0.484006 0.49786 0.001992 0.867255 0.207083 -0.971344 -0.116648 932.dat
1 16 -17.800342 67.234241 44.169242 0.838632 0.237669 -0.490112 0.504148 0.001992 0.863615 0.20623 -0.971344 -0.11815 932.dat
1 16 -17.907234 67.186489 44.656141 0.828332 0.221746 -0.514485 0.514043 0.064333 0.855349 0.222768 -0.97298 -0.060697 932.dat
1 16 -18.018107 67.154322 45.142631 0.824793 0.221746 -0.52014 0.519883 0.064333 0.851812 0.222348 -0.97298 -0.06222 932.dat
1 16 -18.11781 67.081044 45.627704 0.81546 0.206853 -0.540589 0.52743 0.11915 0.841202 0.238416 -0.97109 -0.011939 932.dat
1 16 -18.221237 67.021469 46.113249 0.811953 0.206853 -0.545843 0.53285 0.11915 0.837779 0.238334 -0.97109 -0.013478 932.dat
1 16 -18.314356 66.925893 46.595602 0.803534 0.19311 -0.563065 0.538537 0.167152 0.825856 0.253598 -0.966834 0.030315 932.dat
1 16 -18.410911 66.842317 47.079019 0.800081 0.19311 -0.56796 0.543568 0.167152 0.822553 0.253779 -0.966834 0.028766 932.dat
1 16 -18.497968 66.727026 47.558082 0.792461 0.180445 -0.582619 0.547801 0.209438 0.809969 0.268177 -0.961028 0.067123 932.dat
1 16 -18.58819 66.622308 48.038596 0.789078 0.180445 -0.587192 0.552476 0.209438 0.806787 0.268561 -0.961028 0.065571 932.dat
1 16 -18.669652 66.48947 48.514007 0.782154 0.168764 -0.599795 0.555568 0.24693 0.793959 0.282099 -0.954224 0.099377 932.dat
1 16 -18.754034 66.366005 48.99112 0.77885 0.168764 -0.604079 0.559917 0.24693 0.790897 0.28264 -0.954224 0.097828 932.dat
1 16 -18.830323 66.217463 49.462667 0.772533 0.157974 -0.61501 0.562106 0.280366 0.778095 0.295346 -0.946805 0.127794 932.dat
1 16 -18.90931 66.07728 49.936069 0.769314 0.157974 -0.619032 0.566158 0.280366 0.775152 0.296009 -0.946805 0.126252 932.dat
1 16 -18.988297 65.937097 50.409472 0.766136 0.157974 -0.622961 0.570118 0.280366 0.772244 0.296651 -0.946805 0.124735 932.dat
1 16 -19.057194 65.76676 50.874872 0.759539 0.144521 -0.634204 0.570425 0.320571 0.756207 0.312595 -0.936135 0.161048 932.dat
1 16 -19.129454 65.606474 51.342939 0.756451 0.144521 -0.637883 0.574089 0.320571 0.753429 0.313373 -0.936135 0.159529 932.dat
1 16 -19.194775 65.426148 51.804867 0.75125 0.135269 -0.646008 0.574686 0.347292 0.741029 0.324592 -0.92795 0.183166 932.dat
1 16 -19.26241 65.252502 52.268842 0.748252 0.135269 -0.649478 0.578109 0.347292 0.738362 0.325436 -0.92795 0.181662 932.dat
1 16 -19.330044 65.078856 52.732817 0.745293 0.135269 -0.652871 0.581458 0.347292 0.735727 0.326258 -0.92795 0.180181 932.dat
1 16 -19.3896 64.882545 53.189028 0.740111 0.124498 -0.66086 0.580618 0.377512 0.721365 0.339291 -0.917597 0.207116 932.dat
1 16 -19.451849 64.693788 53.647826 0.737244 0.124498 -0.664057 0.583735 0.377512 0.718845 0.340184 -0.917597 0.205645 932.dat
1 16 -19.514098 64.505032 54.106625 0.734414 0.124498 -0.667186 0.586786 0.377512 0.716357 0.341055 -0.917597 0.204197 932.dat
1 16 -19.568729 64.29554 54.557526 0.729735 0.114341 -0.674102 0.585302 0.405161 0.702329 0.353424 -0.907067 0.228736 932.dat
1 16 -19.625899 64.09296 55.01106 0.726995 0.114341 -0.677056 0.588146 0.405161 0.699949 0.354349 -0.907067 0.227301 932.dat
1 16 -19.68307 63.890379 55.464593 0.72429 0.114341 -0.679948 0.590931 0.405161 0.6976 0.355252 -0.907067 0.225886 932.dat
1 16 -19.733435 63.669785 55.910624 0.720145 0.105268 -0.685792 0.589193 0.42918 0.684585 0.366393 -0.897064 0.247049 932.dat
1 16 -19.786069 63.455195 56.359156 0.717527 0.105268 -0.68853 0.591796 0.42918 0.682336 0.367331 -0.897064 0.245651 932.dat
1 16 -19.838703 63.240605 56.807688 0.714944 0.105268 -0.691212 0.594347 0.42918 0.680115 0.368248 -0.897064 0.244274 932.dat
1 16 -19.885256 63.010315 57.249175 0.711247 0.09716 -0.696195 0.59248 0.450113 0.668106 0.37828 -0.88767 0.262576 932.dat
1 16 -19.933836 62.785259 57.69301 0.708745 0.09716 -0.698742 0.594872 0.450113 0.665977 0.379219 -0.88767 0.261218 932.dat
1 16 -19.982417 62.560202 58.136845 0.706277 0.09716 -0.701237 0.597217 0.450113 0.663875 0.380138 -0.88767 0.259879 932.dat
1 16 -20.02892 62.312854 58.569127 0.701787 0.094392 -0.706106 0.589378 0.479835 0.649917 0.400161 -0.872267 0.281109 932.dat
1 16 -20.076116 62.072937 59.00526 0.699556 0.094392 -0.708316 0.591425 0.479835 0.648055 0.401046 -0.872267 0.279846 932.dat
1 16 -20.123312 61.83302 59.441394 0.698324 0.094392 -0.70953 0.59255 0.479835 0.647026 0.401531 -0.872267 0.279148 932.dat
1 16 -20.172021 61.556887 59.856086 0.692768 0.096408 -0.714687 0.57302 0.528121 0.626687 0.437859 -0.843678 0.310622 932.dat
1 16 -20.220225 61.292827 60.277925 0.691469 0.096408 -0.715944 0.574157 0.528121 0.625645 0.438423 -0.843678 0.309826 932.dat
1 16 -20.268429 61.028766 60.699764 0.690163 0.096408 -0.717203 0.575296 0.528121 0.624598 0.438987 -0.843678 0.309026 932.dat
1 16 -20.319001 60.723092 61.093277 0.682786 0.099566 -0.723802 0.549088 0.583606 0.598253 0.481981 -0.80591 0.343807 932.dat
1 16 -20.368784 60.431289 61.496232 0.681398 0.099566 -0.725109 0.550233 0.583606 0.5972 0.482639 -0.80591 0.342884 932.dat
1 16 -20.418567 60.139486 61.899187 0.680003 0.099566 -0.726417 0.55138 0.583606 0.596141 0.483297 -0.80591 0.341955 932.dat
1 16 -20.4708 59.803178 62.266942 0.670685 0.102832 -0.734579 0.51867 0.642947 0.563561 0.530247 -0.758976 0.377879 932.dat
1 16 -20.522216 59.481704 62.64643 0.669196 0.102832 -0.735937 0.519811 0.642947 0.562509 0.531012 -0.758976 0.376804 932.dat
1 16 -20.575196 59.128747 62.997451 0.661075 0.104917 -0.742948 0.493608 0.684926 0.535936 0.565093 -0.72102 0.400999 932.dat
1 16 -20.627654 58.786284 63.357961 0.659507 0.104917 -0.74434 0.494737 0.684926 0.534894 0.565937 -0.72102 0.399807 932.dat
1 16 -20.680113 58.443821 63.718471 0.657931 0.104917 -0.745734 0.495868 0.684926 0.533846 0.566782 -0.72102 0.398609 932.dat
1 16 -20.734386 58.058715 64.034711 0.645586 0.107337 -0.756107 0.454371 0.741783 0.493259 0.613812 -0.661994 0.430114 932.dat
1 16 -20.788055 57.687824 64.365708 0.643899 0.107337 -0.757544 0.45547 0.741783 0.492245 0.61477 -0.661994 0.428744 932.dat
1 16 -20.842731 57.287294 64.661175 0.633244 0.108681 -0.766284 0.422189 0.781301 0.459701 0.648659 -0.61462 0.44887 932.dat
1 16 -20.897072 56.896644 64.968485 0.631464 0.108681 -0.767751 0.423255 0.781301 0.458721 0.649698 -0.61462 0.447364 932.dat
1 16 -20.952115 56.47832 65.238121 0.619828 0.109617 -0.777044 0.387621 0.818199 0.424619 0.682322 -0.564389 0.464653 932.dat
1 16 -21.006923 56.06922 65.520316 0.617953 0.109617 -0.778536 0.388643 0.818199 0.423683 0.68344 -0.564389 0.463006 932.dat
1 16 -21.061732 55.660121 65.80251 0.616068 0.109617 -0.780029 0.389667 0.818199 0.422741 0.684558 -0.564389 0.461351 932.dat
1 16 -21.116985 55.216446 66.029479 0.598984 0.110209 -0.793141 0.336267 0.864299 0.374047 0.726734 -0.490755 0.480642 932.dat
1 16 -21.172089 54.784296 66.274857 0.596967 0.110209 -0.79466 0.337216 0.864299 0.373192 0.727953 -0.490755 0.478794 932.dat
1 16 -21.227118 54.329626 66.477409 0.582593 0.110109 -0.805271 0.295421 0.894326 0.336016 0.757173 -0.433655 0.4885 932.dat
1 16 -21.282173 53.882463 66.694236 0.58047 0.110109 -0.806802 0.296305 0.894326 0.335236 0.758457 -0.433655 0.486504 932.dat
1 16 -21.336832 53.416356 66.868799 0.565591 0.109581 -0.817373 0.254458 0.919584 0.299359 0.784448 -0.377302 0.492225 932.dat
1 16 -21.391622 52.956564 67.05745 0.563363 0.109581 -0.81891 0.255272 0.919584 0.298665 0.785785 -0.377302 0.490087 932.dat
1 16 -21.446413 52.496772 67.2461 0.561124 0.109581 -0.820446 0.256087 0.919584 0.297967 0.787121 -0.377302 0.487939 932.dat
1 16 -21.50019 52.015859 67.376855 0.54034 0.10823 -0.834457 0.197313 0.947746 0.25069 0.817985 -0.300107 0.49075 932.dat
1 16 -21.554304 51.541986 67.526909 0.537967 0.10823 -0.835989 0.198024 0.947746 0.250128 0.819377 -0.300107 0.488424 932.dat
1 16 -21.607355 51.055941 67.634584 0.521235 0.106811 -0.846703 0.154352 0.963976 0.216625 0.839339 -0.243603 0.485971 932.dat
1 16 -21.660761 50.573953 67.756386 0.518758 0.106811 -0.848223 0.154985 0.963976 0.216173 0.840756 -0.243603 0.483516 932.dat
1 16 -21.714166 50.091965 67.878187 0.516269 0.106811 -0.84974 0.155618 0.963976 0.215718 0.842169 -0.243603 0.481049 932.dat
1 16 -21.765789 49.597972 67.944408 0.493721 0.104434 -0.863327 0.096857 0.979982 0.173936 0.86421 -0.169495 0.473722 932.dat
1 16 -21.818006 49.107981 68.029155 0.491106 0.104434 -0.864817 0.097383 0.979982 0.173642 0.865639 -0.169495 0.471105 932.dat
1 16 -21.86879 48.612358 68.076624 0.474235 0.102523 -0.874408 0.057336 0.987491 0.146878 0.878529 -0.11979 0.462425 932.dat
1 16 -21.920052 48.118612 68.136519 0.471531 0.102523 -0.87587 0.05779 0.987491 0.1467 0.879954 -0.11979 0.459708 932.dat
1 16 -21.971313 47.624867 68.196414 0.468815 0.102523 -0.877326 0.058244 0.987491 0.146521 0.881374 -0.11979 0.45698 932.dat
1 16 -22.020427 47.126611 68.207655 0.446331 0.099659 -0.889301 0.004694 0.993505 0.113692 0.894856 -0.054918 0.442964 932.dat
1 16 -22.070256 46.629858 68.235114 0.44351 0.099659 -0.890712 0.005054 0.993505 0.113676 0.896255 -0.054918 0.440125 932.dat
1 16 -22.118507 46.131869 68.230656 0.426988 0.097554 -0.89898 -0.03063 0.995153 0.093442 0.903738 -0.012362 0.427907 932.dat
1 16 -22.167284 45.634293 68.236837 0.424094 0.097554 -0.900349 -0.03033 0.995153 0.09354 0.90511 -0.012362 0.424997 932.dat
1 16 -22.21606 45.136716 68.243018 0.421189 0.097554 -0.901711 -0.030028 0.995153 0.093637 0.906476 -0.012362 0.422077 932.dat
1 16 -22.262647 44.63952 68.208774 0.399956 0.094633 -0.911636 -0.076197 0.994645 0.06982 0.913361 0.041539 0.405025 932.dat
1 16 -22.309963 44.142198 68.188004 0.396971 0.094633 -0.91294 -0.075968 0.994645 0.070069 0.914682 0.041539 0.402034 932.dat
1 16 -22.355668 43.64638 68.139744 0.380891 0.092483 -0.919983 -0.107825 0.992639 0.055146 0.918312 0.078193 0.388059 932.dat
1 16 -22.401909 43.15006 68.100648 0.377848 0.092483 -0.921237 -0.107642 0.992639 0.055502 0.919589 0.078193 0.385022 932.dat
1 16 -22.448151 42.65374 68.061552 0.374796 0.092483 -0.922483 -0.107458 0.992639 0.055858 0.920859 0.078193 0.381976 932.dat
1 16 -22.49234 42.16054 67.989695 0.355382 0.089747 -0.930403 -0.146095 0.98848 0.039546 0.923233 0.121874 0.364399 932.dat
1 16 -22.537214 41.666301 67.928758 0.352272 0.089747 -0.931584 -0.145963 0.98848 0.040034 0.924445 0.121874 0.361314 932.dat
1 16 -22.582088 41.172061 67.867821 0.349154 0.089747 -0.932758 -0.145828 0.98848 0.040522 0.925649 0.121874 0.35822 932.dat
1 16 -22.624875 40.682146 67.775706 0.329671 0.086965 -0.940082 -0.183211 0.982712 0.02666 0.926148 0.163444 0.339905 932.dat
1 16 -22.668357 40.19079 67.693984 0.326505 0.086965 -0.941186 -0.18312 0.982712 0.027276 0.927287 0.163444 0.336786 932.dat
1 16 -22.71184 39.699434 67.612262 0.323331 0.086965 -0.942281 -0.183027 0.982712 0.027893 0.928417 0.163444 0.333659 932.dat
1 16 -22.753336 39.213109 67.502553 0.304775 0.084316 -0.948685 -0.217083 0.976005 0.017004 0.927355 0.20076 0.315766 932.dat
1 16 -22.795494 38.725106 67.402173 0.301564 0.084316 -0.94971 -0.217024 0.976005 0.017738 0.928418 0.20076 0.312627 932.dat
1 16 -22.837652 38.237103 67.301792 0.298346 0.084316 -0.950726 -0.216962 0.976005 0.018473 0.929471 0.20076 0.309481 932.dat
1 16 -22.877947 37.754517 67.176474 0.280848 0.081832 -0.956257 -0.247699 0.968784 0.010156 0.927238 0.234011 0.292351 932.dat
1 16 -22.918863 37.270125 67.059469 0.277603 0.081832 -0.957204 -0.247663 0.968784 0.010997 0.928224 0.234011 0.289204 932.dat
1 16 -22.95978 36.785733 66.942463 0.274352 0.081832 -0.958141 -0.247624 0.968784 0.011837 0.9292 0.234011 0.286051 932.dat
1 16 -22.998953 36.306951 66.803141 0.257852 0.079509 -0.962908 -0.275431 0.961304 0.00562 0.926094 0.263766 0.269773 932.dat
1 16 -23.038707 35.826298 66.671259 0.254581 0.079509 -0.963777 -0.275411 0.961304 0.006555 0.927004 0.263766 0.266628 932.dat
1 16 -23.078461 35.345646 66.539376 0.251306 0.079509 -0.964637 -0.275387 0.961304 0.00749 0.927905 0.263766 0.263477 932.dat
1 16 -23.116585 34.870671 66.387419 0.235729 0.077334 -0.968737 -0.300633 0.953735 0.002982 0.924149 0.290531 0.248072 932.dat
1 16 -23.155252 34.393803 66.242153 0.232442 0.077334 -0.969531 -0.300621 0.953735 0.004001 0.924985 0.290531 0.244936 932.dat
1 16 -23.193919 33.916936 66.096888 0.22915 0.077334 -0.970314 -0.300606 0.953735 0.005021 0.925811 0.290531 0.241796 932.dat
1 16 -23.231059 33.445725 65.933478 0.214429 0.075298 -0.973833 -0.3236 0.946192 0.001907 0.921576 0.314723 0.227258 932.dat
1 16 -23.268709 32.972629 65.776116 0.211132 0.075298 -0.974553 -0.323592 0.946192 0.003003 0.92234 0.314723 0.224137 932.dat
1 16 -23.306358 32.499533 65.618754 0.207831 0.075298 -0.975262 -0.32358 0.946192 0.004098 0.923094 0.314723 0.221013 932.dat
1 16 -23.342576 32.032016 65.444923 0.193904 0.073391 -0.978271 -0.344583 0.938753 0.002126 0.918512 0.336684 0.207318 932.dat
1 16 -23.379272 31.56264 65.276581 0.190603 0.073391 -0.97892 -0.344574 0.938753 0.003289 0.919206 0.336684 0.204218 932.dat
1 16 -23.415967 31.093263 65.108239 0.187298 0.073391 -0.979558 -0.344561 0.938753 0.004451 0.91989 0.336684 0.201115 932.dat
1 16 -23.451321 30.629347 64.924888 0.174112 0.071602 -0.982119 -0.363795 0.931473 0.003415 0.915062 0.356695 0.188229 932.dat
1 16 -23.487122 30.16361 64.746541 0.170811 0.071602 -0.982699 -0.363781 0.931473 0.004638 0.915689 0.356695 0.185153 932.dat
