0 FILE 3535.ldr
0 3535
0 Name: 3535.ldr
0 Author: ClydeBum
0 Unofficial Model
0 ROTATION CENTER 0 0 0 1 "Custom" 
0 ROTATION CONFIG 0 0
1 0 0 0 80 0.707107 0 0.707107 0 1 0 -0.707107 0 0.707107 3535_table_ramp.ldr
1 0 -106.087 0 -188.635 0.939693 0 0.34202 0 1 0 -0.34202 0 0.939693 3535_rail.ldr
1 0 -124.398 -137.725 183.185 0.700225 0.0984102 0.707107 -0.139173 0.990268 0 -0.700225 -0.0984102 0.707107 gg001.ldr
0
0 FILE 3535_table_ramp.ldr
0 3535_table_ramp
0 Name: 3535_table_ramp.ldr
0 Author: ClydeBum
0 Unofficial Model
0 ROTATION CENTER 0 0 0 1 "Custom" 
0 ROTATION CONFIG 0 0
1 19 0 0 0 1 0 0 0 1 0 0 0 1 3865.dat
0 STEP
1 7 -30 -24 50 0 0 -1 0 1 0 1 0 0 4490.dat
1 7 30 -24 50 0 0 -1 0 1 0 1 0 0 4490.dat
1 7 30 -24 -50 0 0 -1 0 1 0 1 0 0 4490.dat
1 7 -30 -24 -50 0 0 -1 0 1 0 1 0 0 4490.dat
0 STEP
1 7 -30 -48 0 0 0 -1 0 1 0 1 0 0 3659.dat
1 7 30 -48 0 0 0 -1 0 1 0 1 0 0 3659.dat
1 6 0 -32 60 1 0 0 0 1 0 0 0 1 3795.dat
1 6 0 -32 -60 1 0 0 0 1 0 0 0 1 3795.dat
0 STEP
1 15 -90 -24 70 1 0 0 0 1 0 0 0 1 3062b.dat
1 4 -90 -48 70 1 0 0 0 1 0 0 0 1 3062b.dat
1 15 -90 -72 70 1 0 0 0 1 0 0 0 1 3062b.dat
1 4 -90 -80 70 1 0 0 0 1 0 0 0 1 3957a.dat
1 15 90 -24 70 1 0 0 0 1 0 0 0 1 3062b.dat
1 4 90 -48 70 1 0 0 0 1 0 0 0 1 3062b.dat
1 15 90 -72 70 1 0 0 0 1 0 0 0 1 3062b.dat
1 4 90 -80 70 1 0 0 0 1 0 0 0 1 3957a.dat
0 STEP
1 7 -130 -24 0 0 0 1 0 1 0 -1 0 0 3937.dat
1 7 130 -24 0 0 0 -1 0 1 0 1 0 0 3937.dat
1 7 -132 -24 0 0 0.241922 -0.970296 0 0.970296 0.241922 1 0 0 3535_ramp.ldr
1 7 132 -24 0 0 -0.241922 0.970296 0 0.970296 0.241922 -1 0 0 3535_ramp.ldr
0 WRITE missing plastic banner bb125pb01
0 STEP
1 14 -90 -160 70 0 0 1 0 1 0 -1 0 0 4495a.dat
1 14 90 -160 70 0 0 1 0 1 0 -1 0 0 4495a.dat
1 6 0 -56 30 1 0 0 0 1 0 0 0 1 6636.dat
1 6 0 -56 10 1 0 0 0 1 0 0 0 1 6636.dat
1 6 0 -56 -10 1 0 0 0 1 0 0 0 1 6636.dat
1 6 0 -56 -30 1 0 0 0 1 0 0 0 1 6636.dat
0
0 FILE 3535_ramp.ldr
0 3535_ramp
0 Name: 3535_ramp.ldr
0 Author: ClydeBum
0 Unofficial Model
0 ROTATION CENTER 0 0 0 1 "Custom" 
0 ROTATION CONFIG 0 0
1 0 0 0 0 1 0 0 0 1 0 0 0 1 6134.dat
1 8 0 -8 10 1 0 0 0 1 0 0 0 1 3020.dat
1 7 -30 -16 70 0 0 1 0 1 0 -1 0 0 4162.dat
1 7 -10 -16 70 0 0 1 0 1 0 -1 0 0 4162.dat
1 7 10 -16 70 0 0 1 0 1 0 -1 0 0 4162.dat
1 7 30 -16 70 0 0 1 0 1 0 -1 0 0 4162.dat
0
0 FILE 3535_rail.ldr
0 3535_rail
0 Name: 3535_rail.ldr
0 Author: ClydeBum
0 Unofficial Model
0 ROTATION CENTER 0 0 0 1 "Custom" 
0 ROTATION CONFIG 0 0
1 19 0 0 0 1 0 0 0 1 0 0 0 1 3865.dat
0 STEP
1 8 -140 -24 -10 1 0 0 0 1 0 0 0 1 3004.dat
1 8 0 -24 -10 1 0 0 0 1 0 0 0 1 3004.dat
1 8 140 -24 -10 1 0 0 0 1 0 0 0 1 3004.dat
1 8 -140 -48 -10 1 0 0 0 1 0 0 0 1 3004.dat
1 8 0 -48 -10 1 0 0 0 1 0 0 0 1 3004.dat
1 8 140 -48 -10 1 0 0 0 1 0 0 0 1 3004.dat
0 STEP
1 8 -80 -24 -70 1 0 0 0 1 0 0 0 1 3008.dat
1 8 80 -24 -70 1 0 0 0 1 0 0 0 1 3008.dat
0 STEP
1 0 0 -56 -10 1 0 0 0 1 0 0 0 1 3023.dat
1 7 -80 -32 -70 1 0 0 0 1 0 0 0 1 4162.dat
1 7 80 -32 -70 1 0 0 0 1 0 0 0 1 4162.dat
1 7 -140 -56 -10 -1 0 0 0 1 0 0 0 -1 44301.dat
1 7 140 -56 -10 1 0 0 0 1 0 0 0 1 44301.dat
0 STEP
1 7 -80 -64 -10 1 0 0 0 1 0 0 0 1 4162.dat
1 7 80 -64 -10 1 0 0 0 1 0 0 0 1 4162.dat
1 2 140 -8 60 1 0 0 0 1 0 0 0 1 2435.dat
0 STEP
1 2 -176 -55 -10 0 0.34202 0.939693 0 0.939693 -0.34202 -1 0 0 3535_rail_ramp.ldr
1 2 174 -55 -10 0 -0.34202 -0.939693 0 0.939693 -0.34202 1 0 0 3535_rail_ramp.ldr
0
0 FILE 3535_rail_ramp.ldr
0 3535_rail_ramp
0 Name: 3535_rail_ramp.ldr
0 Author: ClydeBum
0 Unofficial Model
0 ROTATION CENTER 0 0 0 1 "Custom" 
0 ROTATION CONFIG 0 0
1 8 0 0 -5 1 0 0 0 1 0 0 0 1 30407.dat
1 7 0 -8 -85 0 0 1 0 1 0 -1 0 0 4162.dat
0
0 FILE gg001.ldr
0 gg001
0 Name: gg001.ldr
0 Author: ClydeBum
0 Unofficial Model
0 ROTATION CENTER 0 0 0 1 "Custom" 
0 ROTATION CONFIG 0 0
1 0 0 -27 0 0.275637 0 -0.961262 0 1 0 0.961262 0 0.275637 46303.dat
1 14 0 -27 0 0.275637 0 -0.961262 0 1 0 0.961262 0 0.275637 3626bp01.dat
1 15 0 0 0 -1 0 0 0 1 0 0 0 -1 42446.dat
1 4 0 0 0 1 0 0 0 1 0 0 0 1 973.dat
1 272 0 32 0 1 0 0 0 1 0 0 0 1 3815.dat
1 4 -15.552 9 0 0.985 -0.17 0 0.17 0.985 0 0 0 1 3818.dat
1 4 15.552 9 0 0.985 0.17 0 -0.17 0.985 0 0 0 1 3819.dat
1 14 -23.8634 26.5956 -10.321 0.985 -0.12019 0.12019 0.17 0.696395 -0.696395 0 0.707 0.707 3820.dat
1 14 23.8634 26.5956 -10.321 0.985 0.12019 -0.12019 -0.17 0.696395 -0.696395 0 0.707 0.707 3820.dat
1 272 0 44 0 1 0 0 0 1 0 0 0 1 3816.dat
1 272 0 44 0 1 0 0 0 1 0 0 0 1 3817.dat
1 4 0 72 0 1 0 0 0 1 0 0 0 1 45917.dat
1 15 -30 88 0 0 0 1 0 1 0 -1 0 0 45918.dat
1 15 30 88 0 0 0 1 0 1 0 -1 0 0 45918.dat
1 15 0 6 133 -1 0 0 0 1 0 0 0 -1 42445.dat
0 
0
0
