0 4 x 4 Crawler Exclusive Edition
0 Name: 41999 4 x 4 Crawler Exclusive Edition.ldr
0 Official model
0 Author: JeSTeR
0 !COLOUR SandBlue CODE 64 VALUE #88A2B5 EDGE 0 ALPHA 255
0 !COLOUR Chrome CODE 65 VALUE #A1A29B EDGE 0 ALPHA 255
0 !COLOUR Silver CODE 66 VALUE #C7C7C7 EDGE 0 ALPHA 255
0 !COLOUR Gold CODE 67 VALUE #BBBD39 EDGE 0 ALPHA 255
0 !COLOUR Pearl_Very_Light_Grey CODE 150 VALUE #BBBDBC EDGE #333333 ALPHA 255
0 !COLOUR Olive_Green CODE 326 VALUE #9B9A5A EDGE #333333 ALPHA 255
0 !COLOUR unused CODE 330 VALUE #7F7F7F EDGE #000000 ALPHA 255
0 !COLOUR unused CODE 350 VALUE #7F7F7F EDGE #000000 ALPHA 255
0 ROTATION CENTER 0 0 0 1 "Custom" 
0 ROTATION CONFIG 0 0
0 MLCAD BTG 3
1 7 310 82.148 -650.997 1 0 0 0 1 0 0 0 1 58122.dat
1 7 -538 -196.528 -634.757 0 0 1 -1 0 0 0 -1 0 61929.dat
1 8 -498 -196.528 -618.757 1 0 0 0 0 1 0 -1 0 5306.dat
1 15 -508 -196.528 -610.757 0 0 1 -1 0 0 0 -1 0 2412b.dat
1 0 -378 6.472 -727.757 0 1 0 -0.999048 0 -0.043619 -0.043619 0 0.999048 32005.dat
1 0 -568 1.504 -628.832 1 0 0 0 1 0 0 0 1 6628.dat
1 0 -568 1.504 -508.832 1 0 0 0 1 0 0 0 1 6628.dat
1 0 -388 1.504 -628.832 -1 0 0 0 1 0 0 0 -1 6628.dat
1 0 -388 1.504 -508.832 -1 0 0 0 1 0 0 0 -1 6628.dat
1 0 -378 1.472 -509.257 0 1 0 -0.999048 0 0.043619 0.043619 0 0.999048 32005.dat
1 0 -578 6.44 -409.625 0 -1 0 -0.999048 0 -0.043619 0.043619 0 -0.999048 32005.dat
1 0 -578 1.44 -628.125 0 -1 0 -0.999048 0 0.043619 -0.043619 0 -0.999048 32005.dat
1 7 -478 1.504 -638.832 1 0 0 0 1 0 0 0 1 99498.dat
1 7 -478 1.504 -648.832 0 0 -1 0 1 0 1 0 0 4519.dat
1 7 -478 1.504 -688.832 1 0 0 0 1 0 0 0 1 62520.dat
1 7 -478 1.504 -488.832 0 0 1 0 1 0 -1 0 0 4519.dat
1 7 -478 1.504 -448.832 -1 0 0 0 1 0 0 0 -1 62520.dat
1 7 -478 1.504 -688.832 1 0 0 0 0.991446 -0.130527 0 0.130527 0.991446 62519.dat
1 7 -478 1.504 -448.832 1 0 0 0 0.991445 0.130527 0 -0.130527 0.991445 62519.dat
1 1 -438 1.504 -628.832 -1 0 0 0 1 0 0 0 -1 6558.dat
1 1 -538 1.504 -588.832 -1 0 0 0 1 0 0 0 -1 6558.dat
1 1 -538 1.504 -548.832 -1 0 0 0 1 0 0 0 -1 6558.dat
1 1 -438 1.504 -508.832 -1 0 0 0 1 0 0 0 -1 6558.dat
1 1 -518 1.504 -508.832 1 0 0 0 1 0 0 0 1 6558.dat
1 0 -548 1.504 -488.832 1 0 0 0 1 0 0 0 1 2780.dat
1 0 -558 -38.496 -638.832 0 0 1 0 1 0 -1 0 0 2780.dat
1 0 -478 -38.496 -638.832 0 0 1 0 1 0 -1 0 0 2780.dat
1 0 -398 -38.496 -638.832 0 0 1 0 1 0 -1 0 0 2780.dat
1 0 -558 -38.496 -498.832 0 0 1 0 1 0 -1 0 0 2780.dat
1 0 -398 -38.496 -498.832 0 0 1 0 1 0 -1 0 0 2780.dat
1 0 -548 1.504 -648.832 1 0 0 0 1 0 0 0 1 2780.dat
1 0 -558 11.504 -568.832 0 0 -1 1 0 0 0 -1 0 2780.dat
1 0 -398 11.504 -568.832 0 0 -1 1 0 0 0 -1 0 2780.dat
1 0 -408 1.504 -648.832 1 0 0 0 1 0 0 0 1 2780.dat
1 0 -408 1.504 -488.832 1 0 0 0 1 0 0 0 1 2780.dat
1 1 -418 1.504 -548.832 1 0 0 0 1 0 0 0 1 6558.dat
1 1 -418 1.504 -588.832 1 0 0 0 1 0 0 0 1 6558.dat
1 1 -518 1.504 -628.832 1 0 0 0 1 0 0 0 1 6558.dat
1 7 -478 1.504 -448.832 1 0 0 0 1 0 0 0 1 92910.dat
1 4 -538 1.504 -568.832 0 1 0 -1 0 0 0 0 1 40490.dat
1 4 -478 -38.496 -648.832 0 0 1 -1 0 0 0 -1 0 40490.dat
1 4 -478 23.504 -568.832 0 0 1 0 -1 0 1 0 0 40490.dat
1 4 -478 -38.496 -488.832 0 0 1 -1 0 0 0 -1 0 40490.dat
1 7 -558 -38.496 -568.832 0 1 0 -1 0 0 0 0 1 64179.dat
1 7 -398 -38.496 -568.832 0 1 0 -1 0 0 0 0 1 64179.dat
1 4 -418 1.504 -568.832 0 1 0 -1 0 0 0 0 1 40490.dat
1 4 -378 -78.496 -568.832 0 1 0 -1 0 0 0 0 1 32278.dat
1 0 -388 -78.496 -648.832 -1 0 0 0 0 -1 0 -1 0 2780.dat
1 0 -390 -78.496 -488.832 -1 0 0 0 0 -1 0 -1 0 2780.dat
1 0 -570 -78.496 -488.832 -1 0 0 0 0 -1 0 -1 0 2780.dat
1 0 -570 -78.496 -648.832 -1 0 0 0 0 -1 0 -1 0 2780.dat
1 1 -378 -78.496 -628.832 -1 0 0 0 0 -1 0 -1 0 6558.dat
1 1 -378 -78.496 -508.832 -1 0 0 0 0 -1 0 -1 0 6558.dat
1 1 -578 -78.496 -508.832 1 0 0 0 0 -1 0 1 0 6558.dat
1 0 -588 -78.496 -448.257 1 0 0 0 0 -1 0 1 0 2780.dat
1 0 -588 -78.496 -668.257 1 0 0 0 0 -1 0 1 0 2780.dat
1 0 -588 -98.496 -668.257 1 0 0 0 0 -1 0 1 0 2780.dat
1 4 -598 -138.496 -668.257 0 -1 0 0 0 1 -1 0 0 32140.dat
1 7 -578 -118.496 -648.257 0 0 1 -1 0 0 0 -1 0 63869.dat
1 4 -578 -118.496 -648.257 0 0 1 -1 0 0 0 -1 0 32062.dat
1 0 -578 -118.496 -648.257 0 -1 0 -1 0 0 0 0 -1 41678.dat
1 7 -578 -108.528 -628.257 1 0 0 0 -1 0 0 0 -1 4519.dat
1 7 -578 -128.528 -628.257 1 0 0 0 -1 0 0 0 -1 4519.dat
1 0 -598 -128.528 -608.257 0 0 -1 0 -1 0 -1 0 0 45590.dat
1 0 -598 -108.528 -608.257 0 0 -1 0 -1 0 -1 0 0 45590.dat
1 0 -562 -108.528 -628.257 0 -1 0 0 0 -1 1 0 0 41677.dat
1 0 -552 -108.528 -628.257 0 -1 0 0 0 -1 1 0 0 41677.dat
1 1 -588 -138.496 -668.257 -1 0 0 0 0 1 0 1 0 43093.dat
1 1 -578 -78.496 -628.832 1 0 0 0 0 -1 0 1 0 6558.dat
1 4 -578 -78.496 -568.832 0 1 0 -1 0 0 0 0 1 32278.dat
1 1 -598 -78.496 -688.832 -1 0 0 0 -1 0 0 0 1 6558.dat
1 4 -598 -78.496 -528.832 0 1 0 -1 0 0 0 0 1 32525.dat
1 4 -618 -78.496 -648.832 0 1 0 -1 0 0 0 0 1 32525.dat
1 7 -638 -78.496 -688.832 0 0 1 -1 0 0 0 -1 0 48989.dat
1 1 -618 -78.496 -548.832 1 0 0 0 1 0 0 0 1 6558.dat
1 4 -398 -78.496 -708.832 0 1 0 -0.601815 0 0.798636 0.798636 0 0.601815 32525.dat
1 4 -398 -78.496 -428.832 0 -1 0 -0.601815 0 0.798636 -0.798636 0 -0.601815 32525.dat
1 4 -558 -78.496 -428.832 0 -1 0 -0.601815 0 0.798636 -0.798636 0 -0.601815 32525.dat
1 14 -538 -212.328 -395.057 0 1 0 -0.438371 0 0.898794 0.898794 0 0.438371 32524.dat
1 14 -418 -212.328 -395.057 0 1 0 -0.438371 0 0.898794 0.898794 0 0.438371 32524.dat
1 4 -558 -78.496 -708.832 0 1 0 -0.601815 0 0.798636 0.798636 0 0.601815 32525.dat
1 0 -588 -158.396 -768.932 1 0 0 0 1 0 0 0 1 3706.dat
1 272 -638 -158.396 -788.757 -1 0 0 0 0 -1 0 -1 0 42003.dat
1 272 -638 -158.396 -848.757 0 0 -1 -1 0 0 0 1 0 42003.dat
1 1 -638 -168.396 -868.757 0 0 1 1 0 0 0 1 0 43093.dat
1 1 -638 -158.396 -788.757 0 0 -1 1 0 0 0 -1 0 6558.dat
1 272 -638 -178.528 -848.757 -1 0 0 0 -1 0 0 0 1 32278.dat
1 272 -318 -178.528 -848.757 -1 0 0 0 -1 0 0 0 1 32278.dat
1 272 -318 -198.528 -828.757 -1 0 0 0 -1 0 0 0 1 32525.dat
1 272 -318 -198.528 -968.757 -1 0 0 0 0 1 0 1 0 42003.dat
1 272 -638 -198.528 -828.757 -1 0 0 0 -1 0 0 0 1 32525.dat
1 272 -638 -198.528 -968.757 -1 0 0 0 0 1 0 1 0 42003.dat
1 0 -318 -188.528 -728.757 0 0 -1 -1 0 0 0 1 0 2780.dat
1 0 -318 -188.528 -948.757 0 0 -1 -1 0 0 0 1 0 2780.dat
1 0 -318 -188.528 -968.757 0 0 -1 -1 0 0 0 1 0 2780.dat
1 0 -318 -188.528 -928.757 0 0 -1 -1 0 0 0 1 0 2780.dat
1 0 -638 -188.528 -728.757 0 0 -1 -1 0 0 0 1 0 2780.dat
1 0 -638 -188.528 -948.757 0 0 -1 -1 0 0 0 1 0 2780.dat
1 0 -638 -188.528 -968.757 0 0 -1 -1 0 0 0 1 0 2780.dat
1 0 -638 -188.528 -928.757 0 0 -1 -1 0 0 0 1 0 2780.dat
1 0 -638 -168.396 -808.757 0 0 -1 1 0 0 0 -1 0 2780.dat
1 0 -368 -158.396 -768.932 1 0 0 0 1 0 0 0 1 3706.dat
1 7 -478 -158.396 -768.932 1 0 0 0 1 0 0 0 1 32073.dat
1 4 -528 -158.396 -768.932 0 0 1 0 1 0 -1 0 0 59443.dat
1 4 -508 -158.396 -368.832 0 0 1 0.601815 0.798636 0 -0.798636 0.601815 0 59443.dat
1 0 -568 -158.396 -368.832 1 0 0 0 0.798636 -0.601815 0 0.601815 0.798636 3706.dat
1 0 -388 -158.396 -368.832 1 0 0 0 0.798636 -0.601815 0 0.601815 0.798636 3706.dat
1 7 -478 -158.396 -368.832 1 0 0 0 0.798636 -0.601815 0 0.601815 0.798636 4519.dat
1 4 -448 -158.396 -368.832 0 0 1 0.601815 0.798636 0 -0.798636 0.601815 0 59443.dat
1 4 -428 -158.396 -768.932 0 0 1 0 1 0 -1 0 0 59443.dat
1 4 -558 -78.496 -708.832 -1 0 0 0 0.798636 0.601815 0 0.601815 -0.798636 32054.dat
1 4 -528 -78.496 -708.832 -1 0 0 0 0.798636 0.601815 0 0.601815 -0.798636 32062.dat
1 4 -428 -78.496 -708.832 -1 0 0 0 0.798636 0.601815 0 0.601815 -0.798636 32062.dat
1 7 -478 -78.496 -708.832 -1 0 0 0 0.798636 0.601815 0 0.601815 -0.798636 4519.dat
1 4 -398 -78.496 -708.832 1 0 0 0 0.798636 0.601815 0 -0.601815 0.798636 32054.dat
1 4 -508 -78.496 -708.832 0 0 1 0.601815 0.798636 0 -0.798636 0.601815 0 59443.dat
1 4 -448 -78.496 -708.832 0 0 1 0.601815 0.798636 0 -0.798636 0.601815 0 59443.dat
1 7 -558 -78.743 -429.042 -1 0 0 0 0.798636 0.601815 0 0.601815 -0.798636 32054.dat
1 4 -528 -78.743 -429.042 -1 0 0 0 0.798636 0.601815 0 0.601815 -0.798636 32062.dat
1 4 -428 -78.743 -429.042 -1 0 0 0 0.798636 0.601815 0 0.601815 -0.798636 32062.dat
1 7 -478 -78.743 -429.042 -1 0 0 0 0.798636 0.601815 0 0.601815 -0.798636 4519.dat
1 7 -398 -78.743 -429.042 1 0 0 0 0.798636 0.601815 0 -0.601815 0.798636 32054.dat
1 7 -508 -78.743 -429.042 0 0 1 0.601815 0.798636 0 -0.798636 0.601815 0 59443.dat
1 7 -448 -78.743 -429.042 0 0 1 0.601815 0.798636 0 -0.798636 0.601815 0 59443.dat
1 7 -478 1.504 -688.832 -1 0 0 0 1 0 0 0 -1 92910.dat
1 4 -478 1.504 -578.832 0 0 1 0 1 0 -1 0 0 32062.dat
1 4 -478 1.504 -538.832 0 0 1 0 1 0 -1 0 0 32062.dat
1 4 -478 1.504 -558.832 -1 0 0 0 1 0 0 0 -1 59443.dat
1 4 -478 1.504 -518.832 -1 0 0 0 1 0 0 0 -1 59443.dat
1 7 -478 1.608 -689.059 0 -1 0 -0.991446 0 0.130528 -0.130528 0 -0.991446 62520.dat
1 7 -478 1.538 -448.878 0 1 0 -0.991445 0 0.130527 0.130527 0 0.991445 62520.dat
1 19 -478 8.064 -399.305 0 0 -1 -0.130527 -0.991445 0 -0.991445 0.130527 0 99008.dat
1 19 -478 8.135 -738.632 0 0 1 -0.130528 -0.991446 0 0.991446 -0.130528 0 99008.dat
1 4 -578 -158.328 -768.757 0 1 0 -1 0 0 0 0 1 32278.dat
1 4 -378 -158.328 -768.757 0 1 0 -1 0 0 0 0 1 32278.dat
1 4 -578 -158.328 -348.757 0 1 0 -1 0 0 0 0 1 32278.dat
1 4 -378 -158.328 -348.757 0 1 0 -1 0 0 0 0 1 32278.dat
1 4 -598 -158.328 -568.757 0 1 0 -1 0 0 0 0 1 41239.dat
1 4 -358 -158.328 -568.757 0 1 0 -1 0 0 0 0 1 41239.dat
1 1 -578 -158.328 -448.757 1 0 0 0 1 0 0 0 1 6558.dat
1 1 -578 -158.328 -488.757 1 0 0 0 1 0 0 0 1 6558.dat
1 1 -598 -158.328 -308.757 -1 0 0 0 1 0 0 0 -1 6558.dat
1 1 -588 -158.328 -508.757 1 0 0 0 1 0 0 0 1 43093.dat
1 7 -583 -158.328 -508.757 0 0 1 0 1 0 -1 0 0 32123a.dat
1 7 -573 -158.328 -508.757 0 0 1 0 1 0 -1 0 0 32123a.dat
1 1 -578 -158.328 -648.757 1 0 0 0 1 0 0 0 1 6558.dat
1 1 -578 -158.328 -688.757 1 0 0 0 1 0 0 0 1 6558.dat
1 1 -378 -158.328 -448.757 -1 0 0 0 -1 0 0 0 1 6558.dat
1 1 -378 -158.328 -488.757 -1 0 0 0 -1 0 0 0 1 6558.dat
1 1 -378 -158.328 -648.757 -1 0 0 0 -1 0 0 0 1 6558.dat
1 4 -398 -78.328 -648.757 0 1 0 0 0 -1 -1 0 0 32526.dat
1 4 -398 -78.328 -488.757 0 -1 0 0 0 -1 1 0 0 32526.dat
1 4 -558 -78.328 -488.757 0 -1 0 0 0 -1 1 0 0 32526.dat
1 7 -578 -126.328 -488.757 1 0 0 0 -1 0 0 0 -1 32138.dat
1 4 -598 -126.328 -468.257 0 0 -1 1 0 0 0 -1 0 32291.dat
1 4 -598 -126.328 -468.257 0 0 -1 1 0 0 0 -1 0 32062.dat
1 0 -598 -126.328 -468.257 0 0 1 1 0 0 0 1 0 41678.dat
1 0 -618 -136.528 -458.257 0 0 1 0 -1 0 1 0 0 2780.dat
1 0 -618 -116.528 -458.257 0 0 1 0 -1 0 1 0 0 2780.dat
1 272 -638 -138.028 -448.257 -1 0 0 0 -1 0 0 0 1 87080.dat
1 4 -558 -78.328 -648.757 0 1 0 0 0 -1 -1 0 0 32526.dat
1 0 -368 -158.328 -628.757 -1 0 0 0 -1 0 0 0 1 2780.dat
1 0 -368 -158.328 -588.757 -1 0 0 0 -1 0 0 0 1 2780.dat
1 0 -368 -158.328 -568.757 -1 0 0 0 -1 0 0 0 1 2780.dat
1 0 -588 -158.328 -588.757 -1 0 0 0 -1 0 0 0 1 2780.dat
1 0 -588 -158.328 -568.757 -1 0 0 0 -1 0 0 0 1 2780.dat
1 8 -378 -178.328 -578.757 0 -1 0 0 0 -1 1 0 0 41678.dat
1 8 -578 -178.328 -578.757 0 -1 0 0 0 -1 1 0 0 41678.dat
1 28 -578 -178.328 -556.757 0 -1 0 0 0 -1 1 0 0 6587.dat
1 1 -578 -178.328 -533.757 -1 0 0 0 0 -1 0 -1 0 41677.dat
1 1 -578 -158.328 -543.757 -1 0 0 0 0 -1 0 -1 0 41677.dat
1 1 -578 -158.328 -553.757 -1 0 0 0 0 -1 0 -1 0 41677.dat
1 4 -378 -178.328 -578.757 0 -1 0 0 0 -1 1 0 0 32062.dat
1 4 -398 -178.328 -578.757 0 0 -1 -1 0 0 0 1 0 32523.dat
1 4 -478 -178.328 -558.757 0 0 -1 -1 0 0 0 1 0 40490.dat
1 4 -478 -178.328 -598.757 0 0 -1 -1 0 0 0 1 0 40490.dat
1 4 -558 -178.328 -578.757 0 0 -1 -1 0 0 0 1 0 32523.dat
1 1 -558 -178.328 -578.757 0 0 -1 0 -1 0 -1 0 0 6558.dat
1 1 -538 -178.328 -578.757 0 0 -1 0 -1 0 -1 0 0 6558.dat
1 1 -418 -178.328 -578.757 0 0 -1 0 -1 0 -1 0 0 6558.dat
1 0 -438 -178.328 -568.757 0 0 -1 0 -1 0 -1 0 0 2780.dat
1 1 -478 -178.328 -568.757 0 0 -1 0 -1 0 -1 0 0 43093.dat
1 7 -478 -178.328 -578.757 0 0 -1 0 -1 0 -1 0 0 6553.dat
1 7 -478 -218.328 -578.757 -1 0 0 0 0 1 0 1 0 3713.dat
1 0 -458 -178.328 -568.757 0 0 -1 0 -1 0 -1 0 0 2780.dat
1 0 -518 -178.328 -568.757 0 0 -1 0 -1 0 -1 0 0 2780.dat
1 0 -498 -178.328 -568.757 0 0 -1 0 -1 0 -1 0 0 2780.dat
1 4 -508 -158.328 -578.757 1 0 0 0 0 1 0 -1 0 41678.dat
1 4 -448 -158.328 -578.757 1 0 0 0 0 1 0 -1 0 41678.dat
1 1 -398 -178.328 -578.757 0 0 -1 0 -1 0 -1 0 0 6558.dat
1 1 -378 -158.328 -688.757 -1 0 0 0 -1 0 0 0 1 6558.dat
1 7 -578 -158.328 -728.757 -1 0 0 0 1 0 0 0 -1 32054.dat
1 7 -378 -158.328 -728.757 1 0 0 0 1 0 0 0 1 32054.dat
1 4 -358 -158.328 -718.757 0 1 0 -1 0 0 0 0 1 43857.dat
1 1 -358 -158.328 -708.757 -1 0 0 0 1 0 0 0 -1 6558.dat
1 1 -598 -158.328 -708.757 1 0 0 0 1 0 0 0 1 6558.dat
1 4 -598 -158.328 -718.757 0 1 0 -1 0 0 0 0 1 43857.dat
1 7 -478 -158.328 -728.757 -1 0 0 0 1 0 0 0 -1 60485.dat
1 0 -588 -158.328 -628.757 1 0 0 0 1 0 0 0 1 2780.dat
1 0 -588 -158.328 -388.757 1 0 0 0 1 0 0 0 1 2780.dat
1 1 -359 -158.328 -308.757 1 0 0 0 -1 0 0 0 -1 6558.dat
1 0 -369 -158.328 -388.757 -1 0 0 0 -1 0 0 0 1 2780.dat
1 0 -588 -158.328 -748.757 1 0 0 0 1 0 0 0 1 2780.dat
1 7 -598 -158.328 -768.757 0 0 1 1 0 0 0 1 0 42003.dat
1 7 -598 -158.328 -368.757 0 0 1 -1 0 0 0 -1 0 42003.dat
1 1 -598 -148.328 -348.757 0 0 1 -1 0 0 0 -1 0 43093.dat
1 1 -598 -148.328 -788.757 0 0 1 -1 0 0 0 -1 0 43093.dat
1 0 -588 -158.328 -828.757 1 0 0 0 1 0 0 0 1 2780.dat
1 0 -368 -158.328 -748.757 1 0 0 0 1 0 0 0 1 2780.dat
1 0 -368 -158.328 -828.757 1 0 0 0 1 0 0 0 1 2780.dat
1 14 -418 -168.328 -828.857 -1 0 0 0 1 0 0 0 -1 75348.dat
1 14 -538 -168.328 -828.857 1 0 0 0 1 0 0 0 1 75348.dat
1 0 -418 2.472 -838.857 0 0 1 0 1 0 -1 0 0 2780.dat
1 0 -538 2.472 -838.857 0 0 1 0 1 0 -1 0 0 2780.dat
1 7 -598 -158.328 -288.757 0 0 -1 1 0 0 0 -1 0 42003.dat
1 1 -598 -148.328 -268.757 0 0 -1 -1 0 0 0 1 0 43093.dat
1 7 -598 -158.328 -848.757 0 0 1 1 0 0 0 1 0 42003.dat
1 7 -358 -158.328 -768.757 0 0 1 1 0 0 0 1 0 42003.dat
1 7 -358 -158.328 -368.757 0 0 1 -1 0 0 0 -1 0 42003.dat
1 7 -358 -158.328 -288.757 0 0 -1 1 0 0 0 -1 0 42003.dat
1 7 -358 -158.328 -848.757 0 0 1 1 0 0 0 1 0 42003.dat
1 1 -598 -148.328 -868.757 0 0 -1 -1 0 0 0 1 0 43093.dat
1 1 -358 -148.328 -348.757 0 0 1 -1 0 0 0 -1 0 43093.dat
1 1 -358 -148.328 -788.757 0 0 1 -1 0 0 0 -1 0 43093.dat
1 1 -358 -148.328 -268.757 0 0 -1 -1 0 0 0 1 0 43093.dat
1 1 -358 -148.328 -868.757 0 0 -1 -1 0 0 0 1 0 43093.dat
1 4 -478 -138.328 -868.757 0 0 -1 0 1 0 1 0 0 41239.dat
1 0 -538 -118.328 -868.757 0 0 -1 1 0 0 0 -1 0 32034.dat
1 1 -568 -118.328 -868.757 1 0 0 0 0 1 0 -1 0 43093.dat
1 0 -418 -118.328 -868.757 0 0 -1 1 0 0 0 -1 0 32034.dat
1 7 -478 -118.328 -868.757 1 0 0 0 0 1 0 -1 0 32073.dat
1 1 -388 -118.328 -868.757 -1 0 0 0 0 -1 0 -1 0 43093.dat
1 4 -478 -138.328 -788.757 0 0 -1 0 1 0 1 0 0 41239.dat
1 4 -478 -138.328 -348.757 0 0 -1 0 1 0 1 0 0 41239.dat
1 4 -478 -138.328 -268.757 0 0 -1 0 1 0 1 0 0 41239.dat
1 4 -438 -0.256 -308.226 0 1 0 0.991445 0 -0.130527 -0.130527 0 -0.991446 41239.dat
1 7 -478 59.221 -316.137 1 0 0 0 0.991446 0.130527 0 -0.130527 0.991446 64178.dat
1 7 -538 64.444 -276.479 1 0 0 0 0.991446 0.130527 0 -0.130527 0.991446 4519.dat
1 7 -578 64.444 -276.479 0 0 -1 0.991446 -0.130527 0 -0.130527 -0.991446 0 61903.dat
1 7 -378 64.444 -276.479 0 0 -1 0.991446 -0.130527 0 -0.130527 -0.991446 0 61903.dat
1 7 -418 64.444 -276.479 1 0 0 0 0.991446 0.130527 0 -0.130527 0.991446 4519.dat
1 19 -418 64.444 -276.479 0 0 1 -0.130527 0.991446 0 -0.991446 -0.130527 0 32269.dat
1 19 -538 64.444 -276.479 0 0 1 -0.130527 0.991446 0 -0.991446 -0.130527 0 32269.dat
1 7 -518 48.779 -395.453 1 0 0 0 0.991446 0.130527 0 -0.130527 0.991446 32054.dat
1 4 -518 46.169 -415.284 1 0 0 0 0.991446 0.130527 0 -0.130527 0.991446 32054.dat
1 7 -438 48.779 -395.453 -1 0 0 0 0.991446 -0.130527 0 -0.130527 -0.991446 32054.dat
1 4 -438 46.169 -415.284 -1 0 0 0 0.991446 -0.130527 0 -0.130527 -0.991446 32054.dat
1 4 -458 -13.317 -407.451 0 1 0 0.130527 0 0.991446 0.991446 0 -0.130527 32140.dat
1 4 -498 -13.317 -407.451 0 1 0 0.130527 0 0.991446 0.991446 0 -0.130527 32140.dat
1 1 -478 26.339 -412.672 1 0 0 0 -0.130527 0.991446 0 -0.991446 -0.130527 6558.dat
1 0 -478 -13.317 -407.451 1 0 0 0 -0.130527 0.991446 0 -0.991446 -0.130527 3737.dat
1 8 -478 1.29 -449.718 0 -1 0 0.991446 0 0.130527 -0.130527 0 0.991446 92911.dat
1 8 -478 58.539 -316.259 0 0 1 0.999658 -0.0261775 0 0.0261775 0.999658 0 62821.dat
1 19 -428 58.539 -316.259 -1 0 0 0 0.999657 0.0261764 0 0.0261764 -0.999657 99008.dat
1 19 -495 58.229 -316.005 0 0 1 0.0261764 0.999657 0 -0.999657 0.0261764 0 6589.dat
1 19 -461 58.229 -316.005 0 0 -1 -0.0261764 0.999657 0 0.999657 0.0261764 0 6589.dat
1 0 -418 58.229 -316.005 0 0 -1 -0.0261764 0.999657 0 0.999657 0.0261764 0 32270.dat
1 0 -538 58.229 -316.005 0 0 -1 -0.0261764 0.999657 0 0.999657 0.0261764 0 32270.dat
1 19 -528 58.539 -316.259 1 0 0 0 0.999657 -0.0261764 0 0.0261764 0.999657 99008.dat
1 19 -478 58.985 -333.253 0 -1 0 0.999658 0 -0.0261775 0.0261775 0 0.999658 6589.dat
1 1 -508 54.001 -355.794 1 0 0 0 0.991446 0.130527 0 -0.130527 0.991446 43093.dat
1 4 -498 54.001 -355.794 0 0 1 -0.991446 -0.130527 0 0.130527 -0.991446 0 3713.dat
1 1 -438 67.054 -256.651 0 -1 0 0.991446 0 0.130527 -0.130527 0 0.991446 6558.dat
1 0 -438 42.529 -213.077 0 -1 0 0.991446 0 0.130527 -0.130527 0 0.991446 2780.dat
1 0 -438 39.921 -232.907 0 -1 0 0.991446 0 0.130527 -0.130527 0 0.991446 2780.dat
1 0 -438 34.699 -272.562 0 -1 0 0.991446 0 0.130527 -0.130527 0 0.991446 2780.dat
1 0 -518 34.699 -272.562 0 -1 0 0.991446 0 0.130527 -0.130527 0 0.991446 2780.dat
1 0 -518 39.921 -232.907 0 -1 0 0.991446 0 0.130527 -0.130527 0 0.991446 2780.dat
1 0 -518 42.529 -213.077 0 -1 0 0.991446 0 0.130527 -0.130527 0 0.991446 2780.dat
1 4 -438 84.271 -279.089 -1 0 0 0 -0.991446 0.130527 0 0.130527 0.991446 32316.dat
1 4 -478 104.101 -281.701 0 0 -1 -0.130527 -0.991446 0 -0.991446 0.130527 0 32525.dat
1 4 -438 44.613 -273.87 -1 0 0 0 -0.991446 0.130527 0 0.130527 0.991446 32524.dat
1 7 -438 30.007 -231.6 1 0 0 0 0.130527 -0.991446 0 0.991446 0.130527 42003.dat
1 4 -448 27.396 -251.43 1 0 0 0 0.130527 -0.991446 0 0.991446 0.130527 32062.dat
1 7 -478 27.396 -251.43 0 0 1 0.130527 -0.991446 0 0.991446 0.130527 0 32034.dat
1 8 -478 31.312 -221.685 0 0.190809 0.981627 -0.130527 0.97323 -0.189177 -0.991446 -0.128129 0.0249056 87083.dat
1 7 -478 30.007 -231.6 0.981627 0.190809 0 -0.189177 0.97323 0.130527 0.0249056 -0.128129 0.991446 94925.dat
1 19 -478 32.616 -211.771 0.981627 0.190809 0 -0.189177 0.97323 0.130527 0.0249056 -0.128129 0.991446 32269.dat
1 4 -508 27.396 -251.43 1 0 0 0 0.130527 -0.991446 0 0.991446 0.130527 32062.dat
1 7 -518 30.007 -231.6 1 0 0 0 0.130527 -0.991446 0 0.991446 0.130527 42003.dat
1 4 -518 44.613 -273.87 -1 0 0 0 -0.991446 0.130527 0 0.130527 0.991446 32524.dat
1 4 -518 84.271 -279.089 -1 0 0 0 -0.991446 0.130527 0 0.130527 0.991446 32316.dat
1 4 -558 76.439 -338.578 -1 0 0 0 -0.991446 0.130527 0 0.130527 0.991446 32140.dat
1 4 -398 76.439 -338.578 1 0 0 0 0.991446 0.130527 0 -0.130527 0.991446 32140.dat
1 7 -398 56.611 -335.965 0 0 -1 -0.991446 0.130527 0 0.130527 0.991446 0 6536.dat
1 7 -558 56.611 -335.965 0 0 -1 -0.991446 0.130527 0 0.130527 0.991446 0 6536.dat
1 4 -558 66.525 -337.272 0 0 -1 -0.991446 0.130527 0 0.130527 0.991446 0 32062.dat
1 4 -398 66.525 -337.272 0 0 -1 -0.991446 0.130527 0 0.130527 0.991446 0 32062.dat
1 1 -438 61.833 -296.31 0 -1 0 0.991446 0 0.130527 -0.130527 0 0.991446 6558.dat
1 1 -518 61.833 -296.31 0 -1 0 0.991446 0 0.130527 -0.130527 0 0.991446 6558.dat
1 1 -518 67.054 -256.651 0 -1 0 0.991446 0 0.130527 -0.130527 0 0.991446 6558.dat
1 0 -518 94.186 -280.395 0 -1 0 0.991446 0 0.130527 -0.130527 0 0.991446 2780.dat
1 0 -438 94.186 -280.395 0 -1 0 0.991446 0 0.130527 -0.130527 0 0.991446 2780.dat
1 0 -398 94.186 -280.395 0 -1 0 0.991446 0 0.130527 -0.130527 0 0.991446 2780.dat
1 0 -398 88.964 -320.053 0 -1 0 0.991446 0 0.130527 -0.130527 0 0.991446 2780.dat
1 0 -438 88.964 -320.053 0 -1 0 0.991446 0 0.130527 -0.130527 0 0.991446 2780.dat
1 0 -518 88.964 -320.053 0 -1 0 0.991446 0 0.130527 -0.130527 0 0.991446 2780.dat
1 0 -558 88.964 -320.053 0 -1 0 0.991446 0 0.130527 -0.130527 0 0.991446 2780.dat
1 7 -538 98.879 -321.359 0 0 1 -0.130527 0.991446 0 -0.991446 -0.130527 0 32523.dat
1 7 -418 98.879 -321.359 0 0 1 -0.130527 0.991446 0 -0.991446 -0.130527 0 32523.dat
1 0 -558 94.186 -280.395 0 -1 0 0.991446 0 0.130527 -0.130527 0 0.991446 2780.dat
1 19 -578 104.101 -281.701 0 -1 0 0.991446 0 0.130527 -0.130527 0 0.991446 6558.dat
1 19 -378 104.101 -281.701 0 -1 0 0.991446 0 0.130527 -0.130527 0 0.991446 6558.dat
1 8 -478 70.969 -226.906 0 0 -1 0.130527 0.991446 0 0.991446 -0.130527 0 32209.dat
1 7 -478 69.663 -236.82 1 0 0 0 0.991446 0.130527 0 -0.130527 0.991446 94925.dat
1 4 -478 72.273 -216.993 0 1 0 0.991446 0 -0.130527 -0.130527 0 -0.991446 3713.dat
1 19 -478 64.444 -276.479 -1 0 0 0 0.991446 -0.130527 0 -0.130527 -0.991446 32269.dat
1 7 -598 64.444 -276.479 0 0 1 -0.130527 0.991446 0 -0.991446 -0.130527 0 92908.dat
1 0 -658 64.444 -276.479 0 1 0 -0.130527 0 -0.991446 -0.991446 0 0.130527 92907.dat
1 0 -578 44.613 -273.87 0 -1 0 -0.130527 0 0.991446 -0.991446 0 -0.130527 92907.dat
1 0 -578 123.928 -284.311 0 -1 0 -0.130527 0 0.991446 -0.991446 0 -0.130527 92907.dat
1 7 -598 122.624 -294.227 0 -1 0 -0.130527 0 0.991446 -0.991446 0 -0.130527 4519.dat
1 7 -358 122.624 -294.227 0 -1 0 -0.130527 0 0.991446 -0.991446 0 -0.130527 4519.dat
1 7 -578 34.699 -272.562 0 -1 0 0.991446 0 0.130527 -0.130527 0 0.991446 3673.dat
1 7 -378 34.699 -272.562 0 -1 0 0.991446 0 0.130527 -0.130527 0 0.991446 3673.dat
1 4 -478 24.783 -271.259 0 0 -1 -0.130527 -0.991446 0 -0.991446 0.130527 0 32525.dat
1 4 -638 84.271 -279.089 0 1 0 -0.130527 0 -0.991446 -0.991446 0 0.130527 32062.dat
1 4 -598 44.613 -273.87 0 1 0 -0.130527 0 -0.991446 -0.991446 0 0.130527 32062.dat
1 7 -618 64.444 -276.479 -1 0 0 0 0.991446 -0.130527 0 -0.130527 -0.991446 4519.dat
1 0 -618 64.444 -276.479 0 0 1 -0.130527 0.991446 0 -0.991446 -0.130527 0 32270.dat
1 8 -668 104.101 -281.701 0 0 1 -0.130527 0.991446 0 -0.991446 -0.130527 0 92909.dat
1 0 -686 104.101 -281.701 0 0 1 0.130527 -0.991446 0 0.991446 0.130527 0 44772.dat
1 0 -686 104.101 -281.701 0 0 1 0.130527 -0.991446 0 0.991446 0.130527 0 54120.dat
1 8 -628 104.101 -281.701 1 0 0 0 0.998136 -0.0610486 0 0.0610486 0.998136 87083.dat
1 19 -618 104.101 -281.701 0 0 -1 -0.0610486 0.998136 0 0.998136 0.0610486 0 32269.dat
1 7 -358 64.444 -276.479 0 0 -1 0.130527 0.991446 0 0.991446 -0.130527 0 92908.dat
1 8 -288 104.101 -281.701 0 0 -1 0.130527 0.991446 0 0.991446 -0.130527 0 92909.dat
1 0 -270 104.101 -281.701 0 0 -1 -0.130527 -0.991446 0 -0.991446 0.130527 0 44772.dat
1 0 -270 104.101 -281.701 0 0 -1 -0.130527 -0.991446 0 -0.991446 0.130527 0 54120.dat
1 0 -298 64.444 -276.479 0 -1 0 0.130527 0 -0.991446 0.991446 0 0.130527 92907.dat
1 0 -378 44.613 -273.87 0 1 0 0.130527 0 0.991446 0.991446 0 -0.130527 92907.dat
1 0 -378 123.928 -284.311 0 1 0 0.130527 0 0.991446 0.991446 0 -0.130527 92907.dat
1 4 -318 84.271 -279.089 0 -1 0 0.130527 0 -0.991446 0.991446 0 0.130527 32062.dat
1 4 -358 44.613 -273.87 0 -1 0 0.130527 0 -0.991446 0.991446 0 0.130527 32062.dat
1 7 -338 64.444 -276.479 1 0 0 0 0.991446 0.130527 0 -0.130527 0.991446 4519.dat
1 0 -338 64.444 -276.479 0 0 1 -0.130527 0.991446 0 -0.991446 -0.130527 0 32270.dat
1 8 -328 104.101 -281.701 -1 0 0 0 0.948325 -0.317305 0 -0.317305 -0.948325 87083.dat
1 19 -338 104.101 -281.701 0 0 -1 0.317305 0.948325 0 0.948325 -0.317305 0 32269.dat
1 8 -358 20.607 -302.984 0 0 1 -0.130527 0.991446 0 -0.991446 -0.130527 0 55013.dat
1 0 -358 16.953 -330.745 0 0 -1 -0.130527 -0.991446 0 -0.991446 0.130527 0 62462.dat
1 0 -598 16.953 -330.745 0 0 -1 -0.130527 -0.991446 0 -0.991446 0.130527 0 62462.dat
1 8 -598 20.607 -302.984 0 0 1 -0.130527 0.991446 0 -0.991446 -0.130527 0 55013.dat
1 7 -358 20.868 -301.003 0 -1 0 0.991446 0 0.130527 -0.130527 0 0.991446 3713.dat
1 7 -358 13.036 -360.487 0 -1 0 -0.130527 0 0.991446 -0.991446 0 -0.130527 6536.dat
1 7 -358 11.079 -375.358 0 -1 0 0.991446 0 0.130527 -0.130527 0 0.991446 32123a.dat
1 7 -598 11.079 -375.358 0 -1 0 0.991446 0 0.130527 -0.130527 0 0.991446 32123a.dat
1 7 -598 13.036 -360.487 0 1 0 0.130527 0 0.991446 0.991446 0 -0.130527 6536.dat
1 7 -598 20.868 -301.003 0 -1 0 0.991446 0 0.130527 -0.130527 0 0.991446 3713.dat
1 7 -358 28.049 -246.473 0 -1 0 -0.991446 0 -0.130527 0.130527 0 -0.991446 32123a.dat
1 7 -358 29.351 -236.557 0 -1 0 -0.991446 0 -0.130527 0.130527 0 -0.991446 32123a.dat
1 7 -598 29.351 -236.557 0 -1 0 -0.991446 0 -0.130527 0.130527 0 -0.991446 32123a.dat
1 7 -598 28.049 -246.473 0 -1 0 -0.991446 0 -0.130527 0.130527 0 -0.991446 32123a.dat
1 0 -478 9.153 -390.23 -1 0 0 0 -0.991446 0.130527 0 0.130527 0.991446 32270.dat
1 7 -478 11.763 -370.402 0 0 1 0.130527 -0.991446 0 0.991446 0.130527 0 32034.dat
1 7 -518 14.374 -350.574 0 0 1 -0.991446 -0.130527 0 0.130527 -0.991446 0 42003.dat
1 7 -438 14.374 -350.574 0 0 1 -0.991446 -0.130527 0 0.130527 -0.991446 0 42003.dat
1 4 -438 26.9 -332.05 0 0 1 -0.991446 -0.130527 0 0.130527 -0.991446 0 32062.dat
1 4 -518 26.9 -332.05 0 0 1 -0.991446 -0.130527 0 0.130527 -0.991446 0 32062.dat
1 1 -448 11.763 -370.402 -1 0 0 0 -0.991446 0.130527 0 0.130527 0.991446 43093.dat
1 1 -508 11.763 -370.402 1 0 0 0 0.991446 0.130527 0 -0.130527 0.991446 43093.dat
1 7 -398 31.593 -373.014 0 1 0 -0.130527 0 -0.991446 -0.991446 0 0.130527 98989.dat
1 7 -378 32.875 -363.022 0 1 0 -0.991446 0 0.130527 0.130527 0 0.991446 32054.dat
1 7 -578 32.875 -363.022 0 1 0 -0.991446 0 0.130527 0.130527 0 0.991446 32054.dat
1 1 -578 62.62 -366.935 0 1 0 -0.991446 0 0.130527 0.130527 0 0.991446 43093.dat
1 1 -378 62.62 -366.935 0 1 0 -0.991446 0 0.130527 0.130527 0 0.991446 43093.dat
1 0 -478 28.983 -392.84 -1 0 0 0 0.991446 -0.130527 0 -0.130527 -0.991446 87761.dat
1 4 -438 30.288 -382.926 0 1 0 -0.130527 0 -0.991446 -0.991446 0 0.130527 32062.dat
1 4 -518 30.288 -382.926 0 1 0 -0.130527 0 -0.991446 -0.991446 0 0.130527 32062.dat
1 7 -558 31.593 -373.014 0 -1 0 -0.130527 0 0.991446 -0.991446 0 -0.130527 98989.dat
1 4 -478 72.555 -368.32 0 0 -1 -0.130527 -0.991446 0 -0.991446 0.130527 0 32525.dat
1 1 -408 48.791 -395.374 -1 0 0 0 0.991446 -0.130527 0 -0.130527 -0.991446 43093.dat
1 1 -408 46.178 -415.204 -1 0 0 0 0.991446 -0.130527 0 -0.130527 -0.991446 43093.dat
1 1 -548 46.178 -415.204 1 0 0 0 0.991446 0.130527 0 -0.130527 0.991446 43093.dat
1 1 -548 48.791 -395.374 1 0 0 0 0.991446 0.130527 0 -0.130527 0.991446 43093.dat
1 4 -358 120.024 -313.975 -1 0 0 0 0.991446 -0.130527 0 -0.130527 -0.991446 3713.dat
1 4 -598 120.024 -313.975 -1 0 0 0 0.991446 -0.130527 0 -0.130527 -0.991446 3713.dat
1 4 -518 -0.256 -308.226 0 1 0 0.991445 0 -0.130527 -0.130527 0 -0.991446 41239.dat
1 4 -498 15.407 -189.252 0 -1 0 -0.130527 0 0.991446 -0.991445 0 -0.130527 32140.dat
1 4 -538 69.675 -236.744 0 -1 0 0.130527 0 -0.991446 0.991445 0 0.130527 32140.dat
1 4 -558 -13.306 -407.371 0 1 0 0.130527 0 0.991446 0.991445 0 -0.130527 32140.dat
1 0 -568 6.522 -409.982 1 0 0 0 -0.130527 0.991446 0 -0.991446 -0.130527 6628.dat
1 0 -388 6.522 -409.982 -1 0 0 0 0.130527 0.991446 0 0.991446 -0.130527 6628.dat
1 4 -398 -13.306 -407.371 0 1 0 0.130527 0 0.991446 0.991445 0 -0.130527 32140.dat
1 1 -528 69.676 -236.743 -1 0 0 0 -0.130527 -0.991446 0 -0.991446 0.130527 43093.dat
1 1 -518 72.278 -216.977 1 0 0 0 -0.130527 0.991446 0 -0.991446 -0.130527 6558.dat
1 4 -538 73.582 -207.063 0 -1 0 0.991445 0 0.130527 -0.130527 0 0.991446 43857.dat
1 4 -438 73.582 -207.063 0 -1 0 0.991445 0 0.130527 -0.130527 0 0.991446 43857.dat
1 1 -438 72.278 -216.977 -1 0 0 0 0.130527 0.991446 0 0.991446 -0.130527 6558.dat
1 1 -438 72.278 -216.977 -1 0 0 0 0.130527 0.991446 0 0.991446 -0.130527 43857.dat
1 4 -438 69.675 -236.744 0 -1 0 0.130527 0 -0.991446 0.991445 0 0.130527 32140.dat
1 7 -518 35.237 -191.862 0 -1 0 -0.130527 0 0.991446 -0.991445 0 -0.130527 32348.dat
1 7 -478 124.155 -251.948 1 0 0 0 0.870356 -0.492423 0 0.492423 0.870356 32073.dat
1 7 -503 124.155 -251.948 0 0 1 0.492423 0.870356 0 -0.870356 0.492423 0 32123a.dat
1 7 -453 124.155 -251.948 0 0 1 0.492423 0.870356 0 -0.870356 0.492423 0 32123a.dat
1 0 -478 124.155 -251.948 1 0 0 0 0.991445 0.130527 0 -0.130527 0.991445 62462.dat
1 0 -508 55.066 -194.473 -1 0 0 0 0.130527 0.991446 0 0.991446 -0.130527 2780.dat
1 0 -528 74.896 -197.084 -1 0 0 0 0.130527 0.991446 0 0.991446 -0.130527 2780.dat
1 0 -528 12.692 -209.132 -1 0 0 0 0.130527 0.991446 0 0.991446 -0.130527 2780.dat
1 0 -448 12.692 -209.132 -1 0 0 0 0.130527 0.991446 0 0.991446 -0.130527 2780.dat
1 0 -528 10.082 -228.962 -1 0 0 0 0.130527 0.991446 0 0.991446 -0.130527 2780.dat
1 0 -448 10.082 -228.962 -1 0 0 0 0.130527 0.991446 0 0.991446 -0.130527 2780.dat
1 0 -428 74.896 -197.084 -1 0 0 0 0.130527 0.991446 0 0.991446 -0.130527 2780.dat
1 0 -448 55.066 -194.473 -1 0 0 0 0.130527 0.991446 0 0.991446 -0.130527 2780.dat
1 4 -458 15.407 -189.252 0 -1 0 -0.130527 0 0.991446 -0.991445 0 -0.130527 32140.dat
1 7 -478 55.066 -194.473 0 0 -1 -0.130527 -0.991446 0 -0.991445 0.130527 0 48989.dat
1 7 -478 15.407 -189.252 0 1 0 0.130527 0 0.991446 0.991445 0 -0.130527 44809.dat
1 7 -478 15.407 -189.252 -1 0 0 0 0.130527 0.991446 0 0.991446 -0.130527 32073.dat
1 0 -418 -31.931 -394.834 0 0 -1 0.130527 0.991446 0 0.991445 -0.130527 0 2780.dat
1 4 -478 -30.632 -384.982 0 0 -1 0.991445 -0.130527 0 -0.130527 -0.991446 0 32524.dat
1 7 -478 -11.055 -236.265 1 0 0 0 -0.991446 -0.130527 0 0.130527 -0.991446 10089c01.dat
1 0 -498 -11.055 -236.265 0 0 -1 -0.130527 -0.991446 0 -0.991445 0.130527 0 2780.dat
1 0 -458 -11.055 -236.265 0 0 -1 -0.130527 -0.991446 0 -0.991445 0.130527 0 2780.dat
1 19 -478 -8.444 -216.436 0 0 -1 -0.130527 -0.991446 0 -0.991445 0.130527 0 99008.dat
1 0 -478 -7.138 -206.521 -1 0 0 0 -0.991446 0.130527 0 0.130527 0.991446 32270.dat
1 7 -478 -9.75 -226.35 0 0 -1 -0.991445 0.130527 0 0.130527 0.991446 0 32523.dat
1 0 -538 -31.931 -394.834 0 0 -1 0.130527 0.991446 0 0.991445 -0.130527 0 2780.dat
1 1 -448 -15.917 -427.198 -1 0 0 0 -0.991446 0.130527 0 0.130527 0.991446 4274.dat
1 1 -508 -15.917 -427.198 1 0 0 0 -0.991446 -0.130527 0 0.130527 -0.991446 4274.dat
1 7 -518 -8.085 -367.713 1 0 0 0 -0.991446 -0.130527 0 0.130527 -0.991446 32054.dat
1 7 -538 -13.307 -407.37 1 0 0 0 -0.991446 -0.130527 0 0.130527 -0.991446 6536.dat
1 7 -418 -13.307 -407.37 1 0 0 0 -0.991446 -0.130527 0 0.130527 -0.991446 6536.dat
1 1 -528 -2.865 -328.054 -1 0 0 0 -0.991446 0.130527 0 0.130527 0.991446 43093.dat
1 1 -428 -2.865 -328.054 1 0 0 0 -0.991446 -0.130527 0 0.130527 -0.991446 43093.dat
1 7 -418 -2.865 -328.054 0 0 1 0.991445 0.130527 0 -0.130527 0.991446 0 3713.dat
1 7 -538 -2.865 -328.054 0 0 -1 0.991445 -0.130527 0 -0.130527 -0.991446 0 3713.dat
1 7 -518 7.575 -248.74 1 0 0 0 -0.991446 -0.130527 0 0.130527 -0.991446 32054.dat
1 7 -558 4.86 -268.619 0 0 -1 0.991445 -0.130527 0 -0.130527 -0.991446 0 6536.dat
1 7 -398 4.86 -268.619 0 0 -1 0.991445 -0.130527 0 -0.130527 -0.991446 0 6536.dat
1 1 -398 14.773 -269.923 0 0 -1 -0.991445 0.130527 0 0.130527 0.991446 0 43093.dat
1 1 -558 14.773 -269.923 0 0 -1 -0.991445 0.130527 0 0.130527 0.991446 0 43093.dat
1 7 -418 2.355 -288.396 1 0 0 0 0 1 0 -1 0 87082.dat
1 7 -538 2.355 -288.396 1 0 0 0 0 1 0 -1 0 87082.dat
1 7 -438 7.575 -248.74 -1 0 0 0 -0.991446 0.130527 0 0.130527 0.991446 32054.dat
1 7 -438 -8.085 -367.713 -1 0 0 0 -0.991446 0.130527 0 0.130527 0.991446 32054.dat
1 4 -498 -158.328 -828.757 0 -1 0 1 0 0 0 0 1 32316.dat
1 4 -458 -158.328 -828.757 0 -1 0 1 0 0 0 0 1 32316.dat
1 7 -478 -158.328 -848.757 0 1 0 1 0 0 0 0 -1 60483.dat
1 7 -418 -158.328 -848.757 0 1 0 1 0 0 0 0 -1 60483.dat
1 7 -398 -158.328 -868.757 1 0 0 0 -1 0 0 0 -1 87082.dat
1 1 -398 -158.328 -868.757 0 1 0 1 0 0 0 0 -1 6558.dat
1 1 -558 -158.328 -868.757 0 1 0 1 0 0 0 0 -1 6558.dat
1 7 -398 -158.328 -808.757 1 0 0 0 0 1 0 -1 0 87082.dat
1 1 -398 -158.328 -818.757 0 -1 0 0 0 1 -1 0 0 43093.dat
1 1 -558 -158.328 -818.757 0 -1 0 0 0 1 -1 0 0 43093.dat
1 7 -558 -158.328 -808.757 1 0 0 0 0 1 0 -1 0 87082.dat
1 7 -558 -158.328 -868.757 1 0 0 0 -1 0 0 0 -1 87082.dat
1 7 -538 -158.328 -848.757 0 1 0 1 0 0 0 0 -1 60483.dat
1 7 -438 -158.328 -848.757 1 0 0 0 0 1 0 -1 0 6536.dat
1 0 -438 -148.328 -868.757 0 0 -1 1 0 0 0 -1 0 2780.dat
1 0 -518 -148.328 -868.757 0 0 -1 1 0 0 0 -1 0 2780.dat
1 7 -518 -158.328 -848.757 1 0 0 0 0 1 0 -1 0 6536.dat
1 7 -478 -158.328 -808.757 0 0 -1 1 0 0 0 -1 0 42003.dat
1 1 -478 -148.328 -788.757 0 0 1 -1 0 0 0 -1 0 43093.dat
1 1 -498 -158.328 -808.757 1 0 0 0 1 0 0 0 1 6558.dat
1 0 -448 -158.328 -808.757 1 0 0 0 1 0 0 0 1 2780.dat
1 0 -428 -158.328 -808.757 1 0 0 0 -1 0 0 0 -1 62462.dat
1 0 -528 -158.328 -808.757 1 0 0 0 -1 0 0 0 -1 62462.dat
1 7 -478 -158.328 -848.757 1 0 0 0 1 0 0 0 1 60485.dat
1 7 -378 -158.328 -848.757 1 0 0 0 1 0 0 0 1 32054.dat
1 7 -578 -158.328 -848.757 -1 0 0 0 1 0 0 0 -1 32054.dat
1 1 -478 -158.328 -828.757 1 0 0 0 1 0 0 0 1 6558.dat
1 1 -478 -158.328 -868.757 1 0 0 0 1 0 0 0 1 6558.dat
1 4 -498 -158.328 -308.757 0 -1 0 1 0 0 0 0 1 32316.dat
1 4 -458 -158.328 -308.757 0 -1 0 1 0 0 0 0 1 32316.dat
1 0 -478 -198.328 -328.757 0 -1 0 0 0 1 -1 0 0 60484.dat
1 4 -493 -218.328 -328.757 0 -1 0 0 0 1 -1 0 0 6632.dat
1 4 -453 -218.328 -328.757 0 -1 0 0 0 1 -1 0 0 6632.dat
1 4 -463 -218.328 -328.757 0 -1 0 0 0 1 -1 0 0 6632.dat
1 7 -478 -218.328 -328.757 1 0 0 0 0 1 0 -1 0 4519.dat
1 7 -478 -218.328 -328.757 1 0 0 0 -1 0 0 0 -1 63869.dat
1 0 -458 -238.328 -338.757 0 0 -1 0 -1 0 -1 0 0 2780.dat
1 0 -498 -238.328 -338.757 0 0 -1 0 -1 0 -1 0 0 2780.dat
1 7 -478 -178.328 -328.757 1 0 0 0 0 1 0 -1 0 4519.dat
1 4 -503 -218.328 -328.757 0 -1 0 0 0 1 -1 0 0 6632.dat
1 7 -478 -158.328 -288.757 0 -1 0 1 0 0 0 0 1 60483.dat
1 7 -418 -158.328 -288.757 0 -1 0 1 0 0 0 0 1 60483.dat
1 7 -538 -158.328 -288.757 0 -1 0 1 0 0 0 0 1 60483.dat
1 1 -478 -158.328 -308.757 1 0 0 0 1 0 0 0 1 6558.dat
1 7 -478 -158.328 -288.757 1 0 0 0 1 0 0 0 1 60485.dat
1 7 -398 -158.328 -268.757 1 0 0 0 0 1 0 -1 0 87082.dat
1 7 -398 -158.328 -328.757 1 0 0 0 0 1 0 -1 0 87082.dat
1 1 -398 -158.328 -318.757 0 1 0 0 0 1 1 0 0 43093.dat
1 14 -538 -168.328 -308.757 1 0 0 0 1 0 0 0 1 75348.dat
1 14 -418 -168.328 -308.757 -1 0 0 0 1 0 0 0 -1 75348.dat
1 0 -418 1.672 -298.757 0 0 -1 0 1 0 1 0 0 2780.dat
1 0 -538 1.672 -298.757 0 0 -1 0 1 0 1 0 0 2780.dat
1 1 -558 -158.328 -318.757 0 1 0 0 0 1 1 0 0 43093.dat
1 7 -558 -158.328 -328.757 1 0 0 0 0 1 0 -1 0 87082.dat
1 7 -558 -158.328 -268.757 1 0 0 0 0 1 0 -1 0 87082.dat
1 7 -378 -158.328 -288.757 1 0 0 0 1 0 0 0 1 32054.dat
1 7 -578 -158.328 -288.757 -1 0 0 0 1 0 0 0 -1 32054.dat
1 7 -438 -158.328 -288.757 -1 0 0 0 0 1 0 1 0 6536.dat
1 0 -438 -148.328 -268.757 0 1 0 1 0 0 0 0 -1 2780.dat
1 0 -518 -148.328 -268.757 0 1 0 1 0 0 0 0 -1 2780.dat
1 7 -518 -158.328 -288.757 -1 0 0 0 0 1 0 1 0 6536.dat
1 1 -478 -158.328 -348.757 1 0 0 0 1 0 0 0 1 6558.dat
1 0 -448 -158.328 -328.757 1 0 0 0 1 0 0 0 1 2780.dat
1 0 -428 -158.328 -328.757 1 0 0 0 -1 0 0 0 -1 62462.dat
1 0 -528 -158.328 -328.757 1 0 0 0 -1 0 0 0 -1 62462.dat
1 0 -508 -158.328 -328.757 1 0 0 0 1 0 0 0 1 2780.dat
1 1 -478 -198.328 -328.757 1 0 0 0 1 0 0 0 1 6558.dat
1 1 -478 -158.328 -268.757 1 0 0 0 1 0 0 0 1 6558.dat
1 7 -480 -252.528 -378.757 -1 0 0 0 1 0 0 0 -1 58123p01.dat
1 8 -500 -268.528 -398.757 0 0 1 0 1 0 -1 0 0 5306.dat
1 8 -460 -268.528 -398.757 0 0 1 0 1 0 -1 0 0 5306.dat
1 8 -460 -284.528 -398.757 0 0 1 0 1 0 -1 0 0 5306.dat
1 1 -500 -276.528 -388.757 1 0 0 0 1 0 0 0 1 2412b.dat
1 25 -460 -292.528 -388.757 1 0 0 0 1 0 0 0 1 2412b.dat
1 7 -478 -106.528 -568.757 0 -1 0 0 0 1 -1 0 0 58119.dat
1 1 -498 -146.528 -668.757 0 0 -1 1 0 0 0 -1 0 6558.dat
1 1 -538 -166.528 -668.757 0 0 -1 -1 0 0 0 1 0 6558.dat
1 7 -538 -196.528 -658.757 0 0 1 -1 0 0 0 -1 0 2817.dat
1 1 -458 -146.528 -668.757 0 0 -1 1 0 0 0 -1 0 6558.dat
1 4 -498 -146.528 -668.757 0 0 -1 0 -1 0 -1 0 0 32316.dat
1 4 -458 -166.528 -668.757 0 0 -1 0 1 0 1 0 0 32526.dat
1 8 -538 -196.528 -628.757 0 -1 0 1 0 0 0 0 1 87083.dat
1 7 -538 -226.528 -628.757 0 0 1 1 0 0 0 1 0 6536.dat
1 1 -548 -226.528 -608.757 -1 0 0 0 0 1 0 1 0 43093.dat
1 4 -558 -226.528 -608.757 0 0 -1 -1 0 0 0 1 0 3713.dat
1 0 -438 -126.528 -678.757 0 -1 0 0 0 1 -1 0 0 2780.dat
1 0 -438 -126.528 -458.757 0 -1 0 0 0 1 -1 0 0 2780.dat
1 0 -438 -86.528 -458.757 0 -1 0 0 0 1 -1 0 0 2780.dat
1 0 -518 -86.528 -458.757 0 -1 0 0 0 1 -1 0 0 2780.dat
1 0 -518 -126.528 -458.757 0 -1 0 0 0 1 -1 0 0 2780.dat
1 4 -518 -106.528 -448.757 -1 0 0 0 0 1 0 1 0 32316.dat
1 4 -438 -106.528 -448.757 -1 0 0 0 0 1 0 1 0 32316.dat
1 4 -438 -106.528 -688.757 -1 0 0 0 0 1 0 1 0 32316.dat
1 4 -518 -106.528 -688.757 -1 0 0 0 0 1 0 1 0 32316.dat
1 0 -438 -86.528 -678.757 0 -1 0 0 0 1 -1 0 0 2780.dat
1 0 -518 -86.528 -678.757 0 -1 0 0 0 1 -1 0 0 2780.dat
1 0 -518 -126.528 -678.757 0 -1 0 0 0 1 -1 0 0 2780.dat
1 8 -392 -107.528 -528.257 0 -1 0 -1 0 0 0 0 -1 5306.dat
1 8 -376 -107.528 -528.257 0 -1 0 -1 0 0 0 0 -1 5306.dat
1 8 -360 -107.528 -528.257 0 -1 0 -1 0 0 0 0 -1 5306.dat
1 7 -398 5.055 -868.633 0 0 -1 -0.991446 -0.130528 0 -0.130528 0.991446 0 6536.dat
1 7 -478 59.321 -821.148 -1 0 0 0 0.991446 0.130528 0 0.130528 -0.991446 64178.dat
1 7 -418 64.542 -860.804 -1 0 0 0 0.991446 0.130528 0 0.130528 -0.991446 4519.dat
1 7 -378 64.542 -860.804 0 0 -1 -0.130528 0.991446 0 0.991446 0.130528 0 62520.dat
1 7 -578 64.542 -860.804 0 0 1 0.130528 0.991446 0 -0.991446 0.130528 0 62520.dat
1 7 -378 64.542 -860.804 0 0 1 -0.991446 0.130528 0 -0.130528 -0.991446 0 62520.dat
1 7 -578 64.542 -860.804 0 0 -1 -0.991446 -0.130528 0 -0.130528 0.991446 0 62520.dat
1 7 -378 64.542 -860.804 0 0 -1 -0.130528 0.991446 0 0.991446 0.130528 0 62519.dat
1 7 -578 64.542 -860.804 0 0 -1 -0.130528 0.991446 0 0.991446 0.130528 0 62519.dat
1 19 -418 64.542 -860.804 0 0 -1 -0.130528 0.991446 0 0.991446 0.130528 0 32269.dat
1 19 -538 64.542 -860.804 0 0 -1 -0.130528 0.991446 0 0.991446 0.130528 0 32269.dat
1 7 -538 64.542 -860.804 -1 0 0 0 0.991446 0.130528 0 0.130528 -0.991446 4519.dat
1 4 -498 -13.22 -729.834 0 -1 0 0.130528 0 0.991446 -0.991446 0 0.130528 32140.dat
1 0 -478 -13.22 -729.834 -1 0 0 0 -0.130528 0.991446 0 0.991446 0.130528 3737.dat
1 4 -458 -13.22 -729.834 0 -1 0 0.130528 0 0.991446 -0.991446 0 0.130528 32140.dat
1 1 -478 26.44 -724.614 -1 0 0 0 -0.130528 0.991446 0 0.991446 0.130528 6558.dat
1 8 -478 1.389 -687.567 0 -1 0 -0.991446 0 0.130528 -0.130528 0 -0.991446 92911.dat
1 7 -438 48.88 -741.833 -1 0 0 0 0.991446 0.130528 0 0.130528 -0.991446 32054.dat
1 4 -438 46.269 -722.005 -1 0 0 0 0.991446 0.130528 0 0.130528 -0.991446 32054.dat
1 4 -518 46.269 -722.005 1 0 0 0 0.991446 -0.130528 0 0.130528 0.991446 32054.dat
1 7 -518 48.88 -741.833 1 0 0 0 0.991446 -0.130528 0 0.130528 0.991446 32054.dat
1 19 -428 59.321 -821.148 -1 0 0 0 0.026175 0.999658 0 0.999658 -0.026175 99008.dat
1 19 -461 59.321 -821.148 0 0 -1 0.026175 0.999658 0 0.999658 -0.026175 0 6589.dat
1 0 -418 59.321 -821.148 0 0 -1 0.026175 0.999658 0 0.999658 -0.026175 0 32270.dat
1 0 -538 59.321 -821.148 0 0 -1 0.026175 0.999658 0 0.999658 -0.026175 0 32270.dat
1 19 -495 59.321 -821.148 0 0 1 -0.026175 0.999658 0 -0.999658 -0.026175 0 6589.dat
1 8 -478 61.985 -821.008 0 0 1 0.999658 0.026176 0 -0.026176 0.999658 0 62821.dat
1 19 -478 61.541 -838.004 0.961262 -0.275637 0 0.275542 0.960934 0.026176 -0.00721511 -0.025162 0.999658 6589.dat
1 19 -528 59.321 -821.148 1 0 0 0 0.999658 0.026175 0 -0.026175 0.999658 99008.dat
1 1 -508 54.101 -781.49 1 0 0 0 0.991446 -0.130528 0 0.130528 0.991446 43093.dat
