0 FILE Main.ldr
0 Main
0 Name: 42029 Customised Pickup Truck
0 Author: marco
0 ROTATION CENTER 0 0 0 1 "Custom" 
0 ROTATION CONFIG 0 0
1 7 -93 58 0 1 0 0 0 0.999507 -0.0314108 0 0.0314108 0.999507 42029.ldr
0
0 FILE 42029.ldr
0 ROTATION CENTER 110 -201.85 690.7 1 "Custom" 
0 ROTATION CONFIG 1 1
1 0 239.997 -421.86 229.499 1 0 0 0 0 1 0 -1 0 2780.dat
1 4 249.996 -401.36 229.999 0 0 1 -1 0 0 0 -1 0 44809.dat
1 1 229.996 -381.86 229.499 0 0 1 -1 0 0 0 -1 0 6558.dat
1 71 230.497 -381.86 210 -1 0 0 0 -1 0 0 0 1 32526.dat
1 1 230.497 -381.86 290 0 1 0 -1 0 0 0 0 1 6558.dat
1 1 -2 0 0 1 0 0 0 1 0 0 0 1 hose.ldr
1 1 220.9 0 0 -1 0 0 0 1 0 0 0 1 hose.ldr
1 0 139.996 -241.86 239.499 1 0 0 0 0 1 0 -1 0 2780.dat
1 71 129.996 -241.36 159.999 0 1 0 -1 0 0 0 0 1 40490.dat
1 1 109.996 -241.86 119.499 1 0 0 0 0 1 0 -1 0 6558.dat
1 71 89.996 -241.36 159.999 0 1 0 -1 0 0 0 0 1 40490.dat
1 1 89.996 -241.86 199.499 -1 0 0 0 0 -1 0 -1 0 6558.dat
1 0 109.996 -221.235 189.999 0 0 1 0 -1 0 1 0 0 32557.dat
1 0 110.497 -221.86 199.999 0 1 0 0 0 1 1 0 0 2780.dat
1 0 109.996 -222.36 209.999 0 0 1 1 0 0 0 1 0 32523.dat
1 0 130.496 -221.86 199.999 0 1 0 0 0 1 1 0 0 2780.dat
1 71 169.496 -201.86 189.999 0 0 -1 1 0 0 0 -1 0 60484.dat
1 71 149.997 -201.86 290 1 0 0 0 1 0 0 0 1 3326b.dat
1 71 149.997 -201.86 289.999 -1 0 0 0 1 0 0 0 -1 62520.dat
1 71 149.997 -201.86 289.999 0 0.984808 -0.173648 -1 0 0 0 0.173648 0.984808 62520.dat
1 0 149.996 -201.36 199.999 0 0 1 0 1 0 -1 0 0 3707.dat
1 4 150.496 -201.86 229.999 0 1 0 -1 0 0 0 0 1 3713.dat
1 71 149.996 -201.86 169.999 1 0 0 0 1 0 0 0 1 94925.dat
1 4 150.496 -201.86 149.999 0 1 0 -1 0 0 0 0 1 3713.dat
1 0 150.496 -201.86 119.999 0 1 0 -1 0 0 0 0 1 59443.dat
1 19 150.496 -201.86 99.9994 0 1 0 0 0 1 1 0 0 3749.dat
1 4 144.932 -201.86 321.6 -0.173648 0.984808 0 0 0 1 0.984808 0.173648 0 32062.dat
1 0 141.113 -201.86 343.266 0 0.984813 -0.17362 -1 0 0 0 0.17362 0.984813 59443.dat
1 71 169.496 -201.86 89.9995 0 0 -1 1 0 0 0 -1 0 60484.dat
1 0 130.496 -221.86 79.9994 0 1 0 0 0 1 1 0 0 2780.dat
1 0 109.996 -221.36 69.9995 0 0 -1 -1 0 0 0 1 0 32523.dat
1 0 90.496 -221.859 79.9994 0 1 0 0 0 1 1 0 0 2780.dat
1 71 50.4968 -201.86 89.9994 0 0 1 1 0 0 0 1 0 60484.dat
1 71 69.996 -201.86 29.9995 0.990268 0 -0.139172 0 1 0 0.139172 0 0.990268 3326b.dat
1 71 69.9963 -201.86 29.9992 -0.990268 0 0.139172 0 1 0 -0.139172 0 -0.990268 62520.dat
1 71 69.996 -201.86 29.9994 0 1 0 -1 0 0 0 0 1 62520.dat
1 0 80.2532 -201.35 -40.6819 0.139169 0 0.990269 0 1 0 -0.990269 0 0.139169 3706.dat
1 71 89.9951 -201.85 -110.001 0 0.990268 -0.139172 -1 0 0 0 0.139172 0.990268 62520.dat
1 71 89.9951 -201.85 -110.001 1 0 0 0 1 0 0 0 1 3326b.dat
1 71 89.9952 -201.85 -110.001 -1 0 0 0 1 0 0 0 -1 62520.dat
1 19 69.9961 -202.36 179.999 0 0 -1 0 -1 0 -1 0 0 3749.dat
1 0 70.4961 -201.86 159.999 0 1 0 -1 0 0 0 0 1 59443.dat
1 0 69.996 -201.36 99.9994 0 0 1 0 1 0 -1 0 0 3706.dat
1 4 70.496 -201.86 129.999 0 1 0 -1 0 0 0 0 1 3713.dat
1 71 69.996 -201.86 110 1 0 0 0 1 0 0 0 1 94925.dat
1 71 89.9953 -201.35 -210.001 0 0 1 0 1 0 -1 0 0 60485.dat
1 14 90.4953 -201.85 -225.001 0 1 0 1 0 0 0 0 -1 32123a.dat
1 0 89.9953 -202.35 -250.001 -1 0 0 0 -1 0 0 0 1 4716.dat
1 14 90.4953 -201.85 -275.001 0 1 0 1 0 0 0 0 -1 32123a.dat
1 71 149.995 -121.85 -169.5 0 -1 0 1 0 0 0 0 1 60484.dat
1 71 149.995 -161.85 -150.626 -1 0 0 0 0 1 0 1 0 32184.dat
1 71 109.995 -161.35 -130.001 -1 0 0 0 1 0 0 0 -1 32073.dat
1 71 109.995 -161.35 -170.001 1 0 0 0 1 0 0 0 1 32073.dat
1 72 129.995 -161.85 -170.001 0 -1 0 -1 0 0 0 0 -1 60483.dat
1 72 89.9952 -161.85 -170.001 0 -1 0 -1 0 0 0 0 -1 60483.dat
1 71 69.9953 -161.85 -150.626 -1 0 0 0 0 1 0 1 0 32184.dat
1 71 109.995 -142.475 -130.001 -1 0 0 0 1 0 0 0 -1 32184.dat
1 0 114.995 -161.85 -169.501 0 -1 0 0 0 1 -1 0 0 32249.dat
1 71 99.995 -161.35 -210.001 1 0 0 0 1 0 0 0 1 32073.dat
1 0 99.9952 -181.85 -210.001 0 -1 0 0 0 -1 1 0 0 32068.dat
1 4 139.995 -161.85 -210.501 0 0 1 -1 0 0 0 -1 0 3713.dat
1 4 59.9951 -161.85 -210.501 0 0 1 -1 0 0 0 -1 0 3713.dat
1 0 99.9952 -181.85 -290.001 0 -1 0 0 0 -1 1 0 0 32068.dat
1 72 107.995 -161.85 -290.001 -1 0 0 0 0 -1 0 -1 0 87083.dat
1 4 139.995 -161.85 -290.501 0 0 1 -1 0 0 0 -1 0 3713.dat
1 0 109.995 -161.85 -290.501 -1 0 0 0 1 0 0 0 -1 6536.dat
1 0 124.995 -161.85 -250.001 0 1 0 0 0 1 1 0 0 99773.dat
1 0 104.995 -161.85 -169.501 0 -1 0 0 0 1 -1 0 0 32249.dat
1 0 74.9951 -161.85 -250.001 0 -1 0 0 0 1 -1 0 0 99773.dat
1 71 109.995 -121.35 -130.001 1 0 0 0 1 0 0 0 1 32073.dat
1 71 109.995 -121.35 -170.001 1 0 0 0 1 0 0 0 1 32073.dat
1 72 129.995 -121.85 -170.001 0 -1 0 -1 0 0 0 0 -1 60483.dat
1 72 89.9952 -121.85 -170.001 0 1 0 1 0 0 0 0 -1 60483.dat
1 71 69.9954 -121.85 -169.5 0 -1 0 1 0 0 0 0 1 60484.dat
1 71 89.9953 -101.35 -50.0005 0 -1 0 -1 0 0 0 0 -1 32526.dat
1 71 109.995 -102.475 -70.0005 0 0 -1 1 0 0 0 -1 0 48989.dat
1 71 129.995 -101.35 -50.0004 0 -1 0 -1 0 0 0 0 -1 32526.dat
1 71 169.995 -181.35 -30.0004 0 1 0 -1 0 0 0 0 1 40490.dat
1 72 149.995 -181.85 -70.0005 -1 0 0 0 0 -1 0 -1 0 11214.dat
1 4 129.995 -182.35 -70.0005 0 1 0 1 0 0 0 0 -1 32140.dat
1 71 149.995 -141.85 -90.0004 0 -1 0 0 0 -1 1 0 0 14720.dat
1 71 49.9953 -181.35 -30.0004 0 1 0 -1 0 0 0 0 1 40490.dat
1 72 69.9953 -181.85 -70.0005 1 0 0 0 0 1 0 -1 0 11214.dat
1 4 89.9953 -182.35 -70.0005 0 1 0 1 0 0 0 0 -1 32140.dat
1 71 69.9953 -141.85 -90.0005 0 -1 0 0 0 -1 1 0 0 14720.dat
1 0 139.995 -101.85 -130.5 1 0 0 0 0 1 0 -1 0 2780.dat
1 4 169.981 -121.85 -150.502 -1 0 0 0 0 -1 0 -1 0 32054.dat
1 1 149.995 -181.85 -110.5 1 0 0 0 0 1 0 -1 0 6558.dat
1 0 139.995 -261.85 -130.501 1 0 0 0 0 1 0 -1 0 2780.dat
1 4 70.4953 -181.85 -150.001 0 1 0 1 0 0 0 0 -1 32054.dat
1 1 69.9953 -181.85 -110.5 -1 0 0 0 0 -1 0 -1 0 6558.dat
1 4 149.995 -121.85 -190.501 -1 0 0 0 0 -1 0 -1 0 32054.dat
1 0 139.995 -181.85 -130.501 1 0 0 0 0 1 0 -1 0 2780.dat
1 72 149.995 -241.85 -129.501 0 1 0 0 0 -1 -1 0 0 32524.dat
1 0 159.995 -281.85 -130.501 1 0 0 0 0 1 0 -1 0 2780.dat
1 4 169.995 -281.85 -130.001 0 0 1 0 -1 0 1 0 0 42003.dat
1 28 169.996 -261.85 -150.001 0 1 0 0 0 -1 -1 0 0 6587.dat
1 71 109.995 -221.85 29.9995 -0.992546 -0.121869 0 -0.121869 0.992546 0 0 0 -1 94925.dat
1 72 109.995 -221.85 19.9995 0 -0.121869 -0.992546 0 0.992546 -0.121869 1 0 0 87083.dat
1 4 109.934 -221.354 9.99946 0.992546 -0.121868 0 0.121868 0.992546 0 0 0 1 3713.dat
1 0 110.492 -221.789 -20.0005 0.121869 0.992546 0 -0.992546 0.121869 0 0 0 1 59443.dat
1 0 109.934 -221.354 -80.0005 0 -0.121869 0.992546 0 0.992546 0.121869 -1 0 0 3706.dat
1 0 110.492 -221.789 -140.001 0.121869 0.992546 0 -0.992546 0.121869 0 0 0 1 59443.dat
1 71 109.934 -221.354 -170.001 0 -0.121869 0.992546 0 0.992546 0.121869 -1 0 0 4519.dat
1 71 109.995 -221.85 -190.001 0.992546 -0.121868 0 0.121868 0.992546 0 0 0 1 94925.dat
1 1 89.9954 -121.35 49.9995 1 0 0 0 1 0 0 0 1 6558.dat
1 71 109.995 -121.85 49.3745 0 0 -1 0 1 0 1 0 0 48989.dat
1 71 109.995 -281.85 49.3745 0 0 -1 0 1 0 1 0 0 48989.dat
1 72 129.995 -221.85 50.4995 0 1 0 0 0 -1 -1 0 0 32525.dat
1 72 89.9953 -221.85 50.4995 0 1 0 0 0 -1 -1 0 0 32525.dat
1 71 109.995 -201.85 49.3745 0 0 -1 0 1 0 1 0 0 48989.dat
1 1 149.995 -161.35 49.9995 1 0 0 0 1 0 0 0 1 6558.dat
1 72 169.995 -162.35 149.999 0 -1 0 1 0 0 0 0 1 32525.dat
1 4 189.995 -161.85 69.4995 -1 0 0 0 0 -1 0 -1 0 32054.dat
1 0 189.496 -141.86 189.999 1 0 0 0 0 -1 0 1 0 32140.dat
1 71 189.996 -141.36 189.999 0 0 1 0 1 0 -1 0 0 4519.dat
1 0 190.496 -141.86 209.999 0 0 1 0 -1 0 1 0 0 6536.dat
1 0 190.496 -141.85 159.999 0 1 0 -1 0 0 0 0 1 59443.dat
1 4 190.496 -141.85 139.999 0 1 0 0 0 1 1 0 0 32062.dat
1 0 190.496 -141.85 119.999 0 1 0 -1 0 0 0 0 1 59443.dat
1 71 189.996 -141.35 89.9995 0 0 1 0 1 0 -1 0 0 4519.dat
1 0 189.496 -141.85 89.9995 1 0 0 0 0 -1 0 1 0 32140.dat
1 0 190.496 -141.85 69.9994 0 0 1 0 -1 0 1 0 0 6536.dat
1 0 190.496 -201.86 199.999 0 1 0 0 0 1 1 0 0 2780.dat
1 4 109.996 -201.36 209.999 0 0 -1 -1 0 0 0 1 0 32278.dat
1 72 49.9967 -201.86 189.999 0 1 0 0 0 -1 -1 0 0 11214.dat
1 0 29.9968 -201.848 179.999 0 0 -1 -1 0 0 0 1 0 87408.dat
1 72 9.9967 -201.848 189.999 0 1 0 0 0 -1 -1 0 0 11214.dat
1 0 30.4969 -141.848 189.999 -1 0 0 0 0 -1 0 -1 0 32140.dat
1 71 29.9969 -141.348 189.999 0 0 1 0 1 0 -1 0 0 4519.dat
1 0 30.4969 -141.848 209.999 0 0 1 0 -1 0 1 0 0 6536.dat
1 0 30.4969 -141.838 159.999 0 1 0 -1 0 0 0 0 1 59443.dat
1 4 30.4968 -141.838 139.999 0 1 0 0 0 1 1 0 0 32062.dat
1 0 30.4968 -141.838 120 0 1 0 -1 0 0 0 0 1 59443.dat
1 71 29.9968 -141.338 89.9996 0 0 1 0 1 0 -1 0 0 4519.dat
1 0 30.4969 -141.848 89.9995 -1 0 0 0 0 -1 0 -1 0 32140.dat
1 0 30.4969 -141.838 69.9996 0 0 1 0 -1 0 1 0 0 6536.dat
1 4 29.997 -201.848 130 1 0 0 0 1 0 0 0 1 32013.dat
1 72 29.997 -201.848 89.9996 0 -1 0 0 0 -1 1 0 0 11214.dat
1 0 109.997 -201.36 69.9995 0 0 -1 -1 0 0 0 1 0 41239.dat
1 71 50.4964 -201.86 189.999 0 0 1 -1 0 0 0 -1 0 60484.dat
1 71 29.9968 -201.848 229.999 -1 0 0 0 1 0 0 0 -1 94925.dat
1 72 29.9968 -201.848 219.999 0 -1 0 0 0 1 -1 0 0 55013.dat
1 19 29.9968 -202.348 157.499 1 0 0 0 -1 0 0 0 -1 6589.dat
1 1 -29.5033 -201.875 89.9994 0 1 0 1 0 0 0 0 -1 6558.dat
1 14 44.9968 -201.354 129.921 0 0 1 -0.156435 0.987688 0 -0.987688 -0.156435 0 32123a.dat
1 72 19.9968 -201.848 129.999 1 0 0 0 0.987688 0.156435 0 -0.156435 0.987688 87083.dat
1 19 12.4968 -202.341 130.078 0 0 -1 -0.156435 -0.987688 0 -0.987688 0.156435 0 32198.dat
1 0 -20.0031 -201.926 129.506 0 0 -1 0.987688 -0.156435 0 -0.156435 -0.987688 0 59443.dat
1 71 -50.0031 -201.354 129.921 1 0 0 0 0.987688 0.156435 0 -0.156435 0.987688 4519.dat
1 0 -70.0032 -201.354 129.921 0 0 -1 0.156435 0.987688 0 0.987688 -0.156435 0 32270.dat
1 4 -30.5033 -221.875 129.999 1 0 0 0 -1 0 0 0 -1 32316.dat
1 0 90.4964 -221.86 199.999 0 1 0 0 0 1 1 0 0 2780.dat
1 1 -10.5034 -201.86 229.999 0 -1 0 0 0 -1 1 0 0 6558.dat
1 4 -30.5035 -321.86 209.999 1 0 0 0 0 -1 0 1 0 32525.dat
1 4 -30.5033 -221.86 250 1 0 0 0 0 -1 0 1 0 32140.dat
1 72 -30.0035 -221.86 229.999 0 1 0 0 0 1 1 0 0 11214.dat
1 4 -30.5035 -261.86 229.999 1 0 0 0 0 1 0 -1 0 32140.dat
1 1 -29.5035 -281.86 229.999 0 1 0 0 0 -1 -1 0 0 6558.dat
1 1 -29.5035 -241.86 229.999 0 1 0 0 0 -1 -1 0 0 6558.dat
1 4 -29.5035 -401.86 229.999 0 1 0 0 0 -1 -1 0 0 32054.dat
1 4 -30.5035 -401.86 229.999 1 0 0 0 0 1 0 -1 0 44809.dat
1 1 -10.0034 -381.86 229.499 0 0 1 -1 0 0 0 -1 0 6558.dat
1 71 -10.5034 -381.86 209.999 1 0 0 0 1 0 0 0 1 32526.dat
1 0 30.4966 -371.86 289.999 0 1 0 1 0 0 0 0 -1 2780.dat
1 72 109.996 -361.86 290.499 0 0 -1 0 -1 0 -1 0 0 32525.dat
1 0 190.497 -371.86 289.999 0 1 0 1 0 0 0 0 -1 2780.dat
1 0 10.4965 -371.86 289.999 0 1 0 1 0 0 0 0 -1 2780.dat
1 0 210.497 -371.86 290 0 1 0 1 0 0 0 0 -1 2780.dat
1 0 110.125 -401.851 289.517 -0.965926 0.258819 0 0 0 -1 -0.258819 -0.965926 0 32270.dat
1 71 109.513 -361.851 289.87 0 -0.965926 -0.258819 1 0 0 0 -0.258819 0.965926 32073.dat
1 4 110.125 -381.851 289.517 0.965926 0.258819 0 0 0 1 0.258819 -0.965926 0 3713.dat
1 4 109.866 -341.851 290.483 0.965926 -0.258819 0 0 0 -1 0.258819 0.965926 0 3713.dat
1 0 109.866 -311.851 290.482 0.965926 -0.258819 0 0 0 -1 0.258819 0.965926 0 59443.dat
1 71 109.512 -261.851 289.87 0 -0.965926 -0.258819 1 0 0 0 -0.258819 0.965926 32073.dat
1 0 109.866 -211.851 290.482 0.965926 -0.258819 0 0 0 -1 0.258819 0.965926 0 59443.dat
1 28 109.995 -161.851 289.999 0 -0.965926 -0.258819 1 0 0 0 -0.258819 0.965926 15462.dat
1 19 109.512 -159.351 289.87 0.258819 -0.965926 0 0 0 1 -0.965926 -0.258819 0 6589.dat
1 0 109.995 -141.351 270 1 0 0 0 1 0 0 0 1 32270.dat
1 71 109.995 -141.351 230 0 0 1 0 1 0 -1 0 0 32073.dat
1 0 110.495 -141.85 179.999 0 1 0 -1 0 0 0 0 1 59443.dat
1 71 109.995 -141.35 89.9995 0 0 1 0 1 0 -1 0 0 60485.dat
1 0 110.495 -141.85 -0.000520051 0 1 0 -1 0 0 0 0 1 59443.dat
1 4 110.495 -141.85 -20.0005 0 1 0 0 0 1 1 0 0 32062.dat
1 0 110.495 -141.85 -40.0004 0 1 0 -1 0 0 0 0 1 59443.dat
1 71 109.996 -141.35 -90.0005 0 0 1 0 1 0 -1 0 0 32073.dat
1 4 110.496 -141.85 -90.0005 0 1 0 -1 0 0 0 0 1 3713.dat
1 0 109.996 -141.35 -110 1 0 0 0 1 0 0 0 1 32270.dat
1 4 129.995 -161.851 229.5 0 0 1 -1 0 0 0 -1 0 3713.dat
1 71 109.995 -161.35 229.999 1 0 0 0 1 0 0 0 1 60485.dat
1 4 89.9953 -161.854 229.5 0 0 1 -1 0 0 0 -1 0 3713.dat
1 4 109.995 -141.851 230 -1 0 0 0 1 0 0 0 -1 42003.dat
1 0 109.995 -141.851 240 -1 0 0 0 0 -1 0 -1 0 87408.dat
1 72 109.995 -121.851 230 0 1 0 0 0 1 1 0 0 11214.dat
1 71 109.995 -141.351 210 1 0 0 0 0 1 0 -1 0 60484.dat
1 72 -10.0032 -201.86 69.9994 0 1 0 0 0 1 1 0 0 11214.dat
1 0 -10.0032 -202.36 89.9994 0 -1 0 0 0 -1 1 0 0 6536.dat
1 0 29.9953 -101.85 250.499 0 1 0 0 0 -1 -1 0 0 32140.dat
1 72 49.9952 -101.85 249.999 -1 0 0 0 0 -1 0 -1 0 11214.dat
1 0 19.9953 -141.85 249.499 1 0 0 0 0 1 0 -1 0 2780.dat
1 4 9.9954 -142.35 150 0 -1 0 1 0 0 0 0 1 41239.dat
1 4 -10.0147 -141.86 70.4994 1 0 0 0 0 -1 0 1 0 32054.dat
1 4 -30.0147 -181.86 129.999 -1 0 0 0 -1 0 0 0 1 11954.dat
1 0 -9.49527 -141.86 240 0 1 0 0 0 1 1 0 0 2780.dat
1 4 -29.9954 -181.86 250 -1 0 0 0 -1 0 0 0 1 64683.dat
1 0 -29.4953 -181.86 240 0 1 0 0 0 1 1 0 0 2780.dat
1 4 -9.99535 -141.86 270.5 1 0 0 0 0 -1 0 1 0 32054.dat
1 71 -30.0033 -201.875 169.999 0 -1 0 -1 0 0 0 0 -1 87082.dat
1 0 -40.0032 -201.86 169.499 1 0 0 0 0 1 0 -1 0 2780.dat
1 72 -50.0032 -202.36 129.999 0 1 0 1 0 0 0 0 -1 32524.dat
1 0 -40.0032 -201.86 69.4994 1 0 0 0 0 1 0 -1 0 2780.dat
1 4 -30.5033 -201.86 49.9994 1 0 0 0 -1 0 0 0 -1 44809.dat
1 1 -29.5033 -201.86 49.9994 0 1 0 1 0 0 0 0 -1 6558.dat
1 72 -30.0052 -301.86 69.9995 -1 0 0 0 1 0 0 0 -1 60483.dat
1 4 -45.0052 -281.86 70.4995 0 -1 0 0 0 1 -1 0 0 6632.dat
1 4 -55.0052 -281.86 70.4995 0 -1 0 0 0 1 -1 0 0 6632.dat
1 72 -30.0052 -241.86 69.9995 0 0 1 0 -1 0 1 0 0 10197.dat
1 72 -30.0052 -221.86 69.9995 -1 0 0 0 1 0 0 0 -1 60483.dat
1 0 -30.0059 -282.36 79.9995 0 0 1 0 -1 0 1 0 0 2780.dat
1 4 -50.0059 -321.86 89.9995 -1 0 0 0 -1 0 0 0 1 64394.dat
1 0 -29.5059 -321.86 79.9995 0 1 0 0 0 1 1 0 0 2780.dat
1 1 -70.0059 -331.86 70.4995 0 0 1 1 0 0 0 1 0 43093.dat
1 4 -50.0058 -321.86 69.9995 0 1 0 1 0 0 0 0 -1 42003.dat
1 0 -57.6316 -351.86 82.3739 0.707107 -0.707107 0 0 0 1 -0.707107 -0.707107 0 3068b.dat
1 4 -63.2884 -351.86 76.717 0 -0.707107 -0.707107 1 0 0 0 -0.707107 0.707107 10247.dat
1 0 -49.506 -321.86 79.9995 0 1 0 0 0 1 1 0 0 2780.dat
1 0 -30.0054 -242.36 79.9995 0 0 1 0 -1 0 1 0 0 2780.dat
1 0 -30.0052 -311.86 49.4995 0 0 1 -1 0 0 0 -1 0 2780.dat
1 4 -10.0053 -321.36 49.9996 0 0 1 -1 0 0 0 -1 0 44809.dat
1 0 -10.5053 -321.86 89.9995 0 0 -1 0 -1 0 -1 0 0 6536.dat
1 72 -10.0054 -321.86 69.9995 0 -1 0 0 0 -1 1 0 0 11214.dat
1 1 9.99582 -341.86 89.4996 1 0 0 0 0 1 0 -1 0 6558.dat
1 72 49.9957 -342.26 29.9995 -1 0 0 0 0 -1 0 -1 0 11214.dat
1 0 29.9958 -342.36 29.9995 0 -1 0 1 0 0 0 0 1 32140.dat
1 72 169.996 -342.36 29.9995 1 0 0 0 0 1 0 -1 0 11214.dat
1 0 189.996 -342.36 29.9996 0 -1 0 1 0 0 0 0 1 32140.dat
1 0 199.996 -341.86 69.4995 -1 0 0 0 0 -1 0 -1 0 2780.dat
1 0 209.996 -342.36 69.9995 0 -1 0 1 0 0 0 0 1 32523.dat
1 4 249.997 -342.16 49.5993 0 -1 0 0.600001 0 -0.799999 0.799999 0 0.600001 6629.dat
1 72 229.997 -342.06 49.5993 1 0 0 0 -0.600001 0.8 0 -0.8 -0.600001 11214.dat
1 0 239.997 -421.86 149.499 1 0 0 0 0 1 0 -1 0 2780.dat
1 4 229.997 -421.36 169.999 0 1 0 -1 0 0 0 0 1 32524.dat
1 0 219.997 -421.86 189.499 1 0 0 0 0 1 0 -1 0 2780.dat
1 4 109.997 -421.86 149.999 -1 0 0 0 1 0 0 0 -1 64782.dat
1 4 0.003 37.024 -37.968 1 0 0 0 0.990268 0.139173 0 -0.139173 0.990268 guard.ldr
1 4 0.003 -10.812 36.712 1 0 0 0 0.993768 -0.111469 0 0.111469 0.993768 chest.ldr
1 1 -10.0035 -421.86 109.499 -1 0 0 0 0 -1 0 -1 0 6558.dat
1 4 -10.0034 -421.36 169.999 0 1 0 -1 0 0 0 0 1 32524.dat
1 0 -20.0033 -421.86 229.499 1 0 0 0 0 1 0 -1 0 2780.dat
1 0 -0.0034526 -421.86 189.499 1 0 0 0 0 1 0 -1 0 2780.dat
1 0 -20.0033 -421.86 149.499 1 0 0 0 0 1 0 -1 0 2780.dat
1 4 -30.0052 -342.16 49.5995 0 -1 0 0.600001 0 -0.799999 0.799999 0 0.600001 6629.dat
1 72 -10.0052 -342.06 49.4995 -1 0 0 0 -0.600001 -0.799999 0 -0.799999 0.600001 11214.dat
1 0 9.99578 -342.36 69.9995 0 -1 0 1 0 0 0 0 1 32523.dat
1 0 19.9957 -341.86 69.4995 -1 0 0 0 0 -1 0 -1 0 2780.dat
1 0 69.9966 -421.36 199.999 0 0 -1 0 1 0 1 0 0 2780.dat
1 4 109.997 -421.871 209.999 0 0 1 -1 0 0 0 -1 0 11954.dat
1 0 149.997 -422.36 199.999 0 0 1 0 -1 0 1 0 0 2780.dat
1 0 29.9966 -431.86 189.499 0 0 -1 1 0 0 0 -1 0 2780.dat
1 47 189.997 -461.86 159.999 0 0 1 -1 0 0 0 -1 0 4073.dat
1 47 189.997 -461.86 151.999 0 0 1 -1 0 0 0 -1 0 2654.dat
1 72 189.996 -441.86 169.999 1 0 0 0 0 -1 0 1 0 60483.dat
1 72 189.997 -441.86 189.999 0 0 1 1 0 0 0 1 0 10197.dat
1 0 159.996 -441.86 189.499 0 0 1 -1 0 0 0 -1 0 59443.dat
1 71 109.997 -441.36 189.999 1 0 0 0 1 0 0 0 1 32073.dat
1 0 59.9965 -441.86 189.499 0 0 1 -1 0 0 0 -1 0 59443.dat
1 72 29.9965 -441.86 189.999 0 -1 0 1 0 0 0 0 1 10197.dat
1 72 29.9965 -441.86 169.999 1 0 0 0 0 -1 0 1 0 60483.dat
1 47 29.9966 -461.86 159.999 -1 0 0 0 0 -1 0 -1 0 4073.dat
1 47 29.9966 -461.86 151.999 0 0 1 -1 0 0 0 -1 0 2654.dat
1 0 189.997 -431.86 189.499 0 0 -1 1 0 0 0 -1 0 2780.dat
1 1 229.997 -421.86 109.499 1 0 0 0 0 1 0 -1 0 6558.dat
1 4 229.997 -321.36 49.9996 0 0 -1 -1 0 0 0 1 0 44809.dat
1 0 249.997 -311.86 49.4995 0 0 1 -1 0 0 0 -1 0 2780.dat
1 72 249.997 -301.86 69.9996 -1 0 0 0 1 0 0 0 -1 60483.dat
1 72 249.997 -281.86 69.9997 0 0 -1 0 1 0 1 0 0 10197.dat
1 4 274.997 -241.86 70.4996 0 1 0 0 0 -1 -1 0 0 6632.dat
1 4 264.997 -241.86 70.4996 0 1 0 0 0 -1 -1 0 0 6632.dat
1 72 249.997 -241.86 69.9997 0 0 -1 0 -1 0 -1 0 0 10197.dat
1 72 249.997 -221.86 69.9996 -1 0 0 0 1 0 0 0 -1 60483.dat
1 0 249.996 -281.36 79.9995 0 0 -1 0 1 0 1 0 0 2780.dat
1 4 269.996 -321.86 89.9995 -1 0 0 0 -1 0 0 0 1 64680.dat
1 0 270.496 -321.86 79.9995 0 1 0 0 0 1 1 0 0 2780.dat
1 1 289.996 -331.86 69.4995 0 0 -1 1 0 0 0 -1 0 43093.dat
1 4 269.996 -321.86 69.9995 0 -1 0 1 0 0 0 0 1 42003.dat
1 0 250.496 -321.86 79.9995 0 1 0 0 0 1 1 0 0 2780.dat
1 4 285.246 -351.86 78.2268 0 0.5 -0.866026 1 0 0 0 -0.866026 -0.5 10247.dat
1 0 281.246 -351.86 85.155 0.866025 0.5 0 0 0 1 0.5 -0.866025 0 3068b.dat
1 0 249.997 -241.36 79.9995 0 0 -1 0 1 0 1 0 0 2780.dat
1 1 250.497 -201.86 49.9995 0 1 0 1 0 0 0 0 -1 6558.dat
1 4 249.997 -201.86 49.4995 0 0 1 0 -1 0 1 0 0 44809.dat
1 0 229.997 -201.36 89.9994 0 1 0 0 0 1 1 0 0 6536.dat
1 72 229.997 -201.86 69.9995 0 1 0 0 0 1 1 0 0 11214.dat
1 1 249.997 -201.846 89.4994 0 0 -1 1 0 0 0 -1 0 6558.dat
1 4 249.497 -221.846 129.999 1 0 0 0 -1 0 0 0 -1 32316.dat
1 71 249.997 -201.846 169.999 0 -1 0 1 0 0 0 0 1 87082.dat
1 0 259.997 -201.86 169.499 1 0 0 0 0 1 0 -1 0 2780.dat
1 72 269.997 -201.36 129.999 0 1 0 -1 0 0 0 0 1 32524.dat
1 0 259.997 -201.86 69.4995 1 0 0 0 0 1 0 -1 0 2780.dat
1 4 250.008 -181.846 129.999 1 0 0 0 -1 0 0 0 -1 11954.dat
1 0 229.489 -141.846 239.999 0 -1 0 0 0 1 -1 0 0 2780.dat
1 4 249.989 -181.846 249.999 -1 0 0 0 -1 0 0 0 1 64391.dat
1 4 229.989 -141.846 269.499 -1 0 0 0 0 -1 0 -1 0 32054.dat
1 4 209.995 -141.35 150 0 1 0 -1 0 0 0 0 1 41239.dat
1 0 199.995 -141.85 49.4995 1 0 0 0 0 1 0 -1 0 2780.dat
1 71 189.995 -141.85 50.4995 0 -1 0 0 0 1 -1 0 0 32316.dat
1 1 169.995 -101.85 49.4995 -1 0 0 0 0 -1 0 -1 0 6558.dat
1 0 169.995 -101.35 9.99953 0 1 0 -1 0 0 0 0 1 41239.dat
1 1 149.995 -101.851 -110.5 1 0 0 0 0 1 0 -1 0 6558.dat
1 0 159.995 -101.85 129.5 1 0 0 0 0 1 0 -1 0 2780.dat
1 71 109.995 -101.85 170 1 0 0 0 -1 0 0 0 -1 64178.dat
1 4 49.9953 -101.85 269.5 1 0 0 0 0 1 0 -1 0 32054.dat
1 0 49.9954 -102.35 330 0 -1 0 1 0 0 0 0 1 41239.dat
1 0 59.9953 -101.85 429.5 -1 0 0 0 0 -1 0 -1 0 2780.dat
1 71 109.995 -101.85 530 1 0 0 0 -1 0 0 0 -1 64178.dat
1 0 59.9953 -101.85 629.5 1 0 0 0 0 1 0 -1 0 2780.dat
1 72 49.9953 -133.631 654.29 0 1 0 -0.601816 0 -0.798635 -0.798635 0 0.601816 32524.dat
1 1 49.9954 -181.85 689.5 1 0 0 0 0 1 0 -1 0 6558.dat
1 72 69.9954 -181.35 590 0 1 0 -1 0 0 0 0 1 32525.dat
1 0 29.9952 -181.35 630 0 1 0 -1 0 0 0 0 1 32140.dat
1 72 49.9952 -181.6 630 -1 0 0 0 0 1 0 1 0 11214.dat
1 4 49.9953 -181.35 640 0 1 0 -1 0 0 0 0 1 43857.dat
1 1 49.9954 -181.85 650.5 1 0 0 0 0 -1 0 1 0 6558.dat
1 72 129.995 -181.85 510 -1 0 0 0 0 -1 0 -1 0 11214.dat
1 4 89.9953 -181.85 509.5 -1 0 0 0 0 -1 0 -1 0 32054.dat
1 72 149.995 -181.35 590 0 1 0 -1 0 0 0 0 1 32525.dat
1 0 189.995 -181.35 630 0 1 0 -1 0 0 0 0 1 32140.dat
1 72 169.995 -181.25 630 1 0 0 0 0 -1 0 1 0 11214.dat
1 4 169.995 -181.1 640 0 1 0 -1 0 0 0 0 1 43857.dat
1 1 169.995 -181.85 689.5 -1 0 0 0 0 -1 0 -1 0 6558.dat
1 1 169.995 -181.6 650.5 -1 0 0 0 0 1 0 1 0 6558.dat
1 0 159.995 -181.85 569.5 1 0 0 0 0 1 0 -1 0 2780.dat
1 71 169.995 -201.35 530 0 0 1 0 1 0 -1 0 0 32073.dat
1 0 169.494 -201.85 490 0 0 -1 0 1 0 1 0 0 6536.dat
1 0 169.494 -201.85 570 0 0 -1 0 1 0 1 0 0 6536.dat
1 0 170.495 -141.85 550 -1 0 0 0 0 -1 0 -1 0 32140.dat
1 71 169.995 -141.35 530 0 0 1 0 1 0 -1 0 0 4519.dat
1 72 169.995 -141.85 530 -1 0 0 0 0 1 0 1 0 60483.dat
1 0 170.495 -141.85 510 -1 0 0 0 0 -1 0 -1 0 32140.dat
1 0 169.995 -122.35 590 0 -1 0 0 0 -1 1 0 0 6536.dat
1 71 169.995 -121.35 530 0 0 1 0 1 0 -1 0 0 44294.dat
1 71 169.995 -102.475 570 0 0 -1 0 1 0 1 0 0 32184.dat
1 71 169.995 -82.2498 530 0 0 1 0 1 0 -1 0 0 32073.dat
1 71 169.995 -81.8498 530 0 -1 0 0 0 -1 1 0 0 63869.dat
1 71 169.995 -102.475 490 0 0 -1 0 1 0 1 0 0 32184.dat
1 0 169.995 -121.35 470 0 -1 0 0 0 1 -1 0 0 6536.dat
1 71 219.323 -113.66 555 -0.173648 0 -0.984808 0.984808 0 -0.173648 0 -1 0 32063.dat
1 19 268.476 -104.485 530 0 1 0 0 0 -1 -1 0 0 32556.dat
1 71 268.476 -84.485 530 0 0 -1 0 -1 0 -1 0 0 11950.dat
1 71 -0.1 -169.085 1060.7 1 0 0 0 -1 0 0 0 -1 wheel.ldr
1 71 220.1 -169.085 0.7 -1 0 0 0 -1 0 0 0 1 wheel.ldr
1 71 268.209 -84.5326 530 -0.173642 0 -0.984809 0.984809 0 -0.173642 0 -1 0 32494.dat
1 71 220.2 -92.9977 529.5 0.984809 0 -0.173642 0.173642 0 0.984809 0 -1 0 4519.dat
1 71 169.995 -101.85 530 -0.173642 0 0.984809 0.984809 0 0.173642 0 1 0 32494.dat
1 72 169.995 -101.85 530 0 0 1 1 0 0 0 1 0 92906.dat
1 19 127.495 -102.35 530 0 0 -1 0 -1 0 -1 0 0 6589.dat
1 72 109.995 -101.85 530 0 0 -1 1 0 0 0 -1 0 62821.dat
1 19 92.4952 -101.35 530 0 0 1 0 1 0 -1 0 0 6589.dat
1 72 49.9952 -101.85 530 0 0 -1 1 0 0 0 -1 0 92906.dat
1 71 49.9952 -101.85 530 0.173642 0 -0.984809 0.984809 0 0.173642 0 -1 0 32494.dat
1 71 -0.209274 -92.9977 530.5 -0.984809 0 0.173643 0.173643 0 0.984809 0 1 0 4519.dat
1 71 -48.2187 -84.5326 530 0.173642 0 0.984809 0.984809 0 -0.173642 0 1 0 32494.dat
1 71 -48.4856 -84.485 529.999 0 0 1 0 -1 0 1 0 0 11950.dat
1 19 -48.4855 -104.485 529.999 0 -1 0 0 0 -1 1 0 0 32556.dat
1 71 0.668074 -113.66 554.999 0.173648 0 0.984808 0.984808 0 -0.173648 0 1 0 32063.dat
1 0 49.9952 -121.35 589.999 0 1 0 0 0 1 1 0 0 6536.dat
1 71 49.9952 -121.35 529.999 0 0 1 0 1 0 -1 0 0 44294.dat
1 71 49.9952 -102.475 569.999 0 0 1 0 1 0 -1 0 0 32184.dat
1 71 49.9952 -82.2499 529.999 0 0 -1 0 1 0 1 0 0 32073.dat
1 71 49.9951 -81.8499 529.999 0 1 0 0 0 -1 -1 0 0 63869.dat
1 71 49.9952 -102.475 489.999 0 0 1 0 1 0 -1 0 0 32184.dat
1 0 49.9952 -121.35 469.999 0 1 0 0 0 1 1 0 0 6536.dat
1 4 69.9953 -121.85 589.5 0 0 -1 1 0 0 0 -1 0 32054.dat
1 4 49.9952 -101.85 569.5 1 0 0 0 0 1 0 -1 0 32054.dat
1 0 69.9949 -91.8499 550.5 0 0 1 1 0 0 0 1 0 2780.dat
1 0 49.4953 -141.85 550 1 0 0 0 0 -1 0 1 0 32140.dat
1 71 49.5953 -141.85 530 0 1 0 0 0 -1 -1 0 0 4519.dat
1 72 49.9953 -141.85 530 -1 0 0 0 0 1 0 1 0 60483.dat
1 0 49.4953 -141.85 510 1 0 0 0 0 -1 0 1 0 32140.dat
1 71 49.9953 -201.35 530 0 0 1 0 1 0 -1 0 0 32073.dat
1 0 49.4943 -201.85 490 0 0 -1 0 1 0 1 0 0 6536.dat
1 0 49.4943 -201.85 570 0 0 -1 0 1 0 1 0 0 6536.dat
1 0 59.9953 -181.85 569.5 1 0 0 0 0 1 0 -1 0 2780.dat
1 1 69.9955 -181.85 489.5 1 0 0 0 0 1 0 -1 0 6558.dat
1 0 129.995 -182.35 390 0 -1 0 1 0 0 0 0 1 41239.dat
1 71 109.995 -181.225 370 0 0 1 -1 0 0 0 -1 0 48989.dat
1 0 89.9955 -182.35 390 0 -1 0 1 0 0 0 0 1 41239.dat
1 0 79.9954 -181.714 449.681 -1 0 0 0 0 -1 0 -1 0 2780.dat
1 72 69.9952 -133.495 414.471 0 -1 0 -0.601814 0 0.798636 -0.798636 0 -0.601814 32524.dat
1 72 149.995 -101.85 390 -1 0 0 0 0 -1 0 -1 0 11214.dat
1 0 109.995 -102.35 390 0 0 -1 0 -1 0 -1 0 0 32034.dat
1 72 69.9953 -101.85 390 1 0 0 0 0 1 0 -1 0 11214.dat
1 72 149.995 -133.495 414.472 0 -1 0 -0.601814 0 0.798636 -0.798636 0 -0.601814 32524.dat
1 0 139.995 -181.85 449.5 -1 0 0 0 0 -1 0 -1 0 2780.dat
1 0 169.995 -102.35 330 0 -1 0 1 0 0 0 0 1 41239.dat
1 72 149.995 -101.85 330 -1 0 0 0 0 -1 0 -1 0 11214.dat
1 0 109.995 -102.35 330 0 0 -1 0 -1 0 -1 0 0 32034.dat
1 72 69.9953 -101.85 330 1 0 0 0 0 1 0 -1 0 11214.dat
1 71 69.9954 -101.85 329.5 0 -1 0 0 0 -1 1 0 0 32526.dat
1 0 59.9953 -162.35 330 1 0 0 0 -1 0 0 0 -1 2780.dat
1 71 49.9952 -161.85 330.5 0 -1 0 0 0 1 -1 0 0 32523.dat
1 4 29.9965 -181.859 329.499 1 0 0 0 0 1 0 -1 0 32054.dat
1 71 29.3715 -161.859 329.999 1 0 0 0 1 0 0 0 1 48989.dat
1 72 29.4965 -141.859 309.999 1 0 0 0 0 1 0 -1 0 32524.dat
1 0 29.9965 -121.359 319.999 0 0 1 0 1 0 -1 0 0 3705.dat
1 71 29.9966 -101.234 349.999 0 0 1 0 -1 0 1 0 0 32184.dat
1 71 29.9966 -101.234 289.999 0 0 1 0 -1 0 1 0 0 32184.dat
1 0 29.9965 -81.3588 319.999 0 0 1 0 1 0 -1 0 0 3705.dat
1 71 29.4966 -101.859 329.999 1 0 0 0 0 1 0 -1 0 32523.dat
1 28 29.9966 -161.859 309.999 0 0 1 0 1 0 -1 0 0 15462.dat
1 72 29.9966 -161.359 289.999 1 0 0 0 1 0 0 0 1 10928.dat
1 71 29.9967 -162.36 269.999 1 0 0 0 0 -1 0 1 0 60484.dat
1 0 9.4967 -201.86 259.999 0 -1 0 0 0 1 -1 0 0 2780.dat
1 4 109.996 -201.36 249.999 0 0 1 -1 0 0 0 -1 0 32278.dat
1 72 69.9965 -201.86 239.999 0 -0.195091 0.980785 0 0.980785 0.195091 -1 0 0 87083.dat
1 71 69.9966 -201.86 229.999 0.19509 -0.980785 0 -0.980785 -0.195091 0 0 0 -1 94925.dat
1 1 249.496 -201.86 229.999 0 -1 0 0 0 -1 1 0 0 6558.dat
1 4 249.496 -321.86 209.999 1 0 0 0 0 -1 0 1 0 32525.dat
1 4 250.496 -221.859 249.999 -1 0 0 0 0 -1 0 -1 0 32140.dat
1 72 249.996 -221.859 229.999 0 1 0 0 0 1 1 0 0 11214.dat
1 4 250.497 -261.86 230 -1 0 0 0 0 1 0 1 0 32140.dat
1 1 250.496 -241.86 229.999 0 1 0 0 0 -1 -1 0 0 6558.dat
1 1 229.496 -201.86 229.999 0 -1 0 0 0 -1 1 0 0 6558.dat
1 0 250.496 -361.86 219.999 0 1 0 0 0 1 1 0 0 2780.dat
1 4 229.496 -361.86 229.999 1 0 0 0 -1 0 0 0 -1 44809.dat
1 4 229.996 -361.86 249.499 -1 0 0 0 0 -1 0 -1 0 32054.dat
1 4 250.496 -401.86 229.999 0 1 0 0 0 -1 -1 0 0 32054.dat
1 0 230.496 -281.86 239.999 0 1 0 0 0 1 1 0 0 2780.dat
1 71 209.496 -201.86 229.999 1 0 0 0 0 -1 0 1 0 32526.dat
1 0 209.496 -201.86 239.999 0 -1 0 0 0 1 -1 0 0 2780.dat
1 1 250.496 -281.86 229.999 0 1 0 0 0 -1 -1 0 0 6558.dat
1 1 -30.5035 -201.86 229.999 0 -1 0 0 0 -1 1 0 0 6558.dat
1 0 49.4967 -201.86 259.999 0 -1 0 0 0 1 -1 0 0 2780.dat
1 4 30.4968 -221.848 145 -1 0 0 0 0 1 0 1 0 6632.dat
1 71 109.997 -201.86 229.999 1 0 0 0 1 0 0 0 1 94925.dat
1 71 109.996 -201.36 209.999 0 0 1 0 1 0 -1 0 0 44294.dat
1 19 110.497 -201.86 140 0 1 0 1 0 0 0 0 -1 6538b.dat
1 4 109.997 -201.86 140 -1 0 0 0 1 0 0 0 -1 6539.dat
1 0 109.996 -201.36 99.9995 0 0 1 0 1 0 -1 0 0 3705.dat
1 72 109.899 -201.369 110 0.980785 -0.19509 0 0.19509 0.980785 0 0 0 1 6542a.dat
1 72 109.899 -202.35 169.999 0.980785 -0.19509 0 -0.19509 -0.980785 0 0 0 -1 6542a.dat
1 0 109.996 -221.235 89.9994 0 0 -1 0 -1 0 -1 0 0 32557.dat
1 1 109.996 -241.86 99.4994 1 0 0 0 0 1 0 -1 0 6558.dat
1 1 109.996 -241.86 79.4995 1 0 0 0 0 1 0 -1 0 6558.dat
1 0 110.496 -221.86 79.9994 0 1 0 0 0 1 1 0 0 2780.dat
1 4 29.9966 -101.859 349.499 1 0 0 0 0 1 0 -1 0 32054.dat
1 4 29.9966 -101.859 289.499 1 0 0 0 0 1 0 -1 0 32054.dat
1 0 59.9953 -142.35 330 1 0 0 0 -1 0 0 0 -1 2780.dat
1 0 79.9954 -181.85 369.5 -1 0 0 0 0 -1 0 -1 0 2780.dat
1 0 79.9954 -181.853 329.5 -1 0 0 0 0 -1 0 -1 0 2780.dat
1 71 149.995 -101.85 329.5 0 -1 0 0 0 -1 1 0 0 32526.dat
1 1 169.995 -141.35 330 1 0 0 0 1 0 0 0 1 6558.dat
1 72 189.995 -131.85 320.5 0 0 1 1 0 0 0 1 0 32000.dat
1 1 169.995 -121.35 330 1 0 0 0 1 0 0 0 1 6558.dat
1 72 169.995 -131.85 320.5 0 0 1 1 0 0 0 1 0 32000.dat
1 0 139.995 -181.85 369.5 -1 0 0 0 0 -1 0 -1 0 2780.dat
1 0 139.995 -181.85 329.5 -1 0 0 0 0 -1 0 -1 0 2780.dat
1 0 109.917 -101.356 79.9995 0.987688 -0.156435 0 0.156435 0.987688 0 0 0 1 59443.dat
1 71 109.917 -101.356 169.999 0 -0.156432 0.987689 0 0.987689 0.156432 -1 0 0 60485.dat
1 0 110.489 -101.772 259.999 0.156432 0.987689 0 -0.987689 0.156432 0 0 0 1 59443.dat
1 4 110.489 -101.772 279.999 0 0.987689 -0.156432 0 0.156432 0.987689 1 0 0 32062.dat
1 0 109.502 -101.928 300 -0.156435 -0.987688 0 0.987688 -0.156435 0 0 0 1 59443.dat
1 0 110.074 -102.344 360 0 0.156434 -0.987689 0 -0.987688 -0.156434 -1 0 0 3706.dat
1 19 109.995 -101.85 39.9995 0 -0.987688 0.156435 0 -0.156435 -0.987688 1 0 0 99008.dat
1 71 109.995 -101.85 29.9995 0.156435 -0.987688 0 -0.987688 -0.156434 0 0 0 -1 94925.dat
1 19 109.502 -101.928 490 0.156435 -0.987688 0 -0.987688 -0.156434 0 0 0 -1 32269.dat
1 71 110.074 -102.344 470 0 0.156434 -0.987689 0 -0.987688 -0.156434 -1 0 0 4519.dat
1 0 110.489 -101.772 430 -0.156434 0.987688 0 0.987688 0.156435 0 0 0 -1 32034.dat
1 72 149.995 -101.85 9.99951 -1 0 0 0 0 -1 0 -1 0 11214.dat
1 0 109.995 -101.35 9.99952 0 0 1 0 1 0 -1 0 0 32034.dat
1 72 69.9953 -101.85 9.99949 1 0 0 0 0 1 0 -1 0 11214.dat
1 71 149.995 -181.85 50.4995 0 -1 0 0 0 1 -1 0 0 32526.dat
1 1 169.995 -181.85 50.4995 1 0 0 0 0 -1 0 1 0 6558.dat
1 0 139.995 -121.35 49.9995 1 0 0 0 1 0 0 0 1 2780.dat
1 71 69.9954 -181.85 50.4995 0 -1 0 0 0 1 -1 0 0 32526.dat
1 1 69.9953 -161.35 49.9995 -1 0 0 0 1 0 0 0 -1 6558.dat
1 72 49.9953 -161.35 150 0 1 0 -1 0 0 0 0 1 32525.dat
1 1 49.9954 -161.85 250.499 1 0 0 0 0 -1 0 1 0 6558.dat
1 71 69.9954 -161.85 230.5 0 1 0 -1 0 0 0 0 1 60484.dat
1 71 109.995 -181.851 289.375 -1 0 0 0 0 1 0 1 0 32184.dat
1 71 109.996 -181.35 270 1 0 0 0 1 0 0 0 1 32073.dat
1 71 149.995 -161.85 230.5 0 1 0 -1 0 0 0 0 1 60484.dat
1 1 169.995 -161.85 249.499 1 0 0 0 0 1 0 -1 0 6558.dat
1 0 189.995 -101.85 250.499 0 1 0 0 0 -1 -1 0 0 32140.dat
1 72 169.995 -101.85 249.999 1 0 0 0 0 1 0 -1 0 11214.dat
1 0 199.995 -141.85 249.499 1 0 0 0 0 1 0 -1 0 2780.dat
1 4 29.9957 -161.848 209.499 1 0 0 0 0 1 0 -1 0 32054.dat
1 4 29.9957 -161.838 69.4995 1 0 0 0 0 1 0 -1 0 32054.dat
1 1 49.9953 -181.85 49.4995 -1 0 0 0 0 -1 0 -1 0 6558.dat
1 71 29.9953 -141.85 50.4995 0 -1 0 0 0 1 -1 0 0 32316.dat
1 0 19.9953 -141.85 49.4995 1 0 0 0 0 1 0 -1 0 2780.dat
1 1 49.9954 -101.85 50.4995 1 0 0 0 0 -1 0 1 0 6558.dat
1 0 49.9953 -101.35 9.99953 0 1 0 -1 0 0 0 0 1 41239.dat
1 1 69.9953 -101.85 -70.5005 -1 0 0 0 0 -1 0 -1 0 6558.dat
1 1 69.9953 -101.85 -110.5 -1 0 0 0 0 -1 0 -1 0 6558.dat
1 0 59.9953 -101.846 69.4995 1 0 0 0 0 1 0 -1 0 2780.dat
1 0 59.9953 -101.85 129.5 1 0 0 0 0 1 0 -1 0 2780.dat
1 0 159.995 -101.85 449.5 -1 0 0 0 0 -1 0 -1 0 2780.dat
1 0 159.995 -101.85 429.5 -1 0 0 0 0 -1 0 -1 0 2780.dat
1 4 169.995 -101.85 209.5 -1 0 0 0 0 -1 0 -1 0 32054.dat
1 4 169.995 -101.85 269.5 -1 0 0 0 0 -1 0 -1 0 32054.dat
1 1 149.995 -181.85 489.5 -1 0 0 0 0 -1 0 -1 0 6558.dat
1 71 69.9953 -201.85 530 0 1 0 0 0 1 1 0 0 87082.dat
1 19 79.9954 -201.329 530.912 1 0 0 0 0.495488 -0.868615 0 0.868615 0.495488 32002.dat
1 71 109.995 -201.85 530.014 -1 0 0 0 1 -0.000903391 0 -0.000903391 -1 3326b.dat
1 71 109.995 -201.85 530.014 0 -0.986286 0.165048 -1 -0.000149057 -0.000890754 0.000903158 -0.165048 -0.986285 62520.dat
1 71 126.499 -201.439 431.385 0.165058 0.000151353 0.986284 -0.000893771 1 0 -0.986283 -0.000880871 0.165058 60485.dat
1 19 139.995 -202.202 529.352 -1 0 0 0 -0.469478 -0.882944 0 -0.882944 0.469478 32002.dat
1 71 149.995 -201.85 529.999 0 1 0 0 0 -1 -1 0 0 87082.dat
1 71 0.668024 -73.6598 554.999 0.173648 0 0.984808 0.984808 0 -0.173648 0 1 0 32063.dat
1 0 -9.58545 -71.3441 559.999 0 -0.984808 0.173648 0 0.173648 0.984808 -1 0 0 2780.dat
1 71 -12.566 -91.1271 570.5 0 0.984808 -0.173648 0 -0.173648 -0.984808 -1 0 0 44809.dat
1 71 0.668214 -73.6598 545 0.173648 0 0.984808 0.984808 0 -0.173648 0 1 0 32063.dat
1 19 -48.4856 -64.485 529.999 0 -0.980035 -0.198828 0 0.198828 -0.980035 1 0 0 32556.dat
1 71 0.667976 -73.6598 515 0.173648 0 0.984808 0.984808 0 -0.173648 0 1 0 32063.dat
1 0 -9.5855 -71.3442 500 0 -0.984808 0.173648 0 0.173648 0.984808 -1 0 0 2780.dat
1 71 0.668027 -73.6598 505 0.173648 0 0.984808 0.984808 0 -0.173648 0 1 0 32063.dat
1 71 -12.6529 -91.6195 490 0.173649 0.984808 0 0.984808 -0.173648 0 0 0 -1 44809.dat
1 0 69.9953 -91.8499 510.5 0 0 1 1 0 0 0 1 0 2780.dat
1 71 0.668027 -113.66 544.999 0.173648 0 0.984808 0.984808 0 -0.173648 0 1 0 32063.dat
1 19 10.6029 -114.904 529.999 0 -1 0 0 0 -1 1 0 0 32556.dat
1 71 0.668027 -113.66 514.999 0.173648 0 0.984808 0.984808 0 -0.173648 0 1 0 32063.dat
1 71 0.667979 -113.66 504.999 0.173648 0 0.984808 0.984808 0 -0.173648 0 1 0 32063.dat
1 4 49.9952 -101.85 489.5 1 0 0 0 0 1 0 -1 0 32054.dat
1 4 69.9953 -121.851 469.5 0 0 -1 1 0 0 0 -1 0 32054.dat
1 19 110.125 -102.333 547.5 0.965926 0.258819 0 0.258819 -0.965926 0 0 0 -1 6589.dat
1 19 268.476 -64.485 530 0 0.980035 0.198828 0 0.198828 -0.980035 -1 0 0 32556.dat
1 71 219.323 -73.6598 555 -0.173648 0 -0.984808 0.984808 0 -0.173648 0 -1 0 32063.dat
1 0 229.576 -71.3441 560 0 0.984808 -0.173648 0 0.173648 0.984808 1 0 0 2780.dat
1 71 232.643 -91.6195 570 -0.173648 -0.984808 0 0.984808 -0.173648 0 0 0 1 44809.dat
1 71 219.323 -73.6598 545 -0.173648 0 -0.984808 0.984808 0 -0.173648 0 -1 0 32063.dat
1 71 219.322 -73.6598 515 -0.173648 0 -0.984808 0.984808 0 -0.173648 0 -1 0 32063.dat
1 0 229.576 -71.3441 500 0 0.984808 -0.173648 0 0.173648 0.984808 1 0 0 2780.dat
1 71 219.323 -73.6598 505 -0.173648 0 -0.984808 0.984808 0 -0.173648 0 -1 0 32063.dat
1 71 232.557 -91.1271 489.5 0 -0.984808 0.173648 0 -0.173648 -0.984808 1 0 0 44809.dat
1 71 219.323 -113.66 545 -0.173648 0 -0.984808 0.984808 0 -0.173648 0 -1 0 32063.dat
1 19 209.388 -114.904 530 0 1 0 0 0 -1 -1 0 0 32556.dat
1 71 219.323 -113.66 515 -0.173648 0 -0.984808 0.984808 0 -0.173648 0 -1 0 32063.dat
1 71 219.322 -113.66 505 -0.173648 0 -0.984808 0.984808 0 -0.173648 0 -1 0 32063.dat
1 4 149.995 -121.849 589.5 0 0 -1 1 0 0 0 -1 0 32054.dat
1 4 169.995 -101.85 569.5 -1 0 0 0 0 -1 0 -1 0 32054.dat
1 0 149.995 -91.8498 549.5 0 0 -1 1 0 0 0 -1 0 2780.dat
1 0 149.995 -91.8498 509.5 0 0 -1 1 0 0 0 -1 0 2780.dat
1 4 169.995 -101.85 489.5 -1 0 0 0 0 -1 0 -1 0 32054.dat
1 4 149.995 -121.851 469.5 0 0 -1 1 0 0 0 -1 0 32054.dat
1 72 169.995 -133.631 654.29 0 1 0 -0.601816 0 -0.798635 -0.798635 0 0.601816 32524.dat
1 0 159.995 -101.986 629.318 1 0 0 0 0 1 0 -1 0 2780.dat
1 0 59.9953 -101.85 449.5 -1 0 0 0 0 -1 0 -1 0 2780.dat
1 4 49.9953 -101.85 209.5 1 0 0 0 0 1 0 -1 0 32054.dat
1 0 90.4953 -101.85 220 0 1 0 0 0 1 1 0 0 2780.dat
1 0 130.495 -101.851 220 0 1 0 0 0 1 1 0 0 2780.dat
1 0 159.995 -101.851 69.4996 1 0 0 0 0 1 0 -1 0 2780.dat
1 1 149.995 -101.85 -70.5005 1 0 0 0 0 1 0 -1 0 6558.dat
1 4 230.008 -141.846 69.4995 -1 0 0 0 0 -1 0 -1 0 32054.dat
1 0 249.489 -181.846 239.999 0 -1 0 0 0 1 -1 0 0 2780.dat
1 0 230.497 -321.86 89.9996 0 0 1 0 -1 0 1 0 0 6536.dat
1 72 229.997 -321.86 69.9995 0 -1 0 0 0 -1 1 0 0 11214.dat
1 1 209.996 -341.86 89.4995 -1 0 0 0 0 -1 0 -1 0 6558.dat
1 0 109.995 -322.36 69.9996 0 0 1 1 0 0 0 1 0 41239.dat
1 4 169.495 -321.86 99.9995 0 -1 0 0 0 -1 1 0 0 32062.dat
1 4 169.495 -321.86 69.9996 0 -1 0 0 0 1 -1 0 0 32054.dat
1 0 169.995 -321.86 124 0 0 1 -1 0 0 0 -1 0 2819.dat
1 4 169.995 -321.85 49.9996 0 0 1 0 -1 0 1 0 0 32013.dat
1 71 109.995 -321.85 50.4995 1 0 0 0 0 -1 0 1 0 32073.dat
1 71 109.995 -321.85 30.4995 1 0 0 0 -1 0 0 0 -1 32039.dat
1 4 49.9953 -321.85 49.9996 0 0 -1 0 1 0 1 0 0 32013.dat
1 0 209.495 -321.86 59.9995 0 -1 0 0 0 -1 1 0 0 2780.dat
1 72 210.495 -261.86 49.9995 -1 0 0 0 0 1 0 1 0 32524.dat
1 71 209.995 -221.86 29.9995 -1 0 0 0 1 0 0 0 -1 55615.dat
1 1 209.496 -201.85 69.9995 0 -1 0 0 0 -1 1 0 0 6558.dat
1 1 229.995 -221.86 -10.5005 -1 0 0 0 0 -1 0 -1 0 6558.dat
1 1 249.995 -269.86 -46.5005 -1 0 0 0 0 -1 0 -1 0 6558.dat
1 71 169.995 -281.86 -229.5 0 -1 0 0 0 1 -1 0 0 32523.dat
1 4 169.995 -301.86 -230.501 1 0 0 0 0 1 0 -1 0 32054.dat
1 71 109.995 -302.36 -230 1 0 0 0 -1 0 0 0 -1 32073.dat
1 4 109.995 -301.86 -229.5 0 0 1 1 0 0 0 1 0 3713.dat
1 71 129.995 -281.235 -230 -1 0 0 0 -1 0 0 0 1 32184.dat
1 4 49.9946 -301.86 -229.5 -1 0 0 0 0 1 0 1 0 32054.dat
1 71 89.9947 -282.485 -230 -1 0 0 0 1 0 0 0 -1 32184.dat
1 71 109.995 -262.36 -230 1 0 0 0 -1 0 0 0 -1 60485.dat
1 71 209.995 -261.86 -230 0 0 1 -1 0 0 0 -1 0 32016.dat
1 4 237.52 -261.86 -218.058 0.92388 -0.382684 0 0 0 -1 0.382684 0.923879 0 32062.dat
1 4 265.428 -261.86 -207.039 0 0.382684 0.92388 -1 0 0 0 -0.92388 0.382684 32015.dat
1 4 149.995 -261.86 -229.5 0 0 1 1 0 0 0 1 0 3713.dat
1 4 109.995 -261.86 -229.5 0 0 1 1 0 0 0 1 0 3713.dat
1 4 69.9947 -261.86 -229.5 0 0 1 1 0 0 0 1 0 3713.dat
1 71 9.99472 -261.86 -230 0 0 -1 1 0 0 0 -1 0 32016.dat
1 4 -17.5304 -261.86 -218.058 0.92388 0.382684 0 0 0 -1 -0.382684 0.923879 0 32062.dat
1 4 -45.4383 -261.86 -207.039 0 -1 0 -1 0 0 0 0 -1 32015.dat
1 71 49.9947 -281.86 -229.5 0 -1 0 0 0 1 -1 0 0 32523.dat
1 0 219.995 -302.36 -170 1 0 0 0 -1 0 0 0 -1 3706.dat
1 4 209.995 -301.86 -169.5 0 0 1 1 0 0 0 1 0 3713.dat
1 71 249.995 -301.86 -170 -1 0 0 0 1 0 0 0 -1 63869.dat
1 4 269.995 -302.36 -170 0 -1 0 1 0 0 0 0 1 6629.dat
1 0 149.995 -302.36 -170 0 0 1 0 -1 0 1 0 0 32034.dat
1 4 229.995 -302.36 -170 0 -1 0 1 0 0 0 0 1 6629.dat
1 4 189.995 -302.36 -170 0 1 0 1 0 0 0 0 -1 32140.dat
1 71 109.995 -302.36 -170 1 0 0 0 -1 0 0 0 -1 4519.dat
1 71 249.995 -254.26 -34.3005 -1 0 0 0 -0.799999 -0.600001 0 -0.600001 0.799999 4519.dat
1 0 69.9947 -302.36 -170 0 0 1 0 -1 0 1 0 0 32034.dat
1 0 -0.00530481 -302.36 -170 1 0 0 0 -1 0 0 0 -1 3706.dat
1 4 9.99474 -301.86 -169.5 0 0 1 1 0 0 0 1 0 3713.dat
1 4 29.9946 -302.36 -170 0 1 0 1 0 0 0 0 -1 32140.dat
1 71 -30.0054 -301.86 -170 -1 0 0 0 1 0 0 0 -1 63869.dat
1 4 -10.0053 -302.36 -170 0 -1 0 1 0 0 0 0 1 6629.dat
1 4 -50.0054 -302.36 -170 0 -1 0 1 0 0 0 0 1 6629.dat
1 71 -30.0053 -254.26 -34.3005 1 0 0 0 -0.799999 0.600001 0 -0.600001 -0.799999 4519.dat
1 4 -30.0053 -237.56 -22.4005 0 1 0 -0.600001 0 0.799999 0.799999 0 0.600001 32316.dat
1 4 249.995 -237.56 -22.4004 0 1 0 -0.600001 0 0.799999 0.799999 0 0.600001 32316.dat
1 0 179.995 -281.86 -229.5 1 0 0 0 0 -1 0 1 0 2780.dat
1 1 -30.0053 -269.86 -46.5005 1 0 0 0 0 1 0 -1 0 6558.dat
1 4 70.4946 -301.86 -170 0 1 0 0 0 1 1 0 0 32054.dat
1 0 39.9946 -281.86 -229.5 1 0 0 0 0 -1 0 1 0 2780.dat
1 14 230.495 -281.86 -155 0 1 0 -1 0 0 0 0 1 32123a.dat
1 28 229.995 -281.86 -174 0 -1 0 0 0 1 -1 0 0 6587.dat
1 47 229.995 -281.86 -212 1 0 0 0 0 -1 0 1 0 4073.dat
1 71 229.995 -282.36 -190 1 0 0 0 1 0 0 0 1 32187.dat
1 71 -50.5052 -281.86 -180 0 -1 0 0 0 1 -1 0 0 4274.dat
1 57 -50.0052 -281.86 -188 1 0 0 0 0 -1 0 1 0 4073.dat
1 14 -9.50528 -281.86 -155 0 1 0 -1 0 0 0 0 1 32123a.dat
1 28 -10.0053 -281.86 -174 0 -1 0 0 0 1 -1 0 0 6587.dat
1 47 -10.0053 -281.86 -212 1 0 0 0 0 -1 0 1 0 4073.dat
1 71 -10.0053 -282.36 -190 1 0 0 0 1 0 0 0 1 32187.dat
1 1 249.995 -301.86 -70.5005 -1 0 0 0 0 -1 0 -1 0 6558.dat
1 4 249.995 -222.16 30.3996 0 1 0 0.600001 0 -0.799999 -0.799999 0 -0.600001 6629.dat
1 72 229.995 -221.86 29.9996 1 0 0 0 0.600001 0.799999 0 -0.799999 0.600001 11214.dat
1 4 229.995 -221.36 9.99953 0 -1 0 -1 0 0 0 0 -1 32523.dat
1 71 269.495 -281.86 -180 0 -1 0 0 0 1 -1 0 0 4274.dat
1 57 269.995 -281.86 -188 1 0 0 0 0 -1 0 1 0 4073.dat
1 4 150.495 -301.86 -170 0 1 0 0 0 1 1 0 0 32054.dat
1 0 10.4948 -251.86 -230 0 1 0 -1 0 0 0 0 1 2780.dat
1 4 150.22 -242.06 -230 0 0 1 0 -1 0 1 0 0 11946.dat
1 71 109.995 -242.56 -230 1 0 0 0 -1 0 0 0 -1 32073.dat
