0 FILE 42056 - main.ldr
0 main
0 Name: 42056 - main.ldr
0 Author: Philippe Hurbain [Philo]
0 !LDRAW_ORG Unofficial_Model
0 !LICENSE Redistributable under CCAL version 2.0 : see CAreadme.txt

0 !THEME Technic
1 71 -0.567 0 -180.567 0 0 1 0 1 0 -1 0 0 64179.dat
1 1 -60.567 0 -160.567 -1 0 0 0 0 -1 0 -1 0 6558.dat
1 1 -60.567 0 -200.567 -1 0 0 0 0 -1 0 -1 0 6558.dat
1 0 -40.567 -40 -180.567 0 1 0 0 0 1 1 0 0 60484.dat
1 0 -40.567 0 -230.567 0 1 0 0 0 1 1 0 0 2780.dat
1 0 39.433 0 -230.567 0 1 0 0 0 1 1 0 0 2780.dat
1 0 -40.567 0 -130.567 0 1 0 0 0 1 1 0 0 2780.dat
1 0 39.433 0 -130.567 0 1 0 0 0 1 1 0 0 2780.dat
1 0 69.433 0 -160.567 1 0 0 0 0 -1 0 1 0 2780.dat
1 0 69.433 0 -200.567 1 0 0 0 0 -1 0 1 0 2780.dat
0 STEP
1 28 -0.567 -40 -180.567 1 0 0 0 0 -1 0 1 0 15462.dat
1 71 -10.567 -40 -180.567 1 0 0 0 0 -1 0 1 0 62462.dat
1 0 19.433 -40 -180.567 0 0 -1 -1 0 0 0 1 0 32270.dat
1 0 49.433 -40 -180.567 0 1 0 -1 0 0 0 0 1 87408.dat
1 0 -0.567 -40 -230.567 0 1 0 0 0 -1 -1 0 0 3705.dat
1 14 -0.567 -40 -120.567 0 1 0 0 0 -1 -1 0 0 32073.dat
1 19 -0.567 -40 -163.567 0 1 0 1 0 0 0 0 -1 6589.dat
1 19 -0.567 -40 -197.567 0 1 0 -1 0 0 0 0 1 6589.dat
1 71 -0.567 -40 -140.567 0 1 0 -1 0 0 0 0 1 94925.dat
1 71 -0.567 -40 -220.567 0 1 0 -1 0 0 0 0 1 94925.dat
0 STEP
1 71 -40.567 -20 -120.567 1 0 0 0 1 0 0 0 1 6536.dat
1 71 39.433 -20 -120.567 1 0 0 0 1 0 0 0 1 6536.dat
1 14 -0.567 -20 -120.567 -1 0 0 0 -1 0 0 0 1 32073.dat
1 71 24.433 -60 -120.567 0 1 0 0 0 -1 -1 0 0 11478.dat
1 71 14.433 -60 -120.567 0 1 0 0 0 -1 -1 0 0 11478.dat
1 71 -25.567 -60 -120.567 0 1 0 0 0 -1 -1 0 0 11478.dat
1 71 -15.567 -60 -120.567 0 1 0 0 0 -1 -1 0 0 11478.dat
1 71 -0.567 -60 -120.567 0 0 -1 0 1 0 1 0 0 48989.dat
1 0 -0.567 -100 -120.567 0 -1 0 0 0 -1 1 0 0 60483.dat
1 71 -0.567 -100 -120.567 1 0 0 0 1 0 0 0 1 4519.dat
1 71 -0.567 -20 -120.567 0 0 -1 0 1 0 1 0 0 3713.dat
0 STEP
1 1 -60.567 -20 -140.567 0 0 1 -1 0 0 0 -1 0 6558.dat
1 1 -60.567 -20 -220.567 0 0 1 -1 0 0 0 -1 0 6558.dat
1 1 59.433 -20 -220.567 0 0 1 -1 0 0 0 -1 0 6558.dat
1 1 59.433 -20 -140.567 0 0 1 -1 0 0 0 -1 0 6558.dat
1 14 -0.567 -80 -120.567 0 1 0 0 0 -1 -1 0 0 32073.dat
1 15 -0.567 -80 -180.567 0 1 0 -1 0 0 0 0 1 18948.dat
1 4 -0.567 -80 -140.567 0 1 0 -1 0 0 0 0 1 18946.dat
1 71 -0.567 -80 -100.567 0 1 0 -1 0 0 0 0 1 3713.dat
1 72 -0.567 -80 -180.567 0 1 0 -1 0 0 0 0 1 18947.dat
1 71 -0.567 -80 -220.567 0 1 0 0 0 -1 -1 0 0 4519.dat
0 STEP
1 72 -0.567 -40 -100.567 0 -1 0 1 0 0 0 0 1 3648b.dat
1 4 -0.567 -80 -220.567 0 1 0 -1 0 0 0 0 1 18946.dat
1 14 -0.567 -80 -70.567 0 1 0 -1 0 0 0 0 1 59443.dat
0 STEP
1 71 -25.567 -60 -240.567 0 1 0 0 0 -1 -1 0 0 11478.dat
1 71 -40.567 -20 -240.567 1 0 0 0 1 0 0 0 1 6536.dat
1 71 39.433 -20 -240.567 1 0 0 0 1 0 0 0 1 6536.dat
1 14 -0.567 -20 -240.567 -1 0 0 0 -1 0 0 0 1 32073.dat
1 71 24.433 -60 -240.567 0 1 0 0 0 -1 -1 0 0 11478.dat
1 71 14.433 -60 -240.567 0 1 0 0 0 -1 -1 0 0 11478.dat
1 71 -15.567 -60 -240.567 0 1 0 0 0 -1 -1 0 0 11478.dat
1 71 -0.567 -60 -240.567 0 0 -1 0 1 0 1 0 0 48989.dat
1 0 -0.567 -100 -240.567 0 -1 0 0 0 -1 1 0 0 60483.dat
1 71 -0.567 -100 -240.567 1 0 0 0 1 0 0 0 1 4519.dat
1 71 -0.567 -20 -240.567 0 0 -1 0 1 0 1 0 0 3713.dat
0 STEP
1 4 -0.567 -40 -280.567 0 -1 0 -1 0 0 0 0 -1 26287.dat
1 1 -0.567 -120 -120.567 1 0 0 0 0 -1 0 1 0 6558.dat
1 1 -0.567 -120 -240.567 1 0 0 0 0 -1 0 1 0 6558.dat
1 0 -20.567 -120 -200.567 0 1 0 1 0 0 0 0 -1 40490.dat
1 1 -0.567 -120 -160.567 1 0 0 0 0 -1 0 1 0 6558.dat
1 1 -0.567 -120 -200.567 1 0 0 0 0 -1 0 1 0 6558.dat
0 STEP
1 0 19.433 -120 -200.567 0 1 0 1 0 0 0 0 -1 40490.dat
0 STEP
1 0 79.433 0 -180.567 0 1 0 1 0 0 0 0 -1 32278.dat
1 0 69.433 0 -120.567 1 0 0 0 0 1 0 -1 0 2780.dat
1 0 69.433 0 -40.567 1 0 0 0 0 1 0 -1 0 2780.dat
1 0 59.433 0 19.433 0 1 0 1 0 0 0 0 -1 32278.dat
1 1 59.433 0 159.433 1 0 0 0 0 1 0 -1 0 6558.dat
1 1 59.433 0 79.433 1 0 0 0 0 1 0 -1 0 6558.dat
1 71 -0.567 0 119.433 -1 0 0 0 1 0 0 0 -1 64179.dat
1 0 89.433 0 -100.567 1 0 0 0 0 1 0 -1 0 2780.dat
1 0 89.433 0 -220.567 1 0 0 0 0 1 0 -1 0 2780.dat
1 0 69.433 0 -240.567 1 0 0 0 0 1 0 -1 0 2780.dat
1 0 69.433 0 -320.567 1 0 0 0 0 1 0 -1 0 2780.dat
1 71 59.433 0 -340.567 0 1 0 -1 0 0 0 0 1 32525.dat
1 1 79.433 0 -280.567 -1 0 0 0 0 -1 0 -1 0 6558.dat
1 1 79.433 0 -300.567 -1 0 0 0 0 -1 0 -1 0 6558.dat
1 0 69.433 0 -340.567 -1 0 0 0 -1 0 0 0 1 2780.dat
1 0 69.433 0 -420.567 -1 0 0 0 -1 0 0 0 1 2780.dat
0 STEP
0 STEP
1 0 -80.567 0 -180.567 0 -1 0 -1 0 0 0 0 -1 32278.dat
1 0 -70.567 0 -120.567 -1 0 0 0 0 -1 0 -1 0 2780.dat
1 0 -70.567 0 -40.567 -1 0 0 0 0 -1 0 -1 0 2780.dat
1 0 -60.567 0 19.433 0 -1 0 -1 0 0 0 0 -1 32278.dat
1 1 -60.567 0 159.433 -1 0 0 0 0 -1 0 -1 0 6558.dat
1 1 -60.567 0 79.433 -1 0 0 0 0 -1 0 -1 0 6558.dat
1 0 -90.567 0 -100.567 -1 0 0 0 0 -1 0 -1 0 2780.dat
1 0 -90.567 0 -220.567 -1 0 0 0 0 -1 0 -1 0 2780.dat
1 0 -70.567 0 -240.567 -1 0 0 0 0 -1 0 -1 0 2780.dat
1 0 -70.567 0 -320.567 -1 0 0 0 0 -1 0 -1 0 2780.dat
1 71 -60.567 0 -340.567 0 -1 0 1 0 0 0 0 1 32525.dat
1 1 -80.567 0 -280.567 1 0 0 0 0 1 0 -1 0 6558.dat
1 1 -80.567 0 -300.567 1 0 0 0 0 1 0 -1 0 6558.dat
1 0 -70.567 0 -340.567 -1 0 0 0 -1 0 0 0 1 2780.dat
1 0 -70.567 0 -420.567 -1 0 0 0 -1 0 0 0 1 2780.dat
0 STEP
1 0 59.433 -20 -80.567 -1 0 0 0 1 0 0 0 -1 32278.dat
1 0 59.433 -30 -120.567 0 0 -1 1 0 0 0 -1 0 2780.dat
1 0 59.433 -40 -140.567 -1 0 0 0 0 1 0 1 0 42003.dat
1 4 49.433 -40 -160.567 -1 0 0 0 0 1 0 1 0 32062.dat
1 0 -60.567 -20 -80.567 -1 0 0 0 1 0 0 0 -1 32278.dat
0 STEP
1 0 99.433 0 -300.567 0 0 -1 -1 0 0 0 1 0 42003.dat
1 0 -100.567 0 -300.567 0 0 -1 -1 0 0 0 1 0 42003.dat
1 1 -100.567 -10 -320.567 0 0 1 1 0 0 0 1 0 43093.dat
1 1 99.433 -10 -320.567 0 0 1 1 0 0 0 1 0 43093.dat
0 STEP
1 0 99.433 0 119.433 1 0 0 0 1 0 0 0 1 42056 - bottom1.ldr
0 STEP
1 0 99.433 -10 -240.567 0 1 0 -1 0 0 0 0 1 2780.dat
1 0 179.433 -10 -240.567 0 1 0 -1 0 0 0 0 1 2780.dat
1 0 119.433 -20 -240.567 0 0 1 0 -1 0 1 0 0 32524.dat
1 0 59.433 -30 -240.567 0 1 0 -1 0 0 0 0 1 2780.dat
0 STEP
1 0 -100.567 0 119.433 1 0 0 0 1 0 0 0 1 42056 - bottom2.ldr
0 STEP
1 0 -100.567 -10 -240.567 0 1 0 -1 0 0 0 0 1 2780.dat
1 0 -180.567 -10 -240.567 0 1 0 -1 0 0 0 0 1 2780.dat
1 0 -120.567 -20 -240.567 0 0 1 0 -1 0 1 0 0 32524.dat
1 0 -60.567 -30 -240.567 0 1 0 -1 0 0 0 0 1 2780.dat
1 0 -80.567 -30 -240.567 0 1 0 -1 0 0 0 0 1 2780.dat
1 0 -160.567 -30 -240.567 0 1 0 -1 0 0 0 0 1 2780.dat
1 72 -20.567 -60 -120.567 -1 0 0 0 -1 0 0 0 1 11214.dat
1 71 -40.567 -60 -120.567 1 0 0 0 1 0 0 0 1 6536.dat
0 STEP
1 72 -0.567 -40 19.433 0 0 1 0 1 0 -1 0 0 42056 - gearboxout.ldr
1 1 59.433 -40 -20.567 0 0 1 1 0 0 0 1 0 6558.dat
1 1 -60.567 -40 -20.567 0 0 1 1 0 0 0 1 0 6558.dat
1 1 119.433 -20 199.433 0 0 -1 -1 0 0 0 1 0 6558.dat
1 0 119.433 -10 39.433 0 0 -1 1 0 0 0 -1 0 2780.dat
1 71 119.433 -20 119.433 -1 0 0 0 -1 0 0 0 1 32525.dat
1 71 119.433 -40 19.433 0 -1 0 1 0 0 0 0 1 87082.dat
0 STEP
1 0 -120.567 -10 39.433 0 0 -1 1 0 0 0 -1 0 2780.dat
1 71 -120.567 -40 19.433 0 -1 0 1 0 0 0 0 1 87082.dat
1 1 -120.567 -20 199.433 0 0 -1 -1 0 0 0 1 0 6558.dat
1 71 -120.567 -20 119.433 -1 0 0 0 -1 0 0 0 1 32525.dat
1 1 -120.567 0 241.433 0 0 -1 0 1 0 1 0 0 6558.dat
1 1 119.433 0 239.433 0 0 -1 0 1 0 1 0 0 6558.dat
1 0 -80.567 0 231.433 0 0 -1 0 -1 0 -1 0 0 2780.dat
1 0 79.433 0 229.433 0 0 -1 0 -1 0 -1 0 0 2780.dat
1 71 -120.567 -40 79.433 0 0 1 1 0 0 0 1 0 87082.dat
1 71 119.433 -40 79.433 0 0 1 1 0 0 0 1 0 87082.dat
0 STEP
1 72 -0.567 -40 99.433 0 0 -1 0 1 0 1 0 0 42056 - gearbox1.ldr
0 STEP
1 1 -0.567 -20 199.433 0 0 1 0 -1 0 1 0 0 42056 - gearbox2.ldr
1 72 79.433 -40 169.433 -0.707 -0.707 0 -0.707 0.707 0 0 0 -1 18947.dat
1 72 -80.567 -40 179.433 -0.707 -0.707 0 -0.707 0.707 0 0 0 -1 18947.dat
0 STEP
1 71 -0.567 0 239.433 0 0 -1 1 0 0 0 -1 0 41239.dat
1 71 119.433 -40 219.433 0 0 1 1 0 0 0 1 0 87082.dat
1 71 -120.567 -40 219.433 0 0 1 1 0 0 0 1 0 87082.dat
1 1 119.433 -40 159.433 0 0 -1 -1 0 0 0 1 0 6558.dat
1 1 -120.567 -40 159.433 0 0 -1 -1 0 0 0 1 0 6558.dat
0 STEP
1 1 119.433 -40 239.433 0 0 -1 0 1 0 1 0 0 6558.dat
1 1 -120.567 -40 239.433 0 0 -1 0 1 0 1 0 0 6558.dat
1 71 -0.567 -40 239.433 0 0 -1 1 0 0 0 -1 0 41239.dat
1 4 79.433 -40 219.433 0 -1 0 1 0 0 0 0 1 18946.dat
1 4 -80.567 -40 219.433 0 -1 0 1 0 0 0 0 1 18946.dat
0 STEP
1 25 139.433 -40 19.433 0 -1 0 1 0 0 0 0 1 60483.dat
1 0 149.433 -40 39.433 -1 0 0 0 -1 0 0 0 1 6628.dat
1 71 -120.567 -40 19.433 -1 0 0 0 -1 0 0 0 1 4519.dat
1 25 -140.567 -40 19.433 0 -1 0 0 0 1 -1 0 0 60483.dat
1 0 -150.567 -20 19.433 1 0 0 0 0 1 0 -1 0 6628.dat
1 71 -120.567 -60 119.433 -1 0 0 0 -1 0 0 0 1 32525.dat
1 71 119.433 -60 119.433 -1 0 0 0 -1 0 0 0 1 32525.dat
0 STEP
1 70 -120.567 -40 179.433 0 1 -0.026 -1 0 0 0 0.026 1 24316.dat
1 4 -140.56 -40 178.918 0 -0.026 -1 -1 0 0 0 1 -0.026 6641.dat
1 71 -148.558 -40 178.713 1 -0.026 0 0 0 -1 0.026 1 0 2736.dat
1 70 119.433 -40 179.433 0 -0.885 0.466 -1 0 0 0 -0.466 -0.885 24316.dat
1 4 137.131 -40 188.748 0 0.466 0.885 -1 0 0 0 -0.885 0.466 6641.dat
1 71 144.211 -40 192.474 -0.885 0.466 0 0 0 -1 -0.466 -0.885 0 2736.dat
0 STEP
1 0 159.433 -40 39.433 0 -1 -0.024 1 0 0 0 -0.024 1 32293.dat
1 0 -160.567 -20 19.433 0 1 0 -0.992 0 -0.124 -0.124 0 0.992 32293.dat
1 0 -0.567 -80 -10.567 0 0 -1 0 -1 0 -1 0 0 3706.dat
1 4 -0.567 -80 59.433 -1 0 0 0 -1 0 0 0 1 26287.dat
1 0 -0.567 -80 129.433 0 0 -1 0 -1 0 -1 0 0 3706.dat
0 STEP
1 0 119.433 -70 199.433 0 0 -1 1 0 0 0 -1 0 2780.dat
1 0 119.433 -70 119.433 0 0 -1 1 0 0 0 -1 0 2780.dat
1 0 -120.567 -70 119.433 0 0 -1 1 0 0 0 -1 0 2780.dat
1 0 -120.567 -70 199.433 0 0 -1 1 0 0 0 -1 0 2780.dat
1 71 119.433 -80 199.433 -1 0 0 0 1 0 0 0 -1 32526.dat
1 71 -120.567 -80 199.433 1 0 0 0 -1 0 0 0 -1 32526.dat
0 STEP
1 1 59.433 -30 -100.567 0 0 1 -1 0 0 0 -1 0 43093.dat
1 0 79.433 -40 -100.567 0 1 0 -1 0 0 0 0 1 42003.dat
1 4 79.433 -40 -100.567 0 1 0 0 0 1 1 0 0 32054.dat
1 72 99.433 -40 -120.567 -0.707 0.707 0 0.707 0.707 0 0 0 -1 92906.dat
1 71 -0.567 -20 -320.567 0 0 -1 0 1 0 1 0 0 41239.dat
1 0 -120.567 -30 -320.567 0 1 0 -1 0 0 0 0 1 2780.dat
1 0 -80.567 -30 -320.567 0 1 0 -1 0 0 0 0 1 2780.dat
1 0 -60.567 -30 -320.567 0 1 0 -1 0 0 0 0 1 2780.dat
1 0 59.433 -30 -320.567 0 1 0 -1 0 0 0 0 1 2780.dat
1 0 -0.567 -40 -320.567 0 0 -1 1 0 0 0 -1 0 15100.dat
1 4 -0.567 -40 -310.567 0 0 -1 0 1 0 1 0 0 32062.dat
1 71 -80.567 0 -460.567 0 -1 0 1 0 0 0 0 1 41239.dat
1 0 -70.567 0 -520.567 -1 0 0 0 -1 0 0 0 1 2780.dat
1 0 -70.567 0 -480.567 -1 0 0 0 -1 0 0 0 1 2780.dat
1 71 -0.567 0 -500.567 0 0 1 0 1 0 -1 0 0 64179.dat
1 0 69.433 0 -480.567 -1 0 0 0 -1 0 0 0 1 2780.dat
1 0 69.433 0 -520.567 -1 0 0 0 -1 0 0 0 1 2780.dat
1 0 39.433 0 -550.567 0 0 1 0 -1 0 1 0 0 2780.dat
1 0 -40.567 0 -550.567 0 0 1 0 -1 0 1 0 0 2780.dat
1 0 59.433 -10 -460.567 0 0 1 -1 0 0 0 -1 0 2780.dat
1 0 -60.567 -10 -460.567 0 0 1 -1 0 0 0 -1 0 2780.dat
1 0 -60.567 -10 -540.567 0 0 1 -1 0 0 0 -1 0 2780.dat
1 0 59.433 -10 -540.567 0 0 1 -1 0 0 0 -1 0 2780.dat
0 STEP
1 71 79.433 0 -460.567 0 -1 0 1 0 0 0 0 1 41239.dat
1 0 -40.567 0 -450.567 0 0 1 0 1 0 -1 0 0 2780.dat
1 0 39.433 0 -450.567 0 0 1 0 1 0 -1 0 0 2780.dat
1 71 -0.567 -20 -440.567 0 0 1 -1 0 0 0 -1 0 14720.dat
1 0 -40.567 -40 -450.567 0 0 1 0 1 0 -1 0 0 2780.dat
1 0 39.433 -40 -450.567 0 0 1 0 1 0 -1 0 0 2780.dat
1 71 -60.567 -20 -460.567 1 0 0 0 1 0 0 0 1 41239.dat
1 71 59.433 -20 -460.567 1 0 0 0 1 0 0 0 1 41239.dat
1 0 -60.567 -30 -340.567 0 0 1 -1 0 0 0 -1 0 2780.dat
1 0 -60.567 -30 -420.567 0 0 1 -1 0 0 0 -1 0 2780.dat
1 0 59.433 -30 -340.567 0 0 1 -1 0 0 0 -1 0 2780.dat
1 0 59.433 -30 -420.567 0 0 1 -1 0 0 0 -1 0 2780.dat
0 STEP
1 71 59.433 -40 -300.567 1 0 0 0 1 0 0 0 1 41239.dat
1 71 -60.567 -40 -300.567 1 0 0 0 1 0 0 0 1 41239.dat
1 0 59.433 -50 -260.567 0 0 1 -1 0 0 0 -1 0 2780.dat
1 0 -60.567 -50 -260.567 0 0 1 -1 0 0 0 -1 0 2780.dat
1 1 59.433 -40 -180.567 0 0 -1 1 0 0 0 -1 0 6558.dat
1 1 -60.567 -40 -180.567 0 0 -1 1 0 0 0 -1 0 6558.dat
0 STEP
1 0 189.433 0 -220.567 -1 0 0 0 -1 0 0 0 1 2780.dat
1 0 189.433 0 -180.567 -1 0 0 0 -1 0 0 0 1 2780.dat
1 0 -190.567 0 -220.567 -1 0 0 0 -1 0 0 0 1 2780.dat
1 0 -190.567 0 -180.567 -1 0 0 0 -1 0 0 0 1 2780.dat
1 0 -200.567 0 -220.567 0 1 0 -1 0 0 0 0 1 32316.dat
1 0 199.433 0 -220.567 0 1 0 -1 0 0 0 0 1 32316.dat
1 4 -0.567 -140 -180.567 1 0 0 0 0 -1 0 1 0 6641.dat
1 4 -0.567 -153 -180.567 0 0 -1 -1 0 0 0 1 0 32062.dat
1 71 -0.567 -159 -180.567 -1 0 0 0 0 1 0 1 0 3713.dat
1 0 59.433 -60 -180.567 1 0 0 0 1 0 0 0 1 11954.dat
1 0 39.433 -100 -70.567 0 0 -1 0 1 0 1 0 0 2780.dat
1 0 59.433 -60 -70.567 0 0 -1 0 1 0 1 0 0 2780.dat
1 0 59.433 -60 -0.567 1 0 0 0 1 0 0 0 1 24119.dat
0 STEP
1 0 -60.567 -60 -180.567 -1 0 0 0 1 0 0 0 -1 11954.dat
1 0 -60.567 -60 -70.567 0 1 0 0 0 1 1 0 0 2780.dat
1 0 -40.567 -100 -70.567 0 1 0 0 0 1 1 0 0 2780.dat
1 0 -60.567 -60 -0.567 -1 0 0 0 1 0 0 0 -1 24119.dat
0 STEP
1 71 -35.567 -120 -180.567 0 0 1 0 1 0 -1 0 0 32123a.dat
1 71 34.433 -120 -180.567 0 0 1 0 1 0 -1 0 0 32123a.dat
1 0 -0.567 -120 -180.567 1 0 0 0 1 0 0 0 1 3705.dat
1 0 29.433 -120 -280.567 1 0 0 0 1 0 0 0 1 2780.dat
1 0 29.433 -120 -260.567 1 0 0 0 1 0 0 0 1 2780.dat
1 0 39.433 -160 -260.567 0 1 0 0 0 1 1 0 0 60484.dat
1 71 99.433 -40 -120.567 -0.656 0.656 0.371 0.707 0.706 0 -0.262 0.262 -0.928 32494.dat
1 71 121.705 -39.993 -176.258 -0.371 -0.656 0.656 0 -0.706 -0.707 0.928 -0.262 0.262 4519.dat
0 STEP
1 0 139.433 -40 -280.567 0 0 -1 0 1 0 1 0 0 42056 - gearshift.ldr
0 STEP
1 0 39.433 -160 -260.567 1 0 0 0 -0.5 -0.866 0 0.866 -0.5 32054.dat
1 71 -0.567 -160 -260.567 1 0 0 0 -0.5 -0.866 0 0.866 -0.5 4519.dat
1 0 -0.567 -160 -260.567 1 0 0 0 0.866 -0.5 0 0.5 0.866 63869.dat
1 0 -40.567 -160 -260.567 -1 0 0 0 0.5 -0.866 0 -0.866 -0.5 32054.dat
1 1 19.433 -147.679 -241.907 0 -0.866 0.5 -0.5 -0.433 -0.75 0.866 -0.25 -0.433 4274.dat
1 1 -0.567 -147.679 -241.907 0 -0.866 0.5 -0.5 -0.433 -0.75 0.866 -0.25 -0.433 4274.dat
1 1 -20.567 -147.679 -241.907 0 -0.866 0.5 -0.5 -0.433 -0.75 0.866 -0.25 -0.433 4274.dat
1 0 -0.567 -151.679 -234.979 1 0 0 0 0.5 0.866 0 -0.866 0.5 87079.dat
0 STEP
1 0 -30.567 -120 -260.567 -1 0 0 0 -0.866 -0.5 0 -0.5 0.866 2780.dat
1 0 -30.567 -120 -280.567 -1 0 0 0 -0.866 -0.5 0 -0.5 0.866 2780.dat
1 0 -40.567 -160 -260.567 0 1 0 0 0 1 1 0 0 60484.dat
0 STEP
1 14 -60.567 -100 -520.567 -1 0 0 0 1 0 0 0 -1 42056 - frontaxle.ldr
0 STEP
1 0 59.433 -30 -580.567 0 -1 0 -1 0 0 0 0 -1 2780.dat
1 1 59.433 -30 -560.567 0 -1 0 -1 0 0 0 0 -1 43093.dat
1 25 59.433 -40 -560.567 -1 0 0 0 1 0 0 0 -1 60483.dat
1 0 -60.567 -30 -580.567 0 -1 0 -1 0 0 0 0 -1 2780.dat
1 1 -60.567 -30 -560.567 0 -1 0 -1 0 0 0 0 -1 43093.dat
1 25 -60.567 -40 -560.567 -1 0 0 0 1 0 0 0 -1 60483.dat
1 1 39.433 -160 -460.567 1 0 0 0 -0.962 0.275 0 -0.275 -0.962 6558.dat
1 25 19.433 -140 -460.567 0 1 0 0 0 -1 -1 0 0 60483.dat
1 71 -0.567 -140 -460.567 1 0 0 0 -1 0 0 0 -1 4519.dat
1 71 -0.567 -140 -460.567 -1 0 0 0 1 0 0 0 -1 6536.dat
1 25 -20.567 -140 -460.567 0 1 0 0 0 -1 -1 0 0 60483.dat
0 STEP
1 72 -0.567 -120 -440.567 0 -1 0 1 0 0 0 0 1 92906.dat
1 0 -0.567 -146.264 -348.643 0 0 -1 0.962 0.275 0 0.275 -0.962 0 87408.dat
1 71 -0.567 -120 -440.567 0 -1 0 0.962 0 -0.275 0.275 0 0.962 32494.dat
1 0 -0.567 -154.506 -319.797 1 0 0 0 0.962 -0.275 0 0.275 0.962 32270.dat
1 19 16.433 -160 -300.567 0 0 -1 0 1 0 1 0 0 6589.dat
1 14 -0.567 -143.517 -358.258 0 0 -1 0.275 -0.962 0 -0.962 -0.275 0 32073.dat
0 STEP
1 71 -40.567 -160 -300.567 0 0 -1 0 -1 0 -1 0 0 3713.dat
1 0 -40.567 -160 -460.567 0 1 0 0 0 -1 -1 0 0 15100.dat
1 1 -40.567 -160 -460.567 1 0 0 0 0 1 0 -1 0 6558.dat
1 0 -60.567 -160 -360.567 0 -1 0 -1 0 0 0 0 -1 32525.dat
0 STEP
1 0 -100.567 -160 -470.567 0 0 1 0 -1 0 1 0 0 2780.dat
1 0 99.433 -160 -470.567 0 0 1 0 -1 0 1 0 0 2780.dat
1 71 -100.567 -100 -460.567 1 0 0 0 0 1 0 -1 0 32524.dat
1 71 99.433 -100 -460.567 1 0 0 0 0 1 0 -1 0 32524.dat
1 0 -70.567 -160 -280.567 1 0 0 0 -1 0 0 0 -1 2780.dat
1 0 -70.567 -160 -320.567 1 0 0 0 -1 0 0 0 -1 2780.dat
1 0 -80.567 -120 -300.567 0 -1 0 0 0 -1 1 0 0 60484.dat
0 STEP
1 71 -140.567 -40 -280.567 0 0 -1 0 1 0 1 0 0 64179.dat
1 0 -180.567 -40 -340.567 0 0 -1 0 1 0 1 0 0 15100.dat
1 0 -100.567 -40 -340.567 0 0 -1 0 1 0 1 0 0 15100.dat
1 0 -180.567 -50 -340.567 0 1 0 -1 0 0 0 0 1 2780.dat
1 0 -100.567 -50 -340.567 0 1 0 -1 0 0 0 0 1 2780.dat
0 STEP
1 71 -140.567 -100 -340.567 0 0 -1 -1 0 0 0 1 0 64179.dat
1 4 -160.567 -140 -340.567 0 0 1 0 -1 0 1 0 0 32054.dat
1 1 -70.567 -160 -340.567 -1 0 0 0 -1 0 0 0 1 43093.dat
1 25 -100.567 -160 -340.567 0 0 -1 1 0 0 0 -1 0 32013.dat
1 1 -100.567 -160 -340.567 0 0.962 -0.275 1 0 0 0 -0.275 -0.962 6558.dat
0 STEP
1 1 -180.567 -160 -340.567 0 0.962 -0.275 1 0 0 0 -0.275 -0.962 6558.dat
1 0 -140.567 -150 -340.567 0 1 0 -1 0 0 0 0 1 2780.dat
1 71 -160.567 -160 -340.567 0 0 1 0 -1 0 1 0 0 32316.dat
1 0 -120.567 -170 -340.567 0 1 0 -1 0 0 0 0 1 2780.dat
1 0 -200.567 -170 -340.567 0 1 0 -1 0 0 0 0 1 2780.dat
0 STEP
1 0 -140.567 -120 -280.567 0 0 1 0 1 0 -1 0 0 42056 - dashboard.ldr
1 71 -0.567 -180 -340.567 0 0 1 0 1 0 -1 0 0 41239.dat
0 STEP
1 71 -0.567 -80 279.433 1 0 0 0 1 0 0 0 1 42056 - rearaxle.ldr
1 4 -40.567 -40 279.433 1 0 0 0 1 0 0 0 1 26287.dat
1 0 -40.567 -40 329.433 0 0 -1 0 1 0 1 0 0 3705.dat
1 71 -40.567 -40 319.433 -1 0 0 0 1 0 0 0 -1 94925.dat
1 71 -40.567 -40 339.433 -1 0 0 0 1 0 0 0 -1 3713.dat
1 4 -0.567 -40 279.433 1 0 0 0 1 0 0 0 1 26287.dat
1 14 -0.567 -40 339.433 0 0 -1 0 1 0 1 0 0 32073.dat
1 71 -0.567 -40 319.433 -1 0 0 0 1 0 0 0 -1 94925.dat
1 0 -0.567 -40 339.433 -1 0 0 0 1 0 0 0 -1 42056 - 32269.dat
1 4 39.433 -40 279.433 1 0 0 0 1 0 0 0 1 26287.dat
1 71 39.433 -40 319.433 -1 0 0 0 1 0 0 0 -1 3713.dat
1 0 39.433 -40 329.433 0 0 -1 0 1 0 1 0 0 3705.dat
1 0 39.433 -40 339.433 -1 0 0 0 1 0 0 0 -1 32270.dat
0 STEP
1 0 -60.567 0 249.433 0 0 -1 0 -1 0 -1 0 0 2780.dat
1 0 -0.567 0 249.433 0 0 -1 0 -1 0 -1 0 0 2780.dat
1 0 59.433 0 249.433 0 0 -1 0 -1 0 -1 0 0 2780.dat
1 0 -0.567 0 279.433 1 0 0 0 -1 0 0 0 -1 15458.dat
1 0 -60.567 0 309.433 0 0 1 0 -1 0 1 0 0 2780.dat
1 0 59.433 0 309.433 0 0 1 0 -1 0 1 0 0 2780.dat
0 STEP
1 71 -0.567 -40 359.433 0 0 1 -1 0 0 0 -1 0 32525.dat
1 14 -0.567 -40 389.433 0 1 0 -1 0 0 0 0 1 59443.dat
1 0 -100.567 -40 379.433 0 0 1 0 1 0 -1 0 0 15100.dat
1 0 -60.567 -40 379.433 0 0 1 0 1 0 -1 0 0 15100.dat
1 0 59.433 -40 379.433 0 0 1 0 1 0 -1 0 0 15100.dat
1 0 99.433 -40 379.433 0 0 1 0 1 0 -1 0 0 15100.dat
1 0 99.433 -30 379.433 0 0 1 -1 0 0 0 -1 0 2780.dat
1 0 59.433 -30 379.433 0 0 1 -1 0 0 0 -1 0 2780.dat
1 0 -60.567 -30 379.433 0 0 1 -1 0 0 0 -1 0 2780.dat
1 0 -100.567 -30 379.433 0 0 1 -1 0 0 0 -1 0 2780.dat
1 71 39.433 -20 379.433 0 0 1 0 1 0 -1 0 0 32526.dat
1 71 -40.567 -20 379.433 0 0 -1 0 -1 0 -1 0 0 32526.dat
0 STEP
1 0 129.433 0 59.433 -1 0 0 0 0 -1 0 -1 0 2780.dat
1 0 139.433 0 119.433 0 1 0 1 0 0 0 0 -1 40490.dat
1 0 149.433 0 199.433 -1 0 0 0 0 -1 0 -1 0 2780.dat
1 1 139.433 0 179.433 1 0 0 0 0 -1 0 1 0 6558.dat
1 1 139.433 0 159.433 1 0 0 0 0 -1 0 1 0 6558.dat
1 1 -140.567 0 159.433 -1 0 0 0 0 1 0 1 0 6558.dat
1 0 -130.567 0 59.433 1 0 0 0 0 1 0 -1 0 2780.dat
1 0 -140.567 0 119.433 0 -1 0 -1 0 0 0 0 -1 40490.dat
1 0 -150.567 0 199.433 1 0 0 0 0 1 0 -1 0 2780.dat
1 1 -140.567 0 179.433 -1 0 0 0 0 1 0 1 0 6558.dat
0 STEP
1 71 -80.567 0 419.433 0 0 -1 0 -1 0 -1 0 0 64782.dat
1 71 79.433 0 419.433 0 0 -1 0 -1 0 -1 0 0 64782.dat
1 1 139.433 0 399.433 -1 0 0 0 0 1 0 1 0 6558.dat
1 1 139.433 0 359.433 -1 0 0 0 0 1 0 1 0 6558.dat
1 71 139.433 0 379.433 0 -1 0 1 0 0 0 0 1 32523.dat
1 71 -140.567 0 379.433 0 1 0 -1 0 0 0 0 1 32523.dat
1 1 -140.567 0 399.433 1 0 0 0 0 -1 0 1 0 6558.dat
1 1 -140.567 0 359.433 1 0 0 0 0 -1 0 1 0 6558.dat
0 STEP
1 1 -120.567 -20 339.433 0 0 -1 1 0 0 0 -1 0 6558.dat
1 1 119.433 -20 339.433 0 0 -1 1 0 0 0 -1 0 6558.dat
1 0 -120.567 -30 359.433 0 0 1 -1 0 0 0 -1 0 2780.dat
1 0 119.433 -30 359.433 0 0 1 -1 0 0 0 -1 0 2780.dat
0 STEP
1 71 -0.567 -20 499.433 -1 0 0 0 1 0 0 0 -1 42056 - engine.ldr
0 STEP
1 0 -0.567 -40 469.433 0 -1 0 0 0 1 -1 0 0 3707.dat
1 71 -0.567 -40 519.433 0 -1 0 1 0 0 0 0 1 94925.dat
0 STEP
1 71 -120.567 -40 419.433 -1 0 0 0 -1 0 0 0 1 40490.dat
1 71 119.433 -40 419.433 -1 0 0 0 -1 0 0 0 1 40490.dat
1 4 -80.567 -54 499.433 -1 0 0 0 1 0 0 0 -1 3622.dat
1 4 79.433 -54 499.433 -1 0 0 0 1 0 0 0 -1 3622.dat
0 STEP
1 1 -120.567 -60 459.433 0 0 -1 -1 0 0 0 1 0 6558.dat
1 1 -120.567 -60 379.433 0 0 -1 -1 0 0 0 1 0 6558.dat
1 71 -130.567 -60 419.433 0 1 0 0 0 1 1 0 0 3894.dat
1 71 -138.567 -60 419.433 0 1 0 0 0 1 1 0 0 6636.dat
1 0 -80.567 -100 419.433 0 1 0 -1 0 0 0 0 1 24119.dat
1 0 79.433 -100 419.433 0 -1 0 -1 0 0 0 0 -1 24119.dat
1 1 119.433 -60 379.433 0 0 1 -1 0 0 0 -1 0 6558.dat
1 1 119.433 -60 459.433 0 0 1 -1 0 0 0 -1 0 6558.dat
1 71 129.433 -60 419.433 0 -1 0 0 0 1 -1 0 0 3894.dat
1 71 137.433 -60 419.433 0 -1 0 0 0 1 -1 0 0 6636.dat
0 STEP
1 71 -90.567 -70 499.433 -1 0 0 0 1 0 0 0 -1 6081.dat
1 71 -90.567 -38 519.433 -1 0 0 0 1 0 0 0 -1 3010.dat
1 71 -90.567 -70 499.433 -1 0 0 0 1 0 0 0 -1 2431.dat
1 71 89.433 -70 499.433 -1 0 0 0 1 0 0 0 -1 2431.dat
1 71 89.433 -70 499.433 -1 0 0 0 1 0 0 0 -1 6081.dat
1 71 89.433 -38 519.433 -1 0 0 0 1 0 0 0 -1 3010.dat
0 STEP
1 1 39.433 -80 529.433 0 0 -1 0 1 0 1 0 0 43093.dat
1 1 -40.567 -80 529.433 0 0 -1 0 1 0 1 0 0 43093.dat
1 71 -0.567 -80 534.433 1 0 0 0 0 1 0 -1 0 99773.dat
1 71 -0.567 -80 544.433 1 0 0 0 0 1 0 -1 0 99773.dat
0 STEP
1 71 -45.567 -170 389.433 1 0 0 0 -1 0 0 0 -1 42056 - engineexhaust.ldr
0 STEP
1 0 -40.567 0 529.433 0 0 -1 0 -1 0 -1 0 0 2780.dat
1 0 39.433 0 529.433 0 0 -1 0 -1 0 -1 0 0 2780.dat
1 1 -80.567 0 529.433 0 0 -1 0 1 0 1 0 0 43093.dat
1 1 79.433 0 529.433 0 0 -1 0 1 0 1 0 0 43093.dat
1 71 -80.567 0 539.433 0 0 1 -1 0 0 0 -1 0 32140.dat
1 71 79.433 0 539.433 0 0 -1 -1 0 0 0 1 0 32140.dat
1 0 19.433 -20 549.433 0 0 -1 0 -1 0 -1 0 0 2780.dat
1 0 -20.567 -20 549.433 0 0 -1 0 -1 0 -1 0 0 2780.dat
1 0 19.433 -20 569.433 0 0 -1 0 -1 0 -1 0 0 62462.dat
1 0 -20.567 -20 569.433 0 0 -1 0 -1 0 -1 0 0 62462.dat
0 STEP
1 71 159.433 0 279.433 0 -1 0 1 0 0 0 0 1 41239.dat
1 71 -160.567 0 279.433 0 -1 0 1 0 0 0 0 1 41239.dat
1 4 159.433 0 339.433 -1 0 0 0 -1 0 0 0 1 32054.dat
1 4 159.433 0 219.433 -1 0 0 0 -1 0 0 0 1 32054.dat
1 4 -160.567 0 339.433 1 0 0 0 1 0 0 0 1 32054.dat
1 4 -160.567 0 219.433 1 0 0 0 1 0 0 0 1 32054.dat
1 25 59.433 -180 -600.567 -1 0 0 0 1 0 0 0 -1 42056 - bodyframe.ldr
1 4 39.433 -100 39.433 -1 0 0 0 1 0 0 0 -1 32054.dat
1 4 -40.567 -100 39.433 1 0 0 0 1 0 0 0 1 32054.dat
0 STEP
1 1 -140.567 -180 99.433 -1 0 0 0 0.809 -0.588 0 -0.588 -0.809 6558.dat
1 1 139.433 -180 99.433 1 0 0 0 -0.809 -0.588 0 0.588 -0.809 6558.dat
1 0 -120.567 -191.763 83.258 0 -1 0 -0.809 0 -0.588 0.588 0 -0.809 32523.dat
1 0 119.433 -191.763 83.258 0 -1 0 -0.809 0 -0.588 0.588 0 -0.809 32523.dat
1 1 139.433 -203.526 67.083 1 0 0 0 -0.809 -0.588 0 0.588 -0.809 6558.dat
1 1 -140.567 -203.526 67.083 -1 0 0 0 0.809 -0.588 0 -0.588 -0.809 6558.dat
0 STEP
1 4 -120.567 -40 -70.567 0 0 -1 0 -1 0 -1 0 0 32062.dat
1 0 -120.567 -40 -80.567 0 0 -1 0 -1 0 -1 0 0 6536.dat
1 0 -160.567 -40 -70.567 0 0 -1 0 -1 0 -1 0 0 2780.dat
1 0 -160.567 -60 -80.567 -1 0 0 0 1 0 0 0 -1 6536.dat
1 0 -150.567 -60 -80.567 -1 0 0 0 1 0 0 0 -1 3705.dat
1 25 -190.567 -60 -80.567 0 0 -1 0 1 0 1 0 0 59443.dat
0 STEP
1 25 -160.567 -84.812 10.451 1 0 0 0 0.958 0.288 0 -0.288 0.958 42056 - seat.ldr
1 4 119.433 -40 -70.567 0 1 0 0 0 -1 -1 0 0 32062.dat
1 0 159.433 -40 -70.567 0 1 0 0 0 1 1 0 0 2780.dat
1 0 159.433 -60 -80.567 -1 0 0 0 1 0 0 0 -1 6536.dat
1 0 119.433 -40 -80.567 0 0 1 0 -1 0 1 0 0 6536.dat
1 0 149.433 -60 -80.567 1 0 0 0 0 -1 0 1 0 3705.dat
1 25 189.433 -60 -80.567 0 0 -1 -1 0 0 0 1 0 59443.dat
0 STEP
1 25 119.433 -84.812 10.451 1 0 0 0 0.958 0.288 0 -0.288 0.958 42056 - seat.ldr
1 0 159.433 -191.763 83.258 0 -1 0 -0.809 0 -0.588 0.588 0 -0.809 32523.dat
1 0 -160.567 -191.763 83.258 0 -1 0 -0.809 0 -0.588 0.588 0 -0.809 32523.dat
0 STEP
1 0 179.433 -280 69.433 0 -0.6 -0.8 0 -0.8 0.6 -1 0 0 2780.dat
1 0 203.433 -248 69.433 0 -1 0 0 0 1 -1 0 0 2780.dat
1 0 -180.567 -280 69.433 0 -1 0 0 0 1 -1 0 0 2780.dat
1 0 -204.567 -248 69.433 0 -1 0 0 0 1 -1 0 0 2780.dat
1 0 203.433 -248 59.433 0.8 0 0.6 -0.6 0 0.8 0 -1 0 32316.dat
1 0 227.433 -216 69.433 0 -0.6 -0.8 0 -0.8 0.6 -1 0 0 2780.dat
1 0 -204.567 -248 59.433 -0.8 0 -0.6 -0.6 0 0.8 0 1 0 32316.dat
1 0 -228.567 -216 69.433 0 -0.6 -0.8 0 -0.8 0.6 -1 0 0 2780.dat
0 STEP
1 0 239.433 -20 -140.567 -1 0 0 0 1 0 0 0 -1 32278.dat
1 0 279.433 -100 -350.567 0 0 -1 0 1 0 1 0 0 2780.dat
1 4 219.433 -40 -280.567 -1 0 0 0 1 0 0 0 -1 32054.dat
0 STEP
1 0 259.433 0 -240.567 -1 0 0 0 0 -1 0 -1 0 42003.dat
1 0 259.433 0 -60.567 1 0 0 0 0 -1 0 1 0 6536.dat
1 0 259.433 -10 -240.567 0 0 1 1 0 0 0 1 0 2780.dat
1 0 259.433 -10 -260.567 0 0 1 1 0 0 0 1 0 2780.dat
1 0 259.433 -10 -40.567 0 0 1 1 0 0 0 1 0 2780.dat
1 25 259.433 -20 -140.567 -1 0 0 0 1 0 0 0 -1 32278.dat
1 0 259.433 -10 -280.567 0 0.547 0.837 1 0 0 0 0.837 -0.547 2780.dat
1 0 259.433 -10 -80.567 0 0 1 1 0 0 0 1 0 2780.dat
1 0 259.433 -10 -200.567 0 0 1 1 0 0 0 1 0 2780.dat
1 0 259.433 0 -140.567 -1 0 0 0 1 0 0 0 -1 32524.dat
1 1 259.433 -20 -0.567 0 0.061 -0.998 1 0 0 0 -0.998 -0.061 6558.dat
1 0 259.433 -40 -0.567 0 0 1 1 0 0 0 1 0 32013.dat
1 72 219.433 -40 -0.567 1 0 0 0 0 -1 0 1 0 11214.dat
1 1 217.111 -30 -362.889 0 -0.978 -0.209 -1 0 0 0 0.209 -0.978 43093.dat
1 25 217.111 -40 -362.889 0.209 0 0.978 0 -1 0 0.978 0 -0.209 60483.dat
1 0 259.433 0 -280.567 -0.979 0 0.205 0 1 0 -0.205 0 -0.979 32526.dat
1 1 256.246 -10 -362.967 0 -0.205 -0.979 -1 0 0 0 0.979 -0.205 43093.dat
1 1 236.67 -20 -367.065 0 -0.205 -0.979 -1 0 0 0 0.979 -0.205 6558.dat
1 25 256.246 -20 -362.967 0.205 0 -0.979 0 -1 0 -0.979 0 -0.205 60483.dat
0 STEP
1 0 269.864 0 58.519 -0.985 0 -0.174 0 1 0 0.174 0 -0.985 40490.dat
1 0 262.91 -10 19.128 0 0.174 0.985 1 0 0 0 0.985 -0.174 2780.dat
1 0 276.819 -10 97.91 0 0.174 0.985 1 0 0 0 0.985 -0.174 2780.dat
1 1 273.341 -20 78.215 0 0.174 0.985 1 0 0 0 0.985 -0.174 6558.dat
1 25 296.514 -20 94.433 0.985 0.174 0 0 0 -1 -0.174 0.985 0 64394.dat
1 25 256.387 -40 88.824 -0.53 0 0.848 0 1 0 -0.848 0 -0.53 32523.dat
0 STEP
1 1 219.433 -100 99.433 0 0.05 0.999 0 -0.999 0.05 1 0 0 6558.dat
1 1 239.433 -100 99.433 0 0.05 0.999 0 -0.999 0.05 1 0 0 6558.dat
1 0 239.433 -100 99.433 0 -1 0 -1 0 0 0 0 -1 42003.dat
1 72 259.433 -120 99.433 0 -1 0 1 0 0 0 0 1 11214.dat
0 STEP
1 0 219.433 -100 119.433 0 0 1 1 0 0 0 1 0 32524.dat
1 0 259.433 -100 129.433 0 0 1 0 1 0 -1 0 0 2780.dat
1 0 279.433 -100 129.433 0 0 1 0 1 0 -1 0 0 2780.dat
0 STEP
1 25 299.433 -20 139.433 -1 0 0 0 0 -1 0 -1 0 32526.dat
1 0 299.433 -100 129.433 0 0 1 0 1 0 -1 0 0 2780.dat
1 0 299.433 -20 129.433 0 0 1 0 1 0 -1 0 0 2780.dat
1 25 299.433 -80 119.433 -1 0 0 0 0 -1 0 -1 0 32524.dat
0 STEP
1 25 259.433 -120 59.433 -1 0 0 0 -1 0 0 0 1 32526.dat
1 1 259.433 -140 139.433 0 -1 0 -1 0 0 0 0 -1 6558.dat
1 1 259.433 -140 79.433 0 -1 0 -1 0 0 0 0 -1 6558.dat
1 25 259.433 -140 59.433 -1 0 0 0 -1 0 0 0 1 32526.dat
1 1 239.433 -120 139.433 0 -1 0 -1 0 0 0 0 -1 6558.dat
1 1 219.433 -120 139.433 0 -1 0 -1 0 0 0 0 -1 6558.dat
1 0 219.433 -100 139.433 0 1 0 0 0 -1 -1 0 0 42003.dat
0 STEP
1 72 199.433 -100 111.433 0 -1 0 0 0 -1 1 0 0 87083.dat
1 25 189.433 -140 159.433 0 0 1 -0.866 -0.5 0 0.5 -0.866 0 59443.dat
1 25 259.433 -160 119.433 1 0 0 0 1 0 0 0 1 24119.dat
1 19 239.433 -200 159.433 -1 0 0 0 -1 0 0 0 1 32556.dat
1 0 259.433 -140 159.433 0 1 0 -1 0 0 0 0 1 15100.dat
1 71 239.433 -140 159.433 1 0 0 0 0.5 -0.866 0 0.866 0.5 32073.dat
1 71 279.433 -145 150.773 0 0 1 0.866 0.5 0 -0.5 0.866 0 32064a.dat
1 0 279.433 -149 143.845 0 0 1 0.866 0.5 0 -0.5 0.866 0 3743.dat
0 STEP
1 0 299.433 -120 129.433 0 0 1 0 1 0 -1 0 0 2780.dat
1 0 299.433 -140 129.433 0 0 1 0 1 0 -1 0 0 2780.dat
1 25 299.433 -120 279.433 1 0 0 0 1 0 0 0 1 24118.dat
1 1 269.433 -200 379.433 -1 0 0 0 -1 0 0 0 1 43093.dat
0 STEP
1 25 299.433 -80 439.433 -1 0 0 0 0 -1 0 -1 0 32524.dat
1 72 299.433 -120 439.433 0 0 1 0 -1 0 1 0 0 11214.dat
1 1 299.433 -140 439.433 0 0 -1 0 -1 0 -1 0 0 6558.dat
1 25 299.433 -120 459.433 -1 0 0 0 0 -1 0 -1 0 60483.dat
0 STEP
1 25 249.433 -200 379.433 0 0 -1 1 0 0 0 -1 0 59443.dat
1 0 219.433 -200 379.433 1 0 0 0 0 -1 0 1 0 18651.dat
1 25 219.433 -200 259.433 0 1 0 1 0 0 0 0 -1 32278.dat
1 72 199.433 -200 379.433 0 1 0 1 0 0 0 0 -1 18654.dat
1 0 219.433 -200 399.433 -1 0 0 0 1 0 0 0 -1 32054.dat
1 1 249.433 -200 399.433 -1 0 0 0 -1 0 0 0 1 43093.dat
0 STEP
1 25 259.433 -200 279.433 -1 0 0 0 1 0 0 0 -1 18944.dat
1 0 159.433 -170 399.433 0 0 1 1 0 0 0 1 0 2780.dat
1 1 179.433 -180 379.433 0 0 1 -1 0 0 0 -1 0 6558.dat
1 0 159.433 -180 379.433 0 1 0 0 0 -1 -1 0 0 42003.dat
1 0 139.433 -180 399.433 0 1 0 0 0 -1 -1 0 0 6536.dat
1 71 139.433 -180 399.433 0 1 0 0 0 -1 -1 0 0 4519.dat
1 0 139.433 -180 439.433 0 -1 0 1 0 0 0 0 1 32016.dat
0 STEP
1 4 150.914 -180 467.149 -0.383 -0.924 0 0 0 1 -0.924 0.383 0 32062.dat
1 0 154.74 -180 476.388 -0.924 0 -0.383 0 1 0 0.383 0 -0.924 32039.dat
1 71 180.872 -180 487.212 -0.924 0 -0.383 0 1 0 0.383 0 -0.924 4519.dat
1 25 199.349 -180 479.558 0 -0.924 0.383 1 0 0 0 0.383 0.924 60483.dat
1 0 197.764 -180 501.863 -0.924 0 -0.383 0 1 0 0.383 0 -0.924 2780.dat
1 25 180.872 -200 487.212 0 -0.383 0.924 -1 0 0 0 -0.924 -0.383 64683.dat
1 0 214 -200 462.666 -0.383 -0.924 0 0 0 1 -0.924 0.383 0 2780.dat
1 0 250.955 -200 447.359 -0.383 -0.924 0 0 0 1 -0.924 0.383 0 2780.dat
1 25 284.083 -200 422.813 0 -0.383 -0.924 1 0 0 0 -0.924 0.383 32526.dat
0 STEP
1 1 -180.567 -180 379.433 0 0 1 -1 0 0 0 -1 0 6558.dat
1 0 -160.567 -180 379.433 0 -1 0 0 0 1 -1 0 0 42003.dat
1 0 -160.567 -170 399.433 0 0 1 1 0 0 0 1 0 2780.dat
1 0 -140.567 -180 399.433 0 -1 0 0 0 1 -1 0 0 6536.dat
1 71 -140.567 -180 399.433 0 1 0 0 0 -1 -1 0 0 4519.dat
1 0 -140.567 -180 439.433 0 1 0 -1 0 0 0 0 1 32016.dat
1 0 179.433 -200 379.433 -1 0 0 0 -1 0 0 0 1 15100.dat
1 0 -180.567 -200 379.433 1 0 0 0 1 0 0 0 1 15100.dat
1 25 159.433 -200 379.433 1 0 0 0 0.866 0.5 0 -0.5 0.866 32013.dat
1 25 -160.567 -200 379.433 1 0 0 0 0.866 0.5 0 -0.5 0.866 32013.dat
0 STEP
1 0 -240.567 -20 -140.567 1 0 0 0 -1 0 0 0 -1 32278.dat
1 0 -280.567 -100 -350.567 0 -1 0 0 0 1 -1 0 0 2780.dat
1 4 -220.567 -40 -280.567 1 0 0 0 1 0 0 0 1 32054.dat
1 0 -260.567 0 -240.567 1 0 0 0 0 1 0 -1 0 42003.dat
1 0 -260.567 0 -60.567 -1 0 0 0 0 1 0 1 0 6536.dat
1 0 -260.567 -10 -40.567 0 0 -1 -1 0 0 0 1 0 2780.dat
1 0 -260.567 -10 -260.567 0 0 -1 -1 0 0 0 1 0 2780.dat
1 0 -260.567 -10 -240.567 0 0 -1 -1 0 0 0 1 0 2780.dat
1 25 -260.567 -20 -140.567 -1 0 0 0 -1 0 0 0 1 32278.dat
1 0 -260.567 -10 -280.567 0 0 -1 -1 0 0 0 1 0 2780.dat
1 0 -260.567 -10 -200.567 0 0 -1 -1 0 0 0 1 0 2780.dat
1 0 -260.567 -10 -80.567 0 0 -1 -1 0 0 0 1 0 2780.dat
1 0 -260.567 0 -140.567 -1 0 0 0 -1 0 0 0 1 32524.dat
1 1 -260.567 -20 -0.567 0 0 -1 1 0 0 0 -1 0 6558.dat
1 0 -260.567 -40 -0.567 0 0 -1 1 0 0 0 -1 0 32013.dat
1 72 -220.567 -40 -0.567 -1 0 0 0 0 -1 0 -1 0 11214.dat
0 STEP
1 0 -260.567 0 -280.567 0.979 0 -0.205 0 -1 0 -0.205 0 -0.979 32526.dat
1 1 -237.804 -20 -367.065 0 -0.205 -0.979 -1 0 0 0 0.979 -0.205 6558.dat
1 25 -257.38 -20 -362.967 -0.205 0 0.979 0 1 0 -0.979 0 -0.205 60483.dat
1 1 -257.38 -10 -362.967 0 0.205 -0.979 -1 0 0 0 0.979 0.205 43093.dat
1 25 -218.245 -40 -362.889 -0.209 0 -0.978 0 1 0 0.978 0 -0.209 60483.dat
1 1 -218.245 -30 -362.889 0 -0.209 -0.978 -1 0 0 0 0.978 -0.209 43093.dat
1 0 -270.998 0 58.519 0.985 0 0.174 0 -1 0 0.174 0 -0.985 40490.dat
1 1 -274.475 -20 78.215 0 0.174 0.985 1 0 0 0 0.985 -0.174 6558.dat
1 0 -277.953 -10 97.91 0 0.174 0.985 1 0 0 0 0.985 -0.174 2780.dat
1 0 -264.044 -10 19.128 0 0.174 0.985 1 0 0 0 0.985 -0.174 2780.dat
1 25 -297.648 -20 94.433 0.985 -0.174 0 0 0 -1 0.174 0.985 0 64680.dat
1 25 -257.521 -40 88.824 0.53 0 -0.848 0 -1 0 -0.848 0 -0.53 32523.dat
0 STEP
1 1 -220.567 -100 99.433 0 0 -1 0 1 0 1 0 0 6558.dat
1 1 -240.567 -100 99.433 0 0 -1 0 1 0 1 0 0 6558.dat
1 0 -240.567 -100 99.433 0 1 0 -1 0 0 0 0 1 42003.dat
1 72 -260.567 -120 99.433 0 1 0 1 0 0 0 0 -1 11214.dat
1 0 -220.567 -100 119.433 0 0 -1 1 0 0 0 -1 0 32524.dat
1 0 -260.567 -100 129.433 0 0 -1 0 -1 0 -1 0 0 2780.dat
1 0 -280.567 -100 129.433 0 0 -1 0 -1 0 -1 0 0 2780.dat
1 25 -300.567 -20 139.433 1 0 0 0 0 -1 0 1 0 32526.dat
1 0 -300.567 -100 129.433 0 0 -1 0 -1 0 -1 0 0 2780.dat
1 0 -300.567 -20 129.433 0 0 -1 0 -1 0 -1 0 0 2780.dat
1 25 -300.567 -80 119.433 -1 0 0 0 0 -1 0 -1 0 32524.dat
0 STEP
1 25 -260.567 -120 59.433 1 0 0 0 1 0 0 0 1 32526.dat
1 1 -260.567 -140 79.433 0 1 0 -1 0 0 0 0 1 6558.dat
1 1 -260.567 -140 139.433 0 1 0 -1 0 0 0 0 1 6558.dat
1 25 -260.567 -140 59.433 1 0 0 0 1 0 0 0 1 32526.dat
1 1 -240.567 -120 139.433 0 1 0 -1 0 0 0 0 1 6558.dat
1 1 -220.567 -120 139.433 0 1 0 -1 0 0 0 0 1 6558.dat
1 0 -220.567 -100 139.433 0 -1 0 0 0 1 -1 0 0 42003.dat
0 STEP
1 72 -200.567 -100 111.433 0 -1 0 0 0 -1 1 0 0 87083.dat
1 25 -190.567 -140 159.433 0 0 -1 -0.866 0.5 0 0.5 0.866 0 59443.dat
1 25 -260.567 -160 119.433 -1 0 0 0 1 0 0 0 -1 24119.dat
1 0 -260.567 -140 159.433 0 -1 0 -1 0 0 0 0 -1 15100.dat
1 19 -240.567 -200 159.433 1 0 0 0 -1 0 0 0 -1 32556.dat
1 71 -240.567 -140 159.433 1 0 0 0 -0.5 0.866 0 -0.866 -0.5 32073.dat
1 71 -280.567 -145 150.773 0 0 1 0.866 0.5 0 -0.5 0.866 0 32064a.dat
1 0 -280.567 -149 143.845 0 0 1 0.866 0.5 0 -0.5 0.866 0 3743.dat
0 STEP
1 0 -300.567 -120 129.433 0 0 -1 0 -1 0 -1 0 0 2780.dat
1 0 -300.567 -140 129.433 0 0 -1 0 -1 0 -1 0 0 2780.dat
1 25 -300.567 -120 279.433 -1 0 0 0 1 0 0 0 -1 24118.dat
1 1 -270.567 -200 379.433 1 0 0 0 -1 0 0 0 -1 43093.dat
0 STEP
1 25 -300.567 -80 439.433 -1 0 0 0 0 -1 0 -1 0 32524.dat
1 72 -300.567 -140 439.433 0 -1 0 0 0 -1 1 0 0 11214.dat
1 1 -300.567 -120 439.433 0 1 0 0 0 -1 -1 0 0 6558.dat
1 25 -300.567 -140 459.433 -1 0 0 0 0 1 0 1 0 60483.dat
1 25 -250.567 -200 379.433 0 0 -1 -1 0 0 0 1 0 59443.dat
1 0 -220.567 -200 379.433 -1 0 0 0 0 -1 0 -1 0 18651.dat
1 25 -220.567 -200 259.433 0 1 0 -1 0 0 0 0 1 32278.dat
1 72 -200.567 -200 379.433 0 1 0 -1 0 0 0 0 1 18654.dat
1 0 -220.567 -200 399.433 1 0 0 0 0 1 0 -1 0 32054.dat
1 1 -250.567 -200 399.433 1 0 0 0 0 1 0 -1 0 43093.dat
0 STEP
1 25 -260.567 -200 279.433 -1 0 0 0 1 0 0 0 -1 18944.dat
1 4 -152.048 -180 467.149 -0.383 -0.924 0 0 0 -1 0.924 -0.383 0 32062.dat
1 0 -155.874 -180 476.388 -0.924 0 0.383 0 1 0 -0.383 0 -0.924 32039.dat
1 71 -182.006 -180 487.212 -0.924 0 0.383 0 1 0 -0.383 0 -0.924 4519.dat
1 25 -182.006 -200 487.212 0 0.383 -0.924 1 0 0 0 -0.924 -0.383 64391.dat
1 0 -198.898 -180 501.863 -0.924 0 -0.383 0 -1 0 -0.383 0 0.924 2780.dat
1 25 -200.483 -180 479.558 0 -0.924 -0.383 1 0 0 0 -0.383 0.924 60483.dat
1 0 -252.089 -200 447.359 0.383 0.924 0 0 0 -1 -0.924 0.383 0 2780.dat
1 0 -215.134 -200 462.666 0.383 0.924 0 0 0 -1 -0.924 0.383 0 2780.dat
1 25 -285.217 -200 422.813 0 -0.383 0.924 1 0 0 0 0.924 0.383 32526.dat
0 STEP
1 1 -0.567 -40 559.433 1 0 0 0 1 0 0 0 1 42056 - bumperrear.ldr
0 STEP
1 1 -300.567 -40 439.433 0 0 1 0 1 0 -1 0 0 6558.dat
1 1 -300.567 -60 439.433 0 0 1 0 1 0 -1 0 0 6558.dat
1 25 -300.567 -100 459.433 1 0 0 0 0 1 0 -1 0 87086.dat
1 1 299.433 -40 439.433 0 -1 0 0 0 1 -1 0 0 6558.dat
1 1 299.433 -60 439.433 0 -1 0 0 0 1 -1 0 0 6558.dat
1 25 299.433 -100 459.433 1 0 0 0 0 1 0 -1 0 87080.dat
0 STEP
1 36 -0.567 -120 559.433 -1 0 0 0 -1 0 0 0 1 42056 - bumperrear3.ldr
0 STEP
1 25 119.433 -160 559.433 0 0 -1 1 0 0 0 -1 0 6536.dat
1 25 -120.567 -160 559.433 0 0 -1 1 0 0 0 -1 0 6536.dat
1 71 119.433 -140 559.433 0 0 -1 1 0 0 0 -1 0 4519.dat
1 71 -120.567 -140 559.433 0 0 -1 1 0 0 0 -1 0 4519.dat
0 STEP
1 1 79.433 -120 559.433 0 0 -1 1 0 0 0 -1 0 6558.dat
1 1 -80.567 -120 559.433 0 0 -1 1 0 0 0 -1 0 6558.dat
1 25 -0.567 -140 559.433 0 0 -1 0 1 0 1 0 0 62531.dat
1 25 -191.327 -120 568.115 0.985 -0.174 0 0 0 -1 0.174 0.985 0 62462.dat
1 25 190.193 -120 568.115 0.985 0.174 0 0 0 -1 -0.174 0.985 0 62462.dat
1 1 -171.63 -120 571.588 0.985 -0.174 0 0 0 -1 0.174 0.985 0 4274.dat
1 1 170.496 -120 571.588 -0.985 -0.174 0 0 0 -1 0.174 -0.985 0 4274.dat
1 25 184.284 -120 569.157 -0.174 0.985 0 0 0 -1 -0.985 -0.174 0 42056 - technicFlexAxle-1.ldr
0 STEP
1 0 -180.567 -210 319.433 0 -1 0 1 0 0 0 0 1 2780.dat
1 25 -180.567 -220 319.433 0 -0.866 0.5 1 0 0 0 0.5 0.866 32013.dat
1 25 -228.567 -216 69.433 0 0 1 -1 0 0 0 -1 0 42056 - technicFlexAxle-2.ldr
1 0 179.433 -210 319.433 0 -1 0 1 0 0 0 0 1 2780.dat
1 25 179.433 -220 319.433 0 0.866 -0.5 -1 0 0 0 0.5 0.866 32013.dat
1 25 227.433 -224 69.433 0 0 -1 1 0 0 0 -1 0 42056 - technicFlexAxle-3.ldr
0 STEP
1 0 -130.567 -160 -360.567 -1 0 0 0 0 -1 0 -1 0 2780.dat
1 0 -140.567 -160 -360.567 0 -1 0 -1 0 0 0 0 -1 32526.dat
0 STEP
1 1 -150.567 -160 -400.567 -1 0 0 0 0 -1 0 -1 0 42056 - dashhold.ldr
0 STEP
1 25 -0.567 -200 -440.567 1 0 0 0 0.974 -0.225 0 0.225 0.974 42056 - hood.ldr
1 0 139.433 -160 -360.567 0 -1 0 -1 0 0 0 0 -1 32526.dat
1 0 129.433 -160 -360.567 1 0 0 0 -1 0 0 0 -1 2780.dat
1 0 129.433 -160.005 -400.542 -1 0 0 0 0 -1 0 -1 0 42056 - dashhold2.ldr
0 STEP
1 0 -40.567 -120 -730.567 0 0.225 0.974 0 0.974 -0.225 -1 0 0 2780.dat
1 0 39.433 -120 -730.567 0 0.225 0.974 0 0.974 -0.225 -1 0 0 2780.dat
1 1 -130.567 -128.978 -728.332 0 0 1 0.966 -0.259 0 0.259 0.966 0 43093.dat
1 1 129.433 -128.978 -728.332 0 0 1 0.966 -0.259 0 0.259 0.966 0 43093.dat
1 25 129.433 -138.637 -730.92 0 0.259 0.966 -0.966 0.25 -0.067 -0.259 -0.933 0.25 32192.dat
1 25 -130.567 -138.637 -730.92 0 -0.259 -0.966 0.966 0.25 -0.067 0.259 -0.933 0.25 32192.dat
0 STEP
1 1 79.433 -308.507 19.887 -1 0 0 0 0.391 0.921 0 0.921 -0.391 6558.dat
1 1 -80.567 -308.507 19.887 1 0 0 0 -0.391 -0.921 0 0.921 -0.391 6558.dat
1 1 -140.567 -300 99.433 1 0 0 0 -0.994 -0.106 0 0.106 -0.994 6558.dat
1 1 -0.567 -310.633 0 -1 0 0 0 0.994 -0.106 0 -0.106 -0.994 42056 - roof.ldr
0 STEP
1 25 -100.567 -308.507 19.887 0 1 0 0.994 0 -0.106 -0.106 0 -0.994 32525.dat
1 25 99.433 -308.507 19.887 0 1 0 0.994 0 -0.106 -0.106 0 -0.994 32525.dat
1 1 -120.567 -297.873 119.32 -1 0 0 0 0.968 -0.249 0 -0.249 -0.968 6558.dat
1 1 119.433 -297.873 119.32 1 0 0 0 -0.994 -0.106 0 0.106 -0.994 6558.dat
1 0 -110.567 -304.253 59.66 1 0 0 0 -0.994 -0.106 0 0.106 -0.994 2780.dat
1 0 109.433 -304.253 59.66 1 0 0 0 -0.994 -0.106 0 0.106 -0.994 2780.dat
1 25 -120.567 -310.633 0 0 1 0 0.994 0 -0.106 -0.106 0 -0.994 32525.dat
1 25 119.433 -310.633 0 0 1 0 0.994 0 -0.106 -0.106 0 -0.994 32525.dat
1 1 139.433 -300 99.433 -1 0 0 0 -0.994 0.106 0 0.106 0.994 6558.dat
0 STEP
1 1 -140.567 -317.013 -59.66 -1 0 0 0 0.994 0.106 0 0.106 -0.994 6558.dat
1 1 139.433 -317.013 -59.66 1 0 0 0 -0.994 -0.106 0 0.106 -0.994 6558.dat
1 25 -140.567 -319.14 -79.547 0 1 0 0.994 0 -0.106 -0.106 0 -0.994 32523.dat
1 25 139.433 -319.14 -79.547 0 1 0 0.994 0 -0.106 -0.106 0 -0.994 32523.dat
1 72 139.433 -321.267 -99.433 1 0 0 0 0.174 0.985 0 -0.985 0.174 11214.dat
1 72 -140.567 -321.267 -99.433 -1 0 0 0 0.985 0.174 0 0.174 -0.985 11214.dat
1 25 179.433 -321.267 -99.433 0 0 1 0.174 0.985 0 -0.985 0.174 0 32013.dat
1 25 -180.567 -321.267 -99.433 0 0 -1 0.174 -0.985 0 -0.985 -0.174 0 32013.dat
1 72 -60.602 -323.391 -119.287 -1 0 0 0 -0.91 -0.414 0 -0.414 0.91 11214.dat
1 72 59.419 -323.392 -119.307 1 0 0 0 0.91 -0.414 0 0.414 0.91 11214.dat
1 25 89.424 -323.393 -119.312 0 0 1 0.414 0.91 0 -0.91 0.414 0 59443.dat
1 25 -90.607 -323.391 -119.282 0 0 1 0.414 0.91 0 -0.91 0.414 0 59443.dat
