0 FILE 42078 - main.ldr
0 main
0 Name: 42078 - main.ldr
0 Author: Philippe Hurbain [Philo]
0 !LICENSE Redistributable under CCAL version 2.0 : see CAreadme.txt

1 71 0 0 0 -1 0 0 0 1 0 0 0 -1 64179.dat
1 1 -20 0 -80 0 -1 0 0 0 1 -1 0 0 6558.dat
1 1 20 0 -80 0 -1 0 0 0 1 -1 0 0 6558.dat
1 0 -20 0 70 0 -1 0 0 0 1 -1 0 0 2780.dat
1 0 20 0 70 0 -1 0 0 0 1 -1 0 0 2780.dat
1 0 0 0 80 0 0 -1 1 0 0 0 -1 0 32524.dat
1 0 -60 0 90 0 -1 0 0 0 1 -1 0 0 2780.dat
1 0 60 0 90 0 -1 0 0 0 1 -1 0 0 2780.dat
0 STEP
1 0 0 0 -80 0 0 -1 1 0 0 0 -1 0 32523.dat
1 71 0 0 -160 -1 0 0 0 1 0 0 0 -1 64179.dat
1 0 50 0 40 1 0 0 0 0 1 0 -1 0 2780.dat
1 0 50 0 -40 1 0 0 0 0 1 0 -1 0 2780.dat
1 0 50 0 -120 1 0 0 0 0 1 0 -1 0 2780.dat
1 0 50 0 -200 1 0 0 0 0 1 0 -1 0 2780.dat
1 0 -50 0 -200 1 0 0 0 0 1 0 -1 0 2780.dat
1 0 -50 0 -120 1 0 0 0 0 1 0 -1 0 2780.dat
1 0 -50 0 -40 1 0 0 0 0 1 0 -1 0 2780.dat
1 0 -50 0 40 1 0 0 0 0 1 0 -1 0 2780.dat
1 1 40 0 -60 0 0 1 1 0 0 0 1 0 6558.dat
1 1 -40 0 -60 0 0 1 1 0 0 0 1 0 6558.dat
1 1 -40 0 -100 0 0 1 1 0 0 0 1 0 6558.dat
1 1 40 0 -100 0 0 1 1 0 0 0 1 0 6558.dat
0 STEP
1 0 60 0 -80 0 1 0 1 0 0 0 0 -1 32524.dat
1 0 -60 0 -80 0 1 0 1 0 0 0 0 -1 32524.dat
1 0 70 0 -80 1 0 0 0 0 1 0 -1 0 2780.dat
1 0 -70 0 -80 1 0 0 0 0 1 0 -1 0 2780.dat
1 0 40 -20 -80 -1 0 0 0 -1 0 0 0 1 32316.dat
1 0 -40 -20 -80 -1 0 0 0 -1 0 0 0 1 32316.dat
1 0 40 20 -80 -1 0 0 0 -1 0 0 0 1 32316.dat
1 0 -40 20 -80 -1 0 0 0 -1 0 0 0 1 32316.dat
0 STEP
1 14 0 0 -80 0 1 0 0 0 -1 -1 0 0 32073.dat
1 0 0 0 -40 -1 0 0 0 -1 0 0 0 1 18575.dat
1 0 0 0 -120 -1 0 0 0 -1 0 0 0 1 18575.dat
1 71 -80 0 0 -1 0 0 0 -1 0 0 0 1 44294.dat
1 71 80 0 0 -1 0 0 0 -1 0 0 0 1 44294.dat
1 72 0 0 0 0 0 1 1 0 0 0 1 0 62821.dat
1 19 -17 0 0 0 0 1 1 0 0 0 1 0 6589.dat
1 19 17 0 0 0 0 -1 1 0 0 0 -1 0 6589.dat
1 19 0 0 -17 0 -1 0 1 0 0 0 0 1 6589.dat
0 STEP
1 71 55 0 0 0 0 -1 1 0 0 0 -1 0 32123b.dat
1 71 65 0 0 0 0 -1 1 0 0 0 -1 0 32123b.dat
1 71 -55 0 0 0 0 -1 1 0 0 0 -1 0 32123b.dat
1 71 -65 0 0 0 0 -1 1 0 0 0 -1 0 32123b.dat
1 0 80 0 0 0 0 1 0 1 0 -1 0 0 32184.dat
1 71 80 20 0 0 0 1 0 1 0 -1 0 0 4519.dat
1 72 60 20 -20 0 -1 0 0 0 1 -1 0 0 42003.dat
1 72 60 20 20 0 -1 0 0 0 1 -1 0 0 42003.dat
1 0 -80 0 0 0 0 -1 0 1 0 1 0 0 32184.dat
1 71 -80 20 0 0 0 -1 0 1 0 1 0 0 4519.dat
1 72 -60 20 20 0 1 0 0 0 1 1 0 0 42003.dat
1 72 -60 20 -20 0 1 0 0 0 1 1 0 0 42003.dat
1 4 100 0 0 0 0 -1 0 1 0 1 0 0 3713.dat
1 4 -100 0 0 0 0 1 0 1 0 -1 0 0 3713.dat
0 STEP
1 0 80 0 -160 0 0 1 0 1 0 -1 0 0 32184.dat
1 71 -55 0 -160 0 0 1 1 0 0 0 1 0 32123b.dat
1 71 -65 0 -160 0 0 1 1 0 0 0 1 0 32123b.dat
1 71 55 0 -160 0 0 1 1 0 0 0 1 0 32123b.dat
1 71 65 0 -160 0 0 1 1 0 0 0 1 0 32123b.dat
1 0 -80 0 -160 0 0 -1 0 1 0 1 0 0 32184.dat
1 71 -80 20 -160 0 0 -1 0 1 0 1 0 0 4519.dat
1 72 -60 20 -140 0 1 0 0 0 1 1 0 0 42003.dat
1 72 -60 20 -180 0 1 0 0 0 1 1 0 0 42003.dat
1 71 80 20 -160 0 0 1 0 1 0 -1 0 0 4519.dat
1 72 60 20 -180 0 -1 0 0 0 1 -1 0 0 42003.dat
1 72 60 20 -140 0 -1 0 0 0 1 -1 0 0 42003.dat
1 4 -100 0 -160 0 0 1 0 1 0 -1 0 0 3713.dat
1 4 100 0 -160 0 0 -1 0 1 0 1 0 0 3713.dat
1 72 0 0 -160 0 0 -1 1 0 0 0 -1 0 62821.dat
1 19 -17 0 -160 0 0 1 1 0 0 0 1 0 6589.dat
1 19 0 0 -143 0 1 0 1 0 0 0 0 -1 6589.dat
1 19 17 0 -160 0 0 -1 1 0 0 0 -1 0 6589.dat
1 71 -80 0 -160 1 0 0 0 -1 0 0 0 -1 44294.dat
1 71 80 0 -160 1 0 0 0 -1 0 0 0 -1 44294.dat
0 STEP
1 1 40 0 -140 0 0 1 1 0 0 0 1 0 6558.dat
1 1 40 0 -180 0 0 1 1 0 0 0 1 0 6558.dat
1 1 -40 0 -140 0 0 1 1 0 0 0 1 0 6558.dat
1 1 -40 0 -180 0 0 1 1 0 0 0 1 0 6558.dat
1 1 -40 0 20 0 0 1 1 0 0 0 1 0 6558.dat
1 1 -40 0 -20 0 0 1 1 0 0 0 1 0 6558.dat
1 1 40 0 20 0 0 1 1 0 0 0 1 0 6558.dat
1 1 40 0 -20 0 0 1 1 0 0 0 1 0 6558.dat
1 72 60 -20 20 0 -1 0 0 0 1 -1 0 0 42003.dat
1 72 60 -20 -20 0 -1 0 0 0 1 -1 0 0 42003.dat
1 72 60 -20 -140 0 -1 0 0 0 1 -1 0 0 42003.dat
1 72 60 -20 -180 0 -1 0 0 0 1 -1 0 0 42003.dat
1 72 -60 -20 -180 0 1 0 0 0 1 1 0 0 42003.dat
1 72 -60 -20 -140 0 1 0 0 0 1 1 0 0 42003.dat
1 72 -60 -20 -20 0 1 0 0 0 1 1 0 0 42003.dat
1 72 -60 -20 20 0 1 0 0 0 1 1 0 0 42003.dat
1 0 -80 -20 -20 0 1 0 0 0 1 1 0 0 18651.dat
1 0 80 -20 -20 0 1 0 0 0 1 1 0 0 18651.dat
1 0 -80 -20 -140 0 -1 0 0 0 1 -1 0 0 18651.dat
1 0 80 -20 -140 0 -1 0 0 0 1 -1 0 0 18651.dat
0 STEP
1 0 20 0 -230 0 1 0 0 0 1 1 0 0 2780.dat
1 0 -20 0 -230 0 1 0 0 0 1 1 0 0 2780.dat
1 71 0 0 -235 0 0 -1 -1 0 0 0 1 0 11478.dat
1 71 0 0 -245 0 0 -1 -1 0 0 0 1 0 11478.dat
1 4 -40 0 -250 0 0 1 0 -1 0 1 0 0 32062.dat
1 4 40 0 -250 0 0 1 0 -1 0 1 0 0 32062.dat
1 0 -40 0 -280 1 0 0 0 -1 0 0 0 -1 32013.dat
1 0 40 0 -280 1 0 0 0 -1 0 0 0 -1 32013.dat
1 0 50 0 -280 1 0 0 0 0 1 0 -1 0 2780.dat
1 0 -50 0 -280 1 0 0 0 0 1 0 -1 0 2780.dat
0 STEP
1 19 0 0 -230 0 -1 0 0 0 1 -1 0 0 99008.dat
1 0 0 0 -200 -1 0 0 0 -1 0 0 0 1 18575.dat
1 4 0 0 -280 -1 0 0 0 -1 0 0 0 1 26287.dat
1 71 0 -40 100 0 0 1 -1 0 0 0 -1 0 64179.dat
1 0 -50 -40 100 1 0 0 0 0 1 0 -1 0 2780.dat
1 0 50 -40 100 1 0 0 0 0 1 0 -1 0 2780.dat
1 0 -40 -40 0 0 1 0 -1 0 0 0 0 1 32525.dat
1 0 40 -40 0 0 1 0 -1 0 0 0 0 1 32525.dat
0 STEP
1 0 50 -40 -80 1 0 0 0 0 -1 0 1 0 3705.dat
1 0 -50 -40 -80 1 0 0 0 0 -1 0 1 0 3705.dat
1 4 0 -40 -80 0 0 -1 0 -1 0 -1 0 0 26287.dat
1 0 60 -40 -40 0 -1 0 1 0 0 0 0 1 32526.dat
1 0 -60 -40 -40 0 -1 0 1 0 0 0 0 1 32526.dat
1 71 60 -40 40 -1 0 0 0 0 -1 0 -1 0 32054.dat
1 71 60 -40 -40 -1 0 0 0 0 -1 0 -1 0 32054.dat
1 71 -60 -40 40 1 0 0 0 0 1 0 -1 0 32054.dat
1 71 -60 -40 -40 1 0 0 0 0 1 0 -1 0 32054.dat
0 STEP
1 0 0 -70 100 0 0 -1 1 0 0 0 -1 0 2780.dat
1 72 0 -60 100 0 0 1 0 1 0 -1 0 0 15100.dat
1 71 0 -80 80 1 0 0 0 1 0 0 0 1 6536.dat
1 71 0 -80 80 1 0 0 0 1 0 0 0 1 4519.dat
1 72 30 -80 80 0 0 -1 0 1 0 1 0 0 59443.dat
1 72 -30 -80 80 0 0 -1 0 1 0 1 0 0 59443.dat
1 72 60 -80 80 0 -1 0 0 0 -1 1 0 0 15100.dat
1 72 -60 -80 80 0 -1 0 0 0 -1 1 0 0 15100.dat
1 0 70 -80 80 -1 0 0 0 0 -1 0 -1 0 2780.dat
1 0 -70 -80 80 -1 0 0 0 0 -1 0 -1 0 2780.dat
0 STEP
1 72 60 0 -300 0 -1 0 1 0 0 0 0 1 41239.dat
1 72 -60 0 -300 0 -1 0 1 0 0 0 0 1 41239.dat
1 0 70 0 -220 1 0 0 0 0 1 0 -1 0 2780.dat
1 0 70 0 -260 1 0 0 0 0 1 0 -1 0 2780.dat
1 0 -70 0 -220 1 0 0 0 0 1 0 -1 0 2780.dat
1 0 -70 0 -260 1 0 0 0 0 1 0 -1 0 2780.dat
1 71 70 0 -180 1 0 0 0 0 -1 0 1 0 4274.dat
1 71 -70 0 -180 -1 0 0 0 0 -1 0 -1 0 4274.dat
1 1 -40 -10 -220 0 0 1 -1 0 0 0 -1 0 43093.dat
1 1 40 -10 -220 0 0 1 -1 0 0 0 -1 0 43093.dat
1 72 -40 -30 -220 0 1 0 0 0 -1 -1 0 0 59443.dat
1 72 40 -30 -220 0 1 0 0 0 -1 -1 0 0 59443.dat
0 STEP
1 71 -80 -40 -240 0 1 0 0 0 -1 -1 0 0 14720.dat
1 71 80 -40 -240 0 1 0 0 0 -1 -1 0 0 14720.dat
1 0 80 -20 -250 0 1 0 0 0 1 1 0 0 2780.dat
1 0 -80 -20 -250 0 1 0 0 0 1 1 0 0 2780.dat
1 72 0 -20 -260 0 0 -1 1 0 0 0 -1 0 41239.dat
1 0 100 -20 -250 0 1 0 0 0 1 1 0 0 2780.dat
1 0 120 -20 -250 0 1 0 0 0 1 1 0 0 2780.dat
1 0 -120 -20 -250 0 1 0 0 0 1 1 0 0 2780.dat
1 0 -100 -20 -250 0 1 0 0 0 1 1 0 0 2780.dat
1 0 110 0 -240 -1 0 0 0 0 1 0 1 0 41678.dat
1 0 -110 0 -240 -1 0 0 0 0 1 0 1 0 41678.dat
0 STEP
1 0 60 -40 -200 0 -1 0 1 0 0 0 0 1 32278.dat
1 1 60 -40 -60 -1 0 0 0 0 -1 0 -1 0 6558.dat
1 1 60 -40 -100 -1 0 0 0 0 -1 0 -1 0 6558.dat
1 4 40 -40 -280 -1 0 0 0 0 -1 0 -1 0 11214.dat
1 4 40 -40 -240 -1 0 0 0 0 -1 0 -1 0 11214.dat
1 0 40 -40 -260 0 -1 0 -1 0 0 0 0 -1 32523.dat
1 72 25 -40 -240 0 -1 0 -1 0 0 0 0 -1 6632.dat
1 72 -25 -40 -240 0 1 0 1 0 0 0 0 -1 6632.dat
1 0 -60 -40 -200 0 1 0 -1 0 0 0 0 1 32278.dat
1 1 -60 -40 -60 1 0 0 0 0 1 0 -1 0 6558.dat
1 1 -60 -40 -100 1 0 0 0 0 1 0 -1 0 6558.dat
1 4 -40 -40 -280 1 0 0 0 0 1 0 -1 0 11214.dat
1 4 -40 -40 -240 1 0 0 0 0 1 0 -1 0 11214.dat
1 0 -40 -40 -260 0 1 0 1 0 0 0 0 -1 32523.dat
0 STEP
1 71 80 0 -80 0 1 0 0 0 -1 -1 0 0 60484.dat
1 71 -80 0 -80 0 1 0 0 0 -1 -1 0 0 60484.dat
1 0 70 -80 -220 1 0 0 0 0 1 0 -1 0 2780.dat
1 0 70 -80 -260 1 0 0 0 0 1 0 -1 0 2780.dat
1 0 60 -80 -240 0 1 0 -1 0 0 0 0 1 32525.dat
1 0 70 -80 -200 1 0 0 0 0 1 0 -1 0 2780.dat
1 0 70 -80 -140 1 0 0 0 0 1 0 -1 0 2780.dat
1 1 80 -80 -320 1 0 0 0 0 -1 0 1 0 6558.dat
1 1 80 -80 -340 1 0 0 0 0 -1 0 1 0 6558.dat
1 0 80 -80 -330 0 -1 0 -1 0 0 0 0 -1 43857.dat
1 0 -70 -80 -220 -1 0 0 0 0 -1 0 -1 0 2780.dat
1 0 -70 -80 -260 -1 0 0 0 0 -1 0 -1 0 2780.dat
1 0 -60 -80 -240 0 -1 0 1 0 0 0 0 1 32525.dat
1 0 -70 -80 -200 -1 0 0 0 0 -1 0 -1 0 2780.dat
1 0 -70 -80 -140 -1 0 0 0 0 -1 0 -1 0 2780.dat
1 1 -80 -80 -320 -1 0 0 0 0 1 0 1 0 6558.dat
1 1 -80 -80 -340 -1 0 0 0 0 1 0 1 0 6558.dat
1 0 -80 -80 -330 0 1 0 1 0 0 0 0 -1 43857.dat
0 STEP
1 71 80 -40 -300 -1 0 0 0 0 -1 0 -1 0 32054.dat
1 0 80 -40 -300 0 1 0 0 0 -1 -1 0 0 32316.dat
1 1 110 -40 -300 -1 0 0 0 0 -1 0 -1 0 43093.dat
1 71 -80 -40 -300 1 0 0 0 0 -1 0 1 0 32054.dat
1 0 -80 -40 -300 0 -1 0 0 0 -1 1 0 0 32316.dat
1 1 -110 -40 -300 1 0 0 0 0 -1 0 1 0 43093.dat
1 0 -80 -80 -60 0 1 0 -1 0 0 0 0 1 32278.dat
0 STEP
1 0 -70 -80 -80 -1 0 0 0 0 -1 0 -1 0 2780.dat
1 71 0 -80 -80 0 0 1 0 1 0 -1 0 0 64179.dat
1 0 -70 -80 -100 -1 0 0 0 0 -1 0 -1 0 2780.dat
1 0 70 -80 -80 -1 0 0 0 0 -1 0 -1 0 2780.dat
1 0 70 -80 -100 -1 0 0 0 0 -1 0 -1 0 2780.dat
1 0 80 -80 -60 0 1 0 -1 0 0 0 0 1 32278.dat
0 STEP
0 STEP
1 0 135.5 -80 80 0 1 0 -1 0 0 0 0 1 63965.dat
1 0 134 -40 82 -1 0 0 0 0 -1 0 -1 0 30350b.dat
1 0 144 -60 74 -1 0 0 0 0 -1 0 -1 0 3623.dat
1 0 144 -40 74 -1 0 0 0 0 -1 0 -1 0 3623.dat
1 0 144 0 74 -1 0 0 0 0 -1 0 -1 0 11212.dat
1 15 154 20 82 1 0 0 0 0 1 0 -1 0 3069b.dat
1 0 164 -30 82 0 0 -1 1 0 0 0 -1 0 2431.dat
1 15 124 0 82 1 0 0 0 0 1 0 -1 0 27263.dat
1 0 -134 -40 82 -1 0 0 0 0 -1 0 -1 0 30350b.dat
1 0 -135.5 -80 80 0 -1 0 1 0 0 0 0 1 63965.dat
1 0 -144 -60 74 -1 0 0 0 0 -1 0 -1 0 3623.dat
1 0 -144 -40 74 -1 0 0 0 0 -1 0 -1 0 3623.dat
1 0 -144 0 74 -1 0 0 0 0 -1 0 -1 0 11212.dat
1 15 -154 20 82 1 0 0 0 0 1 0 -1 0 3069b.dat
1 0 -164 -30 82 0 0 1 -1 0 0 0 -1 0 2431.dat
1 15 -124 0 82 0 0 -1 1 0 0 0 -1 0 27263.dat
0 STEP
1 71 130 0 0 0 0 1 1 0 0 0 1 0 56145.dat
1 71 135 0 0 0 0 1 1 0 0 0 1 0 32123b.dat
1 256 130 0 0 0 0 1 1 0 0 0 1 0 15413.dat
1 71 130 0 -160 0 0 1 1 0 0 0 1 0 56145.dat
1 71 135 0 -160 0 0 1 1 0 0 0 1 0 32123b.dat
1 256 130 0 -160 0 0 1 1 0 0 0 1 0 15413.dat
1 71 -130 0 0 0 0 -1 1 0 0 0 -1 0 56145.dat
1 71 -135 0 0 0 0 -1 1 0 0 0 -1 0 32123b.dat
1 256 -130 0 0 0 0 -1 1 0 0 0 -1 0 15413.dat
1 71 -130 0 -160 0 0 -1 1 0 0 0 -1 0 56145.dat
1 71 -135 0 -160 0 0 -1 1 0 0 0 -1 0 32123b.dat
1 256 -130 0 -160 0 0 -1 1 0 0 0 -1 0 15413.dat
0 STEP
1 71 60 0 -340 -1 0 0 0 0 -1 0 -1 0 32054.dat
1 71 60 0 -420 -1 0 0 0 0 -1 0 -1 0 32054.dat
1 71 -60 0 -340 1 0 0 0 0 -1 0 1 0 32054.dat
1 0 -70 0 -380 1 0 0 0 0 1 0 -1 0 2780.dat
1 1 -60 0 -420 1 0 0 0 0 -1 0 1 0 6558.dat
0 STEP
1 71 70 0 -860 -1 0 0 0 1 0 0 0 -1 42078 - chassisfront.ldr
0 STEP
1 4 60 0 -360 1 0 0 0 0 -1 0 1 0 11214.dat
1 0 75 -40 -360 0 -1 0 -1 0 0 0 0 -1 99773.dat
1 0 85 -40 -360 0 -1 0 -1 0 0 0 0 -1 99773.dat
1 1 90 -80 -360 -1 0 0 0 0 1 0 1 0 43093.dat
1 0 -75 -40 -360 0 -1 0 -1 0 0 0 0 -1 99773.dat
1 0 -85 -40 -360 0 -1 0 -1 0 0 0 0 -1 99773.dat
1 4 -100 -80 -360 1 0 0 0 0 1 0 -1 0 11214.dat
0 STEP
1 0 100 -80 -440 0 1 0 -1 0 0 0 0 1 32278.dat
1 0 -100 -80 -440 0 1 0 -1 0 0 0 0 1 32278.dat
1 1 100 -80 -540 -1 0 0 0 0 -1 0 -1 0 6558.dat
1 1 -100 -80 -540 1 0 0 0 0 -1 0 1 0 6558.dat
1 72 120 -80 -560 0 -1 0 1 0 0 0 0 1 74695.dat
1 72 -120 -80 -560 0 -1 0 1 0 0 0 0 1 74695.dat
1 71 -100 -80 -400 -1 0 0 0 0 -1 0 -1 0 32054.dat
1 71 -50 -80 -560 -1 0 0 0 0 1 0 1 0 32291.dat
1 71 50 -80 -560 -1 0 0 0 0 1 0 1 0 32291.dat
0 STEP
1 71 80 0 -300 -1 0 0 0 0 -1 0 -1 0 32054.dat
1 71 120 0 -300 1 0 0 0 0 -1 0 1 0 4519.dat
1 0 115 -40 -300 0 1 0 -1 0 0 0 0 1 99773.dat
1 0 125 -40 -300 0 1 0 -1 0 0 0 0 1 99773.dat
1 0 140 0 -300 0 1 0 -1 0 0 0 0 1 32140.dat
1 0 150 0 -260 1 0 0 0 0 1 0 -1 0 2780.dat
1 0 150 0 -280 1 0 0 0 0 1 0 -1 0 2780.dat
0 STEP
1 0 -80 0 -400 0 1 0 -1 0 0 0 0 1 32523.dat
1 70 -120 0 -400 1 0 0 0 0 -1 0 1 0 15462.dat
1 71 -100 0 -400 0 0 -1 -1 0 0 0 1 0 94925.dat
1 71 -120 -60 -380 0 0 -1 0 -1 0 -1 0 0 63869.dat
1 71 -120 -20 -380 0 0 -1 0 1 0 1 0 0 63869.dat
1 4 -120 -20 -370 0 0 -1 0 1 0 1 0 0 32062.dat
1 4 -120 -60 -370 0 0 -1 0 1 0 1 0 0 32062.dat
1 0 -120 -40 -360 0 0 -1 0 1 0 1 0 0 32184.dat
1 70 -103 -40 -360 -1 0 0 0 0 -1 0 -1 0 15462.dat
1 4 -140 -40 -360 0 0 1 0 1 0 -1 0 0 3713.dat
1 71 -100 -40 -360 0 0 1 0 1 0 -1 0 0 94925.dat
0 STEP
1 70 -80 0 -360 -1 0 0 0 0 -1 0 -1 0 15462.dat
1 4 -100 0 -360 0 0 1 0 1 0 -1 0 0 18946.dat
1 71 -135 0 -400 0 0 1 0 1 0 -1 0 0 32123b.dat
1 0 -150 0 -400 0 0 1 0 1 0 -1 0 0 18575.dat
1 71 -165 0 -400 0 0 1 0 1 0 -1 0 0 32123b.dat
0 STEP
1 0 -115 -40 -300 0 1 0 -1 0 0 0 0 1 99773.dat
1 0 -125 -40 -300 0 1 0 -1 0 0 0 0 1 99773.dat
1 71 -80 0 -300 1 0 0 0 0 -1 0 1 0 32054.dat
1 71 -120 0 -300 1 0 0 0 0 -1 0 1 0 4519.dat
1 0 -140 0 -300 0 1 0 -1 0 0 0 0 1 32140.dat
1 0 -150 0 -280 -1 0 0 0 0 -1 0 -1 0 2780.dat
1 0 -150 0 -260 -1 0 0 0 0 -1 0 -1 0 2780.dat
0 STEP
1 72 90 -80 -300 -1 0 0 0 0 -1 0 -1 0 87083.dat
1 72 -90 -80 -300 1 0 0 0 0 -1 0 1 0 87083.dat
0 STEP
1 71 0 -160 -680 1 0 0 0 1 0 0 0 1 42078 - cabinbackbase.ldr
0 STEP
1 0 60 -170 -680 0 0 -1 1 0 0 0 -1 0 3705.dat
1 71 60 -175 -680 -1 0 0 0 0 1 0 1 0 32123b.dat
1 71 60 -185 -680 -1 0 0 0 0 1 0 1 0 32123b.dat
1 72 60 -210 -680 -1 0 0 0 0 1 0 1 0 59443.dat
1 1 40 -180 -680 0 -1 0 -1 0 0 0 0 -1 6558.dat
1 1 -40 -180 -680 0 -1 0 -1 0 0 0 0 -1 6558.dat
1 0 0 -180 -680 0 0 1 0 -1 0 1 0 0 32316.dat
1 0 0 -200 -680 0 0 1 0 -1 0 1 0 0 32316.dat
1 0 20 -210 -680 0 0 1 -1 0 0 0 -1 0 2780.dat
1 0 -20 -210 -680 0 0 1 -1 0 0 0 -1 0 2780.dat
1 0 0 -220 -680 0 0 1 0 -1 0 1 0 0 32316.dat
0 STEP
1 1 120 -100 -720 1 0 0 0 -0.93 0.369 0 -0.369 -0.93 6558.dat
1 0 120 -96.315 -729.296 0 -1 0 -0.93 0 0.369 -0.369 0 -0.93 43857.dat
1 0 130 -92.63 -738.592 1 0 0 0 -0.369 -0.93 0 0.93 -0.369 2780.dat
1 0 -130 -94.037 -731.222 -1 0 0 0 -0.369 0.93 0 0.93 0.369 2780.dat
1 0 -120 -97.722 -721.926 0 1 0 0.93 0 0.369 0.369 0 -0.93 43857.dat
1 1 -120 -100 -720 -1 0 0 0 1 0 0 0 -1 6558.dat
0 STEP
1 72 -70 -98 -770 1 0 0 0 1 0 0 0 1 42078 - seat1.ldr
0 STEP
1 0 -120 -140 -720 1 0 0 0 1 0 0 0 1 18651.dat
1 72 -120 -140 -720 0 1 0 0 0 1 1 0 0 74695.dat
1 0 -130 -120 -720 -1 0 0 0 -0.369 0.93 0 0.93 0.369 2780.dat
1 72 -140 -160 -720 0 -1 0 0 0 1 -1 0 0 32524.dat
1 0 -130 -160 -720 -1 0 0 0 0 1 0 1 0 2780.dat
1 0 -130 -220 -720 -1 0 0 0 0 1 0 1 0 2780.dat
1 72 -120 -160 -720 0 1 0 0 0 -1 -1 0 0 32526.dat
1 1 -120 -240 -720 1 0 0 0 0 -1 0 1 0 6558.dat
1 1 -120 -240 -760 1 0 0 0 0 -1 0 1 0 6558.dat
0 STEP
1 1 70 -98 -770 1 0 0 0 1 0 0 0 1 42078 - seat2.ldr
1 72 120 -160 -720 0 1 0 0 0 -1 -1 0 0 32526.dat
1 0 120 -140 -720 -1 0 0 0 1 0 0 0 -1 18651.dat
1 72 120 -140 -720 0 -1 0 0 0 1 -1 0 0 74695.dat
1 0 130 -120 -720 -1 0 0 0 0 1 0 1 0 2780.dat
1 72 140 -160 -720 0 1 0 0 0 1 1 0 0 32524.dat
1 0 130 -160 -720 -1 0 0 0 0 1 0 1 0 2780.dat
1 0 130 -220 -720 -1 0 0 0 0 1 0 1 0 2780.dat
1 1 120 -240 -720 -1 0 0 0 0 1 0 1 0 6558.dat
1 1 120 -240 -760 -1 0 0 0 0 1 0 1 0 6558.dat
0 STEP
1 0 90 -20 -854 1 0 0 0 0 -1 0 1 0 32000.dat
1 0 90 -40 -854 1 0 0 0 0 -1 0 1 0 32000.dat
1 0 80 -30 -844 0 0 1 -1 0 0 0 -1 0 2780.dat
1 0 100 -30 -844 0 0 1 -1 0 0 0 -1 0 2780.dat
1 0 -90 -20 -854 1 0 0 0 0 -1 0 1 0 32000.dat
1 0 -90 -40 -854 1 0 0 0 0 -1 0 1 0 32000.dat
1 0 -100 -30 -844 0 0 1 -1 0 0 0 -1 0 2780.dat
1 0 -80 -30 -844 0 0 1 -1 0 0 0 -1 0 2780.dat
0 STEP
1 142 0 -100 -840 1 0 0 0 1 0 0 0 1 42078 - dashboard.ldr
0 STEP
1 71 0 -100 -860 1 0 0 0 0.956 0.293 0 -0.293 0.956 44294.dat
1 72 -80 -100 -860 0 0 -1 0.293 0.956 0 0.956 -0.293 0 32034.dat
1 72 -40 -100 -860 0 -1 0 -0.956 0 -0.293 0.293 0 -0.956 18654.dat
1 71 -25 -100 -860 0 0 1 -0.956 -0.293 0 0.293 -0.956 0 32123b.dat
1 72 -15 -100 -860 0 1 0 -0.293 0 -0.956 -0.956 0 0.293 6632.dat
1 72 15 -100 -860 0 1 0 -0.293 0 -0.956 -0.956 0 0.293 6632.dat
1 19 10 -119.125 -854.148 1 0 0 0 0.293 -0.956 0 0.956 0.293 32002.dat
1 4 0 -138.25 -848.297 1 0 0 0 0.293 -0.956 0 0.956 0.293 32062.dat
1 72 0 -176.499 -836.593 0 -1 0 0.293 0 -0.956 0.956 0 0.293 32524.dat
1 72 40 -100 -860 0 -1 0 -0.956 0 -0.293 0.293 0 -0.956 18654.dat
1 72 80 -100 -860 0 0 -1 0.293 0.956 0 0.956 -0.293 0 32034.dat
1 71 25 -100 -860 0 0 1 -0.956 -0.293 0 0.293 -0.956 0 32123b.dat
0 STEP
1 71 120 -100 -860 1 0 0 0 0.293 -0.956 0 0.956 0.293 4519.dat
1 72 120 -40 -860 0 -1 0 0 0 -1 1 0 0 32524.dat
1 0 130 20 -860 1 0 0 0 0 -1 0 1 0 2780.dat
1 0 130 -20 -860 1 0 0 0 0 -1 0 1 0 2780.dat
1 0 130 -40 -860 1 0 0 0 0 -1 0 1 0 2780.dat
1 0 140 -40 -860 0 -1 0 0 0 -1 1 0 0 32523.dat
1 71 150 -60 -860 1 0 0 0 0 -1 0 1 0 4274.dat
1 57 158 -60 -860 0 -1 0 0 0 -1 1 0 0 98138.dat
0 STEP
1 72 140 20 -800 0 -1 0 -1 0 0 0 0 -1 32140.dat
1 0 110 20 -800 1 0 0 0 0 1 0 -1 0 3705.dat
1 72 120 20 -800 0 1 0 -1 0 0 0 0 1 74695.dat
1 0 130 20 -780 1 0 0 0 0.345 -0.939 0 0.939 0.345 2780.dat
1 72 105 20 -800 0 -1 0 -1 0 0 0 0 -1 6632.dat
1 72 95 20 -800 0 -1 0 -1 0 0 0 0 -1 6632.dat
1 4 80 20 -800 0 0 1 -1 0 0 0 -1 0 3713.dat
1 0 120 20 -840 -1 0 0 0 1 0 0 0 -1 18651.dat
1 72 115 -20 -840 0 -1 0 0 0 1 -1 0 0 6632.dat
1 72 125 -20 -840 0 -1 0 0 0 1 -1 0 0 6632.dat
1 4 130 -20 -840 1 0 0 0 0 1 0 -1 0 32062.dat
1 72 140 -40 -840 -1 0 0 0 -1 0 0 0 1 42003.dat
1 1 130 0 -840 1 0 0 0 -1 0 0 0 -1 43093.dat
1 72 140 0 -820 -1 0 0 0 0 1 0 1 0 42003.dat
1 0 140 -10 -800 0 0 -1 -1 0 0 0 1 0 2780.dat
1 1 140 -10 -820 0 0 -1 -1 0 0 0 1 0 43093.dat
1 72 140 -20 -820 -1 0 0 0 -1 0 0 0 1 74695.dat
0 STEP
1 72 140 -36.315 -759.296 0 -1 0 -0.345 0 0.939 -0.939 0 -0.345 32524.dat
1 0 160 -120 -720 0 -1 0 0 0 1 -1 0 0 48729b.dat
1 0 160 -220 -720 0 -1 0 0 0 1 -1 0 0 48729b.dat
1 0 160 -124 -720 1 0 0 0 1 0 0 0 1 63965.dat
0 STEP
1 71 -120 -100 -860 1 0 0 0 0.293 -0.956 0 0.956 0.293 4519.dat
1 72 -120 -40 -860 0 1 0 0 0 -1 -1 0 0 32524.dat
1 0 -130 20 -860 1 0 0 0 0 -1 0 1 0 2780.dat
1 0 -130 -20 -860 1 0 0 0 0 -1 0 1 0 2780.dat
1 0 -130 -40 -860 1 0 0 0 0 -1 0 1 0 2780.dat
1 0 -140 -40 -860 0 1 0 0 0 -1 -1 0 0 32523.dat
1 71 -150 -60 -860 -1 0 0 0 0 1 0 1 0 4274.dat
1 57 -158 -60 -860 0 1 0 0 0 -1 -1 0 0 98138.dat
0 STEP
1 72 -140 20 -800 0 -1 0 -1 0 0 0 0 -1 32140.dat
1 0 -110 20 -800 1 0 0 0 0 1 0 -1 0 3705.dat
1 72 -120 20 -800 0 -1 0 1 0 0 0 0 1 74695.dat
1 0 -130 20 -780 1 0 0 0 0.345 -0.939 0 0.939 0.345 2780.dat
1 72 -105 20 -800 0 1 0 1 0 0 0 0 -1 6632.dat
1 72 -95 20 -800 0 1 0 1 0 0 0 0 -1 6632.dat
1 4 -80 20 -800 0 0 -1 1 0 0 0 -1 0 3713.dat
1 0 -120 20 -840 1 0 0 0 1 0 0 0 1 18651.dat
1 72 -115 -20 -840 0 1 0 0 0 1 1 0 0 6632.dat
1 72 -125 -20 -840 0 1 0 0 0 1 1 0 0 6632.dat
1 4 -130 -20 -840 1 0 0 0 0 1 0 -1 0 32062.dat
1 72 -140 -40 -840 -1 0 0 0 -1 0 0 0 1 42003.dat
1 1 -130 0 -840 -1 0 0 0 -1 0 0 0 1 43093.dat
1 72 -140 0 -820 -1 0 0 0 0 1 0 1 0 42003.dat
1 0 -140 -10 -800 0 0 1 1 0 0 0 1 0 2780.dat
1 1 -140 -10 -820 0 0 -1 -1 0 0 0 1 0 43093.dat
1 72 -140 -20 -820 -1 0 0 0 -1 0 0 0 1 74695.dat
0 STEP
1 72 -140 -36.315 -759.296 0 1 0 0.345 0 0.939 0.939 0 -0.345 32524.dat
1 0 -160 -120 -720 0 1 0 0 0 1 1 0 0 48729b.dat
1 0 -160 -220 -720 0 1 0 0 0 1 1 0 0 48729b.dat
1 0 -160 -124 -720 1 0 0 0 1 0 0 0 1 63965.dat
0 STEP
1 72 0 -240 -760 1 0 0 0 1 0 0 0 1 64782.dat
1 0 60 -240 -710 0 0 -1 0 1 0 1 0 0 2780.dat
1 1 -60 -240 -700 0 0 -1 0 1 0 1 0 0 6558.dat
1 72 0 -240 -700 0 0 -1 -1 0 0 0 1 0 41239.dat
1 0 0 -240 -690 0 0 -1 0 1 0 1 0 0 2780.dat
1 0 -80 -240 -690 0 0 -1 0 1 0 1 0 0 2780.dat
1 0 -120 -240 -690 0 0 -1 0 1 0 1 0 0 2780.dat
1 0 120 -240 -690 0 0 -1 0 1 0 1 0 0 2780.dat
1 1 -100 -240 -690 0 0 -1 0 1 0 1 0 0 43093.dat
1 1 100 -240 -690 0 0 -1 0 1 0 1 0 0 43093.dat
1 72 -100 -240 -680 0 0 -1 -1 0 0 0 1 0 74695.dat
1 72 100 -240 -680 0 0 1 -1 0 0 0 -1 0 74695.dat
1 0 0 -240 -680 0 1 0 -1 0 0 0 0 1 32184.dat
1 1 80 -240 -690 0 0 -1 0 1 0 1 0 0 43093.dat
1 72 -60 -240 -680 0 -1 0 -1 0 0 0 0 -1 42003.dat
1 72 60 -240 -680 0 -1 0 0 0 1 -1 0 0 42003.dat
1 0 110 -240 -780 1 0 0 0 0 1 0 -1 0 2780.dat
1 0 -110 -240 -780 1 0 0 0 0 1 0 -1 0 2780.dat
1 1 110 -240 -800 1 0 0 0 0.306 0.952 0 -0.952 0.306 43093.dat
1 1 -110 -240 -800 -1 0 0 0 0.306 -0.952 0 -0.952 -0.306 43093.dat
1 72 -120 -240 -780 0 1 0 0 0 -1 -1 0 0 18654.dat
1 72 120 -240 -780 0 1 0 0 0 -1 -1 0 0 18654.dat
1 72 -120 -240 -800 0 -1 0 -0.952 0 0.306 -0.306 0 -0.952 74695.dat
1 72 120 -240 -800 0 -1 0 -0.952 0 0.306 -0.306 0 -0.952 74695.dat
1 1 -40 -230 -680 0 0 -1 -1 0 0 0 1 0 43093.dat
1 0 40 -230 -680 0 0 -1 1 0 0 0 -1 0 2780.dat
1 1 -20 -250 -680 0 0 -1 1 0 0 0 -1 0 43093.dat
0 STEP
1 72 60 -252 -670 0 0 -1 -1 0 0 0 1 0 87083.dat
1 71 60 -255 -680 0 1 0 0 0 1 1 0 0 32123b.dat
1 71 60 -265 -680 0 1 0 0 0 1 1 0 0 32123b.dat
1 0 60 -280 -670 0 1 0 0 0 1 1 0 0 18575.dat
1 71 0 -233.874 -819.039 1 0 0 0 0.293 -0.956 0 0.956 0.293 4519.dat
1 72 -30 -233.874 -819.039 0 0 1 -0.956 -0.293 0 0.293 -0.956 0 59443.dat
1 4 -50 -233.874 -819.039 1 0 0 0 0.956 0.293 0 -0.293 0.956 32062.dat
1 72 -70 -233.874 -819.039 0 0 1 -0.956 -0.293 0 0.293 -0.956 0 59443.dat
1 72 30 -233.874 -819.039 0 0 1 -0.956 -0.293 0 0.293 -0.956 0 59443.dat
1 4 50 -233.874 -819.039 1 0 0 0 0.956 0.293 0 -0.293 0.956 32062.dat
1 72 70 -233.874 -819.039 0 0 1 -0.956 -0.293 0 0.293 -0.956 0 59443.dat
0 STEP
1 72 140 -119.125 -854.148 1 0 0 0 0.293 -0.956 0 0.956 0.293 32039.dat
1 4 140 -128.687 -851.223 0 0 -1 -0.956 0.293 0 0.293 0.956 0 32062.dat
1 72 140 -147.812 -845.371 -1 0 0 0 -0.293 -0.956 0 -0.956 0.293 59443.dat
1 4 140 -166.937 -839.519 0 1 0 -0.956 0 0.293 0.293 0 0.956 32062.dat
1 72 140 -186.062 -833.668 -1 0 0 0 -0.293 -0.956 0 -0.956 0.293 59443.dat
1 4 140 -205.186 -827.816 0 0 -1 -0.956 0.293 0 0.293 0.956 0 32062.dat
1 72 140 -214.749 -824.89 1 0 0 0 -0.293 0.956 0 -0.956 -0.293 32039.dat
1 72 -140 -119.125 -854.148 1 0 0 0 0.293 -0.956 0 0.956 0.293 32039.dat
1 4 -140 -128.687 -851.223 0 0 -1 -0.956 0.293 0 0.293 0.956 0 32062.dat
1 72 -140 -147.812 -845.371 -1 0 0 0 -0.293 -0.956 0 -0.956 0.293 59443.dat
1 4 -140 -166.937 -839.519 0 1 0 -0.956 0 0.293 0.293 0 0.956 32062.dat
1 72 -140 -186.062 -833.668 -1 0 0 0 -0.293 -0.956 0 -0.956 0.293 59443.dat
1 4 -140 -205.186 -827.816 0 0 -1 -0.956 0.293 0 0.293 0.956 0 32062.dat
1 72 -140 -214.749 -824.89 1 0 0 0 -0.293 0.956 0 -0.956 -0.293 32039.dat
1 72 112 -233.874 -819.039 1 0 0 0 0.293 -0.956 0 0.956 0.293 87083.dat
1 72 -112 -233.874 -819.039 -1 0 0 0 -0.293 -0.956 0 -0.956 0.293 87083.dat
1 72 100 -233.874 -819.039 0 1 0 0 0 -1 -1 0 0 18654.dat
1 72 -100 -233.874 -819.039 0 1 0 0 0 -1 -1 0 0 18654.dat
0 STEP
1 72 138 -240 -740 0 1 0 -1 0 0 0 0 1 32524.dat
1 57 150 -240 -800 0 1 0 -1 0 0 0 0 1 3024.dat
1 57 -150 -240 -800 0 -1 0 1 0 0 0 0 1 3024.dat
1 72 -138 -240 -740 0 -1 0 1 0 0 0 0 1 32524.dat
0 STEP
1 71 120 -80 -860 -1 0 0 0 0.208 -0.978 0 -0.978 -0.208 4519.dat
1 72 90 -80 -860 0 0 1 0.208 0.978 0 -0.978 0.208 0 59443.dat
1 72 140 -84.158 -840.437 1 0 0 0 0.978 -0.208 0 0.208 0.978 32039.dat
1 0 140 -90.396 -811.093 0 0 -1 -0.208 0.978 0 0.978 0.208 0 3705.dat
1 72 140 -88.316 -820.874 1 0 0 0 -0.208 -0.978 0 0.978 -0.208 74695.dat
1 72 140 -92.475 -801.311 1 0 0 0 -0.208 -0.978 0 0.978 -0.208 74695.dat
1 72 140 -100.791 -762.185 1 0 0 0 0.978 -0.208 0 0.208 0.978 32015.dat
1 0 140 -114.117 -795.688 0 0 -1 -0.208 0.978 0 0.978 0.208 0 2780.dat
1 4 140 -130.289 -756.718 0 0 1 -0.983 -0.182 0 0.182 -0.983 0 32062.dat
1 72 140 -149.952 -753.074 -1 0 0 0 -0.182 -0.983 0 -0.983 0.182 59443.dat
1 4 140 -169.615 -749.43 0 -1 0 0.983 0 0.182 -0.182 0 0.983 32062.dat
1 72 140 -189.278 -745.785 -1 0.016 0 -0.003 -0.182 -0.983 -0.015 -0.983 0.182 59443.dat
1 1 140 -208.941 -742.141 0 1 0.016 0.983 0.003 -0.182 -0.182 0.016 -0.983 43093.dat
1 72 140 -218.773 -740.319 0.924 0 -0.382 -0.07 -0.983 -0.168 -0.375 0.182 -0.909 18654.dat
1 71 140 -116.197 -785.908 1 0 0 0 -0.208 -0.978 0 0.978 -0.208 22961.dat
1 0 160 -117.197 -785.894 0 0 1 -0.992 0.122 0 -0.122 -0.992 0 45590.dat
1 0 150 -100.791 -762.185 0 1 0 -0.966 0 -0.259 -0.259 0 0.966 3024.dat
0 STEP
1 71 -120 -80 -860 -1 0 0 0 0.208 -0.978 0 -0.978 -0.208 4519.dat
1 72 -90 -80 -860 0 0 -1 -0.208 0.978 0 0.978 0.208 0 59443.dat
1 72 -140 -84.158 -840.437 1 0 0 0 0.978 -0.208 0 0.208 0.978 32039.dat
1 0 -140 -90.396 -811.093 0 0 1 0.208 0.978 0 -0.978 0.208 0 3705.dat
1 72 -140 -88.316 -820.874 1 0 0 0 -0.208 -0.978 0 0.978 -0.208 74695.dat
1 72 -140 -92.475 -801.311 1 0 0 0 -0.208 -0.978 0 0.978 -0.208 74695.dat
1 72 -140 -100.791 -762.185 1 0 0 0 0.978 -0.208 0 0.208 0.978 32015.dat
1 0 -140 -114.117 -795.688 0 0 1 0.208 0.978 0 -0.978 0.208 0 2780.dat
1 71 -140 -116.197 -785.908 -1 0 0 0 -0.157 0.988 0 0.988 0.157 22961.dat
1 4 -140 -130.289 -756.718 0 0 -1 0.983 -0.182 0 -0.182 -0.983 0 32062.dat
1 72 -140 -149.952 -753.074 -1 0 0 0 -0.182 -0.983 0 -0.983 0.182 59443.dat
1 4 -140 -169.615 -749.43 0 1 0 -0.983 0 0.182 0.182 0 0.983 32062.dat
1 72 -140 -189.278 -745.785 -1 -0.016 0 0.003 -0.182 -0.983 0.015 -0.983 0.182 59443.dat
1 1 -140 -208.941 -742.141 0 -1 0.016 0.983 0.003 0.182 -0.182 0.016 0.983 43093.dat
1 72 -140 -218.773 -740.319 0.924 0 0.382 0.07 -0.983 -0.168 0.375 0.182 -0.909 18654.dat
1 0 -160 -117.195 -785.842 0 0 1 -0.997 0.07 0 -0.07 -0.997 0 45590.dat
1 0 -152 -100.791 -762.185 0 -1 0 0.966 0 -0.259 0.259 0 0.966 3024.dat
0 STEP
1 1 -148 -240 -780 -1 0 0 0 0 -1 0 -1 0 43093.dat
1 0 -178 -240 -780 0 0 -1 0.997 -0.07 0 -0.07 -0.997 0 32013.dat
1 1 -178 -220.051 -781.395 0 0 -1 0.997 -0.07 0 -0.07 -0.997 0 6558.dat
1 71 -179.999 -138.141 -787.173 1 0 0 0 0.998 0.066 0 -0.066 0.998 22961.dat
1 0 -179.999 -148.118 -786.512 0 -0.997 0.073 0.998 0.005 0.066 -0.066 0.073 0.995 2780.dat
1 71 -193.594 -219.185 -785.305 0.857 0.515 0 -0.034 0.057 -0.998 -0.514 0.855 0.066 18677.dat
1 72 -193.655 -189.228 -787.254 -0.002 0.515 0.857 0.998 0.057 -0.032 -0.065 0.855 -0.514 88930.dat
1 71 -193.635 -199.23 -786.603 0.857 0.515 0 -0.034 0.057 -0.998 -0.514 0.855 0.066 18677.dat
1 71 -193.719 -159.319 -789.198 0.857 0.515 0 -0.034 0.057 -0.998 -0.514 0.855 0.066 18677.dat
1 71 -185.105 -179.566 -793.043 -0.857 0.515 0 0.034 0.057 0.998 0.514 0.855 -0.066 3024.dat
1 71 -202.248 -178.934 -782.762 -0.857 0.515 0 0.034 0.057 0.998 0.514 0.855 -0.066 3024.dat
1 72 193.655 -189.228 -787.254 -0.002 -0.515 -0.857 -0.998 0.057 -0.032 0.065 0.855 -0.514 88930.dat
1 1 148 -240 -780 1 0 0 0 0 1 0 -1 0 43093.dat
1 0 178 -240 -780 0 0 1 -0.997 -0.07 0 0.07 -0.997 0 32013.dat
1 1 178 -220.051 -781.395 0 0 -1 0.997 -0.07 0 -0.07 -0.997 0 6558.dat
1 71 179.999 -138.141 -787.173 -1 0 0 0 0.998 -0.066 0 -0.066 -0.998 22961.dat
1 0 179.999 -148.118 -786.512 0 0.997 -0.073 -0.998 0.005 0.066 0.066 0.073 0.995 2780.dat
1 71 193.594 -219.185 -785.305 -0.857 -0.515 0 -0.034 0.057 0.998 -0.514 0.855 -0.066 18677.dat
1 71 193.635 -199.23 -786.603 -0.857 -0.515 0 -0.034 0.057 0.998 -0.514 0.855 -0.066 18677.dat
1 71 193.719 -159.319 -789.198 -0.857 -0.515 0 -0.034 0.057 0.998 -0.514 0.855 -0.066 18677.dat
1 71 185.105 -179.566 -793.043 -0.857 -0.515 0 -0.034 0.057 0.998 -0.514 0.855 -0.066 3024.dat
1 71 202.248 -178.934 -782.762 -0.857 -0.515 0 -0.034 0.057 0.998 -0.514 0.855 -0.066 3024.dat
0 STEP
1 0 80 -102.93 -869.56 0 -0.899 -0.439 -0.293 -0.419 0.859 -0.956 0.129 -0.263 2780.dat
1 0 80 -105.86 -879.12 0 -0.833 0.553 -0.293 0.529 0.796 -0.956 -0.162 -0.244 32013.dat
1 71 57.869 -137.713 -869.357 -0.553 -0.833 0 -0.796 0.529 -0.293 0.244 -0.162 -0.956 4519.dat
1 0 35.737 -169.568 -859.594 0 -0.833 -0.553 0.293 0.529 -0.796 0.956 -0.162 0.244 32013.dat
1 0 35.737 -166.638 -850.034 0 -0.137 -0.991 -0.293 -0.947 0.131 -0.956 0.29 -0.04 2780.dat
1 71 27.322 -152.843 -843.804 -0.147 0.989 0 -0.946 -0.141 0.293 0.29 0.043 0.956 18677.dat
1 0 16.462 -170.627 -838.354 -0.147 0.989 0 -0.946 -0.141 0.293 0.29 0.043 0.956 2431.dat
1 0 -16.462 -170.627 -838.354 -0.147 -0.989 0 0.946 -0.141 0.293 -0.29 0.043 0.956 2431.dat
1 0 -80 -102.93 -869.56 0 0.899 0.439 0.293 -0.419 0.859 0.956 0.129 -0.263 2780.dat
1 0 -80 -105.86 -879.12 0 0.833 -0.553 0.293 0.529 0.796 0.956 -0.162 -0.244 32013.dat
1 71 -57.869 -137.713 -869.357 -0.553 0.833 0 0.796 0.529 -0.293 -0.244 -0.162 -0.956 4519.dat
1 0 -35.737 -169.568 -859.594 0 0.833 0.553 -0.293 0.529 -0.796 -0.956 -0.162 0.244 32013.dat
1 0 -35.737 -166.638 -850.034 0 0.137 0.991 0.293 -0.947 0.131 0.956 0.29 -0.04 2780.dat
1 71 -27.322 -152.843 -843.804 0.147 -0.989 0 -0.946 -0.141 -0.293 0.29 0.043 -0.956 18677.dat
0 STEP
1 72 30 -50 -870 1 0 0 0 1 0 0 0 1 42078 - calender.ldr
0 STEP
1 72 110 -20 -878 1 0 0 0 0 -1 0 1 0 3023.dat
1 72 110 -40 -878 -1 0 0 0 0 1 0 1 0 99780.dat
1 0 110 -30 -886 -1 0 0 0 0 1 0 1 0 3022.dat
1 57 110 -62 -880 -1 0 0 0 1 0 0 0 -1 3023.dat
1 40 110 -40 -894 -1 0 0 0 0 1 0 1 0 3069b.dat
1 40 110 -20 -894 -1 0 0 0 0 1 0 1 0 3069b.dat
1 0 110 -62 -880 1 0 0 0 1 0 0 0 1 85984.dat
1 72 -110 -20 -878 1 0 0 0 0 -1 0 1 0 3023.dat
1 72 -110 -40 -878 -1 0 0 0 0 1 0 1 0 99780.dat
1 0 -110 -30 -886 -1 0 0 0 0 1 0 1 0 3022.dat
1 57 -110 -62 -880 -1 0 0 0 1 0 0 0 -1 3023.dat
1 40 -110 -40 -894 -1 0 0 0 0 1 0 1 0 3069b.dat
1 40 -110 -20 -894 -1 0 0 0 0 1 0 1 0 3069b.dat
1 0 -110 -62 -880 1 0 0 0 1 0 0 0 1 85984.dat
0 STEP
1 0 140 -43.431 -583.431 -1 0 0 0 -0.707 0.707 0 0.707 0.707 32013.dat
1 71 140 -71.716 -611.716 0 0 -1 0.707 0.707 0 0.707 -0.707 0 4519.dat
1 0 140 -71.716 -611.716 0 -1 0 0.707 0 -0.707 0.707 0 0.707 6553.dat
1 0 140 -100 -640 1 0 0 0 -0.707 -0.707 0 0.707 -0.707 32192.dat
1 0 115 -57.574 -597.574 0 -1 0 -0.707 0 -0.707 0.707 0 -0.707 41677.dat
1 4 140 -100 -670 0 -1 0 0 0 -1 1 0 0 32062.dat
1 0 140 -100 -700 1 0 0 0 -1 0 0 0 -1 32013.dat
1 71 130 -43.431 -583.431 -1 0 0 0 0 -1 0 -1 0 4274.dat
1 0 130 -100 -700 1 0 0 0 -1 0 0 0 -1 2780.dat
1 0 105 -78.787 -618.787 0 -1 0 -0.707 0 -0.707 0.707 0 -0.707 32449.dat
1 0 95 -78.787 -618.787 0 -1 0 -0.707 0 -0.707 0.707 0 -0.707 32449.dat
1 0 110 -85.858 -625.858 1 0 0 0 -1 0 0 0 -1 2780.dat
1 0 120 -92.929 -632.929 0 -1 0 -0.707 0 -0.707 0.707 0 -0.707 43857.dat
1 72 110 -100 -640 1 0 0 0 0.707 0.707 0 -0.707 0.707 87083.dat
1 72 70 -100 -640 0 0 -1 -0.707 0.707 0 0.707 0.707 0 59443.dat
1 1 50 -100 -640 1 0 0 0 0.707 -0.707 0 0.707 0.707 43093.dat
1 15 150 -43.431 -583.431 0 -1 0 0 0 -1 1 0 0 87994.dat
1 0 111 -3.431 -581.431 -1 0 0 0 0 -1 0 -1 0 30350b.dat
0 STEP
1 15 100 -34 -430 0 0 1 0 1 0 -1 0 0 11458.dat
1 0 100 -26 -430 0 0 1 0 1 0 -1 0 0 3023.dat
1 0 100 -66 -420 0 0 -1 0 1 0 1 0 0 6005.dat
1 0 100 -50 -420 0 0 -1 0 1 0 1 0 0 6091.dat
1 0 100 -50 -420 0 0 -1 0 1 0 1 0 0 3024.dat
1 1 100 -66 -420 0 0 -1 0 1 0 1 0 0 6141.dat
1 0 100 -18 -440 0 0 -1 0 1 0 1 0 0 3024.dat
1 0 120 -18 -420 1 0 0 0 1 0 0 0 1 3623.dat
1 0 120 -2 -420 1 0 0 0 1 0 0 0 1 3623.dat
1 71 100 -10 -430 0 0 1 0 1 0 -1 0 0 18677.dat
1 0 130 -10 -420 -1 0 0 0 1 0 0 0 -1 3023.dat
0 STEP
1 72 146 -40 -490 0 -1 0 0 0 1 -1 0 0 6081.dat
1 72 146 -30 -490 0 -1 0 0 0 1 -1 0 0 87079.dat
1 72 146 -20 -490 0 -1 0 0 0 -1 1 0 0 6081.dat
1 72 130 -40 -460 0 -1 0 0 0 -1 1 0 0 3005.dat
1 72 130 -40 -520 0 -1 0 0 0 -1 1 0 0 3005.dat
1 72 130 -20 -520 0 -1 0 -1 0 0 0 0 -1 42078 - 3665a.dat
1 72 130 -20 -460 0 -1 0 1 0 0 0 0 1 42078 - 3665a.dat
1 72 114 -60 -490 0 -1 0 0 0 -1 1 0 0 3710.dat
1 72 114 0 -490 0 -1 0 0 0 -1 1 0 0 3710.dat
1 72 106 -40 -470 0 -1 0 -1 0 0 0 0 -1 3021.dat
1 72 106 -40 -510 0 -1 0 -1 0 0 0 0 -1 3021.dat
1 72 106 0 -490 0 -1 0 0 0 -1 1 0 0 3710.dat
1 72 98 -60 -490 0 -1 0 0 0 -1 1 0 0 3710.dat
1 28 98 -30 -490 0 -1 0 0 0 -1 1 0 0 3022.dat
1 72 98 -20 -460 0 -1 0 -1 0 0 0 0 -1 3623.dat
1 72 98 -20 -520 0 -1 0 -1 0 0 0 0 -1 3623.dat
1 72 98 0 -490 0 -1 0 0 0 1 -1 0 0 3023.dat
0 STEP
1 0 -140 -100 -640 1 0 0 0 -0.707 -0.707 0 0.707 -0.707 32192.dat
1 0 -140 -43.431 -583.431 -1 0 0 0 -0.707 0.707 0 0.707 0.707 32013.dat
1 71 -140 -71.716 -611.716 0 0 1 -0.707 0.707 0 -0.707 -0.707 0 4519.dat
1 0 -140 -71.716 -611.716 0 1 0 -0.707 0 -0.707 -0.707 0 0.707 6553.dat
1 0 -115 -57.574 -597.574 0 1 0 0.707 0 -0.707 -0.707 0 -0.707 41677.dat
1 4 -140 -100 -670 0 1 0 0 0 -1 -1 0 0 32062.dat
1 0 -140 -100 -700 1 0 0 0 -1 0 0 0 -1 32013.dat
1 71 -130 -43.431 -583.431 1 0 0 0 0 1 0 -1 0 4274.dat
1 0 -130 -100 -700 1 0 0 0 -1 0 0 0 -1 2780.dat
1 0 -105 -78.787 -618.787 0 1 0 0.707 0 -0.707 -0.707 0 -0.707 32449.dat
1 0 -95 -78.787 -618.787 0 1 0 0.707 0 -0.707 -0.707 0 -0.707 32449.dat
1 0 -110 -85.858 -625.858 1 0 0 0 -1 0 0 0 -1 2780.dat
1 0 -120 -92.929 -632.929 0 1 0 0.707 0 -0.707 -0.707 0 -0.707 43857.dat
1 72 -110 -100 -640 -1 0 0 0 0.707 -0.707 0 -0.707 -0.707 87083.dat
1 72 -70 -100 -640 0 0 1 0.707 0.707 0 -0.707 0.707 0 59443.dat
1 1 -50 -100 -640 -1 0 0 0 0.707 0.707 0 0.707 -0.707 43093.dat
1 15 -150 -43.431 -583.431 0 1 0 0 0 -1 -1 0 0 87994.dat
1 0 -111 -3.431 -581.431 -1 0 0 0 0 -1 0 -1 0 30350b.dat
0 STEP
1 72 -100 0 -560 0 0 1 0 1 0 -1 0 0 32039.dat
1 1 -90 0 -560 -1 0 0 0 1 0 0 0 -1 43093.dat
1 71 -120 0 -540 0 0 -1 0 1 0 1 0 0 4519.dat
1 71 -120 -20 -540 1 0 0 0 1 0 0 0 1 98585.dat
1 0 -120 -20 -520 1 0 0 0 1 0 0 0 1 98585.dat
1 71 -120 -40 -480 0 0 1 0 1 0 -1 0 0 44294.dat
1 71 -120 -20 -500 1 0 0 0 1 0 0 0 1 98585.dat
1 71 -120 -20 -480 1 0 0 0 1 0 0 0 1 98585.dat
1 0 -120 -20 -460 1 0 0 0 1 0 0 0 1 98585.dat
1 71 -120 -20 -440 1 0 0 0 1 0 0 0 1 98585.dat
1 72 -100 -40 -420 0 0 1 0 1 0 -1 0 0 32039.dat
1 71 -80 -40 -420 -1 0 0 0 1 0 0 0 -1 4519.dat
1 72 -80 -40 -420 0 -1 0 -1 0 0 0 0 -1 74695.dat
1 0 -70 -40 -440 1 0 0 0 0 -1 0 1 0 2780.dat
0 STEP
1 0 -120 -140 -640 0 0 1 1 0 0 0 1 0 98585.dat
1 4 -110 -140 -660 1 0 0 0 0 -1 0 1 0 32062.dat
1 4 -110 -140 -640 1 0 0 0 0 -1 0 1 0 32062.dat
1 0 -100 -140 -660 1 0 0 0 -1 0 0 0 -1 6553.dat
1 71 -105 -120 -640 0 -1 0 0 0 -1 1 0 0 41677.dat
1 71 -95 -120 -640 0 -1 0 0 0 -1 1 0 0 41677.dat
1 71 -100 -120 -640 1 0 0 0 1 0 0 0 1 4519.dat
1 71 -80 -120 -640 1 0 0 0 0 1 0 -1 0 63869.dat
1 0 -100 -110 -660 0 1 0 1 0 0 0 0 -1 2780.dat
1 0 -80 -110 -660 0 1 0 1 0 0 0 0 -1 2780.dat
0 STEP
1 72 -100 -200 -660 1 0 0 0 0 1 0 -1 0 32034.dat
1 0 -110 -200 -660 1 0 0 0 0 1 0 -1 0 2780.dat
1 72 -120 -200 -660 1 0 0 0 0 1 0 -1 0 32034.dat
1 71 -100 -240 -660 0 0 1 1 0 0 0 1 0 4519.dat
1 71 -120 -240 -660 0 0 1 1 0 0 0 1 0 4519.dat
1 71 -120 -235 -660 0 0 1 0 1 0 -1 0 0 41677.dat
1 71 -120 -245 -660 0 0 1 0 1 0 -1 0 0 41677.dat
1 71 -100 -280 -660 0 -1 0 -1 0 0 0 0 -1 25214.dat
1 71 -120 -280 -660 0 -1 0 -1 0 0 0 0 -1 25214.dat
1 1 -100 -280 -690 0 -1 0 0 0 -1 1 0 0 43093.dat
1 1 -120 -280 -690 0 -1 0 0 0 -1 1 0 0 43093.dat
1 0 -110 -280 -700 0 0 -1 1 0 0 0 -1 0 43857.dat
0 STEP
1 71 -20 -260 -660 1 0 0 0 0 1 0 -1 0 6536.dat
1 4 -30 -260 -660 1 0 0 0 0 -1 0 1 0 32062.dat
1 72 -60 -140 -660 1 0 0 0 0 1 0 -1 0 32039.dat
1 71 -40 -160 -660 1 0 0 0 0 1 0 -1 0 4519.dat
1 72 -20 -160 -660 0 0 -1 1 0 0 0 -1 0 32039.dat
1 4 0 -150 -660 0 0 -1 1 0 0 0 -1 0 32062.dat
1 4 -60 -120 -660 0 0 -1 -1 0 0 0 1 0 11214.dat
1 71 0 -120 -660 0 0 -1 1 0 0 0 -1 0 32054.dat
1 71 -40 -160 -660 -1 0 0 0 0 1 0 1 0 63869.dat
1 0 -20 -180 -640 0 0 -1 -1 0 0 0 1 0 18651.dat
1 0 -60 -180 -640 0 0 -1 -1 0 0 0 1 0 18651.dat
1 71 -60 -194 -640 0 0 -1 0 1 0 1 0 0 42078 - 6143.dat
1 71 -60 -218 -640 0 0 -1 0 1 0 1 0 0 42078 - 6143.dat
1 71 -60 -242 -640 0 0 -1 0 1 0 1 0 0 42078 - 6143.dat
1 71 -60 -250 -640 0 0 -1 0 1 0 1 0 0 15535.dat
1 0 -60 -240 -640 0 0 -1 1 0 0 0 -1 0 18651.dat
1 71 -20 -195 -640 0 0 -1 0 1 0 1 0 0 42078 - 6143.dat
1 71 -20 -219 -640 0 0 -1 0 1 0 1 0 0 42078 - 6143.dat
1 71 -20 -243 -640 0 0 -1 0 1 0 1 0 0 42078 - 6143.dat
1 71 -20 -251 -640 0 0 -1 0 1 0 1 0 0 15535.dat
1 0 -20 -241 -640 0 0 -1 1 0 0 0 -1 0 18651.dat
1 71 -40 -261 -660 -1 0 0 0 0 1 0 1 0 63869.dat
1 1 -40 -281 -640 0 0 -1 -1 0 0 0 1 0 6558.dat
1 72 -40 -281 -640 -1 0 0 0 -1 0 0 0 1 18654.dat
1 71 -50 -301 -630 0 1 0 0 0 -1 -1 0 0 18677.dat
1 71 -42 -301 -620 0 1 0 0 0 -1 -1 0 0 3024.dat
1 179 -58 -301 -630 0 1 0 0 0 -1 -1 0 0 2412b.dat
0 STEP
1 71 100 -130 -660 0 0 -1 -1 0 0 0 1 0 32291.dat
1 71 100 -120 -660 0 0 -1 -1 0 0 0 1 0 4519.dat
1 71 100 -115 -660 0 0 -1 0 -1 0 -1 0 0 41677.dat
1 71 100 -115 -660 0 0 -1 0 1 0 1 0 0 41677.dat
1 0 80 -120 -660 0 0 -1 -1 0 0 0 1 0 18651.dat
1 71 80 -125 -660 -1 0 0 0 -1 0 0 0 1 41677.dat
1 72 80 -158 -640 0 -1 0 1 0 0 0 0 1 87083.dat
1 0 110 -120 -640 1 0 0 0 1 0 0 0 1 2780.dat
1 0 110 -140 -640 1 0 0 0 1 0 0 0 1 2780.dat
1 72 60 -140 -641 0 0 -1 -1 0 0 0 1 0 32039.dat
1 71 80 -222 -640 -1 0 0 0 1 0 0 0 -1 42078 - 6143.dat
1 71 80 -198 -640 -1 0 0 0 1 0 0 0 -1 42078 - 6143.dat
1 71 80 -174 -640 -1 0 0 0 1 0 0 0 -1 42078 - 6143.dat
1 0 120 -130 -630 0 0 1 -1 0 0 0 -1 0 32000.dat
1 0 120 -150 -622 0 0 1 -1 0 0 0 -1 0 3710.dat
1 0 120 -150 -654 0 0 1 -1 0 0 0 -1 0 3710.dat
1 0 120 -170 -630 0 0 1 -1 0 0 0 -1 0 32000.dat
1 0 120 -130 -614 0 0 1 -1 0 0 0 -1 0 2412b.dat
1 0 120 -170 -614 0 0 1 -1 0 0 0 -1 0 2412b.dat
1 71 80 -234 -640 0 1 0 1 0 0 0 0 -1 22961.dat
1 1 70 -234 -640 -1 0 0 0 0.966 -0.259 0 -0.259 -0.966 43093.dat
1 71 40 -234 -640 -1 0 0 0 0.259 0.966 0 0.966 -0.259 25214.dat
1 71 40 -195.363 -650.353 0 0 -1 -0.966 0.259 0 0.259 0.966 0 4519.dat
1 71 40 -200.193 -649.059 -1 0 0 0 -0.259 -0.966 0 -0.966 0.259 32123b.dat
1 71 40 -190.533 -651.647 -1 0 0 0 -0.259 -0.966 0 -0.966 0.259 32123b.dat
1 71 40 -156.726 -660.706 1 0 0 0 0.259 -0.966 0 0.966 0.259 25214.dat
1 71 40 -140 -641 1 0 0 0 0 -1 0 1 0 4519.dat
1 71 35 -140 -641 0 0 -1 0 -1 0 -1 0 0 32123b.dat
1 71 45 -140 -641 0 0 -1 0 -1 0 -1 0 0 32123b.dat
1 71 0 -140 -641 -1 0 0 0 0 1 0 1 0 25214.dat
1 4 0 -110 -641 0 0 1 -1 0 0 0 -1 0 32062.dat
1 71 0 -80 -641 1 0 0 0 0 -1 0 1 0 25214.dat
0 STEP
1 4 160 -148 -364 1 0 0 0 1 0 0 0 1 42078 - lift1.ldr
1 70 120 0 -240 1 0 0 0 1 0 0 0 1 15462.dat
1 72 0 -40 -260 0 0 -1 -1 0 0 0 1 0 59443.dat
0 STEP
1 4 -160 -148 -364 1 0 0 0 1 0 0 0 1 42078 - lift2.ldr
1 70 -120 0 -240 -1 0 0 0 1 0 0 0 -1 15462.dat
0 STEP
1 0 -140 -296 -748 -1 0 0 0 1 0 0 0 -1 42078 - lift3.ldr
0 STEP
1 0 -180 -300 -656 0 0 -1 0.6 -0.8 0 -0.8 -0.6 0 6536.dat
1 4 -180 -306 -648 0 0 -1 0.6 -0.8 0 -0.8 -0.6 0 32062.dat
1 0 -180 -296 -628 0 0 -1 0.6 -0.8 0 -0.8 -0.6 0 32184.dat
1 4 -180 -274 -624 0 0 -1 0.6 -0.8 0 -0.8 -0.6 0 32062.dat
1 72 -180 -252 -620 0 0 -1 -0.6 0.8 0 0.8 0.6 0 42003.dat
0 STEP
1 0 140 -296 -748 -1 0 0 0 1 0 0 0 -1 42078 - lift4.ldr
1 0 180 -300 -656 0 0 -1 0.6 -0.8 0 -0.8 -0.6 0 6536.dat
1 4 180 -306 -648 0 0 -1 0.6 -0.8 0 -0.8 -0.6 0 32062.dat
1 0 180 -296 -628 0 0 -1 0.6 -0.8 0 -0.8 -0.6 0 32184.dat
1 4 180 -274 -624 0 0 -1 0.6 -0.8 0 -0.8 -0.6 0 32062.dat
1 72 180 -252 -620 0 0 -1 -0.6 0.8 0 0.8 0.6 0 42003.dat
0 STEP
1 0 -120 -18.468 -1084.459 1 0 0 0 0.998 0.063 0 -0.063 0.998 42078 - frontfork.ldr
0 STEP
1 0 -160 -258.805 -886.13 -1 0 0 0 -0.302 -0.953 0 -0.953 0.302 32054.dat
1 72 -120 -258.805 -886.13 1 0 0 0 0.953 0.302 0 -0.302 0.953 27940.dat
1 0 -80 -258.805 -886.13 0 0 1 -0.953 -0.302 0 0.302 -0.953 0 32013.dat
1 0 -80 -268.337 -883.108 0 0 1 -0.953 -0.302 0 0.302 -0.953 0 2780.dat
1 0 160 -258.805 -886.13 1 0 0 0 0.302 -0.953 0 0.953 0.302 32054.dat
1 72 120 -258.805 -886.13 -1 0 0 0 0.953 -0.302 0 -0.302 -0.953 27940.dat
1 0 80 -258.805 -886.13 0 0 -1 -0.953 0.302 0 0.302 0.953 0 32013.dat
1 0 80 -268.337 -883.108 0 0 -1 -0.953 0.302 0 0.302 0.953 0 2780.dat
0 STEP
1 2 -160 -201.609 -884.26 0 -1 0 0.302 0 -0.953 0.953 0 0.302 41239.dat
1 2 160 -201.609 -884.26 0 -1 0 0.302 0 -0.953 0.953 0 0.302 41239.dat
1 2 0 -277.87 -880.087 0 0 1 0.302 -0.953 0 0.953 0.302 0 41239.dat
1 0 -150 -182.544 -910.304 -1 0 0 0 1 0 0 0 -1 2780.dat
