0 FILE 42079 B.ldr
0 42079 B
0 Author: marco9999
0 !COLOUR Bright_Reddish_Lilac CODE 69 VALUE #8A12A8 EDGE #333333 ALPHA 255
0 !COLOUR Light_Bluish_Grey CODE 71 VALUE #969696 EDGE #333333 ALPHA 255
0 !COLOUR Dark_Bluish_Grey CODE 72 VALUE #646464 EDGE #333333 ALPHA 255
0 !COLOUR Speckle_Dark_Bluish_Grey_Silver CODE 76 VALUE #898788 EDGE #898788 ALPHA 255
0 !COLOUR Medium_Lilac CODE 85 VALUE #441A91 EDGE #333333 ALPHA 255
0 !COLOUR Metallic_Dark_Grey CODE 87 VALUE #6D6E5C EDGE #333333 ALPHA 255
0 !COLOUR Dark_Nougat CODE 128 VALUE #AD6140 EDGE #333333 ALPHA 255
0 !COLOUR Pearl_Light_Grey CODE 135 VALUE #A0A0A0 EDGE #333333 ALPHA 255
0 !COLOUR Pearl_Dark_Grey CODE 148 VALUE #484D48 EDGE #333333 ALPHA 255
0 !COLOUR Very_Light_Bluish_Grey CODE 151 VALUE #C8C8C8 EDGE #333333 ALPHA 255
0 !COLOUR Metallic_Bright_Red CODE 184 VALUE #D60026 EDGE #333333 ALPHA 255
0 !COLOUR Metallic_Dark_Green CODE 186 VALUE #008E3C EDGE #333333 ALPHA 255
0 !COLOUR Reddish_Gold CODE 189 VALUE #AC8247 EDGE #333333 ALPHA 255
0 !COLOUR Reddish_Lilac CODE 218 VALUE #8E5597 EDGE #333333 ALPHA 255
0 !COLOUR Lilac CODE 219 VALUE #564E9D EDGE #333333 ALPHA 255
0 !COLOUR Trans_Bright_Light_Orange CODE 231 VALUE #FCB76D EDGE #FA860A ALPHA 128
0 !COLOUR Trans_Fire_Yellow CODE 234 VALUE #FBE890 EDGE #F7D22B ALPHA 128
0 !COLOUR Trans_Reddish_Lilac CODE 284 VALUE #C281A5 EDGE #944771 ALPHA 128
0 !COLOUR Trans_Light_Green CODE 285 VALUE #7DC291 EDGE #46955D ALPHA 128
0 !COLOUR Trans_Light_Blue_Violet CODE 293 VALUE #6BABE4 EDGE #247BC6 ALPHA 128
0 !COLOUR Flamingo_Pink CODE 295 VALUE #FF94C2 EDGE #333333 ALPHA 255
0 !COLOUR Metallic_Copper CODE 300 VALUE #C27F53 EDGE #333333 ALPHA 255
0 !COLOUR Glitter_Trans_Light_Blue CODE 302 VALUE #923978 EDGE #59D1DE ALPHA 128
0 !COLOUR Glow_In_Dark_White CODE 329 VALUE #F5F3D7 EDGE #E0DA85 ALPHA 240
0 !COLOUR Glitter_Trans_Neon_Green CODE 339 VALUE #923978 EDGE #739900 ALPHA 128
0 !COLOUR Rubber_Orange CODE 350 VALUE #D67923 EDGE #333333 ALPHA 255
0 !COLOUR Coral CODE 353 VALUE #FF6D77 EDGE #333333 ALPHA 255
0 !COLOUR Rubber_Light_Grey CODE 375 VALUE #8A928D EDGE #333333 ALPHA 255
0 !COLOUR Rubber_Light_Bluish_Grey CODE 496 VALUE #969696 EDGE #333333 ALPHA 255
0 !COLOUR Very_Light_Grey CODE 503 VALUE #BCB4A5 EDGE #333333 ALPHA 255
0 !COLOUR Light_Orange_Brown CODE 507 VALUE #FA9C1C EDGE #333333 ALPHA 255
0 !COLOUR Fabuland_Red CODE 508 VALUE #FF8014 EDGE #333333 ALPHA 255
0 !COLOUR Fabuland_Orange CODE 509 VALUE #CF8A47 EDGE #333333 ALPHA 255
0 !COLOUR Fabuland_Pastel_Green CODE 510 VALUE #78FC78 EDGE #333333 ALPHA 255
0 ROTATION CENTER 0 0 0 1 "Custom" 
0 ROTATION CONFIG 0 0
1 4 74.001 -248.703 -571.13 -1 0 0 0 -0.194378 0.980927 0 0.980927 0.194379 11214.dat
1 72 34.0009 -248.703 -571.13 0 0 -1 0.194378 -0.980927 0 -0.980927 -0.194378 0 32034.dat
1 4 -5.99909 -248.703 -571.13 1 0 0 0 -0.194378 -0.980927 0 0.980927 -0.194378 11214.dat
1 0 34.0009 -250.646 -561.321 0 -1 0 0.194379 0 0.980927 -0.980927 0 0.194379 2780.dat
1 0 34.0009 -250.646 -561.321 0 0 -1 0.980927 0.194378 0 0.194378 -0.980927 0 87408.dat
1 19 64.0009 -256.478 -531.893 -1 0 0 0 0.980927 0.194378 0 0.194378 -0.980927 32002.dat
1 19 4.00092 -256.478 -531.893 1 0 0 0 -0.980927 0.194379 0 -0.194379 -0.980927 32002.dat
1 71 74.0009 -229.104 -567.143 1 0 0 0 0.194378 0.980927 0 -0.980927 0.194378 4519.dat
1 72 34.0009 -229.104 -567.143 0 0 -1 0.194379 -0.980927 0 -0.980927 -0.194379 0 32034.dat
1 71 -5.99909 -229.104 -567.143 1 0 0 0 0.194378 0.980927 0 -0.980927 0.194378 4519.dat
1 72 74.0009 -229.124 -567.043 0 -1 0 0.194379 0 0.980927 -0.980927 0 0.194379 60483.dat
1 72 -5.99907 -229.124 -567.043 0 -1 0 0.194379 0 0.980927 -0.980927 0 0.194379 60483.dat
1 0 94.0009 -189.907 -559.168 0 -1 0 -0.199365 0 -0.979925 0.979925 0 -0.199365 32140.dat
1 1 84.0009 -189.907 -559.168 1 0 0 0 0.199365 0.979925 0 -0.979925 0.199365 43093.dat
1 0 -25.9991 -189.907 -559.168 0 -1 0 -0.199365 0 -0.979925 0.979925 0 -0.199365 32140.dat
1 1 -15.9991 -189.907 -559.168 -1 0 0 0 -0.199365 0.979925 0 0.979925 0.199365 43093.dat
1 0 84.001 -209.506 -563.155 1 0 0 0 0.194378 0.980927 0 -0.980927 0.194378 2780.dat
1 0 -15.9991 -252.59 -551.511 1 0 0 0 0.194378 0.980927 0 -0.980927 0.194378 2780.dat
1 0 -15.9991 -209.506 -563.155 1 0 0 0 0.194378 0.980927 0 -0.980927 0.194378 2780.dat
1 0 84.0009 -260.365 -512.274 1 0 0 0 0.194378 0.980927 0 -0.980927 0.194378 2780.dat
1 0 74.0009 -260.365 -512.274 0 -1 0 0.980927 0 -0.194378 0.194378 0 0.980927 32524.dat
1 0 -5.99909 -260.365 -512.274 0 -1 0 0.980927 0 -0.194378 0.194378 0 0.980927 32524.dat
1 0 -15.9991 -260.365 -512.274 1 0 0 0 0.194378 0.980927 0 -0.980927 0.194378 2780.dat
1 0 84.0009 -264.253 -492.656 1 0 0 0 0.194378 0.980927 0 -0.980927 0.194378 2780.dat
1 0 -15.9991 -264.253 -492.656 1 0 0 0 0.194378 0.980927 0 -0.980927 0.194378 2780.dat
1 272 94.0009 -272.026 -453.428 0 -1 0 -0.980927 0 0.194379 -0.194379 0 -0.980927 87080.dat
1 14 79.0006 -190.11 -519.181 0 0.999987 0.00508261 0.999987 -1.92531e-005 0.0050827 0.00508273 0.00508258 -0.999974 99773.dat
1 1 84.0007 -150.111 -518.977 -1 0 0 0 -0.00508254 0.999987 0 0.999987 0.00508257 43093.dat
1 14 69.0006 -190.11 -519.181 0 0.999987 0.00508261 0.999987 -1.95903e-005 0.0050827 0.00508273 0.00508258 -0.999974 99773.dat
1 1 -35.9993 -230.11 -519.385 1 2.78271e-005 0 0 0.00508266 0.999987 2.78274e-005 -0.999987 0.00508266 43093.dat
1 71 -20.9993 -210.11 -519.283 0 1 0 0.00508257 0 -0.999987 -0.999987 0 -0.00508253 41677.dat
1 71 -30.9993 -210.11 -519.283 0 1 0 0.00508257 0 -0.999987 -0.999987 0 -0.00508253 41677.dat
1 71 34.0006 -210.11 -519.282 1 0 0 0 0.999987 -0.0050508 0 0.0050508 0.999987 44294.dat
1 1 104.001 -230.11 -519.383 -1 -2.77315e-005 -2.77488e-005 -2.76075e-005 -0.00508237 0.999987 -2.78721e-005 0.999987 0.00508241 43093.dat
1 71 99.0006 -210.11 -519.282 0 1 0 0.00508268 0 -0.999987 -0.999987 0 -0.00508253 41677.dat
1 71 89.0006 -210.11 -519.282 0 1 0 0.00508268 0 -0.999987 -0.999987 0 -0.00508253 41677.dat
1 71 54.0006 -210.11 -519.282 -1 0 0 0 -0.999987 -0.00508291 0 -0.00508291 0.999987 6536.dat
1 71 14.0007 -210.11 -519.283 -1 0 0 0 -0.999987 -0.00508274 0 -0.00508274 0.999987 6536.dat
1 71 34.0007 -190.11 -519.181 1 0 0 0 0.999987 -0.00508608 0 0.00508608 0.999987 32184.dat
1 71 36.0007 -170.111 -519.079 1 0 0 0 0.999987 -0.0050508 0 0.0050508 0.999987 44294.dat
1 0 54.0007 -170.111 -519.079 0 1 0 -0.0050823 0 0.999987 0.999987 0 0.00508238 32140.dat
1 0 14.0008 -170.111 -519.079 0 1 0 -0.0050823 0 0.999987 0.999987 0 0.00508238 32140.dat
1 14 -10.9993 -190.11 -519.181 0 0.999987 0.00508237 0.999987 -1.90845e-005 0.00508246 0.00508249 0.00508234 -0.999974 99773.dat
1 1 -15.9994 -150.111 -518.978 1 0 0 0 0.00508266 0.999987 0 -0.999987 0.00508266 43093.dat
1 14 -0.999422 -190.11 -519.181 0 0.999987 0.00508237 0.999987 -1.94217e-005 0.00508246 0.00508249 0.00508234 -0.999974 99773.dat
1 71 74.0006 -150.111 -578.978 1 0 0 0 0 1 0 -1 0 6536.dat
1 4 34.0006 -150.111 -578.978 1 0 0 0 1 0 0 0 1 3707.dat
1 71 -5.99939 -150.111 -578.978 1 0 0 0 0 1 0 -1 0 6536.dat
1 71 54.0007 -150.111 -578.978 0 0 -1 -1 0 0 0 1 0 6590.dat
1 71 34.0006 -150.111 -578.978 0 0 -1 -1 0 0 0 1 0 6590.dat
1 71 14.0006 -150.111 -578.978 0 0 -1 -1 0 0 0 1 0 6590.dat
1 0 94.0007 -150.111 -578.977 0 1 0 -1 0 0 0 0 1 32140.dat
1 0 -25.9994 -150.111 -578.978 0 1 0 -1 0 0 0 0 1 32140.dat
1 0 54.0005 -230.364 -469.386 0 0 -1 -0.00508526 0.999987 0 0.999987 0.00508526 0 2780.dat
1 272 -25.9991 -272.026 -453.428 0 1 0 0.980927 0 0.194379 0.194379 0 -0.980926 87086.dat
1 4 33.9918 -150.009 -538.977 0.984487 -0.175459 -0.00011204 0.175456 0.984474 -0.00508481 0.00100248 0.00498627 0.999987 18946.dat
1 19 33.9918 -150.009 -538.977 0.000111727 -0.000124691 1 0.00508485 0.999987 0.000124122 -0.999987 0.00508484 0.00011236 32556.dat
1 0 54.0006 -230.161 -509.385 0 0 -1 -0.00508425 0.999987 0 0.999987 0.00508425 0 2780.dat
1 71 -55.9993 -210.11 -569.385 0 0 -1 0 -1 0 -1 0 0 4274.dat
1 47 -55.9993 -210.11 -577.385 -1 0 0 0 0 1 0 1 0 98138.dat
1 71 -75.9993 -210.11 -569.385 0 0 -1 0 -1 0 -1 0 0 4274.dat
1 57 -75.9993 -210.11 -577.385 -1 0 0 0 0 1 0 1 0 98138.dat
1 71 34.0014 -150.111 -518.977 1 2.39277e-005 0 0 0.00508445 0.999987 2.39267e-005 -0.999987 0.00508445 87082.dat
1 0 14.0005 -230.364 -469.386 0 0 -1 -0.00508499 0.999987 0 0.999987 0.00508499 0 2780.dat
1 14 -65.9993 -230.11 -519.386 0 -1 0 1 0 0 0 0 1 32523.dat
1 4 -55.9993 -230.11 -559.385 1 0 0 0 1 0 0 0 1 32062.dat
1 72 -65.9993 -230.11 -559.385 1 0 0 0 1 0 0 0 1 32291.dat
1 14 -40.9993 -230.11 -529.385 0 1 0 -1 0 0 0 0 1 32449.dat
1 14 -50.9993 -230.11 -529.386 0 1 0 -1 0 0 0 0 1 32449.dat
1 4 -65.9993 -230.11 -499.386 1 0 0 0 -1 0 0 0 -1 11214.dat
1 4 -65.9993 -230.11 -539.386 -1 0 0 0 -1 0 0 0 1 11214.dat
1 14 -85.9993 -230.11 -539.386 0 -1 0 1 0 0 0 0 1 32271.dat
1 0 14.0006 -230.161 -509.386 0 0 -1 -0.00508329 0.999987 0 0.999987 0.00508329 0 2780.dat
1 71 144.001 -210.11 -569.383 0 0 -1 0 -1 0 -1 0 0 4274.dat
1 57 144.001 -210.11 -577.383 -1 0 0 0 0 1 0 1 0 98138.dat
1 71 124.001 -210.11 -569.383 0 0 -1 0 -1 0 -1 0 0 4274.dat
1 47 124.001 -210.11 -577.383 -1 0 0 0 0 1 0 1 0 98138.dat
1 71 34.0004 -180.263 -489.13 1 0 1.06492e-005 0 0.999987 -0.00508607 -1.06508e-005 0.00508607 0.999987 2852.dat
1 14 134.001 -230.11 -519.383 0 -1 0 1 0 0 0 0 1 32523.dat
1 4 124.001 -230.11 -559.383 1 0 0 0 1 0 0 0 1 32062.dat
1 72 134.001 -230.11 -559.383 1 0 0 0 1 0 0 0 1 32291.dat
1 14 119.001 -230.11 -529.383 0 1 0 -1 0 0 0 0 1 32449.dat
1 14 109.001 -230.11 -529.383 0 1 0 -1 0 0 0 0 1 32449.dat
1 4 134.001 -230.11 -499.383 -1 0 0 0 -1 0 0 0 1 11214.dat
1 4 134.001 -230.11 -539.383 1 0 0 0 -1 0 0 0 -1 11214.dat
1 14 154.001 -230.11 -539.383 0 -1 0 1 0 0 0 0 1 32271.dat
1 71 34.0006 -255.762 -489.527 -1 0 0 0 0.999987 0.00508458 0 0.00508458 -0.999987 2850a.dat
1 14 34.0007 -220.234 -489.334 0 0 1 0.00508458 0.999987 0 -0.999987 0.00508458 0 2851.dat
1 0 84.0007 -190.11 -519.18 1 0 0 0 0.527257 0.849706 0 -0.849706 0.527257 2780.dat
1 71 33.9996 -190.009 -539.181 1.14297e-005 0.999987 0.00508484 0.999987 -3.72917e-005 0.00508484 0.00508496 0.00508471 -0.999974 94925.dat
1 71 33.9998 -190.059 -529.181 1.03081e-005 1.82235e-005 -1 -0.0050849 0.999987 1.8171e-005 0.999987 0.0050849 1.04006e-005 4519.dat
1 14 34.0002 -190.263 -489.181 -1.82839e-005 1 1.09536e-005 -0.999987 -1.8228e-005 -0.0050849 -0.0050849 -1.10463e-005 0.999987 2853.dat
1 19 34.0004 -190.365 -469.181 -1.82833e-005 1 1.07149e-005 -0.999987 -1.82286e-005 -0.0050849 -0.0050849 -1.08077e-005 0.999987 2854.dat
1 4 34.0004 -200.466 -449.233 1.03081e-005 1.82235e-005 -1 -0.0050849 0.999987 1.8171e-005 0.999987 0.0050849 1.04006e-005 32062.dat
1 14 34.0007 -200.619 -419.234 -1.82839e-005 1 1.09536e-005 -0.999987 -1.8228e-005 -0.0050849 -0.0050849 -1.10463e-005 0.999987 2853.dat
1 71 33.9969 -149.907 -558.977 1 -1.38572e-005 5.38827e-005 5.38116e-005 -0.00508442 -0.999987 1.4131e-005 0.999987 -0.00508442 32316.dat
1 0 -15.9993 -190.11 -519.181 1 0 0 0 0.851621 -0.524158 0 0.524158 0.851621 2780.dat
1 72 34.0006 -170.112 -598.978 0 0 -1 0 1 0 1 0 0 40490.dat
1 1 114.001 -160.112 -598.978 0 0 1 -1 0 0 0 -1 0 43093.dat
1 0 154.001 -150.112 -598.978 0 0 -1 0 -1 0 -1 0 0 32140.dat
1 1 -45.9993 -160.112 -598.978 0 0 1 -1 0 0 0 -1 0 43093.dat
1 0 -85.9993 -150.112 -598.978 0 0 1 0 1 0 -1 0 0 32140.dat
1 1 94.0006 -150.112 -598.978 0 1 0 -1 0 0 0 0 1 6558.dat
1 1 74.0006 -150.112 -598.978 0 1 0 -1 0 0 0 0 1 6558.dat
1 1 -5.9994 -150.112 -598.978 0 1 0 -1 0 0 0 0 1 6558.dat
1 1 -25.9994 -150.112 -598.978 0 1 0 -1 0 0 0 0 1 6558.dat
1 0 34.0006 -130.112 -598.978 0 0 -1 0 1 0 1 0 0 32524.dat
1 14 34.0005 -240.437 -449.436 0 0 1 0.00508553 0.999987 0 -0.999987 0.00508553 0 2851.dat
1 71 34.0005 -255.965 -449.527 -1 0 0 0 0.999987 0.00508553 0 0.00508553 -0.999987 2850a.dat
1 0 144.001 -230.11 -439.383 1 0 0 0 1 0 0 0 1 2780.dat
1 71 34.0004 -200.466 -449.233 1 0 1.05989e-005 0 0.999987 -0.00508607 -1.06005e-005 0.00508607 0.999987 2852.dat
1 71 33.9955 -110.01 -538.774 1.58835e-005 -1.93582e-005 -1 -0.00508341 0.999987 -1.94385e-005 0.999987 0.00508341 1.57849e-005 4519.dat
1 71 33.9954 -110.01 -538.774 -2.61651e-005 1 -1.6233e-005 1 2.62656e-005 -1.63571e-005 -1.63566e-005 -1.62334e-005 -1 94925.dat
1 0 33.9959 -110.162 -508.774 -1 -1.94406e-005 0 -1.94402e-005 0.999987 0.00508341 0 0.00508341 -0.999987 59443.dat
1 14 33.9974 -110.62 -418.775 1.58835e-005 -1.93582e-005 -1 -0.00508341 0.999987 -1.94385e-005 0.999987 0.00508341 1.57849e-005 60485.dat
1 71 33.999 -111.128 -318.777 1 -1.93678e-005 1.62823e-005 1.94504e-005 0.999987 -0.00508602 -1.61835e-005 0.00508602 0.999987 26287.dat
1 4 34.0005 -111.585 -228.778 1.58835e-005 -1.93582e-005 -1 -0.00508341 0.999987 -1.94385e-005 0.999987 0.00508341 1.57849e-005 3707.dat
1 0 34.0018 -111.992 -148.779 -1 -1.94134e-005 0 -1.9413e-005 0.999987 0.00508345 0 0.00508345 -0.999987 59443.dat
1 71 34.0023 -112.145 -118.779 1.60028e-005 -1.93304e-005 -1 -0.00508345 0.999987 -1.94113e-005 0.999987 0.00508345 1.59043e-005 4519.dat
1 19 34.0026 -112.246 -98.7795 1 1.93319e-005 -1.6395e-005 1.9415e-005 -0.999987 0.00508607 -1.62964e-005 -0.00508607 -0.999987 32269.dat
1 0 -75.9993 -230.11 -439.386 1 0 0 0 1 0 0 0 1 2780.dat
1 0 54.0004 -230.567 -429.386 0 0 -1 -0.00508545 0.999987 0 0.999987 0.00508545 0 2780.dat
1 0 14.0004 -230.567 -429.386 0 0 -1 -0.00508549 0.999987 0 0.999987 0.00508549 0 2780.dat
1 1 134.001 -230.618 -419.385 1 0 0 0 1 0 0 0 1 6558.dat
1 71 14.0004 -210.618 -419.284 -1 0 0 0 -0.999987 -0.00508555 0 -0.00508555 0.999987 6536.dat
1 14 34.0005 -210.619 -419.284 1 0 0 0 0.999987 -0.00508608 0 0.00508608 0.999987 32073.dat
1 71 54.0005 -210.619 -419.284 -1 0 0 0 -0.999987 -0.00508555 0 -0.00508555 0.999987 6536.dat
1 4 104.001 -210.619 -419.284 1 0 0 0 0.999987 -0.00508608 0 0.00508608 0.999987 32062.dat
1 0 84.0005 -210.619 -419.284 0 0 1 0.00508561 0.999987 0 -0.999987 0.00508561 0 59443.dat
1 0 -15.9996 -210.618 -419.284 0 0 1 0.00508561 0.999987 0 -0.999987 0.00508561 0 59443.dat
1 4 -35.9996 -210.618 -419.284 1 0 0 0 0.999987 -0.00508608 0 0.00508608 0.999987 32062.dat
1 71 34.0004 -210.618 -419.284 1 0 0 0 0.999987 -0.00512112 0 0.00512112 0.999987 6536.dat
1 0 74.0005 -110.111 -518.774 -1 0 0 0 0.999987 0.00508276 0 0.00508276 -0.999987 32054.dat
1 0 -5.99942 -110.111 -518.774 1 0 0 0 0.999986 -0.00524759 0 0.00524759 0.999986 32054.dat
1 1 194.001 -270.11 -399.383 0 1 0 -1 0 0 0 0 1 6558.dat
1 1 -65.9993 -230.11 -419.386 1 0 0 0 1 0 0 0 1 6558.dat
1 0 194.001 -250.11 -399.383 0 0 1 -1 0 0 0 -1 0 32013.dat
1 0 134.001 -250.11 -399.383 0 1 0 -1 0 0 0 0 1 6553.dat
1 14 134.001 -230.11 -419.383 0 0 1 -1 0 0 0 -1 0 42003.dat
1 4 134.001 -240.11 -399.383 0 1 0 -1 0 0 0 0 1 32062.dat
1 0 198.357 -290.11 -386.296 -0.882462 0.470384 0 0 0 -1 -0.470384 -0.882462 0 18677.dat
1 0 194.594 -280.11 -379.236 0.882462 0.470384 0 0 0 1 0.470384 -0.882462 0 3068b.dat
1 0 198.357 -270.11 -386.296 -0.882462 0.470384 0 0 0 -1 -0.470384 -0.882462 0 18677.dat
1 0 -129.223 -290.11 -385.975 0.839113 -0.543958 0 0 0 1 -0.543958 -0.839113 0 18677.dat
1 0 -124.871 -280.11 -379.262 0.839113 -0.543958 0 0 0 1 -0.543958 -0.839113 0 3068b.dat
1 0 -129.223 -270.11 -385.975 0.839113 -0.543958 0 0 0 1 -0.543958 -0.839113 0 18677.dat
1 1 -125.999 -270.11 -399.386 0 1 0 -1 0 0 0 0 1 6558.dat
1 0 -65.9993 -250.11 -399.386 0 -1 0 1 0 0 0 0 1 6553.dat
1 0 -125.999 -250.11 -399.386 0 0 -1 -1 0 0 0 1 0 32013.dat
1 14 -65.9993 -230.11 -419.386 0 0 1 -1 0 0 0 -1 0 42003.dat
1 4 -65.9993 -240.11 -399.386 0 1 0 -1 0 0 0 0 1 32062.dat
1 0 84.0005 -270.618 -419.589 1 0 0 0 0.803052 0.595909 0 -0.595909 0.803052 3706.dat
1 71 74.0005 -270.618 -419.589 0 0 -1 -0.803052 0.595909 0 0.595909 0.803052 0 6590.dat
1 71 54.0005 -270.618 -419.589 0 0 -1 -0.803052 0.595909 0 0.595909 0.803052 0 6590.dat
1 0 24.0005 -270.618 -419.589 0 0 1 -0.595909 0.803052 0 -0.803052 -0.595909 0 59443.dat
1 4 4.00048 -270.618 -419.589 1 0 0 0 0.803052 0.595909 0 -0.595909 0.803052 32062.dat
1 0 -15.9995 -270.618 -419.589 0 0 1 -0.595909 0.803052 0 -0.803052 -0.595909 0 59443.dat
1 71 -45.9995 -270.618 -419.589 1 0 0 0 0.803052 0.595909 0 -0.595909 0.803052 4519.dat
1 71 94.0006 -270.618 -419.589 1 0 0 0 0.595908 -0.803053 0 0.803053 0.595908 6536.dat
1 0 134 -270.614 -419.59 0 -1 0 0.595908 0 -0.803053 0.803053 0 0.595908 6629.dat
1 0 -66 -270.615 -419.591 0 -1 0 0.595908 0 -0.803053 0.803053 0 0.595908 6629.dat
1 0 94.0006 -286.002 -383.267 1 0 0 0 0.803053 0.595908 0 -0.595908 0.803053 2819.dat
1 1 94.0006 -266.729 -397.569 0 1 0 -0.803053 0 0.595908 0.595908 0 0.803053 43093.dat
1 0 124 -350.92 -360 1 0 0 0 1 0 0 0 1 2780.dat
1 0 -56 -350.92 -360 1 0 0 0 0.803127 0.595808 0 -0.595808 0.803127 2780.dat
1 0 124 -351.124 -320 1 0 0 0 1 0 0 0 1 2780.dat
1 0 -56 -351.124 -320.001 1 0 0 0 1 0 0 0 1 2780.dat
1 272 114 -350.92 -360 0 -1 0 0.999987 0 -0.00510484 0.00510484 0 0.999987 32526.dat
1 0 104 -351.022 -340 1 0 0 0 1 0 0 0 1 2780.dat
1 0 34.0142 -351.226 -320 0 0 -1 0 1 0 1 0 0 64179.dat
1 0 -36 -351.022 -340 1 0 0 0 1 0 0 0 1 2780.dat
1 1 34.0142 -351.226 -350 0 1 0 0 0 1 1 0 0 43093.dat
1 0 34.0142 -351.226 -330 -1 0 0 0 1 0 0 0 -1 59443.dat
1 14 -65.9995 -231.023 -339.386 1 0 0 0 0.999987 -0.00508608 0 0.00508608 0.999987 32316.dat
1 0 104 -351.226 -300 1 0 0 0 1 0 0 0 1 2780.dat
1 272 -46 -350.92 -360 0 -1 0 0.999987 0 -0.00510484 0.00510484 0 0.999987 32526.dat
1 1 -65.9996 -230.922 -359.386 0 0.999987 -0.00510466 -0.999987 -2.4958e-005 -0.00506305 -0.00506311 0.0051046 0.999974 6558.dat
1 0 -36.0001 -351.226 -300.001 1 0 0 0 1 0 0 0 1 2780.dat
1 0 104 -190.619 -419.182 1 0 0 0 0.999987 -0.00508608 0 0.00508608 0.999987 2780.dat
1 0 -35.9996 -190.619 -419.182 1 0 0 0 0.999987 -0.00508608 0 0.00508608 0.999987 2780.dat
1 1 134 -351.328 -280.001 1 0 0 0 0.999987 -0.00510947 0 0.00510947 0.999987 6558.dat
1 0 74.0142 -351.226 -280 0 0 1 0 1 0 -1 0 0 32054.dat
1 0 -56.0003 -111.026 -338.776 1 0 0 0 0.999987 -0.00508608 0 0.00508608 0.999987 2780.dat
1 0 74.0141 -351.226 -300 0 0 1 0 -1 0 1 0 0 32013.dat
1 72 34.0142 -351.226 -300 1 0 0 0 1 0 0 0 1 27940.dat
1 0 -5.98584 -351.226 -300 0 0 -1 0 1 0 1 0 0 32013.dat
1 0 -5.98584 -351.226 -280 0 0 1 0 1 0 -1 0 0 32054.dat
1 0 154 -351.328 -280.001 1 0 0 0 0 -1 0 1 0 32013.dat
1 1 -66.0001 -351.328 -280.001 1 0 0 0 0.999987 -0.00510947 0 0.00510947 0.999987 6558.dat
1 1 -65.9996 -231.023 -339.386 0 0.999987 -0.00510466 -0.999987 -2.4958e-005 -0.00506305 -0.00506311 0.0051046 0.999974 6558.dat
1 14 134 -211.024 -339.284 1 0 0 0 0.999987 -0.00507435 0 0.00507435 0.999987 32316.dat
1 0 -86 -351.328 -280.001 1 0 0 0 0 -1 0 1 0 32013.dat
1 1 134 -210.822 -379.284 0 0.999987 -0.00510466 -0.999987 -2.4958e-005 -0.00506305 -0.00506311 0.0051046 0.999974 6558.dat
1 0 104 -190.822 -379.182 1 0 0 0 0.999987 -0.00508608 0 0.00508608 0.999987 2780.dat
1 0 93.9998 -190.822 -379.182 0 -1 0 0.999987 0 -0.00508287 0.00508287 0 0.999987 32278.dat
1 4 114 -190.72 -399.182 1 -2.6948e-005 2.69481e-005 -2.70847e-005 -0.999987 0.00508607 2.68107e-005 -0.00508607 -0.999987 11214.dat
1 71 134 -190.822 -379.182 -1 0 0 0 -0.00508288 0.999987 0 0.999987 0.00508308 32184.dat
1 4 114 -190.923 -359.183 1 -2.69483e-005 2.69478e-005 -2.70844e-005 -0.999987 0.00506271 2.6811e-005 -0.00506271 -0.999987 11214.dat
1 72 114.001 -270.617 -419.588 0 1 0 -0.00508286 0 0.999987 0.999987 0 0.00508292 32526.dat
1 72 114 -191.127 -319.183 0 1 0 -0.999987 0 -0.00508313 -0.00508313 0 0.999987 32316.dat
1 1 84.0001 -191.127 -319.184 -1 0 0 0 -0.00508304 0.999987 0 0.999987 0.00508325 43093.dat
1 71 78.9999 -191.127 -319.184 0 -1 0 0.999987 0 -0.00508312 0.00508312 0 0.999987 41677.dat
1 71 69 -191.127 -319.184 0 -1 0 0.999987 0 -0.00508312 0.00508312 0 0.999987 41677.dat
1 19 83.9999 -191.229 -299.184 1 0 0 0 0.999987 -0.00503899 0 0.00503899 0.999987 99008.dat
1 72 34 -191.229 -299.183 0 0 -1 -0.999987 -0.00508314 0 -0.00508324 0.999987 0 32034.dat
1 19 -15.9999 -191.229 -299.184 -1 0 0 0 0.999987 0.00508307 0 0.00508307 -0.999987 99008.dat
1 1 -15.9999 -191.127 -319.184 1 0 0 0 0.00508314 0.999987 0 -0.999987 0.00508314 43093.dat
1 71 -0.999884 -191.127 -319.183 0 -1 0 0.999987 0 -0.00508313 0.00508313 0 0.999987 41677.dat
1 71 -10.9999 -191.127 -319.183 0 -1 0 0.999987 0 -0.00508313 0.00508313 0 0.999987 41677.dat
1 0 -26.0001 -190.822 -379.183 0 -1 0 0.999987 0 -0.00508287 0.00508287 0 0.999987 32278.dat
1 4 -45.9997 -190.72 -399.183 -1 0 0 0 -0.999987 -0.00508301 0 -0.00508301 0.999987 11214.dat
1 71 -65.9996 -190.822 -379.183 -1 0 0 0 -0.00508271 0.999987 0 0.999987 0.00508291 32184.dat
1 4 -45.9998 -190.924 -359.183 -1 0 0 0 -0.999987 -0.00508301 0 -0.00508301 0.999987 11214.dat
1 72 -45.9995 -270.618 -419.589 0 1 0 -0.00508281 0 0.999987 0.999987 0 0.00508282 32526.dat
1 72 -46 -191.127 -319.184 0 1 0 -0.999987 0 -0.00508313 -0.00508313 0 0.999987 32316.dat
1 1 124 -311.329 -279.796 1 0 0 0 -0.00522973 0.999986 0 -0.999986 -0.00522973 43093.dat
1 72 -6.00003 -231.33 -354.388 0 0 -1 1 0 0 0 -1 0 6632.dat
1 71 -6.00001 -231.33 -339.388 0 -1 0 0 0 1 -1 0 0 22961.dat
1 72 -6.00005 -231.33 -364.388 0 0 -1 1 0 0 0 -1 0 6632.dat
1 71 -46 -231.33 -339.388 0 -1 0 0 0 1 -1 0 0 22961.dat
1 0 -35.9997 -190.822 -379.183 1 0 0 0 0.999987 -0.00508608 0 0.00508608 0.999987 2780.dat
1 272 134 -251.024 -299.711 -1 0 0 0 0.999987 0.00505093 0 0.00505093 -0.999987 11946.dat
1 1 134 -230.922 -359.385 0 0.999987 -0.00510466 -0.999987 -2.4958e-005 -0.00506305 -0.00506311 0.0051046 0.999974 6558.dat
1 14 134 -231.023 -339.386 1 0 0 0 0.999987 -0.00508608 0 0.00508608 0.999987 32316.dat
1 1 134 -231.023 -339.386 0 0.999987 -0.00510466 -0.999987 -2.4958e-005 -0.00506305 -0.00506312 0.0051046 0.999974 6558.dat
1 1 -65.9996 -210.822 -379.284 0 0.999987 -0.00510466 -0.999987 -2.50772e-005 -0.00506305 -0.00506312 0.0051046 0.999974 6558.dat
1 1 -56.0001 -311.329 -279.797 -1 0 0 0 -0.00522967 0.999986 0 0.999986 0.00522979 43093.dat
1 272 -65.9995 -251.025 -299.487 -1 0 0 0 0.999987 0.00505093 0 0.00505093 -0.999987 11947.dat
1 71 34.0003 -110.62 -418.775 1 0 0 0 0.999987 -0.00508608 0 0.00508608 0.999987 64178.dat
1 1 -6.00057 -120.925 -358.827 0 0 1 -0.999987 0.00508272 0 -0.00508271 -0.999987 0 43093.dat
1 14 33.9995 -135.924 -358.903 1 0 0 0 0.999987 -0.00508608 0 0.00508608 0.999987 99773.dat
1 1 73.9994 -120.924 -358.827 0 0 1 -0.999987 0.00508282 0 -0.00508276 -0.999987 0 43093.dat
1 14 33.9994 -125.924 -358.853 1 0 0 0 0.999987 -0.00506259 0 0.00506259 0.999987 99773.dat
1 4 -25.9999 -160.314 -479.029 0 0 1 0.999987 -0.00508295 0 0.00508299 0.999987 0 62462.dat
1 0 -25.9999 -140.314 -478.927 0 -1 0 0.999987 0 -0.00508334 0.00508334 0 0.999987 2780.dat
1 72 34.0002 -130.315 -478.877 0 0 -1 -0.00508304 0.999987 0 0.999987 0.00508304 0 40490.dat
1 71 94.0002 -170.314 -479.079 -0.00440542 0 -0.99999 -0.00508304 0.999987 2.24816e-005 0.999977 0.00508309 -0.00440536 33299a.dat
1 0 94.0002 -150.314 -478.978 0 -0.0164167 -0.999865 -0.999987 -0.0050823 8.38388e-005 -0.00508309 0.999852 -0.0164164 18651.dat
1 71 93.6717 -150.416 -458.981 0 -0.0164167 -0.999865 -0.999987 -0.00508241 8.33296e-005 -0.0050831 0.999852 -0.0164165 32184.dat
1 4 93.3435 -140.517 -438.933 0 -0.999865 -0.0164166 0.999987 8.34549e-005 -0.00508265 0.00508333 -0.0164164 0.999852 32062.dat
1 1 74.0001 -110.315 -478.774 0 0 -1 -0.999987 -0.00508295 0 -0.00508299 0.999987 0 6558.dat
1 1 -5.99991 -110.315 -478.775 0 0 -1 -0.999987 -0.00508295 0 -0.00508299 0.999987 0 6558.dat
1 0 -25.9999 -100.315 -478.724 0 -1 0 0.999987 0 -0.0050831 0.0050831 0 0.999987 6628.dat
1 72 34.0001 -90.315 -478.673 0 0 -1 -0.00508304 0.999987 0 0.999987 0.00508304 0 40490.dat
1 0 94.0001 -100.315 -478.723 0 -1 0 0.999987 0 -0.0050831 0.0050831 0 0.999987 6628.dat
1 14 128.998 -110.316 -478.528 -0.0164153 0 -0.999865 -0.00508339 0.999987 8.26128e-005 0.999852 0.00508406 -0.0164151 32123a.dat
1 72 143.996 -110.317 -478.282 -0.999865 0 0.016417 8.09057e-005 0.999988 0.0049797 -0.0164168 0.00498035 -0.999853 87083.dat
1 14 138.997 -110.317 -478.364 -0.0164153 0 -0.999865 -0.00508339 0.999987 8.26126e-005 0.999852 0.00508406 -0.0164151 32123a.dat
1 71 158.494 -110.318 -478.044 -0.0164019 8.16902e-005 -0.999865 0 1 8.16902e-005 0.999865 0 -0.0164019 86652.dat
1 0 155.994 -110.318 -478.085 -0.0116559 -0.0115404 -0.999865 -0.707106 0.707107 8.1735e-005 0.707011 0.707012 -0.0164022 32019.dat
1 72 173.992 -110.319 -477.789 0 -0.999865 -0.0164096 0.999987 8.18293e-005 -0.00508263 0.00508329 -0.0164094 0.999852 4032a.dat
1 72 181.991 -110.32 -477.658 0 -0.999865 -0.0164096 0.999987 8.18293e-005 -0.00508263 0.00508329 -0.0164094 0.999852 15535.dat
1 71 113.672 -110.416 -458.777 0.999865 0.0164145 0 -8.2527e-005 0.00508246 0.999987 0.0164143 -0.999852 0.00508313 48989.dat
1 72 33.3436 -130.518 -438.883 0 0 -1 -0.00508311 0.999987 0 0.999987 0.00508311 0 40490.dat
1 14 -60.998 -110.314 -479.021 -0.0164155 0 -0.999865 -0.00508326 0.999987 8.26179e-005 0.999852 0.00508393 -0.0164152 32123a.dat
1 72 -75.9959 -110.312 -479.268 0.999865 0 -0.0164176 -8.26223e-005 0.999987 -0.00508321 0.0164174 0.00508388 0.999852 87083.dat
1 14 -70.9966 -110.313 -479.185 -0.0164155 0 -0.999865 -0.00508325 0.999987 8.26177e-005 0.999852 0.00508393 -0.0164152 32123a.dat
1 71 -90.494 -110.311 -479.505 0.0164018 8.17042e-005 0.999865 0 1 -8.17042e-005 -0.999865 0 0.0164018 86652.dat
1 0 -87.9943 -110.311 -479.464 0.0115404 0.0116559 0.999865 -0.707107 0.707106 -8.17012e-005 -0.707012 -0.707011 0.0164023 32019.dat
1 72 -105.992 -110.31 -479.76 0 0.999865 0.0164044 0.999987 -8.17773e-005 0.00506841 0.00506907 0.0164042 -0.999853 4032a.dat
1 72 -113.991 -110.309 -479.891 0 0.999866 0.0164044 0.999987 -8.17773e-005 0.00506841 0.00506907 0.0164042 -0.999853 15535.dat
1 71 -46.3282 -110.416 -458.778 0.999865 0.0164145 0 -8.2527e-005 0.00508246 0.999987 0.0164143 -0.999852 0.00508313 48989.dat
1 72 27.1692 -150.697 -403.789 0.942078 0 -0.335393 -0.00170476 0.999987 -0.00478866 0.335389 0.00508306 0.942066 40490.dat
1 14 -65.9996 -211.023 -339.285 1 0 0 0 0.999987 -0.00507435 0 0.00507435 0.999987 32316.dat
1 1 114 -191.025 -339.183 1 0 0 0 0.999987 -0.00508608 0 0.00508608 0.999987 6558.dat
1 1 -45.9998 -191.025 -339.183 -1 0 0 0 -0.999987 -0.00508577 0 -0.00508577 0.999987 6558.dat
1 272 134 -251.329 -279.49 0 -1 0 -0.00510476 0 -0.999987 0.999987 0 -0.00510461 32525.dat
1 0 93.9998 -231.33 -279.388 0 1 0 1 0 0 0 0 -1 32140.dat
1 72 90.9998 -231.33 -279.388 1 0 0 0 1 0 0 0 1 59426.dat
1 71 73.9998 -231.33 -279.388 0 0 -1 -1 0 0 0 1 0 6590.dat
1 0 34 -231.33 -279.388 0 0 1 0 1 0 -1 0 0 59443.dat
1 72 -23 -231.33 -279.388 -1 0 0 0 1 0 0 0 -1 59426.dat
1 0 -26 -231.33 -279.388 0 1 0 1 0 0 0 0 -1 32140.dat
1 71 -6.00003 -231.33 -279.388 0 0 -1 -1 0 0 0 1 0 6590.dat
1 71 119 -211.33 -279.286 0 -1 0 0 0 -1 1 0 0 41677.dat
1 71 109 -211.33 -279.286 0 -1 0 0 0 -1 1 0 0 41677.dat
1 71 -41 -211.33 -279.286 0 -1 0 0 0 -1 1 0 0 41677.dat
1 71 -51 -211.33 -279.286 0 -1 0 0 0 -1 1 0 0 41677.dat
1 1 124 -211.33 -279.286 -1 0 0 0 0 1 0 1 0 43093.dat
1 1 -56 -211.33 -279.286 1 0 0 0 0 1 0 -1 0 43093.dat
1 272 -66 -251.33 -279.491 0 -1 0 -0.00510455 0 -0.999987 0.999987 0 -0.0051044 32525.dat
1 1 -26.0001 -271.33 -299.389 1 0 0 0 0.999987 -0.00510947 0 0.00510947 0.999987 6558.dat
1 71 0.337745 -161.08 -328.474 0 -0.965218 -0.261446 0.999987 0.0013291 -0.00490723 0.00508402 -0.261442 0.965206 3673.dat
1 1 -26 -231.33 -339.388 1 0 0 0 0.999987 -0.00510947 0 0.00510947 0.999987 6558.dat
1 0 83.9994 -110.823 -378.776 1 0 0 0 0.999988 -0.0049555 0 0.0049555 0.999988 2780.dat
1 71 93.9999 -291.33 -299.388 1 0 0 0 1 0 0 0 1 4519.dat
1 72 93.9999 -291.33 -299.388 0 -1 0 0 0 1 -1 0 0 60483.dat
1 0 114 -291.33 -299.388 0 -1 0 0 0 1 -1 0 0 32140.dat
1 0 73.9999 -291.33 -299.388 0 -1 0 0 0 1 -1 0 0 32140.dat
1 1 93.9999 -271.33 -299.388 1 0 0 0 0.999987 -0.00510947 0 0.00510947 0.999987 6558.dat
1 1 93.9999 -231.33 -319.388 1 0 0 0 0.999987 -0.00510947 0 0.00510947 0.999987 6558.dat
1 1 -26 -231.33 -319.388 1 0 0 0 0.999987 -0.00510947 0 0.00510947 0.999987 6558.dat
1 72 114 -231.33 -364.388 0 0 -1 1 0 0 0 -1 0 6632.dat
1 71 114 -231.33 -339.388 0 -1 0 0 0 1 -1 0 0 22961.dat
1 72 114 -231.33 -354.388 0 0 -1 1 0 0 0 -1 0 6632.dat
1 71 73.9999 -231.33 -339.388 0 -1 0 0 0 1 -1 0 0 22961.dat
1 1 93.9999 -231.33 -339.388 1 0 0 0 0.999987 -0.00510947 0 0.00510947 0.999987 6558.dat
1 0 -16.0006 -110.823 -378.776 1 0 0 0 0.999987 -0.00508608 0 0.00508608 0.999987 2780.dat
1 71 -26.0001 -291.33 -299.389 1 0 0 0 1 0 0 0 1 4519.dat
1 72 -26.0001 -291.33 -299.389 0 -1 0 0 0 1 -1 0 0 60483.dat
1 0 -6.00005 -291.33 -299.388 0 -1 0 0 0 1 -1 0 0 32140.dat
1 0 -46 -291.33 -299.388 0 -1 0 0 0 1 -1 0 0 32140.dat
1 72 134 -191.025 -339.183 0 1 0 -0.00507871 0 0.999987 0.999987 0 0.00507875 32526.dat
1 1 154 -131.026 -338.878 -1 0 0 0 1 0 0 0 -1 6558.dat
1 71 33.9992 -171.229 -299.082 -0.25225 0 -0.967662 -0.00491992 0.999987 0.00128221 0.96765 0.00508426 -0.252247 60484.dat
1 57 34.0144 -413.226 -299.999 0.967662 0 0.25225 0 -1 0 0.25225 0 -0.967662 2654a.dat
1 57 34.0144 -389.226 -299.999 0.967662 0 0.25225 0 -1 0 0.25225 0 -0.967662 6143.dat
1 72 34.0142 -381.226 -299.999 0.967662 0 0.25225 0 -1 0 0.25225 0 -0.967662 4032a.dat
1 19 34.0142 -361.226 -299.999 0 0.967662 -0.25225 -1 0 2.32038e-005 2.31924e-005 0.25225 0.967662 99008.dat
1 0 33.9998 -321.227 -299.839 -0.967662 -0.252249 0 0.00126899 -0.00487147 0.999987 -0.252246 0.96765 0.00503419 59443.dat
1 19 33.9995 -281.228 -299.637 0 0.967662 -0.25225 -0.999987 -0.00126708 -0.00484871 -0.00501155 0.252246 0.96765 99008.dat
1 71 33.9999 -231.228 -299.386 0.967663 -0.252248 0 -0.00127977 -0.00489894 -0.999987 0.252244 0.96765 -0.00506334 26287.dat
1 14 33.9999 -171.229 -299.082 0 -0.967662 -0.25225 0.999987 0.00128247 -0.00492024 0.00508463 -0.252247 0.96765 32073.dat
1 72 33.9997 -151.229 -298.98 -0.25225 0 -0.967662 -0.00492013 0.999987 0.00128274 0.96765 0.0050846 -0.252247 60483.dat
1 1 114 -191.33 -279.184 1 0 0 0 0.999987 -0.00508608 0 0.00508608 0.999987 6558.dat
1 72 -65.9998 -191.025 -339.183 0 1 0 -0.00508855 0 0.999987 0.999987 0 0.00508858 32526.dat
1 1 -85.9999 -131.026 -338.878 1 0 0 0 1 0 0 0 1 6558.dat
1 0 14.6464 -161.203 -304.076 0 -0.967662 -0.25225 0.999987 0.00128249 -0.00492024 0.00508463 -0.252247 0.96765 2780.dat
1 1 33.9993 -141.127 -318.942 0 0 1 -0.999987 0.00508303 0 -0.00508297 -0.999987 0 43093.dat
1 0 124 -111.026 -338.777 1 0 0 0 0.999987 -0.00508608 0 0.00508608 0.999987 2780.dat
1 1 -46 -191.33 -279.184 -1 0 0 0 -0.999987 -0.00509392 0 -0.00509392 0.999987 6558.dat
1 0 104 -110.924 -358.776 1 0 0 0 0.999986 -0.0052134 0 0.0052134 0.999986 2780.dat
1 72 114 -110.924 -358.776 0 1 0 -0.999987 0 -0.00508366 -0.00508366 0 0.999987 32526.dat
1 0 33.9999 -131.331 -278.879 1 0 0 0 0.00508361 0.999987 0 -0.999987 0.00508361 63869.dat
1 14 34 -131.331 -278.879 1 0 0 0 0.999987 -0.00508608 0 0.00508608 0.999987 60485.dat
1 72 94 -131.331 -278.879 0 -1 0 -0.00508366 0 -0.999987 0.999987 0 -0.00508366 60483.dat
1 72 -26 -131.331 -278.879 0 -1 0 -0.00508366 0 -0.999987 0.999987 0 -0.00508366 60483.dat
1 71 74 -131.331 -278.879 0 0 -1 -0.999987 -0.00508355 0 -0.00508361 0.999987 0 6590.dat
1 71 54 -131.331 -278.879 0 0 -1 -0.999987 -0.00508355 0 -0.00508361 0.999987 0 6590.dat
1 71 14 -131.331 -278.879 0 0 -1 -0.999987 -0.00508355 0 -0.00508361 0.999987 0 6590.dat
1 71 -6.00001 -131.331 -278.879 0 0 -1 -0.999987 -0.00508355 0 -0.00508361 0.999987 0 6590.dat
1 72 -46.0003 -110.925 -358.776 0 1 0 -0.999987 0 -0.00508366 -0.00508366 0 0.999987 32526.dat
1 0 -36.0005 -110.925 -358.776 1 0 0 0 0.999987 -0.00508608 0 0.00508608 0.999987 2780.dat
1 1 -46.0002 -191.534 -239.184 -1 0 0 0 1 0 0 0 -1 6558.dat
1 0 104 -191.432 -259.184 1 0 0 0 1 0 0 0 1 2780.dat
1 0 -36.0001 -191.432 -259.184 1 0 0 0 1 0 0 0 1 2780.dat
1 0 83.9995 -111.128 -318.777 1 0 0 0 0.999988 -0.0049555 0 0.0049555 0.999988 2780.dat
1 0 -16.0005 -111.128 -318.777 1 0 0 0 0.999987 -0.00508608 0 0.00508608 0.999987 2780.dat
1 4 114 -151.331 -278.981 1 -2.69441e-005 2.69445e-005 -2.70811e-005 -0.999987 0.00509776 2.68068e-005 -0.00509776 -0.999987 11214.dat
1 4 -46 -151.331 -278.98 -1 0 0 0 -0.999987 -0.00509417 0 -0.00509417 0.999987 11214.dat
1 1 114 -191.534 -239.184 1 0 0 0 1 0 0 0 1 6558.dat
1 1 114 -111.23 -298.777 1 0 0 0 0.999987 -0.00508608 0 0.00508608 0.999987 6558.dat
1 1 -46 -111.23 -298.777 -1 0 0 0 0.999987 0.00508521 0 0.00508521 -0.999987 6558.dat
1 14 154 -151.026 -258.878 0 -1 0 0 0 -1 1 0 0 15458.dat
1 0 154 -191.026 -278.878 0 -1 0 1 0 0 0 0 1 32054.dat
1 14 134 -191.534 -219.184 0 0 -1 1 0 0 0 -1 0 42003.dat
1 1 134 -201.534 -199.184 0 0 -1 1 0 0 0 -1 0 43093.dat
1 0 124 -191.432 -219.184 1 0 0 0 1 0 0 0 1 2780.dat
1 14 154 -191.026 -218.878 1 0 0 0 1 0 0 0 1 32524.dat
1 0 -85.9999 -191.026 -278.878 0 -1 0 1 0 0 0 0 1 32054.dat
1 14 -85.9999 -151.026 -258.878 0 1 0 0 0 1 1 0 0 15458.dat
1 14 -66.0001 -191.534 -219.184 0 0 -1 1 0 0 0 -1 0 42003.dat
1 1 -66.0001 -201.534 -199.185 0 0 -1 1 0 0 0 -1 0 43093.dat
1 0 -56.0001 -191.432 -219.184 1 0 0 0 1 0 0 0 1 2780.dat
1 72 174 -131.432 -259.184 0 -1 0 1 0 0 0 0 1 40490.dat
1 14 -85.9999 -191.026 -218.878 1 0 0 0 1 0 0 0 1 32524.dat
1 272 33.9999 -231.432 -239.184 0 0 -1 0 1 0 1 0 0 32525.dat
1 0 134 -221.432 -239.184 0 1 0 -1 0 0 0 0 1 2780.dat
1 1 93.9999 -221.432 -239.185 0 0 1 -1 4.78369e-005 0 -4.76767e-005 -1 0 43093.dat
1 1 -26.0001 -221.432 -239.184 0 0 1 -1 0 0 0 -1 0 43093.dat
1 0 -66.0001 -221.432 -239.184 0 1 0 -1 0 0 0 0 1 2780.dat
1 0 134 -221.432 -219.184 0 1 0 -1 0 0 0 0 1 2780.dat
1 72 134 -211.432 -159.184 -1 0 0 0 1 0 0 0 -1 32526.dat
1 0 -66.0001 -221.432 -219.184 0 1 0 -1 0 0 0 0 1 2780.dat
1 72 -66.0001 -211.432 -159.184 1 0 0 0 -1 0 0 0 -1 32526.dat
1 0 134 -221.432 -179.184 0 1 0 -1 0 0 0 0 1 2780.dat
1 72 -106 -131.432 -259.184 0 -1 0 1 0 0 0 0 1 40490.dat
1 0 -66.0001 -221.432 -179.184 0 1 0 -1 0 0 0 0 1 2780.dat
1 0 154 -181.026 -198.878 0 1 0 -1 0 0 0 0 1 2780.dat
1 0 154 -201.026 -178.878 0 -1 0 1 0 0 0 0 1 2780.dat
1 72 174 -281.432 -179.184 -1 0 0 0 1 0 0 0 -1 15535.dat
1 72 174 -273.432 -179.184 1 0 0 0 1 0 0 0 1 6143.dat
1 71 174 -311.432 -179.184 1 0 0 0 0 -1 0 1 0 26287.dat
1 0 174 -241.432 -179.184 0 -1 0 1 0 0 0 0 1 3706.dat
1 72 174 -249.432 -179.184 1 0 0 0 1 0 0 0 1 6143.dat
1 72 174 -211.026 -178.878 0 0 -1 0 1 0 1 0 0 60483.dat
1 72 174 -171.432 -179.184 1 0 0 0 0 -1 0 1 0 32034.dat
1 0 -85.9999 -181.026 -198.878 0 1 0 -1 0 0 0 0 1 2780.dat
1 0 94.0007 -111.534 -238.777 0 -1 1.04211e-005 0.999987 0 -0.005083 0.005083 1.04205e-005 0.999987 32278.dat
1 0 -25.9993 -111.535 -238.777 0 -1 1.04409e-005 0.999987 0 -0.00508329 0.00508329 1.04403e-005 0.999987 32278.dat
1 0 134 -201.432 -159.184 0 -1 0 1 0 0 0 0 1 2780.dat
1 1 154 -171.432 -179.184 1 0 0 0 1 0 0 0 1 6558.dat
1 0 -66.0001 -201.432 -159.184 0 -1 0 1 0 0 0 0 1 2780.dat
1 1 134 -191.432 -159.184 -1 0 0 0 -1 0 0 0 1 15100.dat
1 1 -66.0001 -191.432 -159.184 1 0 0 0 -1 0 0 0 -1 15100.dat
1 0 134 -241.432 -199.184 0 -1 0 1 0 0 0 0 1 2780.dat
1 272 134 -251.432 -239.209 1 0 0 0 1 0 0 0 1 64681.dat
1 1 104 -291.432 -219.209 -1 0 0 0 1 0 0 0 -1 43093.dat
1 0 84 -291.432 -219.209 0 0 1 0 1 0 -1 0 0 59443.dat
1 14 34.0074 -291.457 -219.184 1 0 0 0 1 0 0 0 1 32073.dat
1 0 -15.9926 -291.457 -219.184 0 0 1 0 1 0 -1 0 0 59443.dat
1 1 -35.9926 -291.457 -219.184 1 0 0 0 1 0 0 0 1 43093.dat
1 0 134 -241.432 -159.184 0 -1 0 1 0 0 0 0 1 2780.dat
1 0 -66.0001 -241.432 -199.184 0 -1 0 1 0 0 0 0 1 2780.dat
1 272 -65.9926 -251.432 -239.184 1 0 0 0 1 0 0 0 1 64393.dat
1 0 -66.0001 -241.432 -159.184 0 -1 0 1 0 0 0 0 1 2780.dat
1 0 134 -221.432 -19.1841 0 1 0 -1 0 0 0 0 1 2780.dat
1 0 124 -191.432 -179.184 1 0 0 0 1 0 0 0 1 2780.dat
1 72 134 -151.432 -179.184 0 -1 0 0 0 -1 1 0 0 32316.dat
1 0 -66.0001 -221.432 -19.1844 0 1 0 -1 0 0 0 0 1 2780.dat
1 1 154 -131.432 -179.184 -1 0 0 0 1 0 0 0 -1 6558.dat
1 1 -86.0002 -131.432 -179.184 1 0 0 0 1 0 0 0 1 6558.dat
1 0 -56.0001 -191.432 -179.184 1 0 0 0 1 0 0 0 1 2780.dat
1 72 -66.0001 -151.432 -179.184 0 -1 0 0 0 -1 1 0 0 32316.dat
1 71 33.9998 -335.721 -148.535 0 0 -1 0.493753 -0.869602 0 -0.869602 -0.493753 0 4274.dat
0 MLCAD BTG Group
1 0 34 -331.499 -155.567 0 0 -1 -0.869602 -0.493753 0 -0.493753 0.869602 0 98138.dat
0 MLCAD BTG Group
1 0 34 -329.089 -159.785 0.8 0 0 0 -0.387848 -0.699696 0 0.699696 -0.387848 98138.dat
0 GROUP 2 Group
1 0 -15.4 -26.289 -1.585 1 0 0 0 1 0 0 0 1 hook.ldr
1 1 63.9998 -340.659 -139.839 -1 0 0 0 -0.493753 0.869602 0 0.869602 0.493753 43093.dat
1 72 33.9998 -340.659 -139.839 0 0 -1 -0.493753 0.869602 0 0.869602 0.493753 0 32034.dat
1 1 3.99981 -340.659 -139.839 1 0 0 0 0.493753 0.869602 0 -0.869602 0.493753 43093.dat
1 14 58.9999 -290.916 -106.288 0 0 -1 -0.559193 0.829038 0 0.829038 0.559193 0 32123a.dat
1 0 33.9999 -290.916 -106.288 1 0 0 0 0.829038 -0.559193 0 0.559193 0.829038 3706.dat
1 14 8.99987 -290.916 -106.288 0 0 -1 -0.559193 0.829038 0 0.829038 0.559193 0 32123a.dat
1 72 33.9998 -363.611 1.48735 0 0 1 0.559193 0.829038 0 -0.829038 0.559193 0 18942.dat
1 71 34.0001 -309.719 -43.1191 0 0 1 0.559193 0.829038 0 -0.829038 0.559193 0 18940.dat
1 71 33.9999 -413.939 76.1008 1 0 0 0 0.829038 -0.559193 0 0.559193 0.829038 4519.dat
1 14 48.9998 -436.307 109.262 0 -1 0 -0.559193 0 -0.829038 0.829038 0 -0.559193 99773.dat
1 14 18.9999 -436.307 109.262 0 -1 0 -0.559193 0 -0.829038 0.829038 0 -0.559193 99773.dat
1 14 33.9998 -436.306 109.262 1 0 0 0 0.829038 -0.559193 0 0.559193 0.829038 32073.dat
1 14 58.9998 -453.082 134.133 0 -1 0 0.829037 0 -0.559193 0.559193 0 0.829037 32449.dat
1 14 8.99977 -453.082 134.133 0 -1 0 0.829037 0 -0.559193 0.559193 0 0.829037 32449.dat
1 14 33.9998 -458.674 142.424 1 0 0 0 0.829038 -0.559193 0 0.559193 0.829038 32073.dat
1 71 73.9998 -414.329 148.211 0 -1 0 -0.559193 0 -0.829038 0.829038 0 -0.559193 60484.dat
1 71 -6.00024 -414.329 148.211 0 -1 0 -0.559193 0 -0.829037 0.829037 0 -0.559193 60484.dat
1 272 73.9999 -274.336 -95.1037 0 1 0 -0.559193 0 0.829038 0.829038 0 0.559193 32525.dat
1 4 63.9998 -357.239 -151.023 1 0 0 0 0.829038 -0.559192 0 0.559192 0.829038 32062.dat
1 71 33.9998 -357.239 -151.023 0 0 1 0.559192 0.829038 0 -0.829038 0.559192 0 26287.dat
1 4 3.99981 -357.239 -151.023 1 0 0 0 0.829038 -0.559192 0 0.559192 0.829038 32062.dat
1 272 -6.00021 -274.336 -95.1038 0 1 0 -0.559193 0 0.829038 0.829038 0 0.559193 32525.dat
1 1 84.0001 -231.432 -159.184 -1 0 0 0 -0.559193 0.829038 0 0.829038 0.559193 43093.dat
1 0 64.0001 -231.432 -159.184 0 0 1 0.559193 0.829038 0 -0.829038 0.559193 0 59443.dat
1 71 34 -231.432 -159.184 1 0 0 0 0.829038 -0.559193 0 0.559193 0.829038 4519.dat
1 0 3.99994 -231.432 -159.184 0 0 1 0.559193 0.829038 0 -0.829038 0.559193 0 59443.dat
1 1 -16.0001 -231.432 -159.184 1 0 0 0 0.559193 0.829037 0 -0.829037 0.559193 43093.dat
1 4 144 -191.432 -139.184 1 0 0 0 0.817146 0.57643 0 -0.57643 0.817146 32062.dat
1 0 114 -191.432 -139.184 -1 0 0 0 0.799999 -0.600001 0 -0.600001 -0.799999 32054.dat
1 14 154 -227.616 3.82192 0 1 0 0.999575 0 0.0291514 0.0291514 0 -0.999575 32271.dat
1 1 144 -227.616 3.8219 1 0 0 0 -0.0291503 -0.999575 0 0.999575 -0.0291503 43093.dat
1 72 93.9999 -191.432 -79.1841 0 -1 0 -1 0 0 0 0 -1 32526.dat
1 0 -46.0001 -191.432 -139.184 1 0 0 0 0.80696 0.590606 0 -0.590606 0.80696 32054.dat
1 4 -76.0001 -191.432 -139.184 1 0 0 0 0.817146 0.57643 0 -0.57643 0.817146 32062.dat
1 14 -86.0001 -227.616 3.82172 0 1 0 0.999575 0 0.0291454 0.0291454 0 -0.999575 32271.dat
