0 FILE 42071 - main.ldr
0 Author: Philippe Hurbain [Philo]
0 !LICENSE Redistributable under CCAL version 2.0 : see CAreadme.txt
1 71 0 0 0 0 1 0 -1 0 0 0 0 1 32526.dat
1 1 0 0 0 -1 0 0 0 -1 0 0 0 1 6558.dat
1 1 0 0 60 -1 0 0 0 -1 0 0 0 1 6558.dat
1 72 -20 0 40 0 1 0 -1 0 0 0 0 1 32316.dat
1 72 20 0 40 0 1 0 -1 0 0 0 0 1 32316.dat
0 STEP
1 71 -40 0 60 0 0 1 -1 0 0 0 -1 0 48989.dat
1 71 40 0 60 0 0 1 -1 0 0 0 -1 0 48989.dat
1 72 70 0 60 -1 0 0 0 1 0 0 0 -1 87083.dat
1 72 -70 0 60 1 0 0 0 1 0 0 0 1 87083.dat
1 25 60 0 60 0 -1 0 1 0 0 0 0 1 32523.dat
1 25 -60 0 60 0 -1 0 1 0 0 0 0 1 32523.dat
1 1 0 -40 80 1 0 0 0 -1 0 0 0 -1 6558.dat
1 72 -20 -40 20 0 1 0 1 0 0 0 0 -1 32525.dat
1 1 0 -40 -80 1 0 0 0 -1 0 0 0 -1 6558.dat
1 1 0 -40 -40 1 0 0 0 -1 0 0 0 -1 6558.dat
1 71 0 -40 20 0 0 1 -1 0 0 0 -1 0 48989.dat
1 71 0 -40 40 0 0 1 -1 0 0 0 -1 0 4519.dat
1 0 0 -20 40 -1 0 0 0 0 1 0 1 0 32270.dat
1 72 0 -70 40 -1 0 0 0 0 1 0 1 0 59443.dat
1 19 0 -30 0 0 0.139 0.99 1 0 0 0 0.99 -0.139 3749.dat
1 19 0 -20 0 0.99 -0.139 0 0 0 1 -0.139 -0.99 0 18575.dat
1 71 0 -20 -60 0 0 1 0 -1 0 1 0 0 99009.dat
1 0 0 -20 -60 0 0 1 0 -1 0 1 0 0 99010.dat
0 STEP
1 72 20 -40 20 0 1 0 1 0 0 0 0 -1 32525.dat
1 0 30 -40 20 -1 0 0 0 1 0 0 0 -1 2780.dat
1 0 30 0 20 -1 0 0 0 1 0 0 0 -1 2780.dat
1 0 40 -20 40 0 0 1 -1 0 0 0 -1 0 63869.dat
1 0 -30 0 20 1 0 0 0 -1 0 0 0 -1 2780.dat
1 0 -30 -40 20 1 0 0 0 -1 0 0 0 -1 2780.dat
1 0 -40 -20 40 0 0 -1 1 0 0 0 -1 0 63869.dat
1 72 40 -30 40 0 1 0 1 0 0 0 0 -1 87083.dat
1 72 -40 -30 40 0 1 0 1 0 0 0 0 -1 87083.dat
1 4 40 -40 40 -1 0 0 0 0 -1 0 -1 0 3713.dat
1 4 -40 -40 40 -1 0 0 0 0 -1 0 -1 0 3713.dat
0 STEP
1 71 -40 -60 40 1 0 0 0 0 1 0 -1 0 32039.dat
1 71 40 -60 40 1 0 0 0 0 1 0 -1 0 32039.dat
1 4 -30 -80 40 1 0 0 0 0 1 0 -1 0 32062.dat
1 4 30 -80 40 1 0 0 0 0 1 0 -1 0 32062.dat
1 71 -25 -80 40 0 0 1 0 1 0 -1 0 0 32123b.dat
1 71 25 -80 40 0 0 1 0 1 0 -1 0 0 32123b.dat
1 72 0 -80 40 1 0 0 0 1 0 0 0 1 41678.dat
1 71 -10 -90 20 0 1 0 -1 0 0 0 0 1 4274.dat
1 71 10 -90 20 0 1 0 -1 0 0 0 0 1 4274.dat
0 STEP
1 71 -55 -40 -60 1 0 0 0 1 0 0 0 1 42071 - side.ldr
0 STEP
1 71 -1 -140 0 -1 0 0 0 0 -1 0 -1 0 24116.dat
1 71 15 -60 -60 0 0 1 -1 0 0 0 -1 0 32123b.dat
1 71 0 -80 -60 1 0 0 0 0 1 0 -1 0 4519.dat
1 72 0 -80 -60 1 0 0 0 1 0 0 0 1 41678.dat
1 71 -10 -90 -80 0 1 0 -1 0 0 0 0 1 4274.dat
1 71 10 -90 -80 0 1 0 -1 0 0 0 0 1 4274.dat
1 0 0 -80 -60 -1 0 0 0 -1 0 0 0 1 6536.dat
1 71 0 -100 -50 0 -1 0 0 0 -1 1 0 0 4274.dat
1 71 0 -100 -42 1 0 0 0 0 1 0 -1 0 42071 - 16091.dat
0 STEP
1 1 25 -80 -60 0 -1 0 0 0 1 -1 0 0 41677.dat
1 1 35 -60 -60 0 -1 0 0 0 1 -1 0 0 41677.dat
1 1 45 -60 -60 0 -1 0 0 0 1 -1 0 0 41677.dat
1 0 40 -40 -60 1 0 0 0 1 0 0 0 1 18651.dat
0 STEP
1 4 40 -40 -20 1 0 0 0 1 0 0 0 1 11214.dat
1 15 40 -40 -20 0 0 1 1 0 0 0 1 0 32184.dat
1 0 40 -60 -40 0 0 1 1 0 0 0 1 0 18651.dat
1 1 40 -60 -40 -1 0 0 0 -1 0 0 0 1 32140.dat
1 0 40 -70 -20 0 -1 0 1 0 0 0 0 1 2780.dat
1 1 55 -40 -60 0 -1 0 1 0 0 0 0 1 6632.dat
0 STEP
1 71 60 -60 -40 1 0 0 0 0 -1 0 1 0 42003.dat
1 71 60 -70 -40 0 0 -1 -1 0 0 0 1 0 4274.dat
1 71 60 -70 -20 0 0 -1 -1 0 0 0 1 0 4274.dat
1 71 60 -78 -30 0 0 -1 0 1 0 1 0 0 2412b.dat
1 1 40 -80 20 -1 0 0 0 1 0 0 0 -1 11946.dat
1 1 -40 -80 20 -1 0 0 0 1 0 0 0 -1 11947.dat
0 STEP
1 0 30 -40 120 -1 0 0 0 1 0 0 0 -1 2780.dat
1 0 -30 -40 120 -1 0 0 0 1 0 0 0 -1 2780.dat
1 1 40 -100 40 -1 0 0 0 1 0 0 0 -1 24116.dat
1 1 30 -100 40 -1 0 0 0 1 0 0 0 -1 43093.dat
1 1 -30 -100 40 1 0 0 0 -1 0 0 0 -1 43093.dat
1 1 -40 -100 40 -1 0 0 0 1 0 0 0 -1 24116.dat
1 72 0 -100 40 0 0 -1 -1 0 0 0 1 0 32034.dat
0 STEP
1 71 0 -100 40 0 1 0 1 0 0 0 0 -1 4519.dat
1 71 0 -140 40 1 0 0 0 0 1 0 -1 0 26287.dat
1 1 -10 -98 -80 0 0 1 0 1 0 -1 0 0 15712.dat
1 1 10 -98 -80 0 0 1 0 1 0 -1 0 0 15712.dat
1 1 -10 -98 20 0 0 1 0 1 0 -1 0 0 15712.dat
1 1 10 -98 20 0 0 1 0 1 0 -1 0 0 15712.dat
1 0 0 -176 -30 1 0 0 0 1 0 0 0 1 64450.dat
1 57 10 -184 -40 1 0 0 0 1 0 0 0 1 6141.dat
0 STEP
1 71 -40 0 -100 1 0 0 0 1 0 0 0 1 42071 - frontside.ldr
0 STEP
1 0 0 -80 -140 1 0 0 0 1 0 0 0 1 3705.dat
1 71 -15 -80 -140 0 0 1 0 -1 0 1 0 0 32123b.dat
1 0 0 -80 -140 1 0 0 0 0 -1 0 1 0 6536.dat
1 71 15 -80 -140 0 0 1 0 -1 0 1 0 0 32123b.dat
1 4 0 -50 -120 0 -1 0 -1 0 0 0 0 -1 3706.dat
1 0 0 -60 -120 1 0 0 0 -1 0 0 0 -1 18654.dat
1 72 0 -40 -120 0 1 0 0 0 -1 -1 0 0 27938.dat
1 4 0 -20 -120 0 1 0 0 0 -1 -1 0 0 3713.dat
1 0 0 -100 -120 1 0 0 0 0 -1 0 1 0 32270.dat
0 STEP
1 14 0 -40 -160 1 0 0 0 0.707 0.707 0 -0.707 0.707 32073.dat
1 0 -40 -40 -160 0 1 0 0.707 0 -0.707 -0.707 0 -0.707 32348.dat
1 71 -15 -40 -160 0 0 1 -0.707 -0.707 0 0.707 -0.707 0 32123b.dat
1 0 0 -40 -160 0 0 1 -0.707 -0.707 0 0.707 -0.707 0 18575.dat
1 71 15 -40 -160 0 0 1 -0.707 -0.707 0 0.707 -0.707 0 32123b.dat
0 STEP
1 0 25 -40 -140 0 -1 0 -1 0 0 0 0 -1 99773.dat
1 0 40 -40 -160 0 1 0 0.707 0 -0.707 -0.707 0 -0.707 32348.dat
1 1 20 0 -100 0 -1 0 1 0 0 0 0 1 32140.dat
1 0 30 0 -60 -1 0 0 0 1 0 0 0 -1 2780.dat
1 1 40 0 -100 0 -1 0 -1 0 0 0 0 -1 32524.dat
1 72 85 0 -160 1 0 0 0 -1 0 0 0 -1 59426.dat
1 15 60 0 -140 0 1 0 1 0 0 0 0 -1 74695.dat
0 STEP
1 72 90 0 -160 0 0 -1 1 0 0 0 -1 0 64711.dat
1 1 100 0 -160 0 0 -1 1 0 0 0 -1 0 57520.dat
1 72 90 0 60 0 0 -1 1 0 0 0 -1 0 64711.dat
1 1 100 0 60 0 0 -1 1 0 0 0 -1 0 57520.dat
1 1 -100 0 60 0 0 1 1 0 0 0 1 0 57520.dat
1 72 -90 0 60 0 0 1 1 0 0 0 1 0 64711.dat
1 1 -100 0 -160 0 0 1 1 0 0 0 1 0 57520.dat
1 72 -90 0 -160 0 0 1 1 0 0 0 1 0 64711.dat
0 STEP
1 19 -50 -73.941 -261.823 1 0 0 0 -0.141 -0.99 0 0.99 -0.141 3749.dat
1 19 50 -73.941 -261.823 -1 0 0 0 0.99 0.141 0 0.141 -0.99 3749.dat
1 0 60 -73.941 -261.823 0 1 0 0.988 0 -0.156 -0.156 0 -0.988 15100.dat
1 0 -60 -73.941 -261.823 0 1 0 0.988 0 -0.156 -0.156 0 -0.988 15100.dat
1 72 0 -14.674 -271.17 -1 0 0 0 0.156 0.988 0 0.988 -0.156 64782.dat
1 71 110 24.838 -277.401 -1 0 0 0 0.156 0.988 0 0.988 -0.156 3673.dat
1 71 -110 24.838 -277.401 -1 0 0 0 0.156 0.988 0 0.988 -0.156 3673.dat
1 0 -20 -64.063 -263.381 0 1 0 -0.988 0 0.156 0.156 0 0.988 2780.dat
1 0 20 -64.063 -263.381 0 1 0 -0.988 0 0.156 0.156 0 0.988 2780.dat
1 25 0 -73.941 -261.823 0 0 -1 -0.156 -0.988 0 -0.988 0.156 0 32523.dat
0 STEP
1 25 120 12.419 -218.701 0 1 0 -0.978 0 -0.207 -0.207 0 0.978 32524.dat
1 25 -120 12.419 -218.701 0 1 0 -0.978 0 -0.207 -0.207 0 0.978 32524.dat
1 71 135 0 -160 0 0 1 0 -1 0 1 0 0 32123b.dat
1 71 -135 0 -160 0 0 1 0 -1 0 1 0 0 32123b.dat
1 1 110 -14.674 -271.17 1 0 0 0 -0.156 0.988 0 -0.988 -0.156 43093.dat
1 0 110 -54.185 -264.939 1 0 0 0 -0.156 0.988 0 -0.988 -0.156 2780.dat
1 25 120 -14.674 -271.17 0 1 0 -0.156 0 -0.988 -0.988 0 0.156 32348.dat
0 STEP
1 1 -110 -14.674 -271.17 -1 0 0 0 -0.156 -0.988 0 -0.988 0.156 43093.dat
1 0 -110 -54.185 -264.939 1 0 0 0 -0.156 0.988 0 -0.988 -0.156 2780.dat
1 25 -120 -14.674 -271.17 0 1 0 -0.156 0 -0.988 -0.988 0 0.156 32348.dat
1 71 100 -116.979 -303.629 -1 0 0 0 -0.717 -0.697 0 -0.697 0.717 4519.dat
1 0 100 -116.979 -303.629 -1 0 0 0 0.717 0.697 0 0.697 -0.717 6536.dat
1 47 100 -95.665 -296.867 1 0 0 0 0.697 0.717 0 -0.717 0.697 6141.dat
1 72 70 -116.979 -303.629 0 0 1 0.697 0.717 0 -0.717 0.697 0 59443.dat
1 71 0 -116.979 -303.629 1 0 0 0 -0.717 0.697 0 -0.697 -0.717 44294.dat
1 71 -100 -116.979 -303.629 -1 0 0 0 -0.717 -0.697 0 -0.697 0.717 4519.dat
1 0 -100 -116.979 -303.629 -1 0 0 0 0.717 0.697 0 0.697 -0.717 6536.dat
1 47 -100 -95.665 -296.867 1 0 0 0 0.697 0.717 0 -0.717 0.697 6141.dat
1 72 -70 -116.979 -303.629 0 0 -1 -0.697 0.717 0 0.717 0.697 0 59443.dat
0 FILE 42071 - side.ldr
0 Name: side.ldr
0 Author: Philippe Hurbain [Philo]
0 !LICENSE Redistributable under CCAL version 2.0 : see CAreadme.txt
1 1 0 0 0 0 -1 0 1 0 0 0 0 1 6632.dat
1 4 15 0 40 -1 0 0 0 -1 0 0 0 1 11214.dat
1 0 15 0 0 -1 0 0 0 -1 0 0 0 1 18651.dat
1 1 10 -20 0 0 1 0 0 0 1 1 0 0 41677.dat
1 1 20 -20 0 0 1 0 0 0 1 1 0 0 41677.dat
1 71 55 -20 0 1 0 0 0 0 1 0 -1 0 44294.dat
1 71 -5 -20 20 1 0 0 0 0 -1 0 1 0 42003.dat
0 STEP
1 71 -5 -30 20 0 0 1 -1 0 0 0 -1 0 4274.dat
1 71 -5 -30 40 0 0 1 -1 0 0 0 -1 0 4274.dat
1 71 -5 -38 30 0 0 1 0 1 0 -1 0 0 2412b.dat
1 15 15 0 40 0 0 1 1 0 0 0 1 0 32184.dat
1 0 15 -20 20 0 0 1 1 0 0 0 1 0 18651.dat
1 1 15 -20 20 1 0 0 0 1 0 0 0 1 32140.dat
1 0 15 -30 40 0 1 0 -1 0 0 0 0 1 2780.dat
1 1 30 -40 0 0 1 0 0 0 1 1 0 0 41677.dat
1 71 40 -20 0 0 0 -1 0 1 0 1 0 0 32123b.dat
0 FILE 42071 - frontside.ldr
0 Name: frontside.ldr
0 Author: Philippe Hurbain [Philo]
0 !LICENSE Redistributable under CCAL version 2.0 : see CAreadme.txt
1 1 0 0 0 0 -1 0 1 0 0 0 0 1 32524.dat
1 0 10 0 40 -1 0 0 0 -1 0 0 0 1 2780.dat
1 1 20 0 0 0 -1 0 1 0 0 0 0 1 32140.dat
1 14 40 0 0 1 0 0 0 1 0 0 0 1 32073.dat
1 1 40 0 20 1 0 0 0 1 0 0 0 1 6558.dat
1 1 40 0 60 1 0 0 0 1 0 0 0 1 6558.dat
0 STEP
1 71 40 0 -40 1 0 0 0 1 0 0 0 1 44294.dat
1 15 -20 0 -40 0 1 0 1 0 0 0 0 -1 74695.dat
1 72 -45 0 -60 -1 0 0 0 1 0 0 0 -1 59426.dat
1 0 15 -40 -40 0 1 0 1 0 0 0 0 -1 99773.dat
1 71 25 0 -40 0 0 -1 1 0 0 0 -1 0 32123b.dat
1 15 40 0 -20 -1 0 0 0 0 -1 0 -1 0 32184.dat
1 71 55 0 -40 0 0 -1 1 0 0 0 -1 0 32123b.dat
0 FILE 42071 - 16091.dat
0 Car Steering Wheel Large Reinforced
0 Name: 16091.dat
0 Author: Philippe Hurbain [Philo]
0 !LDRAW_ORG Unofficial_Part
0 !LICENSE Redistributable under CCAL version 2.0 : see CAreadme.txt

0 BFC CERTIFY CCW

1 16 0 0 0 1 0 0 0 1 0 0 0 1 30663.dat

2 24 -1.375 -3.5 7.866 -1.375 1.599 7.866
2 24 7.5 -3.5 -2.742 7.5 1.599 -2.742
2 24 6.124 -3.5 -5.124 6.124 1.599 -5.124
2 24 11.314 -3.5 -8.12 6.124 -3.5 -5.124
3 16 11.314 -3.5 -8.12 6.124 -3.5 -5.124 6.124 1.599 -5.124
1 16 9.40675 -0.9505 -5.431 0.688 0 2.595 0 -1 -2.5495 1.191 0 -1.498 rect3.dat
2 24 -6.124 -3.5 -5.124 -6.124 1.599 -5.124
2 24 -7.5 -3.5 -2.742 -7.5 1.599 -2.742
2 24 -12.689 -3.5 -5.738 -7.5 -3.5 -2.742
3 16 -12.689 -3.5 -5.738 -7.5 -3.5 -2.742 -7.5 1.599 -2.742
1 16 -9.40675 -0.9505 -5.431 0.688 0 -2.5945 0 -1 -2.5495 -1.191 0 -1.498 rect3.dat
2 24 -7.499 1.599 -2.744 -7.391 1.544 -3.061
2 24 -7.391 1.544 -3.061 -6.928 1.485 -4
2 24 -6.928 1.485 -4 -6.347 1.543 -4.87
2 24 -6.124 1.599 -5.124 -6.347 1.543 -4.87
2 24 -11.314 -3.5 -8.12 -6.124 -3.5 -5.124
3 16 -6.124 -3.5 -5.124 -11.314 -3.5 -8.12 -6.124 1.599 -5.124
2 24 6.125 1.599 -5.122 6.346 1.544 -4.87
2 24 6.346 1.544 -4.87 6.928 1.485 -4
2 24 6.928 1.485 -4 7.391 1.543 -3.061
2 24 7.5 1.599 -2.742 7.391 1.543 -3.061
2 24 12.689 -3.5 -5.738 7.5 -3.5 -2.742
3 16 7.5 -3.5 -2.742 12.689 -3.5 -5.738 7.5 1.599 -2.742
2 24 1.375 -3.5 7.866 1.375 1.599 7.866
2 24 1.375 -3.5 13.858 1.375 -3.5 7.866
3 16 1.375 -3.5 13.858 1.375 -3.5 7.866 1.375 1.599 7.866
1 16 0 -0.9505 10.862 -1.375 0 0 0 -1 -2.5495 0 0 2.996 rect3.dat
2 24 1.373 1.599 7.866 1.044 1.544 7.931
2 24 1.044 1.544 7.931 0 1.485 8
2 24 0 1.485 8 -1.044 1.543 7.932
2 24 -1.375 1.599 7.866 -1.044 1.543 7.932
2 24 -1.375 -3.5 13.858 -1.375 -3.5 7.866
3 16 -1.375 -3.5 7.866 -1.375 -3.5 13.858 -1.375 1.599 7.866
