0 42090 Getaway Truck
0 Author: LEGO Digital Designer 4.3
0 ROTATION CENTER 0 0 0 1 "Custom" 
0 ROTATION CONFIG 0 0
1 0 -140 -150.934 -140 0 0 -1 -0.0697565 0.997564 0 0.997564 0.0697565 0 2780.dat
1 72 -180 -170.187 -151.37 0 -1 0 -0.997564 0 0.0697565 -0.0697565 0 -0.997564 64683.dat
1 0 -190 -164.605 -231.201 -1 0 0 0 0.997564 0.0697565 0 0.0697565 -0.997564 2780.dat
1 72 -199.999 -166.001 -211.25 0 1 0 0.997564 0 0.0697565 0.0697565 0 -0.997564 32524.dat
1 1 -220 -161.814 -271.105 -1 0 0 0 0.997564 0.0697565 0 0.0697565 -0.997564 6558.dat
1 71 -180 -101.963 -266.892 -1 0 0 0 0.0697565 -0.997564 0 -0.997564 -0.0697565 6536.dat
1 14 -220 -101.963 -266.891 -1 0 0 0 -0.997564 -0.0697565 0 -0.0697565 0.997564 32073.dat
1 71 -220 -101.961 -266.917 0 -1 0 -0.0697565 0 -0.997564 0.997564 0 -0.0697565 32140.dat
1 71 -260 -101.963 -266.892 -1 0 0 0 0.0697565 -0.997564 0 -0.997564 -0.0697565 6536.dat
1 72 -160 -72.553 -228.748 0 -1 0 -0.542736 0 0.839904 -0.839904 0 -0.542736 32523.dat
1 1 -170 -55.754 -239.603 -1 0 0 0 -0.542733 -0.839905 0 -0.839905 0.542733 43093.dat
1 0 -180 -110.334 -147.186 0 1 0 0.997564 0 0.0697565 0.0697565 0 -0.997564 32348.dat
1 14 -220 -110.333 -147.187 -1 0 0 0 -0.997564 -0.0697565 0 -0.0697565 0.997564 32073.dat
1 71 -220 -110.33 -147.211 0 1 0 0.0697565 0 -0.997564 -0.997564 0 -0.0697565 32140.dat
1 0 -260 -110.334 -147.186 0 1 0 0.997564 0 0.0697565 0.0697565 0 -0.997564 32348.dat
1 1 -270 -55.754 -239.603 1 0 0 0 0.542734 -0.839904 0 0.839904 0.542734 43093.dat
1 71 -199.999 -110.334 -147.186 0 -1 0 -0.997564 0 0.0697565 -0.0697565 0 -0.997564 32278.dat
1 71 -240 -110.334 -147.186 0 -1 0 -0.997564 0 0.0697565 -0.0697565 0 -0.997564 32278.dat
1 72 -280 -72.553 -228.748 0 -1 0 -0.542736 0 0.839904 -0.839904 0 -0.542736 32523.dat
1 1 -260 -118.704 -27.477 1 0 0 0 0.997564 -0.0697565 0 0.0697565 0.997564 6558.dat
1 72 -300 -155.818 -70.172 -1 0 0 0 -0.997564 -0.0697565 0 -0.0697565 0.997564 24119.dat
1 1 -300 -161.397 9.634 0 0 1 0.0697565 0.997564 0 -0.997564 0.0697565 0 6558.dat
1 72 -300 -161.397 9.634 1 0 0 0 0.0697565 0.997564 0 -0.997564 0.0697565 15100.dat
1 0 -280 -161.397 9.634 0 -1 0 -0.0697565 0 -0.997564 0.997564 0 -0.0697565 32316.dat
1 0 -270 -121.495 12.424 -1 0 0 0 0.997564 0.0697565 0 0.0697565 -0.997564 2780.dat
1 0 -260 -121.495 12.424 0 -1 0 -0.997564 0 0.0697565 -0.0697565 0 -0.997564 41239.dat
1 1 -260 -113.122 -107.282 1 0 0 0 0.997564 -0.0697565 0 0.0697565 0.997564 6558.dat
1 71 -160 -129.866 132.133 0 0 1 0.80552 0.592569 0 -0.592569 0.80552 0 6590.dat
1 71 -220 -129.866 132.133 -1 0 0 0 -0.80552 0.592569 0 0.592569 0.80552 44294.dat
1 0 -200 -130.222 132.249 0 -1 0 -0.592569 0 0.80552 -0.80552 0 -0.592569 60483.dat
1 0 -240 -130.222 132.249 0 -1 0 -0.592569 0 0.80552 -0.80552 0 -0.592569 60483.dat
1 71 -280 -129.866 132.133 0 0 -1 0.592569 0.80552 0 0.80552 -0.592569 0 6590.dat
1 1 -220.001 -114.112 120.396 1 0 0 0 -0.80552 -0.592569 0 0.592569 -0.80552 6558.dat
1 72 -180 -147.026 90.835 0 -1 0 0.997564 0 -0.0697565 0.0697565 0 0.997564 24119.dat
1 0 -200 -149.816 130.738 0 -1 0 -0.997564 0 0.0697565 -0.0697565 0 -0.997564 60483.dat
1 14 -220 -149.816 130.738 -1 0 0 0 -0.997564 -0.0697565 0 -0.0697565 0.997564 32073.dat
1 0 -220 -149.816 130.738 0 -1 0 0.0697565 0 0.997564 -0.997564 0 0.0697565 60483.dat
1 0 -240 -149.816 130.738 0 -1 0 -0.997564 0 0.0697565 -0.0697565 0 -0.997564 60483.dat
1 72 -260 -147.026 90.835 0 1 0 0.997564 0 0.0697565 0.0697565 0 -0.997564 24119.dat
1 0 -250 -148.422 110.787 -1 0 0 0 0.997564 0.0697565 0 0.0697565 -0.997564 2780.dat
1 0 -190 -148.422 110.787 -1 0 0 0 0.997564 0.0697565 0 0.0697565 -0.997564 2780.dat
1 1 -140 -161.397 9.634 0 0 1 0.0697565 0.997564 0 -0.997564 0.0697565 0 6558.dat
1 72 -139.999 -155.817 -70.171 1 0 0 0 -0.997564 0.0697565 0 -0.0697565 -0.997564 24119.dat
1 1 -180 -118.704 -27.477 1 0 0 0 0.997564 -0.0697565 0 0.0697565 0.997564 6558.dat
1 0 -180 -121.494 12.424 0 -1 0 -0.997564 0 0.0697565 -0.0697565 0 -0.997564 41239.dat
1 1 -180 -113.122 -107.282 1 0 0 0 0.997564 -0.0697565 0 0.0697565 0.997564 6558.dat
1 0 -170 -121.495 12.424 -1 0 0 0 0.997564 0.0697565 0 0.0697565 -0.997564 2780.dat
1 0 -160 -161.397 9.634 0 -1 0 -0.0697565 0 -0.997564 0.997564 0 -0.0697565 32316.dat
1 0 -180 -201.299 6.844 1 0 0 0 0.0697565 0.997564 0 -0.997564 0.0697565 32054.dat
1 71 -220 -201.299 6.843 1 0 0 0 0.997564 -0.0697565 0 0.0697565 0.997564 4519.dat
1 0 -260 -201.299 6.844 -1 0 0 0 -0.0697565 0.997564 0 0.997564 0.0697565 32054.dat
1 0 -180 -198.508 -33.058 0 -1 0 -0.997564 0 0.0697565 -0.0697565 0 -0.997564 32316.dat
1 0 -180 -195.719 -72.961 1 0 0 0 0.0697565 0.997564 0 -0.997564 0.0697565 32054.dat
1 71 -220 -195.719 -72.961 1 0 0 0 0.997564 -0.0697565 0 0.0697565 0.997564 4519.dat
1 0 -260 -195.719 -72.961 -1 0 0 0 -0.0697565 0.997564 0 0.997564 0.0697565 32054.dat
1 0 -220 -111.73 -127.233 1 0 0 0 0.839905 0.542734 0 -0.542734 0.839905 18651.dat
1 4 -220 -128.528 -116.38 -1 0 0 0 -0.839904 0.542735 0 0.542735 0.839904 32184.dat
1 71 -220 -145.326 -105.525 1 0 0 0 0.839905 0.542734 0 -0.542734 0.839905 44294.dat
1 0 -160 -199.905 -13.108 0 1 0 0.997564 0 0.0697565 0.0697565 0 -0.997564 32348.dat
1 0 -280 -199.905 -13.108 0 1 0 0.997564 0 0.0697565 0.0697565 0 -0.997564 32348.dat
1 0 -250 -145.326 -105.525 1 0 0 0 -0.997564 0.0697565 0 -0.0697565 -0.997564 62462.dat
1 0 -270 -198.509 -33.058 -1 0 0 0 0.997564 0.0697565 0 0.0697565 -0.997564 2780.dat
1 0 -260 -198.509 -33.058 0 -1 0 -0.997564 0 0.0697565 -0.0697565 0 -0.997564 32316.dat
1 0 -170 -198.509 -33.058 -1 0 0 0 0.997564 0.0697565 0 0.0697565 -0.997564 2780.dat
1 0 -190 -145.326 -105.525 1 0 0 0 -0.997564 0.0697565 0 -0.0697565 -0.997564 62462.dat
1 72 -140 -161.397 9.634 -1 0 0 0 -0.0697565 0.997564 0 0.997564 0.0697565 15100.dat
1 0 -300 -150.934 -140 0 0 -1 -0.0697565 0.997564 0 0.997564 0.0697565 0 2780.dat
1 72 -260 -170.187 -151.37 0 1 0 0.997564 0 0.0697565 0.0697565 0 -0.997564 64391.dat
1 0 -300 -138.866 -169.23 0 0 -1 0.997564 0.0697565 0 0.0697565 -0.997564 0 2780.dat
1 0 -220 -128.891 -168.532 0 0 1 0.0697565 0.997564 0 -0.997564 0.0697565 0 40490.dat
1 0 -140 -138.866 -169.23 0 0 -1 0.997564 0.0697565 0 0.0697565 -0.997564 0 2780.dat
1 0 -280 -128.891 -168.532 0 0 -1 -0.997564 -0.0697565 0 -0.0697565 0.997564 0 32054.dat
1 0 -160 -128.891 -168.532 0 0 -1 -0.997564 -0.0697565 0 -0.0697565 0.997564 0 32054.dat
1 0 -250 -164.606 -231.201 -1 0 0 0 0.997564 0.0697565 0 0.0697565 -0.997564 2780.dat
1 72 -240 -166.001 -211.25 0 1 0 0.997564 0 0.0697565 0.0697565 0 -0.997564 32524.dat
1 1 -220 -170.185 -151.395 -1 0 0 0 0.997564 0.0697565 0 0.0697565 -0.997564 6558.dat
1 1 -220 -163.21 -251.152 -1 0 0 0 0.997564 0.0697565 0 0.0697565 -0.997564 6558.dat
1 1 -220 -168.79 -171.345 -1 0 0 0 0.997564 0.0697565 0 0.0697565 -0.997564 6558.dat
1 0 -250 -167.395 -191.298 -1 0 0 0 0.997564 0.0697565 0 0.0697565 -0.997564 2780.dat
1 0 -260 -170.886 -141.394 0 0 -1 -0.0697565 0.997564 0 0.997564 0.0697565 0 2780.dat
1 72 -220 -171.583 -131.419 0 0 1 0.997564 -0.0697565 0 0.0697565 0.997564 0 32524.dat
1 0 -180 -170.886 -141.394 0 0 -1 -0.0697565 0.997564 0 0.997564 0.0697565 0 2780.dat
1 0 -190 -106.149 -207.039 -1 0 0 0 0.997564 0.0697565 0 0.0697565 -0.997564 2780.dat
1 1 -220 -120.1 -7.529 1 0 0 0 0.997564 -0.0697565 0 0.0697565 0.997564 6558.dat
1 0 -270 -89.351 -217.896 -1 0 0 0 0.997564 0.0697565 0 0.0697565 -0.997564 2780.dat
1 0 -250 -106.149 -207.039 -1 0 0 0 0.997564 0.0697565 0 0.0697565 -0.997564 2780.dat
1 0 -130 -72.553 -228.748 0 0 1 0.997564 -0.0697565 0 0.0697565 0.997564 0 56145.dat
1 0 -130 -72.553 -228.748 0 0 -1 0.0697565 -0.997564 0 -0.997564 -0.0697565 0 61481.dat
1 71 -114 -72.553 -228.748 0 0 1 0.997564 -0.0697565 0 0.0697565 0.997564 0 6590.dat
1 0 -219.999 -72.553 -228.748 -1 0 0 0 -0.997564 -0.0697565 0 -0.0697565 0.997564 3708.dat
1 0 -310 -72.553 -228.748 0 0 -1 0.997564 0.0697565 0 0.0697565 -0.997564 0 56145.dat
1 0 -310 -72.553 -228.748 0 0 1 -0.0697565 -0.997564 0 0.997564 -0.0697565 0 61481.dat
1 71 -326 -72.553 -228.748 0 0 -1 0.997564 0.0697565 0 0.0697565 -0.997564 0 6590.dat
1 0 -170 -89.351 -217.896 -1 0 0 0 0.997564 0.0697565 0 0.0697565 -0.997564 2780.dat
1 0 -260 -110.543 -287.541 0 0 -1 0.997564 0.0697565 0 0.0697565 -0.997564 0 2780.dat
1 71 -219.999 -120.518 -288.24 0 0 1 0.0697565 0.997564 0 -0.997564 0.0697565 0 32525.dat
1 0 -240 -130.493 -288.937 0 0 -1 0.997564 0.0697565 0 0.0697565 -0.997564 0 2780.dat
1 71 -240 -141.866 -269.682 -1 0 0 0 0.0697565 -0.997564 0 -0.997564 -0.0697565 6536.dat
1 14 -220 -141.863 -269.708 -1 0 0 0 -0.997564 -0.0697565 0 -0.0697565 0.997564 32073.dat
1 71 -200 -141.866 -269.682 -1 0 0 0 0.0697565 -0.997564 0 -0.997564 -0.0697565 6536.dat
1 71 -160 -141.863 -269.707 0 0 1 0.0697565 0.997564 0 -0.997564 0.0697565 0 32013.dat
1 71 -280 -141.863 -269.707 0 0 -1 -0.0697565 0.997564 0 0.997564 0.0697565 0 32013.dat
1 71 -279.999 -141.165 -279.684 0 -1 0 0.0697565 0 0.997564 -0.997564 0 0.0697565 4274.dat
1 43 -280 -140.607 -287.664 0 0 -1 -0.997564 -0.0697565 0 -0.0697565 0.997564 0 6141.dat
1 0 -199.999 -130.493 -288.937 0 0 -1 0.997564 0.0697565 0 0.0697565 -0.997564 0 2780.dat
1 71 -160.001 -141.165 -279.684 0 -1 0 0.0697565 0 0.997564 -0.997564 0 0.0697565 4274.dat
1 43 -160 -140.607 -287.664 0 0 -1 -0.997564 -0.0697565 0 -0.0697565 0.997564 0 6141.dat
1 0 -180 -110.543 -287.541 0 0 -1 0.997564 0.0697565 0 0.0697565 -0.997564 0 2780.dat
1 0 -190 -167.395 -191.298 -1 0 0 0 0.997564 0.0697565 0 0.0697565 -0.997564 2780.dat
1 1 -220 -80.468 37.523 -1 0 0 0 -0.715211 -0.698909 0 -0.698909 0.715211 6558.dat
1 72 -200 -80.468 37.523 0 1 0 -0.747097 0 0.664715 0.664715 0 0.747097 32523.dat
1 71 -180 -93.763 22.58 0 1 0 -0.747097 0 0.664715 0.664716 0 0.747097 32140.dat
1 14 -220 -93.678 22.504 -1 0 0 0 -0.664715 -0.747097 0 -0.747097 0.664715 32073.dat
1 71 -260 -93.847 22.655 0 1 0 -0.747097 0 0.664715 0.664716 0 0.747097 32140.dat
1 72 -240 -80.552 37.596 0 1 0 -0.747097 0 0.664715 0.664715 0 0.747097 32523.dat
1 1 -240 -67.258 52.539 -1 0 0 0 -0.715211 -0.698909 0 -0.698909 0.715211 6558.dat
1 71 -326 -69.063 80.766 0 0 -1 0.997564 0.0697565 0 0.0697565 -0.997564 0 6590.dat
1 0 -220 -69.063 80.766 -1 0 0 0 -0.997564 -0.0697565 0 -0.0697565 0.997564 3708.dat
1 72 -220 -69.063 80.766 1 0 0 0 0.75471 0.656059 0 -0.656059 0.75471 12799.dat
1 71 -160 -69.063 80.766 0 0 1 0.997564 -0.0697565 0 0.0697565 0.997564 0 6590.dat
1 71 -280 -69.063 80.766 0 0 -1 0.997564 0.0697565 0 0.0697565 -0.997564 0 6590.dat
1 0 -130 -69.063 80.766 0 0 1 0.997564 -0.0697565 0 0.0697565 0.997564 0 56145.dat
1 0 -130 -69.063 80.766 0 0 -1 0.0697565 -0.997564 0 -0.997564 -0.0697565 0 61481.dat
1 0 -310 -69.063 80.766 0 0 -1 0.997564 0.0697565 0 0.0697565 -0.997564 0 56145.dat
1 0 -310 -69.063 80.766 0 0 1 -0.0697565 -0.997564 0 0.997564 -0.0697565 0 61481.dat
1 71 -114 -69.063 80.766 0 0 1 0.997564 -0.0697565 0 0.0697565 0.997564 0 6590.dat
1 0 -190 -67.173 52.463 -1 0 0 0 0.997564 0.0697565 0 0.0697565 -0.997564 2780.dat
0
