0 FILE 462.ldr
0 Rocket Launcher
0 Name: 462.ldr
0 Author: Lego2Lego
1 7 0 0 0 1 0 0 0 1 0 -0 0 1 front car.ldr
1 7 130 0 250 0.707107 0 0.707107 0 1 0 -0.707107 0 0.707107 trailer.ldr
0 NOFILE
0 FILE white space minifigure.ldr
0 minifig
0 Name: white space minifigure.ldr
0 Author: Lego2Lego
1 15 0 -28 0 1 0 0 0 1 0 0 0 1 3842a.dat
1 14 0 -28 0 1 0 0 0 1 0 0 0 1 3626BP01.dat
1 15 0 -2 0 1 0 0 0 1 0 0 0 1 3838.dat
1 15 0 0 0 1 0 0 0 1 0 0 0 1 973P90.dat
1 15 15.4 8 0 0.985435 0.137577 0.099956 -0.170055 0.797233 0.579224 0 -0.587785 0.809017 3819.dat
1 15 21.941582 16.504921 -19.258089 0.999378 -0.023155 -0.026602 0.018785 0.987868 -0.154156 0.029849 0.15356 0.987688 3820.dat
1 15 -15.4 8 0 0.985435 -0.137577 -0.099956 0.170055 0.797233 0.579224 0 -0.587785 0.809017 3818.dat
1 15 -21.941582 16.504921 -19.258089 0.998559 -0.046615 0.026602 0.050171 0.986772 -0.154156 -0.019065 0.155268 0.987688 3820.dat
1 15 0 32 0 1 0 0 0 1 0 0 0 1 3815.dat
1 15 0 44 0 1 0 0 0 -0 1 0 -1 -0 3817.dat
1 15 0 44 0 1 0 0 0 -0 1 0 -1 -0 3816.dat
0 NOFILE
0 FILE front car.ldr
0 front car
0 Name: front car.ldr
0 Author: Lego2Lego
1 7 0 0 0 0 0 1 0 1 0 -1 0 0 3795.dat
1 7 0 0 80 -1 0 0 0 1 0 -0 0 -1 3731.dat
1 7 0 0 -70 -1 -0 0 -0 1 -0 -0 -0 -1 3023.dat
0 STEP
1 7 0 8 -20 -1 -0 0 -0 1 -0 -0 -0 -1 3020.dat
1 7 0 8 20 -1 -0 0 -0 1 -0 -0 -0 -1 122c01.dat
1 7 0 8 60 -1 -0 0 -0 1 -0 -0 -0 -1 122c01.dat
1 7 0 8 -60 -1 -0 0 -0 1 -0 -0 -0 -1 122c01.dat
1 256 31 14 -60 0 -0 -1 0 1 -0 1 0 0 3641.dat
1 256 31 14 20 0 -0 -1 0 1 -0 1 0 0 3641.dat
1 256 31 14 60 0 -0 -1 0 1 -0 1 0 0 3641.dat
1 256 -31 14 -60 0 -0 -1 0 1 -0 1 0 0 3641.dat
1 256 -31 14 20 0 -0 -1 0 1 -0 1 0 0 3641.dat
1 256 -31 14 60 0 -0 -1 0 1 -0 1 0 0 3641.dat
0 STEP
1 7 -1 -16 -60 1 0 0 0 1 -0 -0 0 1 3787.dat
1 7 -1 -16 20 1 0 0 0 1 -0 -0 0 1 3787.dat
1 7 -1 -16 60 1 0 0 0 1 -0 -0 0 1 3787.dat
1 7 -1 -16 -50 1 0 0 0 1 -0 -0 0 1 3829c01.dat
1 7 -1 -16 -70 1 0 0 0 1 -0 -0 0 1 3794b.dat
1 7 -1 -16 60 1 0 0 0 1 -0 -0 0 1 3680c01.dat
0 STEP
1 7 -1 -24 60 1 0 0 0 1 -0 -0 0 1 3020.dat
1 7 19 -32 60 -0 0 1 0 1 -0 -1 -0 -0 3020.dat
0 STEP
1 7 19 -40 80 0 -0 1 0 1 0 -1 -0 0 3022.dat
1 7 -21 -32 60 -1 0 0 0 1 -0 -0 -0 -1 3956.dat
0 STEP
1 7 -21 -92 80 -0 -0 -1 1 0 -0 0 -1 0 3795.dat
1 7 19 -64 90 1 -0 -0 0 1 -0 0 0 1 3039p23.dat
1 7 -21 -142 72 -1 -0 0 -0 -0 -1 0 -1 0 3938.dat
1 7 -21 -142 72 1 0 -0 0 0 1 0 -1 0 3937.dat
0 STEP
1 7 -31 -142 48 1 0 -0 0 0 1 0 -1 0 3960.dat
1 34 -31 -142 32 1 0 -0 0 0 1 0 -1 0 3062a.dat
1 7 -1 -16 -70 -1 -0 -0 0 1 -0 0 -0 -1 3838.dat
1 0 -1 -53 -12 1 0 0 0 1 0 -0 0 1 red space minifigure.ldr
1 0 19 -85 32 -1 -0 0 -0 1 -0 0 -0 -1 white space minifigure.ldr
0 STEP
0 NOFILE
0 FILE red space minifigure.ldr
0 minifigure
0 Name: red space minifigure.ldr
0 Author: Lego2Lego
1 4 0 -28 0 1 0 0 0 1 0 0 0 1 3842a.dat
1 14 0 -28 0 1 0 0 0 1 0 0 0 1 3626BP01.dat
1 4 0 -2 0 1 0 0 0 1 0 0 0 1 3838.dat
1 4 0 0 0 1 0 0 0 1 0 0 0 1 973P90.dat
1 4 15.4 8 0 0.985435 0.137577 0.099956 -0.170055 0.797233 0.579224 0 -0.587785 0.809017 3819.dat
1 4 21.941582 16.504921 -19.258089 0.999378 -0.023155 -0.026602 0.018785 0.987868 -0.154156 0.029849 0.15356 0.987688 3820.dat
1 4 -15.4 8 0 0.985435 0.038254 -0.165696 0.170055 -0.221675 0.960178 0 -0.97437 -0.224951 3818.dat
1 4 -17.943384 -6.66387 -16.263521 0.989072 0.030651 -0.144215 0.105147 0.539033 0.835696 0.103351 -0.841727 0.529919 3820.dat
1 0 -16.493521 -15.75779 -20.886822 -0.461222 -0.007719 -0.887251 0.597098 0.73696 -0.316803 0.656314 -0.675892 -0.335293 3962a.dat
1 4 0 32 0 1 0 0 0 1 0 0 0 1 3815.dat
1 4 0 44 0 1 0 0 0 -0 1 0 -1 -0 3817.dat
1 4 0 44 0 1 0 0 0 -0 1 0 -1 -0 3816.dat
0 NOFILE
0 FILE trailer.ldr
0 trailer
0 Name: trailer.ldr
0 Author: Lego2Lego
1 7 0 0 -50 0 0 1 0 1 0 -1 0 0 3034.dat
1 7 0 8 -130 -1 0 0 0 1 0 -0 0 -1 122c01.dat
1 7 0 8 30 -1 0 0 0 1 0 -0 0 -1 122c01.dat
1 256 31 14 30 0 0 1 0 1 -0 -1 -0 0 3641.dat
1 256 -31 14 30 0 -0 1 0 1 0 -1 -0 0 3641.dat
1 256 -31 14 -130 0 -0 1 0 1 0 -1 -0 0 3641.dat
1 256 31 14 -130 0 0 1 0 1 -0 -1 -0 0 3641.dat
0 STEP
1 7 0 0 -150 1 0 -0 0 1 0 0 0 1 3730.dat
1 7 0 0 40 1 0 -0 0 1 0 0 0 1 3023.dat
0 STEP
1 7 0 -16 30 1 0 -0 0 1 0 0 0 1 3787.dat
1 7 0 -16 -130 1 0 -0 0 1 0 0 0 1 3787.dat
1 7 0 -16 -140 1 0 -0 0 1 0 0 0 1 3794b.dat
0 STEP
1 7 0 -24 -130 -0 0 -1 0 1 0 1 0 -0 3023.dat
1 7 0 -32 -120 0 0 -1 0 1 0 1 0 0 3024.dat
1 36 0 -40 -120 0 0 -1 0 1 0 1 0 0 3024.dat
1 7 0 -56 50 1 0 0 0 1 0 -0 0 1 3479.dat
1 7 0 -56 -70 -1 0 -0 0 1 0 0 0 -1 3479.dat
1 7 0 -8 -50 0 -0 -1 -0 1 -0 1 0 0 3795.dat
0 STEP
1 7 0 -48 -140 1 0 0 0 1 -0 -0 0 1 3963.dat
1 7 0 -80 50 1 0 0 0 1 -0 -0 0 1 3956.dat
1 7 0 -62 80 1 0 0 0 1 -0 -0 0 1 3324ec01.dat
0 STEP
1 15 0 -100 30 1 -0 0 0 -0 -1 0 1 -0 3941.dat
1 0 0 -100 54 1 -0 0 0 -0 -1 0 1 -0 3941.dat
1 15 0 -100 78 1 -0 0 0 -0 -1 0 1 -0 3941.dat
1 15 0 -100 102 1 -0 0 0 -0 -1 0 1 -0 3941.dat
1 0 0 -100 126 1 -0 0 0 -0 -1 0 1 -0 3942a.dat
1 4 -30 -38 -140 0 -1 0 -1 -0 -0 0 -0 -1 3794b.dat
1 4 30 -38 -140 -0 1 -0 -1 -0 -0 -0 0 1 3794b.dat
0 STEP
1 15 0 -100 -2 1 -0 0 0 -0 -1 0 1 -0 3941.dat
1 15 0 -100 -26 1 -0 0 0 -0 -1 0 1 -0 3941.dat
1 0 0 -100 -50 1 -0 0 0 -0 -1 0 1 -0 3941.dat
1 15 0 -100 -74 1 -0 0 0 -0 -1 0 1 -0 3941.dat
1 15 0 -100 -122 1 -0 0 0 -0 -1 0 1 -0 3942a.dat
1 7 0 -56 -140 1 0 0 0 1 -0 -0 0 1 3957a.dat
0 STEP
0 NOFILE