0 FILE A-Wing Fighter.ldr
0 A-Wing Fighter
0 Name: A-Wing Fighter.ldr
0 Author: LDraw
0 Unofficial Model
0 ROTATION CENTER 0 0 0 1 "Custom" 
0 ROTATION CONFIG 0 0
1 0 -60 -8 0 1 0 0 0 1 0 0 0 1 Part 1.ldr
1 0 84 -8 36 0.92388 0 -0.382683 0 1 0 0.382683 0 0.92388 Part 2.ldr
1 0 -62.43 -48 -58.331 0.92388 0 -0.382683 0 1 0 0.382683 0 0.92388 A-Wing Pilot.ldr
1 0 44.609 -48 -61.501 0.92388 0 0.382683 0 1 0 -0.382683 0 0.92388 Rebel Technician.ldr
1 0 -7.696 -48 274.084 0.707107 0 -0.707107 0 1 0 0.707107 0 0.707107 Part 3.ldr
0
0 FILE A-Wing Pilot.ldr
0 A-Wing Pilot
0 Name: A-Wing Pilot.ldr
0 Author: LDraw
0 Unofficial Model
0 ROTATION CENTER 0 0 0 1 "Custom" 
0 ROTATION CONFIG 0 0
1 72 0 -24 0 1 0 0 0 1 0 0 0 1 2446.dat
1 40 0 -24 0 1 0 0 0 1 0 0 0 1 2447.dat
1 78 0 -24 0 1 0 0 0 1 0 0 0 1 3626bp01.dat
1 2 0 0 0 1 0 0 0 1 0 0 0 1 973ps0.dat
1 0 0 32 0 1 0 0 0 1 0 0 0 1 3815.dat
1 2 -15.552 9 0 0.985 -0.17 0 0.17 0.985 0 0 0 1 3818.dat
1 2 15.552 9 0 0.985 0.17 0 -0.17 0.985 0 0 0 1 3819.dat
1 0 -23.8634 26.5956 -10.321 0.985 -0.12019 0.12019 0.17 0.696395 -0.696395 0 0.707 0.707 3820.dat
1 0 23.8634 26.5956 -10.321 0.985 0.12019 -0.12019 -0.17 0.696395 -0.696395 0 0.707 0.707 3820.dat
1 2 0 44 0 1 0 0 0 1 0 0 0 1 3816.dat
1 2 0 44 0 1 0 0 0 1 0 0 0 1 3817.dat
0
0 FILE Rebel Technician.ldr
0 Rebel Technician
0 Name: Rebel Technician.ldr
0 Author: LDraw
0 Unofficial Model
0 ROTATION CENTER 0 0 0 1 "Custom" 
0 ROTATION CONFIG 0 0
1 71 0 -24 0 1 0 0 0 1 0 0 0 1 46303.dat
1 78 0 -24 0 1 0 0 0 1 0 0 0 1 3626bp01.dat
1 71 0 0 0 1 0 0 0 1 0 0 0 1 973psc.dat
1 71 0 32 0 1 0 0 0 1 0 0 0 1 3815.dat
1 71 -15.552 9 0 0.985 -0.17 0 0.17 0.985 0 0 0 1 3818.dat
1 71 15.552 9 0 0.985 0.17 0 -0.17 0.985 0 0 0 1 3819.dat
1 78 -23.8634 26.5956 -10.321 0.985 -0.12019 0.12019 0.17 0.696395 -0.696395 0 0.707 0.707 3820.dat
1 78 23.8634 26.5956 -10.321 0.985 0.12019 -0.12019 -0.17 0.696395 -0.696395 0 0.707 0.707 3820.dat
1 71 0 44 0 1 0 0 0 1 0 0 0 1 3816.dat
1 71 0 44 0 1 0 0 0 1 0 0 0 1 3817.dat
0
0 FILE Part 1.ldr
0 Part 1
0 Name: Part 1.ldr
0 Author: LDraw
0 Unofficial Model
0 ROTATION CENTER 0 0 0 1 "Custom" 
0 ROTATION CONFIG 0 0
1 0 -20 16 0 1 0 0 0 1 0 0 0 1 3032.dat
1 19 -10 -16 0 0 0 1 0 1 0 -1 0 0 2432.dat
1 72 -70 8 0 0 0 1 0 1 0 -1 0 0 3023.dat
1 71 -70 0 0 0 0 1 0 1 0 -1 0 0 2436a.dat
1 0 -70 -8 10 0.382683 0 0.92388 0 1 0 -0.92388 0 0.382683 4592.dat
1 71 -70 -8 10 0.382683 -0.653281 0.653281 0 0.707107 0.707107 -0.92388 -0.270598 0.270598 4593.dat
1 72 30 0 0 0 0 1 0 1 0 -1 0 0 2412b.dat
1 72 20 24 0 0 0 1 0 1 0 -1 0 0 2654.dat
1 72 -60 24 -20 0 0 1 0 1 0 -1 0 0 2654.dat
1 72 -60 24 20 0 0 1 0 1 0 -1 0 0 2654.dat
1 72 -70 16 30 -1 0 0 0 1 0 0 0 -1 54200.dat
1 47 -84 10 30 0 1 0 0 0 1 1 0 0 54200.dat
1 72 -84 10 10 0 1 0 0 0 1 1 0 0 54200.dat
1 72 -84 10 -10 0 1 0 0 0 1 1 0 0 54200.dat
1 47 -84 10 -30 0 1 0 0 0 1 1 0 0 54200.dat
1 72 -70 16 -30 1 0 0 0 1 0 0 0 1 54200.dat
1 0 20 8 0 0 0 -1 0 1 0 1 0 0 3731.dat
1 14 -20 -8 -30 1 0 0 0 1 0 0 0 1 30413.dat
1 14 -20 -8 30 -1 0 0 0 1 0 0 0 -1 30413.dat
1 0 -70 -8 -10 -0.382683 0 0.92388 0 1 0 -0.92388 0 -0.382683 4592.dat
1 71 -70 -8 -10 -0.382683 -0.653281 0.653281 0 0.707107 0.707107 -0.92388 0.270598 -0.270598 4593.dat
0
0 FILE Part 2.ldr
0 Part 2
0 Name: Part 2.ldr
0 Author: LDraw
0 Unofficial Model
0 ROTATION CENTER 0 0 0 1 "Custom" 
0 ROTATION CONFIG 0 0
1 0 -20 16 0 1 0 0 0 1 0 0 0 1 3032.dat
1 0 50 10 0 0 0.679441 -0.73373 0 -0.73373 -0.679441 -1 0 0 6020.dat
1 72 30 8 0 0 0 -1 0 1 0 1 0 0 2540.dat
1 72 20 24 0 0 0 -1 0 1 0 1 0 0 2654.dat
1 72 -60 24 20 0 0 -1 0 1 0 1 0 0 2654.dat
1 72 -60 24 -20 0 0 -1 0 1 0 1 0 0 2654.dat
1 0 -60 8 0 0 0 1 0 1 0 -1 0 0 3730.dat
1 36 -50 0 10 0 0 1 0 1 0 -1 0 0 4073.dat
1 14 -20 -8 -30 1 0 0 0 1 0 0 0 1 30413.dat
1 14 -20 -8 30 -1 0 0 0 1 0 0 0 -1 30413.dat
1 72 -70 16 30 -1 0 0 0 1 0 0 0 -1 54200.dat
1 72 -70 16 -30 1 0 0 0 1 0 0 0 1 54200.dat
0
0 FILE Part 3.ldr
0 Part 3
0 Name: Part 3.ldr
0 Author: LDraw
0 Unofficial Model
0 ROTATION CENTER 0 0 0 1 "Custom" 
0 ROTATION CONFIG 0 0
1 15 -70 16 50 0 0 1 0 1 0 -1 0 0 3035.dat
1 15 -70 -32 50 0 0 -1 0 1 0 1 0 0 4345b.dat
1 71 -70 -32 50 0 0 -1 0 1 0 1 0 0 4346.dat
1 0 -70 -40 50 -1 0 0 0 1 0 0 0 -1 2376.dat
1 15 -60 -32 80 1 0 0 0 1 0 0 0 1 3622.dat
1 15 -80 -56 80 1 0 0 0 1 0 0 0 1 3005.dat
1 15 -80 -56 20 1 0 0 0 1 0 0 0 1 3005.dat
1 15 -60 -56 80 0 0 -1 0 1 0 1 0 0 4286.dat
1 15 -60 -56 20 0 0 -1 0 1 0 1 0 0 4286.dat
1 15 -60 -32 20 1 0 0 0 1 0 0 0 1 3622.dat
1 15 -150 -24 80 1 0 0 0 1 0 0 0 1 3666.dat
1 15 -260 -24 50 0 0 -1 0 1 0 1 0 0 3666.dat
1 15 -150 -24 20 1 0 0 0 1 0 0 0 1 3666.dat
1 15 -130 -32 160 1 0 0 0 1 0 0 0 1 2431.dat
1 15 -130 -32 -60 1 0 0 0 1 0 0 0 1 2431.dat
1 15 -120 -48 0 1 0 0 0 1 0 0 0 1 4161.dat
1 15 -120 -48 100 -1 0 0 0 1 0 0 0 -1 4161.dat
1 15 -160 -48 0 0 0 1 0 1 0 -1 0 0 42061.dat
1 15 -160 -48 100 0 0 1 0 1 0 -1 0 0 42060.dat
1 15 -110 -32 180 1 0 0 0 1 0 0 0 1 2412b.dat
1 15 -110 -32 -80 1 0 0 0 1 0 0 0 1 2412b.dat
1 15 -140 -24 -30 0 0 -1 0 1 0 1 0 0 3710.dat
1 15 -230 -24 -40 0 0 1 0 1 0 -1 0 0 50305.dat
1 15 -230 -24 140 0 0 1 0 1 0 -1 0 0 50304.dat
1 15 -350 -24 -10 0 0 1 0 1 0 -1 0 0 41770.dat
1 15 -350 -24 110 0 0 1 0 1 0 -1 0 0 41769.dat
1 15 -140 -24 130 0 0 -1 0 1 0 1 0 0 3710.dat
1 15 -110 -24 170 0 0 -1 0 1 0 1 0 0 10247.dat
1 15 -110 -24 -70 0 0 1 0 1 0 -1 0 0 10247.dat
1 71 -110 -24 -110 0 0 -1 0 1 0 1 0 0 10247.dat
1 71 -110 -24 210 0 0 1 0 1 0 -1 0 0 10247.dat
1 0 -110 -14 190 0 0 1 0 1 0 -1 0 0 2780.dat
1 0 -110 -14 -90 0 0 1 0 1 0 -1 0 0 2780.dat
1 4 -110 -24 120 0 0 -1 0 1 0 1 0 0 3021.dat
1 4 -110 -24 -20 0 0 -1 0 1 0 1 0 0 3021.dat
1 4 -230 -24 50 0 0 -1 0 1 0 1 0 0 3022.dat
1 72 -220 -48 50 0 0 1 0 1 0 -1 0 0 3937.dat
1 0 -220 -48 50 0 0 1 0 1 0 -1 0 0 6134.dat
1 40 -180 -48 50 0 0 1 0 1 0 -1 0 0 30384.dat
1 0 -90 -38 220 0 -1 0 0 0 1 -1 0 0 30374.dat
1 0 -90 -38 -120 0 -1 0 0 0 1 -1 0 0 30374.dat
1 72 -20 -56 50 0 0 -1 0 1 0 1 0 0 3937.dat
1 0 -20 -56 50 0 0 -1 0 1 0 1 0 0 6134.dat
1 19 -100 -48 50 0 0 1 0 1 0 -1 0 0 2432.dat
1 15 -30 -48 0 1 0 0 0 1 0 0 0 1 2877.dat
1 15 -70 -56 0 1 0 0 0 1 0 0 0 1 6636.dat
1 15 -70 -56 100 1 0 0 0 1 0 0 0 1 6636.dat
1 15 -210 0 0 1 0 0 0 1 0 0 0 1 6636.dat
1 15 -30 -48 100 -1 0 0 0 1 0 0 0 -1 2877.dat
1 15 -20 -32 50 0 0 1 0 1 0 -1 0 0 3010.dat
1 15 -150 16 50 0 0 1 0 1 0 -1 0 0 3035.dat
1 0 -130 -16 50 0 0 1 0 1 0 -1 0 0 3029.dat
1 0 -270 -16 50 1 0 0 0 1 0 0 0 1 3030.dat
1 0 -200 -40 50 0 0 -1 0 1 0 1 0 0 3039ps1.dat
1 0 -270 -16 -20 0 0 1 0 1 0 -1 0 0 50305.dat
1 0 -270 -16 120 0 0 1 0 1 0 -1 0 0 50304.dat
1 0 -180 -16 140 0 0 1 0 1 0 -1 0 0 4073.dat
1 0 -180 -16 -40 0 0 1 0 1 0 -1 0 0 4073.dat
1 15 -140 -8 120 -1 0 0 0 1 0 0 0 -1 3665.dat
1 15 -140 -8 -20 1 0 0 0 1 0 0 0 1 3665.dat
1 15 -210 -8 -30 0 0 1 0 1 0 -1 0 0 41765.dat
1 15 -210 -8 100 0 0 1 0 1 0 -1 0 0 42023.dat
1 15 -210 -8 0 0 0 1 0 1 0 -1 0 0 42023.dat
1 72 -250 -8 20 0 0 1 0 1 0 -1 0 0 42023.dat
1 72 -250 -8 40 0 0 1 0 1 0 -1 0 0 42023.dat
1 72 -250 -8 60 0 0 1 0 1 0 -1 0 0 42023.dat
1 72 -190 24 50 0 0 1 0 1 0 -1 0 0 3940.dat
1 72 14 2 50 0 -1 0 0 0 1 -1 0 0 3941.dat
1 72 30 2 50 0 -1 0 0 0 1 -1 0 0 4032a.dat
1 0 22 2 50 0 -1 0 0 0 1 -1 0 0 4032a.dat
1 72 -250 -8 80 0 0 1 0 1 0 -1 0 0 42023.dat
1 15 -210 -8 130 0 0 1 0 1 0 -1 0 0 41764.dat
1 15 -230 16 10 0 0 1 0 1 0 -1 0 0 30503.dat
1 15 -230 16 90 -1 0 0 0 1 0 0 0 -1 30503.dat
1 15 -20 16 50 0 0 1 0 1 0 -1 0 0 3460.dat
1 15 30 16 -20 1 0 0 0 1 0 0 0 1 3710.dat
1 15 -10 24 -20 1 0 0 0 1 0 0 0 1 3460.dat
1 15 -10 24 120 1 0 0 0 1 0 0 0 1 3460.dat
1 15 -10 -56 -20 1 0 0 0 1 0 0 0 1 3460.dat
1 15 -10 -56 120 1 0 0 0 1 0 0 0 1 3460.dat
1 15 30 -80 120 1 0 0 0 1 0 0 0 1 3010.dat
1 15 30 -80 -20 1 0 0 0 1 0 0 0 1 3010.dat
1 15 20 -104 -20 1 0 0 0 1 0 0 0 1 3005.dat
1 15 20 -104 120 1 0 0 0 1 0 0 0 1 3005.dat
1 15 -20 -80 -20 0 0 1 0 1 0 -1 0 0 4286.dat
1 15 -20 -80 120 0 0 1 0 1 0 -1 0 0 4286.dat
1 15 40 -104 120 0 0 -1 0 1 0 1 0 0 3040b.dat
1 15 40 -104 -20 0 0 -1 0 1 0 1 0 0 3040b.dat
1 71 0 -104 -20 0 0 1 0 1 0 -1 0 0 3040b.dat
1 71 0 -104 120 0 0 1 0 1 0 -1 0 0 3040b.dat
1 71 -10 32 120 1 0 0 0 1 0 0 0 1 3666.dat
1 71 -10 32 -20 1 0 0 0 1 0 0 0 1 3666.dat
1 36 60 32 -20 1 0 0 0 1 0 0 0 1 4073.dat
1 36 -250 -22 -100 0 -1 0 1 0 0 0 0 1 4073.dat
1 36 -250 -22 200 0 -1 0 1 0 0 0 0 1 4073.dat
1 36 60 32 120 1 0 0 0 1 0 0 0 1 4073.dat
1 15 30 16 120 1 0 0 0 1 0 0 0 1 3710.dat
1 15 10 64 -20 1 0 0 0 1 0 0 0 1 3710.dat
1 15 10 64 120 1 0 0 0 1 0 0 0 1 3710.dat
1 4 -20 -8 50 0 0 1 0 1 0 -1 0 0 3700.dat
1 4 -130 -8 100 1 0 0 0 1 0 0 0 1 3010.dat
1 4 -130 -8 0 1 0 0 0 1 0 0 0 1 3010.dat
1 4 -220 -8 50 0 0 -1 0 1 0 1 0 0 3010.dat
1 320 -30 -18 120 0 0 1 0 1 0 -1 0 0 30360.dat
1 320 -30 -48 120 -1 0 0 0 1 0 0 0 -1 3039.dat
1 320 -30 -48 -20 1 0 0 0 1 0 0 0 1 3039.dat
1 320 -230 -40 80 1 0 0 0 1 0 0 0 1 3004.dat
1 320 -250 -48 80 1 0 0 0 1 0 0 0 1 2431.dat
1 320 -250 -48 20 1 0 0 0 1 0 0 0 1 2431.dat
1 320 -290 -40 70 0 0 1 0 1 0 -1 0 0 44126.dat
1 320 -290 -40 30 0 0 1 0 1 0 -1 0 0 44126.dat
1 320 -230 -40 20 1 0 0 0 1 0 0 0 1 3004.dat
1 320 -180 -48 20 0 0 -1 0 1 0 1 0 0 50950.dat
1 320 -180 -48 80 0 0 -1 0 1 0 1 0 0 50950.dat
1 320 -100 -48 80 0 0 1 0 1 0 -1 0 0 4286.dat
1 320 -100 -48 20 0 0 1 0 1 0 -1 0 0 4286.dat
1 320 -260 -48 50 0 0 -1 0 1 0 1 0 0 3004.dat
1 320 -30 -64 50 0 0 -1 0 1 0 1 0 0 43719.dat
1 320 -30 -72 50 0 0 -1 0 1 0 1 0 0 43719.dat
1 320 -50 -96 50 0 0 -1 0 1 0 1 0 0 47753.dat
1 72 -280 -56 50 0 0 -1 0 1 0 1 0 0 2412b.dat
1 72 -100 -32 220 0 0 -1 0 1 0 1 0 0 2555.dat
1 72 -100 -32 -120 0 0 -1 0 1 0 1 0 0 2555.dat
1 72 -110 -32 200 0 0 1 0 1 0 -1 0 0 30359b.dat
1 72 -110 -32 -100 0 0 1 0 1 0 -1 0 0 30359b.dat
1 0 -30 -8 90 0 0 1 0 1 0 -1 0 0 3003.dat
1 0 5 -18 120 0 1 0 0 0 -1 -1 0 0 30374.dat
1 0 -190 -8 50 0 0 1 0 1 0 -1 0 0 3003.dat
1 0 -30 -8 10 0 0 1 0 1 0 -1 0 0 3003.dat
1 72 -30 -8 120 -1 0 0 0 1 0 0 0 -1 3660.dat
1 72 -30 -8 -20 1 0 0 0 1 0 0 0 1 3660.dat
1 72 -110 -8 120 -1 0 0 0 1 0 0 0 -1 3660.dat
1 72 -110 -8 -20 1 0 0 0 1 0 0 0 1 3660.dat
1 72 30 -18 120 0 1 0 -1 0 0 0 0 1 4032a.dat
1 71 70 -18 120 0 -1 0 1 0 0 0 0 1 2819.dat
1 42 38 -18 120 0 1 0 -1 0 0 0 0 1 4740.dat
1 42 78 -18 120 0 -1 0 1 0 0 0 0 1 4740.dat
1 320 -30 -18 -20 0 0 1 0 1 0 -1 0 0 30360.dat
1 0 5 -18 -20 0 1 0 0 0 -1 -1 0 0 30374.dat
1 72 30 -18 -20 0 1 0 -1 0 0 0 0 1 4032a.dat
1 71 70 -18 -20 0 -1 0 1 0 0 0 0 1 2819.dat
1 42 38 -18 -20 0 1 0 -1 0 0 0 0 1 4740.dat
1 42 78 -18 -20 0 -1 0 1 0 0 0 0 1 4740.dat
1 72 -130 -8 80 1 0 0 0 1 0 0 0 1 3008.dat
1 72 -130 -8 20 1 0 0 0 1 0 0 0 1 3008.dat
1 72 -180 -8 0 1 0 0 0 1 0 0 0 1 3062b.dat
1 72 -180 -8 100 1 0 0 0 1 0 0 0 1 3062b.dat
1 1 -10 2 50 1 0 0 0 1 0 0 0 1 43093.dat
1 15 -20 40 120 0 0 1 0 1 0 -1 0 0 4287.dat
1 15 -20 40 -20 0 0 1 0 1 0 -1 0 0 4287.dat
1 15 40 40 -20 0 0 -1 0 1 0 1 0 0 3665.dat
1 15 40 40 120 0 0 -1 0 1 0 1 0 0 3665.dat
1 15 10 40 120 -1 0 0 0 1 0 0 0 -1 2877.dat
1 15 10 40 -20 1 0 0 0 1 0 0 0 1 2877.dat
0
0
