0
1  8 0 0 0 1 0 0 0 1 0 0 0 1 3456.dat
1  8 -180 0 0 0 0 -1 0 1 0 1 0 0 3032.dat
1  8 180 0 0 0 0 -1 0 1 0 1 0 0 3032.dat
1  8 0 0 120 1 0 0 0 1 0 0 0 1 3456.dat
1  8 200 0 100 -1 0 0 0 1 0 0 0 -1 3032.dat
1  8 -200 0 100 -1 0 0 0 1 0 0 0 -1 3032.dat
1  8 -200 0 160 -1 0 0 0 1 0 0 0 -1 3795.dat
1  8 200 0 160 -1 0 0 0 1 0 0 0 -1 3795.dat
1  8 100 8 180 -1 0 0 0 1 0 0 0 -1 3795.dat
1  8 -100 8 180 -1 0 0 0 1 0 0 0 -1 3795.dat
1  7 -140 8 80 0 0 1 0 1 0 -1 0 0 3034.dat
1  7 140 8 80 0 0 1 0 1 0 -1 0 0 3034.dat
1  7 0 0 190 1 0 0 0 1 0 0 0 1 3460.dat
1  7 -180 0 190 1 0 0 0 1 0 0 0 1 4477.dat
1  7 180 0 190 1 0 0 0 1 0 0 0 1 4477.dat
1  8 260 8 140 0 0 1 0 1 0 -1 0 0 3795.dat
1  8 -260 8 140 0 0 1 0 1 0 -1 0 0 3795.dat
1  0 -240 8 40 0 0 1 0 1 0 -1 0 0 30503.dat
1  0 240 8 40 1 0 0 0 1 0 0 0 1 30503.dat
1  8 -290 0 120 1 0 0 0 1 0 0 0 1 54383.dat
1  8 -250 0 0 1 0 0 0 1 0 0 0 1 54383.dat
1  8 290 0 120 1 0 0 0 1 0 0 0 1 54384.dat
1  8 250 0 0 1 0 0 0 1 0 0 0 1 54384.dat
1  8 140 8 -60 0 0 1 0 1 0 -1 0 0 3795.dat
1  8 -140 8 -60 0 0 1 0 1 0 -1 0 0 3795.dat
1  0 -200 8 -80 0 0 1 0 1 0 -1 0 0 30503.dat
1  0 200 8 -80 1 0 0 0 1 0 0 0 1 30503.dat
1  8 0 0 -120 1 0 0 0 1 0 0 0 1 3456.dat
1  8 160 0 -120 0 0 -1 0 1 0 1 0 0 3795.dat
1  8 -160 0 -120 0 0 -1 0 1 0 1 0 0 3795.dat
1  8 210 0 -120 1 0 0 0 1 0 0 0 1 54384.dat
1  8 -210 0 -120 1 0 0 0 1 0 0 0 1 54383.dat
1  0 160 8 -200 1 0 0 0 1 0 0 0 1 30503.dat
1  0 -160 8 -200 0 0 1 0 1 0 -1 0 0 30503.dat
1  7 -60 8 -140 0 0 1 0 1 0 -1 0 0 2445.dat
1  7 60 8 -140 0 0 1 0 1 0 -1 0 0 2445.dat
1  15 -170 0 -240 1 0 0 0 1 0 0 0 1 54383.dat
1  15 170 0 -240 1 0 0 0 1 0 0 0 1 54384.dat
1  15 -100 0 -240 0 0 -1 0 1 0 1 0 0 3032.dat
1  15 100 0 -240 0 0 -1 0 1 0 1 0 0 3032.dat
1  15 0 0 -220 -1 0 0 0 1 0 0 0 -1 3032.dat
1  0 120 8 -320 1 0 0 0 1 0 0 0 1 30503.dat
1  0 -120 8 -320 0 0 1 0 1 0 -1 0 0 30503.dat
1  15 0 8 -250 1 0 0 0 1 0 0 0 1 3710.dat
1  7 70 8 -360 0 0 -1 0 1 0 1 0 0 4477.dat
1  7 -70 8 -360 0 0 -1 0 1 0 1 0 0 4477.dat
1  15 -80 0 -360 0 0 -1 0 1 0 1 0 0 3795.dat
1  15 80 0 -360 0 0 -1 0 1 0 1 0 0 3795.dat
1  15 130 0 -360 1 0 0 0 1 0 0 0 1 54384.dat
1  15 90 0 -480 1 0 0 0 1 0 0 0 1 54384.dat
1  15 -130 0 -360 1 0 0 0 1 0 0 0 1 54383.dat
1  15 -90 0 -480 1 0 0 0 1 0 0 0 1 54383.dat
1  0 40 8 -560 1 0 0 0 1 0 0 0 1 30503.dat
1  0 -40 8 -560 0 0 1 0 1 0 -1 0 0 30503.dat
1  15 0 0 -500 -1 0 0 0 1 0 0 0 -1 3032.dat
1  7 60 8 -490 0 0 1 0 1 0 -1 0 0 3021.dat
1  7 -60 8 -490 0 0 1 0 1 0 -1 0 0 3021.dat
1  15 0 0 -600 0 0 -1 0 1 0 1 0 0 3795.dat
1  15 50 0 -600 1 0 0 0 1 0 0 0 1 54384.dat
1  15 -50 0 -600 1 0 0 0 1 0 0 0 1 54383.dat
1  15 0 8 -470 1 0 0 0 1 0 0 0 1 3710.dat
1  7 30 8 -660 1 0 0 0 1 0 0 0 1 54384.dat
1  7 -30 8 -660 1 0 0 0 1 0 0 0 1 54383.dat
1  7 20 0 -700 1 0 0 0 1 0 0 0 1 41770.dat
1  7 -20 0 -700 1 0 0 0 1 0 0 0 1 41769.dat
1  8 0 8 -730 1 0 0 0 1 0 0 0 1 3023.dat
1  8 0 -8 -590 1 0 0 0 1 0 0 0 1 3023.dat
1  15 -50 -8 -560 0 0 -1 0 1 0 1 0 0 3710.dat
1  15 50 -8 -560 0 0 -1 0 1 0 1 0 0 3710.dat
1  15 60 -8 -500 0 0 -1 0 1 0 1 0 0 3022.dat
1  15 -60 -8 -500 0 0 -1 0 1 0 1 0 0 3022.dat
1  15 -70 -8 -380 0 0 -1 0 1 0 1 0 0 4477.dat
1  15 70 -8 -380 0 0 -1 0 1 0 1 0 0 4477.dat
1  15 160 -8 -50 -1 0 0 0 1 0 0 0 -1 3710.dat
1  15 -160 -8 -50 -1 0 0 0 1 0 0 0 -1 3710.dat
1  7 -90 -8 -60 -1 0 0 0 1 0 0 0 -1 3021.dat
1  7 90 -8 -60 -1 0 0 0 1 0 0 0 -1 3021.dat
1  0 -160 -8 -100 -1 0 0 0 1 0 0 0 -1 3680.dat
1  0 180 -8 60 -1 0 0 0 1 0 0 0 -1 3680.dat
1  7 180 -8 60 -1 0 0 0 1 0 0 0 -1 3679.dat
1  7 -160 -8 -100 -1 0 0 0 1 0 0 0 -1 3679.dat
1  8 130 -8 70 -1 0 0 0 1 0 0 0 -1 2555.dat
1  8 130 -8 50 -1 0 0 0 1 0 0 0 -1 2555.dat
1  8 230 -8 50 -1 0 0 0 1 0 0 0 -1 2555.dat
1  8 230 -8 70 -1 0 0 0 1 0 0 0 -1 2555.dat
1  8 170 -8 110 0 0 1 0 1 0 -1 0 0 2555.dat
1  8 190 -8 110 0 0 1 0 1 0 -1 0 0 2555.dat
1  8 170 -8 10 0 0 1 0 1 0 -1 0 0 2555.dat
1  8 190 -8 10 0 0 1 0 1 0 -1 0 0 2555.dat
1  7 180 -32.80088 2.89177 1 0 0 0 -0.258819 -0.9659258 0 0.9659258 -0.258819 48336.dat
1  15 180 -16 60 1 0 0 0 1 0 0 0 1 4079.dat
1  15 -160 -16 -100 -1 0 0 0 1 0 0 0 -1 30033.dat
1  7 -160 -24 130 1 0 0 0 1 0 0 0 1 30413.dat
1  7 -80 -24 130 1 0 0 0 1 0 0 0 1 30413.dat
1  0 180 -24 -100 1 0 0 0 1 0 0 0 1 3941.dat
1  0 -10 0 -570 -1 0 0 0 1 0 0 0 -1 54200.dat
1  0 10 0 -570 -1 0 0 0 1 0 0 0 -1 54200.dat
1  0 -150 -16 -90 -1 0 0 0 1 0 0 0 -1 54200.dat
1  0 180 -34.87143 10.61918 -1 0 0 0 -0.258819 0.9659258 0 0.9659258 0.258819 6070.dat
1  15 180 -46.60124 15.75839 -1 0 0 0 -0.258819 0.9659258 0 0.9659258 0.258819 3022.dat
1  7 120.4986 -31.71222 60 0 0.9238795 -0.3826834 0 -0.3826834 -0.9238795 -1 0 0 48336.dat
1  0 127.8896 -34.77369 60 0 0.9238795 0.3826834 0 -0.3826834 0.9238795 1 0 0 6070.dat
1  15 131.4538 -47.07396 60 0 0.9238795 0.3826834 0 -0.3826834 0.9238795 1 0 0 3022.dat
1  7 180 -32.80088 117.1082 -1 0 0 0 -0.258819 -0.9659258 0 -0.9659258 0.258819 48336.dat
1  0 180 -34.87143 109.3808 1 0 0 0 -0.258819 0.9659258 0 -0.9659258 -0.258819 6070.dat
1  15 180 -46.60124 104.2416 1 0 0 0 -0.258819 0.9659258 0 -0.9659258 -0.258819 3022.dat
1  7 239.5014 -31.71222 60 0 -0.9238795 0.3826834 0 -0.3826834 -0.9238795 1 0 0 48336.dat
1  0 232.1104 -34.77369 60 0 -0.9238795 -0.3826834 0 -0.3826834 0.9238795 -1 0 0 6070.dat
1  15 228.5462 -47.07396 60 0 -0.9238795 -0.3826834 0 -0.3826834 0.9238795 -1 0 0 3022.dat
1  15 -170 -24 -110 1 0 0 0 1 0 0 0 1 2420.dat
1  7 -170 -32 -90 1 0 0 0 1 0 0 0 1 4073.dat
1  0 -160 -32 -110 1 0 0 0 1 0 0 0 1 3069B.dat
1  7 180 -49 -100 0 -1 0 1 0 0 0 0 1 32073.dat
1  0 180 -92 -100 1 0 0 0 1 0 0 0 1 32474.dat
1  7 180 -77 -100 1 0 0 0 0 1 0 -1 0 32198.dat
1  7 180 -74 -100 1 0 0 0 0 1 0 -1 0 32123A.dat
1  0 180 -69 68 1 0 0 0 1 0 0 0 1 973PS7.dat
1  7 180 -93 68 1 0 0 0 1 0 0 0 1 3626BPS7.dat
1  0 180 -93 68 1 0 0 0 1 0 0 0 1 30368.dat
1  0 195.6004 -60.0359 68 0.9848068 0.150387 0.086826 -0.1736519 0.8528679 0.4924035 0 -0.5 0.8660254 3819.dat
1  0 164.3996 -60.0359 68 0.9848068 -0.1503866 -0.08682574 0.1736514 0.852868 0.4924036 0 -0.5 0.8660254 3818.dat
1  0 157.4248 -49.27377 50.4552 0.9848068 -0.1677344 0.04494432 0.1736514 0.9512505 -0.2548868 0 0.258819 0.9659257 3820.dat
1  0 202.5753 -49.27377 50.4552 0.9848067 0.167735 -0.04494445 -0.1736519 0.9512506 -0.2548867 0 0.258819 0.9659258 3820.dat
1  0 180 -37 68 1 0 0 0 1 0 0 0 1 3815.dat
1  0 180 -25 68 1 0 0 0 0 1 0 -1 0 3816.dat
1  0 180 -25 68 1 0 0 0 0 1 0 -1 0 3817.dat
1  0 0 -16 -590 1 0 0 0 1 0 0 0 1 3069B.dat
1  15 -50 -16 -540 0 0 -1 0 1 0 1 0 0 6636.dat
1  15 50 -16 -540 0 0 -1 0 1 0 1 0 0 6636.dat
1  7 0 -24 -710 1 0 0 0 1 0 0 0 1 32000.dat
1  8 -10 -14 -730 0 0 -1 0 1 0 1 0 0 6587.dat
1  8 10 -14 -730 0 0 -1 0 1 0 1 0 0 6587.dat
1  1 10 -14 -725 0 0 -1 -1 0 0 0 1 0 41677.dat
1  7 0 -24 -690 1 0 0 0 1 0 0 0 1 32000.dat
1  15 21.53936 -64 -929.5691 0.3 0 -0.9539389 0 1 0 0.9539389 0 0.3 3701.dat
1  0 0 -72 -964.7267 -0.3 0 0.9539389 0 1 0 -0.9539389 0 -0.3 2429.dat
1  0 0 -72 -964.7267 -0.3 0 -0.953939 0 1 0 0.953939 0 -0.3 2430.dat
1  0 0 -80 -964.7267 -0.3 0 -0.953939 0 1 0 0.953939 0 -0.3 2430.dat
1  0 0 -80 -964.7267 -0.3 0 0.9539389 0 1 0 -0.9539389 0 -0.3 2429.dat
1  15 -21.53936 -64 -929.5691 -0.3 0 -0.953939 0 1 0 0.953939 0 -0.3 3701.dat
1  8 -33.53935 -72 -891.4116 -0.3 0 -0.953939 0 1 0 0.953939 0 -0.3 3023.dat
1  8 -33.53935 -80 -891.4116 -0.3 0 -0.953939 0 1 0 0.953939 0 -0.3 3023.dat
1  8 33.53935 -72 -891.4116 0.3 0 -0.9539389 0 1 0 0.9539389 0 0.3 3023.dat
1  8 33.53935 -80 -891.4116 0.3 0 -0.9539389 0 1 0 0.9539389 0 0.3 3023.dat
1  15 75.53934 -64 -757.8601 0.3 0 -0.9539389 0 1 0 0.9539389 0 0.3 32018.dat
1  15 -75.53935 -64 -757.8601 -0.3 0 -0.953939 0 1 0 0.953939 0 -0.3 32018.dat
1  8 -117.5394 -72 -624.3087 -0.3 0 -0.953939 0 1 0 0.953939 0 -0.3 3023.dat
1  8 -117.5394 -80 -624.3087 -0.3 0 -0.953939 0 1 0 0.953939 0 -0.3 3023.dat
1  15 -159.5394 -64 -490.7572 -0.3 0 -0.953939 0 1 0 0.953939 0 -0.3 32018.dat
1  8 117.5394 -72 -624.3087 0.3 0 -0.9539389 0 1 0 0.9539389 0 0.3 3023.dat
1  8 117.5394 -80 -624.3087 0.3 0 -0.9539389 0 1 0 0.9539389 0 0.3 3023.dat
1  15 159.5393 -64 -490.7572 0.3 0 -0.9539389 0 1 0 0.9539389 0 0.3 32018.dat
1  0 -60 -72 -773.9388 -0.3 0 -0.953939 0 1 0 0.953939 0 -0.3 2429.dat
1  0 -60 -72 -773.9388 1 0 0 0 1 0 0 0 1 2430.dat
1  0 -60 -80 -773.9388 -0.3 0 -0.953939 0 1 0 0.953939 0 -0.3 2429.dat
1  0 -60 -80 -773.9388 1 0 0 0 1 0 0 0 1 2430.dat
1  7 0 -64 -763.9388 -1 0 0 0 1 0 0 0 -1 3894.dat
1  0 60 -72 -773.9388 1 0 0 0 1 0 0 0 1 2429.dat
1  0 60 -80 -773.9388 1 0 0 0 1 0 0 0 1 2429.dat
1  0 60 -72 -773.9388 -0.3 0 0.9539389 0 1 0 -0.9539389 0 -0.3 2430.dat
1  0 60 -80 -773.9388 -0.3 0 0.9539389 0 1 0 -0.9539389 0 -0.3 2430.dat
1  8 -201.5394 -72 -357.2057 -0.3 0 -0.953939 0 1 0 0.953939 0 -0.3 3023.dat
1  7 -201.5394 -80 -357.2057 0.3 0 0.953939 0 1 0 -0.953939 0 0.3 2436.dat
1  8 -177.5394 -72 -433.5208 -0.3 0 -0.953939 0 1 0 0.953939 0 -0.3 3023.dat
1  7 -177.5394 -80 -433.5208 0.3 0 0.953939 0 1 0 -0.953939 0 0.3 2436.dat
1  8 201.5393 -72 -357.2058 0.3 0 -0.9539389 0 1 0 0.9539389 0 0.3 3023.dat
1  7 201.5393 -80 -357.2058 0.3 0 -0.9539389 0 1 0 0.9539389 0 0.3 2436.dat
1  8 177.5393 -72 -433.5209 0.3 0 -0.9539389 0 1 0 0.9539389 0 0.3 3023.dat
1  7 177.5393 -80 -433.5209 0.3 0 -0.9539389 0 1 0 0.9539389 0 0.3 2436.dat
1  15 243.5393 -64 -223.6544 0.3 0 -0.9539389 0 1 0 0.9539389 0 0.3 32018.dat
1  15 -243.5394 -64 -223.6543 -0.3 0 -0.953939 0 1 0 0.953939 0 -0.3 32018.dat
1  8 -285.5393 -72 -90.10286 -0.3 0 -0.953939 0 1 0 0.953939 0 -0.3 3023.dat
1  8 -285.5393 -80 -90.10286 -0.3 0 -0.953939 0 1 0 0.953939 0 -0.3 3023.dat
1  8 285.5392 -72 -90.10286 0.3 0 -0.9539389 0 1 0 0.9539389 0 0.3 3023.dat
1  8 285.5392 -80 -90.10286 0.3 0 -0.9539389 0 1 0 0.9539389 0 0.3 3023.dat
1  15 327.5392 -64 43.44864 0.3 0 -0.9539389 0 1 0 0.9539389 0 0.3 32018.dat
1  15 -327.5393 -64 43.44864 -0.3 0 -0.953939 0 1 0 0.953939 0 -0.3 32018.dat
1  0 -84 -54 -697.6238 -0.9539389 0 0.3 0 1 0 -0.3 0 -0.9539389 3673.dat
1  0 -90 -54 -678.545 -0.9539389 0 0.3 0 1 0 -0.3 0 -0.9539389 3673.dat
1  0 -258 -54 -144.3392 -0.9539389 0 0.3 0 1 0 -0.3 0 -0.9539389 3673.dat
1  0 -252 -54 -163.4179 -0.9539389 0 0.3 0 1 0 -0.3 0 -0.9539389 3673.dat
1  0 258 -54 -144.3392 -0.9539389 0 -0.2999997 0 1 0 0.2999997 0 -0.9539389 3673.dat
1  0 252 -54 -163.418 -0.9539389 0 -0.2999997 0 1 0 0.2999997 0 -0.9539389 3673.dat
1  0 90 -54 -678.545 -0.9539389 0 -0.2999997 0 1 0 0.2999997 0 -0.9539389 3673.dat
1  0 84 -54 -697.6238 -0.9539389 0 -0.2999997 0 1 0 0.2999997 0 -0.9539389 3673.dat
1  0 -240 -72 -201.5755 -0.3 0 -0.953939 0 1 0 0.953939 0 -0.3 2429.dat
1  0 -240 -80 -201.5755 -0.3 0 -0.953939 0 1 0 0.953939 0 -0.3 2429.dat
1  0 -240 -72 -201.5755 1 0 0 0 1 0 0 0 1 2430.dat
1  0 -240 -80 -201.5755 1 0 0 0 1 0 0 0 1 2430.dat
1  0 240 -72 -201.5756 -0.3 0 0.9539389 0 1 0 -0.9539389 0 -0.3 2430.dat
1  0 240 -80 -201.5756 -0.3 0 0.9539389 0 1 0 -0.9539389 0 -0.3 2430.dat
1  0 240 -80 -201.5756 1 0 0 0 1 0 0 0 1 2429.dat
1  0 240 -72 -201.5756 1 0 0 0 1 0 0 0 1 2429.dat
1  8 -120 -64 -191.5756 1 0 0 0 1 0 0 0 1 3895.dat
1  8 120 -64 -191.5756 1 0 0 0 1 0 0 0 1 3895.dat
1  15 0 -72 -191.5755 1 0 0 0 1 0 0 0 1 3710.dat
1  7 30 -80 -191.5755 1 0 0 0 1 0 0 0 1 6019.dat
1  7 -30 -80 -191.5755 1 0 0 0 1 0 0 0 1 4073.dat
1  15 0 -80 -181.5755 1 0 0 0 1 0 0 0 1 3022.dat
1  0 60 -54 -181.5756 0 0 -1 0 1 0 1 0 0 3673.dat
1  0 40 -54 -181.5756 0 0 -1 0 1 0 1 0 0 3673.dat
1  0 -40 -54 -181.5755 0 0 -1 0 1 0 1 0 0 3673.dat
1  0 -60 -54 -181.5755 0 0 -1 0 1 0 1 0 0 3673.dat
1  8 120 -104 -191.5756 1 0 0 0 1 0 0 0 1 3895.dat
1  8 -120 -104 -191.5756 1 0 0 0 1 0 0 0 1 3895.dat
1  7 10 -104 -171.5755 0 0 -1 0 1 0 1 0 0 6541.dat
1  7 -10 -104 -171.5755 0 0 -1 0 1 0 1 0 0 6541.dat
1  15 0 -112 -181.5755 1 0 0 0 1 0 0 0 1 3022.dat
1  7 180 -94 -181.5756 0 0 -1 0 1 0 1 0 0 4274.dat
1  7 120 -94 -181.5756 0 0 -1 0 1 0 1 0 0 4274.dat
1  7 -180 -94 -181.5756 0 0 -1 0 1 0 1 0 0 4274.dat
1  7 -120 -94 -181.5756 0 0 -1 0 1 0 1 0 0 4274.dat
1  7 -50 -74 -171.5755 -1 0 0 0 1 0 0 0 -1 32557.dat
1  7 50 -74 -171.5756 -1 0 0 0 1 0 0 0 -1 32557.dat
1  0 -360 -72 180 -0.3 0 -0.953939 0 1 0 0.953939 0 -0.3 2429.dat
1  0 -360 -80 180 -0.3 0 -0.953939 0 1 0 0.953939 0 -0.3 2429.dat
1  0 -360 -72 180 1 0 0 0 1 0 0 0 1 2430.dat
1  0 -360 -80 180 1 0 0 0 1 0 0 0 1 2430.dat
1  0 360 -72 180 -0.3 0 0.9539389 0 1 0 -0.9539389 0 -0.3 2430.dat
1  0 360 -80 180 -0.3 0 0.9539389 0 1 0 -0.9539389 0 -0.3 2430.dat
1  0 360 -72 180 1 0 0 0 1 0 0 0 1 2429.dat
1  0 360 -80 180 1 0 0 0 1 0 0 0 1 2429.dat
1  0 -220 -64 190 1 0 0 0 1 0 0 0 1 32018.dat
1  0 220 -64 190 1 0 0 0 1 0 0 0 1 32018.dat
1  8 -120 -72 190 1 0 0 0 1 0 0 0 1 3460.dat
1  0 0 -64 190 1 0 0 0 1 0 0 0 1 3702.dat
1  7 -190 -80 190 1 0 0 0 1 0 0 0 1 6019.dat
1  7 -150 -80 190 1 0 0 0 1 0 0 0 1 6019.dat
1  7 -170 -80 190 1 0 0 0 1 0 0 0 1 4073.dat
1  7 -70 -80 190 1 0 0 0 1 0 0 0 1 3623.dat
1  8 100 -72 190 1 0 0 0 1 0 0 0 1 3666.dat
1  7 70 -80 190 1 0 0 0 1 0 0 0 1 3623.dat
1  8 120 -80 190 -1 0 0 0 1 0 0 0 -1 44728.dat
1  8 -120 -80 190 -1 0 0 0 1 0 0 0 -1 44728.dat
1  0 -60 -54 180 0 0 1 0 1 0 -1 0 0 3673.dat
1  0 -40 -54 180 0 0 1 0 1 0 -1 0 0 3673.dat
1  0 40 -54 180 0 0 1 0 1 0 -1 0 0 3673.dat
1  0 60 -54 180 0 0 1 0 1 0 -1 0 0 3673.dat
1  0 -220 -104 190 1 0 0 0 1 0 0 0 1 32018.dat
1  0 220 -104 190 1 0 0 0 1 0 0 0 1 32018.dat
1  7 -70 -104 180 0 0 -1 0 1 0 1 0 0 32000.dat
1  7 70 -104 180 0 0 -1 0 1 0 1 0 0 32000.dat
1  7 0 -104 190 1 0 0 0 1 0 0 0 1 3894.dat
1  7 -50 -74 170 -1 0 0 0 1 0 0 0 -1 32557.dat
1  7 50 -74 170 -1 0 0 0 1 0 0 0 -1 32557.dat
1  15 -21.53936 -104 -929.5691 -0.3 0 -0.953939 0 1 0 0.953939 0 -0.3 3701.dat
1  15 -75.53935 -104 -757.8601 -0.3 0 -0.953939 0 1 0 0.953939 0 -0.3 32018.dat
1  15 -159.5394 -104 -490.7572 -0.3 0 -0.953939 0 1 0 0.953939 0 -0.3 32018.dat
1  15 -243.5394 -104 -223.6543 -0.3 0 -0.953939 0 1 0 0.953939 0 -0.3 32018.dat
1  15 -327.5393 -104 43.44864 -0.3 0 -0.953939 0 1 0 0.953939 0 -0.3 32018.dat
1  15 21.53936 -104 -929.5691 0.3 0 -0.9539389 0 1 0 0.9539389 0 0.3 3701.dat
1  15 75.53934 -104 -757.8601 0.3 0 -0.9539389 0 1 0 0.9539389 0 0.3 32018.dat
1  15 159.5393 -104 -490.7572 0.3 0 -0.9539389 0 1 0 0.9539389 0 0.3 32018.dat
1  15 243.5393 -104 -223.6544 0.3 0 -0.9539389 0 1 0 0.9539389 0 0.3 32018.dat
1  15 327.5392 -104 43.44864 0.3 0 -0.9539389 0 1 0 0.9539389 0 0.3 32018.dat
1  8 -80 -112 190 1 0 0 0 1 0 0 0 1 3666.dat
1  8 80 -112 190 1 0 0 0 1 0 0 0 1 3666.dat
1  15 -285.5393 -112 -90.1028 -0.3 0 -0.953939 0 1 0 0.953939 0 -0.3 3710.dat
1  15 -201.5393 -112 -357.2057 -0.3 0 -0.953939 0 1 0 0.953939 0 -0.3 3710.dat
1  15 -117.5394 -112 -624.3086 -0.3 0 -0.953939 0 1 0 0.953939 0 -0.3 3710.dat
1  15 -33.53936 -112 -891.4115 -0.3 0 -0.953939 0 1 0 0.953939 0 -0.3 3710.dat
1  15 33.53934 -112 -891.4115 0.3 0 -0.9539389 0 1 0 0.9539389 0 0.3 3710.dat
1  15 117.5393 -112 -624.3087 0.3 0 -0.9539389 0 1 0 0.9539389 0 0.3 3710.dat
1  15 201.5393 -112 -357.2058 0.3 0 -0.9539389 0 1 0 0.9539389 0 0.3 3710.dat
1  15 285.5392 -112 -90.10286 0.3 0 -0.9539389 0 1 0 0.9539389 0 0.3 3710.dat
1  1 -348 -94 141.8425 0.9539388 0 -0.3 0 1 0 0.3 0 0.9539388 3749.dat
1  15 -343.2303 -94 143.3425 -0.3 0.9539388 0 0 0 1 0.9539388 0.3 0 6632.dat
1  1 -348 -54 141.8425 0.9539388 0 -0.3 0 1 0 0.3 0 0.9539388 3749.dat
1  1 -216 -94 -277.8906 0.9539388 0 -0.3 0 1 0 0.3 0 0.9539388 3749.dat
1  15 -211.2303 -94 -276.3906 -0.3 0.9539388 0 0 0 1 0.9539388 0.3 0 6632.dat
1  1 -216 -54 -277.8906 0.9539388 0 -0.3 0 1 0 0.3 0 0.9539388 3749.dat
1  1 -168 -94 -430.5209 0.9539388 0 -0.3 0 1 0 0.3 0 0.9539388 3749.dat
1  15 -163.2303 -94 -429.0209 -0.3 0.9539388 0 0 0 1 0.9539388 0.3 0 6632.dat
1  1 -168 -54 -430.5209 0.9539388 0 -0.3 0 1 0 0.3 0 0.9539388 3749.dat
1  1 -54 -94 -793.0176 0.9539388 0 -0.3 0 1 0 0.3 0 0.9539388 3749.dat
1  15 -49.23027 -94 -791.5176 -0.3 0.9539388 0 0 0 1 0.9539388 0.3 0 6632.dat
1  1 -54 -54 -793.0176 0.9539388 0 -0.3 0 1 0 0.3 0 0.9539388 3749.dat
1  1 54 -94 -793.0176 -0.9539386 0 -0.3 0 1 0 0.3 0 -0.9539386 3749.dat
1  15 49.23026 -94 -791.5176 -0.3 -0.9539386 0 0 0 1 -0.9539386 0.3 0 6632.dat
1  1 54 -54 -793.0176 -0.9539386 0 -0.3 0 1 0 0.3 0 -0.9539386 3749.dat
1  1 168 -94 -430.5209 -0.9539386 0 -0.3 0 1 0 0.3 0 -0.9539386 3749.dat
1  15 163.2302 -94 -429.0209 -0.3 -0.9539386 0 0 0 1 -0.9539386 0.3 0 6632.dat
1  1 168 -54 -430.5209 -0.9539386 0 -0.3 0 1 0 0.3 0 -0.9539386 3749.dat
1  1 216 -94 -277.8907 -0.9539386 0 -0.3 0 1 0 0.3 0 -0.9539386 3749.dat
1  15 211.2302 -94 -276.3907 -0.3 -0.9539386 0 0 0 1 -0.9539386 0.3 0 6632.dat
1  1 216 -54 -277.8907 -0.9539386 0 -0.3 0 1 0 0.3 0 -0.9539386 3749.dat
1  1 348 -94 141.8425 -0.9539386 0 -0.3 0 1 0 0.3 0 -0.9539386 3749.dat
1  15 343.2302 -94 143.3425 -0.3 -0.9539386 0 0 0 1 -0.9539386 0.3 0 6632.dat
1  1 348 -54 141.8425 -0.9539386 0 -0.3 0 1 0 0.3 0 -0.9539386 3749.dat
1  8 -27.53936 -40 -910.4904 -0.3 0 -0.953939 0 1 0 0.953939 0 -0.3 3666.dat
1  8 27.53934 -40 -910.4904 0.3 0 -0.9539389 0 1 0 0.9539389 0 0.3 3666.dat
1  15 -117.5394 -40 -624.3087 -0.3 0 -0.953939 0 1 0 0.953939 0 -0.3 3710.dat
1  15 -201.5394 -40 -357.2057 -0.3 0 -0.953939 0 1 0 0.953939 0 -0.3 3710.dat
1  15 -285.5393 -40 -90.10286 -0.3 0 -0.953939 0 1 0 0.953939 0 -0.3 3710.dat
1  8 -60 -40 190 1 0 0 0 1 0 0 0 1 3666.dat
1  8 60 -40 190 1 0 0 0 1 0 0 0 1 3666.dat
1  8 0 -32 190 1 0 0 0 1 0 0 0 1 3666.dat
1  7 0 -40 -191.5756 1 0 0 0 1 0 0 0 1 4477.dat
1  15 285.5392 -40 -90.10286 0.3 0 -0.9539389 0 1 0 0.9539389 0 0.3 3710.dat
1  15 201.5393 -40 -357.2058 0.3 0 -0.9539389 0 1 0 0.9539389 0 0.3 3710.dat
1  15 117.5393 -40 -624.3087 0.3 0 -0.9539389 0 1 0 0.9539389 0 0.3 3710.dat
1  8 -363.5393 -40 157.9213 -0.3 0 -0.953939 0 1 0 0.953939 0 -0.3 3023.dat
1  8 363.5392 -40 157.9213 0.3 0 -0.9539389 0 1 0 0.9539389 0 0.3 3023.dat
1  8 80 -32 -191.5756 1 0 0 0 1 0 0 0 1 3023.dat
1  8 -80 -32 -191.5756 1 0 0 0 1 0 0 0 1 3023.dat
1  8 -80 -24 -181.5756 0 0 1 0 1 0 -1 0 0 6232.dat
1  8 80 -24 -181.5756 0 0 1 0 1 0 -1 0 0 6232.dat
1  8 -240 -40 190 1 0 0 0 1 0 0 0 1 3023.dat
1  8 -240 -32 190 1 0 0 0 1 0 0 0 1 3023.dat
1  8 240 -40 190 1 0 0 0 1 0 0 0 1 3023.dat
1  8 240 -32 190 1 0 0 0 1 0 0 0 1 3023.dat
1  8 240 -24 190 1 0 0 0 1 0 0 0 1 3700.dat
1  8 0 -24 190 1 0 0 0 1 0 0 0 1 3700.dat
1  8 -240 -24 190 1 0 0 0 1 0 0 0 1 3700.dat
1  0 -240 -14 180 0 0 -1 0 1 0 1 0 0 3673.dat
1  0 0 -14 180 0 0 -1 0 1 0 1 0 0 3673.dat
1  0 240 -14 180 0 0 -1 0 1 0 1 0 0 3673.dat
1  15 -80 -54 -211.5756 1 0 0 0 0 -1 0 1 0 32316.dat
1  15 80 -54 -211.5756 1 0 0 0 0 -1 0 1 0 32316.dat
1  15 240 -54 170 1 0 0 0 0 -1 0 1 0 32316.dat
1  15 0 -54 170 1 0 0 0 0 -1 0 1 0 32316.dat
1  15 -240 -54 170 1 0 0 0 0 -1 0 1 0 32316.dat
1  0 -240 -54 180 0 0 -1 0 1 0 1 0 0 3673.dat
1  0 -240 -94 180 0 0 -1 0 1 0 1 0 0 3673.dat
1  0 0 -94 180 0 0 -1 0 1 0 1 0 0 3673.dat
1  0 0 -54 180 0 0 -1 0 1 0 1 0 0 3673.dat
1  0 240 -54 180 0 0 -1 0 1 0 1 0 0 3673.dat
1  0 240 -94 180 0 0 -1 0 1 0 1 0 0 3673.dat
1  0 80 -94 -201.5756 0 0 -1 0 1 0 1 0 0 3673.dat
1  0 80 -54 -201.5756 0 0 -1 0 1 0 1 0 0 3673.dat
1  0 -80 -54 -201.5756 0 0 -1 0 1 0 1 0 0 3673.dat
1  0 -80 -94 -201.5756 0 0 -1 0 1 0 1 0 0 3673.dat
1  7 0 -104 -763.9388 -1 0 0 0 1 0 0 0 -1 3894.dat
1  0 0 -74 -743.9388 -1 0 0 0 1 0 0 0 -1 3705.dat
1  4 0 -54 -743.9388 -1 0 0 0 1 0 0 0 -1 32184.dat
1  7 20 -74 -743.9388 -1 0 0 0 -1 0 0 0 1 6536.dat
1  7 -20 -74 -743.9388 -1 0 0 0 -1 0 0 0 1 6536.dat
1  4 0 -34 -743.9388 1 0 0 0 1 0 0 0 1 32062.dat
1  8 0 -34 -743.9388 1 0 0 0 0 -1 0 1 0 41678.dat
1  0 0 -54 -753.9388 0 0 -1 0 1 0 1 0 0 3673.dat
1  0 -20 -94 -743.9388 0 0 -1 0 1 0 1 0 0 32556.dat
1  0 20 -94 -743.9388 0 0 -1 0 1 0 1 0 0 32556.dat
1  4 0 -94 -723.9388 0 0 -1 1 0 0 0 -1 0 32523.dat
1  8 120 -120 190 -1 0 0 0 1 0 0 0 -1 44728.dat
1  8 -120 -120 190 -1 0 0 0 1 0 0 0 -1 44728.dat
1  0 0 -94 -763.9388 0 0 1 0 1 0 -1 0 0 3707.dat
1  0 0 -94 -818.9388 0 0 1 -1 0 0 0 -1 0 3941.dat
1  0 0 -94 -708.9388 0 0 -1 -1 0 0 0 1 0 3941.dat
1  4 0 -94 -684.9388 0 0 -1 -1 0 0 0 1 0 2654.dat
1  4 0 -94 -842.9388 0 0 1 -1 0 0 0 -1 0 2654.dat
1  0 -190 -128 -191.5756 0 0 1 0 1 0 -1 0 0 3040B.dat
1  0 190 -128 -191.5756 0 0 -1 0 1 0 1 0 0 3040B.dat
1  0 157.6047 -94 -636.9087 0.3000004 0 -0.9539388 0 1 0 0.9539388 0 0.3000004 3705.dat
1  7 160.6316 -103.4833 -637.8607 0.3000004 -0.3026892 -0.904643 0 0.9483235 -0.3173047 0.9539387 0.09519163 0.2844976 2817.dat
1  0 127.0787 -94 -627.3087 0 -0.9539388 -0.3000004 -1 0 0 0 0.3000004 -0.9539388 48496.dat
1  7 168.1047 -94 -603.5208 0 -0.9539388 -0.3000004 -1 0 0 0 0.3000004 -0.9539388 32123A.dat
1  7 147.1047 -94 -670.2965 0 -0.9539388 -0.3000004 -1 0 0 0 0.3000004 -0.9539388 32123A.dat
1  0 247.0787 -94 -245.7331 0 -0.9539388 -0.3000004 -1 0 0 0 0.3000004 -0.9539388 48496.dat
1  0 277.6047 -94 -255.3331 0.3000004 0 -0.9539388 0 1 0 0.9539388 0 0.3000004 3705.dat
1  7 288.1047 -94 -221.9453 0 -0.9539388 -0.3000004 -1 0 0 0 0.3000004 -0.9539388 32123A.dat
1  7 267.1047 -94 -288.721 0 -0.9539388 -0.3000004 -1 0 0 0 0.3000004 -0.9539388 32123A.dat
1  0 295.0786 -94 -93.10286 0 -0.9539388 -0.3000004 -1 0 0 0 0.3000004 -0.9539388 48496.dat
1  0 325.6047 -94 -102.7029 0.3000004 0 -0.9539388 0 1 0 0.9539388 0 0.3000004 3705.dat
1  7 336.1047 -94 -69.31502 0 -0.9539388 -0.3000004 -1 0 0 0 0.3000004 -0.9539388 32123A.dat
1  7 315.1047 -94 -136.0908 0 -0.9539388 -0.3000004 -1 0 0 0 0.3000004 -0.9539388 32123A.dat
1  0 367.0786 -94 135.8425 0 -0.9539388 -0.3000004 -1 0 0 0 0.3000004 -0.9539388 48496.dat
1  0 397.6047 -94 126.2425 0.3000004 0 -0.9539388 0 1 0 0.9539388 0 0.3000004 3705.dat
1  7 408.1047 -94 159.6304 0 -0.9539388 -0.3000004 -1 0 0 0 0.3000004 -0.9539388 32123A.dat
1  7 387.1047 -94 92.85464 0 -0.9539388 -0.3000004 -1 0 0 0 0.3000004 -0.9539388 32123A.dat
1  0 367.0786 -54 135.8425 0 -0.9539385 0.3000003 1 0 0 0 0.3000003 0.9539389 48496.dat
1  0 397.6047 -54 126.2424 -0.3000003 0 -0.9539385 0 -1 0 -0.9539389 0 0.3000003 3705.dat
1  7 387.1047 -54 92.85464 0 -0.9539385 0.3000003 1 0 0 0 0.3000003 0.9539389 32123A.dat
1  7 408.1047 -54 159.6304 0 -0.9539385 0.3000003 1 0 0 0 0.3000003 0.9539389 32123A.dat
1  0 295.0786 -54 -93.10286 0 -0.9539385 0.3000003 1 0 0 0 0.3000003 0.9539389 48496.dat
1  0 325.6046 -54 -102.7029 -0.3000003 0 -0.9539385 0 -1 0 -0.9539389 0 0.3000003 3705.dat
1  7 315.1046 -54 -136.0908 0 -0.9539385 0.3000003 1 0 0 0 0.3000003 0.9539389 32123A.dat
1  7 336.1046 -54 -69.31502 0 -0.9539385 0.3000003 1 0 0 0 0.3000003 0.9539389 32123A.dat
1  0 127.0787 -54 -627.3087 0 -0.9539385 0.3000003 1 0 0 0 0.3000003 0.9539389 48496.dat
1  0 157.6048 -54 -636.9087 -0.3000003 0 -0.9539385 0 -1 0 -0.9539389 0 0.3000003 3705.dat
1  7 147.1048 -54 -670.2965 0 -0.9539385 0.3000003 1 0 0 0 0.3000003 0.9539389 32123A.dat
1  7 168.1048 -54 -603.5208 0 -0.9539385 0.3000003 1 0 0 0 0.3000003 0.9539389 32123A.dat
1  0 43.07873 -54 -894.4115 0 -0.9539385 0.3000003 1 0 0 0 0.3000003 0.9539389 48496.dat
1  0 73.60476 -54 -904.0116 -0.3000003 0 -0.9539385 0 -1 0 -0.9539389 0 0.3000003 3705.dat
1  7 63.10475 -54 -937.3994 0 -0.9539385 0.3000003 1 0 0 0 0.3000003 0.9539389 32123A.dat
1  7 84.10477 -54 -870.6237 0 -0.9539385 0.3000003 1 0 0 0 0.3000003 0.9539389 32123A.dat
1  0 -43.07874 -54 -894.4115 0 0.9539384 0.3 1 0 0 0 0.2999998 -0.9539387 48496.dat
1  0 -73.60476 -54 -904.0115 -0.3 0 0.9539384 0 -1 0 0.9539387 0 0.2999998 3705.dat
1  7 -84.10476 -54 -870.6235 0 0.9539384 0.3 1 0 0 0 0.2999998 -0.9539387 32123A.dat
1  7 -63.10477 -54 -937.3993 0 0.9539384 0.3 1 0 0 0 0.2999998 -0.9539387 32123A.dat
1  0 -295.0787 -54 -93.10286 0 0.9539384 0.3 1 0 0 0 0.2999998 -0.9539387 48496.dat
1  0 -325.6048 -54 -102.7028 -0.3 0 0.9539384 0 -1 0 0.9539387 0 0.2999998 3705.dat
1  7 -336.1048 -54 -69.31496 0 0.9539384 0.3 1 0 0 0 0.2999998 -0.9539387 32123A.dat
1  7 -315.1048 -54 -136.0907 0 0.9539384 0.3 1 0 0 0 0.2999998 -0.9539387 32123A.dat
1  0 -127.0787 -54 -627.3087 0 0.9539384 0.3 1 0 0 0 0.2999998 -0.9539387 48496.dat
1  0 -157.6047 -54 -636.9087 -0.3 0 0.9539384 0 -1 0 0.9539387 0 0.2999998 3705.dat
1  7 -168.1047 -54 -603.5208 0 0.9539384 0.3 1 0 0 0 0.2999998 -0.9539387 32123A.dat
1  7 -147.1047 -54 -670.2965 0 0.9539384 0.3 1 0 0 0 0.2999998 -0.9539387 32123A.dat
1  0 -367.0787 -54 135.8425 0 0.9539384 0.3 1 0 0 0 0.2999998 -0.9539387 48496.dat
1  0 -397.6048 -54 126.2425 -0.3 0 0.9539384 0 -1 0 0.9539387 0 0.2999998 3705.dat
1  7 -408.1048 -54 159.6304 0 0.9539384 0.3 1 0 0 0 0.2999998 -0.9539387 32123A.dat
1  7 -387.1048 -54 92.85464 0 0.9539384 0.3 1 0 0 0 0.2999998 -0.9539387 32123A.dat
1  0 -367.0787 -94 135.8425 0 0.9539381 -0.3 -1 0 0 0 0.2999997 0.9539391 48496.dat
1  0 -397.6048 -94 126.2424 0.3 0 0.9539381 0 1 0 -0.9539391 0 0.2999997 3705.dat
1  7 -387.1048 -94 92.85464 0 0.9539381 -0.3 -1 0 0 0 0.2999997 0.9539391 32123A.dat
1  7 -408.1048 -94 159.6304 0 0.9539381 -0.3 -1 0 0 0 0.2999997 0.9539391 32123A.dat
1  0 -295.0787 -94 -93.10286 0 0.9539381 -0.3 -1 0 0 0 0.2999997 0.9539391 48496.dat
1  0 -325.6048 -94 -102.7028 0.3 0 0.9539381 0 1 0 -0.9539391 0 0.2999997 3705.dat
1  7 -315.1048 -94 -136.0907 0 0.9539381 -0.3 -1 0 0 0 0.2999997 0.9539391 32123A.dat
1  7 -336.1048 -94 -69.31496 0 0.9539381 -0.3 -1 0 0 0 0.2999997 0.9539391 32123A.dat
1  0 -247.0787 -94 -245.733 0 0.9539381 -0.3 -1 0 0 0 0.2999997 0.9539391 48496.dat
1  0 -277.6047 -94 -255.3331 0.3 0 0.9539381 0 1 0 -0.9539391 0 0.2999997 3705.dat
1  7 -267.1047 -94 -288.7209 0 0.9539381 -0.3 -1 0 0 0 0.2999997 0.9539391 32123A.dat
1  7 -288.1047 -94 -221.9452 0 0.9539381 -0.3 -1 0 0 0 0.2999997 0.9539391 32123A.dat
1  0 -127.0787 -94 -627.3086 0 0.9539381 -0.3 -1 0 0 0 0.2999997 0.9539391 48496.dat
1  0 -157.6047 -94 -636.9086 0.3 0 0.9539381 0 1 0 -0.9539391 0 0.2999997 3705.dat
1  7 -147.1047 -94 -670.2965 0 0.9539381 -0.3 -1 0 0 0 0.2999997 0.9539391 32123A.dat
1  7 -168.1047 -94 -603.5208 0 0.9539381 -0.3 -1 0 0 0 0.2999997 0.9539391 32123A.dat
1  7 -160.5525 -103.5106 -637.8358 -0.3000002 0.2947835 -0.90725 0 0.9510565 0.3090171 0.9539391 0.09270517 -0.2853171 2817.dat
1  8 0 -112 -763.9388 -1 0 0 0 1 0 0 0 -1 3023.dat
1  8 0 -120 -763.9388 -1 0 0 0 1 0 0 0 -1 3023.dat
1  0 0 -128 -763.9388 -1 0 0 0 1 0 0 0 -1 3069B.dat
1  0 31.07874 -94 -932.5691 -0.9539387 0.2999999 0 0 0 1 0.2999998 0.953939 0 47994.dat
1  0 61.07873 -94 -837.1752 -0.9539387 0.2999999 0 0 0 1 0.2999998 0.953939 0 47994.dat
1  0 -61.07875 -94 -837.1752 0.9539385 0.2999999 0 0 0 1 0.2999998 -0.9539388 0 47994.dat
1  0 -31.07874 -94 -932.5691 0.9539385 0.2999999 0 0 0 1 0.2999998 -0.9539388 0 47994.dat
1  7 -156 -94 -468.6784 -0.2999999 0.9539391 0 0 0 1 0.9539388 0.3 0 3794.dat
1  7 -180 -94 -392.3633 -0.2999999 0.9539391 0 0 0 1 0.9539388 0.3 0 3794.dat
1  7 -204 -94 -316.0482 -0.2999999 0.9539391 0 0 0 1 0.9539388 0.3 0 3794.dat
1  7 -228 -94 -239.733 -0.2999999 0.9539391 0 0 0 1 0.9539388 0.3 0 3794.dat
1  7 204 -94 -316.0483 -0.3 -0.953939 0 0 0 1 -0.9539386 0.3000001 0 3794.dat
1  7 228 -94 -239.7332 -0.3 -0.953939 0 0 0 1 -0.9539386 0.3000001 0 3794.dat
1  7 180 -94 -392.3633 -0.3 -0.953939 0 0 0 1 -0.9539386 0.3000001 0 3794.dat
1  7 156 -94 -468.6784 -0.3 -0.953939 0 0 0 1 -0.9539386 0.3000001 0 3794.dat
1  15 148.3685 -94 -466.2784 0.3000002 -0.953939 0 0 0 -1 0.9539392 0.3000001 0 6070.dat
1  15 172.3685 -94 -389.9633 0.3000002 -0.953939 0 0 0 -1 0.9539392 0.3000001 0 6070.dat
1  15 196.3685 -94 -313.6483 0.3000002 -0.953939 0 0 0 -1 0.9539392 0.3000001 0 6070.dat
1  15 220.3685 -94 -237.3331 0.3000002 -0.953939 0 0 0 -1 0.9539392 0.3000001 0 6070.dat
1  15 -220.3685 -94 -237.333 0.3000001 0.9539388 0 0 0 -1 -0.9539391 0.3 0 6070.dat
1  15 -196.3685 -94 -313.6482 0.3000001 0.9539388 0 0 0 -1 -0.9539391 0.3 0 6070.dat
1  15 -172.3685 -94 -389.9633 0.3000001 0.9539388 0 0 0 -1 -0.9539391 0.3 0 6070.dat
1  15 -148.3685 -94 -466.2784 0.3000001 0.9539388 0 0 0 -1 -0.9539391 0.3 0 6070.dat
1  0 0 -174 -11.57552 1 0 0 0 1 0 0 0 1 3705.dat
1  0 -10 -174 -71.57552 0 1 0 -1 0 0 0 0 1 2825.dat
1  0 10 -174 -71.57552 0 -1 0 1 0 0 0 0 1 2825.dat
1  0 0 -174 -71.57552 1 0 0 0 1 0 0 0 1 3706.dat
1  7 15 -174 18.42448 0 -1 0 1 0 0 0 0 1 32449.dat
1  7 -15 -174 18.42448 0 -1 0 1 0 0 0 0 1 32449.dat
1  0 -30 -174 -171.5755 0 1 0 1 0 0 0 0 -1 32009.dat
1  7 -20 -174 -111.5755 1 0 0 0 1 0 0 0 1 4274.dat
1  0 0 -174 -91.57552 1 0 0 0 1 0 0 0 1 3705.dat
1  7 0 -174 -91.57552 1 0 0 0 -1 0 0 0 -1 6536.dat
1  15 -15 -174 -91.57552 0 1 0 1 0 0 0 0 -1 6632.dat
1  15 15 -174 -91.57552 0 1 0 1 0 0 0 0 -1 6632.dat
1  7 0 -174 -131.5755 1 0 0 0 -1 0 0 0 -1 6536.dat
1  0 0 -174 -131.5755 1 0 0 0 1 0 0 0 1 3706.dat
1  0 0 -174 48.42448 1 0 0 0 1 0 0 0 1 3705.dat
1  7 0 -194 48.42448 0 0 -1 0 1 0 1 0 0 6536.dat
1  7 0 -194 28.42448 0 0 -1 0 1 0 1 0 0 4519.dat
1  7 0 -194 8.424484 0 0 -1 0 1 0 1 0 0 6536.dat
1  15 0 -194 23.42448 1 0 0 0 0 -1 0 1 0 6632.dat
1  15 0 -194 33.42448 1 0 0 0 0 -1 0 1 0 6632.dat
1  7 0 -234 28.42448 0 0 -1 0 1 0 1 0 0 4519.dat
1  0 -30 -174 168.4245 0 -1 0 1 0 0 0 0 1 32009.dat
1  0 0 -174 8.424484 1 0 0 0 1 0 0 0 1 3705.dat
1  8 -20 -174 28.42448 1 0 0 0 1 0 0 0 1 32002.dat
1  8 -20 -174 108.4245 1 0 0 0 1 0 0 0 1 32002.dat
1  15 -15 -174 128.4245 0 1 0 1 0 0 0 0 -1 6632.dat
1  0 0 -174 128.4245 1 0 0 0 1 0 0 0 1 3705.dat
1  15 15 -174 128.4245 0 1 0 1 0 0 0 0 -1 6632.dat
1  0 0 -174 128.4245 1 0 0 0 -1 0 0 0 -1 32291.dat
1  0 0 -174 88.42448 1 0 0 0 1 0 0 0 1 3705.dat
1  0 0 -174 88.42448 1 0 0 0 -1 0 0 0 -1 32291.dat
1  0 30 -174 -111.5755 1 0 0 0 1 0 0 0 1 32556.dat
1  0 30 -174 108.4245 1 0 0 0 1 0 0 0 1 32556.dat
1  1 -20 -114 168.4245 1 0 0 0 1 0 0 0 1 3749.dat
1  36 0 -114 168.4245 0 0 -1 0 1 0 1 0 0 6538B.dat
1  1 20 -114 168.4245 -1 0 0 0 1 0 0 0 -1 3749.dat
1  0 0 -254 18.42448 0 0 -1 0 1 0 1 0 0 3673.dat
1  7 0 -244 13.42448 -1 0 0 0 0 1 0 1 0 32449.dat
1  7 0 -244 3.424484 -1 0 0 0 0 1 0 1 0 32449.dat
1  1 0 -274 18.42448 0 0 1 0 1 0 -1 0 0 3749.dat
1  1 0 -214 18.42448 0 0 1 0 1 0 -1 0 0 3749.dat
1  1 0 -264 28.42448 1 0 0 0 0 1 0 -1 0 43857.dat
1  43 0 -234 48.42448 1 0 0 0 0 1 0 -1 0 41669.dat
1  0 30 -174 168.4245 0 -1 0 1 0 0 0 0 1 32009.dat
1  0 30 -174 -171.5755 0 1 0 1 0 0 0 0 -1 32009.dat
1  0 0 -94 -171.5755 -1 0 0 0 1 0 0 0 -1 3706.dat
1  8 50 -94 168.4245 1 0 0 0 1 0 0 0 1 6587.dat
1  8 -50 -94 168.4245 -1 0 0 0 1 0 0 0 -1 6587.dat
1  8 -70 -174 -131.5755 0 0 -1 0 1 0 1 0 0 32013.dat
1  8 -70 -174 -71.57552 0 0 -1 0 1 0 1 0 0 32013.dat
1  15 -70 -174 -61.57552 0 0 -1 1 0 0 0 -1 0 30374.dat
1  43 -70 -160 -101.5755 0 0 1 0 1 0 -1 0 0 2454PS5.dat
1  8 -70 -168 -91.57552 1 0 0 0 1 0 0 0 1 2555.dat
1  8 -70 -168 -111.5755 1 0 0 0 1 0 0 0 1 2555.dat
1  0 -110 -134 168.4245 1 0 0 0 1 0 0 0 1 3708.dat
1  8 -220 -114 168.4245 1 0 0 0 1 0 0 0 1 42003.dat
1  0 -220 -94 180 0 0 -1 0 1 0 1 0 0 3673.dat
1  4 -190 -141.0711 161.3535 -1 0 0 0 0.7071067 0.7071066 0 0.7071066 -0.7071067 2817.dat
1  0 -190 -117.0295 114.6845 -1 0 0 0 0.7071067 0.7071066 0 0.7071066 -0.7071067 47456.dat
1  0 -190 -119.8579 140.1403 1 0 0 0 0.7071067 -0.7071066 0 0.7071066 0.7071067 6070.dat
1  4 -150 -141.0711 161.3535 -1 0 0 0 0.7071067 0.7071066 0 0.7071066 -0.7071067 2817.dat
1  0 -150 -119.8579 141.7158 1 0 0 0 0.7071067 -0.7071066 0 0.7071066 0.7071067 6070.dat
1  0 -150 -117.0295 116.2599 -1 0 0 0 0.7071067 0.7071066 0 0.7071066 -0.7071067 47456.dat
1  15 -150 -64 -173.5756 -1 0 0 0 0 -1 0 -1 0 6179.dat
1  15 150 -64 -173.5756 -1 0 0 0 0 -1 0 -1 0 6179.dat
1  0 50 -154 -1.575516 0 0 -1 0 1 0 1 0 0 3708.dat
1  7 50 -154 108.4245 0 0 1 0 -1 0 1 0 0 6536.dat
1  4 70 -154 -35.57552 0 0 1 0 -1 0 1 0 0 6641.dat
1  4 76 -154 -35.57552 -1 0 0 0 1 0 0 0 -1 32062.dat
1  0 86 -154 -35.57552 -1 0 0 0 -1 0 0 0 1 32291.dat
1  7 50 -154 -111.5755 0 0 1 0 -1 0 1 0 0 6536.dat
1  8 121 -154 -15.57552 -1 0 0 0 1 0 0 0 -1 32209.dat
1  8 86 -154 -15.57552 -1 0 0 0 0 1 0 1 0 41678.dat
1  1 168 -154 -15.57552 0 0 -1 0 1 0 1 0 0 32039.dat
1  19 188 -154 -25.57552 0 0 -1 0 1 0 1 0 0 3749.dat
1  1 96 -174 -5.575516 0 0 -1 0 1 0 1 0 0 3749.dat
1  4 96 -174 4.424484 -1 0 0 0 1 0 0 0 -1 3713.dat
1  0 76 -174 -25.57552 0 0 1 0 1 0 -1 0 0 3673.dat
1  15 188.3553 -154 -51.57552 -0.7071067 0 0.7071068 0.7071068 0 0.7071067 0 1 0 4733.dat
1  8 201.0832 -141.2721 -41.57552 -0.7071067 -0.7071068 0 0.7071068 -0.7071067 0 0 0 1 2555.dat
1  8 175.6274 -141.2721 -41.57552 -0.7071068 0.7071067 0 -0.7071067 -0.7071068 0 0 0 1 2555.dat
1  8 171.3848 -137.0294 -41.57552 0 0.3826833 0.9238794 0 -0.9238794 0.3826833 1 0 0 30031.dat
1  8 205.3259 -137.0294 -41.57552 0 -0.3826834 -0.9238794 0 -0.9238794 0.3826834 -1 0 0 30031.dat
1  7 120 -120 212 0 0 -1 1 0 0 0 -1 0 3034.dat
1  7 -120 -120 212 0 0 -1 1 0 0 0 -1 0 3034.dat
1  7 -120 -64 212 0 0 1 1 0 0 0 1 0 43898.dat
1  7 -120 -136 212 0 0 1 1 0 0 0 1 0 43898.dat
1  7 120 -136 212 0 0 1 1 0 0 0 1 0 43898.dat
1  7 120 -64 212 0 0 1 1 0 0 0 1 0 43898.dat
1  43 120 -64 220 0 0 1 1 0 0 0 1 0 4740.dat
1  43 120 -136 220 0 0 1 1 0 0 0 1 0 4740.dat
1  43 -120 -136 220 0 0 1 1 0 0 0 1 0 4740.dat
1  43 -120 -64 220 0 0 1 1 0 0 0 1 0 4740.dat
1  7 -240 -94 206 0 0 1 1 0 0 0 1 0 4032A.dat
1  1 -240 -94 242 0 0 1 1 0 0 0 1 0 3957.dat
1  43 -240 -94 250 0 0 1 1 0 0 0 1 0 3960.dat
1  8 -240 -94 240.078 1 0 0 0 1 0 0 0 1 2515.dat
1  1 0 -94 242 0 0 1 1 0 0 0 1 0 3957.dat
1  43 0 -94 250 0 0 1 1 0 0 0 1 0 3960.dat
1  8 0 -94 240.078 1 0 0 0 1 0 0 0 1 2515.dat
1  7 0 -94 206 0 0 1 1 0 0 0 1 0 4032A.dat
1  1 240 -94 242 0 0 1 1 0 0 0 1 0 3957.dat
1  43 240 -94 250 0 0 1 1 0 0 0 1 0 3960.dat
1  8 240 -94 240.078 1 0 0 0 1 0 0 0 1 2515.dat
1  7 240 -94 206 0 0 1 1 0 0 0 1 0 4032A.dat
1  15 0 -56 -560 1 0 0 0 1 0 0 0 1 45410.dat
1  15 0 -104 -560 1 0 0 0 1 0 0 0 1 45411.dat
1  19 -20 -70 -640 0 0 1 0 1 0 -1 0 0 3749.dat
1  8 0 -8 -620 1 0 0 0 1 0 0 0 1 48183.dat
1  15 30 -8 -540 0 0 -1 0 1 0 1 0 0 3710.dat
1  15 -30 -8 -540 0 0 -1 0 1 0 1 0 0 3710.dat
1  8 0 -112 -620 1 0 0 0 1 0 0 0 1 48183.dat
1  8 0 -112 -500 -1 0 0 0 1 0 0 0 -1 48183.dat
1  36 -30 -112 -560 0 0 1 0 1 0 -1 0 0 2412B.dat
1  36 30 -112 -560 0 0 1 0 1 0 -1 0 0 2412B.dat
1  43 0 -112 -540 0 0 1 0 1 0 -1 0 0 4073.dat
1  43 0 -112 -580 0 0 1 0 1 0 -1 0 0 4073.dat
1  8 0 -120 -560 0 0 1 0 1 0 -1 0 0 6190.dat
1  7 -20 -70 -644 0 0 1 -1 0 0 0 -1 0 4032A.dat
1  43 -20 -70 -652 0 0 1 -1 0 0 0 -1 0 3941.dat
1  19 20 -70 -640 0 0 1 0 1 0 -1 0 0 3749.dat
1  7 20 -70 -644 0 0 1 -1 0 0 0 -1 0 4032A.dat
1  43 20 -70 -652 0 0 1 -1 0 0 0 -1 0 3941.dat
1  19 0 -22 -640 0 0 1 0 1 0 -1 0 0 3749.dat
1  7 0 -22 -644 0 0 1 -1 0 0 0 -1 0 4032A.dat
1  43 0 -22 -652 0 0 1 -1 0 0 0 -1 0 3941.dat
1  8 0 -42 -464 1 0 0 0 0 1 0 -1 0 48183.dat
1  8 0 -12 -464 1 0 0 0 0 1 0 -1 0 3023.dat
1  8 10 -52 -456 0 0 -1 1 0 0 0 -1 0 4081B.dat
1  8 -10 -52 -456 0 0 1 -1 0 0 0 -1 0 4081B.dat
1  320 -10 -32 -440 -1 0 0 0 0 -1 0 -1 0 50950.dat
1  320 10 -32 -440 -1 0 0 0 0 -1 0 -1 0 50950.dat
1  7 20 -22 -472 1 0 0 0 0 1 0 -1 0 2476A.dat
1  7 -20 -22 -472 1 0 0 0 0 1 0 -1 0 2476A.dat
1  0 -30 -68 -458 -0.7071067 0 0.7071066 0 1 0 -0.7071066 0 -0.7071067 4349.dat
1  0 30 -68 -458 -0.7071066 0 -0.7071064 0 1 0 0.7071064 0 -0.7071066 4349.dat
1  4 110 -72 -320 0 0 1 0 1 0 -1 0 0 973PS2.dat
1  0 110 -96 -320 0 0 1 0 1 0 -1 0 0 3626B.dat
1  4 110 -96 -320 0 0 1 0 1 0 -1 0 0 3842A.dat
1  4 110 -63.03588 -335.6004 0 -0.5735763 0.819152 -0.173652 0.8067067 0.564862 -0.984807 -0.1422474 -0.09960268 3819.dat
1  4 110 -63.03588 -304.3996 0 -0.5877852 0.8090169 0.1736517 0.7967256 0.578855 -0.9848071 0.1404871 0.1020699 3818.dat
1  0 91.31684 -54.14354 -297.7545 0 0.1564344 0.987688 0.1736517 0.972682 -0.1540576 -0.9848071 0.1715136 -0.02716508 3820.dat
1  0 91.49274 -53.82387 -342.3019 0 0.1736481 0.9848072 -0.173652 0.9698452 -0.1710099 -0.984807 -0.1710138 0.03015435 3820.dat
1  4 110 -40 -320 0 0 1 0 1 0 -1 0 0 3815.dat
1  4 110 -28 -320 0 0 1 0 1 0 -1 0 0 3816.dat
1  4 110 -28 -320 0 0 1 0 1 0 -1 0 0 3817.dat
1  4 110 -73 -320 0 0 1 0 1 0 -1 0 0 522.dat
1  0 65.5536 -89.37361 -303.9666 0 0.3987541 0.9170578 0.1736516 0.9031248 -0.3926959 -0.9848067 0.1592485 -0.06924433 4497.dat
1  15 -120 -72 30 1 0 0 0 1 0 0 0 1 973PSK.dat
1  78 -120 -96 30 1 0 0 0 1 0 0 0 1 3626B.dat
1  15 -120 -96 30 1 0 0 0 1 0 0 0 1 30325.dat
1  15 -120 -104 30 1 0 0 0 1 0 0 0 1 2594.dat
1  4 110 -96 -320 0 0 1 0 1 0 -1 0 0 3843.dat
1  15 -104.3996 -63.0359 30 0.984807 0.1422474 0.09960268 -0.173652 0.8067067 0.564862 0 -0.5735763 0.819152 3819.dat
1  0 -97.6981 -53.82391 11.49268 0.984807 0.1710138 -0.03015436 -0.173652 0.9698454 -0.17101 0 0.173648 0.9848074 3820.dat
1  15 -135.6004 -63.0359 30 0.9848071 -0.1404871 -0.1020699 0.1736517 0.7967256 0.578855 0 -0.5877852 0.8090169 3818.dat
1  0 -142.2455 -54.14355 11.31677 0.9848071 -0.1715137 0.02716508 0.1736517 0.9726821 -0.1540576 0 0.1564344 0.9876881 3820.dat
1  15 -120 -40 30 1 0 0 0 1 0 0 0 1 3815.dat
1  15 -120 -28 30 1 0 0 0 1 0 0 0 1 3816.dat
1  15 -120 -28 30 1 0 0 0 1 0 0 0 1 3817.dat
1  0 -139.8627 -67.65656 -4.857786 -0.9866744 -0.1592486 -0.03336664 -0.1592486 0.9031248 0.3987541 -0.0333668 0.3987541 -0.9164504 4349.dat
1  38 -140.7302 -57.28894 -28.68548 -0.9866743 0.03336666 -0.1592486 -0.1592486 -0.3987541 0.9031248 -0.03336677 0.9164503 0.3987542 4073.dat
1  8 -25.11946 -463.8326 183.6415 1 -0.002281616 -0.02607899 0 0.9961947 -0.08715573 0.02617861 0.08715573 0.9961947 973PSQ.dat
1  78 -25.0647 -487.7412 181.5498 1 -0.002281616 -0.02607899 0 0.9961947 -0.08715573 0.02617861 0.08715573 0.9961947 3626BP05.dat
1  8 -25.0647 -487.7412 181.5498 1 -0.002281616 -0.02607899 0 0.9961947 -0.08715573 0.02617861 0.08715573 0.9961947 30135.dat
1  8 -9.539391 -454.9025 184.8312 0.985203 0.1315399 -0.112947 -0.1729912 0.7857999 -0.5937943 0.0106461 0.6045469 0.796928 3819.dat
1  78 -1.0649 -435.3214 188.9679 0.985203 0.0131472 -0.1728783 -0.1729912 0.1357686 -0.97552 0.0106461 0.9909922 0.1360339 3820.dat
1  8 -40.7402 -454.9026 184.0145 0.9844108 -0.1269761 -0.124489 0.1729908 0.8449225 0.5061417 0.04091561 -0.519787 0.8537168 3818.dat
1  78 -46.91845 -444.4157 166.0034 0.9844108 -0.1778125 0.001758667 0.1729908 0.9553465 -0.239554 0.04091561 0.2361239 0.9712136 3820.dat
1  8 -25.19247 -431.9543 186.4305 1 -0.002281616 -0.02607899 0 0.9961947 -0.08715573 0.02617861 0.08715573 0.9961947 3815.dat
1  8 -25.21985 -420 187.4764 1 0 -0.02617861 0 1 0 0.02617861 0 1 3816.dat
1  8 -25.21985 -420 187.4764 1 0 -0.02617861 0 1 0 0.02617861 0 1 3817.dat
1  8 15.30372 -464 168.5236 1 0 -0.02617861 0 1 0 0.02617861 0 1 973PSQ.dat
1  8 15.30372 -432 168.5236 1 0 -0.02617861 0 1 0 0.02617861 0 1 3815.dat
1  8 30.90424 -455.0359 168.932 0.984807 0.1572628 0.07815842 -0.173652 0.8067065 0.564862 0.02578087 -0.5698523 0.8217593 3819.dat
1  8 -0.2965631 -455.0359 168.1152 0.984807 -0.1250997 -0.1232488 0.1736516 0.7967255 0.5788549 0.02578087 -0.5914629 0.8063447 3818.dat
1  8 15.30372 -420 168.5236 1 0 -0.02617861 0 1 0 0.02617861 0 1 3816.dat
1  8 15.30372 -420 168.5236 1 0 -0.02617861 0 1 0 0.02617861 0 1 3817.dat
1  78 38.09021 -445.8239 150.6001 0.984807 0.1664679 -0.05593522 -0.173652 0.9698451 -0.1710099 0.02578087 0.178125 0.9840176 3820.dat
1  78 -6.452666 -446.1436 149.258 0.984807 -0.1756088 0.001308778 0.1736516 0.9726818 -0.1540576 0.02578087 0.1519444 0.988399 3820.dat
1  7 15.30372 -488 168.5236 1 0 -0.02617861 0 1 0 0.02617861 0 1 3901.dat
1  78 15.30372 -488 168.5236 1 0 -0.02617861 0 1 0 0.02617861 0 1 3626BPS2.dat
1  0 -20 -48 -241 0 0 -1 0 1 0 1 0 0 30362.dat
1  0 20 -48 -241 0 0 1 0 1 0 -1 0 0 30362.dat
1  0 0 -82 -241 0 0 1 0 1 0 -1 0 0 30367PS2.dat
1  0 0 -48 -241 1 0 0 0 1 0 0 0 1 30361PS2.dat
1  7 187.498 -9.536865 -394.7213 0.3 -0.4554038 0.8383821 0 -0.8788631 -0.4773929 0.9539391 0.1432179 -0.2636589 3029.dat
1  7 219.8548 -16.56777 -279.1031 0.3 -0.4554038 0.8383821 0 -0.8788631 -0.4773929 0.9539391 0.1432179 -0.2636589 3031.dat
1  7 147.8548 -16.56777 -508.0485 0.3 -0.4554038 0.8383821 0 -0.8788631 -0.4773929 0.9539391 0.1432179 -0.2636589 3031.dat
1  7 -187.5273 -9.533539 -394.7307 -0.3000003 0.4556777 0.8380677 0 -0.8785338 0.4776801 0.9539388 0.1433041 0.2635604 3029.dat
