0 FILE 6387 Coastal Rescue Base.ldr
0 6387 Coastal Rescue Base
0 Author: marco
0 ROTATION CENTER 0 0 0 1 "Custom" 
0 ROTATION CONFIG 0 0
1 15 1071.77 -48.2176 580 0 0 1 0 1 0 -1 0 0 3838.dat
1 15 1310 -19.4676 190 1 0 0 0 1 0 0 0 1 30039.dat
1 46 1310 -11.4676 190 1 0 0 0 1 0 0 0 1 3024.dat
1 46 1310 -3.46758 190 1 0 0 0 1 0 0 0 1 3024.dat
1 15 1310 4.53242 190 1 0 0 0 1 0 0 0 1 3005.dat
1 15 970 -19.4676 190 1 0 0 0 1 0 0 0 1 30039.dat
1 46 970 -11.4676 190 1 0 0 0 1 0 0 0 1 3024.dat
1 46 970 -3.46758 190 1 0 0 0 1 0 0 0 1 3024.dat
1 15 970 4.53242 190 1 0 0 0 1 0 0 0 1 3005.dat
1 0 1243.24 -33.7173 710.978 0 -1 0 1 0 0 0 0 1 30039.dat
1 8 1060 -19.4676 700 0 0 -1 0 1 0 1 0 0 2439.dat
1 8 1060 -27.4676 700 1 0 0 0 1 0 0 0 1 4740.dat
1 7 1100 -163.468 780 1 0 0 0 1 0 0 0 1 3679.dat
1 0 1100 -163.468 780 1 0 0 0 1 0 0 0 1 3680.dat
1 14 1100 -171.468 780 1 0 0 0 1 0 0 0 1 4079.dat
1 1 1140 -155.468 740 1 0 0 0 1 0 0 0 1 3033.dat
1 15 1230 -275.468 740 0 0 -1 0 1 0 1 0 0 2493b.dat
1 1 1230 -299.468 750 1 0 0 0 1 0 0 0 1 3005.dat
1 1 1230 -307.468 740 0 0 -1 0 1 0 1 0 0 3666.dat
1 1 1230 -299.468 720 0 0 1 0 1 0 -1 0 0 3660.dat
1 15 1140 -307.468 740 1 0 0 0 1 0 0 0 1 3036.dat
1 1 1230 -299.468 780 0 0 1 0 1 0 -1 0 0 3660.dat
1 1 1230 -275.468 790 1 0 0 0 1 0 0 0 1 2453.dat
1 1 1050 -299.468 720 0 0 -1 0 1 0 1 0 0 3660.dat
1 1 1050 -275.468 710 0 0 -1 0 1 0 1 0 0 3622.dat
1 1 1050 -251.468 700 0 0 -1 0 1 0 1 0 0 3010.dat
1 1 1050 -227.468 730 1 0 0 0 1 0 0 0 1 3005.dat
1 1 1050 -203.468 680 0 0 -1 0 1 0 1 0 0 3009.dat
1 1 1050 -179.468 630 0 0 -1 0 1 0 1 0 0 3622.dat
1 1 1050 -155.468 610 0 0 1 0 1 0 -1 0 0 3623.dat
1 1 1050 -147.468 680 0 0 -1 0 1 0 1 0 0 4477.dat
1 1 1050 -139.468 600 0 0 -1 0 1 0 1 0 0 3010.dat
1 1 1050 -115.468 600 0 0 -1 0 1 0 1 0 0 3010.dat
1 1 1050 -91.4676 600 0 0 -1 0 1 0 1 0 0 3010.dat
1 1 1050 -67.4676 570 1 0 0 0 1 0 0 0 1 3024.dat
1 1 1050 -59.4676 600 0 0 -1 0 1 0 1 0 0 3010.dat
1 1 1050 -35.4676 620 0 0 -1 0 1 0 1 0 0 4623.dat
1 1 1050 -27.4676 600 0 0 -1 0 1 0 1 0 0 3010.dat
1 1 1050 -3.46758 600 0 0 -1 0 1 0 1 0 0 3010.dat
1 7 1060 20.5324 600 0 0 -1 0 1 0 1 0 0 3020.dat
1 1 1050 -35.4676 580 0 0 -1 0 1 0 1 0 0 4623.dat
1 1 1050 -67.4676 620 0 0 -1 0 1 0 1 0 0 3023.dat
1 1 1050 -155.468 660 0 0 1 0 1 0 -1 0 0 3023.dat
1 1 1050 -179.468 700 0 0 -1 0 1 0 1 0 0 3010.dat
1 1 1050 -227.468 700 0 0 1 0 1 0 -1 0 0 3660.dat
1 15 960 -235.468 680 1 0 0 0 1 0 0 0 1 3036.dat
1 15 1000 -227.468 630 1 0 0 0 1 0 0 0 1 4447.dat
1 1 960 -155.468 570 -1 0 0 0 1 0 0 0 -1 4477.dat
1 15 920 -227.468 630 1 0 0 0 1 0 0 0 1 4447.dat
1 1 870 -227.468 660 0 0 -1 0 1 0 1 0 0 3660.dat
1 1 870 -203.468 680 0 0 -1 0 1 0 1 0 0 3009.dat
1 1 870 -179.468 680 0 0 -1 0 1 0 1 0 0 3008.dat
1 1 870 -155.468 680 0 0 -1 0 1 0 1 0 0 4477.dat
1 1 870 -147.468 740 0 0 -1 0 1 0 1 0 0 3009.dat
1 1 870 -123.468 790 1 0 0 0 1 0 0 0 1 2453.dat
1 1 870 -3.46758 770 0 0 -1 0 1 0 1 0 0 3622.dat
1 15 870 -123.468 740 0 0 1 0 1 0 -1 0 0 2493b.dat
1 47 861.488 -123.468 740 0 0 -1 0 1 0 1 0 0 2494.dat
1 1 870 -3.46758 680 0 0 -1 0 1 0 1 0 0 3009.dat
1 1 870 -123.468 680 0 0 -1 0 1 0 1 0 0 2454.dat
1 15 870 -123.468 620 0 0 1 0 1 0 -1 0 0 2493b.dat
1 47 861.488 -123.468 620 0 0 -1 0 1 0 1 0 0 2494.dat
1 1 870 -3.46758 590 0 0 -1 0 1 0 1 0 0 3622.dat
1 1 870 -123.468 570 1 0 0 0 1 0 0 0 1 2453.dat
1 1 870 -147.468 620 0 0 -1 0 1 0 1 0 0 3009.dat
1 7 860 20.5324 620 0 0 -1 0 1 0 1 0 0 3795.dat
1 7 860 20.5324 740 0 0 -1 0 1 0 1 0 0 3795.dat
1 1 870 -155.468 790 1 0 0 0 1 0 0 0 1 3024.dat
1 1 870 -179.468 770 -1 0 0 0 1 0 0 0 -1 3040b.dat
1 1 870 -227.468 700 0 0 -1 0 1 0 1 0 0 3660.dat
1 1 870 -235.468 680 0 0 -1 0 1 0 1 0 0 3666.dat
1 1 1050 -227.468 660 0 0 1 0 1 0 -1 0 0 3660.dat
1 1 1050 -307.468 740 0 0 -1 0 1 0 1 0 0 3666.dat
1 7 1090.25 -315.468 770.249 1 0 0 0 1 0 0 0 1 3957a.dat
1 7 1110.25 -315.468 770.25 1 0 0 0 1 0 0 0 1 3957a.dat
1 4 1190 -331.468 730 1 0 0 0 1 0 0 0 1 4589.dat
1 15 1180 -299.468 690 1 0 0 0 1 0 0 0 1 4741.dat
1 15 1100 -299.468 690 1 0 0 0 1 0 0 0 1 4741.dat
1 47 1230 -275.468 740 0 0 -1 0 1 0 1 0 0 2494.dat
1 1 1230 -147.468 740 0 0 -1 0 1 0 1 0 0 3009.dat
1 15 1230 -123.468 740 0 0 -1 0 1 0 1 0 0 3297.dat
1 1 1230 -99.4676 740 0 0 -1 0 1 0 1 0 0 3666.dat
1 1 1230 -91.4676 690 1 0 0 0 1 0 0 0 1 2453.dat
1 1 1230 -123.468 690 1 0 0 0 1 0 0 0 1 3005.dat
1 1 1230 -123.468 790 1 0 0 0 1 0 0 0 1 3005.dat
1 1 1230 -91.4676 790 1 0 0 0 1 0 0 0 1 2453.dat
1 1 1050 -147.468 790 1 0 0 0 1 0 0 0 1 3024.dat
1 1 1050 -139.468 780 0 0 -1 0 1 0 1 0 0 3004.dat
1 1 1050 -115.468 780 0 0 -1 0 1 0 1 0 0 3004.dat
1 1 1050 -91.4676 780 0 0 -1 0 1 0 1 0 0 2454.dat
1 4 1100 -179.468 720 1 0 0 0 1 0 0 0 1 3001.dat
1 15 1100 -203.468 710 -1 0 0 0 1 0 0 0 -1 3039.dat
1 4 1160 -179.468 740 0 0 -1 0 1 0 1 0 0 3001.dat
1 0 1170 -203.468 770 0 0 1 0 1 0 -1 0 0 3040b.dat
1 1 1050 -275.468 790 1 0 0 0 1 0 0 0 1 2453.dat
1 1 1050 -299.468 790 0 0 -1 0 1 0 1 0 0 3665.dat
1 7 1140 28.532 480 1 0 0 0 1 0 0 0 1 6100p02.dat
1 7 120 -28 765 1 0 0 0 1 0 0 0 1 car2.ldr
1 7 -340 -12 895 1 0 0 0 1 0 0 0 1 car1.ldr
1 7 698 -60 895 1 0 0 0 1 0 0 0 1 heli.ldr
1 7 35 -58 72 1 0 0 0 1 0 0 0 1 fig.ldr
1 0 1430 20.5324 210 1 0 0 0 1 0 0 0 1 4073.dat
1 15 1400 -51.4676 210 -1 0 0 0 1 0 0 0 -1 4215b.dat
1 36 1420 -67.4676 210 1 0 0 0 1 0 0 0 1 4073.dat
1 15 1420 -59.4676 210 1 0 0 0 1 0 0 0 1 3794a.dat
1 0 1370 20.5324 210 1 0 0 0 1 0 0 0 1 4073.dat
1 15 1380 -59.4676 210 1 0 0 0 1 0 0 0 1 3794a.dat
1 36 1380 -67.4676 210 1 0 0 0 1 0 0 0 1 4073.dat
1 14 1430 -19.4676 420 0 0 -1 0 1 0 1 0 0 2486.dat
1 14 850 -19.4676 400 0 0 -1 0 1 0 1 0 0 2486.dat
1 2 880 20.5324 200 0 0 1 0 1 0 -1 0 0 2435.dat
1 14 1430 -19.4676 640 0 0 -1 0 1 0 1 0 0 2486.dat
1 1 870 -203.468 750 -1 0 0 0 1 0 0 0 -1 3040b.dat
1 1 1050 -179.468 590 1 0 0 0 1 0 0 0 1 3040b.dat
1 1 870 -179.468 590 1 0 0 0 1 0 0 0 1 3040b.dat
1 1 870 -203.468 610 1 0 0 0 1 0 0 0 1 3040b.dat
1 1 870 -227.468 730 -1 0 0 0 1 0 0 0 -1 3040b.dat
1 1 870 -227.468 630 1 0 0 0 1 0 0 0 1 3040b.dat
1 1 1050 -203.468 610 1 0 0 0 1 0 0 0 1 3040b.dat
1 1 1050 -227.468 630 1 0 0 0 1 0 0 0 1 3040b.dat
1 1 1050 -251.468 650 1 0 0 0 1 0 0 0 1 3040b.dat
1 1 1050 -275.468 670 1 0 0 0 1 0 0 0 1 3040b.dat
1 1 1050 -299.468 690 1 0 0 0 1 0 0 0 1 3040b.dat
1 47 1180 -299.457 687.635 1 0 0 0 1 0 0 0 1 4448.dat
1 47 1180 -227.457 632.365 -1 0 0 0 1 0 0 0 -1 4448.dat
1 47 1100 -299.457 687.635 1 0 0 0 1 0 0 0 1 4448.dat
1 47 1100 -227.457 632.365 -1 0 0 0 1 0 0 0 -1 4448.dat
1 1 1050 -67.4676 590 0 0 1 0 1 0 -1 0 0 60897.dat
1 4 1030 -75.4676 590 0 0 -1 0 1 0 1 0 0 4599.dat
1 4 1030 -51.4676 590 0 0 1 0 1 0 -1 0 0 3062b.dat
1 15 1230 -91.4676 770 -1 0 0 0 1 0 0 0 -1 73435.dat
1 15 1050 -147.468 550 1 0 0 0 1 0 0 0 1 3963.dat
1 1 1230 -179.468 690 1 0 0 0 1 0 0 0 1 3665.dat
1 1 1230 -203.468 690 1 0 0 0 1 0 0 0 1 3005.dat
1 1 1230 -227.468 680 0 0 -1 0 1 0 1 0 0 3004.dat
1 1 1230 -251.468 680 0 0 -1 0 1 0 1 0 0 3004.dat
1 1 1230 -275.468 690 1 0 0 0 1 0 0 0 1 3005.dat
1 1 1230 -299.468 690 1 0 0 0 1 0 0 0 1 3040b.dat
1 1 1230 -203.468 670 1 0 0 0 1 0 0 0 1 3665.dat
1 1 1230 -227.468 650 1 0 0 0 1 0 0 0 1 3665.dat
1 1 1230 -251.468 650 1 0 0 0 1 0 0 0 1 3040b.dat
1 1 1230 -275.468 670 1 0 0 0 1 0 0 0 1 3040b.dat
1 47 1000 -227.457 627.635 1 0 0 0 1 0 0 0 1 4448.dat
1 4 1190 -345.468 730 -1 0 0 0 1 0 0 0 -1 3959.dat
1 7 1190 -345.468 718.075 1 0 0 0 0 1 0 -1 0 4740.dat
1 47 920 -227.457 627.635 1 0 0 0 1 0 0 0 1 4448.dat
1 0 1085.48 -35.4676 620 0 -1 0 0 0 1 -1 0 0 2446.dat
1 43 1083.75 -29.8578 620 0 -0.790779 -0.612103 0 -0.612102 0.790779 -1 0 0 2447.dat
0
0 FILE car1.ldr
0 New Model
0 Name: car1.ldr
0 Author: MLCad
0 Unofficial Model
0 ROTATION CENTER 0 0 0 1 "Custom" 
0 ROTATION CONFIG 0 0
1 0 1306.97 0.78222 -370 -1 0 0 0 1 0 0 0 -1 3730.dat
1 15 1306.97 -95.2178 -370 1 0 0 0 1 0 0 0 1 3020.dat
1 36 1336.97 -111.218 -380 1 0 0 0 1 0 0 0 1 3024.dat
1 33 1276.97 -111.218 -380 1 0 0 0 1 0 0 0 1 3024.dat
1 15 1306.97 -31.2178 -520 1 0 0 0 1 0 0 0 1 2436a.dat
1 47 1296.97 -21.2177 -542 1 0 0 0 0 -1 0 1 0 4073.dat
1 47 1316.97 -21.2178 -542 1 0 0 0 0 -1 0 1 0 4073.dat
1 15 1276.97 -31.2178 -520 1 0 0 0 1 0 0 0 1 30039.dat
1 15 1336.97 -31.2178 -520 1 0 0 0 1 0 0 0 1 30039.dat
1 0 1306.97 -39.2178 -480 1 0 0 0 1 0 0 0 1 3023.dat
1 43 1306.97 -87.2178 -460 1 0 0 0 1 0 0 0 1 3823.dat
1 15 1306.97 -95.2178 -430 1 0 0 0 1 0 0 0 1 2349.dat
1 43 1306.97 -91.2178 -446 1 0 0 0 1 0 0 0 1 2348b.dat
1 15 1337.1 -103.218 -459.875 1 0 0 0 1 0 0 0 1 4592.dat
1 0 1336.97 -104.76 -460.289 1 0 0 0 0.957357 0.288907 0 -0.288907 0.957357 4593.dat
1 1 1306.97 -39.2178 -510 1 0 0 0 1 0 0 0 1 4859.dat
1 46 1276.97 -21.2178 -542 1 0 0 0 0 -1 0 1 0 3024.dat
1 46 1336.97 -21.2178 -542 1 0 0 0 0 -1 0 1 0 3024.dat
1 15 1336.97 -31.2178 -490.006 0 0 -1 0 1 0 1 0 0 3069b.dat
1 15 1276.97 -31.2178 -490.005 0 0 -1 0 1 0 1 0 0 3069b.dat
1 1 1336.97 -39.2178 -460 1 0 0 0 1 0 0 0 1 3822.dat
1 0 1306.97 -64.2178 -360 1 0 0 0 1 0 0 0 1 4208.dat
1 0 1301.97 -30 -430 0 0 1 0 1 0 -1 0 0 cavo avvolto.dat
1 1 1276.97 -39.2178 -460 1 0 0 0 1 0 0 0 1 3821.dat
1 15 1306.97 -87.2178 -400 1 0 0 0 1 0 0 0 1 4214.dat
1 7 1285.51 -57.218 -335.525 1 0 0 0 0.866025 0.5 0 -0.5 0.866025 4210a.dat
1 0 1306.97 -42.2088 -459.194 1 0 0 0 0.57357 0.819157 0 -0.819157 0.57357 3828.dat
1 7 1306.97 -15.2178 -460 1 0 0 0 1 0 0 0 1 3829a.dat
1 0 1306.97 -7.21778 -390 0 0 -1 0 1 0 1 0 0 3020.dat
1 15 1306.97 -87.2178 -370 -1 0 0 0 1 0 0 0 -1 4209.dat
1 15 1276.97 -39.2178 -380 0 0 -1 0 1 0 1 0 0 3623.dat
1 15 1306.97 -23.2178 -390 1 0 0 0 1 0 0 0 1 3788.dat
1 15 1336.97 -39.2178 -380 0 0 -1 0 1 0 1 0 0 3623.dat
1 36 1336.97 -103.218 -380 1 0 0 0 1 0 0 0 1 3024.dat
1 33 1276.97 -103.218 -380 1 0 0 0 1 0 0 0 1 3024.dat
1 0 1306.97 -7.21778 -450 1 0 0 0 1 0 0 0 1 3020.dat
1 15 1336.97 -15.2178 -450 0 0 -1 0 1 0 1 0 0 3710.dat
1 15 1276.97 -15.2178 -450 0 0 -1 0 1 0 1 0 0 3710.dat
1 15 1306.97 -23.2178 -510 1 0 0 0 1 0 0 0 1 3788.dat
1 0 1306.97 -23.2178 -510 1 0 0 0 1 0 0 0 1 3022.dat
1 7 1306.97 -31.2178 -490 1 0 0 0 1 0 0 0 1 3022.dat
1 15 1306.97 -23.2178 -480 1 0 0 0 1 0 0 0 1 3710.dat
1 0 1306.97 -7.21778 -500 0 0 -1 0 1 0 1 0 0 3021.dat
1 0 1306.97 0.78222 -450 0 0 -1 0 1 0 1 0 0 3795.dat
1 0 1306.97 8.78222 -390 1 0 0 0 1 0 0 0 1 4600.dat
1 15 1306.97 -15.2178 -360 -1 0 0 0 1 0 0 0 -1 3710.dat
1 1 1306.97 -39.2178 -360 1 0 0 0 1 0 0 0 1 3004.dat
1 36 1276.97 -31.2178 -360 1 0 0 0 1 0 0 0 1 3024.dat
1 15 1276.97 -31.2178 -390 0 0 -1 0 1 0 1 0 0 3023.dat
1 15 1336.97 -31.2178 -390 0 0 -1 0 1 0 1 0 0 3023.dat
1 36 1336.97 -31.2178 -360 1 0 0 0 1 0 0 0 1 3024.dat
1 15 1337.22 14.2822 -510 0 0 -1 0 1 0 1 0 0 4624.dat
1 0 1337.22 14.2822 -510 0 0 -1 0 1 0 1 0 0 4084.dat
1 15 1276.72 14.2822 -510 0 0 1 0 1 0 -1 0 0 4624.dat
1 0 1276.72 14.2822 -510 0 0 1 0 1 0 -1 0 0 4084.dat
1 0 1337.22 14.2822 -390 0 0 -1 0 1 0 1 0 0 4084.dat
1 0 1276.72 14.2822 -390 0 0 1 0 1 0 -1 0 0 4084.dat
1 0 1306.97 8.78222 -510 1 0 0 0 1 0 0 0 1 4600.dat
1 0 1306.97 0.782217 -520 1 0 0 0 1 0 0 0 1 3023.dat
1 36 1276.97 -23.2178 -360 1 0 0 0 1 0 0 0 1 3024.dat
1 36 1336.97 -23.2178 -360 1 0 0 0 1 0 0 0 1 3024.dat
1 15 1337.22 14.2822 -390 0 0 -1 0 1 0 1 0 0 4624.dat
1 15 1276.72 14.2822 -390 0 0 1 0 1 0 -1 0 0 4624.dat
0 
0
0 FILE cavo avvolto.dat
0 Model exported from LeoCAD
0 ROTATION CENTER 0 0 0 1 "Custom" 
0 ROTATION CONFIG 0 0
1 0 -86.0751 -29.0764 -16.7061 -0.9938 -0 0.1116 -0.1116 0 -0.9938 -0 1 0 LS60.dat
1 0 -85.8362 -30.5624 -16.706 -0.9891 -0 0.1471 -0.1471 0 -0.9891 -0 1 0 LS60.dat
1 0 -85.5096 -32.03 -16.706 -0.9798 -0 0.1999 -0.1999 0 -0.9798 -0 1 0 LS60.dat
1 0 -85.0287 -33.4582 -16.706 -0.957 -0 0.29 -0.29 0 -0.957 -0 1 0 LS60.dat
1 0 -84.1538 -34.7092 -16.706 -0.8609 0 0.5088 -0.5088 0 -0.8609 0 1 0 LS60.dat
1 0 -83.3412 -35.972 -16.706 -0.846 0 0.5332 -0.5332 0 -0.846 0 1 0 LS60.dat
1 0 -82.4633 -37.1917 -16.706 -0.8205 0 0.5717 -0.5717 0 -0.8205 0 1 0 LS60.dat
1 0 -81.4875 -38.3343 -16.706 -0.7761 -0 0.6306 -0.6306 0 -0.7761 0 1 0 LS60.dat
1 0 -80.3734 -39.3465 -16.706 -0.6997 0 0.7144 -0.7144 0 -0.6997 0 1 0 LS60.dat
1 0 -79.0994 -40.1549 -16.706 -0.5789 0 0.8154 -0.8154 0 -0.5789 0 1 0 LS60.dat
1 0 -77.6953 -40.7128 -16.706 -0.4237 -0 0.9058 -0.9058 0 -0.4237 0 1 0 LS60.dat
1 0 -76.2244 -41.0491 -16.706 -0.274 0 0.9617 -0.9617 0 -0.274 0 1 0 LS60.dat
1 0 -74.73 -41.2346 -16.706 -0.161 -0 0.9869 -0.9869 0 -0.161 0 1 0 LS60.dat
1 0 -73.2304 -41.3275 -16.706 -0.0867 0 0.9962 -0.9962 0 -0.0867 0 1 0 LS60.dat
1 0 -71.729 -41.3652 -16.706 -0.0404 0 0.9992 -0.9992 0 -0.0404 0 1 0 LS60.dat
1 0 -70.2271 -41.3699 -16.706 -0.0124 0 0.9999 -0.9999 0 -0.0124 0 1 0 LS60.dat
1 0 -68.7321 -41.2142 -16.6953 0.0747 -0.0054 0.9972 -0.9972 0 0.0747 0.0004 1 0.0053 LS60.dat
1 0 -67.2876 -40.7691 -16.6635 0.2411 -0.0177 0.9703 -0.9705 -0 0.2411 0.0043 0.9998 0.0172 LS60.dat
1 0 -65.961 -40.0385 -16.6113 0.425 -0.0336 0.9046 -0.9051 0 0.4252 0.0143 0.9994 0.0304 LS60.dat
1 0 -64.8267 -39.0332 -16.5395 0.6076 -0.0548 0.7923 -0.7935 -0 0.6086 0.0333 0.9985 0.0435 LS60.dat
1 0 -63.9461 -37.8006 -16.4515 0.7653 -0.0857 0.638 -0.6403 0 0.7681 0.0658 0.9963 0.0549 LS60.dat
1 0 -63.3528 -36.4084 -16.352 0.8793 -0.1378 0.4558 -0.4602 -0 0.8878 0.1223 0.9905 0.0634 LS60.dat
1 0 -63.0602 -34.9257 -16.2461 0.9311 -0.2556 0.2602 -0.2691 -0 0.9631 0.2462 0.9668 0.0688 LS60.dat
1 0 -63.0723 -33.4149 -16.1382 0.635 -0.7703 0.0589 -0.0923 -0 0.9957 0.767 0.6377 0.0711 LS60.dat
1 0 -63.3933 -31.9388 -16.0328 -0.8884 -0.4353 -0.1458 -0.1619 0 0.9868 0.4296 -0.9003 0.0705 LS60.dat
1 0 -64.0245 -30.5624 -15.9345 0.9173 0.1862 -0.3519 0.3582 0 0.9337 -0.1739 0.9825 0.0667 LS60.dat
1 0 -64.9531 -29.366 -15.849 0.8268 0.1069 -0.5523 0.5555 -0 0.8315 -0.0889 0.9943 0.0594 LS60.dat
1 0 -66.1394 -28.4193 -15.7814 0.6793 0.0664 -0.7309 0.7325 -0 0.6808 -0.0452 0.9978 0.0486 LS60.dat
1 0 -67.5096 -27.7686 -15.7349 0.4952 0.0408 -0.8678 0.8686 -0 0.4956 -0.0202 0.9992 0.0354 LS60.dat
1 0 -68.9822 -27.4116 -15.7094 0.3022 0.0226 -0.953 0.9532 -0 0.3023 -0.0068 0.9997 0.0216 LS60.dat
1 0 -70.4915 -27.3121 -15.7023 0.125 0.009 -0.9921 0.9922 0 0.125 -0.0011 1 0.0089 LS60.dat
1 0 -71.9908 -27.5235 -15.6961 -0.0745 0.0053 -0.9972 0.9972 -0 -0.0745 0.0004 1 0.0053 LS60.dat
1 0 -73.4352 -27.9652 -15.6645 -0.2394 0.0176 -0.9708 0.9709 -0 -0.2394 0.0042 0.9998 0.0171 LS60.dat
1 0 -74.7648 -28.6879 -15.6128 -0.4207 0.0332 -0.9066 0.9071 -0 -0.421 0.014 0.9994 0.0301 LS60.dat
1 0 -75.9088 -29.6808 -15.5418 -0.6005 0.0538 -0.7978 0.799 -0 -0.6013 0.0324 0.9985 0.043 LS60.dat
1 0 -76.8081 -30.8995 -15.4546 -0.7566 0.0835 -0.6486 0.6508 -0 -0.7592 0.0634 0.9965 0.0543 LS60.dat
1 0 -77.4282 -32.2804 -15.3558 -0.8718 0.1323 -0.4716 0.4758 -0 -0.8796 0.1163 0.9912 0.0629 LS60.dat
1 0 -77.7526 -33.7569 -15.2502 -0.9301 0.2378 -0.2798 0.2881 0 -0.9576 0.2277 0.9713 0.0685 LS60.dat
1 0 -77.7738 -35.2679 -15.1421 -0.7445 0.6627 -0.0804 0.1073 0 -0.9942 0.6589 0.7488 0.0711 LS60.dat
1 0 -77.484 -36.7505 -15.036 0.8609 0.4933 0.1248 0.1435 -0 -0.9896 0.4882 -0.8699 0.0708 LS60.dat
1 0 -76.8778 -38.1381 -14.9368 -0.9216 -0.1973 0.3342 -0.3409 0 -0.9401 -0.1855 0.9803 0.0673 LS60.dat
1 0 -75.9644 -39.3489 -14.8502 -0.8344 -0.1105 0.54 -0.5433 -0 -0.8396 -0.0928 0.9939 0.0601 LS60.dat
1 0 -74.784 -40.3061 -14.7817 -0.6859 -0.0677 0.7245 -0.7262 0 -0.6875 -0.0466 0.9977 0.0492 LS60.dat
1 0 -73.4137 -40.9614 -14.7348 -0.4986 -0.0412 0.8658 -0.8666 -0 -0.499 -0.0206 0.9992 0.0357 LS60.dat
1 0 -71.9386 -41.3186 -14.7092 -0.3026 -0.0227 0.9528 -0.9531 0 -0.3027 -0.0069 0.9997 0.0217 LS60.dat
1 0 -70.429 -41.4159 -14.7023 -0.1241 -0.0089 0.9922 -0.9923 -0 -0.1241 -0.0011 1 0.0089 LS60.dat
1 0 -68.9299 -41.205 -14.6961 0.0745 -0.0053 0.9972 -0.9972 -0 0.0745 0.0004 1 0.0053 LS60.dat
1 0 -67.4854 -40.7631 -14.6644 0.2395 -0.0176 0.9707 -0.9709 0 0.2395 0.0042 0.9998 0.0171 LS60.dat
1 0 -66.1561 -40.04 -14.6127 0.421 -0.0332 0.9065 -0.907 -0 0.4212 0.014 0.9994 0.0301 LS60.dat
1 0 -65.0126 -39.0464 -14.5417 0.6008 -0.0539 0.7975 -0.7987 -0 0.6017 0.0324 0.9985 0.043 LS60.dat
1 0 -64.1142 -37.827 -14.4544 0.7571 -0.0836 0.648 -0.6503 0 0.7597 0.0635 0.9965 0.0543 LS60.dat
1 0 -63.4956 -36.4454 -14.3556 0.8723 -0.1325 0.4707 -0.4749 0 0.88 0.1166 0.9912 0.0629 LS60.dat
1 0 -63.1729 -34.9686 -14.25 0.9302 -0.2387 0.2787 -0.287 0 0.9579 0.2287 0.9711 0.0685 LS60.dat
1 0 -63.1535 -33.4576 -14.1419 0.7398 -0.6682 0.0792 -0.1064 0 0.9943 0.6644 0.744 0.0711 LS60.dat
1 0 -63.445 -31.9753 -14.0359 -0.8627 -0.4898 -0.126 -0.1445 0 0.9895 0.4847 -0.8718 0.0708 LS60.dat
1 0 -64.0526 -30.5884 -13.9366 0.9214 0.1967 -0.3351 0.3418 0 0.9398 -0.1848 0.9805 0.0672 LS60.dat
1 0 -64.967 -29.3783 -13.8501 0.834 0.1103 -0.5407 0.544 0 0.8391 -0.0926 0.9939 0.06 LS60.dat
1 0 -66.1478 -28.4216 -13.7817 0.6855 0.0676 -0.7249 0.7266 -0 0.6871 -0.0465 0.9977 0.0491 LS60.dat
1 0 -67.5184 -27.7666 -13.7348 0.4984 0.0412 -0.866 0.8667 -0 0.4988 -0.0205 0.9992 0.0357 LS60.dat
1 0 -68.9935 -27.4094 -13.7092 0.3025 0.0227 -0.9529 0.9531 -0 0.3026 -0.0069 0.9997 0.0216 LS60.dat
1 0 -70.5031 -27.3121 -13.7023 0.1241 0.0089 -0.9922 0.9923 -0 0.1241 -0.0011 1 0.0089 LS60.dat
1 0 -72.0022 -27.523 -13.6961 -0.0745 0.0053 -0.9972 0.9972 0 -0.0745 0.0004 1 0.0053 LS60.dat
1 0 -73.4467 -27.9649 -13.6644 -0.2395 0.0176 -0.9707 0.9709 0 -0.2395 0.0042 0.9998 0.0171 LS60.dat
1 0 -74.776 -28.688 -13.6127 -0.421 0.0332 -0.9065 0.907 0 -0.4212 0.014 0.9994 0.0301 LS60.dat
1 0 -75.9195 -29.6816 -13.5417 -0.6008 0.0539 -0.7975 0.7987 0 -0.6017 0.0324 0.9985 0.043 LS60.dat
1 0 -76.8179 -30.901 -13.4544 -0.7571 0.0836 -0.648 0.6503 0 -0.7597 0.0635 0.9965 0.0543 LS60.dat
1 0 -77.4365 -32.2826 -13.3556 -0.8723 0.1325 -0.4707 0.4749 -0 -0.88 0.1166 0.9912 0.0629 LS60.dat
1 0 -77.7592 -33.7594 -13.25 -0.9302 0.2387 -0.2787 0.287 -0 -0.9579 0.2287 0.9711 0.0685 LS60.dat
1 0 -77.7785 -35.2704 -13.1419 -0.7397 0.6682 -0.0792 0.1064 0 -0.9943 0.6644 0.744 0.0711 LS60.dat
1 0 -77.487 -36.7526 -13.0359 0.8627 0.4898 0.126 0.1445 0 -0.9895 0.4847 -0.8718 0.0708 LS60.dat
1 0 -76.8794 -38.1396 -12.9366 -0.9214 -0.1967 0.3352 -0.3418 0 -0.9398 -0.1848 0.9805 0.0672 LS60.dat
1 0 -75.965 -39.3497 -12.8501 -0.834 -0.1103 0.5407 -0.544 0 -0.8391 -0.0926 0.9939 0.06 LS60.dat
1 0 -74.7842 -40.3064 -12.7817 -0.6855 -0.0676 0.7249 -0.7266 -0 -0.6871 -0.0465 0.9977 0.0491 LS60.dat
1 0 -73.4137 -40.9614 -12.7348 -0.4984 -0.0412 0.866 -0.8667 -0 -0.4988 -0.0205 0.9992 0.0357 LS60.dat
1 0 -71.9385 -41.3186 -12.7092 -0.3025 -0.0227 0.9529 -0.9531 -0 -0.3026 -0.0069 0.9997 0.0216 LS60.dat
1 0 -70.4289 -41.4159 -12.7023 -0.1241 -0.0089 0.9922 -0.9923 -0 -0.1241 -0.0011 1 0.0089 LS60.dat
1 0 -68.9299 -41.205 -12.6961 0.0745 -0.0053 0.9972 -0.9972 -0 0.0745 0.0004 1 0.0053 LS60.dat
1 0 -67.4854 -40.7631 -12.6644 0.2395 -0.0176 0.9707 -0.9709 0 0.2395 0.0042 0.9998 0.0171 LS60.dat
1 0 -66.156 -40.04 -12.6127 0.4209 -0.0332 0.9065 -0.907 -0 0.4212 0.014 0.9994 0.0301 LS60.dat
1 0 -65.0126 -39.0464 -12.5417 0.6008 -0.0539 0.7975 -0.7987 -0 0.6017 0.0324 0.9985 0.043 LS60.dat
1 0 -64.1142 -37.827 -12.4544 0.757 -0.0836 0.648 -0.6503 -0 0.7597 0.0635 0.9965 0.0543 LS60.dat
1 0 -63.4956 -36.4454 -12.3556 0.8723 -0.1325 0.4707 -0.4749 0 0.88 0.1166 0.9912 0.0629 LS60.dat
1 0 -63.1729 -34.9686 -12.25 0.9302 -0.2387 0.2787 -0.287 0 0.9579 0.2287 0.9711 0.0685 LS60.dat
1 0 -63.1535 -33.4576 -12.1419 0.7398 -0.6682 0.0792 -0.1064 0 0.9943 0.6644 0.744 0.0711 LS60.dat
1 0 -63.445 -31.9754 -12.0359 -0.8627 -0.4898 -0.126 -0.1445 0 0.9895 0.4847 -0.8718 0.0708 LS60.dat
1 0 -64.0526 -30.5884 -11.9366 0.9214 0.1967 -0.3351 0.3418 0 0.9398 -0.1848 0.9805 0.0672 LS60.dat
1 0 -64.967 -29.3783 -11.8501 0.834 0.1103 -0.5407 0.544 0 0.8391 -0.0926 0.9939 0.06 LS60.dat
1 0 -66.1478 -28.4216 -11.7817 0.6855 0.0676 -0.7249 0.7266 -0 0.6871 -0.0465 0.9977 0.0491 LS60.dat
1 0 -67.5184 -27.7666 -11.7348 0.4984 0.0412 -0.866 0.8667 0 0.4988 -0.0205 0.9992 0.0357 LS60.dat
1 0 -68.9935 -27.4094 -11.7092 0.3025 0.0227 -0.9529 0.9531 0 0.3026 -0.0069 0.9997 0.0216 LS60.dat
1 0 -70.5031 -27.3121 -11.7023 0.1241 0.0089 -0.9922 0.9923 -0 0.1241 -0.0011 1 0.0089 LS60.dat
1 0 -72.0022 -27.523 -11.6961 -0.0745 0.0053 -0.9972 0.9972 0 -0.0745 0.0004 1 0.0053 LS60.dat
1 0 -73.4466 -27.9649 -11.6644 -0.2395 0.0176 -0.9707 0.9709 0 -0.2395 0.0042 0.9998 0.0171 LS60.dat
1 0 -74.776 -28.688 -11.6127 -0.421 0.0332 -0.9065 0.907 0 -0.4212 0.014 0.9994 0.0301 LS60.dat
1 0 -75.9195 -29.6816 -11.5417 -0.6008 0.0539 -0.7975 0.7987 0 -0.6017 0.0324 0.9985 0.043 LS60.dat
1 0 -76.8178 -30.901 -11.4544 -0.7571 0.0836 -0.648 0.6503 -0 -0.7597 0.0635 0.9965 0.0543 LS60.dat
1 0 -77.4365 -32.2826 -11.3556 -0.8723 0.1325 -0.4707 0.4749 0 -0.88 0.1166 0.9912 0.0629 LS60.dat
1 0 -77.7591 -33.7594 -11.25 -0.9302 0.2387 -0.2787 0.287 -0 -0.9579 0.2287 0.9711 0.0685 LS60.dat
1 0 -77.7785 -35.2704 -11.1419 -0.7398 0.6682 -0.0792 0.1064 0 -0.9943 0.6644 0.744 0.0711 LS60.dat
1 0 -77.487 -36.7526 -11.0359 0.8627 0.4898 0.126 0.1445 0 -0.9895 0.4847 -0.8718 0.0708 LS60.dat
1 0 -76.8794 -38.1396 -10.9366 -0.9214 -0.1967 0.3351 -0.3418 -0 -0.9398 -0.1848 0.9805 0.0672 LS60.dat
1 0 -75.965 -39.3497 -10.8501 -0.834 -0.1103 0.5407 -0.544 -0 -0.8391 -0.0926 0.9939 0.06 LS60.dat
1 0 -74.7842 -40.3064 -10.7817 -0.6855 -0.0676 0.7249 -0.7266 -0 -0.6871 -0.0465 0.9977 0.0491 LS60.dat
1 0 -73.4137 -40.9614 -10.7348 -0.4984 -0.0412 0.866 -0.8667 0 -0.4988 -0.0205 0.9992 0.0357 LS60.dat
1 0 -71.9386 -41.3186 -10.7092 -0.3025 -0.0227 0.9529 -0.9531 -0 -0.3026 -0.0069 0.9997 0.0216 LS60.dat
1 0 -70.429 -41.4159 -10.7023 -0.1241 -0.0089 0.9922 -0.9923 -0 -0.1241 -0.0011 1 0.0089 LS60.dat
1 0 -68.9299 -41.205 -10.6961 0.0745 -0.0053 0.9972 -0.9972 0 0.0745 0.0004 1 0.0053 LS60.dat
1 0 -67.4855 -40.7631 -10.6644 0.2395 -0.0176 0.9707 -0.9709 0 0.2395 0.0042 0.9998 0.0171 LS60.dat
1 0 -66.1561 -40.04 -10.6127 0.4209 -0.0332 0.9065 -0.907 0 0.4212 0.014 0.9994 0.0301 LS60.dat
1 0 -65.0126 -39.0464 -10.5417 0.6008 -0.0539 0.7975 -0.7987 -0 0.6017 0.0324 0.9985 0.043 LS60.dat
1 0 -64.1142 -37.827 -10.4544 0.757 -0.0836 0.648 -0.6503 0 0.7597 0.0635 0.9965 0.0543 LS60.dat
1 0 -63.4956 -36.4454 -10.3556 0.8723 -0.1325 0.4707 -0.4749 -0 0.88 0.1166 0.9912 0.0629 LS60.dat
1 0 -63.1729 -34.9686 -10.25 0.9302 -0.2387 0.2788 -0.2871 0 0.9579 0.2287 0.9711 0.0685 LS60.dat
1 0 -63.1535 -33.4576 -10.1419 0.7398 -0.6682 0.0792 -0.1064 0 0.9943 0.6644 0.744 0.0711 LS60.dat
1 0 -63.445 -31.9754 -10.0359 -0.8627 -0.4898 -0.126 -0.1445 -0 0.9895 0.4847 -0.8718 0.0708 LS60.dat
1 0 -64.0526 -30.5884 -9.9366 0.9214 0.1967 -0.3351 0.3418 -0 0.9398 -0.1848 0.9805 0.0672 LS60.dat
1 0 -64.967 -29.3783 -9.8501 0.834 0.1103 -0.5407 0.544 0 0.8391 -0.0926 0.9939 0.06 LS60.dat
1 0 -66.1478 -28.4216 -9.7817 0.6855 0.0676 -0.7249 0.7266 -0 0.6871 -0.0465 0.9977 0.0491 LS60.dat
1 0 -67.5184 -27.7666 -9.7348 0.4984 0.0412 -0.866 0.8667 -0 0.4988 -0.0205 0.9992 0.0357 LS60.dat
1 0 -68.9935 -27.4094 -9.7092 0.3025 0.0227 -0.9529 0.9531 0 0.3026 -0.0069 0.9997 0.0216 LS60.dat
1 0 -70.5031 -27.3121 -9.7023 0.1241 0.0089 -0.9922 0.9923 0 0.1241 -0.0011 1 0.0089 LS60.dat
1 0 -72.0022 -27.523 -9.6961 -0.0745 0.0053 -0.9972 0.9972 0 -0.0745 0.0004 1 0.0053 LS60.dat
1 0 -73.4467 -27.9649 -9.6644 -0.2395 0.0176 -0.9707 0.9709 0 -0.2395 0.0042 0.9998 0.0171 LS60.dat
1 0 -74.776 -28.688 -9.6127 -0.421 0.0332 -0.9065 0.907 0 -0.4212 0.014 0.9994 0.0301 LS60.dat
1 0 -75.9195 -29.6816 -9.5417 -0.6009 0.0539 -0.7975 0.7987 -0 -0.6017 0.0324 0.9985 0.043 LS60.dat
1 0 -76.8179 -30.901 -9.4544 -0.7571 0.0836 -0.648 0.6503 -0 -0.7597 0.0635 0.9965 0.0543 LS60.dat
1 0 -77.4365 -32.2826 -9.3556 -0.8723 0.1325 -0.4707 0.4749 0 -0.88 0.1166 0.9912 0.0629 LS60.dat
1 0 -77.7591 -33.7594 -9.25 -0.9302 0.2387 -0.2787 0.287 0 -0.9579 0.2287 0.9711 0.0685 LS60.dat
1 0 -77.7785 -35.2704 -9.1419 -0.7397 0.6682 -0.0792 0.1064 -0 -0.9943 0.6644 0.744 0.0711 LS60.dat
1 0 -77.487 -36.7526 -9.0359 0.8627 0.4898 0.126 0.1445 0 -0.9895 0.4847 -0.8718 0.0708 LS60.dat
1 0 -76.8794 -38.1396 -8.9366 -0.9214 -0.1967 0.3351 -0.3418 -0 -0.9398 -0.1848 0.9805 0.0672 LS60.dat
1 0 -75.965 -39.3497 -8.8501 -0.834 -0.1103 0.5407 -0.544 0 -0.8391 -0.0926 0.9939 0.06 LS60.dat
1 0 -74.7842 -40.3064 -8.7817 -0.6855 -0.0676 0.7249 -0.7266 0 -0.6871 -0.0465 0.9977 0.0491 LS60.dat
1 0 -73.4137 -40.9614 -8.7348 -0.4984 -0.0412 0.866 -0.8667 0 -0.4988 -0.0205 0.9992 0.0357 LS60.dat
1 0 -71.9385 -41.3186 -8.7092 -0.3025 -0.0227 0.9529 -0.9531 -0 -0.3026 -0.0069 0.9997 0.0216 LS60.dat
1 0 -70.429 -41.4159 -8.7023 -0.1241 -0.0089 0.9922 -0.9923 0 -0.1241 -0.0011 1 0.0089 LS60.dat
1 0 -68.9299 -41.205 -8.6961 0.0745 -0.0053 0.9972 -0.9972 -0 0.0745 0.0004 1 0.0053 LS60.dat
1 0 -67.4854 -40.7631 -8.6644 0.2395 -0.0176 0.9707 -0.9709 0 0.2395 0.0042 0.9998 0.0171 LS60.dat
1 0 -66.1561 -40.04 -8.6127 0.4209 -0.0332 0.9065 -0.907 0 0.4212 0.014 0.9994 0.0301 LS60.dat
1 0 -65.0126 -39.0464 -8.5417 0.6008 -0.0539 0.7975 -0.7987 -0 0.6017 0.0324 0.9985 0.043 LS60.dat
1 0 -64.1142 -37.827 -8.4544 0.757 -0.0836 0.648 -0.6503 0 0.7597 0.0635 0.9965 0.0543 LS60.dat
1 0 -63.4956 -36.4454 -8.3556 0.8723 -0.1325 0.4707 -0.4749 0 0.88 0.1166 0.9912 0.0629 LS60.dat
1 0 -63.1729 -34.9686 -8.25 0.9302 -0.2387 0.2787 -0.287 0 0.9579 0.2287 0.9711 0.0685 LS60.dat
1 0 -63.1535 -33.4576 -8.1419 0.7398 -0.6682 0.0792 -0.1064 0 0.9943 0.6644 0.744 0.0711 LS60.dat
1 0 -63.445 -31.9753 -8.0359 -0.8627 -0.4898 -0.126 -0.1445 -0 0.9895 0.4847 -0.8718 0.0708 LS60.dat
1 0 -64.0526 -30.5884 -7.9366 0.9214 0.1967 -0.3351 0.3418 -0 0.9398 -0.1848 0.9805 0.0672 LS60.dat
1 0 -64.967 -29.3783 -7.8501 0.834 0.1103 -0.5407 0.544 0 0.8391 -0.0926 0.9939 0.06 LS60.dat
1 0 -66.1478 -28.4216 -7.7817 0.6855 0.0676 -0.7249 0.7266 0 0.6871 -0.0465 0.9977 0.0491 LS60.dat
1 0 -67.5184 -27.7666 -7.7348 0.4984 0.0412 -0.866 0.8667 -0 0.4988 -0.0205 0.9992 0.0357 LS60.dat
1 0 -68.9935 -27.4094 -7.7092 0.3025 0.0227 -0.9529 0.9531 0 0.3026 -0.0069 0.9997 0.0216 LS60.dat
1 0 -70.5031 -27.3121 -7.7023 0.1241 0.0089 -0.9922 0.9923 -0 0.1241 -0.0011 1 0.0089 LS60.dat
1 0 -72.0022 -27.523 -7.6961 -0.0745 0.0053 -0.9972 0.9972 -0 -0.0745 0.0004 1 0.0053 LS60.dat
1 0 -73.4467 -27.9649 -7.6644 -0.2395 0.0176 -0.9707 0.9709 -0 -0.2395 0.0042 0.9998 0.0171 LS60.dat
1 0 -74.776 -28.688 -7.6127 -0.421 0.0332 -0.9065 0.907 0 -0.4212 0.014 0.9994 0.0301 LS60.dat
1 0 -75.9195 -29.6816 -7.5417 -0.6008 0.0539 -0.7975 0.7987 0 -0.6017 0.0324 0.9985 0.043 LS60.dat
1 0 -76.8179 -30.901 -7.4544 -0.7571 0.0836 -0.648 0.6503 -0 -0.7597 0.0635 0.9965 0.0543 LS60.dat
1 0 -77.4365 -32.2826 -7.3556 -0.8723 0.1325 -0.4707 0.4749 0 -0.88 0.1166 0.9912 0.0629 LS60.dat
1 0 -77.7591 -33.7594 -7.25 -0.9302 0.2387 -0.2787 0.287 -0 -0.9579 0.2287 0.9711 0.0685 LS60.dat
1 0 -77.7785 -35.2704 -7.1419 -0.7397 0.6682 -0.0792 0.1064 -0 -0.9943 0.6644 0.744 0.0711 LS60.dat
1 0 -77.487 -36.7526 -7.0359 0.8627 0.4898 0.126 0.1445 0 -0.9895 0.4847 -0.8718 0.0708 LS60.dat
1 0 -76.8794 -38.1396 -6.9366 -0.9214 -0.1967 0.3352 -0.3418 -0 -0.9398 -0.1848 0.9805 0.0672 LS60.dat
1 0 -75.965 -39.3497 -6.8501 -0.834 -0.1103 0.5407 -0.544 0 -0.8391 -0.0926 0.9939 0.06 LS60.dat
1 0 -74.7842 -40.3064 -6.7817 -0.6855 -0.0676 0.7249 -0.7266 0 -0.6871 -0.0465 0.9977 0.0491 LS60.dat
1 0 -73.4137 -40.9614 -6.7348 -0.4984 -0.0412 0.866 -0.8667 0 -0.4988 -0.0205 0.9992 0.0357 LS60.dat
1 0 -71.9385 -41.3186 -6.7092 -0.3025 -0.0227 0.9529 -0.9531 -0 -0.3026 -0.0069 0.9997 0.0216 LS60.dat
1 0 -70.4289 -41.4159 -6.7023 -0.1241 -0.0089 0.9922 -0.9923 -0 -0.1241 -0.0011 1 0.0089 LS60.dat
1 0 -68.9299 -41.205 -6.6961 0.0745 -0.0053 0.9972 -0.9972 -0 0.0745 0.0004 1 0.0053 LS60.dat
1 0 -67.4854 -40.7631 -6.6644 0.2395 -0.0176 0.9707 -0.9709 -0 0.2395 0.0042 0.9998 0.0171 LS60.dat
1 0 -66.1561 -40.04 -6.6127 0.4209 -0.0332 0.9065 -0.907 -0 0.4212 0.014 0.9994 0.0301 LS60.dat
1 0 -65.0126 -39.0464 -6.5417 0.6008 -0.0539 0.7975 -0.7987 0 0.6017 0.0324 0.9985 0.043 LS60.dat
1 0 -64.1142 -37.827 -6.4544 0.7571 -0.0836 0.648 -0.6503 -0 0.7597 0.0635 0.9965 0.0543 LS60.dat
1 0 -63.4956 -36.4454 -6.3556 0.8723 -0.1325 0.4707 -0.4749 0 0.88 0.1166 0.9912 0.0629 LS60.dat
1 0 -63.1729 -34.9686 -6.25 0.9302 -0.2387 0.2787 -0.287 -0 0.9579 0.2287 0.9711 0.0685 LS60.dat
1 0 -63.1535 -33.4576 -6.1419 0.7398 -0.6682 0.0792 -0.1064 -0 0.9943 0.6644 0.744 0.0711 LS60.dat
1 0 -63.445 -31.9753 -6.0359 -0.8627 -0.4898 -0.126 -0.1445 0 0.9895 0.4847 -0.8718 0.0708 LS60.dat
1 0 -64.0526 -30.5884 -5.9366 0.9214 0.1967 -0.3352 0.3418 0 0.9398 -0.1848 0.9805 0.0672 LS60.dat
1 0 -64.967 -29.3783 -5.8501 0.834 0.1103 -0.5407 0.544 -0 0.8391 -0.0926 0.9939 0.06 LS60.dat
1 0 -66.1478 -28.4216 -5.7817 0.6855 0.0676 -0.7249 0.7266 -0 0.6871 -0.0465 0.9977 0.0491 LS60.dat
1 0 -67.5184 -27.7666 -5.7348 0.4984 0.0412 -0.866 0.8667 -0 0.4988 -0.0205 0.9992 0.0357 LS60.dat
1 0 -68.9935 -27.4094 -5.7092 0.3025 0.0227 -0.9529 0.9531 0 0.3026 -0.0069 0.9997 0.0216 LS60.dat
1 0 -70.5031 -27.3121 -5.7023 0.1241 0.0089 -0.9922 0.9923 0 0.1241 -0.0011 1 0.0089 LS60.dat
1 0 -72.0022 -27.523 -5.6961 -0.0745 0.0053 -0.9972 0.9972 -0 -0.0745 0.0004 1 0.0053 LS60.dat
1 0 -73.4467 -27.9649 -5.6644 -0.2395 0.0176 -0.9707 0.9709 0 -0.2395 0.0042 0.9998 0.0171 LS60.dat
1 0 -74.776 -28.688 -5.6127 -0.421 0.0332 -0.9065 0.907 -0 -0.4212 0.014 0.9994 0.0301 LS60.dat
1 0 -75.9195 -29.6816 -5.5417 -0.6008 0.0539 -0.7975 0.7987 0 -0.6017 0.0324 0.9985 0.043 LS60.dat
1 0 -76.8179 -30.901 -5.4544 -0.7571 0.0836 -0.648 0.6503 -0 -0.7597 0.0635 0.9965 0.0543 LS60.dat
1 0 -77.4365 -32.2826 -5.3556 -0.8723 0.1325 -0.4707 0.4749 -0 -0.88 0.1166 0.9912 0.0629 LS60.dat
1 0 -77.7592 -33.7594 -5.25 -0.9302 0.2387 -0.2787 0.287 0 -0.9579 0.2287 0.9711 0.0685 LS60.dat
1 0 -77.7786 -35.2704 -5.1419 -0.7397 0.6682 -0.0792 0.1064 0 -0.9943 0.6644 0.744 0.0711 LS60.dat
1 0 -77.487 -36.7526 -5.0359 0.8627 0.4898 0.126 0.1445 -0 -0.9895 0.4847 -0.8718 0.0708 LS60.dat
1 0 -76.8794 -38.1396 -4.9366 -0.9214 -0.1967 0.3351 -0.3418 0 -0.9398 -0.1848 0.9805 0.0672 LS60.dat
1 0 -75.965 -39.3497 -4.8501 -0.834 -0.1103 0.5407 -0.544 0 -0.8391 -0.0926 0.9939 0.06 LS60.dat
1 0 -74.7842 -40.3064 -4.7817 -0.6855 -0.0676 0.7249 -0.7266 -0 -0.6871 -0.0465 0.9977 0.0491 LS60.dat
1 0 -73.4137 -40.9614 -4.7348 -0.4984 -0.0412 0.866 -0.8667 0 -0.4988 -0.0205 0.9992 0.0357 LS60.dat
1 0 -71.9385 -41.3186 -4.7092 -0.3025 -0.0227 0.9529 -0.9531 -0 -0.3026 -0.0069 0.9997 0.0216 LS60.dat
1 0 -70.4289 -41.4159 -4.7023 -0.1241 -0.0089 0.9922 -0.9923 -0 -0.1241 -0.0011 1 0.0089 LS60.dat
1 0 -68.9299 -41.205 -4.6961 0.0745 -0.0053 0.9972 -0.9972 -0 0.0745 0.0004 1 0.0053 LS60.dat
1 0 -67.4854 -40.7631 -4.6644 0.2395 -0.0176 0.9707 -0.9709 -0 0.2395 0.0042 0.9998 0.0171 LS60.dat
1 0 -66.1561 -40.04 -4.6127 0.421 -0.0332 0.9065 -0.907 0 0.4212 0.014 0.9994 0.0301 LS60.dat
1 0 -65.0126 -39.0464 -4.5417 0.6008 -0.0539 0.7975 -0.7987 -0 0.6017 0.0324 0.9985 0.043 LS60.dat
1 0 -64.1142 -37.827 -4.4544 0.7571 -0.0836 0.648 -0.6503 -0 0.7597 0.0635 0.9965 0.0543 LS60.dat
1 0 -63.4956 -36.4454 -4.3556 0.8723 -0.1325 0.4707 -0.4749 0 0.88 0.1166 0.9912 0.0629 LS60.dat
1 0 -63.1729 -34.9686 -4.25 0.9302 -0.2387 0.2787 -0.287 -0 0.9579 0.2287 0.9711 0.0685 LS60.dat
1 0 -63.1535 -33.4576 -4.1419 0.7398 -0.6682 0.0792 -0.1064 -0 0.9943 0.6644 0.744 0.0711 LS60.dat
1 0 -63.445 -31.9753 -4.0359 -0.8627 -0.4898 -0.126 -0.1445 -0 0.9895 0.4847 -0.8718 0.0708 LS60.dat
1 0 -64.0526 -30.5884 -3.9366 0.9214 0.1967 -0.3352 0.3418 -0 0.9398 -0.1848 0.9805 0.0672 LS60.dat
1 0 -64.967 -29.3783 -3.8501 0.834 0.1103 -0.5407 0.544 -0 0.8391 -0.0926 0.9939 0.06 LS60.dat
1 0 -66.1478 -28.4216 -3.7817 0.6855 0.0676 -0.7249 0.7266 -0 0.6871 -0.0465 0.9977 0.0491 LS60.dat
1 0 -67.5184 -27.7666 -3.7348 0.4984 0.0412 -0.866 0.8667 0 0.4988 -0.0205 0.9992 0.0357 LS60.dat
1 0 -68.9935 -27.4094 -3.7092 0.3025 0.0227 -0.9529 0.9531 0 0.3026 -0.0069 0.9997 0.0216 LS60.dat
1 0 -70.5031 -27.3121 -3.7023 0.1241 0.0089 -0.9922 0.9923 -0 0.1241 -0.0011 1 0.0089 LS60.dat
1 0 -72.0022 -27.523 -3.6961 -0.0745 0.0053 -0.9972 0.9972 0 -0.0745 0.0004 1 0.0053 LS60.dat
1 0 -73.4467 -27.9649 -3.6644 -0.2395 0.0176 -0.9707 0.9709 0 -0.2395 0.0042 0.9998 0.0171 LS60.dat
1 0 -74.776 -28.688 -3.6127 -0.4209 0.0332 -0.9065 0.907 0 -0.4212 0.014 0.9994 0.0301 LS60.dat
1 0 -75.9195 -29.6816 -3.5417 -0.6009 0.0539 -0.7975 0.7987 -0 -0.6017 0.0324 0.9985 0.043 LS60.dat
1 0 -76.8179 -30.901 -3.4544 -0.7571 0.0836 -0.648 0.6503 -0 -0.7597 0.0635 0.9965 0.0543 LS60.dat
1 0 -77.4365 -32.2826 -3.3556 -0.8723 0.1325 -0.4707 0.4749 -0 -0.88 0.1166 0.9912 0.0629 LS60.dat
1 0 -77.7591 -33.7594 -3.25 -0.9302 0.2387 -0.2787 0.287 0 -0.9579 0.2287 0.9711 0.0685 LS60.dat
1 0 -77.7785 -35.2704 -3.1419 -0.7397 0.6682 -0.0792 0.1064 -0 -0.9943 0.6644 0.744 0.0711 LS60.dat
1 0 -77.487 -36.7526 -3.0359 0.8627 0.4898 0.126 0.1445 0 -0.9895 0.4847 -0.8718 0.0708 LS60.dat
1 0 -76.8794 -38.1396 -2.9366 -0.9214 -0.1967 0.3352 -0.3418 -0 -0.9398 -0.1848 0.9805 0.0672 LS60.dat
1 0 -75.965 -39.3497 -2.8501 -0.834 -0.1103 0.5407 -0.544 0 -0.8391 -0.0926 0.9939 0.06 LS60.dat
1 0 -74.7842 -40.3064 -2.7817 -0.6855 -0.0676 0.7249 -0.7266 0 -0.6871 -0.0465 0.9977 0.0491 LS60.dat
1 0 -73.4137 -40.9614 -2.7348 -0.4984 -0.0412 0.866 -0.8667 -0 -0.4988 -0.0205 0.9992 0.0357 LS60.dat
1 0 -71.9385 -41.3186 -2.7092 -0.3025 -0.0227 0.9529 -0.9531 -0 -0.3026 -0.0069 0.9997 0.0216 LS60.dat
1 0 -70.4289 -41.4159 -2.7023 -0.1241 -0.0089 0.9922 -0.9923 -0 -0.1241 -0.0011 1 0.0089 LS60.dat
1 0 -68.9299 -41.205 -2.6961 0.0745 -0.0053 0.9972 -0.9972 0 0.0745 0.0004 1 0.0053 LS60.dat
1 0 -67.4854 -40.7631 -2.6644 0.2395 -0.0176 0.9707 -0.9709 0 0.2395 0.0042 0.9998 0.0171 LS60.dat
1 0 -66.156 -40.04 -2.6127 0.4209 -0.0332 0.9065 -0.907 0 0.4212 0.014 0.9994 0.0301 LS60.dat
1 0 -65.0125 -39.0464 -2.5417 0.6008 -0.0539 0.7975 -0.7987 -0 0.6017 0.0324 0.9985 0.043 LS60.dat
1 0 -64.1142 -37.827 -2.4544 0.7571 -0.0836 0.648 -0.6503 0 0.7597 0.0635 0.9965 0.0543 LS60.dat
1 0 -63.4956 -36.4454 -2.3556 0.8723 -0.1325 0.4707 -0.4749 0 0.88 0.1166 0.9912 0.0629 LS60.dat
1 0 -63.1729 -34.9686 -2.25 0.9302 -0.2387 0.2787 -0.287 -0 0.9579 0.2287 0.9711 0.0685 LS60.dat
1 0 -63.1535 -33.4576 -2.1419 0.7398 -0.6682 0.0792 -0.1064 0 0.9943 0.6644 0.744 0.0711 LS60.dat
1 0 -63.445 -31.9754 -2.0359 -0.8627 -0.4898 -0.126 -0.1445 -0 0.9895 0.4847 -0.8718 0.0708 LS60.dat
1 0 -64.0526 -30.5884 -1.9366 0.9214 0.1967 -0.3351 0.3418 -0 0.9398 -0.1848 0.9805 0.0672 LS60.dat
1 0 -64.967 -29.3783 -1.8501 0.834 0.1103 -0.5407 0.544 -0 0.8391 -0.0926 0.9939 0.06 LS60.dat
1 0 -66.1478 -28.4216 -1.7817 0.6855 0.0676 -0.7249 0.7266 0 0.6871 -0.0465 0.9977 0.0491 LS60.dat
1 0 -67.5184 -27.7666 -1.7348 0.4984 0.0412 -0.866 0.8667 -0 0.4988 -0.0205 0.9992 0.0357 LS60.dat
1 0 -68.9935 -27.4094 -1.7092 0.3025 0.0227 -0.9529 0.9531 -0 0.3026 -0.0069 0.9997 0.0216 LS60.dat
1 0 -70.5031 -27.3121 -1.7023 0.1241 0.0089 -0.9922 0.9923 0 0.1241 -0.0011 1 0.0089 LS60.dat
1 0 -72.0022 -27.523 -1.6961 -0.0745 0.0053 -0.9972 0.9972 0 -0.0745 0.0004 1 0.0053 LS60.dat
1 0 -73.4466 -27.9649 -1.6644 -0.2395 0.0176 -0.9707 0.9709 0 -0.2395 0.0042 0.9998 0.0171 LS60.dat
1 0 -74.776 -28.688 -1.6127 -0.4209 0.0332 -0.9065 0.907 0 -0.4212 0.014 0.9994 0.0301 LS60.dat
1 0 -75.9195 -29.6816 -1.5417 -0.6008 0.0539 -0.7975 0.7987 0 -0.6017 0.0324 0.9985 0.043 LS60.dat
1 0 -76.8178 -30.901 -1.4544 -0.757 0.0836 -0.648 0.6503 -0 -0.7597 0.0635 0.9965 0.0543 LS60.dat
1 0 -77.4365 -32.2826 -1.3556 -0.8723 0.1325 -0.4707 0.4749 -0 -0.88 0.1166 0.9912 0.0629 LS60.dat
1 0 -77.7591 -33.7594 -1.25 -0.9302 0.2387 -0.2788 0.287 -0 -0.9579 0.2287 0.9711 0.0685 LS60.dat
1 0 -77.7785 -35.2704 -1.1419 -0.7397 0.6682 -0.0792 0.1064 0 -0.9943 0.6644 0.744 0.0711 LS60.dat
1 0 -77.487 -36.7526 -1.0359 0.8627 0.4898 0.126 0.1445 -0 -0.9895 0.4847 -0.8718 0.0708 LS60.dat
1 0 -76.8794 -38.1396 -0.9366 -0.9214 -0.1967 0.3351 -0.3418 0 -0.9398 -0.1848 0.9805 0.0672 LS60.dat
1 0 -75.965 -39.3497 -0.8501 -0.834 -0.1103 0.5407 -0.544 0 -0.8391 -0.0926 0.9939 0.06 LS60.dat
1 0 -74.7842 -40.3064 -0.7817 -0.6855 -0.0676 0.7249 -0.7266 0 -0.6871 -0.0465 0.9977 0.0491 LS60.dat
1 0 -73.4137 -40.9614 -0.7348 -0.4984 -0.0412 0.866 -0.8667 0 -0.4988 -0.0205 0.9992 0.0357 LS60.dat
1 0 -71.9385 -41.3186 -0.7092 -0.3025 -0.0227 0.9529 -0.9531 -0 -0.3026 -0.0069 0.9997 0.0216 LS60.dat
1 0 -70.4289 -41.4159 -0.7023 -0.1241 -0.0089 0.9922 -0.9923 0 -0.1241 -0.0011 1 0.0089 LS60.dat
1 0 -68.9299 -41.205 -0.6961 0.0745 -0.0053 0.9972 -0.9972 -0 0.0745 0.0004 1 0.0053 LS60.dat
1 0 -67.4854 -40.7631 -0.6644 0.2395 -0.0176 0.9707 -0.9709 0 0.2395 0.0042 0.9998 0.0171 LS60.dat
1 0 -66.1561 -40.04 -0.6127 0.4209 -0.0332 0.9065 -0.907 -0 0.4212 0.014 0.9994 0.0301 LS60.dat
1 0 -65.0126 -39.0464 -0.5417 0.6008 -0.0539 0.7975 -0.7987 -0 0.6017 0.0324 0.9985 0.043 LS60.dat
1 0 -64.1142 -37.827 -0.4544 0.757 -0.0836 0.648 -0.6503 0 0.7597 0.0635 0.9965 0.0543 LS60.dat
1 0 -63.4956 -36.4454 -0.3556 0.8723 -0.1325 0.4707 -0.4749 0 0.88 0.1166 0.9912 0.0629 LS60.dat
1 0 -63.1729 -34.9686 -0.25 0.9302 -0.2387 0.2787 -0.287 -0 0.9579 0.2287 0.9711 0.0685 LS60.dat
1 0 -63.1535 -33.4576 -0.1419 0.7398 -0.6682 0.0792 -0.1064 -0 0.9943 0.6644 0.744 0.0711 LS60.dat
1 0 -63.445 -31.9754 -0.0359 -0.8627 -0.4898 -0.126 -0.1445 -0 0.9895 0.4847 -0.8718 0.0708 LS60.dat
1 0 -64.0526 -30.5884 0.0634 0.9214 0.1967 -0.3351 0.3418 -0 0.9398 -0.1848 0.9805 0.0672 LS60.dat
1 0 -64.967 -29.3783 0.1499 0.834 0.1103 -0.5407 0.544 -0 0.8391 -0.0926 0.9939 0.06 LS60.dat
1 0 -66.1478 -28.4216 0.2183 0.6855 0.0676 -0.7249 0.7266 0 0.6871 -0.0465 0.9977 0.0491 LS60.dat
1 0 -67.5184 -27.7666 0.2652 0.4984 0.0412 -0.866 0.8667 0 0.4988 -0.0205 0.9992 0.0357 LS60.dat
1 0 -68.9935 -27.4094 0.2908 0.3025 0.0227 -0.9529 0.9531 0 0.3026 -0.0069 0.9997 0.0216 LS60.dat
1 0 -70.5031 -27.3121 0.2977 0.1241 0.0089 -0.9922 0.9923 0 0.1241 -0.0011 1 0.0089 LS60.dat
1 0 -72.0022 -27.523 0.3039 -0.0745 0.0053 -0.9972 0.9972 0 -0.0745 0.0004 1 0.0053 LS60.dat
1 0 -73.4466 -27.9649 0.3356 -0.2395 0.0176 -0.9707 0.9709 0 -0.2395 0.0042 0.9998 0.0171 LS60.dat
1 0 -74.776 -28.688 0.3873 -0.4209 0.0332 -0.9065 0.907 0 -0.4212 0.014 0.9994 0.0301 LS60.dat
1 0 -75.9195 -29.6816 0.4583 -0.6009 0.0539 -0.7975 0.7987 -0 -0.6017 0.0324 0.9985 0.043 LS60.dat
1 0 -76.8179 -30.901 0.5456 -0.7571 0.0836 -0.648 0.6503 0 -0.7597 0.0635 0.9965 0.0543 LS60.dat
1 0 -77.4365 -32.2826 0.6444 -0.8723 0.1325 -0.4707 0.4749 -0 -0.88 0.1166 0.9912 0.0629 LS60.dat
1 0 -77.7591 -33.7594 0.75 -0.9302 0.2387 -0.2787 0.287 -0 -0.9579 0.2287 0.9711 0.0685 LS60.dat
1 0 -77.7785 -35.2704 0.8581 -0.7397 0.6682 -0.0792 0.1064 -0 -0.9943 0.6644 0.744 0.0711 LS60.dat
1 0 -77.487 -36.7526 0.9641 0.8627 0.4898 0.126 0.1445 0 -0.9895 0.4847 -0.8718 0.0708 LS60.dat
1 0 -76.8794 -38.1396 1.0634 -0.9214 -0.1967 0.3351 -0.3418 0 -0.9398 -0.1848 0.9805 0.0672 LS60.dat
1 0 -75.965 -39.3497 1.1499 -0.834 -0.1103 0.5407 -0.544 0 -0.8391 -0.0926 0.9939 0.06 LS60.dat
1 0 -74.7842 -40.3064 1.2183 -0.6855 -0.0676 0.7249 -0.7266 -0 -0.6871 -0.0465 0.9977 0.0491 LS60.dat
1 0 -73.4137 -40.9614 1.2652 -0.4984 -0.0412 0.866 -0.8667 0 -0.4988 -0.0205 0.9992 0.0357 LS60.dat
1 0 -71.9385 -41.3186 1.2908 -0.3025 -0.0227 0.9529 -0.9531 0 -0.3026 -0.0069 0.9997 0.0216 LS60.dat
1 0 -70.4289 -41.4159 1.2977 -0.1241 -0.0089 0.9922 -0.9923 -0 -0.1241 -0.0011 1 0.0089 LS60.dat
1 0 -68.9299 -41.205 1.3039 0.0745 -0.0053 0.9972 -0.9972 -0 0.0745 0.0004 1 0.0053 LS60.dat
1 0 -67.4854 -40.7631 1.3356 0.2395 -0.0176 0.9707 -0.9709 -0 0.2395 0.0042 0.9998 0.0171 LS60.dat
