0 Gas N' Wash Express
0 Name: 6397-1.ldr
0 Author: LEGO(R)
0 ROTATION CENTER 0 0 0 1 "Custom" 
0 ROTATION CONFIG 0 0
1 2 0 0 0 1 0 0 0 1 0 0 0 1 309p03.dat
1 15 -300 -8 280 1 0 0 0 1 0 0 0 1 3022.dat
1 7 -270 -8 220 0 0 -1 0 1 0 1 0 0 4162.dat
1 7 -250 -8 220 0 0 -1 0 1 0 1 0 0 4162.dat
1 7 -250 -8 380 0 0 -1 0 1 0 1 0 0 4162.dat
1 7 -270 -8 380 0 0 -1 0 1 0 1 0 0 4162.dat
1 15 -220 -8 240 1 0 0 0 1 0 0 0 1 3068bp18.dat
1 7 -190 -8 380 0 0 -1 0 1 0 1 0 0 4162.dat
1 7 -170 -8 380 0 0 -1 0 1 0 1 0 0 4162.dat
1 7 -170 -8 220 0 0 -1 0 1 0 1 0 0 4162.dat
1 7 -190 -8 220 0 0 -1 0 1 0 1 0 0 4162.dat
1 15 -140 -8 280 1 0 0 0 1 0 0 0 1 3022.dat
1 15 -110 -24 300 0 0 -1 0 1 0 1 0 0 3009.dat
1 15 -20 -24 320 0 0 -1 0 1 0 1 0 0 6143.dat
1 15 190 -24 320 0 0 -1 0 1 0 1 0 0 3008.dat
1 15 260 -24 460 0 0 -1 0 1 0 1 0 0 3003.dat
1 2 0 0 400 -1 0 0 0 1 0 0 0 -1 4187.dat
1 1 190 -48 440 0 0 -1 0 1 0 1 0 0 4083.dat
1 15 -140 -16 280 0 0 -1 0 1 0 1 0 0 2460.dat
1 15 -300 -16 280 0 0 -1 0 1 0 1 0 0 2460.dat
1 15 -110 -48 300 0 0 -1 0 1 0 1 0 0 3009.dat
1 4 -10 -48 330 0 0 -1 0 1 0 1 0 0 3062b.dat
1 4 -10 -48 310 0 0 -1 0 1 0 1 0 0 3062b.dat
1 7 -30 -32 310 -1 0 0 0 1 0 0 0 -1 4592.dat
1 0 -30 -32 310 -1 0 0 0 0.0174531 -1 0 -1 -0.0174531 4593.dat
1 15 90 -48 320 0 0 1 0 1 0 -1 0 0 6268a.dat
1 15 90 -48 280 0 0 1 0 1 0 -1 0 0 6268a.dat
1 15 190 -48 390 0 0 1 0 1 0 -1 0 0 3005.dat
1 15 190 -48 260 0 0 1 0 1 0 -1 0 0 3004.dat
1 15 190 -48 350 0 0 1 0 1 0 -1 0 0 3622.dat
1 7 210 -48 301 1 0 0 0 1 0 0 0 1 4626.dat
1 0 260 -32 460 1 0 0 0 1 0 0 0 1 4600.dat
1 15 228 -27 460 0 0 1 0 1 0 -1 0 0 4624.dat
1 0 228 -27 460 0 0 1 0 1 0 -1 0 0 3641.dat
1 15 260 -56 470 1 0 0 0 1 0 0 0 1 3039p34.dat
1 0 190 -64 450 -1 0 0 0 1 0 0 0 -1 4006.dat
1 0 190 -72 430 -1 0 0 0 1 0 0 0 -1 4522.dat
1 7 100 -56 300 0 0 1 0 1 0 -1 0 0 3020.dat
1 7 -10 -56 310 0 0 1 0 1 0 -1 0 0 6141.dat
1 7 -10 -56 330 0 0 1 0 1 0 -1 0 0 6141.dat
1 15 -110 -72 300 0 0 -1 0 1 0 1 0 0 3009.dat
1 15 -110 -96 300 0 0 -1 0 1 0 1 0 0 3009.dat
1 15 -110 -120 300 0 0 -1 0 1 0 1 0 0 3009.dat
1 15 190 -72 320 0 0 -1 0 1 0 1 0 0 3008.dat
1 15 190 -96 320 0 0 -1 0 1 0 1 0 0 3008.dat
1 15 190 -120 320 0 0 -1 0 1 0 1 0 0 3008.dat
1 15 90 -80 330 0 0 -1 0 1 0 1 0 0 3040p32.dat
1 7 140 -120 250 1 0 0 0 1 0 0 0 1 2493b.dat
1 7 -40 -120 250 1 0 0 0 1 0 0 0 1 2493b.dat
1 47 -40 -120 250 1 0 0 0 1 0 0 0 1 2494.dat
1 47 140 -120 250 1 0 0 0 1 0 0 0 1 2494.dat
1 7 70 -120 250 0 0 -1 0 1 0 1 0 0 73435.dat
1 0 90 -120 240 0 0 -1 0 1 0 1 0 0 2454.dat
1 0 -90 -120 240 0 0 -1 0 1 0 1 0 0 2454.dat
1 15 -130 -120 400 0 0 -1 0 1 0 1 0 0 2454.dat
1 15 -310 -120 400 0 0 -1 0 1 0 1 0 0 2454.dat
1 15 -310 -120 250 0 0 -1 0 1 0 1 0 0 2453.dat
1 4 10 -64 237 -1 0 0 0 0 1 0 1 0 3070b.dat
1 15 -130 -168 400 0 0 1 0 1 0 -1 0 0 6268a.dat
1 15 -310 -168 400 0 0 -1 0 1 0 1 0 0 6268a.dat
1 2 -110 -128 350 0 0 -1 0 1 0 1 0 0 3024.dat
1 2 -110 -128 300 0 0 -1 0 1 0 1 0 0 3710.dat
1 2 -80 -128 250 -1 0 0 0 1 0 0 0 -1 3710.dat
1 2 60 -128 250 -1 0 0 0 1 0 0 0 -1 4477.dat
1 2 180 -128 250 -1 0 0 0 1 0 0 0 -1 3023.dat
1 2 190 -128 390 -1 0 0 0 1 0 0 0 -1 3024.dat
1 2 190 -128 320 0 0 1 0 1 0 -1 0 0 3666.dat
1 15 -310 -144 250 1 0 0 0 1 0 0 0 1 4070.dat
1 15 -310 -168 250 1 0 0 0 1 0 0 0 1 4070.dat
1 4 140 -136 250 -1 0 0 0 1 0 0 0 -1 3710.dat
1 4 -110 -136 300 0 0 1 0 1 0 -1 0 0 3666.dat
1 4 0 -136 250 -1 0 0 0 1 0 0 0 -1 4477.dat
1 4 190 -136 320 0 0 1 0 1 0 -1 0 0 3460.dat
1 15 -110 -160 320 0 0 1 0 1 0 -1 0 0 3010.dat
1 15 -130 -192 400 0 0 1 0 1 0 -1 0 0 2458.dat
1 15 -310 -192 400 0 0 -1 0 1 0 1 0 0 2458.dat
1 34 -310 -134 236 -1 0 0 0 0 1 0 1 0 3070b.dat
1 36 -310 -158 236 -1 0 0 0 0 1 0 1 0 3070b.dat
1 0 -220 -182 400 -1 0 0 0 1 0 0 0 -1 2475.dat
1 7 -220 -134 400 -1 0 0 0 1 0 0 0 -1 2497.dat
1 1 -243 -134 400 0 -1 0 -1 0 0 0 0 -1 2498.dat
1 1 -197 -134 400 0 -1 0 -1 0 0 0 0 -1 2498.dat
1 1 -151 -134 400 0 -1 0 -1 0 0 0 0 -1 2498.dat
1 0 -140 -96 280 0 -0.965926 -0.258819 -1 0 0 0 0.258819 -0.965926 2475.dat
1 0 -300 -96 280 0 0.965926 0.258819 1 0 0 0 0.258819 -0.965926 2475.dat
1 7 -253 -96 292 0 1 0 1 0 0 0 0 -1 2497.dat
1 7 -187 -96 292 0 1 0 1 0 0 0 0 -1 2497.dat
1 1 -253 -73 292 -1 0 0 0 1 0 0 0 -1 2498.dat
1 1 -253 -119 292 -1 0 0 0 1 0 0 0 -1 2498.dat
1 1 -253 -165 292 -1 0 0 0 1 0 0 0 -1 2498.dat
1 1 -187 -165 292 -1 0 0 0 1 0 0 0 -1 2498.dat
1 1 -187 -119 292 -1 0 0 0 1 0 0 0 -1 2498.dat
1 1 -187 -73 292 -1 0 0 0 1 0 0 0 -1 2498.dat
1 15 120 -160 250 -1 0 0 0 1 0 0 0 -1 3010.dat
1 15 190 -160 340 0 0 1 0 1 0 -1 0 0 3009.dat
1 15 0 -160 250 1 0 0 0 1 0 0 0 1 3008.dat
1 15 -110 -160 250 1 0 0 0 1 0 0 0 1 2357.dat
1 15 190 -160 250 0 0 -1 0 1 0 1 0 0 2357.dat
1 15 -140 -184 280 0 0 -1 0 1 0 1 0 0 2476a.dat
1 15 -300 -184 280 0 0 -1 0 1 0 1 0 0 2476a.dat
1 15 90 -8 -40 0 0 -1 0 1 0 1 0 0 2413.dat
1 1 270 0 225 0 0 1 0 1 0 -1 0 0 4629.dat
1 1 270 -11 251 0 0 1 0 1 0 -1 0 0 4627.dat
1 1 270 -15 260 0 0 1 0 1 0 -1 0 0 4628.dat
1 0 90 -32 -40 0 0 1 0 1 0 -1 0 0 3004.dat
1 0 90 -56 -40 0 0 1 0 1 0 -1 0 0 3004.dat
1 15 40 -168 300 1 0 0 0 1 0 0 0 1 3027.dat
1 15 190 -168 380 0 0 -1 0 1 0 1 0 0 3023.dat
1 15 -220 -192 270 -1 0 0 0 1 0 0 0 -1 4477.dat
1 0 90 -64 -30 0 0 1 0 1 0 -1 0 0 4085c.dat
1 0 90 -64 -50 0 0 1 0 1 0 -1 0 0 4085c.dat
1 15 -90 -8 -40 0 0 1 0 1 0 -1 0 0 2413.dat
1 0 -90 -16 -40 0 0 1 0 1 0 -1 0 0 3023.dat
1 0 90 -88 -40 0 0 1 0 1 0 -1 0 0 3004.dat
1 0 90 -112 -40 0 0 1 0 1 0 -1 0 0 3004.dat
1 0 90 -136 -40 0 0 1 0 1 0 -1 0 0 3004.dat
1 0 -90 -136 -40 0 0 -1 0 1 0 1 0 0 2454.dat
1 0 -90 -144 230 0 0 -1 0 1 0 1 0 0 3005.dat
1 0 -90 -168 230 0 0 -1 0 1 0 1 0 0 3005.dat
1 0 90 -144 230 0 0 -1 0 1 0 1 0 0 3005.dat
1 0 90 -168 230 0 0 -1 0 1 0 1 0 0 3005.dat
1 15 -300 -192 290 -1 0 0 0 1 0 0 0 -1 3023.dat
1 15 -140 -192 290 -1 0 0 0 1 0 0 0 -1 3023.dat
1 15 -310 -192 250 1 0 0 0 1 0 0 0 1 3665.dat
1 1 130 -8 170 1 0 0 0 1 0 0 0 1 6141.dat
1 7 130 -32 170 1 0 0 0 1 0 0 0 1 4733.dat
1 1 112 -32 170 0 1 0 -1 0 0 0 0 1 2412a.dat
1 1 130 -32 188 0 0 1 -1 0 0 0 -1 0 2412a.dat
1 1 148 -32 170 0 -1 0 -1 0 0 0 0 -1 2412a.dat
1 1 130 -32 152 0 0 -1 -1 0 0 0 1 0 2412a.dat
1 2 -50 -16 -40 -1 0 0 0 1 0 0 0 -1 3021.dat
1 2 -130 -16 -40 -1 0 0 0 1 0 0 0 -1 3021.dat
1 2 130 -16 -40 -1 0 0 0 1 0 0 0 -1 3021.dat
1 4 130 -24 -40 -1 0 0 0 1 0 0 0 -1 3021.dat
1 4 -50 -24 -40 -1 0 0 0 1 0 0 0 -1 3021.dat
1 4 -130 -24 -40 -1 0 0 0 1 0 0 0 -1 3021.dat
1 15 -130 -48 -40 -1 0 0 0 1 0 0 0 -1 3002.dat
1 15 -50 -48 -40 -1 0 0 0 1 0 0 0 -1 3002.dat
1 15 130 -48 -40 -1 0 0 0 1 0 0 0 -1 3002.dat
1 15 -130 -48 -40 1 0 0 0 1 0 0 0 1 163156s1.dat
1 15 -50 -48 -40 1 0 0 0 1 0 0 0 1 163156s1.dat
1 15 130 -48 -40 1 0 0 0 1 0 0 0 1 163156s1.dat
1 15 110 -56 -50 1 0 0 0 1 0 0 0 1 4085c.dat
1 15 -70 -56 -50 1 0 0 0 1 0 0 0 1 4085c.dat
1 15 -110 -56 -30 -1 0 0 0 1 0 0 0 -1 4085c.dat
1 15 -110 -56 -50 -1 0 0 0 1 0 0 0 -1 3024.dat
1 15 -70 -56 -30 -1 0 0 0 1 0 0 0 -1 3024.dat
1 15 110 -56 -30 -1 0 0 0 1 0 0 0 -1 3024.dat
1 15 140 -56 -40 -1 0 0 0 1 0 0 0 -1 3068b.dat
1 15 -40 -56 -40 -1 0 0 0 1 0 0 0 -1 3068b.dat
1 15 -140 -56 -40 -1 0 0 0 1 0 0 0 -1 3068b.dat
1 15 110 -80 -30 1 0 0 0 1 0 0 0 1 3040p32.dat
1 15 -70 -80 -30 1 0 0 0 1 0 0 0 1 3040p32.dat
1 15 -110 -80 -50 -1 0 0 0 1 0 0 0 -1 3040p32.dat
1 15 -110 -104 -50 -1 0 0 0 1 0 0 0 -1 3005.dat
1 15 -70 -104 -30 -1 0 0 0 1 0 0 0 -1 3005.dat
1 15 110 -104 -30 -1 0 0 0 1 0 0 0 -1 3005.dat
1 15 130 -112 -30 -1 0 0 0 1 0 0 0 -1 3623.dat
1 15 -50 -112 -30 -1 0 0 0 1 0 0 0 -1 3623.dat
1 15 -130 -112 -50 -1 0 0 0 1 0 0 0 -1 3623.dat
1 46 -130 -104 -50 -1 0 0 0 1 0 0 0 -1 6141.dat
1 46 -150 -104 -50 -1 0 0 0 1 0 0 0 -1 6141.dat
1 46 -50 -104 -30 -1 0 0 0 1 0 0 0 -1 6141.dat
1 46 -30 -104 -30 -1 0 0 0 1 0 0 0 -1 6141.dat
1 46 130 -104 -30 -1 0 0 0 1 0 0 0 -1 6141.dat
1 46 150 -104 -30 -1 0 0 0 1 0 0 0 -1 6141.dat
1 2 110 -66 -70 0 0 -1 0 1 0 1 0 0 4210a.dat
1 2 -70 -66 -70 0 0 -1 0 1 0 1 0 0 4210a.dat
1 2 -110 -66 -10 0 0 1 0 1 0 -1 0 0 4210a.dat
1 2 -130 -200 410 0 0 1 0 1 0 -1 0 0 3024.dat
1 2 -130 -200 340 0 0 1 0 1 0 -1 0 0 3666.dat
1 2 -240 -200 270 1 0 0 0 1 0 0 0 1 3666.dat
1 2 -310 -200 320 0 0 -1 0 1 0 1 0 0 4477.dat
1 4 -130 -208 320 0 0 -1 0 1 0 1 0 0 3710.dat
1 4 -130 -208 390 0 0 -1 0 1 0 1 0 0 3623.dat
1 4 -310 -208 240 0 0 -1 0 1 0 1 0 0 3023.dat
1 4 -310 -208 360 0 0 -1 0 1 0 1 0 0 3666.dat
1 4 -250 -208 270 -1 0 0 0 1 0 0 0 -1 3623.dat
1 4 -200 -208 270 -1 0 0 0 1 0 0 0 -1 3023.dat
1 4 -310 -208 270 1 0 0 0 1 0 0 0 1 2420.dat
1 0 90 -144 -30 0 0 1 0 1 0 -1 0 0 2420.dat
1 0 -80 -144 -30 1 0 0 0 1 0 0 0 1 3023.dat
1 0 -100 -144 -50 1 0 0 0 1 0 0 0 1 3023.dat
1 15 -130 -216 350 0 0 -1 0 1 0 1 0 0 3623.dat
1 15 -130 -216 300 0 0 -1 0 1 0 1 0 0 3023.dat
1 15 -240 -216 270 -1 0 0 0 1 0 0 0 -1 3666.dat
1 15 -310 -216 300 0 0 1 0 1 0 -1 0 0 3460.dat
1 15 -220 -216 400 1 0 0 0 1 0 0 0 1 3832.dat
1 0 -90 -168 -40 0 0 -1 0 1 0 1 0 0 3004.dat
1 0 90 -168 -40 0 0 -1 0 1 0 1 0 0 3004.dat
1 0 90 -192 -30 0 0 -1 0 1 0 1 0 0 3005.dat
1 0 -90 -192 -30 0 0 -1 0 1 0 1 0 0 3005.dat
1 0 -90 -192 250 0 0 -1 0 1 0 1 0 0 3622.dat
1 0 90 -192 250 0 0 -1 0 1 0 1 0 0 3622.dat
1 0 -90 -192 -50 1 0 0 0 1 0 0 0 1 3665.dat
1 0 90 -192 -50 1 0 0 0 1 0 0 0 1 3665.dat
1 14 70 -48 -30 1 0 0 0 1 0 0 0 1 3062b.dat
1 6 72.75 -64 -50 -1 0 0 0 1 0 0 0 -1 3852.dat
1 14 70 -72 -30 1 0 0 0 1 0 0 0 1 4599a.dat
1 0 -90 -216 -40 0 0 -1 0 1 0 1 0 0 3004.dat
1 0 -90 -240 -40 0 0 -1 0 1 0 1 0 0 3004.dat
1 0 90 -216 -40 0 0 -1 0 1 0 1 0 0 3004.dat
1 0 90 -216 240 0 0 -1 0 1 0 1 0 0 3004.dat
1 0 -90 -216 240 0 0 -1 0 1 0 1 0 0 3004.dat
1 0 -90 -240 240 0 0 -1 0 1 0 1 0 0 3004.dat
1 0 90 -240 240 0 0 -1 0 1 0 1 0 0 3004.dat
1 0 90 -240 -40 0 0 -1 0 1 0 1 0 0 3004.dat
1 2 -80 -200 -70 -1 0 0 0 1 0 0 0 -1 4477.dat
1 2 100 -200 -70 -1 0 0 0 1 0 0 0 -1 3460.dat
1 2 100 -200 270 -1 0 0 0 1 0 0 0 -1 3460.dat
1 2 -80 -200 270 -1 0 0 0 1 0 0 0 -1 4477.dat
1 4 80 -208 270 -1 0 0 0 1 0 0 0 -1 4477.dat
1 4 80 -208 -70 -1 0 0 0 1 0 0 0 -1 4477.dat
1 4 -100 -208 -70 -1 0 0 0 1 0 0 0 -1 3460.dat
1 4 -100 -208 270 -1 0 0 0 1 0 0 0 -1 3460.dat
1 15 -90 -240 270 -1 0 0 0 1 0 0 0 -1 3024.dat
1 15 0 -232 270 -1 0 0 0 1 0 0 0 -1 2465.dat
1 15 0 -232 -70 1 0 0 0 1 0 0 0 1 2465.dat
1 15 0 -232 -70 1 0 0 0 1 0 0 0 1 163156s2.dat
1 15 -170 -232 -70 -1 0 0 0 1 0 0 0 -1 3005.dat
1 15 170 -232 -70 -1 0 0 0 1 0 0 0 -1 3005.dat
1 15 170 -232 270 -1 0 0 0 1 0 0 0 -1 3005.dat
1 15 -170 -232 270 -1 0 0 0 1 0 0 0 -1 3005.dat
1 15 90 -240 270 -1 0 0 0 1 0 0 0 -1 3024.dat
1 15 90 -240 -70 -1 0 0 0 1 0 0 0 -1 3024.dat
1 15 -90 -240 -70 -1 0 0 0 1 0 0 0 -1 3024.dat
1 15 -90 -248 -50 0 0 -1 0 1 0 1 0 0 3623.dat
1 15 90 -248 -50 0 0 -1 0 1 0 1 0 0 3623.dat
1 15 90 -248 250 0 0 -1 0 1 0 1 0 0 3623.dat
1 15 -90 -248 250 0 0 -1 0 1 0 1 0 0 3623.dat
1 0 -90 -272 240 0 0 -1 0 1 0 1 0 0 3004.dat
1 0 90 -272 240 0 0 -1 0 1 0 1 0 0 3004.dat
1 0 90 -272 -40 0 0 -1 0 1 0 1 0 0 3004.dat
1 0 -90 -272 -40 0 0 -1 0 1 0 1 0 0 3004.dat
1 15 -140 -304 210 -1 0 0 0 1 0 0 0 -1 4447.dat
1 15 -40 -304 210 -1 0 0 0 1 0 0 0 -1 4447.dat
1 15 40 -304 210 -1 0 0 0 1 0 0 0 -1 4447.dat
1 15 140 -304 210 -1 0 0 0 1 0 0 0 -1 4447.dat
1 15 140 -304 -10 1 0 0 0 1 0 0 0 1 4447.dat
1 15 40 -304 -10 1 0 0 0 1 0 0 0 1 4447.dat
1 15 -40 -304 -10 1 0 0 0 1 0 0 0 1 4447.dat
1 15 -140 -304 -10 1 0 0 0 1 0 0 0 1 4447.dat
1 0 -90 -296 100 0 0 -1 0 1 0 1 0 0 2465.dat
1 0 90 -296 100 0 0 -1 0 1 0 1 0 0 2465.dat
1 0 90 -304 220 0 0 -1 0 1 0 1 0 0 3023.dat
1 0 -90 -304 220 0 0 -1 0 1 0 1 0 0 3023.dat
1 0 -90 -304 -20 0 0 -1 0 1 0 1 0 0 3023.dat
1 0 90 -304 -20 0 0 -1 0 1 0 1 0 0 3023.dat
1 47 -140 -304 210 -1 0 0 0 1 0 0 0 -1 4448.dat
1 47 -40 -304 210 -1 0 0 0 1 0 0 0 -1 4448.dat
1 47 40 -304 210 -1 0 0 0 1 0 0 0 -1 4448.dat
1 47 140 -304 210 -1 0 0 0 1 0 0 0 -1 4448.dat
1 47 -140 -304 -10 1 0 0 0 1 0 0 0 1 4448.dat
1 47 -40 -304 -10 1 0 0 0 1 0 0 0 1 4448.dat
1 47 40 -304 -10 1 0 0 0 1 0 0 0 1 4448.dat
1 47 140 -304 -10 1 0 0 0 1 0 0 0 1 4448.dat
1 15 0 -304 20 1 0 0 0 1 0 0 0 1 4282.dat
1 15 0 -304 180 1 0 0 0 1 0 0 0 1 4282.dat
1 4 -140 -312 100 0 0 -1 0 1 0 1 0 0 3035.dat
1 4 -60 -312 100 0 0 -1 0 1 0 1 0 0 3035.dat
1 4 60 -312 100 0 0 -1 0 1 0 1 0 0 3035.dat
1 4 140 -312 100 0 0 -1 0 1 0 1 0 0 3035.dat
1 0 -290 -24 -270 0 0 -1 0 1 0 1 0 0 3005.dat
1 0 -290 -24 -230 0 0 -1 0 1 0 1 0 0 3005.dat
1 0 290 -24 -230 0 0 -1 0 1 0 1 0 0 3005.dat
1 0 290 -24 -270 0 0 -1 0 1 0 1 0 0 3005.dat
1 0 290 -32 -250 0 0 -1 0 1 0 1 0 0 3623.dat
1 0 -290 -32 -250 0 0 -1 0 1 0 1 0 0 3623.dat
1 0 290 -96 -270 0 0 -1 0 1 0 1 0 0 3070b.dat
1 0 -290 -96 -230 0 0 -1 0 1 0 1 0 0 3070b.dat
1 0 -290 -96 -260 0 0 -1 0 1 0 1 0 0 3069b.dat
1 0 290 -96 -240 0 0 -1 0 1 0 1 0 0 3069b.dat
1 0 90 -312 -10 0 0 -1 0 1 0 1 0 0 3623.dat
1 0 -90 -312 -10 0 0 -1 0 1 0 1 0 0 3623.dat
1 0 -90 -312 210 0 0 -1 0 1 0 1 0 0 3623.dat
1 0 90 -312 210 0 0 -1 0 1 0 1 0 0 3623.dat
1 4 -50 -312 200 -1 0 0 0 1 0 0 0 -1 3021.dat
1 4 50 -312 200 -1 0 0 0 1 0 0 0 -1 3021.dat
1 4 50 -312 0 -1 0 0 0 1 0 0 0 -1 3021.dat
1 4 -50 -312 0 -1 0 0 0 1 0 0 0 -1 3021.dat
1 4 -140 -312 0 -1 0 0 0 1 0 0 0 -1 3020.dat
1 4 -140 -312 200 -1 0 0 0 1 0 0 0 -1 3020.dat
1 4 140 -312 200 -1 0 0 0 1 0 0 0 -1 3020.dat
1 4 140 -312 0 -1 0 0 0 1 0 0 0 -1 3020.dat
1 4 0 -312 100 0 0 1 0 1 0 -1 0 0 2445.dat
1 0 90 -328 -30 1 0 0 0 1 0 0 0 1 6091.dat
1 0 -90 -328 -30 1 0 0 0 1 0 0 0 1 6091.dat
1 0 -90 -328 230 -1 0 0 0 1 0 0 0 -1 6091.dat
1 0 90 -328 230 -1 0 0 0 1 0 0 0 -1 6091.dat
1 4 -150 -304 140 0 0 1 0 1 0 -1 0 0 2436a.dat
1 4 -150 -304 60 0 0 1 0 1 0 -1 0 0 2436a.dat
1 15 -172 -294 100 0 1 0 0 0 -1 -1 0 0 3460.dat
1 4 -180 -294 100 0 1 0 0 0 -1 -1 0 0 4477.dat
1 15 -188 -294 20 0 1 0 0 0 -1 -1 0 0 2431.dat
1 15 -188 -294 20 0 1 0 0 0 -1 -1 0 0 163156s4.dat
1 15 -188 -294 140 0 1 0 0 0 -1 -1 0 0 4162.dat
1 4 150 -304 140 0 0 -1 0 1 0 1 0 0 2436a.dat
1 4 150 -304 60 0 0 -1 0 1 0 1 0 0 2436a.dat
1 15 172 -294 100 0 -1 0 0 0 1 -1 0 0 3460.dat
1 4 180 -294 100 0 -1 0 0 0 1 -1 0 0 4477.dat
1 15 188 -294 60 0 -1 0 0 0 1 -1 0 0 4162.dat
1 15 188 -294 180 0 -1 0 0 0 -1 1 0 0 2431.dat
1 15 188 -294 180 0 -1 0 0 0 -1 1 0 0 163156s4.dat
1 0 90 -320 160 0 0 1 0 1 0 -1 0 0 3666.dat
1 0 90 -320 40 0 0 1 0 1 0 -1 0 0 3666.dat
1 0 -90 -320 40 0 0 1 0 1 0 -1 0 0 3666.dat
1 0 -90 -320 160 0 0 1 0 1 0 -1 0 0 3666.dat
1 0 90 -328 40 0 0 1 0 1 0 -1 0 0 4162.dat
1 0 -90 -328 40 0 0 1 0 1 0 -1 0 0 4162.dat
1 0 90 -328 140 0 0 -1 0 1 0 1 0 0 3069b.dat
1 0 -90 -328 140 0 0 -1 0 1 0 1 0 0 3069b.dat
1 0 90 -328 200 0 0 1 0 1 0 -1 0 0 2431.dat
1 0 -90 -328 200 0 0 1 0 1 0 -1 0 0 2431.dat
1 2 190 -16 -250 0 0 1 0 1 0 -1 0 0 3741.dat
1 2 70 -16 -270 0 0 1 0 1 0 -1 0 0 3741.dat
1 14 57.4103 -44.4676 -291.365 0.0472621 0.231991 0.971569 0.38565 0.893003 -0.231991 -0.921434 0.38565 -0.0472621 3742.dat
1 14 59.0141 -39.8076 -250.952 -0.149168 0.229379 0.961839 -0.372609 0.887977 -0.269551 -0.915921 -0.398599 -0.046989 3742.dat
1 14 90.9114 -36.522 -270 -0.179158 -0.414692 0.892151 -0.0816465 0.909962 0.406575 -0.980426 0 -0.196884 3742.dat
1 14 177.41 -44.4676 -271.365 -0.231589 0.23199 0.944747 0.435773 0.893003 -0.112462 -0.869752 0.38565 -0.307905 3742.dat
1 14 179.014 -39.8076 -230.952 -0.4171 0.229379 0.879439 -0.280337 0.887977 -0.364564 -0.864545 -0.398599 -0.306072 3742.dat
1 14 210.911 -36.522 -250 -0.425985 -0.414691 0.804094 -0.194132 0.909961 0.366445 -0.883656 0 -0.468135 3742.dat
0 WORLD 0 0 0 1 0 0 0 1 0 0 0 1
0 CENTRE 0 0 0
0 LOOKAT 0 0 0
0 ZOOM 50
1 15 290 -56 -250 0 0 -1 0 1 0 1 0 0 3622.dat
1 15 290 -56 -250 0 0 -1 0 1 0 1 0 0 163156s3.dat
1 15 290 -56 -250 0 0 1 0 1 0 -1 0 0 163156s3.dat
1 15 -290 -56 -250 0 0 -1 0 1 0 1 0 0 3622.dat
1 15 -290 -56 -250 0 0 -1 0 1 0 1 0 0 163156s3.dat
1 15 -290 -56 -250 0 0 1 0 1 0 -1 0 0 163156s3.dat
0 MLCAD BTG Hose1
1 7 -310 -232 330 -1 0 0 0 1 0 0 0 -1 752.dat
0 MLCAD BTG Hose1
1 7 -266 -192 289 -1 0 0 0 1 0 0 0 -1 752.dat
0 MLCAD BTG Hose1
1 7 -310 -227 330 -1 0.0052 0 -0.0052 -1 -0.0034 0 0.0034 -1 755.dat
0 MLCAD BTG Hose1
1 7 -309.928 -233.957 330.032 -0.999 0.0171 -0.0414 -0.0169 -0.9998 -0.0068 0.0415 0.0061 -0.9991 756.dat
0 MLCAD BTG Hose1
1 7 -309.836 -236.836 330.044 -0.997 0.0311 -0.0715 -0.0308 -0.9995 -0.0065 0.0716 0.0043 -0.9974 756.dat
0 MLCAD BTG Hose1
1 7 -309.692 -239.7 330.037 -0.9936 0.0496 -0.1015 -0.0495 -0.9988 -0.003 0.1016 -0.002 -0.9948 756.dat
0 MLCAD BTG Hose1
1 7 -309.477 -242.571 329.995 -0.9885 0.0736 -0.132 -0.0748 -0.9972 0.0043 0.1313 -0.0141 -0.9912 756.dat
0 MLCAD BTG Hose1
1 7 -309.172 -245.428 329.897 -0.9811 0.1047 -0.1629 -0.1087 -0.9939 0.0159 0.1602 -0.0333 -0.9865 756.dat
0 MLCAD BTG Hose1
1 7 -308.75 -248.269 329.715 -0.9701 0.1449 -0.1949 -0.1541 -0.9875 0.033 0.1877 -0.062 -0.9803 756.dat
0 MLCAD BTG Hose1
1 7 -308.179 -251.065 329.414 -0.9533 0.1969 -0.2289 -0.2149 -0.975 0.0566 0.212 -0.1032 -0.9718 756.dat
0 MLCAD BTG Hose1
1 7 -307.413 -253.795 328.945 -0.9271 0.2636 -0.2665 -0.2958 -0.9512 0.088 0.2303 -0.1605 -0.9598 756.dat
0 MLCAD BTG Hose1
1 7 -306.406 -256.397 328.254 -0.8851 0.3469 -0.3102 -0.4004 -0.9074 0.1276 0.2372 -0.2372 -0.9421 756.dat
0 MLCAD BTG Hose1
1 7 -305.118 -258.775 327.285 -0.8193 0.444 -0.3628 -0.5274 -0.8318 0.173 0.2249 -0.3331 -0.9157 756.dat
0 MLCAD BTG Hose1
1 7 -303.544 -260.821 326.01 -0.7244 0.5428 -0.425 -0.6636 -0.7162 0.2162 0.187 -0.4386 -0.879 756.dat
0 MLCAD BTG Hose1
1 7 -301.743 -262.43 324.462 -0.6064 0.6247 -0.4919 -0.7852 -0.5682 0.2462 0.1257 -0.5356 -0.8351 756.dat
0 MLCAD BTG Hose1
1 7 -299.785 -263.599 322.701 -0.4825 0.6777 -0.5548 -0.8741 -0.4126 0.2562 0.0553 -0.6086 -0.7915 756.dat
0 MLCAD BTG Hose1
1 7 -297.762 -264.364 320.814 -0.3691 0.7039 -0.6069 -0.9294 -0.2729 0.2486 -0.0094 -0.6557 -0.7549 756.dat
0 MLCAD BTG Hose1
1 7 -295.71 -264.806 318.843 -0.2719 0.7126 -0.6467 -0.9604 -0.1584 0.2293 -0.061 -0.6834 -0.7275 756.dat
0 MLCAD BTG Hose1
1 7 -293.664 -264.99 316.833 -0.1906 0.7119 -0.6759 -0.9767 -0.068 0.2037 -0.0991 -0.6989 -0.7083 756.dat
0 MLCAD BTG Hose1
1 7 -291.633 -264.957 314.804 -0.118 0.7077 -0.6966 -0.9845 0.008 0.175 -0.1294 -0.7065 -0.6958 756.dat
0 MLCAD BTG Hose1
1 7 -289.604 -264.653 312.774 -0.0315 0.7032 -0.7103 -0.9843 0.1017 0.1443 -0.1737 -0.7036 -0.689 756.dat
0 MLCAD BTG Hose1
1 7 -287.628 -264.055 310.796 0.0616 0.6918 -0.7194 -0.9724 0.204 0.113 -0.2249 -0.6926 -0.6853 756.dat
0 MLCAD BTG Hose1
1 7 -285.699 -263.154 308.863 0.1571 0.6719 -0.7238 -0.9476 0.309 0.0812 -0.2782 -0.6731 -0.6852 756.dat
0 MLCAD BTG Hose1
1 7 -283.854 -261.958 307.013 0.2513 0.6436 -0.7229 -0.9099 0.4118 0.0504 -0.3301 -0.6451 -0.6891 756.dat
0 MLCAD BTG Hose1
1 7 -282.11 -260.486 305.264 0.3407 0.6082 -0.717 -0.8612 0.5078 0.0216 -0.3772 -0.6101 -0.6968 756.dat
0 MLCAD BTG Hose1
1 7 -280.478 -258.766 303.625 0.4226 0.568 -0.7062 -0.8048 0.5935 -0.0043 -0.4167 -0.5702 -0.708 756.dat
0 MLCAD BTG Hose1
1 7 -278.974 -256.84 302.115 0.4956 0.5255 -0.6915 -0.7444 0.6672 -0.0265 -0.4474 -0.5279 -0.7219 756.dat
0 MLCAD BTG Hose1
1 7 -277.585 -254.73 300.719 0.5597 0.4828 -0.6735 -0.6831 0.7289 -0.0452 -0.4691 -0.4854 -0.7378 756.dat
0 MLCAD BTG Hose1
1 7 -276.319 -252.48 299.445 0.6152 0.4417 -0.653 -0.6236 0.7794 -0.0603 -0.4823 -0.4443 -0.7549 756.dat
0 MLCAD BTG Hose1
1 7 -275.168 -250.12 298.286 0.6633 0.4029 -0.6307 -0.5671 0.8205 -0.0723 -0.4884 -0.4056 -0.7727 756.dat
0 MLCAD BTG Hose1
1 7 -274.116 -247.659 297.226 0.7051 0.3669 -0.6069 -0.5144 0.8537 -0.0816 -0.4881 -0.3697 -0.7906 756.dat
0 MLCAD BTG Hose1
1 7 -273.166 -245.134 296.267 0.7415 0.3337 -0.582 -0.4656 0.8806 -0.0884 -0.483 -0.3365 -0.8084 756.dat
0 MLCAD BTG Hose1
1 7 -272.293 -242.527 295.387 0.7738 0.3034 -0.5561 -0.4208 0.9023 -0.0933 -0.4735 -0.3062 -0.8259 756.dat
0 MLCAD BTG Hose1
1 7 -271.507 -239.89 294.593 0.8022 0.2757 -0.5296 -0.3798 0.9201 -0.0963 -0.4607 -0.2784 -0.8427 756.dat
0 MLCAD BTG Hose1
1 7 -270.789 -237.194 293.867 0.8276 0.2502 -0.5024 -0.342 0.9346 -0.098 -0.445 -0.2529 -0.8591 756.dat
0 MLCAD BTG Hose1
1 7 -270.139 -234.47 293.21 0.8503 0.227 -0.4748 -0.3075 0.9465 -0.0983 -0.427 -0.2296 -0.8746 756.dat
0 MLCAD BTG Hose1
1 7 -269.552 -231.725 292.615 0.8707 0.2055 -0.4468 -0.2757 0.9563 -0.0975 -0.4072 -0.2081 -0.8893 756.dat
0 MLCAD BTG Hose1
1 7 -269.019 -228.943 292.075 0.8892 0.1857 -0.4182 -0.2464 0.9644 -0.0957 -0.3856 -0.1882 -0.9033 756.dat
0 MLCAD BTG Hose1
1 7 -268.541 -226.15 291.589 0.9057 0.1673 -0.3895 -0.2194 0.9712 -0.0931 -0.3627 -0.1698 -0.9163 756.dat
0 MLCAD BTG Hose1
1 7 -268.112 -223.35 291.154 0.9206 0.1502 -0.3605 -0.1944 0.9768 -0.0895 -0.3387 -0.1525 -0.9285 756.dat
0 MLCAD BTG Hose1
1 7 -267.728 -220.522 290.764 0.934 0.1341 -0.3311 -0.1712 0.9815 -0.0853 -0.3136 -0.1363 -0.9397 756.dat
0 MLCAD BTG Hose1
1 7 -267.387 -217.69 290.417 0.946 0.1191 -0.3016 -0.1497 0.9855 -0.0804 -0.2876 -0.1211 -0.95 756.dat
0 MLCAD BTG Hose1
1 7 -267.089 -214.854 290.113 0.9566 0.1048 -0.2719 -0.1295 0.9888 -0.0747 -0.261 -0.1067 -0.9594 756.dat
0 MLCAD BTG Hose1
1 7 -266.828 -211.994 289.847 0.966 0.0911 -0.2419 -0.1106 0.9915 -0.0684 -0.2336 -0.0929 -0.9679 756.dat
0 MLCAD BTG Hose1
1 7 -266.605 -209.131 289.619 0.9742 0.078 -0.2118 -0.093 0.9938 -0.0615 -0.2057 -0.0797 -0.9754 756.dat
0 MLCAD BTG Hose1
1 7 -266.418 -206.265 289.428 0.9812 0.0655 -0.1817 -0.0765 0.9956 -0.0541 -0.1773 -0.067 -0.9819 756.dat
0 MLCAD BTG Hose1
1 7 -266.267 -203.417 289.274 0.987 0.0533 -0.1516 -0.0609 0.9971 -0.0459 -0.1487 -0.0546 -0.9874 756.dat
0 MLCAD BTG Hose1
1 7 -266.149 -200.545 289.153 0.9917 0.0414 -0.1213 -0.0462 0.9982 -0.0371 -0.1196 -0.0424 -0.9919 756.dat
0 MLCAD BTG Hose1
1 7 -266.065 -197.668 289.067 0.9954 0.0296 -0.091 -0.0323 0.9991 -0.0276 -0.0901 -0.0304 -0.9955 756.dat
0 MLCAD BTG Hose1
1 7 -266.015 -194.789 289.016 0.998 0.0179 -0.0607 -0.019 0.9997 -0.0173 -0.0604 -0.0184 -0.998 756.dat
0 MLCAD BTG Hose1
1 7 -265.999 -191.906 288.999 0.9995 0.006 -0.0304 -0.0062 1 -0.006 -0.0304 -0.0062 -0.9995 756.dat
0 MLCAD BTG Hose1
1 7 -265.97 -187 288.969 1 -0.006 -0 -0.006 -1 -0.0062 0 0.0062 -1 755.dat
0 GROUP 52 Hose1
0 MLCAD BTG Hose2
1 7 -130.198 -232.517 331.717 -1 0 0 0 1 0 0 0 -1 752.dat
0 MLCAD BTG Hose2
1 7 -174.198 -192.517 290.717 -1 0 0 0 1 0 0 0 -1 752.dat
0 MLCAD BTG Hose2
1 7 -130.198 -227.517 331.717 -1 -0.0048 0 0.0048 -1 0 0 -0 -1 755.dat
0 MLCAD BTG Hose2
1 7 -130.264 -234.469 331.708 -0.999 -0.0159 0.0419 0.016 -0.9999 0.0023 -0.0419 -0.0029 -0.9991 756.dat
0 MLCAD BTG Hose2
1 7 -130.35 -237.344 331.68 -0.9969 -0.0292 0.0725 0.0298 -0.9995 0.0073 -0.0723 -0.0095 -0.9973 756.dat
0 MLCAD BTG Hose2
1 7 -130.488 -240.228 331.62 -0.9935 -0.047 0.1034 0.0489 -0.9987 0.0155 -0.1025 -0.0205 -0.9945 756.dat
0 MLCAD BTG Hose2
1 7 -130.693 -243.091 331.511 -0.9884 -0.0704 0.1344 0.0747 -0.9968 0.0274 -0.132 -0.0371 -0.9905 756.dat
0 MLCAD BTG Hose2
1 7 -130.988 -245.951 331.333 -0.9809 -0.101 0.1661 0.1096 -0.993 0.0436 -0.1606 -0.0609 -0.9851 756.dat
0 MLCAD BTG Hose2
1 7 -131.397 -248.788 331.058 -0.9699 -0.1406 0.199 0.1562 -0.9856 0.0649 -0.187 -0.094 -0.9778 756.dat
0 MLCAD BTG Hose2
1 7 -131.954 -251.574 330.653 -0.9531 -0.1919 0.234 0.2183 -0.9715 0.0925 -0.2095 -0.1392 -0.9678 756.dat
0 MLCAD BTG Hose2
1 7 -132.705 -254.297 330.07 -0.927 -0.2576 0.2727 0.3001 -0.9454 0.1271 -0.2251 -0.1996 -0.9537 756.dat
0 MLCAD BTG Hose2
1 7 -133.689 -256.871 329.263 -0.8857 -0.3391 0.3172 0.4045 -0.8989 0.1685 -0.228 -0.2775 -0.9333 756.dat
0 MLCAD BTG Hose2
1 7 -134.948 -259.229 328.183 -0.822 -0.4331 0.3698 0.5288 -0.8215 0.2134 -0.2114 -0.371 -0.9043 756.dat
0 MLCAD BTG Hose2
1 7 -136.475 -261.242 326.823 -0.7319 -0.5283 0.4304 0.6599 -0.7071 0.254 -0.1701 -0.4699 -0.8661 756.dat
0 MLCAD BTG Hose2
1 7 -138.234 -262.845 325.207 -0.6207 -0.6085 0.4945 0.7766 -0.564 0.2807 -0.1081 -0.5582 -0.8226 756.dat
0 MLCAD BTG Hose2
1 7 -140.147 -264.019 323.406 -0.5036 -0.6629 0.5541 0.8631 -0.4147 0.2884 -0.0386 -0.6234 -0.7809 756.dat
0 MLCAD BTG Hose2
1 7 -142.143 -264.807 321.49 -0.3948 -0.6928 0.6035 0.9184 -0.2799 0.2795 0.0247 -0.6646 -0.7468 756.dat
0 MLCAD BTG Hose2
1 7 -144.172 -265.276 319.511 -0.3001 -0.7058 0.6417 0.9509 -0.1681 0.2599 0.0756 -0.6881 -0.7216 756.dat
0 MLCAD BTG Hose2
1 7 -146.215 -265.491 317.491 -0.2194 -0.7092 0.67 0.969 -0.0786 0.2341 0.1134 -0.7006 -0.7045 756.dat
0 MLCAD BTG Hose2
1 7 -148.255 -265.497 315.455 -0.1485 -0.7079 0.6906 0.9787 -0.0051 0.2052 0.1417 -0.7063 -0.6936 756.dat
0 MLCAD BTG Hose2
1 7 -150.291 -265.241 313.425 -0.0642 -0.7057 0.7056 0.981 0.0852 0.1745 0.1833 -0.7034 -0.6868 756.dat
0 MLCAD BTG Hose2
1 7 -152.288 -264.689 311.443 0.0295 -0.6971 0.7164 0.9717 0.1879 0.1428 0.2342 -0.6919 -0.6829 756.dat
0 MLCAD BTG Hose2
1 7 -154.246 -263.826 309.509 0.127 -0.6797 0.7224 0.9492 0.2948 0.1105 0.288 -0.6717 -0.6825 756.dat
0 MLCAD BTG Hose2
1 7 -156.124 -262.662 307.662 0.2239 -0.6533 0.7232 0.913 0.4002 0.0788 0.3409 -0.6427 -0.6861 756.dat
0 MLCAD BTG Hose2
1 7 -157.888 -261.22 305.936 0.3166 -0.619 0.7187 0.8649 0.4996 0.0493 0.3895 -0.606 -0.6936 756.dat
0 MLCAD BTG Hose2
1 7 -159.555 -259.51 304.313 0.4025 -0.5789 0.7091 0.8078 0.5891 0.0224 0.4306 -0.5638 -0.7048 756.dat
0 MLCAD BTG Hose2
1 7 -161.09 -257.585 302.826 0.4791 -0.5359 0.6952 0.7461 0.6659 -0.0009 0.4625 -0.5191 -0.7188 756.dat
0 MLCAD BTG Hose2
1 7 -162.497 -255.481 301.471 0.5461 -0.4921 0.6779 0.6831 0.7301 -0.0203 0.4849 -0.4741 -0.7349 756.dat
0 MLCAD BTG Hose2
1 7 -163.789 -253.217 300.233 0.6044 -0.4496 0.6577 0.6215 0.7826 -0.0362 0.4985 -0.4307 -0.7524 756.dat
0 MLCAD BTG Hose2
1 7 -164.963 -250.838 299.116 0.6545 -0.4095 0.6356 0.5634 0.8248 -0.0488 0.5042 -0.39 -0.7705 756.dat
0 MLCAD BTG Hose2
1 7 -166.025 -248.373 298.111 0.6979 -0.3722 0.6119 0.5092 0.8587 -0.0585 0.5037 -0.3524 -0.7887 756.dat
0 MLCAD BTG Hose2
1 7 -167 -245.804 297.193 0.7358 -0.3379 0.5869 0.4593 0.8859 -0.0658 0.4976 -0.318 -0.807 756.dat
0 MLCAD BTG Hose2
1 7 -167.878 -243.19 296.372 0.7689 -0.3066 0.561 0.4138 0.9076 -0.0711 0.4874 -0.2868 -0.8248 756.dat
0 MLCAD BTG Hose2
1 7 -168.675 -240.527 295.632 0.7982 -0.2782 0.5344 0.3724 0.9251 -0.0746 0.4736 -0.2585 -0.8419 756.dat
0 MLCAD BTG Hose2
1 7 -169.396 -237.827 294.966 0.8241 -0.2522 0.5072 0.3346 0.9392 -0.0767 0.457 -0.2329 -0.8584 756.dat
0 MLCAD BTG Hose2
1 7 -170.048 -235.1 294.368 0.8473 -0.2285 0.4795 0.3002 0.9507 -0.0775 0.4382 -0.2096 -0.8741 756.dat
0 MLCAD BTG Hose2
1 7 -170.641 -232.332 293.828 0.8682 -0.2066 0.4512 0.2686 0.9601 -0.0772 0.4173 -0.1882 -0.8891 756.dat
0 MLCAD BTG Hose2
1 7 -171.174 -229.55 293.346 0.8869 -0.1865 0.4226 0.2397 0.9679 -0.076 0.3949 -0.1687 -0.9031 756.dat
0 MLCAD BTG Hose2
1 7 -171.656 -226.737 292.913 0.9038 -0.1678 0.3936 0.2131 0.9742 -0.0739 0.371 -0.1507 -0.9163 756.dat
0 MLCAD BTG Hose2
1 7 -172.087 -223.919 292.529 0.919 -0.1505 0.3643 0.1886 0.9795 -0.0712 0.3461 -0.1341 -0.9286 756.dat
0 MLCAD BTG Hose2
1 7 -172.47 -221.096 292.191 0.9326 -0.1343 0.3349 0.166 0.9838 -0.0677 0.3203 -0.1187 -0.9398 756.dat
0 MLCAD BTG Hose2
1 7 -172.812 -218.249 291.891 0.9449 -0.1191 0.305 0.145 0.9874 -0.0637 0.2936 -0.1044 -0.9502 756.dat
0 MLCAD BTG Hose2
1 7 -173.111 -215.401 291.631 0.9557 -0.1046 0.275 0.1254 0.9903 -0.0591 0.2662 -0.0909 -0.9596 756.dat
0 MLCAD BTG Hose2
1 7 -173.373 -212.529 291.406 0.9653 -0.091 0.2447 0.1072 0.9928 -0.054 0.238 -0.0783 -0.9681 756.dat
0 MLCAD BTG Hose2
1 7 -173.594 -209.678 291.217 0.9736 -0.0779 0.2145 0.0902 0.9947 -0.0483 0.2096 -0.0664 -0.9755 756.dat
0 MLCAD BTG Hose2
1 7 -173.781 -206.803 291.06 0.9808 -0.0653 0.1839 0.0743 0.9963 -0.0423 0.1805 -0.0551 -0.982 756.dat
0 MLCAD BTG Hose2
1 7 -173.932 -203.947 290.934 0.9867 -0.0531 0.1536 0.0593 0.9976 -0.0357 0.1513 -0.0444 -0.9875 756.dat
0 MLCAD BTG Hose2
1 7 -174.049 -201.067 290.837 0.9916 -0.0412 0.1229 0.045 0.9986 -0.0287 0.1215 -0.034 -0.992 756.dat
0 MLCAD BTG Hose2
1 7 -174.133 -198.184 290.769 0.9953 -0.0295 0.0922 0.0316 0.9993 -0.0212 0.0915 -0.024 -0.9955 756.dat
0 MLCAD BTG Hose2
1 7 -174.183 -195.319 290.729 0.9979 -0.0178 0.0617 0.0187 0.9997 -0.0132 0.0614 -0.0143 -0.998 756.dat
0 MLCAD BTG Hose2
1 7 -174.198 -192.43 290.717 0.9995 -0.006 0.0309 0.0061 1 -0.0046 0.0309 -0.0047 -0.9995 756.dat
0 MLCAD BTG Hose2
1 7 -174.228 -187.517 290.693 1 0.006 0 0.006 -1 -0.0047 -0 0.0047 -1 755.dat
0 GROUP 52 Hose2
0 MLCAD BTG String1
1 15 110 -136 -30 0 0 -1 0 1 0 1 0 0 4070.dat
0 MLCAD BTG String1
1 2 114 -126.002 -30.032 -0.0158 -0.0011 0.9999 0 -1 -0.0011 -0.9999 -0 -0.0158 LS60.dat
0 MLCAD BTG String1
1 2 115.502 -126.006 -30.108 -0.0421 -0.0022 0.9991 0.0001 -1 -0.0022 -0.9991 0 -0.0421 LS60.dat
0 MLCAD BTG String1
1 2 116.999 -126.009 -30.212 -0.0625 -0.0021 0.998 0.0001 -1 -0.0021 -0.998 0 -0.0625 LS60.dat
0 MLCAD BTG String1
1 2 118.496 -126.01 -30.339 -0.0791 -0.0011 0.9969 0.0001 -1 -0.0011 -0.9969 0 -0.0791 LS60.dat
0 MLCAD BTG String1
1 2 119.991 -126.009 -30.485 -0.0929 0.0006 0.9957 -0 -1 0.0006 -0.9957 -0 -0.0929 LS60.dat
0 MLCAD BTG String1
1 2 121.486 -126.003 -30.649 -0.1048 0.0028 0.9945 -0.0002 -1 0.0028 -0.9945 -0.0001 -0.1048 LS60.dat
0 MLCAD BTG String1
1 2 122.981 -125.994 -30.827 -0.1152 0.0055 0.9933 -0.0004 -1 0.0055 -0.9933 -0.0003 -0.1152 LS60.dat
0 MLCAD BTG String1
1 2 124.472 -125.979 -31.019 -0.1245 0.0087 0.9922 -0.0005 -1 0.0087 -0.9922 -0.0005 -0.1245 LS60.dat
0 MLCAD BTG String1
1 2 125.962 -125.959 -31.223 -0.1328 0.0123 0.9911 -0.0007 -0.9999 0.0123 -0.9911 -0.0009 -0.1328 LS60.dat
0 MLCAD BTG String1
1 2 127.45 -125.932 -31.438 -0.1405 0.0164 0.9899 -0.0009 -0.9999 0.0164 -0.9901 -0.0014 -0.1405 LS60.dat
0 MLCAD BTG String1
1 2 128.936 -125.898 -31.664 -0.1476 0.0209 0.9888 -0.0011 -0.9998 0.0209 -0.9891 -0.002 -0.1475 LS60.dat
0 MLCAD BTG String1
1 2 130.417 -125.857 -31.898 -0.1542 0.0258 0.9877 -0.0013 -0.9997 0.0259 -0.988 -0.0027 -0.1542 LS60.dat
0 MLCAD BTG String1
1 2 131.899 -125.807 -32.142 -0.1605 0.0313 0.9865 -0.0015 -0.9995 0.0315 -0.987 -0.0036 -0.1604 LS60.dat
0 MLCAD BTG String1
1 2 133.378 -125.747 -32.395 -0.1665 0.0374 0.9853 -0.0016 -0.9993 0.0377 -0.986 -0.0047 -0.1664 LS60.dat
0 MLCAD BTG String1
1 2 134.855 -125.677 -32.657 -0.1723 0.0441 0.984 -0.0016 -0.999 0.0445 -0.985 -0.006 -0.1722 LS60.dat
0 MLCAD BTG String1
1 2 136.332 -125.595 -32.927 -0.1781 0.0516 0.9827 -0.0017 -0.9986 0.0521 -0.984 -0.0076 -0.1779 LS60.dat
0 MLCAD BTG String1
1 2 137.804 -125.5 -33.205 -0.1837 0.0599 0.9812 -0.0017 -0.9982 0.0606 -0.983 -0.0095 -0.1835 LS60.dat
0 MLCAD BTG String1
1 2 139.272 -125.39 -33.492 -0.1894 0.0692 0.9795 -0.0016 -0.9975 0.0702 -0.9819 -0.0117 -0.1891 LS60.dat
0 MLCAD BTG String1
1 2 140.742 -125.263 -33.788 -0.1953 0.0797 0.9775 -0.0015 -0.9967 0.081 -0.9808 -0.0144 -0.1947 LS60.dat
0 MLCAD BTG String1
1 2 142.204 -125.116 -34.091 -0.2013 0.0917 0.9752 -0.0013 -0.9956 0.0933 -0.9795 -0.0175 -0.2005 LS60.dat
0 MLCAD BTG String1
1 2 143.663 -124.948 -34.404 -0.2076 0.1055 0.9725 -0.0011 -0.9942 0.1076 -0.9782 -0.0213 -0.2065 LS60.dat
0 MLCAD BTG String1
1 2 145.116 -124.753 -34.727 -0.2144 0.1216 0.9691 -0.0008 -0.9922 0.1244 -0.9767 -0.0259 -0.2128 LS60.dat
0 MLCAD BTG String1
1 2 146.562 -124.526 -35.06 -0.2219 0.1408 0.9649 -0.0005 -0.9895 0.1443 -0.9751 -0.0315 -0.2196 LS60.dat
0 MLCAD BTG String1
1 2 148 -124.261 -35.405 -0.2303 0.164 0.9592 -0.0003 -0.9857 0.1685 -0.9731 -0.0385 -0.2271 LS60.dat
0 MLCAD BTG String1
1 2 149.425 -123.948 -35.763 -0.2402 0.1929 0.9514 -0.0003 -0.9801 0.1986 -0.9707 -0.0474 -0.2354 LS60.dat
0 MLCAD BTG String1
1 2 150.819 -123.549 -36.167 -0.2685 0.2403 0.9328 -0.0026 -0.9686 0.2487 -0.9633 -0.0644 -0.2607 LS60.dat
0 MLCAD BTG String1
1 2 152.217 -123.212 -36.602 -0.2883 0.2224 0.9313 -0.0073 -0.9731 0.2302 -0.9575 -0.0596 -0.2822 LS60.dat
0 MLCAD BTG String1
1 2 153.611 -122.897 -37.069 -0.3055 0.2121 0.9283 -0.0254 -0.9763 0.2148 -0.9519 -0.0421 -0.3037 LS60.dat
0 MLCAD BTG String1
1 2 154.995 -122.597 -37.567 -0.323 0.2065 0.9236 -0.0434 -0.9781 0.2035 -0.9454 -0.0256 -0.3249 LS60.dat
0 MLCAD BTG String1
1 2 156.371 -122.304 -38.096 -0.34 0.2065 0.9175 -0.0615 -0.9784 0.1974 -0.9384 -0.0107 -0.3454 LS60.dat
0 MLCAD BTG String1
1 2 157.733 -122.007 -38.654 -0.356 0.2129 0.9099 -0.0799 -0.9771 0.1973 -0.9311 0.0025 -0.3649 LS60.dat
0 MLCAD BTG String1
1 2 159.083 -121.697 -39.238 -0.3701 0.2265 0.901 -0.099 -0.9739 0.2042 -0.9237 0.0136 -0.3828 LS60.dat
0 MLCAD BTG String1
1 2 160.414 -121.362 -39.844 -0.3813 0.2477 0.8906 -0.1187 -0.9686 0.2186 -0.9168 0.0224 -0.3987 LS60.dat
0 MLCAD BTG String1
1 2 161.728 -120.989 -40.47 -0.3888 0.2768 0.8788 -0.1392 -0.9605 0.2409 -0.9107 0.0286 -0.412 LS60.dat
0 MLCAD BTG String1
1 2 163.019 -120.567 -41.108 -0.3918 0.3132 0.8651 -0.16 -0.9491 0.2711 -0.906 0.0322 -0.422 LS60.dat
0 MLCAD BTG String1
1 2 164.287 -120.085 -41.755 -0.3897 0.356 0.8493 -0.1806 -0.9339 0.3086 -0.9031 0.0332 -0.4282 LS60.dat
0 MLCAD BTG String1
1 2 165.527 -119.534 -42.402 -0.3822 0.4036 0.8313 -0.2 -0.9144 0.352 -0.9022 0.0317 -0.4301 LS60.dat
0 MLCAD BTG String1
1 2 166.734 -118.911 -43.042 -0.3695 0.4539 0.8108 -0.2169 -0.8906 0.3998 -0.9036 0.0281 -0.4275 LS60.dat
0 MLCAD BTG String1
1 2 167.906 -118.21 -43.67 -0.3526 0.5047 0.788 -0.2304 -0.863 0.4497 -0.907 0.023 -0.4205 LS60.dat
0 MLCAD BTG String1
1 2 169.041 -117.435 -44.28 -0.3326 0.5538 0.7633 -0.2397 -0.8325 0.4996 -0.9121 0.0168 -0.4096 LS60.dat
0 MLCAD BTG String1
1 2 170.135 -116.589 -44.867 -0.3109 0.5997 0.7374 -0.2446 -0.8002 0.5476 -0.9184 0.0102 -0.3954 LS60.dat
0 MLCAD BTG String1
1 2 171.19 -115.677 -45.428 -0.2887 0.6412 0.711 -0.2455 -0.7674 0.5924 -0.9254 0.0035 -0.3789 LS60.dat
0 MLCAD BTG String1
1 2 172.203 -114.699 -45.956 -0.2578 0.683 0.6834 -0.249 -0.7304 0.636 -0.9336 0.0062 -0.3584 LS60.dat
0 MLCAD BTG String1
1 2 173.225 -113.736 -46.488 -0.2554 0.6861 0.6812 -0.2468 -0.7275 0.6401 -0.9348 0.0046 -0.3552 LS60.dat
0 MLCAD BTG String1
1 2 174.228 -112.751 -47.013 -0.2419 0.7002 0.6718 -0.2553 -0.7138 0.6521 -0.9361 0.0138 -0.3514 LS60.dat
0 MLCAD BTG String1
1 2 175.19 -111.723 -47.531 -0.2267 0.7263 0.6489 -0.2631 -0.6871 0.6772 -0.9378 0.0172 -0.3469 LS60.dat
0 MLCAD BTG String1
1 2 176.071 -110.617 -48.04 -0.2086 0.7706 0.6022 -0.2697 -0.6372 0.722 -0.9401 0.0118 -0.3407 LS60.dat
0 MLCAD BTG String1
1 2 176.807 -109.401 -48.532 -0.1863 0.8345 0.5185 -0.2738 -0.551 0.7883 -0.9436 -0.0049 -0.3312 LS60.dat
0 MLCAD BTG String1
1 2 177.342 -108.07 -48.999 -0.1606 0.9037 0.3969 -0.2739 -0.4271 0.8617 -0.9482 -0.0297 -0.3161 LS60.dat
0 MLCAD BTG String1
1 2 177.676 -106.666 -49.437 -0.1345 0.9546 0.2657 -0.2704 -0.2933 0.917 -0.9533 -0.0515 -0.2976 LS60.dat
0 MLCAD BTG String1
1 2 177.863 -105.23 -49.851 -0.1102 0.981 0.1595 -0.266 -0.1838 0.9463 -0.9577 -0.0619 -0.2812 LS60.dat
0 MLCAD BTG String1
1 2 177.958 -103.784 -50.25 -0.0874 0.9923 0.0876 -0.2626 -0.1078 0.9589 -0.9609 -0.0608 -0.27 LS60.dat
0 MLCAD BTG String1
1 2 177.999 -102.335 -50.643 -0.0652 0.997 0.0422 -0.2605 -0.0579 0.9637 -0.9633 -0.0519 -0.2635 LS60.dat
0 MLCAD BTG String1
1 2 178.006 -100.884 -51.032 -0.0434 0.999 0.0141 -0.2593 -0.0249 0.9655 -0.9648 -0.0382 -0.2601 LS60.dat
0 MLCAD BTG String1
1 2 177.986 -99.437 -51.431 0 1 -0.0066 -0.2645 0.0064 0.9644 -0.9644 -0.0017 -0.2645 LS60.dat
0 MLCAD BTG String1
1 2 177.938 -97.999 -51.856 0.0005 0.9997 -0.0256 -0.2787 0.0247 0.9601 -0.9604 -0.0066 -0.2786 LS60.dat
0 MLCAD BTG String1
1 2 177.837 -96.572 -52.313 0.0259 0.998 -0.0571 -0.2969 0.0623 0.9529 -0.9546 0.0077 -0.2979 LS60.dat
0 MLCAD BTG String1
1 2 177.647 -95.169 -52.811 0.0544 0.9925 -0.1091 -0.3195 0.1208 0.9399 -0.946 0.0163 -0.3237 LS60.dat
0 MLCAD BTG String1
1 2 177.324 -93.807 -53.358 0.0887 0.978 -0.1888 -0.3433 0.208 0.9159 -0.935 0.0164 -0.3542 LS60.dat
0 MLCAD BTG String1
1 2 176.838 -92.509 -53.943 0.1284 0.9483 -0.2902 -0.3589 0.3172 0.8778 -0.9245 0.0086 -0.381 LS60.dat
0 MLCAD BTG String1
1 2 176.214 -91.275 -54.54 0.1647 0.9084 -0.3843 -0.357 0.4181 0.8353 -0.9195 0.0003 -0.3932 LS60.dat
0 MLCAD BTG String1
1 2 175.513 -90.082 -55.125 0.1896 0.8746 -0.4462 -0.3414 0.4848 0.8052 -0.9206 0.0003 -0.3905 LS60.dat
0 MLCAD BTG String1
1 2 174.783 -88.9 -55.691 0.2056 0.8546 -0.4768 -0.3209 0.5191 0.7922 -0.9245 0.0099 -0.381 LS60.dat
0 MLCAD BTG String1
1 2 174.045 -87.715 -56.241 0.218 0.8453 -0.4878 -0.3002 0.5337 0.7906 -0.9286 0.0259 -0.3701 LS60.dat
0 MLCAD BTG String1
1 2 173.311 -86.519 -56.777 0.23 0.8417 -0.4886 -0.2807 0.5381 0.7948 -0.9318 0.0456 -0.36 LS60.dat
0 MLCAD BTG String1
1 2 172.527 -85.345 -57.284 0.2544 0.8192 -0.5141 -0.2432 0.5687 0.7858 -0.936 0.0749 -0.3439 LS60.dat
0 MLCAD BTG String1
1 2 171.64 -84.237 -57.778 0.2446 0.7831 -0.5718 -0.2313 0.6198 0.7499 -0.9416 0.0511 -0.3328 LS60.dat
0 MLCAD BTG String1
1 2 170.679 -83.185 -58.255 0.2405 0.7443 -0.6231 -0.2164 0.6669 0.7131 -0.9462 0.0366 -0.3215 LS60.dat
0 MLCAD BTG String1
1 2 169.654 -82.188 -58.716 0.2366 0.7055 -0.6681 -0.2024 0.7083 0.6763 -0.9503 0.0248 -0.3103 LS60.dat
0 MLCAD BTG String1
1 2 168.571 -81.244 -59.16 0.233 0.6675 -0.7073 -0.189 0.7445 0.6403 -0.9539 0.0155 -0.2996 LS60.dat
0 MLCAD BTG String1
1 2 167.44 -80.35 -59.591 0.2298 0.6307 -0.7412 -0.1763 0.776 0.6056 -0.9571 0.0085 -0.2895 LS60.dat
0 MLCAD BTG String1
1 2 166.267 -79.506 -60.007 0.2272 0.5955 -0.7706 -0.164 0.8034 0.5725 -0.9599 0.0037 -0.2802 LS60.dat
0 MLCAD BTG String1
1 2 165.058 -78.708 -60.412 0.2252 0.562 -0.7959 -0.1521 0.8271 0.5411 -0.9624 0.0008 -0.2717 LS60.dat
0 MLCAD BTG String1
1 2 163.818 -77.954 -60.805 0.2237 0.5304 -0.8177 -0.1405 0.8478 0.5114 -0.9645 -0.0005 -0.2642 LS60.dat
0 MLCAD BTG String1
1 2 162.551 -77.241 -61.189 0.2228 0.5005 -0.8366 -0.1291 0.8657 0.4836 -0.9663 -0.0003 -0.2575 LS60.dat
0 MLCAD BTG String1
1 2 161.262 -76.567 -61.564 0.2224 0.4724 -0.8529 -0.1179 0.8814 0.4574 -0.9678 0.0012 -0.2518 LS60.dat
0 MLCAD BTG String1
1 2 159.953 -75.929 -61.933 0.2226 0.4458 -0.867 -0.1069 0.8951 0.4328 -0.969 0.0037 -0.2469 LS60.dat
0 MLCAD BTG String1
1 2 158.627 -75.326 -62.295 0.2234 0.4208 -0.8792 -0.0959 0.9071 0.4098 -0.97 0.0072 -0.243 LS60.dat
0 MLCAD BTG String1
1 2 157.286 -74.754 -62.654 0.2247 0.3971 -0.8898 -0.085 0.9177 0.3881 -0.9707 0.0116 -0.24 LS60.dat
0 MLCAD BTG String1
1 2 155.932 -74.212 -63.01 0.2266 0.3747 -0.899 -0.0742 0.927 0.3676 -0.9712 0.0166 -0.2379 LS60.dat
0 MLCAD BTG String1
1 2 154.566 -73.699 -63.365 0.2292 0.3533 -0.907 -0.0634 0.9352 0.3483 -0.9713 0.0223 -0.2367 LS60.dat
0 MLCAD BTG String1
1 2 153.191 -73.213 -63.72 0.2324 0.333 -0.9138 -0.0527 0.9425 0.3301 -0.9712 0.0285 -0.2365 LS60.dat
0 MLCAD BTG String1
1 2 151.808 -72.752 -64.077 0.2363 0.3136 -0.9197 -0.0421 0.9489 0.3127 -0.9708 0.0351 -0.2374 LS60.dat
0 MLCAD BTG String1
1 2 150.417 -72.315 -64.437 0.2411 0.2949 -0.9246 -0.0316 0.9546 0.2962 -0.97 0.0422 -0.2394 LS60.dat
0 MLCAD BTG String1
1 2 149.019 -71.902 -64.803 0.2468 0.2769 -0.9287 -0.0212 0.9596 0.2805 -0.9688 0.0495 -0.2427 LS60.dat
0 MLCAD BTG String1
1 2 147.62 -71.514 -65.187 0.2614 0.2548 -0.931 -0.0007 0.9646 0.2638 -0.9652 0.0683 -0.2523 LS60.dat
0 MLCAD BTG String1
1 2 146.227 -71.1 -65.574 0.2654 0.2632 -0.9275 -0.0019 0.9622 0.2724 -0.9641 0.0705 -0.2559 LS60.dat
0 MLCAD BTG String1
1 2 144.841 -70.679 -65.961 0.2666 0.2703 -0.9251 -0.0063 0.9603 0.2788 -0.9638 0.0685 -0.2577 LS60.dat
0 MLCAD BTG String1
1 2 143.455 -70.252 -66.348 0.2658 0.2753 -0.9239 -0.0102 0.9591 0.2829 -0.964 0.0658 -0.2578 LS60.dat
0 MLCAD BTG String1
1 2 142.069 -69.824 -66.731 0.2632 0.278 -0.9238 -0.0135 0.9586 0.2846 -0.9647 0.0624 -0.256 LS60.dat
