0 6433 Coast Watch
0 Author: marco
0 ROTATION CENTER 0 0 0 1 "Custom" 
0 ROTATION CONFIG 0 0
1 0 -40 -72 -170 0 0 -1 0 1 0 1 0 0 973p76.dat
1 0 -40 -62.75 -185.5 0 0.657126 -0.75378 0.182236 0.741158 0.646123 0.983255 -0.137366 -0.119752 3818.dat
1 0 -40 -62.75 -154.5 0 0.657126 -0.75378 -0.182236 0.741158 0.646123 0.983255 0.137366 0.119752 3819.dat
1 14 -22.928 -56.756 -191.95 0 0 -1 0.173648 0.984808 0 0.984808 -0.173648 0 3820.dat
1 14 -22.928 -56.76 -148.05 0 0 -1 -0.173648 0.984808 0 0.984808 0.173648 0 3820.dat
1 14 -40 -72 -170 0 0 -1 0 1 0 1 0 0 2610.dat
1 0 -40 -40 -170 0 0 -1 0 1 0 1 0 0 3815.dat
1 0 -40 -28 -170 0 0 -1 0 1 0 1 0 0 3816.dat
1 0 -40 -28 -170 0 0 -1 0 1 0 1 0 0 3817.dat
1 14 -3.153 -49.348 -177.851 0.353057 -0.673689 -0.649226 0.254797 0.736918 -0.626124 0.900238 0.055637 0.431828 30089.dat
1 42 9.567 -62.95 -149.61 -0.258818 0.96567 -0.0222481 0.951252 0.258818 0.167731 0.167731 0.0222484 -0.985582 4073.dat
1 14 -13.609 -69.161 -150.144 0.0222482 0.96567 -0.258818 -0.167731 0.258818 0.951252 0.985582 0.0222483 0.167731 4599.dat
1 0 -40 -99.75 -170 0 0 -1 0 1 0 1 0 0 3901.dat
1 14 -40 -99.75 -170 0 0 -1 0 1 0 1 0 0 3626bp03.dat
1 4 -159.65 -182 -49.65 1 0 0 0 1 0 0 0 1 2569.dat
1 15 -180 -200 -50 0 0 -1 0 1 0 1 0 0 30237.dat
1 7 -140 -104 -110 0 0 -1 0 1 0 1 0 0 4623.dat
1 4 -140 -96 -130 0 0 -1 0 1 0 1 0 0 6140.dat
1 4 -140 -96 -310 0 0 -1 0 1 0 1 0 0 30236.dat
1 15 -150 -72 -210 0 0 -1 0 1 0 1 0 0 4282.dat
1 0 -150 -96 -210 0 0 -1 0 1 0 1 0 0 3003.dat
1 15 -150 -64 -290 0 0 -1 0 1 0 1 0 0 3795.dat
1 15 -160 -56 -270 0 0 -1 0 1 0 1 0 0 3460.dat
1 0 -140 -56 -190 0 0 -1 0 1 0 1 0 0 2465.dat
1 15 -180 -176 -110 0 0 -1 0 1 0 1 0 0 3009.dat
1 34 -230 -200 -140 1 0 0 0 1 0 0 0 1 3939.dat
1 0 -230 -152 -130 0 0 -1 0 1 0 1 0 0 3033.dat
1 15 -180 -176 -180 1 0 0 0 1 0 0 0 1 4286.dat
1 4 -230 -160 -120 1 0 0 0 1 0 0 0 1 3829a.dat
1 0 -230 -186.991 -119.194 1 0 0 0 0.57357 0.819157 0 -0.819157 0.57357 3828.dat
1 14 -230 -176 -160 -1 0 0 0 1 0 0 0 -1 3037.dat
1 0 -230 -176 -180 1 0 0 0 1 0 0 0 1 3297p11.dat
1 0 -230 -144 -210 0 0 -1 0 1 0 1 0 0 30180.dat
1 0 -150 -96 -50 0 0 -1 0 1 0 1 0 0 3003.dat
1 0 -140 -32 -170 0 0 -1 0 1 0 1 0 0 2465.dat
1 15 -230 -176 -40 1 0 0 0 1 0 0 0 1 3009.dat
1 15 -280 -176 -180 1 0 0 0 1 0 0 0 1 4286.dat
1 15 -230 -64 -360 -1 0 0 0 1 0 0 0 -1 4477.dat
1 33 -200 -152 -240 0 0 -1 0 1 0 1 0 0 3024.dat
1 34 -230 -144 -310 1 0 0 0 1 0 0 0 1 32086.dat
1 15 -230 -152 -240 1 0 0 0 1 0 0 0 1 2540.dat
1 33 -260 -152 -240 0 0 -1 0 1 0 1 0 0 3024.dat
1 15 -230 -72 -390 -1 0 0 0 1 0 0 0 -1 3032.dat
1 15 -190 -72 -470 1 0 0 0 1 0 0 0 1 3936.dat
1 15 -190 -64 -470 1 0 0 0 1 0 0 0 1 3936.dat
1 8 -229.525 -87.5 -490.025 0 0 -1 0 1 0 1 0 0 30033.dat
1 0 -240 -96 -500.025 0 0 -1 0 1 0 1 0 0 572a.dat
1 0 -220 -96 -500.025 0 0 -1 0 1 0 1 0 0 572a.dat
0 MLCAD FLEXHOSE 0 0 0 0 1 0 0 0 1 0 0 0 1  -112 -76 -110  0 0 100 -220 -96 -500 -100 -20 -50 200 LS60.dat LS60.dat 0
0 MLCAD SKIP_BEGIN
1 0 -112 -76 -110 1 0.000555821 1.72218e-009 0 3.09844e-006 -1 -0.000555821 1 3.09844e-006 LS60.dat
1 0 -112.001 -76 -112.075 0.999999 0.00168009 3.54298e-008 0 2.10881e-005 -1 -0.00168009 0.999999 2.10881e-005 LS60.dat
1 0 -112.005 -76.0001 -114.159 0.999996 0.00282345 1.56859e-007 0 5.55557e-005 -1 -0.00282345 0.999996 5.55555e-005 LS60.dat
1 0 -112.011 -76.0002 -116.252 0.999992 0.00398437 4.18552e-007 0 0.000105048 -1 -0.00398437 0.999992 0.000105048 LS60.dat
1 0 -112.019 -76.0004 -118.353 0.999987 0.00516153 8.68639e-007 0 0.000168291 -1 -0.00516153 0.999987 0.000168289 LS60.dat
1 0 -112.03 -76.0007 -120.462 0.99998 0.00635378 1.55135e-006 0 0.000244161 -1 -0.00635378 0.99998 0.000244156 LS60.dat
1 0 -112.043 -76.0013 -122.576 0.999971 0.00756013 2.50744e-006 0 0.000331666 -1 -0.00756013 0.999971 0.000331657 LS60.dat
1 0 -112.059 -76.002 -124.696 0.999961 0.00877973 3.77465e-006 0 0.000429928 -1 -0.00877973 0.999961 0.000429911 LS60.dat
1 0 -112.078 -76.0029 -126.821 0.99995 0.0100118 5.38802e-006 0 0.000538165 -1 -0.0100118 0.99995 0.000538138 LS60.dat
1 0 -112.099 -76.004 -128.95 0.999937 0.0112558 7.38023e-006 0 0.000655681 -1 -0.0112558 0.999936 0.00065564 LS60.dat
1 0 -112.123 -76.0054 -131.082 0.999922 0.0125111 9.78189e-006 0 0.000781856 -1 -0.0125111 0.999921 0.000781794 LS60.dat
1 0 -112.15 -76.0071 -133.218 0.999905 0.0137773 1.26218e-005 0 0.000916132 -1 -0.0137773 0.999905 0.000916045 LS60.dat
1 0 -112.179 -76.009 -135.357 0.999887 0.0150539 1.59272e-005 0 0.00105801 -0.999999 -0.0150539 0.999886 0.00105789 LS60.dat
1 0 -112.212 -76.0113 -137.497 0.999866 0.0163405 1.97238e-005 0 0.00120705 -0.999999 -0.0163406 0.999866 0.00120688 LS60.dat
1 0 -112.247 -76.0139 -139.64 0.999844 0.017637 2.40363e-005 0 0.00136283 -0.999999 -0.017637 0.999844 0.00136262 LS60.dat
1 0 -112.285 -76.0168 -141.784 0.999821 0.018943 2.88884e-005 0 0.00152501 -0.999999 -0.0189431 0.999819 0.00152474 LS60.dat
1 0 -112.325 -76.0201 -143.929 0.999795 0.0202584 3.43026e-005 0 0.00169325 -0.999999 -0.0202584 0.999793 0.0016929 LS60.dat
1 0 -112.369 -76.0237 -146.074 0.999767 0.021583 4.03008e-005 0 0.00186725 -0.999998 -0.021583 0.999765 0.00186682 LS60.dat
1 0 -112.415 -76.0277 -148.221 0.999737 0.0229165 4.69045e-005 0 0.00204675 -0.999998 -0.0229166 0.999735 0.00204621 LS60.dat
1 0 -112.464 -76.0321 -150.367 0.999706 0.024259 5.41343e-005 0 0.00223151 -0.999998 -0.0242591 0.999703 0.00223085 LS60.dat
1 0 -112.516 -76.0369 -152.514 0.999672 0.0256103 6.20106e-005 0 0.0024213 -0.999997 -0.0256104 0.999669 0.00242051 LS60.dat
1 0 -112.571 -76.0421 -154.66 0.999636 0.0269705 7.05532e-005 0 0.00261593 -0.999997 -0.0269706 0.999633 0.00261498 LS60.dat
1 0 -112.629 -76.0477 -156.806 0.999598 0.0283393 7.97819e-005 0 0.00281522 -0.999996 -0.0283394 0.999594 0.00281409 LS60.dat
1 0 -112.69 -76.0538 -158.952 0.999558 0.0297169 8.97161e-005 0 0.00301901 -0.999995 -0.029717 0.999554 0.00301768 LS60.dat
1 0 -112.754 -76.0603 -161.097 0.999516 0.0311032 0.000100375 0 0.00322715 -0.999995 -0.0311034 0.999511 0.00322559 LS60.dat
1 0 -112.82 -76.0672 -163.24 0.999472 0.0324983 0.000111779 0 0.0034395 -0.999994 -0.0324985 0.999466 0.00343768 LS60.dat
1 0 -112.89 -76.0746 -165.383 0.999425 0.0339021 0.000123945 0 0.00365595 -0.999993 -0.0339024 0.999418 0.00365385 LS60.dat
1 0 -112.963 -76.0824 -167.525 0.999376 0.0353148 0.000136895 0 0.00387638 -0.999992 -0.0353151 0.999369 0.00387396 LS60.dat
1 0 -113.038 -76.0907 -169.665 0.999325 0.0367364 0.000150646 0 0.0041007 -0.999992 -0.0367367 0.999317 0.00409794 LS60.dat
1 0 -113.117 -76.0995 -171.804 0.999271 0.0381669 0.00016522 0 0.00432883 -0.999991 -0.0381673 0.999262 0.00432568 LS60.dat
1 0 -113.199 -76.1087 -173.941 0.999215 0.0396065 0.000180634 0 0.00456068 -0.99999 -0.0396069 0.999205 0.0045571 LS60.dat
1 0 -113.283 -76.1185 -176.077 0.999157 0.0410552 0.000196911 0 0.00479618 -0.999988 -0.0410557 0.999145 0.00479213 LS60.dat
1 0 -113.371 -76.1287 -178.211 0.999096 0.0425132 0.000214068 0 0.00503527 -0.999987 -0.0425138 0.999083 0.00503072 LS60.dat
1 0 -113.462 -76.1395 -180.344 0.999032 0.0439806 0.000232128 0 0.00527789 -0.999986 -0.0439812 0.999018 0.00527279 LS60.dat
1 0 -113.556 -76.1507 -182.475 0.998966 0.0454574 0.000251111 0 0.005524 -0.999985 -0.0454581 0.998951 0.00551829 LS60.dat
1 0 -113.652 -76.1625 -184.604 0.998897 0.0469438 0.000271037 0 0.00577356 -0.999983 -0.0469446 0.998881 0.00576719 LS60.dat
1 0 -113.752 -76.1748 -186.731 0.998826 0.04844 0.00029193 0 0.00602652 -0.999982 -0.0484409 0.998808 0.00601945 LS60.dat
1 0 -113.856 -76.1876 -188.856 0.998752 0.0499461 0.00031381 0 0.00628286 -0.99998 -0.0499471 0.998732 0.00627502 LS60.dat
1 0 -113.962 -76.201 -190.98 0.998675 0.0514623 0.000336701 0 0.00654254 -0.999979 -0.0514634 0.998654 0.00653388 LS60.dat
1 0 -114.071 -76.2149 -193.101 0.998595 0.0529886 0.000360626 0 0.00680556 -0.999977 -0.0529899 0.998572 0.006796 LS60.dat
1 0 -114.183 -76.2293 -195.221 0.998512 0.0545254 0.000385607 0 0.00707189 -0.999975 -0.0545268 0.998487 0.00706137 LS60.dat
1 0 -114.299 -76.2443 -197.338 0.998427 0.0560728 0.00041167 0 0.00734152 -0.999973 -0.0560743 0.9984 0.00732997 LS60.dat
1 0 -114.418 -76.2599 -199.454 0.998338 0.0576308 0.000438839 0 0.00761444 -0.999971 -0.0576325 0.998309 0.00760178 LS60.dat
1 0 -114.54 -76.276 -201.568 0.998246 0.0591999 0.00046714 0 0.00789065 -0.999969 -0.0592017 0.998215 0.00787681 LS60.dat
1 0 -114.665 -76.2927 -203.679 0.998151 0.0607801 0.000496598 0 0.00817014 -0.999967 -0.0607821 0.998118 0.00815504 LS60.dat
1 0 -114.794 -76.31 -205.789 0.998053 0.0623716 0.000527241 0 0.00845293 -0.999964 -0.0623738 0.998017 0.00843647 LS60.dat
1 0 -114.925 -76.3278 -207.897 0.997951 0.0639746 0.000559096 0 0.00873901 -0.999962 -0.0639771 0.997913 0.00872111 LS60.dat
1 0 -115.06 -76.3462 -210.002 0.997847 0.0655895 0.000592192 0 0.00902839 -0.999959 -0.0655921 0.997806 0.00900895 LS60.dat
1 0 -115.199 -76.3653 -212.106 0.997738 0.0672163 0.000626557 0 0.0093211 -0.999957 -0.0672192 0.997695 0.00930001 LS60.dat
1 0 -115.34 -76.3849 -214.208 0.997626 0.0688553 0.000662221 0 0.00961713 -0.999954 -0.0688585 0.99758 0.0095943 LS60.dat
1 0 -115.485 -76.4052 -216.308 0.997511 0.0705068 0.000699216 0 0.00991652 -0.999951 -0.0705103 0.997462 0.00989184 LS60.dat
1 0 -115.633 -76.426 -218.406 0.997392 0.072171 0.000737574 0 0.0102193 -0.999948 -0.0721748 0.99734 0.0101926 LS60.dat
1 0 -115.785 -76.4475 -220.502 0.997269 0.0738481 0.000777327 0 0.0105254 -0.999945 -0.0738522 0.997214 0.0104967 LS60.dat
1 0 -115.94 -76.4696 -222.596 0.997143 0.0755385 0.000818508 0 0.010835 -0.999941 -0.0755429 0.997084 0.010804 LS60.dat
1 0 -116.099 -76.4923 -224.688 0.997012 0.0772423 0.000861153 0 0.011148 -0.999938 -0.0772471 0.99695 0.0111147 LS60.dat
1 0 -116.261 -76.5157 -226.778 0.996877 0.0789598 0.000905298 0 0.0114645 -0.999934 -0.078965 0.996812 0.0114288 LS60.dat
1 0 -116.426 -76.5397 -228.867 0.996739 0.0806913 0.000950979 0 0.0117846 -0.999931 -0.0806969 0.996669 0.0117461 LS60.dat
1 0 -116.595 -76.5644 -230.954 0.996596 0.0824371 0.000998235 0 0.0121082 -0.999927 -0.0824431 0.996523 0.0120669 LS60.dat
1 0 -116.768 -76.5897 -233.039 0.996449 0.0841975 0.00104711 0 0.0124353 -0.999923 -0.084204 0.996371 0.0123912 LS60.dat
1 0 -116.944 -76.6157 -235.122 0.996297 0.0859727 0.00109763 0 0.0127661 -0.999919 -0.0859797 0.996216 0.0127189 LS60.dat
1 0 -117.123 -76.6424 -237.203 0.996141 0.0877632 0.00114985 0 0.0131006 -0.999914 -0.0877707 0.996055 0.0130501 LS60.dat
1 0 -117.307 -76.6698 -239.283 0.99598 0.0895691 0.00120381 0 0.0134388 -0.99991 -0.0895772 0.99589 0.0133848 LS60.dat
1 0 -117.493 -76.6978 -241.361 0.995814 0.0913908 0.00125956 0 0.0137808 -0.999905 -0.0913995 0.99572 0.0137231 LS60.dat
1 0 -117.684 -76.7266 -243.438 0.995644 0.0932287 0.00131714 0 0.0141266 -0.9999 -0.093238 0.995545 0.0140651 LS60.dat
1 0 -117.878 -76.756 -245.513 0.995468 0.095083 0.0013766 0 0.0144763 -0.999895 -0.095093 0.995364 0.0144107 LS60.dat
1 0 -118.076 -76.7862 -247.587 0.995288 0.0969541 0.00143798 0 0.0148299 -0.99989 -0.0969648 0.995178 0.0147601 LS60.dat
1 0 -118.278 -76.817 -249.659 0.995102 0.0988424 0.00150135 0 0.0151875 -0.999885 -0.0988538 0.994987 0.0151132 LS60.dat
1 0 -118.484 -76.8486 -251.729 0.994911 0.100748 0.00156674 0 0.0155492 -0.999879 -0.10076 0.99479 0.0154701 LS60.dat
1 0 -118.693 -76.881 -253.798 0.994714 0.102672 0.00163423 0 0.015915 -0.999873 -0.102685 0.994588 0.0158308 LS60.dat
1 0 -118.907 -76.9141 -255.866 0.994511 0.104614 0.00170386 0 0.0162849 -0.999867 -0.104628 0.99438 0.0161955 LS60.dat
1 0 -119.124 -76.9479 -257.932 0.994303 0.106575 0.00177568 0 0.0166591 -0.999861 -0.106589 0.994165 0.0165642 LS60.dat
1 0 -119.346 -76.9825 -259.997 0.994089 0.108554 0.00184977 0 0.0170376 -0.999855 -0.10857 0.993945 0.0169369 LS60.dat
1 0 -119.571 -77.0179 -262.061 0.993868 0.110553 0.00192619 0 0.0174205 -0.999848 -0.11057 0.993717 0.0173137 LS60.dat
1 0 -119.801 -77.054 -264.123 0.993641 0.112573 0.00200499 0 0.0178079 -0.999841 -0.11259 0.993484 0.0176946 LS60.dat
1 0 -120.034 -77.091 -266.184 0.993408 0.114612 0.00208626 0 0.0181998 -0.999834 -0.114631 0.993244 0.0180798 LS60.dat
1 0 -120.272 -77.1287 -268.244 0.993168 0.116672 0.00217004 0 0.0185963 -0.999827 -0.116692 0.992996 0.0184692 LS60.dat
1 0 -120.514 -77.1673 -270.303 0.992921 0.118753 0.00225642 0 0.0189975 -0.99982 -0.118775 0.992742 0.018863 LS60.dat
1 0 -120.76 -77.2066 -272.36 0.992667 0.120856 0.00234548 0 0.0194035 -0.999812 -0.120879 0.99248 0.0192613 LS60.dat
1 0 -121.01 -77.2469 -274.417 0.992406 0.122981 0.00243728 0 0.0198144 -0.999804 -0.123006 0.992211 0.019664 LS60.dat
1 0 -121.265 -77.2879 -276.472 0.992137 0.125129 0.00253192 0 0.0202303 -0.999795 -0.125155 0.991934 0.0200712 LS60.dat
1 0 -121.524 -77.3298 -278.527 0.991861 0.1273 0.00262946 0 0.0206512 -0.999787 -0.127327 0.991649 0.0204831 LS60.dat
1 0 -121.788 -77.3726 -280.58 0.991576 0.129494 0.00273 0 0.0210773 -0.999778 -0.129523 0.991356 0.0208998 LS60.dat
1 0 -122.056 -77.4162 -282.633 0.991284 0.131713 0.00283363 0 0.0215087 -0.999769 -0.131744 0.991055 0.0213212 LS60.dat
1 0 -122.328 -77.4607 -284.684 0.990983 0.133956 0.00294043 0 0.0219454 -0.999759 -0.133989 0.990744 0.0217475 LS60.dat
1 0 -122.606 -77.5061 -286.735 0.990673 0.136225 0.00305051 0 0.0223876 -0.999749 -0.136259 0.990425 0.0221788 LS60.dat
1 0 -122.888 -77.5525 -288.785 0.990355 0.138519 0.00316396 0 0.0228354 -0.999739 -0.138555 0.990096 0.0226151 LS60.dat
1 0 -123.174 -77.5997 -290.833 0.990027 0.14084 0.00328089 0 0.0232888 -0.999729 -0.140878 0.989758 0.0230566 LS60.dat
1 0 -123.466 -77.6479 -292.882 0.98969 0.143188 0.0034014 0 0.0237481 -0.999718 -0.143228 0.989411 0.0235033 LS60.dat
1 0 -123.762 -77.6971 -294.929 0.989343 0.145563 0.00352561 0 0.0242133 -0.999707 -0.145606 0.989053 0.0239553 LS60.dat
1 0 -124.063 -77.7472 -296.976 0.988986 0.147967 0.00365362 0 0.0246846 -0.999695 -0.148012 0.988684 0.0244127 LS60.dat
1 0 -124.369 -77.7983 -299.021 0.988618 0.150399 0.00378556 0 0.0251621 -0.999683 -0.150447 0.988305 0.0248757 LS60.dat
1 0 -124.681 -77.8503 -301.067 0.98824 0.152861 0.00392155 0 0.0256459 -0.999671 -0.152912 0.987915 0.0253443 LS60.dat
1 0 -124.997 -77.9034 -303.111 0.987851 0.155354 0.00406173 0 0.0261361 -0.999658 -0.155407 0.987513 0.0258186 LS60.dat
1 0 -125.319 -77.9575 -305.155 0.98745 0.157877 0.00420622 0 0.0266329 -0.999645 -0.157933 0.9871 0.0262987 LS60.dat
1 0 -125.645 -78.0126 -307.198 0.987037 0.160432 0.00435516 0 0.0271365 -0.999632 -0.160491 0.986674 0.0267847 LS60.dat
1 0 -125.977 -78.0688 -309.241 0.986613 0.163019 0.0045087 0 0.0276469 -0.999618 -0.163081 0.986235 0.0272768 LS60.dat
1 0 -126.315 -78.126 -311.283 0.986175 0.16564 0.004667 0 0.0281644 -0.999603 -0.165705 0.985784 0.0277751 LS60.dat
1 0 -126.658 -78.1844 -313.324 0.985725 0.168294 0.0048302 0 0.0286891 -0.999588 -0.168363 0.985319 0.0282796 LS60.dat
1 0 -127.007 -78.2438 -315.365 0.985261 0.170983 0.00499846 0 0.0292212 -0.999573 -0.171056 0.984841 0.0287905 LS60.dat
1 0 -127.361 -78.3043 -317.406 0.984784 0.173708 0.00517197 0 0.0297607 -0.999557 -0.173785 0.984347 0.0293079 LS60.dat
1 0 -127.721 -78.366 -319.445 0.984292 0.176469 0.00535089 0 0.030308 -0.999541 -0.17655 0.983839 0.0298319 LS60.dat
1 0 -128.087 -78.4288 -321.485 0.983785 0.179268 0.00553541 0 0.0308632 -0.999524 -0.179353 0.983316 0.0303627 LS60.dat
1 0 -128.458 -78.4928 -323.524 0.983263 0.182104 0.00572571 0 0.0314264 -0.999506 -0.182194 0.982777 0.0309004 LS60.dat
1 0 -128.836 -78.558 -325.562 0.982724 0.18498 0.00592201 0 0.0319979 -0.999488 -0.185075 0.982221 0.0314451 LS60.dat
1 0 -129.22 -78.6244 -327.6 0.98217 0.187896 0.00612449 0 0.0325778 -0.999469 -0.187996 0.981648 0.0319969 LS60.dat
1 0 -129.61 -78.692 -329.637 0.981598 0.190853 0.00633339 0 0.0331663 -0.99945 -0.190959 0.981058 0.032556 LS60.dat
1 0 -130.006 -78.7609 -331.674 0.981009 0.193853 0.00654892 0 0.0337637 -0.99943 -0.193963 0.980449 0.0331225 LS60.dat
1 0 -130.409 -78.831 -333.711 0.980401 0.196895 0.00677132 0 0.0343702 -0.999409 -0.197011 0.979822 0.0336966 LS60.dat
1 0 -130.818 -78.9024 -335.747 0.979775 0.199982 0.00700083 0 0.0349859 -0.999388 -0.200104 0.979175 0.0342783 LS60.dat
1 0 -131.234 -78.9751 -337.782 0.979128 0.203114 0.00723771 0 0.0356112 -0.999366 -0.203242 0.978507 0.0348679 LS60.dat
1 0 -131.656 -79.0492 -339.817 0.978462 0.206292 0.00748222 0 0.0362462 -0.999343 -0.206428 0.977819 0.0354655 LS60.dat
1 0 -132.085 -79.1246 -341.851 0.977774 0.209518 0.00773463 0 0.0368912 -0.999319 -0.209661 0.977109 0.0360712 LS60.dat
1 0 -132.521 -79.2014 -343.885 0.977065 0.212793 0.00799524 0 0.0375464 -0.999295 -0.212943 0.976376 0.0366853 LS60.dat
1 0 -132.964 -79.2796 -345.919 0.976332 0.216118 0.00826435 0 0.0382121 -0.99927 -0.216276 0.975619 0.0373077 LS60.dat
1 0 -133.415 -79.3592 -347.952 0.975576 0.219494 0.00854227 0 0.0388886 -0.999244 -0.21966 0.974838 0.0379388 LS60.dat
1 0 -133.872 -79.4403 -349.984 0.974796 0.222923 0.00882933 0 0.039576 -0.999217 -0.223098 0.974032 0.0385786 LS60.dat
1 0 -134.337 -79.5228 -352.016 0.97399 0.226406 0.00912587 0 0.0402748 -0.999189 -0.22659 0.9732 0.0392273 LS60.dat
1 0 -134.81 -79.6069 -354.047 0.973158 0.229945 0.00943225 0 0.0409852 -0.99916 -0.230138 0.97234 0.0398851 LS60.dat
1 0 -135.29 -79.6925 -356.077 0.972298 0.23354 0.00974884 0 0.0417074 -0.99913 -0.233743 0.971452 0.0405521 LS60.dat
1 0 -135.778 -79.7796 -358.107 0.97141 0.237194 0.010076 0 0.0424419 -0.999099 -0.237408 0.970535 0.0412285 LS60.dat
1 0 -136.274 -79.8684 -360.136 0.970492 0.240907 0.0104142 0 0.0431889 -0.999067 -0.241132 0.969587 0.0419144 LS60.dat
1 0 -136.778 -79.9587 -362.164 0.969544 0.244682 0.0107639 0 0.0439486 -0.999034 -0.244919 0.968607 0.0426101 LS60.dat
1 0 -137.29 -80.0507 -364.192 0.968563 0.24852 0.0111254 0 0.0447216 -0.998999 -0.248769 0.967594 0.0433157 LS60.dat
1 0 -137.811 -80.1444 -366.218 0.967549 0.252423 0.0114992 0 0.0455081 -0.998964 -0.252685 0.966546 0.0440313 LS60.dat
1 0 -138.34 -80.2397 -368.244 0.9665 0.256393 0.0118859 0 0.0463085 -0.998927 -0.256668 0.965463 0.0447571 LS60.dat
1 0 -138.877 -80.3368 -370.269 0.965415 0.26043 0.0122859 0 0.0471231 -0.998889 -0.26072 0.964342 0.0454933 LS60.dat
1 0 -139.424 -80.4357 -372.292 0.964292 0.264538 0.0126998 0 0.0479523 -0.99885 -0.264842 0.963182 0.04624 LS60.dat
1 0 -139.979 -80.5364 -374.315 0.96313 0.268717 0.0131281 0 0.0487965 -0.998809 -0.269038 0.961982 0.0469974 LS60.dat
1 0 -140.544 -80.6389 -376.336 0.961927 0.27297 0.0135714 0 0.0496562 -0.998766 -0.273308 0.96074 0.0477656 LS60.dat
1 0 -141.118 -80.7433 -378.356 0.960681 0.2773 0.0140303 0 0.0505316 -0.998722 -0.277654 0.959454 0.0485448 LS60.dat
1 0 -141.701 -80.8496 -380.374 0.959391 0.281707 0.0145055 0 0.0514234 -0.998677 -0.28208 0.958122 0.0493351 LS60.dat
1 0 -142.294 -80.9579 -382.391 0.958054 0.286194 0.0149976 0 0.0523318 -0.99863 -0.286586 0.956742 0.0501367 LS60.dat
1 0 -142.897 -81.0681 -384.406 0.956669 0.290763 0.0155073 0 0.0532573 -0.998581 -0.291176 0.955312 0.0509497 LS60.dat
1 0 -143.51 -81.1804 -386.42 0.955234 0.295416 0.0160353 0 0.0542005 -0.99853 -0.295851 0.95383 0.0517742 LS60.dat
1 0 -144.133 -81.2947 -388.432 0.953746 0.300156 0.0165824 0 0.0551618 -0.998477 -0.300614 0.952294 0.0526103 LS60.dat
1 0 -144.766 -81.4111 -390.442 0.952203 0.304985 0.0171494 0 0.0561416 -0.998423 -0.305467 0.950701 0.0534582 LS60.dat
1 0 -145.411 -81.5297 -392.45 0.950602 0.309906 0.0177372 0 0.0571405 -0.998366 -0.310413 0.949049 0.0543179 LS60.dat
1 0 -146.065 -81.6505 -394.455 0.948941 0.31492 0.0183465 0 0.058159 -0.998307 -0.315454 0.947335 0.0551895 LS60.dat
1 0 -146.731 -81.7734 -396.458 0.947217 0.320031 0.0189784 0 0.0591977 -0.998246 -0.320593 0.945556 0.056073 LS60.dat
1 0 -147.408 -81.8987 -398.459 0.945428 0.32524 0.0196337 0 0.060257 -0.998183 -0.325833 0.94371 0.0569686 LS60.dat
1 0 -148.097 -82.0263 -400.457 0.943569 0.330552 0.0203135 0 0.0613376 -0.998117 -0.331175 0.941793 0.0578763 LS60.dat
1 0 -148.797 -82.1562 -402.452 0.941639 0.335967 0.0210188 0 0.06244 -0.998049 -0.336624 0.939802 0.0587959 LS60.dat
1 0 -149.509 -82.2885 -404.444 0.939634 0.34149 0.0217507 0 0.0635648 -0.997978 -0.342182 0.937734 0.0597276 LS60.dat
1 0 -150.233 -82.4233 -406.432 0.93755 0.347122 0.0225104 0 0.0647126 -0.997904 -0.347852 0.935584 0.0606712 LS60.dat
1 0 -150.97 -82.5606 -408.418 0.935383 0.352868 0.023299 0 0.065884 -0.997827 -0.353636 0.933351 0.0616268 LS60.dat
1 0 -151.719 -82.7005 -410.399 0.93313 0.358729 0.0241177 0 0.0670796 -0.997748 -0.359539 0.931028 0.062594 LS60.dat
1 0 -152.481 -82.843 -412.376 0.930787 0.364709 0.024968 0 0.0683002 -0.997665 -0.365563 0.928613 0.0635729 LS60.dat
1 0 -153.256 -82.9881 -414.35 0.928348 0.370811 0.0258511 0 0.0695463 -0.997579 -0.371711 0.926101 0.0645632 LS60.dat
1 0 -154.044 -83.136 -416.318 0.925811 0.377038 0.0267685 0 0.0708186 -0.997489 -0.377987 0.923486 0.0655646 LS60.dat
1 0 -154.846 -83.2866 -418.282 0.923169 0.383393 0.0277216 0 0.0721177 -0.997396 -0.384394 0.920765 0.0665769 LS60.dat
1 0 -155.662 -83.44 -420.241 0.920418 0.389879 0.028712 0 0.0734445 -0.997299 -0.390935 0.917932 0.0675996 LS60.dat
1 0 -156.492 -83.5963 -422.195 0.917553 0.3965 0.0297413 0 0.0747994 -0.997199 -0.397614 0.914982 0.0686324 LS60.dat
1 0 -157.336 -83.7556 -424.143 0.914567 0.403259 0.0308111 0 0.0761833 -0.997094 -0.404434 0.911909 0.0696748 LS60.dat
1 0 -158.195 -83.9178 -426.085 0.911456 0.410158 0.0319232 0 0.0775969 -0.996985 -0.411398 0.908707 0.0707261 LS60.dat
1 0 -159.068 -84.0831 -428.021 0.908212 0.417202 0.0330794 0 0.0790408 -0.996871 -0.418511 0.90537 0.0717857 LS60.dat
1 0 -159.957 -84.2515 -429.95 0.904829 0.424393 0.0342816 0 0.0805157 -0.996753 -0.425775 0.901891 0.0728529 LS60.dat
1 0 -160.862 -84.4231 -431.872 0.901301 0.431734 0.0355316 0 0.0820223 -0.99663 -0.433194 0.898264 0.0739268 LS60.dat
1 0 -161.782 -84.5979 -433.786 0.89762 0.439229 0.0368315 0 0.0835614 -0.996503 -0.440771 0.89448 0.0750064 LS60.dat
1 0 -162.718 -84.776 -435.693 0.893778 0.446882 0.0381833 0 0.0851336 -0.99637 -0.44851 0.890533 0.0760906 LS60.dat
1 0 -163.67 -84.9575 -437.591 0.889768 0.454694 0.0395892 0 0.0867396 -0.996231 -0.456414 0.886414 0.0771781 LS60.dat
1 0 -164.64 -85.1424 -439.48 0.885581 0.462668 0.0410513 0 0.0883801 -0.996087 -0.464486 0.882115 0.0782677 LS60.dat
1 0 -165.626 -85.3307 -441.36 0.881208 0.470808 0.0425719 0 0.0900555 -0.995937 -0.472729 0.877627 0.0793576 LS60.dat
1 0 -166.629 -85.5226 -443.231 0.87664 0.479116 0.0441532 0 0.0917666 -0.995781 -0.481147 0.872941 0.0804463 LS60.dat
1 0 -167.65 -85.7182 -445.091 0.871868 0.487595 0.0457976 0 0.093514 -0.995618 -0.489741 0.868047 0.0815318 LS60.dat
1 0 -168.689 -85.9174 -446.94 0.866881 0.496247 0.0475075 0 0.095298 -0.995449 -0.498515 0.862935 0.082612 LS60.dat
1 0 -169.746 -86.1204 -448.778 0.861669 0.505073 0.0492853 0 0.0971193 -0.995273 -0.507471 0.857595 0.0836846 LS60.dat
1 0 -170.821 -86.3271 -450.604 0.85622 0.514075 0.0511333 0 0.0989782 -0.99509 -0.516612 0.852016 0.0847471 LS60.dat
1 0 -171.915 -86.5378 -452.417 0.850523 0.523255 0.0530539 0 0.100875 -0.994899 -0.525937 0.846185 0.0857965 LS60.dat
1 0 -173.028 -86.7524 -454.217 0.844567 0.532613 0.0550496 0 0.10281 -0.994701 -0.53545 0.840092 0.0868299 LS60.dat
1 0 -174.161 -86.971 -456.003 0.838338 0.54215 0.0571228 0 0.104783 -0.994495 -0.545151 0.833723 0.0878439 LS60.dat
1 0 -175.313 -87.1936 -457.775 0.831824 0.551865 0.0592756 0 0.106795 -0.994281 -0.55504 0.827067 0.0888349 LS60.dat
1 0 -176.485 -87.4204 -459.531 0.825011 0.561759 0.0615105 0 0.108846 -0.994059 -0.565117 0.820109 0.0897988 LS60.dat
1 0 -177.677 -87.6514 -461.272 0.817886 0.571829 0.0638294 0 0.110934 -0.993828 -0.575381 0.812837 0.0907314 LS60.dat
1 0 -178.89 -87.8867 -462.996 0.810433 0.582075 0.0662344 0 0.113061 -0.993588 -0.585831 0.805237 0.0916281 LS60.dat
1 0 -180.123 -88.1263 -464.702 0.80264 0.592491 0.0687273 0 0.115225 -0.993339 -0.596464 0.797294 0.0924838 LS60.dat
1 0 -181.377 -88.3702 -466.39 0.79449 0.603076 0.0713097 0 0.117425 -0.993082 -0.607278 0.788993 0.0932932 LS60.dat
1 0 -182.653 -88.6186 -468.059 0.785968 0.613825 0.0739831 0 0.119662 -0.992815 -0.618267 0.780321 0.0940505 LS60.dat
1 0 -183.95 -88.8715 -469.708 0.777059 0.624731 0.0767484 0 0.121934 -0.992538 -0.629427 0.771261 0.0947496 LS60.dat
1 0 -185.269 -89.129 -471.337 0.767748 0.635788 0.0796063 0 0.124239 -0.992252 -0.640752 0.761799 0.0953841 LS60.dat
1 0 -186.61 -89.391 -472.943 0.758018 0.646988 0.0825573 0 0.126576 -0.991957 -0.652234 0.751921 0.0959471 LS60.dat
1 0 -187.973 -89.6577 -474.527 0.747854 0.658321 0.0856012 0 0.128944 -0.991652 -0.663863 0.741611 0.0964313 LS60.dat
1 0 -189.359 -89.929 -476.088 0.737241 0.669778 0.0887373 0 0.13134 -0.991337 -0.67563 0.730854 0.0968292 LS60.dat
1 0 -190.767 -90.2051 -477.625 0.726163 0.681345 0.0919644 0 0.133762 -0.991013 -0.687523 0.719637 0.0971329 LS60.dat
1 0 -192.197 -90.486 -479.136 0.714605 0.693009 0.0952807 0 0.136207 -0.99068 -0.699528 0.707945 0.0973343 LS60.dat
1 0 -193.651 -90.7716 -480.62 0.702554 0.704755 0.0986835 0 0.138672 -0.990338 -0.71163 0.695766 0.0974249 LS60.dat
1 0 -195.127 -91.0621 -482.078 0.689997 0.716565 0.10217 0 0.141155 -0.989988 -0.723812 0.683088 0.0973963 LS60.dat
1 0 -196.626 -91.3574 -483.507 0.67692 0.728422 0.105735 0 0.14365 -0.989629 -0.736056 0.6699 0.0972397 LS60.dat
1 0 -198.149 -91.6576 -484.907 0.663314 0.740305 0.109374 0 0.146155 -0.989262 -0.748341 0.656191 0.0969465 LS60.dat
1 0 -199.694 -91.9627 -486.277 0.649168 0.752193 0.113081 0 0.148664 -0.988888 -0.760645 0.641954 0.096508 LS60.dat
1 0 -201.262 -92.2727 -487.615 0.634474 0.764061 0.116849 0 0.151174 -0.988507 -0.772944 0.627182 0.0959158 LS60.dat
1 0 -202.854 -92.5875 -488.921 0.619227 0.775884 0.12067 0 0.153678 -0.988121 -0.785212 0.611872 0.0951617 LS60.dat
1 0 -204.468 -92.9073 -490.194 0.603424 0.787636 0.124535 0 0.156172 -0.98773 -0.797421 0.596019 0.0942379 LS60.dat
1 0 -206.105 -93.2319 -491.433 0.587061 0.79929 0.128434 0 0.15865 -0.987335 -0.809543 0.579626 0.0931372 LS60.dat
1 0 -207.765 -93.5614 -492.637 0.570142 0.810814 0.132356 0 0.161106 -0.986937 -0.821546 0.562694 0.0918532 LS60.dat
1 0 -209.447 -93.8956 -493.804 0.55267 0.822181 0.136289 0 0.163533 -0.986538 -0.8334 0.54523 0.09038 LS60.dat
1 0 -211.152 -94.2347 -494.935 0.534653 0.833357 0.14022 0 0.165926 -0.986138 -0.845071 0.527242 0.0887131 LS60.dat
1 0 -212.879 -94.5785 -496.027 0.516102 0.844312 0.144135 0 0.168278 -0.98574 -0.856527 0.508743 0.0868488 LS60.dat
1 0 -214.627 -94.927 -497.081 0.497032 0.855015 0.14802 0 0.170582 -0.985343 -0.867732 0.489747 0.0847848 LS60.dat
1 0 -216.397 -95.2801 -498.095 0.477458 0.865432 0.15186 0 0.172832 -0.984951 -0.878654 0.470273 0.0825202 LS60.dat
1 0 -218.188 -95.6378 -499.068 0.457405 0.875533 0.155639 0 0.175021 -0.984565 -0.889259 0.450345 0.0800556 LS60.dat
0 MLCAD SKIP_END
0 MLCAD FLEXHOSE 0 -20 0 0 1 0 0 0 1 0 0 0 1  -328 -76 -110  0 0 100 -220 -96 -500 100 -20 -50 200 LS60.dat LS60.dat 0
0 MLCAD SKIP_BEGIN
1 0 -348 -76 -110 1 -0.000555821 -1.72218e-009 0 3.09844e-006 -1 0.000555821 1 3.09844e-006 LS60.dat
1 0 -347.999 -76 -112.075 0.999999 -0.00168009 -3.54298e-008 0 2.10881e-005 -1 0.00168009 0.999999 2.10881e-005 LS60.dat
1 0 -347.995 -76.0001 -114.159 0.999996 -0.00282345 -1.56859e-007 0 5.55557e-005 -1 0.00282345 0.999996 5.55555e-005 LS60.dat
1 0 -347.989 -76.0002 -116.252 0.999992 -0.00398437 -4.18552e-007 0 0.000105048 -1 0.00398437 0.999992 0.000105048 LS60.dat
1 0 -347.981 -76.0004 -118.353 0.999987 -0.00516153 -8.68639e-007 0 0.000168291 -1 0.00516153 0.999987 0.000168289 LS60.dat
1 0 -347.97 -76.0007 -120.462 0.99998 -0.00635378 -1.55135e-006 0 0.000244161 -1 0.00635378 0.99998 0.000244156 LS60.dat
1 0 -347.957 -76.0013 -122.576 0.999971 -0.00756013 -2.50744e-006 0 0.000331666 -1 0.00756013 0.999971 0.000331657 LS60.dat
1 0 -347.941 -76.002 -124.696 0.999961 -0.00877973 -3.77465e-006 0 0.000429928 -1 0.00877973 0.999961 0.000429911 LS60.dat
1 0 -347.922 -76.0029 -126.821 0.99995 -0.0100118 -5.38802e-006 0 0.000538165 -1 0.0100118 0.99995 0.000538138 LS60.dat
1 0 -347.901 -76.004 -128.95 0.999937 -0.0112558 -7.38023e-006 0 0.000655681 -1 0.0112558 0.999936 0.00065564 LS60.dat
1 0 -347.877 -76.0054 -131.082 0.999922 -0.0125111 -9.78189e-006 0 0.000781856 -1 0.0125111 0.999921 0.000781794 LS60.dat
1 0 -347.85 -76.0071 -133.218 0.999905 -0.0137773 -1.26218e-005 0 0.000916132 -1 0.0137773 0.999905 0.000916045 LS60.dat
1 0 -347.821 -76.009 -135.357 0.999887 -0.0150539 -1.59272e-005 0 0.00105801 -0.999999 0.0150539 0.999886 0.00105789 LS60.dat
1 0 -347.788 -76.0113 -137.497 0.999866 -0.0163405 -1.97238e-005 0 0.00120705 -0.999999 0.0163406 0.999866 0.00120688 LS60.dat
1 0 -347.753 -76.0139 -139.64 0.999844 -0.017637 -2.40363e-005 0 0.00136283 -0.999999 0.017637 0.999844 0.00136262 LS60.dat
1 0 -347.715 -76.0168 -141.784 0.999821 -0.018943 -2.88884e-005 0 0.00152501 -0.999999 0.0189431 0.999819 0.00152474 LS60.dat
1 0 -347.675 -76.0201 -143.929 0.999795 -0.0202584 -3.43026e-005 0 0.00169325 -0.999999 0.0202584 0.999793 0.0016929 LS60.dat
1 0 -347.631 -76.0237 -146.074 0.999767 -0.021583 -4.03008e-005 0 0.00186725 -0.999998 0.021583 0.999765 0.00186682 LS60.dat
1 0 -347.585 -76.0277 -148.221 0.999737 -0.0229165 -4.69045e-005 0 0.00204675 -0.999998 0.0229166 0.999735 0.00204621 LS60.dat
1 0 -347.536 -76.0321 -150.367 0.999706 -0.024259 -5.41343e-005 0 0.00223151 -0.999998 0.0242591 0.999703 0.00223085 LS60.dat
1 0 -347.484 -76.0369 -152.514 0.999672 -0.0256103 -6.20106e-005 0 0.0024213 -0.999997 0.0256104 0.999669 0.00242051 LS60.dat
1 0 -347.429 -76.0421 -154.66 0.999636 -0.0269705 -7.05532e-005 0 0.00261593 -0.999997 0.0269706 0.999633 0.00261498 LS60.dat
1 0 -347.371 -76.0477 -156.806 0.999598 -0.0283393 -7.97819e-005 0 0.00281522 -0.999996 0.0283394 0.999594 0.00281409 LS60.dat
1 0 -347.31 -76.0538 -158.952 0.999558 -0.0297169 -8.97161e-005 0 0.00301901 -0.999995 0.029717 0.999554 0.00301768 LS60.dat
1 0 -347.246 -76.0603 -161.097 0.999516 -0.0311032 -0.000100375 0 0.00322715 -0.999995 0.0311034 0.999511 0.00322559 LS60.dat
1 0 -347.18 -76.0672 -163.24 0.999472 -0.0324983 -0.000111779 0 0.0034395 -0.999994 0.0324985 0.999466 0.00343768 LS60.dat
1 0 -347.11 -76.0746 -165.383 0.999425 -0.0339021 -0.000123945 0 0.00365595 -0.999993 0.0339024 0.999418 0.00365385 LS60.dat
1 0 -347.037 -76.0824 -167.525 0.999376 -0.0353148 -0.000136895 0 0.00387638 -0.999992 0.0353151 0.999369 0.00387396 LS60.dat
1 0 -346.962 -76.0907 -169.665 0.999325 -0.0367364 -0.000150646 0 0.0041007 -0.999992 0.0367367 0.999317 0.00409794 LS60.dat
1 0 -346.883 -76.0995 -171.804 0.999271 -0.0381669 -0.00016522 0 0.00432883 -0.999991 0.0381673 0.999262 0.00432568 LS60.dat
1 0 -346.801 -76.1087 -173.941 0.999215 -0.0396065 -0.000180634 0 0.00456068 -0.99999 0.0396069 0.999205 0.0045571 LS60.dat
1 0 -346.717 -76.1185 -176.077 0.999157 -0.0410552 -0.000196911 0 0.00479618 -0.999988 0.0410557 0.999145 0.00479213 LS60.dat
1 0 -346.629 -76.1287 -178.211 0.999096 -0.0425132 -0.000214068 0 0.00503527 -0.999987 0.0425138 0.999083 0.00503072 LS60.dat
1 0 -346.538 -76.1395 -180.344 0.999032 -0.0439806 -0.000232128 0 0.00527789 -0.999986 0.0439812 0.999018 0.00527279 LS60.dat
1 0 -346.444 -76.1507 -182.475 0.998966 -0.0454574 -0.000251111 0 0.005524 -0.999985 0.0454581 0.998951 0.00551829 LS60.dat
1 0 -346.348 -76.1625 -184.604 0.998897 -0.0469438 -0.000271037 0 0.00577356 -0.999983 0.0469446 0.998881 0.00576719 LS60.dat
1 0 -346.248 -76.1748 -186.731 0.998826 -0.04844 -0.00029193 0 0.00602652 -0.999982 0.0484409 0.998808 0.00601945 LS60.dat
1 0 -346.144 -76.1876 -188.856 0.998752 -0.0499461 -0.00031381 0 0.00628286 -0.99998 0.0499471 0.998732 0.00627502 LS60.dat
1 0 -346.038 -76.201 -190.98 0.998675 -0.0514623 -0.000336701 0 0.00654254 -0.999979 0.0514634 0.998654 0.00653388 LS60.dat
1 0 -345.929 -76.2149 -193.101 0.998595 -0.0529886 -0.000360626 0 0.00680556 -0.999977 0.0529899 0.998572 0.006796 LS60.dat
1 0 -345.817 -76.2293 -195.221 0.998512 -0.0545254 -0.000385607 0 0.00707189 -0.999975 0.0545268 0.998487 0.00706137 LS60.dat
1 0 -345.701 -76.2443 -197.338 0.998427 -0.0560728 -0.00041167 0 0.00734152 -0.999973 0.0560743 0.9984 0.00732997 LS60.dat
1 0 -345.582 -76.2599 -199.454 0.998338 -0.0576308 -0.000438839 0 0.00761444 -0.999971 0.0576325 0.998309 0.00760178 LS60.dat
1 0 -345.46 -76.276 -201.568 0.998246 -0.0591999 -0.00046714 0 0.00789065 -0.999969 0.0592017 0.998215 0.00787681 LS60.dat
1 0 -345.335 -76.2927 -203.679 0.998151 -0.0607801 -0.000496598 0 0.00817014 -0.999967 0.0607821 0.998118 0.00815504 LS60.dat
1 0 -345.206 -76.31 -205.789 0.998053 -0.0623716 -0.000527241 0 0.00845293 -0.999964 0.0623738 0.998017 0.00843647 LS60.dat
1 0 -345.075 -76.3278 -207.897 0.997951 -0.0639746 -0.000559096 0 0.00873901 -0.999962 0.0639771 0.997913 0.00872111 LS60.dat
1 0 -344.94 -76.3462 -210.002 0.997847 -0.0655895 -0.000592192 0 0.00902839 -0.999959 0.0655921 0.997806 0.00900895 LS60.dat
1 0 -344.801 -76.3653 -212.106 0.997738 -0.0672163 -0.000626557 0 0.0093211 -0.999957 0.0672192 0.997695 0.00930001 LS60.dat
1 0 -344.66 -76.3849 -214.208 0.997626 -0.0688553 -0.000662221 0 0.00961713 -0.999954 0.0688585 0.99758 0.0095943 LS60.dat
1 0 -344.515 -76.4052 -216.308 0.997511 -0.0705068 -0.000699216 0 0.00991652 -0.999951 0.0705103 0.997462 0.00989184 LS60.dat
1 0 -344.367 -76.426 -218.406 0.997392 -0.072171 -0.000737574 0 0.0102193 -0.999948 0.0721748 0.99734 0.0101926 LS60.dat
1 0 -344.215 -76.4475 -220.502 0.997269 -0.0738481 -0.000777327 0 0.0105254 -0.999945 0.0738522 0.997214 0.0104967 LS60.dat
1 0 -344.06 -76.4696 -222.596 0.997143 -0.0755385 -0.000818508 0 0.010835 -0.999941 0.0755429 0.997084 0.010804 LS60.dat
1 0 -343.901 -76.4923 -224.688 0.997012 -0.0772423 -0.000861153 0 0.011148 -0.999938 0.0772471 0.99695 0.0111147 LS60.dat
1 0 -343.739 -76.5157 -226.778 0.996877 -0.0789598 -0.000905298 0 0.0114645 -0.999934 0.078965 0.996812 0.0114288 LS60.dat
1 0 -343.574 -76.5397 -228.867 0.996739 -0.0806913 -0.000950979 0 0.0117846 -0.999931 0.0806969 0.996669 0.0117461 LS60.dat
1 0 -343.405 -76.5644 -230.954 0.996596 -0.0824371 -0.000998235 0 0.0121082 -0.999927 0.0824431 0.996523 0.0120669 LS60.dat
1 0 -343.232 -76.5897 -233.039 0.996449 -0.0841975 -0.00104711 0 0.0124353 -0.999923 0.084204 0.996371 0.0123912 LS60.dat
1 0 -343.056 -76.6157 -235.122 0.996297 -0.0859727 -0.00109763 0 0.0127661 -0.999919 0.0859797 0.996216 0.0127189 LS60.dat
1 0 -342.877 -76.6424 -237.203 0.996141 -0.0877632 -0.00114985 0 0.0131006 -0.999914 0.0877707 0.996055 0.0130501 LS60.dat
1 0 -342.693 -76.6698 -239.283 0.99598 -0.0895691 -0.00120381 0 0.0134388 -0.99991 0.0895772 0.99589 0.0133848 LS60.dat
1 0 -342.507 -76.6978 -241.361 0.995814 -0.0913908 -0.00125956 0 0.0137808 -0.999905 0.0913995 0.99572 0.0137231 LS60.dat
1 0 -342.316 -76.7266 -243.438 0.995644 -0.0932287 -0.00131714 0 0.0141266 -0.9999 0.093238 0.995545 0.0140651 LS60.dat
1 0 -342.122 -76.756 -245.513 0.995468 -0.095083 -0.0013766 0 0.0144763 -0.999895 0.095093 0.995364 0.0144107 LS60.dat
1 0 -341.924 -76.7862 -247.587 0.995288 -0.0969541 -0.00143798 0 0.0148299 -0.99989 0.0969648 0.995178 0.0147601 LS60.dat
1 0 -341.722 -76.817 -249.659 0.995102 -0.0988424 -0.00150135 0 0.0151875 -0.999885 0.0988538 0.994987 0.0151132 LS60.dat
1 0 -341.516 -76.8486 -251.729 0.994911 -0.100748 -0.00156674 0 0.0155492 -0.999879 0.10076 0.99479 0.0154701 LS60.dat
1 0 -341.307 -76.881 -253.798 0.994714 -0.102672 -0.00163423 0 0.015915 -0.999873 0.102685 0.994588 0.0158308 LS60.dat
1 0 -341.093 -76.9141 -255.866 0.994511 -0.104614 -0.00170386 0 0.0162849 -0.999867 0.104628 0.99438 0.0161955 LS60.dat
1 0 -340.876 -76.9479 -257.932 0.994303 -0.106575 -0.00177568 0 0.0166591 -0.999861 0.106589 0.994165 0.0165642 LS60.dat
1 0 -340.654 -76.9825 -259.997 0.994089 -0.108554 -0.00184977 0 0.0170376 -0.999855 0.10857 0.993945 0.0169369 LS60.dat
1 0 -340.429 -77.0179 -262.061 0.993868 -0.110553 -0.00192619 0 0.0174205 -0.999848 0.11057 0.993717 0.0173137 LS60.dat
1 0 -340.199 -77.054 -264.123 0.993641 -0.112573 -0.00200499 0 0.0178079 -0.999841 0.11259 0.993484 0.0176946 LS60.dat
1 0 -339.966 -77.091 -266.184 0.993408 -0.114612 -0.00208626 0 0.0181998 -0.999834 0.114631 0.993244 0.0180798 LS60.dat
1 0 -339.728 -77.1287 -268.244 0.993168 -0.116672 -0.00217004 0 0.0185963 -0.999827 0.116692 0.992996 0.0184692 LS60.dat
1 0 -339.486 -77.1673 -270.303 0.992921 -0.118753 -0.00225642 0 0.0189975 -0.99982 0.118775 0.992742 0.018863 LS60.dat
1 0 -339.24 -77.2066 -272.36 0.992667 -0.120856 -0.00234548 0 0.0194035 -0.999812 0.120879 0.99248 0.0192613 LS60.dat
1 0 -338.99 -77.2469 -274.417 0.992406 -0.122981 -0.00243728 0 0.0198144 -0.999804 0.123006 0.992211 0.019664 LS60.dat
1 0 -338.735 -77.2879 -276.472 0.992137 -0.125129 -0.00253192 0 0.0202303 -0.999795 0.125155 0.991934 0.0200712 LS60.dat
1 0 -338.476 -77.3298 -278.527 0.991861 -0.1273 -0.00262946 0 0.0206512 -0.999787 0.127327 0.991649 0.0204831 LS60.dat
1 0 -338.212 -77.3726 -280.58 0.991576 -0.129494 -0.00273 0 0.0210773 -0.999778 0.129523 0.991356 0.0208998 LS60.dat
1 0 -337.944 -77.4162 -282.633 0.991284 -0.131713 -0.00283363 0 0.0215087 -0.999769 0.131744 0.991055 0.0213212 LS60.dat
1 0 -337.672 -77.4607 -284.684 0.990983 -0.133956 -0.00294043 0 0.0219454 -0.999759 0.133989 0.990744 0.0217475 LS60.dat
1 0 -337.394 -77.5061 -286.735 0.990673 -0.136225 -0.00305051 0 0.0223876 -0.999749 0.136259 0.990425 0.0221788 LS60.dat
1 0 -337.112 -77.5525 -288.785 0.990355 -0.138519 -0.00316396 0 0.0228354 -0.999739 0.138555 0.990096 0.0226151 LS60.dat
1 0 -336.826 -77.5997 -290.833 0.990027 -0.14084 -0.00328089 0 0.0232888 -0.999729 0.140878 0.989758 0.0230566 LS60.dat
1 0 -336.534 -77.6479 -292.882 0.98969 -0.143188 -0.0034014 0 0.0237481 -0.999718 0.143228 0.989411 0.0235033 LS60.dat
1 0 -336.238 -77.6971 -294.929 0.989343 -0.145563 -0.00352561 0 0.0242133 -0.999707 0.145606 0.989053 0.0239553 LS60.dat
1 0 -335.937 -77.7472 -296.976 0.988986 -0.147967 -0.00365362 0 0.0246846 -0.999695 0.148012 0.988684 0.0244127 LS60.dat
1 0 -335.631 -77.7983 -299.021 0.988618 -0.150399 -0.00378556 0 0.0251621 -0.999683 0.150447 0.988305 0.0248757 LS60.dat
1 0 -335.319 -77.8503 -301.067 0.98824 -0.152861 -0.00392155 0 0.0256459 -0.999671 0.152912 0.987915 0.0253443 LS60.dat
1 0 -335.003 -77.9034 -303.111 0.987851 -0.155354 -0.00406173 0 0.0261361 -0.999658 0.155407 0.987513 0.0258186 LS60.dat
1 0 -334.681 -77.9575 -305.155 0.98745 -0.157877 -0.00420622 0 0.0266329 -0.999645 0.157933 0.9871 0.0262987 LS60.dat
1 0 -334.355 -78.0126 -307.198 0.987037 -0.160432 -0.00435516 0 0.0271365 -0.999632 0.160491 0.986674 0.0267847 LS60.dat
1 0 -334.023 -78.0688 -309.241 0.986613 -0.163019 -0.0045087 0 0.0276469 -0.999618 0.163081 0.986235 0.0272768 LS60.dat
1 0 -333.685 -78.126 -311.283 0.986175 -0.16564 -0.004667 0 0.0281644 -0.999603 0.165705 0.985784 0.0277751 LS60.dat
1 0 -333.342 -78.1844 -313.324 0.985725 -0.168294 -0.0048302 0 0.0286891 -0.999588 0.168363 0.985319 0.0282796 LS60.dat
1 0 -332.993 -78.2438 -315.365 0.985261 -0.170983 -0.00499846 0 0.0292212 -0.999573 0.171056 0.984841 0.0287905 LS60.dat
1 0 -332.639 -78.3043 -317.406 0.984784 -0.173708 -0.00517197 0 0.0297607 -0.999557 0.173785 0.984347 0.0293079 LS60.dat
1 0 -332.279 -78.366 -319.445 0.984292 -0.176469 -0.00535089 0 0.030308 -0.999541 0.17655 0.983839 0.0298319 LS60.dat
1 0 -331.913 -78.4288 -321.485 0.983785 -0.179268 -0.00553541 0 0.0308632 -0.999524 0.179353 0.983316 0.0303627 LS60.dat
1 0 -331.542 -78.4928 -323.524 0.983263 -0.182104 -0.00572571 0 0.0314264 -0.999506 0.182194 0.982777 0.0309004 LS60.dat
