0 Untitled
0 Name: 653.ldr
0 Author: MLCad
0 Unofficial Model
0 ROTATION CENTER 0 0 0 1 "Custom" 
0 ROTATION CONFIG 0 0
1 15 -20 8 0 0 0 -1 0 1 0 1 0 0 3030.dat
1 15 0 16 -10 0 0 -1 0 1 0 1 0 0 3002.dat
1 15 140 24 80 -1 0 0 0 1 0 0 0 -1 3002.dat
1 15 140 -24 80 -1 0 0 0 1 0 0 0 -1 3002.dat
1 15 140 -32 100 -1 0 0 0 1 0 0 0 -1 3462.dat
1 15 140 -32 100 -0.707107 0 -0.707107 0 1 0 0.707107 0 -0.707107 3461.dat
1 15 140 -24 120 -1 0 0 0 1 0 0 0 -1 3002.dat
1 15 120 0 80 0 0 1 0 1 0 -1 0 0 3009.dat
1 15 160 0 80 0 0 1 0 1 0 -1 0 0 3009.dat
1 15 140 0 100 0 0 1 0 1 0 -1 0 0 3008.dat
1 15 140 -24 220 0 0 1 0 1 0 -1 0 0 3008.dat
1 15 -40 16 -10 0 0 -1 0 1 0 1 0 0 3002.dat
1 15 -20 16 80 1 0 0 0 1 0 0 0 1 3001.dat
1 0 -20 16 40 1 0 0 0 1 0 0 0 1 3137C01.dat
1 0 -20 16 -60 1 0 0 0 1 0 0 0 1 3137C01.dat
1 0 10 38 -60 1 0 0 0 1 0 0 0 1 7.dat
1 0 10 38 40 1 0 0 0 1 0 0 0 1 7.dat
1 0 -50 38 40 1 0 0 0 1 0 0 0 1 7.dat
1 0 -50 38 -60 1 0 0 0 1 0 0 0 1 7.dat
1 15 -20 16 -90 1 0 0 0 1 0 0 0 1 3010P20B.dat
1 15 -20 -24 40 0 0 -1 0 1 0 1 0 0 3032.dat
1 1 10 -32 -10 0 0 -1 0 1 0 1 0 0 3024.dat
1 1 -50 -32 -10 0 0 -1 0 1 0 1 0 0 3024.dat
1 15 -20 -34 -4 0 0 -1 -1 0 0 0 1 0 3070B.dat
1 47 -20 -16 90 1 0 0 0 1 0 0 0 1 3010.dat
1 47 -20 -16 -10 1 0 0 0 1 0 0 0 1 3037.dat
1 47 140 -24 50 1 0 0 0 1 0 0 0 1 3038.dat
1 4 140 -48 290 1 0 0 0 1 0 0 0 1 3040A.dat
1 47 -50 -16 40 0 0 -1 0 1 0 1 0 0 3010.dat
1 47 10 -16 40 0 0 -1 0 1 0 1 0 0 3010.dat
1 7 120 48 80 0 0 -1 0 1 0 1 0 0 3460.dat
1 7 160 48 80 0 0 -1 0 1 0 1 0 0 3460.dat
1 15 203.079 -60 163.837 0.707107 0 -0.707107 0 1 0 0.707107 0 0.707107 3460.dat
1 15 76.368 -60 36.769 0.707107 0 -0.707107 0 1 0 0.707107 0 0.707107 3460.dat
1 15 76.368 -60 164.048 0.707107 0 0.707107 0 1 0 -0.707107 0 0.707107 3460.dat
1 15 203.647 -60 36.769 0.707107 0 0.707107 0 1 0 -0.707107 0 0.707107 3460.dat
0
