0 FILE 6568 Drag Race Rally.ldr
0 ROTATION CENTER 0 0 0 1 "Custom" 
0 ROTATION CONFIG 0 0
1 0 -102 0 -24 1 0 0 0 1 0 0 0 1 car1.ldr
1 0 207.8 0 1758.2 1 0 0 0 1 0 0 0 1 car2.ldr
1 0 166 -18.2 1328.2 1 0 0 0 1 0 0 0 1 base.ldr
1 0 -345 -18.2 2305.6 1 0 0 0 1 0 0 0 1 mech.ldr
1 0 -366 -16.2 2423.8 1 0 0 0 1 0 0 0 1 tools.ldr
1 0 -372.6 -21 1046.2 1 0 0 0 1 0 0 0 1 heli.ldr
0
0 FILE car1.ldr
0 New Model
0 Name: car1.ldr
0 Author: MLCad
0 Unofficial Model
0 ROTATION CENTER 0 0 0 1 "Custom" 
0 ROTATION CONFIG 0 0
1 14 1702.6 -69.586 690 0.82949 -0.558521 0 0.558436 0.829364 -0.0174524 0.00974754 0.0144766 0.999848 6269.dat
1 7 1680.26 -35.887 660.584 0 -0.558521 -0.82949 -0.0174524 0.829364 -0.558436 0.999848 0.0144766 -0.00974754 3710.dat
1 14 1702.6 -69.237 670.003 0.82949 -0.558521 0 0.558436 0.829364 -0.0174524 0.00974754 0.0144766 0.999848 6269.dat
1 14 1702.6 -68.539 630.009 0.82949 -0.558521 0 0.558436 0.829364 -0.0174524 0.00974754 0.0144766 0.999848 6269.dat
1 14 1702.6 -68.888 650.006 0.82949 -0.558521 0 0.558436 0.829364 -0.0174524 0.00974754 0.0144766 0.999848 6269.dat
1 7 1640.21 10.557 571.381 1 0 0 0 0.999848 -0.0174524 0 0.0174524 0.999848 3829a.dat
1 0 1640.21 -93.412 782.263 1 0 0 0 0.607719 -0.794152 0 0.794152 0.607719 2440.dat
1 7 1640.21 -82.747 799.286 0 0 1 -0.794152 -0.607719 0 0.607719 -0.794152 0 3938.dat
1 4 1640.21 -77.885 805.64 0 0 -1 0.794152 -0.607719 0 -0.607719 -0.794152 0 4276b.dat
1 0 1650.21 -39.684 700.523 0 0 -1 -0.0174524 0.999848 0 0.999848 0.0174524 0 2412b.dat
1 7 1640.21 -31.83 710.662 -1 0 0 0 0.999848 0.0174524 0 0.0174524 -0.999848 2452.dat
1 7 1640.21 -23.308 680.806 0 0 -1 -0.0174524 0.999848 0 0.999848 0.0174524 0 3020.dat
1 7 1650.21 -16.007 720.94 0 0 -1 -0.0174524 0.999848 0 0.999848 0.0174524 0 3701.dat
1 4 1640.21 -6.961 661.089 1 0 0 0 0.999848 -0.0174524 0 0.0174524 0.999848 3020.dat
1 4 1650.21 7.64 741.356 0 0 -1 -0.0174524 0.999848 0 0.999848 0.0174524 0 4276b.dat
1 4 1640.21 -38.832 758.846 -1 0 0 0 0.819152 0.573576 0 0.573576 -0.819152 2923.dat
1 4 1630.21 5.865 801.534 -1 0 0 0 -0.984808 -0.173648 0 -0.173648 0.984808 2923.dat
1 4 1650.21 5.865 801.534 -1 0 0 0 -0.984808 -0.173648 0 -0.173648 0.984808 2923.dat
1 0 1640.21 16.337 701.501 0 0 -1 -0.0174524 0.999848 0 0.999848 0.0174524 0 3795.dat
1 0 1640.21 8.688 681.365 -1 0 0 0 0.999848 0.0174524 0 0.0174524 -0.999848 48183.dat
1 14 1640.21 2.434 581.24 -1 0 0 0 0.999848 0.0174524 0 0.0174524 -0.999848 30029.dat
1 0 1670.21 10.433 581.38 0 0 -1 -0.0174524 0.999848 0 0.999848 0.0174524 0 3666.dat
1 0 1670.21 -37.909 600.539 0 0 1 0.0174524 0.999848 0 -0.999848 0.0174524 0 4865a.dat
1 0 1670.21 -13.913 600.958 0 0 -1 -0.0174524 0.999848 0 0.999848 0.0174524 0 3023.dat
1 4 1670.21 -5.565 581.101 0 0 -1 -0.0174524 0.999848 0 0.999848 0.0174524 0 3666.dat
1 4 1640.21 -2.423 401.128 0 0 -1 -0.0174524 0.999848 0 0.999848 0.0174524 0 2445.dat
1 0 1640.21 -36.862 540.548 1 0 0 0 0.999848 -0.0174524 0 0.0174524 0.999848 6152.dat
1 0 1640.21 12.178 481.395 1 0 0 0 0.999848 -0.0174524 0 0.0174524 0.999848 48183.dat
1 14 1640.21 6.274 361.274 0 0 -1 -0.0174524 0.999848 0 0.999848 0.0174524 0 2445.dat
1 4 1640.21 0.02 261.149 1 0 0 0 0.999848 -0.0174524 0 0.0174524 0.999848 3022.dat
1 0 1640.21 8.019 261.289 1 0 0 0 0.999848 -0.0174524 0 0.0174524 0.999848 6157.dat
1 7 1682.21 -60.953 660.146 0 -1 0 0.0174524 0 0.999848 -0.999848 0 0.0174524 2540.dat
1 7 1674.21 -61.127 670.145 0 -1 0 0.999848 0 -0.0174524 0.0174524 0 0.999848 4589.dat
1 7 1674.21 -60.778 650.148 0 -1 0 0.999848 0 -0.0174524 0.0174524 0 0.999848 4589.dat
1 14 1640.21 -79.125 669.83 0 0 -1 -0.0174524 0.999848 0 0.999848 0.0174524 0 3623.dat
1 7 1640.21 -62.02 714.136 1 0 0 0 -0.999848 0.0174524 0 -0.0174524 -0.999848 4349.dat
1 4 1640.21 -54.954 660.251 0 0 -1 -0.0174524 0.999848 0 0.999848 0.0174524 0 3004.dat
1 0 1670.21 -30.608 640.673 0 0 -1 -0.0174524 0.999848 0 0.999848 0.0174524 0 3937.dat
1 0 1670.21 -31.306 680.667 0 0 -1 -0.0174524 0.999848 0 0.999848 0.0174524 0 3937.dat
1 383 1640.21 -79.474 689.827 1 0 0 0 0.999848 -0.0174524 0 0.0174524 0.999848 71128.dat
1 383 1640.21 -78.775 649.833 1 0 0 0 0.999848 -0.0174524 0 0.0174524 0.999848 71128.dat
1 0 1640.21 -6.357 741.111 1 0 0 0 0.999848 -0.0174524 0 0.0174524 0.999848 3705.dat
1 15 1680.6 -6.354 740.911 0 0 -1 -0.0174524 0.999848 0 0.999848 0.0174524 0 2994.dat
1 0 1680 -6.357 741.111 0 0 -1 -0.0174524 0.999848 0 0.999848 0.0174524 0 6578.dat
1 15 1600 -6.354 740.911 0 0 1 0.0174524 0.999848 0 -0.999848 0.0174524 0 2994.dat
1 0 1600 -6.357 741.111 0 0 1 0.0174524 0.999848 0 -0.999848 0.0174524 0 6578.dat
1 15 1680.46 13.268 261.381 0 0 -1 -0.0174524 0.999848 0 0.999848 0.0174524 0 4624.dat
1 0 1679.96 13.268 261.381 1 0 0 0 0.999848 -0.0174524 0 0.0174524 0.999848 3139.dat
1 0 1640.21 -42.725 608.581 1 0 0 0 0.999848 -0.0174524 0 0.0174524 0.999848 973p8a.dat
1 14 1640.21 -66.721 608.163 1 0 0 0 0.999848 -0.0174524 0 0.0174524 0.999848 3626bp7b.dat
1 15 1640.21 -66.722 608.163 1 0 0 0 0.999848 -0.0174524 0 0.0174524 0.999848 2446.dat
1 0 1640.21 -64.212 614.797 1 0 0 0 0.691171 0.722691 0 -0.722691 0.691171 2447.dat
1 15 1640.06 8.367 832.444 -1 0 0 0 0.999848 0.0174524 0 0.0174524 -0.999848 4715.dat
1 7 1675.8 -29.602 680.696 0 -0.558521 -0.82949 -0.0174524 0.829364 -0.558436 0.999848 0.0144766 -0.00974754 3938.dat
1 7 1675.8 -28.903 640.702 0 -0.558521 -0.82949 -0.0174524 0.829364 -0.558436 0.999848 0.0144766 -0.00974754 3938.dat
1 0 1640.21 -16.444 571.715 1 0 0 0 0.587779 0.809022 0 -0.809022 0.587779 3828.dat
1 15 1640.22 -20.941 545.801 -1 0 0 0 0.569421 -0.822046 0 -0.822046 -0.569421 3069bp52.dat
1 7 1640.21 -16.386 539.225 1 0 0 0 0.569421 0.822046 0 -0.822046 0.569421 3938.dat
1 4 1640.21 -31.481 690.665 1 0 0 0 0.999848 -0.0174524 0 0.0174524 0.999848 3023.dat
1 0 1640.21 -31.132 670.668 1 0 0 0 0.999848 -0.0174524 0 0.0174524 0.999848 3794a.dat
1 0 1640.21 -30.783 650.671 1 0 0 0 0.999848 -0.0174524 0 0.0174524 0.999848 3794a.dat
1 7 1630.21 -16.007 720.94 0 0 -1 -0.0174524 0.999848 0 0.999848 0.0174524 0 3701.dat
1 4 1630.21 7.64 741.356 0 0 -1 -0.0174524 0.999848 0 0.999848 0.0174524 0 4276b.dat
1 7 1640.21 10.034 601.376 1 0 0 0 0.999848 -0.0174524 0 0.0174524 0.999848 4079.dat
1 0 1610.21 -37.909 600.539 0 0 -1 -0.0174524 0.999848 0 0.999848 0.0174524 0 4865a.dat
1 4 1610.21 -5.565 581.101 0 0 -1 -0.0174524 0.999848 0 0.999848 0.0174524 0 3666.dat
1 0 1640.21 -20.69 530.829 -1 0 0 0 0.999848 0.0174524 0 0.0174524 -0.999848 3937.dat
1 0 1630.21 -39.684 700.523 0 0 -1 -0.0174524 0.999848 0 0.999848 0.0174524 0 2412b.dat
1 0 1640.21 -70.951 659.972 -1 0 0 0 0.999848 0.0174524 0 0.0174524 -0.999848 4595.dat
1 7 1598.21 -60.953 660.146 0 1 0 -0.0174524 0 0.999848 0.999848 0 0.0174524 2540.dat
1 7 1606.21 -61.127 670.145 0 1 0 0.999848 0 0.0174524 0.0174524 0 -0.999848 4589.dat
1 7 1606.21 -60.778 650.148 0 1 0 0.999848 0 0.0174524 0.0174524 0 -0.999848 4589.dat
1 14 1576.72 -68.482 670.016 0.816487 0.577364 0 -0.577276 0.816363 -0.0174524 -0.0100764 0.0142497 0.999848 6269.dat
1 7 1599.82 -35.653 660.588 0 0.577364 -0.816487 -0.0174524 0.816363 0.577276 0.999848 0.0142497 0.0100764 3710.dat
1 7 1604.44 -28.773 640.705 0 0.577364 -0.816487 -0.0174524 0.816363 0.577276 0.999848 0.0142497 0.0100764 3938.dat
1 14 1576.72 -68.831 690.013 0.816487 0.577364 0 -0.577276 0.816363 -0.0174524 -0.0100764 0.0142497 0.999848 6269.dat
1 14 1576.72 -68.133 650.019 0.816487 0.577364 0 -0.577276 0.816363 -0.0174524 -0.0100764 0.0142497 0.999848 6269.dat
1 14 1576.72 -67.784 630.022 0.816487 0.577364 0 -0.577276 0.816363 -0.0174524 -0.0100764 0.0142497 0.999848 6269.dat
1 15 1599.96 13.268 261.381 0 0 1 0.0174524 0.999848 0 -0.999848 0.0174524 0 4624.dat
1 0 1599.46 13.268 261.381 1 0 0 0 0.999848 -0.0174524 0 0.0174524 0.999848 3139.dat
1 15 1624.71 -33.476 608.743 0.983255 -0.137366 -0.119752 0.182207 0.752514 0.632869 0.00318044 -0.644091 0.764943 3818.dat
1 15 1655.71 -33.476 608.743 0.983255 0.137366 0.119752 -0.182208 0.752514 0.632868 -0.00318046 -0.644091 0.764943 3819.dat
1 0 1618.26 -27.186 591.778 0.984808 -0.173648 0 0.173622 0.984658 -0.0174524 0.00303058 0.0171873 0.999848 3820.dat
1 0 1662.16 -27.189 591.778 0.984808 0.173648 0 -0.173622 0.984658 -0.0174524 -0.00303058 0.0171873 0.999848 3820.dat
1 14 1640.21 -10.73 609.14 1 0 0 0 0.999848 -0.0174524 0 0.0174524 0.999848 3815.dat
1 0 1640.21 1.145 609.222 1 0 0 0 0.0174524 0.999848 0 -0.999848 0.0174524 3816.dat
1 0 1640.21 1.145 609.222 1 0 0 0 0.0174524 0.999848 0 -0.999848 0.0174524 3817.dat
1 14 1640.21 -14.96 660.949 1 0 0 0 0.999848 -0.0174524 0 0.0174524 0.999848 3022.dat
1 4 1640.21 9.211 651.369 1 0 0 0 0.999848 -0.0174524 0 0.0174524 0.999848 3023.dat
1 0 1610.21 -13.913 600.958 0 0 -1 -0.0174524 0.999848 0 0.999848 0.0174524 0 3023.dat
1 0 1610.21 10.433 581.38 0 0 -1 -0.0174524 0.999848 0 0.999848 0.0174524 0 3666.dat
1 0 1610.21 -30.608 640.673 0 0 1 0.0174524 0.999848 0 -0.999848 0.0174524 0 3937.dat
1 0 1610.21 -31.306 680.667 0 0 1 0.0174524 0.999848 0 -0.999848 0.0174524 0 3937.dat
1 7 1604.44 -29.472 680.699 0 0.577364 -0.816487 -0.0174524 0.816363 0.577276 0.999848 0.0142497 0.0100764 3938.dat
0
0 FILE car2.ldr
0 New Model
0 Name: car2.ldr
0 Author: MLCad
0 Unofficial Model
0 ROTATION CENTER 0 0 0 1 "Custom" 
0 ROTATION CONFIG 0 0
1 15 1680.46 9.841 -948.855 -1 0 0 0 0.999848 0.0174524 0 0.0174524 -0.999848 4715.dat
1 15 1720.46 15.743 -1519.98 0 0 -1 -0.0174524 0.999848 0 0.999848 0.0174524 0 4624.dat
1 0 1719.96 15.743 -1519.98 1 0 0 0 0.999848 -0.0174524 0 0.0174524 0.999848 3139.dat
1 14 1680.21 -76.649 -1111.53 0 0 -1 -0.0174524 0.999848 0 0.999848 0.0174524 0 3623.dat
1 7 1722.21 -58.477 -1121.22 0 -1 0 0.0174524 0 0.999848 -0.999848 0 0.0174524 2540.dat
1 4 1680.21 -52.478 -1121.11 0 0 -1 -0.0174524 0.999848 0 0.999848 0.0174524 0 3004.dat
1 7 1680.21 -59.545 -1067.23 1 0 0 0 -0.999848 0.0174524 0 -0.0174524 -0.999848 4349.dat
1 0 1680.21 10.494 -1520.08 1 0 0 0 0.999848 -0.0174524 0 0.0174524 0.999848 6157.dat
1 0 1680.21 8.749 -1420.09 0 0 -1 -0.0174524 0.999848 0 0.999848 0.0174524 0 2445.dat
1 14 1680.21 14.654 -1299.97 1 0 0 0 0.999848 -0.0174524 0 0.0174524 0.999848 4859.dat
1 0 1680.21 4.91 -1200.12 -1 0 0 0 0.999848 0.0174524 0 0.0174524 -0.999848 30029.dat
1 14 1710.21 12.908 -1199.98 0 0 -1 -0.0174524 0.999848 0 0.999848 0.0174524 0 3666.dat
1 14 1680.21 0.052 -1380.24 0 0 -1 -0.0174524 0.999848 0 0.999848 0.0174524 0 2445.dat
1 14 1680.21 11.163 -1100 -1 0 0 0 0.999848 0.0174524 0 0.0174524 -0.999848 4859.dat
1 0 1680.21 18.813 -1079.86 0 0 -1 -0.0174524 0.999848 0 0.999848 0.0174524 0 3795.dat
1 4 1690.21 10.116 -1040.01 0 0 -1 -0.0174524 0.999848 0 0.999848 0.0174524 0 4276b.dat
1 7 1690.21 -13.531 -1060.43 0 0 -1 -0.0174524 0.999848 0 0.999848 0.0174524 0 3701.dat
1 7 1680.21 -20.832 -1100.56 0 0 -1 -0.0174524 0.999848 0 0.999848 0.0174524 0 3020.dat
1 7 1680.21 -29.354 -1070.7 -1 0 0 0 0.999848 0.0174524 0 0.0174524 -0.999848 2452.dat
1 14 1680.21 -4.485 -1120.28 1 0 0 0 0.999848 -0.0174524 0 0.0174524 0.999848 3020.dat
1 14 1710.21 -3.089 -1200.26 0 0 -1 -0.0174524 0.999848 0 0.999848 0.0174524 0 3666.dat
1 2 1710.21 -11.437 -1180.41 0 0 -1 -0.0174524 0.999848 0 0.999848 0.0174524 0 3023.dat
1 2 1710.21 -35.433 -1180.83 0 0 1 0.0174524 0.999848 0 -0.999848 0.0174524 0 4865a.dat
1 14 1680.21 2.496 -1520.21 1 0 0 0 0.999848 -0.0174524 0 0.0174524 0.999848 3022.dat
1 2 1680.21 -34.386 -1240.82 1 0 0 0 0.999848 -0.0174524 0 0.0174524 0.999848 6152.dat
1 0 1710.21 -28.133 -1140.69 0 0 -1 -0.0174524 0.999848 0 0.999848 0.0174524 0 3937.dat
1 0 1690.21 -37.208 -1080.84 0 0 -1 -0.0174524 0.999848 0 0.999848 0.0174524 0 2412b.dat
1 0 1710.21 -28.831 -1100.7 0 0 -1 -0.0174524 0.999848 0 0.999848 0.0174524 0 3937.dat
1 4 1742.6 -66.761 -1111.36 0.82949 -0.558521 0 0.558436 0.829364 -0.0174524 0.00974754 0.0144766 0.999848 6269.dat
1 7 1715.8 -26.428 -1140.66 0 -0.558521 -0.82949 -0.0174524 0.829364 -0.558436 0.999848 0.0144766 -0.00974754 3938.dat
1 7 1720.26 -33.412 -1120.78 0 -0.558521 -0.82949 -0.0174524 0.829364 -0.558436 0.999848 0.0144766 -0.00974754 3710.dat
1 7 1715.8 -27.126 -1100.67 0 -0.558521 -0.82949 -0.0174524 0.829364 -0.558436 0.999848 0.0144766 -0.00974754 3938.dat
1 4 1742.6 -67.11 -1091.37 0.82949 -0.558521 0 0.558436 0.829364 -0.0174524 0.00974754 0.0144766 0.999848 6269.dat
1 4 1742.6 -66.412 -1131.36 0.82949 -0.558521 0 0.558436 0.829364 -0.0174524 0.00974754 0.0144766 0.999848 6269.dat
1 4 1742.6 -66.063 -1151.36 0.82949 -0.558521 0 0.558436 0.829364 -0.0174524 0.00974754 0.0144766 0.999848 6269.dat
1 383 1680.21 -76.998 -1091.54 1 0 0 0 0.999848 -0.0174524 0 0.0174524 0.999848 71128.dat
1 383 1680.21 -76.3 -1131.53 1 0 0 0 0.999848 -0.0174524 0 0.0174524 0.999848 71128.dat
1 0 1680.21 -3.882 -1040.25 1 0 0 0 0.999848 -0.0174524 0 0.0174524 0.999848 3705.dat
1 14 1680.21 -95.435 -1005.87 1 0 0 0 0.521112 -0.853489 0 0.853489 0.521112 2440.dat
1 7 1680.21 -86.613 -987.816 0 0 1 -0.853489 -0.521111 0 0.521111 -0.853489 0 3938.dat
1 4 1680.21 -82.444 -980.987 0 0 -1 0.853489 -0.521111 0 -0.521112 -0.853489 0 4276b.dat
1 0 1680.21 -40.249 -1172.79 1 0 0 0 0.999848 -0.0174524 0 0.0174524 0.999848 973p8a.dat
1 14 1680.21 -64.246 -1173.21 1 0 0 0 0.999848 -0.0174524 0 0.0174524 0.999848 3626bp05.dat
1 1 1680.21 -64.247 -1173.21 1 0 0 0 0.999848 -0.0174524 0 0.0174524 0.999848 2446.dat
1 0 1680.21 -61.369 -1166.24 1 0 0 0 0.64522 0.763997 0 -0.763997 0.64522 2447.dat
1 7 1638.21 -58.477 -1121.22 0 1 0 -0.0174524 0 0.999848 0.999848 0 0.0174524 2540.dat
1 0 1680.21 -68.476 -1121.39 -1 0 0 0 0.999848 0.0174524 0 0.0174524 -0.999848 4595.dat
1 7 1714.21 -58.303 -1131.22 0 -1 0 0.999848 0 -0.0174524 0.0174524 0 0.999848 4589.dat
1 7 1714.21 -58.652 -1111.22 0 -1 0 0.999848 0 -0.0174524 0.0174524 0 0.999848 4589.dat
1 7 1680.21 13.033 -1209.98 1 0 0 0 0.999848 -0.0174524 0 0.0174524 0.999848 3829a.dat
1 0 1680.21 -13.968 -1209.65 1 0 0 0 0.587779 0.809022 0 -0.809022 0.587779 3828.dat
1 0 1680.21 -18.214 -1250.54 -1 0 0 0 0.999848 0.0174524 0 0.0174524 -0.999848 3937.dat
1 0 1680.21 -28.307 -1130.69 1 0 0 0 0.999848 -0.0174524 0 0.0174524 0.999848 3794a.dat
1 7 1670.21 -13.531 -1060.43 0 0 -1 -0.0174524 0.999848 0 0.999848 0.0174524 0 3701.dat
1 4 1670.21 10.116 -1040.01 0 0 -1 -0.0174524 0.999848 0 0.999848 0.0174524 0 4276b.dat
1 4 1680.21 -29.005 -1090.7 1 0 0 0 0.999848 -0.0174524 0 0.0174524 0.999848 3023.dat
1 4 1680.21 -12.484 -1120.42 1 0 0 0 0.999848 -0.0174524 0 0.0174524 0.999848 3022.dat
1 0 1680.21 -28.656 -1110.7 1 0 0 0 0.999848 -0.0174524 0 0.0174524 0.999848 3794a.dat
1 4 1680.21 11.687 -1129.99 1 0 0 0 0.999848 -0.0174524 0 0.0174524 0.999848 3023.dat
1 14 1650.21 12.908 -1199.98 0 0 -1 -0.0174524 0.999848 0 0.999848 0.0174524 0 3666.dat
1 7 1680.21 12.509 -1179.99 1 0 0 0 0.999848 -0.0174524 0 0.0174524 0.999848 4079.dat
1 14 1650.21 -3.089 -1200.26 0 0 -1 -0.0174524 0.999848 0 0.999848 0.0174524 0 3666.dat
1 2 1650.21 -11.437 -1180.41 0 0 -1 -0.0174524 0.999848 0 0.999848 0.0174524 0 3023.dat
1 2 1650.21 -35.433 -1180.83 0 0 -1 -0.0174524 0.999848 0 0.999848 0.0174524 0 4865a.dat
1 0 1650.21 -28.133 -1140.69 0 0 1 0.0174524 0.999848 0 -0.999848 0.0174524 0 3937.dat
1 0 1650.21 -28.831 -1100.7 0 0 1 0.0174524 0.999848 0 -0.999848 0.0174524 0 3937.dat
1 0 1670.21 -37.208 -1080.84 0 0 -1 -0.0174524 0.999848 0 0.999848 0.0174524 0 2412b.dat
1 15 1639.96 15.743 -1519.98 0 0 1 0.0174524 0.999848 0 -0.999848 0.0174524 0 4624.dat
1 0 1639.46 15.743 -1519.98 1 0 0 0 0.999848 -0.0174524 0 0.0174524 0.999848 3139.dat
1 7 1680.21 -13.91 -1242.14 1 0 0 0 0.569421 0.822046 0 -0.822046 0.569421 3938.dat
1 15 1680.22 -18.465 -1235.57 -1 0 0 0 0.569421 -0.822046 0 -0.822046 -0.569421 3069bp52.dat
1 4 1616.72 -65.658 -1131.35 0.816487 0.577364 0 -0.577276 0.816363 -0.0174524 -0.0100764 0.0142497 0.999848 6269.dat
1 7 1644.44 -26.298 -1140.66 0 0.577364 -0.816487 -0.0174524 0.816363 0.577276 0.999848 0.0142497 0.0100764 3938.dat
1 7 1639.82 -33.178 -1120.78 0 0.577364 -0.816487 -0.0174524 0.816363 0.577276 0.999848 0.0142497 0.0100764 3710.dat
1 4 1616.72 -65.309 -1151.34 0.816487 0.577364 0 -0.577276 0.816363 -0.0174524 -0.0100764 0.0142497 0.999848 6269.dat
1 4 1616.72 -66.007 -1111.35 0.816487 0.577364 0 -0.577276 0.816363 -0.0174524 -0.0100764 0.0142497 0.999848 6269.dat
1 4 1616.72 -66.356 -1091.35 0.816487 0.577364 0 -0.577276 0.816363 -0.0174524 -0.0100764 0.0142497 0.999848 6269.dat
1 1 1695.71 -31.001 -1172.63 0.983255 0.137366 0.119752 -0.182208 0.752514 0.632868 -0.00318046 -0.644091 0.764943 3819.dat
1 0 1702.16 -24.714 -1189.59 0.984808 0.173648 0 -0.173622 0.984658 -0.0174524 -0.00303058 0.0171873 0.999848 3820.dat
1 14 1680.21 -8.254 -1172.23 1 0 0 0 0.999848 -0.0174524 0 0.0174524 0.999848 3815.dat
1 0 1680.21 3.621 -1172.14 1 0 0 0 0.0174524 0.999848 0 -0.999848 0.0174524 3817.dat
1 7 1646.21 -58.303 -1131.22 0 1 0 0.999848 0 0.0174524 0.0174524 0 -0.999848 4589.dat
1 7 1646.21 -58.652 -1111.22 0 1 0 0.999848 0 0.0174524 0.0174524 0 -0.999848 4589.dat
1 7 1644.44 -26.996 -1100.67 0 0.577364 -0.816487 -0.0174524 0.816363 0.577276 0.999848 0.0142497 0.0100764 3938.dat
1 1 1664.71 -31.001 -1172.63 0.983255 -0.137366 -0.119752 0.182207 0.752514 0.632869 0.00318044 -0.644091 0.764943 3818.dat
1 0 1658.26 -24.71 -1189.59 0.984808 -0.173648 0 0.173622 0.984658 -0.0174524 0.00303058 0.0171873 0.999848 3820.dat
1 0 1680.21 3.621 -1172.14 1 0 0 0 0.0174524 0.999848 0 -0.999848 0.0174524 3816.dat
1 4 1680.21 -39.356 -1022.57 -1 0 0 0 0.766044 0.642788 0 0.642788 -0.766044 2923.dat
1 4 1670.21 7.94 -979.838 -1 0 0 0 -0.984808 -0.173648 0 -0.173648 0.984808 2923.dat
1 4 1690.21 7.94 -979.838 -1 0 0 0 -0.984808 -0.173648 0 -0.173648 0.984808 2923.dat
0 New Model
0 Name: car1.ldr
0 Author: MLCad
0 Unofficial Model
1 15 1721.07 -3.913 -1040.45 0 0 -1 -0.0174524 0.999848 0 0.999848 0.0174524 0 2994.dat
1 0 1720.47 -3.917 -1040.25 0 0 -1 -0.0174524 0.999848 0 0.999848 0.0174524 0 6578.dat
1 15 1640.47 -3.913 -1040.45 0 0 1 0.0174524 0.999848 0 -0.999848 0.0174524 0 2994.dat
1 0 1640.47 -3.917 -1040.25 0 0 1 0.0174524 0.999848 0 -0.999848 0.0174524 0 6578.dat
0
0 FILE heli.ldr
0 New Model
0 Name: heli.ldr
0 Author: MLCad
0 Unofficial Model
0 ROTATION CENTER 0 0 0 1 "Custom" 
0 ROTATION CONFIG 0 0
1 7 1644.49 17.8089 -200 1 0 0 0 1 0 0 0 1 6140.dat
1 0 1644.49 9.80888 -230 0 0 -1 0 1 0 1 0 0 3795.dat
1 7 1644.49 17.8089 -260 1 0 0 0 1 0 0 0 1 6140.dat
1 4 1654.61 1.80888 -279.875 1 0 0 0 1 0 0 0 1 4592.dat
1 0 1654.49 0.308884 -280 1 0 0 0 1 0 0 0 1 4593.dat
1 0 1644.49 -62.1911 -210 1 0 0 0 1 0 0 0 1 3001.dat
1 4 1644.49 -38.1911 -200 -1 0 0 0 1 0 0 0 -1 3747a.dat
1 0 1644.49 -46.1911 -180 1 0 0 0 1 0 0 0 1 3794a.dat
1 0 1644.49 -46.1911 -160 1 0 0 0 1 0 0 0 1 3794a.dat
1 0 1644.49 -14.1911 -200 1 0 0 0 1 0 0 0 1 3010.dat
1 7 1674.49 -70.1911 -210 0 0 -1 0 1 0 1 0 0 2540.dat
1 7 1644.49 -70.1911 -210 -1 0 0 0 1 0 0 0 -1 3176.dat
1 15 1644.49 -62.1911 -180 1 0 0 0 1 0 0 0 1 3024.dat
1 0 1644.49 -54.1911 -90 0 0 -1 0 1 0 1 0 0 4477.dat
1 0 1654.49 -62.1911 -10 1 0 0 0 1 0 0 0 1 4488.dat
1 4 1644.49 -86.1911 2.38419e-005 1 0 0 0 1 0 0 0 1 3040b.dat
1 4 1674.49 -38.1911 -210 0 0 -1 0 1 0 1 0 0 3004.dat
1 15 1644.49 1.05888 -242 1 0 0 0 0 1 0 -1 0 3817.dat
1 15 1644.49 -10.7696 -242.925 1 0 0 0 0.996086 -0.0883941 0 0.0883941 0.996086 3815.dat
1 0 1644.49 -78.1911 -210 1 0 0 0 1 0 0 0 1 3020.dat
1 0 1644.49 -86.1911 -220 1 0 0 0 1 0 0 0 1 4315.dat
1 36 1674.49 -86.1911 -200 1 0 0 0 1 0 0 0 1 4073.dat
1 4 1644.49 -86.1911 -200 1 0 0 0 1 0 0 0 1 3023.dat
1 4 1644.49 -94.1912 -210 1 0 0 0 1 0 0 0 1 2460.dat
1 0 1694.49 41.8089 -210 0 0 -1 0 1 0 1 0 0 3460.dat
1 0 1674.49 9.80888 -230 0 0 -1 0 1 0 1 0 0 3710.dat
1 0 1674.49 -14.1911 -220 1 0 0 0 1 0 0 0 1 4286.dat
1 7 1682.24 -56.9411 -10 0 -1 0 -1 0 0 0 0 -1 2421.dat
1 7 1712.74 -60.0174 -211.75 0 -0.496797 0.867867 0 0.867867 0.496797 -1 0 0 6019.dat
1 15 1712.17 -43.9243 -221.75 0 -0.867867 -0.496797 0 -0.496797 0.867867 -1 0 0 4360.dat
1 36 1703.63 -27.7535 -237.75 -0.496797 0 -0.867867 0.867867 0 -0.496797 0 -1 0 4073.dat
1 15 1644.49 -42.6444 -245.753 1 0 0 0 0.996086 -0.0883927 0 0.0883927 0.996086 973p1m.dat
1 15 1659.99 -33.4306 -244.936 0.983255 0.137366 0.119752 -0.181522 0.796343 0.576964 -0.0161085 -0.58904 0.807943 3819.dat
1 14 1666.44 -25.955 -261.411 0.984808 0.173648 0 -0.172969 0.980953 -0.0883939 -0.0153495 0.087051 0.996086 3820.dat
1 14 1644.49 -66.5504 -247.875 1 0 0 0 0.996086 -0.0883934 0 0.0883934 0.996086 3626bp04.dat
1 1 1644.49 -66.5504 -247.875 1 0 0 0 0.996086 -0.088392 0 0.088392 0.996086 4485.dat
1 33 1644.49 -78.1911 -235 1 0 0 0 1 0 0 0 1 2483.dat
1 0 1578.95 -126.191 -271.679 0.728236 0 -0.685327 0 1 0 0.685327 0 0.728236 3460.dat
1 7 1644.49 -118.191 -210 0.728236 0 -0.685327 0 1 0 0.685327 0 0.728236 2479.dat
1 0 1665.05 -126.191 -231.847 -0.685327 0 -0.728236 0 1 0 0.728236 0 -0.685327 2412b.dat
1 0 1623.93 -126.191 -188.153 -0.685327 0 -0.728236 0 1 0 0.728236 0 -0.685327 2412b.dat
1 0 1710.03 -126.191 -148.321 0.728236 0 -0.685327 0 1 0 0.685327 0 0.728236 3460.dat
1 0 1634.49 0.308879 -280 1 0 0 0 1 0 0 0 1 4593.dat
1 4 1634.61 1.80888 -279.875 1 0 0 0 1 0 0 0 1 4592.dat
1 0 1594.49 41.8089 -210 0 0 -1 0 1 0 1 0 0 3460.dat
1 7 1644.49 -38.1911 -220 1 0 0 0 1 0 0 0 1 4864a.dat
1 7 1614.49 -70.1911 -210 0 0 1 0 1 0 -1 0 0 2540.dat
1 4 1614.49 -38.1911 -210 0 0 -1 0 1 0 1 0 0 3004.dat
1 15 1644.49 1.05887 -242 1 0 0 0 0 1 0 -1 0 3816.dat
1 34 1614.49 -86.1911 -200 1 0 0 0 1 0 0 0 1 4073.dat
1 0 1614.49 9.80888 -230 0 0 -1 0 1 0 1 0 0 3710.dat
1 0 1614.49 -14.1911 -220 1 0 0 0 1 0 0 0 1 4286.dat
1 15 1628.99 -33.4306 -244.936 0.983255 -0.137366 -0.119752 0.181522 0.796343 0.576964 0.0161084 -0.58904 0.807943 3818.dat
1 14 1622.54 -25.9515 -261.411 0.984808 -0.173648 0 0.172969 0.980953 -0.0883939 0.0153494 0.087051 0.996086 3820.dat
0
0 FILE base.ldr
0 New Model
0 Name: base.ldr
0 Author: MLCad
0 Unofficial Model
0 ROTATION CENTER 0 0 0 1 "Custom" 
0 ROTATION CONFIG 0 0
1 7 1553.38 41.8089 -620 0 0 -1 0 1 0 1 0 0 4282.dat
1 4 1553.38 33.8089 -780 1 0 0 0 1 0 0 0 1 3022.dat
1 4 1553.38 33.8089 -460 1 0 0 0 1 0 0 0 1 3022.dat
1 7 1553.38 41.8089 -800 1 0 0 0 1 0 0 0 1 4859.dat
1 7 1553.38 41.8089 -440 -1 0 0 0 1 0 0 0 -1 4859.dat
1 15 1553.38 -6.19111 -620 1 0 0 0 1 0 0 0 1 3942b.dat
1 4 1543.38 17.8089 -650 1 0 0 0 1 0 0 0 1 3062b.dat
1 4 1543.38 -6.19111 -650 0 0 -1 0 1 0 1 0 0 4599.dat
1 15 1553.38 -6.19111 -710 0 0 -1 0 1 0 1 0 0 4083.dat
1 15 1553.38 -6.19111 -530 0 0 -1 0 1 0 1 0 0 4083.dat
1 15 1553.38 -151.191 -602 0 0 -1 1 0 0 0 -1 0 3710.dat
1 0 1553.38 -191.191 -620 1 0 0 0 1 0 0 0 1 4733.dat
1 15 1553.38 -151.191 -638 0 0 1 1 0 0 0 1 0 3710.dat
1 15 1553.38 -199.191 -620 1 0 0 0 1 0 0 0 1 3623.dat
1 15 1573.38 -207.191 -620 0 0 -1 0 1 0 1 0 0 4081b.dat
1 15 1533.38 -207.191 -620 0 0 1 0 1 0 -1 0 0 4081b.dat
1 47 1593.38 -205.283 -632 0 0 -1 -1 0 0 0 1 0 4073.dat
1 47 1513.38 -205.283 -632 0 0 -1 -1 0 0 0 1 0 4073.dat
1 47 1593.38 -205.283 -608 0 0 1 -1 0 0 0 -1 0 4073.dat
1 47 1513.38 -205.283 -608 0 0 1 -1 0 0 0 -1 0 4073.dat
1 15 1553.63 -207.191 -619.75 1 0 0 0 1 0 0 0 1 3957a.dat
1 36 1553.38 -181.191 -594 0 0 -1 1 0 0 0 -1 0 4073.dat
1 36 1553.38 -181.191 -646 0 0 1 1 0 0 0 1 0 4073.dat
1 4 1553.38 -287.691 -620 0 0 -1 0 1 0 1 0 0 4495a.dat
1 15 1553.38 -117.691 -620 -1 0 0 0 -1 0 0 0 1 4095.dat
1 0 1553.38 -131.191 -620 1 0 0 0 1 0 0 0 1 4733.dat
1 15 1571.38 -151.191 -620 0 -1 0 1 0 0 0 0 1 3710.dat
1 46 1579.38 -161.191 -620 0 -1 0 1 0 0 0 0 1 4073.dat
1 46 1553.38 -161.191 -594 0 0 -1 1 0 0 0 -1 0 4073.dat
1 46 1553.38 -141.191 -594 0 0 -1 1 0 0 0 -1 0 4073.dat
1 46 1579.38 -141.191 -620 0 -1 0 1 0 0 0 0 1 4073.dat
1 46 1553.38 -161.191 -646 0 0 1 1 0 0 0 1 0 4073.dat
1 46 1553.38 -141.191 -646 0 0 1 1 0 0 0 1 0 4073.dat
1 36 1579.38 -181.191 -620 0 -1 0 1 0 0 0 0 1 4073.dat
1 34 1579.38 -121.191 -620 0 -1 0 1 0 0 0 0 1 4073.dat
1 34 1553.38 -121.191 -594 0 0 -1 1 0 0 0 -1 0 4073.dat
1 34 1553.38 -121.191 -646 0 0 1 1 0 0 0 1 0 4073.dat
1 15 1535.38 -151.191 -620 0 1 0 1 0 0 0 0 -1 3710.dat
1 46 1527.38 -161.191 -620 0 1 0 1 0 0 0 0 -1 4073.dat
1 46 1527.38 -141.191 -620 0 1 0 1 0 0 0 0 -1 4073.dat
1 36 1527.38 -181.191 -620 0 1 0 1 0 0 0 0 -1 4073.dat
1 34 1527.38 -121.191 -620 0 1 0 1 0 0 0 0 -1 4073.dat
0
0 FILE mech.ldr
0 New Model
0 Name: mech.ldr
0 Author: MLCad
0 Unofficial Model
0 ROTATION CENTER 0 0 0 1 "Custom" 
0 ROTATION CONFIG 0 0
1 4 1700.06 -27.566 -1702.44 -1 0 0 0 0.62932 -0.777146 0 -0.777146 -0.62932 4599.dat
1 15 1700.06 -12.463 -1721.09 1 0 0 0 0.62932 0.777146 0 -0.777146 0.62932 4032a.dat
1 4 1700.06 -7.427 -1727.31 1 0 0 0 0.62932 0.777146 0 -0.777146 0.62932 4032a.dat
1 2 1700.06 -2.393 -1733.53 1 0 0 0 0.62932 0.777146 0 -0.777146 0.62932 4032a.dat
1 15 1700.06 2.642 -1739.74 1 0 0 0 0.62932 0.777146 0 -0.777146 0.62932 6143.dat
1 15 1700 -47.7248 -1670 1 0 0 0 1 0 0 0 1 4485.dat
1 14 1700 -47.7248 -1670 1 0 0 0 1 0 0 0 1 3626bp03.dat
1 15 1700 -23.7248 -1670 1 0 0 0 1 0 0 0 1 973p80.dat
1 15 1684.5 -14.4748 -1670 0.983255 -0.174895 -0.0512008 0.182236 0.943649 0.276255 0 -0.28096 0.95972 3818.dat
1 15 1715.65 -14.904 -1669.81 0.983255 0.180109 -0.0277589 -0.167748 0.954047 0.248304 0.0712049 -0.239489 0.968285 3819.dat
1 14 1676.86 -2.08916 -1682.54 0.997064 -0.00596637 0.0763339 0.0369799 0.910496 -0.411861 -0.0670444 0.413475 0.908044 3820.dat
1 14 1724.02 -2.045 -1681.36 0.989122 0.0473292 -0.139278 -0.104605 0.892001 -0.439762 0.103423 0.449548 0.887249 3820.dat
1 2 1700 8.27518 -1670 1 0 0 0 1 0 0 0 1 3815.dat
1 2 1700 20.2752 -1670 1 0 0 0 1 0 0 0 1 3817.dat
1 4 1700.96 35.346 -1738.82 0.999901 -0.00142079 0.0139932 -0.00991455 0.634479 0.772876 -0.00997651 -0.772938 0.634403 2495.dat
1 0 1698.96 36.7874 -1737.72 0.999901 -0.00755097 0.0118613 -0.00991225 0.219763 0.975503 -0.00997266 -0.975524 0.219666 2496.dat
0 
1 2 1700 20.2752 -1670 1 0 0 0 1 0 0 0 1 3816.dat
0
0 FILE tools.ldr
0 New Model
0 Name: tools.ldr
0 Author: MLCad
0 Unofficial Model
0 6568 Drag Race Rally
0 Author: marco
0 ROTATION CENTER 0 0 0 1 "Custom" 
0 ROTATION CONFIG 0 0
1 8 1658.6 -13.441 -1969.6 -1 0 0 0 0 1 0 1 0 55298.dat
1 8 1699.95 -25.5852 -2020.58 1 0 0 0 1 0 0 0 1 55297.dat
1 15 1680 -21.941 -2020.58 0 0 -1 0 1 0 1 0 0 4085c.dat
1 7 1680 -29.941 -1990.58 0 0 -1 0 1 0 1 0 0 2431.dat
1 0 1670 -13.941 -2020.58 1 0 0 0 1 0 0 0 1 3023.dat
1 7 1660 -29.941 -1990.58 0 0 -1 0 1 0 1 0 0 2431.dat
1 15 1660 -21.941 -2020.58 0 0 1 0 1 0 -1 0 0 4085c.dat
1 15 1680 -5.94104 -2020.58 1 0 0 0 1 0 0 0 1 4070.dat
1 0 1670 4.05894 -2058.58 1 0 0 0 0 -1 0 1 0 2432.dat
1 15 1669.5 -17.566 -1980.65 0 0 -1 0 1 0 1 0 0 4536.dat
1 15 1669.5 0.558957 -1980.65 0 0 -1 0 1 0 1 0 0 4536.dat
1 15 1660 -5.94104 -2020.58 1 0 0 0 1 0 0 0 1 4070.dat
1 0 1670 18.059 -2020.58 1 0 0 0 1 0 0 0 1 3023.dat
1 7 1670 26.059 -2010.58 1 0 0 0 1 0 0 0 1 2655.dat
1 7 1670 26.059 -1970.58 1 0 0 0 1 0 0 0 1 2655.dat
1 0 1670 -21.941 -1980.58 0 0 -1 0 1 0 1 0 0 4532.dat
1 8 1640.05 -18.923 -2020.58 1 0 0 0 1 0 0 0 1 55296.dat
1 0 1669.5 37.059 -2010.58 1 0 0 0 1 0 0 0 1 2496.dat
1 0 1669.5 37.059 -1970.58 1 0 0 0 1 0 0 0 1 2496.dat
1 8 1676.4 10.559 -1969.85 1 0 0 0 0 -1 0 1 0 55295.dat
1 8 1663.4 10.559 -1992 -1 0 0 0 0 -1 0 -1 0 55300.dat
1 8 1680 -13.441 -1968.6 1 0 0 0 0 -1 0 1 0 55299.dat
0 
0 
0
0
