0 LEGO 6656 Tow Truck
0 Name: 6656.ldr
0 Author: Briqunullus
0 Released 1985
0 ROTATION CENTER 0 0 0 1 "Custom" 
0 ROTATION CONFIG 0 0
1 7 10 0 10 0 0 1 0 1 0 -1 0 0 3832.dat
1 7 10 8 70 -1 0 0 0 1 0 0 0 -1 4600.dat
1 7 10 8 -50 -1 0 0 0 1 0 0 0 -1 4600.dat
0 STEP
1 1 10 -16 70 -1 0 0 0 1 0 0 0 -1 3788.dat
0 STEP
1 1 10 -8 30 -1 0 0 0 1 0 0 0 -1 3020.dat
1 1 10 -8 110 -1 0 0 0 1 0 0 0 -1 3020.dat
0 STEP
1 1 10 -16 -50 1 0 0 0 1 0 0 0 1 4211.dat
1 1 0 -24 90 0 0 -1 0 1 0 1 0 0 4531.dat
1 1 20 -24 90 0 0 -1 0 1 0 1 0 0 4531.dat
1 1 0 -24 90 0 0 -1 0 1 0 1 0 0 4275b.dat
1 1 20 -24 90 0 0 -1 0 1 0 1 0 0 4275b.dat
0 STEP
1 1 -20 -16 100 0 0 -1 0 1 0 1 0 0 3024.dat
1 1 40 -16 100 0 0 -1 0 1 0 1 0 0 3024.dat
1 104021008 -20 -16 120 0 0 -1 0 1 0 1 0 0 3024.dat
1 104021008 40 -16 120 0 0 -1 0 1 0 1 0 0 3024.dat
1 1 40 -16 10 0 0 -1 0 1 0 1 0 0 3710.dat
1 1 -20 -16 10 0 0 -1 0 1 0 1 0 0 3710.dat
1 1 10 -16 -60 1 0 0 0 1 0 0 0 1 3829c01.dat
0 STEP
1 0 10 -32 -80 1 0 0 0 1 0 0 0 1 3004.dat
1 7 10 -8 -30 1 0 0 0 1 0 0 0 1 4079.dat
1 1 -20 -24 70 0 0 1 0 1 0 -1 0 0 3666.dat
1 1 40 -24 70 0 0 1 0 1 0 -1 0 0 3666.dat
0 STEP
1 1 -20 -32 -80 1 0 0 0 1 0 0 0 1 4070.dat
1 1 40 -32 -80 1 0 0 0 1 0 0 0 1 4070.dat
1 104021955 -20 -21 -95 1 0 0 0 0 -1 0 1 0 3024.dat
1 104021955 40 -21 -95 1 0 0 0 0 -1 0 1 0 3024.dat
1 1 40 -40 -60 1 0 0 0 1 0 0 0 1 3822.dat
1 1 -20 -40 -60 1 0 0 0 1 0 0 0 1 3821.dat
1 1 -20 -40 0 1 0 0 0 1 0 0 0 1 3005.dat
1 1 40 -40 0 1 0 0 0 1 0 0 0 1 3005.dat
0 STEP
1 1 10 -40 -80 1 0 0 0 1 0 0 0 1 3710.dat
1 7 -20 -48 70 0 0 1 0 1 0 -1 0 0 4873.dat
1 7 40 -48 70 0 0 1 0 1 0 -1 0 0 4873.dat
0 STEP
1 7 10 -96 40 -1 0 0 0 1 0 0 0 -1 4083.dat
1 104022015 10 -88 -60 1 0 0 0 1 0 0 0 1 3823.dat
1 4 10 -56 100 1 0 0 0 1 0 0 0 1 3135c02.dat
0 STEP
1 1 10 -88 0 1 0 0 0 1 0 0 0 1 4214.dat
1 1 10 -96 -30 1 0 0 0 1 0 0 0 1 4213.dat
1 104021955 20 -120 -40 1 0 0 0 1 0 0 0 1 3062b.dat
1 0 -20 -72 60 1 0 0 0 1 0 0 0 1 4006.dat
1 0 40 -72 60 -1 0 0 0 1 0 0 0 -1 4522.dat
1 7 40 12 -50 0 0 -1 0 1 0 1 0 0 4624.dat
1 7 40 12 70 0 0 -1 0 1 0 1 0 0 4624.dat
1 7 -20 12 70 0 0 1 0 1 0 -1 0 0 4624.dat
1 7 -20 12 -50 0 0 1 0 1 0 -1 0 0 4624.dat
1 0 -20 12 70 0 0 1 0 1 0 -1 0 0 3641.dat
1 0 -20 12 -50 0 0 1 0 1 0 -1 0 0 3641.dat
1 0 40 12 -50 0 0 1 0 1 0 -1 0 0 3641.dat
1 0 40 12 70 0 0 1 0 1 0 -1 0 0 3641.dat
0 STEP
1 1 110 -12 25 0.707107 0 -0.707107 0 1 0 0.707107 0 0.707107 3815c01.dat
1 15 110 -44 25 0.707107 0 -0.707107 0 1 0 0.707107 0 0.707107 973p1b.dat
1 14 110 -68 25 0.707107 0 -0.707107 0 1 0 0.707107 0 0.707107 3626bp01.dat
1 0 110 -72 25 0.707107 0 -0.707107 0 1 0 0.707107 0 0.707107 3901.dat
1 15 121.227 -35.93 36.227 0.774519 -0.158494 -0.612372 -0.224144 0.836516 -0.5 0.591506 0.524519 0.612372 3819.dat
1 15 98.956 -36.897 13.956 0.591506 -0.524519 -0.612372 0.224144 0.836516 -0.5 0.774519 0.158494 0.612372 3818.dat
1 14 92.852 -17.559 7.146 0.683013 -0.73038 -0.00623601 0.258819 0.25 -0.933013 0.683013 0.635646 0.359789 3820.dat
1 14 127.347 -17.333 43.008 0.683013 -0.635646 -0.359789 -0.258819 0.25 -0.933013 0.683013 0.73038 0.00623601 3820.dat
0
