0 FILE Untitled.ldr
0 Untitled
0 Name: Untitled.ldr
0 Author: Rijk van Voorst
0 Unofficial Model
0 ROTATION CENTER 0 0 0 1 "Custom" 
0 ROTATION CONFIG 0 0
1 0 0 0 0 0 0 -1 0 1 0 1 0 0 3034.dat
1 7 0 -16 60 -1 0 0 0 1 0 0 0 -1 4211.dat
1 7 0 -16 -60 1 0 0 0 1 0 0 0 1 4211.dat
1 46 -30 -16 -90 1 0 0 0 1 0 0 0 1 3024.dat
1 46 30 -16 -90 1 0 0 0 1 0 0 0 1 3024.dat
1 36 30 -16 90 1 0 0 0 1 0 0 0 1 3024.dat
1 36 -30 -16 90 1 0 0 0 1 0 0 0 1 3024.dat
1 7 0 -16 90 1 0 0 0 1 0 0 0 1 3023.dat
1 7 -30 -16 0 0 0 -1 0 1 0 1 0 0 3710.dat
1 7 30 -16 0 0 0 -1 0 1 0 1 0 0 3710.dat
1 0 0 -16 -80 0 0 -1 0 1 0 1 0 0 3022.dat
1 0 0 8 -60 -1 0 0 0 1 0 0 0 -1 4600.dat
1 0 0 8 60 -1 0 0 0 1 0 0 0 -1 4600.dat
1 14 0 -24 -70 1 0 0 0 1 0 0 0 1 3829c01.dat
1 1 30 -24 0 0 0 -1 0 1 0 1 0 0 3023.dat
1 1 30 -32 0 0 0 -1 0 1 0 1 0 0 3023.dat
1 1 -30 -24 0 0 0 -1 0 1 0 1 0 0 3023.dat
1 1 -30 -32 0 0 0 -1 0 1 0 1 0 0 3023.dat
1 1 0 -24 90 -1 0 0 0 1 0 0 0 -1 3069b.dat
1 14 0 -8 -40 1 0 0 0 1 0 0 0 1 4079.dat
1 1 -30 -88 60 0 0 -1 0 1 0 1 0 0 4215ap09.dat
1 1 30 -88 60 0 0 1 0 1 0 -1 0 0 4215ap09.dat
1 1 -30 -80 0 0 0 1 0 1 0 -1 0 0 2377.dat
1 1 30 -80 0 0 0 -1 0 1 0 1 0 0 2377.dat
1 43 30 -80 0 0 0 -1 0 1 0 1 0 0 4862.dat
1 43 -30 -80 0 0 0 1 0 1 0 -1 0 0 4862.dat
1 1 0 -40 -90 1 0 0 0 1 0 0 0 1 3010.dat
1 1 30 -40 -70 1 0 0 0 1 0 0 0 1 3822.dat
1 1 -30 -40 -70 1 0 0 0 1 0 0 0 1 3821.dat
1 1 30 -88 10 1 0 0 0 1 0 0 0 1 3024.dat
1 1 -30 -88 10 1 0 0 0 1 0 0 0 1 3024.dat
1 1 30 -88 -10 1 0 0 0 1 0 0 0 1 3070b.dat
1 1 -30 -88 -10 1 0 0 0 1 0 0 0 1 3070b.dat
1 43 0 -88 -70 1 0 0 0 1 0 0 0 1 3823.dat
1 1 0 -96 90 -1 0 0 0 1 0 0 0 -1 4315.dat
1 1 0 -56 108 -1 0 0 0 0 -1 0 -1 0 2349a.dat
1 43 0 -73 104 1 0 0 0 0 1 0 -1 0 2348b.dat
1 1 0 -96 70 -1 0 0 0 1 0 0 0 -1 3710.dat
1 15 0 -88 70 -1 0 0 0 1 0 0 0 -1 3660p01.dat
1 1 0 -96 10 1 0 0 0 1 0 0 0 1 4315.dat
1 1 0 -96 -40 1 0 0 0 1 0 0 0 1 2349a.dat
1 43 0 -92 -57 1 0 0 0 1 0 0 0 1 2348b.dat
1 1 0 -96 40 1 0 0 0 1 0 0 0 1 3020.dat
1 1 0 -104 20 1 0 0 0 1 0 0 0 1 3680c01.dat
1 1 0 -112 10 1 0 0 0 1 0 0 0 1 3069b.dat
1 1 0 -128 30 1 0 0 0 1 0 0 0 1 3937.dat
1 1 0 -125.071 22.929 1 0 0 0 0.707107 -0.707107 0 0.707107 0.707107 3938.dat
1 1 0 -130.727 17.271 1 0 0 0 0.707107 -0.707107 0 0.707107 0.707107 3794a.dat
1 15 0 -130.728 3.13 -1 0 0 0 -0.707107 0.707107 0 0.707107 0.707107 4070.dat
1 15 0 -147.698 20.1 -1 0 0 0 -0.707107 0.707107 0 0.707107 0.707107 3960.dat
1 15 0 -159.012 31.414 -1 0 0 0 -0.707107 0.707107 0 0.707107 0.707107 4589.dat
1 7 0 -175.983 48.384 -1 0 0 0 -0.707107 0.707107 0 0.707107 0.707107 4073.dat
1 1 30 -104 -70 -1 0 0 0 1 0 0 0 -1 4592.dat
1 14 30 -104 -70 -1 0 0 0 0.92388 -0.382683 0 -0.382683 -0.92388 4593.dat
1 7 30 13 -60 0 0 -1 0 1 0 1 0 0 4624.dat
1 0 30 13 -60 0 0 -1 0 1 0 1 0 0 3641.dat
1 7 30 13 60 0 0 -1 0 1 0 1 0 0 4624.dat
1 0 30 13 60 0 0 -1 0 1 0 1 0 0 3641.dat
1 7 -30 13 60 0 0 1 0 1 0 -1 0 0 4624.dat
1 0 -30 13 60 0 0 1 0 1 0 -1 0 0 3641.dat
1 7 -30 13 -60 0 0 1 0 1 0 -1 0 0 4624.dat
1 0 -30 13 -60 0 0 1 0 1 0 -1 0 0 3641.dat
1 0 110 23 110 1 0 0 0 1 0 0 0 1 Camera.ldr
1 0 130 -41 190 0.707107 0 -0.707107 0 1 0 0.707107 0 0.707107 Minifig.ldr
0
0 FILE Minifig.ldr
0 New Minifig Model
0 Name: Minifig.ldr
0 Author: Rijk van Voorst
0 Unofficial Model
0 ROTATION CENTER 0 0 0 1 "Custom" 
0 ROTATION CONFIG 0 0
1 1 0 -24 0 1 0 0 0 1 0 0 0 1 4485.dat
1 14 0 -24 0 1 0 0 0 1 0 0 0 1 3626ap01.dat
1 15 0 0 0 1 0 0 0 1 0 0 0 1 973p0b.dat
1 15 0 32 0 1 0 0 0 1 0 0 0 1 3815.dat
1 15 -15.552 9 0 0.985 -0.159748 -0.0581434 0.17 0.925597 0.33689 0 -0.34202 0.939693 3818.dat
1 15 15.552 9 0 0.985 0.17 0 -0.17 0.985 0 0 0 1 3819.dat
1 14 -23.0709 22.0041 -16.1152 0.985 -0.154049 0.0718343 0.17 0.892578 -0.416216 0 0.422554 0.906171 3820.dat
1 14 23.8634 26.5956 -10.321 0.985 0.12019 -0.12019 -0.17 0.696395 -0.696395 0 0.707 0.707 3820.dat
1 15 0 44 0 1 0 0 0 1 0 0 0 1 3816.dat
1 15 0 44 0 1 0 0 0 1 0 0 0 1 3817.dat
0
0 FILE Camera.ldr
0 New Model
0 Name: Camera.ldr
0 Author: Rijk van Voorst
0 Unofficial Model
0 ROTATION CENTER 0 0 0 1 "Custom" 
0 ROTATION CONFIG 0 0
1 0 0 0 0 -1 0 0 0 1 0 0 0 -1 4740.dat
1 7 0 -8 0 -1 0 0 0 1 0 0 0 -1 4073.dat
1 7 0 -32 0 -1 0 0 0 1 0 0 0 -1 3062b.dat
1 7 0 -40 0 -1 0 0 0 1 0 0 0 -1 4073.dat
1 7 0 -48 0 0 0 1 0 1 0 -1 0 0 4081b.dat
1 7 0 -72 0 -1 0 0 0 1 0 0 0 -1 3062b.dat
1 7 0 -88 10 1 0 0 0 1 0 0 0 1 4595.dat
1 1 -20 -46 12 1 0 0 0 0 1 0 -1 0 4592.dat
1 14 -20 -46 12 1 0 0 0 -0.707107 0.707107 0 -0.707107 -0.707107 4593.dat
1 1 0 -96 10 0 0 -1 0 1 0 1 0 0 3069b.dat
1 1 -18 -78 20 0 1 0 0 0 1 1 0 0 3070b.dat
1 14 -18 -78 0 0 1 0 0 0 -1 -1 0 0 3070bp02.dat
1 1 18 -78 10 0 -1 0 0 0 -1 1 0 0 3069b.dat
1 7 0 -78 -26 -1 0 0 0 0 -1 0 -1 0 4589.dat
0 
0
0
