0 Post Station
0 Name: 6689-1-1_scene1.ldr

0 ROTATION CENTER 0 0 0 1 "Custom" 
0 ROTATION CONFIG 0 0
1 7 0 0 0 1 0 0 0 1 0 0 0 1 3865h.dat
1 1 -130 -24 40 0 0 -1 0 1 0 1 0 0 3010.dat
1 1 -80 -24 10 -1 0 0 0 1 0 0 0 -1 3010.dat
1 1 50 -24 40 0 0 1 0 1 0 -1 0 0 3010.dat
1 14 -50 -24 50 0 0 1 0 1 0 -1 0 0 3622.dat
0 STEP
1 1 -100 -48 10 -1 0 0 0 1 0 0 0 -1 3010.dat
1 1 50 -48 40 0 0 1 0 1 0 -1 0 0 3010.dat
1 1 -130 -48 50 0 0 1 0 1 0 -1 0 0 3622.dat
1 1 -50 -48 10 0 0 1 0 1 0 -1 0 0 3005.dat
1 14 -50 -32 50 0 0 1 0 1 0 -1 0 0 3623.dat
1 14 -60 -40 50 0 0 1 0 1 0 -1 0 0 3021.dat
1 15 -70 -48 60 0 0 -1 0 1 0 1 0 0 3069bp01.dat
1 47 -50 -48 70 0 0 -1 0 1 0 1 0 0 6141.dat
0 STEP
1 1 -130 -72 40 0 0 -1 0 1 0 1 0 0 3010.dat
1 1 50 -72 40 0 0 1 0 1 0 -1 0 0 3010.dat
0 STEP
1 14 -60 -96 0 1 0 0 0 1 0 0 0 1 4345bp03.dat
1 14 -60 -96 0 1 0 0 0 1 0 0 0 1 4346p03.dat
1 14 -100 -96 10 1 0 0 0 1 0 0 0 1 3081ac01.dat
1 1 -130 -96 40 0 0 -1 0 1 0 1 0 0 3010.dat
1 1 50 -96 40 0 0 1 0 1 0 -1 0 0 3010.dat
0 STEP
1 1 -130 -120 50 0 0 1 0 1 0 -1 0 0 3622.dat
1 1 -100 -120 10 -1 0 0 0 1 0 0 0 -1 3010.dat
1 1 -50 -120 10 0 0 1 0 1 0 -1 0 0 3005.dat
1 1 50 -120 40 0 0 1 0 1 0 -1 0 0 3010.dat
1 14 30 -120 10 0 0 -1 0 1 0 1 0 0 4343c02.dat
1 14 30 -120 10 0 0 -1 0 1 0 1 0 0 668900s2.dat
0 STEP
1 1 -130 -128 40 0 0 -1 0 1 0 1 0 0 3710.dat
1 1 -110 -128 10 0 0 -1 0 1 0 1 0 0 3024.dat
1 1 -20 -128 10 -1 0 0 0 1 0 0 0 -1 3460.dat
1 1 50 -128 50 0 0 1 0 1 0 -1 0 0 3623.dat
0 STEP
1 0 -110 -152 60 0 0 1 0 1 0 -1 0 0 3298.dat
1 0 30 -152 60 0 0 -1 0 1 0 1 0 0 3298.dat
1 0 -110 -152 30 0 0 1 0 1 0 -1 0 0 3675.dat
1 0 30 -152 30 1 0 0 0 1 0 0 0 1 3675.dat
1 0 -70 -152 30 1 0 0 0 1 0 0 0 1 4161.dat
1 0 -10 -152 30 1 0 0 0 1 0 0 0 1 4161.dat
0 STEP
1 0 -70 -176 70 0 0 1 0 1 0 -1 0 0 3675.dat
1 0 -10 -176 70 1 0 0 0 1 0 0 0 1 3675.dat
1 0 -40 -176 70 1 0 0 0 1 0 0 0 1 3298.dat
1 14 -40 -224 70 1 0 0 0 1 0 0 0 1 3010.dat
1 14 -40 -200 70 1 0 0 0 1 0 0 0 1 3010.dat
1 14 -40 -200 70 1 0 0 0 1 0 0 0 1 668900s1.dat
0 MLCAD BTG minifig2
1 4 135 -53 -62 0 0 1 0 1 0 -1 0 0 4719.dat
0 MLCAD BTG minifig2
1 256 135 -23 -62 1 0 0 0 1 0 0 0 1 2807.dat
0 MLCAD BTG minifig2
1 47 135 -23 -62 1 0 0 0 1 0 0 0 1 4720.dat
0 MLCAD BTG minifig2
1 256 49 -23 -62 1 0 0 0 1 0 0 0 1 2807.dat
0 MLCAD BTG minifig2
1 47 49 -23 -62 1 0 0 0 1 0 0 0 1 4720.dat
0 MLCAD BTG minifig2
1 0 106.548 -50.64 -61 0 -0.375 0.927 0 0.927 0.375 -1 0 0 3817.dat
0 MLCAD BTG minifig2
1 0 106.548 -50.64 -61 0 -0.375 0.927 0 0.927 0.375 -1 0 0 3816.dat
0 MLCAD BTG minifig2
1 0 103.74 -62.316 -61 0 0.234 0.973 0 0.973 -0.234 -1 0 0 3815.dat
0 MLCAD BTG minifig2
1 14 90.6692 -116.767 -61 0.143783 0.234 0.962312 -0.0345789 0.973 -0.23143 -0.98962 0 0.147919 3626bp01.dat
0 MLCAD BTG minifig2
1 0 90.6692 -116.767 -61 0.143783 0.234 0.962312 -0.0345789 0.973 -0.23143 -0.98962 0 0.147919 3624.dat
0 MLCAD BTG minifig2
1 4 98.3696 -84.7089 -45.3996 0.0406553 -0.601918 0.797293 0.169046 0.79007 0.588456 -0.985292 0.111106 0.133315 3818.dat
0 MLCAD BTG minifig2
1 4 98.383 -84.6934 -76.6008 -0.0406553 -0.909187 0.413414 -0.169045 0.413632 0.894387 -0.985292 -0.0338425 -0.169964 3819.dat
0 MLCAD BTG minifig2
1 14 78.8973 -76.4473 -39.693 0.129309 -0.0164024 0.989235 0.990315 0.0329786 -0.14254 -0.0306739 0.998869 0.0157013 3820.dat
0 MLCAD BTG minifig2
1 14 76.9035 -86.5749 -80.4844 0.030005 -0.357725 0.935072 -0.310902 0.883532 0.339891 -0.949116 -0.300834 -0.0962371 3820.dat
0 MLCAD BTG minifig2
1 15 146 -62 -62 1 0 0 0 1 0 0 0 1 3069bp01.dat
0 MLCAD BTG minifig2
1 4 96.285 -93.415 -61 0 0.234 0.973 0 0.973 -0.234 -1 0 0 973p29.dat
0 GROUP 16 minifig2
0 MLCAD BTG minifig1
1 14 -120 -96 -50 0.793354 0 -0.608761 0 1 0 0.608761 0 0.793354 3626bp01.dat
0 MLCAD BTG minifig1
1 1 -120 -40 -50 1 0 0 0 1 0 0 0 1 3815.dat
0 MLCAD BTG minifig1
1 15 -135.6 -63.0359 -50 0.985 -0.157059 -0.0650847 0.17 0.910021 0.377108 0 -0.382516 0.923879 3818.dat
0 MLCAD BTG minifig1
1 15 -104.4 -63.0359 -50 0.985 0.17 0 -0.17 0.985 0 0 0 1 3819.dat
0 MLCAD BTG minifig1
1 14 -142.849 -50.4197 -66.3755 0.985 -0.157056 0.0650262 0.17 0.91 -0.376769 0 0.382744 0.923622 3820.dat
0 MLCAD BTG minifig1
1 14 -96.2616 -45.2694 -59.8995 0.985 0.12019 -0.12019 -0.17 0.696395 -0.696395 0 0.707 0.707 3820.dat
0 MLCAD BTG minifig1
1 1 -120 -28 -50 1 0 0 0 1 0 0 0 1 3816.dat
0 MLCAD BTG minifig1
1 1 -120 -28 -50 1 0 0 0 1 0 0 0 1 3817.dat
0 MLCAD BTG minifig1
1 6 -120 -96 -50 0.793354 0 -0.608761 0 1 0 0.608761 0 0.793354 4530.dat
0 MLCAD BTG minifig1
1 15 -120 -72 -50 1 0 0 0 1 0 0 0 1 973p1e.dat
0 MLCAD BTG minifig1
1 15 -96.463 -37.296 -84.18 0 0.923879 -0.382684 -0.5 -0.331414 -0.800103 -0.866025 0.191342 0.46194 3069bp01.dat
0 GROUP 11 minifig1
1 47 44.5 -57 -62 0 1 0 -1 0 0 0 0 1 6141.dat


0 WORLD  -140.0455 66.38593 86.54443 0.884767 -0.03273424 -0.4648827 -0.146731 0.9272294 -0.3445484 0.4423288 0.3730578 0.8155794
0 CENTRE  0 0 0
0 LOOKAT  -169 56 0
0 ROTANGLE 0
0 ZOOM  50
0
