0 LEGO 6692 Tractor Trailer
0 Name: 6692.ldr
0 Author: Briqunullus
0 Released 1983
0 ROTATION CENTER 0 0 0 1 "Custom" 
0 ROTATION CONFIG 0 0
1 0 0 64 280 0 0 1 0 1 0 -1 0 0 3795.dat
0 STEP
1 0 -10 56 270 0 0 1 0 1 0 -1 0 0 4081a.dat
1 0 10 56 270 0 0 -1 0 1 0 1 0 0 4081a.dat
1 0 30 59 296 0 0 -1 1 0 0 0 -1 0 3062b.dat
1 0 -30 58 296 0 0 -1 1 0 0 0 -1 0 3062b.dat
0 STEP
1 0 0 56 340 1 0 0 0 1 0 0 0 1 122c01.dat
1 0 0 56 220 1 0 0 0 1 0 0 0 1 122c01.dat
1 0 -30 62 341 0 0 1 0 1 0 -1 0 0 4084.dat
1 0 30 62 339 0 0 -1 0 1 0 1 0 0 4084.dat
1 0 -30 62 220 0 0 1 0 1 0 -1 0 0 4084.dat
1 0 30 62 220 0 0 -1 0 1 0 1 0 0 4084.dat
0 STEP
1 0 0 50 190 -1 0 0 0 1 0 0 0 -1 3324e.dat
1 0 0 50 190 -1 0 0 0 1 0 0 0 -1 314e.dat
0 STEP
1 14 0 24 220 1 0 0 0 1 0 0 0 1 4211.dat
1 0 0 40 290 1 0 0 0 1 0 0 0 1 3069b.dat
1 0 0 40 330 0 0 1 0 1 0 -1 0 0 3021.dat
0 STEP
1 0 0 32 310 -1 0 0 0 1 0 0 0 -1 3069b.dat
1 0 0 32 340 -1 0 0 0 1 0 0 0 -1 3680c01.dat
1 14 0 24 210 1 0 0 0 1 0 0 0 1 3829c01.dat
1 14 0 24 270 1 0 0 0 1 0 0 0 1 3023.dat
0 STEP
1 14 0 32 290 1 0 0 0 1 0 0 0 1 3710.dat
1 14 -30 24 270 0 0 1 0 1 0 -1 0 0 3623.dat
1 14 30 24 270 0 0 1 0 1 0 -1 0 0 3623.dat
1 14 0 16 270 -1 0 0 0 1 0 0 0 -1 3710.dat
1 14 0 8 270 -1 0 0 0 1 0 0 0 -1 3710.dat
1 14 0 8 190 1 0 0 0 1 0 0 0 1 3004p06.dat
0 STEP
1 14 -30 8 190 1 0 0 0 1 0 0 0 1 4070.dat
1 104021955 -30 19 178 1 0 0 0 0 -1 0 1 0 3024.dat
1 104021955 30 20 178 1 0 0 0 0 -1 0 1 0 3024.dat
1 14 30 8 190 1 0 0 0 1 0 0 0 1 4070.dat
1 14 -30 0 270 -1 0 0 0 1 0 0 0 -1 4085a.dat
1 14 30 0 270 -1 0 0 0 1 0 0 0 -1 4085a.dat
1 14 0 0 270 -1 0 0 0 1 0 0 0 -1 3023.dat
0 STEP
1 14 30 0 210 1 0 0 0 1 0 0 0 1 3822.dat
1 14 -30 0 210 1 0 0 0 1 0 0 0 1 3821.dat
1 14 0 0 190 1 0 0 0 1 0 0 0 1 3710.dat
1 0 -30 16 290 1 0 0 0 1 0 0 0 1 3957a.dat
1 0 30 16 290 1 0 0 0 1 0 0 0 1 3957a.dat
0 STEP
1 104022015 0 -48 210 1 0 0 0 1 0 0 0 1 3823.dat
1 14 0 -48 270 1 0 0 0 1 0 0 0 1 4214.dat
1 14 0 -56 240 1 0 0 0 1 0 0 0 1 4213.dat
0 STEP
1 14 0 -80 250 1 0 0 0 1 0 0 0 1 3937.dat
1 14 0 -77.172 242.929 1 0 0 0 0.707107 -0.707107 0 0.707107 0.707107 3938.dat
0 STEP
1 14 20 -77.172 230.518 1 0 0 0 0.707107 -0.707107 0 0.707107 0.707107 3068b.dat
1 14 -20 -77.172 230.518 1 0 0 0 0.707107 -0.707107 0 0.707107 0.707107 3068b.dat
0 STEP
1 0 0 55 500 1 0 0 0 1 0 0 0 1 122c01.dat
1 0 0 55 560 1 0 0 0 1 0 0 0 1 122c01.dat
1 0 -30 61 500 0 0 1 0 1 0 -1 0 0 4084.dat
1 0 -29 61 560 0 0 1 0 1 0 -1 0 0 4084.dat
1 0 30 61 500 0 0 -1 0 1 0 1 0 0 4084.dat
1 0 30 61 560 0 0 -1 0 1 0 1 0 0 4084.dat
0 STEP
1 0 0 47 560 1 0 0 0 1 0 0 0 1 3022.dat
1 0 0 47 500 1 0 0 0 1 0 0 0 1 3022.dat
0 STEP
1 0 0 39 520 0 0 1 0 1 0 -1 0 0 3795.dat
0 STEP
1 0 0 31 500 0 0 1 0 1 0 -1 0 0 3832.dat
1 0 -10 39 590 0 0 1 0 1 0 -1 0 0 4081a.dat
1 0 10 39 590 0 0 -1 0 1 0 1 0 0 4081a.dat
1 104021008 30 41 600 0 0 -1 1 0 0 0 -1 0 3024.dat
1 104021008 -30 41 600 0 0 -1 1 0 0 0 -1 0 3024.dat
0 STEP
1 0 0 39 410 1 0 0 0 1 0 0 0 1 3938.dat
1 0 0 50 400 -1 0 0 0 0 1 0 1 0 3937.dat
0 STEP
1 0 -10.001 50 424.001 -1 0 0 0 0 1 0 1 0 3062b.dat
1 0 10.001 50 424.001 -1 0 0 0 0 1 0 1 0 3062b.dat
1 0 0 50 448 -1 0 0 0 0 1 0 1 0 3710.dat
0 STEP
1 14 0 23 560 -1 0 0 0 1 0 0 0 -1 3031.dat
1 14 0 23 420 0 0 -1 0 1 0 1 0 0 3030.dat
0 STEP
1 14 -30 15 520 0 0 -1 0 1 0 1 0 0 3460.dat
1 14 30 15 520 0 0 -1 0 1 0 1 0 0 3460.dat
1 14 -30 15 380 0 0 -1 0 1 0 1 0 0 3666.dat
1 14 30 15 380 0 0 -1 0 1 0 1 0 0 3666.dat
1 14 0 15 590 1 0 0 0 1 0 0 0 1 3023.dat
1 14 0 15 330 1 0 0 0 1 0 0 0 1 3023.dat
0 STEP
1 14 0 -9 330 1 0 0 0 1 0 0 0 1 3010.dat
1 14 0 -33 330 1 0 0 0 1 0 0 0 1 3010.dat
1 14 0 -57 330 1 0 0 0 1 0 0 0 1 3010.dat
1 14 0 -57 590 -1 0 0 0 1 0 0 0 -1 3853.dat
1 14 -40 -57 603 0 0 -1 0 1 0 1 0 0 3856.dat
1 14 40 -57 603 0 0 1 0 1 0 -1 0 0 3856.dat
0 STEP
1 14 -30 -57 540 0 0 -1 0 1 0 1 0 0 4215a.dat
1 14 -30 -57 460 0 0 -1 0 1 0 1 0 0 4215a.dat
1 14 -30 -57 380 0 0 -1 0 1 0 1 0 0 4215a.dat
1 14 30 -57 540 0 0 1 0 1 0 -1 0 0 4215a.dat
1 14 30 -57 460 0 0 1 0 1 0 -1 0 0 4215a.dat
1 14 30 -57 380 0 0 1 0 1 0 -1 0 0 4215a.dat
0 STEP
1 14 -30 -65 540 0 0 1 0 1 0 -1 0 0 3666.dat
1 14 30 -65 540 0 0 1 0 1 0 -1 0 0 3666.dat
1 14 -30 -65 400 0 0 1 0 1 0 -1 0 0 3460.dat
1 14 30 -65 400 0 0 1 0 1 0 -1 0 0 3460.dat
1 14 0 -65 330 -1 0 0 0 1 0 0 0 -1 3023.dat
1 14 0 -65 590 -1 0 0 0 1 0 0 0 -1 3023.dat
0 STEP
1 14 0 -73 360 -1 0 0 0 1 0 0 0 -1 3031.dat
1 14 0 -73 500 0 0 -1 0 1 0 1 0 0 3030.dat
0 STEP
1 1 100 47 285.563 0.707107 0 -0.707107 0 1 0 0.707107 0 0.707107 3815c01.dat
1 1 101.414 15 284.464 0.707107 0 -0.707107 0 1 0 0.707107 0 0.707107 973p26.dat
1 1 112.435 23.001 296.673 0.774519 -0.158494 -0.612372 -0.224144 0.836516 -0.5 0.591506 0.524519 0.612372 3819.dat
1 1 91.119 23.03 273.155 0.683013 -0.512047 -0.520866 0.258819 0.836516 -0.482963 0.683013 0.19506 0.703879 3818.dat
1 14 84.273 42.247 267.113 0.683013 -0.73038 -0.00623601 0.258819 0.25 -0.933013 0.683013 0.635646 0.359789 3820.dat
1 14 118.515 42.24 302.724 0.683013 -0.635646 -0.359789 -0.258819 0.25 -0.933013 0.683013 0.73038 0.00623601 3820.dat
1 14 101.823 -10 285.878 0.707107 0 -0.707107 0 1 0 0.707107 0 0.707107 3626bp01.dat
1 4 101.117 -11 285.172 0.707107 0 -0.707107 0 1 0 0.707107 0 0.707107 3624.dat
0
