0 6848 Strategic Pursuer
0 Name: 6848_Strategic_Pursuer.ldr
0 Author: LEGO
0 bassfoundation@yahoo.com
0 ROTATION CENTER 0 0 0 1 "Custom" 
0 ROTATION CONFIG 0 0
1 15 0 0 -30 1 0 0 0 1 0 0 0 1 2419.dat
1 15 40 0 40 -1 0 0 0 1 0 0 0 -1 3935.dat
1 15 -40 0 40 -1 0 0 0 1 0 0 0 -1 3936.dat
1 15 0 -8 -20 0 0 -1 0 1 0 1 0 0 3020.dat
1 15 -50 -24 -10 0 0 1 0 1 0 -1 0 0 4070.dat
1 15 50 -24 -10 0 0 -1 0 1 0 1 0 0 4070.dat
1 15 0 -24 70 1 0 0 0 1 0 0 0 1 3004.dat
1 15 30 -24 30 0 0 -1 0 1 0 1 0 0 2462.dat
1 15 -30 -24 30 -1 0 0 0 1 0 0 0 -1 2462.dat
1 15 30 -24 -30 1 0 0 0 1 0 0 0 1 4286.dat
1 15 -30 -24 -30 1 0 0 0 1 0 0 0 1 4286.dat
1 0 0 -32 60 1 0 0 0 1 0 0 0 1 3022.dat
1 0 -50 -32 -30 1 0 0 0 1 0 0 0 1 2420.dat
1 0 50 -32 -30 0 0 -1 0 1 0 1 0 0 2420.dat
1 0 -50 -32 10 0 0 -1 0 1 0 1 0 0 3024.dat
1 0 50 -32 10 0 0 -1 0 1 0 1 0 0 3024.dat
1 0 -40 36 0 0 -1 0 0 0 1 -1 0 0 3956.dat
1 15 -60 0 -80 1 0 0 0 1 0 0 0 1 2430.dat
1 15 -60 0 -80 0 0 -1 0 1 0 1 0 0 2429.dat
1 15 -70 8 -110 0 0 -1 0 1 0 1 0 0 3623.dat
1 0 -70 0 -130 1 0 0 0 1 0 0 0 1 4085b.dat
1 15 -70 -8 -120 0 0 1 0 1 0 -1 0 0 3069bp06.dat
1 0 40 36 0 0 1 0 0 0 1 1 0 0 3956.dat
1 15 60 0 -80 1 0 0 0 1 0 0 0 1 2429.dat
1 15 60 0 -80 0 0 1 0 1 0 -1 0 0 2430.dat
1 15 70 8 -110 0 0 1 0 1 0 -1 0 0 3623.dat
1 0 70 0 -130 1 0 0 0 1 0 0 0 1 4085b.dat
1 15 70 -8 -120 0 0 1 0 1 0 -1 0 0 3069bp06.dat
1 0 0 8 -30 -1 0 0 0 1 0 0 0 -1 3023.dat
1 0 -30 8 -50 0 0 -1 0 1 0 1 0 0 3623.dat
1 0 30 8 -50 0 0 -1 0 1 0 1 0 0 3623.dat
1 15 48 66 0 0 1 0 0 0 1 1 0 0 3747b.dat
1 15 -48 66 0 0 -1 0 0 0 1 -1 0 0 3747b.dat
1 15 48 86 -10 0 1 0 -1 0 0 0 0 1 4287.dat
1 15 48 86 10 0 1 0 1 0 0 0 0 -1 4287.dat
1 0 40 76 -20 0 1 0 0 0 -1 -1 0 0 2429.dat
1 0 40 76 -20 0 1 0 0 0 1 1 0 0 2430.dat
1 33 40 86 -50 0 1 0 0 0 1 1 0 0 3024.dat
1 0 40 86 40 0 1 0 0 0 1 1 0 0 3023.dat
1 15 32 86 0 0 1 0 0 0 1 1 0 0 3666.dat
1 15 -48 86 -10 0 -1 0 1 0 0 0 0 1 4287.dat
1 15 -48 86 10 0 -1 0 -1 0 0 0 0 -1 4287.dat
1 0 -40 76 -20 0 -1 0 0 0 -1 1 0 0 2430.dat
1 0 -40 76 -20 0 -1 0 0 0 1 -1 0 0 2429.dat
1 33 -40 86 -50 0 -1 0 0 0 -1 1 0 0 3024.dat
1 0 -40 86 40 0 -1 0 0 0 -1 1 0 0 3023.dat
1 15 -32 86 0 0 -1 0 0 0 -1 1 0 0 3666.dat
1 15 0 -56 50 -1 0 0 0 1 0 0 0 -1 3039.dat
1 15 50 -56 0 0 0 1 0 1 0 -1 0 0 30010.dat
1 15 -49 -56 0 0 0 -1 0 1 0 1 0 0 30010.dat
1 0 -10 -16 -50 0.965926 0 -0.258819 0 1 0 0.258819 0 0.965926 4592.dat
1 0 -10 -16 -50 0.965926 0.12941 -0.224144 0 0.866025 0.5 0.258819 -0.482963 0.836516 4593.dat
1 0 10 -16 -50 0.965926 0 0.258819 0 1 0 -0.258819 0 0.965926 4592.dat
1 0 10 -16 -50 0.965926 -0.12941 0.224144 0 0.866025 0.5 -0.258819 -0.482963 0.836516 4593.dat
1 15 -70 -14 -10 0 1 0 -1 0 0 0 0 1 3959.dat
1 36 -70 -14 -34 0 0 1 -1 0 0 0 -1 0 6141.dat
1 15 70 -14 -10 0 -1 0 1 0 0 0 0 1 3959.dat
1 36 70 -14 -34 0 0 1 -1 0 0 0 -1 0 6141.dat
1 15 0 -80 50 -1 0 0 0 1 0 0 0 -1 3937.dat
1 33 0 -104 0 1 0 0 0 1 0 0 0 1 2418a.dat
1 0 -70 -15 -146 -1 0 0 0 0 -1 0 -1 0 4735.dat
1 0 0 -29 8 1 0 0 0 1 0 0 0 1 fig_futuron-y.ldr
0
