0 Untitled
0 Name: 689.ldr
0 Author: MLCad
0 Unofficial Model
0 ROTATION CENTER 0 0 0 1 "Custom" 
0 ROTATION CONFIG 0 0
1 4 -110 80 0 1 0 0 0 1 0 0 0 1 3031.dat
1 4 -110 24 20 1 0 0 0 1 0 0 0 1 3031.dat
1 4 -110 72 -20 1 0 0 0 1 0 0 0 1 3020.dat
1 4 -130 56 30 0 0 -1 0 1 0 1 0 0 3002.dat
1 4 -140 32 50 0 0 -1 0 1 0 1 0 0 3005.dat
1 4 -80 32 50 0 0 -1 0 1 0 1 0 0 3005.dat
1 47 -140 32 20 0 0 -1 0 1 0 1 0 0 3004.dat
1 47 -80 32 20 0 0 -1 0 1 0 1 0 0 3004.dat
1 47 -110 32 -10 1 0 0 0 1 0 0 0 1 21.dat
1 47 -110 -24 230 1 0 0 0 1 0 0 0 1 21.dat
1 47 -110 32 50 -1 0 0 0 1 0 0 0 -1 3004.dat
1 14 -110 48 280 0 0 1 0 1 0 -1 0 0 3035.dat
1 14 -110 16 220 -1 0 0 0 1 0 0 0 -1 3020.dat
1 14 -110 -32 240 -1 0 0 0 1 0 0 0 -1 3020.dat
1 14 -110 -24 250 -1 0 0 0 1 0 0 0 -1 3010.dat
1 4 -110 88 270 -1 0 0 0 1 0 0 0 -1 3010.dat
1 4 -80 88 120 0 0 1 0 1 0 -1 0 0 3009.dat
1 4 -140 88 120 0 0 1 0 1 0 -1 0 0 3009.dat
1 4 -110 88 -30 1 0 0 0 1 0 0 0 1 3010P20C.dat
1 0 -110 88 0 1 0 0 0 1 0 0 0 1 3137C01.dat
1 0 -110 88 40 1 0 0 0 1 0 0 0 1 3137C01.dat
1 0 -110 88 200 1 0 0 0 1 0 0 0 1 3137c02.dat
1 0 -110 88 240 1 0 0 0 1 0 0 0 1 3137c02.dat
1 0 -80 110 240 1 0 0 0 1 0 0 0 1 x451.dat
1 0 -140 110 240 1 0 0 0 1 0 0 0 1 x451.dat
1 0 -140 110 200 1 0 0 0 1 0 0 0 1 x451.dat
1 0 -80 110 200 1 0 0 0 1 0 0 0 1 x451.dat
1 0 -80 110 40 1 0 0 0 1 0 0 0 1 7.dat
1 0 -80 110 0 1 0 0 0 1 0 0 0 1 7.dat
1 0 -140 110 0 1 0 0 0 1 0 0 0 1 7.dat
1 0 -140 110 40 1 0 0 0 1 0 0 0 1 7.dat
1 14 -110 0 250 -1 0 0 0 1 0 0 0 -1 3037.dat
1 14 -80 24 280 0 0 1 0 1 0 -1 0 0 3008.dat
1 0 -120 0 330 0 0 1 0 1 0 -1 0 0 3062A.dat
1 14 -140 24 280 0 0 1 0 1 0 -1 0 0 3008.dat
1 14 -110 24 320 0 0 1 0 1 0 -1 0 0 3001.dat
1 4 -110 42 190 -1 0 0 0 1 0 0 0 -1 3149.dat
1 4 -110 -10.538 171.561 1 0 0 0 -0.258819 -0.965925 0 0.965925 -0.258819 3315.dat
1 4 -110 -88.154 151.068 -1 0 0 0 -0.258819 0.965925 0 0.965925 0.258819 3315.dat
1 4 -110 -51.691 168.679 0 0 1 0.965925 -0.258819 0 0.258819 0.965925 0 3034.dat
1 14 -110 32 240 0 0 1 0 1 0 -1 0 0 3020.dat
1 14 -110 24 240 0 0 1 0 1 0 -1 0 0 3020.dat
1 0 -110 56 220 0 0 -1 0 1 0 1 0 0 3404c02.dat
1 4 -90 56 30 0 0 -1 0 1 0 1 0 0 3002.dat
1 4 -110 80 160 0 0 -1 0 1 0 1 0 0 3029.dat
1 4 -110 42 190 1 0 0 0 1 0 0 0 1 313.dat
1 4 -110 -143.087 140.673 1 0 0 0 0.965926 0.258819 0 -0.258819 0.965926 3149.dat
1 4 -110 -150.279 90.261 0 0 -1 0.258819 0.965926 0 0.965926 -0.258819 0 3491.dat
1 4 -110 -143.3 140.706 1 0 0 0 0.965926 -0.258819 0 0.258819 0.965926 313.dat
1 14 -110 -85.179 35.573 1 0 0 0 1 0 0 0 1 3492C01.dat
0
