0
1  0 0 8 0 1 0 0 0 1 0 0 0 1 3031.dat
1  0 0 8 100 1 0 0 0 1 0 0 0 1 3032.dat
1  4 0 -16 60 0 0 -1 0 1 0 1 0 0 2456.dat
1  0 0 -16 -10 1 0 0 0 1 0 0 0 1 3037.dat
1  0 0 -16 130 -1 0 0 0 1 0 0 0 -1 3297.dat
1  0 -30 -16 20 0 0 1 0 1 0 -1 0 0 2458.dat
1  0 30 -16 20 0 0 -1 0 1 0 1 0 0 2458.dat
1  0 40 -16 80 1 0 0 0 1 0 0 0 1 4730.dat
1  0 -40 -16 80 -1 0 0 0 1 0 0 0 -1 4730.dat
1  0 -50 -16 140 0 0 -1 0 1 0 1 0 0 2744.dat
1  0 50 -16 140 0 0 -1 0 1 0 1 0 0 2744.dat
1  7 60 -6 140 -1 0 0 0 1 0 0 0 -1 3673.dat
1  7 -60 -6 140 -1 0 0 0 1 0 0 0 -1 3673.dat
1  0 0 -40 10 1 0 0 0 1 0 0 0 1 3037.dat
1  0 -20 -40 50 0 0 -1 0 1 0 1 0 0 3002.dat
1  0 20 -40 50 0 0 -1 0 1 0 1 0 0 3002.dat
1  0 50 -40 90 0 0 -1 0 1 0 1 0 0 3622.dat
1  0 -50 -40 90 0 0 -1 0 1 0 1 0 0 3622.dat
1  0 0 -40 130 -1 0 0 0 1 0 0 0 -1 3009.dat
1  8 0 -48 120 -1 0 0 0 1 0 0 0 -1 3795.dat
1  8 0 -48 80 -1 0 0 0 1 0 0 0 -1 3795.dat
1  8 0 -48 30 1 0 0 0 1 0 0 0 1 2419.dat
1  4 0 -56 20 1 0 0 0 1 0 0 0 1 3068B.dat
1  0 40 -72 60 1 0 0 0 1 0 0 0 1 4730.dat
1  0 -40 -72 60 -1 0 0 0 1 0 0 0 -1 4730.dat
1  0 50 -72 120 0 0 -1 0 1 0 1 0 0 2458.dat
1  0 -50 -72 120 0 0 1 0 1 0 -1 0 0 2458.dat
1  0 -30 -72 30 1 0 0 0 1 0 0 0 1 3040B.dat
1  0 30 -72 30 1 0 0 0 1 0 0 0 1 3040B.dat
1  4 0 -120 50 1 0 0 0 1 0 0 0 1 2362A.dat
1  4 40 -80 20 0 0 -1 0 1 0 1 0 0 2429.dat
1  4 40 -80 20 0 0 -1 0 1 0 1 0 0 2430.dat
1  4 -40 -80 20 0 0 1 0 1 0 -1 0 0 2430.dat
1  4 -40 -80 20 0 0 1 0 1 0 -1 0 0 2429.dat
1  0 -30 -88 40 0 0 1 0 1 0 -1 0 0 3023.dat
1  0 30 -88 40 0 0 1 0 1 0 -1 0 0 3023.dat
1  0 30 -88 10 0 0 1 0 1 0 -1 0 0 3024.dat
1  0 -30 -88 10 0 0 1 0 1 0 -1 0 0 3024.dat
1  0 30 -88 -10 0 0 1 0 1 0 -1 0 0 6019.dat
1  0 -30 -88 -10 0 0 -1 0 1 0 1 0 0 6019.dat
1  4 -30 -96 30 0 0 -1 0 1 0 1 0 0 4073.dat
1  4 30 -96 30 0 0 -1 0 1 0 1 0 0 4073.dat
1  0 -30 -96 0 0 0 -1 0 1 0 1 0 0 3069BP21.dat
1  0 30 -96 0 0 0 1 0 1 0 -1 0 0 3069BP21.dat
1  0 50 -96 50 1 0 0 0 1 0 0 0 1 3665.dat
1  0 -50 -96 50 1 0 0 0 1 0 0 0 1 3665.dat
1  0 50 -144 100 0 0 1 0 1 0 -1 0 0 4215B.dat
1  0 -50 -144 100 0 0 -1 0 1 0 1 0 0 4215B.dat
1  4 50 -120 50 0 0 -1 0 1 0 1 0 0 3062B.dat
1  4 -50 -120 50 0 0 -1 0 1 0 1 0 0 3062B.dat
1  4 -40 -120 30 1 0 0 0 1 0 0 0 1 2877.dat
1  4 40 -120 30 1 0 0 0 1 0 0 0 1 2877.dat
1  4 0 -104 20 1 0 0 0 1 0 0 0 1 4345B.dat
1  0 0 -72 16 0 0 1 0 1 0 -1 0 0 3069BP28.dat
1  0 0 -80 16 0 0 1 0 1 0 -1 0 0 3069BP28.dat
1  0 0 -104 20 1 0 0 0 1 0 0 0 1 4346P68.dat
1  0 0 -112 20 1 0 0 0 1 0 0 0 1 2609.dat
1  0 0 -119 20 -1 0 0 0 0 -1 0 -1 0 73092.dat
1  0 50 -144 50 1 0 0 0 1 0 0 0 1 3040B.dat
1  0 -50 -144 50 1 0 0 0 1 0 0 0 1 3040B.dat
1  0 -30 -128 50 0 0 1 0 1 0 -1 0 0 2420.dat
1  0 30 -128 50 -1 0 0 0 1 0 0 0 -1 2420.dat
1  4 0 -136 40 1 0 0 0 1 0 0 0 1 3020.dat
1  0 -50 -152 130 0 0 1 0 1 0 -1 0 0 4081B.dat
1  0 50 -152 130 0 0 -1 0 1 0 1 0 0 4081B.dat
1  8 0 -152 100 -1 0 0 0 1 0 0 0 -1 3795.dat
1  0 0 -144 50 -1 0 0 0 1 0 0 0 -1 3710.dat
1  0 0 -144 30 -1 0 0 0 1 0 0 0 -1 3023.dat
1  0 -70 -143.5 154 0 0 1 -1 0 0 0 -1 0 4360.dat
1  8 0 -152 50 1 0 0 0 1 0 0 0 1 2419.dat
1  0 -30 -160 110 -1 0 0 0 1 0 0 0 -1 4073.dat
1  0 30 -160 110 -1 0 0 0 1 0 0 0 -1 4073.dat
1  0 0 -160 110 -1 0 0 0 1 0 0 0 -1 2540.dat
1  0 30 -176 50 0 0 -1 0 1 0 1 0 0 3665.dat
1  0 -30 -176 50 0 0 1 0 1 0 -1 0 0 3665.dat
1  4 0 -168 110 -1 0 0 0 1 0 0 0 -1 2431.dat
1  8 0 -158 130 1 0 0 0 0.1218694 0.9925461 0 -0.9925461 0.1218694 6020.dat
1  0 10 -176 30 0 0 -1 0 1 0 1 0 0 3665.dat
1  0 -10 -176 30 0 0 1 0 1 0 -1 0 0 3665.dat
1  0 -50 -176 80 0 0 1 0 1 0 -1 0 0 3660.dat
1  0 -50 -176 120 0 0 1 0 1 0 -1 0 0 3660.dat
1  0 50 -176 80 0 0 -1 0 1 0 1 0 0 3660.dat
1  0 50 -176 120 0 0 -1 0 1 0 1 0 0 3660.dat
1  4 0 -184 50 -1 0 0 0 1 0 0 0 -1 2431.dat
1  4 -50 -184 100 0 0 1 0 1 0 -1 0 0 2431.dat
1  4 50 -184 100 0 0 1 0 1 0 -1 0 0 2431.dat
1  4 0 -200 30 1 0 0 0 1 0 0 0 1 3004.dat
1  4 -70 -200 100 0 0 -1 0 1 0 1 0 0 3004.dat
1  4 70 -200 100 0 0 -1 0 1 0 1 0 0 3004.dat
1  4 -50 -200 50 0 0 1 0 1 0 -1 0 0 2462.dat
1  4 50 -200 50 1 0 0 0 1 0 0 0 1 2462.dat
1  0 70 -224 100 0 0 -1 0 1 0 1 0 0 3010.dat
1  0 -70 -224 100 0 0 -1 0 1 0 1 0 0 3010.dat
1  0 -50 -224 50 -1 0 0 0 1 0 0 0 -1 2357.dat
1  0 50 -224 50 0 0 1 0 1 0 -1 0 0 2357.dat
1  0 70 -216 150 -1 0 0 0 1 0 0 0 -1 4735.dat
1  0 -70 -216 150 -1 0 0 0 1 0 0 0 -1 4735.dat
1  4 -70 -224 150 -1 0 0 0 1 0 0 0 -1 4073.dat
1  4 70 -224 150 -1 0 0 0 1 0 0 0 -1 4073.dat
1  4 50 -248 30 0 0 -1 0 1 0 1 0 0 3062B.dat
1  4 -50 -248 30 0 0 -1 0 1 0 1 0 0 3062B.dat
1  0 70 -248 50 0 0 -1 0 1 0 1 0 0 2357.dat
1  0 -70 -248 50 1 0 0 0 1 0 0 0 1 2357.dat
1  0 70 -248 120 0 0 -1 0 1 0 1 0 0 3010.dat
1  0 -70 -248 120 0 0 -1 0 1 0 1 0 0 3010.dat
1  0 70 -272 130 0 0 -1 0 1 0 1 0 0 3622.dat
1  0 -70 -272 130 0 0 -1 0 1 0 1 0 0 3622.dat
1  0 -70 -272 80 0 0 -1 0 1 0 1 0 0 3004.dat
1  0 70 -272 80 0 0 -1 0 1 0 1 0 0 3004.dat
1  4 0 -272 50 -1 0 0 0 1 0 0 0 -1 3455.dat
1  0 0 -272 30 1 0 0 0 1 0 0 0 1 4215B.dat
1  4 -50 -272 30 0 0 -1 0 1 0 1 0 0 3062B.dat
1  4 50 -272 30 0 0 -1 0 1 0 1 0 0 3062B.dat
1  0 -70 -272 50 1 0 0 0 1 0 0 0 1 3665.dat
1  0 70 -272 50 1 0 0 0 1 0 0 0 1 3665.dat
1  4 70 -296 130 0 0 -1 0 1 0 1 0 0 3062B.dat
1  4 70 -296 70 0 0 -1 0 1 0 1 0 0 3062B.dat
1  4 -70 -296 130 0 0 -1 0 1 0 1 0 0 3062B.dat
1  4 -70 -296 70 0 0 -1 0 1 0 1 0 0 3062B.dat
1  4 70 -200 130 -1 0 0 0 1 0 0 0 -1 3665.dat
1  4 -70 -200 130 -1 0 0 0 1 0 0 0 -1 3665.dat
1  0 0 -296 50 1 0 0 0 1 0 0 0 1 3037.dat
1  0 -60 -296 40 1 0 0 0 1 0 0 0 1 3003.dat
1  0 60 -296 40 1 0 0 0 1 0 0 0 1 3003.dat
1  0 70 -296 150 0 0 1 0 1 0 -1 0 0 3665.dat
1  0 -70 -296 150 0 0 -1 0 1 0 1 0 0 3665.dat
1  0 70 -296 100 0 0 -1 0 1 0 1 0 0 3660.dat
1  0 -70 -296 100 0 0 1 0 1 0 -1 0 0 3660.dat
1  0 -70 -320 100 0 0 1 0 1 0 -1 0 0 3009.dat
1  0 70 -320 100 0 0 1 0 1 0 -1 0 0 3009.dat
1  0 0 -320 50 1 0 0 0 1 0 0 0 1 3009.dat
1  4 -50 -304 150 1 0 0 0 1 0 0 0 1 3024.dat
1  4 50 -304 150 1 0 0 0 1 0 0 0 1 3024.dat
1  0 0 -328 150 1 0 0 0 1 0 0 0 1 3455.dat
1  4 60 -320 30 1 0 0 0 1 0 0 0 1 2877.dat
1  4 -60 -320 30 1 0 0 0 1 0 0 0 1 2877.dat
1  0 90 -320 100 0 0 -1 0 1 0 1 0 0 3660.dat
1  0 -90 -320 100 0 0 1 0 1 0 -1 0 0 3660.dat
1  4 0 -328 50 1 0 0 0 1 0 0 0 1 3710.dat
1  8 -90 -328 100 0 0 1 0 1 0 -1 0 0 2419.dat
1  0 -70 -352 110 0 0 1 0 1 0 -1 0 0 6541.dat
1  0 -110 -352 110 0 0 1 0 1 0 -1 0 0 6541.dat
1  0 -80 -352 130 1 0 0 0 1 0 0 0 1 3004.dat
1  0 -90 -352 90 -1 0 0 0 1 0 0 0 -1 2357.dat
1  0 -80 -342 110 -1 0 0 0 1 0 0 0 -1 3707.dat
1  7 -50 -342 110 0 0 1 0 1 0 -1 0 0 4019.dat
1  7 -30 -342 110 0 0 1 0 1 0 -1 0 0 3713.dat
1  4 -70 -352 80 0 0 -1 0 1 0 1 0 0 3004.dat
1  4 -50 -328 30 0 0 -1 0 1 0 1 0 0 2420.dat
1  4 50 -328 30 1 0 0 0 1 0 0 0 1 2420.dat
1  8 90 -328 100 0 0 -1 0 1 0 1 0 0 2419.dat
1  0 70 -352 110 0 0 -1 0 1 0 1 0 0 6541.dat
1  0 110 -352 110 0 0 -1 0 1 0 1 0 0 6541.dat
1  0 80 -342 110 1 0 0 0 1 0 0 0 1 3707.dat
1  7 50 -342 110 0 0 -1 0 1 0 1 0 0 4019.dat
1  7 30 -342 110 0 0 -1 0 1 0 1 0 0 3713.dat
1  0 80 -352 130 1 0 0 0 1 0 0 0 1 3004.dat
1  4 70 -352 80 0 0 -1 0 1 0 1 0 0 3004.dat
1  0 90 -352 90 0 0 1 0 1 0 -1 0 0 2357.dat
1  0 0 -352 150 -1 0 0 0 1 0 0 0 -1 3008.dat
1  0 0 -352 50 -1 0 0 0 1 0 0 0 -1 3010.dat
1  0 -60 -352 50 1 0 0 0 1 0 0 0 1 3039.dat
1  0 60 -352 50 1 0 0 0 1 0 0 0 1 3039.dat
1  4 50 -360 50 1 0 0 0 1 0 0 0 1 3623.dat
1  4 -50 -360 50 1 0 0 0 1 0 0 0 1 3623.dat
1  4 0 -360 100 0 0 -1 0 1 0 1 0 0 3795.dat
1  4 -40 -360 150 -1 0 0 0 1 0 0 0 -1 3023.dat
1  4 40 -360 150 -1 0 0 0 1 0 0 0 -1 3023.dat
1  0 70 -376 70 0 0 -1 0 1 0 1 0 0 6541.dat
1  7 60 -366 70 -1 0 0 0 1 0 0 0 -1 3673.dat
1  0 -70 -376 70 0 0 -1 0 1 0 1 0 0 6541.dat
1  7 -60 -366 70 -1 0 0 0 1 0 0 0 -1 3673.dat
1  4 -70 -376 100 0 0 -1 0 1 0 1 0 0 3004.dat
1  4 70 -376 100 0 0 -1 0 1 0 1 0 0 3004.dat
1  0 70 -376 130 -1 0 0 0 1 0 0 0 -1 3040B.dat
1  0 -70 -376 130 -1 0 0 0 1 0 0 0 -1 3040B.dat
1  0 90 -376 100 0 0 -1 0 1 0 1 0 0 3039.dat
1  0 -90 -376 100 0 0 1 0 1 0 -1 0 0 3039.dat
1  4 90 -376 70 0 0 -1 0 1 0 1 0 0 3062B.dat
1  4 90 -376 130 0 0 -1 0 1 0 1 0 0 3062B.dat
1  4 -90 -376 130 0 0 -1 0 1 0 1 0 0 3062B.dat
1  4 -90 -376 70 0 0 -1 0 1 0 1 0 0 3062B.dat
1  0 60 -368 50 1 0 0 0 1 0 0 0 1 2412B.dat
1  0 -60 -368 50 1 0 0 0 1 0 0 0 1 2412B.dat
1  7 -50 -366.349 90 -1 0 0 0 -1 -0.0174524 0 -0.0174524 1 3651.dat
1  4 -50 -367.7801 171.997 -1 0 0 0 -0.0174524 1 0 1 0.0174524 3957.dat
1  7 50 -366.349 90 -1 0 0 0 -1 -0.0174524 0 -0.0174524 1 3651.dat
1  4 50 -367.7801 171.997 -1 0 0 0 -0.0174524 1 0 1 0.0174524 3957.dat
1  0 160 -305.2305 90.20101 0 0 -1 -0.7071068 0.7071068 0 0.7071068 0.7071068 0 4032.dat
1  0 160 -323.6153 85.95837 1 0 0 0 0.7071068 -0.7071068 0 0.7071068 0.7071068 3475B.dat
1  0 160 -302.4021 64.74517 0 0 1 0.7071068 0.7071068 0 -0.7071068 0.7071068 0 2444.dat
1  4 160 -322.201 73.23045 0 0 1 0.7071068 0.7071068 0 -0.7071068 0.7071068 0 3022.dat
1  4 160 -300.9879 52.01725 1 0 0 0 0.7071068 -0.7071068 0 0.7071068 0.7071068 3839B.dat
1  0 170 -313.7158 53.43146 0 0 -1 -0.7071068 0.7071068 0 0.7071068 0.7071068 0 2412B.dat
1  0 150 -313.7158 53.43146 0 0 -1 -0.7071068 0.7071068 0 0.7071068 0.7071068 0 2412B.dat
1  0 0 -384 70 1 0 0 0 1 0 0 0 1 3037.dat
1  0 0 -384 130 -1 0 0 0 1 0 0 0 -1 3037.dat
1  0 80 -384 100 0 0 -1 0 1 0 1 0 0 3020.dat
1  0 -80 -384 100 0 0 -1 0 1 0 1 0 0 3020.dat
1  0 -170 -313.7158 53.43147 0 0 -1 -0.7071067 0.7071068 0 0.7071068 0.7071067 0 2412B.dat
1  0 -160 -305.2305 90.20101 0 0 -1 -0.7071067 0.7071068 0 0.7071068 0.7071067 0 4032.dat
1  0 -160 -323.6153 85.95837 1 0 0 0 0.7071068 -0.7071067 0 0.7071067 0.7071068 3475B.dat
1  0 -160 -302.4021 64.74517 0 0 1 0.7071067 0.7071068 0 -0.7071068 0.7071067 0 2444.dat
1  4 -160 -322.201 73.23045 0 0 1 0.7071067 0.7071068 0 -0.7071068 0.7071067 0 3022.dat
1  4 -160 -300.9879 52.01725 1 0 0 0 0.7071068 -0.7071067 0 0.7071067 0.7071068 3839B.dat
1  0 -150 -313.7158 53.43147 0 0 -1 -0.7071067 0.7071068 0 0.7071068 0.7071067 0 2412B.dat
1  0 -160 -243.0051 39.28932 0 0 -1 -0.7071068 0.7071067 0 0.7071067 0.7071068 0 3020.dat
1  0 -146.9971 -189.7104 -14.00535 -0.3826834 0 -0.9238794 -0.6532814 0.7071067 0.270598 0.6532813 0.7071068 -0.270598 3021.dat
1  4 -140 -220.3777 5.348198 1 0 0 0 0.7071067 -0.7071068 0 0.7071068 0.7071067 2429.dat
1  4 -140 -220.3777 5.348198 -0.9238794 0 0.3826834 0.270598 0.7071067 0.6532814 -0.270598 0.7071068 -0.6532813 2430.dat
1  0 -139.3434 -182.3017 -32.72782 0.9238794 0 -0.3826833 -0.270598 0.7071067 -0.6532814 0.270598 0.7071068 0.6532813 3839B.dat
1  4 -160 -241.5909 26.5614 1 0 0 0 0.7071067 -0.7071068 0 0.7071068 0.7071067 3023.dat
1  4 -160 -274.1178 36.46089 0 0 -1 -0.7071068 0.7071067 0 0.7071067 0.7071068 0 4730.dat
1  8 -160 -240.1767 13.83348 1 0 0 0 0.7071067 -0.7071068 0 0.7071068 0.7071067 4859.dat
1  0 -154.6508 -214.0898 -12.25343 -0.9238794 0 0.3826834 0.270598 0.7071067 0.6532814 -0.270598 0.7071068 -0.6532813 3023.dat
1  0 -135.5166 -181.4257 -44.9175 0.3826833 0 0.9238793 0.6532813 0.7071067 -0.2705979 -0.6532813 0.7071068 0.2705979 2444.dat
1  0 -160 -245.8335 8.176624 1 0 0 0 0.7071067 -0.7071068 0 0.7071068 0.7071067 3022.dat
1  0 -143.1703 -200.1482 -37.50871 0.3826834 0 0.9238794 0.6532814 0.7071067 -0.270598 -0.6532813 0.7071068 0.270598 3020.dat
1  0 -160 -286.8457 37.8751 -1 0 0 0 0.7071067 0.7071068 0 0.7071068 -0.7071067 2412B.dat
1  4 -140 -237.3482 -11.62236 -0.9238794 0 0.3826834 0.270598 0.7071067 0.6532814 -0.270598 0.7071068 -0.6532813 2430.dat
1  4 -140 -237.3482 -11.62236 1 0 0 0 0.7071067 -0.7071068 0 0.7071068 0.7071067 2429.dat
1  4 -139.3434 -199.2722 -49.69838 0.9238793 0 -0.3826834 -0.270598 0.7071067 -0.6532813 0.270598 0.7071068 0.6532813 3794.dat
1  4 -131.6898 -186.2066 -62.76401 0.9238793 0 -0.3826834 -0.270598 0.7071067 -0.6532813 0.270598 0.7071068 0.6532813 3794.dat
1  42 -156.476 -159.2644 -47.27979 0.9238794 0.3826833 0 -0.270598 0.6532814 0.7071067 0.270598 -0.6532813 0.7071068 4589.dat
1  42 -108.4342 -173.3355 -33.2087 0.9238794 0.3826833 0 -0.270598 0.6532814 0.7071067 0.270598 -0.6532813 0.7071068 4589.dat
1  0 -127.8629 -161.289 -50.91205 0.3826833 0 -0.9238793 0.6532813 -0.7071067 0.2705979 -0.6532813 -0.7071068 -0.2705979 3673.dat
1  4 -124.0361 -161.8273 -64.51594 0.9238793 0 -0.3826833 -0.2705979 0.7071067 -0.6532813 0.2705979 0.7071068 0.6532813 2607.dat
1  0 -113.7037 -137.8247 -75.79057 0.9238793 -0.3826833 0 -0.2705979 -0.6532813 -0.7071067 0.2705979 0.6532813 -0.7071068 73092.dat
1  0 -160 -265.6325 16.6619 -1 0 0 0 0.7071067 0.7071068 0 0.7071068 -0.7071067 3068BP51.dat
1  0 -135.5166 -204.0531 -67.54491 -0.923879 0 0.3826834 0.2705979 0.7071067 0.6532813 -0.2705979 0.7071068 -0.6532813 4595.dat
1  0 160 -243.0051 39.28932 0 0 -1 -0.7071068 0.7071067 0 0.7071067 0.7071068 0 3020.dat
1  0 146.9971 -189.7104 -14.00536 0.3826834 0 -0.9238794 -0.6532814 0.7071067 -0.270598 0.6532813 0.7071068 0.270598 3021.dat
1  4 140 -220.3777 5.348198 -0.9238794 0 -0.3826834 -0.270598 0.7071067 0.6532814 0.270598 0.7071068 -0.6532813 2429.dat
1  4 140 -220.3777 5.348198 1 0 0 0 0.7071067 -0.7071068 0 0.7071068 0.7071067 2430.dat
1  0 139.3434 -182.3017 -32.72784 0.9238794 0 0.3826834 0.270598 0.7071067 -0.6532814 -0.270598 0.7071068 0.6532813 3839B.dat
1  42 156.476 -159.2644 -47.27981 0.9238794 -0.3826834 0 0.270598 0.6532814 0.7071067 -0.270598 -0.6532813 0.7071068 4589.dat
1  42 108.4343 -173.3355 -33.20872 0.9238794 -0.3826834 0 0.270598 0.6532814 0.7071067 -0.270598 -0.6532813 0.7071068 4589.dat
1  4 160 -274.1178 36.46089 0 0 -1 -0.7071068 0.7071067 0 0.7071067 0.7071068 0 4730.dat
1  4 160 -241.5909 26.5614 1 0 0 0 0.7071067 -0.7071068 0 0.7071068 0.7071067 3023.dat
1  8 160 -240.1767 13.83348 1 0 0 0 0.7071067 -0.7071068 0 0.7071068 0.7071067 4859.dat
1  0 154.6508 -214.0898 -12.25343 0.9238794 0 0.3826834 0.270598 0.7071067 -0.6532814 -0.270598 0.7071068 0.6532813 3023.dat
1  0 135.5166 -181.4257 -44.91751 -0.3826834 0 0.9238794 0.6532814 0.7071067 0.270598 -0.6532813 0.7071068 -0.270598 2444.dat
1  0 143.1703 -200.1482 -37.50874 -0.3826834 0 0.9238794 0.6532814 0.7071067 0.270598 -0.6532813 0.7071068 -0.270598 3020.dat
1  0 127.0976 -159.9824 -52.21864 0.9238793 0 -0.3826834 0.270598 -0.7071067 0.6532813 -0.270598 -0.7071068 -0.6532812 6048.dat
1  0 114.0863 -136.3566 -73.01598 0 0.9238794 0.3826834 -0.7071067 0.2705981 -0.6532812 -0.7071068 -0.2705981 0.6532811 4221.dat
1  0 114.0863 -136.3566 -73.01598 0 0.9238793 0.3826832 -0.7071067 0.270598 -0.6532812 -0.7071068 -0.270598 0.6532811 4220.dat
1  0 114.0863 -136.3566 -73.01603 0 -0.9238794 0.3826833 0.7071067 -0.2705981 -0.6532811 0.7071068 0.2705981 0.653281 4221.dat
1  0 160 -245.8335 8.176624 1 0 0 0 0.7071067 -0.7071068 0 0.7071068 0.7071067 3022.dat
1  0 160 -286.8457 37.87511 -1 0 0 0 0.7071067 0.7071068 0 0.7071068 -0.7071067 2412B.dat
1  0 160 -265.6325 16.66191 -1 0 0 0 0.7071067 0.7071068 0 0.7071068 -0.7071067 3068BP51.dat
1  4 140 -237.3482 -11.62236 1 0 0 0 0.7071067 -0.7071068 0 0.7071068 0.7071067 2430.dat
1  4 140 -237.3482 -11.62236 -0.9238794 0 -0.3826834 -0.270598 0.7071067 0.6532814 0.270598 0.7071068 -0.6532813 2429.dat
1  4 139.3434 -199.2722 -49.6984 0.9238793 0 0.3826833 0.270598 0.7071066 -0.6532814 -0.270598 0.7071067 0.6532813 3794.dat
1  4 131.6898 -186.2066 -62.76403 0.9238793 0 0.3826833 0.270598 0.7071066 -0.6532814 -0.270598 0.7071067 0.6532813 3794.dat
1  0 135.5166 -204.0531 -67.54492 -0.9238796 0 -0.3826833 -0.2705981 0.7071067 0.6532813 0.270598 0.7071068 -0.6532813 4595.dat
1  0 0 -392 100 1 0 0 0 1 0 0 0 1 3035.dat
1  4 90 -392 100 0 0 -1 0 1 0 1 0 0 2412B.dat
1  4 -90 -392 100 0 0 -1 0 1 0 1 0 0 2412B.dat
1  0 0 -416 100 1 0 0 0 1 0 0 0 1 3403.dat
1  0 0 -416 100 1 0 0 0 1 0 0 0 1 3404.dat
1  4 0 -424 110 1 0 0 0 1 0 0 0 1 2431.dat
1  4 0 -424 90 1 0 0 0 1 0 0 0 1 2431.dat
1  4 0 -424 70 1 0 0 0 1 0 0 0 1 3710.dat
1  4 0 -424 130 1 0 0 0 1 0 0 0 1 3710.dat
1  8 30 -432 100 0 0 -1 0 1 0 1 0 0 2419.dat
1  8 -30 -432 100 0 0 1 0 1 0 -1 0 0 2419.dat
1  4 0 -440 100 1 0 0 0 1 0 0 0 1 3795.dat
1  42 10 -424 50 1 0 0 0 1 0 0 0 1 4073.dat
1  42 -10 -424 50 1 0 0 0 1 0 0 0 1 4073.dat
1  42 50 -424 90 1 0 0 0 1 0 0 0 1 4073.dat
1  42 50 -424 110 1 0 0 0 1 0 0 0 1 4073.dat
1  42 10 -424 150 1 0 0 0 1 0 0 0 1 4073.dat
1  42 -10 -424 150 1 0 0 0 1 0 0 0 1 4073.dat
1  42 -50 -424 110 1 0 0 0 1 0 0 0 1 4073.dat
1  42 -50 -424 90 1 0 0 0 1 0 0 0 1 4073.dat
1  0 -50 -464 100 0 0 -1 0 1 0 1 0 0 3700.dat
1  0 50 -464 100 0 0 -1 0 1 0 1 0 0 3700.dat
1  0 0 -456 150 -1 0 0 0 1 0 0 0 -1 3660.dat
1  0 0 -456 50 1 0 0 0 1 0 0 0 1 3660.dat
1  4 -50 -472 100 0 0 -1 0 1 0 1 0 0 3023.dat
1  4 50 -472 100 0 0 -1 0 1 0 1 0 0 3023.dat
1  0 -50 -456 50 1 0 0 0 1 0 0 0 1 2464.dat
1  0 -50 -456 150 0 0 1 0 1 0 -1 0 0 2464.dat
1  0 50 -456 150 -1 0 0 0 1 0 0 0 -1 2464.dat
1  0 50 -456 50 0 0 -1 0 1 0 1 0 0 2464.dat
1  8 -20 -480 50 -1 0 0 0 1 0 0 0 -1 3039PC5.dat
1  8 20 -480 50 -1 0 0 0 1 0 0 0 -1 3039P23.dat
1  0 -10 -480 150 0 0 -1 0 1 0 1 0 0 2357.dat
1  0 10 -480 150 1 0 0 0 1 0 0 0 1 2357.dat
1  0 70 -488 100 0 0 -1 0 1 0 1 0 0 3710.dat
1  0 -70 -488 100 0 0 -1 0 1 0 1 0 0 3710.dat
1  0 -50 -488 100 0 0 -1 0 1 0 1 0 0 3666.dat
1  0 50 -488 100 0 0 -1 0 1 0 1 0 0 3666.dat
1  0 0 -488 40 -1 0 0 0 1 0 0 0 -1 3020.dat
1  4 0 -480 30 1 0 0 0 1 0 0 0 1 2877.dat
1  4 -30 -488 170 -1 0 0 0 1 0 0 0 -1 4085C.dat
1  4 30 -488 170 -1 0 0 0 1 0 0 0 -1 4085C.dat
1  4 30 -504 150 0 0 -1 0 1 0 1 0 0 3062B.dat
1  4 -30 -504 150 0 0 -1 0 1 0 1 0 0 3062B.dat
1  0 0 -504 160 0 0 -1 0 1 0 1 0 0 3003.dat
1  0 50 -512 150 0 0 -1 0 1 0 1 0 0 2462.dat
1  0 -50 -512 150 -1 0 0 0 1 0 0 0 -1 2462.dat
1  4 0 -484 180 -1 0 0 0 0 1 0 1 0 3956.dat
1  0 0 -484 188 -1 0 0 0 0 1 0 1 0 4591.dat
1  0 -30 -512 150 0 0 -1 0 1 0 1 0 0 3024.dat
1  0 30 -512 150 0 0 -1 0 1 0 1 0 0 3024.dat
1  0 50 -512 130 1 0 0 0 1 0 0 0 1 4286.dat
1  0 -50 -512 130 1 0 0 0 1 0 0 0 1 4286.dat
1  4 0 -520 160 1 0 0 0 1 0 0 0 1 3020.dat
1  4 50 -520 140 0 0 -1 0 1 0 1 0 0 2412B.dat
1  4 -50 -520 140 0 0 -1 0 1 0 1 0 0 2412B.dat
1  0 0 -528 160 1 0 0 0 1 0 0 0 1 3020.dat
1  0 0 -536 170 1 0 0 0 1 0 0 0 1 3710.dat
1  0 0 -536 150 1 0 0 0 1 0 0 0 1 4315.dat
1  36 0 -532 136 1 0 0 0 1 0 0 0 1 4474.dat
1  42 30 -478 190 -1 0 0 0 1 0 0 0 -1 2569.dat
1  42 -30 -478 190 -1 0 0 0 1 0 0 0 -1 2569.dat
1  0 0 -544 160 1 0 0 0 1 0 0 0 1 3068BP51.dat
1  0 70 -6 140 0 0 -1 0 1 0 1 0 0 6118.dat
1  0 70 -6 80 0 0 -1 0 1 0 1 0 0 6118.dat
1  0 50 -6 20 0 0 -1 0 1 0 1 0 0 6118.dat
1  0 70 -62 60 0 0 -1 0 1 0 1 0 0 6118.dat
1  0 70 -62 120 0 0 -1 0 1 0 1 0 0 6118.dat
1  0 -70 -62 120 0 0 1 0 1 0 -1 0 0 6118.dat
1  0 -70 -62 60 0 0 1 0 1 0 -1 0 0 6118.dat
1  0 -70 -6 140 0 0 1 0 1 0 -1 0 0 6118.dat
1  0 -70 -6 80 0 0 1 0 1 0 -1 0 0 6118.dat
1  0 -50 -6 20 0 0 1 0 1 0 -1 0 0 6118.dat
1  0 30 -200 104 0 0 -1 0 1 0 1 0 0 2419.dat
1  0 -30 -200 104 0 0 1 0 1 0 -1 0 0 2419.dat
1  8 0 -208 104 1 0 0 0 1 0 0 0 1 3795.dat
1  8 0 -208 144 1 0 0 0 1 0 0 0 1 4859.dat
1  8 160 -310.8873 84.54416 -1 0 0 0 0.7071068 0.7071068 0 0.7071068 -0.7071068 4859.dat
1  8 -160 -310.8873 84.54416 -1 0 0 0 0.7071068 0.7071067 0 0.7071067 -0.7071068 4859.dat
1  4 0 -208 74 1 0 0 0 1 0 0 0 1 3023.dat
1  4 0 -192 74 1 0 0 0 1 0 0 0 1 3710.dat
1  4 0 -192 134 1 0 0 0 1 0 0 0 1 3710.dat
1  42 -50 -192 114 1 0 0 0 1 0 0 0 1 4073.dat
1  42 -50 -192 94 1 0 0 0 1 0 0 0 1 4073.dat
1  42 50 -192 114 1 0 0 0 1 0 0 0 1 4073.dat
1  42 50 -192 94 1 0 0 0 1 0 0 0 1 4073.dat
1  0 0 -216 94 -1 0 0 0 1 0 0 0 -1 4598.dat
1  4 40 -216 94 -1 0 0 0 1 0 0 0 -1 3794.dat
1  4 40 -216 114 -1 0 0 0 1 0 0 0 -1 3794.dat
1  4 -40 -216 94 -1 0 0 0 1 0 0 0 -1 3794.dat
1  4 -40 -216 114 -1 0 0 0 1 0 0 0 -1 3794.dat
1  0 -40 -232 104 1 0 0 0 1 0 0 0 1 4595.dat
1  0 40 -232 104 1 0 0 0 1 0 0 0 1 4595.dat
1  42 40 -222 148 1 0 0 0 0 1 0 -1 0 4589.dat
1  42 -40 -222 148 1 0 0 0 0 1 0 -1 0 4589.dat
1  36 -40 -222 68 1 0 0 0 0 1 0 -1 0 4740.dat
1  36 40 -222 68 1 0 0 0 0 1 0 -1 0 4740.dat
1  0 0 -232 134 -1 0 0 0 1 0 0 0 -1 3039.dat
1  0 0 -240 134 1 0 0 0 1 0 0 0 1 3069BP28.dat
1  36 0 -236 60 -1 0 0 0 0 -1 0 -1 0 4740.dat
1  14 76 -73 -119 1 0 0 0 1 0 0 0 1 3626BP69.dat
1  0 -82 -73 -118 1 0 0 0 1 0 0 0 1 3626BP63.dat
1  14 -3 -73 -118 1 0 0 0 1 0 0 0 1 3626BPA5.dat
1  4 -82 -17 -118 1 0 0 0 1 0 0 0 1 970P63.dat
1  4 -82 -5 -118 1 0 0 0 1 0 0 0 1 971P63.dat
1  4 -82 -5 -118 1 0 0 0 1 0 0 0 1 972P63.dat
1  4 -82 -49 -118 1 0 0 0 1 0 0 0 1 973P63.dat
1  1 -3 -49 -118 1 0 0 0 1 0 0 0 1 973P66.dat
1  4 -3 -17 -118 1 0 0 0 1 0 0 0 1 3815.dat
1  0 -3 -5 -118 1 0 0 0 1 0 0 0 1 3816.dat
1  0 -3 -5 -118 1 0 0 0 1 0 0 0 1 3817.dat
1  47 -82 -73 -118 1 0 0 0 1 0 0 0 1 2446.dat
1  0 -66.39961 -40.0359 -118 0.9848068 0.1736519 0 -0.1736519 0.9848068 0 0 0 1 3819.dat
1  0 -97.6004 -40.0359 -118 0.9848069 -0.1736516 0 0.1736516 0.9848069 0 0 0 1 3818.dat
1  4 -105.8238 -22.19282 -127.2894 0.9848069 -0.1227902 0.1227902 0.1736516 0.6963634 -0.6963634 0 0.7071064 0.7071065 3820.dat
1  4 -58.1762 -22.19282 -127.2893 0.9911674 -0.05008873 -0.1227905 -0.05008873 0.7159387 -0.6963634 0.1227905 0.6963634 0.7071065 3820.dat
1  0 12.60038 -40.0359 -118 0.9848069 0.173652 0 -0.173652 0.9848069 0 0 0 1 3819.dat
1  4 20.8238 -22.19282 -127.2894 0.9911675 -0.05008874 -0.1227905 -0.05008873 0.7159387 -0.6963635 0.1227905 0.6963634 0.7071065 3820.dat
1  0 -18.60043 -40.0359 -118 0.984807 -0.1736516 0 0.1736516 0.984807 0 0 0 1 3818.dat
1  4 -26.82384 -22.19282 -127.2894 0.984807 -0.1227902 0.1227902 0.1736516 0.6963635 -0.6963635 0 0.7071065 0.7071065 3820.dat
1  1 76 -49 -119 1 0 0 0 1 0 0 0 1 973P66.dat
1  4 76 -17 -119 1 0 0 0 1 0 0 0 1 3815.dat
1  0 76 -5 -119 1 0 0 0 1 0 0 0 1 3816.dat
1  0 76 -5 -119 1 0 0 0 1 0 0 0 1 3817.dat
1  0 91.60037 -40.0359 -119 0.9848068 0.1736519 0 -0.1736519 0.9848068 0 0 0 1 3819.dat
1  0 60.39957 -40.0359 -119 0.9848069 -0.1736516 0 0.1736516 0.9848069 0 0 0 1 3818.dat
1  4 99.82379 -22.19282 -128.2893 0.9911674 -0.05008873 -0.1227905 -0.05008873 0.7159387 -0.6963634 0.1227905 0.6963634 0.7071065 3820.dat
1  4 52.17615 -22.19282 -128.2894 0.9848069 -0.1227902 0.1227902 0.1736516 0.6963634 -0.6963634 0 0.7071064 0.7071065 3820.dat
1  4 -3 -73 -118 1 0 0 0 1 0 0 0 1 2446.dat
1  4 76 -73 -119 1 0 0 0 1 0 0 0 1 2446.dat
1  42 -3 -73 -118 1 0 0 0 1 0 0 0 1 2447.dat
1  0 -3 -53 -118 1 0 0 0 1 0 0 0 1 3838.dat
1  0 76 -53 -119 1 0 0 0 1 0 0 0 1 3838.dat
1  42 76 -73 -119 1 0 0 0 1 0 0 0 1 2447.dat
0 WORLD  673.8994 163.3772 -556.6953 0.9749181 0.05332227 0.2160344 0.1010568 0.7588495 -0.643357 -0.198246 0.6490593 0.7344463
0 CENTRE  0 0 0
0 LOOKAT  644 10 0
0 ZOOM  64
