0 FILE untitled model.ldr
0 untitled model
0 Name: 
0 Author: 
0 Unofficial Model
1 47 -50 -8 -50 0 0 1 0 1 0 -1 0 0 3960.dat
1 47 -60 -28 -50 0 1 -0 0 0 1 1 -0 0 30359a.dat
1 6 -50 -132 -50 0 0 1 -0 -1 0 1 -0 0 892.dat
1 6 -60 -178 -50 -0 1 -0 -1 -0 0 0 0 1 4733.dat
1 6 -50 -196 -50 1 0 -0 -0 1 -0 0 0 1 2555.dat
1 6 -70 -212 -40 0 0 1 -0 1 -0 -1 -0 0 2555.dat
1 6 -70 -212 -60 0 0 1 -0 1 -0 -1 -0 0 2555.dat
1 6 -68 -148 -50 -0 1 -0 -1 -0 0 0 0 1 3710.dat
1 6 -76 -158 -50 -0 1 -0 -1 -0 0 0 0 1 3623.dat
1 8 -70 -204 -50 -0 -0 -1 -0 1 -0 1 0 -0 2540.dat
1 8 -134 -218 -60 -0 1 0 -1 -0 0 0 -0 1 30374.dat
1 8 -134 -218 -40 -0 1 0 -1 -0 0 0 -0 1 30374.dat
1 8 -50 -178 -74 -0 0 -1 -1 -0 0 -0 1 0 4349.dat
1 8 -50 -178 -28 -0 0 -1 1 0 -0 0 -1 -0 4349.dat
1 19 -13.346443 -224 -51.222183 0 0 1 0 1 0 -1 0 0 30378.dat
1 19 -13.346443 -192 -51.222183 0 0 1 0 1 0 -1 0 0 30375.dat
1 19 -13.346451 -224 -66.177811 0 -0.707107 0.707107 0 0.707107 0.707107 -1 -0 0 30377.dat
1 19 -13.346443 -224 -35.377815 0 -0.707107 0.707107 0 0.707107 0.707107 -1 -0 0 30377.dat
1 19 -26.346443 -155 -51.222183 0 -0.34202 0.939692 0 0.939692 0.34202 -1 -0 0 30376.dat
1 47 0 -8 100 0 0 1 0 1 0 -1 0 0 3960.dat
1 47 -10 -28 100 0 1 -0 0 0 1 1 -0 0 30359a.dat
1 6 0 -132 100 0 0 1 -0 -1 0 1 -0 0 892.dat
1 6 -10 -178 100 -0 1 -0 -1 -0 0 0 0 1 4733.dat
1 6 0 -196 100 1 0 -0 -0 1 -0 0 0 1 2555.dat
1 6 -20 -212 110 0 0 1 -0 1 -0 -1 -0 0 2555.dat
1 6 -20 -212 90 0 0 1 -0 1 -0 -1 -0 0 2555.dat
1 6 -18 -148 100 -0 1 -0 -1 -0 0 0 0 1 3710.dat
1 6 -26 -158 100 -0 1 -0 -1 -0 0 0 0 1 3623.dat
1 8 -20 -204 100 -0 -0 -1 -0 1 -0 1 0 -0 2540.dat
1 8 -84 -218 90 -0 1 0 -1 -0 0 0 -0 1 30374.dat
1 8 -84 -218 110 -0 1 0 -1 -0 0 0 -0 1 30374.dat
1 8 0 -178 76 -0 0 -1 -1 -0 0 -0 1 0 4349.dat
1 8 0 -178 122 -0 0 -1 1 0 -0 0 -1 -0 4349.dat
1 19 36.653557 -224 98.777817 0 0 1 0 1 0 -1 0 0 30378.dat
1 19 36.653557 -192 98.777817 0 0 1 0 1 0 -1 0 0 30375.dat
1 19 36.653549 -224 83.822189 0 -0.707107 0.707107 0 0.707107 0.707107 -1 -0 0 30377.dat
1 19 36.653557 -224 114.622185 0 -0.707107 0.707107 0 0.707107 0.707107 -1 -0 0 30377.dat
1 19 23.653557 -155 98.777817 0 -0.34202 0.939692 0 0.939692 0.34202 -1 -0 0 30376.dat
0 STEP
1 1 -250 0 210 1 0 -0 0 1 0 0 0 1 3027.dat
1 6 -110 -24 230 0 0 1 0 1 0 -1 0 0 3001.dat
1 462 -160 -8 180 0 0 1 0 1 0 -1 0 0 4073.dat
1 6 -170 -24 250 1 0 -0 0 1 0 0 0 1 3001.dat
1 6 -370 -24 250 1 0 -0 0 1 0 0 0 1 3001.dat
1 6 -390 -24 190 -0 0 -1 0 1 0 1 0 -0 3001.dat
1 6 -350 -48 260 -1 0 -0 0 1 0 0 0 -1 3004.dat
1 6 -150 -48 260 -1 -0 -0 -0 1 -0 0 -0 -1 3004.dat
1 6 -150 -96 260 -1 -0 -0 -0 1 -0 0 -0 -1 3004.dat
1 8 -150 -96 240 1 0 0 -0 1 -0 -0 0 1 30237.dat
1 8 -400 -96 230 -0 0 1 -0 1 -0 -1 -0 -0 30237.dat
1 8 -160 -144 250 -0 0 1 -0 1 -0 -1 -0 -0 30237.dat
1 8 -390 -144 220 1 0 0 -0 1 -0 -0 0 1 30237.dat
1 6 -400 -48 230 0 -0 -1 -0 1 -0 1 0 0 3004.dat
1 6 -380 -96 230 0 -0 -1 0 1 -0 1 -0 0 3004.dat
1 6 -140 -144 250 0 -0 -1 0 1 -0 1 -0 0 3004.dat
1 6 -390 -144 240 1 -0 0 0 1 -0 -0 0 1 3004.dat
1 2 -380 -48 230 0 -0 -1 0 1 -0 1 -0 0 3010.dat
1 2 -150 -48 240 -1 0 -0 0 1 -0 0 -0 -1 3010.dat
1 2 -150 -72 250 -1 -0 -0 -0 1 -0 0 -0 -1 3003.dat
1 2 -150 -120 250 -1 -0 -0 -0 1 -0 0 -0 -1 3003.dat
1 2 -150 -168 250 -1 -0 -0 -0 1 -0 0 -0 -1 3003.dat
1 2 -70 -50 170 -0.707107 0 0.707107 -0 1 -0 -0.707107 -0 -0.707107 2488.dat
1 2 -310 -50 150 -0.707107 0 0.707107 -0 1 -0 -0.707107 -0 -0.707107 2488.dat
1 2 -280 -50 240 0 0 1 -0 1 -0 -1 -0 0 2488.dat
1 2 -390 -120 230 -1 -0 -0 -0 1 -0 0 -0 -1 3003.dat
1 2 -390 -168 230 -1 -0 -0 -0 1 -0 0 -0 -1 3003.dat
1 2 -390 -72 230 -1 -0 -0 -0 1 -0 0 -0 -1 3003.dat
1 2 -154 -122 220 1 0 0 0 -1 0 0 -0 -1 30093.dat
1 2 -384 -170 200 -1 -0 -0 0 -1 0 -0 0 1 30093.dat
1 2 -424 -122 226 0 0 1 0 -1 0 1 -0 -0 30093.dat
1 2 -184 -170 246 0 0 1 0 -1 0 1 -0 -0 30093.dat
1 6 -275.677826 -90 54.067558 0.707107 0 0.707107 0 1 0 -0.707107 0 0.707107 30114.dat
1 14 -275.677826 -90 54.067558 0.707107 0 0.707107 0 1 0 -0.707107 0 0.707107 3626BPS9.dat
1 6 -275.677826 -66 54.067558 0.707107 0 0.707107 0 1 0 -0.707107 0 0.707107 522.dat
1 19 -275.677826 -64 54.067558 0.707107 0 0.707107 0 1 0 -0.707107 0 0.707107 973PS6.dat
1 19 -264.788391 -56 43.17812 0.696808 0.120247 0.707107 -0.170055 0.985435 0 -0.696808 -0.120247 0.707107 3819.dat
1 14 -266.090698 -38.127014 30.338322 0.696808 0.585027 0.414973 -0.170055 0.696808 -0.696808 -0.696808 0.414973 0.585027 3820.dat
1 19 -286.567261 -56 64.957001 0.696808 -0.585027 0.414973 0.170055 0.696808 0.696808 -0.696808 -0.414973 0.585027 3818.dat
1 14 -305.316559 -50.579006 54.706287 0.696808 -0.120247 0.707107 0.170055 0.985435 0 -0.696808 0.120247 0.707107 3820.dat
1 35 -313.724884 -69.616142 41.651989 0.658478 0.066863 0.749624 0.18317 0.951857 -0.2458 -0.72997 0.299162 0.614529 577c01.dat
1 6 -275.677826 -32 54.067558 0.707107 0 0.707107 0 1 0 -0.707107 0 0.707107 970.dat
1 6 -275.677826 -20 54.067558 0.707107 0 0.707107 0 1 0 -0.707107 0 0.707107 3817.dat
1 6 -275.677826 -20 54.067558 0.707107 0 0.707107 0 1 0 -0.707107 0 0.707107 3816.dat
1 19 -157.766693 -88 -0.925068 0.707107 0 0.707107 0 1 0 -0.707107 0 0.707107 30114.dat
1 19 -157.766693 -88 -0.925068 0.707107 0 0.707107 0 1 0 -0.707107 0 0.707107 3626BPSB.dat
1 19 -157.766693 -64 -0.925068 0.707107 0 0.707107 0 1 0 -0.707107 0 0.707107 973PSV.dat
1 19 -146.877243 -56 -11.814507 0.696808 0.120247 0.707107 -0.170055 0.985435 0 -0.696808 -0.120247 0.707107 3819.dat
1 19 -148.179581 -38.127014 -24.654305 0.696808 0.585027 0.414973 -0.170055 0.696808 -0.696808 -0.696808 0.414973 0.585027 3820.dat
1 19 -168.656128 -56 9.964372 0.696808 -0.120247 0.707107 0.170055 0.985435 0 -0.696808 0.120247 0.707107 3818.dat
1 19 -181.495926 -38.127014 8.662035 0.696808 0.414973 0.585027 0.170055 0.696808 -0.696808 -0.696808 0.585027 0.414973 3820.dat
1 8 -157.766693 -32 -0.925068 0.707107 0 0.707107 0 1 0 -0.707107 0 0.707107 970.dat
1 8 -157.766693 -20 -0.925068 0.707107 0 0.707107 0 1 0 -0.707107 0 0.707107 3817.dat
1 8 -157.766693 -20 -0.925068 0.707107 0 0.707107 0 1 0 -0.707107 0 0.707107 3816.dat
0 STEP
0 NOFILE
0 FILE untitled minifigure.ldr
0 untitled model
0 Name: 
0 Author: 
0 Unofficial Model

0 NOFILE