0 FILE untitled model.ldr
0 untitled model
0 Name: 
0 Author: 
0 Unofficial Model
1 15 10 0 -90 1 0 0 0 1 0 -0 0 1 3031.dat
1 7 -10 -24 -90 1 0 0 0 1 0 -0 0 1 3003.dat
1 7 -10 -48 -90 1 0 0 0 1 0 -0 0 1 3003.dat
1 7 0 -72 -90 0 0 1 0 1 0 -1 0 0 3039.dat
1 7 20 -72 -100 1 0 -0 0 1 0 0 0 1 4460.dat
1 7 20 -72 -80 -1 0 0 0 1 0 -0 0 -1 4460.dat
1 0 10 -80 -90 -1 -0 0 -0 1 -0 -0 -0 -1 3680c01.dat
1 8 10 -88 -90 -1 -0 0 -0 1 -0 -0 -0 -1 3022.dat
1 15 0 -112 -90 0 0 1 -0 1 -0 -1 -0 0 3937.dat
1 15 10 -128 -90 0 -0 1 0 1 0 -1 -0 0 4150.dat
1 15 38 -92 -90 0 1 -0 0 -0 -1 -1 0 -0 4285a.dat
1 0 0 -112 -90 0 -0 1 0 1 0 -1 -0 0 6134.dat
1 7 30 -92 -90 0 1 -0 0 0 1 1 -0 0 3956.dat
1 8 46 -92 -90 -0 1 0 0 0 -1 -1 -0 -0 4740.dat
1 15 50 -92 -90 0 -1 0 0 0 1 -1 -0 -0 4095.dat
0 STEP
1 19 -270 0 0 0 0 -1 0 1 0 1 0 0 3027.dat
1 19 -270 0 170 -1 0 -0 0 1 0 0 0 -1 3666.dat
1 8 -230 -24 170 -1 -0 -0 -0 1 -0 0 -0 -1 2877.dat
1 8 -270 -48 70 -1 -0 -0 -0 1 -0 0 -0 -1 2877.dat
1 8 -270 -48 10 1 0 0 -0 1 -0 -0 0 1 2877.dat
1 8 -240 -72 40 0 -0 -1 -0 1 -0 1 0 0 2877.dat
1 8 -178.39299 -58.173615 40 -0.945519 -0.325568 -0 -0.325568 0.945519 -0 0 -0 -1 3002.dat
1 8 -361.132111 -59.320564 40 -0.951057 0.309017 -0 0.309017 0.951057 -0 0 -0 -1 3002.dat
1 8 -380.15332 -53.140205 70 -0.951057 0.309017 -0 0.309017 0.951057 -0 0 -0 -1 3062b.dat
1 8 -147.422897 -55.970718 0 -0 -0.325568 0.945519 -0 0.945519 0.325568 -1 -0 -0 30165.dat
1 8 -392.136017 -57.658455 0 -0 0.309017 0.951057 -0 0.951057 -0.309017 -1 -0 -0 30165.dat
1 8 -155.236542 -33.278271 -50 0.945519 -0.325568 -0 0.325568 0.945519 0 0 -0 1 3794.dat
1 8 -155.236542 -33.278271 -70 0.945519 -0.325568 -0 0.325568 0.945519 0 0 -0 1 3794.dat
1 8 -384.719696 -34.833107 -70 0.951057 0.309017 -0 -0.309017 0.951057 0 0 -0 1 3794.dat
1 8 -384.719696 -34.833107 -50 0.951057 0.309017 -0 -0.309017 0.951057 0 0 -0 1 3794.dat
1 8 -147.422897 -55.970718 -30 0.945519 -0.325568 -0 0.325568 0.945519 0 0 -0 1 3794.dat
1 8 -392.136017 -57.658455 -30 0.951057 0.309017 -0 -0.309017 0.951057 0 0 -0 1 3794.dat
1 8 -147.422897 -55.970718 30 0.945519 -0.325568 -0 0.325568 0.945519 0 0 -0 1 3794.dat
1 8 -392.136017 -57.658455 30 0.951057 0.309017 -0 -0.309017 0.951057 0 0 -0 1 3794.dat
1 8 -194.698822 -72.24913 40 -0 -0.325568 -0.945519 -0 0.945519 -0.325568 1 0 -0 2431.dat
1 8 -344.583099 -73.109337 40 -0 0.309017 -0.951057 0 0.951057 0.309017 1 0 -0 2431.dat
1 8 -144.818359 -63.534859 0 -0 -0.325568 -0.945519 -0 0.945519 -0.325568 1 0 -0 2431.dat
1 8 -394.608215 -65.26693 0 -0 0.309017 -0.951057 0 0.951057 0.309017 1 0 -0 2431.dat
1 8 -147.422897 -55.970718 -60 0.945519 -0.325568 0 0.325568 0.945519 0 -0 -0 1 30359a.dat
1 8 -392.136017 -57.658455 -60 0.951057 0.309017 0 -0.309017 0.951057 0 -0 -0 1 30359a.dat
1 19 -163.728729 -70.046219 60 0.945519 -0.325568 0 0.325568 0.945519 0 -0 -0 1 3068bps1.dat
1 19 -375.586975 -71.447273 60 0.951057 0.309017 0 -0.309017 0.951057 0 -0 -0 1 3068bps1.dat
1 19 -166.333328 -62.482071 70 -0.945519 -0.325568 -0 -0.325568 0.945519 0 0 0 -1 2436.dat
1 19 -373.114899 -63.838829 70 -0.951057 0.309017 -0 0.309017 0.951057 0 0 0 -1 2436.dat
1 0 -382.625427 -60.74868 50 -0.951057 0.309017 -0 0.309017 0.951057 0 0 0 -1 3024.dat
1 8 -159.482651 -51.662239 70 -0.945519 -0.325568 -0 -0.325568 0.945519 -0 0 -0 -1 3062b.dat
1 19 -155.236542 -33.278271 0 -0.945519 -0.325568 -0 -0.325568 0.945519 -0 0 -0 -1 3022.dat
1 19 -384.719696 -34.833107 0 -0.951057 0.309017 -0 0.309017 0.951057 -0 0 -0 -1 3022.dat
1 8 -300 -72 40 -0 0 1 -0 1 -0 -1 -0 -0 2877.dat
1 8 -290 -72 10 -1 0 0 0 1 0 -0 0 -1 30364.dat
1 8 -290 -72 70 -1 0 0 0 1 0 -0 0 -1 30364.dat
1 8 -250 -72 70 1 0 -0 0 1 0 0 -0 1 30364.dat
1 0 -270 -80 70 1 0 -0 0 1 0 0 -0 1 3023.dat
1 8 -320 -80 70 1 0 -0 0 1 0 0 -0 1 2420.dat
1 8 -220 -80 70 -0 0 -1 0 1 0 1 0 -0 2420.dat
1 8 -240 -112 70 -1 0 0 0 1 0 -0 0 -1 2420.dat
1 8 -270 -24 40 -1 -0 0 -0 1 -0 -0 -0 -1 3022.dat
1 8 -300 -112 70 0 -0 1 0 1 0 -1 0 0 2420.dat
1 8 -220 -80 120 0 0 -1 0 1 0 1 -0 0 3794.dat
1 8 -320 -80 120 0 0 -1 0 1 0 1 -0 0 3794.dat
1 8 -250 -72 10 1 0 -0 0 1 0 0 -0 1 30364.dat
1 7 -187.848206 -61.429298 10 -0.945519 -0.325568 0 -0.325568 0.945519 0 -0 0 -1 30365.dat
1 7 -351.621643 -62.410706 10 0.951057 0.309017 -0 -0.309017 0.951057 0 0 -0 1 30365.dat
1 7 -351.621643 -62.410706 70 0.951057 0.309017 -0 -0.309017 0.951057 0 0 -0 1 30365.dat
1 7 -202.512482 -49.556671 -80 0 -0.325568 0.945519 -0 0.945519 0.325568 -1 -0 0 4162.dat
1 7 -337.166718 -50.283997 -80 0 0.309017 0.951057 -0 0.951057 -0.309017 -1 -0 0 4162.dat
1 25 -137.967728 -52.715034 60 0 -0.325568 0.945519 0 0.945519 0.325568 -1 0 0 2412b.dat
1 25 -401.646606 -54.568321 60 0 0.309017 0.951057 -0 0.951057 -0.309017 -1 0 0 2412b.dat
1 25 -169.588959 -53.026901 92 0.945519 0 -0.325568 0.325568 -0 0.945519 0 -1 -0 2540.dat
1 25 -370.024689 -54.328255 92 0.951057 -0 0.309017 -0.309017 -0 0.951057 0 -1 -0 2540.dat
1 8 -357.183929 -79.529785 90 -0.309017 -0.951057 -0 -0.951057 0.309017 0 -0 0 -1 2335.dat
1 8 -144.167252 -65.425919 90 0.325568 -0.945519 -0 -0.945519 -0.325568 0 -0 0 -1 2335.dat
1 25 -169.588959 -53.026901 108 0.945519 0 -0.325568 0.325568 -0 0.945519 0 -1 -0 2412b.dat
1 25 -370.024689 -54.328255 108 0.951057 -0 0.309017 -0.309017 -0 0.951057 0 -1 -0 2412b.dat
1 8 -141.223419 -43.259857 92 0.945519 0 -0.325568 0.325568 -0 0.945519 0 -1 -0 4073.dat
1 8 -341.492981 -63.598801 92 0.951057 -0 0.309017 -0.309017 -0 0.951057 0 -1 -0 4073.dat
1 8 -398.556427 -45.057762 92 0.951057 -0 0.309017 -0.309017 -0 0.951057 0 -1 -0 4073.dat
1 8 -141.223419 -43.259857 124 0.945519 0 -0.325568 0.325568 -0 0.945519 0 -1 -0 3062b.dat
1 8 -398.556427 -45.057762 124 0.951057 -0 0.309017 -0.309017 -0 0.951057 0 -1 -0 3062b.dat
1 8 -197.954514 -62.793945 92 0.945519 0 -0.325568 0.325568 -0 0.945519 0 -1 -0 4073.dat
1 7 -169.588959 -53.026901 100 0.945519 0 -0.325568 0.325568 -0 0.945519 0 -1 -0 3710.dat
1 7 -370.024689 -54.328255 100 0.951057 -0 0.309017 -0.309017 -0 0.951057 0 -1 -0 3710.dat
1 0 -156.878113 -59.226402 50 0 -0.325568 0.945519 0 0.945519 0.325568 -1 -0 0 3024.dat
1 7 -175.788498 -65.737762 30 0 -0.325568 0.945519 0 0.945519 0.325568 -1 0 0 3623.dat
1 7 -363.604309 -66.929016 30 0 0.309017 0.951057 -0 0.951057 -0.309017 -1 0 0 3623.dat
1 25 -202.512482 -49.556671 -180 0 -0.325568 0.945519 0 0.945519 0.325568 -1 0 0 2412b.dat
1 25 -337.166718 -50.283997 -180 0 0.309017 0.951057 -0 0.951057 -0.309017 -1 0 0 2412b.dat
1 7 -140.572281 -45.150871 40 -0 -0.325568 -0.945519 -0 0.945519 -0.325568 1 0 -0 3298.dat
1 7 -399.1745 -46.959862 40 0 0.309017 0.951057 -0 0.951057 -0.309017 -1 -0 0 3298.dat
1 7 -140.572281 -45.150871 -30 0 -0.325568 -0.945519 0 0.945519 -0.325568 1 -0 0 3040b.dat
1 7 -380.15332 -53.140205 -30 0 0.309017 -0.951057 -0 0.951057 0.309017 1 -0 0 3040b.dat
1 7 -159.482651 -51.662239 -30 -0 -0.325568 0.945519 -0 0.945519 0.325568 -1 0 -0 3040b.dat
1 7 -399.1745 -46.959862 -30 -0 0.309017 0.951057 0 0.951057 -0.309017 -1 0 -0 3040b.dat
1 25 -140.572281 -45.150871 70 0 -0.325568 -0.945519 0 0.945519 -0.325568 1 -0 0 4286.dat
1 25 -399.1745 -46.959862 70 -0 0.309017 0.951057 0 0.951057 -0.309017 -1 0 -0 4286.dat
1 7 -187.848206 -61.429298 70 -0.945519 -0.325568 0 -0.325568 0.945519 0 -0 0 -1 30365.dat
1 7 -157.841064 -25.714119 -80 0.945519 -0.325568 -0 0.325568 0.945519 0 0 -0 1 30355.dat
1 7 -157.841064 -25.714119 80 0.945519 -0.325568 -0 0.325568 0.945519 0 0 -0 1 3032.dat
1 7 -382.247437 -27.224678 80 0.951057 0.309017 -0 -0.309017 0.951057 0 0 -0 1 3032.dat
1 7 -382.247437 -27.224678 -80 0.951057 0.309017 -0 -0.309017 0.951057 0 0 -0 1 30356.dat
1 8 -300 -104 40 0 -0 1 0 1 0 -1 0 0 30364.dat
1 8 -240 -104 40 0 -0 1 0 1 0 -1 0 0 30364.dat
1 8 -270 -32 -140 -0 0 1 -0 1 -0 -1 -0 -0 3020.dat
1 8 -300 -48 0 -0 0 1 -0 1 -0 -1 -0 -0 3039.dat
1 8 -240 -48 0 0 -0 -1 -0 1 -0 1 0 0 3039.dat
1 8 -230 -32 -40 0 -0 -1 0 1 -0 1 -0 0 3022.dat
1 8 -310 -32 -40 0 -0 -1 0 1 -0 1 -0 0 3022.dat
1 8 -250 -48 170 -1 -0 -0 -0 1 -0 0 -0 -1 3937.dat
1 7 -250 -48 170 -1 -0 -0 -0 1 -0 0 -0 -1 3938.dat
1 7 -290 -48 170 -1 -0 -0 -0 1 -0 0 -0 -1 3938.dat
1 8 -290 -48 170 -1 -0 -0 -0 1 -0 0 -0 -1 3937.dat
1 8 -230 -24 130 -0 0 1 -0 1 -0 -1 -0 -0 3002.dat
1 8 -220 -72 130 -1 0 0 0 1 0 -0 0 -1 4286.dat
1 8 -320 -72 130 -1 0 0 0 1 0 -0 0 -1 4286.dat
1 8 -310 -24 130 -0 0 1 -0 1 -0 -1 -0 -0 3002.dat
1 8 -310 -24 170 -1 -0 -0 -0 1 -0 0 -0 -1 2877.dat
1 8 -270 -24 170 1 0 0 -0 1 -0 -0 0 1 3039ps1.dat
1 8 -270 -56 -110 -1 -0 -0 -0 1 -0 0 -0 -1 3039ps1.dat
1 8 -270 -24 70 -1 -0 -0 -0 1 -0 0 -0 -1 3039.dat
1 8 -320 -32 40 -0 0 1 -0 1 -0 -1 -0 -0 30363.dat
1 8 -320 -32 -80 -0 0 1 -0 1 -0 -1 -0 -0 30363.dat
1 8 -220 -32 40 0 -0 -1 -0 1 -0 1 0 0 30363.dat
1 8 -220 -32 -80 0 -0 -1 -0 1 -0 1 0 0 30363.dat
1 0 -270 -8 110 -1 -0 -0 -0 1 -0 0 -0 -1 3023.dat
1 0 -300 -32 90 -1 -0 -0 -0 1 -0 0 -0 -1 3024.dat
1 0 -240 -32 90 -1 -0 -0 -0 1 -0 0 -0 -1 3024.dat
1 8 -240 -56 90 -1 -0 -0 -0 1 -0 0 -0 -1 3062b.dat
1 8 -300 -56 90 -1 -0 -0 -0 1 -0 0 -0 -1 3062b.dat
1 19 -300 -64 90 -1 -0 -0 -0 1 -0 0 -0 -1 3070b.dat
1 19 -240 -64 90 -1 -0 -0 -0 1 -0 0 -0 -1 3070b.dat
1 0 -300 -16 40 0 -0 -1 -0 1 -0 1 0 0 3023.dat
1 1 -300 -24 40 0 -0 -1 -0 1 -0 1 0 0 3023.dat
1 1 -240 -24 40 0 -0 -1 -0 1 -0 1 0 0 3023.dat
1 0 -240 -16 40 0 -0 -1 -0 1 -0 1 0 0 3023.dat
1 0 -270 -16 40 0 -0 -1 0 1 -0 1 -0 0 3068b.dat
1 0 -300 -48 40 0 -0 -1 0 1 -0 1 -0 0 3004.dat
1 0 -240 -48 40 0 -0 -1 0 1 -0 1 -0 0 3004.dat
1 0 -270 -24 10 1 -0 0 0 1 -0 -0 0 1 3298.dat
1 0 -300 -32 -90 1 -0 0 0 1 -0 -0 0 1 2357.dat
1 0 -240 -32 -90 0 -0 -1 0 1 -0 1 -0 0 2357.dat
1 7 -270 -8 -50 -1 -0 -0 -0 1 -0 0 -0 -1 3069b.dat
1 7 -270 -80 10 -1 -0 -0 -0 1 -0 0 -0 -1 3069b.dat
1 19 -300 -80 30 0 -0 -1 -0 1 -0 1 0 0 3623.dat
1 19 -240 -80 30 0 -0 -1 -0 1 -0 1 0 0 3623.dat
1 7 -270 -104 70 -1 -0 -0 -0 1 -0 0 -0 -1 3010.dat
1 7 -270 -104 100 -1 -0 -0 -0 1 -0 0 -0 -1 3020.dat
1 7 -310 -24 -20 0 -0 -1 -0 1 -0 1 0 0 3001.dat
1 7 -300 -56 -30 1 -0 0 0 1 -0 -0 0 1 6231.dat
1 7 -240 -56 -30 -0 0 1 0 1 -0 -1 0 -0 6231.dat
1 7 -240 -56 -10 0 -0 1 0 1 0 -1 0 0 3024.dat
1 7 -300 -56 -10 0 -0 1 0 1 0 -1 0 0 3024.dat
1 7 -240 -56 -90 -1 0 -0 0 1 -0 0 -0 -1 6231.dat
1 7 -300 -56 -90 0 -0 -1 0 1 -0 1 -0 0 6231.dat
1 7 -300 -56 -60 0 -0 -1 0 1 -0 1 -0 0 4865.dat
1 7 -240 -56 -60 -0 0 1 0 1 -0 -1 0 -0 4865.dat
1 7 -230 -24 -20 0 -0 -1 -0 1 -0 1 0 0 3001.dat
1 7 -270 -8 130 -1 -0 -0 -0 1 -0 0 -0 -1 3069b.dat
1 7 -270 -24 -120 -1 0 -0 0 1 -0 0 -0 -1 2456.dat
1 7 -290 -24 -150 1 0 0 -0 1 -0 -0 0 1 3660.dat
1 7 -250 -24 -150 1 0 0 -0 1 -0 -0 0 1 3660.dat
1 7 -270 -56 -130 1 0 0 -0 1 -0 -0 0 1 30363ps2.dat
1 7 -320 -24 -150 1 0 0 -0 1 -0 -0 0 1 4287.dat
1 7 -220 -24 -150 1 0 0 -0 1 -0 -0 0 1 4287.dat
1 7 -310 -24 80 -1 -0 -0 -0 1 -0 0 -0 -1 3003.dat
1 7 -230 -24 80 -1 -0 -0 -0 1 -0 0 -0 -1 3003.dat
1 7 -220 -72 100 0 -0 -1 -0 1 -0 1 0 0 4864b.dat
1 7 -280 -72 40 0 -0 -1 -0 1 -0 1 0 0 4864b.dat
1 7 -260 -72 40 0 0 1 0 1 0 -1 0 0 4864b.dat
1 25 -270 -80 50 1 0 -0 0 1 0 0 0 1 2412b.dat
1 0 -270 -104 30 1 0 -0 0 1 0 0 0 1 2432.dat
1 383 -270 -64 50 1 0 -0 0 0.707107 0.707107 0 -0.707107 0.707107 577.dat
1 7 -320 -72 100 -0 0 1 -0 1 -0 -1 -0 -0 4864b.dat
1 7 -240 -48 70 0 -0 -1 -0 1 -0 1 0 0 3040b.dat
1 7 -300 -48 70 -0 0 1 -0 1 -0 -1 -0 -0 3040b.dat
1 7 -220 -48 150 -0 0 1 -0 1 -0 -1 -0 -0 3622.dat
1 7 -320 -48 150 -0 0 1 -0 1 -0 -1 -0 -0 3622.dat
1 7 -300 -48 120 -0 0 -1 0 1 0 1 -0 -0 4865.dat
1 7 -240 -48 120 0 -0 1 0 1 0 -1 0 0 4865.dat
1 7 -270 -8 40 -1 -0 -0 -0 1 -0 0 -0 -1 2445.dat
1 7 -270 -8 -80 -1 -0 -0 -0 1 -0 0 -0 -1 2445.dat
1 7 -300 -48 -130 -0 0 1 -0 1 -0 -1 -0 -0 3038.dat
1 7 -240 -48 -130 0 -0 -1 -0 1 -0 1 0 0 3038.dat
1 7 -240 -56 -120 -0 0 1 0 1 -0 -1 0 -0 3069bps1.dat
1 7 -300 -56 -120 0 -0 -1 0 1 -0 1 -0 0 3069bps1.dat
1 7 -240 -48 -170 1 -0 0 0 1 -0 -0 0 1 3045.dat
1 7 -300 -48 -170 -0 0 1 0 1 -0 -1 0 -0 3045.dat
1 7 -290 -56 150 0 -0 -1 -0 1 -0 1 0 0 3021.dat
1 7 -250 -56 150 0 -0 -1 -0 1 -0 1 0 0 3021.dat
1 7 -270 -72 160 0 -0 -1 0 1 -0 1 -0 0 3022.dat
1 0 -270 -80 160 0 -0 -1 0 1 -0 1 -0 0 3680c01.dat
1 0 -270 -104 160 -1 0 -0 0 1 -0 0 -0 -1 4595.dat
1 8 -270 -88 150 -1 0 -0 0 1 -0 0 -0 -1 3794.dat
1 8 -270 -88 170 -1 0 -0 0 1 -0 0 -0 -1 3794.dat
1 8 -270 -64 140 -1 0 -0 0 1 -0 0 -0 -1 3020.dat
1 8 -270 -64 170 -1 -0 -0 -0 1 -0 0 -0 -1 3710.dat
1 40 -270 -96 110 -1 -0 -0 -0 1 -0 0 -0 -1 2437.dat
1 40 -270 -96 10 1 0 0 -0 1 -0 -0 0 1 30372p79.dat
1 15 -270.767761 -73.272141 -12.133898 1 0 0 0 0.819152 0.573576 0 -0.573576 0.819152 3842a.dat
1 14 -270.767761 -73.272141 -12.133898 1 0 0 0 0.819152 0.573576 0 -0.573576 0.819152 3626BPS3.dat
1 25 -270.767761 -53.612473 -25.899731 1 0 0 0 0.819152 0.573576 0 -0.573576 0.819152 973PS1.dat
1 25 -255.367767 -47.059265 -30.488354 0.985435 0.120247 0.120247 -0.139301 0.165212 0.976371 0.097539 -0.9789 0.179556 3819.dat
1 0 -249.358368 -54.380463 -50.395317 0.985435 0.170055 0 -0.139301 0.807221 0.573576 0.097539 -0.565222 0.819152 3820.dat
1 25 -286.167755 -47.059265 -30.488338 0.985435 -0.120247 -0.120247 0.139301 0.165212 0.976371 -0.097539 -0.9789 0.179556 3818.dat
1 0 -292.177155 -54.380463 -50.395317 0.985435 -0.170055 0 0.139301 0.807221 0.573576 -0.097539 -0.565222 0.819152 3820.dat
1 0 -270.767761 -27.399612 -44.254185 1 0 0 0 0.819152 0.573576 0 -0.573576 0.819152 970.dat
1 25 -270.767761 -17.569763 -51.1371 1 0 0 0 -0 1 0 -1 -0 3817.dat
1 25 -270.767761 -17.569763 -51.1371 1 0 0 0 -0 1 0 -1 -0 3816.dat
1 15 -49.310913 -88 223.751053 0.707107 0 -0.707107 0 1 0 0.707107 0 0.707107 3842a.dat
1 14 -49.310913 -88 223.751053 0.707107 0 -0.707107 0 1 0 0.707107 0 0.707107 3626BP01.dat
1 25 -49.310913 -64 223.751053 0.707107 0 -0.707107 0 1 0 0.707107 0 0.707107 973PS1.dat
1 25 -38.421467 -56 234.640488 0.696807 0.585027 -0.414973 -0.170055 0.696808 0.696808 0.696807 -0.414973 0.585027 3819.dat
1 0 -19.672178 -50.57901 224.389771 0.696807 0.120247 -0.707107 -0.170055 0.985435 0 0.696807 0.120247 0.707107 3820.dat
1 25 -60.200348 -56 212.861618 0.696807 0.414973 -0.585027 0.170055 0.696808 0.696808 0.696807 -0.585027 0.414973 3818.dat
1 0 -49.949635 -50.57901 194.11232 0.696807 -0.120247 -0.707107 0.170055 0.985435 0 0.696807 -0.120247 0.707107 3820.dat
1 0 -49.310913 -32 223.751053 0.707107 0 -0.707107 0 1 0 0.707107 0 0.707107 970.dat
1 25 -49.310913 -20 223.751053 0.707107 0 -0.707107 0 1 0 0.707107 0 0.707107 3817.dat
1 25 -49.310913 -20 223.751053 0.707107 0 -0.707107 0 1 0 0.707107 0 0.707107 3816.dat
1 15 -29.531912 -90 128.425262 0.707107 0 -0.707107 0 1 0 0.707107 0 0.707107 30171.dat
1 14 -29.531912 -90 128.425262 0.707107 0 -0.707107 0 1 0 0.707107 0 0.707107 3626BP01.dat
1 15 -29.531912 -64 128.425262 0.707107 0 -0.707107 0 1 0 0.707107 0 0.707107 2524.dat
1 19 -29.531912 -64 128.425262 0.707107 0 -0.707107 0 1 0 0.707107 0 0.707107 973PSH.dat
1 7 -18.642467 -56 139.314713 0.696807 0.585027 -0.414973 -0.170055 0.696808 0.696808 0.696807 -0.414973 0.585027 3819.dat
1 15 0.106811 -50.579006 129.063995 0.696807 0.120247 -0.707107 -0.170055 0.985435 0 0.696807 0.120247 0.707107 3820.dat
1 8 3.760706 -50.680588 118.209717 0.696807 -0.714135 0.066863 -0.170055 -0.255049 -0.951857 0.696807 0.65189 -0.299162 30304.dat
1 7 -40.421356 -56 117.535828 0.696807 0.201898 -0.688256 0.170055 0.885703 0.431986 0.696807 -0.418052 0.582831 3818.dat
1 15 -33.186768 -44.341782 100.280479 0.696807 -0.343907 -0.629434 0.170055 0.931747 -0.320826 0.696807 0.116516 0.707731 3820.dat
1 0 -11.254807 -57.076096 82.269325 -0.577733 -0.495098 -0.648924 -0.563772 0.816962 -0.121381 0.590242 0.29572 -0.751109 4360.dat
1 15 -29.531912 -32 128.425262 0.707107 0 -0.707107 0 1 0 0.707107 0 0.707107 970.dat
1 7 -29.531912 -20 128.425262 0.707107 0 -0.707107 0 1 0 0.707107 0 0.707107 3817.dat
1 7 -29.531912 -20 128.425262 0.707107 0 -0.707107 0 1 0 0.707107 0 0.707107 3816.dat
0 STEP
0 NOFILE
0 FILE untitled minifigure copy 2.ldr
0 untitled model
0 Name: 
0 Author: 
0 Unofficial Model

0 NOFILE
0 FILE untitled minifigure.ldr
0 untitled model
0 Name: 
0 Author: 
0 Unofficial Model

0 NOFILE
0 FILE untitled minifigure copy.ldr
0 untitled model
0 Name: 
0 Author: 
0 Unofficial Model

0 NOFILE