0 FILE untitled model.ldr
0 untitled model
0 Name: 
0 Author: 
0 Unofficial Model
1 19 0 0 0 1 0 0 0 1 0 -0 0 1 3034.dat
1 19 0 -32 0 1 0 0 0 1 0 -0 0 1 3034.dat
1 0 40 -40 0 1 0 0 0 1 0 -0 0 1 3020.dat
1 0 40 -56 0 1 0 0 0 1 0 -0 0 1 3020.dat
1 7 10 -64 0 0 0 1 0 1 0 -1 0 0 4855.dat
1 7 -10 -72 -10 -1 0 0 0 1 0 -0 0 -1 30357.dat
1 7 0 -80 -30 -1 -0 0 -0 1 -0 -0 -0 -1 3710.dat
1 7 50 -96 -30 -1 -0 0 -0 1 -0 -0 -0 -1 6231.dat
1 0 10 -88 -30 -0 -0 -1 -0 1 -0 1 0 -0 4592.dat
1 0 10.436964 -88 31.510542 -0 -0 -1 -0 1 -0 1 0 -0 4592.dat
1 7 10.436964 -88 31.510542 0.020708 -0.369835 -0.928867 -0.005037 0.929016 -0.370006 0.999773 0.012341 0.017375 4593.dat
1 7 10 -88 -30 0.020708 -0.369835 -0.928867 -0.005037 0.929016 -0.370006 0.999773 0.012341 0.017375 4593.dat
1 7 150 -96 0 -0 -0 -1 -0 1 -0 1 0 -0 3794.dat
1 7 150 -104 0 0 -0 -1 0 1 -0 1 0 0 4073.dat
1 1 130 -104 0 -0 -0 -1 -0 1 -0 1 0 -0 3794.dat
1 1 110 -104 0 -0 -0 -1 -0 1 -0 1 0 -0 3794.dat
1 1 90 -128 0 0 -0 -1 0 1 -0 1 0 0 4286.dat
1 7 90 -104 0 -0 -0 -1 -0 1 -0 1 0 -0 3794.dat
1 7 50 -96 30 0 0 1 -0 1 -0 -1 -0 0 6231.dat
1 7 0 -80 30 -1 -0 0 -0 1 -0 -0 -0 -1 3710.dat
1 7 -10 -72 10 -0 0 -1 0 1 0 1 0 -0 30357.dat
1 7 70 -64 0 0 0 -1 0 1 0 1 0 0 4855.dat
1 4 10 -64 0 -1 0 -0 0 1 0 0 0 -1 3021.dat
1 4 50 -64 0 0 -0 -1 -0 1 -0 1 0 0 2412b.dat
1 19 80 -64 0 0 -0 -1 0 1 -0 1 -0 0 3022.dat
1 1 40 -64 0 1 0 0 0 1 0 -0 0 1 4871.dat
1 1 130 -88 0 0 0 -1 0 1 0 1 0 0 3660.dat
1 0 90 -88 0 -1 0 -0 0 1 0 0 0 -1 3002.dat
1 1 30 -72 -30 1 0 0 0 1 0 -0 0 1 3623.dat
1 1 -10 -80 -50 1 0 0 0 1 0 -0 0 1 6019.dat
1 1 -30 -80 -50 1 0 0 0 1 0 -0 0 1 6019.dat
1 1 -30 -80 50 -1 0 -0 0 1 0 0 0 -1 6019.dat
1 1 -10 -80 50 -1 0 -0 0 1 0 0 0 -1 6019.dat
1 1 70 -96 -10 -0 0 1 0 1 0 -1 0 -0 2420.dat
1 1 120 -96 0 -0 0 -1 0 1 0 1 0 -0 4859.dat
1 1 70 -96 10 1 0 0 0 1 0 -0 0 1 2420.dat
1 1 70 -88 -30 0.30897 0.005393 0.951057 -0.017452 0.999848 -0 -0.950912 -0.016598 0.309017 3822p24.dat
1 1 10 -88 0 0 0 -1 0 1 0 1 0 0 4865.dat
1 1 -10 -96 0 -0 0 1 0 1 0 -1 0 -0 3298p16.dat
1 1 -20 -104 -30 -1 0 0 0 1 0 -0 0 -1 3048.dat
1 1 -20 -104 30 1 0 -0 0 1 0 0 0 1 3048.dat
1 7 -20 -104 50 1 0 -0 0 1 0 0 0 1 3049b.dat
1 7 -20 -104 -50 -1 0 0 0 1 0 -0 0 -1 3049b.dat
1 1 30 -72 30 1 0 0 0 1 0 -0 0 1 3623.dat
1 1 70 -88 30 -0.309017 0 0.951057 0 1 0 -0.951057 0 -0.309017 3821p24.dat
1 8 -380 -32 130 1 0 0 0 1 0 -0 0 1 2412b.dat
1 8 -380 -32 -130 1 0 0 0 1 0 -0 0 1 2412b.dat
1 8 -380 -32 -150 -1 0 0 0 1 0 0 0 -1 30383.dat
1 8 -380 -32 150 -1 0 0 0 1 0 0 0 -1 30383.dat
1 14 -400 -41 150 0 0 1 -0 1 -0 -1 -0 0 30407.dat
1 14 -400 -41 -150 0 0 1 -0 1 -0 -1 -0 0 30407.dat
1 8 -380 25 -184 -1 0 0 0 0 1 0 1 0 30383.dat
1 14 -400 25 -193 -0 0 1 1 0 0 0 1 -0 30407.dat
1 8 -380 25 115 -1 0 0 0 0 1 0 1 0 30383.dat
1 14 -400 25 106 -0 0 1 1 0 0 0 1 -0 30407.dat
1 8 -378.535522 27.499989 185.5 -1 0 0 0 0 -1 0 -1 0 30383.dat
1 14 -398.535522 27.499985 194.5 -0 0 1 -1 0 -0 0 -1 0 30407.dat
1 8 -378.535522 27.499989 -115.5 -1 0 0 0 0 -1 0 -1 0 30383.dat
1 14 -398.535522 27.499985 -106.5 -0 0 1 -1 0 -0 0 -1 0 30407.dat
1 7 -350 -32 -150 0 0 1 0 1 0 -1 0 0 2555.dat
1 7 -320 6 -150 0 1 0 1 0 -0 -0 0 -1 3022.dat
1 7 -280 6 -150 0 0 1 1 0 -0 -0 1 -0 6248.dat
1 7 -260 6 -150 -0 -0 -1 1 0 -0 0 -1 0 6248.dat
1 1 -312 6 -150 -0 1 -0 1 0 -0 -0 -0 -1 3941.dat
1 1 -227 6 -150 0 -1 0 1 0 -0 0 0 1 3941.dat
1 7 -179 6 -150 0 -1 0 1 0 -0 0 0 1 3942b.dat
1 7 -320 6 150 0 1 0 1 0 -0 -0 0 -1 3022.dat
1 7 -280 6 150 0 0 1 1 0 -0 -0 1 -0 6248.dat
1 7 -260 6 150 -0 -0 -1 1 0 -0 0 -1 0 6248.dat
1 1 -312 6 150 -0 1 -0 1 0 -0 -0 -0 -1 3941.dat
1 1 -227 6 150 0 -1 0 1 0 -0 0 0 1 3941.dat
1 7 -179 6 150 0 -1 0 1 0 -0 0 0 1 3942b.dat
1 7 -350 -32 150 0 0 1 0 1 0 -1 0 0 2555.dat
1 1 -380 -24 -170 1 0 0 0 1 0 -0 0 1 4865.dat
1 1 -380 -24 170 -1 0 0 0 1 0 0 0 -1 4865.dat
1 8 -380 6 -150 0 0 1 0 1 0 -1 0 0 30360.dat
1 8 -380 6 150 0 0 1 0 1 0 -1 0 0 30360.dat
1 1 -440 6 151 0 1 0 1 0 -0 -0 0 -1 3941.dat
1 1 -440 6 -149 0 1 0 1 0 -0 -0 0 -1 3941.dat
1 14 -480 6 -149 -0 1 -0 1 0 -0 -0 -0 -1 30151.dat
1 14 -480 6 151 -0 1 -0 1 0 -0 -0 -0 -1 30151.dat
1 19 -240 0 0 1 0 0 0 1 0 -0 0 1 4282.dat
1 19 -240 -32 0 1 0 0 0 1 0 -0 0 1 4282.dat
1 19 -80 -24 0 1 0 0 0 1 0 -0 0 1 3001.dat
1 19 -240 -24 0 1 0 0 0 1 0 -0 0 1 3001.dat
1 19 40 -24 0 1 0 0 0 1 0 -0 0 1 3001.dat
1 7 60 8 0 1 0 0 0 1 0 -0 0 1 3022.dat
1 19 60 16 0 1 0 0 0 1 0 -0 0 1 3003.dat
1 19 60 32 -170 1 0 0 0 1 0 -0 0 1 3022.dat
1 6 -60 32 -240 1 0 0 0 1 0 -0 0 1 3023.dat
1 6 -60 32 -273 1 0 0 0 1 0 -0 0 1 3023.dat
1 15 -50 24 -273 1 0 0 0 1 0 -0 0 1 2555.dat
1 6 -52 -3 -256 0 1 0 0 0 -1 -1 0 0 2540.dat
1 6 -41.779793 -22.77593 -272 -0.390731 -0 0.920505 -0.920505 -0 -0.390731 0 -1 -0 4735.dat
1 6 -41.779793 -22.77593 -240 0.374607 -0 0.927184 0.927184 0 -0.374606 -0 1 0 4735.dat
1 15 -44 -3 -256 0 1 0 0 0 1 1 0 0 2540.dat
1 15 -50 24 -240 1 0 0 0 1 0 -0 0 1 2555.dat
1 19 50 8 -170 0 0 1 0 1 0 -1 0 0 30237.dat
1 8 30 14 -170 0 -1 0 0 0 1 -1 0 0 3849.dat
1 14 30 -98 -170 0 0 1 0 1 -0 -1 0 -0 4495.dat
1 1 30 -122 -170 0 -0 1 0 1 0 -1 -0 0 4495.dat
1 38 -370 -24 140 1 0 0 0 1 0 -0 0 1 30359a.dat
1 38 -390 -24 140 1 0 0 0 1 0 -0 0 1 30359a.dat
1 38 -390 -24 -140 -1 0 0 0 1 0 0 0 -1 30359a.dat
1 0 -390 16 -170 1 0 0 -0 1 -0 0 0 1 4070.dat
1 0 -370 16 -170 1 0 0 -0 1 -0 0 0 1 4070.dat
1 0 -370 16 130 1 0 0 -0 1 -0 0 0 1 4070.dat
1 0 -390 16 130 1 0 0 -0 1 -0 0 0 1 4070.dat
1 0 -390 16 170 -1 -0 0 -0 1 -0 0 -0 -1 4070.dat
1 0 -370 16 170 -1 -0 0 -0 1 -0 0 -0 -1 4070.dat
1 0 -370 16 -130 -1 -0 0 -0 1 -0 0 -0 -1 4070.dat
1 0 -390 16 -130 -1 -0 0 -0 1 -0 0 -0 -1 4070.dat
1 14 -380 16 -150 -1 -0 0 -0 1 -0 0 -0 -1 3004.dat
1 14 -380 16 150 -1 -0 0 -0 1 -0 0 -0 -1 3004.dat
1 38 -370 -24 -140 -1 0 0 0 1 0 0 0 -1 30359a.dat
1 4 -380 40 -150 0 0 1 -0 1 -0 -1 -0 0 3021.dat
1 4 -380 40 150 0 0 1 -0 1 -0 -1 -0 0 3021.dat
1 4 -420 40 -150 1 0 -0 0 1 0 0 -0 1 3023.dat
1 4 -420 40 150 1 0 -0 0 1 0 0 -0 1 3023.dat
1 4 -340 40 150 1 0 -0 0 1 0 0 -0 1 3023.dat
1 4 -340 40 -150 1 0 -0 0 1 0 0 -0 1 3023.dat
1 0 -270 6 -150 1 0 -0 -0 1 -0 0 0 1 3673.dat
1 0 -270 6 150 1 0 -0 -0 1 -0 0 0 1 3673.dat
1 15 -44 -43 -256 0 1 0 0 0 -1 -1 0 0 6019.dat
1 0 -68 -43 -256 -0 1 -0 0 -0 -1 -1 -0 0 4599.dat
1 46 -76 -43 -256 -0 1 0 -0.707107 -0 -0.707107 -0.707107 -0 0.707107 4073.dat
1 15 -64 -59 -256 0 -0 1 -0 1 0 -1 -0 0 4740.dat
1 7 46.366707 -144 3.08081 0.707107 0 0.707107 0 1 0 -0.707107 0 0.707107 30171.dat
1 8 46.366707 -136 3.08081 0.707107 0 0.707107 0 1 0 -0.707107 0 0.707107 30170.dat
1 14 46.366707 -144 3.08081 0.707107 0 0.707107 0 1 0 -0.707107 0 0.707107 3626BPS2.dat
1 19 47.318611 -120 0.782713 0 0 1 0 1 0 -1 0 0 973psf.dat
1 19 47.318611 -112 -14.617287 0 -0.707107 0.707107 -0.170055 0.696808 0.696808 -0.985435 -0.120247 -0.120247 3819.dat
1 14 26.812515 -106.57901 -20.626678 0 0 1 -0.170055 0.985435 0 -0.985435 -0.170055 0 3820.dat
1 19 47.318611 -112 16.182713 0 -0.707107 0.707107 0.170055 0.696808 0.696808 -0.985435 0.120247 0.120247 3818.dat
1 14 26.812515 -106.57901 22.192106 0 0 1 0.170055 0.985435 0 -0.985435 0.170055 0 3820.dat
1 19 47.318611 -88 0.782713 0 0 1 0 1 0 -1 0 0 970.dat
1 19 47.318611 -76 0.782713 0 -1 -0 0 -0 1 -1 0 0 3817.dat
1 19 47.318611 -76 0.782713 0 -1 -0 0 -0 1 -1 0 0 3816.dat
1 6 -224.444016 -56 -233.08876 0.707107 0 0.707107 0 1 0 -0.707107 0 0.707107 40239.dat
1 14 -224.444016 -56 -233.08876 0.707107 0 0.707107 0 1 0 -0.707107 0 0.707107 3626BP02.dat
1 1 -224.444016 -32 -233.08876 0.707107 0 0.707107 0 1 0 -0.707107 0 0.707107 973PS0.dat
1 1 -213.554581 -24 -243.978195 0.696808 -0.414973 0.585027 -0.170055 0.696808 0.696808 -0.696808 -0.585027 0.414973 3819.dat
1 14 -223.805298 -18.579006 -262.727478 0.696808 0.120247 0.707107 -0.170055 0.985435 0 -0.696808 -0.120247 0.707107 3820.dat
1 1 -235.333466 -24 -222.19931 0.696808 -0.35484 0.623336 0.170055 0.926006 0.337038 -0.696808 -0.12885 0.70559 3818.dat
1 14 -251.792816 -10.626551 -228.219315 0.696808 0.189856 0.691675 0.170055 0.893107 -0.416463 -0.696808 0.407817 0.590038 3820.dat
1 0 -224.444016 0 -233.08876 0.707107 0 0.707107 0 1 0 -0.707107 0 0.707107 970.dat
1 0 -224.444016 12 -233.08876 0.707107 0 0.707107 0 1 0 -0.707107 0 0.707107 3817.dat
1 0 -224.444016 12 -233.08876 0.707107 0 0.707107 0 1 0 -0.707107 0 0.707107 3816.dat
0 NOFILE
0 FILE untitled minifigure copy.ldr
0 untitled model
0 Name: 
0 Author: 
0 Unofficial Model

0 NOFILE