0 FILE Jedi Starfighter.ldr
0 Jedi Starfighter
0 Name: Jedi Starfighter.ldr
0 Author: R Paluczak
0 Unofficial Model
0 ROTATION CENTER 0 0 0 1 "Custom" 
0 ROTATION CONFIG 0 0
1 0 180 16 0 0 0 1 0 1 0 -1 0 0 Part 1.ldr
1 0 70 8 350 0 0 1 0 1 0 -1 0 0 Qui-Gon Jinn.ldr
0
0 FILE Qui-Gon Jinn.ldr
0 Qui-Gon Jinn
0 Name: Qui-Gon Jinn.ldr
0 Author: R Paluczak
0 Unofficial Model
0 ROTATION CENTER 0 0 0 1 "Custom" 
0 ROTATION CONFIG 0 0
1 484 0 -26 0 1 0 0 0 1 0 0 0 1 4530.dat
1 14 0 -26 0 1 0 0 0 1 0 0 0 1 3626bps9.dat
1 6 0 -2 0 1 0 0 0 1 0 0 0 1 522.dat
1 19 0 0 0 1 0 0 0 1 0 0 0 1 973pr3.dat
1 19 0 32 0 1 0 0 0 1 0 0 0 1 3815.dat
1 19 -15.552 9 0 0.985 -0.17 0 0.17 0.985 0 0 0 1 3818.dat
1 19 15.552 9 0 0.985 0.17 0 -0.17 0.985 0 0 0 1 3819.dat
1 14 -23.8634 26.5956 -10.321 0.985 -0.12019 0.12019 0.17 0.696395 -0.696395 0 0.707 0.707 3820.dat
1 14 23.8634 26.5956 -10.321 0.985 0.12019 -0.12019 -0.17 0.696395 -0.696395 0 0.707 0.707 3820.dat
1 42 -23.1951 22.7236 -33.8217 0.985 -0.0874983 0.14567 0.17 0.506976 -0.844031 0 0.856884 0.514696 577c01.dat
1 19 0 44 0 1 0 0 0 1 0 0 0 1 3816.dat
1 19 0 44 0 1 0 0 0 1 0 0 0 1 3817.dat
0
0 FILE Part 1.ldr
0 Part 1
0 Name: Part 1.ldr
0 Author: R Paluczak
0 Unofficial Model
0 ROTATION CENTER 0 0 0 1 "Custom" 
0 ROTATION CONFIG 0 0
1 8 -20 16 0 0 0 -1 0 1 0 1 0 0 2413.dat
1 8 -170 16 0 -1 0 0 0 1 0 0 0 -1 3032.dat
1 7 -20 -8 20 0 0 -1 0 1 0 1 0 0 30365.dat
1 7 -20 -8 -20 0 0 1 0 1 0 -1 0 0 30365.dat
1 7 -10 -16 -70 1 0 0 0 1 0 0 0 1 2412b.dat
1 7 -290 -16 -30 1 0 0 0 1 0 0 0 1 2412b.dat
1 7 -290 -16 30 1 0 0 0 1 0 0 0 1 2412b.dat
1 7 -10 -32 0 1 0 0 0 1 0 0 0 1 30283.dat
1 7 40 -40 0 0 0 -1 0 1 0 1 0 0 4623.dat
1 7 40 -104 0 0 0 -1 0 1 0 1 0 0 4623.dat
1 27 40 -64 20 0 0 -1 0 1 0 1 0 0 32000.dat
1 27 70 -64 30 -1 0 0 0 1 0 0 0 -1 4730.dat
1 27 70 -64 -30 -1 0 0 0 1 0 0 0 -1 4730.dat
1 27 130 -64 30 0 0 -1 0 1 0 1 0 0 41768.dat
1 27 130 -64 -30 0 0 -1 0 1 0 1 0 0 41767.dat
1 27 40 -64 -20 0 0 -1 0 1 0 1 0 0 32000.dat
1 7 -90 -16 0 0 0 -1 0 1 0 1 0 0 3035.dat
1 7 -10 -6.976 75.366 1 0 0 0 0.92388 0.382683 0 -0.382683 0.92388 2412b.dat
1 7 30 23.214 71.214 0 0 -1 0.707107 0.707107 0 0.707107 -0.707107 0 51377.dat
1 7 30 23.214 -71.214 0 0 -1 -0.707107 0.707107 0 0.707107 0.707107 0 51377.dat
1 0 -20 16.143 78.284 0 0 1 -0.707107 0.707107 0 -0.707107 -0.707107 0 30386.dat
1 0 -20 16.143 -78.284 0 0 -1 -0.707107 0.707107 0 0.707107 0.707107 0 30386.dat
1 8 0 16.143 78.284 0 0 -1 0.707107 0.707107 0 0.707107 -0.707107 0 2458.dat
1 8 -20 50.427 102.427 0 0 1 0 1 0 -1 0 0 30383.dat
1 8 -20 50.427 -102.427 0 0 -1 0 1 0 1 0 0 30383.dat
1 7 -20 58.425 -112.426 0 0 1 0 1 0 -1 0 0 2450.dat
1 7 -20 58.425 112.426 -1 0 0 0 1 0 0 0 -1 2450.dat
1 8 0 16.143 -78.284 0 0 -1 -0.707107 0.707107 0 0.707107 0.707107 0 2458.dat
1 8 -10 33.113 -61.313 0 0 -1 -0.707107 0.707107 0 0.707107 0.707107 0 4032a.dat
1 8 -190 -32 20 -1 0 0 0 1 0 0 0 -1 6249.dat
1 8 -190 -32 -20 -1 0 0 0 1 0 0 0 -1 6249.dat
1 8 -10 33.113 61.313 0 0 -1 0.707107 0.707107 0 0.707107 -0.707107 0 4032a.dat
1 0 20 -8 0 -1 0 0 0 1 0 0 0 -1 3002.dat
1 0 -90 -8 30 -1 0 0 0 1 0 0 0 -1 3747a.dat
1 0 -90 -8 -30 1 0 0 0 1 0 0 0 1 3747a.dat
1 0 -150 -8 30 1 0 0 0 1 0 0 0 1 3010.dat
1 0 -150 -8 -30 1 0 0 0 1 0 0 0 1 3010.dat
1 0 20 -48 0 0 0 -1 0 1 0 1 0 0 3710.dat
1 0 40 -72 0 0 0 -1 0 1 0 1 0 0 3666.dat
1 0 -210 -8 -30 0 0 1 0 1 0 -1 0 0 42023.dat
1 0 -70 -24 30 1 0 0 0 1 0 0 0 1 3666.dat
1 0 -70 -24 -30 1 0 0 0 1 0 0 0 1 3666.dat
1 14 40 -32 0 0 0 1 0 1 0 -1 0 0 41855.dat
1 14 -70 -40 0 0 0 1 0 1 0 -1 0 0 3003.dat
1 0 -210 -8 30 0 0 1 0 1 0 -1 0 0 42023.dat
1 320 80 -32 0 0 0 1 0 1 0 -1 0 0 4856.dat
1 0 -210 -8 0 -1 0 0 0 1 0 0 0 -1 40902.dat
1 0 -390 -48 -40 0 0 1 0 1 0 -1 0 0 Part 4.ldr
1 1 -110 -8 0 -1 0 0 0 1 0 0 0 -1 3007.dat
1 1 -30 -32 0 0 0 1 0 1 0 -1 0 0 3020.dat
1 1 -50 -83.64 -10.186 1 0 0 0 0.980785 0.19509 0 -0.19509 0.980785 Part 3.ldr
1 1 -50 -62.18 -97.7 1 0 0 0 0.980785 -0.19509 0 0.19509 0.980785 Part 2.ldr
1 15 -50 -8 30 -1 0 0 0 1 0 0 0 -1 3004.dat
1 15 -50 -8 -30 -1 0 0 0 1 0 0 0 -1 3004.dat
1 15 30 -64 50 -1 0 0 0 1 0 0 0 -1 3004.dat
1 15 70 -88 20 0 0 -1 0 1 0 1 0 0 41748.dat
1 15 70 -88 -20 0 0 -1 0 1 0 1 0 0 41747.dat
1 15 30 -64 -50 -1 0 0 0 1 0 0 0 -1 3004.dat
1 15 40 -96 10 -1 0 0 0 1 0 0 0 -1 4286.dat
1 15 40 -96 -10 1 0 0 0 1 0 0 0 1 4286.dat
1 15 40 -128 0 0 0 -1 0 1 0 1 0 0 3049b.dat
1 15 -80 -64 -10 0 0 1 0 1 0 -1 0 0 42061.dat
1 15 -90 -72 0 1 0 0 0 1 0 0 0 1 3020.dat
1 0 -60 -80 0 0 0 1 0 1 0 -1 0 0 3069bps6.dat
1 40 -30 -72 0 0 0 1 0 1 0 -1 0 0 41883.dat
1 15 -80 -64 10 0 0 1 0 1 0 -1 0 0 42060.dat
1 15 -30 -64 -30 1 0 0 0 1 0 0 0 1 3037ps0.dat
1 15 -30 -64 30 -1 0 0 0 1 0 0 0 -1 3037ps1.dat
1 15 0 -40 0 0 0 1 0 1 0 -1 0 0 3004.dat
1 7 0 -72 0 0 0 1 0 1 0 -1 0 0 2432.dat
1 7 20 -72 0 0 0 1 0 1 0 -1 0 0 43337.dat
1 15 -60 -64 0 0 0 1 0 1 0 -1 0 0 3004.dat
1 4 60 -8 0 0 0 -1 0 1 0 1 0 0 3660.dat
1 4 -70 -40 40 -1 0 0 0 1 0 0 0 -1 2445.dat
1 4 -70 -40 -40 -1 0 0 0 1 0 0 0 -1 2445.dat
1 8 90 -40 30 -1 0 0 0 1 0 0 0 -1 2431.dat
1 8 90 -40 -30 -1 0 0 0 1 0 0 0 -1 2431.dat
1 7 -249.239 5.827 0 0 0.382683 -0.92388 0 0.92388 0.382683 1 0 0 30552.dat
1 0 -304.672 28.788 0 0 0.382683 0.92388 0 0.92388 -0.382683 -1 0 0 30553.dat
1 8 -323.91 38.616 0 1 0 0 0 1 0 0 0 1 30383.dat
1 7 -333.912 46.614 0 1 0 0 0 1 0 0 0 1 3623.dat
1 0 -276.953 17.308 0 0.92388 0.382683 0 -0.382683 0.92388 0 0 0 1 4519.dat
1 1 -90 -32 -30 1 0 0 0 1 0 0 0 1 4315.dat
1 1 -90 -32 30 -1 0 0 0 1 0 0 0 -1 4315.dat
1 15 60 -32 0 0 0 1 0 -1 0 1 0 0 2525ps1.dat
0
0 FILE Part 2.ldr
0 Part 2
0 Name: Part 2.ldr
0 Author: R Paluczak
0 Unofficial Model
0 ROTATION CENTER 0 0 0 1 "Custom" 
0 ROTATION CONFIG 0 0
1 0 -40 40 10 1 0 0 0 1 0 0 0 1 4213.dat
1 0 -120 40 -20 1 0 0 0 1 0 0 0 1 3710.dat
1 0 70 16 -30 0 0 1 0 1 0 -1 0 0 2540.dat
1 4 50 18 -50 -0.19509 0 -0.980785 -0.980785 0 0.19509 0 1 0 2335.dat
1 8 40 40 10 1 0 0 0 1 0 0 0 1 3020.dat
1 320 -40 32 -30 0 0 1 0 1 0 -1 0 0 30355.dat
1 15 -50 24 0 0 0 1 0 1 0 -1 0 0 3623.dat
1 15 -20 24 20 1 0 0 0 1 0 0 0 1 3069b.dat
1 15 -20 24 -20 1 0 0 0 1 0 0 0 1 3069b.dat
1 0 -20 24 0 1 0 0 0 1 0 0 0 1 2412b.dat
1 15 -80 8 10 0 0 1 0 1 0 -1 0 0 30367bps6.dat
1 8 -180 32 20 -1 0 0 0 1 0 0 0 -1 30383.dat
1 4 -140 24 20 -1 0 0 0 1 0 0 0 -1 2431.dat
1 0 -200 26 20 0 0 -1 0 1 0 1 0 0 30553.dat
1 320 80 24 -10 1 0 0 0 1 0 0 0 1 41770.dat
1 320 -220 40 10 0 0 1 0 1 0 -1 0 0 3933.dat
0
0 FILE Part 3.ldr
0 Part 3
0 Name: Part 3.ldr
0 Author: R Paluczak
0 Unofficial Model
0 ROTATION CENTER 0 0 0 1 "Custom" 
0 ROTATION CONFIG 0 0
1 0 -40 40 100 -1 0 0 0 1 0 0 0 -1 4213.dat
1 0 -120 40 130 1 0 0 0 1 0 0 0 1 3710.dat
1 0 70 16 138 0 0 1 0 1 0 -1 0 0 2540.dat
1 4 50 18 118 -0.19509 0 -0.980785 -0.980785 0 0.19509 0 1 0 2335.dat
1 8 40 40 100 1 0 0 0 1 0 0 0 1 3020.dat
1 320 -40 32 140 0 0 1 0 1 0 -1 0 0 30356.dat
1 15 -50 24 110 0 0 1 0 1 0 -1 0 0 3623.dat
1 15 -20 24 130 1 0 0 0 1 0 0 0 1 3069b.dat
1 15 -20 24 90 1 0 0 0 1 0 0 0 1 3069b.dat
1 0 -20 24 110 1 0 0 0 1 0 0 0 1 2412b.dat
1 15 -80 24 100 0 0 1 0 1 0 -1 0 0 4150ps6.dat
1 8 -180 32 90 -1 0 0 0 1 0 0 0 -1 30383.dat
1 4 -140 24 90 -1 0 0 0 1 0 0 0 -1 2431.dat
1 0 -200 26 90 0 0 -1 0 1 0 1 0 0 30553.dat
1 320 80 24 120 -1 0 0 0 1 0 0 0 -1 41769.dat
1 320 -220 40 100 0 0 1 0 1 0 -1 0 0 3934.dat
0
0 FILE Part 4.ldr
0 Part 4
0 Name: Part 4.ldr
0 Author: R Paluczak
0 Unofficial Model
0 ROTATION CENTER 0 0 0 1 "Custom" 
0 ROTATION CONFIG 0 0
1 0 -40 24 0 1 0 0 0 1 0 0 0 1 3020.dat
1 0 -10 24 80 0 0 -1 0 1 0 1 0 0 3666.dat
1 0 -10 16 80 0 0 -1 0 1 0 1 0 0 3710.dat
1 0 -70 16 80 0 0 -1 0 1 0 1 0 0 3710.dat
1 7 -60 16 140 0 0 -1 0 1 0 1 0 0 2444.dat
1 7 -20 16 140 0 0 -1 0 1 0 1 0 0 2444.dat
1 0 -70 24 80 0 0 -1 0 1 0 1 0 0 3666.dat
1 1 -40 16 -20 0 0 -1 0 1 0 1 0 0 3020.dat
1 15 -40 8 60 0 0 -1 0 1 0 1 0 0 3030.dat
1 0 -40 24 -60 1 0 0 0 1 0 0 0 1 48183.dat
1 320 -40 16 -80 1 0 0 0 1 0 0 0 1 48183.dat
1 320 0 16 0 1 0 0 0 1 0 0 0 1 41770.dat
1 15 -20 8 -80 1 0 0 0 1 0 0 0 1 41770.dat
1 15 -60 8 -80 1 0 0 0 1 0 0 0 1 41769.dat
1 15 -40 0 -100 1 0 0 0 1 0 0 0 1 3068b.dat
1 15 -30 0 0 0 0 -1 0 1 0 1 0 0 4162.dat
1 15 -50 0 0 0 0 -1 0 1 0 1 0 0 4162.dat
1 320 -80 16 0 1 0 0 0 1 0 0 0 1 41769.dat
0 
0
0
