0 FILE Republic Gunship.ldr
0 Republic Gunship
0 Name: Republic Gunship.ldr
0 Author: R Paluczak
0 Unofficial Model
0 ROTATION CENTER 0 0 0 1 "Custom" 
0 ROTATION CONFIG 0 0
1 0 40 96 0 0 0 1 0 1 0 -1 0 0 Part 1.ldr
1 0 -720 112 -100 1 0 0 0 1 0 0 0 1 Droideka 3.ldr
1 0 -220 56 -370 0 0 1 0 1 0 -1 0 0 Clone.ldr
1 0 -40 56 -360 0 0 1 0 1 0 -1 0 0 Clone.ldr
1 0 -260 56 -540 0 0 1 0 1 0 -1 0 0 Clone.ldr
1 0 -20 56 -530 0 0 1 0 1 0 -1 0 0 Clone.ldr
1 0 -420 56 -360 0 0 1 0 1 0 -1 0 0 Jedi Jimmy.ldr
0
0 FILE Jedi Jimmy.ldr
0 Jedi Jimmy
0 Name: Jedi Jimmy.ldr
0 Author: R Paluczak
0 Unofficial Model
0 ROTATION CENTER 0 0 0 1 "Custom" 
0 ROTATION CONFIG 0 0
1 6 0 -26 0 1 0 0 0 1 0 0 0 1 30381.dat
1 14 0 -26 0 1 0 0 0 1 0 0 0 1 3626bp39.dat
1 6 0 -2 0 1 0 0 0 1 0 0 0 1 522.dat
1 8 0 0 0 1 0 0 0 1 0 0 0 1 973ps8.dat
1 6 0 32 0 1 0 0 0 1 0 0 0 1 3815.dat
1 8 -15.552 9 0 0.985 -0.17 0 0.17 0.985 0 0 0 1 3818.dat
1 8 15.552 9 0 0.985 0.17 0 -0.17 0.985 0 0 0 1 3819.dat
1 14 -23.8634 26.5956 -10.321 0.985 -0.12019 0.12019 0.17 0.696395 -0.696395 0 0.707 0.707 3820.dat
1 14 23.8634 26.5956 -10.321 0.985 0.12019 -0.12019 -0.17 0.696395 -0.696395 0 0.707 0.707 3820.dat
1 42 -23.1951 22.7236 -33.8217 0.985 -0.0874983 0.14567 0.17 0.506976 -0.844031 0 0.856884 0.514696 577c01.dat
1 6 0 44 0 1 0 0 0 1 0 0 0 1 3816.dat
1 6 0 44 0 1 0 0 0 1 0 0 0 1 3817.dat
0
0 FILE Clone.ldr
0 Clone
0 Name: Clone.ldr
0 Author: R Paluczak
0 Unofficial Model
0 ROTATION CENTER 0 0 0 1 "Custom" 
0 ROTATION CONFIG 0 0
1 15 0 -24 0 1 0 0 0 1 0 0 0 1 30408p01.dat
1 0 0 -24 0 1 0 0 0 1 0 0 0 1 3626b.dat
1 15 0 0 0 1 0 0 0 1 0 0 0 1 973psu.dat
1 0 0 32 0 1 0 0 0 1 0 0 0 1 3815.dat
1 15 -15.552 9 0 0.985 -0.17 0 0.17 0.985 0 0 0 1 3818.dat
1 15 15.552 9 0 0.985 0.17 0 -0.17 0.985 0 0 0 1 3819.dat
1 0 -23.8634 26.5956 -10.321 0.985 -0.12019 0.12019 0.17 0.696395 -0.696395 0 0.707 0.707 3820.dat
1 0 23.8634 26.5956 -10.321 0.985 0.12019 -0.12019 -0.17 0.696395 -0.696395 0 0.707 0.707 3820.dat
1 15 0 44 0 1 0 0 0 1 0 0 0 1 3816.dat
1 15 0 44 0 1 0 0 0 1 0 0 0 1 3817.dat
0
0 FILE Droideka.ldr
0 Droideka
0 Name: Droideka.ldr
0 Author: R Paluczak
0 Unofficial Model
0 ROTATION CENTER 0 0 0 1 "Custom" 
0 ROTATION CONFIG 0 0
1 0 -80 32 0 0 0 1 0 1 0 -1 0 0 4623.dat
1 0 -60 32 0 0 0 -1 0 1 0 1 0 0 4623.dat
1 7 -70 26 30 -1 0 0 0 -1 0 0 0 1 30377.dat
1 7 -54 26 30 -1 0 0 0 -1 0 0 0 1 30377.dat
1 7 -86 26 30 -1 0 0 0 -1 0 0 0 1 30377.dat
1 7 -38 25 0 0 0.707107 0.707107 -1 0 0 0 -0.707107 0.707107 30377.dat
1 8 -121.409 5 -43.586 -1 0 0 0 -0.511293 -0.859406 0 -0.859406 0.511293 30132.dat
1 8 -19.409 5 -43.586 -1 0 0 0 -0.511293 -0.859406 0 -0.859406 0.511293 30132.dat
1 8 -127 -3.662 -58.63 -1 0 0 0 0.859406 -0.511293 0 -0.511293 -0.859406 30162.dat
1 8 -13 -3.662 -58.63 -1 0 0 0 0.859406 -0.511293 0 -0.511293 -0.859406 30162.dat
1 7 -102 25 0 0 -0.707107 -0.707107 1 0 0 0 -0.707107 0.707107 30377.dat
1 6 -70 24 -10 1 0 0 0 1 0 0 0 1 2540.dat
1 6 -70 24 10 -1 0 0 0 1 0 0 0 -1 2540.dat
0
0 FILE Droideka 2.ldr
0 Droideka 2
0 Name: Droideka 2.ldr
0 Author: R Paluczak
0 Unofficial Model
0 ROTATION CENTER 0 0 0 1 "Custom" 
0 ROTATION CONFIG 0 0
1 8 -70 -5 -11 1 0 0 0 0 1 0 -1 0 30375.dat
1 6 -70 10 6 -1 0 0 0 -1 0 0 0 1 4081b.dat
1 7 -58 8 -14 0 -1 0 1 0 0 0 0 1 4592.dat
1 0 -58 8 -14 0 0 1 1 0 0 0 1 0 4593.dat
1 7 -82 8 -14 0 1 0 -1 0 0 0 0 1 4592.dat
1 0 -82 8 -14 0 0 -1 -1 0 0 0 1 0 4593.dat
0
0 FILE Droideka 3.ldr
0 Droideka 3
0 Name: Droideka 3.ldr
0 Author: R Paluczak
0 Unofficial Model
0 ROTATION CENTER 0 0 0 1 "Custom" 
0 ROTATION CONFIG 0 0
1 47 10 -8 0 1 0 0 0 1 0 0 0 1 3941.dat
1 6 20 -16 0 0 0 -1 0 1 0 1 0 0 2540.dat
1 6 0 -16 0 0 0 1 0 1 0 -1 0 0 2540.dat
1 6 10 -24 10 -1 0 0 0 1 0 0 0 -1 2540.dat
1 8 10 -24 -10 -1 0 0 0 1 0 0 0 -1 3794b.dat
1 7 10 -32 -10 0 0 1 0 1 0 -1 0 0 2555.dat
1 7 40 -14 0 0 0.950786 0.309847 0 0.309847 -0.950786 -1 0 0 30377.dat
1 7 -20 -14 0 0 -0.950786 -0.309847 0 0.309847 -0.950786 1 0 0 30377.dat
1 7 10 -22 30 1 0 0 0 0.575719 -0.817648 0 0.817648 0.575719 30377.dat
1 7 80 -76.285 0.499 1 0 0 0 0.83147 -0.55557 0 0.55557 0.83147 Droideka.ldr
1 7 80 -87.077 -11.076 1 0 0 0 0.980785 -0.19509 0 0.19509 0.980785 Droideka 2.ldr
0
0 FILE Part 1.ldr
0 Part 1
0 Name: Part 1.ldr
0 Author: R Paluczak
0 Unofficial Model
0 ROTATION CENTER 0 0 0 1 "Custom" 
0 ROTATION CONFIG 0 0
1 8 0 24 0 1 0 0 0 1 0 0 0 1 4151a.dat
1 8 0 24 -160 1 0 0 0 1 0 0 0 1 4151a.dat
1 8 70 24 -270 1 0 0 0 1 0 0 0 1 3623.dat
1 25 80 -8 -270 1 0 0 0 1 0 0 0 1 3710.dat
1 25 -80 -8 -270 1 0 0 0 1 0 0 0 1 3710.dat
1 8 -70 24 -270 1 0 0 0 1 0 0 0 1 3623.dat
1 8 80 24 -320 0 0 -1 0 1 0 1 0 0 3020.dat
1 8 -80 24 -320 0 0 -1 0 1 0 1 0 0 3020.dat
1 8 0 -8 -250 1 0 0 0 1 0 0 0 1 3666.dat
1 8 -70 -32 -180 0 0 -1 0 1 0 1 0 0 30540.dat
1 8 70 -32 -180 0 0 -1 0 1 0 1 0 0 30540.dat
1 8 0 -8 -220 1 0 0 0 1 0 0 0 1 3034.dat
1 8 0 -160 260 1 0 0 0 1 0 0 0 1 3034.dat
1 4 30 -168 260 0 0 -1 0 1 0 1 0 0 2412b.dat
1 19 50 -168 -220 0 0 -1 0 1 0 1 0 0 2412b.dat
1 8 50 -224 -260 0 0 -1 0 1 0 1 0 0 2412b.dat
1 8 30 -256 -140 0 0 -1 0 1 0 1 0 0 2412b.dat
1 8 -30 -256 -140 0 0 -1 0 1 0 1 0 0 2412b.dat
1 8 -50 -224 -260 0 0 -1 0 1 0 1 0 0 2412b.dat
1 27 10 -8 -320 0 0 -1 0 1 0 1 0 0 2412b.dat
1 42 -10 -8 -310 0 0 -1 0 1 0 1 0 0 4073.dat
1 36 -10 -8 -310 0 0 -1 0 1 0 1 0 0 4070.dat
1 19 50 -200 -150 0 0 -1 0 1 0 1 0 0 4070.dat
1 19 50 -200 -130 0 0 -1 0 1 0 1 0 0 4070.dat
1 36 -10 -8 -330 0 0 -1 0 1 0 1 0 0 4073.dat
1 19 50 -168 -280 0 0 -1 0 1 0 1 0 0 3710.dat
1 19 -50 -168 -280 0 0 -1 0 1 0 1 0 0 3710.dat
1 19 -50 -168 -220 0 0 -1 0 1 0 1 0 0 2412b.dat
1 4 -30 -168 260 0 0 -1 0 1 0 1 0 0 2412b.dat
1 7 0 -8 -180 1 0 0 0 1 0 0 0 1 2445.dat
1 7 86.63 -22 -138.888 0 -0.55557 0.83147 1 0 0 0 0.83147 0.55557 30554.dat
1 8 108.574 -22 -117.222 -0.83147 -0.55557 0 0 0 1 -0.55557 0.83147 0 30383.dat
1 8 150.147 -22 -89.443 -0.83147 -0.55557 0 0 0 1 -0.55557 0.83147 0 3623.dat
1 7 -50 -32 -170 0 0 -1 0 1 0 1 0 0 3622.dat
1 7 50 -32 -170 0 0 -1 0 1 0 1 0 0 3622.dat
1 7 0 0 70 -1 0 0 0 1 0 0 0 -1 2877.dat
1 7 0 0 -230 -1 0 0 0 1 0 0 0 -1 2877.dat
1 7 60 -56 -170 -1 0 0 0 1 0 0 0 -1 2877.dat
1 7 -60 -56 -170 -1 0 0 0 1 0 0 0 -1 2877.dat
1 1 -40 0 -230 1 0 0 0 1 0 0 0 1 3660.dat
1 1 106.888 -40 -96.7 -0.83147 0 0.55557 0 1 0 -0.55557 0 -0.83147 4592c01.dat
1 1 156.776 -40 -63.365 -0.83147 0 0.55557 0 1 0 -0.55557 0 -0.83147 4592c01.dat
1 1 40 0 -230 1 0 0 0 1 0 0 0 1 3660.dat
1 0 -70 0 -220 0 0 1 0 1 0 -1 0 0 30541.dat
1 0 70 0 -220 0 0 1 0 1 0 -1 0 0 30541.dat
1 0 -70 -56 -220 0 0 1 0 1 0 -1 0 0 30541.dat
1 0 70 -56 -220 0 0 1 0 1 0 -1 0 0 30541.dat
1 0 60 -64 -220 0 0 1 0 1 0 -1 0 0 3068b.dat
1 0 0 -200 -210 1 0 0 0 1 0 0 0 1 3297.dat
1 1 0 -224 -170 1 0 0 0 1 0 0 0 1 3004.dat
1 1 -30 -248 -130 1 0 0 0 1 0 0 0 1 6541.dat
1 1 30 -248 -130 1 0 0 0 1 0 0 0 1 6541.dat
1 7 0 -248 -170 1 0 0 0 1 0 0 0 1 32000.dat
1 0 -10 -238 -190 1 0 0 0 1 0 0 0 1 41532.dat
1 0 10 -238 -190 1 0 0 0 1 0 0 0 1 41532.dat
1 0 0 -178.618 -358.586 0 0 -1 -0.382683 0.92388 0 0.92388 0.382683 0 Part 4.ldr
1 8 0 -256 -180 1 0 0 0 1 0 0 0 1 3020.dat
1 8 0 -280 60 1 0 0 0 1 0 0 0 1 3020.dat
1 43 0 -248 -120 0 0 -1 0 1 0 1 0 0 6192.dat
1 1 0 -224 -110 -1 0 0 0 1 0 0 0 -1 3660.dat
1 0 0 16 -310 0 0 1 0 1 0 -1 0 0 3021.dat
1 0 -30 11 -310 0 0 1 0 1 0 -1 0 0 55300.dat
1 0 -30 11 -290 0 0 1 0 1 0 -1 0 0 55295.dat
1 0 30 11 -290 0 0 1 0 1 0 -1 0 0 55299.dat
1 0 30 11 -310 0 0 1 0 1 0 -1 0 0 55298.dat
1 0 0 0 -310 0 0 1 0 1 0 -1 0 0 3021.dat
1 0 0 -8 -290 1 0 0 0 1 0 0 0 1 3069bps6.dat
1 7 0 8 -330 1 0 0 0 1 0 0 0 1 4623.dat
1 7 -10 8 -310 0 0 1 0 1 0 -1 0 0 4085b.dat
1 7 -10 8 -290 0 0 1 0 1 0 -1 0 0 4085b.dat
1 7 10 8 -290 0 0 -1 0 1 0 1 0 0 4085b.dat
1 7 10 8 -310 0 0 -1 0 1 0 1 0 0 4085b.dat
1 0 20 -136 -530 1 0 0 0 1 0 0 0 1 3069b.dat
1 0 -20 -136 -530 1 0 0 0 1 0 0 0 1 3069b.dat
1 19 40 -168 -140 0 0 1 0 1 0 -1 0 0 3068b.dat
1 19 40 -176 40 0 0 1 0 1 0 -1 0 0 3020.dat
1 15 40 -176 -120 0 0 1 0 1 0 -1 0 0 2445.dat
1 15 -40 -176 -120 0 0 1 0 1 0 -1 0 0 2445.dat
1 19 -40 -176 40 0 0 1 0 1 0 -1 0 0 3020.dat
1 19 40 -168 -180 0 0 1 0 1 0 -1 0 0 3068b.dat
1 19 -40 -168 -140 0 0 1 0 1 0 -1 0 0 3068b.dat
1 19 -40 -168 -180 0 0 1 0 1 0 -1 0 0 3068b.dat
1 0 -60 -64 -220 0 0 1 0 1 0 -1 0 0 3068b.dat
1 0 0 -152 -120 0 0 1 0 1 0 -1 0 0 3007.dat
1 0 0 -152 40 0 0 1 0 1 0 -1 0 0 3007.dat
1 7 0 -128 -40 0 0 1 0 1 0 -1 0 0 2445.dat
1 0 60 -32 -220 0 0 1 0 1 0 -1 0 0 3003.dat
1 0 0 -104 -170 1 0 0 0 1 0 0 0 1 3455.dat
1 0 0 -104 -190 1 0 0 0 1 0 0 0 1 3455.dat
1 0 70 -56 100 -1 0 0 0 1 0 0 0 -1 4349.dat
1 38 70 -56 74 -1 0 0 0 0 1 0 1 0 4073.dat
1 0 70 -80 100 -1 0 0 0 1 0 0 0 -1 4349.dat
1 38 70 -80 74 -1 0 0 0 0 1 0 1 0 4073.dat
1 0 -70 -56 100 -1 0 0 0 1 0 0 0 -1 4349.dat
1 38 -70 -56 74 -1 0 0 0 0 1 0 1 0 4073.dat
1 0 -70 -80 100 -1 0 0 0 1 0 0 0 -1 4349.dat
1 38 -70 -80 74 -1 0 0 0 0 1 0 1 0 4073.dat
1 0 0 -80 110 1 0 0 0 1 0 0 0 1 30236.dat
1 25 0 -73 52 1 0 0 0 0 -1 0 1 0 2540.dat
1 0 0 -73 44 1 0 0 0 0 -1 0 1 0 3069bps6.dat
1 0 -60 -32 -220 0 0 1 0 1 0 -1 0 0 3003.dat
1 27 0 -56 100 1 0 0 0 1 0 0 0 1 3001.dat
1 27 0 -128 -180 1 0 0 0 1 0 0 0 1 3001.dat
1 27 -40 -80 -440 1 0 0 0 1 0 0 0 1 3001.dat
1 27 0 -80 -460 1 0 0 0 1 0 0 0 1 2577.dat
1 27 0 -80 -460 0 0 1 0 1 0 -1 0 0 2577.dat
1 15 -30 -104 -510 0 0 1 0 1 0 -1 0 0 3063.dat
1 15 30 -104 -510 1 0 0 0 1 0 0 0 1 3063.dat
1 15 -30 -128 -510 0 0 1 0 1 0 -1 0 0 3063.dat
1 15 30 -128 -510 1 0 0 0 1 0 0 0 1 3063.dat
1 15 20 -174.689 -530.093 0 -1 0 -0.295708 0 0.955278 -0.955278 0 -0.295708 2335.dat
1 15 50 -128 -490 1 0 0 0 1 0 0 0 1 3005.dat
1 15 -50 -128 -490 1 0 0 0 1 0 0 0 1 3005.dat
1 15 -70 -104 -450 0 0 -1 0 1 0 1 0 0 3622.dat
1 15 70 -104 -450 0 0 -1 0 1 0 1 0 0 3622.dat
1 15 50 -128 -450 0 0 -1 0 1 0 1 0 0 3038.dat
1 15 -50 -128 -450 0 0 1 0 1 0 -1 0 0 3038.dat
1 15 -50 -152 -420 1 0 0 0 1 0 0 0 1 42022.dat
1 15 50 -152 -420 1 0 0 0 1 0 0 0 1 42022.dat
1 15 -50 -184 -340 1 0 0 0 1 0 0 0 1 42022.dat
1 15 50 -184 -340 1 0 0 0 1 0 0 0 1 42022.dat
1 15 -50 -216 -260 1 0 0 0 1 0 0 0 1 42022.dat
1 15 50 -216 -260 1 0 0 0 1 0 0 0 1 42022.dat
1 15 -50 -248 -180 1 0 0 0 1 0 0 0 1 42022.dat
1 15 50 -248 -180 1 0 0 0 1 0 0 0 1 42022.dat
1 15 -50 -272 -100 1 0 0 0 1 0 0 0 1 42022.dat
1 15 50 -272 -100 1 0 0 0 1 0 0 0 1 42022.dat
1 15 -50 -296 -20 1 0 0 0 1 0 0 0 1 42022.dat
1 15 50 -296 -20 1 0 0 0 1 0 0 0 1 42022.dat
1 15 -10 -384 250 1 0 0 0 1 0 0 0 1 42022.dat
1 15 50 -152 -270 -1 0 0 0 1 0 0 0 -1 3665.dat
1 15 -50 -152 -270 -1 0 0 0 1 0 0 0 -1 3665.dat
1 15 -50 -128 -340 0 0 1 0 1 0 -1 0 0 4445.dat
1 15 50 -128 -340 0 0 -1 0 1 0 1 0 0 4445.dat
1 15 50 -152 -340 0 0 -1 0 1 0 1 0 0 3009.dat
1 15 -50 -152 -340 0 0 -1 0 1 0 1 0 0 3009.dat
1 15 -50 -160 -300 0 0 -1 0 1 0 1 0 0 3666.dat
1 15 50 -160 -300 0 0 -1 0 1 0 1 0 0 3666.dat
1 25 -50 -160 -400 0 0 -1 0 1 0 1 0 0 3710.dat
1 25 50 -160 -400 0 0 -1 0 1 0 1 0 0 3710.dat
1 25 50 -192 -340 0 0 -1 0 1 0 1 0 0 3023.dat
1 25 -50 -192 -340 0 0 -1 0 1 0 1 0 0 3023.dat
1 15 10 -128 -530 -1 0 0 0 1 0 0 0 -1 4286.dat
1 15 -10 -128 -530 -1 0 0 0 1 0 0 0 -1 4286.dat
1 15 -50 -104 -400 0 0 -1 0 1 0 1 0 0 2730.dat
1 15 50 -104 -400 0 0 -1 0 1 0 1 0 0 2730.dat
1 15 -10 -104 -510 0 0 -1 0 1 0 1 0 0 3622.dat
1 15 10 -104 -510 0 0 -1 0 1 0 1 0 0 3622.dat
1 27 40 -80 -440 1 0 0 0 1 0 0 0 1 3001.dat
1 27 0 -200 0 1 0 0 0 1 0 0 0 1 3001.dat
1 8 -20 -208 0 1 0 0 0 1 0 0 0 1 2460.dat
1 8 20 -208 0 1 0 0 0 1 0 0 0 1 2460.dat
1 2 50 -56 -190 0 0 1 0 1 0 -1 0 0 2357.dat
1 8 50 -80 -180 0 0 1 0 1 0 -1 0 0 3004.dat
1 8 -50 -80 -180 0 0 1 0 1 0 -1 0 0 3004.dat
1 2 -50 -56 -190 -1 0 0 0 1 0 0 0 -1 2357.dat
1 2 -50 -56 -230 -1 0 0 0 1 0 0 0 -1 3062b.dat
1 42 -30 -152 -190 -1 0 0 0 1 0 0 0 -1 3062b.dat
1 42 30 -152 -190 -1 0 0 0 1 0 0 0 -1 3062b.dat
1 2 50 -56 -230 -1 0 0 0 1 0 0 0 -1 3062b.dat
1 2 50 -80 -310 -1 0 0 0 1 0 0 0 -1 3062b.dat
1 2 -50 -80 -310 -1 0 0 0 1 0 0 0 -1 3062b.dat
1 2 70 -32 -310 -1 0 0 0 1 0 0 0 -1 3062b.dat
1 2 -70 -32 -310 -1 0 0 0 1 0 0 0 -1 3062b.dat
1 7 0 -104 100 1 0 0 0 1 0 0 0 1 2456.dat
1 7 0 -70 90 1 0 0 0 0.673013 0.739631 0 -0.739631 0.673013 30377.dat
1 19 50 -56 100 0 0 -1 0 1 0 1 0 0 30237.dat
1 19 -50 -56 100 0 0 1 0 1 0 -1 0 0 30237.dat
1 19 50 -80 100 0 0 -1 0 1 0 1 0 0 30237.dat
1 19 0 -128 100 0 0 -1 0 1 0 1 0 0 3003.dat
1 19 -50 -80 100 0 0 1 0 1 0 -1 0 0 30237.dat
1 7 -70 0 50 0 0 1 0 1 0 -1 0 0 3622.dat
1 7 70 0 50 0 0 1 0 1 0 -1 0 0 3622.dat
1 15 -40 0 70 -1 0 0 0 1 0 0 0 -1 3747a.dat
1 15 40 0 70 -1 0 0 0 1 0 0 0 -1 3747a.dat
1 15 0 -8 100 -1 0 0 0 1 0 0 0 -1 3795.dat
1 15 80 -8 40 0 0 -1 0 1 0 1 0 0 6179.dat
1 15 80 -8 -40 0 0 -1 0 1 0 1 0 0 6179.dat
1 15 80 -8 -120 0 0 -1 0 1 0 1 0 0 6179.dat
1 15 90 -56 -180 0 0 -1 0 1 0 1 0 0 3678b.dat
1 15 90 -56 -280 0 0 -1 0 1 0 1 0 0 3678b.dat
1 15 70 -104 -280 0 0 -1 0 1 0 1 0 0 3678b.dat
1 15 90 -56 -360 0 0 -1 0 1 0 1 0 0 4176.dat
1 15 70 -104 -360 0 0 -1 0 1 0 1 0 0 4176.dat
1 15 -90 -56 -360 0 0 1 0 1 0 -1 0 0 4176.dat
1 15 -70 -104 -360 0 0 1 0 1 0 -1 0 0 4176.dat
1 15 70 -104 -180 0 0 -1 0 1 0 1 0 0 3678b.dat
1 15 -90 -56 -180 0 0 1 0 1 0 -1 0 0 3678b.dat
1 15 -90 -56 -280 0 0 1 0 1 0 -1 0 0 3678b.dat
1 15 -70 -104 -280 0 0 1 0 1 0 -1 0 0 3678b.dat
1 15 -70 -104 -180 0 0 1 0 1 0 -1 0 0 3678b.dat
1 15 -80 -8 -120 0 0 1 0 1 0 -1 0 0 6179.dat
1 15 -80 -8 -40 0 0 1 0 1 0 -1 0 0 6179.dat
1 15 -80 -8 40 0 0 1 0 1 0 -1 0 0 6179.dat
1 7 0 -8 40 -1 0 0 0 1 0 0 0 -1 3031.dat
1 7 0 -160 120 -1 0 0 0 1 0 0 0 -1 3031.dat
1 320 30 -168 100 0 0 1 0 1 0 -1 0 0 6636.dat
1 320 -30 -168 100 0 0 1 0 1 0 -1 0 0 6636.dat
1 320 -10 -160 -40 0 0 1 0 1 0 -1 0 0 6636.dat
1 320 10 -160 -40 0 0 1 0 1 0 -1 0 0 6636.dat
1 2 10 -152 140 0 0 1 0 1 0 -1 0 0 32064a.dat
1 2 -10 -152 140 0 0 1 0 1 0 -1 0 0 32064a.dat
1 0 0 -142 140 1 0 0 0 1 0 0 0 1 3706.dat
1 0 50 -132 160 0 1 0 -1 0 0 0 0 1 2780.dat
1 0 -20 -286 210 1 0 0 0 1 0 0 0 1 2780.dat
1 0 -20 -326 210 1 0 0 0 1 0 0 0 1 2780.dat
1 8 -30 -306 210 0 1 0 0 0 1 1 0 0 32523.dat
1 0 -10 -352 210 0 0 -1 0 1 0 1 0 0 32529.dat
1 0 30 -238 -120 0 1 0 0 0 -1 -1 0 0 2780.dat
1 0 -30 -238 -120 0 1 0 0 0 -1 -1 0 0 2780.dat
0 SYNTH BEGIN TECHNIC_RIBBED_HOSE 135
0 1 0 -30 -238 -120 -1 0 0 0 0 -1 0 -1 0 LS02.dat
0 1 0 -30 -238 -100 -1 0 0 0 0 -1 0 -1 0 LS02.dat
0 1 0 -20 -232 0 -1 0 0 0 -1 0 0 0 1 LS02.dat
0 1 0 -20 -208 0 -1 0 0 0 -1 0 0 0 1 LS02.dat
0 SYNTH SHOW
0 SYNTH SYNTHESIZED BEGIN
1 135 -30 -238 -117.5 0 0 -1 1 0 0 0 -1 0 79.dat
1 135 -30 -238 -111.999 0 0 -1 1 0 0 0 1 0 80.dat
1 135 -30 -238 -106.498 0 0 -1 1 0 0 0 1 0 80.dat
1 135 -29.9834 -238.075 -100.999 0.0002 0.0066 -1 0.9995 -0.0301 -0 0.0301 0.9995 0.0066 80.dat
1 135 -29.9155 -238.38 -95.4987 0.0017 0.0192 -0.9998 0.9963 -0.0857 -0 0.0856 0.9961 0.0193 80.dat
1 135 -29.7804 -238.974 -90.0226 0.0057 0.0309 -0.9995 0.9909 -0.1343 0.0015 0.1342 0.9905 0.0313 80.dat
1 135 -29.5838 -239.818 -84.5895 0.0118 0.0416 -0.9991 0.9843 -0.1763 0.0043 0.1759 0.9835 0.043 80.dat
1 135 -29.33 -240.877 -79.1928 0.02 0.0515 -0.9985 0.9772 -0.2119 0.0086 0.2112 0.9759 0.0546 80.dat
1 135 -29.0229 -242.12 -73.8319 0.0303 0.0607 -0.9977 0.9703 -0.2416 0.0147 0.2402 0.9685 0.0663 80.dat
1 135 -28.6667 -243.51 -68.5146 0.0429 0.0694 -0.9967 0.9638 -0.2656 0.023 0.2631 0.9616 0.0783 80.dat
1 135 -28.2639 -245.02 -63.2314 0.0584 0.0776 -0.9953 0.9582 -0.284 0.0341 0.28 0.9557 0.0909 80.dat
1 135 -27.8174 -246.613 -57.986 0.0774 0.0854 -0.9933 0.9537 -0.2967 0.0488 0.2906 0.9511 0.1044 80.dat
1 135 -27.3276 -248.265 -52.7542 0.1006 0.0931 -0.9906 0.9504 -0.3035 0.068 0.2943 0.9483 0.1191 80.dat
1 135 -26.7951 -249.938 -47.5283 0.1293 0.1008 -0.9865 0.9482 -0.3036 0.0933 0.2901 0.9475 0.1348 80.dat
1 135 -26.2207 -251.59 -42.305 0.1644 0.1085 -0.9804 0.947 -0.2954 0.1261 0.2759 0.9492 0.1513 80.dat
1 135 -25.6019 -253.172 -37.058 0.2058 0.1166 -0.9716 0.9464 -0.2765 0.1672 0.2492 0.9539 0.1672 80.dat
1 135 -24.9388 -254.608 -31.7879 0.2501 0.1252 -0.9601 0.9461 -0.2421 0.2149 0.2056 0.9621 0.179 80.dat
1 135 -24.225 -255.797 -26.4513 0.2864 0.1345 -0.9486 0.948 -0.1836 0.2601 0.1391 0.9738 0.1801 80.dat
1 135 -23.4604 -256.557 -21.063 0.2938 0.1443 -0.9449 0.9551 -0.0835 0.2843 0.0378 0.986 0.1624 80.dat
1 135 -22.6456 -256.577 -15.641 0.249 0.1525 -0.9564 0.9599 0.0922 0.2646 -0.1285 0.984 0.1235 80.dat
1 135 -21.8129 -255.342 -10.4007 0.1546 0.1495 -0.9766 0.9014 0.3832 0.2014 -0.4044 0.9115 0.0755 80.dat
1 135 -21.0653 -252.398 -5.9336 0.0613 0.1189 -0.991 0.6865 0.7157 0.1283 -0.7245 0.6882 0.0377 80.dat
1 135 -20.5244 -247.976 -2.8458 0.0152 0.0737 -0.9972 0.409 0.9096 0.0734 -0.9124 0.409 0.0163 80.dat
1 135 -20.2066 -242.798 -1.0988 0.002 0.0385 -0.9993 0.2072 0.9776 0.0381 -0.9783 0.2071 0.006 80.dat
1 135 -20.0528 -237.365 -0.2768 -0.0003 0.0152 -0.9999 0.0796 0.9967 0.0151 -0.9968 0.0796 0.0015 80.dat
1 135 -20.007 -231.866 -0.0361 0 0.0001 -1 0.0005 1 0.0001 -1 0.0005 -0 80.dat
1 135 -20.0058 -226.364 -0.0301 0 0.0004 -1 0.0018 1 0.0004 -1 0.0018 -0 80.dat
1 135 -20.0035 -220.864 -0.018 0 0.0005 -1 0.0027 1 0.0005 -1 0.0027 0 80.dat
1 135 -20.0012 -215.362 -0.0061 0 0.0003 -1 0.0015 1 0.0003 -1 0.0015 0 79.dat
0 SYNTH SYNTHESIZED END
0 SYNTH END
0 SYNTH BEGIN TECHNIC_RIBBED_HOSE 135
0 1 4 30 -238 -120 -1 0 0 0 0 -1 0 -1 0 LS02.dat
0 1 4 30 -238 -100 -1 0 0 0 0 -1 0 -1 0 LS02.dat
0 1 4 20 -232 0 -1 0 0 0 -1 0 0 0 1 LS02.dat
0 1 4 20 -208 0 -1 0 0 0 -1 0 0 0 1 LS02.dat
0 SYNTH SHOW
0 SYNTH SYNTHESIZED BEGIN
1 135 30 -238 -117.5 0 0 -1 1 0 0 0 -1 0 79.dat
1 135 30 -238 -111.999 0 0 -1 1 0 0 0 1 0 80.dat
1 135 30 -238 -106.498 0 0 -1 1 0 0 0 1 0 80.dat
1 135 29.9834 -238.075 -100.999 -0.0002 -0.0066 -1 0.9995 -0.0301 0 0.0301 0.9995 -0.0066 80.dat
1 135 29.9155 -238.38 -95.4987 -0.0017 -0.0192 -0.9998 0.9963 -0.0857 0 0.0856 0.9961 -0.0193 80.dat
1 135 29.7804 -238.974 -90.0226 -0.0057 -0.0309 -0.9995 0.9909 -0.1343 -0.0015 0.1342 0.9905 -0.0313 80.dat
1 135 29.5838 -239.818 -84.5895 -0.0118 -0.0416 -0.9991 0.9843 -0.1763 -0.0043 0.1759 0.9835 -0.043 80.dat
1 135 29.33 -240.877 -79.1928 -0.02 -0.0515 -0.9985 0.9772 -0.2119 -0.0086 0.2112 0.9759 -0.0546 80.dat
1 135 29.0229 -242.12 -73.8319 -0.0303 -0.0607 -0.9977 0.9703 -0.2416 -0.0147 0.2402 0.9685 -0.0663 80.dat
1 135 28.6667 -243.51 -68.5146 -0.0429 -0.0694 -0.9967 0.9638 -0.2656 -0.023 0.2631 0.9616 -0.0783 80.dat
1 135 28.2639 -245.02 -63.2314 -0.0584 -0.0776 -0.9953 0.9582 -0.284 -0.0341 0.28 0.9557 -0.0909 80.dat
1 135 27.8174 -246.613 -57.986 -0.0774 -0.0854 -0.9933 0.9537 -0.2967 -0.0488 0.2906 0.9511 -0.1044 80.dat
1 135 27.3276 -248.265 -52.7542 -0.1006 -0.0931 -0.9906 0.9504 -0.3035 -0.068 0.2943 0.9483 -0.1191 80.dat
1 135 26.7951 -249.938 -47.5283 -0.1293 -0.1008 -0.9865 0.9482 -0.3036 -0.0933 0.2901 0.9475 -0.1348 80.dat
1 135 26.2207 -251.59 -42.305 -0.1644 -0.1085 -0.9804 0.947 -0.2954 -0.1261 0.2759 0.9492 -0.1513 80.dat
1 135 25.6019 -253.172 -37.058 -0.2058 -0.1166 -0.9716 0.9464 -0.2765 -0.1672 0.2492 0.9539 -0.1672 80.dat
1 135 24.9388 -254.608 -31.7879 -0.2501 -0.1252 -0.9601 0.9461 -0.2421 -0.2149 0.2056 0.9621 -0.179 80.dat
1 135 24.225 -255.797 -26.4513 -0.2864 -0.1345 -0.9486 0.948 -0.1836 -0.2601 0.1391 0.9738 -0.1801 80.dat
1 135 23.4604 -256.557 -21.063 -0.2938 -0.1443 -0.9449 0.9551 -0.0835 -0.2843 0.0378 0.986 -0.1624 80.dat
1 135 22.6456 -256.577 -15.641 -0.249 -0.1525 -0.9564 0.9599 0.0922 -0.2646 -0.1285 0.984 -0.1235 80.dat
1 135 21.8129 -255.342 -10.4007 -0.1546 -0.1495 -0.9766 0.9014 0.3832 -0.2014 -0.4044 0.9115 -0.0755 80.dat
1 135 21.0653 -252.398 -5.9336 -0.0613 -0.1189 -0.991 0.6865 0.7157 -0.1283 -0.7245 0.6882 -0.0377 80.dat
1 135 20.5244 -247.976 -2.8458 -0.0152 -0.0737 -0.9972 0.409 0.9096 -0.0734 -0.9124 0.409 -0.0163 80.dat
1 135 20.2066 -242.798 -1.0988 -0.002 -0.0385 -0.9993 0.2072 0.9776 -0.0381 -0.9783 0.2071 -0.006 80.dat
1 135 20.0528 -237.365 -0.2768 0.0003 -0.0152 -0.9999 0.0796 0.9967 -0.0151 -0.9968 0.0796 -0.0015 80.dat
1 135 20.007 -231.866 -0.0361 -0 -0.0001 -1 0.0005 1 -0.0001 -1 0.0005 0 80.dat
1 135 20.0058 -226.364 -0.0301 -0 -0.0004 -1 0.0018 1 -0.0004 -1 0.0018 0 80.dat
1 135 20.0035 -220.864 -0.018 -0 -0.0005 -1 0.0027 1 -0.0005 -1 0.0027 -0 80.dat
1 135 20.0012 -215.362 -0.0061 -0 -0.0003 -1 0.0015 1 -0.0003 -1 0.0015 -0 79.dat
0 SYNTH SYNTHESIZED END
0 SYNTH END
1 0 -40 -94 -320 1 0 0 0 1 0 0 0 1 2780.dat
1 0 -30 -104 -320 0 0 -1 0 1 0 1 0 0 2607.dat
1 0 0 -95 -320 0 1 0 0 0 1 1 0 0 2959c01.dat
1 0 0 -79 -320 0 1 0 0 0 1 1 0 0 2959c01.dat
1 8 0 -72 -320 0 0 -1 0 1 0 1 0 0 2609.dat
1 15 0 -64 -320 0 0 -1 0 1 0 1 0 0 30639.dat
1 0 -148 -132 306 0 1 0 0 0 1 1 0 0 Part 2.ldr
1 0 148 -130 206 0 -1 0 0 0 1 -1 0 0 Part 3.ldr
1 0 -50 -132 160 0 1 0 -1 0 0 0 0 1 2780.dat
1 0 50 -132 280 0 1 0 -1 0 0 0 0 1 2780.dat
1 0 -50 -132 280 0 1 0 -1 0 0 0 0 1 2780.dat
1 1 50 -142 140 1 0 0 0 0 -1 0 1 0 6536.dat
1 7 -70 0 -120 0 0 1 0 1 0 -1 0 0 2877.dat
1 7 -70 0 -40 0 0 1 0 1 0 -1 0 0 2877.dat
1 15 -70 0 -160 0 0 1 0 1 0 -1 0 0 3747a.dat
1 15 -70 0 -80 0 0 1 0 1 0 -1 0 0 3747a.dat
1 7 70 0 -120 0 0 -1 0 1 0 1 0 0 2877.dat
1 7 50 -192 -300 0 0 -1 0 1 0 1 0 0 2877.dat
1 7 50 -296 40 0 0 -1 0 1 0 1 0 0 3010.dat
1 7 -50 -296 40 0 0 -1 0 1 0 1 0 0 3010.dat
1 7 -50 -192 -300 0 0 1 0 1 0 -1 0 0 2877.dat
1 7 50 -192 -260 0 0 1 0 1 0 -1 0 0 4865b.dat
1 7 -50 -192 -260 0 0 -1 0 1 0 1 0 0 4865b.dat
1 7 70 0 -40 0 0 -1 0 1 0 1 0 0 2877.dat
1 7 -50 -200 80 0 0 -1 0 1 0 1 0 0 2877.dat
1 7 50 -200 80 0 0 1 0 1 0 -1 0 0 2877.dat
1 7 40 -224 -50 0 0 -1 0 1 0 1 0 0 92410.dat
1 7 -40 -224 -50 0 0 1 0 1 0 -1 0 0 92410.dat
1 15 57 -184 -26 1 0 0 0 -1 0 0 0 -1 4533.dat
1 15 -57 -184 -26 -1 0 0 0 1 0 0 0 -1 4533.dat
1 7 50 -200 -220 0 0 -1 0 1 0 1 0 0 2877.dat
1 7 -50 -200 -220 0 0 1 0 1 0 -1 0 0 2877.dat
1 4 60 -248 230 1 0 0 0 1 0 0 0 1 2744.dat
1 4 60 -248 90 1 0 0 0 1 0 0 0 1 2744.dat
1 4 -60 -248 230 -1 0 0 0 1 0 0 0 -1 2744.dat
1 4 -60 -248 90 -1 0 0 0 1 0 0 0 -1 2744.dat
1 15 70 0 -80 0 0 -1 0 1 0 1 0 0 3747a.dat
1 15 40 -152 -170 -1 0 0 0 1 0 0 0 -1 3747a.dat
1 15 50 -152 -190 1 0 0 0 1 0 0 0 1 3665.dat
1 15 -50 -152 -190 1 0 0 0 1 0 0 0 1 3665.dat
1 15 -50 -160 -180 0 0 -1 0 1 0 1 0 0 3666.dat
1 15 50 -160 -180 0 0 -1 0 1 0 1 0 0 3666.dat
1 25 0 -160 -190 -1 0 0 0 1 0 0 0 -1 3710.dat
1 25 0 -288 70 -1 0 0 0 1 0 0 0 -1 3710.dat
1 0 0 -296 70 1 0 0 0 1 0 0 0 1 4315.dat
1 7 0 -289.341 19.876 1 0 0 0 0.983096 -0.183094 0 0.183094 0.983096 4213.dat
1 15 0 -280.728 -70.067 1 0 0 0 0.983096 -0.183094 0 0.183094 0.983096 2413.dat
1 25 64 -190 -140 0 -1 0 0 0 1 -1 0 0 3023.dat
1 19 -50 -200 -130 0 0 1 0 1 0 -1 0 0 4070.dat
1 19 -50 -200 -150 0 0 1 0 1 0 -1 0 0 4070.dat
1 25 -64 -190 -140 0 1 0 0 0 1 1 0 0 3023.dat
1 7 0 -176 -160 -1 0 0 0 1 0 0 0 -1 30592.dat
1 7 0 -176 -120 -1 0 0 0 1 0 0 0 -1 30592.dat
1 7 0 -176 60 -1 0 0 0 1 0 0 0 -1 30592.dat
1 7 0 -224 80 -1 0 0 0 1 0 0 0 -1 30373.dat
1 7 -40 -296 230 -1 0 0 0 1 0 0 0 -1 30365.dat
1 7 40 -296 230 1 0 0 0 1 0 0 0 1 30365.dat
1 7 -40 -296 90 -1 0 0 0 1 0 0 0 -1 30365.dat
1 7 40 -296 90 1 0 0 0 1 0 0 0 1 30365.dat
1 7 -138.499 -268.451 130 0 0.382683 0.92388 0 0.92388 -0.382683 -1 0 0 Part 5.ldr
1 7 138.499 -268.451 190 0 -0.382683 -0.92388 0 0.92388 -0.382683 1 0 0 Part 6.ldr
1 7 0 -224 -140 -1 0 0 0 1 0 0 0 -1 30373.dat
1 7 0 -176 200 0 0 1 0 1 0 -1 0 0 3028.dat
1 8 40 -200 280 0 0 1 0 1 0 -1 0 0 3003.dat
1 8 -40 -200 280 0 0 1 0 1 0 -1 0 0 3003.dat
1 2 -30 -224 280 0 0 1 0 1 0 -1 0 0 32064a.dat
1 2 30 -224 280 0 0 1 0 1 0 -1 0 0 32064a.dat
1 4 -20 -214 280 1 0 0 0 1 0 0 0 1 32062.dat
1 4 20 -214 280 1 0 0 0 1 0 0 0 1 32062.dat
1 0 0 -214 280 1 0 0 0 -1 0 0 0 -1 32174.dat
1 15 50 -200 310 -1 0 0 0 1 0 0 0 -1 3665.dat
1 15 -50 -200 310 -1 0 0 0 1 0 0 0 -1 3665.dat
1 15 50 -224 330 -1 0 0 0 1 0 0 0 -1 3665.dat
1 15 -50 -224 330 -1 0 0 0 1 0 0 0 -1 3665.dat
1 15 -50 -224 290 0 0 1 0 1 0 -1 0 0 3622.dat
1 15 50 -224 290 0 0 1 0 1 0 -1 0 0 3622.dat
1 15 50 -296 270 0 0 1 0 1 0 -1 0 0 3622.dat
1 15 50 -304 290 0 0 1 0 1 0 -1 0 0 3623.dat
1 15 -10 -360 210 0 0 1 0 1 0 -1 0 0 3666.dat
1 15 -50 -304 290 0 0 1 0 1 0 -1 0 0 3623.dat
1 27 -50 -304 240 0 0 1 0 1 0 -1 0 0 2412b.dat
1 27 -50 -304 180 0 0 1 0 1 0 -1 0 0 2431.dat
1 27 0 -312 250 1 0 0 0 1 0 0 0 1 2431.dat
1 7 20 -304 210 1 0 0 0 1 0 0 0 1 2431.dat
1 7 10 -304 190 0 0 1 0 1 0 -1 0 0 30357.dat
1 0 0 -292.036 308.188 1 0 0 0 0.654741 0.755853 0 -0.755853 0.654741 4315.dat
1 15 0 -274.598 333.878 -1 0 0 0 0.654741 -0.755853 0 -0.755853 -0.654741 6179.dat
1 8 50 -304 240 0 0 1 0 1 0 -1 0 0 2412b.dat
1 15 -50 -296 270 0 0 1 0 1 0 -1 0 0 3622.dat
1 15 30 -248 -170 0 0 1 0 1 0 -1 0 0 3622.dat
1 15 -30 -248 -170 0 0 1 0 1 0 -1 0 0 3622.dat
1 15 50 -248 300 0 0 1 0 1 0 -1 0 0 3009.dat
1 15 50 -272 -20 0 0 1 0 1 0 -1 0 0 3009.dat
1 15 -50 -272 -20 0 0 1 0 1 0 -1 0 0 3009.dat
1 15 -50 -296 160 0 0 1 0 1 0 -1 0 0 3009.dat
1 15 0 -304 100 -1 0 0 0 1 0 0 0 -1 6180.dat
1 15 0 -272 240 1 0 0 0 1 0 0 0 1 2356.dat
1 15 0 -272 80 1 0 0 0 1 0 0 0 1 2356.dat
1 27 0 -296 260 1 0 0 0 1 0 0 0 1 3001.dat
1 7 0 -304 260 1 0 0 0 1 0 0 0 1 4213.dat
1 15 -50 -248 300 0 0 1 0 1 0 -1 0 0 3009.dat
1 15 50 -248 160 0 0 1 0 1 0 -1 0 0 3009.dat
1 15 50 -248 -40 0 0 1 0 1 0 -1 0 0 6112.dat
1 15 72 -180 -140 0 -1 0 0 0 1 -1 0 0 4150ps6.dat
1 15 -72 -180 -140 0 1 0 0 0 1 1 0 0 4150ps6.dat
1 15 -50 -248 -40 0 0 1 0 1 0 -1 0 0 6112.dat
1 15 50 -224 0 0 0 1 0 1 0 -1 0 0 3245a.dat
1 15 -50 -224 0 0 0 1 0 1 0 -1 0 0 3245a.dat
1 15 0 -224 80 1 0 0 0 1 0 0 0 1 2456.dat
1 15 40 -296 160 0 0 -1 0 1 0 1 0 0 2456.dat
1 2 10 -296 210 0 0 -1 0 1 0 1 0 0 3062b.dat
1 1 -10 -296 210 0 0 -1 0 1 0 1 0 0 6541.dat
1 15 0 -224 -140 1 0 0 0 1 0 0 0 1 2456.dat
1 15 -50 -248 160 0 0 1 0 1 0 -1 0 0 3009.dat
1 15 30 -248 270 -1 0 0 0 1 0 0 0 -1 3040b.dat
1 15 50 -272 330 -1 0 0 0 1 0 0 0 -1 3040b.dat
1 15 -50 -272 330 -1 0 0 0 1 0 0 0 -1 3040b.dat
1 15 50 -296 310 -1 0 0 0 1 0 0 0 -1 3040b.dat
1 15 -50 -296 310 -1 0 0 0 1 0 0 0 -1 3040b.dat
1 2 -50 -272 290 1 0 0 0 1 0 0 0 1 2357.dat
1 2 50 -272 290 0 0 -1 0 1 0 1 0 0 2357.dat
1 15 -30 -248 270 -1 0 0 0 1 0 0 0 -1 3040b.dat
1 15 -50 -224 -210 0 0 -1 0 1 0 1 0 0 3040b.dat
1 15 50 -224 -210 0 0 1 0 1 0 -1 0 0 3040b.dat
1 15 50 -224 200 0 0 1 0 1 0 -1 0 0 3307.dat
1 15 -50 -224 200 0 0 1 0 1 0 -1 0 0 3307.dat
1 15 -40 -152 -170 -1 0 0 0 1 0 0 0 -1 3747a.dat
1 15 70 0 -160 0 0 -1 0 1 0 1 0 0 3747a.dat
1 15 70 0 -190 0 0 -1 0 1 0 1 0 0 4287.dat
1 15 -70 0 -190 0 0 1 0 1 0 -1 0 0 4287.dat
1 15 -50 0 -80 0 0 -1 0 1 0 1 0 0 3039.dat
1 15 30 -128 100 0 0 -1 0 1 0 1 0 0 3039.dat
1 15 30 -152 180 0 0 -1 0 1 0 1 0 0 2730.dat
1 15 -30 -152 180 0 0 -1 0 1 0 1 0 0 2730.dat
1 15 50 -128 -180 0 0 -1 0 1 0 1 0 0 3039.dat
1 15 70 -32 -440 0 0 -1 0 1 0 1 0 0 3039.dat
1 15 -70 -32 -440 0 0 1 0 1 0 -1 0 0 3039.dat
1 15 -50 -128 -180 0 0 1 0 1 0 -1 0 0 3039.dat
1 15 -30 -128 100 0 0 1 0 1 0 -1 0 0 3039.dat
1 15 0 0 10 1 0 0 0 1 0 0 0 1 3039.dat
1 15 0 -32 90 1 0 0 0 1 0 0 0 1 4445.dat
1 15 137.388 -22 -88.347 -0.83147 -0.55557 0 0 0 1 -0.55557 0.83147 0 30414.dat
1 7 146.276 -22 -101.65 -0.83147 -0.55557 0 0 0 1 -0.55557 0.83147 0 4625.dat
1 40 148.5 -16 -104.977 0.83147 0 -0.55557 0 1 0 0.55557 0 0.83147 30083ps0.dat
1 7 -84.143 -22 -135.857 0 0.707107 -0.707107 -1 0 0 0 0.707107 0.707107 30554.dat
1 8 -101.356 -22 -110.645 0.707107 0.707107 0 0 0 -1 -0.707107 0.707107 0 30383.dat
1 8 -136.711 -22 -75.289 -0.707107 0.707107 0 0 0 1 0.707107 0.707107 0 3623.dat
1 1 -138.125 -40 -48.419 -0.707107 0 -0.707107 0 1 0 0.707107 0 -0.707107 4592c01.dat
1 1 -95.699 -40 -90.846 -0.707107 0 -0.707107 0 1 0 0.707107 0 -0.707107 4592c01.dat
1 15 -123.983 -22 -76.704 -0.707107 0.707107 0 0 0 1 0.707107 0.707107 0 30414.dat
1 7 -135.296 -22 -88.017 -0.707107 0.707107 0 0 0 1 0.707107 0.707107 0 4625.dat
1 40 -138.126 -16 -90.846 0.707107 0 0.707107 0 1 0 -0.707107 0 0.707107 30083ps0.dat
1 36 -40 -32 110 1 0 0 0 1 0 0 0 1 3065.dat
1 36 40 -32 110 1 0 0 0 1 0 0 0 1 3065.dat
1 15 50 0 -80 0 0 1 0 1 0 -1 0 0 3039.dat
1 15 0 0 -170 -1 0 0 0 1 0 0 0 -1 3039.dat
1 15 70 0 0 0 0 -1 0 1 0 1 0 0 3747a.dat
1 15 -70 0 0 0 0 1 0 1 0 -1 0 0 3747a.dat
1 1 -50 -142 140 1 0 0 0 0 -1 0 1 0 6536.dat
1 2 10 -152 260 0 0 1 0 1 0 -1 0 0 32064a.dat
1 2 -10 -152 260 0 0 1 0 1 0 -1 0 0 32064a.dat
1 0 0 -142 260 1 0 0 0 1 0 0 0 1 3706.dat
1 1 50 -142 260 1 0 0 0 0 -1 0 1 0 6536.dat
1 1 -50 -142 260 1 0 0 0 0 -1 0 1 0 6536.dat
1 8 70 0 -280 0 0 -1 0 1 0 1 0 0 30540.dat
1 8 -70 0 -280 0 0 -1 0 1 0 1 0 0 30540.dat
1 8 70 -56 -280 0 0 -1 0 1 0 1 0 0 30540.dat
1 8 -70 -56 -280 0 0 -1 0 1 0 1 0 0 30540.dat
1 8 -40 24 -400 0 0 -1 0 1 0 1 0 0 30503.dat
1 8 40 24 -400 -1 0 0 0 1 0 0 0 -1 30503.dat
1 8 -40 24 -480 0 0 1 0 1 0 -1 0 0 30503.dat
1 8 40 24 -480 1 0 0 0 1 0 0 0 1 30503.dat
1 27 10 0 -510 1 0 0 0 1 0 0 0 1 3665.dat
1 27 10 -24 -510 0 0 -1 0 1 0 1 0 0 3622.dat
1 27 -10 -24 -510 0 0 -1 0 1 0 1 0 0 3622.dat
1 2 -10 -24 -420 0 0 -1 0 1 0 1 0 0 32064a.dat
1 2 -10 -32 -480 0 0 -1 0 1 0 1 0 0 3666.dat
1 2 10 -32 -480 0 0 -1 0 1 0 1 0 0 3666.dat
1 36 -10 -32 -410 0 0 -1 0 1 0 1 0 0 4073.dat
1 36 10 -32 -410 0 0 -1 0 1 0 1 0 0 4073.dat
1 2 10 -24 -420 0 0 -1 0 1 0 1 0 0 32064a.dat
1 4 -20 -14 -420 -1 0 0 0 1 0 0 0 -1 32062.dat
1 4 20 -14 -420 -1 0 0 0 1 0 0 0 -1 32062.dat
1 15 -30 -14 -440 0 -1 0 1 0 0 0 0 1 32174.dat
1 15 30 -14 -440 0 -1 0 1 0 0 0 0 1 32174.dat
1 27 -10 0 -510 1 0 0 0 1 0 0 0 1 3665.dat
1 27 -70 -56 -450 1 0 0 0 1 0 0 0 1 3665.dat
1 27 -70 -56 -430 -1 0 0 0 1 0 0 0 -1 3665.dat
1 27 -70 -56 -310 0 0 -1 0 1 0 1 0 0 3665.dat
1 27 70 -56 -310 0 0 1 0 1 0 -1 0 0 3665.dat
1 27 70 -56 -450 1 0 0 0 1 0 0 0 1 3665.dat
1 27 10 -56 -530 0 0 -1 0 1 0 1 0 0 3665.dat
1 27 -10 -56 -530 0 0 1 0 1 0 -1 0 0 3665.dat
1 27 70 -56 -430 -1 0 0 0 1 0 0 0 -1 3665.dat
1 27 50 0 -270 1 0 0 0 1 0 0 0 1 3665.dat
1 27 -50 0 -270 1 0 0 0 1 0 0 0 1 3665.dat
1 7 -10 0 -460 0 0 -1 0 1 0 1 0 0 3010.dat
1 7 -80 -8 -370 1 0 0 0 1 0 0 0 1 2413.dat
1 7 -30 -14 -460 0.887011 -0.461749 0 0 0 1 -0.461749 -0.887011 0 32474.dat
1 7 -48.01 -14 -494.595 0.887011 0 0.461749 0 1 0 -0.461749 0 0.887011 2994.dat
1 8 -54.935 -14 -507.899 -0.887011 0.461749 0 0 0 1 0.461749 0.887011 0 4032a.dat
1 8 -102.956 -14 -600.146 -0.887011 0.461749 0 0 0 1 0.461749 0.887011 0 30374.dat
1 7 -66.017 -14 -529.186 -0.887011 0.461749 0 0 0 1 0.461749 0.887011 0 30367b.dat
1 7 -77.098 -14 -550.474 -0.887011 0.461749 0 0 0 1 0.461749 0.887011 0 4589.dat
1 7 -36.463 -14 -472.417 0.887011 0 0.461749 0 1 0 -0.461749 0 0.887011 32123b.dat
1 2 -44.777 -14 -488.384 0.461749 0.887011 0 0 0 1 0.887011 -0.461749 0 3705.dat
0 MLCAD BTG Group name2
1 7 0 -208.328 300.694 0 0 -1 -0.901833 0.432086 0 0.432086 0.901833 0 32474.dat
0 MLCAD BTG Group name2
1 7 0 -191.477 335.868 0 -1 0 -0.901833 0 -0.432086 0.432086 0 -0.901833 2994.dat
0 MLCAD BTG Group name2
1 8 0 -184.995 349.393 0 0 -1 0.901833 -0.432086 0 -0.432086 -0.901833 0 4032a.dat
0 MLCAD BTG Group name2
1 8 0 -140.057 443.181 0 0 -1 0.901833 -0.432086 0 -0.432086 -0.901833 0 30374.dat
0 MLCAD BTG Group name2
1 7 0 -174.629 371.037 0 0 -1 0.901833 -0.432086 0 -0.432086 -0.901833 0 30367b.dat
0 MLCAD BTG Group name2
1 7 0 -164.257 392.681 0 0 -1 0.901833 -0.432086 0 -0.432086 -0.901833 0 4589.dat
0 MLCAD BTG Group name2
1 7 0 -202.273 313.317 0 -1 0 -0.901833 0 -0.432086 0.432086 0 -0.901833 32123b.dat
0 MLCAD BTG Group name2
1 2 0 -194.504 329.554 0 0 -1 -0.432086 -0.901833 0 -0.901833 0.432086 0 3705.dat
0 GROUP 8 Group name2
1 7 30 -14 -460 -0.887011 0.461749 0 0 0 -1 -0.461749 -0.887011 0 32474.dat
1 7 48.01 -14 -494.595 -0.887011 0 -0.461749 0 -1 0 -0.461749 0 0.887011 2994.dat
1 8 54.935 -14 -507.899 0.887011 -0.461749 0 0 0 -1 0.461749 0.887011 0 4032a.dat
1 8 102.956 -14 -600.146 0.887011 -0.461749 0 0 0 -1 0.461749 0.887011 0 30374.dat
1 7 66.017 -14 -529.186 0.887011 -0.461749 0 0 0 -1 0.461749 0.887011 0 30367b.dat
1 7 77.098 -14 -550.474 0.887011 -0.461749 0 0 0 -1 0.461749 0.887011 0 4589.dat
1 7 36.463 -14 -472.417 -0.887011 0 -0.461749 0 -1 0 -0.461749 0 0.887011 32123b.dat
1 2 44.777 -14 -488.384 -0.461749 -0.887011 0 0 0 -1 0.887011 -0.461749 0 3705.dat
1 7 -70 -32 -280 0 0 -1 0 1 0 1 0 0 3039ps3.dat
1 7 70 -32 -280 0 0 1 0 1 0 -1 0 0 3039ps3.dat
1 7 80 -8 -370 1 0 0 0 1 0 0 0 1 2413.dat
1 7 10 0 -460 0 0 -1 0 1 0 1 0 0 3010.dat
1 7 10 -56 -480 0 0 -1 0 1 0 1 0 0 3010.dat
1 7 10 -56 -430 -1 0 0 0 1 0 0 0 -1 3040b.dat
1 7 -10 -56 -430 -1 0 0 0 1 0 0 0 -1 3040b.dat
1 7 -20 -104 -430 1 0 0 0 1 0 0 0 1 3298.dat
1 7 20 -104 -430 1 0 0 0 1 0 0 0 1 3298.dat
1 7 -10 -56 -480 0 0 -1 0 1 0 1 0 0 3010.dat
1 15 -70 0 -380 0 0 -1 0 1 0 1 0 0 3008.dat
1 15 70 0 -380 0 0 -1 0 1 0 1 0 0 3008.dat
1 15 10 0 -410 0 0 -1 0 1 0 1 0 0 4286.dat
1 15 -10 0 -410 0 0 1 0 1 0 -1 0 0 4286.dat
1 15 -90 0 -280 0 0 1 0 1 0 -1 0 0 3660.dat
1 15 100 0 -360 1 0 0 0 1 0 0 0 1 41765.dat
1 15 -100 0 -360 1 0 0 0 1 0 0 0 1 41764.dat
1 15 90 0 -280 0 0 -1 0 1 0 1 0 0 3660.dat
0
0 FILE Part 2.ldr
0 Part 2
0 Name: Part 2.ldr
0 Author: R Paluczak
0 Unofficial Model
0 ROTATION CENTER 0 0 0 1 "Custom" 
0 ROTATION CONFIG 0 0
1 15 -50 24 0 1 0 0 0 1 0 0 0 1 3029.dat
1 8 -140 32 -30 1 0 0 0 1 0 0 0 1 3623.dat
1 25 -30 32 -30 1 0 0 0 1 0 0 0 1 3710.dat
1 15 -70 40 -30 1 0 0 0 1 0 0 0 1 4477.dat
1 1 -90 32 -20 0 0 -1 0 1 0 1 0 0 2444.dat
1 1 30 32 -20 0 0 -1 0 1 0 1 0 0 2444.dat
1 1 30 42 10 -0.707107 0 -0.707107 -0.707107 0 0.707107 0 1 0 30397.dat
1 1 -90 42 10 -0.707107 0 -0.707107 -0.707107 0 0.707107 0 1 0 30397.dat
1 15 -50 16 60 0 0 -1 0 1 0 1 0 0 30355.dat
1 0 -140 8 40 0 0 -1 0 1 0 1 0 0 2431.dat
1 0 -80 8 40 0 0 -1 0 1 0 1 0 0 2431.dat
1 0 -90 42 0 0 0 -1 0 1 0 1 0 0 2780.dat
1 0 30 42 0 0 -0.707107 -0.707107 0 0.707107 -0.707107 1 0 0 2780.dat
1 0 -20 8 20 0 0 -1 0 1 0 1 0 0 3069b.dat
1 0 40 8 20 0 0 -1 0 1 0 1 0 0 3069b.dat
0
0 FILE Part 3.ldr
0 Part 3
0 Name: Part 3.ldr
0 Author: R Paluczak
0 Unofficial Model
0 ROTATION CENTER 0 0 0 1 "Custom" 
0 ROTATION CONFIG 0 0
1 15 -50 24 0 1 0 0 0 1 0 0 0 1 3029.dat
1 8 40 32 -30 1 0 0 0 1 0 0 0 1 3623.dat
1 25 -70 32 -30 1 0 0 0 1 0 0 0 1 3710.dat
1 15 -30 40 -30 1 0 0 0 1 0 0 0 1 4477.dat
1 1 -130 32 -20 0 0 -1 0 1 0 1 0 0 2444.dat
1 1 -10 32 -20 0 0 -1 0 1 0 1 0 0 2444.dat
1 1 -10 42 10 0.707107 0 0.707107 -0.707107 0 0.707107 0 -1 0 30397.dat
1 1 -130 42 10 0.707107 0 0.707107 -0.707107 0 0.707107 0 -1 0 30397.dat
1 15 -50 16 60 0 0 1 0 1 0 -1 0 0 30356.dat
1 0 -20 8 40 0 0 -1 0 1 0 1 0 0 2431.dat
1 0 40 8 40 0 0 -1 0 1 0 1 0 0 2431.dat
1 0 -130 42 0 0 0 -1 0 1 0 1 0 0 2780.dat
1 0 -10 42 0 0 -0.707107 -0.707107 0 0.707107 -0.707107 1 0 0 2780.dat
1 0 -80 8 20 0 0 -1 0 1 0 1 0 0 3069b.dat
1 0 -140 8 20 0 0 -1 0 1 0 1 0 0 3069b.dat
0 
0
0 FILE Part 4.ldr
0 Part 4
0 Name: Part 4.ldr
0 Author: R Paluczak
0 Unofficial Model
0 ROTATION CENTER 0 0 0 1 "Custom" 
0 ROTATION CONFIG 0 0
1 0 10 24 0 1 0 0 0 1 0 0 0 1 2445.dat
1 0 -120 24 30 -1 0 0 0 1 0 0 0 -1 2420.dat
1 0 -120 24 -30 0 0 -1 0 1 0 1 0 0 2420.dat
1 25 140 24 0 0 0 -1 0 1 0 1 0 0 3023.dat
1 25 160 -48 0 0 0 -1 0 1 0 1 0 0 3023.dat
1 25 20 -48 0 0 0 -1 0 1 0 1 0 0 3023.dat
1 7 110 0 0 -1 0 0 0 1 0 0 0 -1 4854.dat
1 7 130 -8 10 1 0 0 0 1 0 0 0 1 30365.dat
1 7 130 -8 -10 1 0 0 0 1 0 0 0 1 30365.dat
1 4 100 -16 0 0 0 1 0 1 0 -1 0 0 2432.dat
1 4 160 -64 0 0 0 1 0 1 0 -1 0 0 2412b.dat
1 4 20 -64 0 0 0 1 0 1 0 -1 0 0 2412b.dat
1 4 -120 -64 0 0 0 1 0 1 0 -1 0 0 2412b.dat
1 4 70 -32 30 1 0 0 0 1 0 0 0 1 43337.dat
1 4 70 -32 -30 -1 0 0 0 1 0 0 0 -1 43337.dat
1 4 -40 -16 0 0 0 1 0 1 0 -1 0 0 2432.dat
1 27 10 -8 0 1 0 0 0 1 0 0 0 1 3001.dat
1 7 -90 0 0 -1 0 0 0 1 0 0 0 -1 4854.dat
1 8 -100 -8 0 0 0 1 0 1 0 -1 0 0 3747a.dat
1 8 150 -40 0 0 0 1 0 1 0 -1 0 0 3022.dat
1 8 10 -40 0 0 0 1 0 1 0 -1 0 0 3022.dat
1 40 -50 -40 0 0 0 -1 0 1 0 1 0 0 41883.dat
1 40 90 -40 0 0 0 -1 0 1 0 1 0 0 41883.dat
1 8 -140 -64 0 0 0 1 0 1 0 -1 0 0 2540.dat
1 8 -130 -48 0 0 0 1 0 1 0 -1 0 0 3022.dat
1 1 -130 -40 0 0 0 1 0 1 0 -1 0 0 3022.dat
1 8 40 -32 0 0 0 1 0 1 0 -1 0 0 3004.dat
1 8 -100 -32 0 0 0 1 0 1 0 -1 0 0 3004.dat
1 0 -100 -40 0 0 0 1 0 1 0 -1 0 0 3069bps6.dat
1 0 40 -40 0 0 0 1 0 1 0 -1 0 0 3069bps6.dat
1 320 140 -32 20 1 0 0 0 1 0 0 0 1 3002.dat
1 320 140 -32 -20 1 0 0 0 1 0 0 0 1 3002.dat
1 320 160 -64 -10 1 0 0 0 1 0 0 0 1 6091.dat
1 320 160 -64 10 -1 0 0 0 1 0 0 0 -1 6091.dat
1 320 20 -64 -10 1 0 0 0 1 0 0 0 1 6091.dat
1 320 20 -64 10 -1 0 0 0 1 0 0 0 -1 6091.dat
1 320 -120 -64 -10 1 0 0 0 1 0 0 0 1 6091.dat
1 320 -120 -64 10 -1 0 0 0 1 0 0 0 -1 6091.dat
1 320 -140 -64 -10 1 0 0 0 1 0 0 0 1 6091.dat
1 320 -140 -64 10 -1 0 0 0 1 0 0 0 -1 6091.dat
1 4 -70 -32 30 1 0 0 0 1 0 0 0 1 43337.dat
1 4 -70 -32 -30 -1 0 0 0 1 0 0 0 -1 43337.dat
1 320 0 -32 20 1 0 0 0 1 0 0 0 1 3002.dat
1 4 -130 -32 0 0 0 -1 0 1 0 1 0 0 3001.dat
1 320 0 -32 -20 1 0 0 0 1 0 0 0 1 3002.dat
1 7 -70 -8 -30 -1 0 0 0 1 0 0 0 -1 3460.dat
1 7 -70 -8 30 -1 0 0 0 1 0 0 0 -1 3460.dat
1 7 90 -8 -30 -1 0 0 0 1 0 0 0 -1 3460.dat
1 7 90 -8 30 -1 0 0 0 1 0 0 0 -1 3460.dat
1 7 -30 0 0 -1 0 0 0 1 0 0 0 -1 4871.dat
1 7 10 0 0 -1 0 0 0 1 0 0 0 -1 4871.dat
1 7 50 0 0 -1 0 0 0 1 0 0 0 -1 4871.dat
1 15 -140 0 30 -1 0 0 0 1 0 0 0 -1 3005.dat
1 15 -140 0 -30 -1 0 0 0 1 0 0 0 -1 3005.dat
0
0 FILE Part 5.ldr
0 Part 5
0 Name: Part 5.ldr
0 Author: R Paluczak
0 Unofficial Model
0 ROTATION CENTER 0 0 0 1 "Custom" 
0 ROTATION CONFIG 0 0
1 15 -30 24 0 1 0 0 0 1 0 0 0 1 3028.dat
1 15 -30 16 -200 1 0 0 0 1 0 0 0 1 41539.dat
1 15 -110 24 -150 1 0 0 0 1 0 0 0 1 2413.dat
1 15 50 24 -150 1 0 0 0 1 0 0 0 1 2413.dat
1 15 30 24 -330 1 0 0 0 1 0 0 0 1 2413.dat
1 15 10 -56 20 0 0 1 1 0 0 0 1 0 41531.dat
1 15 -30 -56 20 0 0 1 1 0 0 0 1 0 41531.dat
1 15 -70 -56 20 0 0 1 1 0 0 0 1 0 41531.dat
1 15 -90 24 -330 1 0 0 0 1 0 0 0 1 2413.dat
1 320 60 0 40 0 0 -1 0 1 0 1 0 0 3039.dat
1 320 60 0 0 1 0 0 0 1 0 0 0 1 41748.dat
1 320 60 16 -120 0 0 -1 0 1 0 1 0 0 2412b.dat
1 320 -30 16 -410 -1 0 0 0 1 0 0 0 -1 3460.dat
1 27 -90 16 -370 -1 0 0 0 1 0 0 0 -1 2412b.dat
1 27 -90 16 -310 -1 0 0 0 1 0 0 0 -1 2412b.dat
1 320 10 8 -140 0 0 1 0 1 0 -1 0 0 41770.dat
1 7 -120 0 40 0 0 1 0 1 0 -1 0 0 3039.dat
1 7 -120 0 0 1 0 0 0 1 0 0 0 1 41747.dat
1 7 -258 -56 20 0 1 0 0 0 -1 -1 0 0 30367b.dat
1 8 -234 -56 20 0 1 0 0 0 -1 -1 0 0 4032a.dat
1 8 -194 -56 20 0 1 0 0 0 -1 -1 0 0 4032a.dat
1 2 -202 -56 20 -1 0 0 0 0 -1 0 -1 0 3705.dat
1 0 -61 -56 20 -1 0 0 0 0 -1 0 -1 0 3737.dat
1 0 104 -56 20 -1 0 0 0 0 -1 0 -1 0 3706.dat
1 0 189 -56 20 0 -1 0 0 0 -1 1 0 0 4095.dat
1 0 305 -56 20 0 -1 0 0 0 -1 1 0 0 4589.dat
1 7 313 -56 20 0 -1 0 0 0 -1 1 0 0 4073.dat
1 0 337 -56 20 0 -1 0 0 0 -1 1 0 0 4589.dat
1 0 361 -56 20 0 -1 0 0 0 -1 1 0 0 4589.dat
1 320 57 -56 20 0 0 1 -1 0 0 0 -1 0 2695.dat
1 320 113 -56 20 0 -1 0 -1 0 0 0 0 -1 6233.dat
1 320 185 -56 20 0 -1 0 -1 0 0 0 0 -1 3942b.dat
1 4 137 -56 20 0 -1 0 -1 0 0 0 0 -1 3941.dat
1 15 -186 -56 20 0 1 0 0 0 -1 -1 0 0 6259.dat
1 320 -186 -56 20 0 1 0 0 0 1 1 0 0 6259.dat
1 7 -206 -56 20 0 0 -1 0 -1 0 -1 0 0 2994.dat
1 7 20 16 -340 0 0 1 0 1 0 -1 0 0 4625.dat
1 40 26 12 -340 0 1 0 0 0 1 1 0 0 30083ps0.dat
1 8 -30 0 20 1 0 0 0 1 0 0 0 1 2456.dat
1 19 -30 -8 20 1 0 0 0 1 0 0 0 1 3832.dat
1 7 -30 16 -10 1 0 0 0 1 0 0 0 1 3460.dat
1 15 -30 0 -60 1 0 0 0 1 0 0 0 1 4515.dat
1 8 -100 0 40 0 0 -1 0 1 0 1 0 0 30364.dat
1 8 40 0 40 0 0 -1 0 1 0 1 0 0 30364.dat
1 8 10 -16 20 0 0 -1 0 1 0 1 0 0 2460.dat
1 8 -30 -16 20 0 0 -1 0 1 0 1 0 0 2460.dat
1 8 -30 16 -290 -1 0 0 0 1 0 0 0 -1 4162.dat
1 8 -30 16 -390 -1 0 0 0 1 0 0 0 -1 4162.dat
