0 Scarab Attack
0 Name: 7305 Scarab Attack.ldr
0 Author: StasSmirnov
0 Official Model
0 !COLOUR SandBlue CODE 64 VALUE #88A2B5 EDGE 0 ALPHA 255
0 !COLOUR Chrome CODE 65 VALUE #A1A29B EDGE 0 ALPHA 255
0 !COLOUR Silver CODE 66 VALUE #C7C7C7 EDGE 0 ALPHA 255
0 !COLOUR Gold CODE 67 VALUE #BBBD39 EDGE 0 ALPHA 255
0 !COLOUR Pearl_Very_Light_Grey CODE 150 VALUE #BBBDBC EDGE #333333 ALPHA 255
0 !COLOUR Olive_Green CODE 326 VALUE #9B9A5A EDGE #333333 ALPHA 255
0 !COLOUR unused CODE 330 VALUE #7F7F7F EDGE #000000 ALPHA 255
0 !COLOUR unused CODE 350 VALUE #7F7F7F EDGE #000000 ALPHA 255
0 ROTATION CENTER 0 0 0 1 "Custom" 
0 ROTATION CONFIG -2 0
1 0 -69.282 -24 -40 0.866025 0 -0.5 0 1 0 0.5 0 0.866025 62810.dat
1 14 -69.282 -24 -40 0.866025 0 -0.5 0 1 0 0.5 0 0.866025 3626bpq2.dat
1 19 -69.282 0 -40 0.866025 0 -0.5 0 1 0 0.5 0 0.866025 973pq3.dat
1 28 -69.282 32 -40 0.866025 0 -0.5 0 1 0 0.5 0 0.866025 3815.dat
1 19 -82.75 9 -47.776 0.853035 -0.147224 -0.5 0.17 0.985 0 0.4925 -0.085 0.866025 3818.dat
1 19 -55.814 9 -32.224 0.853035 0.147224 -0.5 -0.17 0.985 0 0.4925 0.085 0.866025 3819.dat
1 14 -84.787 26.596 -60.87 0.853035 -0.457588 -0.249412 0.17 0.696395 -0.696395 0.4925 0.552185 0.672375 3820.dat
1 14 -43.456 26.596 -37.007 0.853035 -0.249412 -0.457588 -0.17 0.696395 -0.696395 0.4925 0.672375 0.552185 3820.dat
1 72 -78.509 28.807 -72.508 0.790013 -0.504218 -0.347505 -0.0542438 0.506976 -0.85927 0.609935 0.698334 0.373436 30141.dat
1 72 -35.817 35.908 -44.398 -0.591216 -0.724711 0.352666 -0.771272 0.382659 -0.506976 0.23273 -0.572233 -0.785832 30162.dat
1 28 -69.282 44 -40 0.866025 0 -0.5 0 1 0 0.5 0 0.866025 3816.dat
1 28 -69.282 44 -40 0.866025 0 -0.5 0 1 0 0.5 0 0.866025 3817.dat
1 70 -16.153 64 36.804 0.642788 0 0.766044 0 1 0 -0.766044 0 0.642788 61780.dat
1 72 -16.153 24 36.804 0.642788 0 0.766044 0 1 0 -0.766044 0 0.642788 3841.dat
1 297 -120 72 -60 1 0 0 0 1 0 0 0 1 30385.dat
1 28 -128.109 64 24.186 0.866025 0 -0.499999 0 1 0 0.499999 0 0.866025 2450.dat
1 70 -161.41 64 -18.135 0.499999 0 0.866025 0 1 0 -0.866025 0 0.499999 3021.dat
1 70 -152.75 56 -13.135 -0.866025 0 0.499999 0 1 0 -0.499999 0 -0.866025 3623.dat
1 0 -170.07 48 -23.135 -0.499999 0 -0.866025 0 1 0 0.866025 0 -0.499999 2555.dat
1 38 -171.802 42 -24.135 0 -0.866025 0.499999 -1 0 0 0 -0.499999 -0.866025 64647.dat
1 0 -145.429 32 14.186 -0.965925 0 -0.258819 0 1 0 0.258819 0 -0.965925 2555.dat
1 484 -150.605 36 -5.133 0.965925 0.0669875 0.25 0 0.965926 -0.258819 -0.258819 0.25 0.933012 33057.dat
1 19 -141.769 40 27.846 0.866025 0 -0.499999 0 1 0 0.499999 0 0.866025 3003.dat
1 4 -138.109 16 41.506 0.499999 0 0.866025 0 1 0 -0.866025 0 0.499999 3899.dat
1 0 136.709 46 -102.042 0.866025 0 0.5 0 1 0 -0.5 0 0.866025 30033.dat
1 71 162.784 48 -117.097 0 0.866025 -0.5 1 0 0 0 -0.5 -0.866025 48729.dat
1 71 141.02 46 -130.257 0 0.258819 -0.965925 1 0 0 0 -0.965925 -0.258819 48729.dat
1 71 163.648 46 -91.065 0 0.965925 0.258819 1 0 0 0 0.258819 -0.965925 48729.dat
1 71 126.383 46 -69.552 0 -0.258819 0.965925 1 0 0 0 0.965925 0.258819 48729.dat
1 71 103.756 46 -108.743 0 -0.965925 -0.258819 1 0 0 0 -0.258819 0.965925 48729.dat
1 71 149.323 46 -73.818 0 0.5 0.866024 1 0 0 0 0.866024 -0.5 48729.dat
1 71 119.32 46 -125.785 0 -0.5 -0.866024 1 0 0 0 -0.866024 0.5 48729.dat
1 0 174.32 64 -30.522 -0.5 0 -0.866024 0 -1 0 -0.866024 0 0.5 53989.dat
1 0 94.32 64 -169.086 0.5 0 0.866024 0 -1 0 0.866024 0 -0.5 53989.dat
1 0 203.602 64 -139.804 -0.866024 0 0.5 0 -1 0 0.5 0 0.866024 53989.dat
1 0 153.108 64 -176.551 -0.258819 0 0.965925 0 -1 0 0.965925 0 0.258819 53989.dat
1 0 209.677 64 -78.572 -0.965925 0 -0.258819 0 -1 0 -0.258819 0 0.965925 53989.dat
1 0 57.287 64 -121.229 0.965925 0 0.258819 0 -1 0 0.258819 0 -0.965925 53989.dat
1 0 113.855 64 -23.249 0.258819 0 -0.965925 0 -1 0 -0.965925 0 -0.258819 53989.dat
1 71 107.088 46.208 -84.075 0.296198 -0.813797 -0.5 -0.939694 -0.34202 0 -0.17101 0.469846 -0.866025 48729.dat
1 0 84.595 47.397 -71.088 0.813797 0.296198 -0.5 0.34202 -0.939694 0 -0.469846 -0.17101 -0.866025 4733.dat
1 0 76.165 33.212 -66.221 -0.5 0.813797 0.296198 0 0.34202 -0.939694 -0.866025 -0.469846 -0.17101 87747.dat
1 297 78.305 38 -88.825 0.813797 0.5 0.296198 0.34202 0 -0.939694 -0.469846 0.866025 -0.17101 4073.dat
1 297 96.305 38 -57.649 -0.813797 -0.5 0.296198 -0.34202 0 -0.939694 0.469846 -0.866025 -0.17101 4073.dat
1 0 82.225 54.915 -69.72 0.5 0.296198 0.813797 0 -0.939694 0.34202 0.866025 -0.17101 -0.469846 2555.dat
1 71 134.228 52 -99.744 0.866024 0 0.5 0 1 0 -0.5 0 0.866024 2654.dat
1 19 134.228 36 -99.744 0.866024 0 0.5 0 1 0 -0.5 0 0.866024 4032a.dat
1 0 120.568 28 -103.406 -0.5 0 0.866024 0 1 0 -0.866024 0 -0.5 2420.dat
1 0 130.567 28 -86.084 0.866024 0 0.5 0 1 0 -0.5 0 0.866024 2420.dat
1 19 142.889 20 -104.744 -0.5 0 0.866024 0 1 0 -0.866024 0 -0.5 3023.dat
1 272 168.869 12 -119.744 0.5 0 -0.866024 0 1 0 0.866024 0 0.5 47753pq1.dat
1 272 125.567 4 -94.744 -0.5 0 0.866024 0 1 0 -0.866024 0 -0.5 47759pq1.dat
0
