0 FILE Senate Commandos.ldr
0 Senate Commandos
0 Name: Senate Commandos.ldr
0 Author: LDraw
0 Unofficial Model
0 ROTATION CENTER 0 0 0 1 "Custom" 
0 ROTATION CONFIG 0 0
1 0 -260 0 300 0 0 1 0 1 0 -1 0 0 Commando.ldr
1 0 -150 0 0 0 0 1 0 1 0 -1 0 0 Commando.ldr
1 0 -170 0 400 0 0 1 0 1 0 -1 0 0 Commando.ldr
1 0 -150 15 210 0 0 1 0 1 0 -1 0 0 Part 1.ldr
1 0 -240 0 50 0 0 1 0 1 0 -1 0 0 Captain.ldr
0
0 FILE Commando.ldr
0 Commando
0 Name: Commando.ldr
0 Author: LDraw
0 Unofficial Model
0 ROTATION CENTER 0 0 0 1 "Custom" 
0 ROTATION CONFIG 0 0
1 1 0 -24 0 1 0 0 0 1 0 0 0 1 64806.dat
1 78 0 -24 0 1 0 0 0 1 0 0 0 1 3626bp01.dat
1 1 0 0 0 1 0 0 0 1 0 0 0 1 973.dat
1 0 0 32 0 1 0 0 0 1 0 0 0 1 3815.dat
1 1 -15.552 9 0 0.985 -0.17 0 0.17 0.985 0 0 0 1 3818.dat
1 1 15.552 9 0 0.985 0.17 0 -0.17 0.985 0 0 0 1 3819.dat
1 0 -23.8634 26.5956 -10.321 0.985 -0.12019 0.12019 0.17 0.696395 -0.696395 0 0.707 0.707 3820.dat
1 0 23.8634 26.5956 -10.321 0.985 0.12019 -0.12019 -0.17 0.696395 -0.696395 0 0.707 0.707 3820.dat
1 43 -25.6826 35.3422 -13.2547 0.985 -0.0874983 0.14567 0.17 0.506976 -0.844031 0 0.856884 0.514696 15391c02.dat
1 1 0 44 0 1 0 0 0 1 0 0 0 1 3816.dat
1 1 0 44 0 1 0 0 0 1 0 0 0 1 3817.dat
0
0 FILE Captain.ldr
0 Captain
0 Name: Captain.ldr
0 Author: LDraw
0 Unofficial Model
0 ROTATION CENTER 0 0 0 1 "Custom" 
0 ROTATION CONFIG 0 0
1 1 0 -24 0 1 0 0 0 1 0 0 0 1 64806.dat
1 78 0 -24 0 1 0 0 0 1 0 0 0 1 3626bp01.dat
1 1 0 0 0 1 0 0 0 1 0 0 0 1 973.dat
1 0 0 32 0 1 0 0 0 1 0 0 0 1 3815.dat
1 1 -15.552 9 0 0.985 -0.17 0 0.15706 0.910021 0.382683 -0.0650562 -0.376943 0.92388 3818.dat
1 43 -30.414 46.23 -39.974 0.985 -0.0874983 0.14567 0.17 0.506976 -0.844031 0 0.856884 0.514696 15391c02.dat
1 1 15.552 9 0 0.985 0.17 0 -0.17 0.985 0 0 0 1 3819.dat
1 0 -23.863 21.307 -16.269 0.985 -0.12019 0.12019 0.15706 0.913942 -0.372828 -0.0650562 0.386684 0.919682 3820.dat
1 0 23.8634 26.5956 -10.321 0.985 0.12019 -0.12019 -0.17 0.696395 -0.696395 0 0.707 0.707 3820.dat
1 0 -24.683 10.514 -31.21 0.985 -0.0874983 0.14567 -0.0650562 0.597646 0.798514 -0.15706 -0.7963 0.582817 4599b.dat
1 1 0 44 0 1 0 0 0 1 0 0 0 1 3816.dat
1 1 0 44 0 1 0 0 0 1 0 0 0 1 3817.dat
0
0 FILE Part 1.ldr
0 Part 1
0 Name: Part 1.ldr
0 Author: LDraw
0 Unofficial Model
0 ROTATION CENTER 0 0 0 1 "Custom" 
0 ROTATION CONFIG 0 0
1 72 -10 24 0 -1 0 0 0 1 0 0 0 -1 60474.dat
1 47 -10 32 0 0 0 1 0 1 0 -1 0 0 6143.dat
1 71 -10 16 -30 1 0 0 0 1 0 0 0 1 60471.dat
1 72 -10 27.633 -78.482 0 0 -1 -0.382683 0.92388 0 0.92388 0.382683 0 44301.dat
1 71 -10 38.851 -84.659 0 0 -1 -0.382683 0.92388 0 0.92388 0.382683 0 3623.dat
1 320 -10 24.331 -112.321 1 0 0 0 0.92388 -0.382683 0 0.382683 0.92388 50950.dat
1 72 68.482 27.633 0 -0.92388 -0.382683 0 -0.382683 0.92388 0 0 0 -1 44301.dat
1 71 74.659 38.851 0 -0.92388 -0.382683 0 -0.382683 0.92388 0 0 0 -1 3623.dat
1 320 102.321 24.331 0 0 -0.382683 -0.92388 0 0.92388 -0.382683 1 0 0 50950.dat
1 72 -10 27.633 78.482 0 0 1 -0.382683 0.92388 0 -0.92388 -0.382683 0 44301.dat
1 71 -10 38.851 84.659 0 0 1 -0.382683 0.92388 0 -0.92388 -0.382683 0 3623.dat
1 320 -10 24.331 112.321 -1 0 0 0 0.92388 -0.382683 0 -0.382683 -0.92388 50950.dat
1 72 -88.482 27.633 0 0.92388 0.382683 0 -0.382683 0.92388 0 0 0 1 44301.dat
1 71 -94.659 38.851 0 0.92388 0.382683 0 -0.382683 0.92388 0 0 0 1 3623.dat
1 320 -122.321 24.331 0 0 0.382683 0.92388 0 0.92388 -0.382683 -1 0 0 50950.dat
1 71 20 16 0 0 0 -1 0 1 0 1 0 0 60471.dat
1 71 -10 16 30 -1 0 0 0 1 0 0 0 -1 60471.dat
1 71 -10 8 0 -1 0 0 0 1 0 0 0 -1 61485.dat
1 71 -6.173 -24 9.239 0.382683 0 -0.92388 0 1 0 0.92388 0 0.382683 Part 2.ldr
1 71 -40 16 0 0 0 1 0 1 0 -1 0 0 60471.dat
0
0 FILE Part 2.ldr
0 Part 2
0 Name: Part 2.ldr
0 Author: LDraw
0 Unofficial Model
0 ROTATION CENTER 0 0 0 1 "Custom" 
0 ROTATION CONFIG 0 0
1 72 -10 24 0 -1 0 0 0 1 0 0 0 -1 60474.dat
1 72 -10 8 -20 -1 0 0 0 1 0 0 0 -1 3020.dat
1 72 -40 -16 -20 0 0 1 0 1 0 -1 0 0 3004.dat
1 40 -40 -40 -20 0 0 -1 0 1 0 1 0 0 4865b.dat
1 320 -54 4 -20 0 1 0 0 0 1 1 0 0 30602.dat
1 0 20 -24 -20 0 0 1 0 1 0 -1 0 0 2432.dat
1 72 -10 0 10 0 0 1 0 1 0 -1 0 0 93273.dat
1 72 -40 0 40 0 0 1 0 1 0 -1 0 0 85984.dat
1 72 20 0 40 0 0 -1 0 1 0 1 0 0 85984.dat
1 72 -10 2 30 0 -0.944089 -0.329691 0 0.329691 -0.944089 1 0 0 11214.dat
1 14 -10 16 -30 1 0 0 0 1 0 0 0 1 48336.dat
1 14 -10 -8 30 1 0 0 0 1 0 0 0 1 3700.dat
1 0 -10 -16 30 1 0 0 0 1 0 0 0 1 2412b.dat
1 14 -10 -8 10 1 0 0 0 1 0 0 0 1 3700.dat
1 71 -10 16 10 0 0 -1 0 1 0 1 0 0 3021.dat
1 71 -40 16 -20 0 0 1 0 1 0 -1 0 0 99207.dat
1 71 20 16 -10 0 0 -1 0 1 0 1 0 0 4085d.dat
1 71 -40 0 10 -1 0 0 0 1 0 0 0 -1 4287.dat
1 71 20 0 10 -1 0 0 0 1 0 0 0 -1 4287.dat
1 71 -0.094 3.213 0 0.944089 -0.329691 0 0.329691 0.944089 0 0 0 1 Part 3.ldr
0
0 FILE Part 3.ldr
0 Part 3
0 Name: Part 3.ldr
0 Author: LDraw
0 Unofficial Model
0 ROTATION CENTER 0 0 0 1 "Custom" 
0 ROTATION CONFIG 0 0
1 14 -10 -23 50 1 0 0 0 0 -1 0 1 0 32123a.dat
1 43 -130 -88 50 0 -1 0 0 0 1 -1 0 0 4073.dat
1 43 -130 -78 32.679 0 -1 0 0.866025 0 0.5 -0.5 0 0.866025 4073.dat
1 43 -130 -58 67.321 0 -1 0 -0.866025 0 -0.5 0.5 0 -0.866025 4073.dat
1 43 -130 -78 67.321 0 -1 0 -0.866025 0 0.5 -0.5 0 -0.866025 4073.dat
1 0 -10 2 50 0 0 1 0 -1 0 1 0 0 6553.dat
1 72 -10 -68 36 1 0 0 0 0 1 0 -1 0 30565.dat
1 72 -10 -68 68 1 0 0 0 0 1 0 -1 0 30565.dat
1 320 -20 -58 76 1 0 0 0 0 1 0 -1 0 2450.dat
1 320 -20 -58 28 1 0 0 0 0 1 0 -1 0 2450.dat
1 71 -30 -48 84 1 0 0 0 0 1 0 -1 0 4150.dat
1 71 -30 -48 20 1 0 0 0 0 1 0 -1 0 2654.dat
1 1 -50 -88 50 -1 0 0 0 0 -1 0 -1 0 43093.dat
1 1 -50 -48 50 -1 0 0 0 0 -1 0 -1 0 43093.dat
1 1 -90 -48 50 1 0 0 0 0 1 0 -1 0 43093.dat
1 72 -50 -68 50 -1 0 0 0 0 -1 0 -1 0 55013.dat
1 43 -130 -58 32.679 0 -1 0 0.866025 0 -0.5 0.5 0 0.866025 4073.dat
1 43 -130 -48 50 0 -1 0 0 0 -1 1 0 0 4073.dat
1 1 -90 -88 50 1 0 0 0 0 1 0 -1 0 43093.dat
1 71 -70 -88 50 0 0 -1 1 0 0 0 -1 0 59443.dat
1 71 30 -68 50 0 0 -1 1 0 0 0 -1 0 59443.dat
1 4 50 -68 50 -1 0 0 0 0 -1 0 -1 0 32062.dat
1 0 60 -68 50 0 0 -1 1 0 0 0 -1 0 32270.dat
1 71 -70 -48 50 0 0 -1 1 0 0 0 -1 0 59443.dat
1 71 -40 -68 60 0 0 1 -1 0 0 0 -1 0 3701.dat
1 0 -10 -38 60 1 0 0 0 0 1 0 -1 0 32064b.dat
1 14 0 -68 60 0 0 -1 1 0 0 0 -1 0 3700.dat
0
0
