0
1  8 0 0 0 1 0 0 0 1 0 0 0 1 4151A.dat
1  7 70 -24 0 0 0 1 0 1 0 -1 0 0 2877.dat
1  15 70 -24 40 0 0 -1 0 1 0 1 0 0 3747.dat
1  15 70 -24 -40 0 0 -1 0 1 0 1 0 0 3747.dat
1  8 -160 0 0 1 0 0 0 1 0 0 0 1 4151A.dat
1  7 50 -24 70 1 0 0 0 1 0 0 0 1 3622.dat
1  7 50 -24 -70 1 0 0 0 1 0 0 0 1 3622.dat
1  15 0 -24 70 -1 0 0 0 1 0 0 0 -1 3747.dat
1  7 -40 -24 70 1 0 0 0 1 0 0 0 1 2877.dat
1  7 -40 -24 -70 -1 0 0 0 1 0 0 0 -1 2877.dat
1  15 0 -24 -70 1 0 0 0 1 0 0 0 1 3747.dat
1  15 -80 -24 70 -1 0 0 0 1 0 0 0 -1 3747.dat
1  7 -120 -24 70 1 0 0 0 1 0 0 0 1 2877.dat
1  15 -160 -24 70 -1 0 0 0 1 0 0 0 -1 3747.dat
1  7 -200 -24 70 1 0 0 0 1 0 0 0 1 2877.dat
1  15 -80 -24 -70 1 0 0 0 1 0 0 0 1 3747.dat
1  7 -120 -24 -70 -1 0 0 0 1 0 0 0 -1 2877.dat
1  15 -160 -24 -70 1 0 0 0 1 0 0 0 1 3747.dat
1  7 -200 -24 -70 -1 0 0 0 1 0 0 0 -1 2877.dat
1  15 -80 -24 50 1 0 0 0 1 0 0 0 1 3039.dat
1  15 -80 -24 -50 -1 0 0 0 1 0 0 0 -1 3039.dat
1  15 -240 -24 70 -1 0 0 0 1 0 0 0 -1 3747.dat
1  8 -280 0 0 0 0 1 0 1 0 -1 0 0 3035.dat
1  15 -150 -24 0 0 0 1 0 1 0 -1 0 0 3039.dat
1  0 -60 -24 0 1 0 0 0 1 0 0 0 1 3007.dat
1  15 -240 -24 50 1 0 0 0 1 0 0 0 1 3039.dat
1  15 -280 -24 50 1 0 0 0 1 0 0 0 1 3039.dat
1  15 -280 -24 70 -1 0 0 0 1 0 0 0 -1 3747.dat
1  15 -240 -24 -50 -1 0 0 0 1 0 0 0 -1 3039.dat
1  15 -240 -24 -70 1 0 0 0 1 0 0 0 1 3747.dat
1  15 -280 -24 -50 -1 0 0 0 1 0 0 0 -1 3039.dat
1  15 -280 -24 -70 1 0 0 0 1 0 0 0 1 3747.dat
1  8 -330 0 0 0 0 1 0 1 0 -1 0 0 3460.dat
1  8 -360 0 0 0 0 1 0 1 0 -1 0 0 3832.dat
1  7 -330 -24 70 1 0 0 0 1 0 0 0 1 3622.dat
1  7 -330 -24 -70 1 0 0 0 1 0 0 0 1 3622.dat
1  15 -340 -24 0 1 0 0 0 1 0 0 0 1 3001.dat
1  15 -360 -24 -90 1 0 0 0 1 0 0 0 1 3660.dat
1  15 -360 -24 90 -1 0 0 0 1 0 0 0 -1 3660.dat
1  1 -370 -24 60 0 0 1 0 1 0 -1 0 0 3700.dat
1  1 -370 -24 -60 0 0 1 0 1 0 -1 0 0 3700.dat
1  7 -260 -32 -80 0 0 1 0 1 0 -1 0 0 3020.dat
1  7 -260 -32 80 0 0 1 0 1 0 -1 0 0 3020.dat
1  15 -320 -32 80 -1 0 0 0 1 0 0 0 -1 6179.dat
1  15 -200 -32 80 -1 0 0 0 1 0 0 0 -1 6179.dat
1  15 -120 -32 80 -1 0 0 0 1 0 0 0 -1 6179.dat
1  15 -40 -32 80 -1 0 0 0 1 0 0 0 -1 6179.dat
1  15 40 -32 80 -1 0 0 0 1 0 0 0 -1 6179.dat
1  15 -200 -32 -80 1 0 0 0 1 0 0 0 1 6179.dat
1  15 -320 -32 -80 1 0 0 0 1 0 0 0 1 6179.dat
1  15 -120 -32 -80 1 0 0 0 1 0 0 0 1 6179.dat
1  15 -40 -32 -80 1 0 0 0 1 0 0 0 1 6179.dat
1  15 40 -32 -80 1 0 0 0 1 0 0 0 1 6179.dat
1  15 40 -32 0 0 0 1 0 1 0 -1 0 0 6179.dat
1  15 -40 -32 10 1 0 0 0 1 0 0 0 1 2431.dat
1  15 -40 -32 -10 1 0 0 0 1 0 0 0 1 2431.dat
1  19 100 -32 0 0 0 -1 0 1 0 1 0 0 3034.dat
1  7 -120 -32 0 1 0 0 0 1 0 0 0 1 3020.dat
1  19 -370 -32 60 0 0 -1 0 1 0 1 0 0 3666.dat
1  19 -370 -32 -60 0 0 -1 0 1 0 1 0 0 3666.dat
1  8 -320 -32 0 0 0 -1 0 1 0 1 0 0 4032.dat
1  15 90 -40 0 0 0 -1 0 1 0 1 0 0 3710.dat
1  7 110 -56 60 0 0 -1 0 1 0 1 0 0 2877.dat
1  7 110 -56 -60 0 0 -1 0 1 0 1 0 0 2877.dat
1  7 -20 -56 50 -1 0 0 0 1 0 0 0 -1 4865.dat
1  7 -20 -56 -50 1 0 0 0 1 0 0 0 1 4865.dat
1  7 -320 -40 0 0 0 -1 0 1 0 1 0 0 3020.dat
1  7 -100 -40 0 0 0 -1 0 1 0 1 0 0 3022.dat
1  7 -130 -40 10 -1 0 0 0 1 0 0 0 -1 4085C.dat
1  7 -150 -40 10 -1 0 0 0 1 0 0 0 -1 4085C.dat
1  7 -130 -40 -10 1 0 0 0 1 0 0 0 1 4085C.dat
1  7 -150 -40 -10 1 0 0 0 1 0 0 0 1 4085C.dat
1  8 -310 -32 -50 1 0 0 0 1 0 0 0 1 50746.dat
1  8 -330 -32 -50 1 0 0 0 1 0 0 0 1 50746.dat
1  8 -310 -32 50 -1 0 0 0 1 0 0 0 -1 50746.dat
1  8 -330 -32 50 -1 0 0 0 1 0 0 0 -1 50746.dat
1  8 70 -40 10 0 0 -1 0 1 0 1 0 0 2420.dat
1  8 70 -40 -10 -1 0 0 0 1 0 0 0 -1 2420.dat
1  15 90 -56 60 0 0 1 0 1 0 -1 0 0 3039.dat
1  15 90 -56 -60 0 0 1 0 1 0 -1 0 0 3039.dat
1  7 90 -48 0 0 0 -1 0 1 0 1 0 0 44568.dat
1  15 -90 -64 10 0 0 -1 0 1 0 1 0 0 4070.dat
1  15 -90 -64 -10 0 0 -1 0 1 0 1 0 0 4070.dat
1  19 -120 -64 0 0 0 -1 0 1 0 1 0 0 3003.dat
1  7 -150 -64 0 0 0 1 0 1 0 -1 0 0 2877.dat
1  15 70 -64 10 0 0 1 0 1 0 -1 0 0 50950.dat
1  15 70 -64 -10 0 0 1 0 1 0 -1 0 0 50950.dat
1  15 50 -56 -30 0 0 1 0 1 0 -1 0 0 50950.dat
1  15 50 -56 30 0 0 1 0 1 0 -1 0 0 50950.dat
1  15 -52 -54 0 0 -1 0 0 0 1 -1 0 0 2432.dat
1  0 -130 -22 30 1 0 0 0 0 -1 0 1 0 58247.dat
1  0 -150 -22 30 1 0 0 0 0 -1 0 1 0 58247.dat
1  15 -330 -48 0 0 0 -1 0 1 0 1 0 0 2431.dat
1  15 -310 -48 0 0 0 -1 0 1 0 1 0 0 2431.dat
1  15 -120 -72 10 -1 0 0 0 1 0 0 0 -1 2431.dat
1  15 -120 -72 -10 -1 0 0 0 1 0 0 0 -1 2431.dat
1  15 131.5602 -66.95609 0 0 -0.7431448 -0.6691307 0 -0.6691307 0.7431448 -1 0 0 44570.dat
1  15 184.3445 -113.6232 0 0 -0.7431448 -0.6691307 0 -0.6691307 0.7431448 -1 0 0 2413.dat
1  15 100 -104 70 1 0 0 0 1 0 0 0 1 3678.dat
1  15 100 -104 -70 -1 0 0 0 1 0 0 0 -1 3678.dat
1  15 -260 -80 -90 1 0 0 0 1 0 0 0 1 3678.dat
1  15 -260 -80 90 -1 0 0 0 1 0 0 0 -1 3678.dat
1  15 -370 -80 90 -1 0 0 0 1 0 0 0 -1 60481.dat
1  15 -370 -80 -90 1 0 0 0 1 0 0 0 1 60481.dat
1  15 -370 -80 -60 0 0 -1 0 1 0 1 0 0 3245A.dat
1  15 -370 -80 60 0 0 -1 0 1 0 1 0 0 3245A.dat
1  15 -270 -80 60 0 0 -1 0 1 0 1 0 0 3245A.dat
1  15 -250 -80 60 0 0 -1 0 1 0 1 0 0 3245A.dat
1  15 -250 -80 -60 0 0 -1 0 1 0 1 0 0 3245A.dat
1  15 -270 -80 -60 0 0 -1 0 1 0 1 0 0 3245A.dat
1  15 100 -152 70 -1 0 0 0 1 0 0 0 -1 3245A.dat
1  15 100 -152 -70 -1 0 0 0 1 0 0 0 -1 3245A.dat
1  15 -260 -128 -70 1 0 0 0 1 0 0 0 1 3678.dat
1  15 -260 -128 70 -1 0 0 0 1 0 0 0 -1 3678.dat
1  15 -370 -128 70 -1 0 0 0 1 0 0 0 -1 60481.dat
1  15 -370 -128 -70 1 0 0 0 1 0 0 0 1 60481.dat
1  15 -250 -128 0 0 0 -1 0 1 0 1 0 0 3307.dat
1  15 -270 -128 0 0 0 -1 0 1 0 1 0 0 3307.dat
1  15 -370 -128 0 0 0 -1 0 1 0 1 0 0 3307.dat
1  19 100 -160 0 0 0 1 0 1 0 -1 0 0 3034.dat
1  1 -370 -152 20 0 0 1 0 1 0 -1 0 0 3700.dat
1  1 -370 -152 -20 0 0 1 0 1 0 -1 0 0 3700.dat
1  15 -370 -152 -50 1 0 0 0 1 0 0 0 1 3040B.dat
1  15 -370 -152 50 -1 0 0 0 1 0 0 0 -1 3040B.dat
1  15 -260 -152 50 -1 0 0 0 1 0 0 0 -1 3039.dat
1  15 -260 -152 -50 1 0 0 0 1 0 0 0 1 3039.dat
1  15 -260 -152 0 0 0 -1 0 1 0 1 0 0 3001.dat
1  15 100 -184 0 0 0 -1 0 1 0 1 0 0 3001.dat
1  7 -260 -160 0 0 0 -1 0 1 0 1 0 0 3795.dat
1  19 -370 -160 0 0 0 -1 0 1 0 1 0 0 3666.dat
1  15 -370 -184 50 0 0 -1 0 1 0 1 0 0 3005.dat
1  15 -370 -184 -50 0 0 -1 0 1 0 1 0 0 3005.dat
1  15 -270 -184 -50 0 0 -1 0 1 0 1 0 0 3005.dat
1  15 -270 -184 50 0 0 -1 0 1 0 1 0 0 3005.dat
1  15 -250 -168 50 0 0 -1 0 1 0 1 0 0 3070B.dat
1  15 -250 -168 -50 0 0 -1 0 1 0 1 0 0 3070B.dat
1  15 -250 -184 20 0 0 -1 0 1 0 1 0 0 3660.dat
1  15 -250 -184 -20 0 0 -1 0 1 0 1 0 0 3660.dat
1  7 -320 -184 0 -1 0 0 0 1 0 0 0 -1 2356.dat
1  7 -370 -208 -50 0 0 1 0 1 0 -1 0 0 6541.dat
1  7 -270 -208 -50 0 0 1 0 1 0 -1 0 0 6541.dat
1  0 -280 -198 -50 1 0 0 0 0 -1 0 1 0 3673.dat
1  0 -360 -198 -50 1 0 0 0 0 -1 0 1 0 3673.dat
1  7 -350 -178 -50 0 -1 0 0 0 -1 1 0 0 32523.dat
1  7 -290 -178 -50 0 -1 0 0 0 -1 1 0 0 32523.dat
1  0 -340 -158 -50 1 0 0 0 0 -1 0 1 0 3673.dat
1  0 -300 -158 -50 1 0 0 0 0 -1 0 1 0 3673.dat
1  4 -320 -158 -60 1 0 0 0 0 -1 0 1 0 2817.dat
1  15 -320 -178 -68 -1 0 0 0 0 1 0 1 0 30503.dat
1  15 -300 -148 -76 1 0 0 0 0 -1 0 1 0 32028.dat
1  15 -340 -148 -76 1 0 0 0 0 -1 0 1 0 32028.dat
1  15 -320 -168 -100 -1 0 0 0 0 1 0 1 0 2432.dat
1  7 -270 -208 50 0 0 -1 0 1 0 1 0 0 6541.dat
1  0 -280 -198 50 -1 0 0 0 1 0 0 0 -1 3673.dat
1  7 -290 -178 50 0 1 0 0 0 -1 -1 0 0 32523.dat
1  0 -300 -158 50 -1 0 0 0 0 -1 0 -1 0 3673.dat
1  4 -320 -158 60 -1 0 0 0 0 -1 0 -1 0 2817.dat
1  7 -350 -178 50 0 1 0 0 0 -1 -1 0 0 32523.dat
1  0 -340 -158 50 -1 0 0 0 0 -1 0 -1 0 3673.dat
1  0 -360 -198 50 -1 0 0 0 0 -1 0 -1 0 3673.dat
1  7 -370 -208 50 0 0 -1 0 1 0 1 0 0 6541.dat
1  15 -320 -178 68 0 0 1 -1 0 0 0 -1 0 30503.dat
1  15 -340 -148 76 -1 0 0 0 0 -1 0 -1 0 32028.dat
1  15 -300 -148 76 -1 0 0 0 0 -1 0 -1 0 32028.dat
1  15 -320 -168 100 1 0 0 0 0 1 0 -1 0 2432.dat
1  15 -330 -208 -50 1 0 0 0 1 0 0 0 1 2357.dat
1  15 -330 -208 50 0 0 1 0 1 0 -1 0 0 2357.dat
1  14 -330 -208 0 0 0 1 0 1 0 -1 0 0 3298.dat
1  4 -40 -208 10 1 0 0 0 1 0 0 0 1 3894.dat
1  0 -40 -198 0 0 0 -1 0 1 0 1 0 0 3673.dat
1  4 -40 -208 -10 1 0 0 0 1 0 0 0 1 3894.dat
1  0 -80 -198 -20 0 0 -1 0 1 0 1 0 0 3673.dat
1  0 -60 -198 -20 0 0 -1 0 1 0 1 0 0 3673.dat
1  0 -20 -198 -20 0 0 -1 0 1 0 1 0 0 3673.dat
1  0 0 -198 -20 0 0 -1 0 1 0 1 0 0 3673.dat
1  0 0 -198 20 0 0 -1 0 1 0 1 0 0 3673.dat
1  0 -20 -198 20 0 0 -1 0 1 0 1 0 0 3673.dat
1  0 -60 -198 20 0 0 -1 0 1 0 1 0 0 3673.dat
1  0 -80 -198 20 0 0 -1 0 1 0 1 0 0 3673.dat
1  15 -180 -208 30 -1 0 0 0 1 0 0 0 -1 32018.dat
1  15 100 -208 30 -1 0 0 0 1 0 0 0 -1 32018.dat
1  0 -240 -198 0 0 0 -1 0 1 0 1 0 0 3706.dat
1  14 -240 -208 10 -1 0 0 0 1 0 0 0 -1 32064A.dat
1  14 -240 -208 -10 -1 0 0 0 1 0 0 0 -1 32064A.dat
1  14 40 -208 10 -1 0 0 0 1 0 0 0 -1 32064A.dat
1  14 40 -208 -10 -1 0 0 0 1 0 0 0 -1 32064A.dat
1  14 220 -208 10 -1 0 0 0 1 0 0 0 -1 32064A.dat
1  14 220 -208 -10 -1 0 0 0 1 0 0 0 -1 32064A.dat
1  15 100 -208 -30 -1 0 0 0 1 0 0 0 -1 32018.dat
1  15 -180 -208 -30 -1 0 0 0 1 0 0 0 -1 32018.dat
1  7 -240 -198 -50 0 1 0 0 0 -1 -1 0 0 6536.dat
1  7 -240 -198 50 0 1 0 0 0 -1 -1 0 0 6536.dat
1  8 240 -198 50 0 1 0 0 0 1 1 0 0 42003.dat
1  8 160 -216 0 -1 0 0 0 1 0 0 0 -1 3035.dat
1  1 70 -216 0 0 0 1 0 1 0 -1 0 0 3710.dat
1  7 240 -208 50 0 0 1 -1 0 0 0 -1 0 4274.dat
1  27 -140 -208 0 -1 0 0 0 1 0 0 0 -1 3001.dat
1  7 -220 -232 0 0 0 1 0 1 0 -1 0 0 30592.dat
1  7 -180 -232 0 0 0 1 0 1 0 -1 0 0 30592.dat
1  1 -150 -216 0 0 0 1 0 1 0 -1 0 0 3710.dat
1  7 -80 -216 0 1 0 0 0 1 0 0 0 1 3032.dat
1  15 -80 -224 -30 -1 0 0 0 1 0 0 0 -1 3710.dat
1  15 -80 -224 30 -1 0 0 0 1 0 0 0 -1 3710.dat
1  15 160 -224 30 -1 0 0 0 1 0 0 0 -1 2431.dat
1  7 40 -216 0 0 0 1 0 1 0 -1 0 0 3020.dat
1  7 0 -232 0 0 0 1 0 1 0 -1 0 0 30592.dat
1  15 230 -224 0 0 0 1 0 1 0 -1 0 0 3710.dat
1  15 210 -224 0 0 0 1 0 1 0 -1 0 0 3710.dat
1  15 80 -224 30 1 0 0 0 1 0 0 0 1 3710.dat
1  15 80 -224 -30 1 0 0 0 1 0 0 0 1 3710.dat
1  15 160 -224 -30 -1 0 0 0 1 0 0 0 -1 2431.dat
1  15 0 -224 -30 -1 0 0 0 1 0 0 0 -1 2431.dat
1  15 0 -224 30 -1 0 0 0 1 0 0 0 -1 2431.dat
1  7 40 -198 -50 0 1 0 0 0 -1 -1 0 0 6536.dat
1  0 40 -198 0 0 0 -1 0 1 0 1 0 0 3706.dat
1  7 40 -198 50 0 1 0 0 0 -1 -1 0 0 6536.dat
1  0 220 -198 0 0 0 -1 0 1 0 1 0 0 3706.dat
1  8 240 -198 -50 0 1 0 0 0 1 1 0 0 42003.dat
1  7 240 -208 -50 0 0 1 -1 0 0 0 -1 0 4274.dat
1  19 -350 -216 50 1 0 0 0 1 0 0 0 1 3623.dat
1  19 -350 -216 -50 1 0 0 0 1 0 0 0 1 3623.dat
1  1 -330 -216 0 0 0 -1 0 1 0 1 0 0 3710.dat
1  7 -280 -216 0 0 0 -1 0 1 0 1 0 0 3032.dat
1  15 -300 -224 50 -1 0 0 0 1 0 0 0 -1 4162.dat
1  15 -300 -224 -50 -1 0 0 0 1 0 0 0 -1 4162.dat
1  15 -200 -224 30 -1 0 0 0 1 0 0 0 -1 4162.dat
1  15 -200 -224 -30 -1 0 0 0 1 0 0 0 -1 4162.dat
1  1 -280 -224 10 -1 0 0 0 1 0 0 0 -1 3710.dat
1  1 -280 -224 -10 -1 0 0 0 1 0 0 0 -1 3710.dat
1  7 -220 -178 -50 0 -1 0 -1 0 0 0 0 -1 32054.dat
1  7 -220 -178 50 0 -1 0 -1 0 0 0 0 -1 32054.dat
1  7 -180 -178 -50 0 0 1 0 1 0 -1 0 0 32316.dat
1  7 -180 -178 50 0 0 -1 0 1 0 1 0 0 32316.dat
1  0 -140 -188 50 0 0 -1 -1 0 0 0 1 0 3673.dat
1  0 -140 -188 -50 0 0 1 -1 0 0 0 -1 0 3673.dat
1  7 -280 -232 0 -1 0 0 0 1 0 0 0 -1 3020.dat
1  7 60 -178 -50 0 -1 0 -1 0 0 0 0 -1 32054.dat
1  7 10 -173 -50 0 0 -1 0 -1 0 -1 0 0 32063.dat
1  7 10 -183 -50 0 0 -1 0 -1 0 -1 0 0 32063.dat
1  0 -40 -188 -50 0 0 -1 -1 0 0 0 1 0 3673.dat
1  7 60 -178 50 0 1 0 -1 0 0 0 0 1 32054.dat
1  7 10 -173 50 0 0 -1 0 -1 0 -1 0 0 32063.dat
1  7 10 -183 50 0 0 -1 0 -1 0 -1 0 0 32063.dat
1  0 -40 -188 50 0 0 -1 -1 0 0 0 1 0 3673.dat
1  4 -250 -256 0 0 0 1 0 1 0 -1 0 0 30363.dat
1  7 260 -178 -50 0 -1 0 -1 0 0 0 0 -1 32054.dat
1  7 260 -178 50 0 -1 0 -1 0 0 0 0 -1 32054.dat
1  7 180 -178 -50 0 0 1 0 1 0 -1 0 0 32526.dat
1  7 180 -178 50 0 0 1 0 -1 0 1 0 0 32526.dat
1  0 180 -188 50 0 0 -1 -1 0 0 0 1 0 3673.dat
1  0 180 -188 -50 0 0 1 -1 0 0 0 -1 0 3673.dat
1  15 80 -208 76 -1 0 0 0 0 -1 0 -1 0 3029.dat
1  15 120 -178 84 -1 0 0 0 0 -1 0 -1 0 4510.dat
1  15 -40 -178 84 -1 0 0 0 0 -1 0 -1 0 4510.dat
1  15 -80 -208 76 1 0 0 0 0 1 0 -1 0 6179.dat
1  40 -30 -178 92 1 0 0 0 0 1 0 -1 0 3070B.dat
1  40 30 -178 92 1 0 0 0 0 1 0 -1 0 3070B.dat
1  40 90 -178 92 1 0 0 0 0 1 0 -1 0 3070B.dat
1  40 150 -178 92 1 0 0 0 0 1 0 -1 0 3070B.dat
1  7 190 -208 68 0 0 -1 1 0 0 0 -1 0 3023.dat
1  7 60 -228 68 -1 0 0 0 0 -1 0 -1 0 2445.dat
1  7 -50 -188 68 0 0 -1 1 0 0 0 -1 0 44302.dat
1  7 -30 -188 68 0 0 -1 1 0 0 0 -1 0 44302.dat
1  7 170 -188 68 0 0 -1 1 0 0 0 -1 0 44302.dat
1  7 150 -188 68 0 0 -1 1 0 0 0 -1 0 44302.dat
1  0 180 -208 60 0 0 -1 1 0 0 0 -1 0 2444.dat
1  0 -40 -208 60 0 0 -1 1 0 0 0 -1 0 2444.dat
1  7 -40 -115.3869 94.00217 0 0 -1 0.9271837 0.3746065 0 0.3746065 -0.9271837 0 3020.dat
1  15 -80 -99.84009 108.9118 0 0 -1 0.9271837 0.3746065 0 0.3746065 -0.9271837 0 6180.dat
1  15 80 -99.84009 108.9118 0 0 -1 0.9271837 0.3746065 0 0.3746065 -0.9271837 0 30355.dat
1  40 150 -139.9243 101.345 0 0 -1 0.9271837 0.3746065 0 0.3746065 -0.9271837 0 3069B.dat
1  40 90 -139.9243 101.345 0 0 -1 0.9271837 0.3746065 0 0.3746065 -0.9271837 0 3069B.dat
1  40 30 -139.9243 101.345 0 0 -1 0.9271837 0.3746065 0 0.3746065 -0.9271837 0 3069B.dat
1  40 30 -102.8369 116.3293 0 0 -1 0.9271837 0.3746065 0 0.3746065 -0.9271837 0 3069B.dat
1  40 -30 -139.9243 101.345 0 0 -1 0.9271837 0.3746065 0 0.3746065 -0.9271837 0 3069B.dat
1  40 -30 -102.8369 116.3293 0 0 -1 0.9271837 0.3746065 0 0.3746065 -0.9271837 0 3069B.dat
1  7 -40 -59.75589 116.4786 -1 0 0 0 0.3746065 -0.9271837 0 -0.9271837 -0.3746065 3795.dat
1  7 160 -133.9306 86.51004 -1 0 0 0 0.3746065 -0.9271837 0 -0.9271837 -0.3746065 3022.dat
1  8 170 -130.9337 79.09256 0 0 1 -0.9271837 0.3746065 0 -0.3746065 -0.9271837 0 44301.dat
1  8 150 -130.9337 79.09256 0 0 1 -0.9271837 0.3746065 0 -0.3746065 -0.9271837 0 44301.dat
1  8 -30 -130.9337 79.09256 0 0 1 -0.9271837 0.3746065 0 -0.3746065 -0.9271837 0 44301.dat
1  8 -50 -130.9337 79.09256 0 0 1 -0.9271837 0.3746065 0 -0.3746065 -0.9271837 0 44301.dat
1  19 -40 -127.9369 71.67508 0 0 1 -0.9271837 0.3746065 0 -0.3746065 -0.9271837 0 2654.dat
1  19 160 -127.9369 71.67508 0 0 1 -0.9271837 0.3746065 0 -0.3746065 -0.9271837 0 2654.dat
0 GROUP -1
1  15 -180 -208 76 1 0 0 0 0 1 0 -1 0 6180.dat
0 GROUP -1
1  15 -140 -178 84 -1 0 0 0 0 -1 0 -1 0 32028.dat
0 GROUP -1
1  15 -180 -178 84 -1 0 0 0 0 -1 0 -1 0 32028.dat
0 GROUP -1
1  15 -220 -178 84 -1 0 0 0 0 -1 0 -1 0 32028.dat
0 GROUP -1
1  40 -210 -178 92 -1 0 0 0 0 -1 0 -1 0 3070B.dat
0 GROUP -1
1  40 -150 -178 92 -1 0 0 0 0 -1 0 -1 0 3070B.dat
0 GROUP -1
1  8 -130 -218 68 0 0 -1 1 0 0 0 -1 0 2420.dat
0 GROUP -1
1  8 -190 -218 68 1 0 0 0 0 1 0 -1 0 2420.dat
0 GROUP -1
1  7 -150 -188 68 0 0 -1 1 0 0 0 -1 0 44302.dat
0 GROUP -1
1  7 -170 -188 68 0 0 -1 1 0 0 0 -1 0 44302.dat
0 GROUP -1
1  7 -180 -208 60 0 0 -1 1 0 0 0 -1 0 3022.dat
0 GROUP -1
1  0 -140 -208 60 0 0 -1 1 0 0 0 -1 0 2444.dat
0 GROUP -1
1  15 -180 -99.8401 108.9118 0 0 1 -0.9271837 0.3746064 0 -0.3746064 -0.9271837 0 3958.dat
0 GROUP -1
1  7 -160 -115.3869 94.00217 0 0 1 -0.9271837 0.3746064 0 -0.3746064 -0.9271837 0 3020.dat
0 GROUP -1
1  8 -150 -130.9337 79.09255 0 0 1 -0.9271837 0.3746064 0 -0.3746064 -0.9271837 0 44301.dat
0 GROUP -1
1  8 -170 -130.9337 79.09255 0 0 1 -0.9271837 0.3746064 0 -0.3746064 -0.9271837 0 44301.dat
0 GROUP -1
1  19 -160 -127.9369 71.6751 0 0 1 -0.9271837 0.3746064 0 -0.3746064 -0.9271837 0 2654.dat
0 GROUP -1
1  40 -210 -139.9243 101.345 0 0 1 -0.9271837 0.3746064 0 -0.3746064 -0.9271837 0 3069B.dat
0 GROUP -1
1  40 -150 -139.9243 101.345 0 0 1 -0.9271837 0.3746064 0 -0.3746064 -0.9271837 0 3069B.dat
0 GROUP -1
1  40 -150 -102.837 116.3292 0 0 1 -0.9271837 0.3746064 0 -0.3746064 -0.9271837 0 3069B.dat
0 GROUP -1
1  15 80 -208 -76 1 0 0 0 0 -1 0 1 0 3029.dat
0 GROUP -1
1  0 180 -208 -60 0 0 1 1 0 0 0 1 0 2444.dat
0 GROUP -1
1  7 150 -188 -68 0 0 1 1 0 0 0 1 0 44302.dat
0 GROUP -1
1  7 170 -188 -68 0 0 1 1 0 0 0 1 0 44302.dat
0 GROUP -1
1  0 -40 -208 -60 0 0 1 1 0 0 0 1 0 2444.dat
0 GROUP -1
1  7 -50 -188 -68 0 0 1 1 0 0 0 1 0 44302.dat
0 GROUP -1
1  7 60 -228 -68 1 0 0 0 0 -1 0 1 0 2445.dat
0 GROUP -1
1  7 -50 -208 -68 0 0 1 1 0 0 0 1 0 3023.dat
0 GROUP -1
1  15 -80 -208 -76 -1 0 0 0 0 1 0 1 0 6179.dat
0 GROUP -1
1  40 150 -178 -92 -1 0 0 0 0 1 0 1 0 3070B.dat
0 GROUP -1
1  40 90 -178 -92 -1 0 0 0 0 1 0 1 0 3070B.dat
0 GROUP -1
1  15 120 -178 -84 1 0 0 0 0 -1 0 1 0 4510.dat
0 GROUP -1
1  7 -30 -188 -68 0 0 1 1 0 0 0 1 0 44302.dat
0 GROUP -1
1  40 -30 -178 -92 -1 0 0 0 0 1 0 1 0 3070B.dat
0 GROUP -1
1  40 30 -178 -92 -1 0 0 0 0 1 0 1 0 3070B.dat
0 GROUP -1
1  15 -40 -178 -84 1 0 0 0 0 -1 0 1 0 4510.dat
0 GROUP -1
1  40 90 -139.9243 -101.345 0 0 1 0.9271839 0.3746063 0 -0.3746065 0.9271836 0 3069B.dat
0 GROUP -1
1  40 -30 -102.837 -116.3292 0 0 1 0.9271839 0.3746063 0 -0.3746065 0.9271836 0 3069B.dat
0 GROUP -1
1  40 -30 -139.9243 -101.345 0 0 1 0.9271839 0.3746063 0 -0.3746065 0.9271836 0 3069B.dat
0 GROUP -1
1  15 -80 -99.8401 -108.9118 0 0 -1 -0.9271839 0.3746063 0 0.3746065 0.9271836 0 6180.dat
0 GROUP -1
1  7 -40 -115.3869 -94.00218 0 0 1 0.9271836 0.3746064 0 -0.3746064 0.9271836 0 3020.dat
0 GROUP -1
1  7 -40 -59.75589 -116.4786 1 0 0 0 0.3746064 -0.9271836 0 0.9271836 0.3746064 3795.dat
0 GROUP -1
1  7 160 -133.9306 -86.51006 1 0 0 0 0.3746064 -0.9271836 0 0.9271836 0.3746064 3022.dat
0 GROUP -1
1  8 150 -130.9337 -79.09258 0 0 -1 -0.9271836 0.3746064 0 0.3746064 0.9271836 0 44301.dat
0 GROUP -1
1  8 170 -130.9337 -79.09258 0 0 -1 -0.9271836 0.3746064 0 0.3746064 0.9271836 0 44301.dat
0 GROUP -1
1  8 -50 -130.9337 -79.09258 0 0 -1 -0.9271836 0.3746064 0 0.3746064 0.9271836 0 44301.dat
0 GROUP -1
1  8 -30 -130.9337 -79.09258 0 0 -1 -0.9271836 0.3746064 0 0.3746064 0.9271836 0 44301.dat
0 GROUP -1
1  19 -40 -127.9369 -71.67509 0 0 -1 -0.9271836 0.3746064 0 0.3746064 0.9271836 0 2654.dat
0 GROUP -1
1  19 160 -127.9369 -71.67509 0 0 -1 -0.9271836 0.3746064 0 0.3746064 0.9271836 0 2654.dat
0 GROUP -1
1  0 -140 -208 -60 0 0 1 1 0 0 0 1 0 2444.dat
0 GROUP -1
1  7 -170 -188 -68 0 0 1 1 0 0 0 1 0 44302.dat
0 GROUP -1
1  8 -190 -218 -68 0 0 1 1 0 0 0 1 0 2420.dat
0 GROUP -1
1  7 -180 -208 -60 0 0 1 1 0 0 0 1 0 3022.dat
0 GROUP -1
1  7 -150 -188 -68 0 0 1 1 0 0 0 1 0 44302.dat
0 GROUP -1
1  8 -130 -218 -68 -1 0 0 0 0 1 0 1 0 2420.dat
0 GROUP -1
1  40 -150 -178 -92 1 0 0 0 0 -1 0 1 0 3070B.dat
0 GROUP -1
1  15 -140 -178 -84 1 0 0 0 0 -1 0 1 0 32028.dat
0 GROUP -1
1  15 -180 -178 -84 1 0 0 0 0 -1 0 1 0 32028.dat
0 GROUP -1
1  40 -210 -178 -92 1 0 0 0 0 -1 0 1 0 3070B.dat
0 GROUP -1
1  15 -220 -178 -84 1 0 0 0 0 -1 0 1 0 32028.dat
0 GROUP -1
1  15 -180 -208 -76 -1 0 0 0 0 1 0 1 0 6180.dat
0 GROUP -1
1  8 -170 -130.9337 -79.09254 0 0 -1 -0.9271836 0.3746064 0 0.3746064 0.9271836 0 44301.dat
0 GROUP -1
1  40 -150 -139.9243 -101.345 0 0 -1 -0.9271836 0.3746064 0 0.3746064 0.9271836 0 3069B.dat
0 GROUP -1
1  7 -160 -115.387 -94.00215 0 0 -1 -0.9271836 0.3746064 0 0.3746064 0.9271836 0 3020.dat
0 GROUP -1
1  8 -150 -130.9337 -79.09254 0 0 -1 -0.9271836 0.3746064 0 0.3746064 0.9271836 0 44301.dat
0 GROUP -1
1  19 -160 -127.9369 -71.67509 0 0 -1 -0.9271836 0.3746064 0 0.3746064 0.9271836 0 2654.dat
0 GROUP -1
1  40 -210 -139.9243 -101.345 0 0 -1 -0.9271836 0.3746064 0 0.3746064 0.9271836 0 3069B.dat
0 GROUP -1
1  40 -150 -102.837 -116.3292 0 0 -1 -0.9271836 0.3746064 0 0.3746064 0.9271836 0 3069B.dat
0 GROUP -1
1  15 -180 -99.84013 -108.9118 0 0 -1 -0.9271836 0.3746064 0 0.3746064 0.9271836 0 3958.dat
0 GROUP -1
1  15 80 -99.8401 -108.9118 0 0 -1 -0.9271839 0.3746063 0 0.3746065 0.9271836 0 30356.dat
0 GROUP -1
1  40 30 -139.9243 -101.345 0 0 1 0.9271839 0.3746063 0 -0.3746065 0.9271836 0 3069B.dat
0 GROUP -1
1  40 30 -102.837 -116.3292 0 0 1 0.9271839 0.3746063 0 -0.3746065 0.9271836 0 3069B.dat
0 GROUP -1
1  40 150 -139.9243 -101.345 0 0 1 0.9271839 0.3746063 0 -0.3746065 0.9271836 0 3069B.dat
0 GROUP -1
1  7 190 -208 -68 0 0 1 1 0 0 0 1 0 3023.dat
0 GROUP -1
1  8 -420 0 0 0 0 1 0 1 0 -1 0 0 3030.dat
0 GROUP -1
1  15 -390 -24 -90 1 0 0 0 1 0 0 0 1 3665.dat
0 GROUP -1
1  15 -390 -24 90 -1 0 0 0 1 0 0 0 -1 3665.dat
0 GROUP -1
1  19 -390 -24 60 0 0 -1 0 1 0 1 0 0 2458.dat
0 GROUP -1
1  19 -390 -24 -60 0 0 -1 0 1 0 1 0 0 2458.dat
0 GROUP -1
1  15 -480 -24 70 -1 0 0 0 1 0 0 0 -1 3008.dat
0 GROUP -1
1  15 -480 -24 -70 -1 0 0 0 1 0 0 0 -1 3008.dat
0 GROUP -1
1  8 -500 0 -40 0 0 -1 0 1 0 1 0 0 30503.dat
0 GROUP -1
1  8 -500 0 40 1 0 0 0 1 0 0 0 1 30503.dat
0 GROUP -1
1  8 -580 0 40 -1 0 0 0 1 0 0 0 -1 30503.dat
0 GROUP -1
1  8 -580 0 -40 0 0 1 0 1 0 -1 0 0 30503.dat
0 GROUP -1
1  27 -580 -8 -30 1 0 0 0 1 0 0 0 1 3023.dat
0 GROUP -1
1  27 -580 -8 30 1 0 0 0 1 0 0 0 1 3023.dat
0 GROUP -1
1  27 -580 -16 30 1 0 0 0 1 0 0 0 1 3069B.dat
0 GROUP -1
1  27 -580 -16 -30 1 0 0 0 1 0 0 0 1 3069B.dat
0 GROUP -1
1  15 -460 -24 -100 0 0 1 0 1 0 -1 0 0 41765.dat
0 GROUP -1
1  15 -460 -24 100 0 0 1 0 1 0 -1 0 0 41764.dat
0 GROUP -1
1  27 -610 -24 0 0 0 1 0 1 0 -1 0 0 3660.dat
0 GROUP -1
1  27 -560 -24 0 1 0 0 0 1 0 0 0 1 3001.dat
0 GROUP -1
1  7 -470 -32 80 0 0 1 0 1 0 -1 0 0 2413.dat
0 GROUP -1
1  7 -470 -32 -80 0 0 1 0 1 0 -1 0 0 2413.dat
0 GROUP -1
1  27 -600 -48 0 1 0 0 0 1 0 0 0 1 3001.dat
0 GROUP -1
1  8 -540 -32 0 1 0 0 0 1 0 0 0 1 4032.dat
0 GROUP -1
1  7 -390 -56 60 0 0 -1 0 1 0 1 0 0 2877.dat
0 GROUP -1
1  7 -390 -56 -60 0 0 -1 0 1 0 1 0 0 2877.dat
0 GROUP -1
1  15 -390 -80 -90 1 0 0 0 1 0 0 0 1 60481.dat
0 GROUP -1
1  15 -390 -80 90 -1 0 0 0 1 0 0 0 -1 60481.dat
0 GROUP -1
1  15 -410 -56 0 0 0 1 0 1 0 -1 0 0 4445.dat
0 GROUP -1
1  15 -550 -56 0 0 0 -1 0 1 0 1 0 0 4445.dat
0 GROUP -1
1  15 -450 -40 0 0 0 -1 0 1 0 1 0 0 4162.dat
0 GROUP -1
1  15 -510 -40 0 0 0 -1 0 1 0 1 0 0 4162.dat
0 GROUP -1
1  7 -610 -56 0 0 0 -1 0 1 0 1 0 0 3023.dat
0 GROUP -1
1  7 -580 -56 -10 1 0 0 0 1 0 0 0 1 44728.dat
0 GROUP -1
1  27 -590 -46 -24 0 0 1 1 0 0 0 1 0 50746.dat
0 GROUP -1
1  27 -590 -26 -24 0 0 1 1 0 0 0 1 0 50746.dat
0 GROUP -1
1  7 -580 -56 10 -1 0 0 0 1 0 0 0 -1 44728.dat
0 GROUP -1
1  27 -590 -46 24 0 0 1 -1 0 0 0 -1 0 50746.dat
0 GROUP -1
1  27 -590 -26 24 0 0 1 -1 0 0 0 -1 0 50746.dat
0 GROUP -1
1  19 -400 -80 60 0 0 -1 0 1 0 1 0 0 3003.dat
0 GROUP -1
1  19 -400 -80 -60 0 0 -1 0 1 0 1 0 0 3003.dat
0 GROUP -1
1  15 -570 -36 -48 0 0 1 1 0 0 0 1 0 3937.dat
0 GROUP -1
1  0 -575.4464 -36 -46.38671 0 0.5446389 -0.8386706 -1 0 0 0 0.8386706 0.5446389 6134.dat
0 GROUP -1
1  15 -570 -36 48 0 0 1 -1 0 0 0 -1 0 3937.dat
0 GROUP -1
1  0 -575.4464 -36 46.38672 0 0.5446389 -0.8386706 1 0 0 0 -0.8386706 -0.5446389 6134.dat
0 GROUP -1
1  7 -560 -80 -30 -1 0 0 0 1 0 0 0 -1 2877.dat
0 GROUP -1
1  7 -560 -80 30 1 0 0 0 1 0 0 0 1 2877.dat
0 GROUP -1
1  27 -630 -72 0 0 0 -1 0 1 0 1 0 0 3004.dat
0 GROUP -1
1  27 -580 -80 0 -1 0 0 0 1 0 0 0 -1 3001.dat
0 GROUP -1
1  27 -550 -80 60 0 0 1 0 1 0 -1 0 0 3660.dat
0 GROUP -1
1  27 -550 -80 -60 0 0 1 0 1 0 -1 0 0 3660.dat
0 GROUP -1
1  27 -630 -96 0 0 0 -1 0 1 0 1 0 0 3004.dat
0 GROUP -1
1  8 -600 -88 0 0 0 -1 0 1 0 1 0 0 4032.dat
0 GROUP -1
1  8 -600 -96 0 0 0 -1 0 1 0 1 0 0 4032.dat
0 GROUP -1
1  19 -550 -88 0 0 0 -1 0 1 0 1 0 0 3666.dat
0 GROUP -1
1  15 -390 -128 70 -1 0 0 0 1 0 0 0 -1 60481.dat
0 GROUP -1
1  15 -390 -128 -70 1 0 0 0 1 0 0 0 1 60481.dat
0 GROUP -1
1  15 -390 -128 0 0 0 -1 0 1 0 1 0 0 3307.dat
0 GROUP -1
1  15 -410 -128 0 0 0 -1 0 1 0 1 0 0 3307.dat
0 GROUP -1
1  7 -620 -104 -10 1 0 0 0 1 0 0 0 1 44728.dat
0 GROUP -1
1  27 -630 -74 -24 1 0 0 0 0 -1 0 1 0 50746.dat
0 GROUP -1
1  27 -610 -74 -24 1 0 0 0 0 -1 0 1 0 50746.dat
0 GROUP -1
1  7 -620 -104 10 -1 0 0 0 1 0 0 0 -1 44728.dat
0 GROUP -1
1  27 -610 -74 24 -1 0 0 0 0 -1 0 -1 0 50746.dat
0 GROUP -1
1  27 -630 -74 24 -1 0 0 0 0 -1 0 -1 0 50746.dat
0 GROUP -1
1  27 -570 -104 40 0 0 1 0 1 0 -1 0 0 3010.dat
0 GROUP -1
1  27 -570 -104 -40 0 0 1 0 1 0 -1 0 0 3010.dat
0 GROUP -1
1  15 -550 -136 -50 -1 0 0 0 1 0 0 0 -1 60481.dat
0 GROUP -1
1  15 -550 -136 50 1 0 0 0 1 0 0 0 1 60481.dat
0 GROUP -1
1  7 -590 -104 0 0 0 -1 0 1 0 1 0 0 3023.dat
1  7 -588.1903 -36 -47.64969 0 0.5446389 -0.8386706 -1 0 0 0 0.8386706 0.5446389 2460.dat
1  7 -588.1903 -36 47.64973 0 0.5446386 0.8386703 -1 0 0 0 -0.8386703 0.5446386 2460.dat
1  7 -609 -37 81 1 0 0 0 1 0 0 0 1 30208.dat
1  7 -609 -37 81 -1 0 0 0 -1 0 0 0 1 30208.dat
1  7 -608 -37 -81 1 0 0 0 1 0 0 0 1 30208.dat
1  7 -608 -37 -81 -1 0 0 0 -1 0 0 0 1 30208.dat
1  1 -643.1218 -29.16986 -95.85986 -0.9238796 0 0.3826834 0 1 0 -0.3826834 0 -0.9238793 3749.dat
1  7 -661.5994 -29.16986 -103.5135 0.3826834 0 0.9238796 0 1 0 -0.9238793 0 0.3826834 59443.dat
1  7 -772.465 -29.16986 -149.4355 0.3826834 -0.9238796 0 0 0 1 -0.9238793 -0.3826834 0 4095.dat
1  8 -750.2919 -29.16986 -140.2511 0.3826834 -0.9238796 0 0 0 1 -0.9238793 -0.3826834 0 4589.dat
1  7 -776.1604 -29.16986 -150.9663 0.9238796 0.3826834 0 0 0 1 0.3826834 -0.9238793 0 4274.dat
1  1 -643.926 -37 95.4538 -0.9238794 0 -0.3826834 0 1 0 0.3826834 0 -0.9238794 3749.dat
1  7 -662.4037 -37 103.1075 -0.3826834 0 0.9238794 0 1 0 -0.9238794 0 -0.3826834 59443.dat
1  7 -773.2692 -37 149.0295 -0.3826834 -0.9238794 0 0 0 1 -0.9238794 0.3826834 0 4095.dat
1  8 -751.0961 -37 139.8451 -0.3826834 -0.9238794 0 0 0 1 -0.9238794 0.3826834 0 4589.dat
1  7 -776.9647 -37 150.5602 0.9238794 -0.3826834 0 0 0 1 -0.3826834 -0.9238794 0 4274.dat
0 GROUP -1
1  19 -390 -152 -20 0 0 -1 0 1 0 1 0 0 2458.dat
0 GROUP -1
1  19 -390 -152 20 0 0 -1 0 1 0 1 0 0 2458.dat
0 GROUP -1
1  15 -390 -152 50 -1 0 0 0 1 0 0 0 -1 3040B.dat
0 GROUP -1
1  15 -390 -152 -50 1 0 0 0 1 0 0 0 1 3040B.dat
0 GROUP -1
1  1 -570 -112 0 0 0 1 0 1 0 -1 0 0 3710.dat
0 GROUP -1
1  27 -590 -94 -72 0 0 1 1 0 0 0 1 0 33243.dat
0 GROUP -1
1  27 -590 -94 72 0 0 1 -1 0 0 0 -1 0 33243.dat
0 GROUP -1
1  8 -570 -112 70 -1 0 0 0 1 0 0 0 -1 2420.dat
0 GROUP -1
1  8 -570 -112 -70 0 0 -1 0 1 0 1 0 0 2420.dat
0 GROUP -1
1  8 -590 -112 10 0 0 -1 0 1 0 1 0 0 30357.dat
0 GROUP -1
1  8 -590 -112 -10 -1 0 0 0 1 0 0 0 -1 30357.dat
0 GROUP -1
1  8 -570 -120 0 0 0 1 0 1 0 -1 0 0 2412B.dat
0 GROUP -1
1  19 -410 -136 0 0 0 -1 0 1 0 1 0 0 3666.dat
0 GROUP -1
1  19 -390 -160 0 0 0 -1 0 1 0 1 0 0 3666.dat
0 GROUP -1
1  15 -630 -160 0 0 0 1 0 1 0 -1 0 0 772.dat
0 GROUP -1
1  15 -610 -136 -30 0 0 1 0 1 0 -1 0 0 3063.dat
0 GROUP -1
1  15 -610 -160 -30 0 0 1 0 1 0 -1 0 0 3063.dat
0 GROUP -1
1  15 -610 -136 30 -1 0 0 0 1 0 0 0 -1 3063.dat
0 GROUP -1
1  15 -610 -160 30 -1 0 0 0 1 0 0 0 -1 3063.dat
0 GROUP -1
1  15 -580 -160 50 -1 0 0 0 1 0 0 0 -1 3678.dat
0 GROUP -1
1  15 -580 -160 -50 1 0 0 0 1 0 0 0 1 3678.dat
0 GROUP -1
1  7 -550 -160 50 0 0 -1 0 1 0 1 0 0 6541.dat
0 GROUP -1
1  0 -540 -150 -50 -1 0 0 0 1 0 0 0 -1 3673.dat
0 GROUP -1
1  0 -420 -150 -50 -1 0 0 0 1 0 0 0 -1 3673.dat
0 GROUP -1
1  8 -530 -90.78487 -72.21629 0 1 0 -0.6293203 0 -0.7771458 -0.7771458 0 0.6293203 32140.dat
0 GROUP -1
1  8 -430 -90.78487 -72.21629 0 1 0 -0.6293203 0 -0.7771458 -0.7771458 0 0.6293203 32140.dat
0 GROUP -1
1  1 -520 -90.78487 -72.21629 -1 0 0 0 0.6293203 0.7771458 0 0.7771458 -0.6293203 3749.dat
0 GROUP -1
1  0 -500 -93.54123 -81.82891 -1 0 0 0 0.2756373 0.9612616 0 0.9612616 -0.2756373 2444.dat
0 GROUP -1
1  1 -440 -90.78487 -72.21629 1 0 0 0 0.6293203 -0.7771458 0 0.7771458 0.6293203 3749.dat
0 GROUP -1
1  0 -460 -93.54123 -81.82891 1 0 0 0 0.2756373 -0.9612616 0 0.9612616 0.2756373 2444.dat
0 GROUP -1
1  1 -480 -86.13371 -92.27537 -1 0 0 0 0.2756373 0.9612616 0 0.9612616 -0.2756373 3710.dat
0 GROUP -1
1  15 -480 -100.1565 -104.8992 -1 0 0 0 0.2756373 0.9612616 0 0.9612616 -0.2756373 4515.dat
0 GROUP -1
1  8 -480 -47.68327 -103.3009 -1 0 0 0 0.2756373 0.9612616 0 0.9612616 -0.2756373 3460.dat
0 GROUP -1
1  19 -480 -91.33614 -74.13882 1 0 0 0 0.2756373 -0.9612616 0 0.9612616 0.2756373 2654.dat
0 GROUP -1
1  7 -410 -160 50 0 0 -1 0 1 0 1 0 0 6541.dat
0 GROUP -1
1  0 -420 -150 50 1 0 0 0 1 0 0 0 1 3673.dat
0 GROUP -1
1  1 -440 -90.78489 72.21629 1 0 0 0 0.6293203 0.7771458 0 -0.7771458 0.6293203 3749.dat
0 GROUP -1
1  8 -430 -90.78489 72.21629 0 -1 0 -0.6293203 0 -0.7771458 0.7771458 0 -0.6293203 32140.dat
0 GROUP -1
1  8 -480 -47.68329 103.3009 1 0 0 0 0.2756373 0.9612616 0 -0.9612616 0.2756373 3460.dat
0 GROUP -1
1  15 -480 -100.1565 104.8992 1 0 0 0 0.2756373 0.9612616 0 -0.9612616 0.2756373 4515.dat
0 GROUP -1
1  1 -480 -86.13373 92.27538 1 0 0 0 0.2756373 0.9612616 0 -0.9612616 0.2756373 3710.dat
0 GROUP -1
1  19 -480 -91.33615 74.13882 -1 0 0 0 0.2756373 -0.9612616 0 -0.9612616 -0.2756373 2654.dat
0 GROUP -1
1  0 -500 -93.54124 81.82892 -1 0 0 0 0.2756373 -0.9612616 0 -0.9612616 -0.2756373 2444.dat
0 GROUP -1
1  0 -460 -93.54124 81.82892 1 0 0 0 0.2756373 0.9612616 0 -0.9612616 0.2756373 2444.dat
0 GROUP -1
1  1 -520 -90.78489 72.21629 -1 0 0 0 0.6293203 -0.7771458 0 -0.7771458 -0.6293203 3749.dat
0 GROUP -1
1  8 -530 -90.78489 72.21629 0 -1 0 -0.6293203 0 -0.7771458 0.7771458 0 -0.6293203 32140.dat
0 GROUP -1
1  0 -540 -150 50 1 0 0 0 1 0 0 0 1 3673.dat
0 GROUP -1
1  7 -550 -160 -50 0 0 -1 0 1 0 1 0 0 6541.dat
0 GROUP -1
1  7 -410 -160 -50 0 0 -1 0 1 0 1 0 0 6541.dat
0 GROUP -1
1  15 -480 -160 50 -1 0 0 0 1 0 0 0 -1 3710.dat
0 GROUP -1
1  15 -440 -184 50 -1 0 0 0 1 0 0 0 -1 3009.dat
0 GROUP -1
1  15 -520 -184 50 0 0 1 0 1 0 -1 0 0 41762.dat
0 GROUP -1
1  15 -460 -192 50 1 0 0 0 1 0 0 0 1 3460.dat
0 GROUP -1
1  15 -440 -216 50 0 0 1 0 1 0 -1 0 0 41762.dat
0 GROUP -1
1  7 -400 -216 50 -1 0 0 0 1 0 0 0 -1 2877.dat
0 GROUP -1
1  15 -420 -224 50 -1 0 0 0 1 0 0 0 -1 3710.dat
0 GROUP -1
1  15 -440 -184 -50 -1 0 0 0 1 0 0 0 -1 3009.dat
0 GROUP -1
1  15 -480 -160 -50 -1 0 0 0 1 0 0 0 -1 3710.dat
0 GROUP -1
1  15 -520 -184 -50 0 0 1 0 1 0 -1 0 0 41762.dat
0 GROUP -1
1  15 -460 -192 -50 1 0 0 0 1 0 0 0 1 3460.dat
0 GROUP -1
1  15 -440 -216 -50 0 0 1 0 1 0 -1 0 0 41762.dat
0 GROUP -1
1  7 -400 -216 -50 1 0 0 0 1 0 0 0 1 2877.dat
0 GROUP -1
1  15 -420 -224 -50 -1 0 0 0 1 0 0 0 -1 3710.dat
0 GROUP -1
1  15 -360 -248 50 0 0 1 0 1 0 -1 0 0 41762.dat
0 GROUP -1
1  15 -360 -248 -50 0 0 1 0 1 0 -1 0 0 41762.dat
0 GROUP -1
1  7 -360 -256 -50 1 0 0 0 1 0 0 0 1 3023.dat
0 GROUP -1
1  7 -360 -256 50 1 0 0 0 1 0 0 0 1 3023.dat
1  8 20 -278 0 0 0 1 0 1 0 -1 0 0 30373.dat
1  15 -140 -232 -40 1 0 0 0 1 0 0 0 1 4282.dat
1  15 -140 -232 40 1 0 0 0 1 0 0 0 1 4282.dat
1  7 20 -256 50 1 0 0 0 1 0 0 0 1 2877.dat
1  7 20 -256 -50 -1 0 0 0 1 0 0 0 -1 2877.dat
1  7 140 -232 0 1 0 0 0 1 0 0 0 1 3028.dat
1  15 250 -256 50 0 0 -1 0 1 0 1 0 0 3665.dat
1  15 250 -256 -50 0 0 -1 0 1 0 1 0 0 3665.dat
1  15 250 -256 -30 0 0 -1 0 1 0 1 0 0 3005.dat
1  15 250 -256 30 0 0 -1 0 1 0 1 0 0 3005.dat
1  15 220 -256 0 0 0 -1 0 1 0 1 0 0 2456.dat
1  15 210 -280 50 0 0 -1 0 1 0 1 0 0 3005.dat
1  15 210 -280 -50 0 0 -1 0 1 0 1 0 0 3005.dat
1  19 240 -280 40 0 0 -1 0 1 0 1 0 0 3003.dat
1  19 240 -280 -40 0 0 -1 0 1 0 1 0 0 3003.dat
1  1 230 -280 0 0 0 -1 0 1 0 1 0 0 3700.dat
1  15 140 -280 50 -1 0 0 0 1 0 0 0 -1 3307.dat
1  15 140 -280 -50 -1 0 0 0 1 0 0 0 -1 3307.dat
1  15 270 -280 -50 0 0 -1 0 1 0 1 0 0 3665.dat
1  15 270 -280 50 0 0 -1 0 1 0 1 0 0 3665.dat
1  7 -60 -280 -40 1 0 0 0 1 0 0 0 1 4345B.dat
1  15 -60 -280 -40 1 0 0 0 1 0 0 0 1 4346.dat
1  7 -120 -280 -40 1 0 0 0 1 0 0 0 1 4345B.dat
1  15 -120 -280 -40 1 0 0 0 1 0 0 0 1 4346.dat
1  7 -60 -280 40 -1 0 0 0 1 0 0 0 -1 4345B.dat
1  15 -60 -280 40 -1 0 0 0 1 0 0 0 -1 4346.dat
1  7 -120 -280 40 -1 0 0 0 1 0 0 0 -1 4345B.dat
1  15 -120 -280 40 -1 0 0 0 1 0 0 0 -1 4346.dat
1  15 -90 -280 40 0 0 1 0 1 0 -1 0 0 772.dat
1  15 -90 -280 -40 0 0 1 0 1 0 -1 0 0 772.dat
1  7 -200 -256 -50 -1 0 0 0 1 0 0 0 -1 2877.dat
1  7 -200 -256 50 1 0 0 0 1 0 0 0 1 2877.dat
1  8 -200 -280 0 0 0 1 0 1 0 -1 0 0 30373.dat
1  15 -300 -256 50 1 0 0 0 1 0 0 0 1 3010.dat
1  15 -300 -256 -50 1 0 0 0 1 0 0 0 1 3010.dat
1  7 -320 -232 -50 1 0 0 0 1 0 0 0 1 3023.dat
1  7 -320 -232 50 1 0 0 0 1 0 0 0 1 3023.dat
0 GROUP -1
1  15 -280 -280 -50 0 0 1 0 1 0 -1 0 0 41762.dat
0 GROUP -1
1  15 -280 -280 50 0 0 1 0 1 0 -1 0 0 41762.dat
0 GROUP -1
1  15 -200 -280 0 0 0 1 0 1 0 -1 0 0 2456.dat
0 GROUP -1
1  27 -230 -280 0 0 0 1 0 1 0 -1 0 0 3004.dat
0 GROUP -1
1  15 220 -304 50 1 0 0 0 1 0 0 0 1 3008.dat
0 GROUP -1
1  15 60 -304 50 1 0 0 0 1 0 0 0 1 3008.dat
0 GROUP -1
1  15 220 -304 -50 1 0 0 0 1 0 0 0 1 3008.dat
0 GROUP -1
1  15 60 -304 -50 1 0 0 0 1 0 0 0 1 3008.dat
0 GROUP -1
1  15 230 -304 -30 1 0 0 0 1 0 0 0 1 2357.dat
0 GROUP -1
1  15 230 -304 30 0 0 1 0 1 0 -1 0 0 2357.dat
1  1 -70 -288 0 0 0 1 0 1 0 -1 0 0 3710.dat
1  1 -170 -288 0 0 0 1 0 1 0 -1 0 0 3710.dat
1  7 240 -270 0 0 1 0 0 0 1 1 0 0 2460.dat
1  7 294 -276 0 1 0 0 0 1 0 0 0 1 30208.dat
1  7 294 -276 0 -1 0 0 0 -1 0 0 0 1 30208.dat
1  1 333 -276 0 1 0 0 0 1 0 0 0 1 3749.dat
1  7 353 -276 0 0 0 -1 0 1 0 1 0 0 59443.dat
1  7 473 -276 0 0 1 0 0 0 1 1 0 0 4095.dat
1  8 449 -276 0 0 1 0 0 0 1 1 0 0 4589.dat
1  7 477 -276 0 -1 0 0 0 0 1 0 1 0 4274.dat
1  19 -120 -296 30 1 0 0 0 1 0 0 0 1 3666.dat
1  19 -120 -296 -30 1 0 0 0 1 0 0 0 1 3666.dat
1  15 -220 -288 -50 1 0 0 0 1 0 0 0 1 3710.dat
1  15 -220 -288 50 1 0 0 0 1 0 0 0 1 3710.dat
1  8 -220 -288 0 1 0 0 0 1 0 0 0 1 4032.dat
1  7 -280 -288 -50 1 0 0 0 1 0 0 0 1 44728.dat
1  15 -280 -268 -72 1 0 0 0 0 -1 0 1 0 4150PS6.dat
1  7 -280 -288 50 -1 0 0 0 1 0 0 0 -1 44728.dat
1  15 -280 -268 72 -1 0 0 0 0 -1 0 -1 0 4150PS6.dat
1  7 -210 -296 0 0 0 1 0 1 0 -1 0 0 3023.dat
1  15 -190 -304 30 -1 0 0 0 1 0 0 0 -1 2357.dat
1  15 -190 -304 -30 0 0 -1 0 1 0 1 0 0 2357.dat
0 GROUP -1
1  15 -100 -304 50 1 0 0 0 1 0 0 0 1 3008.dat
0 GROUP -1
1  15 -100 -304 -50 1 0 0 0 1 0 0 0 1 3008.dat
1  8 250 -312 0 0 0 1 0 1 0 -1 0 0 2431.dat
1  15 270 -328 50 0 0 -1 0 1 0 1 0 0 3040B.dat
1  15 270 -328 -50 0 0 -1 0 1 0 1 0 0 3040B.dat
1  15 200 -328 -50 -1 0 0 0 1 0 0 0 -1 3009.dat
1  15 200 -328 50 -1 0 0 0 1 0 0 0 -1 3009.dat
1  15 60 -328 50 -1 0 0 0 1 0 0 0 -1 3009.dat
1  15 60 -328 -50 -1 0 0 0 1 0 0 0 -1 3009.dat
1  4 130 -328 -60 0 0 1 0 1 0 -1 0 0 2744.dat
1  4 -10 -328 -60 0 0 1 0 1 0 -1 0 0 2744.dat
1  4 -10 -328 60 0 0 -1 0 1 0 1 0 0 2744.dat
1  4 130 -328 60 0 0 -1 0 1 0 1 0 0 2744.dat
1  15 -60 -328 50 1 0 0 0 1 0 0 0 1 3010.dat
1  15 -60 -328 -50 1 0 0 0 1 0 0 0 1 3010.dat
1  15 -140 -312 -50 1 0 0 0 1 0 0 0 1 3710.dat
1  15 -140 -312 50 1 0 0 0 1 0 0 0 1 3710.dat
0 GROUP -1
1  15 -200 -312 50 0 0 1 0 1 0 -1 0 0 41762.dat
0 GROUP -1
1  15 -200 -312 -50 0 0 1 0 1 0 -1 0 0 41762.dat
0 GROUP -1
1  7 -200 -320 50 1 0 0 0 1 0 0 0 1 3023.dat
0 GROUP -1
1  7 -200 -320 -50 1 0 0 0 1 0 0 0 1 3023.dat
0 GROUP -1
1  7 -120 -320 -50 1 0 0 0 1 0 0 0 1 3023.dat
0 GROUP -1
1  7 -120 -320 50 1 0 0 0 1 0 0 0 1 3023.dat
1  7 -160 -320 50 -1 0 0 0 1 0 0 0 -1 44728.dat
1  7 -160 -320 -50 1 0 0 0 1 0 0 0 1 44728.dat
1  7 -150 -290 -72 1 0 0 0 0 -1 0 1 0 2450.dat
1  7 -150 -290 72 0 0 -1 1 0 0 0 -1 0 2450.dat
0 GROUP -1
1  15 -80 -320 30 0 0 1 0 1 0 -1 0 0 41762.dat
0 GROUP -1
1  15 -80 -320 -30 0 0 1 0 1 0 -1 0 0 41762.dat
1  15 250 -352 50 0 0 -1 0 1 0 1 0 0 3040B.dat
1  15 250 -352 -50 0 0 -1 0 1 0 1 0 0 3040B.dat
0 GROUP -1
1  7 210 -352 -50 -1 0 0 0 1 0 0 0 -1 3622.dat
0 GROUP -1
1  7 210 -352 50 -1 0 0 0 1 0 0 0 -1 3622.dat
0 GROUP -1
1  7 140 -352 0 0 0 1 0 1 0 -1 0 0 2356.dat
0 GROUP -1
1  7 -20 -352 0 0 0 1 0 1 0 -1 0 0 2356.dat
0 GROUP -1
1  7 -80 -352 50 1 0 0 0 1 0 0 0 1 2877.dat
0 GROUP -1
1  7 -80 -352 -50 -1 0 0 0 1 0 0 0 -1 2877.dat
0 GROUP -1
1  15 -120 -344 50 0 0 1 0 1 0 -1 0 0 41762.dat
0 GROUP -1
1  7 -120 -352 50 1 0 0 0 1 0 0 0 1 3023.dat
0 GROUP -1
1  15 -120 -344 -50 0 0 1 0 1 0 -1 0 0 41762.dat
0 GROUP -1
1  7 -120 -352 -50 1 0 0 0 1 0 0 0 1 3023.dat
1  15 230 -376 50 0 0 -1 0 1 0 1 0 0 3040B.dat
1  15 230 -376 -50 0 0 -1 0 1 0 1 0 0 3040B.dat
0 GROUP -1
1  15 180 -376 0 0 0 -1 0 1 0 1 0 0 2456.dat
0 GROUP -1
1  15 210 -376 50 0 0 -1 0 1 0 1 0 0 3005.dat
0 GROUP -1
1  15 210 -376 -50 0 0 -1 0 1 0 1 0 0 3005.dat
0 GROUP -1
1  15 150 -376 0 0 0 -1 0 1 0 1 0 0 3009.dat
0 GROUP -1
1  15 60 -376 50 -1 0 0 0 1 0 0 0 -1 3009.dat
0 GROUP -1
1  15 60 -376 -50 -1 0 0 0 1 0 0 0 -1 3009.dat
0 GROUP -1
1  8 -10 -376 -40 0 0 1 0 1 0 -1 0 0 30364.dat
0 GROUP -1
1  8 130 -376 -40 0 0 1 0 1 0 -1 0 0 30364.dat
0 GROUP -1
1  8 130 -376 40 0 0 -1 0 1 0 1 0 0 30364.dat
0 GROUP -1
1  8 -10 -376 40 0 0 -1 0 1 0 1 0 0 30364.dat
0 GROUP -1
1  15 -40 -376 50 0 0 1 0 1 0 -1 0 0 41762.dat
0 GROUP -1
1  15 -40 -376 -50 0 0 1 0 1 0 -1 0 0 41762.dat
0 GROUP -1
1  1 -30 -360 0 0 0 1 0 1 0 -1 0 0 3710.dat
0 GROUP -1
1  1 -30 -368 0 0 0 1 0 1 0 -1 0 0 3710.dat
0 GROUP -1
1  7 -30 -376 0 0 0 1 0 1 0 -1 0 0 44568.dat
0 GROUP -1
1  7 60 -360 0 -1 0 0 0 1 0 0 0 -1 3032.dat
0 GROUP -1
1  1 110 -368 0 0 0 1 0 1 0 -1 0 0 3710.dat
0 GROUP -1
1  1 110 -376 0 0 0 1 0 1 0 -1 0 0 3710.dat
0 GROUP -1
1  14 30 -376 0 0 0 1 0 1 0 -1 0 0 47457.dat
0 GROUP -1
1  8 50 -368 20 0 0 1 0 1 0 -1 0 0 32530.dat
0 GROUP -1
1  8 90 -368 20 0 0 1 0 1 0 -1 0 0 32530.dat
0 GROUP -1
1  8 90 -368 -20 0 0 1 0 1 0 -1 0 0 32530.dat
0 GROUP -1
1  8 50 -368 -20 0 0 1 0 1 0 -1 0 0 32530.dat
0 GROUP -1
1  1 70 -390 -20 -1 0 0 0 1 0 0 0 -1 32556.dat
0 GROUP -1
1  1 70 -390 20 -1 0 0 0 1 0 0 0 -1 32556.dat
0 GROUP -1
1  7 70 -418.2843 48.28427 0 1 0 -0.7071067 0 -0.7071068 -0.7071068 0 0.7071067 32316.dat
0 GROUP -1
1  7 70 -418.2843 -48.28427 0 1 0 0.7071067 0 -0.7071068 -0.7071068 0 -0.7071067 32316.dat
0 GROUP -1
1  7 190 -384 0 0 0 -1 0 1 0 1 0 0 44568.dat
0 GROUP -1
1  15 140 -384 0 0 0 1 0 1 0 -1 0 0 6179.dat
0 GROUP -1
1  15 160 -384 50 1 0 0 0 1 0 0 0 1 4162.dat
0 GROUP -1
1  15 160 -384 -50 1 0 0 0 1 0 0 0 1 4162.dat
0 GROUP -1
1  7 60 -384 -50 1 0 0 0 1 0 0 0 1 3023.dat
0 GROUP -1
1  7 60 -384 50 1 0 0 0 1 0 0 0 1 3023.dat
0 GROUP -1
1  15 0 -384 0 0 0 -1 0 1 0 1 0 0 6180.dat
0 GROUP -1
1  15 232.6274 -362.201 0 0 -0.7071068 -0.7071068 0 0.7071068 -0.7071068 1 0 0 44570.dat
0 GROUP -1
1  15 252.4265 -353.7157 0 0 -0.7071068 -0.7071068 0 0.7071068 -0.7071068 1 0 0 6179.dat
0 GROUP -1
1  15 267.9828 -326.8456 20 0 -0.7071068 -0.7071068 0 0.7071068 -0.7071068 1 0 0 32028.dat
0 GROUP -1
1  15 267.9828 -326.8456 -20 0 -0.7071068 -0.7071068 0 0.7071068 -0.7071068 1 0 0 32028.dat
0 GROUP -1
1  15 -78.87479 -365.6188 0 0 0.3420199 0.9396926 0 0.9396926 -0.3420199 -1 0 0 44570.dat
0 GROUP -1
1  15 -147.3894 -349.1949 0 0 0.3420199 0.9396926 0 0.9396926 -0.3420199 -1 0 0 2413.dat
0 GROUP -1
1  15 -225.301 -329.3508 0 0 0.3420199 0.9396926 0 0.9396926 -0.3420199 -1 0 0 32028.dat
1  15 -414.1123 -198.0669 0 0.8788171 0.4771587 0 -0.4771587 0.8788171 0 0 0 1 4282.dat
1  8 -549.7521 -133.5237 0 0 0.4771587 -0.8788171 0 0.8788171 0.4771587 1 0 0 2412B.dat
1  7 -488.2349 -166.9248 0 -0.8788171 0.4771587 0 0.4771587 0.8788171 0 0 0 -1 3795.dat
1  4 -277.3188 -281.4429 10 0.8788171 0.4771587 0 -0.4771587 0.8788171 0 0 0 1 60478.dat
1  4 -277.3188 -281.4429 -10 0.8788171 0.4771587 0 -0.4771587 0.8788171 0 0 0 1 60478.dat
1  4 -407.9878 -228.7017 0 0.8788171 0.4771587 0 -0.4771587 0.8788171 0 0 0 1 4854.dat
1  4 -337.6824 -266.8744 0 0.8788171 0.4771587 0 -0.4771587 0.8788171 0 0 0 1 4854.dat
1  4 -482.1104 -197.5596 0 0.8788171 0.4771587 0 -0.4771587 0.8788171 0 0 0 1 4854.dat
1  4 -552.4158 -159.3868 0 0.8788171 0.4771587 0 -0.4771587 0.8788171 0 0 0 1 4854.dat
1  7 -298.7125 -278.9302 0 0.8788171 0.4771587 0 -0.4771587 0.8788171 0 0 0 1 3020.dat
1  7 -284.9534 -295.5039 0 0 0.4771587 -0.8788171 0 0.8788171 0.4771587 1 0 0 3020.dat
1  8 -320.1061 -276.4176 0 0 0.4771587 -0.8788171 0 0.8788171 0.4771587 1 0 0 4032.dat
1  15 -438.1696 -221.4175 0 0 0.4771587 -0.8788171 0 0.8788171 0.4771587 1 0 0 3710.dat
1  4 -230 -296 0 0 0 1 0 1 0 -1 0 0 60470.dat
1  7 -574.963 -138.0415 0 0 0.4771587 -0.8788171 0 0.8788171 0.4771587 1 0 0 3023.dat
1  8 -587.5685 -140.3005 10 -0.8788171 0.4771587 0 0.4771587 0.8788171 0 0 0 -1 44301.dat
1  8 -587.5685 -140.3005 -10 -0.8788171 0.4771587 0 0.4771587 0.8788171 0 0 0 -1 44301.dat
1  15 -538.6567 -175.9605 0 -0.8788171 0.4771587 0 0.4771587 0.8788171 0 0 0 -1 3001.dat
1  15 -590.2321 -166.1637 30 0 0.4771587 0.8788171 0 0.8788171 -0.4771587 -1 0 0 2357.dat
1  15 -590.2321 -166.1637 -30 0.8788171 0.4771587 0 -0.4771587 0.8788171 0 0 0 1 2357.dat
1  15 -555.0794 -185.2501 -30 0.8788171 0.4771587 0 -0.4771587 0.8788171 0 0 0 1 3005.dat
1  15 -555.0794 -185.2501 30 0.8788171 0.4771587 0 -0.4771587 0.8788171 0 0 0 1 3005.dat
