0 FILE Untitled.ldr
0 Untitled
0 Name: Untitled.ldr
0 Author: LDraw
0 Unofficial Model
0 ROTATION CENTER 0 0 0 1 "Custom" 
0 ROTATION CONFIG 0 0
1 0 60 0 0 0 0 1 0 1 0 -1 0 0 Part 1.ldr
1 0 -19.941 253 387.448 0.92388 0 0.382683 0 1 0 -0.382683 0 0.92388 Fox.ldr
1 0 -170 254 320 0.92388 0 0.382683 0 1 0 -0.382683 0 0.92388 Clone.ldr
1 0 -137 270 95 0.707107 0 0.707107 0 1 0 -0.707107 0 0.707107 Battle Droid.ldr
1 0 -60 270 50 0.382683 0 0.92388 0 1 0 -0.92388 0 0.382683 Battle Droid Commander.ldr
0
0 FILE Fox.ldr
0 Fox
0 Name: Fox.ldr
0 Author: LDraw
0 Unofficial Model
0 ROTATION CENTER 0 0 0 1 "Custom" 
0 ROTATION CONFIG 0 0
1 15 0 -27 0 1 0 0 0 1 0 0 0 1 30408p01.dat
1 78 0 -27 0 1 0 0 0 1 0 0 0 1 3626bp01.dat
1 72 0 0 0 -1 0 0 0 1 0 0 0 -1 61190b.dat
1 72 0 32 0 1 0 0 0 1 0 0 0 1 61190c.dat
1 15 0 0 0 1 0 0 0 1 0 0 0 1 973psu.dat
1 0 0 33 0 1 0 0 0 1 0 0 0 1 3815.dat
1 320 -15.552 9 0 0.985 -0.17 0 0.17 0.985 0 0 0 1 3818.dat
1 320 15.552 9 0 0.985 0.17 0 -0.17 0.985 0 0 0 1 3819.dat
1 0 -23.8634 26.5956 -10.321 0.985 -0.12019 0.12019 0.17 0.696395 -0.696395 0 0.707 0.707 3820.dat
1 0 23.8634 26.5956 -10.321 0.985 0.12019 -0.12019 -0.17 0.696395 -0.696395 0 0.707 0.707 3820.dat
1 72 -24.6826 31.3422 -19.2547 0.985 -0.0874983 0.14567 0.17 0.506976 -0.844031 0 0.856884 0.514696 61190a.dat
1 72 24.6826 31.3422 -19.2547 0.985 0.0874983 -0.14567 -0.17 0.506976 -0.844031 0 0.856884 0.514696 61190a.dat
1 15 0 45 0 1 0 0 0 1 0 0 0 1 3816.dat
1 15 0 45 0 1 0 0 0 1 0 0 0 1 3817.dat
0
0 FILE Clone.ldr
0 Clone
0 Name: Clone.ldr
0 Author: LDraw
0 Unofficial Model
0 ROTATION CENTER 0 0 0 1 "Custom" 
0 ROTATION CONFIG 0 0
1 15 0 -24 0 1 0 0 0 1 0 0 0 1 30408p01.dat
1 78 0 -24 0 1 0 0 0 1 0 0 0 1 3626bp01.dat
1 15 0 0 0 1 0 0 0 1 0 0 0 1 973psu.dat
1 0 0 32 0 1 0 0 0 1 0 0 0 1 3815.dat
1 15 -15.552 9 0 0.985 -0.17 0 0.17 0.985 0 0 0 1 3818.dat
1 15 15.552 9 0 0.985 0.17 0 -0.17 0.985 0 0 0 1 3819.dat
1 0 -23.8634 26.5956 -10.321 0.985 -0.12019 0.12019 0.17 0.696395 -0.696395 0 0.707 0.707 3820.dat
1 0 23.8634 26.5956 -10.321 0.985 0.12019 -0.12019 -0.17 0.696395 -0.696395 0 0.707 0.707 3820.dat
1 0 -24.6826 31.3422 -19.2547 0.985 -0.0874983 0.14567 0.17 0.506976 -0.844031 0 0.856884 0.514696 58247.dat
1 15 0 44 0 1 0 0 0 1 0 0 0 1 3816.dat
1 15 0 44 0 1 0 0 0 1 0 0 0 1 3817.dat
0
0 FILE Super Battle Droid.ldr
0 Super Battle Droid
0 Name: Super Battle Droid.ldr
0 Author: LDraw
0 Unofficial Model
0
0 FILE Battle Droid.ldr
0 Battle Droid
0 Name: Battle Droid.ldr
0 Author: LDraw
0 Unofficial Model
0 ROTATION CENTER 0 0 0 1 "Custom" 
0 ROTATION CONFIG 0 0
1 19 0 8 0 1 0 0 0 1 0 0 0 1 30375.dat
1 19 0 48 0 1 0 0 0 1 0 0 0 1 30376.dat
1 19 0 -24 0 1 0 0 0 1 0 0 0 1 30378.dat
1 19 16 -24 0 1 0 0 0 1 0 0 0 1 30377.dat
1 19 -16 -24 0 1 0 0 0 0.92388 0.382683 0 -0.382683 0.92388 59230.dat
1 0 -16 12.955 -15.307 1 0 0 0 0.382683 -0.92388 0 0.92388 0.382683 58247.dat
0
0 FILE Battle Droid Commander.ldr
0 Battle Droid Commander
0 Name: Battle Droid Commander.ldr
0 Author: LDraw
0 Unofficial Model
0 ROTATION CENTER 0 0 0 1 "Custom" 
0 ROTATION CONFIG 0 0
1 14 0 8 0 1 0 0 0 1 0 0 0 1 30375.dat
1 19 0 48 0 1 0 0 0 1 0 0 0 1 30376.dat
1 19 0 -24 0 1 0 0 0 1 0 0 0 1 30378.dat
1 19 16 -24 0 1 0 0 0 1 0 0 0 1 30377.dat
1 19 -16 -24 0 1 0 0 0 0.92388 0.382683 0 -0.382683 0.92388 59230.dat
1 0 -16 12.955 -15.307 1 0 0 0 0.382683 -0.92388 0 0.92388 0.382683 58247.dat
0
0 FILE Part 1.ldr
0 Part 1
0 Name: Part 1.ldr
0 Author: LDraw
0 Unofficial Model
0 ROTATION CENTER 0 0 0 1 "Custom" 
0 ROTATION CONFIG 0 0
1 72 -30 40 0 1 0 0 0 1 0 0 0 1 2577.dat
1 72 -30 40 0 0 0 1 0 1 0 -1 0 0 2577.dat
1 72 -30 40 0 -1 0 0 0 1 0 0 0 -1 2577.dat
1 71 -30 16 50 0 0 1 0 1 0 -1 0 0 3002.dat
1 71 -30 16 -50 0 0 1 0 1 0 -1 0 0 3002.dat
1 71 -80 16 -50 0 0 1 0 1 0 -1 0 0 2462.dat
1 71 -80 16 50 -1 0 0 0 1 0 0 0 -1 2462.dat
1 71 20 16 50 0 0 -1 0 1 0 1 0 0 2462.dat
1 71 20 16 -50 1 0 0 0 1 0 0 0 1 2462.dat
1 71 80 10 0 0.707107 0 0.707107 0 1 0 -0.707107 0 0.707107 Part 2.ldr
1 71 -140 10 0 -0.707107 0 -0.707107 0 1 0 0.707107 0 -0.707107 Part 2.ldr
1 71 20 64 0 0 0 -1 0 1 0 1 0 0 3660.dat
1 71 20 -32 0 0 0 -1 0 1 0 1 0 0 3039.dat
1 71 -30 -32 50 -1 0 0 0 1 0 0 0 -1 3039.dat
1 71 -80 -32 0 0 0 1 0 1 0 -1 0 0 3039.dat
1 71 -30 64 50 -1 0 0 0 1 0 0 0 -1 3660.dat
1 71 -80 64 0 0 0 1 0 1 0 -1 0 0 3660.dat
1 71 -30 64 -50 1 0 0 0 1 0 0 0 1 3660.dat
1 72 0 64 -30 1 0 0 0 1 0 0 0 1 3676.dat
1 72 0 -32 -30 1 0 0 0 1 0 0 0 1 3045.dat
1 72 0 -32 30 0 0 -1 0 1 0 1 0 0 3045.dat
1 72 -60 -32 30 -1 0 0 0 1 0 0 0 -1 3045.dat
1 72 -60 -32 -30 0 0 1 0 1 0 -1 0 0 3045.dat
1 72 -30 -40 0 0 0 1 0 1 0 -1 0 0 4032b.dat
1 71 -30 -48 0 0 0 1 0 1 0 -1 0 0 44375a.dat
1 71 -10 120 0 -1 0 0 0 -1 0 0 0 1 Part 6.ldr
1 71 -30 -32 -70 1 0 0 0 1 0 0 0 1 3937.dat
1 0 -30 -30.571 -75.148 1 0 0 0 0.857167 -0.515038 0 0.515038 0.857167 6134.dat
1 36 -30 -42.58 -70.699 1 0 0 0 0.857167 -0.515038 0 0.515038 0.857167 4073.dat
1 36 -30 -49.438 -74.819 1 0 0 0 0.857167 -0.515038 0 0.515038 0.857167 4740.dat
1 72 -30 -56 0 0 0 1 0 1 0 -1 0 0 4032b.dat
1 72 -30 -50 0 0 1 0 -1 0 0 0 0 1 6587.dat
1 72 -22 -90 -30 1 0 0 0 1 0 0 0 1 Part 5.ldr
1 72 0 64 30 0 0 -1 0 1 0 1 0 0 3676.dat
1 72 -60 64 30 -1 0 0 0 1 0 0 0 -1 3676.dat
1 72 -60 64 -30 0 0 1 0 1 0 -1 0 0 3676.dat
1 1 -30 64 0 1 0 0 0 1 0 0 0 1 30000.dat
1 1 -30 -32 0 0 0 -1 0 1 0 1 0 0 30000.dat
1 0 -100 16 0 0 0 1 0 1 0 -1 0 0 32064b.dat
1 0 -30 26 0 -1 0 0 0 1 0 0 0 -1 3737.dat
1 0 40 16 0 0 0 1 0 1 0 -1 0 0 32064b.dat
1 72 -30 40 0 0 0 -1 0 1 0 1 0 0 2577.dat
1 72 -30 -8 0 1 0 0 0 1 0 0 0 1 2577.dat
1 72 -30 -8 0 0 0 1 0 1 0 -1 0 0 2577.dat
1 72 -30 -8 0 -1 0 0 0 1 0 0 0 -1 2577.dat
1 72 -30 -8 0 0 0 -1 0 1 0 1 0 0 2577.dat
0
0 FILE Part 2.ldr
0 Part 2
0 Name: Part 2.ldr
0 Author: LDraw
0 Unofficial Model
0 ROTATION CENTER 0 0 0 1 "Custom" 
0 ROTATION CONFIG 0 0
1 72 0 16 0 0 0.707107 0.707107 -1 0 0 0 -0.707107 0.707107 32013.dat
1 1 0 16 0 0 0.707107 0.707107 -1 0 0 0 -0.707107 0.707107 6558.dat
1 71 0.104 -4 0.808 0 0 -1 0 1 0 1 0 0 44809.dat
1 71 0.104 36 0.808 0 0 -1 0 1 0 1 0 0 44809.dat
1 71 20 -4 -9.192 0 -0.165048 -0.986286 0 0.986286 -0.165048 1 0 0 3673.dat
1 71 20 36 -9.192 0 0 -1 0 1 0 1 0 0 3673.dat
1 71 -10 -4 20.808 -1 0 0 0 0.984808 -0.173648 0 -0.173648 -0.984808 3673.dat
1 71 -10 36 20.808 -1 0 0 0 1 0 0 0 -1 3673.dat
1 71 140 36 -29.192 0 -0.0784591 -0.996917 0 -0.996917 0.0784591 -1 0 0 3673.dat
1 72 80 36 -19.192 0 0 -1 -1 0 0 0 1 0 32524.dat
1 72 189 308 -48 0 0 -1 0 1 0 1 0 0 Part 4.ldr
1 72 161.508 54.369 -46 0.0784591 0 0.996917 0.996917 0 -0.0784591 0 1 0 Part 3.ldr
1 71 138.354 15.807 -29.192 0 0.165048 -0.986286 0 -0.986286 -0.165048 -1 0 0 3673.dat
1 72 79.179 5.902 -19.192 0.165048 0 -0.986286 -0.986286 0 -0.165048 0 1 0 32524.dat
1 71 -30 36 140.808 1 0 0 0 -0.996917 0.0784591 0 -0.0784591 -0.996917 3673.dat
1 72 -20 36 80.808 0 -1 0 -1 0 0 0 0 -1 32524.dat
1 72 -31.192 308 189.308 -1 0 0 0 1 0 0 0 -1 Part 4.ldr
1 72 -33.192 54.369 162.316 0 -1 0 0.996917 0 -0.0784591 0.0784591 0 0.996917 Part 3.ldr
1 71 -30 15.807 139.162 1 0 0 0 -0.986286 -0.165048 0 0.165048 -0.986286 3673.dat
1 72 -20 5.902 79.987 0 -1 0 -0.986286 0 -0.165048 0.165048 0 -0.986286 32524.dat
0
0 FILE Part 3.ldr
0 Part 3
0 Name: Part 3.ldr
0 Author: LDraw
0 Unofficial Model
0 ROTATION CENTER 0 0 0 1 "Custom" 
0 ROTATION CONFIG 0 0
1 72 -30 8 0 1 0 0 0 1 0 0 0 1 41678.dat
1 0 -50 8 0 1 0 0 0 1 0 0 0 1 3706.dat
1 0 50 8 0 1 0 0 0 1 0 0 0 1 32062.dat
1 71 140 8 0 1 0 0 0 1 0 0 0 1 44294.dat
1 71 -70 8 0 0 0 -1 0 1 0 1 0 0 4716.dat
1 72 -110 8 0 0 0 -1 0 1 0 1 0 0 59443.dat
1 70 70 8 0 0 0 -1 0 1 0 1 0 0 59443.dat
1 72 220 8 0 0 0 1 1 0 0 0 1 0 32013.dat
1 71 -130 8 0 1 0 0 0 1 0 0 0 1 2736.dat
1 71 20 8 0 0 0 1 -1 0 0 0 -1 0 32034.dat
0
0 FILE Part 4.ldr
0 Part 4
0 Name: Part 4.ldr
0 Author: LDraw
0 Unofficial Model
0 ROTATION CENTER 0 0 0 1 "Custom" 
0 ROTATION CONFIG 0 0
1 71 10 0 0 1 0 0 0 1 0 0 0 1 60474.dat
1 71 -20 -24 0 0 0 1 0 1 0 -1 0 0 3048.dat
1 71 40 -24 0 0 0 -1 0 1 0 1 0 0 3048.dat
1 71 10 -32 -30 1 0 0 0 1 0 0 0 1 3048.dat
1 71 10 -16 30 1 0 0 0 1 0 0 0 1 2412b.dat
1 72 10 -8 30 -1 0 0 0 1 0 0 0 -1 2540.dat
1 72 10 -24 -10 -1 0 0 0 1 0 0 0 -1 30526.dat
1 72 10 -34 10 -1 0 0 0 0 -1 0 -1 0 41678.dat
1 0 10 -34 10 -1 0 0 0 0 -1 0 -1 0 32062.dat
1 72 10 -8 -30 1 0 0 0 1 0 0 0 1 2540.dat
0
0 FILE Part 5.ldr
0 Part 5
0 Name: Part 5.ldr
0 Author: LDraw
0 Unofficial Model
0 ROTATION CENTER 0 0 0 1 "Custom" 
0 ROTATION CONFIG 0 0
1 72 -10 0 0 1 0 0 0 1 0 0 0 1 59443.dat
1 72 0 20 50 0 -1 0 -0.887011 0 -0.461749 0.461749 0 -0.887011 42446.dat
1 72 -10 0 120 1 0 0 0 0 1 0 -1 0 4589.dat
1 72 -10 0 -24 1 0 0 0 0 1 0 -1 0 4740.dat
1 71 -10 0 50 0 0 -1 0 1 0 1 0 0 32073.dat
1 71 -10 20 50 0 1 0 -1 0 0 0 0 1 44809.dat
1 1 0 20 50 1 0 0 0 0.887011 0.461749 0 -0.461749 0.887011 4274.dat
1 0 -10 33.433 75.983 0.707107 0.00617059 0.70708 -0.624338 -0.464005 0.628411 0.331967 -0.885811 -0.324249 750.dat
0 SYNTH BEGIN HOSE_FLEXIBLE_8.5L 0
0 1 0 -9.762 26.569 61.395 0.707107 0.00617059 0.70708 -0.624338 -0.464005 0.628411 0.331967 -0.885811 -0.324249 LS02.dat
0 1 0 -9.762 34.076 75.514 0.707107 0.00617059 0.70708 -0.624338 -0.464005 0.628411 0.331967 -0.885811 -0.324249 LS02.dat
0 1 0 -8.762 21.451 175.137 0.707107 0.00617059 0.70708 0 0.999962 -0.00872654 -0.707107 0.00617059 0.70708 LS02.dat
0 1 0 -8.762 -2.549 135.137 0.707107 0.00617059 0.70708 0.707107 -0.00617059 -0.70708 0 0.999962 -0.00872654 LS02.dat
0 1 0 -8.762 -2.549 120.137 0.707107 0.00617059 0.70708 0.707107 -0.00617059 -0.70708 0 0.999962 -0.00872654 LS02.dat
0 SYNTH SHOW
0 SYNTH SYNTHESIZED BEGIN
1 0 -9.762 26.569 61.395 0.7071 -0.0036 0.7071 -0.6243 0.4663 0.6267 0.332 0.8846 -0.3275 755.dat
1 0 -9.7658 29.8287 67.5338 0.7073 0.0035 0.7069 -0.6241 0.4725 0.6222 0.3319 0.8813 -0.3364 756.dat
1 0 -9.7517 31.7285 71.0771 0.7076 0.0035 0.7066 -0.6239 0.4725 0.6224 0.3317 0.8813 -0.3365 756.dat
1 0 -9.7588 33.6122 74.6349 0.7078 -0.0037 0.7064 -0.6237 0.4662 0.6274 0.3316 0.8847 -0.3277 756.dat
1 0 -9.774 35.3797 78.2746 0.7081 -0.0039 0.7061 -0.6375 0.4264 0.6417 0.3035 0.9045 -0.2995 756.dat
1 0 -9.778 36.9025 81.9739 0.7085 -0.0002 0.7058 -0.657 0.3651 0.6596 0.2578 0.931 -0.2585 756.dat
1 0 -9.7703 38.2279 85.7781 0.7086 0.0025 0.7056 -0.6699 0.3164 0.6717 0.2216 0.9486 -0.2259 756.dat
1 0 -9.7536 39.3821 89.6378 0.7087 0.0046 0.7055 -0.6789 0.2761 0.6803 0.1916 0.9611 -0.1988 756.dat
1 0 -9.7298 40.3862 93.5251 0.7088 0.0062 0.7054 -0.6856 0.2411 0.6869 0.1658 0.9705 -0.1752 756.dat
1 0 -9.7002 41.2698 97.4766 0.7089 0.0076 0.7053 -0.6907 0.2101 0.692 0.1429 0.9777 -0.1541 756.dat
1 0 -9.6664 42.0205 101.382 0.7089 0.0087 0.7052 -0.6946 0.1817 0.6961 0.1221 0.9833 -0.1348 756.dat
1 0 -9.6283 42.6695 105.345 0.709 0.0096 0.7052 -0.6978 0.1547 0.6994 0.1024 0.9879 -0.1164 756.dat
1 0 -9.5864 43.2202 109.365 0.709 0.0104 0.7051 -0.7002 0.1289 0.7022 0.0835 0.9916 -0.0987 756.dat
1 0 -9.5422 43.661 113.344 0.709 0.0111 0.7051 -0.7021 0.1037 0.7044 0.0653 0.9945 -0.0813 756.dat
1 0 -9.4954 44.0016 117.339 0.7091 0.0117 0.7051 -0.7036 0.0785 0.7063 0.0471 0.9968 -0.0639 756.dat
1 0 -9.4462 44.2412 121.356 0.7091 0.0123 0.705 -0.7046 0.0529 0.7077 0.0286 0.9985 -0.0462 756.dat
1 0 -9.3949 44.3764 125.401 0.7091 0.0127 0.705 -0.7051 0.0265 0.7086 0.0097 0.9996 -0.0277 756.dat
1 0 -9.3422 44.4006 129.427 0.709 0.0131 0.7051 -0.7051 -0.0011 0.7091 -0.0101 0.9999 -0.0085 756.dat
1 0 -9.2884 44.3087 133.437 0.709 0.0134 0.7051 -0.7046 -0.0304 0.709 -0.0309 0.9994 0.0121 756.dat
1 0 -9.2336 44.0921 137.433 0.7089 0.0137 0.7052 -0.7033 -0.0622 0.7082 -0.0535 0.998 0.0345 756.dat
1 0 -9.1773 43.7353 141.469 0.7088 0.0138 0.7053 -0.7011 -0.0972 0.7064 -0.0783 0.9952 0.0592 756.dat
1 0 -9.1214 43.2299 145.43 0.7086 0.014 0.7055 -0.6976 -0.1364 0.7034 -0.106 0.9906 0.0869 756.dat
1 0 -9.0645 42.5444 149.418 0.7084 0.014 0.7057 -0.6923 -0.181 0.6985 -0.1375 0.9834 0.1186 756.dat
1 0 -9.009 41.669 153.3 0.7081 0.0138 0.706 -0.6844 -0.2327 0.691 -0.1739 0.9724 0.1553 756.dat
1 0 -8.9539 40.5483 157.156 0.7077 0.0135 0.7064 -0.6723 -0.2947 0.6791 -0.2173 0.9555 0.1994 756.dat
1 0 -8.9005 39.1326 160.937 0.7072 0.013 0.7069 -0.6534 -0.3699 0.6605 -0.2701 0.929 0.2531 756.dat
1 0 -8.8507 37.3647 164.557 0.7065 0.012 0.7076 -0.6237 -0.462 0.6306 -0.3345 0.8868 0.3189 756.dat
1 0 -8.807 35.1823 167.891 0.7057 0.0105 0.7084 -0.5754 -0.575 0.5816 -0.4134 0.8181 0.3997 756.dat
1 0 -8.7722 32.4715 170.84 0.7048 0.0079 0.7094 -0.4966 -0.7086 0.5013 -0.5067 0.7055 0.4955 756.dat
1 0 -8.7512 29.2187 173.139 0.704 0.0042 0.7102 -0.3743 -0.8476 0.3761 -0.6035 0.5307 0.5951 756.dat
1 0 -8.748 25.4767 174.583 0.7039 -0.0005 0.7103 -0.2118 -0.9547 0.2092 -0.678 0.2977 0.6721 756.dat
1 0 -8.7631 21.5009 175.064 0.7046 -0.005 0.7096 -0.0449 -0.9983 0.0376 -0.7082 0.0584 0.7036 756.dat
1 0 -8.7829 17.5216 174.899 0.7053 -0.0051 0.7089 0.0492 -0.9972 -0.0561 -0.7072 -0.0745 0.7031 756.dat
1 0 -8.7973 13.56 174.241 0.7059 -0.0032 0.7083 0.1352 -0.981 -0.1392 -0.6953 -0.194 0.692 756.dat
1 0 -8.8029 9.7619 172.986 0.7063 -0.0009 0.7079 0.2493 -0.9356 -0.25 -0.6625 -0.3531 0.6606 756.dat
1 0 -8.7986 6.3099 170.996 0.7065 0.0016 0.7077 0.387 -0.8381 -0.3844 -0.5925 -0.5455 0.5927 756.dat
1 0 -8.7856 3.4215 168.245 0.7062 0.0036 0.708 0.5207 -0.6802 -0.5159 -0.4797 -0.733 0.4823 756.dat
1 0 -8.768 1.2408 164.901 0.7058 0.0045 0.7084 0.6162 -0.4974 -0.6107 -0.3496 -0.8675 0.3538 756.dat
1 0 -8.75 -0.2732 161.201 0.7054 0.0043 0.7088 0.6683 -0.3371 -0.6631 -0.236 -0.9415 0.2407 756.dat
1 0 -8.7351 -1.2744 157.3 0.7053 0.0034 0.7089 0.6924 -0.2176 -0.6879 -0.1519 -0.976 0.1558 756.dat
1 0 -8.7253 -1.8948 153.348 0.7054 0.002 0.7088 0.7026 -0.1339 -0.6988 -0.0935 -0.991 0.0959 756.dat
1 0 -8.7214 -2.2654 149.322 0.7056 0.0005 0.7087 0.7066 -0.0768 -0.7034 -0.0541 -0.997 0.0546 756.dat
1 0 -8.7241 -2.4585 145.329 0.7058 -0.0012 0.7084 0.7079 -0.0387 -0.7053 -0.0282 -0.9993 0.0264 756.dat
1 0 -8.7339 -2.5415 141.286 0.7061 -0.003 0.7082 0.7081 -0.0141 -0.706 -0.0121 -0.9999 0.0079 756.dat
1 0 -8.7508 -2.5551 137.286 0.7063 -0.0048 0.7079 0.7079 0.0003 -0.7063 -0.0032 -1 -0.0036 756.dat
1 0 -8.7698 -2.541 133.255 0.7066 -0.0048 0.7076 0.7077 0.0047 -0.7065 -0.0001 -1 -0.0067 756.dat
1 0 -8.768 -2.543 129.242 0.7068 0.0021 0.7074 0.7074 -0.0021 -0.7068 -0 -1 0.003 756.dat
1 0 -8.7532 -2.5578 125.221 0.707 0.0041 0.7072 0.7072 -0.0041 -0.707 -0 -1 0.0058 756.dat
1 0 -8.7588 -2.5522 121.2 0.7072 -0.0034 0.707 0.707 0.0034 -0.7072 -0 -1 -0.0048 756.dat
1 0 -8.7788 -2.5322 115.137 0.7075 0.0034 0.7067 0.7067 -0.0034 -0.7075 -0 1 -0.0048 755.dat
0 SYNTH SYNTHESIZED END
0 SYNTH SYNTHESIZED BEGIN
1 0 0 0 0 0 0 0 0 0 0 0 0 0 755.dat
0 SYNTH SYNTHESIZED END
0 SYNTH END
1 0 -10 -0.336 135.247 0.707107 0.00617059 0.70708 -0.707107 0.00617059 0.70708 0 -0.999962 0.00872654 750.dat
1 71 -10 0 -90 0 0 -1 1 0 0 0 -1 0 3957a.dat
0 
0 
0 
0 
0
0 FILE Part 6.ldr
0 Part 6
0 Name: Part 6.ldr
0 Author: LDraw
0 Unofficial Model
0 ROTATION CENTER 0 0 0 1 "Custom" 
0 ROTATION CONFIG 0 0
1 71 20 16 0 1 0 0 0 1 0 0 0 1 44375a.dat
1 71 20 16 0 0 1 0 -1 0 0 0 0 1 32073.dat
1 72 20 8 0 1 0 0 0 1 0 0 0 1 4032b.dat
1 0 20 -16 0 1 0 0 0 1 0 0 0 1 6143.dat
1 0 20 -40 0 1 0 0 0 0 1 0 -1 0 30553.dat
1 0 20 -60 -20 0 0 1 0 1 0 -1 0 0 Part 7.ldr
0
0 FILE Part 7.ldr
0 Part 7
0 Name: Part 7.ldr
0 Author: LDraw
0 Unofficial Model
0 ROTATION CENTER 0 0 0 1 "Custom" 
0 ROTATION CONFIG 0 0
1 71 10 8 0 -1 0 0 0 1 0 0 0 -1 44301.dat
1 71 100 26 10 0 -1 0 1 0 0 0 0 1 43857.dat
1 71 178 26 0 0 1 0 1 0 0 0 0 -1 3957a.dat
1 72 0 16 0 0 0 -1 0 1 0 1 0 0 6541.dat
1 72 20 16 0 0 0 -1 0 1 0 1 0 0 6541.dat
1 72 40 26 0 -1 0 0 0 1 0 0 0 -1 6587.dat
1 1 90 26 0 -1 0 0 0 1 0 0 0 -1 43093.dat
1 1 90 26 20 -1 0 0 0 1 0 0 0 -1 4274.dat
1 0 74 26.284 20 0 1 0 0.707107 0 0.707107 0.707107 0 -0.707107 750.dat
1 0 0 -8 -0 -0.707107 0 -0.707107 0 1 0 0.707107 0 -0.707107 750.dat
0 SYNTH BEGIN HOSE_FLEXIBLE_8.5L 0
0 1 1 90 26 20 0 1 0 1 0 0 0 0 -1 LS02.dat
0 1 1 70 26 20 0 1 0 1 0 0 0 0 -1 LS02.dat
0 1 1 50 10 16 -1 0 0 0 1 0 0 0 -1 LS02.dat
0 1 1 30 -30 6 0 1 0 1 0 0 0 0 -1 LS02.dat
0 1 1 0 -13 0 1 0 0 0 -1 0 0 0 -1 LS02.dat
0 1 1 0 4 0 1 0 0 0 -1 0 0 0 -1 LS02.dat
0 SYNTH SHOW
0 SYNTH SYNTHESIZED BEGIN
1 0 90 26 20 0 -1 0 1 0 0 0 0 -1 755.dat
1 0 83.042 26 20 0 -1 0 0.9999 0 -0.0101 -0.0101 0 -0.9999 756.dat
1 0 79.7502 26 20 0 -1 0 0.9998 0 -0.0185 -0.0185 0 -0.9998 756.dat
1 0 76.4657 26 20 0 -1 0 0.9996 0 -0.0269 -0.0269 0 -0.9996 756.dat
1 0 73.1749 26 20 0 -1 0 0.9994 0 -0.0354 -0.0354 0 -0.9994 756.dat
1 0 69.8892 25.9991 19.9988 -0.0003 -1 0.0004 0.999 -0.0003 -0.0438 -0.0438 -0.0004 -0.999 756.dat
1 0 66.6036 25.9118 19.8992 -0.0273 -0.999 0.0347 0.9982 -0.0291 -0.0517 -0.0526 -0.0332 -0.9981 756.dat
1 0 63.3428 25.6235 19.6236 -0.0878 -0.9917 0.0942 0.994 -0.0933 -0.0564 -0.0647 -0.0887 -0.994 756.dat
1 0 60.1531 25.0245 19.1614 -0.1802 -0.9707 0.1589 0.98 -0.191 -0.0555 -0.0842 -0.1458 -0.9857 756.dat
1 0 57.108 23.9592 18.5227 -0.3184 -0.9205 0.2266 0.9406 -0.3365 -0.0453 -0.1179 -0.1987 -0.9729 756.dat
1 0 54.4152 22.26 17.7706 -0.5068 -0.8122 0.2889 0.8444 -0.5352 -0.0231 -0.1734 -0.2323 -0.9571 756.dat
1 0 52.3226 19.8642 17.0377 -0.7081 -0.6232 0.332 0.6619 -0.7496 0.0046 -0.246 -0.223 -0.9433 756.dat
1 0 50.9575 16.9356 16.4684 -0.8491 -0.3945 0.3514 0.4283 -0.9034 0.0207 -0.3092 -0.1681 -0.936 756.dat
1 0 50.2527 13.7653 16.1323 -0.9118 -0.1993 0.3591 0.2207 -0.9751 0.0193 -0.3464 -0.0968 -0.9331 756.dat
1 0 50.0176 10.4998 16.0094 -0.9289 -0.0598 0.3655 0.0674 -0.9977 0.0079 -0.3642 -0.032 -0.9308 756.dat
1 0 50.014 7.2184 15.9455 -0.9276 0.0044 0.3736 0.0027 -0.9998 0.0186 -0.3736 -0.0183 -0.9274 756.dat
1 0 50.0509 3.9187 15.7632 -0.9245 0.0118 0.3811 0.0115 -0.9982 0.059 -0.3811 -0.0589 -0.9226 756.dat
1 0 50.093 0.6618 15.4514 -0.9214 0.013 0.3884 0.0264 -0.995 0.0959 -0.3877 -0.0986 -0.9165 756.dat
1 0 50.1176 -2.607 15.01 -0.9183 0.0069 0.3958 0.0481 -0.9905 0.1288 -0.3929 -0.1373 -0.9093 756.dat
1 0 50.0954 -5.8516 14.445 -0.9149 -0.0081 0.4036 0.0778 -0.9846 0.1568 -0.3961 -0.1749 -0.9014 756.dat
1 0 49.9908 -9.0659 13.7612 -0.9107 -0.0341 0.4117 0.1174 -0.9769 0.1788 -0.3961 -0.2111 -0.8936 756.dat
1 0 49.7572 -12.2375 12.9643 -0.9043 -0.0747 0.4202 0.1696 -0.9664 0.1932 -0.3916 -0.246 -0.8866 756.dat
1 0 49.33 -15.3748 12.0555 -0.8934 -0.135 0.4285 0.2385 -0.9508 0.1977 -0.3807 -0.2788 -0.8817 756.dat
1 0 48.625 -18.432 11.0515 -0.8729 -0.2217 0.4346 0.3288 -0.9254 0.1883 -0.3604 -0.3072 -0.8807 756.dat
1 0 47.536 -21.3274 9.987 -0.8332 -0.3428 0.4339 0.4457 -0.8807 0.1601 -0.3273 -0.3268 -0.8866 756.dat
1 0 45.9348 -23.9881 8.9058 -0.7586 -0.5003 0.4174 0.5885 -0.8011 0.1093 -0.2796 -0.3285 -0.9021 756.dat
1 0 43.7719 -26.2142 7.9161 -0.6349 -0.677 0.3724 0.7398 -0.6716 0.0402 -0.2229 -0.301 -0.9272 756.dat
1 0 41.0837 -27.9124 7.1014 -0.4713 -0.8307 0.2963 0.8649 -0.5011 -0.0293 -0.1728 -0.2425 -0.9546 756.dat
1 0 38.0651 -29.0352 6.527 -0.3061 -0.9294 0.206 0.9412 -0.328 -0.081 -0.1428 -0.1691 -0.9752 756.dat
1 0 34.8526 -29.6851 6.177 -0.1701 -0.9779 0.1217 0.9765 -0.1838 -0.1122 -0.1321 -0.0997 -0.9862 756.dat
1 0 31.6014 -29.9593 6.0233 -0.0687 -0.9963 0.0518 0.9887 -0.0749 -0.1297 -0.1331 -0.0423 -0.9902 756.dat
1 0 28.324 -29.9993 5.9781 -0.0048 -0.9999 0.0119 0.9902 -0.0064 -0.1397 -0.1397 -0.0111 -0.9901 756.dat
1 0 25.0419 -29.9961 5.8351 0.0085 -0.9989 0.0458 0.989 0.0017 -0.1479 -0.1477 -0.0466 -0.9879 756.dat
1 0 21.7636 -29.9546 5.5564 0.0273 -0.996 0.0852 0.9876 0.0137 -0.1565 -0.1547 -0.0884 -0.984 756.dat
1 0 18.4889 -29.8325 5.1417 0.0599 -0.9908 0.1211 0.9854 0.0393 -0.1658 -0.1595 -0.1293 -0.9787 756.dat
1 0 15.2572 -29.5706 4.5973 0.111 -0.9821 0.1524 0.9808 0.0835 -0.1761 -0.1602 -0.169 -0.9725 756.dat
1 0 12.0759 -29.0841 3.9286 0.1877 -0.9662 0.1768 0.9701 0.1541 -0.1874 -0.1538 -0.2067 -0.9662 756.dat
1 0 9.0137 -28.2539 3.1549 0.3005 -0.9346 0.1904 0.9441 0.263 -0.1988 -0.1358 -0.2395 -0.9614 756.dat
1 0 6.1367 -26.9096 2.3058 0.4595 -0.8683 0.1869 0.8825 0.4226 -0.2064 -0.1003 -0.2598 -0.9604 756.dat
1 0 3.6772 -24.9164 1.4759 0.6544 -0.7387 0.1613 0.7547 0.6249 -0.1997 -0.0467 -0.2524 -0.9665 756.dat
1 0 1.8562 -22.3004 0.7891 0.8326 -0.5404 0.1212 0.5538 0.8157 -0.167 0.0086 -0.2062 -0.9785 756.dat
1 0 0.7232 -19.2693 0.3222 0.9409 -0.3276 0.0859 0.336 0.9349 -0.1144 0.0428 -0.1365 -0.9897 756.dat
1 0 0.1602 -16.0408 0.0739 0.9857 -0.1558 0.0636 0.1597 0.9853 -0.0602 0.0533 -0.0695 -0.9962 756.dat
1 0 0.0092 -12.7519 0.0043 0.9981 -0.035 0.0508 0.0358 0.9993 -0.0146 0.0502 -0.0163 -0.9986 756.dat
1 0 0 -9.4886 0 0.9991 0 0.0422 -0 1 0 0.0422 0 -0.9991 756.dat
1 0 0 -6.1952 0 0.9994 0 0.0337 -0 1 0 0.0337 0 -0.9994 756.dat
1 0 0 -2.9095 0 0.9997 0 0.0253 -0 1 0 0.0253 0 -0.9997 756.dat
1 0 0 0.3814 0 0.9999 0 0.0169 -0 1 0 0.0169 0 -0.9999 756.dat
1 0 0 3.6646 0 1 0 0.0085 -0 1 0 0.0085 0 -1 756.dat
1 0 0 9 0 1 -0 -0 -0 -1 0 -0 -0 -1 755.dat
0 SYNTH SYNTHESIZED END
0 SYNTH END
1 72 70 26 0 0 0 1 0 1 0 -1 0 0 59443.dat
1 72 114 26 0 0 1 0 0 0 -1 -1 0 0 43898.dat
0 
0 
0
0
