0 FILE Naboo Starfighter.ldr
0 Naboo Starfighter
0 Name: Naboo Starfighter.ldr
0 Author: LDraw
0 Unofficial Model
0 ROTATION CENTER 0 0 0 1 "Custom" 
0 ROTATION CONFIG 0 0
1 0 -571.054 8 591.499 0.382683 0 0.92388 0 1 0 -0.92388 0 0.382683 Security Droid.ldr
1 0 -571.054 8 531.499 0.382683 0 0.92388 0 1 0 -0.92388 0 0.382683 Security Droid.ldr
1 0 -575.281 8 241.89 -0.382683 0 0.92388 0 1 0 -0.92388 0 -0.382683 Anakin.ldr
1 0 -567.866 -8 409.806 0.382683 0 0.92388 0 1 0 -0.92388 0 0.382683 Pilot.ldr
1 0 -559 8 159 0 0 1 0 1 0 -1 0 0 R2-D2.ldr
1 0 -326 32 170 0.707107 0 0.707107 0 1 0 -0.707107 0 0.707107 Part 1.ldr
1 0 -128.681 32 59.275 0.92388 0 0.382683 0 1 0 -0.382683 0 0.92388 Part 2.ldr
1 0 59.035 32 47.793 1 0 0 0 1 0 0 0 1 Part 3.ldr
1 0 -510 64 680 -0.92388 0 -0.382683 0 -1 0 -0.382683 0 0.92388 Part 4.ldr
1 0 -110 -88 480 -0.92388 0 -0.382683 0 1 0 0.382683 0 -0.92388 Part 5.ldr
1 0 -230 16 1040 -1 0 0 0 1 0 0 0 -1 Part 7.ldr
0
0 FILE Security Droid.ldr
0 Security Droid
0 Name: Security Droid.ldr
0 Author: LDraw
0 Unofficial Model
0 ROTATION CENTER 0 0 0 1 "Custom" 
0 ROTATION CONFIG 0 0
1 19 56 -24 0 1 0 0 0 1 0 0 0 1 30377.dat
1 19 24 -24 0 1 0 0 0 0.92388 0.382683 0 -0.382683 0.92388 59230.dat
1 0 24 12.955 -15.307 1 0 0 0 0.382683 -0.92388 0 0.92388 0.382683 58247.dat
1 19 40 -24 0 1 0 0 0 1 0 0 0 1 30378.dat
1 19 40 48 0 1 0 0 0 1 0 0 0 1 30376.dat
1 320 40 8 0 1 0 0 0 1 0 0 0 1 30375ps2.dat
0
0 FILE Anakin.ldr
0 Anakin
0 Name: Anakin.ldr
0 Author: LDraw
0 Unofficial Model
0 ROTATION CENTER 0 0 0 1 "Custom" 
0 ROTATION CONFIG 0 0
1 28 0 -24 0 1 0 0 0 1 0 0 0 1 62810.dat
1 78 0 -24 0 1 0 0 0 1 0 0 0 1 3626bp01.dat
1 19 0 0 0 1 0 0 0 1 0 0 0 1 973.dat
1 19 0 32 0 1 0 0 0 1 0 0 0 1 41879b.dat
1 47 -60 32 0 1 0 0 0 1 0 0 0 1 3062b.dat
1 70 -60 32 0 1 0 0 0 1 0 0 0 1 30171.dat
1 72 -60 40 0 1 0 0 0 0.92388 0.382683 0 -0.382683 0.92388 30170.dat
1 19 -15.552 9 0 0.985 -0.17 0 0.17 0.985 0 0 0 1 3818.dat
1 19 15.552 9 0 0.985 0.17 0 -0.17 0.985 0 0 0 1 3819.dat
1 78 -23.8634 26.5956 -10.321 0.985 -0.12019 0.12019 0.17 0.696395 -0.696395 0 0.707 0.707 3820.dat
1 78 23.8634 26.5956 -10.321 0.985 0.12019 -0.12019 -0.17 0.696395 -0.696395 0 0.707 0.707 3820.dat
0
0 FILE Pilot.ldr
0 Pilot
0 Name: Pilot.ldr
0 Author: LDraw
0 Unofficial Model
0 ROTATION CENTER 0 0 0 1 "Custom" 
0 ROTATION CONFIG 0 0
1 78 0 -24 0 1 0 0 0 1 0 0 0 1 3626bp01.dat
1 4 0 0 0 1 0 0 0 1 0 0 0 1 973.dat
1 71 0 28 -14 1 0 0 0 1 0 0 0 1 61482.dat
1 4 0 32 0 1 0 0 0 1 0 0 0 1 3815.dat
1 4 -15.552 9 0 0.985 -0.17 0 0.120208 0.6965 0.707107 -0.120208 -0.6965 0.707107 3818.dat
1 4 15.552 9 0 0.985 0.17 0 -0.120208 0.6965 0.707107 0.120208 -0.6965 0.707107 3819.dat
1 70 -23.863 14.144 -19.74 0.985 -0.12019 0.12019 0.120208 0.99235 0.00749887 -0.120208 0.00749887 0.99235 3820.dat
1 70 23.863 14.144 -19.74 0.985 0.12019 -0.12019 -0.120208 0.99235 0.00749887 0.120208 0.00749887 0.99235 3820.dat
1 4 0 44 0 1 0 0 0 1 0 0 0 1 3816.dat
1 4 0 44 0 1 0 0 0 1 0 0 0 1 3817.dat
1 70 0 -24 0 1 0 0 0 1 0 0 0 1 30171.dat
1 72 0 -16.129 0 1 0 0 0 0.92388 0.382683 0 -0.382683 0.92388 30170.dat
0
0 FILE R2-D2.ldr
0 R2-D2
0 Name: R2-D2.ldr
0 Author: LDraw
0 Unofficial Model
0 ROTATION CENTER 0 0 0 1 "Custom" 
0 ROTATION CONFIG 0 0
1 15 0 8 0 1 0 0 0 1 0 0 0 1 30361dps1.dat
1 15 20 8 0 0 0 1 0 1 0 -1 0 0 30362.dat
1 15 -20 8 0 0 0 -1 0 1 0 1 0 0 30362.dat
1 71 0 -26 0 1 0 0 0 1 0 0 0 1 30367bps1.dat
0
0 FILE Part 1.ldr
0 Part 1
0 Name: Part 1.ldr
0 Author: LDraw
0 Unofficial Model
0 ROTATION CENTER 0 0 0 1 "Custom" 
0 ROTATION CONFIG 0 0
1 19 -10 16 0 1 0 0 0 1 0 0 0 1 3032.dat
1 47 30 24 0 1 0 0 0 1 0 0 0 1 2654.dat
1 47 -50 24 -20 1 0 0 0 1 0 0 0 1 2654.dat
1 47 -50 24 20 1 0 0 0 1 0 0 0 1 2654.dat
1 0 40 8 0 0 0 -1 0 1 0 1 0 0 3184.dat
1 0 25 -40 8 0 0.382683 -0.92388 0 0.92388 0.382683 1 0 0 4522.dat
1 0 36.754 -39.483 -2 0 -0.382683 0.92388 0 0.92388 0.382683 -1 0 0 4006.dat
1 70 30 0 0 0 0 -1 0 1 0 1 0 0 61780.dat
1 71 -60 8 30 0 0 -1 0 1 0 1 0 0 4592.dat
1 0 -60 0 30 0 -0.92388 -0.382683 0 0.382683 -0.92388 1 0 0 4593.dat
1 71 -60 8 -30 0 0 -1 0 1 0 1 0 0 4592.dat
1 0 -60 0 -30 0 -0.92388 -0.382683 0 0.382683 -0.92388 1 0 0 4593.dat
1 1 20 8 0 0 0 -1 0 1 0 1 0 0 2412b.dat
1 1 -30 8 30 -1 0 0 0 1 0 0 0 -1 2412b.dat
1 1 -30 8 -30 -1 0 0 0 1 0 0 0 -1 2412b.dat
1 1 20 -8 -30 0 0 1 0 1 0 -1 0 0 50950.dat
1 1 20 -8 30 0 0 1 0 1 0 -1 0 0 50950.dat
1 1 -60 -16 0 0 0 1 0 1 0 -1 0 0 2432.dat
0
0 FILE Part 2.ldr
0 Part 2
0 Name: Part 2.ldr
0 Author: LDraw
0 Unofficial Model
0 ROTATION CENTER 0 0 0 1 "Custom" 
0 ROTATION CONFIG 0 0
1 19 -70 16 0 1 0 0 0 1 0 0 0 1 3035.dat
1 0 0 8 0 0 0 -1 0 1 0 1 0 0 3184.dat
1 71 -140 8 0 0 0 1 0 1 0 -1 0 0 3183.dat
1 71 -120 -6 0 0 0.052336 0.99863 0 0.99863 -0.052336 -1 0 0 6020.dat
1 72 -140 0 0 0 0 1 0 1 0 -1 0 0 3023.dat
1 1 -20 -8 -30 0 0 1 0 1 0 -1 0 0 50950.dat
1 1 -140 -24 -10 1 0 0 0 1 0 0 0 1 6091.dat
1 1 -140 -24 10 -1 0 0 0 1 0 0 0 -1 6091.dat
1 1 -140 -8 0 0 0 -1 0 1 0 1 0 0 2540.dat
1 47 -10 24 0 1 0 0 0 1 0 0 0 1 2654.dat
1 47 -130 24 -20 1 0 0 0 1 0 0 0 1 2654.dat
1 47 -130 24 20 1 0 0 0 1 0 0 0 1 2654.dat
1 1 -140 -24 0 0 0 -1 0 1 0 1 0 0 2412b.dat
1 1 -20 -8 30 0 0 1 0 1 0 -1 0 0 50950.dat
1 1 -90 8 30 1 0 0 0 1 0 0 0 1 2431.dat
1 1 -90 8 -30 1 0 0 0 1 0 0 0 1 2431.dat
0
0 FILE Part 3.ldr
0 Part 3
0 Name: Part 3.ldr
0 Author: LDraw
0 Unofficial Model
0 ROTATION CENTER 0 0 0 1 "Custom" 
0 ROTATION CONFIG 0 0
1 19 -110 16 0 1 0 0 0 1 0 0 0 1 3031.dat
1 1 -80 16 -10 0 0 -1 0 1 0 1 0 0 54200.dat
1 1 -80 16 10 0 0 -1 0 1 0 1 0 0 54200.dat
1 1 -140 8 30 -1 0 0 0 1 0 0 0 -1 54200.dat
1 1 -140 8 -30 1 0 0 0 1 0 0 0 1 54200.dat
1 1 -130 -8 10 1 0 0 0 1 0 0 0 1 2412b.dat
1 1 -130 -8 -10 1 0 0 0 1 0 0 0 1 2412b.dat
1 1 -100 -32 0 0 0 -1 0 1 0 1 0 0 2412b.dat
1 0 -110 8 0 1 0 0 0 1 0 0 0 1 3022.dat
1 71 -140 8 0 0 0 1 0 1 0 -1 0 0 3183.dat
1 71 -90 -14 -10 1 0 0 0 1 0 0 0 1 61184.dat
1 33 -66 -14 -10 0 -1 0 1 0 0 0 0 1 4589.dat
1 33 -66 -14 10 0 -1 0 1 0 0 0 0 1 4589.dat
1 33 -46 1 30 0 -1 0 1 0 0 0 0 1 4589.dat
1 33 -46 1 -30 0 -1 0 1 0 0 0 0 1 4589.dat
1 71 -90 -14 10 1 0 0 0 1 0 0 0 1 61184.dat
1 71 -70 1 30 1 0 0 0 1 0 0 0 1 61184.dat
1 71 -70 1 -30 1 0 0 0 1 0 0 0 1 61184.dat
1 71 -110 0 -10 1 0 0 0 1 0 0 0 1 60470a.dat
1 71 -110 0 10 -1 0 0 0 1 0 0 0 -1 60470a.dat
1 72 -140 0 0 0 0 1 0 1 0 -1 0 0 3023.dat
1 72 -100 -24 0 0 0 1 0 1 0 -1 0 0 32000.dat
1 47 -90 24 0 1 0 0 0 1 0 0 0 1 2654.dat
1 47 -130 24 -20 1 0 0 0 1 0 0 0 1 2654.dat
1 47 -130 24 20 1 0 0 0 1 0 0 0 1 2654.dat
0
0 FILE Part 4.ldr
0 Part 4
0 Name: Part 4.ldr
0 Author: LDraw
0 Unofficial Model
0 ROTATION CENTER 0 0 0 1 "Custom" 
0 ROTATION CONFIG 0 0
1 70 40 80 0 1 0 0 0 1 0 0 0 1 4032b.dat
1 70 39.351 173.985 0 0 -0.382683 -0.92388 0 -0.92388 0.382683 -1 0 0 47456.dat
1 70 40 64 0 1 0 0 0 1 0 0 0 1 4032b.dat
1 70 50 72 10 1 0 0 0 1 0 0 0 1 4073.dat
1 70 50 72 -10 1 0 0 0 1 0 0 0 1 4073.dat
1 0 30 72 0 0 0 1 0 1 0 -1 0 0 48336.dat
1 0 83.256 29.781 43.255 0.707107 0.653281 0.270598 0 0.382683 -0.92388 -0.707107 0.653281 0.270598 53451.dat
1 0 40 56 0 0 0 -1 0 1 0 1 0 0 30033.dat
1 0 9 98 -67 0 0 1 -1 0 0 0 -1 0 58367.dat
1 0 9 98 67 0 0 1 1 0 0 0 1 0 58367.dat
1 72 40 32 0 0 0 1 0 1 0 -1 0 0 30367b.dat
1 72 32 99 61 0 0 1 0 -1 0 1 0 0 30162.dat
1 72 32 99 -61 0 0 1 0 -1 0 1 0 0 30162.dat
1 72 61.214 58 21.213 0.270598 0.653281 -0.707107 -0.92388 0.382683 0 0.270598 0.653281 0.707107 53989.dat
1 0 83.256 29.781 -43.255 -0.707107 0.653281 0.270598 0 0.382683 -0.92388 -0.707107 -0.653281 -0.270598 53451.dat
1 72 61.214 58 -21.213 0.270598 0.653281 0.707107 -0.92388 0.382683 0 -0.270598 -0.653281 0.707107 53989.dat
1 0 -21.172 29.781 0 0 -0.92388 -0.382683 0 0.382683 -0.92388 1 0 0 53451.dat
1 72 10 58 0 -0.382683 -0.92388 0 -0.92388 0.382683 0 0 0 -1 53989.dat
1 72 10 74 -10 0 -1 0 1 0 0 0 0 1 53989.dat
1 72 10 74 10 0 -1 0 1 0 0 0 0 1 53989.dat
1 72 10 158 10 0 -1 0 -1 0 0 0 0 -1 53989.dat
1 72 10 158 -10 0 -1 0 -1 0 0 0 0 -1 53989.dat
1 72 -7 98 -55 0 0 -1 0 1 0 1 0 0 53989.dat
1 72 -7 98 55 0 0 1 0 1 0 -1 0 0 53989.dat
1 71 -7 116 -10 1 0 0 0 0 1 0 -1 0 4697b.dat
1 71 10 158 0 -0.382683 0.92388 0 -0.92388 -0.382683 0 0 0 1 4697b.dat
1 71 51.706 151.549 0 0 -0.382683 0.92388 0 -0.92388 -0.382683 1 0 0 4595.dat
1 71 57.118 138.483 18 -0.382683 0 0.92388 -0.92388 0 -0.382683 0 -1 0 4592.dat
1 0 57.118 138.483 19 -0.382683 -0.92388 0 -0.92388 0.382683 0 0 0 -1 4593.dat
1 71 57.118 138.483 -18 0.382683 0 0.92388 0.92388 0 -0.382683 0 1 0 4592.dat
1 0 57.118 138.483 -19 0.382683 -0.92388 0 0.92388 0.382683 0 0 0 1 4593.dat
1 36 73.748 131.595 0 0 -0.92388 -0.382683 0 0.382683 -0.92388 1 0 0 4073.dat
1 71 -7 116 10 -1 0 0 0 0 1 0 1 0 4697b.dat
0
0 FILE Part 5.ldr
0 Part 5
0 Name: Part 5.ldr
0 Author: LDraw
0 Unofficial Model
0 ROTATION CENTER 0 0 0 1 "Custom" 
0 ROTATION CONFIG 0 0
1 71 20 8 0 1 0 0 0 1 0 0 0 1 32018.dat
1 71 160 8 -200 1 0 0 0 1 0 0 0 1 3701.dat
1 71 160 -8 260 1 0 0 0 1 0 0 0 1 2431.dat
1 71 160 -8 -200 1 0 0 0 1 0 0 0 1 2431.dat
1 71 160 8 260 1 0 0 0 1 0 0 0 1 3701.dat
1 71 -100 18 -10 0 0 1 0 1 0 -1 0 0 4274.dat
1 71 20 8 60 1 0 0 0 1 0 0 0 1 32018.dat
1 71 10 8 30 0 0 -1 0 1 0 1 0 0 3660.dat
1 71 60 8 -20 1 0 0 0 1 0 0 0 1 3660.dat
1 71 100 8 -20 1 0 0 0 1 0 0 0 1 3660.dat
1 71 100 8 80 -1 0 0 0 1 0 0 0 -1 3660.dat
1 71 60 8 80 -1 0 0 0 1 0 0 0 -1 3660.dat
1 71 -130 8 60 0 0 1 0 1 0 -1 0 0 4287.dat
1 71 -130 8 0 0 0 1 0 1 0 -1 0 0 4287.dat
1 71 -140 58 30 0 0 -1 0 -1 0 -1 0 0 32474.dat
1 71 180 32 30 1 0 0 0 1 0 0 0 1 3031.dat
1 71 -40 32 30 1 0 0 0 1 0 0 0 1 3031.dat
1 14 -40 24 30 1 0 0 0 1 0 0 0 1 3068b.dat
1 14 -220 -72 30 0 0 1 0 1 0 -1 0 0 47753.dat
1 14 -20 0 0 1 0 0 0 1 0 0 0 1 3710.dat
1 1 -140 -8 30 1 0 0 0 1 0 0 0 1 3738.dat
1 1 100 -16 30 1 0 0 0 1 0 0 0 1 3738.dat
1 14 -20 0 60 1 0 0 0 1 0 0 0 1 3710.dat
1 14 -120 -8 60 1 0 0 0 1 0 0 0 1 3666.dat
1 14 -120 -8 0 1 0 0 0 1 0 0 0 1 3666.dat
1 14 -140 -16 60 1 0 0 0 1 0 0 0 1 3666.dat
1 14 10 -24 60 1 0 0 0 1 0 0 0 1 3622.dat
1 14 10 -24 0 1 0 0 0 1 0 0 0 1 3622.dat
1 14 -40 -24 60 1 0 0 0 1 0 0 0 1 4865b.dat
1 14 -40 -24 0 -1 0 0 0 1 0 0 0 -1 4865b.dat
1 14 -140 -16 0 1 0 0 0 1 0 0 0 1 3666.dat
1 14 -140 -17 30 1 0 0 0 0 -1 0 1 0 32123a.dat
1 14 -70 -8 50 1 0 0 0 1 0 0 0 1 61409.dat
1 14 -70 -8 10 -1 0 0 0 1 0 0 0 -1 61409.dat
1 14 80 0 0 1 0 0 0 1 0 0 0 1 3710.dat
1 14 80 0 60 1 0 0 0 1 0 0 0 1 3710.dat
1 14 30 0 30 0 0 -1 0 1 0 1 0 0 3710.dat
1 14 -170 0 30 0 0 -1 0 1 0 1 0 0 3710.dat
1 14 30 -24 30 0 0 -1 0 1 0 1 0 0 2412b.dat
1 14 -90 -72 30 0 0 -1 0 1 0 1 0 0 2412b.dat
1 14 -240 -16 30 0 0 1 0 1 0 -1 0 0 48183.dat
1 14 120 0 170 0 0 -1 0 1 0 1 0 0 3832.dat
1 14 120 0 -110 0 0 -1 0 1 0 1 0 0 3832.dat
1 14 140 8 -170 0 0 1 0 1 0 -1 0 0 10247.dat
1 14 180 8 -170 0 0 1 0 1 0 -1 0 0 10247.dat
1 14 180 8 230 0 0 -1 0 1 0 1 0 0 10247.dat
1 14 140 8 230 0 0 -1 0 1 0 1 0 0 10247.dat
1 14 -150 0 60 0 0 -1 0 1 0 1 0 0 3024.dat
1 14 -150 0 0 0 0 -1 0 1 0 1 0 0 3024.dat
1 14 20 0 -40 0 0 1 0 1 0 -1 0 0 50305.dat
1 14 20 -24 -20 0 0 1 0 1 0 -1 0 0 41748.dat
1 14 20 -24 80 0 0 1 0 1 0 -1 0 0 41747.dat
1 14 20 0 100 0 0 1 0 1 0 -1 0 0 50304.dat
1 14 -100 0 -10 0 0 1 0 1 0 -1 0 0 41770.dat
1 14 -100 0 70 0 0 1 0 1 0 -1 0 0 41769.dat
1 14 -220 -48 10 0 0 1 0 1 0 -1 0 0 41770.dat
1 14 -220 -48 50 0 0 1 0 1 0 -1 0 0 41769.dat
1 71 -110 32 60 1 0 0 0 1 0 0 0 1 3623.dat
1 71 -110 32 0 1 0 0 0 1 0 0 0 1 3623.dat
1 71 80 32 70 1 0 0 0 1 0 0 0 1 3795.dat
1 71 80 32 -10 1 0 0 0 1 0 0 0 1 3795.dat
1 71 10 32 30 0 0 -1 0 1 0 1 0 0 3666.dat
1 71 -190 -8 30 0 0 1 0 1 0 -1 0 0 4855.dat
1 71 180 8 0 0 0 -1 0 1 0 1 0 0 42023.dat
1 71 180 8 60 0 0 -1 0 1 0 1 0 0 42023.dat
1 71 -20 8 -30 0 0 1 0 1 0 -1 0 0 41765.dat
1 71 -20 8 90 0 0 1 0 1 0 -1 0 0 41764.dat
1 71 180 8 90 0 0 -1 0 1 0 1 0 0 41765.dat
1 71 200 0 -90 1 0 0 0 1 0 0 0 1 30355.dat
1 71 240 -8 30 1 0 0 0 1 0 0 0 1 3795.dat
1 71 120 -24 20 0 0 -1 0 1 0 1 0 0 85970.dat
1 71 90 -24 60 0 0 -1 0 1 0 1 0 0 50955.dat
1 71 90 -24 0 0 0 -1 0 1 0 1 0 0 50956.dat
1 71 120 -24 40 0 0 -1 0 1 0 1 0 0 85970.dat
1 71 100 -32 30 -1 0 0 0 1 0 0 0 -1 87079.dat
1 14 90 -32 0 -1 0 0 0 1 0 0 0 -1 63864.dat
1 14 90 -32 60 -1 0 0 0 1 0 0 0 -1 63864.dat
1 71 60 -24 40 -1 0 0 0 1 0 0 0 -1 92280.dat
1 71 60 -24 20 -1 0 0 0 1 0 0 0 -1 92280.dat
1 47 10 -24 30 0 0 -1 0 1 0 1 0 0 92279.dat
1 71 200 0 150 -1 0 0 0 1 0 0 0 -1 30356.dat
1 71 230 2 -250 -1 0 0 0 1 0 0 0 -1 Part 6.ldr
1 71 230 2 310 -1 0 0 0 1 0 0 0 -1 Part 6.ldr
1 71 280 0 30 0 0 -1 0 1 0 1 0 0 51739.dat
1 71 180 8 -30 0 0 -1 0 1 0 1 0 0 41764.dat
1 0 150 8 30 0 0 -1 0 1 0 1 0 0 32000.dat
1 0 10 -16 30 0 0 1 0 1 0 -1 0 0 3039pc6.dat
1 0 -80 0 30 0 0 1 0 1 0 -1 0 0 3022.dat
1 0 160 -8 30 0 0 1 0 1 0 -1 0 0 3022.dat
1 0 -200 -16 30 0 0 1 0 1 0 -1 0 0 3022.dat
1 72 30 -8 30 0 0 1 0 1 0 -1 0 0 3023.dat
1 72 -90 -16 30 0 0 1 0 1 0 -1 0 0 3023.dat
1 72 90 -24 30 0 0 1 0 1 0 -1 0 0 3023.dat
1 72 -190 -40 30 0 0 1 0 1 0 -1 0 0 3004.dat
1 320 -110 -16 30 0 0 1 0 1 0 -1 0 0 3794a.dat
1 320 -170 -16 30 0 0 1 0 1 0 -1 0 0 3794a.dat
1 72 -190 0 30 0 0 1 0 1 0 -1 0 0 3023.dat
1 0 210 8 30 0 0 -1 0 1 0 1 0 0 32000.dat
1 71 -100 18 70 0 0 -1 0 1 0 1 0 0 4274.dat
1 72 -80 8 30 0 0 -1 0 1 0 1 0 0 30000.dat
1 72 -190 -56 30 0 0 -1 0 1 0 1 0 0 3023.dat
1 72 -190 -64 30 0 0 -1 0 1 0 1 0 0 3023.dat
1 72 -90 -48 30 0 0 -1 0 1 0 1 0 0 3023.dat
1 72 -90 -56 30 0 0 -1 0 1 0 1 0 0 3023.dat
1 72 -10 8 30 0 0 -1 0 1 0 1 0 0 3004.dat
1 72 120 18 40 1 0 0 0 1 0 0 0 1 87083.dat
1 72 120 18 20 1 0 0 0 1 0 0 0 1 87083.dat
1 72 -280 -30 30 1 0 0 0 1 0 0 0 1 87083.dat
1 71 220 18 40 1 0 0 0 1 0 0 0 1 61184.dat
1 71 220 18 20 1 0 0 0 1 0 0 0 1 61184.dat
1 33 244 18 40 0 -1 0 1 0 0 0 0 1 4589.dat
1 72 -140 16 30 0 1 0 -1 0 0 0 0 1 87083.dat
1 1 180 18 -200 0 0 -1 0 1 0 1 0 0 6558.dat
1 1 140 18 -200 0 0 -1 0 1 0 1 0 0 6558.dat
1 1 140 18 260 0 0 1 0 1 0 -1 0 0 6558.dat
1 1 180 18 260 0 0 1 0 1 0 -1 0 0 6558.dat
1 33 244 18 20 0 -1 0 1 0 0 0 0 1 4589.dat
1 14 -150 -40 60 1 0 0 0 1 0 0 0 1 3622.dat
1 14 -150 -40 0 1 0 0 0 1 0 0 0 1 3622.dat
1 14 -250 -40 30 0 0 -1 0 1 0 1 0 0 3700.dat
1 14 -284 -30 30 0 1 0 0 0 1 1 0 0 6143.dat
1 14 -308 -30 30 0 1 0 0 0 1 1 0 0 6143.dat
1 14 -356 -30 30 0 1 0 0 0 1 1 0 0 3942b.dat
1 14 -380 -30 30 0 1 0 0 0 1 1 0 0 3062b.dat
1 14 -404 -30 30 0 1 0 0 0 1 1 0 0 3062b.dat
1 14 -428 -30 30 0 1 0 0 0 1 1 0 0 4589.dat
1 14 -436 -30 30 0 1 0 0 0 1 1 0 0 2569.dat
1 71 -433 -30 30 0 1 0 0 0 1 1 0 0 30374.dat
1 14 -90 -40 0 0 0 -1 0 1 0 1 0 0 2357.dat
1 14 -140 -72 0 1 0 0 0 1 0 0 0 1 6191.dat
1 14 -140 -72 60 -1 0 0 0 1 0 0 0 -1 6191.dat
1 14 -90 -72 40 -1 0 0 0 1 0 0 0 -1 6091.dat
1 14 -90 -72 20 1 0 0 0 1 0 0 0 1 6091.dat
1 14 -90 -40 60 -1 0 0 0 1 0 0 0 -1 2357.dat
1 14 -190 -40 30 0 0 1 0 1 0 -1 0 0 50373.dat
0 MLCAD HIDE 1 14 60 -24 0 1 0 0 0 1 0 0 0 1 3298.dat
1 14 60 -24 60 -1 0 0 0 1 0 0 0 -1 3298.dat
0
0 FILE Part 6.ldr
0 Part 6
0 Name: Part 6.ldr
0 Author: LDraw
0 Unofficial Model
0 ROTATION CENTER 0 0 0 1 "Custom" 
0 ROTATION CONFIG 0 0
1 71 -10 16 0 1 0 0 0 1 0 0 0 1 60485.dat
1 0 140 16 0 0 0 -1 0 1 0 1 0 0 3849.dat
1 14 110 16 0 0 0 -1 -1 0 0 0 1 0 60208.dat
1 71 30 16 0 0 0 1 -1 0 0 0 -1 0 60208.dat
1 71 10 16 0 0 0 1 -1 0 0 0 -1 0 3650b.dat
1 14 225 16 0 0 -1 0 -1 0 0 0 0 -1 6233.dat
1 14 273 16 0 0 -1 0 -1 0 0 0 0 -1 3942c.dat
1 71 -56 16 0 0 1 0 -1 0 0 0 0 1 6233.dat
1 71 -104 16 0 0 1 0 -1 0 0 0 0 1 3942c.dat
1 14 297 16 0 0 -1 0 -1 0 0 0 0 -1 4589.dat
1 14 304 16 0 0 -1 0 -1 0 0 0 0 -1 2569.dat
1 14 167 16 0 0 0 1 0.507538 -0.861629 0 0.861629 0.507538 0 60208.dat
1 14 124 16 0 0 0 -1 -1 0 0 0 1 0 4185.dat
1 14 -3 16 0 0 0 -1 -1 0 0 0 1 0 4185.dat
1 14 134 16 0 0 0 -1 -1 0 0 0 1 0 4185.dat
1 4 90 16 0 1 0 0 0 1 0 0 0 1 32054.dat
1 4 127 16 20 -1 0 0 0 1 0 0 0 -1 32054.dat
1 4 127 16 -20 -1 0 0 0 1 0 0 0 -1 32054.dat
1 1 157 16 -20 -1 0 0 0 1 0 0 0 -1 43093.dat
1 71 177 -1.232 10.151 1 0 0 0 -0.507538 0.861629 0 -0.861629 -0.507538 4274.dat
1 71 177 33.232 -10.151 1 0 0 0 -0.507538 0.861629 0 -0.861629 -0.507538 4274.dat
1 71 90 16 0 0 0 -1 0 1 0 1 0 0 41531.dat
1 71 50 16 0 0 0 -1 0 1 0 1 0 0 41531.dat
1 1 157 16 20 -1 0 0 0 1 0 0 0 -1 43093.dat
0
0 FILE Part 7.ldr
0 Part 7
0 Name: Part 7.ldr
0 Author: LDraw
0 Unofficial Model
0 ROTATION CENTER 0 0 0 1 "Custom" 
0 ROTATION CONFIG 0 0
1 72 -10 40 0 1 0 0 0 1 0 0 0 1 3958.dat
1 72 -22.246 -70 29.564 -0.92388 0.382683 0 0 0 -1 -0.382683 -0.92388 0 4162.dat
1 72 2.246 -70 -29.564 0.92388 -0.382683 0 0 0 -1 0.382683 0.92388 0 4162.dat
1 72 -10 -8 0 1 0 0 0 1 0 0 0 1 3943b.dat
1 72 -10 -13 0 0 0.92388 0.382683 1 0 0 0 0.382683 -0.92388 32209.dat
1 14 -10 -17 0 -0.382683 -0.92388 0 0 0 -1 0.92388 -0.382683 0 32123a.dat
1 14 -10 -27 0 -0.382683 -0.92388 0 0 0 -1 0.92388 -0.382683 0 32123a.dat
1 0 -10 -40 0 -0.92388 0 0.382683 0 1 0 -0.382683 0 -0.92388 3709b.dat
1 0 -46.955 -80 -15.307 -0.92388 0 0.382683 0 1 0 -0.382683 0 -0.92388 3022.dat
1 0 26.955 -80 15.307 -0.92388 0 0.382683 0 1 0 -0.382683 0 -0.92388 3022.dat
1 0 36.194 -104 19.134 -0.382683 0 -0.92388 0 1 0 0.92388 0 -0.382683 3048.dat
1 0 -56.194 -104 -19.134 0.382683 0 0.92388 0 1 0 -0.92388 0 0.382683 3048.dat
1 0 -10 -104 0 0.92388 0 -0.382683 0 1 0 0.382683 0 0.92388 3041.dat
1 71 17.716 -64 11.481 -0.382683 0 -0.92388 0 1 0 0.92388 0 -0.382683 3660.dat
1 71 -37.716 -64 -11.481 0.382683 0 0.92388 0 1 0 -0.92388 0 0.382683 3660.dat
1 71 -10 -72 0 0.92388 0 -0.382683 0 1 0 0.382683 0 0.92388 3795.dat
1 71 -6.173 -80 -9.239 0.92388 0 -0.382683 0 1 0 0.382683 0 0.92388 2436b.dat
1 71 -13.827 -80 9.239 -0.92388 0 0.382683 0 1 0 -0.382683 0 -0.92388 2436b.dat
0
0
