0 FILE Hoth Echo Base.ldr
0 Hoth Echo Base
0 Name: Hoth Echo Base.ldr
0 Author: LDraw
0 Unofficial Model
0 ROTATION CENTER 0 0 0 1 "Custom" 
0 ROTATION CONFIG 0 0
1 0 -50 -24 0 -0.382683 0 0.92388 0 1 0 -0.92388 0 -0.382683 Part 3.ldr
1 0 -480.978 -40 -502.518 -0.92388 0 -0.382683 0 1 0 0.382683 0 -0.92388 E-Web.ldr
1 0 -240.618 -96 171.832 -0.382683 0 0.92388 0 1 0 -0.92388 0 -0.382683 Taun-Taun.ldr
1 0 -539.352 -80 536.543 0 0 1 0 1 0 -1 0 0 Luke.ldr
1 0 -467.624 -80 50 0 0 1 0 1 0 -1 0 0 K-3PO.ldr
1 0 -611.338 -80 394.608 0 0 1 0 1 0 -1 0 0 Medical Droid.ldr
1 0 -404.58 -80 -121.543 0 0 1 0 1 0 -1 0 0 Han Solo.ldr
1 0 -614.094 -80 8.456 0 0 1 0 1 0 -1 0 0 Chewbacca.ldr
1 0 -544.139 -80 -616.737 -0.92388 0 -0.382683 0 1 0 0.382683 0 -0.92388 Snowtrooper.ldr
1 0 -459.021 -80 -695.787 -0.92388 0 -0.382683 0 1 0 0.382683 0 -0.92388 Snowtrooper.ldr
1 0 -588.686 -80 -174.212 -0.382683 0 0.92388 0 1 0 -0.92388 0 -0.382683 Leia.ldr
1 0 -211.457 -72 -778.871 0.382683 0 0.92388 0 1 0 -0.92388 0 0.382683 Part 1.ldr
0
0 FILE Leia.ldr
0 Leia
0 Name: Leia.ldr
0 Author: LDraw
0 Unofficial Model
0 ROTATION CENTER 0 0 0 1 "Custom" 
0 ROTATION CONFIG 0 0
1 308 0 -24 0 1 0 0 0 1 0 0 0 1 59363.dat
1 78 0 -24 0 1 0 0 0 1 0 0 0 1 3626bp08.dat
1 19 0 0 0 1 0 0 0 1 0 0 0 1 973prd.dat
1 15 0 32 0 1 0 0 0 1 0 0 0 1 3815.dat
1 15 -15.552 9 0 0.985 -0.17 0 0.17 0.985 0 0 0 1 3818.dat
1 15 15.552 9 0 0.985 0.17 0 -0.17 0.985 0 0 0 1 3819.dat
1 15 -23.8634 26.5956 -10.321 0.985 -0.12019 0.12019 0.17 0.696395 -0.696395 0 0.707 0.707 3820.dat
1 15 23.8634 26.5956 -10.321 0.985 0.12019 -0.12019 -0.17 0.696395 -0.696395 0 0.707 0.707 3820.dat
1 42 24.6826 31.3422 -19.2547 0.985 0.0874983 -0.14567 -0.17 0.506976 -0.844031 0 0.856884 0.514696 30222.dat
1 15 0 44 0 1 0 0 0 1 0 0 0 1 3816.dat
1 15 0 44 0 1 0 0 0 1 0 0 0 1 3817.dat
0
0 FILE Snowtrooper.ldr
0 Snowtrooper
0 Name: Snowtrooper.ldr
0 Author: LDraw
0 Unofficial Model
0 ROTATION CENTER 0 0 0 1 "Custom" 
0 ROTATION CONFIG 0 0
1 15 0 -24 0 1 0 0 0 1 0 0 0 1 44360.dat
1 0 0 -24 0 1 0 0 0 1 0 0 0 1 3626b.dat
1 15 0 0 0 1 0 0 0 1 0 0 0 1 973.dat
1 71 0 32 0 1 0 0 0 1 0 0 0 1 3815.dat
1 15 -15.552 9 0 0.985 -0.17 0 0.17 0.985 0 0 0 1 3818.dat
1 15 15.552 9 0 0.985 0.17 0 -0.17 0.985 0 0 0 1 3819.dat
1 15 -23.8634 26.5956 -10.321 0.985 -0.12019 0.12019 0.17 0.696395 -0.696395 0 0.707 0.707 3820.dat
1 15 23.8634 26.5956 -10.321 0.985 0.12019 -0.12019 -0.17 0.696395 -0.696395 0 0.707 0.707 3820.dat
1 15 0 44 0 1 0 0 0 1 0 0 0 1 3816.dat
1 15 0 44 0 1 0 0 0 1 0 0 0 1 3817.dat
0
0 FILE Chewbacca.ldr
0 Chewbacca
0 Name: Chewbacca.ldr
0 Author: LDraw
0 Unofficial Model
0 ROTATION CENTER 0 0 0 1 "Custom" 
0 ROTATION CONFIG 0 0
1 70 0 0 0 1 0 0 0 1 0 0 0 1 30483p01.dat
1 70 0 0 0 1 0 0 0 1 0 0 0 1 973.dat
1 70 0 32 0 1 0 0 0 1 0 0 0 1 3815.dat
1 70 -15.552 9 0 0.985 -0.17 0 0.17 0.985 0 0 0 1 3818.dat
1 70 15.552 9 0 0.985 0.17 0 -0.17 0.985 0 0 0 1 3819.dat
1 70 -23.8634 26.5956 -10.321 0.985 -0.12019 0.12019 0.17 0.696395 -0.696395 0 0.707 0.707 3820.dat
1 70 23.8634 26.5956 -10.321 0.985 0.12019 -0.12019 -0.17 0.696395 -0.696395 0 0.707 0.707 3820.dat
1 148 -24.6826 31.3422 -19.2547 0.985 -0.0874983 0.14567 0.17 0.506976 -0.844031 0 0.856884 0.514696 2570.dat
1 70 0 44 0 1 0 0 0 1 0 0 0 1 3816.dat
1 70 0 44 0 1 0 0 0 1 0 0 0 1 3817.dat
0
0 FILE Han Solo.ldr
0 Han Solo
0 Name: Han Solo.ldr
0 Author: LDraw
0 Unofficial Model
0 ROTATION CENTER 0 0 0 1 "Custom" 
0 ROTATION CONFIG 0 0
1 272 0 -24 0 1 0 0 0 1 0 0 0 1 30287p01.dat
1 78 0 -24 0 1 0 0 0 1 0 0 0 1 3626bps5.dat
1 272 0 0 0 1 0 0 0 1 0 0 0 1 973.dat
1 70 60 54 0 1 0 0 0 1 0 0 0 1 3901.dat
1 272 0 32 0 1 0 0 0 1 0 0 0 1 3815ps5.dat
1 272 -15.552 9 0 0.985 -0.17 0 0.17 0.985 0 0 0 1 3818.dat
1 272 15.552 9 0 0.985 0.17 0 -0.17 0.985 0 0 0 1 3819.dat
1 78 -23.8634 26.5956 -10.321 0.985 -0.12019 0.12019 0.17 0.696395 -0.696395 0 0.707 0.707 3820.dat
1 78 23.8634 26.5956 -10.321 0.985 0.12019 -0.12019 -0.17 0.696395 -0.696395 0 0.707 0.707 3820.dat
1 0 -24.6826 31.3422 -19.2547 0.985 -0.0874983 0.14567 0.17 0.506976 -0.844031 0 0.856884 0.514696 61190a.dat
1 19 0 44 0 1 0 0 0 1 0 0 0 1 3816ps5.dat
1 19 0 44 0 1 0 0 0 1 0 0 0 1 3817.dat
0
0 FILE Medical Droid.ldr
0 Medical Droid
0 Name: Medical Droid.ldr
0 Author: LDraw
0 Unofficial Model
0 ROTATION CENTER 0 0 0 1 "Custom" 
0 ROTATION CONFIG 0 0
1 379 0 24 0 1 0 0 0 1 0 0 0 1 30375.dat
1 71 0 64 0 1 0 0 0 1 0 0 0 1 30376.dat
1 71 16 -8 0 1 0 0 0 1 0 0 0 1 30377.dat
1 71 -16 -8 0 1 0 0 0 1 0 0 0 1 59230.dat
0
0 FILE K-3PO.ldr
0 K-3PO
0 Name: K-3PO.ldr
0 Author: LDraw
0 Unofficial Model
0 ROTATION CENTER 0 0 0 1 "Custom" 
0 ROTATION CONFIG 0 0
1 4 0 0 0 1 0 0 0 1 0 0 0 1 30480.dat
1 4 0 0 0 1 0 0 0 1 0 0 0 1 973psr.dat
1 4 0 32 0 1 0 0 0 1 0 0 0 1 3815.dat
1 4 -15.552 9 0 0.985 -0.17 0 0.17 0.985 0 0 0 1 3818.dat
1 4 15.552 9 0 0.985 0.17 0 -0.17 0.985 0 0 0 1 3819.dat
1 4 -23.8634 26.5956 -10.321 0.985 -0.12019 0.12019 0.17 0.696395 -0.696395 0 0.707 0.707 3820.dat
1 4 23.8634 26.5956 -10.321 0.985 0.12019 -0.12019 -0.17 0.696395 -0.696395 0 0.707 0.707 3820.dat
1 4 0 44 0 1 0 0 0 1 0 0 0 1 3816.dat
1 4 0 44 0 1 0 0 0 1 0 0 0 1 3817.dat
0
0 FILE Luke.ldr
0 Luke
0 Name: Luke.ldr
0 Author: LDraw
0 Unofficial Model
0 ROTATION CENTER 0 0 0 1 "Custom" 
0 ROTATION CONFIG 0 0
1 19 0 -24 0 1 0 0 0 1 0 0 0 1 10048.dat
1 78 0 -24 0 1 0 0 0 1 0 0 0 1 3626bp01.dat
1 78 0 0 0 1 0 0 0 1 0 0 0 1 973.dat
1 15 0 32 0 1 0 0 0 1 0 0 0 1 3815.dat
1 78 -15.552 9 0 0.985 -0.17 0 0.17 0.985 0 0 0 1 3818.dat
1 78 15.552 9 0 0.985 0.17 0 -0.17 0.985 0 0 0 1 3819.dat
1 78 -23.8634 26.5956 -10.321 0.985 -0.12019 0.12019 0.17 0.696395 -0.696395 0 0.707 0.707 3820.dat
1 78 23.8634 26.5956 -10.321 0.985 0.12019 -0.12019 -0.17 0.696395 -0.696395 0 0.707 0.707 3820.dat
1 78 0 44 0 1 0 0 0 1 0 0 0 1 3816.dat
1 78 0 44 0 1 0 0 0 1 0 0 0 1 3817.dat
0
0 FILE Taun-Taun.ldr
0 Taun-Taun
0 Name: Taun-Taun.ldr
0 Author: LDraw
0 Unofficial Model
0 ROTATION CENTER 0 0 0 1 "Custom" 
0 ROTATION CONFIG 0 0
1 71 70 -56 -270 1 0 0 0 1 0 0 0 1 30457c01.dat
1 19 100 -56 -370 1 0 0 0 1 0 0 0 1 86057.dat
1 19 41 -56 -370 1 0 0 0 1 0 0 0 1 86058.dat
0 
0
0 FILE E-Web.ldr
0 E-Web
0 Name: E-Web.ldr
0 Author: LDraw
0 Unofficial Model
0 ROTATION CENTER 0 0 0 1 "Custom" 
0 ROTATION CONFIG 0 0
1 71 10 0 0 0 0 1 0 1 0 -1 0 0 4733.dat
1 0 110 0 150 1 0 0 0 1 0 0 0 1 4070.dat
1 0 110 0 170 -1 0 0 0 1 0 0 0 -1 4070.dat
1 0 10 -16 10 1 0 0 0 1 0 0 0 1 4595.dat
1 70 10 -6 -10 1 0 0 0 0 1 0 -1 0 30374.dat
1 0 10 -6 -46 1 0 0 0 1 0 0 0 1 59443.dat
1 72 10 -6 -70 1 0 0 0 0 1 0 -1 0 4740.dat
1 0 10 -6 -78 1 0 0 0 0 1 0 -1 0 3062b.dat
1 0 10 -6 44 1 0 0 0 1 0 0 0 1 30031.dat
1 71 110 24 160 0 0 -1 0 1 0 1 0 0 3023.dat
1 71 110 -8 160 0 0 -1 0 1 0 1 0 0 2412b.dat
1 71 10 -24 10 0 0 -1 0 1 0 1 0 0 2412b.dat
1 71 -8 -6 20 0 1 0 0 0 1 1 0 0 4073.dat
1 71 28 -6 20 0 -1 0 0 0 -1 1 0 0 4073.dat
1 71 110 10 184 -1 0 0 0 0 -1 0 -1 0 4073.dat
1 71 10 -6 38 0 0 -1 1 0 0 0 -1 0 2555.dat
1 0 28 10 0 0 -1 0 0 0 1 -1 0 0 4592.dat
1 0 110 10 132 0 0 1 1 0 0 0 1 0 2488.dat
1 0 28 10 0 0 -0.848048 -0.529919 0 -0.529919 0.848048 -1 0 0 4593.dat
1 0 10 10 -18 -1 0 0 0 0 1 0 1 0 4592.dat
1 0 10 10 24 1 0 0 0 0 1 0 -1 0 48729.dat
1 0 10 10 -18 -1 0 0 0 -0.529919 0.848048 0 0.848048 0.529919 4593.dat
1 47 10 24 0 1 0 0 0 1 0 0 0 1 4740.dat
1 0 -8 10 0 0 1 0 0 0 1 1 0 0 4592.dat
1 0 -8 10 0 0 0.848048 0.529919 0 -0.529919 0.848048 1 0 0 4593.dat
0 
0
0 FILE Part 1.ldr
0 Part 1
0 Name: Part 1.ldr
0 Author: LDraw
0 Unofficial Model
0 ROTATION CENTER 0 0 0 1 "Custom" 
0 ROTATION CONFIG 0 0
1 15 10 0 0 0 0 1 0 1 0 -1 0 0 30187c05.dat
1 15 -114 0 10 0 0 1 0 1 0 -1 0 0 4070.dat
1 15 -114 0 -10 0 0 1 0 1 0 -1 0 0 4070.dat
1 15 -94 -16 0 0 0 1 0 1 0 -1 0 0 47456.dat
1 15 40 -16 0 0 0 1 0 1 0 -1 0 0 2524.dat
1 0 20 -8 0 1 0 0 0 1 0 0 0 1 3021.dat
1 0 -254 10 -10 0 0 -1 0.382683 0.92388 0 0.92388 -0.382683 0 3849.dat
1 0 -254 10 10 0 0 -1 -0.382683 0.92388 0 0.92388 0.382683 0 3849.dat
1 0 -234 10 10 0 1 0 1 0 0 0 0 -1 41677.dat
1 15 -262 10 10 0 1 0 0.92388 0 0.382683 0.382683 0 -0.92388 30259.dat
1 15 -262 10 -10 0 1 0 -0.92388 0 0.382683 0.382683 0 0.92388 30259.dat
1 0 -84 16 0 0 0 -1 0 1 0 1 0 0 4600.dat
1 0 -84 21 -28 0 0 -1 0 -1 0 -1 0 0 30377.dat
1 0 -84 21 29 0 0 -1 0 -1 0 -1 0 0 30377.dat
1 0 -72 -17 -16 -1 0 0 0 0 -1 0 -1 0 4599b.dat
1 0 -72 -17 17 1 0 0 0 0 -1 0 1 0 4599b.dat
1 0 -94 0 0 0 0 -1 0 1 0 1 0 0 88072.dat
1 72 -104 32 0 1 0 0 0 1 0 0 0 1 4032b.dat
1 0 -53 30 31 0 0 1 -1 0 0 0 -1 0 4349.dat
1 71 40 -16 0 0 0 -1 0 1 0 1 0 0 3794a.dat
1 71 -94 24 0 0 0 -1 0 1 0 1 0 0 3023.dat
1 71 -114 24 0 0 0 1 0 1 0 -1 0 0 3839b.dat
1 71 -94 8 10 0 0 1 0 1 0 -1 0 0 4073.dat
1 71 -94 8 -10 0 0 1 0 1 0 -1 0 0 4073.dat
1 71 10 35 -28 -1 0 0 0 1 0 0 0 -1 2555.dat
1 72 12 43 -28 0 0 1 0 1 0 -1 0 0 6120.dat
1 71 10 35 28 -1 0 0 0 1 0 0 0 -1 2555.dat
1 72 12 43 28 0 0 1 0 1 0 -1 0 0 6120.dat
0
0 FILE Part 2.ldr
0 Part 2
0 Name: Part 2.ldr
0 Author: LDraw
0 Unofficial Model
0 ROTATION CENTER 0 0 0 1 "Custom" 
0 ROTATION CONFIG 0 0
1 72 -20 8 0 0 0 -1 0 1 0 1 0 0 3031.dat
1 72 -250 -24 0 0 0 -1 0 1 0 1 0 0 3010.dat
1 72 -210 -24 0 0 0 -1 0 1 0 1 0 0 3010.dat
1 72 10 -24 0 0 0 -1 0 1 0 1 0 0 3010.dat
1 72 -30 -24 0 0 0 -1 0 1 0 1 0 0 3010.dat
1 72 -283.853 -24.61 0 -0.461749 0 0.887011 -0.887011 0 -0.461749 0 -1 0 62113.dat
1 14 -230 -24 10 -1 0 0 0 1 0 0 0 -1 6541.dat
1 14 -230 -24 -10 -1 0 0 0 1 0 0 0 -1 6541.dat
1 14 -10 -24 10 -1 0 0 0 1 0 0 0 -1 6541.dat
1 14 -10 -24 -10 -1 0 0 0 1 0 0 0 -1 6541.dat
1 0 -230 -14 0 0 0 1 0 1 0 -1 0 0 2780.dat
1 0 -10 -14 0 0 0 1 0 1 0 -1 0 0 2780.dat
1 14 -230 -184 10 -1 0 0 0 1 0 0 0 -1 6541.dat
1 14 -230 -184 -10 -1 0 0 0 1 0 0 0 -1 6541.dat
1 14 -10 -184 10 -1 0 0 0 1 0 0 0 -1 6541.dat
1 14 -10 -184 -10 -1 0 0 0 1 0 0 0 -1 6541.dat
1 0 -230 -174 0 0 0 1 0 1 0 -1 0 0 2780.dat
1 0 -10 -174 0 0 0 1 0 1 0 -1 0 0 2780.dat
1 0 -10 -14 30 1 0 0 0 1 0 0 0 1 87617.dat
1 0 -10 -14 -30 -1 0 0 0 1 0 0 0 -1 87617.dat
1 0 20 -192 -10 1 0 0 0 1 0 0 0 1 63868.dat
1 0 20 -192 10 1 0 0 0 1 0 0 0 1 63868.dat
1 0 -260 -192 10 -1 0 0 0 1 0 0 0 -1 63868.dat
1 0 -260 -192 -10 -1 0 0 0 1 0 0 0 -1 63868.dat
1 0 -120 -182 0 -1 0 0 0 1 0 0 0 -1 3737.dat
1 72 -130 -182 0 -1 0 0 0 0 -1 0 -1 0 32013.dat
1 71 -130 -152 0 -1 0 0 0 1 0 0 0 -1 6143.dat
1 4 -130 -152 2 0 0 -1 1 0 0 0 -1 0 32062.dat
1 0 -230 -14 30 1 0 0 0 1 0 0 0 1 87617.dat
1 0 -250 -32 30 1 0 0 0 1 0 0 0 1 4073.dat
1 0 -250 -32 -30 1 0 0 0 1 0 0 0 1 4073.dat
1 0 -270 -208 10 1 0 0 0 1 0 0 0 1 4073.dat
1 0 -270 -208 -10 1 0 0 0 1 0 0 0 1 4073.dat
1 0 30 -208 10 1 0 0 0 1 0 0 0 1 4073.dat
1 0 30 -208 -10 1 0 0 0 1 0 0 0 1 4073.dat
1 0 -210 -40 30 1 0 0 0 1 0 0 0 1 4073.dat
1 0 -210 -40 -30 1 0 0 0 1 0 0 0 1 4073.dat
1 0 -30 -40 30 1 0 0 0 1 0 0 0 1 4073.dat
1 0 -30 -40 -30 1 0 0 0 1 0 0 0 1 4073.dat
1 0 10 -32 30 1 0 0 0 1 0 0 0 1 4073.dat
1 0 10 -32 -30 1 0 0 0 1 0 0 0 1 4073.dat
1 0 -230 -14 -30 -1 0 0 0 1 0 0 0 -1 87617.dat
1 72 -220 8 0 1 0 0 0 1 0 0 0 1 3031.dat
1 72 -120 8 0 1 0 0 0 1 0 0 0 1 3795.dat
1 72 -120 -200 0 1 0 0 0 1 0 0 0 1 4282.dat
1 0 60 -206 30 0 -360 0 -1 0 0 0 0 1 LS50.dat
1 0 60 -206 -30 0 -360 0 -1 0 0 0 0 1 LS50.dat
1 72 -120 -216 0 1 0 0 0 1 0 0 0 1 4282.dat
1 72 -240 -160 0 1 0 0 0 1 0 0 0 1 2654.dat
1 72 0 -160 0 1 0 0 0 1 0 0 0 1 2654.dat
1 71 -120 0 0 1 0 0 0 1 0 0 0 1 2445.dat
1 71 -220 -192 0 1 0 0 0 1 0 0 0 1 10247.dat
1 71 -20 -192 0 -1 0 0 0 1 0 0 0 -1 10247.dat
1 71 10 -184 0 0 0 -1 0 1 0 1 0 0 3660.dat
1 71 -250 -184 0 0 0 1 0 1 0 -1 0 0 3660.dat
1 71 -297.275 -51.191 0 0 0.99863 0.052336 0 0.052336 -0.99863 -1 0 0 6020.dat
1 72 43.647 -24.61 0 0.461749 0 -0.887011 -0.887011 0 -0.461749 0 1 0 62113.dat
1 71 57.069 -51.191 0 0 -0.99863 -0.052336 0 0.052336 -0.99863 1 0 0 6020.dat
1 71 -230 -176 30 -1 0 0 0 -1 0 0 0 1 87618.dat
1 71 -230 -176 -30 1 0 0 0 -1 0 0 0 -1 87618.dat
1 71 -10 -176 30 -1 0 0 0 -1 0 0 0 1 87618.dat
1 71 -10 -176 -30 1 0 0 0 -1 0 0 0 -1 87618.dat
1 71 -220 0 30 1 0 0 0 1 0 0 0 1 3710.dat
1 71 -220 0 -30 1 0 0 0 1 0 0 0 1 3710.dat
1 71 -210 -32 0 0 0 -1 0 1 0 1 0 0 3710.dat
1 71 -230 -48 10 0 0 1 0 1 0 -1 0 0 50950.dat
1 71 -230 -48 -10 0 0 1 0 1 0 -1 0 0 50950.dat
1 71 -10 -48 -10 0 0 -1 0 1 0 1 0 0 50950.dat
1 71 -10 -48 10 0 0 -1 0 1 0 1 0 0 50950.dat
1 71 -30 -32 0 0 0 -1 0 1 0 1 0 0 3710.dat
1 71 -20 0 30 1 0 0 0 1 0 0 0 1 3710.dat
1 71 -20 0 -30 1 0 0 0 1 0 0 0 1 3710.dat
1 71 10 0 0 0 0 -1 0 1 0 1 0 0 60470a.dat
1 71 0 -208 -10 1 0 0 0 1 0 0 0 1 60470a.dat
1 71 0 -208 10 -1 0 0 0 1 0 0 0 -1 60470a.dat
1 71 0 -206 30 -1 0 0 0 -0.92388 0.382683 0 0.382683 0.92388 30377.dat
1 71 -80 -206 30 -1 0 0 0 -0.92388 0.382683 0 0.382683 0.92388 30377.dat
1 71 -160 -206 30 -1 0 0 0 -0.92388 0.382683 0 0.382683 0.92388 30377.dat
1 71 -240 -206 30 -1 0 0 0 -0.92388 0.382683 0 0.382683 0.92388 30377.dat
1 71 -80 -208 -10 1 0 0 0 1 0 0 0 1 60470a.dat
1 71 -80 -208 10 -1 0 0 0 1 0 0 0 -1 60470a.dat
1 71 -160 -208 -10 1 0 0 0 1 0 0 0 1 60470a.dat
1 71 -160 -208 10 -1 0 0 0 1 0 0 0 -1 60470a.dat
1 71 -240 -208 -10 1 0 0 0 1 0 0 0 1 60470a.dat
1 71 -240 -208 10 -1 0 0 0 1 0 0 0 -1 60470a.dat
1 71 -250 0 0 0 0 1 0 1 0 -1 0 0 60470a.dat
1 0 60 -245.7 33.455 0 -360 0 -0.382683 0 -0.92388 -0.92388 0 0.382683 LS50.dat
1 71 -240 -206 -30 1 0 0 0 -0.92388 0.382683 0 -0.382683 -0.92388 30377.dat
1 71 -160 -206 -30 1 0 0 0 -0.92388 0.382683 0 -0.382683 -0.92388 30377.dat
1 71 -80 -206 -30 1 0 0 0 -0.92388 0.382683 0 -0.382683 -0.92388 30377.dat
1 71 0 -206 -30 1 0 0 0 -0.92388 0.382683 0 -0.382683 -0.92388 30377.dat
1 0 -300 -245.7 -33.455 0 360 0 -0.382683 0 -0.92388 0.92388 0 -0.382683 LS50.dat
0
0 FILE Part 3.ldr
0 Part 3
0 Name: Part 3.ldr
0 Author: LDraw
0 Unofficial Model
0 
0 ROTATION CENTER 0 0 0 1 "Custom" 
0 ROTATION CONFIG 0 0
1 15 -50 8 0 1 0 0 0 1 0 0 0 1 92438.dat
1 15 -50 8 100 1 0 0 0 1 0 0 0 1 3832.dat
1 15 270 8 100 1 0 0 0 1 0 0 0 1 3832.dat
1 15 270 8 0 1 0 0 0 1 0 0 0 1 92438.dat
1 15 370 8 -120 1 0 0 0 1 0 0 0 1 3032.dat
1 15 -50 -144 80 1 0 0 0 1 0 0 0 1 3032.dat
1 15 270 -144 80 1 0 0 0 1 0 0 0 1 3032.dat
1 15 110 -144 70 1 0 0 0 1 0 0 0 1 4477.dat
1 15 -190 8 -120 0 0 -1 0 1 0 1 0 0 3020.dat
1 71 150 0 30 1 0 0 0 1 0 0 0 1 2412b.dat
1 71 110 -32 50 1 0 0 0 1 0 0 0 1 2412b.dat
1 71 90 -56 50 1 0 0 0 1 0 0 0 1 2412b.dat
1 71 -50 -201.069 13.433 1 0 0 0 0.382683 0.92388 0 -0.92388 0.382683 2412b.dat
1 71 90 -120 70 1 0 0 0 1 0 0 0 1 87544.dat
1 71 130 -120 70 1 0 0 0 1 0 0 0 1 87544.dat
1 71 80 -48 50 1 0 0 0 1 0 0 0 1 4085c.dat
1 71 100 -48 50 1 0 0 0 1 0 0 0 1 4085c.dat
1 71 70 0 30 1 0 0 0 1 0 0 0 1 2412b.dat
1 71 40 -104 -60 0 0 -1 0 1 0 1 0 0 2412b.dat
1 71 -20 -104 -60 0 0 -1 0 1 0 1 0 0 2412b.dat
1 71 320 0 -80 0 0 -1 0 1 0 1 0 0 2412b.dat
1 71 420 -8 -120 0 0 1 0 1 0 -1 0 0 60478.dat
1 72 410 -16 70 1 0 0 0 1 0 0 0 1 3004.dat
1 72 170 -16 70 1 0 0 0 1 0 0 0 1 3004.dat
1 72 50 -16 70 1 0 0 0 1 0 0 0 1 3004.dat
1 72 110 -16 50 1 0 0 0 1 0 0 0 1 3008.dat
1 72 90 -48 70 1 0 0 0 1 0 0 0 1 3023.dat
1 72 130 -48 70 1 0 0 0 1 0 0 0 1 3023.dat
1 72 110 0 -70 0 0 -1 0 1 0 1 0 0 61409.dat
1 71 10 -24 -70 1 0 0 0 1 0 0 0 1 30414.dat
1 47 10 -96 -70 1 0 0 0 1 0 0 0 1 60581.dat
1 47 10 -96 -50 -1 0 0 0 1 0 0 0 -1 60581.dat
1 71 10 -24 -50 -1 0 0 0 1 0 0 0 -1 30414.dat
1 72 110 0 -10 0 0 -1 0 1 0 1 0 0 61409.dat
1 72 420 -16 -20 0 0 -1 0 1 0 1 0 0 3008.dat
1 14 60 -40 60 0 0 -1 0 1 0 1 0 0 3700.dat
1 14 90 -40 60 -1 0 0 0 1 0 0 0 -1 10247.dat
1 14 90 -136 70 -1 0 0 0 1 0 0 0 -1 3069b.dat
1 14 -50 -198.008 6.041 -1 0 0 0 0.382683 -0.92388 0 -0.92388 -0.382683 60470b.dat
1 14 130 -136 70 -1 0 0 0 1 0 0 0 -1 3069b.dat
1 0 70 -30 60 -1 0 0 0 1 0 0 0 -1 2780.dat
1 71 130 -56 50 -1 0 0 0 1 0 0 0 -1 2412b.dat
1 71 130 -56 50 1 0 0 0 1 0 0 0 1 4073.dat
1 47 -60 -194.946 -1.349 1 0 0 0 0.382683 0.92388 0 -0.92388 0.382683 4073.dat
1 47 -40 -194.946 -1.349 1 0 0 0 0.382683 0.92388 0 -0.92388 0.382683 4073.dat
1 71 140 -48 50 1 0 0 0 1 0 0 0 1 4085c.dat
1 71 120 -48 50 1 0 0 0 1 0 0 0 1 4085c.dat
1 14 160 -40 60 0 0 1 0 1 0 -1 0 0 3700.dat
1 14 130 -40 60 1 0 0 0 1 0 0 0 1 10247.dat
1 0 150 -30 60 1 0 0 0 1 0 0 0 1 2780.dat
1 72 -210 -16 -160 0 0 1 0 1 0 -1 0 0 3831.dat
1 72 -210 -120 -160 0 0 1 0 1 0 -1 0 0 2429.dat
1 72 -264.494 -24 -159.001 -0.92388 0 -0.382684 0 1 0 0.382684 0 -0.92388 Part 4.ldr
1 72 -200 0 -40 0 0 -1 0 1 0 1 0 0 4162.dat
1 72 -200 -120 70 0 0 1 0 1 0 -1 0 0 2420.dat
1 72 -150 -120 70 1 0 0 0 1 0 0 0 1 3023.dat
1 72 390 -120 70 1 0 0 0 1 0 0 0 1 3710.dat
1 72 360 -16 70 0 0 1 0 1 0 -1 0 0 2357.dat
1 72 -200 -16 70 0 0 1 0 1 0 -1 0 0 2357.dat
1 72 -140 -16 70 -1 0 0 0 1 0 0 0 -1 2357.dat
1 72 -50 -136 80 -1 0 0 0 1 0 0 0 -1 6082.dat
1 72 -190 -176 -40 -1 0 0 0 1 0 0 0 -1 4032b.dat
1 72 -190 -208 -40 -1 0 0 0 1 0 0 0 -1 4032b.dat
1 72 -190 -228 -40 -1 0 0 0 0 1 0 1 0 59443.dat
1 72 -173.779 -317 -61.14 0.793353 0.304381 -0.527203 0 0.866025 0.5 0.608761 -0.396677 0.687064 59443.dat
1 14 -143.728 -345.5 -100.303 0.793353 0.304381 -0.527203 0 0.866025 0.5 0.608761 -0.396677 0.687064 32123a.dat
1 28 -155.854 -334 -84.5 0.527203 0.304381 0.793353 -0.5 0.866025 0 -0.687064 -0.396677 0.608761 6587.dat
1 72 -135.821 -353 -110.608 0.793353 -0.527203 -0.304381 0 0.5 -0.866025 0.608761 0.687064 0.396677 2569.dat
1 4 -190 -207 -40 0 0 1 1 0 0 0 1 0 32062.dat
1 72 270 -136 80 -1 0 0 0 1 0 0 0 -1 6082.dat
1 72 10 0 -60 1 0 0 0 1 0 0 0 1 3020.dat
1 72 -190 -256 -40 0 0 -1 0 1 0 1 0 0 3020.dat
1 72 10 -13 -16 -1 0 0 0 0 -1 0 -1 0 30413.dat
1 72 10 -13 -104 1 0 0 0 0 -1 0 1 0 30413.dat
1 72 370 -168 -60 -1 0 0 0 1 0 0 0 -1 4032b.dat
1 15 110 0 -40 1 0 0 0 1 0 0 0 1 3068b.dat
1 15 237.654 -48 -1.522 0.382683 0 -0.92388 0 1 0 0.92388 0 0.382683 3068b.dat
1 15 248.369 -58 24.346 -0.92388 0.382683 0 0 0 1 0.382683 0.92388 0 85984.dat
1 15 259.564 -30 -32.246 0.382683 -0.92388 0 0 0 -1 0.92388 0.382683 0 2431.dat
1 15 200.436 -30 -7.754 -0.382683 0.92388 0 0 0 -1 -0.92388 -0.382683 0 2431.dat
1 15 222.346 -48 -38.478 0.382683 0 -0.92388 0 1 0 0.92388 0 0.382683 3022.dat
1 15 30 -152 60 1 0 0 0 1 0 0 0 1 3068b.dat
1 15 190 -152 60 1 0 0 0 1 0 0 0 1 3068b.dat
1 15 370 0 -80 1 0 0 0 1 0 0 0 1 87079.dat
1 15 340 0 -120 0 0 -1 0 1 0 1 0 0 92280.dat
1 15 400 0 -120 0 0 -1 0 1 0 1 0 0 92280.dat
1 72 370 0 -40 1 0 0 0 1 0 0 0 1 3020.dat
1 72 230 -32 -20 0.382683 0 -0.92388 0 1 0 0.92388 0 0.382683 3020.dat
1 15 370 -16 -40 1 0 0 0 1 0 0 0 1 3020.dat
1 15 370 -144 -40 -1 0 0 0 1 0 0 0 -1 51739.dat
1 71 370 -152 -40 -1 0 0 0 1 0 0 0 -1 4150.dat
1 71 370 -184 -60 -1 0 0 0 1 0 0 0 -1 4150.dat
1 43 370 -136 -60 -1 0 0 0 1 0 0 0 -1 85941.dat
1 15 370 -16 -80 -1 0 0 0 1 0 0 0 -1 3020.dat
1 15 370 -144 -80 1 0 0 0 1 0 0 0 1 51739.dat
1 15 370 -160 -60 1 0 0 0 1 0 0 0 1 60474.dat
1 15 370 -176 -60 1 0 0 0 1 0 0 0 1 30033.dat
1 43 370 -136 -60 1 0 0 0 1 0 0 0 1 85941.dat
1 15 230 0 40 0 0 -1 0 1 0 1 0 0 87079.dat
1 0 230 0 -20 -1 0 0 0 1 0 0 0 -1 3680.dat
1 71 310 -16 -40 0 0 -1 0 1 0 1 0 0 6143.dat
1 71 230 0 -20 -0.92388 0 -0.382683 0 1 0 0.382683 0 -0.92388 3679.dat
1 71 230 -24 -20 -0.92388 0 -0.382683 0 1 0 0.382683 0 -0.92388 6143.dat
1 71 241.481 -40 7.716 -0.92388 0 -0.382683 0 1 0 0.382683 0 -0.92388 48336.dat
1 71 248.369 -58 24.346 0.92388 0.382683 0 0 0 -1 -0.382683 0.92388 0 60470a.dat
1 71 218.519 -40 -47.716 0.92388 0 0.382683 0 1 0 -0.382683 0 0.92388 48336.dat
1 71 239.239 -40 -23.827 0.382683 0 -0.92388 0 1 0 0.92388 0 0.382683 2436b.dat
1 71 220.761 -40 -16.173 -0.382683 0 0.92388 0 1 0 -0.92388 0 -0.382683 2436b.dat
1 71 310 -40 -40 0 0 -1 0 1 0 1 0 0 30367b.dat
1 0 310 -56 -40 0 0 -1 0 1 0 1 0 0 752.dat
1 0 10 -128 -60 0 0 -1 0 1 0 1 0 0 752.dat
1 0 10 -104 -60 0 0 -1 0 -1 0 1 0 0 755.dat
1 0 10 -110.953 -60 0.011 0 -0.9999 0 -1 0 0.9999 0 0.011 756.dat
1 0 10 -113.631 -60 0.0185 0 -0.9998 0 -1 0 0.9998 0 0.0185 756.dat
1 0 10 -116.312 -60 0.026 0 -0.9997 0 -1 0 0.9997 0 0.026 756.dat
1 0 10 -118.988 -60 0.0334 0 -0.9994 0 -1 0 0.9994 0 0.0334 756.dat
1 0 10.0073 -121.663 -59.9678 0.0409 0.0024 -0.9992 0.0108 -0.9999 -0.002 0.9991 0.0107 0.0409 756.dat
1 0 10.0737 -124.329 -59.6823 0.0473 0.0224 -0.9986 0.0973 -0.9951 -0.0177 0.9941 0.0963 0.0492 756.dat
1 0 10.2302 -126.929 -59.0379 0.0496 0.0545 -0.9973 0.2278 -0.9728 -0.0419 0.9724 0.2251 0.0607 756.dat
1 0 10.5117 -129.356 -57.9329 0.0431 0.0997 -0.9941 0.3982 -0.9143 -0.0744 0.9163 0.3927 0.0792 756.dat
1 0 10.9475 -131.451 -56.3115 0.0216 0.1561 -0.9875 0.5929 -0.7973 -0.1131 0.805 0.583 0.1097 756.dat
1 0 11.5326 -133.063 -54.2554 -0.0156 0.2124 -0.9771 0.7655 -0.6261 -0.1483 0.6433 0.7502 0.1528 756.dat
1 0 12.2351 -134.204 -51.9219 -0.0572 0.2566 -0.9648 0.8784 -0.4464 -0.1708 0.4745 0.8572 0.1999 756.dat
1 0 13.0138 -134.957 -49.4711 -0.0918 0.2874 -0.9534 0.9369 -0.2994 -0.1804 0.3373 0.9098 0.2418 756.dat
1 0 13.847 -135.435 -46.9785 -0.1162 0.3094 -0.9438 0.9643 -0.1926 -0.1819 0.2381 0.9312 0.276 756.dat
1 0 14.727 -135.728 -44.4679 -0.1319 0.3268 -0.9358 0.9767 -0.1184 -0.179 0.1693 0.9376 0.3036 756.dat
1 0 15.6465 -135.893 -41.9609 -0.1408 0.3419 -0.9291 0.9824 -0.0677 -0.1738 0.1224 0.9373 0.3264 756.dat
1 0 16.6087 -135.974 -39.448 -0.1446 0.3559 -0.9233 0.9853 -0.0341 -0.1675 0.091 0.9339 0.3457 756.dat
1 0 17.597 -136.001 -36.9741 -0.1446 0.3693 -0.918 0.9869 -0.0126 -0.1606 0.0709 0.9292 0.3626 756.dat
1 0 18.6281 -135.993 -34.497 -0.142 0.3827 -0.9129 0.9882 0.0011 -0.1533 0.0576 0.9239 0.3784 756.dat
1 0 19.6957 -135.932 -32.0457 -0.1417 0.3974 -0.9066 0.9891 0.0204 -0.1457 0.0394 0.9174 0.396 756.dat
1 0 20.8121 -135.812 -29.5929 -0.1428 0.4122 -0.8998 0.9896 0.0423 -0.1376 0.0186 0.9101 0.414 756.dat
1 0 21.9511 -135.629 -27.198 -0.1449 0.4267 -0.8927 0.9894 0.0656 -0.1292 -0.0034 0.902 0.4317 756.dat
1 0 23.1478 -135.378 -24.7807 -0.1478 0.4403 -0.8856 0.9886 0.09 -0.1203 -0.0267 0.8933 0.4486 756.dat
1 0 24.3519 -135.065 -22.4398 -0.1517 0.4526 -0.8787 0.9871 0.1151 -0.1112 -0.0508 0.8843 0.4642 756.dat
1 0 25.5988 -134.679 -20.0922 -0.1563 0.463 -0.8725 0.9848 0.1407 -0.1017 -0.0757 0.8751 0.478 756.dat
1 0 26.8635 -134.225 -17.7717 -0.1612 0.4708 -0.8674 0.9818 0.1661 -0.0923 -0.1006 0.8665 0.489 756.dat
1 0 28.1343 -133.708 -15.479 -0.1661 0.4751 -0.8641 0.9782 0.1904 -0.0833 -0.125 0.8591 0.4964 756.dat
1 0 29.4138 -133.129 -13.1825 -0.1703 0.4753 -0.8632 0.9742 0.2129 -0.075 -0.1481 0.8537 0.4993 756.dat
1 0 30.6716 -132.501 -10.9041 -0.1733 0.4704 -0.8652 0.9703 0.2322 -0.0682 -0.1688 0.8513 0.4967 756.dat
1 0 31.8926 -131.837 -8.6334 -0.1745 0.46 -0.8706 0.9669 0.2474 -0.0631 -0.1864 0.8528 0.4879 756.dat
1 0 33.076 -131.143 -6.3296 -0.1731 0.4434 -0.8795 0.9644 0.2575 -0.0601 -0.1998 0.8586 0.4722 756.dat
1 0 34.1909 -130.444 -4.0061 -0.169 0.4204 -0.8915 0.9634 0.2614 -0.0593 -0.2081 0.8689 0.4492 756.dat
1 0 35.237 -129.748 -1.6207 -0.1619 0.3913 -0.9059 0.9641 0.2586 -0.0606 -0.2106 0.8832 0.4191 756.dat
1 0 36.175 -129.088 0.7824 -0.1523 0.3567 -0.9217 0.9664 0.249 -0.0633 -0.2069 0.9004 0.3827 756.dat
1 0 37.0214 -128.464 3.2695 -0.1407 0.3178 -0.9377 0.9702 0.2329 -0.0666 -0.1972 0.9191 0.3411 756.dat
1 0 37.749 -127.904 5.7865 -0.1281 0.2766 -0.9524 0.9749 0.2116 -0.0697 -0.1822 0.9374 0.2967 756.dat
1 0 38.359 -127.417 8.3322 -0.1152 0.2345 -0.9653 0.9799 0.1864 -0.0717 -0.1631 0.9541 0.2512 756.dat
1 0 38.8638 -126.999 10.9326 -0.1027 0.1932 -0.9758 0.9847 0.1589 -0.0722 -0.1411 0.9682 0.2065 756.dat
1 0 39.2615 -126.661 13.5479 -0.091 0.154 -0.9839 0.9889 0.1305 -0.071 -0.1175 0.9794 0.1642 756.dat
1 0 39.5654 -126.395 16.1988 -0.0801 0.1177 -0.9898 0.9924 0.1025 -0.0681 -0.0934 0.9878 0.125 756.dat
1 0 39.7829 -126.2 18.8721 -0.0702 0.0847 -0.9939 0.9951 0.0755 -0.0638 -0.0697 0.9935 0.0896 756.dat
1 0 39.9222 -126.073 21.5528 -0.0611 0.0553 -0.9966 0.997 0.0503 -0.0583 -0.047 0.9972 0.0582 756.dat
1 0 39.9916 -126.008 24.2252 -0.0527 0.0292 -0.9982 0.9983 0.0271 -0.0519 -0.0255 0.9992 0.0305 756.dat
1 0 40.0023 -125.998 26.9072 -0.0449 0.0066 -0.999 0.999 0.0063 -0.0448 -0.006 1 0.0069 756.dat
1 0 40 -126 29.5634 -0.0375 -0 -0.9993 0.9993 -0 -0.0375 0 1 -0 756.dat
1 0 40 -126 32.2399 -0.03 -0 -0.9996 0.9995 -0 -0.03 0 1 -0 756.dat
1 0 40 -126 34.9215 -0.0225 -0 -0.9997 0.9997 -0 -0.0225 0 1 -0 756.dat
1 0 40 -126 37.5962 -0.0151 -0 -0.9999 0.9999 -0 -0.0151 0 1 -0 756.dat
1 0 40 -126 40.2744 -0.0076 -0 -1 1 -0 -0.0076 0 1 -0 756.dat
1 0 40 -126 45 -0 0 -1 1 0 -0 0 -1 -0 755.dat
1 0 360 -126 26 0 0 -1 -1 0 0 0 1 0 752.dat
1 0 40 -126 26 0 0 -1 -1 0 0 0 1 0 752.dat
1 0 359 -126 44 0 0 -1 -1 0 0 0 -1 0 755.dat
1 0 359 -126 37.0486 0.0152 0 -0.9999 -0.9999 0 -0.0152 0 -1 0 756.dat
1 0 359 -126 33.9839 0.027 0 -0.9996 -0.9996 0 -0.027 0 -1 0 756.dat
1 0 359 -126 30.9247 0.0387 0 -0.9992 -0.9992 0 -0.0387 0 -1 0 756.dat
1 0 359 -126 27.8581 0.0505 0 -0.9987 -0.9987 0 -0.0505 0 -1 0 756.dat
1 0 359 -126 24.7945 0.0623 0 -0.9981 -0.9981 0 -0.0623 0 -1 0 756.dat
1 0 358.906 -125.923 21.7406 0.0736 -0.0312 -0.9968 -0.9969 0.0256 -0.0744 -0.0279 -0.9992 0.0292 756.dat
1 0 358.516 -125.599 18.7219 0.078 -0.1295 -0.9885 -0.9899 0.1075 -0.0922 -0.1182 -0.9857 0.1198 756.dat
1 0 357.859 -125.046 15.7578 0.0753 -0.2154 -0.9736 -0.9766 0.1813 -0.1156 -0.2014 -0.9595 0.1967 756.dat
1 0 356.988 -124.303 12.9093 0.0684 -0.2852 -0.956 -0.9596 0.2434 -0.1412 -0.273 -0.927 0.2571 756.dat
1 0 355.949 -123.404 10.1837 0.0596 -0.3413 -0.9381 -0.9406 0.2954 -0.1672 -0.3342 -0.8923 0.3035 756.dat
1 0 354.766 -122.366 7.5457 0.0504 -0.3861 -0.9211 -0.9209 0.339 -0.1924 -0.3865 -0.8579 0.3385 756.dat
1 0 353.484 -121.224 5.0344 0.0414 -0.4218 -0.9057 -0.9011 0.3758 -0.2162 -0.4315 -0.8251 0.3646 756.dat
1 0 352.112 -119.983 2.6128 0.033 -0.4508 -0.892 -0.8814 0.4076 -0.2385 -0.4711 -0.7941 0.3839 756.dat
1 0 350.649 -118.641 0.2453 0.0255 -0.4741 -0.8801 -0.8621 0.4354 -0.2595 -0.5062 -0.7653 0.3976 756.dat
1 0 349.15 -117.243 -2.0029 0.0187 -0.4929 -0.8699 -0.8431 0.4599 -0.2787 -0.5374 -0.7386 0.407 756.dat
1 0 347.588 -115.762 -4.2004 0.0127 -0.5082 -0.8611 -0.8245 0.482 -0.2966 -0.5658 -0.7137 0.4129 756.dat
1 0 345.993 -114.224 -6.3189 0.0074 -0.5205 -0.8538 -0.8062 0.5021 -0.3131 -0.5916 -0.6906 0.4159 756.dat
1 0 344.375 -112.636 -8.3626 0.0028 -0.5304 -0.8478 -0.7882 0.5206 -0.3283 -0.6155 -0.6691 0.4166 756.dat
1 0 342.739 -111.001 -10.3358 -0.0014 -0.5382 -0.8428 -0.7703 0.538 -0.3423 -0.6377 -0.6487 0.4153 756.dat
1 0 341.068 -109.299 -12.2694 -0.0051 -0.5443 -0.8389 -0.7525 0.5546 -0.3553 -0.6586 -0.6294 0.4123 756.dat
1 0 339.39 -107.555 -14.139 -0.0085 -0.5487 -0.836 -0.7346 0.5706 -0.3671 -0.6785 -0.611 0.4079 756.dat
1 0 337.686 -105.746 -15.974 -0.0114 -0.5518 -0.8339 -0.7167 0.5861 -0.378 -0.6973 -0.5933 0.4021 756.dat
1 0 336.003 -103.919 -17.7266 -0.0142 -0.5535 -0.8327 -0.6987 0.6012 -0.3877 -0.7152 -0.5764 0.3953 756.dat
1 0 334.3 -102.025 -19.449 -0.0167 -0.5539 -0.8324 -0.6805 0.6163 -0.3965 -0.7326 -0.5598 0.3872 756.dat
1 0 332.601 -100.087 -21.1191 -0.0192 -0.5532 -0.8328 -0.6619 0.6313 -0.4041 -0.7493 -0.5435 0.3783 756.dat
1 0 330.91 -98.1047 -22.7391 -0.0214 -0.5512 -0.8341 -0.6431 0.6464 -0.4107 -0.7655 -0.5276 0.3683 756.dat
1 0 329.25 -96.1017 -24.2889 -0.0238 -0.548 -0.8361 -0.6238 0.6617 -0.4159 -0.7812 -0.5117 0.3577 756.dat
1 0 327.58 -94.0215 -25.8126 -0.0262 -0.5435 -0.839 -0.6038 0.6775 -0.42 -0.7967 -0.4956 0.3459 756.dat
1 0 325.926 -91.8881 -27.2889 -0.0286 -0.5376 -0.8427 -0.5832 0.6937 -0.4227 -0.8118 -0.4794 0.3334 756.dat
1 0 324.312 -89.7272 -28.6978 -0.0312 -0.5302 -0.8473 -0.5618 0.7104 -0.4238 -0.8267 -0.4628 0.32 756.dat
1 0 322.722 -87.5062 -30.058 -0.0341 -0.5209 -0.8529 -0.5392 0.7281 -0.4231 -0.8415 -0.4455 0.3057 756.dat
1 0 321.139 -85.1907 -31.3864 -0.037 -0.5097 -0.8595 -0.5154 0.7467 -0.4206 -0.8562 -0.4274 0.2903 756.dat
1 0 319.635 -82.8691 -32.6244 -0.0405 -0.4962 -0.8673 -0.4902 0.7662 -0.4155 -0.8707 -0.4083 0.2743 756.dat
1 0 318.153 -80.4435 -33.822 -0.0441 -0.4799 -0.8762 -0.463 0.787 -0.4077 -0.8852 -0.3877 0.257 756.dat
1 0 316.747 -77.9745 -34.9386 -0.0483 -0.4604 -0.8864 -0.4337 0.8091 -0.3966 -0.8997 -0.3653 0.2387 756.dat
1 0 315.408 -75.4257 -35.9832 -0.0528 -0.4366 -0.8981 -0.4016 0.8327 -0.3812 -0.9143 -0.3406 0.2193 756.dat
1 0 314.153 -72.7943 -36.9458 -0.0576 -0.408 -0.9112 -0.3662 0.8577 -0.3609 -0.9287 -0.3129 0.1988 756.dat
1 0 313.022 -70.1152 -37.7997 -0.0628 -0.373 -0.9257 -0.3266 0.8841 -0.3341 -0.9431 -0.2814 0.1774 756.dat
1 0 312.005 -67.3155 -38.5543 -0.068 -0.3297 -0.9416 -0.2815 0.9118 -0.2989 -0.9572 -0.2447 0.1548 756.dat
1 0 311.154 -64.4367 -39.1759 -0.0726 -0.2763 -0.9583 -0.2299 0.9396 -0.2535 -0.9705 -0.2019 0.1318 756.dat
1 0 310.51 -61.49 -39.6398 -0.0759 -0.2101 -0.9747 -0.1702 0.9659 -0.195 -0.9825 -0.1511 0.109 756.dat
1 0 310.108 -58.4557 -39.9244 -0.0759 -0.1287 -0.9888 -0.1014 0.9875 -0.1207 -0.9919 -0.0911 0.088 756.dat
1 0 310.002 -55.4081 -39.9988 -0.0703 -0.0333 -0.997 -0.0256 0.9992 -0.0315 -0.9972 -0.0233 0.0711 756.dat
1 0 310 -52.358 -40 -0.059 0 -0.9983 -0 1 0 -0.9983 -0 0.059 756.dat
1 0 310 -49.293 -40 -0.0473 0 -0.9989 -0 1 0 -0.9989 -0 0.0473 756.dat
1 0 310 -46.234 -40 -0.0355 0 -0.9994 -0 1 0 -0.9994 -0 0.0355 756.dat
1 0 310 -43.1733 -40 -0.0237 0 -0.9997 -0 1 0 -0.9997 -0 0.0237 756.dat
1 0 310 -40.1084 -40 -0.012 0 -0.9999 -0 1 0 -0.9999 -0 0.012 756.dat
1 0 310 -35 -40 0 -0 -1 -0 -1 0 -1 0 0 755.dat
1 0 340 -8 -80 0 0 1 0 1 0 -1 0 0 60478.dat
1 0 340 -8 -40 0 0 -1 0 1 0 1 0 0 60478.dat
1 0 400 -8 -80 0 0 1 0 1 0 -1 0 0 60478.dat
1 0 400 -8 -40 0 0 -1 0 1 0 1 0 0 60478.dat
1 0 420 0 -110 1 0 0 0 1 0 0 0 1 4073.dat
1 0 420 0 -130 1 0 0 0 1 0 0 0 1 4073.dat
1 0 420 -16 -110 1 0 0 0 1 0 0 0 1 4073.dat
1 0 -180 -96 50 1 0 0 0 1 0 0 0 1 4073.dat
1 0 -180 -96 -130 1 0 0 0 1 0 0 0 1 4073.dat
1 0 360 -152 -70 1 0 0 0 1 0 0 0 1 4073.dat
1 0 380 -152 -70 1 0 0 0 1 0 0 0 1 4073.dat
1 0 40 -144 50 1 0 0 0 1 0 0 0 1 4073.dat
1 0 20 -144 50 1 0 0 0 1 0 0 0 1 4073.dat
1 0 -50 -184 10 1 0 0 0 1 0 0 0 1 6187.dat
1 71 270 -201.069 13.433 1 0 0 0 0.382683 0.92388 0 -0.92388 0.382683 2412b.dat
1 14 270 -198.008 6.041 -1 0 0 0 0.382683 -0.92388 0 -0.92388 -0.382683 60470b.dat
1 47 260 -194.946 -1.349 1 0 0 0 0.382683 0.92388 0 -0.92388 0.382683 4073.dat
1 47 280 -194.946 -1.349 1 0 0 0 0.382683 0.92388 0 -0.92388 0.382683 4073.dat
1 0 270 -184 10 1 0 0 0 1 0 0 0 1 6187.dat
1 0 200 -144 50 1 0 0 0 1 0 0 0 1 4073.dat
1 0 180 -144 50 1 0 0 0 1 0 0 0 1 4073.dat
1 0 420 -16 -130 1 0 0 0 1 0 0 0 1 4073.dat
1 0 100 -24 50 0 0 -1 0 1 0 1 0 0 4073.dat
1 0 120.001 -24 50 0 0 -1 0 1 0 1 0 0 4073.dat
1 15 110 0 20 1 0 0 0 1 0 0 0 1 3068b.dat
1 15 -170 -64 70 1 0 0 0 1 0 0 0 1 3245a.dat
1 15 -190 -88 50 1 0 0 0 1 0 0 0 1 3004.dat
1 15 50 -136 70 1 0 0 0 1 0 0 0 1 3004.dat
1 15 -190 -168 10 1 0 0 0 1 0 0 0 1 3004.dat
1 15 -170 -168 -10 1 0 0 0 1 0 0 0 1 32000.dat
1 15 -170 -168 -70 1 0 0 0 1 0 0 0 1 32000.dat
1 15 -200 -168 40 0 0 -1 0 1 0 1 0 0 3004.dat
1 15 -190 -168 -90 1 0 0 0 1 0 0 0 1 3004.dat
1 15 370 -144 70 1 0 0 0 1 0 0 0 1 3004.dat
1 15 170 -136 70 1 0 0 0 1 0 0 0 1 3004.dat
1 15 -180 -88 70 1 0 0 0 1 0 0 0 1 3622.dat
1 15 -160 -144 70 1 0 0 0 1 0 0 0 1 3622.dat
1 15 -200 -144 -40 0 0 -1 0 1 0 1 0 0 6112.dat
1 15 -180 -144 -40 0 0 -1 0 1 0 1 0 0 3666.dat
1 15 -180 -136 -40 0 0 -1 0 1 0 1 0 0 3710.dat
1 15 -180 -144 -90 1 0 0 0 1 0 0 0 1 6005.dat
1 15 -180 -144 10 -1 0 0 0 1 0 0 0 -1 6005.dat
1 15 400 -40 70 1 0 0 0 1 0 0 0 1 3622.dat
1 15 420 -40 10 1 0 0 0 1 0 0 0 1 3040b.dat
1 15 -200 -192 70 1 0 0 0 1 0 0 0 1 3040b.dat
1 15 -190 -248 -70 1 0 0 0 1 0 0 0 1 3684.dat
1 15 -190 -248 -10 -1 0 0 0 1 0 0 0 -1 3684.dat
1 15 400 -144 70 0 0 -1 0 1 0 1 0 0 3040b.dat
1 15 340 -40 110 0 0 -1 0 1 0 1 0 0 3040b.dat
1 15 400 -168 70 0 0 1 0 1 0 -1 0 0 3040b.dat
1 15 -20 -64 110 0 0 1 0 1 0 -1 0 0 3040b.dat
1 15 350 -136 50 1 0 0 0 1 0 0 0 1 85984.dat
1 15 -130 -136 50 1 0 0 0 1 0 0 0 1 85984.dat
1 15 420 -40 -70 -1 0 0 0 1 0 0 0 -1 4286.dat
1 15 420 -40 -70 0 0 -1 0 1 0 1 0 0 54200.dat
1 15 400 -168 70 0 0 -1 0 1 0 1 0 0 54200.dat
1 15 -20 -64 110 0 0 -1 0 1 0 1 0 0 54200.dat
1 15 -80 -88 110 0 0 1 0 1 0 -1 0 0 54200.dat
1 15 340 -40 110 0 0 1 0 1 0 -1 0 0 54200.dat
1 15 -200 -192 70 -1 0 0 0 1 0 0 0 -1 54200.dat
1 15 240 -88 110 0 0 1 0 1 0 -1 0 0 54200.dat
1 15 -120 -88 110 -1 0 0 0 1 0 0 0 -1 54200.dat
1 15 40 -40 90 -1 0 0 0 1 0 0 0 -1 54200.dat
1 15 300 -40 110 -1 0 0 0 1 0 0 0 -1 54200.dat
1 15 180 -16 110 -1 0 0 0 1 0 0 0 -1 54200.dat
1 15 420 -40 -90 0 0 1 0 1 0 -1 0 0 54200.dat
1 15 420 -40 -90 1 0 0 0 1 0 0 0 1 4286.dat
1 15 420 -64 50 1 0 0 0 1 0 0 0 1 4286.dat
1 15 -200 -168 -110 1 0 0 0 1 0 0 0 1 4286.dat
1 15 -200 -168 70 0 0 -1 0 1 0 1 0 0 4286.dat
1 15 420 -112 70 1 0 0 0 1 0 0 0 1 60481.dat
1 15 -200 -88 -130 0 0 1 0 1 0 -1 0 0 2357.dat
1 71 -200 -112 -140 0 0 -1 0 1 0 1 0 0 2877.dat
1 71 -200 -168 -60 0 0 -1 0 1 0 1 0 0 2877.dat
1 71 -200 -168 -20 0 0 -1 0 1 0 1 0 0 2877.dat
1 71 -180 -168 -40 0 0 -1 0 1 0 1 0 0 2877.dat
1 71 -200 -112 60 0 0 -1 0 1 0 1 0 0 2877.dat
1 71 420 -40 40 0 0 -1 0 1 0 1 0 0 2877.dat
1 71 -170 -112 70 1 0 0 0 1 0 0 0 1 2877.dat
1 71 60 -112 70 1 0 0 0 1 0 0 0 1 4460a.dat
1 71 110 -152 70 1 0 0 0 1 0 0 0 1 6636.dat
1 71 -90 -152 70 1 0 0 0 1 0 0 0 1 6636.dat
1 71 310 -152 70 1 0 0 0 1 0 0 0 1 6636.dat
1 71 -10 -152 60 1 0 0 0 1 0 0 0 1 87580.dat
1 71 10 -104 -60 1 0 0 0 1 0 0 0 1 87580.dat
1 72 10 -112 -60 1 0 0 0 1 0 0 0 1 4740.dat
1 71 -10 -152 100 1 0 0 0 1 0 0 0 1 87580.dat
1 71 230 -152 60 1 0 0 0 1 0 0 0 1 87580.dat
1 71 230 -168 80 1 0 0 0 1 0 0 0 1 Part 2.ldr
1 71 230 -152 100 1 0 0 0 1 0 0 0 1 87580.dat
1 71 -80 -120 50 0 0 1 0 1 0 -1 0 0 3045.dat
1 71 -90 -88 50 1 0 0 0 1 0 0 0 1 3660.dat
1 71 -90 -16 50 1 0 0 0 1 0 0 0 1 3660.dat
1 72 -90 -64 50 1 0 0 0 1 0 0 0 1 3678b.dat
1 71 160 -112 70 1 0 0 0 1 0 0 0 1 4460a.dat
1 71 420 -64 70 0 0 -1 0 1 0 1 0 0 60475b.dat
1 72 440 -60 70 0 0 -1 0 1 0 1 0 0 30258.dat
1 70 440 -64 70 0 0 -1 0 1 0 1 0 0 30374.dat
1 0 -180 -16 -130 0 0 -1 0 1 0 1 0 0 3062b.dat
1 0 -190 -200 -40 0 0 -1 0 1 0 1 0 0 6143.dat
1 0 -190 -288 -40 -0.608761 0 -0.793353 0 1 0 0.793353 0 -0.608761 6143.dat
1 0 -159.321 -331.866 -79.981 0.304381 0.527203 -0.793353 0.866025 -0.5 0 -0.396677 -0.687064 -0.608761 6143.dat
1 71 -163.235 -327 -74.881 0.304381 0.527203 -0.793353 0.866025 -0.5 0 -0.396677 -0.687064 -0.608761 4285b.dat
1 72 -206.221 -317 -18.86 -0.793353 -0.304381 0.527203 0 0.866025 0.5 -0.608761 0.396677 -0.687064 59443.dat
1 14 -236.272 -345.5 20.303 -0.793353 -0.304381 0.527203 0 0.866025 0.5 -0.608761 0.396677 -0.687064 32123a.dat
1 28 -224.146 -334 4.5 -0.527203 -0.304381 -0.793353 -0.5 0.866025 0 0.687064 0.396677 -0.608761 6587.dat
1 72 -244.179 -353 30.608 -0.793353 0.527203 0.304381 0 0.5 -0.866025 -0.608761 -0.687064 -0.396677 2569.dat
1 0 -220.679 -331.866 -0.019 -0.304381 -0.527203 0.793353 0.866025 -0.5 0 0.396677 0.687064 0.608761 6143.dat
1 71 -216.765 -327 -5.119 -0.304381 -0.527203 0.793353 0.866025 -0.5 0 0.396677 0.687064 0.608761 4285b.dat
1 0 -80 -96 40 0 0 -1 0 1 0 1 0 0 2540.dat
1 0 370 -152 -90 1 0 0 0 1 0 0 0 1 2540.dat
1 0 -100 -96 40 0 0 1 0 1 0 -1 0 0 2540.dat
1 0 -180 -46 -130 1 0 0 0 0 -1 0 1 0 4349.dat
1 46 -180 -24 -130 0 0 -1 0 1 0 1 0 0 4073.dat
1 0 380 -64 70 0 0 -1 0 1 0 1 0 0 3062b.dat
1 0 380 -112 70 0 0 -1 0 1 0 1 0 0 64644.dat
1 0 400 -112 70 0 0 -1 0 1 0 1 0 0 64644.dat
1 46 380 -72 70 0 0 -1 0 1 0 1 0 0 4073.dat
1 46 -80 -128 50 0 0 -1 0 1 0 1 0 0 4073.dat
1 71 -20 -120 50 1 0 0 0 1 0 0 0 1 3045.dat
1 71 -50 -136 40 1 0 0 0 1 0 0 0 1 32059.dat
1 71 -180 -176 -90 1 0 0 0 1 0 0 0 1 2450.dat
1 71 -160 -158 -50 0 0 -1 0 1 0 1 0 0 32073.dat
1 72 -160 -158 -110 0 1 0 1 0 0 0 0 -1 32013.dat
1 71 -180 -176 10 0 0 -1 0 1 0 1 0 0 2450.dat
1 71 270 -136 40 1 0 0 0 1 0 0 0 1 32059.dat
1 71 180 -136 50 1 0 0 0 1 0 0 0 1 4070.dat
1 71 40 -136 50 1 0 0 0 1 0 0 0 1 4070.dat
1 71 -140 -136 50 1 0 0 0 1 0 0 0 1 4070.dat
1 71 360 -136 50 1 0 0 0 1 0 0 0 1 4070.dat
1 71 -10 -88 50 1 0 0 0 1 0 0 0 1 3660.dat
1 71 -10 -16 50 1 0 0 0 1 0 0 0 1 3660.dat
1 72 -10 -64 50 1 0 0 0 1 0 0 0 1 3678b.dat
1 0 0 -96 40 0 0 -1 0 1 0 1 0 0 2540.dat
1 0 100 -91 30 -1 0 0 0 -0.207912 -0.978148 0 -0.978148 0.207912 57899.dat
1 0 120 -71.321 15.342 -1 0 0 0 -0.207912 -0.978148 0 -0.978148 0.207912 58247.dat
1 0 140 -71.321 15.342 -1 0 0 0 -0.207912 -0.978148 0 -0.978148 0.207912 58247.dat
1 0 80 -91 30 -1 0 0 0 -0.207912 -0.978148 0 -0.978148 0.207912 57899.dat
1 0 90 -128 70 -1 0 0 0 1 0 0 0 -1 2540.dat
1 0 130 -128 70 -1 0 0 0 1 0 0 0 -1 2540.dat
1 0 -20 -96 40 0 0 1 0 1 0 -1 0 0 2540.dat
1 46 -20 -128 50 0 0 -1 0 1 0 1 0 0 4073.dat
1 46 340 -144 70 0 0 -1 0 1 0 1 0 0 4073.dat
1 46 -120 -144 70 0 0 -1 0 1 0 1 0 0 4073.dat
1 47 -140 -126 36 0 0 -1 -1 0 0 0 1 0 4073.dat
1 47 180 -126 36 0 0 -1 -1 0 0 0 1 0 4073.dat
1 0 400 -64 70 0 0 -1 0 1 0 1 0 0 3062b.dat
1 46 400 -72 70 0 0 -1 0 1 0 1 0 0 4073.dat
1 0 -180 -16 50 0 0 1 0 1 0 -1 0 0 3062b.dat
1 0 -180 -46 50 -1 0 0 0 0 -1 0 -1 0 4349.dat
1 46 -180 -24 50 0 0 1 0 1 0 -1 0 0 4073.dat
1 15 -200 -64 60 0 0 -1 0 1 0 1 0 0 3245a.dat
1 15 -200 -64 -140 0 0 -1 0 1 0 1 0 0 3245a.dat
1 33 110 0 -70 1 0 0 0 1 0 0 0 1 3023.dat
1 33 110 0 -10 1 0 0 0 1 0 0 0 1 3023.dat
1 0 -90 0 -20 0 0 -1 0 1 0 1 0 0 3680.dat
1 0 -190 -264 -40 0 0 -1 0 1 0 1 0 0 3680.dat
1 71 -190 -264 -40 -0.608761 0 -0.793353 0 1 0 0.793353 0 -0.608761 3679.dat
1 71 -190 -302 -40 0.608761 -0.793353 0 0 0 1 -0.793353 -0.608761 0 57585.dat
1 71 -90 0 -20 -0.92388 0 -0.382683 0 1 0 0.382683 0 -0.92388 3679.dat
1 72 -90 -8 -20 -0.92388 0 -0.382683 0 1 0 0.382683 0 -0.92388 4032b.dat
1 0 -90 -16 -20 -0.92388 0 -0.382683 0 1 0 0.382683 0 -0.92388 4079.dat
1 15 -160 -148 -50 1 0 0 0 -1 0 0 0 -1 6541.dat
1 15 -160 -140 -50 1 0 0 0 -1 0 0 0 -1 3957a.dat
1 15 -160 -148 -30 1 0 0 0 -1 0 0 0 -1 6541.dat
1 15 -160 -140 -30 1 0 0 0 -1 0 0 0 -1 3957a.dat
0
0 FILE Part 4.ldr
0 Part 4
0 Name: Part 4.ldr
0 Author: LDraw
0 Unofficial Model
0 ROTATION CENTER 0 0 0 1 "Custom" 
0 ROTATION CONFIG 0 0
1 72 -50 8 -20 1 0 0 0 1 0 0 0 1 3830.dat
1 72 -50 -96 -20 1 0 0 0 1 0 0 0 1 2430.dat
1 0 -20 8 10 1 0 0 0 1 0 0 0 1 3062b.dat
1 0 -20 -22 10 0 1 0 0 0 -1 -1 0 0 4349.dat
1 0 40 -14 564 -1 0 0 0 0 -1 0 -1 0 4349.dat
1 46 -20 0 10 1 0 0 0 1 0 0 0 1 4073.dat
1 15 110 32 460 0 0 1 0 1 0 -1 0 0 92438.dat
1 15 -10 32 560 0 0 1 0 1 0 -1 0 0 3032.dat
1 47 40 8 564 0 0 1 0 1 0 -1 0 0 4073.dat
1 15 110 32 140 0 0 1 0 1 0 -1 0 0 92438.dat
1 15 290 32 300 1 0 0 0 1 0 0 0 1 3832.dat
1 15 230 32 540 1 0 0 0 1 0 0 0 1 3020.dat
1 15 170 -40 -10 1 0 0 0 1 0 0 0 1 3245a.dat
1 15 170 -88 610 1 0 0 0 1 0 0 0 1 3245a.dat
1 15 70 -120 -10 1 0 0 0 1 0 0 0 1 6112.dat
1 15 180 -216 140 0 0 -1 0 1 0 1 0 0 3008.dat
1 15 160 -216 140 0 0 -1 0 1 0 1 0 0 3710.dat
1 15 200 -216 120 0 0 -1 0 1 0 1 0 0 85984.dat
1 15 180 -240 120 0 0 -1 0 1 0 1 0 0 85984.dat
1 15 160 -216 160 0 0 1 0 1 0 -1 0 0 85984.dat
1 15 180 -240 160 0 0 1 0 1 0 -1 0 0 85984.dat
1 15 180 -240 160 0 0 -1 0 1 0 1 0 0 3039.dat
1 15 180 -240 120 0 0 1 0 1 0 -1 0 0 3039.dat
1 15 200 -216 140 0 0 -1 0 1 0 1 0 0 3710.dat
1 15 200 -208 140 0 0 -1 0 1 0 1 0 0 3023.dat
1 15 160 -208 140 0 0 -1 0 1 0 1 0 0 3023.dat
1 15 70 -120 10 1 0 0 0 1 0 0 0 1 3666.dat
1 15 0 -120 10 0 0 1 0 1 0 -1 0 0 6005.dat
1 15 120 -120 10 0 0 -1 0 1 0 1 0 0 6005.dat
1 15 180 -136 420 0 0 -1 0 1 0 1 0 0 3666.dat
1 15 180 -144 350 1 0 0 0 1 0 0 0 1 6005.dat
1 15 180 -144 490 -1 0 0 0 1 0 0 0 -1 6005.dat
1 15 160 -216 110 1 0 0 0 1 0 0 0 1 6005.dat
