0 FILE Clone Troopers Battle Pack.ldr
0 Clone Troopers Battle Pack
0 Name: Clone Troopers Battle Pack.ldr
0 Author: LDraw
0 Unofficial Model
0 ROTATION CENTER 0 0 0 1 "Custom" 
0 ROTATION CONFIG 0 0
1 0 -685.149 160 106.035 0 0 1 0 1 0 -1 0 0 Clone.ldr
1 0 -638.149 160 29.035 0 0 1 0 1 0 -1 0 0 Bomb Clone.ldr
1 0 -585.149 160 -50.965 0 0 1 0 1 0 -1 0 0 Bomb Clone 2.ldr
1 0 -742.149 160 169.035 0 0 1 0 1 0 -1 0 0 ARF.ldr
1 0 -545.057 152 166.092 0.707107 0 0.707107 0 1 0 -0.707107 0 0.707107 Part 1.ldr
0
0 FILE Clone.ldr
0 Clone
0 Name: Clone.ldr
0 Author: LDraw
0 Unofficial Model
0 ROTATION CENTER 0 0 0 1 "Custom" 
0 ROTATION CONFIG 0 0
1 15 0 -24 0 1 0 0 0 1 0 0 0 1 30408p01.dat
1 78 0 -24 0 1 0 0 0 1 0 0 0 1 3626bp01.dat
1 15 0 0 0 1 0 0 0 1 0 0 0 1 973psu.dat
1 0 0 32 0 1 0 0 0 1 0 0 0 1 3815.dat
1 15 -15.552 9 0 0.985 -0.17 0 0.17 0.985 0 0 0 1 3818.dat
1 15 15.552 9 0 0.985 0.17 0 -0.17 0.985 0 0 0 1 3819.dat
1 0 -23.8634 26.5956 -10.321 0.985 -0.12019 0.12019 0.17 0.696395 -0.696395 0 0.707 0.707 3820.dat
1 0 23.8634 26.5956 -10.321 0.985 0.12019 -0.12019 -0.17 0.696395 -0.696395 0 0.707 0.707 3820.dat
1 0 -24.6826 31.3422 -19.2547 0.985 -0.0874983 0.14567 0.17 0.506976 -0.844031 0 0.856884 0.514696 61190a.dat
1 0 24.6826 31.3422 -19.2547 0.985 0.0874983 -0.14567 -0.17 0.506976 -0.844031 0 0.856884 0.514696 61190a.dat
1 15 0 44 0 1 0 0 0 1 0 0 0 1 3816.dat
1 15 0 44 0 1 0 0 0 1 0 0 0 1 3817.dat
0
0 FILE Bomb Clone.ldr
0 Bomb Clone
0 Name: Bomb Clone.ldr
0 Author: LDraw
0 Unofficial Model
0 ROTATION CENTER 0 0 0 1 "Custom" 
0 ROTATION CONFIG 0 0
1 15 0 -24 0 1 0 0 0 1 0 0 0 1 30408p01.dat
1 78 0 -24 0 1 0 0 0 1 0 0 0 1 3626bp01.dat
1 15 0 0 0 1 0 0 0 1 0 0 0 1 973.dat
1 0 0 32 0 1 0 0 0 1 0 0 0 1 3815.dat
1 25 -15.552 9 0 0.985 -0.17 0 0.17 0.985 0 0 0 1 3818.dat
1 25 15.552 9 0 0.985 0.17 0 -0.17 0.985 0 0 0 1 3819.dat
1 0 -23.8634 26.5956 -10.321 0.985 -0.12019 0.12019 0.17 0.696395 -0.696395 0 0.707 0.707 3820.dat
1 0 23.8634 26.5956 -10.321 0.985 0.12019 -0.12019 -0.17 0.696395 -0.696395 0 0.707 0.707 3820.dat
1 0 -24.6826 31.3422 -19.2547 0.985 -0.0874983 0.14567 0.17 0.506976 -0.844031 0 0.856884 0.514696 58247.dat
1 15 0 44 0 1 0 0 0 1 0 0 0 1 3816.dat
1 15 0 44 0 1 0 0 0 1 0 0 0 1 3817.dat
0
0 FILE Bomb Clone 2.ldr
0 Bomb Clone 2
0 Name: Bomb Clone 2.ldr
0 Author: LDraw
0 Unofficial Model
0 ROTATION CENTER 0 0 0 1 "Custom" 
0 ROTATION CONFIG 0 0
1 15 0 -24 0 1 0 0 0 1 0 0 0 1 30408p01.dat
1 78 0 -24 0 1 0 0 0 1 0 0 0 1 3626bp01.dat
1 15 0 0 0 1 0 0 0 1 0 0 0 1 973psu.dat
1 0 0 32 0 1 0 0 0 1 0 0 0 1 3815.dat
1 25 -15.552 9 0 0.985 -0.17 0 0.15706 0.910021 0.382683 -0.0650562 -0.376943 0.92388 3818.dat
1 25 15.552 9 0 0.985 0.17 0 -0.17 0.985 0 0 0 1 3819.dat
1 0 -23.863 21.307 -16.269 0.985 -0.12019 0.12019 0.15706 0.913942 -0.372828 -0.0650562 0.386684 0.919682 3820.dat
1 0 23.8634 26.5956 -10.321 0.985 0.12019 -0.12019 -0.17 0.696395 -0.696395 0 0.707 0.707 3820.dat
1 0 -24.683 12.678 -36.436 0.985 -0.0874983 0.14567 0.15706 0.7963 -0.582817 -0.0650562 0.597646 0.798514 57899.dat
1 15 0 44 0 1 0 0 0 1 0 0 0 1 3816.dat
1 15 0 44 0 1 0 0 0 1 0 0 0 1 3817.dat
0
0 FILE ARF.ldr
0 ARF
0 Name: ARF.ldr
0 Author: LDraw
0 Unofficial Model
0 ROTATION CENTER 0 0 0 1 "Custom" 
0 ROTATION CONFIG 0 0
1 15 0 -24 0 1 0 0 0 1 0 0 0 1 30369.dat
1 78 0 -24 0 1 0 0 0 1 0 0 0 1 3626bp01.dat
1 15 0 0 0 1 0 0 0 1 0 0 0 1 973psu.dat
1 0 0 32 0 1 0 0 0 1 0 0 0 1 3815.dat
1 15 -15.552 9 0 0.985 -0.169353 -0.0148165 0.17 0.981252 0.0858484 0 -0.0871557 0.996195 3818.dat
1 15 15.552 9 0 0.985 0.17 0 -0.17 0.985 0 0 0 1 3819.dat
1 0 -23.6983 25.6392 -11.9169 0.985 -0.130208 0.109257 0.17 0.75444 -0.63305 0 0.642691 0.765929 3820.dat
1 0 23.8634 26.5956 -10.321 0.985 0.12019 -0.12019 -0.17 0.696395 -0.696395 0 0.707 0.707 3820.dat
1 0 -22.6844 19.7645 -34.9855 0.985 -0.0998614 0.13749 0.17 0.578608 -0.796633 0 0.808765 0.58742 57899.dat
1 15 0 44 0 1 0 0 0 1 0 0 0 1 3816.dat
1 15 0 44 0 1 0 0 0 1 0 0 0 1 3817.dat
0
0 FILE Part 1.ldr
0 Part 1
0 Name: Part 1.ldr
0 Author: LDraw
0 Unofficial Model
0 ROTATION CENTER 0 0 0 1 "Custom" 
0 ROTATION CONFIG 0 0
1 15 10 8 0 1 0 0 0 1 0 0 0 1 2445.dat
1 15 93.581 -6 -74.225 0 -0.173648 0.984808 -1 0 0 0 -0.984808 -0.173648 6120.dat
1 15 -50 -32 0 0 0 1 0 1 0 -1 0 0 61678.dat
1 15 90 -48 0 0 0 -1 0 1 0 1 0 0 61678.dat
1 15 -110 -8 -10 1 0 0 0 1 0 0 0 1 6636.dat
1 15 -110 -8 10 1 0 0 0 1 0 0 0 1 6636.dat
1 15 70 16 0 0 0 -1 0 1 0 1 0 0 4287.dat
1 71 50 16 0 0 0 1 0 1 0 -1 0 0 3665.dat
1 71 93 -6 -66 0.984808 -0.173648 0 0 0 1 -0.173648 -0.984808 0 2555.dat
1 15 93.581 -6 74.775 0 -0.173648 0.984808 1 0 0 0 0.984808 0.173648 6120.dat
1 71 93 -6 66.55 0.984808 -0.173648 0 0 0 -1 0.173648 0.984808 0 2555.dat
1 15 -130.419 0 44.775 0 -0.173648 0.984808 1 0 0 0 0.984808 0.173648 6120.dat
1 71 -131 0 36.55 0.984808 -0.173648 0 0 0 -1 0.173648 0.984808 0 2555.dat
1 15 -130.419 0 -45.225 0 -0.173648 0.984808 -1 0 0 0 -0.984808 -0.173648 6120.dat
1 71 -131 0 -37 0.984808 -0.173648 0 0 0 1 -0.173648 -0.984808 0 2555.dat
1 15 150 8 0 1 0 0 0 1 0 0 0 1 3023.dat
1 15 70 -24 0 1 0 0 0 1 0 0 0 1 3022.dat
1 72 -150 0 0 1 0 0 0 1 0 0 0 1 3022.dat
1 72 20 0 0 1 0 0 0 1 0 0 0 1 3021.dat
1 15 -120 16 0 1 0 0 0 1 0 0 0 1 3021.dat
1 15 -180 -8 0 0 0 1 0 1 0 -1 0 0 2432.dat
1 72 40 -32 0 0 0 1 0 1 0 -1 0 0 2432.dat
1 72 120 -24 0 0 0 -1 0 1 0 1 0 0 4286.dat
1 72 52 -6 -40 0 1 0 0 0 1 1 0 0 61409.dat
1 72 -160 8 0 0 0 -1 0 1 0 1 0 0 3023.dat
1 0 -160 16 0 0 0 1 0 1 0 -1 0 0 3839b.dat
1 0 100 -36 -40 0 0.461749 0.887011 0 -0.887011 0.461749 1 0 0 30088.dat
1 0 100 -36 40 0 0.461749 0.887011 0 -0.887011 0.461749 1 0 0 30088.dat
1 0 -30 -2 -27 0 0 -1 0 -1 0 -1 0 0 30377.dat
1 0 -17 -42 -15 -1 0 0 0 0 -1 0 -1 0 4599b.dat
1 0 -30 -2 27 0 0 -1 0 -1 0 -1 0 0 30377.dat
1 0 -17 -42 15 1 0 0 0 0 -1 0 1 0 4599b.dat
1 2 -70 0 0 1 0 0 0 1 0 0 0 1 3795.dat
1 2 150 0 0 1 0 0 0 1 0 0 0 1 3023.dat
1 2 70 -16 -10 1 0 0 0 1 0 0 0 1 32064b.dat
1 2 70 -16 10 1 0 0 0 1 0 0 0 1 32064b.dat
1 2 120 0 0 0 0 -1 0 1 0 1 0 0 3794a.dat
1 2 80 -32 0 0 0 -1 0 1 0 1 0 0 3794a.dat
1 15 60 -32 0 0 0 -1 0 1 0 1 0 0 3794a.dat
1 15 -20 -16 0 0 0 -1 0 1 0 1 0 0 3794a.dat
1 15 -40 -16 0 0 0 -1 0 1 0 1 0 0 3794a.dat
1 71 -30 -8 0 0 0 -1 0 1 0 1 0 0 4600.dat
1 71 -20 -24 0 0 0 -1 0 1 0 1 0 0 3024.dat
1 71 60 -40 0 0 0 -1 0 1 0 1 0 0 3024.dat
1 71 52 4 -40 0 1 0 0 0 1 1 0 0 3024.dat
1 15 52 -16 -40 0 1 0 0 0 1 1 0 0 60897.dat
1 15 108 -6 -40 0 1 0 1 0 0 0 0 -1 3023.dat
1 15 84 -6 -40 0 1 0 -1 0 0 0 0 1 30236.dat
1 15 60 -6 -40 0 1 0 1 0 0 0 0 -1 32064a.dat
1 72 52 -6 40 0 1 0 0 0 1 1 0 0 61409.dat
1 71 52 4 40 0 1 0 0 0 1 1 0 0 3024.dat
1 15 52 -16 40 0 1 0 0 0 1 1 0 0 60897.dat
1 15 108 -6 40 0 1 0 1 0 0 0 0 -1 3023.dat
1 15 84 -6 40 0 1 0 1 0 0 0 0 -1 30236.dat
1 15 60 -6 40 0 1 0 1 0 0 0 0 -1 32064a.dat
1 71 -130 8 -10 1 0 0 0 1 0 0 0 1 88072.dat
1 71 -130 8 10 -1 0 0 0 1 0 0 0 -1 88072.dat
1 71 -150 24 0 -1 0 0 0 1 0 0 0 -1 3020.dat
1 71 -150 32 0 -1 0 0 0 1 0 0 0 -1 2654.dat
1 71 70 -6 0 0 1 0 0 0 1 1 0 0 32073.dat
1 72 110 -6 -25 0 0 -1 -1 0 0 0 1 0 6632.dat
1 72 110 -6 25 0 0 -1 -1 0 0 0 1 0 6632.dat
1 2 100 0 0 0 0 -1 0 1 0 1 0 0 3794a.dat
1 2 100 -24 0 0 0 -1 0 1 0 1 0 0 3005.dat
0
0
