0 Untitled
0 Name: 7953 Court Jester.ldr
0 Author: ClydeBum
0 Unofficial Model
0 ROTATION CENTER 0 0 0 1 "Custom" 
0 ROTATION CONFIG 0 0
1 70 -50 0 30 1 0 0 0 1 0 0 0 1 3062b.dat
1 70 -50 0 -30 1 0 0 0 1 0 0 0 1 3062b.dat
1 70 50 0 30 1 0 0 0 1 0 0 0 1 3062b.dat
1 70 50 0 -30 1 0 0 0 1 0 0 0 1 3062b.dat
1 70 0 -8 0 1 0 0 0 1 0 0 0 1 3032.dat
1 4 -50 -80 30 1 0 0 0 1 0 0 0 1 4460.dat
1 4 50 -80 30 1 0 0 0 1 0 0 0 1 4460.dat
1 15 -50 -104 30 1 0 0 0 1 0 0 0 1 3062b.dat
1 15 50 -104 30 1 0 0 0 1 0 0 0 1 3062b.dat
1 4 -50 -128 30 1 0 0 0 1 0 0 0 1 3062b.dat
1 4 50 -128 30 1 0 0 0 1 0 0 0 1 3062b.dat
1 4 0 -136 30 1 0 0 0 1 0 0 0 1 3666.dat
1 297 10 -160 30 0 0 1 0 1 0 -1 0 0 4495b.dat
1 4 -10 -160 30 0 0 -1 0 1 0 1 0 0 4495b.dat
1 4 0 -184 30 1 0 0 0 1 0 0 0 1 3048.dat
0 WRITE 
1 15 0 -104 -30 1 0 0 0 1 0 0 0 1 62537p03.dat
1 14 0 -104 -30 1 0 0 0 1 0 0 0 1 3626cpm2.dat
1 4 0 -80 -30 1 0 0 0 1 0 0 0 1 973p4l.dat
1 15 0 -48 -30 1 0 0 0 1 0 0 0 1 3815.dat
1 15 -15.552 -71 -30 0.985 -0.16495 -0.0411267 0.17 0.955741 0.238293 0 -0.241922 0.970296 3818.dat
1 4 15.552 -71 -30 0.985 0.166877 0.0324375 -0.17 0.966903 0.187947 0 -0.190809 0.981627 3819.dat
1 14 -23.3442 -56.4128 -44.553 0.985 -0.145696 0.0875433 0.17 0.844182 -0.507236 0 0.51496 0.857038 3820.dat
1 14 23.47 -55.6837 -43.711 0.985 0.140915 -0.0950484 -0.17 0.816479 -0.550722 0 0.559108 0.828912 3820.dat
1 15 -22.7716 -59.936 -61.387 0.985 -0.12014 0.120175 0.17 0.696106 -0.696311 0 0.706915 0.706706 4073.dat
1 1 20.984 -70.703 -65.4 0.985 0.113686 -0.126298 -0.158709 0.881202 -0.443528 0.0609226 0.457526 0.886573 6141.dat
1 4 -4.016 -118.703 -67.4 0.400636 -0.632462 -0.662295 -0.17 0.65871 -0.731788 0.899842 0.406035 0.156623 6141.dat
1 4 0 -36 -30 1 0 0 0 1 0 0 0 1 3816.dat
1 15 0 -36 -30 1 0 0 0 0.707107 0.707107 0 -0.707107 0.707107 3817.dat
0
