0 FILE Part 1.ldr
0 Part 1
0 Name: Part 1.ldr
0 Author: R Paluczak
0 Unofficial Model
0 ROTATION CENTER 0 0 0 1 "Custom" 
0 ROTATION CONFIG 0 0
1 2 -4 78.34 -37.259 -0.830499 0 -0.557021 0.557021 0 -0.830499 0 -1 0 6632.dat
1 2 -4 78.34 12.741 -0.830499 0 -0.557021 0.557021 0 -0.830499 0 -1 0 6632.dat
1 2 7.136 94.959 -27.259 -0.830499 0 -0.557021 0.557021 0 -0.830499 0 -1 0 32065.dat
1 2 29.421 128.169 -37.259 -0.557021 0 0.830499 -0.830499 0 -0.557021 0 -1 0 2905.dat
1 0 20.084 98.968 -67.371 -1.5207 41 0 -1.299 -47.9999 -0.0035 -0.0023 -0.0838 2 LS11.dat
1 0 20.084 98.968 -67.371 1.4455 -0.8523 0 1.3822 0.8913 -0.0035 0.0024 0.0016 2 LS11.dat
1 0 19.387 99.698 -67.369 1.2817 -0.9467 0 1.5354 0.7903 -0.0035 0.0027 0.0014 2 LS11.dat
1 0 18.612 100.345 -67.368 1.1017 -1.0292 0 1.6692 0.6793 -0.0035 0.0029 0.0012 2 LS11.dat
1 0 17.77 100.901 -67.367 0.9079 -1.0988 0 1.7821 0.5598 -0.0035 0.0031 0.001 2 LS11.dat
1 0 16.87 101.359 -67.367 0.7027 -1.1546 0 1.8725 0.4333 -0.0035 0.0033 0.0008 2 LS11.dat
1 0 15.926 101.713 -67.366 0.4886 -1.1958 0 1.9394 0.3013 -0.0035 0.0034 0.0005 2 LS11.dat
1 0 14.947 101.96 -67.366 0.2684 -1.222 0 1.9819 0.1655 -0.0035 0.0035 0.0003 2 LS11.dat
1 0 13.947 102.095 -67.365 0.0448 -1.2329 0 1.9995 0.0276 -0.0035 0.0035 0 2 LS11.dat
1 0 12.938 102.118 -67.365 -0.1794 -1.2282 0 1.9919 -0.1106 -0.0035 0.0035 -0.0002 2 LS11.dat
1 0 11.933 102.027 -67.366 -0.4013 -1.2081 0 1.9593 -0.2474 -0.0035 0.0034 -0.0004 2 LS11.dat
1 0 10.944 101.825 -67.366 -0.6181 -1.1728 0 1.9021 -0.3811 -0.0035 0.0033 -0.0007 2 LS11.dat
1 0 9.984 101.513 -67.366 -0.8272 -1.1228 0 1.8209 -0.5101 -0.0035 0.0032 -0.0009 2 LS11.dat
1 0 9.065 101.096 -67.367 -1.0259 -1.0586 0 1.7168 -0.6326 -0.0035 0.003 -0.0011 2 LS11.dat
1 0 8.199 100.578 -67.368 -1.2117 -0.9811 0 1.5912 -0.7471 -0.0035 0.0028 -0.0013 2 LS11.dat
1 0 7.396 99.966 -67.369 -1.3822 -0.8913 0 1.4455 -0.8523 -0.0035 0.0025 -0.0015 2 LS11.dat
1 0 6.666 99.269 -67.37 -1.5354 -0.7903 0 1.2817 -0.9467 -0.0035 0.0022 -0.0017 2 LS11.dat
1 0 6.019 98.494 -67.372 -1.6692 -0.6793 0 1.1017 -1.0292 -0.0035 0.0019 -0.0018 2 LS11.dat
1 0 5.463 97.652 -67.373 -1.7821 -0.5598 0 0.9079 -1.0988 -0.0035 0.0016 -0.0019 2 LS11.dat
1 0 5.005 96.752 -67.375 -1.8725 -0.4333 0 0.7027 -1.1546 -0.0035 0.0012 -0.002 2 LS11.dat
1 0 4.651 95.808 -67.376 -1.9394 -0.3013 0 0.4886 -1.1958 -0.0035 0.0009 -0.0021 2 LS11.dat
1 0 4.404 94.829 -67.378 -1.9819 -0.1655 0 0.2684 -1.222 -0.0035 0.0005 -0.0021 2 LS11.dat
1 0 4.269 93.829 -67.38 -1.9995 -0.0276 0 0.0448 -1.2329 -0.0035 0.0001 -0.0022 2 LS11.dat
1 0 4.246 92.82 -67.381 -1.9919 0.1106 0 -0.1794 -1.2282 -0.0035 -0.0003 -0.0021 2 LS11.dat
1 0 4.337 91.815 -67.383 -1.9593 0.2474 0 -0.4013 -1.2081 -0.0035 -0.0007 -0.0021 2 LS11.dat
1 0 4.539 90.826 -67.385 -1.9021 0.3811 0 -0.6181 -1.1728 -0.0035 -0.0011 -0.002 2 LS11.dat
1 0 4.851 89.866 -67.387 -1.8209 0.5101 0 -0.8272 -1.1228 -0.0035 -0.0014 -0.002 2 LS11.dat
1 0 5.269 88.947 -67.388 -1.7168 0.6326 0 -1.0259 -1.0586 -0.0035 -0.0018 -0.0018 2 LS11.dat
1 0 5.786 88.081 -67.39 -1.5912 1.2898 0 -1.2117 -1.6937 -0.0035 -0.0021 -0.003 2 LS11.dat
1 0 47.398 39.278 -67.475 1.5207 -41 0 1.299 47.9999 -0.0035 0.0023 0.0838 2 LS11.dat
1 0 47.398 39.278 -67.475 -1.4455 0.8523 0 -1.3822 -0.8913 -0.0035 -0.0024 -0.0016 2 LS11.dat
1 0 48.095 38.548 -67.476 -1.2817 0.9467 0 -1.5354 -0.7903 -0.0035 -0.0027 -0.0014 2 LS11.dat
1 0 48.87 37.902 -67.477 -1.1017 1.0292 0 -1.6692 -0.6793 -0.0035 -0.0029 -0.0012 2 LS11.dat
1 0 49.712 37.346 -67.478 -0.9079 1.0988 0 -1.7821 -0.5598 -0.0035 -0.0031 -0.001 2 LS11.dat
1 0 50.612 36.887 -67.479 -0.7027 1.1546 0 -1.8725 -0.4333 -0.0035 -0.0033 -0.0008 2 LS11.dat
1 0 51.557 36.533 -67.48 -0.4886 1.1958 0 -1.9394 -0.3013 -0.0035 -0.0034 -0.0005 2 LS11.dat
1 0 52.535 36.286 -67.48 -0.2684 1.222 0 -1.9819 -0.1655 -0.0035 -0.0035 -0.0003 2 LS11.dat
1 0 53.535 36.151 -67.48 -0.0448 1.2329 0 -1.9995 -0.0276 -0.0035 -0.0035 0 2 LS11.dat
1 0 54.544 36.128 -67.48 0.1794 1.2282 0 -1.9919 0.1106 -0.0035 -0.0035 0.0002 2 LS11.dat
1 0 55.55 36.219 -67.48 0.4013 1.2081 0 -1.9593 0.2474 -0.0035 -0.0034 0.0004 2 LS11.dat
1 0 56.538 36.421 -67.48 0.6181 1.1728 0 -1.9021 0.3811 -0.0035 -0.0033 0.0007 2 LS11.dat
1 0 57.498 36.733 -67.479 0.8272 1.1228 0 -1.8209 0.5101 -0.0035 -0.0032 0.0009 2 LS11.dat
1 0 58.417 37.151 -67.479 1.0259 1.0586 0 -1.7168 0.6326 -0.0035 -0.003 0.0011 2 LS11.dat
1 0 59.283 37.668 -67.478 1.2117 0.9811 0 -1.5912 0.7471 -0.0035 -0.0028 0.0013 2 LS11.dat
1 0 60.086 38.28 -67.477 1.3822 0.8913 0 -1.4455 0.8523 -0.0035 -0.0025 0.0015 2 LS11.dat
1 0 60.816 38.977 -67.475 1.5354 0.7903 0 -1.2817 0.9467 -0.0035 -0.0022 0.0017 2 LS11.dat
1 0 61.463 39.752 -67.474 1.6692 0.6793 0 -1.1017 1.0292 -0.0035 -0.0019 0.0018 2 LS11.dat
1 0 62.019 40.594 -67.473 1.7821 0.5598 0 -0.9079 1.0988 -0.0035 -0.0016 0.0019 2 LS11.dat
1 0 62.477 41.494 -67.471 1.8725 0.4333 0 -0.7027 1.1546 -0.0035 -0.0012 0.002 2 LS11.dat
1 0 62.831 42.439 -67.469 1.9394 0.3013 0 -0.4886 1.1958 -0.0035 -0.0009 0.0021 2 LS11.dat
1 0 63.078 43.417 -67.468 1.9819 0.1655 0 -0.2684 1.222 -0.0035 -0.0005 0.0021 2 LS11.dat
1 0 63.213 44.418 -67.466 1.9995 0.0276 0 -0.0448 1.2329 -0.0035 -0.0001 0.0022 2 LS11.dat
1 0 63.236 45.427 -67.464 1.9919 -0.1106 0 0.1794 1.2282 -0.0035 0.0003 0.0021 2 LS11.dat
1 0 63.145 46.432 -67.462 1.9593 -0.2474 0 0.4013 1.2081 -0.0035 0.0007 0.0021 2 LS11.dat
1 0 62.943 47.42 -67.461 1.9021 -0.3811 0 0.6181 1.1728 -0.0035 0.0011 0.002 2 LS11.dat
1 0 62.631 48.38 -67.459 1.8209 -0.5101 0 0.8272 1.1228 -0.0035 0.0014 0.002 2 LS11.dat
1 0 62.213 49.299 -67.457 1.7168 -0.6326 0 1.0259 1.0586 -0.0035 0.0018 0.0018 2 LS11.dat
1 0 61.696 50.166 -67.456 1.5912 -1.2898 0 1.2117 1.6937 -0.0035 0.0021 0.003 2 LS11.dat
1 0 20.084 98.968 42.629 -1.5207 41 0 -1.299 -47.9999 -0.0035 -0.0023 -0.0838 2 LS11.dat
1 0 20.084 98.968 42.629 1.4455 -0.8523 0 1.3822 0.8913 -0.0035 0.0024 0.0016 2 LS11.dat
1 0 19.387 99.698 42.631 1.2817 -0.9467 0 1.5354 0.7903 -0.0035 0.0027 0.0014 2 LS11.dat
1 0 18.612 100.345 42.632 1.1017 -1.0292 0 1.6692 0.6793 -0.0035 0.0029 0.0012 2 LS11.dat
1 0 17.77 100.901 42.633 0.9079 -1.0988 0 1.7821 0.5598 -0.0035 0.0031 0.001 2 LS11.dat
1 0 16.87 101.359 42.633 0.7027 -1.1546 0 1.8725 0.4333 -0.0035 0.0033 0.0008 2 LS11.dat
1 0 15.925 101.713 42.634 0.4886 -1.1958 0 1.9394 0.3013 -0.0035 0.0034 0.0005 2 LS11.dat
1 0 14.947 101.96 42.634 0.2684 -1.222 0 1.9819 0.1655 -0.0035 0.0035 0.0003 2 LS11.dat
1 0 13.947 102.095 42.635 0.0448 -1.2329 0 1.9995 0.0276 -0.0035 0.0035 0 2 LS11.dat
1 0 12.938 102.118 42.635 -0.1794 -1.2282 0 1.9919 -0.1106 -0.0035 0.0035 -0.0002 2 LS11.dat
1 0 11.932 102.027 42.635 -0.4013 -1.2081 0 1.9593 -0.2474 -0.0035 0.0034 -0.0004 2 LS11.dat
1 0 10.944 101.825 42.634 -0.6181 -1.1728 0 1.9021 -0.3811 -0.0035 0.0033 -0.0007 2 LS11.dat
1 0 9.984 101.513 42.634 -0.8272 -1.1228 0 1.8209 -0.5101 -0.0035 0.0032 -0.0009 2 LS11.dat
1 0 9.065 101.096 42.633 -1.0259 -1.0586 0 1.7168 -0.6326 -0.0035 0.003 -0.0011 2 LS11.dat
1 0 8.199 100.578 42.632 -1.2117 -0.9811 0 1.5912 -0.7471 -0.0035 0.0028 -0.0013 2 LS11.dat
1 0 7.396 99.966 42.631 -1.3822 -0.8913 0 1.4455 -0.8523 -0.0035 0.0025 -0.0015 2 LS11.dat
1 0 6.666 99.269 42.63 -1.5354 -0.7903 0 1.2817 -0.9467 -0.0035 0.0022 -0.0017 2 LS11.dat
1 0 6.019 98.494 42.628 -1.6692 -0.6793 0 1.1017 -1.0292 -0.0035 0.0019 -0.0018 2 LS11.dat
1 0 5.463 97.652 42.627 -1.7821 -0.5598 0 0.9079 -1.0988 -0.0035 0.0016 -0.0019 2 LS11.dat
1 0 5.005 96.752 42.625 -1.8725 -0.4333 0 0.7027 -1.1546 -0.0035 0.0012 -0.002 2 LS11.dat
1 0 4.651 95.808 42.624 -1.9394 -0.3013 0 0.4886 -1.1958 -0.0035 0.0009 -0.0021 2 LS11.dat
1 0 4.404 94.829 42.622 -1.9819 -0.1655 0 0.2684 -1.222 -0.0035 0.0005 -0.0021 2 LS11.dat
1 0 4.269 93.829 42.62 -1.9995 -0.0276 0 0.0448 -1.2329 -0.0035 0.0001 -0.0022 2 LS11.dat
1 0 4.246 92.82 42.619 -1.9919 0.1106 0 -0.1794 -1.2282 -0.0035 -0.0003 -0.0021 2 LS11.dat
1 0 4.337 91.815 42.617 -1.9593 0.2474 0 -0.4013 -1.2081 -0.0035 -0.0007 -0.0021 2 LS11.dat
1 0 4.539 90.826 42.615 -1.9021 0.3811 0 -0.6181 -1.1728 -0.0035 -0.0011 -0.002 2 LS11.dat
1 0 4.851 89.866 42.613 -1.8209 0.5101 0 -0.8272 -1.1228 -0.0035 -0.0014 -0.002 2 LS11.dat
1 0 5.268 88.947 42.612 -1.7168 0.6326 0 -1.0259 -1.0586 -0.0035 -0.0018 -0.0018 2 LS11.dat
1 0 5.786 88.081 42.61 -1.5912 1.2898 0 -1.2117 -1.6937 -0.0035 -0.0021 -0.003 2 LS11.dat
1 0 47.398 39.278 42.525 1.5207 -41 0 1.299 47.9999 -0.0035 0.0023 0.0838 2 LS11.dat
1 0 47.398 39.278 42.525 -1.4455 0.8523 0 -1.3822 -0.8913 -0.0035 -0.0024 -0.0016 2 LS11.dat
1 0 48.095 38.548 42.524 -1.2817 0.9467 0 -1.5354 -0.7903 -0.0035 -0.0027 -0.0014 2 LS11.dat
1 0 48.87 37.902 42.523 -1.1017 1.0292 0 -1.6692 -0.6793 -0.0035 -0.0029 -0.0012 2 LS11.dat
1 0 49.712 37.346 42.522 -0.9079 1.0988 0 -1.7821 -0.5598 -0.0035 -0.0031 -0.001 2 LS11.dat
1 0 50.612 36.887 42.521 -0.7027 1.1546 0 -1.8725 -0.4333 -0.0035 -0.0033 -0.0008 2 LS11.dat
1 0 51.556 36.533 42.52 -0.4886 1.1958 0 -1.9394 -0.3013 -0.0035 -0.0034 -0.0005 2 LS11.dat
1 0 52.535 36.286 42.52 -0.2684 1.222 0 -1.9819 -0.1655 -0.0035 -0.0035 -0.0003 2 LS11.dat
1 0 53.535 36.151 42.52 -0.0448 1.2329 0 -1.9995 -0.0276 -0.0035 -0.0035 0 2 LS11.dat
1 0 54.544 36.128 42.52 0.1794 1.2282 0 -1.9919 0.1106 -0.0035 -0.0035 0.0002 2 LS11.dat
1 0 55.549 36.219 42.52 0.4013 1.2081 0 -1.9593 0.2474 -0.0035 -0.0034 0.0004 2 LS11.dat
1 0 56.538 36.421 42.52 0.6181 1.1728 0 -1.9021 0.3811 -0.0035 -0.0033 0.0007 2 LS11.dat
1 0 57.498 36.733 42.521 0.8272 1.1228 0 -1.8209 0.5101 -0.0035 -0.0032 0.0009 2 LS11.dat
1 0 58.417 37.151 42.521 1.0259 1.0586 0 -1.7168 0.6326 -0.0035 -0.003 0.0011 2 LS11.dat
1 0 59.283 37.668 42.522 1.2117 0.9811 0 -1.5912 0.7471 -0.0035 -0.0028 0.0013 2 LS11.dat
1 0 60.086 38.28 42.523 1.3822 0.8913 0 -1.4455 0.8523 -0.0035 -0.0025 0.0015 2 LS11.dat
1 0 60.816 38.977 42.525 1.5354 0.7903 0 -1.2817 0.9467 -0.0035 -0.0022 0.0017 2 LS11.dat
1 0 61.463 39.752 42.526 1.6692 0.6793 0 -1.1017 1.0292 -0.0035 -0.0019 0.0018 2 LS11.dat
1 0 62.019 40.594 42.527 1.7821 0.5598 0 -0.9079 1.0988 -0.0035 -0.0016 0.0019 2 LS11.dat
1 0 62.477 41.494 42.529 1.8725 0.4333 0 -0.7027 1.1546 -0.0035 -0.0012 0.002 2 LS11.dat
1 0 62.831 42.439 42.531 1.9394 0.3013 0 -0.4886 1.1958 -0.0035 -0.0009 0.0021 2 LS11.dat
1 0 63.078 43.417 42.532 1.9819 0.1655 0 -0.2684 1.222 -0.0035 -0.0005 0.0021 2 LS11.dat
1 0 63.213 44.418 42.534 1.9995 0.0276 0 -0.0448 1.2329 -0.0035 -0.0001 0.0022 2 LS11.dat
1 0 63.236 45.427 42.536 1.9919 -0.1106 0 0.1794 1.2282 -0.0035 0.0003 0.0021 2 LS11.dat
1 0 63.145 46.432 42.538 1.9593 -0.2474 0 0.4013 1.2081 -0.0035 0.0007 0.0021 2 LS11.dat
1 0 62.943 47.42 42.539 1.9021 -0.3811 0 0.6181 1.1728 -0.0035 0.0011 0.002 2 LS11.dat
1 0 62.631 48.38 42.541 1.8209 -0.5101 0 0.8272 1.1228 -0.0035 0.0014 0.002 2 LS11.dat
1 0 62.213 49.299 42.543 1.7168 -0.6326 0 1.0259 1.0586 -0.0035 0.0018 0.0018 2 LS11.dat
1 0 61.696 50.166 42.544 1.5912 -1.2898 0 1.2117 1.6937 -0.0035 0.0021 0.003 2 LS11.dat
1 2 7.136 94.959 2.741 -0.830499 0 -0.557021 0.557021 0 -0.830499 0 -1 0 32065.dat
1 7 -4 78.34 -12.259 -0.830499 0.557021 0 0.557021 0.830499 0 0 0 -1 3713.dat
1 0 -4 78.34 -11.259 0 -0.830499 -0.557021 0 0.557021 -0.830499 1 0 0 4519.dat
1 0 -26.269 45.112 -11.259 0 -0.830499 -0.557021 0 0.557021 -0.830499 1 0 0 4519.dat
1 7 -26.269 45.112 -12.259 -0.830499 0.557021 0 0.557021 0.830499 0 0 0 -1 3713.dat
1 7 29.421 128.169 -42.259 0 0.557021 0.830499 0 0.830499 -0.557021 -1 0 0 4274.dat
1 2 29.421 128.169 12.741 0.557021 0 0.830499 0.830499 0 -0.557021 0 1 0 2905.dat
1 2 113.259 86.3 8.741 0 0.13658 0.990629 0 0.990629 -0.13658 -1 0 0 Part 3.ldr
1 7 29.421 128.169 17.741 0 -0.557021 0.830499 0 -0.830499 -0.557021 1 0 0 4274.dat
1 7 53.388 59.834 -32.259 0 -0.958572 -0.284852 0 0.284852 -0.958572 1 0 0 Part 2.ldr
1 7 29.259 4 47.741 0 -0.879234 0.476392 0 -0.476392 -0.879234 1 0 0 Her.dat
1 7 -86.369 49.229 -120.259 0 0.103661 0.994613 -1 0 0 0 -0.994613 0.103661 Part 8.ldr
1 19 10.083 51.944 -109.628 0.92388 -0.109008 0.36683 0.382683 0.263169 -0.885605 0 0.958572 0.284852 32173.dat
1 19 10.083 51.944 84.372 -0.92388 -0.109008 0.36683 -0.382683 0.263169 -0.885605 0 -0.958572 -0.284852 32173.dat
1 19 1.83 176.393 80.503 0.92388 -0.0353487 0.381048 0.382683 0.0853392 -0.91993 0 0.995725 0.0923705 Part 8.ldr
1 19 -65.065 155.953 96.825 -0.04749 -0.380995 -0.923357 -0.0282267 0.924543 -0.380032 0.998473 0.00801565 -0.0546608 Part 10.ldr
1 19 -259.467 16.484 -128.153 -0.999301 0.0373396 0.00176927 0.00168737 -0.00222479 0.999997 0.0373434 0.999301 0.00216023 Part 11.ldr
1 7 55.341 96.331 72.741 0 -0.990146 0.140037 0 -0.140037 -0.990146 1 0 0 Part 5.ldr
1 7 2.073 -94.004 -44.259 0 -0.895712 0.444635 0 0.444635 0.895712 -1 0 0 Part 9.ldr
0
0 FILE Part 2.ldr
0 Part 2
0 Name: Part 2.ldr
0 Author: R Paluczak
0 Unofficial Model
0 ROTATION CENTER 0 0 0 1 "Custom" 
0 ROTATION CONFIG 0 0
1 19 -20 48 10 0 1 0 -1 0 0 0 0 1 32307.dat
1 19 60 48 10 0 -1 0 -1 0 0 0 0 -1 32307.dat
1 19 80 28 60 0 -1 0 0 0 1 -1 0 0 32174.dat
1 19 -40 28 60 0 -1 0 0 0 1 -1 0 0 32174.dat
1 19 19 -2 60 0 -1 0 -1 0 0 0 0 -1 Part 4.ldr
1 7 70 48 -20 -1 0 0 0 1 0 0 0 -1 2736.dat
1 7 -30 48 -20 1 0 0 0 1 0 0 0 1 2736.dat
1 2 21 48 -40 0 0 1 1 0 0 0 1 0 32072.dat
1 0 20 48 -40 1 0 0 0 1 0 0 0 1 32073.dat
1 8 -21 48 60 -1 0 0 0 1 0 0 0 -1 6587.dat
1 8 62 48 60 1 0 0 0 1 0 0 0 1 6587.dat
1 0 20 48 40 1 0 0 0 1 0 0 0 1 32073.dat
0
0 FILE Part 3.ldr
0 Part 3
0 Name: Part 3.ldr
0 Author: R Paluczak
0 Unofficial Model
0 ROTATION CENTER 0 0 0 1 "Custom" 
0 ROTATION CONFIG 0 0
1 2 21 48 -80 0 0 1 0 1 0 -1 0 0 32072.dat
1 0 20 48 -80 1 0 0 0 0 1 0 -1 0 3707.dat
1 2 11 296 -80 1 0 0 0 1 0 0 0 1 Part 6.ldr
1 7 -54 48 -80 0 0 -1 0 1 0 1 0 0 32123a.dat
1 2 131 296 -80 1 0 0 0 1 0 0 0 1 Part 7.ldr
1 7 96 48 -80 0 0 -1 0 1 0 1 0 0 32123a.dat
0
0 FILE Part 4.ldr
0 Part 4
0 Name: Part 4.ldr
0 Author: R Paluczak
0 Unofficial Model
0 ROTATION CENTER 0 0 0 1 "Custom" 
0 ROTATION CONFIG 0 0
1 19 -50 24 0 1 0 0 0 1 0 0 0 1 32056.dat
1 19 -50 14 0 1 0 0 0 1 0 0 0 1 32056.dat
1 19 -50 -16 0 1 0 0 0 1 0 0 0 1 32056.dat
1 19 -50 -26 0 1 0 0 0 1 0 0 0 1 32056.dat
1 0 -10 -1 0 0 1 0 -1 0 0 0 0 1 4519.dat
1 0 -50 -1 40 0 1 0 -1 0 0 0 0 1 4519.dat
1 7 -50 -1 40 0 1 0 0 0 -1 -1 0 0 3713.dat
0
0 FILE Part 5.ldr
0 Part 5
0 Name: Part 5.ldr
0 Author: R Paluczak
0 Unofficial Model
0 ROTATION CENTER 0 0 0 1 "Custom" 
0 ROTATION CONFIG 0 0
1 19 -50 8 0 0 -1 0 1 0 0 0 0 1 32063.dat
1 19 -40 8 0 0 -1 0 1 0 0 0 0 1 32063.dat
1 19 -65 8 70 0 1 0 1 0 0 0 0 -1 33299.dat
1 0 -45 8 50 1 0 0 0 -1 0 0 0 -1 32062.dat
1 7 -30 8 50 0 0 1 0 -1 0 1 0 0 32123b.dat
1 7 -35 8 10 1 0 0 0 -1 0 0 0 -1 4274.dat
1 7 -35 8 -10 1 0 0 0 -1 0 0 0 -1 4274.dat
1 19 -120 8 0 0 1 0 -1 0 0 0 0 1 32063.dat
1 19 -130 8 0 0 1 0 -1 0 0 0 0 1 32063.dat
1 19 -105 8 70 0 -1 0 -1 0 0 0 0 -1 33299.dat
1 0 -125 8 50 -1 0 0 0 1 0 0 0 -1 32062.dat
1 7 -140 8 50 0 0 -1 0 1 0 1 0 0 32123b.dat
1 7 -135 8 10 -1 0 0 0 1 0 0 0 -1 4274.dat
1 7 -135 8 -10 -1 0 0 0 1 0 0 0 -1 4274.dat
1 0 -85 8 70 1 0 0 0 -1 0 0 0 -1 4519.dat
0 
0
0 FILE Part 6.ldr
0 Part 6
0 Name: Part 6.ldr
0 Author: R Paluczak
0 Unofficial Model
0 ROTATION CENTER 0 0 0 1 "Custom" 
0 ROTATION CONFIG 0 0
1 19 -50 32 0 1 0 0 0 1 0 0 0 1 32165.dat
1 19 -35 -128 0 0 -1 0 0 0 1 -1 0 0 6632.dat
1 2 -35 -208 0 0 -1 0 0 0 1 -1 0 0 6632.dat
1 19 -50 -188 0 0 -1 0 0 0 1 -1 0 0 32177.dat
1 19 -65 -128 0 0 -1 0 0 0 1 -1 0 0 6632.dat
1 0 -50 32 0 1 0 0 0 1 0 0 0 1 32062.dat
1 0 -50 -88 0 1 0 0 0 1 0 0 0 1 32062.dat
1 0 -50 -128 0 1 0 0 0 1 0 0 0 1 32062.dat
1 0 -40 -168 0 1 0 0 0 1 0 0 0 1 32062.dat
1 7 -25 -168 0 0 0 -1 0 1 0 1 0 0 32123a.dat
1 0 -25 -163.535 -7.8142 0 0 -2 -0.9923 56 0 1.7365 32 0 LS11.dat
1 0 -25 -163.535 -7.8142 0 0 -2 0.8934 -1.1033 0 -1.7894 -0.5508 0 LS11.dat
1 0 -25 -164.438 -8.265 0 0 -2 0.6874 -1.1581 0 -1.8782 -0.4238 0 LS11.dat
1 0 -25 -165.386 -8.6119 0 0 -2 0.4728 -1.1982 0 -1.9433 -0.2915 0 LS11.dat
1 0 -25 -166.366 -8.8505 0 0 -2 0.2522 -1.2234 0 -1.984 -0.1555 0 LS11.dat
1 0 -25 -167.367 -8.9777 0 0 -2 0.0285 -1.2331 0 -1.9998 -0.0176 0 LS11.dat
1 0 -25 -168.377 -8.9921 0 0 -2 -0.1956 -1.2273 0 -1.9904 0.1206 0 LS11.dat
1 0 -25 -169.381 -8.8934 0 0 -2 -0.4172 -1.2061 0 -1.956 0.2573 0 LS11.dat
1 0 -25 -170.368 -8.6829 0 0 -2 -0.6336 -1.1697 0 -1.897 0.3907 0 LS11.dat
1 0 -25 -171.325 -8.3631 0 0 -2 -0.842 -1.1186 0 -1.8141 0.5192 0 LS11.dat
1 0 -25 -172.241 -7.9382 0 0 -2 -1.0398 -1.0534 0 -1.7084 0.6412 0 LS11.dat
1 0 -25 -173.103 -7.4135 0 0 -2 -1.2246 -0.975 0 -1.5813 0.7551 0 LS11.dat
1 0 -25 -173.901 -6.7955 0 0 -2 -1.3939 -0.8843 0 -1.4342 0.8595 0 LS11.dat
1 0 -25 -174.625 -6.0921 0 0 -2 -1.5457 -0.7825 0 -1.2691 0.9531 0 LS11.dat
1 0 -25 -175.265 -5.3121 0 0 -2 -1.6781 -0.6709 0 -1.0881 1.0347 0 LS11.dat
1 0 -25 -175.814 -4.4653 0 0 -2 -1.7894 -0.5508 0 -0.8934 1.1033 0 LS11.dat
1 0 -25 -176.265 -3.5623 0 0 -2 -1.8782 -0.4238 0 -0.6874 1.1581 0 LS11.dat
1 0 -25 -176.612 -2.6145 0 0 -2 -1.9433 -0.2915 0 -0.4728 1.1982 0 LS11.dat
1 0 -25 -176.851 -1.6338 0 0 -2 -1.984 -0.1555 0 -0.2522 1.2234 0 LS11.dat
1 0 -25 -176.978 -0.6326 0 0 -2 -1.9998 -0.0176 0 -0.0285 1.2331 0 LS11.dat
1 0 -25 -176.992 0.3766 0 0 -2 -1.9904 0.1206 0 0.1956 1.2273 0 LS11.dat
1 0 -25 -176.893 1.381 0 0 -2 -1.956 0.2573 0 0.4172 1.2061 0 LS11.dat
1 0 -25 -176.683 2.3681 0 0 -2 -1.897 0.3907 0 0.6336 1.1697 0 LS11.dat
1 0 -25 -176.363 3.3253 0 0 -2 -1.8141 0.5192 0 0.842 1.1186 0 LS11.dat
1 0 -25 -175.938 4.2408 0 0 -2 -1.7084 0.6412 0 1.0398 1.0534 0 LS11.dat
1 0 -25 -175.414 5.1029 0 0 -2 -1.5813 0.7551 0 1.2246 0.975 0 LS11.dat
1 0 -25 -174.796 5.9009 0 0 -2 -1.4342 0.8595 0 1.3939 0.8843 0 LS11.dat
1 0 -25 -174.092 6.6247 0 0 -2 -1.2691 0.9531 0 1.5457 0.7825 0 LS11.dat
1 0 -25 -173.312 7.2651 0 0 -2 -1.0881 1.7863 0 1.6781 1.1582 0 LS11.dat
1 0 -25 -116.465 39.8142 0 0 -2 0.9923 -56 0 -1.7365 -32 0 LS11.dat
1 0 -25 -116.465 39.8142 0 0 -2 -0.8934 1.1033 0 1.7894 0.5508 0 LS11.dat
1 0 -25 -115.562 40.265 0 0 -2 -0.6874 1.1581 0 1.8782 0.4238 0 LS11.dat
1 0 -25 -114.615 40.6119 0 0 -2 -0.4728 1.1982 0 1.9433 0.2915 0 LS11.dat
1 0 -25 -113.634 40.8505 0 0 -2 -0.2522 1.2234 0 1.984 0.1555 0 LS11.dat
1 0 -25 -112.633 40.9777 0 0 -2 -0.0285 1.2331 0 1.9998 0.0176 0 LS11.dat
1 0 -25 -111.623 40.9921 0 0 -2 0.1956 1.2273 0 1.9904 -0.1206 0 LS11.dat
1 0 -25 -110.619 40.8934 0 0 -2 0.4172 1.2061 0 1.956 -0.2573 0 LS11.dat
1 0 -25 -109.632 40.6829 0 0 -2 0.6336 1.1697 0 1.897 -0.3907 0 LS11.dat
1 0 -25 -108.675 40.3631 0 0 -2 0.842 1.1186 0 1.8141 -0.5192 0 LS11.dat
1 0 -25 -107.759 39.9382 0 0 -2 1.0398 1.0534 0 1.7084 -0.6412 0 LS11.dat
1 0 -25 -106.897 39.4135 0 0 -2 1.2246 0.975 0 1.5813 -0.7551 0 LS11.dat
1 0 -25 -106.099 38.7955 0 0 -2 1.3939 0.8843 0 1.4342 -0.8595 0 LS11.dat
1 0 -25 -105.375 38.0921 0 0 -2 1.5457 0.7825 0 1.2691 -0.9531 0 LS11.dat
1 0 -25 -104.735 37.3121 0 0 -2 1.6781 0.6709 0 1.0881 -1.0347 0 LS11.dat
1 0 -25 -104.186 36.4652 0 0 -2 1.7894 0.5508 0 0.8933 -1.1033 0 LS11.dat
1 0 -25 -103.735 35.5623 0 0 -2 1.8782 0.4238 0 0.6874 -1.1581 0 LS11.dat
1 0 -25 -103.388 34.6145 0 0 -2 1.9433 0.2915 0 0.4728 -1.1982 0 LS11.dat
1 0 -25 -103.15 33.6338 0 0 -2 1.984 0.1555 0 0.2522 -1.2234 0 LS11.dat
1 0 -25 -103.022 32.6326 0 0 -2 1.9998 0.0176 0 0.0285 -1.2331 0 LS11.dat
1 0 -25 -103.008 31.6234 0 0 -2 1.9904 -0.1206 0 -0.1956 -1.2273 0 LS11.dat
1 0 -25 -103.107 30.619 0 0 -2 1.956 -0.2573 0 -0.4172 -1.2061 0 LS11.dat
1 0 -25 -103.317 29.6319 0 0 -2 1.897 -0.3907 0 -0.6336 -1.1697 0 LS11.dat
1 0 -25 -103.637 28.6747 0 0 -2 1.8141 -0.5192 0 -0.842 -1.1186 0 LS11.dat
1 0 -25 -104.062 27.7592 0 0 -2 1.7084 -0.6412 0 -1.0398 -1.0534 0 LS11.dat
1 0 -25 -104.587 26.8971 0 0 -2 1.5813 -0.7551 0 -1.2246 -0.975 0 LS11.dat
1 0 -25 -105.205 26.0991 0 0 -2 1.4342 -0.8595 0 -1.3939 -0.8843 0 LS11.dat
1 0 -25 -105.908 25.3753 0 0 -2 1.2691 -0.9531 0 -1.5457 -0.7825 0 LS11.dat
1 0 -25 -106.688 24.7349 0 0 -2 1.0881 -1.7863 0 -1.6781 -1.1582 0 LS11.dat
1 0 -50 32 20 1 0 0 0 1 0 0 0 1 32062.dat
1 0 -40 -112.05 31.9 1 0 0 0 0.813608 -0.581413 0 0.581413 0.813608 32062.dat
1 2 -50 32 0 0 -1 0 0 0 -1 1 0 0 32271.dat
1 7 -40 -100 16 1 0 0 0 0 -1 0 1 0 4274.dat
1 7 -30 -112 32 0 0 1 0.817648 -0.575719 0 0.575719 0.817648 0 3713.dat
1 2 -50 32 20 -1 0 0 0 1 0 0 0 -1 6536.dat
0 
0
0 FILE Part 7.ldr
0 Part 7
0 Name: Part 7.ldr
0 Author: R Paluczak
0 Unofficial Model
0 ROTATION CENTER 0 0 0 1 "Custom" 
0 ROTATION CONFIG 0 0
1 19 -50 32 0 1 0 0 0 1 0 0 0 1 32165.dat
1 19 -35 -128 0 0 -1 0 0 0 1 -1 0 0 6632.dat
1 2 -65 -208 0 0 -1 0 0 0 1 -1 0 0 6632.dat
1 19 -50 -188 0 0 -1 0 0 0 1 -1 0 0 32177.dat
1 19 -65 -128 0 0 -1 0 0 0 1 -1 0 0 6632.dat
1 0 -50 32 0 1 0 0 0 1 0 0 0 1 32062.dat
1 0 -50 -88 0 1 0 0 0 1 0 0 0 1 32062.dat
1 0 -50 -128 0 1 0 0 0 1 0 0 0 1 32062.dat
1 0 -60 -168 0 1 0 0 0 1 0 0 0 1 32062.dat
1 7 -75 -168 0 0 0 -1 0 1 0 1 0 0 32123a.dat
1 0 -75 -163.535 -7.8142 0 0 -2 -0.9923 56 0 1.7365 32 0 LS11.dat
1 0 -75 -163.535 -7.8142 0 0 -2 0.8934 -1.1033 0 -1.7894 -0.5508 0 LS11.dat
1 0 -75 -164.438 -8.265 0 0 -2 0.6874 -1.1581 0 -1.8782 -0.4238 0 LS11.dat
1 0 -75 -165.386 -8.6119 0 0 -2 0.4728 -1.1982 0 -1.9433 -0.2915 0 LS11.dat
1 0 -75 -166.366 -8.8505 0 0 -2 0.2522 -1.2234 0 -1.984 -0.1555 0 LS11.dat
1 0 -75 -167.367 -8.9777 0 0 -2 0.0285 -1.2331 0 -1.9998 -0.0176 0 LS11.dat
1 0 -75 -168.377 -8.9921 0 0 -2 -0.1956 -1.2273 0 -1.9904 0.1206 0 LS11.dat
1 0 -75 -169.381 -8.8934 0 0 -2 -0.4172 -1.2061 0 -1.956 0.2573 0 LS11.dat
1 0 -75 -170.368 -8.6829 0 0 -2 -0.6336 -1.1697 0 -1.897 0.3907 0 LS11.dat
1 0 -75 -171.325 -8.3631 0 0 -2 -0.842 -1.1186 0 -1.8141 0.5192 0 LS11.dat
1 0 -75 -172.241 -7.9382 0 0 -2 -1.0398 -1.0534 0 -1.7084 0.6412 0 LS11.dat
1 0 -75 -173.103 -7.4135 0 0 -2 -1.2246 -0.975 0 -1.5813 0.7551 0 LS11.dat
1 0 -75 -173.901 -6.7955 0 0 -2 -1.3939 -0.8843 0 -1.4342 0.8595 0 LS11.dat
1 0 -75 -174.625 -6.0921 0 0 -2 -1.5457 -0.7825 0 -1.2691 0.9531 0 LS11.dat
1 0 -75 -175.265 -5.3121 0 0 -2 -1.6781 -0.6709 0 -1.0881 1.0347 0 LS11.dat
1 0 -75 -175.814 -4.4653 0 0 -2 -1.7894 -0.5508 0 -0.8934 1.1033 0 LS11.dat
1 0 -75 -176.265 -3.5623 0 0 -2 -1.8782 -0.4238 0 -0.6874 1.1581 0 LS11.dat
1 0 -75 -176.612 -2.6145 0 0 -2 -1.9433 -0.2915 0 -0.4728 1.1982 0 LS11.dat
1 0 -75 -176.851 -1.6338 0 0 -2 -1.984 -0.1555 0 -0.2522 1.2234 0 LS11.dat
1 0 -75 -176.978 -0.6326 0 0 -2 -1.9998 -0.0176 0 -0.0285 1.2331 0 LS11.dat
1 0 -75 -176.992 0.3766 0 0 -2 -1.9904 0.1206 0 0.1956 1.2273 0 LS11.dat
1 0 -75 -176.893 1.381 0 0 -2 -1.956 0.2573 0 0.4172 1.2061 0 LS11.dat
1 0 -75 -176.683 2.3681 0 0 -2 -1.897 0.3907 0 0.6336 1.1697 0 LS11.dat
1 0 -75 -176.363 3.3253 0 0 -2 -1.8141 0.5192 0 0.842 1.1186 0 LS11.dat
1 0 -75 -175.938 4.2408 0 0 -2 -1.7084 0.6412 0 1.0398 1.0534 0 LS11.dat
1 0 -75 -175.414 5.1029 0 0 -2 -1.5813 0.7551 0 1.2246 0.975 0 LS11.dat
1 0 -75 -174.796 5.9009 0 0 -2 -1.4342 0.8595 0 1.3939 0.8843 0 LS11.dat
1 0 -75 -174.092 6.6247 0 0 -2 -1.2691 0.9531 0 1.5457 0.7825 0 LS11.dat
1 0 -75 -173.312 7.2651 0 0 -2 -1.0881 1.7863 0 1.6781 1.1582 0 LS11.dat
1 0 -75 -116.465 39.8142 0 0 -2 0.9923 -56 0 -1.7365 -32 0 LS11.dat
1 0 -75 -116.465 39.8142 0 0 -2 -0.8934 1.1033 0 1.7894 0.5508 0 LS11.dat
1 0 -75 -115.562 40.265 0 0 -2 -0.6874 1.1581 0 1.8782 0.4238 0 LS11.dat
1 0 -75 -114.615 40.6119 0 0 -2 -0.4728 1.1982 0 1.9433 0.2915 0 LS11.dat
1 0 -75 -113.634 40.8505 0 0 -2 -0.2522 1.2234 0 1.984 0.1555 0 LS11.dat
1 0 -75 -112.633 40.9777 0 0 -2 -0.0285 1.2331 0 1.9998 0.0176 0 LS11.dat
1 0 -75 -111.623 40.9921 0 0 -2 0.1956 1.2273 0 1.9904 -0.1206 0 LS11.dat
1 0 -75 -110.619 40.8934 0 0 -2 0.4172 1.2061 0 1.956 -0.2573 0 LS11.dat
1 0 -75 -109.632 40.6829 0 0 -2 0.6336 1.1697 0 1.897 -0.3907 0 LS11.dat
1 0 -75 -108.675 40.3631 0 0 -2 0.842 1.1186 0 1.8141 -0.5192 0 LS11.dat
1 0 -75 -107.759 39.9382 0 0 -2 1.0398 1.0534 0 1.7084 -0.6412 0 LS11.dat
1 0 -75 -106.897 39.4135 0 0 -2 1.2246 0.975 0 1.5813 -0.7551 0 LS11.dat
1 0 -75 -106.099 38.7955 0 0 -2 1.3939 0.8843 0 1.4342 -0.8595 0 LS11.dat
1 0 -75 -105.375 38.0921 0 0 -2 1.5457 0.7825 0 1.2691 -0.9531 0 LS11.dat
1 0 -75 -104.735 37.3121 0 0 -2 1.6781 0.6709 0 1.0881 -1.0347 0 LS11.dat
1 0 -75 -104.186 36.4652 0 0 -2 1.7894 0.5508 0 0.8933 -1.1033 0 LS11.dat
1 0 -75 -103.735 35.5623 0 0 -2 1.8782 0.4238 0 0.6874 -1.1581 0 LS11.dat
1 0 -75 -103.388 34.6145 0 0 -2 1.9433 0.2915 0 0.4728 -1.1982 0 LS11.dat
1 0 -75 -103.15 33.6338 0 0 -2 1.984 0.1555 0 0.2522 -1.2234 0 LS11.dat
1 0 -75 -103.022 32.6326 0 0 -2 1.9998 0.0176 0 0.0285 -1.2331 0 LS11.dat
1 0 -75 -103.008 31.6234 0 0 -2 1.9904 -0.1206 0 -0.1956 -1.2273 0 LS11.dat
1 0 -75 -103.107 30.619 0 0 -2 1.956 -0.2573 0 -0.4172 -1.2061 0 LS11.dat
1 0 -75 -103.317 29.6319 0 0 -2 1.897 -0.3907 0 -0.6336 -1.1697 0 LS11.dat
1 0 -75 -103.637 28.6747 0 0 -2 1.8141 -0.5192 0 -0.842 -1.1186 0 LS11.dat
1 0 -75 -104.062 27.7592 0 0 -2 1.7084 -0.6412 0 -1.0398 -1.0534 0 LS11.dat
1 0 -75 -104.587 26.8971 0 0 -2 1.5813 -0.7551 0 -1.2246 -0.975 0 LS11.dat
1 0 -75 -105.205 26.0991 0 0 -2 1.4342 -0.8595 0 -1.3939 -0.8843 0 LS11.dat
1 0 -75 -105.908 25.3753 0 0 -2 1.2691 -0.9531 0 -1.5457 -0.7825 0 LS11.dat
1 0 -75 -106.688 24.7349 0 0 -2 1.0881 -1.7863 0 -1.6781 -1.1582 0 LS11.dat
1 0 -50 32 20 1 0 0 0 1 0 0 0 1 32062.dat
1 0 -60 -112.05 31.9 1 0 0 0 0.813608 -0.581413 0 0.581413 0.813608 32062.dat
1 2 -50 32 0 0 -1 0 0 0 -1 1 0 0 32271.dat
1 7 -60 -100 16 -1 0 0 0 0 -1 0 -1 0 4274.dat
1 7 -70 -112 32 0 0 1 0.817648 -0.575719 0 0.575719 0.817648 0 3713.dat
1 2 -50 32 20 -1 0 0 0 1 0 0 0 -1 6536.dat
0
0 FILE Part 8.ldr
0 Part 8
0 Name: Part 8.ldr
0 Author: R Paluczak
0 Unofficial Model
0 ROTATION CENTER 0 0 0 1 "Custom" 
0 ROTATION CONFIG 0 0
1 2 -55 9 0 0 -1 0 1 0 0 0 0 1 6632.dat
1 2 -25 9 0 0 -1 0 1 0 0 0 0 1 6632.dat
1 2 -40 9 60 0 -1 0 -1 0 0 0 0 -1 32174.dat
1 2 -40 -11 20 0 0 1 0 1 0 -1 0 0 6536.dat
1 19 -40 9 0 -1 0 0 0 1 0 0 0 -1 32291.dat
1 19 -50 29 -40 -1 0 0 0 1 0 0 0 -1 32016.dat
1 19 -30 29 -40 -1 0 0 0 1 0 0 0 -1 32016.dat
1 19 -40 -11 -20 1 0 0 0 -1 0 0 0 -1 32016.dat
1 7 -30 29 -10 0 0 1 0 1 0 -1 0 0 43093.dat
1 7 -50 29 -10 0 0 1 0 1 0 -1 0 0 43093.dat
1 7 -65 9 20 0 0 -1 -1 0 0 0 1 0 32123b.dat
1 0 -25 -4.4205 -26.1409 0 0 -2 -1.4621 28 0 1.3646 30 0 LS11.dat
1 0 -25 -4.4205 -26.1409 0 0 -2 1.3833 -0.8907 0 -1.4445 -0.8529 0 LS11.dat
1 0 -25 -5.1494 -26.8389 0 0 -2 1.2129 -0.9806 0 -1.5903 -0.7479 0 LS11.dat
1 0 -25 -5.9519 -27.451 0 0 -2 1.0272 -1.0581 0 -1.7161 -0.6334 0 LS11.dat
1 0 -25 -6.8179 -27.9693 0 0 -2 0.8286 -1.1224 0 -1.8203 -0.5109 0 LS11.dat
1 0 -25 -7.7365 -28.3875 0 0 -2 0.6196 -1.1725 0 -1.9016 -0.382 0 LS11.dat
1 0 -25 -8.6961 -28.7001 0 0 -2 0.4028 -1.2079 0 -1.959 -0.2483 0 LS11.dat
1 0 -25 -9.6847 -28.9034 0 0 -2 0.1809 -1.2281 0 -1.9918 -0.1115 0 LS11.dat
1 0 -25 -10.6898 -28.9947 0 0 -2 -0.0433 -1.2329 0 -1.9995 0.0267 0 LS11.dat
1 0 -25 -11.6989 -28.9728 0 0 -2 -0.2669 -1.2222 0 -1.9821 0.1645 0 LS11.dat
1 0 -25 -12.6991 -28.8382 0 0 -2 -0.4871 -1.1961 0 -1.9398 0.3004 0 LS11.dat
1 0 -25 -13.678 -28.5923 0 0 -2 -0.7012 -1.1549 0 -1.873 0.4324 0 LS11.dat
1 0 -25 -14.6232 -28.2385 0 0 -2 -0.9065 -1.0992 0 -1.7827 0.559 0 LS11.dat
1 0 -25 -15.5228 -27.781 0 0 -2 -1.1004 -1.0297 0 -1.67 0.6785 0 LS11.dat
1 0 -25 -16.3656 -27.2257 0 0 -2 -1.2805 -0.9473 0 -1.5363 0.7896 0 LS11.dat
1 0 -25 -17.1409 -26.5795 0 0 -2 -1.4445 -0.8529 0 -1.3833 0.8907 0 LS11.dat
1 0 -25 -17.8389 -25.8506 0 0 -2 -1.5903 -0.7479 0 -1.2129 0.9806 0 LS11.dat
1 0 -25 -18.451 -25.0481 0 0 -2 -1.7161 -0.6334 0 -1.0272 1.0581 0 LS11.dat
1 0 -25 -18.9693 -24.1821 0 0 -2 -1.8203 -0.5109 0 -0.8286 1.1224 0 LS11.dat
1 0 -25 -19.3875 -23.2635 0 0 -2 -1.9016 -0.382 0 -0.6196 1.1725 0 LS11.dat
1 0 -25 -19.7001 -22.3039 0 0 -2 -1.959 -0.2483 0 -0.4028 1.2079 0 LS11.dat
1 0 -25 -19.9034 -21.3153 0 0 -2 -1.9918 -0.1115 0 -0.1809 1.2281 0 LS11.dat
1 0 -25 -19.9947 -20.3102 0 0 -2 -1.9995 0.0267 0 0.0433 1.2329 0 LS11.dat
1 0 -25 -19.9728 -19.3011 0 0 -2 -1.9821 0.1645 0 0.2669 1.2222 0 LS11.dat
1 0 -25 -19.8382 -18.3009 0 0 -2 -1.9398 0.3004 0 0.4871 1.1961 0 LS11.dat
1 0 -25 -19.5923 -17.322 0 0 -2 -1.873 0.4324 0 0.7012 1.1549 0 LS11.dat
1 0 -25 -19.2385 -16.3768 0 0 -2 -1.7827 0.559 0 0.9065 1.0992 0 LS11.dat
1 0 -25 -18.781 -15.4772 0 0 -2 -1.67 0.6785 0 1.1004 1.0297 0 LS11.dat
1 0 -25 -18.2257 -14.6344 0 0 -2 -1.5363 1.363 0 1.2805 1.6354 0 LS11.dat
1 0 -25 10.4205 16.1409 0 0 -2 1.4621 -28 0 -1.3646 -30 0 LS11.dat
1 0 -25 10.4205 16.1409 0 0 -2 -1.3833 0.8907 0 1.4445 0.8529 0 LS11.dat
1 0 -25 11.1494 16.8389 0 0 -2 -1.2129 0.9806 0 1.5903 0.7479 0 LS11.dat
1 0 -25 11.9519 17.451 0 0 -2 -1.0272 1.0581 0 1.7161 0.6334 0 LS11.dat
1 0 -25 12.8179 17.9693 0 0 -2 -0.8286 1.1224 0 1.8203 0.5109 0 LS11.dat
1 0 -25 13.7365 18.3875 0 0 -2 -0.6196 1.1725 0 1.9016 0.382 0 LS11.dat
1 0 -25 14.6961 18.7001 0 0 -2 -0.4028 1.2079 0 1.959 0.2483 0 LS11.dat
1 0 -25 15.6847 18.9034 0 0 -2 -0.1809 1.2281 0 1.9918 0.1115 0 LS11.dat
1 0 -25 16.6898 18.9947 0 0 -2 0.0433 1.2329 0 1.9995 -0.0267 0 LS11.dat
1 0 -25 25.9728 9.3011 0 0 -2 1.9821 -0.1645 0 -0.2669 -1.2222 0 LS11.dat
1 0 -25 25.8382 8.3009 0 0 -2 1.9398 -0.3004 0 -0.4871 -1.1961 0 LS11.dat
1 0 -25 25.5923 7.322 0 0 -2 1.873 -0.4324 0 -0.7012 -1.1549 0 LS11.dat
1 0 -25 25.2385 6.3768 0 0 -2 1.7827 -0.559 0 -0.9065 -1.0992 0 LS11.dat
1 0 -25 24.781 5.4772 0 0 -2 1.67 -0.6785 0 -1.1004 -1.0297 0 LS11.dat
1 0 -55 10.4205 16.1409 0 0 -2 1.4621 -28 0 -1.3646 -30 0 LS11.dat
1 0 -55 10.4205 16.1409 0 0 -2 -1.3833 0.8907 0 1.4445 0.8529 0 LS11.dat
1 0 -55 11.1494 16.8389 0 0 -2 -1.2129 0.9806 0 1.5903 0.7479 0 LS11.dat
1 0 -55 11.9519 17.451 0 0 -2 -1.0272 1.0581 0 1.7161 0.6334 0 LS11.dat
1 0 -55 12.8179 17.9693 0 0 -2 -0.8286 1.1224 0 1.8203 0.5109 0 LS11.dat
1 0 -55 13.7365 18.3875 0 0 -2 -0.6196 1.1725 0 1.9016 0.382 0 LS11.dat
1 0 -55 14.6961 18.7001 0 0 -2 -0.4028 1.2079 0 1.959 0.2483 0 LS11.dat
1 0 -55 15.6847 18.9034 0 0 -2 -0.1809 1.2281 0 1.9918 0.1115 0 LS11.dat
1 0 -55 16.6898 18.9947 0 0 -2 0.0433 1.2329 0 1.9995 -0.0267 0 LS11.dat
1 0 -55 25.9728 9.3011 0 0 -2 1.9821 -0.1645 0 -0.2669 -1.2222 0 LS11.dat
1 0 -55 25.8382 8.3009 0 0 -2 1.9398 -0.3004 0 -0.4871 -1.1961 0 LS11.dat
1 0 -55 25.5923 7.322 0 0 -2 1.873 -0.4324 0 -0.7012 -1.1549 0 LS11.dat
1 0 -55 25.2385 6.3768 0 0 -2 1.7827 -0.559 0 -0.9065 -1.0992 0 LS11.dat
1 0 -55 24.781 5.4772 0 0 -2 1.67 -0.6785 0 -1.1004 -1.0297 0 LS11.dat
1 0 -55 24.2257 4.6344 0 0 -2 1.5363 -1.363 0 -1.2805 -1.6354 0 LS11.dat
1 0 -55 -4.4205 -26.1409 0 0 -2 -1.4621 28 0 1.3646 30 0 LS11.dat
1 0 -55 -4.4205 -26.1409 0 0 -2 1.3833 -0.8907 0 -1.4445 -0.8529 0 LS11.dat
1 0 -55 -5.1494 -26.8389 0 0 -2 1.2129 -0.9806 0 -1.5903 -0.7479 0 LS11.dat
1 0 -55 -5.9519 -27.451 0 0 -2 1.0272 -1.0581 0 -1.7161 -0.6334 0 LS11.dat
1 0 -55 -6.8179 -27.9693 0 0 -2 0.8286 -1.1224 0 -1.8203 -0.5109 0 LS11.dat
1 0 -55 -7.7365 -28.3875 0 0 -2 0.6196 -1.1725 0 -1.9016 -0.382 0 LS11.dat
1 0 -55 -8.6961 -28.7001 0 0 -2 0.4028 -1.2079 0 -1.959 -0.2483 0 LS11.dat
1 0 -55 -9.6847 -28.9034 0 0 -2 0.1809 -1.2281 0 -1.9918 -0.1115 0 LS11.dat
1 0 -55 -10.6898 -28.9947 0 0 -2 -0.0433 -1.2329 0 -1.9995 0.0267 0 LS11.dat
1 0 -55 -11.6989 -28.9728 0 0 -2 -0.2669 -1.2222 0 -1.9821 0.1645 0 LS11.dat
1 0 -55 -12.6991 -28.8382 0 0 -2 -0.4871 -1.1961 0 -1.9398 0.3004 0 LS11.dat
1 0 -55 -13.678 -28.5923 0 0 -2 -0.7012 -1.1549 0 -1.873 0.4324 0 LS11.dat
1 0 -55 -14.6232 -28.2385 0 0 -2 -0.9065 -1.0992 0 -1.7827 0.559 0 LS11.dat
1 0 -55 -15.5228 -27.781 0 0 -2 -1.1004 -1.0297 0 -1.67 0.6785 0 LS11.dat
1 0 -55 -16.3656 -27.2257 0 0 -2 -1.2805 -0.9473 0 -1.5363 0.7896 0 LS11.dat
1 0 -55 -17.1409 -26.5795 0 0 -2 -1.4445 -0.8529 0 -1.3833 0.8907 0 LS11.dat
1 0 -55 -17.8389 -25.8506 0 0 -2 -1.5903 -0.7479 0 -1.2129 0.9806 0 LS11.dat
1 0 -55 -18.451 -25.0481 0 0 -2 -1.7161 -0.6334 0 -1.0272 1.0581 0 LS11.dat
1 0 -55 -18.9693 -24.1821 0 0 -2 -1.8203 -0.5109 0 -0.8286 1.1224 0 LS11.dat
1 0 -55 -19.3875 -23.2635 0 0 -2 -1.9016 -0.382 0 -0.6196 1.1725 0 LS11.dat
1 0 -55 -19.7001 -22.3039 0 0 -2 -1.959 -0.2483 0 -0.4028 1.2079 0 LS11.dat
1 0 -55 -19.9034 -21.3153 0 0 -2 -1.9918 -0.1115 0 -0.1809 1.2281 0 LS11.dat
1 0 -55 -19.9947 -20.3102 0 0 -2 -1.9995 0.0267 0 0.0433 1.2329 0 LS11.dat
1 0 -55 -19.9728 -19.3011 0 0 -2 -1.9821 0.1645 0 0.2669 1.2222 0 LS11.dat
1 0 -55 -19.8382 -18.3009 0 0 -2 -1.9398 0.3004 0 0.4871 1.1961 0 LS11.dat
1 0 -55 -19.5923 -17.322 0 0 -2 -1.873 0.4324 0 0.7012 1.1549 0 LS11.dat
1 0 -55 -19.2385 -16.3768 0 0 -2 -1.7827 0.559 0 0.9065 1.0992 0 LS11.dat
1 0 -55 -18.781 -15.4772 0 0 -2 -1.67 0.6785 0 1.1004 1.0297 0 LS11.dat
1 0 -55 -18.2257 -14.6344 0 0 -2 -1.5363 1.363 0 1.2805 1.6354 0 LS11.dat
1 7 -55 -11 -20 0 0 -1 -1 0 0 0 1 0 32123b.dat
1 7 -25 -11 -20 0 0 -1 -1 0 0 0 1 0 32123b.dat
1 7 -15 9 20 0 0 -1 -1 0 0 0 1 0 32123b.dat
1 0 -40 9 0 1 0 0 0 0 -1 0 1 0 32062.dat
1 0 -40 -11 -20 1 0 0 0 0 -1 0 1 0 32062.dat
1 0 -40 -11 9 0 -1 0 0 0 -1 1 0 0 32062.dat
1 0 -40 29 -40 1 0 0 0 0 -1 0 1 0 2780.dat
1 0 -40 9 40 1 0 0 0 0 -1 0 1 0 32062.dat
1 0 -40 9 20 1 0 0 0 0 -1 0 1 0 4519.dat
0 
0 
0 
0
0 FILE Part 9.ldr
0 Part 9
0 Name: Part 9.ldr
0 Author: R Paluczak
0 Unofficial Model
0 ROTATION CENTER 0 0 0 1 "Custom" 
0 ROTATION CONFIG 0 0
1 19 -32 20 0 0 1 0 -1 0 0 0 0 1 32271.dat
1 0 -32 20 0 1 0 0 0 0 -1 0 1 0 32062.dat
1 0 -42 20 -64 1 0 0 0 0 -1 0 1 0 Part 12.ldr
0 
0
0 FILE Part 10.ldr
0 Part 10
0 Name: Part 10.ldr
0 Author: R Paluczak
0 Unofficial Model
0 ROTATION CENTER 0 0 0 1 "Custom" 
0 ROTATION CONFIG 0 0
1 0 -10 48 0 1 0 0 0 1 0 0 0 1 32062.dat
1 0 -10 28 -20 0 0 -1 0 1 0 1 0 0 32054.dat
1 0 -10 48 20 1 0 0 0 1 0 0 0 1 32062.dat
1 0 -10 48 20 1 0 0 0 -1 0 0 0 -1 32291.dat
1 0 -10 8 60 -1 0 0 0 -1 0 0 0 1 32039.dat
1 0 -10 48 40 1 0 0 0 -1 0 0 0 -1 6536.dat
1 8 -10 48 0 1 0 0 0 -1 0 0 0 -1 6536.dat
1 8 10 27 40 0 1 0 1 0 0 0 0 -1 4740.dat
1 8 -30 27 40 0 -1 0 1 0 0 0 0 1 4740.dat
1 0 -10 48 40 1 0 0 0 1 0 0 0 1 32062.dat
1 0 -10 8 40 1 0 0 0 1 0 0 0 1 32062.dat
1 0 -25 48 40 0 1 0 0 0 -1 -1 0 0 32056.dat
1 0 5 48 40 0 1 0 0 0 -1 -1 0 0 32056.dat
0
0 FILE Part 11.ldr
0 Part 11
0 Name: Part 11.ldr
0 Author: R Paluczak
0 Unofficial Model
0 ROTATION CENTER 0 0 0 1 "Custom" 
0 ROTATION CONFIG 0 0
1 19 -150 0 0 1 0 0 0 1 0 0 0 1 32039.dat
1 0 -150 0 220 -1 0 0 0 1 0 0 0 -1 32039.dat
1 19 -170 0 -20 -1 0 0 0 0 -1 0 -1 0 6553.dat
1 19 -130 0 -20 -1 0 0 0 0 -1 0 -1 0 6553.dat
1 0 -150 0 -20 -1 0 0 0 1 0 0 0 -1 4519.dat
1 0 -150 0 30 0 0 1 0 1 0 -1 0 0 3705.dat
1 0 -150 0 150 0 0 1 0 1 0 -1 0 0 3707.dat
1 0 -150 0 70 1 0 0 0 1 0 0 0 1 6538a.dat
0
0 FILE Part 12.ldr
0 Part 12
0 Name: Part 12.ldr
0 Author: R Paluczak
0 Unofficial Model
0 ROTATION CENTER 0 0 0 1 "Custom" 
0 ROTATION CONFIG 0 0
1 2 -100 24 0 0 0 -1 0 1 0 1 0 0 32013.dat
1 0 -100 24 0 0 0 -1 0 1 0 1 0 0 6558.dat
1 0 10 44 -150 0 0 -1 0 1 0 1 0 0 2780.dat
1 0 -50 4 0 0 0 -1 0 1 0 1 0 0 32062.dat
1 0 -90 4 0 0 0 -1 0 1 0 1 0 0 32062.dat
1 0 70 4 0 0 0 -1 0 1 0 1 0 0 32062.dat
1 0 70 24 60 -1 0 0 0 1 0 0 0 -1 32062.dat
1 0 110 4 0 0 0 -1 0 1 0 1 0 0 32062.dat
1 0 120 24 0 0 0 -1 0 1 0 1 0 0 6558.dat
0 SYNTH BEGIN TECHNIC_RIBBED_HOSE 2
0 1 0 120 24 10 0 0 -1 1 0 0 0 -1 0 LS02.dat
0 1 0 120 24 30 0 0 -1 1 0 0 0 -1 0 LS02.dat
0 1 0 10 24 130 0 1 0 1 0 0 0 0 -1 LS02.dat
0 1 0 -100 24 30 0 0 1 1 0 0 0 1 0 LS02.dat
0 1 0 -100 24 10 0 0 1 1 0 0 0 1 0 LS02.dat
0 SYNTH SHOW
0 SYNTH SYNTHESIZED BEGIN
1 2 120 24 12.5 1 0 0 0 0 1 0 -1 0 79.dat
1 2 120 24 18.0008 1 0 0 0 0 1 0 1 0 80.dat
1 2 120 24 23.502 1 0 0 0 0 1 0 1 0 80.dat
1 2 119.971 24 29.0021 0.9999 -0.0115 0 0 0 1 0.0115 0.9999 0 80.dat
1 2 119.847 24 34.5138 0.9994 -0.036 0 0 0 1 0.036 0.9994 0 80.dat
1 2 119.58 24 40.024 0.998 -0.0631 0 0 0 1 0.0631 0.998 0 80.dat
1 2 119.157 24 45.5199 0.9956 -0.0932 0 0 0 1 0.0932 0.9956 0 80.dat
1 2 118.559 24 51.008 0.992 -0.1265 0 0 0 1 0.1265 0.992 0 80.dat
1 2 117.769 24 56.4709 0.9866 -0.1634 0 0 0 1 0.1634 0.9866 0 80.dat
1 2 116.766 24 61.8883 0.9789 -0.2043 0 0 0 1 0.2043 0.9789 0 80.dat
1 2 115.527 24 67.2583 0.9684 -0.2494 0 0 0 1 0.2494 0.9684 0 80.dat
1 2 114.03 24 72.554 0.9542 -0.299 0 0 0 1 0.299 0.9542 0 80.dat
1 2 112.247 24 77.7655 0.9356 -0.3532 0 0 0 1 0.3532 0.9356 0 80.dat
1 2 110.156 24 82.8585 0.9114 -0.4115 0 0 0 1 0.4115 0.9114 0 80.dat
1 2 107.738 24 87.796 0.8809 -0.4733 0 0 0 1 0.4733 0.8809 0 80.dat
1 2 104.968 24 92.5586 0.8434 -0.5373 0 0 0 1 0.5373 0.8434 0 80.dat
1 2 101.849 24 97.0896 0.7986 -0.6019 0 0 0 1 0.6019 0.7986 0 80.dat
1 2 98.3788 24 101.355 0.7469 -0.6649 0 0 0 1 0.6649 0.7469 0 80.dat
1 2 94.5662 24 105.328 0.6895 -0.7243 0 0 0 1 0.7243 0.6895 0 80.dat
1 2 90.4419 24 108.973 0.6282 -0.7781 0 0 0 1 0.7781 0.6282 0 80.dat
1 2 86.0305 24 112.281 0.5649 -0.8252 0 0 0 1 0.8252 0.5649 0 80.dat
1 2 81.3787 24 115.241 0.502 -0.8649 0 0 0 1 0.8649 0.502 0 80.dat
1 2 76.5393 24 117.851 0.4412 -0.8974 0 0 0 1 0.8974 0.4412 0 80.dat
1 2 71.5291 24 120.138 0.3836 -0.9235 0 0 0 1 0.9235 0.3836 0 80.dat
1 2 66.3816 24 122.121 0.3301 -0.9439 0 0 0 1 0.9439 0.3301 0 80.dat
1 2 61.1491 24 123.815 0.2812 -0.9597 0 0 0 1 0.9597 0.2812 0 80.dat
1 2 55.8405 24 125.25 0.2366 -0.9716 0 0 0 1 0.9716 0.2366 0 80.dat
1 2 50.4607 24 126.454 0.1963 -0.9805 0 0 0 1 0.9805 0.1963 0 80.dat
1 2 45.0318 24 127.447 0.1599 -0.9871 0 0 0 1 0.9871 0.1599 0 80.dat
1 2 39.5738 24 128.247 0.1272 -0.9919 0 0 0 1 0.9919 0.1272 0 80.dat
1 2 34.1035 24 128.874 0.0978 -0.9952 0 0 0 1 0.9952 0.0978 0 80.dat
1 2 28.6137 24 129.347 0.0713 -0.9975 0 0 0 1 0.9975 0.0713 0 80.dat
1 2 23.1169 24 129.68 0.0474 -0.9989 0 0 0 1 0.9989 0.0474 0 80.dat
1 2 17.6022 24 129.887 0.0258 -0.9997 0 0 0 1 0.9997 0.0258 0 80.dat
1 2 12.0998 24 129.945 -0.0079 -1 0 0 0 1 1 -0.0079 0 80.dat
1 2 6.5978 24 129.86 -0.0247 -0.9997 0 0 0 1 0.9997 -0.0247 0 80.dat
1 2 1.0814 24 129.677 -0.0434 -0.9991 0 0 0 1 0.9991 -0.0434 0 80.dat
1 2 -4.4218 24 129.386 -0.0641 -0.9979 0 0 0 1 0.9979 -0.0641 0 80.dat
1 2 -9.9257 24 128.975 -0.0871 -0.9962 0 0 0 1 0.9962 -0.0871 0 80.dat
1 2 -15.3995 24 128.431 -0.1127 -0.9936 0 0 0 1 0.9936 -0.1127 0 80.dat
1 2 -20.8757 24 127.737 -0.1414 -0.99 0 0 0 1 0.99 -0.1414 0 80.dat
1 2 -26.3195 24 126.878 -0.1733 -0.9849 0 0 0 1 0.9849 -0.1733 0 80.dat
1 2 -31.737 24 125.833 -0.2089 -0.9779 0 0 0 1 0.9779 -0.2089 0 80.dat
1 2 -37.1094 24 124.581 -0.2486 -0.9686 0 0 0 1 0.9686 -0.2486 0 80.dat
1 2 -42.4147 24 123.102 -0.2926 -0.9562 0 0 0 1 0.9562 -0.2926 0 80.dat
1 2 -47.6482 24 121.367 -0.3411 -0.94 0 0 0 1 0.94 -0.3411 0 80.dat
1 2 -52.7799 24 119.353 -0.3943 -0.919 0 0 0 1 0.919 -0.3943 0 80.dat
1 2 -57.7761 24 117.037 -0.4515 -0.8923 0 0 0 1 0.8923 -0.4515 0 80.dat
1 2 -62.6005 24 114.402 -0.5123 -0.8588 0 0 0 1 0.8588 -0.5123 0 80.dat
1 2 -67.2335 24 111.42 -0.5752 -0.818 0 0 0 1 0.818 -0.5752 0 80.dat
1 2 -71.6187 24 108.094 -0.6384 -0.7697 0 0 0 1 0.7697 -0.6384 0 80.dat
1 2 -75.7223 24 104.422 -0.6997 -0.7144 0 0 0 1 0.7144 -0.6997 0 80.dat
1 2 -79.5013 24 100.429 -0.7569 -0.6535 0 0 0 1 0.6535 -0.7569 0 80.dat
1 2 -82.9383 24 96.132 -0.8083 -0.5888 0 0 0 1 0.5888 -0.8083 0 80.dat
1 2 -86.0122 24 91.5745 -0.8526 -0.5226 0 0 0 1 0.5226 -0.8526 0 80.dat
1 2 -88.7256 24 86.7888 -0.8894 -0.4571 0 0 0 1 0.4571 -0.8894 0 80.dat
1 2 -91.0883 24 81.8099 -0.9191 -0.394 0 0 0 1 0.394 -0.9191 0 80.dat
1 2 -93.1079 24 76.6941 -0.9424 -0.3346 0 0 0 1 0.3346 -0.9424 0 80.dat
1 2 -94.814 24 71.4579 -0.9601 -0.2796 0 0 0 1 0.2796 -0.9601 0 80.dat
1 2 -96.2292 24 66.1347 -0.9733 -0.2294 0 0 0 1 0.2294 -0.9733 0 80.dat
