0 FILE Darth Vader.ldr
0 Darth Vader
0 Name: Darth Vader.ldr
0 Author: R Paluczak
0 Unofficial Model
0 ROTATION CENTER 0 0 0 1 "Custom" 
0 ROTATION CONFIG 0 0
1 0 -110 120 0 1 0 0 0 1 0 0 0 1 Right Leg.ldr
1 0 -135 -512 56 1 0 0 0 0 -1 0 1 0 Torso.ldr
1 0 -261 -133 40 0 -1 0 -1 0 0 0 0 -1 Right Arm.ldr
1 0 -49.8 -133.25 100 0 1 0 -1 0 0 0 0 1 Left Arm.ldr
1 0 -150 -703 -10 0 0 1 0 1 0 -1 0 0 Head.ldr
1 0 -9.016 120 129.158 0.707107 0 -0.707107 0 1 0 0.707107 0 0.707107 Leg.ldr
0
0 FILE Leg.ldr
0 Leg
0 Name: Leg.ldr
0 Author: R Paluczak
0 Unofficial Model
0 ROTATION CENTER 0 0 0 1 "Custom" 
0 ROTATION CONFIG 0 0
1 0 -120 -132 0 0 1 0 0 0 1 1 0 0 32250.dat
1 0 -130 -292 40 0 -1 0 0 0 1 -1 0 0 32250.dat
1 0 -130 -332 40 0 1 0 0 0 -1 -1 0 0 32250.dat
1 0 -80 -332 40 0 1 0 0 0 -1 -1 0 0 32250.dat
1 0 -80 -292 40 0 -1 0 0 0 1 -1 0 0 32250.dat
1 0 -105 8 40 1 0 0 0 -1 0 0 0 -1 41678.dat
1 8 -115 18 60 0 1 0 1 0 0 0 0 -1 32002.dat
1 8 -95 18 60 0 1 0 1 0 0 0 0 -1 32002.dat
1 0 -105 -72 0 -1 0 0 0 0 -1 0 -1 0 4519.dat
1 0 -105 -132 0 -1 0 0 0 0 -1 0 -1 0 4519.dat
1 0 -105 -212 40 -1 0 0 0 0 -1 0 -1 0 4519.dat
1 0 -105 -292 0 -1 0 0 0 0 -1 0 -1 0 4519.dat
1 0 -115 -332 40 -1 0 0 0 0 -1 0 -1 0 3705.dat
1 0 -115 -412 40 -1 0 0 0 0 -1 0 -1 0 3705.dat
1 0 -105 -412 40 -1 0 0 0 0 -1 0 -1 0 75535.dat
1 0 -165 -442 40 0 0 -1 1 0 0 0 -1 0 75535.dat
1 0 -165 -422 40 0 0 -1 1 0 0 0 -1 0 3673.dat
1 0 -165 -332 40 0 0 -1 1 0 0 0 -1 0 32192.dat
1 0 -105 -332 0 -1 0 0 0 0 -1 0 -1 0 4519.dat
1 0 -165 -412 40 0 0 -1 1 0 0 0 -1 0 32192.dat
1 0 -105 -292 40 -1 0 0 0 0 -1 0 -1 0 4519.dat
1 7 -105 -212 40 0 0 -1 1 0 0 0 -1 0 3713.dat
1 0 -105 8 40 -1 0 0 0 0 -1 0 -1 0 32062.dat
1 0 -105 8 20 -1 0 0 0 0 -1 0 -1 0 32062.dat
1 0 -105 8 0 -1 0 0 0 0 -1 0 -1 0 32062.dat
1 0 -105 -52 0 -1 0 0 0 0 -1 0 -1 0 32062.dat
1 0 -105 -132 40 -1 0 0 0 0 -1 0 -1 0 32062.dat
1 0 -105 -172 40 -1 0 0 0 0 -1 0 -1 0 32062.dat
1 0 -105 -172 0 -1 0 0 0 0 -1 0 -1 0 32062.dat
1 0 -105 8 0 1 0 0 0 1 0 0 0 1 32165.dat
1 0 -105 8 -33 1 0 0 0 0.382683 0.92388 0 -0.92388 0.382683 2716.dat
1 0 -100 8 0 0 -1 0 0 0 -1 1 0 0 32250.dat
1 0 -110 8 0 0 -1 0 0 0 -1 1 0 0 32250.dat
0 
1 0 -90 -132 0 0 1 0 0 0 1 1 0 0 32250.dat
1 0 -90 -172 40 0 -1 0 -1 0 0 0 0 -1 32249.dat
1 0 -120 -172 40 0 -1 0 -1 0 0 0 0 -1 32249.dat
1 0 -80 -102 0 0 1 0 0 0 1 1 0 0 32449.dat
1 0 -120 -332 0 0 1 0 0 0 1 1 0 0 6632.dat
1 0 -130 -102 0 0 1 0 0 0 1 1 0 0 32449.dat
1 0 -105 -152 0 -1 0 0 0 1 0 0 0 -1 32184.dat
1 0 -105 -292 20 -1 0 0 0 0 -1 0 -1 0 32184.dat
1 0 -105 -332 20 -1 0 0 0 0 -1 0 -1 0 32184.dat
1 0 -105 -152 40 -1 0 0 0 1 0 0 0 -1 32184.dat
1 0 -90 -332 0 0 1 0 0 0 1 1 0 0 6632.dat
1 0 -120 -332 40 0 1 0 0 0 1 1 0 0 6632.dat
1 0 -90 -332 40 0 1 0 0 0 1 1 0 0 6632.dat
0
0 FILE Right Leg.ldr
0 Right Leg
0 Name: Right Leg.ldr
0 Author: R Paluczak
0 Unofficial Model
0 ROTATION CENTER 0 0 0 1 "Custom" 
0 ROTATION CONFIG 0 0
1 0 -120 -132 0 0 1 0 0 0 1 1 0 0 32250.dat
1 0 -130 -292 40 0 -1 0 0 0 1 -1 0 0 32250.dat
1 0 -130 -332 40 0 1 0 0 0 -1 -1 0 0 32250.dat
1 0 -80 -332 40 0 1 0 0 0 -1 -1 0 0 32250.dat
1 0 -80 -292 40 0 -1 0 0 0 1 -1 0 0 32250.dat
1 0 -105 8 40 1 0 0 0 -1 0 0 0 -1 41678.dat
1 8 -115 18 60 0 1 0 1 0 0 0 0 -1 32002.dat
1 8 -95 18 60 0 1 0 1 0 0 0 0 -1 32002.dat
1 0 -105 -72 0 -1 0 0 0 0 -1 0 -1 0 4519.dat
1 0 -105 -132 0 -1 0 0 0 0 -1 0 -1 0 4519.dat
1 0 -105 -212 40 -1 0 0 0 0 -1 0 -1 0 4519.dat
1 0 -105 -292 0 -1 0 0 0 0 -1 0 -1 0 4519.dat
1 0 -95 -332 40 -1 0 0 0 0 -1 0 -1 0 3705.dat
1 0 -95 -412 40 -1 0 0 0 0 -1 0 -1 0 3705.dat
1 0 -105 -332 0 -1 0 0 0 0 -1 0 -1 0 4519.dat
1 0 -105 -292 40 -1 0 0 0 0 -1 0 -1 0 4519.dat
1 7 -105 -212 40 0 0 -1 1 0 0 0 -1 0 3713.dat
1 7 -120 -412 40 0 0 -1 1 0 0 0 -1 0 32123a.dat
1 7 -90 -412 40 0 0 -1 1 0 0 0 -1 0 32123a.dat
1 0 -105 8 40 -1 0 0 0 0 -1 0 -1 0 32062.dat
1 0 -105 8 20 -1 0 0 0 0 -1 0 -1 0 32062.dat
1 0 -105 8 0 -1 0 0 0 0 -1 0 -1 0 32062.dat
1 0 -105 -52 0 -1 0 0 0 0 -1 0 -1 0 32062.dat
1 0 -105 -132 40 -1 0 0 0 0 -1 0 -1 0 32062.dat
1 0 -105 -172 40 -1 0 0 0 0 -1 0 -1 0 32062.dat
1 0 -105 -172 0 -1 0 0 0 0 -1 0 -1 0 32062.dat
1 0 -105 8 0 1 0 0 0 1 0 0 0 1 32165.dat
1 0 -105 8 -33 1 0 0 0 0.382683 0.92388 0 -0.92388 0.382683 2716.dat
1 0 -100 8 0 0 -1 0 0 0 -1 1 0 0 32250.dat
1 0 -110 8 0 0 -1 0 0 0 -1 1 0 0 32250.dat
0 
1 0 -90 -132 0 0 1 0 0 0 1 1 0 0 32250.dat
1 0 -90 -172 40 0 -1 0 -1 0 0 0 0 -1 32249.dat
1 0 -120 -172 40 0 -1 0 -1 0 0 0 0 -1 32249.dat
1 0 -80 -102 0 0 1 0 0 0 1 1 0 0 32449.dat
1 0 -120 -332 0 0 1 0 0 0 1 1 0 0 6632.dat
1 0 -130 -102 0 0 1 0 0 0 1 1 0 0 32449.dat
1 0 -105 -152 0 -1 0 0 0 1 0 0 0 -1 32184.dat
1 0 -105 -292 20 -1 0 0 0 0 -1 0 -1 0 32184.dat
1 0 -105 -332 20 -1 0 0 0 0 -1 0 -1 0 32184.dat
1 0 -105 -152 40 -1 0 0 0 1 0 0 0 -1 32184.dat
1 0 -90 -332 0 0 1 0 0 0 1 1 0 0 6632.dat
1 0 -120 -332 40 0 1 0 0 0 1 1 0 0 6632.dat
1 0 -90 -332 40 0 1 0 0 0 1 1 0 0 6632.dat
0
0 FILE Torso.ldr
0 Torso
0 Name: Torso.ldr
0 Author: R Paluczak
0 Unofficial Model
0 ROTATION CENTER 0 0 0 1 "Custom" 
0 ROTATION CONFIG 0 0
1 0 -20 24 0 0 0 -1 0 1 0 1 0 0 32034.dat
1 0 -40 42 70 1 0 0 0 0 1 0 -1 0 Torso 5.ldr
1 0 -99.681 -72.441 -139.999 -0.177944 0 -0.984041 -0.984041 0 0.177944 0 1 0 32523.dat
1 7 -99.681 -72.441 -130 0 0.177944 -0.984041 0 0.984041 0.177944 1 0 0 4274.dat
1 7 -119.362 -68.882 -130 0 0.177944 -0.984041 0 0.984041 0.177944 1 0 0 4274.dat
1 0 59.545 -71.756 -139.999 -0.212178 0 0.977231 0.977231 0 0.212178 0 1 0 32523.dat
1 7 59.545 -71.756 -130 0 0.212178 0.977231 0 -0.977231 0.212178 1 0 0 4274.dat
1 7 79.089 -67.513 -130 0 0.212178 0.977231 0 -0.977231 0.212178 1 0 0 4274.dat
1 0 -60 24 -60 0 -1 0 -1 0 0 0 0 -1 32316.dat
1 0 20 24 -60 0 -1 0 -1 0 0 0 0 -1 32316.dat
1 0 -20 -76 -120 0 0 -1 -1 0 0 0 1 0 32524.dat
1 0 -20 -76 -140 0 0 -1 -1 0 0 0 1 0 32316.dat
1 0 -60 -76 -120 0 0 -1 0 1 0 1 0 0 32556.dat
1 0 20 -76 -120 0 0 -1 0 1 0 1 0 0 32556.dat
1 0 -60 -34.609 0.026 0 -1 0 -0.999391 0 0.0348995 -0.0348995 0 -0.999391 32316.dat
1 0 20 -34.609 0.026 0 -1 0 -0.999391 0 0.0348995 -0.0348995 0 -0.999391 32316.dat
1 0 -71 4.052 55.866 1 0 0 0 0 1 0 -1 0 Torso 2.ldr
1 0 -90 24.052 60 0 0 -1 1 0 0 0 -1 0 32062.dat
1 0 -90 24.052 60 0 0 -1 1 0 0 0 -1 0 41678.dat
0 SYNTH BEGIN MINIFIG_CHAIN_16L 7
0 1 0 -70 32 50 0 0 -1 0 1 0 1 0 0 LS08.dat
0 1 0 -20 -40 20 0 -1 0 -1 0 0 0 0 -1 LS08.dat
0 1 0 30 32 50 0 0 1 0 -1 0 1 0 0 LS08.dat
0 SYNTH SHOW
0 SYNTH SYNTHESIZED BEGIN
1 7 -69.7839 23.021 49.4244 0.9997 0.024 0.0008 0.024 -0.9977 -0.064 0.0008 -0.064 0.998 209.dat
1 7 -69.0196 12.6954 47.682 -0.0071 0.0809 0.9967 0.1829 -0.9798 0.0808 -0.9831 -0.1829 0.0079 209.dat
1 7 -67.523 2.6428 44.8342 -0.9882 0.1522 -0.0194 -0.1514 -0.9465 0.285 -0.025 -0.2846 -0.9583 209.dat
1 7 -65.1207 -6.9031 41.1035 0.0372 0.2409 -0.9698 -0.3682 -0.8989 -0.2374 0.929 -0.3659 -0.0553 209.dat
1 7 -61.58 -15.8183 36.7243 0.9343 0.3517 0.0588 0.3415 -0.835 -0.4315 0.1027 -0.4232 0.9002 209.dat
1 7 -56.6296 -23.852 32.0196 -0.0812 0.489 0.8685 0.4738 -0.7477 0.4653 -0.8769 -0.4493 0.1709 209.dat
1 7 -50.0194 -30.6228 27.4543 -0.7526 0.6512 -0.0978 -0.6048 -0.6249 0.4937 -0.2604 -0.4307 -0.8641 209.dat
1 7 -41.664 -35.7123 23.6108 0.0971 0.8161 -0.5697 -0.4932 -0.4577 -0.7398 0.8645 -0.3528 -0.358 209.dat
1 7 -31.9695 -38.765 21.0883 0.3352 0.9395 0.0707 0.8359 -0.262 -0.4823 0.4346 -0.2208 0.8731 209.dat
1 7 -21.5767 -39.877 20.1106 -0.0252 0.9944 0.103 0.4743 -0.0788 0.8768 -0.88 -0.0709 0.4697 209.dat
1 7 -11.0752 -39.2998 20.6302 0.1017 0.9945 0.0249 -0.8769 0.0778 0.4743 -0.4698 0.07 -0.88 209.dat
1 7 -1.0914 -36.8367 22.714 -0.0704 0.9402 0.3333 -0.4823 0.2605 -0.8364 0.8732 0.2196 -0.4351 209.dat
1 7 7.7076 -32.3302 26.2187 -0.568 0.8173 -0.097 0.7407 0.4563 -0.4931 0.3588 0.3519 0.8645 209.dat
1 7 14.8204 -26.0237 30.6258 0.0979 0.6525 -0.7515 0.4938 0.6238 0.6059 -0.8641 0.4303 0.2611 209.dat
1 7 20.2445 -18.3337 35.3375 0.8678 0.4902 0.0814 -0.4663 0.7469 0.474 -0.1715 0.4493 -0.8767 209.dat
1 7 24.1703 -9.6784 39.8389 -0.059 0.3527 0.9339 -0.4319 0.8344 -0.3424 0.9 0.4236 -0.1031 209.dat
1 7 26.8966 -0.2875 43.799 -0.9696 0.2417 -0.0373 0.2381 0.8985 -0.3687 0.0556 0.3664 0.9288 209.dat
1 7 28.6488 9.6288 46.9379 0.0196 0.1528 -0.9881 0.2857 0.9462 0.152 -0.9581 0.2853 0.0252 209.dat
1 7 29.6162 19.9013 49.03 0.9967 0.0814 0.0071 -0.0813 0.9796 0.1837 -0.0079 0.1837 -0.983 209.dat
1 7 29.9621 30.4148 49.899 -0.0008 0.0243 0.9997 -0.0646 0.9976 -0.0243 0.9979 0.0646 -0.0008 209.dat
1 7 30 40.9744 50 -1 0 -0 -0 1 -0 -0 0 1 209.dat
0 SYNTH SYNTHESIZED END
0 SYNTH SYNTHESIZED BEGIN
1 7 0 0 0 0 0 0 0 0 0 0 0 0 209.dat
0 SYNTH SYNTHESIZED END
0 SYNTH END
1 0 50 24.052 60 0 0 1 1 0 0 0 1 0 41678.dat
1 0 70 16.052 60 0 0 -1 1 0 0 0 -1 0 3673.dat
0 SYNTH BEGIN TECHNIC_RIBBED_HOSE 0
0 1 0 70 15.052 60 0 0 -1 0 1 0 1 0 0 LS02.dat
0 1 0 70 -4.948 60 0 0 -1 0 1 0 1 0 0 LS02.dat
0 1 0 20 -75.948 -90 0 0 -1 -1 0 0 0 1 0 LS02.dat
0 1 0 20 -75.948 -110 0 0 -1 -1 0 0 0 1 0 LS02.dat
0 SYNTH SHOW
0 SYNTH SYNTHESIZED BEGIN
1 0 70 12.552 60 1 0 0 0 1 0 0 0 1 79.dat
1 0 70 7.0511 60 1 0 0 0 -1 0 0 0 1 80.dat
1 0 70 1.55 60 1 0 0 0 -1 0 0 0 1 80.dat
1 0 69.9629 -3.9494 59.9476 0.9999 -0.0148 -0 -0.0148 -0.9997 -0.021 -0.0003 -0.021 0.9998 80.dat
1 0 69.8016 -9.4507 59.7176 0.9989 -0.0466 0 -0.0465 -0.9967 -0.0668 -0.0031 -0.0667 0.9978 80.dat
1 0 69.457 -14.937 59.2199 0.9967 -0.0815 0 -0.0809 -0.9896 -0.1188 -0.0097 -0.1185 0.9929 80.dat
1 0 68.9127 -20.3629 58.4216 0.9928 -0.1194 0 -0.1175 -0.977 -0.1778 -0.0212 -0.1765 0.9841 80.dat
1 0 68.1529 -25.7011 57.2876 0.9871 -0.1599 0 -0.1551 -0.9573 -0.244 -0.039 -0.2408 0.9698 80.dat
1 0 67.164 -30.9184 55.7829 0.9794 -0.2021 0 -0.1917 -0.9288 -0.3171 -0.0641 -0.3105 0.9484 80.dat
1 0 65.9465 -35.9321 53.891 0.9697 -0.2444 -0 -0.2244 -0.8904 -0.3959 -0.0968 -0.3839 0.9183 80.dat
1 0 64.5008 -40.7083 51.5922 0.9585 -0.285 0 -0.2502 -0.8417 -0.4785 -0.1364 -0.4587 0.8781 80.dat
1 0 62.8397 -45.1958 48.8843 0.9468 -0.3219 -0 -0.2663 -0.7833 -0.5617 -0.1808 -0.5318 0.8273 80.dat
1 0 60.9847 -49.3554 45.7776 0.9355 -0.3532 -0 -0.2709 -0.7176 -0.6416 -0.2266 -0.6003 0.767 80.dat
1 0 58.9723 -53.1449 42.3085 0.9259 -0.3777 0 -0.2643 -0.6478 -0.7145 -0.2699 -0.6616 0.6996 80.dat
1 0 56.8448 -56.5426 38.5263 0.9186 -0.3952 0 -0.2484 -0.5773 -0.7778 -0.3074 -0.7145 0.6285 80.dat
1 0 54.6369 -59.5582 34.4715 0.9139 -0.4059 0 -0.2261 -0.5091 -0.8305 -0.3371 -0.759 0.557 80.dat
1 0 52.3916 -62.1988 30.2041 0.9117 -0.4108 0 -0.2005 -0.445 -0.8728 -0.3585 -0.7957 0.4881 80.dat
1 0 50.1286 -64.5032 25.7454 0.9117 -0.4108 0 -0.174 -0.3862 -0.9058 -0.3721 -0.8259 0.4236 80.dat
1 0 47.8737 -66.4992 21.1312 0.9135 -0.4069 0 -0.1484 -0.3331 -0.9312 -0.3789 -0.8506 0.3646 80.dat
1 0 45.6485 -68.2162 16.3929 0.9165 -0.4 -0 -0.1247 -0.2856 -0.9502 -0.38 -0.8709 0.3117 80.dat
1 0 43.471 -69.6829 11.5581 0.9206 -0.3905 0 -0.1033 -0.2436 -0.9644 -0.3766 -0.8878 0.2646 80.dat
1 0 41.3461 -70.9328 6.6273 0.9253 -0.3791 0 -0.0845 -0.2063 -0.9748 -0.3696 -0.902 0.223 80.dat
1 0 39.2863 -71.9897 1.6188 0.9306 -0.3661 0 -0.0683 -0.1736 -0.9824 -0.3597 -0.9142 0.1865 80.dat
1 0 37.3016 -72.8755 -3.4524 0.9361 -0.3519 0 -0.0544 -0.1448 -0.988 -0.3476 -0.9248 0.1547 80.dat
1 0 35.4003 -73.6108 -8.5742 0.9417 -0.3364 -0 -0.0427 -0.1196 -0.9919 -0.3337 -0.9341 0.127 80.dat
1 0 33.5892 -74.2141 -13.7366 0.9474 -0.32 -0 -0.033 -0.0976 -0.9947 -0.3183 -0.9424 0.103 80.dat
1 0 31.8663 -74.7043 -18.9559 0.9531 -0.3027 -0 -0.0249 -0.0783 -0.9966 -0.3017 -0.9499 0.0822 80.dat
1 0 30.2449 -75.0939 -24.2025 0.9587 -0.2846 -0 -0.0183 -0.0616 -0.9979 -0.284 -0.9567 0.0643 80.dat
1 0 28.7224 -75.398 -29.4955 0.9641 -0.2656 0 -0.013 -0.0473 -0.9988 -0.2653 -0.9629 0.049 80.dat
1 0 27.3104 -75.6274 -34.8079 0.9693 -0.2459 -0 -0.0089 -0.035 -0.9993 -0.2457 -0.9687 0.0361 80.dat
1 0 26.0066 -75.7943 -40.1608 0.9743 -0.2253 0 -0.0057 -0.0246 -0.9997 -0.2252 -0.974 0.0253 80.dat
1 0 24.8161 -75.9087 -45.5522 0.979 -0.2039 0 -0.0033 -0.016 -0.9999 -0.2038 -0.9789 0.0163 80.dat
1 0 23.7484 -75.9795 -50.9564 0.9834 -0.1816 -0 -0.0017 -0.009 -1 -0.1816 -0.9833 0.0092 80.dat
1 0 22.8031 -76.016 -56.396 0.9873 -0.1586 0 -0.0006 -0.0036 -1 -0.1586 -0.9873 0.0037 80.dat
1 0 21.989 -76.0262 -61.8455 0.9909 -0.1347 0 0 0.0003 -1 -0.1347 -0.9909 -0.0003 80.dat
1 0 21.3098 -76.0183 -67.3032 0.9939 -0.11 0 0.0003 0.0028 -1 -0.11 -0.9939 -0.0028 80.dat
1 0 20.7673 -75.9996 -72.7916 0.9964 -0.0844 -0 0.0003 0.004 -1 -0.0844 -0.9964 -0.0041 80.dat
1 0 20.3688 -75.9775 -78.2841 0.9983 -0.0579 -0 0.0002 0.004 -1 -0.0579 -0.9983 -0.004 80.dat
1 0 20.1188 -75.9589 -83.7782 0.9995 -0.0305 0 0.0001 0.0027 -1 -0.0305 -0.9995 -0.0027 80.dat
1 0 20.0255 -75.9506 -89.2946 1 -0.0005 0 0 0 -1 -0.0005 -1 -0 80.dat
1 0 20.0198 -75.95 -94.7964 1 -0.0017 -0 0 0.0002 -1 -0.0017 -1 -0.0002 80.dat
1 0 20.0098 -75.949 -100.298 1 -0.002 0 0 0.0002 -1 -0.002 -1 -0.0002 80.dat
1 0 20.0022 -75.9482 -105.8 1 -0.0007 -0 0 0.0001 -1 -0.0007 -1 -0.0001 79.dat
0 SYNTH SYNTHESIZED END
0 SYNTH SYNTHESIZED BEGIN
0 SYNTH SYNTHESIZED END
0 SYNTH SYNTHESIZED BEGIN
0 SYNTH SYNTHESIZED END
0 SYNTH END
0 SYNTH BEGIN TECHNIC_RIBBED_HOSE 0
0 1 0 -90 15.052 60 0 0 -1 0 1 0 1 0 0 LS02.dat
0 1 0 -90 -4.948 60 0 0 -1 0 1 0 1 0 0 LS02.dat
0 1 0 -60 -75.948 -90 0 0 -1 -1 0 0 0 1 0 LS02.dat
0 1 0 -60 -75.948 -110 0 0 -1 -1 0 0 0 1 0 LS02.dat
0 SYNTH SHOW
0 SYNTH SYNTHESIZED BEGIN
1 0 -90 12.552 60 1 0 0 0 1 0 0 0 1 79.dat
1 0 -90 7.0511 60 1 0 0 0 -1 0 0 0 1 80.dat
1 0 -90 1.55 60 1 0 0 0 -1 0 0 0 1 80.dat
1 0 -89.9777 -3.9496 59.9475 1 0.0089 0 0.0089 -0.9997 -0.021 0.0002 -0.021 0.9998 80.dat
1 0 -89.8807 -9.4622 59.7169 0.9996 0.028 -0 0.028 -0.9974 -0.0669 0.0019 -0.0668 0.9978 80.dat
1 0 -89.6734 -14.9519 59.2179 0.9988 0.0491 0 0.0487 -0.9917 -0.119 0.0058 -0.1189 0.9929 80.dat
1 0 -89.3448 -20.4006 58.4146 0.9974 0.0721 -0 0.071 -0.9814 -0.1781 0.0128 -0.1777 0.984 80.dat
1 0 -88.8857 -25.7597 57.2723 0.9953 0.097 0 0.0941 -0.965 -0.2447 0.0237 -0.2436 0.9696 80.dat
1 0 -88.2845 -31.0208 55.7471 0.9924 0.1235 0 0.117 -0.9406 -0.3188 0.0394 -0.3163 0.9478 80.dat
1 0 -87.5358 -36.1224 53.8067 0.9886 0.1506 0 0.1381 -0.9064 -0.3993 0.0601 -0.3947 0.9168 80.dat
1 0 -86.6398 -41.0014 51.429 0.9842 0.1772 0 0.1551 -0.8613 -0.4839 0.0858 -0.4763 0.8751 80.dat
1 0 -85.6028 -45.5991 48.6053 0.9794 0.202 -0 0.166 -0.8051 -0.5694 0.115 -0.5577 0.822 80.dat
1 0 -84.4375 -49.8662 45.3416 0.9747 0.2234 0 0.1694 -0.7393 -0.6517 0.1456 -0.6352 0.7585 80.dat
1 0 -83.1616 -53.7682 41.6586 0.9707 0.2403 -0 0.1651 -0.667 -0.7265 0.1746 -0.7052 0.6871 80.dat
1 0 -81.8082 -57.2569 37.622 0.9677 0.252 0 0.1542 -0.5922 -0.7909 0.1993 -0.7653 0.612 80.dat
1 0 -80.4015 -60.3382 33.2786 0.9659 0.2589 -0 0.139 -0.5187 -0.8436 0.2184 -0.8148 0.537 80.dat
1 0 -78.971 -63.0181 28.6965 0.9653 0.2613 -0 0.1216 -0.4491 -0.8852 0.2313 -0.8544 0.4653 80.dat
1 0 -77.532 -65.3369 23.9048 0.9656 0.2602 0 0.1038 -0.3853 -0.9169 0.2386 -0.8853 0.3991 80.dat
1 0 -76.109 -67.316 18.969 0.9666 0.2562 0 0.087 -0.3281 -0.9406 0.241 -0.9092 0.3394 80.dat
1 0 -74.7113 -68.9991 13.9076 0.9682 0.25 0 0.0716 -0.2774 -0.9581 0.2396 -0.9276 0.2865 80.dat
1 0 -73.3512 -70.4185 8.7541 0.9702 0.2423 0 0.0582 -0.233 -0.9707 0.2352 -0.9418 0.2402 80.dat
1 0 -72.0388 -71.6056 3.537 0.9724 0.2333 0 0.0466 -0.1943 -0.9798 0.2286 -0.9528 0.1998 80.dat
1 0 -70.776 -72.5941 -1.7439 0.9747 0.2233 0 0.0368 -0.1607 -0.9863 0.2203 -0.9614 0.1648 80.dat
1 0 -69.5693 -73.4086 -7.0704 0.9771 0.2127 -0 0.0286 -0.1316 -0.9909 0.2107 -0.9682 0.1346 80.dat
1 0 -68.4236 -74.072 -12.4278 0.9795 0.2014 -0 0.0219 -0.1065 -0.9941 0.2003 -0.9737 0.1087 80.dat
1 0 -67.3427 -74.6047 -17.8047 0.9818 0.1897 -0 0.0164 -0.0849 -0.9963 0.189 -0.9782 0.0864 80.dat
1 0 -66.3252 -75.0272 -23.2162 0.9841 0.1776 -0 0.012 -0.0664 -0.9977 0.1772 -0.9819 0.0674 80.dat
1 0 -65.3783 -75.3534 -28.6318 0.9863 0.1651 -0 0.0085 -0.0506 -0.9987 0.1649 -0.985 0.0513 80.dat
1 0 -64.5001 -75.5993 -34.0704 0.9883 0.1522 0 0.0057 -0.0373 -0.9993 0.1521 -0.9876 0.0377 80.dat
1 0 -63.6929 -75.7774 -39.5286 0.9903 0.139 0 0.0037 -0.0262 -0.9997 0.1389 -0.9899 0.0264 80.dat
1 0 -62.9622 -75.8987 -44.98 0.9921 0.1254 0 0.0022 -0.0171 -0.9999 0.1254 -0.992 0.0172 80.dat
1 0 -62.3064 -75.9744 -50.4472 0.9938 0.1115 -0 0.0011 -0.0097 -1 0.1115 -0.9937 0.0098 80.dat
1 0 -61.7277 -76.0139 -55.9291 0.9953 0.0971 0 0.0004 -0.0041 -1 0.0971 -0.9953 0.0041 80.dat
1 0 -61.2283 -76.0261 -61.4256 0.9966 0.0824 -0 -0 0 -1 0.0824 -0.9966 -0 80.dat
1 0 -60.8124 -76.0193 -66.9128 0.9977 0.0673 0 -0.0002 0.0027 -1 0.0673 -0.9977 -0.0027 80.dat
1 0 -60.4801 -76.0011 -72.4147 0.9987 0.0518 -0 -0.0002 0.004 -1 0.0518 -0.9987 -0.004 80.dat
1 0 -60.2341 -75.9789 -77.9316 0.9994 0.0358 0 -0.0001 0.004 -1 0.0358 -0.9994 -0.004 80.dat
1 0 -60.0778 -75.9598 -83.44 0.9998 0.0194 -0 -0.0001 0.0028 -1 0.0194 -0.9998 -0.0028 80.dat
1 0 -60.0189 -75.9512 -88.9402 1 0.0003 -0 -0 0.0001 -1 0.0003 -1 -0.0001 80.dat
1 0 -60.0148 -75.9505 -94.4428 1 0.0012 0 -0 0.0002 -1 0.0012 -1 -0.0002 80.dat
1 0 -60.0075 -75.9493 -99.9441 1 0.0015 -0 -0 0.0002 -1 0.0015 -1 -0.0002 80.dat
1 0 -60.0018 -75.9483 -105.446 1 0.0005 0 -0 0.0001 -1 0.0005 -1 -0.0001 79.dat
0 SYNTH SYNTHESIZED END
0 SYNTH SYNTHESIZED BEGIN
0 SYNTH SYNTHESIZED END
0 SYNTH SYNTHESIZED BEGIN
0 SYNTH SYNTHESIZED END
0 SYNTH END
1 0 80 14.052 40 0 0.92388 0.382683 1 0 0 0 0.382683 -0.92388 3673.dat
1 0 -110 16.052 60 0 0 -1 1 0 0 0 -1 0 3673.dat
1 0 -70 13.052 70 0 0 -1 0 -1 0 -1 0 0 6628.dat
1 0 30 13.052 70 0 0 -1 0 -1 0 -1 0 0 6628.dat
1 0 50 24.052 60 0 0 -1 1 0 0 0 -1 0 32062.dat
1 0 31 4.052 23.866 -1 0 0 0 0 1 0 1 0 Torso 2.ldr
1 0 -80 74.032 -53.116 0 1 0 -0.551937 0 -0.833886 -0.833886 0 0.551937 32348.dat
1 0 40 74.032 -53.116 0 1 0 -0.551937 0 -0.833886 -0.833886 0 0.551937 32348.dat
1 0 -20 24 40 0 0 -1 0 1 0 1 0 0 32034.dat
1 0 -20 24 70 -1 0 0 0 1 0 0 0 -1 6538a.dat
1 0 -20 24 40 0 0 -1 0 1 0 1 0 0 4519.dat
1 0 -20 24 100 0 0 -1 0 1 0 1 0 0 4519.dat
1 0 -20 24 0 0 0 1 0 1 0 -1 0 0 32054.dat
1 0 -70 24 0 1 0 0 0 1 0 0 0 1 3705.dat
1 7 -70 -32.558 -40.028 -1 0 0 0 0.942642 0.333807 0 0.333807 -0.942642 3749.dat
1 7 30 -32.558 -40.028 1 0 0 0 0.942642 0.333807 0 -0.333807 0.942642 3749.dat
1 0 30 24 0 1 0 0 0 1 0 0 0 1 3705.dat
1 0 -70 24 40 1 0 0 0 1 0 0 0 1 3705.dat
1 0 -100 24 40 1 0 0 0 0 -1 0 1 0 32291.dat
1 0 60 24 40 1 0 0 0 0 -1 0 1 0 32291.dat
1 8 -60 24 20 1 0 0 0 0 -1 0 1 0 32184.dat
1 8 20 24 20 1 0 0 0 0 -1 0 1 0 32184.dat
1 7 -80 24 0 0 0 -1 -1 0 0 0 1 0 3713.dat
1 7 40 24 0 0 0 -1 -1 0 0 0 1 0 3713.dat
1 7 -20 24 95 0 -1 0 -1 0 0 0 0 -1 32123a.dat
1 7 -20 24 105 0 -1 0 -1 0 0 0 0 -1 32123a.dat
1 0 30 24 40 1 0 0 0 1 0 0 0 1 3705.dat
1 0 -100 24 -160 0 -1 0 -1 0 0 0 0 -1 32009.dat
1 0 -80 -16 -220 0 1 0 -1 0 0 0 0 1 32140.dat
1 0 40 -16 -220 0 1 0 -1 0 0 0 0 1 32140.dat
1 0 10 -48 -160 1 0 0 0 1 0 0 0 1 Torso 3.ldr
1 0 60 24 -160 0 -1 0 -1 0 0 0 0 -1 32009.dat
1 0 -80 -56 40 0 -1 0 1 0 0 0 0 1 32009.dat
1 0 -90 -16 40 1 0 0 0 0.83147 0.55557 0 -0.55557 0.83147 3673.dat
1 0 -100 -16 40 1 0 0 0 0.83147 0.55557 0 -0.55557 0.83147 32013.dat
1 0 -100 -21.155 31.641 1 0 0 0 -12.2942 -0.8027 0 -16.5481 0.5964 LS50.dat
1 0 -100 -33.097 15.567 1 -0.0283 -0.0001 -0.0053 -1.5876 -0.839 -0.0081 -2.4476 0.5442 LS51.dat
1 0 -100.025 -34.4837 13.4291 0.9992 -0.0764 0.0288 0.0102 -1.4596 -0.8525 -0.0384 -2.3796 0.522 LS51.dat
1 0 -100.092 -35.7735 11.3263 0.9975 -0.1149 0.0563 0.0272 -1.3538 -0.8637 -0.0652 -2.3218 0.5008 LS51.dat
1 0 -100.195 -36.9828 9.2524 0.995 -0.1442 0.0829 0.0453 -1.2495 -0.873 -0.0892 -2.2443 0.4807 LS51.dat
1 0 -100.325 -38.1083 7.2307 0.9918 -0.1678 0.1082 0.064 -1.1637 -0.8805 -0.1104 -2.1806 0.4616 LS51.dat
1 0 -100.477 -39.1646 5.2513 0.9881 -0.186 0.1326 0.083 -1.0856 -0.8865 -0.1295 -2.1155 0.4433 LS51.dat
1 0 -100.647 -40.1563 3.3189 0.9839 -0.2015 0.156 0.1022 -1.0222 -0.8913 -0.1465 -2.0657 0.4258 LS51.dat
1 0 -100.832 -41.0954 1.421 0.9793 -0.2137 0.1787 0.1215 -0.9635 -0.8949 -0.162 -2.0148 0.409 LS51.dat
1 0 -101.03 -41.9852 -0.4396 0.9743 -0.223 0.2006 0.1408 -0.9091 -0.8975 -0.1759 -1.9631 0.3928 LS51.dat
1 0 -101.236 -42.8286 -2.2606 0.969 -0.2299 0.2218 0.16 -0.8587 -0.8991 -0.1885 -1.9111 0.3773 LS51.dat
1 0 -101.45 -43.6283 -4.0401 0.9633 -0.2369 0.2424 0.179 -0.8189 -0.9 -0.1998 -1.8753 0.3624 LS51.dat
1 0 -101.672 -44.3938 -5.7932 0.9574 -0.2401 0.2624 0.1978 -0.7745 -0.9001 -0.2102 -1.8224 0.3479 LS51.dat
1 0 -101.897 -45.12 -7.5019 0.9513 -0.244 0.2817 0.2164 -0.7398 -0.8995 -0.2195 -1.7866 0.334 LS51.dat
1 0 -102.126 -45.8157 -9.1819 0.9449 -0.2468 0.3004 0.2347 -0.7072 -0.8983 -0.228 -1.7506 0.3205 LS51.dat
1 0 -102.359 -46.4825 -10.8324 0.9384 -0.2485 0.3187 0.2527 -0.6763 -0.8966 -0.2357 -1.7143 0.3075 LS51.dat
1 0 -102.594 -47.1218 -12.4527 0.9316 -0.2494 0.3365 0.2705 -0.6471 -0.8943 -0.2427 -1.6781 0.2949 LS51.dat
1 0 -102.83 -47.7347 -14.0422 0.9247 -0.2494 0.3538 0.2879 -0.6195 -0.8916 -0.2491 -1.6422 0.2826 LS51.dat
1 0 -103.067 -48.3226 -15.6004 0.9176 -0.2514 0.3705 0.305 -0.5995 -0.8885 -0.2548 -1.6233 0.2708 LS51.dat
1 0 -103.306 -48.8927 -17.1439 0.9104 -0.2502 0.387 0.3219 -0.5743 -0.8849 -0.26 -1.5874 0.2592 LS51.dat
1 0 -103.544 -49.4396 -18.6555 0.903 -0.2512 0.4029 0.3385 -0.5563 -0.881 -0.2647 -1.5685 0.2479 LS51.dat
1 0 -103.784 -49.9703 -20.1518 0.8954 -0.249 0.4186 0.3548 -0.5331 -0.8767 -0.2689 -1.5325 0.237 LS51.dat
1 0 -104.022 -50.4795 -21.6155 0.8878 -0.2492 0.4337 0.3707 -0.5169 -0.8722 -0.2727 -1.5141 0.2264 LS51.dat
1 0 -104.26 -50.9739 -23.0636 0.8801 -0.249 0.4485 0.3864 -0.5013 -0.8673 -0.276 -1.4958 0.216 LS51.dat
1 0 -104.498 -51.454 -24.4958 0.8722 -0.2485 0.4631 0.4019 -0.4863 -0.8621 -0.279 -1.4772 0.2059 LS51.dat
1 0 -104.737 -51.9202 -25.9121 0.8641 -0.2478 0.4773 0.4171 -0.4719 -0.8566 -0.2817 -1.4591 0.196 LS51.dat
1 0 -104.974 -52.3732 -27.3122 0.856 -0.2468 0.4913 0.432 -0.458 -0.8508 -0.284 -1.4408 0.1863 LS51.dat
1 0 -105.211 -52.8132 -28.6963 0.8477 -0.2456 0.5049 0.4467 -0.4446 -0.8449 -0.286 -1.4225 0.1769 LS51.dat
1 0 -105.448 -53.2408 -30.0641 0.8394 -0.2442 0.5182 0.4611 -0.4318 -0.8386 -0.2877 -1.4044 0.1677 LS51.dat
1 0 -105.683 -53.6564 -31.4157 0.8309 -0.2426 0.5313 0.4753 -0.4193 -0.8322 -0.2892 -1.3863 0.1588 LS51.dat
1 0 -105.916 -54.0602 -32.7509 0.8224 -0.2408 0.544 0.4892 -0.4073 -0.8256 -0.2903 -1.3685 0.15 LS51.dat
1 0 -106.148 -54.4528 -34.0697 0.8138 -0.2419 0.5565 0.5028 -0.4007 -0.8187 -0.2913 -1.3677 0.1414 LS51.dat
1 0 -106.382 -54.8394 -35.3892 0.8051 -0.2399 0.5688 0.5163 -0.3894 -0.8116 -0.292 -1.3504 0.133 LS51.dat
1 0 -106.613 -55.2152 -36.6924 0.7963 -0.2408 0.5808 0.5296 -0.3833 -0.8044 -0.2924 -1.35 0.1248 LS51.dat
1 0 -106.846 -55.5854 -37.9962 0.7873 -0.2385 0.5927 0.5427 -0.3725 -0.7969 -0.2927 -1.3325 0.1167 LS51.dat
1 0 -107.076 -55.9453 -39.2835 0.7782 -0.2392 0.6044 0.5556 -0.3667 -0.7893 -0.2927 -1.3321 0.1088 LS51.dat
1 0 -107.308 -56.3 -40.5716 0.769 -0.2367 0.6159 0.5683 -0.3565 -0.7814 -0.2925 -1.3148 0.101 LS51.dat
1 0 -107.536 -56.6448 -41.8432 0.7598 -0.2372 0.6271 0.5808 -0.3511 -0.7734 -0.2922 -1.3146 0.0934 LS51.dat
1 0 -107.766 -56.9846 -43.1155 0.7504 -0.2345 0.6381 0.5931 -0.3413 -0.7651 -0.2917 -1.2975 0.0859 LS51.dat
1 0 -107.993 -57.315 -44.3714 0.741 -0.2349 0.6489 0.6052 -0.3363 -0.7568 -0.2909 -1.2979 0.0786 LS51.dat
1 0 -108.22 -57.6407 -45.628 0.7315 -0.2352 0.6596 0.6171 -0.3313 -0.7482 -0.29 -1.2981 0.0715 LS51.dat
1 0 -108.448 -57.9617 -46.8854 0.7218 -0.2354 0.6701 0.6289 -0.3264 -0.7394 -0.289 -1.2983 0.0644 LS51.dat
1 0 -108.676 -58.2781 -48.1436 0.7119 -0.2355 0.6805 0.6406 -0.3216 -0.7305 -0.2877 -1.2986 0.0575 LS51.dat
1 0 -108.905 -58.59 -49.4025 0.7019 -0.2323 0.6908 0.6522 -0.3125 -0.7213 -0.2864 -1.2812 0.0507 LS51.dat
1 0 -109.13 -58.8932 -50.6451 0.6919 -0.2324 0.7008 0.6634 -0.3081 -0.712 -0.2848 -1.2821 0.0441 LS51.dat
1 0 -109.355 -59.1921 -51.8886 0.6818 -0.2322 0.7107 0.6745 -0.3035 -0.7025 -0.2831 -1.2824 0.0376 LS51.dat
1 0 -109.58 -59.4867 -53.1329 0.6715 -0.2322 0.7204 0.6855 -0.2992 -0.6929 -0.2813 -1.2835 0.0312 LS51.dat
1 0 -109.806 -59.7771 -54.378 0.6611 -0.232 0.73 0.6963 -0.2949 -0.683 -0.2793 -1.2845 0.025 LS51.dat
1 0 -110.031 -60.0633 -55.6242 0.6506 -0.2349 0.7394 0.707 -0.2946 -0.673 -0.2771 -1.3031 0.0188 LS51.dat
1 0 -110.259 -60.3492 -56.8887 0.6398 -0.2346 0.7488 0.7177 -0.2902 -0.6626 -0.2748 -1.3041 0.0127 LS51.dat
1 0 -110.486 -60.6308 -58.1544 0.6289 -0.2341 0.7581 0.7283 -0.2857 -0.6521 -0.2723 -1.3048 0.0068 LS51.dat
1 0 -110.714 -60.9083 -59.4211 0.6178 -0.2336 0.7672 0.7387 -0.2814 -0.6414 -0.2697 -1.306 0.001 LS51.dat
1 0 -110.94 -61.1816 -60.689 0.6066 -0.2332 0.7762 0.7489 -0.2773 -0.6304 -0.2669 -1.3078 -0.0047 LS51.dat
1 0 -111.167 -61.4507 -61.9582 0.5953 -0.2356 0.7851 0.7589 -0.2766 -0.6193 -0.264 -1.3265 -0.0103 LS51.dat
1 0 -111.395 -61.7193 -63.2459 0.5836 -0.2349 0.7939 0.769 -0.2723 -0.6079 -0.2609 -1.328 -0.0158 LS51.dat
1 0 -111.623 -61.9836 -64.5349 0.5719 -0.2341 0.8025 0.7788 -0.268 -0.5963 -0.2576 -1.3297 -0.0211 LS51.dat
1 0 -111.851 -62.2437 -65.8253 0.56 -0.2363 0.811 0.7885 -0.2671 -0.5845 -0.2542 -1.3489 -0.0263 LS51.dat
1 0 -112.08 -62.5031 -67.1346 0.5479 -0.2354 0.8194 0.7981 -0.2627 -0.5723 -0.2507 -1.351 -0.0314 LS51.dat
1 0 -112.308 -62.7581 -68.4453 0.5356 -0.2374 0.8277 0.8076 -0.2617 -0.56 -0.2469 -1.3708 -0.0364 LS51.dat
1 0 -112.539 -63.0122 -69.7751 0.523 -0.2362 0.8359 0.8169 -0.2573 -0.5474 -0.2431 -1.373 -0.0412 LS51.dat
1 0 -112.768 -63.2618 -71.1066 0.5103 -0.2379 0.8439 0.8261 -0.256 -0.5346 -0.239 -1.3927 -0.0459 LS51.dat
1 0 -112.998 -63.5103 -72.4571 0.4973 -0.2396 0.8518 0.8352 -0.2548 -0.5214 -0.2348 -1.4135 -0.0504 LS51.dat
1 0 -113.23 -63.7573 -73.8271 0.484 -0.2409 0.8597 0.8442 -0.2531 -0.5079 -0.2304 -1.4334 -0.0548 LS51.dat
1 0 -113.464 -64.0027 -75.2165 0.4704 -0.2392 0.8675 0.8531 -0.2483 -0.494 -0.2258 -1.4361 -0.0591 LS51.dat
1 0 -113.696 -64.2433 -76.6077 0.4567 -0.2403 0.875 0.8617 -0.2465 -0.4799 -0.2211 -1.4573 -0.0631 LS51.dat
1 0 -113.928 -64.4821 -78.0187 0.4426 -0.2412 0.8825 0.8703 -0.2445 -0.4655 -0.2161 -1.4784 -0.067 LS51.dat
1 0 -114.162 -64.7187 -79.4495 0.4283 -0.2419 0.8898 0.8787 -0.2423 -0.4507 -0.211 -1.5 -0.0707 LS51.dat
1 0 -114.396 -64.9531 -80.9002 0.4137 -0.2423 0.8971 0.8869 -0.2398 -0.4356 -0.2057 -1.5213 -0.0742 LS51.dat
1 0 -114.63 -65.1849 -82.3709 0.3987 -0.2425 0.9041 0.895 -0.2371 -0.4201 -0.2001 -1.5435 -0.0775 LS51.dat
1 0 -114.864 -65.4139 -83.8615 0.3835 -0.2451 0.9111 0.9029 -0.2368 -0.4043 -0.1944 -1.5837 -0.0806 LS51.dat
1 0 -115.1 -65.6424 -85.39 0.3677 -0.2446 0.9179 0.9107 -0.2334 -0.3879 -0.1883 -1.6063 -0.0834 LS51.dat
1 0 -115.336 -65.8675 -86.939 0.3516 -0.2437 0.9246 0.9183 -0.2297 -0.3711 -0.182 -1.6294 -0.0859 LS51.dat
1 0 -115.571 -66.0888 -88.5087 0.3352 -0.245 0.9311 0.9256 -0.2281 -0.354 -0.1756 -1.6707 -0.0882 LS51.dat
1 0 -115.807 -66.3084 -90.1167 0.3183 -0.2432 0.9375 0.9328 -0.2237 -0.3362 -0.1688 -1.6945 -0.0901 LS51.dat
1 0 -116.04 -66.5234 -91.7454 0.3011 -0.2434 0.9436 0.9398 -0.2212 -0.3182 -0.1618 -1.7374 -0.0917 LS51.dat
1 0 -116.274 -66.7358 -93.4131 0.2834 -0.2429 0.9496 0.9465 -0.2179 -0.2995 -0.1545 -1.7803 -0.0929 LS51.dat
1 0 -116.507 -66.9447 -95.1199 0.2651 -0.2392 0.9553 0.9529 -0.2119 -0.2803 -0.147 -1.8055 -0.0937 LS51.dat
1 0 -116.736 -67.1475 -96.8478 0.2466 -0.2372 0.9608 0.9591 -0.2075 -0.2607 -0.1392 -1.8501 -0.094 LS51.dat
1 0 -116.962 -67.3457 -98.6149 0.2275 -0.2364 0.9661 0.9649 -0.204 -0.2405 -0.131 -1.9132 -0.0937 LS51.dat
1 0 -117.187 -67.5402 -100.439 0.2077 -0.2319 0.9712 0.9705 -0.1976 -0.2195 -0.1225 -1.9585 -0.0929 LS51.dat
1 0 -117.408 -67.7283 -102.303 0.1873 -0.2263 0.9759 0.9757 -0.1903 -0.198 -0.1137 -2.0056 -0.0913 LS51.dat
1 0 -117.623 -67.9088 -104.206 0.1665 -0.2211 0.9804 0.9805 -0.1834 -0.1759 -0.1045 -2.0721 -0.089 LS51.dat
1 0 -117.832 -68.0823 -106.166 0.1449 -0.2138 0.9845 0.9849 -0.1749 -0.1531 -0.095 -2.1395 -0.0859 LS51.dat
1 0 -118.033 -68.2472 -108.183 0.1225 -0.2041 0.9882 0.9888 -0.1646 -0.1295 -0.085 -2.208 -0.0817 LS51.dat
1 0 -118.225 -68.4018 -110.258 0.0995 -0.1915 0.9915 0.9922 -0.1522 -0.1052 -0.0747 -2.278 -0.0763 LS51.dat
1 0 -118.404 -68.5442 -112.388 0.0757 -0.1757 0.9943 0.9951 -0.1376 -0.0801 -0.0639 -2.3498 -0.0697 LS51.dat
1 0 -118.567 -68.6722 -114.575 0.0512 -0.157 0.9966 0.9973 -0.1212 -0.0544 -0.0528 -2.4424 -0.0614 LS51.dat
1 0 -118.712 -68.7843 -116.834 0.0258 -0.1445 0.9983 0.9988 -0.1098 -0.0279 -0.0411 -2.7562 -0.0512 LS51.dat
1 0 -118.834 -68.8771 -119.165 -0.0002 -0.1721 0.9997 0.9998 -0.1275 -0.0002 -0.018 -7.087 -0.0243 LS51.dat
1 0 -119 -69 -146 0 0 1 1 0 0 0 20 0 LS50.dat
1 0 60 -21.155 31.641 1 0 0 0 -12.2942 -0.8027 0 -16.5481 0.5964 LS50.dat
1 0 60 -33.097 15.567 0.9999 0.0315 0.0001 0.0059 -1.5977 -0.839 0.009 -2.4633 0.5442 LS51.dat
1 0 60.0274 -34.4862 13.4251 0.9992 0.0851 0.027 0.0389 -1.468 -0.8517 0.0117 -2.3936 0.5233 LS51.dat
1 0 60.1023 -35.7783 11.3183 0.9975 0.1278 0.0534 0.07 -1.3608 -0.8614 0.0139 -2.3343 0.5051 LS51.dat
1 0 60.2161 -36.9895 9.2406 0.9949 0.1604 0.0793 0.0995 -1.2553 -0.8686 0.0154 -2.2554 0.4891 LS51.dat
1 0 60.3602 -38.1168 7.2152 0.9917 0.1865 0.1043 0.1273 -1.1684 -0.8738 0.0165 -2.1903 0.475 LS51.dat
1 0 60.529 -39.1745 5.2325 0.9879 0.2067 0.1285 0.1538 -1.0896 -0.8772 0.0172 -2.1241 0.4625 LS51.dat
1 0 60.7173 -40.1673 3.2971 0.9837 0.2238 0.152 0.1791 -1.0254 -0.8793 0.0176 -2.0732 0.4513 LS51.dat
1 0 60.9225 -41.1073 1.3965 0.979 0.2372 0.1748 0.2033 -0.9662 -0.8802 0.0177 -2.0213 0.4413 LS51.dat
1 0 61.1411 -41.9979 -0.4665 0.9738 0.2474 0.197 0.2266 -0.9113 -0.88 0.0175 -1.9686 0.4321 LS51.dat
1 0 61.3702 -42.8419 -2.2897 0.9684 0.255 0.2184 0.2489 -0.8605 -0.879 0.0171 -1.9159 0.4239 LS51.dat
1 0 61.6073 -43.6419 -4.0709 0.9626 0.2626 0.2392 0.2703 -0.8203 -0.8772 0.0165 -1.8795 0.4163 LS51.dat
1 0 61.8525 -44.4078 -5.8255 0.9566 0.266 0.2594 0.291 -0.7757 -0.8747 0.0157 -1.8261 0.4093 LS51.dat
1 0 62.1016 -45.1341 -7.5354 0.9503 0.2703 0.2789 0.3109 -0.7408 -0.8717 0.0149 -1.7897 0.4029 LS51.dat
1 0 62.3555 -45.8299 -9.2164 0.9438 0.2733 0.2978 0.3301 -0.7079 -0.8682 0.0139 -1.7531 0.397 LS51.dat
1 0 62.6129 -46.4966 -10.8676 0.9371 0.2752 0.3163 0.3488 -0.6768 -0.8641 0.0127 -1.7164 0.3914 LS51.dat
1 0 62.8728 -47.1357 -12.4884 0.9302 0.276 0.3342 0.3668 -0.6474 -0.8597 0.0115 -1.6797 0.3863 LS51.dat
1 0 63.134 -47.7485 -14.0782 0.9232 0.276 0.3516 0.3842 -0.6197 -0.8549 0.0102 -1.6434 0.3814 LS51.dat
1 0 63.3957 -48.3361 -15.6366 0.916 0.2782 0.3684 0.401 -0.5996 -0.8499 0.0088 -1.6242 0.3768 LS51.dat
1 0 63.6601 -48.9059 -17.1801 0.9087 0.2768 0.3849 0.4175 -0.5743 -0.8444 0.0074 -1.5879 0.3725 LS51.dat
1 0 63.9235 -49.4524 -18.6913 0.9012 0.2777 0.4009 0.4334 -0.5561 -0.8388 0.0059 -1.5685 0.3684 LS51.dat
1 0 64.1884 -49.9827 -20.1872 0.8936 0.2752 0.4166 0.4489 -0.5329 -0.8328 0.0044 -1.5324 0.3644 LS51.dat
1 0 64.4512 -50.4915 -21.6504 0.8859 0.2754 0.4318 0.4639 -0.5167 -0.8267 0.0029 -1.514 0.3607 LS51.dat
1 0 64.7145 -50.9855 -23.0978 0.8781 0.2752 0.4466 0.4785 -0.501 -0.8204 0.0013 -1.4954 0.3571 LS51.dat
1 0 64.9779 -51.4651 -24.5292 0.8701 0.2746 0.4611 0.4928 -0.4859 -0.8139 -0.0004 -1.4766 0.3536 LS51.dat
1 0 65.2412 -51.9309 -25.9446 0.8621 0.2738 0.4753 0.5068 -0.4715 -0.8071 -0.002 -1.4581 0.3502 LS51.dat
1 0 65.5039 -52.3833 -27.3438 0.8539 0.2726 0.4892 0.5204 -0.4576 -0.8002 -0.0037 -1.4397 0.347 LS51.dat
1 0 65.7658 -52.8228 -28.7268 0.8457 0.2712 0.5027 0.5337 -0.4441 -0.7931 -0.0054 -1.4211 0.3438 LS51.dat
1 0 66.0266 -53.2499 -30.0934 0.8373 0.2697 0.516 0.5467 -0.4313 -0.7859 -0.0071 -1.4032 0.3407 LS51.dat
1 0 66.2862 -53.6649 -31.4437 0.8289 0.2678 0.5289 0.5593 -0.4188 -0.7786 -0.0088 -1.3847 0.3377 LS51.dat
1 0 66.5441 -54.0682 -32.7776 0.8204 0.2659 0.5416 0.5716 -0.4068 -0.7711 -0.0106 -1.3669 0.3348 LS51.dat
1 0 66.8004 -54.4603 -34.095 0.8119 0.2671 0.5539 0.5837 -0.4003 -0.7635 -0.0123 -1.3664 0.332 LS51.dat
1 0 67.0581 -54.8463 -35.413 0.8032 0.2648 0.5661 0.5955 -0.3889 -0.7558 -0.014 -1.3487 0.3291 LS51.dat
1 0 67.3137 -55.2216 -36.7146 0.7945 0.2658 0.578 0.6071 -0.3828 -0.7479 -0.0157 -1.3481 0.3263 LS51.dat
1 0 67.5704 -55.5913 -38.0169 0.7856 0.2632 0.5898 0.6185 -0.372 -0.7399 -0.0175 -1.3304 0.3236 LS51.dat
1 0 67.8248 -55.9506 -39.3026 0.7766 0.2639 0.6013 0.6296 -0.3663 -0.7318 -0.0193 -1.3301 0.3208 LS51.dat
1 0 68.0801 -56.3047 -40.5891 0.7676 0.2612 0.6126 0.6406 -0.3561 -0.7235 -0.021 -1.3131 0.3181 LS51.dat
1 0 68.3328 -56.649 -41.859 0.7585 0.2617 0.6237 0.6513 -0.3507 -0.7152 -0.0228 -1.3127 0.3154 LS51.dat
1 0 68.5862 -56.9883 -43.1296 0.7492 0.2587 0.6346 0.6619 -0.3409 -0.7068 -0.0245 -1.2954 0.3127 LS51.dat
1 0 68.8367 -57.3182 -44.3837 0.74 0.2591 0.6452 0.6721 -0.3359 -0.6982 -0.0262 -1.2955 0.3101 LS51.dat
1 0 69.0877 -57.6434 -45.6385 0.7306 0.2594 0.6557 0.6823 -0.3309 -0.6896 -0.028 -1.2957 0.3074 LS51.dat
1 0 69.3391 -57.9639 -46.8941 0.7211 0.2597 0.6661 0.6922 -0.3261 -0.6808 -0.0297 -1.2961 0.3047 LS51.dat
1 0 69.5909 -58.2799 -48.1504 0.7114 0.2598 0.6764 0.7021 -0.3213 -0.6718 -0.0314 -1.2964 0.302 LS51.dat
1 0 69.8428 -58.5913 -49.4076 0.7016 0.2563 0.6865 0.7118 -0.3123 -0.6627 -0.0332 -1.2792 0.2993 LS51.dat
1 0 70.0914 -58.894 -50.6483 0.6918 0.2563 0.6963 0.7212 -0.3078 -0.6536 -0.0349 -1.2799 0.2966 LS51.dat
1 0 70.3401 -59.1924 -51.8899 0.6819 0.2563 0.706 0.7305 -0.3033 -0.6444 -0.0366 -1.2807 0.2939 LS51.dat
1 0 70.5888 -59.4866 -53.1324 0.6719 0.2561 0.7156 0.7396 -0.2989 -0.635 -0.0382 -1.2812 0.2912 LS51.dat
1 0 70.8374 -59.7766 -54.3758 0.6618 0.2559 0.725 0.7486 -0.2945 -0.6255 -0.0399 -1.2821 0.2884 LS51.dat
1 0 71.0858 -60.0623 -55.6202 0.6515 0.2592 0.7343 0.7575 -0.2943 -0.6159 -0.0415 -1.3011 0.2856 LS51.dat
1 0 71.3374 -60.3479 -56.883 0.641 0.2588 0.7436 0.7664 -0.2898 -0.606 -0.0432 -1.3018 0.2827 LS51.dat
1 0 71.5886 -60.6291 -58.1467 0.6303 0.2583 0.7527 0.775 -0.2854 -0.596 -0.0448 -1.3029 0.2798 LS51.dat
1 0 71.8395 -60.9062 -59.4116 0.6195 0.2578 0.7617 0.7836 -0.2812 -0.5858 -0.0465 -1.3042 0.2769 LS51.dat
1 0 72.0898 -61.1792 -60.6777 0.6087 0.2572 0.7705 0.792 -0.2769 -0.5756 -0.0481 -1.3055 0.2739 LS51.dat
1 0 72.3395 -61.4479 -61.945 0.5977 0.26 0.7792 0.8002 -0.2764 -0.5652 -0.0496 -1.3248 0.2709 LS51.dat
1 0 72.592 -61.7162 -63.231 0.5864 0.2592 0.7879 0.8084 -0.272 -0.5545 -0.0512 -1.326 0.2678 LS51.dat
1 0 72.8436 -61.9802 -64.5183 0.575 0.2584 0.7964 0.8165 -0.2678 -0.5438 -0.0528 -1.3278 0.2647 LS51.dat
1 0 73.0944 -62.2401 -65.807 0.5635 0.2609 0.8048 0.8243 -0.2671 -0.5329 -0.0543 -1.3475 0.2614 LS51.dat
1 0 73.3476 -62.4992 -67.1146 0.5517 0.2598 0.8131 0.8322 -0.2627 -0.5218 -0.0558 -1.3493 0.2581 LS51.dat
1 0 73.5997 -62.754 -68.4237 0.5398 0.262 0.8213 0.8398 -0.2617 -0.5105 -0.0572 -1.369 0.2548 LS51.dat
1 0 73.8539 -63.0078 -69.7519 0.5276 0.2607 0.8294 0.8474 -0.2573 -0.499 -0.0587 -1.3712 0.2513 LS51.dat
1 0 74.1068 -63.2572 -71.0817 0.5154 0.2627 0.8373 0.8549 -0.2561 -0.4874 -0.06 -1.3915 0.2478 LS51.dat
1 0 74.3615 -63.5055 -72.4308 0.5028 0.2646 0.8452 0.8622 -0.2549 -0.4755 -0.0614 -1.4123 0.2441 LS51.dat
1 0 74.6179 -63.7523 -73.7994 0.4899 0.2661 0.853 0.8695 -0.2533 -0.4633 -0.0627 -1.4326 0.2404 LS51.dat
1 0 74.8758 -63.9976 -75.1873 0.4768 0.2643 0.8607 0.8767 -0.2485 -0.4509 -0.064 -1.4356 0.2365 LS51.dat
1 0 75.1317 -64.2381 -76.5773 0.4636 0.2656 0.8682 0.8837 -0.2468 -0.4383 -0.0652 -1.4568 0.2325 LS51.dat
1 0 75.3887 -64.4768 -77.9871 0.45 0.2665 0.8757 0.8905 -0.2447 -0.4255 -0.0663 -1.4777 0.2284 LS51.dat
1 0 75.6465 -64.7133 -79.4166 0.4362 0.2673 0.883 0.8973 -0.2425 -0.4124 -0.0674 -1.4995 0.2241 LS51.dat
1 0 75.9049 -64.9476 -80.866 0.4221 0.2678 0.8902 0.904 -0.2401 -0.3991 -0.0684 -1.5212 0.2197 LS51.dat
1 0 76.1636 -65.1794 -82.3354 0.4077 0.268 0.8973 0.9105 -0.2374 -0.3854 -0.0693 -1.5433 0.2151 LS51.dat
1 0 76.4223 -65.4084 -83.8251 0.393 0.271 0.9043 0.9169 -0.2371 -0.3715 -0.07 -1.584 0.2103 LS51.dat
1 0 76.6836 -65.637 -85.3528 0.3778 0.2704 0.9112 0.9232 -0.2337 -0.3572 -0.0707 -1.6067 0.2053 LS51.dat
1 0 76.9442 -65.8621 -86.9012 0.3623 0.2695 0.918 0.9293 -0.2302 -0.3425 -0.0713 -1.6305 0.2001 LS51.dat
1 0 77.2036 -66.0835 -88.4703 0.3465 0.2711 0.9245 0.9353 -0.2287 -0.3276 -0.0717 -1.6726 0.1946 LS51.dat
1 0 77.4642 -66.3033 -90.0782 0.3303 0.2691 0.931 0.9411 -0.2242 -0.3123 -0.072 -1.6968 0.1889 LS51.dat
1 0 77.7226 -66.5185 -91.707 0.3137 0.2694 0.9373 0.9468 -0.2217 -0.2966 -0.0721 -1.7399 0.1829 LS51.dat
1 0 77.981 -66.731 -93.375 0.2966 0.2689 0.9434 0.9523 -0.2185 -0.2805 -0.072 -1.7831 0.1766 LS51.dat
1 0 78.2386 -66.9402 -95.082 0.2791 0.2648 0.9494 0.9576 -0.2125 -0.264 -0.0716 -1.8087 0.17 LS51.dat
1 0 78.4917 -67.1432 -96.8103 0.2612 0.2626 0.9552 0.9627 -0.2081 -0.2471 -0.071 -1.8537 0.1631 LS51.dat
1 0 78.7423 -67.3416 -98.5778 0.2429 0.2619 0.9607 0.9675 -0.2048 -0.2299 -0.0701 -1.9183 0.1557 LS51.dat
1 0 78.9916 -67.5365 -100.403 0.2238 0.2571 0.966 0.9722 -0.1984 -0.2119 -0.0689 -1.9644 0.1478 LS51.dat
1 0 79.2358 -67.7249 -102.268 0.2043 0.2509 0.9711 0.9766 -0.1911 -0.1936 -0.0673 -2.0121 0.1395 LS51.dat
1 0 79.4735 -67.9057 -104.172 0.1843 0.2452 0.9759 0.9807 -0.1843 -0.1747 -0.0652 -2.0794 0.1306 LS51.dat
1 0 79.705 -68.0796 -106.135 0.1636 0.2373 0.9804 0.9845 -0.1758 -0.1553 -0.0625 -2.1483 0.121 LS51.dat
1 0 79.9282 -68.2449 -108.154 0.1423 0.2266 0.9846 0.9881 -0.1656 -0.1351 -0.0592 -2.2182 0.1107 LS51.dat
1 0 80.1405 -68.3999 -110.231 0.1203 0.2127 0.9884 0.9912 -0.1532 -0.1144 -0.0552 -2.2896 0.0995 LS51.dat
1 0 80.339 -68.5427 -112.365 0.0976 0.1952 0.9918 0.994 -0.1386 -0.093 -0.0502 -2.363 0.0874 LS51.dat
1 0 80.5201 -68.6711 -114.555 0.0744 0.1746 0.9947 0.9962 -0.1221 -0.071 -0.0442 -2.4578 0.0742 LS51.dat
1 0 80.681 -68.7836 -116.818 0.0504 0.1479 0.9971 0.998 -0.1019 -0.0482 -0.0369 -2.5555 0.0596 LS51.dat
1 0 80.8164 -68.8767 -119.153 0.0257 0.1193 0.9988 0.9993 -0.0809 -0.0245 -0.0279 -2.7844 0.0435 LS51.dat
1 0 80.9204 -68.9471 -121.575 0.0001 0.0839 0.9998 0.9999 -0.056 0.0001 -0.0119 -4.684 0.0179 LS51.dat
1 0 81 -69 -146 0 0 1 1 0 0 0 20 0 LS50.dat
1 0 50 -16 40 -1 0 0 0 -1 0 0 0 1 3673.dat
1 0 60 -16 40 -1 0 0 0 -0.83147 0.55557 0 0.55557 0.83147 32013.dat
1 0 80 4 40 0 0 1 1 0 0 0 1 0 32015.dat
1 0 80 24 40 0 -0.92388 -0.382683 1 0 0 0 -0.382683 0.92388 32013.dat
1 0 -120 14.052 40 0 0.92388 0.382683 1 0 0 0 0.382683 -0.92388 3673.dat
1 0 -120 4 40 0 0 -1 -1 0 0 0 1 0 32015.dat
1 0 -120 24 40 0 0.92388 0.382683 -1 0 0 0 -0.382683 0.92388 32013.dat
1 0 40 -56 40 0 -1 0 1 0 0 0 0 1 32009.dat
1 0 -80 24 -90 -1 0 0 0 0 1 0 1 0 32138.dat
1 0 40 24 -90 -1 0 0 0 0 1 0 1 0 32138.dat
1 0 -80 24 -20 -1 0 0 0 -0.833886 0.551937 0 0.551937 0.833886 32556.dat
1 0 -80 -36 -160 1 0 0 0 -0.833886 0.551937 0 -0.551937 -0.833886 32556.dat
1 0 40 -36 -160 -1 0 0 0 -0.833886 0.551937 0 0.551937 0.833886 32556.dat
1 0 40 24 -20 1 0 0 0 -0.833886 0.551937 0 -0.551937 -0.833886 32556.dat
0 MLCAD HIDE 1 0 40 -56 40 0 -1 0 1 0 0 0 0 1 32009.dat
1 0 -130 -56 -50 -1 0 0 0 -1 0 0 0 1 Torso 4.ldr
0
0 FILE Torso 2.ldr
0 Torso 2
0 Name: Torso 2.ldr
0 Author: R Paluczak
0 Unofficial Model
0 ROTATION CENTER 0 0 0 1 "Custom" 
0 ROTATION CONFIG 0 0
1 0 0 16 0 1 0 0 0 1 0 0 0 1 3705.dat
1 0 30 16 -20 1 0 0 0 0 -1 0 1 0 32184.dat
1 7 10 16 0 0 0 -1 -1 0 0 0 1 0 3713.dat
1 7 20 16 -40 1 0 0 0 0 -1 0 1 0 3749.dat
0 
0
0 FILE Torso 3.ldr
0 Torso 3
0 Name: Torso 3.ldr
0 Author: R Paluczak
0 Unofficial Model
0 ROTATION CENTER 0 0 0 1 "Custom" 
0 ROTATION CONFIG 0 0
1 0 -30 32 0 0 0 -1 0 1 0 1 0 0 32034.dat
1 0 -50 -8 40 -1 0 0 0 1 0 0 0 -1 6536.dat
