0 FILE 8012 - main.ldr
0 main
0 Name: 8012 - main.ldr
0 Author: Philippe Hurbain [Philo]
0 !LICENSE Redistributable under CCAL version 2.0 : see CAreadme.txt

1 0 0 0 0 1 0 0 0 1 0 0 0 1 4519.dat
1 0 -25 0 -40 0 -1 0 1 0 0 0 0 1 8012 - 32249.dat
1 0 0 40 -40 1 0 0 0 1 0 0 0 1 4519.dat
1 7 -10 40 -40 0 0 1 0 1 0 -1 0 0 3713.dat
1 7 10 40 -40 0 0 -1 0 1 0 1 0 0 3713.dat
1 0 -15 0 -40 0 -1 0 0 0 -1 1 0 0 32250.dat
1 0 0 -80 -40 1 0 0 0 0 -1 0 1 0 32062.dat
0 STEP
1 137 0 -200 -40 0 1 0 0 0 -1 -1 0 0 32009.dat
1 0 0 -40 -40 -1 0 0 0 0 -1 0 -1 0 3706.dat
1 7 -30 -40 -40 0 0 1 0 1 0 -1 0 0 3713.dat
1 0 0 0 -40 -1 0 0 0 1 0 0 0 -1 3707.dat
1 7 -35 0 -40 0 0 -1 0 1 0 1 0 0 32123a.dat
0 STEP
1 0 0 0 0 -1 0 0 0 0.5 0.866 0 0.866 -0.5 32013.dat
1 0 0 -34.641 20 0 -1 0 0.866 0 0.5 -0.5 0 0.866 4519.dat
1 7 0 -30.311 17.5 0 -1 0 0.5 0 -0.866 0.866 0 0.5 32123a.dat
1 0 0 -30.642 25.712 0 0 -1 0.643 0.766 0 0.766 -0.643 0 8012 - technicRibHoseLQ-1.ldr
0 STEP
1 0 15 0 -40 0 -1 0 0 0 -1 1 0 0 32250.dat
1 73 0 0 -40 0 0 1 0 1 0 -1 0 0 32551.dat
1 0 25 0 -40 0 -1 0 1 0 0 0 0 1 8012 - 32249.dat
1 7 35 0 -40 0 0 -1 0 1 0 1 0 0 32123a.dat
0 STEP
1 0 0 -60 -40 -1 0 0 0 0 -1 0 -1 0 3706.dat
1 7 -30 -60 -40 0 0 1 0 1 0 -1 0 0 3713.dat
1 7 30 -60 -40 0 0 -1 0 1 0 1 0 0 3713.dat
1 7 30 -40 -40 0 0 1 0 1 0 -1 0 0 3713.dat
1 0 0 -160 -40 -1 0 0 0 1 0 0 0 -1 3707.dat
1 7 -15 -160 -40 0 0 -1 0 1 0 1 0 0 32123a.dat
1 7 15 -160 -40 0 0 -1 0 1 0 1 0 0 32123a.dat
1 7 30 -160 -40 0 0 -1 0 1 0 1 0 0 3713.dat
1 7 -30 -160 -40 0 0 1 0 1 0 -1 0 0 3713.dat
0 STEP
1 0 0 -120 -40 -1 0 0 0 0.629 0.777 0 0.777 -0.629 32062.dat
1 0 0 -151.086 -14.827 -1 0 0 0 -0.629 -0.777 0 -0.777 0.629 8012 - back.ldr
1 0 0 -100 -40 1 0 0 0 0 -1 0 1 0 6558.dat
1 0 0 -200 -120 1 0 0 0 1 0 0 0 1 4519.dat
1 137 -20 -100 -80 0 1 0 -1 0 0 0 0 1 32316.dat
1 0 0 -100 -120 1 0 0 0 0 -1 0 1 0 6558.dat
1 137 0 -140 -120 0 1 0 0 0 1 1 0 0 32140.dat
1 0 0 -80 -120 -1 0 0 0 0 -1 0 -1 0 6558.dat
1 137 20 -100 -80 0 1 0 -1 0 0 0 0 1 32316.dat
1 0 0 -140 -120 1 0 0 0 1 0 0 0 1 4519.dat
0 STEP
1 7 -70 -240 0 1 0 0 0 1 0 0 0 1 8012 - gearing.ldr
0 STEP
1 137 50 -160 -40 0 -1 0 0 0 -1 1 0 0 32526.dat
1 0 40 -240 -20 1 0 0 0 0 -1 0 1 0 2780.dat
1 0 50 -240 -40 -1 0 0 0 0.174 -0.985 0 -0.985 -0.174 32054.dat
1 137 30 -240 -40 0 1 0 1 0 0 0 0 -1 32523.dat
1 73 70 -240 0 1 0 0 0 0 -1 0 1 0 6536.dat
1 0 0 -280 0 1 0 0 0 0 -1 0 1 0 32073.dat
0 STEP
1 73 85 -240 -30 0 -1 0 -1 0 0 0 0 -1 32449.dat
1 73 95 -240 -30 0 -1 0 -1 0 0 0 0 -1 32449.dat
1 7 60 -180 -40 1 0 0 0 -1 0 0 0 -1 3749.dat
1 7 -60 -180 -40 -1 0 0 0 -1 0 0 0 1 3749.dat
1 73 65 -180 -40 0 1 0 0 0 1 1 0 0 41677.dat
1 73 -65 -180 -40 0 1 0 0 0 1 1 0 0 41677.dat
1 73 75 -160 -40 0 0 -1 0 1 0 1 0 0 6575.dat
1 73 -75 -160 -40 0 0 -1 0 1 0 1 0 0 6575.dat
0 STEP
1 73 40 -280 0 1 0 0 0 0 -1 0 1 0 6536.dat
1 73 -40 -280 0 1 0 0 0 0 -1 0 1 0 6536.dat
1 73 20 -280 0 1 0 0 0 1 0 0 0 1 6536.dat
1 73 -20 -280 0 1 0 0 0 1 0 0 0 1 6536.dat
1 7 -40 -290 20 0 1 0 -1 0 0 0 0 1 4274.dat
1 7 40 -290 20 0 1 0 -1 0 0 0 0 1 4274.dat
1 7 70 -250 20 0 -1 0 -1 0 0 0 0 -1 4274.dat
1 7 -70 -250 20 0 0 1 -1 0 0 0 -1 0 4274.dat
0 STEP
1 8 -20 -260 10 0 -1 0 0 0 -1 1 0 0 32002.dat
1 8 20 -260 10 0 -1 0 0 0 -1 1 0 0 32002.dat
1 73 0 -220 20 -1 0 0 0 0 -1 0 -1 0 32175.dat
1 0 0 -280 -40 -1 0 0 0 0 -1 0 -1 0 3706.dat
1 137 -20 -280 -120 0 -1 0 0 0 -1 1 0 0 32009.dat
1 0 0 -120 -120 1 0 0 0 1 0 0 0 1 4519.dat
0 STEP
1 137 20 -280 -120 0 -1 0 0 0 -1 1 0 0 32009.dat
1 0 0 -240 -120 1 0 0 0 0.94 0.342 0 -0.342 0.94 4519.dat
1 73 0 -240 -120 1 0 0 0 -0.342 0.94 0 -0.94 -0.342 32291.dat
1 7 -10 -256.237 -135.374 0 1 0 -0.94 0 0.342 0.342 0 0.94 4274.dat
1 7 10 -256.237 -135.374 0 1 0 -0.94 0 0.342 0.342 0 0.94 4274.dat
1 7 35 -280 -40 0 0 -1 0 1 0 1 0 0 32123a.dat
1 7 -35 -280 -40 0 0 -1 0 1 0 1 0 0 32123a.dat
0 STEP
1 0 0 -80 -100 1 0 0 0 0.921 -0.391 0 0.391 0.921 32073.dat
1 0 -20 -80 -100 -1 0 0 0 0.999 0.052 0 0.052 -0.999 8012 - 32578-f2.dat
1 0 20 -80 -100 -1 0 0 0 0.999 0.052 0 0.052 -0.999 8012 - 32578-f2.dat
1 0 -40 -98.359 -107.951 -1 0 0 0 0.398 -0.918 0 -0.918 -0.398 32039.dat
1 0 40 -98.359 -107.951 -1 0 0 0 0.398 -0.918 0 -0.918 -0.398 32039.dat
0 STEP
1 137 70 -118.112 -73.747 0 -1 0 -0.143 0 -0.99 0.99 0 -0.143 32348.dat
1 7 60 -220 -40 1 0 0 0 -0.708 -0.706 0 0.706 -0.708 3749.dat
1 0 60 -118.112 -73.747 1 0 0 0 -0.143 -0.99 0 0.99 -0.143 32062.dat
1 137 50 -98.319 -70.881 1 0 0 0 0.143 0.99 0 -0.99 0.143 32039.dat
1 0 50 -29.041 -60.85 -1 0 0 0 -0.99 -0.143 0 -0.143 0.99 76250.dat
0 STEP
1 137 -70 -118.254 -74.172 0 -1 0 -0.139 0 -0.99 0.99 0 -0.139 32348.dat
1 7 -60 -220 -40 -1 0 0 0 -0.705 0.709 0 0.709 0.705 3749.dat
1 0 -60 -118.254 -74.172 1 0 0 0 -0.139 -0.99 0 0.99 -0.139 32062.dat
1 137 -50 -98.449 -71.389 1 0 0 0 0.139 0.99 0 -0.99 0.139 32039.dat
1 0 -50 -29.041 -60.85 -1 0 0 0 -0.99 -0.143 0 -0.143 0.99 76250.dat
0 STEP
1 73 -70 -280 -40 0 0 -1 0 1 0 1 0 0 32013.dat
1 0 -70 -280 -40 0 -0.391 -0.921 0 -0.921 0.391 -1 0 0 32062.dat
1 137 -88.41 -272.185 -40 0 0.391 0.921 0 0.921 -0.391 -1 0 0 32310.dat
1 73 70 -280 -40 0 0 1 0 1 0 -1 0 0 32013.dat
1 0 70 -280 -40 0 0.391 0.921 0 -0.921 0.391 1 0 0 32062.dat
1 137 88.41 -272.185 -40 0 -0.391 -0.921 0 0.921 -0.391 1 0 0 32310.dat
0 STEP
1 179 40 -282 20 1 0 0 0 0 -1 0 1 0 8012 - rigid3mmHose-studio-2.ldr
1 179 -40 -282 20 1 0 0 0 0 -1 0 1 0 8012 - rigid3mmHose-studio-3.ldr
1 179 70 -242 20 1 0 0 0 0 -1 0 1 0 8012 - rigid3mmHose-studio-4.ldr
1 179 -70 -242 20 1 0 0 0 0 -1 0 1 0 8012 - rigid3mmHose-studio-5.ldr
0 STEP
1 137 50 449 -60 1 0 0 0 1 0 0 0 1 8012 - leftleg.ldr
0 STEP
1 137 -50 449 -60 1 0 0 0 1 0 0 0 1 8012 - rightleg.ldr
0 STEP
1 73 80 -40 -40 0 -1 0 0 0 1 -1 0 0 8012 - 41663.dat
1 0 70 -20 -40 -1 0 0 0 -1 0 0 0 1 32184.dat
1 0 70 -20 -60 -1 0 0 0 -1 0 0 0 1 6558.dat
1 73 70 -20 -60 -1 0 0 0 0 -1 0 -1 0 32013.dat
1 0 50 -20 -60 1 0 0 0 0.122 0.993 0 -0.993 0.122 32013.dat
1 179 70 -10 -60 1 0 0 0 0 1 0 -1 0 8012 - rigid3mmHose-studio-7.ldr
0 STEP
1 0 -50 -20 -60 1 0 0 0 0.122 0.993 0 -0.993 0.122 32013.dat
1 73 -70 -20 -60 -1 0 0 0 -0.5 -0.866 0 -0.866 0.5 32013.dat
1 0 -70 -20 -40 -1 0 0 0 -1 0 0 0 1 32184.dat
1 73 -80 -40 -40 0 1 0 0 0 1 1 0 0 8012 - 41663.dat
1 0 -70 -20 -60 1 0 0 0 -1 0 0 0 -1 6558.dat
1 179 -70 -11.34 -65 1 0 0 0 -0.5 0.866 0 -0.866 -0.5 8012 - rigid3mmHose-studio-9.ldr
0 STEP
1 73 170 -11.46 45.992 -1 0 0 0 -0.174 0.985 0 0.985 0.174 8012 - leftarm.ldr
1 73 -140 43.781 -137.783 -1 0 0 0 0.326 0.946 0 0.946 -0.326 8012 - rightarm.ldr
1 73 -160 -240 -40 0 1 0 0.324 0 0.946 0.946 0 -0.324 8012 - 41663.dat
0 FILE 8012 - technicRibHoseLQ-1.ldr
0 technicRibHoseLQ-1
0 Name: 8012 - technicRibHoseLQ-1.ldr
0 Author: LDCad
0 !LICENSE Redistributable under CCAL version 2.0 : see CAreadme.txt

0 !CATEGORY technic
0 !KEYWORDS flexible

0 !LDCAD CONTENT [type=path] [addFallBack=default] [looped=false] [displayKind=mm] [curveStep=0] [displayLenCor=0]
0 !LDCAD PATH_POINT [type=bezier] [posOri=-6.945187 0.608922 0 0.984808 0.173648 0 -0.173648 0.984808 0 0 0 1] [prevCPDist=25] [nextCPDist=40] [cirR=20] [cirDir=xyCW] [prevYRoll=0] [nextYRoll=0]
0 !LDCAD PATH_POINT [type=bezier] [posOri=-12.154633 -28.93531 0 0.984808 0.173648 0 -0.173648 0.984808 0 0 0 1] [prevCPDist=25] [nextCPDist=25] [cirR=20] [cirDir=xyCW] [prevYRoll=0] [nextYRoll=0]
0 !LDCAD PATH_POINT [type=bezier] [posOri=-52.608386 -62.301116 0 0.069757 0.997564 0 -0.997564 0.069757 0 0 0 1] [prevCPDist=25] [nextCPDist=7] [cirR=20] [cirDir=xyCW] [prevYRoll=0] [nextYRoll=0]
0 !LDCAD PATH_POINT [type=bezier] [posOri=-78.545051 -64.114785 0 0.069757 0.997564 0 -0.997564 0.069757 0 0 0 1] [prevCPDist=6.5] [nextCPDist=25] [cirR=20] [cirDir=xyCW] [prevYRoll=0] [nextYRoll=0]

0 !LDCAD PATH_SKIN [donCol=16] [donOri=1 0 0 0 1 0 0 0 1] [donPart=79.dat] [donYSize=100%] [donCen=absCen] [donCenYOfs=0] [donFinScale=none] [donPlace=refsStat] [donYAlign=0] [donInline=false] [segSize=80%] [segSizeTol=5%] [segsCnt=1] [segsGrp=0] [segsMaxMerge=1] [segsMrgAng=0] [segsMrgRollAng=0] [segsEdgeDelKind=keepFirstLeft]
0 !LDCAD PATH_SKIN [donCol=16] [donOri=1 0 0 0 1 0 0 0 1] [donPart=80.dat] [donYSize=100%] [donCen=absCen] [donCenYOfs=0] [donFinScale=none] [donPlace=refsStat] [donYAlign=0] [donInline=false] [segSize=80%] [segSizeTol=5%] [segsCnt=0] [segsGrp=0] [segsMaxMerge=1] [segsMrgAng=0] [segsMrgRollAng=0] [segsEdgeDelKind=keepFirstLeft]
0 !LDCAD PATH_SKIN [donCol=16] [donOri=1 0 0 0 -1 0 0 0 -1] [donPart=79.dat] [donYSize=100%] [donCen=absCen] [donCenYOfs=0] [donFinScale=none] [donPlace=refsStat] [donYAlign=0] [donInline=false] [segSize=80%] [segSizeTol=5%] [segsCnt=1] [segsGrp=0] [segsMaxMerge=1] [segsMrgAng=0] [segsMrgRollAng=0] [segsEdgeDelKind=keepFirstLeft]

0 !LDCAD GENERATED [generator=LDCad 1.6b]
0 //This is the fallback LDraw content for above PATH configuration.
0 // Do not edit, any changes will be lost upon regeneration.
0 // The path is approx 45.75 mm (114.37) and exists out of 22 segments.

0 //Some general hints about the document.
0 UNOFFICIAL PART
0 BFC CERTIFY CCW

0 //Segments
1 16 -7.287195 -1.330706 0 0.984808 0.173648 0 -0.173648 0.984808 0 0 0 1 79.dat
1 16 -8.246822 -6.773028 0 0.984808 0.173648 0 -0.173648 0.984808 0 0 0 1 80.dat
1 16 -9.160811 -11.956522 0 0.984808 0.173648 0 -0.173648 0.984808 0 0 0 1 80.dat
1 16 -10.074801 -17.140016 0 0.984808 0.173648 0 -0.173648 0.984808 0 0 0 1 80.dat
1 16 -10.988793 -22.32351 0 0.984808 0.173649 0 -0.173649 0.984808 0 0 0 1 80.dat
1 16 -11.907758 -27.506106 0 0.984488 0.175453 0 -0.175453 0.984488 0 0 0 1 80.dat
1 16 -12.939341 -32.665696 0 0.975811 0.218616 0 -0.218616 0.975811 0 0 0 1 80.dat
1 16 -14.306408 -37.742313 0 0.954792 0.297275 0 -0.297275 0.954792 0 0 0 1 80.dat
1 16 -16.133796 -42.66652 0 0.915431 0.402474 0 -0.402474 0.915431 0 0 0 1 80.dat
1 16 -18.618879 -47.28337 0 0.84396 0.536406 0 -0.536406 0.84396 0 0 0 1 80.dat
1 16 -21.811854 -51.4294 0 0.728018 0.685558 0 -0.685558 0.728018 0 0 0 1 80.dat
1 16 -25.771298 -54.846151 0 0.579305 0.815111 0 -0.815111 0.579305 0 0 0 1 80.dat
1 16 -30.284002 -57.500518 0 0.423206 0.906033 0 -0.906033 0.423206 0 0 0 1 80.dat
1 16 -35.184502 -59.377712 0 0.296603 0.955001 0 -0.955001 0.296603 0 0 0 1 80.dat
1 16 -40.271785 -60.69325 0 0.198853 0.980029 0 -0.980029 0.198853 0 0 0 1 80.dat
1 16 -45.460131 -61.555623 0 0.132062 0.991241 0 -0.991241 0.132062 0 0 0 1 80.dat
1 16 -50.690016 -62.130615 0 0.084173 0.996451 0 -0.996451 0.084173 0 0 0 1 80.dat
1 16 -55.937731 -62.533915 0 0.069761 0.997564 0 -0.997564 0.069761 0 0 0 1 80.dat
1 16 -61.188366 -62.901088 0 0.069756 0.997564 0 -0.997564 0.069756 0 0 0 1 80.dat
1 16 -66.439002 -63.268247 0 0.069756 0.997564 0 -0.997564 0.069756 0 0 0 1 80.dat
1 16 -71.689639 -63.635407 0 0.069756 0.997564 0 -0.997564 0.069756 0 0 0 1 80.dat
1 16 -76.766682 -63.990429 0 0.069757 -0.997564 0 -0.997564 -0.069757 0 0 0 -1 79.dat
0 FILE 8012 - back.ldr
0 back
0 Name: 8012 - back.ldr
0 Author: Philippe Hurbain [Philo]
0 !LICENSE Redistributable under CCAL version 2.0 : see CAreadme.txt

1 73 -15 0 -40 0 1 0 -1 0 0 0 0 1 6632.dat
1 0 0 0 0 1 0 0 0 1 0 0 0 1 32073.dat
1 73 -40 0 0 -1 0 0 0 0 1 0 1 0 32291.dat
1 7 -25 0 0 0 0 1 -1 0 0 0 -1 0 32123a.dat
1 73 0 0 0 1 0 0 0 0.087 0.996 0 -0.996 0.087 32013.dat
1 73 15 0 -40 0 1 0 -1 0 0 0 0 1 6632.dat
1 7 25 0 0 0 0 1 -1 0 0 0 -1 0 32123a.dat
1 73 40 0 0 -1 0 0 0 0 1 0 1 0 32291.dat
0 STEP
1 8 -50 -10 20 0 0 -1 -1 0 0 0 1 0 32002.dat
1 8 50 -10 20 0 0 -1 -1 0 0 0 1 0 32002.dat
1 7 -30 -10 20 0 0 -1 -1 0 0 0 1 0 3749.dat
1 7 30 -10 20 0 0 -1 -1 0 0 0 1 0 3749.dat
1 7 0 -29.886 -2.615 0 0 1 0.996 -0.087 0 0.087 0.996 0 3749.dat
1 137 30 -15 20 0 0 1 0 -1 0 1 0 0 8012 - 32249.dat
1 137 -30 -15 20 0 0 -1 0 1 0 1 0 0 8012 - 32249.dat
0 FILE 8012 - gearing.ldr
0 gearing
0 Name: 8012 - gearing.ldr
0 Author: Philippe Hurbain [Philo]
0 !LICENSE Redistributable under CCAL version 2.0 : see CAreadme.txt

1 73 -25 0 -30 0 -1 0 1 0 0 0 0 1 32449.dat
1 7 -30 0 -60 1 0 0 0 0 -1 0 1 0 3749.dat
1 73 -15 0 -30 0 -1 0 1 0 0 0 0 1 32449.dat
1 0 70 0 0 1 0 0 0 0 -1 0 1 0 3737.dat
1 73 0 0 0 1 0 0 0 0 -1 0 1 0 6536.dat
0 STEP
1 0 10 0 -40 1 0 0 0 0.326 -0.946 0 0.946 0.326 3707.dat
1 73 -35 37.821 -53.023 0 1 0 -0.946 0 0.326 0.326 0 0.946 32056.dat
1 73 -45 37.821 -53.023 0 1 0 -0.946 0 0.326 0.326 0 0.946 32056.dat
1 7 0 0 -40 0 0 1 -0.946 -0.326 0 0.326 -0.946 0 3713.dat
1 137 -70 0 -40 0 0 1 -0.324 0.946 0 -0.946 -0.324 0 6538b.dat
0 STEP
1 137 20 80 -40 0 -1 0 0 0 -1 1 0 0 32526.dat
1 7 40 0 -40 0 0 -1 -0.946 0.326 0 0.326 0.946 0 3713.dat
1 7 30 40 -40 1 0 0 0 0 -1 0 1 0 3749.dat
1 73 35 40 0 0 -1 0 -1 0 0 0 0 -1 32056.dat
1 73 45 40 0 0 -1 0 -1 0 0 0 0 -1 32056.dat
1 73 55 0 -30 0 -1 0 1 0 0 0 0 1 32449.dat
1 7 70 0 -40 0 0 1 0.946 0.326 0 -0.326 0.946 0 4019.dat
0 STEP
1 73 65 -40 0 0 1 0 1 0 0 0 0 -1 32056.dat
1 73 75 -40 0 0 1 0 1 0 0 0 0 -1 32056.dat
1 73 85 0 -30 0 -1 0 1 0 0 0 0 1 32449.dat
0 STEP
1 0 60 40 -20 -1 0 0 0 -1 0 0 0 1 4519.dat
1 7 70 40 -20 0 0 1 0 -1 0 1 0 0 8012 - 32269.dat
1 0 55 40 10 0 1 0 1 0 0 0 0 -1 32449.dat
1 0 85 40 10 0 1 0 1 0 0 0 0 -1 32449.dat
1 0 70 40 40 -1 0 0 0 1 0 0 0 -1 32062.dat
1 7 70 40 40 0 0 -1 0 1 0 1 0 0 3713.dat
0 STEP
1 73 95 40 0 0 -1 0 -1 0 0 0 0 -1 32056.dat
1 73 105 40 0 0 -1 0 -1 0 0 0 0 -1 32056.dat
1 7 110 40 -40 -1 0 0 0 0 -1 0 -1 0 3749.dat
0 FILE 8012 - rigid3mmHose-studio-1.ldr
0 rigid3mmHose-studio-1
0 Name: 8012 - rigid3mmHose-studio-1.ldr
0 Author: LDCad
0 !LICENSE Redistributable under CCAL version 2.0 : see CAreadme.txt

0 !CATEGORY Technic
0 !KEYWORDS flexible

0 !LDCAD CONTENT [type=path] [addFallBack=default] [looped=false] [displayKind=mm] [curveStep=0] [displayLenCor=0]
0 !LDCAD PATH_POINT [type=bezier] [posOri=0 0 0 1 0 0 0 0 1 0 -1 0] [prevCPDist=25] [nextCPDist=25] [cirR=25] [cirDir=xyCW] [prevYRoll=0] [nextYRoll=0]
0 !LDCAD PATH_POINT [type=bezier] [posOri=0 0 100 1 0 0 0 0 1 0 -1 0] [prevCPDist=25] [nextCPDist=25] [cirR=25] [cirDir=xyCW] [prevYRoll=0] [nextYRoll=0]

0 !LDCAD PATH_SKIN [donCol=16] [donOri=-1 0 0 0 -1 0 0 0 1] [donPart=u9053.dat] [donYSize=100%] [donCen=absCen] [donCenYOfs=0] [donFinScale=segMerge] [donPlace=refsStat] [donYAlign=0] [donInline=false] [segSize=80%] [segSizeTol=5%] [segsCnt=1] [segsGrp=0] [segsMaxMerge=1] [segsMrgAng=0] [segsMrgRollAng=0] [segsEdgeDelKind=keepFirstLeft]
0 !LDCAD PATH_SKIN [donCol=16] [donOri=1 0 0 0 1 0 0 0 1] [donPart=77.dat] [donYSize=100%] [donCen=absCen] [donCenYOfs=0] [donFinScale=segMerge] [donPlace=refsStat] [donYAlign=0] [donInline=false] [segSize=70%] [segSizeTol=5%] [segsCnt=0] [segsGrp=0] [segsMaxMerge=1] [segsMrgAng=0] [segsMrgRollAng=0] [segsEdgeDelKind=keepFirstLeft]
0 !LDCAD PATH_SKIN [donCol=16] [donOri=1 0 0 0 1 0 0 0 1] [donPart=u9053.dat] [donYSize=100%] [donCen=absCen] [donCenYOfs=0] [donFinScale=segMerge] [donPlace=refsStat] [donYAlign=0] [donInline=false] [segSize=80%] [segSizeTol=5%] [segsCnt=1] [segsGrp=0] [segsMaxMerge=1] [segsMrgAng=0] [segsMrgRollAng=0] [segsEdgeDelKind=keepFirstLeft]

0 !LDCAD GENERATED [generator=LDCad 1.6b]
0 //This is the fallback LDraw content for above PATH configuration.
0 // Do not edit, any changes will be lost upon regeneration.
0 // The path is approx 40.00 mm (100.00) and exists out of 143 segments.

0 //Some general hints about the document.
0 UNOFFICIAL PART
0 BFC CERTIFY CCW

0 //Segments
1 16 0 0 0.05 -1 0 0 0 0 1 0 1 0 u9053.dat
1 16 0 0 2.046834 1 0 0 0 0 1 0 -0.997889 0 77.dat
1 16 0 0 2.692613 1 0 0 0 0 1 0 -0.997889 0 77.dat
1 16 0 0 3.338392 1 0 0 0 0 1 0 -0.997889 0 77.dat
1 16 0 0 3.984171 1 0 0 0 0 1 0 -0.997889 0 77.dat
1 16 0 0 4.62995 1 0 0 0 0 1 0 -0.997889 0 77.dat
1 16 0 0 5.525729 1 0 0 0 0 1 0 -0.997889 0 77.dat
1 16 0 0 6.171508 1 0 0 0 0 1 0 -0.997889 0 77.dat
1 16 0 0 6.817286 1 0 0 0 0 1 0 -0.997889 0 77.dat
1 16 0 0 7.463065 1 0 0 0 0 1 0 -0.997889 0 77.dat
1 16 0 0 8.108844 1 0 0 0 0 1 0 -0.997889 0 77.dat
1 16 0 0 9.004623 1 0 0 0 0 1 0 -0.997889 0 77.dat
1 16 0 0 9.650402 1 0 0 0 0 1 0 -0.997889 0 77.dat
1 16 0 0 10.296181 1 0 0 0 0 1 0 -0.997889 0 77.dat
1 16 0 0 10.94196 1 0 0 0 0 1 0 -0.997889 0 77.dat
1 16 0 0 11.587739 1 0 0 0 0 1 0 -0.997889 0 77.dat
1 16 0 0 12.483518 1 0 0 0 0 1 0 -0.997889 0 77.dat
1 16 0 0 13.129296 1 0 0 0 0 1 0 -0.997889 0 77.dat
1 16 0 0 13.775075 1 0 0 0 0 1 0 -0.997889 0 77.dat
1 16 0 0 14.420854 1 0 0 0 0 1 0 -0.997889 0 77.dat
1 16 0 0 15.066633 1 0 0 0 0 1 0 -0.997889 0 77.dat
1 16 0 0 15.962412 1 0 0 0 0 1 0 -0.997889 0 77.dat
1 16 0 0 16.608191 1 0 0 0 0 1 0 -0.997889 0 77.dat
1 16 0 0 17.25397 1 0 0 0 0 1 0 -0.997889 0 77.dat
1 16 0 0 17.899749 1 0 0 0 0 1 0 -0.997889 0 77.dat
1 16 0 0 18.545528 1 0 0 0 0 1 0 -0.997889 0 77.dat
1 16 0 0 19.441307 1 0 0 0 0 1 0 -0.997889 0 77.dat
1 16 0 0 20.087085 1 0 0 0 0 1 0 -0.997889 0 77.dat
1 16 0 0 20.732864 1 0 0 0 0 1 0 -0.997889 0 77.dat
1 16 0 0 21.378643 1 0 0 0 0 1 0 -0.997889 0 77.dat
1 16 0 0 22.024422 1 0 0 0 0 1 0 -0.997889 0 77.dat
1 16 0 0 22.920201 1 0 0 0 0 1 0 -0.997889 0 77.dat
1 16 0 0 23.56598 1 0 0 0 0 1 0 -0.997889 0 77.dat
1 16 0 0 24.211759 1 0 0 0 0 1 0 -0.997889 0 77.dat
1 16 0 0 24.857538 1 0 0 0 0 1 0 -0.997889 0 77.dat
1 16 0 0 25.503317 1 0 0 0 0 1 0 -0.997889 0 77.dat
1 16 0 0 26.399095 1 0 0 0 0 1 0 -0.997889 0 77.dat
1 16 0 0 27.044874 1 0 0 0 0 1 0 -0.997889 0 77.dat
1 16 0 0 27.690653 1 0 0 0 0 1 0 -0.997889 0 77.dat
1 16 0 0 28.336432 1 0 0 0 0 1 0 -0.997889 0 77.dat
1 16 0 0 28.982211 1 0 0 0 0 1 0 -0.997889 0 77.dat
1 16 0 0 29.87799 1 0 0 0 0 1 0 -0.997889 0 77.dat
1 16 0 0 30.523769 1 0 0 0 0 1 0 -0.997889 0 77.dat
1 16 0 0 31.169548 1 0 0 0 0 1 0 -0.997889 0 77.dat
1 16 0 0 31.815327 1 0 0 0 0 1 0 -0.997889 0 77.dat
1 16 0 0 32.461106 1 0 0 0 0 1 0 -0.997889 0 77.dat
1 16 0 0 33.356884 1 0 0 0 0 1 0 -0.997889 0 77.dat
1 16 0 0 34.002663 1 0 0 0 0 1 0 -0.997889 0 77.dat
1 16 0 0 34.648442 1 0 0 0 0 1 0 -0.997889 0 77.dat
1 16 0 0 35.544221 1 0 0 0 0 1 0 -0.997889 0 77.dat
1 16 0 0 36.19 1 0 0 0 0 1 0 -0.997889 0 77.dat
1 16 0 0 36.835779 1 0 0 0 0 1 0 -0.997889 0 77.dat
1 16 0 0 37.481558 1 0 0 0 0 1 0 -0.997889 0 77.dat
1 16 0 0 38.127337 1 0 0 0 0 1 0 -0.997889 0 77.dat
1 16 0 0 39.023116 1 0 0 0 0 1 0 -0.997889 0 77.dat
1 16 0 0 39.668894 1 0 0 0 0 1 0 -0.997889 0 77.dat
1 16 0 0 40.314673 1 0 0 0 0 1 0 -0.997889 0 77.dat
1 16 0 0 40.960452 1 0 0 0 0 1 0 -0.997889 0 77.dat
1 16 0 0 41.606231 1 0 0 0 0 1 0 -0.997889 0 77.dat
1 16 0 0 42.50201 1 0 0 0 0 1 0 -0.997889 0 77.dat
1 16 0 0 43.147789 1 0 0 0 0 1 0 -0.997889 0 77.dat
1 16 0 0 43.793568 1 0 0 0 0 1 0 -0.997889 0 77.dat
1 16 0 0 44.439347 1 0 0 0 0 1 0 -0.997889 0 77.dat
1 16 0 0 45.085126 1 0 0 0 0 1 0 -0.997889 0 77.dat
1 16 0 0 45.980905 1 0 0 0 0 1 0 -0.997889 0 77.dat
1 16 0 0 46.626683 1 0 0 0 0 1 0 -0.997889 0 77.dat
1 16 0 0 47.272462 1 0 0 0 0 1 0 -0.997889 0 77.dat
1 16 0 0 47.918241 1 0 0 0 0 1 0 -0.997889 0 77.dat
1 16 0 0 48.56402 1 0 0 0 0 1 0 -0.997889 0 77.dat
1 16 0 0 49.459799 1 0 0 0 0 1 0 -0.997889 0 77.dat
1 16 0 0 50.105578 1 0 0 0 0 1 0 -0.997889 0 77.dat
1 16 0 0 50.751357 1 0 0 0 0 1 0 -0.997889 0 77.dat
1 16 0 0 51.397136 1 0 0 0 0 1 0 -0.997889 0 77.dat
1 16 0 0 52.042915 1 0 0 0 0 1 0 -0.997889 0 77.dat
1 16 0 0 52.938693 1 0 0 0 0 1 0 -0.997889 0 77.dat
1 16 0 0 53.584472 1 0 0 0 0 1 0 -0.997889 0 77.dat
1 16 0 0 54.230251 1 0 0 0 0 1 0 -0.997889 0 77.dat
1 16 0 0 54.87603 1 0 0 0 0 1 0 -0.997889 0 77.dat
1 16 0 0 55.521809 1 0 0 0 0 1 0 -0.997889 0 77.dat
1 16 0 0 56.417588 1 0 0 0 0 1 0 -0.997889 0 77.dat
1 16 0 0 57.063367 1 0 0 0 0 1 0 -0.997889 0 77.dat
1 16 0 0 57.709146 1 0 0 0 0 1 0 -0.997889 0 77.dat
1 16 0 0 58.354925 1 0 0 0 0 1 0 -0.997889 0 77.dat
1 16 0 0 59.000704 1 0 0 0 0 1 0 -0.997889 0 77.dat
1 16 0 0 59.896482 1 0 0 0 0 1 0 -0.997889 0 77.dat
1 16 0 0 60.542261 1 0 0 0 0 1 0 -0.997889 0 77.dat
1 16 0 0 61.18804 1 0 0 0 0 1 0 -0.997889 0 77.dat
1 16 0 0 61.833819 1 0 0 0 0 1 0 -0.997889 0 77.dat
1 16 0 0 62.479598 1 0 0 0 0 1 0 -0.997889 0 77.dat
1 16 0 0 63.375377 1 0 0 0 0 1 0 -0.997889 0 77.dat
1 16 0 0 64.021156 1 0 0 0 0 1 0 -0.997889 0 77.dat
1 16 0 0 64.666935 1 0 0 0 0 1 0 -0.997889 0 77.dat
1 16 0 0 65.312714 1 0 0 0 0 1 0 -0.997889 0 77.dat
1 16 0 0 65.958492 1 0 0 0 0 1 0 -0.997889 0 77.dat
1 16 0 0 66.854271 1 0 0 0 0 1 0 -0.997889 0 77.dat
1 16 0 0 67.50005 1 0 0 0 0 1 0 -0.997889 0 77.dat
1 16 0 0 68.145829 1 0 0 0 0 1 0 -0.997889 0 77.dat
1 16 0 0 69.041608 1 0 0 0 0 1 0 -0.997889 0 77.dat
1 16 0 0 69.687387 1 0 0 0 0 1 0 -0.997889 0 77.dat
1 16 0 0 70.333166 1 0 0 0 0 1 0 -0.997889 0 77.dat
1 16 0 0 70.978945 1 0 0 0 0 1 0 -0.997889 0 77.dat
1 16 0 0 71.624724 1 0 0 0 0 1 0 -0.997889 0 77.dat
1 16 0 0 72.520503 1 0 0 0 0 1 0 -0.997889 0 77.dat
1 16 0 0 73.166281 1 0 0 0 0 1 0 -0.997889 0 77.dat
1 16 0 0 73.81206 1 0 0 0 0 1 0 -0.997889 0 77.dat
1 16 0 0 74.457839 1 0 0 0 0 1 0 -0.997889 0 77.dat
1 16 0 0 75.103618 1 0 0 0 0 1 0 -0.997889 0 77.dat
1 16 0 0 75.999397 1 0 0 0 0 1 0 -0.997889 0 77.dat
1 16 0 0 76.645176 1 0 0 0 0 1 0 -0.997889 0 77.dat
1 16 0 0 77.290955 1 0 0 0 0 1 0 -0.997889 0 77.dat
1 16 0 0 77.936734 1 0 0 0 0 1 0 -0.997889 0 77.dat
1 16 0 0 78.582513 1 0 0 0 0 1 0 -0.997889 0 77.dat
1 16 0 0 79.478291 1 0 0 0 0 1 0 -0.997889 0 77.dat
1 16 0 0 80.12407 1 0 0 0 0 1 0 -0.997889 0 77.dat
1 16 0 0 80.769849 1 0 0 0 0 1 0 -0.997889 0 77.dat
1 16 0 0 81.415628 1 0 0 0 0 1 0 -0.997889 0 77.dat
1 16 0 0 82.061407 1 0 0 0 0 1 0 -0.997889 0 77.dat
1 16 0 0 82.957186 1 0 0 0 0 1 0 -0.997889 0 77.dat
1 16 0 0 83.602965 1 0 0 0 0 1 0 -0.997889 0 77.dat
1 16 0 0 84.248744 1 0 0 0 0 1 0 -0.997889 0 77.dat
1 16 0 0 84.894523 1 0 0 0 0 1 0 -0.997889 0 77.dat
1 16 0 0 85.540302 1 0 0 0 0 1 0 -0.997889 0 77.dat
1 16 0 0 86.43608 1 0 0 0 0 1 0 -0.997889 0 77.dat
1 16 0 0 87.081859 1 0 0 0 0 1 0 -0.997889 0 77.dat
1 16 0 0 87.727638 1 0 0 0 0 1 0 -0.997889 0 77.dat
1 16 0 0 88.373417 1 0 0 0 0 1 0 -0.997889 0 77.dat
1 16 0 0 89.019196 1 0 0 0 0 1 0 -0.997889 0 77.dat
1 16 0 0 89.914975 1 0 0 0 0 1 0 -0.997889 0 77.dat
1 16 0 0 90.560754 1 0 0 0 0 1 0 -0.997889 0 77.dat
1 16 0 0 91.206533 1 0 0 0 0 1 0 -0.997889 0 77.dat
1 16 0 0 91.852312 1 0 0 0 0 1 0 -0.997889 0 77.dat
1 16 0 0 92.49809 1 0 0 0 0 1 0 -0.997889 0 77.dat
1 16 0 0 93.393869 1 0 0 0 0 1 0 -0.997889 0 77.dat
1 16 0 0 94.039648 1 0 0 0 0 1 0 -0.997889 0 77.dat
1 16 0 0 94.685427 1 0 0 0 0 1 0 -0.997889 0 77.dat
1 16 0 0 95.331206 1 0 0 0 0 1 0 -0.997889 0 77.dat
1 16 0 0 95.976985 1 0 0 0 0 1 0 -0.997889 0 77.dat
1 16 0 0 96.872764 1 0 0 0 0 1 0 -0.997889 0 77.dat
1 16 0 0 97.518543 1 0 0 0 0 1 0 -0.997889 0 77.dat
1 16 0 0 98.164322 1 0 0 0 0 1 0 -0.997889 0 77.dat
1 16 0 0 98.810101 1 0 0 0 0 1 0 -0.997889 0 77.dat
1 16 0 0 99.455879 1 0 0 0 0 1 0 -0.997889 0 77.dat
1 16 0 0 100.202412 1 0 0 0 0 1 0 -1 0 u9053.dat
0 FILE 8012 - rigid3mmHose-studio-2.ldr
0 rigid3mmHose-studio-2
0 Name: 8012 - rigid3mmHose-studio-2.ldr
0 Author: LDCad
0 !LICENSE Redistributable under CCAL version 2.0 : see CAreadme.txt

0 !CATEGORY Technic
0 !KEYWORDS flexible

0 !LDCAD CONTENT [type=path] [addFallBack=default] [looped=false] [displayKind=mm] [curveStep=0] [displayLenCor=0]
0 !LDCAD PATH_POINT [type=bezier] [posOri=0 0 0 1 0 0 0 0 1 0 -1 0] [prevCPDist=25] [nextCPDist=6] [cirR=25] [cirDir=xyCW] [prevYRoll=0] [nextYRoll=0]
0 !LDCAD PATH_POINT [type=bezier] [posOri=0 0 12 1 0 0 0 0 1 0 -1 0] [prevCPDist=5] [nextCPDist=96] [cirR=20] [cirDir=xyCW] [prevYRoll=0] [nextYRoll=0]
0 !LDCAD PATH_POINT [type=bezier] [posOri=-30 -151.269409 -14.486359 1 0 0 0 0.34202 -0.939692 0 0.939692 0.34202] [prevCPDist=101] [nextCPDist=6] [cirR=20] [cirDir=xyCW] [prevYRoll=0] [nextYRoll=0]
0 !LDCAD PATH_POINT [type=bezier] [posOri=-30 -158.109812 -33.280212 1 0 0 0 0.34202 -0.939692 0 0.939692 0.34202] [prevCPDist=5] [nextCPDist=25] [cirR=25] [cirDir=xyCW] [prevYRoll=0] [nextYRoll=0]

0 !LDCAD PATH_SKIN [donCol=16] [donOri=-1 0 0 0 -1 0 0 0 1] [donPart=u9053.dat] [donYSize=100%] [donCen=absCen] [donCenYOfs=0] [donFinScale=segMerge] [donPlace=refsStat] [donYAlign=0] [donInline=false] [segSize=80%] [segSizeTol=5%] [segsCnt=1] [segsGrp=0] [segsMaxMerge=1] [segsMrgAng=0] [segsMrgRollAng=0] [segsEdgeDelKind=keepFirstLeft]
0 !LDCAD PATH_SKIN [donCol=16] [donOri=1 0 0 0 1 0 0 0 1] [donPart=77.dat] [donYSize=100%] [donCen=absCen] [donCenYOfs=0] [donFinScale=segMerge] [donPlace=refsStat] [donYAlign=0] [donInline=false] [segSize=70%] [segSizeTol=5%] [segsCnt=0] [segsGrp=0] [segsMaxMerge=1] [segsMrgAng=0] [segsMrgRollAng=0] [segsEdgeDelKind=keepFirstLeft]
0 !LDCAD PATH_SKIN [donCol=16] [donOri=1 0 0 0 1 0 0 0 1] [donPart=u9053.dat] [donYSize=100%] [donCen=absCen] [donCenYOfs=0] [donFinScale=segMerge] [donPlace=refsStat] [donYAlign=0] [donInline=false] [segSize=80%] [segSizeTol=5%] [segsCnt=1] [segsGrp=0] [segsMaxMerge=1] [segsMrgAng=0] [segsMrgRollAng=0] [segsEdgeDelKind=keepFirstLeft]

0 !LDCAD GENERATED [generator=LDCad 1.6b]
0 //This is the fallback LDraw content for above PATH configuration.
0 // Do not edit, any changes will be lost upon regeneration.
0 // The path is approx 105.40 mm (263.51) and exists out of 376 segments.

0 //Some general hints about the document.
0 UNOFFICIAL PART
0 BFC CERTIFY CCW

0 //Segments
1 16 0 0 0.05 -1 0 0 0 0 1 0 1 0 u9053.dat
1 16 0 0 1.800434 1 0 0 0 0 1 0 -1.000289 0 77.dat
1 16 0 0 2.451012 1 0 0 0 0 1 0 -1.000289 0 77.dat
1 16 0 0 3.351591 1 0 0 0 0 1 0 -1.000289 0 77.dat
1 16 0 0 4.002169 1 0 0 0 0 1 0 -1.000289 0 77.dat
1 16 0 0 4.652748 1 0 0 0 0 1 0 -1.000289 0 77.dat
1 16 0 0 5.303326 1 0 0 0 0 1 0 -1.000289 0 77.dat
1 16 0 0 5.953905 1 0 0 0 0 1 0 -1.000289 0 77.dat
1 16 0 0 6.854483 1 0 0 0 0 1 0 -1.000289 0 77.dat
1 16 0 0 7.505062 1 0 0 0 0 1 0 -1.000289 0 77.dat
1 16 0 0 8.15564 1 0 0 0 0 1 0 -1.000289 0 77.dat
1 16 0 0 8.806219 1 0 0 0 0 1 0 -1.000289 0 77.dat
1 16 0 0 9.456797 1 0 0 0 0 1 0 -1.000289 0 77.dat
1 16 0 0 10.357376 1 0 0 0 0 1 0 -1.000289 0 77.dat
1 16 0 0 11.007954 1 0 0 0 0 1 0 -1.000289 0 77.dat
1 16 0 0 11.658533 1 0 0 0 0 1 0 -1.000289 0 77.dat
1 16 -0.000051 -0.000198 12.309111 1 0.000073 0 0 0.000283 1 0.000073 -1.000289 0.000283 77.dat
1 16 -0.003018 -0.011753 12.959613 0.999995 0.003145 -0.000001 -0.000037 0.01225 0.999925 0.003144 -1.000209 0.012246 77.dat
1 16 -0.005849 -0.022781 13.860119 0.999995 0.003145 -0.000001 -0.000037 0.01225 0.999925 0.003144 -1.000209 0.012246 77.dat
1 16 -0.007895 -0.030748 14.510646 0.999995 0.003145 -0.000001 -0.000038 0.01225 0.999925 0.003144 -1.000209 0.012246 77.dat
1 16 -0.013644 -0.053166 15.16084 0.999975 0.007043 -0.000005 -0.000188 0.027459 0.999623 0.007038 -0.999887 0.027452 77.dat
1 16 -0.019513 -0.076056 15.810965 0.999961 0.008884 -0.000008 -0.0003 0.034644 0.9994 0.008876 -0.99965 0.034636 77.dat
1 16 -0.025291 -0.098588 16.461127 0.999961 0.008884 -0.000008 -0.0003 0.034644 0.9994 0.008876 -0.99965 0.034636 77.dat
1 16 -0.033289 -0.129779 17.36113 0.999961 0.008884 -0.000007 -0.0003 0.034644 0.9994 0.008876 -0.99965 0.034636 77.dat
1 16 -0.041707 -0.16264 18.010809 0.99992 0.012654 -0.000015 -0.000609 0.049396 0.99878 0.012635 -0.998989 0.049385 77.dat
1 16 -0.05306 -0.206992 18.659793 0.999873 0.015942 -0.000025 -0.000967 0.062263 0.99806 0.015908 -0.998222 0.062253 77.dat
1 16 -0.063429 -0.247487 19.309027 0.999873 0.015942 -0.000024 -0.000968 0.062263 0.99806 0.015908 -0.998222 0.062253 77.dat
1 16 -0.073797 -0.287982 19.958262 0.999873 0.015942 -0.000024 -0.000968 0.062263 0.99806 0.015908 -0.998222 0.062253 77.dat
1 16 -0.093641 -0.365596 20.855272 0.999764 0.021721 -0.000046 -0.001799 0.084952 0.996385 0.02164 -0.996439 0.084947 77.dat
1 16 -0.108186 -0.422488 21.503182 0.999751 0.022318 -0.000048 -0.001899 0.087295 0.996183 0.022231 -0.996223 0.087291 77.dat
1 16 -0.122701 -0.479264 22.151116 0.999751 0.022318 -0.000048 -0.0019 0.087295 0.996183 0.022231 -0.996223 0.087291 77.dat
1 16 -0.137425 -0.53686 22.798969 0.999744 0.022616 -0.000048 -0.001952 0.088466 0.99608 0.022525 -0.996113 0.088462 77.dat
1 16 -0.158158 -0.618114 23.444265 0.999581 0.028955 -0.000082 -0.003203 0.113428 0.993545 0.02877 -0.993415 0.11344 77.dat
1 16 -0.184227 -0.720236 24.338655 0.999581 0.028955 -0.000081 -0.003204 0.113428 0.993545 0.028769 -0.993415 0.11344 77.dat
1 16 -0.203059 -0.794008 24.984763 0.999581 0.028955 -0.00008 -0.003205 0.113428 0.993545 0.028769 -0.993415 0.11344 77.dat
1 16 -0.221892 -0.867781 25.630871 0.999581 0.028955 -0.000079 -0.003206 0.113428 0.993545 0.028769 -0.993415 0.11344 77.dat
1 16 -0.248294 -0.971446 26.272694 0.99921 0.039763 -0.000156 -0.006054 0.156108 0.987729 0.039288 -0.987232 0.15618 77.dat
1 16 -0.271793 -1.063647 26.916347 0.999305 0.037275 -0.000134 -0.00532 0.146281 0.989235 0.036882 -0.988833 0.146336 77.dat
1 16 -0.305352 -1.195347 27.806611 0.999305 0.037275 -0.000133 -0.005322 0.146281 0.989235 0.036882 -0.988833 0.146336 77.dat
1 16 -0.332471 -1.301887 28.447818 0.999144 0.041383 -0.000166 -0.006566 0.162567 0.986683 0.040848 -0.986123 0.162652 77.dat
1 16 -0.3625 -1.41996 29.086904 0.999003 0.044661 -0.000194 -0.007653 0.175559 0.984448 0.043988 -0.983749 0.175675 77.dat
1 16 -0.391547 -1.534142 29.726726 0.999003 0.044661 -0.000192 -0.007654 0.175559 0.984448 0.043988 -0.983749 0.175675 77.dat
1 16 -0.423456 -1.659705 30.364269 0.998864 0.047675 -0.00022 -0.00873 0.187545 0.982228 0.046856 -0.981393 0.187694 77.dat
1 16 -0.469584 -1.841299 31.245106 0.998697 0.05105 -0.000254 -0.010017 0.200965 0.979559 0.050043 -0.978563 0.201156 77.dat
1 16 -0.502786 -1.972004 31.881554 0.998697 0.05105 -0.000252 -0.01002 0.200965 0.979559 0.050042 -0.978563 0.201156 77.dat
1 16 -0.535988 -2.10271 32.518002 0.998697 0.05105 -0.00025 -0.010022 0.200965 0.979559 0.050042 -0.978563 0.201156 77.dat
1 16 -0.576354 -2.261985 33.147587 0.998122 0.061275 -0.000371 -0.014472 0.24175 0.970248 0.059525 -0.968701 0.242113 77.dat
1 16 -0.613894 -2.409992 33.780063 0.998268 0.058839 -0.000337 -0.01334 0.23203 0.972633 0.05729 -0.971225 0.232346 77.dat
1 16 -0.666868 -2.618893 34.654475 0.998268 0.058839 -0.000334 -0.013342 0.23203 0.972633 0.057289 -0.971225 0.232346 77.dat
1 16 -0.708478 -2.78318 35.282571 0.997976 0.063614 -0.000395 -0.015617 0.251144 0.967843 0.06165 -0.966157 0.251556 77.dat
1 16 -0.753256 -2.960146 35.907036 0.997741 0.067199 -0.000443 -0.017443 0.265491 0.963977 0.064877 -0.962069 0.265987 77.dat
1 16 -0.796962 -3.132819 36.532757 0.997741 0.067199 -0.00044 -0.017446 0.265491 0.963977 0.064876 -0.962069 0.265987 77.dat
1 16 -0.843928 -3.318591 37.15447 0.997504 0.070635 -0.000488 -0.019296 0.279294 0.960035 0.067929 -0.957906 0.279878 77.dat
1 16 -0.911072 -3.584309 38.012282 0.997232 0.074376 -0.000544 -0.021417 0.294323 0.955492 0.071205 -0.953111 0.295016 77.dat
1 16 -0.959446 -3.775734 38.632177 0.997232 0.074376 -0.00054 -0.021421 0.294323 0.955492 0.071204 -0.953111 0.295016 77.dat
1 16 -1.007819 -3.967159 39.252071 0.997232 0.074376 -0.000537 -0.021424 0.294323 0.955492 0.071203 -0.953111 0.295016 77.dat
1 16 -1.06436 -4.191511 39.860263 0.996294 0.086032 -0.000738 -0.02876 0.341315 0.939545 0.081059 -0.936312 0.342426 77.dat
1 16 -1.117598 -4.402546 40.473462 0.996537 0.083167 -0.000681 -0.02686 0.329764 0.943715 0.078688 -0.940701 0.33076 77.dat
1 16 -1.192474 -4.699438 41.320392 0.996537 0.083167 -0.000676 -0.026864 0.329764 0.943715 0.078686 -0.940701 0.33076 77.dat
1 16 -1.256287 -4.953268 41.916307 0.995284 0.097026 -0.000949 -0.036716 0.385869 0.921869 0.089785 -0.917752 0.3875 77.dat
1 16 -1.31347 -5.180256 42.523691 0.995873 0.090776 -0.000814 -0.032085 0.360563 0.932223 0.084892 -0.928619 0.361883 77.dat
1 16 -1.372509 -5.414762 43.127655 0.995873 0.090776 -0.000809 -0.03209 0.360563 0.932223 0.08489 -0.928619 0.361883 77.dat
1 16 -1.435913 -5.667001 43.723974 0.995443 0.095379 -0.000899 -0.035483 0.379267 0.924652 0.088508 -0.920673 0.380813 77.dat
1 16 -1.526394 -6.027198 44.544309 0.994966 0.100241 -0.001 -0.039257 0.399028 0.916148 0.092208 -0.911761 0.400838 77.dat
1 16 -1.59159 -6.286722 45.137309 0.994966 0.100241 -0.000995 -0.039262 0.399028 0.916148 0.092206 -0.911761 0.400838 77.dat
1 16 -1.662084 -6.567882 45.719839 0.994387 0.105825 -0.001119 -0.043847 0.421826 0.905673 0.096287 -0.900801 0.423976 77.dat
1 16 -1.732504 -6.848734 46.302367 0.994142 0.108107 -0.001168 -0.045799 0.431147 0.901178 0.097899 -0.896105 0.433447 77.dat
1 16 -1.802815 -7.129148 46.885185 0.994142 0.108107 -0.001162 -0.045804 0.431147 0.901178 0.097896 -0.896105 0.433448 77.dat
1 16 -1.907199 -7.54624 47.676514 0.993307 0.115532 -0.001344 -0.052459 0.461596 0.885607 0.102907 -0.879864 0.464433 77.dat
1 16 -1.982713 -7.847988 48.247891 0.993244 0.116068 -0.001352 -0.052963 0.463795 0.884428 0.103251 -0.878636 0.466675 77.dat
1 16 -2.058202 -8.149636 48.819347 0.993244 0.116068 -0.001345 -0.052969 0.463795 0.884428 0.103248 -0.878636 0.466675 77.dat
1 16 -2.14127 -8.482512 49.372284 0.991922 0.126878 -0.00164 -0.063564 0.508338 0.858895 0.109777 -0.852099 0.512148 77.dat
1 16 -2.221165 -8.802308 49.933308 0.992272 0.124105 -0.001553 -0.060759 0.496909 0.865755 0.108185 -0.859219 0.500465 77.dat
1 16 -2.332899 -9.249684 50.706879 0.992272 0.124105 -0.001545 -0.060765 0.496909 0.865755 0.108181 -0.859219 0.500466 77.dat
1 16 -2.424011 -9.615927 51.237307 0.99031 0.138899 -0.001992 -0.076584 0.558192 0.826279 0.115848 -0.818357 0.563258 77.dat
1 16 -2.508003 -9.952659 51.788204 0.991229 0.132181 -0.00177 -0.069173 0.530349 0.845049 0.112605 -0.837757 0.534686 77.dat
1 16 -2.594597 -10.300198 52.331297 0.991109 0.133078 -0.001789 -0.070149 0.534082 0.842615 0.113056 -0.83524 0.538513 77.dat
1 16 -2.687962 -10.675926 52.854495 0.99012 0.14025 -0.002011 -0.078166 0.563946 0.822216 0.116416 -0.814171 0.569172 77.dat
1 16 -2.814232 -11.183657 53.587508 0.99012 0.14025 -0.002003 -0.078173 0.563946 0.822215 0.116411 -0.814171 0.569173 77.dat
1 16 -2.908905 -11.564918 54.106059 0.989407 0.145195 -0.002162 -0.083986 0.584657 0.807044 0.118409 -0.798545 0.590487 77.dat
1 16 -3.006245 -11.957353 54.615759 0.988952 0.148261 -0.00226 -0.087702 0.597503 0.797186 0.119507 -0.788408 0.60373 77.dat
1 16 -3.103188 -12.348136 55.126765 0.988841 0.149 -0.002277 -0.08862 0.600616 0.794742 0.119749 -0.785899 0.606943 77.dat
1 16 -3.205319 -12.760791 55.619502 0.987997 0.154498 -0.002469 -0.095552 0.623799 0.775867 0.121375 -0.76654 0.630892 77.dat
1 16 -3.344416 -13.322409 56.309632 0.987997 0.154498 -0.002458 -0.09556 0.623799 0.775866 0.121368 -0.76654 0.630893 77.dat
1 16 -3.448137 -13.741846 56.795981 0.987262 0.15913 -0.002626 -0.101633 0.643439 0.758879 0.122414 -0.749161 0.651227 77.dat
1 16 -3.554264 -14.1715 57.272852 0.98681 0.161906 -0.002725 -0.105374 0.655222 0.748217 0.122891 -0.738275 0.663448 77.dat
1 16 -3.659566 -14.59765 57.753019 0.98681 0.161906 -0.002714 -0.105382 0.655222 0.748216 0.122883 -0.738275 0.66345 77.dat
1 16 -3.768437 -15.039051 58.218379 0.986183 0.165682 -0.002856 -0.110602 0.671355 0.733015 0.12333 -0.72278 0.680207 77.dat
1 16 -3.921091 -15.658404 58.853954 0.985556 0.169373 -0.003 -0.115836 0.68714 0.717422 0.123537 -0.706916 0.696633 77.dat
1 16 -4.031249 -16.105313 59.313726 0.985556 0.169373 -0.002988 -0.115845 0.68714 0.71742 0.123529 -0.706916 0.696634 77.dat
1 16 -4.146398 -16.573743 59.750488 0.984636 0.174642 -0.003207 -0.123575 0.709862 0.693626 0.123377 -0.68277 0.720328 77.dat
1 16 -4.261337 -17.041279 60.187904 0.984287 0.176599 -0.003283 -0.126522 0.718311 0.684339 0.123176 -0.673365 0.729157 77.dat
1 16 -4.378768 -17.519668 60.61288 0.983794 0.179321 -0.003396 -0.130698 0.730163 0.670887 0.122748 -0.659762 0.741552 77.dat
1 16 -4.542698 -18.187881 61.193863 0.983311 0.181949 -0.003507 -0.134804 0.741622 0.657375 0.122174 -0.646119 0.753555 77.dat
1 16 -4.661036 -18.670225 61.614093 0.983311 0.181949 -0.003493 -0.134813 0.741622 0.657373 0.122164 -0.646119 0.753557 77.dat
1 16 -4.783732 -19.171739 62.010161 0.982448 0.186554 -0.003705 -0.142201 0.76187 0.632193 0.120726 -0.62075 0.774802 77.dat
1 16 -4.906221 -19.672352 62.407052 0.982128 0.188229 -0.003776 -0.144952 0.769252 0.622561 0.120054 -0.611064 0.782562 77.dat
1 16 -5.028643 -20.172666 62.804482 0.982128 0.188229 -0.003761 -0.144961 0.769252 0.622559 0.120042 -0.611064 0.782564 77.dat
1 16 -5.203616 -20.889783 63.32045 0.980998 0.19403 -0.004051 -0.154748 0.795104 0.586709 0.117026 -0.5751 0.809788 77.dat
1 16 -5.330008 -21.407791 63.693164 0.980942 0.194317 -0.004052 -0.155251 0.796386 0.584836 0.116836 -0.573227 0.811141 77.dat
1 16 -5.459407 -21.939401 64.04533 0.980304 0.197505 -0.004213 -0.160839 0.810799 0.56313 0.114603 -0.551521 0.826358 77.dat
1 16 -5.588651 -22.470316 64.398326 0.980074 0.198647 -0.004262 -0.162877 0.815976 0.555012 0.113696 -0.543416 0.831831 77.dat
1 16 -5.717848 -23.001019 64.751759 0.980074 0.198647 -0.004245 -0.162887 0.815976 0.555009 0.113682 -0.543416 0.831833 77.dat
1 16 -5.901246 -23.756565 65.206302 0.979089 0.203442 -0.004512 -0.171636 0.837998 0.518369 0.109208 -0.506902 0.855145 77.dat
1 16 -6.033713 -24.302282 65.53474 0.979043 0.203662 -0.004508 -0.172052 0.83901 0.516593 0.108961 -0.505137 0.856219 77.dat
1 16 -6.168731 -24.859944 65.841592 0.978476 0.206367 -0.00466 -0.177168 0.851667 0.493655 0.105812 -0.482343 0.869646 77.dat
1 16 -6.303602 -25.416928 66.149425 0.978276 0.207314 -0.004703 -0.178989 0.856116 0.485233 0.104592 -0.473987 0.874372 77.dat
1 16 -6.438438 -25.973738 66.457702 0.978276 0.207314 -0.004685 -0.178998 0.856116 0.48523 0.104576 -0.473987 0.874374 77.dat
1 16 -6.628781 -26.762183 66.849131 0.977442 0.211206 -0.004926 -0.186646 0.874727 0.447726 0.098843 -0.436833 0.894157 77.dat
1 16 -6.766258 -27.331633 67.132074 0.977407 0.21137 -0.004919 -0.186981 0.875514 0.446045 0.098559 -0.435174 0.894997 77.dat
1 16 -6.903731 -27.901059 67.415107 0.977407 0.21137 -0.0049 -0.186989 0.875514 0.446042 0.098542 -0.435174 0.894999 77.dat
1 16 -7.044781 -28.488149 67.657943 0.976295 0.216442 -0.005252 -0.197458 0.900593 0.387829 0.088647 -0.377708 0.921716 77.dat
1 16 -7.184264 -29.067428 67.919626 0.976601 0.21506 -0.005128 -0.194561 0.893687 0.404886 0.091631 -0.394528 0.914353 77.dat
1 16 -7.380126 -29.883461 68.246432 0.976078 0.217419 -0.005292 -0.199601 0.905726 0.374558 0.086205 -0.364647 0.927188 77.dat
1 16 -7.521595 -30.472857 68.482734 0.976058 0.21751 -0.00528 -0.199806 0.906196 0.373311 0.085959 -0.363423 0.927691 77.dat
1 16 -7.663062 -31.062238 68.719101 0.976058 0.21751 -0.005259 -0.199814 0.906196 0.373307 0.085939 -0.363423 0.927693 77.dat
1 16 -7.807089 -31.665276 68.916851 0.975242 0.221135 -0.005552 -0.207944 0.925566 0.317148 0.07525 -0.30823 0.94836 77.dat
1 16 -7.949998 -32.262257 69.132856 0.975465 0.220149 -0.005442 -0.205696 0.920208 0.333761 0.078463 -0.324547 0.942642 77.dat
1 16 -8.14983 -33.099858 69.396608 0.975076 0.221864 -0.005582 -0.209707 0.929816 0.303258 0.072452 -0.294614 0.952892 77.dat
1 16 -8.294168 -33.704832 69.587436 0.975063 0.221924 -0.005567 -0.209856 0.930156 0.302112 0.072203 -0.293494 0.953256 77.dat
1 16 -8.438505 -34.309796 69.778322 0.975063 0.221924 -0.005544 -0.209862 0.930156 0.302107 0.072181 -0.293494 0.953258 77.dat
1 16 -8.584552 -34.925103 69.931772 0.97451 0.224336 -0.005786 -0.215902 0.944802 0.24749 0.06097 -0.240001 0.968873 77.dat
1 16 -8.729866 -35.535832 70.103069 0.974658 0.223691 -0.005688 -0.214245 0.940753 0.263808 0.064344 -0.255978 0.964558 77.dat
1 16 -8.931259 -36.382809 70.333531 0.974658 0.223691 -0.005664 -0.214252 0.940753 0.263803 0.06432 -0.255978 0.96456 77.dat
