0 FILE Battle Of Endor.ldr
0 Battle Of Endor
0 Name: Battle Of Endor.ldr
0 Author: LDraw
0 Unofficial Model
0 ROTATION CENTER 0 0 0 1 "Custom" 
0 ROTATION CONFIG 0 0
1 0 60 16 0 0 0 1 0 1 0 -1 0 0 Part 13.ldr
1 0 -209 -40 -13 -1 0 0 0 1 0 0 0 -1 Rebel 1.ldr
1 0 -283 -40 27 -0.92388 0 0.382683 0 1 0 -0.382683 0 -0.92388 Rebel 2.ldr
1 0 -194.347 -40 106.766 -0.707107 0 0.707107 0 1 0 -0.707107 0 -0.707107 Leia.ldr
1 0 -220 -40 220 -0.707107 0 0.707107 0 1 0 -0.707107 0 -0.707107 Chewbacca.ldr
1 0 -130 -40 250 -0.707107 0 0.707107 0 1 0 -0.707107 0 -0.707107 Han Solo.ldr
1 0 -230 -40 520 1 0 0 0 1 0 0 0 1 Scout Trooper.ldr
1 0 -330 -40 600 1 0 0 0 1 0 0 0 1 Scout Trooper.ldr
1 0 -150 -40 680 1 0 0 0 1 0 0 0 1 Imperial Trooper.ldr
1 0 -200 -24 170 -0.92388 0 0.382683 0 1 0 -0.382683 0 -0.92388 R2-D2.ldr
1 0 -185.743 -24 -426.461 -0.707107 0 0.707107 0 1 0 -0.707107 0 -0.707107 Wicket.ldr
1 0 -372.754 -24 -389.597 -0.92388 0 0.382683 0 1 0 -0.382683 0 -0.92388 Paploo.ldr
1 0 -458.423 -24 -304.605 -1 0 0 0 1 0 0 0 -1 Chief Chirpa.ldr
1 0 -232.423 0 -221.605 -1 0 0 0 1 0 0 0 -1 Part 1.ldr
1 0 -300 -227 840 1 0 0 0 1 0 0 0 1 Part 5.ldr
1 0 -63 -288 -380 0 0 -1 0 1 0 1 0 0 Part 4.ldr
0
0 FILE Rebel 1.ldr
0 Rebel 1
0 Name: Rebel 1.ldr
0 Author: LDraw
0 Unofficial Model
0 ROTATION CENTER 0 0 0 1 "Custom" 
0 ROTATION CONFIG 0 0
1 28 0 -28 0 1 0 0 0 1 0 0 0 1 30171.dat
1 78 0 -27 0 1 0 0 0 1 0 0 0 1 3626bp01.dat
1 71 0 0 0 -1 0 0 0 1 0 0 0 -1 42446.dat
1 288 0 10 21 -1 0 0 0 0 -1 0 -1 0 49668.dat
1 378 0 0 0 1 0 0 0 1 0 0 0 1 973.dat
1 378 0 32 0 1 0 0 0 1 0 0 0 1 3815.dat
1 378 -15.552 9 0 0.985 -0.17 0 0.17 0.985 0 0 0 1 3818.dat
1 378 15.552 9 0 0.985 0.17 0 -0.17 0.985 0 0 0 1 3819.dat
1 72 -23.8634 26.5956 -10.321 0.985 -0.12019 0.12019 0.17 0.696395 -0.696395 0 0.707 0.707 3820.dat
1 72 23.8634 26.5956 -10.321 0.985 0.12019 -0.12019 -0.17 0.696395 -0.696395 0 0.707 0.707 3820.dat
1 0 -24.6826 31.3422 -19.2547 0.985 -0.0874983 0.14567 0.17 0.506976 -0.844031 0 0.856884 0.514696 58247.dat
1 378 0 44 0 1 0 0 0 1 0 0 0 1 3816.dat
1 378 0 44 0 1 0 0 0 1 0 0 0 1 3817.dat
0
0 FILE Rebel 2.ldr
0 Rebel 2
0 Name: Rebel 2.ldr
0 Author: LDraw
0 Unofficial Model
0 ROTATION CENTER 0 0 0 1 "Custom" 
0 ROTATION CONFIG 0 0
1 28 0 -28 0 1 0 0 0 1 0 0 0 1 30171.dat
1 78 0 -27 0 1 0 0 0 1 0 0 0 1 3626bp88.dat
1 71 0 0 0 -1 0 0 0 1 0 0 0 -1 42446.dat
1 378 0 0 0 1 0 0 0 1 0 0 0 1 973.dat
1 378 0 32 0 1 0 0 0 1 0 0 0 1 3815.dat
1 378 -15.552 9 0 0.985 -0.17 0 0.17 0.985 0 0 0 1 3818.dat
1 378 15.552 9 0 0.985 0.17 0 -0.17 0.985 0 0 0 1 3819.dat
1 72 -23.8634 26.5956 -10.321 0.985 -0.12019 0.12019 0.17 0.696395 -0.696395 0 0.707 0.707 3820.dat
1 72 23.8634 26.5956 -10.321 0.985 0.12019 -0.12019 -0.17 0.696395 -0.696395 0 0.707 0.707 3820.dat
1 0 -24.6826 24.3422 -33.2547 0.985 -0.0874983 0.14567 0.17 0.506976 -0.844031 0 0.856884 0.514696 57899.dat
1 378 0 44 0 1 0 0 0 1 0 0 0 1 3816.dat
1 378 0 44 0 1 0 0 0 1 0 0 0 1 3817.dat
0
0 FILE Leia.ldr
0 Leia
0 Name: Leia.ldr
0 Author: LDraw
0 Unofficial Model
0 ROTATION CENTER 0 0 0 1 "Custom" 
0 ROTATION CONFIG 0 0
1 70 0 -24 0 1 0 0 0 1 0 0 0 1 62696.dat
1 78 0 -24 0 1 0 0 0 1 0 0 0 1 3626bp08.dat
1 378 0 0 0 1 0 0 0 1 0 0 0 1 973.dat
1 379 0 32 0 1 0 0 0 1 0 0 0 1 3815.dat
1 378 -15.552 9 0 0.985 -0.17 0 0.17 0.985 0 0 0 1 3818.dat
1 378 15.552 9 0 0.985 0.17 0 -0.17 0.985 0 0 0 1 3819.dat
1 78 -23.8634 26.5956 -10.321 0.985 -0.12019 0.12019 0.17 0.696395 -0.696395 0 0.707 0.707 3820.dat
1 78 23.8634 26.5956 -10.321 0.985 0.12019 -0.12019 -0.17 0.696395 -0.696395 0 0.707 0.707 3820.dat
1 0 -24.6826 31.3422 -19.2547 0.985 -0.0874983 0.14567 0.17 0.506976 -0.844031 0 0.856884 0.514696 58247.dat
1 379 0 44 0 1 0 0 0 1 0 0 0 1 3816.dat
1 379 0 44 0 1 0 0 0 1 0 0 0 1 3817.dat
0
0 FILE Chewbacca.ldr
0 Chewbacca
0 Name: Chewbacca.ldr
0 Author: LDraw
0 Unofficial Model
0 ROTATION CENTER 0 0 0 1 "Custom" 
0 ROTATION CONFIG 0 0
1 70 0 0 0 1 0 0 0 1 0 0 0 1 973.dat
1 70 0 0 0 1 0 0 0 1 0 0 0 1 30483p01.dat
1 70 0 32 0 1 0 0 0 1 0 0 0 1 3815.dat
1 70 -15.552 9 0 0.985 -0.17 0 0.17 0.985 0 0 0 1 3818.dat
1 70 15.552 9 0 0.985 0.17 0 -0.17 0.985 0 0 0 1 3819.dat
1 70 -23.8634 26.5956 -10.321 0.985 -0.12019 0.12019 0.17 0.696395 -0.696395 0 0.707 0.707 3820.dat
1 70 23.8634 26.5956 -10.321 0.985 0.12019 -0.12019 -0.17 0.696395 -0.696395 0 0.707 0.707 3820.dat
1 70 0 44 0 1 0 0 0 1 0 0 0 1 3816.dat
1 70 0 44 0 1 0 0 0 1 0 0 0 1 3817.dat
0
0 FILE Han Solo.ldr
0 Han Solo
0 Name: Han Solo.ldr
0 Author: LDraw
0 Unofficial Model
0 ROTATION CENTER 0 0 0 1 "Custom" 
0 ROTATION CONFIG 0 0
1 70 0 -24 0 1 0 0 0 1 0 0 0 1 3901.dat
1 78 0 -24 0 1 0 0 0 1 0 0 0 1 3626bps5.dat
1 0 0 0 0 1 0 0 0 1 0 0 0 1 973pr5.dat
1 70 0 32 0 1 0 0 0 1 0 0 0 1 3815ps5.dat
1 19 -15.552 9 0 0.985 -0.17 0 0.17 0.985 0 0 0 1 3818.dat
1 19 15.552 9 0 0.985 0.17 0 -0.17 0.985 0 0 0 1 3819.dat
1 78 -23.8634 26.5956 -10.321 0.985 -0.12019 0.12019 0.17 0.696395 -0.696395 0 0.707 0.707 3820.dat
1 78 23.8634 26.5956 -10.321 0.985 0.12019 -0.12019 -0.17 0.696395 -0.696395 0 0.707 0.707 3820.dat
1 0 -24.6826 31.3422 -19.2547 0.985 -0.0874983 0.14567 0.17 0.506976 -0.844031 0 0.856884 0.514696 58247.dat
1 70 0 44 0 1 0 0 0 1 0 0 0 1 3816ps5.dat
1 70 0 44 0 1 0 0 0 1 0 0 0 1 3817.dat
0
0 FILE Scout Trooper.ldr
0 Scout Trooper
0 Name: Scout Trooper.ldr
0 Author: LDraw
0 Unofficial Model
0 ROTATION CENTER 0 0 0 1 "Custom" 
0 ROTATION CONFIG 0 0
1 15 0 -24 0 1 0 0 0 1 0 0 0 1 30369.dat
1 0 0 -24 0 1 0 0 0 1 0 0 0 1 3626b.dat
1 15 0 0 0 1 0 0 0 1 0 0 0 1 973pre.dat
1 0 0 32 0 1 0 0 0 1 0 0 0 1 3815.dat
1 15 -15.552 9 0 0.985 -0.17 0 0.17 0.985 0 0 0 1 3818.dat
1 15 15.552 9 0 0.985 0.17 0 -0.17 0.985 0 0 0 1 3819.dat
1 0 -23.8634 26.5956 -10.321 0.985 -0.12019 0.12019 0.17 0.696395 -0.696395 0 0.707 0.707 3820.dat
1 0 23.8634 26.5956 -10.321 0.985 0.12019 -0.12019 -0.17 0.696395 -0.696395 0 0.707 0.707 3820.dat
1 15 0 44 0 1 0 0 0 1 0 0 0 1 3816.dat
1 15 0 44 0 1 0 0 0 1 0 0 0 1 3817.dat
0
0 FILE Imperial Trooper.ldr
0 Imperial Trooper
0 Name: Imperial Trooper.ldr
0 Author: LDraw
0 Unofficial Model
0 ROTATION CENTER 0 0 0 1 "Custom" 
0 ROTATION CONFIG 0 0
1 0 0 -24 0 1 0 0 0 1 0 0 0 1 57900.dat
1 78 0 -24 0 1 0 0 0 1 0 0 0 1 3626bp01.dat
1 0 0 0 0 1 0 0 0 1 0 0 0 1 973psn.dat
1 0 0 32 0 1 0 0 0 1 0 0 0 1 3815.dat
1 0 -15.552 9 0 0.985 -0.17 0 0.17 0.985 0 0 0 1 3818.dat
1 0 15.552 9 0 0.985 0.17 0 -0.17 0.985 0 0 0 1 3819.dat
1 0 -23.8634 26.5956 -10.321 0.985 -0.12019 0.12019 0.17 0.696395 -0.696395 0 0.707 0.707 3820.dat
1 0 23.8634 26.5956 -10.321 0.985 0.12019 -0.12019 -0.17 0.696395 -0.696395 0 0.707 0.707 3820.dat
1 0 0 44 0 1 0 0 0 1 0 0 0 1 3816.dat
1 0 0 44 0 1 0 0 0 1 0 0 0 1 3817.dat
0
0 FILE R2-D2.ldr
0 R2-D2
0 Name: R2-D2.ldr
0 Author: LDraw
0 Unofficial Model
0 ROTATION CENTER 0 0 0 1 "Custom" 
0 ROTATION CONFIG 0 0
1 15 -60 8 0 0 0 -1 0 1 0 1 0 0 30362.dat
1 15 -20 8 0 0 0 1 0 1 0 -1 0 0 30362.dat
1 15 -40 8 0 1 0 0 0 1 0 0 0 1 30361dps1.dat
1 71 -40 -26 0 1 0 0 0 1 0 0 0 1 30367bps1.dat
0
0 FILE Wicket.ldr
0 Wicket
0 Name: Wicket.ldr
0 Author: LDraw
0 Unofficial Model
0 ROTATION CENTER 0 0 0 1 "Custom" 
0 ROTATION CONFIG 0 0
1 70 0 0 0 1 0 0 0 1 0 0 0 1 64805.dat
0 MLCAD BTG Group name
1 71 -25.5 -8.16 -39.58 0 0 1 -0.92388 0.382683 0 -0.382683 -0.92388 0 61184.dat
0 MLCAD BTG Group name
1 0 -26 -30.333 -48.764 0 0 1 0.382683 0.92388 0 -0.92388 0.382683 0 4589.dat
0 MLCAD BTG Group name
1 0 -32 -71.055 -61.042 0 1 0 0.258819 0 -0.965926 -0.965926 0 -0.258819 53451.dat
0 MLCAD BTG Group name
1 0 -20 -71.055 -61.042 0 -1 0 -0.258819 0 -0.965926 0.965926 0 -0.258819 53451.dat
0 MLCAD BTG Group name
1 72 -26 -43.267 -54.121 0 0 1 0.382683 0.92388 0 -0.92388 0.382683 0 48729.dat
0 MLCAD BTG Group name
1 72 -26 -50.77 -55.606 -1 0 0 0 -0.258819 0.965926 0 0.965926 0.258819 30162.dat
0 GROUP 6 Group name
1 70 0 0 0 1 0 0 0 1 0 0 0 1 973.dat
1 70 0 32 0 1 0 0 0 1 0 0 0 1 41879a.dat
1 70 -15.552 9 0 0.985 -0.17 0 0.13487 0.781453 0.608761 -0.103489 -0.59963 0.793353 3818.dat
1 70 15.552 9 0 0.985 0.17 0 -0.17 0.985 0 0 0 1 3819.dat
1 70 -23.863 16.676 -18.902 0.98866 -0.0360215 0.142749 0.0552577 0.989183 -0.132699 -0.136466 0.139572 0.980446 3820.dat
1 70 23.8634 26.5956 -10.321 0.985 0.12019 -0.12019 -0.17 0.696395 -0.696395 0 0.707 0.707 3820.dat
0
0 FILE Paploo.ldr
0 Paploo
0 Name: Paploo.ldr
0 Author: LDraw
0 Unofficial Model
0 ROTATION CENTER 0 0 0 1 "Custom" 
0 ROTATION CONFIG 0 0
1 70 0 0 0 1 0 0 0 1 0 0 0 1 64805.dat
1 70 0 0 0 1 0 0 0 1 0 0 0 1 973.dat
1 70 0 32 0 1 0 0 0 1 0 0 0 1 41879a.dat
1 70 -15.552 9 0 0.985 -0.17 0 0.17 0.985 0 0 0 1 3818.dat
1 70 15.552 9 0 0.985 0.17 0 -0.17 0.985 0 0 0 1 3819.dat
1 70 -23.8634 26.5956 -10.321 0.985 -0.12019 0.12019 0.17 0.696395 -0.696395 0 0.707 0.707 3820.dat
1 70 23.8634 26.5956 -10.321 0.985 0.12019 -0.12019 -0.17 0.696395 -0.696395 0 0.707 0.707 3820.dat
0
0 FILE Chief Chirpa.ldr
0 Chief Chirpa
0 Name: Chief Chirpa.ldr
0 Author: LDraw
0 Unofficial Model
0 ROTATION CENTER 0 0 0 1 "Custom" 
0 ROTATION CONFIG 0 0
1 71 0 0 0 1 0 0 0 1 0 0 0 1 64805.dat
1 71 0 0 0 1 0 0 0 1 0 0 0 1 973.dat
1 71 0 32 0 1 0 0 0 1 0 0 0 1 41879a.dat
1 71 -15.552 9 0 0.985 -0.17 0 0.17 0.985 0 0 0 1 3818.dat
1 71 15.552 9 0 0.985 0.17 0 -0.17 0.985 0 0 0 1 3819.dat
1 72 -23.8634 26.5956 -10.321 0.985 -0.12019 0.12019 0.17 0.696395 -0.696395 0 0.707 0.707 3820.dat
1 72 23.8634 26.5956 -10.321 0.985 0.12019 -0.12019 -0.17 0.696395 -0.696395 0 0.707 0.707 3820.dat
0
0 FILE Part 1.ldr
0 Part 1
0 Name: Part 1.ldr
0 Author: LDraw
0 Unofficial Model
0 ROTATION CENTER 0 0 0 1 "Custom" 
0 ROTATION CONFIG 0 0
1 288 -20 24 0 0 0 -1 0 1 0 1 0 0 3035.dat
1 288 60 24 0 0 0 -1 0 1 0 1 0 0 3035.dat
1 288 140 24 0 0 0 -1 0 1 0 1 0 0 3035.dat
1 70 90 -48 70 0 0 -1 0 1 0 1 0 0 4460a.dat
1 70 30 -48 70 0 0 1 0 1 0 -1 0 0 4460a.dat
1 70 30 -48 -30 1 0 0 0 1 0 0 0 1 4460a.dat
1 70 90 -48 -30 1 0 0 0 1 0 0 0 1 4460a.dat
1 70 30 -24 0 0 0 1 0 1 0 -1 0 0 3004.dat
1 70 90 -24 0 0 0 1 0 1 0 -1 0 0 3004.dat
1 70 60 16 -70 1 0 0 0 1 0 0 0 1 6636.dat
1 70 30 -64 20 0 0 -1 0 1 0 1 0 0 6636.dat
1 70 10 -48 70 1 0 0 0 1 0 0 0 1 4499.dat
1 70 90 -64 20 0 0 -1 0 1 0 1 0 0 6636.dat
1 72 90 -72 90 0 0 -1 0 1 0 1 0 0 4497.dat
1 70 0 -8 -30 1 0 0 0 1 0 0 0 1 3069b.dat
1 70 120 -8 -30 1 0 0 0 1 0 0 0 1 3069b.dat
1 70 10 0 -30 1 0 0 0 1 0 0 0 1 3040b.dat
1 70 110 0 -30 1 0 0 0 1 0 0 0 1 3040b.dat
1 72 30 0 0 0 0 1 0 1 0 -1 0 0 3039.dat
1 72 30 -48 0 0 0 1 0 1 0 -1 0 0 32000.dat
1 72 90 -48 0 0 0 1 0 1 0 -1 0 0 32000.dat
1 72 90 -38 -10 0 0 1 -0.21644 0.976296 0 -0.976296 -0.21644 0 Her.dat
1 72 30 -56 70 0 0 1 0 1 0 -1 0 0 60897.dat
1 72 90 -56 70 -1 0 0 0 1 0 0 0 -1 60897.dat
1 0 90 -56 -10 0 0 1 0 1 0 -1 0 0 3623.dat
1 0 30 -56 -10 0 0 1 0 1 0 -1 0 0 3623.dat
1 72 60 -22.001 99.125 0 0 -1 0.21644 0.976296 0 0.976296 -0.21644 0 Part 2.ldr
1 71 -20 0 60 0 0 1 0 1 0 -1 0 0 6143.dat
1 71 -40 0 20 0 0 1 0 1 0 -1 0 0 6143.dat
1 71 -40 -24 40 0 0 1 0 1 0 -1 0 0 6143.dat
1 72 90 0 0 0 0 -1 0 1 0 1 0 0 3039.dat
1 2 130 0 -30 0.707107 0 0.707107 0 1 0 -0.707107 0 0.707107 30176.dat
1 2 -10 0 -30 -0.707107 0 0.707107 0 1 0 -0.707107 0 -0.707107 30176.dat
0
0 FILE Part 2.ldr
0 Part 2
0 Name: Part 2.ldr
0 Author: LDraw
0 Unofficial Model
0 ROTATION CENTER 0 0 0 1 "Custom" 
0 ROTATION CONFIG 0 0
1 0 0 8 0 1 0 0 0 1 0 0 0 1 3737.dat
1 70 120 -12 0 0 -1 0 0 0 1 -1 0 0 6541.dat
1 72 110 -22 0 0 0 -1 0 -1 0 -1 0 0 43898.dat
1 0 110 18 0 0 0 -1 0 -1 0 -1 0 0 4522.dat
1 0 -110 8 0 0 0 -1 0 1 0 1 0 0 3706.dat
1 70 -110 8 -50 0 0 -1 1 0 0 0 -1 0 48723.dat
1 70 -110 8 50 0 0 1 1 0 0 0 1 0 48723.dat
1 0 -130 8 0 0 0 -1 0 1 0 1 0 0 32062.dat
1 72 -110 8 -15 0 0 -1 -1 0 0 0 1 0 41677.dat
1 71 -90 8 0 0 0 1 0 1 0 -1 0 0 32039.dat
1 71 -130 8 0 0 0 -1 -1 0 0 0 1 0 60483.dat
1 71 90 8 0 0 0 -1 1 0 0 0 -1 0 32039.dat
1 72 -110 8 15 0 0 -1 -1 0 0 0 1 0 41677.dat
1 71 110 -54 0 0 0 1 0 1 0 -1 0 0 6143.dat
0
0 FILE Part 3.ldr
0 Part 3
0 Name: Part 3.ldr
0 Author: LDraw
0 Unofficial Model
0 ROTATION CENTER 0 0 0 1 "Custom" 
0 ROTATION CONFIG 0 0
1 70 -10 -16 0 1 0 0 0 1 0 0 0 1 30187c06.dat
1 70 -10 -32 30 1 0 0 0 1 0 0 0 1 2524.dat
1 72 19 28 2 1 0 0 0 1 0 0 0 1 6120.dat
1 0 19 20 0 0 0 -1 0 1 0 1 0 0 2555.dat
1 0 -40 15 -63 0 1 0 -1 0 0 0 0 1 4349.dat
1 72 -39 28 2 1 0 0 0 1 0 0 0 1 6120.dat
1 0 -39 20 0 0 0 -1 0 1 0 1 0 0 2555.dat
1 72 -10 -24 10 0 0 -1 0 1 0 1 0 0 3021.dat
1 72 -10 -13 -106 -1 0 0 0 1 0 0 0 -1 4623.dat
1 72 -10 19 -116 -1 0 0 0 1 0 0 0 -1 4032b.dat
1 72 -10 11 -126 1 0 0 0 1 0 0 0 1 3839b.dat
1 70 -20 -13 -126 1 0 0 0 1 0 0 0 1 4070.dat
1 70 0 -13 -126 1 0 0 0 1 0 0 0 1 4070.dat
1 70 -10 -37 -116 1 0 0 0 1 0 0 0 1 44675.dat
1 70 0 -3 -259 -0.382683 0 -0.92388 -0.92388 0 0.382683 0 1 0 30259.dat
1 70 -20 -3 -259 -0.382683 0 0.92388 0.92388 0 0.382683 0 1 0 30259.dat
1 0 0 -3 -136 0.92388 0 -0.382683 -0.382683 0 -0.92388 0 1 0 63965.dat
1 0 -20 -3 -136 -0.707107 0 -0.707107 -0.707107 0 0.707107 0 1 0 63965.dat
1 71 -20 -3 -239 -0.707107 0 0.707107 -0.707107 0 -0.707107 0 -1 0 577b.dat
1 71 0 -3 -239 -0.707107 0 0.707107 -0.707107 0 -0.707107 0 -1 0 577b.dat
1 0 -10 -5 -96 -1 0 0 0 1 0 0 0 -1 4600.dat
1 0 18 0 -96 1 0 0 0 -0.92388 -0.382683 0 0.382683 -0.92388 30377.dat
1 0 6 -30.515 -70.371 0 1 0 0.382683 0 -0.92388 -0.92388 0 -0.382683 4599b.dat
1 0 -38 0 -96 1 0 0 0 -0.92388 -0.382683 0 0.382683 -0.92388 30377.dat
1 0 -26 -30.515 -70.371 0 -1 0 -0.382683 0 -0.92388 0.92388 0 -0.382683 4599b.dat
1 0 -10 11 -106 -1 0 0 0 1 0 0 0 -1 3023.dat
1 71 -10 -32 30 -1 0 0 0 1 0 0 0 -1 3794a.dat
1 71 0 3 -106 -1 0 0 0 1 0 0 0 -1 4073.dat
1 71 -20 3 -106 -1 0 0 0 1 0 0 0 -1 4073.dat
1 71 -10 -6 28 1 0 0 0 0 1 0 -1 0 4073.dat
0
0 FILE Part 4.ldr
0 Part 4
0 Name: Part 4.ldr
0 Author: LDraw
0 Unofficial Model
0 ROTATION CENTER 0 0 0 1 "Custom" 
0 ROTATION CONFIG 0 0
1 0 0 7.349 3.108 -1 0 0 0 0.382683 -0.92388 0 -0.92388 -0.382683 41678.dat
1 0 0 46.601 12.872 -1 0 0 0 0.382683 -0.92388 0 -0.92388 -0.382683 60471.dat
1 71 0 95.843 20.677 0 0 1 -1 0 0 0 -1 0 44301.dat
1 47 0 195.843 28.677 1 0 0 0 0 1 0 -1 0 42445.dat
1 47 0 303.843 24.679 1 0 0 0 -1 0 0 0 -1 6942.dat
1 72 0 85.843 12.677 0 0 1 -1 0 0 0 -1 0 3062b.dat
1 72 0 105.844 12.677 0 0 1 -1 0 0 0 -1 0 3062b.dat
1 0 0 7.349 3.108 -1 0 0 0 0.382683 -0.92388 0 -0.92388 -0.382683 32062.dat
1 72 0 18.939 27.391 -1 0 0 0 0.382683 -0.92388 0 -0.92388 -0.382683 3839b.dat
1 0 0 15.877 34.782 -1 0 0 0 0.382683 -0.92388 0 -0.92388 -0.382683 3023.dat
1 0 0 12.816 42.173 -1 0 0 0 0.382683 -0.92388 0 -0.92388 -0.382683 3023.dat
1 0 0 -7.958 40.063 1 0 0 0 -0.374607 -0.927184 0 0.927184 -0.374607 30377.dat
1 72 0 9.754 49.564 1 0 0 0 0.382683 0.92388 0 -0.92388 0.382683 2540.dat
1 72 -10 -0.83 64.663 0 1 0 -0.382683 0 0.92388 0.92388 0 0.382683 3062b.dat
1 71 0 -2.492 79.128 1 0 0 0 0.382683 0.92388 0 -0.92388 0.382683 2432.dat
1 71 0 -18.782 13.931 0 0.544639 -0.838671 0.92388 0.320945 0.208424 0.382683 -0.774831 -0.503181 32015.dat
1 0 26.837 -25.452 30.035 0.544639 -0.838671 0 0.320945 0.208424 0.92388 -0.774831 -0.503181 0.382683 2614.dat
1 0 41.519 -48.446 43.736 -0.838671 -0.544639 0 0.208424 -0.320945 0.92388 -0.503181 0.774831 0.382683 2614.dat
1 0 -27.244 -25.701 30.635 0.566406 0.824126 0 -0.315379 0.216754 0.92388 0.761393 -0.523291 0.382683 2614.dat
1 0 -41.357 -48.839 44.685 -0.824126 0.566406 0 -0.216754 -0.315379 0.92388 0.523291 0.761393 0.382683 2614.dat
1 72 0 -0.304 21.584 0 0 1 -0.92388 0.382683 0 -0.382683 -0.92388 0 6536.dat
1 1 0 -9.543 17.758 0 0.0436194 -0.999048 0.92388 0.382319 0.0166924 0.382683 -0.923 -0.0402991 43093.dat
1 71 -10 22 20 0 -1 0 -0.382683 0 -0.92388 0.92388 0 -0.382683 4274.dat
1 71 10 22 20 0 -1 0 -0.382683 0 -0.92388 0.92388 0 -0.382683 4274.dat
0
0 FILE Part 5.ldr
0 Part 5
0 Name: Part 5.ldr
0 Author: LDraw
0 Unofficial Model
0 ROTATION CENTER 0 0 0 1 "Custom" 
0 ROTATION CONFIG 0 0
1 72 0 8 10 0 0.707107 0.707107 0 0.707107 -0.707107 -1 0 0 55013.dat
1 72 67 8 -40 1 0 0 0 0.707107 0.707107 0 -0.707107 0.707107 32209.dat
1 72 70 226 -92 1 0 0 0 1 0 0 0 1 Part 11.ldr
1 72 -10 226 -92 1 0 0 0 1 0 0 0 1 Part 12.ldr
1 71 -40 8 0 1 0 0 0 1 0 0 0 1 4519.dat
1 71 40 8 0 1 0 0 0 1 0 0 0 1 4519.dat
1 72 0 -2 30 1 0 0 0 1 0 0 0 1 3701.dat
1 71 -50 -2 0 0 0 -1 0 1 0 1 0 0 3894.dat
1 71 -50 -10 -10 0 0 -1 0 1 0 1 0 0 3623.dat
1 71 50 -10 -10 0 0 -1 0 1 0 1 0 0 3623.dat
1 71 50 -2 0 0 0 -1 0 1 0 1 0 0 3894.dat
1 72 35 8 -30 0 1 0 -1 0 0 0 0 1 32449.dat
1 72 -40 8 -20 1 0 0 0 1 0 0 0 1 32002.dat
1 72 40 8 -20 -1 0 0 0 1 0 0 0 -1 32002.dat
1 72 0 -2 50 1 0 0 0 1 0 0 0 1 3701.dat
1 72 0 -10 40 1 0 0 0 1 0 0 0 1 3795.dat
1 72 10 -42 30 -1 0 0 0 1 0 0 0 -1 6091.dat
1 72 -10 -42 30 -1 0 0 0 1 0 0 0 -1 6091.dat
1 72 30 -42 0 0 0 -1 0 1 0 1 0 0 6081.dat
1 72 40 -10 50 0 0 -1 0 1 0 1 0 0 61409.dat
1 72 -40 -10 50 0 0 1 0 1 0 -1 0 0 61409.dat
1 0 0 -40 0 0 0 1 0 1 0 -1 0 0 61485.dat
1 0 -9.239 -64 3.827 0.92388 0 0.382683 0 1 0 -0.382683 0 0.92388 Part 6.ldr
1 72 -30 -42 0 0 0 1 0 1 0 -1 0 0 6081.dat
1 0 -20 8 40 0 0 -1 0 1 0 1 0 0 2780.dat
1 0 20 8 40 0 0 -1 0 1 0 1 0 0 2780.dat
1 71 0 8 -50 0 0 1 0 1 0 -1 0 0 62462.dat
1 71 0 8 15 1 0 0 0 1 0 0 0 1 32123b.dat
1 71 65 8 -40 0 0 -1 0 1 0 1 0 0 32123b.dat
1 71 90 8 -40 0 0 -1 -0.707107 0.707107 0 0.707107 0.707107 0 3713.dat
1 71 -90 8 -40 0 0 -1 -0.707107 0.707107 0 0.707107 0.707107 0 3713.dat
1 72 105 8 -40 0 0 -1 -0.707107 0.707107 0 0.707107 0.707107 0 6575.dat
1 72 -105 8 -40 0 0 -1 -0.707107 0.707107 0 0.707107 0.707107 0 6575.dat
1 71 -65 8 -40 0 0 -1 0 1 0 1 0 0 32123b.dat
1 71 0 8 65 1 0 0 0 1 0 0 0 1 32123b.dat
1 19 0 8 80 0.707107 0.707107 0 -0.707107 0.707107 0 0 0 1 32269.dat
1 0 0 8 -20 0.707107 0.707107 0 -0.707107 0.707107 0 0 0 1 32072.dat
1 0 20 8 -40 0 0 -1 1 0 0 0 -1 0 32072.dat
1 72 -67 8 -40 -1 0 0 0 -0.707107 -0.707107 0 -0.707107 0.707107 32209.dat
1 72 -35 8 -30 0 -1 0 1 0 0 0 0 1 32449.dat
1 0 -20 8 -40 0 0 1 0 -1 0 1 0 0 32072.dat
1 0 0 8 0 0 0 -1 0 1 0 1 0 0 32034.dat
0
0 FILE Part 6.ldr
0 Part 6
0 Name: Part 6.ldr
0 Author: LDraw
0 Unofficial Model
0 ROTATION CENTER 0 0 0 1 "Custom" 
0 ROTATION CONFIG 0 0
1 71 10 16 0 1 0 0 0 1 0 0 0 1 60474.dat
1 71 -10 -75 60 -1 0 0 0 0 -1 0 -1 0 4150ps9.dat
1 71 30 -75 60 -1 0 0 0 0 -1 0 -1 0 4150ps9.dat
1 72 40 -136 68 0 0 -1 1 0 0 0 -1 0 47458.dat
1 72 -20 -136 68 0 0 1 -1 0 0 0 -1 0 47458.dat
1 71 10 -136 44 1 0 0 0 0 1 0 -1 0 3022.dat
1 71 -20 -76 52 -1 0 0 0 0 -1 0 -1 0 50305.dat
1 71 40 -76 52 -1 0 0 0 0 -1 0 -1 0 50304.dat
1 71 10 0 0 1 0 0 0 1 0 0 0 1 3022.dat
1 71 10 -16 0 1 0 0 0 1 0 0 0 1 3022.dat
1 71 10 -16 30 -1 0 0 0 1 0 0 0 -1 44728.dat
1 71 10 -56 30 -1 0 0 0 1 0 0 0 -1 44728.dat
1 71 10 -48 -90 1 0 0 0 1 0 0 0 1 44728.dat
1 71 10 -96 -90 1 0 0 0 1 0 0 0 1 32028.dat
1 71 10 -128 -90 1 0 0 0 1 0 0 0 1 2432.dat
1 71 0 -88 20 0 0 1 0 1 0 -1 0 0 3660.dat
1 71 20 -88 20 0 0 -1 0 1 0 1 0 0 3660.dat
1 0 10 8 -20 0 0 -1 0 1 0 1 0 0 3020.dat
0 MLCAD BTG Group name
1 0 10 -48 -112 0 0 1 1 0 0 0 1 0 3020.dat
0 MLCAD BTG Group name
1 71 30 -38 -120 1 0 0 0 0 -1 0 1 0 43723.dat
0 MLCAD BTG Group name
1 71 -10 -38 -120 1 0 0 0 0 -1 0 1 0 43722.dat
0 MLCAD BTG Group name
1 71 20 -78 -120 1 0 0 0 0 -1 0 1 0 2420.dat
0 MLCAD BTG Group name
1 71 0 -78 -120 0 0 -1 -1 0 0 0 1 0 2420.dat
0 MLCAD BTG Group name
1 71 10 -68 -128 0 0 -1 -1 0 0 0 1 0 3022.dat
0 MLCAD BTG Group name
1 71 10 -58 -136 -1 0 0 0 0 1 0 1 0 2431.dat
0 MLCAD BTG Group name
1 71 10 -38 -136 -1 0 0 0 0 1 0 1 0 2431.dat
0 MLCAD BTG Group name
1 71 50 -48 -128 1 0 0 0 0 -1 0 1 0 41770.dat
0 MLCAD BTG Group name
1 71 -30 -48 -128 1 0 0 0 0 -1 0 1 0 41769.dat
0 MLCAD BTG Group name
1 71 10 -98 -128 -1 0 0 0 0 1 0 1 0 32028.dat
0 MLCAD BTG Group name
1 71 0 -18 -120 1 0 0 0 0 -1 0 1 0 54200.dat
0 MLCAD BTG Group name
1 71 20 -18 -120 1 0 0 0 0 -1 0 1 0 54200.dat
0 GROUP 13 Group name
1 0 10 -32 0 0 0 -1 0 1 0 1 0 0 3020.dat
1 0 10 -24 30 -1 0 0 0 1 0 0 0 -1 3023.dat
1 0 10 -48 30 -1 0 0 0 1 0 0 0 -1 3023.dat
1 0 10 -64 30 -1 0 0 0 1 0 0 0 -1 3023.dat
1 0 10 -80 -90 -1 0 0 0 1 0 0 0 -1 3023.dat
1 0 10 -48 -70 -1 0 0 0 1 0 0 0 -1 3023.dat
1 0 10 -96 30 -1 0 0 0 1 0 0 0 -1 2436b.dat
1 0 10 -88 -90 1 0 0 0 1 0 0 0 1 2436b.dat
1 72 10 -104 30 -1 0 0 0 1 0 0 0 -1 3710.dat
1 72 10 -120 30 1 0 0 0 1 0 0 0 1 6081.dat
1 70 -20 -136 30 -1 0 0 0 1 0 0 0 -1 4070.dat
1 70 0 -136 30 -1 0 0 0 1 0 0 0 -1 4070.dat
1 70 20 -136 30 -1 0 0 0 1 0 0 0 -1 4070.dat
1 70 40 -136 30 -1 0 0 0 1 0 0 0 -1 4070.dat
1 0 10 -48 -40 1 0 0 0 1 0 0 0 1 4079.dat
1 0 10 -16 -60 0 0 -1 0 1 0 1 0 0 3001.dat
1 72 10 16 -70 0 0 -1 0 1 0 1 0 0 3021.dat
1 72 10 -163.967 -53.582 1 0 0 0 0.956305 -0.292372 0 0.292372 0.956305 Part 10.ldr
1 72 10 -32 -70 0 0 -1 0 1 0 1 0 0 3021.dat
1 72 10 -40 -40 0 0 -1 0 1 0 1 0 0 3795.dat
1 72 10 -64 10 1 0 0 0 1 0 0 0 1 3039.dat
1 72 10 -72 -90 -1 0 0 0 1 0 0 0 -1 3039.dat
1 72 10 -24 -30 0 0 -1 0 1 0 1 0 0 3021.dat
1 4 20 -24 10 0 0 -1 0 1 0 1 0 0 61252.dat
1 4 0 -24 10 0 0 1 0 1 0 -1 0 0 61252.dat
1 4 20 -24 -70 0 0 -1 0 1 0 1 0 0 61252.dat
1 4 46.09 -41.285 -100 -0.156434 -0.987688 0 0.987688 -0.156434 0 0 0 1 Part 8.ldr
1 4 0 -24 -70 0 0 1 0 1 0 -1 0 0 61252.dat
1 71 0 -24 -90 0 0 1 0 1 0 -1 0 0 4073.dat
1 71 20 -24 -90 0 0 1 0 1 0 -1 0 0 4073.dat
1 71 0 -40 30 0 0 1 0 1 0 -1 0 0 4073.dat
1 71 -20 -96 30 0 0 1 0 1 0 -1 0 0 4073.dat
1 71 40 -96 30 0 0 1 0 1 0 -1 0 0 4073.dat
1 71 -20 -78 -112 0 0 1 1 0 0 0 1 0 4073.dat
1 71 40 -78 -112 0 0 1 1 0 0 0 1 0 4073.dat
1 71 20 -40 30 0 0 1 0 1 0 -1 0 0 4073.dat
1 72 0 8 -80 0 0 1 0 1 0 -1 0 0 60478.dat
1 72 0 1.739 -87.444 0 0 1 -0.92388 0.382683 0 -0.382683 -0.92388 0 Part 7.ldr
1 72 -25.261 -42.429 180 0.156434 0.987688 0 0.987688 -0.156434 0 0 0 -1 Part 9.ldr
1 72 20 8 -80 0 0 1 0 1 0 -1 0 0 60478.dat
1 72 -20 -136 44 0 0 1 -1 0 0 0 -1 0 60478.dat
1 72 40 -136 44 0 0 1 -1 0 0 0 -1 0 60478.dat
1 72 0 -16 10 0 0 1 0 1 0 -1 0 0 6091.dat
1 72 0 -16 -10 0 0 1 0 1 0 -1 0 0 6091.dat
1 72 20 -16 -10 0 0 -1 0 1 0 1 0 0 6091.dat
1 72 20 -16 10 0 0 -1 0 1 0 1 0 0 6091.dat
1 72 10 -8 30 -1 0 0 0 1 0 0 0 -1 32000.dat
0
0 FILE Part 7.ldr
0 Part 7
0 Name: Part 7.ldr
0 Author: LDraw
0 Unofficial Model
0 ROTATION CENTER 0 0 0 1 "Custom" 
0 ROTATION CONFIG 0 0
1 72 0 40 0 1 0 0 0 1 0 0 0 1 41677.dat
1 72 0 24 0 1 0 0 0 1 0 0 0 1 48729.dat
1 72 0 24 20 1 0 0 0 1 0 0 0 1 48729.dat
1 0 0 85 20 -1 0 0 0 -1 0 0 0 1 64644.dat
1 0 0 85 0 -1 0 0 0 -1 0 0 0 1 64644.dat
0
0 FILE Part 8.ldr
0 Part 8
0 Name: Part 8.ldr
0 Author: LDraw
0 Unofficial Model
0 ROTATION CENTER 0 0 0 1 "Custom" 
0 ROTATION CONFIG 0 0
1 71 10 -8 0 1 0 0 0 1 0 0 0 1 3034.dat
1 71 -10 -16 60 0 0 -1 0 1 0 1 0 0 6576.dat
1 71 -10 -24 40 0 0 -1 0 1 0 1 0 0 60474.dat
1 71 -10 -56 40 0 1 0 0 0 1 1 0 0 32138.dat
1 71 -20 -56 -28 0 -1 0 0 0 1 -1 0 0 61184.dat
1 71 0 -56 -28 0 -1 0 0 0 1 -1 0 0 61184.dat
1 72 -10 -32 40 0 0 -1 0 1 0 1 0 0 4032b.dat
1 72 -10 -44 40 0 0 -1 0 1 0 1 0 0 43898.dat
1 71 -80 -16 60 1 0 0 0 1 0 0 0 1 50304.dat
1 71 -10 8 20 1 0 0 0 1 0 0 0 1 2654.dat
1 71 -10 8 120 1 0 0 0 1 0 0 0 1 2654.dat
1 71 -70 0 120 1 0 0 0 1 0 0 0 1 2654.dat
1 71 60 -16 -10 1 0 0 0 1 0 0 0 1 3623.dat
1 71 60 -16 20 0 0 -1 0 1 0 1 0 0 43723.dat
1 72 -30 -8 80 0 0 -1 0 1 0 1 0 0 3032.dat
1 0 -80 -8 120 0 0 -1 0 1 0 1 0 0 3023.dat
1 0 -10 0 10 -1 0 0 0 1 0 0 0 -1 3023.dat
1 0 -10 -65 40 1 0 0 0 1 0 0 0 1 4522.dat
1 0 -10 0 130 -1 0 0 0 1 0 0 0 -1 3023.dat
1 72 -10 0 110 1 0 0 0 1 0 0 0 1 60478.dat
1 72 -10 0 30 1 0 0 0 1 0 0 0 1 60478.dat
0
0 FILE Part 9.ldr
0 Part 9
0 Name: Part 9.ldr
0 Author: LDraw
0 Unofficial Model
0 ROTATION CENTER 0 0 0 1 "Custom" 
0 ROTATION CONFIG 0 0
1 71 10 -8 280 1 0 0 0 1 0 0 0 1 3034.dat
1 71 -10 -16 220 0 0 -1 0 1 0 1 0 0 6576.dat
1 71 -10 -24 240 0 0 -1 0 1 0 1 0 0 60474.dat
1 71 -30 -58 250 0 1 0 0 0 1 1 0 0 61184.dat
1 72 -10 -32 240 0 0 -1 0 1 0 1 0 0 4032b.dat
1 72 -10 -44 240 0 0 -1 0 1 0 1 0 0 43898.dat
1 72 -10 -58 240 0 -1 0 1 0 0 0 0 1 6536.dat
1 72 -30 -58 274 0 0 -1 1 0 0 0 -1 0 3062b.dat
1 71 -80 -16 220 -1 0 0 0 1 0 0 0 -1 50305.dat
1 71 -10 8 260 1 0 0 0 1 0 0 0 1 2654.dat
1 71 -10 8 160 1 0 0 0 1 0 0 0 1 2654.dat
1 71 -70 0 160 1 0 0 0 1 0 0 0 1 2654.dat
1 71 60 -16 290 1 0 0 0 1 0 0 0 1 3623.dat
1 71 60 -16 260 0 0 -1 0 1 0 1 0 0 43722.dat
1 72 -30 -8 200 0 0 -1 0 1 0 1 0 0 3032.dat
1 0 -80 -8 160 0 0 -1 0 1 0 1 0 0 3023.dat
1 0 -10 0 270 -1 0 0 0 1 0 0 0 -1 3023.dat
1 0 -10 -68 240 -1 0 0 0 1 0 0 0 -1 4522.dat
1 0 -10 0 150 -1 0 0 0 1 0 0 0 -1 3023.dat
1 72 -10 0 170 1 0 0 0 1 0 0 0 1 60478.dat
1 72 -10 0 250 1 0 0 0 1 0 0 0 1 60478.dat
0
0 FILE Part 10.ldr
0 Part 10
0 Name: Part 10.ldr
0 Author: LDraw
0 Unofficial Model
0 ROTATION CENTER 0 0 0 1 "Custom" 
0 ROTATION CONFIG 0 0
1 72 0 16 0 0 0 1 0 1 0 -1 0 0 30041.dat
1 72 0 24 50 0 0 1 0 1 0 -1 0 0 30042.dat
1 72 0 8 -20 0 0 1 0 1 0 -1 0 0 4032b.dat
1 71 0 0 -20 0 0 1 0 1 0 -1 0 0 4073.dat
1 72 0 -8 -20 0 0 1 0 1 0 -1 0 0 43898.dat
1 72 50 24 20 0 0 1 0 1 0 -1 0 0 3710.dat
1 72 0 8 70 1 0 0 0 1 0 0 0 1 6636.dat
1 72 -50 24 20 0 0 1 0 1 0 -1 0 0 3710.dat
1 0 -40 46 40 0 -1 0 0 0 1 -1 0 0 2436b.dat
1 0 40 46 40 0 1 0 0 0 1 1 0 0 2436b.dat
1 71 0 24 70 -1 0 0 0 1 0 0 0 -1 32028.dat
1 71 -50 24 -40 0 0 -1 0 1 0 1 0 0 32028.dat
1 71 50 24 -40 0 0 1 0 1 0 -1 0 0 32028.dat
1 71 40 24 -80 0 0 1 0 1 0 -1 0 0 3022.dat
1 71 -40 24 -80 0 0 1 0 1 0 -1 0 0 3022.dat
1 71 -40 24 70 -1 0 0 0 1 0 0 0 -1 60470a.dat
1 71 40 24 70 -1 0 0 0 1 0 0 0 -1 60470a.dat
0
0 FILE Part 11.ldr
0 Part 11
0 Name: Part 11.ldr
0 Author: LDraw
0 Unofficial Model
0 ROTATION CENTER 0 0 0 1 "Custom" 
0 ROTATION CONFIG 0 0
1 71 10 24 0 1 0 0 0 1 0 0 0 1 3176.dat
1 71 10 24 60 1 0 0 0 1 0 0 0 1 60474.dat
1 71 10 16 20 1 0 0 0 1 0 0 0 1 3022.dat
1 71 10 8 30 1 0 0 0 1 0 0 0 1 3794a.dat
1 71 10 0 30 1 0 0 0 1 0 0 0 1 4073.dat
1 71 10 -16 70 1 0 0 0 1 0 0 0 1 4073.dat
1 71 10 -16 20 1 0 0 0 1 0 0 0 1 61678.dat
1 71 10 8 10 1 0 0 0 1 0 0 0 1 3794a.dat
1 71 10 -8 70 1 0 0 0 1 0 0 0 1 3794a.dat
1 71 10 -8 50 1 0 0 0 1 0 0 0 1 3794a.dat
1 71 10 8 -10 1 0 0 0 1 0 0 0 1 3794a.dat
1 0 10 16 -10 1 0 0 0 1 0 0 0 1 60471.dat
1 72 20 0 60 0 0 -1 0 1 0 1 0 0 32000.dat
1 72 18 -30.094 119.873 0 -1 0 0.798636 0 0.601815 -0.601815 0 0.798636 2431.dat
1 72 19 -246.378 136.03 0 -1 0 -0.990268 0 0.139173 -0.139173 0 -0.990268 32005.dat
1 72 15 -98.039 146.027 0 -1 0 0.798636 0 0.601815 -0.601815 0 0.798636 41677.dat
1 72 -15 -98.039 146.027 0 -1 0 0.798636 0 0.601815 -0.601815 0 0.798636 41677.dat
1 71 0 -86 162 0 -1 0 -0.601815 0 0.798636 -0.798636 0 -0.601815 32271.dat
1 71 7 -245.258 136.763 -1 0 0 0 0 -1 0 -1 0 2736.dat
1 71 7 -232.376 37.82 -1 0 0 0 -0.887011 0.461749 0 0.461749 0.887011 2736.dat
1 71 18 -158.373 161.786 0 -1 0 -0.956305 0 0.292372 -0.292372 0 -0.956305 44728.dat
1 72 8 -164.81 182.826 0 0 -1 0.956305 0.292372 0 0.292372 -0.956305 0 50947.dat
1 72 -12 -162.471 175.173 -1 0 0 0 0.292372 -0.956305 0 -0.956305 -0.292372 61409.dat
1 71 0 -245.258 136.763 0 -1 0 0.275637 0 0.961262 -0.961262 0 0.275637 32271.dat
1 71 20 -204.071 65.844 0 -1 0 0.961262 0 -0.275637 0.275637 0 0.961262 32526.dat
1 71 0 -232.259 37.909 0 1 0 -0.707107 0 0.707107 0.707107 0 0.707107 33299a.dat
1 71 20 16.51 108.633 1 0 0 0 0.942641 0.333807 0 -0.333807 0.942641 32039.dat
1 71 20 19.85 118.061 0 0 1 -0.333807 0.942641 0 -0.942641 -0.333807 0 2736.dat
1 71 10 -6.138 101.82 1 0 0 0 -0.601815 0.798636 0 -0.798636 -0.601815 4274.dat
1 71 10 -54.054 137.924 1 0 0 0 -0.601815 0.798636 0 -0.798636 -0.601815 4274.dat
1 0 10 9.79 69.782 1 0 0 0 -0.601815 0.798636 0 -0.798636 -0.601815 2780.dat
1 0 10 -226.046 142.317 1 0 0 0 -0.601815 0.798636 0 -0.798636 -0.601815 2780.dat
1 0 10 -187.619 153.43 1 0 0 0 -0.601815 0.798636 0 -0.798636 -0.601815 2780.dat
1 71 10 -168.408 158.986 1 0 0 0 -0.601815 0.798636 0 -0.798636 -0.601815 4274.dat
1 71 10 -149.194 164.545 1 0 0 0 -0.601815 0.798636 0 -0.798636 -0.601815 4274.dat
1 0 0 -86 162 1 0 0 0 -0.601815 0.798636 0 -0.798636 -0.601815 32062.dat
1 0 0 -98.039 146.027 1 0 0 0 -0.601815 0.798636 0 -0.798636 -0.601815 32062.dat
1 1 10 9.745 49.783 -1 0 0 0 0.258819 -0.965926 0 -0.965926 -0.258819 43093.dat
1 1 10 9.837 89.781 1 0 0 0 0.951057 0.309017 0 -0.309017 0.951057 43093.dat
1 72 46 -226 142.5 0 -1 0 0 0 -1 1 0 0 43898.dat
1 0 50 -226 142.5 0 -1 0 1 0 0 0 0 1 4522.dat
0
0 FILE Part 12.ldr
0 Part 12
0 Name: Part 12.ldr
0 Author: LDraw
0 Unofficial Model
0 ROTATION CENTER 0 0 0 1 "Custom" 
0 ROTATION CONFIG 0 0
1 71 -70 24 0 1 0 0 0 1 0 0 0 1 3176.dat
1 71 -70 24 60 1 0 0 0 1 0 0 0 1 60474.dat
1 71 -70 16 20 1 0 0 0 1 0 0 0 1 3022.dat
1 71 -70 8 30 1 0 0 0 1 0 0 0 1 3794a.dat
1 71 -70 0 30 1 0 0 0 1 0 0 0 1 4073.dat
1 71 -70 -16 70 1 0 0 0 1 0 0 0 1 4073.dat
1 71 -70 -16 20 1 0 0 0 1 0 0 0 1 61678.dat
1 71 -70 8 10 1 0 0 0 1 0 0 0 1 3794a.dat
1 71 -70 -8 70 1 0 0 0 1 0 0 0 1 3794a.dat
1 71 -70 -8 50 1 0 0 0 1 0 0 0 1 3794a.dat
1 71 -70 8 -10 1 0 0 0 1 0 0 0 1 3794a.dat
1 0 -70 16 -10 1 0 0 0 1 0 0 0 1 60471.dat
1 72 -80 0 60 0 0 -1 0 1 0 1 0 0 32000.dat
1 72 -78 -30.094 119.873 0 1 0 0.798636 0 -0.601815 -0.601815 0 -0.798636 2431.dat
1 72 -81 -246.378 136.03 0 1 0 0.990268 0 0.139173 0.139173 0 -0.990268 32005.dat
1 72 -45 -98.039 146.027 0 -1 0 0.798636 0 0.601815 -0.601815 0 0.798636 41677.dat
1 72 -75 -98.039 146.027 0 -1 0 0.798636 0 0.601815 -0.601815 0 0.798636 41677.dat
1 71 -60 -86 162 0 -1 0 -0.601815 0 0.798636 -0.798636 0 -0.601815 32271.dat
1 71 -69 -245.258 136.763 1 0 0 0 0 -1 0 1 0 2736.dat
1 71 -70 -232.376 37.82 1 0 0 0 -0.887011 0.461749 0 -0.461749 -0.887011 2736.dat
1 71 -78 -158.373 161.786 0 1 0 0.96363 0 0.267238 0.267238 0 -0.96363 44728.dat
1 72 -68 -164.81 182.826 0 0 -1 0.956305 0.292372 0 0.292372 -0.956305 0 50947.dat
1 72 -48 -162.471 175.173 -1 0 0 0 0.292372 -0.956305 0 -0.956305 -0.292372 61409.dat
1 71 -60 -245.258 136.763 0 -1 0 0.275637 0 0.961262 -0.961262 0 0.275637 32271.dat
1 71 -80 -204.071 65.844 0 -1 0 0.961262 0 -0.275637 0.275637 0 0.961262 32526.dat
1 71 -60 -232.259 37.909 0 -1 0 0.707107 0 0.707107 -0.707107 0 0.707107 33299a.dat
1 71 -80 16.51 108.633 1 0 0 0 0.942641 0.333807 0 -0.333807 0.942641 32039.dat
1 71 -80 19.85 118.061 0 0 1 -0.333807 0.942641 0 -0.942641 -0.333807 0 2736.dat
1 71 -70 -6.138 101.82 -1 0 0 0 -0.601815 0.798636 0 0.798636 0.601815 4274.dat
1 71 -70 -54.054 137.924 -1 0 0 0 -0.601815 0.798636 0 0.798636 0.601815 4274.dat
1 0 -70 9.79 69.782 1 0 0 0 -0.601815 0.798636 0 -0.798636 -0.601815 2780.dat
1 0 -70 -226.046 142.317 1 0 0 0 -0.601815 0.798636 0 -0.798636 -0.601815 2780.dat
1 0 -70 -187.619 153.43 1 0 0 0 -0.601815 0.798636 0 -0.798636 -0.601815 2780.dat
1 71 -70 -168.408 158.986 -1 0 0 0 -0.601815 0.798636 0 0.798636 0.601815 4274.dat
1 71 -70 -149.194 164.545 -1 0 0 0 -0.601815 0.798636 0 0.798636 0.601815 4274.dat
1 0 -60 -86 162 1 0 0 0 -0.601815 0.798636 0 -0.798636 -0.601815 32062.dat
1 0 -60 -98.039 146.027 1 0 0 0 -0.601815 0.798636 0 -0.798636 -0.601815 32062.dat
1 1 -70 9.745 49.783 1 0 0 0 0.258819 -0.965926 0 0.965926 0.258819 43093.dat
1 1 -70 9.837 89.781 -1 0 0 0 0.951057 0.309017 0 0.309017 -0.951057 43093.dat
1 72 -106 -226 142.5 0 1 0 0 0 -1 -1 0 0 43898.dat
1 0 -110 -226 142.5 0 1 0 -1 0 0 0 0 1 4522.dat
0
0 FILE Part 13.ldr
0 Part 13
0 Name: Part 13.ldr
0 Author: LDraw
0 Unofficial Model
0 ROTATION CENTER 0 0 0 1 "Custom" 
0 ROTATION CONFIG 0 0
1 288 0 8 0 0 0 1 0 1 0 -1 0 0 3035.dat
1 288 -560 8 0 0 0 1 0 1 0 -1 0 0 3035.dat
1 288 -611.624 0 679.445 0.182236 0 -0.983255 0 1 0 0.983255 0 0.182236 Part 17.ldr
1 72 -100 8 0 0 0 1 0 1 0 -1 0 0 3036.dat
1 72 -220 8 0 0 0 1 0 1 0 -1 0 0 3036.dat
1 72 -340 8 0 0 0 1 0 1 0 -1 0 0 3036.dat
1 72 -280 8 160 0 0 1 0 1 0 -1 0 0 3036.dat
1 72 -280 -24 220 1 0 0 0 1 0 0 0 1 3795.dat
1 71 -330 -48 230 1 0 0 0 1 0 0 0 1 3040p06.dat
1 71 -230 -48 230 1 0 0 0 1 0 0 0 1 3040p06.dat
1 0 -300 -48 230 1 0 0 0 1 0 0 0 1 3039pc9.dat
1 0 -260 -48 230 1 0 0 0 1 0 0 0 1 3039pc9.dat
1 72 -460 8 0 0 0 1 0 1 0 -1 0 0 3036.dat
1 72 -490 -16 70 0 0 1 0 1 0 -1 0 0 3062b.dat
1 72 -70 -16 70 0 0 1 0 1 0 -1 0 0 3062b.dat
1 72 -70 -72 70 0 0 1 0 1 0 -1 0 0 3062b.dat
1 72 -490 -72 70 0 0 1 0 1 0 -1 0 0 3062b.dat
1 72 -70 -24 -30 0 0 1 0 1 0 -1 0 0 3062b.dat
1 72 -70 -48 -30 0 0 1 0 1 0 -1 0 0 3062b.dat
1 72 -70 -72 -30 0 0 1 0 1 0 -1 0 0 3062b.dat
1 72 -410 -96 70 0 0 1 0 1 0 -1 0 0 3062b.dat
1 72 -150 -96 70 0 0 1 0 1 0 -1 0 0 3062b.dat
1 72 -420 -16 70 1 0 0 0 1 0 0 0 1 3010.dat
1 72 -360 -16 50 0 0 -1 0 1 0 1 0 0 3002.dat
1 72 -200 -16 50 0 0 -1 0 1 0 1 0 0 3002.dat
1 72 -140 -16 70 1 0 0 0 1 0 0 0 1 3010.dat
1 72 -100 -48 70 1 0 0 0 1 0 0 0 1 3010.dat
1 72 -460 -48 70 1 0 0 0 1 0 0 0 1 3010.dat
1 72 -420 -72 70 1 0 0 0 1 0 0 0 1 3010.dat
1 72 -140 -72 70 1 0 0 0 1 0 0 0 1 3010.dat
1 72 -110 -36 35 1 0 0 0 0 -1 0 1 0 32449.dat
1 72 -140 -120 70 1 0 0 0 1 0 0 0 1 3009.dat
1 72 -140 -144 70 1 0 0 0 1 0 0 0 1 3009.dat
1 72 -440 -152 20 1 0 0 0 1 0 0 0 1 30041.dat
1 72 -280 -152 -20 1 0 0 0 1 0 0 0 1 3035.dat
1 72 -280 -168 -20 1 0 0 0 1 0 0 0 1 3035.dat
1 72 -440 -168 20 1 0 0 0 1 0 0 0 1 4151b.dat
1 72 -440 -151 20 1 0 0 0 1 0 0 0 1 4032b.dat
1 71 -440 -143 20 1 0 0 0 1 0 0 0 1 2654.dat
1 72 -120 -168 20 1 0 0 0 1 0 0 0 1 4151b.dat
1 72 -120 -151 20 1 0 0 0 1 0 0 0 1 4032b.dat
1 71 -120 -143 20 1 0 0 0 1 0 0 0 1 2654.dat
1 72 -120 -170 20 0 1 0 -1 0 0 0 0 1 6587.dat
1 72 -120 -208 20 1 0 0 0 1 0 0 0 1 43898.dat
1 19 -120 -197 20 0 1 0 0 0 -1 -1 0 0 32198.dat
1 72 -440 -170 20 0 1 0 -1 0 0 0 0 1 6587.dat
1 72 -440 -208 20 1 0 0 0 1 0 0 0 1 43898.dat
1 19 -440 -197 20 0 1 0 0 0 -1 -1 0 0 32198.dat
1 72 -440 -150 -72 1 0 0 0 0 -1 0 1 0 4162.dat
1 72 -280 -150 -72 1 0 0 0 0 -1 0 1 0 4162.dat
1 72 -532 -150 18 0 1 0 0 0 -1 -1 0 0 4162.dat
1 72 -28 -150 18 0 -1 0 0 0 1 -1 0 0 4162.dat
1 72 -120 -150 -72 1 0 0 0 0 -1 0 1 0 4162.dat
1 72 -120 -152 20 -1 0 0 0 1 0 0 0 -1 30041.dat
1 72 -420 -120 70 1 0 0 0 1 0 0 0 1 3009.dat
1 72 -420 -144 70 1 0 0 0 1 0 0 0 1 3009.dat
1 72 -180 -96 70 1 0 0 0 1 0 0 0 1 32000.dat
1 72 -120 -96 70 1 0 0 0 1 0 0 0 1 32000.dat
1 72 -70 -16 0 0 0 -1 0 1 0 1 0 0 32000.dat
1 72 -490 -16 0 0 0 -1 0 1 0 1 0 0 32000.dat
1 72 -440 -96 70 1 0 0 0 1 0 0 0 1 32000.dat
1 72 -380 -96 70 1 0 0 0 1 0 0 0 1 32000.dat
1 72 -390 -48 70 1 0 0 0 1 0 0 0 1 3622.dat
1 72 -170 -48 70 1 0 0 0 1 0 0 0 1 3622.dat
1 72 -350 -48 70 1 0 0 0 1 0 0 0 1 3040b.dat
1 72 -210 -48 70 1 0 0 0 1 0 0 0 1 3040b.dat
1 72 -190 -72 70 0 0 1 0 1 0 -1 0 0 3040b.dat
1 72 -490 -16 30 0 0 1 0 1 0 -1 0 0 3040b.dat
1 72 -440 -16 -30 1 0 0 0 1 0 0 0 1 3039.dat
1 72 -120 -16 -30 1 0 0 0 1 0 0 0 1 3039.dat
1 72 -60 -58.035 -61.217 1 0 0 0 0.300706 -0.953717 0 0.953717 0.300706 Part 18.ldr
1 72 -380 -58.035 -61.217 1 0 0 0 0.300706 -0.953717 0 0.953717 0.300706 Part 18.ldr
1 72 -522 -58.035 -40.217 0 0.953717 0.300706 0 0.300706 -0.953717 -1 0 0 Part 18.ldr
1 72 -38 -58.035 79.783 0 -0.953717 -0.300706 0 0.300706 -0.953717 1 0 0 Part 18.ldr
1 72 -70 -16 30 0 0 -1 0 1 0 1 0 0 3040b.dat
1 72 -370 -72 70 0 0 -1 0 1 0 1 0 0 3040b.dat
1 4 -90 -16 70 1 0 0 0 1 0 0 0 1 6541.dat
1 4 -110 -86 50 0 0 -1 0 1 0 1 0 0 32054.dat
1 4 -452.023 -117.232 30 0 0.438371 0.898794 0 -0.898794 0.438371 1 0 0 32039.dat
1 71 -110 -86 20 0 0 -1 0 1 0 1 0 0 2736.dat
1 1 -110 -66 50 1 0 0 0 0 -1 0 1 0 32140.dat
1 1 -450 -66 50 -1 0 0 0 0 -1 0 -1 0 32140.dat
1 1 -470 -66 10 0 1 0 0 0 -1 -1 0 0 32140.dat
1 1 -90 -66 10 0 1 0 0 0 -1 -1 0 0 32140.dat
1 19 -470 -126 40 0 0.438371 -0.898794 0 -0.898794 -0.438371 -1 0 0 3749.dat
1 4 -450 -86 50 0 0 -1 0 1 0 1 0 0 32054.dat
1 4 -107.821 -116.92 30 0 0.45399 -0.891007 0 0.891007 0.45399 1 0 0 32039.dat
1 71 -450 -86 20 0 0 -1 0 1 0 1 0 0 2736.dat
1 19 -90 -126 40 0 0.45399 0.891007 0 0.891007 -0.45399 -1 0 0 3749.dat
1 4 -470 -16 70 1 0 0 0 1 0 0 0 1 6541.dat
1 71 -450 -6 50 0 0 -1 -1 0 0 0 1 0 60483.dat
1 0 -470 -61 30 -1 0 0 0 1 0 0 0 -1 731.dat
1 19 -470 -6 48 0 0 -1 0 -1 0 -1 0 0 32556.dat
1 71 -110 -6 50 0 0 1 1 0 0 0 1 0 60483.dat
1 71 -90 -6 10 0 1 0 1 0 0 0 0 -1 60483.dat
1 71 -110 -126 -10 0 -1 0 1 0 0 0 0 1 60483.dat
1 71 -450 -126 -10 0 -1 0 1 0 0 0 0 1 60483.dat
1 19 -460 -126 -10 1 0 0 0 0 1 0 -1 0 3749.dat
1 19 -100 -126 -10 -1 0 0 0 -1 0 0 0 1 3749.dat
1 71 -470 -6 10 0 1 0 1 0 0 0 0 -1 60483.dat
1 71 -90 -6 10 -1 0 0 0 1 0 0 0 -1 4519.dat
1 71 -470 -6 10 -1 0 0 0 1 0 0 0 -1 4519.dat
1 19 -90 -6 48 0 0 -1 0 -1 0 -1 0 0 32556.dat
1 19 -90 -6 -10 -1 0 0 0 -1 0 0 0 1 32556.dat
1 19 -470 -6 -10 1 0 0 0 -1 0 0 0 -1 32556.dat
1 288 -40 8 -120 -1 0 0 0 1 0 0 0 -1 3035.dat
1 288 -200 8 -120 -1 0 0 0 1 0 0 0 -1 3035.dat
1 288 -360 8 -120 -1 0 0 0 1 0 0 0 -1 3035.dat
1 288 -520 8 -120 -1 0 0 0 1 0 0 0 -1 3035.dat
1 2 -520 -8 -120 -1 0 0 0 1 0 0 0 -1 6255.dat
1 2 20 -8 -60 0.707107 0 -0.707107 0 1 0 0.707107 0 0.707107 6255.dat
1 0 0 0 80 -1 0 0 0 1 0 0 0 -1 2430.dat
1 0 -560 -24 80 -1 0 0 0 1 0 0 0 -1 Her.dat
1 288 -290 -176 -30 1 0 0 0 1 0 0 0 1 2417.dat
1 0 -10 0 20 0 0 1 0 1 0 -1 0 0 2431.dat
1 0 -550 0 20 0 0 1 0 1 0 -1 0 0 2431.dat
1 0 -330 0 60 0 0 1 0 1 0 -1 0 0 3710.dat
1 71 -330 -32 60 0 0 1 0 1 0 -1 0 0 2432.dat
1 71 -510 -72 70 0 0 1 0 1 0 -1 0 0 4460b.dat
1 71 -490 -144 70 0 0 1 0 1 0 -1 0 0 4460b.dat
1 71 -50 -72 70 0 0 -1 0 1 0 1 0 0 4460b.dat
1 71 -50 -72 -30 0 0 -1 0 1 0 1 0 0 4460b.dat
1 72 -490 -24 -30 0 0 -1 0 1 0 1 0 0 3062b.dat
1 72 -490 -48 -30 0 0 -1 0 1 0 1 0 0 3062b.dat
1 72 -490 -72 -30 0 0 -1 0 1 0 1 0 0 3062b.dat
1 71 -510 -72 -30 0 0 1 0 1 0 -1 0 0 4460b.dat
1 71 -490 -72 -50 1 0 0 0 1 0 0 0 1 4460b.dat
1 71 -70 -72 -50 1 0 0 0 1 0 0 0 1 4460b.dat
1 71 -170 -72 -50 1 0 0 0 1 0 0 0 1 4460b.dat
1 71 -390 -72 -50 1 0 0 0 1 0 0 0 1 4460b.dat
1 71 -170 -144 -30 1 0 0 0 1 0 0 0 1 4460b.dat
1 71 -390 -144 -30 1 0 0 0 1 0 0 0 1 4460b.dat
1 71 -510 -72 -50 0 0 1 0 1 0 -1 0 0 3685.dat
1 71 -490 -144 -30 0 0 1 0 1 0 -1 0 0 3685.dat
1 71 -50 -72 -50 1 0 0 0 1 0 0 0 1 3685.dat
1 71 -70 -144 -30 1 0 0 0 1 0 0 0 1 3685.dat
1 71 -70 -144 70 0 0 -1 0 1 0 1 0 0 4460b.dat
1 71 -230 -32 60 0 0 -1 0 1 0 1 0 0 2432.dat
1 0 -430 -16 50 0 0 1 0 1 0 -1 0 0 4589.dat
1 0 -130 -16 50 0 0 1 0 1 0 -1 0 0 4589.dat
1 0 -230 0 60 0 0 1 0 1 0 -1 0 0 3710.dat
1 0 -560 0 80 -1 0 0 0 1 0 0 0 -1 2429.dat
1 0 -27.036 0 664.867 -0.182236 0 -0.983255 0 1 0 0.983255 0 -0.182236 Part 16.ldr
1 0 -120 0 -90 1 0 0 0 1 0 0 0 1 2431.dat
1 0 -440 0 -90 1 0 0 0 1 0 0 0 1 2431.dat
1 72 -400 0 10 1 0 0 0 1 0 0 0 1 2431.dat
1 72 -160 0 10 1 0 0 0 1 0 0 0 1 2431.dat
1 72 -280 0 10 1 0 0 0 1 0 0 0 1 4162.dat
1 72 -400 -24 50 1 0 0 0 1 0 0 0 1 2431.dat
1 72 -160 -24 50 1 0 0 0 1 0 0 0 1 2431.dat
1 72 -190 -110 -15 0 0 1 1 0 0 0 1 0 Part 14.ldr
1 72 -490 -110 -15 0 0 1 1 0 0 0 1 0 Part 15.ldr
1 0 -280 0 -80 1 0 0 0 1 0 0 0 1 2445.dat
1 0 -420 -24 70 1 0 0 0 1 0 0 0 1 3460.dat
1 0 -140 -24 70 1 0 0 0 1 0 0 0 1 3460.dat
1 0 -280 -16 220 1 0 0 0 1 0 0 0 1 2456.dat
1 0 -320 0 160 1 0 0 0 1 0 0 0 1 3680.dat
1 71 -320 0 160 1 0 0 0 1 0 0 0 1 3679.dat
1 71 -240 0 160 1 0 0 0 1 0 0 0 1 3679.dat
1 0 -240 0 160 1 0 0 0 1 0 0 0 1 3680.dat
1 0 -240 -8 160 -1 0 0 0 1 0 0 0 -1 4079.dat
1 0 -320 -8 160 -1 0 0 0 1 0 0 0 -1 4079.dat
1 0 -470 -96 70 -1 0 0 0 1 0 0 0 -1 64644.dat
1 0 -370 -86 60 0 0 1 0 1 0 -1 0 0 3705.dat
1 0 -370 -86 90 1 0 0 0 1 0 0 0 1 32270.dat
1 19 -370 -86 30 1 0 0 0 1 0 0 0 1 32269.dat
1 71 -370 -86 50 1 0 0 0 1 0 0 0 1 3713.dat
1 0 -190 -86 60 0 0 1 0 1 0 -1 0 0 3705.dat
