0 FILE Hoth Wampa Cave.ldr
0 Hoth Wampa Cave
0 Name: Hoth Wampa Cave.ldr
0 Author: R Paluczak
0 Unofficial Model
0 ROTATION CENTER 0 0 0 1 "Custom" 
0 ROTATION CONFIG 0 0
1 0 -40 104 0 0 0 1 0 1 0 -1 0 0 Cave.ldr
1 0 -194.695 72 -591.906 0.92388 0 0.382683 0 1 0 -0.382683 0 0.92388 Snowspeeder.ldr
1 0 -419 40 -13 0 0 1 0 1 0 -1 0 0 Wampa.ldr
1 0 -460.101 40 117.3 0.55557 0 0.83147 0 1 0 -0.83147 0 0.55557 Luke Skywalker.ldr
1 0 -374 40 -161 0.55557 0 0.83147 0 1 0 -0.83147 0 0.55557 Rebel Pilot.ldr
0
0 FILE Rebel Pilot.ldr
0 Rebel Pilot
0 Name: Rebel Pilot.ldr
0 Author: R Paluczak
0 Unofficial Model
0 ROTATION CENTER 0 0 0 1 "Custom" 
0 ROTATION CONFIG 0 0
1 15 0 -24 0 1 0 0 0 1 0 0 0 1 30370ps1.dat
1 78 0 -24 0 1 0 0 0 1 0 0 0 1 3626bp01.dat
1 25 0 0 0 1 0 0 0 1 0 0 0 1 973pr8.dat
1 72 0 32 0 1 0 0 0 1 0 0 0 1 3815.dat
1 25 -15.552 9 0 0.985 -0.17 0 0.17 0.985 0 0 0 1 3818.dat
1 25 15.552 9 0 0.985 0.17 0 -0.17 0.985 0 0 0 1 3819.dat
1 0 -23.8634 26.5956 -10.321 0.985 -0.12019 0.12019 0.17 0.696395 -0.696395 0 0.707 0.707 3820.dat
1 0 23.8634 26.5956 -10.321 0.985 0.12019 -0.12019 -0.17 0.696395 -0.696395 0 0.707 0.707 3820.dat
1 25 0 44 0 1 0 0 0 1 0 0 0 1 3816.dat
1 25 0 44 0 1 0 0 0 1 0 0 0 1 3817.dat
0
0 FILE Wampa.ldr
0 Wampa
0 Name: Wampa.ldr
0 Author: R Paluczak
0 Unofficial Model
0 ROTATION CENTER 0 0 0 1 "Custom" 
0 ROTATION CONFIG 0 0
1 15 0 72 0 1 0 0 0 1 0 0 0 1 87562p01.dat
1 19 27 -71 -43 1 0 0 0 1 0 0 0 1 86057.dat
1 19 -27 -71 -43 1 0 0 0 1 0 0 0 1 86058.dat
1 15 40 -48 0 1 0 0 0 1 0 0 0 1 87565p01.dat
1 15 -40 -48 0 1 0 0 0 1 0 0 0 1 87564p01.dat
1 484 -53.453 -34.482 -68 0 0.97437 -0.224951 0 0.224951 0.97437 1 0 0 33057.dat
0
0 FILE Luke Skywalker.ldr
0 Luke Skywalker
0 Name: Luke Skywalker.ldr
0 Author: R Paluczak
0 Unofficial Model
0 ROTATION CENTER 0 0 0 1 "Custom" 
0 ROTATION CONFIG 0 0
1 19 0 -24 0 1 0 0 0 1 0 0 0 1 30171.dat
1 78 0 -24 0 1 0 0 0 1 0 0 0 1 3626bps2.dat
1 28 0 0 0 1 0 0 0 1 0 0 0 1 973psh.dat
1 71 0 32 0 1 0 0 0 1 0 0 0 1 3815.dat
1 71 -15.552 9 0 0.985 -0.17 0 0.17 0.985 0 0 0 1 3818.dat
1 71 15.552 9 0 0.985 0.17 0 -0.17 0.985 0 0 0 1 3819.dat
1 72 -23.8634 26.5956 -10.321 0.985 -0.12019 0.12019 0.17 0.696395 -0.696395 0 0.707 0.707 3820.dat
1 72 23.8634 26.5956 -10.321 0.985 0.12019 -0.12019 -0.17 0.696395 -0.696395 0 0.707 0.707 3820.dat
1 71 0 44 0 1 0 0 0 1 0 0 0 1 3816.dat
1 71 0 44 0 1 0 0 0 1 0 0 0 1 3817.dat
1 15 0 -16 0 1 0 0 0 0.83147 0.55557 0 -0.55557 0.83147 30170.dat
0
0 FILE Snowspeeder.ldr
0 Snowspeeder
0 Name: Snowspeeder.ldr
0 Author: R Paluczak
0 Unofficial Model
0 ROTATION CENTER 0 0 0 1 "Custom" 
0 ROTATION CONFIG 0 0
1 15 -40 24 0 1 0 0 0 1 0 0 0 1 3029.dat
1 72 -140 32 0 1 0 0 0 1 0 0 0 1 4032b.dat
1 72 -20 32 0 1 0 0 0 1 0 0 0 1 4032b.dat
1 15 -150 0 0 0 0 1 0 1 0 -1 0 0 4855.dat
1 15 -220 -8 0 0 0 1 0 1 0 -1 0 0 43719.dat
0 MLCAD HIDE 1 71 -120 0 -30 1 0 0 0 1 0 0 0 1 30363.dat
0 MLCAD HIDE 1 71 -120 0 30 -1 0 0 0 1 0 0 0 -1 30363.dat
1 71 0 0 -30 1 0 0 0 1 0 0 0 1 30363.dat
1 71 0 0 30 -1 0 0 0 1 0 0 0 -1 30363.dat
1 71 -150 8 0 0 0 1 0 1 0 -1 0 0 3023.dat
1 71 -190 -8 0 0 0 1 0 1 0 -1 0 0 3023.dat
1 71 -190 -16 0 0 0 1 0 1 0 -1 0 0 3023.dat
1 71 70 -16 40 0 0 1 0 1 0 -1 0 0 3023.dat
1 71 92 -34 0 0 -1 0 0 0 -1 1 0 0 61252.dat
1 0 114 -34 0 0 0 1 0 -1 0 1 0 0 4349.dat
1 72 132 -33 0 0 1 0 0 0 1 1 0 0 30192.dat
1 71 70 -16 -40 0 0 1 0 1 0 -1 0 0 3023.dat
1 71 30 -32 -20 0 0 -1 0 1 0 1 0 0 3937.dat
1 71 30 -32 20 0 0 -1 0 1 0 1 0 0 3937.dat
1 15 30 -32 20 0 0 -1 0 1 0 1 0 0 3938.dat
1 40 0 -56 0 0 0 -1 0 1 0 1 0 0 6238b.dat
1 15 30 -32 -20 0 0 -1 0 1 0 1 0 0 3938.dat
1 72 70 -16 0 0 0 -1 0 1 0 1 0 0 2540.dat
1 71 40 -8 0 0 0 1 0 1 0 -1 0 0 3022.dat
1 15 50 -16 0 0 0 1 0 1 0 -1 0 0 2431.dat
1 0 70 -24 0 0 0 1 0 1 0 -1 0 0 3743.dat
1 0 92 12 -50 0 -1 0 1 0 0 0 0 1 2412b.dat
1 0 92 12 -30 0 -1 0 1 0 0 0 0 1 2412b.dat
1 0 92 12 30 0 -1 0 1 0 0 0 0 1 2412b.dat
1 0 108 12 0 0 -1 0 0 0 -1 1 0 0 2584.dat
1 71 114 12 0 0 -1 0 0 0 -1 1 0 0 2585.dat
1 71 114 12 30 0 -1 0 0 0 -1 1 0 0 32073.dat
1 0 114 12 70 0 -1 0 -1 0 0 0 0 -1 32270.dat
1 0 92 12 50 0 -1 0 1 0 0 0 0 1 2412b.dat
1 71 70 -8 0 0 0 -1 0 1 0 1 0 0 44728.dat
1 71 70 -8 40 0 0 -1 0 1 0 1 0 0 44728.dat
1 71 70 -8 -40 0 0 -1 0 1 0 1 0 0 44728.dat
1 15 30 0 0 0 0 -1 0 1 0 1 0 0 3010.dat
1 15 -60 8 0 0 0 -1 0 1 0 1 0 0 3020.dat
1 15 0 -64 0 0 0 -1 0 1 0 1 0 0 3020.dat
1 15 -10 -80 0 0 0 -1 0 1 0 1 0 0 2431.dat
1 15 -10 -72 0 -1 0 0 0 1 0 0 0 -1 3021.dat
1 72 0 -72 -30 -1 0 0 0 1 0 0 0 -1 44301.dat
1 72 0 -72 30 -1 0 0 0 1 0 0 0 -1 44301.dat
1 40 -30 -70 0 0 0 1 0 1 0 -1 0 0 30372ps0.dat
1 19 60 0 0 0 0 -1 0 1 0 1 0 0 2456.dat
1 72 -60 16 0 1 0 0 0 1 0 0 0 1 3031.dat
1 72 -60 0 -30 1 0 0 0 1 0 0 0 1 3710.dat
1 15 -60 -8 30 1 0 0 0 1 0 0 0 1 4477.dat
1 15 -60 -8 -30 1 0 0 0 1 0 0 0 1 4477.dat
1 15 -20 -32 30 1 0 0 0 1 0 0 0 1 43337.dat
1 15 -100 -32 30 1 0 0 0 1 0 0 0 1 43337.dat
1 15 -100 -32 -30 -1 0 0 0 1 0 0 0 -1 43337.dat
1 15 -20 -32 -30 -1 0 0 0 1 0 0 0 -1 43337.dat
1 15 -150 -32 30 -1 0 0 0 1 0 0 0 -1 30071.dat
1 15 -150 -32 -30 -1 0 0 0 1 0 0 0 -1 30071.dat
1 15 -170 -32 0 0 0 1 0 1 0 -1 0 0 4858.dat
1 72 -60 0 30 1 0 0 0 1 0 0 0 1 3710.dat
1 72 -70 -24 0 0 0 1 0 1 0 -1 0 0 2432.dat
1 72 -170 -16 0 0 0 -1 0 1 0 1 0 0 3039.dat
1 72 -50 -24 0 0 0 -1 0 1 0 1 0 0 2432.dat
1 0 50 -8 30 0 0 -1 0 1 0 1 0 0 6141.dat
1 0 50 -8 -30 0 0 -1 0 1 0 1 0 0 6141.dat
1 14 -120 16 0 1 0 0 0 1 0 0 0 1 3068b.dat
1 14 -90 8 20 0 0 -1 0 1 0 1 0 0 44302.dat
1 14 -120 58.164 192.409 -1 0 0 0 0.92388 -0.382683 0 -0.382683 -0.92388 Right Wing.ldr
1 14 -30 8 20 0 0 -1 0 1 0 1 0 0 44302.dat
1 14 -30 8 -20 0 0 1 0 1 0 -1 0 0 44302.dat
1 14 -90 8 -20 0 0 1 0 1 0 -1 0 0 44302.dat
1 14 0 16 0 1 0 0 0 1 0 0 0 1 3068b.dat
1 14 -120 -18.373 -7.633 -1 0 0 0 0.92388 0.382683 0 0.382683 -0.92388 Left Wing.ldr
0
0 FILE Right Wing.ldr
0 Right Wing
0 Name: Right Wing.ldr
0 Author: R Paluczak
0 Unofficial Model
0 ROTATION CENTER 0 0 0 1 "Custom" 
0 ROTATION CONFIG 0 0
1 15 -60 16 120 1 0 0 0 1 0 0 0 1 3020.dat
1 15 -60 0 120 1 0 0 0 1 0 0 0 1 3020.dat
1 71 -60 -8 120 -1 0 0 0 1 0 0 0 -1 3030.dat
1 71 -60 -24 150 -1 0 0 0 1 0 0 0 -1 4510.dat
1 71 70 -16 160 0 0 1 0 1 0 -1 0 0 43722.dat
1 15 0 -16 120 -1 0 0 0 1 0 0 0 -1 3832.dat
1 15 -160 -16 80 1 0 0 0 1 0 0 0 1 41769.dat
1 15 120 -16 140 -1 0 0 0 1 0 0 0 -1 41769.dat
1 15 20 -16 70 0 0 -1 0 1 0 1 0 0 47398.dat
1 19 -20 -16 150 -1 0 0 0 1 0 0 0 -1 3666.dat
1 19 -120 -16 100 0 0 1 0 1 0 -1 0 0 3795.dat
1 71 -160 -16 140 0 0 1 0 1 0 -1 0 0 3022.dat
1 71 -150 -56 120 0 0 1 0 1 0 -1 0 0 3023.dat
1 72 -150 -64 120 0 0 -1 0 1 0 1 0 0 2540.dat
1 15 -130 -62 100 -0.0871557 0 0.996195 0.996195 0 0.0871557 0 1 0 2335.dat
1 25 -160 -24 150 1 0 0 0 1 0 0 0 1 2412b.dat
1 25 -60 -24 110 1 0 0 0 1 0 0 0 1 2412b.dat
1 72 40 -24 150 1 0 0 0 1 0 0 0 1 3069b.dat
1 0 -90 -16 150 -1 0 0 0 1 0 0 0 -1 6141.dat
1 72 80 -8 120 -1 0 0 0 1 0 0 0 -1 3031.dat
1 72 -120 -24 100 -1 0 0 0 1 0 0 0 -1 3031.dat
1 15 -150 -48 130 -1 0 0 0 1 0 0 0 -1 3040b.dat
1 15 -100 -48 130 -1 0 0 0 1 0 0 0 -1 3039.dat
1 15 0 -48 90 1 0 0 0 1 0 0 0 1 3039.dat
1 15 0 -48 110 -1 0 0 0 1 0 0 0 -1 3298.dat
1 15 0 -56 100 -1 0 0 0 1 0 0 0 -1 4150.dat
1 15 -120 -56 90 1 0 0 0 1 0 0 0 1 2431.dat
1 72 -100 -56 120 1 0 0 0 1 0 0 0 1 3068b.dat
1 71 40 -40 110 0 0 -1 0 1 0 1 0 0 30359b.dat
1 15 -100 -48 90 1 0 0 0 1 0 0 0 1 3039.dat
1 15 -150 -48 90 1 0 0 0 1 0 0 0 1 3040b.dat
1 25 -130 -48 130 -1 0 0 0 1 0 0 0 -1 3040b.dat
1 25 -130 -48 90 1 0 0 0 1 0 0 0 1 3040b.dat
1 19 -150 -48 110 0 0 -1 0 1 0 1 0 0 6541.dat
1 19 -90 -48 110 0 0 -1 0 1 0 1 0 0 6541.dat
1 72 0 -24 100 0 0 1 0 1 0 -1 0 0 3020.dat
1 71 -110 -38 110 1 0 0 0 1 0 0 0 1 44294.dat
1 72 -40 -38 110 0 0 -1 0 1 0 1 0 0 59443.dat
1 72 -168 -38 110 0 1 0 0 0 1 1 0 0 4032b.dat
1 72 -192 -38 110 0 1 0 0 0 1 1 0 0 4588.dat
1 72 180 -30 110 0 1 0 0 0 1 1 0 0 4589.dat
1 71 -70 -38 110 0 0 -1 0 1 0 1 0 0 42610.dat
1 71 -60 8 120 1 0 0 0 1 0 0 0 1 3022.dat
1 72 -30 8 120 0 0 -1 0 1 0 1 0 0 44301.dat
1 72 -90 8 120 0 0 -1 0 1 0 1 0 0 44301.dat
0
0 FILE Left Wing.ldr
0 Left Wing
0 Name: Left Wing.ldr
0 Author: R Paluczak
0 Unofficial Model
0 ROTATION CENTER 0 0 0 1 "Custom" 
0 ROTATION CONFIG 0 0
1 15 -60 16 80 -1 0 0 0 1 0 0 0 -1 3020.dat
1 15 -60 0 80 -1 0 0 0 1 0 0 0 -1 3020.dat
1 71 -60 -8 80 -1 0 0 0 1 0 0 0 -1 3030.dat
1 71 -60 -24 50 1 0 0 0 1 0 0 0 1 4510.dat
1 71 70 -16 40 0 0 1 0 1 0 -1 0 0 43723.dat
1 15 0 -16 80 -1 0 0 0 1 0 0 0 -1 3832.dat
1 15 -160 -16 120 -1 0 0 0 1 0 0 0 -1 41770.dat
1 15 120 -16 60 1 0 0 0 1 0 0 0 1 41770.dat
1 15 20 -16 130 0 0 -1 0 1 0 1 0 0 47397.dat
1 19 -20 -16 50 -1 0 0 0 1 0 0 0 -1 3666.dat
1 19 -120 -16 100 0 0 1 0 1 0 -1 0 0 3795.dat
1 71 -160 -16 60 0 0 1 0 1 0 -1 0 0 3022.dat
1 71 -150 -56 80 0 0 1 0 1 0 -1 0 0 3023.dat
1 72 -150 -64 80 0 0 -1 0 1 0 1 0 0 2540.dat
1 15 -130 -62 60 -0.0871557 0 0.996195 0.996195 0 0.0871557 0 1 0 2335.dat
1 25 -160 -24 50 1 0 0 0 1 0 0 0 1 2412b.dat
1 25 -60 -24 110 1 0 0 0 1 0 0 0 1 2412b.dat
1 72 40 -24 50 1 0 0 0 1 0 0 0 1 3069b.dat
1 0 -90 -16 50 -1 0 0 0 1 0 0 0 -1 6141.dat
1 72 80 -8 80 -1 0 0 0 1 0 0 0 -1 3031.dat
1 72 -120 -24 100 -1 0 0 0 1 0 0 0 -1 3031.dat
1 15 -150 -48 110 -1 0 0 0 1 0 0 0 -1 3040b.dat
1 15 -100 -48 110 -1 0 0 0 1 0 0 0 -1 3039.dat
1 15 0 -48 110 -1 0 0 0 1 0 0 0 -1 3039.dat
1 15 0 -48 90 1 0 0 0 1 0 0 0 1 3298.dat
1 15 0 -56 100 1 0 0 0 1 0 0 0 1 4150.dat
1 15 -120 -56 110 1 0 0 0 1 0 0 0 1 2431.dat
1 72 -100 -56 80 1 0 0 0 1 0 0 0 1 3068b.dat
1 71 40 -40 90 0 0 -1 0 1 0 1 0 0 30359b.dat
1 15 -100 -48 70 1 0 0 0 1 0 0 0 1 3039.dat
1 15 -150 -48 70 1 0 0 0 1 0 0 0 1 3040b.dat
1 25 -130 -48 110 -1 0 0 0 1 0 0 0 -1 3040b.dat
1 25 -130 -48 70 1 0 0 0 1 0 0 0 1 3040b.dat
1 19 -150 -48 90 0 0 -1 0 1 0 1 0 0 6541.dat
1 19 -90 -48 90 0 0 -1 0 1 0 1 0 0 6541.dat
1 72 0 -24 100 0 0 1 0 1 0 -1 0 0 3020.dat
1 71 -110 -38 90 1 0 0 0 1 0 0 0 1 44294.dat
1 72 -40 -38 90 0 0 -1 0 1 0 1 0 0 59443.dat
1 72 -168 -38 90 0 1 0 0 0 1 1 0 0 4032b.dat
1 72 -192 -38 90 0 1 0 0 0 1 1 0 0 4588.dat
1 72 180 -30 90 0 1 0 0 0 1 1 0 0 4589.dat
1 71 -70 -38 90 0 0 -1 0 1 0 1 0 0 42610.dat
1 71 -60 8 80 -1 0 0 0 1 0 0 0 -1 3022.dat
1 72 -90 8 80 0 0 1 0 1 0 -1 0 0 44301.dat
1 72 -30 8 80 0 0 1 0 1 0 -1 0 0 44301.dat
0 
0
0 FILE Cave.ldr
0 Cave
0 Name: Cave.ldr
0 Author: R Paluczak
0 Unofficial Model
0 ROTATION CENTER 0 0 0 1 "Custom" 
0 ROTATION CONFIG 0 0
1 72 -30 0 0 1 0 0 0 1 0 0 0 1 3456.dat
1 72 -150 -184 -30 1 0 0 0 1 0 0 0 1 3710.dat
1 72 90 -184 -30 1 0 0 0 1 0 0 0 1 3710.dat
1 72 190 0 -40 1 0 0 0 1 0 0 0 1 3020.dat
1 72 190 0 -120 1 0 0 0 1 0 0 0 1 3020.dat
1 72 90 0 -100 0 0 -1 0 1 0 1 0 0 3020.dat
1 72 -190 0 -60 0 0 -1 0 1 0 1 0 0 3020.dat
1 72 -170 0 -160 -1 0 0 0 1 0 0 0 -1 3020.dat
1 15 -160 -8 0 0 0 -1 0 1 0 1 0 0 3069b.dat
1 15 100 -8 0 0 0 -1 0 1 0 1 0 0 3069b.dat
1 15 -150 -8 40 0 0 -1 0 1 0 1 0 0 3068b.dat
1 15 -90 -8 -40 0 0 -1 0 1 0 1 0 0 3068b.dat
1 15 -140 -72 0 0 0 -1 0 1 0 1 0 0 30499.dat
1 15 -120 -72 40 0 0 -1 0 1 0 1 0 0 30499.dat
1 15 60 -72 40 0 0 1 0 1 0 -1 0 0 30499.dat
1 15 80 -72 0 0 0 1 0 1 0 -1 0 0 30499.dat
1 15 -180 -88 -160 0 0 1 0 1 0 -1 0 0 30499.dat
1 15 -156.667 -17 -114.955 0.83147 0.55557 0 0 0 1 0.55557 -0.83147 0 6260.dat
1 15 -140.537 -17 -157.095 0.83147 0.55557 0 0 0 1 0.55557 -0.83147 0 6266.dat
1 15 -123.907 -17 -145.983 0.83147 0.51328 -0.212608 0 0.382683 0.92388 0.55557 -0.768178 0.31819 6266.dat
1 15 -170 -17 -95 0.83147 0.55557 0 0 0 1 0.55557 -0.83147 0 82359.dat
1 15 -171.07 -17 -132.998 -0.922864 -0.0185138 -0.384681 0.00733007 -0.999507 0.0305189 -0.385056 0.025345 0.922545 6265.dat
1 15 -134.486 -17 -108.553 0.709886 -0.153798 -0.687319 -0.00668578 0.974352 -0.224931 0.704285 0.164271 0.690651 6265.dat
1 43 149.515 -59.643 -100.35 0 -0.85264 -0.522499 0 -0.522499 0.85264 -1 0 0 577c03.dat
1 15 50 -8 -40 0 0 -1 0 1 0 1 0 0 3068b.dat
1 15 170 -16 -40 0 0 -1 0 1 0 1 0 0 3068b.dat
1 15 220 -128 -40 0 0 -1 0 1 0 1 0 0 2454.dat
1 15 -180 -152 -60 0 0 -1 0 1 0 1 0 0 2454.dat
1 15 -170 -152 -30 -1 0 0 0 1 0 0 0 -1 2454.dat
1 15 80 -192 0 0 0 -1 0 1 0 1 0 0 2454.dat
1 15 60 -192 40 0 0 -1 0 1 0 1 0 0 2454.dat
1 15 -120 -192 40 0 0 -1 0 1 0 1 0 0 2454.dat
1 15 -140 -192 0 0 0 -1 0 1 0 1 0 0 2454.dat
1 15 220 -152 -30 0 0 1 0 1 0 -1 0 0 3040b.dat
1 15 -180 -32 -70 1 0 0 0 1 0 0 0 1 3040b.dat
1 15 60 -248 50 1 0 0 0 1 0 0 0 1 3040b.dat
1 15 -120 -248 50 0 0 -1 0 1 0 1 0 0 3040b.dat
1 15 -180 -112 -170 -1 0 0 0 1 0 0 0 -1 3040b.dat
1 15 -180 -176 -30 1 0 0 0 1 0 0 0 1 3040b.dat
1 15 -160 -32 -30 0 0 -1 0 1 0 1 0 0 3040b.dat
1 15 -180 -32 -40 0 0 1 0 1 0 -1 0 0 3039.dat
1 15 -120 -216 20 0 0 1 0 1 0 -1 0 0 3039.dat
1 15 60 -216 20 0 0 -1 0 1 0 1 0 0 3039.dat
1 15 60 -216 -20 0 0 -1 0 1 0 1 0 0 3298.dat
1 15 -120 -216 -20 0 0 1 0 1 0 -1 0 0 3298.dat
1 15 -30 -224 0 1 0 0 0 1 0 0 0 1 3033.dat
1 15 -200 -16 -160 0 0 1 0 1 0 -1 0 0 3023.dat
1 15 -100 -196 -48 0 0 1 1 0 0 0 1 0 3023.dat
1 15 -100 -176 -56 0 0 1 1 0 0 0 1 0 3069b.dat
1 15 -90 -206 -56 1 0 0 0 0 -1 0 1 0 3069b.dat
1 15 -80 -206 -48 1 0 0 0 0 -1 0 1 0 49673.dat
1 15 -100 -166 -48 1 0 0 0 0 -1 0 1 0 49673.dat
1 15 20 -196 -48 0 0 1 1 0 0 0 1 0 3023.dat
1 15 20 -176 -56 0 0 1 1 0 0 0 1 0 3069b.dat
1 15 30 -206 -56 1 0 0 0 0 -1 0 1 0 3069b.dat
1 15 40 -206 -48 1 0 0 0 0 -1 0 1 0 49673.dat
1 15 20 -166 -48 1 0 0 0 0 -1 0 1 0 49673.dat
1 15 -170 -192 -30 1 0 0 0 1 0 0 0 1 3023.dat
1 15 -30 -192 -30 1 0 0 0 1 0 0 0 1 60479.dat
1 72 -70 -216 -30 1 0 0 0 1 0 0 0 1 30414.dat
1 72 10 -216 -30 1 0 0 0 1 0 0 0 1 30414.dat
1 15 110 -192 -30 1 0 0 0 1 0 0 0 1 3023.dat
1 71 -180 -16 -160 0 0 -1 0 1 0 1 0 0 88072.dat
1 15 220 -128 -50 -1 0 0 0 1 0 0 0 -1 50746.dat
1 15 -180 -112 -170 -1 0 0 0 1 0 0 0 -1 50746.dat
1 15 -180 -152 -70 1 0 0 0 1 0 0 0 1 50746.dat
1 15 180 -152 -30 0 0 1 0 1 0 -1 0 0 50746.dat
1 15 120 -192 -30 1 0 0 0 1 0 0 0 1 50746.dat
1 15 -120 -224 30 1 0 0 0 1 0 0 0 1 50746.dat
1 15 60 -224 -50 1 0 0 0 1 0 0 0 1 50746.dat
1 15 180 -32 -130 1 0 0 0 1 0 0 0 1 50746.dat
1 15 -180 -192 -30 0 0 -1 0 1 0 1 0 0 50746.dat
1 15 0 -206 -40 0 0 -1 -1 0 0 0 1 0 50746.dat
1 15 -60 -206 -40 0 0 1 1 0 0 0 1 0 50746.dat
1 15 120 -176 -30 0 0 -1 0 1 0 1 0 0 4286.dat
1 15 60 -248 -30 0 0 1 0 1 0 -1 0 0 4286.dat
1 15 -120 -216 50 0 0 -1 0 1 0 1 0 0 3665.dat
1 15 60 -216 50 0 0 1 0 1 0 -1 0 0 3665.dat
1 71 100 -176 -30 0 0 1 0 1 0 -1 0 0 4287.dat
1 71 -160 -176 -30 0 0 -1 0 1 0 1 0 0 4287.dat
1 15 110 -128 -30 1 0 0 0 1 0 0 0 1 2454.dat
1 71 120 -152 -30 1 0 0 0 1 0 0 0 1 3622.dat
1 72 170 -152 -20 -1 0 0 0 1 0 0 0 -1 47847.dat
1 15 210 -16 -100 0 0 -1 0 1 0 1 0 0 3068b.dat
1 15 140 -16 -50 -0.382683 0 -0.92388 0 1 0 0.92388 0 -0.382683 6141.dat
1 15 81.162 -25.15 -65.339 -0.83147 0.552268 0.0604832 0 -0.108867 0.994056 0.55557 0.826528 0.0905195 Spine.ldr
1 15 10 -8 0 0 0 -1 0 1 0 1 0 0 3068b.dat
1 15 -70 -8 40 0 0 -1 0 1 0 1 0 0 3068b.dat
1 15 90 -8 40 0 0 -1 0 1 0 1 0 0 3068b.dat
1 71 -170 -8 -100 0 0 -1 0 1 0 1 0 0 3035.dat
1 71 150 -8 -80 -1 0 0 0 1 0 0 0 -1 3036.dat
1 71 170 -32 -70 -1 0 0 0 1 0 0 0 -1 32064b.dat
1 71 175.41 -30.411 -100 0 -0.540974 0.841039 0 0.841039 0.540974 -1 0 0 2817.dat
1 15 170 -32 -130 -1 0 0 0 1 0 0 0 -1 2458.dat
1 15 179.982 -56.005 -100 0 -0.540974 -0.841039 0 0.841039 -0.540974 1 0 0 3700.dat
1 15 196.803 -45.185 -100 0 -0.540974 -0.841039 0 0.841039 -0.540974 1 0 0 3700.dat
1 15 209.541 -46.504 -100 -0.841039 -0.540974 0 -0.540974 0.841039 0 0 0 -1 87079.dat
1 43 163.644 -55.511 -100 0.540974 -0.841039 0 -0.841039 -0.540974 0 0 0 -1 577bc01.dat
1 72 222.035 -28.957 -100 0 -0.540974 -0.841039 0 0.841039 -0.540974 1 0 0 2654.dat
1 1 170 -22 -80 0 0 -1 0 1 0 1 0 0 3749.dat
0
0 FILE Spine.ldr
0 Spine
0 Name: Spine.ldr
0 Author: R Paluczak
0 Unofficial Model
0 ROTATION CENTER 0 0 0 1 "Custom" 
0 ROTATION CONFIG 0 0
1 19 -40 24 0 1 0 0 0 1 0 0 0 1 4081b.dat
1 71 -40 45 10 1 0 0 0 0 1 0 -1 0 42446.dat
1 15 -40 16 0 1 0 0 0 1 0 0 0 1 6141.dat
1 15 -40 8 0 1 0 0 0 1 0 0 0 1 6141.dat
1 15 -48 26 -20 0 0 -1 -1 0 0 0 1 0 53451.dat
1 15 -32 26 -20 0 0 1 1 0 0 0 1 0 53451.dat
1 15 -48 2 -20 0 0 -1 -1 0 0 0 1 0 53451.dat
1 15 -32 2 -20 0 0 1 1 0 0 0 1 0 53451.dat
1 15 -48 -22 -20 0 0 -1 -1 0 0 0 1 0 53451.dat
1 15 -32 -22 -20 0 0 1 1 0 0 0 1 0 53451.dat
1 15 -48 -46 -20 0 0 -1 -1 0 0 0 1 0 53451.dat
1 15 -32 -46 -20 0 0 1 1 0 0 0 1 0 53451.dat
1 19 -40 0 0 1 0 0 0 1 0 0 0 1 4081b.dat
1 15 -40 -8 0 1 0 0 0 1 0 0 0 1 6141.dat
1 15 -40 -16 0 1 0 0 0 1 0 0 0 1 6141.dat
1 19 -40 -24 0 1 0 0 0 1 0 0 0 1 4081b.dat
1 15 -40 -32 0 1 0 0 0 1 0 0 0 1 6141.dat
1 15 -40 -40 0 1 0 0 0 1 0 0 0 1 6141.dat
1 19 -40 -48 0 1 0 0 0 1 0 0 0 1 4081b.dat
1 15 -40 -56 0 1 0 0 0 1 0 0 0 1 6141.dat
1 15 -40 -64 0 1 0 0 0 1 0 0 0 1 6141.dat
0 
0 
0
0
