0 FILE AT-AT.ldr
0 AT-AT
0 Name: AT-AT.ldr
0 Author: R Paluczak
0 Unofficial Model
0 ROTATION CENTER 0 0 0 1 "Custom" 
0 ROTATION CONFIG 0 0
1 0 -255 -51 0 -1 0 0 0 1 0 0 0 -1 Part 1.ldr
1 0 -267 455 -200 0 0 -1 0 1 0 1 0 0 Part 21.ldr
1 0 200 416 -320 1 0 0 0 1 0 0 0 1 Snowtrooper.ldr
1 0 260 416 -250 1 0 0 0 1 0 0 0 1 Snowtrooper.ldr
1 0 60 416 -290 1 0 0 0 1 0 0 0 1 AT-AT Driver.ldr
1 0 -10 416 -320 1 0 0 0 1 0 0 0 1 General Veers.ldr
1 0 -610 416 -260 0 0 -1 0 1 0 1 0 0 C3PO.ldr
1 0 -510 416 -240 0 0 -1 0 1 0 1 0 0 Hoth Rebel Trooper.ldr
1 0 -580 416 -400 0 0 -1 0 1 0 1 0 0 Han Solo.ldr
1 0 -440 416 -380 0 0 -1 0 1 0 1 0 0 Luke Skywalker.ldr
0
0 FILE Snowtrooper.ldr
0 Snowtrooper
0 Name: Snowtrooper.ldr
0 Author: R Paluczak
0 Unofficial Model
0 ROTATION CENTER 0 0 0 1 "Custom" 
0 ROTATION CONFIG 0 0
1 0 0 -24 0 1 0 0 0 1 0 0 0 1 3626b.dat
1 15 0 0 0 1 0 0 0 1 0 0 0 1 973psk.dat
1 71 0 32 0 1 0 0 0 1 0 0 0 1 3815.dat
1 15 -15.552 9 0 0.985 -0.17 0 0.17 0.985 0 0 0 1 3818.dat
1 15 15.552 9 0 0.985 0.17 0 -0.17 0.985 0 0 0 1 3819.dat
1 15 -23.8634 26.5956 -10.321 0.985 -0.12019 0.12019 0.17 0.696395 -0.696395 0 0.707 0.707 3820.dat
1 15 23.8634 26.5956 -10.321 0.985 0.12019 -0.12019 -0.17 0.696395 -0.696395 0 0.707 0.707 3820.dat
1 0 -24.6826 31.3422 -19.2547 0.985 -0.0874983 0.14567 0.17 0.506976 -0.844031 0 0.856884 0.514696 58247.dat
1 15 0 44 0 1 0 0 0 1 0 0 0 1 3816.dat
1 15 0 44 0 1 0 0 0 1 0 0 0 1 3817.dat
1 15 0 -24 0 1 0 0 0 1 0 0 0 1 44360.dat
0
0 FILE AT-AT Driver.ldr
0 AT-AT Driver
0 Name: AT-AT Driver.ldr
0 Author: R Paluczak
0 Unofficial Model
0 ROTATION CENTER 0 0 0 1 "Custom" 
0 ROTATION CONFIG 0 0
1 15 0 -24 0 1 0 0 0 1 0 0 0 1 30408p02.dat
1 0 0 -24 0 1 0 0 0 1 0 0 0 1 3626b.dat
1 15 0 0 0 1 0 0 0 1 0 0 0 1 973psk.dat
1 71 0 32 0 1 0 0 0 1 0 0 0 1 3815.dat
1 72 -15.552 9 0 0.985 -0.17 0 0.17 0.985 0 0 0 1 3818.dat
1 72 15.552 9 0 0.985 0.17 0 -0.17 0.985 0 0 0 1 3819.dat
1 15 -23.8634 26.5956 -10.321 0.985 -0.12019 0.12019 0.17 0.696395 -0.696395 0 0.707 0.707 3820.dat
1 15 23.8634 26.5956 -10.321 0.985 0.12019 -0.12019 -0.17 0.696395 -0.696395 0 0.707 0.707 3820.dat
1 72 0 44 0 1 0 0 0 1 0 0 0 1 3816.dat
1 72 0 44 0 1 0 0 0 1 0 0 0 1 3817.dat
0
0 FILE General Veers.ldr
0 General Veers
0 Name: General Veers.ldr
0 Author: R Paluczak
0 Unofficial Model
0 ROTATION CENTER 0 0 0 1 "Custom" 
0 ROTATION CONFIG 0 0
1 71 0 -24 0 1 0 0 0 1 0 0 0 1 57900.dat
1 78 0 -24 0 1 0 0 0 1 0 0 0 1 3626bps3.dat
1 72 0 0 0 1 0 0 0 1 0 0 0 1 973psq.dat
1 72 0 32 0 1 0 0 0 1 0 0 0 1 3815.dat
1 72 -15.552 9 0 0.985 -0.17 0 0.17 0.985 0 0 0 1 3818.dat
1 72 15.552 9 0 0.985 0.17 0 -0.17 0.985 0 0 0 1 3819.dat
1 0 -23.8634 26.5956 -10.321 0.985 -0.12019 0.12019 0.17 0.696395 -0.696395 0 0.707 0.707 3820.dat
1 0 23.8634 26.5956 -10.321 0.985 0.12019 -0.12019 -0.17 0.696395 -0.696395 0 0.707 0.707 3820.dat
1 0 -24.6826 31.3422 -19.2547 0.985 -0.0874983 0.14567 0.17 0.506976 -0.844031 0 0.856884 0.514696 58247.dat
1 72 0 44 0 1 0 0 0 1 0 0 0 1 3816.dat
1 72 0 44 0 1 0 0 0 1 0 0 0 1 3817.dat
0
0 FILE C3PO.ldr
0 C3PO
0 Name: C3PO.ldr
0 Author: R Paluczak
0 Unofficial Model
0 ROTATION CENTER 0 0 0 1 "Custom" 
0 ROTATION CONFIG 0 0
1 297 0 0 0 1 0 0 0 1 0 0 0 1 30480.dat
1 297 0 0 0 1 0 0 0 1 0 0 0 1 973psr.dat
1 297 0 32 0 1 0 0 0 1 0 0 0 1 3815.dat
1 297 -15.552 9 0 0.985 -0.17 0 0.17 0.985 0 0 0 1 3818.dat
1 297 15.552 9 0 0.985 0.17 0 -0.17 0.985 0 0 0 1 3819.dat
1 297 -23.8634 26.5956 -10.321 0.985 -0.12019 0.12019 0.17 0.696395 -0.696395 0 0.707 0.707 3820.dat
1 297 23.8634 26.5956 -10.321 0.985 0.12019 -0.12019 -0.17 0.696395 -0.696395 0 0.707 0.707 3820.dat
1 297 0 44 0 1 0 0 0 1 0 0 0 1 3816.dat
1 297 0 44 0 1 0 0 0 1 0 0 0 1 3817.dat
0
0 FILE Hoth Rebel Trooper.ldr
0 Hoth Rebel Trooper
0 Name: Hoth Rebel Trooper.ldr
0 Author: R Paluczak
0 Unofficial Model
0 ROTATION CENTER 0 0 0 1 "Custom" 
0 ROTATION CONFIG 0 0
1 19 0 -26 0 1 0 0 0 1 0 0 0 1 30171.dat
1 78 0 -25 0 1 0 0 0 1 0 0 0 1 3626bps3.dat
1 15 0 0 0 1 0 0 0 1 0 0 0 1 2524.dat
1 15 0 -18 0 1 0 0 0 0.707107 0.707107 0 -0.707107 0.707107 30170.dat
1 19 0 0 0 1 0 0 0 1 0 0 0 1 973psh.dat
1 28 0 32 0 1 0 0 0 1 0 0 0 1 3815.dat
1 19 -15.552 9 0 0.985 -0.17 0 0.17 0.985 0 0 0 1 3818.dat
1 19 15.552 9 0 0.985 0.17 0 -0.17 0.985 0 0 0 1 3819.dat
1 15 -23.8634 26.5956 -10.321 0.985 -0.12019 0.12019 0.17 0.696395 -0.696395 0 0.707 0.707 3820.dat
1 15 23.8634 26.5956 -10.321 0.985 0.12019 -0.12019 -0.17 0.696395 -0.696395 0 0.707 0.707 3820.dat
1 0 -24.6826 31.3422 -19.2547 0.985 -0.0874983 0.14567 0.17 0.506976 -0.844031 0 0.856884 0.514696 58247.dat
1 28 0 44 0 1 0 0 0 1 0 0 0 1 3816.dat
1 28 0 44 0 1 0 0 0 1 0 0 0 1 3817.dat
0
0 FILE Han Solo.ldr
0 Han Solo
0 Name: Han Solo.ldr
0 Author: R Paluczak
0 Unofficial Model
0 ROTATION CENTER 0 0 0 1 "Custom" 
0 ROTATION CONFIG 0 0
1 70 0 -24 0 1 0 0 0 1 0 0 0 1 3901.dat
1 78 0 -24 0 1 0 0 0 1 0 0 0 1 3626bps2.dat
1 272 0 0 0 1 0 0 0 1 0 0 0 1 973pr5.dat
1 70 0 32 0 1 0 0 0 1 0 0 0 1 3815.dat
1 272 -15.552 9 0 0.985 -0.17 0 0.17 0.985 0 0 0 1 3818.dat
1 272 15.552 9 0 0.985 0.17 0 -0.17 0.985 0 0 0 1 3819.dat
1 78 -23.8634 26.5956 -10.321 0.985 -0.12019 0.12019 0.17 0.696395 -0.696395 0 0.707 0.707 3820.dat
1 78 23.8634 26.5956 -10.321 0.985 0.12019 -0.12019 -0.17 0.696395 -0.696395 0 0.707 0.707 3820.dat
1 0 -24.6826 31.3422 -19.2547 0.985 -0.0874983 0.14567 0.17 0.506976 -0.844031 0 0.856884 0.514696 58247.dat
1 70 0 44 0 1 0 0 0 1 0 0 0 1 3816.dat
1 70 0 44 0 1 0 0 0 1 0 0 0 1 3817.dat
0
0 FILE Luke Skywalker.ldr
0 Luke Skywalker
0 Name: Luke Skywalker.ldr
0 Author: R Paluczak
0 Unofficial Model
0 ROTATION CENTER 0 0 0 1 "Custom" 
0 ROTATION CONFIG 0 0
1 15 0 -24 0 1 0 0 0 1 0 0 0 1 30370ps2.dat
1 78 0 -24 0 1 0 0 0 1 0 0 0 1 3626bps2.dat
1 25 0 0 0 1 0 0 0 1 0 0 0 1 973pr8.dat
1 72 0 32 0 1 0 0 0 1 0 0 0 1 3815.dat
1 25 -15.552 9 0 0.985 -0.17 0 0.17 0.985 0 0 0 1 3818.dat
1 25 15.552 9 0 0.985 0.17 0 -0.17 0.985 0 0 0 1 3819.dat
1 0 -23.8634 26.5956 -10.321 0.985 -0.12019 0.12019 0.17 0.696395 -0.696395 0 0.707 0.707 3820.dat
1 0 23.8634 26.5956 -10.321 0.985 0.12019 -0.12019 -0.17 0.696395 -0.696395 0 0.707 0.707 3820.dat
1 43 -23.1951 22.7236 -33.8217 0.985 -0.0874983 0.14567 0.17 0.506976 -0.844031 0 0.856884 0.514696 577c01.dat
1 25 0 44 0 1 0 0 0 1 0 0 0 1 3816.dat
1 25 0 44 0 1 0 0 0 1 0 0 0 1 3817.dat
0
0 FILE Part 1.ldr
0 Part 1
0 Name: Part 1.ldr
0 Author: R Paluczak
0 Unofficial Model
0 ROTATION CENTER 0 0 0 1 "Custom" 
0 ROTATION CONFIG 0 0
1 71 -30 16 0 1 0 0 0 1 0 0 0 1 40345.dat
1 71 -270 546 70 1 0 0 0 1 0 0 0 1 Part 3.ldr
1 71 50 546 -70 -1 0 0 0 1 0 0 0 -1 Part 3.ldr
1 71 -110 8 0 0 0 -1 0 1 0 1 0 0 3032.dat
1 71 -240 -256 0 0 0 -1 0 1 0 1 0 0 3009.dat
1 71 -240 -264 0 0 0 1 0 1 0 -1 0 0 2436a.dat
1 71 -254 -254 10 0 1 0 0 0 1 1 0 0 50746.dat
1 71 -254 -254 30 0 1 0 0 0 1 1 0 0 50746.dat
1 71 -254 -254 -10 0 1 0 0 0 1 1 0 0 50746.dat
1 71 -254 -254 -30 0 1 0 0 0 1 1 0 0 50746.dat
1 71 -20 -264 0 0 0 -1 0 1 0 1 0 0 2436a.dat
1 71 -6 -254 -10 0 -1 0 0 0 1 -1 0 0 50746.dat
1 71 -6 -254 -30 0 -1 0 0 0 1 -1 0 0 50746.dat
1 71 -6 -254 10 0 -1 0 0 0 1 -1 0 0 50746.dat
1 71 -6.001 -254 30 0 -1 0 0 0 1 -1 0 0 50746.dat
1 71 -20 -256 0 0 0 -1 0 1 0 1 0 0 3009.dat
1 71 -130 -256 0 1 0 0 0 1 0 0 0 1 3006.dat
1 71 -130 -272 -40 1 0 0 0 1 0 0 0 1 3029.dat
1 71 -130 -272 40 1 0 0 0 1 0 0 0 1 3029.dat
1 71 -130 -80 0 0 0 1 0 1 0 -1 0 0 Part 20.ldr
1 71 -280 26 0 0 0 1 0 1 0 -1 0 0 60208.dat
1 71 60 26 0 0 0 -1 0 1 0 1 0 0 60208.dat
1 71 80 26 0 0 0 -1 0 1 0 1 0 0 60208.dat
1 71 140 6 0 0 -1 0 -1 0 0 0 0 -1 Part 9.ldr
1 72 -300 26 0 0 1 0 0 0 -1 -1 0 0 32523.dat
1 72 -326 26 0 0 1 0 0 0 -1 -1 0 0 43898.dat
1 71 -220 -184 0 0 0 -1 0 1 0 1 0 0 6182.dat
1 71 -40 -184 0 0 0 -1 0 1 0 1 0 0 6182.dat
1 71 -50 -24 0 0 0 -1 0 1 0 1 0 0 3795.dat
1 71 -210 -24 0 0 0 -1 0 1 0 1 0 0 3795.dat
1 71 -220 -48 -40 0 0 -1 0 1 0 1 0 0 3004.dat
1 71 -260 -16 0 0 0 -1 0 1 0 1 0 0 3004.dat
1 72 -270 -24 0 0 0 1 0 1 0 -1 0 0 3176.dat
1 72 -270 -32 0 0 0 1 0 1 0 -1 0 0 3176.dat
1 72 -270 -64 0 0 0 1 0 1 0 -1 0 0 3176.dat
1 71 -220 -48 40 0 0 -1 0 1 0 1 0 0 3004.dat
1 71 -40 -48 -40 0 0 -1 0 1 0 1 0 0 3004.dat
1 71 -40 -48 40 0 0 -1 0 1 0 1 0 0 3004.dat
1 71 -200 -48 0 0 0 -1 0 1 0 1 0 0 3895.dat
1 71 -40 -115.654 125.176 0 0 -1 0.97437 0.224951 0 0.224951 -0.97437 0 Part 2.ldr
1 71 -220 -115.654 -125.176 0 0 1 0.97437 0.224951 0 -0.224951 0.97437 0 Part 7.ldr
1 71 -220 -224 0 0 0 -1 0 1 0 1 0 0 3701.dat
1 71 -40 -224 0 0 0 -1 0 1 0 1 0 0 3701.dat
1 71 -60 -48 0 0 0 -1 0 1 0 1 0 0 3895.dat
1 71 -110 40 0 0 0 -1 0 1 0 1 0 0 3032.dat
1 72 -260 40 0 0 0 -1 0 1 0 1 0 0 3666.dat
1 72 40 40 0 0 0 -1 0 1 0 1 0 0 3666.dat
1 72 -260 8 0 0 0 -1 0 1 0 1 0 0 3666.dat
1 72 -210 -136 0 0 0 -1 0 1 0 1 0 0 3020.dat
1 72 -230 -232 0 0 0 -1 0 1 0 1 0 0 3020.dat
1 72 -240 -264 -50 0 0 -1 0 1 0 1 0 0 3024.dat
1 72 -240 -264 50 0 0 -1 0 1 0 1 0 0 3024.dat
1 72 -20 -264 50 0 0 -1 0 1 0 1 0 0 3024.dat
1 72 -20 -264 -50 0 0 -1 0 1 0 1 0 0 3024.dat
0 MLCAD BTG Group name
1 14 -60 -223.466 -37.619 0 -1 0 -0.880891 0 -0.47332 0.47332 0 -0.880891 32523.dat
1 72 -30 -232 0 0 0 -1 0 1 0 1 0 0 3020.dat
1 72 -220 -192 0 0 0 -1 0 1 0 1 0 0 3710.dat
1 72 -40 -192 0 0 0 -1 0 1 0 1 0 0 3710.dat
1 72 -50 -136 0 0 0 -1 0 1 0 1 0 0 3020.dat
1 72 40 8 0 0 0 -1 0 1 0 1 0 0 3666.dat
1 72 -20 -94 0 0 1 0 0 0 1 1 0 0 41239.dat
1 72 -240 -94 0 0 1 0 0 0 1 1 0 0 41239.dat
1 71 -190 16 0 1 0 0 0 1 0 0 0 1 40345.dat
1 71 -470 -8 0 1 0 0 0 1 0 0 0 1 Part 13.ldr
0 MLCAD BTG Group name4
1 19 -170 28 -88 -1 0 0 0 0 1 0 1 0 3003.dat
0 MLCAD BTG Group name4
1 71 -190 18 -96 -1 0 0 0 0 1 0 1 0 2431.dat
0 MLCAD BTG Group name4
1 71 -190 48 -96 0 0 -1 -1 0 0 0 1 0 41769.dat
0 MLCAD BTG Group name4
1 0 -160 38 -104 0 0 -1 -1 0 0 0 1 0 6141.dat
0 MLCAD BTG Group name4
1 72 -160 38 -112 0 0 -1 -1 0 0 0 1 0 43898.dat
0 GROUP 5 Group name4
1 19 -50 28 88 1 0 0 0 0 1 0 -1 0 3003.dat
1 71 -30 18 96 1 0 0 0 0 1 0 -1 0 2431.dat
1 71 -30 48 95.999 0 0 1 -1 0 0 0 -1 0 41769.dat
1 0 -60 38 104 0 0 1 -1 0 0 0 -1 0 6141.dat
1 72 -60 38 112 0 0 1 -1 0 0 0 -1 0 43898.dat
0 MLCAD BTG Group name3
1 19 -50 28 -88 1 0 0 0 0 -1 0 1 0 3003.dat
0 MLCAD BTG Group name3
1 71 -30 18 -96 1 0 0 0 0 -1 0 1 0 2431.dat
0 MLCAD BTG Group name3
1 71 -30 48 -96 0 0 1 1 0 0 0 1 0 41770.dat
0 MLCAD BTG Group name3
1 0 -60 38 -104 0 0 1 1 0 0 0 1 0 6141.dat
0 MLCAD BTG Group name3
1 72 -60 38 -112 0 0 1 1 0 0 0 1 0 43898.dat
0 GROUP 5 Group name3
1 19 -170 28 88 -1 0 0 0 0 -1 0 -1 0 3003.dat
1 71 -190 18 96 -1 0 0 0 0 -1 0 -1 0 2431.dat
1 71 -190 48 96 0 0 -1 1 0 0 0 -1 0 41770.dat
1 0 -160 38 104 0 0 -1 1 0 0 0 -1 0 6141.dat
1 72 -160 38 112 0 0 -1 1 0 0 0 -1 0 43898.dat
1 71 90 546 70 1 0 0 0 1 0 0 0 1 Part 4.ldr
1 71 -310 546 -70 -1 0 0 0 1 0 0 0 -1 Part 4.ldr
1 0 -110 26 0 1 0 0 0 1 0 0 0 1 2780.dat
1 0 30 26 0 1 0 0 0 1 0 0 0 1 3708.dat
1 0 -250 26 -60 0 0 -1 0 1 0 1 0 0 2780.dat
1 0 -210 -38 -100 1 0 0 0 0.898794 0.438371 0 -0.438371 0.898794 2780.dat
1 0 -230 -54 0 1 0 0 0 1 0 0 0 1 2780.dat
1 4 -220 -32 0 0 0 -1 0 1 0 1 0 0 32530.dat
1 4 -240 -214 0 1 0 0 0 1 0 0 0 1 32054.dat
1 4 -260 -94 0 1 0 0 0 1 0 0 0 1 32054.dat
1 4 -290 -94 0 1 0 0 0 1 0 0 0 1 32062.dat
1 1 -260 26 0 1 0 0 0 1 0 0 0 1 6558.dat
1 1 -300 -44 0 0 1 0 -1 0 0 0 0 1 6558.dat
1 4 -20 -214 0 -1 0 0 0 1 0 0 0 -1 32054.dat
1 0 -210 -214 -20 1 0 0 0 0.894934 0.446198 0 -0.446198 0.894934 2780.dat
1 0 -210 -214 20 1 0 0 0 0.882948 -0.469472 0 0.469472 0.882948 2780.dat
1 0 -50 -214 -20 1 0 0 0 0.999534 0.0305385 0 -0.0305385 0.999534 2780.dat
1 0 -50 -214 20 1 0 0 0 1 0 0 0 1 2780.dat
1 0 -50 -38 -100 1 0 0 0 1 0 0 0 1 2780.dat
1 0 -210 -38 100 1 0 0 0 0.97437 -0.224951 0 0.224951 0.97437 2780.dat
1 0 -50 -38 100 1 0 0 0 0.97437 -0.224951 0 0.224951 0.97437 2780.dat
1 0 -210 26 -60 0 0 -1 0 1 0 1 0 0 2780.dat
1 0 -10 26 -60 0 0 -1 0 1 0 1 0 0 2780.dat
1 0 30 26 -60 0 0 -1 0 1 0 1 0 0 2780.dat
1 0 -10 26 60 0 0 -1 0 1 0 1 0 0 2780.dat
1 0 -80 16 0 0 0 -1 0 1 0 1 0 0 32064b.dat
1 0 -170 8 -50 1 0 0 0 1 0 0 0 1 44728.dat
1 0 -170 8 50 -1 0 0 0 1 0 0 0 -1 44728.dat
1 0 -50 8 -50 1 0 0 0 1 0 0 0 1 44728.dat
1 0 -190 -16 -50 1 0 0 0 1 0 0 0 1 3008.dat
1 0 -240 -208 -30 1 0 0 0 1 0 0 0 1 6141.dat
1 0 -240 -216 -30 1 0 0 0 1 0 0 0 1 6141.dat
1 0 -240 -208 30 1 0 0 0 1 0 0 0 1 6141.dat
1 0 -240 -216 30 1 0 0 0 1 0 0 0 1 6141.dat
1 0 -20 -216 -30 1 0 0 0 1 0 0 0 1 6141.dat
1 0 -20 -224 -30 1 0 0 0 1 0 0 0 1 6141.dat
1 0 -20 -216 30 1 0 0 0 1 0 0 0 1 6141.dat
1 0 -20 -224 30 1 0 0 0 1 0 0 0 1 6141.dat
1 0 -300 -46 0 0 0 1 1 0 0 0 1 0 32013.dat
1 0 -190 -16 50 1 0 0 0 1 0 0 0 1 3008.dat
1 0 -30 -16 -50 1 0 0 0 1 0 0 0 1 3008.dat
1 0 -30 -16 50 1 0 0 0 1 0 0 0 1 3008.dat
1 0 -210 -56 50 1 0 0 0 1 0 0 0 1 60478.dat
1 0 -210 -56 -50 1 0 0 0 1 0 0 0 1 60478.dat
1 15 -210 -128 -30 1 0 0 0 1 0 0 0 1 30499.dat
1 15 -210 -128 30 -1 0 0 0 1 0 0 0 -1 30499.dat
1 15 -240 -224 30 0 0 1 0 1 0 -1 0 0 6019.dat
1 15 -240 -224 -30 0 0 1 0 1 0 -1 0 0 6019.dat
1 15 -303.742 -218.733 -10 0 0.477159 0.878817 0 0.878817 -0.477159 -1 0 0 Part 8.ldr
1 15 -20 -208 -30 0 0 -1 0 1 0 1 0 0 6019.dat
1 15 30.5 -197.647 110 0 -0.55557 -0.83147 0 0.83147 -0.55557 1 0 0 Part 12.ldr
1 15 -20 -208 30 0 0 -1 0 1 0 1 0 0 6019.dat
1 15 -50 -128 -30 1 0 0 0 1 0 0 0 1 30499.dat
1 15 -50 -128 30 -1 0 0 0 1 0 0 0 -1 30499.dat
1 0 -50 -56 -50 -1 0 0 0 1 0 0 0 -1 60478.dat
1 0 -50 -56 50 -1 0 0 0 1 0 0 0 -1 60478.dat
1 0 -50 8 50 -1 0 0 0 1 0 0 0 -1 44728.dat
1 0 30 26 60 0 0 -1 0 1 0 1 0 0 2780.dat
1 0 -290 6 0 1 0 0 0 1 0 0 0 1 2780.dat
1 0 -318 26 0 0 1 0 -1 0 0 0 0 1 6141.dat
1 1 -310 26 0 -1 0 0 0 1 0 0 0 -1 4274.dat
1 0 -290 46 0 1 0 0 0 1 0 0 0 1 2780.dat
1 0 -250 26 60 0 0 -1 0 1 0 1 0 0 2780.dat
1 0 -210 26 60 0 0 -1 0 1 0 1 0 0 2780.dat
1 0 -110 26 20 1 0 0 0 1 0 0 0 1 2780.dat
1 0 -110 26 -20 1 0 0 0 1 0 0 0 1 2780.dat
0 
1 19 -250 -24 50 1 0 0 0 1 0 0 0 1 3023.dat
1 19 -322 -114 0 0 1 0 -1 0 0 0 0 1 3001.dat
1 0 -298 -94 0 0 1 0 -1 0 0 0 0 1 4032b.dat
1 71 -330 -134 30 0 1 0 0 0 1 1 0 0 54384.dat
1 71 -330 -134 -30 0 1 0 0 0 1 1 0 0 54383.dat
1 19 -250 -24 -50 1 0 0 0 1 0 0 0 1 3023.dat
1 19 -270 -56 0 1 0 0 0 1 0 0 0 1 6143.dat
1 19 -40 -200 -30 1 0 0 0 1 0 0 0 1 2420.dat
1 19 -40 -200 30 0 0 1 0 1 0 -1 0 0 2420.dat
1 19 -220 -200 30 -1 0 0 0 1 0 0 0 -1 2420.dat
1 19 -220 -200 -30 0 0 -1 0 1 0 1 0 0 2420.dat
1 19 -40 -264 -30 1 0 0 0 1 0 0 0 1 2420.dat
1 19 -40 -264 30 0 0 1 0 1 0 -1 0 0 2420.dat
1 19 -220 -264 30 -1 0 0 0 1 0 0 0 -1 2420.dat
1 19 -220 -264 -30 0 0 -1 0 1 0 1 0 0 2420.dat
1 19 -210 -56 -30 1 0 0 0 1 0 0 0 1 3023.dat
1 19 -50 -56 -30 1 0 0 0 1 0 0 0 1 3023.dat
1 19 -210 -56 30 1 0 0 0 1 0 0 0 1 3023.dat
1 19 -50 -56 30 1 0 0 0 1 0 0 0 1 3023.dat
1 71 -130 -24 50 1 0 0 0 1 0 0 0 1 6636.dat
1 71 -130 -24 -50 1 0 0 0 1 0 0 0 1 6636.dat
1 4 -260 -72 0 0 0 -1 0 1 0 1 0 0 32530.dat
0 MLCAD BTG Group name2
1 14 -60 -223.389 37.66 0 -1 0 -0.882948 0 0.469472 -0.469472 0 -0.882948 32523.dat
0 MLCAD BTG Group name
1 14 -200 -223.466 -37.619 0 -1 0 -0.880891 0 -0.47332 0.47332 0 -0.880891 32523.dat
0 GROUP 2 Group name
0 MLCAD BTG Group name2
1 14 -200 -223.389 37.66 0 -1 0 -0.882948 0 0.469472 -0.469472 0 -0.882948 32523.dat
0 GROUP 2 Group name2
0
0 FILE Part 2.ldr
0 Part 2
0 Name: Part 2.ldr
0 Author: R Paluczak
0 Unofficial Model
0 ROTATION CENTER 0 0 0 1 "Custom" 
0 ROTATION CONFIG 0 0
1 71 -30 32 0 1 0 0 0 1 0 0 0 1 3895.dat
1 71 -30 16 0 1 0 0 0 1 0 0 0 1 60479.dat
1 71 30 8 0 1 0 0 0 1 0 0 0 1 6636.dat
1 71 -90 8 90 0 0 -1 0 1 0 1 0 0 6178.dat
1 71 30 -24 110 0 0 -1 0 1 0 1 0 0 Part 19.ldr
1 72 -60 0 200 1 0 0 0 1 0 0 0 1 44300.dat
1 72 -60 0 -20 1 0 0 0 1 0 0 0 1 44300.dat
1 19 70 24 0 1 0 0 0 1 0 0 0 1 48336.dat
1 19 -30 24 0 1 0 0 0 1 0 0 0 1 48336.dat
1 0 20 24 0 1 0 0 0 1 0 0 0 1 3623.dat
1 0 -120 24 0 1 0 0 0 1 0 0 0 1 3623.dat
1 0 -130 42 10 0 0 -1 0 1 0 1 0 0 2780.dat
1 71 -30 32 180 1 0 0 0 1 0 0 0 1 3895.dat
1 71 -30 16 180 1 0 0 0 1 0 0 0 1 60479.dat
1 71 30 8 180 1 0 0 0 1 0 0 0 1 6636.dat
1 71 30 30.023 -164.014 0 0 1 0.263031 0.964787 0 -0.964787 0.263031 0 Part 10.ldr
1 71 40 50.677 243.898 1 0 0 0 0.92388 0.382683 0 -0.382683 0.92388 Part 5.ldr
1 19 70 24 180 -1 0 0 0 1 0 0 0 -1 48336.dat
1 19 -30 24 180 -1 0 0 0 1 0 0 0 -1 48336.dat
1 0 20 24 180 1 0 0 0 1 0 0 0 1 3623.dat
1 0 -120 24 180 1 0 0 0 1 0 0 0 1 3623.dat
1 0 -130 42 170 0 0 -1 0 1 0 1 0 0 2780.dat
0
0 FILE Part 3.ldr
0 Part 3
0 Name: Part 3.ldr
0 Author: R Paluczak
0 Unofficial Model
0 ROTATION CENTER 0 0 0 1 "Custom" 
0 ROTATION CONFIG 0 0
1 72 -20 -16 0 1 0 0 0 1 0 0 0 1 3034.dat
1 72 -21 -399 18 0 0 -1 1 0 0 0 -1 0 3035.dat
1 71 -51 -359 26 0 0 -1 1 0 0 0 -1 0 2431.dat
1 71 9 -359 26 0 0 -1 1 0 0 0 -1 0 2431.dat
1 71 -21 -439 26 -1 0 0 0 0 -1 0 -1 0 6179.dat
1 71 -20 -520 34 -1 0 0 0 0 -1 0 -1 0 30065.dat
1 72 -20 -220 18 0 0 1 -1 0 0 0 -1 0 3034.dat
1 71 -20 -140 26 0 0 1 -1 0 0 0 -1 0 3709b.dat
1 71 -20 -160 34 1 0 0 0 0 1 0 -1 0 51739.dat
1 72 -6 -400 -10 0 1 0 1 0 0 0 0 -1 3034.dat
1 72 -38 -400 -10 0 1 0 1 0 0 0 0 -1 3034.dat
1 72 -70 -440 0 0 1 0 1 0 0 0 0 -1 3710.dat
1 72 2 -200 0 0 1 0 1 0 0 0 0 -1 3710.dat
1 72 -6 -200 -10 0 1 0 1 0 0 0 0 -1 3020.dat
1 72 -46 -200 0 0 1 0 1 0 0 0 0 -1 3710.dat
1 71 -54 -200 0 0 1 0 1 0 0 0 0 -1 2431.dat
1 72 -38 -200 -10 0 1 0 1 0 0 0 0 -1 3020.dat
1 72 -20 -16 -40 1 0 0 0 1 0 0 0 1 3022.dat
1 71 -20 -24 0 0 0 -1 0 1 0 1 0 0 3795.dat
1 71 -20 -64 0 0 0 -1 0 1 0 1 0 0 45729.dat
1 71 -20 -88 0 0 0 -1 0 1 0 1 0 0 6222.dat
1 71 -70 -88 0 0 0 -1 0 1 0 1 0 0 6541.dat
1 72 30 -96 0 0 0 -1 0 1 0 1 0 0 3024.dat
1 72 -38 -310 -20 0 1 0 0 0 -1 -1 0 0 3024.dat
1 72 -20 -280 0 -1 0 0 0 0 1 0 1 0 44224.dat
1 71 -20 -280 0 -1 0 0 0 0 -1 0 -1 0 44225.dat
1 72 -20 -520 0 0 0 1 1 0 0 0 1 0 44224.dat
1 71 -20 -520 0 1 0 0 0 0 1 0 -1 0 44225.dat
1 72 -38 -250 -20 0 1 0 0 0 -1 -1 0 0 3024.dat
1 72 -70 -96 0 0 0 -1 0 1 0 1 0 0 3024.dat
1 71 -20 -144 0 -1 0 0 0 1 0 0 0 -1 6183.dat
1 71 -30 -180 -20 0 1 0 -1 0 0 0 0 1 3702.dat
1 71 30 -88 0 0 0 -1 0 1 0 1 0 0 6541.dat
1 71 -30 -420 -20 0 1 0 1 0 0 0 0 -1 3895.dat
1 71 -30 -400 0 0 1 0 1 0 0 0 0 -1 3004.dat
1 71 -62 -440 0 0 1 0 1 0 0 0 0 -1 30414.dat
1 71 -62 -360 0 0 1 0 1 0 0 0 0 -1 30414.dat
1 71 -78 -440 0 0 1 0 1 0 0 0 0 -1 2431.dat
1 71 -70 -360 0 0 1 0 1 0 0 0 0 -1 2431.dat
1 1 -20 -120 0 0 0 -1 0 1 0 1 0 0 6558.dat
1 1 -20 -520 10 0 0 -1 0 1 0 1 0 0 43093.dat
1 1 -20 -280 10 0 0 -1 0 1 0 1 0 0 4274.dat
1 1 -20 -220 10 0 0 -1 0 1 0 1 0 0 4274.dat
1 0 -20 -66 0 0 0 -1 -1 0 0 0 1 0 3705.dat
1 0 -20 -120 0 0 -1 0 0 0 -1 1 0 0 32013.dat
1 0 20 -78 0 1 0 0 0 0 -1 0 1 0 2780.dat
1 0 -20 -240 -10 0 0 -1 0 -1 0 -1 0 0 2780.dat
1 0 -60 -78 0 1 0 0 0 0 -1 0 1 0 2780.dat
1 0 -20 -78 -38 0 -1 0 0 0 -1 1 0 0 6628.dat
1 72 -20 -79.1 -48.4 -1 0 0 0 -0.0697565 -0.997564 0 -0.997564 0.0697565 2739a.dat
1 0 -20 -180 -30 0 -1 0 0 0 -1 1 0 0 6628.dat
1 19 -20 -48 0 0 0 -1 0 1 0 1 0 0 6143.dat
1 0 -20 -56 0 0 0 -1 0 1 0 1 0 0 4032b.dat
1 71 10 -48 30 0 0 -1 0 1 0 1 0 0 2462.dat
1 71 -50 -48 30 -1 0 0 0 1 0 0 0 -1 2462.dat
1 71 -50 -48 -30 0 0 1 0 1 0 -1 0 0 2462.dat
1 71 10 -48 -30 1 0 0 0 1 0 0 0 1 2462.dat
1 71 40 -24 0 0 0 -1 0 1 0 1 0 0 48183.dat
1 71 -80 -24 0 0 0 1 0 1 0 -1 0 0 48183.dat
1 71 -20 -16 60 -1 0 0 0 1 0 0 0 -1 48183.dat
1 0 -20 -200 -10 0 0 -1 0 -1 0 -1 0 0 2780.dat
1 0 -20 -440 -10 0 -1 0 0 0 -1 1 0 0 2780.dat
1 0 -20 -480 -10 0 -1 0 0 0 -1 1 0 0 2780.dat
1 0 -20 -320 -10 0 -1 0 0 0 -1 1 0 0 2780.dat
1 0 -20 -360 -10 0 -1 0 0 0 -1 1 0 0 2780.dat
1 71 -20 -280 34 -1 0 0 0 0 -1 0 -1 0 30065.dat
0
0 FILE Part 4.ldr
0 Part 4
0 Name: Part 4.ldr
0 Author: R Paluczak
0 Unofficial Model
0 ROTATION CENTER 0 0 0 1 "Custom" 
0 ROTATION CONFIG 0 0
1 72 -20 -16 0 1 0 0 0 1 0 0 0 1 3034.dat
1 72 -21 -399 18 0 0 -1 1 0 0 0 -1 0 3035.dat
1 71 -51 -359 26 0 0 -1 1 0 0 0 -1 0 2431.dat
1 71 9 -359 26 0 0 -1 1 0 0 0 -1 0 2431.dat
1 71 -21 -439 26 -1 0 0 0 0 -1 0 -1 0 6179.dat
1 71 -20 -520 34 -1 0 0 0 0 -1 0 -1 0 30065.dat
1 72 -20 -220 18 0 0 1 -1 0 0 0 -1 0 3034.dat
1 71 -20 -140 26 0 0 1 -1 0 0 0 -1 0 3709b.dat
1 71 -20 -160 34 1 0 0 0 0 1 0 -1 0 51739.dat
1 72 -34 -400 -10 0 -1 0 1 0 0 0 0 1 3034.dat
1 72 -2 -400 -10 0 -1 0 1 0 0 0 0 1 3034.dat
1 72 30 -440 0 0 -1 0 1 0 0 0 0 1 3710.dat
1 72 6 -200 0 0 -1 0 1 0 0 0 0 1 3710.dat
1 72 -2 -200 -10 0 -1 0 1 0 0 0 0 1 3020.dat
1 72 -42 -200 0 0 -1 0 1 0 0 0 0 1 3710.dat
1 71 14 -200 0 0 -1 0 1 0 0 0 0 1 2431.dat
1 72 -34 -200 -10 0 -1 0 1 0 0 0 0 1 3020.dat
1 72 -20 -16 -40 1 0 0 0 1 0 0 0 1 3022.dat
1 71 -20 -24 0 0 0 -1 0 1 0 1 0 0 3795.dat
1 71 -20 -64 0 0 0 -1 0 1 0 1 0 0 45729.dat
1 71 -20 -88 0 0 0 -1 0 1 0 1 0 0 6222.dat
1 71 -70 -88 0 0 0 -1 0 1 0 1 0 0 6541.dat
1 72 30 -96 0 0 0 -1 0 1 0 1 0 0 3024.dat
1 72 -2 -310 -20 0 -1 0 0 0 -1 1 0 0 3024.dat
1 72 -20 -280 0 -1 0 0 0 0 1 0 1 0 44224.dat
1 71 -20 -280 0 -1 0 0 0 0 -1 0 -1 0 44225.dat
1 72 -20 -520 0 0 0 -1 -1 0 0 0 1 0 44224.dat
1 71 -20 -520 0 1 0 0 0 0 1 0 -1 0 44225.dat
1 72 -2 -250 -20 0 -1 0 0 0 -1 1 0 0 3024.dat
1 72 -70 -96 0 0 0 -1 0 1 0 1 0 0 3024.dat
1 71 -20 -144 0 -1 0 0 0 1 0 0 0 -1 6183.dat
1 71 -10 -180 -20 0 -1 0 -1 0 0 0 0 -1 3702.dat
1 71 30 -88 0 0 0 -1 0 1 0 1 0 0 6541.dat
1 71 -10 -420 -20 0 -1 0 1 0 0 0 0 1 3895.dat
1 71 -10 -400 0 0 -1 0 1 0 0 0 0 1 3004.dat
1 71 22 -360 0 0 -1 0 -1 0 0 0 0 -1 30414.dat
1 71 22 -440 0 0 -1 0 -1 0 0 0 0 -1 30414.dat
1 71 38 -440 0 0 -1 0 1 0 0 0 0 1 2431.dat
1 71 30 -360 0 0 -1 0 1 0 0 0 0 1 2431.dat
1 1 -20 -120 0 0 0 -1 0 1 0 1 0 0 6558.dat
1 1 -20 -520 10 0 0 -1 0 1 0 1 0 0 43093.dat
1 1 -20 -280 10 0 0 -1 0 1 0 1 0 0 4274.dat
1 1 -20 -220 10 0 0 -1 0 1 0 1 0 0 4274.dat
1 0 -20 -66 0 0 0 -1 -1 0 0 0 1 0 3705.dat
1 0 -20 -120 0 0 -1 0 0 0 -1 1 0 0 32013.dat
1 0 20 -78 0 1 0 0 0 0 -1 0 1 0 2780.dat
1 0 -20 -240 -10 0 0 -1 0 -1 0 -1 0 0 2780.dat
1 0 -60 -78 0 1 0 0 0 0 -1 0 1 0 2780.dat
1 0 -20 -78 -38 0 -1 0 0 0 -1 1 0 0 6628.dat
1 72 -20 -79.1 -48.4 -1 0 0 0 -0.0697565 -0.997564 0 -0.997564 0.0697565 2739a.dat
1 0 -20 -180 -30 0 -1 0 0 0 -1 1 0 0 6628.dat
1 19 -20 -48 0 0 0 -1 0 1 0 1 0 0 6143.dat
1 0 -20 -56 0 0 0 -1 0 1 0 1 0 0 4032b.dat
1 71 10 -48 30 0 0 -1 0 1 0 1 0 0 2462.dat
1 71 -50 -48 30 -1 0 0 0 1 0 0 0 -1 2462.dat
1 71 -50 -48 -30 0 0 1 0 1 0 -1 0 0 2462.dat
1 71 10 -48 -30 1 0 0 0 1 0 0 0 1 2462.dat
1 71 40 -24 0 0 0 -1 0 1 0 1 0 0 48183.dat
1 71 -80 -24 0 0 0 1 0 1 0 -1 0 0 48183.dat
1 71 -20 -16 60 -1 0 0 0 1 0 0 0 -1 48183.dat
1 0 -20 -200 -10 0 0 -1 0 -1 0 -1 0 0 2780.dat
1 0 -20 -440 -10 0 -1 0 0 0 -1 1 0 0 2780.dat
1 0 -20 -480 -10 0 -1 0 0 0 -1 1 0 0 2780.dat
1 0 -20 -320 -10 0 -1 0 0 0 -1 1 0 0 2780.dat
1 0 -20 -360 -10 0 -1 0 0 0 -1 1 0 0 2780.dat
1 71 -20 -280 34 -1 0 0 0 0 -1 0 -1 0 30065.dat
0
0 FILE Part 5.ldr
0 Part 5
0 Name: Part 5.ldr
0 Author: R Paluczak
0 Unofficial Model
0 ROTATION CENTER 0 0 0 1 "Custom" 
0 ROTATION CONFIG 0 0
1 72 -50 0 0 1 0 0 0 1 0 0 0 1 3035.dat
1 72 30 -8 -10 1 0 0 0 1 0 0 0 1 2412b.dat
1 71 -30 -8 40 1 0 0 0 1 0 0 0 1 3035.dat
1 71 -90 -16 0 -1 0 0 0 1 0 0 0 -1 6179.dat
1 71 -10 -16 0 0 0 1 0 1 0 -1 0 0 6179.dat
1 0 -100 -8 -30 1 0 0 0 1 0 0 0 1 6141.dat
1 0 -40 -8 -30 1 0 0 0 1 0 0 0 1 6141.dat
1 71 -70 -8 -30 1 0 0 0 1 0 0 0 1 60470a.dat
1 71 30 -8 -30 1 0 0 0 1 0 0 0 1 60470a.dat
1 71 -140 -8 20 -1 0 0 0 1 0 0 0 -1 54384.dat
0
0 FILE Part 6.ldr
0 Part 6
0 Name: Part 6.ldr
0 Author: R Paluczak
0 Unofficial Model
0 ROTATION CENTER 0 0 0 1 "Custom" 
0 ROTATION CONFIG 0 0
1 72 -10 0 0 1 0 0 0 1 0 0 0 1 3035.dat
1 72 -90 -8 -10 1 0 0 0 1 0 0 0 1 2412b.dat
1 71 -30 -8 40 1 0 0 0 1 0 0 0 1 3035.dat
1 71 -50 -16 0 0 0 -1 0 1 0 1 0 0 6179.dat
1 71 30 -16 0 -1 0 0 0 1 0 0 0 -1 6179.dat
1 0 40 -8 -30 1 0 0 0 1 0 0 0 1 6141.dat
1 0 -20 -8 -30 1 0 0 0 1 0 0 0 1 6141.dat
1 71 -90 -8 -30 1 0 0 0 1 0 0 0 1 60470a.dat
1 71 10 -8 -30 1 0 0 0 1 0 0 0 1 60470a.dat
1 71 80 -8 20 -1 0 0 0 1 0 0 0 -1 54383.dat
0
0 FILE Part 7.ldr
0 Part 7
0 Name: Part 7.ldr
0 Author: R Paluczak
0 Unofficial Model
0 ROTATION CENTER 0 0 0 1 "Custom" 
0 ROTATION CONFIG 0 0
1 71 -30 32 0 1 0 0 0 1 0 0 0 1 3895.dat
1 71 -30 16 0 1 0 0 0 1 0 0 0 1 60479.dat
1 71 30 8 0 1 0 0 0 1 0 0 0 1 6636.dat
1 71 -20 50.677 -63.898 -1 0 0 0 0.92388 0.382683 0 0.382683 -0.92388 Part 6.ldr
1 71 -90 8 90 0 0 -1 0 1 0 1 0 0 6178.dat
1 71 30 -24 110 0 0 -1 0 1 0 1 0 0 Part 19.ldr
1 72 -60 0 200 1 0 0 0 1 0 0 0 1 44300.dat
1 72 -60 0 -20 1 0 0 0 1 0 0 0 1 44300.dat
1 19 70 24 0 1 0 0 0 1 0 0 0 1 48336.dat
1 19 -30 24 0 1 0 0 0 1 0 0 0 1 48336.dat
1 0 20 24 0 1 0 0 0 1 0 0 0 1 3623.dat
1 0 -120 24 0 1 0 0 0 1 0 0 0 1 3623.dat
1 0 -130 42 10 0 0 -1 0 1 0 1 0 0 2780.dat
1 71 -30 32 180 1 0 0 0 1 0 0 0 1 3895.dat
1 71 -30 16 180 1 0 0 0 1 0 0 0 1 60479.dat
1 71 30 8 180 1 0 0 0 1 0 0 0 1 6636.dat
1 71 30 30.023 344.014 0 0 -1 0.263031 0.964787 0 0.964787 -0.263031 0 Part 11.ldr
1 19 70 24 180 -1 0 0 0 1 0 0 0 -1 48336.dat
1 19 -30 24 180 -1 0 0 0 1 0 0 0 -1 48336.dat
1 0 20 24 180 1 0 0 0 1 0 0 0 1 3623.dat
1 0 -120 24 180 1 0 0 0 1 0 0 0 1 3623.dat
1 0 -130 42 170 0 0 -1 0 1 0 1 0 0 2780.dat
0
0 FILE Part 8.ldr
0 Part 8
0 Name: Part 8.ldr
0 Author: R Paluczak
0 Unofficial Model
0 ROTATION CENTER 0 0 0 1 "Custom" 
0 ROTATION CONFIG 0 0
1 72 -10 24 0 1 0 0 0 1 0 0 0 1 3710.dat
1 72 -10 8 10 1 0 0 0 1 0 0 0 1 3020.dat
1 71 -40 0 -10 1 0 0 0 1 0 0 0 1 54383.dat
1 71 20 0 -10 1 0 0 0 1 0 0 0 1 54384.dat
1 0 -40 16 10 0 0 -1 0 1 0 1 0 0 60478.dat
1 0 20 16 10 0 0 -1 0 1 0 1 0 0 60478.dat
1 19 -10 16 0 1 0 0 0 1 0 0 0 1 3023.dat
0
0 FILE Part 9.ldr
0 Part 9
0 Name: Part 9.ldr
0 Author: R Paluczak
0 Unofficial Model
0 ROTATION CENTER 0 0 0 1 "Custom" 
0 ROTATION CONFIG 0 0
1 72 -20 24 0 1 0 0 0 1 0 0 0 1 60474.dat
1 72 130 8 -20 0 0 -1 0 1 0 1 0 0 2412b.dat
1 72 130 8 20 0 0 -1 0 1 0 1 0 0 2412b.dat
1 72 50 -16 0 0 0 -1 0 1 0 1 0 0 2412b.dat
1 72 -17 -14 10 0 -0.511293 -0.859406 0 0.859406 -0.511293 1 0 0 30132.dat
1 72 -17 -14 -10 0 -0.511293 -0.859406 0 0.859406 -0.511293 1 0 0 30132.dat
1 72 40 -8 20 0 0 -1 0 1 0 1 0 0 43721.dat
1 72 90 -8 0 0 0 -1 0 1 0 1 0 0 3039.dat
1 72 50 0 -50 0.969231 0.246153 0 0 0 1 0.246153 -0.969231 0 30031.dat
1 72 50 0 50 -0.969231 0.246153 0 0 0 1 0.246153 0.969231 0 30031.dat
1 72 40 -8 -20 0 0 -1 0 1 0 1 0 0 43720.dat
1 72 40 24 0 0 0 -1 0 1 0 1 0 0 3020.dat
1 72 120 24 0 0 0 -1 0 1 0 1 0 0 3020.dat
1 71 20 16 0 1 0 0 0 1 0 0 0 1 3738.dat
1 71 -10 -8 30 0 0 -1 0 1 0 1 0 0 6541.dat
1 71 -10 -8 -30 0 0 -1 0 1 0 1 0 0 6541.dat
1 71 -30 -8 10 -1 0 0 0 1 0 0 0 -1 45417.dat
1 71 -30 -8 -10 0 0 1 0 1 0 -1 0 0 45417.dat
1 71 80 16 -50 0 0 -1 0 1 0 1 0 0 54383.dat
1 71 80 -16 0 0 0 -1 0 1 0 1 0 0 3068b.dat
1 71 30 -8 10 0 0 -1 0 1 0 1 0 0 50746.dat
1 71 10 -16 10 0 0 -1 0 1 0 1 0 0 2555.dat
1 71 10 -16 -10 0 0 -1 0 1 0 1 0 0 2555.dat
1 71 30 -8 -10 0 0 -1 0 1 0 1 0 0 50746.dat
1 71 80 16 50 0 0 -1 0 1 0 1 0 0 54384.dat
1 71 50 8 50 0.246153 0 -0.969231 0 1 0 0.969231 0 0.246153 2555.dat
1 71 50 8 -50 -0.246153 0 -0.969231 0 1 0 0.969231 0 -0.246153 2555.dat
1 0 -10 16 30 1 0 0 0 1 0 0 0 1 3623.dat
1 0 120 16 0 1 0 0 0 1 0 0 0 1 4032b.dat
1 0 -20 8 0 1 0 0 0 1 0 0 0 1 4032b.dat
1 0 -20 0 0 1 0 0 0 1 0 0 0 1 4032b.dat
1 0 -10 16 -30 1 0 0 0 1 0 0 0 1 3623.dat
0
0 FILE Part 10.ldr
0 Part 10
0 Name: Part 10.ldr
0 Author: R Paluczak
0 Unofficial Model
0 ROTATION CENTER 0 0 0 1 "Custom" 
0 ROTATION CONFIG 0 0
1 71 -50 24 0 1 0 0 0 1 0 0 0 1 3036.dat
1 71 -120 32 40 0 0 1 0 1 0 -1 0 0 60470a.dat
1 71 -120 32 -60 0 0 1 0 1 0 -1 0 0 60470a.dat
1 19 -110 40 -60 0 0 1 0 1 0 -1 0 0 2654.dat
1 19 -110 40 40 0 0 1 0 1 0 -1 0 0 2654.dat
1 0 -100 32 50 0 0 1 0 1 0 -1 0 0 6141.dat
1 72 -100 32 -20 0 0 1 0 1 0 -1 0 0 3666.dat
1 71 -50 24 -90 0 0 -1 0 1 0 1 0 0 50304.dat
1 71 10 32 -60 0 0 -1 0 1 0 1 0 0 51739.dat
1 71 -30 32 -80 0 0 -1 0 1 0 1 0 0 51739.dat
1 71 -70 32 -100 0 0 -1 0 1 0 1 0 0 51739.dat
1 71 -110 32 -120 0 0 -1 0 1 0 1 0 0 51739.dat
1 71 -70 16 -60 0 0 -1 0 1 0 1 0 0 3068b.dat
1 71 -10 16 20 0 0 -1 0 1 0 1 0 0 3068b.dat
0
0 FILE Part 11.ldr
0 Part 11
0 Name: Part 11.ldr
0 Author: R Paluczak
0 Unofficial Model
0 ROTATION CENTER 0 0 0 1 "Custom" 
0 ROTATION CONFIG 0 0
1 71 -50 24 0 1 0 0 0 1 0 0 0 1 3036.dat
1 71 -120 32 60 0 0 1 0 1 0 -1 0 0 60470a.dat
1 71 -120 32 -40 0 0 1 0 1 0 -1 0 0 60470a.dat
1 19 -110 40 -40 0 0 1 0 1 0 -1 0 0 2654.dat
1 19 -110 40 40 0 0 1 0 1 0 -1 0 0 2654.dat
1 0 -100 32 -50 0 0 1 0 1 0 -1 0 0 6141.dat
1 72 -100 32 20 0 0 1 0 1 0 -1 0 0 3666.dat
1 71 -50 24 90 0 0 -1 0 1 0 1 0 0 50305.dat
1 71 10 32 60 0 0 -1 0 1 0 1 0 0 51739.dat
1 71 -30 32 80 0 0 -1 0 1 0 1 0 0 51739.dat
1 71 -70 32 100 0 0 -1 0 1 0 1 0 0 51739.dat
1 71 -110 32 120 0 0 -1 0 1 0 1 0 0 51739.dat
1 71 -70 16 60 0 0 -1 0 1 0 1 0 0 3068b.dat
1 71 -10 16 -20 0 0 -1 0 1 0 1 0 0 3068b.dat
0
0 FILE Part 12.ldr
0 Part 12
0 Name: Part 12.ldr
0 Author: R Paluczak
0 Unofficial Model
0 ROTATION CENTER 0 0 0 1 "Custom" 
0 ROTATION CONFIG 0 0
1 72 -110 16 0 1 0 0 0 1 0 0 0 1 3020.dat
1 72 -140 -24 -60 0 0 -1 0 1 0 1 0 0 2412b.dat
1 72 -110 0 0 1 0 0 0 1 0 0 0 1 3020.dat
1 0 -110 8 0 1 0 0 0 1 0 0 0 1 4032b.dat
1 0 -110 -8 0 1 0 0 0 1 0 0 0 1 4032b.dat
1 71 -70 -8 0 1 0 0 0 1 0 0 0 1 41770.dat
1 71 -150 -8 0 1 0 0 0 1 0 0 0 1 41769.dat
1 71 -110 -16 -40 0 0 -1 0 1 0 1 0 0 3035.dat
1 0 -140 8 0 0 0 -1 0 1 0 1 0 0 60478.dat
1 0 -80 8 0 0 0 -1 0 1 0 1 0 0 60478.dat
0
0 FILE Part 13.ldr
0 Part 13
0 Name: Part 13.ldr
0 Author: R Paluczak
0 Unofficial Model
0 ROTATION CENTER 0 0 0 1 "Custom" 
0 ROTATION CONFIG 0 0
1 72 -40 16 0 1 0 0 0 1 0 0 0 1 3034.dat
1 72 20 0 0 1 0 0 0 1 0 0 0 1 3020.dat
1 72 68 -38 0 0 -1 0 1 0 0 0 0 1 60474.dat
1 0 76 -38 0 0 -1 0 1 0 0 0 0 1 4032b.dat
1 72 84 -38 0 0 -1 0 1 0 0 0 0 1 60474.dat
1 0 92 -38 0 0 -1 0 1 0 0 0 0 1 4032b.dat
1 72 100 -38 0 0 -1 0 1 0 0 0 0 1 60474.dat
1 72 116 -38 0 0 -1 0 1 0 0 0 0 1 60474.dat
1 0 108 -38 0 0 -1 0 1 0 0 0 0 1 4032b.dat
1 0 124 -38 0 0 -1 0 1 0 0 0 0 1 4032b.dat
1 0 132 -38 0 0 -1 0 1 0 0 0 0 1 4032b.dat
1 0 140 -38 0 0 -1 0 1 0 0 0 0 1 4032b.dat
1 72 10 -14 0 0 -1 0 1 0 0 0 0 1 32524.dat
1 0 20 -14 -60 1 0 0 0 0.961262 0.275637 0 -0.275637 0.961262 2780.dat
1 0 40 -62 -10 1 0 0 0 0.97237 -0.233445 0 0.233445 0.97237 2780.dat
1 72 50 -57.332 -29.448 0 1 0 -0.97237 0 -0.233445 -0.233445 0 0.97237 32523.dat
1 72 50 -57.162 29.406 0 1 0 -0.970296 0 0.241922 0.241922 0 0.970296 32523.dat
1 0 40 -62 10 1 0 0 0 0.970296 0.241922 0 -0.241922 0.970296 2780.dat
1 0 20 -14 60 1 0 0 0 0.96005 -0.279829 0 0.279829 0.96005 2780.dat
1 72 -80 0 0 1 0 0 0 1 0 0 0 1 3022.dat
1 72 -90 -72 0 0 0 -1 0 1 0 1 0 0 2432.dat
1 72 30 -18.963 -77.304 0 0 -1 -0.961262 0.275637 0 0.275637 0.961262 0 Part 22.ldr
1 72 30 -19.038 77.282 0 0 1 -0.96005 0.279829 0 -0.279829 -0.96005 0 Part 23.ldr
1 0 -110 0 10 1 0 0 0 1 0 0 0 1 6141.dat
1 0 -110 0 -10 1 0 0 0 1 0 0 0 1 6141.dat
1 0 -100 -8 -10 -1 0 0 0 1 0 0 0 -1 60478.dat
1 0 -100 -8 10 -1 0 0 0 1 0 0 0 -1 60478.dat
1 0 20 -80 10 1 0 0 0 1 0 0 0 1 60478.dat
0 MLCAD BTG Group name
1 0 50 -78 10 0 -0.100188 0.994969 0 -0.994969 -0.100188 1 0 0 30377.dat
0 MLCAD BTG Group name
1 0 50 -78 -10 0 -0.100188 0.994969 0 -0.994969 -0.100188 1 0 0 30377.dat
0 GROUP 2 Group name
1 0 20 -80 -10 1 0 0 0 1 0 0 0 1 60478.dat
1 0 50 -48 0 0 0 1 0 1 0 -1 0 0 32064b.dat
1 0 30 -48 0 0 0 1 0 1 0 -1 0 0 32064b.dat
1 0 10 -48 -10 0 0 1 0 1 0 -1 0 0 3045.dat
1 0 10 -48 10 -1 0 0 0 1 0 0 0 -1 3045.dat
1 0 -90 -32 0 0 0 -1 0 1 0 1 0 0 3039.dat
1 0 30 0 -30 1 0 0 0 1 0 0 0 1 6141.dat
1 0 -10 0 -30 1 0 0 0 1 0 0 0 1 6141.dat
1 0 30 0 30 1 0 0 0 1 0 0 0 1 6141.dat
1 0 -10 0 30 1 0 0 0 1 0 0 0 1 6141.dat
1 71 -20 8 0 1 0 0 0 1 0 0 0 1 3032.dat
1 71 90 -38 0 1 0 0 0 1 0 0 0 1 44294.dat
1 71 50 -24 0 0 0 -1 0 1 0 1 0 0 3004.dat
1 71 10 -72 0 0 0 -1 0 1 0 1 0 0 3004.dat
1 71 30 -24 0 0 0 -1 0 1 0 1 0 0 3701.dat
1 71 -10 -24 0 0 0 -1 0 1 0 1 0 0 3701.dat
1 1 10 -14 -20 -1 0 0 0 1 0 0 0 -1 6558.dat
1 1 10 -14 20 -1 0 0 0 1 0 0 0 -1 6558.dat
1 19 -70 -8 0 0 0 -1 0 1 0 1 0 0 3023.dat
1 19 -90 -40 0 0 0 -1 0 1 0 1 0 0 3023.dat
1 19 30 -72 0 0 0 -1 0 1 0 1 0 0 32000.dat
1 19 -40 -16 -30 1 0 0 0 1 0 0 0 1 4865b.dat
1 19 -40 -16 30 -1 0 0 0 1 0 0 0 -1 4865b.dat
1 71 -40 0 0 1 0 0 0 1 0 0 0 1 3068b.dat
1 71 -82.581 -117.353 -60 0 0.21644 0.976296 0 0.976296 -0.21644 -1 0 0 Part 17.ldr
1 71 20 -88 0 1 0 0 0 1 0 0 0 1 3068b.dat
1 71 -129.222 -38.564 0 0 0.944089 -0.329691 0 0.329691 0.944089 1 0 0 Part 14.ldr
1 71 -100 8 -10 1 0 0 0 1 0 0 0 1 60470b.dat
1 71 -167 10 -30 0 -1 0 1 0 0 0 0 1 3957a.dat
1 71 -175 10 -30 1 0 0 0 1 0 0 0 1 4274.dat
1 71 -175 10 30 1 0 0 0 1 0 0 0 1 4274.dat
1 71 -167 10 30 0 -1 0 1 0 0 0 0 1 3957a.dat
1 71 -100 8 10 -1 0 0 0 1 0 0 0 -1 60470b.dat
0
0 FILE Part 14.ldr
0 Part 14
0 Name: Part 14.ldr
0 Author: R Paluczak
0 Unofficial Model
0 ROTATION CENTER 0 0 0 1 "Custom" 
0 ROTATION CONFIG 0 0
1 72 0 16 0 1 0 0 0 1 0 0 0 1 3020.dat
1 71 0 8 10 -1 0 0 0 1 0 0 0 -1 60470b.dat
1 71 0 0 -10 0 0 1 0 1 0 -1 0 0 3021.dat
1 71 40 0 0 1 0 0 0 1 0 0 0 1 41770.dat
1 71 -40 0 0 1 0 0 0 1 0 0 0 1 41769.dat
1 71 0 -24 0 1 0 0 0 1 0 0 0 1 3041.dat
1 19 -30 8 -10 1 0 0 0 1 0 0 0 1 2420.dat
1 19 30 8 -10 0 0 -1 0 1 0 1 0 0 2420.dat
0
0 FILE Part 15.ldr
0 Part 15
0 Name: Part 15.ldr
0 Author: R Paluczak
0 Unofficial Model
0 ROTATION CENTER 0 0 0 1 "Custom" 
0 ROTATION CONFIG 0 0
1 72 40 16 0 1 0 0 0 1 0 0 0 1 3034.dat
1 72 60 24 0 0 0 -1 0 1 0 1 0 0 3020.dat
1 72 2 -20 20 0 1 0 -1 0 0 0 0 1 4085c.dat
1 72 12 -20 0 0 -1 0 -0.707107 0 -0.707107 0.707107 0 -0.707107 3837.dat
1 0 60 32 -30 1 0 0 0 1 0 0 0 1 60478.dat
1 0 60 32 -10 1 0 0 0 1 0 0 0 1 60478.dat
1 19 60 40 -20 1 0 0 0 1 0 0 0 1 2654.dat
1 71 40 16 -50 0 0 1 0 1 0 -1 0 0 50305.dat
1 71 40 16 30 1 0 0 0 1 0 0 0 1 3460.dat
1 71 10 24 30 -1 0 0 0 1 0 0 0 -1 3038.dat
1 71 20 8 0 0 0 -1 0 1 0 1 0 0 3709b.dat
1 0 20 0 20 0 0 -1 0 1 0 1 0 0 4032b.dat
1 0 20 -32 20 0 0 1 0 1 0 -1 0 0 4522.dat
1 71 20 -12 20 0 0 1 0 1 0 -1 0 0 43898.dat
1 71 10 -22 20 0 1 0 0 0 1 1 0 0 4070.dat
1 71 -6 -20 20 0 1 0 1 0 0 0 0 -1 3957a.dat
1 71 -84 -20 20 1 0 0 0 1 0 0 0 1 4274.dat
1 71 100 8 -20 -1 0 0 0 1 0 0 0 -1 30503.dat
1 71 -40 8 0 1 0 0 0 1 0 0 0 1 41769.dat
1 71 110 8 -70 1 0 0 0 1 0 0 0 1 63864.dat
0
0 FILE Part 16.ldr
0 Part 16
0 Name: Part 16.ldr
0 Author: R Paluczak
0 Unofficial Model
0 ROTATION CENTER 0 0 0 1 "Custom" 
0 ROTATION CONFIG 0 0
1 72 40 16 -200 1 0 0 0 1 0 0 0 1 3034.dat
1 72 60 24 -200 0 0 -1 0 1 0 1 0 0 3020.dat
1 72 2 -20 -220 0 1 0 1 0 0 0 0 -1 4085c.dat
1 72 12 -20 -200 0 -1 0 0.707107 0 -0.707107 0.707107 0 0.707107 3837.dat
1 0 60 32 -190 1 0 0 0 1 0 0 0 1 60478.dat
1 0 60 32 -170 1 0 0 0 1 0 0 0 1 60478.dat
1 19 60 40 -180 1 0 0 0 1 0 0 0 1 2654.dat
1 71 40 16 -150 0 0 1 0 1 0 -1 0 0 50304.dat
1 71 40 16 -230 1 0 0 0 1 0 0 0 1 3460.dat
1 71 10 24 -230 1 0 0 0 1 0 0 0 1 3038.dat
1 71 20 8 -200 0 0 -1 0 1 0 1 0 0 3709b.dat
1 0 20 0 -220 0 0 -1 0 1 0 1 0 0 4032b.dat
1 0 20 -32 -220 0 0 1 0 1 0 -1 0 0 4522.dat
1 71 20 -12 -220 0 0 1 0 1 0 -1 0 0 43898.dat
1 71 10 -22 -220 0 1 0 0 0 1 1 0 0 4070.dat
1 71 -6 -20 -220 0 1 0 1 0 0 0 0 -1 3957a.dat
1 71 -84 -20 -220 1 0 0 0 1 0 0 0 1 4274.dat
1 71 100 8 -180 0 0 1 0 1 0 -1 0 0 30503.dat
1 71 -40 8 -200 -1 0 0 0 1 0 0 0 -1 41770.dat
1 71 110 8 -130 1 0 0 0 1 0 0 0 1 63864.dat
0
0 FILE Part 17.ldr
0 Part 17
0 Name: Part 17.ldr
0 Author: R Paluczak
0 Unofficial Model
0 ROTATION CENTER 0 0 0 1 "Custom" 
0 ROTATION CONFIG 0 0
1 71 -60 24 0 1 0 0 0 1 0 0 0 1 6179.dat
1 71 -100 24 80 1 0 0 0 1 0 0 0 1 41769.dat
1 71 -20 24 80 1 0 0 0 1 0 0 0 1 41770.dat
1 19 -40 32 40 1 0 0 0 1 0 0 0 1 2654.dat
1 19 -40 32 80 1 0 0 0 1 0 0 0 1 2654.dat
1 19 -80 32 40 1 0 0 0 1 0 0 0 1 2654.dat
1 19 -80 32 80 1 0 0 0 1 0 0 0 1 2654.dat
1 71 -60 16 70 0 0 -1 0 1 0 1 0 0 3021.dat
1 19 -60 24 50 -1 0 0 0 1 0 0 0 -1 3023.dat
1 0 -70 24 80 0 0 -1 0 1 0 1 0 0 60478.dat
1 0 -50 24 80 0 0 -1 0 1 0 1 0 0 60478.dat
1 0 -60 32 -10 -1 0 0 0 1 0 0 0 -1 3938.dat
1 0 -60 32 -30 -1 0 0 0 1 0 0 0 -1 3938.dat
1 72 -60 8 90 1 0 0 0 1 0 0 0 1 45677.dat
0
0 FILE Part 18.ldr
0 Part 18
0 Name: Part 18.ldr
0 Author: R Paluczak
0 Unofficial Model
0 ROTATION CENTER 0 0 0 1 "Custom" 
0 ROTATION CONFIG 0 0
1 71 20 24 0 1 0 0 0 1 0 0 0 1 3028.dat
1 71 -90 16 40 0 0 -1 0 1 0 1 0 0 44302.dat
1 71 130 16 40 0 0 -1 0 1 0 1 0 0 44302.dat
1 72 -60 16 -30 -1 0 0 0 1 0 0 0 -1 2412b.dat
1 72 -60 16 -10 -1 0 0 0 1 0 0 0 -1 2412b.dat
1 72 -60 16 10 -1 0 0 0 1 0 0 0 -1 2412b.dat
1 19 0 32 -30 -1 0 0 0 1 0 0 0 -1 3023.dat
1 19 0 48 -30 -1 0 0 0 1 0 0 0 -1 3023.dat
1 19 0 56 -20 -1 0 0 0 1 0 0 0 -1 2654.dat
1 71 0 40 -30 1 0 0 0 1 0 0 0 1 60470b.dat
1 71 -20 40.677 -93.844 -1 0 0 0 0.92388 0.382683 0 0.382683 -0.92388 Part 24.ldr
1 1 0 32 -10 -1 0 0 0 1 0 0 0 -1 3660.dat
0
0 FILE Part 19.ldr
0 Part 19
0 Name: Part 19.ldr
0 Author: R Paluczak
0 Unofficial Model
0 ROTATION CENTER 0 0 0 1 "Custom" 
0 ROTATION CONFIG 0 0
1 71 -20 24 0 1 0 0 0 1 0 0 0 1 3028.dat
1 71 -130 16 40 0 0 -1 0 1 0 1 0 0 44302.dat
1 71 90 16 40 0 0 -1 0 1 0 1 0 0 44302.dat
1 72 60 16 -30 -1 0 0 0 1 0 0 0 -1 2412b.dat
1 72 60 16 -10 -1 0 0 0 1 0 0 0 -1 2412b.dat
1 72 60 16 10 -1 0 0 0 1 0 0 0 -1 2412b.dat
1 19 0 32 -30 -1 0 0 0 1 0 0 0 -1 3023.dat
1 19 0 48 -30 -1 0 0 0 1 0 0 0 -1 3023.dat
1 19 0 56 -20 -1 0 0 0 1 0 0 0 -1 2654.dat
1 71 0 40 -30 1 0 0 0 1 0 0 0 1 60470b.dat
1 71 -20 40.677 -93.844 -1 0 0 0 0.92388 0.382683 0 0.382683 -0.92388 Part 25.ldr
1 1 0 32 -10 -1 0 0 0 1 0 0 0 -1 3660.dat
0
0 FILE Part 20.ldr
0 Part 20
0 Name: Part 20.ldr
0 Author: R Paluczak
0 Unofficial Model
0 ROTATION CENTER 0 0 0 1 "Custom" 
0 ROTATION CONFIG 0 0
1 71 0 48 0 1 0 0 0 1 0 0 0 1 3028.dat
1 71 0 32 -50 1 0 0 0 1 0 0 0 1 6636.dat
1 71 0 32 50 1 0 0 0 1 0 0 0 1 6636.dat
1 71 0 8 30 1 0 0 0 1 0 0 0 1 3069b.dat
1 0 -50 40 -50 1 0 0 0 1 0 0 0 1 6141.dat
1 0 -50 40 50 1 0 0 0 1 0 0 0 1 6141.dat
1 0 50 40 -50 1 0 0 0 1 0 0 0 1 6141.dat
1 0 50 40 50 1 0 0 0 1 0 0 0 1 6141.dat
1 0 -50 24 0 0 0 1 0 1 0 -1 0 0 3048.dat
1 46 -70 48 -50 0 0 1 0 1 0 -1 0 0 50746.dat
1 46 -70 48 50 0 0 1 0 1 0 -1 0 0 50746.dat
1 46 70 48 50 0 0 -1 0 1 0 1 0 0 50746.dat
1 46 70 48 -50 0 0 -1 0 1 0 1 0 0 50746.dat
1 15 0 24 30 1 0 0 0 1 0 0 0 1 3039.dat
1 72 10 16 30 0 0 -1 0 1 0 1 0 0 4085c.dat
1 72 -10 16 30 0 0 1 0 1 0 -1 0 0 4085c.dat
1 0 50 24 0 0 0 -1 0 1 0 1 0 0 3048.dat
0
0 FILE Part 21.ldr
0 Part 21
0 Name: Part 21.ldr
0 Author: R Paluczak
0 Unofficial Model
0 ROTATION CENTER 0 0 0 1 "Custom" 
0 ROTATION CONFIG 0 0
1 15 -30 24 0 1 0 0 0 1 0 0 0 1 3958.dat
1 0 -30 16 0 1 0 0 0 1 0 0 0 1 61485.dat
1 72 -30 8 0 1 0 0 0 1 0 0 0 1 60474.dat
1 72 -60 0 0 1 0 0 0 1 0 0 0 1 3021.dat
1 72 -50 -40 0 0 0 1 0 1 0 -1 0 0 3022.dat
1 72 -60 -64 0 0 0 -1 0 1 0 1 0 0 3937.dat
1 72 -60 -72 0 0 0 -1 0 1 0 1 0 0 3794b.dat
1 72 -60 -80 0 0 0 -1 0 1 0 1 0 0 2555.dat
1 71 -60 -64 0 0 0 -1 0 1 0 1 0 0 3938.dat
1 72 -20 -32 0 -0.55557 0.83147 0 -0.83147 -0.55557 0 0 0 1 48729.dat
1 72 0 0 0 1 0 0 0 1 0 0 0 1 3021.dat
1 71 -60 -24 0 0 0 1 0 1 0 -1 0 0 3039.dat
1 71 -158 -86 0 0 -1 0 0 0 1 -1 0 0 63965.dat
1 71 -78 -86 0 0 -1 0 0 0 1 -1 0 0 4032b.dat
1 71 -86 -86 0 0 -1 0 0 0 1 -1 0 0 4285b.dat
1 72 -94 -86 0 0 -1 0 0 0 1 -1 0 0 4740.dat
1 71 -163 -86 0 1 0 0 0 0 1 0 -1 0 4274.dat
1 71 -40 -24 0 0 0 -1 0 1 0 1 0 0 3298.dat
1 71 -40 -32 0 0 0 -1 0 1 0 1 0 0 2540.dat
