0 8216_B
0 Name: 8216_b.ldr
0 Author: marco

0 WORLD  -230.8025 -221.3838 -14.39402 0.5151573 -0.0006432 0.8570924 0.3485228 0.9137453 -0.2087943 -0.7830328 0.4062777 0.4709492
0 CENTRE  0 0 0
0 LOOKAT  -262 -269 -151
0 ZOOM  42
0 ROTANGLE 0
0 ROTATION CENTER 0 0 0 1 "Custom" 
0 ROTATION CONFIG 0 0
1 0 -40 -30 120 1 0 0 0 1 0 0 0 1 3705.dat
1 1 -70 -8 -40 0 0 -1 0 1 0 1 0 0 4477.dat
1 0 -40 -16 20 1 0 0 0 1 0 0 0 1 3031.dat
1 0 -40 -8 60 0 0 -1 0 1 0 1 0 0 3738.dat
1 1 -10 -8 -40 0 0 -1 0 1 0 1 0 0 4477.dat
1 15 -40 -16 100 0 0 -1 0 1 0 1 0 0 3709b.dat
1 15 -50 -40 80 0 0 -1 0 1 0 1 0 0 32000.dat
1 15 -30 -40 80 0 0 -1 0 1 0 1 0 0 32000.dat
1 0 -50 -40 120 0 0 -1 0 1 0 1 0 0 3700.dat
1 0 -30 -40 120 0 0 -1 0 1 0 1 0 0 3700.dat
1 15 -10 -40 -40 0 0 -1 0 1 0 1 0 0 3895.dat
1 1 -40 -16 -150 1 0 0 0 1 0 0 0 1 2419.dat
1 15 -70 -40 -40 0 0 -1 0 1 0 1 0 0 3895.dat
1 15 -40 -40 -130 1 0 0 0 1 0 0 0 1 3298.dat
1 0 -40 -48 -130 1 0 0 0 1 0 0 0 1 3710.dat
1 0 -40 -64 50 1 0 0 0 1 0 0 0 1 3678a.dat
1 15 -50 -72 100 0 0 -1 0 1 0 1 0 0 2744.dat
1 15 -30 -72 100 0 0 -1 0 1 0 1 0 0 2744.dat
1 0 -40 -48 -50 1 0 0 0 1 0 0 0 1 3710.dat
1 15 -40 -48 70 1 0 0 0 1 0 0 0 1 3710.dat
1 15 -40 -80 90 1 0 0 0 1 0 0 0 1 3069b.dat
1 0 -40 -16 -110 1 0 0 0 1 0 0 0 1 3460.dat
1 15 -40 -80 70 1 0 0 0 1 0 0 0 1 3069b.dat
1 15 -40 -40 170 1 0 0 0 1 0 0 0 1 3710.dat
1 0 -70 -48 170 1 0 0 0 1 0 0 0 1 4073.dat
1 0 -10 -48 170 1 0 0 0 1 0 0 0 1 4073.dat
1 1 -40 -48 90 1 0 0 0 1 0 0 0 1 3023.dat
1 7 0 -30 -140 1 0 0 0 0.707107 0.707107 0 -0.707107 0.707107 3749.dat
1 7 10 -30 -140 1 0 0 0 -0.707107 0.707107 0 -0.707107 -0.707107 6536.dat
1 7 10 -51.2132 -147.071 0 0 -1 -0.707107 0.707106 0 0.707106 0.707107 0 4274.dat
0 MLCAD FLEXHOSE 1 0 0 0 1 0 0 0 1 0 0 0 1  10 -51 -147  0 50 -50 0 -122 60 0 0 100 250 LS51.dat LS51.dat 0
0 MLCAD SKIP_BEGIN
1 1 10 -51 -147 -1 0.000592489 0.000590698 0 0.706035 -0.708177 -0.000836641 -0.708176 -0.706035 LS51.dat
1 1 9.99947 -51.6281 -146.37 -0.999997 0.00177508 0.00175896 0 0.703874 -0.710325 -0.00249896 -0.710323 -0.703872 LS51.dat
1 1 9.99789 -52.2542 -145.738 -0.999991 0.00295392 0.00290914 0 0.701687 -0.712486 -0.00414593 -0.71248 -0.701681 LS51.dat
1 1 9.99527 -52.8783 -145.104 -0.999983 0.00412883 0.00404109 0 0.699473 -0.714659 -0.00577734 -0.714647 -0.699461 LS51.dat
1 1 9.99159 -53.5004 -144.469 -0.999973 0.00529965 0.00515465 0 0.697233 -0.716845 -0.00739301 -0.716825 -0.697214 LS51.dat
1 1 9.98688 -54.1204 -143.831 -0.99996 0.00646618 0.00624966 0 0.694966 -0.719043 -0.00899276 -0.719014 -0.694938 LS51.dat
1 1 9.98113 -54.7384 -143.192 -0.999944 0.00762824 0.00732598 0 0.692673 -0.721252 -0.0105764 -0.721212 -0.692634 LS51.dat
1 1 9.97435 -55.3542 -142.551 -0.999926 0.00878566 0.00838346 0 0.690353 -0.723473 -0.0121437 -0.723419 -0.690302 LS51.dat
1 1 9.96654 -55.968 -141.908 -0.999906 0.00993824 0.00942197 0 0.688006 -0.725705 -0.0136946 -0.725637 -0.687942 LS51.dat
1 1 9.9577 -56.5796 -141.263 -0.999884 0.0110858 0.0104414 0 0.685633 -0.727948 -0.0152288 -0.727863 -0.685553 LS51.dat
1 1 9.94785 -57.189 -140.616 -0.99986 0.0122281 0.0114416 0 0.683232 -0.730201 -0.0167463 -0.730099 -0.683137 LS51.dat
1 1 9.93698 -57.7963 -139.967 -0.999834 0.0133651 0.0124225 0 0.680805 -0.732465 -0.0182467 -0.732343 -0.680692 LS51.dat
1 1 9.9251 -58.4014 -139.316 -0.999805 0.0144964 0.0133839 0 0.678351 -0.734738 -0.0197301 -0.734595 -0.678219 LS51.dat
1 1 9.91222 -59.0042 -138.663 -0.999775 0.015622 0.0143258 0 0.67587 -0.737021 -0.0211962 -0.736855 -0.675718 LS51.dat
1 1 9.89834 -59.6047 -138.008 -0.999744 0.0167416 0.0152482 0 0.673362 -0.739313 -0.0226448 -0.739124 -0.673189 LS51.dat
1 1 9.88347 -60.203 -137.352 -0.99971 0.017855 0.0161508 0 0.670826 -0.741614 -0.0240759 -0.741399 -0.670632 LS51.dat
1 1 9.8676 -60.799 -136.693 -0.999675 0.0189621 0.0170336 0 0.668264 -0.743924 -0.0254893 -0.743682 -0.668047 LS51.dat
1 1 9.85076 -61.3927 -136.032 -0.999639 0.0200626 0.0178966 0 0.665675 -0.746242 -0.0268849 -0.745972 -0.665434 LS51.dat
1 1 9.83294 -61.984 -135.37 -0.999601 0.0211563 0.0187397 0 0.663059 -0.748567 -0.0282624 -0.748268 -0.662794 LS51.dat
1 1 9.81414 -62.5729 -134.705 -0.999561 0.0222431 0.0195628 0 0.660416 -0.7509 -0.029622 -0.750571 -0.660126 LS51.dat
1 1 9.79439 -63.1595 -134.038 -0.999521 0.0233228 0.0203659 0 0.657745 -0.75324 -0.0309632 -0.752879 -0.65743 LS51.dat
1 1 9.77368 -63.7436 -133.37 -0.999479 0.0243951 0.021149 0 0.655048 -0.755587 -0.0322862 -0.755193 -0.654707 LS51.dat
1 1 9.75201 -64.3253 -132.699 -0.999436 0.0254598 0.0219121 0 0.652324 -0.75794 -0.0335908 -0.757512 -0.651956 LS51.dat
1 1 9.7294 -64.9046 -132.026 -0.999392 0.0265168 0.022655 0 0.649573 -0.760299 -0.0348768 -0.759836 -0.649178 LS51.dat
1 1 9.70586 -65.4813 -131.352 -0.999347 0.0275658 0.0233779 0 0.646796 -0.762663 -0.0361442 -0.762165 -0.646373 LS51.dat
1 1 9.68139 -66.0556 -130.675 -0.999301 0.0286067 0.0240807 0 0.643992 -0.765032 -0.0373928 -0.764497 -0.643541 LS51.dat
1 1 9.65599 -66.6273 -129.996 -0.999254 0.0296393 0.0247634 0 0.641161 -0.767406 -0.0386227 -0.766834 -0.640683 LS51.dat
1 1 9.62967 -67.1965 -129.316 -0.999206 0.0306633 0.025426 0 0.638304 -0.769785 -0.0398336 -0.769174 -0.637797 LS51.dat
1 1 9.60245 -67.7632 -128.633 -0.999158 0.0316786 0.0260685 0 0.63542 -0.772166 -0.0410256 -0.771516 -0.634885 LS51.dat
1 1 9.57433 -68.3272 -127.948 -0.999109 0.032685 0.026691 0 0.632511 -0.774552 -0.0421985 -0.773862 -0.631947 LS51.dat
1 1 9.54532 -68.8887 -127.261 -0.99906 0.0336822 0.0272935 0 0.629575 -0.77694 -0.0433524 -0.77621 -0.628983 LS51.dat
1 1 9.51542 -69.4475 -126.572 -0.99901 0.0346701 0.0278761 0 0.626613 -0.779331 -0.044487 -0.778559 -0.625993 LS51.dat
1 1 9.48465 -70.0037 -125.881 -0.99896 0.0356485 0.0284388 0 0.623625 -0.781723 -0.0456024 -0.78091 -0.622977 LS51.dat
1 1 9.45301 -70.5572 -125.188 -0.998909 0.0366171 0.0289817 0 0.620612 -0.784118 -0.0466985 -0.783262 -0.619935 LS51.dat
1 1 9.42051 -71.108 -124.493 -0.998858 0.0375759 0.0295048 0 0.617573 -0.786513 -0.0477753 -0.785615 -0.616868 LS51.dat
1 1 9.38716 -71.6562 -123.795 -0.998807 0.0385246 0.0300082 0 0.61451 -0.788909 -0.0488327 -0.787968 -0.613777 LS51.dat
1 1 9.35297 -72.2016 -123.096 -0.998756 0.039463 0.030492 0 0.611421 -0.791306 -0.0498707 -0.790321 -0.61066 LS51.dat
1 1 9.31794 -72.7442 -122.395 -0.998704 0.0403909 0.0309563 0 0.608307 -0.793702 -0.0508892 -0.792673 -0.607519 LS51.dat
1 1 9.28209 -73.2841 -121.691 -0.998653 0.0413082 0.0314012 0 0.605169 -0.796097 -0.0518883 -0.795025 -0.604354 LS51.dat
1 1 9.24543 -73.8212 -120.985 -0.998602 0.0422146 0.0318268 0 0.602006 -0.798491 -0.0528679 -0.797375 -0.601164 LS51.dat
1 1 9.20796 -74.3555 -120.278 -0.99855 0.04311 0.0322332 0 0.598819 -0.800884 -0.053828 -0.799723 -0.597951 LS51.dat
1 1 9.1697 -74.887 -119.568 -0.998499 0.0439942 0.0326206 0 0.595609 -0.803275 -0.0547686 -0.802069 -0.594715 LS51.dat
1 1 9.13065 -75.4157 -118.856 -0.998448 0.044867 0.0329891 0 0.592375 -0.805663 -0.0556896 -0.804412 -0.591455 LS51.dat
1 1 9.09083 -75.9415 -118.142 -0.998397 0.0457283 0.0333388 0 0.589117 -0.808048 -0.0565911 -0.806753 -0.588173 LS51.dat
1 1 9.05024 -76.4644 -117.426 -0.998347 0.0465779 0.0336699 0 0.585837 -0.810429 -0.0574731 -0.809089 -0.584868 LS51.dat
1 1 9.00889 -76.9845 -116.708 -0.998297 0.0474156 0.0339825 0 0.582534 -0.812807 -0.0583356 -0.811422 -0.581542 LS51.dat
1 1 8.9668 -77.5016 -115.987 -0.998247 0.0482412 0.0342767 0 0.579208 -0.81518 -0.0591786 -0.813751 -0.578193 LS51.dat
1 1 8.92397 -78.0158 -115.265 -0.998198 0.0490546 0.0345529 0 0.575861 -0.817548 -0.0600021 -0.816075 -0.574823 LS51.dat
1 1 8.88042 -78.5271 -114.54 -0.99815 0.0498556 0.034811 0 0.572492 -0.81991 -0.0608061 -0.818393 -0.571432 LS51.dat
1 1 8.83615 -79.0354 -113.814 -0.998101 0.0506441 0.0350514 0 0.569101 -0.822267 -0.0615908 -0.820706 -0.568021 LS51.dat
1 1 8.79118 -79.5408 -113.085 -0.998054 0.0514199 0.0352742 0 0.56569 -0.824618 -0.062356 -0.823013 -0.564589 LS51.dat
1 1 8.74551 -80.0431 -112.354 -0.998007 0.0521828 0.0354795 0 0.562258 -0.826962 -0.0631019 -0.825314 -0.561138 LS51.dat
1 1 8.69917 -80.5425 -111.621 -0.997961 0.0529328 0.0356677 0 0.558806 -0.829298 -0.0638284 -0.827607 -0.557666 LS51.dat
1 1 8.65215 -81.0388 -110.886 -0.997915 0.0536697 0.0358389 0 0.555334 -0.831627 -0.0645357 -0.829894 -0.554176 LS51.dat
1 1 8.60448 -81.5322 -110.149 -0.997871 0.0543933 0.0359933 0 0.551843 -0.833948 -0.0652238 -0.832172 -0.550668 LS51.dat
1 1 8.55615 -82.0224 -109.409 -0.997827 0.0551035 0.0361311 0 0.548333 -0.83626 -0.0658927 -0.834443 -0.547141 LS51.dat
1 1 8.50719 -82.5097 -108.668 -0.997784 0.0558002 0.0362526 0 0.544804 -0.838564 -0.0665425 -0.836705 -0.543596 LS51.dat
1 1 8.4576 -82.9938 -107.924 -0.997741 0.0564832 0.036358 0 0.541257 -0.840857 -0.0671733 -0.838958 -0.540034 LS51.dat
1 1 8.4074 -83.4749 -107.179 -0.9977 0.0571524 0.0364476 0 0.537692 -0.843141 -0.0677852 -0.841202 -0.536456 LS51.dat
1 1 8.3566 -83.9528 -106.431 -0.997659 0.0578078 0.0365215 0 0.534111 -0.845415 -0.0683781 -0.843436 -0.532861 LS51.dat
1 1 8.3052 -84.4277 -105.681 -0.99762 0.0584492 0.03658 0 0.530512 -0.847677 -0.0689522 -0.84566 -0.52925 LS51.dat
1 1 8.25323 -84.8994 -104.929 -0.997581 0.0590765 0.0366234 0 0.526898 -0.849929 -0.0695076 -0.847873 -0.525623 LS51.dat
1 1 8.20069 -85.368 -104.175 -0.997544 0.0596896 0.0366519 0 0.523267 -0.852169 -0.0700443 -0.850076 -0.521982 LS51.dat
1 1 8.1476 -85.8335 -103.419 -0.997507 0.0602884 0.0366658 0 0.519622 -0.854397 -0.0705625 -0.852267 -0.518326 LS51.dat
1 1 8.09396 -86.2957 -102.661 -0.997472 0.0608727 0.0366653 0 0.515961 -0.856612 -0.0710622 -0.854446 -0.514657 LS51.dat
1 1 8.03979 -86.7549 -101.9 -0.997437 0.0614427 0.0366508 0 0.512287 -0.858815 -0.0715436 -0.856614 -0.510974 LS51.dat
1 1 7.9851 -87.2108 -101.138 -0.997404 0.061998 0.0366224 0 0.508598 -0.861004 -0.0720066 -0.858769 -0.507278 LS51.dat
1 1 7.92991 -87.6636 -100.374 -0.997372 0.0625387 0.0365805 0 0.504897 -0.86318 -0.0724516 -0.860911 -0.50357 LS51.dat
1 1 7.87423 -88.1132 -99.6069 -0.997341 0.0630647 0.0365254 0 0.501182 -0.865342 -0.0728784 -0.863041 -0.499849 LS51.dat
1 1 7.81806 -88.5595 -98.8383 -0.997311 0.063576 0.0364572 0 0.497456 -0.867489 -0.0732873 -0.865157 -0.496118 LS51.dat
1 1 7.76143 -89.0027 -98.0676 -0.997282 0.0640724 0.0363763 0 0.493718 -0.869622 -0.0736784 -0.867259 -0.492376 LS51.dat
1 1 7.70434 -89.4426 -97.2948 -0.997254 0.0645539 0.036283 0 0.489969 -0.87174 -0.0740518 -0.869347 -0.488623 LS51.dat
1 1 7.6468 -89.8793 -96.52 -0.997228 0.0650205 0.0361776 0 0.486209 -0.873843 -0.0744075 -0.87142 -0.484861 LS51.dat
1 1 7.58884 -90.3127 -95.7432 -0.997203 0.0654721 0.0360603 0 0.482439 -0.875929 -0.0747458 -0.873479 -0.48109 LS51.dat
1 1 7.53045 -90.7429 -94.9643 -0.997179 0.0659087 0.0359315 0 0.47866 -0.878 -0.0750668 -0.875523 -0.47731 LS51.dat
1 1 7.47167 -91.1699 -94.1833 -0.997156 0.0663302 0.0357914 0 0.474873 -0.880054 -0.0753706 -0.877551 -0.473522 LS51.dat
1 1 7.41249 -91.5935 -93.4004 -0.997134 0.0667366 0.0356404 0 0.471077 -0.882092 -0.0756572 -0.879564 -0.469727 LS51.dat
1 1 7.35293 -92.014 -92.6154 -0.997113 0.067128 0.0354786 0 0.467273 -0.884113 -0.0759269 -0.881561 -0.465924 LS51.dat
1 1 7.293 -92.4311 -91.8284 -0.997094 0.0675042 0.0353065 0 0.463462 -0.886117 -0.0761799 -0.883542 -0.462115 LS51.dat
1 1 7.23272 -92.845 -91.0394 -0.997076 0.0678654 0.0351243 0 0.459645 -0.888103 -0.0764161 -0.885506 -0.458301 LS51.dat
1 1 7.1721 -93.2556 -90.2484 -0.997059 0.0682114 0.0349323 0 0.455822 -0.890071 -0.0766358 -0.887454 -0.454481 LS51.dat
1 1 7.11115 -93.6629 -89.4554 -0.997043 0.0685422 0.0347308 0 0.451993 -0.892022 -0.0768392 -0.889384 -0.450657 LS51.dat
1 1 7.04988 -94.0669 -88.6605 -0.997029 0.0688579 0.0345201 0 0.44816 -0.893954 -0.0770263 -0.891298 -0.446828 LS51.dat
1 1 6.98831 -94.4676 -87.8635 -0.997016 0.0691586 0.0343005 0 0.444322 -0.895867 -0.0771973 -0.893194 -0.442996 LS51.dat
1 1 6.92645 -94.865 -87.0646 -0.997004 0.0694441 0.0340723 0 0.440481 -0.897762 -0.0773525 -0.895072 -0.439161 LS51.dat
1 1 6.86432 -95.2591 -86.2638 -0.996993 0.0697146 0.0338357 0 0.436636 -0.899638 -0.0774918 -0.896933 -0.435323 LS51.dat
1 1 6.80192 -95.6499 -85.461 -0.996983 0.06997 0.0335912 0 0.43279 -0.901495 -0.0776155 -0.898775 -0.431484 LS51.dat
1 1 6.73927 -96.0374 -84.6563 -0.996975 0.0702104 0.0333389 0 0.428941 -0.903332 -0.0777238 -0.9006 -0.427644 LS51.dat
1 1 6.67639 -96.4216 -83.8496 -0.996968 0.0704358 0.0330792 0 0.425091 -0.905151 -0.0778167 -0.902406 -0.423802 LS51.dat
1 1 6.61328 -96.8025 -83.0411 -0.996962 0.0706464 0.0328123 0 0.421241 -0.906949 -0.0778945 -0.904193 -0.419961 LS51.dat
1 1 6.54996 -97.1801 -82.2306 -0.996957 0.070842 0.0325386 0 0.41739 -0.908727 -0.0779574 -0.905962 -0.41612 LS51.dat
1 1 6.48643 -97.5543 -81.4182 -0.996953 0.0710228 0.0322583 0 0.41354 -0.910486 -0.0780054 -0.907712 -0.41228 LS51.dat
1 1 6.42273 -97.9253 -80.604 -0.99695 0.0711889 0.0319717 0 0.40969 -0.912225 -0.0780388 -0.909443 -0.408441 LS51.dat
1 1 6.35884 -98.2929 -79.7879 -0.996949 0.0713402 0.0316791 0 0.405843 -0.913943 -0.0780576 -0.911154 -0.404604 LS51.dat
1 1 6.2948 -98.6573 -78.97 -0.996948 0.071477 0.0313808 0 0.401997 -0.915641 -0.0780622 -0.912847 -0.400771 LS51.dat
1 1 6.23061 -99.0183 -78.1502 -0.996949 0.0715991 0.031077 0 0.398154 -0.917318 -0.0780527 -0.91452 -0.39694 LS51.dat
1 1 6.16629 -99.376 -77.3286 -0.996951 0.0717068 0.030768 0 0.394315 -0.918975 -0.0780291 -0.916174 -0.393113 LS51.dat
1 1 6.10184 -99.7304 -76.5052 -0.996954 0.0718002 0.0304542 0 0.390479 -0.920612 -0.0779918 -0.917808 -0.38929 LS51.dat
1 1 6.03728 -100.081 -75.6799 -0.996958 0.0718792 0.0301356 0 0.386648 -0.922227 -0.0779408 -0.919422 -0.385472 LS51.dat
1 1 5.97262 -100.429 -74.8529 -0.996963 0.071944 0.0298127 0 0.382821 -0.923822 -0.0778764 -0.921017 -0.381659 LS51.dat
1 1 5.90788 -100.774 -74.0241 -0.996969 0.0719946 0.0294857 0 0.379 -0.925397 -0.0777987 -0.922592 -0.377852 LS51.dat
1 1 5.84307 -101.115 -73.1935 -0.996976 0.0720313 0.0291548 0 0.375185 -0.92695 -0.0777079 -0.924147 -0.374051 LS51.dat
1 1 5.7782 -101.453 -72.3612 -0.996984 0.0720541 0.0288204 0 0.371377 -0.928482 -0.0776041 -0.925682 -0.370257 LS51.dat
1 1 5.71328 -101.787 -71.5272 -0.996993 0.072063 0.0284825 0 0.367575 -0.929994 -0.0774876 -0.927198 -0.36647 LS51.dat
1 1 5.64832 -102.119 -70.6914 -0.997003 0.0720583 0.0281416 0 0.363781 -0.931485 -0.0773585 -0.928693 -0.362691 LS51.dat
1 1 5.58334 -102.447 -69.854 -0.997014 0.07204 0.0277977 0 0.359995 -0.932954 -0.077217 -0.930169 -0.35892 LS51.dat
1 1 5.51835 -102.772 -69.0148 -0.997026 0.0720082 0.0274513 0 0.356217 -0.934403 -0.0770633 -0.931624 -0.355158 LS51.dat
1 1 5.45336 -103.093 -68.174 -0.997039 0.0719631 0.0271025 0 0.352449 -0.935831 -0.0768976 -0.93306 -0.351405 LS51.dat
1 1 5.38838 -103.411 -67.3315 -0.997053 0.0719048 0.0267515 0 0.34869 -0.937238 -0.0767199 -0.934476 -0.347662 LS51.dat
1 1 5.32343 -103.726 -66.4874 -0.997067 0.0718335 0.0263985 0 0.344941 -0.938624 -0.0765306 -0.935872 -0.343929 LS51.dat
1 1 5.25851 -104.038 -65.6416 -0.997083 0.0717492 0.0260439 0 0.341202 -0.93999 -0.0763297 -0.937248 -0.340207 LS51.dat
1 1 5.19364 -104.347 -64.7942 -0.997099 0.071652 0.0256877 0 0.337474 -0.941335 -0.0761175 -0.938604 -0.336495 LS51.dat
1 1 5.12883 -104.652 -63.9453 -0.997116 0.0715423 0.0253303 0 0.333758 -0.942659 -0.0758941 -0.93994 -0.332795 LS51.dat
1 1 5.0641 -104.954 -63.0947 -0.997134 0.07142 0.0249717 0 0.330053 -0.943962 -0.0756598 -0.941257 -0.329107 LS51.dat
1 1 4.99944 -105.253 -62.2426 -0.997152 0.0712853 0.0246123 0 0.326361 -0.945245 -0.0754146 -0.942554 -0.325431 LS51.dat
1 1 4.93488 -105.548 -61.389 -0.997172 0.0711384 0.0242523 0 0.322681 -0.946508 -0.0751588 -0.943831 -0.321768 LS51.dat
1 1 4.87042 -105.841 -60.5338 -0.997192 0.0709794 0.0238917 0 0.319014 -0.94775 -0.0748925 -0.945088 -0.318118 LS51.dat
1 1 4.80608 -106.13 -59.6771 -0.997212 0.0708084 0.0235309 0 0.31536 -0.948972 -0.0746159 -0.946327 -0.314481 LS51.dat
1 1 4.74187 -106.416 -58.8189 -0.997234 0.0706257 0.02317 0 0.311721 -0.950174 -0.0743293 -0.947545 -0.310858 LS51.dat
1 1 4.6778 -106.698 -57.9593 -0.997256 0.0704314 0.0228091 0 0.308095 -0.951356 -0.0740326 -0.948745 -0.30725 LS51.dat
1 1 4.61387 -106.978 -57.0982 -0.997279 0.0702256 0.0224485 0 0.304484 -0.952517 -0.0737263 -0.949925 -0.303655 LS51.dat
1 1 4.55011 -107.255 -56.2356 -0.997302 0.0700084 0.0220883 0 0.300888 -0.953659 -0.0734103 -0.951086 -0.300076 LS51.dat
1 1 4.48651 -107.528 -55.3717 -0.997326 0.0697802 0.0217287 0 0.297307 -0.954782 -0.0730849 -0.952228 -0.296512 LS51.dat
1 1 4.4231 -107.798 -54.5063 -0.99735 0.0695409 0.0213698 0 0.293742 -0.955885 -0.0727503 -0.953352 -0.292964 LS51.dat
1 1 4.35987 -108.065 -53.6396 -0.997375 0.0692908 0.0210119 0 0.290193 -0.956968 -0.0724066 -0.954456 -0.289431 LS51.dat
1 1 4.29685 -108.329 -52.7714 -0.997401 0.06903 0.020655 0 0.28666 -0.958032 -0.072054 -0.955542 -0.285915 LS51.dat
1 1 4.23404 -108.59 -51.902 -0.997427 0.0687588 0.0202993 0 0.283144 -0.959077 -0.0716926 -0.95661 -0.282415 LS51.dat
1 1 4.17145 -108.848 -51.0312 -0.997453 0.0684772 0.019945 0 0.279644 -0.960104 -0.0713227 -0.957659 -0.278932 LS51.dat
1 1 4.10909 -109.102 -50.1591 -0.99748 0.0681854 0.0195922 0 0.276162 -0.961111 -0.0709444 -0.958689 -0.275466 LS51.dat
1 1 4.04697 -109.354 -49.2857 -0.997508 0.0678837 0.0192409 0 0.272697 -0.9621 -0.0705578 -0.959702 -0.272018 LS51.dat
1 1 3.9851 -109.602 -48.411 -0.997536 0.0675721 0.0188915 0 0.26925 -0.96307 -0.0701632 -0.960697 -0.268587 LS51.dat
1 1 3.92349 -109.848 -47.5351 -0.997564 0.0672508 0.0185439 0 0.265821 -0.964022 -0.0697606 -0.961674 -0.265174 LS51.dat
1 1 3.86215 -110.09 -46.658 -0.997592 0.06692 0.0181983 0 0.262411 -0.964956 -0.0693503 -0.962633 -0.261779 LS51.dat
1 1 3.80109 -110.33 -45.7796 -0.997621 0.06658 0.0178548 0 0.259018 -0.965872 -0.0689325 -0.963575 -0.258402 LS51.dat
1 1 3.74032 -110.566 -44.9001 -0.997651 0.0662307 0.0175135 0 0.255645 -0.966771 -0.0685072 -0.9645 -0.255044 LS51.dat
1 1 3.67984 -110.8 -44.0194 -0.99768 0.0658725 0.0171745 0 0.25229 -0.967652 -0.0680746 -0.965407 -0.251705 LS51.dat
1 1 3.61967 -111.03 -43.1375 -0.99771 0.0655054 0.016838 0 0.248955 -0.968515 -0.0676349 -0.966297 -0.248384 LS51.dat
1 1 3.55981 -111.258 -42.2545 -0.99774 0.0651298 0.016504 0 0.245638 -0.969362 -0.0671883 -0.967171 -0.245083 LS51.dat
1 1 3.50027 -111.482 -41.3704 -0.997771 0.0647456 0.0161727 0 0.242342 -0.970191 -0.0667349 -0.968028 -0.241802 LS51.dat
1 1 3.44106 -111.704 -40.4851 -0.997801 0.0643531 0.015844 0 0.239065 -0.971004 -0.0662748 -0.968869 -0.23854 LS51.dat
1 1 3.3822 -111.923 -39.5989 -0.997832 0.0639524 0.0155181 0 0.235808 -0.9718 -0.0658083 -0.969693 -0.235297 LS51.dat
1 1 3.32368 -112.138 -38.7115 -0.997863 0.0635438 0.0151952 0 0.232572 -0.972579 -0.0653354 -0.970501 -0.232075 LS51.dat
1 1 3.26551 -112.351 -37.8232 -0.997895 0.0631274 0.0148751 0 0.229355 -0.973343 -0.0648563 -0.971294 -0.228872 LS51.dat
1 1 3.20771 -112.561 -36.9338 -0.997926 0.0627033 0.0145581 0 0.226159 -0.97409 -0.0643712 -0.97207 -0.22569 LS51.dat
1 1 3.15027 -112.768 -36.0434 -0.997958 0.0622718 0.0142442 0 0.222983 -0.974822 -0.0638801 -0.972831 -0.222528 LS51.dat
1 1 3.09322 -112.973 -35.1521 -0.997989 0.0618329 0.0139335 0 0.219829 -0.975539 -0.0633834 -0.973577 -0.219387 LS51.dat
1 1 3.03655 -113.174 -34.2598 -0.998021 0.0613869 0.013626 0 0.216694 -0.976239 -0.062881 -0.974308 -0.216266 LS51.dat
1 1 2.98027 -113.373 -33.3665 -0.998053 0.0609339 0.0133217 0 0.213581 -0.976925 -0.0623731 -0.975023 -0.213165 LS51.dat
1 1 2.92439 -113.569 -32.4724 -0.998085 0.0604741 0.0130208 0 0.210489 -0.977596 -0.06186 -0.975724 -0.210086 LS51.dat
1 1 2.86892 -113.762 -31.5774 -0.998117 0.0600076 0.0127234 0 0.207418 -0.978252 -0.0613416 -0.97641 -0.207027 LS51.dat
1 1 2.81386 -113.952 -30.6815 -0.998149 0.0595346 0.0124293 0 0.204368 -0.978894 -0.0608182 -0.977082 -0.20399 LS51.dat
1 1 2.75922 -114.14 -29.7847 -0.998181 0.0590552 0.0121387 0 0.20134 -0.979521 -0.0602899 -0.97774 -0.200973 LS51.dat
1 1 2.705 -114.324 -28.8872 -0.998213 0.0585697 0.0118517 0 0.198332 -0.980135 -0.0597568 -0.978383 -0.197978 LS51.dat
1 1 2.65122 -114.507 -27.9888 -0.998245 0.0580781 0.0115682 0 0.195347 -0.980734 -0.059219 -0.979013 -0.195004 LS51.dat
1 1 2.59788 -114.686 -27.0896 -0.998277 0.0575807 0.0112884 0 0.192382 -0.98132 -0.0586768 -0.979629 -0.192051 LS51.dat
1 1 2.54499 -114.863 -26.1897 -0.998309 0.0570775 0.0110121 0 0.189439 -0.981892 -0.0581301 -0.980232 -0.189119 LS51.dat
1 1 2.49254 -115.037 -25.289 -0.998341 0.0565688 0.0107396 0 0.186518 -0.982451 -0.0575792 -0.980822 -0.186209 LS51.dat
1 1 2.44055 -115.208 -24.3876 -0.998373 0.0560546 0.0104707 0 0.183619 -0.982998 -0.0570242 -0.981398 -0.18332 LS51.dat
1 1 2.38903 -115.377 -23.4855 -0.998405 0.0555352 0.0102055 0 0.180741 -0.983531 -0.0564651 -0.981962 -0.180452 LS51.dat
1 1 2.33797 -115.543 -22.5827 -0.998436 0.0550106 0.00994413 0 0.177884 -0.984051 -0.0559022 -0.982513 -0.177606 LS51.dat
1 1 2.28738 -115.707 -21.6793 -0.998468 0.0544811 0.00968647 0 0.17505 -0.98456 -0.0553355 -0.983051 -0.174782 LS51.dat
1 1 2.23728 -115.868 -20.7752 -0.998499 0.0539467 0.00943258 0 0.172237 -0.985056 -0.0547652 -0.983577 -0.171978 LS51.dat
1 1 2.18766 -116.026 -19.8704 -0.998531 0.0534077 0.00918248 0 0.169446 -0.98554 -0.0541913 -0.984091 -0.169197 LS51.dat
1 1 2.13853 -116.182 -18.9651 -0.998562 0.052864 0.00893617 0 0.166676 -0.986012 -0.053614 -0.984594 -0.166436 LS51.dat
1 1 2.08989 -116.335 -18.0592 -0.998593 0.052316 0.00869368 0 0.163928 -0.986472 -0.0530334 -0.985084 -0.163698 LS51.dat
1 1 2.04175 -116.486 -17.1528 -0.998624 0.0517637 0.008455 0 0.161202 -0.986921 -0.0524497 -0.985563 -0.16098 LS51.dat
1 1 1.99411 -116.635 -16.2458 -0.998654 0.0512073 0.00822013 0 0.158498 -0.987359 -0.0518628 -0.986031 -0.158284 LS51.dat
1 1 1.94698 -116.78 -15.3382 -0.998685 0.0506468 0.00798909 0 0.155815 -0.987786 -0.051273 -0.986487 -0.15561 LS51.dat
1 1 1.90036 -116.924 -14.4302 -0.998715 0.0500825 0.00776187 0 0.153153 -0.988202 -0.0506804 -0.986933 -0.152957 LS51.dat
1 1 1.85426 -117.065 -13.5217 -0.998745 0.0495144 0.00753848 0 0.150514 -0.988608 -0.050085 -0.987367 -0.150325 LS51.dat
1 1 1.80867 -117.203 -12.6127 -0.998775 0.0489427 0.00731889 0 0.147895 -0.989003 -0.049487 -0.987791 -0.147714 LS51.dat
1 1 1.76362 -117.34 -11.7033 -0.998804 0.0483676 0.00710313 0 0.145299 -0.989388 -0.0488864 -0.988205 -0.145125 LS51.dat
1 1 1.71908 -117.473 -10.7935 -0.998834 0.0477891 0.00689116 0 0.142723 -0.989763 -0.0482834 -0.988608 -0.142557 LS51.dat
1 1 1.67508 -117.605 -9.88328 -0.998863 0.0472073 0.006683 0 0.140169 -0.990128 -0.047678 -0.989002 -0.14001 LS51.dat
1 1 1.63162 -117.734 -8.97267 -0.998892 0.0466224 0.00647862 0 0.137637 -0.990483 -0.0470704 -0.989385 -0.137484 LS51.dat
1 1 1.58869 -117.861 -8.0617 -0.99892 0.0460345 0.00627802 0 0.135126 -0.990828 -0.0464606 -0.989759 -0.13498 LS51.dat
1 1 1.54631 -117.985 -7.15039 -0.998948 0.0454438 0.00608118 0 0.132635 -0.991165 -0.0458489 -0.990123 -0.132496 LS51.dat
1 1 1.50446 -118.107 -6.23876 -0.998976 0.0448502 0.00588809 0 0.130166 -0.991492 -0.0452351 -0.990477 -0.130033 LS51.dat
1 1 1.46317 -118.227 -5.32682 -0.999004 0.0442541 0.00569873 0 0.127718 -0.99181 -0.0446195 -0.990823 -0.127591 LS51.dat
1 1 1.42243 -118.345 -4.41461 -0.999031 0.0436554 0.00551308 0 0.125291 -0.99212 -0.0440021 -0.991159 -0.12517 LS51.dat
1 1 1.38224 -118.46 -3.50213 -0.999059 0.0430542 0.00533113 0 0.122885 -0.992421 -0.043383 -0.991487 -0.122769 LS51.dat
1 1 1.3426 -118.573 -2.5894 -0.999085 0.0424508 0.00515285 0 0.1205 -0.992713 -0.0427624 -0.991805 -0.12039 LS51.dat
1 1 1.30353 -118.684 -1.67645 -0.999112 0.0418451 0.00497823 0 0.118135 -0.992998 -0.0421402 -0.992115 -0.11803 LS51.dat
1 1 1.26501 -118.793 -0.763296 -0.999138 0.0412373 0.00480725 0 0.115791 -0.993274 -0.0415166 -0.992417 -0.115691 LS51.dat
1 1 1.22706 -118.899 0.150047 -0.999164 0.0406275 0.00463987 0 0.113468 -0.993542 -0.0408916 -0.992711 -0.113373 LS51.dat
1 1 1.18967 -119.004 1.06356 -0.999189 0.0400159 0.00447608 0 0.111164 -0.993802 -0.0402654 -0.992996 -0.111074 LS51.dat
1 1 1.15286 -119.106 1.97722 -0.999214 0.0394024 0.00431586 0 0.108882 -0.994055 -0.039638 -0.993273 -0.108796 LS51.dat
1 1 1.11661 -119.206 2.89101 -0.999239 0.0387872 0.00415916 0 0.106619 -0.9943 -0.0390095 -0.993543 -0.106538 LS51.dat
1 1 1.08093 -119.304 3.80492 -0.999263 0.0381704 0.00400598 0 0.104377 -0.994538 -0.03838 -0.993805 -0.1043 LS51.dat
1 1 1.04582 -119.4 4.71892 -0.999287 0.0375521 0.00385628 0 0.102154 -0.994769 -0.0377495 -0.99406 -0.102081 LS51.dat
1 1 1.01129 -119.494 5.63299 -0.999311 0.0369323 0.00371003 0 0.0999518 -0.994992 -0.0371182 -0.994307 -0.0998829 LS51.dat
1 1 0.977338 -119.586 6.54713 -0.999334 0.0363112 0.0035672 0 0.097769 -0.995209 -0.036486 -0.994546 -0.0977039 LS51.dat
1 1 0.943962 -119.676 7.4613 -0.999357 0.0356889 0.00342777 0 0.095606 -0.995419 -0.0358531 -0.994779 -0.0955445 LS51.dat
1 1 0.911164 -119.764 8.37549 -0.99938 0.0350654 0.00329171 0 0.0934625 -0.995623 -0.0352196 -0.995005 -0.0934045 LS51.dat
1 1 0.878946 -119.85 9.28969 -0.999402 0.0344409 0.00315898 0 0.0913384 -0.99582 -0.0345854 -0.995224 -0.0912838 LS51.dat
1 1 0.84731 -119.933 10.2039 -0.999424 0.0338153 0.00302955 0 0.0892337 -0.996011 -0.0339508 -0.995437 -0.0891822 LS51.dat
1 1 0.816256 -120.015 11.118 -0.999445 0.0331889 0.00290339 0 0.0871481 -0.996195 -0.0333156 -0.995642 -0.0870997 LS51.dat
1 1 0.785785 -120.095 12.0321 -0.999466 0.0325616 0.00278048 0 0.0850816 -0.996374 -0.0326801 -0.995842 -0.0850362 LS51.dat
1 1 0.755898 -120.174 12.9462 -0.999486 0.0319336 0.00266076 0 0.0830341 -0.996547 -0.0320442 -0.996035 -0.0829915 LS51.dat
1 1 0.726596 -120.25 13.8601 -0.999507 0.0313049 0.00254423 0 0.0810054 -0.996714 -0.0314081 -0.996222 -0.0809655 LS51.dat
1 1 0.697879 -120.324 14.774 -0.999526 0.0306756 0.00243083 0 0.0789954 -0.996875 -0.0307717 -0.996403 -0.078958 LS51.dat
1 1 0.669749 -120.396 15.6877 -0.999546 0.0300458 0.00232053 0 0.077004 -0.997031 -0.0301352 -0.996578 -0.076969 LS51.dat
1 1 0.642205 -120.467 16.6013 -0.999565 0.0294155 0.00221331 0 0.075031 -0.997181 -0.0294986 -0.996747 -0.0749984 LS51.dat
1 1 0.615247 -120.536 17.5148 -0.999583 0.0287848 0.00210913 0 0.0730763 -0.997326 -0.028862 -0.996911 -0.0730459 LS51.dat
1 1 0.588877 -120.603 18.428 -0.999602 0.0281539 0.00200795 0 0.0711398 -0.997466 -0.0282254 -0.997069 -0.0711115 LS51.dat
1 1 0.563094 -120.668 19.3411 -0.999619 0.0275227 0.00190974 0 0.0692214 -0.997601 -0.0275889 -0.997222 -0.069195 LS51.dat
1 1 0.537899 -120.731 20.254 -0.999637 0.0268913 0.00181446 0 0.0673209 -0.997731 -0.0269525 -0.997369 -0.0672964 LS51.dat
1 1 0.513291 -120.793 21.1667 -0.999654 0.0262598 0.00172208 0 0.0654381 -0.997857 -0.0263162 -0.997511 -0.0654154 LS51.dat
1 1 0.48927 -120.853 22.0792 -0.99967 0.0256283 0.00163257 0 0.063573 -0.997977 -0.0256802 -0.997648 -0.063552 LS51.dat
1 1 0.465837 -120.911 22.9914 -0.999686 0.0249968 0.00154588 0 0.0617254 -0.998093 -0.0250445 -0.99778 -0.0617061 LS51.dat
1 1 0.442991 -120.967 23.9033 -0.999702 0.0243653 0.00146199 0 0.0598952 -0.998205 -0.0244091 -0.997907 -0.0598774 LS51.dat
1 1 0.420732 -121.022 24.815 -0.999717 0.023734 0.00138085 0 0.0580822 -0.998312 -0.0237741 -0.99803 -0.0580658 LS51.dat
1 1 0.399059 -121.075 25.7263 -0.999732 0.0231028 0.00130244 0 0.0562864 -0.998415 -0.0231395 -0.998147 -0.0562713 LS51.dat
1 1 0.377972 -121.126 26.6374 -0.999747 0.022472 0.00122671 0 0.0545075 -0.998513 -0.0225054 -0.99826 -0.0544936 LS51.dat
1 1 0.357471 -121.176 27.5481 -0.999761 0.0218414 0.00115364 0 0.0527454 -0.998608 -0.0218718 -0.998369 -0.0527328 LS51.dat
1 1 0.337554 -121.224 28.4585 -0.999774 0.0212111 0.00108318 0 0.051 -0.998699 -0.0212388 -0.998473 -0.0509885 LS51.dat
1 1 0.318222 -121.271 29.3685 -0.999788 0.0205813 0.0010153 0 0.0492712 -0.998785 -0.0206063 -0.998573 -0.0492607 LS51.dat
1 1 0.299473 -121.316 30.2782 -0.9998 0.0199519 0.000949965 0 0.0475588 -0.998868 -0.0199745 -0.998669 -0.0475493 LS51.dat
1 1 0.281307 -121.359 31.1874 -0.999813 0.0193231 0.000887141 0 0.0458627 -0.998948 -0.0193434 -0.998761 -0.0458541 LS51.dat
1 1 0.263723 -121.401 32.0963 -0.999825 0.0186947 0.000826793 0 0.0441828 -0.999023 -0.018713 -0.998849 -0.044175 LS51.dat
1 1 0.246721 -121.441 33.0048 -0.999836 0.018067 0.000768884 0 0.0425188 -0.999096 -0.0180834 -0.998932 -0.0425119 LS51.dat
1 1 0.230298 -121.479 33.9128 -0.999848 0.01744 0.00071338 0 0.0408707 -0.999164 -0.0174545 -0.999012 -0.0408645 LS51.dat
1 1 0.214454 -121.517 34.8204 -0.999858 0.0168136 0.000660246 0 0.0392384 -0.99923 -0.0168265 -0.999088 -0.0392328 LS51.dat
1 1 0.199188 -121.552 35.7275 -0.999869 0.0161879 0.000609449 0 0.0376217 -0.999292 -0.0161994 -0.999161 -0.0376167 LS51.dat
1 1 0.184499 -121.586 36.6341 -0.999879 0.0155631 0.000560952 0 0.0360204 -0.999351 -0.0155732 -0.99923 -0.036016 LS51.dat
1 1 0.170385 -121.619 37.5403 -0.999888 0.014939 0.000514723 0 0.0344345 -0.999407 -0.0149479 -0.999295 -0.0344306 LS51.dat
1 1 0.156846 -121.65 38.446 -0.999897 0.0143158 0.000470726 0 0.0328637 -0.99946 -0.0143236 -0.999357 -0.0328603 LS51.dat
1 1 0.143879 -121.68 39.3512 -0.999906 0.0136936 0.000428928 0 0.031308 -0.99951 -0.0137003 -0.999416 -0.0313051 LS51.dat
1 1 0.131484 -121.708 40.2558 -0.999914 0.0130722 0.000389296 0 0.0297672 -0.999557 -0.013078 -0.999471 -0.0297647 LS51.dat
1 1 0.119659 -121.735 41.1599 -0.999922 0.0124518 0.000351795 0 0.0282413 -0.999601 -0.0124568 -0.999524 -0.0282391 LS51.dat
1 1 0.108403 -121.761 42.0634 -0.99993 0.0118324 0.000316394 0 0.0267299 -0.999643 -0.0118367 -0.999573 -0.0267281 LS51.dat
1 1 0.097714 -121.785 42.9664 -0.999937 0.0112141 0.000283057 0 0.0252331 -0.999682 -0.0112177 -0.999619 -0.0252315 LS51.dat
1 1 0.0875905 -121.808 43.8688 -0.999944 0.0105969 0.000251754 0 0.0237507 -0.999718 -0.0105999 -0.999662 -0.0237494 LS51.dat
1 1 0.0780308 -121.829 44.7707 -0.99995 0.00998072 0.000222451 0 0.0222826 -0.999752 -0.0099832 -0.999702 -0.0222814 LS51.dat
1 1 0.0690333 -121.849 45.6719 -0.999956 0.00936572 0.000195116 0 0.0208285 -0.999783 -0.00936775 -0.999739 -0.0208276 LS51.dat
1 1 0.0605963 -121.868 46.5725 -0.999962 0.00875189 0.000169718 0 0.0193885 -0.999812 -0.00875354 -0.999774 -0.0193877 LS51.dat
1 1 0.0527179 -121.885 47.4725 -0.999967 0.00813927 0.000146223 0 0.0179623 -0.999839 -0.00814058 -0.999806 -0.0179617 LS51.dat
1 1 0.0453965 -121.902 48.3718 -0.999972 0.00752788 0.000124602 0 0.0165498 -0.999863 -0.00752891 -0.999835 -0.0165493 LS51.dat
1 1 0.0386302 -121.916 49.2705 -0.999976 0.00691775 0.000104823 0 0.015151 -0.999885 -0.00691855 -0.999861 -0.0151506 LS51.dat
1 1 0.0324169 -121.93 50.1685 -0.99998 0.00630891 8.6854e-005 0 0.0137656 -0.999905 -0.00630951 -0.999885 -0.0137653 LS51.dat
1 1 0.0267549 -121.942 51.0659 -0.999984 0.00570139 7.06658e-005 0 0.0123935 -0.999923 -0.00570183 -0.999907 -0.0123933 LS51.dat
1 1 0.0216422 -121.954 51.9626 -0.999987 0.0050952 5.62275e-005 0 0.0110347 -0.999939 -0.00509551 -0.999926 -0.0110346 LS51.dat
1 1 0.0170766 -121.963 52.8585 -0.99999 0.00449039 4.35093e-005 0 0.00968897 -0.999953 -0.0044906 -0.999943 -0.00968887 LS51.dat
1 1 0.0130563 -121.972 53.7538 -0.999992 0.00388696 3.24813e-005 0 0.0083562 -0.999965 -0.00388709 -0.999958 -0.00835614 LS51.dat
1 1 0.00957907 -121.98 54.6484 -0.999995 0.00328494 2.31143e-005 0 0.00703626 -0.999975 -0.00328503 -0.99997 -0.00703623 LS51.dat
1 1 0.00664281 -121.986 55.5422 -0.999996 0.00268437 1.53791e-005 0 0.00572904 -0.999984 -0.00268441 -0.99998 -0.00572902 LS51.dat
1 1 0.0042454 -121.991 56.4353 -0.999998 0.00208525 9.24694e-006 0 0.00443441 -0.99999 -0.00208527 -0.999988 -0.00443441 LS51.dat
1 1 0.00238464 -121.995 57.3276 -0.999999 0.00148761 4.68933e-006 0 0.00315225 -0.999995 -0.00148761 -0.999994 -0.00315225 LS51.dat
1 1 0.00105832 -121.998 58.2192 -1 0.000891465 1.67813e-006 0 0.00188244 -0.999998 -0.000891467 -0.999998 -0.00188244 LS51.dat
1 1 0.000264197 -121.999 59.11 -1 0.000296843 1.85481e-007 0 0.000624844 -1 -0.000296844 -1 -0.000624844 LS51.dat
0 MLCAD SKIP_END
0 MLCAD FLEXHOSE 1 -80 0 0 -1 0 0 0 1 0 0 0 1  10 -51 -147  0 50 -50 0 -122 60 0 0 100 250 LS51.dat LS51.dat 0
0 MLCAD SKIP_BEGIN
1 1 -90 -51 -147 1 -0.000592489 -0.000590698 0 0.706035 -0.708177 -0.000836641 -0.708176 -0.706035 LS51.dat
1 1 -89.9995 -51.6281 -146.37 0.999997 -0.00177508 -0.00175896 0 0.703874 -0.710325 -0.00249896 -0.710323 -0.703872 LS51.dat
1 1 -89.9979 -52.2542 -145.738 0.999991 -0.00295392 -0.00290914 0 0.701687 -0.712486 -0.00414593 -0.71248 -0.701681 LS51.dat
1 1 -89.9953 -52.8783 -145.104 0.999983 -0.00412883 -0.00404109 0 0.699473 -0.714659 -0.00577734 -0.714647 -0.699461 LS51.dat
1 1 -89.9916 -53.5004 -144.469 0.999973 -0.00529965 -0.00515465 0 0.697233 -0.716845 -0.00739301 -0.716825 -0.697214 LS51.dat
1 1 -89.9869 -54.1204 -143.831 0.99996 -0.00646618 -0.00624966 0 0.694966 -0.719043 -0.00899276 -0.719014 -0.694938 LS51.dat
1 1 -89.9811 -54.7384 -143.192 0.999944 -0.00762824 -0.00732598 0 0.692673 -0.721252 -0.0105764 -0.721212 -0.692634 LS51.dat
1 1 -89.9744 -55.3542 -142.551 0.999926 -0.00878566 -0.00838346 0 0.690353 -0.723473 -0.0121437 -0.723419 -0.690302 LS51.dat
1 1 -89.9665 -55.968 -141.908 0.999906 -0.00993824 -0.00942197 0 0.688006 -0.725705 -0.0136946 -0.725637 -0.687942 LS51.dat
1 1 -89.9577 -56.5796 -141.263 0.999884 -0.0110858 -0.0104414 0 0.685633 -0.727948 -0.0152288 -0.727863 -0.685553 LS51.dat
1 1 -89.9479 -57.189 -140.616 0.99986 -0.0122281 -0.0114416 0 0.683232 -0.730201 -0.0167463 -0.730099 -0.683137 LS51.dat
1 1 -89.937 -57.7963 -139.967 0.999834 -0.0133651 -0.0124225 0 0.680805 -0.732465 -0.0182467 -0.732343 -0.680692 LS51.dat
1 1 -89.9251 -58.4014 -139.316 0.999805 -0.0144964 -0.0133839 0 0.678351 -0.734738 -0.0197301 -0.734595 -0.678219 LS51.dat
1 1 -89.9122 -59.0042 -138.663 0.999775 -0.015622 -0.0143258 0 0.67587 -0.737021 -0.0211962 -0.736855 -0.675718 LS51.dat
1 1 -89.8983 -59.6047 -138.008 0.999744 -0.0167416 -0.0152482 0 0.673362 -0.739313 -0.0226448 -0.739124 -0.673189 LS51.dat
1 1 -89.8835 -60.203 -137.352 0.99971 -0.017855 -0.0161508 0 0.670826 -0.741614 -0.0240759 -0.741399 -0.670632 LS51.dat
1 1 -89.8676 -60.799 -136.693 0.999675 -0.0189621 -0.0170336 0 0.668264 -0.743924 -0.0254893 -0.743682 -0.668047 LS51.dat
1 1 -89.8508 -61.3927 -136.032 0.999639 -0.0200626 -0.0178966 0 0.665675 -0.746242 -0.0268849 -0.745972 -0.665434 LS51.dat
1 1 -89.8329 -61.984 -135.37 0.999601 -0.0211563 -0.0187397 0 0.663059 -0.748567 -0.0282624 -0.748268 -0.662794 LS51.dat
1 1 -89.8141 -62.5729 -134.705 0.999561 -0.0222431 -0.0195628 0 0.660416 -0.7509 -0.029622 -0.750571 -0.660126 LS51.dat
1 1 -89.7944 -63.1595 -134.038 0.999521 -0.0233228 -0.0203659 0 0.657745 -0.75324 -0.0309632 -0.752879 -0.65743 LS51.dat
1 1 -89.7737 -63.7436 -133.37 0.999479 -0.0243951 -0.021149 0 0.655048 -0.755587 -0.0322862 -0.755193 -0.654707 LS51.dat
1 1 -89.752 -64.3253 -132.699 0.999436 -0.0254598 -0.0219121 0 0.652324 -0.75794 -0.0335908 -0.757512 -0.651956 LS51.dat
1 1 -89.7294 -64.9046 -132.026 0.999392 -0.0265168 -0.022655 0 0.649573 -0.760299 -0.0348768 -0.759836 -0.649178 LS51.dat
1 1 -89.7059 -65.4813 -131.352 0.999347 -0.0275658 -0.0233779 0 0.646796 -0.762663 -0.0361442 -0.762165 -0.646373 LS51.dat
1 1 -89.6814 -66.0556 -130.675 0.999301 -0.0286067 -0.0240807 0 0.643992 -0.765032 -0.0373928 -0.764497 -0.643541 LS51.dat
1 1 -89.656 -66.6273 -129.996 0.999254 -0.0296393 -0.0247634 0 0.641161 -0.767406 -0.0386227 -0.766834 -0.640683 LS51.dat
1 1 -89.6297 -67.1965 -129.316 0.999206 -0.0306633 -0.025426 0 0.638304 -0.769785 -0.0398336 -0.769174 -0.637797 LS51.dat
1 1 -89.6025 -67.7632 -128.633 0.999158 -0.0316786 -0.0260685 0 0.63542 -0.772166 -0.0410256 -0.771516 -0.634885 LS51.dat
1 1 -89.5743 -68.3272 -127.948 0.999109 -0.032685 -0.026691 0 0.632511 -0.774552 -0.0421985 -0.773862 -0.631947 LS51.dat
1 1 -89.5453 -68.8887 -127.261 0.99906 -0.0336822 -0.0272935 0 0.629575 -0.77694 -0.0433524 -0.77621 -0.628983 LS51.dat
1 1 -89.5154 -69.4475 -126.572 0.99901 -0.0346701 -0.0278761 0 0.626613 -0.779331 -0.044487 -0.778559 -0.625993 LS51.dat
1 1 -89.4847 -70.0037 -125.881 0.99896 -0.0356485 -0.0284388 0 0.623625 -0.781723 -0.0456024 -0.78091 -0.622977 LS51.dat
1 1 -89.453 -70.5572 -125.188 0.998909 -0.0366171 -0.0289817 0 0.620612 -0.784118 -0.0466985 -0.783262 -0.619935 LS51.dat
1 1 -89.4205 -71.108 -124.493 0.998858 -0.0375759 -0.0295048 0 0.617573 -0.786513 -0.0477753 -0.785615 -0.616868 LS51.dat
1 1 -89.3872 -71.6562 -123.795 0.998807 -0.0385246 -0.0300082 0 0.61451 -0.788909 -0.0488327 -0.787968 -0.613777 LS51.dat
1 1 -89.353 -72.2016 -123.096 0.998756 -0.039463 -0.030492 0 0.611421 -0.791306 -0.0498707 -0.790321 -0.61066 LS51.dat
1 1 -89.3179 -72.7442 -122.395 0.998704 -0.0403909 -0.0309563 0 0.608307 -0.793702 -0.0508892 -0.792673 -0.607519 LS51.dat
1 1 -89.2821 -73.2841 -121.691 0.998653 -0.0413082 -0.0314012 0 0.605169 -0.796097 -0.0518883 -0.795025 -0.604354 LS51.dat
1 1 -89.2454 -73.8212 -120.985 0.998602 -0.0422146 -0.0318268 0 0.602006 -0.798491 -0.0528679 -0.797375 -0.601164 LS51.dat
1 1 -89.208 -74.3555 -120.278 0.99855 -0.04311 -0.0322332 0 0.598819 -0.800884 -0.053828 -0.799723 -0.597951 LS51.dat
1 1 -89.1697 -74.887 -119.568 0.998499 -0.0439942 -0.0326206 0 0.595609 -0.803275 -0.0547686 -0.802069 -0.594715 LS51.dat
1 1 -89.1307 -75.4157 -118.856 0.998448 -0.044867 -0.0329891 0 0.592375 -0.805663 -0.0556896 -0.804412 -0.591455 LS51.dat
1 1 -89.0908 -75.9415 -118.142 0.998397 -0.0457283 -0.0333388 0 0.589117 -0.808048 -0.0565911 -0.806753 -0.588173 LS51.dat
1 1 -89.0502 -76.4644 -117.426 0.998347 -0.0465779 -0.0336699 0 0.585837 -0.810429 -0.0574731 -0.809089 -0.584868 LS51.dat
1 1 -89.0089 -76.9845 -116.708 0.998297 -0.0474156 -0.0339825 0 0.582534 -0.812807 -0.0583356 -0.811422 -0.581542 LS51.dat
1 1 -88.9668 -77.5016 -115.987 0.998247 -0.0482412 -0.0342767 0 0.579208 -0.81518 -0.0591786 -0.813751 -0.578193 LS51.dat
1 1 -88.924 -78.0158 -115.265 0.998198 -0.0490546 -0.0345529 0 0.575861 -0.817548 -0.0600021 -0.816075 -0.574823 LS51.dat
1 1 -88.8804 -78.5271 -114.54 0.99815 -0.0498556 -0.034811 0 0.572492 -0.81991 -0.0608061 -0.818393 -0.571432 LS51.dat
1 1 -88.8362 -79.0354 -113.814 0.998101 -0.0506441 -0.0350514 0 0.569101 -0.822267 -0.0615908 -0.820706 -0.568021 LS51.dat
1 1 -88.7912 -79.5408 -113.085 0.998054 -0.0514199 -0.0352742 0 0.56569 -0.824618 -0.062356 -0.823013 -0.564589 LS51.dat
1 1 -88.7455 -80.0431 -112.354 0.998007 -0.0521828 -0.0354795 0 0.562258 -0.826962 -0.0631019 -0.825314 -0.561138 LS51.dat
1 1 -88.6992 -80.5425 -111.621 0.997961 -0.0529328 -0.0356677 0 0.558806 -0.829298 -0.0638284 -0.827607 -0.557666 LS51.dat
1 1 -88.6522 -81.0388 -110.886 0.997915 -0.0536697 -0.0358389 0 0.555334 -0.831627 -0.0645357 -0.829894 -0.554176 LS51.dat
1 1 -88.6045 -81.5322 -110.149 0.997871 -0.0543933 -0.0359933 0 0.551843 -0.833948 -0.0652238 -0.832172 -0.550668 LS51.dat
1 1 -88.5562 -82.0224 -109.409 0.997827 -0.0551035 -0.0361311 0 0.548333 -0.83626 -0.0658927 -0.834443 -0.547141 LS51.dat
1 1 -88.5072 -82.5097 -108.668 0.997784 -0.0558002 -0.0362526 0 0.544804 -0.838564 -0.0665425 -0.836705 -0.543596 LS51.dat
1 1 -88.4576 -82.9938 -107.924 0.997741 -0.0564832 -0.036358 0 0.541257 -0.840857 -0.0671733 -0.838958 -0.540034 LS51.dat
1 1 -88.4074 -83.4749 -107.179 0.9977 -0.0571524 -0.0364476 0 0.537692 -0.843141 -0.0677852 -0.841202 -0.536456 LS51.dat
1 1 -88.3566 -83.9528 -106.431 0.997659 -0.0578078 -0.0365215 0 0.534111 -0.845415 -0.0683781 -0.843436 -0.532861 LS51.dat
