0 8219_B
0 Author: marco
0 ROTATION CENTER 0 0 0 1 "Custom" 
0 ROTATION CONFIG 0 0
1 7 280 -77.515 105 -1 0 0 0 1 0 0 0 -1 32123a.dat
1 7 280 -77.515 100 0 0 -1 0 1 0 1 0 0 3749.dat
1 7 399 -117.515 130 0 0 -1 0 1 0 1 0 0 32123a.dat
1 0 284 -117.515 130 1 0 0 0 1 0 0 0 1 3708.dat
1 7 169 -117.515 130 0 0 -1 0 1 0 1 0 0 32123a.dat
1 7 330 -98.015 130 0 -1 0 0 0 1 -1 0 0 32068.dat
1 7 250 -98.015 130 0 -1 0 0 0 1 -1 0 0 32068.dat
1 7 320 -77.515 120 0 0 1 0 1 0 -1 0 0 3749.dat
1 0 280 -78.015 115 -1 0 0 0 0 1 0 1 0 2905.dat
1 7 240 -77.515 120 0 0 1 0 1 0 -1 0 0 3749.dat
1 0 300 -77.515 90 0 0 1 0 1 0 -1 0 0 6558.dat
1 4 280 -95.515 90 -1 0 0 0 1 0 0 0 -1 2431.dat
1 4 280 -87.515 90 -1 0 0 0 1 0 0 0 -1 3701.dat
1 4 280 -63.515 90 -1 0 0 0 1 0 0 0 -1 3710.dat
1 4 280 -55.515 90 -1 0 0 0 1 0 0 0 -1 3710.dat
1 0 280 -55.515 10 1 0 0 0 1 0 0 0 1 2717.dat
1 4 280 -55.515 10 1 0 0 0 1 0 0 0 1 2419.dat
1 4 310 -47.515 60 0 0 -1 0 1 0 1 0 0 3702.dat
1 4 250 -47.515 60 0 0 -1 0 1 0 1 0 0 3702.dat
1 4 290 -47.515 -80 0 0 -1 0 1 0 1 0 0 3895.dat
1 4 270 -47.515 -80 0 0 -1 0 1 0 1 0 0 3895.dat
1 4 270 -79.515 -150 -1 0 0 0 1 0 0 0 -1 3040b.dat
1 4 280 -55.515 -180 0 0 -1 0 1 0 1 0 0 3795.dat
1 4 290 -79.515 -150 -1 0 0 0 1 0 0 0 -1 3040b.dat
1 7 280 -71.515 -170 -1 0 0 0 1 0 0 0 -1 2412b.dat
1 0 280 -63.515 -170 -1 0 0 0 1 0 0 0 -1 3023.dat
1 4 280 -63.515 -200 0 0 -1 0 1 0 1 0 0 3068b.dat
1 4 280 -23.515 -180 0 0 -1 0 1 0 1 0 0 3795.dat
1 4 290 -47.515 -240 0 0 1 0 1 0 -1 0 0 2743.dat
1 4 270 -47.515 -240 0 0 1 0 1 0 -1 0 0 2743.dat
1 4 280 -55.515 130 -1 0 0 0 1 0 0 0 -1 2431.dat
1 4 280 -47.515 130 -1 0 0 0 1 0 0 0 -1 3700.dat
1 0 280 -23.515 130 -1 0 0 0 1 0 0 0 -1 3710.dat
1 0 260 -77.515 90 0 0 1 0 1 0 -1 0 0 6558.dat
1 7 280 -38.015 60 0 0 -1 0 -1 0 -1 0 0 2853.dat
1 0 320 -37.515 60 1 0 0 0 1 0 0 0 1 4519.dat
1 7 330 -37.515 60 0 0 -1 0 1 0 1 0 0 3647.dat
1 8 280 -37.265 120 0 0 1 0 1 0 -1 0 0 32002.dat
1 47 280 -103.516 59.99 -1 0 0 0 1 -4.69859e-005 0 -4.69859e-005 -1 2850.dat
1 14 280 -75.266 59.989 -1 0 0 0 1 -4.69859e-005 0 -4.69859e-005 -1 2851.dat
1 7 350 -37.52 99.93 0 0 -1 0.139172 0.990268 0 0.990268 -0.139172 0 3713.dat
1 0 300 -37.52 99.93 1 0 0 0 0.990268 0.139173 0 -0.139173 0.990268 3707.dat
1 7 330 -37.52 99.93 0 0 -1 0.139174 0.990268 0 0.990268 -0.139174 0 3648b.dat
1 15 380 -38.015 100 0 0 -1 0.139172 0.990268 0 0.990268 -0.139172 0 2994.dat
1 0 380 -38.015 100 0 0 -1 0.139172 0.990268 0 0.990268 -0.139172 0 6578.dat
1 7 220 -37.52 99.93 0 0 1 -0.139173 0.990268 0 -0.990268 -0.139173 0 6538b.dat
1 0 200 -37.52 99.93 1 0 0 0 0.990268 0.139173 0 -0.139173 0.990268 32062.dat
1 15 180 -38.015 100 0 0 1 -0.139172 0.990268 0 -0.990268 -0.139172 0 2994.dat
1 0 180 -38.015 100 0 0 1 -0.139172 0.990268 0 -0.990268 -0.139172 0 6578.dat
1 7 280 -38.015 70 0 0 -1 -0.24311 0.969999 0 0.969999 0.24311 0 2852.dat
1 7 325 -37.515 20 0 0 -1 0 1 0 1 0 0 32123a.dat
1 0 280 -37.515 20 1 0 0 0 1 0 0 0 1 32073.dat
1 7 235 -37.515 20 0 0 -1 0 1 0 1 0 0 32123a.dat
1 0 300 -37.515 0 1 0 0 0 1 0 0 0 1 2780.dat
1 0 260 -37.515 0 1 0 0 0 1 0 0 0 1 2780.dat
1 7 280 -128.596 -67.952 0 0 -1 0.748369 0.663282 0 0.663282 -0.748369 0 2819.dat
1 0 280 -112.303 -85.582 0 0 -1 -0.663283 0.748369 0 0.748369 0.663283 0 32062.dat
1 7 280 -99.038 -100.549 -1 0 0 0 0.748369 0.663283 0 0.663283 -0.748369 6538b.dat
1 7 280 -85.772 -115.516 0 0 -1 -0.663283 0.748369 0 0.748369 0.663283 0 3749.dat
1 0 280 -64.878 -109.691 -1 0 0 0 -0.748369 -0.663283 0 -0.663283 0.748369 6536.dat
1 0 280 -64.173 -109.734 1 0 0 0 0.748369 -0.663283 0 0.663283 0.748369 3705.dat
1 7 295 -64.173 -109.734 0 0 -1 -0.663283 0.748369 0 0.748369 0.663283 0 32123a.dat
1 7 265 -64.173 -109.734 0 0 -1 -0.663283 0.748369 0 0.748369 0.663283 0 32123a.dat
1 4 305 -64.173 -109.734 0 -1 0 -0.748368 0 0.663283 -0.663283 0 -0.748368 6632.dat
1 4 255 -64.173 -109.734 0 -1 0 -0.748368 0 0.663283 -0.663283 0 -0.748368 6632.dat
1 7 300 -37.641 -139.668 1 0 0 0 0.748369 -0.663283 0 0.663283 0.748369 3749.dat
1 7 260 -37.641 -139.668 -1 0 0 0 0.748369 0.663283 0 0.663283 -0.748369 3749.dat
1 0 280 -37.515 -180 1 0 0 0 1 0 0 0 1 2780.dat
1 15 320 -38.015 -240 0 0 -1 0 1 0 1 0 0 2994.dat
1 0 320 -38.015 -240 0 0 -1 0 1 0 1 0 0 6578.dat
1 0 280 -37.515 -240 1 0 0 0 1 0 0 0 1 32073.dat
1 15 240 -38.015 -240 0 0 1 0 1 0 -1 0 0 2994.dat
1 0 240 -38.015 -240 0 0 1 0 1 0 -1 0 0 6578.dat
0
