0 FILE main.ldr
0 New Model
0 Name: main.ldr
0 Author: MLCad
0 Unofficial Model
0 ROTATION CENTER 0 0 0 1 "Custom" 
0 ROTATION CONFIG 0 0
1 7 0 0 0 1 0 0 0 1 0 0 0 1 8222_B.ldr
1 14 20 21.013 -147.7 1 0 0 0 0.992546 0.121869 0 -0.121869 0.992546 Seated_figure.ldr
0
0 FILE 8222_B.ldr
0 8222_B
0 Name: 8222_B.ldr
0 Author: marco

0 WORLD  304.7156 85.95464 -254.2348 0.5994714 -0.05246846 0.7986716 0.4164085 0.8726211 -0.2552244 -0.6835459 0.485572 0.5449594
0 CENTRE  0 0 0
0 LOOKAT  293 -21 95
0 ZOOM  64
0 ROTANGLE 0
0 ROTATION CENTER 0 0 0 1 "Custom" 
0 ROTATION CONFIG 0 0
1 8 40 -120.737 -20 -1 0 0 0 1 0 0 0 -1 32002.dat
1 0 55 -41.487 -200 0 1 0 -1 0 0 0 0 1 32017.dat
1 0 60 -120.987 80 1 0 0 0 1 0 0 0 1 2780.dat
1 8 0 -120.737 -20 1 0 0 0 1 0 0 0 1 32002.dat
1 0 60 -40.987 -40 1 0 0 0 1 0 0 0 1 2780.dat
1 0 -20 -120.987 80 1 0 0 0 1 0 0 0 1 2780.dat
1 14 10 -130.987 90 1 0 0 0 1 0 0 0 1 4589.dat
1 14 20 -106.987 90 1 0 0 0 1 0 0 0 1 3710.dat
1 14 30 -130.987 90 1 0 0 0 1 0 0 0 1 4589.dat
1 14 20 -98.987 90 1 0 0 0 1 0 0 0 1 3023.dat
1 0 20 -90.987 90 1 0 0 0 1 0 0 0 1 3700.dat
1 14 20 -66.987 90 1 0 0 0 1 0 0 0 1 3023.dat
1 0 20 -58.987 90 1 0 0 0 1 0 0 0 1 3710.dat
1 0 20 -98.737 0 0 0 1 0 1 0 -1 0 0 6588.dat
1 0 20 -58.987 -30 1 0 0 0 1 0 0 0 1 2419.dat
1 0 20 -58.987 20 1 0 0 0 1 0 0 0 1 3709b.dat
1 0 50 -50.987 20 0 0 -1 0 1 0 1 0 0 3702.dat
1 0 -10 -50.987 20 0 0 -1 0 1 0 1 0 0 3702.dat
1 0 70 -50.987 -100 0 0 -1 0 1 0 1 0 0 2730.dat
1 0 -10 -130.987 40 0 0 -1 0 1 0 1 0 0 3702.dat
1 0 50 -130.987 40 0 0 -1 0 1 0 1 0 0 3702.dat
1 7 141.38 -196.588 139.996 0 0.923879 0.382686 0 0.382686 -0.923879 -1 0 0 32013.dat
1 0 125.307 -157.785 139.996 -0.382683 0 -0.92388 0.92388 0 -0.382683 0 -1 0 4519.dat
1 7 110 -120.83 139.496 0 0 1 0 1 0 -1 0 0 32015.dat
1 0 20 -120.83 139.996 1 0 0 0 1 0 0 0 1 3707.dat
1 7 -70 -120.33 139.996 0 0 -1 0 1 0 1 0 0 32015.dat
1 7 -100.615 -194.74 139.996 0 -0.923879 -0.382685 0 0.382685 -0.923879 1 0 0 32013.dat
1 0 -85.3074 -157.785 139.996 0.382683 0 0.92388 0.92388 0 -0.382683 0 1 0 4519.dat
1 7 70 -41.6493 19.1269 0 -1 0 0.608731 0 -0.793377 0.793377 0 0.608731 6629.dat
1 7 -30 -41.6493 19.1269 0 -1 0 0.608731 0 -0.793377 0.793377 0 0.608731 6629.dat
1 0 20 -41.7537 18.8302 1 0 0 0 0.793377 0.608731 0 -0.608731 0.793377 3708.dat
1 7 120 -41.7526 18.8226 1 0 0 0 -0.608731 0.793377 0 -0.793377 -0.608731 6536.dat
1 7 -80 -41.7526 18.8226 1 0 0 0 -0.608731 0.793376 0 -0.793376 -0.608731 6536.dat
1 0 90 -50.9526 0.02255 0 0 -1 0 1 0 1 0 0 2730.dat
1 0 -30 -50.987 -100 0 0 -1 0 1 0 1 0 0 2730.dat
1 0 -50 -50.9526 0.02255 0 0 -1 0 1 0 1 0 0 2730.dat
1 8 40 -41.487 -200 -1 0 0 0 1 0 0 0 -1 32002.dat
1 8 120 -61.861 9.04236 0 -1 0 -0.793376 0 -0.608731 0.608731 0 -0.793376 32002.dat
1 0 20 -80.987 80 0 0 1 0 1 0 -1 0 0 3708.dat
1 7 20 -80.987 0 1 0 0 0 1 0 0 0 1 4716.dat
1 7 20 -80.987 50 1 0 0 0 1 0 0 0 1 3713.dat
1 7 20 -80.987 70 1 0 0 0 1 0 0 0 1 3713.dat
1 14 20 -80.987 165 1 0 0 0 0 1 0 -1 0 4032a.dat
1 0 20 -81.487 212.75 1 0 0 0 0 1 0 -1 0 3942b.dat
1 7 45 -41.337 -200 0 1 0 -1 0 0 0 0 1 32017.dat
1 14 20 -18.987 -90 1 0 0 0 1 0 0 0 1 2717.dat
1 0 70 -40.887 -80 1 0 0 0 1 0 0 0 1 6558.dat
1 0 20 -41.287 -240 1 0 0 0 1 0 0 0 1 3705.dat
1 14 20 -40.987 -240 0 0 1 0 1 0 -1 0 0 3482.dat
1 0 20 -41.487 -240 0 0 -1 0 1 0 1 0 0 3483.dat
1 0 60 -40.987 -160 1 0 0 0 1 0 0 0 1 2780.dat
1 0 60 -40.987 -180 1 0 0 0 1 0 0 0 1 2780.dat
1 0 60 -40.987 -100 1 0 0 0 1 0 0 0 1 2780.dat
1 0 70 -40.887 -20 1 0 0 0 1 0 0 0 1 6558.dat
1 0 70.0062 -40.787 79.9 0 0 -1 0 1 0 1 0 0 3483.dat
1 14 70.0062 -40.787 80 0 0 1 0 1 0 -1 0 0 3482.dat
1 7 59.8 -40.787 80 1 0 0 0 1 0 0 0 1 3749.dat
1 7 -5 -41.487 -200 0 1 0 -1 0 0 0 0 1 32017.dat
1 8 0 -41.487 -200 1 0 0 0 1 0 0 0 1 32002.dat
1 0 -16 -41.287 -200 0 1 0 -1 0 0 0 0 1 32017.dat
1 0 -20 -41.487 -160 1 0 0 0 1 0 0 0 1 2780.dat
1 0 -20 -41.487 -180 1 0 0 0 1 0 0 0 1 2780.dat
1 0 -20 -40.987 -100 1 0 0 0 1 0 0 0 1 2780.dat
1 0 -20 -40.987 -39.9 1 0 0 0 1 0 0 0 1 2780.dat
1 0 -30 -40.987 -80 -1 0 0 0 1 0 0 0 -1 6558.dat
1 0 -30 -40.887 -20 -1 0 0 0 1 0 0 0 -1 6558.dat
1 7 -20 -40.987 80 -1 0 0 0 1 0 0 0 -1 3749.dat
1 14 -30 -41.087 80 0 0 1 0 1 0 -1 0 0 3482.dat
1 0 -30 -40.787 79.9 0 0 -1 0 1 0 1 0 0 3483.dat
1 8 -80 -61.861 9.0424 0 -1 0 -0.793376 0 -0.608731 0.608731 0 -0.793376 32002.dat
1 7 19 -184.987 96 0 0 -1 0 1 0 1 0 0 6538b.dat
0 MLCAD FLEXHOSE 8 0 0 0 1 0 0 0 1 0 0 0 1  120 -62 9  0 60 -50 19 -185 96 -100 0 0 250 LS51.dat LS51.dat 0
0 MLCAD SKIP_BEGIN
1 8 120 -62 9 -1 5.09685e-005 6.12297e-005 0 0.768568 -0.639768 -7.96672e-005 -0.639768 -0.768568 LS51.dat
1 8 120 -62.6417 9.53419 -1 0.000174315 0.00020987 0 0.769259 -0.638937 -0.00027282 -0.638937 -0.769259 LS51.dat
1 8 120 -63.2841 10.0677 -1 0.000329874 0.000398027 0 0.769946 -0.638109 -0.000516955 -0.638109 -0.769946 LS51.dat
1 8 120 -63.9271 10.6006 -1 0.00051778 0.000626117 0 0.770627 -0.637286 -0.000812477 -0.637286 -0.770627 LS51.dat
1 8 119.999 -64.5707 11.1329 -0.999999 0.000738178 0.000894565 0 0.771305 -0.636466 -0.00115981 -0.636466 -0.771304 LS51.dat
1 8 119.998 -65.2149 11.6645 -0.999999 0.000991217 0.0012038 0 0.771978 -0.63565 -0.00155938 -0.635649 -0.771977 LS51.dat
1 8 119.998 -65.8598 12.1954 -0.999998 0.00127706 0.00155428 0 0.772646 -0.634837 -0.00201163 -0.634836 -0.772644 LS51.dat
1 8 119.997 -66.5052 12.7258 -0.999997 0.00159587 0.00194644 0 0.77331 -0.634028 -0.00251703 -0.634026 -0.773307 LS51.dat
1 8 119.995 -67.1513 13.2555 -0.999995 0.00194782 0.00238076 0 0.77397 -0.633223 -0.00307604 -0.63322 -0.773966 LS51.dat
1 8 119.994 -67.798 13.7846 -0.999993 0.0023331 0.00285772 0 0.774625 -0.632421 -0.00368916 -0.632417 -0.77462 LS51.dat
1 8 119.992 -68.4454 14.3131 -0.999991 0.00275191 0.00337778 0 0.775276 -0.631623 -0.00435688 -0.631617 -0.775268 LS51.dat
1 8 119.989 -69.0933 14.841 -0.999987 0.00320443 0.00394147 0 0.775922 -0.630828 -0.00507972 -0.63082 -0.775912 LS51.dat
1 8 119.987 -69.7419 15.3682 -0.999983 0.00369089 0.00454927 0 0.776565 -0.630037 -0.0058582 -0.630027 -0.776551 LS51.dat
1 8 119.984 -70.391 15.8949 -0.999978 0.0042115 0.00520173 0 0.777203 -0.62925 -0.00669288 -0.629236 -0.777185 LS51.dat
1 8 119.98 -71.0408 16.421 -0.999971 0.00476648 0.00589935 0 0.777837 -0.628466 -0.00758431 -0.628448 -0.777814 LS51.dat
1 8 119.976 -71.6913 16.9465 -0.999964 0.00535609 0.0066427 0 0.778466 -0.627686 -0.00853306 -0.627664 -0.778438 LS51.dat
1 8 119.972 -72.3423 17.4714 -0.999954 0.00598055 0.00743232 0 0.779092 -0.62691 -0.00953972 -0.626882 -0.779056 LS51.dat
1 8 119.967 -72.9939 17.9958 -0.999944 0.00664013 0.00826878 0 0.779713 -0.626138 -0.0106049 -0.626102 -0.779669 LS51.dat
1 8 119.961 -73.6462 18.5195 -0.999931 0.0073351 0.00915266 0 0.780329 -0.625369 -0.0117292 -0.625326 -0.780276 LS51.dat
1 8 119.955 -74.2991 19.0427 -0.999917 0.00806572 0.0100846 0 0.780942 -0.624604 -0.0129133 -0.624552 -0.780877 LS51.dat
1 8 119.948 -74.9526 19.5653 -0.9999 0.00883228 0.0110651 0 0.78155 -0.623843 -0.0141579 -0.62378 -0.781471 LS51.dat
1 8 119.941 -75.6066 20.0874 -0.99988 0.00963508 0.0120948 0 0.782153 -0.623086 -0.0154635 -0.623011 -0.78206 LS51.dat
1 8 119.933 -76.2614 20.6089 -0.999858 0.0104744 0.0131744 0 0.782753 -0.622333 -0.0168309 -0.622245 -0.782642 LS51.dat
1 8 119.924 -76.9167 21.1298 -0.999833 0.0113506 0.0143046 0 0.783348 -0.621584 -0.0182608 -0.62148 -0.783217 LS51.dat
1 8 119.914 -77.5726 21.6502 -0.999805 0.012264 0.0154859 0 0.783938 -0.620839 -0.0197539 -0.620717 -0.783785 LS51.dat
1 8 119.904 -78.2291 22.17 -0.999773 0.0132149 0.016719 0 0.784524 -0.620098 -0.021311 -0.619957 -0.784346 LS51.dat
1 8 119.893 -78.8862 22.6893 -0.999737 0.0142036 0.0180046 0 0.785106 -0.619361 -0.0229327 -0.619199 -0.7849 LS51.dat
1 8 119.881 -79.544 23.2081 -0.999697 0.0152306 0.0193435 0 0.785683 -0.618629 -0.0246199 -0.618442 -0.785445 LS51.dat
1 8 119.868 -80.2023 23.7263 -0.999652 0.0162962 0.0207362 0 0.786255 -0.617902 -0.0263734 -0.617687 -0.785982 LS51.dat
1 8 119.855 -80.8612 24.2439 -0.999602 0.0174007 0.0221836 0 0.786823 -0.617179 -0.0281939 -0.616934 -0.78651 LS51.dat
1 8 119.84 -81.5208 24.761 -0.999547 0.0185446 0.0236864 0 0.787386 -0.616461 -0.0300823 -0.616182 -0.787029 LS51.dat
1 8 119.825 -82.1809 25.2776 -0.999487 0.0197282 0.0252453 0 0.787944 -0.615748 -0.0320395 -0.615431 -0.787539 LS51.dat
1 8 119.808 -82.8416 25.7937 -0.99942 0.020952 0.0268611 0 0.788497 -0.615039 -0.0340662 -0.614682 -0.788039 LS51.dat
1 8 119.791 -83.5029 26.3092 -0.999346 0.0222164 0.0285345 0 0.789044 -0.614336 -0.0361633 -0.613934 -0.788528 LS51.dat
1 8 119.772 -84.1648 26.8242 -0.999265 0.0235219 0.0302663 0 0.789587 -0.613638 -0.0383319 -0.613187 -0.789007 LS51.dat
1 8 119.752 -84.8273 27.3387 -0.999177 0.0248688 0.0320574 0 0.790125 -0.612946 -0.0405726 -0.612441 -0.789474 LS51.dat
1 8 119.731 -85.4903 27.8526 -0.99908 0.0262577 0.0339086 0 0.790657 -0.612259 -0.0428866 -0.611696 -0.78993 LS51.dat
1 8 119.709 -86.154 28.3661 -0.998975 0.027689 0.0358206 0 0.791184 -0.611578 -0.0452747 -0.610951 -0.790373 LS51.dat
1 8 119.686 -86.8182 28.879 -0.99886 0.0291632 0.0377943 0 0.791705 -0.610903 -0.0477379 -0.610207 -0.790802 LS51.dat
1 8 119.662 -87.483 29.3914 -0.998735 0.0306808 0.0398306 0 0.792221 -0.610235 -0.0502771 -0.609463 -0.791219 LS51.dat
1 8 119.636 -88.1483 29.9032 -0.9986 0.0322424 0.0419302 0 0.79273 -0.609573 -0.0528934 -0.608719 -0.79162 LS51.dat
1 8 119.609 -88.8142 30.4145 -0.998454 0.0338484 0.0440941 0 0.793234 -0.608917 -0.0555878 -0.607976 -0.792007 LS51.dat
1 8 119.58 -89.4807 30.9254 -0.998296 0.0354994 0.0463232 0 0.793731 -0.608269 -0.0583613 -0.607232 -0.792378 LS51.dat
1 8 119.55 -90.1477 31.4356 -0.998125 0.0371959 0.0486183 0 0.794222 -0.607627 -0.061215 -0.606488 -0.792733 LS51.dat
1 8 119.519 -90.8153 31.9454 -0.99794 0.0389385 0.0509803 0 0.794707 -0.606994 -0.0641498 -0.605743 -0.79307 LS51.dat
1 8 119.486 -91.4834 32.4547 -0.997742 0.0407279 0.0534101 0 0.795185 -0.606367 -0.0671669 -0.604998 -0.793389 LS51.dat
1 8 119.452 -92.152 32.9634 -0.997528 0.0425645 0.0559087 0 0.795655 -0.605749 -0.0702674 -0.604252 -0.793689 LS51.dat
1 8 119.416 -92.8212 33.4716 -0.997299 0.044449 0.0584769 0 0.796119 -0.60514 -0.0734524 -0.603505 -0.793969 LS51.dat
1 8 119.379 -93.4909 33.9792 -0.997052 0.046382 0.0611156 0 0.796576 -0.604539 -0.076723 -0.602757 -0.794228 LS51.dat
1 8 119.34 -94.1611 34.4864 -0.996788 0.0483642 0.0638259 0 0.797025 -0.603947 -0.0800802 -0.602007 -0.794465 LS51.dat
1 8 119.299 -94.8318 34.993 -0.996506 0.0503962 0.0666086 0 0.797466 -0.603364 -0.0835253 -0.601256 -0.794679 LS51.dat
1 8 119.257 -95.503 35.4991 -0.996203 0.0524787 0.0694646 0 0.797899 -0.602792 -0.0870594 -0.600503 -0.794869 LS51.dat
1 8 119.213 -96.1748 36.0046 -0.99588 0.0546123 0.0723949 0 0.798323 -0.602229 -0.0906836 -0.599748 -0.795034 LS51.dat
1 8 119.167 -96.847 36.5096 -0.995534 0.0567978 0.0754003 0 0.798739 -0.601677 -0.0943992 -0.59899 -0.795173 LS51.dat
1 8 119.119 -97.5196 37.0141 -0.995166 0.0590359 0.078482 0 0.799147 -0.601136 -0.0982072 -0.59823 -0.795284 LS51.dat
1 8 119.069 -98.1928 37.518 -0.994773 0.0613273 0.0816406 0 0.799545 -0.600607 -0.102109 -0.597467 -0.795366 LS51.dat
1 8 119.017 -98.8664 38.0213 -0.994355 0.0636727 0.0848772 0 0.799933 -0.600089 -0.106105 -0.596702 -0.795417 LS51.dat
1 8 118.964 -99.5405 38.5241 -0.99391 0.066073 0.0881927 0 0.800312 -0.599584 -0.110198 -0.595933 -0.795437 LS51.dat
1 8 118.908 -100.215 39.0264 -0.993436 0.0685288 0.0915879 0 0.80068 -0.599092 -0.114388 -0.59516 -0.795424 LS51.dat
1 8 118.85 -100.89 39.5281 -0.992933 0.071041 0.0950638 0 0.801038 -0.598614 -0.118676 -0.594383 -0.795377 LS51.dat
1 8 118.79 -101.565 40.0292 -0.992399 0.0736103 0.0986212 0 0.801385 -0.598149 -0.123063 -0.593603 -0.795293 LS51.dat
1 8 118.728 -102.241 40.5297 -0.991832 0.0762377 0.102261 0 0.80172 -0.5977 -0.127552 -0.592818 -0.795171 LS51.dat
1 8 118.664 -102.917 41.0297 -0.991231 0.0789239 0.105984 0 0.802044 -0.597265 -0.132142 -0.592028 -0.79501 LS51.dat
1 8 118.598 -103.594 41.5291 -0.990594 0.0816699 0.109791 0 0.802355 -0.596847 -0.136835 -0.591233 -0.794808 LS51.dat
1 8 118.529 -104.271 42.0279 -0.989919 0.0844763 0.113682 0 0.802654 -0.596445 -0.141633 -0.590433 -0.794562 LS51.dat
1 8 118.457 -104.948 42.5261 -0.989205 0.0873443 0.117659 0 0.802939 -0.596061 -0.146536 -0.589627 -0.794272 LS51.dat
1 8 118.384 -105.625 43.0236 -0.98845 0.0902746 0.121723 0 0.803211 -0.595694 -0.151545 -0.588814 -0.793934 LS51.dat
1 8 118.307 -106.303 43.5206 -0.987652 0.0932681 0.125873 0 0.803469 -0.595347 -0.156662 -0.587996 -0.793548 LS51.dat
1 8 118.229 -106.982 44.0169 -0.986809 0.0963258 0.130111 0 0.803712 -0.595019 -0.161887 -0.58717 -0.79311 LS51.dat
1 8 118.147 -107.66 44.5126 -0.985919 0.0994487 0.134436 0 0.80394 -0.594711 -0.167222 -0.586337 -0.792619 LS51.dat
1 8 118.063 -108.339 45.0077 -0.98498 0.102638 0.138851 0 0.804151 -0.594425 -0.172667 -0.585496 -0.792073 LS51.dat
1 8 117.977 -109.018 45.502 -0.98399 0.105894 0.143354 0 0.804347 -0.59416 -0.178224 -0.584648 -0.791469 LS51.dat
1 8 117.887 -109.697 45.9958 -0.982946 0.109218 0.147947 0 0.804525 -0.593919 -0.183894 -0.58379 -0.790805 LS51.dat
1 8 117.795 -110.377 46.4888 -0.981847 0.112611 0.15263 0 0.804685 -0.593702 -0.189676 -0.582924 -0.790077 LS51.dat
1 8 117.7 -111.056 46.9812 -0.980689 0.116074 0.157402 0 0.804827 -0.593509 -0.195573 -0.582048 -0.789285 LS51.dat
1 8 117.602 -111.736 47.4729 -0.979471 0.119609 0.162265 0 0.80495 -0.593343 -0.201584 -0.581163 -0.788425 LS51.dat
1 8 117.501 -112.416 47.9638 -0.97819 0.123215 0.167218 0 0.805052 -0.593204 -0.207711 -0.580266 -0.787494 LS51.dat
1 8 117.397 -113.096 48.454 -0.976844 0.126895 0.172262 0 0.805134 -0.593093 -0.213954 -0.579359 -0.78649 LS51.dat
1 8 117.29 -113.776 48.9435 -0.975429 0.130649 0.177396 0 0.805195 -0.593011 -0.220314 -0.57844 -0.78541 LS51.dat
1 8 117.179 -114.457 49.4323 -0.973943 0.134478 0.18262 0 0.805232 -0.592959 -0.226791 -0.577509 -0.784251 LS51.dat
1 8 117.066 -115.137 49.9202 -0.972384 0.138384 0.187933 0 0.805247 -0.592939 -0.233386 -0.576565 -0.783009 LS51.dat
1 8 116.949 -115.818 50.4074 -0.970749 0.142367 0.193336 0 0.805237 -0.592953 -0.240098 -0.575608 -0.781683 LS51.dat
1 8 116.828 -116.498 50.8938 -0.969034 0.146429 0.198828 0 0.805203 -0.593 -0.246929 -0.574637 -0.780268 LS51.dat
1 8 116.705 -117.178 51.3794 -0.967236 0.15057 0.204407 0 0.805142 -0.593082 -0.253877 -0.573651 -0.778762 LS51.dat
1 8 116.577 -117.859 51.8641 -0.965354 0.154792 0.210074 0 0.805054 -0.593202 -0.260944 -0.57265 -0.777162 LS51.dat
1 8 116.447 -118.539 52.348 -0.963383 0.159096 0.215826 0 0.804937 -0.59336 -0.268128 -0.571633 -0.775463 LS51.dat
1 8 116.312 -119.219 52.831 -0.961321 0.163483 0.221664 0 0.804792 -0.593558 -0.27543 -0.570599 -0.773663 LS51.dat
1 8 116.174 -119.899 53.3131 -0.959164 0.167955 0.227585 0 0.804615 -0.593796 -0.282849 -0.569548 -0.771759 LS51.dat
1 8 116.032 -120.579 53.7943 -0.95691 0.172511 0.233588 0 0.804408 -0.594078 -0.290385 -0.568479 -0.769746 LS51.dat
1 8 115.886 -121.259 54.2746 -0.954555 0.177154 0.239671 0 0.804167 -0.594404 -0.298036 -0.567391 -0.767621 LS51.dat
1 8 115.737 -121.938 54.7539 -0.952095 0.181884 0.245832 0 0.803892 -0.594776 -0.305803 -0.566283 -0.765381 LS51.dat
1 8 115.583 -122.617 55.2323 -0.949528 0.186702 0.25207 0 0.803581 -0.595195 -0.313683 -0.565154 -0.763023 LS51.dat
1 8 115.425 -123.296 55.7096 -0.94685 0.191611 0.258381 0 0.803234 -0.595664 -0.321676 -0.564004 -0.760542 LS51.dat
1 8 115.264 -123.974 56.186 -0.944058 0.196609 0.264764 0 0.802848 -0.596183 -0.32978 -0.562831 -0.757935 LS51.dat
1 8 115.097 -124.652 56.6613 -0.941148 0.2017 0.271214 0 0.802423 -0.596756 -0.337994 -0.561636 -0.755199 LS51.dat
1 8 114.927 -125.33 57.1355 -0.938118 0.206883 0.27773 0 0.801956 -0.597383 -0.346316 -0.560416 -0.75233 LS51.dat
1 8 114.753 -126.007 57.6086 -0.934964 0.21216 0.284308 0 0.801447 -0.598066 -0.354743 -0.55917 -0.749324 LS51.dat
1 8 114.573 -126.683 58.0806 -0.931682 0.217532 0.290944 0 0.800893 -0.598808 -0.363275 -0.557899 -0.746177 LS51.dat
1 8 114.39 -127.359 58.5515 -0.92827 0.222999 0.297634 0 0.800293 -0.59961 -0.371907 -0.5566 -0.742888 LS51.dat
1 8 114.202 -128.034 59.0211 -0.924724 0.228563 0.304375 0 0.799645 -0.600474 -0.380638 -0.555272 -0.739451 LS51.dat
1 8 114.009 -128.709 59.4896 -0.921042 0.234224 0.311161 0 0.798947 -0.601401 -0.389464 -0.553916 -0.735864 LS51.dat
1 8 113.811 -129.383 59.9569 -0.917219 0.239984 0.317988 0 0.798198 -0.602395 -0.398382 -0.552529 -0.732123 LS51.dat
1 8 113.609 -130.056 60.4228 -0.913254 0.245842 0.324851 0 0.797396 -0.603457 -0.40739 -0.55111 -0.728225 LS51.dat
1 8 113.402 -130.728 60.8875 -0.909144 0.251801 0.331745 0 0.796538 -0.604588 -0.416483 -0.549658 -0.724167 LS51.dat
1 8 113.189 -131.4 61.3508 -0.904884 0.25786 0.338663 0 0.795623 -0.605792 -0.425657 -0.548172 -0.719947 LS51.dat
1 8 112.972 -132.07 61.8128 -0.900474 0.26402 0.3456 0 0.794649 -0.607069 -0.434909 -0.54665 -0.715561 LS51.dat
1 8 112.75 -132.74 62.2734 -0.895911 0.270282 0.35255 0 0.793613 -0.608422 -0.444234 -0.545092 -0.711007 LS51.dat
1 8 112.522 -133.408 62.7325 -0.891191 0.276646 0.359506 0 0.792514 -0.609854 -0.453627 -0.543496 -0.706282 LS51.dat
1 8 112.289 -134.076 63.1902 -0.886314 0.283113 0.366461 0 0.791349 -0.611364 -0.463084 -0.541861 -0.701384 LS51.dat
1 8 112.051 -134.742 63.6464 -0.881277 0.289683 0.373408 0 0.790116 -0.612957 -0.472599 -0.540185 -0.696312 LS51.dat
1 8 111.807 -135.407 64.101 -0.876079 0.296356 0.38034 0 0.788813 -0.614633 -0.482168 -0.538467 -0.691062 LS51.dat
1 8 111.557 -136.071 64.554 -0.870718 0.303133 0.387248 0 0.787437 -0.616395 -0.491783 -0.536706 -0.685635 LS51.dat
1 8 111.302 -136.733 65.0055 -0.865192 0.310013 0.394125 0 0.785986 -0.618245 -0.501441 -0.5349 -0.680029 LS51.dat
1 8 111.042 -137.394 65.4552 -0.859501 0.316997 0.400963 0 0.784457 -0.620183 -0.511134 -0.533048 -0.674242 LS51.dat
1 8 110.775 -138.053 65.9033 -0.853644 0.324084 0.407752 0 0.782849 -0.622212 -0.520857 -0.531148 -0.668274 LS51.dat
1 8 110.503 -138.711 66.3496 -0.84762 0.331274 0.414484 0 0.781157 -0.624334 -0.530603 -0.529198 -0.662125 LS51.dat
1 8 110.225 -139.367 66.7942 -0.84143 0.338566 0.421151 0 0.779381 -0.62655 -0.540366 -0.527199 -0.655795 LS51.dat
1 8 109.94 -140.022 67.2369 -0.835074 0.345961 0.427741 0 0.777517 -0.628862 -0.550138 -0.525146 -0.649284 LS51.dat
1 8 109.65 -140.674 67.6777 -0.828551 0.353457 0.434248 0 0.775562 -0.631271 -0.559913 -0.52304 -0.642593 LS51.dat
1 8 109.353 -141.325 68.1166 -0.821864 0.361053 0.440659 0 0.773515 -0.633778 -0.569684 -0.520879 -0.635724 LS51.dat
1 8 109.051 -141.974 68.5535 -0.815012 0.36875 0.446967 0 0.771372 -0.636385 -0.579444 -0.518661 -0.628677 LS51.dat
1 8 108.741 -142.621 68.9885 -0.807997 0.376544 0.453161 0 0.76913 -0.639092 -0.589186 -0.516385 -0.621455 LS51.dat
1 8 108.426 -143.266 69.4214 -0.800822 0.384435 0.459231 0 0.766788 -0.641901 -0.598902 -0.514048 -0.614061 LS51.dat
1 8 108.104 -143.908 69.8521 -0.793489 0.392422 0.465167 0 0.764342 -0.644811 -0.608585 -0.511651 -0.606497 LS51.dat
1 8 107.775 -144.549 70.2808 -0.785999 0.400503 0.470959 0 0.761789 -0.647825 -0.618227 -0.50919 -0.598766 LS51.dat
1 8 107.439 -145.187 70.7072 -0.778357 0.408676 0.476597 0 0.759127 -0.650942 -0.627822 -0.506665 -0.590872 LS51.dat
1 8 107.097 -145.822 71.1313 -0.770564 0.416939 0.482071 0 0.756354 -0.654163 -0.637362 -0.504074 -0.582819 LS51.dat
1 8 106.748 -146.455 71.5532 -0.762626 0.425289 0.487372 0 0.753466 -0.657487 -0.64684 -0.501416 -0.574613 LS51.dat
1 8 106.393 -147.085 71.9727 -0.754545 0.433724 0.492489 0 0.750461 -0.660914 -0.656248 -0.49869 -0.566257 LS51.dat
1 8 106.03 -147.713 72.3898 -0.746327 0.442241 0.497413 0 0.747337 -0.664445 -0.66558 -0.495893 -0.557758 LS51.dat
1 8 105.66 -148.338 72.8044 -0.737975 0.450838 0.502134 0 0.744091 -0.668078 -0.674828 -0.493025 -0.549121 LS51.dat
1 8 105.283 -148.96 73.2165 -0.729495 0.459511 0.506643 0 0.740721 -0.671813 -0.683986 -0.490084 -0.540352 LS51.dat
1 8 104.899 -149.579 73.626 -0.720893 0.468256 0.510931 0 0.737224 -0.675648 -0.693047 -0.48707 -0.531459 LS51.dat
1 8 104.508 -150.195 74.033 -0.712173 0.477071 0.514989 0 0.733598 -0.679583 -0.702004 -0.483981 -0.522449 LS51.dat
1 8 104.11 -150.807 74.4372 -0.703341 0.48595 0.51881 0 0.729842 -0.683616 -0.710853 -0.480815 -0.513328 LS51.dat
1 8 103.704 -151.417 74.8387 -0.694404 0.494891 0.522384 0 0.725952 -0.687745 -0.719585 -0.477573 -0.504104 LS51.dat
1 8 103.291 -152.023 75.2374 -0.685368 0.503889 0.525705 0 0.721928 -0.691968 -0.728197 -0.474253 -0.494786 LS51.dat
1 8 102.87 -152.626 75.6333 -0.67624 0.512939 0.528766 0 0.717767 -0.696283 -0.736681 -0.470855 -0.485383 LS51.dat
1 8 102.442 -153.225 76.0263 -0.667026 0.522036 0.531558 0 0.713468 -0.700688 -0.745034 -0.467377 -0.475902 LS51.dat
1 8 102.006 -153.82 76.4163 -0.657733 0.531176 0.534078 0 0.70903 -0.705178 -0.753251 -0.463819 -0.466353 LS51.dat
1 8 101.563 -154.412 76.8034 -0.648369 0.540353 0.536317 0 0.704451 -0.709752 -0.761326 -0.460181 -0.456744 LS51.dat
1 8 101.112 -155 77.1873 -0.63894 0.549562 0.538273 0 0.699731 -0.714407 -0.769257 -0.456463 -0.447086 LS51.dat
1 8 100.654 -155.583 77.5682 -0.629453 0.558797 0.539939 0 0.694868 -0.719137 -0.777038 -0.452664 -0.437387 LS51.dat
1 8 100.187 -156.163 77.9459 -0.619917 0.568053 0.541312 0 0.689862 -0.723941 -0.784667 -0.448783 -0.427657 LS51.dat
1 8 99.7133 -156.739 78.3203 -0.610339 0.577322 0.542389 0 0.684713 -0.728813 -0.792141 -0.444823 -0.417907 LS51.dat
1 8 99.2316 -157.31 78.6915 -0.600725 0.5866 0.543166 0 0.67942 -0.733749 -0.799456 -0.440782 -0.408145 LS51.dat
1 8 98.7421 -157.877 79.0593 -0.591083 0.59588 0.543643 0 0.673984 -0.738746 -0.80661 -0.43666 -0.398381 LS51.dat
1 8 98.2448 -158.44 79.4238 -0.581422 0.605155 0.543816 0 0.668405 -0.743797 -0.813602 -0.43246 -0.388625 LS51.dat
1 8 97.7396 -158.998 79.7848 -0.571747 0.614419 0.543686 0 0.662684 -0.748899 -0.82043 -0.428181 -0.378887 LS51.dat
1 8 97.2266 -159.551 80.1423 -0.562066 0.623666 0.543252 0 0.656822 -0.754046 -0.827092 -0.423824 -0.369177 LS51.dat
1 8 96.7057 -160.099 80.4962 -0.552387 0.632887 0.542515 0 0.650819 -0.759233 -0.833588 -0.41939 -0.359504 LS51.dat
1 8 96.177 -160.643 80.8466 -0.542715 0.642078 0.541476 0 0.644678 -0.764454 -0.839917 -0.414881 -0.349877 LS51.dat
1 8 95.6405 -161.182 81.1933 -0.533059 0.65123 0.540137 0 0.638401 -0.769704 -0.846078 -0.410298 -0.340305 LS51.dat
1 8 95.096 -161.716 81.5363 -0.523425 0.660337 0.538499 0 0.631988 -0.774978 -0.852072 -0.405643 -0.330798 LS51.dat
1 8 94.5437 -162.244 81.8756 -0.513819 0.669392 0.536567 0 0.625444 -0.780269 -0.857899 -0.400917 -0.321365 LS51.dat
1 8 93.9836 -162.767 82.211 -0.504248 0.678388 0.534344 0 0.61877 -0.785572 -0.863559 -0.396123 -0.312013 LS51.dat
1 8 93.4157 -163.285 82.5427 -0.494717 0.687319 0.531835 0 0.611969 -0.790881 -0.869054 -0.391262 -0.302752 LS51.dat
1 8 92.8399 -163.798 82.8704 -0.485233 0.696177 0.529043 0 0.605046 -0.796191 -0.874385 -0.386338 -0.293588 LS51.dat
1 8 92.2564 -164.305 83.1942 -0.475801 0.704957 0.525975 0 0.598002 -0.801494 -0.879553 -0.381352 -0.28453 LS51.dat
1 8 91.6652 -164.807 83.5141 -0.466426 0.713651 0.522636 0 0.590843 -0.806786 -0.88456 -0.376306 -0.275585 LS51.dat
1 8 91.0662 -165.303 83.8299 -0.457115 0.722253 0.519034 0 0.583572 -0.812061 -0.889408 -0.371205 -0.26676 LS51.dat
1 8 90.4596 -165.793 84.1417 -0.447871 0.730758 0.515174 0 0.576194 -0.817313 -0.894098 -0.366051 -0.258061 LS51.dat
1 8 89.8453 -166.277 84.4494 -0.4387 0.739159 0.511065 0 0.568713 -0.822536 -0.898634 -0.360846 -0.249494 LS51.dat
1 8 89.2235 -166.756 84.7529 -0.429605 0.74745 0.506713 0 0.561134 -0.827725 -0.903017 -0.355595 -0.241066 LS51.dat
1 8 88.5941 -167.228 85.0523 -0.420591 0.755626 0.502128 0 0.553462 -0.832875 -0.90725 -0.350299 -0.232781 LS51.dat
1 8 87.9573 -167.694 85.3476 -0.411662 0.763681 0.497318 0 0.545702 -0.837979 -0.911337 -0.344964 -0.224645 LS51.dat
1 8 87.3131 -168.155 85.6386 -0.402821 0.771611 0.492292 0 0.53786 -0.843034 -0.915279 -0.339592 -0.216661 LS51.dat
1 8 86.6616 -168.609 85.9253 -0.394072 0.779412 0.487058 0 0.529941 -0.848035 -0.91908 -0.334186 -0.208835 LS51.dat
1 8 86.0028 -169.057 86.2078 -0.385417 0.787077 0.481626 0 0.521951 -0.852976 -0.922743 -0.328751 -0.201169 LS51.dat
1 8 85.3369 -169.499 86.4859 -0.37686 0.794604 0.476006 0 0.513895 -0.857853 -0.92627 -0.32329 -0.193666 LS51.dat
1 8 84.6638 -169.934 86.7598 -0.368403 0.801988 0.470207 0 0.50578 -0.862662 -0.929666 -0.317807 -0.186331 LS51.dat
1 8 83.9838 -170.363 87.0292 -0.360048 0.809226 0.464239 0 0.497612 -0.8674 -0.932934 -0.312306 -0.179164 LS51.dat
1 8 83.2968 -170.785 87.2944 -0.351798 0.816316 0.458112 0 0.489396 -0.872062 -0.936076 -0.30679 -0.172169 LS51.dat
1 8 82.603 -171.201 87.5551 -0.343655 0.823253 0.451836 0 0.481139 -0.876644 -0.939096 -0.301263 -0.165346 LS51.dat
1 8 81.9025 -171.61 87.8115 -0.335619 0.830036 0.445421 0 0.472847 -0.881145 -0.941998 -0.295729 -0.158696 LS51.dat
1 8 81.1953 -172.013 88.0634 -0.327692 0.836663 0.438877 0 0.464526 -0.88556 -0.944784 -0.290191 -0.152222 LS51.dat
1 8 80.4817 -172.41 88.3109 -0.319877 0.843132 0.432213 0 0.456181 -0.889887 -0.947459 -0.284654 -0.145922 LS51.dat
1 8 79.7617 -172.799 88.554 -0.312172 0.849441 0.42544 0 0.44782 -0.894124 -0.950025 -0.279121 -0.139797 LS51.dat
1 8 79.0354 -173.182 88.7927 -0.304581 0.855589 0.418567 0 0.439447 -0.898269 -0.952487 -0.273595 -0.133847 LS51.dat
1 8 78.3029 -173.558 89.0269 -0.297102 0.861576 0.411604 0 0.431069 -0.902319 -0.954846 -0.268081 -0.128071 LS51.dat
1 8 77.5643 -173.928 89.2567 -0.289736 0.867401 0.40456 0 0.422691 -0.906274 -0.957107 -0.26258 -0.122469 LS51.dat
1 8 76.8199 -174.291 89.4821 -0.282485 0.873063 0.397445 0 0.41432 -0.910131 -0.959272 -0.257098 -0.117039 LS51.dat
1 8 76.0697 -174.647 89.703 -0.275347 0.878565 0.390267 0 0.40596 -0.913891 -0.961345 -0.251637 -0.11178 LS51.dat
1 8 75.3138 -174.996 89.9195 -0.268323 0.883904 0.383036 0 0.397617 -0.917552 -0.963329 -0.2462 -0.10669 LS51.dat
1 8 74.5523 -175.338 90.1316 -0.261412 0.889083 0.375759 0 0.389296 -0.921113 -0.965227 -0.24079 -0.101767 LS51.dat
1 8 73.7855 -175.674 90.3393 -0.254615 0.894102 0.368445 0 0.381002 -0.924574 -0.967042 -0.235411 -0.097009 LS51.dat
1 8 73.0134 -176.003 90.5425 -0.247931 0.898963 0.361103 0 0.372741 -0.927936 -0.968778 -0.230064 -0.092414 LS51.dat
1 8 72.2362 -176.325 90.7414 -0.241359 0.903667 0.353739 0 0.364516 -0.931197 -0.970436 -0.224753 -0.0879792 LS51.dat
1 8 71.4541 -176.641 90.936 -0.234899 0.908216 0.346362 0 0.356332 -0.934359 -0.97202 -0.21948 -0.0837021 LS51.dat
1 8 70.6671 -176.95 91.1262 -0.22855 0.912611 0.338978 0 0.348194 -0.937423 -0.973532 -0.214248 -0.0795797 LS51.dat
1 8 69.8754 -177.252 91.312 -0.222311 0.916855 0.331594 0 0.340105 -0.940387 -0.974976 -0.209058 -0.0756091 LS51.dat
1 8 69.0792 -177.547 91.4936 -0.216181 0.92095 0.324218 0 0.33207 -0.943255 -0.976353 -0.203914 -0.0717872 LS51.dat
1 8 68.2785 -177.836 91.6708 -0.210159 0.924898 0.316854 0 0.324092 -0.946026 -0.977667 -0.198816 -0.0681109 LS51.dat
1 8 67.4737 -178.118 91.8439 -0.204245 0.928702 0.309509 0 0.316174 -0.948701 -0.97892 -0.193767 -0.0645769 LS51.dat
1 8 66.6647 -178.393 92.0126 -0.198436 0.932365 0.302189 0 0.30832 -0.951283 -0.980114 -0.188769 -0.0611818 LS51.dat
1 8 65.8518 -178.662 92.1772 -0.192732 0.93589 0.294898 0 0.300533 -0.953772 -0.981251 -0.183822 -0.0579223 LS51.dat
1 8 65.0351 -178.924 92.3376 -0.187132 0.939278 0.287642 0 0.292815 -0.956169 -0.982335 -0.178929 -0.0547949 LS51.dat
1 8 64.2147 -179.18 92.4939 -0.181633 0.942534 0.280426 0 0.285169 -0.958477 -0.983366 -0.174091 -0.0517962 LS51.dat
1 8 63.3909 -179.429 92.6461 -0.176236 0.94566 0.273253 0 0.277598 -0.960697 -0.984348 -0.169309 -0.0489227 LS51.dat
1 8 62.5637 -179.672 92.7942 -0.170938 0.94866 0.266128 0 0.270104 -0.962831 -0.985282 -0.164584 -0.0461709 LS51.dat
1 8 61.7333 -179.909 92.9383 -0.165738 0.951536 0.259055 0 0.262688 -0.964881 -0.98617 -0.159917 -0.0435373 LS51.dat
1 8 60.8998 -180.139 93.0783 -0.160635 0.954292 0.252037 0 0.255353 -0.966848 -0.987014 -0.155309 -0.0410185 LS51.dat
1 8 60.0635 -180.362 93.2144 -0.155626 0.956932 0.245077 0 0.248099 -0.968735 -0.987816 -0.150761 -0.0386108 LS51.dat
1 8 59.2244 -180.58 93.3466 -0.150712 0.959457 0.238178 0 0.24093 -0.970543 -0.988578 -0.146272 -0.036311 LS51.dat
1 8 58.3826 -180.791 93.475 -0.145889 0.961871 0.231343 0 0.233845 -0.972274 -0.989301 -0.141844 -0.0341155 LS51.dat
1 8 57.5385 -180.997 93.5995 -0.141158 0.964179 0.224575 0 0.226846 -0.973931 -0.989987 -0.137478 -0.0320211 LS51.dat
1 8 56.692 -181.196 93.7202 -0.136515 0.966382 0.217875 0 0.219934 -0.975515 -0.990638 -0.133172 -0.0300243 LS51.dat
1 8 55.8433 -181.389 93.8371 -0.13196 0.968484 0.211246 0 0.21311 -0.977028 -0.991255 -0.128928 -0.0281219 LS51.dat
1 8 54.9926 -181.576 93.9504 -0.127491 0.970489 0.20469 0 0.206374 -0.978473 -0.99184 -0.124746 -0.0263107 LS51.dat
1 8 54.14 -181.757 94.0599 -0.123106 0.972398 0.198207 0 0.199726 -0.979852 -0.992394 -0.120626 -0.0245875 LS51.dat
1 8 53.2856 -181.933 94.1659 -0.118804 0.974217 0.1918 0 0.193168 -0.981166 -0.992918 -0.116567 -0.0229492 LS51.dat
1 8 52.4296 -182.103 94.2683 -0.114584 0.975946 0.18547 0 0.186699 -0.982417 -0.993414 -0.11257 -0.0213928 LS51.dat
1 8 51.5722 -182.267 94.3673 -0.110444 0.977591 0.179217 0 0.18032 -0.983608 -0.993882 -0.108634 -0.0199153 LS51.dat
1 8 50.7134 -182.425 94.4627 -0.106382 0.979152 0.173043 0 0.17403 -0.98474 -0.994325 -0.104759 -0.0185137 LS51.dat
1 8 49.8534 -182.578 94.5547 -0.102397 0.980634 0.166948 0 0.16783 -0.985816 -0.994744 -0.100945 -0.0171854 LS51.dat
1 8 48.9923 -182.725 94.6433 -0.0984881 0.982039 0.160932 0 0.161719 -0.986837 -0.995138 -0.0971917 -0.0159274 LS51.dat
1 8 48.1302 -182.867 94.7287 -0.0946527 0.98337 0.154997 0 0.155696 -0.987805 -0.99551 -0.0934984 -0.0147371 LS51.dat
1 8 47.2673 -183.004 94.8107 -0.0908898 0.98463 0.149143 0 0.149763 -0.988722 -0.995861 -0.0898647 -0.0136119 LS51.dat
1 8 46.4036 -183.135 94.8895 -0.0871979 0.98582 0.143369 0 0.143917 -0.98959 -0.996191 -0.0862902 -0.0125493 LS51.dat
1 8 45.5394 -183.261 94.9652 -0.0835757 0.986945 0.137675 0 0.138159 -0.99041 -0.996501 -0.0827742 -0.0115467 LS51.dat
1 8 44.6747 -183.382 95.0377 -0.0800217 0.988006 0.132063 0 0.132488 -0.991185 -0.996793 -0.0793163 -0.0106019 LS51.dat
1 8 43.8097 -183.498 95.1071 -0.0765345 0.989006 0.126531 0 0.126903 -0.991915 -0.997067 -0.0759158 -0.00971244 LS51.dat
1 8 42.9444 -183.609 95.1736 -0.0731128 0.989947 0.121079 0 0.121403 -0.992603 -0.997324 -0.072572 -0.00887615 LS51.dat
1 8 42.0789 -183.716 95.237 -0.0697552 0.990831 0.115706 0 0.115989 -0.99325 -0.997564 -0.0692844 -0.00809084 LS51.dat
1 8 41.2135 -183.817 95.2975 -0.0664604 0.991661 0.110414 0 0.110659 -0.993858 -0.997789 -0.0660522 -0.00735441 LS51.dat
1 8 40.3481 -183.913 95.3552 -0.063227 0.992439 0.1052 0 0.105411 -0.994429 -0.997999 -0.0628748 -0.00666484 LS51.dat
1 8 39.4829 -184.005 95.41 -0.0600538 0.993167 0.100065 0 0.100246 -0.994963 -0.998195 -0.0597513 -0.00602016 LS51.dat
1 8 38.618 -184.093 95.462 -0.0569396 0.993847 0.0950078 0 0.0951622 -0.995462 -0.998378 -0.0566812 -0.00541849 LS51.dat
1 8 37.7534 -184.175 95.5113 -0.0538829 0.994481 0.0900278 0 0.0901587 -0.995927 -0.998547 -0.0536635 -0.00485802 LS51.dat
1 8 36.8894 -184.254 95.5579 -0.0508827 0.99507 0.0851242 0 0.0852346 -0.996361 -0.998705 -0.0506975 -0.00433697 LS51.dat
1 8 36.0259 -184.328 95.6019 -0.0479377 0.995618 0.0802964 0 0.0803888 -0.996764 -0.99885 -0.0477826 -0.00385365 LS51.dat
1 8 35.1631 -184.397 95.6433 -0.0450468 0.996124 0.0755435 0 0.0756202 -0.997137 -0.998985 -0.0449178 -0.00340645 LS51.dat
1 8 34.301 -184.463 95.6822 -0.0422087 0.996593 0.0708647 0 0.0709279 -0.997481 -0.999109 -0.0421024 -0.00299378 LS51.dat
1 8 33.4398 -184.524 95.7186 -0.0394224 0.997023 0.0662592 0 0.0663108 -0.997799 -0.999223 -0.0393356 -0.00261413 LS51.dat
1 8 32.5795 -184.581 95.7525 -0.0366867 0.997419 0.0617261 0 0.0617677 -0.998091 -0.999327 -0.0366167 -0.00226606 LS51.dat
1 8 31.7202 -184.635 95.7841 -0.0340006 0.99778 0.0572645 0 0.0572976 -0.998357 -0.999422 -0.0339447 -0.00194815 LS51.dat
1 8 30.862 -184.684 95.8133 -0.0313629 0.998109 0.0528734 0 0.0528995 -0.9986 -0.999508 -0.031319 -0.00165908 LS51.dat
1 8 30.0049 -184.729 95.8402 -0.0287727 0.998406 0.0485519 0 0.048572 -0.99882 -0.999586 -0.0287387 -0.00139755 LS51.dat
1 8 29.1491 -184.771 95.8648 -0.0262288 0.998674 0.0442991 0 0.0443143 -0.999018 -0.999656 -0.0262031 -0.00116231 LS51.dat
1 8 28.2946 -184.809 95.8872 -0.0237304 0.998913 0.0401139 0 0.0401252 -0.999195 -0.999718 -0.0237113 -0.000952185 LS51.dat
1 8 27.4415 -184.843 95.9075 -0.0212763 0.999125 0.0359953 0 0.0360035 -0.999352 -0.999774 -0.0212625 -0.000766022 LS51.dat
1 8 26.5898 -184.874 95.9256 -0.0188657 0.999312 0.0319424 0 0.0319481 -0.99949 -0.999822 -0.0188561 -0.000602725 LS51.dat
1 8 25.7396 -184.901 95.9417 -0.0164976 0.999473 0.0279542 0 0.0279581 -0.999609 -0.999864 -0.0164912 -0.000461241 LS51.dat
1 8 24.891 -184.925 95.9557 -0.0141711 0.999611 0.0240297 0 0.0240321 -0.999711 -0.9999 -0.014167 -0.000340562 LS51.dat
1 8 24.0441 -184.945 95.9677 -0.0118853 0.999726 0.0201679 0 0.0201693 -0.999797 -0.999929 -0.0118828 -0.000239717 LS51.dat
1 8 23.1989 -184.962 95.9777 -0.00963922 0.99982 0.0163677 0 0.0163684 -0.999866 -0.999954 -0.00963793 -0.000157779 LS51.dat
1 8 22.3554 -184.976 95.9858 -0.00743212 0.999893 0.0126281 0 0.0126285 -0.99992 -0.999972 -0.00743152 -9.38563e-005 LS51.dat
1 8 21.5137 -184.987 95.9921 -0.0052631 0.999946 0.00894825 0 0.00894838 -0.99996 -0.999986 -0.00526289 -4.70962e-005 LS51.dat
1 8 20.6739 -184.994 95.9965 -0.00313137 0.999981 0.00532704 0 0.00532706 -0.999986 -0.999995 -0.00313132 -1.6681e-005 LS51.dat
1 8 19.8359 -184.999 95.9991 -0.00103609 0.999998 0.0017635 0 0.0017635 -0.999998 -0.999999 -0.00103609 -1.82715e-006 LS51.dat
0 MLCAD SKIP_END
0 MLCAD FLEXHOSE 8 40 0 0 -1 0 0 0 1 0 0 0 1  120 -62 9  0 60 -50 19 -185 96 -100 0 0 250 LS51.dat LS51.dat 0
0 MLCAD SKIP_BEGIN
1 8 -80 -62 9 1 -5.09685e-005 -6.12297e-005 0 0.768568 -0.639768 -7.96672e-005 -0.639768 -0.768568 LS51.dat
1 8 -80 -62.6417 9.53419 1 -0.000174315 -0.00020987 0 0.769259 -0.638937 -0.00027282 -0.638937 -0.769259 LS51.dat
1 8 -80 -63.2841 10.0677 1 -0.000329874 -0.000398027 0 0.769946 -0.638109 -0.000516955 -0.638109 -0.769946 LS51.dat
1 8 -80 -63.9271 10.6006 1 -0.00051778 -0.000626117 0 0.770627 -0.637286 -0.000812477 -0.637286 -0.770627 LS51.dat
1 8 -79.999 -64.5707 11.1329 0.999999 -0.000738178 -0.000894565 0 0.771305 -0.636466 -0.00115981 -0.636466 -0.771304 LS51.dat
1 8 -79.998 -65.2149 11.6645 0.999999 -0.000991217 -0.0012038 0 0.771978 -0.63565 -0.00155938 -0.635649 -0.771977 LS51.dat
1 8 -79.998 -65.8598 12.1954 0.999998 -0.00127706 -0.00155428 0 0.772646 -0.634837 -0.00201163 -0.634836 -0.772644 LS51.dat
1 8 -79.997 -66.5052 12.7258 0.999997 -0.00159587 -0.00194644 0 0.77331 -0.634028 -0.00251703 -0.634026 -0.773307 LS51.dat
1 8 -79.995 -67.1513 13.2555 0.999995 -0.00194782 -0.00238076 0 0.77397 -0.633223 -0.00307604 -0.63322 -0.773966 LS51.dat
1 8 -79.994 -67.798 13.7846 0.999993 -0.0023331 -0.00285772 0 0.774625 -0.632421 -0.00368916 -0.632417 -0.77462 LS51.dat
1 8 -79.992 -68.4454 14.3131 0.999991 -0.00275191 -0.00337778 0 0.775276 -0.631623 -0.00435688 -0.631617 -0.775268 LS51.dat
1 8 -79.989 -69.0933 14.841 0.999987 -0.00320443 -0.00394147 0 0.775922 -0.630828 -0.00507972 -0.63082 -0.775912 LS51.dat
1 8 -79.987 -69.7419 15.3682 0.999983 -0.00369089 -0.00454927 0 0.776565 -0.630037 -0.0058582 -0.630027 -0.776551 LS51.dat
1 8 -79.984 -70.391 15.8949 0.999978 -0.0042115 -0.00520173 0 0.777203 -0.62925 -0.00669288 -0.629236 -0.777185 LS51.dat
1 8 -79.98 -71.0408 16.421 0.999971 -0.00476648 -0.00589935 0 0.777837 -0.628466 -0.00758431 -0.628448 -0.777814 LS51.dat
1 8 -79.976 -71.6913 16.9465 0.999964 -0.00535609 -0.0066427 0 0.778466 -0.627686 -0.00853306 -0.627664 -0.778438 LS51.dat
1 8 -79.972 -72.3423 17.4714 0.999954 -0.00598055 -0.00743232 0 0.779092 -0.62691 -0.00953972 -0.626882 -0.779056 LS51.dat
1 8 -79.967 -72.9939 17.9958 0.999944 -0.00664013 -0.00826878 0 0.779713 -0.626138 -0.0106049 -0.626102 -0.779669 LS51.dat
1 8 -79.961 -73.6462 18.5195 0.999931 -0.0073351 -0.00915266 0 0.780329 -0.625369 -0.0117292 -0.625326 -0.780276 LS51.dat
1 8 -79.955 -74.2991 19.0427 0.999917 -0.00806572 -0.0100846 0 0.780942 -0.624604 -0.0129133 -0.624552 -0.780877 LS51.dat
1 8 -79.948 -74.9526 19.5653 0.9999 -0.00883228 -0.0110651 0 0.78155 -0.623843 -0.0141579 -0.62378 -0.781471 LS51.dat
1 8 -79.941 -75.6066 20.0874 0.99988 -0.00963508 -0.0120948 0 0.782153 -0.623086 -0.0154635 -0.623011 -0.78206 LS51.dat
1 8 -79.933 -76.2614 20.6089 0.999858 -0.0104744 -0.0131744 0 0.782753 -0.622333 -0.0168309 -0.622245 -0.782642 LS51.dat
1 8 -79.924 -76.9167 21.1298 0.999833 -0.0113506 -0.0143046 0 0.783348 -0.621584 -0.0182608 -0.62148 -0.783217 LS51.dat
1 8 -79.914 -77.5726 21.6502 0.999805 -0.012264 -0.0154859 0 0.783938 -0.620839 -0.0197539 -0.620717 -0.783785 LS51.dat
1 8 -79.904 -78.2291 22.17 0.999773 -0.0132149 -0.016719 0 0.784524 -0.620098 -0.021311 -0.619957 -0.784346 LS51.dat
1 8 -79.893 -78.8862 22.6893 0.999737 -0.0142036 -0.0180046 0 0.785106 -0.619361 -0.0229327 -0.619199 -0.7849 LS51.dat
1 8 -79.881 -79.544 23.2081 0.999697 -0.0152306 -0.0193435 0 0.785683 -0.618629 -0.0246199 -0.618442 -0.785445 LS51.dat
1 8 -79.868 -80.2023 23.7263 0.999652 -0.0162962 -0.0207362 0 0.786255 -0.617902 -0.0263734 -0.617687 -0.785982 LS51.dat
1 8 -79.855 -80.8612 24.2439 0.999602 -0.0174007 -0.0221836 0 0.786823 -0.617179 -0.0281939 -0.616934 -0.78651 LS51.dat
1 8 -79.84 -81.5208 24.761 0.999547 -0.0185446 -0.0236864 0 0.787386 -0.616461 -0.0300823 -0.616182 -0.787029 LS51.dat
1 8 -79.825 -82.1809 25.2776 0.999487 -0.0197282 -0.0252453 0 0.787944 -0.615748 -0.0320395 -0.615431 -0.787539 LS51.dat
1 8 -79.808 -82.8416 25.7937 0.99942 -0.020952 -0.0268611 0 0.788497 -0.615039 -0.0340662 -0.614682 -0.788039 LS51.dat
1 8 -79.791 -83.5029 26.3092 0.999346 -0.0222164 -0.0285345 0 0.789044 -0.614336 -0.0361633 -0.613934 -0.788528 LS51.dat
1 8 -79.772 -84.1648 26.8242 0.999265 -0.0235219 -0.0302663 0 0.789587 -0.613638 -0.0383319 -0.613187 -0.789007 LS51.dat
1 8 -79.752 -84.8273 27.3387 0.999177 -0.0248688 -0.0320574 0 0.790125 -0.612946 -0.0405726 -0.612441 -0.789474 LS51.dat
1 8 -79.731 -85.4903 27.8526 0.99908 -0.0262577 -0.0339086 0 0.790657 -0.612259 -0.0428866 -0.611696 -0.78993 LS51.dat
1 8 -79.709 -86.154 28.3661 0.998975 -0.027689 -0.0358206 0 0.791184 -0.611578 -0.0452747 -0.610951 -0.790373 LS51.dat
1 8 -79.686 -86.8182 28.879 0.99886 -0.0291632 -0.0377943 0 0.791705 -0.610903 -0.0477379 -0.610207 -0.790802 LS51.dat
1 8 -79.662 -87.483 29.3914 0.998735 -0.0306808 -0.0398306 0 0.792221 -0.610235 -0.0502771 -0.609463 -0.791219 LS51.dat
1 8 -79.636 -88.1483 29.9032 0.9986 -0.0322424 -0.0419302 0 0.79273 -0.609573 -0.0528934 -0.608719 -0.79162 LS51.dat
1 8 -79.609 -88.8142 30.4145 0.998454 -0.0338484 -0.0440941 0 0.793234 -0.608917 -0.0555878 -0.607976 -0.792007 LS51.dat
1 8 -79.58 -89.4807 30.9254 0.998296 -0.0354994 -0.0463232 0 0.793731 -0.608269 -0.0583613 -0.607232 -0.792378 LS51.dat
1 8 -79.55 -90.1477 31.4356 0.998125 -0.0371959 -0.0486183 0 0.794222 -0.607627 -0.061215 -0.606488 -0.792733 LS51.dat
1 8 -79.519 -90.8153 31.9454 0.99794 -0.0389385 -0.0509803 0 0.794707 -0.606994 -0.0641498 -0.605743 -0.79307 LS51.dat
1 8 -79.486 -91.4834 32.4547 0.997742 -0.0407279 -0.0534101 0 0.795185 -0.606367 -0.0671669 -0.604998 -0.793389 LS51.dat
