0 FILE 8225_B.ldr
0 ROTATION CENTER 0 0 0 1 "Custom" 
0 ROTATION CONFIG 0 0
1 7 0 0 0 1 0 0 0 1 0 0 0 1 helicopter.ldr
1 7 0 0 0 1 0 0 0 1 0 0 0 1 propeller.ldr
1 7 -150 116 260 1 0 0 0 1 0 0 0 1 Action.ldr
0
0 FILE Action.ldr
0 Action figure
0 Author: marco
0 Begin work:     09/03/2014
0 Last change:     09/03/2014
0 GROUPLIST 1
0 GR ACTION 1 0 False
0 GR ACTION_FIGURE 2 0 False
0 ENDGROUP
0 WORLD  107.907 291.4288 -167.0524 0.7448316 0.02411757 0.6668139 0.07942674 0.9890296 -0.1244871 -0.6625082 0.1456836 0.7347453
0 CENTRE  150 -147 -501
0 LOOKAT  47 157 -671
0 ZOOM  30
0 ROTANGLE 0
0 ROTATION CENTER 0 0 0 1 "Custom" 
0 ROTATION CONFIG 0 0
1 0 145.828 -140.39 -262.449 0.998523 -0.0515972 0.0169869 -0.0288395 -0.238526 0.970707 -0.0460342 -0.969764 -0.239664 2709.dat
1 0 148.757 -150.076 -301.47 0.998523 0.00964078 0.0534592 -0.0535872 0.336122 0.940293 -0.00890367 -0.941768 0.33614 2704.dat
1 0 160.828 -157.28 -260.526 1 0 0 0 0.993572 0.113203 0 -0.113203 0.993572 2699.dat
1 0 175.828 -140.39 -262.449 1 0 0 0 -0.25038 0.968347 0 -0.968148 -0.250429 2703.dat
1 0 170.828 -150.404 -301.176 1 0 0 0 0.350208 0.936672 0 -0.936672 0.350208 2704.dat
1 0 170.828 -136.397 -338.641 1 0 0 0 0.350208 0.936672 0 -0.936672 0.350208 2706.dat
1 0 149.142 -136.631 -339.14 0.998523 0.00964311 0.0534592 -0.0535872 0.336221 0.940293 -0.00890367 -0.942026 0.33614 2706.dat
1 0 160.828 -157.28 -260.526 1 0 0 0 0.993572 0.113203 0 -0.113203 0.993572 2710.dat
1 0 134.629 -202.985 -255.314 -0.838671 0 0.544639 -0.163776 -0.953717 -0.252193 0.519432 -0.300706 0.799855 2700.dat
1 0 134.629 -202.985 -255.314 0 0 1 -0.300706 -0.953717 0 0.953717 -0.300706 0 2705.dat
1 0 134.629 -202.985 -255.314 0 0 1 -0.300706 -0.953717 0 0.953717 -0.300706 0 2701.dat
1 14 187.044 -193.508 -309.459 -0.856026 -0.0455281 0.514924 -0.0318935 -0.989565 -0.140516 0.515948 -0.136708 0.845641 2702.dat
1 0 187.028 -202.985 -255.316 0 0 -1 0.182236 -0.983255 0 -0.983255 -0.182236 0 2701.dat
1 0 204.809 -198.357 -280.285 0.819027 0.014296 0.573577 -0.0873498 -0.98493 0.149279 0.567066 -0.172365 -0.805435 2705.dat
1 0 187.028 -202.985 -255.315 0.819152 0 -0.573577 -0.104526 0.983255 -0.149279 0.563972 0.182236 0.805435 2700.dat
1 0 117.745 -195.166 -280.111 -0.836627 -0.058503 0.544639 -0.0968499 -0.962818 -0.252193 0.539142 -0.26374 0.799855 2701.dat
1 0 204.809 -198.357 -280.285 0.857116 -0.014296 0.514924 0.100844 0.98493 -0.140516 -0.505155 0.172365 0.845641 2700.dat
1 0 117.745 -195.166 -280.111 -0.976703 -0.058503 -0.206467 0.109845 -0.962818 -0.24681 -0.184351 -0.26374 0.946814 2705.dat
1 0 117.745 -195.166 -280.111 -0.742616 -0.058503 -0.667157 0.218533 -0.962818 -0.158822 -0.633059 -0.26374 0.727789 2700.dat
1 14 140.762 -189.687 -305.219 0.742616 0.0585026 -0.667157 -0.218533 0.962818 -0.158822 0.633059 0.263739 0.727789 2702.dat
1 14 160.828 -210.933 -254.412 1 0 0 0 0.993572 0.113203 0 -0.113203 0.993572 2707p02.dat
1 0 160.828 -252.664 -249.657 1 0 0 0 0.993572 0.113203 0 -0.113203 0.993572 2708.dat
1 0 160.828 -240.74 -251.016 1 0 0 0 0.993572 0.113203 0 -0.113203 0.993572 2715.dat
1 47 160.828 -240.74 -251.016 1 0 0 0 0.993572 0.113203 0 -0.113203 0.993572 2716.dat
1 0 187.028 -202.985 -255.315 0.819152 0 0.573577 -0.104526 -0.983255 0.149279 0.563972 -0.182236 -0.805435 2705.dat
1 0 204.809 -198.357 -280.285 0.819027 -0.014296 -0.573577 -0.0873498 0.98493 -0.149279 0.567066 0.172365 0.805435 2701.dat
1 7 160.828 -157.28 -260.526 1 0 0 0 0.993572 0.113203 0 -0.113203 0.993572 2698p01.dat
0 
0 
0
0 FILE propeller.ldr
0 New Model
0 Name: propeller.ldr
0 Author: MLCad
0 Unofficial Model
0 ROTATION CENTER 0 0 0 1 "Custom" 
0 ROTATION CONFIG 0 0
1 7 10 -155 60 -1 0 0 0 0 -1 0 -1 0 4265a.dat
1 0 10 -167 60 0 0 -1 0 1 0 1 0 0 3709b.dat
1 14 10 -175 160 0 0 -1 0 1 0 1 0 0 3738.dat
1 14 10 -175 -40 0 0 -1 0 1 0 1 0 0 3738.dat
1 7 10 -175 60 0 0 -1 0 1 0 1 0 0 4032a.dat
1 0 10 -183 60 0 0 -1 0 1 0 1 0 0 3709b.dat
1 0 10 -183 -110 -1 0 0 0 1 0 0 0 -1 2412b.dat
1 0 10 -183 230 -1 0 0 0 1 0 0 0 -1 2412b.dat
1 0 10 -140 60 0 0 -1 -1 0 0 0 1 0 3705.dat
1 7 10 -90 60 0 -1 0 0 0 1 -1 0 0 2853.dat
1 8 10 -90 103 1 0 0 0 0 1 0 -1 0 2851.dat
1 7 10 -90 70 1 0 0 0 0 1 0 -1 0 2852.dat
0
0 FILE helicopter.ldr
0 New Model
0 Name: helicopter.ldr
0 Author: MLCad
0 Unofficial Model

0 WORLD  -172.2575 -124.1017 -300.6584 0.8656375 0.09721486 -0.4911306 -0.355391 0.8102641 -0.4660034 0.3526453 0.5779437 0.7359554
0 CENTRE  0 0 0
0 LOOKAT  -204 -143 457
0 ZOOM  68
0 ROTANGLE 0
0 ROTATION CENTER 0 0 0 1 "Custom" 
0 ROTATION CONFIG 0 0
1 14 0 0 0 0 0 -1 0 1 0 1 0 0 3702.dat
1 14 10 24 -20 0 0 -1 0 1 0 1 0 0 3832.dat
1 14 20 0 0 0 0 -1 0 1 0 1 0 0 3702.dat
1 0 20 10 -60 -1 0 0 0 1 0 0 0 -1 6558a.dat
1 0 20 10 0 -1 0 0 0 1 0 0 0 -1 6558a.dat
1 0 10 0 -110 -1 0 0 0 1 0 0 0 -1 3937.dat
1 0 10 3.309 -102.569 -1 0 0 0 0.669131 -0.743145 0 -0.743145 -0.669131 3938.dat
1 0 10 -8 30 -1 0 0 0 1 0 0 0 -1 3023.dat
1 0 10 -8 70 1 0 0 0 1 0 0 0 1 3475b.dat
1 14 10 -16 50 0 0 -1 0 1 0 1 0 0 3021.dat
1 14 20 -40 100 0 0 -1 0 1 0 1 0 0 3702.dat
1 0 10 -30 160 -1 0 0 0 1 0 0 0 -1 2780.dat
1 14 0 -40 220 0 0 -1 0 1 0 1 0 0 3702.dat
1 14 0 -40 80 0 0 -1 0 1 0 1 0 0 3894.dat
1 0 -20 -30 60 -1 0 0 0 0 -1 0 -1 0 6558a.dat
1 0 40 -30 60 1 0 0 0 0 -1 0 1 0 6558a.dat
1 0 10 -48 140 1 0 0 0 1 0 0 0 1 3068a.dat
1 14 40 -16 150 1 0 0 0 1 0 0 0 1 2450.dat
1 14 -20 -16 150 0 0 1 0 1 0 -1 0 0 2450.dat
1 14 40 -50 70 0 0 1 -1 0 0 0 -1 0 3702.dat
1 14 -20 -50 70 0 0 1 -1 0 0 0 -1 0 3702.dat
1 7 60 -11.59 52.185 0 0 -1 -0.390731 -0.920505 0 -0.920505 0.390731 0 6536.dat
1 0 60 -23.312 24.57 0 0 -1 -0.390731 -0.920505 0 -0.920505 0.390731 0 3705.dat
1 0 10 10 60 1 0 0 0 0 1 0 -1 0 3737.dat
1 7 -40 10 60 0 0 -1 1 0 0 0 -1 0 3713.dat
1 7 60 10 60 0 0 1 1 0 0 0 1 0 3713.dat
1 14 0 -120 78 -1 0 0 0 0 -1 0 -1 0 2420.dat
1 14 20 -120 78 0 0 1 -1 0 0 0 -1 0 2420.dat
1 14 10 -120 86 1 0 0 0 0 1 0 -1 0 3710.dat
1 7 40 -90 110 0 0 -1 1 0 0 0 -1 0 3701.dat
1 7 -20 -90 110 0 0 -1 1 0 0 0 -1 0 3701.dat
1 7 -10 -110 100 1 0 0 0 0 1 0 -1 0 3749.dat
1 7 -10 -70 100 1 0 0 0 0 1 0 -1 0 3749.dat
1 7 30 -70 100 -1 0 0 0 0 1 0 1 0 3749.dat
1 7 30 -110 100 -1 0 0 0 0 1 0 1 0 3749.dat
1 7 10 -90 126 0 0 -1 1 0 0 0 -1 0 2850.dat
1 0 10 -60 86 -1 0 0 0 0 -1 0 -1 0 4442.dat
1 14 50 -60 78 -1 0 0 0 0 -1 0 -1 0 3023.dat
1 14 -30 -60 78 -1 0 0 0 0 -1 0 -1 0 3023.dat
1 14 10 -140 70 -1 0 0 0 0 -1 0 -1 0 3700.dat
1 7 10 -120 60 1 0 0 0 0 -1 0 1 0 3713.dat
1 14 20 -120 46 0 0 1 -1 0 0 0 -1 0 2420.dat
1 14 0 -120 46 -1 0 0 0 0 -1 0 -1 0 2420.dat
1 14 0 -112 300 1 0 0 0 1 0 0 0 1 2340.dat
1 4 10 0 -10 1 0 0 0 1 0 0 0 1 2717.dat
0 MLCAD HIDE 1 4 -150.8 121.4 255.9 1 0 0 0 1 0 0 0 1 Action.ldr
1 7 -30 -22 0 -1 0 0 0 -0.857167 0.515038 0 0.515038 0.857167 3749.dat
1 14 0 -120 300 -1 0 0 0 1 0 0 0 -1 3021.dat
1 7 -40 -22 0 -1 0 0 0 -0.515038 -0.857167 0 -0.857167 0.515038 6553.dat
1 7 40 30 -60 0 0 -1 0 -1 0 -1 0 0 6536.dat
1 7 40 30 0 0 0 -1 0 -1 0 -1 0 0 6536.dat
1 0 40 30 -90 0 0 -1 0 -1 0 -1 0 0 3708.dat
1 7 40 30 -175 0 0 -1 0 -1 0 -1 0 0 6536.dat
1 7 30 10 -175 -1 0 0 0 0 1 0 1 0 3749.dat
1 15 10 10 -175 0 0 1 -1 0 0 0 -1 0 2994.dat
1 0 10 10 -175 0 0 1 -1 0 0 0 -1 0 6578.dat
1 15 -70 10 60 0 0 1 -1 0 0 0 -1 0 2994.dat
1 0 -70 10 60 0 0 1 -1 0 0 0 -1 0 6578.dat
1 15 90 10 60 0 0 -1 -1 0 0 0 1 0 2994.dat
1 0 90 10 60 0 0 -1 -1 0 0 0 1 0 6578.dat

0
0
