0 FILE Untitled.ldr
0 Untitled
0 Name: Untitled.ldr
0 Author: marco
0 Unofficial Model
0 ROTATION CENTER 0 0 0 1 "Custom" 
0 ROTATION CONFIG 0 0
1 7 -20 88 0 1 0 0 0 1 0 0 0 1 8240_A.ldr
1 7 -10 120 450 1 0 0 0 1 0 0 0 1 8240 base1.ldr
0
0 FILE 8240 base1.ldr
0 8240 base1
0 Author: LEGO Digital Designer 4.3
0 ROTATION CENTER 0 0 0 1 "Custom" 
0 ROTATION CONFIG 0 0
1 14 19.9999 -208.232 63.4449 0 0 -1 -0.944155 0.329502 0 0.329502 0.944155 0 32316.dat
1 0 60 -214.822 44.5619 0 0 1 -0.329502 0.944155 0 -0.944155 -0.329502 0 6558.dat
1 0 20.0005 -214.823 44.5623 1 0 0 0 0.944155 0.329502 0 -0.329502 0.944155 4519.dat
1 0 60 -215.294 44.7266 0 1 0 -0.329503 0 -0.944155 -0.944155 0 0.329503 32014.dat
1 0 -19.9991 -215.294 44.7266 0 -1 0 0.329502 0 -0.944155 0.944155 0 0.329502 32014.dat
1 0 60 -130.155 15.5434 0 0 1 0.944155 0.329503 0 -0.329503 0.944155 0 3707.dat
1 7 79.4999 -173.751 30.2285 0 0 1 0.944155 0.329503 0 -0.329503 0.944155 0 32039.dat
1 0 -20 -130.155 15.5434 0 0 1 0.944155 0.329503 0 -0.329503 0.944155 0 3707.dat
1 7 -39.5 -173.751 30.2284 0 0 -1 -0.944155 0.329503 0 0.329503 0.944155 0 32039.dat
1 0 60.0001 -45.3463 -14.584 1 0 0 0 -0.329506 0.944154 0 -0.944154 -0.329506 32013.dat
1 0 -19.9999 -45.3463 -14.5841 1 0 0 0 -0.329506 0.944154 0 -0.944154 -0.329506 32013.dat
1 0 -19.9991 -214.822 44.5619 0 0 1 -0.329502 0.944155 0 -0.944155 -0.329502 0 6558.dat
1 14 20 -221.412 25.6788 0 0 -1 -0.944155 0.329502 0 0.329502 0.944155 0 32316.dat
1 7 50.0001 -111.927 29.8353 1 0 0 0 0.944154 0.329503 0 -0.329503 0.944154 3749.dat
1 7 60 -111.927 29.8353 1 0 0 0 -0.329503 0.944154 0 -0.944154 -0.329503 6536.dat
1 0 20 -11.8993 190 1 0 0 0 1 0 0 0 1 32073.dat
1 14 60 -11.8993 30 0 -1 0 -1 0 0 0 0 -1 32009.dat
1 14 -20 -11.8993 30 0 -1 0 -1 0 0 0 0 -1 32009.dat
1 0 20.0001 -91.8993 30 1 0 0 0 1 0 0 0 1 32073.dat
1 0 20 -131.899 30 1 0 0 0 1 0 0 0 1 4519.dat
1 14 20 -113.024 30 -1 0 0 0 1 0 0 0 -1 32184.dat
1 0 40.0001 -132.399 30.5 0 -1 0 0 0 1 -1 0 0 32140.dat
1 0 5.58794e-005 -132.399 30.5 0 -1 0 0 0 1 -1 0 0 32140.dat
1 0 50 -11.8993 90 1 0 0 0 1 0 0 0 1 2780.dat
1 0 -9.99999 -11.8993 90 1 0 0 0 1 0 0 0 1 2780.dat
1 7 -9.99995 -111.927 29.8352 -1 0 0 0 0.944155 -0.329503 0 -0.329503 -0.944155 3749.dat
1 7 -19.9999 -111.927 29.8352 1 0 0 0 -0.329503 0.944155 0 -0.944155 -0.329503 6536.dat
1 0 50 -11.8993 70 1 0 0 0 1 0 0 0 1 2780.dat
1 0 20.0001 -71.8993 30 1 0 0 0 1 0 0 0 1 6558.dat
1 0 -9.99999 -11.8993 70 1 0 0 0 1 0 0 0 1 2780.dat
1 14 40 -11.8993 50 0 -1 0 -1 0 0 0 0 -1 32316.dat
1 0 20 -12.3993 40 1 0 0 0 0 1 0 -1 0 32138.dat
1 14 1.3411e-005 -11.8993 50 0 -1 0 -1 0 0 0 0 -1 32316.dat
1 0 20.0001 -71.8993 10 1 0 0 0 1 0 0 0 1 6558.dat
1 7 70.0001 -12.5088 9.12135 0 0 -1 -0.585319 0.810803 0 0.810803 0.585319 0 6538b.dat
1 0 20.0001 -12.5088 9.12132 1 0 0 0 0.810803 -0.585319 0 0.585319 0.810803 32073.dat
1 14 25 -12.6215 8.42324 0 -1 0 -0.585319 0 -0.810803 0.810803 0 -0.585319 6632.dat
1 14 15 -12.6215 8.42328 0 -1 0 -0.585319 0 -0.810803 0.810803 0 -0.585319 6632.dat
1 0 20 -45.0537 -14.9895 1 0 0 0 0.585319 0.810803 0 -0.810803 0.585319 3707.dat
1 7 80 -45.0536 -14.9894 0 0 -1 0.810803 0.585319 0 0.585319 -0.810803 0 3713.dat
1 7 40 -61.1569 -25.9978 1 0 0 0 -0.585319 -0.810803 0 0.810803 -0.585319 32039.dat
1 7 -2.38419e-005 -61.1569 -25.9978 1 0 0 0 -0.585319 -0.810803 0 0.810803 -0.585319 32039.dat
1 7 -30 -12.5088 9.12132 0 0 -1 -0.585319 0.810803 0 0.810803 0.585319 0 6538b.dat
1 7 -40 -45.0536 -14.9895 0 0 1 -0.810803 0.585319 0 -0.585319 -0.810803 0 3713.dat
1 0 39.9999 -134.242 -79.3746 0 0 1 -0.810803 0.585319 0 -0.585319 -0.810803 0 3737.dat
1 0 -0.000102917 -134.242 -79.3746 0 0 1 -0.810803 0.585319 0 -0.585319 -0.810803 0 3737.dat
1 0 20 -71.8993 -90 0 -1 0 -1 0 0 0 0 -1 32278.dat
0
0 FILE 8240_A.ldr
0 Name: 8240_A.ldr
0 Author: LEGO Digital Designer 4.3
0 WORLD  429.6279 -340.766 -106.6718 -0.1145576 0.177295 -0.9774679 -0.3950725 0.8946562 0.2085761 0.911479 0.4100648 -0.0324497
0 CENTRE  0 0 0
0 LOOKAT  461 -363 605
0 ZOOM  66
0 ROTANGLE 0
0 ROTATION CENTER 0 0 0 1 "Custom" 
0 ROTATION CONFIG 0 0
1 14 -10 -67.8806 26.0374 0 0 1 -0.528049 0.849214 0 -0.849214 -0.528049 0 32291.dat
1 0 -10 -83.7221 0.56098 0 0 -1 -0.849214 0.528049 0 0.528049 0.849214 0 6553.dat
1 7 -10 -179.722 60.561 0 0 -1 -0.849214 0.528049 0 0.528049 0.849214 0 32200.dat
1 0 -20 -45.6158 23.9686 1 0 0 0 0.528049 -0.849214 0 0.849214 0.528049 2780.dat
1 14 -30 -66.7378 -10 0 -1 0 0.849214 0 0.528049 -0.528049 0 0.849214 32140.dat
1 0 30 -66.4737 -9.57536 1 0 0 0 0.849215 0.528048 0 -0.528048 0.849215 3707.dat
1 7 -10 -67.1624 -9.73594 0 0 1 0.849214 0.528048 0 -0.528048 0.849214 0 3713.dat
1 7 30 -67.1624 -9.73594 -1 0 0 0 0.849214 -0.528048 0 -0.528048 -0.849214 6536.dat
1 14 90 -67.1624 -9.73594 0 -1 0 0.849214 0 0.528049 -0.528049 0 0.849214 32140.dat
1 7 70 -67.1624 -9.73594 0 0 -1 -0.849215 0.528048 0 0.528048 0.849215 0 3713.dat
1 0 30 -44.0485 -12.3328 0 0 -1 -0.528048 -0.849215 0 -0.849215 0.528048 0 6628.dat
1 7 -55 -17.7706 30.7919 0 0 -1 -0.8 0.6 0 0.600001 0.8 0 32123a.dat
1 8 -50 -17.7706 30.7919 1 0 0 0 0.600001 -0.799999 0 0.799999 0.600001 6587.dat
1 7 -45 -17.7706 30.7919 0 0 -1 -0.8 0.6 0 0.6 0.8 0 32123a.dat
1 7 105 -17.7706 30.7919 0 0 -1 -0.8 0.6 0 0.600001 0.8 0 32123a.dat
1 8 110 -17.7706 30.7919 -1 0 0 0 0.600001 0.799999 0 0.799999 -0.600001 6587.dat
1 7 115 -17.7706 30.7919 0 0 -1 -0.8 0.6 0 0.6 0.8 0 32123a.dat
1 7 125 -191.758 -108.788 0 0 1 -0.615686 -0.787992 0 0.787992 -0.615686 0 32123a.dat
1 0 100 -191.758 -108.788 1 0 0 0 0.787992 -0.615685 0 0.615685 0.787992 4519.dat
1 0 75 -191.758 -108.788 0 -1 0 -0.787992 0 0.615686 -0.615686 0 -0.787992 6632.dat
1 0 32 -166.343 -139.693 -1 0 0 0 -0.787992 -0.615686 0 -0.615686 0.787992 3707.dat
1 0 90 -166.343 -139.693 -1 0 0 0 0.787992 0.615686 0 0.615686 -0.787992 32291.dat
1 7 65 -166.343 -139.693 0 0 1 -0.615686 -0.787992 0 0.787992 -0.615686 0 32123a.dat
1 7 50 -166.343 -139.693 0 0 -1 0.615686 -0.787992 0 -0.787992 -0.615686 0 3713.dat
1 7 10 -166.343 -139.693 0 0 1 0.787992 -0.615686 0 0.615686 0.787992 0 3713.dat
1 0 -15 -190.97 -108.173 0 -1 0 -0.787992 0 0.615685 -0.615685 0 -0.787992 6632.dat
1 0 -40 -191.758 -108.788 1 0 0 0 0.787992 -0.615685 0 0.615685 0.787992 4519.dat
1 7 -5 -166.343 -139.693 0 0 1 -0.615686 -0.787992 0 0.787992 -0.615686 0 32123a.dat
1 7 -65 -190.97 -108.173 0 0 1 -0.615686 -0.787992 0 0.787992 -0.615686 0 32123a.dat
1 0 -30 -166.343 -139.693 -1 0 0 0 0.787992 0.615686 0 0.615686 -0.787992 32291.dat
1 0 30 -166.343 -139.693 0 1 0 0.799999 0 0.600001 0.600001 0 -0.799999 6629.dat
1 0 28 -47.1309 -220.308 1 0 0 0 1 0 0 0 1 3705.dat
1 0 55 -47.1369 -200.3 0 0 -1 1 0 0 0 -1 0 6575.dat
1 0 40 -46.2367 -200 -1 0 0 0 0 1 0 1 0 6536.dat
1 0 30 -46.2367 -200 1 0 0 0 1 0 0 0 1 4519.dat
1 7 45 -47.1369 -220.3 0 0 1 0 -1 0 1 0 0 32123a.dat
1 0 20 -46.2367 -200 -1 0 0 0 0 1 0 1 0 6536.dat
1 7 15 -47.1369 -220.3 0 0 1 0 -1 0 1 0 0 32123a.dat
1 0 5 -46.2367 -200 0 0 -1 1 0 0 0 -1 0 6575.dat
1 0 5 -66.7378 -120 0 1 0 -1 0 0 0 0 1 32449.dat
1 0 30 -66.7378 -150 -1 0 0 0 -1 0 0 0 1 4519.dat
1 0 55 -66.7378 -120 0 1 0 -1 0 0 0 0 1 32449.dat
1 14 30 -66.7378 -150 -1 0 0 0 0 -1 0 -1 0 6553.dat
1 0 15 -66.7378 -120 0 1 0 -1 0 0 0 0 1 32449.dat
1 0 45 -66.7378 -120 0 1 0 -1 0 0 0 0 1 32449.dat
1 0 30 -67.2378 -90 -1 0 0 0 -1 0 0 0 1 32073.dat
1 14 30 -66.7378 -90 -1 0 0 0 1 0 0 0 -1 32291.dat
1 0 70 -76.7378 -90 0 0 -1 0 1 0 1 0 0 32064a.dat
1 0 -10 -76.7378 -90 0 0 -1 0 1 0 1 0 0 32064a.dat
1 0 30 -47.2378 -70 0 -1 0 0 0 1 -1 0 0 32138.dat
1 14 30 -66.7378 -50 1 0 0 0 1 0 0 0 1 32291.dat
1 7 -5 -115.038 85.6001 0 0 1 -0.799999 -0.600001 0 0.600001 -0.799999 0 32123a.dat
1 0 30 -115.038 85.6001 -1 0 0 0 -0.600001 -0.799999 0 -0.799999 0.600001 3705.dat
1 7 30 -115.038 85.6001 0 0 -1 -0.799999 0.600001 0 0.600001 0.799999 0 3713.dat
1 0 10 -67.038 -50.3999 0 1 0 -1 0 0 0 0 1 6629.dat
1 7 65 -115.038 85.6001 0 0 1 -0.799999 -0.600001 0 0.600001 -0.799999 0 32123a.dat
1 0 50 -67.038 -50.3999 0 1 0 -1 0 0 0 0 1 6629.dat
1 0 30 -67.038 -50.3999 -1 0 0 0 0 -1 0 -1 0 4519.dat
1 0 30 -67.2378 -180 0 -1 0 -1 0 0 0 0 -1 32138.dat
1 0 30 -66.7378 -110 -1 0 0 0 -1 0 0 0 1 6558.dat
1 7 -10 -67.1318 -130.308 0 0 -1 0.615686 -0.787992 0 -0.787992 -0.615686 0 3713.dat
1 0 30 -67.2378 -130 -1 0 0 0 -0.787992 -0.615686 0 -0.615686 0.787992 3707.dat
1 14 -30 -66.7378 -130 0 1 0 0.787992 0 0.615686 0.615686 0 -0.787992 32140.dat
1 7 30 -66.7378 -130 1 0 0 0 0.787992 -0.615686 0 0.615686 0.787992 6536.dat
1 14 90 -66.7378 -130 0 1 0 0.787992 0 0.615685 0.615685 0 -0.787992 32140.dat
1 7 70 -66.7378 -130 0 0 -1 0.615686 -0.787992 0 -0.787992 -0.615686 0 3713.dat
1 7 105 -14.5368 -164.966 0 0 1 0 -1 0 1 0 0 32123a.dat
1 8 110 -14.5368 -164.966 -1 0 0 0 -1 0 0 0 1 6587.dat
1 7 115 -14.5368 -164.966 0 0 1 0 -1 0 1 0 0 32123a.dat
1 7 30 -35.9791 -137.695 -1 0 0 0 -0.787992 -0.615686 0 -0.615686 0.787992 32123a.dat
1 7 30 -45.8301 -125.087 0 0 -1 0.615686 -0.787992 0 -0.787992 -0.615686 0 3749.dat
1 7 30 -42.6662 -128.324 1 0 0 0 -0.787992 0.615686 0 -0.615686 -0.787992 6589.dat
1 7 -45 -14.5368 -164.966 0 0 1 0 -1 0 1 0 0 32123a.dat
1 8 -50 -14.5368 -164.966 1 0 0 0 -1 0 0 0 -1 6587.dat
1 7 -55 -14.5368 -164.966 0 0 1 0 -1 0 1 0 0 32123a.dat
1 0 30 -67.038 9.60009 -1 0 0 0 -0.600001 -0.799999 0 -0.799999 0.600001 6558.dat
1 0 30 -67.038 -30.3999 -1 0 0 0 -0.600001 -0.799999 0 -0.799999 0.600001 6558.dat
1 0 -40 -145.214 -135.874 0 0 1 0.615686 0.787992 0 -0.787992 0.615686 0 2780.dat
1 0 80 -145.214 -135.874 0 0 1 0.615686 0.787992 0 -0.787992 0.615686 0 2780.dat
1 14 50 -132.919 -151.648 0.0174525 -1 0 -0.787871 -0.0137522 0.615686 -0.615593 -0.0107453 -0.787991 32528.dat
1 0 100 -145.214 -135.874 0 0 1 0.615686 0.787992 0 -0.787992 0.615686 0 2780.dat
1 14 40 -106.738 -100.5 1 0 0 0 -1 0 0 0 -1 32294.dat
1 0 -20 -145.214 -135.874 0 0 1 0.615686 0.787992 0 -0.787992 0.615686 0 2780.dat
1 14 20 -106.738 -100.5 1 0 0 0 -1 0 0 0 -1 32294.dat
1 0 -20 -56.1768 6.98428 1 0 0 0 0.528049 -0.849214 0 0.849214 0.528049 2780.dat
1 14 10 -132.507 -151.326 0 1 0 0.787992 0 0.615685 0.615685 0 -0.787992 32527.dat
1 0 30 -116.738 -30 1 0 0 0 1 0 0 0 1 3022.dat
1 7 70.2268 -143.318 -177.857 -1 0 0 0 0.787992 0.615686 0 0.615686 -0.787992 3713.dat
1 7 -10.7732 -143.491 -179.261 1 0 0 0 -0.787993 0.615685 0 -0.615685 -0.787993 3713.dat
1 7 -10.7732 -121.942 -206.841 1 0 0 0 -0.615685 -0.787993 0 0.787993 -0.615685 LS40.dat
0 MLCAD FLEXHOSE 7 0 23 -14.3 1 0 0 0 0.992546 0.121869 0 -0.121869 0.992546  -10.8 -121.9 -206.8  0 -70 70 70.2 -121.9 -206.8 0 -70 70 150 LS41.dat LS41.dat 0
0 MLCAD SKIP_BEGIN
1 7 -10.8 -123.194 -204.703 0.99999 -0.00317426 0.00317422 0.000547076 -0.615658 -0.788012 0.00445559 0.788006 -0.615651 LS41.dat
1 7 -10.7964 -122.489 -205.605 0.999908 -0.00960708 0.0096062 0.00165569 -0.615633 -0.78803 0.0134845 0.787974 -0.615561 LS41.dat
1 7 -10.7853 -121.779 -206.514 0.999738 -0.0161782 0.016174 0.00278794 -0.615581 -0.788068 0.022706 0.787907 -0.615375 LS41.dat
1 7 -10.7665 -121.065 -207.427 0.999476 -0.0228918 0.0228798 0.00394434 -0.6155 -0.788127 0.0321241 0.787803 -0.615087 LS41.dat
1 7 -10.7399 -120.348 -208.346 0.999115 -0.0297519 0.0297256 0.00512543 -0.615389 -0.788207 0.0417434 0.787662 -0.614692 LS41.dat
1 7 -10.705 -119.627 -209.268 0.998649 -0.036763 0.0367133 0.00633178 -0.615246 -0.788309 0.0515683 0.787478 -0.614181 LS41.dat
1 7 -10.6617 -118.902 -210.196 0.998072 -0.0439296 0.0438449 0.00756391 -0.615067 -0.788438 0.0616033 0.78725 -0.613549 LS41.dat
1 7 -10.6097 -118.174 -211.127 0.997376 -0.0512563 0.0511218 0.00882238 -0.614852 -0.788593 0.0718527 0.786974 -0.612786 LS41.dat
1 7 -10.5487 -117.442 -212.065 0.996555 -0.058748 0.0585456 0.0101077 -0.614598 -0.788775 0.082321 0.786649 -0.611886 LS41.dat
1 7 -10.4784 -116.707 -213.005 0.995599 -0.0664097 0.0661175 0.0114205 -0.614303 -0.788987 0.0930126 0.786271 -0.610841 LS41.dat
1 7 -10.3986 -115.969 -213.95 0.994503 -0.0742466 0.0738384 0.0127611 -0.613962 -0.789232 0.103931 0.785835 -0.60964 LS41.dat
1 7 -10.309 -115.228 -214.898 0.993255 -0.0822639 0.0817091 0.0141303 -0.613575 -0.789509 0.115083 0.785339 -0.608274 LS41.dat
1 7 -10.2091 -114.483 -215.852 0.991849 -0.0904673 0.0897299 0.0155285 -0.613137 -0.789823 0.12647 0.784779 -0.606734 LS41.dat
1 7 -10.0988 -113.736 -216.809 0.990273 -0.0988625 0.097901 0.0169561 -0.612646 -0.790176 0.138097 0.78415 -0.605011 LS41.dat
1 7 -9.97776 -112.985 -217.769 0.988519 -0.107455 0.106222 0.0184138 -0.612097 -0.790568 0.149969 0.783448 -0.60309 LS41.dat
1 7 -9.84557 -112.232 -218.733 0.986576 -0.116252 0.114691 0.0199018 -0.611487 -0.791004 0.162088 0.782667 -0.600964 LS41.dat
1 7 -9.70194 -111.477 -219.699 0.984431 -0.125259 0.123309 0.0214208 -0.610813 -0.791485 0.174459 0.781804 -0.59862 LS41.dat
1 7 -9.54654 -110.719 -220.67 0.982075 -0.134482 0.132072 0.0229711 -0.610069 -0.792015 0.187085 0.780852 -0.596045 LS41.dat
1 7 -9.37901 -109.959 -221.643 0.979495 -0.143929 0.140978 0.0245529 -0.609251 -0.792596 0.199968 0.779805 -0.593225 LS41.dat
1 7 -9.199 -109.197 -222.618 0.976677 -0.153606 0.150023 0.0261669 -0.608355 -0.793233 0.213113 0.778658 -0.590147 LS41.dat
1 7 -9.00615 -108.433 -223.595 0.973609 -0.16352 0.159205 0.0278131 -0.607375 -0.793928 0.22652 0.777404 -0.586798 LS41.dat
1 7 -8.80011 -107.668 -224.575 0.970277 -0.173679 0.168517 0.0294918 -0.606305 -0.794685 0.240192 0.776034 -0.583162 LS41.dat
1 7 -8.58049 -106.901 -225.557 0.966666 -0.18409 0.177954 0.0312033 -0.60514 -0.795508 0.254131 0.774543 -0.579224 LS41.dat
1 7 -8.34692 -106.134 -226.539 0.962761 -0.194761 0.187508 0.0329478 -0.603872 -0.7964 0.268339 0.77292 -0.574968 LS41.dat
1 7 -8.09901 -105.365 -227.523 0.958546 -0.2057 0.197173 0.034725 -0.602495 -0.797366 0.282813 0.771158 -0.570377 LS41.dat
1 7 -7.83639 -104.595 -228.508 0.954005 -0.216914 0.206937 0.0365352 -0.601003 -0.798411 0.297556 0.769248 -0.565435 LS41.dat
1 7 -7.55864 -103.826 -229.493 0.94912 -0.228413 0.216791 0.0383783 -0.599386 -0.799539 0.312567 0.767179 -0.560124 LS41.dat
1 7 -7.26539 -103.056 -230.477 0.943875 -0.240204 0.226722 0.0402538 -0.597636 -0.800756 0.327842 0.764939 -0.554425 LS41.dat
1 7 -6.95622 -102.287 -231.462 0.93825 -0.252296 0.236716 0.0421617 -0.595745 -0.802066 0.34338 0.762518 -0.54832 LS41.dat
1 7 -6.63073 -101.519 -232.446 0.932226 -0.264697 0.246758 0.0441013 -0.593702 -0.803475 0.359178 0.759903 -0.541792 LS41.dat
1 7 -6.28853 -100.751 -233.428 0.925786 -0.277417 0.256828 0.0460725 -0.591497 -0.80499 0.375231 0.757081 -0.534818 LS41.dat
1 7 -5.92919 -99.985 -234.409 0.918908 -0.290463 0.266908 0.048074 -0.589118 -0.806616 0.391533 0.754037 -0.527381 LS41.dat
1 7 -5.55232 -99.2206 -235.387 0.911572 -0.303844 0.276976 0.0501053 -0.586554 -0.808359 0.408076 0.750755 -0.519462 LS41.dat
1 7 -5.15751 -98.4584 -236.362 0.903757 -0.31757 0.287006 0.0521655 -0.583792 -0.810226 0.424855 0.747219 -0.51104 LS41.dat
1 7 -4.74435 -97.699 -237.335 0.895443 -0.331648 0.296972 0.0542533 -0.580817 -0.812224 0.441859 0.743412 -0.502095 LS41.dat
1 7 -4.31245 -96.9425 -238.302 0.886607 -0.346086 0.306842 0.0563672 -0.577616 -0.81436 0.459075 0.739314 -0.49261 LS41.dat
1 7 -3.86141 -96.1898 -239.266 0.877229 -0.360892 0.316585 0.0585059 -0.574171 -0.816643 0.476494 0.734904 -0.482564 LS41.dat
1 7 -3.39085 -95.4411 -240.225 0.867286 -0.376074 0.326164 0.0606675 -0.570466 -0.819077 0.494098 0.730162 -0.471942 LS41.dat
1 7 -2.90038 -94.6971 -241.176 0.856758 -0.391638 0.335539 0.0628502 -0.566482 -0.821673 0.511875 0.725064 -0.460724 LS41.dat
1 7 -2.38965 -93.9584 -242.122 0.845622 -0.40759 0.344667 0.0650516 -0.5622 -0.824438 0.529804 0.719583 -0.448894 LS41.dat
1 7 -1.85828 -93.2255 -243.061 0.833857 -0.423935 0.353501 0.0672694 -0.557601 -0.82738 0.547867 0.713696 -0.436441 LS41.dat
1 7 -1.30595 -92.499 -243.99 0.821442 -0.440677 0.36199 0.0695009 -0.552659 -0.830504 0.566041 0.70737 -0.42335 LS41.dat
1 7 -0.732338 -91.7795 -244.911 0.808358 -0.457818 0.370081 0.0717432 -0.547351 -0.833822 0.584303 0.700577 -0.40961 LS41.dat
1 7 -0.137138 -91.068 -245.822 0.794585 -0.47536 0.377714 0.0739931 -0.541653 -0.837339 0.602627 0.693284 -0.395216 LS41.dat
1 7 0.479923 -90.3649 -246.722 0.780104 -0.493302 0.384827 0.0762473 -0.535539 -0.841062 0.620986 0.685458 -0.380162 LS41.dat
1 7 1.1191 -89.671 -247.61 0.764899 -0.511639 0.391352 0.078502 -0.528977 -0.844997 0.639349 0.677059 -0.364449 LS41.dat
1 7 1.7806 -88.9871 -248.486 0.748953 -0.530365 0.397219 0.0807533 -0.521939 -0.849151 0.657685 0.668051 -0.348079 LS41.dat
1 7 2.46461 -88.314 -249.347 0.732252 -0.549472 0.402352 0.0829969 -0.514392 -0.853529 0.675958 0.658392 -0.331061 LS41.dat
1 7 3.17129 -87.6525 -250.194 0.714784 -0.568947 0.406674 0.0852285 -0.506305 -0.858133 0.694132 0.64804 -0.313408 LS41.dat
1 7 3.90073 -87.0032 -251.024 0.696538 -0.588771 0.410101 0.0874434 -0.497639 -0.862965 0.712172 0.636948 -0.29514 LS41.dat
1 7 4.65299 -86.3673 -251.838 0.677507 -0.608923 0.41255 0.0896367 -0.488361 -0.868026 0.730034 0.625073 -0.276286 LS41.dat
1 7 5.42809 -85.7458 -252.634 0.657683 -0.629376 0.41393 0.0918033 -0.478431 -0.873313 0.74768 0.612363 -0.256877 LS41.dat
1 7 6.22599 -85.1393 -253.41 0.637065 -0.650096 0.414154 0.0939378 -0.467811 -0.878822 0.765064 0.598771 -0.236958 LS41.dat
1 7 7.04657 -84.5488 -254.166 0.615651 -0.671043 0.413128 0.0960351 -0.456463 -0.884544 0.782145 0.584245 -0.216579 LS41.dat
1 7 7.88968 -83.9753 -254.9 0.593445 -0.692168 0.410764 0.0980892 -0.444346 -0.890469 0.798874 0.568736 -0.195801 LS41.dat
1 7 8.75508 -83.4197 -255.611 0.570453 -0.713414 0.406969 0.100095 -0.43142 -0.896581 0.815208 0.552193 -0.174696 LS41.dat
1 7 9.64248 -82.8831 -256.298 0.546683 -0.734717 0.401657 0.102046 -0.417648 -0.90286 0.831098 0.534565 -0.153346 LS41.dat
1 7 10.5515 -82.3664 -256.96 0.522147 -0.756002 0.394744 0.103937 -0.402993 -0.909281 0.846498 0.515807 -0.131845 LS41.dat
1 7 11.4817 -81.8705 -257.594 0.496863 -0.777182 0.386153 0.105761 -0.387421 -0.915816 0.86136 0.495876 -0.110299 LS41.dat
1 7 12.4325 -81.3965 -258.201 0.470849 -0.798163 0.375815 0.107515 -0.370901 -0.922428 0.875638 0.474731 -0.0888236 LS41.dat
1 7 13.4034 -80.9453 -258.779 0.444129 -0.818837 0.363669 0.10919 -0.353406 -0.929075 0.889284 0.452339 -0.067549 LS41.dat
1 7 14.3936 -80.518 -259.326 0.416728 -0.839087 0.349672 0.110783 -0.334918 -0.935712 0.902255 0.428675 -0.0466131 LS41.dat
1 7 15.4023 -80.1154 -259.841 0.388678 -0.858786 0.333791 0.112287 -0.315425 -0.942283 0.914506 0.403725 -0.0261679 LS41.dat
1 7 16.4287 -79.7384 -260.323 0.36001 -0.877797 0.316015 0.113698 -0.294922 -0.948733 0.925995 0.377482 -0.00637131 LS41.dat
1 7 17.4719 -79.3879 -260.772 0.330761 -0.895975 0.296354 0.11501 -0.273418 -0.954994 0.936681 0.349959 0.0126102 LS41.dat
1 7 18.5307 -79.0648 -261.186 0.300971 -0.913171 0.274838 0.116218 -0.25093 -0.961003 0.946525 0.321176 0.0306046 LS41.dat
1 7 19.6041 -78.7698 -261.562 0.270682 -0.929229 0.251526 0.11732 -0.22749 -0.966687 0.955493 0.291174 0.0474391 LS41.dat
1 7 20.6908 -78.5038 -261.903 0.239939 -0.943995 0.226502 0.118309 -0.203144 -0.971975 0.963552 0.260012 0.0629408 LS41.dat
1 7 21.7897 -78.2673 -262.206 0.20879 -0.957317 0.199878 0.119183 -0.177952 -0.976795 0.97067 0.227767 0.0769415 LS41.dat
1 7 22.8993 -78.061 -262.47 0.177284 -0.969049 0.171797 0.119939 -0.151987 -0.981078 0.976824 0.194535 0.0892814 LS41.dat
1 7 24.0182 -77.8855 -262.695 0.145473 -0.979057 0.142426 0.120573 -0.125341 -0.98476 0.981987 0.160429 0.0998138 LS41.dat
1 7 25.145 -77.7413 -262.88 0.11341 -0.98722 0.11196 0.121083 -0.098114 -0.987782 0.986142 0.12558 0.108408 LS41.dat
1 7 26.2781 -77.6286 -263.023 0.0811488 -0.993436 0.0806162 0.121467 -0.070423 -0.990094 0.989273 0.0901372 0.114955 LS41.dat
1 7 27.4161 -77.5481 -263.127 0.0487462 -0.997627 0.0486305 0.121724 -0.0423919 -0.991658 0.991366 0.0542591 0.119369 LS41.dat
1 7 28.5572 -77.4995 -263.188 0.0162583 -0.999736 0.016254 0.121853 -0.0141538 -0.992447 0.992415 0.018116 0.121591 LS41.dat
1 7 29.7 -77.4833 -263.209 -0.0162583 -0.999736 -0.016254 0.121853 0.0141538 -0.992447 0.992415 -0.018116 0.121591 LS41.dat
1 7 30.8428 -77.4995 -263.188 -0.0487462 -0.997627 -0.0486305 0.121724 0.0423919 -0.991658 0.991366 -0.0542591 0.119369 LS41.dat
1 7 31.9839 -77.5481 -263.127 -0.0811488 -0.993436 -0.0806162 0.121467 0.070423 -0.990094 0.989273 -0.0901372 0.114955 LS41.dat
1 7 33.1219 -77.6286 -263.023 -0.11341 -0.98722 -0.11196 0.121083 0.098114 -0.987782 0.986142 -0.12558 0.108408 LS41.dat
1 7 34.255 -77.7413 -262.88 -0.145473 -0.979057 -0.142426 0.120573 0.125341 -0.98476 0.981987 -0.160429 0.0998138 LS41.dat
1 7 35.3818 -77.8855 -262.695 -0.177284 -0.969049 -0.171797 0.119939 0.151987 -0.981078 0.976824 -0.194535 0.0892814 LS41.dat
1 7 36.5007 -78.061 -262.47 -0.20879 -0.957317 -0.199878 0.119183 0.177952 -0.976795 0.97067 -0.227767 0.0769415 LS41.dat
1 7 37.6103 -78.2673 -262.206 -0.239939 -0.943995 -0.226502 0.118309 0.203144 -0.971975 0.963552 -0.260012 0.0629408 LS41.dat
1 7 38.7092 -78.5038 -261.903 -0.270682 -0.929229 -0.251526 0.11732 0.22749 -0.966687 0.955493 -0.291174 0.0474391 LS41.dat
1 7 39.7959 -78.7698 -261.562 -0.300971 -0.913171 -0.274838 0.116218 0.25093 -0.961003 0.946525 -0.321176 0.0306046 LS41.dat
1 7 40.8693 -79.0648 -261.186 -0.330761 -0.895975 -0.296354 0.11501 0.273418 -0.954994 0.936681 -0.349959 0.0126102 LS41.dat
1 7 41.9281 -79.3879 -260.772 -0.36001 -0.877797 -0.316015 0.113698 0.294922 -0.948733 0.925995 -0.377482 -0.00637131 LS41.dat
1 7 42.9713 -79.7384 -260.323 -0.388678 -0.858786 -0.333791 0.112287 0.315425 -0.942283 0.914506 -0.403725 -0.0261679 LS41.dat
1 7 43.9977 -80.1154 -259.841 -0.416728 -0.839087 -0.349672 0.110783 0.334918 -0.935712 0.902255 -0.428675 -0.0466131 LS41.dat
1 7 45.0064 -80.518 -259.326 -0.444129 -0.818837 -0.363669 0.10919 0.353406 -0.929075 0.889284 -0.452339 -0.067549 LS41.dat
1 7 45.9966 -80.9453 -258.779 -0.470849 -0.798163 -0.375815 0.107515 0.370901 -0.922428 0.875638 -0.474731 -0.0888236 LS41.dat
1 7 46.9675 -81.3965 -258.201 -0.496863 -0.777182 -0.386153 0.105761 0.387421 -0.915816 0.86136 -0.495876 -0.110299 LS41.dat
1 7 47.9183 -81.8705 -257.594 -0.522147 -0.756002 -0.394744 0.103937 0.402993 -0.909281 0.846498 -0.515807 -0.131845 LS41.dat
1 7 48.8485 -82.3664 -256.96 -0.546683 -0.734717 -0.401657 0.102046 0.417648 -0.90286 0.831098 -0.534565 -0.153346 LS41.dat
1 7 49.7575 -82.8831 -256.298 -0.570453 -0.713414 -0.406969 0.100095 0.43142 -0.896581 0.815208 -0.552193 -0.174696 LS41.dat
1 7 50.6449 -83.4197 -255.611 -0.593445 -0.692168 -0.410764 0.0980892 0.444346 -0.890469 0.798874 -0.568736 -0.195801 LS41.dat
1 7 51.5103 -83.9753 -254.9 -0.615651 -0.671043 -0.413128 0.0960351 0.456463 -0.884544 0.782145 -0.584245 -0.216579 LS41.dat
1 7 52.3534 -84.5488 -254.166 -0.637065 -0.650096 -0.414154 0.0939378 0.467811 -0.878822 0.765064 -0.598771 -0.236958 LS41.dat
1 7 53.174 -85.1393 -253.41 -0.657683 -0.629376 -0.41393 0.0918033 0.478431 -0.873313 0.74768 -0.612363 -0.256877 LS41.dat
1 7 53.9719 -85.7458 -252.634 -0.677507 -0.608923 -0.41255 0.0896367 0.488361 -0.868026 0.730034 -0.625073 -0.276286 LS41.dat
1 7 54.747 -86.3673 -251.838 -0.696538 -0.588771 -0.410101 0.0874434 0.497639 -0.862965 0.712172 -0.636948 -0.29514 LS41.dat
1 7 55.4993 -87.0032 -251.024 -0.714784 -0.568947 -0.406674 0.0852285 0.506305 -0.858133 0.694132 -0.64804 -0.313408 LS41.dat
1 7 56.2287 -87.6525 -250.194 -0.732252 -0.549472 -0.402352 0.0829969 0.514392 -0.853529 0.675958 -0.658392 -0.331061 LS41.dat
1 7 56.9354 -88.314 -249.347 -0.748953 -0.530365 -0.397219 0.0807533 0.521939 -0.849151 0.657685 -0.668051 -0.348079 LS41.dat
1 7 57.6194 -88.9871 -248.486 -0.764899 -0.511639 -0.391352 0.078502 0.528977 -0.844997 0.639349 -0.677059 -0.364449 LS41.dat
1 7 58.2809 -89.671 -247.61 -0.780104 -0.493302 -0.384827 0.0762473 0.535539 -0.841062 0.620986 -0.685458 -0.380162 LS41.dat
1 7 58.9201 -90.3649 -246.722 -0.794585 -0.47536 -0.377714 0.0739931 0.541653 -0.837339 0.602627 -0.693284 -0.395216 LS41.dat
1 7 59.5371 -91.068 -245.822 -0.808358 -0.457818 -0.370081 0.0717432 0.547351 -0.833822 0.584303 -0.700577 -0.40961 LS41.dat
1 7 60.1323 -91.7795 -244.911 -0.821442 -0.440677 -0.36199 0.0695009 0.552659 -0.830504 0.566041 -0.70737 -0.42335 LS41.dat
1 7 60.706 -92.499 -243.99 -0.833857 -0.423935 -0.353501 0.0672694 0.557601 -0.82738 0.547867 -0.713696 -0.436441 LS41.dat
1 7 61.2583 -93.2255 -243.061 -0.845622 -0.40759 -0.344667 0.0650516 0.5622 -0.824438 0.529804 -0.719583 -0.448894 LS41.dat
1 7 61.7896 -93.9584 -242.122 -0.856758 -0.391638 -0.335539 0.0628502 0.566482 -0.821673 0.511875 -0.725064 -0.460724 LS41.dat
1 7 62.3004 -94.6971 -241.176 -0.867286 -0.376074 -0.326164 0.0606675 0.570466 -0.819077 0.494098 -0.730162 -0.471942 LS41.dat
1 7 62.7909 -95.4411 -240.225 -0.877229 -0.360892 -0.316585 0.0585059 0.574171 -0.816643 0.476494 -0.734904 -0.482564 LS41.dat
1 7 63.2614 -96.1898 -239.266 -0.886607 -0.346086 -0.306842 0.0563672 0.577616 -0.81436 0.459075 -0.739314 -0.49261 LS41.dat
1 7 63.7125 -96.9425 -238.302 -0.895443 -0.331648 -0.296972 0.0542533 0.580817 -0.812224 0.441859 -0.743412 -0.502095 LS41.dat
1 7 64.1444 -97.699 -237.335 -0.903757 -0.31757 -0.287006 0.0521655 0.583792 -0.810226 0.424855 -0.747219 -0.51104 LS41.dat
1 7 64.5575 -98.4584 -236.362 -0.911572 -0.303844 -0.276976 0.0501053 0.586554 -0.808359 0.408076 -0.750755 -0.519462 LS41.dat
1 7 64.9523 -99.2206 -235.387 -0.918908 -0.290463 -0.266908 0.048074 0.589118 -0.806616 0.391533 -0.754037 -0.527381 LS41.dat
1 7 65.3292 -99.985 -234.409 -0.925786 -0.277417 -0.256828 0.0460725 0.591497 -0.80499 0.375231 -0.757081 -0.534818 LS41.dat
1 7 65.6885 -100.751 -233.428 -0.932226 -0.264697 -0.246758 0.0441013 0.593702 -0.803475 0.359178 -0.759903 -0.541792 LS41.dat
1 7 66.0307 -101.519 -232.446 -0.93825 -0.252296 -0.236716 0.0421617 0.595745 -0.802066 0.34338 -0.762518 -0.54832 LS41.dat
1 7 66.3562 -102.287 -231.462 -0.943875 -0.240204 -0.226722 0.0402538 0.597636 -0.800756 0.327842 -0.764939 -0.554425 LS41.dat
1 7 66.6654 -103.056 -230.477 -0.94912 -0.228413 -0.216791 0.0383783 0.599386 -0.799539 0.312567 -0.767179 -0.560124 LS41.dat
1 7 66.9586 -103.826 -229.493 -0.954005 -0.216914 -0.206937 0.0365352 0.601003 -0.798411 0.297556 -0.769248 -0.565435 LS41.dat
1 7 67.2364 -104.595 -228.508 -0.958546 -0.2057 -0.197173 0.034725 0.602495 -0.797366 0.282813 -0.771158 -0.570377 LS41.dat
1 7 67.499 -105.365 -227.523 -0.962761 -0.194761 -0.187508 0.0329478 0.603872 -0.7964 0.268339 -0.77292 -0.574968 LS41.dat
1 7 67.7469 -106.134 -226.539 -0.966666 -0.18409 -0.177954 0.0312033 0.60514 -0.795508 0.254131 -0.774543 -0.579224 LS41.dat
1 7 67.9805 -106.901 -225.557 -0.970277 -0.173679 -0.168517 0.0294918 0.606305 -0.794685 0.240192 -0.776034 -0.583162 LS41.dat
1 7 68.2001 -107.668 -224.575 -0.973609 -0.16352 -0.159205 0.0278131 0.607375 -0.793928 0.22652 -0.777404 -0.586798 LS41.dat
1 7 68.4062 -108.433 -223.595 -0.976677 -0.153606 -0.150023 0.0261669 0.608355 -0.793233 0.213113 -0.778658 -0.590147 LS41.dat
1 7 68.599 -109.197 -222.618 -0.979495 -0.143929 -0.140978 0.0245529 0.609251 -0.792596 0.199968 -0.779805 -0.593225 LS41.dat
1 7 68.779 -109.959 -221.643 -0.982075 -0.134482 -0.132072 0.0229711 0.610069 -0.792015 0.187085 -0.780852 -0.596045 LS41.dat
1 7 68.9465 -110.719 -220.67 -0.984431 -0.125259 -0.123309 0.0214208 0.610813 -0.791485 0.174459 -0.781804 -0.59862 LS41.dat
1 7 69.1019 -111.477 -219.699 -0.986576 -0.116252 -0.114691 0.0199018 0.611487 -0.791004 0.162088 -0.782667 -0.600964 LS41.dat
1 7 69.2456 -112.232 -218.733 -0.988519 -0.107455 -0.106222 0.0184138 0.612097 -0.790568 0.149969 -0.783448 -0.60309 LS41.dat
1 7 69.3778 -112.985 -217.769 -0.990273 -0.0988625 -0.097901 0.0169561 0.612646 -0.790176 0.138097 -0.78415 -0.605011 LS41.dat
1 7 69.4988 -113.736 -216.809 -0.991849 -0.0904673 -0.0897299 0.0155285 0.613137 -0.789823 0.12647 -0.784779 -0.606734 LS41.dat
1 7 69.6091 -114.483 -215.852 -0.993255 -0.0822639 -0.0817091 0.0141303 0.613575 -0.789509 0.115083 -0.785339 -0.608274 LS41.dat
1 7 69.709 -115.228 -214.898 -0.994503 -0.0742466 -0.0738384 0.0127611 0.613962 -0.789232 0.103931 -0.785835 -0.60964 LS41.dat
1 7 69.7986 -115.969 -213.95 -0.995599 -0.0664097 -0.0661175 0.0114205 0.614303 -0.788987 0.0930126 -0.786271 -0.610841 LS41.dat
1 7 69.8784 -116.707 -213.005 -0.996555 -0.058748 -0.0585456 0.0101077 0.614598 -0.788775 0.082321 -0.786649 -0.611886 LS41.dat
1 7 69.9487 -117.442 -212.065 -0.997376 -0.0512563 -0.0511218 0.00882238 0.614852 -0.788593 0.0718527 -0.786974 -0.612786 LS41.dat
1 7 70.0097 -118.174 -211.127 -0.998072 -0.0439296 -0.0438449 0.00756391 0.615067 -0.788438 0.0616033 -0.78725 -0.613549 LS41.dat
1 7 70.0617 -118.902 -210.196 -0.998649 -0.036763 -0.0367133 0.00633178 0.615246 -0.788309 0.0515683 -0.787478 -0.614181 LS41.dat
1 7 70.105 -119.627 -209.268 -0.999115 -0.0297519 -0.0297256 0.00512543 0.615389 -0.788207 0.0417434 -0.787662 -0.614692 LS41.dat
1 7 70.1399 -120.348 -208.346 -0.999476 -0.0228918 -0.0228798 0.00394434 0.6155 -0.788127 0.0321241 -0.787803 -0.615087 LS41.dat
1 7 70.1665 -121.065 -207.427 -0.999738 -0.0161782 -0.016174 0.00278794 0.615581 -0.788068 0.022706 -0.787907 -0.615375 LS41.dat
1 7 70.1853 -121.779 -206.514 -0.999908 -0.00960708 -0.0096062 0.00165569 0.615633 -0.78803 0.0134845 -0.787974 -0.615561 LS41.dat
1 7 70.1964 -122.489 -205.605 -0.99999 -0.00317426 -0.00317422 0.000547076 0.615658 -0.788012 0.00445559 -0.788006 -0.615651 LS41.dat
0 MLCAD SKIP_END
1 7 70.2268 -121.769 -205.437 1 0 0 0 -0.615685 -0.787993 0 0.787993 -0.615685 LS40.dat
1 14 140 -14.5368 -164.966 0 0 -1 0 1 0 1 0 0 6580.dat
1 14 140 -17.7706 30.7919 0 0 -1 0.600001 0.799999 0 0.799999 -0.600001 0 6580.dat
1 14 -80 -14.5368 -164.966 0 0 1 0 1 0 -1 0 0 6580.dat
1 14 -80 -17.7706 30.7919 0 0 1 0.799999 0.600001 0 -0.600001 0.799999 0 6580.dat
1 0 -80 -18.0706 30.3919 0 0 1 0.799999 0.600001 0 -0.600001 0.799999 0 6579.dat
1 0 -80 -14.0368 -164.966 0 0 1 0.799999 0.600001 0 -0.600001 0.799999 0 6579.dat
1 0 140 -14.0368 -164.966 0 0 -1 -0.799999 0.600001 0 0.600001 0.799998 0 6579.dat
1 0 140 -18.0706 30.3919 0 0 -1 -0.799999 0.600001 0 0.600001 0.799998 0 6579.dat
0 
0 
0 
0
0
