0 FILE 8257 - main.ldr
0 main
0 Name: 8257 - main.ldr
0 Author: Philippe Hurbain [Philo]
0 !LDRAW_ORG Unofficial_Model
0 !LICENSE Redistributable under CCAL version 2.0 : see CAreadme.txt
0 !THEME Technic / Competition
1 16 160 0 0 -1 0 0 0 1 0 0 0 -1 8257 - striker-a.ldr
1 16 -370 -10 0 1 0 0 0 1 0 0 0 1 8257 - striker-b.ldr



0 FILE 8257 - striker-a.ldr
0 striker-a
0 Name: 8257 - striker-a.ldr
0 Author: Philippe Hurbain [Philo]
0 !LDRAW_ORG Unofficial_Model
0 !LICENSE Redistributable under CCAL version 2.0 : see CAreadme.txt
0 !THEME Technic / Competition
1 0 0 40 0 0.9724 -0.2334 0 0.2334 0.9724 0 0 0 1 32064b.dat
1 0 -2.3344 49.7237 -10 0 -0.2334 -0.9724 0 0.9724 -0.2334 1 0 0 3706.dat
1 0 0 40 -20 0.9724 -0.2334 0 0.2334 0.9724 0 0 0 1 32064b.dat
1 0 1.8676 32.221 -10 0.9724 -0.2334 0 0.2334 0.9724 0 0 0 1 3068b.dat
1 3 -157.914 12.3725 -40 0.2334 0 -0.9724 -0.9724 0 -0.2334 0 1 0 32009.dat
1 0 -139.238 -65.4171 -10 0 -0.2334 -0.9724 0 0.9724 -0.2334 1 0 0 3705.dat
1 0 -119.019 21.7103 -50 0 -0.2334 -0.9724 0 0.9724 -0.2334 1 0 0 2780.dat
1 0 -21.7818 45.0548 -50 0 -0.2334 -0.9724 0 0.9724 -0.2334 1 0 0 2780.dat
1 0 -60.6766 35.717 -10 0 -0.2334 -0.9724 0 0.9724 -0.2334 1 0 0 3706.dat
1 0 -80.124 31.0481 -10 0 0.6361 -0.7716 0 0.7716 0.6361 1 0 0 3706.dat
1 0 -80.124 31.0481 -20 -0.6361 0 -0.7716 -0.7716 0 0.6361 0 1 0 6629.dat
1 0 -80.124 31.0481 0 -0.6361 0 -0.7716 -0.7716 0 0.6361 0 1 0 6629.dat
1 7 -60.6766 35.717 -25 0.9724 -0.2334 0 0.2334 0.9724 0 0 0 1 32123b.dat
1 7 -60.6766 35.717 5 0.9724 -0.2334 0 0.2334 0.9724 0 0 0 1 32123b.dat
1 7 -60.6766 35.717 -10 0 0.9724 -0.2334 0 0.2334 0.9724 1 0 0 6536.dat
1 7 -38.8948 30.6622 -10 0.2334 0.9724 0 -0.9724 0.2334 0 0 0 1 3673.dat
1 3 -157.914 12.3725 20 0.2334 0 -0.9724 -0.9724 0 -0.2334 0 1 0 32009.dat
1 0 -21.7818 45.0548 30 0 -0.2334 -0.9724 0 0.9724 -0.2334 1 0 0 2780.dat
1 0 -119.019 21.7103 30 0 -0.2334 -0.9724 0 0.9724 -0.2334 1 0 0 2780.dat
1 0 38.8948 49.3378 -60 0.9724 -0.2334 0 0.2334 0.9724 0 0 0 1 3702.dat
1 7 94.9025 73.0682 -50 0 0.9724 -0.2334 0 0.2334 0.9724 1 0 0 3749.dat
1 7 94.9025 73.0682 -32 -0.2334 0.9724 0 0.9724 0.2334 0 0 0 -1 6538b.dat
1 0 94.9025 73.0682 10 0 -0.2334 -0.9724 0 0.9724 -0.2334 1 0 0 3705.dat
1 14 94.9025 73.0682 -10 0.9724 -0.2334 0 0.2334 0.9724 0 0 0 1 6580.dat
1 7 94.9025 73.0682 20 -0.9724 -0.2334 0 -0.2334 0.9724 0 0 0 -1 3713.dat
1 256 94.9025 73.0682 -10 0.9724 -0.2334 0 0.2334 0.9724 0 0 0 1 6579.dat
1 0 -36.5603 20.9385 -10 0.2334 0.6876 0.6876 -0.9724 0.1651 0.1651 0 -0.7071 0.7071 32014.dat
1 0 -196.037 85.4931 -60 0.6378 0 0.7702 0.7702 0 -0.6378 0 1 0 6629.dat
1 0 -196.037 85.4931 -10 0 -0.7702 -0.6378 0 0.6378 -0.7702 1 0 0 3706.dat
1 0 -208.793 70.0896 -40 0 -0.7702 -0.6378 0 0.6378 -0.7702 1 0 0 32039.dat
1 0 -208.793 70.0896 20 0 -0.7702 -0.6378 0 0.6378 -0.7702 1 0 0 32039.dat
1 0 -196.037 85.4931 40 0.6378 0 0.7702 0.7702 0 -0.6378 0 1 0 6629.dat
1 7 -215.172 62.3878 -40 0.6378 0 0.7702 0.7702 0 -0.6378 0 1 0 3749.dat
1 7 -215.172 62.3878 20 0.6378 0 0.7702 0.7702 0 -0.6378 0 1 0 3749.dat
1 7 -57.1874 15.9864 -31.2132 0.6876 0.6876 -0.2334 0.1651 0.1651 0.9724 0.7071 -0.7071 0 3749.dat
1 7 -57.1874 15.9864 11.2132 0.6876 -0.6876 -0.2334 0.1651 -0.1651 0.9724 -0.7071 -0.7071 0 3749.dat
1 0 -180.633 72.7366 -10 0 -0.2334 -0.9724 0 0.9724 -0.2334 1 0 0 3737.dat
1 7 -180.633 72.7366 60 -0.9724 0.2334 0 -0.2334 -0.9724 0 0 0 1 3713.dat
1 7 -180.633 72.7366 -80 0.9724 0.2334 0 0.2334 -0.9724 0 0 0 -1 3713.dat
1 0 -5.6027 63.3369 -10 0 -0.2334 -0.9724 0 0.9724 -0.2334 1 0 0 32001.dat
1 0 38.8948 49.3378 40 0.9724 -0.2334 0 0.2334 0.9724 0 0 0 1 3702.dat
1 0 -92.5489 -259.891 -40 0.2334 0 0.9724 -0.9724 0 0.2334 0 -1 0 6629.dat
1 14 -180.633 72.7366 -110 0.9724 -0.2334 0 0.2334 0.9724 0 0 0 1 6580.dat
1 256 -180.633 72.7366 -110 0.9724 -0.2334 0 0.2334 0.9724 0 0 0 1 6579.dat
1 14 -180.633 72.7366 91 -0.9724 -0.2334 0 -0.2334 0.9724 0 0 0 -1 6580.dat
1 256 -180.633 72.7366 91 -0.9724 -0.2334 0 -0.2334 0.9724 0 0 0 -1 6579.dat
1 0 35.4951 -262.06 -30 0 0.2334 0.9724 0 -0.9724 0.2334 1 0 0 2780.dat
1 0 4.688 -236.547 -50 0 0.2334 0.9724 0 -0.9724 0.2334 1 0 0 2780.dat
1 3 35.4951 -262.06 -10 0 0.2334 0.9724 0 -0.9724 0.2334 1 0 0 75535.dat
1 3 4.688 -236.547 -70 0 0.2334 0.9724 0 -0.9724 0.2334 1 0 0 75535.dat
1 0 35.4951 -262.06 10 0 0.2334 0.9724 0 -0.9724 0.2334 1 0 0 2780.dat
1 0 4.688 -236.547 -90 0 0.2334 0.9724 0 -0.9724 0.2334 1 0 0 2780.dat
1 0 -92.5489 -259.891 -50 0 0.2334 0.9724 0 -0.9724 0.2334 1 0 0 3706.dat
1 0 -34.2068 -245.884 -50 0 -0.7254 0.6884 0 -0.6884 -0.7254 1 0 0 3706.dat
1 14 -5.1918 -218.35 -10 0 -0.6884 -0.7254 0 0.7254 -0.6884 1 0 0 6572.dat
1 7 -34.2068 -245.884 -10 0 0.6884 0.7254 0 -0.7254 0.6884 1 0 0 6536.dat
1 0 -45.8278 -284.484 -10 0 0.7254 -0.6884 0 0.6884 0.7254 1 0 0 6553.dat
1 0 -45.8278 -284.484 -50 0 0.7254 -0.6884 0 0.6884 0.7254 1 0 0 3706.dat
1 7 -45.8278 -284.484 5 -0.6884 0.7254 0 0.7254 0.6884 0 0 0 -1 32123b.dat
1 7 -45.8278 -284.484 -25 -0.6884 0.7254 0 0.7254 0.6884 0 0 0 -1 32123b.dat
1 7 -45.8278 -284.484 -40 -0.6884 0.7254 0 0.7254 0.6884 0 0 0 -1 3713.dat
1 7 -92.5489 -259.891 -60 0 -0.2334 0.9724 0 0.9724 0.2334 -1 0 0 6536.dat
1 7 -92.5489 -259.891 -80 0 -0.2334 0.9724 0 0.9724 0.2334 -1 0 0 6536.dat
1 0 -106.942 -242.778 -60 0.9724 -0.2334 0 0.2334 0.9724 0 0 0 1 6628.dat
1 0 -106.942 -242.778 -80 0.9724 -0.2334 0 0.2334 0.9724 0 0 0 1 6628.dat
1 7 -45.7381 -284.186 -55 0.9575 0 -0.2883 -0.2883 0 -0.9575 0 1 0 32017.dat
1 0 50.8987 -274.816 -70 0 -0.7826 0.6225 0 0.6225 0.7826 -1 0 0 3705.dat
1 14 38.1966 -429.868 -65 -0.3173 0 0.9483 -0.9483 0 -0.3173 0 -1 0 32133.dat
0 Assembly 1
1 14 99.8256 -450.491 -65 -0.3173 0 0.9483 -0.9483 0 -0.3173 0 -1 0 32080.dat
0 Assembly 1
1 256 96.0323 -449.221 -65 -0.3173 0 0.9483 -0.9483 0 -0.3173 0 -1 0 32134.dat
1 7 50.8987 -274.816 -85 0.6225 -0.7826 0 0.7826 0.6225 0 0 0 1 32123b.dat
1 0 -57.527 -322.524 -70 0 0.7193 0.6947 0 -0.6947 0.7193 1 0 0 4519.dat
1 7 -57.527 -322.524 -45 0.7193 0.6947 0 -0.6947 0.7193 0 0 0 1 32123b.dat
1 0 -34.2068 -245.884 -70 0 -0.7254 0.6884 0 -0.6884 -0.7254 1 0 0 6553.dat
1 7 -59.5949 -269.977 -70 -0.7254 0.6884 0 -0.6884 -0.7254 0 0 0 1 6536.dat
1 7 50.8987 -274.816 -65 0.6225 -0.7826 0 0.7826 0.6225 0 0 0 1 32123b.dat
1 7 -45.7381 -284.186 -85 0.9575 0 -0.2883 -0.2883 0 -0.9575 0 1 0 32017.dat
1 8 0.5618 -307.502 -60 0 0.9426 0.3338 0 -0.3338 0.9426 1 0 0 32002.dat
1 8 8.3316 -325.16 -60 0 0.9426 0.3338 0 -0.3338 0.9426 1 0 0 32002.dat
1 8 16.0926 -342.82 -60 0 0.9426 0.3338 0 -0.3338 0.9426 1 0 0 32002.dat
1 8 23.8533 -360.481 -60 0 0.9426 0.3338 0 -0.3338 0.9426 1 0 0 32002.dat
1 8 -26.4746 -393.164 -60 0 0.9426 0.3338 0 -0.3338 0.9426 1 0 0 32002.dat
1 8 -49.7661 -340.185 -60 0 0.9426 0.3338 0 -0.3338 0.9426 1 0 0 32002.dat
1 7 -45.8278 -284.484 -100 0.6884 0.7254 0 -0.7254 0.6884 0 0 0 1 3713.dat
1 7 -57.527 -322.524 -75 -0.6947 0.7193 0 -0.7193 -0.6947 0 0 0 1 32123b.dat
1 7 -57.527 -322.524 -95 -0.6947 0.7193 0 -0.7193 -0.6947 0 0 0 1 32123b.dat
1 0 -92.5489 -259.891 -100 0.2334 0 0.9724 -0.9724 0 0.2334 0 -1 0 6629.dat
1 0 0.0903 -310.666 20 0.5852 0 0.8109 0.8109 0 -0.5852 0 1 0 32009.dat
1 0 46.9049 -245.793 50 0 -0.5852 0.8109 0 -0.8109 -0.5852 1 0 0 3705.dat
1 0 -129.654 -217.036 50 0 -0.5852 0.8109 0 -0.8109 -0.5852 1 0 0 3705.dat
1 7 -129.36 -217.085 35 -0.8109 -0.5852 0 0.5852 -0.8109 0 0 0 1 32123b.dat
1 0 14.4689 -222.386 35 -0.5852 0 0.8109 -0.8109 0 -0.5852 0 -1 0 6632.dat
1 0 14.7627 -222.434 60 0 -0.5852 0.8109 0 -0.8109 -0.5852 1 0 0 4519.dat
1 0 14.4689 -222.386 65 -0.5852 0 0.8109 -0.8109 0 -0.5852 0 -1 0 6632.dat
1 7 -129.36 -217.085 65 -0.8109 -0.5852 0 0.5852 -0.8109 0 0 0 1 32123b.dat
1 0 0.0903 -310.666 80 0.5852 0 0.8109 0.8109 0 -0.5852 0 1 0 32009.dat
1 0 -61.2655 -339.829 20 0 0.0904 -0.9959 0 -0.9959 -0.0904 -1 0 0 32013.dat
1 0 -11.4701 -335.311 20 0.9959 0.0904 0 0.0904 -0.9959 0 0 0 -1 3705.dat
1 0 38.3254 -330.793 20 0 0.9547 -0.2976 0 -0.2976 -0.9547 -1 0 0 32015.dat
1 0 52.9096 -284.014 20 0.2976 0.9547 0 0.9547 -0.2976 0 0 0 -1 3705.dat
1 0 63.3269 -250.6 20 0 0.9547 -0.2976 0 -0.2976 -0.9547 -1 0 0 32039.dat
1 0 49.9332 -293.561 20 0.2976 0.9547 0 0.9547 -0.2976 0 0 0 -1 6536.dat
1 0 -61.2655 -339.829 80 0 0.0904 -0.9959 0 -0.9959 -0.0904 -1 0 0 32013.dat
1 0 63.3269 -250.6 80 0 0.9547 -0.2976 0 -0.2976 -0.9547 -1 0 0 32039.dat
1 0 52.9096 -284.014 80 0.2976 0.9547 0 0.9547 -0.2976 0 0 0 -1 3705.dat
1 0 49.9332 -293.561 80 0.2976 0.9547 0 0.9547 -0.2976 0 0 0 -1 6536.dat
1 0 -11.4701 -335.311 80 0.9959 0.0904 0 0.0904 -0.9959 0 0 0 -1 3705.dat
1 0 38.3254 -330.793 80 0 0.9547 -0.2976 0 -0.2976 -0.9547 -1 0 0 32015.dat
1 0 69.0268 -299.514 30 0 0.9547 0.2976 0 -0.2976 0.9547 1 0 0 2780.dat
1 0 69.0268 -299.514 70 0 0.9547 0.2976 0 -0.2976 0.9547 1 0 0 2780.dat
1 3 59.0677 -300.417 50 0 0.9959 -0.0904 0 0.0904 0.9959 1 0 0 2817.dat
1 0 51.1004 -301.14 50 0 0.9959 -0.0904 0 0.0904 0.9959 1 0 0 3068b.dat
1 16 -130.286 -145.541 0 0.2334 0.9724 0 -0.9724 0.2334 0 0 0 1 8257 - handle.ldr
1 16 0.5708 -307.5 -55 0.5447 0 0.8388 -0.8388 0 0.5447 0 -1 0 8257 - arrow-teal.ldr
1 16 135.992 -176.055 50 -0.7216 0 -0.6923 0.6923 0 -0.7216 0 -1 0 8257 - target-teal.ldr
1 16 -32.3458 -287.259 30 0 -0.8935 0.4491 0 -0.4491 -0.8935 1 0 0 8257 - seatback-teal.ldr
1 16 10.457 -262.901 65 0 0.9969 0.0785 0 -0.0785 0.9969 1 0 0 8257 - figure-teal.ldr
1 16 -49.9745 -226.958 49 0.136 -0.9907 0 0.9907 0.136 0 0 0 1 8257 - shockabs.ldr
0 SYNTH BEGIN TECHNIC_RIBBED_HOSE 3
0 SYNTH SHOW

0 MLCAD HIDE 1 14 -57.1874 15.9864 -31.2132 -0.687569 0.687569 -0.233445 -0.165071 0.165071 0.97237 0.707106 0.707107 0 LS05.dat
0 MLCAD HIDE 1 14 -71.1874 12.9864 -45.2132 -0.687569 0.687569 -0.233445 -0.165071 0.165071 0.97237 0.707106 0.707107 0 LS05.dat
0 MLCAD HIDE 1 14 -229.172 45.3878 -40 0 -0.637829 0.770178 0 -0.770178 -0.637829 1 0 0 LS05.dat
0 MLCAD HIDE 1 14 -214.172 63.3878 -40 0 -0.637829 0.770178 0 -0.770178 -0.637829 1 0 0 LS05.dat
0 SYNTH SYNTHESIZED BEGIN
1 3 -58.9202 15.5919 -32.9715 0.2277 0.6931 -0.6839 -0.9737 0.1578 -0.1642 -0.0059 0.7033 0.7108 79.dat
1 3 -62.7675 14.7706 -36.8154 0.2125 -0.707 -0.6745 -0.9769 -0.1391 -0.1619 -0.0207 -0.6934 0.7203 80.dat
1 3 -66.6459 13.9895 -40.6388 0.2176 -0.7024 -0.6777 -0.9759 -0.1454 -0.1627 -0.0157 -0.6968 0.7171 80.dat
1 3 -70.5487 13.1373 -44.4195 0.2292 -0.718 -0.6572 -0.9734 -0.1663 -0.1578 -0.004 -0.6759 0.737 80.dat
1 3 -74.6465 12.2176 -47.9872 0.2197 -0.7731 -0.595 -0.9755 -0.1673 -0.1428 -0.0109 -0.6118 0.7909 80.dat
1 3 -79.0241 11.298 -51.1974 0.2044 -0.8202 -0.5344 -0.9789 -0.1664 -0.119 -0.0086 -0.5474 0.8368 80.dat
1 3 -83.6503 10.3856 -54.0621 0.1901 -0.8594 -0.4747 -0.9817 -0.1639 -0.0966 -0.0052 -0.4844 0.8748 80.dat
1 3 -88.4591 9.4938 -56.5767 0.1771 -0.8914 -0.4172 -0.9842 -0.1599 -0.0761 -0.0011 -0.4241 0.9056 80.dat
1 3 -93.4324 8.6257 -58.7696 0.1652 -0.9172 -0.3626 -0.9862 -0.1549 -0.0577 0.0032 -0.3671 0.9302 80.dat
1 3 -98.5394 7.787 -60.6599 0.1544 -0.9377 -0.3112 -0.988 -0.1489 -0.0415 0.0074 -0.3138 0.9495 80.dat
1 3 -103.757 6.9818 -62.2688 0.1444 -0.9539 -0.2632 -0.9895 -0.1422 -0.0275 0.0112 -0.2644 0.9644 80.dat
1 3 -109.044 6.2168 -63.6115 0.135 -0.9664 -0.2186 -0.9907 -0.1348 -0.0157 0.0143 -0.2187 0.9757 80.dat
1 3 -114.391 5.4938 -64.7106 0.126 -0.9761 -0.1772 -0.9919 -0.127 -0.0062 0.0164 -0.1765 0.9842 80.dat
1 3 -119.791 4.8147 -65.5864 0.1173 -0.9834 -0.1386 -0.9929 -0.1186 0.001 0.0174 -0.1376 0.9903 80.dat
1 3 -125.217 4.1837 -66.2534 0.1087 -0.9888 -0.1028 -0.9939 -0.1098 0.0057 0.017 -0.1015 0.9947 80.dat
1 3 -130.672 3.6022 -66.7286 0.0998 -0.9926 -0.0691 -0.9949 -0.1005 0.0078 0.0147 -0.068 0.9976 80.dat
1 3 -136.156 3.0717 -67.0258 0.0905 -0.9952 -0.0375 -0.9958 -0.0908 0.0067 0.0101 -0.0368 0.9993 80.dat
1 3 -141.653 2.5965 -67.1558 0.0804 -0.9967 -0.0078 -0.9968 -0.0805 0.002 0.0026 -0.0076 1 80.dat
1 3 -147.141 2.1808 -67.1291 0.0694 -0.9974 0.0203 -0.9976 -0.0696 -0.0073 -0.0087 0.0198 0.9998 80.dat
1 3 -152.628 1.827 -66.9557 0.0569 -0.9973 0.047 -0.9981 -0.058 -0.0227 -0.0254 0.0456 0.9986 80.dat
1 3 -158.119 1.5387 -66.6429 0.0421 -0.9965 0.0723 -0.9979 -0.0456 -0.0464 -0.0495 0.0702 0.9963 80.dat
1 3 -163.619 1.3206 -66.1962 0.0242 -0.9951 0.0961 -0.9961 -0.0322 -0.082 -0.0847 0.0937 0.992 80.dat
1 3 -169.109 1.1794 -65.6222 0.0016 -0.9931 0.1176 -0.9906 -0.0176 -0.1356 -0.1367 0.1163 0.9838 80.dat
1 3 -174.59 1.1217 -64.9246 -0.0283 -0.9904 0.1353 -0.9762 -0.0017 -0.2167 -0.2149 0.1382 0.9668 80.dat
1 3 -180.038 1.1561 -64.1103 -0.0691 -0.9871 0.1446 -0.9399 0.0158 -0.3411 -0.3344 0.1595 0.9289 80.dat
1 3 -185.476 1.2925 -63.1778 -0.1245 -0.983 0.1352 -0.85 0.0354 -0.5255 -0.5118 0.1804 0.84 80.dat
1 3 -190.872 1.5426 -62.1334 -0.1899 -0.9779 0.0878 -0.6478 0.0575 -0.7597 -0.7378 0.2011 0.6444 80.dat
1 3 -196.243 1.923 -60.9733 -0.2369 -0.9715 -0.0053 -0.3189 0.0829 -0.9442 -0.9177 0.222 0.3294 80.dat
1 3 -201.573 2.4535 -59.698 -0.2441 -0.9635 -0.1103 0.0051 0.1125 -0.9936 -0.9697 0.2431 0.0226 80.dat
1 3 -206.866 3.1624 -58.3013 -0.231 -0.9529 -0.1964 0.2124 0.1476 -0.966 -0.9495 0.2649 -0.1683 80.dat
1 3 -212.083 4.0826 -56.7846 -0.22 -0.9387 -0.2654 0.3117 0.1902 -0.931 -0.9244 0.2875 -0.2507 80.dat
1 3 -217.196 5.2618 -55.1437 -0.2232 -0.9186 -0.3262 0.3308 0.2434 -0.9118 -0.9169 0.3114 -0.2496 80.dat
1 3 -222.202 6.7793 -53.3578 -0.2521 -0.8884 -0.3836 0.2816 0.3119 -0.9074 -0.9258 0.3368 -0.1716 80.dat
1 3 -226.983 8.7267 -51.4335 -0.3252 -0.8403 -0.4338 0.1619 0.4025 -0.901 -0.9317 0.3632 -0.0051 80.dat
1 3 -231.411 11.2536 -49.3678 -0.4686 -0.7573 -0.4548 -0.0231 0.5252 -0.8507 -0.8831 0.3881 0.2636 80.dat
1 3 -235.207 14.5479 -47.1956 -0.6807 -0.6071 -0.41 -0.1879 0.6856 -0.7033 -0.708 0.4017 0.5808 80.dat
1 3 -237.908 18.7476 -45.0399 -0.8852 -0.3507 -0.3059 -0.1706 0.8561 -0.4878 -0.4329 0.3796 0.8176 80.dat
1 3 -239.024 23.7155 -43.1352 -0.9793 -0.0228 -0.2012 0.0397 0.9527 -0.3014 -0.1985 0.3032 0.932 80.dat
1 3 -238.458 28.9575 -41.708 -0.9592 0.2537 -0.1251 0.2732 0.9454 -0.1776 -0.0732 0.2045 0.9761 80.dat
1 3 -236.613 34.0316 -40.7894 -0.8983 0.4332 -0.0735 0.4388 0.8931 -0.0994 -0.0226 0.1216 0.9923 80.dat
1 3 -233.944 38.8227 -40.2706 -0.8384 0.5438 -0.0371 0.545 0.837 -0.0481 -0.0049 0.0605 0.9982 80.dat
1 3 -230.711 43.2746 -40.0856 -0.7708 0.6371 -0.0006 0.6371 0.7708 -0.0007 0 0.001 1 80.dat
1 3 -227.212 47.5199 -40.0738 -0.7726 0.6349 -0.0023 0.6349 0.7726 -0.0028 0 0.0036 1 80.dat
1 3 -223.723 51.7746 -40.0483 -0.7741 0.633 -0.0038 0.633 0.7741 -0.0045 0 0.0059 1 80.dat
1 3 -220.236 56.032 -40.0202 -0.773 0.6344 -0.0027 0.6344 0.773 -0.0032 0 0.0042 1 80.dat
1 3 -216.739 60.2808 -40.0042 -0.7711 0.6367 -0.0009 0.6367 0.7711 -0.001 0 0.0014 1 79.dat
0 SYNTH SYNTHESIZED END
0 SYNTH END
1 3 -58.92 15.592 13.028 0.2277 0.6931 -0.6839 -0.9737 0.1578 -0.1642 0.0059 -0.7033 -0.7108 79.dat
1 3 -62.768 14.771 16.871 0.2125 -0.707 -0.6745 -0.9769 -0.1391 -0.1619 0.0207 0.6934 -0.7203 80.dat
1 3 -66.646 13.99 20.695 0.2176 -0.7024 -0.6777 -0.9759 -0.1454 -0.1627 0.0157 0.6968 -0.7171 80.dat
1 3 -70.549 13.137 24.476 0.2292 -0.718 -0.6572 -0.9734 -0.1663 -0.1578 0.004 0.6759 -0.737 80.dat
1 3 -74.647 12.218 28.043 0.2197 -0.7731 -0.595 -0.9755 -0.1673 -0.1428 0.0109 0.6118 -0.7909 80.dat
1 3 -79.024 11.298 31.253 0.2044 -0.8202 -0.5344 -0.9789 -0.1664 -0.119 0.0086 0.5474 -0.8368 80.dat
1 3 -83.65 10.386 34.118 0.1901 -0.8594 -0.4747 -0.9817 -0.1639 -0.0966 0.0052 0.4844 -0.8748 80.dat
1 3 -88.459 9.494 36.633 0.1771 -0.8914 -0.4172 -0.9842 -0.1599 -0.0761 0.0011 0.4241 -0.9056 80.dat
1 3 -93.432 8.626 38.826 0.1652 -0.9172 -0.3626 -0.9862 -0.1549 -0.0577 -0.0032 0.3671 -0.9302 80.dat
1 3 -98.539 7.787 40.716 0.1544 -0.9377 -0.3112 -0.988 -0.1489 -0.0415 -0.0074 0.3138 -0.9495 80.dat
1 3 -103.757 6.982 42.325 0.1444 -0.9539 -0.2632 -0.9895 -0.1422 -0.0275 -0.0112 0.2644 -0.9644 80.dat
1 3 -109.044 6.217 43.668 0.135 -0.9664 -0.2186 -0.9907 -0.1348 -0.0157 -0.0143 0.2187 -0.9757 80.dat
1 3 -114.391 5.494 44.767 0.126 -0.9761 -0.1772 -0.9919 -0.127 -0.0062 -0.0164 0.1765 -0.9842 80.dat
1 3 -119.791 4.815 45.642 0.1173 -0.9834 -0.1386 -0.9929 -0.1186 0.001 -0.0174 0.1376 -0.9903 80.dat
1 3 -125.217 4.184 46.309 0.1087 -0.9888 -0.1028 -0.9939 -0.1098 0.0057 -0.017 0.1015 -0.9947 80.dat
1 3 -130.672 3.602 46.785 0.0998 -0.9926 -0.0691 -0.9949 -0.1005 0.0078 -0.0147 0.068 -0.9976 80.dat
1 3 -136.156 3.072 47.082 0.0905 -0.9952 -0.0375 -0.9958 -0.0908 0.0067 -0.0101 0.0368 -0.9993 80.dat
1 3 -141.653 2.597 47.212 0.0804 -0.9967 -0.0078 -0.9968 -0.0805 0.002 -0.0026 0.0076 -1 80.dat
1 3 -147.141 2.181 47.185 0.0694 -0.9974 0.0203 -0.9976 -0.0696 -0.0073 0.0087 -0.0198 -0.9998 80.dat
1 3 -152.628 1.827 47.012 0.0569 -0.9973 0.047 -0.9981 -0.058 -0.0227 0.0254 -0.0456 -0.9986 80.dat
1 3 -158.119 1.539 46.699 0.0421 -0.9965 0.0723 -0.9979 -0.0456 -0.0464 0.0495 -0.0702 -0.9963 80.dat
1 3 -163.619 1.321 46.252 0.0242 -0.9951 0.0961 -0.9961 -0.0322 -0.082 0.0847 -0.0937 -0.992 80.dat
1 3 -169.109 1.179 45.678 0.0016 -0.9931 0.1176 -0.9906 -0.0176 -0.1356 0.1367 -0.1163 -0.9838 80.dat
1 3 -174.59 1.122 44.981 -0.0283 -0.9904 0.1353 -0.9762 -0.0017 -0.2167 0.2149 -0.1382 -0.9668 80.dat
1 3 -180.038 1.156 44.166 -0.0691 -0.9871 0.1446 -0.9399 0.0158 -0.3411 0.3344 -0.1595 -0.9289 80.dat
1 3 -185.476 1.293 43.234 -0.1245 -0.983 0.1352 -0.85 0.0354 -0.5255 0.5118 -0.1804 -0.84 80.dat
1 3 -190.872 1.543 42.189 -0.1899 -0.9779 0.0878 -0.6478 0.0575 -0.7597 0.7378 -0.2011 -0.6444 80.dat
1 3 -196.243 1.923 41.029 -0.2369 -0.9715 -0.0053 -0.3189 0.0829 -0.9442 0.9177 -0.222 -0.3294 80.dat
1 3 -201.573 2.454 39.754 -0.2441 -0.9635 -0.1103 0.0051 0.1125 -0.9936 0.9697 -0.2431 -0.0226 80.dat
1 3 -206.866 3.162 38.357 -0.231 -0.9529 -0.1964 0.2124 0.1476 -0.966 0.9495 -0.2649 0.1683 80.dat
1 3 -212.083 4.083 36.841 -0.22 -0.9387 -0.2654 0.3117 0.1902 -0.931 0.9244 -0.2875 0.2507 80.dat
1 3 -217.196 5.262 35.2 -0.2232 -0.9186 -0.3262 0.3308 0.2434 -0.9118 0.9169 -0.3114 0.2496 80.dat
1 3 -222.202 6.779 33.414 -0.2521 -0.8884 -0.3836 0.2816 0.3119 -0.9074 0.9258 -0.3368 0.1716 80.dat
1 3 -226.983 8.727 31.49 -0.3252 -0.8403 -0.4338 0.1619 0.4025 -0.901 0.9317 -0.3632 0.0051 80.dat
1 3 -231.411 11.254 29.424 -0.4686 -0.7573 -0.4548 -0.0231 0.5252 -0.8507 0.8831 -0.3881 -0.2636 80.dat
1 3 -235.207 14.548 27.252 -0.6807 -0.6071 -0.41 -0.1879 0.6856 -0.7033 0.708 -0.4017 -0.5808 80.dat
1 3 -237.908 18.748 25.096 -0.8852 -0.3507 -0.3059 -0.1706 0.8561 -0.4878 0.4329 -0.3796 -0.8176 80.dat
1 3 -239.024 23.716 23.191 -0.9793 -0.0228 -0.2012 0.0397 0.9527 -0.3014 0.1985 -0.3032 -0.932 80.dat
1 3 -238.458 28.958 21.764 -0.9592 0.2537 -0.1251 0.2732 0.9454 -0.1776 0.0732 -0.2045 -0.9761 80.dat
1 3 -236.613 34.032 20.845 -0.8983 0.4332 -0.0735 0.4388 0.8931 -0.0994 0.0226 -0.1216 -0.9923 80.dat
1 3 -233.944 38.823 20.327 -0.8384 0.5438 -0.0371 0.545 0.837 -0.0481 0.0049 -0.0605 -0.9982 80.dat
1 3 -230.711 43.275 20.142 -0.7708 0.6371 -0.0006 0.6371 0.7708 -0.0007 0 -0.001 -1 80.dat
1 3 -227.212 47.52 20.13 -0.7726 0.6349 -0.0023 0.6349 0.7726 -0.0028 0 -0.0036 -1 80.dat
1 3 -223.723 51.775 20.104 -0.7741 0.633 -0.0038 0.633 0.7741 -0.0045 0 -0.0059 -1 80.dat
1 3 -220.236 56.032 20.076 -0.773 0.6344 -0.0027 0.6344 0.773 -0.0032 0 -0.0042 -1 80.dat
1 3 -216.739 60.281 20.06 -0.7711 0.6367 -0.0009 0.6367 0.7711 -0.001 0 -0.0014 -1 79.dat

1 3 -80 -280 0 1 0 0 0 1 0 0 0 1 8257 - backbands.ldr



0 FILE 8257 - striker-b.ldr
0 striker-b
0 Name: 8257 - striker-b.ldr
0 Author: Philippe Hurbain [Philo]
0 !LDRAW_ORG Unofficial_Model
0 !LICENSE Redistributable under CCAL version 2.0 : see CAreadme.txt
0 !THEME Technic / Competition
1 22 -148.261 4.52 -40 0.342 0 -0.9397 -0.9397 0 -0.342 0 1 0 32009.dat
1 0 -120.9 -70.654 -10 0 -0.342 -0.9397 0 0.9397 -0.342 1 0 0 3705.dat
1 22 -148.261 4.52 20 0.342 0 -0.9397 -0.9397 0 -0.342 0 1 0 32009.dat
1 0 -52.494 -258.593 -40 0.342 0 0.9397 -0.9397 0 0.342 0 -1 0 6629.dat
1 0 74.971 -246.254 -30 0 0.342 0.9397 0 -0.9397 0.342 1 0 0 2780.dat
1 0 41.475 -224.391 -50 0 0.342 0.9397 0 -0.9397 0.342 1 0 0 2780.dat
1 22 74.971 -246.254 -10 0 0.342 0.9397 0 -0.9397 0.342 1 0 0 75535.dat
1 22 41.475 -224.391 -70 0 0.342 0.9397 0 -0.9397 0.342 1 0 0 75535.dat
1 0 74.971 -246.254 10 0 0.342 0.9397 0 -0.9397 0.342 1 0 0 2780.dat
1 0 41.475 -224.391 -90 0 0.342 0.9397 0 -0.9397 0.342 1 0 0 2780.dat
1 0 -52.494 -258.593 -50 0 0.342 0.9397 0 -0.9397 0.342 1 0 0 3706.dat
1 0 3.887 -238.073 -50 0 -0.6428 0.766 0 -0.766 -0.6428 1 0 0 3706.dat
1 14 29.596 -207.43 -10 0 -0.766 -0.6428 0 0.6428 -0.766 1 0 0 6572.dat
1 7 3.887 -238.073 -10 0 0.766 0.6428 0 -0.6428 0.766 1 0 0 6536.dat
1 0 -3.291 -277.741 -10 0 0.6428 -0.766 0 0.766 0.6428 1 0 0 6553.dat
1 0 -3.291 -277.741 -50 0 0.6428 -0.766 0 0.766 0.6428 1 0 0 3706.dat
1 7 -3.291 -277.741 5 -0.766 0.6428 0 0.6428 0.766 0 0 0 -1 32123b.dat
1 7 -3.291 -277.741 -25 -0.766 0.6428 0 0.6428 0.766 0 0 0 -1 32123b.dat
1 7 -3.291 -277.741 -40 -0.766 0.6428 0 0.6428 0.766 0 0 0 -1 3713.dat
1 7 -52.494 -258.593 -60 0 -0.342 0.9397 0 0.9397 0.342 -1 0 0 6536.dat
1 7 -52.494 -258.593 -80 0 -0.342 0.9397 0 0.9397 0.342 -1 0 0 6536.dat
1 0 -68.732 -243.222 -60 0.9397 -0.342 0 0.342 0.9397 0 0 0 1 6628.dat
1 0 -68.732 -243.222 -80 0.9397 -0.342 0 0.342 0.9397 0 0 0 1 6628.dat
1 7 -3.234 -277.434 -55 0.984 0 -0.178 -0.178 0 -0.984 0 1 0 32017.dat
1 0 91.719 -257.186 -70 0 -0.848 0.5299 0 0.5299 0.848 -1 0 0 3705.dat
1 14 96.649 -412.679 -65 -0.2079 0 0.9781 -0.9781 0 -0.2079 0 -1 0 32133.dat
0 Assembly 1
1 14 160.218 -426.192 -65 -0.2079 0 0.9781 -0.9781 0 -0.2079 0 -1 0 32080.dat
0 Assembly 1
1 256 156.307 -425.36 -65 -0.2079 0 0.9781 -0.9781 0 -0.2079 0 -1 0 32134.dat
1 7 91.719 -257.186 -84 0.5299 -0.848 0 0.848 0.5299 0 0 0 1 32123b.dat
1 0 -10.608 -316.859 -71 0 0.7934 0.6088 0 -0.6088 0.7934 1 0 0 4519.dat
1 7 -10.608 -316.859 -46 0.7934 0.6088 0 -0.6088 0.7934 0 0 0 1 32123b.dat
1 0 3.887 -238.073 -70 0 -0.6428 0.766 0 -0.766 -0.6428 1 0 0 6553.dat
1 7 -18.611 -264.886 -70 -0.6428 0.766 0 -0.766 -0.6428 0 0 0 1 6536.dat
1 7 91.719 -257.186 -64 0.5299 -0.848 0 0.848 0.5299 0 0 0 1 32123b.dat
1 7 -3.234 -277.434 -85 0.984 0 -0.178 -0.178 0 -0.984 0 1 0 32017.dat
1 8 45.416 -295.357 -60 0 0.9744 0.225 0 -0.225 0.9744 1 0 0 32002.dat
1 8 55.126 -312.024 -60 0 0.9744 0.225 0 -0.225 0.9744 1 0 0 32002.dat
1 8 64.836 -328.694 -60 0 0.9744 0.225 0 -0.225 0.9744 1 0 0 32002.dat
1 8 74.549 -345.358 -60 0 0.9744 0.225 0 -0.225 0.9744 1 0 0 32002.dat
1 8 28.241 -383.529 -60 0 0.9744 0.225 0 -0.225 0.9744 1 0 0 32002.dat
1 8 -0.891 -333.526 -60 0 0.9744 0.225 0 -0.225 0.9744 1 0 0 32002.dat
1 7 -3.291 -277.741 -100 0.766 0.6428 0 -0.6428 0.766 0 0 0 1 3713.dat
1 7 -10.608 -316.859 -76 -0.6088 0.7934 0 -0.7934 -0.6088 0 0 0 1 32123b.dat
1 7 -10.608 -316.859 -96 -0.6088 0.7934 0 -0.7934 -0.6088 0 0 0 1 32123b.dat
1 0 -52.494 -258.593 -100 0.342 0 0.9397 -0.9397 0 0.342 0 -1 0 6629.dat
1 0 45.296 -298.555 20 0.4896 0 0.8719 0.8719 0 -0.4896 0 1 0 32009.dat
1 0 84.468 -228.799 50 0 -0.4896 0.8719 0 -0.8719 -0.4896 1 0 0 3705.dat
1 0 -94.212 -220.217 50 0 -0.4896 0.8719 0 -0.8719 -0.4896 1 0 0 3705.dat
1 7 -94.212 -220.217 35 -0.8719 -0.4896 0 0.4896 -0.8719 0 0 0 1 32123b.dat
1 0 49.588 -209.215 35 -0.4896 0 0.8719 -0.8719 0 -0.4896 0 -1 0 6632.dat
1 0 49.588 -209.215 60 0 -0.4896 0.8719 0 -0.8719 -0.4896 1 0 0 4519.dat
1 0 49.588 -209.215 65 -0.4896 0 0.8719 -0.8719 0 -0.4896 0 -1 0 6632.dat
1 7 -94.212 -220.217 65 -0.8719 -0.4896 0 0.4896 -0.8719 0 0 0 1 32123b.dat
1 0 45.296 -298.555 80 0.4896 0 0.8719 0.8719 0 -0.4896 0 1 0 32009.dat
1 0 2.091 59.244 -10 0 -0.342 -0.9397 0 0.9397 -0.342 1 0 0 3705.dat
1 0 -16.703 52.402 10 0 -0.342 -0.9397 0 0.9397 -0.342 1 0 0 2780.dat
1 0 -16.703 52.402 -30 0 -0.342 -0.9397 0 0.9397 -0.342 1 0 0 2780.dat
1 0 43.098 63.527 0 -0.9397 -0.342 0 -0.342 0.9397 0 0 0 -1 3702.dat
1 0 43.098 63.527 -20 -0.9397 -0.342 0 -0.342 0.9397 0 0 0 -1 3702.dat
1 0 27.041 49.167 -10 -0.9397 -0.342 0 -0.342 0.9397 0 0 0 -1 3068b.dat
1 0 -3.939 83.445 -40 1 0 0 0 1 0 0 0 1 3895.dat
1 0 86.061 83.446 -60 1 0 0 0 1 0 0 0 1 32000.dat
1 0 -3.939 83.445 20 1 0 0 0 1 0 0 0 1 3895.dat
1 0 86.061 83.446 40 1 0 0 0 1 0 0 0 1 32000.dat
1 0 76.059 93.444 -50 0 -0.3987 0.9171 0 -0.9171 -0.3987 1 0 0 2780.dat
1 0 76.059 93.444 30 0 0 1 0 1 0 -1 0 0 2780.dat
1 0 -103.94 93.443 10 0 0 1 0 1 0 -1 0 0 2780.dat
1 0 -103.94 93.443 -30 0 0 1 0 1 0 -1 0 0 2780.dat
1 22 -103.94 93.443 -10 0 0 1 0 1 0 -1 0 0 75535.dat
1 0 96.061 93.445 -10 0 -0.1132 0.9936 0 0.9936 0.1132 -1 0 0 3708.dat
1 0 -83.94 93.445 -10 0 0 1 0 1 0 -1 0 0 3708.dat
1 0 -87.507 52.369 -60 0.3256 -0.9455 0 0.9455 0.3256 0 0 0 1 3894.dat
1 0 -109.986 17.803 -10 0 0 1 0 1 0 -1 0 0 3708.dat
1 0 -87.507 52.369 40 0.3256 -0.9455 0 0.9455 0.3256 0 0 0 1 3894.dat
1 7 96.061 93.445 -120 0.9936 -0.1132 0 0.1132 0.9936 0 0 0 1 3713.dat
1 7 96.061 93.445 60 0.9936 0.1132 0 0.1132 -0.9936 0 0 0 -1 3713.dat
1 7 -83.94 93.445 -80 1 0 0 0 1 0 0 0 1 3713.dat
1 7 -83.94 93.445 60 1 0 0 0 -1 0 0 0 -1 3713.dat
1 7 -109.986 17.803 -80 1 0 0 0 1 0 0 0 1 3713.dat
1 14 96.061 93.445 -100 -0.9936 -0.1132 0 -0.1132 0.9936 0 0 0 -1 32007.dat
1 14 96.061 93.445 80 0.9304 -0.3665 0 0.3665 0.9304 0 0 0 1 32007.dat
1 14 -83.94 93.445 -100 -1 0 0 0 1 0 0 0 -1 32007.dat
1 14 -83.94 93.445 80 -0.9848 0.1736 0 0.1736 0.9848 0 0 0 -1 32007.dat
1 14 -109.986 17.803 -100 -1 0 0 0 1 0 0 0 -1 32007.dat
1 14 -109.986 17.803 80 0.9781 0.2079 0 -0.2079 0.9781 0 0 0 1 32007.dat
1 14 0 0 80 1 0 0 0 1 0 0 0 1 8257 - rubber_tread.ldr
1 14 0 0 -100 1 0 0 0 1 0 0 0 1 8257 - rubber_tread.ldr
1 7 -109.986 17.803 60 -1 0 0 0 1 0 0 0 -1 3713.dat
1 7 -109.986 17.803 100 -1 0 0 0 1 0 0 0 -1 3713.dat
1 7 -109.986 17.803 -120 1 0 0 0 1 0 0 0 1 3713.dat
1 7 -83.94 93.445 -120 1 0 0 0 1 0 0 0 1 3713.dat
1 7 96.061 93.445 100 0.9936 0.1132 0 0.1132 -0.9936 0 0 0 -1 3713.dat
1 7 -83.94 93.445 100 1 0 0 0 -1 0 0 0 -1 3713.dat
1 0 56.128 -377.699 20 -0.9511 0 -0.309 0.309 0 -0.9511 0 -1 0 32009.dat
1 7 80.848 -301.616 30 0 0.9511 -0.309 0 -0.309 -0.9511 -1 0 0 4274.dat
1 22 80.848 -301.616 50 0 0.9511 -0.309 0 -0.309 -0.9511 -1 0 0 75535.dat
1 7 80.848 -301.616 70 0 -0.9511 -0.309 0 0.309 -0.9511 1 0 0 4274.dat
1 0 56.128 -377.699 80 -0.9511 0 -0.309 0.309 0 -0.9511 0 -1 0 32009.dat
1 0 87.027 -282.594 50 0 0.9511 -0.309 0 -0.309 -0.9511 -1 0 0 3706.dat
1 7 87.027 -282.594 100 0.309 0.9511 0 0.9511 -0.309 0 0 0 -1 3713.dat
1 7 87.027 -282.594 0 0.309 -0.9511 0 0.9511 0.309 0 0 0 1 3713.dat
1 0 87.027 -282.594 40 0 0.9781 0.2079 0 0.2079 -0.9781 -1 0 0 6536.dat
1 0 87.027 -282.594 60 0 0.9781 0.2079 0 0.2079 -0.9781 -1 0 0 6536.dat
1 7 108.671 -288.219 60 -0.2079 0.9781 0 0.9781 0.2079 0 0 0 -1 3673.dat
0 SYNTH BEGIN TECHNIC_RIBBED_HOSE 22
0 SYNTH SHOW
0 MLCAD HIDE 1 7 108.671 -288.219 60 -0.978147 -0.207911 0 -0.207911 0.978147 0 0 0 -1 LS05.dat
0 MLCAD HIDE 1 7 113.671 -311.219 60 -0.978147 -0.207911 0 -0.207911 0.978147 0 0 0 -1 LS05.dat
0 MLCAD HIDE 1 7 25.493 -388.653 100 0.309017 0.951056 0 0.951056 -0.309017 0 0 0 -1 LS05.dat
0 MLCAD HIDE 1 7 -1.507 -379.653 100 0.309017 0.951056 0 0.951056 -0.309017 0 0 0 -1 LS05.dat
0 SYNTH SYNTHESIZED BEGIN
1 22 109.195 -290.663 60 0 -0.2097 -0.9778 0 0.9778 -0.2097 1 0 0 79.dat
1 22 110.361 -296.039 60 0 0.2146 -0.9767 0 -0.9767 -0.2146 1 0 0 80.dat
1 22 111.544 -301.411 60 0 0.2158 -0.9764 0 -0.9764 -0.2158 1 0 0 80.dat
1 22 112.719 -306.787 60 0 0.2109 -0.9775 0 -0.9775 -0.2109 1 0 0 80.dat
1 22 113.764 -312.185 60.0731 -0.0048 0.165 -0.9863 0.0289 -0.9859 -0.1651 0.9996 0.0293 0 80.dat
1 22 114.453 -317.628 60.3775 -0.0067 0.0775 -0.997 0.0863 -0.9932 -0.0778 0.9962 0.0866 0 80.dat
1 22 114.66 -323.084 60.9893 0.0014 -0.0102 -0.9999 0.1407 -0.99 0.0103 0.99 0.1408 0 80.dat
1 22 114.391 -328.498 61.8872 0.0185 -0.0955 -0.9953 0.1893 -0.9771 0.0972 0.9817 0.1902 0 80.dat
1 22 113.663 -333.821 63.0431 0.0425 -0.1766 -0.9834 0.2301 -0.9561 0.1816 0.9722 0.234 0 80.dat
1 22 112.502 -339.015 64.4254 0.0713 -0.2524 -0.965 0.2623 -0.9287 0.2623 0.9624 0.2718 0 80.dat
1 22 110.937 -344.047 66.0013 0.1028 -0.3226 -0.9409 0.2857 -0.8965 0.3386 0.9528 0.3036 0 80.dat
1 22 108.999 -348.895 67.7392 0.1353 -0.3872 -0.912 0.3009 -0.8609 0.4102 0.944 0.3299 0 80.dat
1 22 106.718 -353.542 69.6092 0.1675 -0.4467 -0.8789 0.3086 -0.8229 0.477 0.9363 0.3511 0 80.dat
1 22 104.121 -357.974 71.5841 0.1983 -0.5015 -0.8421 0.3096 -0.7831 0.5393 0.93 0.3676 0 80.dat
1 22 101.232 -362.184 73.6392 0.2269 -0.5524 -0.8021 0.3047 -0.7419 0.5972 0.925 0.3799 0 80.dat
1 22 98.0713 -366.163 75.7521 0.2529 -0.6 -0.759 0.2948 -0.6994 0.6511 0.9215 0.3884 0 80.dat
1 22 94.6572 -369.903 77.902 0.2757 -0.6446 -0.7131 0.2804 -0.6556 0.7011 0.9194 0.3932 0 80.dat
1 22 91.0038 -373.398 80.0697 0.295 -0.6869 -0.6642 0.2621 -0.6103 0.7476 0.9188 0.3946 0 80.dat
1 22 87.1228 -376.639 82.2365 0.3104 -0.7272 -0.6123 0.2404 -0.5631 0.7907 0.9197 0.3926 0 80.dat
1 22 83.0246 -379.614 84.3838 0.3215 -0.7657 -0.5571 0.2157 -0.5137 0.8304 0.922 0.3872 0 80.dat
1 22 78.7179 -382.311 86.4922 0.3278 -0.8025 -0.4985 0.1885 -0.4615 0.8669 0.9258 0.3781 0 80.dat
1 22 74.2118 -384.713 88.5414 0.3286 -0.8377 -0.4362 0.1593 -0.4061 0.8998 0.931 0.3651 0 80.dat
1 22 69.5158 -386.801 90.5088 0.3232 -0.871 -0.37 0.1287 -0.3469 0.929 0.9375 0.3479 0 80.dat
1 22 64.6417 -388.553 92.37 0.311 -0.902 -0.2996 0.0977 -0.2832 0.9541 0.9454 0.326 0 80.dat
1 22 59.6049 -389.941 94.0976 0.2913 -0.9298 -0.225 0.0672 -0.2147 0.9744 0.9543 0.2989 0 80.dat
1 22 54.4257 -390.939 95.6618 0.2634 -0.9535 -0.1463 0.039 -0.141 0.9892 0.9639 0.2662 0 80.dat
1 22 49.1311 -391.519 97.0307 0.2271 -0.9718 -0.064 0.0146 -0.0623 0.9979 0.9738 0.2276 0 80.dat
1 22 43.7554 -391.654 98.1718 0.183 -0.9829 0.0211 -0.0039 0.0207 0.9998 0.9831 0.183 0 80.dat
1 22 38.3416 -391.325 99.0535 0.1321 -0.9853 0.1078 -0.0143 0.1069 0.9942 0.9911 0.1329 0 80.dat
1 22 32.9394 -390.519 99.648 0.0768 -0.9779 0.1947 -0.0152 0.1941 0.9809 0.9969 0.0783 0 80.dat
1 22 27.6264 -389.163 99.8852 0.0009 -0.951 0.3093 -0.0003 0.3093 0.951 1 0.0009 0 80.dat
1 22 22.3937 -387.458 99.8964 0.0032 -0.9507 0.3102 -0.001 0.3102 0.9507 1 0.0034 0 80.dat
1 22 17.1648 -385.749 99.9222 0.0059 -0.9503 0.3112 -0.0019 0.3112 0.9504 1 0.0063 0 80.dat
1 22 11.9359 -384.037 99.9568 0.006 -0.9503 0.3112 -0.002 0.3112 0.9503 1 0.0063 0 80.dat
1 22 6.705 -382.327 99.9843 0.0033 -0.9507 0.3102 -0.0011 0.3102 0.9507 1 0.0034 0 80.dat
1 22 1.4733 -380.623 99.9971 0.0009 -0.9509 0.3093 -0.0003 0.3093 0.9509 1 0.001 0 79.dat
0 SYNTH SYNTHESIZED END
0 SYNTH END
1 22 109.195 -290.663 40 0 -0.2097 -0.9778 0 0.9778 -0.2097 -1 0 0 79.dat
1 22 110.361 -296.039 40 0 0.2146 -0.9767 0 -0.9767 -0.2146 -1 0 0 80.dat
1 22 111.544 -301.411 40 0 0.2158 -0.9764 0 -0.9764 -0.2158 -1 0 0 80.dat
1 22 112.719 -306.787 40 0 0.2109 -0.9775 0 -0.9775 -0.2109 -1 0 0 80.dat
1 22 113.764 -312.185 39.927 -0.0048 0.165 -0.9863 0.0289 -0.9859 -0.1651 -0.9996 -0.0293 0 80.dat
1 22 114.453 -317.628 39.622 -0.0067 0.0775 -0.997 0.0863 -0.9932 -0.0778 -0.9962 -0.0866 0 80.dat
1 22 114.66 -323.084 39.011 0.0014 -0.0102 -0.9999 0.1407 -0.99 0.0103 -0.99 -0.1408 0 80.dat
1 22 114.391 -328.498 38.113 0.0185 -0.0955 -0.9953 0.1893 -0.9771 0.0972 -0.9817 -0.1902 0 80.dat
1 22 113.663 -333.821 36.957 0.0425 -0.1766 -0.9834 0.2301 -0.9561 0.1816 -0.9722 -0.234 0 80.dat
1 22 112.502 -339.015 35.575 0.0713 -0.2524 -0.965 0.2623 -0.9287 0.2623 -0.9624 -0.2718 0 80.dat
1 22 110.937 -344.047 33.999 0.1028 -0.3226 -0.9409 0.2857 -0.8965 0.3386 -0.9528 -0.3036 0 80.dat
1 22 108.999 -348.895 32.261 0.1353 -0.3872 -0.912 0.3009 -0.8609 0.4102 -0.944 -0.3299 0 80.dat
1 22 106.718 -353.542 30.391 0.1675 -0.4467 -0.8789 0.3086 -0.8229 0.477 -0.9363 -0.3511 0 80.dat
1 22 104.121 -357.975 28.416 0.1983 -0.5015 -0.8421 0.3096 -0.7831 0.5393 -0.93 -0.3676 0 80.dat
1 22 101.232 -362.184 26.361 0.2269 -0.5524 -0.8021 0.3047 -0.7419 0.5972 -0.925 -0.3799 0 80.dat
1 22 98.071 -366.163 24.248 0.2529 -0.6 -0.759 0.2948 -0.6994 0.6511 -0.9215 -0.3884 0 80.dat
1 22 94.657 -369.903 22.098 0.2757 -0.6446 -0.7131 0.2804 -0.6556 0.7011 -0.9194 -0.3932 0 80.dat
1 22 91.004 -373.398 19.93 0.295 -0.6869 -0.6642 0.2621 -0.6103 0.7476 -0.9188 -0.3946 0 80.dat
1 22 87.123 -376.639 17.763 0.3104 -0.7272 -0.6123 0.2404 -0.5631 0.7907 -0.9197 -0.3926 0 80.dat
1 22 83.025 -379.614 15.616 0.3215 -0.7657 -0.5571 0.2157 -0.5137 0.8304 -0.922 -0.3872 0 80.dat
1 22 78.718 -382.311 13.508 0.3278 -0.8025 -0.4985 0.1885 -0.4615 0.8669 -0.9258 -0.3781 0 80.dat
1 22 74.212 -384.713 11.459 0.3286 -0.8377 -0.4362 0.1593 -0.4061 0.8998 -0.931 -0.3651 0 80.dat
1 22 69.516 -386.801 9.491 0.3232 -0.871 -0.37 0.1287 -0.3469 0.929 -0.9375 -0.3479 0 80.dat
1 22 64.642 -388.553 7.63 0.311 -0.902 -0.2996 0.0977 -0.2832 0.9541 -0.9454 -0.326 0 80.dat
1 22 59.605 -389.941 5.902 0.2913 -0.9298 -0.225 0.0672 -0.2147 0.9744 -0.9543 -0.2989 0 80.dat
1 22 54.426 -390.939 4.338 0.2634 -0.9535 -0.1463 0.039 -0.141 0.9892 -0.9639 -0.2662 0 80.dat
1 22 49.131 -391.519 2.969 0.2271 -0.9718 -0.064 0.0146 -0.0623 0.9979 -0.9738 -0.2276 0 80.dat
1 22 43.755 -391.654 1.828 0.183 -0.9829 0.0211 -0.0039 0.0207 0.9998 -0.9831 -0.183 0 80.dat
1 22 38.342 -391.325 0.946 0.1321 -0.9853 0.1078 -0.0143 0.1069 0.9942 -0.9911 -0.1329 0 80.dat
1 22 32.939 -390.519 0.352 0.0768 -0.9779 0.1947 -0.0152 0.1941 0.9809 -0.9969 -0.0783 0 80.dat
1 22 27.626 -389.163 0.115 0.0009 -0.951 0.3093 -0.0003 0.3093 0.951 -1 -0.0009 0 80.dat
1 22 22.394 -387.458 0.104 0.0032 -0.9507 0.3102 -0.001 0.3102 0.9507 -1 -0.0034 0 80.dat
1 22 17.165 -385.749 0.078 0.0059 -0.9503 0.3112 -0.0019 0.3112 0.9504 -1 -0.0063 0 80.dat
1 22 11.936 -384.037 0.043 0.006 -0.9503 0.3112 -0.002 0.3112 0.9503 -1 -0.0063 0 80.dat
1 22 6.705 -382.327 0.016 0.0033 -0.9507 0.3102 -0.0011 0.3102 0.9507 -1 -0.0034 0 80.dat
1 22 1.473 -380.623 0.003 0.0009 -0.9509 0.3093 -0.0003 0.3093 0.9509 -1 -0.001 0 79.dat
1 7 108.671 -288.219 40 -0.2079 0.9781 0 0.9781 0.2079 0 0 0 -1 3673.dat
1 0 -0.937 -359.159 90 0 0.9511 -0.309 0 -0.309 -0.9511 -1 0 0 2780.dat
1 0 -0.937 -359.159 10 0 0.9511 -0.309 0 -0.309 -0.9511 -1 0 0 2780.dat
1 0 -7.117 -378.182 100 -0.9511 0.309 0 0.309 0.9511 0 0 0 -1 6536.dat
1 0 -7.117 -378.182 0 -0.9511 0.309 0 0.309 0.9511 0 0 0 -1 6536.dat
1 7 2.493 -380.953 100 -0.9511 0.309 0 0.309 0.9511 0 0 0 -1 3749.dat
1 7 2.493 -380.953 0 -0.9511 0.309 0 0.309 0.9511 0 0 0 -1 3749.dat
1 0 68.488 -339.657 90 0.9511 0 -0.309 -0.309 0 -0.9511 0 1 0 4287.dat
1 0 68.488 -339.657 10 -0.9511 0 -0.309 0.309 0 -0.9511 0 -1 0 4287.dat
1 0 -19.958 -352.979 50 0 0.9511 0.309 0 -0.309 0.9511 1 0 0 3705.dat
1 16 -102.933 -149.252 0 0.342 0.9397 0 -0.9397 0.342 0 0 0 1 8257 - handle.ldr
1 16 45.416 -295.357 -55 0.6362 0 0.7717 -0.7717 0 0.6362 0 -1 0 8257 - arrow-purple.ldr
1 16 165.085 -149.425 50 -0.7953 0 -0.6062 0.6062 0 -0.7953 0 -1 0 8257 - target-purple.ldr
1 16 10.42 -278.973 30 0 -0.8369 0.5473 0 -0.5473 -0.8369 1 0 0 8257 - seatback-purple.ldr
1 16 50.369 -248.824 65 0 1 0 0 0 1 1 0 0 8257 - figure-purple.ldr
1 16 -13.92 -221.054 49 0.023 -0.9997 0 0.9997 0.023 0 0 0 1 8257 - shockabs.ldr

1 16 -37.331 -277.508 -1 0.9925 -0.1219 0 0.1219 0.9925 0 0 0 1 8257 - backbands.ldr



0 FILE 8257 - handle.ldr
0 Handle
0 Name: 8257 - handle.ldr
0 Author: Philippe Hurbain [Philo]
0 !LDRAW_ORG Unofficial_Model
0 !LICENSE Redistributable under CCAL version 2.0 : see CAreadme.txt
0 !THEME Technic / Competition
1 0 0 0 0 1 0 0 0 1 0 0 0 1 32018.dat
1 0 60.0001 10 -10 0 -1 0 0 0 -1 1 0 0 2780.dat
1 0 -60 10 -10 0 -1 0 0 0 -1 1 0 0 2780.dat
1 0 0 0 -20 1 0 0 0 1 0 0 0 1 32018.dat
1 0 -100 10 -30 0 -1 0 0 0 -1 1 0 0 2780.dat
1 0 -120 10 -30 0 -1 0 0 0 -1 1 0 0 2780.dat
1 0 -120 10 10 0 -1 0 0 0 -1 1 0 0 2780.dat
1 0 -100 10 10 0 -1 0 0 0 -1 1 0 0 2780.dat
1 0 100 -8 -10 1 0 0 0 1 0 0 0 1 3068b.dat
1 14 -20 -7.9999 -10 1 0 0 0 1 0 0 0 1 3738.dat
1 0 80 24 -10 1 0 0 0 1 0 0 0 1 32001.dat
1 0 110 32 -10 1 0 0 0 1 0 0 0 1 3021.dat
1 0 120 40 -10 0 0 -1 0 1 0 1 0 0 2817.dat
1 0 120 50 -20 0 0 -1 0 1 0 1 0 0 6558.dat
1 0 100 10 0 0 0 -1 0 -1 0 -1 0 0 6558.dat
1 0 20.0001 -32 -10 1 0 0 0 1 0 0 0 1 6192.dat
1 0 -60 -32 -10 1 0 0 0 1 0 0 0 1 6192.dat



0 FILE 8257 - arrow-teal.ldr
0 arrow-teal
0 Name: 8257 - arrow-teal.ldr
0 Author: Philippe Hurbain [Philo]
0 !LDRAW_ORG Unofficial_Model
0 !LICENSE Redistributable under CCAL version 2.0 : see CAreadme.txt
0 !THEME Technic / Competition
1 3 0 0 0 1 0 0 0 1 0 0 0 1 32065.dat
1 0 0 10 0 0.9483 0 0.3173 0 1 0 -0.3173 0 0.9483 32065.dat
1 3 0 20 0 1 0 0 0 1 0 0 0 1 32065.dat
1 0 19.0352 10 -3.1092 0.9483 0 0.3173 0 1 0 -0.3173 0 0.9483 32065.dat
1 3 19.0352 20 -3.1092 1 0 0 0 1 0 0 0 1 32065.dat
1 3 19.0352 0 -3.1092 1 0 0 0 1 0 0 0 1 32065.dat
1 0 38.0707 10 -6.2185 0.9483 0 0.3173 0 1 0 -0.3173 0 0.9483 32065.dat
1 3 38.0707 20 -6.2185 1 0 0 0 1 0 0 0 1 32065.dat
1 3 38.0707 0 -6.2185 1 0 0 0 1 0 0 0 1 32065.dat
1 0 57.1056 10 -9.3276 0.9483 0 0.3173 0 1 0 -0.3173 0 0.9483 32065.dat
1 3 57.1056 20 -9.3276 1 0 0 0 1 0 0 0 1 32065.dat
1 3 57.1056 0 -9.3276 1 0 0 0 1 0 0 0 1 32065.dat
1 0 76.1408 10 -12.4368 0.9483 0 0.3173 0 1 0 -0.3173 0 0.9483 32065.dat
1 3 76.1408 20 -12.4368 1 0 0 0 1 0 0 0 1 32065.dat
1 3 76.1408 0 -12.4368 1 0 0 0 1 0 0 0 1 32065.dat
1 3 116.963 20 10.9082 0.8386 0 0.5447 0 -1 0 0.5447 0 -0.8386 32017.dat
1 8 138.748 5 -22.646 0 0.7932 -0.6086 -1 0 0 0 0.6086 0.7932 32002.dat
0 Assembly 1
1 8 95.1761 5 44.454 0 0.7932 -0.6086 -1 0 0 0 0.6086 0.7932 32002.dat
1 8 76.1408 5 47.5632 0 0.7932 -0.6086 -1 0 0 0 0.6086 0.7932 32002.dat
1 8 57.1056 5 50.6724 0 0.7932 -0.6086 -1 0 0 0 0.6086 0.7932 32002.dat
1 8 38.0707 5 53.7815 0 0.7932 -0.6086 -1 0 0 0 0.6086 0.7932 32002.dat
1 8 19.0353 5 56.8908 0 0.7932 -0.6086 -1 0 0 0 0.6086 0.7932 32002.dat
1 8 76.1408 5 -12.4368 0 0.7932 -0.6086 -1 0 0 0 0.6086 0.7932 32002.dat
1 8 76.1408 5 -72.4368 0 0.7932 -0.6086 -1 0 0 0 0.6086 0.7932 32002.dat
1 8 38.0673 5 -66.2271 0 0.7932 -0.6086 -1 0 0 0 0.6086 0.7932 32002.dat
1 8 19.0323 5 -63.118 0 0.7932 -0.6086 -1 0 0 0 0.6086 0.7932 32002.dat
1 3 116.963 0 10.9082 0.8386 0 0.5447 0 -1 0 0.5447 0 -0.8386 32017.dat



0 FILE 8257 - target-teal.ldr
0 target-teal
0 Name: 8257 - target-teal.ldr
0 Author: Philippe Hurbain [Philo]
0 !LDRAW_ORG Unofficial_Model
0 !LICENSE Redistributable under CCAL version 2.0 : see CAreadme.txt
0 !THEME Technic / Competition
1 3 0 0 0 1 0 0 0 1 0 0 0 1 6629.dat
1 0 0 0 79.9995 0 1 0 -1 0 0 0 0 1 6558.dat
1 0 0 10 0 0 1 0 -1 0 0 0 0 1 4519.dat
1 0 0 0 40 0 1 0 -1 0 0 0 0 1 32062.dat
1 0 0 -15 0 -1 0 0 0 -1 0 0 0 1 6632.dat
1 0 0 15 0 -1 0 0 0 -1 0 0 0 1 6632.dat
1 0 0 30 0 -1 0 0 0 0 -1 0 -1 0 32039.dat
1 0 -1 50 -0.0001 1 0 0 0 0 1 0 -1 0 32062.dat
1 20 -17.9999 50 0 0 1 0 0 0 1 1 0 0 2723.dat



0 FILE 8257 - seatback-teal.ldr
0 SeatBack-teal
0 Name: 8257 - seatback-teal.ldr
0 Author: Philippe Hurbain [Philo]
0 !LDRAW_ORG Unofficial_Model
0 !LICENSE Redistributable under CCAL version 2.0 : see CAreadme.txt
0 !THEME Technic / Competition
1 7 0 0 0 1 0 0 0 1 0 0 0 1 3673.dat
1 3 5 16.4824 11.328 0 1 0 0.5664 0 -0.8241 -0.8241 0 -0.5664 32065.dat
1 0 20 -16.627 -11.5886 1 0 0 0 -0.5664 -0.8241 0 0.8241 -0.5664 2780.dat
1 0 20 32.8206 22.3958 1 0 0 0 -0.5664 -0.8241 0 0.8241 -0.5664 2780.dat
1 0 20 65.7856 45.052 1 0 0 0 -0.5664 -0.8241 0 0.8241 -0.5664 2780.dat
1 7 15 24.5792 16.7318 0 1 0 0.5664 0 -0.8241 -0.8241 0 -0.5664 32063.dat
1 7 25 24.5792 16.7317 0 1 0 0.5664 0 -0.8241 -0.8241 0 -0.5664 32063.dat
1 3 35 16.4824 11.328 0 1 0 0.5664 0 -0.8241 -0.8241 0 -0.5664 32065.dat
1 0 20 -32.965 -22.6564 1 0 0 0 -0.8241 -0.5664 0 0.5664 -0.8241 3704.dat
0 Assembly 2
1 7 40 0 0 1 0 0 0 1 0 0 0 1 3673.dat
1 7 40 49.4476 33.9845 1 0 0 0 1 0 0 0 1 3673.dat
1 7 0 49.4476 33.9845 1 0 0 0 1 0 0 0 1 3673.dat



0 FILE 8257 - figure-teal.ldr
0 figure-teal
0 Name: 8257 - figure-teal.ldr
0 Author: Philippe Hurbain [Philo]
0 !LDRAW_ORG Unofficial_Model
0 !LICENSE Redistributable under CCAL version 2.0 : see CAreadme.txt
0 !THEME Technic / Competition
