0 FILE 8259.ldr
0 8259
0 Name: 8259.ldr
0 Author: The LEGO Group
0 Official Model, 2009
0 Built in LDraw by AVCampos
0 ROTATION CENTER 0 0 0 1 "CUSTOM" 
0 ROTATION CONFIG -2 0
1 0 -20 60 20 0 -1 0 -1 0 0 0 0 -1 32140.dat
1 0 -30 60 0 1 0 0 0 1 0 0 0 1 2780.dat
1 0 -30 60 -20 1 0 0 0 1 0 0 0 1 2780.dat
1 1 -40 60 -40 -1 0 0 0 1 0 0 0 -1 6558.dat
1 7 0 60 20 1 0 0 0 1 0 0 0 1 32073.dat
0 STEP
1 8 -40 60 -60 0 1 0 -1 0 0 0 0 1 32316.dat
1 8 -40 60 20 0 1 0 -1 0 0 0 0 1 32523.dat
1 19 -50 60 40 -1 0 0 0 1 0 0 0 -1 3749.dat
1 7 0 40 20 1 0 0 0 -1 0 0 0 -1 42003.dat
0 STEP
1 0 -70 60 -40 -1 0 0 0 1 0 0 0 -1 75535.dat
1 8 -90 60 -40 -1 0 0 0 1 0 0 0 -1 32002.dat
1 0 0 40 30 0 0 -1 0 1 0 1 0 0 2780.dat
0 STEP
1 14 -20 60 -100 0 -1 0 0 0 -1 1 0 0 153.dat
1 7 0 0 -100 1 0 0 0 1 0 0 0 1 4519.dat
1 7 0 40 -100 1 0 0 0 1 0 0 0 1 4519.dat
1 8 -40 60 -100 1 0 0 0 1 0 0 0 1 6587.dat
1 7 0 20 40 1 0 0 0 1 0 0 0 1 42003.dat
1 7 0 0 40 1 0 0 0 1 0 0 0 1 4519.dat
0 STEP
1 0 0 20 -100 1 0 0 0 1 0 0 0 1 32184.dat
1 1 0 -20 -100 1 0 0 0 1 0 0 0 1 6558.dat
1 7 0 -20 -60 1 0 0 0 1 0 0 0 1 4519.dat
1 7 -60 60 -100 0 0 -1 0 1 0 1 0 0 4019.dat
1 7 -60 60 40 0 0 -1 0 1 0 1 0 0 4019.dat
1 14 -20 0 0 0 -1 0 1 0 0 0 0 1 32524.dat
0 STEP
1 14 0 -20 -80 0 0 -1 1 0 0 0 -1 0 6536.dat
1 0 -30 0 0 1 0 0 0 1 0 0 0 1 2780.dat
1 7 0 0 -40 1 0 0 0 1 0 0 0 1 32073.dat
1 14 -40 0 0 0 1 0 -1 0 0 0 0 1 32316.dat
0 STEP
1 0 0 -20 -40 1 0 0 0 0 -1 0 1 0 32184.dat
1 7 0 -20 -20 1 0 0 0 1 0 0 0 1 4519.dat
1 19 0 -30 -80 0 0 1 1 0 0 0 1 0 3749.dat
1 14 15 -20 -20 0 0 -1 0 1 0 1 0 0 4265C.dat
1 14 -15 -20 -20 0 0 -1 0 1 0 1 0 0 4265C.dat
0 STEP
1 0 -25 -20 20 0 -1 0 -1 0 0 0 0 -1 32249.dat
1 0 0 -50 -80 0 1 0 -1 0 0 0 0 1 75535.dat
1 0 0 20 -40 1 0 0 0 1 0 0 0 1 32184.dat
1 1 0 0 20 1 0 0 0 1 0 0 0 1 6558.dat
0 STEP
1 7 0 -20 20 1 0 0 0 1 0 0 0 1 4519.dat
1 7 0 -60 20 1 0 0 0 1 0 0 0 1 4519.dat
1 14 -15 -20 20 0 0 -1 0 1 0 1 0 0 4265C.dat
1 7 0 -20 20 0 1 0 0 0 1 1 0 0 60483.dat
1 7 0 40 -40 1 0 0 0 1 0 0 0 1 44294.dat
0 STEP
1 0 0 -60 20 1 0 0 0 1 0 0 0 1 75535.dat
1 14 15 -20 20 0 0 -1 0 1 0 1 0 0 4265C.dat
0 STEP
1 0 25 -20 20 0 -1 0 -1 0 0 0 0 -1 32249.dat
0 STEP
1 14 0 20 -10 1 0 0 0 1 0 0 0 1 6538B.dat
1 7 0 20 -70 1 0 0 0 1 0 0 0 1 4716.dat
0 STEP
1 7 0 20 40 0 0 -1 0 1 0 1 0 0 32073.dat
1 7 0 20 -60 0 0 -1 0 1 0 1 0 0 32073.dat
1 7 0 20 80 -1 0 0 0 1 0 0 0 -1 3713.dat
0 STEP
1 7 0 0 -60 0 0 -1 0.19509 0.980785 0 0.980785 -0.19509 0 3647.dat
1 7 0 0 -60 1 0 0 0 0.980785 0.19509 0 -0.19509 0.980785 32073.dat
1 8 40 60 -100 -1 0 0 0 1 0 0 0 -1 6587.dat
0 STEP
1 14 20 60 -100 0 -1 0 0 0 -1 1 0 0 153.dat
1 14 20 0 0 0 -1 0 1 0 0 0 0 1 32524.dat
1 0 30 0 0 1 0 0 0 1 0 0 0 1 2780.dat
0 STEP
1 0 20 60 20 0 -1 0 -1 0 0 0 0 -1 32140.dat
1 1 40 60 -40 1 0 0 0 1 0 0 0 1 6558.dat
1 14 40 0 0 0 1 0 -1 0 0 0 0 1 32316.dat
1 0 30 60 0 1 0 0 0 1 0 0 0 1 2780.dat
0 STEP
1 7 -40 40 -40 0 0 -1 0 1 0 1 0 0 3713.dat
1 7 40 40 -40 0 0 1 0 1 0 -1 0 0 3713.dat
1 0 30 60 -20 1 0 0 0 1 0 0 0 1 2780.dat
1 7 60 40 -40 0 -1 0 1 0 0 0 0 1 60483.dat
1 7 -60 40 -40 0 -1 0 1 0 0 0 0 1 60483.dat
1 8 40 60 -60 0 1 0 -1 0 0 0 0 1 32316.dat
1 8 40 60 20 0 1 0 -1 0 0 0 0 1 32523.dat
0 STEP
1 19 50 60 40 1 0 0 0 1 0 0 0 1 3749.dat
1 0 70 60 -40 1 0 0 0 1 0 0 0 1 75535.dat
1 8 90 60 -40 1 0 0 0 1 0 0 0 1 32002.dat
0 STEP
1 7 60 60 -100 0 0 -1 0 1 0 1 0 0 4019.dat
1 7 60 60 40 0 0 -1 0 1 0 1 0 0 4019.dat
0 STEP
1 5 60 60 -30 1 0 0 0 1 0 0 0 1 Tread.ldr
1 5 -60 60 -30 1 0 0 0 1 0 0 0 1 Tread.ldr
0 STEP
1 14 -95 60 -100 0 1 0 -1 0 0 0 0 1 32065.dat
1 8 -90 60 -140 -1 0 0 0 1 0 0 0 -1 32002.dat
1 7 40 0 -60 0 1 0 0.980785 0 -0.19509 -0.19509 0 -0.980785 2825.dat
1 7 -40 0 -60 0 -1 0 -0.980785 0 -0.19509 0.19509 0 -0.980785 2825.dat
0 STEP
1 19 -50 -11.705 -118.847 1 0 0 0 0.980785 0.19509 0 -0.19509 0.980785 3749.dat
1 19 50 -11.705 -118.847 -1 0 0 0 0.980785 -0.19509 0 -0.19509 -0.980785 3749.dat
1 7 -80 60 -160 0 -1 0 1 0 0 0 0 1 60483.dat
1 0 0 60 -160 -1 0 0 0 0 1 0 1 0 3737.dat
0 STEP
1 14 -60 60 -160 1 0 0 0 -0.275637 0.961262 0 -0.961262 -0.275637 32013.dat
1 0 -40 60 -160 -1 0 0 0 1 0 0 0 -1 32291.dat
1 7 -10 40 -160 -1 0 0 0 -1 0 0 0 1 42003.dat
1 7 10 40 -160 -1 0 0 0 -1 0 0 0 1 42003.dat
1 14 -25 60 -160 0 0 1 1 0 0 0 1 0 4265C.dat
1 14 25 60 -160 0 0 1 1 0 0 0 1 0 4265C.dat
1 0 40 60 -160 -1 0 0 0 1 0 0 0 -1 32291.dat
1 14 60 60 -160 1 0 0 0 -0.275637 0.961262 0 -0.961262 -0.275637 32013.dat
1 7 80 60 -160 0 -1 0 1 0 0 0 0 1 60483.dat
0 STEP
1 14 -60 -16.901 -137.949 0 0 -1 -0.961262 0.275637 0 0.275637 0.961262 0 6536.dat
1 14 60 -16.901 -137.949 0 0 -1 -0.961262 0.275637 0 0.275637 0.961262 0 6536.dat
1 8 90 60 -140 1 0 0 0 1 0 0 0 1 32002.dat
0 STEP
1 14 95 60 -100 0 1 0 -1 0 0 0 0 1 32065.dat
1 7 60 2.324 -143.462 0 1 0 -0.961262 0 0.275637 0.275637 0 0.961262 32073.dat
1 7 -60 2.324 -143.462 0 1 0 -0.961262 0 0.275637 0.275637 0 0.961262 32073.dat
0 STEP
1 14 60 -45.739 -129.68 1 0 0 0 -0.275637 0.961262 0 -0.961262 -0.275637 6538B.dat
1 14 -60 -45.739 -129.68 1 0 0 0 -0.275637 0.961262 0 -0.961262 -0.275637 6538B.dat
1 1 10 20 -170 0 -1 0 0 0 1 -1 0 0 4274.dat
1 1 -10 20 -170 0 -1 0 0 0 1 -1 0 0 4274.dat
1 1 10 40 -170 0 -1 0 0 0 1 -1 0 0 4274.dat
1 1 -10 40 -170 0 -1 0 0 0 1 -1 0 0 4274.dat
1 1 30 80 -170 0 -1 0 0 0 1 -1 0 0 4274.dat
1 1 50 80 -170 0 -1 0 0 0 1 -1 0 0 4274.dat
1 1 -50 80 -170 0 -1 0 0 0 1 -1 0 0 4274.dat
1 1 -30 80 -170 0 -1 0 0 0 1 -1 0 0 4274.dat
0 STEP
1 8 0 30 -177.5 -1 0 0 0 0 1 0 1 0 3020.dat
1 8 0 70 -177.5 -1 0 0 0 0 1 0 1 0 3832.dat
0 STEP
1 8 0 30 -185.5 0 0 -1 -1 0 0 0 1 0 3020.dat
1 8 -60 30 -185.5 0 0 -1 -1 0 0 0 1 0 6179.dat
1 8 60 30 -185.5 0 0 1 1 0 0 0 1 0 6179.dat
0 STEP
1 14 0 80 -201.5 -1 0 0 0 0 1 0 1 0 4865.dat
1 14 60 80 -201.5 -1 0 0 0 0 1 0 1 0 30413.dat
1 14 -60 80 -201.5 -1 0 0 0 0 1 0 1 0 30413.dat
0
0 FILE Tread.ldr
0 Tread
0 Name: Tread.ldr
0 Author: The LEGO Group
0 Official Model, 2009
0 SYNTH BEGIN PLASTIC_TREAD 0
0 SYNTH SYNTHESIZED BEGIN
0 ROTATION CENTER 0 0 0 1 "CUSTOM" 
0 ROTATION CONFIG 0 0
1 0 0 -22.8429 58.4154 1 0 0 0 0.97898 0.203954 0 -0.203954 0.97898 3873.dat
1 0 0 -27.0095 38.4154 1 0 0 0 0.97898 0.203954 0 -0.203954 0.97898 3873.dat
1 0 0 -31.1762 18.4154 1 0 0 0 0.97898 0.203954 0 -0.203954 0.97898 3873.dat
1 0 0 -19.5796 74.0791 1 0 0 0 0.793538 0.60852 0 -0.60852 0.793538 3873.dat
1 0 0 -9.01853 87.8512 1 0 0 0 0.019003 0.999819 0 -0.999819 0.019003 3873.dat
1 0 0 8.33369 88.181 1 0 0 0 -0.769842 0.638234 0 -0.638234 -0.769842 3873.dat
0 MLCAD HIDE 1 0 0 19.4105 74.8201 1 0 0 0 -0.97898 -0.203954 0 0.203954 -0.97898 3873.dat
1 0 0 -32.5 -6 1 0 0 0 1 0 0 0 1 3873.dat
1 0 0 -28.8163 -29.7428 1 0 0 0 0.97898 -0.203954 0 0.203954 0.97898 3873.dat
1 0 0 -24.6497 -49.7428 1 0 0 0 0.97898 -0.203954 0 0.203954 0.97898 3873.dat
1 0 0 -20.483 -69.7428 1 0 0 0 0.97898 -0.203954 0 0.203954 0.97898 3873.dat
1 0 0 20 -54 1 0 0 0 -1 0 0 0 -1 3873.dat
1 0 0 20 -36.5 1 0 0 0 -1 0 0 0 -1 3873.dat
1 0 0 20 -19 1 0 0 0 -1 0 0 0 -1 3873.dat
1 0 0 20 -1.5 1 0 0 0 -1 0 0 0 -1 3873.dat
1 0 0 20 16 1 0 0 0 -1 0 0 0 -1 3873.dat
1 0 0 20 33.5 1 0 0 0 -1 0 0 0 -1 3873.dat
1 0 0 20 51 1 0 0 0 -1 0 0 0 -1 3873.dat
1 0 0 20 68.5 1 0 0 0 -1 0 0 0 -1 3873.dat
1 0 0 20 -70 1 0 0 0 -0.900969 -0.433884 0 0.433884 -0.900969 3873.dat
1 0 0 12.4698 -85.6366 1 0 0 0 -0.222521 -0.974928 0 0.974928 -0.222521 3873.dat
1 0 0 -4.45042 -89.4986 1 0 0 0 0.62349 -0.781831 0 0.781831 0.62349 3873.dat
0 MLCAD HIDE 1 0 0 -18.0194 -78.6777 1 0 0 0 1 0 0 0 1 3873.dat
0 SYNTH SYNTHESIZED END
0 SYNTH END
0 
0 
0 
0 
0 
0 
0 
0 
0 
0 
0
0
