0 Name: 8414_B.ldr
0 Author: marco
1 0 -109.997 -121.719 -159.652 -1 0 0 0 -0.7143 -0.69984 0 -0.69984 0.7143 32013.dat
1 0 -109.997 -72.73 -209.653 0 -1 0 -0.699838 0 -0.714301 0.714301 0 -0.699839 3706.dat
1 0 -109.997 -23.7413 -259.654 -1 0 0 0 0.714299 0.69984 0 0.69984 -0.714299 32013.dat
1 0 -289.998 -121.025 -158.927 -1 0 0 0 0.663672 0.748024 0 0.748024 -0.663672 3707.dat
1 4 -199.998 -121.025 -158.927 0 0 1 0.663674 -0.748022 0 0.748022 0.663674 0 2853.dat
1 7 -179.997 -121.025 -158.927 0 0 1 0.663674 -0.748022 0 0.748022 0.663674 0 2854.dat
1 4 -159.998 -121.359 -159.302 0 0 -1 -0.66367 -0.748026 0 -0.748026 0.66367 0 2853.dat
1 0 -69.997 -121.719 -159.652 -1 0 0 0 0.663672 0.748024 0 0.748024 -0.663672 3707.dat
1 7 -89.997 -121.719 -159.652 0 0 1 -0.663668 0.748028 0 -0.748027 -0.663668 0 4019.dat
1 7 -269.998 -121.025 -158.927 0 0 1 0.748023 0.663673 0 -0.663673 0.748023 0 3713.dat
1 7 -49.997 -121.719 -159.652 0 0 1 -0.663671 0.748024 0 -0.748024 -0.663671 0 3713.dat
1 7 -309.998 -121.025 -158.927 0 0 -1 0.663673 0.748023 0 0.748023 -0.663673 0 3713.dat
1 0 -249.998 -121.025 -158.927 -1 0 0 0 -0.714303 -0.699836 0 -0.699836 0.714303 32013.dat
1 0 -249.997 -72.0365 -208.928 0 -1 0 -0.699835 0 -0.714305 0.714305 0 -0.699835 3706.dat
1 0 -250 -23.7385 -259.653 -1 0 0 0 0.714303 0.699836 0 0.699836 -0.714303 32013.dat
1 7 -149.998 -22.884 -259.309 0 0 -1 0.0078416 1 0 1 -0.0078416 0 3713.dat
1 0 -119.998 -22.884 -259.309 -1 0 0 0 -0.00784155 -1 0 -1 0.00784155 3707.dat
1 7 -199.995 -23.027 -258.955 0 0 1 -0.0078416 1 0 -1 -0.0078416 0 6538b.dat
1 7 -161.995 -23.027 -258.955 0 0 -1 0.0078416 1 0 1 -0.0078416 0 6589.dat
1 0 -259.499 -23.381 -259.304 -1 0 0 0 1 -0.00784288 0 -0.00784288 -1 3706.dat
1 7 -89.995 -23.027 -258.955 0 0 1 -0.00784162 1 0 -1 -0.00784162 0 4019.dat
1 7 -269.998 -22.883 -259.308 0 0 1 0.0078464 1 0 -1 0.0078464 0 3713.dat
1 0 -229.998 -40.882 -259.304 0 0 1 0 1 0 -1 0 0 4275a.dat
1 14 -229.998 -32.882 -159.304 0 0 1 0 1 0 -1 0 0 3895.dat
1 0 -229.997 -40.882 -129.304 0 0 1 0 1 0 -1 0 0 3623.dat
1 0 -229.995 -48.882 -139.304 0 0 1 0 1 0 -1 0 0 3023.dat
1 0 -229.996 -72.882 -179.304 0 0 1 0 1 0 -1 0 0 2744.dat
1 0 -144.997 -23.882 -79.303 0 1 0 1 0 0 0 0 -1 6632.dat
1 7 -179.997 -22.882 -119.303 0 0 -1 0 1 0 1 0 0 32034.dat
1 0 -214.996 -22.882 -79.304 0 1 0 1 0 0 0 0 -1 6632.dat
1 7 -179.996 -32.882 -169.304 -1 0 0 0 1 0 0 0 -1 3700.dat
1 0 -179.996 -8.882 -169.304 -1 0 0 0 1 0 0 0 -1 3460.dat
1 0 -219.996 -48.882 -169.304 -1 0 0 0 1 0 0 0 -1 3023.dat
1 0 -179.996 -40.882 -169.304 -1 0 0 0 1 0 0 0 -1 3460.dat
1 0 -139.996 -48.882 -169.303 -1 0 0 0 1 0 0 0 -1 3023.dat
1 0 -129.997 -72.882 -179.303 0 0 1 0 1 0 -1 0 0 2744.dat
1 0 -129.997 -40.882 -259.303 0 0 1 0 1 0 -1 0 0 4275a.dat
1 14 -129.996 -32.882 -159.304 0 0 1 0 1 0 -1 0 0 3895.dat
1 0 -129.997 -48.882 -139.303 0 0 1 0 1 0 -1 0 0 3023.dat
1 0 -129.996 -40.882 -129.304 0 0 1 0 1 0 -1 0 0 3623.dat
1 14 -179.996 -8.882 -229.304 -1 0 0 0 1 0 0 0 -1 3666.dat
1 7 -179.997 -32.881 -229.304 -1 0 0 0 1 0 0 0 -1 3701.dat
1 0 -149.997 -40.882 -229.304 1 0 0 0 1 0 0 0 1 3623.dat
1 0 -209.997 -40.882 -229.304 1 0 0 0 1 0 0 0 1 3623.dat
1 0 -229.996 -62.882 -199.304 1 0 0 0 0.367362 0.930078 0 -0.930078 0.367362 6558.dat
1 0 -209.996 -142.882 -209.304 0 0 -1 -1 0 0 0 1 0 32018.dat
1 7 -219.996 -263.198 -199.768 -1 0 0 0 -0.846482 0.532417 0 0.532417 0.846482 3749.dat
1 14 -224.996 -242.085 -164.945 0 1 0 0.532423 0 0.846478 0.846478 0 -0.532423 2905.dat
1 14 -234.996 -242.085 -164.945 0 1 0 0.532423 0 0.846478 0.846478 0 -0.532423 2905.dat
1 8 -220.002 -220.892 -130.801 1 0 0 0 -0.846483 -0.532416 0 0.532416 -0.846483 6587.dat
1 0 -215.001 -241.766 -164.926 0 1 0 -0.846476 0 0.532427 0.532427 0 0.846476 6632.dat
1 14 -250 -184.287 -297.381 0 1 0 -0.99776 0 -0.0668981 -0.0668981 0 0.99776 6629.dat
1 7 -240 -241.278 -164.897 -1 0 0 0 -0.545207 -0.838301 0 -0.838301 0.545207 3749.dat
1 0 -242 -184.287 -297.381 -1 0 0 0 0.997766 0.0668117 0 0.0668117 -0.997766 3705.dat
1 7 -265 -181.608 -337.291 0 1 0 -0.997754 0 -0.066979 -0.066979 0 0.997754 6632.dat
1 0 -242 -181.608 -337.291 -1 0 0 0 0.997766 0.0668117 0 0.0668117 -0.997766 3705.dat
1 7 -215 -181.608 -337.291 0 1 0 -0.997754 0 -0.066979 -0.066979 0 0.997754 6632.dat
1 0 -199.997 -127.662 -166.407 -1 0 0 0 0.357777 0.933807 0 0.933807 -0.357777 32013.dat
1 0 -199.998 -174.686 -148.893 0 0 -1 -0.933807 0.357778 0 0.357777 0.933807 0 3705.dat
1 0 -199.998 -221.215 -130.583 1 0 0 0 0.354719 -0.934973 0 0.934973 0.354719 32013.dat
1 0 -240 -207.744 -186.702 -1 0 0 0 0.994826 0.101597 0 0.101597 -0.994826 2780.dat
1 8 -220.002 -231.541 -147.73 1 0 0 0 -0.846484 -0.532415 0 0.532415 -0.846484 32002.dat
1 7 -229 -204.287 -297.032 0 0 1 -0.0174514 1 0 -1 -0.0174514 0 6536.dat
1 8 -229 -204.269 -296.032 0 0 1 0.0174637 -1 0 1 0.0174637 0 6587.dat
1 7 -229.5 -204.443 -277.566 0 0 -1 -0.0174534 -1 0 -1 0.0174534 0 6536.dat
1 14 -229.5 -205.473 -336.566 0 1 0 1 0 -0.0174516 -0.0174516 0 -1 32014.dat
1 7 -240 -224.434 -276.717 -1 0 0 0 1 -0.0174516 0 -0.0174516 -1 3673.dat
1 0 -250.499 -240.282 -223.555 0 0 -1 0.957543 0.28829 0 0.28829 -0.957543 0 731.dat
1 7 -250.003 -251.24 -182.074 0 0 1 -0.957543 0.28829 0 -0.28829 -0.957543 0 4255.dat
1 0 -240.002 -252.838 -181.59 -1 0 0 0 1 -0.0174516 0 -0.0174516 -1 2780.dat
1 0 -180.497 -43.382 -198.804 1 0 0 0 1 0 0 0 1 6536.dat
1 0 -179.497 -43.382 -198.804 -1 0 0 0 1 0 0 0 -1 3705.dat
1 0 -150.497 -143.382 -208.803 0 0 -1 -1 0 0 0 1 0 32018.dat
1 0 -129.997 -62.882 -199.303 -1 0 0 0 0.367177 0.930151 0 0.930151 -0.367177 6558.dat
1 7 -120.001 -238.557 -168.588 1 0 0 0 -0.642297 0.766456 0 -0.766456 -0.642297 3749.dat
1 14 -110.001 -192.93 -305.425 0 1 0 -1 0 0.0174465 0.0174465 0 1 6629.dat
1 0 -116.001 -192.93 -305.425 -1 0 0 0 1 0 0 0 -1 3705.dat
1 7 -95.001 -192.117 -345.03 0 1 0 -1 0 0 0 0 1 6632.dat
1 0 -116.001 -192.117 -345.021 -1 0 0 0 1 0 0 0 -1 3705.dat
1 7 -145.001 -192.117 -345.03 0 1 0 -1 0 0 0 0 1 6632.dat
1 8 -140 -213.083 -137.102 -1 0 0 0 -0.777554 0.628816 0 0.628816 0.777554 6587.dat
1 0 -145 -238.236 -168.204 0 1 0 -0.777554 0 0.628816 0.628816 0 0.777554 6632.dat
1 14 -135 -238.236 -168.204 0 1 0 0.628815 0 0.777555 0.777555 0 -0.628815 2905.dat
1 7 -139.997 -262.882 -199.304 1 0 0 0 -0.777554 -0.628816 0 0.628816 -0.777554 3749.dat
1 14 -124.997 -238.229 -167.702 0 1 0 0.628815 0 0.777555 0.777555 0 -0.628815 2905.dat
1 8 -140 -225.66 -152.653 -1 0 0 0 -0.777554 0.628816 0 0.628816 0.777554 32002.dat
1 0 -120 -250.812 -183.755 -1 0 0 0 1 0 0 0 -1 2780.dat
1 0 -110.002 -242.227 -230.473 0 0 -1 0.983529 0.180752 0 0.180752 -0.983529 0 731.dat
1 7 -110.001 -250.812 -183.755 0 0 1 -0.983529 0.180752 0 -0.180752 -0.983529 0 4255.dat
1 7 -120.002 -232.286 -284.567 -1 0 0 0 1 0 0 0 -1 3673.dat
1 7 -129.001 -212.117 -305.03 0 0 1 0 1 0 -1 0 0 6536.dat
1 8 -129.001 -212.116 -304.021 0 0 1 0 -1 0 1 0 0 6587.dat
1 7 -130.002 -212.285 -284.567 0 0 -1 0 -1 0 -1 0 0 6536.dat
1 14 -129.5 -212.616 -344.521 0 -1 0 -1 0 0 0 0 -1 32014.dat
1 0 -120 -207.134 -193.357 -1 0 0 0 1 0 0 0 -1 2780.dat
1 0 -159.997 -114.723 -151.822 -1 0 0 0 0.147189 0.989108 0 0.989108 -0.147189 32013.dat
1 0 -159.997 -164.179 -144.463 0 0 -1 -0.989108 0.14719 0 0.14719 0.989108 0 3705.dat
1 0 -159.997 -213.561 -136.609 1 0 0 0 0.147181 -0.98911 0 0.98911 0.147181 32013.dat
1 0 -129.996 -22.882 -199.304 -1 0 0 0 0.367179 0.93015 0 0.93015 -0.367179 6558.dat
1 7 -179.997 -272.882 -185.304 -1 0 0 0 0 1 0 1 0 3710.dat
1 7 -179.997 -283.382 -176.804 -1 0 0 0 0 1 0 1 0 3709b.dat
1 14 -179.999 -293.382 -184.804 -1 0 0 0 0 1 0 1 0 3666.dat
1 7 -179.999 -293.382 -208.804 -1 0 0 0 0 1 0 1 0 3701.dat
1 0 -129.999 -293.382 -208.804 -1 0 0 0 0 1 0 1 0 6541.dat
1 0 -229.999 -293.382 -208.804 -1 0 0 0 0 1 0 1 0 6541.dat
1 0 -179.999 -283.382 -168.804 0 0 -1 -1 0 0 0 1 0 2817.dat
1 14 -179.999 -273.382 -216.804 1 0 0 0 0 -1 0 1 0 2419.dat
1 0 -179.996 -293.382 -224.804 -1 0 0 0 0 1 0 1 0 2412b.dat
1 0 -179.996 -273.382 -224.804 -1 0 0 0 0 1 0 1 0 2412b.dat
1 8 -159.999 -303.382 -198.804 0 -0.2258 0.974174 -1 0 0 0 -0.974174 -0.2258 32002.dat
1 7 -179.999 -308.382 -198.804 -1 0 0 0 -1 0 0 0 1 2905.dat
1 8 -199.999 -303.382 -198.804 0 0.121593 0.99258 -1 0 0 0 -0.99258 0.121593 32002.dat
1 0 -191.269 -421.382 -228.391 -0.986955 0 -0.160997 0 1 0 0.160997 0 -0.986955 2412b.dat
1 0 -179.999 -413.382 -159.304 -0.986955 0 -0.160997 0 1 0 0.160997 0 -0.986955 3022.dat
1 7 -186.439 -405.382 -198.782 -0.160997 0 0.986955 0 1 0 -0.986955 0 -0.160997 3709b.dat
1 7 -179.999 -397.382 -159.304 -0.986955 0 -0.160997 0 1 0 0.160997 0 -0.986955 6143.dat
1 0 -183.219 -373.382 -179.043 -0.160997 0 0.986955 0 1 0 -0.986955 0 -0.160997 3709b.dat
1 7 -178.389 -405.382 -149.434 -0.986955 0 -0.160997 0 1 0 0.160997 0 -0.986955 3023.dat
1 0 -179.999 -313.382 -158.804 0 -0.160999 0.986955 -1 0 0 0 -0.986955 -0.160999 3707.dat
1 0 -179.999 -243.382 -158.804 0 0.161 -0.986955 -1 0 0 0 0.986955 0.161 6536.dat
1 7 -179.999 -343.382 -158.804 -0.9876 -0.156989 0 0 0 -1 0.156989 -0.9876 0 3647.dat
1 7 -179.999 -260.382 -158.804 0.160999 0.986955 0 0 0 1 0.986955 -0.160999 0 6589.dat
1 7 -179.999 -360.382 -158.804 0.160999 0.986955 0 0 0 1 0.986955 -0.160999 0 6589.dat
1 7 -179.999 -323.382 -158.804 -0.160998 0.986955 0 0 0 -1 -0.986955 -0.160998 0 3713.dat
1 0 -197.919 -397.382 -207.042 0.986955 0 0.160997 0 1 0 -0.160997 0 0.986955 3665.dat
1 0 -178.179 -397.382 -210.262 0.986955 0 0.160997 0 1 0 -0.160997 0 0.986955 3665.dat
1 14 -217.658 -413.382 -203.822 -0.160997 0 0.986955 0 1 0 -0.986955 0 -0.160997 2450.dat
1 14 -158.44 -413.382 -213.481 0.986955 0 0.160997 0 1 0 -0.160997 0 0.986955 2450.dat
1 0 -175.876 -243.382 -140.235 -0.9876 0 -0.15699 0 1 0 0.15699 0 -0.9876 4519.dat
1 7 -146.66 -242.882 -144.371 -0.15699 0 0.9876 0 1 0 -0.9876 0 -0.15699 6538b.dat
1 7 -205.923 -242.882 -134.997 -0.153952 0 0.988078 0 1 0 -0.988078 0 -0.153952 6538b.dat
1 7 -179.889 -22.893 -149.304 -0.976831 0.214013 0 0.214013 0.976831 0 0 0 -1 3648b.dat
1 0 -179.997 -22.882 -169.304 0 0.214013 -0.976831 0 0.976831 0.214013 1 0 0 3707.dat
1 7 -179.997 -22.882 -242.304 -0.976831 0.214013 0 0.214013 0.976831 0 0 0 -1 6589.dat
1 0 -229.997 -22.882 -199.304 1 0 0 0 0.36736 0.930079 0 -0.930079 0.36736 6558.dat
1 0 -229.998 -66.3229 -296.321 0 0 -1 0.93358 0.358368 0 0.358368 -0.93358 0 4531.dat
1 14 -179.998 -60.5904 -311.258 -1 0 0 0 0.358368 -0.93358 0 -0.93358 -0.358368 32001.dat
1 0 -129.998 -66.3233 -296.321 0 0 -1 0.93358 0.358368 0 0.358368 -0.93358 0 4531.dat
1 7 -219.996 -22.882 -99.304 1 0 0 0 1 0 0 0 1 4274.dat
1 7 -139.996 -22.882 -99.304 -1 0 0 0 1 0 0 0 -1 4274.dat
1 0 -99.996 -22.882 -59.304 -1 0 0 0 0 1 0 1 0 3737.dat
1 7 -149.997 -22.881 -59.304 0 0 -1 0 1 0 1 0 0 3713.dat
1 7 -89.997 -22.881 -59.304 0 0 -1 0 1 0 1 0 0 3713.dat
1 7 -49.997 -22.881 -59.304 0 0 1 0 1 0 -1 0 0 3713.dat
1 7 -109.997 -58.0182 -80.8765 0 0 -1 0.699861 0.714279 0 0.714279 -0.699861 0 3894.dat
1 14 -179.997 -64.2332 -74.7771 -1 0 0 0 0.714279 -0.699861 0 -0.699861 -0.714279 3738.dat
1 7 -249.998 -58.2201 -81.169 0 0 -1 0.694029 0.719948 0 0.719948 -0.694029 0 3894.dat
1 7 -179.999 -98.159 -42.033 0 0 1 -0.699861 0.714279 0 -0.714279 -0.699861 0 2850.dat
1 7 -159.999 -65.591 -45.9438 1 0 0 0 -0.714281 -0.699859 0 0.699859 -0.714281 3749.dat
1 7 -153.999 -93.5858 -74.5138 0 1 0 -0.71427 0 0.699871 0.699871 0 0.71427 6632.dat
1 7 -159.999 -93.585 -74.515 1 0 0 0 -0.714281 -0.699859 0 0.699859 -0.714281 3749.dat
1 7 -199.999 -65.591 -45.9438 -1 0 0 0 -0.699861 -0.714279 0 -0.714279 0.699861 3749.dat
1 7 -204.999 -93.5858 -74.5138 0 1 0 -0.71427 0 0.699871 0.699871 0 0.71427 6632.dat
1 7 -199.999 -93.585 -74.515 -1 0 0 0 -0.699861 -0.714279 0 -0.714279 0.699861 3749.dat
1 7 -129.999 -51.732 -87.524 0 -1 0 -0.714279 0 -0.699861 0.699861 0 -0.714279 2825.dat
1 7 -119.997 -51.3762 -87.3746 -1 0 0 0 -0.714279 0.699861 0 0.699861 0.714279 3749.dat
1 7 -154.999 -93.724 -130.381 0 1 0 -0.699862 0 -0.714278 -0.714278 0 0.699862 6632.dat
1 7 -160.999 -122.295 -102.387 1 0 0 0 0.706649 -0.707565 0 0.707565 0.706649 3749.dat
1 0 -124.997 -93.7246 -131.081 0 -1 0 0.714279 0 0.699861 -0.699861 0 0.714279 32017.dat
1 7 -239.998 -51.0185 -88.1093 1 0 0 0 -0.706652 -0.707561 0 0.707561 -0.706652 3749.dat
1 7 -229.996 -50.782 -88.449 0 1 0 0.706648 0 -0.707565 -0.707565 0 -0.706648 2825.dat
1 7 -204.997 -93.408 -130.68 0 1 0 -0.707562 0 -0.706651 -0.706651 0 0.707562 6632.dat
1 7 -199.997 -121.674 -102.378 -1 0 0 0 -0.706652 0.707561 0 0.707561 0.706652 3749.dat
1 0 -234.998 -92.723 -130.661 0 -1 0 0.70666 0 0.707553 -0.707553 0 0.70666 32017.dat
1 0 -239.998 -78.7797 -116.907 -1 0 0 0 -0.706652 0.707561 0 0.707561 0.706652 2780.dat
1 7 -209.997 -22.882 -59.302 0 0 1 0.00406145 1 0 -1 0.00406145 0 3713.dat
1 0 -279.997 -22.882 -59.302 -1 0 0 0 0.00406141 -1 0 -1 -0.00406141 3707.dat
1 7 -269.997 -22.882 -59.302 0 0 1 0.00406145 1 0 -1 0.00406145 0 3713.dat
1 7 -309.997 -22.882 -59.302 0 0 -1 -0.00406148 1 0 1 0.00406148 0 3713.dat
1 14 -289.997 -22.882 -59.302 0 0 1 0 1 0 -1 0 0 32007.dat
1 0 -239.998 -64.8991 -102.508 -1 0 0 0 -0.108237 0.994125 0 0.994125 0.108237 2780.dat
1 0 -119.999 -65.7292 -101.81 -1 0 0 0 -0.714279 0.699861 0 0.699861 0.714279 2780.dat
1 0 -119.999 -79.7264 -116.095 -1 0 0 0 -0.714279 0.699861 0 0.699861 0.714279 2780.dat
1 14 -69.997 -22.881 -59.304 0 0 -1 0 1 0 1 0 0 32007.dat
1 14 -69.995 -23.027 -258.955 0 0 -1 0 1 0 1 0 0 32007.dat
1 14 -289.998 -22.883 -259.308 0 0 1 0 1 0 -1 0 0 32007.dat
1 14 -69.997 -121.719 -159.652 0 0 -1 0 1 0 1 0 0 32007.dat
1 14 -289.998 -121.025 -158.927 0 0 1 0 1 0 -1 0 0 32007.dat
1 7 -250.723 -417.382 -158.406 0 -0.160998 -0.986955 1 0 0 0 -0.986955 0.160998 3749.dat
1 7 -112.657 -417.382 -180.928 0 -0.160998 -0.986955 1 0 0 0 -0.986955 0.160998 3749.dat
1 7 -178.711 -436.382 -151.408 -0.986955 -0.160997 0 0 0 -1 0.160997 -0.986955 0 3647.dat
1 0 -178.711 -481.382 -151.408 0 -0.986955 -0.160997 -1 0 0 0 0.160997 -0.986955 3706.dat
1 7 -178.711 -531.382 -151.408 -0.160997 -0.986955 0 0 0 1 -0.986955 0.160997 0 3713.dat
1 7 -134.997 -121.719 -159.652 0 0 1 0.663684 -0.748013 0 0.748013 0.663684 0 4265a.dat
1 7 -223.998 -121.025 -158.927 0 0 -1 0.663684 0.748013 0 0.748013 -0.663684 0 4265a.dat
1 7 -214.997 -93.408 -130.68 0 0 -1 0.707577 0.706636 0 0.706636 -0.707577 0 4265a.dat
1 7 -144.999 -93.724 -130.381 0 0 1 0.699877 -0.714263 0 0.714263 0.699877 0 4265a.dat
1 7 -195.497 -43.382 -198.803 0 0 -1 0 -1 0 -1 0 0 4265a.dat
1 7 -165.497 -43.382 -198.803 0 0 1 0 1 0 -1 0 0 4265a.dat
1 7 -179.997 -22.882 -214.304 -0.976831 0.214013 0 0.214013 0.976831 0 0 0 -1 4265a.dat
1 7 -179.997 -22.882 -184.304 -0.976831 -0.214013 0 0.214013 -0.976831 0 0 0 1 4265a.dat
1 0 -219.997 -93.408 -130.68 -1 0 0 0 -0.706652 0.707561 0 0.707561 0.706652 32062.dat
1 0 -139.998 -93.037 -130.357 -1 0 0 0 -0.714279 0.699861 0 0.699861 0.714279 32062.dat
1 0 -139.997 -23.882 -119.303 -1 0 0 0 1 0 0 0 -1 32062.dat
1 0 -219.997 -22.882 -119.303 -1 0 0 0 1 0 0 0 -1 32062.dat
1 7 -49.995 -23.027 -258.955 0 0 -1 1 -0.00784131 0 -0.00784107 -1 0 3713.dat
1 7 -309.998 -22.883 -259.308 0 0 1 0.0078464 1 0 -1 0.0078464 0 3713.dat
1 7 -337.998 -121.025 -158.927 0 0 -1 0.663673 0.748023 0 0.748023 -0.663673 0 3713.dat
1 7 -337.997 -22.882 -59.302 0 0 -1 -0.00406148 1 0 1 0.00406148 0 3713.dat
1 7 -20.997 -121.719 -159.652 0 0 1 -0.663671 0.748024 0 -0.748024 -0.663671 0 3713.dat
1 7 -20.997 -22.881 -59.304 0 0 1 0 1 0 -1 0 0 3713.dat
1 0 -31.997 -71.755 -109.417 0 -1 0 -0.6982 0 0.715902 -0.715902 0 -0.6982 4442.dat
1 0 -327.998 -72.151 -108.814 0 1 0 0.6982 0 0.715902 0.715902 0 -0.6982 4442.dat
1 7 -257.163 -413.382 -197.884 0.986955 0 0.160997 0 1 0 -0.160997 0 0.986954 4261.dat
1 7 -119.097 -413.382 -220.406 0.986955 0 0.160997 0 1 0 -0.160997 0 0.986954 4261.dat
1 0 -181.609 -421.382 -169.174 0.986955 0 0.160997 0 1 0 -0.160997 0 0.986955 2792.dat
1 7 -181.744 -435.382 -169.658 0.986955 0 0.160998 0 1 0 -0.160998 0 0.986955 2790a.dat
1 7 -181.609 -435.382 -169.173 0.986955 -0.160997 0 0 0 1 -0.160997 -0.986955 0 2791a.dat
1 256 -69 -24 -260 0 0 -1 0 1 0 1 0 0 681.dat
1 256 -69 -26.27 -258.518 0 0 1 -0.688355 -0.725374 0 0.725374 -0.688355 0 681.dat
1 256 -69 -24 -60 0 0 -1 -0.700909 -0.71325 0 -0.71325 0.700909 0 681.dat
1 256 -69 -24 -60 0 0 1 0 1 0 -1 0 0 681.dat
1 256 -69 -24 -180 0 0 -1 0 1 0 1 0 0 680.dat
1 256 -69 -24 -160 0 0 -1 0 1 0 1 0 0 680.dat
1 256 -69 -24 -140 0 0 -1 0 1 0 1 0 0 680.dat
1 256 -69 -24 -120 0 0 -1 0 1 0 1 0 0 680.dat
1 256 -69 -108.109 -145.59 0 0 1 0.700909 -0.71325 0 0.71325 0.700909 0 680.dat
1 256 -69 -53.804 -229.503 0 0 1 -0.688355 -0.725374 0 0.725374 -0.688355 0 680.dat
1 256 -69 -40.036 -244.009 0 0 1 -0.688355 -0.725374 0 0.725374 -0.688355 0 680.dat
1 256 -69 -67.572 -214.996 0 0 1 -0.688355 -0.725374 0 0.725374 -0.688355 0 680.dat
1 256 -69 -81.343 -200.487 0 0 1 -0.688355 -0.725374 0 0.725374 -0.688355 0 680.dat
1 256 -69 -94.219 -187.221 0 0 1 -0.694658 -0.71934 0 0.71934 -0.694658 0 680.dat
1 256 -69 -108.116 -172.833 0 0 1 -0.694658 -0.71934 0 0.71934 -0.694658 0 680.dat
1 256 -69 -38.018 -74.264 0 0 1 0.700909 -0.71325 0 0.71325 0.700909 0 680.dat
1 256 -69 -52.03 -88.529 0 0 1 0.700909 -0.71325 0 0.71325 0.700909 0 680.dat
1 256 -69 -66.055 -102.792 0 0 1 0.700909 -0.71325 0 0.71325 0.700909 0 680.dat
1 256 -69 -80.077 -117.061 0 0 1 0.700909 -0.71325 0 0.71325 0.700909 0 680.dat
1 256 -69 -94.095 -131.328 0 0 1 0.700909 -0.71325 0 0.71325 0.700909 0 680.dat
1 256 -69 -24 -100 0 0 -1 0 1 0 1 0 0 680.dat
1 256 -69 -24 -80 0 0 -1 0 1 0 1 0 0 680.dat
1 256 -69 -24 -200 0 0 -1 0 1 0 1 0 0 680.dat
1 256 -69 -24 -220 0 0 -1 0 1 0 1 0 0 680.dat
1 256 -69 -24 -240 0 0 -1 0 1 0 1 0 0 680.dat
1 256 -69 -24 -260 0 0 -1 0.588 0.809 0 0.809 -0.588 0 682.dat
1 256 -69 -24 -260 0 0 -1 0.951 0.309 0 0.309 -0.951 0 682.dat
1 256 -69 -24 -60 0 0 1 0.588 0.809 0 -0.809 0.588 0 682.dat
1 256 -69 -24 -60 0 0 -1 -0.951 -0.309 0 -0.309 0.951 0 682.dat
1 256 -69 -24 -60 0 0 1 0.951 0.309 0 -0.309 0.951 0 682.dat
1 256 -69 -120.945 -159.924 0 0 -1 0.71325 -0.700909 0 -0.700909 -0.71325 0 681.dat
1 256 -69 -119.445 -157.524 0 0 1 0.681998 -0.731354 0 0.731354 0.681998 0 681.dat
1 256 -69 -120.945 -159.924 0 0 -1 0.309 -0.951 0 -0.951 -0.309 0 682.dat
1 256 -69 -120.945 -159.924 0 0 1 0.309 -0.951 0 0.951 0.309 0 682.dat
1 256 -69 -24 -260 0 0 1 -0.951 -0.309 0 0.309 -0.951 0 682.dat
1 256 -289 -24 -180 0 0 -1 0 1 0 1 0 0 680.dat
1 256 -289 -24 -160 0 0 -1 0 1 0 1 0 0 680.dat
1 256 -289 -24 -140 0 0 -1 0 1 0 1 0 0 680.dat
1 256 -289 -24 -120 0 0 -1 0 1 0 1 0 0 680.dat
1 256 -289 -108.109 -145.59 0 0 1 0.700909 -0.71325 0 0.71325 0.700909 0 680.dat
1 256 -289 -53.804 -229.503 0 0 1 -0.688355 -0.725374 0 0.725374 -0.688355 0 680.dat
1 256 -289 -40.036 -244.009 0 0 1 -0.688355 -0.725374 0 0.725374 -0.688355 0 680.dat
1 256 -289 -67.572 -214.996 0 0 1 -0.688355 -0.725374 0 0.725374 -0.688355 0 680.dat
1 256 -289 -81.343 -200.487 0 0 1 -0.688355 -0.725374 0 0.725374 -0.688355 0 680.dat
1 256 -289 -94.219 -187.221 0 0 1 -0.694658 -0.71934 0 0.71934 -0.694658 0 680.dat
1 256 -289 -108.116 -172.833 0 0 1 -0.694658 -0.71934 0 0.71934 -0.694658 0 680.dat
1 256 -289 -38.018 -74.264 0 0 1 0.700909 -0.71325 0 0.71325 0.700909 0 680.dat
1 256 -289 -52.03 -88.529 0 0 1 0.700909 -0.71325 0 0.71325 0.700909 0 680.dat
1 256 -289 -66.055 -102.792 0 0 1 0.700909 -0.71325 0 0.71325 0.700909 0 680.dat
1 256 -289 -80.077 -117.061 0 0 1 0.700909 -0.71325 0 0.71325 0.700909 0 680.dat
1 256 -289 -94.095 -131.328 0 0 1 0.700909 -0.71325 0 0.71325 0.700909 0 680.dat
1 256 -289 -24 -100 0 0 -1 0 1 0 1 0 0 680.dat
1 256 -289 -24 -80 0 0 -1 0 1 0 1 0 0 680.dat
1 256 -289 -24 -200 0 0 -1 0 1 0 1 0 0 680.dat
1 256 -289 -24 -220 0 0 -1 0 1 0 1 0 0 680.dat
1 256 -289 -24 -240 0 0 -1 0 1 0 1 0 0 680.dat
1 256 -289 -24 -260 0 0 -1 0 1 0 1 0 0 681.dat
1 256 -289 -26.27 -258.518 0 0 1 -0.688355 -0.725374 0 0.725374 -0.688355 0 681.dat
1 256 -289 -24 -60 0 0 -1 -0.700909 -0.71325 0 -0.71325 0.700909 0 681.dat
1 256 -289 -24 -60 0 0 1 0 1 0 -1 0 0 681.dat
1 256 -289 -120.945 -159.924 0 0 -1 0.71325 -0.700909 0 -0.700909 -0.71325 0 681.dat
1 256 -289 -119.445 -157.524 0 0 1 0.681998 -0.731354 0 0.731354 0.681998 0 681.dat
1 256 -289 -24 -260 0 0 -1 0.588 0.809 0 0.809 -0.588 0 682.dat
1 256 -289 -24 -260 0 0 -1 0.951 0.309 0 0.309 -0.951 0 682.dat
1 256 -289 -24 -60 0 0 1 0.588 0.809 0 -0.809 0.588 0 682.dat
1 256 -289 -24 -60 0 0 -1 -0.951 -0.309 0 -0.309 0.951 0 682.dat
1 256 -289 -24 -60 0 0 1 0.951 0.309 0 -0.309 0.951 0 682.dat
1 256 -289 -120.945 -159.924 0 0 -1 0.309 -0.951 0 -0.951 -0.309 0 682.dat
1 256 -289 -120.945 -159.924 0 0 1 0.309 -0.951 0 0.951 0.309 0 682.dat
1 256 -289 -24 -260 0 0 1 -0.951 -0.309 0 0.309 -0.951 0 682.dat
0 Assembly 2
1 14 -179 -90 -268 1 0 0 0 1 0 0 0 1 6580.dat
0 Assembly 2
1 256 -179 -90 -268 1 0 0 0 1 0 0 0 1 6579.dat

0
