0 FILE 8428_8432_B.ldr
0 Main
0 Name: 8428_8432_B.ldr
0 Author: marco
0 Unofficial Model
0 ROTATION CENTER 0 0 0 1 "Custom" 
0 ROTATION CONFIG 0 0
1 7 0 0 0 1 0 0 0 1 0 0 0 1 A.ldr
1 7 0 0 0 1 0 0 0 1 0 0 0 1 B.ldr
1 7 0 0 0 1 0 0 0 1 0 0 0 1 C.ldr
1 7 0 0 0 1 0 0 0 1 0 0 0 1 D.ldr
0
0 FILE D.ldr
0 D
0 ROTATION CENTER 0 0 0 1 "Custom" 
0 ROTATION CONFIG 0 0
1 0 210 6.45604 -67.2613 0 0 1 0.96671 -0.255875 0 0.255875 0.96671 0 3894.dat
1 0 210 4.50857 -57.9498 1 0 0 0 0.96671 -0.255874 0 0.255874 0.96671 6558.dat
1 0 240 4.50858 -57.9498 1 0 0 0 0.96671 -0.255874 0 0.255874 0.96671 75535.dat
1 0 260 4.50858 -57.9498 1 0 0 0 0.96671 -0.255874 0 0.255874 0.96671 2780.dat
1 0 270 24.9786 -135.287 -1 0 0 0 0.96671 0.255875 0 0.255875 -0.96671 32015.dat
1 0 270 14.7436 -96.6181 0 0 1 0.255875 0.96671 0 -0.96671 0.255875 0 4519.dat
1 0 270 4.50866 -57.9498 1 0 0 0 0.966711 -0.255871 0 0.255871 0.966711 32013.dat
1 0 120 76.8932 -276.711 1 0 0 0 0.96671 -0.255874 0 0.255874 0.96671 3460.dat
1 7 120 53.6921 -282.852 1 0 0 0 0.96671 -0.255874 0 0.255874 0.96671 3894.dat
1 0 120 59.0378 -265.92 1 0 0 0 -0.255875 -0.96671 0 0.96671 -0.255875 2905.dat
1 0 79.9999 65.9179 -289.96 0 0 1 0.255875 0.96671 0 -0.96671 0.255875 0 3705.dat
1 7 79.9999 56.9624 -256.125 1 0 0 0 0.96671 -0.255874 0 0.255874 0.96671 32123a.dat
1 0 160 65.9179 -289.96 0 0 1 0.255875 0.96671 0 -0.96671 0.255875 0 3705.dat
1 7 160 56.9624 -256.125 1 0 0 0 0.96671 -0.255874 0 0.255874 0.96671 32123a.dat
1 7 79.9999 68.4767 -299.627 1 0 0 0 0.96671 -0.255874 0 0.255874 0.96671 3713.dat
1 7 160 68.4767 -299.627 1 0 0 0 0.96671 -0.255874 0 0.255874 0.96671 3713.dat
1 0 79.4998 78.2282 -338.424 0 -1 0 -0.966711 0 0.25587 -0.25587 0 -0.966711 32013.dat
1 0 159.5 78.2282 -338.424 0 -1 0 -0.966711 0 0.25587 -0.25587 0 -0.966711 32013.dat
1 0 190 25.5458 -176.514 0 0 -1 -0.255875 0.96671 0 0.96671 0.255875 0 32018.dat
1 0 190 -7.77484 -81.8897 0 0 -1 -0.255875 0.96671 0 0.96671 0.255875 0 3710.dat
1 0 120 -20.626 -64.6024 1 0 0 0 0.96671 -0.255874 0 0.255874 0.96671 3738.dat
1 0 50 -7.77488 -81.8896 0 0 -1 -0.255875 0.96671 0 0.96671 0.255875 0 3710.dat
1 7 50 -7.83231 -112.938 1 0 0 0 0.96671 -0.255874 0 0.255874 0.96671 3024.dat
1 0 50 -64.2971 6.59341 0 0 -1 -0.255875 0.96671 0 0.96671 0.255875 0 32018.dat
1 0 49.9999 25.5458 -176.514 0 0 -1 -0.255875 0.96671 0 0.96671 0.255875 0 32018.dat
1 0 40.0024 62.8759 -280.421 0 1 0 0.966711 0 0.255873 0.255873 0 -0.966711 32069.dat
1 7 59.9999 48.5171 -294.566 1 0 0 0 0.96671 -0.255874 0 0.255874 0.96671 3022.dat
1 7 49.9998 38.2247 -286.946 0 0 1 0.255875 0.96671 0 -0.96671 0.255875 0 2420.dat
1 0 190 -64.2971 6.59334 0 0 -1 -0.255875 0.96671 0 0.96671 0.255875 0 32018.dat
1 7 190 -7.83227 -112.938 1 0 0 0 0.96671 -0.255874 0 0.255874 0.96671 3024.dat
1 0 199.997 62.8759 -280.421 0 -1 0 0.96671 0 -0.255875 0.255875 0 0.96671 32069.dat
1 7 180 48.5172 -294.566 1 0 0 0 0.96671 -0.255874 0 0.255874 0.96671 3022.dat
1 7 190 38.2248 -286.946 -1 0 0 0 0.96671 0.255875 0 0.255875 -0.96671 2420.dat
1 0 120 38.5123 -131.704 1 0 0 0 0.96671 -0.255874 0 0.255874 0.96671 3832.dat
1 0 50.0001 -100.177 110.885 0 0 -1 -0.255875 0.96671 0 0.96671 0.255875 0 3623.dat
1 0 190 -100.176 110.885 0 0 -1 -0.255875 0.96671 0 0.96671 0.255875 0 3623.dat
1 3 190 -51.5607 -72.7903 0 0 -1 -0.255875 0.96671 0 0.96671 0.255875 0 2412b.dat
1 3 50 -51.5607 -72.7903 0 0 -1 -0.255875 0.96671 0 0.96671 0.255875 0 2412b.dat
1 7 120 15.0237 -293.087 1 0 0 0 0.96671 -0.255874 0 0.255874 0.96671 3702.dat
1 0 120 -110.469 118.505 1 0 0 0 0.96671 -0.255874 0 0.255874 0.96671 3738.dat
1 7 80.0001 -118.203 116.458 1 0 0 0 0.96671 -0.255874 0 0.255874 0.96671 3022.dat
1 7 160 -118.203 116.458 1 0 0 0 0.96671 -0.255874 0 0.255874 0.96671 3022.dat
1 7 120 -125.936 114.411 1 0 0 0 0.96671 -0.255874 0 0.255874 0.96671 32001.dat
1 0 50 -87.4981 0.452425 0 0 -1 -0.255875 0.96671 0 0.96671 0.255875 0 32000.dat
1 0 190 -87.4981 0.452359 0 0 -1 -0.255875 0.96671 0 0.96671 0.255875 0 32000.dat
1 7 49.9999 7.28999 -295.134 0 0 1 0.255875 0.96671 0 -0.96671 0.255875 0 2420.dat
1 7 190 7.28991 -295.134 -1 0 0 0 0.96671 0.255875 0 0.255875 -0.96671 2420.dat
1 3 69.9999 -36.0933 -68.6964 0 0 -1 -0.255875 0.96671 0 0.96671 0.255875 0 4531.dat
1 3 90 -36.0933 -68.6964 0 0 -1 -0.255875 0.96671 0 0.96671 0.255875 0 4531.dat
1 3 150 -36.0933 -68.6964 0 0 -1 -0.255875 0.96671 0 0.96671 0.255875 0 4531.dat
1 3 170 -36.0933 -68.6964 0 0 -1 -0.255875 0.96671 0 0.96671 0.255875 0 4531.dat
1 0 120 35.7235 -246.23 1 0 0 0 0.96671 -0.255874 0 0.255874 0.96671 4162.dat
1 0 120 -64.1242 99.7384 1 0 0 0 0.96671 -0.255874 0 0.255874 0.96671 3460.dat
1 0 120 -87.3253 93.5975 1 0 0 0 0.96671 -0.255874 0 0.255874 0.96671 3894.dat
1 0 120 -95.059 91.5505 1 0 0 0 0.96671 -0.255874 0 0.255874 0.96671 3666.dat
1 0 80.0001 -102.793 89.5035 1 0 0 0 0.96671 -0.255874 0 0.255874 0.96671 3710.dat
1 0 160 -102.793 89.5035 1 0 0 0 0.96671 -0.255874 0 0.255874 0.96671 3710.dat
1 0 24.9999 24.6229 -135.898 0 -1 0 -0.255875 0 -0.96671 0.96671 0 -0.255875 6632.dat
1 0 39.9999 -13.6901 -145.522 1 0 0 0 0.96671 -0.255874 0 0.255874 0.96671 32062.dat
1 0 49.9999 -14.1734 -145.649 0 -1 0 -0.255875 0 -0.96671 0.96671 0 -0.255875 2825.dat
1 0 34.9999 -14.0455 -146.133 0 1 0 -0.255875 0 0.96671 0.96671 0 0.255875 32056.dat
1 7 40 -23.925 -106.853 -1 0 0 0 0.96671 0.255875 0 0.255875 -0.96671 43093.dat
1 0 120 24.9784 -135.287 1 0 0 0 0.96671 -0.255874 0 0.255874 0.96671 3708.dat
1 0 205 -14.0454 -146.133 0 1 0 -0.255875 0 0.96671 0.96671 0 0.255875 32056.dat
1 7 200 -23.9249 -106.853 1 0 0 0 0.96671 -0.255874 0 0.255874 0.96671 43093.dat
1 0 200 -13.69 -145.522 1 0 0 0 0.96671 -0.255874 0 0.255874 0.96671 32062.dat
1 0 215 24.623 -135.898 0 -1 0 -0.255875 0 -0.96671 0.96671 0 -0.255875 6632.dat
1 0 190 -14.1734 -145.65 0 1 0 0.255875 0 -0.96671 -0.96671 0 -0.255875 2825.dat
1 3 90 -70.1676 -38.4612 0 0 1 0.990285 0.13905 0 -0.13905 0.990285 0 4275a.dat
1 3 80 -91.0858 -43.6025 1 0 0 0 0.13905 -0.990285 0 0.990285 0.13905 3068b.dat
1 3 50 -99.8763 -34.2897 0 0 1 0.990286 0.13905 0 -0.13905 0.990286 0 2420.dat
1 0 79.9999 -108.667 -24.9769 1 0 0 0 0.13905 -0.990285 0 0.990285 0.13905 3022.dat
1 3 79.9999 -119.682 -31.5087 -1 0 0 0 0.139051 0.990285 0 0.990285 -0.13905 2412b.dat
1 3 110 -99.8763 -34.2897 -1 0 0 0 0.139051 0.990285 0 0.990285 -0.13905 2420.dat
1 0 120 -78.9581 -29.1484 1 0 0 0 0.139052 -0.990285 0 0.990285 0.139052 3666.dat
1 3 70 -70.1676 -38.4612 0 0 1 0.990286 0.139049 0 -0.139049 0.990286 0 4275a.dat
1 3 150 -70.1676 -38.4611 0 0 1 0.990285 0.139052 0 -0.139052 0.990285 0 4275a.dat
1 3 160 -91.0858 -43.6023 1 0 0 0 0.139054 -0.990285 0 0.990285 0.139054 3068b.dat
1 3 190 -99.8763 -34.2894 -1 0 0 0 0.139054 0.990285 0 0.990285 -0.139053 2420.dat
1 0 160 -108.667 -24.9766 1 0 0 0 0.139053 -0.990285 0 0.990285 0.139053 3022.dat
1 3 160 -119.682 -31.5083 -1 0 0 0 0.139053 0.990285 0 0.990285 -0.139053 2412b.dat
1 3 130 -99.8763 -34.2895 0 0 1 0.990285 0.139053 0 -0.139053 0.990285 0 2420.dat
1 3 170 -70.1676 -38.4611 0 0 1 0.990285 0.139056 0 -0.139056 0.990285 0 4275a.dat
1 7 49.9999 22.6999 -322.088 0 0 -1 -0.255875 0.96671 0 0.96671 0.255875 0 3700.dat
1 3 79.9999 -52.5481 -155.48 0 0 1 0.80922 0.587507 0 -0.587506 0.80922 0 32034.dat
1 0 49.9999 -52.548 -155.48 1 0 0 0 0.587507 -0.809219 0 0.809219 0.587507 32062.dat
1 7 35 -52.5481 -155.48 0 0 -1 -0.80922 0.587506 0 0.587506 0.80922 0 32123a.dat
1 0 120 -52.548 -155.48 1 0 0 0 0.587507 -0.809219 0 0.809219 0.587507 4519.dat
1 3 160 -52.548 -155.48 0 0 1 0.809219 0.587507 0 -0.587507 0.809219 0 32034.dat
1 0 190 -52.548 -155.48 1 0 0 0 0.587507 -0.809219 0 0.809219 0.587507 32062.dat
1 7 205 -52.548 -155.48 0 0 -1 -0.80922 0.587506 0 0.587506 0.80922 0 32123a.dat
1 0 -2.38176e-005 24.9785 -135.286 -1 0 0 0 0.96671 0.255875 0 0.255875 -0.96671 75535.dat
1 0 -20 24.9785 -135.286 1 0 0 0 0.96671 -0.255874 0 0.255874 0.96671 2780.dat
1 7 -30.5 0.638926 -153.605 0 -1 0 0.795205 0 -0.606341 0.606341 0 0.795205 3749.dat
1 0 -30 24.9785 -135.286 -1 0 0 0 0.96671 0.255875 0 0.255875 -0.96671 32015.dat
1 0 -30 14.7435 -96.618 0 0 1 0.255875 0.96671 0 -0.96671 0.255875 0 4519.dat
1 0 -30 4.50861 -57.9496 1 0 0 0 0.966711 -0.255871 0 0.255871 0.966711 32013.dat
1 0 79.4999 68.5612 -340.982 0 -1 0 0.96671 0 -0.255875 0.255875 0 0.96671 2780.dat
1 0 -20 4.50854 -57.9496 1 0 0 0 0.96671 -0.255874 0 0.255874 0.96671 2780.dat
1 0 -2.82879e-005 4.50854 -57.9496 -1 0 0 0 0.96671 0.255875 0 0.255875 -0.96671 75535.dat
1 0 30 4.50854 -57.9497 -1 0 0 0 0.96671 0.255875 0 0.255875 -0.96671 6558.dat
1 0 30 6.45601 -67.2612 0 0 1 0.96671 -0.255875 0 0.255875 0.96671 0 3894.dat
1 0 40 -34.1599 -68.1846 1 0 0 0 0.96671 -0.255874 0 0.255874 0.96671 2780.dat
1 0 30 43.177 -47.7146 1 0 0 0 0.96671 -0.255874 0 0.255874 0.96671 6558.dat
1 7 190 22.6998 -322.088 0 0 -1 -0.255875 0.96671 0 0.96671 0.255875 0 3700.dat
1 0 240 24.9786 -135.287 1 0 0 0 0.96671 -0.255874 0 0.255874 0.96671 75535.dat
1 0 260 24.9786 -135.287 1 0 0 0 0.96671 -0.255874 0 0.255874 0.96671 2780.dat
1 0 180 -75.2723 -6.656 1 0 0 0 0.96671 -0.255874 0 0.255874 0.96671 2780.dat
1 0 160 -75.2723 -6.65598 -1 0 0 0 0.96671 0.255875 0 0.255875 -0.96671 75535.dat
1 0 140 -75.2723 -6.65598 1 0 0 0 0.96671 -0.255874 0 0.255874 0.96671 2780.dat
1 0 120 -75.2723 -6.65596 -1 0 0 0 0.96671 0.255875 0 0.255875 -0.96671 75535.dat
1 0 100 -75.2723 -6.65598 1 0 0 0 0.96671 -0.255874 0 0.255874 0.96671 2780.dat
1 0 80 -75.2723 -6.65596 -1 0 0 0 0.96671 0.255875 0 0.255875 -0.96671 75535.dat
1 0 60 -75.2723 -6.65596 1 0 0 0 0.96671 -0.255874 0 0.255874 0.96671 2780.dat
1 0 200 -34.1599 -68.1846 1 0 0 0 0.96671 -0.255874 0 0.255874 0.96671 2780.dat
1 0 40 -44.3948 -29.5162 1 0 0 0 0.96671 -0.255874 0 0.255874 0.96671 2780.dat
1 0 200 -44.1226 -28.6559 1 0 0 0 0.96671 -0.255874 0 0.255874 0.96671 2780.dat
1 8 39.9999 55.9247 -251.228 -1 0 0 0 0.96671 0.255875 0 0.255875 -0.96671 32002.dat
1 8 200 55.9247 -251.228 1 0 0 0 0.96671 -0.255874 0 0.255874 0.96671 32002.dat
1 0 210 43.177 -47.7146 -1 0 0 0 0.96671 0.255875 0 0.255875 -0.96671 6558.dat
1 7 211.137 -44.9302 -28.931 0 0 1 0.401944 0.915664 0 -0.915664 0.401944 0 4255.dat
1 7 30.7988 -44.3068 -28.7304 0 0 1 0.401944 0.915664 0 -0.915664 0.401944 0 4255.dat
1 0 159.5 68.5612 -340.983 0 -1 0 0.96671 0 -0.255875 0.255875 0 0.96671 2780.dat
1 7 269.5 0.638986 -153.605 0 -1 0 0.795205 0 -0.606341 0.606341 0 0.795205 3749.dat
1 7 1.7 1.94 -0.67 1 0 0 0 0.999848 0.0174524 0 -0.0174524 0.999848 ribbed.ldr
1 7 239.3 1.94 -0.67 -1 0 0 0 0.999848 0.0174524 0 -0.0174524 0.999848 ribbed.ldr
0
0 FILE A.ldr
0 A
0 ROTATION CENTER 0 0 0 1 "Custom" 
0 ROTATION CONFIG 0 0
1 0 200 -170.467 119.786 1 0 0 0 0.977874 0.209193 0 -0.209193 0.977874 32013.dat
1 0 200 -180.927 70.8925 0 0 1 -0.209191 0.977875 0 -0.977875 -0.209191 0 3705.dat
1 0 200 -180.927 70.8925 0 0 1 -0.209191 0.977875 0 -0.977875 -0.209191 0 75535.dat
1 0 120 -191.392 22.2312 1 0 0 0 0.96671 -0.255874 0 0.255874 0.96671 3737.dat
1 7 215 -192.003 22.5866 0 0 -1 -0.96671 -0.255875 0 -0.255875 0.96671 0 32123a.dat
1 7 185 -192.003 22.5866 0 0 -1 -0.96671 -0.255875 0 -0.255875 0.96671 0 32123a.dat
1 7 55 -192.003 22.5866 0 0 -1 -0.96671 -0.255875 0 -0.255875 0.96671 0 32123a.dat
1 7 25 -192.003 22.5867 0 0 -1 -0.96671 -0.255875 0 -0.255875 0.96671 0 32123a.dat
1 0 40.0001 -170.467 119.786 1 0 0 0 0.977874 0.209193 0 -0.209193 0.977874 32013.dat
1 0 40 -180.927 70.8925 0 0 1 -0.209191 0.977875 0 -0.977875 -0.209191 0 3705.dat
1 0 40 -192.367 22.0128 -1 0 0 0 -0.983492 -0.180952 0 -0.180952 0.983492 32016.dat
1 0 30 -170.472 120.019 1 0 0 0 0.96671 -0.255874 0 0.255874 0.96671 2780.dat
1 0 20 -68.2767 -100.935 -1 0 0 0 0.94423 0.329285 0 0.329285 -0.94423 32016.dat
1 0 20 -69.9632 -131.079 0 0 1 -0.0571216 0.998367 0 -0.998367 -0.0571216 0 32062.dat
1 0 20 -97.9124 -15.9543 0 0 1 0.329285 0.944231 0 -0.944231 0.329285 0 3707.dat
1 0 20 -130.55 75.2751 1 0 0 0 0.944231 -0.329283 0 0.329283 0.944231 32016.dat
1 0 20 -150.616 97.8335 0 0 1 0.665567 0.746338 0 -0.746338 0.665567 0 32062.dat
1 0 19.9999 -171.329 119.558 -1 0 0 0 -0.746336 -0.665569 0 -0.665569 0.746336 32013.dat
1 0 59.9999 -62.4244 -199.798 0 0 -1 0.255876 -0.966709 0 -0.96671 -0.255876 0 32013.dat
1 0 120 -61.4577 -199.542 1 0 0 0 0.96671 -0.255874 0 0.255874 0.96671 32073.dat
1 0 180 -62.4245 -199.798 0 0 1 -0.255871 -0.966711 0 0.966711 -0.255871 0 32013.dat
1 0 180.5 -56.6956 -219.488 0 0 1 -0.255874 -0.96671 0 0.96671 -0.255874 0 6536.dat
1 0 180 -61.4577 -199.543 0 0 1 0.255875 0.96671 0 -0.96671 0.255875 0 4519.dat
1 0 180 -67.1865 -179.853 1 0 0 0 -0.96671 0.255874 0 -0.255874 -0.96671 32039.dat
1 0 120 -72.3039 -160.519 1 0 0 0 -0.255875 -0.96671 0 0.96671 -0.255875 3708.dat
1 0 59.9999 -67.1864 -179.853 1 0 0 0 -0.96671 0.255874 0 -0.255874 -0.96671 32039.dat
1 0 59.9999 -61.4577 -199.542 0 0 1 0.255875 0.96671 0 -0.96671 0.255875 0 4519.dat
1 0 60.4999 -56.6956 -219.488 0 0 1 -0.255874 -0.96671 0 0.96671 -0.255874 0 6536.dat
1 7 34.9999 -72.3039 -160.519 0 0 -1 -0.96671 -0.255875 0 -0.255875 0.96671 0 32123a.dat
1 7 205 -72.304 -160.519 0 0 -1 -0.96671 -0.255875 0 -0.255875 0.96671 0 32123a.dat
1 7 235 -72.304 -160.519 0 0 -1 -0.96671 -0.255875 0 -0.255875 0.96671 0 32123a.dat
1 7 4.99995 -72.3039 -160.519 0 0 -1 -0.96671 -0.255875 0 -0.255875 0.96671 0 32123a.dat
1 7 194.999 -75.8857 -223.939 0 0 -1 -0.96671 -0.255875 0 -0.255875 0.96671 0 32123a.dat
1 0 119.999 -75.6743 -223.994 1 0 0 0 0.96671 -0.255874 0 0.255874 0.96671 3707.dat
1 7 44.9989 -75.8857 -223.939 0 0 -1 -0.96671 -0.255875 0 -0.255875 0.96671 0 32123a.dat
1 7 94.9989 -76.2857 -223.639 0 0 -1 -0.96671 -0.255875 0 -0.255875 0.96671 0 32123a.dat
1 7 144.999 -76.2856 -223.639 0 0 -1 -0.96671 -0.255875 0 -0.255875 0.96671 0 32123a.dat
1 0 79.999 -76.6076 -224.341 1 0 0 0 -0.899618 0.436677 0 -0.436677 -0.899618 32013.dat
1 3 119.999 -75.6744 -223.994 -1 0 0 0 0.96671 0.255875 0 0.255875 -0.96671 75535.dat
1 0 220 -69.9632 -131.08 0 0 1 -0.0571216 0.998367 0 -0.998367 -0.0571216 0 32062.dat
1 0 220 -68.2767 -100.935 -1 0 0 0 0.94423 0.329285 0 0.329285 -0.94423 32016.dat
1 0 220 -97.9124 -15.9544 0 0 1 0.329285 0.94423 0 -0.94423 0.329285 0 3707.dat
1 0 220 -130.55 75.275 1 0 0 0 0.944231 -0.329283 0 0.329283 0.944231 32016.dat
1 0 220 -150.616 97.8335 0 0 1 0.665567 0.746338 0 -0.746338 0.665567 0 32062.dat
1 0 220 -171.329 119.558 -1 0 0 0 -0.746336 -0.665569 0 -0.665569 0.746336 32013.dat
1 0 35 -97.2604 52.7403 0 1 0 -0.833614 0 0.552347 0.552347 0 0.833614 32056.dat
1 7 40 -75.1665 86.0849 -1 0 0 0 0.833615 -0.552347 0 -0.552347 -0.833614 43093.dat
1 0 30 -130.605 74.8342 1 0 0 0 0.833615 0.552346 0 -0.552346 0.833615 4519.dat
1 1 60 -130.605 74.8342 0 0 -1 0.552347 0.833614 0 0.833614 -0.552347 0 6538b.dat
1 0 120 -130.605 74.8341 1 0 0 0 0.833615 0.552346 0 -0.552346 0.833615 3706.dat
1 1 180 -130.605 74.8341 0 0 -1 0.552347 0.833614 0 0.833614 -0.552347 0 6538b.dat
1 0 210 -130.605 74.8341 1 0 0 0 0.833615 0.552346 0 -0.552346 0.833615 4519.dat
1 7 200 -75.1665 86.0848 1 0 0 0 0.833615 0.552346 0 -0.552346 0.833615 43093.dat
1 0 205 -97.2604 52.7402 0 1 0 -0.833614 0 0.552347 0.552347 0 0.833614 32056.dat
1 7 235 -131.439 75.3864 0 0 -1 -0.552347 -0.833615 0 -0.833615 0.552347 0 32123a.dat
1 7 5.00002 -131.439 75.3865 0 0 -1 -0.552347 -0.833615 0 -0.833615 0.552347 0 32123a.dat
1 0 210 -170.472 120.019 1 0 0 0 0.96671 -0.255874 0 0.255874 0.96671 2780.dat
1 0 40 -180.927 70.8925 0 0 1 -0.209191 0.977875 0 -0.977875 -0.209191 0 75535.dat
1 0 220 -72.6482 -161.167 -1 0 0 0 -0.94423 -0.329285 0 -0.329285 0.94423 32016.dat
1 0 20 -72.6481 -161.167 -1 0 0 0 -0.94423 -0.329285 0 -0.329285 0.944231 32016.dat
0 MLCAD FLEXHOSE 8 0 0 0 1 0 0 0 1 0 0 0 1  220 -72.6 -161  0 -50 150 20 -72.6 -161 0 -50 150 500 ls51.dat ls51.dat 0
0 MLCAD SKIP_BEGIN
1 8 220 -72.6 -161 0.999998 0.0018221 -0.000607366 0 -0.316227 -0.948683 -0.00192066 0.948682 -0.316227 LS51.dat
1 8 219.999 -72.3843 -161.647 0.999983 0.00548233 -0.00182741 0 -0.316223 -0.948685 -0.00577887 0.948669 -0.316218 LS51.dat
1 8 219.995 -72.1684 -162.295 0.999953 0.00916768 -0.00305575 0 -0.316214 -0.948688 -0.00966353 0.948643 -0.3162 LS51.dat
1 8 219.989 -71.9523 -162.943 0.999908 0.0128782 -0.00429235 0 -0.316202 -0.948692 -0.0135747 0.948605 -0.316172 LS51.dat
1 8 219.98 -71.736 -163.592 0.999847 0.0166141 -0.00553719 0 -0.316184 -0.948698 -0.0175125 0.948552 -0.316136 LS51.dat
1 8 219.969 -71.5194 -164.242 0.999769 0.0203754 -0.00679022 0 -0.316162 -0.948705 -0.021477 0.948486 -0.316089 LS51.dat
1 8 219.955 -71.3026 -164.892 0.999676 0.0241621 -0.00805141 0 -0.316135 -0.948714 -0.0254682 0.948406 -0.316033 LS51.dat
1 8 219.938 -71.0856 -165.543 0.999565 0.0279743 -0.00932072 0 -0.316104 -0.948725 -0.0294862 0.948312 -0.315967 LS51.dat
1 8 219.919 -70.8684 -166.195 0.999438 0.0318122 -0.0105981 0 -0.316068 -0.948737 -0.0335311 0.948203 -0.31589 LS51.dat
1 8 219.897 -70.6511 -166.847 0.999293 0.0356757 -0.0118835 0 -0.316026 -0.94875 -0.0376028 0.948079 -0.315803 LS51.dat
1 8 219.872 -70.4335 -167.499 0.99913 0.039565 -0.0131769 0 -0.31598 -0.948766 -0.0417015 0.94794 -0.315705 LS51.dat
1 8 219.845 -70.2158 -168.153 0.998949 0.0434801 -0.0144781 0 -0.315929 -0.948783 -0.0458272 0.947786 -0.315597 LS51.dat
1 8 219.815 -69.9979 -168.806 0.99875 0.047421 -0.0157873 0 -0.315872 -0.948802 -0.0499799 0.947616 -0.315477 LS51.dat
1 8 219.782 -69.7798 -169.461 0.998532 0.0513879 -0.0171041 0 -0.31581 -0.948822 -0.0541596 0.94743 -0.315346 LS51.dat
1 8 219.747 -69.5616 -170.115 0.998295 0.0553807 -0.0184288 0 -0.315742 -0.948845 -0.0583664 0.947227 -0.315204 LS51.dat
1 8 219.709 -69.3432 -170.77 0.998039 0.0593995 -0.019761 0 -0.315669 -0.948869 -0.0626003 0.947008 -0.31505 LS51.dat
1 8 219.667 -69.1247 -171.426 0.997762 0.0634444 -0.0211008 0 -0.315591 -0.948895 -0.0668613 0.946772 -0.314884 LS51.dat
1 8 219.623 -68.906 -172.082 0.997466 0.0675153 -0.0224481 0 -0.315506 -0.948924 -0.0711494 0.946519 -0.314707 LS51.dat
1 8 219.577 -68.6873 -172.738 0.997148 0.0716124 -0.0238027 0 -0.315416 -0.948954 -0.0754646 0.946248 -0.314516 LS51.dat
1 8 219.527 -68.4684 -173.395 0.99681 0.0757355 -0.0251647 0 -0.31532 -0.948986 -0.0798068 0.945959 -0.314314 LS51.dat
1 8 219.474 -68.2494 -174.052 0.996451 0.0798849 -0.0265338 0 -0.315217 -0.94902 -0.0841762 0.945651 -0.314098 LS51.dat
1 8 219.419 -68.0303 -174.709 0.99607 0.0840604 -0.02791 0 -0.315109 -0.949056 -0.0885727 0.945326 -0.31387 LS51.dat
1 8 219.36 -67.8111 -175.367 0.995666 0.0882621 -0.0292932 0 -0.314994 -0.949094 -0.0929961 0.944981 -0.313629 LS51.dat
1 8 219.299 -67.5918 -176.025 0.995241 0.0924899 -0.0306832 0 -0.314872 -0.949134 -0.0974466 0.944617 -0.313374 LS51.dat
1 8 219.234 -67.3724 -176.683 0.994792 0.0967439 -0.03208 0 -0.314744 -0.949176 -0.101924 0.944233 -0.313105 LS51.dat
1 8 219.167 -67.153 -177.341 0.99432 0.101024 -0.0334834 0 -0.31461 -0.949221 -0.106428 0.94383 -0.312823 LS51.dat
1 8 219.097 -66.9335 -178 0.993825 0.10533 -0.0348933 0 -0.314469 -0.949268 -0.11096 0.943406 -0.312527 LS51.dat
1 8 219.023 -66.7139 -178.658 0.993305 0.109663 -0.0363096 0 -0.314321 -0.949317 -0.115518 0.942962 -0.312216 LS51.dat
1 8 218.946 -66.4943 -179.317 0.992761 0.114022 -0.0377321 0 -0.314165 -0.949368 -0.120103 0.942496 -0.311891 LS51.dat
1 8 218.867 -66.2747 -179.976 0.992193 0.118406 -0.0391606 0 -0.314003 -0.949422 -0.124714 0.94201 -0.311552 LS51.dat
1 8 218.784 -66.0551 -180.635 0.991599 0.122817 -0.040595 0 -0.313834 -0.949478 -0.129352 0.941501 -0.311197 LS51.dat
1 8 218.698 -65.8354 -181.294 0.990979 0.127254 -0.0420352 0 -0.313657 -0.949536 -0.134017 0.940971 -0.310827 LS51.dat
1 8 218.609 -65.6157 -181.953 0.990333 0.131716 -0.043481 0 -0.313473 -0.949597 -0.138707 0.940418 -0.310442 LS51.dat
1 8 218.516 -65.396 -182.612 0.989661 0.136205 -0.0449322 0 -0.313281 -0.949661 -0.143425 0.939842 -0.310042 LS51.dat
1 8 218.421 -65.1764 -183.271 0.988962 0.140719 -0.0463886 0 -0.313081 -0.949726 -0.148168 0.939243 -0.309625 LS51.dat
1 8 218.322 -64.9567 -183.93 0.988236 0.145259 -0.0478501 0 -0.312874 -0.949795 -0.152937 0.938621 -0.309193 LS51.dat
1 8 218.22 -64.7371 -184.589 0.987482 0.149825 -0.0493164 0 -0.312658 -0.949866 -0.157733 0.937975 -0.308744 LS51.dat
1 8 218.115 -64.5175 -185.248 0.9867 0.154416 -0.0507874 0 -0.312435 -0.949939 -0.162554 0.937305 -0.308279 LS51.dat
1 8 218.007 -64.2979 -185.906 0.985889 0.159033 -0.0522629 0 -0.312203 -0.950015 -0.1674 0.93661 -0.307798 LS51.dat
1 8 217.895 -64.0785 -186.565 0.985049 0.163675 -0.0537426 0 -0.311963 -0.950094 -0.172272 0.93589 -0.307299 LS51.dat
1 8 217.78 -63.859 -187.223 0.98418 0.168342 -0.0552263 0 -0.311715 -0.950176 -0.177169 0.935144 -0.306784 LS51.dat
1 8 217.661 -63.6397 -187.881 0.983282 0.173035 -0.0567139 0 -0.311458 -0.95026 -0.182092 0.934373 -0.306251 LS51.dat
1 8 217.539 -63.4204 -188.539 0.982352 0.177752 -0.058205 0 -0.311192 -0.950347 -0.187039 0.933576 -0.3057 LS51.dat
1 8 217.414 -63.2013 -189.196 0.981393 0.182494 -0.0596995 0 -0.310917 -0.950437 -0.192011 0.932752 -0.305132 LS51.dat
1 8 217.286 -62.9822 -189.853 0.980402 0.187261 -0.0611971 0 -0.310634 -0.95053 -0.197007 0.931901 -0.304546 LS51.dat
1 8 217.154 -62.7633 -190.51 0.97938 0.192053 -0.0626976 0 -0.310341 -0.950625 -0.202028 0.931023 -0.303942 LS51.dat
1 8 217.018 -62.5445 -191.167 0.978326 0.196869 -0.0642006 0 -0.310039 -0.950724 -0.207073 0.930117 -0.303319 LS51.dat
1 8 216.879 -62.3258 -191.823 0.977239 0.201709 -0.065706 0 -0.309728 -0.950825 -0.212141 0.929184 -0.302678 LS51.dat
1 8 216.737 -62.1072 -192.478 0.97612 0.206573 -0.0672134 0 -0.309407 -0.95093 -0.217233 0.928221 -0.302018 LS51.dat
1 8 216.591 -61.8889 -193.133 0.974967 0.211461 -0.0687227 0 -0.309077 -0.951037 -0.222348 0.92723 -0.30134 LS51.dat
1 8 216.442 -61.6706 -193.788 0.973781 0.216373 -0.0702334 0 -0.308737 -0.951148 -0.227486 0.92621 -0.300642 LS51.dat
1 8 216.289 -61.4526 -194.442 0.972561 0.221308 -0.0717453 0 -0.308387 -0.951261 -0.232647 0.92516 -0.299925 LS51.dat
1 8 216.133 -61.2348 -195.096 0.971307 0.226267 -0.0732582 0 -0.308027 -0.951378 -0.237831 0.92408 -0.299188 LS51.dat
1 8 215.973 -61.0171 -195.749 0.970017 0.231248 -0.0747716 0 -0.307656 -0.951498 -0.243036 0.922969 -0.298432 LS51.dat
1 8 215.809 -60.7997 -196.401 0.968693 0.236252 -0.0762853 0 -0.307276 -0.95162 -0.248263 0.921828 -0.297656 LS51.dat
1 8 215.642 -60.5824 -197.053 0.967332 0.241279 -0.077799 0 -0.306885 -0.951747 -0.253512 0.920655 -0.29686 LS51.dat
1 8 215.472 -60.3654 -197.704 0.965936 0.246328 -0.0793124 0 -0.306484 -0.951876 -0.258782 0.919451 -0.296044 LS51.dat
1 8 215.298 -60.1487 -198.354 0.964503 0.251399 -0.080825 0 -0.306072 -0.952008 -0.264072 0.918215 -0.295207 LS51.dat
1 8 215.12 -59.9322 -199.003 0.963033 0.256492 -0.0823367 0 -0.305649 -0.952144 -0.269383 0.916946 -0.29435 LS51.dat
1 8 214.938 -59.716 -199.652 0.961526 0.261606 -0.0838469 0 -0.305215 -0.952283 -0.274714 0.915645 -0.293472 LS51.dat
1 8 214.753 -59.5 -200.3 0.959981 0.266741 -0.0853554 0 -0.30477 -0.952426 -0.280065 0.914311 -0.292574 LS51.dat
1 8 214.564 -59.2843 -200.947 0.958398 0.271897 -0.0868619 0 -0.304314 -0.952572 -0.285435 0.912943 -0.291654 LS51.dat
1 8 214.372 -59.0689 -201.593 0.956777 0.277074 -0.0883658 0 -0.303847 -0.952721 -0.290823 0.911541 -0.290714 LS51.dat
1 8 214.176 -58.8539 -202.238 0.955116 0.28227 -0.089867 0 -0.303368 -0.952873 -0.296231 0.910105 -0.289752 LS51.dat
1 8 213.976 -58.6391 -202.883 0.953417 0.287487 -0.0913649 0 -0.302878 -0.953029 -0.301656 0.908634 -0.288769 LS51.dat
1 8 213.773 -58.4247 -203.526 0.951678 0.292723 -0.0928593 0 -0.302376 -0.953189 -0.307099 0.907128 -0.287765 LS51.dat
1 8 213.565 -58.2106 -204.168 0.949899 0.297978 -0.0943496 0 -0.301862 -0.953352 -0.312558 0.905587 -0.286739 LS51.dat
1 8 213.354 -57.9969 -204.809 0.948079 0.303252 -0.0958356 0 -0.301337 -0.953518 -0.318035 0.90401 -0.285691 LS51.dat
1 8 213.14 -57.7835 -205.45 0.946219 0.308544 -0.0973168 0 -0.300799 -0.953688 -0.323528 0.902397 -0.284622 LS51.dat
1 8 212.921 -57.5705 -206.088 0.944317 0.313855 -0.0987928 0 -0.300249 -0.953861 -0.329036 0.900747 -0.28353 LS51.dat
1 8 212.699 -57.3579 -206.726 0.942375 0.319182 -0.100263 0 -0.299687 -0.954038 -0.33456 0.899061 -0.282417 LS51.dat
1 8 212.473 -57.1457 -207.363 0.94039 0.324528 -0.101727 0 -0.299112 -0.954218 -0.340098 0.897337 -0.281282 LS51.dat
1 8 212.243 -56.9339 -207.998 0.938363 0.329889 -0.103185 0 -0.298525 -0.954402 -0.34565 0.895576 -0.280125 LS51.dat
1 8 212.009 -56.7225 -208.632 0.936294 0.335267 -0.104636 0 -0.297925 -0.954589 -0.351217 0.893776 -0.278946 LS51.dat
1 8 211.772 -56.5116 -209.265 0.934182 0.340661 -0.10608 0 -0.297313 -0.95478 -0.356796 0.891939 -0.277745 LS51.dat
1 8 211.531 -56.3011 -209.897 0.932027 0.346071 -0.107516 0 -0.296688 -0.954975 -0.362388 0.890063 -0.276521 LS51.dat
1 8 211.286 -56.091 -210.527 0.929829 0.351495 -0.108944 0 -0.296049 -0.955173 -0.367991 0.888147 -0.275275 LS51.dat
1 8 211.037 -55.8815 -211.156 0.927587 0.356934 -0.110363 0 -0.295398 -0.955374 -0.373607 0.886193 -0.274007 LS51.dat
1 8 210.784 -55.6724 -211.783 0.925301 0.362387 -0.111772 0 -0.294733 -0.95558 -0.379233 0.884199 -0.272717 LS51.dat
1 8 210.528 -55.4638 -212.409 0.922971 0.367854 -0.113173 0 -0.294055 -0.955788 -0.384869 0.882165 -0.271404 LS51.dat
1 8 210.268 -55.2557 -213.033 0.920596 0.373333 -0.114563 0 -0.293364 -0.956001 -0.390515 0.880091 -0.27007 LS51.dat
1 8 210.003 -55.0481 -213.656 0.918177 0.378825 -0.115943 0 -0.292659 -0.956217 -0.39617 0.877976 -0.268713 LS51.dat
1 8 209.735 -54.841 -214.277 0.915713 0.384329 -0.117312 0 -0.29194 -0.956437 -0.401834 0.875821 -0.267333 LS51.dat
1 8 209.464 -54.6345 -214.897 0.913203 0.389844 -0.118669 0 -0.291208 -0.95666 -0.407505 0.873624 -0.265932 LS51.dat
1 8 209.188 -54.4285 -215.515 0.910648 0.39537 -0.120014 0 -0.290462 -0.956886 -0.413184 0.871386 -0.264509 LS51.dat
1 8 208.908 -54.2231 -216.131 0.908047 0.400907 -0.121347 0 -0.289702 -0.957117 -0.418869 0.869107 -0.263063 LS51.dat
1 8 208.625 -54.0182 -216.745 0.9054 0.406453 -0.122668 0 -0.288928 -0.957351 -0.42456 0.866785 -0.261596 LS51.dat
1 8 208.337 -53.814 -217.358 0.902707 0.412009 -0.123974 0 -0.28814 -0.957588 -0.430257 0.864421 -0.260106 LS51.dat
1 8 208.046 -53.6103 -217.969 0.899967 0.417573 -0.125267 0 -0.287338 -0.957829 -0.435958 0.862015 -0.258595 LS51.dat
1 8 207.751 -53.4073 -218.578 0.897181 0.423145 -0.126546 0 -0.286522 -0.958074 -0.441662 0.859566 -0.257062 LS51.dat
1 8 207.452 -53.2048 -219.186 0.894349 0.428725 -0.12781 0 -0.285691 -0.958322 -0.44737 0.857074 -0.255508 LS51.dat
1 8 207.149 -53.003 -219.791 0.891469 0.434311 -0.129058 0 -0.284846 -0.958573 -0.453081 0.854539 -0.253932 LS51.dat
1 8 206.843 -52.8019 -220.394 0.888543 0.439904 -0.130291 0 -0.283987 -0.958828 -0.458793 0.85196 -0.252334 LS51.dat
1 8 206.532 -52.6014 -220.996 0.88557 0.445502 -0.131508 0 -0.283113 -0.959087 -0.464507 0.849338 -0.250716 LS51.dat
1 8 206.217 -52.4015 -221.595 0.882549 0.451105 -0.132708 0 -0.282224 -0.959349 -0.470221 0.846672 -0.249076 LS51.dat
1 8 205.899 -52.2024 -222.193 0.879481 0.456713 -0.13389 0 -0.281321 -0.959614 -0.475934 0.843962 -0.247416 LS51.dat
1 8 205.577 -52.0039 -222.788 0.876365 0.462324 -0.135055 0 -0.280403 -0.959882 -0.481647 0.841208 -0.245735 LS51.dat
1 8 205.251 -51.8061 -223.382 0.873202 0.467939 -0.136202 0 -0.27947 -0.960154 -0.487358 0.838409 -0.244034 LS51.dat
1 8 204.921 -51.609 -223.973 0.869992 0.473555 -0.13733 0 -0.278522 -0.96043 -0.493066 0.835566 -0.242312 LS51.dat
1 8 204.587 -51.4127 -224.562 0.866734 0.479174 -0.138439 0 -0.277559 -0.960708 -0.498771 0.832678 -0.24057 LS51.dat
1 8 204.249 -51.2171 -225.149 0.863428 0.484793 -0.139528 0 -0.276582 -0.96099 -0.504472 0.829746 -0.238809 LS51.dat
1 8 203.908 -51.0222 -225.733 0.860074 0.490413 -0.140597 0 -0.275589 -0.961275 -0.510169 0.826768 -0.237027 LS51.dat
1 8 203.562 -50.8281 -226.316 0.856673 0.496032 -0.141646 0 -0.274582 -0.961564 -0.51586 0.823746 -0.235227 LS51.dat
1 8 203.213 -50.6348 -226.896 0.853224 0.501651 -0.142673 0 -0.273559 -0.961855 -0.521545 0.820678 -0.233407 LS51.dat
1 8 202.86 -50.4422 -227.473 0.849727 0.507268 -0.14368 0 -0.272521 -0.96215 -0.527223 0.817564 -0.231569 LS51.dat
1 8 202.503 -50.2505 -228.049 0.846182 0.512882 -0.144664 0 -0.271469 -0.962447 -0.532893 0.814406 -0.229712 LS51.dat
1 8 202.142 -50.0595 -228.621 0.84259 0.518493 -0.145626 0 -0.270401 -0.962748 -0.538555 0.811202 -0.227837 LS51.dat
1 8 201.778 -49.8694 -229.192 0.83895 0.5241 -0.146565 0 -0.269317 -0.963051 -0.544208 0.807952 -0.225944 LS51.dat
1 8 201.409 -49.6801 -229.76 0.835263 0.529703 -0.14748 0 -0.268219 -0.963358 -0.549851 0.804657 -0.224033 LS51.dat
1 8 201.037 -49.4916 -230.325 0.831528 0.535301 -0.148373 0 -0.267105 -0.963667 -0.555483 0.801316 -0.222106 LS51.dat
1 8 200.661 -49.3039 -230.888 0.827746 0.540892 -0.14924 0 -0.265977 -0.963979 -0.561104 0.79793 -0.220161 LS51.dat
1 8 200.281 -49.1171 -231.449 0.823916 0.546477 -0.150084 0 -0.264833 -0.964294 -0.566712 0.794498 -0.2182 LS51.dat
1 8 199.897 -48.9312 -232.006 0.820039 0.552055 -0.150902 0 -0.263673 -0.964612 -0.572307 0.79102 -0.216222 LS51.dat
1 8 199.51 -48.7462 -232.561 0.816115 0.557624 -0.151695 0 -0.262499 -0.964932 -0.577889 0.787496 -0.214229 LS51.dat
1 8 199.119 -48.562 -233.114 0.812144 0.563184 -0.152462 0 -0.261309 -0.965255 -0.583456 0.783927 -0.212221 LS51.dat
1 8 198.724 -48.3788 -233.664 0.808127 0.568735 -0.153203 0 -0.260104 -0.965581 -0.589008 0.780312 -0.210197 LS51.dat
1 8 198.325 -48.1964 -234.211 0.804063 0.574276 -0.153918 0 -0.258884 -0.965909 -0.594544 0.776651 -0.208159 LS51.dat
1 8 197.923 -48.015 -234.755 0.799952 0.579805 -0.154605 0 -0.257648 -0.966239 -0.600064 0.772945 -0.206106 LS51.dat
1 8 197.517 -47.8345 -235.296 0.795795 0.585322 -0.155266 0 -0.256398 -0.966571 -0.605566 0.769193 -0.20404 LS51.dat
1 8 197.107 -47.655 -235.835 0.791593 0.590827 -0.155898 0 -0.255132 -0.966906 -0.611049 0.765396 -0.201961 LS51.dat
1 8 196.693 -47.4764 -236.371 0.787344 0.596319 -0.156503 0 -0.253851 -0.967243 -0.616514 0.761553 -0.199868 LS51.dat
1 8 196.276 -47.2988 -236.904 0.78305 0.601797 -0.157079 0 -0.252555 -0.967583 -0.621959 0.757665 -0.197763 LS51.dat
1 8 195.855 -47.1221 -237.434 0.77871 0.607259 -0.157626 0 -0.251244 -0.967924 -0.627384 0.753732 -0.195646 LS51.dat
1 8 195.43 -46.9465 -237.961 0.774326 0.612707 -0.158145 0 -0.249918 -0.968267 -0.632787 0.749754 -0.193518 LS51.dat
1 8 195.002 -46.7718 -238.485 0.769897 0.618138 -0.158634 0 -0.248577 -0.968612 -0.638169 0.745731 -0.191379 LS51.dat
1 8 194.57 -46.5981 -239.006 0.765423 0.623552 -0.159094 0 -0.247221 -0.968959 -0.643528 0.741663 -0.189229 LS51.dat
1 8 194.135 -46.4254 -239.524 0.760905 0.628949 -0.159523 0 -0.24585 -0.969308 -0.648864 0.737551 -0.187069 LS51.dat
1 8 193.696 -46.2538 -240.039 0.756343 0.634327 -0.159923 0 -0.244465 -0.969658 -0.654176 0.733394 -0.184899 LS51.dat
1 8 193.253 -46.0832 -240.55 0.751737 0.639686 -0.160292 0 -0.243064 -0.97001 -0.659463 0.729193 -0.18272 LS51.dat
1 8 192.807 -45.9136 -241.059 0.747088 0.645025 -0.16063 0 -0.241649 -0.970364 -0.664725 0.724947 -0.180533 LS51.dat
1 8 192.357 -45.7451 -241.565 0.742396 0.650344 -0.160938 0 -0.240219 -0.970719 -0.669961 0.720658 -0.178338 LS51.dat
1 8 191.904 -45.5776 -242.067 0.737662 0.655641 -0.161214 0 -0.238775 -0.971075 -0.67517 0.716325 -0.176135 LS51.dat
1 8 191.447 -45.4113 -242.566 0.732885 0.660916 -0.161459 0 -0.237316 -0.971432 -0.680352 0.711948 -0.173926 LS51.dat
1 8 190.986 -45.2459 -243.062 0.728067 0.666169 -0.161672 0 -0.235843 -0.971791 -0.685506 0.707529 -0.171709 LS51.dat
1 8 190.522 -45.0817 -243.555 0.723207 0.671398 -0.161853 0 -0.234355 -0.972151 -0.690632 0.703066 -0.169487 LS51.dat
1 8 190.055 -44.9186 -244.044 0.718305 0.676604 -0.162003 0 -0.232854 -0.972512 -0.695728 0.698561 -0.16726 LS51.dat
1 8 189.584 -44.7566 -244.53 0.713364 0.681784 -0.16212 0 -0.231338 -0.972874 -0.700794 0.694013 -0.165028 LS51.dat
1 8 189.11 -44.5957 -245.013 0.708381 0.686939 -0.162205 0 -0.229807 -0.973236 -0.70583 0.689422 -0.162791 LS51.dat
1 8 188.632 -44.4359 -245.492 0.703359 0.692068 -0.162258 0 -0.228263 -0.973599 -0.710835 0.68479 -0.160551 LS51.dat
1 8 188.151 -44.2772 -245.968 0.698298 0.69717 -0.162277 0 -0.226705 -0.973963 -0.715808 0.680116 -0.158308 LS51.dat
1 8 187.667 -44.1197 -246.441 0.693197 0.702245 -0.162265 0 -0.225134 -0.974328 -0.720748 0.675401 -0.156062 LS51.dat
1 8 187.179 -43.9634 -246.91 0.688057 0.707292 -0.162219 0 -0.223548 -0.974693 -0.725656 0.670645 -0.153814 LS51.dat
1 8 186.688 -43.8082 -247.375 0.68288 0.71231 -0.162141 0 -0.221949 -0.975058 -0.730531 0.665848 -0.151565 LS51.dat
1 8 186.194 -43.6541 -247.838 0.677665 0.717299 -0.162029 0 -0.220337 -0.975424 -0.735371 0.66101 -0.149314 LS51.dat
1 8 185.696 -43.5013 -248.296 0.672412 0.722257 -0.161885 0 -0.218711 -0.97579 -0.740177 0.656133 -0.147064 LS51.dat
1 8 185.195 -43.3496 -248.751 0.667123 0.727185 -0.161707 0 -0.217072 -0.976156 -0.744948 0.651215 -0.144813 LS51.dat
1 8 184.691 -43.1991 -249.203 0.661797 0.732082 -0.161496 0 -0.21542 -0.976522 -0.749683 0.646259 -0.142564 LS51.dat
1 8 184.184 -43.0498 -249.651 0.656435 0.736947 -0.161253 0 -0.213754 -0.976887 -0.754383 0.641263 -0.140316 LS51.dat
1 8 183.673 -42.9017 -250.095 0.651038 0.741779 -0.160975 0 -0.212076 -0.977253 -0.759045 0.636229 -0.13807 LS51.dat
1 8 183.16 -42.7549 -250.535 0.645606 0.746579 -0.160665 0 -0.210385 -0.977619 -0.763671 0.631156 -0.135826 LS51.dat
1 8 182.643 -42.6092 -250.972 0.640139 0.751345 -0.160322 0 -0.208682 -0.977984 -0.768259 0.626045 -0.133585 LS51.dat
1 8 182.123 -42.4648 -251.406 0.634638 0.756076 -0.159945 0 -0.206966 -0.978348 -0.772809 0.620897 -0.131348 LS51.dat
1 8 181.6 -42.3216 -251.835 0.629104 0.760773 -0.159535 0 -0.205237 -0.978712 -0.777321 0.615712 -0.129116 LS51.dat
1 8 181.074 -42.1797 -252.261 0.623537 0.765435 -0.159092 0 -0.203497 -0.979076 -0.781794 0.61049 -0.126888 LS51.dat
1 8 180.544 -42.039 -252.683 0.617938 0.770061 -0.158617 0 -0.201744 -0.979438 -0.786227 0.605232 -0.124665 LS51.dat
1 8 180.012 -41.8995 -253.101 0.612306 0.77465 -0.158108 0 -0.199979 -0.9798 -0.790621 0.599937 -0.122448 LS51.dat
1 8 179.477 -41.7614 -253.516 0.606643 0.779203 -0.157566 0 -0.198203 -0.980161 -0.794975 0.594608 -0.120238 LS51.dat
1 8 178.939 -41.6245 -253.927 0.600949 0.783718 -0.156991 0 -0.196414 -0.980521 -0.799288 0.589243 -0.118035 LS51.dat
1 8 178.398 -41.4888 -254.333 0.595224 0.788196 -0.156384 0 -0.194614 -0.98088 -0.80356 0.583843 -0.115839 LS51.dat
1 8 177.854 -41.3545 -254.736 0.589469 0.792635 -0.155745 0 -0.192803 -0.981237 -0.807791 0.578409 -0.113652 LS51.dat
1 8 177.307 -41.2215 -255.136 0.583685 0.797035 -0.155072 0 -0.190981 -0.981594 -0.81198 0.572942 -0.111473 LS51.dat
1 8 176.757 -41.0897 -255.531 0.577872 0.801395 -0.154368 0 -0.189147 -0.981949 -0.816127 0.567441 -0.109303 LS51.dat
1 8 176.204 -40.9593 -255.922 0.57203 0.805716 -0.153631 0 -0.187302 -0.982302 -0.820232 0.561907 -0.107143 LS51.dat
1 8 175.649 -40.8301 -256.31 0.566161 0.809997 -0.152863 0 -0.185447 -0.982654 -0.824295 0.55634 -0.104993 LS51.dat
1 8 175.09 -40.7023 -256.693 0.560264 0.814237 -0.152062 0 -0.183581 -0.983005 -0.828314 0.550742 -0.102854 LS51.dat
1 8 174.529 -40.5758 -257.073 0.55434 0.818435 -0.15123 0 -0.181704 -0.983353 -0.83229 0.545112 -0.100726 LS51.dat
1 8 173.966 -40.4507 -257.448 0.548389 0.822593 -0.150367 0 -0.179817 -0.9837 -0.836223 0.539451 -0.0986097 LS51.dat
1 8 173.399 -40.3268 -257.819 0.542413 0.826708 -0.149472 0 -0.17792 -0.984045 -0.840112 0.533759 -0.0965059 LS51.dat
1 8 172.83 -40.2044 -258.187 0.536411 0.830781 -0.148547 0 -0.176012 -0.984388 -0.843957 0.528037 -0.0944149 LS51.dat
1 8 172.258 -40.0832 -258.55 0.530384 0.834811 -0.14759 0 -0.174095 -0.984729 -0.847757 0.522285 -0.0923372 LS51.dat
1 8 171.684 -39.9634 -258.91 0.524333 0.838798 -0.146603 0 -0.172168 -0.985068 -0.851513 0.516503 -0.0902733 LS51.dat
1 8 171.107 -39.845 -259.265 0.518258 0.842742 -0.145586 0 -0.170231 -0.985404 -0.855224 0.510693 -0.0882236 LS51.dat
1 8 170.527 -39.7279 -259.616 0.512159 0.846641 -0.144538 0 -0.168285 -0.985738 -0.858891 0.504855 -0.0861886 LS51.dat
1 8 169.945 -39.6122 -259.963 0.506037 0.850497 -0.143461 0 -0.166329 -0.98607 -0.862512 0.498988 -0.0841689 LS51.dat
1 8 169.36 -39.4979 -260.306 0.499893 0.854308 -0.142354 0 -0.164365 -0.9864 -0.866087 0.493094 -0.0821648 LS51.dat
1 8 168.773 -39.3849 -260.645 0.493727 0.858074 -0.141218 0 -0.162391 -0.986726 -0.869617 0.487173 -0.0801769 LS51.dat
1 8 168.184 -39.2734 -260.98 0.487539 0.861795 -0.140053 0 -0.160409 -0.987051 -0.873101 0.481226 -0.0782055 LS51.dat
1 8 167.592 -39.1632 -261.31 0.48133 0.865471 -0.138859 0 -0.158417 -0.987372 -0.876539 0.475252 -0.0762511 LS51.dat
1 8 166.998 -39.0544 -261.637 0.475101 0.8691 -0.137637 0 -0.156418 -0.987691 -0.879931 0.469253 -0.0743142 LS51.dat
1 8 166.401 -38.947 -261.959 0.468851 0.872684 -0.136386 0 -0.154409 -0.988007 -0.883277 0.463228 -0.0723951 LS51.dat
1 8 165.802 -38.841 -262.277 0.462582 0.876221 -0.135108 0 -0.152393 -0.98832 -0.886576 0.457179 -0.0704943 LS51.dat
1 8 165.201 -38.7365 -262.591 0.456294 0.879712 -0.133802 0 -0.150369 -0.98863 -0.889829 0.451106 -0.0686123 LS51.dat
1 8 164.597 -38.6333 -262.9 0.449987 0.883156 -0.132469 0 -0.148336 -0.988937 -0.893035 0.445009 -0.0667493 LS51.dat
1 8 163.991 -38.5315 -263.205 0.443661 0.886552 -0.13111 0 -0.146296 -0.989241 -0.896194 0.438888 -0.0649059 LS51.dat
1 8 163.383 -38.4312 -263.506 0.437318 0.889902 -0.129723 0 -0.144248 -0.989542 -0.899307 0.432744 -0.0630823 LS51.dat
1 8 162.773 -38.3323 -263.803 0.430957 0.893203 -0.128311 0 -0.142193 -0.989839 -0.902372 0.426578 -0.0612791 LS51.dat
1 8 162.161 -38.2348 -264.095 0.42458 0.896457 -0.126873 0 -0.14013 -0.990133 -0.905391 0.420391 -0.0594964 LS51.dat
1 8 161.547 -38.1388 -264.384 0.418186 0.899663 -0.125409 0 -0.13806 -0.990424 -0.908362 0.414181 -0.0577348 LS51.dat
1 8 160.93 -38.0442 -264.667 0.411775 0.902821 -0.12392 0 -0.135983 -0.990711 -0.911285 0.40795 -0.0559946 LS51.dat
1 8 160.312 -37.951 -264.947 0.405349 0.90593 -0.122406 0 -0.1339 -0.990995 -0.914162 0.401699 -0.0542761 LS51.dat
1 8 159.691 -37.8593 -265.222 0.398908 0.90899 -0.120868 0 -0.131809 -0.991275 -0.916991 0.395427 -0.0525797 LS51.dat
1 8 159.068 -37.769 -265.493 0.392452 0.912002 -0.119306 0 -0.129712 -0.991552 -0.919773 0.389136 -0.0509057 LS51.dat
1 8 158.444 -37.6802 -265.759 0.385981 0.914965 -0.11772 0 -0.127608 -0.991825 -0.922507 0.382825 -0.0492544 LS51.dat
1 8 157.818 -37.5929 -266.021 0.379496 0.917879 -0.11611 0 -0.125499 -0.992094 -0.925193 0.376496 -0.0476262 LS51.dat
1 8 157.189 -37.507 -266.279 0.372998 0.920743 -0.114478 0 -0.123383 -0.992359 -0.927832 0.370148 -0.0460214 LS51.dat
1 8 156.559 -37.4225 -266.532 0.366486 0.923558 -0.112824 0 -0.12126 -0.992621 -0.930424 0.363781 -0.0444402 LS51.dat
1 8 155.927 -37.3395 -266.781 0.359961 0.926323 -0.111147 0 -0.119132 -0.992878 -0.932967 0.357397 -0.042883 LS51.dat
1 8 155.293 -37.258 -267.026 0.353424 0.929039 -0.109448 0 -0.116999 -0.993132 -0.935463 0.350996 -0.0413501 LS51.dat
1 8 154.658 -37.178 -267.266 0.346874 0.931704 -0.107728 0 -0.114859 -0.993382 -0.937912 0.344578 -0.0398418 LS51.dat
1 8 154.021 -37.0994 -267.502 0.340313 0.93432 -0.105987 0 -0.112715 -0.993627 -0.940312 0.338144 -0.0383582 LS51.dat
1 8 153.382 -37.0224 -267.733 0.33374 0.936886 -0.104225 0 -0.110564 -0.993869 -0.942665 0.331693 -0.0368997 LS51.dat
