0 FILE 8446.ldr
0 Total
0 Name: 8446.ldr
0 Author: marco
0 ROTATION CENTER 0 0 0 1 "Custom" 
0 ROTATION CONFIG 0 0
1 7 -60 64 0 1 0 0 0 1 0 0 0 1 front.ldr
1 7 -60 64 0 1 0 0 0 1 0 0 0 1 cockpit.ldr
1 7 -60 64 0 1 0 0 0 1 0 0 0 1 crane_arm.ldr
1 7 -60 64 0 1 0 0 0 1 0 0 0 1 l1.ldr
1 7 -60 64 0 1 0 0 0 1 0 0 0 1 seat.ldr
1 7 -60 64 0 1 0 0 0 1 0 0 0 1 back.ldr
1 7 -10 -71.1 -98.6 0 0 -1 0.0697565 0.997564 0 0.997564 -0.0697565 0 32181c02.dat
0
0 FILE back.ldr
0 back
0 ROTATION CENTER 0 0 0 1 "Custom" 
0 ROTATION CONFIG 0 0
1 7 -69.9999 -9.49999 450 -1 0 0 0 1 0 0 0 -1 3749.dat
1 8 0 -19.5 470 0 0 -1 0 1 0 1 0 0 3894.dat
1 7 0 -27.5 480 1 0 0 0 1 0 0 0 1 4073.dat
1 0 0 -51.5 480 -1 0 0 0 1 0 0 0 -1 4286.dat
1 0 50 -27.5 510 1 0 0 0 1 0 0 0 1 32001.dat
1 0 100 -51.5 480 -1 0 0 0 1 0 0 0 -1 4286.dat
1 7 100 -59.5 480 1 0 0 0 1 0 0 0 1 4073.dat
1 0 50 -67.5 480 1 0 0 0 1 0 0 0 1 3666.dat
1 0 50 -75.5 450 0 0 -1 0 1 0 1 0 0 3709b.dat
1 0 50.0001 -99.5 420 1 0 0 0 1 0 0 0 1 3700.dat
1 2 50.0001 -107.5 420 1 0 0 0 1 0 0 0 1 3023.dat
1 0 49.9999 -115.5 390 0 0 -1 0 1 0 1 0 0 3709b.dat
1 0 50.0013 -139.5 450 0 0 -1 0 1 0 1 0 0 2856.dat
1 0 50.0013 -139.5 450 1 0 0 0 1 0 0 0 1 2855.dat
1 0 0 -75.5 430 0 0 -1 0 1 0 1 0 0 3666.dat
1 0 0 -99.5 270 0 0 -1 0 1 0 1 0 0 32018.dat
1 0 0 -67.5 390 0 0 -1 0 1 0 1 0 0 3023.dat
1 0 0 -59.5 420 1 0 0 0 1 0 0 0 1 4287.dat
1 0 99.9999 -75.5 430 0 0 -1 0 1 0 1 0 0 3666.dat
1 0 100 -99.5 270 0 0 -1 0 1 0 1 0 0 32018.dat
1 0 99.9999 -67.5 390 0 0 -1 0 1 0 1 0 0 3023.dat
1 0 99.9999 -59.5 420 1 0 0 0 1 0 0 0 1 4287.dat
1 0 50 -107.5 400 1 0 0 0 1 0 0 0 1 3666.dat
1 0 90.0001 -115.5 400 1 0 0 0 1 0 0 0 1 3023.dat
1 0 10 -115.5 400 1 0 0 0 1 0 0 0 1 3023.dat
1 0 50 -67.5 420 1 0 0 0 1 0 0 0 1 3666.dat
1 0 50.0001 -59.5 420 1 0 0 0 1 0 0 0 1 3700.dat
1 0 50 -35.5 420 1 0 0 0 1 0 0 0 1 3666.dat
1 0 50 -27.5 420 1 0 0 0 1 0 0 0 1 3666.dat
1 7 0 -59.5 480 1 0 0 0 1 0 0 0 1 4073.dat
1 7 100 -27.5 480 1 0 0 0 1 0 0 0 1 4073.dat
1 8 100 -19.5 470 0 0 -1 0 1 0 1 0 0 3894.dat
1 7 85 -89.5 250 0 -1 0 -1 0 0 0 0 -1 6632.dat
1 0 79.9999 -89.5 250 -1 0 0 0 1 0 0 0 -1 32062.dat
1 0 50 -89.5 250 0 0 1 0 1 0 -1 0 0 32034.dat
1 0 20 -89.5 250 -1 0 0 0 1 0 0 0 -1 32062.dat
1 7 15 -89.5 250 0 -1 0 -1 0 0 0 0 -1 6632.dat
1 0 50 -89.5 210 1 0 0 0 1 0 0 0 1 3707.dat
1 0 120 -90.5 50.0001 0 1 0 1 0 0 0 0 -1 32009.dat
1 0 -20.0001 -90.5 49.9999 0 1 0 1 0 0 0 0 -1 32009.dat
1 7 80 -90 390 0 1 0 1 0 0 0 0 -1 2825.dat
1 0 80 -89.5 330 -1 0 0 0 1 0 0 0 -1 32062.dat
1 0 52.0001 -89.5 390 1 0 0 0 1 0 0 0 1 3708.dat
1 0 120.001 -10.3 510.4 0 1 0 0.600001 0 -0.799999 -0.799999 0 -0.600001 6629.dat
1 7 65 -89.5 390 0 0 1 0 1 0 -1 0 0 32123a.dat
1 0 49.9999 -90.001 390 -1 0 0 0 0 -1 0 -1 0 6536.dat
1 0 50.0001 -89.5 330 0 0 1 0 1 0 -1 0 0 32034.dat
1 7 35 -89.5 390 0 0 1 0 1 0 -1 0 0 32123a.dat
1 7 20.0001 -90 390 0 -1 0 -1 0 0 0 0 -1 2825.dat
1 7 110.001 -9.60004 510.3 1 0 0 0 0.799999 -0.600001 0 0.600001 0.799999 3749.dat
1 0 18 -89.5 330 -1 0 0 0 1 0 0 0 -1 32062.dat
1 0 -19.9986 -10.3 510.4 0 1 0 0.600001 0 -0.799999 -0.799999 0 -0.600001 6629.dat
1 7 -9.99859 -9.60004 510.3 -1 0 0 0 0.799999 0.600001 0 0.600001 -0.799999 3749.dat
1 7 -39.9999 -89.5 390 0 0 1 0 1 0 -1 0 0 3713.dat
1 7 140 -90.5 390 0 0 -1 0 -1 0 -1 0 0 3713.dat
1 0 120 -89.5 270 -1 0 0 0 1 0 0 0 -1 32054.dat
1 0 150 -89.5 270 -1 0 0 0 1 0 0 0 -1 32062.dat
1 8 160 -90 330 0 -1 0 -1 0 0 0 0 -1 32177.dat
1 0 -20 -89.5 270 1 0 0 0 1 0 0 0 1 32054.dat
1 0 -50.0001 -89.5 270 -1 0 0 0 1 0 0 0 -1 32062.dat
1 8 -60.0001 -90 330 0 -1 0 -1 0 0 0 0 -1 32177.dat
1 7 110 -89.5998 350.3 1 0 0 0 0.799999 -0.600001 0 0.600001 0.799999 3749.dat
1 0 120 -89.6998 349.6 0 1 0 -0.600001 0 0.799999 0.799999 0 0.600001 6629.dat
1 0 50.0002 -9.49998 470 1 0 0 0 1 0 0 0 1 3708.dat
1 8 140 -9.99996 449.375 -1 0 0 0 0 1 0 1 0 32184.dat
1 0 165 -9.49998 470 0 -1 0 -1 0 0 0 0 -1 6632.dat
1 0 155 -9.49998 470 0 -1 0 -1 0 0 0 0 -1 6632.dat
1 0 50.0002 -9.49997 430 1 0 0 0 1 0 0 0 1 3708.dat
1 0 -20 -89.7 349.6 0 1 0 -0.600001 0 0.799999 0.799999 0 0.600001 6629.dat
1 7 -10 -89.6 350.3 -1 0 0 0 0.8 0.600001 0 0.600001 -0.799999 3749.dat
1 8 -40 -9.99996 449.375 -1 0 0 0 0 1 0 1 0 32184.dat
1 0 -55 -9.49998 470 0 -1 0 -1 0 0 0 0 -1 6632.dat
1 0 -64.9999 -9.49998 470 0 -1 0 -1 0 0 0 0 -1 6632.dat
1 7 -10 -89.5 310 -1 0 0 0 1 0 0 0 -1 3749.dat
1 0 -20 -10.3001 189.6 0 -1 0 0.600001 0 -0.8 0.8 0 0.600001 6629.dat
1 7 110 -89.5 310 1 0 0 0 1 0 0 0 1 3749.dat
1 0 120 -10.3001 189.6 0 -1 0 0.600001 0 -0.8 0.8 0 0.600001 6629.dat
1 0 110.001 -89.5 450 1 0 0 0 1 0 0 0 1 2780.dat
1 0 110.001 -89.5 430 1 0 0 0 1 0 0 0 1 2780.dat
1 7 50.1443 -84.5 449.521 -0.957441 0.28863 0 0 0 -1 -0.28863 -0.957441 0 32123a.dat
1 0 49.5213 -79.5 449.856 0 -0.957441 -0.28863 1 0 0 0 -0.28863 0.957441 4519.dat
1 7 49.5213 -109.5 449.856 -0.28863 -0.957441 0 0 0 -1 0.957441 -0.28863 0 6538b.dat
1 0 50 -166.5 450 0 0.28863 0.957441 -1 0 0 0 -0.957441 0.28863 32209.dat
1 7 49.8557 -153.7 450.479 -0.957441 -0.28863 0 0 0 1 -0.28863 0.957441 0 3713.dat
1 0 49.8557 -190.3 450.479 -0.957441 -0.28863 0 0 0 1 -0.28863 0.957441 0 4716.dat
1 7 49.8557 -67 450.479 -0.957441 -0.28863 0 0 0 1 -0.28863 0.957441 0 6589.dat
1 7 49.9999 -49.5 230 1 0 0 0 1 0 0 0 1 4019.dat
1 0 50 -49.5 282 0 0 1 0 1 0 -1 0 0 3737.dat
1 7 49.9999 -49.5 215 -1 0 0 0 1 0 0 0 -1 32123a.dat
1 7 50 -50.5 432.5 -1 0 0 0 -1 0 0 0 1 6589.dat
1 0 50.0001 -49.5 412 0 0 -1 0 1 0 1 0 0 4519.dat
1 7 50.0001 -49.5 382 -1 0 0 0 1 0 0 0 -1 6538b.dat
1 0 99.9999 -89.5 150 1 0 0 0 1 0 0 0 1 32054.dat
1 0 49.9999 -89.5 150 1 0 0 0 1 0 0 0 1 3705.dat
1 0 -0.000113249 -89.5 150 -1 0 0 0 1 0 0 0 -1 32054.dat
1 8 90 -89.25 370 -1 0 0 0 1 0 0 0 -1 32002.dat
1 8 90 -89.25 230 -1 0 0 0 1 0 0 0 -1 32002.dat
1 0 -9.99863 -89.5 430 1 0 0 0 1 0 0 0 1 2780.dat
1 0 134 -89.5 290 1 0 0 0 1 0 0 0 1 3707.dat
1 7 80.0001 -89.5 290 0 0 1 0 1 0 -1 0 0 3713.dat
1 7 67.5 -89.5 290 0 0 -1 0 1 0 1 0 0 6589.dat
1 7 175 -89.5 290 0 0 1 0 1 0 -1 0 0 32123a.dat
1 0 196 -90 290 0 0 1 1 0 0 0 1 0 4288.dat
1 0 -9.99863 -169.503 430 1 0 0 0 1 0 0 0 1 2780.dat
1 0 110.037 -169.503 430 1 0 0 0 1 0 0 0 1 2780.dat
1 8 9.99996 -89.25 370 1 0 0 0 1 0 0 0 1 32002.dat
1 0 -9.99863 -89.5 450 1 0 0 0 1 0 0 0 1 2780.dat
1 7 49.926 -89.5055 262.5 -0.988979 -0.148057 0 -0.148057 0.988979 0 0 0 -1 32198.dat
1 0 49.9403 -89.5036 250 0 -0.119329 -0.992855 0 0.992855 -0.119329 1 0 0 4519.dat
1 7 49.9403 -89.5036 230 0.992855 -0.119329 0 0.119329 0.992855 0 0 0 1 4019.dat
1 7 50.0632 -89.504 352.5 0.991974 0.126441 0 -0.126441 0.991974 0 0 0 1 6589.dat
1 0 50.0633 -89.504 330 0 0.126441 -0.991974 0 0.991974 0.126441 1 0 0 4519.dat
1 7 50.0633 -89.504 345 0.991974 0.126441 0 -0.126441 0.991974 0 0 0 1 32123a.dat
1 7 50.0633 -89.504 315 0.991974 0.126441 0 -0.126441 0.991974 0 0 0 1 32123a.dat
1 7 50.0633 -89.504 307.5 -0.991974 0.12644 0 0.12644 0.991974 0 0 0 -1 6589.dat
1 8 9.99996 -89.25 230 1 0 0 0 1 0 0 0 1 32002.dat
1 7 20.2999 -89.5002 290.014 0 0 -1 -0.0289851 0.99958 0 0.99958 0.0289851 0 32198.dat
1 0 -32.2 -89.5 290 1 0 0 0 1 0 0 0 1 3707.dat
1 7 -75 -89.5 290 0 0 1 0 1 0 -1 0 0 32123a.dat
1 0 -96 -90 290 0 0 -1 1 0 0 0 -1 0 4288.dat
1 7 170 -9.49998 450 1 0 0 0 1 0 0 0 1 3749.dat
1 7 190 -9.49998 450 1 0 0 0 1 0 0 0 1 wheel.ldr
1 7 -90 -9.5 450 -1 0 0 0 1 0 0 0 -1 wheel.ldr
1 7 50.1283 -125.5 369.517 0.966469 0.256783 0 0 0 1 0.256783 -0.966469 0 3647.dat
1 0 50.1283 -105.5 369.517 0 0.256783 -0.966469 1 0 0 0 -0.966469 -0.256783 4519.dat
1 7 50.4832 -107 370.128 -0.256783 0.966469 0 0 0 1 0.966469 0.256783 0 6589.dat
0 l2
1 0 50.0369 -209.503 470 1 0 0 0 1 0 0 0 1 3706.dat
1 0 85.0369 -210.003 469.5 0 1 0 0 0 1 1 0 0 32056.dat
1 0 80.0369 -209.503 510 -1 0 0 0 1 0 0 0 -1 4519.dat
1 0 75.0369 -209.503 510 0 -1 0 -1 0 0 0 0 -1 6632.dat
1 2 100.037 -209.503 510 0 -1 0 -1 0 0 0 0 -1 32140.dat
1 2 50.0369 -209.503 510 0 0 -1 0 1 0 1 0 0 6538b.dat
1 0 20.0369 -209.503 510 -1 0 0 0 1 0 0 0 -1 4519.dat
1 0 25.0369 -209.503 510 0 -1 0 -1 0 0 0 0 -1 6632.dat
1 2 0.03682 -209.503 510 0 -1 0 -1 0 0 0 0 -1 32140.dat
1 0 15.0369 -210.003 469.5 0 1 0 0 0 1 1 0 0 32056.dat
1 0 50.0368 -169.503 470 1 0 0 0 1 0 0 0 1 3708.dat
1 7 -39.9632 -169.503 470 0 0 1 0 1 0 -1 0 0 3713.dat
1 7 140.037 -169.503 470 0 0 -1 0 1 0 1 0 0 3713.dat
1 2 160.037 -170.003 489.5 -1 0 0 0 -1 0 0 0 1 32039.dat
1 0 160.037 -169.503 500 0 0 1 0 1 0 -1 0 0 32062.dat
1 2 160.037 -170.003 530 0 1 0 -1 0 0 0 0 1 32015.dat
1 2 -59.9632 -170.003 489.5 -1 0 0 0 -1 0 0 0 1 32039.dat
1 0 -59.9632 -169.503 500 0 0 1 0 1 0 -1 0 0 32062.dat
1 2 -59.9632 -170.003 530 0 -1 0 1 0 0 0 0 1 32015.dat
1 2 -19.9986 -169.503 470 0 -1 0 -1 0 0 0 0 -1 32140.dat
1 2 120.037 -169.503 470 0 -1 0 -1 0 0 0 0 -1 32140.dat
1 7 75.0369 -189.503 470 0 0 1 0 1 0 -1 0 0 32123a.dat
1 0 50.0369 -189.503 470 1 0 0 0 1 0 0 0 1 3705.dat
1 7 25.0368 -189.503 470 0 0 1 0 1 0 -1 0 0 32123a.dat
0 
1 2 50.037 -189.903 450 0 1 0 -1 0 0 0 0 1 32166.dat
1 2 50.037 -189.903 450 0 -1 0 1 0 0 0 0 1 32166.dat
1 2 2.937 -0.103 -2.6 1 0 0 0 1 0 0 0 1 flex1.ldr
0
0 FILE front.ldr
0 front
0 ROTATION CENTER 0 0 0 1 "Custom" 
0 ROTATION CONFIG 0 0
1 0 50 -27.5 180 1 0 0 0 1 0 0 0 1 2419.dat
1 0 50 -35.5 200 1 0 0 0 1 0 0 0 1 3666.dat
1 0 50 -35.5 160 1 0 0 0 1 0 0 0 1 3023.dat
1 0 50 -59.5 160 1 0 0 0 1 0 0 0 1 3700.dat
1 0 50 -59.5 200 1 0 0 0 1 0 0 0 1 3894.dat
1 0 50 -67.5 180 1 0 0 0 1 0 0 0 1 2419.dat
1 7 100 -107.5 50 0 0 -1 0 1 0 1 0 0 3794a.dat
1 0 100 -99.5 -9.99997 0 0 -1 0 1 0 1 0 0 32018.dat
1 7 100 -75.5 -40 1 0 0 0 1 0 0 0 1 4073.dat
1 0 50 -67.5 -40 1 0 0 0 1 0 0 0 1 3666.dat
1 0 30 -59.5 -40 1 0 0 0 1 0 0 0 1 3701.dat
1 0 50 -35.5 -40 1 0 0 0 1 0 0 0 1 3666.dat
1 7 100 -27.5 -40 1 0 0 0 1 0 0 0 1 4073.dat
1 8 100 -19.5 70.0001 0 0 -1 0 1 0 1 0 0 32018.dat
1 7 100 -27.5 20 1 0 0 0 1 0 0 0 1 4073.dat
1 0 50 -35.5 20 1 0 0 0 1 0 0 0 1 3666.dat
1 0 30 -59.5 20 1 0 0 0 1 0 0 0 1 3701.dat
1 0 50 -67.5 20 1 0 0 0 1 0 0 0 1 3666.dat
1 7 90 -59.5 20 1 0 0 0 1 0 0 0 1 32000.dat
1 7 0 -27.5 20 1 0 0 0 1 0 0 0 1 4073.dat
1 8 0 -19.5 70 0 0 -1 0 1 0 1 0 0 32018.dat
1 0 -9.9975 -10 -40 0 1 0 1 0 0 0 0 -1 32069.dat
1 0 -9.9975 -10 120 0 1 0 1 0 0 0 0 -1 32069.dat
1 0 0 -43.5 120 1 0 0 0 1 0 0 0 1 3005.dat
1 0 0 -67.5 120 -1 0 0 0 1 0 0 0 -1 3665.dat
1 0 0 -75.5 110 0 0 -1 0 1 0 1 0 0 4477.dat
1 0 0 -99.5 -10 0 0 -1 0 1 0 1 0 0 32018.dat
1 7 0 -75.5 -40 1 0 0 0 1 0 0 0 1 4073.dat
1 7 0 -107.5 50 0 0 -1 0 1 0 1 0 0 3794a.dat
1 7 0 -27.5 -40 1 0 0 0 1 0 0 0 1 4073.dat
1 7 0 -27.5 -10.0056 0 0 -1 0 1 0 1 0 0 3069b.dat
1 7 0 -27.5 89.9944 0 0 -1 0 1 0 1 0 0 3069b.dat
1 7 100 -27.5 -10.0055 0 0 -1 0 1 0 1 0 0 3069b.dat
1 7 100 -27.5 89.9945 0 0 -1 0 1 0 1 0 0 3069b.dat
1 0 109.997 -10 -40 0 -1 0 1 0 0 0 0 1 32069.dat
1 0 -0.003 0 0 1 0 0 0 1 0 0 0 1 steer.ldr
1 0 -0.003 0 160 1 0 0 0 1 0 0 0 1 steer_rev.ldr
1 0 99.997 0 -80 -1 0 0 0 1 0 0 0 -1 steer_rev.ldr
1 0 99.997 0 0 -1 0 0 0 1 0 0 0 -1 rack.ldr
1 0 99.997 0 80 -1 0 0 0 1 0 0 0 -1 rack.ldr
1 0 99.997 0 80 -1 0 0 0 1 0 0 0 -1 steer.ldr
1 0 109.997 -10 120 0 -1 0 1 0 0 0 0 1 32069.dat
1 0 100 -43.5 120 1 0 0 0 1 0 0 0 1 3005.dat
1 0 100 -67.5 120 -1 0 0 0 1 0 0 0 -1 3665.dat
1 0 100 -75.5 110 0 0 -1 0 1 0 1 0 0 4477.dat
1 7 90 -59.5 -40 1 0 0 0 1 0 0 0 1 32000.dat
1 7 69.5 -90 10 0 1 0 0 0 1 1 0 0 6553.dat
1 0 70 -89.5 -10 0 0 -1 0 1 0 1 0 0 4519.dat
1 7 69.5 -90 -30 0 1 0 0 0 1 1 0 0 6553.dat
1 0 69.5 -90 -10 0 0 -1 0 -1 0 -1 0 0 6536.dat
1 7 30.5 -90 -30 0 -1 0 0 0 1 -1 0 0 6553.dat
1 0 30 -89.5 -9.99998 0 0 -1 0 1 0 1 0 0 4519.dat
1 7 30.5 -90 10 0 -1 0 0 0 1 -1 0 0 6553.dat
1 0 29.5 -90 -10 0 0 -1 0 -1 0 -1 0 0 6536.dat
1 0 20 -9.49999 -130 0 -1 0 -1 0 0 0 0 -1 32009.dat
1 0 48 -9.49999 30 1 0 0 0 1 0 0 0 1 3706.dat
1 0 80 -9.49999 -130 0 -1 0 -1 0 0 0 0 -1 32009.dat
1 0 50 -89.5 -130 1 0 0 0 1 0 0 0 1 3707.dat
1 0 10.0002 -138.351 -186.383 0.999997 0.000267556 0.00238917 -0.00121946 -0.799999 0.6 0.00207187 -0.600001 -0.799997 3705.dat
1 2 50.0041 -138.463 -186.333 0 0 -1 0.600001 -0.799999 0 -0.799999 -0.600001 0 6538b.dat
1 0 90.0042 -138.487 -186.292 0.999997 0.000267556 0.00238917 -0.00121946 -0.8 0.599999 0.00207187 -0.600001 -0.799997 3705.dat
1 2 -20 -89.5 -50 0 -1 0 -1 0 0 0 0 -1 6629.dat
1 7 -9.99999 -89.5 -50 -1 0 0 0 1 0 0 0 -1 3749.dat
1 2 120 -89.5 -50 0 -1 0 -1 0 0 0 0 -1 6629.dat
1 7 110 -89.5 -50 1 0 0 0 1 0 0 0 1 3749.dat
1 7 110 -10.5 50 1 0 0 0 -1 0 0 0 -1 3749.dat
1 0 30 -49.5 -130 -1 0 0 0 1 0 0 0 -1 6628.dat
1 7 110 -10.5 90 1 0 0 0 -1 0 0 0 -1 4274.dat
1 7 118 -10 90 0 -1 0 1 0 0 0 0 1 4073.dat
1 0 -10 -89.5 -110 1 0 0 0 1 0 0 0 1 2780.dat
1 7 50.0145 -49.5002 50 -0.99958 0.0289851 0 0.0289851 0.99958 0 0 0 -1 6538b.dat
1 0 50.0145 -49.5002 -9.99998 0 0.0289851 0.99958 0 0.99958 -0.0289851 -1 0 0 3706.dat
1 7 50.0145 -49.5002 -60 0.99958 0.028985 0 -0.028985 0.99958 0 0 0 1 3648b.dat
1 0 50.0145 -49.5002 110 0 0.0289851 0.99958 0 0.99958 -0.0289851 -1 0 0 3706.dat
1 7 50.0145 -49.5002 80 0.99958 0.028985 0 -0.028985 0.99958 0 0 0 1 3647.dat
1 7 50.0145 -49.5002 147.5 0.99958 0.028985 0 -0.028985 0.99958 0 0 0 1 32198.dat
1 7 50.0145 -49.5002 135 -0.99958 0.0289851 0 0.0289851 0.99958 0 0 0 -1 32123a.dat
1 7 50.0145 -49.5002 125 -0.99958 0.0289851 0 0.0289851 0.99958 0 0 0 -1 32123a.dat
1 0 100 -89.5 90 -1 0 0 0 1 0 0 0 -1 6558.dat
1 0 99.8634 -49.519 -20 0 -0.273194 0.961959 0 0.961959 0.273194 -1 0 0 32073.dat
1 7 99.8634 -49.519 2.16067e-005 0.961959 -0.273194 0 0.273194 0.961959 0 0 0 1 3647.dat
1 7 99.8634 -49.519 -20 0.961959 -0.273194 0 0.273194 0.961959 0 0 0 1 3647.dat
1 7 99.8634 -49.519 -60 0.96196 -0.273192 0 0.273192 0.96196 0 0 0 1 4019.dat
1 0 70 -49.5 -130 1 0 0 0 1 0 0 0 1 6628.dat
1 0 80 -9.5 -9.99999 1 0 0 0 1 0 0 0 1 32054.dat
1 0 50 -9.5 -10 1 0 0 0 1 0 0 0 1 32062.dat
1 0 20 -9.5 -9.99999 -1 0 0 0 1 0 0 0 -1 32054.dat
1 0 0 -89.5 90 1 0 0 0 1 0 0 0 1 6558.dat
1 0 50.001 -109.5 -10 -1 0 0 0 1 0 0 0 -1 6558.dat
1 0 50 -69.736 -130.425 1 0 0 0 0.527973 0.849261 0 -0.849261 0.527973 3705.dat
1 0 35 -48.6171 -164.395 0 -1 0 -0.527973 0 -0.849261 0.849261 0 -0.527973 32056.dat
1 0 50 -48.4565 -163.706 1 0 0 0 0.849261 -0.527973 0 0.527973 0.849261 32062.dat
1 14 50 -32.3205 -153.675 -1 0 0 0 -0.527973 0.849261 0 0.849261 0.527973 32039.dat
1 0 65 -48.6171 -164.395 0 -1 0 -0.527973 0 -0.849261 0.849261 0 -0.527973 32056.dat
1 0 50 -82.4269 -184.825 1 0 0 0 0.849261 -0.527973 0 0.527973 0.849261 32062.dat
1 7 45 -93.411 -168.104 0 0 1 0.849261 -0.527973 0 0.527973 0.849261 0 6575.dat
1 7 55 -93.411 -168.104 0 0 1 0.849261 -0.527973 0 0.527973 0.849261 0 6575.dat
1 0 50 -58.9405 -146.985 1 0 0 0 1 0 0 0 1 6558.dat
1 0 50 -89.5 -130 1 0 0 0 1 0 0 0 1 75535.dat
1 0 110 -89.5 -110 1 0 0 0 1 0 0 0 1 2780.dat
1 7 -10 -9.5 90 -1 0 0 0 1 0 0 0 -1 4274.dat
1 7 -18 -10 90 0 1 0 -1 0 0 0 0 1 4073.dat
1 7 30 -9.5 -50 1 0 0 0 1 0 0 0 1 3749.dat
1 0 50 -9.5 -50 0 0 -1 0 1 0 1 0 0 6538b.dat
1 7 70 -9.5 -50 -1 0 0 0 1 0 0 0 -1 3749.dat
1 0 50 -89.5 70 1 0 0 0 1 0 0 0 1 3706.dat
1 7 -10 -9.60008 189.7 -1 0 0 0 0.799999 -0.600001 0 -0.600001 -0.799999 3749.dat
1 7 -10 -9.5 50 -1 0 0 0 1 0 0 0 -1 3749.dat
1 7 110 -10.4001 190.3 1 0 0 0 -0.799999 -0.600001 0 0.600001 -0.799999 3749.dat
0
0 FILE seat.ldr
0 seat
0 ROTATION CENTER 0 0 0 1 "Custom" 
0 ROTATION CONFIG 0 0
1 0 50 -129.5 50 -1 0 0 0 1 0 0 0 -1 6558.dat
1 0 50 -250.5 150 -1 0 0 0 0 -1 0 -1 0 6536.dat
1 0 50 -249.5 150 1 0 0 0 1 0 0 0 1 3705.dat
1 7 35 -249.5 150 0 0 1 0 1 0 -1 0 0 32123a.dat
1 7 65 -249.5 150 0 0 1 0 1 0 -1 0 0 32123a.dat
1 0 20 -90 150.5 0 -1 0 0 0 1 -1 0 0 32009.dat
1 0 80 -90 150.5 0 -1 0 0 0 1 -1 0 0 32009.dat
1 0 50 -129.5 110 1 0 0 0 1 0 0 0 1 32062.dat
1 0 45 -130 70 0 -1 0 0 0 1 -1 0 0 2905.dat
1 0 50 -129.5 30 1 0 0 0 1 0 0 0 1 4519.dat
1 0 55 -130 70 0 -1 0 0 0 1 -1 0 0 2905.dat
1 7 35 -130 109.5 0 1 0 0 0 1 1 0 0 32056.dat
1 7 30 -129.5 150 1 0 0 0 1 0 0 0 1 3749.dat
1 7 65 -130 109.5 0 1 0 0 0 1 1 0 0 32056.dat
1 7 70 -129.5 150 -1 0 0 0 1 0 0 0 -1 3749.dat
1 0 50 -89.5 110 1 0 0 0 1 0 0 0 1 3705.dat
1 0 50 -90.5 110 1 0 0 0 0 -1 0 1 0 6536.dat
1 7 0 -107.5 40 1 0 0 0 1 0 0 0 1 2717.dat
1 7 100 -107.5 40 1 0 0 0 1 0 0 0 1 2717.dat
1 0 50 -275.999 130 0.964824 -0.262898 0 0 0 -1 0.262898 0.964824 0 4288.dat
1 0 50 -222.999 130 0 0.964824 0.262897 1 0 0 0 0.262897 -0.964824 32209.dat
1 0 49.5176 -169.999 129.869 -0.262897 -0.964824 0 0 0 -1 0.964824 -0.262897 0 6538b.dat
1 0 50 -116.999 130 0 -0.964824 0.262897 -1 0 0 0 -0.262897 -0.964824 32209.dat
1 7 49.8686 -77.499 130.482 -0.964824 -0.262898 0 0 0 1 -0.262898 0.964824 0 6589.dat
0
0 FILE l1.ldr
0 l1
0 ROTATION CENTER 0 0 0 1 "Custom" 
0 ROTATION CONFIG 0 0
1 0 170 -170.762 431.214 1 0 0 0 0.998135 -0.0610477 0 0.0610477 0.998135 2780.dat
1 0 160.001 -180.958 270.292 0 0 1 0.0610476 0.998135 0 -0.998135 0.0610476 0 32054.dat
0 MLCAD HIDE 1 0 160.001 -186.452 360.124 0 0 1 0.0610476 0.998135 0 -0.998135 0.0610476 0 3707.dat
1 0 140.501 -190.003 410 0 0 -1 0.0610472 -0.998135 0 -0.998135 -0.0610472 0 32039.dat
1 0 50.0014 -189.504 410.03 1 0 0 0 0.998135 -0.0610486 0 0.0610486 0.998135 3737.dat
1 7 50.5368 -189.504 410.03 0 0 -1 -0.0610489 0.998135 0 0.998135 0.0610489 0 3650c.dat
1 0 70.0369 -186.34 350.112 0 -1 0 0.998135 0 -0.0610489 0.0610489 0 0.998135 2825.dat
1 0 30.0369 -186.34 350.112 0 1 0 -0.998135 0 -0.0610489 -0.0610489 0 0.998135 2825.dat
1 7 15.0369 -185.841 350.142 0 0 1 0.0610489 0.998135 0 -0.998135 0.0610489 0 32123a.dat
1 0 50.0369 -185.841 350.142 1 0 0 0 0.998135 -0.0610486 0 0.0610486 0.998135 3706.dat
1 0 100.037 -186.839 350.081 0 -1 0 0.998135 0 -0.0610489 0.0610489 0 0.998135 32140.dat
1 0 0.0368796 -186.839 350.081 0 -1 0 0.998135 0 -0.0610489 0.0610489 0 0.998135 32140.dat
1 7 85.037 -185.841 350.142 0 0 1 0.0610489 0.998135 0 -0.998135 0.0610489 0 32123a.dat
1 0 50.0369 -185.841 350.142 0 -1 0 -0.998135 0 0.061048 -0.061048 0 -0.998135 6629.dat
1 0 50.0368 -225.567 211.759 -1 0 0 0 0.761877 0.647721 0 0.647721 -0.761877 4519.dat
1 7 75.0368 -225.567 211.759 0 0 1 0.647721 0.761878 0 -0.761878 0.647721 0 32123a.dat
1 7 25.0368 -225.567 211.759 0 0 1 0.647721 0.761878 0 -0.761878 0.647721 0 32123a.dat
1 0 -40.4986 -190.003 410 0 0 1 -0.0610501 -0.998135 0 0.998135 -0.0610501 0 32039.dat
1 0 160.501 -191.224 429.963 0 0 1 0.0610476 0.998135 0 -0.998135 0.0610476 0 6536.dat
1 0 -59.9986 -186.452 360.124 0 0 1 0.0610502 0.998135 0 -0.998135 0.0610502 0 3707.dat
1 0 -59.9986 -180.957 270.292 0 0 1 0.0610502 0.998135 0 -0.998135 0.0610502 0 32054.dat
1 0 -59.4986 -191.224 429.963 0 0 1 0.0610502 0.998135 0 -0.998135 0.0610502 0 6536.dat
1 0 50.0369 -179.736 250.329 1 0 0 0 0.998135 -0.0610477 0 0.0610477 0.998135 3705.dat
1 0 90.0369 -179.736 250.329 0 0 -1 -0.061049 0.998135 0 0.998135 0.061049 0 6538b.dat
1 0 120.037 -179.736 250.329 -1 0 0 0 0.998135 0.061049 0 0.061049 -0.998135 4519.dat
1 0 160.001 -180.236 250.298 0 0 1 0.061045 0.998135 0 -0.998135 0.061045 0 32013.dat
1 0 120.037 -240.154 247.135 0 0 1 0.998135 -0.0610437 0 0.0610438 0.998135 0 32073.dat
1 0 120.037 -278.859 224.73 0 1 0 0.998135 0 0.0610454 0.0610454 0 -0.998135 32039.dat
1 7 120.037 -277.719 214.281 0 0 -1 -0.0610458 0.998135 0 0.998135 0.0610458 0 3749.dat
1 0 120.037 -199.699 249.108 -1 0 0 0 0.0610433 -0.998135 0 -0.998135 -0.0610433 32039.dat
1 0 35.0369 -182.178 290.254 0 -1 0 -0.998135 0 0.061048 -0.061048 0 -0.998135 6632.dat
1 0 50.037 -182.178 290.254 -1 0 0 0 0.998135 0.0610489 0 0.0610489 -0.998135 32062.dat
1 0 65.0369 -182.178 290.254 0 -1 0 -0.998135 0 0.061048 -0.061048 0 -0.998135 6632.dat
1 0 10.0369 -179.736 250.329 0 0 -1 -0.061049 0.998135 0 0.998135 0.061049 0 6538b.dat
1 0 -19.9631 -179.736 250.329 -1 0 0 0 0.998135 0.061049 0 0.061049 -0.998135 4519.dat
1 7 -19.9631 -277.718 214.28 0 0 -1 -0.0610477 0.998135 0 0.998135 0.0610477 0 3749.dat
1 0 -19.9631 -278.859 224.73 0 1 0 0.998135 0 0.0610435 0.0610435 0 -0.998135 32039.dat
1 0 -19.9631 -240.154 247.135 0 0 1 0.998135 -0.0610458 0 0.0610459 0.998135 0 32073.dat
1 0 -19.9631 -199.699 249.108 -1 0 0 0 0.0610452 -0.998135 0 -0.998135 -0.0610453 32039.dat
1 0 -59.9986 -180.235 250.298 0 0 -1 -0.0610529 0.998135 0 0.998135 0.0610529 0 32013.dat
1 0 -59.9986 -180.832 270.299 -1 0 0 0 -0.998135 -0.0610502 0 -0.0610502 0.998135 32184.dat
1 0 -69.9986 -200.92 269.071 -1 0 0 0 0.998135 0.0610501 0 0.0610501 -0.998135 32062.dat
1 0 -79.9986 -200.229 249.576 1 0 0 0 -0.998135 0.0610495 0 -0.0610495 -0.998135 32039.dat
1 7 -79.9986 -199.088 239.127 0 0 -1 -0.0610502 0.998135 0 0.998135 0.0610502 0 3749.dat
1 7 -69.9996 -160.994 271.513 1 0 0 0 0.998135 -0.0610496 0 0.0610496 0.998135 3749.dat
1 2 -50.0475 -238.359 217.187 0.800733 -0.599022 0 0.597904 0.799239 -0.0610486 0.0365695 0.0488835 0.998135 32190.dat
1 2 -79.9997 -174.639 330.79 0 0 -1 -0.0610502 0.998135 0 0.998135 0.0610502 0 3895.dat
1 2 149.638 -238.027 217.209 0.805921 0.592024 0 -0.590919 0.804417 -0.0610489 -0.0361422 0.0492007 0.998135 32191.dat
1 0 170.001 -200.92 269.071 -1 0 0 0 0.998135 0.0610477 0 0.0610477 -0.998135 32062.dat
1 0 160.001 -180.833 270.299 -1 0 0 0 -0.998135 -0.0610478 0 -0.0610478 0.998135 32184.dat
1 7 170 -160.995 271.512 -1 0 0 0 0.998135 0.0610477 0 0.0610477 -0.998135 3749.dat
1 7 180.001 -199.089 239.127 0 0 -1 -0.0610477 0.998135 0 0.998135 0.0610477 0 3749.dat
1 0 180.001 -200.229 249.576 1 0 0 0 -0.998135 0.0610457 0 -0.0610457 -0.998135 32039.dat
0 MLCAD HIDE 1 2 180 -174.639 330.79 0 0 -1 -0.0610477 0.998135 0 0.998135 0.0610477 0 3895.dat
1 0 -69.9997 -170.763 431.214 1 0 0 0 0.998135 -0.0610496 0 0.0610496 0.998135 2780.dat
1 0 -9.96313 -188.283 390.068 1 0 0 0 0.998135 -0.0610486 0 0.0610486 0.998135 2780.dat
1 0 110.037 -188.283 390.068 1 0 0 0 0.998135 -0.0610486 0 0.0610486 0.998135 2780.dat
1 0 -1.363 -0.899 0.202 1 0 0 0 1 0 0 0 1 flex3.ldr
1 0 102.137 -0.899 0.202 -1 0 0 0 1 0 0 0 1 flex3.ldr
0
0 FILE crane_arm.ldr
0 Crane Arm
0 ROTATION CENTER 0 0 0 1 "Custom" 
0 ROTATION CONFIG 0 0
1 0 80.0369 -230.383 450.325 -1 0 0 0 -0.760406 0.649448 0 0.649448 0.760406 4519.dat
1 8 80.0369 -247.593 306.686 0 -1 0 0.975802 0 -0.218655 0.218655 0 0.975802 6629.dat
1 0 50.0368 -247.214 307.283 1 0 0 0 -0.218655 -0.975802 0 0.975802 -0.218655 3705.dat
1 2 50.0368 -230.384 450.325 0 0 -1 -0.649448 -0.760406 0 -0.760406 0.649448 0 6538b.dat
1 8 20.0368 -247.593 306.686 0 -1 0 0.975802 0 -0.218655 0.218655 0 0.975802 6629.dat
1 0 20.0368 -230.383 450.325 -1 0 0 0 -0.760406 0.649448 0 0.649448 0.760406 4519.dat
1 8 70.0368 -286.988 482.322 0 -1 0 0.975756 0 -0.218862 0.218862 0 0.975756 6629.dat
1 0 50.0368 -286.012 482.541 1 0 0 0 0.975756 -0.218862 0 0.218862 0.975756 3705.dat
1 0 50.0368 -269.904 625.62 -1 0 0 0 0.649287 0.760544 0 0.760544 -0.649287 4519.dat
1 8 30.0367 -286.988 482.322 0 -1 0 0.975756 0 -0.218862 0.218862 0 0.975756 6629.dat
1 8 50.0367 -285.986 606.246 0 0 -1 -0.760544 0.649287 0 0.649287 0.760544 0 3794a.dat
1 8 50.0367 -301.568 587.993 0 0 -1 -0.760544 0.649287 0 0.649287 0.760544 0 6541.dat
1 8 50.0367 -280.791 612.331 0 0 -1 -0.760544 0.649287 0 0.649287 0.760544 0 3023.dat
1 8 50.0367 -275.597 618.415 0 0 -1 -0.760544 0.649287 0 0.649287 0.760544 0 3701.dat
1 8 50.0368 -273.883 382.777 0 0 -1 -0.218861 0.975756 0 0.975756 0.218861 0 3703.dat
1 7 30.0367 -277.258 443.511 0 0 1 0.218861 0.975756 0 -0.975756 0.218861 0 3713.dat
1 0 50.0367 -277.258 443.511 1 0 0 0 0.975756 -0.21886 0 0.21886 0.975756 3705.dat
1 8 15.0366 -286.5 482.432 0 -1 0 -0.218861 0 -0.975756 0.975756 0 -0.218861 2905.dat
1 0 50.0368 -294.766 521.571 1 0 0 0 0.975756 -0.218862 0 0.218862 0.975756 3705.dat
1 8 85.0367 -286.5 482.432 0 -1 0 -0.218862 0 -0.975756 0.975756 0 -0.218861 2905.dat
1 7 70.0367 -277.258 443.511 0 0 -1 -0.218861 0.975756 0 0.975756 0.218861 0 3713.dat
1 0 50.0369 -359.819 484.913 -1 0 0 0 0.237954 0.971276 0 0.971276 -0.237954 4519.dat
1 0 0.037 -140.214 -73.866 1 0 0 0 0.969298 0.245886 0 -0.245886 0.969298 sh_ads.ldr
1 0 30.0367 -325.051 473.818 1 0 0 0 -0.959553 0.281528 0 -0.281528 -0.959553 6553.dat
1 0 70.0367 -325.051 473.818 1 0 0 0 0.959553 -0.281527 0 0.281527 0.959553 3706.dat
1 0 70.0367 -325.051 473.818 1 0 0 0 -0.959553 0.281528 0 -0.281528 -0.959553 6553.dat
1 7 50.0367 -325.39 473.198 0 0 1 -0.959553 0.281527 0 -0.281527 -0.959553 0 3713.dat
1 0 69.5367 -354.317 465.232 0 0 -1 -0.959553 -0.281528 0 -0.281528 0.959553 0 6536.dat
1 7 95.0368 -325.389 473.198 0 0 1 -0.959553 0.281527 0 -0.281527 -0.959553 0 32123a.dat
1 0 29.5367 -354.317 465.231 0 0 -1 -0.959553 -0.281528 0 -0.281528 0.959553 0 6536.dat
1 0 116.037 -325.53 473.677 0 0 1 0.959553 -0.281528 0 0.281528 0.959553 0 4288.dat
1 0 50.0367 -295.076 595.599 1 0 0 0 0.649287 -0.760544 0 0.760544 0.649287 6558.dat
1 7 75.0368 -233.485 248.36 0 0 1 0.218988 0.975728 0 -0.975728 0.218988 0 32123a.dat
1 0 50.0368 -233.485 248.36 -1 0 0 0 0.975728 0.218987 0 0.218987 -0.975728 4519.dat
1 7 25.0368 -233.485 248.36 0 0 1 0.218988 0.975728 0 -0.975728 0.218988 0 32123a.dat
1 7 35.0369 -235.674 258.117 0 -1 0 -0.975756 0 0.218861 -0.218861 0 -0.975756 32063.dat
1 7 65.0369 -235.674 258.117 0 -1 0 -0.975756 0 0.218861 -0.218861 0 -0.975756 32063.dat
1 0 50.0367 -273.044 424.267 1 0 0 0 0.649287 -0.760544 0 0.760544 0.649287 6558.dat
1 0 0.037 6.29 3.043 1 0 0 0 0.99996 -0.00893864 0 0.00893864 0.99996 claw1.ldr
1 0 0.037 6.29 3.043 1 0 0 0 0.99996 -0.00893864 0 0.00893864 0.99996 claw2.ldr
0
0 FILE cockpit.ldr
0 cockpit
0 ROTATION CENTER 0 0 0 1 "Custom" 
0 ROTATION CONFIG 0 0
1 47 175.463 -147.614 -146.139 0.00674842 0.708124 0.706056 -0.999846 0.0162087 -0.00669975 -0.0161884 -0.705902 0.708125 4073.dat
1 46 -75.926 -107.106 -144.654 -0.0311341 -0.708308 0.705217 -0.999287 0.0371524 -0.00680171 -0.0213827 -0.704926 -0.708959 4073.dat
1 2 120.012 -152.47 -199.933 -0.000365537 0.00233602 0.999997 -0.708 0.70621 -0.00190854 -0.706212 -0.707999 0.00139576 32192.dat
1 0 50.012 -151.982 -199.678 0.999997 0.000365882 -0.00233669 -0.00190924 0.708 -0.70621 0.00139599 0.706212 0.707999 3706.dat
1 2 39.9663 -166.088 -186.239 -0.999999 0.000577039 -0.00139582 0.000577201 -0.708 -0.706213 -0.00139575 -0.706213 0.707998 32039.dat
1 2 59.9663 -166.088 -186.239 -0.999999 0.000577039 -0.00139582 0.000577201 -0.708 -0.706213 -0.00139575 -0.706213 0.707998 32039.dat
1 2 -19.988 -152.203 -200.129 0.000365609 0.00233618 -0.999997 0.708 0.70621 0.00190857 0.706212 -0.707999 -0.00139577 32192.dat
1 7 -41.1258 -166.877 -184.698 0.708757 0.000365819 0.705453 0.498016 0.708 -0.500716 -0.499644 0.706213 0.501617 3749.dat
1 7 141.05 -166.025 -184.143 -0.705453 0.000366514 0.708757 0.500716 0.708 0.498016 -0.501617 0.706212 -0.499644 3749.dat
1 2 20.0281 -138.468 -199.849 0.000512754 -0.00233353 -0.999997 -0.714667 -0.699463 0.00126583 -0.699464 0.714665 -0.00202623 32000.dat
1 2 80.0352 -138.601 -199.801 -6.53625e-005 -0.00233319 -0.999997 -0.715588 -0.698521 0.00167665 -0.698523 0.715586 -0.00162374 32000.dat
1 47 -47.691 -125.59 -173.999 -0.0311341 -0.708308 0.705217 -0.999287 0.0371524 -0.00680167 -0.0213828 -0.704926 -0.708959 4073.dat
1 47 147.551 -126.064 -173.643 0.00674837 0.708124 0.706056 -0.999846 0.0162086 -0.00669972 -0.0161884 -0.705902 0.708125 4073.dat
1 47 -75.9285 -147.05 -146.758 -0.0311341 -0.708308 0.705217 -0.999286 0.0371522 -0.00680164 -0.0213827 -0.704926 -0.708959 4073.dat
1 0 -21.4166 -269.723 82.5531 0.999998 0.00140933 -0.00170256 -0.00149914 0.998542 -0.0539546 0.00162404 0.0539571 0.998542 32034.dat
1 8 -21.4855 -272.381 122.468 -0.00170782 0.0014219 -0.999998 -0.0540004 0.99854 0.00151205 0.99854 0.0540029 -0.00162854 6587.dat
1 7 109.794 -269.65 82.7801 -0.999999 0.00151223 4.09495e-005 0.00151223 0.99854 0.0540028 4.07748e-005 0.0540028 -0.998541 3749.dat
1 0 89.7939 -269.62 82.7476 -0.00170759 0.00142207 -0.999998 -0.0540003 0.99854 0.00151221 0.99854 0.0540028 -0.0016283 6538b.dat
1 0 49.794 -269.559 82.6824 0.999998 0.00142205 -0.00170795 -0.0015122 0.99854 -0.0539993 0.00162866 0.0540018 0.99854 3705.dat
1 0 8.58331 -269.769 82.6021 -0.00170759 0.00142207 -0.999998 -0.0540003 0.99854 0.00151221 0.99854 0.0540028 -0.0016283 6538b.dat
1 7 -11.4166 -269.739 82.5694 0.999998 0.00142205 -0.00170799 -0.0015122 0.99854 -0.0539993 0.00162871 0.0540018 0.99854 3749.dat
1 0 119.794 -269.665 82.7964 0.999998 0.00140933 -0.00170256 -0.00149914 0.998542 -0.0539546 0.00162404 0.0539571 0.998542 32034.dat
1 8 119.725 -272.323 122.711 -0.00170782 0.0014219 -0.999998 -0.0540004 0.99854 0.00151205 0.99854 0.0540029 -0.00162854 6587.dat
1 2 149.52 -233.862 154.386 0.802307 -0.596909 0.00170769 -0.596113 -0.801083 0.0540028 -0.0308667 -0.0443448 -0.998539 32191.dat
1 0 179.416 -191.716 127.174 0.999998 0.00140933 -0.00170256 -0.00149914 0.998542 -0.0539546 0.00162404 0.0539571 0.998542 32034.dat
0 MLCAD FLEXHOSE 0 0 5.1 0 0.999998 0.00140933 -0.00170256 -0.00149914 0.998542 -0.0539546 0.00162404 0.0539571 0.998542  -80 -190 127  0 0 350 180 -190 127 0 0 350 1000 LS51.dat LS51.dat 0
0 MLCAD SKIP_BEGIN
1 0 -80.4838 -191.355 116.433 0.999997 0.0021129 0.00140933 -0.00152128 0.053954 0.998542 0.00203378 -0.998541 0.0539571 LS51.dat
1 0 -80.4827 -191.324 115.854 0.999995 0.00293516 0.00140933 -0.00156564 0.0539527 0.998542 0.00285484 -0.998539 0.0539571 LS51.dat
1 0 -80.4809 -191.293 115.275 0.999992 -0.00375998 -0.00140933 -0.00161014 -0.0539514 -0.998542 0.00367847 0.998537 -0.0539571 LS51.dat
1 0 -80.4788 -191.261 114.696 0.999989 -0.00458737 -0.00140933 -0.00165478 -0.0539501 -0.998542 0.00450465 0.998533 -0.0539571 LS51.dat
1 0 -80.4761 -191.23 114.115 0.999985 -0.00541734 -0.00140933 -0.00169956 -0.0539487 -0.998542 0.00533341 0.998529 -0.0539571 LS51.dat
1 0 -80.4729 -191.199 113.534 0.99998 -0.00624991 -0.00140933 -0.00174448 -0.0539472 -0.998542 0.00616477 0.998525 -0.0539571 LS51.dat
1 0 -80.4693 -191.167 112.953 0.999975 0.0070851 0.00140933 -0.00178953 0.0539458 0.998542 0.00699874 -0.998519 0.0539571 LS51.dat
1 0 -80.4651 -191.136 112.371 0.999968 -0.00792289 -0.00140933 -0.00183473 -0.0539442 -0.998542 0.00783531 0.998513 -0.0539571 LS51.dat
1 0 -80.4605 -191.104 111.789 0.999961 -0.00876331 -0.00140933 -0.00188007 -0.0539427 -0.998542 0.00867451 0.998506 -0.0539571 LS51.dat
1 0 -80.4554 -191.073 111.206 0.999954 -0.00960638 -0.00140933 -0.00192554 -0.0539411 -0.998542 0.00951636 0.998498 -0.0539571 LS51.dat
1 0 -80.4498 -191.041 110.623 0.999945 -0.0104521 -0.00140933 -0.00197117 -0.0539394 -0.998542 0.0103609 0.99849 -0.0539571 LS51.dat
1 0 -80.4436 -191.01 110.038 0.999936 -0.0113005 -0.00140933 -0.00201693 -0.0539377 -0.998542 0.011208 0.99848 -0.0539571 LS51.dat
1 0 -80.437 -190.978 109.454 0.999925 0.0121515 0.00140933 -0.00206283 0.053936 0.998542 0.0120578 -0.99847 0.0539571 LS51.dat
1 0 -80.4299 -190.947 108.869 0.999915 -0.0130053 -0.00140933 -0.00210889 -0.0539342 -0.998542 0.0129104 0.99846 -0.0539571 LS51.dat
1 0 -80.4223 -190.915 108.284 0.999903 -0.0138618 -0.00140933 -0.00215508 -0.0539324 -0.998542 0.0137656 0.998448 -0.0539571 LS51.dat
1 0 -80.4141 -190.883 107.698 0.999891 0.014721 0.00140933 -0.00220143 0.0539305 0.998542 0.0146235 -0.998436 0.0539571 LS51.dat
1 0 -80.4055 -190.852 107.112 0.999878 -0.0155829 -0.00140933 -0.00224791 -0.0539286 -0.998542 0.0154841 0.998424 -0.0539571 LS51.dat
1 0 -80.3963 -190.82 106.525 0.999864 -0.0164475 -0.00140933 -0.00229455 -0.0539266 -0.998542 0.0163476 0.998409 -0.0539571 LS51.dat
1 0 -80.3867 -190.788 105.938 0.999849 0.017315 0.00140933 -0.00234133 0.0539246 0.998542 0.0172138 -0.998395 0.0539571 LS51.dat
1 0 -80.3765 -190.757 105.349 0.999834 -0.0181852 -0.00140933 -0.00238826 -0.0539226 -0.998542 0.0180827 0.998379 -0.0539571 LS51.dat
1 0 -80.3658 -190.725 104.761 0.999817 -0.0190582 -0.00140933 -0.00243534 -0.0539204 -0.998542 0.0189544 0.998363 -0.0539571 LS51.dat
1 0 -80.3545 -190.693 104.172 0.999801 -0.0199338 -0.00140933 -0.00248257 -0.0539183 -0.998542 0.0198288 0.998347 -0.0539571 LS51.dat
1 0 -80.3428 -190.661 103.582 0.999782 0.0208124 0.00140933 -0.00252995 0.0539161 0.998542 0.0207061 -0.998328 0.0539571 LS51.dat
1 0 -80.3305 -190.629 102.992 0.999764 -0.0216938 -0.00140933 -0.00257748 -0.0539138 -0.998542 0.0215862 0.99831 -0.0539571 LS51.dat
1 0 -80.3176 -190.597 102.402 0.999744 -0.022578 -0.00140933 -0.00262516 -0.0539115 -0.998542 0.0224691 0.99829 -0.0539571 LS51.dat
1 0 -80.3043 -190.565 101.811 0.999724 -0.0234651 -0.00140933 -0.002673 -0.0539092 -0.998542 0.0233549 0.99827 -0.0539571 LS51.dat
1 0 -80.2904 -190.533 101.22 0.999702 0.024355 0.00140933 -0.00272098 0.0539068 0.998542 0.0242435 -0.998249 0.0539571 LS51.dat
1 0 -80.2759 -190.502 100.627 0.999681 -0.0252478 -0.00140933 -0.00276913 -0.0539044 -0.998542 0.0251351 0.998227 -0.0539571 LS51.dat
1 0 -80.261 -190.47 100.035 0.999657 -0.0261435 -0.00140933 -0.00281742 -0.0539018 -0.998542 0.0260294 0.998204 -0.0539571 LS51.dat
1 0 -80.2455 -190.438 99.4422 0.999634 0.0270421 0.00140933 -0.00286587 0.0538993 0.998542 0.0269267 -0.99818 0.0539571 LS51.dat
1 0 -80.2294 -190.405 98.8481 0.999609 -0.0279435 -0.00140933 -0.00291448 -0.0538967 -0.998542 0.0278268 0.998156 -0.0539571 LS51.dat
1 0 -80.2127 -190.373 98.254 0.999583 0.028848 0.00140933 -0.00296324 0.053894 0.998542 0.02873 -0.998129 0.0539571 LS51.dat
1 0 -80.1955 -190.341 97.6599 0.999556 -0.0297553 -0.00140933 -0.00301216 -0.0538913 -0.998542 0.029636 0.998103 -0.0539571 LS51.dat
1 0 -80.1778 -190.309 97.0648 0.999529 -0.0306657 -0.00140933 -0.00306125 -0.0538885 -0.998542 0.030545 0.998076 -0.0539571 LS51.dat
1 0 -80.1595 -190.277 96.4697 0.999501 -0.0315789 -0.00140933 -0.00311048 -0.0538857 -0.998542 0.031457 0.998048 -0.0539571 LS51.dat
1 0 -80.1407 -190.245 95.8736 0.999472 -0.0324952 -0.00140933 -0.00315988 -0.0538829 -0.998542 0.0323719 0.998019 -0.0539571 LS51.dat
1 0 -80.1213 -190.213 95.2775 0.999441 -0.0334144 -0.00140933 -0.00320944 -0.0538799 -0.998542 0.0332898 0.997988 -0.0539571 LS51.dat
1 0 -80.1012 -190.18 94.6804 0.999409 -0.0343368 -0.00140933 -0.00325916 -0.0538769 -0.998542 0.0342108 0.997957 -0.0539571 LS51.dat
1 0 -80.0806 -190.148 94.0823 0.999378 -0.035262 -0.00140933 -0.00330904 -0.0538739 -0.998542 0.0351347 0.997925 -0.0539571 LS51.dat
1 0 -80.0595 -190.116 93.4852 0.999344 0.0361904 0.00140933 -0.00335908 0.0538708 0.998542 0.0360617 -0.997892 0.0539571 LS51.dat
1 0 -80.0379 -190.084 92.8861 0.999311 -0.0371218 -0.00140933 -0.00340929 -0.0538677 -0.998542 0.0369918 0.997858 -0.0539571 LS51.dat
1 0 -80.0156 -190.051 92.287 0.999275 -0.0380563 -0.00140933 -0.00345966 -0.0538644 -0.998542 0.0379249 0.997823 -0.0539571 LS51.dat
1 0 -79.9927 -190.019 91.6879 0.999239 0.0389939 0.00140933 -0.0035102 0.0538611 0.998542 0.0388611 -0.997786 0.0539571 LS51.dat
1 0 -79.9692 -189.986 91.0878 0.999202 -0.0399345 -0.00140933 -0.00356091 -0.0538578 -0.998542 0.0398004 0.99775 -0.0539571 LS51.dat
1 0 -79.9452 -189.954 90.4877 0.999163 -0.0408783 -0.00140933 -0.00361177 -0.0538544 -0.998542 0.0407428 0.997711 -0.0539571 LS51.dat
1 0 -79.9206 -189.922 89.8867 0.999125 -0.0418252 -0.00140933 -0.00366281 -0.053851 -0.998542 0.0416883 0.997673 -0.0539571 LS51.dat
1 0 -79.8953 -189.889 89.2854 0.999084 -0.0427752 -0.00140933 -0.00371402 -0.0538475 -0.998542 0.042637 0.997633 -0.0539571 LS51.dat
1 0 -79.8696 -189.857 88.6836 0.999042 -0.0437285 -0.00140933 -0.00376539 -0.0538439 -0.998542 0.0435888 0.997591 -0.0539571 LS51.dat
1 0 -79.8432 -189.824 88.0812 0.999001 -0.0446848 -0.00140933 -0.00381693 -0.0538403 -0.998542 0.0445438 0.99755 -0.0539571 LS51.dat
1 0 -79.8162 -189.792 87.4784 0.998957 -0.0456444 -0.00140933 -0.00386865 -0.0538366 -0.998542 0.045502 0.997506 -0.0539571 LS51.dat
1 0 -79.7885 -189.759 86.8752 0.998913 -0.0466072 -0.00140933 -0.00392053 -0.0538328 -0.998542 0.0464633 0.997462 -0.0539571 LS51.dat
1 0 -79.7604 -189.726 86.2714 0.998867 -0.0475732 -0.00140933 -0.00397259 -0.053829 -0.998542 0.0474279 0.997416 -0.0539571 LS51.dat
1 0 -79.7316 -189.694 85.6671 0.99882 0.0485424 0.00140933 -0.00402482 0.0538251 0.998542 0.0483958 -0.99737 0.0539571 LS51.dat
1 0 -79.7021 -189.661 85.0625 0.998773 0.0495149 0.00140933 -0.00407723 0.0538212 0.998542 0.0493669 -0.997322 0.0539571 LS51.dat
1 0 -79.6721 -189.629 84.4573 0.998724 0.0504906 0.00140933 -0.00412981 0.0538172 0.998542 0.0503412 -0.997273 0.0539571 LS51.dat
1 0 -79.6414 -189.596 83.8516 0.998674 -0.0514697 -0.00140933 -0.00418257 -0.0538131 -0.998542 0.0513188 0.997224 -0.0539571 LS51.dat
1 0 -79.6102 -189.563 83.2454 0.998623 -0.0524521 -0.00140933 -0.0042355 -0.053809 -0.998542 0.0522998 0.997172 -0.0539571 LS51.dat
1 0 -79.5782 -189.53 82.6388 0.998571 0.0534377 0.00140933 -0.00428861 0.0538048 0.998542 0.0532839 -0.997121 0.0539571 LS51.dat
1 0 -79.5457 -189.498 82.0317 0.998517 0.0544267 0.00140933 -0.0043419 0.0538005 0.998542 0.0542715 -0.997067 0.0539571 LS51.dat
1 0 -79.5125 -189.465 81.4242 0.998463 -0.055419 -0.00140933 -0.00439536 -0.0537962 -0.998542 0.0552624 0.997013 -0.0539571 LS51.dat
1 0 -79.4787 -189.432 80.8162 0.998407 0.0564147 0.00140933 -0.00444901 0.0537918 0.998542 0.0562566 -0.996957 0.0539571 LS51.dat
1 0 -79.4443 -189.399 80.2076 0.99835 0.0574138 0.00140933 -0.00450284 0.0537873 0.998542 0.0572543 -0.996901 0.0539571 LS51.dat
1 0 -79.4092 -189.366 79.5987 0.998291 -0.0584163 -0.00140933 -0.00455685 -0.0537827 -0.998542 0.0582553 0.996842 -0.0539571 LS51.dat
1 0 -79.3735 -189.334 78.9893 0.998233 -0.0594222 -0.00140933 -0.00461104 -0.0537781 -0.998542 0.0592598 0.996784 -0.0539571 LS51.dat
1 0 -79.3372 -189.301 78.3795 0.998172 -0.0604316 -0.00140933 -0.00466542 -0.0537734 -0.998542 0.0602677 0.996723 -0.0539571 LS51.dat
1 0 -79.3001 -189.268 77.7691 0.99811 0.0614443 0.00140933 -0.00471997 0.0537687 0.998542 0.0612789 -0.996662 0.0539571 LS51.dat
1 0 -79.2625 -189.235 77.1583 0.998047 -0.0624606 -0.00140933 -0.00477472 -0.0537638 -0.998542 0.0622937 0.996598 -0.0539571 LS51.dat
1 0 -79.2241 -189.202 76.547 0.997983 -0.0634804 -0.00140933 -0.00482966 -0.0537589 -0.998542 0.0633121 0.996534 -0.0539571 LS51.dat
1 0 -79.1852 -189.169 75.9353 0.997917 -0.0645036 -0.00140933 -0.00488477 -0.0537539 -0.998542 0.0643338 0.996469 -0.0539571 LS51.dat
1 0 -79.1455 -189.136 75.3232 0.99785 0.0655304 0.00140933 -0.00494008 0.0537489 0.998542 0.0653591 -0.996402 0.0539571 LS51.dat
1 0 -79.1053 -189.103 74.7105 0.997782 -0.0665606 -0.00140933 -0.00499558 -0.0537437 -0.998542 0.0663879 0.996334 -0.0539571 LS51.dat
1 0 -79.0644 -189.07 74.0975 0.997713 -0.0675945 -0.00140933 -0.00505126 -0.0537386 -0.998542 0.0674202 0.996265 -0.0539571 LS51.dat
1 0 -79.0227 -189.037 73.4839 0.997641 -0.0686319 -0.00140933 -0.00510714 -0.0537332 -0.998542 0.0684561 0.996194 -0.0539571 LS51.dat
1 0 -78.9804 -189.003 72.8699 0.997569 -0.0696729 -0.00140933 -0.0051632 -0.0537279 -0.998542 0.0694956 0.996122 -0.0539571 LS51.dat
1 0 -78.9374 -188.97 72.2555 0.997495 0.0707176 0.00140933 -0.00521947 0.0537224 0.998542 0.0705387 -0.996048 0.0539571 LS51.dat
1 0 -78.8938 -188.937 71.6406 0.997421 -0.0717657 -0.00140933 -0.00527592 -0.0537169 -0.998542 0.0715854 0.995974 -0.0539571 LS51.dat
1 0 -78.8494 -188.904 71.0253 0.997345 0.0728176 0.00140933 -0.00533257 0.0537114 0.998542 0.0726357 -0.995898 0.0539571 LS51.dat
1 0 -78.8044 -188.871 70.4095 0.997267 -0.0738732 -0.00140933 -0.00538941 -0.0537057 -0.998542 0.0736898 0.995821 -0.0539571 LS51.dat
1 0 -78.7587 -188.838 69.7933 0.997188 -0.0749324 -0.00140933 -0.00544646 -0.0536999 -0.998542 0.0747475 0.995742 -0.0539571 LS51.dat
