0 FILE Main.ldr
0 Untitled
0 Name: Main.ldr
0 Author: marco
0 Unofficial Model
0 ROTATION CENTER 0 0 0 1 "Custom" 
0 ROTATION CONFIG 0 0
1 7 0 0 0 -1 0 0 0 0.997564 0.0697565 0 0.0697565 -0.997564 B.ldr
1 7 0 0 0 -1 0 0 0 0.997564 0.0697565 0 0.0697565 -0.997564 C.ldr
1 7 0 16.805 -10.954 -1 0 0 0 0.997564 0.0697565 0 0.0697565 -0.997564 D.ldr
1 7 0 0 0 -1 0 0 0 0.997564 0.0697565 0 0.0697565 -0.997564 E.ldr
1 7 0 0 0 -1 0 0 0 0.997564 0.0697565 0 0.0697565 -0.997564 F.ldr
1 7 0 0 0 -1 0 0 0 0.997564 0.0697565 0 0.0697565 -0.997564 G.ldr
1 7 0 0 0 -1 0 0 0 0.997564 0.0697565 0 0.0697565 -0.997564 H.ldr
1 7 0 0 0 -1 0 0 0 0.997564 0.0697565 0 0.0697565 -0.997564 I.ldr
1 7 0 0 0 -1 0 0 0 0.997564 0.0697565 0 0.0697565 -0.997564 J.ldr
1 7 0 0 0 -1 0 0 0 0.997564 0.0697565 0 0.0697565 -0.997564 electric bricks.ldr
1 7 0 0 0 -1 0 0 0 0.997564 0.0697565 0 0.0697565 -0.997564 A.ldr
1 7 -0.7 -0.5 -0.032 -1 0 0 0 0.997564 0.0697565 0 0.0697565 -0.997564 fex.ldr
1 7 -603.4 -0.5 -0.032 1 0 0 0 0.997564 0.0697565 0 0.0697565 -0.997564 fex.ldr
0
0 FILE B.ldr
0 B
0 ROTATION CENTER 0 0 0 1 "Custom" 
0 ROTATION CONFIG 0 0
1 7 302 155.671 79.7524 0 0 -1 0 1 0 1 0 0 3647.dat
1 0 302 155.671 79.7524 1 0 0 0 1 0 0 0 1 3705.dat
1 3 302 75.1713 49.7524 -1 0 0 0 0 -1 0 -1 0 32069.dat
1 0 302.5 115.171 34.7549 -1 0 0 0 0 1 0 1 0 32063.dat
1 0 302.5 115.171 44.7549 -1 0 0 0 0 1 0 1 0 32063.dat
1 3 302 155.171 49.7524 -1 0 0 0 0 -1 0 -1 0 32069.dat
1 7 352 75.6713 79.7524 0 0 1 0 1 0 -1 0 0 3713.dat
1 0 302 75.6713 79.7524 1 0 0 0 1 0 0 0 1 3706.dat
1 7 302 75.6713 79.7524 0 0 -1 0 1 0 1 0 0 3647.dat
1 7 252 75.6713 79.7524 0 0 -1 0 1 0 1 0 0 4019.dat
1 0 312 125.171 105.252 0 0 1 -1 0 0 0 -1 0 2420.dat
1 0 302 115.171 97.2524 1 0 0 0 0 1 0 -1 0 3022.dat
1 0 292 125.171 105.252 -1 0 0 0 0 -1 0 -1 0 2420.dat
1 0 332 55.1714 105.252 0 0 -1 1 0 0 0 -1 0 3666.dat
1 3 332 35.1714 129.252 0 0 -1 1 0 0 0 -1 0 3700.dat
1 0 332 35.1714 137.252 0 0 1 -1 0 0 0 -1 0 3710.dat
1 0 332 55.1714 145.252 0 0 -1 1 0 0 0 -1 0 3666.dat
1 0 332 85.1714 137.252 1 0 0 0 0 1 0 -1 0 3024.dat
1 0 332 135.171 129.252 0 0 -1 1 0 0 0 -1 0 3702.dat
1 7 302 175.171 200.952 -1 0 0 0 0 -1 0 -1 0 71427c01.dat
1 0 302 195.571 201.852 0 0 1 -1 0 0 0 -1 0 5306.dat
1 1 302 123.571 211.852 0 0 2 0 -2 0 2 0 0 arrow_.ldr
1 0 332 155.171 105.252 0 0 -1 1 0 0 0 -1 0 32028.dat
1 0 332 135.171 97.2524 0 0 1 -1 0 0 0 -1 0 3460.dat
1 0 332 115.171 89.2524 0 0 1 -1 0 0 0 -1 0 3894.dat
1 0 302 195.171 105.252 1 0 0 0 0 1 0 -1 0 3020.dat
1 0 272 135.171 129.252 0 0 -1 1 0 0 0 -1 0 3702.dat
1 0 302 115.171 137.252 1 0 0 0 0 1 0 -1 0 3709b.dat
1 0 302 105.171 129.252 1 0 0 0 0 1 0 -1 0 3700.dat
1 0 322 125.171 145.252 1 0 0 0 0 1 0 -1 0 3023.dat
1 0 282 125.171 145.252 1 0 0 0 0 1 0 -1 0 3023.dat
1 0 272 55.1714 105.252 0 0 -1 1 0 0 0 -1 0 3666.dat
1 3 272 35.1714 129.252 0 0 -1 1 0 0 0 -1 0 3700.dat
1 0 272 35.1714 137.252 0 0 1 -1 0 0 0 -1 0 3710.dat
1 0 272 55.1714 145.252 0 0 -1 1 0 0 0 -1 0 3666.dat
1 0 272 85.1714 137.252 1 0 0 0 0 1 0 -1 0 3024.dat
1 0 272 95.1714 169.252 0 0 -1 1 0 0 0 -1 0 3701.dat
1 0 272 135.171 97.2524 0 0 1 -1 0 0 0 -1 0 3460.dat
1 0 272 115.171 89.2524 0 0 1 -1 0 0 0 -1 0 3894.dat
1 0 272 155.171 105.252 0 0 1 -1 0 0 0 -1 0 32028.dat
1 0 302 205.171 129.252 1 0 0 0 0 1 0 -1 0 3700.dat
1 0 332 95.1714 169.252 0 0 -1 1 0 0 0 -1 0 3701.dat
1 0 302 5.17139 129.252 1 0 0 0 0 1 0 -1 0 3701.dat
1 7 302 130.171 119.252 1 0 0 0 0 1 0 -1 0 32123a.dat
1 0 302 163.171 119.252 0 0 1 -1 0 0 0 -1 0 3707.dat
1 7 302 92.6714 119.252 -1 0 0 0 0 -1 0 -1 0 6589.dat
1 7 302 120.171 119.252 1 0 0 0 0 1 0 -1 0 32123a.dat
1 7 301.5 185.171 119.752 0 -1 0 0 0 1 -1 0 0 3713.dat
1 7 302.5 225.171 119.752 0 1 0 0 0 1 1 0 0 4019.dat
1 0 262 115.671 119.752 1 0 0 0 1 0 0 0 1 2780.dat
1 3 247 115.171 120.252 0 1 0 -1 0 0 0 0 1 32017.dat
1 0 262 115.671 79.7524 1 0 0 0 1 0 0 0 1 2780.dat
1 3 257 115.171 120.252 0 1 0 -1 0 0 0 0 1 32017.dat
1 0 262 115.671 159.752 1 0 0 0 1 0 0 0 1 2780.dat
1 7 352 75.6651 119.831 0 0 1 0.157625 0.987499 0 -0.987499 0.157625 0 3713.dat
1 0 302 75.6652 119.831 1 0 0 0 0.987499 -0.157625 0 0.157625 0.987499 3706.dat
1 7 284.5 75.2502 119.259 0 0 1 -0.987499 0.157625 0 -0.157624 -0.987499 0 6589.dat
1 7 252 75.6652 119.831 0 0 -1 -0.157623 0.987499 0 0.987499 0.157623 0 4019.dat
1 0 342 115.671 79.7524 1 0 0 0 1 0 0 0 1 2780.dat
1 3 357 115.171 120.252 0 1 0 -1 0 0 0 0 1 32017.dat
1 0 342 115.671 159.752 1 0 0 0 1 0 0 0 1 2780.dat
1 3 347 115.171 120.252 0 1 0 -1 0 0 0 0 1 32017.dat
1 0 342 115.671 119.752 1 0 0 0 1 0 0 0 1 2780.dat
1 0 352 194.671 119.752 -1 0 0 0 -1 0 0 0 1 6558.dat
1 14 377 194.671 139.752 0 1 0 1 0 0 0 0 -1 32065.dat
1 0 392 194.621 179.743 -1 0 0 0 1 0 0 0 -1 32054.dat
1 14 367 194.671 139.752 0 1 0 1 0 0 0 0 -1 32065.dat
1 0 352 194.671 199.752 -1 0 0 0 -1 0 0 0 1 6558.dat
1 0 332 195.171 209.252 0 0 -1 1 0 0 0 -1 0 3700.dat
1 7 327 155.671 19.7523 0 0 -1 0 1 0 1 0 0 32123a.dat
1 0 302 155.671 19.7523 1 0 0 0 1 0 0 0 1 4519.dat
1 0 302.5 154.671 19.7523 -1 0 0 0 0 -1 0 -1 0 6536.dat
1 3 317 155.171 20.2523 0 -1 0 0 0 1 -1 0 0 6632.dat
1 7 277 155.671 19.7523 0 0 -1 0 1 0 1 0 0 32123a.dat
1 3 287 155.171 20.2523 0 -1 0 0 0 1 -1 0 0 6632.dat
1 0 302 195.671 19.7523 1 0 0 0 1 0 0 0 1 4519.dat
1 0 302.5 194.671 19.7523 -1 0 0 0 0 -1 0 -1 0 6536.dat
1 0 332 195.171 19.7524 0 1 0 -1 0 0 0 0 1 2825.dat
1 7 342 194.671 79.7524 -1 0 0 0 -1 0 0 0 1 3749.dat
1 0 272 195.171 19.7524 0 -1 0 1 0 0 0 0 1 2825.dat
1 7 262 195.671 79.7523 1 0 0 0 1 0 0 0 1 3749.dat
1 0 252 185.671 119.752 0 0 -1 0 1 0 1 0 0 2730.dat
1 0 352 185.671 119.752 0 0 1 0 1 0 -1 0 0 2730.dat
1 8 342 194.421 39.7524 -1 0 0 0 -1 0 0 0 1 32002.dat
1 8 262 195.921 39.7524 1 0 0 0 1 0 0 0 1 32002.dat
1 0 252 195.671 119.752 1 0 0 0 1 0 0 0 1 6558.dat
1 14 227 195.671 139.752 0 -1 0 -1 0 0 0 0 -1 32065.dat
1 7 222 195.671 159.752 -1 0 0 0 1 0 0 0 -1 4274.dat
1 14 237 195.671 139.752 0 -1 0 -1 0 0 0 0 -1 32065.dat
1 0 212 195.18 79.2524 1 0 0 0 0.0175028 0.999847 0 -0.999847 0.0175028 32054.dat
1 0 212 194.13 179.243 1 0 0 0 0.0175028 0.999847 0 -0.999847 0.0175028 32054.dat
1 0 252 195.671 199.752 1 0 0 0 1 0 0 0 1 6558.dat
1 0 272 195.171 209.252 0 0 -1 1 0 0 0 -1 0 3700.dat
1 0 392 195.671 79.7524 -1 0 0 0 1 0 0 0 -1 32054.dat
1 7 382 194.671 159.752 1 0 0 0 -1 0 0 0 -1 4274.dat
1 0 372.5 35.1714 80.2524 -1 0 0 0 -1 0 0 0 1 6536.dat
1 0 362 35.6714 79.7524 1 0 0 0 1 0 0 0 1 32062.dat
1 0 357 35.6714 119.752 0 -1 0 -1 0 0 0 0 -1 6632.dat
1 0 347 35.6714 119.752 0 -1 0 -1 0 0 0 0 -1 6632.dat
1 0 302 35.1714 119.252 1 0 0 0 0 1 0 -1 0 3707.dat
1 0 372.5 35.1714 120.252 -1 0 0 0 -1 0 0 0 1 6536.dat
1 0 242 35.6714 79.7524 1 0 0 0 1 0 0 0 1 32062.dat
1 0 232.5 35.1714 80.2524 -1 0 0 0 -1 0 0 0 1 6536.dat
1 0 257 35.6714 119.752 0 -1 0 -1 0 0 0 0 -1 6632.dat
1 0 247 35.6714 119.752 0 -1 0 -1 0 0 0 0 -1 6632.dat
1 0 232.5 35.1714 120.252 -1 0 0 0 -1 0 0 0 1 6536.dat
1 0 232.25 15.6044 99.7514 0 0.5 0.866026 0 0.866026 -0.5 -1 0 0 4519.dat
1 7 302.087 224.871 159.038 0.00363264 0.999993 0 0 0 1 0.999993 -0.00363264 0 4019.dat
0
0 FILE C.ldr
0 C
0 ROTATION CENTER 0 0 0 1 "Custom" 
0 ROTATION CONFIG 0 0
1 0 302.001 275.672 -20.2477 1 0 0 0 1 0 0 0 1 4519.dat
1 14 302.001 275.672 -20.2477 0 0 -1 0 1 0 1 0 0 3482.dat
1 256 300.62 275.172 -20.2477 0 0 -1 0 1 0 1 0 0 61254.dat
1 0 322 255.572 -0.24766 1 0 0 0 0 1 0 -1 0 32039.dat
1 0 322 265.172 0.252339 0 0 1 1 0 0 0 1 0 32062.dat
1 0 321.5 275.572 -0.247661 0 0 -1 1 0 0 0 -1 0 6536.dat
1 0 302 235.672 -0.247665 1 0 0 0 1 0 0 0 1 4519.dat
1 0 302 215.672 -0.247659 1 0 0 0 0 -1 0 1 0 32039.dat
1 0 302 185.172 0.252345 0 0 1 1 0 0 0 1 0 3705.dat
1 0 282 255.572 -0.247658 1 0 0 0 0 1 0 -1 0 32039.dat
1 0 282 265.172 0.252339 0 0 1 1 0 0 0 1 0 32062.dat
1 0 281.5 275.572 -0.247661 0 0 -1 1 0 0 0 -1 0 6536.dat
1 7 302 175.172 0.252339 1 0 0 0 0 -1 0 1 0 3713.dat
0 
0
0 FILE D.ldr
0 wheels
0 ROTATION CENTER 0 0 0 1 "Custom" 
0 ROTATION CONFIG 0 0
1 14 180 203.387 337.973 0 0 1 0.798604 0.601856 0 -0.601856 0.798604 0 6595.dat
1 256 180 203.387 337.973 0 0 1 0.798604 0.601856 0 -0.601856 0.798604 0 6594.dat
1 0 200 203.688 337.574 1 0 0 0 0.601856 0.798605 0 -0.798605 0.601856 32062.dat
1 14 422 203.387 337.973 0 0 -1 0.601856 0.798605 0 0.798605 -0.601856 0 6595.dat
1 256 422 203.387 337.973 0 0 -1 0.601856 0.798605 0 0.798605 -0.601856 0 6594.dat
1 0 402 203.688 337.574 1 0 0 0 0.601856 0.798605 0 -0.798605 0.601856 32062.dat
0
0 FILE E.ldr
0 head
0 ROTATION CENTER 0 0 0 1 "Custom" 
0 ROTATION CONFIG 0 0
1 0 302 -100.791 280.456 0 0 1 -0.978464 0.206418 0 -0.206417 -0.978464 0 32062.dat
1 0 302 -71.4368 286.648 1 0 0 0 0.206415 0.978465 0 -0.978465 0.206415 32013.dat
1 0 302 -130.351 275.242 1 0 0 0 -0.206417 -0.978464 0 0.978464 -0.206417 32034.dat
1 0 302 -159.499 268.071 0 0 1 -0.978464 0.206418 0 -0.206417 -0.978464 0 32062.dat
1 0 302.5 -169.876 266.393 0 0 1 0.978464 -0.206417 0 0.206417 0.978464 0 6536.dat
1 0 302 -129.759 274.856 1 0 0 0 0.978464 -0.206417 0 0.206417 0.978464 6558.dat
1 0 372 -166.951 98.9682 -1 0 0 0 1 0 0 0 -1 6558.dat
1 3 352 -87.7512 159.368 0 1 0 0.600001 0 -0.799999 -0.799999 0 -0.600001 6629.dat
1 7 321.5 -87.4512 158.968 0 1 0 0.799999 0 0.600002 0.600002 0 -0.799999 6553.dat
1 8 322 -81.0512 163.768 0 0 -1 -0.8 -0.600001 0 -0.600001 0.8 0 6587.dat
1 0 322 -99.1512 149.568 0 0 -1 -0.600001 0.799999 0 0.799999 0.600001 0 6632.dat
1 8 282 -81.0513 163.768 0 0 -1 -0.8 -0.600001 0 -0.600001 0.8 0 6587.dat
1 0 322 -75.1513 167.568 0 0 -1 -0.600001 0.799999 0 0.799999 0.600001 0 6632.dat
1 7 282.5 -87.4513 158.968 0 -1 0 0.799999 0 -0.600001 0.600001 0 0.799999 6553.dat
1 3 252 -87.7512 159.368 0 1 0 0.600001 0 -0.799999 -0.799999 0 -0.600001 6629.dat
1 0 232 -166.951 98.9683 -1 0 0 0 1 0 0 0 -1 6558.dat
1 7 202 -87.0512 159.268 1 0 0 0 0.799999 -0.600002 0 0.600002 0.799999 3749.dat
1 3 212 -87.7512 159.368 0 1 0 0.600001 0 -0.799999 -0.799999 0 -0.600001 6629.dat
1 0 232 -102.951 146.968 -1 0 0 0 1 0 0 0 -1 6558.dat
1 7 232 -102.951 176.968 0 0 1 0 1 0 -1 0 0 3749.dat
1 0 232 -102.951 146.968 -1 0 0 0 1 0 0 0 -1 32013.dat
1 0 232 -166.951 78.9683 -1 0 0 0 1 0 0 0 -1 6558.dat
1 0 372 -144.951 158.968 0 0 -1 0 1 0 1 0 0 32028.dat
1 0 372 -152.951 138.968 0 0 -1 0 1 0 1 0 0 3710.dat
1 0 372 -176.951 118.968 0 0 -1 0 1 0 1 0 0 3894.dat
1 0 372 -136.951 158.968 0 0 -1 0 1 0 1 0 0 3700.dat
1 0 392 -167.451 178.468 -1 0 0 0 -1 0 0 0 1 32039.dat
1 0 362 -166.951 158.968 1 0 0 0 1 0 0 0 1 3706.dat
1 3 302 -166.951 158.968 0 0 1 0 1 0 -1 0 0 6538b.dat
1 0 242 -166.951 158.968 1 0 0 0 1 0 0 0 1 3706.dat
1 0 210 -167.451 178.468 -1 0 0 0 -1 0 0 0 1 32039.dat
1 7 210 -166.951 188.968 0 0 1 0 1 0 -1 0 0 3749.dat
1 3 277 -167.451 159.468 0 -1 0 0 0 1 -1 0 0 6632.dat
1 0 252 -126.951 158.968 1 0 0 0 1 0 0 0 1 32073.dat
1 3 267 -167.451 159.468 0 -1 0 0 0 1 -1 0 0 6632.dat
1 0 252 -127.451 158.468 0 -1 0 0 0 -1 1 0 0 6629.dat
1 0 300 -263.051 207.268 1 0 0 0 0.799999 -0.600002 0 0.600002 0.799999 3737.dat
1 7 372 -263.051 207.268 0 0 -1 -0.600002 0.799999 0 0.799999 0.600002 0 3713.dat
1 7 332 -263.051 207.268 0 0 -1 -0.600002 0.799999 0 0.799999 0.600002 0 3713.dat
1 7 272 -263.151 206.568 0 0 1 -0.799999 0.600002 0 -0.600002 -0.799999 0 3713.dat
1 7 232 -263.151 206.568 0 0 1 -0.799999 0.600002 0 -0.600002 -0.799999 0 3713.dat
1 0 352 -127.451 158.468 0 -1 0 0 0 -1 1 0 0 6629.dat
1 0 352 -126.951 158.968 1 0 0 0 1 0 0 0 1 32073.dat
1 3 337 -167.451 159.468 0 -1 0 0 0 1 -1 0 0 6632.dat
1 3 327 -167.451 159.468 0 -1 0 0 0 1 -1 0 0 6632.dat
1 0 392 -127.451 178.468 -1 0 0 0 -1 0 0 0 1 32039.dat
1 7 392 -126.951 188.968 0 0 1 0 1 0 -1 0 0 3749.dat
1 3 302 -126.951 158.968 0 0 1 0 1 0 -1 0 0 6538b.dat
1 0 212 -127.451 178.468 -1 0 0 0 -1 0 0 0 1 32039.dat
1 7 212 -126.951 188.968 0 0 1 0 1 0 -1 0 0 3749.dat
1 0 232 -144.951 158.968 0 0 1 0 1 0 -1 0 0 32028.dat
1 0 232 -152.951 138.968 0 0 -1 0 1 0 1 0 0 3710.dat
1 0 232 -176.951 118.968 0 0 -1 0 1 0 1 0 0 3894.dat
1 0 232 -136.951 158.968 0 0 -1 0 1 0 1 0 0 3700.dat
1 0 392.001 -263.851 206.668 -1 0 0 0 -0.799999 -0.600002 0 -0.600002 0.799999 32016.dat
1 0 392.001 -245.051 183.268 0 0 1 0.600002 0.799999 0 -0.799999 0.600002 0 32062.dat
1 0 392 -227.151 158.568 0 0 1 -0.799999 0.600002 0 -0.600002 -0.799999 0 32014.dat
1 0 302 -227.151 158.568 1 0 0 0 0.600002 0.799999 0 -0.799999 0.600002 3707.dat
1 3 312 -235.931 303.108 0 1 0 0.960001 0 -0.279998 -0.279998 0 -0.960001 6629.dat
1 3 292 -235.932 303.108 0 1 0 0.960001 0 -0.279998 -0.279998 0 -0.960001 6629.dat
1 7 282 -234.972 302.828 1 0 0 0 0.960001 0.279996 0 -0.279996 0.960001 3749.dat
1 7 212 -270.413 236.155 0 0 1 0.248183 0.968713 0 -0.968713 0.248183 0 3749.dat
1 0 212 -263.852 206.669 -1 0 0 0 -0.799999 -0.600002 0 -0.600002 0.799999 32016.dat
1 0 212 -245.052 183.269 0 0 1 0.600002 0.799999 0 -0.799999 0.600002 0 32062.dat
1 0 211.5 -227.452 158.969 0 -1 0 -0.799999 0 0.600002 -0.600002 0 -0.799998 32014.dat
1 0 322 -243.451 146.968 0 1 0 0.600002 0 -0.799999 -0.799999 0 -0.600002 32068.dat
1 0 262 -243.451 146.968 0 1 0 0.600002 0 -0.799999 -0.799999 0 -0.600002 32068.dat
1 0 322 -240.571 283.628 1 0 0 0 0.960001 0.279996 0 -0.279996 0.960001 2780.dat
1 7 272.601 -263.038 284.664 0 0 1 0.461061 -0.887368 0 0.887368 0.461061 0 3749.dat
1 0 332.501 -258.568 293.433 0 0 1 -0.461062 0.887368 0 -0.887368 -0.461062 0 6536.dat
1 0 302 -246.171 264.428 1 0 0 0 0.960001 0.279996 0 -0.279996 0.960001 2780.dat
1 0 282 -240.572 283.628 1 0 0 0 0.960001 0.279996 0 -0.279996 0.960001 2780.dat
1 0 272.501 -258.795 293.011 0 0 1 -0.439678 0.898156 0 -0.898155 -0.439678 0 6536.dat
1 0 372 -166.951 78.9682 -1 0 0 0 1 0 0 0 -1 6558.dat
1 7 402 -87.1513 158.568 -1 0 0 0 0.600003 -0.799998 0 -0.799998 -0.600003 3749.dat
1 3 392 -87.7513 159.368 0 1 0 0.600001 0 -0.799999 -0.799999 0 -0.600001 6629.dat
1 0 372 -102.951 146.968 -1 0 0 0 1 0 0 0 -1 6558.dat
1 0 372 -102.951 146.968 -1 0 0 0 1 0 0 0 -1 32013.dat
1 0 372 -134.951 122.968 -1 0 0 0 1 0 0 0 -1 6558.dat
1 3 367 -95.9512 122.968 0 1 0 0 0 -1 -1 0 0 32017.dat
1 3 262 -94.9512 122.968 0 0 1 0 1 0 -1 0 0 6538b.dat
1 0 302 -94.9512 122.968 1 0 0 0 1 0 0 0 1 3705.dat
1 3 342 -94.9512 122.968 0 0 1 0 1 0 -1 0 0 6538b.dat
1 0 402 -94.9512 122.968 1 0 0 0 1 0 0 0 1 3706.dat
1 7 392 -95.4512 123.468 0 0 -1 -1 0 0 0 1 0 3713.dat
1 0 202 -94.9512 122.968 1 0 0 0 1 0 0 0 1 3706.dat
1 7 212 -95.4512 122.468 0 0 1 -1 0 0 0 -1 0 3713.dat
1 3 377 -95.9512 122.968 0 1 0 0 0 -1 -1 0 0 32017.dat
1 0 402 -54.9512 122.968 1 0 0 0 1 0 0 0 1 3706.dat
1 3 342 -54.9512 122.968 0 0 1 0 1 0 -1 0 0 6538b.dat
1 0 302 -54.9512 122.968 1 0 0 0 1 0 0 0 1 3705.dat
1 3 262 -54.9512 122.968 0 0 1 0 1 0 -1 0 0 6538b.dat
1 0 202 -54.9512 122.968 1 0 0 0 1 0 0 0 1 3706.dat
1 3 227 -95.9512 122.968 0 1 0 0 0 -1 -1 0 0 32017.dat
1 0 232 -134.951 122.968 -1 0 0 0 1 0 0 0 -1 6558.dat
1 3 237 -95.9512 122.968 0 1 0 0 0 -1 -1 0 0 32017.dat
1 3 302 -54.9512 122.968 1 0 0 0 1 0 0 0 1 75535.dat
1 3 302 -94.9512 122.968 1 0 0 0 1 0 0 0 1 75535.dat
1 8 262 -186.701 158.968 1 0 0 0 1 0 0 0 1 32002.dat
1 15 262 -187.451 208.968 1 0 0 0 0 1 0 -1 0 2723.dat
1 0 262 -186.951 188.968 0 0 1 0 1 0 -1 0 0 32062.dat
1 7 262 -186.951 193.968 1 0 0 0 1 0 0 0 1 32123a.dat
1 7 262 -186.951 178.968 -1 0 0 0 -1 0 0 0 1 32126.dat
1 8 342 -186.701 158.968 -1 0 0 0 1 0 0 0 -1 32002.dat
1 15 342 -187.451 208.968 1 0 0 0 0 1 0 -1 0 2723.dat
1 0 342 -186.951 188.968 0 0 1 0 1 0 -1 0 0 32062.dat
1 7 342 -186.951 193.968 1 0 0 0 1 0 0 0 1 32123a.dat
1 7 342 -187.951 178.968 1 0 0 0 1 0 0 0 1 32126.dat
1 0 342 -150.951 110.968 1 0 0 0 1 0 0 0 1 2780.dat
1 0 332 -151.25 110.511 1 0 0 0 0.403161 0.915129 0 -0.915129 0.403161 32013.dat
1 7 332 -179.107 99.3309 0 0 1 0.915128 -0.403164 0 0.403164 0.915128 0 3749.dat
1 0 262 -150.951 110.968 1 0 0 0 1 0 0 0 1 2780.dat
1 0 272 -151.25 110.511 1 0 0 0 0.403161 0.915129 0 -0.915129 0.403161 32013.dat
1 0 301.999 -173.026 286.168 1 0 0 0 0.978464 -0.206417 0 0.206417 0.978464 6558.dat
1 7 392 -166.951 188.968 0 0 1 0 1 0 -1 0 0 3749.dat
0 MLCAD FLEXHOSE 0 0 0 0 1 0 0 0 1 0 0 0 1  314 -173 286  -60 0 0 392 -167 189 0 0 -60 30 80.dat 80.dat 0
0 MLCAD SKIP_BEGIN
1 0 314 -173 286 0.0168105 -0.999855 0.00268595 0 -0.00268633 -0.999996 0.999859 0.0168105 -4.51585e-005 80.dat
1 0 318.742 -172.987 285.92 0.0529635 -0.998562 0.00827833 0 -0.00828996 -0.999966 0.998596 0.0529617 -0.000439066 80.dat
1 0 323.515 -172.948 285.667 0.0933068 -0.995536 0.0141882 0 -0.0142504 -0.999898 0.995637 0.0932973 -0.00132966 80.dat
1 0 328.302 -172.879 285.218 0.138226 -0.990192 0.0203515 0 -0.0205487 -0.999789 0.990401 0.138197 -0.00284037 80.dat
1 0 333.081 -172.78 284.552 0.188022 -0.981803 0.0266563 0 -0.0271404 -0.999632 0.982165 0.187953 -0.00510298 80.dat
1 0 337.825 -172.649 283.643 0.242831 -0.969509 0.032929 0 -0.0339451 -0.999424 0.970069 0.242691 -0.00824292 80.dat
1 0 342.506 -172.485 282.472 0.302526 -0.952346 0.0389241 0 -0.0408377 -0.999166 0.953141 0.302273 -0.0123545 80.dat
1 0 347.093 -172.288 281.016 0.366599 -0.929323 0.0443245 0 -0.0476414 -0.998865 0.930379 0.366183 -0.0174653 80.dat
1 0 351.55 -172.06 279.259 0.43407 -0.899558 0.0487625 0 -0.0541277 -0.998534 0.900879 0.433434 -0.0234952 80.dat
1 0 355.845 -171.801 277.19 0.503447 -0.862468 0.0518666 0 -0.060029 -0.998197 0.864026 0.502539 -0.0302214 80.dat
1 0 359.944 -171.516 274.801 0.572793 -0.817963 0.0533336 0 -0.0650648 -0.997881 0.8197 0.57158 -0.0372687 80.dat
1 0 363.817 -171.208 272.095 0.639935 -0.766599 0.053007 0 -0.068981 -0.997618 0.768429 0.63841 -0.0441434 80.dat
1 0 367.438 -170.882 269.08 0.702759 -0.709603 0.0509317 0 -0.0715907 -0.997434 0.711428 0.700955 -0.050311 80.dat
1 0 370.788 -170.544 265.771 0.759539 -0.648736 0.0473568 0 -0.0728049 -0.997346 0.650462 0.757523 -0.0552981 80.dat
1 0 373.854 -170.2 262.191 0.809169 -0.586024 0.0426822 0 -0.0726412 -0.997358 0.587576 0.807031 -0.058779 80.dat
1 0 376.631 -169.856 258.365 0.851234 -0.523454 0.0373696 0 -0.0712092 -0.997461 0.524786 0.849073 -0.0606156 80.dat
1 0 379.122 -169.517 254.325 0.885932 -0.462719 0.0318549 0 -0.0686802 -0.997639 0.463815 0.88384 -0.060846 80.dat
1 0 381.334 -169.189 250.1 0.913897 -0.405082 0.0264895 0 -0.0652535 -0.997869 0.405947 0.911949 -0.0596349 80.dat
1 0 383.279 -168.875 245.721 0.935998 -0.351348 0.0215173 0 -0.0611277 -0.99813 0.352006 0.934247 -0.0572154 80.dat
1 0 384.973 -168.581 241.218 0.95318 -0.301921 0.0170804 0 -0.0564823 -0.998404 0.302404 0.951658 -0.0538378 80.dat
1 0 386.433 -168.307 236.616 0.966348 -0.256897 0.0132397 0 -0.0514688 -0.998675 0.257238 0.965067 -0.0497368 80.dat
1 0 387.678 -168.058 231.939 0.976307 -0.216158 0.00999911 0 -0.046209 -0.998932 0.216389 0.975264 -0.0451142 80.dat
1 0 388.726 -167.834 227.209 0.983739 -0.179454 0.00732722 0 -0.0407967 -0.999167 0.179603 0.98292 -0.0401333 80.dat
1 0 389.597 -167.636 222.441 0.989202 -0.146467 0.00517384 0 -0.0353023 -0.999377 0.146558 0.988585 -0.0349211 80.dat
1 0 390.306 -167.465 217.652 0.993143 -0.116853 0.0034811 0 -0.0297773 -0.999557 0.116905 0.992703 -0.0295731 80.dat
1 0 390.871 -167.321 212.854 0.995915 -0.0902692 0.00219041 0 -0.0242582 -0.999706 0.0902958 0.995622 -0.0241591 80.dat
1 0 391.306 -167.204 208.056 0.997793 -0.0663912 0.00124642 0 -0.0187705 -0.999824 0.0664029 0.997617 -0.0187291 80.dat
1 0 391.625 -167.114 203.266 0.99899 -0.0449198 0.000598888 0 -0.0133312 -0.999911 0.0449238 0.998902 -0.0133177 80.dat
1 0 391.84 -167.05 198.49 0.999673 -0.0255855 0.00020344 0 -0.00795113 -0.999968 0.0255863 0.999641 -0.00794853 80.dat
1 0 391.961 -167.012 193.733 0.999967 -0.00814798 2.14843e-005 0 -0.00263675 -0.999997 0.00814801 0.999963 -0.00263666 80.dat
0 MLCAD SKIP_END
0 MLCAD FLEXHOSE 0 602.3 0 0 -1 0 0 0 1 0 0 0 1  314 -173 286  -60 0 0 392 -167 189 0 0 -60 30 80.dat 80.dat 0
0 MLCAD SKIP_BEGIN
1 0 288.3 -173 286 -0.0168105 0.999855 -0.00268595 0 -0.00268633 -0.999996 0.999859 0.0168105 -4.51585e-005 80.dat
1 0 283.558 -172.987 285.92 -0.0529635 0.998562 -0.00827833 0 -0.00828996 -0.999966 0.998596 0.0529617 -0.000439066 80.dat
1 0 278.785 -172.948 285.667 -0.0933068 0.995536 -0.0141882 0 -0.0142504 -0.999898 0.995637 0.0932973 -0.00132966 80.dat
1 0 273.998 -172.879 285.218 -0.138226 0.990192 -0.0203515 0 -0.0205487 -0.999789 0.990401 0.138197 -0.00284037 80.dat
1 0 269.219 -172.78 284.552 -0.188022 0.981803 -0.0266563 0 -0.0271404 -0.999632 0.982165 0.187953 -0.00510298 80.dat
1 0 264.475 -172.649 283.643 -0.242831 0.969509 -0.032929 0 -0.0339451 -0.999424 0.970069 0.242691 -0.00824292 80.dat
1 0 259.794 -172.485 282.472 -0.302526 0.952346 -0.0389241 0 -0.0408377 -0.999166 0.953141 0.302273 -0.0123545 80.dat
1 0 255.207 -172.288 281.016 -0.366599 0.929323 -0.0443245 0 -0.0476414 -0.998865 0.930379 0.366183 -0.0174653 80.dat
1 0 250.75 -172.06 279.259 -0.43407 0.899558 -0.0487625 0 -0.0541277 -0.998534 0.900879 0.433434 -0.0234952 80.dat
1 0 246.455 -171.801 277.19 -0.503447 0.862468 -0.0518666 0 -0.060029 -0.998197 0.864026 0.502539 -0.0302214 80.dat
1 0 242.356 -171.516 274.801 -0.572793 0.817963 -0.0533336 0 -0.0650648 -0.997881 0.8197 0.57158 -0.0372687 80.dat
1 0 238.483 -171.208 272.095 -0.639935 0.766599 -0.053007 0 -0.068981 -0.997618 0.768429 0.63841 -0.0441434 80.dat
1 0 234.862 -170.882 269.08 -0.702759 0.709603 -0.0509317 0 -0.0715907 -0.997434 0.711428 0.700955 -0.050311 80.dat
1 0 231.512 -170.544 265.771 -0.759539 0.648736 -0.0473568 0 -0.0728049 -0.997346 0.650462 0.757523 -0.0552981 80.dat
1 0 228.446 -170.2 262.191 -0.809169 0.586024 -0.0426822 0 -0.0726412 -0.997358 0.587576 0.807031 -0.058779 80.dat
1 0 225.669 -169.856 258.365 -0.851234 0.523454 -0.0373696 0 -0.0712092 -0.997461 0.524786 0.849073 -0.0606156 80.dat
1 0 223.178 -169.517 254.325 -0.885932 0.462719 -0.0318549 0 -0.0686802 -0.997639 0.463815 0.88384 -0.060846 80.dat
1 0 220.966 -169.189 250.1 -0.913897 0.405082 -0.0264895 0 -0.0652535 -0.997869 0.405947 0.911949 -0.0596349 80.dat
1 0 219.021 -168.875 245.721 -0.935998 0.351348 -0.0215173 0 -0.0611277 -0.99813 0.352006 0.934247 -0.0572154 80.dat
1 0 217.327 -168.581 241.218 -0.95318 0.301921 -0.0170804 0 -0.0564823 -0.998404 0.302404 0.951658 -0.0538378 80.dat
1 0 215.867 -168.307 236.616 -0.966348 0.256897 -0.0132397 0 -0.0514688 -0.998675 0.257238 0.965067 -0.0497368 80.dat
1 0 214.622 -168.058 231.939 -0.976307 0.216158 -0.00999911 0 -0.046209 -0.998932 0.216389 0.975264 -0.0451142 80.dat
1 0 213.574 -167.834 227.209 -0.983739 0.179454 -0.00732722 0 -0.0407967 -0.999167 0.179603 0.98292 -0.0401333 80.dat
1 0 212.703 -167.636 222.441 -0.989202 0.146467 -0.00517384 0 -0.0353023 -0.999377 0.146558 0.988585 -0.0349211 80.dat
1 0 211.994 -167.465 217.652 -0.993143 0.116853 -0.0034811 0 -0.0297773 -0.999557 0.116905 0.992703 -0.0295731 80.dat
1 0 211.429 -167.321 212.854 -0.995915 0.0902692 -0.00219041 0 -0.0242582 -0.999706 0.0902958 0.995622 -0.0241591 80.dat
1 0 210.994 -167.204 208.056 -0.997793 0.0663912 -0.00124642 0 -0.0187705 -0.999824 0.0664029 0.997617 -0.0187291 80.dat
1 0 210.675 -167.114 203.266 -0.99899 0.0449198 -0.000598888 0 -0.0133312 -0.999911 0.0449238 0.998902 -0.0133177 80.dat
1 0 210.46 -167.05 198.49 -0.999673 0.0255855 -0.00020344 0 -0.00795113 -0.999968 0.0255863 0.999641 -0.00794853 80.dat
1 0 210.339 -167.012 193.733 -0.999967 0.00814798 -2.14843e-005 0 -0.00263675 -0.999997 0.00814801 0.999963 -0.00263666 80.dat
0 MLCAD SKIP_END
0 MLCAD FLEXHOSE 0 0 40 0 1 0 0 0 1 0 0 0 1  314 -170 275  -60 0 0 392 -167 189 0 0 -60 30 80.dat 80.dat 0
0 MLCAD SKIP_BEGIN
1 0 314 -130 275 0.0111267 -0.999937 0.00125899 0 -0.00125906 -0.999999 0.999938 0.0111267 -1.40092e-005 80.dat
1 0 318.45 -129.994 274.95 0.0352937 -0.999369 0.00388373 0 -0.00388615 -0.999992 0.999377 0.0352934 -0.000137157 80.dat
1 0 322.945 -129.977 274.792 0.0627442 -0.998007 0.00667784 0 -0.00669103 -0.999978 0.99803 0.0627428 -0.000419823 80.dat
1 0 327.475 -129.947 274.507 0.0939888 -0.995527 0.009637 0 -0.00967985 -0.999953 0.995573 0.0939844 -0.000909798 80.dat
1 0 332.025 -129.902 274.077 0.129587 -0.991486 0.0127445 0 -0.0128528 -0.999917 0.991568 0.129577 -0.00166556 80.dat
1 0 336.577 -129.843 273.483 0.170122 -0.985294 0.0159641 0 -0.0162003 -0.999869 0.985423 0.1701 -0.00275602 80.dat
1 0 341.111 -129.769 272.7 0.216148 -0.976171 0.0192314 0 -0.0196971 -0.999806 0.976361 0.216106 -0.00425749 80.dat
1 0 345.601 -129.678 271.706 0.268103 -0.963129 0.0224429 0 -0.0232957 -0.999729 0.96339 0.26803 -0.00624565 80.dat
1 0 350.018 -129.571 270.476 0.326169 -0.944969 0.0254461 0 -0.0269182 -0.999638 0.945312 0.32605 -0.00877986 80.dat
1 0 354.33 -129.448 268.989 0.390091 -0.92035 0.0280364 0 -0.0304487 -0.999536 0.920776 0.38991 -0.0118777 80.dat
1 0 358.502 -129.31 267.221 0.458974 -0.887944 0.0299683 0 -0.0337311 -0.999431 0.88845 0.458713 -0.0154817 80.dat
1 0 362.496 -129.159 265.158 0.531132 -0.846722 0.0309908 0 -0.0365764 -0.999331 0.847289 0.530777 -0.0194269 80.dat
1 0 366.277 -128.995 262.788 0.604095 -0.796312 0.0309082 0 -0.038785 -0.999248 0.796912 0.603641 -0.0234299 80.dat
1 0 369.813 -128.823 260.107 0.674875 -0.737336 0.0296519 0 -0.0401825 -0.999192 0.737932 0.67433 -0.0271181 80.dat
1 0 373.077 -128.645 257.122 0.740476 -0.671528 0.0273267 0 -0.0406596 -0.999173 0.672083 0.739863 -0.0301075 80.dat
1 0 376.05 -128.465 253.847 0.798491 -0.60152 0.0242005 0 -0.0401997 -0.999192 0.602006 0.797846 -0.0320991 80.dat
1 0 378.721 -128.287 250.304 0.847536 -0.530337 0.0206347 0 -0.0388793 -0.999244 0.530738 0.846895 -0.0329516 80.dat
1 0 381.089 -128.113 246.523 0.887338 -0.460807 0.0169892 0 -0.0368433 -0.999321 0.46112 0.886735 -0.0326925 80.dat
1 0 383.161 -127.948 242.536 0.918525 -0.395131 0.0135483 0 -0.0342679 -0.999413 0.395364 0.917985 -0.031476 80.dat
1 0 384.951 -127.792 238.377 0.942261 -0.334716 0.0104907 0 -0.0313268 -0.999509 0.33488 0.941798 -0.0295181 80.dat
1 0 386.477 -127.649 234.081 0.959902 -0.280225 0.00789699 0 -0.0281697 -0.999603 0.280336 0.959521 -0.0270402 80.dat
1 0 387.763 -127.52 229.681 0.972756 -0.231758 0.00577577 0 -0.0249138 -0.99969 0.23183 0.972454 -0.0242351 80.dat
1 0 388.829 -127.406 225.204 0.98196 -0.189046 0.00409272 0 -0.0216443 -0.999766 0.18909 0.98173 -0.0212538 80.dat
1 0 389.701 -127.306 220.677 0.988436 -0.151614 0.00279309 0 -0.0184193 -0.99983 0.151639 0.988268 -0.0182063 80.dat
1 0 390.4 -127.221 216.122 0.992904 -0.118905 0.00181658 0 -0.0152758 -0.999883 0.118918 0.992788 -0.0151674 80.dat
1 0 390.947 -127.151 211.556 0.99591 -0.0903489 0.00110559 0 -0.012236 -0.999925 0.0903557 0.995835 -0.0121859 80.dat
1 0 391.361 -127.095 206.995 0.997858 -0.0654094 0.000609063 0 -0.00931115 -0.999957 0.0654122 0.997815 -0.00929121 80.dat
1 0 391.659 -127.052 202.45 0.999049 -0.0435993 0.00028365 0 -0.00650569 -0.999979 0.0436002 0.999028 -0.00649951 80.dat
1 0 391.856 -127.023 197.931 0.9997 -0.0244897 9.35378e-005 0 -0.00381945 -0.999993 0.0244899 0.999693 -0.0038183 80.dat
1 0 391.966 -127.006 193.446 0.99997 -0.00770874 9.63144e-006 0 -0.00124942 -0.999999 0.00770874 0.99997 -0.00124938 80.dat
0 MLCAD SKIP_END
0 MLCAD FLEXHOSE 0 602.3 40 0 -1 0 0 0 1 0 0 0 1  314 -170 275  -60 0 0 392 -167 189 0 0 -60 30 80.dat 80.dat 0
0 MLCAD SKIP_BEGIN
1 0 288.3 -130 275 -0.0111267 0.999937 -0.00125899 0 -0.00125906 -0.999999 0.999938 0.0111267 -1.40092e-005 80.dat
1 0 283.85 -129.994 274.95 -0.0352937 0.999369 -0.00388373 0 -0.00388615 -0.999992 0.999377 0.0352934 -0.000137157 80.dat
1 0 279.355 -129.977 274.792 -0.0627442 0.998007 -0.00667784 0 -0.00669103 -0.999978 0.99803 0.0627428 -0.000419823 80.dat
1 0 274.825 -129.947 274.507 -0.0939888 0.995527 -0.009637 0 -0.00967985 -0.999953 0.995573 0.0939844 -0.000909798 80.dat
1 0 270.275 -129.902 274.077 -0.129587 0.991486 -0.0127445 0 -0.0128528 -0.999917 0.991568 0.129577 -0.00166556 80.dat
1 0 265.723 -129.843 273.483 -0.170122 0.985294 -0.0159641 0 -0.0162003 -0.999869 0.985423 0.1701 -0.00275602 80.dat
1 0 261.189 -129.769 272.7 -0.216148 0.976171 -0.0192314 0 -0.0196971 -0.999806 0.976361 0.216106 -0.00425749 80.dat
1 0 256.699 -129.678 271.706 -0.268103 0.963129 -0.0224429 0 -0.0232957 -0.999729 0.96339 0.26803 -0.00624565 80.dat
1 0 252.282 -129.571 270.476 -0.326169 0.944969 -0.0254461 0 -0.0269182 -0.999638 0.945312 0.32605 -0.00877986 80.dat
1 0 247.97 -129.448 268.989 -0.390091 0.92035 -0.0280364 0 -0.0304487 -0.999536 0.920776 0.38991 -0.0118777 80.dat
1 0 243.798 -129.31 267.221 -0.458974 0.887944 -0.0299683 0 -0.0337311 -0.999431 0.88845 0.458713 -0.0154817 80.dat
1 0 239.804 -129.159 265.158 -0.531132 0.846722 -0.0309908 0 -0.0365764 -0.999331 0.847289 0.530777 -0.0194269 80.dat
1 0 236.023 -128.995 262.788 -0.604095 0.796312 -0.0309082 0 -0.038785 -0.999248 0.796912 0.603641 -0.0234299 80.dat
1 0 232.487 -128.823 260.107 -0.674875 0.737336 -0.0296519 0 -0.0401825 -0.999192 0.737932 0.67433 -0.0271181 80.dat
1 0 229.223 -128.645 257.122 -0.740476 0.671528 -0.0273267 0 -0.0406596 -0.999173 0.672083 0.739863 -0.0301075 80.dat
1 0 226.25 -128.465 253.847 -0.798491 0.60152 -0.0242005 0 -0.0401997 -0.999192 0.602006 0.797846 -0.0320991 80.dat
1 0 223.579 -128.287 250.304 -0.847536 0.530337 -0.0206347 0 -0.0388793 -0.999244 0.530738 0.846895 -0.0329516 80.dat
1 0 221.211 -128.113 246.523 -0.887338 0.460807 -0.0169892 0 -0.0368433 -0.999321 0.46112 0.886735 -0.0326925 80.dat
1 0 219.139 -127.948 242.536 -0.918525 0.395131 -0.0135483 0 -0.0342679 -0.999413 0.395364 0.917985 -0.031476 80.dat
1 0 217.349 -127.792 238.377 -0.942261 0.334716 -0.0104907 0 -0.0313268 -0.999509 0.33488 0.941798 -0.0295181 80.dat
1 0 215.823 -127.649 234.081 -0.959902 0.280225 -0.00789699 0 -0.0281697 -0.999603 0.280336 0.959521 -0.0270402 80.dat
1 0 214.537 -127.52 229.681 -0.972756 0.231758 -0.00577577 0 -0.0249138 -0.99969 0.23183 0.972454 -0.0242351 80.dat
1 0 213.471 -127.406 225.204 -0.98196 0.189046 -0.00409272 0 -0.0216443 -0.999766 0.18909 0.98173 -0.0212538 80.dat
1 0 212.599 -127.306 220.677 -0.988436 0.151614 -0.00279309 0 -0.0184193 -0.99983 0.151639 0.988268 -0.0182063 80.dat
1 0 211.9 -127.221 216.122 -0.992904 0.118905 -0.00181658 0 -0.0152758 -0.999883 0.118918 0.992788 -0.0151674 80.dat
1 0 211.353 -127.151 211.556 -0.99591 0.0903489 -0.00110559 0 -0.012236 -0.999925 0.0903557 0.995835 -0.0121859 80.dat
1 0 210.939 -127.095 206.995 -0.997858 0.0654094 -0.000609063 0 -0.00931115 -0.999957 0.0654122 0.997815 -0.00929121 80.dat
1 0 210.641 -127.052 202.45 -0.999049 0.0435993 -0.00028365 0 -0.00650569 -0.999979 0.0436002 0.999028 -0.00649951 80.dat
1 0 210.444 -127.023 197.931 -0.9997 0.0244897 -9.35378e-005 0 -0.00381945 -0.999993 0.0244899 0.999693 -0.0038183 80.dat
1 0 210.334 -127.006 193.446 -0.99997 0.00770874 -9.63144e-006 0 -0.00124942 -0.999999 0.00770874 0.99997 -0.00124938 80.dat
0 MLCAD SKIP_END
1 0 302 -71.0508 287.241 1 0 0 0 0.978464 -0.206417 0 0.206417 0.978464 6558.dat
0 MLCAD FLEXHOSE 0 0 0 0 1 0 0 0 1 0 0 0 1  314 -71 287  -60 0 0 372 -103 177 0 0 -60 35 80.dat 80.dat 0
0 MLCAD SKIP_BEGIN
1 0 314 -71 287 0.0202749 -0.999712 -0.0128474 0 0.0128501 -0.999917 0.999794 0.0202732 0.000260533 80.dat
1 0 318.195 -71.0539 286.915 0.0646338 -0.997095 -0.0402906 0 0.040375 -0.999185 0.997909 0.0645811 0.00260959 80.dat
1 0 322.412 -71.2247 286.642 0.115337 -0.990837 -0.0702805 0 0.0707526 -0.997494 0.993326 0.115048 0.00816042 80.dat
1 0 326.619 -71.5251 286.153 0.172965 -0.979599 -0.102316 0 0.103882 -0.99459 0.984928 0.172029 0.0179679 80.dat
1 0 330.782 -71.9666 285.422 0.237794 -0.961836 -0.135373 0 0.139371 -0.99024 0.971316 0.235474 0.0331416 80.dat
1 0 334.861 -72.5577 284.424 0.30957 -0.935959 -0.167769 0 0.176436 -0.984312 0.950877 0.304714 0.0546193 80.dat
1 0 338.815 -73.3029 283.136 0.38724 -0.900651 -0.197164 0 0.213848 -0.976867 0.921979 0.378282 0.0828107 80.dat
1 0 342.6 -74.2017 281.547 0.468772 -0.855272 -0.220824 0 0.249994 -0.968247 0.883319 0.453887 0.11719 80.dat
1 0 346.178 -75.2476 279.648 0.551188 -0.800253 -0.236193 0 0.283076 -0.959097 0.834381 0.528643 0.156028 80.dat
1 0 349.517 -76.4284 277.442 0.630935 -0.737249 -0.241629 0 0.311444 -0.950265 0.775836 0.599555 0.196501 80.dat
1 0 352.59 -77.7267 274.943 0.70455 -0.668922 -0.236966 0 0.333917 -0.942602 0.709655 0.66411 0.235261 80.dat
1 0 355.383 -79.1212 272.17 0.769369 -0.598406 -0.223566 0 0.349976 -0.936759 0.638805 0.720713 0.269261 80.dat
1 0 357.892 -80.5884 269.148 0.82398 -0.528685 -0.203837 0 0.359743 -0.933051 0.566619 0.768815 0.296421 80.dat
1 0 360.12 -82.1045 265.908 0.868246 -0.462135 -0.180499 0 0.363811 -0.931473 0.496133 0.808748 0.315877 80.dat
1 0 362.079 -83.6466 262.48 0.902996 -0.400339 -0.155968 0 0.363013 -0.931784 0.429648 0.841398 0.3278 80.dat
1 0 363.785 -85.194 258.893 0.929589 -0.344135 -0.132044 0 0.358233 -0.933632 0.368598 0.867894 0.33301 80.dat
1 0 365.259 -86.7284 255.176 0.949539 -0.293778 -0.109865 0 0.35028 -0.936645 0.313649 0.889381 0.332605 80.dat
1 0 366.523 -88.2344 251.352 0.964275 -0.249137 -0.0900232 0 0.339835 -0.940485 0.264903 0.906886 0.327695 80.dat
1 0 367.596 -89.6992 247.443 0.975024 -0.209856 -0.0727241 0 0.327438 -0.944873 0.2221 0.921273 0.31926 80.dat
1 0 368.502 -91.1125 243.467 0.982778 -0.175475 -0.0579323 0 0.313503 -0.949587 0.184791 0.933234 0.308103 80.dat
1 0 369.26 -92.4661 239.438 0.988312 -0.145502 -0.0454791 0 0.298333 -0.954462 0.152444 0.943306 0.294847 80.dat
1 0 369.888 -93.7534 235.367 0.992217 -0.119462 -0.0351342 0 0.282153 -0.959369 0.124522 0.951903 0.279957 80.dat
1 0 370.402 -94.9693 231.265 0.994935 -0.0969199 -0.0266489 0 0.265119 -0.964216 0.100517 0.959332 0.263776 80.dat
1 0 370.819 -96.1096 227.139 0.996797 -0.0774855 -0.0197799 0 0.24734 -0.968929 0.0799703 0.965825 0.246548 80.dat
1 0 371.152 -97.171 222.994 0.998046 -0.06082 -0.0143008 0 0.22889 -0.973452 0.0624787 0.97155 0.228443 80.dat
1 0 371.412 -98.1507 218.836 0.998862 -0.0466311 -0.0100068 0 0.209818 -0.977741 0.0476927 0.976628 0.209579 80.dat
1 0 371.611 -99.0463 214.667 0.999376 -0.0346692 -0.0067149 0 0.190151 -0.981755 0.0353135 0.981142 0.190033 80.dat
1 0 371.759 -99.8558 210.491 0.999685 -0.0247223 -0.00426247 0 0.169907 -0.98546 0.0250871 0.98515 0.169854 80.dat
1 0 371.864 -100.577 206.308 0.999859 -0.016611 -0.00250457 0 0.149093 -0.988823 0.0167987 0.988684 0.149072 80.dat
1 0 371.934 -101.208 202.122 0.999947 -0.0101834 -0.00131127 0 0.127711 -0.991811 0.0102675 0.991759 0.127704 80.dat
1 0 371.977 -101.748 197.933 0.999986 -0.00531105 -0.000564867 0 0.10576 -0.994392 0.00534101 0.994377 0.105759 80.dat
1 0 371.999 -102.193 193.743 0.999998 -0.00188492 -0.000157448 0 0.0832405 -0.996529 0.00189149 0.996528 0.0832404 80.dat
1 0 372.007 -102.543 189.553 1 0.00018814 1.13375e-005 0 0.0601519 -0.998189 -0.000188482 0.998189 0.0601519 80.dat
1 0 372.007 -102.796 185.365 1 0.000988425 3.61002e-005 0 0.0364986 -0.999334 -0.000989084 0.999333 0.0364986 80.dat
1 0 372.002 -102.949 181.18 1 0.000586196 7.20473e-006 0 0.0122897 -0.999924 -0.00058624 0.999924 0.0122897 80.dat
0 MLCAD SKIP_END
0 MLCAD FLEXHOSE 0 603.5 0 0 -1 0 0 0 1 0 0 0 1  314 -71 287  -60 0 0 372 -103 177 0 0 -60 35 80.dat 80.dat 0
0 MLCAD SKIP_BEGIN
1 0 289.5 -71 287 -0.0202749 0.999712 0.0128474 0 0.0128501 -0.999917 0.999794 0.0202732 0.000260533 80.dat
1 0 285.305 -71.0539 286.915 -0.0646338 0.997095 0.0402906 0 0.040375 -0.999185 0.997909 0.0645811 0.00260959 80.dat
1 0 281.088 -71.2247 286.642 -0.115337 0.990837 0.0702805 0 0.0707526 -0.997494 0.993326 0.115048 0.00816042 80.dat
1 0 276.881 -71.5251 286.153 -0.172965 0.979599 0.102316 0 0.103882 -0.99459 0.984928 0.172029 0.0179679 80.dat
1 0 272.718 -71.9666 285.422 -0.237794 0.961836 0.135373 0 0.139371 -0.99024 0.971316 0.235474 0.0331416 80.dat
1 0 268.639 -72.5577 284.424 -0.30957 0.935959 0.167769 0 0.176436 -0.984312 0.950877 0.304714 0.0546193 80.dat
1 0 264.685 -73.3029 283.136 -0.38724 0.900651 0.197164 0 0.213848 -0.976867 0.921979 0.378282 0.0828107 80.dat
1 0 260.9 -74.2017 281.547 -0.468772 0.855272 0.220824 0 0.249994 -0.968247 0.883319 0.453887 0.11719 80.dat
1 0 257.322 -75.2476 279.648 -0.551188 0.800253 0.236193 0 0.283076 -0.959097 0.834381 0.528643 0.156028 80.dat
1 0 253.983 -76.4284 277.442 -0.630935 0.737249 0.241629 0 0.311444 -0.950265 0.775836 0.599555 0.196501 80.dat
1 0 250.91 -77.7267 274.943 -0.70455 0.668922 0.236966 0 0.333917 -0.942602 0.709655 0.66411 0.235261 80.dat
1 0 248.117 -79.1212 272.17 -0.769369 0.598406 0.223566 0 0.349976 -0.936759 0.638805 0.720713 0.269261 80.dat
1 0 245.608 -80.5884 269.148 -0.82398 0.528685 0.203837 0 0.359743 -0.933051 0.566619 0.768815 0.296421 80.dat
1 0 243.38 -82.1045 265.908 -0.868246 0.462135 0.180499 0 0.363811 -0.931473 0.496133 0.808748 0.315877 80.dat
1 0 241.421 -83.6466 262.48 -0.902996 0.400339 0.155968 0 0.363013 -0.931784 0.429648 0.841398 0.3278 80.dat
1 0 239.715 -85.194 258.893 -0.929589 0.344135 0.132044 0 0.358233 -0.933632 0.368598 0.867894 0.33301 80.dat
1 0 238.241 -86.7284 255.176 -0.949539 0.293778 0.109865 0 0.35028 -0.936645 0.313649 0.889381 0.332605 80.dat
1 0 236.977 -88.2344 251.352 -0.964275 0.249137 0.0900232 0 0.339835 -0.940485 0.264903 0.906886 0.327695 80.dat
1 0 235.904 -89.6992 247.443 -0.975024 0.209856 0.0727241 0 0.327438 -0.944873 0.2221 0.921273 0.31926 80.dat
1 0 234.998 -91.1125 243.467 -0.982778 0.175475 0.0579323 0 0.313503 -0.949587 0.184791 0.933234 0.308103 80.dat
1 0 234.24 -92.4661 239.438 -0.988312 0.145502 0.0454791 0 0.298333 -0.954462 0.152444 0.943306 0.294847 80.dat
1 0 233.612 -93.7534 235.367 -0.992217 0.119462 0.0351342 0 0.282153 -0.959369 0.124522 0.951903 0.279957 80.dat
1 0 233.098 -94.9693 231.265 -0.994935 0.0969199 0.0266489 0 0.265119 -0.964216 0.100517 0.959332 0.263776 80.dat
1 0 232.681 -96.1096 227.139 -0.996797 0.0774855 0.0197799 0 0.24734 -0.968929 0.0799703 0.965825 0.246548 80.dat
1 0 232.348 -97.171 222.994 -0.998046 0.06082 0.0143008 0 0.22889 -0.973452 0.0624787 0.97155 0.228443 80.dat
1 0 232.088 -98.1507 218.836 -0.998862 0.0466311 0.0100068 0 0.209818 -0.977741 0.0476927 0.976628 0.209579 80.dat
1 0 231.889 -99.0463 214.667 -0.999376 0.0346692 0.0067149 0 0.190151 -0.981755 0.0353135 0.981142 0.190033 80.dat
1 0 231.741 -99.8558 210.491 -0.999685 0.0247223 0.00426247 0 0.169907 -0.98546 0.0250871 0.98515 0.169854 80.dat
1 0 231.636 -100.577 206.308 -0.999859 0.016611 0.00250457 0 0.149093 -0.988823 0.0167987 0.988684 0.149072 80.dat
1 0 231.566 -101.208 202.122 -0.999947 0.0101834 0.00131127 0 0.127711 -0.991811 0.0102675 0.991759 0.127704 80.dat
1 0 231.523 -101.748 197.933 -0.999986 0.00531105 0.000564867 0 0.10576 -0.994392 0.00534101 0.994377 0.105759 80.dat
1 0 231.501 -102.193 193.743 -0.999998 0.00188492 0.000157448 0 0.0832405 -0.996529 0.00189149 0.996528 0.0832404 80.dat
1 0 231.493 -102.543 189.553 -1 -0.00018814 -1.13375e-005 0 0.0601519 -0.998189 -0.000188482 0.998189 0.0601519 80.dat
1 0 231.493 -102.796 185.365 -1 -0.000988425 -3.61002e-005 0 0.0364986 -0.999334 -0.000989084 0.999333 0.0364986 80.dat
1 0 231.498 -102.949 181.18 -1 -0.000586196 -7.20473e-006 0 0.0122897 -0.999924 -0.00058624 0.999924 0.0122897 80.dat
0 MLCAD SKIP_END
1 7 372 -102.951 176.968 0 0 1 0 1 0 -1 0 0 3749.dat
1 0 272 -259.051 135.268 0 0 1 0.600002 0.799999 0 -0.799999 0.600002 0 6558.dat
1 7 272 -179.147 99.422 0 0 1 0.915128 -0.403164 0 0.403164 0.915128 0 3749.dat
0 MLCAD FLEXHOSE 3 0 0 0 1 0 0 0 1 0 0 0 1  272 -259 135  0 -20 40 272 -179 99 0 25 20 20 80.dat 80.dat 0
0 MLCAD SKIP_BEGIN
