0 Name: 8503 Sub.ldr
0 ROTATION CENTER 0 0 0 1 "Custom" 
0 ROTATION CONFIG 0 0
1 0 -198.316 -44.472 -360.316 1 0 0 0 -1 0 0 0 -1 2780.dat
1 14 -197.814 -63.6859 -340.377 -1 0 0 0 -1 0 0 0 1 4716.dat
1 73 -197.814 -113.686 -350.377 1 0 0 0 1 0 0 0 1 32165.dat
1 1 -197.813 -113.686 -383.377 1 0 0 0 0.382901 0.924448 0 -0.924448 0.382901 2716.dat
1 1 -197.814 -63.686 -340.377 0 -1 0 0 0 1 -1 0 0 32166.dat
1 1 -197.814 -63.6859 -340.377 0 1 0 0 0 1 1 0 0 32166.dat
1 1 -197.814 -63.6859 -300.377 1 0 0 0 -1 0 0 0 -1 3647.dat
1 73 -157.814 -43.686 -320.377 0 -1 0 -1 0 0 0 0 -1 32174.dat
1 1 -157.814 19.1176 -308.16 -1 0 0 0 -0.430758 -0.903142 0 -0.903142 0.430758 32173.dat
1 1 -127.814 -83.686 -400.377 -1 0 0 0 -1 0 0 0 1 32173.dat
1 14 -386.814 -91.686 -345.377 0 0 1 0 1 0 -1 0 0 32171.dat
1 3 -386.814 102.214 -345.377 0 0 1 0 1 0 -1 0 0 32171.dat
1 7 -197.814 -63.6859 -375.377 1 0 0 0 -1 0 0 0 -1 32123a.dat
1 0 -197.814 -103.686 -340.377 -1 0 0 0 1 0 0 0 -1 3706.dat
1 0 -197.814 -113.686 -330.377 -1 0 0 0 1 0 0 0 -1 32062.dat
1 1 -327.814 -83.686 -340.377 0 0 1 0 -1 0 1 0 0 32173.dat
1 1 -197.814 -103.686 -340.377 0 0 1 0 1 0 -1 0 0 3648a.dat
1 0 -198.316 -44.472 -320.316 1 0 0 0 -1 0 0 0 -1 2780.dat
1 0 -197.814 -63.6859 -320.377 0 0 -1 0 -1 0 -1 0 0 3706.dat
1 14 -197.814 -63.6859 -282.377 -1 0 0 0 -1 0 0 0 1 6041.dat
1 7 -197.814 -63.6859 -265.377 1 0 0 0 -1 0 0 0 -1 32123a.dat
1 0 -197.814 -43.6859 -340.377 -1 0 0 0 -1 0 0 0 1 32073.dat
1 14 -197.814 -90.686 -400.377 1 0 0 0 1 0 0 0 1 2540.dat
0 MLCAD FLEXHOSE 14 0 -0.3 0.4 1 0 0 0 1 0 0 0 1  -185 -88 -420.3  -50 0 0 -145 -140 -380.3 0 0 50 150 ls23.dat ls23.dat 0
0 MLCAD SKIP_BEGIN
1 14 -185 -88.3 -419.9 0.000879289 -0.999989 -0.00460628 0 0.00460628 -0.999989 1 0.00087928 4.05025e-006 LS23.dat
1 14 -184.341 -88.303 -419.901 0.002643 -0.999899 -0.0139857 0 0.0139858 -0.999902 0.999997 0.00264274 3.69644e-005 LS23.dat
1 14 -183.678 -88.3123 -419.902 0.00441569 -0.999711 -0.0236329 0 0.0236331 -0.999721 0.99999 0.00441446 0.000104357 LS23.dat
1 14 -183.012 -88.328 -419.905 0.00619573 -0.999418 -0.0335544 0 0.033555 -0.999437 0.999981 0.00619224 0.000207898 LS23.dat
1 14 -182.343 -88.3505 -419.909 0.0079813 -0.99901 -0.0437565 0 0.0437579 -0.999042 0.999968 0.00797365 0.000349245 LS23.dat
1 14 -181.671 -88.3799 -419.915 0.00977039 -0.99848 -0.0542456 0 0.0542481 -0.998527 0.999952 0.00975601 0.000530026 LS23.dat
1 14 -180.997 -88.4166 -419.921 0.0115608 -0.997817 -0.0650274 0 0.0650317 -0.997883 0.999933 0.0115363 0.000751819 LS23.dat
1 14 -180.32 -88.4607 -419.929 0.0133501 -0.99701 -0.0761076 0 0.0761144 -0.997099 0.999911 0.0133114 0.00101613 LS23.dat
1 14 -179.641 -88.5125 -419.938 0.0151356 -0.99605 -0.0874916 0 0.0875016 -0.996164 0.999885 0.0150775 0.00132439 LS23.dat
1 14 -178.961 -88.5723 -419.949 0.0169143 -0.994925 -0.0991841 0 0.0991983 -0.995068 0.999857 0.0168309 0.00167787 LS23.dat
1 14 -178.279 -88.6403 -419.96 0.0186831 -0.993624 -0.111189 0 0.111209 -0.993797 0.999825 0.0185672 0.00207773 LS23.dat
1 14 -177.595 -88.7168 -419.973 0.0204385 -0.992133 -0.123511 0 0.123537 -0.99234 0.999791 0.0202819 0.00252491 LS23.dat
1 14 -176.911 -88.802 -419.987 0.0221765 -0.99044 -0.136153 0 0.136187 -0.990683 0.999754 0.0219699 0.00302014 LS23.dat
1 14 -176.226 -88.8962 -420.002 0.0238931 -0.988531 -0.149117 0 0.149159 -0.988813 0.999715 0.0236258 0.00356387 LS23.dat
1 14 -175.541 -88.9996 -420.018 0.0255836 -0.986393 -0.162404 0 0.162457 -0.986716 0.999673 0.0252437 0.00415623 LS23.dat
1 14 -174.856 -89.1124 -420.036 0.0272432 -0.98401 -0.176015 0 0.17608 -0.984376 0.999629 0.0268175 0.00479698 LS23.dat
1 14 -174.171 -89.235 -420.055 0.0288664 -0.981369 -0.189949 0 0.190029 -0.981779 0.999583 0.0283404 0.00548545 LS23.dat
1 14 -173.487 -89.3674 -420.074 0.0304475 -0.978454 -0.204206 0 0.2043 -0.978908 0.999536 0.0298053 0.00622044 LS23.dat
1 14 -172.804 -89.51 -420.095 0.0319802 -0.97525 -0.218781 0 0.218893 -0.975749 0.999489 0.0312046 0.00700023 LS23.dat
1 14 -172.123 -89.6629 -420.117 0.0334575 -0.97174 -0.233671 0 0.233802 -0.972284 0.99944 0.0325302 0.00782243 LS23.dat
1 14 -171.443 -89.8263 -420.14 0.0348722 -0.967909 -0.24887 0 0.249021 -0.968498 0.999392 0.0337737 0.00868393 LS23.dat
1 14 -170.766 -90.0005 -420.163 0.0362163 -0.963741 -0.264371 0 0.264544 -0.964374 0.999344 0.0349261 0.00958081 LS23.dat
1 14 -170.092 -90.1856 -420.188 0.0374812 -0.95922 -0.280164 0 0.280361 -0.959895 0.999297 0.035978 0.0105083 LS23.dat
1 14 -169.421 -90.3818 -420.213 0.0386575 -0.954331 -0.29624 0 0.296462 -0.955045 0.999253 0.0369196 0.0114605 LS23.dat
1 14 -168.753 -90.5891 -420.239 0.0397353 -0.949058 -0.312586 0 0.312833 -0.949808 0.99921 0.0377409 0.0124305 LS23.dat
1 14 -168.09 -90.8079 -420.265 0.0407037 -0.943387 -0.329188 0 0.329461 -0.944169 0.999171 0.0384312 0.0134103 LS23.dat
1 14 -167.43 -91.0381 -420.292 0.0415511 -0.937303 -0.346031 0 0.34633 -0.938113 0.999136 0.0389797 0.0143904 LS23.dat
1 14 -166.776 -91.2799 -420.319 0.0422651 -0.930793 -0.363095 0 0.36342 -0.931626 0.999106 0.0393752 0.01536 LS23.dat
1 14 -166.127 -91.5334 -420.347 0.042832 -0.923846 -0.380362 0 0.380711 -0.924694 0.999082 0.0396065 0.0163066 LS23.dat
1 14 -165.483 -91.7987 -420.374 0.0432373 -0.916449 -0.397809 0 0.398181 -0.917307 0.999065 0.0396619 0.0172163 LS23.dat
1 14 -164.845 -92.0757 -420.402 0.0434655 -0.908593 -0.415414 0 0.415807 -0.909453 0.999055 0.0395298 0.0180733 LS23.dat
1 14 -164.214 -92.3646 -420.429 0.0434996 -0.900271 -0.433151 0 0.433561 -0.901124 0.999053 0.0391986 0.0188597 LS23.dat
1 14 -163.59 -92.6653 -420.457 0.0433215 -0.891476 -0.450993 0 0.451417 -0.892313 0.999061 0.0386564 0.0195561 LS23.dat
1 14 -162.973 -92.9778 -420.483 0.0429117 -0.882202 -0.468912 0 0.469344 -0.883015 0.999079 0.0378917 0.0201404 LS23.dat
1 14 -162.363 -93.3021 -420.509 0.0422491 -0.872448 -0.486878 0 0.487313 -0.873228 0.999107 0.0368931 0.0205885 LS23.dat
1 14 -161.761 -93.6382 -420.535 0.0413111 -0.862213 -0.504859 0 0.50529 -0.86295 0.999146 0.0356494 0.0208741 LS23.dat
1 14 -161.168 -93.986 -420.559 0.0400732 -0.851499 -0.522823 0 0.523243 -0.852183 0.999197 0.0341497 0.020968 LS23.dat
1 14 -160.583 -94.3454 -420.583 0.038509 -0.84031 -0.540737 0 0.541138 -0.840934 0.999258 0.0323835 0.0208387 LS23.dat
1 14 -160.007 -94.7163 -420.605 0.0365901 -0.828653 -0.558566 0 0.55894 -0.829208 0.99933 0.0303408 0.0204517 LS23.dat
1 14 -159.44 -95.0986 -420.626 0.034286 -0.816536 -0.576275 0 0.576614 -0.817017 0.999412 0.0280122 0.0197698 LS23.dat
1 14 -158.883 -95.4921 -420.645 0.0315634 -0.803972 -0.593829 0 0.594125 -0.804373 0.999502 0.0253887 0.0187526 LS23.dat
1 14 -158.336 -95.8966 -420.662 0.0283867 -0.790973 -0.611192 0 0.611439 -0.791292 0.999597 0.0224622 0.0173567 LS23.dat
1 14 -157.798 -96.3121 -420.678 0.0247172 -0.777556 -0.628328 0 0.62852 -0.777794 0.999694 0.0192249 0.0155353 LS23.dat
1 14 -157.271 -96.7383 -420.691 0.0205134 -0.763739 -0.645199 0 0.645335 -0.7639 0.99979 0.0156701 0.013238 LS23.dat
1 14 -156.754 -97.1749 -420.701 0.01573 -0.749542 -0.66177 0 0.661852 -0.749635 0.999876 0.0117918 0.0104109 LS23.dat
1 14 -156.248 -97.6218 -420.709 0.0103186 -0.734987 -0.678002 0 0.678038 -0.735027 0.999947 0.00758446 0.00699642 LS23.dat
1 14 -155.753 -98.0787 -420.714 0.00422666 -0.720099 -0.693859 0 0.693865 -0.720105 0.999991 0.00304364 0.00293273 LS23.dat
1 14 -155.268 -98.5454 -420.716 -0.0026025 -0.704902 -0.7093 0 0.709303 -0.704904 0.999997 -0.00183451 -0.00184596 LS23.dat
1 14 -154.795 -99.0216 -420.715 -0.0102299 -0.689422 -0.724288 0 0.724326 -0.689458 0.999948 -0.00705306 -0.00740975 LS23.dat
1 14 -154.333 -99.507 -420.71 -0.0187211 -0.673688 -0.738779 0 0.738909 -0.673806 0.999825 -0.0126144 -0.0138332 LS23.dat
1 14 -153.883 -100.001 -420.702 -0.0281466 -0.657727 -0.752731 0 0.753029 -0.657987 0.999604 -0.0185201 -0.0211952 LS23.dat
1 14 -153.443 -100.504 -420.69 -0.0385817 -0.641568 -0.766096 0 0.766666 -0.642046 0.999255 -0.0247712 -0.0295793 LS23.dat
1 14 -153.015 -101.016 -420.673 -0.0501069 -0.62524 -0.778822 0 0.779802 -0.626026 0.998744 -0.0313683 -0.0390735 LS23.dat
1 14 -152.599 -101.535 -420.652 -0.0628074 -0.608773 -0.790855 0 0.792419 -0.609977 0.998026 -0.038311 -0.0497698 LS23.dat
1 14 -152.194 -102.062 -420.627 -0.0767727 -0.592194 -0.80213 0 0.804504 -0.593947 0.997049 -0.0455989 -0.0617639 LS23.dat
1 14 -151.801 -102.596 -420.596 -0.0920964 -0.575533 -0.812576 0 0.816044 -0.57799 0.99575 -0.0532308 -0.0751547 LS23.dat
1 14 -151.419 -103.138 -420.561 -0.108875 -0.558818 -0.822113 0 0.827029 -0.562159 0.994055 -0.0612052 -0.0900429 LS23.dat
1 14 -151.048 -103.686 -420.52 -0.127207 -0.542074 -0.830647 0 0.83745 -0.546514 0.991876 -0.0695203 -0.106529 LS23.dat
1 14 -150.689 -104.241 -420.474 -0.147189 -0.52533 -0.838072 0 0.8473 -0.531115 0.989108 -0.078174 -0.124713 LS23.dat
1 14 -150.342 -104.801 -420.423 -0.168914 -0.50861 -0.844266 0 0.856574 -0.516024 0.985631 -0.0871639 -0.144688 LS23.dat
1 14 -150.006 -105.367 -420.365 -0.19247 -0.491937 -0.84909 0 0.865268 -0.50131 0.981303 -0.0964874 -0.166538 LS23.dat
1 14 -149.681 -105.939 -420.301 -0.217931 -0.475335 -0.852386 0 0.873379 -0.487042 0.975964 -0.106142 -0.190337 LS23.dat
1 14 -149.367 -106.515 -420.231 -0.245353 -0.458826 -0.853979 0 0.880905 -0.473293 0.969434 -0.116124 -0.216132 LS23.dat
1 14 -149.064 -107.096 -420.155 -0.274765 -0.44243 -0.853674 0 0.887846 -0.46014 0.961511 -0.126431 -0.243949 LS23.dat
1 14 -148.773 -107.682 -420.071 -0.306165 -0.426166 -0.851261 0 0.894202 -0.447663 0.951979 -0.137059 -0.273773 LS23.dat
1 14 -148.492 -108.271 -419.981 -0.339504 -0.410051 -0.846519 0 0.899974 -0.435944 0.940604 -0.148005 -0.305545 LS23.dat
1 14 -148.222 -108.864 -419.884 -0.374684 -0.394103 -0.839223 0 0.905161 -0.425068 0.927153 -0.159266 -0.339149 LS23.dat
1 14 -147.962 -109.46 -419.779 -0.411539 -0.378336 -0.829155 0 0.909767 -0.415119 0.911392 -0.170838 -0.374405 LS23.dat
1 14 -147.713 -110.058 -419.666 -0.449839 -0.362765 -0.816117 0 0.913792 -0.406182 0.893109 -0.182717 -0.41106 LS23.dat
1 14 -147.475 -110.66 -419.546 -0.489279 -0.347401 -0.799949 0 0.917239 -0.398338 0.872127 -0.194898 -0.448785 LS23.dat
1 14 -147.246 -111.263 -419.418 -0.52948 -0.332259 -0.780548 0 0.920108 -0.391665 0.848323 -0.207379 -0.487178 LS23.dat
1 14 -147.028 -111.868 -419.281 -0.570001 -0.317346 -0.757885 0 0.922401 -0.386234 0.821644 -0.220153 -0.525769 LS23.dat
1 14 -146.819 -112.475 -419.137 -0.610352 -0.302675 -0.732023 0 0.92412 -0.382103 0.79213 -0.233217 -0.564039 LS23.dat
1 14 -146.62 -113.083 -418.983 -0.650017 -0.288254 -0.703127 0 0.925265 -0.379321 0.75992 -0.246565 -0.601438 LS23.dat
1 14 -146.43 -113.691 -418.821 -0.68848 -0.27409 -0.671469 0 0.925837 -0.377922 0.725256 -0.260192 -0.63742 LS23.dat
1 14 -146.25 -114.3 -418.65 -0.725256 -0.260192 -0.63742 0 0.925837 -0.377922 0.68848 -0.27409 -0.671469 LS23.dat
1 14 -146.079 -114.909 -418.47 -0.75992 -0.246565 -0.601438 0 0.925265 -0.379321 0.650017 -0.288254 -0.703127 LS23.dat
1 14 -145.917 -115.517 -418.28 -0.79213 -0.233217 -0.564039 0 0.92412 -0.382103 0.610352 -0.302675 -0.732023 LS23.dat
1 14 -145.763 -116.125 -418.081 -0.821644 -0.220153 -0.525769 0 0.922401 -0.386234 0.570001 -0.317346 -0.757885 LS23.dat
1 14 -145.619 -116.732 -417.872 -0.848323 -0.207379 -0.487178 0 0.920108 -0.391665 0.52948 -0.332259 -0.780548 LS23.dat
1 14 -145.482 -117.337 -417.654 -0.872127 -0.194898 -0.448785 0 0.917239 -0.398338 0.489279 -0.347401 -0.799949 LS23.dat
1 14 -145.354 -117.94 -417.425 -0.893109 -0.182717 -0.41106 0 0.913792 -0.406182 0.449839 -0.362765 -0.816117 LS23.dat
1 14 -145.234 -118.542 -417.187 -0.911392 -0.170838 -0.374405 0 0.909767 -0.415119 0.411539 -0.378336 -0.829155 LS23.dat
1 14 -145.121 -119.14 -416.938 -0.927153 -0.159266 -0.339149 0 0.905161 -0.425068 0.374684 -0.394103 -0.839223 LS23.dat
1 14 -145.016 -119.736 -416.678 -0.940604 -0.148005 -0.305545 0 0.899974 -0.435944 0.339504 -0.410051 -0.846519 LS23.dat
1 14 -144.919 -120.329 -416.408 -0.951979 -0.137059 -0.273773 0 0.894202 -0.447663 0.306165 -0.426166 -0.851261 LS23.dat
1 14 -144.829 -120.918 -416.127 -0.961511 -0.126431 -0.243949 0 0.887846 -0.46014 0.274765 -0.44243 -0.853674 LS23.dat
1 14 -144.745 -121.504 -415.836 -0.969434 -0.116124 -0.216132 0 0.880905 -0.473293 0.245353 -0.458826 -0.853979 LS23.dat
1 14 -144.669 -122.085 -415.533 -0.975964 -0.106142 -0.190337 0 0.873379 -0.487042 0.217931 -0.475335 -0.852386 LS23.dat
1 14 -144.599 -122.661 -415.219 -0.981303 -0.0964874 -0.166538 0 0.865268 -0.50131 0.19247 -0.491937 -0.84909 LS23.dat
1 14 -144.535 -123.233 -414.894 -0.985631 -0.0871639 -0.144688 0 0.856574 -0.516024 0.168914 -0.50861 -0.844266 LS23.dat
1 14 -144.477 -123.799 -414.558 -0.989108 -0.078174 -0.124713 0 0.8473 -0.531115 0.147189 -0.52533 -0.838072 LS23.dat
1 14 -144.426 -124.359 -414.211 -0.991876 -0.0695203 -0.106529 0 0.83745 -0.546514 0.127207 -0.542074 -0.830647 LS23.dat
1 14 -144.38 -124.914 -413.852 -0.994055 -0.0612052 -0.0900429 0 0.827029 -0.562159 0.108875 -0.558818 -0.822113 LS23.dat
1 14 -144.339 -125.462 -413.481 -0.99575 -0.0532308 -0.0751547 0 0.816044 -0.57799 0.0920964 -0.575533 -0.812576 LS23.dat
1 14 -144.304 -126.004 -413.099 -0.997049 -0.0455989 -0.0617639 0 0.804504 -0.593947 0.0767727 -0.592194 -0.80213 LS23.dat
1 14 -144.273 -126.538 -412.706 -0.998026 -0.038311 -0.0497698 0 0.792419 -0.609977 0.0628074 -0.608773 -0.790855 LS23.dat
1 14 -144.248 -127.065 -412.301 -0.998744 -0.0313683 -0.0390735 0 0.779802 -0.626026 0.0501069 -0.62524 -0.778822 LS23.dat
1 14 -144.227 -127.584 -411.885 -0.999255 -0.0247712 -0.0295793 0 0.766666 -0.642046 0.0385817 -0.641568 -0.766096 LS23.dat
1 14 -144.21 -128.096 -411.457 -0.999604 -0.0185201 -0.0211952 0 0.753029 -0.657987 0.0281466 -0.657727 -0.752731 LS23.dat
1 14 -144.198 -128.599 -411.017 -0.999825 -0.0126144 -0.0138332 0 0.738909 -0.673806 0.0187211 -0.673688 -0.738779 LS23.dat
1 14 -144.19 -129.093 -410.567 -0.999948 -0.00705306 -0.00740975 0 0.724326 -0.689458 0.0102299 -0.689422 -0.724288 LS23.dat
1 14 -144.185 -129.578 -410.105 -0.999997 -0.00183451 -0.00184596 0 0.709303 -0.704904 0.0026025 -0.704902 -0.7093 LS23.dat
1 14 -144.184 -130.055 -409.632 -0.999991 0.00304364 0.00293273 0 0.693865 -0.720105 -0.00422666 -0.720099 -0.693859 LS23.dat
1 14 -144.186 -130.521 -409.147 -0.999947 0.00758446 0.00699642 0 0.678038 -0.735027 -0.0103186 -0.734987 -0.678002 LS23.dat
1 14 -144.191 -130.978 -408.652 -0.999876 0.0117918 0.0104109 0 0.661852 -0.749635 -0.01573 -0.749542 -0.66177 LS23.dat
1 14 -144.199 -131.425 -408.146 -0.99979 0.0156701 0.013238 0 0.645335 -0.7639 -0.0205134 -0.763739 -0.645199 LS23.dat
1 14 -144.209 -131.862 -407.629 -0.999694 0.0192249 0.0155353 0 0.62852 -0.777794 -0.0247172 -0.777556 -0.628328 LS23.dat
1 14 -144.222 -132.288 -407.102 -0.999597 0.0224622 0.0173567 0 0.611439 -0.791292 -0.0283867 -0.790973 -0.611192 LS23.dat
1 14 -144.238 -132.703 -406.564 -0.999502 0.0253887 0.0187526 0 0.594125 -0.804373 -0.0315634 -0.803972 -0.593829 LS23.dat
1 14 -144.255 -133.108 -406.017 -0.999412 0.0280122 0.0197698 0 0.576614 -0.817017 -0.034286 -0.816536 -0.576275 LS23.dat
1 14 -144.274 -133.501 -405.46 -0.99933 0.0303408 0.0204517 0 0.55894 -0.829208 -0.0365901 -0.828653 -0.558566 LS23.dat
1 14 -144.295 -133.884 -404.893 -0.999258 0.0323835 0.0208387 0 0.541138 -0.840934 -0.038509 -0.84031 -0.540737 LS23.dat
1 14 -144.317 -134.255 -404.317 -0.999197 0.0341497 0.020968 0 0.523243 -0.852183 -0.0400732 -0.851499 -0.522823 LS23.dat
1 14 -144.341 -134.614 -403.732 -0.999146 0.0356494 0.0208741 0 0.50529 -0.86295 -0.0413111 -0.862213 -0.504859 LS23.dat
1 14 -144.365 -134.962 -403.139 -0.999107 0.0368931 0.0205885 0 0.487313 -0.873228 -0.0422491 -0.872448 -0.486878 LS23.dat
1 14 -144.391 -135.298 -402.537 -0.999079 0.0378917 0.0201404 0 0.469344 -0.883015 -0.0429117 -0.882202 -0.468912 LS23.dat
1 14 -144.417 -135.622 -401.927 -0.999061 0.0386564 0.0195561 0 0.451417 -0.892313 -0.0433215 -0.891476 -0.450993 LS23.dat
1 14 -144.443 -135.935 -401.31 -0.999053 0.0391986 0.0188597 0 0.433561 -0.901124 -0.0434996 -0.900271 -0.433151 LS23.dat
1 14 -144.471 -136.235 -400.686 -0.999055 0.0395298 0.0180733 0 0.415807 -0.909453 -0.0434655 -0.908593 -0.415414 LS23.dat
1 14 -144.498 -136.524 -400.055 -0.999065 0.0396619 0.0172163 0 0.398181 -0.917307 -0.0432373 -0.916449 -0.397809 LS23.dat
1 14 -144.526 -136.801 -399.417 -0.999082 0.0396065 0.0163066 0 0.380711 -0.924694 -0.042832 -0.923846 -0.380362 LS23.dat
1 14 -144.553 -137.067 -398.773 -0.999106 0.0393752 0.01536 0 0.36342 -0.931626 -0.0422651 -0.930793 -0.363095 LS23.dat
1 14 -144.581 -137.32 -398.124 -0.999136 0.0389797 0.0143904 0 0.34633 -0.938113 -0.0415511 -0.937303 -0.346031 LS23.dat
1 14 -144.608 -137.562 -397.47 -0.999171 0.0384312 0.0134103 0 0.329461 -0.944169 -0.0407037 -0.943387 -0.329188 LS23.dat
1 14 -144.635 -137.792 -396.81 -0.99921 0.0377409 0.0124305 0 0.312833 -0.949808 -0.0397353 -0.949058 -0.312586 LS23.dat
1 14 -144.661 -138.011 -396.147 -0.999253 0.0369196 0.0114605 0 0.296462 -0.955045 -0.0386575 -0.954331 -0.29624 LS23.dat
1 14 -144.687 -138.218 -395.479 -0.999297 0.035978 0.0105083 0 0.280361 -0.959895 -0.0374812 -0.95922 -0.280164 LS23.dat
1 14 -144.712 -138.414 -394.808 -0.999344 0.0349261 0.00958081 0 0.264544 -0.964374 -0.0362163 -0.963741 -0.264371 LS23.dat
1 14 -144.737 -138.599 -394.134 -0.999392 0.0337737 0.00868393 0 0.249021 -0.968498 -0.0348722 -0.967909 -0.24887 LS23.dat
1 14 -144.76 -138.774 -393.457 -0.99944 0.0325302 0.00782243 0 0.233802 -0.972284 -0.0334575 -0.97174 -0.233671 LS23.dat
1 14 -144.783 -138.937 -392.777 -0.999489 0.0312046 0.00700023 0 0.218893 -0.975749 -0.0319802 -0.97525 -0.218781 LS23.dat
1 14 -144.805 -139.09 -392.096 -0.999536 0.0298053 0.00622044 0 0.2043 -0.978908 -0.0304475 -0.978454 -0.204206 LS23.dat
1 14 -144.826 -139.233 -391.413 -0.999583 0.0283404 0.00548545 0 0.190029 -0.981779 -0.0288664 -0.981369 -0.189949 LS23.dat
1 14 -144.845 -139.365 -390.729 -0.999629 0.0268175 0.00479698 0 0.17608 -0.984376 -0.0272432 -0.98401 -0.176015 LS23.dat
1 14 -144.864 -139.488 -390.044 -0.999673 0.0252437 0.00415623 0 0.162457 -0.986716 -0.0255836 -0.986393 -0.162404 LS23.dat
1 14 -144.882 -139.6 -389.359 -0.999715 0.0236258 0.00356387 0 0.149159 -0.988813 -0.0238931 -0.988531 -0.149117 LS23.dat
1 14 -144.898 -139.704 -388.674 -0.999754 0.0219699 0.00302014 0 0.136187 -0.990683 -0.0221765 -0.99044 -0.136153 LS23.dat
1 14 -144.913 -139.798 -387.989 -0.999791 0.0202819 0.00252491 0 0.123537 -0.99234 -0.0204385 -0.992133 -0.123511 LS23.dat
1 14 -144.927 -139.883 -387.305 -0.999825 0.0185672 0.00207773 0 0.111209 -0.993797 -0.0186831 -0.993624 -0.111189 LS23.dat
1 14 -144.94 -139.96 -386.621 -0.999857 0.0168309 0.00167787 0 0.0991983 -0.995068 -0.0169143 -0.994925 -0.0991841 LS23.dat
1 14 -144.951 -140.028 -385.939 -0.999885 0.0150775 0.00132439 0 0.0875016 -0.996164 -0.0151356 -0.99605 -0.0874916 LS23.dat
1 14 -144.962 -140.087 -385.259 -0.999911 0.0133114 0.00101613 0 0.0761144 -0.997099 -0.0133501 -0.99701 -0.0761076 LS23.dat
1 14 -144.971 -140.139 -384.58 -0.999933 0.0115363 0.000751819 0 0.0650317 -0.997883 -0.0115608 -0.997817 -0.0650274 LS23.dat
1 14 -144.979 -140.183 -383.903 -0.999952 0.00975601 0.000530026 0 0.0542481 -0.998527 -0.00977039 -0.99848 -0.0542456 LS23.dat
1 14 -144.985 -140.22 -383.229 -0.999968 0.00797365 0.000349245 0 0.0437579 -0.999042 -0.0079813 -0.99901 -0.0437565 LS23.dat
1 14 -144.991 -140.249 -382.557 -0.999981 0.00619224 0.000207898 0 0.033555 -0.999437 -0.00619573 -0.999418 -0.0335544 LS23.dat
1 14 -144.995 -140.272 -381.888 -0.99999 0.00441446 0.000104357 0 0.0236331 -0.999721 -0.00441569 -0.999711 -0.0236329 LS23.dat
1 14 -144.998 -140.288 -381.222 -0.999997 0.00264274 3.69644e-005 0 0.0139858 -0.999902 -0.002643 -0.999899 -0.0139857 LS23.dat
1 14 -144.999 -140.297 -380.559 -1 0.00087928 4.05025e-006 0 0.00460628 -0.999989 -0.000879289 -0.999989 -0.00460628 LS23.dat
0 MLCAD SKIP_END
0 MLCAD FLEXHOSE 14 0 -0.3 -0.8 1 0 0 0 1 0 0 0 1  -150 -104 -320.3  50 0 0 -145 -140 -380.3 0 0 -100 150 ls23.dat ls23.dat 0
0 MLCAD SKIP_BEGIN
1 14 -150 -104.3 -321.1 -0.00321333 0.999991 0.00290169 0 0.0029017 -0.999996 -0.999995 -0.00321332 -9.32412e-006 LS23.dat
1 14 -150.596 -104.302 -321.098 -0.00981983 0.999912 0.00890768 0 0.00890811 -0.99996 -0.999952 -0.00981944 -8.74761e-005 LS23.dat
1 14 -151.199 -104.307 -321.092 -0.0167283 0.999744 0.0152519 0 0.0152541 -0.999884 -0.99986 -0.0167264 -0.000255175 LS23.dat
1 14 -151.808 -104.316 -321.082 -0.0239591 0.999472 0.0219603 0 0.0219666 -0.999759 -0.999713 -0.0239533 -0.000526299 LS23.dat
1 14 -152.423 -104.33 -321.067 -0.0315341 0.99908 0.0290609 0 0.0290753 -0.999577 -0.999503 -0.0315208 -0.000916865 LS23.dat
1 14 -153.044 -104.348 -321.048 -0.0394773 0.998551 0.0365845 0 0.036613 -0.99933 -0.99922 -0.0394508 -0.00144538 LS23.dat
1 14 -153.671 -104.371 -321.023 -0.0478148 0.997862 0.0445644 0 0.0446155 -0.999004 -0.998856 -0.0477672 -0.00213328 LS23.dat
1 14 -154.304 -104.399 -320.993 -0.0565751 0.996989 0.0530372 0 0.0531222 -0.998588 -0.998398 -0.0564952 -0.0030054 LS23.dat
1 14 -154.941 -104.433 -320.956 -0.0657893 0.995903 0.0620422 0 0.0621769 -0.998065 -0.997834 -0.065662 -0.00409058 LS23.dat
1 14 -155.583 -104.473 -320.914 -0.0754913 0.994571 0.0716226 0 0.0718276 -0.997417 -0.997146 -0.0752963 -0.00542236 LS23.dat
1 14 -156.228 -104.52 -320.865 -0.0857186 0.992954 0.0818247 0 0.082127 -0.996622 -0.996319 -0.085429 -0.00703981 LS23.dat
1 14 -156.877 -104.574 -320.809 -0.0965119 0.991006 0.0926988 0 0.0931336 -0.995654 -0.995332 -0.0960925 -0.0089885 LS23.dat
1 14 -157.529 -104.635 -320.746 -0.107916 0.988674 0.104299 0 0.104911 -0.994482 -0.99416 -0.107321 -0.0113217 LS23.dat
1 14 -158.183 -104.704 -320.675 -0.119981 0.985895 0.116682 0 0.117531 -0.993069 -0.992776 -0.11915 -0.0141015 LS23.dat
1 14 -158.838 -104.782 -320.596 -0.132761 0.982598 0.12991 0 0.13107 -0.991373 -0.991148 -0.131616 -0.017401 LS23.dat
1 14 -159.493 -104.87 -320.508 -0.146316 0.978694 0.144047 0 0.145614 -0.989342 -0.989238 -0.144756 -0.0213055 LS23.dat
1 14 -160.148 -104.967 -320.412 -0.160712 0.974085 0.159157 0 0.161253 -0.986913 -0.987001 -0.158608 -0.0259153 LS23.dat
1 14 -160.8 -105.075 -320.305 -0.176023 0.96865 0.175309 0 0.178089 -0.984014 -0.984386 -0.173209 -0.0313478 LS23.dat
1 14 -161.449 -105.194 -320.189 -0.192329 0.962251 0.192566 0 0.19623 -0.980558 -0.98133 -0.18859 -0.0377407 LS23.dat
1 14 -162.094 -105.326 -320.063 -0.209722 0.954725 0.21099 0 0.215789 -0.97644 -0.977761 -0.204781 -0.0452557 LS23.dat
1 14 -162.732 -105.47 -319.926 -0.228301 0.94588 0.230631 0 0.236887 -0.971537 -0.973591 -0.221803 -0.0540815 LS23.dat
1 14 -163.363 -105.628 -319.778 -0.248177 0.935491 0.251524 0 0.259647 -0.965704 -0.968715 -0.239665 -0.0644384 LS23.dat
1 14 -163.984 -105.8 -319.619 -0.269473 0.9233 0.273681 0 0.284193 -0.958767 -0.963008 -0.258362 -0.0765824 LS23.dat
1 14 -164.593 -105.988 -319.449 -0.292326 0.909006 0.297075 0 0.310644 -0.950526 -0.956319 -0.277863 -0.0908093 LS23.dat
1 14 -165.188 -106.191 -319.267 -0.316888 0.892266 0.321628 0 0.339104 -0.940749 -0.948463 -0.298112 -0.107458 LS23.dat
1 14 -165.768 -106.412 -319.073 -0.343326 0.87269 0.347187 0 0.369656 -0.929169 -0.939216 -0.319008 -0.126913 LS23.dat
1 14 -166.33 -106.65 -318.868 -0.371826 0.84985 0.373499 0 0.402346 -0.915488 -0.928303 -0.340402 -0.149603 LS23.dat
1 14 -166.871 -106.906 -318.651 -0.402589 0.823276 0.400172 0 0.437165 -0.899381 -0.915381 -0.362081 -0.175998 LS23.dat
1 14 -167.389 -107.181 -318.423 -0.435835 0.792481 0.42664 0 0.47403 -0.880509 -0.900027 -0.383756 -0.206599 LS23.dat
1 14 -167.881 -107.476 -318.184 -0.471793 0.756975 0.452106 0 0.512761 -0.858531 -0.881709 -0.405049 -0.241917 LS23.dat
1 14 -168.346 -107.79 -317.936 -0.5107 0.716303 0.475495 0 0.553056 -0.833144 -0.859759 -0.425486 -0.282446 LS23.dat
1 14 -168.78 -108.125 -317.678 -0.552777 0.670094 0.495391 0 0.594471 -0.804117 -0.833329 -0.444497 -0.32861 LS23.dat
1 14 -169.18 -108.481 -317.412 -0.598205 0.618116 0.509984 0 0.636412 -0.77135 -0.801343 -0.461425 -0.380705 LS23.dat
1 14 -169.546 -108.857 -317.14 -0.647071 0.560339 0.51703 0 0.678134 -0.734938 -0.76243 -0.475557 -0.438801 LS23.dat
1 14 -169.874 -109.254 -316.861 -0.699269 0.496999 0.513823 0 0.718776 -0.695242 -0.714858 -0.486161 -0.502618 LS23.dat
1 14 -170.162 -109.671 -316.579 -0.754355 0.428635 0.497212 0 0.757407 -0.652943 -0.656467 -0.492551 -0.571354 LS23.dat
1 14 -170.41 -110.108 -316.295 -0.811291 0.3561 0.463681 0 0.793101 -0.60909 -0.584643 -0.494149 -0.643435 LS23.dat
1 14 -170.615 -110.565 -316.01 -0.868082 0.280525 0.409559 0 0.825025 -0.565096 -0.49642 -0.49055 -0.71619 LS23.dat
1 14 -170.776 -111.04 -315.728 -0.921307 0.203243 0.331489 0 0.852518 -0.522697 -0.388835 -0.481565 -0.785431 LS23.dat
1 14 -170.894 -111.532 -315.45 -0.965677 0.125677 0.227316 0 0.875152 -0.483847 -0.259745 -0.46724 -0.845115 LS23.dat
1 14 -170.967 -112.041 -315.178 -0.994015 0.0492184 0.0975283 0 0.892758 -0.450537 -0.109244 -0.447841 -0.887414 LS23.dat
1 14 -170.996 -112.565 -314.915 -0.998281 -0.0248806 -0.0530629 0 0.905411 -0.424537 0.0586064 -0.423807 -0.903854 LS23.dat
1 14 -170.981 -113.103 -314.664 -0.972041 -0.0955876 -0.214476 0 0.913392 -0.40708 0.234813 -0.395698 -0.887855 LS23.dat
1 14 -170.923 -113.653 -314.425 -0.91354 -0.162127 -0.373042 0 0.917128 -0.398592 0.40675 -0.36413 -0.837833 LS23.dat
1 14 -170.824 -114.213 -314.203 -0.827189 -0.223984 -0.515354 0 0.917124 -0.398602 0.561924 -0.32972 -0.758635 LS23.dat
1 14 -170.685 -114.783 -313.998 -0.721943 -0.280876 -0.632383 0 0.91391 -0.405918 0.691953 -0.293049 -0.65979 LS23.dat
1 14 -170.508 -115.36 -313.813 -0.60777 -0.332713 -0.721053 0 0.907998 -0.418974 0.794113 -0.25464 -0.551854 LS23.dat
1 14 -170.294 -115.944 -313.649 -0.492776 -0.379551 -0.783015 0 0.899856 -0.436187 0.870156 -0.214942 -0.443427 LS23.dat
1 14 -170.046 -116.531 -313.509 -0.38217 -0.421548 -0.822341 0 0.88989 -0.456175 0.924092 -0.174336 -0.340089 LS23.dat
1 14 -169.766 -117.122 -313.393 -0.278616 -0.458925 -0.843659 0 0.878443 -0.477847 0.960403 -0.133136 -0.244749 LS23.dat
1 14 -169.457 -117.714 -313.303 -0.183057 -0.491942 -0.851166 0 0.865796 -0.500397 0.983102 -0.0916012 -0.15849 LS23.dat
1 14 -169.12 -118.307 -313.241 -0.0954518 -0.52087 -0.848283 0 0.852174 -0.523259 0.995434 -0.049946 -0.0813415 LS23.dat
1 14 -168.759 -118.898 -313.206 -0.0152892 -0.545982 -0.837658 0 0.837756 -0.546045 0.999883 -0.00834861 -0.0128086 LS23.dat
1 14 -168.374 -119.488 -313.2 0.0581178 -0.567541 -0.821291 0 0.822682 -0.568502 0.99831 0.0330401 0.0478124 LS23.dat
1 14 -167.97 -120.074 -313.224 0.125477 -0.5858 -0.800684 0 0.807062 -0.590466 0.992097 0.0740898 0.101268 LS23.dat
1 14 -167.547 -120.656 -313.277 0.187445 -0.600992 -0.776964 0 0.790984 -0.611837 0.982275 0.114686 0.148266 LS23.dat
1 14 -167.109 -121.233 -313.361 0.244603 -0.613338 -0.75099 0 0.774517 -0.632553 0.969623 0.154724 0.189449 LS23.dat
1 14 -166.656 -121.805 -313.475 0.297452 -0.623042 -0.723423 0 0.75772 -0.65258 0.954737 0.194111 0.225385 LS23.dat
1 14 -166.192 -122.37 -313.62 0.34642 -0.630297 -0.69478 0 0.740641 -0.671901 0.938079 0.23276 0.256573 LS23.dat
1 14 -165.717 -122.928 -313.795 0.391872 -0.63528 -0.665474 0 0.723326 -0.690507 0.92002 0.27059 0.283451 LS23.dat
1 14 -165.233 -123.479 -314.001 0.434118 -0.638163 -0.635838 0 0.705815 -0.708396 0.900856 0.307528 0.306407 LS23.dat
1 14 -164.742 -124.021 -314.238 0.473428 -0.639105 -0.606144 0 0.688149 -0.72557 0.880833 0.343505 0.325789 LS23.dat
1 14 -164.246 -124.556 -314.504 0.510034 -0.638261 -0.576618 0 0.670366 -0.742031 0.860154 0.378461 0.341909 LS23.dat
1 14 -163.746 -125.081 -314.801 0.544141 -0.635776 -0.547448 0 0.652505 -0.757784 0.838994 0.412342 0.355055 LS23.dat
1 14 -163.243 -125.597 -315.127 0.575931 -0.631792 -0.518789 0 0.634605 -0.772836 0.817498 0.4451 0.365489 LS23.dat
1 14 -162.738 -126.104 -315.483 0.605567 -0.626445 -0.490771 0 0.616705 -0.787194 0.795794 0.476699 0.373456 LS23.dat
1 14 -162.233 -126.602 -315.867 0.633197 -0.619863 -0.4635 0 0.598844 -0.800866 0.773991 0.507106 0.379186 LS23.dat
1 14 -161.728 -127.089 -316.28 0.658955 -0.612173 -0.437062 0 0.581059 -0.813862 0.752182 0.536298 0.382891 LS23.dat
1 14 -161.225 -127.567 -316.721 0.682966 -0.603493 -0.411526 0 0.563387 -0.826193 0.73045 0.564262 0.384774 LS23.dat
1 14 -160.724 -128.034 -317.189 0.705345 -0.593939 -0.386944 0 0.545864 -0.837874 0.708864 0.59099 0.385022 LS23.dat
1 14 -160.227 -128.491 -317.684 0.726198 -0.583619 -0.363353 0 0.528525 -0.848918 0.687485 0.616483 0.383814 LS23.dat
1 14 -159.733 -128.938 -318.205 0.745626 -0.572635 -0.340779 0 0.5114 -0.859343 0.666364 0.640748 0.381313 LS23.dat
1 14 -159.244 -129.375 -318.752 0.763722 -0.561086 -0.319236 0 0.494521 -0.869166 0.645546 0.663801 0.377676 LS23.dat
1 14 -158.761 -129.801 -319.324 0.780572 -0.549062 -0.298728 0 0.477914 -0.878407 0.625066 0.68566 0.373046 LS23.dat
1 14 -158.283 -130.217 -319.921 0.796259 -0.536648 -0.279249 0 0.461603 -0.887087 0.604956 0.706351 0.367555 LS23.dat
1 14 -157.812 -130.622 -320.541 0.81086 -0.523923 -0.260789 0 0.44561 -0.895227 0.585241 0.725904 0.361327 LS23.dat
1 14 -157.348 -131.017 -321.184 0.824446 -0.51096 -0.243328 0 0.429954 -0.902851 0.56594 0.744352 0.354474 LS23.dat
1 14 -156.892 -131.401 -321.849 0.837086 -0.497824 -0.226843 0 0.414651 -0.909981 0.547071 0.761732 0.347099 LS23.dat
1 14 -156.443 -131.775 -322.536 0.848843 -0.484577 -0.211307 0 0.399714 -0.91664 0.528645 0.778084 0.339294 LS23.dat
1 14 -156.002 -132.138 -323.243 0.859777 -0.471273 -0.196686 0 0.385153 -0.922853 0.51067 0.793447 0.331146 LS23.dat
1 14 -155.57 -132.491 -323.97 0.869943 -0.457962 -0.182949 0 0.370978 -0.928642 0.493153 0.807865 0.322729 LS23.dat
1 14 -155.148 -132.834 -324.716 0.879393 -0.444688 -0.170058 0 0.357192 -0.934031 0.476096 0.821381 0.314113 LS23.dat
1 14 -154.734 -133.166 -325.48 0.888177 -0.431491 -0.157977 0 0.343801 -0.939043 0.459501 0.834036 0.305356 LS23.dat
1 14 -154.329 -133.488 -326.262 0.896341 -0.418404 -0.146667 0 0.330805 -0.943699 0.443366 0.845876 0.296514 LS23.dat
1 14 -153.935 -133.8 -327.06 0.903926 -0.405458 -0.136092 0 0.318203 -0.948022 0.427689 0.856942 0.287632 LS23.dat
1 14 -153.55 -134.102 -327.873 0.910974 -0.39268 -0.126212 0 0.305995 -0.952033 0.412465 0.867277 0.278754 LS23.dat
1 14 -153.175 -134.394 -328.701 0.91752 -0.380091 -0.116991 0 0.294177 -0.955751 0.397689 0.876921 0.269914 LS23.dat
1 14 -152.81 -134.677 -329.543 0.923602 -0.367711 -0.108391 0 0.282744 -0.959195 0.383354 0.885914 0.261143 LS23.dat
1 14 -152.455 -134.95 -330.398 0.929249 -0.355556 -0.100377 0 0.27169 -0.962385 0.369453 0.894296 0.252468 LS23.dat
1 14 -152.111 -135.213 -331.264 0.934494 -0.343639 -0.0929134 0 0.261009 -0.965336 0.355978 0.902101 0.243911 LS23.dat
1 14 -151.777 -135.467 -332.141 0.939365 -0.33197 -0.0859676 0 0.250693 -0.968067 0.34292 0.909368 0.235492 LS23.dat
1 14 -151.453 -135.711 -333.028 0.943886 -0.320557 -0.0795072 0 0.240734 -0.970591 0.33027 0.916128 0.227225 LS23.dat
1 14 -151.139 -135.947 -333.925 0.948084 -0.309408 -0.0735015 0 0.231123 -0.972925 0.318019 0.922415 0.219124 LS23.dat
1 14 -150.836 -136.173 -334.829 0.951981 -0.298526 -0.0679212 0 0.221852 -0.97508 0.306156 0.928258 0.211199 LS23.dat
1 14 -150.543 -136.391 -335.741 0.955599 -0.287915 -0.0627385 0 0.21291 -0.977072 0.294671 0.933689 0.203457 LS23.dat
1 14 -150.26 -136.6 -336.658 0.958956 -0.277574 -0.0579271 0 0.204289 -0.978911 0.283554 0.938732 0.195905 LS23.dat
1 14 -149.987 -136.801 -337.582 0.962072 -0.267505 -0.0534621 0 0.195979 -0.980608 0.272795 0.943416 0.188546 LS23.dat
1 14 -149.724 -136.994 -338.51 0.964963 -0.257707 -0.04932 0 0.187969 -0.982175 0.262384 0.947763 0.181383 LS23.dat
1 14 -149.47 -137.179 -339.441 0.967646 -0.248178 -0.0454788 0 0.180249 -0.983621 0.25231 0.951797 0.174418 LS23.dat
1 14 -149.227 -137.356 -340.376 0.970136 -0.238914 -0.0419176 0 0.172811 -0.984955 0.242563 0.95554 0.16765 LS23.dat
1 14 -148.992 -137.525 -341.313 0.972445 -0.229912 -0.038617 0 0.165644 -0.986186 0.233133 0.959011 0.161079 LS23.dat
1 14 -148.768 -137.687 -342.251 0.974587 -0.221169 -0.0355587 0 0.158738 -0.987321 0.224009 0.96223 0.154704 LS23.dat
1 14 -148.552 -137.842 -343.189 0.976574 -0.212679 -0.0327258 0 0.152084 -0.988368 0.215182 0.965214 0.148521 LS23.dat
1 14 -148.345 -137.99 -344.127 0.978417 -0.204438 -0.0301022 0 0.145673 -0.989333 0.206642 0.96798 0.142529 LS23.dat
1 14 -148.147 -138.131 -345.065 0.980125 -0.19644 -0.027673 0 0.139495 -0.990223 0.19838 0.970542 0.136723 LS23.dat
1 14 -147.958 -138.266 -346.001 0.981709 -0.18868 -0.0254244 0 0.133542 -0.991043 0.190386 0.972916 0.131099 LS23.dat
1 14 -147.777 -138.394 -346.935 0.983178 -0.181152 -0.0233435 0 0.127804 -0.991799 0.18265 0.975115 0.125655 LS23.dat
1 14 -147.604 -138.516 -347.866 0.984539 -0.17385 -0.0214182 0 0.122275 -0.992496 0.175165 0.977151 0.120384 LS23.dat
1 14 -147.439 -138.632 -348.793 0.9858 -0.166769 -0.0196373 0 0.116944 -0.993139 0.167921 0.979036 0.115284 LS23.dat
1 14 -147.281 -138.742 -349.717 0.986969 -0.159901 -0.0179905 0 0.111805 -0.99373 0.160909 0.980781 0.110348 LS23.dat
1 14 -147.131 -138.847 -350.637 0.988052 -0.15324 -0.0164679 0 0.106849 -0.994275 0.154123 0.982395 0.105573 LS23.dat
1 14 -146.989 -138.947 -351.551 0.989054 -0.146782 -0.0150607 0 0.10207 -0.994777 0.147552 0.983889 0.100953 LS23.dat
1 14 -146.853 -139.041 -352.461 0.989982 -0.140519 -0.0137605 0 0.0974601 -0.995239 0.141191 0.98527 0.0964838 LS23.dat
1 14 -146.724 -139.13 -353.364 0.990841 -0.134445 -0.0125595 0 0.0930123 -0.995665 0.13503 0.986546 0.0921605 LS23.dat
1 14 -146.602 -139.215 -354.261 0.991636 -0.128555 -0.0114506 0 0.0887202 -0.996057 0.129064 0.987726 0.0879782 LS23.dat
1 14 -146.486 -139.295 -355.152 0.992371 -0.122843 -0.0104271 0 0.0845774 -0.996417 0.123284 0.988816 0.0839322 LS23.dat
1 14 -146.376 -139.37 -356.037 0.993051 -0.117302 -0.00948277 0 0.0805778 -0.996748 0.117685 0.989822 0.0800179 LS23.dat
1 14 -146.272 -139.442 -356.914 0.993679 -0.111928 -0.00861197 0 0.0767155 -0.997053 0.112259 0.990751 0.0762306 LS23.dat
1 14 -146.174 -139.509 -357.783 0.994259 -0.106714 -0.00780935 0 0.0729848 -0.997333 0.107 0.991607 0.0725658 LS23.dat
1 14 -146.081 -139.573 -358.645 0.994794 -0.101656 -0.00706998 0 0.0693805 -0.99759 0.101902 0.992397 0.0690193 LS23.dat
1 14 -145.994 -139.632 -359.5 0.995288 -0.0967478 -0.00638929 0 0.0658972 -0.997826 0.0969585 0.993125 0.0655867 LS23.dat
1 14 -145.911 -139.689 -360.346 0.995744 -0.0919845 -0.00576308 0 0.0625301 -0.998043 0.0921649 0.993795 0.0622639 LS23.dat
1 14 -145.834 -139.741 -361.184 0.996163 -0.0873612 -0.0051874 0 0.0592743 -0.998242 0.0875151 0.994412 0.0590469 LS23.dat
1 14 -145.761 -139.791 -362.013 0.996549 -0.082873 -0.00465863 0 0.0561254 -0.998424 0.0830039 0.994978 0.0559318 LS23.dat
1 14 -145.692 -139.837 -362.834 0.996904 -0.0785153 -0.0041734 0 0.053079 -0.99859 0.0786262 0.995499 0.0529147 LS23.dat
1 14 -145.628 -139.88 -363.647 0.99723 -0.0742836 -0.0037286 0 0.050131 -0.998743 0.0743771 0.995976 0.0499921 LS23.dat
1 14 -145.568 -139.921 -364.451 0.997529 -0.0701734 -0.00332132 0 0.0472772 -0.998882 0.0702519 0.996414 0.0471604 LS23.dat
1 14 -145.512 -139.959 -365.246 0.997803 -0.0661805 -0.00294889 0 0.0445141 -0.999009 0.0662461 0.996814 0.0444163 LS23.dat
1 14 -145.46 -139.994 -366.032 0.998054 -0.0623008 -0.00260881 0 0.0418378 -0.999124 0.0623554 0.99718 0.0417564 LS23.dat
1 14 -145.412 -140.026 -366.809 0.998283 -0.0585304 -0.0022988 0 0.039245 -0.99923 0.0585755 0.997514 0.0391776 LS23.dat
1 14 -145.366 -140.056 -367.577 0.998492 -0.0548654 -0.0020167 0 0.0367323 -0.999325 0.0549025 0.997818 0.0366769 LS23.dat
1 14 -145.325 -140.084 -368.337 0.998682 -0.0513023 -0.00176053 0 0.0342966 -0.999412 0.0513325 0.998094 0.0342514 LS23.dat
1 14 -145.286 -140.11 -369.087 0.998854 -0.0478373 -0.00152845 0 0.0319347 -0.99949 0.0478617 0.998345 0.0318981 LS23.dat
1 14 -145.251 -140.134 -369.828 0.99901 -0.0444672 -0.00131876 0 0.0296439 -0.999561 0.0444868 0.998571 0.0296145 LS23.dat
1 14 -145.218 -140.156 -370.561 0.999151 -0.0411886 -0.00112987 0 0.0274213 -0.999624 0.0412041 0.998775 0.027398 LS23.dat
1 14 -145.188 -140.176 -371.284 0.999277 -0.0379984 -0.000960309 0 0.0252643 -0.999681 0.0380106 0.998958 0.025246 LS23.dat
1 14 -145.161 -140.194 -371.999 0.999391 -0.0348935 -0.000808711 0 0.0231703 -0.999732 0.0349029 0.999122 0.0231562 LS23.dat
1 14 -145.136 -140.21 -372.704 0.999492 -0.031871 -0.000673808 0 0.021137 -0.999777 0.0318781 0.999268 0.0211263 LS23.dat
1 14 -145.114 -140.225 -373.401 0.999581 -0.028928 -0.000554421 0 0.019162 -0.999816 0.0289333 0.999398 0.019154 LS23.dat
1 14 -145.094 -140.238 -374.089 0.99966 -0.0260619 -0.000449455 0 0.0172431 -0.999851 0.0260658 0.999512 0.0172373 LS23.dat
1 14 -145.076 -140.25 -374.769 0.999729 -0.02327 -0.000357894 0 0.0153783 -0.999882 0.0232727 0.999611 0.0153741 LS23.dat
1 14 -145.061 -140.26 -375.439 0.999789 -0.0205498 -0.000278791 0 0.0135654 -0.999908 0.0205516 0.999697 0.0135625 LS23.dat
1 14 -145.047 -140.269 -376.102 0.99984 -0.0178988 -0.000211267 0 0.0118026 -0.99993 0.0179001 0.99977 0.0118007 LS23.dat
1 14 -145.036 -140.277 -376.755 0.999883 -0.0153149 -0.000154503 0 0.010088 -0.999949 0.0153156 0.999832 0.0100868 LS23.dat
1 14 -145.026 -140.283 -377.4 0.999918 -0.0127956 -0.00010774 0 0.00841979 -0.999965 0.0127961 0.999883 0.0084191 LS23.dat
1 14 -145.018 -140.288 -378.037 0.999947 -0.0103389 -7.02689e-005 0 0.00679638 -0.999977 0.0103392 0.999923 0.00679601 LS23.dat
1 14 -145.011 -140.293 -378.666 0.999968 -0.00794276 -4.14308e-005 0 0.0052161 -0.999986 0.00794287 0.999955 0.00521594 LS23.dat
1 14 -145.006 -140.296 -379.287 0.999984 -0.0056051 -2.06124e-005 0 0.00367741 -0.999993 0.00560513 0.999978 0.00367736 LS23.dat
1 14 -145.003 -140.298 -379.899 0.999994 -0.00332403 -7.24253e-006 0 0.00217883 -0.999998 0.00332404 0.999992 0.00217882 LS23.dat
1 14 -145.001 -140.3 -380.503 0.999999 -0.00109773 -7.89206e-007 0 0.000718946 -1 0.00109773 0.999999 0.000718946 LS23.dat
0 MLCAD SKIP_END
1 73 -127.814 -103.686 -340.377 0 0 -1 0 1 0 1 0 0 32172.dat
1 7 -172.814 -43.6859 -340.377 0 0 -1 0 -1 0 -1 0 0 32123a.dat
1 7 -222.814 -43.6859 -340.377 0 0 -1 0 -1 0 -1 0 0 32123a.dat
1 73 -237.814 -43.686 -320.377 0 -1 0 -1 0 0 0 0 -1 32174.dat
1 73 -267.814 -103.686 -340.377 0 0 1 0 1 0 -1 0 0 32172.dat
1 1 -197.814 -98.686 -400.377 1 0 0 0 1 0 0 0 1 3023.dat
1 1 -237.814 19.1176 -308.16 -1 0 0 0 -0.430758 -0.903142 0 -0.903142 0.430758 32173.dat
1 73 -157.814 75.2433 -325.39 1 0 0 0 0 1 0 -1 0 32174.dat
1 73 -237.814 75.2433 -325.39 1 0 0 0 0 1 0 -1 0 32174.dat
1 1 -157.814 95.2432 -305.39 -1 0 0 0 1 0 0 0 -1 32175.dat
1 1 -237.814 95.2432 -305.39 -1 0 0 0 1 0 0 0 -1 32175.dat
1 73 -127.814 -83.686 -460.377 1 0 0 0 -1 0 0 0 -1 32174.dat
1 14 -127.814 -102.686 -480.377 1 0 0 0 1 0 0 0 1 30088.dat
0
