0  857_MOTORCYCLE D
0 Name: C:\DOCUMENTS AND SETTINGS\MARCO\DESKTOP\INCO\857_MOTORCYCLE D.LDR
0 Author: LEGO Digital Designer 4.3

1  7 -594.5978 -679.9789 -20.00042 0 -0.5993955 -0.800453 0 0.800453 -0.5993955 1 0 0 3795.dat
1  1 -519.3475 -613.6356 29.99958 0.8004537 -0.5993946 0 0.5993946 0.8004537 0 0 0 1 3895.dat
1  7 -517.724 -582.4368 29.99961 0.8004538 -0.5993944 0 0.5993944 0.8004538 0 0 0 1 3710.dat
1  7 -437.6786 -522.4973 29.9996 0.8004534 -0.599395 0 0.599395 0.8004534 0 0 0 1 3666.dat
1  1 -519.3477 -613.6356 -70 0.800454 -0.5993941 0 0.5993941 0.800454 0 0 0 1 3895.dat
1  7 -517.7242 -582.4368 -70.00059 0.8004541 -0.599394 0 0.599394 0.8004541 0 0 0 1 3710.dat
1  1 -295.2206 -445.8047 29.99963 -0.8004528 -0.5993958 0 -0.5993958 0.8004529 0 0 0 -1 3703.dat
1  7 -357.6333 -462.5576 29.9996 0.8004535 -0.5993949 0 0.5993949 0.8004535 0 0 0 1 3710.dat
1  7 -437.6788 -522.4973 -70.00079 0.8004542 -0.5993939 0 0.5993939 0.8004542 0 0 0 1 3666.dat
1  7 -290.4254 -452.2084 -20.00046 0 -0.5993957 -0.800453 0 0.8004531 -0.5993957 1 0 0 3795.dat
1  7 -277.588 -402.618 29.9996 0.8004535 -0.5993948 0 0.5993948 0.8004535 0 0 0 1 3666.dat
1  1 -295.2205 -445.8047 -70.00125 -0.8004528 -0.5993959 0 -0.5993959 0.8004529 0 0 0 -1 3703.dat
1  7 -357.6333 -462.5576 -70 0.8004535 -0.5993948 0 0.5993948 0.8004535 0 0 0 1 3710.dat
1  7 -181.5335 -330.6905 29.99951 0.8004532 -0.5993953 0 0.5993953 0.8004532 0 0 0 1 3666.dat
1  7 -277.588 -402.618 -70 0.8004536 -0.5993947 0 0.5993947 0.8004536 0 0 0 1 3666.dat
1  1 -39.07547 -253.9979 29.9996 -0.8004528 -0.5993959 0 -0.5993959 0.8004532 0 0 0 -1 3703.dat
1  7 -85.47913 -258.763 29.99951 0.8004533 -0.5993951 0 0.5993951 0.8004533 0 0 0 1 3666.dat
1  7 -181.5335 -330.6904 -70.00048 0.8004532 -0.5993953 0 0.5993953 0.8004532 0 0 0 1 3666.dat
1  7 -34.28031 -260.4016 -20.00038 0 -0.5993958 -0.8004529 0 0.8004531 -0.5993958 1 0 0 3795.dat
1  7 10.57524 -186.8354 29.99962 0.8004531 -0.5993955 0 0.5993955 0.8004531 0 0 0 1 3666.dat
1  1 -39.07549 -253.998 -70.0004 -0.8004528 -0.5993959 0 -0.5993959 0.8004532 0 0 0 -1 3703.dat
1  7 -85.47913 -258.7629 -70.00048 0.8004533 -0.5993951 0 0.5993951 0.8004533 0 0 0 1 3666.dat
1  7 53.80726 -144.468 30 0.8004529 -0.5993957 0 0.5993957 0.8004529 0 0 0 1 3710.dat
1  1 49.17734 -137.9413 30 0.8004527 -0.5993959 0 0.5993959 0.8004527 0 0 0 1 3701.dat
1  7 10.57526 -186.8354 -70.00038 0.8004531 -0.5993955 0 0.5993955 0.8004531 0 0 0 1 3666.dat
1  7 93.79221 -164.4982 -20.00047 0 -0.5993958 -0.8004529 0 0.800453 -0.5993958 1 0 0 3795.dat
1  1 97.00159 -152.1006 -20.0005 0 -0.5993958 -0.8004529 0 0.800453 -0.5993958 1 0 0 3009.dat
1  7 74.77673 -138.7607 -20 0 -0.5993958 -0.8004529 0 0.800453 -0.5993958 1 0 0 3795.dat
1  7 53.80727 -144.4681 -70 0.8004531 -0.5993955 0 0.5993955 0.8004531 0 0 0 1 3710.dat
1  1 49.72316 -138.0288 -69.99934 0.8004529 -0.5993957 0 0.5993957 0.8004529 0 0 0 1 3701.dat
1  7 -418.498 -548.1117 -20.00105 0 -0.5993955 -0.800453 0 0.800453 -0.5993955 1 0 0 3795.dat
1  7 -162.3529 -356.305 -20.00047 0 -0.5993958 -0.8004529 0 0.8004529 -0.5993958 1 0 0 3795.dat
1  7 50.9849 -174.0659 39.99969 0 -0.1066598 0.9942956 0 0.9942955 0.1066598 -1 0 0 3673.dat
1  7 27.17433 -141.9247 39.99969 0 -0.1066598 0.9942956 0 0.9942955 0.1066598 -1 0 0 3673.dat
1  1 7.480075 -131.7099 49.99969 0.5952638 0.8035303 0 -0.8035303 0.5952638 0 0 0 1 3702.dat
1  1 27.2199 -117.623 49.99969 0.5952638 0.8035303 0 -0.8035303 0.5952638 0 0 0 1 3460.dat
1  1 33.64815 -112.8609 49.99969 0.5952638 0.8035303 0 -0.8035303 0.5952638 0 0 0 1 3460.dat
1  1 40.0764 -108.0988 49.99969 0.5952638 0.8035303 0 -0.8035303 0.5952638 0 0 0 1 3702.dat
1  7 59.19244 -117.9489 39.99969 0 -0.1066598 0.9942956 0 0.9942955 0.1066598 -1 0 0 3673.dat
1  0 -20.27101 -78.02249 81.99912 0.003871617 -1 0.0009192397 -0.0006245325 0.0009168392 1 -1 -0.003872178 -0.0006209671 3707.dat
1  7 -20.82134 -78.01399 89.99739 -1 0 0 0 1 0 0 0 -1 3713.dat
1  7 -20.58904 -78.05147 29.99739 -1 0 0 0 1 0 0 0 -1 3713.dat
1  7 4.0652 -109.8861 39.99969 0 -0.1066598 0.9942956 0 0.9942955 0.1066598 -1 0 0 3673.dat
1  1 -240 -167.5663 50 1 0 0 0 1 0 0 0 1 3010.dat
1  1 -240 -143.5663 50 -1 0 0 0 1 0 0 0 -1 3037.dat
1  1 -240 -119.5663 70 1 0 0 0 1 0 0 0 1 3010.dat
1  1 -220 -175.5663 -20 0 0 -1 0 1 0 1 0 0 3738.dat
1  1 -240 -119.5663 50 1 0 0 0 1 0 0 0 1 3010.dat
1  1 -240 -95.56628 60 1 0 0 0 1 0 0 0 1 3709B.dat
1  1 -120 -87.56628 70 -1 0 0 0 1 0 0 0 -1 3895.dat
1  1 -260 -87.56628 70 1 0 0 0 1 0 0 0 1 3700.dat
1  1 -260 -87.56628 50 1 0 0 0 1 0 0 0 1 3894.dat
1  1 -240 -63.56628 60 1 0 0 0 1 0 0 0 1 3709B.dat
1  1 -240 -167.5663 -90 1 0 0 0 1 0 0 0 1 3010.dat
1  1 -240 -143.5663 -90 1 0 0 0 1 0 0 0 1 3037.dat
1  1 -240 -119.5663 -90 1 0 0 0 1 0 0 0 1 3010.dat
1  1 -240 -119.5663 -110 1 0 0 0 1 0 0 0 1 3010.dat
1  1 -240 -95.56628 -100 1 0 0 0 1 0 0 0 1 3709B.dat
1  1 -260 -87.56628 -90 1 0 0 0 1 0 0 0 1 3894.dat
1  1 -120 -87.56628 -110 -1 0 0 0 1 0 0 0 -1 3895.dat
1  1 -260 -87.56628 -110 1 0 0 0 1 0 0 0 1 3700.dat
1  1 -240 -63.56628 -100 1 0 0 0 1 0 0 0 1 3709B.dat
1  0 -44.04285 -89.48696 30.20047 0.9135094 -0.003872272 0.4067993 -0.406799 0.0009164446 0.9135172 -0.003910167 -1 -0.0007380492 3705.dat
1  7 -100 -77.56628 60 0 0.08669849 0.9962347 0 0.9962347 -0.08669849 -1 0 0 3749.dat
1  7 -99.95663 -77.56816 50 0.9962346 0.0866985 0 -0.0866985 0.9962346 0 0 0 1 3648.dat
1  0 -162.1617 -128.0195 129.5001 -0.04324176 0 0.9990647 -0.9990647 0 -0.0432418 0 -1 0 3707.dat
1  7 -160.8644 -98.04752 129.5001 -0.999065 0 -0.04323223 0.04323223 0 -0.999065 0 -1 0 3713.dat
1  7 -159.1348 -58.08492 129.5001 -0.9990646 0 -0.04324334 0.04324334 0 -0.9990645 0 -1 0 3713.dat
1  0 -160 -77.56674 60 0 0.04323882 0.9990648 0 0.9990648 -0.04323882 -1 0 0 3706.dat
1  7 -159.9784 -77.56674 50 0.9990649 0.04323518 0 -0.04323518 0.9990649 0 0 0 1 3648.dat
1  7 -89.5324 -68.42213 39.99881 0 0 1 0 1 0 -1 0 0 3673.dat
1  7 50.98488 -174.0659 -80 0 -0.1066598 0.9942956 0 0.9942955 0.1066598 -1 0 0 3673.dat
1  7 27.72015 -142.0121 -79.99934 0 -0.1066598 0.9942956 0 0.9942955 0.1066598 -1 0 0 3673.dat
1  7 -300 -77.56627 30 -1 0 0 0 1 0 0 0 -1 3713.dat
1  0 -300 -77.56627 -20 0 0 1 0 1 0 -1 0 0 3707.dat
1  7 -300 -77.56627 -70 -1 0 0 0 1 0 0 0 -1 3713.dat
1  7 59.73827 -118.0363 -79.99934 0 -0.1066598 0.9942956 0 0.9942955 0.1066598 -1 0 0 3673.dat
1  1 8.025827 -131.7973 -89.99932 0.5952638 0.8035303 0 -0.8035303 0.5952638 0 0 0 1 3702.dat
1  1 27.76566 -117.7105 -89.99932 0.5952638 0.8035303 0 -0.8035303 0.5952638 0 0 0 1 3460.dat
1  1 34.1939 -112.9484 -89.99932 0.5952638 0.8035303 0 -0.8035303 0.5952638 0 0 0 1 3460.dat
1  1 40.62215 -108.1863 -89.99932 0.5952638 0.8035303 0 -0.8035303 0.5952638 0 0 0 1 3702.dat
1  7 4.610952 -109.9736 -79.99934 0 -0.1066598 0.9942956 0 0.9942955 0.1066598 -1 0 0 3673.dat
1  0 -43.49712 -89.57442 -69.79868 0.9135094 -0.003872272 0.4067994 -0.406799 0.000916451 0.9135172 -0.003910167 -1 -0.000738043 3705.dat
1  7 -99.9567 -77.56816 -90 0.9962346 0.0866985 0 -0.0866985 0.9962346 0 0 0 1 3648.dat
1  7 -100 -77.56628 -100 0 0.08669852 -0.9962347 0 0.9962347 0.08669852 1 0 0 3749.dat
1  7 -89.12737 -68.4728 -80 0 0 1 0 1 0 -1 0 0 3673.dat
1  7 -159.9784 -77.56674 -90 0.9990648 0.04323794 0 -0.04323794 0.9990648 0 0 0 1 3648.dat
1  0 -159.9784 -77.56674 -100 0 0.04323881 0.9990649 0 0.9990649 -0.04323881 -1 0 0 3706.dat
1  0 -19.94193 -77.57565 -120 0.003871721 -1 0.0009189298 -0.0006243255 0.00091653 1 -1 -0.003872281 -0.0006207614 3707.dat
1  7 -20.19817 -78.11395 -70.00076 -1 0 0 0 1 0 0 0 -1 3713.dat
1  7 -19.96586 -78.15141 -130.0011 -1 0 0 0 1 0 0 0 -1 3713.dat
1  0 -162.2746 -128.0603 -169.9993 -0.04324176 0 0.9990647 -0.9990647 0 -0.0432418 0 -1 0 3707.dat
1  7 -160.4774 -98.10998 -170.4993 -0.9990649 0 -0.04323496 0.04323496 0 -0.999065 0 -1 0 3713.dat
1  7 -158.7477 -58.14739 -170.4993 -0.9990644 0 -0.04324744 0.04324744 0 -0.9990644 0 -1 0 3713.dat
1  7 -170.4582 -78.10098 -18.04567 0 -1 0 0 0 1 -1 0 0 3023.dat
1  7 -19.43936 -96.13966 -18.04556 0 0 -1 0 1 0 1 0 0 3023.dat
1  7 -159.6832 -96.10095 -18.04575 0 0 -1 0 1 0 1 0 0 3023.dat
1  7 -30.21437 -78.13969 -18.04548 0 -1 0 0 0 1 -1 0 0 3023.dat
1  7 -9.795408 -78.5955 -20 0 1 0 0 0 -1 -1 0 0 3023.dat
1  7 -150.1969 -77.53498 -19.96186 0 1 0 0 0 -1 -1 0 0 3023.dat
1  7 -19.43933 -60.13968 -18.04556 0 0 1 0 -1 0 1 0 0 3023.dat
1  7 -159.6832 -60.10096 -18.04575 0 0 1 0 -1 0 1 0 0 3023.dat
1  7 -71.44814 -77.01894 29.42088 0.003872902 -0.4067983 0.9135097 -0.0009168814 -0.9135177 -0.4067979 1 0.0007379283 -0.003911044 3651.dat
1  7 -14.64116 -101.555 30.07633 0.003782557 0.4068004 -0.9135093 -0.0008761943 0.9135171 0.4068001 1 -0.0007382631 0.00381188 3651.dat
1  7 -20.53096 -78.0608 9.996941 -1 0 -0.003872179 0 -1 0.0006206894 -0.003872179 0.000620689 1 3651.dat
1  7 -20.2756 -78.09836 -50.00075 -1 0.0009167761 0 0.0009167761 1 -0.0006206044 0 -0.0006206043 -1 3651.dat
1  7 -14.09543 -101.6425 -69.92281 0.003782557 0.4068004 -0.9135093 -0.0008761943 0.9135171 0.4068001 1 -0.0007382631 0.00381188 3651.dat
1  7 -70.90241 -77.1064 -70.57828 0.003873065 -0.4067983 0.9135099 -0.0009171998 -0.9135177 -0.4067979 1 0.0007376446 -0.003911045 3651.dat
1  7 -159.5913 -77.62609 -49.99927 -1 0.0009167725 0 0.0009167724 1 -0.0006206044 0 -0.0006206043 -1 3651.dat
1  7 -159.959 -77.56985 10 -1 0 -0.003872178 0 -1 0.0006206892 -0.003872178 0.0006206889 1 3651.dat
1  7 -159.9996 -78.06623 109.5001 -0.04323914 -0.9990648 0 -0.9990648 0.04323928 0 0 0 -1 3651.dat
1  7 -159.5913 -77.6292 -149.9993 -0.04323867 0.9990647 0 -0.9990647 -0.04323867 0 0 0 1 3651.dat
1  0 -19.39227 -78.16372 -163.999 1 0 0 0 1 0 0 0 1 3740.dat
1  0 -20.41039 -78 137.9991 1 0 0 0 1 0 0 0 1 3740.dat
1  0 -300 -78.06627 -10 1 0 0 0 1 0 0 0 1 3740.dat
1  7 -20.41039 -78 107.9991 0 0 1 0 1 0 -1 0 0 3739.dat
1  7 -300 -78.06627 -40 0 0 1 0 1 0 -1 0 0 3739.dat
1  7 -19.39224 -78.16374 -193.999 0 0 1 0 1 0 -1 0 0 3739.dat

0 WORLD  446.2266 31.53996 -371.4862 0.8599238 0.01442932 -0.5102178 -0.0905556 0.9880536 -0.1246792 0.5023239 0.1534165 0.8509611
0 CENTRE  0 0 0
0 LOOKAT  359 -337 0
0 ZOOM  76
0 ROTANGLE 0
