0  857_MOTORCYCLE C
0 Name: C:\DOCUMENTS AND SETTINGS\MARCO\DESKTOP\INCO\857_MOTORCYCLE C.LDR
0 Author: LEGO Digital Designer 4.3

1  0 89.52084 -375.1494 115.919 0.7546622 0.3327856 0.5654544 -0.2663202 0.9430025 -0.1995491 -0.599632 0 0.8002759 3710.dat
1  0 84.63651 -364.9423 121.9155 0.7546621 0.3327858 0.5654545 -0.2663203 0.9430025 -0.1995492 -0.5996321 0 0.8002758 3623.dat
1  0 94.84544 -360.0614 115.9191 0.7546621 0.3327858 0.5654545 -0.2663203 0.9430025 -0.1995492 -0.5996321 0 0.8002758 3710.dat
1  7 97.85929 -369.6086 73.92176 -0.5654545 0.3327852 0.7546623 0.1995489 0.9430028 -0.2663198 -0.8002759 0 -0.599632 3710.dat
1  7 78.23293 -371.1659 19.91348 0 0.3327855 0.9430026 0 0.9430027 -0.3327855 -1 0 0 3710.dat
1  1 92.98765 -359.4058 19.91348 0 0.332786 0.9430025 0 0.9430026 -0.332786 -1 0 0 3709B.dat
1  7 98.61465 -369.8751 -33.47414 0.5906349 0.3327852 0.7351221 -0.2084348 0.9430027 -0.2594242 -0.7795546 0 0.6263343 3710.dat
1  0 91.61774 -375.8894 -75.65088 0.7351221 0.3327852 -0.5906348 -0.2594243 0.9430027 0.2084348 0.6263342 0 0.7795547 3710.dat
1  0 86.92877 -365.7512 -81.91418 0.7351221 0.3327851 -0.5906349 -0.2594241 0.9430027 0.2084347 0.6263342 0 0.7795547 3623.dat
1  0 96.94231 -360.8014 -75.65083 0.735122 0.3327852 -0.590635 -0.2594242 0.9430027 0.2084348 0.6263344 0 0.7795545 3710.dat
1  7 81.31671 -331.9062 59.84279 0 0.0719683 0.997407 0 0.9974069 -0.0719683 -1 0 0 3673.dat
1  1 96.84963 -347.9732 49.90097 0.9430176 0.3327429 0 -0.3327406 0.9430116 0.003574916 0.001230485 -0.003356757 1 3701.dat
1  1 104.9654 -325.4574 19.81893 0 0.332743 0.9430175 -0.003574913 0.9430116 -0.3327407 -1 -0.003356732 0.001230539 3709B.dat
1  1 96.98093 -348.197 -10.10039 0.9430176 0.3327429 0 -0.3327406 0.9430116 0.003574916 0.001230485 -0.003356757 1 3701.dat
1  7 101.6394 -334.8875 19.8525 -0.9430178 0 0.3327424 0.3327401 0.00357556 0.9430118 -0.001230335 1 -0.003357381 3713.dat
1  0 120.2727 -282.0789 19.64768 0.3327427 0.01641444 0.9428748 0.9430117 -0.002232558 -0.3327521 -0.0033569 1 -0.01622187 3707.dat
1  7 119.6156 -283.9659 20.17117 -0.9430178 0 -0.3327422 0.33274 -0.003575134 -0.9430119 -0.001230708 -1 0.003357036 3713.dat
1  7 130.2634 -253.7896 20.06365 -0.9430181 0 0.3327415 0.3327392 0.003575229 0.9430122 -0.001230516 1 -0.003356889 3713.dat
1  1 133.8683 -244.1521 20.402 0 0.3327424 0.9430178 -0.003574927 0.9430118 -0.3327401 -1 -0.003356748 0.001230547 3709B.dat
1  1 136.5303 -236.5026 49.8814 -0.9430183 0.3327403 -0.0005747578 0.3327403 0.9430125 -0.003356774 -0.0005749302 -0.003356745 -1 3700.dat
1  7 140.9111 -223.6132 19.9563 -0.9430179 0 0.332742 0.3327397 0.003574403 0.9430119 -0.001230508 1 -0.003356229 3713.dat
1  1 136.5303 -236.717 -10.1186 -0.9430183 0.3327403 -0.0005747579 0.3327403 0.9430125 -0.003356775 -0.0005749302 -0.003356745 -1 3700.dat
1  1 144.2303 -214.1802 19.92274 0 0.3327424 0.9430178 -0.003574897 0.9430118 -0.3327401 -1 -0.003356719 0.001230541 3709B.dat
1  4 134.7016 -361.3994 19.94865 0.9430176 0.3327429 0 -0.3327406 0.9430116 0.003574898 0.00123043 -0.003356757 1 3003.dat
1  7 133.2586 -335.4397 19.85583 0 0.3327431 -0.9430176 0.003574968 0.9430117 0.3327408 1 -0.003356799 -0.001230461 3710.dat
1  4 136.1456 -387.3233 30.04142 -0.9430181 0.3327409 -0.0005747589 0.3327409 0.9430123 -0.003356774 -0.0005749313 -0.003356745 -1 3040B.dat
1  4 144.1428 -364.6239 49.96076 0.9430176 0.3327429 0 -0.3327407 0.9430116 0.003574839 0.001230255 -0.003356757 1 3005.dat
1  4 152.1049 -342.0544 29.88029 -0.9430181 0.332741 -0.000574759 0.332741 0.9430123 -0.003356774 -0.0005749314 -0.003356745 -1 3665.dat
1  4 136.1464 -387.3948 10.04154 0.9430176 0.3327429 0 -0.3327406 0.9430116 0.003574901 0.001230431 -0.00335676 1 3040B.dat
1  4 144.1322 -364.834 -10.03891 0.9430176 0.3327429 0 -0.3327406 0.9430116 0.003574901 0.001230432 -0.00335676 1 3005.dat
1  4 152.119 -342.1302 9.880439 0.9430176 0.3327429 0 -0.3327406 0.9430116 0.003574901 0.001230431 -0.00335676 1 3665.dat
1  7 81.44932 -332.0941 -20.15857 0 0.0719683 0.997407 0 0.9974069 -0.0719683 -1 0 0 3673.dat
1  1 91.43846 -303.7155 20.24045 -0.9430178 -0.3327421 0 0.3327398 -0.9430119 0.003574935 -0.001230538 0.003356759 1 3709B.dat
1  7 75.23188 -289.5154 19.68942 0.3327426 0.05087443 0.9416444 0.9430117 -0.01439649 -0.3324479 -0.00335674 0.9986013 -0.05276552 3673.dat
1  4 23.42127 -285.9733 49.67467 0 0.3327429 -0.9430177 0.003574925 0.9430118 0.3327406 1 -0.003356813 -0.001230255 3665.dat
1  1 39.61968 -300.2794 19.72635 0 0.3327428 -0.9430177 0.0035749 0.9430117 0.3327405 1 -0.003356808 -0.00123026 3710.dat
1  4 -10.19185 -291.1865 19.69174 0.9430174 0.3327434 0 -0.3327411 0.9430115 0.00357482 0.001230193 -0.003356758 1 3795.dat
1  4 -26.39023 -276.9876 19.66649 -0.9430182 0.3327407 -0.0005747604 0.3327407 0.9430123 -0.003356784 -0.0005749327 -0.003356755 -1 3032.dat
1  4 -23.71105 -269.3428 49.59372 0.9430177 0.3327426 0 -0.3327403 0.9430118 0.00357481 0.001230188 -0.003356749 1 3010.dat
1  1 -23.72831 -269.4435 19.6396 0.9430178 0.3327424 0 -0.3327401 0.9430118 0.00357493 0.001230539 -0.003356752 1 3795.dat
1  1 -21.06634 -261.8994 19.58648 0.9430178 0.3327424 0 -0.3327401 0.9430118 0.00357493 0.001230539 -0.003356753 1 3795.dat
1  1 57.03701 -280.9745 19.65806 0.9430177 0.3327426 0 -0.3327403 0.9430118 0.003574932 0.00123054 -0.003356755 1 3738.dat
1  4 -6.313603 -250.0314 49.54488 0 0.3327429 -0.9430177 0.003574875 0.9430118 0.3327406 1 -0.003356802 -0.001230134 3665.dat
1  4 -23.74553 -269.5442 -10.40628 0.9430177 0.3327426 0 -0.3327403 0.9430118 0.00357481 0.001230188 -0.003356749 1 3010.dat
1  4 -44.03429 -236.7217 49.4956 0.9430178 0.3327424 0 -0.3327402 0.9430118 0.003574829 0.001230251 -0.003356748 1 3623.dat
1  4 -22.512 -235.8325 49.49336 0.9430178 0.3327424 0 -0.3327402 0.9430118 0.003574829 0.001230251 -0.003356747 1 3024.dat
1  1 -46.69501 -244.373 19.52267 0.9430178 0.3327424 0 -0.3327401 0.9430118 0.003574929 0.001230538 -0.003356752 1 3021.dat
1  4 -6.311007 -250.2458 -10.45464 0 0.3327428 -0.9430177 0.003574895 0.9430117 0.3327406 1 -0.003356842 -0.001230139 3665.dat
1  1 67.69296 -250.7993 20.05024 0.9430177 0.3327426 0 -0.3327403 0.9430118 0.003574931 0.001230539 -0.003356754 1 3738.dat
1  1 -53.46326 -233.4658 29.55564 -0.9430181 0.3327409 -0.0005747586 0.3327409 0.9430123 -0.003356773 -0.000574931 -0.003356743 -1 3895.dat
1  4 -44.03172 -236.9362 -10.50387 0.9430177 0.3327426 0 -0.3327403 0.9430118 0.003574831 0.001230252 -0.003356749 1 3623.dat
1  4 -22.50943 -236.0469 -10.50611 0.9430178 0.3327424 0 -0.3327402 0.9430118 0.00357483 0.001230251 -0.003356748 1 3024.dat
1  1 -53.46326 -233.5373 9.555641 -0.9430181 0.3327411 -0.000574759 0.3327411 0.9430125 -0.003356773 -0.0005749313 -0.003356744 -1 3895.dat
1  4 23.42256 -286.1878 -10.325 0 0.3327429 -0.9430177 0.003574925 0.9430118 0.3327406 1 -0.003356813 -0.001230255 3665.dat
1  4 -70.88046 -252.6992 49.55155 0 0.3327428 0.9430177 -0.003574794 0.9430117 -0.3327405 -1 -0.003356673 0.001230372 3040B.dat
1  4 -70.87788 -252.9137 -10.44792 0 0.3327428 0.9430177 -0.003574745 0.9430117 -0.3327405 -1 -0.003356663 0.001230245 3040B.dat
1  7 139.8535 -227.0893 59.84116 0 0.07196829 0.997407 0 0.9974069 -0.07196829 -1 0 0 3673.dat
1  0 44.16228 -257.3554 19.50723 -0.00039555 0.3273949 0.9448876 -0.004126056 0.9448791 -0.3273937 -1 -0.004028167 0.0009771041 3706.dat
1  1 158.1968 -214.4777 69.84285 0.4867478 -0.8735425 0 0.8735425 0.4867478 0 0 0 1 3703.dat
1  7 -106.7204 -204.039 39.41524 0 -0.07411155 0.99725 -0.003299608 0.9972445 0.07411145 -1 -0.003297221 0 3673.dat
1  1 -97.48167 -207.2643 49.38741 0.3310214 -0.9436232 0 0.9436181 0.3310193 0.003316921 -0.003100216 -0.001182657 1 3700.dat
1  1 -120.5611 -199.6347 49.33641 -0.3310241 -0.943622 0.0008385131 -0.943622 0.3310231 -0.001182611 0.0008383705 -0.001182712 -1 3023.dat
1  1 -128.1101 -196.9859 49.34956 -0.3310241 -0.943622 0.000838513 -0.943622 0.3310231 -0.001182611 0.0008383704 -0.001182712 -1 3023.dat
1  1 -115.7978 -137.7207 49.13147 0.3310214 -0.9436232 0 0.9436181 0.3310193 0.003316921 -0.003100216 -0.001182657 1 3702.dat
1  7 139.8619 -227.2701 -20.1585 0 0.07196829 0.997407 0 0.9974069 -0.07196829 -1 0 0 3673.dat
1  7 -106.7136 -204.1732 -0.5845071 0 -0.07408069 0.9972523 -0.003155751 0.9972473 0.07408049 -1 -0.00315101 0 3673.dat
1  1 -97.48315 -207.4761 -10.61153 0.3310758 -0.9436042 0 0.9435989 0.3310737 0.003350168 -0.003133483 -0.00118825 1 3700.dat
1  1 -120.5647 -199.857 -10.66165 -0.3310785 -0.9436029 0.0008424273 -0.9436029 0.3310776 -0.001188205 0.0008422846 -0.001188306 -1 3023.dat
1  1 -128.1135 -197.2084 -10.64824 -0.3310785 -0.9436029 0.0008424274 -0.9436029 0.3310776 -0.001188205 0.0008422848 -0.001188306 -1 3023.dat
1  1 -115.7978 -137.9439 -10.86867 0.3310757 -0.9436043 0 0.943599 0.3310736 0.003350169 -0.003133484 -0.001188249 1 3702.dat
1  7 -144.6086 -190.5225 89.32645 1 -0.002405067 0 0.002404546 1 0.003771751 0 -0.003771418 1 3713.dat
1  0 -145.0984 -191.1332 19.33074 0 0.01986521 1 0.00379112 -1 0.01986456 1 0.003787718 0 3707.dat
1  7 -144.6068 -192.0532 -50.66926 -1 -0.002416526 0 -0.002416526 1 -0.003790209 0 -0.003790209 -1 3713.dat
1  4 -316.5627 -282.0918 29.63948 -0.9634887 -0.2677487 0.0004444377 -0.2677487 0.9634832 -0.003258551 0.0004442645 -0.003258575 -1 3040B.dat
1  4 -322.9975 -258.903 49.56118 -0.9634887 -0.2677487 0.0004444379 -0.2677487 0.9634832 -0.003258552 0.0004442647 -0.003258576 -1 3005.dat
1  4 -329.4052 -235.842 29.48304 -0.9634887 -0.2677487 0.0004444378 -0.2677487 0.9634832 -0.003258552 0.0004442646 -0.003258575 -1 3665.dat
1  0 -270.5305 -261.0304 19.56675 0.9634883 -0.2677502 0 0.2677486 0.9634829 0.003390102 -0.0009355609 -0.003258582 1 3022.dat
1  0 -234.133 -242.6125 19.50324 0.9634883 -0.2677502 0 0.2677486 0.9634829 0.003390102 -0.000935561 -0.003258582 1 3035.dat
1  0 -193.4514 -239.6105 19.49185 0.9634883 -0.2677502 0 0.2677486 0.9634829 0.003390102 -0.0009355608 -0.003258582 1 3795.dat
1  4 -313.3493 -256.3233 19.55681 -0.9634887 -0.2677486 0.0004444423 -0.2677486 0.9634832 -0.003258586 0.0004442691 -0.003258609 -1 3003.dat
1  0 -255.5447 -240.2596 19.49587 0 -0.2677502 -0.9634884 0.003390001 0.963483 -0.2677486 1 -0.003258538 0.0009354511 3032.dat
1  0 -248.0518 -229.7048 69.46026 0 -0.2677502 0.9634885 -0.003390052 0.9634829 0.2677486 -1 -0.003258537 -0.0009355346 3665.dat
1  0 -197.7354 -224.1947 19.43969 0 -0.2677501 -0.9634885 0.003390016 0.963483 -0.2677485 1 -0.003258553 0.000935447 3795.dat
1  1 -180.6077 -210.9624 69.39475 0.9634883 -0.2677502 0 0.2677486 0.9634829 0.003390058 -0.0009354457 -0.003258568 1 3894.dat
1  0 -248.0518 -230.0438 -30.53922 0 -0.2677502 0.9634885 -0.003390097 0.9634829 0.2677486 -1 -0.003258581 -0.0009355426 3665.dat
1  1 -180.6076 -211.3014 -30.60479 0.9634883 -0.2677502 0 0.2677486 0.9634829 0.003390073 -0.0009355014 -0.003258568 1 3894.dat
1  4 -316.5585 -282.1583 9.63463 0.9634883 -0.2677502 0 0.2677486 0.9634829 0.003390133 -0.0009357358 -0.003258565 1 3040B.dat
1  4 -322.9892 -259.1038 -10.43858 -0.9634887 -0.2677487 0.0004444381 -0.2677487 0.9634832 -0.003258554 0.0004442649 -0.003258578 -1 3005.dat
1  4 -329.4158 -235.9124 9.483151 0.9634884 -0.26775 0 0.2677484 0.9634829 0.00339013 -0.0009357345 -0.003258563 1 3665.dat
1  7 -202.5534 -206.6521 79.38087 0 -0.08281592 0.9965649 -0.003160036 0.9965598 0.08281534 -1 -0.003144739 -0.0003152385 3673.dat
1  0 -212.2702 -157.3562 89.24094 0.1783437 0.9839683 0 -0.9839641 0.1783428 0.002929342 0.002868353 -0.0005998194 1 3705.dat
1  1 158.1986 -214.6206 -30.15696 0.4867478 -0.8735425 0 0.8735425 0.4867478 0 0 0 1 3703.dat
1  7 -202.5628 -207.055 -40.61862 -0.000424914 -0.0430535 0.9990727 -0.003361824 0.9990672 0.04305183 -1 -0.003340414 -0.000569256 3673.dat
1  1 24.10891 -208.8556 19.39087 -0.0004440324 0.9987378 0.0502277 -0.004060303 0.05022556 -0.9987297 -1 -0.0006474807 0.004032945 3666.dat
1  1 32.09866 -208.4538 19.38572 -0.0004440324 0.9987378 0.0502277 -0.004060303 0.05022556 -0.9987297 -1 -0.0006474807 0.004032945 3010.dat
1  1 56.06833 -207.2484 19.37017 -0.0004440324 0.9987378 0.0502277 -0.004060303 0.05022556 -0.9987297 -1 -0.0006474807 0.004032945 3666.dat
1  1 29.61213 -158.3127 69.19152 0.05016658 0.9987408 0.0004965945 -0.9987333 0.05016425 0.003935802 0.003905935 -0.0006934112 1 3895.dat
1  0 -211.3381 -158.1197 -50.78118 0.1756524 0.9844521 -0.0006101495 -0.9844465 0.1756535 0.003325054 0.003380531 0 1 3705.dat
1  1 29.56236 -158.722 -30.80873 0.05028854 0.9987346 0.0005078668 -0.9987271 0.05028616 0.003943748 0.003913219 -0.0007055457 1 3895.dat
1  7 -221.1875 -108.1261 99.09776 0 0.9138853 0.4059727 -0.003106105 0.4059706 -0.913881 -1 -0.001356946 0.00279614 3673.dat
1  0 -194.7951 -93.81806 109.05 -0.8796275 0 0.4756632 -0.4756603 -0.003282743 -0.8796231 0.001676536 -1 0.002825622 32062.dat
1  7 -164.8934 -77.68285 98.99313 -0.0003771874 0.06675577 0.9977694 -0.003576361 0.997763 -0.0667567 -1 -0.003593564 0 3673.dat
1  0 -25.02437 -191.4969 49.34816 1 0 0 0 1 0 0 0 1 3710.dat
1  7 -25.01812 -183.4674 59.34194 -0.0006247841 0.0009168608 1 -0.003871562 1 -0.0009192728 -1 -0.003872134 -0.0006212295 3022.dat
1  0 -25.00972 -175.4878 49.2924 1 0 0 0 1 0 0 0 1 3710.dat
1  7 -25.00348 -167.4675 59.28006 -0.0006247841 0.0009168608 1 -0.003871562 1 -0.0009192728 -1 -0.003872134 -0.0006212295 3022.dat
1  0 -24.99501 -159.4879 49.23036 1 0 0 0 1 0 0 0 1 3710.dat
1  7 -24.98877 -151.4676 59.21802 -0.0006247841 0.0009168608 1 -0.003871562 1 -0.0009192728 -1 -0.003872134 -0.0006212295 3022.dat
1  0 -24.98038 -143.488 49.16846 1 0 0 0 1 0 0 0 1 3710.dat
1  7 -24.97413 -135.4677 59.15613 -0.0006247841 0.0009168608 1 -0.003871562 1 -0.0009192728 -1 -0.003872134 -0.0006212295 3022.dat
1  0 -24.96574 -127.4882 49.10648 1 0 0 0 1 0 0 0 1 3710.dat
1  1 -24.95324 -119.4288 69.09415 -0.000624736 0.0008844859 1 -0.003871562 1 -0.0008868979 -1 -0.003872114 -0.0006213068 3021.dat
1  1 -14.93914 -127.3496 89.09396 -0.000624736 0.0008844859 1 -0.003871562 1 -0.0008868979 -1 -0.003872114 -0.0006213068 3623.dat
1  1 -24.92494 -111.3319 89.04459 1 0 0 0 1 0 0 0 1 3701.dat
1  1 -104.9249 -87.34087 89.03824 1 0 0 0 1 0 0 0 1 3703.dat
1  0 4.949559 -199.6131 19.37913 -0.0006247841 0.0009168594 1 -0.003871562 1 -0.0009192714 -1 -0.003872134 -0.0006212295 3710.dat
1  7 14.95696 -191.6499 19.32348 -0.0006247841 0.0009168594 1 -0.003871562 1 -0.0009192714 -1 -0.003872134 -0.0006212295 3022.dat
1  0 4.964255 -183.6132 19.31725 -0.0006247841 0.0009168594 1 -0.003871562 1 -0.0009192714 -1 -0.003872134 -0.0006212295 3710.dat
1  7 14.9716 -175.65 19.26155 -0.0006247841 0.0009168594 1 -0.003871562 1 -0.0009192714 -1 -0.003872134 -0.0006212295 3022.dat
1  0 4.978918 -167.6133 19.25521 -0.0006247841 0.0009168594 1 -0.003871562 1 -0.0009192714 -1 -0.003872134 -0.0006212295 3710.dat
1  7 14.98631 -159.6501 19.1996 -0.0006247841 0.0009168594 1 -0.003871562 1 -0.0009192714 -1 -0.003872134 -0.0006212295 3022.dat
1  0 4.993652 -151.6134 19.19332 -0.0006247841 0.0009168594 1 -0.003871562 1 -0.0009192714 -1 -0.003872134 -0.0006212295 3710.dat
1  7 15.00097 -143.6502 19.13771 -0.0006247841 0.0009168594 1 -0.003871562 1 -0.0009192714 -1 -0.003872134 -0.0006212295 3022.dat
1  0 5.008315 -135.6135 19.13133 -0.0006247841 0.0009168594 1 -0.003871562 1 -0.0009192714 -1 -0.003872134 -0.0006212295 3710.dat
1  7 15.01563 -127.6503 19.07577 -0.0006247841 0.0009168594 1 -0.003871562 1 -0.0009192714 -1 -0.003872134 -0.0006212295 3022.dat
1  1 5.023994 -119.6119 19.06922 -0.0006247841 0.0009168594 1 -0.003871562 1 -0.0009192714 -1 -0.003872134 -0.0006212295 3460.dat
1  0 -55.03577 -183.6132 19.31725 -0.0006247841 0.0009168594 1 -0.003871562 1 -0.0009192714 -1 -0.003872134 -0.0006212295 3710.dat
1  7 -75.02219 -175.5672 19.30514 -1 0.000919272 0 0.0009192717 1 -0.003872135 0 -0.003872135 -1 3021.dat
1  0 -55.0211 -167.6133 19.25521 -0.0006247841 0.0009168594 1 -0.003871562 1 -0.0009192714 -1 -0.003872134 -0.0006212295 3710.dat
1  7 -75.01485 -167.4898 39.27415 -0.0006247841 0.0009168597 1 -0.003871562 1 -0.0009192717 -1 -0.003872134 -0.0006212295 3660.dat
1  7 -85.0097 -175.4419 49.31741 -1 0.000919272 0 0.0009192717 1 -0.003872135 0 -0.003872135 -1 3023.dat
1  0 -55.01373 -159.5857 19.24315 -0.0006247841 0.0009168594 1 -0.003871562 1 -0.0009192714 -1 -0.003872134 -0.0006212295 3023.dat
1  7 -75.02734 -167.6447 -0.7258431 -0.0006247841 0.0009168597 1 -0.003871562 1 -0.0009192717 -1 -0.003872134 -0.0006212295 3660.dat
1  7 -85.0472 -175.6742 -10.68226 -1 0.000919272 0 0.0009192717 1 -0.003872135 0 -0.003872135 -1 3023.dat
1  0 -55.00639 -151.6134 19.19332 -0.0006247841 0.0009168594 1 -0.003871562 1 -0.0009192714 -1 -0.003872134 -0.0006212295 3710.dat
1  0 -54.99911 -143.5858 19.1813 -0.0006247841 0.0009168594 1 -0.003871562 1 -0.0009192714 -1 -0.003872134 -0.0006212295 3023.dat
1  0 -54.99174 -135.6135 19.13133 -0.0006247841 0.0009168594 1 -0.003871562 1 -0.0009192714 -1 -0.003872134 -0.0006212295 3710.dat
1  0 -54.9844 -127.586 19.11926 -0.0006247841 0.0009168594 1 -0.003871562 1 -0.0009192714 -1 -0.003872134 -0.0006212295 3023.dat
1  1 -54.97601 -119.6119 19.06921 -0.0006247841 0.0009168593 1 -0.003871562 1 -0.0009192713 -1 -0.003872134 -0.0006212295 3460.dat
1  0 -25.05452 -191.7017 -10.66388 1 0 0 0 1 0 0 0 1 3710.dat
1  7 -25.06811 -183.7771 -20.65757 -0.0006247841 0.0009168594 1 -0.003871562 1 -0.0009192714 -1 -0.003872134 -0.0006212295 3022.dat
1  0 -25.03984 -175.7018 -10.72587 1 0 0 0 1 0 0 0 1 3710.dat
1  7 -25.05344 -167.7773 -20.71954 -0.0006247841 0.0009168594 1 -0.003871562 1 -0.0009192714 -1 -0.003872134 -0.0006212295 3022.dat
1  0 -25.02513 -159.702 -10.78786 1 0 0 0 1 0 0 0 1 3710.dat
1  7 -25.03875 -151.7774 -20.78143 -0.0006247841 0.0009168594 1 -0.003871562 1 -0.0009192714 -1 -0.003872134 -0.0006212295 3022.dat
1  0 -25.01049 -143.702 -10.84975 1 0 0 0 1 0 0 0 1 3710.dat
1  7 -25.02404 -135.7775 -20.84342 -0.0006247841 0.0009168594 1 -0.003871562 1 -0.0009192714 -1 -0.003872134 -0.0006212295 3022.dat
1  0 -24.99581 -127.7022 -10.91171 1 0 0 0 1 0 0 0 1 3710.dat
1  1 -25.01566 -119.8163 -30.90532 -0.0006247841 0.0009168593 1 -0.003871562 1 -0.0009192713 -1 -0.003872134 -0.0006212295 3021.dat
1  1 -25.01343 -111.9122 -50.97997 1 0 0 0 1 0 0 0 1 3010.dat
1  1 -105.0124 -87.88667 -50.96071 1 0 0 0 1 0 0 0 1 3703.dat
1  1 35.00873 -95.81587 -51.00394 1 0 0 0 1 0 0 0 1 3023.dat
1  7 -44.91557 -101.2828 99.03824 -0.0006244265 0.0009168593 1 -0.003871562 1 -0.0009192699 -1 -0.003872134 -0.0006208718 3673.dat
1  0 -15.47597 -107.5777 109.0222 -0.9809235 0.0006246282 0.1943932 0.1943941 0.003871817 0.980916 0 1 -0.003919126 32062.dat
1  7 13.95764 -113.3709 119.022 0.0006247644 -0.9809236 -0.1943928 0.003871256 0.1943937 -0.980916 1 0 0.003918827 3749.dat
1  7 -84.89738 -77.21574 98.99386 0.0006245075 0.0009168594 -1 0.003871562 1 0.0009192704 1 -0.003872134 0.0006209529 3749.dat
1  0 -24.91113 -77.30091 86.99386 -0.0006244759 -0.5548077 0.8319785 -0.003871406 0.8319739 0.5548016 -1 -0.002874383 -0.002667408 3705.dat
1  7 -25.19267 -77.50761 68.90716 -0.8319823 -0.5548015 0.0008705858 -0.5548015 0.831978 -0.00287441 0.0008704185 -0.00287446 -1 3713.dat
1  7 -25.19771 -77.57995 48.90734 0.8319784 -0.5548076 0.0006247875 0.5548015 0.8319737 0.003871561 -0.002667778 -0.002874423 1 3648.dat
1  7 35.08416 -77.32627 78.99386 -0.0006055688 0.001056418 1 -0.003497333 1 -0.001058529 -1 -0.003497971 -0.0006018701 3673.dat
1  0 -27.98818 -91.56384 18.96296 -0.0006244759 -0.5548077 0.8319785 -0.003871406 0.8319739 0.5548016 -1 -0.002874383 -0.002667408 3705.dat
1  0 -27.73798 -121.9812 19.08049 0.0009171483 0.000624791 1 1 0.003871514 -0.0009196012 -0.003872127 1 -0.0006212758 32062.dat
1  7 217.5719 -87.45588 49.84307 -1 0 0 0 1 0 0 0 -1 3713.dat
1  0 217.1333 -87.56955 21.84306 0 0 1 0 1 0 -1 0 0 3706.dat
1  7 217.5719 -87.45588 -10.15696 -1 0 0 0 1 0 0 0 -1 3713.dat
1  7 -65.09849 -77.42101 68.93171 -0.9243903 -0.3814475 0.0006622343 -0.3814475 0.9243845 -0.003340491 0.0006620628 -0.003340525 -1 3713.dat
1  0 -64.95359 -77.56416 18.99386 -0.0006245073 -0.3814523 0.9243884 -0.003871402 0.9243826 0.3814473 -1 -0.003340459 -0.002054038 3707.dat
1  7 -65.12349 -77.57629 28.93208 0.9243885 -0.3814519 0.0006247884 0.3814469 0.9243827 0.00387156 -0.002054357 -0.003340502 1 3647.dat
1  7 -65.16097 -77.80851 -31.0675 0.9243884 -0.381452 0.0006247886 0.381447 0.9243826 0.003871562 -0.002054359 -0.003340503 1 4019.dat
1  7 -104.9026 -77.51416 28.95475 1 0 0 0 1 0 0 0 1 3648.dat
1  0 -104.9068 -77.56738 18.99386 0 -0.0009330229 1 -0.003914267 1 0.0009333568 -1 -0.003914346 0 3707.dat
1  7 -104.9966 -77.58069 8.956671 -1 -0.0009333541 0 -0.0009333544 1 -0.003914346 0 -0.003914346 -1 3713.dat
1  7 -104.9966 -77.73726 -31.04333 -1 -0.0009333541 0 -0.0009333544 1 -0.003914346 0 -0.003914346 -1 3713.dat
1  7 -104.9935 -77.30298 69.95667 -1 0 -0.0006212337 0 -1 -0.003872133 -0.0006212334 -0.003872133 1 4019.dat
1  7 -220.1239 -108.9135 -60.95025 0 0.1882917 0.9821132 -0.002181735 0.9821111 -0.1882907 -1 -0.002099214 0.0006378239 3673.dat
1  0 -244.9534 -77.56188 18.99386 -0.0006223256 0.000916878 1 -0.003840967 1 -0.0009192618 -1 -0.003841537 -0.0006187991 3707.dat
1  7 -244.9232 -77.30849 49.04358 -1 -0.002416525 0 -0.002416525 1 -0.003790209 0 -0.003790209 -1 3713.dat
1  7 -244.9605 -77.53895 -10.95593 -1 -0.002416524 0 -0.002416525 1 -0.003790209 0 -0.003790209 -1 3713.dat
1  7 -244.973 -77.61578 -30.9558 -1 -0.002416525 0 -0.002416525 1 -0.003790209 0 -0.003790209 -1 3713.dat
1  7 -244.9039 -77.18855 70.04378 -1 0 0 0 -1 -0.003914347 0 -0.003914347 1 4019.dat
1  7 -25.23518 -77.81416 -11.09226 0.8319784 -0.5548076 0.0006247875 0.5548015 0.8319737 0.003871561 -0.002667778 -0.002874423 1 3648.dat
1  0 -25.25392 -77.93028 -41.09201 -0.0006244759 -0.5548077 0.8319785 -0.003871406 0.8319739 0.5548016 -1 -0.002874383 -0.002667408 3705.dat
1  7 -25.24765 -77.89159 -31.09206 0.8319784 -0.5548076 0.0006247873 0.5548015 0.8319737 0.003871561 -0.002667778 -0.002874423 1 4019.dat
1  1 49.03713 -67.42612 18.82225 -0.0005958547 0.9987377 0.05022765 -0.004067993 0.05022489 -0.9987298 -1 -0.0007994905 0.004032995 3666.dat
1  0 -194.028 -94.3289 -70.97575 0.8713039 0 0.4907438 0.4907435 0.001038153 -0.8713035 -0.0006397517 1 0.0008311624 32062.dat
1  7 35.01746 -77.75451 -41.00394 -0.0005821381 0.0009988283 1 -0.004090837 1 -0.001001202 -1 -0.004091417 -0.0005780468 3673.dat
1  7 -165 -78.40499 -60.99646 0 0.909147 0.4164756 0 0.4164757 -0.909147 -1 0 0 3673.dat
1  0 -98.7542 -98.208 68.66148 0 -0.003659975 -1 0 1 -0.003659975 1 0 0 3711.dat
1  0 -114.7541 -98.26653 68.66148 0 -0.003659984 -1 0 1 -0.003659984 1 0 0 3711.dat
1  0 -130.754 -98.3251 68.66148 0 0.01725687 -1 0 1 0.01725687 1 0 0 3711.dat
1  0 -146.754 -98.05939 68.66148 0 0.01725687 -1 0 1 0.01725687 1 0 0 3711.dat
1  0 -162.7517 -97.78328 68.66148 0 0 -1 0 1 0 1 0 0 3711.dat
1  0 -178.7492 -97.7745 68.66148 0 0 -1 0 1 0 1 0 0 3711.dat
1  0 -86.67535 -87.71507 68.66148 0 -0.6558079 -0.7549279 0 0.7549279 -0.6558079 1 0 0 3711.dat
1  0 -194.7493 -97.77757 68.66148 0 0 -1 0 1 0 1 0 0 3711.dat
1  0 -210.7492 -97.78068 68.66148 0 0 -1 0 1 0 1 0 0 3711.dat
1  0 -226.7493 -97.78384 68.66148 0 0.0101508 -1 0 1 0.0101508 1 0 0 3711.dat
1  0 -242.7497 -97.62971 68.66148 0 0.07085129 -0.9974869 0 0.9974869 0.07085129 1 0 0 3711.dat
1  0 -84.87212 -71.50523 68.66148 0 -0.992731 -0.1203545 0 0.1203545 -0.992731 1 0 0 3711.dat
1  0 -258.7094 -96.52643 68.66148 0 0.8742977 -0.4853904 0 0.4853906 0.8742977 1 0 0 3711.dat
1  0 -266.7317 -82.93922 68.66148 0 0.9772877 0.2119173 0 -0.2119172 0.9772877 1 0 0 3711.dat
1  0 -92.54645 -57.12867 68.66148 0 -0.8880145 0.4598157 0 -0.4598156 -0.8880145 1 0 0 3711.dat
1  0 -108.7766 -55.79832 68.66148 0 -0.08641794 0.996259 0 -0.996259 -0.08641794 1 0 0 3711.dat
1  0 -125.0448 -56.32867 68.66148 0 0.008094066 1 0 -1 0.008094066 1 0 0 3711.dat
1  0 -141.0463 -56.50515 68.66148 0 0.008094067 1 0 -1 0.008094067 1 0 0 3711.dat
1  0 -157.0457 -56.63459 68.66148 0 0.008094067 1 0 -1 0.008094067 1 0 0 3711.dat
1  0 -173.0447 -56.76405 68.66148 0 0.008094067 1 0 -1 0.008094067 1 0 0 3711.dat
1  0 -189.0447 -56.89337 68.66148 0 0.008094067 1 0 -1 0.008094067 1 0 0 3711.dat
1  0 -204.9843 -55.51069 68.66153 0 -0.08641726 0.9962592 0 -0.996259 -0.08641726 1 0 0 3711.dat
1  0 -263.6897 -67.35408 68.66148 0 0.7105138 0.7036833 0 -0.7036833 0.7105138 1 0 0 3711.dat
1  0 -220.8902 -55.33904 68.66153 0 -0.0610311 0.998136 0 -0.9981359 -0.0610311 1 0 0 3711.dat
1  0 -236.8612 -54.37523 68.66148 0 -0.06103207 0.9981358 0 -0.9981358 -0.06103207 1 0 0 3711.dat
1  0 -252.8236 -55.46663 68.66148 0 0.06821271 0.9976708 0 -0.9976708 0.06821271 1 0 0 3711.dat
1  7 -27.74714 -131.9795 19.61923 0.0006276949 1 0.0009140797 0.003868743 -0.0009165197 1 1 -0.0006241228 -0.003869262 3651.dat
1  7 -27.72883 -111.9795 19.54179 -0.0006219163 1 -0.0009140062 -0.003874321 -0.0009164166 -1 -1 -0.0006183863 0.003874875 3651.dat
1  7 -27.7142 -151.9795 19.47979 -0.0006219163 0.0009139699 1 -0.003874321 1 -0.0009163653 -1 -0.003874882 -0.0006183852 3652.dat
1  7 -205.9645 -187.382 -50.68645 0.0006069196 -0.9844514 -0.175655 -0.003322493 -0.1756562 0.9844457 -1 0 -0.003391291 3651.dat
1  7 -216.5754 -128.1718 -50.88623 0.0006135025 0.9844514 0.1756547 -0.00332699 0.1756558 -0.9844457 -1 0 0.003402565 3651.dat
1  7 -202.6553 -98.71825 -70.96183 0 -0.4898391 0.8718126 -0.001034544 0.871812 0.489839 -1 -0.0009745953 -0.0003774712 3651.dat
1  7 -181.9713 -88.00294 -70.99235 0 -0.4907478 -0.8713015 0.001038879 0.8713009 -0.4907477 1 -0.0009765886 0.0003831092 3651.dat
1  7 -206.9617 -186.378 89.32529 0 -0.9839675 -0.1783458 -0.002926772 -0.1783453 0.9839633 -1 0.0004413044 -0.002894402 3651.dat
1  7 -217.1618 -127.6294 89.15634 0 0.9839677 0.1783459 -0.002931195 0.1783453 -0.9839634 -1 -0.000448616 0.002897616 3651.dat
1  7 -203.1363 -98.37648 109.0695 0 -0.4756657 0.879626 -0.003278841 0.8796209 0.4756635 -1 -0.002945834 -0.001445361 3651.dat
1  7 -182.4543 -86.66785 109.0215 0 -0.4756601 -0.8796288 0.00328314 0.8796239 -0.4756579 1 -0.002948315 0.001449942 3651.dat
1  7 -6.157536 -109.4243 109.022 0.0006238546 0.194395 -0.9809232 0.003874491 0.980916 0.1943953 1 -0.003780591 0 3651.dat
1  7 -25.28521 -105.6318 109.518 0.0006268541 -0.1943949 0.9809231 0.003868378 -0.9809159 -0.1943953 1 0.003779308 0 3651.dat
1  0 217.5719 -87.95588 29.84307 1 0 0 0 1 0 0 0 1 3740.dat
1  0 -244.9517 -78 29.04587 1 0 0 0 1 0 0 0 1 3740.dat
1  7 217.5719 -87.95588 -0.1569214 0 0 1 0 1 0 -1 0 0 3739.dat
1  7 -244.9517 -78 -0.9541473 0 0 1 0 1 0 -1 0 0 3739.dat

0 WORLD  -33.5155 75.53012 -42.24883 -0.9507447 0.0238686 0.3090544 0.1078444 0.9602128 0.2576131 -0.2906055 0.2782533 -0.9154902
0 CENTRE  0 0 0
0 LOOKAT  0 0 0
0 ZOOM  56
0 ROTANGLE 0
