0  ROTATION CONFIG 0 0
0 Name: 857_motorcycle B.ldr
0 Author: LEGO Digital Designer 4.3

0 GROUPLIST 1
   0 GR 857_CHAIN 1 0 False
0 ENDGROUP

1  0 395.452 52.706 101.843 -1 0 0 0 0.97437 -0.224951 0 -0.224951 -0.97437 3706.dat
1  7 423.452 52.706 101.843 0 0 -1 0.224951 0.97437 0 0.97437 -0.224951 0 3713.dat
1  7 363.452 52.706 101.843 0 0 -1 0.224951 0.97437 0 0.97437 -0.224951 0 3713.dat
1  1 343.452 -235.984 349.806 0 0 -1 -0.741659 0.670777 0 0.670777 0.741659 0 3702.dat
1  7 343.452 -182.0175 290.2106 0 0 -1 -0.741659 0.670777 0 0.670777 0.741659 0 3666.dat
1  7 343.452 -160.553 313.9437 0 0 -1 -0.741659 0.670777 0 0.670777 0.741659 0 3666.dat
1  1 343.452 -57.98621 188.818 0 0 1 0.741659 0.670777 0 -0.670777 0.741659 0 3703.dat
1  1 343.452 -235.199 305.949 1 0 0 0 0.670777 -0.741659 0 0.741659 0.670777 3005.dat
1  1 393.452 -240.5652 300.0157 -1 0 0 0 0.670777 0.741659 0 0.741659 -0.670777 3666.dat
1  1 443.452 -235.1998 305.9463 1 0 0 0 0.670777 -0.741659 0 0.741659 0.670777 3005.dat
1  7 443.452 -182.017 290.21 0 0 -1 -0.741659 0.670777 0 0.670777 0.741659 0 3666.dat
1  1 443.452 -235.9835 349.8054 0 0 -1 -0.741659 0.670777 0 0.670777 0.741659 0 3702.dat
1  7 443.452 -160.5526 313.9437 0 0 -1 -0.741659 0.670777 0 0.670777 0.741659 0 3666.dat
1  1 443.452 -57.846 188.791 0 0 1 0.741659 0.670777 0 -0.670777 0.741659 0 3703.dat
1  7 393.452 -256.6646 282.2132 -1 0 0 0 0.670777 0.741659 0 0.741659 -0.670777 3937.dat
1  7 393.452 -108.497 266.9608 -1 0 0 0 0.670777 0.741659 0 0.741659 -0.670777 3666.dat
1  7 433.452 -273.7758 397.4692 -1 0 0 0 0.955654 -0.294492 0 -0.294492 -0.955654 3673.dat
1  1 423.51 -292.787 385.9174 0.00123049 -0.00335676 1 -0.536345 0.843991 0.00348329 -0.843998 -0.536346 -0.000804181 3701.dat
1  1 393.429 -272.6357 373.0659 -1 -0.00335669 0.00123051 -0.00348324 0.843991 -0.536345 0.00080417 -0.536346 -0.843998 3709B.dat
1  1 363.5096 -292.8523 385.4484 0.00123049 -0.00335676 1 -0.536345 0.843991 0.00348329 -0.843998 -0.536346 -0.000804181 3701.dat
1  7 393.4626 -280.9319 377.9155 -0.0012299 1 -0.00335689 0.536345 0.00348344 0.843992 0.843998 -0.000804214 -0.536346 3713.dat
1  0 393.2762 -233.707 347.7519 0.003400245 -1 -0.01045344 -0.8439926 0.002739107 -0.5363482 0.5363448 0.01064941 -0.8439316 3707.dat
1  7 393.1723 -208.3873 331.662 -0.00123037 1 -0.00335629 0.536344 0.00348305 0.843993 0.843999 -0.000804126 -0.536345 3713.dat
1  1 393.639 -199.9481 326.2985 -1 -0.00335668 0.00123052 -0.00348322 0.843992 -0.536345 0.000804164 -0.536346 -0.843998 3709B.dat
1  1 423.6187 -193.0926 321.9781 -0.00057493 -0.00335674 -1 0.536345 0.843993 -0.00314145 0.843999 -0.536344 0.00131514 3700.dat
1  1 393.0313 -172.9396 309.1351 -1 -0.00335666 0.00123052 -0.00348321 0.843992 -0.536345 0.000804163 -0.536346 -0.843998 3709B.dat
1  7 393.5656 -181.3769 314.5015 -0.0012308 1 -0.00335617 0.536345 0.00348285 0.843992 0.843998 -0.000804079 -0.536345 3713.dat
1  1 363.619 -193.2973 322.0344 -0.00057493 -0.00335674 -1 0.536345 0.843993 -0.00314145 0.843999 -0.536344 0.00131514 3700.dat
1  7 393.2797 -235.395 348.8247 -0.00123079 -1 0.00335704 0.536345 -0.0034835 -0.843992 0.843998 0.00080423 0.536346 3713.dat
1  7 353.452 -184.777 316.976 -1 0 0 0 0.955654 -0.294492 0 -0.294491 -0.955654 3673.dat
1  7 303.452 -185.7484 318.7242 0 0 -1 0.874116 0.485717 0 0.485717 -0.874116 0 3900.dat
1  7 303.452 -189.6327 325.7159 0 0 1 -0.874116 0.485717 0 -0.485717 -0.874116 0 3020.dat
1  1 393.3491 -248.3 380.7224 -0.00123054 0.00335676 1 0.536345 -0.843992 0.00348331 0.843998 0.536345 -0.000804185 3709B.dat
1  7 393.7986 -230.8212 393.3132 -0.0033567 0.998601 -0.0527655 0.843992 -0.0254718 -0.535751 -0.536346 -0.0463321 -0.842726 3673.dat
1  4 463.139 -172.476 451.124 -0.000574931 -0.00335674 -1 0.536346 0.843993 -0.00314145 0.843998 -0.536344 0.00131514 3004.dat
1  4 453.149 -163.169 480.748 -0.000574931 -0.00335674 -1 0.536346 0.843993 -0.00314145 0.843998 -0.536344 0.00131514 3021.dat
1  4 463.135 -156.3846 476.4441 -1 -0.00335676 0.00123051 -0.00348329 0.843992 -0.536345 0.000804182 -0.536346 -0.843998 3665.dat
1  4 433.235 -188.8501 485.2066 -0.000574931 -0.00335674 -1 0.536346 0.843993 -0.00314145 0.843998 -0.536344 0.00131514 3003.dat
1  4 393.293 -206.4667 472.6571 1 -0.00335676 -0.0012305 0.00348332 0.843992 0.536345 -0.000804189 -0.536346 0.843998 3035.dat
1  4 393.3245 -223.9498 460.0608 1 -0.00335676 -0.0012305 0.00348332 0.843992 0.536345 -0.000804189 -0.536346 0.843998 3032.dat
1  4 393.3421 -233.2964 430.4393 1 -0.00335676 -0.0012305 0.00348332 0.843992 0.536345 -0.000804189 -0.536346 0.843998 3460.dat
1  4 393.3539 -219.973 481.236 -0.000574931 -0.00335674 -1 0.536346 0.843993 -0.00314145 0.843998 -0.536344 0.00131514 3031.dat
1  4 393.2506 -191.7691 510.7007 1 -0.00335676 -0.0012305 0.00348332 0.843992 0.536345 -0.000804189 -0.536346 0.843998 3795.dat
1  4 423.2188 -179.5521 514.8151 -1 -0.00335676 0.00123051 -0.00348329 0.843992 -0.536345 0.000804182 -0.536346 -0.843998 3005.dat
1  4 433.1586 -153.8924 510.385 -0.000574931 -0.00335674 -1 0.536346 0.843993 -0.00314145 0.843998 -0.536344 0.00131514 3022.dat
1  4 423.1254 -141.811 514.5483 -0.000574931 -0.00335674 -1 0.536346 0.843993 -0.00314145 0.843998 -0.536344 0.00131514 3623.dat
1  4 423.0922 -135.062 510.2533 -1 -0.00335676 0.00123051 -0.00348329 0.843992 -0.536345 0.000804182 -0.536346 -0.843998 3665.dat
1  4 423.1213 -137.839 535.7147 -0.000574931 -0.00335674 -1 0.536346 0.843993 -0.00314145 0.843998 -0.536344 0.00131514 3024.dat
1  4 423.2328 -168.8188 531.7114 -1 -0.00335676 0.00123051 -0.00348329 0.843992 -0.536345 0.000804182 -0.536346 -0.843998 3040B.dat
1  4 443.1254 -141.7482 514.522 -0.000574931 -0.00335674 -1 0.536346 0.843993 -0.00314145 0.843998 -0.536344 0.00131514 3024.dat
1  4 443.1037 -145.724 493.3463 -1 -0.00335676 0.00123051 -0.00348329 0.843992 -0.536345 0.000804182 -0.536346 -0.843998 3665.dat
1  4 443.2443 -179.4829 514.8052 -1 -0.00335676 0.00123051 -0.00348329 0.843992 -0.536345 0.000804182 -0.536346 -0.843998 3040B.dat
1  4 393.2065 -174.2932 523.2792 0.00123054 -0.00335675 1 -0.536345 0.843992 0.00348331 -0.843998 -0.536346 -0.000804185 3022.dat
1  1 393.222 -189.0029 485.2233 0.00123054 -0.00335676 1 -0.536345 0.843991 0.00348331 -0.843998 -0.536346 -0.000804186 3795.dat
1  1 393.195 -182.2501 480.93 0.00123054 -0.00335676 1 -0.536345 0.843991 0.00348331 -0.843998 -0.536346 -0.000804186 3795.dat
1  1 393.267 -218.407 409.119 0.00123054 -0.00335676 1 -0.536345 0.843991 0.00348331 -0.843998 -0.536346 -0.000804185 3738.dat
1  1 383.165 -147.3284 506.116 -0.000574931 -0.00335674 -1 0.536346 0.843993 -0.00314145 0.843998 -0.536344 0.00131514 3895.dat
1  0 393.139 -111.136 577.9196 0.00123045 -0.00335676 1 -0.536345 0.843991 0.00348328 -0.843998 -0.536346 -0.000804179 3022.dat
1  1 403.165 -147.2587 506.0999 -0.000574931 -0.00335674 -1 0.536346 0.843993 -0.00314145 0.843998 -0.536344 0.00131514 3895.dat
1  1 393.1312 -159.409 501.9592 0.00123054 -0.00335676 1 -0.536345 0.843991 0.00348331 -0.843998 -0.536346 -0.000804185 3021.dat
1  1 393.1589 -191.3984 391.956 0.00123054 -0.00335676 1 -0.536345 0.843991 0.00348331 -0.843998 -0.536346 -0.000804186 3738.dat
1  4 463.258 -210.2097 451.4072 -0.000574931 -0.00335674 -1 0.536346 0.843993 -0.00314145 0.843998 -0.536344 0.00131514 3010.dat
1  4 463.183 -195.3183 430.0948 -0.000574931 -0.00335674 -1 0.536346 0.843993 -0.00314145 0.843998 -0.536344 0.00131514 3623.dat
1  4 463.143 -188.5671 425.8062 1 -0.00335676 -0.0012305 0.00348332 0.843992 0.536345 -0.000804189 -0.536346 0.843998 3665.dat
1  4 323.2511 -210.6898 451.5356 -0.000574931 -0.00335674 -1 0.536346 0.843993 -0.00314145 0.843998 -0.536344 0.00131514 3010.dat
1  4 323.1832 -195.8026 430.2118 -0.000574931 -0.00335674 -1 0.536346 0.843993 -0.00314145 0.843998 -0.536344 0.00131514 3623.dat
1  4 323.1371 -189.0561 425.9153 1 -0.00335676 -0.0012305 0.00348332 0.843992 0.536345 -0.000804189 -0.536346 0.843998 3665.dat
1  4 353.2216 -189.1315 485.2714 -0.000574931 -0.00335674 -1 0.536346 0.843993 -0.00314145 0.843998 -0.536344 0.00131514 3003.dat
1  4 333.1427 -163.5815 480.855 -0.000574931 -0.00335674 -1 0.536346 0.843993 -0.00314145 0.843998 -0.536344 0.00131514 3021.dat
1  4 323.217 -183.8722 493.7345 -1 -0.00335676 0.00123051 -0.00348329 0.843992 -0.536345 0.000804182 -0.536346 -0.843998 3040B.dat
1  4 323.1222 -156.864 476.5714 -1 -0.00335676 0.00123051 -0.00348329 0.843992 -0.536345 0.000804182 -0.536346 -0.843998 3665.dat
1  4 463.2296 -183.3924 493.607 -1 -0.00335676 0.00123051 -0.00348329 0.843992 -0.536345 0.000804182 -0.536346 -0.843998 3040B.dat
1  4 323.1329 -172.966 451.2352 -0.000574931 -0.00335674 -1 0.536346 0.843993 -0.00314145 0.843998 -0.536344 0.00131514 3004.dat
1  7 373.097 -106.7367 551.398 -1 -0.00315101 0 -0.00307487 0.988352 -0.152151 0.00070989 -0.15215 -0.988357 3673.dat
1  1 362.763 -40.162 545.35 -0.00313348 -0.00118825 1 0.844939 0.534853 0.0032643 -0.534854 0.844944 -0.000753624 3702.dat
1  1 362.938 -95.137 570.682 0.000842285 -0.00118831 -1 -0.844942 0.534857 -0.00134726 0.534857 0.844942 -0.000553548 3023.dat
1  1 362.9475 -99.416 563.923 0.000842285 -0.00118831 -1 -0.844942 0.534857 -0.00134726 0.534857 0.844942 -0.000553548 3023.dat
1  1 362.9526 -112.2525 543.644 -0.00313348 -0.00118825 1 0.844939 0.534853 0.0032643 -0.534854 0.844944 -0.000753624 3700.dat
1  7 322.936 -85.427 585.391 0 -0.00379021 -1 0.222596 0.974914 -0.00369307 0.974914 -0.222596 0.000852612 3713.dat
1  0 392.936 -85.16896 585.3314 1 0.0037803 0 0.00368674 -0.978839 -0.205596 -0.00085115 0.205595 -0.978839 3707.dat
1  7 462.936 -84.91009 585.268 0 -0.00381605 1 -0.22258 0.974917 0.00371858 -0.974917 -0.22258 -0.000858501 3713.dat
1  1 422.762 -39.70951 544.765 -0.00310021 -0.00118266 1 0.84497 0.534804 0.00323191 -0.534805 0.844975 -0.000746145 3702.dat
1  1 422.9348 -94.6837 570.0956 0.00083837 -0.00118271 -1 -0.844973 0.534808 -0.00134093 0.534809 0.844973 -0.000550992 3023.dat
1  1 422.9474 -99.94247 563.5402 0.00083837 -0.00118271 -1 -0.844973 0.534808 -0.00134093 0.534809 0.844973 -0.000550992 3023.dat
1  1 422.9518 -112.0333 543.59 -0.00310022 -0.00118266 1 0.84497 0.534804 0.00323191 -0.534805 0.844975 -0.000746145 3700.dat
1  7 382.564 16.193 521.157 0 -0.00391435 -1 0.224042 0.97458 -0.00381402 0.97458 -0.224042 0.000880536 3713.dat
1  0 392.564 16.22191 521.1556 -1 -0.00391435 0 -0.00381394 0.97458 -0.224042 0.000880518 -0.224042 -0.97458 3707.dat
1  7 342.564 16.0393 521.191 0 -0.00391435 -1 0.224042 0.97458 -0.00381402 0.97458 -0.224042 0.000880536 3713.dat
1  7 442.564 16.43977 521.0986 0 0 1 -0.224951 0.97437 0 -0.97437 -0.224951 0 4019.dat
1  7 402.564 16.24907 521.1426 0 0 1 -0.224951 0.97437 0 -0.97437 -0.224951 0 3648.dat
1  1 392.66 -49.506 423.508 -1 -0.00387213 -0.000621229 -0.00363179 0.974164 -0.225847 0.00147968 -0.225844 -0.974163 3460.dat
1  7 392.685 -59.558 415.573 -1 -0.00387213 -0.000621229 -0.00363179 0.974164 -0.225847 0.00147968 -0.225844 -0.974163 3022.dat
1  0 392.722 -65.09283 427.1214 -1 -0.00387213 -0.000621229 -0.00363179 0.974164 -0.225847 0.00147968 -0.225844 -0.974163 3710.dat
1  7 392.747 -75.147 419.1891 -1 -0.00387213 -0.000621229 -0.00363179 0.974164 -0.225847 0.00147968 -0.225844 -0.974163 3022.dat
1  0 392.784 -80.68185 430.7364 -1 -0.00387213 -0.000621229 -0.00363179 0.974164 -0.225847 0.00147968 -0.225844 -0.974163 3710.dat
1  7 392.809 -90.732 422.8 -1 -0.00387213 -0.000621229 -0.00363179 0.974164 -0.225847 0.00147968 -0.225844 -0.974163 3022.dat
1  0 392.846 -96.26685 434.3484 -1 -0.00387213 -0.000621229 -0.00363179 0.974164 -0.225847 0.00147968 -0.225844 -0.974163 3710.dat
1  7 392.871 -106.3198 426.414 -1 -0.00387213 -0.000621229 -0.00363179 0.974164 -0.225847 0.00147968 -0.225844 -0.974163 3022.dat
1  0 392.908 -111.8528 437.9624 -1 -0.00387213 -0.000621229 -0.00363179 0.974164 -0.225847 0.00147968 -0.225844 -0.974163 3710.dat
1  7 392.933 -121.906 430.0281 -1 -0.00387213 -0.000621229 -0.00363179 0.974164 -0.225847 0.00147968 -0.225844 -0.974163 3022.dat
1  0 392.97 -127.4408 441.5744 -1 -0.00387213 -0.000621229 -0.00363179 0.974164 -0.225847 0.00147968 -0.225844 -0.974163 3710.dat
1  1 462.564 6.734206 523.3392 0 0 1 -0.224951 0.97437 0 -0.97437 -0.224951 0 3703.dat
1  1 462.565 -34.88996 451.3302 0 0 1 -0.224951 0.97437 0 -0.97437 -0.224951 0 3701.dat
1  1 442.6012 -42.50437 452.6241 -1 -0.00387211 -0.000621307 -0.0036318 0.974171 -0.225815 0.00147964 -0.225813 -0.974171 3021.dat
1  1 462.6657 -52.45388 444.6552 -1 -0.00387211 -0.000621307 -0.0036318 0.974171 -0.225815 0.00147964 -0.225813 -0.974171 3623.dat
1  0 422.6472 -50.33396 454.4472 0 0 1 -0.224951 0.97437 0 -0.97437 -0.224951 0 3710.dat
1  7 432.7282 -58.14904 456.2729 -1 -0.00387213 -0.000621229 -0.00363179 0.974164 -0.225847 0.00147968 -0.225844 -0.974163 3022.dat
1  0 422.7282 -65.97733 458.0883 0 0 1 -0.224951 0.97437 0 -0.97437 -0.224951 0 3710.dat
1  7 432.7902 -73.73504 459.889 -1 -0.00387213 -0.000621229 -0.00363179 0.974164 -0.225847 0.00147968 -0.225844 -0.974163 3022.dat
1  0 422.7902 -81.56432 461.7014 0 0 1 -0.224951 0.97437 0 -0.97437 -0.224951 0 3710.dat
1  7 432.8522 -89.32104 463.5019 -1 -0.00387213 -0.000621229 -0.00363179 0.974164 -0.225847 0.00147968 -0.225844 -0.974163 3022.dat
1  0 422.8522 -97.15232 465.3193 0 0 1 -0.224951 0.97437 0 -0.97437 -0.224951 0 3710.dat
1  7 432.9142 -104.908 467.117 -1 -0.00387213 -0.000621229 -0.00363179 0.974164 -0.225847 0.00147968 -0.225844 -0.974163 3022.dat
1  0 422.9142 -112.7363 468.9294 0 0 1 -0.224951 0.97437 0 -0.97437 -0.224951 0 3710.dat
1  7 492.6022 30.30837 662.0529 -1 -0.00387211 -0.000621307 -0.0036318 0.974171 -0.225815 0.00147964 -0.225813 -0.974171 3020.dat
1  1 522.5762 38.46296 659.6591 0 0 1 -0.224951 0.97437 0 -0.97437 -0.224951 0 3700.dat
1  7 492.6098 61.75828 654.3035 -1 -0.00387211 -0.000621426 -0.00363177 0.974171 -0.225815 0.00147975 -0.225813 -0.974171 3020.dat
1  1 462.6579 -10.14057 558.5316 1 -0.00387211 0.000621359 0.00363179 0.974171 0.225815 -0.00147969 -0.225813 0.974171 3040B.dat
1  1 392.595 -35.94601 481.9315 -1 -0.00387213 -0.000621229 -0.00363179 0.974164 -0.225847 0.00147968 -0.225844 -0.974163 3460.dat
1  0 392.666 -43.71031 483.7338 -1 -0.00387213 -0.000621229 -0.00363179 0.974164 -0.225847 0.00147968 -0.225844 -0.974163 3023.dat
1  0 392.722 -51.55473 485.5652 -1 -0.00387213 -0.000621229 -0.00363179 0.974164 -0.225847 0.00147968 -0.225844 -0.974163 3710.dat
1  0 392.747 -59.35531 487.3728 -1 -0.00387213 -0.000621229 -0.00363179 0.974164 -0.225847 0.00147968 -0.225844 -0.974163 3023.dat
1  0 392.784 -67.14073 489.1812 -1 -0.00387213 -0.000621229 -0.00363179 0.974164 -0.225847 0.00147968 -0.225844 -0.974163 3710.dat
1  0 392.808 -74.94131 490.9918 -1 -0.00387213 -0.000621229 -0.00363179 0.974164 -0.225847 0.00147968 -0.225844 -0.974163 3023.dat
1  0 392.846 -82.72674 492.7943 -1 -0.00387213 -0.000621229 -0.00363179 0.974164 -0.225847 0.00147968 -0.225844 -0.974163 3710.dat
1  7 392.87 -86.01096 514.0921 0 -0.00387213 -1 0.225847 0.974163 -0.00377289 0.974163 -0.225847 0.000871041 3021.dat
1  7 372.8516 -78.29774 512.3197 -1 -0.00387213 -0.000621229 -0.00363179 0.974164 -0.225847 0.00147968 -0.225844 -0.974163 3660.dat
1  7 412.8516 -78.14965 512.2727 -1 -0.00387213 -0.000621229 -0.00363179 0.974164 -0.225847 0.00147968 -0.225844 -0.974163 3660.dat
1  0 392.908 -98.31374 496.4092 -1 -0.00387213 -0.000621229 -0.00363179 0.974164 -0.225847 0.00147968 -0.225844 -0.974163 3710.dat
1  7 362.902 -83.843 523.8752 0 -0.00387213 -1 0.225847 0.974163 -0.00377289 0.974163 -0.225847 0.000871041 3023.dat
1  7 422.902 -83.622 523.7996 0 -0.00387213 -1 0.225847 0.974163 -0.00377289 0.974163 -0.225847 0.000871041 3023.dat
1  0 362.839 -97.38844 465.4089 0 0 1 -0.224951 0.97437 0 -0.97437 -0.224951 0 3710.dat
1  7 352.8578 -89.64531 463.6363 -1 -0.00387213 -0.000621229 -0.00363179 0.974164 -0.225847 0.00147968 -0.225844 -0.974163 3022.dat
1  0 362.777 -81.80045 461.7979 0 0 1 -0.224951 0.97437 0 -0.97437 -0.224951 0 3710.dat
1  7 352.7958 -74.05931 460.0222 -1 -0.00387213 -0.000621229 -0.00363179 0.974164 -0.225847 0.00147968 -0.225844 -0.974163 3022.dat
1  0 362.716 -66.21445 458.1789 0 0 1 -0.224951 0.97437 0 -0.97437 -0.224951 0 3710.dat
1  7 352.7338 -58.47332 456.4083 -1 -0.00387213 -0.000621229 -0.00363179 0.974164 -0.225847 0.00147968 -0.225844 -0.974163 3022.dat
1  0 362.635 -50.56945 454.5399 0 0 1 -0.224951 0.97437 0 -0.97437 -0.224951 0 3710.dat
1  1 342.6718 -42.91964 452.808 -1 -0.00387213 -0.000621229 -0.00363179 0.974164 -0.225847 0.00147968 -0.225844 -0.974163 3021.dat
1  1 322.629 -35.21838 451.0359 0 0 1 -0.224951 0.97437 0 -0.97437 -0.224951 0 3010.dat
1  1 322.629 6.161959 523.5908 0 0 1 -0.224951 0.97437 0 -0.97437 -0.224951 0 3703.dat
1  1 322.629 -33.1281 388.9758 0 0 1 -0.224951 0.97437 0 -0.97437 -0.224951 0 3023.dat
1  7 352.9012 -105.2157 467.2385 -1 -0.00387213 -0.000621229 -0.00363179 0.974164 -0.225847 0.00147968 -0.225844 -0.974163 3022.dat
1  0 362.901 -112.9744 469.0229 0 0 1 -0.224951 0.97437 0 -0.97437 -0.224951 0 3710.dat
1  7 292.6662 29.75946 661.8487 -1 -0.00387211 -0.000621307 -0.0036318 0.974171 -0.225815 0.00147964 -0.225813 -0.974171 3020.dat
1  1 262.6602 37.47905 660.0779 0 0 1 -0.224951 0.97437 0 -0.97437 -0.224951 0 3700.dat
1  7 292.6228 60.92043 654.6474 -1 -0.00387211 -0.000621426 -0.00363177 0.974171 -0.225815 0.00147975 -0.225813 -0.974171 3020.dat
1  1 322.7219 -10.47157 558.2386 1 -0.00387211 0.000621359 0.00363179 0.974171 0.225815 -0.00147969 -0.225813 0.974171 3040B.dat
1  4 412.945 -93.7101 515.8729 -1 -0.00387213 -0.000621229 -0.00363179 0.974164 -0.225847 0.00147968 -0.225844 -0.974163 3023.dat
1  7 472.565 11.79016 502.1219 1 -0.00387213 0.000620953 0.00363185 0.974164 0.225847 -0.00147941 -0.225844 0.974163 3749.dat
1  7 472.564 -20.3498 468.0057 -1 -0.00387213 -0.000620872 -0.00363187 0.974164 -0.225847 0.00147933 -0.225844 -0.974163 3673.dat
1  0 482.623 -33.141 440.77 0 1 -0.00391913 0.410072 0.00363207 0.912046 0.912053 -0.00147959 -0.410069 32062.dat
1  7 492.631 -45.408 413.393 1 0 0.00391883 0.00363149 0.410071 -0.912046 -0.00147959 0.912054 0.410069 3749.dat
1  0 290.629 47.26246 657.8051 -1 -0.00387213 -0.000620872 -0.00363187 0.974164 -0.225847 0.00147933 -0.225844 -0.974163 3707.dat
1  7 452.565 -15.30751 385.2403 -1 -0.00349797 -0.00060187 -0.00327147 0.974132 -0.225982 0.00137678 -0.22598 -0.974132 3673.dat
1  1 442.8834 -92.08925 408.6199 0.00390593 -0.000693411 1 -0.984421 -0.175789 0.00372322 0.175785 -0.984428 -0.00136923 3895.dat
1  1 392.5558 -7.873522 369.2439 -1 -0.00079949 0.00403299 -0.00382969 -0.175729 -0.984431 0.00149568 -0.984438 0.175725 3666.dat
1  1 342.7991 -92.55221 408.7704 0.00391322 -0.000705546 1 -0.984442 -0.175669 0.00372842 0.175665 -0.984449 -0.001382 3895.dat
1  1 393.1027 -145.6938 393.8463 -1 -0.000647481 0.00403294 -0.00385635 -0.175729 -0.984431 0.00134602 -0.984439 0.175725 3666.dat
1  1 392.9925 -141.5775 417.4865 -1 -0.000647481 0.00403294 -0.00385635 -0.175729 -0.984431 0.00134602 -0.984439 0.175725 3010.dat
1  1 393.1245 -140.069 425.3481 -1 -0.000647481 0.00403294 -0.00385635 -0.175729 -0.984431 0.00134602 -0.984439 0.175725 3666.dat
1  0 393.3077 -192.4586 416.4156 -1 -0.00402817 0.0009771039 -0.00393133 0.847014 -0.531556 0.00131357 -0.531555 -0.847023 3706.dat
1  7 332.629 -15.53161 384.9044 -1 -0.00409142 -0.000578047 -0.00385504 0.974145 -0.225927 0.00148746 -0.225924 -0.974145 3673.dat
1  7 312.629 29.40076 579.8007 -1 0 0 0 0.201288 -0.979532 0 -0.979532 -0.201288 3673.dat
1  0 302.632 20.459 608.678 -0.000639811 1 0.000831139 0.282165 0.00101155 -0.959365 -0.959366 0 -0.282165 32062.dat
1  7 312.652 11.511 640.544 -1 -0.00209921 0.000637824 -0.00212582 0.914583 -0.404392 0.000490784 -0.404393 -0.914586 3673.dat
1  0 322.825 -36.952 652.399 0.00331613 0.000656794 1 -0.971206 -0.238654 0.00337706 0.238656 -0.971206 0 3705.dat
1  7 333.004 -89.355 665.266 -1 -0.00334041 -0.000569256 -0.00318008 0.983146 -0.182794 0.00117027 -0.182791 -0.983151 3673.dat
1  1 443.006 -96.74209 624.8054 -0.000935446 -0.00325857 1 0.0441485 0.99902 0.00330317 -0.999024 0.0441513 -0.000762597 3894.dat
1  0 392.9475 -73.81165 645.8843 -1 -0.00325855 -0.000935539 -0.00330318 0.99902 0.0441485 0.000762599 0.0441513 -0.999025 3795.dat
1  1 393.0376 -99.20796 655.0186 -1 -0.00325855 -0.000935539 -0.00330318 0.99902 0.0441485 0.000762599 0.0441513 -0.999025 3010.dat
1  1 493.0518 -105.45 644.3951 -1 -0.00325855 -0.000935539 -0.00330318 0.99902 0.0441485 0.000762599 0.0441513 -0.999025 3832.dat
1  1 393.0136 -97.33469 634.9542 -1 -0.00325855 -0.000935539 -0.00330318 0.99902 0.0441485 0.000762599 0.0441513 -0.999025 3010.dat
1  1 293.0484 -106.1 644.6642 -1 -0.00325855 -0.000935539 -0.00330318 0.99902 0.0441485 0.000762599 0.0441513 -0.999025 3832.dat
1  7 253.023 -98.241 645.0507 1 -0.00325858 0.00093558 0.00330319 0.99902 -0.0441485 -0.000762601 0.0441513 0.999025 3032.dat
1  0 253.0344 -92.01478 685.3642 -1 -0.00325854 -0.00093566 -0.00330322 0.99902 0.0441485 0.000762608 0.0441513 -0.999025 3795.dat
1  7 252.96 -88.4829 605.4422 -1 -0.00325856 -0.000935664 -0.00330323 0.99902 0.0441484 0.000762611 0.0441513 -0.999025 3795.dat
1  7 252.915 -79.60387 585.8167 -1 -0.00325856 -0.000935664 -0.00330323 0.99902 0.0441484 0.000762611 0.0441513 -0.999025 3795.dat
1  7 252.88 -71.17136 576.183 -1 -0.00325854 -0.000935664 -0.00330322 0.99902 0.0441484 0.000762608 0.0441513 -0.999025 3666.dat
1  7 252.8446 -62.74036 566.545 -1 -0.00325854 -0.000935664 -0.00330322 0.99902 0.0441484 0.000762608 0.0441513 -0.999025 3795.dat
1  0 383.127 -129.78 643.5388 -0.000935557 -0.00325857 1 0.0441485 0.99902 0.0033032 -0.999024 0.0441513 -0.000762604 3660.dat
1  0 393.1344 -136.856 623.1967 1 -0.00325866 0.000935601 0.00330326 0.99902 -0.0441486 -0.000762618 0.0441514 0.999025 3032.dat
1  0 393.1985 -146.614 662.8078 -1 -0.00325853 -0.000935656 -0.0033032 0.99902 0.0441485 0.000762605 0.0441513 -0.999025 3035.dat
1  0 323.153 -137.9701 643.232 -0.000935666 -0.00325857 1 0.044148 0.99902 0.00330323 -0.999025 0.0441509 -0.00076261 3710.dat
1  0 463.153 -137.5076 643.1253 -0.000935666 -0.00325857 1 0.044148 0.99902 0.00330323 -0.999025 0.0441509 -0.00076261 3710.dat
1  0 403.1277 -129.7135 643.519 0.000444265 -0.00325858 -1 -0.0441484 0.99902 -0.00327502 0.999025 0.0441497 0 3660.dat
1  1 343.004 -97.06071 625.0016 -0.000935501 -0.00325857 1 0.0441485 0.99902 0.00330318 -0.999024 0.0441513 -0.0007626 3894.dat
1  7 533.0229 -97.31372 644.8377 1 -0.0032586 0.000935585 0.0033032 0.99902 -0.0441485 -0.000762605 0.0441513 0.999025 3032.dat
1  7 532.958 -87.55691 605.228 -1 -0.00325853 -0.000935656 -0.0033032 0.99902 0.0441485 0.000762605 0.0441513 -0.999025 3795.dat
1  7 532.9133 -78.68288 585.6008 -1 -0.00325851 -0.000935656 -0.00330319 0.99902 0.0441485 0.000762601 0.0441513 -0.999025 3795.dat
1  7 532.8786 -70.25036 575.96 -1 -0.00325851 -0.000935656 -0.00330319 0.99902 0.0441485 0.000762601 0.0441513 -0.999025 3666.dat
1  7 532.843 -61.815 566.324 -1 -0.00325853 -0.00093566 -0.0033032 0.99902 0.0441484 0.000762605 0.0441513 -0.999025 3795.dat
1  0 533.033 -91.089 685.1502 -1 -0.00325853 -0.000935656 -0.0033032 0.99902 0.0441485 0.000762605 0.0441513 -0.999025 3795.dat
1  0 323.286 -171.263 671.79 1 -0.00325861 0.000935831 0.00330328 0.99902 -0.0441485 -0.000762622 0.0441513 0.999025 3040B.dat
1  0 463.2856 -170.8008 671.683 1 -0.00325864 0.000935718 0.00330328 0.99902 -0.0441485 -0.000762621 0.0441514 0.999025 3040B.dat
1  0 373.304 -171.981 691.732 -1 -0.00325852 -0.000935527 -0.00330315 0.99902 0.0441485 0.000762592 0.0441514 -0.999025 3009.dat
1  0 453.304 -171.7167 691.6714 -1 -0.00325852 -0.000935527 -0.00330315 0.99902 0.0441485 0.000762592 0.0441514 -0.999025 3004.dat
1  0 393.382 -195.891 690.6552 -1 -0.00325847 -0.000935636 -0.00330314 0.99902 0.0441486 0.000762591 0.0441514 -0.999025 3009.dat
1  0 393.4602 -219.8675 689.596 -1 -0.00325848 -0.000935636 -0.00330316 0.99902 0.0441486 0.000762594 0.0441514 -0.999025 3009.dat
1  7 453.0118 -88.48607 665.2016 -1 -0.00314474 -0.000315238 -0.00307904 0.989648 -0.143486 0.000710853 -0.143484 -0.989652 3673.dat
1  0 462.898 -33.36 651.608 0.00292091 0.000506104 1 -0.968462 -0.250539 0.00296614 0.25054 -0.968463 0 3705.dat
1  7 472.751 15.079 639.078 -1 -0.00089272 0.0029977 -0.00313802 0.173417 -0.984844 0 -0.984848 -0.173419 3673.dat
1  0 482.652 21.666 608.541 0.00167686 -1 0.0028253 -0.265596 -0.00319845 -0.964079 0.964083 0.00073842 -0.2656 32062.dat
1  7 472.565 29.78276 580.0761 -1 -0.00359356 0 -0.00339988 0.957174 -0.289495 0.00117191 -0.289493 -0.95718 3673.dat
1  0 460.565 -1.786802 443.6922 -1 -0.00287438 -0.00266741 -0.00363171 0.935455 0.353428 0.00147935 0.353435 -0.935458 3705.dat
1  7 422.564 -1.681005 443.2082 -0.00266778 -0.00287442 1 0.353428 0.935455 0.00363179 -0.935458 0.353435 -0.00147969 3648.dat
1  7 442.564 -1.611546 443.186 0.000870418 -0.00287446 -1 -0.353427 0.935458 -0.00299658 0.935462 0.353428 0 3713.dat
1  0 392.6594 -14.65078 449.0686 -1 -0.00287438 -0.00266741 -0.00363171 0.935455 0.353428 0.00147935 0.353435 -0.935458 3705.dat
1  0 392.69 -44.419 455.957 -0.00387213 1 -0.000621276 0.974164 0.00363174 -0.225847 -0.225845 -0.00147968 -0.974163 32062.dat
1  0 332.629 -2.074222 443.3815 -1 -0.00287438 -0.00266741 -0.00363171 0.935455 0.353428 0.00147935 0.353435 -0.935458 3705.dat
1  7 342.648 -2.012683 443.3592 -0.00266778 -0.00287442 1 0.353428 0.935455 0.00363179 -0.935458 0.353435 -0.00147969 4019.dat
1  7 362.517 -1.943 443.5811 -0.00266778 -0.00287442 1 0.353428 0.935455 0.00363179 -0.935458 0.353435 -0.00147969 3648.dat
1  0 492.616 48.10759 657.4583 -1 -0.00387213 -0.000620872 -0.00363187 0.974164 -0.225847 0.00147933 -0.225844 -0.974163 3707.dat
1  7 442.697 48.05857 657.4976 0 0 1 -0.224951 0.97437 0 -0.97437 -0.224951 0 4019.dat
1  0 392.565 6.964283 482.7676 -1 -0.00334048 -0.00205393 -0.0036317 0.986499 0.163729 0.00147927 0.163735 -0.986503 3707.dat
1  7 342.564 7.026415 482.3049 -0.00205436 -0.0033405 1 0.163728 0.986499 0.00363179 -0.986503 0.163734 -0.00147969 4019.dat
1  7 442.564 7.388446 482.1644 0.000662063 -0.00334053 -1 -0.163728 0.9865 -0.00340384 0.986505 0.16373 0 3713.dat
1  7 402.564 7.244317 482.2162 -0.00205436 -0.0033405 1 0.163728 0.986499 0.00363179 -0.986503 0.163734 -0.00147969 3647.dat
1  7 413.097 -106.604 551.3729 -1 -0.00329722 0 -0.00321504 0.988357 -0.15212 0.000742249 -0.152119 -0.988362 3673.dat
1  4 343.2188 -179.8308 514.8795 -1 -0.00335676 0.00123051 -0.00348329 0.843992 -0.536345 0.000804182 -0.536346 -0.843998 3040B.dat
1  4 353.146 -154.1837 510.4334 -0.000574931 -0.00335674 -1 0.536346 0.843993 -0.00314145 0.843998 -0.536344 0.00131514 3022.dat
1  4 343.1134 -142.101 514.5914 -0.000574931 -0.00335674 -1 0.536346 0.843993 -0.00314145 0.843998 -0.536344 0.00131514 3024.dat
1  4 343.1047 -146.081 493.4103 -1 -0.00335676 0.00123051 -0.00348329 0.843992 -0.536345 0.000804182 -0.536346 -0.843998 3665.dat
1  4 363.2208 -169.0459 531.7281 -1 -0.00335676 0.00123051 -0.00348329 0.843992 -0.536345 0.000804182 -0.536346 -0.843998 3040B.dat
1  4 363.1088 -138.0693 535.7276 -0.000574931 -0.00335674 -1 0.536346 0.843993 -0.00314145 0.843998 -0.536344 0.00131514 3024.dat
1  4 363.0867 -142.04 514.5663 -1 -0.00335676 0.00123051 -0.00348329 0.843992 -0.536345 0.000804182 -0.536346 -0.843998 3665.dat
1  7 353.452 -273.7758 397.4692 -1 0 0 0 0.955654 -0.294492 0 -0.294492 -0.955654 3673.dat
1  1 393.5497 -299.6256 390.2633 -1 -0.003423942 0 -0.002889754 0.8439918 -0.5363486 0.00183649 -0.5363455 -0.8439967 3709B.dat
1  7 465.3985 -315.9037 379.1029 -0.826417 -0.003423942 -0.5630477 0.2996036 0.8439918 -0.4448774 0.4767312 -0.5363455 -0.6964633 3666.dat
1  7 394.1052 -307.7686 407.2795 -1 -0.003423942 0 -0.002889754 0.8439918 -0.5363486 0.00183649 -0.5363455 -0.8439967 3710.dat
1  7 323.4743 -316.8637 378.4984 -0.8120692 -0.003423942 0.5835505 -0.3153351 0.8439918 -0.4338689 -0.4910263 -0.5363455 -0.6864601 3666.dat
1  0 265.3917 -326.3709 378.826 0.5835505 -0.003423942 0.8120692 -0.4338686 0.8439918 0.3153351 -0.6864597 -0.5363455 0.4910263 3710.dat
1  0 259.0117 -315.28 381.4063 0.5835505 -0.003423942 0.8120692 -0.4338686 0.8439918 0.3153351 -0.6864597 -0.5363455 0.4910263 3623.dat
1  0 264.8203 -312.8654 370.2509 0.5835505 -0.003423942 0.8120692 -0.4338682 0.8439918 0.3153351 -0.686459 -0.5363455 0.4910263 3710.dat
1  0 523.6382 -324.2961 380.4452 -0.5630477 -0.003423942 0.826417 -0.4448774 0.8439918 -0.2996036 -0.6964633 -0.5363455 -0.4767312 3710.dat
1  0 528.7246 -313.0917 383.1259 -0.5630477 -0.003423942 0.826417 -0.4448774 0.8439918 -0.2996036 -0.6964633 -0.5363455 -0.4767312 3623.dat
1  0 523.0662 -310.7902 371.8704 -0.5630477 -0.003423942 0.826417 -0.4448769 0.8439918 -0.2996036 -0.6964626 -0.5363455 -0.4767312 3710.dat
1  7 433.9574 -184.5288 316.3021 -1 0 0 0 0.955654 -0.294492 0 -0.294491 -0.955654 3673.dat
1  7 483.457 -185.5254 318.0393 0 0 1 -0.867647 0.497181 0 -0.497181 -0.867647 0 3900.dat
1  7 483.45 -189.5065 324.9832 0 0 1 -0.867647 0.497181 0 -0.497181 -0.867647 0 3020.dat
1  7 393.452 -259.841 291.1409 1 0 0 0 0.988576 0.150725 0 -0.150725 0.988576 3938.dat
1  7 393.452 -283.5668 294.7574 -1 0 0 0 0.988576 -0.150725 0 -0.150725 -0.988576 3660.dat
1  7 393.452 -291.4776 295.9608 0 0 -1 0.150725 0.988576 0 0.988576 -0.150725 0 3021.dat
1  46 393.452 -286.582 274.9857 1 0 0 0 0.988576 0.150725 0 -0.150725 0.988576 3065.dat
1  46 393.452 -318.2163 279.8089 1 0 0 0 0.988576 0.150725 0 -0.150725 0.988576 3065.dat
1  7 393.452 -315.2018 299.5804 -1 0 0 0 0.988576 -0.150725 0 -0.150725 -0.988576 3039.dat
1  7 392.609 42.87 640.308 1 0 0 0 0.224951 -0.97437 0 0.97437 0.224951 3023.dat
1  7 392.693 37.56 659.434 -1 0 0 0 -0.97437 0.224951 0 0.224951 0.97437 3023.dat
1  7 392.609 57.42 655.425 -1 0 0 0 0.97437 -0.224951 0 -0.224951 -0.97437 3023.dat
1  7 392.609 50.969 675.386 1 0 0 0 -0.224951 0.97437 0 -0.97437 -0.224951 3023.dat
1  1 462.636 -48.051 689.817 0 0.000506108 -1 0.972354 -0.233683 0 -0.233683 -0.972354 -0.000505074 3008.dat
1  4 462.632 -162.864 725.6378 0 0.000506108 -1 0.972354 -0.233683 0 -0.233683 -0.972354 -0.000505074 3460.dat
1  4 462.636 -261.9679 741.227 0 0.000506108 1 -0.972354 -0.233683 0 0.233683 -0.972354 0.000505074 3666.dat
1  4 454.263 -360.3817 756.6467 -0.167543 0.000506108 0.985865 -0.958591 -0.233683 -0.162788 0.230288 -0.972354 0.0396355 3666.dat
1  4 395.89 -409.8615 760.279 1 0.000506108 0.00659221 -0.0062909 -0.233683 0.972355 0.00203238 -0.972354 -0.23368 3666.dat
1  4 334.2836 -360.3877 756.5837 0.232048 0.000506108 0.972704 -0.945747 -0.233683 0.225739 0.22741 -0.972354 -0.053745 3666.dat
1  1 322.636 -48.066 689.747 0 0.000506108 -1 0.972354 -0.233683 0 -0.233683 -0.972354 -0.000505074 3008.dat
1  4 322.632 -162.879 725.5678 0 0.000506108 -1 0.972354 -0.233683 0 -0.233683 -0.972354 -0.000505074 3460.dat
1  4 322.6765 -262.6115 741.3062 0 0.000506108 1 -0.972354 -0.233683 0 0.233683 -0.972354 0.000505074 3666.dat
1  7 452.632 -250.372 746.6639 -1 0.000506108 0 0 -0.233683 -0.972354 -0.000505074 -0.972354 0.233683 3710.dat
1  4 392.636 -252.2385 738.852 -1 0.000506108 0 0 -0.233683 -0.972354 -0.000505074 -0.972354 0.233683 3666.dat
1  7 332.632 -250.3725 746.6005 -1 0.000506108 0 0 -0.233683 -0.972354 -0.000505074 -0.972354 0.233683 3710.dat
1  7 392.624 -246.634 762.1885 1 0.000506108 0 0 -0.233683 0.972354 0.000505074 -0.972354 -0.233683 3937.dat
1  36 302.628 -248.5115 754.3667 0 0.000506108 1 -0.972354 -0.233683 0 0.233683 -0.972354 0.000505074 3024.dat
1  36 482.628 -248.4995 754.455 0 0.000506108 1 -0.972354 -0.233683 0 0.233683 -0.972354 0.000505074 3024.dat
1  7 392.629 -258.694 754.802 1 0 -0.000506108 0 0.972354 0.233683 0.000505074 -0.233683 0.972354 3938.dat
1  36 392.629 -282.0305 760.41 -1 0 0.000506108 0 0.972354 -0.233683 -0.000505074 -0.233683 -0.972354 3065.dat
1  7 482.631 -37.24284 431.6489 1 -0.00378059 0 0.00363485 0.912046 0.410073 -0.00147944 -0.410071 0.912053 3651.dat
1  7 482.604 -28.48594 449.7457 -1 -0.00391644 0 -0.00357254 0.912045 -0.410078 0.00160623 -0.410071 -0.912059 3651.dat
1  7 392.7287 -54.16064 458.2154 -1 0.000624092 -0.00386932 -0.00362843 0.225844 0.974164 0.00148181 0.974164 -0.225842 3651.dat
1  7 392.649 -34.2063 453.8738 -1 -0.000618386 0.00387487 -0.00363512 -0.225844 -0.974164 0.00147751 -0.974164 0.225842 3651.dat
1  7 393.089 -73.652 462.682 1 -0.00386927 0.000617252 0.00362992 0.97416 0.225865 -0.00147522 -0.225863 0.974159 3652.dat
1  7 482.635 24.322 598.9 -0.99882 0.0486916 0.00177475 -0.0473695 -0.962952 -0.265529 -0.0112599 -0.265238 0.964106 3651.dat
1  7 462.9567 -70.0644 660.3923 1 0.000506104 -0.00291748 0.00296252 -0.250535 0.968469 0 -0.968463 -0.25051 3651.dat
1  7 482.731 20.096 619.7096 -1 -0.00318265 -0.000997929 -0.00330571 0.968416 0.249319 0 0.24932 -0.968421 3651.dat
1  7 462.81 -4.320793 644.0887 -1 0.000506104 0.0029503 -0.00296849 -0.250537 -0.968463 0 -0.968463 0.250538 3651.dat
1  7 422.603 46.91988 657.835 0 0.0006226 1 0.97437 0.224951 0 -0.224951 0.97437 -0.000606643 3651.dat
1  7 360.648 47.53856 657.6797 -0.00387207 -0.00386863 -1 0.974164 -0.225856 -0.0028983 -0.225842 -0.974161 0.00464318 3651.dat
1  7 302.6445 17.11871 621.3533 -1 -0.00097458 -0.000377184 -0.0010079 0.959658 0.281169 0 0.281169 -0.959658 3651.dat
1  7 302.6557 23.78666 598.9843 1 -0.000976635 0.000383227 0.00101237 0.959364 -0.28217 0 0.28217 0.959364 3651.dat
1  7 322.721 -7.420273 645.114 1 -0.000659608 0.00331852 0.00338044 0.238652 -0.971207 0 0.971207 0.238653 3651.dat
1  7 322.951 -73.858 661.468 -1 -0.000654116 -0.0033137 -0.00337341 0.238654 0.971206 0 0.971206 -0.238656 3651.dat
1  7 362.452 52.706 101.843 -1 0 0 0 0.97437 -0.224951 0 -0.224951 -0.97437 3739.dat
1  0 392.452 52.706 101.843 0 0 1 -0.224951 0.97437 0 -0.97437 -0.224951 0 3740.dat
1  7 536.654 47.901 657.466 -1 0 0 0 0.97437 -0.224951 0 -0.224951 -0.97437 3739.dat
1  7 251.656 47.503 660.824 1 0 0 0 0.97437 0.224951 0 -0.224951 0.97437 3739.dat
1  0 566.654 47.901 657.466 0 0 1 -0.224951 0.97437 0 -0.97437 -0.224951 0 3740.dat
1  0 221.656 47.503 660.824 0 0 -1 0.224951 0.97437 0 0.97437 -0.224951 0 3740.dat
1  0 442.4137 26.90286 668.9127 -1 0.01690422 -0.000353605 0.0172543 0.9760002 -0.219875 0 -0.2199342 -0.9760046 3711.dat
0 GROUP  1
1  0 442.408 23.38489 653.2965 -1 0.01690422 -0.0003536053 0.0172543 0.9760002 -0.219875 0 -0.2199342 -0.9760046 3711.dat
1  0 442.4022 19.85674 637.6827 -1 0.01691032 0 0.0172543 0.9805244 -0.1994436 0 -0.1995026 -0.9805301 3711.dat
1  0 442.4022 16.66616 621.9968 -1 0.01691032 0 0.0172543 0.9805244 -0.1994436 0 -0.1995026 -0.9805301 3711.dat
1  0 442.4023 13.48417 606.3088 -1 0.01691032 0 0.0172543 0.9770837 -0.2163497 0 -0.2164185 -0.9770903 3711.dat
1  0 442.6001 40.05701 678.2509 -1 0.01257095 -0.01130685 0.0172543 0.5955561 -0.8038787 0 -0.8039262 -0.5955209 3711.dat
1  0 442.3976 10.02038 590.6805 -1 0.01691032 0 0.0172543 0.9770837 -0.2163497 0 -0.2164185 -0.9770903 3711.dat
1  0 442.3929 6.556544 575.0526 -1 0.01691032 0 0.0172543 0.9770837 -0.2163497 0 -0.2164185 -0.9770903 3711.dat
1  0 442.3882 3.092634 559.4244 -1 0.01691032 0 0.0172543 0.9770837 -0.2163497 0 -0.2164185 -0.9770903 3711.dat
1  0 442.3834 -0.3762584 543.7976 -1 0.01691032 0 0.0172543 0.9791076 -0.2064052 0 -0.2064683 -0.9791136 3711.dat
1  0 442.381 -3.70812 528.1398 -1 0.01688347 0.0009067624 0.0172543 0.9896621 -0.1465494 0 -0.1466081 -0.9896711 3711.dat
1  0 442.8719 56.0844 676.3489 -1 0.001745015 -0.01681751 0.0172543 -0.09716645 -0.9957241 0 -0.9957359 0.09722468 3711.dat
1  0 442.3886 -6.500543 512.142 -1 0.008460727 0.01463865 0.0172543 0.6632361 0.7490168 0 0.7489921 -0.6632899 3711.dat
1  0 443.109 68.25768 665.8165 -1 -0.008032374 -0.01487799 0.0172543 -0.6412215 -0.7679471 0 -0.7679241 0.6412763 3711.dat
1  0 442.6218 5.358039 501.1998 -1 -0.003297415 0.01658315 0.0172543 0.004388273 1.000444 0 1.000461 -0.004444972 3711.dat
1  0 443.1208 65.71086 649.7717 -1 -0.01686725 -0.001170245 0.0172543 -0.9918295 0.1310805 0 0.131139 0.9918394 3711.dat
1  0 443.1132 62.07726 634.1797 -1 -0.01690292 0.0004285648 0.0172543 -0.9750409 0.2242062 0 0.2242653 0.9750451 3711.dat
1  0 443.1064 58.4902 618.5796 -1 -0.01690292 0.0004285648 0.0172543 -0.9750409 0.2242062 0 0.2242653 0.9750451 3711.dat
1  0 443.0995 54.90308 602.9794 -1 -0.01690292 0.0004285648 0.0172543 -0.9750409 0.2242062 0 0.2242653 0.9750451 3711.dat
1  0 443.0926 51.31591 587.3792 -1 -0.01690292 0.0004285648 0.0172543 -0.9750409 0.2242062 0 0.2242653 0.9750451 3711.dat
1  0 443.0858 47.7289 571.7789 -1 -0.01690292 0.0004285648 0.0172543 -0.9750409 0.2242062 0 0.2242653 0.9750451 3711.dat
1  0 443.0909 44.85941 556.1464 -1 -0.01686725 -0.001170268 0.0172543 -0.9918295 0.1310792 0 0.1311376 0.9918396 3711.dat
1  0 443.1025 42.34634 540.3375 -1 -0.01689157 -0.0007405598 0.0172543 -0.9881718 0.1562821 0 0.1563408 0.9881803 3711.dat
1  0 442.8893 21.44231 500.8597 -1 -0.01168869 0.01221672 0.0172543 -0.5336679 0.8462306 0 0.8462756 0.5336293 3711.dat
1  0 443.1144 39.84582 524.5266 -1 -0.01689157 -0.0007405756 0.0172543 -0.9881719 0.1562811 0 0.1563399 0.9881802 3711.dat
1  0 443.0902 35.26391 509.1846 -1 -0.01684601 0.001444208 0.0172543 -0.9597622 0.2824258 0 0.2824851 0.9597629 3711.dat

0 WORLD  -2280.126 -1081.012 -917.3681 0.3607119 -0.01868895 0.932484 0.176202 0.9831619 -0.04846078 -0.9158802 0.1817887 0.3579305
0 CENTRE  0 0 0
0 LOOKAT  -1678 -1034 0
0 ZOOM  78
0 ROTANGLE 0
