0 Name : Flame glider
0 File : 8641-1.ldr
0 Author : Legobsession
0 Official Model
0 ROTATION CENTER 0 0 0 1 "Custom" 
0 ROTATION CONFIG 0 0
1 25 -20 -2.564 -1.184 1 0 0 0 0.99863 -0.052336 0 0.052336 0.99863 3023.dat
1 25 -20 -5.318 -101.465 1 0 0 0 0.99863 -0.052336 0 0.052336 0.99863 3023.dat
1 25 10 0.054 -51.116 0 0 -1 -0.052336 0.99863 0 0.99863 0.052336 0 3023.dat
1 25 -50 0.054 -51.116 0 0 -1 -0.052336 0.99863 0 0.99863 0.052336 0 3023.dat
1 25 -20 1.101 -71.088 0 0 -1 -0.052336 0.99863 0 0.99863 0.052336 0 3795.dat
1 0 -20 5.949 -10.751 0 0 -1 -0.052336 0.99863 0 0.99863 0.052336 0 3022.dat
1 0 -20 10.136 -90.642 0 0 -1 -0.052336 0.99863 0 0.99863 0.052336 0 3022.dat
1 0 -20 8.043 -50.697 -1 0 0 0 0.99863 0.052336 0 0.052336 -0.99863 3020.dat
1 0 -20 4.239 -131.006 -1 0 0 0 0.99863 0.052336 0 0.052336 -0.99863 6157.dat
1 0 -20 5.949 -10.751 -1 0 0 0 0.99863 0.052336 0 0.052336 -0.99863 6157.dat
1 0 -20 -39.369 -63.195 -1 0 0 0 0.99863 0.052336 0 0.052336 -0.99863 3623.dat
1 25 -20 4.379 19.207 -1 0 0 0 0.99863 0.052336 0 0.052336 -0.99863 3623.dat
1 25 -20 -34.519 -2.86 -1 0 0 0 0.99863 0.052336 0 0.052336 -0.99863 3623.dat
1 25 0 -48.405 -43.642 -1 0 0 0 0.99863 0.052336 0 0.052336 -0.99863 6091.dat
1 25 -20 -48.405 -43.642 -1 0 0 0 0.99863 0.052336 0 0.052336 -0.99863 6091.dat
1 25 -40 -48.405 -43.642 -1 0 0 0 0.99863 0.052336 0 0.052336 -0.99863 6091.dat
1 25 -40 -34.519 -2.86 -1 0 0 0 0.99863 0.052336 0 0.052336 -0.99863 6091.dat
1 25 -20 -34.519 -2.86 -1 0 0 0 0.99863 0.052336 0 0.052336 -0.99863 6091.dat
1 25 0 -34.519 -2.86 -1 0 0 0 0.99863 0.052336 0 0.052336 -0.99863 6091.dat
1 0 -20 -3.609 18.788 -1 0 0 0 0.99863 0.052336 0 0.052336 -0.99863 3024.dat
1 0 0 -3.609 18.788 0 0 -1 -0.052336 0.99863 0 0.99863 0.052336 0 4081B.dat
1 57 20 -2.135 28.879 0 1 0 -0.99863 0 -0.052336 -0.052336 0 0.99863 6126.dat
1 57 -60 -2.135 28.879 0 1 0 -0.99863 0 -0.052336 -0.052336 0 0.99863 6126.dat
1 0 -40 -3.609 18.788 0 0 1 0.052336 0.99863 0 -0.99863 0.052336 0 4081B.dat
1 0 -20 -3.748 -131.424 1 0 0 0 0.99863 -0.052336 0 0.052336 0.99863 50946.dat
1 25 -40 -7.412 -61.521 1 0 0 0 0.99863 -0.052336 0 0.052336 0.99863 3794.dat
1 25 -40 -8.458 -41.548 1 0 0 0 0.99863 -0.052336 0 0.052336 0.99863 3794.dat
1 25 0 -7.412 -61.521 1 0 0 0 0.99863 -0.052336 0 0.052336 0.99863 3794.dat
1 25 -20 -31.903 -52.79 1 0 0 0 0.99863 -0.052336 0 0.052336 0.99863 3002.dat
1 25 -20 -18.017 -12.008 1 0 0 0 0.99863 -0.052336 0 0.052336 0.99863 3021.dat
1 25 0 -8.458 -41.548 1 0 0 0 0.99863 -0.052336 0 0.052336 0.99863 3794.dat
1 25 -30 -10.03 -11.587 0 0 -1 -0.052336 0.99863 0 0.99863 0.052336 0 3794.dat
1 25 -10 -10.03 -11.587 0 0 -1 -0.052336 0.99863 0 0.99863 0.052336 0 3794.dat
1 7 -30 -12.261 -121.857 0 0 -1 -0.052336 0.99863 0 0.99863 0.052336 0 6141.dat
1 7 -10 -12.261 -121.857 0 0 -1 -0.052336 0.99863 0 0.99863 0.052336 0 6141.dat
1 8 -20 -44.74 -113.546 1 0 0 0 0.99863 -0.052336 0 0.052336 0.99863 50943.dat
1 7 -10 -13.308 -101.884 0 0 -1 -0.052336 0.99863 0 0.99863 0.052336 0 6141.dat
1 7 -30 -13.308 -101.884 0 0 -1 -0.052336 0.99863 0 0.99863 0.052336 0 6141.dat
1 25 -10 -22.344 -82.331 0 0 -1 -0.052336 0.99863 0 0.99863 0.052336 0 4070.dat
1 25 -4 -12.357 -81.807 0 -1 0 0.99863 0 -0.052336 0.052336 0 0.99863 50746.dat
1 25 -36 -12.357 -81.807 0 1 0 -0.99863 0 -0.052336 -0.052336 0 0.99863 50746.dat
1 25 -30 -22.344 -82.331 0 0 1 0.052336 0.99863 0 -0.99863 0.052336 0 4070.dat
1 25 0 -47.879 -53.627 0 0 1 0.052336 0.99863 0 -0.99863 0.052336 0 3069B.dat
1 25 -20 -47.879 -53.627 0 0 1 0.052336 0.99863 0 -0.99863 0.052336 0 3069B.dat
1 25 -40 -47.879 -53.627 0 0 1 0.052336 0.99863 0 -0.99863 0.052336 0 3069B.dat
1 7 -57 10.943 -10.49 -1 0 0 0 0.99863 0.052336 0 0.052336 -0.99863 30027.dat
1 7 17 10.943 -10.49 1 0 0 0 0.99863 -0.052336 0 0.052336 0.99863 30027.dat
1 7 -60 10.232 -130.692 0 0 1 0.052336 0.99863 0 -0.99863 0.052336 0 4624.dat
1 7 20 10.232 -130.692 0 0 -1 -0.052336 0.99863 0 0.99863 0.052336 0 4624.dat
1 0 27 10.943 -10.49 -1 0 0 0 0.99863 0.052336 0 0.052336 -0.99863 30028.dat
1 0 -57 10.943 -10.49 -1 0 0 0 0.99863 0.052336 0 0.052336 -0.99863 30028.dat
1 0 20 10.232 -130.692 -1 0 0 0 0.99863 0.052336 0 0.052336 -0.99863 3139.dat
1 0 -60 10.232 -130.692 -1 0 0 0 0.99863 0.052336 0 0.052336 -0.99863 3139.dat
0
