0 FILE Total.ldr
0 New Model
0 Name: Total.ldr
0 Author: MLCad
0 Unofficial Model
0 ROTATION CENTER 0 0 0 1 "Custom" 
0 ROTATION CONFIG 0 0
1 7 137 -97 690 -1 0 0 0 1 0 0 0 -1 Main1.ldr
1 7 106.3 114.5 0 0 0 -1 0 1 0 1 0 0 Main2.ldr
0
0 FILE Main1.ldr
0 Heli_pilot
0 Name: Main1.ldr
0 Author: MLCad
0 Unofficial Model
0 ROTATION CENTER 0 0 0 1 "Custom" 
0 ROTATION CONFIG 0 0
1 7 0 0 0 1 0 0 0 1 0 0 0 1 helicopter.ldr
1 7 0 0 0 1 0 0 0 1 0 0 0 1 propellor.ldr
1 7 0 -33.3 240 1 0 0 0 0.999048 0.0436194 0 -0.0436194 0.999048 Seated_figure.ldr
0
0 FILE helicopter.ldr
0 Name: Helicopter.ldr
0 ROTATION CENTER 0 0 0 1 "Custom" 
0 ROTATION CONFIG 0 0
1 4 0 -80 310 0 0 1 0 1 0 -1 0 0 3702.dat
1 4 10 -88 370 0 0 1 0 1 0 -1 0 0 3709b.dat
1 4 10 -96 410 0 0 1 0 1 0 -1 0 0 3709b.dat
1 4 10 -200 410 0 0 1 0 1 0 -1 0 0 3709b.dat
1 4 10 -208 390 0 0 1 0 1 0 -1 0 0 3709b.dat
1 4 10 -96 350 0 0 1 0 1 0 -1 0 0 3022.dat
1 4 10 -128 450 0 0 1 0 1 0 -1 0 0 3022.dat
1 4 60 -128 350 0 0 1 0 1 0 -1 0 0 3023.dat
1 4 -40 -128 350 0 0 1 0 1 0 -1 0 0 3023.dat
1 4 10 -136 460 -1 0 0 0 1 0 0 0 -1 3710.dat
1 4 20 -136 620 -1 0 0 0 1 0 0 0 -1 3623.dat
1 4 10 -168 460 -1 0 0 0 1 0 0 0 -1 3710.dat
1 4 20 -168 620 -1 0 0 0 1 0 0 0 -1 3623.dat
1 4 40 -168 650 0 0 -1 0 1 0 1 0 0 3023.dat
1 4 40 -224 670 0 0 -1 0 1 0 1 0 0 3023.dat
1 4 40 -192 640 1 0 0 0 1 0 0 0 1 3040b.dat
1 4 10 -192 440 -1 0 0 0 1 0 0 0 -1 3039.dat
1 4 60 -192 360 -1 0 0 0 1 0 0 0 -1 30071.dat
1 4 -40 -192 360 -1 0 0 0 1 0 0 0 -1 30071.dat
1 4 40 -216 660 1 0 0 0 1 0 0 0 1 3040b.dat
1 33 40 -216 680 1 0 0 0 1 0 0 0 1 3062b.dat
1 4 40 -192 660 -1 0 0 0 1 0 0 0 -1 3665.dat
1 4 10 -136 440 -1 0 0 0 1 0 0 0 -1 3666.dat
1 4 10 -168 440 -1 0 0 0 1 0 0 0 -1 3666.dat
1 4 10 -200 360 -1 0 0 0 1 0 0 0 -1 3666.dat
1 4 60 -136 350 0 0 -1 0 1 0 1 0 0 3023.dat
1 4 -40 -136 350 0 0 -1 0 1 0 1 0 0 3023.dat
1 4 -40 -168 350 0 0 -1 0 1 0 1 0 0 3023.dat
1 4 60 -168 350 0 0 -1 0 1 0 1 0 0 3023.dat
1 4 20 -80 310 0 0 1 0 1 0 -1 0 0 3702.dat
1 0 10 -80 300 1 0 0 0 1 0 0 0 1 2717.dat
1 4 0 -120 350 0 0 1 0 1 0 -1 0 0 3700.dat
1 4 20 -120 350 0 0 1 0 1 0 -1 0 0 3700.dat
1 4 10 -160 440 -1 0 0 0 1 0 0 0 -1 3700.dat
1 4 10 -160 460 -1 0 0 0 1 0 0 0 -1 3700.dat
1 4 10 -160 620 -1 0 0 0 1 0 0 0 -1 3700.dat
1 4 -20 -160 450 0 0 -1 0 1 0 1 0 0 3004.dat
1 4 60 -120 350 0 0 1 0 1 0 -1 0 0 3700.dat
1 4 -40 -120 350 0 0 1 0 1 0 -1 0 0 3700.dat
1 4 10 -120 440 -1 0 0 0 1 0 0 0 -1 3660.dat
1 7 10 -70 270 -1 0 0 0 1 0 0 0 -1 3673.dat
1 0 -10 -70 250 -1 0 0 0 1 0 0 0 -1 4459.dat
1 0 10 -70 310 -1 0 0 0 1 0 0 0 -1 3706.dat
1 0 10 -110 350 -1 0 0 0 1 0 0 0 -1 3707.dat
1 0 10 -70 370 -1 0 0 0 1 0 0 0 -1 3707.dat
1 7 40 -70 310 0 0 -1 0 1 0 1 0 0 3713.dat
1 7 80 -110 350 0 0 -1 0 1 0 1 0 0 3713.dat
1 7 80 -70 370 0 0 -1 0 1 0 1 0 0 3713.dat
1 7 -60 -70 370 0 0 1 0 1 0 -1 0 0 3713.dat
1 7 -60 -110 350 0 0 1 0 1 0 -1 0 0 3713.dat
1 7 -20 -70 290 -1 0 0 0 1 0 0 0 -1 3651.dat
1 7 -20 -70 270 1 0 0 0 1 0 0 0 1 4273b.dat
1 7 -40 -70 330 -1 0 0 0 -1 0 0 0 1 4273b.dat
1 7 60 -70 330 1 0 0 0 1 0 0 0 1 4273b.dat
1 7 60 -70 350 1 0 0 0 -1 0 0 0 -1 4273b.dat
1 7 -40 -70 350 -1 0 0 0 1 0 0 0 -1 4273b.dat
1 0 -20 -70 280 0 0 1 0 1 0 -1 0 0 3704.dat
1 0 -40 -70 340 0 0 1 0 1 0 -1 0 0 3704.dat
1 0 60 -70 340 0 0 1 0 1 0 -1 0 0 3704.dat
1 7 65 -70 310 0 0 -1 0 1 0 1 0 0 4265a.dat
1 7 -45 -70 310 0 0 1 0 1 0 -1 0 0 4265a.dat
1 7 10 -150 425 -1 0 0 0 1 0 0 0 -1 4265a.dat
1 0 -10 -70 350 -1 0 0 0 1 0 0 0 -1 4459.dat
1 4 -20 -110 340 0 0 -1 -1 0 0 0 1 0 3894.dat
1 4 40 -110 340 0 0 -1 -1 0 0 0 1 0 3894.dat
1 4 60 -160 390 0 0 -1 0 1 0 1 0 0 3894.dat
1 4 40 -160 550 0 0 -1 0 1 0 1 0 0 3895.dat
1 4 -40 -160 390 0 0 -1 0 1 0 1 0 0 3894.dat
1 0 30 -70 350 -1 0 0 0 1 0 0 0 -1 4459.dat
1 0 -30 -150 350 -1 0 0 0 1 0 0 0 -1 4459.dat
1 0 50 -150 350 -1 0 0 0 1 0 0 0 -1 4459.dat
1 0 60 -58.5192 397.716 0 0 -1 -0.382684 -0.92388 0 -0.92388 0.382684 0 3704.dat
1 7 60 -62.346 388.477 -1 0 0 0 -0.92388 0.382684 0 0.382684 0.92388 4273b.dat
1 7 60 -54.6924 406.955 -1 0 0 0 0.92388 -0.382684 0 -0.382684 -0.92388 3651.dat
1 7 70 -47.0387 425.432 1 0 0 0 0.92388 0.382684 0 -0.382684 0.92388 3749.dat
1 7 80 -47.0387 425.432 0 0 -1 0.382684 0.92388 0 0.92388 -0.382684 0 3482.dat
1 256 80 -47.0387 425.432 0 0 -1 0.382684 0.92388 0 0.92388 -0.382684 0 3483.dat
1 0 -20 -58.5192 222.285 0 0 -1 -0.382683 0.92388 0 0.92388 0.382683 0 3704.dat
1 7 -20 -62.346 231.524 -1 0 0 0 0.92388 0.382683 0 0.382683 -0.92388 4273b.dat
1 7 -20 -54.6923 213.046 -1 0 0 0 -0.92388 -0.382683 0 -0.382683 0.92388 3651.dat
1 7 -10 -47.0387 194.569 1 0 0 0 -0.92388 0.382683 0 -0.382683 -0.92388 3749.dat
1 7 0 -47.0387 194.569 0 0 -1 0.382683 -0.92388 0 -0.92388 -0.382683 0 3482.dat
1 256 0 -47.0387 194.569 0 0 -1 0.382683 -0.92388 0 -0.92388 -0.382683 0 3483.dat
1 0 -40 -58.5192 397.716 0 0 1 -0.382684 -0.92388 0 -0.92388 0.382684 0 3704.dat
1 7 -40 -62.346 388.477 1 0 0 0 -0.92388 0.382684 0 0.382684 0.92388 4273b.dat
1 7 -40 -54.6924 406.955 1 0 0 0 0.92388 -0.382684 0 -0.382684 -0.92388 3651.dat
1 7 -50 -47.0387 425.432 -1 0 0 0 0.92388 0.382684 0 -0.382684 0.92388 3749.dat
1 7 -60 -47.0387 425.432 0 0 1 0.382684 0.92388 0 0.92388 -0.382684 0 3482.dat
1 256 -60 -47.0387 425.432 0 0 1 0.382684 0.92388 0 0.92388 -0.382684 0 3483.dat
0 
0
0 FILE propellor.ldr
0 New Model
0 Name: propellor.ldr
0 Author: MLCad
0 Unofficial Model
0 ROTATION CENTER 0 0 0 1 "Custom" 
0 ROTATION CONFIG 0 0
1 7 10 -222 390 1 0 0 0 0 -1 0 1 0 3713.dat
1 7 10 -267 390 1 0 0 0 0 1 0 -1 0 4265a.dat
1 7 10 -287 390 1 0 0 0 0 -1 0 1 0 4265a.dat
1 0 10 -280 390 0 0 1 0 1 0 -1 0 0 2711.dat
1 0 10 -280 500 0 0 1 0 1 0 -1 0 0 3666.dat
1 0 10 -280 280 0 0 1 0 1 0 -1 0 0 3666.dat
1 0 10 -288 430 0 0 1 0 1 0 -1 0 0 3623.dat
1 0 10 -288 350 0 0 1 0 1 0 -1 0 0 3623.dat
1 0 10 -272 500 0 0 1 0 1 0 -1 0 0 4477.dat
1 0 10 -272 280 0 0 1 0 1 0 -1 0 0 4477.dat
1 7 10 -180 390 0 -1 0 0 0 -1 1 0 0 4019.dat
1 0 10 -196 390 0 0 1 -1 0 0 0 -1 0 3737.dat
1 14 10 -280 580 0 0 1 0 1 0 -1 0 0 3069b.dat
1 14 10 -280 200 0 0 1 0 1 0 -1 0 0 3069b.dat
1 0 10 -150 520 0 0 1 0 1 0 -1 0 0 3708.dat
1 0 50 -150 650 -1 0 0 0 1 0 0 0 -1 4519.dat
1 7 55 -150 650 0 0 1 0 1 0 -1 0 0 4265a.dat
1 7 75 -150 650 0 0 1 0 1 0 -1 0 0 4265a.dat
1 0 70 -150 650 0 -1 0 -0.866025 0 0.5 -0.5 0 -0.866025 2711.dat
1 0 70 -150 390 -1 0 0 0 1 0 0 0 -1 3705.dat
1 7 75 -150 390 0 0 1 0 1 0 -1 0 0 4265a.dat
1 7 85 -150 390 0 0 1 1 0 0 0 1 0 4185.dat
1 7 95 -150 390 0 0 1 1 0 0 0 1 0 4185.dat
1 7 100 -150 410 -1 0 0 0 0 1 0 1 0 3673.dat
1 7 10 -150 412 -1 0 0 0 1 0 0 0 -1 3650a.dat
1 7 27 -150 650 0 0 1 0 1 0 -1 0 0 4143.dat
1 7 10 -150 633 -1 0 0 0 1 0 0 0 -1 4143.dat
1 7 40 -150 390 0 0 1 0 1 0 -1 0 0 4019.dat
0 
0 
0
0 FILE Seated_figure.ldr
0 Name: Seated_figure
0 ROTATION CENTER 0 0 0 1 "Custom" 
0 ROTATION CONFIG 0 0
1 1 10 -80.741 62.952 1 0 0 0 0.984808 0.173648 0 -0.173648 0.984808 2699.dat
1 4 10 -80.741 62.952 1 0 0 0 0.984808 0.173648 0 -0.173648 0.984808 2698p01.dat
1 1 10 -80.741 62.952 1 0 0 0 0.984808 0.173648 0 -0.173648 0.984808 2710.dat
1 1 25 -64 60 1 0 0 0 -0.165048 0.986286 0 -0.986286 -0.165048 2703.dat
1 1 -5 -64 60 1 0 0 0 -0.165048 0.986286 0 -0.986286 -0.165048 2709.dat
1 1 0 -70.602 20.551 1 0 0 0 0.300707 0.953717 0 -0.953717 0.300707 2704.dat
1 1 20 -70.602 20.551 1 0 0 0 0.300706 0.953718 0 -0.953718 0.300706 2704.dat
1 0 20 -58.536 -17.601 1 0 0 0 0.25038 0.968148 0 -0.968148 0.25038 2706.dat
1 0 0 -58.566 -17.54 1 0 0 0 0.25038 0.968148 0 -0.968148 0.25038 2706.dat
1 14 10 -133.921 72.33 1 0 0 0 1 0 0 0 1 2707p06.dat
1 15 10 -161.421 72.33 1 0 0 0 0.968148 0.25038 0 -0.25038 0.968148 2715.dat
1 47 10 -161.421 72.33 1 0 0 0 0.968148 0.25038 0 -0.25038 0.968148 2716.dat
1 0 10 -175.921 72.329 1 0 0 0 1 0 0 0 1 2708.dat
1 1 36.2 -126.043 70.94 0 0 -1 -0.737277 0.67559 0 0.67559 0.737277 0 2701.dat
1 1 36.2 -126.043 70.94 0 0 -1 -0.737277 0.67559 0 0.67559 0.737277 0 2705.dat
1 1 36.2 -126.043 70.94 0.939693 0 -0.34202 -0.252164 0.67559 -0.692814 0.231065 0.737277 0.634847 2700.dat
1 1 46.802 -104.567 51.26 0.939693 0 -0.34202 -0.252164 0.67559 -0.692814 0.231065 0.737277 0.634847 2701.dat
1 1 46.802 -104.567 51.26 0.939693 0 -0.34202 -0.252164 0.67559 -0.692814 0.231065 0.737277 0.634847 2705.dat
1 1 46.802 -104.567 51.26 0.996195 0 0.0871557 0.064258 0.67559 -0.734472 -0.0588816 0.737277 0.673019 2700.dat
1 14 43.797 -79.224 28.039 -0.996195 0 0.0871557 -0.064258 -0.67559 -0.734472 0.0588816 -0.737277 0.673019 2702.dat
1 1 -16.2 -126.043 70.94 0 0 1 -0.422618 -0.906308 0 0.906308 -0.422618 0 2701.dat
1 1 -16.2 -126.043 70.94 0 0 1 -0.422618 -0.906308 0 0.906308 -0.422618 0 2705.dat
1 1 -16.2 -126.043 70.94 -0.965926 0 0.258819 -0.109382 -0.906308 -0.408218 0.23457 -0.422618 0.875426 2700.dat
1 1 -24.223 -113.388 43.804 -0.965926 0 0.258819 -0.109382 -0.906308 -0.408218 0.23457 -0.422618 0.875426 2701.dat
1 1 -24.223 -113.388 43.804 -0.965926 0 0.258819 -0.109382 -0.906308 -0.408218 0.23457 -0.422618 0.875426 2705.dat
1 1 -24.223 -113.388 43.804 -0.965926 0 -0.258819 0.109382 -0.906308 -0.408218 -0.23457 -0.422618 0.875426 2700.dat
1 14 -15.295 -99.305 13.598 0.965926 0 -0.258819 -0.109382 0.906308 -0.408218 0.23457 0.422618 0.875426 2702.dat
0 
0 
0 
0 
0 
0
0 FILE Main2.ldr
0 Base
0 Name: Main2.ldr
0 Author: MLCad
0 Unofficial Model
0 ROTATION CENTER 0 0 0 1 "Custom" 
0 ROTATION CONFIG 0 0
1 7 0 0 0 1 0 0 0 1 0 0 0 1 frame.ldr
1 7 0 0 0 1 0 0 0 1 0 0 0 1 flex.ldr
1 7 0 0 0 1 0 0 0 1 0 0 0 1 door.ldr
1 7 0 0 0 1 0 0 0 1 0 0 0 1 Elevator.ldr
1 7 0 0 0 1 0 0 0 1 0 0 0 1 beds.ldr
1 7 0 0 0 1 0 0 0 1 0 0 0 1 bwheel.ldr
1 7 1160 0 -40 -1 0 0 0 1 0 0 0 -1 bwheel.ldr
1 7 0 0 0 1 0 0 0 1 0 0 0 1 fwheel.ldr
1 7 160 0 -40 -1 0 0 0 1 0 0 0 -1 fwheel.ldr
1 7 801 -139.3 -145.3 0 1 0 0 0 1 1 0 0 Action figure.ldr
0
0 FILE frame.ldr
0 FRAME
0 ROTATION CENTER 0 0 0 1 "Custom" 
0 ROTATION CONFIG 0 0
1 14 -20 -8 -200 1 0 0 0 1 0 0 0 1 3031.dat
1 15 120 -32 -170 -1 0 0 0 1 0 0 0 -1 3703.dat
1 14 280 -40 -170 1 0 0 0 1 0 0 0 1 3666.dat
1 15 440 -32 -170 -1 0 0 0 1 0 0 0 -1 3703.dat
1 14 600 -8 -200 1 0 0 0 1 0 0 0 1 3031.dat
1 14 600 -16 -230 1 0 0 0 1 0 0 0 1 3710.dat
1 15 600 -136 -230 1 0 0 0 1 0 0 0 1 2493b.dat
1 15 600 -208 -170 1 0 0 0 1 0 0 0 1 4447.dat
1 15 560 -232 -170 1 0 0 0 1 0 0 0 1 3895.dat
1 15 440 -208 -170 1 0 0 0 1 0 0 0 1 3666.dat
1 15 320 -232 -170 1 0 0 0 1 0 0 0 1 3895.dat
1 15 280 -208 -170 1 0 0 0 1 0 0 0 1 4447.dat
1 15 280 -136 -230 1 0 0 0 1 0 0 0 1 2493b.dat
1 14 280 -16 -220 1 0 0 0 1 0 0 0 1 3020.dat
1 14 280 -8 -200 1 0 0 0 1 0 0 0 1 3031.dat
1 47 280 -136 -230 1 0 0 0 1 0 0 0 1 2494.dat
1 14 180 -208 -170 1 0 0 0 1 0 0 0 1 3666.dat
1 15 80 -232 -170 1 0 0 0 1 0 0 0 1 3895.dat
1 15 -20 -208 -170 1 0 0 0 1 0 0 0 1 4447.dat
1 15 -20 -136 -230 1 0 0 0 1 0 0 0 1 2493b.dat
1 47 -20 -136 -230 1 0 0 0 1 0 0 0 1 2494.dat
1 14 -20 -16 -230 1 0 0 0 1 0 0 0 1 3710.dat
1 15 200 -240 -170 1 0 0 0 1 0 0 0 1 3666.dat
1 15 -30 -240 -170 1 0 0 0 1 0 0 0 1 3623.dat
1 15 440 -240 -170 1 0 0 0 1 0 0 0 1 3666.dat
1 15 650 -240 -170 1 0 0 0 1 0 0 0 1 4085c.dat
1 15 670 -240 -170 1 0 0 0 1 0 0 0 1 4085c.dat
1 47 600 -136 -230 1 0 0 0 1 0 0 0 1 2494.dat
1 14 620 0 -170 1 0 0 0 1 0 0 0 1 3666.dat
1 15 580 8 -170 1 0 0 0 1 0 0 0 1 3700.dat
1 7 660 -8 -170 1 0 0 0 1 0 0 0 1 3023.dat
1 15 760 -32 -170 -1 0 0 0 1 0 0 0 -1 3703.dat
1 14 580 -40 -170 1 0 0 0 1 0 0 0 1 3666.dat
1 7 80 -40 -170 1 0 0 0 1 0 0 0 1 3023.dat
1 14 40 -48 -170 1 0 0 0 1 0 0 0 1 3666.dat
1 15 80 -72 -170 1 0 0 0 1 0 0 0 1 3700.dat
1 7 0 -40 -20 0 0 -1 0 1 0 1 0 0 3027.dat
1 14 40 -48 130 1 0 0 0 1 0 0 0 1 3666.dat
1 7 80 -40 130 1 0 0 0 1 0 0 0 1 3023.dat
1 15 120 -32 130 -1 0 0 0 1 0 0 0 -1 3703.dat
1 14 -20 -8 160 1 0 0 0 1 0 0 0 1 3031.dat
1 14 -20 -16 190 1 0 0 0 1 0 0 0 1 3710.dat
1 15 -20 -136 190 -1 0 0 0 1 0 0 0 -1 2493b.dat
1 15 -20 -208 130 -1 0 0 0 1 0 0 0 -1 4447.dat
1 15 80 -232 130 1 0 0 0 1 0 0 0 1 3895.dat
1 14 180 -208 130 1 0 0 0 1 0 0 0 1 3666.dat
1 15 320 -232 130 1 0 0 0 1 0 0 0 1 3895.dat
1 15 280 -208 130 -1 0 0 0 1 0 0 0 -1 4447.dat
1 15 280 -136 190 -1 0 0 0 1 0 0 0 -1 2493b.dat
1 14 280 -16 180 1 0 0 0 1 0 0 0 1 3020.dat
1 14 280 -8 160 1 0 0 0 1 0 0 0 1 3031.dat
1 15 440 -32 130 -1 0 0 0 1 0 0 0 -1 3703.dat
1 14 280 -40 130 1 0 0 0 1 0 0 0 1 3666.dat
1 14 580 -40 130 1 0 0 0 1 0 0 0 1 3666.dat
1 15 760 -32 130 -1 0 0 0 1 0 0 0 -1 3703.dat
1 7 660 -8 130 1 0 0 0 1 0 0 0 1 3023.dat
1 14 620 0 130 1 0 0 0 1 0 0 0 1 3666.dat
1 15 580 8 130 1 0 0 0 1 0 0 0 1 3700.dat
1 14 600 -8 160 1 0 0 0 1 0 0 0 1 3031.dat
1 14 600 -16 190 1 0 0 0 1 0 0 0 1 3710.dat
1 15 600 -136 190 -1 0 0 0 1 0 0 0 -1 2493b.dat
1 47 600 -136 190 -1 0 0 0 1 0 0 0 -1 2494.dat
1 15 600 -208 130 -1 0 0 0 1 0 0 0 -1 4447.dat
1 15 560 -232 130 1 0 0 0 1 0 0 0 1 3895.dat
1 15 440 -208 130 1 0 0 0 1 0 0 0 1 3666.dat
1 15 650 -240 130 -1 0 0 0 1 0 0 0 -1 4085c.dat
1 15 670 -240 130 -1 0 0 0 1 0 0 0 -1 4085c.dat
1 15 440 -240 130 1 0 0 0 1 0 0 0 1 3666.dat
1 47 280 -136 190 -1 0 0 0 1 0 0 0 -1 2494.dat
1 15 200 -240 130 1 0 0 0 1 0 0 0 1 3666.dat
1 15 -30 -240 130 1 0 0 0 1 0 0 0 1 3623.dat
1 47 -20 -136 190 -1 0 0 0 1 0 0 0 -1 2494.dat
1 15 80 -72 130 1 0 0 0 1 0 0 0 1 3700.dat
1 15 -50 -32 -20 0 0 -1 0 1 0 1 0 0 3703.dat
1 15 -40 -8 80 1 0 0 0 1 0 0 0 1 3035.dat
1 15 -100 -16 80 0 0 -1 0 1 0 1 0 0 3020.dat
1 15 -110 -136 80 0 0 1 0 1 0 -1 0 0 2493b.dat
1 15 -50 -208 80 0 0 1 0 1 0 -1 0 0 4447.dat
1 15 -50 -232 -20 0 0 -1 0 1 0 1 0 0 3703.dat
1 15 -50 -208 -120 0 0 1 0 1 0 -1 0 0 4447.dat
1 15 -110 -136 -120 0 0 1 0 1 0 -1 0 0 2493b.dat
1 47 -110 -136 -120 0 0 1 0 1 0 -1 0 0 2494.dat
1 15 -100 -16 -120 0 0 -1 0 1 0 1 0 0 3020.dat
1 15 -40 -8 -120 1 0 0 0 1 0 0 0 1 3035.dat
1 1 30 -32 -20 0 0 -1 0 1 0 1 0 0 3895.dat
1 47 -110 -136 80 0 0 1 0 1 0 -1 0 0 2494.dat
1 4 670 -165.875 -189.945 0 1 0 1 0 0 0 0 -1 2714.dat
1 0 80 -62 120 0 0 1 0 1 0 -1 0 0 2780.dat
1 14 90 -82 110 0 -1 0 -1 0 0 0 0 -1 3703.dat
1 0 80 -222 120 0 0 1 0 1 0 -1 0 0 2780.dat
1 0 79.5 -162.5 100 0 0 1 0 1 0 -1 0 0 2780.dat
1 1 80 -92 90 1 0 0 0 1 0 0 0 1 3700.dat
1 0 80 -82 100 0 0 1 0 1 0 -1 0 0 2780.dat
1 0 80 -22 120 0 0 1 0 1 0 -1 0 0 2780.dat
1 47 600 -207.99 -172.365 1 0 0 0 1 0 0 0 1 4448.dat
1 47 600 -207.99 132.365 -1 0 0 0 1 0 0 0 -1 4448.dat
1 0 80 -62 -160 0 0 1 0 1 0 -1 0 0 2780.dat
1 14 90 -82 -150 0 -1 0 -1 0 0 0 0 -1 3703.dat
1 0 80 -222 -160 0 0 1 0 1 0 -1 0 0 2780.dat
1 0 80 -22 -160 0 0 1 0 1 0 -1 0 0 2780.dat
1 0 580 -222 120 0 0 1 0 1 0 -1 0 0 2780.dat
1 14 590 -82 110 0 -1 0 -1 0 0 0 0 -1 3703.dat
1 0 580 -22 120 0 0 1 0 1 0 -1 0 0 2780.dat
1 0 580 18 120 0 0 1 0 1 0 -1 0 0 2780.dat
1 0 580 -22 -160 0 0 1 0 1 0 -1 0 0 2780.dat
1 14 590 -82 -150 0 -1 0 -1 0 0 0 0 -1 3703.dat
1 0 580 18 -160 0 0 1 0 1 0 -1 0 0 2780.dat
1 0 580 -222 -160 0 0 1 0 1 0 -1 0 0 2780.dat
1 47 -20 -207.99 -172.365 1 0 0 0 1 0 0 0 1 4448.dat
1 0 400 -22 140 0 0 1 0 1 0 -1 0 0 2780.dat
1 15 410 -122 150 0 -1 0 -1 0 0 0 0 -1 3895.dat
1 0 400 -222 140 0 0 1 0 1 0 -1 0 0 2780.dat
1 0 160 -222 -180 0 0 1 0 1 0 -1 0 0 2780.dat
1 15 150 -122 -190 0 1 0 -1 0 0 0 0 1 3895.dat
1 0 160 -22 -180 0 0 1 0 1 0 -1 0 0 2780.dat
1 0 400 -222 -180 0 0 1 0 1 0 -1 0 0 2780.dat
1 15 410 -122 -190 0 -1 0 -1 0 0 0 0 -1 3895.dat
1 0 400 -22 -180 0 0 1 0 1 0 -1 0 0 2780.dat
1 0 160 -22 140 0 0 1 0 1 0 -1 0 0 2780.dat
1 15 150 -122 150 0 1 0 -1 0 0 0 0 1 3895.dat
1 0 160 -222 140 0 0 1 0 1 0 -1 0 0 2780.dat
1 47 280 -207.99 -172.365 1 0 0 0 1 0 0 0 1 4448.dat
1 47 -20 -207.99 132.365 -1 0 0 0 1 0 0 0 -1 4448.dat
1 47 -52.3649 -207.99 80 0 0 1 0 1 0 -1 0 0 4448.dat
1 47 -52.3649 -207.989 -120 0 0 1 0 1 0 -1 0 0 4448.dat
1 47 280 -207.99 132.365 -1 0 0 0 1 0 0 0 -1 4448.dat
1 14 670 -165.875 149.945 0 1 0 1 0 0 0 0 -1 2714.dat
1 4 650 -165.875 -189.945 0 1 0 1 0 0 0 0 -1 2714.dat
1 14 650 -165.875 149.945 0 1 0 1 0 0 0 0 -1 2714.dat
0 Assembly 2
0 Assembly 2
0 Assembly 2
0 Assembly 5
1 0 80 -362.2 80 1 0 0 0 1 0 0 0 1 337.dat
0 Assembly 5
1 14 80 -267 80 0 0 1 0 1 0 -1 0 0 128.dat
0 Assembly 5
1 14 80 -258 80 0 0 1 0 1 0 -1 0 0 127.dat
0 Assembly 5
1 14 80 -176 80 0 0 1 0 1 0 -1 0 0 4701.dat
1 383 80 -348.2 80 0 0 0.8 0 1 0 -0.8 0 0 108.dat
0 
0
0 FILE door.ldr
0 door
0 Author: LEGO Digital Designer 4.3
0 ROTATION CENTER 0 0 0 1 "Custom" 
0 ROTATION CONFIG 0 0
1 0 950.074 -84.4375 -160 0 0.109735 0.993961 0 0.993961 -0.109735 -1 0 0 2780.dat
1 15 926.216 -104.005 -150 -0.625243 -0.78043 0 0.78043 -0.625243 0 0 0 1 3700.dat
1 15 932.46 -99.0025 -150 0.625243 -0.78043 0 -0.78043 -0.625243 0 0 0 -1 3023.dat
1 15 932.424 -47.7775 -150 -0.625243 -0.78043 0 0.78043 -0.625243 0 0 0 1 3894.dat
1 15 938.703 -94.0006 -150 0.625243 -0.78043 0 -0.78043 -0.625243 0 0 0 -1 3023.dat
1 7 918.857 -109.447 -160 0 0.109735 0.993961 0 0.993961 -0.109735 -1 0 0 3673.dat
1 15 960.372 -98.7792 -170 0.78182 -0.623504 0 0.623504 0.78182 0 0 0 1 3710.dat
1 15 845.929 -179.815 -170 0.78182 -0.623504 0 0.623504 0.78182 0 0 0 1 3703.dat
1 15 741.462 -273.36 -170 0.78182 -0.623504 0 0.623504 0.78182 0 0 0 1 3710.dat
1 15 940.419 -73.7609 -170 0.78182 -0.623504 0 0.623504 0.78182 0 0 0 1 3710.dat
1 15 721.51 -248.342 -170 0.78182 -0.623504 0 0.623504 0.78182 0 0 0 1 3710.dat
1 15 979.397 -73.6567 -20.0002 0 -0.623504 -0.78182 0 0.78182 -0.623504 1 0 0 3703.dat
1 15 846.488 -179.652 130 0.78182 -0.623504 0 0.623504 0.78182 0 0 0 1 3703.dat
1 15 960.931 -98.6163 130 0.78182 -0.623504 0 0.623504 0.78182 0 0 0 1 3710.dat
1 15 940.979 -73.598 130 0.78182 -0.623504 0 0.623504 0.78182 0 0 0 1 3710.dat
1 15 722.069 -248.179 130 0.78182 -0.623504 0 0.623504 0.78182 0 0 0 1 3710.dat
1 15 742.021 -273.197 130 0.78182 -0.623504 0 0.623504 0.78182 0 0 0 1 3710.dat
1 0 950.074 -84.4375 120 0 0.109735 0.993961 0 0.993961 -0.109735 -1 0 0 2780.dat
1 15 926.216 -104.004 110 -0.625243 -0.78043 0 0.78043 -0.625243 0 0 0 1 3700.dat
1 15 932.46 -99.0025 110 0.625243 -0.78043 0 -0.78043 -0.625243 0 0 0 -1 3023.dat
1 15 932.424 -47.7774 110 -0.625243 -0.78043 0 0.78043 -0.625243 0 0 0 1 3894.dat
1 15 938.703 -94.0005 110 0.625242 -0.780431 0 -0.780431 -0.625242 0 0 0 -1 3023.dat
1 7 918.857 -109.447 120 0 0.109735 0.993961 0 0.993961 -0.109735 -1 0 0 3673.dat
1 0 900 -22 120 0 0 1 0 1 0 -1 0 0 2780.dat
1 15 713.019 -285.811 -20 0 -0.623504 -0.78182 0 0.78182 -0.623504 1 0 0 3703.dat
1 0 730.851 -259.279 120 0 0.601682 0.798736 0 0.798736 -0.601682 -1 0 0 2780.dat
1 4 673.002 -240.224 110 0.885596 0.464457 0 -0.464457 0.885596 0 0 0 1 3702.dat
1 0 659.703 -222.022 120 0 0 1 0 1 0 -1 0 0 2780.dat
1 0 730.851 -259.279 -160 0 0.601682 0.798736 0 0.798736 -0.601682 -1 0 0 2780.dat
1 4 673.002 -240.224 -150 0.885596 0.464457 0 -0.464457 0.885596 0 0 0 1 3702.dat
1 0 660 -222 -160 0 0 1 0 1 0 -1 0 0 2780.dat
1 0 900 -22.0001 -160 0 0 1 0 1 0 -1 0 0 2780.dat
0
0 FILE Elevator.ldr
0 New Model
0 Name: Elevator.ldr
0 Author: MLCad
0 Unofficial Model
0 ROTATION CENTER 0 0 0 1 "Custom" 
0 ROTATION CONFIG 0 0
1 7 0 0 0 1 0 0 0 1 0 0 0 1 A.ldr
0 MLCAD HIDE 1 7 0 0 0 1 0 0 0 1 0 0 0 1 B.ldr
1 7 0 0 0 1 0 0 0 1 0 0 0 1 C.ldr
0
0 FILE A.ldr
0 A
0 ROTATION CENTER 0 0 0 1 "Custom" 
0 ROTATION CONFIG 0 0
1 7 406.795 -302 -120 0 0 1 0 1 0 -1 0 0 3673.dat
1 1 581.776 -185.488 60 0 -0.497296 -0.867581 0 0.867581 -0.497296 1 0 0 3710.dat
1 1 593.727 -206.301 -20 0 -0.497972 -0.867193 0 0.867193 -0.497972 1 0 0 3702.dat
1 1 581.685 -185.352 -100 0 -0.497972 -0.867193 0 0.867193 -0.497972 1 0 0 3710.dat
1 1 588.948 -218.082 60 0 -0.497972 -0.867193 0 0.867193 -0.497972 1 0 0 3020.dat
1 1 498.277 -261.012 90 0.867581 -0.497296 0 0.497296 0.867581 0 0 0 1 3895.dat
1 1 588.948 -218.082 -20 0 -0.497972 -0.867193 0 0.867193 -0.497972 1 0 0 3020.dat
1 1 588.948 -218.082 -100 0 -0.497972 -0.867193 0 0.867193 -0.497972 1 0 0 3020.dat
1 1 498.245 -260.941 -130 0.867193 -0.497972 0 0.497972 0.867193 0 0 0 1 3895.dat
1 7 580.062 -202.607 100 0 0 1 0 1 0 -1 0 0 3673.dat
1 7 406.546 -302.066 80 0 0 1 0 1 0 -1 0 0 3673.dat
1 7 579.984 -202.472 -140 0 0 1 0 1 0 -1 0 0 3673.dat
1 0 510.656 -242.391 70 0 0.707107 0.707107 0 0.707107 -0.707107 -1 0 0 3705.dat
1 7 620.25 -54.067 80 0 0 1 0 1 0 -1 0 0 3673.dat
1 7 620.25 -54.0671 40 0 0 1 0 1 0 -1 0 0 3673.dat
1 0 510.609 -242.31 -110 0 -0.497972 0.867193 0 0.867194 0.497972 -1 0 0 3705.dat
1 7 620.25 -54.0671 -120.001 0 0 1 0 1 0 -1 0 0 3673.dat
1 7 620.25 -54.0671 -80.0004 0 0 1 0 1 0 -1 0 0 3673.dat
1 7 511.258 -242.471 105 0.707107 0.707107 0 -0.707107 0.707107 0 0 0 1 4265a.dat
1 7 511.258 -242.471 75 0.707107 0.707107 0 -0.707107 0.707107 0 0 0 1 4265a.dat
1 7 511.258 -242.471 45 0.707107 -0.707107 0 -0.707106 -0.707107 0 0 0 -1 4265a.dat
1 7 510.609 -242.31 -85 0.867193 -0.497971 0 0.497971 0.867193 0 0 0 1 4265a.dat
1 7 510.609 -242.31 -115 -0.867193 -0.497971 0 -0.497971 0.867193 0 0 0 -1 4265a.dat
1 7 510.609 -242.31 -145 -0.867193 -0.497971 0 -0.497971 0.867193 0 0 0 -1 4265a.dat
0 Assembly 3
1 0 511.354 -242.68 -100.001 0 0.5 -0.866025 0 0.866025 0.5 1 0 0 336.dat
0 Assembly 3
1 14 547.75 -179.641 -100.001 0 0.5 -0.866025 0 0.866025 0.5 1 0 0 128.dat
0 Assembly 3
1 14 552.25 -171.847 -100.001 0 0.5 -0.866025 0 0.866025 0.5 1 0 0 335.dat
0 Assembly 3
1 14 613.25 -66.1915 -100.001 0 0.5 -0.866025 0 0.866025 0.5 1 0 0 4701.dat
0 Assembly 7
1 14 613.25 -66.1915 60 0 0.5 -0.866025 0 0.866025 0.5 1 0 0 4701.dat
0 Assembly 7
1 0 511.354 -242.68 60 0 0.5 -0.866025 0 0.866025 0.5 1 0 0 336.dat
0 Assembly 7
1 14 547.75 -179.641 60 0 0.5 -0.866025 0 0.866025 0.5 1 0 0 128.dat
0 Assembly 7
1 14 552.25 -171.847 60 0 0.5 -0.866025 0 0.866025 0.5 1 0 0 335.dat
0
0 FILE B.ldr
0 B
0 ROTATION CENTER 0 0 0 1 "Custom" 
0 ROTATION CONFIG 0 0
1 7 580 -82 -140 0 0 1 0 1 0 -1 0 0 3673.dat
1 1 498.397 -140.66 -130 0.866025 -0.5 0 0.5 0.866025 0 0 0 1 3895.dat
1 7 406.545 -182.067 -120 0 0 1 0 1 0 -1 0 0 3673.dat
1 7 580 -82 100 0 0 1 0 1 0 -1 0 0 3673.dat
1 1 498.397 -140.66 90 0.866025 -0.5 0 0.5 0.866025 0 0 0 1 3895.dat
1 7 406.545 -182.067 80 0 -0.5 0.866026 0 0.866026 0.5 -1 0 0 3673.dat
0
0 FILE C.ldr
0 C
0 ROTATION CENTER 0 0 0 1 "Custom" 
0 ROTATION CONFIG 0 0
1 0 406.795 -203 -100 0 0 1 0 -1 0 1 0 0 2780.dat
1 15 536.795 -252 -20 0 0 -1 0 1 0 1 0 0 3010.dat
1 7 536.795 -228 -20 0 0 -1 0 1 0 1 0 0 3710.dat
1 7 506.795 -220 -20 1 0 0 0 1 0 0 0 1 3031.dat
1 7 536.795 -212 -20 0 0 1 0 1 0 -1 0 0 3701.dat
1 4 426.795 -212 -20 1 0 0 0 1 0 0 0 1 3832.dat
1 14 266.795 -220 -20 1 0 0 0 1 0 0 0 1 3029.dat
1 14 266.795 -212 -20 0 0 1 0 1 0 -1 0 0 3029.dat
1 14 266.795 -220 60 1 0 0 0 1 0 0 0 1 3029.dat
1 14 216.795 -244 60 0 0 1 0 1 0 -1 0 0 3298.dat
1 14 156.795 -228 40 0 0 -1 0 1 0 1 0 0 3666.dat
1 14 406.795 -228 50 -1 0 0 0 1 0 0 0 -1 3666.dat
1 14 426.795 -220 20 1 0 0 0 1 0 0 0 1 3031.dat
1 4 386.795 -212 50 1 0 0 0 1 0 0 0 1 3702.dat
1 4 406.795 -252 50 1 0 0 0 1 0 0 0 1 3700.dat
1 14 266.795 -220 -100 1 0 0 0 1 0 0 0 1 3029.dat
1 14 216.795 -244 -100 0 0 1 0 1 0 -1 0 0 3298.dat
1 14 156.795 -228 -80 0 0 -1 0 1 0 1 0 0 3666.dat
1 14 406.795 -228 -90 -1 0 0 0 1 0 0 0 -1 3666.dat
1 4 406.795 -252 -90 1 0 0 0 1 0 0 0 1 3700.dat
1 14 426.795 -220 -60 1 0 0 0 1 0 0 0 1 3031.dat
1 4 386.795 -212 -90 1 0 0 0 1 0 0 0 1 3702.dat
1 1 156.795 -212 -20 0 0 1 0 1 0 -1 0 0 3894.dat
1 0 406.795 -202 60 0 0 1 0 -1 0 1 0 0 2780.dat
1 1 396.795 -243 70 0 1 0 -1 0 0 0 0 1 3702.dat
1 0 407.295 -242.5 60 0 0 1 0 -1 0 1 0 0 2780.dat
1 0 406.795 -242 -100 0 0 1 0 -1 0 1 0 0 2780.dat
1 1 396.795 -243 -110 0 1 0 -1 0 0 0 0 1 3702.dat
0
0 FILE beds.ldr
0 BEDS
0 ROTATION CENTER 0 0 0 1 "Custom" 
0 ROTATION CONFIG 0 0
1 1 690 -88 -20 0 0 -1 0 1 0 1 0 0 3010.dat
1 15 690 -64 0 1 0 0 0 1 0 0 0 1 3002.dat
1 7 700 -40 -20 0 0 1 0 1 0 -1 0 0 3027.dat
1 1 720 -64 -120 1 0 0 0 1 0 0 0 1 3003.dat
1 14 730 -88 -120 0 0 1 0 1 0 -1 0 0 3747a.dat
1 15 800 -96 -100 1 0 0 0 1 0 0 0 1 3035.dat
1 1 780 -88 -90 -1 0 0 0 1 0 0 0 -1 3702.dat
1 7 850 -64 -90 1 0 0 0 1 0 0 0 1 3005.dat
1 7 820 -40 -20 0 0 1 0 1 0 -1 0 0 3027.dat
1 15 870 -48 120 0 0 -1 0 1 0 1 0 0 3023.dat
1 15 870 -48 -160 0 0 -1 0 1 0 1 0 0 3023.dat
1 7 850 -64 50 1 0 0 0 1 0 0 0 1 3005.dat
1 1 780 -88 50 -1 0 0 0 1 0 0 0 -1 3702.dat
1 15 800 -96 60 1 0 0 0 1 0 0 0 1 3035.dat
1 14 730 -88 80 0 0 1 0 1 0 -1 0 0 3747a.dat
1 15 700 -96 60 0 0 -1 0 1 0 1 0 0 3020.dat
1 15 700 -88 30 1 0 0 0 1 0 0 0 1 3701.dat
1 1 720 -64 80 1 0 0 0 1 0 0 0 1 3003.dat
1 14 870 -88 40 0 0 -1 0 1 0 1 0 0 3747a.dat
1 15 900 -96 60 0 0 -1 0 1 0 1 0 0 3020.dat
1 14 870 -88 80 0 0 -1 0 1 0 1 0 0 3747a.dat
1 7 870 -64 -20 0 0 -1 0 1 0 1 0 0 3895.dat
1 14 870 -88 -80 0 0 -1 0 1 0 1 0 0 3747a.dat
1 15 900 -96 -100 0 0 -1 0 1 0 1 0 0 3020.dat
1 14 870 -88 -120 0 0 -1 0 1 0 1 0 0 3747a.dat
1 7 780 -32 60 1 0 0 0 1 0 0 0 1 3034.dat
1 7 780 -32 -100 1 0 0 0 1 0 0 0 1 3034.dat
1 15 700 -96 -100 0 0 -1 0 1 0 1 0 0 3020.dat
1 15 700 -88 -70.0003 1 0 0 0 1 0 0 0 1 3701.dat
1 1 730 -64 -20 0 0 -1 0 1 0 1 0 0 3702.dat
1 15 690 -64 -40 1 0 0 0 1 0 0 0 1 3002.dat
1 1 710 -112 -20 0 0 -1 0 1 0 1 0 0 3701.dat
1 1 700 -120 -20 0 0 -1 0 1 0 1 0 0 3020.dat
1 1 710 -144 -50 0 0 -1 0 1 0 1 0 0 4070.dat
1 1 724 -134 -40 0 -1 0 0 0 -1 1 0 0 3023.dat
1 1 710 -144 -30 0 0 -1 0 1 0 1 0 0 4070.dat
1 1 700 -152 -20 0 0 -1 0 1 0 1 0 0 3020.dat
1 1 710 -144 -10 0 0 -1 0 1 0 1 0 0 4070.dat
1 1 724 -134 0 0 -1 0 0 0 -1 1 0 0 3023.dat
1 1 710 -144 10 0 0 -1 0 1 0 1 0 0 4070.dat
1 1 690 -144 -20 0 0 -1 0 1 0 1 0 0 3010.dat
1 1 690 -112 -20 0 0 -1 0 1 0 1 0 0 3701.dat
1 14 690 -48 80 0 0 -1 0 1 0 1 0 0 3666.dat
1 14 690 -48 -120 0 0 -1 0 1 0 1 0 0 3666.dat
1 7 680 -32 20 1 0 0 0 1 0 0 0 1 3034.dat
1 7 620 -40 30 1 0 0 0 1 0 0 0 1 3023.dat
1 7 640 -64 30 1 0 0 0 1 0 0 0 1 3701.dat
1 7 680 -32 -60 1 0 0 0 1 0 0 0 1 3034.dat
1 7 620 -40 -70 1 0 0 0 1 0 0 0 1 3023.dat
1 7 640 -64 -70.0003 1 0 0 0 1 0 0 0 1 3701.dat
1 7 680 -32 100 1 0 0 0 1 0 0 0 1 3034.dat
1 7 620 -40 90 1 0 0 0 1 0 0 0 1 3023.dat
1 7 640 -64 90 1 0 0 0 1 0 0 0 1 3701.dat
1 7 680 -32 -140 1 0 0 0 1 0 0 0 1 3034.dat
1 7 620 -40 -130 1 0 0 0 1 0 0 0 1 3023.dat
1 7 640 -64 -130 1 0 0 0 1 0 0 0 1 3701.dat
1 15 732 -124 -40 0 -1 0 1 0 0 0 0 1 4150p00.dat
1 15 732 -124 0 0 -1 0 1 0 0 0 0 1 4150p00.dat
1 1 710 -88 -40 0 0 -1 0 1 0 1 0 0 3039p34.dat
1 1 710 -88 0 0 0 -1 0 1 0 1 0 0 3039p23.dat
1 14 775 -58 -172 -1 0 0 0 0 1 0 1 0 2713.dat
1 14 775 -58 -148.1 -1 0 0 0 0 -1 0 -1 0 2713.dat
0
0 FILE bwheel.ldr
0 bwheel
0 ROTATION CENTER 0 0 0 1 "Custom" 
0 ROTATION CONFIG 0 0
1 0 580 57.4999 -129 -1 0 0 0 1 0 0 0 -1 2346.dat
1 7 580 57.9999 -130 1 0 0 0 1 0 0 0 1 3482.dat
1 7 580 57.9999 -140 0 0 -1 0 1 0 1 0 0 3749.dat
0
0 FILE fwheel.ldr
0 FWHEEL
0 ROTATION CENTER 0 0 0 1 "Custom" 
0 ROTATION CONFIG 0 0
1 0 80 58 -130 0 0 1 0 1 0 -1 0 0 3705.dat
1 7 80 58 -128 1 0 0 0 1 0 0 0 1 3482.dat
1 7 80 58 -108 -1 0 0 0 1 0 0 0 -1 3713.dat
1 0 80 58 -128 -1 0 0 0 1 0 0 0 -1 2346.dat
1 7 80 58 -165 -1 0 0 0 1 0 0 0 -1 4265a.dat
0 
0 
0
0 FILE flex.ldr
0 New Model
0 Name: flex.ldr
0 Author: MLCad
0 Unofficial Model
0 ROTATION CENTER 0 0 0 1 "Custom" 
0 ROTATION CONFIG 0 0
1 7 20 -64 100 1 0 0 0 1 0 0 0 1 4692c01.dat
0 MLCAD BTG flex4
0 MLCAD FLEXHOSE 0 1 1 0 1 0 0 0 1 0 0 0 1  85 -124 70  0 0 100 390 -188 -20 200 0 0 400 ls51.dat ls51.dat 0
0 MLCAD SKIP_BEGIN
1 0 86 -123 70 0.999996 -0.00288372 -5.0599e-006 0 0.00175464 -0.999998 0.00288373 0.999994 0.00175463 LS51.dat
1 0 86.0024 -123.001 69.181 0.999962 -0.00871826 -4.6141e-005 0 0.00529238 -0.999986 0.00871838 0.999948 0.00529218 LS51.dat
1 0 86.0095 -123.006 68.3624 0.999893 -0.0146536 -0.000130019 0 0.00887244 -0.999961 0.0146542 0.999853 0.00887149 LS51.dat
1 0 86.0215 -123.013 67.5444 0.999786 -0.0206911 -0.000258554 0 0.0124949 -0.999922 0.0206927 0.999708 0.0124923 LS51.dat
1 0 86.0384 -123.023 66.7269 0.99964 -0.0268318 -0.000433655 0 0.0161599 -0.999869 0.0268353 0.999509 0.0161541 LS51.dat
1 0 86.0603 -123.036 65.9102 0.999453 -0.0330769 -0.000657278 0 0.0198673 -0.999803 0.0330834 0.999255 0.0198564 LS51.dat
1 0 86.0873 -123.053 65.0941 0.999222 -0.0394274 -0.000931423 0 0.0236172 -0.999721 0.0394384 0.998943 0.0235988 LS51.dat
1 0 86.1195 -123.072 64.2789 0.998946 -0.0458844 -0.00125814 0 0.0274094 -0.999624 0.0459017 0.998571 0.0273805 LS51.dat
1 0 86.1569 -123.094 63.4645 0.998622 -0.0524489 -0.0016395 0 0.0312438 -0.999512 0.0524745 0.998135 0.0312007 LS51.dat
1 0 86.1997 -123.12 62.6511 0.998249 -0.0591216 -0.00207765 0 0.0351202 -0.999383 0.0591581 0.997633 0.0350587 LS51.dat
1 0 86.2478 -123.148 61.8387 0.997823 -0.0659035 -0.00257474 0 0.0390385 -0.999238 0.0659538 0.997062 0.0389535 LS51.dat
1 0 86.3015 -123.18 61.0273 0.997342 -0.0727953 -0.00313296 0 0.0429982 -0.999075 0.0728627 0.99642 0.0428839 LS51.dat
1 0 86.3607 -123.215 60.2171 0.996804 -0.0797976 -0.00375456 0 0.046999 -0.998895 0.0798859 0.995702 0.0468488 LS51.dat
1 0 86.4255 -123.253 59.4081 0.996206 -0.086911 -0.00444177 0 0.0510405 -0.998697 0.0870244 0.994908 0.0508469 LS51.dat
1 0 86.496 -123.295 58.6004 0.995546 -0.0941359 -0.00519688 0 0.0551222 -0.99848 0.0942792 0.994032 0.0548767 LS51.dat
1 0 86.5724 -123.339 57.794 0.99482 -0.101473 -0.00602217 0 0.0592435 -0.998244 0.101651 0.993073 0.0589367 LS51.dat
1 0 86.6547 -123.387 56.9891 0.994026 -0.108921 -0.00691996 0 0.0634038 -0.997988 0.109141 0.992026 0.063025 LS51.dat
1 0 86.7429 -123.439 56.1857 0.993161 -0.116482 -0.00789254 0 0.0676023 -0.997712 0.11675 0.990889 0.06714 LS51.dat
1 0 86.8371 -123.494 55.3839 0.992222 -0.124156 -0.00894222 0 0.0718382 -0.997416 0.124477 0.989659 0.0712795 LS51.dat
1 0 86.9375 -123.552 54.5838 0.991206 -0.131941 -0.0100713 0 0.0761106 -0.997099 0.132325 0.988331 0.0754414 LS51.dat
1 0 87.0441 -123.613 53.7854 0.99011 -0.139837 -0.0112821 0 0.0804186 -0.996761 0.140292 0.986903 0.0796233 LS51.dat
1 0 87.1569 -123.678 52.9889 0.988931 -0.147845 -0.0125768 0 0.0847611 -0.996401 0.148379 0.985372 0.0838228 LS51.dat
1 0 87.2762 -123.746 52.1942 0.987664 -0.155964 -0.0139577 0 0.0891368 -0.996019 0.156587 0.983733 0.0880372 LS51.dat
1 0 87.4018 -123.818 51.4016 0.986308 -0.164192 -0.0154269 0 0.0935445 -0.995615 0.164915 0.981983 0.0922637 LS51.dat
1 0 87.534 -123.893 50.611 0.984858 -0.172529 -0.0169866 0 0.0979829 -0.995188 0.173363 0.980119 0.0964992 LS51.dat
1 0 87.6728 -123.972 49.8226 0.983311 -0.180973 -0.0186388 0 0.10245 -0.994738 0.18193 0.978137 0.100741 LS51.dat
1 0 87.8183 -124.055 49.0364 0.981665 -0.189523 -0.0203856 0 0.106945 -0.994265 0.190617 0.976035 0.104985 LS51.dat
1 0 87.9705 -124.141 48.2526 0.979914 -0.198178 -0.0222288 0 0.111467 -0.993768 0.199421 0.973807 0.109228 LS51.dat
1 0 88.1295 -124.23 47.4711 0.978056 -0.206936 -0.0241702 0 0.116012 -0.993248 0.208343 0.971452 0.113466 LS51.dat
1 0 88.2954 -124.323 46.6921 0.976087 -0.215794 -0.0262115 0 0.120579 -0.992704 0.21738 0.968965 0.117696 LS51.dat
1 0 88.4683 -124.42 45.9158 0.974004 -0.224751 -0.0283543 0 0.125166 -0.992136 0.226533 0.966344 0.121913 LS51.dat
1 0 88.6483 -124.52 45.142 0.971802 -0.233804 -0.0306 0 0.129772 -0.991544 0.235798 0.963584 0.126113 LS51.dat
1 0 88.8354 -124.624 44.3711 0.969479 -0.242951 -0.0329499 0 0.134393 -0.990928 0.245175 0.960684 0.130291 LS51.dat
1 0 89.0296 -124.731 43.6029 0.96703 -0.252188 -0.035405 0 0.139028 -0.990288 0.254661 0.957639 0.134444 LS51.dat
1 0 89.2311 -124.842 42.8377 0.964453 -0.261512 -0.0379663 0 0.143674 -0.989625 0.264253 0.954447 0.138567 LS51.dat
1 0 89.44 -124.957 42.0755 0.961744 -0.27092 -0.0406345 0 0.148328 -0.988938 0.27395 0.951105 0.142654 LS51.dat
1 0 89.6562 -125.075 41.3164 0.958899 -0.280408 -0.0434101 0 0.152988 -0.988228 0.283748 0.947611 0.1467 LS51.dat
1 0 89.8799 -125.197 40.5604 0.955915 -0.289973 -0.0462935 0 0.157651 -0.987495 0.293645 0.943961 0.150701 LS51.dat
1 0 90.1111 -125.323 39.8077 0.952788 -0.299609 -0.0492845 0 0.162315 -0.986739 0.303636 0.940153 0.154651 LS51.dat
1 0 90.3499 -125.452 39.0584 0.949516 -0.309314 -0.0523831 0 0.166975 -0.985961 0.313718 0.936186 0.158545 LS51.dat
1 0 90.5964 -125.585 38.3125 0.946095 -0.319082 -0.0555887 0 0.171629 -0.985162 0.323888 0.932057 0.162378 LS51.dat
1 0 90.8505 -125.722 37.5702 0.942523 -0.328909 -0.0589007 0 0.176275 -0.984341 0.334141 0.927764 0.166143 LS51.dat
1 0 91.1124 -125.863 36.8314 0.938796 -0.338789 -0.0623179 0 0.180908 -0.9835 0.344473 0.923306 0.169836 LS51.dat
1 0 91.3821 -126.007 36.0964 0.934912 -0.348717 -0.065839 0 0.185526 -0.982639 0.354878 0.918682 0.17345 LS51.dat
1 0 91.6597 -126.154 35.3651 0.930869 -0.358689 -0.0694624 0 0.190124 -0.98176 0.365353 0.91389 0.176981 LS51.dat
1 0 91.9452 -126.306 34.6377 0.926664 -0.368697 -0.0731862 0 0.194701 -0.980863 0.37589 0.90893 0.180422 LS51.dat
1 0 92.2386 -126.461 33.9143 0.922295 -0.378736 -0.0770079 0 0.199251 -0.979948 0.386486 0.903802 0.183769 LS51.dat
1 0 92.5401 -126.619 33.1949 0.917761 -0.388801 -0.0809251 0 0.203773 -0.979018 0.397134 0.898504 0.187015 LS51.dat
1 0 92.8496 -126.781 32.4796 0.913059 -0.398885 -0.0849348 0 0.208262 -0.978073 0.407827 0.893039 0.190155 LS51.dat
1 0 93.1672 -126.947 31.7685 0.908189 -0.408982 -0.0890337 0 0.212714 -0.977115 0.418561 0.887405 0.193184 LS51.dat
1 0 93.493 -127.117 31.0617 0.903149 -0.419085 -0.0932182 0 0.217126 -0.976144 0.429327 0.881603 0.196097 LS51.dat
1 0 93.8269 -127.29 30.3592 0.897939 -0.429188 -0.0974845 0 0.221495 -0.975161 0.44012 0.875636 0.198889 LS51.dat
1 0 94.169 -127.466 29.6612 0.892558 -0.439284 -0.101828 0 0.225818 -0.97417 0.450932 0.869503 0.201555 LS51.dat
1 0 94.5194 -127.646 28.9677 0.887007 -0.449367 -0.106245 0 0.230089 -0.97317 0.461756 0.863208 0.204091 LS51.dat
1 0 94.8781 -127.83 28.2788 0.881285 -0.45943 -0.11073 0 0.234307 -0.972163 0.472585 0.856752 0.206491 LS51.dat
1 0 95.245 -128.017 27.5945 0.875393 -0.469465 -0.115278 0 0.238468 -0.97115 0.483412 0.850139 0.208753 LS51.dat
1 0 95.6202 -128.208 26.915 0.869332 -0.479467 -0.119884 0 0.242567 -0.970135 0.494228 0.843369 0.210872 LS51.dat
1 0 96.0038 -128.402 26.2403 0.863104 -0.489429 -0.124541 0 0.246603 -0.969117 0.505026 0.836448 0.212844 LS51.dat
1 0 96.3957 -128.599 25.5705 0.85671 -0.499344 -0.129245 0 0.250572 -0.968098 0.515799 0.829379 0.214668 LS51.dat
1 0 96.796 -128.8 24.9056 0.850151 -0.509205 -0.133989 0 0.254471 -0.96708 0.526538 0.822165 0.216339 LS51.dat
1 0 97.2047 -129.004 24.2457 0.843432 -0.519006 -0.138766 0 0.258296 -0.966066 0.537237 0.81481 0.217855 LS51.dat
1 0 97.6218 -129.212 23.591 0.836553 -0.52874 -0.143571 0 0.262046 -0.965055 0.547886 0.80732 0.219215 LS51.dat
1 0 98.0472 -129.423 22.9414 0.829519 -0.538402 -0.148397 0 0.265717 -0.964051 0.558478 0.799699 0.220417 LS51.dat
1 0 98.4811 -129.637 22.297 0.822333 -0.547984 -0.153237 0 0.269306 -0.963055 0.569006 0.791952 0.221459 LS51.dat
1 0 98.9233 -129.854 21.6578 0.814999 -0.557482 -0.158084 0 0.272811 -0.962068 0.579462 0.784084 0.222341 LS51.dat
1 0 99.374 -130.075 21.024 0.807521 -0.566888 -0.162932 0 0.276231 -0.961091 0.589838 0.776102 0.223062 LS51.dat
1 0 99.833 -130.298 20.3956 0.799904 -0.576199 -0.167773 0 0.279562 -0.960128 0.600127 0.76801 0.223623 LS51.dat
1 0 100.3 -130.525 19.7726 0.792153 -0.585408 -0.172601 0 0.282803 -0.959178 0.610322 0.759816 0.224024 LS51.dat
1 0 100.776 -130.755 19.1551 0.784273 -0.59451 -0.17741 0 0.285953 -0.958244 0.620416 0.751525 0.224265 LS51.dat
1 0 101.26 -130.988 18.5432 0.776269 -0.6035 -0.182191 0 0.289008 -0.957327 0.630402 0.743143 0.224348 LS51.dat
1 0 101.753 -131.224 17.9368 0.768147 -0.612375 -0.18694 0 0.291969 -0.956428 0.640273 0.734677 0.224275 LS51.dat
1 0 102.253 -131.462 17.3361 0.759914 -0.621129 -0.191649 0 0.294833 -0.955549 0.650024 0.726135 0.224048 LS51.dat
1 0 102.762 -131.704 16.741 0.751575 -0.629759 -0.196311 0 0.2976 -0.954691 0.659648 0.717522 0.223669 LS51.dat
1 0 103.28 -131.948 16.1517 0.743137 -0.638261 -0.200922 0 0.300269 -0.953855 0.669139 0.708845 0.223141 LS51.dat
1 0 103.805 -132.196 15.5681 0.734607 -0.646632 -0.205474 0 0.302838 -0.953042 0.678493 0.700111 0.222467 LS51.dat
1 0 104.339 -132.446 14.9904 0.725992 -0.654868 -0.209962 0 0.305309 -0.952253 0.687703 0.691328 0.221652 LS51.dat
1 0 104.881 -132.698 14.4184 0.717298 -0.662967 -0.214381 0 0.307679 -0.95149 0.696767 0.682502 0.220698 LS51.dat
1 0 105.43 -132.953 13.8523 0.708532 -0.670926 -0.218725 0 0.309949 -0.950753 0.705678 0.673639 0.219609 LS51.dat
1 0 105.988 -133.211 13.2921 0.699703 -0.678743 -0.222989 0 0.31212 -0.950043 0.714434 0.664748 0.218391 LS51.dat
1 0 106.554 -133.471 12.7378 0.690816 -0.686416 -0.227169 0 0.31419 -0.94936 0.723031 0.655833 0.217048 LS51.dat
1 0 107.128 -133.734 12.1894 0.68188 -0.693944 -0.23126 0 0.316161 -0.948706 0.731464 0.646903 0.215584 LS51.dat
1 0 107.71 -133.999 11.647 0.672901 -0.701326 -0.235259 0 0.318033 -0.94808 0.739733 0.637963 0.214004 LS51.dat
1 0 108.3 -134.267 11.1106 0.663886 -0.70856 -0.239162 0 0.319806 -0.947483 0.747834 0.629021 0.212315 LS51.dat
1 0 108.897 -134.536 10.5801 0.654843 -0.715645 -0.242964 0 0.321481 -0.946916 0.755765 0.620082 0.21052 LS51.dat
1 0 109.503 -134.808 10.0557 0.64578 -0.722582 -0.246664 0 0.32306 -0.946379 0.763524 0.611152 0.208625 LS51.dat
1 0 110.116 -135.082 9.53726 0.636702 -0.729371 -0.250258 0 0.324542 -0.945871 0.77111 0.602238 0.206637 LS51.dat
1 0 110.736 -135.358 9.02487 0.627617 -0.73601 -0.253744 0 0.32593 -0.945394 0.778522 0.593345 0.204559 LS51.dat
1 0 111.364 -135.636 8.5185 0.618532 -0.742501 -0.25712 0 0.327225 -0.944947 0.78576 0.584479 0.202399 LS51.dat
1 0 112 -135.917 8.01818 0.609453 -0.748844 -0.260384 0 0.328427 -0.944529 0.792822 0.575646 0.200161 LS51.dat
1 0 112.643 -136.199 7.52389 0.600386 -0.75504 -0.263535 0 0.329539 -0.944142 0.79971 0.56685 0.19785 LS51.dat
1 0 113.293 -136.482 7.03563 0.591339 -0.76109 -0.266572 0 0.330561 -0.943785 0.806423 0.558096 0.195474 LS51.dat
1 0 113.951 -136.768 6.55342 0.582316 -0.766995 -0.269494 0 0.331496 -0.943457 0.812962 0.54939 0.193035 LS51.dat
1 0 114.616 -137.055 6.07723 0.573325 -0.772756 -0.272299 0 0.332344 -0.943158 0.819328 0.540736 0.190541 LS51.dat
1 0 115.288 -137.344 5.60706 0.56437 -0.778375 -0.274989 0 0.333109 -0.942888 0.825522 0.532137 0.187997 LS51.dat
1 0 115.966 -137.635 5.14291 0.555456 -0.783854 -0.277562 0 0.333791 -0.942647 0.831546 0.523599 0.185406 LS51.dat
1 0 116.652 -137.927 4.68475 0.54659 -0.789194 -0.28002 0 0.334392 -0.942434 0.8374 0.515125 0.182776 LS51.dat
1 0 117.345 -138.22 4.23258 0.537776 -0.794398 -0.282363 0 0.334915 -0.942248 0.843088 0.506719 0.180109 LS51.dat
1 0 118.045 -138.515 3.78639 0.529019 -0.799467 -0.28459 0 0.335361 -0.94209 0.84861 0.498384 0.177412 LS51.dat
1 0 118.751 -138.812 3.34614 0.520323 -0.804403 -0.286704 0 0.335731 -0.941958 0.853969 0.490122 0.174689 LS51.dat
1 0 119.464 -139.109 2.91182 0.511693 -0.809209 -0.288706 0 0.336029 -0.941852 0.859169 0.481939 0.171944 LS51.dat
1 0 120.183 -139.408 2.48342 0.503131 -0.813888 -0.290595 0 0.336256 -0.941771 0.86421 0.473835 0.169181 LS51.dat
1 0 120.909 -139.708 2.06089 0.494643 -0.81844 -0.292375 0 0.336413 -0.941715 0.869096 0.465813 0.166404 LS51.dat
1 0 121.641 -140.009 1.64423 0.486232 -0.82287 -0.294046 0 0.336503 -0.941682 0.87383 0.457876 0.163619 LS51.dat
1 0 122.379 -140.311 1.2334 0.4779 -0.827179 -0.295611 0 0.336528 -0.941673 0.878414 0.450026 0.160827 LS51.dat
1 0 123.124 -140.613 0.828375 0.469651 -0.83137 -0.297071 0 0.33649 -0.941687 0.882852 0.442265 0.158033 LS51.dat
1 0 123.874 -140.917 0.429119 0.461488 -0.835446 -0.298427 0 0.33639 -0.941723 0.887147 0.434594 0.15524 LS51.dat
