0 FILE Untitled.ldr
0 Untitled
0 Name: Untitled.ldr
0 Author: MLCad
0 Unofficial Model
0 ROTATION CENTER 0 0 0 1 "Custom" 
0 ROTATION CONFIG 0 0
1 7 0 0 0 1 0 0 0 1 0 0 0 1 heli.ldr
1 7 0 0 0 1 0 0 0 1 0 0 0 1 prop.ldr
0
0 FILE heli.ldr
0 HELI
0 ROTATION CENTER 0 0 0 1 "Custom" 
0 ROTATION CONFIG 0 0
1 0 40 -22 -100 -1 0 0 0 1 0 0 0 -1 2780.dat
1 15 50 -8 -60 0 0 -1 0 1 0 1 0 0 3460.dat
1 15 50 -32 -80 0 0 -1 0 1 0 1 0 0 3702.dat
1 1 50 -40 -20 0 0 -1 0 1 0 1 0 0 3460.dat
1 15 50 -48 -40 0 0 -1 0 1 0 1 0 0 3023.dat
1 15 50 -72 -40 0 0 -1 0 1 0 1 0 0 3700.dat
1 15 40 -48 20 1 0 0 0 1 0 0 0 1 3022.dat
1 15 0 -72 10 -1 0 0 0 1 0 0 0 -1 3894.dat
1 15 -40 -48 20 1 0 0 0 1 0 0 0 1 3022.dat
1 1 -50 -40 -20 0 0 -1 0 1 0 1 0 0 3460.dat
1 15 -50 -32 10 -1 0 0 0 1 0 0 0 -1 4287.dat
1 15 -50 -32 -80 0 0 -1 0 1 0 1 0 0 3702.dat
1 15 -50 -8 -60 0 0 -1 0 1 0 1 0 0 3460.dat
1 15 50 -32 10 -1 0 0 0 1 0 0 0 -1 4287.dat
1 15 50 -80 0 0 0 -1 0 1 0 1 0 0 3666.dat
1 15 50 -72 40 0 0 -1 0 1 0 1 0 0 3700.dat
1 15 50 -88 -40 0 0 -1 0 1 0 1 0 0 3023.dat
1 15 50 -112 -20 0 0 -1 0 1 0 1 0 0 2744.dat
1 0 0 -80 40 1 0 0 0 1 0 0 0 1 3031.dat
1 15 -30 -72 60 0 0 -1 0 1 0 1 0 0 3701.dat
1 15 30 -72 80 0 0 -1 0 1 0 1 0 0 3894.dat
1 15 30 -80 160 0 0 -1 0 1 0 1 0 0 3460.dat
1 15 30 -72 240 0 0 -1 0 1 0 1 0 0 2730.dat
1 1 30 -80 310 0 0 -1 0 1 0 1 0 0 3623.dat
1 1 30 -48 160 0 0 -1 0 1 0 1 0 0 4477.dat
1 0 0 -104 50 -1 0 0 0 1 0 0 0 -1 3660.dat
1 0 0 -88 20 1 0 0 0 1 0 0 0 1 3022.dat
1 0 0 -96 20 1 0 0 0 1 0 0 0 1 3022.dat
1 0 0 -104 20 1 0 0 0 1 0 0 0 1 3022.dat
1 0 0 -136 40 1 0 0 0 1 0 0 0 1 3022.dat
1 15 30 -152 340 1 0 0 0 1 0 0 0 1 2340.dat
1 15 10 -160 340 1 0 0 0 1 0 0 0 1 3021.dat
1 15 0 -48 50 1 0 0 0 1 0 0 0 1 3666.dat
1 15 -50 -72 40 0 0 -1 0 1 0 1 0 0 3700.dat
1 15 -50 -80 20 0 0 -1 0 1 0 1 0 0 3710.dat
1 15 -50 -112 -20 0 0 -1 0 1 0 1 0 0 2744.dat
1 1 10 -80 270 -1 0 0 0 1 0 0 0 -1 3623.dat
1 15 0 -72 270 -1 0 0 0 1 0 0 0 -1 3700.dat
1 1 10 -48 270 -1 0 0 0 1 0 0 0 -1 3623.dat
1 0 -40 -22 -140 -1 0 0 0 1 0 0 0 -1 2780.dat
1 15 30 -32 -140 0 0 -1 0 1 0 1 0 0 3894.dat
1 15 0 -40 -100 1 0 0 0 1 0 0 0 1 3020.dat
1 15 -30 -32 -140 0 0 -1 0 1 0 1 0 0 3894.dat
1 4 0 -40 -110 1 0 0 0 1 0 0 0 1 2717.dat
1 15 0 -40 -130 1 0 0 0 1 0 0 0 1 3710.dat
1 0 40 -22 -140 -1 0 0 0 1 0 0 0 -1 2780.dat
1 0 -40 -22 -100 -1 0 0 0 1 0 0 0 -1 2780.dat
1 0 -20 -22 -180 -1 0 0 0 1 0 0 0 -1 2780.dat
1 0 -10 -49.0936 -209.884 0 0 1 -0.655399 0.755283 0 -0.755283 -0.655399 0 4519.dat
1 0 0 -75.3096 -240.095 1 0 0 0 0.755283 0.655399 0 -0.655399 0.755283 3706.dat
1 0 -40 -123.199 -189.722 0 0 1 -0.69467 -0.719329 0 0.719329 -0.69467 0 3706.dat
1 7 30 -172 -140 -1 0 0 0 1 0 0 0 -1 3749.dat
1 7 0 -172 -140 0 0 1 0 1 0 -1 0 0 6538b.dat
1 7 -30 -171.826 -139.369 1 0 0 0 1 0 0 0 1 3749.dat
1 0 40 -123.36 -189.876 0 0 1 -0.696948 -0.717121 0 0.717122 -0.696948 0 3706.dat
1 0 -40 -173 -90 0 0 1 0 -1 0 1 0 0 3705.dat
1 0 -39.5 -162.5 -40 0 -1 0 -1 0 0 0 0 -1 2780.dat
1 15 0 -152.5 -25.5 1 0 0 0 0 -1 0 1 0 3460.dat
1 15 0 -152.5 -49.5 1 0 0 0 0 -1 0 1 0 3894.dat
1 15 0 -132.5 -57.5 0 0 -1 -1 0 0 0 1 0 3021.dat
1 15 0 -122.5 -49.5 0 0 -1 -1 0 0 0 1 0 2817.dat
1 15 70 -42.5 -49.5 0 0 -1 -1 0 0 0 1 0 3895.dat
1 0 70 -2.50001 -57.5 0 0 -1 -1 0 0 0 1 0 3710.dat
1 15 70 37.5 -89.5 0 0 -1 -1 0 0 0 1 0 2744.dat
1 15 70 -152.5 -57.5 -1 0 0 0 0 1 0 1 0 2420.dat
1 15 -70 -42.5 -49.5 0 0 -1 -1 0 0 0 1 0 3895.dat
1 0 -70 -2.50001 -57.5 0 0 -1 -1 0 0 0 1 0 3710.dat
1 15 -70 37.5 -89.5 0 0 -1 -1 0 0 0 1 0 2744.dat
1 15 -70 -152.5 -57.5 0 0 1 1 0 0 0 1 0 2420.dat
1 0 80 57.5 -79.5 -1 0 0 0 1 0 0 0 -1 2780.dat
1 0 90 40 -60 0 0 1 0 1 0 -1 0 0 3460.dat
1 0 90 72 -60 0 0 1 0 1 0 -1 0 0 3460.dat
1 0 80 58 -40 -1 0 0 0 1 0 0 0 -1 2780.dat
1 0 -60 -22 -40 -1 0 0 0 1 0 0 0 -1 2780.dat
1 0 60 -22 -40 -1 0 0 0 1 0 0 0 -1 2780.dat
1 0 60 -102 -40 -1 0 0 0 1 0 0 0 -1 2780.dat
1 0 -60 -102 -40 -1 0 0 0 1 0 0 0 -1 2780.dat
1 0 -80 57.5 -79.5 1 0 0 0 1 0 0 0 1 2780.dat
1 0 -90 40 -60 0 0 -1 0 1 0 1 0 0 3460.dat
1 0 -90 72 -60 0 0 -1 0 1 0 1 0 0 3460.dat
1 0 -80 58 -40 1 0 0 0 1 0 0 0 1 2780.dat
1 0 40 -162.5 -39.5 0 -1 0 -1 0 0 0 0 -1 2780.dat
1 0 40 -173 -90 0 0 1 0 -1 0 1 0 0 3705.dat
1 0 10 -49.0936 -209.884 0 0 1 -0.655399 0.755283 0 -0.755283 -0.655399 0 4519.dat
1 0 20 -22 -180 -1 0 0 0 1 0 0 0 -1 2780.dat
1 0 -40 -62 40 -1 0 0 0 1 0 0 0 -1 2780.dat
1 0 40 -62 40 -1 0 0 0 1 0 0 0 -1 2780.dat
1 7 40 -173 -60 0 -1 0 -1 0 0 0 0 -1 3651.dat
1 7 -40.5 -172.5 -60 0 -1 0 -1 0 0 0 0 -1 3651.dat
1 7 -10 -61.4463 -225.645 1 0 0 0 0.755281 0.655401 0 -0.655401 0.755281 3651.dat
1 7 10 -61.4463 -225.645 1 0 0 0 0.755281 0.655401 0 -0.655401 0.755281 3651.dat
1 7 -10 -35.108 -195.106 -1 0 0 0 0.755282 -0.655398 0 -0.655398 -0.755283 3651.dat
1 7 10 -35.108 -195.106 -1 0 0 0 0.755282 -0.655398 0 -0.655398 -0.755283 3651.dat
1 7 40 -88.4933 -226.408 -1 0 0 0 -0.71712 -0.69695 0 -0.69695 0.717119 3651.dat
1 7 -40 -88.4933 -226.408 -1 0 0 0 -0.71712 -0.69695 0 -0.69695 0.717119 3651.dat
1 7 40 -158.924 -154.717 -1 0 0 0 0.717121 0.696948 0 0.696948 -0.717121 4273b.dat
1 7 40 -172 -120 1 0 0 0 1 0 0 0 1 4273b.dat
1 7 -40 -173 -120 -1 0 0 0 -1 0 0 0 1 4273b.dat
1 7 -40 -158.652 -154.451 1 0 0 0 -0.719329 0.69467 0 -0.69467 -0.719329 4273b.dat
1 7 25 -172 -140 0 0 1 0 1 0 -1 0 0 4265a.dat
1 7 -25 -172 -140 0 0 -1 0 1 0 1 0 0 4265a.dat
1 7 -25 -74.5543 -240.75 0 0 -1 -0.655399 -0.755283 0 -0.755283 0.655399 0 4265a.dat
1 7 -55 -74.5543 -240.75 0 0 -1 -0.655399 -0.755283 0 -0.755283 0.655399 0 4265a.dat
1 7 25 -74.5543 -240.75 0 0 1 0.655399 -0.755283 0 0.755283 0.655399 0 4265a.dat
1 7 55 -74.5543 -240.75 0 0 1 0.655399 -0.755283 0 0.755283 0.655399 0 4265a.dat
1 0 10 -128 40 0 0 -1 0 1 0 1 0 0 2989.dat
1 0 -10 -128 40 0 0 1 0 1 0 -1 0 0 2989.dat
1 0 90 48 -140 0 0 -1 0 1 0 1 0 0 2989.dat
1 0 90 48 -60 0 0 -1 0 1 0 1 0 0 2989.dat
1 0 90 48 20 0 0 -1 0 1 0 1 0 0 2989.dat
1 0 -90 48 -140 0 0 1 0 1 0 -1 0 0 2989.dat
1 0 -90 48 -60 0 0 1 0 1 0 -1 0 0 2989.dat
1 0 -90 48 20 0 0 1 0 1 0 -1 0 0 2989.dat
1 256 -100 48 19.9 0 0 1 0 1 0 -1 0 0 70961.dat
1 256 -100 48 -60.1 0 0 1 0 1 0 -1 0 0 70961.dat
1 256 -100 48 -140.1 0 0 1 0 1 0 -1 0 0 70961.dat
1 256 100 48 -140 0 0 -1 0 1 0 1 0 0 70961.dat
1 256 100 48 -60 0 0 -1 0 1 0 1 0 0 70961.dat
1 256 100 48 20 0 0 -1 0 1 0 1 0 0 70961.dat
0
0 FILE prop.ldr
0 PROP
0 ROTATION CENTER 0 0 0 1 "Custom" 
0 ROTATION CONFIG 0 0
1 7 0 -62 -10 1 0 0 0 1 0 0 0 1 4019.dat
1 0 0 -62 60 0 0 1 0 1 0 -1 0 0 3707.dat
1 7 0 -62 140 -1 0 0 0 1 0 0 0 -1 6538b.dat
1 0 0 -62 220 0 0 1 0 1 0 -1 0 0 3707.dat
1 0 -0.465407 -172.5 -40.1828 -0.365489 -0.930816 0 0 0 -1 0.930816 -0.365489 0 3482.dat
1 0 -0.465407 -150.5 -40.1828 0 -0.365489 0.930816 1 0 0 0 0.930816 0.365489 3707.dat
1 7 -0.182767 -192.5 -39.5346 -0.365489 -0.930816 0 0 0 -1 0.930816 -0.365489 0 3713.dat
1 7 -0.182767 -80.5 -39.5346 0.930816 0.365489 0 0 0 1 0.365489 -0.930816 0 3650c.dat
1 0 -27.9246 -226.5 -50.9647 -0.365489 0 -0.930816 0 1 0 0.930816 0 -0.365489 3710.dat
1 0 -167.547 -218.5 -105.788 0.930816 0 -0.365489 0 1 0 0.365489 0 0.930816 4282.dat
1 15 -307.169 -226.5 -160.611 -0.365489 0 -0.930816 0 1 0 0.930816 0 -0.365489 3023.dat
1 15 0 -210.5 -40 0.930816 0 -0.365489 0 1 0 0.365489 0 0.930816 3738.dat
1 7 0 -220.5 -40 0.365489 -0.930816 0 0 0 1 -0.930816 -0.365489 0 3713.dat
1 0 27.9245 -226.5 -29.0353 -0.365489 0 -0.930816 0 1 0 0.930816 0 -0.365489 3710.dat
1 0 167.547 -218.5 25.788 0.930816 0 -0.365489 0 1 0 0.365489 0 0.930816 4282.dat
1 15 307.169 -226.5 80.6113 -0.365489 0 -0.930816 0 1 0 0.930816 0 -0.365489 3023.dat
1 7 30 -62 -40 0 0 -1 0 1 0 1 0 0 4019.dat
1 0 60 -62 -40 1 0 0 0 1 0 0 0 1 3706.dat
1 0 104 -62 -40 0 0 -1 1 0 0 0 -1 0 4288.dat
1 7 90 -62 -40 0 0 -1 -1 0 0 0 1 0 3713.dat
1 0 37.5 -62.1464 300.354 1 0 0 0 0.707107 -0.707107 0 0.707107 0.707107 4519.dat
1 7 50 -62.1464 300.354 0 0 -1 0.707107 0.707107 0 0.707107 -0.707107 0 2952.dat
1 7 -0.182743 -97.5 -39.5346 0.930816 -0.365488 0 0 0 -1 0.365488 0.930816 0 4265a.dat
1 7 0 -62 282 -1 0 0 0 1 0 0 0 -1 4143.dat
1 7 18 -62.1464 300.354 0 0 1 0.707107 0.707107 0 -0.707107 0.707106 0 4143.dat
0
0
