0 FILE Main.ldr
0 Untitled
0 Name: Main.ldr
0 Author: MLCad
0 Unofficial Model
0 ROTATION CENTER 0 0 0 1 "Custom" 
0 ROTATION CONFIG 0 0
1 7 0 0 0 1 0 0 0 1 0 0 0 1 chassis.ldr
1 7 0 0 0 1 0 0 0 1 0 0 0 1 engine.ldr
1 7 0 0 0 1 0 0 0 1 0 0 0 1 steer.ldr
1 7 0 30.713 -68.338 1 0 0 0 0.990268 0.139173 0 -0.139173 0.990268 Seated_figure.ldr
0
0 FILE chassis.ldr
0 CHASSIS
0 ROTATION CENTER 0 0 0 1 "Custom" 
0 ROTATION CONFIG 0 0
1 0 -90 -22 -20 0 0 -1 0 1 0 1 0 0 3707.dat
1 7 -60 -22 40 -1 0 0 0 1 0 0 0 -1 3749.dat
1 14 -30 -32 -140 0 0 -1 0 1 0 1 0 0 3894.dat
1 0 -40 -8 -90 0 0 -1 0 1 0 1 0 0 3021.dat
1 0 -50 -32 40 0 0 -1 0 1 0 1 0 0 3703.dat
1 14 -60 -8 120 1 0 0 0 1 0 0 0 1 3022.dat
1 0 -70 -32 120 0 0 -1 0 1 0 1 0 0 3700.dat
1 71 -30 -40 -140 0 0 -1 0 1 0 1 0 0 3069b.dat
1 14 0 -40 50 1 0 0 0 1 0 0 0 1 3666.dat
1 14 -10 -64 50 1 0 0 0 1 0 0 0 1 3005.dat
1 14 0 -72 80 0 0 -1 0 1 0 1 0 0 3709b.dat
1 14 10 -64 50 1 0 0 0 1 0 0 0 1 3005.dat
1 0 0 -80 120 0 0 -1 0 1 0 1 0 0 3709b.dat
1 14 0 -72 160 0 0 -1 0 1 0 1 0 0 3709b.dat
1 14 0 -64 170 1 0 0 0 1 0 0 0 1 3660.dat
1 14 0 -40 170 1 0 0 0 1 0 0 0 1 3666.dat
1 0 0 -32 170 1 0 0 0 1 0 0 0 1 3701.dat
1 14 0 -8 170 1 0 0 0 1 0 0 0 1 3666.dat
1 0 0 -80 70 1 0 0 0 1 0 0 0 1 3023.dat
1 0 60 -48 50 1 0 0 0 1 0 0 0 1 3710.dat
1 0 -60 -48 50 1 0 0 0 1 0 0 0 1 3710.dat
1 14 0 -80 180 1 0 0 0 1 0 0 0 1 3738.dat
1 15 70 -128 180 0 0 1 0 1 0 -1 0 0 4864a.dat
1 15 -70 -128 180 0 0 -1 0 1 0 1 0 0 4864a.dat
1 14 0 -136 180 1 0 0 0 1 0 0 0 1 3738.dat
1 0 100 -28 40 0 1 0 0 0 1 1 0 0 3956.dat
1 0 -100 -28 40 0 -1 0 0 0 1 -1 0 0 3956.dat
1 14 30 -32 -140 0 0 -1 0 1 0 1 0 0 3894.dat
1 0 40 -8 -90 0 0 -1 0 1 0 1 0 0 3021.dat
1 0 50 -32 40 0 0 -1 0 1 0 1 0 0 3703.dat
1 14 60 -8 120 1 0 0 0 1 0 0 0 1 3022.dat
1 0 70 -32 120 0 0 -1 0 1 0 1 0 0 3700.dat
1 71 30 -40 -140 0 0 -1 0 1 0 1 0 0 3069b.dat
1 14 0 -40 -110 1 0 0 0 1 0 0 0 1 3666.dat
1 0 0 -48 -110 1 0 0 0 1 0 0 0 1 3023.dat
1 0 0 -56 -110 1 0 0 0 1 0 0 0 1 3023.dat
1 14 50 -48 -110 0 0 1 0 1 0 -1 0 0 3024.dat
1 14 -50 -48 -110 0 0 1 0 1 0 -1 0 0 3024.dat
1 14 -30 -64 -110 1 0 0 0 1 0 0 0 1 3005.dat
1 14 30 -64 -110 1 0 0 0 1 0 0 0 1 3005.dat
1 14 30 -72 -140 0 0 -1 0 1 0 1 0 0 3710.dat
1 14 -30 -72 -140 0 0 -1 0 1 0 1 0 0 3710.dat
1 14 50 -72 0 0 0 -1 0 1 0 1 0 0 3895.dat
1 14 50 -48 90 0 0 -1 0 1 0 1 0 0 3623.dat
1 14 -50 -72 0 0 0 -1 0 1 0 1 0 0 3895.dat
1 14 -50 -48 90 0 0 -1 0 1 0 1 0 0 3623.dat
1 0 0 -80 -110 1 0 0 0 1 0 0 0 1 3700.dat
1 14 0 -88 -110 1 0 0 0 1 0 0 0 1 2431.dat
1 14 10 -8 -190 0 0 1 0 1 0 -1 0 0 2420.dat
1 14 10 -32 -220 0 0 1 0 1 0 -1 0 0 2744.dat
1 14 0 -40 -200 1 0 0 0 1 0 0 0 1 3709b.dat
1 14 -10 -32 -220 0 0 1 0 1 0 -1 0 0 2744.dat
1 14 -10 -8 -190 -1 0 0 0 1 0 0 0 -1 2420.dat
1 14 30 -64 -170 1 0 0 0 1 0 0 0 1 4286.dat
1 14 -30 -64 -170 1 0 0 0 1 0 0 0 1 4286.dat
1 0 0 0 -260 1 0 0 0 1 0 0 0 1 3738.dat
1 14 0 -40 70 1 0 0 0 1 0 0 0 1 3666.dat
1 14 60 -40 110 1 0 0 0 1 0 0 0 1 3023.dat
1 14 -60 -40 110 1 0 0 0 1 0 0 0 1 3023.dat
1 14 30 -62.5 40 0 1 0 -0.33407 0 -0.942548 -0.942548 0 0.33407 2825.dat
1 7 40 -62 40 -1 0 0 0 0.942548 -0.33407 0 -0.33407 -0.942548 3749.dat
1 0 0 -119.053 60.0442 1 0 0 0 0.942548 0.334071 0 -0.334071 0.942548 3705.dat
1 7 -40 -62 40 1 0 0 0 0.942548 0.334072 0 -0.334072 0.942548 3749.dat
1 14 -30 -62.0287 39.8329 0 -1 0 0.334072 0 -0.942548 0.942548 0 0.334072 2825.dat
1 7 40 -62 100 -1 0 0 0 0.632475 0.774581 0 0.774581 -0.632475 3749.dat
1 14 30 -62.1838 100.387 0 -1 0 -0.774581 0 -0.632475 0.632475 0 -0.774581 2825.dat
1 7 30 -100.202 53.3628 -1 0 0 0 0.632475 0.774581 0 0.774581 -0.632475 3749.dat
1 7 -40 -62 100 1 0 0 0 0.638047 -0.769997 0 0.769997 0.638047 3749.dat
1 14 -30 -62.181 100.385 0 1 0 0.769997 0 -0.638047 -0.638047 0 -0.769997 2825.dat
1 7 -30 -100.783 53.8002 1 0 0 0 0.638047 -0.769997 0 0.769997 0.638047 3749.dat
1 0 10 -88 160 0 0 -1 0 1 0 1 0 0 3023.dat
1 0 -10 -88 160 0 0 -1 0 1 0 1 0 0 3023.dat
1 14 40 -80 -110 -1 0 0 0 1 0 0 0 -1 3023.dat
1 14 -40 -80 -110 -1 0 0 0 1 0 0 0 -1 3023.dat
1 0 60 -62 80 -1 0 0 0 1 0 0 0 -1 2780.dat
1 0 70 -42 70 0 0 1 1 0 0 0 1 0 3701.dat
1 0 60 -22 80 -1 0 0 0 1 0 0 0 -1 2780.dat
1 0 80 -22 120 1 0 0 0 1 0 0 0 1 3706.dat
1 7 30 -22 120 0 0 -1 0 1 0 1 0 0 3713.dat
1 15 90 -22 120 0 0 -1 0 1 0 1 0 0 3482.dat
1 0 90 -22 120 0 0 -1 0 1 0 1 0 0 2346.dat
1 0 121 -22.5 120 0 0 -1 0 1 0 1 0 0 2346.dat
1 15 120 -22 120 0 0 -1 0 1 0 1 0 0 3482.dat
1 7 60 -22 -80 1 0 0 0 1 0 0 0 1 3749.dat
1 0 90 -22 -20 0 0 -1 0 1 0 1 0 0 3707.dat
1 7 60 -22 40 1 0 0 0 1 0 0 0 1 3749.dat
1 7 40 -22 -20 -1 0 0 0 1 0 0 0 -1 4274.dat
1 4 0 0 -10 1 0 0 0 1 0 0 0 1 2717.dat
1 7 -40 -22 -20 1 0 0 0 1 0 0 0 1 4274.dat
1 7 -40 -22 0 1 0 0 0 1 0 0 0 1 3749.dat
1 7 40 -22 0 -1 0 0 0 1 0 0 0 -1 3749.dat
1 7 -60 -22 -80 -1 0 0 0 1 0 0 0 -1 3749.dat
1 0 -60 -22 80 -1 0 0 0 1 0 0 0 -1 2780.dat
1 0 -70 -42 70 0 0 1 1 0 0 0 1 0 3701.dat
1 0 -60 -62.5 80.5 -1 0 0 0 1 0 0 0 -1 2780.dat
1 0 -40 -22 -100 -1 0 0 0 1 0 0 0 -1 2780.dat
1 0 40 -22 -100 -1 0 0 0 1 0 0 0 -1 2780.dat
1 0 0 -40 -170 1 0 0 0 1 0 0 0 1 4442.dat
1 0 0 -8 -170 1 0 0 0 1 0 0 0 1 4442.dat
1 7 70 -22 40 0 0 -1 0 1 0 1 0 0 4273b.dat
1 7 70 -22 -80 0 0 -1 0 -1 0 -1 0 0 4273b.dat
1 7 -70 -22 40 0 0 1 0 -1 0 1 0 0 4273b.dat
1 7 -70 -22 -80 0 0 1 0 1 0 -1 0 0 4273a.dat
1 7 -90 -22 -85 1 0 0 0 1 0 0 0 1 4265a.dat
1 7 90 -22 -85 1 0 0 0 1 0 0 0 1 4265a.dat
1 7 -90 -22 45 -1 0 0 0 1 0 0 0 -1 4265a.dat
1 7 90 -22 45 1 0 0 0 -1 0 0 0 -1 4265a.dat
1 15 0 -88 120 1 0 0 0 1 0 0 0 1 4150p01.dat
1 15 0 -88 80 1 0 0 0 1 0 0 0 1 4150p01.dat
0
0 FILE engine.ldr
0 engine
0 ROTATION CENTER 0 0 0 1 "Custom" 
0 ROTATION CONFIG 0 0
1 15 -120 -22 120 0 0 1 0 1 0 -1 0 0 3482.dat
1 0 -64 -22 120 1 0 0 0 1 0 0 0 1 3707.dat
1 0 -121 -22.5 120 0 0 1 0 1 0 -1 0 0 2346.dat
1 7 -10.5 -22 120 0 0 1 0 1 0 -1 0 0 3650c.dat
1 7 -30 -22 120 0 0 1 0 1 0 -1 0 0 3713.dat
1 15 -92 -22 120 0 0 1 0 1 0 -1 0 0 3482.dat
1 0 -93 -22.5 120 0 0 1 0 1 0 -1 0 0 2346.dat
1 0 -0.192793 -22.0387 180 0 -0.38561 -0.922662 0 0.922662 -0.38561 1 0 0 3705.dat
1 7 -0.192805 -22.0387 150 0.922662 -0.385609 0 0.385609 0.922662 0 0 0 1 3647.dat
1 7 -0.192805 -22.0387 185 0.922662 -0.385609 0 0.385609 0.922662 0 0 0 1 4185.dat
0
0 FILE steer.ldr
0 STEER
0 ROTATION CENTER 0 0 0 1 "Custom" 
0 ROTATION CONFIG 0 0
1 7 80 -22 -170 1 0 0 0 1 0 0 0 1 3749.dat
1 15 90 -22 -170 0 0 -1 0 1 0 1 0 0 3482.dat
1 0 90 -22 -170 0 0 -1 0 1 0 1 0 0 2346.dat
1 7 70 -34 -130 0 -1 0 1 0 0 0 0 1 3749.dat
1 7 0 -56 -130 1 0 0 0 1 0 0 0 1 3743.dat
1 7 -70 -34 -130 0 -1 0 1 0 0 0 0 1 3749.dat
1 15 -90 -22 -170 0 0 1 0 1 0 -1 0 0 3482.dat
1 7 -80 -22 -170 -1 0 0 0 1 0 0 0 -1 3749.dat
1 0 -90 -22 -170 0 0 1 0 1 0 -1 0 0 2346.dat
1 0 0 -70 -100 0 0 1 0 1 0 -1 0 0 3705.dat
1 7 0 -70 -67 1 0 0 0 1 0 0 0 1 4185.dat
1 7 0 -70 -130 1 0 0 0 1 0 0 0 1 3647.dat
1 0 0 -48 -130 1 0 0 0 1 0 0 0 1 4442.dat
1 7 -70 -32 -170 1 0 0 0 1 0 0 0 1 4261.dat
1 7 70 -32 -170 1 0 0 0 1 0 0 0 1 4261.dat
0
0 FILE Seated_figure.ldr
0 Name: Seated_figure
0 ROTATION CENTER 0 0 0 1 "Custom" 
0 ROTATION CONFIG 0 0
1 15 0 -80.741 52.952 1 0 0 0 0.984808 0.173648 0 -0.173648 0.984808 2699.dat
1 15 0 -80.741 52.952 1 0 0 0 0.984808 0.173648 0 -0.173648 0.984808 2698.dat
1 15 0 -80.741 52.952 1 0 0 0 0.984808 0.173648 0 -0.173648 0.984808 2710.dat
1 15 15 -64 50 1 0 0 0 0 1 0 -1 0 2703.dat
1 15 -15 -64 50 1 0 0 0 0 1 0 -1 0 2709.dat
1 15 -10 -64 10 1 0 0 0 0.608762 0.793353 0 -0.793353 0.608762 2704.dat
1 15 10 -64 10 1 0 0 0 0.608762 0.793354 0 -0.793354 0.608762 2704.dat
1 0 10 -39.645 -21.731 1 0 0 0 0.608762 0.793354 0 -0.793354 0.608762 2706.dat
1 0 -10 -39.645 -21.731 1 0 0 0 0.608762 0.793353 0 -0.793353 0.608762 2706.dat
1 14 0 -133.921 62.33 1 0 0 0 1 0 0 0 1 2707p06.dat
1 0 0 -175.921 62.329 1 0 0 0 1 0 0 0 1 2708.dat
1 4 0 -164.143 61.619 1 0 0 0 0.979925 0.199368 0 -0.199368 0.979925 2715.dat
1 47 0 -164.143 61.619 1 0 0 0 0.979925 0.199368 0 -0.199368 0.979925 2716.dat
1 1 26.2 -126.043 60.94 0 0 -1 -0.139173 0.990268 0 0.990268 0.139173 0 2701.dat
1 1 26.2 -126.043 60.94 0 0 -1 -0.139173 0.990268 0 0.990268 0.139173 0 2705.dat
1 1 26.2 -126.043 60.94 0.939693 0 -0.34202 -0.0476005 0.990268 -0.13078 0.338691 0.139173 0.930547 2700.dat
1 1 36.802 -121.99 32.098 0.939693 0 -0.34202 -0.0476005 0.990268 -0.13078 0.338691 0.139173 0.930547 2701.dat
1 1 36.802 -121.99 32.098 0.939693 0 -0.34202 -0.0476005 0.990268 -0.13078 0.338691 0.139173 0.930547 2705.dat
1 1 36.802 -121.99 32.098 0.996195 0 0.0871557 0.0121297 0.990268 -0.138644 -0.0863076 0.139173 0.9865 2700.dat
1 14 33.797 -117.205 -1.946 -0.996195 0 0.0871557 -0.0121297 -0.990268 -0.138644 0.0863076 -0.139173 0.9865 2702.dat
1 1 -26.2 -126.043 60.94 0 0 1 -0.139173 -0.990268 0 0.990268 -0.139173 0 2701.dat
1 1 -26.2 -126.043 60.94 0 0 1 -0.139173 -0.990268 0 0.990268 -0.139173 0 2705.dat
1 1 -26.2 -126.043 60.94 -0.965926 0 0.258819 -0.0360209 -0.990268 -0.134431 0.256301 -0.139173 0.956525 2700.dat
1 1 -34.223 -121.875 31.29 -0.965926 0 0.258819 -0.0360209 -0.990268 -0.134431 0.256301 -0.139173 0.956525 2701.dat
1 1 -34.223 -121.875 31.29 -0.965926 0 0.258819 -0.0360209 -0.990268 -0.134431 0.256301 -0.139173 0.956525 2705.dat
1 1 -34.223 -121.875 31.29 -0.965926 0 -0.258819 0.0360209 -0.990268 -0.134431 -0.256301 -0.139173 0.956525 2700.dat
1 14 -25.295 -117.237 -1.716 0.965926 0 -0.258819 -0.0360209 0.990268 -0.134431 0.256301 0.139173 0.956525 2702.dat
0 
0 
0
0
