0 FILE Main.ldr
0 Untitled
0 Name: Main.ldr
0 Author: marco
0 Unofficial Model
0 ROTATION CENTER 0 0 0 1 "Custom" 
0 ROTATION CONFIG 0 0
1 7 0 0 0 1 0 0 0 1 0 0 0 1 chassis.ldr
1 7 0 0 0 1 0 0 0 1 0 0 0 1 holder.ldr
1 7 0 0 0 1 0 0 0 1 0 0 0 1 steer.ldr
1 7 0 0 0 1 0 0 0 1 0 0 0 1 roof.ldr
1 7 0 0 0 1 0 0 0 1 0 0 0 1 seat.ldr
1 7 0 0 0 1 0 0 0 1 0 0 0 1 wheel.ldr
0
0 FILE chassis.ldr
0 CHASSIS
0 ROTATION CENTER 0 0 0 1 "Custom" 
0 ROTATION CONFIG 0 0
1 0 -60 10 -140 1 0 0 0 1 0 0 0 1 2780.dat
1 4 -50 -30 -150 0 0 1 1 0 0 0 1 0 3894.dat
1 0 -60 -30.5 -139.5 1 0 0 0 1 0 0 0 1 2780.dat
1 4 0 0 -290 1 0 0 0 1 0 0 0 1 3039.dat
1 4 0 -16 -290 1 0 0 0 1 0 0 0 1 3460.dat
1 4 -40 0 -290 1 0 0 0 1 0 0 0 1 3039.dat
1 4 0 32 -290 1 0 0 0 1 0 0 0 1 3666.dat
1 4 40 0 -290 1 0 0 0 1 0 0 0 1 3039.dat
1 4 -70 -40 -140 0 0 -1 0 1 0 1 0 0 3700.dat
1 4 -70 -16 -130 0 0 -1 0 1 0 1 0 0 3623.dat
1 7 -70 -8 -140 0 0 -1 0 1 0 1 0 0 3023.dat
1 4 -70 0 -180 0 0 -1 0 1 0 1 0 0 3895.dat
1 4 -70 -8 -260 0 0 -1 0 1 0 1 0 0 3069b.dat
1 4 -40 -8 -100 1 0 0 0 1 0 0 0 1 3034.dat
1 4 0 -16 -110 1 0 0 0 1 0 0 0 1 3666.dat
1 4 -100 -16 -110 1 0 0 0 1 0 0 0 1 3023.dat
1 4 -110 0 40 0 0 -1 0 1 0 1 0 0 3703.dat
1 4 -110 -32 0 0 0 -1 0 1 0 1 0 0 3010.dat
1 7 -100 -8 20 1 0 0 0 1 0 0 0 1 3022.dat
1 7 -80 -16 20 1 0 0 0 1 0 0 0 1 3022.dat
1 7 0 -8 20 1 0 0 0 1 0 0 0 1 3034.dat
1 4 70 -40 -140 0 0 -1 0 1 0 1 0 0 3700.dat
1 4 70 -16 -130 0 0 -1 0 1 0 1 0 0 3623.dat
1 7 70 -8 -140 0 0 -1 0 1 0 1 0 0 3023.dat
1 4 70 0 -180 0 0 -1 0 1 0 1 0 0 3895.dat
1 4 70 -8 -260 0 0 -1 0 1 0 1 0 0 3069b.dat
1 4 100 -16 -110 1 0 0 0 1 0 0 0 1 3023.dat
1 4 80 -8 -100 1 0 0 0 1 0 0 0 1 3020.dat
1 4 110 0 40 0 0 -1 0 1 0 1 0 0 3703.dat
1 4 110 -32 0 0 0 -1 0 1 0 1 0 0 3010.dat
1 7 100 -8 20 1 0 0 0 1 0 0 0 1 3022.dat
1 7 80 -16 20 1 0 0 0 1 0 0 0 1 3022.dat
1 0 0 -16 -20 0 0 -1 0 1 0 1 0 0 3032.dat
1 7 0 -8 -40 1 0 0 0 1 0 0 0 1 3029.dat
1 4 110 -16 -70 0 0 -1 0 1 0 1 0 0 3623.dat
1 4 -110 -16 -70 0 0 -1 0 1 0 1 0 0 3623.dat
1 4 60 -32 50 1 0 0 0 1 0 0 0 1 3666.dat
1 4 0 -24 50 -1 0 0 0 1 0 0 0 -1 3895.dat
1 4 -60 -32 50 1 0 0 0 1 0 0 0 1 3666.dat
1 0 0 10 -100 1 0 0 0 1 0 0 0 1 3708.dat
1 7 90 10 -100 0 0 -1 0 1 0 1 0 0 3713.dat
1 7 -90 10 -100 0 0 1 0 -1 0 1 0 0 3713.dat
1 0 60 -30 -140 1 0 0 0 1 0 0 0 1 2780.dat
1 4 50 -30 -150 0 0 1 1 0 0 0 1 0 3894.dat
1 0 60 10 -140 1 0 0 0 1 0 0 0 1 2780.dat
1 0 0 10 -80 1 0 0 0 1 0 0 0 1 3708.dat
1 7 90 10 -80 0 0 -1 0 1 0 1 0 0 3713.dat
1 7 -90 10 -80 0 0 1 0 -1 0 1 0 0 3713.dat
1 4 60 -8 -290 1 0 0 0 1 0 0 0 1 4262.dat
1 4 -60 -8 -290 1 0 0 0 1 0 0 0 1 4262.dat
1 4 -60 24 -290 1 0 0 0 1 0 0 0 1 4262.dat
1 4 60 24 -290 1 0 0 0 1 0 0 0 1 4262.dat
0
0 FILE holder.ldr
0 HOLDER
0 ROTATION CENTER 0 0 0 1 "Custom" 
0 ROTATION CONFIG 0 0
1 0 -60 10 -180 1 0 0 0 1 0 0 0 1 2780.dat
1 7 0 -30.1294 -195.867 1 0 0 0 0.989595 -0.143879 0 0.143879 0.989595 3700.dat
1 0 0 -7.81792 -182.518 1 0 0 0 0.989595 -0.143881 0 0.143881 0.989595 3795.dat
1 4 0 1.53767 -191.263 1 0 0 0 0.989595 -0.143881 0 0.143881 0.989595 3710.dat
1 4 -50 0.0988422 -181.367 0 0 -1 -0.143882 0.989595 0 0.989595 0.143882 0 3700.dat
1 4 0 9.45444 -190.112 1 0 0 0 0.989594 -0.143885 0 0.143885 0.989594 3701.dat
1 7 -50 23.8491 -177.914 0 0 -1 -0.143882 0.989595 0 0.989595 0.143882 0 3023.dat
1 4 50 0.0988483 -181.367 0 0 -1 -0.143882 0.989595 0 0.989595 0.143882 0 3700.dat
1 0 0 31.7659 -176.763 1 0 0 0 0.989595 -0.143881 0 0.143881 0.989595 3795.dat
1 7 50 23.8491 -177.914 0 0 -1 -0.143882 0.989595 0 0.989595 0.143882 0 3023.dat
1 0 0 -18.7949 -204.324 0 0 -1 -0.143863 0.989598 0 0.989598 0.143863 0 2780.dat
1 7 10 -17.3555 -214.22 0 -1 0 0.989599 0 -0.143854 0.143854 0 0.989599 3894.dat
1 0 0 20.7889 -198.569 0 0 -1 -0.143863 0.989598 0 0.989598 0.143863 0 2780.dat
1 0 60 9.9948 -179.928 1 0 0 0 1 0 0 0 1 2780.dat
0
0 FILE steer.ldr
0 STEER
0 ROTATION CENTER 0 0 0 1 "Custom" 
0 ROTATION CONFIG 0 0
1 0 129.5 9.49999 -290 0 0 -1 0 1 0 1 0 0 2696.dat
1 7 129.5 9.49999 -290 0 0 -1 -1 0 0 0 1 0 2695.dat
1 7 120 9.49999 -290 1 0 0 0 1 0 0 0 1 3673.dat
1 0 -129.5 9.49999 -290 0 0 1 0 1 0 -1 0 0 2696.dat
1 7 -129.5 9.49999 -290 0 0 1 -1 0 0 0 -1 0 2695.dat
1 7 -120 9.49999 -290 1 0 0 0 1 0 0 0 1 3673.dat
1 7 110 0 -249.555 0 0 1 1 0 0 0 1 0 3749.dat
1 7 -110 0 -250.555 0 0 -1 1 0 0 0 -1 0 3749.dat
1 7 0 -32 -250 1 0 0 0 1 0 0 0 1 3743.dat
1 7 0 -24 -250 1 0 0 0 1 0 0 0 1 3460.dat
1 7 -20 -70.0051 -139.929 0 0 -1 0.142628 -0.989776 0 -0.989776 -0.142628 0 32126.dat
1 0 -40 -70.0051 -139.929 1 0 0 0 0.989776 -0.142629 0 0.142629 0.989776 4519.dat
1 7 0 -72.858 -120.133 -1 0 0 0 0.989777 0.142629 0 0.142629 -0.989776 3713.dat
1 0 0 -66.8675 -161.704 0 0 1 0.142631 0.989776 0 -0.989776 0.142631 0 3737.dat
1 7 0 -67.1528 -159.724 1 0 0 0 0.989776 -0.142632 0 0.142632 0.989776 3713.dat
1 7 0 -54.6012 -246.825 1 0 0 0 0.989776 -0.142628 0 0.142628 0.989776 4019.dat
1 7 0 -79.7043 -72.6241 1 0 0 0 0.989776 -0.14263 0 0.14263 0.989776 3736.dat
1 7 0 -77.5648 -87.4708 1 0 0 0 0.989776 -0.14263 0 0.14263 0.989776 4185.dat
1 7 20 -70.148 -138.939 0 0 1 -0.142629 -0.989776 0 0.989776 -0.142629 0 32126.dat
1 0 40 -70.0051 -139.929 -1 0 0 0 0.989776 0.142629 0 0.142629 -0.989776 4519.dat
1 7 60 -16 -250 -1 0 0 0 1 0 0 0 -1 4262.dat
1 7 -60 -16 -250 -1 0 0 0 1 0 0 0 -1 4262.dat
1 7 35 -70.0051 -139.929 0 0 -1 -0.142629 0.989776 0 0.989776 0.142629 0 4265a.dat
1 7 -35 -70.0051 -139.929 0 0 1 0.142629 0.989776 0 -0.989776 0.142629 0 4265a.dat
1 7 65 -70.0051 -139.929 0 0 1 0.142629 0.989776 0 -0.989776 0.142629 0 4265a.dat
1 7 -65 -70.0051 -139.929 0 0 -1 -0.142629 0.989776 0 0.989776 0.142629 0 4265a.dat
1 7 110 0 -290 1 0 0 0 1 0 0 0 1 4261.dat
1 7 -110 0 -290 1 0 0 0 1 0 0 0 1 4261.dat
0
0 FILE roof.ldr
0 ROOF
0 ROTATION CENTER 0 0 0 1 "Custom" 
0 ROTATION CONFIG 0 0
1 0 80 10 -219.999 1 0 0 0 1 0 0 0 1 2780.dat
1 0 90 -63.7929 -164.39 0 0 1 0.793354 0.608761 0 -0.608761 0.793354 0 3707.dat
1 7 99.9938 -135.195 -109.601 1 0 0 0 0.774845 0.632152 0 -0.632152 0.774845 4274.dat
1 0 89.9917 -139.279 -19.31 0 0.0174917 1 0.0432166 0.998913 -0.0174799 -0.999066 0.0432118 -0.00064938 3707.dat
1 0 -90.0034 -63.7929 -164.392 0 0 1 0.793354 0.608762 0 -0.608761 0.793354 0 3707.dat
1 7 -80.0038 -135.195 -109.603 1 0 0 0 0.774845 0.632152 0 -0.632152 0.774845 4274.dat
1 0 -90.0046 -139.301 -19.3132 0 0.0174929 1 0.0434613 0.998902 -0.0174798 -0.999055 0.043456 -0.00068175 3707.dat
1 0 -80 9.19557 -220.398 1 0 0 0 1 0 0 0 1 2780.dat
1 7 80 -110.365 101.598 1 0 0 0 0.292796 0.956175 0 -0.956175 0.292796 3022.dat
1 4 90 -50.6521 111.516 0 0 -1 0.956175 0.292796 0 0.292796 -0.956175 0 3702.dat
1 7 80 -100.996 71 1 0 0 0 0.292796 0.956175 0 -0.956175 0.292796 3022.dat
1 4 70 -127.146 88.0922 0 0 -1 0.956175 0.292796 0 0.292796 -0.956175 0 3701.dat
1 7 -50 -125.59 151.319 0 0 -1 -0.292796 0.956175 0 0.956175 0.292796 0 3710.dat
1 7 -80 -117.941 153.661 0 0 1 0.292796 0.956175 0 -0.956175 0.292796 0 3936.dat
1 7 0 -119.076 184.689 1 0 0 0 0.956175 -0.292795 0 0.292795 0.956175 4477.dat
1 7 80 -117.941 153.661 0 0 -1 -0.292796 0.956175 0 0.956175 0.292796 0 3935.dat
1 7 50 -125.59 151.319 0 0 -1 -0.292796 0.956175 0 0.956175 0.292796 0 3710.dat
1 7 -50 -107.364 146.442 0 0 -1 -0.292796 0.956175 0 0.956175 0.292796 0 3623.dat
1 7 50 -107.364 146.442 0 0 -1 -0.292796 0.956175 0 0.956175 0.292796 0 3623.dat
1 4 -50 -91.0492 140.979 1 0 0 0 0.292796 0.956175 0 -0.956175 0.292796 4070.dat
1 4 50 -91.0492 140.979 1 0 0 0 0.292796 0.956175 0 -0.956175 0.292796 4070.dat
1 4 0 -78.5595 134.345 1 0 0 0 0.956175 -0.292795 0 0.292795 0.956175 3894.dat
1 7 0 -109.157 124.976 1 0 0 0 0.956175 -0.292797 0 0.292797 0.956175 3666.dat
1 7 0 -101.508 127.318 1 0 0 0 0.956175 -0.292796 0 0.292796 0.956175 3710.dat
1 7 -30 -91.0492 140.979 1 0 0 0 0.292796 0.956175 0 -0.956175 0.292796 4070.dat
1 7 30 -91.0492 140.979 1 0 0 0 0.292796 0.956175 0 -0.956175 0.292796 4070.dat
1 7 0 -84.0221 118.031 1 0 0 0 0.292796 0.956175 0 -0.956175 0.292796 3666.dat
1 7 0 -81.6798 110.382 1 0 0 0 0.292796 0.956175 0 -0.956175 0.292796 4477.dat
1 7 0 -79.3374 102.732 1 0 0 0 0.292796 0.956175 0 -0.956175 0.292796 3702.dat
1 7 0 -72.3103 79.7839 1 0 0 0 0.292796 0.956175 0 -0.956175 0.292796 4477.dat
1 7 0 -94.3246 219.982 0 0 -1 -0.956175 -0.292797 0 -0.292797 0.956175 0 6143.dat
1 7 0 -87.2975 197.034 0 0 -1 -0.956175 -0.292797 0 -0.292797 0.956175 0 6143.dat
1 7 0 -80.2704 174.086 0 0 -1 -0.956175 -0.292797 0 -0.292797 0.956175 0 6143.dat
1 0 0 -77.928 166.437 0 0 1 0.292796 0.956175 0 -0.956175 0.292796 0 3706.dat
1 7 0 -73.2433 151.138 0 0 -1 -0.956175 -0.292797 0 -0.292797 0.956175 0 6143.dat
1 7 0 -63.2882 118.628 0 -1 0 0.956175 0 -0.292796 0.292796 0 0.956175 4273b.dat
1 0 0 -115.406 288.827 1 0 0 0 -0.292796 -0.956175 0 0.956175 -0.292796 4032a.dat
1 7 0 -101.352 242.931 1 0 0 0 -0.292796 -0.956175 0 0.956175 -0.292796 3942b.dat
1 7 -80 -110.365 101.598 1 0 0 0 0.292796 0.956175 0 -0.956175 0.292796 3022.dat
1 4 -70 -127.146 88.0922 0 0 -1 0.956175 0.292796 0 0.292796 -0.956175 0 3701.dat
1 7 -80 -100.996 71 1 0 0 0 0.292796 0.956175 0 -0.956175 0.292796 3022.dat
1 4 -90 -50.6521 111.516 0 0 -1 0.956175 0.292796 0 0.292796 -0.956175 0 3702.dat
1 0 -100 9.64636 119.522 1 0 0 0 1 0 0 0 1 2780.dat
1 7 0 -66.8477 96.0983 0 0 1 0.956175 -0.292796 0 0.292796 0.956175 0 3749.dat
1 7 0.500062 -51.6953 101.261 1 0 0 0 -0.292796 -0.956175 0 0.956175 -0.292796 32123a.dat
1 0 100 9.64638 119.522 1 0 0 0 1 0 0 0 1 2780.dat
1 7 90 -4.29142 -210.047 1 0 0 0 0.608764 -0.793352 0 0.793352 0.608764 3651.dat
1 7 -90 -6.67147 -208.223 1 0 0 0 0.608763 -0.793352 0 0.793351 0.608764 3651.dat
1 7 89.9917 -142.391 52.6227 1 0 0 0 -0.999063 0.0432711 0 -0.043271 -0.999063 4273b.dat
1 7 -90.0046 -142.474 53.6178 -1 0 0 0 0.999055 0.0434616 0 0.0434616 -0.999055 4273b.dat
1 7 89.9917 -136.254 -89.2446 1 0 0 0 0.999065 -0.0432242 0 0.0432242 0.999065 4273b.dat
1 7 89.993 -119.438 -120.907 -1 0 0 0 0.608761 0.793354 0 0.793354 -0.608761 4273b.dat
1 7 -90.0034 -119.328 -121.778 -1 0 0 0 0.608761 0.793354 0 0.793354 -0.608761 4273b.dat
1 7 -90.0046 -136.259 -89.2471 1 0 0 0 0.999055 -0.0434605 0 0.0434605 0.999055 4273b.dat
0
0 FILE seat.ldr
0 SEAT
0 ROTATION CENTER 0 0 0 1 "Custom" 
0 ROTATION CONFIG 0 0
1 0 -0.972376 -99.7901 41.9775 0.0193356 0 -1 -0.961503 0.274165 -0.0185941 0.274113 0.961683 0.00530297 3035.dat
1 7 -30.0056 -146.23 63.5357 0 -1 -0.0193355 -0.274165 -0.0185941 0.961503 -0.961683 0.00530301 -0.274113 4274.dat
1 7 29.9944 -145.114 63.2176 0 -1 0 -0.27417 0 0.961681 -0.961681 0 -0.27417 4274.dat
1 0 79.9893 -141.921 72.7021 1 0 0 0 0.961677 0.274186 0 -0.274186 0.961677 3705.dat
1 0 -80 -143.969 73.2897 1 0 0 0 -0.274165 0.961683 0 -0.961683 -0.274165 3705.dat
1 7 49.9893 -141.914 72.6981 0 0 1 0.274172 -0.961681 0 0.961681 0.274172 0 4273b.dat
1 7 9.99471 -142.903 72.4654 0 0.0187643 -1 -0.274168 -0.961513 -0.018027 -0.961682 0.274118 0.00520852 4273b.dat
1 7 -10.4999 -143.136 73.0522 0 -0.0187847 1 -0.274167 0.961512 0.0180644 -0.961682 -0.274119 -0.00515188 4273b.dat
1 7 -50.4999 -143.497 73.1552 0 0 -1 0.274165 0.961683 0 0.961683 -0.274165 0 4273b.dat
1 0 -0.499945 -142.956 73.0006 -1 0 0.0187737 -0.0180506 -0.274167 -0.961513 0.00516046 -0.961682 0.274119 3704.dat
1 7 -100 -143.007 73.0156 0 0 1 -0.274165 0.961683 0 -0.961683 -0.274165 0 3713.dat
1 7 99.9894 -141.91 72.6955 0 0 -1 0.274191 0.961675 0 0.961675 -0.274191 0 3713.dat
0
0 FILE wheel.ldr
0 wheel
0 ROTATION CENTER 0 0 0 1 "Custom" 
0 ROTATION CONFIG 0 0
1 7 -130 9.5 20 0 0 1 -1 0 0 0 -1 0 2695.dat
1 0 -129.5 9.5 20 0 0 1 0 1 0 -1 0 0 2696.dat
1 7 -120 10 20 1 0 0 0 1 0 0 0 1 3673.dat
1 7 120 10 140 1 0 0 0 1 0 0 0 1 3673.dat
1 7 130 9.5 140 0 0 -1 -1 0 0 0 1 0 2695.dat
1 0 129.5 9.5 140 0 0 -1 0 1 0 1 0 0 2696.dat
1 7 120 10 20 1 0 0 0 1 0 0 0 1 3673.dat
1 7 130 9.5 20 0 0 -1 -1 0 0 0 1 0 2695.dat
1 0 129.5 9.5 20 0 0 -1 0 1 0 1 0 0 2696.dat
1 7 -120 10 140 1 0 0 0 1 0 0 0 1 3673.dat
1 7 -130 9.5 140 0 0 1 -1 0 0 0 -1 0 2695.dat
1 0 -129.5 9.5 140 0 0 1 0 1 0 -1 0 0 2696.dat
0 
0
0
