0 FILE Main.ldr
0 Untitled
0 Name: Main.ldr
0 Author: MLCad
0 Unofficial Model
0 ROTATION CENTER 0 0 0 1 "Custom" 
0 ROTATION CONFIG 0 0
1 7 0 0 0 -1 0 0 0 1 0 0 0 -1 chassis.ldr
1 7 0 0 0 -1 0 0 0 1 0 0 0 -1 wheel.ldr
1 7 0 0 -220 -1 0 0 0 1 0 0 0 -1 wheel.ldr
1 7 -120 0 -220 1 0 0 0 1 0 0 0 1 wheel.ldr
1 7 -120 0 0 1 0 0 0 1 0 0 0 1 wheel.ldr
1 7 0 0 0 -1 0 0 0 1 0 0 0 -1 forks.ldr
1 7 0 0 0 -1 0 0 0 1 0 0 0 -1 columns.ldr
1 7 0 0 0 -1 0 0 0 1 0 0 0 -1 actuator.ldr
1 7 0 0 0 -1 0 0 0 1 0 0 0 -1 roof.ldr
1 7 0 0 0 -1 0 0 0 1 0 0 0 -1 gears.ldr
1 7 -40 -159 -70 0 0 -1 0 1 0 1 0 0 motor.ldr
1 7 -0.1 0.2 0.3 1 0 0 0 1 0 0 0 1 flex.ldr
0
0 FILE chassis.ldr
0 CHASSIS
0 ROTATION CENTER 0 0 0 1 "Custom" 
0 ROTATION CONFIG 0 0
1 14 110 -113.546 -49.5 0 0 -1 -1 0 0 0 1 0 3702.dat
1 0 100 -93.546 -39.5 1 0 0 0 1 0 0 0 1 2780.dat
1 4 30 -63.046 260 0 0 -1 0 1 0 1 0 0 3894.dat
1 4 60 -39.046 300 1 0 0 0 1 0 0 0 1 3020.dat
1 4 90 -63.046 260 0 0 -1 0 1 0 1 0 0 3894.dat
1 0 30 -71.0461 -40 0 0 -1 0 1 0 1 0 0 3023.dat
1 0 30 -63.0463 -20 0 0 -1 0 1 0 1 0 0 3894.dat
1 14 0 -71.0461 0 -1 0 0 0 1 0 0 0 -1 3709b.dat
1 14 20 -79.0461 20 0 0 -1 0 1 0 1 0 0 3020.dat
1 0 10 -103.046 60 0 0 -1 0 1 0 1 0 0 3702.dat
1 14 10 -79.046 160 0 0 -1 0 1 0 1 0 0 3666.dat
1 14 10 -71.0461 140 0 0 -1 0 1 0 1 0 0 3710.dat
1 14 10 -63.0463 100 0 0 -1 0 1 0 1 0 0 3895.dat
1 4 60 -39.046 200 1 0 0 0 1 0 0 0 1 3832.dat
1 4 150 -63.046 220 0 0 -1 0 1 0 1 0 0 3701.dat
1 4 60 -71.046 200 1 0 0 0 1 0 0 0 1 3832.dat
1 14 110 -79.046 160 0 0 -1 0 1 0 1 0 0 3666.dat
1 0 110 -103.046 60 0 0 -1 0 1 0 1 0 0 3702.dat
1 14 100 -79.046 20 0 0 -1 0 1 0 1 0 0 3020.dat
1 14 120 -71.046 0 -1 0 0 0 1 0 0 0 -1 3709b.dat
1 0 90 -63.046 -20 0 0 -1 0 1 0 1 0 0 3894.dat
1 0 90 -71.046 -40 0 0 -1 0 1 0 1 0 0 3023.dat
1 0 90 -79.046 -40 0 0 -1 0 1 0 1 0 0 3023.dat
1 0 90 -103.046 -40 0 0 -1 0 1 0 1 0 0 3700.dat
1 14 120 -39.046 0 -1 0 0 0 1 0 0 0 -1 3709b.dat
1 14 150 -63.046 0 0 0 -1 0 1 0 1 0 0 3700.dat
1 14 110 -63.046 100 0 0 -1 0 1 0 1 0 0 3895.dat
1 14 100 -71.046 40 1 0 0 0 1 0 0 0 1 3022.dat
1 14 110 -71.046 140 0 0 -1 0 1 0 1 0 0 3710.dat
1 4 110 -111.046 100 0 0 -1 0 1 0 1 0 0 3023.dat
1 4 60 -119.046 100 1 0 0 0 1 0 0 0 1 3795.dat
1 4 10 -111.046 100 0 0 -1 0 1 0 1 0 0 3023.dat
1 4 -30 -63.046 220 0 0 -1 0 1 0 1 0 0 3701.dat
1 4 60 -95.046 200 1 0 0 0 1 0 0 0 1 3001.dat
1 4 60 -103.046 200 1 0 0 0 1 0 0 0 1 3020.dat
1 0 30 -127.046 200 0 0 -1 0 1 0 1 0 0 3700.dat
1 0 90 -127.046 200 0 0 -1 0 1 0 1 0 0 3700.dat
1 14 20 -71.0461 40 1 0 0 0 1 0 0 0 1 3022.dat
1 14 0 -39.0461 0 -1 0 0 0 1 0 0 0 -1 3709b.dat
1 14 -30 -63.0463 0 0 0 -1 0 1 0 1 0 0 3700.dat
1 0 30 -79.0461 -40 0 0 -1 0 1 0 1 0 0 3023.dat
1 0 30 -103.046 -40 0 0 -1 0 1 0 1 0 0 3700.dat
1 0 100 -53.046 20 1 0 0 0 1 0 0 0 1 2780.dat
1 0 100 -53.046 0 1 0 0 0 1 0 0 0 1 2780.dat
1 0 20 -93.0461 -40 1 0 0 0 1 0 0 0 1 2780.dat
1 14 9.99966 -113.046 -50 0 0 -1 -1 0 0 0 1 0 3702.dat
1 0 20 -53.0461 0 1 0 0 0 1 0 0 0 1 2780.dat
1 0 20 -53.0461 20 1 0 0 0 1 0 0 0 1 2780.dat
0 Assembly 2
1 7 60 -103.046 40 1 0 0 0 1 0 0 0 1 4691.dat
0 Assembly 2
1 7 60 -85.046 40 1 0 0 0 1 0 0 0 1 4692.dat
0 Assembly 2
1 7 60 -101.046 40 1 0 0 0 1 0 0 0 1 4706.dat
0 Assembly 4
1 7 30 -159.046 -40 1 0 0 0 1 0 0 0 1 4694.dat
0 Assembly 4
1 7 20 -159.046 -42 1 0 0 0 1 0 0 0 1 4713.dat
0 Assembly 4
1 0 30 -133.046 -49 1 0 0 0 1 0 0 0 1 4695.dat
1 0 60 -111.046 30 1 0 0 0 1 0 0 0 1 4262.dat
0
0 FILE columns.ldr
0 columns
0 ROTATION CENTER 0 0 0 1 "Custom" 
0 ROTATION CONFIG 0 0
1 4 9.9999 -273.546 297.5 0 0 -1 1 0 0 0 -1 0 4162.dat
1 4 9.99988 -193.546 289.5 0 0 -1 1 0 0 0 -1 0 3703.dat
1 4 9.99988 -113.546 297.5 0 0 -1 1 0 0 0 -1 0 4162.dat
1 4 9.99988 -53.546 265.5 0 0 -1 1 0 0 0 -1 0 3023.dat
1 4 9.99988 -53.546 257.5 0 0 -1 1 0 0 0 -1 0 3023.dat
1 4 9.99988 -53.546 249.5 0 0 -1 1 0 0 0 -1 0 3700.dat
1 7 130 -53.046 240 0 0 1 0 1 0 -1 0 0 3713.dat
1 0 59.9999 -53.046 240 1 0 0 0 1 0 0 0 1 3737.dat
1 7 69.9999 -53.046 240 0 0 1 0 1 0 -1 0 0 3713.dat
1 7 49.9999 -53.046 240 0 0 1 0 1 0 -1 0 0 3713.dat
1 7 -10 -53.046 240 0 0 1 0 1 0 -1 0 0 3713.dat
1 4 110 -53.546 265.5 0 0 -1 1 0 0 0 -1 0 3023.dat
1 4 110 -53.546 257.5 0 0 -1 1 0 0 0 -1 0 3023.dat
1 4 110 -53.546 249.5 0 0 -1 1 0 0 0 -1 0 3700.dat
1 4 110 -113.546 297.5 0 0 -1 1 0 0 0 -1 0 4162.dat
1 4 110 -193.546 289.5 0 0 -1 1 0 0 0 -1 0 3703.dat
1 4 110 -273.546 297.5 0 0 -1 1 0 0 0 -1 0 4162.dat
1 0 100 -53.046 280 1 0 0 0 1 0 0 0 1 2780.dat
1 0 19.9999 -53.046 280 1 0 0 0 1 0 0 0 1 2780.dat
0
0 FILE actuator.ldr
0 ACTUATOR
0 ROTATION CENTER 0 0 0 1 "Custom" 
0 ROTATION CONFIG 0 0
1 0 80 -53.046 300 1 0 0 0 1 0 0 0 1 2780.dat
1 0 40 -53.046 300 1 0 0 0 1 0 0 0 1 2780.dat
1 7 89.9986 -228.608 300.326 0 0 -1 0 1 0 1 0 0 4019.dat
1 0 59.9986 -228.608 300.326 1 0 0 0 1 0 0 0 1 3705.dat
1 7 29.9986 -228.608 300.326 0 0 -1 0 1 0 1 0 0 4019.dat
1 0 29.9995 -240.668 318.047 1 0 0 0 0.20201 0.979383 0 -0.979383 0.20201 3711.dat
1 0 29.9995 -224.998 321.279 1 0 0 0 0.00793242 1 0 -1 0.00793242 3711.dat
1 0 29.9995 -208.998 321.406 1 0 0 0 0.00793242 1 0 -1 0.00793242 3711.dat
1 0 29.9995 -193.009 321.63 1 0 0 0 0.00793242 1 0 -1 0.00793242 3711.dat
1 0 29.9995 -250.801 305.665 1 0 0 0 0.773866 0.633349 0 -0.633349 0.773866 3711.dat
1 0 29.9995 -248.587 289.819 1 0 0 0 0.990372 -0.138433 0 0.138433 0.990372 3711.dat
1 0 29.9995 -235.638 279.901 1 0 0 0 0.602 -0.798497 0 0.798497 0.602 3711.dat
1 0 29.9995 -177.009 321.757 1 0 0 0 0.00793242 1 0 -1 0.00793242 3711.dat
1 0 29.9995 -129.011 322.139 1 0 0 0 0.00523608 1 0 -1 0.00523608 3873.dat
1 0 28.9995 -145.011 322.012 1 0 0 0 0.00793242 1 0 -1 0.00793242 3711.dat
1 0 29.9995 -161.009 321.884 1 0 0 0 0.00793242 1 0 -1 0.00793242 3711.dat
1 0 29.9995 -219.265 279.143 1 0 0 0 0.0405896 -0.999176 0 0.999176 0.0405896 3711.dat
1 0 29.9995 -204.145 285.443 1 0 0 0 -0.38158 -0.924336 0 0.924336 -0.38158 3711.dat
1 0 30.9995 -188.045 285.807 1 0 0 0 -0.00523617 -1 0 1 -0.00523617 3873.dat
1 0 89.9996 -188.045 285.83 1 0 0 0 -0.00523617 -1 0 1 -0.00523617 3873.dat
1 0 88.9996 -204.045 285.746 1 0 0 0 -0.38158 -0.924336 0 0.924336 -0.38158 3711.dat
1 0 89.9996 -234.922 279.987 1 0 0 0 0.602 -0.798497 0 0.798497 0.602 3711.dat
1 0 89.9996 -218.935 279.337 1 0 0 0 0.0405897 -0.999176 0 0.999176 0.0405897 3711.dat
1 0 89.9996 -250.628 305.379 1 0 0 0 0.773866 0.633349 0 -0.633349 0.773866 3711.dat
1 0 89.9996 -240.495 317.761 1 0 0 0 0.20201 0.979383 0 -0.979383 0.20201 3711.dat
1 0 89.9996 -224.825 320.993 1 0 0 0 0.00793242 1 0 -1 0.00793242 3711.dat
1 0 89.9996 -248.414 289.533 1 0 0 0 0.990372 -0.138433 0 0.138433 0.990372 3711.dat
1 0 89.9996 -177.01 321.757 1 0 0 0 0.00793242 1 0 -1 0.00793242 3711.dat
1 0 89.9996 -193.01 321.63 1 0 0 0 0.00793242 1 0 -1 0.00793242 3711.dat
1 0 89.9996 -161.01 321.884 1 0 0 0 0.00793242 1 0 -1 0.00793242 3711.dat
1 0 89.9996 -145.01 322.01 1 0 0 0 0.00793242 1 0 -1 0.00793242 3711.dat
1 0 88.9996 -129.01 322.137 1 0 0 0 0.00523608 1 0 -1 0.00523608 3873.dat
1 0 89.9996 -209.01 321.503 1 0 0 0 0.00793242 1 0 -1 0.00793242 3711.dat
0 Assembly 1
1 0 59.9986 -228.608 300.326 -1 0 0 0 1 0 0 0 -1 336.dat
0 Assembly 1
1 14 60 -198.046 300 -1 0 0 0 1 0 0 0 -1 128.dat
0 Assembly 1
1 14 60 -189.046 300 -1 0 0 0 1 0 0 0 -1 335.dat
0 Assembly 1
1 14 60 -67.046 300 1 0 0 0 1 0 0 0 1 4701.dat
1 7 44.9986 -228.608 300.326 0 0 -1 0 1 0 1 0 0 4265a.dat
1 7 74.9985 -228.608 300.326 0 0 1 0 1 0 -1 0 0 4265a.dat
0
0 FILE roof.ldr
0 roof
0 ROTATION CENTER 0 0 0 1 "Custom" 
0 ROTATION CONFIG 0 0
1 0 19.9997 -205.046 120 1 0 0 0 1 0 0 0 1 2780.dat
1 4 59.9996 -191.046 39.9999 0 0 -1 0 1 0 1 0 0 3030.dat
1 7 29.9997 -183.046 -40.0001 0 0 -1 0 1 0 1 0 0 3700.dat
1 4 60.0001 -183.046 100 1 0 0 0 1 0 0 0 1 3020.dat
1 4 89.9997 -215.046 120 0 0 -1 0 1 0 1 0 0 3700.dat
1 4 29.9996 -215.046 120 0 0 -1 0 1 0 1 0 0 3700.dat
1 7 89.9999 -183.046 -40 0 0 -1 0 1 0 1 0 0 3700.dat
1 0 99.9997 -205.046 120 1 0 0 0 1 0 0 0 1 2780.dat
1 4 110 -167.75 167.557 0 0 -1 0.736963 0.675933 0 0.675933 -0.736963 0 3702.dat
1 7 130 -117.046 200 0 0 1 0 1 0 -1 0 0 3713.dat
1 0 58 -117.046 200 1 0 0 0 1 0 0 0 1 3737.dat
1 7 -9.99998 -117.046 200 0 0 -1 0 1 0 1 0 0 3713.dat
1 4 9.99966 -167.75 167.557 0 0 -1 0.736963 0.675933 0 0.675933 -0.736963 0 3702.dat
1 0 100 -173.046 -40 1 0 0 0 1 0 0 0 1 2780.dat
1 0 19.9997 -173.046 -40.0001 1 0 0 0 1 0 0 0 1 2780.dat
0
0 FILE gears.ldr
0 GEARS
0 ROTATION CENTER 0 0 0 1 "Custom" 
0 ROTATION CONFIG 0 0
1 7 90 -93.0759 119.83 0 0 -1 0.340492 0.940247 0 0.940247 -0.340492 0 3647.dat
1 0 80 -93.0759 119.83 1 0 0 0 0.940247 0.340493 0 -0.340493 0.940247 3707.dat
1 7 129 -93.0759 119.83 0 0 1 -0.340492 0.940248 0 -0.940248 -0.340492 0 3650c.dat
1 7 100 -53.046 120 -1 0 0 0 1 0 0 0 -1 3749.dat
1 7 20 -53.0461 120 1 0 0 0 1 0 0 0 1 3749.dat
1 7 80 -53.546 -60.5 1 0 0 0 1 0 0 0 1 3673.dat
1 7 40 -53.5461 -60.5 1 0 0 0 1 0 0 0 1 3673.dat
1 7 -7.5 -93.046 80 0 0 -1 0 1 0 1 0 0 3649.dat
1 0 61.5 -93.046 80 1 0 0 0 1 0 0 0 1 3737.dat
1 7 130 -93.046 80 0 0 -1 0 1 0 1 0 0 3647.dat
0 Assembly 3
1 0 60 -53.046 104.2 1 0 0 0 0 1 0 -1 0 337.dat
1 383 60 -53.9 92.1 1 0 0 0 0 1 0 -1 0 x882.dat
0 Assembly 3
1 14 60 -53.046 45 1 0 0 0 0 1 0 -1 0 128.dat
0 Assembly 3
1 14 60 -53.046 36 1 0 0 0 0 1 0 -1 0 127.dat
0 Assembly 3
1 14 60 -53.046 -46 1 0 0 0 0 1 0 -1 0 4701.dat
1 7 30 -53.0461 120 0 0 -1 0 1 0 1 0 0 3648a.dat
1 7 90 -53.046 120 0 0 1 0 1 0 -1 0 0 3648a.dat
1 0 60 -53.0461 104.2 1 0 0 0 -0.707107 -0.707107 0 0.707107 -0.707107 3705.dat
0
0 FILE motor.ldr
0 New Model
0 Name: motor.ldr
0 Author: MLCad
0 Unofficial Model
0 ROTATION CENTER 0 0 0 1 "Custom" 
0 ROTATION CONFIG 0 0
1 7 -30 -16 0 1 0 0 0 1 0 0 0 1 6228a.dat
1 7 -29.911 10.044 -50.023 0.99968 0.0253012 0 -0.0253012 0.99968 0 0 0 1 3647.dat
0
0 FILE forks.ldr
0 forks
0 ROTATION CENTER 0 0 0 1 "Custom" 
0 ROTATION CONFIG 0 0
1 0 110 -143.504 265.469 0 0 1 -1 0 0 0 -1 0 3069b.dat
1 0 110 -143.51 257.469 0 0 -1 1 0 0 0 -1 0 3700.dat
1 0 120 -63.01 327.969 1 0 0 0 1 0 0 0 1 2780.dat
1 0 -0.000162423 -143.01 327.969 1 0 0 0 1 0 0 0 1 2780.dat
1 0 9.9999 -103.51 337.469 0 0 -1 1 0 0 0 -1 0 3894.dat
1 0 9.99991 -103.51 313.469 0 0 1 -1 0 0 0 -1 0 3666.dat
1 0 9.99987 -103.51 305.469 0 0 1 -1 0 0 0 -1 0 3666.dat
1 0 60 -63.51 345.469 1 0 0 0 0 1 0 -1 0 3795.dat
1 0 110 -103.51 337.469 0 0 -1 1 0 0 0 -1 0 3894.dat
1 0 110 -103.51 313.469 0 0 1 -1 0 0 0 -1 0 3666.dat
1 0 110 -103.51 305.469 0 0 1 -1 0 0 0 -1 0 3666.dat
1 0 60 -153.51 345.469 1 0 0 0 0 1 0 -1 0 3666.dat
1 7 -10.0002 -129.01 327.969 0 0 -1 0 1 0 1 0 0 3004.dat
1 7 -10.0002 -105.01 327.969 0 0 -1 0 1 0 1 0 0 3004.dat
1 7 -10.0002 -153.01 287.969 0 0 -1 0 1 0 1 0 0 3894.dat
1 7 -10.0002 -81.01 327.969 0 0 -1 0 1 0 1 0 0 3023.dat
1 0 -10.0002 -73.01 427.969 0 0 -1 0 1 0 1 0 0 3895.dat
1 0 -0.000114739 -63.0101 327.969 1 0 0 0 1 0 0 0 1 2780.dat
1 0 9.99985 -143.504 265.469 0 0 1 -1 0 0 0 -1 0 3069b.dat
1 0 9.99987 -143.51 257.469 0 0 -1 1 0 0 0 -1 0 3700.dat
1 7 -0.000162423 -143.01 247.969 1 0 0 0 1 0 0 0 1 3673.dat
1 7 130 -153.01 287.969 0 0 -1 0 1 0 1 0 0 3894.dat
1 7 130 -129.01 327.969 0 0 -1 0 1 0 1 0 0 3004.dat
1 7 130 -105.01 327.969 0 0 -1 0 1 0 1 0 0 3004.dat
1 7 130 -81.01 327.969 0 0 -1 0 1 0 1 0 0 3023.dat
1 0 130 -73.01 427.969 0 0 -1 0 1 0 1 0 0 3895.dat
1 7 120 -143.01 247.969 1 0 0 0 1 0 0 0 1 3673.dat
1 0 120 -143.01 327.969 1 0 0 0 1 0 0 0 1 2780.dat
0
0 FILE wheel.ldr
0 wheel
0 ROTATION CENTER 0 0 0 1 "Custom" 
0 ROTATION CONFIG 0 0
1 0 170 -53.546 0 0 0 -1 0 1 0 1 0 0 3634.dat
1 7 170 -53.046 0 0 0 -1 0 1 0 1 0 0 3482.dat
1 7 160 -53.046 0 1 0 0 0 1 0 0 0 1 3749.dat
0 
0 
0 
0 
0 
0
0 FILE flex.ldr
0 New Model
0 Name: flex.ldr
0 Author: MLCad
0 Unofficial Model
0 ROTATION CENTER 0 0 0 1 "Custom" 
0 ROTATION CONFIG 0 0
0 MLCAD BTG hose2
0 MLCAD FLEXHOSE 7 0 0 0 1 0 0 0 1 0 0 0 1  -42 -144 40  90 5 0 -40 -93 -25 0 0 -60 180 ls51.dat ls51.dat 0
0 MLCAD SKIP_BEGIN
1 7 -42 -144 40 0.000143019 0.998539 0.0540355 0 0.0540355 -0.998539 -1 0.00014281 7.72812e-006 LS51.dat
1 7 -42.6822 -144.037 39.9999 0.000441914 0.998694 0.0510965 0 0.0510965 -0.998694 -1 0.000441337 2.25803e-005 LS51.dat
1 7 -43.3731 -144.072 39.9996 0.00076219 0.998845 0.0480382 0 0.0480383 -0.998845 -1 0.00076131 3.66143e-005 LS51.dat
1 7 -44.0727 -144.106 39.9991 0.00110559 0.998993 0.0448535 0 0.0448535 -0.998994 -0.999999 0.00110448 4.95896e-005 LS51.dat
1 7 -44.7812 -144.138 39.9983 0.00147403 0.999136 0.0415341 0 0.0415342 -0.999137 -0.999999 0.00147276 6.12226e-005 LS51.dat
1 7 -45.4987 -144.168 39.9972 0.00186962 0.999273 0.0380715 0 0.0380716 -0.999275 -0.999998 0.00186826 7.11794e-005 LS51.dat
1 7 -46.2252 -144.195 39.9959 0.00229468 0.999404 0.0344563 0 0.0344564 -0.999406 -0.999997 0.00229332 7.90665e-005 LS51.dat
1 7 -46.9609 -144.221 39.9942 0.0027518 0.999526 0.0306781 0 0.0306782 -0.999529 -0.999996 0.0027505 8.44201e-005 LS51.dat
1 7 -47.7057 -144.243 39.9921 0.0032438 0.999638 0.0267257 0 0.0267259 -0.999643 -0.999995 0.00324264 8.66933e-005 LS51.dat
1 7 -48.4597 -144.264 39.9897 0.00377385 0.999738 0.022587 0 0.0225872 -0.999745 -0.999993 0.00377289 8.52406e-005 LS51.dat
1 7 -49.2229 -144.281 39.9868 0.00434545 0.999824 0.0182486 0 0.0182488 -0.999833 -0.999991 0.00434472 7.92992e-005 LS51.dat
1 7 -49.9955 -144.295 39.9834 0.0049625 0.999894 0.0136959 0 0.0136961 -0.999906 -0.999988 0.00496203 6.79668e-005 LS51.dat
1 7 -50.7773 -144.306 39.9796 0.00562935 0.999944 0.00891289 0 0.00891303 -0.99996 -0.999984 0.00562913 5.01745e-005 LS51.dat
1 7 -51.5683 -144.313 39.9751 0.00635087 0.999972 0.00388192 0 0.003882 -0.999992 -0.99998 0.00635082 2.4654e-005 LS51.dat
1 7 -52.3685 -144.316 39.97 0.0071325 0.999974 -0.00141637 0 -0.0014164 -0.999999 -0.999975 0.00713249 -1.01025e-005 LS51.dat
1 7 -53.1779 -144.315 39.9643 0.00798037 0.999944 -0.00700334 0 -0.00700357 -0.999975 -0.999968 0.00798017 -5.5891e-005 LS51.dat
1 7 -53.9963 -144.309 39.9577 0.00890137 0.999877 -0.0129026 0 -0.0129031 -0.999917 -0.99996 0.00890062 -0.000114855 LS51.dat
1 7 -54.8236 -144.298 39.9504 0.00990326 0.999768 -0.0191403 0 -0.0191412 -0.999817 -0.999951 0.00990145 -0.000189561 LS51.dat
1 7 -55.6596 -144.282 39.9421 0.0109949 0.999608 -0.0257454 0 -0.0257469 -0.999668 -0.99994 0.0109912 -0.000283084 LS51.dat
1 7 -56.504 -144.261 39.9328 0.0121861 0.999389 -0.03275 0 -0.0327524 -0.999463 -0.999926 0.0121796 -0.000399125 LS51.dat
1 7 -57.3567 -144.233 39.9224 0.0134884 0.999101 -0.0401899 0 -0.0401935 -0.999192 -0.999909 0.0134775 -0.000542148 LS51.dat
1 7 -58.2173 -144.198 39.9108 0.0149147 0.998731 -0.0481051 0 -0.0481104 -0.998842 -0.999889 0.0148975 -0.000717555 LS51.dat
1 7 -59.0853 -144.156 39.8978 0.0164799 0.998264 -0.05654 0 -0.0565477 -0.9984 -0.999864 0.0164535 -0.000931899 LS51.dat
1 7 -59.9603 -144.107 39.8834 0.0182009 0.997684 -0.0655446 0 -0.0655555 -0.997849 -0.999834 0.0181617 -0.00119317 LS51.dat
1 7 -60.8418 -144.049 39.8674 0.0200973 0.996968 -0.0751747 0 -0.0751899 -0.997169 -0.999798 0.0200405 -0.00151112 LS51.dat
1 7 -61.7291 -143.982 39.8495 0.022192 0.996092 -0.0854928 0 -0.0855138 -0.996337 -0.999754 0.0221107 -0.00189772 LS51.dat
1 7 -62.6214 -143.905 39.8297 0.0245112 0.995024 -0.0965691 0 -0.0965982 -0.995323 -0.9997 0.0243965 -0.00236773 LS51.dat
1 7 -63.5178 -143.818 39.8078 0.0270855 0.993729 -0.108483 0 -0.108523 -0.994094 -0.999633 0.0269255 -0.00293939 LS51.dat
1 7 -64.4174 -143.72 39.7834 0.0299509 0.992161 -0.121322 0 -0.121377 -0.992606 -0.999551 0.0297294 -0.00363534 LS51.dat
1 7 -65.319 -143.61 39.7564 0.0331494 0.990265 -0.135188 0 -0.135262 -0.99081 -0.99945 0.0328447 -0.00448385 LS51.dat
1 7 -66.2213 -143.486 39.7264 0.0367308 0.987975 -0.15019 0 -0.150292 -0.988642 -0.999325 0.0363136 -0.00552033 LS51.dat
1 7 -67.1228 -143.349 39.6933 0.0407539 0.985206 -0.166456 0 -0.166594 -0.986026 -0.999169 0.0401844 -0.00678935 LS51.dat
1 7 -68.0218 -143.197 39.6566 0.0452888 0.981859 -0.184123 0 -0.184312 -0.982868 -0.998974 0.0445129 -0.00834726 LS51.dat
1 7 -68.9164 -143.029 39.6161 0.0504196 0.977808 -0.203346 0 -0.203605 -0.979053 -0.998728 0.0493634 -0.0102657 LS51.dat
1 7 -69.8046 -142.844 39.5712 0.0562471 0.972897 -0.224295 0 -0.22465 -0.974439 -0.998417 0.0548094 -0.0126359 LS51.dat
1 7 -70.6839 -142.641 39.5217 0.0628936 0.966933 -0.247152 0 -0.247643 -0.968851 -0.99802 0.0609346 -0.0155751 LS51.dat
1 7 -71.5517 -142.419 39.467 0.0705081 0.959679 -0.272112 0 -0.272791 -0.962073 -0.997511 0.067834 -0.019234 LS51.dat
1 7 -72.4054 -142.176 39.4067 0.0792731 0.950837 -0.299374 0 -0.300319 -0.953839 -0.996853 0.0756138 -0.0238072 LS51.dat
1 7 -73.2416 -141.912 39.3402 0.0894138 0.940043 -0.329127 0 -0.330451 -0.943823 -0.995995 0.0843909 -0.0295469 LS51.dat
1 7 -74.0573 -141.625 39.267 0.10121 0.926847 -0.361541 0 -0.363407 -0.931631 -0.994865 0.0942906 -0.0367805 LS51.dat
1 7 -74.8487 -141.315 39.1864 0.115013 0.910703 -0.396727 0 -0.399377 -0.916787 -0.993364 0.105443 -0.0459337 LS51.dat
1 7 -75.6122 -140.98 39.098 0.131266 0.890957 -0.4347 0 -0.438494 -0.898734 -0.991347 0.117973 -0.0575594 LS51.dat
1 7 -76.3439 -140.62 39.0011 0.150532 0.866844 -0.475312 0 -0.48079 -0.876836 -0.988605 0.131992 -0.0723742 LS51.dat
1 7 -77.0399 -140.234 38.8952 0.173533 0.837497 -0.518156 0 -0.526138 -0.850399 -0.984828 0.147572 -0.0913024 LS51.dat
1 7 -77.6964 -139.822 38.7795 0.201202 0.801984 -0.562441 0 -0.574183 -0.818727 -0.97955 0.164729 -0.115527 LS51.dat
1 7 -78.3093 -139.383 38.6536 0.234744 0.759384 -0.60682 0 -0.624264 -0.781213 -0.972057 0.183385 -0.146542 LS51.dat
1 7 -78.8752 -138.918 38.5169 0.275714 0.708908 -0.649177 0 -0.675354 -0.737493 -0.96124 0.203338 -0.186205 LS51.dat
1 7 -79.3907 -138.427 38.3691 0.326089 0.650066 -0.686353 0 -0.726039 -0.687654 -0.945339 0.224236 -0.236753 LS51.dat
1 7 -79.8529 -137.91 38.2096 0.388273 0.582868 -0.713799 0 -0.774568 -0.63249 -0.921544 0.245579 -0.300744 LS51.dat
1 7 -80.2595 -137.37 38.0383 0.464896 0.507991 -0.725132 0 -0.81902 -0.573765 -0.885365 0.266741 -0.380759 LS51.dat
1 7 -80.6086 -136.807 37.855 0.558022 0.42686 -0.711619 0 -0.857552 -0.514397 -0.829826 0.287045 -0.478533 LS51.dat
1 7 -80.8992 -136.223 37.6596 0.667103 0.34156 -0.66205 0 -0.888699 -0.458491 -0.744965 0.305861 -0.592854 LS51.dat
1 7 -81.1309 -135.621 37.4522 0.78509 0.254589 -0.56464 0 -0.911618 -0.411038 -0.619382 0.322702 -0.715702 LS51.dat
1 7 -81.3039 -135.001 37.2329 0.894575 0.168508 -0.413934 0 -0.926196 -0.377043 -0.446918 0.337293 -0.828551 LS51.dat
1 7 -81.4192 -134.367 37.002 0.971316 0.0855842 -0.221859 0 -0.932987 -0.359909 -0.237794 0.349585 -0.906225 LS51.dat
1 7 -81.4785 -133.721 36.7599 0.999779 0.00756168 -0.0196089 0 -0.93303 -0.359799 -0.0210164 0.35972 -0.932824 LS51.dat
1 7 -81.4838 -133.065 36.507 0.985011 -0.0644373 0.160005 0 -0.927604 -0.373565 0.172493 0.367966 -0.9137 LS51.dat
1 7 -81.4377 -132.402 36.2439 0.944844 -0.129871 0.300673 0 -0.918024 -0.396525 0.327522 0.374654 -0.867389 LS51.dat
1 7 -81.3431 -131.734 35.9711 0.895741 -0.188662 0.40256 0 -0.905492 -0.424364 0.444576 0.38012 -0.811086 LS51.dat
1 7 -81.2032 -131.062 35.6892 0.847364 -0.241061 0.473143 0 -0.89102 -0.453965 0.531013 0.384673 -0.755018 LS51.dat
1 7 -81.0212 -130.389 35.3988 0.803871 -0.287515 0.520698 0 -0.875411 -0.483379 0.594804 0.388574 -0.703718 LS51.dat
1 7 -80.8004 -129.717 35.1004 0.766414 -0.328572 0.551951 0 -0.859273 -0.511518 0.642347 0.392034 -0.658559 LS51.dat
1 7 -80.5442 -129.047 34.7947 0.734816 -0.364805 0.571807 0 -0.843042 -0.537848 0.678267 0.395219 -0.61948 LS51.dat
1 7 -80.2558 -128.38 34.4822 0.70842 -0.396774 0.583705 0 -0.827022 -0.562169 0.705792 0.398252 -0.585879 LS51.dat
1 7 -79.9382 -127.718 34.1634 0.686472 -0.425002 0.590026 0 -0.811415 -0.584471 0.727157 0.401222 -0.557013 LS51.dat
1 7 -79.5945 -127.062 33.8389 0.668266 -0.449956 0.592419 0 -0.796345 -0.604843 0.743922 0.404196 -0.53217 LS51.dat
1 7 -79.2273 -126.412 33.5091 0.653192 -0.472055 0.592034 0 -0.781881 -0.623428 0.757192 0.407218 -0.510719 LS51.dat
1 7 -78.8393 -125.77 33.1744 0.640739 -0.49166 0.589682 0 -0.768056 -0.640383 0.767759 0.410318 -0.492123 LS51.dat
1 7 -78.4329 -125.135 32.8352 0.630486 -0.509086 0.585934 0 -0.754875 -0.655869 0.776201 0.413516 -0.475938 LS51.dat
1 7 -78.0102 -124.508 32.4919 0.622087 -0.524606 0.581202 0 -0.742325 -0.67004 0.782948 0.416824 -0.461791 LS51.dat
1 7 -77.5733 -123.89 32.1447 0.615262 -0.538454 0.575778 0 -0.730383 -0.683037 0.788323 0.420247 -0.449377 LS51.dat
1 7 -77.1239 -123.28 31.794 0.609778 -0.550829 0.569876 0 -0.71902 -0.694989 0.792572 0.423789 -0.438443 LS51.dat
1 7 -76.6638 -122.68 31.44 0.605444 -0.561904 0.56365 0 -0.708203 -0.706009 0.795888 0.427449 -0.428777 LS51.dat
1 7 -76.1943 -122.088 31.0829 0.602102 -0.571828 0.557212 0 -0.697895 -0.7162 0.798419 0.431226 -0.420204 LS51.dat
1 7 -75.7169 -121.505 30.7228 0.59962 -0.580728 0.550645 0 -0.688062 -0.725652 0.800285 0.435116 -0.412576 LS51.dat
1 7 -75.2327 -120.932 30.36 0.597889 -0.588714 0.544007 0 -0.67867 -0.734443 0.801579 0.439116 -0.405769 LS51.dat
1 7 -74.7428 -120.367 29.9947 0.596816 -0.595882 0.537342 0 -0.669686 -0.742644 0.802378 0.443222 -0.399679 LS51.dat
1 7 -74.2483 -119.811 29.6268 0.596322 -0.602313 0.530678 0 -0.661079 -0.750316 0.802745 0.44743 -0.394216 LS51.dat
1 7 -73.7499 -119.264 29.2566 0.596341 -0.608079 0.524039 0 -0.65282 -0.757513 0.802731 0.451736 -0.389304 LS51.dat
1 7 -73.2485 -118.726 28.8841 0.596817 -0.613243 0.517439 0 -0.644882 -0.764282 0.802378 0.456136 -0.384876 LS51.dat
1 7 -72.7447 -118.196 28.5093 0.5977 -0.617859 0.510887 0 -0.637238 -0.770667 0.80172 0.460628 -0.380877 LS51.dat
1 7 -72.2391 -117.674 28.1324 0.598949 -0.621974 0.504389 0 -0.629866 -0.776703 0.800787 0.465206 -0.377258 LS51.dat
1 7 -71.7324 -117.161 27.7534 0.600528 -0.62563 0.497948 0 -0.622744 -0.782425 0.799604 0.469869 -0.373976 LS51.dat
1 7 -71.225 -116.656 27.3723 0.602405 -0.628864 0.491567 0 -0.615852 -0.787862 0.79819 0.474613 -0.370992 LS51.dat
1 7 -70.7173 -116.159 26.9892 0.604554 -0.631707 0.485243 0 -0.60917 -0.79304 0.796564 0.479435 -0.368276 LS51.dat
1 7 -70.2098 -115.67 26.604 0.606949 -0.634189 0.478976 0 -0.602682 -0.797982 0.794741 0.484334 -0.365797 LS51.dat
1 7 -69.7027 -115.188 26.2168 0.60957 -0.636333 0.472762 0 -0.596371 -0.802709 0.792732 0.489307 -0.36353 LS51.dat
1 7 -69.1965 -114.713 25.8275 0.612399 -0.638163 0.4666 0 -0.590223 -0.80724 0.790549 0.494353 -0.361452 LS51.dat
1 7 -68.6914 -114.246 25.4362 0.615419 -0.639697 0.460486 0 -0.584224 -0.811592 0.7882 0.499469 -0.359543 LS51.dat
1 7 -68.1876 -113.786 25.0429 0.618615 -0.640954 0.454416 0 -0.578362 -0.81578 0.785694 0.504654 -0.357784 LS51.dat
1 7 -67.6853 -113.333 24.6474 0.621976 -0.641947 0.448386 0 -0.572624 -0.819818 0.783036 0.509907 -0.356158 LS51.dat
1 7 -67.1849 -112.886 24.2499 0.625489 -0.642692 0.442392 0 -0.567 -0.823718 0.780233 0.515227 -0.354652 LS51.dat
1 7 -66.6863 -112.447 23.8502 0.629144 -0.643199 0.436431 0 -0.561478 -0.827491 0.777288 0.520612 -0.353251 LS51.dat
1 7 -66.1899 -112.013 23.4484 0.632933 -0.643481 0.430498 0 -0.556051 -0.831148 0.774207 0.526061 -0.351943 LS51.dat
1 7 -65.6956 -111.586 23.0444 0.636846 -0.643545 0.42459 0 -0.550707 -0.834698 0.770991 0.531574 -0.350716 LS51.dat
1 7 -65.2038 -111.165 22.6381 0.640877 -0.6434 0.418704 0 -0.54544 -0.83815 0.767644 0.537151 -0.34956 LS51.dat
1 7 -64.7144 -110.75 22.2295 0.645018 -0.643055 0.412835 0 -0.540241 -0.84151 0.764167 0.542789 -0.348465 LS51.dat
1 7 -64.2277 -110.342 21.8187 0.649264 -0.642514 0.406979 0 -0.535103 -0.844787 0.760563 0.54849 -0.347423 LS51.dat
1 7 -63.7436 -109.938 21.4054 0.653609 -0.641784 0.401135 0 -0.530018 -0.847987 0.756833 0.554251 -0.346424 LS51.dat
1 7 -63.2623 -109.541 20.9897 0.658047 -0.64087 0.395297 0 -0.52498 -0.851115 0.752977 0.560074 -0.345461 LS51.dat
1 7 -62.7838 -109.149 20.5716 0.662575 -0.639775 0.389464 0 -0.519982 -0.854177 0.748996 0.565956 -0.344527 LS51.dat
1 7 -62.3082 -108.762 20.1509 0.667187 -0.638504 0.383632 0 -0.515018 -0.857179 0.74489 0.571899 -0.343614 LS51.dat
1 7 -61.8356 -108.381 19.7276 0.671881 -0.63706 0.377798 0 -0.510084 -0.860125 0.740659 0.577901 -0.342715 LS51.dat
1 7 -61.3661 -108.005 19.3017 0.676651 -0.635444 0.37196 0 -0.505172 -0.863019 0.736304 0.583963 -0.341825 LS51.dat
1 7 -60.8997 -107.634 18.873 0.681495 -0.63366 0.366115 0 -0.500278 -0.865865 0.731823 0.590083 -0.340937 LS51.dat
1 7 -60.4364 -107.269 18.4416 0.686409 -0.631708 0.36026 0 -0.495397 -0.868667 0.727216 0.596261 -0.340045 LS51.dat
1 7 -59.9763 -106.908 18.0073 0.69139 -0.629591 0.354394 0 -0.490523 -0.871428 0.722481 0.602497 -0.339143 LS51.dat
1 7 -59.5195 -106.552 17.5702 0.696436 -0.627308 0.348514 0 -0.485653 -0.874152 0.717619 0.608791 -0.338226 LS51.dat
1 7 -59.0659 -106.201 17.13 0.701542 -0.624861 0.342618 0 -0.480781 -0.876841 0.712628 0.615141 -0.337288 LS51.dat
1 7 -58.6158 -105.854 16.6869 0.706708 -0.62225 0.336704 0 -0.475903 -0.879498 0.707506 0.621548 -0.336324 LS51.dat
1 7 -58.169 -105.513 16.2406 0.711929 -0.619474 0.330771 0 -0.471015 -0.882125 0.702252 0.62801 -0.335329 LS51.dat
1 7 -57.7256 -105.176 15.7911 0.717203 -0.616533 0.324817 0 -0.466113 -0.884725 0.696864 0.634528 -0.334298 LS51.dat
1 7 -57.2858 -104.843 15.3384 0.722528 -0.613427 0.318841 0 -0.461192 -0.8873 0.691341 0.641099 -0.333225 LS51.dat
1 7 -56.8494 -104.515 14.8824 0.727902 -0.610155 0.312842 0 -0.45625 -0.889852 0.685682 0.647724 -0.332105 LS51.dat
1 7 -56.4166 -104.191 14.423 0.73332 -0.606716 0.306818 0 -0.451281 -0.892382 0.679883 0.654402 -0.330933 LS51.dat
1 7 -55.9875 -103.872 13.9601 0.738782 -0.603108 0.300769 0 -0.446282 -0.894892 0.673944 0.661131 -0.329705 LS51.dat
1 7 -55.562 -103.557 13.4937 0.744285 -0.599329 0.294694 0 -0.44125 -0.897384 0.667863 0.667909 -0.328416 LS51.dat
1 7 -55.1403 -103.247 13.0237 0.749825 -0.595379 0.288593 0 -0.436181 -0.899859 0.661636 0.674737 -0.327059 LS51.dat
1 7 -54.7223 -102.941 12.55 0.7554 -0.591256 0.282465 0 -0.431071 -0.902318 0.655264 0.681611 -0.325631 LS51.dat
1 7 -54.3081 -102.639 12.0725 0.761008 -0.586957 0.276311 0 -0.425918 -0.904762 0.648742 0.688532 -0.324127 LS51.dat
1 7 -53.8979 -102.341 11.5913 0.766646 -0.582481 0.270129 0 -0.420717 -0.907192 0.64207 0.695495 -0.322541 LS51.dat
1 7 -53.4915 -102.048 11.1061 0.772311 -0.577824 0.263922 0 -0.415465 -0.909609 0.635245 0.702501 -0.320868 LS51.dat
1 7 -53.0892 -101.758 10.6169 0.778 -0.572986 0.257689 0 -0.41016 -0.912014 0.628264 0.709546 -0.319104 LS51.dat
1 7 -52.6909 -101.473 10.1237 0.78371 -0.567963 0.251431 0 -0.404798 -0.914406 0.621127 0.716629 -0.317244 LS51.dat
1 7 -52.2968 -101.192 9.62643 0.789437 -0.562753 0.24515 0 -0.399376 -0.916787 0.613831 0.723746 -0.315282 LS51.dat
1 7 -51.9068 -100.915 9.12494 0.795179 -0.557353 0.238846 0 -0.393891 -0.919157 0.606374 0.730895 -0.313214 LS51.dat
1 7 -51.5212 -100.643 8.6192 0.800932 -0.551762 0.232521 0 -0.388341 -0.921516 0.598755 0.738072 -0.311035 LS51.dat
1 7 -51.1399 -100.375 8.10913 0.806693 -0.545976 0.226178 0 -0.382722 -0.923863 0.59097 0.745275 -0.30874 LS51.dat
1 7 -50.763 -100.11 7.59467 0.812458 -0.539992 0.219817 0 -0.377033 -0.9262 0.583019 0.752499 -0.306323 LS51.dat
1 7 -50.3906 -99.8504 7.07576 0.818223 -0.533809 0.213443 0 -0.37127 -0.928525 0.5749 0.759741 -0.303782 LS51.dat
1 7 -50.0228 -99.5946 6.55234 0.823985 -0.527424 0.207057 0 -0.365431 -0.930839 0.566612 0.766997 -0.301109 LS51.dat
1 7 -49.6598 -99.343 6.02434 0.829738 -0.520834 0.200663 0 -0.359513 -0.93314 0.558152 0.774262 -0.298302 LS51.dat
1 7 -49.3015 -99.0957 5.4917 0.83548 -0.514038 0.194264 0 -0.353516 -0.935429 0.549521 0.781532 -0.295355 LS51.dat
1 7 -48.9481 -98.8527 4.95438 0.841205 -0.507032 0.187864 0 -0.347436 -0.937704 0.540717 0.788801 -0.292265 LS51.dat
1 7 -48.5996 -98.6139 4.41232 0.846909 -0.499815 0.181467 0 -0.341272 -0.939965 0.531738 0.796064 -0.289026 LS51.dat
1 7 -48.2563 -98.3795 3.86547 0.852587 -0.492386 0.175078 0 -0.335022 -0.94221 0.522586 0.803316 -0.285635 LS51.dat
1 7 -47.9181 -98.1494 3.31379 0.858234 -0.484741 0.1687 0 -0.328685 -0.944439 0.513258 0.81055 -0.282089 LS51.dat
1 7 -47.5853 -97.9237 2.75724 0.863846 -0.476881 0.162341 0 -0.32226 -0.946651 0.503756 0.817761 -0.278383 LS51.dat
1 7 -47.2579 -97.7024 2.19578 0.869417 -0.468804 0.156004 0 -0.315746 -0.948844 0.494079 0.824941 -0.274515 LS51.dat
1 7 -46.936 -97.4857 1.62939 0.874941 -0.460509 0.149695 0 -0.309141 -0.951016 0.484229 0.832083 -0.270481 LS51.dat
1 7 -46.6198 -97.2734 1.05805 0.880414 -0.451997 0.143422 0 -0.302446 -0.953166 0.474205 0.839181 -0.266278 LS51.dat
1 7 -46.3094 -97.0657 0.481726 0.88583 -0.443265 0.13719 0 -0.295661 -0.955293 0.46401 0.846227 -0.261905 LS51.dat
1 7 -46.0049 -96.8626 -0.09958 0.891183 -0.434317 0.131006 0 -0.288785 -0.957394 0.453644 0.853213 -0.25736 LS51.dat
1 7 -45.7064 -96.6641 -0.685876 0.896467 -0.425151 0.124877 0 -0.281818 -0.959468 0.443111 0.860131 -0.252641 LS51.dat
1 7 -45.4142 -96.4704 -1.27716 0.901676 -0.415769 0.118811 0 -0.274763 -0.961512 0.432412 0.866973 -0.247747 LS51.dat
1 7 -45.1282 -96.2814 -1.87342 0.906805 -0.406174 0.112815 0 -0.267618 -0.963525 0.42155 0.873729 -0.242678 LS51.dat
1 7 -44.8488 -96.0973 -2.47463 0.911848 -0.396367 0.106897 0 -0.260388 -0.965504 0.410529 0.880393 -0.237434 LS51.dat
1 7 -44.5759 -95.918 -3.08077 0.916797 -0.386353 0.101065 0 -0.253072 -0.967448 0.399352 0.886953 -0.232015 LS51.dat
1 7 -44.3097 -95.7437 -3.69179 0.921649 -0.376133 0.0953272 0 -0.245673 -0.969353 0.388025 0.893403 -0.226424 LS51.dat
1 7 -44.0504 -95.5743 -4.30765 0.926396 -0.365713 0.0896922 0 -0.238194 -0.971218 0.376551 0.899732 -0.220662 LS51.dat
1 7 -43.7981 -95.41 -4.9283 0.931033 -0.355097 0.0841681 0 -0.230638 -0.97304 0.364936 0.905932 -0.214732 LS51.dat
1 7 -43.553 -95.2508 -5.55365 0.935553 -0.344291 0.0787634 0 -0.223009 -0.974816 0.353186 0.911993 -0.208636 LS51.dat
1 7 -43.3152 -95.0968 -6.18364 0.939952 -0.333302 0.0734864 0 -0.215309 -0.976546 0.341307 0.917906 -0.20238 LS51.dat
1 7 -43.0848 -94.9479 -6.81816 0.944223 -0.322136 0.0683455 0 -0.207544 -0.978226 0.329306 0.923663 -0.195968 LS51.dat
1 7 -42.8619 -94.8043 -7.45711 0.948362 -0.310801 0.0633487 0 -0.199718 -0.979853 0.317191 0.929255 -0.189405 LS51.dat
1 7 -42.6468 -94.6661 -8.10038 0.952362 -0.299305 0.058504 0 -0.191836 -0.981427 0.304969 0.934674 -0.182697 LS51.dat
1 7 -42.4395 -94.5332 -8.74784 0.95622 -0.287658 0.0538192 0 -0.183903 -0.982944 0.292649 0.939911 -0.175852 LS51.dat
1 7 -42.2401 -94.4057 -9.39934 0.95993 -0.275869 0.0493015 0 -0.175926 -0.984403 0.28024 0.944958 -0.168877 LS51.dat
1 7 -42.0487 -94.2837 -10.0547 0.963488 -0.263949 0.0449581 0 -0.167911 -0.985802 0.26775 0.949809 -0.16178 LS51.dat
1 7 -41.8656 -94.1672 -10.7138 0.966891 -0.251908 0.0407955 0 -0.159863 -0.987139 0.25519 0.954456 -0.15457 LS51.dat
1 7 -41.6907 -94.0562 -11.3765 0.970134 -0.239758 0.0368197 0 -0.151791 -0.988413 0.242569 0.958893 -0.147257 LS51.dat
1 7 -41.5242 -93.9508 -12.0425 0.973215 -0.227512 0.0330363 0 -0.1437 -0.989621 0.229898 0.963114 -0.139851 LS51.dat
1 7 -41.3661 -93.8509 -12.7117 0.97613 -0.215182 0.0294503 0 -0.135598 -0.990764 0.217188 0.967114 -0.132361 LS51.dat
1 7 -41.2165 -93.7567 -13.3837 0.978877 -0.202781 0.0260659 0 -0.127493 -0.991839 0.204449 0.970889 -0.1248 LS51.dat
1 7 -41.0756 -93.6681 -14.0585 0.981455 -0.190322 0.0228867 0 -0.119393 -0.992847 0.191693 0.974435 -0.117178 LS51.dat
1 7 -40.9433 -93.5851 -14.7358 0.983862 -0.177819 0.0199157 0 -0.111304 -0.993786 0.17893 0.977748 -0.109508 LS51.dat
1 7 -40.8198 -93.5078 -15.4152 0.986097 -0.165285 0.0171549 0 -0.103235 -0.994657 0.166173 0.980828 -0.1018 LS51.dat
1 7 -40.7049 -93.4361 -16.0966 0.988159 -0.152736 0.0146059 0 -0.0951943 -0.995459 0.153433 0.983672 -0.0940671 LS51.dat
1 7 -40.5989 -93.37 -16.7796 0.990049 -0.140184 0.0122692 0 -0.0871889 -0.996192 0.14072 0.986279 -0.0863213 LS51.dat
1 7 -40.5016 -93.3094 -17.4641 0.991768 -0.127645 0.0101447 0 -0.0792267 -0.996857 0.128047 0.988651 -0.0785745 LS51.dat
1 7 -40.4131 -93.2545 -18.1497 0.993316 -0.115131 0.00823153 0 -0.0713153 -0.997454 0.115424 0.990787 -0.0708386 LS51.dat
1 7 -40.3333 -93.2051 -18.836 0.994695 -0.102656 0.00652794 0 -0.0634622 -0.997984 0.102863 0.99269 -0.0631256 LS51.dat
1 7 -40.2623 -93.1612 -19.5229 0.995908 -0.0902345 0.00503158 0 -0.0556746 -0.998449 0.0903747 0.994363 -0.0554468 LS51.dat
1 7 -40.1999 -93.1227 -20.21 0.996956 -0.0778791 0.00373935 0 -0.0479596 -0.998849 0.0779688 0.995809 -0.0478136 LS51.dat
1 7 -40.1462 -93.0896 -20.8971 0.997842 -0.0656025 0.00264749 0 -0.0403236 -0.999187 0.0656559 0.997031 -0.0402366 LS51.dat
1 7 -40.101 -93.0619 -21.5837 0.998571 -0.053417 0.00175159 0 -0.0327733 -0.999463 0.0534457 0.998034 -0.0327264 LS51.dat
1 7 -40.0643 -93.0393 -22.2696 0.999145 -0.0413343 0.00104669 0 -0.0253144 -0.99968 0.0413475 0.998825 -0.0252927 LS51.dat
1 7 -40.036 -93.022 -22.9545 0.999569 -0.0293655 0.000527274 0 -0.0179527 -0.999839 0.0293702 0.999408 -0.0179449 LS51.dat
1 7 -40.0159 -93.0097 -23.638 0.999846 -0.0175211 0.00018737 0 -0.0106933 -0.999943 0.0175221 0.999789 -0.0106917 LS51.dat
1 7 -40.004 -93.0024 -24.32 0.999983 -0.00581108 2.05781e-005 0 -0.00354117 -0.999994 0.00581112 0.999977 -0.00354111 LS51.dat
0 MLCAD SKIP_END
0 MLCAD BTG hose2
1 7 -55 -144 40 0 15 0 -1 0 0 0 0 1 LS21.dat
0 MLCAD BTG hose2
1 7 -42.5 -94.3 -5 0 0 1 -1 0 0 0 -15 0 LS21.dat
0 GROUP 3 hose2
0 MLCAD BTG hose1
0 MLCAD FLEXHOSE 7 -40 0 0 1 0 0 0 1 0 0 0 1  0 -123 40  80 5 0 -40 -93 -25 0 5 -45 180 ls51.dat ls51.dat 0
0 MLCAD SKIP_BEGIN
1 7 -40 -123 40 0.000608761 0.998104 0.0615474 0 0.0615474 -0.998104 -1 0.000607607 3.74677e-005 LS51.dat
1 7 -40.5801 -123.036 39.9996 0.00185083 0.998205 0.0598574 0 0.0598575 -0.998207 -0.999998 0.00184752 0.000110786 LS51.dat
1 7 -41.1657 -123.071 39.9986 0.00313404 0.998305 0.0581195 0 0.0581197 -0.99831 -0.999995 0.00312874 0.000182149 LS51.dat
1 7 -41.7571 -123.105 39.9967 0.00446031 0.998402 0.0563317 0 0.0563322 -0.998412 -0.99999 0.00445323 0.000251259 LS51.dat
1 7 -42.3542 -123.139 39.994 0.00583172 0.998497 0.0544919 0 0.0544929 -0.998514 -0.999983 0.00582305 0.000317787 LS51.dat
1 7 -42.9571 -123.172 39.9905 0.00725044 0.998589 0.052598 0 0.0525994 -0.998616 -0.999974 0.0072404 0.000381368 LS51.dat
1 7 -43.5657 -123.204 39.9861 0.00871879 0.998679 0.0506474 0 0.0506494 -0.998716 -0.999962 0.0087076 0.000441601 LS51.dat
1 7 -44.1802 -123.235 39.9808 0.0102392 0.998764 0.0486378 0 0.0486404 -0.998816 -0.999948 0.0102271 0.000498041 LS51.dat
1 7 -44.8006 -123.265 39.9744 0.0118144 0.998845 0.0465665 0 0.0465698 -0.998915 -0.99993 0.0118016 0.000550195 LS51.dat
1 7 -45.4268 -123.295 39.967 0.0134471 0.998922 0.0444308 0 0.0444348 -0.999012 -0.99991 0.0134338 0.000597519 LS51.dat
1 7 -46.059 -123.323 39.9585 0.0151403 0.998993 0.0422276 0 0.0422324 -0.999108 -0.999885 0.0151268 0.00063941 LS51.dat
1 7 -46.6971 -123.35 39.9488 0.0168971 0.999059 0.0399538 0 0.0399595 -0.999201 -0.999857 0.0168836 0.000675199 LS51.dat
1 7 -47.3412 -123.375 39.938 0.0187209 0.999117 0.0376062 0 0.0376128 -0.999292 -0.999825 0.0187077 0.000704146 LS51.dat
1 7 -47.9912 -123.4 39.9258 0.0206154 0.999168 0.0351813 0 0.0351888 -0.999381 -0.999787 0.0206026 0.000725429 LS51.dat
1 7 -48.6471 -123.423 39.9123 0.0225843 0.999211 0.0326753 0 0.0326836 -0.999466 -0.999745 0.0225722 0.000738137 LS51.dat
1 7 -49.309 -123.445 39.8973 0.0246318 0.999244 0.0300844 0 0.0300935 -0.999547 -0.999697 0.0246206 0.000741256 LS51.dat
1 7 -49.9769 -123.465 39.8809 0.0267622 0.999266 0.0274043 0 0.0274141 -0.999624 -0.999642 0.0267522 0.000733663 LS51.dat
1 7 -50.6507 -123.483 39.8628 0.0289804 0.999276 0.0246307 0 0.024641 -0.999696 -0.99958 0.0289716 0.000714107 LS51.dat
1 7 -51.3304 -123.5 39.8431 0.0312912 0.999273 0.0217588 0 0.0217695 -0.999763 -0.99951 0.0312838 0.000681195 LS51.dat
1 7 -52.0159 -123.515 39.8216 0.0337002 0.999255 0.0187838 0 0.0187944 -0.999823 -0.999432 0.0336943 0.000633377 LS51.dat
1 7 -52.7073 -123.528 39.7983 0.0362131 0.999221 0.0157002 0 0.0157105 -0.999877 -0.999344 0.0362086 0.000568925 LS51.dat
1 7 -53.4044 -123.539 39.7731 0.0388361 0.999167 0.0125024 0 0.0125119 -0.999922 -0.999246 0.0388331 0.000485913 LS51.dat
1 7 -54.1072 -123.548 39.7458 0.041576 0.999093 0.00918461 0 0.00919256 -0.999958 -0.999135 0.0415742 0.00038219 LS51.dat
1 7 -54.8156 -123.554 39.7163 0.0444398 0.998996 0.00574031 0 0.00574599 -0.999983 -0.999012 0.0444391 0.000255351 LS51.dat
1 7 -55.5295 -123.558 39.6845 0.0474354 0.998872 0.0021628 0 0.00216524 -0.999998 -0.998874 0.0474353 0.000102709 LS51.dat
1 7 -56.2488 -123.56 39.6504 0.0505711 0.998719 -0.00155511 0 -0.0015571 -0.999999 -0.99872 0.050571 -7.87442e-005 LS51.dat
1 7 -56.9734 -123.559 39.6137 0.0538558 0.998534 -0.00542103 0 -0.00542891 -0.999985 -0.998549 0.053855 -0.000292378 LS51.dat
1 7 -57.7031 -123.555 39.5743 0.0572992 0.998312 -0.00944309 0 -0.00945863 -0.999955 -0.998357 0.0572967 -0.000541972 LS51.dat
1 7 -58.4378 -123.548 39.5322 0.0609118 0.99805 -0.0136299 0 -0.0136552 -0.999907 -0.998143 0.0609062 -0.000831766 LS51.dat
1 7 -59.1772 -123.538 39.487 0.0647049 0.997742 -0.0179906 0 -0.0180284 -0.999837 -0.997904 0.0646944 -0.00116652 LS51.dat
1 7 -59.9212 -123.524 39.4388 0.0686905 0.997383 -0.0225349 0 -0.0225882 -0.999745 -0.997638 0.068673 -0.0015516 LS51.dat
1 7 -60.6695 -123.507 39.3873 0.072882 0.996968 -0.0272731 0 -0.0273458 -0.999626 -0.997341 0.0728547 -0.00199302 LS51.dat
1 7 -61.4219 -123.487 39.3323 0.0772935 0.996488 -0.0322161 0 -0.0323128 -0.999478 -0.997008 0.0772531 -0.00249757 LS51.dat
1 7 -62.178 -123.462 39.2737 0.0819405 0.995936 -0.0373754 0 -0.0375015 -0.999297 -0.996637 0.0818829 -0.00307289 LS51.dat
1 7 -62.9376 -123.434 39.2112 0.0868397 0.995304 -0.0427632 0 -0.0429254 -0.999078 -0.996222 0.0867596 -0.00372763 LS51.dat
1 7 -63.7004 -123.401 39.1447 0.0920091 0.994582 -0.0483924 0 -0.0485986 -0.998818 -0.995758 0.0919004 -0.00447151 LS51.dat
1 7 -64.4658 -123.363 39.074 0.0974684 0.993758 -0.0542764 0 -0.054536 -0.998512 -0.995239 0.0973233 -0.00531554 LS51.dat
1 7 -65.2336 -123.321 38.9988 0.103239 0.992819 -0.0604292 0 -0.0607539 -0.998153 -0.994657 0.103048 -0.00627215 LS51.dat
1 7 -66.0032 -123.274 38.9189 0.109343 0.991753 -0.0668657 0 -0.0672691 -0.997735 -0.994004 0.109096 -0.00735542 LS51.dat
1 7 -66.7743 -123.222 38.8341 0.115807 0.990541 -0.0736011 0 -0.0740996 -0.997251 -0.993272 0.115488 -0.00858125 LS51.dat
1 7 -67.5461 -123.164 38.7441 0.122656 0.989167 -0.080651 0 -0.0812646 -0.996693 -0.992449 0.122251 -0.00996763 LS51.dat
1 7 -68.3182 -123.101 38.6487 0.129922 0.987609 -0.0880316 0 -0.0887841 -0.996051 -0.991524 0.129408 -0.011535 LS51.dat
1 7 -69.0899 -123.031 38.5476 0.137634 0.985843 -0.0957591 0 -0.0966792 -0.995316 -0.990483 0.136989 -0.0133063 LS51.dat
1 7 -69.8606 -122.956 38.4405 0.145827 0.983844 -0.10385 0 -0.104972 -0.994475 -0.98931 0.145021 -0.0153077 LS51.dat
1 7 -70.6296 -122.874 38.3271 0.154538 0.981582 -0.112319 0 -0.113685 -0.993517 -0.987987 0.153536 -0.0175687 LS51.dat
1 7 -71.396 -122.785 38.2072 0.163808 0.979021 -0.121183 0 -0.122842 -0.992426 -0.986492 0.162567 -0.0201226 LS51.dat
1 7 -72.1591 -122.689 38.0805 0.173679 0.976124 -0.130455 0 -0.132468 -0.991187 -0.984802 0.172148 -0.0230069 LS51.dat
1 7 -72.9181 -122.586 37.9467 0.184196 0.972847 -0.140148 0 -0.142587 -0.989782 -0.982889 0.182314 -0.026264 LS51.dat
1 7 -73.672 -122.476 37.8054 0.19541 0.969141 -0.15027 0 -0.153224 -0.988192 -0.980722 0.193103 -0.0299415 LS51.dat
