0 FILE Main.ldr
0 Untitled
0 Name: Main.ldr
0 Author: MLCad
0 Unofficial Model
0 ROTATION CENTER 0 0 0 1 "Custom" 
0 ROTATION CONFIG 0 0
1 7 0 0 0 1 0 0 0 1 0 0 0 1 chassis.ldr
1 7 0 0 0 1 0 0 0 1 0 0 0 1 flex.ldr
1 7 0 0 0 1 0 0 0 1 0 0 0 1 cockpit.ldr
1 7 0 0 0 1 0 0 0 1 0 0 0 1 actuator.ldr
1 7 0 0 0 1 0 0 0 1 0 0 0 1 roof.ldr
1 7 0 0 0 1 0 0 0 1 0 0 0 1 sides.ldr
1 7 0 0 0 1 0 0 0 1 0 0 0 1 steer.ldr
1 7 0 0 0 1 0 0 0 1 0 0 0 1 axis.ldr
1 7 -120 0 480 -1 0 0 0 1 0 0 0 -1 axis.ldr
0
0 FILE chassis.ldr
0 CHASSIS
0 ROTATION CENTER 0 0 0 1 "Custom" 
0 ROTATION CONFIG 0 0
1 4 -60 -80 120 1 0 0 0 1 0 0 0 1 3020.dat
1 4 -60 -94 120 -1 0 0 0 1 0 0 0 -1 command.ldr
1 0 -89.9989 -64 19.9996 0 0 -1 0 1 0 1 0 0 3700.dat
1 0 -89.9988 -40 39.9996 0 0 -1 0 1 0 1 0 0 3666.dat
1 4 -119.999 -32 80 1 0 0 0 1 0 0 0 1 3020.dat
1 0 -89.9992 -24 80 0 0 -1 0 1 0 1 0 0 3895.dat
1 7 -89.9992 -48 119.999 0 0 -1 0 1 0 1 0 0 3004.dat
1 0 -109.999 -24 80 0 0 -1 0 1 0 1 0 0 3700.dat
1 0 -29.9986 -24 80 0 0 -1 0 1 0 1 0 0 3895.dat
1 4 0.00135756 -32 80 1 0 0 0 1 0 0 0 1 3020.dat
1 0 -9.99864 -24 80 0 0 -1 0 1 0 1 0 0 3700.dat
1 0 -29.9988 -40 40 0 0 -1 0 1 0 1 0 0 3666.dat
1 0 -29.9989 -64 20 0 0 -1 0 1 0 1 0 0 3700.dat
1 7 -29.9986 -48 120 0 0 -1 0 1 0 1 0 0 3004.dat
1 4 -59.9989 -48 10 1 0 0 0 1 0 0 0 1 3700.dat
1 4 -59.9988 -72 9.99969 1 0 0 0 1 0 0 0 1 3700.dat
1 4 -59.9988 -80 9.99965 1 0 0 0 1 0 0 0 1 3023.dat
1 0 -59.9988 -88 40 0 0 -1 0 1 0 1 0 0 3709b.dat
1 4 -59.9992 -80 69.9996 1 0 0 0 1 0 0 0 1 3023.dat
1 0 -59.9992 -48 69.9996 1 0 0 0 1 0 0 0 1 3710.dat
1 4 -59.9992 -72 69.9997 1 0 0 0 1 0 0 0 1 3700.dat
1 0 -49.9989 -23.9997 -40 0 0 -1 0 1 0 1 0 0 3894.dat
1 0 -69.9989 -23.9997 -40 0 0 -1 0 1 0 1 0 0 3894.dat
1 7 -59.9983 -32 -50.0006 1 0 0 0 1 0 0 0 1 3069b.dat
1 0 -59.9986 -32 -30.0006 1 0 0 0 1 0 0 0 1 3023.dat
1 0 -59.9984 -48 -70.0006 1 0 0 0 1 0 0 0 1 3004.dat
1 0 -59.9984 -72 -70.0003 1 0 0 0 1 0 0 0 1 3700.dat
1 0 -59.9983 -31.9997 -90.0006 1 0 0 0 1 0 0 0 1 3023.dat
1 0 -59.9983 -39.9997 -90 1 0 0 0 1 0 0 0 1 3023.dat
1 0 -59.9983 -48 -90.0004 1 0 0 0 1 0 0 0 1 3710.dat
1 4 -59.9983 -71.9997 -90.0003 1 0 0 0 1 0 0 0 1 3004.dat
1 0 -99.9992 -14 179.999 1 0 0 0 1 0 0 0 1 2780.dat
1 0 -109.999 -24 220 0 0 -1 0 1 0 1 0 0 3702.dat
1 7 -120 -14 200 1 0 0 0 1 0 0 0 1 3673.dat
1 0 -99.9992 -14 159.999 1 0 0 0 1 0 0 0 1 2780.dat
1 0 -99.9992 -14 119.999 1 0 0 0 1 0 0 0 1 2780.dat
1 0 -19.9986 -14 120 1 0 0 0 1 0 0 0 1 2780.dat
1 0 -19.9986 -14 180 1 0 0 0 1 0 0 0 1 2780.dat
1 0 -9.99864 -24 220 0 0 -1 0 1 0 1 0 0 3702.dat
1 7 0 -14 200 1 0 0 0 1 0 0 0 1 3673.dat
1 0 -20 -14 160 1 0 0 0 1 0 0 0 1 2780.dat
1 0 -19.9989 -54 20 1 0 0 0 1 0 0 0 1 2780.dat
1 4 -9.99881 -34 30 0 0 -1 1 0 0 0 -1 0 3701.dat
1 0 -19.9989 -14 20 1 0 0 0 1 0 0 0 1 2780.dat
1 0 -99.9992 -14 79.9986 1 0 0 0 1 0 0 0 1 2780.dat
1 0 -39.9987 -14 -20 1 0 0 0 1 0 0 0 1 2780.dat
1 0 -39.9988 -14 0 1 0 0 0 1 0 0 0 1 2780.dat
1 0 -19.9993 -14 80 1 0 0 0 1 0 0 0 1 2780.dat
1 0 -79.9987 -14 -20.0006 1 0 0 0 1 0 0 0 1 2780.dat
1 0 -79.9983 -14 -0.00056076 1 0 0 0 1 0 0 0 1 2780.dat
1 4 -89.9983 -71.9997 -90.0004 0 0 1 0 1 0 -1 0 0 3665.dat
1 0 -99.9989 -14 19.9986 1 0 0 0 1 0 0 0 1 2780.dat
1 4 -109.999 -34 30 0 0 -1 1 0 0 0 -1 0 3701.dat
1 0 -99.9989 -54 19.9996 1 0 0 0 1 0 0 0 1 2780.dat
1 4 -29.9983 -71.9997 -90 0 0 -1 0 1 0 1 0 0 3665.dat
0 Assembly 1
1 7 -60 -72 119.999 -1 0 0 0 1 0 0 0 -1 4691.dat
0 Assembly 1
1 7 -59.999 -54 120 -1 0 0 0 1 0 0 0 -1 4692.dat
0 Assembly 1
1 7 -59.999 -70 120 -1 0 0 0 1 0 0 0 -1 4706.dat
1 7 -59.9987 -32 -10.0011 1 0 0 0 1 0 0 0 1 4442.dat
1 7 -59.9988 0 -10.0011 1 0 0 0 1 0 0 0 1 4442.dat
0
0 FILE cockpit.ldr
0 cockpit
0 ROTATION CENTER 0 0 0 1 "Custom" 
0 ROTATION CONFIG 0 0
1 14 -109.999 -114.5 129.499 0 0 -1 1 0 0 0 -1 0 3895.dat
1 7 -89.9995 -94.0275 119.836 0 0 1 -0.327193 0.944958 0 -0.944957 -0.327193 0 3713.dat
1 0 -59.9994 -94.0275 119.837 1 0 0 0 0.944957 0.327194 0 -0.327194 0.944957 3737.dat
1 7 -29.9995 -94.0275 119.836 0 0 -1 0.327193 0.944958 0 0.944957 -0.327193 0 3713.dat
1 4 10.0017 -104 -79.9999 0 0 -1 0 1 0 1 0 0 3023.dat
1 4 -59.9982 -112 -80.0008 1 0 0 0 1 0 0 0 1 3832.dat
1 7 -9.99825 -104 -80 0 0 -1 0 1 0 1 0 0 3004.dat
1 4 -59.9983 -79.9997 -80.0008 1 0 0 0 1 0 0 0 1 3832.dat
1 4 10.0017 -87.9997 -79.9999 0 0 -1 0 1 0 1 0 0 3023.dat
1 14 10.0016 -95.9997 -79.9999 0 0 -1 0 1 0 1 0 0 4275a.dat
1 7 -59.9982 -87.9997 -90.0003 -1 0 0 0 1 0 0 0 -1 3023.dat
1 14 -59.9982 -95.9997 -90.0005 1 0 0 0 1 0 0 0 1 3710.dat
1 7 -59.9983 -104 -90.0003 -1 0 0 0 1 0 0 0 -1 3023.dat
1 7 -109.998 -104 -80.0006 0 0 -1 0 1 0 1 0 0 3004.dat
1 4 -129.998 -87.9997 -80.0007 0 0 -1 0 1 0 1 0 0 3023.dat
1 14 -129.998 -95.9998 -80.0007 0 0 -1 0 1 0 1 0 0 4275a.dat
1 4 -129.998 -104 -80.0007 0 0 -1 0 1 0 1 0 0 3023.dat
1 4 30.0017 -104 60.0002 0 0 -1 0 1 0 1 0 0 3703.dat
1 4 30.0008 -79.9999 100 0 0 -1 0 1 0 1 0 0 3010.dat
1 4 20.0008 -55.9999 100 0 0 -1 0 1 0 1 0 0 3001.dat
1 4 30.0006 -32 120 0 0 -1 0 1 0 1 0 0 3023.dat
1 4 -149.998 -104 59.9992 0 0 -1 0 1 0 1 0 0 3703.dat
1 4 -149.999 -80 99.9992 0 0 -1 0 1 0 1 0 0 3010.dat
1 4 -139.999 -56 99.9994 0 0 -1 0 1 0 1 0 0 3001.dat
1 4 -149.999 -32 119.999 0 0 -1 0 1 0 1 0 0 3023.dat
1 14 -9.9993 -114.5 129.5 0 0 -1 1 0 0 0 -1 0 3895.dat
1 0 0.000604987 -214 120 1 0 0 0 1 0 0 0 1 2780.dat
1 0 -119.999 -214 119.999 1 0 0 0 1 0 0 0 1 2780.dat
0
0 FILE roof.ldr
0 ROOF
0 ROTATION CENTER 0 0 0 1 "Custom" 
0 ROTATION CONFIG 0 0
1 14 10.0011 -224 40 0 0 1 0 1 0 -1 0 0 4276b.dat
1 0 -59.9989 -216 40 1 0 0 0 1 0 0 0 1 3738.dat
1 14 -129.999 -224 39.999 0 0 1 0 1 0 -1 0 0 4276b.dat
1 14 -59.9989 -224 39.9993 1 0 0 0 1 0 0 0 1 3709b.dat
1 14 -99.9989 -232 39.9992 1 0 0 0 1 0 0 0 1 3022.dat
1 14 -19.9989 -232 39.9989 1 0 0 0 1 0 0 0 1 3022.dat
1 0 -109.999 -224 39.999 0 0 -1 0 1 0 1 0 0 3069b.dat
1 0 -9.99889 -224 39.999 0 0 -1 0 1 0 1 0 0 3069b.dat
1 14 10.0011 -232 80 0 0 -1 0 1 0 1 0 0 3666.dat
1 14 10.0009 -224 100 0 0 -1 0 1 0 1 0 0 3701.dat
1 14 -129.999 -232 79.999 0 0 -1 0 1 0 1 0 0 3666.dat
1 14 -129.999 -224 99.9991 0 0 -1 0 1 0 1 0 0 3701.dat
1 0 0.000837445 -214 80 1 0 0 0 1 0 0 0 1 2780.dat
1 7 -9.9991 -224 80 0 0 -1 0 1 0 1 0 0 3700.dat
1 14 -59.9991 -232 80 1 0 0 0 1 0 0 0 1 3795.dat
1 7 -109.999 -224 79.9992 0 0 -1 0 1 0 1 0 0 3700.dat
1 0 -119.999 -214 79.9992 1 0 0 0 1 0 0 0 1 2780.dat
1 14 10 -157.114 -23.9959 0 0 1 0.906009 0.423259 0 -0.423259 0.906008 0 4504.dat
1 14 -129.999 -158.104 -22.9384 0 0 1 0.908152 0.41864 0 -0.418641 0.908152 0 4504.dat
0
0 FILE steer.ldr
0 STEER
0 ROTATION CENTER 0 0 0 1 "Custom" 
0 ROTATION CONFIG 0 0
1 7 -60.1309 -238 39.5171 -0.96456 -0.263862 0 0 0 -1 0.263862 -0.96456 0 3713.dat
1 0 -60.1309 -172 39.5171 0 -0.263863 0.96456 -1 0 0 0 -0.96456 -0.263863 3737.dat
1 7 -60.1309 -255 39.5171 -0.964559 -0.263868 0 0 0 -1 0.263868 -0.964559 0 4185.dat
1 7 -60.1309 -79 39.5171 -0.96456 0.263863 0 0 0 1 0.263863 0.96456 0 6589.dat
1 7 -59.9991 -62 57.4997 -1 0 0 0 1 0 0 0 -1 6589.dat
1 0 -59.9991 -62 0.499721 0 0 1 0 1 0 -1 0 0 3707.dat
1 7 -59.9984 -62 -50 1 0 0 0 1 0 0 0 1 3647.dat
1 7 -139.999 -14 -10.0008 -1 0 0 0 1 0 0 0 -1 3749.dat
1 7 -149.999 -14 -10.0007 0 0 -1 0 1 0 1 0 0 3482.dat
1 0 -149.999 -14 -10.0007 0 0 1 0 1 0 -1 0 0 3634.dat
1 7 -130 -24 -49.9453 0 1 0 1 0 0 0 0 -1 3749.dat
1 7 10.5 -24 -49.9453 0 1 0 1 0 0 0 0 -1 3749.dat
1 7 -60 -48 -50 1 0 0 0 1 0 0 0 1 3743.dat
1 7 20.0013 -14 -9.99966 1 0 0 0 1 0 0 0 1 3749.dat
1 7 30.0013 -14 -9.99965 0 0 -1 0 1 0 1 0 0 3482.dat
1 0 30.0013 -14 -9.99966 0 0 -1 0 1 0 1 0 0 3634.dat
1 7 -60 -40 -50 1 0 0 0 1 0 0 0 1 4442.dat
1 7 10.0012 -24 -10 -1 0 0 0 1 0 0 0 -1 4261.dat
1 7 -129.999 -24 -10.0006 -1 0 0 0 1 0 0 0 -1 4261.dat
0 
0
0 FILE command.ldr
0 command cylinder
0 Name: command.ldr
0 Author: Marc Klein [marckl]
0 !LDRAW_ORG Shortcut UPDATE 2009-03
0 !LICENSE Redistributable under CCAL version 2.0 : see CAreadme.txt
0 ROTATION CENTER 0 0 0 1 "Custom" 
0 ROTATION CONFIG 0 0
0 BFC CERTIFY CCW
0 !HISTORY 2009-12-18 [cwdee] Re-work for part split
0 !HISTORY 2009-12-29 [PTadmin] Official Update 2009-03
1 0 0 -164.3 0 1 0 0 0 1 0 0 0 1 337.dat
1 14 0 -105 0 1 0 0 0 1 0 0 0 1 128.dat
1 14 0 -96 0 1 0 0 0 1 0 0 0 1 127.dat
1 14 0 -14 0 1 0 0 0 1 0 0 0 1 4701.dat
0 
1 383 0 -152 0 1 0 0 0 1 0 0 0 1 x882.dat
0
0 FILE sides.ldr
0 SIDES
0 ROTATION CENTER 0 0 0 1 "Custom" 
0 ROTATION CONFIG 0 0
1 0 10 -14.5001 249.5 0 0 1 -1 0 0 0 -1 0 3700.dat
1 4 10 -4.50012 225.5 -1 0 0 0 0 -1 0 -1 0 3024.dat
1 4 10 -24.5001 225.5 -1 0 0 0 0 -1 0 -1 0 3024.dat
1 4 10 -24.5001 217.5 0 0 1 -1 0 0 0 -1 0 3623.dat
1 4 10 -54.5001 209.5 0 0 1 -1 0 0 0 -1 0 3894.dat
1 0 -130 -14.5003 249.5 0 0 1 -1 0 0 0 -1 0 3700.dat
1 4 -130 -24.5003 225.5 -1 0 0 0 0 -1 0 -1 0 3024.dat
1 4 -130 -4.50028 225.5 -1 0 0 0 0 -1 0 -1 0 3024.dat
1 4 -130 -24.5003 217.5 0 0 1 -1 0 0 0 -1 0 3623.dat
1 4 -130 -54.5002 209.5 0 0 1 -1 0 0 0 -1 0 3894.dat
1 4 -130 -94.5 129.499 0 0 1 -1 0 0 0 -1 0 3700.dat
0 Assembly 2
1 7 -129.999 -94.5002 185.499 1 0 0 0 0 1 0 -1 0 4694.dat
0 Assembly 2
1 7 -139.999 -96.5002 185.499 1 0 0 0 0 1 0 -1 0 4713.dat
0 Assembly 2
1 0 -129.999 -103.5 159.499 1 0 0 0 0 1 0 -1 0 4695.dat
0
0 FILE flex.ldr
0 New Model
0 Name: flex.ldr
0 Author: MLCad
0 Unofficial Model
0 ROTATION CENTER 0 0 0 1 "Custom" 
0 ROTATION CONFIG 0 0
0 MLCAD BTG hose3
0 MLCAD FLEXHOSE 0 -60 25.6 0.2 1 0 0 0 1 0 0 0 1  0 -120 140  0 0 -35 0 -88 140 0 0 -35 120 LS51.dat LS51.dat 0
0 MLCAD SKIP_BEGIN
1 0 -60 -94.4 140.2 1 -0 0 0 -0.00468697 0.999989 0 -0.999989 -0.00468697 LS51.dat
1 0 -60 -94.397 140.735 1 -0 0 0 -0.0142209 0.999899 0 -0.999899 -0.0142209 LS51.dat
1 0 -60 -94.39 141.273 1 -0 0 0 -0.0240163 0.999712 0 -0.999712 -0.0240163 LS51.dat
1 0 -60 -94.377 141.814 1 -0 0 0 -0.0340818 0.999419 0 -0.999419 -0.0340818 LS51.dat
1 0 -60 -94.358 142.358 1 -0 0 0 -0.0444265 0.999013 0 -0.999013 -0.0444265 LS51.dat
1 0 -60 -94.334 142.906 1 -0 0 0 -0.0550595 0.998483 0 -0.998483 -0.0550595 LS51.dat
1 0 -60 -94.304 143.456 1 -0 0 0 -0.0659904 0.99782 0 -0.99782 -0.0659904 LS51.dat
1 0 -60 -94.267 144.009 1 -0 0 0 -0.0772288 0.997013 0 -0.997013 -0.0772288 LS51.dat
1 0 -60 -94.224 144.564 1 -0 0 0 -0.0887847 0.996051 0 -0.996051 -0.0887847 LS51.dat
1 0 -60 -94.174 145.122 1 -0 0 0 -0.100668 0.99492 0 -0.99492 -0.100668 LS51.dat
1 0 -60 -94.118 145.682 1 -0 0 0 -0.11289 0.993607 0 -0.993607 -0.11289 LS51.dat
1 0 -60 -94.054 146.244 1 -0 0 0 -0.12546 0.992099 0 -0.992099 -0.12546 LS51.dat
1 0 -60 -93.983 146.807 1 -0 0 0 -0.13839 0.990378 0 -0.990378 -0.13839 LS51.dat
1 0 -60 -93.904 147.372 1 -0 0 0 -0.15169 0.988428 0 -0.988428 -0.15169 LS51.dat
1 0 -60 -93.817 147.939 1 -0 0 0 -0.165371 0.986232 0 -0.986232 -0.165371 LS51.dat
1 0 -60 -93.722 148.506 1 -0 0 0 -0.179443 0.983768 0 -0.983768 -0.179443 LS51.dat
1 0 -60 -93.618 149.074 1 -0 0 0 -0.193919 0.981018 0 -0.981018 -0.193919 LS51.dat
1 0 -60 -93.506 149.642 1 -0 0 0 -0.208809 0.977957 0 -0.977957 -0.208809 LS51.dat
1 0 -60 -93.384 150.21 1 -0 0 0 -0.224122 0.974561 0 -0.974561 -0.224122 LS51.dat
1 0 -60 -93.254 150.778 1 -0 0 0 -0.23987 0.970805 0 -0.970805 -0.23987 LS51.dat
1 0 -60 -93.114 151.345 1 -0 0 0 -0.256063 0.96666 0 -0.96666 -0.256063 LS51.dat
1 0 -60 -92.964 151.911 1 -0 0 0 -0.272709 0.962096 0 -0.962096 -0.272709 LS51.dat
1 0 -60 -92.804 152.476 1 -0 0 0 -0.289818 0.957082 0 -0.957082 -0.289818 LS51.dat
1 0 -60 -92.633 153.038 1 -0 0 0 -0.307397 0.951581 0 -0.951581 -0.307397 LS51.dat
1 0 -60 -92.452 153.598 1 -0 0 0 -0.325453 0.945558 0 -0.945558 -0.325453 LS51.dat
1 0 -60 -92.261 154.155 1 -0 0 0 -0.343991 0.938973 0 -0.938973 -0.343991 LS51.dat
1 0 -60 -92.058 154.709 1 -0 0 0 -0.363015 0.931783 0 -0.931783 -0.363015 LS51.dat
1 0 -60 -91.844 155.258 1 -0 0 0 -0.382527 0.923944 0 -0.923944 -0.382527 LS51.dat
1 0 -60 -91.618 155.803 1 -0 0 0 -0.402526 0.915408 0 -0.915408 -0.402526 LS51.dat
1 0 -60 -91.381 156.343 1 -0 0 0 -0.42301 0.906125 0 -0.906125 -0.42301 LS51.dat
1 0 -60 -91.132 156.877 1 -0 0 0 -0.443973 0.89604 0 -0.89604 -0.443973 LS51.dat
1 0 -60 -90.87 157.404 1 -0 0 0 -0.465404 0.885098 0 -0.885098 -0.465404 LS51.dat
1 0 -60 -90.597 157.925 1 -0 0 0 -0.487291 0.87324 0 -0.87324 -0.487291 LS51.dat
1 0 -60 -90.311 158.437 1 -0 0 0 -0.509614 0.860403 0 -0.860403 -0.509614 LS51.dat
1 0 -60 -90.012 158.941 1 -0 0 0 -0.532352 0.846523 0 -0.846523 -0.532352 LS51.dat
1 0 -60 -89.701 159.436 1 -0 0 0 -0.555473 0.831535 0 -0.831535 -0.555473 LS51.dat
1 0 -60 -89.377 159.92 1 -0 0 0 -0.578943 0.815368 0 -0.815368 -0.578943 LS51.dat
1 0 -60 -89.041 160.394 1 -0 0 0 -0.602718 0.797955 0 -0.797955 -0.602718 LS51.dat
1 0 -60 -88.692 160.856 1 -0 0 0 -0.626746 0.779224 0 -0.779224 -0.626746 LS51.dat
1 0 -60 -88.33 161.306 1 -0 0 0 -0.650967 0.759106 0 -0.759106 -0.650967 LS51.dat
1 0 -60 -87.956 161.742 1 -0 0 0 -0.675313 0.737532 0 -0.737532 -0.675313 LS51.dat
1 0 -60 -87.57 162.164 1 -0 0 0 -0.699701 0.714435 0 -0.714435 -0.699701 LS51.dat
1 0 -60 -87.171 162.572 1 -0 0 0 -0.724043 0.689754 0 -0.689754 -0.724043 LS51.dat
1 0 -60 -86.76 162.963 1 -0 0 0 -0.748237 0.663432 0 -0.663432 -0.748237 LS51.dat
1 0 -60 -86.338 163.338 1 -0 0 0 -0.772169 0.635418 0 -0.635418 -0.772169 LS51.dat
1 0 -60 -85.904 163.695 1 -0 0 0 -0.795715 0.605672 0 -0.605672 -0.795715 LS51.dat
1 0 -60 -85.459 164.033 1 -0 0 0 -0.81874 0.574165 0 -0.574165 -0.81874 LS51.dat
1 0 -60 -85.003 164.353 1 -0 0 0 -0.841098 0.540882 0 -0.540882 -0.841098 LS51.dat
1 0 -60 -84.538 164.652 1 -0 0 0 -0.862637 0.505824 0 -0.505824 -0.862637 LS51.dat
1 0 -60 -84.062 164.931 1 -0 0 0 -0.883193 0.469009 0 -0.469009 -0.883193 LS51.dat
1 0 -60 -83.578 165.188 1 -0 0 0 -0.902601 0.430477 0 -0.430477 -0.902601 LS51.dat
1 0 -60 -83.085 165.423 1 -0 0 0 -0.920692 0.390289 0 -0.390289 -0.920692 LS51.dat
1 0 -60 -82.585 165.635 1 -0 0 0 -0.937298 0.34853 0 -0.34853 -0.937298 LS51.dat
1 0 -60 -82.078 165.824 1 -0 0 0 -0.952253 0.305309 0 -0.305309 -0.952253 LS51.dat
1 0 -60 -81.564 165.988 1 -0 0 0 -0.965404 0.260759 0 -0.260759 -0.965404 LS51.dat
1 0 -60 -81.045 166.128 1 -0 0 0 -0.976606 0.215037 0 -0.215037 -0.976606 LS51.dat
1 0 -60 -80.522 166.244 1 -0 0 0 -0.985732 0.168322 0 -0.168322 -0.985732 LS51.dat
1 0 -60 -79.995 166.334 1 -0 0 0 -0.992675 0.120812 0 -0.120812 -0.992675 LS51.dat
1 0 -60 -79.465 166.398 1 -0 0 0 -0.997352 0.0727228 0 -0.0727228 -0.997352 LS51.dat
1 0 -60 -78.933 166.437 1 -0 0 0 -0.999705 0.0242804 0 -0.0242804 -0.999705 LS51.dat
1 0 -60 -78.4 166.45 1 0 -0 0 -0.999705 -0.0242804 0 0.0242804 -0.999705 LS51.dat
1 0 -60 -77.867 166.437 1 0 -0 0 -0.997352 -0.0727228 0 0.0727228 -0.997352 LS51.dat
1 0 -60 -77.335 166.398 1 0 -0 0 -0.992675 -0.120812 0 0.120812 -0.992675 LS51.dat
1 0 -60 -76.805 166.334 1 0 -0 0 -0.985732 -0.168322 0 0.168322 -0.985732 LS51.dat
1 0 -60 -76.278 166.244 1 0 -0 0 -0.976606 -0.215037 0 0.215037 -0.976606 LS51.dat
1 0 -60 -75.755 166.128 1 0 -0 0 -0.965404 -0.260759 0 0.260759 -0.965404 LS51.dat
1 0 -60 -75.236 165.988 1 0 -0 0 -0.952253 -0.305309 0 0.305309 -0.952253 LS51.dat
1 0 -60 -74.722 165.824 1 0 -0 0 -0.937298 -0.34853 0 0.34853 -0.937298 LS51.dat
1 0 -60 -74.215 165.635 1 0 -0 0 -0.920692 -0.390289 0 0.390289 -0.920692 LS51.dat
1 0 -60 -73.7146 165.423 1 0 -0 0 -0.902601 -0.430477 0 0.430477 -0.902601 LS51.dat
1 0 -60 -73.222 165.188 1 0 -0 0 -0.883193 -0.469009 0 0.469009 -0.883193 LS51.dat
1 0 -60 -72.7377 164.931 1 0 -0 0 -0.862637 -0.505824 0 0.505824 -0.862637 LS51.dat
1 0 -60 -72.2624 164.652 1 0 -0 0 -0.841098 -0.540882 0 0.540882 -0.841098 LS51.dat
1 0 -60 -71.7968 164.353 1 0 -0 0 -0.81874 -0.574165 0 0.574165 -0.81874 LS51.dat
1 0 -60 -71.3413 164.033 1 0 -0 0 -0.795715 -0.605672 0 0.605672 -0.795715 LS51.dat
1 0 -60 -70.8964 163.695 1 0 -0 0 -0.772169 -0.635418 0 0.635418 -0.772169 LS51.dat
1 0 -60 -70.4625 163.338 1 0 -0 0 -0.748237 -0.663432 0 0.663432 -0.748237 LS51.dat
1 0 -60 -70.04 162.963 1 0 -0 0 -0.724043 -0.689754 0 0.689754 -0.724043 LS51.dat
1 0 -60 -69.6292 162.572 1 0 -0 0 -0.699701 -0.714435 0 0.714435 -0.699701 LS51.dat
1 0 -60 -69.2305 162.164 1 0 -0 0 -0.675313 -0.737532 0 0.737532 -0.675313 LS51.dat
1 0 -60 -68.8439 161.742 1 0 -0 0 -0.650967 -0.759106 0 0.759106 -0.650967 LS51.dat
1 0 -60 -68.4697 161.306 1 0 -0 0 -0.626746 -0.779224 0 0.779224 -0.626746 LS51.dat
1 0 -60 -68.1081 160.856 1 0 -0 0 -0.602718 -0.797955 0 0.797955 -0.602718 LS51.dat
1 0 -60 -67.759 160.394 1 0 -0 0 -0.578943 -0.815368 0 0.815368 -0.578943 LS51.dat
1 0 -60 -67.4226 159.92 1 0 -0 0 -0.555473 -0.831535 0 0.831535 -0.555473 LS51.dat
1 0 -60 -67.0989 159.436 1 0 -0 0 -0.532352 -0.846523 0 0.846523 -0.532352 LS51.dat
1 0 -60 -66.7878 158.941 1 0 -0 0 -0.509614 -0.860403 0 0.860403 -0.509614 LS51.dat
1 0 -60 -66.4893 158.437 1 0 -0 0 -0.487291 -0.87324 0 0.87324 -0.487291 LS51.dat
1 0 -60 -66.2033 157.925 1 0 -0 0 -0.465404 -0.885098 0 0.885098 -0.465404 LS51.dat
1 0 -60 -65.9297 157.404 1 0 -0 0 -0.443973 -0.89604 0 0.89604 -0.443973 LS51.dat
1 0 -60 -65.6683 156.877 1 0 -0 0 -0.42301 -0.906125 0 0.906125 -0.42301 LS51.dat
1 0 -60 -65.4191 156.343 1 0 -0 0 -0.402526 -0.915408 0 0.915408 -0.402526 LS51.dat
1 0 -60 -65.1817 155.803 1 0 -0 0 -0.382527 -0.923944 0 0.923944 -0.382527 LS51.dat
1 0 -60 -64.9561 155.258 1 0 -0 0 -0.363015 -0.931783 0 0.931783 -0.363015 LS51.dat
1 0 -60 -64.7421 154.709 1 0 -0 0 -0.343991 -0.938973 0 0.938973 -0.343991 LS51.dat
1 0 -60 -64.5393 154.155 1 0 -0 0 -0.325453 -0.945558 0 0.945558 -0.325453 LS51.dat
1 0 -60 -64.3475 153.598 1 0 -0 0 -0.307397 -0.951581 0 0.951581 -0.307397 LS51.dat
1 0 -60 -64.1666 153.038 1 0 -0 0 -0.289818 -0.957082 0 0.957082 -0.289818 LS51.dat
1 0 -60 -63.9963 152.476 1 0 -0 0 -0.272709 -0.962096 0 0.962096 -0.272709 LS51.dat
1 0 -60 -63.8363 151.911 1 0 -0 0 -0.256063 -0.96666 0 0.96666 -0.256063 LS51.dat
1 0 -60 -63.6864 151.345 1 0 -0 0 -0.23987 -0.970805 0 0.970805 -0.23987 LS51.dat
1 0 -60 -63.5463 150.778 1 0 -0 0 -0.224122 -0.974561 0 0.974561 -0.224122 LS51.dat
1 0 -60 -63.4157 150.21 1 0 -0 0 -0.208809 -0.977957 0 0.977957 -0.208809 LS51.dat
1 0 -60 -63.2944 149.642 1 0 -0 0 -0.193919 -0.981018 0 0.981018 -0.193919 LS51.dat
1 0 -60 -63.1821 149.074 1 0 -0 0 -0.179443 -0.983768 0 0.983768 -0.179443 LS51.dat
1 0 -60 -63.0785 148.506 1 0 -0 0 -0.165371 -0.986232 0 0.986232 -0.165371 LS51.dat
1 0 -60 -62.9834 147.939 1 0 -0 0 -0.15169 -0.988428 0 0.988428 -0.15169 LS51.dat
1 0 -60 -62.8965 147.372 1 0 -0 0 -0.13839 -0.990378 0 0.990378 -0.13839 LS51.dat
1 0 -60 -62.8175 146.807 1 0 -0 0 -0.12546 -0.992099 0 0.992099 -0.12546 LS51.dat
1 0 -60 -62.7462 146.244 1 0 -0 0 -0.11289 -0.993607 0 0.993607 -0.11289 LS51.dat
1 0 -60 -62.6824 145.682 1 0 -0 0 -0.100668 -0.99492 0 0.99492 -0.100668 LS51.dat
1 0 -60 -62.6257 145.122 1 0 -0 0 -0.0887847 -0.996051 0 0.996051 -0.0887847 LS51.dat
1 0 -60 -62.576 144.564 1 0 -0 0 -0.0772288 -0.997013 0 0.997013 -0.0772288 LS51.dat
1 0 -60 -62.533 144.009 1 0 -0 0 -0.0659904 -0.99782 0 0.99782 -0.0659904 LS51.dat
1 0 -60 -62.4964 143.456 1 0 -0 0 -0.0550595 -0.998483 0 0.998483 -0.0550595 LS51.dat
1 0 -60 -62.4661 142.906 1 0 -0 0 -0.0444265 -0.999013 0 0.999013 -0.0444265 LS51.dat
1 0 -60 -62.4417 142.358 1 0 -0 0 -0.0340818 -0.999419 0 0.999419 -0.0340818 LS51.dat
1 0 -60 -62.4232 141.814 1 0 -0 0 -0.0240163 -0.999712 0 0.999712 -0.0240163 LS51.dat
1 0 -60 -62.4102 141.273 1 0 -0 0 -0.0142209 -0.999899 0 0.999899 -0.0142209 LS51.dat
1 0 -60 -62.4025 140.735 1 0 -0 0 -0.00468697 -0.999989 0 0.999989 -0.00468697 LS51.dat
0 MLCAD SKIP_END
0 MLCAD BTG hose2
0 MLCAD FLEXHOSE 7 0 -0.9 0 1 0 0 0 1 0 0 0 1  -80 -60 140.1  0 0 -30 -120 -94.4 170.1 -60 0 0 120 LS51.dat LS51.dat 0
0 MLCAD SKIP_BEGIN
1 7 -80 -60.9 140.1 -0.999989 -0.00466414 -3.76846e-005 0 0.00807938 -0.999967 0.00466429 -0.999956 -0.0080793 LS51.dat
1 7 -79.9971 -60.9051 140.728 -0.999901 -0.0140383 -0.000344826 0 0.0245558 -0.999698 0.0140426 -0.9996 -0.0245533 LS51.dat
1 7 -79.9882 -60.9205 141.358 -0.999724 -0.0234715 -0.000975283 0 0.0415159 -0.999138 0.0234918 -0.998862 -0.0415044 LS51.dat
1 7 -79.9734 -60.9467 141.988 -0.999455 -0.0329403 -0.00194531 0 0.0589529 -0.998261 0.0329977 -0.997717 -0.0589208 LS51.dat
1 7 -79.9526 -60.984 142.619 -0.999095 -0.0424188 -0.00326987 0 0.0768573 -0.997042 0.0425447 -0.996139 -0.0767877 LS51.dat
1 7 -79.9257 -61.0327 143.25 -0.998641 -0.051879 -0.00496228 0 0.0952164 -0.995457 0.0521158 -0.994104 -0.095087 LS51.dat
1 7 -79.8929 -61.093 143.88 -0.998095 -0.0612905 -0.00703389 0 0.114015 -0.993479 0.0616928 -0.991587 -0.113798 LS51.dat
1 7 -79.854 -61.1654 144.509 -0.997458 -0.0706206 -0.00949372 0 0.133234 -0.991085 0.0712559 -0.988565 -0.132895 LS51.dat
1 7 -79.8091 -61.2499 145.136 -0.996732 -0.0798347 -0.012348 0 0.152853 -0.988249 0.080784 -0.985019 -0.152353 LS51.dat
1 7 -79.7584 -61.347 145.762 -0.995919 -0.088896 -0.0156001 0 0.172846 -0.984949 0.0902544 -0.980929 -0.172141 LS51.dat
1 7 -79.702 -61.4568 146.385 -0.995023 -0.0977661 -0.0192498 0 0.193187 -0.981162 0.0996432 -0.976279 -0.192226 LS51.dat
1 7 -79.6399 -61.5795 147.005 -0.99405 -0.106405 -0.0232931 0 0.213846 -0.976867 0.108925 -0.971055 -0.212573 LS51.dat
1 7 -79.5723 -61.7154 147.622 -0.993005 -0.114771 -0.027722 0 0.234789 -0.972046 0.118072 -0.965247 -0.233147 LS51.dat
1 7 -79.4994 -61.8644 148.235 -0.991896 -0.122822 -0.0325241 0 0.255983 -0.966681 0.127055 -0.958847 -0.253909 LS51.dat
1 7 -79.4215 -62.0269 148.843 -0.99073 -0.130515 -0.0376823 0 0.277391 -0.960757 0.135846 -0.951851 -0.274819 LS51.dat
1 7 -79.3387 -62.2028 149.447 -0.989518 -0.137805 -0.0431748 0 0.298974 -0.954261 0.14441 -0.944259 -0.29584 LS51.dat
1 7 -79.2513 -62.3923 150.046 -0.98827 -0.144649 -0.0489745 0 0.320692 -0.947183 0.152715 -0.936073 -0.316931 LS51.dat
1 7 -79.1597 -62.5954 150.638 -0.986999 -0.151003 -0.0550491 0 0.342507 -0.939515 0.160724 -0.927301 -0.338054 LS51.dat
1 7 -79.0642 -62.8121 151.225 -0.985719 -0.156822 -0.0613607 0 0.364376 -0.931252 0.168399 -0.917952 -0.359173 LS51.dat
1 7 -78.965 -63.0425 151.806 -0.984444 -0.162065 -0.0678661 0 0.38626 -0.92239 0.175701 -0.908041 -0.380251 LS51.dat
1 7 -78.8627 -63.2865 152.379 -0.98319 -0.166687 -0.074516 0 0.408117 -0.912929 0.182585 -0.897583 -0.401257 LS51.dat
1 7 -78.7575 -63.544 152.945 -0.981976 -0.170648 -0.0812554 0 0.429909 -0.902872 0.189006 -0.886599 -0.42216 LS51.dat
1 7 -78.6499 -63.8151 153.504 -0.98082 -0.173908 -0.0880229 0 0.451596 -0.892223 0.194915 -0.87511 -0.442934 LS51.dat
1 7 -78.5404 -64.0995 154.056 -0.979743 -0.176426 -0.0947509 0 0.473141 -0.880987 0.200259 -0.863141 -0.463556 LS51.dat
1 7 -78.4294 -64.3972 154.599 -0.978766 -0.178165 -0.101365 0 0.494508 -0.869173 0.204982 -0.850717 -0.484007 LS51.dat
1 7 -78.3174 -64.708 155.133 -0.977911 -0.179087 -0.107784 0 0.515662 -0.856792 0.209021 -0.837867 -0.504272 LS51.dat
1 7 -78.2049 -65.0318 155.66 -0.977203 -0.179157 -0.113918 0 0.536571 -0.843855 0.212308 -0.824617 -0.524339 LS51.dat
1 7 -78.0925 -65.3685 156.177 -0.976665 -0.17834 -0.119671 0 0.557204 -0.830375 0.21477 -0.810998 -0.544202 LS51.dat
1 7 -77.9807 -65.7177 156.685 -0.976321 -0.176602 -0.124935 0 0.577532 -0.816368 0.216326 -0.797038 -0.563856 LS51.dat
1 7 -77.8701 -66.0793 157.184 -0.976197 -0.173909 -0.129594 0 0.597524 -0.801851 0.216884 -0.782764 -0.583302 LS51.dat
1 7 -77.7614 -66.4531 157.674 -0.976317 -0.170229 -0.133519 0 0.617156 -0.786841 0.216345 -0.768206 -0.60254 LS51.dat
1 7 -77.655 -66.8389 158.154 -0.976703 -0.165531 -0.13657 0 0.6364 -0.771359 0.214597 -0.753388 -0.621574 LS51.dat
1 7 -77.5516 -67.2363 158.625 -0.977375 -0.159783 -0.13859 0 0.655231 -0.755428 0.211513 -0.738337 -0.640407 LS51.dat
1 7 -77.4519 -67.6451 159.085 -0.978351 -0.152953 -0.139408 0 0.673623 -0.739075 0.206952 -0.723075 -0.65904 LS51.dat
1 7 -77.3566 -68.065 159.536 -0.979641 -0.145011 -0.138832 0 0.69155 -0.722329 0.200755 -0.707623 -0.677471 LS51.dat
1 7 -77.2662 -68.4957 159.977 -0.98125 -0.135926 -0.13665 0 0.708984 -0.705225 0.192741 -0.692002 -0.69569 LS51.dat
1 7 -77.1817 -68.9368 160.407 -0.983168 -0.125666 -0.132625 0 0.725896 -0.687804 0.182706 -0.676227 -0.713677 LS51.dat
1 7 -77.1035 -69.3882 160.828 -0.985372 -0.114201 -0.126495 0 0.742256 -0.670117 0.17042 -0.660314 -0.731398 LS51.dat
1 7 -77.0326 -69.8493 161.238 -0.987816 -0.101502 -0.117969 0 0.758029 -0.652221 0.155626 -0.644274 -0.748793 LS51.dat
1 7 -76.9696 -70.3198 161.638 -0.990427 -0.0875402 -0.106726 0 0.773178 -0.634189 0.138035 -0.628118 -0.765777 LS51.dat
1 7 -76.9153 -70.7995 162.027 -0.993093 -0.0722869 -0.0924149 0 0.787662 -0.616108 0.117328 -0.611853 -0.782221 LS51.dat
1 7 -76.8705 -71.2877 162.407 -0.995651 -0.0557168 -0.0746603 0 0.801432 -0.598086 0.0931586 -0.595485 -0.797947 LS51.dat
1 7 -76.8359 -71.7842 162.776 -0.997875 -0.0378071 -0.0530661 0 0.814439 -0.58025 0.0651566 -0.579017 -0.812708 LS51.dat
1 7 -76.8125 -72.2885 163.134 -0.999457 -0.0185387 -0.0272311 0 0.826623 -0.562757 0.0329427 -0.562451 -0.826174 LS51.dat
1 7 -76.8011 -72.8002 163.482 -0.999993 0.00210248 0.0032278 0 0.83792 -0.545793 -0.00385216 -0.545789 -0.837914 LS51.dat
1 7 -76.8024 -73.3187 163.82 -0.998962 0.0241241 0.0386411 0 0.84826 -0.52958 -0.0455533 -0.52903 -0.847379 LS51.dat
1 7 -76.8173 -73.8437 164.147 -0.995722 0.0475259 0.0792352 0 0.857566 -0.514374 -0.0923955 -0.512174 -0.853897 LS51.dat
1 7 -76.8467 -74.3744 164.464 -0.989511 0.0722976 0.125066 0 0.865754 -0.50047 -0.144459 -0.495221 -0.856673 LS51.dat
1 7 -76.8915 -74.9105 164.771 -0.979469 0.0984174 0.175939 0 0.872735 -0.488194 -0.201595 -0.478171 -0.854817 LS51.dat
1 7 -76.9525 -75.4514 165.067 -0.964703 0.12585 0.231324 0 0.878417 -0.477895 -0.263341 -0.461027 -0.847411 LS51.dat
1 7 -77.0305 -75.9963 165.353 -0.944378 0.154543 0.290287 0 0.882702 -0.469933 -0.328862 -0.443795 -0.833604 LS51.dat
1 7 -77.1266 -76.5448 165.629 -0.917854 0.184429 0.351469 0 0.885494 -0.464651 -0.396919 -0.426482 -0.812754 LS51.dat
1 7 -77.2414 -77.0962 165.895 -0.884827 0.215419 0.413129 0 0.886697 -0.462352 -0.465919 -0.409101 -0.784573 LS51.dat
1 7 -77.3759 -77.6498 166.15 -0.845457 0.247404 0.47328 0 0.88622 -0.463265 -0.534044 -0.391671 -0.74926 LS51.dat
1 7 -77.5309 -78.2049 166.396 -0.800415 0.280256 0.529899 0 0.88398 -0.467524 -0.599446 -0.374213 -0.707551 LS51.dat
1 7 -77.7071 -78.7607 166.631 -0.750843 0.313824 0.581163 0 0.879908 -0.475144 -0.660481 -0.356758 -0.660672 LS51.dat
1 7 -77.9053 -79.3165 166.856 -0.698208 0.347938 0.625656 0 0.873949 -0.486018 -0.715895 -0.339342 -0.610198 LS51.dat
1 7 -78.1263 -79.8716 167.072 -0.644105 0.382412 0.662487 0 0.866068 -0.499927 -0.764937 -0.322006 -0.557839 LS51.dat
1 7 -78.3707 -80.425 167.277 -0.59006 0.417045 0.691305 0 0.856255 -0.516554 -0.807359 -0.304798 -0.505242 LS51.dat
1 7 -78.6391 -80.976 167.474 -0.537375 0.451624 0.712225 0 0.844525 -0.535516 -0.843344 -0.287773 -0.453826 LS51.dat
1 7 -78.932 -81.5238 167.66 -0.487048 0.485935 0.725707 0 0.830923 -0.556388 -0.873375 -0.270988 -0.404699 LS51.dat
1 7 -79.2499 -82.0675 167.838 -0.439764 0.519762 0.732431 0 0.815521 -0.578727 -0.898113 -0.254503 -0.358637 LS51.dat
1 7 -79.5933 -82.6063 168.006 -0.395917 0.552897 0.733181 0 0.798423 -0.602097 -0.918286 -0.23838 -0.316109 LS51.dat
1 7 -79.9623 -83.1392 168.165 -0.355672 0.585145 0.728768 0 0.779756 -0.626084 -0.934611 -0.22268 -0.277337 LS51.dat
1 7 -80.3572 -83.6654 168.315 -0.319021 0.616326 0.719978 0 0.759672 -0.650306 -0.947748 -0.207461 -0.242351 LS51.dat
1 7 -80.7781 -84.1841 168.457 -0.285837 0.646287 0.707538 0 0.738343 -0.674425 -0.958278 -0.192776 -0.211046 LS51.dat
1 7 -81.2248 -84.6945 168.59 -0.255923 0.674897 0.692111 0 0.715954 -0.698148 -0.966697 -0.178672 -0.183229 LS51.dat
1 7 -81.6973 -85.1957 168.715 -0.229038 0.702055 0.674284 0 0.692698 -0.721228 -0.973417 -0.165189 -0.158654 LS51.dat
1 7 -82.1953 -85.6871 168.832 -0.204929 0.727688 0.654579 0 0.668772 -0.743467 -0.978777 -0.152358 -0.137051 LS51.dat
1 7 -82.7183 -86.1678 168.942 -0.18334 0.751751 0.633448 0 0.64437 -0.764714 -0.983049 -0.140203 -0.118139 LS51.dat
1 7 -83.2659 -86.6371 169.044 -0.164026 0.774225 0.611286 0 0.619679 -0.784855 -0.986456 -0.128736 -0.101643 LS51.dat
1 7 -83.8374 -87.0946 169.139 -0.146754 0.795116 0.588433 0 0.594874 -0.803819 -0.989173 -0.117964 -0.0873001 LS51.dat
1 7 -84.4321 -87.5395 169.227 -0.131313 0.814451 0.565179 0 0.570115 -0.821565 -0.991341 -0.107882 -0.0748634 LS51.dat
1 7 -85.049 -87.9713 169.309 -0.117508 0.832273 0.541769 0 0.545548 -0.838079 -0.993072 -0.0984809 -0.0641062 LS51.dat
1 7 -85.6873 -88.3897 169.384 -0.105164 0.848642 0.518409 0 0.5213 -0.853374 -0.994455 -0.0897438 -0.0548218 LS51.dat
1 7 -86.3459 -88.7943 169.454 -0.0941226 0.863625 0.49527 0 0.497478 -0.867476 -0.995561 -0.0816492 -0.046824 LS51.dat
1 7 -87.0236 -89.1847 169.518 -0.0842439 0.877301 0.472489 0 0.474175 -0.880431 -0.996445 -0.0741709 -0.0399463 LS51.dat
1 7 -87.7193 -89.5607 169.577 -0.0754016 0.88975 0.450178 0 0.451463 -0.89229 -0.997153 -0.0672801 -0.034041 LS51.dat
1 7 -88.4317 -89.9221 169.631 -0.0674837 0.901056 0.428421 0 0.4294 -0.903114 -0.99772 -0.0609455 -0.0289775 LS51.dat
1 7 -89.1595 -90.269 169.68 -0.0603905 0.911302 0.407285 0 0.408029 -0.912969 -0.998175 -0.0551347 -0.0246411 LS51.dat
1 7 -89.9014 -90.6012 169.725 -0.0540335 0.920573 0.386815 0 0.387381 -0.92192 -0.998539 -0.0498145 -0.0209316 LS51.dat
1 7 -90.6561 -90.9187 169.766 -0.0483338 0.928947 0.367045 0 0.367475 -0.930034 -0.998831 -0.044952 -0.0177614 LS51.dat
1 7 -91.4222 -91.2218 169.803 -0.0432214 0.9365 0.347993 0 0.348318 -0.937376 -0.999066 -0.0405147 -0.0150548 LS51.dat
1 7 -92.1983 -91.5105 169.836 -0.0386341 0.943307 0.329667 0 0.329913 -0.944011 -0.999253 -0.036471 -0.0127459 LS51.dat
1 7 -92.9833 -91.785 169.867 -0.0345166 0.949433 0.312067 0 0.312253 -0.949999 -0.999404 -0.0327907 -0.0107779 LS51.dat
1 7 -93.7758 -92.0456 169.894 -0.0308196 0.954943 0.295186 0 0.295326 -0.955397 -0.999525 -0.0294449 -0.00910183 LS51.dat
1 7 -94.5745 -92.2926 169.919 -0.0274993 0.959894 0.279011 0 0.279117 -0.960257 -0.999622 -0.0264064 -0.00767551 LS51.dat
1 7 -95.3782 -92.5264 169.941 -0.0245167 0.964341 0.263526 0 0.263606 -0.964631 -0.999699 -0.0236495 -0.00646273 LS51.dat
1 7 -96.1859 -92.7471 169.961 -0.0218369 0.968331 0.248711 0 0.248771 -0.968562 -0.999762 -0.0211504 -0.00543238 LS51.dat
1 7 -96.9963 -92.9553 169.978 -0.019429 0.971911 0.234544 0 0.234588 -0.972095 -0.999811 -0.0188869 -0.00455783 LS51.dat
1 7 -97.8085 -93.1514 169.994 -0.0172654 0.975121 0.221 0 0.221033 -0.975266 -0.999851 -0.0168384 -0.00381623 LS51.dat
1 7 -98.6214 -93.3356 170.008 -0.0153213 0.977997 0.208056 0 0.20808 -0.978112 -0.999883 -0.014986 -0.00318806 LS51.dat
1 7 -99.4341 -93.5085 170.021 -0.0135747 0.980573 0.195684 0 0.195702 -0.980663 -0.999908 -0.0133122 -0.00265661 LS51.dat
1 7 -100.246 -93.6705 170.032 -0.0120059 0.982879 0.183862 0 0.183875 -0.98295 -0.999928 -0.0118012 -0.00220758 LS51.dat
1 7 -101.056 -93.822 170.041 -0.0105972 0.984942 0.172562 0 0.172571 -0.984997 -0.999944 -0.0104382 -0.00182877 LS51.dat
1 7 -101.863 -93.9635 170.05 -0.00933277 0.986786 0.16176 0 0.161767 -0.986829 -0.999956 -0.00920985 -0.00150974 LS51.dat
1 7 -102.667 -94.0953 170.057 -0.00819859 0.988434 0.151433 0 0.151438 -0.988467 -0.999966 -0.00810404 -0.00124158 LS51.dat
1 7 -103.467 -94.2179 170.064 -0.00718194 0.989904 0.141556 0 0.14156 -0.98993 -0.999974 -0.00710961 -0.00101667 LS51.dat
1 7 -104.263 -94.3316 170.07 -0.00627144 0.991216 0.132107 0 0.13211 -0.991235 -0.99998 -0.00621647 -0.000828519 LS51.dat
1 7 -105.053 -94.437 170.075 -0.00545688 0.992384 0.123065 0 0.123067 -0.992398 -0.999985 -0.0054154 -0.000671561 LS51.dat
1 7 -105.838 -94.5344 170.079 -0.0047291 0.993423 0.114408 0 0.114409 -0.993434 -0.999989 -0.00469805 -0.000541054 LS51.dat
1 7 -106.617 -94.6241 170.083 -0.00407985 0.994345 0.106117 0 0.106118 -0.994354 -0.999992 -0.00405681 -0.000432945 LS51.dat
1 7 -107.39 -94.7066 170.086 -0.00350171 0.995163 0.098173 0 0.0981736 -0.995169 -0.999994 -0.00348479 -0.000343775 LS51.dat
1 7 -108.157 -94.7822 170.089 -0.00298799 0.995887 0.0905577 0 0.0905581 -0.995891 -0.999996 -0.00297572 -0.000270587 LS51.dat
1 7 -108.916 -94.8512 170.091 -0.00253269 0.996525 0.0832543 0 0.0832546 -0.996528 -0.999997 -0.0025239 -0.000210858 LS51.dat
1 7 -109.668 -94.9141 170.093 -0.00213036 0.997087 0.0762467 0 0.0762469 -0.997089 -0.999998 -0.00212416 -0.000162434 LS51.dat
1 7 -110.413 -94.971 170.094 -0.00177612 0.997579 0.0695197 0 0.0695198 -0.997581 -0.999998 -0.00177182 -0.000123476 LS51.dat
1 7 -111.15 -95.0224 170.096 -0.00146553 0.998009 0.0630589 0 0.0630589 -0.99801 -0.999999 -0.00146261 -9.24146e-005 LS51.dat
1 7 -111.88 -95.0685 170.097 -0.00119459 0.998382 0.0568505 0 0.0568506 -0.998383 -0.999999 -0.00119265 -6.7913e-005 LS51.dat
1 7 -112.601 -95.1096 170.098 -0.000959678 0.998704 0.0508819 0 0.0508819 -0.998705 -1 -0.000958435 -4.88303e-005 LS51.dat
1 7 -113.315 -95.146 170.098 -0.000757524 0.99898 0.0451409 0 0.0451409 -0.998981 -1 -0.000756752 -3.41953e-005 LS51.dat
1 7 -114.021 -95.1778 170.099 -0.000585155 0.999215 0.039616 0 0.039616 -0.999215 -1 -0.000584696 -2.31815e-005 LS51.dat
1 7 -114.718 -95.2055 170.099 -0.00043988 0.999412 0.0342965 0 0.0342965 -0.999412 -1 -0.000439621 -1.50863e-005 LS51.dat
1 7 -115.407 -95.2291 170.099 -0.000319255 0.999574 0.0291722 0 0.0291722 -0.999574 -1 -0.000319119 -9.31336e-006 LS51.dat
1 7 -116.088 -95.249 170.1 -0.000221062 0.999706 0.0242335 0 0.0242335 -0.999706 -1 -0.000220997 -5.35711e-006 LS51.dat
1 7 -116.761 -95.2653 170.1 -0.000143286 0.99981 0.0194714 0 0.0194714 -0.99981 -1 -0.000143259 -2.78999e-006 LS51.dat
1 7 -117.425 -95.2783 170.1 -8.40947e-005 0.999889 0.0148774 0 0.0148774 -0.999889 -1 -8.40854e-005 -1.25111e-006 LS51.dat
1 7 -118.081 -95.288 170.1 -4.18197e-005 0.999945 0.0104434 0 0.0104434 -0.999945 -1 -4.18174e-005 -4.36742e-007 LS51.dat
1 7 -118.729 -95.2948 170.1 -1.49428e-005 0.999981 0.00616192 0 0.00616192 -0.999981 -1 -1.49425e-005 -9.20764e-008 LS51.dat
1 7 -119.368 -95.2987 170.1 -2.08058e-006 0.999998 0.00202569 0 0.00202569 -0.999998 -1 -2.08058e-006 -4.21462e-009 LS51.dat
0 MLCAD SKIP_END
0 MLCAD BTG hose1
1 7 -39.74 -62.942 140.174 0.997564 1.00326 -0.0198119 0 -4.26023 -0.95882 -0.0697565 14.3473 -0.283323 LS20.dat
0 MLCAD BTG hose3
1 0 -60.04 -60.542 140.174 0.999962 0.125507 -0.00247849 0 -4.26023 -0.95882 -0.00872656 14.3818 -0.284004 LS20.dat
0 MLCAD BTG hose3
1 0 -60.04 -93.942 140.974 -0.999962 -0.125507 0.00247849 0.00188877 1.04646 0.997562 -0.00851971 14.963 -0.0697454 LS20.dat
0 GROUP 3 hose3
0 MLCAD BTG hose2
1 7 -80 -62.9 140 0.990268 2.00163 -0.0395273 0 -4.26023 -0.95882 -0.139173 14.2423 -0.281251 LS20.dat
0 MLCAD BTG hose1
1 7 -39.9861 -62.9198 141.053 0.9991 0.0906 -0.0123 0.0146 -0.1308 0.9982 -0.0397 2.232 0.059 LS51.dat
0 MLCAD BTG hose1
1 7 -39.9441 -62.9805 142.088 0.9974 0.1495 -0.0233 0.03 -0.2186 0.9946 -0.0655 2.1744 0.1016 LS51.dat
0 MLCAD BTG hose1
1 7 -39.8771 -63.0784 143.062 0.9949 0.2036 -0.0322 0.0456 -0.3016 0.9889 -0.0899 2.1002 0.1452 LS51.dat
0 MLCAD BTG hose1
1 7 -39.7886 -63.2095 143.975 0.9918 0.2544 -0.0393 0.0614 -0.3821 0.9812 -0.1124 2.0356 0.1891 LS51.dat
0 MLCAD BTG hose1
1 7 -39.682 -63.3696 144.828 0.988 0.306 -0.0444 0.0772 -0.466 0.9713 -0.1334 1.9967 0.2335 LS51.dat
0 MLCAD BTG hose1
1 7 -39.5553 -63.5626 145.654 0.9839 0.3487 -0.048 0.0935 -0.539 0.9593 -0.1526 1.9187 0.2782 LS51.dat
0 MLCAD BTG hose1
1 7 -39.4141 -63.781 146.432 0.9794 0.3931 -0.05 0.1097 -0.6171 0.9453 -0.1697 1.8698 0.3225 LS51.dat
0 MLCAD BTG hose1
1 7 -39.2571 -64.0274 147.178 0.9746 0.4389 -0.0505 0.126 -0.7002 0.929 -0.185 1.8347 0.3666 LS51.dat
0 MLCAD BTG hose1
1 7 -39.0827 -64.3056 147.907 0.9697 0.4824 -0.0498 0.1425 -0.7833 0.9104 -0.1984 1.7948 0.4107 LS51.dat
0 MLCAD BTG hose1
1 7 -38.8908 -64.6172 148.621 0.9647 0.5242 -0.0479 0.1591 -0.8675 0.8895 -0.2097 1.7535 0.4544 LS51.dat
0 MLCAD BTG hose1
1 7 -38.6812 -64.9642 149.322 0.9599 0.5652 -0.045 0.1755 -0.9551 0.8663 -0.2187 1.7143 0.4975 LS51.dat
0 MLCAD BTG hose1
1 7 -38.4518 -65.3517 150.018 0.9553 0.6033 -0.0414 0.1917 -1.0432 0.8408 -0.2252 1.671 0.5398 LS51.dat
0 MLCAD BTG hose1
1 7 -38.2022 -65.7833 150.709 0.9511 0.64 -0.0372 0.2073 -1.1356 0.813 -0.2291 1.6295 0.5811 LS51.dat
0 MLCAD BTG hose1
1 7 -37.9303 -66.2658 151.402 0.9475 0.662 -0.0327 0.222 -1.2097 0.783 -0.23 1.5594 0.6212 LS51.dat
0 MLCAD BTG hose1
1 7 -37.634 -66.8072 152.1 0.9449 0.648 -0.0287 0.2354 -1.2234 0.7519 -0.2276 1.4246 0.6587 LS51.dat
0 MLCAD BTG hose1
1 7 -37.3323 -67.3769 152.763 0.9433 0.626 -0.0254 0.2465 -1.2248 0.7211 -0.2222 1.2987 0.6923 LS51.dat
0 MLCAD BTG hose1
1 7 -37.0282 -67.9718 153.394 0.9429 0.5995 -0.023 0.2551 -1.2194 0.6914 -0.2142 1.1865 0.7221 LS51.dat
0 MLCAD BTG hose1
1 7 -36.7248 -68.5891 153.994 0.9435 0.5708 -0.0218 0.2611 -1.2119 0.6628 -0.2038 1.0899 0.7484 LS51.dat
0 MLCAD BTG hose1
1 7 -36.423 -69.2297 154.571 0.9452 0.5383 -0.0218 0.2645 -1.1984 0.6359 -0.1913 1.0031 0.7714 LS51.dat
0 MLCAD BTG hose1
1 7 -36.1275 -69.8878 155.122 0.9479 0.5081 -0.0233 0.2651 -1.1926 0.611 -0.1768 0.9358 0.7913 LS51.dat
0 MLCAD BTG hose1
1 7 -35.8389 -70.565 155.653 0.9514 0.4777 -0.0262 0.2629 -1.1902 0.5882 -0.1605 0.8816 0.8083 LS51.dat
0 MLCAD BTG hose1
1 7 -35.5602 -71.2595 156.167 0.9556 0.4476 -0.0305 0.258 -1.1935 0.5678 -0.1426 0.8405 0.8226 LS51.dat
0 MLCAD BTG hose1
1 7 -35.2954 -71.9655 156.665 0.9603 0.4216 -0.0363 0.2501 -1.215 0.5502 -0.1232 0.8196 0.8342 LS51.dat
0 MLCAD BTG hose1
1 7 -35.0457 -72.6852 157.15 0.9655 0.3965 -0.0435 0.2394 -1.2515 0.5354 -0.1022 0.8149 0.8435 LS51.dat
0 MLCAD BTG hose1
1 7 -34.8138 -73.4171 157.627 0.971 0.3708 -0.052 0.2256 -1.3043 0.5238 -0.0796 0.8262 0.8503 LS51.dat
0 MLCAD BTG hose1
1 7 -34.6028 -74.1593 158.097 0.9764 0.3422 -0.0617 0.2088 -1.3738 0.5156 -0.0554 0.8535 0.8546 LS51.dat
0 MLCAD BTG hose1
1 7 -34.4158 -74.9101 158.563 0.9816 0.3079 -0.0726 0.1887 -1.4616 0.5111 -0.0294 0.8983 0.8565 LS51.dat
0 MLCAD BTG hose1
1 7 -34.2553 -75.6718 159.031 0.9862 0.2626 -0.0843 0.1654 -1.5566 0.5106 -0.0016 0.9546 0.8557 LS51.dat
0 MLCAD BTG hose1
1 7 -34.1261 -76.4378 159.501 0.9899 0.2043 -0.0966 0.1389 -1.6664 0.5145 0.0284 1.0294 0.852 LS51.dat
0 MLCAD BTG hose1
1 7 -34.0315 -77.2099 159.978 0.9922 0.1251 -0.1092 0.109 -1.7495 0.5231 0.0607 1.0988 0.8453 LS51.dat
0 MLCAD BTG hose1
1 7 -33.976 -77.9849 160.465 0.9925 0.0287 -0.1214 0.0773 -1.7466 0.5361 0.0947 1.1251 0.8354 LS51.dat
0 MLCAD BTG hose1
1 7 -33.964 -78.716 160.936 0.9906 -0.07 -0.1323 0.045 -1.6989 0.5529 0.129 1.1307 0.8227 LS51.dat
0 MLCAD BTG hose1
1 7 -33.9922 -79.4007 161.391 0.9866 -0.1594 -0.1413 0.0138 -1.5953 0.5722 0.1628 1.102 0.8078 LS51.dat
0 MLCAD BTG hose1
1 7 -34.0533 -80.012 161.814 0.9807 -0.2415 -0.148 -0.0156 -1.5187 0.5929 0.1951 1.0923 0.7916 LS51.dat
0 MLCAD BTG hose1
1 7 -34.1422 -80.5708 162.216 0.973 -0.3227 -0.1526 -0.0435 -1.4704 0.6146 0.2265 1.104 0.7739 LS51.dat
0 MLCAD BTG hose1
1 7 -34.256 -81.0896 162.605 0.9637 -0.4063 -0.1552 -0.0704 -1.4341 0.6374 0.2576 1.1277 0.7547 LS51.dat
0 MLCAD BTG hose1
1 7 -34.3983 -81.592 163 0.9526 -0.4771 -0.156 -0.0957 -1.3606 0.6609 0.2886 1.1235 0.7341 LS51.dat
0 MLCAD BTG hose1
1 7 -34.5615 -82.0572 163.384 0.9403 -0.5516 -0.1549 -0.1192 -1.3087 0.6845 0.3189 1.1375 0.7124 LS51.dat
0 MLCAD BTG hose1
1 7 -34.7483 -82.5005 163.769 0.9266 -0.6266 -0.1519 -0.1409 -1.2599 0.7081 0.3487 1.1556 0.6896 LS51.dat
0 MLCAD BTG hose1
1 7 -34.9593 -82.9247 164.159 0.9116 -0.705 -0.147 -0.161 -1.2163 0.7317 0.3783 1.1812 0.6656 LS51.dat
0 MLCAD BTG hose1
