0  8880_B
0 Name: C:\USERS\USER\DESKTOP\8880_B.LDR
0 Author: marco
0 Begin work: 09/09/2014
0 Last change: 09/09/2014

0 WORLD  -322.876 2613.987 -4817.528 0.5756414 0.01232438 0.8176177 0.4335729 0.843154 -0.3179715 -0.6932887 0.5375233 0.4800082
0 CENTRE  0 0 0
0 LOOKAT  -548 2577 -3851
0 ZOOM  80
0 ROTANGLE 0
1  0 -200.6695 -8 -99.76048 -0.649448 0 -0.760406 0 1 0 0.760406 0 -0.649448 2429.dat
1  0 -200.6695 -8 -99.7605 0.008726442 0 -1 0 1 0 1 0 0.008726442 2430.dat
1  0 -182.2956 -32 -136.6712 -0.649448 0 -0.760406 0 1 0 0.760406 0 -0.649448 3701.dat
1  0 -169.3067 -8 -151.8793 -0.649448 0 -0.760406 0 1 0 0.760406 0 -0.649448 3023.dat
1  0 -200.6695 -48 -99.7605 -0.649448 0 -0.760406 0 1 0 0.760406 0 -0.649448 2429.dat
1  0 -200.6695 -48 -99.76052 0.008726442 0 -1 0 1 0 1 0 0.008726442 2430.dat
1  14 -182.2956 -40 -136.6712 -0.6494482 0 -0.7604058 0 1 0 0.7604058 0 -0.6494482 3710.dat
1  0 -200.6694 -80 -99.76048 -0.649448 0 -0.760406 0 1 0 0.760406 0 -0.649448 2429.dat
1  0 -200.6694 -80 -99.7605 0.008726442 0 -1 0 1 0 1 0 0.008726442 2430.dat
1  0 -200.6694 -88 -99.76048 -0.649448 0 -0.760406 0 1 0 0.760406 0 -0.649448 2429.dat
1  0 -200.6694 -88 -99.7605 0.008726442 0 -1 0 1 0 1 0 0.008726442 2430.dat
1  0 -182.2956 -72 -136.6712 -0.649448 0 -0.760406 0 1 0 0.760406 0 -0.649448 3701.dat
1  0 -200.6695 -120 -99.76045 -0.649448 0 -0.760406 0 1 0 0.760406 0 -0.649448 2429.dat
1  0 -200.6695 -120 -99.76045 0.008726323 0 -1 0 1 0 1 0 0.008726323 2430.dat
1  0 -182.2956 -112 -136.6712 -0.649448 0 -0.760406 0 1 0 0.760406 0 -0.649448 3701.dat
1  0 -169.3066 -88 -151.8793 -0.649448 0 -0.760406 0 1 0 0.760406 0 -0.649448 3023.dat
1  0 -169.3066 -80 -151.8793 -0.649448 0 -0.760406 0 1 0 0.760406 0 -0.649448 3023.dat
1  0 -169.3067 -48 -151.8793 -0.649448 0 -0.760406 0 1 0 0.760406 0 -0.649448 3023.dat
1  0 -169.3066 -120 -151.8793 -0.649448 0 -0.760406 0 1 0 0.760406 0 -0.649448 3023.dat
1  0 -174.6915 -22 -130.1767 0.7604061 0 -0.6494479 0 1 0 0.6494479 0 0.7604061 2780.dat
1  0 -140 -8 -140 -0.649448 0 -0.760406 0 1 0 0.760406 0 -0.649448 2430.dat
1  0 -140 -8 -140 -1 0 0 0 1 0 0 0 -1 2429.dat
1  0 -154.0986 -32 -138.8904 -0.649448 0 -0.760406 0 1 0 0.760406 0 -0.649448 6541.dat
1  0 -167.0875 -32 -123.6823 -0.649448 0 -0.760406 0 1 0 0.760406 0 -0.649448 6541.dat
1  7 -160.5931 -40 -131.2863 -0.649448 0 -0.760406 0 1 0 0.760406 0 -0.649448 3023.dat
1  7 -167.0875 -48 -123.6823 -0.649448 0 -0.760406 0 1 0 0.760406 0 -0.649448 3623.dat
1  7 -160.5931 -72 -131.2863 -0.649448 0 -0.760406 0 1 0 0.760406 0 -0.649448 3700.dat
1  7 -180.0765 -72 -108.4742 -0.649448 0 -0.760406 0 1 0 0.760406 0 -0.649448 6541.dat
1  14 -140 -88 -140 -0.649448 0 -0.760406 0 1 0 0.760406 0 -0.649448 2430.dat
1  14 -140 -88 -140 -1 0 0 0 1 0 0 0 -1 2429.dat
1  7 -167.0876 -80 -123.6824 -0.649448 0 -0.760406 0 1 0 0.760406 0 -0.649448 3623.dat
1  0 -140 -120 -140 -0.6494479 0 -0.7604061 0 1 0 0.7604061 0 -0.6494479 2430.dat
1  0 -140 -120 -140 -1 0 0 0 1 0 0 0 -1 2429.dat
1  0 -160.593 -112 -131.2863 -0.6494486 0 -0.7604055 0 1 0 0.7604055 0 -0.6494486 32000.dat
1  0 -161.7026 -22 -145.3848 0.7604061 0 -0.6494479 0 1 0 0.6494479 0 0.7604061 2780.dat
1  0 -174.6915 -102 -130.1767 0.7604052 0 -0.6494489 0 1 0 0.6494489 0 0.7604052 2780.dat
1  14 100 -88 -140 -1 0 0 0 1 0 0 0 -1 2430.dat
1  14 100 -88 -140 -0.6560591 0 0.7547095 0 1 0 -0.7547095 0 -0.6560591 2429.dat
1  0 70 -80 -150 -1 0 0 0 1 0 0 0 -1 3623.dat
1  0 100 -120 -140 -1 0 0 0 1 0 0 0 -1 2430.dat
1  0 100 -120 -140 -0.6560599 0 0.7547088 0 1 0 -0.7547088 0 -0.6560599 2429.dat
1  0 70 -112 -150 1 0 0 0 1 0 0 0 1 3622.dat
1  0 -20 -8 -500 0 0 -1 0 1 0 1 0 0 3832.dat
1  0 -20 -32 -430 -1 0 0 0 1 0 0 0 -1 3895.dat
1  0 50 -40 -430 1 0 0 0 1 0 0 0 1 2420.dat
1  7 -20 -48 -420 -1 0 0 0 1 0 0 0 -1 3738.dat
1  0 -70 -40 -380 0 0 -1 0 1 0 1 0 0 3666.dat
1  0 -70 -32 -280 0 0 -1 0 1 0 1 0 0 3895.dat
1  0 -70 -40 -310 1 0 0 0 1 0 0 0 1 3024.dat
1  0 -70 -48 -310 0 0 -1 0 1 0 1 0 0 3623.dat
1  7 -70 -72 -320 0 0 -1 0 1 0 1 0 0 3700.dat
1  0 -80 -80 -320 1 0 0 0 1 0 0 0 1 3022.dat
1  0 -90 -72 -220 0 0 -1 0 1 0 1 0 0 3703.dat
1  0 -90 -80 -110 0 0 -1 0 1 0 1 0 0 3623.dat
1  0 -90 -88 -80 0 0 -1 0 1 0 1 0 0 3460.dat
1  0 -90 -80 -30 0 0 -1 0 1 0 1 0 0 3623.dat
1  7 -90 -72 100 0 0 -1 0 1 0 1 0 0 3703.dat
1  0 -90 -48 240 0 0 -1 0 1 0 1 0 0 3710.dat
1  7 -90 -80 240 0 0 -1 0 1 0 1 0 0 3023.dat
1  7 -90 -80 180 0 0 -1 0 1 0 1 0 0 3023.dat
1  7 -90 -80 20 0 0 -1 0 1 0 1 0 0 3023.dat
1  0 -90 -48 0 0 0 -1 0 1 0 1 0 0 3710.dat
1  0 -90 -40 -80 0 0 1 0 1 0 -1 0 0 3460.dat
1  0 -90 -48 -70 1 0 0 0 1 0 0 0 1 2420.dat
1  0 -90 -32 60 0 0 -1 0 1 0 1 0 0 3895.dat
1  0 -80 -8 240 0 0 -1 0 1 0 1 0 0 3832.dat
1  0 -20 -32 250 1 0 0 0 1 0 0 0 1 3702.dat
1  7 -50 -48 250 1 0 0 0 1 0 0 0 1 3024.dat
1  7 -70 -72 250 0 0 -1 0 1 0 1 0 0 3040B.dat
1  7 10 -48 250 1 0 0 0 1 0 0 0 1 3024.dat
1  7 30 -72 250 0 0 1 0 1 0 -1 0 0 3040B.dat
1  7 -110 -33 250 0 0 1 -1 0 0 0 -1 0 2736.dat
1  7 70 -33 250 0 0 1 -1 0 0 0 -1 0 2736.dat
1  0 40 -8 240 0 0 -1 0 1 0 1 0 0 3832.dat
1  0 30 -32 290 0 0 -1 0 1 0 1 0 0 6541.dat
1  0 40 -40 300 0 0 -1 0 1 0 1 0 0 3020.dat
1  0 60 -32 270 1 0 0 0 1 0 0 0 1 3701.dat
1  0 40 -32 330 0 0 -1 0 1 0 1 0 0 3002.dat
1  0 40 -8 370 0 0 -1 0 1 0 1 0 0 3021.dat
1  0 -20 -32 390 1 0 0 0 1 0 0 0 1 3702.dat
1  0 -80 -8 370 0 0 -1 0 1 0 1 0 0 3021.dat
1  0 -80 -32 330 0 0 -1 0 1 0 1 0 0 3002.dat
1  0 -80 -40 370 0 0 -1 0 1 0 1 0 0 3021.dat
1  0 -100 -32 370 1 0 0 0 1 0 0 0 1 3701.dat
1  7 -90 -48 380 0 0 -1 0 1 0 1 0 0 3023.dat
1  7 -70 -48 360 0 0 -1 0 1 0 1 0 0 3710.dat
1  0 -80 -40 300 0 0 -1 0 1 0 1 0 0 3020.dat
1  7 -70 -48 280 0 0 -1 0 1 0 1 0 0 3710.dat
1  0 -90 -32 290 1 0 0 0 1 0 0 0 1 3005.dat
1  0 -70 -32 290 0 0 -1 0 1 0 1 0 0 6541.dat
1  0 -100 -32 270 1 0 0 0 1 0 0 0 1 3701.dat
1  0 40 -40 370 0 0 -1 0 1 0 1 0 0 3021.dat
1  0 60 -32 370 1 0 0 0 1 0 0 0 1 3701.dat
1  7 50 -48 380 0 0 -1 0 1 0 1 0 0 3023.dat
1  7 30 -48 360 0 0 -1 0 1 0 1 0 0 3710.dat
1  7 30 -48 280 0 0 -1 0 1 0 1 0 0 3710.dat
1  0 50 -32 290 1 0 0 0 1 0 0 0 1 3005.dat
1  0 40 -32 220 0 0 1 0 1 0 -1 0 0 6232.dat
1  0 50 -32 60 0 0 -1 0 1 0 1 0 0 3895.dat
1  0 50 -8 -80 0 0 -1 0 1 0 1 0 0 3460.dat
1  0 50 -40 -80 0 0 1 0 1 0 -1 0 0 3460.dat
1  0 50 -48 -70 0 0 -1 0 1 0 1 0 0 2420.dat
1  0 30 -72 -70 1 0 0 0 1 0 0 0 1 3005.dat
1  0 -20 -80 -70 1 0 0 0 1 0 0 0 1 3460.dat
1  0 -40 -72 -70 1 0 0 0 1 0 0 0 1 3701.dat
1  0 -20 -48 -70 -1 0 0 0 1 0 0 0 -1 3710.dat
1  0 -20 -40 -70 1 0 0 0 1 0 0 0 1 3666.dat
1  0 -70 -32 -70 1 0 0 0 1 0 0 0 1 3622.dat
1  0 -20 -8 -70 1 0 0 0 1 0 0 0 1 3666.dat
1  7 -20 -32 -70 1 0 0 0 1 0 0 0 1 3700.dat
1  0 10 -72 -70 1 0 0 0 1 0 0 0 1 6541.dat
1  0 50 -48 0 0 0 -1 0 1 0 1 0 0 3710.dat
1  7 50 -72 100 0 0 -1 0 1 0 1 0 0 3703.dat
1  0 50 -48 240 0 0 -1 0 1 0 1 0 0 3710.dat
1  7 50 -80 20 0 0 -1 0 1 0 1 0 0 3023.dat
1  7 50 -80 240 0 0 -1 0 1 0 1 0 0 3023.dat
1  7 50 -80 180 0 0 -1 0 1 0 1 0 0 3023.dat
1  0 50 -80 -30 0 0 -1 0 1 0 1 0 0 3623.dat
1  0 50 -88 -80 0 0 -1 0 1 0 1 0 0 3460.dat
1  0 50 -112 -30 0 0 -1 0 1 0 1 0 0 3622.dat
1  0 50 -120 -80 0 0 -1 0 1 0 1 0 0 3460.dat
1  0 50 -128 -150 1 0 0 0 1 0 0 0 1 2420.dat
1  0 50 -152 -180 0 0 -1 0 1 0 1 0 0 3703.dat
1  0 50 -128 -340 0 0 -1 0 1 0 1 0 0 3710.dat
1  0 50 -152 -350 1 0 0 0 1 0 0 0 1 3040B.dat
1  0 50 -120 -350 0 0 -1 0 1 0 1 0 0 3623.dat
1  0 50 -112 -370 1 0 0 0 1 0 0 0 1 3005.dat
1  0 50 -88 -350 0 0 -1 0 1 0 1 0 0 3623.dat
1  0 50 -80 -360 0 0 1 0 1 0 -1 0 0 3023.dat
1  0 50 -72 -220 0 0 -1 0 1 0 1 0 0 3703.dat
1  14 50 -48 -240 0 0 -1 0 1 0 1 0 0 4477.dat
1  0 -20 -40 -180 1 0 0 0 1 0 0 0 1 3738.dat
1  14 -90 -48 -240 0 0 -1 0 1 0 1 0 0 4477.dat
1  7 0 -48 -200 0 0 -1 0 1 0 1 0 0 3709B.dat
1  15 -20 -56 -190 1 0 0 0 1 0 0 0 1 3710.dat
1  7 -40 -48 -200 0 0 -1 0 1 0 1 0 0 3709B.dat
1  15 -20 -72 -230 -1 0 0 0 1 0 0 0 -1 3037.dat
1  0 -20 -40 -230 -1 0 0 0 1 0 0 0 -1 3666.dat
1  7 -20 -32 -170 1 0 0 0 1 0 0 0 1 3700.dat
1  0 -50 -32 -170 1 0 0 0 1 0 0 0 1 6541.dat
1  0 -80 -8 -170 1 0 0 0 1 0 0 0 1 3666.dat
1  0 -110 -16 -160 1 0 0 0 1 0 0 0 1 3021.dat
1  14 -120 -24 -170 1 0 0 0 1 0 0 0 1 2412B.dat
1  0 -90 -24 -160 0 0 -1 0 1 0 1 0 0 3023.dat
1  0 -90 -32 -170 0 0 -1 0 1 0 1 0 0 3623.dat
1  0 50 -32 -170 0 0 -1 0 1 0 1 0 0 3623.dat
1  0 50 -24 -160 0 0 -1 0 1 0 1 0 0 3023.dat
1  0 70 -16 -160 1 0 0 0 1 0 0 0 1 3021.dat
1  0 100 -8 -140 -1 0 0 0 1 0 0 0 -1 2430.dat
1  0 100 -8 -140 -0.6560591 0 0.7547095 0 1 0 -0.7547095 0 -0.6560591 2429.dat
1  0 40 -8 -170 1 0 0 0 1 0 0 0 1 3666.dat
1  0 10 -32 -170 1 0 0 0 1 0 0 0 1 6541.dat
1  14 80 -24 -170 1 0 0 0 1 0 0 0 1 2412B.dat
1  0 30 -32 -280 0 0 -1 0 1 0 1 0 0 3895.dat
1  0 30 -40 -380 0 0 -1 0 1 0 1 0 0 3666.dat
1  0 40 -48 -360 1 0 0 0 1 0 0 0 1 3022.dat
1  0 30 -40 -310 1 0 0 0 1 0 0 0 1 3024.dat
1  0 30 -48 -310 0 0 -1 0 1 0 1 0 0 3623.dat
1  7 30 -72 -320 0 0 -1 0 1 0 1 0 0 3700.dat
1  0 40 -80 -320 1 0 0 0 1 0 0 0 1 3022.dat
1  0 30 -8 -400 0 0 -1 0 1 0 1 0 0 4477.dat
1  0 50 -80 -110 0 0 -1 0 1 0 1 0 0 3623.dat
1  0 50 -112 -340 0 0 -1 0 1 0 1 0 0 3700.dat
1  0 50 -128 -80 0 0 -1 0 1 0 1 0 0 3710.dat
1  0 40 -128 0 0 0 1 0 1 0 -1 0 0 2430.dat
1  0 40 -128 0 0.1616049 0 0.9868555 0 1 0 -0.9868555 0 0.1616049 2429.dat
1  0 50 -152 -10 0 0 -1 0 1 0 1 0 0 6541.dat
1  0 50 -40 120 0 0 -1 0 1 0 1 0 0 4477.dat
1  0 60 -32 190 1 0 0 0 1 0 0 0 1 3702.dat
1  0 120 -40 190 1 0 0 0 1 0 0 0 1 3666.dat
1  0 -20 -8 190 1 0 0 0 1 0 0 0 1 3710.dat
1  0 -100 -32 190 1 0 0 0 1 0 0 0 1 3702.dat
1  0 -160 -40 190 1 0 0 0 1 0 0 0 1 3666.dat
1  0 -20 -40 190 1 0 0 0 1 0 0 0 1 3666.dat
1  0 -20 -48 190 -1 0 0 0 1 0 0 0 -1 4477.dat
1  7 -20 -72 190 1 0 0 0 1 0 0 0 1 3701.dat
1  7 -20 -80 190 1 0 0 0 1 0 0 0 1 3710.dat
1  14 -20 -88 190 1 0 0 0 1 0 0 0 1 3460.dat
1  14 -20 -112 190 1 0 0 0 1 0 0 0 1 3701.dat
1  0 -80 -32 220 0 0 1 0 1 0 -1 0 0 6232.dat
1  0 -90 -40 120 0 0 -1 0 1 0 1 0 0 4477.dat
1  0 -90 -8 -80 0 0 -1 0 1 0 1 0 0 3460.dat
1  0 -90 -112 -30 0 0 -1 0 1 0 1 0 0 3622.dat
1  0 -90 -120 -80 0 0 -1 0 1 0 1 0 0 3460.dat
1  0 -80 -128 0 0 0 -1 0 1 0 1 0 0 2429.dat
1  0 -80 -128 0 0.1616051 0 -0.9868555 0 1 0 0.9868555 0 0.1616051 2430.dat
1  0 -90 -152 -10 0 0 -1 0 1 0 1 0 0 6541.dat
1  0 -90 -128 -150 0 0 -1 0 1 0 1 0 0 2420.dat
1  0 -90 -152 -180 0 0 -1 0 1 0 1 0 0 3703.dat
1  0 -90 -160 -200 0 0 -1 0 1 0 1 0 0 3069B.dat
1  0 -90 -128 -80 0 0 -1 0 1 0 1 0 0 3710.dat
1  0 -90 -128 -340 0 0 -1 0 1 0 1 0 0 3710.dat
1  0 -90 -152 -350 1 0 0 0 1 0 0 0 1 3040B.dat
1  0 -90 -120 -350 0 0 -1 0 1 0 1 0 0 3623.dat
1  0 -90 -112 -370 1 0 0 0 1 0 0 0 1 3005.dat
1  0 -90 -88 -350 0 0 -1 0 1 0 1 0 0 3623.dat
1  0 -90 -80 -360 0 0 -1 0 1 0 1 0 0 3023.dat
1  0 -90 -112 -340 0 0 -1 0 1 0 1 0 0 3700.dat
1  0 -80 -48 -360 1 0 0 0 1 0 0 0 1 3022.dat
1  0 -70 -8 -400 0 0 -1 0 1 0 1 0 0 4477.dat
1  0 -20 -72 -410 1 0 0 0 1 0 0 0 1 3702.dat
1  0 -90 -40 -430 0 0 -1 0 1 0 1 0 0 2420.dat
1  7 -20 -72 -430 1 0 0 0 1 0 0 0 1 3701.dat
1  0 -20 -80 -480 0 0 -1 0 1 0 1 0 0 3795.dat
1  0 -30 -72 -520 0 0 -1 0 1 0 1 0 0 3700.dat
1  0 -20 -48 -560 0 0 -1 0 1 0 1 0 0 3738.dat
1  7 -20 -72 -490 1 0 0 0 1 0 0 0 1 3701.dat
1  0 -10 -72 -520 0 0 -1 0 1 0 1 0 0 3700.dat
1  14 -20 -40 -640 0 0 -1 0 1 0 1 0 0 3034.dat
1  0 -30 -32 -620 0 0 -1 0 1 0 1 0 0 3895.dat
1  0 -20 -8 -620 1 0 0 0 1 0 0 0 1 3022.dat
1  0 -10 -32 -620 0 0 -1 0 1 0 1 0 0 3895.dat
1  0 -10 -40 -480 0 0 -1 0 1 0 1 0 0 4162.dat
1  0 -20 -8 -660 1 0 0 0 1 0 0 0 1 3795.dat
1  0 40 -16 -670 0 0 -1 0 1 0 1 0 0 3021.dat
1  0 100 -24 -660 1 0 0 0 1 0 0 0 1 3738.dat
1  0 20 -32 -660 -1 0 0 0 1 0 0 0 -1 2444.dat
1  0 30 -40 -670 1 0 0 0 1 0 0 0 1 3623.dat
1  14 170 -32 -680 0 0 -1 0 1 0 1 0 0 3666.dat
1  0 100 -40 -620 0 0 1 0 1 0 -1 0 0 3934.dat
1  0 -20 -48 -650 1 0 0 0 1 0 0 0 1 3460.dat
1  0 -140 -40 -620 0 0 -1 0 1 0 1 0 0 3933.dat
1  14 -210 -32 -680 0 0 -1 0 1 0 1 0 0 3666.dat
1  0 -140 -24 -700 1 0 0 0 1 0 0 0 1 3738.dat
1  0 -90 -32 -690 1 0 0 0 1 0 0 0 1 2420.dat
1  0 -80 -16 -670 0 0 -1 0 1 0 1 0 0 3021.dat
1  0 -140 -24 -660 1 0 0 0 1 0 0 0 1 3738.dat
1  0 -60 -32 -660 1 0 0 0 1 0 0 0 1 2444.dat
1  0 -70 -40 -670 1 0 0 0 1 0 0 0 1 3623.dat
1  0 -210 -64 -660 0 0 1 0 1 0 -1 0 0 2744.dat
1  0 -210 -72 -620 0 0 -1 0 1 0 1 0 0 2431.dat
1  0 -210 -64 -610 -1 0 0 0 1 0 0 0 -1 3665.dat
1  0 170 -64 -660 0 0 1 0 1 0 -1 0 0 2744.dat
1  0 170 -72 -620 0 0 -1 0 1 0 1 0 0 2431.dat
1  0 170 -64 -610 -1 0 0 0 1 0 0 0 -1 3665.dat
1  0 100 -24 -700 1 0 0 0 1 0 0 0 1 3738.dat
1  0 50 -32 -690 0 0 -1 0 1 0 1 0 0 2420.dat
1  0 -30 -40 -480 0 0 -1 0 1 0 1 0 0 4162.dat
1  0 -20 -48 -710 1 0 0 0 1 0 0 0 1 3023.dat
1  0 -20 -48 -680 1 0 0 0 1 0 0 0 1 3068B.dat
1  0 -10 -88 -460 0 0 -1 0 1 0 1 0 0 3794A.dat
1  0 -30 -88 -460 0 0 -1 0 1 0 1 0 0 3794A.dat
1  0 -20 -32 -490 -1 0 0 0 1 0 0 0 -1 3895.dat
1  0 -80 -40 -490 1 0 0 0 1 0 0 0 1 3710.dat
1  0 -70 -48 -490 -1 0 0 0 1 0 0 0 -1 3623.dat
1  0 -70 -72 -490 0 0 1 0 1 0 -1 0 0 3040B.dat
1  0 40 -40 -490 1 0 0 0 1 0 0 0 1 3710.dat
1  0 30 -48 -490 -1 0 0 0 1 0 0 0 -1 3623.dat
1  0 30 -72 -490 0 0 -1 0 1 0 1 0 0 3040B.dat
1  15 -20 -32 -450 1 0 0 0 1 0 0 0 1 3700.dat
1  0 -20 -32 -410 1 0 0 0 1 0 0 0 1 3702.dat
1  15 -20 -32 -470 1 0 0 0 1 0 0 0 1 3700.dat
1  0 -190 -8 190 0 0 1 0 1 0 -1 0 0 2420.dat
1  0 -190 -32 160 0 0 1 0 1 0 -1 0 0 3702.dat
1  0 -200 -8 130 0 0 -1 0 1 0 1 0 0 3021.dat
1  0 -210 -32 20 0 0 -1 0 1 0 1 0 0 3895.dat
1  14 -210 -40 -40 0 0 -1 0 1 0 1 0 0 3666.dat
1  0 -210.4946 -72 -79.67326 0.008726442 0 -1 0 1 0 1 0 0.008726442 3700.dat
1  0 -210.5822 -112 0.3267746 0 0 -1 0 1 0 1 0 0 2730.dat
1  0 -200 -88 100 0 0 -1 0 1 0 1 0 0 2429.dat
1  0 -200 -88 100 0.6883546 0 -0.7253743 0 1 0 0.7253743 0 0.6883546 2430.dat
1  0 -210 -80 80 0 0 -1 0 1 0 1 0 0 3023.dat
1  0 -210 -72 80 0 0 -1 0 1 0 1 0 0 3700.dat
1  0 -210 -48 40 0 0 -1 0 1 0 1 0 0 4477.dat
1  14 -210 -40 100 0 0 -1 0 1 0 1 0 0 3460.dat
1  0 -210 -32 150 -1 0 0 0 1 0 0 0 -1 4287.dat
1  0 -210 -48 170 0 0 -1 0 1 0 1 0 0 3623.dat
1  0 -200 -120 100 0 0 -1 0 1 0 1 0 0 2429.dat
1  0 -200 -120 100 0.6883546 0 -0.7253743 0 1 0 0.7253743 0 0.6883546 2430.dat
1  0 -110 -80 -150 -1 0 0 0 1 0 0 0 -1 3623.dat
1  0 -110 -112 -150 1 0 0 0 1 0 0 0 1 3622.dat
1  0 -20 -112 -460 -1 0 0 0 1 0 0 0 -1 3895.dat
1  0 70 -88 -460 -1 0 0 0 1 0 0 0 -1 3623.dat
1  0 -110 -88 -460 -1 0 0 0 1 0 0 0 -1 3623.dat
1  14 -20.00052 -111.9992 10 1 0 0 0 1 0 0 0 1 3701.dat
1  14 -20 -88 10 1 0 0 0 1 0 0 0 1 3460.dat
1  7 -20.00052 -79.99921 10 1 0 0 0 1 0 0 0 1 3710.dat
1  7 -20.00054 -71.99921 10 1 0 0 0 1 0 0 0 1 3700.dat
1  7 9.999466 -71.99921 10 1 0 0 0 1 0 0 0 1 6541.dat
1  7 -50.00053 -71.99921 10 1 0 0 0 1 0 0 0 1 6541.dat
1  0 -20.0005 -127.9992 10 0 0 -1 0 1 0 1 0 0 3021.dat
1  14 -20.00052 -151.9992 10 1 0 0 0 1 0 0 0 1 32000.dat
1  14 -20.00054 -151.9992 -10 1 0 0 0 1 0 0 0 1 3747A.dat
1  7 -20.00057 -159.9992 -30 1 0 0 0 1 0 0 0 1 3023.dat
1  7 -20.00054 -159.9992 -50 1 0 0 0 1 0 0 0 1 3023.dat
1  7 -20.00054 -167.9992 -20 0 0 -1 0 1 0 1 0 0 3709B.dat
1  14 -10.00054 -159.9992 0 0 0 -1 0 1 0 1 0 0 4175.dat
1  14 -30.00052 -159.9992 0 0 0 1 0 1 0 -1 0 0 4175.dat
1  7 -30.00054 -191.9992 -40 0 0 -1 0 1 0 1 0 0 3700.dat
1  7 -10.00054 -191.9992 -40 0 0 -1 0 1 0 1 0 0 3700.dat
1  7 -30.00054 -191.9992 -10 -1 0 0 0 1 0 0 0 -1 3040B.dat
1  7 -10.00051 -191.9992 -10 -1 0 0 0 1 0 0 0 -1 3040B.dat
1  14 -10.00051 -119.9992 100 0 0 -1 0 1 0 1 0 0 4477.dat
1  14 -30.00054 -119.9992 100 0 0 -1 0 1 0 1 0 0 4477.dat
1  7 -20.001 -143.9992 130 -1 0 0 0 1 0 0 0 -1 3048.dat
1  7 -20.00054 -199.9992 -10 -1 0 0 0 1 0 0 0 -1 2412B.dat
1  7 -20.001 -143.9992 170 -1 0 0 0 1 0 0 0 -1 3048.dat
1  7 -20.00101 -143.9992 50 -1 0 0 0 1 0 0 0 -1 3048.dat
1  7 -20.00101 -143.9992 90 -1 0 0 0 1 0 0 0 -1 3048.dat
1  7 -20.00054 -199.9992 -50 -1 0 0 0 1 0 0 0 -1 2412B.dat
1  7 -20.00054 -199.9992 -30 -1 0 0 0 1 0 0 0 -1 2412B.dat
1  7 40 -72 270 1 0 0 0 1 0 0 0 1 3700.dat
1  7 -80 -72 270 1 0 0 0 1 0 0 0 1 3700.dat
1  7 -20 -72 390 1 0 0 0 1 0 0 0 1 3702.dat
1  7 -90 -80 390 1 0 0 0 1 0 0 0 1 3024.dat
1  7 -70 -88 390 -1 0 0 0 1 0 0 0 -1 2420.dat
1  7 -70 -80 320 0 0 -1 0 1 0 1 0 0 3460.dat
1  7 -70 -72 320 0 0 -1 0 1 0 1 0 0 3700.dat
1  7 -70 -88 250 0 0 -1 0 1 0 1 0 0 2420.dat
1  7 -20 -112 250 1 0 0 0 1 0 0 0 1 3702.dat
1  7 30 -88 250 1 0 0 0 1 0 0 0 1 2420.dat
1  7 30 -80 320 0 0 -1 0 1 0 1 0 0 3460.dat
1  7 30 -88 390 0 0 1 0 1 0 -1 0 0 2420.dat
1  7 50 -80 390 1 0 0 0 1 0 0 0 1 3024.dat
1  7 -20 -112 390 1 0 0 0 1 0 0 0 1 3702.dat
1  7 30 -72 320 0 0 -1 0 1 0 1 0 0 3700.dat
1  7 -20 -120 250 1 0 0 0 1 0 0 0 1 3666.dat
1  7 -20 -152 250 -1 0 0 0 1 0 0 0 -1 3700.dat
1  7 -20 -128 250 -1 0 0 0 1 0 0 0 -1 3023.dat
1  7 -20 -120 390 1 0 0 0 1 0 0 0 1 3666.dat
1  0 10 -128 390 0 0 -1 0 1 0 1 0 0 2420.dat
1  0 -50 -128 390 1 0 0 0 1 0 0 0 1 2420.dat
1  0 -50 -152 340 0 0 -1 0 1 0 1 0 0 2730.dat
1  0 -60 -128 240 0 0 1 0 1 0 -1 0 0 2429.dat
1  0 -60 -128 240 -0.1616051 0 0.9868555 0 1 0 -0.9868555 0 -0.1616051 2430.dat
1  0 10 -152 340 0 0 -1 0 1 0 1 0 0 2730.dat
1  0 20 -128 240 0 0 -1 0 1 0 1 0 0 2430.dat
1  0 20 -128 240 -0.161605 0 -0.9868555 0 1 0 0.9868555 0 -0.161605 2429.dat
1  0 -60 -160 240 0 0 1 0 1 0 -1 0 0 2429.dat
1  0 -60 -160 240 -0.1616053 0 0.9868555 0 1 0 -0.9868555 0 -0.1616053 2430.dat
1  0 20 -160 240 0 0 -1 0 1 0 1 0 0 2430.dat
1  0 20.95194 -160 240.0775 -0.1616048 0 -0.9868556 0 1 0 0.9868556 0 -0.1616048 2429.dat
1  0 10 -160 380 0 0 -1 0 1 0 1 0 0 3023.dat
1  0 -50 -160 380 0 0 -1 0 1 0 1 0 0 3023.dat
1  0 -20 -40 -290 -1 0 0 0 1 0 0 0 -1 3460.dat
1  0 -20 -40 -730 1 0 0 0 1 0 0 0 1 3023.dat
1  15 -20 -56 -160 1 0 0 0 1 0 0 0 1 3022.dat
1  15 -20 -64 -150 1 0 0 0 1 0 0 0 1 3710.dat
1  7 40 -72 370 1 0 0 0 1 0 0 0 1 3700.dat
1  7 -80 -72 370 1 0 0 0 1 0 0 0 1 3700.dat
1  7 -120 -23 140 1 0 0 0 -1 0 0 0 -1 3713.dat
1  0 -120 -23 130 0 0 -1 0 -1 0 -1 0 0 3737.dat
1  7 -120 -23 100 1 0 0 0 -1 0 0 0 -1 3713.dat
1  7 -120 -23 60 1 0 0 0 -1 0 0 0 -1 3713.dat
1  7 -120 -22 160 0 1 0 0 0 -1 -1 0 0 6553.dat
1  7 -120 -22 120 0 1 0 0 0 -1 -1 0 0 6553.dat
1  7 -120 -22 80 0 1 0 0 0 -1 -1 0 0 6553.dat
1  7 -121 -22 40 0 1 0 0 0 -1 -1 0 0 6553.dat
1  7 80 -22 40 0 -1 0 0 0 1 -1 0 0 6553.dat
1  0 80 -22 130 0 0 1 0 1 0 -1 0 0 3737.dat
1  7 80 -22 80 0 -1 0 0 0 1 -1 0 0 6553.dat
1  7 80 -22 120 0 -1 0 0 0 1 -1 0 0 6553.dat
1  7 80 -22 160 0 -1 0 0 0 1 -1 0 0 6553.dat
1  7 80 -22 60 -1 0 0 0 1 0 0 0 -1 3713.dat
1  7 80 -22 100 -1 0 0 0 1 0 0 0 -1 3713.dat
1  7 80 -22 140 -1 0 0 0 1 0 0 0 -1 3713.dat
1  0 -20 -8 10 -1 0 0 0 1 0 0 0 -1 3460.dat
1  7 10 -32 10 1 0 0 0 1 0 0 0 1 6541.dat
1  7 -40 -32 10 1 0 0 0 1 0 0 0 1 3701.dat
1  0 -20 -40 10 -1 0 0 0 1 0 0 0 -1 3460.dat
1  7 30 -32 10 1 0 0 0 1 0 0 0 1 3005.dat
1  0 150 -8 190 -1 0 0 0 1 0 0 0 -1 2420.dat
1  0 150 -32 160 0 0 1 0 1 0 -1 0 0 3702.dat
1  0 160 -8 130 0 0 -1 0 1 0 1 0 0 3021.dat
1  0 170 -32 20 0 0 -1 0 1 0 1 0 0 3895.dat
1  0 160.5236 -8 -100.1745 0.0174525 0 1 0 1 0 -1 0 0.0174525 2429.dat
1  0 161.0183 -8 -100.2915 -0.6560599 0 0.7547088 0 1 0 -0.7547088 0 -0.6560599 2430.dat
1  0 161.0183 -48 -100.2915 0.01745262 0 1 0 1 0 -1 0 0.01745262 2429.dat
1  0 161.0183 -48 -100.2915 -0.6560597 0 0.754709 0 1 0 -0.754709 0 -0.6560597 2430.dat
1  14 170 -40 -40 0 0 -1 0 1 0 1 0 0 3666.dat
1  0 170 -48 40 0 0 -1 0 1 0 1 0 0 4477.dat
1  0 170 -72 80 0 0 -1 0 1 0 1 0 0 3700.dat
1  0 170 -80 80 0 0 -1 0 1 0 1 0 0 3023.dat
1  0 160 -88 100 0 0 1 0 1 0 -1 0 0 2430.dat
1  0 160 -88 100 0.6883546 0 0.7253743 0 1 0 -0.7253743 0 0.6883546 2429.dat
1  0 161.0183 -120 -100.2915 0.0174525 0 1 0 1 0 -1 0 0.0174525 2429.dat
1  0 161.0184 -120 -100.2915 -0.6560599 0 0.7547088 0 1 0 -0.7547088 0 -0.6560599 2430.dat
1  0 170 -112 0 0 0 -1 0 1 0 1 0 0 2730.dat
1  0 161.0183 -80 -100.2915 0.01745262 0 1 0 1 0 -1 0 0.01745262 2429.dat
1  0 161.0183 -80 -100.2915 -0.6560599 0 0.7547088 0 1 0 -0.7547088 0 -0.6560599 2430.dat
1  0 161.0183 -88 -100.2915 0.01745262 0 1 0 1 0 -1 0 0.01745262 2429.dat
1  0 161.0183 -88 -100.2915 -0.6560599 0 0.7547088 0 1 0 -0.7547088 0 -0.6560599 2430.dat
1  0 170.6692 -72 -80.117 -0.01745259 0 -1 0 1 0 1 0 -0.01745259 3700.dat
1  0 160 -120 100 0 0 1 0 1 0 -1 0 0 2430.dat
1  0 160 -120 100 0.6883546 0 0.7253743 0 1 0 -0.7253743 0 0.6883546 2429.dat
1  14 170 -40 100 0 0 -1 0 1 0 1 0 0 3460.dat
1  0 170 -48 170 0 0 -1 0 1 0 1 0 0 3623.dat
1  0 170 -32 150 -1 0 0 0 1 0 0 0 -1 4287.dat
1  0 -140 -40 230 1 0 0 0 1 0 0 0 1 3666.dat
1  15 -50 -56 -160 0 0 -1 0 1 0 1 0 0 4275A.dat
1  0 -70.47599 -152 120.0386 -0.1616051 0 0.9868555 0 1 0 -0.9868555 0 -0.1616051 3895.dat
1  0 100 -40 230 1 0 0 0 1 0 0 0 1 3666.dat
1  0 40 -32 -70 1 0 0 0 1 0 0 0 1 3700.dat
1  0 30.47598 -152 120.0387 -0.1616048 0 -0.9868556 0 1 0 0.9868556 0 -0.1616048 3895.dat
1  1 -60 -62.49989 -445 0 0 -1 -1 0 0 0 1 0 2905.dat
1  0 -60 -22 -460 0 0 1 0 1 0 -1 0 0 3705.dat
1  1 -60 -62 -475 0 0 -1 -1 0 0 0 1 0 2905.dat
1  0 -60 -102.4999 -450 0 0 1 0 1 0 -1 0 0 3706.dat
1  0 20 -22 -460 0 0 -1 0 1 0 1 0 0 3705.dat
1  1 20 -62 -445 0 0 1 -1 0 0 0 -1 0 2905.dat
1  1 20 -62 -475 0 0 1 -1 0 0 0 -1 0 2905.dat
1  0 20 -102.4999 -450 0 0 1 0 1 0 -1 0 0 3706.dat
1  0 -50 -102 -410 0 -1 0 -1 0 0 0 0 -1 3700.dat
1  7 -42.5 -102.4999 -410 0 -1 0 1 0 0 0 0 1 3023.dat
1  7 -34.5 -102.4999 -410 0 -1 0 1 0 0 0 0 1 3023.dat
1  7 -10.49997 -102.4999 -410 0 -1 0 -1 0 0 0 0 -1 3700.dat
1  0 30 -102 -410 0 -1 0 -1 0 0 0 0 -1 3700.dat
1  7 5.500014 -102.4999 -410 0 -1 0 1 0 0 0 0 1 3023.dat
1  7 -2.499978 -102.4999 -410 0 -1 0 1 0 0 0 0 1 3023.dat
1  7 -70 -48 -150 0 0 1 0 1 0 -1 0 0 2420.dat
1  15 -70 -72 -180 0 0 1 0 1 0 -1 0 0 2743.dat
1  15 -70 -80 -160 0 0 -1 0 1 0 1 0 0 3023.dat
1  15 10 -56 -160 0 0 -1 0 1 0 1 0 0 4275A.dat
1  7 30 -48 -150 -1 0 0 0 1 0 0 0 -1 2420.dat
1  15 30 -72 -180 0 0 1 0 1 0 -1 0 0 2743.dat
1  15 30 -80 -160 0 0 -1 0 1 0 1 0 0 3023.dat
1  7 -40 -22 -520 -1 0 0 0 1 0 0 0 -1 3749.dat
1  0 -50 -22 -520 0 1 0 0 0 -1 -1 0 0 2825.dat
1  7 0 -22 -520 1 0 0 0 1 0 0 0 1 3749.dat
1  0 10 -22 -520 0 -1 0 0 0 -1 1 0 0 2825.dat
1  1 80 -62.50002 345 0 0 -1 -1 0 0 0 1 0 2905.dat
1  0 80 -102.5 320 0 0 1 0 1 0 -1 0 0 4519.dat
1  1 80 -62 295 0 0 -1 -1 0 0 0 1 0 2905.dat
1  0 80 -22 320 0 0 1 0 1 0 -1 0 0 3706.dat
1  1 -120 -62.50002 295 0 0 1 -1 0 0 0 -1 0 2905.dat
1  0 -120 -102.5 320 0 0 1 0 1 0 -1 0 0 4519.dat
1  1 -120 -62 345 0 0 1 -1 0 0 0 -1 0 2905.dat
1  0 -120 -22 320 0 0 1 0 1 0 -1 0 0 3706.dat
1  0 -100 -160 440 1 0 0 0 1 0 0 0 1 3738.dat
1  0 -20 -168 440 1 0 0 0 1 0 0 0 1 3022.dat
1  0 60 -160 440 1 0 0 0 1 0 0 0 1 3738.dat
1  0 -170 -184 440 0 0 -1 0 1 0 1 0 0 3700.dat
1  0 130 -184 440 0 0 -1 0 1 0 1 0 0 3700.dat
1  15 -20 -192 430 -1 0 0 0 1 0 0 0 -1 3700.dat
1  15 -20 -200 430 1 0 0 0 1 0 0 0 1 3023.dat
1  15 -20 -208 430 1 0 0 0 1 0 0 0 1 3023.dat
1  0 -170 -208 450 1 0 0 0 1 0 0 0 1 3005.dat
1  0 130 -208 450 1 0 0 0 1 0 0 0 1 3005.dat
1  15 -20 -232 430 -1 0 0 0 1 0 0 0 -1 3700.dat
1  0 -170 -232 420 0 0 -1 0 1 0 1 0 0 3701.dat
1  0 -170 -208 430 1 0 0 0 1 0 0 0 1 4287.dat
1  0 130 -232 420 0 0 -1 0 1 0 1 0 0 3701.dat
1  0 130 -208 430 1 0 0 0 1 0 0 0 1 4287.dat
1  0 -170 -240 450 1 0 0 0 1 0 0 0 1 3024.dat
1  0 130 -240 450 1 0 0 0 1 0 0 0 1 3024.dat
1  0 -170 -240 400 0 0 -1 0 1 0 1 0 0 3710.dat
1  0 130 -240 400 0 0 -1 0 1 0 1 0 0 3710.dat
1  15 -20 -240 430 1 0 0 0 1 0 0 0 1 3023.dat
1  0 60 -248 440 1 0 0 0 1 0 0 0 1 3738.dat
1  0 -100 -248 440 1 0 0 0 1 0 0 0 1 3738.dat
1  0 -20 -248 380 1 0 0 0 1 0 0 0 1 4282.dat
1  0 130 -272 420 0 0 -1 0 1 0 1 0 0 3701.dat
1  0 -170 -272 420 0 0 -1 0 1 0 1 0 0 3701.dat
1  0 -20 -272 390 -1 0 0 0 1 0 0 0 -1 3700.dat
1  0 120 -152 440 1 0 0 0 1 0 0 0 1 2444.dat
1  0 -160 -152 440 -1 0 0 0 1 0 0 0 -1 2444.dat
1  15 10 -168 410 0 0 -1 0 1 0 1 0 0 3623.dat
1  15 -50 -168 410 0 0 -1 0 1 0 1 0 0 3623.dat
1  15 -20 -168 370 -1 0 0 0 1 0 0 0 -1 3710.dat
1  15 -20 -192 390 1 0 0 0 1 0 0 0 1 3039.dat
1  15 -20 -216 390 -1 0 0 0 1 0 0 0 -1 3700.dat
1  0 -20 -272 430 -1 0 0 0 1 0 0 0 -1 3700.dat
1  0 -68 -62 320 1 0 0 0 1 0 0 0 1 3705.dat
1  7 -120 -62.50001 320 0 0 1 0 1 0 -1 0 0 3326B.dat
1  0 -158 -62.50002 320 1 0 0 0 0 1 0 -1 0 3704.dat
1  7 -180 -62.50002 319.4999 0 0 -1 0 1 0 1 0 0 6538B.dat
1  0 -210.25 -62 320 1 0 0 0 1 0 0 0 1 4519.dat
1  7 -210 -62 320 0 0 1 0 1 0 -1 0 0 3713.dat
1  7 -232 -62 320 0 1 0 0 0 1 1 0 0 2907.dat
1  8 -20 -62 320 0 0 1 -1 0 0 0 -1 0 6573.dat
1  0 27.50002 -62 320 1 0 0 0 1 0 0 0 1 3705.dat
1  7 80 -62.50002 320 0 0 -1 0 1 0 1 0 0 3326B.dat
1  0 116 -62.50002 320 1 0 0 0 0 1 0 -1 0 3704.dat
1  7 140 -62.50002 319.4999 0 0 -1 0 1 0 1 0 0 6538B.dat
1  0 170 -62 320 1 0 0 0 1 0 0 0 1 4519.dat
1  7 170 -62 320 0 0 -1 0 1 0 1 0 0 3713.dat
1  7 192 -62 320 0 -1 0 0 0 1 -1 0 0 2907.dat
1  0 160 -22 120 1 0 0 0 1 0 0 0 1 2780.dat
1  0 160 -102 60 1 0 0 0 1 0 0 0 1 2780.dat
1  0 150 -62 50 0 0 1 1 0 0 0 1 0 3894.dat
1  0 160 -22 60 1 0 0 0 1 0 0 0 1 2780.dat
1  0 -40 -22 -410 0 0 1 0 1 0 -1 0 0 6558.dat
1  15 -20 -12 -390 1 0 0 0 -1 0 0 0 -1 3701.dat
1  15 -20 -37 -390 1 0 0 0 -1 0 0 0 -1 3710.dat
1  15 -20 -45 -390 1 0 0 0 -1 0 0 0 -1 3710.dat
1  0 0 -22 -410 0 0 1 0 1 0 -1 0 0 6558.dat
1  0 -20.49997 -102.4999 -420 0 0 1 0 1 0 -1 0 0 3706.dat
1  7 -20 -102 -390 1 0 0 0 1 0 0 0 1 4019.dat
1  7 -20 -102.4999 -340 -1 0 0 0 1 0 0 0 -1 3326B.dat
1  0 40 -62.50002 360 0 0 1 0 1 0 -1 0 0 2780.dat
1  0 -200 -22 100 1 0 0 0 1 0 0 0 1 2780.dat
1  0 40 -22 260 0 0 1 0 1 0 -1 0 0 2780.dat
1  0 -80 -62 280 0 0 1 0 1 0 -1 0 0 2780.dat
1  0 -200 -22 120 1 0 0 0 1 0 0 0 1 2780.dat
1  0 0 -22 -660 1 0 0 0 1 0 0 0 1 2780.dat
1  0 -80 -62.50002 360 0 0 1 0 1 0 -1 0 0 2780.dat
1  0 -40 -22 -660 1 0 0 0 1 0 0 0 1 2780.dat
1  0 -80 -62 -160 1 0 0 0 1 0 0 0 1 2780.dat
1  0 40 -62 -160 1 0 0 0 1 0 0 0 1 2780.dat
1  0 30 -62 -320 1 0 0 0 1 0 0 0 1 6558.dat
1  7 10 -42 -330 0 0 1 1 0 0 0 1 0 3701.dat
1  0 20 -22 -320 1 0 0 0 1 0 0 0 1 2780.dat
1  0 40 -22 380 0 0 1 0 1 0 -1 0 0 2780.dat
1  0 -80 -22 380 0 0 1 0 1 0 -1 0 0 2780.dat
1  7 -60 -22 400 0 0 -1 0 1 0 1 0 0 3749.dat
1  7 -60 -22 407 1 0 0 0 0 1 0 -1 0 6135.dat
1  0 -70 -62 -320 -1 0 0 0 1 0 0 0 -1 6558.dat
1  7 -50 -42 -330 0 0 1 1 0 0 0 1 0 3701.dat
1  0 -60 -22.49989 -319.5 1 0 0 0 1 0 0 0 1 2780.dat
1  0 -50 -81.31392 -122.4705 0 0 1 0.9271837 0.3746068 0 -0.3746068 0.9271837 0 4276B.dat
1  15 -20 -121.3982 -114.9037 0 0 1 0.9271839 0.3746069 0 -0.3746068 0.9271839 0 3032.dat
1  15 -50 -96.57948 -133.5594 0 0 1 0.9271839 0.3746069 0 -0.3746068 0.9271839 0 3623.dat
1  15 10 -96.57949 -133.5594 0 0 1 0.9271839 0.3746068 0 -0.3746068 0.9271839 0 3623.dat
1  0 -50 -118.4013 -107.4863 0 0 1 0.9271838 0.3746069 0 -0.3746069 0.9271838 0 3023.dat
1  0 -50 -155.4886 -92.50198 0 0 -1 -0.9271839 0.3746068 0 0.3746067 0.9271839 0 4275A.dat
1  15 -20 -155.4886 -92.50198 0 0 1 0.9271839 0.3746068 0 -0.3746068 0.9271839 0 3795.dat
1  7 -20 -201.5666 -99.77011 1 0 0 0 0.3746068 -0.9271838 0 0.9271838 0.3746068 3043.dat
1  0 10 -81.31394 -122.4705 0 0 1 0.9271839 0.3746068 0 -0.3746067 0.9271839 0 4276B.dat
1  0 10 -118.4013 -107.4863 0 0 1 0.9271839 0.3746069 0 -0.3746068 0.9271839 0 3023.dat
1  0 10 -155.4887 -92.50199 0 0 -1 -0.9271839 0.3746069 0 0.3746068 0.9271839 0 4275A.dat
1  0 40 -62 -260 1 0 0 0 1 0 0 0 1 2780.dat
1  0 30 -83.99087 -264.05 0 0 -1 0.7986357 0.601815 0 0.601815 -0.7986357 0 3701.dat
1  0 20 -78.17175 -272.4356 1 0 0 0 0.7986355 -0.601815 0 0.601815 0.7986355 2780.dat
1  0 -50 -132.108 -300.5583 0 0 -1 0.7986357 0.601815 0 0.601815 -0.7986357 0 3702.dat
1  0 -50 -173.569 -361.8526 -1 0 0 0 0.6018148 -0.7986357 0 -0.7986357 -0.6018148 4287.dat
1  7 -20 -160.8816 -312.2235 1 0 0 0 0.6018149 0.7986356 0 -0.7986356 0.6018149 2431.dat
1  0 -20 -132.1081 -300.5581 0 0 -1 0.7986358 0.6018148 0 0.6018147 -0.7986358 0 3709B.dat
1  7 -20 -112.9635 -276.1146 1 0 0 0 0.6018148 0.7986357 0 -0.7986357 0.6018148 2431.dat
1  0 10 -132.1081 -300.5582 0 0 -1 0.7986357 0.6018149 0 0.6018149 -0.7986357 0 3702.dat
1  0 10 -173.569 -361.8525 -1 0 0 0 0.6018148 -0.7986356 0 -0.7986356 -0.6018149 4287.dat
1  0 -20 -192.8271 -336.2961 1 0 0 0 0.6018149 0.7986356 0 -0.7986356 0.6018149 3710.dat
1  0 -60 -78.17174 -272.4358 1 0 0 0 0.7986355 -0.601815 0 0.601815 0.7986355 2780.dat
1  0 -70 -84.09144 -263.7491 0 0 -1 0.7986357 0.601815 0 0.601815 -0.7986357 0 3701.dat
1  0 -80 -62.19898 -260.3994 1 0 0 0 1 0 0 0 1 2780.dat
1  0 -60 -94.14445 -284.472 1 0 0 0 0.7986355 -0.601815 0 0.601815 0.7986355 2780.dat
1  0 30 -142.0626 -320.5808 -1 0 0 0 1 0 0 0 -1 6558.dat
1  0 20 -174.0081 -344.6534 1 0 0 0 1 0 0 0 1 2780.dat
1  0 30 -174.3387 -385.4818 0 0 -1 -0.2300503 0.9731789 0 0.9731788 0.2300503 0 3702.dat
1  0 20 -150.8174 -441.4571 1 0 0 0 0.8590527 -0.5118872 0 0.5118872 0.8590527 2780.dat
1  0 10 -151.4042 -482.5439 0 0 -1 -0.2300503 0.9731789 0 0.9731788 0.2300503 0 3702.dat
1  0 0 -127.8123 -538.7751 1 0 0 0 0.9537716 -0.3005324 0 0.3005324 0.9537716 2780.dat
1  0 -10 -104.2086 -636.425 0 0 -1 -0.3305145 0.943801 0 0.9438009 0.3305145 0 3895.dat
1  0 -20 -118.8376 -620.1862 1 0 0 0 0.9438009 -0.3305145 0 0.3305145 0.9438009 3068B.dat
1  0 -30 -104.6769 -636.418 0 0 -1 -0.3305145 0.943801 0 0.9438009 0.3305145 0 3895.dat
1  7 0 -115.0697 -576.4848 1 0 0 0 0.3665013 0.9304175 0 -0.9304175 0.3665013 4274.dat
1  7 0 -22 -540 1 0 0 0 1 0 0 0 1 3749.dat
1  0 -20 -121.68 -557.6088 1 0 0 0 0.9537717 -0.3005323 0 0.3005323 0.9537717 2780.dat
1  0 -20 -62.18742 -727.493 1 0 0 0 0.9537717 -0.3005323 0 0.3005323 0.9537717 2780.dat
1  7 -40 -115.0698 -576.4848 -1 0 0 0 -0.3305143 0.943801 0 0.943801 0.3305144 4274.dat
1  7 -40 -22 -540 -1 0 0 0 1 0 0 0 -1 3749.dat
1  0 -40 -128.2903 -538.7328 1 0 0 0 0.9537717 -0.3005323 0 0.3005323 0.9537717 2780.dat
1  0 -50 -151.8202 -482.6577 0 0 -1 -0.2300503 0.9731789 0 0.9731788 0.2300503 0 3702.dat
1  0 -60 -155.8817 -422.0016 1 0 0 0 0.8590527 -0.5118872 0 0.5118872 0.8590527 2780.dat
1  0 -70 -174.8725 -385.2341 0 0 -1 -0.2300503 0.9731789 0 0.9731788 0.2300503 0 3702.dat
1  0 -60 -174.008 -344.6535 1 0 0 0 0.5808509 -0.81401 0 0.81401 0.5808509 2780.dat
1  0 -60 -151.2807 -441.4652 1 0 0 0 0.8590527 -0.5118872 0 0.5118872 0.8590527 2780.dat
1  7 0 -75.408 -689.741 1 0 0 0 0.8824953 0.4703212 0 -0.4703212 0.8824953 4274.dat
1  7 0 -22 -720 1 0 0 0 1 0 0 0 1 3749.dat
1  0 20 -155.4184 -421.9935 1 0 0 0 0.8590527 -0.5118872 0 0.5118872 0.8590527 2780.dat
1  0 20 -94.14445 -284.4719 1 0 0 0 0.7986355 -0.601815 0 0.601815 0.7986355 2780.dat
1  0 -70 -142.0626 -320.5809 1 0 0 0 1 0 0 0 1 6558.dat
1  0 -20 -142 240 0 0 1 0 1 0 -1 0 0 2780.dat
1  7 -30 -102 230 0 1 0 -1 0 0 0 0 1 3894.dat
1  0 -20 -102 240 0 0 1 0 1 0 -1 0 0 2780.dat
1  0 40 -62 -180 1 0 0 0 1 0 0 0 1 2780.dat
1  7 -180 -102.5 290 0 0 1 0 1 0 -1 0 0 4274.dat
1  0 -180 -22.50002 320 0 -0.8670275 -0.4982606 0 0.4982608 -0.8670275 1 0 0 3706.dat
1  8 -79.86799 -103.1339 370 -0.4982605 0.8670273 0 -0.8670273 -0.4982605 0 0 0 1 2910.dat
1  8 -79.86797 -103.1339 270 -0.4982605 0.8670273 0 -0.8670273 -0.4982605 0 0 0 1 2910.dat
1  7 -180 -102.5 350 0 0 -1 0 1 0 1 0 0 4274.dat
1  0 -80 -102 320 0 0 1 0 1 0 -1 0 0 3737.dat
1  7 140 -102.5 290 0 0 1 0 1 0 -1 0 0 4274.dat
1  0 140.4335 -22.25086 320 0 0.8670273 0.4982606 0 0.4982606 -0.8670273 -1 0 0 3706.dat
1  7 140 -102.5 350 0 0 -1 0 1 0 1 0 0 4274.dat
1  0 40 -102 320 0 0 1 0 1 0 -1 0 0 3737.dat
1  7 -80 -142 -200 1 0 0 0 1 0 0 0 1 3749.dat
1  0 -70 -102.5 -200.5 1 0 0 0 0 1 0 -1 0 3704.dat
1  7 -70 -162 -200 0 -1 0 0 0 1 -1 0 0 2825.dat
1  7 -70 -102.5 -120 1 0 0 0 1 0 0 0 1 4274.dat
1  7 -110 -22.5 -120 0 1 0 0 0 -1 -1 0 0 2825.dat
1  0 -90 -62.49999 -120 1 0 0 0 1 0 0 0 1 4519.dat
1  8 70 -20.50008 249.5004 0 0.1909088 0.9822278 0 0.9822278 -0.1909088 -1 0 0 32005.dat
1  0 168 -52 250 0 1 0 -1 0 0 0 0 1 6628.dat
1  7 -100 -62 0 -1 0 0 0 1 0 0 0 -1 3749.dat
1  7 60 -62 0 1 0 0 0 1 0 0 0 1 3749.dat
1  0 -20 -62 -420 0 0 1 0 1 0 -1 0 0 2780.dat
1  0 -200 -102 60 1 0 0 0 1 0 0 0 1 2780.dat
1  0 -190 -62 50 0 0 1 1 0 0 0 1 0 3894.dat
1  0 -200 -22.49994 60.50005 1 0 0 0 1 0 0 0 1 2780.dat
1  0 -80 -62 -180 1 0 0 0 1 0 0 0 1 2780.dat
1  7 -30.00053 -141.9992 20 0 0 -1 0 1 0 1 0 0 4274.dat
1  14 -20.00051 -141.9992 28 1 0 0 0 0 1 0 -1 0 2431.dat
1  7 -10.0005 -142.4992 20 0 0 -1 0 1 0 1 0 0 4274.dat
1  0 -120 -102 -460 0 0 1 0 1 0 -1 0 0 4519.dat
1  0 -160 -102.4999 -450 0 0 1 0 1 0 -1 0 0 3705.dat
1  7 -160 -102 -420 0 0 -1 0 1 0 1 0 0 6536.dat
1  0 -160 -62.4999 -470 0 0 1 0 1 0 -1 0 0 3704.dat
1  7 -100 -62 -461 0 0 -1 -1 0 0 0 1 0 2825.dat
1  0 -161.0142 -21.38202 -460 0 -0.8670272 0.4982609 0 0.4982609 0.8670272 -1 0 0 3705.dat
1  0 -120 -22 -460 0 0 1 0 1 0 -1 0 0 3706.dat
1  0 -80 -48 -460 1 0 0 0 1 0 0 0 1 3666.dat
1  0 -20 -56 -460 1 0 0 0 1 0 0 0 1 3666.dat
1  0 40 -48 -460 1 0 0 0 1 0 0 0 1 3666.dat
1  0 80 -40 -460 1 0 0 0 1 0 0 0 1 3023.dat
1  0 -20 -64 -460 1 0 0 0 1 0 0 0 1 3666.dat
1  7 -20 -72 -460 1 0 0 0 1 0 0 0 1 2431.dat
1  0 -120 -40 -460 1 0 0 0 1 0 0 0 1 3023.dat
1  7 -120 -32 -460 1 0 0 0 1 0 0 0 1 3700.dat
1  7 80 -32 -460 1 0 0 0 1 0 0 0 1 3700.dat
1  0 80 -22 -460 0 0 1 0 1 0 -1 0 0 3706.dat
1  0 121.0143 -21.382 -460 0 -0.4982608 0.8670273 0 0.8670275 0.4982608 -1 0 0 3705.dat
1  0 120 -102.4999 -450 0 0 1 0 1 0 -1 0 0 3705.dat
1  7 120 -102 -420 0 0 -1 0 1 0 1 0 0 6536.dat
1  0 80 -102 -460 0 0 1 0 1 0 -1 0 0 4519.dat
1  0 120 -62.49989 -470 0 0 1 0 1 0 -1 0 0 3704.dat
1  7 60 -62 -461 0 0 1 1 0 0 0 1 0 2825.dat
1  0 -20 -22 -560 1 0 0 0 1 0 0 0 1 2780.dat
1  7 -40 -22 -720 -1 0 0 0 1 0 0 0 -1 3749.dat
1  7 -40 -74.94909 -690.8609 -1 0 0 0 -0.8741527 0.4856511 0 0.4856511 0.8741528 4274.dat
1  0 -80 -22 260 0 0 1 0 1 0 -1 0 0 2780.dat
1  0 40 -62 280 0 0 1 0 1 0 -1 0 0 2780.dat
1  0 10 -22 -80 0 0.2285438 0.9735337 0 0.9735337 -0.2285438 -1 0 0 3708.dat
1  7 10.11427 -22.01321 -10 0.9735336 0.2285438 0 -0.2285438 0.9735336 0 0 0 1 4019.dat
1  7 10.11428 -22.01318 -150 0.9735336 0.2285438 0 -0.2285438 0.9735336 0 0 0 1 3647.dat
1  0 142.323 -32 -137.0405 0.6560594 0 -0.7547092 0 1 0 0.7547092 0 0.6560594 3701.dat
1  14 142.323 -40 -137.0405 0.6560596 0 -0.7547091 0 1 0 0.7547091 0 0.6560596 3710.dat
1  0 129.2018 -48 -152.1347 0.6560597 0 -0.7547089 0 1 0 0.7547089 0 0.6560597 3023.dat
1  0 142.323 -72 -137.0405 0.6560596 0 -0.7547091 0 1 0 0.7547091 0 0.6560596 3701.dat
1  0 142.3231 -112 -137.0405 0.6560599 0 -0.7547089 0 1 0 0.7547089 0 0.6560599 3701.dat
1  0 129.2018 -88 -152.1347 0.6560598 0 -0.7547089 0 1 0 0.7547089 0 0.6560598 3023.dat
1  0 129.2018 -80 -152.1347 0.6560598 0 -0.7547089 0 1 0 0.7547089 0 0.6560598 3023.dat
1  0 129.2018 -8 -152.1347 0.6560597 0 -0.7547089 0 1 0 0.7547089 0 0.6560597 3023.dat
1  0 129.2019 -120 -152.1347 0.6560599 0 -0.7547089 0 1 0 0.7547089 0 0.6560599 3023.dat
1  0 134.776 -102 -130.4799 0.7547094 0 0.6560592 0 1 0 -0.6560592 0 0.7547094 2780.dat
1  0 114.1077 -32 -139.0135 0.6560593 0 -0.7547094 0 1 0 0.7547094 0 0.6560593 6541.dat
1  0 127.2289 -32 -123.9193 0.6560593 0 -0.7547094 0 1 0 0.7547094 0 0.6560593 6541.dat
1  7 120.6683 -40 -131.4664 0.6560593 0 -0.7547094 0 1 0 0.7547094 0 0.6560593 3023.dat
1  7 127.2289 -48 -123.9193 -0.6560593 0 0.7547093 0 1 0 -0.7547093 0 -0.6560593 3623.dat
1  7 120.6683 -72 -131.4664 0.6560594 0 -0.7547092 0 1 0 0.7547092 0 0.6560594 3700.dat
1  7 140.35 -72 -108.8251 0.6560594 0 -0.7547092 0 1 0 0.7547092 0 0.6560594 6541.dat
1  7 127.2289 -80 -123.9193 -0.6560595 0 0.7547092 0 1 0 -0.7547092 0 -0.6560595 3623.dat
1  0 120.6683 -112 -131.4664 0.6560599 0 -0.7547089 0 1 0 0.7547089 0 0.6560599 32000.dat
1  0 121.6548 -102 -145.5741 0.7547094 0 0.6560592 0 1 0 -0.6560592 0 0.7547094 2780.dat
1  0 140.3501 -62 -108.8251 0.7547085 0 0.6560603 0 1 0 -0.6560603 0 0.7547085 6558.dat
1  0 100.6488 -62.49995 -93.52591 -0.7547085 -0.6560603 0 0 0 -1 0.6560603 -0.7547086 0 3021.dat
1  0 131.4884 -42.49994 -88.53419 0 -0.6560604 -0.7547085 1 0 0 0 -0.7547085 0.6560606 3701.dat
1  15 114.0956 -62.49994 -62.81466 0 -0.6560604 -0.7547085 1 0 0 0 -0.7547085 0.6560606 3031.dat
1  0 116.3942 -72.49994 -75.41293 0.7547085 -0.6560605 0 0 0 1 -0.6560605 -0.7547084 0 3665.dat
1  0 101.3001 -72.50002 -62.29174 0 -0.6560606 0.7547082 -1 0 0 0 -0.7547082 -0.6560606 3676.dat
1  0 101.3001 -42.49996 -62.29174 0 -0.6560606 0.7547082 -1 0 0 0 -0.7547082 -0.6560606 3660.dat
1  7 119.3441 -92.49994 -56.777 -0.7547085 -0.6560603 0 0 0 -1 0.6560603 -0.7547086 0 3743.dat
1  7 96.70278 -62.49994 -37.09517 0 -0.6560604 -0.7547085 1 0 0 0 -0.7547085 0.6560606 2412B.dat
1  7 126.8912 -62.49993 -63.33761 0 -0.6560604 -0.7547085 1 0 0 0 -0.7547085 0.6560606 2412B.dat
1  7 111.7969 -62.49994 -50.21637 0 -0.6560604 -0.7547085 1 0 0 0 -0.7547085 0.6560606 2412B.dat
1  7 141.9853 -62.49994 -76.45881 0 -0.6560604 -0.7547085 1 0 0 0 -0.7547085 0.6560606 2412B.dat
1  7 96.7028 -32.49994 -37.09519 0.7547085 -0.6560605 0 0 0 1 -0.6560605 -0.7547084 0 3024.dat
1  7 126.8912 -32.49994 -63.3376 0.7547085 -0.6560605 0 0 0 1 -0.6560605 -0.7547084 0 3623.dat
1  0 140.35 -22 -108.8251 -0.7547084 0 -0.6560604 0 1 0 0.6560604 0 -0.7547084 6558.dat
1  0 134.7759 -22 -130.4799 0.7547094 0 0.6560592 0 1 0 -0.6560592 0 0.7547094 2780.dat
1  0 121.6548 -22 -145.5741 0.7547094 0 0.6560592 0 1 0 -0.6560592 0 0.7547094 2780.dat
1  0 112.1853 -112 164.9135 0.6883546 0 0.7253743 0 1 0 -0.7253743 0 0.6883546 3702.dat
1  7 -40 -142 360 1 0 0 0 1 0 0 0 1 3673.dat
1  0 -30 -173.7671 285.8997 0 0 -1 0.2769794 0.960876 0 0.9608759 -0.2769794 0 2730.dat
1  0 -20 -175.2571 244.5564 1 0 0 0 0.9674963 -0.252885 0 0.252885 0.9674963 2780.dat
1  0 -10 -173.7834 286.0262 0 0 -1 0.2769794 0.960876 0 0.9608759 -0.2769794 0 2730.dat
1  0 0 -186.3363 206.1214 1 0 0 0 0.9674963 -0.252885 0 0.252885 0.9674963 2780.dat
1  0 10 -229.1792 93.85096 0 0 -1 0.2769794 0.960876 0 0.9608759 -0.2769794 0 3703.dat
1  0 0 -180.7966 225.3388 1 0 0 0 0.9674963 -0.252885 0 0.252885 0.9674963 2780.dat
1  7 0 -258.3509 -43.70649 1 0 0 0 1 0 0 0 1 3673.dat
1  0 -10 -265.9393 -64.59461 0 0 -1 -0.1162123 0.9932243 0 0.9932244 0.1162123 0 3701.dat
1  7 0 -253.8004 -83.54703 1 0 0 0 1 0.01745155 0 -0.01745155 1 3673.dat
1  0 10 -201.5324 -52.4949 0 0 -1 0.9316429 0.3633755 0 0.3633754 -0.9316429 0 3702.dat
1  0 30 -142 -40 1 0 0 0 1 0 0 0 1 6558.dat
1  0 30 -82 -50 0 0 1 1 0 0 0 1 0 3702.dat
1  0 40 -22 -40 1 0 0 0 1 0 0 0 1 2780.dat
1  0 20 -216.8497 -69.53593 1 0 0 0 0.9263377 0.3766942 0 -0.3766942 0.9263377 2780.dat
1  0 30 -182.7031 -94.47947 0 0 1 0.9225381 0.3859061 0 -0.3859061 0.9225381 0 3894.dat
1  7 30 -155.3335 -131.407 0 0 1 0.922538 0.3859061 0 -0.3859061 0.922538 0 3048.dat
1  0 40 -142 -100 1 0 0 0 1 0 0 0 1 2780.dat
1  7 0 -142 360 1 0 0 0 1 0 0 0 1 3673.dat
1  0 -40 -180.7967 225.3389 1 0 0 0 0.9674963 -0.252885 0 0.252885 0.9674963 2780.dat
1  0 -50 -229.1792 93.85096 0 0 -1 0.2769794 0.960876 0 0.9608759 -0.2769794 0 3703.dat
1  0 -40 -186.3363 206.1213 1 0 0 0 0.9674963 -0.252885 0 0.252885 0.9674963 2780.dat
1  7 -40 -258.3509 -43.70638 1 0 0 0 0.9943582 -0.1060745 0 0.1060745 0.9943582 3673.dat
1  0 -30 -266.0014 -64.54411 0 0 -1 -0.1060747 0.9943581 0 0.9943581 0.1060747 0 3701.dat
1  7 -40 -253.9363 -83.37053 1 0 0 0 1 0.01745155 0 -0.01745155 1 3673.dat
1  0 -50 -201.6687 -52.31334 0 0 -1 0.9316429 0.3633755 0 0.3633754 -0.9316429 0 3702.dat
1  0 -60 -216.9861 -69.35437 1 0 0 0 0.9263377 0.3766942 0 -0.3766942 0.9263377 2780.dat
1  0 -70 -182.7973 -93.97752 0 0 1 0.922538 0.3859061 0 -0.3859061 0.922538 0 3894.dat
1  7 -70 -155.4278 -130.9051 0 0 -1 -0.9225382 0.3859062 0 0.3859062 0.9225382 0 3048.dat
1  0 -80 -142.307 -99.53875 1 0 0 0 1 0 0 0 1 2780.dat
1  0 -70 -142 -40 -1 0 0 0 1 0 0 0 -1 6558.dat
1  0 -70 -82 -50 0 0 1 1 0 0 0 1 0 3702.dat
1  0 -80 -22.49995 -39.50004 1 0 0 0 1 0 0 0 1 2780.dat
1  0 -80 -102 -340 1 0 0 0 1 0 0 0 1 2780.dat
1  0 -70 -121.9706 -329.9414 0 0 -1 -0.5976519 0.8017557 0 0.8017557 0.5976519 0 3894.dat
1  15 -20 -132.7101 -275.2112 -1 0 0 0 0.8017557 0.597652 0 0.597652 -0.8017557 3666.dat
1  15 -20 -151.9522 -289.5548 1 0 0 0 0.8017557 -0.597652 0 0.597652 0.8017557 3701.dat
