0 FILE L-3GO Trainer Droid.ldr
0 L-3GO Trainer Droid
0 Name: L-3GO Trainer Droid.ldr
0 Author: R Paluczak
0 Unofficial Model
0 ROTATION CENTER 0 0 0 1 "Custom" 
0 ROTATION CONFIG 0 0
1 15 -90 0 0 0 0 1 0.936672 0.350207 0 -0.350207 0.936672 0 2420.dat
1 15 10 0 0 -1 0 0 0 0.350207 0.936672 0 0.936672 -0.350207 2420.dat
1 15 -20 -100.911 129.793 1 0 0 0 -0.104529 -0.994522 0 0.994522 -0.104529 L-3GO Trainer Part 2.ldr
1 15 -90 -11.207 -29.973 0 0 1 0.936672 0.350207 0 -0.350207 0.936672 0 2420.dat
1 15 10 -11.207 -29.973 -1 0 0 0 0.350207 0.936672 0 0.936672 -0.350207 2420.dat
1 15 -40 -8.405 -22.48 -1 0 0 0 0.350207 0.936672 0 0.936672 -0.350207 3701.dat
1 15 -40 -250.1 102.05 -1 0 0 0 -0.936672 0.350207 0 0.350207 0.936672 32174.dat
1 15 -90 19.696 -32.986 0 0 1 0.936672 0.350207 0 -0.350207 0.936672 0 3701.dat
1 15 30 -70.47 11.401 0 -1 0 -0.350207 0 0.936672 -0.936672 0 -0.350207 32271.dat
1 15 50 -54.998 34.447 0 -1 0 0.734322 0 -0.678801 0.678801 0 0.734322 32177.dat
1 15 -130 -54.998 34.447 0 -1 0 0.734322 0 -0.678801 0.678801 0 0.734322 32177.dat
1 15 -110 -70.47 11.401 0 -1 0 -0.350207 0 0.936672 -0.936672 0 -0.350207 32271.dat
1 0 -40 -14.269 -9.61 0 0 -1 -0.936672 0.350207 0 0.350207 0.936672 0 3705.dat
1 0 -110 41.93 -30.624 -1 0 0 0 0.350207 0.936672 0 0.936672 -0.350207 32073.dat
1 1 -80 53.204 -69.002 0 0 -1 -0.96005 -0.279829 0 -0.279829 0.96005 0 6538a.dat
1 0 30 41.93 -30.624 -1 0 0 0 0.350207 0.936672 0 0.936672 -0.350207 32073.dat
1 0 20 53.252 -69.02 -1 0 0 0 -0.279829 0.96005 0 0.96005 0.279829 32062.dat
1 0 -20 53.252 -69.02 -1 0 0 0 -0.279829 0.96005 0 0.96005 0.279829 32062.dat
1 0 -60 53.252 -69.02 -1 0 0 0 -0.279829 0.96005 0 0.96005 0.279829 32062.dat
1 0 -100 53.252 -69.02 -1 0 0 0 -0.279829 0.96005 0 0.96005 0.279829 32062.dat
1 7 -40 -23.636 -6.108 -1 0 0 0 0.350207 0.936672 0 0.936672 -0.350207 3713.dat
1 7 -70 41.93 -30.624 0 0 1 0.936672 0.350207 0 -0.350207 0.936672 0 3713.dat
1 7 -130 41.93 -30.624 0 0 1 0.936672 0.350207 0 -0.350207 0.936672 0 3713.dat
1 7 50 41.93 -30.624 0 0 1 0.936672 0.350207 0 -0.350207 0.936672 0 3713.dat
1 7 -150 41.93 -30.624 0 0 1 0.936672 0.350207 0 -0.350207 0.936672 0 3482.dat
1 7 -150 41.93 -30.624 0 0 1 0.936672 0.350207 0 -0.350207 0.936672 0 56897.dat
1 7 70 41.93 -30.624 0 0 1 0.936672 0.350207 0 -0.350207 0.936672 0 3482.dat
1 7 78 41.93 -30.624 0 0 1 0.936672 0.350207 0 -0.350207 0.936672 0 56897.dat
1 7 -40 13.83 -20.118 -1 0 0 0 0.350207 0.936672 0 0.936672 -0.350207 32269.dat
1 15 10 19.696 -32.986 0 0 -1 -0.936672 0.350207 0 0.350207 0.936672 0 3701.dat
1 7 -10 41.93 -30.624 0 0 -1 -0.936672 0.350207 0 0.350207 0.936672 0 32269.dat
1 7 -170 -103.118 123.963 1 0 0 0 0.350207 -0.936672 0 0.936672 0.350207 Scout Micro.ldr
1 7 -100 -250.016 16.61 1 0 0 0 0.350207 -0.936672 0 0.936672 0.350207 2412b.dat
1 7 -100 -231.283 9.605 1 0 0 0 0.350207 -0.936672 0 0.936672 0.350207 2412b.dat
1 7 20 -250.016 16.61 1 0 0 0 0.350207 -0.936672 0 0.936672 0.350207 2412b.dat
1 7 20 -231.283 9.605 1 0 0 0 0.350207 -0.936672 0 0.936672 0.350207 2412b.dat
1 7 -220 -123.347 -15.804 -1 0 0 0 0.350207 0.936672 0 0.936672 -0.350207 L-3GO Trainer Part 4.ldr
1 7 140 -385.613 82.255 1 0 0 0 0.350207 -0.936672 0 0.936672 0.350207 L-3GO Trainer Part 6.ldr
1 7 -40 -285.095 100.116 0 0 1 -0.160743 0.986996 0 -0.986996 -0.160743 0 L-3GO Trainer 7.ldr
1 7 140 -152.068 -62.219 1 0 0 0 -0.681998 0.731354 0 -0.731354 -0.681998 L-3GO Trainer 5.ldr
1 7 -20 -348.3 44.658 1 0 0 0 0.999391 -0.0348995 0 0.0348995 0.999391 L-3GO Trainer Part 8.ldr
1 7 -220 -157.524 -68.069 -1 0 0 0 0.681998 0.731354 0 0.731354 -0.681998 L-3GO Trainer Part 3.ldr
1 7 -40 -219.198 99.037 1 0 0 0 0.350207 -0.936672 0 0.936672 0.350207 32064a.dat
1 7 -40 -229.747 113.657 1 0 0 0 0.350207 -0.936672 0 0.936672 0.350207 32123a.dat
1 0 -40 -225.062 111.905 0 0 -1 -0.936672 0.350207 0 0.350207 0.936672 0 4519.dat
1 15 -40 -210.793 121.517 1 0 0 0 0.350207 -0.936672 0 0.936672 0.350207 3710.dat
1 15 -10 -219.198 99.037 1 0 0 0 0.350207 -0.936672 0 0.936672 0.350207 4287.dat
1 15 -70 -219.198 99.037 1 0 0 0 0.350207 -0.936672 0 0.936672 0.350207 4287.dat
1 0 20 -89.204 18.405 1 0 0 0 -0.104529 -0.994522 0 0.994522 -0.104529 2780.dat
1 0 20 -51.737 4.397 1 0 0 0 0.350207 -0.936672 0 0.936672 0.350207 2780.dat
1 0 -100 -89.204 18.405 1 0 0 0 0.350207 -0.936672 0 0.936672 0.350207 2780.dat
1 0 -100 -51.737 4.397 1 0 0 0 0.350207 -0.936672 0 0.936672 0.350207 2780.dat
1 7 20 -70.47 11.401 1 0 0 0 0.350207 -0.936672 0 0.936672 0.350207 3749.dat
1 7 40 -14.269 -9.61 1 0 0 0 -0.678801 -0.734322 0 0.734322 -0.678801 3749.dat
1 7 40 -95.676 78.476 1 0 0 0 -0.678801 -0.734322 0 0.734322 -0.678801 3749.dat
1 7 -120 -95.676 78.476 -1 0 0 0 0.994056 0.108866 0 0.108866 -0.994056 3749.dat
1 7 -100 -70.47 11.401 -1 0 0 0 0.350207 0.936672 0 0.936672 -0.350207 3749.dat
1 7 -120 -14.269 -9.61 -1 0 0 0 0.350207 0.936672 0 0.936672 -0.350207 3749.dat
1 0 -100 23.197 -23.62 1 0 0 0 0.350207 -0.936672 0 0.936672 0.350207 2780.dat
1 0 -100 4.465 -16.616 1 0 0 0 0.350207 -0.936672 0 0.936672 0.350207 2780.dat
1 0 20 23.197 -23.62 1 0 0 0 0.350207 -0.936672 0 0.936672 0.350207 2780.dat
1 0 20 4.465 -16.616 1 0 0 0 0.350207 -0.936672 0 0.936672 0.350207 2780.dat
1 1 -40 53.204 -69.002 0 0 -1 -0.96005 -0.279829 0 -0.279829 0.96005 0 6538a.dat
1 1 0 53.204 -69.002 0 0 -1 -0.96005 -0.279829 0 -0.279829 0.96005 0 6538a.dat
0
0 FILE L-3GO Trainer Part 2.ldr
0 L-3GO Trainer Droid Part 2
0 Name: L-3GO Trainer Part 2.ldr
0 Author: R Paluczak
0 Unofficial Model
0 ROTATION CENTER 0 0 0 1 "Custom" 
0 ROTATION CONFIG 0 0
1 0 -20 8 0 1 0 0 0 1 0 0 0 1 3706.dat
1 0 50 -16 0 0 -1 0 1 0 0 0 0 1 4519.dat
1 15 -90 -52 0 -1 0 0 0 0 -1 0 -1 0 32034.dat
1 7 44.167 -12 29.228 0.19509 0.980785 0 0 0 -1 -0.980785 0.19509 0 3749.dat
1 7 -84.128 -12 29.619 -0.19509 0.980785 0 0 0 -1 -0.980785 -0.19509 0 3749.dat
1 15 -90 -112 0 -1 0 0 0 0 -1 0 -1 0 32013.dat
1 15 50 -112 0 -1 0 0 0 0 -1 0 -1 0 32013.dat
1 0 -90 -82 0 0 0 -1 1 0 0 0 -1 0 32062.dat
1 0 50 -82 0 0 0 -1 1 0 0 0 -1 0 32062.dat
1 15 50 -52 0 -1 0 0 0 0 -1 0 -1 0 32034.dat
1 0 -90 -16 0 0 -1 0 1 0 0 0 0 1 4519.dat
1 0 -20 28 -10 0 0 -1 0 1 0 1 0 0 32062.dat
1 0 -20 28 -70 0 0 -1 0 1 0 1 0 0 3705.dat
1 15 -20 28 -30 -1 0 0 0 1 0 0 0 -1 6538a.dat
1 0 -20 8 -60 1 0 0 0 1 0 0 0 1 3705.dat
1 0 -20 8 -80 1 0 0 0 1 0 0 0 1 3705.dat
1 8 0 8 -100 -1 0 0 0 1 0 0 0 -1 32002.dat
1 15 -50 8 0 0 -1 0 -1 0 0 0 0 -1 32006.dat
1 15 10 8 0 0 1 0 1 0 0 0 0 -1 32006.dat
1 15 -20 28 0 0 0 1 0 -1 0 1 0 0 6536.dat
1 15 -20 28 -60 0 0 1 0 -1 0 1 0 0 6536.dat
1 7 -20 8 -80 1 0 0 0 1 0 0 0 1 6536.dat
1 7 -20 -12 -95 1 0 0 0 0 1 0 -1 0 6632.dat
1 7 -70 8 0 0 0 1 1 0 0 0 1 0 32039.dat
1 7 30 8 0 0 0 -1 1 0 0 0 -1 0 32039.dat
1 1 50.019 -12 -0.195 0 0.980785 0.19509 1 0 0 0 0.19509 -0.980785 32013.dat
1 7 -35 8 0 0 0 1 1 0 0 0 1 0 32123a.dat
1 7 -40 8 -60 0 0 1 1 0 0 0 1 0 3713.dat
1 7 -5 8 0 0 0 1 1 0 0 0 1 0 32123a.dat
1 7 -35 8 -80 0 0 1 1 0 0 0 1 0 32123a.dat
1 7 10 8 -80 0 -1 0 -1 0 0 0 0 -1 32140.dat
1 7 -50 8 -80 0 -1 0 -1 0 0 0 0 -1 32140.dat
1 7 -5 8 -80 0 0 1 1 0 0 0 1 0 32123a.dat
1 7 0 8 -60 0 0 1 1 0 0 0 1 0 3713.dat
1 0 -20 -12 -140 1 0 0 0 1 0 0 0 1 3705.dat
1 7 -10 -12 -140 0 0 1 1 0 0 0 1 0 3713.dat
1 7 -30 -12 -140 0 0 1 0 1 0 -1 0 0 3482.dat
1 7 -22 -12 -140 0 0 1 0 1 0 -1 0 0 56897.dat
1 1 -89.981 -12 0.195 0 0.980785 -0.19509 1 0 0 0 -0.19509 -0.980785 32013.dat
0 SYNTH BEGIN TECHNIC_RIBBED_HOSE 1
0 1 7 -83.933 -12 30.599 -0.980785 -0.19509 0 0 0 -1 0.19509 -0.980785 0 LS02.dat
0 1 7 -80.031 -12 50.215 -0.980785 -0.19509 0 0 0 -1 0.19509 -0.980785 0 LS02.dat
0 1 7 40.07 -12 49.825 0.980785 -0.19509 0 0 0 -1 0.19509 0.980785 0 LS02.dat
0 1 7 43.971 -12 30.209 0.980785 -0.19509 0 0 0 -1 0.19509 0.980785 0 LS02.dat
0 SYNTH SHOW
0 SYNTH SYNTHESIZED BEGIN
1 1 -83.4453 -12 33.051 0 -0.1951 -0.9808 1 0 0 0 -0.9808 0.1951 79.dat
1 1 -82.372 -12 38.4462 0 0.1951 -0.9808 1 0 0 0 0.9808 0.1951 80.dat
1 1 -81.2987 -12 43.8418 0 0.1951 -0.9808 1 0 0 0 0.9808 0.1951 80.dat
1 1 -80.1631 -12 49.2232 0 0.2201 -0.9755 1 0 0 0 0.9755 0.2201 80.dat
1 1 -78.8204 -12 54.5659 0 0.272 -0.9623 1 0 0 0 0.9623 0.272 80.dat
1 1 -77.1844 -12 59.8313 0 0.3263 -0.9453 1 0 0 0 0.9453 0.3263 80.dat
1 1 -75.245 -12 64.9842 0 0.3831 -0.9237 1 0 0 0 0.9237 0.3831 80.dat
1 1 -72.9869 -12 70.0087 0 0.4418 -0.8971 1 0 0 0 0.8971 0.4418 80.dat
1 1 -70.4045 -12 74.8654 0 0.5021 -0.8648 1 0 0 0 0.8648 0.5021 80.dat
1 1 -67.4847 -12 79.5331 0 0.5635 -0.8261 1 0 0 0 0.8261 0.5635 80.dat
1 1 -64.228 -12 83.9685 0 0.625 -0.7806 1 0 0 0 0.7806 0.625 80.dat
1 1 -60.6262 -12 88.1453 0 0.6858 -0.7278 1 0 0 0 0.7278 0.6858 80.dat
1 1 -56.7038 -12 92.0011 0 0.7446 -0.6675 1 0 0 0 0.6675 0.7446 80.dat
1 1 -52.4621 -12 95.5087 0 0.8004 -0.5995 1 0 0 0 0.5995 0.8004 80.dat
1 1 -47.9226 -12 98.6241 0 0.8517 -0.524 1 0 0 0 0.524 0.8517 80.dat
1 1 -43.1132 -12 101.306 0 0.8973 -0.4414 1 0 0 0 0.4414 0.8973 80.dat
1 1 -38.0681 -12 103.517 0 0.936 -0.3521 1 0 0 0 0.3521 0.936 80.dat
1 1 -32.8271 -12 105.223 0 0.9663 -0.2574 1 0 0 0 0.2574 0.9663 80.dat
1 1 -27.4569 -12 106.391 0 0.9874 -0.1581 1 0 0 0 0.1581 0.9874 80.dat
1 1 -21.9858 -12 107.007 0 0.9985 -0.0556 1 0 0 0 0.0556 0.9985 80.dat
1 1 -16.4883 -12 107.052 0 0.9988 0.0486 1 0 0 0 -0.0486 0.9988 80.dat
1 1 -11.0191 -12 106.524 0 0.9883 0.1528 1 0 0 0 -0.1528 0.9883 80.dat
1 1 -5.6326 -12 105.426 0 0.9668 0.2555 1 0 0 0 -0.2555 0.9668 80.dat
1 1 -0.3823 -12 103.77 0 0.935 0.3546 1 0 0 0 -0.3546 0.935 80.dat
1 1 4.661 -12 101.583 0 0.8938 0.4485 1 0 0 0 -0.4485 0.8938 80.dat
1 1 9.4536 -12 98.8981 0 0.8444 0.5358 1 0 0 0 -0.5358 0.8444 80.dat
1 1 13.9579 -12 95.7525 0 0.7883 0.6152 1 0 0 0 -0.6152 0.7883 80.dat
1 1 18.1433 -12 92.1898 0 0.7274 0.6862 1 0 0 0 -0.6862 0.7274 80.dat
1 1 21.9872 -12 88.2573 0 0.6633 0.7483 1 0 0 0 -0.7483 0.6633 80.dat
1 1 25.4744 -12 84.0045 0 0.5977 0.8018 1 0 0 0 -0.8018 0.5977 80.dat
1 1 28.6106 -12 79.4641 0 0.5319 0.8468 1 0 0 0 -0.8468 0.5319 80.dat
1 1 31.38 -12 74.7044 0 0.4673 0.8841 1 0 0 0 -0.8841 0.4673 80.dat
1 1 33.7992 -12 69.7551 0 0.4047 0.9145 1 0 0 0 -0.9145 0.4047 80.dat
1 1 35.8761 -12 64.6625 0 0.3447 0.9387 1 0 0 0 -0.9387 0.3447 80.dat
1 1 37.6308 -12 59.4489 0 0.2877 0.9577 1 0 0 0 -0.9577 0.2877 80.dat
1 1 39.0821 -12 54.1327 0 0.2338 0.9723 1 0 0 0 -0.9723 0.2338 80.dat
1 1 40.2735 -12 48.7567 0 0.1953 0.9808 1 0 0 0 -0.9808 0.1953 80.dat
1 1 41.3491 -12 43.3602 0 0.1957 0.9807 1 0 0 0 -0.9807 0.1957 80.dat
1 1 42.4254 -12 37.9663 0 0.1957 0.9807 1 0 0 0 -0.9807 0.1957 79.dat
0 SYNTH SYNTHESIZED END
0 SYNTH SYNTHESIZED BEGIN
0 SYNTH SYNTHESIZED END
0 SYNTH END
0 
0
0 FILE Scout Micro.ldr
0 Scout Micro
0 Name: Scout Micro.ldr
0 Author: R Paluczak
0 Unofficial Model
0 ROTATION CENTER 0 0 0 1 "Custom" 
0 ROTATION CONFIG 0 0
1 1 130 -152 0 1 0 0 0 1 0 0 0 1 332.dat
1 7 130 -152 0 1 0 0 0 1 0 0 0 1 32346.dat
1 8 130 -72 40 1 0 0 0 1 0 0 0 1 32344.dat
1 8 130 -152 0 1 0 0 0 1 0 0 0 1 32277.dat
1 1 150 -160 -10 1 0 0 0 1 0 0 0 1 334.dat
1 1 130 -160 -30 1 0 0 0 1 0 0 0 1 334.dat
1 1 110 -160 -10 1 0 0 0 1 0 0 0 1 334.dat
1 41 130 -152 0 1 0 0 0 1 0 0 0 1 32345.dat
1 15 130 -152 0 1 0 0 0 1 0 0 0 1 32276.dat
0
0 FILE L-3GO Trainer Part 3.ldr
0 L-3GO Trainer Part 3
0 Name: L-3GO Trainer Part 3.ldr
0 Author: R Paluczak
0 Unofficial Model
0 
0 ROTATION CENTER 0 0 0 1 "Custom" 
0 ROTATION CONFIG 0 0
1 0 -50 24 0 1 0 0 0 1 0 0 0 1 32556.dat
1 15 -50 4 0 0 0 1 0 1 0 -1 0 0 6536.dat
1 15 -50 4 -40 1 0 0 0 1 0 0 0 1 32034.dat
1 15 -70 4 -100 1 0 0 0 1 0 0 0 1 32013.dat
1 15 -70 4 -160 1 0 0 0 -1 0 0 0 -1 32013.dat
1 15 -140 4 -160 0 0 1 0 1 0 -1 0 0 6538a.dat
1 15 -70 44 0 0 0 1 0 -1 0 1 0 0 6536.dat
1 15 -30 44 0 0 0 1 0 -1 0 1 0 0 6536.dat
1 15 -70 44 15 0 0 1 -1 0 0 0 -1 0 6632.dat
1 7 -70 44 45 0 -1 0 -1 0 0 0 0 -1 32123a.dat
1 7 -50 4 45 0 -1 0 -1 0 0 0 0 -1 32123a.dat
1 7 -95 4 -161 0 0 1 -1 0 0 0 -1 0 32123a.dat
1 7 -50 4 -80 -1 0 0 0 -1 0 0 0 1 32039.dat
1 7 -50 4 -160 0 0 1 0 -1 0 1 0 0 4019.dat
1 7 -30 44 45 0 -1 0 -1 0 0 0 0 -1 32123a.dat
1 0 -70 44 20 0 0 1 0 -1 0 1 0 0 4519.dat
1 0 -30 44 20 0 0 1 0 -1 0 1 0 0 4519.dat
1 0 -50 4 10 0 0 1 0 -1 0 1 0 0 3705.dat
1 8 -68 4 -100 1 0 0 0 -1 0 0 0 -1 6587.dat
1 0 -90 4 -160 1 0 0 0 -1 0 0 0 -1 32073.dat
1 0 -50 4 -70 0 0 1 0 -1 0 1 0 0 32062.dat
1 0 -70 4 -130 0 0 1 0 -1 0 1 0 0 32062.dat
1 7 -85 4 -160 0 0 1 0 -1 0 1 0 0 4185.dat
1 7 -85 4 -100 0 0 1 0 -1 0 1 0 0 4185.dat
1 1 -85 -25 -160 0 0 2 2 0 0 0 60 0 LS11.dat
1 1 -85 -25 -160 0 0 2 -1.9997 0.0185 0 -0.0345 -1.07 0 LS11.dat
1 1 -85 -24.9827 -161.001 0 0 2 -1.9973 0.0554 0 -0.1035 -1.0687 0 LS11.dat
1 1 -85 -24.9309 -162.001 0 0 2 -1.9926 0.0922 0 -0.1724 -1.0662 0 LS11.dat
1 1 -85 -24.8446 -162.998 0 0 2 -1.9854 0.129 0 -0.2411 -1.0623 0 LS11.dat
1 1 -85 -24.7239 -163.992 0 0 2 -1.9759 0.1656 0 -0.3095 -1.0573 0 LS11.dat
1 1 -85 -24.569 -164.981 0 0 2 -1.9641 0.202 0 -0.3775 -1.0509 0 LS11.dat
1 1 -85 -24.3801 -165.964 0 0 2 -1.9499 0.2381 0 -0.445 -1.0433 0 LS11.dat
1 1 -85 -24.1573 -166.94 0 0 2 -1.9333 0.274 0 -0.5121 -1.0345 0 LS11.dat
1 1 -85 -23.901 -167.908 0 0 2 -1.9145 0.3095 0 -0.5785 -1.0244 0 LS11.dat
1 1 -85 -23.6114 -168.866 0 0 2 -1.8934 0.3447 0 -0.6442 -1.0131 0 LS11.dat
1 1 -85 -23.2889 -169.814 0 0 2 -1.87 0.3795 0 -0.7092 -1.0006 0 LS11.dat
1 1 -85 -22.9339 -170.75 0 0 2 -1.8444 0.4138 0 -0.7733 -0.9869 0 LS11.dat
1 1 -85 -22.5468 -171.673 0 0 2 -1.8166 0.4476 0 -0.8365 -0.972 0 LS11.dat
1 1 -85 -22.1281 -172.583 0 0 2 -1.7867 0.4809 0 -0.8987 -0.956 0 LS11.dat
1 1 -85 -21.6782 -173.477 0 0 2 -1.7546 0.5136 0 -0.9599 -0.9388 0 LS11.dat
1 1 -85 -21.1978 -174.355 0 0 2 -1.7204 0.5457 0 -1.0199 -0.9206 0 LS11.dat
1 1 -85 -20.6872 -175.216 0 0 2 -1.6842 0.5772 0 -1.0786 -0.9012 0 LS11.dat
1 1 -85 -20.1473 -176.06 0 0 2 -1.646 0.6079 0 -1.1361 -0.8807 0 LS11.dat
1 1 -85 -19.5786 -176.883 0 0 2 -1.6058 0.638 0 -1.1923 -0.8592 0 LS11.dat
1 1 -85 -18.9818 -177.687 0 0 2 -1.5637 0.6672 0 -1.247 -0.8367 0 LS11.dat
1 1 -85 -18.3576 -178.47 0 0 2 -1.5197 0.6957 0 -1.3002 -0.8131 0 LS11.dat
1 1 -85 -17.7068 -179.231 0 0 2 -1.4739 0.7234 0 -1.3519 -0.7886 0 LS11.dat
1 1 -85 -17.0301 -179.968 0 0 2 -1.4264 0.7502 0 -1.402 -0.7632 0 LS11.dat
1 1 -85 -16.3284 -180.682 0 0 2 -1.3771 0.776 0 -1.4504 -0.7369 0 LS11.dat
1 1 -85 -15.6024 -181.372 0 0 2 -1.3262 0.801 0 -1.497 -0.7096 0 LS11.dat
1 1 -85 -14.853 -182.036 0 0 2 -1.2738 0.825 0 -1.5419 -0.6816 0 LS11.dat
1 1 -85 -14.0812 -182.673 0 0 2 -1.2198 0.8481 0 -1.585 -0.6527 0 LS11.dat
1 1 -85 -13.2878 -183.284 0 0 2 -1.1644 0.8701 0 -1.6261 -0.623 0 LS11.dat
1 1 -85 -12.4739 -183.867 0 0 2 -1.1076 0.8911 0 -1.6653 -0.5926 0 LS11.dat
1 1 -85 -11.6403 -184.421 0 0 2 -1.0494 0.911 0 -1.7026 -0.5615 0 LS11.dat
1 1 -85 -10.788 -184.946 0 0 2 -0.99 0.9298 0 -1.7378 -0.5297 0 LS11.dat
1 1 -85 -9.9182 -185.442 0 0 2 -0.9294 0.9476 0 -1.7709 -0.4973 0 LS11.dat
1 1 -85 -9.0317 -185.907 0 0 2 -0.8678 0.9642 0 -1.8019 -0.4643 0 LS11.dat
1 1 -85 -8.1298 -186.341 0 0 2 -0.8051 0.9796 0 -1.8308 -0.4308 0 LS11.dat
1 1 -85 -7.2133 -186.744 0 0 2 -0.7414 0.9939 0 -1.8575 -0.3967 0 LS11.dat
1 1 -85 -6.2835 -187.116 0 0 2 -0.6768 1.007 0 -1.882 -0.3622 0 LS11.dat
1 1 -85 -5.3415 -187.454 0 0 2 -0.6115 1.0189 0 -1.9042 -0.3272 0 LS11.dat
1 1 -85 -4.3883 -187.76 0 0 2 -0.5454 1.0296 0 -1.9242 -0.2918 0 LS11.dat
1 1 -85 -3.4251 -188.033 0 0 2 -0.4786 1.0391 0 -1.9419 -0.2561 0 LS11.dat
1 1 -85 -2.4531 -188.273 0 0 2 -0.4113 1.0473 0 -1.9572 -0.2201 0 LS11.dat
1 1 -85 -1.4734 -188.479 0 0 2 -0.3435 1.0542 0 -1.9703 -0.1838 0 LS11.dat
1 1 -85 -0.4871 -188.651 0 0 2 -0.2753 1.06 0 -1.981 -0.1473 0 LS11.dat
1 1 -85 0.5044 -188.789 0 0 2 -0.2068 1.0644 0 -1.9893 -0.1106 0 LS11.dat
1 1 -85 1.5002 -188.892 0 0 2 -0.138 1.0676 0 -1.9952 -0.0738 0 LS11.dat
1 1 -85 2.4989 -188.961 0 0 2 -0.069 1.0695 0 -1.9988 -0.0369 0 LS11.dat
1 1 -85 3.4994 -188.996 0 0 2 0 1.0701 0 -2 0 0 LS11.dat
1 1 -85 4.5006 -188.996 0 0 2 0.069 1.0695 0 -1.9988 0.0369 0 LS11.dat
1 1 -85 5.5011 -188.961 0 0 2 0.138 1.0676 0 -1.9952 0.0738 0 LS11.dat
1 1 -85 6.4998 -188.892 0 0 2 0.2068 1.0644 0 -1.9893 0.1106 0 LS11.dat
1 1 -85 7.4956 -188.789 0 0 2 0.2753 1.06 0 -1.981 0.1473 0 LS11.dat
1 1 -85 8.4872 -188.651 0 0 2 0.3435 1.0542 0 -1.9703 0.1838 0 LS11.dat
1 1 -85 9.4734 -188.479 0 0 2 0.4113 1.0473 0 -1.9572 0.2201 0 LS11.dat
1 1 -85 10.4531 -188.273 0 0 2 0.4786 1.0391 0 -1.9419 0.2561 0 LS11.dat
1 1 -85 11.4251 -188.033 0 0 2 0.5454 1.0296 0 -1.9242 0.2918 0 LS11.dat
1 1 -85 12.3883 -187.76 0 0 2 0.6115 1.0189 0 -1.9042 0.3272 0 LS11.dat
1 1 -85 13.3415 -187.454 0 0 2 0.6768 1.007 0 -1.882 0.3622 0 LS11.dat
1 1 -85 14.2835 -187.116 0 0 2 0.7414 0.9939 0 -1.8575 0.3967 0 LS11.dat
1 1 -85 15.2133 -186.744 0 0 2 0.8051 0.9796 0 -1.8308 0.4308 0 LS11.dat
1 1 -85 16.1298 -186.341 0 0 2 0.8678 0.9642 0 -1.8019 0.4643 0 LS11.dat
1 1 -85 17.0317 -185.907 0 0 2 0.9294 0.9476 0 -1.7709 0.4973 0 LS11.dat
1 1 -85 17.9182 -185.442 0 0 2 0.99 0.9298 0 -1.7378 0.5297 0 LS11.dat
1 1 -85 18.788 -184.946 0 0 2 1.0494 0.911 0 -1.7026 0.5615 0 LS11.dat
1 1 -85 19.6403 -184.421 0 0 2 1.1075 0.8911 0 -1.6653 0.5926 0 LS11.dat
1 1 -85 20.4739 -183.867 0 0 2 1.1644 0.8701 0 -1.6261 0.623 0 LS11.dat
1 1 -85 21.2878 -183.284 0 0 2 1.2198 0.8481 0 -1.585 0.6527 0 LS11.dat
1 1 -85 22.0812 -182.673 0 0 2 1.2738 0.825 0 -1.5419 0.6816 0 LS11.dat
1 1 -85 22.853 -182.036 0 0 2 1.3262 0.801 0 -1.497 0.7096 0 LS11.dat
1 1 -85 23.6024 -181.372 0 0 2 1.3771 0.776 0 -1.4504 0.7369 0 LS11.dat
1 1 -85 24.3284 -180.682 0 0 2 1.4264 0.7502 0 -1.402 0.7632 0 LS11.dat
1 1 -85 25.0301 -179.968 0 0 2 1.4739 0.7234 0 -1.3519 0.7887 0 LS11.dat
1 1 -85 25.7068 -179.231 0 0 2 1.5197 0.6957 0 -1.3002 0.8131 0 LS11.dat
1 1 -85 26.3576 -178.47 0 0 2 1.5637 0.6672 0 -1.247 0.8367 0 LS11.dat
1 1 -85 26.9818 -177.687 0 0 2 1.6058 0.638 0 -1.1923 0.8592 0 LS11.dat
1 1 -85 27.5786 -176.883 0 0 2 1.646 0.6079 0 -1.1361 0.8807 0 LS11.dat
1 1 -85 28.1473 -176.06 0 0 2 1.6842 0.5772 0 -1.0786 0.9012 0 LS11.dat
1 1 -85 28.6873 -175.216 0 0 2 1.7204 0.5457 0 -1.0199 0.9206 0 LS11.dat
1 1 -85 29.1978 -174.355 0 0 2 1.7546 0.5136 0 -0.9599 0.9388 0 LS11.dat
1 1 -85 29.6782 -173.477 0 0 2 1.7867 0.4809 0 -0.8987 0.956 0 LS11.dat
1 1 -85 30.1281 -172.583 0 0 2 1.8166 0.4476 0 -0.8365 0.972 0 LS11.dat
1 1 -85 30.5468 -171.673 0 0 2 1.8444 0.4138 0 -0.7733 0.9869 0 LS11.dat
1 1 -85 30.9339 -170.75 0 0 2 1.87 0.3795 0 -0.7092 1.0006 0 LS11.dat
1 1 -85 31.2889 -169.814 0 0 2 1.8934 0.3447 0 -0.6442 1.0131 0 LS11.dat
1 1 -85 31.6114 -168.866 0 0 2 1.9145 0.3095 0 -0.5785 1.0244 0 LS11.dat
1 1 -85 31.901 -167.908 0 0 2 1.9333 0.274 0 -0.5121 1.0345 0 LS11.dat
1 1 -85 32.1573 -166.94 0 0 2 1.9499 0.2381 0 -0.445 1.0433 0 LS11.dat
1 1 -85 32.3801 -165.964 0 0 2 1.9641 0.202 0 -0.3775 1.0509 0 LS11.dat
1 1 -85 32.569 -164.981 0 0 2 1.9759 0.1656 0 -0.3095 1.0573 0 LS11.dat
1 1 -85 32.7239 -163.992 0 0 2 1.9854 0.129 0 -0.2411 1.0623 0 LS11.dat
1 1 -85 32.8446 -162.998 0 0 2 1.9926 0.0922 0 -0.1724 1.0662 0 LS11.dat
1 1 -85 32.9309 -162.001 0 0 2 1.9973 0.0554 0 -0.1035 1.0687 0 LS11.dat
1 1 -85 32.9827 -161.001 0 0 2 1.9997 0.0232 0 -0.0345 1.3461 0 LS11.dat
1 1 -85 33 -100 0 0 2 -2 0 0 0 -60 0 LS11.dat
1 1 -85 33 -100 0 0 2 1.9997 -0.0185 0 0.0345 1.07 0 LS11.dat
1 1 -85 32.9827 -98.999 0 0 2 1.9973 -0.0554 0 0.1035 1.0687 0 LS11.dat
1 1 -85 32.9309 -97.9993 0 0 2 1.9926 -0.0922 0 0.1724 1.0662 0 LS11.dat
1 1 -85 32.8446 -97.0019 0 0 2 1.9854 -0.129 0 0.2411 1.0623 0 LS11.dat
1 1 -85 32.7239 -96.008 0 0 2 1.9759 -0.1656 0 0.3095 1.0573 0 LS11.dat
1 1 -85 32.569 -95.019 0 0 2 1.9641 -0.202 0 0.3775 1.0509 0 LS11.dat
1 1 -85 32.3801 -94.0359 0 0 2 1.9499 -0.2381 0 0.445 1.0433 0 LS11.dat
1 1 -85 32.1573 -93.0598 0 0 2 1.9333 -0.274 0 0.5121 1.0345 0 LS11.dat
1 1 -85 31.901 -92.0921 0 0 2 1.9145 -0.3095 0 0.5785 1.0244 0 LS11.dat
1 1 -85 31.6114 -91.1338 0 0 2 1.8934 -0.3447 0 0.6442 1.0131 0 LS11.dat
1 1 -85 31.2889 -90.186 0 0 2 1.87 -0.3795 0 0.7092 1.0006 0 LS11.dat
1 1 -85 30.9339 -89.25 0 0 2 1.8444 -0.4138 0 0.7733 0.9869 0 LS11.dat
1 1 -85 30.5468 -88.3267 0 0 2 1.8166 -0.4476 0 0.8365 0.972 0 LS11.dat
1 1 -85 30.1281 -87.4174 0 0 2 1.7867 -0.4809 0 0.8987 0.956 0 LS11.dat
1 1 -85 29.6782 -86.523 0 0 2 1.7546 -0.5136 0 0.9599 0.9388 0 LS11.dat
1 1 -85 29.1978 -85.6447 0 0 2 1.7204 -0.5457 0 1.0199 0.9206 0 LS11.dat
1 1 -85 28.6873 -84.7836 0 0 2 1.6842 -0.5772 0 1.0786 0.9012 0 LS11.dat
1 1 -85 28.1473 -83.9405 0 0 2 1.646 -0.6079 0 1.1361 0.8807 0 LS11.dat
1 1 -85 27.5786 -83.1166 0 0 2 1.6058 -0.638 0 1.1923 0.8592 0 LS11.dat
1 1 -85 26.9818 -82.3128 0 0 2 1.5637 -0.6672 0 1.247 0.8367 0 LS11.dat
1 1 -85 26.3576 -81.5301 0 0 2 1.5197 -0.6957 0 1.3002 0.8131 0 LS11.dat
1 1 -85 25.7068 -80.7694 0 0 2 1.4739 -0.7234 0 1.3519 0.7886 0 LS11.dat
1 1 -85 25.0301 -80.0317 0 0 2 1.4264 -0.7502 0 1.402 0.7632 0 LS11.dat
1 1 -85 24.3284 -79.3177 0 0 2 1.3771 -0.776 0 1.4504 0.7369 0 LS11.dat
1 1 -85 23.6024 -78.6284 0 0 2 1.3262 -0.801 0 1.497 0.7096 0 LS11.dat
1 1 -85 22.853 -77.9645 0 0 2 1.2738 -0.825 0 1.5419 0.6816 0 LS11.dat
1 1 -85 22.0812 -77.3269 0 0 2 1.2198 -0.8481 0 1.585 0.6527 0 LS11.dat
1 1 -85 21.2878 -76.7163 0 0 2 1.1644 -0.8701 0 1.6261 0.623 0 LS11.dat
1 1 -85 20.4739 -76.1335 0 0 2 1.1075 -0.8911 0 1.6653 0.5926 0 LS11.dat
1 1 -85 19.6403 -75.5791 0 0 2 1.0494 -0.911 0 1.7026 0.5615 0 LS11.dat
1 1 -85 18.788 -75.0538 0 0 2 0.99 -0.9298 0 1.7378 0.5297 0 LS11.dat
1 1 -85 17.9182 -74.5582 0 0 2 0.9294 -0.9476 0 1.7709 0.4973 0 LS11.dat
1 1 -85 17.0317 -74.093 0 0 2 0.8678 -0.9642 0 1.8019 0.4643 0 LS11.dat
1 1 -85 16.1298 -73.6586 0 0 2 0.8051 -0.9796 0 1.8308 0.4308 0 LS11.dat
1 1 -85 15.2133 -73.2556 0 0 2 0.7414 -0.9939 0 1.8575 0.3967 0 LS11.dat
1 1 -85 14.2835 -72.8845 0 0 2 0.6768 -1.007 0 1.882 0.3622 0 LS11.dat
1 1 -85 13.3415 -72.5457 0 0 2 0.6115 -1.0189 0 1.9042 0.3272 0 LS11.dat
1 1 -85 12.3883 -72.2397 0 0 2 0.5454 -1.0296 0 1.9242 0.2918 0 LS11.dat
1 1 -85 11.4251 -71.9667 0 0 2 0.4786 -1.0391 0 1.9419 0.2561 0 LS11.dat
1 1 -85 10.4531 -71.7271 0 0 2 0.4113 -1.0473 0 1.9572 0.2201 0 LS11.dat
1 1 -85 9.4734 -71.5212 0 0 2 0.3435 -1.0542 0 1.9703 0.1838 0 LS11.dat
1 1 -85 8.4872 -71.3493 0 0 2 0.2753 -1.06 0 1.981 0.1473 0 LS11.dat
1 1 -85 7.4956 -71.2114 0 0 2 0.2068 -1.0644 0 1.9893 0.1106 0 LS11.dat
1 1 -85 6.4998 -71.1079 0 0 2 0.138 -1.0676 0 1.9952 0.0738 0 LS11.dat
1 1 -85 5.5011 -71.0389 0 0 2 0.069 -1.0695 0 1.9988 0.0369 0 LS11.dat
1 1 -85 4.5006 -71.0043 0 0 2 0 -1.0701 0 2 0 0 LS11.dat
1 1 -85 3.4994 -71.0043 0 0 2 -0.069 -1.0695 0 1.9988 -0.0369 0 LS11.dat
1 1 -85 2.4989 -71.0389 0 0 2 -0.138 -1.0676 0 1.9952 -0.0738 0 LS11.dat
1 1 -85 1.5002 -71.1079 0 0 2 -0.2068 -1.0644 0 1.9893 -0.1106 0 LS11.dat
1 1 -85 0.5044 -71.2114 0 0 2 -0.2753 -1.06 0 1.981 -0.1473 0 LS11.dat
1 1 -85 -0.4872 -71.3493 0 0 2 -0.3435 -1.0542 0 1.9703 -0.1838 0 LS11.dat
1 1 -85 -1.4734 -71.5212 0 0 2 -0.4113 -1.0473 0 1.9572 -0.2201 0 LS11.dat
1 1 -85 -2.4531 -71.7271 0 0 2 -0.4786 -1.0391 0 1.9419 -0.2561 0 LS11.dat
1 1 -85 -3.4251 -71.9667 0 0 2 -0.5454 -1.0296 0 1.9242 -0.2918 0 LS11.dat
1 1 -85 -4.3883 -72.2397 0 0 2 -0.6115 -1.0189 0 1.9042 -0.3272 0 LS11.dat
1 1 -85 -5.3415 -72.5457 0 0 2 -0.6768 -1.007 0 1.882 -0.3622 0 LS11.dat
1 1 -85 -6.2835 -72.8845 0 0 2 -0.7414 -0.9939 0 1.8575 -0.3967 0 LS11.dat
1 1 -85 -7.2133 -73.2556 0 0 2 -0.8051 -0.9796 0 1.8308 -0.4308 0 LS11.dat
1 1 -85 -8.1298 -73.6586 0 0 2 -0.8678 -0.9642 0 1.8019 -0.4643 0 LS11.dat
1 1 -85 -9.0317 -74.093 0 0 2 -0.9294 -0.9476 0 1.7709 -0.4973 0 LS11.dat
1 1 -85 -9.9182 -74.5582 0 0 2 -0.99 -0.9298 0 1.7378 -0.5297 0 LS11.dat
1 1 -85 -10.788 -75.0538 0 0 2 -1.0494 -0.911 0 1.7026 -0.5615 0 LS11.dat
1 1 -85 -11.6403 -75.5791 0 0 2 -1.1075 -0.8911 0 1.6653 -0.5926 0 LS11.dat
1 1 -85 -12.4739 -76.1335 0 0 2 -1.1644 -0.8701 0 1.6261 -0.623 0 LS11.dat
1 1 -85 -13.2878 -76.7163 0 0 2 -1.2198 -0.8481 0 1.585 -0.6527 0 LS11.dat
1 1 -85 -14.0812 -77.3269 0 0 2 -1.2738 -0.825 0 1.5419 -0.6816 0 LS11.dat
1 1 -85 -14.853 -77.9645 0 0 2 -1.3262 -0.801 0 1.497 -0.7096 0 LS11.dat
1 1 -85 -15.6024 -78.6284 0 0 2 -1.3771 -0.776 0 1.4504 -0.7369 0 LS11.dat
1 1 -85 -16.3284 -79.3177 0 0 2 -1.4264 -0.7502 0 1.402 -0.7632 0 LS11.dat
1 1 -85 -17.0301 -80.0317 0 0 2 -1.4739 -0.7234 0 1.3519 -0.7886 0 LS11.dat
1 1 -85 -17.7068 -80.7694 0 0 2 -1.5197 -0.6957 0 1.3002 -0.8131 0 LS11.dat
1 1 -85 -18.3576 -81.5301 0 0 2 -1.5637 -0.6672 0 1.247 -0.8367 0 LS11.dat
1 1 -85 -18.9818 -82.3128 0 0 2 -1.6058 -0.638 0 1.1923 -0.8592 0 LS11.dat
1 1 -85 -19.5786 -83.1166 0 0 2 -1.646 -0.6079 0 1.1361 -0.8807 0 LS11.dat
1 1 -85 -20.1473 -83.9405 0 0 2 -1.6842 -0.5772 0 1.0786 -0.9012 0 LS11.dat
1 1 -85 -20.6873 -84.7836 0 0 2 -1.7204 -0.5457 0 1.0199 -0.9206 0 LS11.dat
1 1 -85 -21.1978 -85.6447 0 0 2 -1.7546 -0.5136 0 0.9599 -0.9388 0 LS11.dat
1 1 -85 -21.6782 -86.523 0 0 2 -1.7867 -0.4809 0 0.8987 -0.956 0 LS11.dat
1 1 -85 -22.1281 -87.4174 0 0 2 -1.8166 -0.4476 0 0.8365 -0.972 0 LS11.dat
1 1 -85 -22.5468 -88.3267 0 0 2 -1.8444 -0.4138 0 0.7733 -0.9869 0 LS11.dat
1 1 -85 -22.9339 -89.25 0 0 2 -1.87 -0.3795 0 0.7092 -1.0006 0 LS11.dat
1 1 -85 -23.2889 -90.186 0 0 2 -1.8934 -0.3447 0 0.6442 -1.0131 0 LS11.dat
1 1 -85 -23.6114 -91.1338 0 0 2 -1.9145 -0.3095 0 0.5785 -1.0244 0 LS11.dat
1 1 -85 -23.901 -92.0921 0 0 2 -1.9333 -0.274 0 0.5121 -1.0345 0 LS11.dat
1 1 -85 -24.1573 -93.0598 0 0 2 -1.9499 -0.2381 0 0.445 -1.0433 0 LS11.dat
1 1 -85 -24.3801 -94.0359 0 0 2 -1.9641 -0.202 0 0.3775 -1.0509 0 LS11.dat
1 1 -85 -24.569 -95.019 0 0 2 -1.9759 -0.1656 0 0.3095 -1.0573 0 LS11.dat
1 1 -85 -24.7239 -96.008 0 0 2 -1.9854 -0.129 0 0.2411 -1.0623 0 LS11.dat
1 1 -85 -24.8446 -97.0019 0 0 2 -1.9926 -0.0922 0 0.1724 -1.0662 0 LS11.dat
1 1 -85 -24.9309 -97.9993 0 0 2 -1.9973 -0.0554 0 0.1035 -1.0687 0 LS11.dat
1 1 -85 -24.9827 -98.999 0 0 2 -1.9997 -0.0232 0 0.0345 -1.3461 0 LS11.dat
0
0 FILE L-3GO Trainer Part 4.ldr
0 L-3GO Trainer Part 4
0 Name: L-3GO Trainer Part 4.ldr
0 Author: R Paluczak
0 Unofficial Model
0 ROTATION CENTER 0 0 0 1 "Custom" 
0 ROTATION CONFIG 0 0
1 15 -110 -6 -140 0 0 1 0 1 0 -1 0 0 3701.dat
1 0 -120 4 -120 1 0 0 0 -1 0 0 0 -1 4459.dat
0
0 FILE L-3GO Trainer 5.ldr
0 L-3GO Trainer Part 5
0 Name: L-3GO Trainer 5.ldr
0 Author: R Paluczak
0 Unofficial Model
0 ROTATION CENTER 0 0 0 1 "Custom" 
0 ROTATION CONFIG 0 0
1 0 -50 -16 0 -1 0 0 0 -1 0 0 0 1 32556.dat
1 15 -50 4 0 0 0 -1 0 -1 0 -1 0 0 6536.dat
1 15 -50 4 -40 1 0 0 0 1 0 0 0 1 32034.dat
1 15 -70 4 -100 1 0 0 0 1 0 0 0 1 32013.dat
1 15 -70 4 -160 1 0 0 0 -1 0 0 0 -1 32013.dat
1 15 -140 4 -160 0 0 1 0 1 0 -1 0 0 6538a.dat
1 15 -30 -36 0 0 0 -1 0 1 0 1 0 0 6536.dat
1 15 -70 -36 0 0 0 -1 0 1 0 1 0 0 6536.dat
1 15 -30 -36 15 0 0 -1 1 0 0 0 -1 0 6632.dat
1 7 -30 -36 45 0 1 0 1 0 0 0 0 -1 32123a.dat
1 7 -50 4 45 0 1 0 1 0 0 0 0 -1 32123a.dat
1 7 -95 4 -161 0 0 1 -1 0 0 0 -1 0 32123a.dat
1 7 -50 4 -80 -1 0 0 0 -1 0 0 0 1 32039.dat
1 7 -50 4 -160 0 0 1 0 -1 0 1 0 0 4019.dat
1 7 -85 4 -100 0 0 1 0 -1 0 1 0 0 4185.dat
1 7 -85 4 -160 0 0 1 0 -1 0 1 0 0 4185.dat
1 7 -70 -36 45 0 1 0 1 0 0 0 0 -1 32123a.dat
1 0 -30 -36 20 0 0 -1 0 1 0 1 0 0 4519.dat
1 0 -70 -36 20 0 0 -1 0 1 0 1 0 0 4519.dat
1 0 -50 4 10 0 0 -1 0 1 0 1 0 0 3705.dat
1 8 -68 4 -100 1 0 0 0 -1 0 0 0 -1 6587.dat
1 0 -90 4 -160 1 0 0 0 -1 0 0 0 -1 32073.dat
1 0 -50 4 -70 0 0 1 0 -1 0 1 0 0 32062.dat
1 0 -70 4 -130 0 0 1 0 -1 0 1 0 0 32062.dat
1 1 -85 -25 -160 0 0 2 2 0 0 0 60 0 LS11.dat
1 1 -85 -25 -160 0 0 2 -1.9997 0.0185 0 -0.0345 -1.07 0 LS11.dat
1 1 -85 -24.9827 -161.001 0 0 2 -1.9973 0.0554 0 -0.1035 -1.0687 0 LS11.dat
1 1 -85 -24.9309 -162.001 0 0 2 -1.9926 0.0922 0 -0.1724 -1.0662 0 LS11.dat
1 1 -85 -24.8446 -162.998 0 0 2 -1.9854 0.129 0 -0.2411 -1.0623 0 LS11.dat
1 1 -85 -24.7239 -163.992 0 0 2 -1.9759 0.1656 0 -0.3095 -1.0573 0 LS11.dat
1 1 -85 -24.569 -164.981 0 0 2 -1.9641 0.202 0 -0.3775 -1.0509 0 LS11.dat
1 1 -85 -24.3801 -165.964 0 0 2 -1.9499 0.2381 0 -0.445 -1.0433 0 LS11.dat
1 1 -85 -24.1573 -166.94 0 0 2 -1.9333 0.274 0 -0.5121 -1.0345 0 LS11.dat
1 1 -85 -23.901 -167.908 0 0 2 -1.9145 0.3095 0 -0.5785 -1.0244 0 LS11.dat
1 1 -85 -23.6114 -168.866 0 0 2 -1.8934 0.3447 0 -0.6442 -1.0131 0 LS11.dat
1 1 -85 -23.2889 -169.814 0 0 2 -1.87 0.3795 0 -0.7092 -1.0006 0 LS11.dat
1 1 -85 -22.9339 -170.75 0 0 2 -1.8444 0.4138 0 -0.7733 -0.9869 0 LS11.dat
1 1 -85 -22.5468 -171.673 0 0 2 -1.8166 0.4476 0 -0.8365 -0.972 0 LS11.dat
1 1 -85 -22.1281 -172.583 0 0 2 -1.7867 0.4809 0 -0.8987 -0.956 0 LS11.dat
1 1 -85 -21.6782 -173.477 0 0 2 -1.7546 0.5136 0 -0.9599 -0.9388 0 LS11.dat
1 1 -85 -21.1978 -174.355 0 0 2 -1.7204 0.5457 0 -1.0199 -0.9206 0 LS11.dat
1 1 -85 -20.6872 -175.216 0 0 2 -1.6842 0.5772 0 -1.0786 -0.9012 0 LS11.dat
1 1 -85 -20.1473 -176.06 0 0 2 -1.646 0.6079 0 -1.1361 -0.8807 0 LS11.dat
1 1 -85 -19.5786 -176.883 0 0 2 -1.6058 0.638 0 -1.1923 -0.8592 0 LS11.dat
1 1 -85 -18.9818 -177.687 0 0 2 -1.5637 0.6672 0 -1.247 -0.8367 0 LS11.dat
1 1 -85 -18.3576 -178.47 0 0 2 -1.5197 0.6957 0 -1.3002 -0.8131 0 LS11.dat
1 1 -85 -17.7068 -179.231 0 0 2 -1.4739 0.7234 0 -1.3519 -0.7886 0 LS11.dat
1 1 -85 -17.0301 -179.968 0 0 2 -1.4264 0.7502 0 -1.402 -0.7632 0 LS11.dat
1 1 -85 -16.3284 -180.682 0 0 2 -1.3771 0.776 0 -1.4504 -0.7369 0 LS11.dat
1 1 -85 -15.6024 -181.372 0 0 2 -1.3262 0.801 0 -1.497 -0.7096 0 LS11.dat
1 1 -85 -14.853 -182.036 0 0 2 -1.2738 0.825 0 -1.5419 -0.6816 0 LS11.dat
1 1 -85 -14.0812 -182.673 0 0 2 -1.2198 0.8481 0 -1.585 -0.6527 0 LS11.dat
1 1 -85 -13.2878 -183.284 0 0 2 -1.1644 0.8701 0 -1.6261 -0.623 0 LS11.dat
1 1 -85 -12.4739 -183.867 0 0 2 -1.1076 0.8911 0 -1.6653 -0.5926 0 LS11.dat
1 1 -85 -11.6403 -184.421 0 0 2 -1.0494 0.911 0 -1.7026 -0.5615 0 LS11.dat
1 1 -85 -10.788 -184.946 0 0 2 -0.99 0.9298 0 -1.7378 -0.5297 0 LS11.dat
1 1 -85 -9.9182 -185.442 0 0 2 -0.9294 0.9476 0 -1.7709 -0.4973 0 LS11.dat
1 1 -85 -9.0317 -185.907 0 0 2 -0.8678 0.9642 0 -1.8019 -0.4643 0 LS11.dat
1 1 -85 -8.1298 -186.341 0 0 2 -0.8051 0.9796 0 -1.8308 -0.4308 0 LS11.dat
1 1 -85 -7.2133 -186.744 0 0 2 -0.7414 0.9939 0 -1.8575 -0.3967 0 LS11.dat
1 1 -85 -6.2835 -187.116 0 0 2 -0.6768 1.007 0 -1.882 -0.3622 0 LS11.dat
1 1 -85 -5.3415 -187.454 0 0 2 -0.6115 1.0189 0 -1.9042 -0.3272 0 LS11.dat
1 1 -85 -4.3883 -187.76 0 0 2 -0.5454 1.0296 0 -1.9242 -0.2918 0 LS11.dat
1 1 -85 -3.4251 -188.033 0 0 2 -0.4786 1.0391 0 -1.9419 -0.2561 0 LS11.dat
1 1 -85 -2.4531 -188.273 0 0 2 -0.4113 1.0473 0 -1.9572 -0.2201 0 LS11.dat
1 1 -85 -1.4734 -188.479 0 0 2 -0.3435 1.0542 0 -1.9703 -0.1838 0 LS11.dat
1 1 -85 -0.4871 -188.651 0 0 2 -0.2753 1.06 0 -1.981 -0.1473 0 LS11.dat
1 1 -85 0.5044 -188.789 0 0 2 -0.2068 1.0644 0 -1.9893 -0.1106 0 LS11.dat
1 1 -85 1.5002 -188.892 0 0 2 -0.138 1.0676 0 -1.9952 -0.0738 0 LS11.dat
1 1 -85 2.4989 -188.961 0 0 2 -0.069 1.0695 0 -1.9988 -0.0369 0 LS11.dat
1 1 -85 3.4994 -188.996 0 0 2 0 1.0701 0 -2 0 0 LS11.dat
1 1 -85 4.5006 -188.996 0 0 2 0.069 1.0695 0 -1.9988 0.0369 0 LS11.dat
1 1 -85 5.5011 -188.961 0 0 2 0.138 1.0676 0 -1.9952 0.0738 0 LS11.dat
1 1 -85 6.4998 -188.892 0 0 2 0.2068 1.0644 0 -1.9893 0.1106 0 LS11.dat
1 1 -85 7.4956 -188.789 0 0 2 0.2753 1.06 0 -1.981 0.1473 0 LS11.dat
1 1 -85 8.4872 -188.651 0 0 2 0.3435 1.0542 0 -1.9703 0.1838 0 LS11.dat
1 1 -85 9.4734 -188.479 0 0 2 0.4113 1.0473 0 -1.9572 0.2201 0 LS11.dat
1 1 -85 10.4531 -188.273 0 0 2 0.4786 1.0391 0 -1.9419 0.2561 0 LS11.dat
1 1 -85 11.4251 -188.033 0 0 2 0.5454 1.0296 0 -1.9242 0.2918 0 LS11.dat
1 1 -85 12.3883 -187.76 0 0 2 0.6115 1.0189 0 -1.9042 0.3272 0 LS11.dat
1 1 -85 13.3415 -187.454 0 0 2 0.6768 1.007 0 -1.882 0.3622 0 LS11.dat
1 1 -85 14.2835 -187.116 0 0 2 0.7414 0.9939 0 -1.8575 0.3967 0 LS11.dat
1 1 -85 15.2133 -186.744 0 0 2 0.8051 0.9796 0 -1.8308 0.4308 0 LS11.dat
1 1 -85 16.1298 -186.341 0 0 2 0.8678 0.9642 0 -1.8019 0.4643 0 LS11.dat
1 1 -85 17.0317 -185.907 0 0 2 0.9294 0.9476 0 -1.7709 0.4973 0 LS11.dat
1 1 -85 17.9182 -185.442 0 0 2 0.99 0.9298 0 -1.7378 0.5297 0 LS11.dat
1 1 -85 18.788 -184.946 0 0 2 1.0494 0.911 0 -1.7026 0.5615 0 LS11.dat
1 1 -85 19.6403 -184.421 0 0 2 1.1075 0.8911 0 -1.6653 0.5926 0 LS11.dat
1 1 -85 20.4739 -183.867 0 0 2 1.1644 0.8701 0 -1.6261 0.623 0 LS11.dat
1 1 -85 21.2878 -183.284 0 0 2 1.2198 0.8481 0 -1.585 0.6527 0 LS11.dat
1 1 -85 22.0812 -182.673 0 0 2 1.2738 0.825 0 -1.5419 0.6816 0 LS11.dat
1 1 -85 22.853 -182.036 0 0 2 1.3262 0.801 0 -1.497 0.7096 0 LS11.dat
1 1 -85 23.6024 -181.372 0 0 2 1.3771 0.776 0 -1.4504 0.7369 0 LS11.dat
1 1 -85 24.3284 -180.682 0 0 2 1.4264 0.7502 0 -1.402 0.7632 0 LS11.dat
1 1 -85 25.0301 -179.968 0 0 2 1.4739 0.7234 0 -1.3519 0.7887 0 LS11.dat
1 1 -85 25.7068 -179.231 0 0 2 1.5197 0.6957 0 -1.3002 0.8131 0 LS11.dat
1 1 -85 26.3576 -178.47 0 0 2 1.5637 0.6672 0 -1.247 0.8367 0 LS11.dat
1 1 -85 26.9818 -177.687 0 0 2 1.6058 0.638 0 -1.1923 0.8592 0 LS11.dat
1 1 -85 27.5786 -176.883 0 0 2 1.646 0.6079 0 -1.1361 0.8807 0 LS11.dat
1 1 -85 28.1473 -176.06 0 0 2 1.6842 0.5772 0 -1.0786 0.9012 0 LS11.dat
1 1 -85 28.6873 -175.216 0 0 2 1.7204 0.5457 0 -1.0199 0.9206 0 LS11.dat
1 1 -85 29.1978 -174.355 0 0 2 1.7546 0.5136 0 -0.9599 0.9388 0 LS11.dat
1 1 -85 29.6782 -173.477 0 0 2 1.7867 0.4809 0 -0.8987 0.956 0 LS11.dat
1 1 -85 30.1281 -172.583 0 0 2 1.8166 0.4476 0 -0.8365 0.972 0 LS11.dat
1 1 -85 30.5468 -171.673 0 0 2 1.8444 0.4138 0 -0.7733 0.9869 0 LS11.dat
1 1 -85 30.9339 -170.75 0 0 2 1.87 0.3795 0 -0.7092 1.0006 0 LS11.dat
1 1 -85 31.2889 -169.814 0 0 2 1.8934 0.3447 0 -0.6442 1.0131 0 LS11.dat
1 1 -85 31.6114 -168.866 0 0 2 1.9145 0.3095 0 -0.5785 1.0244 0 LS11.dat
1 1 -85 31.901 -167.908 0 0 2 1.9333 0.274 0 -0.5121 1.0345 0 LS11.dat
1 1 -85 32.1573 -166.94 0 0 2 1.9499 0.2381 0 -0.445 1.0433 0 LS11.dat
1 1 -85 32.3801 -165.964 0 0 2 1.9641 0.202 0 -0.3775 1.0509 0 LS11.dat
1 1 -85 32.569 -164.981 0 0 2 1.9759 0.1656 0 -0.3095 1.0573 0 LS11.dat
1 1 -85 32.7239 -163.992 0 0 2 1.9854 0.129 0 -0.2411 1.0623 0 LS11.dat
1 1 -85 32.8446 -162.998 0 0 2 1.9926 0.0922 0 -0.1724 1.0662 0 LS11.dat
1 1 -85 32.9309 -162.001 0 0 2 1.9973 0.0554 0 -0.1035 1.0687 0 LS11.dat
1 1 -85 32.9827 -161.001 0 0 2 1.9997 0.0232 0 -0.0345 1.3461 0 LS11.dat
1 1 -85 33 -100 0 0 2 -2 0 0 0 -60 0 LS11.dat
1 1 -85 33 -100 0 0 2 1.9997 -0.0185 0 0.0345 1.07 0 LS11.dat
1 1 -85 32.9827 -98.999 0 0 2 1.9973 -0.0554 0 0.1035 1.0687 0 LS11.dat
1 1 -85 32.9309 -97.9993 0 0 2 1.9926 -0.0922 0 0.1724 1.0662 0 LS11.dat
1 1 -85 32.8446 -97.0019 0 0 2 1.9854 -0.129 0 0.2411 1.0623 0 LS11.dat
1 1 -85 32.7239 -96.008 0 0 2 1.9759 -0.1656 0 0.3095 1.0573 0 LS11.dat
1 1 -85 32.569 -95.019 0 0 2 1.9641 -0.202 0 0.3775 1.0509 0 LS11.dat
1 1 -85 32.3801 -94.0359 0 0 2 1.9499 -0.2381 0 0.445 1.0433 0 LS11.dat
1 1 -85 32.1573 -93.0598 0 0 2 1.9333 -0.274 0 0.5121 1.0345 0 LS11.dat
1 1 -85 31.901 -92.0921 0 0 2 1.9145 -0.3095 0 0.5785 1.0244 0 LS11.dat
1 1 -85 31.6114 -91.1338 0 0 2 1.8934 -0.3447 0 0.6442 1.0131 0 LS11.dat
1 1 -85 31.2889 -90.186 0 0 2 1.87 -0.3795 0 0.7092 1.0006 0 LS11.dat
1 1 -85 30.9339 -89.25 0 0 2 1.8444 -0.4138 0 0.7733 0.9869 0 LS11.dat
1 1 -85 30.5468 -88.3267 0 0 2 1.8166 -0.4476 0 0.8365 0.972 0 LS11.dat
1 1 -85 30.1281 -87.4174 0 0 2 1.7867 -0.4809 0 0.8987 0.956 0 LS11.dat
1 1 -85 29.6782 -86.523 0 0 2 1.7546 -0.5136 0 0.9599 0.9388 0 LS11.dat
1 1 -85 29.1978 -85.6447 0 0 2 1.7204 -0.5457 0 1.0199 0.9206 0 LS11.dat
1 1 -85 28.6873 -84.7836 0 0 2 1.6842 -0.5772 0 1.0786 0.9012 0 LS11.dat
1 1 -85 28.1473 -83.9405 0 0 2 1.646 -0.6079 0 1.1361 0.8807 0 LS11.dat
1 1 -85 27.5786 -83.1166 0 0 2 1.6058 -0.638 0 1.1923 0.8592 0 LS11.dat
1 1 -85 26.9818 -82.3128 0 0 2 1.5637 -0.6672 0 1.247 0.8367 0 LS11.dat
1 1 -85 26.3576 -81.5301 0 0 2 1.5197 -0.6957 0 1.3002 0.8131 0 LS11.dat
1 1 -85 25.7068 -80.7694 0 0 2 1.4739 -0.7234 0 1.3519 0.7886 0 LS11.dat
1 1 -85 25.0301 -80.0317 0 0 2 1.4264 -0.7502 0 1.402 0.7632 0 LS11.dat
1 1 -85 24.3284 -79.3177 0 0 2 1.3771 -0.776 0 1.4504 0.7369 0 LS11.dat
1 1 -85 23.6024 -78.6284 0 0 2 1.3262 -0.801 0 1.497 0.7096 0 LS11.dat
1 1 -85 22.853 -77.9645 0 0 2 1.2738 -0.825 0 1.5419 0.6816 0 LS11.dat
1 1 -85 22.0812 -77.3269 0 0 2 1.2198 -0.8481 0 1.585 0.6527 0 LS11.dat
1 1 -85 21.2878 -76.7163 0 0 2 1.1644 -0.8701 0 1.6261 0.623 0 LS11.dat
1 1 -85 20.4739 -76.1335 0 0 2 1.1075 -0.8911 0 1.6653 0.5926 0 LS11.dat
1 1 -85 19.6403 -75.5791 0 0 2 1.0494 -0.911 0 1.7026 0.5615 0 LS11.dat
1 1 -85 18.788 -75.0538 0 0 2 0.99 -0.9298 0 1.7378 0.5297 0 LS11.dat
1 1 -85 17.9182 -74.5582 0 0 2 0.9294 -0.9476 0 1.7709 0.4973 0 LS11.dat
1 1 -85 17.0317 -74.093 0 0 2 0.8678 -0.9642 0 1.8019 0.4643 0 LS11.dat
1 1 -85 16.1298 -73.6586 0 0 2 0.8051 -0.9796 0 1.8308 0.4308 0 LS11.dat
1 1 -85 15.2133 -73.2556 0 0 2 0.7414 -0.9939 0 1.8575 0.3967 0 LS11.dat
1 1 -85 14.2835 -72.8845 0 0 2 0.6768 -1.007 0 1.882 0.3622 0 LS11.dat
1 1 -85 13.3415 -72.5457 0 0 2 0.6115 -1.0189 0 1.9042 0.3272 0 LS11.dat
1 1 -85 12.3883 -72.2397 0 0 2 0.5454 -1.0296 0 1.9242 0.2918 0 LS11.dat
1 1 -85 11.4251 -71.9667 0 0 2 0.4786 -1.0391 0 1.9419 0.2561 0 LS11.dat
1 1 -85 10.4531 -71.7271 0 0 2 0.4113 -1.0473 0 1.9572 0.2201 0 LS11.dat
1 1 -85 9.4734 -71.5212 0 0 2 0.3435 -1.0542 0 1.9703 0.1838 0 LS11.dat
1 1 -85 8.4872 -71.3493 0 0 2 0.2753 -1.06 0 1.981 0.1473 0 LS11.dat
1 1 -85 7.4956 -71.2114 0 0 2 0.2068 -1.0644 0 1.9893 0.1106 0 LS11.dat
1 1 -85 6.4998 -71.1079 0 0 2 0.138 -1.0676 0 1.9952 0.0738 0 LS11.dat
1 1 -85 5.5011 -71.0389 0 0 2 0.069 -1.0695 0 1.9988 0.0369 0 LS11.dat
1 1 -85 4.5006 -71.0043 0 0 2 0 -1.0701 0 2 0 0 LS11.dat
1 1 -85 3.4994 -71.0043 0 0 2 -0.069 -1.0695 0 1.9988 -0.0369 0 LS11.dat
1 1 -85 2.4989 -71.0389 0 0 2 -0.138 -1.0676 0 1.9952 -0.0738 0 LS11.dat
1 1 -85 1.5002 -71.1079 0 0 2 -0.2068 -1.0644 0 1.9893 -0.1106 0 LS11.dat
1 1 -85 0.5044 -71.2114 0 0 2 -0.2753 -1.06 0 1.981 -0.1473 0 LS11.dat
1 1 -85 -0.4872 -71.3493 0 0 2 -0.3435 -1.0542 0 1.9703 -0.1838 0 LS11.dat
1 1 -85 -1.4734 -71.5212 0 0 2 -0.4113 -1.0473 0 1.9572 -0.2201 0 LS11.dat
1 1 -85 -2.4531 -71.7271 0 0 2 -0.4786 -1.0391 0 1.9419 -0.2561 0 LS11.dat
1 1 -85 -3.4251 -71.9667 0 0 2 -0.5454 -1.0296 0 1.9242 -0.2918 0 LS11.dat
1 1 -85 -4.3883 -72.2397 0 0 2 -0.6115 -1.0189 0 1.9042 -0.3272 0 LS11.dat
1 1 -85 -5.3415 -72.5457 0 0 2 -0.6768 -1.007 0 1.882 -0.3622 0 LS11.dat
1 1 -85 -6.2835 -72.8845 0 0 2 -0.7414 -0.9939 0 1.8575 -0.3967 0 LS11.dat
1 1 -85 -7.2133 -73.2556 0 0 2 -0.8051 -0.9796 0 1.8308 -0.4308 0 LS11.dat
1 1 -85 -8.1298 -73.6586 0 0 2 -0.8678 -0.9642 0 1.8019 -0.4643 0 LS11.dat
1 1 -85 -9.0317 -74.093 0 0 2 -0.9294 -0.9476 0 1.7709 -0.4973 0 LS11.dat
1 1 -85 -9.9182 -74.5582 0 0 2 -0.99 -0.9298 0 1.7378 -0.5297 0 LS11.dat
1 1 -85 -10.788 -75.0538 0 0 2 -1.0494 -0.911 0 1.7026 -0.5615 0 LS11.dat
1 1 -85 -11.6403 -75.5791 0 0 2 -1.1075 -0.8911 0 1.6653 -0.5926 0 LS11.dat
1 1 -85 -12.4739 -76.1335 0 0 2 -1.1644 -0.8701 0 1.6261 -0.623 0 LS11.dat
1 1 -85 -13.2878 -76.7163 0 0 2 -1.2198 -0.8481 0 1.585 -0.6527 0 LS11.dat
1 1 -85 -14.0812 -77.3269 0 0 2 -1.2738 -0.825 0 1.5419 -0.6816 0 LS11.dat
1 1 -85 -14.853 -77.9645 0 0 2 -1.3262 -0.801 0 1.497 -0.7096 0 LS11.dat
1 1 -85 -15.6024 -78.6284 0 0 2 -1.3771 -0.776 0 1.4504 -0.7369 0 LS11.dat
1 1 -85 -16.3284 -79.3177 0 0 2 -1.4264 -0.7502 0 1.402 -0.7632 0 LS11.dat
1 1 -85 -17.0301 -80.0317 0 0 2 -1.4739 -0.7234 0 1.3519 -0.7886 0 LS11.dat
1 1 -85 -17.7068 -80.7694 0 0 2 -1.5197 -0.6957 0 1.3002 -0.8131 0 LS11.dat
1 1 -85 -18.3576 -81.5301 0 0 2 -1.5637 -0.6672 0 1.247 -0.8367 0 LS11.dat
1 1 -85 -18.9818 -82.3128 0 0 2 -1.6058 -0.638 0 1.1923 -0.8592 0 LS11.dat
