0 FILE Advent 2013.ldr
0 Advent 2013
0 Name: Advent 2013.ldr
0 Author: LDraw
0 Unofficial Model
0 ROTATION CENTER 0 0 0 1 "Custom" 
0 ROTATION CONFIG 0 0
1 0 -1110 40 360 0 0 1 0 1 0 -1 0 0 DAy 1.ldr
1 0 -1074 20 265 0 0 1 1 0 0 0 1 0 Day 2.ldr
1 0 -1094 12 84 0 0 1 0 1 0 -1 0 0 Day 4.ldr
1 0 -1110 44 -10 0 0 1 0 1 0 -1 0 0 Day 5.ldr
1 0 -1100 16 -130 0 0 1 0 1 0 -1 0 0 Day 6.ldr
1 0 -900 64 471 1 0 0 0 1 0 0 0 1 Day 7.ldr
1 0 -870 24 350 1 0 0 0 1 0 0 0 1 Day 8.ldr
1 0 -870 40 170 0 0 1 0 1 0 -1 0 0 Day 9.ldr
1 0 -880 16 100 0 0 1 0 1 0 -1 0 0 Day 10.ldr
1 0 -840 50 0 1 0 0 0 1 0 0 0 1 Day 11.ldr
1 0 -890 26 -170 1 0 0 0 1 0 0 0 1 Day 12.ldr
1 0 -650 8 530 0 0 1 0 1 0 -1 0 0 Day 13.ldr
1 0 -630 16 430 1 0 0 0 1 0 0 0 1 Day 14.ldr
1 0 -1128 72 207 1 0 0 0 1 0 0 0 1 Day 3.ldr
1 0 -648 16 330 0 0 1 0 1 0 -1 0 0 Day 15.ldr
1 0 -670 16 130 0.707107 0 0.707107 0 1 0 -0.707107 0 0.707107 Day 16.ldr
1 0 -678.665 16 35.939 0 0 1 0 1 0 -1 0 0 Day 17.ldr
1 0 -660 16 -90 0 0 1 0 1 0 -1 0 0 Day 18.ldr
1 0 -450 -16 660 1 0 0 0 1 0 0 0 1 Day 19.ldr
1 0 -430 16 560 1 0 0 0 1 0 0 0 1 Day 20.ldr
1 0 -420 -24 380 0 1 0 1 0 0 0 0 -1 Day 21.ldr
1 0 -382 32 260 0 0 1 0 1 0 -1 0 0 Day 22.ldr
1 0 -410 32 100 1 0 0 0 1 0 0 0 1 Day 23.ldr
1 0 -390 32 -20 0 0 1 0 1 0 -1 0 0 Day 24.ldr
0
0 FILE DAy 1.ldr
0 Day 1
0 Name: DAy 1.ldr
0 Author: LDraw
0 Unofficial Model
0 ROTATION CENTER 0 0 0 1 "Custom" 
0 ROTATION CONFIG 0 0
1 15 -50 0 0 0 0 -1 0 1 0 1 0 0 30362.dat
1 15 -10 0 0 0 0 1 0 1 0 -1 0 0 30362.dat
1 15 -30 0 0 1 0 0 0 1 0 0 0 1 30361dps1.dat
1 15 -30 -34 0 1 0 0 0 1 0 0 0 1 98100.dat
0
0 FILE Day 2.ldr
0 Day 2
0 Name: Day 2.ldr
0 Author: LDraw
0 Unofficial Model
0 ROTATION CENTER 0 0 0 1 "Custom" 
0 ROTATION CONFIG 0 0
1 71 20 24 -32 -1 0 0 0 0 1 0 1 0 4733.dat
1 47 20 24 -48 -1 0 0 0 0 1 0 1 0 4073.dat
1 70 20 24 -40 -1 0 0 0 0 1 0 1 0 3024.dat
1 70 10 24 -32 0 1 0 1 0 0 0 0 -1 93273.dat
1 70 30 24 -32 0 -1 0 -1 0 0 0 0 -1 93273.dat
1 72 2 24 -32 0 1 0 0 0 1 1 0 0 3023.dat
1 72 38 24 -32 0 -1 0 0 0 -1 1 0 0 3023.dat
1 70 20 24 -8 -1 0 0 0 0 1 0 1 0 3024.dat
1 28 20 6 -22 -1 0 0 0 1 0 0 0 -1 4740.dat
1 28 20 42 -22 1 0 0 0 -1 0 0 0 -1 4740.dat
1 47 20 24 0 -1 0 0 0 0 1 0 1 0 4073.dat
0
0 FILE Day 3.ldr
0 Day 3
0 Name: Day 3.ldr
0 Author: LDraw
0 Unofficial Model
0 ROTATION CENTER 0 0 0 1 "Custom" 
0 ROTATION CONFIG 0 0
1 72 20 8 0 1 0 0 0 1 0 0 0 1 3623.dat
1 72 20 -16 0 1 0 0 0 1 0 0 0 1 47905.dat
1 72 20 -24 0 1 0 0 0 1 0 0 0 1 2555.dat
1 72 20 -30 0 0 0 -1 0 1 0 1 0 0 30375.dat
1 308 0 8 0 0 0 1 0 1 0 -1 0 0 54200.dat
1 308 40 8 0 0 0 -1 0 1 0 1 0 0 54200.dat
1 308 20 -62 0 0 0 1 0 1 0 -1 0 0 98103.dat
1 308 20 -62 -16 0 0 1 0 1 0 -1 0 0 30377.dat
1 308 20 -62 16 0 0 1 0 1 0 -1 0 0 30377.dat
0
0 FILE Day 4.ldr
0 Day 4
0 Name: Day 4.ldr
0 Author: LDraw
0 Unofficial Model
0 ROTATION CENTER 0 0 0 1 "Custom" 
0 ROTATION CONFIG 0 0
1 0 0 16 0 -1 0 0 0 1 0 0 0 -1 4595.dat
1 72 0 12 10 -1 0 0 0 1 0 0 0 -1 30162.dat
1 25 18 26 -20 0 -1 0 0 0 1 -1 0 0 3023.dat
1 2 26 26 -10 0 -1 0 0 0 1 -1 0 0 3024.dat
1 27 34 26 -40 0 -1 0 1 0 0 0 0 1 61678.dat
1 25 -18 26 -20 0 1 0 0 0 -1 -1 0 0 3023.dat
1 2 -26 26 -10 0 1 0 0 0 -1 -1 0 0 3024.dat
1 27 -34 26 -40 0 1 0 -1 0 0 0 0 1 61678.dat
1 40 0 16 -10 1 0 0 0 1 0 0 0 1 54200.dat
1 40 0 26 -20 -1 0 0 0 0 1 0 1 0 54200.dat
1 2 10 26 10 0 -1 0 -1 0 0 0 0 -1 54200.dat
1 2 6 12 24 0 0 -1 -1 0 0 0 1 0 30374.dat
1 2 -6 12 24 0 0 -1 -1 0 0 0 1 0 30374.dat
1 2 -10 26 10 0 1 0 1 0 0 0 0 -1 54200.dat
0
0 FILE Day 5.ldr
0 Day 5
0 Name: Day 5.ldr
0 Author: LDraw
0 Unofficial Model
0 ROTATION CENTER 0 0 0 1 "Custom" 
0 ROTATION CONFIG 0 0
1 4 20 -8 0 0 0 1 1 0 0 0 1 0 47905.dat
1 40 -4 -18 10 1 0 0 0 1 0 0 0 1 54200.dat
1 40 44 -18 10 1 0 0 0 1 0 0 0 1 54200.dat
1 4 62 -8 10 0 -1 0 1 0 0 0 0 1 3070b.dat
1 4 -4 10 10 1 0 0 0 -1 0 0 0 -1 3070b.dat
1 4 44 10 10 1 0 0 0 -1 0 0 0 -1 3070b.dat
1 4 -22 -8 10 0 1 0 -1 0 0 0 0 1 3070b.dat
1 43 20 -8 24 0 0 1 1 0 0 0 1 0 4073.dat
1 4 -4 -8 28 0 0 1 -1 0 0 0 -1 0 4073.dat
1 4 44 -8 28 0 0 1 -1 0 0 0 -1 0 4073.dat
1 4 -4 -8 -8 0 0 1 1 0 0 0 1 0 4073.dat
1 4 44 -8 -8 0 0 1 1 0 0 0 1 0 4073.dat
1 4 44 -8 -32 0 0 1 1 0 0 0 1 0 4589.dat
1 4 -4 -8 -32 0 0 1 1 0 0 0 1 0 4589.dat
1 71 -14 -8 10 0 1 0 1 0 0 0 0 -1 4733.dat
1 71 54 -8 10 0 -1 0 1 0 0 0 0 1 4733.dat
0
0 FILE Day 6.ldr
0 Day 6
0 Name: Day 6.ldr
0 Author: LDraw
0 Unofficial Model
0 ROTATION CENTER 0 0 0 1 "Custom" 
0 ROTATION CONFIG 0 0
1 28 0 -24 0 1 0 0 0 1 0 0 0 1 64803.dat
1 78 0 -24 0 1 0 0 0 1 0 0 0 1 3626bp01.dat
1 378 0 0 0 1 0 0 0 1 0 0 0 1 973.dat
1 378 0 32 0 1 0 0 0 1 0 0 0 1 3815.dat
1 378 -15.552 9 0 0.985 -0.17 0 0.17 0.985 0 0 0 1 3818.dat
1 378 15.552 9 0 0.985 0.17 0 -0.17 0.985 0 0 0 1 3819.dat
1 19 -23.8634 26.5956 -10.321 0.985 -0.12019 0.12019 0.17 0.696395 -0.696395 0 0.707 0.707 3820.dat
1 19 23.8634 26.5956 -10.321 0.985 0.12019 -0.12019 -0.17 0.696395 -0.696395 0 0.707 0.707 3820.dat
1 378 0 44 0 1 0 0 0 1 0 0 0 1 3816.dat
1 378 0 44 0 1 0 0 0 1 0 0 0 1 3817.dat
0
0 FILE Day 7.ldr
0 Day 7
0 Name: Day 7.ldr
0 Author: LDraw
0 Unofficial Model
0 ROTATION CENTER 0 0 0 1 "Custom" 
0 ROTATION CONFIG 0 0
1 71 20 16 0 0 0 1 0 1 0 -1 0 0 3176.dat
1 72 10 -8 0 0 0 1 0 1 0 -1 0 0 3937.dat
1 72 -16.906 1.893 0 0 0.665882 0.746057 0 0.746057 -0.665882 -1 0 0 3794a.dat
1 72 -1.927 -11.48 10 0 0.66262 -0.748956 0 0.748956 0.66262 1 0 0 60897.dat
1 72 -1.986 -11.428 -10 0 0.665882 -0.746057 0 0.746057 0.665882 1 0 0 60897.dat
1 1 3.34 -5.461 0 0 0.665882 -0.746057 0 0.746057 0.665882 1 0 0 6134.dat
1 71 30 16 0 0 0 -1 0 1 0 1 0 0 85984.dat
1 71 3.34 -5.461 0 -0.746057 0.665882 0 0.665882 0.746057 0 0 0 -1 93273.dat
1 0 -11.036 -51.6 -10 0 -0.868199 -0.496217 0 0.496217 -0.868199 1 0 0 57899.dat
1 0 -45.633 -11.453 0 0 -0.878817 -0.477159 0 0.477159 -0.878817 1 0 0 61190a.dat
1 0 -19.238 -39.32 10 0 -0.868199 -0.496217 0 0.496217 -0.868199 1 0 0 58247.dat
0
0 FILE Day 8.ldr
0 Day 8
0 Name: Day 8.ldr
0 Author: LDraw
0 Unofficial Model
0 ROTATION CENTER 0 0 0 1 "Custom" 
0 ROTATION CONFIG 0 0
1 71 0 0 0 0 0 -1 0 1 0 1 0 0 4595.dat
1 15 0 -8 0 -1 0 0 0 1 0 0 0 -1 63868.dat
1 15 -10 16 0 0 0 -1 0 1 0 1 0 0 3665.dat
1 15 0 10 18 1 0 0 0 0 1 0 -1 0 2540.dat
1 15 20 -10 16 0 -1 0 0.707107 0 0.707107 -0.707107 0 0.707107 44676.dat
1 15 20 -10 -16 0 -1 0 -0.707107 0 0.707107 -0.707107 0 -0.707107 44676.dat
1 15 0 10 -18 -1 0 0 0 0 1 0 1 0 2540.dat
1 4 -58.129 4.621 0 0.909961 0.414693 0 -0.414693 0.909961 0 0 0 1 60478.dat
1 47 -52.346 -6.809 0 0.909961 0.414693 0 -0.414693 0.909961 0 0 0 1 4073.dat
1 71 10 -16 0 1 0 0 0 1 0 0 0 1 4073.dat
1 72 10 -20 0 0 0 1 0 1 0 -1 0 0 30162.dat
1 47 -70.545 1.489 0 0.909961 0.414693 0 -0.414693 0.909961 0 0 0 1 4073.dat
1 15 -68 30 0 0 1 0 0 0 1 1 0 0 60481.dat
1 27 -76 30 0 0 1 0 0 0 1 1 0 0 3070b.dat
0
0 FILE Day 9.ldr
0 Day 9
0 Name: Day 9.ldr
0 Author: LDraw
0 Unofficial Model
0 ROTATION CENTER 0 0 0 1 "Custom" 
0 ROTATION CONFIG 0 0
1 71 -50 0 0 -1 0 0 0 1 0 0 0 -1 3839b.dat
1 71 -50 -8 -30 1 0 0 0 1 0 0 0 1 48183.dat
1 71 -30 0 -50 1 0 0 0 1 0 0 0 1 41770.dat
1 71 -70 0 -50 1 0 0 0 1 0 0 0 1 41769.dat
1 71 -50 -24 -20 0 0 1 0 1 0 -1 0 0 2555.dat
1 71 -50 -32 0 -1 0 0 0 1 0 0 0 -1 4286.dat
1 71 -50 -8 30 0 0 1 0 1 0 -1 0 0 3004.dat
1 72 -50 -8 0 -1 0 0 0 1 0 0 0 -1 3794a.dat
1 72 -50 -16 -20 -1 0 0 0 1 0 0 0 -1 3794a.dat
1 72 -50 8 -20 0 0 1 0 1 0 -1 0 0 3021.dat
1 72 -24 6 14 -1 0 0 0 0 1 0 1 0 3062b.dat
1 72 -76 6 14 -1 0 0 0 0 1 0 1 0 3062b.dat
0
0 FILE Day 10.ldr
0 Day 10
0 Name: Day 10.ldr
0 Author: LDraw
0 Unofficial Model
0 
0 ROTATION CENTER 0 0 0 1 "Custom" 
0 ROTATION CONFIG 0 0
1 15 0 -24 0 1 0 0 0 1 0 0 0 1 61189.dat
1 78 0 -24 0 1 0 0 0 1 0 0 0 1 3626bp01.dat
1 15 0 0 0 1 0 0 0 1 0 0 0 1 973psu.dat
1 0 0 32 0 1 0 0 0 1 0 0 0 1 3815.dat
1 15 -15.552 9 0 0.985 -0.17 0 0.17 0.985 0 0 0 1 3818.dat
1 15 15.552 9 0 0.985 0.17 0 -0.17 0.985 0 0 0 1 3819.dat
1 0 -23.8634 26.5956 -10.321 0.985 -0.12019 0.12019 0.17 0.696395 -0.696395 0 0.707 0.707 3820.dat
1 0 23.8634 26.5956 -10.321 0.985 0.12019 -0.12019 -0.17 0.696395 -0.696395 0 0.707 0.707 3820.dat
1 15 0 44 0 1 0 0 0 1 0 0 0 1 3816.dat
1 15 0 44 0 1 0 0 0 1 0 0 0 1 3817.dat
0
0 FILE Day 11.ldr
0 Day 11
0 Name: Day 11.ldr
0 Author: LDraw
0 Unofficial Model
0 ROTATION CENTER 0 0 0 1 "Custom" 
0 ROTATION CONFIG 0 0
1 71 -20 8 0 0 0 -1 0 1 0 1 0 0 4595.dat
1 71 -54 6 0 0 0 1 0 1 0 -1 0 0 58367.dat
1 320 -30 0 0 0 0 -1 0 1 0 1 0 0 3024.dat
1 71 -30 -8 0 0 0 -1 0 1 0 1 0 0 3024.dat
1 72 -30 -16 0 0 0 -1 0 1 0 1 0 0 4073.dat
1 320 -72 18 0 0 1 0 0 0 1 1 0 0 3024.dat
1 71 -10 8 0 0 0 -1 0 1 0 1 0 0 54200.dat
1 40 -72 18 0 0 1 0 0 0 -1 -1 0 0 54200.dat
1 71 -30 14 24 -1 0 0 0 1 0 0 0 -1 4599b.dat
1 71 -10 14 20 -1 0 0 0 1 0 0 0 -1 4599b.dat
1 71 -54 14 20 -1 0 0 0 1 0 0 0 -1 4599b.dat
1 71 -30 14 -24 1 0 0 0 1 0 0 0 1 4599b.dat
1 71 -54 14 -20 1 0 0 0 1 0 0 0 1 4599b.dat
1 71 -10 14 -20 1 0 0 0 1 0 0 0 1 4599b.dat
1 71 -64 18 0 0 1 0 0 0 1 1 0 0 4733.dat
0
0 FILE Day 12.ldr
0 Day 12
0 Name: Day 12.ldr
0 Author: LDraw
0 Unofficial Model
0 ROTATION CENTER 0 0 0 1 "Custom" 
0 ROTATION CONFIG 0 0
1 0 10 -8 0 -1 0 0 0 1 0 0 0 -1 52107.dat
1 72 10 1.827 -17.399 -1 0 0 0 0 1 0 1 0 2540.dat
1 15 10 0.824 -38.703 0 0 -1 -0.681998 0.731354 0 0.731354 0.681998 0 63868.dat
1 15 10 8.613 -58.786 0 0 -1 -0.681998 0.731354 0 0.731354 0.681998 0 2431.dat
1 72 10 1.827 17.399 1 0 0 0 0 1 0 -1 0 2540.dat
1 15 10 0.824 38.703 0 0 1 -0.681998 0.731354 0 -0.731354 -0.681998 0 63868.dat
1 15 10 8.613 58.786 0 0 1 -0.681998 0.731354 0 -0.731354 -0.681998 0 2431.dat
1 272 -10 16 0 1 0 0 0 1 0 0 0 1 3710.dat
1 15 -20 -8 0 0 0 1 0 1 0 -1 0 0 4286.dat
1 15 -80 16 0 0 0 -1 0 1 0 1 0 0 3665.dat
1 40 -80 16 0 0 0 1 0 1 0 -1 0 0 54200.dat
0
0 FILE Day 13.ldr
0 Day 13
0 Name: Day 13.ldr
0 Author: LDraw
0 Unofficial Model
0 ROTATION CENTER 0 0 0 1 "Custom" 
0 ROTATION CONFIG 0 0
1 19 -20 32 0 1 0 0 0 1 0 0 0 1 30375.dat
1 19 -20 0 0 1 0 0 0 1 0 0 0 1 30378.dat
1 19 -36 0 0 1 0 0 0 1 0 0 0 1 59230.dat
1 19 -4 0 0 1 0 0 0 1 0 0 0 1 30377.dat
1 19 -20 72 0 1 0 0 0 1 0 0 0 1 30376.dat
0
0 FILE Day 14.ldr
0 Day 14
0 Name: Day 14.ldr
0 Author: LDraw
0 Unofficial Model
0 ROTATION CENTER 0 0 0 1 "Custom" 
0 ROTATION CONFIG 0 0
1 71 -10 0 0 0 0 -1 0 1 0 1 0 0 4595.dat
1 71 -38 10 0 0 1 0 0 0 1 1 0 0 4592.dat
1 0 -40 10 0 0 1 0 0 0 1 1 0 0 4593.dat
1 72 -10 16 0 -1 0 0 0 1 0 0 0 -1 3023.dat
1 70 -10 32 0 -1 0 0 0 1 0 0 0 -1 3023.dat
1 70 -10 10 -18 -1 0 0 0 0 1 0 1 0 3069b.dat
1 70 -10 10 18 1 0 0 0 0 1 0 -1 0 3069b.dat
1 70 -30 24 0 -1 0 0 0 1 0 0 0 -1 3666.dat
1 70 -30 -8 0 -1 0 0 0 1 0 0 0 -1 3666.dat
1 40 -20 -8 0 0 0 1 0 1 0 -1 0 0 54200.dat
1 40 0 -8 0 0 0 -1 0 1 0 1 0 0 54200.dat
1 57 26 10 0 0 1 0 0 0 1 1 0 0 4073.dat
0
0 FILE Day 15.ldr
0 Day 15
0 Name: Day 15.ldr
0 Author: LDraw
0 Unofficial Model
0 ROTATION CENTER 0 0 0 1 "Custom" 
0 ROTATION CONFIG 0 0
1 28 0 0 0 1 0 0 0 1 0 0 0 1 92751.dat
1 28 0 0 0 1 0 0 0 1 0 0 0 1 973.dat
1 0 0 32 0 1 0 0 0 1 0 0 0 1 3815.dat
1 28 -15.552 9 0 0.985 -0.17 0 0.17 0.985 0 0 0 1 3818.dat
1 28 15.552 9 0 0.985 0.17 0 -0.17 0.985 0 0 0 1 3819.dat
1 72 -23.8634 26.5956 -10.321 0.985 -0.12019 0.12019 0.17 0.696395 -0.696395 0 0.707 0.707 3820.dat
1 72 23.8634 26.5956 -10.321 0.985 0.12019 -0.12019 -0.17 0.696395 -0.696395 0 0.707 0.707 3820.dat
1 28 0 44 0 1 0 0 0 1 0 0 0 1 3816.dat
1 28 0 44 0 1 0 0 0 1 0 0 0 1 3817.dat
0
0 FILE Day 16.ldr
0 Day 16
0 Name: Day 16.ldr
0 Author: LDraw
0 Unofficial Model
0 ROTATION CENTER 0 0 0 1 "Custom" 
0 ROTATION CONFIG 0 0
1 70 -60 24 0 0 0 1 0 1 0 -1 0 0 54200.dat
1 70 -40 24 -20 1 0 0 0 1 0 0 0 1 54200.dat
1 28 -40 24 0 -1 0 0 0 1 0 0 0 -1 2420.dat
1 28 -40 0 0 -1 0 0 0 1 0 0 0 -1 3005.dat
1 42 -81.063 -56.32 0 0.941176 -0.337917 0 -0.337917 -0.941176 0 0 0 -1 4073.dat
1 71 -77.686 -46.908 0 0.941176 0 -0.337917 -0.337917 0 -0.941176 0 1 0 42610.dat
1 71 -52.083 -14.321 0 0 0.999534 0.0305385 0 -0.0305385 0.999534 1 0 0 87993.dat
1 0 -40.309 -14.24 -10 -1 0 0 0 -0.0305385 0.999534 0 0.999534 0.0305385 58247.dat
1 72 -40 -24 0 -1 0 0 0 1 0 0 0 -1 4733.dat
1 70 -40 -48 0 -1 0 0 0 1 0 0 0 -1 4589.dat
0
0 FILE Day 17.ldr
0 Day 17
0 Name: Day 17.ldr
0 Author: LDraw
0 Unofficial Model
0 ROTATION CENTER 0 0 0 1 "Custom" 
0 ROTATION CONFIG 0 0
1 71 -10 8 24 0 0 -1 0 1 0 1 0 0 3710.dat
1 71 14 26 -16 0 0 -1 -1 0 0 0 1 0 4073.dat
1 71 34 26 -16 0 0 -1 -1 0 0 0 1 0 4073.dat
1 72 24 26 -8 -1 0 0 0 0 1 0 1 0 3023.dat
1 71 -54 26 -16 0 0 -1 -1 0 0 0 1 0 4073.dat
1 71 -34 26 -16 0 0 -1 -1 0 0 0 1 0 4073.dat
1 72 -44 26 -8 -1 0 0 0 0 1 0 1 0 3023.dat
1 71 34 8 0 0 0 -1 0 1 0 1 0 0 43722.dat
1 71 -54 8 0 0 0 1 0 1 0 -1 0 0 43723.dat
1 71 -10 16 20 -1 0 0 0 1 0 0 0 -1 4595.dat
1 71 -10 26 -24 -1 0 0 0 0 1 0 1 0 3005.dat
1 72 -44 26 10 0 1 0 0 0 1 1 0 0 4733.dat
1 72 24 26 10 0 -1 0 0 0 1 -1 0 0 4733.dat
1 71 -10 8 54 -1 0 0 0 1 0 0 0 -1 54200.dat
1 71 -10 26 -24 -1 0 0 0 0 1 0 1 0 54200.dat
1 71 -34 26 20 0 0 1 -1 0 0 0 -1 0 54200.dat
1 71 14 26 20 0 0 -1 1 0 0 0 -1 0 54200.dat
1 40 -10 8 34 1 0 0 0 1 0 0 0 1 54200.dat
0
0 FILE Day 18.ldr
0 Day 18
0 Name: Day 18.ldr
0 Author: LDraw
0 Unofficial Model
0 ROTATION CENTER 0 0 0 1 "Custom" 
0 ROTATION CONFIG 0 0
1 15 0 -24 0 1 0 0 0 1 0 0 0 1 30369.dat
1 0 0 -24 0 1 0 0 0 1 0 0 0 1 3626bp01.dat
1 15 0 0 0 1 0 0 0 1 0 0 0 1 973pre.dat
1 15 0 32 0 1 0 0 0 1 0 0 0 1 3815.dat
1 0 -15.552 9 0 0.985 -0.17 0 0.17 0.985 0 0 0 1 3818.dat
1 0 15.552 9 0 0.985 0.17 0 -0.17 0.985 0 0 0 1 3819.dat
1 0 -23.8634 26.5956 -10.321 0.985 -0.12019 0.12019 0.17 0.696395 -0.696395 0 0.707 0.707 3820.dat
1 0 23.8634 26.5956 -10.321 0.985 0.12019 -0.12019 -0.17 0.696395 -0.696395 0 0.707 0.707 3820.dat
1 0 0 44 0 1 0 0 0 1 0 0 0 1 3816.dat
1 0 0 44 0 1 0 0 0 1 0 0 0 1 3817.dat
0
0 FILE Day 19.ldr
0 Day 19
0 Name: Day 19.ldr
0 Author: LDraw
0 Unofficial Model
0 ROTATION CENTER 0 0 0 1 "Custom" 
0 ROTATION CONFIG 0 0
1 1 30 16 0 0 0 -1 0 1 0 1 0 0 4081b.dat
1 71 20 24 0 -1 0 0 0 1 0 0 0 -1 3023.dat
1 71 10 32 0 -1 0 0 0 1 0 0 0 -1 3623.dat
1 0 40 40 0 -1 0 0 0 1 0 0 0 -1 52107.dat
1 71 30 50 -18 -1 0 0 0 0 1 0 1 0 3623.dat
1 1 10 50 -18 1 0 0 0 0 -1 0 1 0 54200.dat
1 1 50 50 -18 1 0 0 0 0 -1 0 1 0 54200.dat
1 71 30 50 18 1 0 0 0 0 1 0 -1 0 3623.dat
1 1 50 50 18 -1 0 0 0 0 -1 0 -1 0 54200.dat
1 1 10 50 18 -1 0 0 0 0 -1 0 -1 0 54200.dat
1 71 -10 40 0 -1 0 0 0 1 0 0 0 -1 3024.dat
1 40 -10 32 0 0 0 1 0 1 0 -1 0 0 54200.dat
1 72 10 16 0 -1 0 0 0 1 0 0 0 -1 3070b.dat
1 72 50 32 0 -1 0 0 0 1 0 0 0 -1 3070b.dat
1 72 10 40 0 -1 0 0 0 1 0 0 0 -1 47905.dat
1 1 50 -12 -4 0 0 -1 -1 0 0 0 1 0 3023.dat
1 71 60 -2 -12 -1 0 0 0 0 1 0 1 0 43722.dat
1 71 60 -2 12 1 0 0 0 0 1 0 -1 0 43723.dat
0
0 FILE Day 20.ldr
0 Day 20
0 Name: Day 20.ldr
0 Author: LDraw
0 Unofficial Model
0 ROTATION CENTER 0 0 0 1 "Custom" 
0 ROTATION CONFIG 0 0
1 320 10 16 0 0 0 1 0 1 0 -1 0 0 41769.dat
1 320 10 16 -40 0 0 1 0 1 0 -1 0 0 41770.dat
1 4 -20 8 -20 0 0 1 0 1 0 -1 0 0 3794a.dat
1 4 0 8 -20 0 0 1 0 1 0 -1 0 0 3794a.dat
1 15 20 8 -20 0 0 1 0 1 0 -1 0 0 3794a.dat
1 15 30 0 -20 1 0 0 0 1 0 0 0 1 3023.dat
1 40 20 0 -20 0 0 1 0 1 0 -1 0 0 54200.dat
1 15 53 2 -20 0 -1 0 0 0 -1 1 0 0 54200.dat
1 15 -20 0 -20 1 0 0 0 1 0 0 0 1 63864.dat
1 4 -40 8 -20 1 0 0 0 1 0 0 0 1 3024.dat
1 4 40 -8 -20 1 0 0 0 1 0 0 0 1 3024.dat
1 71 40 -8 -20 0 0 -1 0 1 0 1 0 0 42446.dat
1 27 40 8 -20 0 0 1 0 1 0 -1 0 0 3794a.dat
0
0 FILE Day 21.ldr
0 Day 21
0 Name: Day 21.ldr
0 Author: LDraw
0 Unofficial Model
0 ROTATION CENTER 0 0 0 1 "Custom" 
0 ROTATION CONFIG 0 0
1 15 0 -8 0 -1 0 0 0 1 0 0 0 -1 4733.dat
1 40 0 -8 0 0 0 1 0 1 0 -1 0 0 54200.dat
1 40 -10 2 0 0 1 0 0 0 1 1 0 0 54200.dat
1 71 20 -8 0 0 0 -1 0 1 0 1 0 0 4070.dat
1 71 50 -16 0 -1 0 0 0 1 0 0 0 -1 3710.dat
1 71 30 -24 0 -1 0 0 0 1 0 0 0 -1 3069b.dat
1 72 70 -24 0 -1 0 0 0 1 0 0 0 -1 2412b.dat
1 15 0 23 33 0 0 -1 0 -1 0 -1 0 0 2412b.dat
1 1 30 24 0 0 0 -1 0 1 0 1 0 0 3176.dat
1 1 10 32 0 0 0 1 0 1 0 -1 0 0 3176.dat
1 71 -10 24 0 0 0 1 0 1 0 -1 0 0 4032b.dat
1 72 20 16 0 0 0 1 0 1 0 -1 0 0 3794a.dat
1 72 0 2 13 1 0 0 0 0 -1 0 1 0 42446.dat
1 15 0 23 -33 0 0 1 0 -1 0 1 0 0 2412b.dat
1 72 0 2 -13 -1 0 0 0 0 -1 0 -1 0 42446.dat
1 72 0 16 0 0 0 1 0 1 0 -1 0 0 3794a.dat
1 72 50 2 0 0 -1 0 0 0 1 -1 0 0 87087.dat
0
0 FILE Day 22.ldr
0 Day 22
0 Name: Day 22.ldr
0 Author: LDraw
0 Unofficial Model
0 ROTATION CENTER 0 0 0 1 "Custom" 
0 ROTATION CONFIG 0 0
1 0 0 -24 0 1 0 0 0 1 0 0 0 1 88283.dat
1 78 0 -24 0 1 0 0 0 1 0 0 0 1 3626bp01.dat
1 321 0 0 0 1 0 0 0 1 0 0 0 1 973.dat
1 321 0 32 0 1 0 0 0 1 0 0 0 1 41879a.dat
1 272 -15.552 9 0 0.985 -0.17 0 0.17 0.985 0 0 0 1 3818.dat
1 272 15.552 9 0 0.985 0.17 0 -0.17 0.985 0 0 0 1 3819.dat
1 78 -23.8634 26.5956 -10.321 0.985 -0.12019 0.12019 0.17 0.696395 -0.696395 0 0.707 0.707 3820.dat
1 78 23.8634 26.5956 -10.321 0.985 0.12019 -0.12019 -0.17 0.696395 -0.696395 0 0.707 0.707 3820.dat
0
0 FILE Day 23.ldr
0 Day 23
0 Name: Day 23.ldr
0 Author: LDraw
0 Unofficial Model
0 ROTATION CENTER 0 0 0 1 "Custom" 
0 ROTATION CONFIG 0 0
1 70 20 16 0 -1 0 0 0 1 0 0 0 -1 3021.dat
1 70 30 -2 0 0 1 0 0 0 1 1 0 0 4070.dat
1 70 20 -16 0 0 0 -1 0 1 0 1 0 0 2432.dat
1 70 52 26 30 0 -1 0 -1 0 0 0 0 -1 30374.dat
1 70 52 26 -30 0 -1 0 -1 0 0 0 0 -1 30374.dat
1 70 -48 9 40 0 0 1 -1 0 0 0 -1 0 30374.dat
1 70 -48 9 30 1 0 0 0 1 0 0 0 1 53989.dat
1 70 -48 9 -30 1 0 0 0 1 0 0 0 1 53989.dat
1 72 0 24 10 -1 0 0 0 1 0 0 0 -1 61252.dat
1 72 40 24 10 -1 0 0 0 1 0 0 0 -1 61252.dat
1 72 40 24 -10 1 0 0 0 1 0 0 0 1 61252.dat
1 72 40 8 0 0 0 -1 0 1 0 1 0 0 3794a.dat
1 71 40 -16 0 0 0 -1 0 1 0 1 0 0 98138.dat
1 71 22 -2 0 0 1 0 0 0 1 1 0 0 3024.dat
1 80 22 -2 0 0 1 0 0 0 1 1 0 0 64802.dat
1 72 0 24 -10 1 0 0 0 1 0 0 0 1 61252.dat
0
0 FILE Day 24.ldr
0 Day 24
0 Name: Day 24.ldr
0 Author: LDraw
0 Unofficial Model
0 ROTATION CENTER 0 0 0 1 "Custom" 
0 ROTATION CONFIG 0 0
1 80 0 -26 0 1 0 0 0 1 0 0 0 1 87610.dat
1 78 0 -26 0 1 0 0 0 1 0 0 0 1 3626bp01.dat
1 28 0 0 0 1 0 0 0 1 0 0 0 1 92590.dat
1 320 0 0 0 1 0 0 0 1 0 0 0 1 973psj.dat
1 27 0 8 22 0 0 -1 1 0 0 0 -1 0 3069b.dat
1 25 0 8 30 0 0 -1 1 0 0 0 -1 0 3069b.dat
1 4 0 32 0 1 0 0 0 1 0 0 0 1 3815.dat
1 4 -15.552 9 0 0.985 -0.17 0 0.17 0.985 0 0 0 1 3818.dat
1 4 15.552 9 0 0.985 0.17 0 -0.17 0.985 0 0 0 1 3819.dat
1 320 -23.8634 26.5956 -10.321 0.985 -0.12019 0.12019 0.17 0.696395 -0.696395 0 0.707 0.707 3820.dat
1 320 23.8634 26.5956 -10.321 0.985 0.12019 -0.12019 -0.17 0.696395 -0.696395 0 0.707 0.707 3820.dat
1 4 0 44 0 1 0 0 0 1 0 0 0 1 3816.dat
1 4 0 44 0 1 0 0 0 1 0 0 0 1 3817.dat
0 
0
0
