0 FILE Advent Calandar.ldr
0 Advent Calander
0 Name: Advent Calandar.ldr
0 Author: LDraw
0 Unofficial Model
0 ROTATION CENTER 0 0 0 1 "Custom" 
0 ROTATION CONFIG 0 0
1 0 -418 0 900 0 1 0 0 0 1 1 0 0 Day 1.ldr
1 0 -460 -46 760 0 0 1 0 1 0 -1 0 0 Day 2.ldr
1 0 -460 -46 270 0 0 1 0 1 0 -1 0 0 Day 6.ldr
1 0 -280 -6 890 0 0 1 0 1 0 -1 0 0 Day 7.ldr
1 0 -280 -46 770 0 0 1 0 1 0 -1 0 0 Day 8.ldr
1 0 -258 -40 640 0 1 0 1 0 0 0 0 -1 Day 9.ldr
1 0 -270 -60 470 1 0 0 0 1 0 0 0 1 Day 10.ldr
1 0 -240 -31 360 0 0 1 0 1 0 -1 0 0 Day 11.ldr
1 0 -260 -16 300 0 0 1 0 1 0 -1 0 0 Day 12.ldr
1 0 -30 -54 870 0 0 1 0 1 0 -1 0 0 Day 13.ldr
1 0 -40 -24 770 0 0 1 0 1 0 -1 0 0 Day 14.ldr
1 0 -70 -32 650 1 0 0 0 1 0 0 0 1 Day 15.ldr
1 0 -30 -46 540 0 0 1 0 1 0 -1 0 0 Day 16.ldr
1 0 90 -47 890 0 0 1 0 1 0 -1 0 0 Day 19.ldr
1 0 40 -40 750 0 1 0 0 0 -1 -1 0 0 Day 20.ldr
1 0 80 -64 620 1 0 0 0 1 0 0 0 1 Day 21.ldr
1 0 90 -24 520 0 0 1 0 1 0 -1 0 0 Day 22.ldr
1 0 120 -22 450 0 0 1 0 1 0 -1 0 0 Day 23.ldr
1 0 120 -30 320 0 0 1 0 1 0 -1 0 0 Day 24.ldr
1 0 -40 -14 420 0 0 1 0 1 0 -1 0 0 Day 17.ldr
1 0 -56 -8 300 0 1 0 0 0 1 1 0 0 Day 18.ldr
1 0 -460 -40 670 0 0 -1 0 1 0 1 0 0 Day 3.ldr
1 0 -450 -19 530 -0.707107 0 0.707107 0 -1 0 0.707107 0 0.707107 Day 4.ldr
1 0 -458 -82 435 0 1 0 0 0 1 1 0 0 Day 5.ldr
0
0 FILE Day 1.ldr
0 Day 1
0 Name: Day 1.ldr
0 Author: LDraw
0 Unofficial Model
0 ROTATION CENTER 0 0 0 1 "Custom" 
0 ROTATION CONFIG 0 0
1 4 -40 24 0 1 0 0 0 1 0 0 0 1 3062b.dat
1 4 -40 -72 0 1 0 0 0 1 0 0 0 1 4073.dat
1 4 -40 -96 0 1 0 0 0 1 0 0 0 1 4589.dat
1 4 -20 24 0 1 0 0 0 1 0 0 0 1 3062b.dat
1 4 -60 24 0 1 0 0 0 1 0 0 0 1 3062b.dat
1 4 -40 16 0 1 0 0 0 1 0 0 0 1 3623.dat
1 4 -40 -64 -18 0 0 1 1 0 0 0 1 0 3710.dat
1 72 -40 -8 0 1 0 0 0 1 0 0 0 1 4070.dat
1 71 -40 -44 -10 1 0 0 0 0 -1 0 1 0 4595.dat
1 71 -40 2 -30 1 0 0 0 0 -1 0 1 0 4599b.dat
1 4 -60 16 0 0 0 1 0 1 0 -1 0 0 54200.dat
1 4 -40 -74 -18 1 0 0 0 0 -1 0 1 0 54200.dat
1 47 -40 -94 -26 1 0 0 0 0 -1 0 1 0 3024.dat
1 15 -40 -94 -34 1 0 0 0 0 -1 0 1 0 3070b.dat
1 4 -20 16 0 0 0 -1 0 1 0 1 0 0 54200.dat
1 4 -50 -54 0 0 1 0 0 0 1 1 0 0 54200.dat
1 4 -50 -34 0 0 1 0 0 0 -1 -1 0 0 54200.dat
1 4 -30 -54 0 0 -1 0 0 0 1 -1 0 0 54200.dat
1 4 -30 -34 0 0 -1 0 0 0 -1 1 0 0 54200.dat
0
0 FILE Day 2.ldr
0 Day 2
0 Name: Day 2.ldr
0 Author: LDraw
0 Unofficial Model
0 ROTATION CENTER 0 0 0 1 "Custom" 
0 ROTATION CONFIG 0 0
1 72 0 -24 0 1 0 0 0 1 0 0 0 1 2544.dat
1 71 0 -24 0 1 0 0 0 1 0 0 0 1 3626bp01.dat
1 320 0 0 0 1 0 0 0 1 0 0 0 1 973.dat
1 320 0 32 0 1 0 0 0 1 0 0 0 1 3815.dat
1 25 -15.552 9 0 0.985 -0.17 0 0.17 0.985 0 0 0 1 3818.dat
1 25 15.552 9 0 0.985 0.17 0 -0.17 0.985 0 0 0 1 3819.dat
1 72 -23.8634 26.5956 -10.321 0.985 -0.12019 0.12019 0.17 0.696395 -0.696395 0 0.707 0.707 3820.dat
1 72 23.8634 26.5956 -10.321 0.985 0.12019 -0.12019 -0.17 0.696395 -0.696395 0 0.707 0.707 3820.dat
1 320 0 44 0 1 0 0 0 1 0 0 0 1 3816.dat
1 320 0 44 0 1 0 0 0 1 0 0 0 1 3817.dat
0
0 FILE Day 3.ldr
0 Day 3
0 Name: Day 3.ldr
0 Author: LDraw
0 Unofficial Model
0 ROTATION CENTER 0 0 0 1 "Custom" 
0 ROTATION CONFIG 0 0
1 71 -10 8 0 1 0 0 0 1 0 0 0 1 60470b.dat
1 70 -10 0 0 1 0 0 0 1 0 0 0 1 3794a.dat
1 70 -10 -8 0 1 0 0 0 1 0 0 0 1 4032b.dat
1 70 0 18 20 0 0 -1 0.382683 0.92388 0 0.92388 -0.382683 0 53989.dat
1 0 -10 16 0 -1 0 0 0 1 0 0 0 -1 48336.dat
1 0 30 10 -20 0 -1 0 -1 0 0 0 0 -1 30374.dat
1 0 0 48.248 48.602 -1 0 0 0 -0.92388 0.382683 0 0.382683 0.92388 53451.dat
1 70 -20 18 20 0 0 -1 0.382683 0.92388 0 0.92388 -0.382683 0 53989.dat
1 0 -20 48.248 48.602 -1 0 0 0 -0.92388 0.382683 0 0.382683 0.92388 53451.dat
1 70 20 10 -20 0 0 -1 0.930418 -0.366501 0 -0.366501 -0.930418 0 53989.dat
1 0 20 39.126 -49.744 1 0 0 0 -0.366501 0.930418 0 -0.930418 -0.366501 53451.dat
1 70 -40 10 -20 0 0 -1 0.930418 -0.366501 0 -0.366501 -0.930418 0 53989.dat
1 0 -40 39.126 -49.744 1 0 0 0 -0.366501 0.930418 0 -0.930418 -0.366501 53451.dat
0
0 FILE Day 4.ldr
0 Day 4
0 Name: Day 4.ldr
0 Author: LDraw
0 Unofficial Model
0 ROTATION CENTER 0 0 0 1 "Custom" 
0 ROTATION CONFIG 0 0
1 72 10 8 0 -1 0 0 0 1 0 0 0 -1 4733.dat
1 71 10 0 0 -0.707107 0 0.707107 0 1 0 -0.707107 0 -0.707107 4592.dat
1 0 10 0 0 -0.707107 -0.707107 0 0 0 1 -0.707107 0.707107 0 4593.dat
1 71 10 42 0 0.707107 0 0.707107 0 -1 0 0.707107 0 -0.707107 4592.dat
1 71 10.142 34 0 0 0 1 1 0 0 0 1 0 4274.dat
1 0 10 42 0 0.707107 -0.707107 0 0 0 -1 0.707107 0.707107 0 4593.dat
1 72 10 18 -34 0 0 1 1 0 0 0 1 0 4589.dat
1 72 10 18 34 0 0 -1 1 0 0 0 -1 0 4589.dat
1 72 -24 18 0 0 1 0 1 0 0 0 0 -1 4589.dat
1 72 44 18 0 0 -1 0 1 0 0 0 0 1 4589.dat
1 71 10 18 -42 1 0 0 0 0 -1 0 1 0 4697b.dat
1 71 10 -2 -42 0.707107 0 0.707107 0 -1 0 0.707107 0 -0.707107 577b.dat
1 72 10 -41 -42.569 0.707107 0 0.707107 0 1 0 -0.707107 0 0.707107 4073.dat
1 71 10 18 42 -1 0 0 0 0 -1 0 -1 0 4697b.dat
1 71 10 -2 42 -0.707107 0 -0.707107 0 -1 0 -0.707107 0 0.707107 577b.dat
1 72 10 -41 42.569 -0.707107 0 -0.707107 0 1 0 0.707107 0 -0.707107 4073.dat
1 71 -32 18 0 0 1 0 0 0 -1 -1 0 0 4697b.dat
1 71 -32 -2 0 0.707107 0 -0.707107 0 -1 0 -0.707107 0 -0.707107 577b.dat
1 72 -32.569 -41 0 -0.707107 0 0.707107 0 1 0 -0.707107 0 -0.707107 4073.dat
1 71 52 18 0 0 -1 0 0 0 -1 1 0 0 4697b.dat
1 71 52 -2 0 -0.707107 0 0.707107 0 -1 0 0.707107 0 0.707107 577b.dat
1 72 52.569 -41 0 0.707107 0 -0.707107 0 1 0 0.707107 0 0.707107 4073.dat
0
0 FILE Day 5.ldr
0 Day 5
0 Name: Day 5.ldr
0 Author: LDraw
0 Unofficial Model
0 ROTATION CENTER 0 0 0 1 "Custom" 
0 ROTATION CONFIG 0 0
1 70 -30 32 0 1 0 0 0 1 0 0 0 1 3176.dat
1 70 -30 24 20 -1 0 0 0 1 0 0 0 -1 3176.dat
1 2 -30 16 10 -1 0 0 0 1 0 0 0 -1 3794a.dat
1 2 -30 16 -10 -1 0 0 0 1 0 0 0 -1 3794a.dat
1 2 -48 2 -10 0 1 0 -1 0 0 0 0 1 3024.dat
1 2 -12 2 -10 0 -1 0 -1 0 0 0 0 -1 3024.dat
1 72 -30 24 -20 -1 0 0 0 1 0 0 0 -1 4032b.dat
1 72 -30 2 40 1 0 0 0 0 1 0 -1 0 87087.dat
1 72 -51 2 -10 0 -1 0 -1 0 0 0 0 -1 42446.dat
1 71 -30 -8 10 -1 0 0 0 1 0 0 0 -1 4070.dat
1 71 -30 -16 40 0 0 1 0 1 0 -1 0 0 3710.dat
1 71 -30 -24 20 0 0 1 0 1 0 -1 0 0 3069b.dat
1 72 -30 -24 60 0 0 1 0 1 0 -1 0 0 2412b.dat
1 19 -70 2 11 -1 0 0 0 0 -1 0 -1 0 3069b.dat
1 72 -9 2 -10 0 1 0 1 0 0 0 0 -1 42446.dat
1 19 10 2 11 1 0 0 0 0 1 0 -1 0 3069b.dat
1 40 -30 -8 -10 1 0 0 0 1 0 0 0 1 54200.dat
1 40 -30 2 -20 -1 0 0 0 0 1 0 1 0 54200.dat
1 71 -30 2 40 -1 0 0 0 0 -1 0 -1 0 54200.dat
1 0 -30 -8 -10 -1 0 0 0 1 0 0 0 -1 4733.dat
0
0 FILE Day 6.ldr
0 Day 6
0 Name: Day 6.ldr
0 Author: LDraw
0 Unofficial Model
0 ROTATION CENTER 0 0 0 1 "Custom" 
0 ROTATION CONFIG 0 0
1 70 0 0 0 1 0 0 0 1 0 0 0 1 30483p01.dat
1 70 0 0 0 1 0 0 0 1 0 0 0 1 973.dat
1 70 0 32 0 1 0 0 0 1 0 0 0 1 3815.dat
1 70 -15.552 9 0 0.985 -0.17 0 0.17 0.985 0 0 0 1 3818.dat
1 70 15.552 9 0 0.985 0.17 0 -0.17 0.985 0 0 0 1 3819.dat
1 70 -23.8634 26.5956 -10.321 0.985 -0.12019 0.12019 0.17 0.696395 -0.696395 0 0.707 0.707 3820.dat
1 70 23.8634 26.5956 -10.321 0.985 0.12019 -0.12019 -0.17 0.696395 -0.696395 0 0.707 0.707 3820.dat
1 70 0 44 0 1 0 0 0 1 0 0 0 1 3816.dat
1 70 0 44 0 1 0 0 0 1 0 0 0 1 3817.dat
0
0 FILE Day 7.ldr
0 Day 7
0 Name: Day 7.ldr
0 Author: LDraw
0 Unofficial Model
0 ROTATION CENTER 0 0 0 1 "Custom" 
0 ROTATION CONFIG 0 0
1 72 10 24 0 1 0 0 0 1 0 0 0 1 3021.dat
1 72 -10 -8 10 1 0 0 0 1 0 0 0 1 6091.dat
1 71 -10 -8 10 0 0 1 0 1 0 -1 0 0 61252.dat
1 135 -30 -6 15 1 0 0 0 0 1 0 -1 0 2570.dat
1 72 20 -16 0 1 0 0 0 1 0 0 0 1 2489.dat
1 0 -10 16 10 1 0 0 0 1 0 0 0 1 4073.dat
1 0 8 -33 4 0.92388 0.382683 0 -0.382683 0.92388 0 0 0 1 4522.dat
1 0 30.596 -25.279 -5 -0.92388 -0.382683 0 -0.382683 0.92388 0 0 0 -1 4006.dat
1 0 -10 8 10 1 0 0 0 1 0 0 0 1 4073.dat
0
0 FILE Day 8.ldr
0 Day 8
0 Name: Day 8.ldr
0 Author: LDraw
0 Unofficial Model
0 ROTATION CENTER 0 0 0 1 "Custom" 
0 ROTATION CONFIG 0 0
1 15 0 -24 0 1 0 0 0 1 0 0 0 1 30370.dat
1 78 0 -24 0 1 0 0 0 1 0 0 0 1 3626bp01.dat
1 25 0 0 0 1 0 0 0 1 0 0 0 1 973pr8.dat
1 0 0 32 0 1 0 0 0 1 0 0 0 1 3815.dat
1 25 -15.552 9 0 0.985 -0.17 0 0.17 0.985 0 0 0 1 3818.dat
1 25 15.552 9 0 0.985 0.17 0 -0.17 0.985 0 0 0 1 3819.dat
1 0 -23.8634 26.5956 -10.321 0.985 -0.12019 0.12019 0.17 0.696395 -0.696395 0 0.707 0.707 3820.dat
1 0 23.8634 26.5956 -10.321 0.985 0.12019 -0.12019 -0.17 0.696395 -0.696395 0 0.707 0.707 3820.dat
1 25 0 44 0 1 0 0 0 1 0 0 0 1 3816.dat
1 25 0 44 0 1 0 0 0 1 0 0 0 1 3817.dat
0
0 FILE Day 9.ldr
0 Day 9
0 Name: Day 9.ldr
0 Author: LDraw
0 Unofficial Model
0 ROTATION CENTER 0 0 0 1 "Custom" 
0 ROTATION CONFIG 0 0
1 4 -10 16 0 -1 0 0 0 1 0 0 0 -1 52107.dat
1 15 -10 -16 0 1 0 0 0 1 0 0 0 1 4733.dat
1 1 -28 -6 0 0 1 0 0 0 -1 -1 0 0 4073.dat
1 15 -10 -64 0 1 0 0 0 1 0 0 0 1 3005.dat
1 15 -10 -88 0 1 0 0 0 1 0 0 0 1 3005.dat
1 15 -10 8 0 1 0 0 0 1 0 0 0 1 3794a.dat
1 15 -35.351 26.1 45.683 -0.382683 0.92388 0 0 0 1 0.92388 0.382683 0 3839b.dat
1 15 15.635 26.1 45.683 -0.382683 -0.92388 0 0 0 1 -0.92388 0.382683 0 3839b.dat
1 71 20.042 -3.9 72 -0.382683 0 -0.92388 0 -1 0 -0.92388 0 0.382683 577b.dat
1 71 -38.992 -3.9 70.152 -0.382683 0 0.92388 0 -1 0 0.92388 0 0.382683 577b.dat
1 71 -10 -40 0 0 0 1 0 1 0 -1 0 0 4070.dat
1 71 0.142 26.1 17.958 1 0 0 0 0 1 0 -1 0 2555.dat
1 71 -19.858 26.1 17.958 -1 0 0 0 0 -1 0 -1 0 2555.dat
1 15 15.351 26.1 -45.683 0.382683 -0.92388 0 0 0 1 -0.92388 -0.382683 0 3839b.dat
1 15 -35.635 26.1 -45.683 0.382683 0.92388 0 0 0 1 0.92388 -0.382683 0 3839b.dat
1 71 -40.042 -3.9 -72 0.382683 0 0.92388 0 -1 0 0.92388 0 -0.382683 577b.dat
1 71 18.992 -3.9 -70.152 0.382683 0 -0.92388 0 -1 0 -0.92388 0 -0.382683 577b.dat
1 71 -20.142 26.1 -17.958 -1 0 0 0 0 1 0 1 0 2555.dat
1 71 -0.142 26.1 -17.958 1 0 0 0 0 -1 0 1 0 2555.dat
1 71 -10 -88 0 0 0 1 0 1 0 -1 0 0 54200.dat
1 40 -16 -30 0 0 1 0 0 0 1 1 0 0 54200.dat
0
0 FILE Day 10.ldr
0 Day 10
0 Name: Day 10.ldr
0 Author: LDraw
0 Unofficial Model
0 ROTATION CENTER 0 0 0 1 "Custom" 
0 ROTATION CONFIG 0 0
1 15 20 24 0 1 0 0 0 1 0 0 0 1 2540.dat
1 15 0 26 -20 0 1 0 0.707107 0 0.707107 0.707107 0 -0.707107 44676.dat
1 15 0 26 40 0 1 0 -0.707107 0 0.707107 0.707107 0 0.707107 44676.dat
1 15 20 24 20 -1 0 0 0 1 0 0 0 -1 2540.dat
1 15 10 16 10 0 0 1 0 1 0 -1 0 0 2540.dat
1 15 10 8 10 0 0 1 0 1 0 -1 0 0 44661.dat
1 33 30 16 10 0 0 1 0 1 0 -1 0 0 3069b.dat
1 15 -29.243 23.806 10 0 0.382683 -0.92388 0 0.92388 0.382683 1 0 0 61252.dat
1 40 -29.243 23.806 10 0 0.382683 0.92388 0 0.92388 -0.382683 -1 0 0 54200.dat
0
0 FILE Day 11.ldr
0 Day 11
0 Name: Day 11.ldr
0 Author: LDraw
0 Unofficial Model
0 ROTATION CENTER 0 0 0 1 "Custom" 
0 ROTATION CONFIG 0 0
1 19 -10 -24 0 1 0 0 0 1 0 0 0 1 30378.dat
1 19 6 -24 0 1 0 0 0 1 0 0 0 1 30377.dat
1 19 -26 -24 0 1 0 0 0 0.92388 0.382683 0 -0.382683 0.92388 59230.dat
1 0 -26 12.19 -17.155 1 0 0 0 0.382683 -0.92388 0 0.92388 0.382683 58247.dat
1 19 -10 48 0 1 0 0 0 1 0 0 0 1 30376.dat
1 1 -10 8 0 1 0 0 0 1 0 0 0 1 30375.dat
0
0 FILE Day 12.ldr
0 Day 12
0 Name: Day 12.ldr
0 Author: LDraw
0 Unofficial Model
0 ROTATION CENTER 0 0 0 1 "Custom" 
0 ROTATION CONFIG 0 0
1 72 20 8 0 1 0 0 0 1 0 0 0 1 51739.dat
1 15 40 0 -30 1 0 0 0 1 0 0 0 1 43723.dat
1 15 20 -8 10 -1 0 0 0 1 0 0 0 -1 2436b.dat
1 15 20 -8 -10 -1 0 0 0 1 0 0 0 -1 3794a.dat
1 15 20 -16 -10 -1 0 0 0 1 0 0 0 -1 3024.dat
1 40 20 -24 0 0 0 1 0 1 0 -1 0 0 3069b.dat
1 40 20 -8 -30 1 0 0 0 1 0 0 0 1 54200.dat
1 71 -10 2 32 -1 0 0 0 0 -1 0 -1 0 4073.dat
1 71 50 2 32 -1 0 0 0 0 -1 0 -1 0 4073.dat
1 0 20 2 32 -1 0 0 0 0 -1 0 -1 0 2412b.dat
1 15 20 -8 -30 -1 0 0 0 1 0 0 0 -1 3794a.dat
1 71 20 -16 10 -1 0 0 0 1 0 0 0 -1 3794a.dat
1 15 0 0 -30 1 0 0 0 1 0 0 0 1 43722.dat
1 71 40 0 10 1 0 0 0 1 0 0 0 1 92280.dat
1 71 50 -6 -60 1 0 0 0 0 -1 0 1 0 30374.dat
1 71 -10 -6 -60 1 0 0 0 0 -1 0 1 0 30374.dat
1 71 0 0 10 -1 0 0 0 1 0 0 0 -1 92280.dat
0
0 FILE Day 13.ldr
0 Day 13
0 Name: Day 13.ldr
0 Author: LDraw
0 Unofficial Model
0 ROTATION CENTER 0 0 0 1 "Custom" 
0 ROTATION CONFIG 0 0
1 0 -20 -2 0 1 0 0 0 1 0 0 0 1 30367bps6.dat
1 0 -20 32 0 1 0 0 0 1 0 0 0 1 30361dps2.dat
1 0 0 32 0 0 0 1 0 1 0 -1 0 0 30362.dat
1 0 -40 32 0 0 0 -1 0 1 0 1 0 0 30362.dat
0
0 FILE Day 14.ldr
0 Day 14
0 Name: Day 14.ldr
0 Author: LDraw
0 Unofficial Model
0 ROTATION CENTER 0 0 0 1 "Custom" 
0 ROTATION CONFIG 0 0
1 0 -10 0 0 0 0 1 0 1 0 -1 0 0 47905.dat
1 0 6 30 12 0 0 1 -1 0 0 0 -1 0 4073.dat
1 0 6 30 -12 0 0 -1 -1 0 0 0 1 0 4073.dat
1 0 8 10 0 0 -1 0 0 0 1 -1 0 0 54200.dat
1 71 8 10 0 0 -1 0 0 0 -1 1 0 0 4081b.dat
1 0 -26 30 -12 0 0 -1 -1 0 0 0 1 0 4073.dat
1 0 -26 30 12 0 0 1 -1 0 0 0 -1 0 4073.dat
1 0 -28 10 0 0 1 0 0 0 1 1 0 0 54200.dat
1 71 -28 10 0 0 1 0 0 0 -1 -1 0 0 4081b.dat
0
0 FILE Day 15.ldr
0 Day 15
0 Name: Day 15.ldr
0 Author: LDraw
0 Unofficial Model
0 ROTATION CENTER 0 0 0 1 "Custom" 
0 ROTATION CONFIG 0 0
1 15 30 8 0 0 0 -1 0 1 0 1 0 0 3665.dat
1 15 40 -16 0 -1 0 0 0 1 0 0 0 -1 63868.dat
1 4 -18.129 -3.378 0 0.909961 0.414693 0 -0.414693 0.909961 0 0 0 1 60478.dat
1 40 -30.545 -6.511 0 0.909961 0.414693 0 -0.414693 0.909961 0 0 0 1 4073.dat
1 40 -12.345 -14.806 0 0.909961 0.414693 0 -0.414693 0.909961 0 0 0 1 4073.dat
1 15 50 -24 0 1 0 0 0 1 0 0 0 1 4073.dat
1 72 50 -28 0 0 0 1 0 1 0 -1 0 0 30162.dat
1 15 40 2.003 17.645 1 0 0 0 0 1 0 -1 0 2540.dat
1 15 40 1.931 -18.074 -1 0 0 0 0 1 0 1 0 2540.dat
1 15 60 -18.069 -16.074 0 -1 0 -0.707107 0 0.707107 -0.707107 0 -0.707107 44676.dat
1 15 60 -17.997 15.645 0 -1 0 0.707107 0 0.707107 -0.707107 0 0.707107 44676.dat
1 71 40 -8 0 0 0 -1 0 1 0 1 0 0 4595.dat
1 15 -28 22 0 0 1 0 0 0 1 1 0 0 60481.dat
1 27 -36 22 0 0 1 0 0 0 1 1 0 0 3070b.dat
0
0 FILE Day 16.ldr
0 Day 16
0 Name: Day 16.ldr
0 Author: LDraw
0 Unofficial Model
0 ROTATION CENTER 0 0 0 1 "Custom" 
0 ROTATION CONFIG 0 0
1 15 0 -24 0 1 0 0 0 1 0 0 0 1 30408p01.dat
1 78 0 -24 0 1 0 0 0 1 0 0 0 1 3626bp01.dat
1 15 0 0 0 1 0 0 0 1 0 0 0 1 973psu.dat
1 0 0 32 0 1 0 0 0 1 0 0 0 1 3815.dat
1 15 -15.552 9 0 0.985 -0.17 0 0.17 0.985 0 0 0 1 3818.dat
1 15 15.552 9 0 0.985 0.17 0 -0.17 0.985 0 0 0 1 3819.dat
1 0 -23.8634 26.5956 -10.321 0.985 -0.12019 0.12019 0.17 0.696395 -0.696395 0 0.707 0.707 3820.dat
1 0 23.8634 26.5956 -10.321 0.985 0.12019 -0.12019 -0.17 0.696395 -0.696395 0 0.707 0.707 3820.dat
1 15 0 44 0 1 0 0 0 1 0 0 0 1 3816.dat
1 15 0 44 0 1 0 0 0 1 0 0 0 1 3817.dat
0
0 FILE Day 17.ldr
0 Day 17
0 Name: Day 17.ldr
0 Author: LDraw
0 Unofficial Model
0 ROTATION CENTER 0 0 0 1 "Custom" 
0 ROTATION CONFIG 0 0
1 15 -20 16 0 1 0 0 0 1 0 0 0 1 30367c.dat
1 15 -20 -48 0 1 0 0 0 1 0 0 0 1 4589.dat
1 71 -20 -8 0 1 0 0 0 1 0 0 0 1 47905.dat
1 71 -20 -16 0 0 0 1 0 1 0 -1 0 0 60897.dat
1 71 -40 8 0 0 0 1 0 -1 0 1 0 0 577b.dat
1 42 -40 -24 0 0 0 1 0 -1 0 1 0 0 30374.dat
1 72 6 -19 0 1 0 0 0 0 -1 0 1 0 30304.dat
1 71 -20 -24 0 0 0 -1 0 1 0 1 0 0 60897.dat
1 0 -20 2 10 1 0 0 0 0 1 0 -1 0 58247.dat
1 0 -20 2 -10 -1 0 0 0 0 1 0 1 0 58247.dat
0
0 FILE Day 18.ldr
0 Day 18
0 Name: Day 18.ldr
0 Author: LDraw
0 Unofficial Model
0 ROTATION CENTER 0 0 0 1 "Custom" 
0 ROTATION CONFIG 0 0
1 71 20 16 0 0 0 1 0 1 0 -1 0 0 47905.dat
1 71 -8 48 0 0.707107 0 0.707107 0 1 0 -0.707107 0 0.707107 577b.dat
1 14 20 -8 0 1 0 0 0 1 0 0 0 1 4070.dat
1 14 20 -40 0 1 0 0 0 1 0 0 0 1 3024.dat
1 72 20 40 0 1 0 0 0 1 0 0 0 1 4073.dat
1 72 -8 40 0 1 0 0 0 1 0 0 0 1 4073.dat
1 57 -8 87 0 -1 0 0 0 -1 0 0 0 1 4073.dat
1 71 48 48 0 0.707107 0 0.707107 0 1 0 -0.707107 0 0.707107 577b.dat
1 57 48 87 0 -1 0 0 0 -1 0 0 0 1 4073.dat
1 72 48 40 0 1 0 0 0 1 0 0 0 1 4073.dat
1 15 -8 8 0 1 0 0 0 1 0 0 0 1 4073.dat
1 15 48 8 0 1 0 0 0 1 0 0 0 1 4073.dat
1 15 20 2 -14 1 0 0 0 0 -1 0 1 0 4073.dat
1 72 38 26 0 0 -1 0 0 0 1 -1 0 0 4073.dat
1 72 2 26 0 0 1 0 0 0 1 1 0 0 4073.dat
1 14 -8 16 0 0 0 1 0 1 0 -1 0 0 4070.dat
1 14 48 16 0 0 0 -1 0 1 0 1 0 0 4070.dat
1 15 20 -32 0 1 0 0 0 1 0 0 0 1 4070.dat
1 15 20 -40 0 -1 0 0 0 1 0 0 0 -1 54200.dat
1 40 20 -22 -6 -1 0 0 0 0 1 0 1 0 54200.dat
0
0 FILE Day 19.ldr
0 Day 19
0 Name: Day 19.ldr
0 Author: LDraw
0 Unofficial Model
0 ROTATION CENTER 0 0 0 1 "Custom" 
0 ROTATION CONFIG 0 0
1 0 0 -24 0 1 0 0 0 1 0 0 0 1 30408p02.dat
1 0 0 -24 0 1 0 0 0 1 0 0 0 1 3626b.dat
1 0 0 0 0 1 0 0 0 1 0 0 0 1 973psk.dat
1 0 0 32 0 1 0 0 0 1 0 0 0 1 3815.dat
1 0 -15.552 9 0 0.985 -0.17 0 0.17 0.985 0 0 0 1 3818.dat
1 0 15.552 9 0 0.985 0.17 0 -0.17 0.985 0 0 0 1 3819.dat
1 0 -23.8634 26.5956 -10.321 0.985 -0.12019 0.12019 0.17 0.696395 -0.696395 0 0.707 0.707 3820.dat
1 0 23.8634 26.5956 -10.321 0.985 0.12019 -0.12019 -0.17 0.696395 -0.696395 0 0.707 0.707 3820.dat
1 0 0 44 0 1 0 0 0 1 0 0 0 1 3816.dat
1 0 0 44 0 1 0 0 0 1 0 0 0 1 3817.dat
0
0 FILE Day 20.ldr
0 Day 20
0 Name: Day 20.ldr
0 Author: LDraw
0 Unofficial Model
0 ROTATION CENTER 0 0 0 1 "Custom" 
0 ROTATION CONFIG 0 0
1 43 -10 48 0 1 0 0 0 1 0 0 0 1 4073.dat
1 71 -10 24 0 -1 0 0 0 1 0 0 0 -1 4733.dat
1 47 -10 16 0 1 0 0 0 1 0 0 0 1 4073.dat
1 71 -28 34 0 0 1 0 -1 0 0 0 0 1 4073.dat
1 0 16 34 0 0 -1 0 -1 0 0 0 0 -1 3068b.dat
1 0 -36 34 0 0 1 0 -1 0 0 0 0 1 3068b.dat
1 71 8 34 0 0 -1 0 1 0 0 0 0 1 4073.dat
0
0 FILE Day 21.ldr
0 Day 21
0 Name: Day 21.ldr
0 Author: LDraw
0 Unofficial Model
0 ROTATION CENTER 0 0 0 1 "Custom" 
0 ROTATION CONFIG 0 0
1 0 0 -8 0 0 0 -1 0 1 0 1 0 0 4595.dat
1 71 10 -24 0 0 0 -1 0 1 0 1 0 0 3960.dat
1 33 36 2 0 0 1 0 0 0 1 1 0 0 3024.dat
1 33 20 2 -18 -1 0 0 0 0 1 0 1 0 3023.dat
1 71 -10 2 -34 0 0 1 1 0 0 0 1 0 4286.dat
1 71 10 2 -42 0 0 -1 -1 0 0 0 1 0 3040b.dat
1 33 20 2 18 -1 0 0 0 0 -1 0 -1 0 3023.dat
1 71 -10 2 34 0 0 1 -1 0 0 0 -1 0 4286.dat
1 72 -10 2 58 0 0 1 -1 0 0 0 -1 0 4070.dat
1 40 -40 2 48 0 1 0 -1 0 0 0 0 1 4589.dat
1 71 10 2 42 0 0 -1 1 0 0 0 -1 0 3040b.dat
1 71 10 2 42 0 0 -1 1 0 0 0 -1 0 54200.dat
1 71 -20 2 0 0 1 0 0 0 1 1 0 0 54200.dat
0
0 FILE Day 22.ldr
0 Day 22
0 Name: Day 22.ldr
0 Author: LDraw
0 Unofficial Model
0 ROTATION CENTER 0 0 0 1 "Custom" 
0 ROTATION CONFIG 0 0
1 72 0 0 0 1 0 0 0 1 0 0 0 1 3022.dat
1 15 0 -8 -20 1 0 0 0 1 0 0 0 1 48183.dat
1 4 10 -8 10 -1 0 0 0 1 0 0 0 -1 4081b.dat
1 4 -10 -8 10 -1 0 0 0 1 0 0 0 -1 4081b.dat
1 4 0 -16 10 -1 0 0 0 1 0 0 0 -1 3794a.dat
1 40 0 -16 10 1 0 0 0 1 0 0 0 1 54200.dat
1 4 0 -16 -10 -1 0 0 0 1 0 0 0 -1 3794a.dat
1 15 -22 -6 30 0 1 0 1 0 0 0 0 -1 3794a.dat
1 15 22 -6 30 0 -1 0 1 0 0 0 0 1 3794a.dat
0
0 FILE Day 23.ldr
0 Day 23
0 Name: Day 23.ldr
0 Author: LDraw
0 Unofficial Model
0 ROTATION CENTER 0 0 0 1 "Custom" 
0 ROTATION CONFIG 0 0
1 70 10 40 0 1 0 0 0 1 0 0 0 1 3794a.dat
1 2 10 24 0 0 0 -1 0 1 0 1 0 0 3794a.dat
1 2 10 32 0 0 0 -1 0 1 0 1 0 0 3710.dat
1 2 10 0 0 0 0 -1 0 1 0 1 0 0 3623.dat
1 2 10 -8 0 0 0 -1 0 1 0 1 0 0 3024.dat
1 2 10 8 0 -1 0 0 0 1 0 0 0 -1 3794a.dat
1 2 10 16 0 -1 0 0 0 1 0 0 0 -1 3710.dat
1 2 10 -16 0 -1 0 0 0 1 0 0 0 -1 3623.dat
1 2 10 -40 0 -1 0 0 0 1 0 0 0 -1 4589.dat
1 42 10 -26 0 -0.707107 0 0.707107 0 1 0 -0.707107 0 -0.707107 6124.dat
1 36 10 -8 -20 -1 0 0 0 1 0 0 0 -1 4073.dat
1 36 40 8 0 -1 0 0 0 1 0 0 0 -1 4073.dat
1 57 10 24 30 -1 0 0 0 1 0 0 0 -1 4073.dat
1 57 -20 8 0 -1 0 0 0 1 0 0 0 -1 4073.dat
1 57 30 -24 0 -1 0 0 0 1 0 0 0 -1 4073.dat
1 33 10 -8 20 -1 0 0 0 1 0 0 0 -1 4073.dat
1 33 10 24 -30 -1 0 0 0 1 0 0 0 -1 4073.dat
1 36 -10 -24 0 -1 0 0 0 1 0 0 0 -1 4073.dat
0
0 FILE Day 24.ldr
0 Day 24
0 Name: Day 24.ldr
0 Author: LDraw
0 Unofficial Model
0 ROTATION CENTER 0 0 0 1 "Custom" 
0 ROTATION CONFIG 0 0
1 378 0 -2 0 1 0 0 0 1 0 0 0 1 41880.dat
1 28 0 0 0 1 0 0 0 1 0 0 0 1 92590.dat
1 1 0 8 22 0 0 -1 1 0 0 0 -1 0 3069b.dat
1 14 0 8 30 0 0 -1 1 0 0 0 -1 0 3069b.dat
1 4 0 0 0 1 0 0 0 1 0 0 0 1 973.dat
1 4 0 32 0 1 0 0 0 1 0 0 0 1 41879a.dat
1 4 -15.552 9 0 0.985 -0.17 0 0.17 0.985 0 0 0 1 3818.dat
1 4 15.552 9 0 0.985 0.17 0 -0.17 0.985 0 0 0 1 3819.dat
1 378 -23.8634 26.5956 -10.321 0.985 -0.12019 0.12019 0.17 0.696395 -0.696395 0 0.707 0.707 3820.dat
1 378 23.8634 26.5956 -10.321 0.985 0.12019 -0.12019 -0.17 0.696395 -0.696395 0 0.707 0.707 3820.dat
1 70 -25.9951 38.9468 -6.40139 0.985 0.0874983 -0.14567 0.17 -0.506976 0.844031 0 -0.856884 -0.514696 30374.dat
0
0
