0 FILE AT-AT.ldr
0 AT-AT
0 Name: AT-AT.ldr
0 Author: R Paluczak
0 Unofficial Model
0 ROTATION CENTER 0 0 0 1 "Custom" 
0 ROTATION CONFIG 0 0
1 0 -20 -82 -240 0 -1 0 -1 0 0 0 0 -1 32034.dat
1 0 -49.424 -82 -245.853 0 -0.980785 0.19509 -1 0 0 0 -0.19509 -0.980785 32069.dat
1 0 -67.088 -82 -259.562 0.980785 0 0.19509 0 -1 0 0.19509 0 -0.980785 75535.dat
1 0 -20 -82 -280 0 -1 0 0 0 -1 1 0 0 4519.dat
1 0 -20 -42 -275 1 0 0 0 0 -1 0 1 0 6632.dat
1 8 -20 -102 -310 0 -0.0828082 -0.996565 0 0.996565 -0.0828082 1 0 0 32054.dat
1 7 -20 -102 -340 0 -0.0828082 -0.996565 0 0.996565 -0.0828082 1 0 0 3749.dat
1 7 -20 -102 -140 0 0 1 0 1 0 -1 0 0 3749.dat
1 7 460 -102 -340 0 0.0871557 -0.996195 0 0.996195 0.0871557 1 0 0 3749.dat
1 7 380.306 -95.029 -360 0 0.329691 -0.944089 0 0.944089 0.329691 1 0 0 3673.dat
1 7 456.676 26.596 -420 0 -0.944089 0.329691 0 0.329691 0.944089 -1 0 0 Part 1.ldr
1 7 420 18 -360 0 0 -1 0 1 0 1 0 0 3673.dat
1 7 20 18 -360 0 0 -1 0 1 0 1 0 0 3673.dat
1 7 60 18 -120 0 0 -1 0 1 0 1 0 0 3673.dat
1 7 380 18 -120 0 0 -1 0 1 0 1 0 0 3673.dat
1 7 420.153 -98.514 -360 0 0.410719 -0.911762 0 0.911762 0.410719 1 0 0 3673.dat
1 7 380 -102 -120 0 0 -1 0 1 0 1 0 0 3673.dat
1 7 348 38 -60 0 1 0 0 0 1 1 0 0 Part 1.ldr
1 7 28 38 -60 0 1 0 0 0 1 1 0 0 Part 1.ldr
1 7 420 -102 -120 0 0 -1 0 1 0 1 0 0 3673.dat
1 7 59.725 -95.375 -360 0 -0.32969 -0.944089 0 0.944089 -0.32969 1 0 0 3673.dat
1 8 -20 -102 -310 0 -0.0697565 -0.997564 0 0.997564 -0.0697565 1 0 0 32054.dat
1 7 -20 -102 -340 0 -0.0697565 -0.997564 0 0.997564 -0.0697565 1 0 0 3749.dat
1 7 19.903 -99.212 -360 0 -0.394744 -0.918791 0 0.918791 -0.394744 1 0 0 3673.dat
1 7 43.78 47.347 -420 0 -0.944089 -0.32969 0 -0.32969 0.944089 -1 0 0 Part 1.ldr
1 7 20 -102 -120 0 0 -1 0 1 0 1 0 0 3673.dat
1 7 20 38 -110 0 -1 0 0 0 -1 1 0 0 Part 2.ldr
1 7 420 38 -110 0 -1 0 0 0 -1 1 0 0 Part 3.ldr
1 7 466.189 33.771 -360 0 0.944089 -0.329691 0 -0.329691 -0.944089 -1 0 0 Part 2.ldr
1 7 -26.231 33.194 -360 0 0.944089 0.329691 0 0.329691 -0.944089 -1 0 0 Part 3.ldr
1 7 380 178 -10 0 1 0 0 0 1 1 0 0 Part 4.ldr
1 7 60 178 -210 0 -1 0 0 0 1 -1 0 0 Part 7.ldr
1 7 -32.979 169 -470 0 -0.995805 -0.0915016 0 -0.0915016 0.995805 -1 0 0 Part 4.ldr
1 7 472.982 168.982 -270 0 0.996917 0.0784591 0 -0.0784591 0.996917 1 0 0 Part 7.ldr
1 7 60 -102 -120 0 0 -1 0 1 0 1 0 0 3673.dat
1 7 460 -102 -140 0 0 1 0 1 0 -1 0 0 3749.dat
1 8 -20 -102 -170 0 0 -1 0 -1 0 -1 0 0 32054.dat
1 8 420.153 -98.514 -350 0.0871557 0 -0.996195 0.996195 0 0.0871557 0 -1 0 32316.dat
1 8 420 -102 -130 0 0 -1 1 0 0 0 -1 0 32316.dat
1 8 19.863 -98.69 -350 -0.0828082 0 -0.996565 0.996565 0 -0.0828082 0 -1 0 32316.dat
1 8 20 -102 -130 0 0 -1 1 0 0 0 -1 0 32316.dat
1 8 -20 -102 -310 0 -0.707107 -0.707107 0 -0.707107 0.707107 -1 0 0 32013.dat
1 8 460 -102 -310 0 0.707107 0.707107 0 -0.707107 0.707107 1 0 0 32013.dat
1 8 460 -102 -310 0 0 -1 0 1 0 1 0 0 32054.dat
1 8 460 -102 -170 0 0 -1 0 -1 0 -1 0 0 32054.dat
1 8 -30 -42 -290 0 1 0 -1 0 0 0 0 1 3702.dat
1 8 470 -42 -290 0 -1 0 -1 0 0 0 0 -1 3702.dat
1 8 220 0 -260 0 0 1 0 1 0 -1 0 0 X-Frame.ldr
1 8 110 -184 -280 0 0 -1 0 -1 0 -1 0 0 Part 8.ldr
1 8 140 -208 -390 0 0 -1 0 1 0 1 0 0 Part 9.ldr
1 8 140 -184 -220 0 0 -1 0 1 0 1 0 0 Part 10.ldr
1 7 220 29 -348 1 0 0 0 0 -1 0 1 0 2419.dat
1 7 220 29 -132 -1 0 0 0 0 -1 0 -1 0 2419.dat
1 0 -70.99 -82 -239.947 0.980785 0 0.19509 0 -1 0 0.19509 0 -0.980785 75535.dat
1 0 -186.68 -16 -222.175 0.980785 0 -0.19509 0 1 0 0.19509 0 0.980785 Part 11.ldr
1 7 -20 -42 -280 0 -1 0 0 0 -1 1 0 0 43093.dat
1 0 -20 -42 -205 1 0 0 0 0 -1 0 1 0 6632.dat
1 8 -20 -102 -170 0 -0.707107 -0.707107 0 -0.707107 0.707107 -1 0 0 32013.dat
1 8 460 -102 -170 0 0.707107 0.707107 0 -0.707107 0.707107 1 0 0 32013.dat
1 8 -20 -92 -240 0 0.980785 0.19509 1 0 0 0 0.19509 -0.980785 6587.dat
1 7 -20 -110 -240 -0.19509 0.980785 0 0 0 1 0.980785 0.19509 0 3713.dat
1 8 -30 -42 -190 0 1 0 -1 0 0 0 0 1 3702.dat
1 8 470 -42 -190 0 -1 0 -1 0 0 0 0 -1 3702.dat
1 7 -20 -42 -200 0 1 0 0 0 -1 -1 0 0 43093.dat
1 0 -20 -82 -200 0 -1 0 0 0 -1 1 0 0 4519.dat
1 0 30 446 -120 -1 0 0 0 1 0 0 0 -1 Part 5.ldr
1 0 430 446 -121 -1 0 0 0 1 0 0 0 -1 Part 5.ldr
1 0 -85 432 -380 -1 0 0 0 1 0 0 0 -1 Part 5.ldr
1 0 541 433 -381 -1 0 0 0 1 0 0 0 -1 Part 5.ldr
0
0 FILE DSDK.ldr
0 Scout Micro
0 Name: DSDK.ldr
0 Author: R Paluczak
0 Unofficial Model
0 ROTATION CENTER 0 0 0 1 "Custom" 
0 ROTATION CONFIG 0 0
1 4 130 -152 0 1 0 0 0 1 0 0 0 1 332.dat
1 7 130 -152 0 1 0 0 0 1 0 0 0 1 32346.dat
1 0 130 -72 40 1 0 0 0 1 0 0 0 1 32344.dat
1 0 130 -152 0 1 0 0 0 1 0 0 0 1 32277.dat
1 4 150 -160 -10 1 0 0 0 1 0 0 0 1 334.dat
1 4 130 -160 -30 1 0 0 0 1 0 0 0 1 334.dat
1 4 110 -160 -10 1 0 0 0 1 0 0 0 1 334.dat
1 36 130 -152 0 1 0 0 0 1 0 0 0 1 32345.dat
1 7 130 -152 0 1 0 0 0 1 0 0 0 1 32276.dat
0
0 FILE X-Frame.ldr
0 X-Frame
0 Name: X-Frame.ldr
0 Author: R Paluczak
0 Unofficial Model
0 ROTATION CENTER 0 0 0 1 "Custom" 
0 ROTATION CONFIG 0 0
1 0 -20 0 0 1 0 0 0 1 0 0 0 1 6585.dat
1 0 110 32 -10 -1 0 0 0 1 0 0 0 -1 DSDK.ldr
1 0 -20 -62 100 0 -0.92388 0.382683 0 0.382683 0.92388 -1 0 0 32062.dat
1 7 -20 -62 110 0.92388 0.382683 0 -0.382683 0.92388 0 0 0 1 3647.dat
1 0 30 18 0 0 -1 0 1 0 0 0 0 1 32278.dat
1 0 -70 18 0 0 -1 0 1 0 0 0 0 1 32278.dat
1 0 30 18 -20 1 0 0 0 1 0 0 0 1 6558.dat
1 0 60 18 -20 1 0 0 0 1 0 0 0 1 75535.dat
1 7 80 18 -20 1 0 0 0 1 0 0 0 1 4274.dat
1 0 60 18 20 1 0 0 0 1 0 0 0 1 75535.dat
1 7 80 18 20 1 0 0 0 1 0 0 0 1 4274.dat
1 0 -100 18 20 -1 0 0 0 1 0 0 0 -1 75535.dat
1 7 -120 18 20 -1 0 0 0 1 0 0 0 -1 4274.dat
1 0 -100 18 -20 -1 0 0 0 1 0 0 0 -1 75535.dat
1 7 -120 18 -20 -1 0 0 0 1 0 0 0 -1 4274.dat
1 0 30 18 20 1 0 0 0 1 0 0 0 1 6558.dat
1 0 40 18 80 1 0 0 0 1 0 0 0 1 2780.dat
1 0 40 18 140 1 0 0 0 1 0 0 0 1 2780.dat
1 0 40 18 -140 1 0 0 0 1 0 0 0 1 2780.dat
1 0 40 18 -80 1 0 0 0 1 0 0 0 1 2780.dat
1 0 50 -22 -240 -1 0 0 0 1 0 0 0 -1 32054.dat
1 0 50 18 -240 -1 0 0 0 1 0 0 0 -1 32054.dat
1 0 -90 18 -240 1 0 0 0 -1 0 0 0 -1 32054.dat
1 0 -90 -22 -240 1 0 0 0 -1 0 0 0 -1 32054.dat
1 0 50 -22 240 -1 0 0 0 1 0 0 0 -1 32054.dat
1 0 50 18 240 -1 0 0 0 1 0 0 0 -1 32054.dat
1 0 -90 18 240 1 0 0 0 -1 0 0 0 -1 32054.dat
1 0 -90 -22 240 1 0 0 0 -1 0 0 0 -1 32054.dat
1 0 -80 18 80 1 0 0 0 1 0 0 0 1 2780.dat
1 0 -80 18 140 1 0 0 0 1 0 0 0 1 2780.dat
1 0 -80 18 -140 1 0 0 0 1 0 0 0 1 2780.dat
1 0 -80 18 -80 1 0 0 0 1 0 0 0 1 2780.dat
1 0 -70 18 20 -1 0 0 0 1 0 0 0 -1 6558.dat
1 0 30 18 160 1 0 0 0 1 0 0 0 1 6558.dat
1 0 30 18 200 1 0 0 0 1 0 0 0 1 6558.dat
1 0 -70 18 200 -1 0 0 0 1 0 0 0 -1 6558.dat
1 0 -70 18 160 -1 0 0 0 1 0 0 0 -1 6558.dat
1 0 30 -22 160 1 0 0 0 1 0 0 0 1 6558.dat
1 0 -70 -22 160 -1 0 0 0 1 0 0 0 -1 6558.dat
1 0 -70 -22 200 0 -1 0 0 0 1 -1 0 0 32140.dat
1 0 30 -22 200 0 -1 0 0 0 1 -1 0 0 32140.dat
1 0 -70 38 160 0 -1 0 0 0 -1 1 0 0 32140.dat
1 0 30 38 160 0 -1 0 0 0 -1 1 0 0 32140.dat
1 0 30 -22 200 -1 0 0 0 1 0 0 0 -1 4519.dat
1 0 -70 -22 200 -1 0 0 0 1 0 0 0 -1 4519.dat
1 0 -70 18 -20 -1 0 0 0 1 0 0 0 -1 6558.dat
1 4 -20 18 -17 1 0 0 0 1 0 0 0 1 6589.dat
1 0 -20 18 -40 0 0 -1 0 1 0 1 0 0 4519.dat
1 8 -20 18 -70 -1 0 0 0 1 0 0 0 -1 6538a.dat
1 0 -20 18 120 0 0 -1 0 1 0 1 0 0 32073.dat
1 0 -20 -22 160 0 0 -1 0 1 0 1 0 0 3707.dat
1 0 -20 18 180 -1 0 0 0 1 0 0 0 -1 3708.dat
1 8 10 8 0 0 0 1 0 1 0 -1 0 0 3701.dat
1 8 -20 -32 -90 1 0 0 0 1 0 0 0 1 3894.dat
1 8 -20 0 -80 1 0 0 0 1 0 0 0 1 3034.dat
1 8 -20 0 80 1 0 0 0 1 0 0 0 1 3034.dat
1 8 -20 -16 30 1 0 0 0 1 0 0 0 1 3023.dat
1 8 -20 -16 -30 1 0 0 0 1 0 0 0 1 3023.dat
1 8 -20 20 0 0 0 1 -1 0 0 0 -1 0 6587.dat
1 8 -20 32 -80 1 0 0 0 1 0 0 0 1 3034.dat
1 8 -20 32 80 1 0 0 0 1 0 0 0 1 3034.dat
1 8 -20 -32 90 1 0 0 0 1 0 0 0 1 3894.dat
1 8 50 -22 60 0 1 0 0 0 -1 -1 0 0 32316.dat
1 0 40 -62 60 1 0 0 0 0 -1 0 1 0 2780.dat
1 0 40 18 60 1 0 0 0 0 -1 0 1 0 2780.dat
1 8 -90 -22 60 0 -1 0 0 0 -1 1 0 0 32316.dat
1 8 60 -40 -100 1 0 0 0 0 1 0 -1 0 32311.dat
1 7 60 20 -100 1 0 0 0 0 1 0 -1 0 43093.dat
1 7 40 -100 -100 1 0 0 0 0 1 0 -1 0 43093.dat
1 8 -100 -40 -100 -1 0 0 0 0 1 0 1 0 32311.dat
1 7 -100 20 -100 -1 0 0 0 0 1 0 1 0 43093.dat
1 7 -80 -100 -100 -1 0 0 0 0 1 0 1 0 43093.dat
1 0 -80 -62 60 -1 0 0 0 0 -1 0 -1 0 2780.dat
1 0 -80 18 60 -1 0 0 0 0 -1 0 -1 0 2780.dat
1 7 20 -8 -90 1 0 0 0 1 0 0 0 1 3023.dat
1 7 -20 -8 0 0 0 -1 0 1 0 1 0 0 3709b.dat
1 7 50 40 -80 0 0 -1 0 1 0 1 0 0 3023.dat
1 7 50 40 80 0 0 -1 0 1 0 1 0 0 3023.dat
1 7 -90 40 80 0 0 -1 0 1 0 1 0 0 3023.dat
1 7 -90 40 -80 0 0 -1 0 1 0 1 0 0 3023.dat
1 7 -60 -8 -90 1 0 0 0 1 0 0 0 1 3023.dat
1 7 20 -8 90 1 0 0 0 1 0 0 0 1 3023.dat
1 7 -60 -8 90 1 0 0 0 1 0 0 0 1 3023.dat
1 8 -50 8 0 0 0 1 0 1 0 -1 0 0 3701.dat
1 7 -20 18 -45 -1 0 0 0 1 0 0 0 -1 32123a.dat
1 0 -20 18 40 0 0 1 0 1 0 -1 0 0 4519.dat
1 8 -20 18 70 1 0 0 0 1 0 0 0 1 6538a.dat
1 7 -20 18 45 1 0 0 0 1 0 0 0 1 32123a.dat
1 4 -20 18 17 -1 0 0 0 1 0 0 0 -1 6589.dat
1 4 -20 2 0 -1 0 0 0 0 1 0 1 0 6589.dat
1 4 -20 18 163 1 0 0 0 1 0 0 0 1 6589.dat
1 4 -20 -22 230 1 0 0 0 1 0 0 0 1 4019.dat
1 4 -3 18 180 0 0 -1 0 1 0 1 0 0 6589.dat
1 7 -20 8 180 1 0 0 0 1 0 0 0 1 32324.dat
1 7 -20 -32 180 1 0 0 0 1 0 0 0 1 32324.dat
1 7 10 0 150 1 0 0 0 1 0 0 0 1 4073.dat
1 7 10 -8 150 1 0 0 0 1 0 0 0 1 4073.dat
1 7 50 0 250 1 0 0 0 1 0 0 0 1 4073.dat
1 7 50 -8 250 1 0 0 0 1 0 0 0 1 4073.dat
1 7 50 0 150 1 0 0 0 1 0 0 0 1 4073.dat
1 7 50 -8 150 1 0 0 0 1 0 0 0 1 4073.dat
1 7 -50 0 150 1 0 0 0 1 0 0 0 1 4073.dat
1 7 -50 -8 150 1 0 0 0 1 0 0 0 1 4073.dat
1 7 -50 0 210 1 0 0 0 1 0 0 0 1 4073.dat
1 7 -50 -8 210 1 0 0 0 1 0 0 0 1 4073.dat
1 7 10 0 210 1 0 0 0 1 0 0 0 1 4073.dat
1 7 10 -8 210 1 0 0 0 1 0 0 0 1 4073.dat
1 7 -20 18 130 1 0 0 0 1 0 0 0 1 32269.dat
1 7 -20 -22 130 1 0 0 0 1 0 0 0 1 32270.dat
1 7 -20 -22 110 1 0 0 0 1 0 0 0 1 3648b.dat
1 0 -70 18 -160 -1 0 0 0 1 0 0 0 -1 6558.dat
1 0 -70 18 -200 -1 0 0 0 1 0 0 0 -1 6558.dat
1 0 30 18 -200 1 0 0 0 1 0 0 0 1 6558.dat
1 0 30 18 -160 1 0 0 0 1 0 0 0 1 6558.dat
1 0 -70 -22 -160 -1 0 0 0 1 0 0 0 -1 6558.dat
1 0 30 -22 -160 1 0 0 0 1 0 0 0 1 6558.dat
1 0 30 -22 -200 0 1 0 0 0 1 1 0 0 32140.dat
1 0 -70 -22 -200 0 1 0 0 0 1 1 0 0 32140.dat
1 0 30 38 -160 0 1 0 0 0 -1 -1 0 0 32140.dat
1 0 -70 38 -160 0 1 0 0 0 -1 -1 0 0 32140.dat
1 0 -70 -22 -200 1 0 0 0 1 0 0 0 1 4519.dat
1 0 30 -22 -200 1 0 0 0 1 0 0 0 1 4519.dat
1 0 -20 18 -120 0 0 1 0 1 0 -1 0 0 32073.dat
1 0 -20 -22 -160 0 0 1 0 1 0 -1 0 0 3707.dat
1 0 -20 18 -180 1 0 0 0 1 0 0 0 1 3708.dat
1 0 85 18 -220 0 -1 0 1 0 0 0 0 1 6632.dat
1 4 -20 18 -163 -1 0 0 0 1 0 0 0 -1 6589.dat
1 4 -20 -22 -230 -1 0 0 0 1 0 0 0 -1 4019.dat
1 4 -37 18 -180 0 0 1 0 1 0 -1 0 0 6589.dat
1 7 -20 8 -180 -1 0 0 0 1 0 0 0 -1 32324.dat
1 7 -20 -32 -180 -1 0 0 0 1 0 0 0 -1 32324.dat
1 7 50 8 160 0 0 1 0 1 0 -1 0 0 2730.dat
1 7 50 -32 200 0 0 1 0 1 0 -1 0 0 3894.dat
1 7 -90 0 250 1 0 0 0 1 0 0 0 1 4073.dat
1 7 -90 -8 250 1 0 0 0 1 0 0 0 1 4073.dat
1 7 -90 0 150 1 0 0 0 1 0 0 0 1 4073.dat
1 7 -90 -8 150 1 0 0 0 1 0 0 0 1 4073.dat
1 7 -90 8 160 0 0 1 0 1 0 -1 0 0 2730.dat
1 7 -90 -32 200 0 0 1 0 1 0 -1 0 0 3894.dat
1 7 -90 0 -250 -1 0 0 0 1 0 0 0 -1 4073.dat
1 7 -90 -8 -250 -1 0 0 0 1 0 0 0 -1 4073.dat
1 7 -90 0 -150 -1 0 0 0 1 0 0 0 -1 4073.dat
1 7 -90 -8 -150 -1 0 0 0 1 0 0 0 -1 4073.dat
1 7 -90 8 -160 0 0 -1 0 1 0 1 0 0 2730.dat
1 7 -90 -32 -200 0 0 -1 0 1 0 1 0 0 3894.dat
1 7 50 0 -250 -1 0 0 0 1 0 0 0 -1 4073.dat
1 7 50 -8 -250 -1 0 0 0 1 0 0 0 -1 4073.dat
1 7 50 0 -150 -1 0 0 0 1 0 0 0 -1 4073.dat
1 7 50 -8 -150 -1 0 0 0 1 0 0 0 -1 4073.dat
1 7 50 8 -160 0 0 -1 0 1 0 1 0 0 2730.dat
1 7 50 -32 -200 0 0 -1 0 1 0 1 0 0 3894.dat
1 7 -50 0 -150 -1 0 0 0 1 0 0 0 -1 4073.dat
1 7 -50 -8 -150 -1 0 0 0 1 0 0 0 -1 4073.dat
1 7 10 0 -150 -1 0 0 0 1 0 0 0 -1 4073.dat
1 7 10 -8 -150 -1 0 0 0 1 0 0 0 -1 4073.dat
1 7 10 0 -210 -1 0 0 0 1 0 0 0 -1 4073.dat
1 7 10 -8 -210 -1 0 0 0 1 0 0 0 -1 4073.dat
1 7 -50 0 -210 -1 0 0 0 1 0 0 0 -1 4073.dat
1 7 -50 -8 -210 -1 0 0 0 1 0 0 0 -1 4073.dat
1 7 -20 18 -130 -1 0 0 0 1 0 0 0 -1 32269.dat
1 7 -20 -22 -130 -1 0 0 0 1 0 0 0 -1 32270.dat
1 7 -20 -22 -110 -1 0 0 0 1 0 0 0 -1 3713.dat
1 7 70 18 -180 0 0 1 0 1 0 -1 0 0 3713.dat
1 7 -110 18 -180 0 0 1 0 1 0 -1 0 0 3713.dat
1 7 70 18 180 0 0 1 0 1 0 -1 0 0 3713.dat
1 7 -110 18 180 0 0 1 0 1 0 -1 0 0 3713.dat
1 0 95 18 -220 0 -1 0 1 0 0 0 0 1 6632.dat
1 0 85 18 180 0 -1 0 1 0 0 0 0 1 6632.dat
1 0 95 18 180 0 -1 0 1 0 0 0 0 1 6632.dat
1 0 -135 18 140 0 -1 0 1 0 0 0 0 1 6632.dat
1 0 -125 18 140 0 -1 0 1 0 0 0 0 1 6632.dat
1 0 -135 18 -180 0 -1 0 1 0 0 0 0 1 6632.dat
1 0 -125 18 -180 0 -1 0 1 0 0 0 0 1 6632.dat
0
0 FILE Part 1.ldr
0 Part 1
0 Name: Part 1.ldr
0 Author: R Paluczak
0 Unofficial Model
0 ROTATION CENTER 0 0 0 1 "Custom" 
0 ROTATION CONFIG 0 0
1 8 -50 32 0 0 -1 0 1 0 0 0 0 1 32278.dat
1 8 -40 32 -120 1 0 0 0 1 0 0 0 1 32002.dat
1 8 -40 32 -40 1 0 0 0 1 0 0 0 1 32002.dat
1 7 -35 32 -80 0 -1 0 1 0 0 0 0 1 32017.dat
0 
0
0 FILE Part 2.ldr
0 Part 2
0 Name: Part 2.ldr
0 Author: R Paluczak
0 Unofficial Model
0 ROTATION CENTER 0 0 0 1 "Custom" 
0 ROTATION CONFIG 0 0
1 8 0 0 0 0 -1 0 1 0 0 0 0 1 32278.dat
1 0 10 0 120 -1 0 0 0 -0.99725 -0.0741085 0 -0.0741085 0.99725 2780.dat
1 7 10 0 -80 1 0 0 0 -0.996917 -0.0784591 0 0.0784591 -0.996917 3749.dat
1 7 20 2.358 -50.092 0 0 -1 -0.0784591 -0.996917 0 -0.996917 0.0784591 0 3749.dat
1 7 20 2.227 90.082 0 0 1 -0.0741085 -0.99725 0 0.99725 -0.0741085 0 3749.dat
1 0 20 1.566 -60.062 -1 0 0 0 -0.996917 0.0784591 0 0.0784591 0.996917 32039.dat
1 0 20 0 120 -1 0 0 0 -0.99725 -0.0741085 0 -0.0741085 0.99725 32013.dat
0 SYNTH BEGIN TECHNIC_RIBBED_HOSE 135
0 1 7 20 2.358 -50.092 0 0 -1 0.996917 -0.0784591 0 -0.0784591 -0.996917 0 LS02.dat
0 1 7 20 3.924 -30.153 0 0 -1 0.996917 -0.0784591 0 -0.0784591 -0.996917 0 LS02.dat
0 1 7 20 3.706 70.136 0 0 -1 0.99725 0.0741085 0 0.0741085 -0.99725 0 LS02.dat
0 1 7 20 2.227 90.082 0 0 -1 0.99725 0.0741085 0 0.0741085 -0.99725 0 LS02.dat
0 SYNTH SHOW
0 SYNTH SYNTHESIZED BEGIN
1 135 20 2.554 -47.5997 1 0 0 0 -0.0784 0.9969 0 -0.9969 -0.0784 79.dat
1 135 20 2.9846 -42.1156 1 0 0 0 0.0782 0.9969 0 0.9969 -0.0782 80.dat
1 135 20 3.4149 -36.6312 1 0 0 0 0.0783 0.9969 0 0.9969 -0.0783 80.dat
1 135 20 3.8454 -31.1477 1 0 0 0 0.0783 0.9969 0 0.9969 -0.0783 80.dat
1 135 20 4.2744 -25.6559 1 0 0 0 0.0775 0.997 0 0.997 -0.0775 80.dat
1 135 20 4.6974 -20.1597 1 0 0 0 0.0759 0.9971 0 0.9971 -0.0759 80.dat
1 135 20 5.1086 -14.6674 1 0 0 0 0.0732 0.9973 0 0.9973 -0.0732 80.dat
1 135 20 5.5004 -9.1738 1 0 0 0 0.0687 0.9976 0 0.9976 -0.0687 80.dat
1 135 20 5.8612 -3.685 1 0 0 0 0.0618 0.9981 0 0.9981 -0.0618 80.dat
1 135 20 6.1758 1.8093 1 0 0 0 0.0516 0.9987 0 0.9987 -0.0516 80.dat
1 135 20 6.4234 7.305 1 0 0 0 0.0371 0.9993 0 0.9993 -0.0371 80.dat
1 135 20 6.5816 12.8086 1 0 0 0 0.0186 0.9998 0 0.9998 -0.0186 80.dat
1 135 20 6.6318 18.3152 1 0 0 0 -0.0023 1 0 1 0.0023 80.dat
1 135 20 6.5675 23.8236 1 0 0 0 -0.0229 0.9997 0 0.9997 0.0229 80.dat
1 135 20 6.3981 29.3251 1 0 0 0 -0.0403 0.9992 0 0.9992 0.0403 80.dat
1 135 20 6.1437 34.8274 1 0 0 0 -0.0533 0.9986 0 0.9986 0.0533 80.dat
1 135 20 5.8283 40.3217 1 0 0 0 -0.0622 0.9981 0 0.9981 0.0622 80.dat
1 135 20 5.4722 45.8114 1 0 0 0 -0.0678 0.9977 0 0.9977 0.0678 80.dat
1 135 20 5.0904 51.3033 1 0 0 0 -0.0712 0.9975 0 0.9975 0.0712 80.dat
1 135 20 4.6936 56.7943 1 0 0 0 -0.0731 0.9973 0 0.9973 0.0731 80.dat
1 135 20 4.2887 62.2907 1 0 0 0 -0.0739 0.9973 0 0.9973 0.0739 80.dat
1 135 20 3.881 67.785 1 0 0 0 -0.0741 0.9973 0 0.9973 0.0741 80.dat
1 135 20 3.4739 73.2714 1 0 0 0 -0.0739 0.9973 0 0.9973 0.0739 80.dat
1 135 20 3.0671 78.759 1 0 0 0 -0.0739 0.9973 0 0.9973 0.0739 80.dat
1 135 20 2.6603 84.2463 1 0 0 0 -0.074 0.9973 0 0.9973 0.074 79.dat
0 SYNTH SYNTHESIZED END
0 SYNTH END
0 
0
0 FILE Part 3.ldr
0 Part 3
0 Name: Part 3.ldr
0 Author: R Paluczak
0 Unofficial Model
0 ROTATION CENTER 0 0 0 1 "Custom" 
0 ROTATION CONFIG 0 0
1 8 0 0 0 0 -1 0 1 0 0 0 0 1 32278.dat
1 0 10 0 120 -1 0 0 0 -0.99725 -0.0741085 0 -0.0741085 0.99725 2780.dat
1 7 10 0 -80 1 0 0 0 -0.996917 -0.0784591 0 0.0784591 -0.996917 3749.dat
1 7 20 -2.358 -50.092 0 0 1 0.0784591 0.996917 0 -0.996917 0.0784591 0 3749.dat
1 7 20 -2.227 90.082 0 0 -1 0.0741085 0.99725 0 0.99725 -0.0741085 0 3749.dat
1 0 20 -1.566 -60.062 1 0 0 0 0.996917 -0.0784591 0 0.0784591 0.996917 32039.dat
1 0 20 0 120 1 0 0 0 0.99725 0.0741085 0 -0.0741085 0.99725 32013.dat
0 SYNTH BEGIN TECHNIC_RIBBED_HOSE 135
0 1 7 20 2.358 -50.092 0 0 -1 0.996917 -0.0784591 0 -0.0784591 -0.996917 0 LS02.dat
0 1 7 20 3.924 -30.153 0 0 -1 0.996917 -0.0784591 0 -0.0784591 -0.996917 0 LS02.dat
0 1 7 20 3.706 70.136 0 0 -1 0.99725 0.0741085 0 0.0741085 -0.99725 0 LS02.dat
0 1 7 20 2.227 90.082 0 0 -1 0.99725 0.0741085 0 0.0741085 -0.99725 0 LS02.dat
0 SYNTH SHOW
0 SYNTH SYNTHESIZED BEGIN
1 135 20 -2.554 -47.6 -1 0 0 0 0.0784 -0.9969 0 -0.9969 -0.0784 79.dat
1 135 20 -2.985 -42.116 -1 0 0 0 -0.0782 -0.9969 0 0.9969 -0.0782 80.dat
1 135 20 -3.415 -36.631 -1 0 0 0 -0.0783 -0.9969 0 0.9969 -0.0783 80.dat
1 135 20 -3.845 -31.148 -1 0 0 0 -0.0783 -0.9969 0 0.9969 -0.0783 80.dat
1 135 20 -4.274 -25.656 -1 0 0 0 -0.0775 -0.997 0 0.997 -0.0775 80.dat
1 135 20 -4.697 -20.16 -1 0 0 0 -0.0759 -0.9971 0 0.9971 -0.0759 80.dat
1 135 20 -5.109 -14.667 -1 0 0 0 -0.0732 -0.9973 0 0.9973 -0.0732 80.dat
1 135 20 -5.5 -9.174 -1 0 0 0 -0.0687 -0.9976 0 0.9976 -0.0687 80.dat
1 135 20 -5.861 -3.685 -1 0 0 0 -0.0618 -0.9981 0 0.9981 -0.0618 80.dat
1 135 20 -6.176 1.809 -1 0 0 0 -0.0516 -0.9987 0 0.9987 -0.0516 80.dat
1 135 20 -6.423 7.305 -1 0 0 0 -0.0371 -0.9993 0 0.9993 -0.0371 80.dat
1 135 20 -6.582 12.809 -1 0 0 0 -0.0186 -0.9998 0 0.9998 -0.0186 80.dat
1 135 20 -6.632 18.315 -1 0 0 0 0.0023 -1 0 1 0.0023 80.dat
1 135 20 -6.568 23.824 -1 0 0 0 0.0229 -0.9997 0 0.9997 0.0229 80.dat
1 135 20 -6.398 29.325 -1 0 0 0 0.0403 -0.9992 0 0.9992 0.0403 80.dat
1 135 20 -6.144 34.827 -1 0 0 0 0.0533 -0.9986 0 0.9986 0.0533 80.dat
1 135 20 -5.828 40.322 -1 0 0 0 0.0622 -0.9981 0 0.9981 0.0622 80.dat
1 135 20 -5.472 45.811 -1 0 0 0 0.0678 -0.9977 0 0.9977 0.0678 80.dat
1 135 20 -5.09 51.303 -1 0 0 0 0.0712 -0.9975 0 0.9975 0.0712 80.dat
1 135 20 -4.694 56.794 -1 0 0 0 0.0731 -0.9973 0 0.9973 0.0731 80.dat
1 135 20 -4.289 62.291 -1 0 0 0 0.0739 -0.9973 0 0.9973 0.0739 80.dat
1 135 20 -3.881 67.785 -1 0 0 0 0.0741 -0.9973 0 0.9973 0.0741 80.dat
1 135 20 -3.474 73.271 -1 0 0 0 0.0739 -0.9973 0 0.9973 0.0739 80.dat
1 135 20 -3.067 78.759 -1 0 0 0 0.0739 -0.9973 0 0.9973 0.0739 80.dat
1 135 20 -2.66 84.246 -1 0 0 0 0.074 -0.9973 0 0.9973 0.074 79.dat
0 SYNTH SYNTHESIZED END
0 SYNTH END
0 
0
0 FILE Part 4.ldr
0 Part 4
0 Name: Part 4.ldr
0 Author: R Paluczak
0 Unofficial Model
0 ROTATION CENTER 0 0 0 1 "Custom" 
0 ROTATION CONFIG 0 0
1 0 -100 40 0 1 0 0 0 1 0 0 0 1 32062.dat
1 0 -100 40 80 1 0 0 0 1 0 0 0 1 32062.dat
1 0 -100 0 0 1 0 0 0 1 0 0 0 1 32062.dat
1 0 -115 40 0 0 1 0 -1 0 0 0 0 1 32250.dat
1 0 -85 40 0 0 1 0 -1 0 0 0 0 1 32250.dat
1 0 -100 30 150 0 0 1 0 1 0 -1 0 0 Part 6.ldr
1 4 -90 40 40 -1 0 0 0 1 0 0 0 -1 32054.dat
0
0 FILE Part 5.ldr
0 Part 5
0 Name: Part 5.ldr
0 Author: R Paluczak
0 Unofficial Model
0 ROTATION CENTER 0 0 0 1 "Custom" 
0 ROTATION CONFIG 0 0
1 7 10 0 0 1 0 0 0 1 0 0 0 1 3701.dat
1 7 10 0 -20 1 0 0 0 1 0 0 0 1 3701.dat
1 7 10 24 -10 1 0 0 0 1 0 0 0 1 3832.dat
1 7 10 24 -40 1 0 0 0 1 0 0 0 1 3023.dat
1 7 10 24 20 1 0 0 0 1 0 0 0 1 3023.dat
1 7 -70 32 -10 1 0 0 0 1 0 0 0 1 4032b.dat
1 7 90 32 -10 1 0 0 0 1 0 0 0 1 4032b.dat
1 0 -70 40 -10 1 0 0 0 1 0 0 0 1 2654.dat
1 0 90 40 -10 1 0 0 0 1 0 0 0 1 2654.dat
1 0 10 40 -90 0 0 -1 0 1 0 1 0 0 2654.dat
1 0 10 40 70 0 0 -1 0 1 0 1 0 0 2654.dat
1 7 60 0 -10 0 0 -1 0 1 0 1 0 0 3298.dat
1 7 -40 0 -10 0 0 1 0 1 0 -1 0 0 3298.dat
1 7 10 32 -10 0 0 -1 0 1 0 1 0 0 3832.dat
1 7 10 8 40 -1 0 0 0 1 0 0 0 -1 3298.dat
1 7 10 8 -60 1 0 0 0 1 0 0 0 1 3298.dat
1 0 10 10 -10 0 0 -1 0 1 0 1 0 0 2780.dat
1 0 -10 10 10 0 0 -1 0 1 0 1 0 0 2780.dat
1 0 30 10 10 0 0 -1 0 1 0 1 0 0 2780.dat
1 0 10 -38 20 -1 0 0 0 1 0 0 0 -1 32333.dat
1 0 10 -38 -40 -1 0 0 0 1 0 0 0 -1 32333.dat
1 0 30 10 -30 0 0 -1 0 1 0 1 0 0 2780.dat
1 0 -10 10 -30 0 0 -1 0 1 0 1 0 0 2780.dat
0
0 FILE Part 6.ldr
0 Part 6
0 Name: Part 6.ldr
0 Author: R Paluczak
0 Unofficial Model
0 ROTATION CENTER 0 0 0 1 "Custom" 
0 ROTATION CONFIG 0 0
1 8 10 0 0 1 0 0 0 1 0 0 0 1 3895.dat
1 0 -90 10 0 0 0 -1 0 1 0 1 0 0 3705.dat
1 0 -70 10 0 0 0 -1 0 1 0 1 0 0 6558.dat
1 7 -90 10 -15 -1 0 0 0 1 0 0 0 -1 32123a.dat
1 7 -90 10 15 -1 0 0 0 1 0 0 0 -1 32123a.dat
0
0 FILE Part 7.ldr
0 Part 7
0 Name: Part 7.ldr
0 Author: R Paluczak
0 Unofficial Model
0 ROTATION CENTER 0 0 0 1 "Custom" 
0 ROTATION CONFIG 0 0
1 0 -100 40 0 1 0 0 0 1 0 0 0 1 32062.dat
1 0 -100 40 80 1 0 0 0 1 0 0 0 1 32062.dat
1 0 -100 0 0 1 0 0 0 1 0 0 0 1 32062.dat
1 0 -115 40 0 0 1 0 -1 0 0 0 0 1 32250.dat
1 0 -85 40 0 0 1 0 -1 0 0 0 0 1 32250.dat
1 0 -100 30 150 0 0 1 0 1 0 -1 0 0 Part 6.ldr
1 4 -110 40 40 1 0 0 0 1 0 0 0 1 32054.dat
0 
0
0 FILE Part 8.ldr
0 Part 8
0 Name: Part 8.ldr
0 Author: R Paluczak
0 Unofficial Model
0 ROTATION CENTER 0 0 0 1 "Custom" 
0 ROTATION CONFIG 0 0
1 8 -110 48 0 1 0 0 0 1 0 0 0 1 32192.dat
1 7 -100 48 0 1 0 0 0 1 0 0 0 1 3749.dat
1 8 -80 48 0 0 0 -1 0 1 0 1 0 0 6538a.dat
1 7 20 48 0 -1 0 0 0 1 0 0 0 -1 3749.dat
1 8 0 48 0 0 0 1 0 1 0 -1 0 0 6538a.dat
1 0 -40 48 0 1 0 0 0 1 0 0 0 1 3705.dat
1 8 -110 48 -90 -1 0 0 0 1 0 0 0 -1 6538a.dat
1 0 -110 48 -50 0 0 -1 0 1 0 1 0 0 3705.dat
1 0 -110 48 -150 0 0 -1 0 1 0 1 0 0 3706.dat
1 0 30 48 -150 0 0 -1 0 1 0 1 0 0 3706.dat
1 8 30 48 -90 -1 0 0 0 1 0 0 0 -1 6538a.dat
1 0 30 48 -50 0 0 -1 0 1 0 1 0 0 3705.dat
1 0 -110 -13.849 61.594 0 0 1 0.707107 0.707107 0 -0.707107 0.707107 0 3707.dat
1 8 30 48 0 1 0 0 0 1 0 0 0 1 32192.dat
1 0 30 -13.849 61.594 0 0 1 0.707107 0.707107 0 -0.707107 0.707107 0 3707.dat
1 8 30 48 -220 -1 0 0 0 1 0 0 0 -1 32192.dat
1 7 20 48 -220 -1 0 0 0 1 0 0 0 -1 3749.dat
1 8 0 48 -220 0 0 1 0 1 0 -1 0 0 6538a.dat
1 7 -100 48 -220 1 0 0 0 1 0 0 0 1 3749.dat
1 8 -80 48 -220 0 0 -1 0 1 0 1 0 0 6538a.dat
1 0 -40 48 -220 -1 0 0 0 1 0 0 0 -1 3705.dat
1 0 30 -13.849 -281.594 0 0 -1 0.707107 0.707107 0 0.707107 -0.707107 0 3707.dat
1 8 -110 48 -220 -1 0 0 0 1 0 0 0 -1 32192.dat
1 0 -110 -13.849 -281.594 0 0 -1 0.707107 0.707107 0 0.707107 -0.707107 0 3707.dat
0
0 FILE Part 9.ldr
0 Part 9
0 Name: Part 9.ldr
0 Author: R Paluczak
0 Unofficial Model
0 ROTATION CENTER 0 0 0 1 "Custom" 
0 ROTATION CONFIG 0 0
1 135 80 24 0 1 0 0 0 1 0 0 0 1 32190.dat
1 135 80 24 -40 -1 0 0 0 1 0 0 0 -1 32189.dat
0
0 FILE Part 10.ldr
0 Part 10
0 Name: Part 10.ldr
0 Author: R Paluczak
0 Unofficial Model
0 ROTATION CENTER 0 0 0 1 "Custom" 
0 ROTATION CONFIG 0 0
1 135 50 0 0 1 0 0 0 1 0 0 0 1 32191.dat
1 135 50 0 -40 -1 0 0 0 1 0 0 0 -1 22972.dat
0
0 FILE Part 11.ldr
0 Part 11
0 Name: Part 11.ldr
0 Author: R Paluczak
0 Unofficial Model
0 ROTATION CENTER 0 0 0 1 "Custom" 
0 ROTATION CONFIG 0 0
1 8 0 24 0 1 0 0 0 1 0 0 0 1 3701.dat
1 8 77.593 -68.232 0 0.540974 -0.841039 0 0.841039 0.540974 0 0 0 1 3701.dat
1 8 77.593 -68.232 -100 0.540974 -0.841039 0 0.841039 0.540974 0 0 0 1 3701.dat
1 8 -16.131 -46.376 0 -0.975342 -0.220697 0 0.220697 -0.975342 0 0 0 1 Part 12.ldr
1 8 -16.131 -46.376 -140 -0.975342 -0.220697 0 0.220697 -0.975342 0 0 0 1 Part 13.ldr
1 8 0 24 -100 1 0 0 0 1 0 0 0 1 3701.dat
1 0 20 16 -50 0 0 -1 0 1 0 1 0 0 3795.dat
1 0 -44.122 -71.243 -50 0 0.911762 -0.410719 0 0.410719 0.911762 1 0 0 3666.dat
1 7 -89.728 -47.914 -50 0 0.911762 -0.410719 0 0.410719 0.911762 1 0 0 3666.dat
1 7 -82.434 -44.628 0 0 0.911762 -0.410719 0 0.410719 0.911762 1 0 0 4286.dat
1 7 -82.434 -44.628 -100 0 0.911762 -0.410719 0 0.410719 0.911762 1 0 0 4286.dat
1 7 -82.434 -44.628 -50 0 0.911762 -0.410719 0 0.410719 0.911762 1 0 0 3298.dat
1 0 -79.888 -10.499 -50 0 0.911762 -0.410719 0 0.410719 0.911762 1 0 0 3795.dat
1 7 -91.29 -4.67 -50 0 0.911762 -0.410719 0 0.410719 0.911762 1 0 0 3710.dat
1 7 -97.662 -29.475 0 0 0.911762 0.410719 0 0.410719 -0.911762 -1 0 0 3040b.dat
1 7 -97.662 -29.475 -100 0 0.911762 0.410719 0 0.410719 -0.911762 -1 0 0 3040b.dat
1 8 80 34 20 0 0 1 -1 0 0 0 -1 0 32009.dat
1 0 20 34 10 0 0 1 0 1 0 -1 0 0 2780.dat
1 0 20 34 -110 0 0 1 0 1 0 -1 0 0 2780.dat
1 0 -20 34 20 0 0 -1 0 1 0 1 0 0 6558.dat
1 0 -20 34 -120 0 0 1 0 1 0 -1 0 0 6558.dat
1 0 -80 34 -50 0 0 -1 0 1 0 1 0 0 3707.dat
1 0 -80 34 -50 0 0 -1 0 1 0 1 0 0 75535.dat
1 7 -100 34 -20 0 0 -1 0 1 0 1 0 0 32039.dat
1 7 80 -46 -20 -1 0 0 0 1 0 0 0 -1 3713.dat
1 7 80 -46 -80 -1 0 0 0 1 0 0 0 -1 3713.dat
1 7 10 34 40 -1 0 0 0 1 0 0 0 -1 3749.dat
1 7 -20 34 40 0 0 -1 0 -1 0 -1 0 0 32013.dat
1 7 10 34 -140 -1 0 0 0 1 0 0 0 -1 3749.dat
1 7 -20 34 -140 0 0 -1 0 -1 0 -1 0 0 32013.dat
1 135 30 -16 -140 0 0 -1 0 1 0 1 0 0 32190.dat
1 135 30 -16 40 0 0 -1 0 1 0 1 0 0 32191.dat
1 7 30 -65 40 -1 0 0 0 1 0 0 0 -1 3749.dat
1 7 0 -65 40 0 0 -1 0 -1 0 -1 0 0 32013.dat
1 7 30 -65 -140 -1 0 0 0 1 0 0 0 -1 3749.dat
1 7 0 -65 -140 0 0 -1 0 -1 0 -1 0 0 32013.dat
1 7 -100 34 -80 0 0 -1 0 1 0 1 0 0 32039.dat
1 36 -94 34 -80 0 -1 0 0 0 -1 1 0 0 30374.dat
1 36 -94 34 -20 0 -1 0 0 0 -1 1 0 0 30374.dat
1 0 80 -46 -50 0 0 -1 0 1 0 1 0 0 3737.dat
1 0 80 -6 -90 1 0 0 0 0 -1 0 1 0 Part 14.ldr
1 8 80 34 -120 0 0 1 -1 0 0 0 -1 0 32009.dat
0
0 FILE Part 12.ldr
0 Part 12
0 Name: Part 12.ldr
0 Author: R Paluczak
0 Unofficial Model
0 ROTATION CENTER 0 0 0 1 "Custom" 
0 ROTATION CONFIG 0 0
1 7 -80 16 10 0 0 -1 0 1 0 1 0 0 3749.dat
1 0 32 0 10 0 0 -1 0 1 0 1 0 0 2780.dat
1 0 -20 15 30 0 0 -1 0 1 0 1 0 0 2780.dat
1 0 -20 15 30 0 0 -1 0 1 0 1 0 0 2780.dat
1 8 -80 15 20 0 0 1 -1 0 0 0 -1 0 6629.dat
1 8 64 -26 0 0.601815 -0.798636 0 -0.798636 -0.601815 0 0 0 -1 3894.dat
1 7 56 -32 10 0 0.809017 -0.587785 0 0.587785 0.809017 1 0 0 3749.dat
0
0 FILE Part 13.ldr
0 Part 13
0 Name: Part 13.ldr
0 Author: R Paluczak
0 Unofficial Model
0 ROTATION CENTER 0 0 0 1 "Custom" 
0 ROTATION CONFIG 0 0
1 7 -80 15 30 0 0 1 0 1 0 -1 0 0 3749.dat
1 0 -20 15 10 0 0 -1 0 1 0 1 0 0 2780.dat
1 0 32 0 30 0 0 -1 0 1 0 1 0 0 2780.dat
1 8 -80 15 20 0 0 1 -1 0 0 0 -1 0 6629.dat
1 8 64 -26 40 0.601815 -0.798636 0 -0.798636 -0.601815 0 0 0 -1 3894.dat
1 7 56 -33 30 0 -0.587785 0.809017 0 0.809017 0.587785 -1 0 0 3749.dat
0
0 FILE Part 14.ldr
0 Part 14
0 Name: Part 14.ldr
0 Author: R Paluczak
0 Unofficial Model
0 ROTATION CENTER 0 0 0 1 "Custom" 
0 ROTATION CONFIG 0 0
1 0 -20 56 0 1 0 0 0 1 0 0 0 1 6632.dat
1 0 -20 24 0 1 0 0 0 1 0 0 0 1 6632.dat
1 0 -20 40 40 0 1 0 -1 0 0 0 0 1 32062.dat
1 0 -20 40 0 0 1 0 -1 0 0 0 0 1 32062.dat
1 0 0 40 0 0 0 1 -1 0 0 0 -1 0 32039.dat
1 0 30 40 0 1 0 0 0 0 1 0 -1 0 3705.dat
1 7 65 40 0 0 0 -1 1 0 0 0 -1 0 32123a.dat
1 0 10 40 0 0 0 1 0 1 0 -1 0 0 2994.dat
1 0 40 40 0 0 0 1 0 1 0 -1 0 0 2994.dat
1 0 0 50 60 1 0 0 0 0 1 0 -1 0 6558.dat
1 0 0 30 60 1 0 0 0 0 1 0 -1 0 6558.dat
1 0 -20 40 40 0 0 -1 -1 0 0 0 1 0 32291.dat
1 0 0 50 40 0 0 -1 -1 0 0 0 1 0 6536.dat
1 0 0 30 40 0 0 -1 -1 0 0 0 1 0 6536.dat
0
0
