0 FILE BARC Speeder with Sidecar.ldr
0 BARC Speeder with Sidecar
0 Name: BARC Speeder with Sidecar.ldr
0 Author: R Paluczak
0 Unofficial Model
0 ROTATION CENTER 0 0 0 1 "Custom" 
0 ROTATION CONFIG 0 0
1 0 -120 32 790 1 0 0 0 1 0 0 0 1 Part 1.ldr
1 0 -430 -16 520 0 0 1 0 1 0 -1 0 0 Obi-Wan Kenobi.ldr
1 0 -430 -16 410 0 0 1 0 1 0 -1 0 0 Captain Rex.ldr
1 0 -420 -32 650 0 0 1 0 1 0 -1 0 0 Commando Droid.ldr
1 0 -430 -32 750 0 0 1 0 1 0 -1 0 0 Commando Droid.ldr
1 0 40 24 380 1 0 0 0 1 0 0 0 1 Part 2.ldr
0
0 FILE Obi-Wan Kenobi.ldr
0 Obi-Wan Kenobi
0 Name: Obi-Wan Kenobi.ldr
0 Author: R Paluczak
0 Unofficial Model
0 ROTATION CENTER 0 0 0 1 "Custom" 
0 ROTATION CONFIG 0 0
1 484 0 -24 0 1 0 0 0 1 0 0 0 1 3901.dat
1 78 0 -24 0 1 0 0 0 1 0 0 0 1 3626bps9.dat
1 19 0 0 0 1 0 0 0 1 0 0 0 1 973pr3.dat
1 19 0 32 0 1 0 0 0 1 0 0 0 1 3815.dat
1 19 -15.552 9 0 0.985 -0.17 0 0.17 0.985 0 0 0 1 3818.dat
1 19 15.552 9 0 0.985 0.17 0 -0.17 0.985 0 0 0 1 3819.dat
1 0 -23.8634 26.5956 -10.321 0.985 -0.12019 0.12019 0.17 0.696395 -0.696395 0 0.707 0.707 3820.dat
1 0 23.8634 26.5956 -10.321 0.985 0.12019 -0.12019 -0.17 0.696395 -0.696395 0 0.707 0.707 3820.dat
1 43 -23.1951 22.7236 -33.8217 0.985 -0.0874983 0.14567 0.17 0.506976 -0.844031 0 0.856884 0.514696 577c01.dat
1 84 0 44 0 1 0 0 0 1 0 0 0 1 3816.dat
1 84 0 44 0 1 0 0 0 1 0 0 0 1 3817.dat
0
0 FILE Captain Rex.ldr
0 Captain Rex
0 Name: Captain Rex.ldr
0 Author: R Paluczak
0 Unofficial Model
0 ROTATION CENTER 0 0 0 1 "Custom" 
0 ROTATION CONFIG 0 0
1 15 0 -24 0 1 0 0 0 1 0 0 0 1 30408p01.dat
1 78 0 -24 0 1 0 0 0 1 0 0 0 1 3626bp01.dat
1 15 0 0 0 1 0 0 0 1 0 0 0 1 973psu.dat
1 0 0 32 0 1 0 0 0 1 0 0 0 1 3815.dat
1 1 -15.552 9 0 0.985 -0.17 0 0.17 0.985 0 0 0 1 3818.dat
1 1 15.552 9 0 0.985 0.17 0 -0.17 0.985 0 0 0 1 3819.dat
1 0 -23.8634 26.5956 -10.321 0.985 -0.12019 0.12019 0.17 0.696395 -0.696395 0 0.707 0.707 3820.dat
1 0 23.8634 26.5956 -10.321 0.985 0.12019 -0.12019 -0.17 0.696395 -0.696395 0 0.707 0.707 3820.dat
1 0 -24.6826 31.3422 -19.2547 0.985 -0.0874983 0.14567 0.17 0.506976 -0.844031 0 0.856884 0.514696 61190a.dat
1 0 24.6826 31.3422 -19.2547 0.985 0.0874983 -0.14567 -0.17 0.506976 -0.844031 0 0.856884 0.514696 61190a.dat
1 15 0 44 0 1 0 0 0 1 0 0 0 1 3816.dat
1 15 0 44 0 1 0 0 0 1 0 0 0 1 3817.dat
0
0 FILE Commando Droid.ldr
0 Commando Droid
0 Name: Commando Droid.ldr
0 Author: R Paluczak
0 Unofficial Model
0 ROTATION CENTER 0 0 0 1 "Custom" 
0 ROTATION CONFIG 0 0
1 308 0 8 0 1 0 0 0 1 0 0 0 1 30378.dat
1 308 0 40 0 1 0 0 0 1 0 0 0 1 30375.dat
1 308 -16 8 0 1 0 0 0 0.83147 0.55557 0 -0.55557 0.83147 59230.dat
1 0 -16 33.48 -33.864 1 0 0 0 0.55557 -0.83147 0 0.83147 0.55557 57899.dat
1 308 16 8 0 1 0 0 0 1 0 0 0 1 30377.dat
1 308 0 78 0 1 0 0 0 1 0 0 0 1 30376.dat
0
0 FILE Part 1.ldr
0 Part 1
0 Name: Part 1.ldr
0 Author: R Paluczak
0 Unofficial Model
0 ROTATION CENTER 0 0 0 1 "Custom" 
0 ROTATION CONFIG 0 0
1 72 -60 -16 0 1 0 0 0 1 0 0 0 1 3020.dat
1 72 100 -56 0 0 0 -1 0 1 0 1 0 0 93606.dat
1 72 130 -32 0 0 0 -1 0 1 0 1 0 0 3710.dat
1 72 -10 -56 0 0 0 -1 0 1 0 1 0 0 3794b.dat
1 72 -105 -74 0 0 0.707107 0.707107 0 0.707107 -0.707107 -1 0 0 6019.dat
1 47 -105 -74 0 0 0.707107 0.707107 0 0.707107 -0.707107 -1 0 0 54200.dat
1 72 10 -56 0 0 0 -1 0 1 0 1 0 0 3794b.dat
1 72 30 -56 0 0 0 -1 0 1 0 1 0 0 3794b.dat
1 72 50 -56 0 0 0 -1 0 1 0 1 0 0 3794b.dat
1 72 -90 -40 0 0 0 -1 0 1 0 1 0 0 3004.dat
1 72 0 -48 10 -1 0 0 0 1 0 0 0 -1 44728.dat
1 72 0 -48 -10 1 0 0 0 1 0 0 0 1 44728.dat
1 1 -90 -48 0 0 0 1 0 1 0 -1 0 0 44728.dat
1 1 -112 -8 0 0 1 0 0 0 -1 -1 0 0 30602.dat
1 0 -90 -56 0 0 0 -1 0 1 0 1 0 0 2540.dat
1 72 50 -48 -20 0 0 -1 0 1 0 1 0 0 43722.dat
1 72 50 -48 20 0 0 -1 0 1 0 1 0 0 43723.dat
1 72 -10 -28 32 0 0 1 -1 0 0 0 -1 0 43722.dat
1 72 -10 -28 -32 0 0 1 1 0 0 0 1 0 43723.dat
1 72 0 -38 -32 0 0 -1 -1 0 0 0 1 0 61409.dat
1 72 0 -38 32 0 0 -1 1 0 0 0 -1 0 61409.dat
1 15 60 -40 0 1 0 0 0 1 0 0 0 1 3020.dat
1 72 -80 0 0 1 0 0 0 1 0 0 0 1 2654.dat
1 71 -20 -8 0 1 0 0 0 1 0 0 0 1 3795.dat
1 71 -112 -38 0 0 1 0 0 0 1 1 0 0 3023.dat
1 72 -120 -38 0 0 1 0 0 0 1 1 0 0 2540.dat
1 72 -136 -38 0 0 1 0 0 0 1 1 0 0 47458.dat
1 71 -112 -8 0 0 1 0 0 0 -1 -1 0 0 4600.dat
1 71 -73.88 14.98 -32 -0.55557 0 0.83147 0.83147 0 0.55557 0 1 0 4735.dat
1 71 -73.88 14.98 32 0.55557 0 0.83147 -0.83147 0 0.55557 0 -1 0 4735.dat
1 71 -90 -8 0 0 0 1 0 1 0 -1 0 0 99781.dat
1 71 130 -24 -20 0 0 1 0 1 0 -1 0 0 60478.dat
1 71 130 -24 -50 0 -1 0 0.92388 0 0.382683 -0.382683 0 0.92388 30259.dat
1 71 130 -24 50 0 -1 0 -0.92388 0 0.382683 -0.382683 0 -0.92388 30259.dat
1 71 130 -24 20 0 0 -1 0 1 0 1 0 0 60478.dat
1 71 10 -40 0 0 0 1 0 1 0 -1 0 0 3023.dat
1 1 0 -32 -10 0 0 -1 0 1 0 1 0 0 42023.dat
1 1 -10 -48 -10 0 0 1 0 1 0 -1 0 0 6091.dat
1 1 -10 -80 0 0 0 -1 0 1 0 1 0 0 60477.dat
1 1 -10 -48 10 0 0 1 0 1 0 -1 0 0 6091.dat
1 1 -30 -38 -32 0 0 1 1 0 0 0 1 0 54200.dat
1 1 -30 -38 32 0 0 1 -1 0 0 0 -1 0 54200.dat
1 1 0 -32 10 0 0 -1 0 1 0 1 0 0 42023.dat
1 47 -20 0 0 0 0 -1 0 1 0 1 0 0 6143.dat
0
0 FILE Part 2.ldr
0 Part 2
0 Name: Part 2.ldr
0 Author: R Paluczak
0 Unofficial Model
0 
0 ROTATION CENTER 0 0 0 1 "Custom" 
0 ROTATION CONFIG 0 0
1 71 -30 -8 0 1 0 0 0 1 0 0 0 1 3034.dat
1 71 -140 0 0 0 0 -1 0 1 0 1 0 0 32000.dat
1 71 -80 0 0 0 0 -1 0 1 0 1 0 0 32000.dat
1 71 -55 10 10 0 0 -1 0 1 0 1 0 0 32123b.dat
1 71 -55 10 -10 0 0 -1 0 1 0 1 0 0 32123b.dat
1 71 -165 10 -10 0 0 1 0 1 0 -1 0 0 32123b.dat
1 71 -165 10 10 0 0 1 0 1 0 -1 0 0 32123b.dat
1 71 -30 0 0 0 0 -1 0 1 0 1 0 0 3176.dat
1 71 30 -24 0 1 0 0 0 1 0 0 0 1 3023.dat
1 71 -250 -8 0 1 0 0 0 1 0 0 0 1 91988.dat
1 71 -380 16 0 1 0 0 0 1 0 0 0 1 3021.dat
1 71 -360 8 0 1 0 0 0 1 0 0 0 1 3021.dat
1 0 -340 16 -10 1 0 0 0 1 0 0 0 1 4081b.dat
1 0 -340 16 10 -1 0 0 0 1 0 0 0 -1 4081b.dat
1 0 -320 18 -30 0 0.438371 0.898794 0 -0.898794 0.438371 1 0 0 30088.dat
1 0 -320 18 30 0 0.438371 0.898794 0 -0.898794 0.438371 1 0 0 30088.dat
1 0 -27.202 -60.069 -40 0 0.438371 0.898794 1 0 0 0 0.898794 -0.438371 30088.dat
1 0 -27.202 -60.069 40 0 0.438371 0.898794 -1 0 0 0 -0.898794 0.438371 30088.dat
1 71 -370 -16 0 1 0 0 0 1 0 0 0 1 3068b.dat
1 71 -170 -32 0 0 0 1 0 1 0 -1 0 0 85970.dat
1 71 -70 -72 0 0 0 -1 0 1 0 1 0 0 42022.dat
1 71 -170 -40 0 1 0 0 0 1 0 0 0 1 92280.dat
1 0 -160 -48 0 0 0 1 0 1 0 -1 0 0 30031.dat
1 320 -240 -16 0 0 0 -1 0 1 0 1 0 0 3794b.dat
1 320 -40 -40 0 0 0 -1 0 1 0 1 0 0 3004.dat
1 320 -260 -16 0 0 0 -1 0 1 0 1 0 0 3794b.dat
1 320 -280 -16 0 0 0 -1 0 1 0 1 0 0 3794b.dat
1 320 -300 -16 0 0 0 -1 0 1 0 1 0 0 3794b.dat
1 320 -160 -24 0 0 0 -1 0 1 0 1 0 0 3794b.dat
1 320 -180 -24 0 0 0 -1 0 1 0 1 0 0 3794b.dat
1 320 -200 -24 0 0 0 -1 0 1 0 1 0 0 3794b.dat
1 320 -220 -24 0 0 0 -1 0 1 0 1 0 0 3794b.dat
1 320 0 -48 0 0 0 -1 0 1 0 1 0 0 3794b.dat
1 320 -20 -48 0 0 0 -1 0 1 0 1 0 0 3794b.dat
1 320 -40 -48 0 0 0 -1 0 1 0 1 0 0 3794b.dat
1 320 -60 -48 0 0 0 -1 0 1 0 1 0 0 3794b.dat
1 320 -80 -48 0 0 0 -1 0 1 0 1 0 0 3794b.dat
1 320 -320 -16 0 0 0 -1 0 1 0 1 0 0 3794b.dat
1 320 -340 -16 0 0 0 -1 0 1 0 1 0 0 3794b.dat
1 71 -10 -32 -10 1 0 0 0 1 0 0 0 1 32064b.dat
1 71 -10 -32 10 1 0 0 0 1 0 0 0 1 32064b.dat
1 72 -130 -16 0 1 0 0 0 1 0 0 0 1 3832.dat
1 72 -350.599 -8 -44.236 0 -0.19509 0.980785 -1 0 0 0 -0.980785 -0.19509 6120.dat
1 71 -351 -8 -36 0.980785 -0.19509 0 0 0 1 -0.19509 -0.980785 0 2555.dat
1 72 -350.599 -8 43.764 0 -0.19509 0.980785 1 0 0 0 0.980785 0.19509 6120.dat
1 71 -351 -8 35.528 0.980785 -0.19509 0 0 0 -1 0.19509 0.980785 0 2555.dat
1 72 -54.599 -30 -74.236 0 -0.19509 0.980785 -1 0 0 0 -0.980785 -0.19509 6120.dat
1 71 -55 -30 -66 0.980785 -0.19509 0 0 0 1 -0.19509 -0.980785 0 2555.dat
1 72 -54.599 -30 73.764 0 -0.19509 0.980785 1 0 0 0 0.980785 0.19509 6120.dat
1 71 -55 -30 65.528 0.980785 -0.19509 0 0 0 -1 0.19509 0.980785 0 2555.dat
1 72 -370 24 0 1 0 0 0 1 0 0 0 1 3795.dat
1 72 -350 0 -10 1 0 0 0 1 0 0 0 1 88072.dat
1 72 -350 0 10 -1 0 0 0 1 0 0 0 -1 88072.dat
1 72 -380 0 0 0 0 1 0 1 0 -1 0 0 44567.dat
1 71 -420 24 0 0 0 1 0 1 0 -1 0 0 85984.dat
1 72 -110 24 0 1 0 0 0 1 0 0 0 1 3020.dat
1 72 -320 0 0 0 0 -1 0 1 0 1 0 0 3747b.dat
1 72 -80 10 70 0 1 0 -1 0 0 0 0 1 32294.dat
1 72 -140 10 70 0 -1 0 1 0 0 0 0 1 32294.dat
1 0 -110 10 150 1 0 0 0 1 0 0 0 1 2780.dat
1 72 -110 0 -10 1 0 0 0 1 0 0 0 1 2877.dat
1 72 -110 0 10 -1 0 0 0 1 0 0 0 -1 2877.dat
1 1 -70 10 10 1 0 0 0 1 0 0 0 1 3749.dat
1 1 -70 10 -10 1 0 0 0 1 0 0 0 1 3749.dat
1 1 -150 10 -10 -1 0 0 0 1 0 0 0 -1 3749.dat
1 1 -150 10 10 -1 0 0 0 1 0 0 0 -1 3749.dat
1 72 20 -48 0 0 0 -1 0 1 0 1 0 0 3040b.dat
1 72 30 0 0 0 0 -1 0 1 0 1 0 0 2654.dat
1 72 -50 -30 -25 0 0 -1 -1 0 0 0 1 0 41677.dat
1 72 -50 -30 25 0 0 -1 -1 0 0 0 1 0 41677.dat
1 72 -10 -22 58 0 0 1 0 1 0 -1 0 0 55013.dat
1 28 -10 -30 148 0 0 1 1 0 0 0 1 0 6587.dat
1 71 -10 -22 128 0 -1 0 -1 0 0 0 0 -1 32039.dat
1 71 -10 -7 148 0 -1 0 0 0 -1 1 0 0 32123b.dat
1 72 -10 -40 0 1 0 0 0 1 0 0 0 1 3022.dat
1 320 40 -16 0 0 0 -1 0 1 0 1 0 0 3794b.dat
1 320 20 -16 0 0 0 -1 0 1 0 1 0 0 3794b.dat
1 71 -70 -40 -10 1 0 0 0 1 0 0 0 1 32064b.dat
1 71 -80 -30 40 0 1 0 -1 0 0 0 0 1 32064b.dat
1 71 -88 -30 40 0 1 0 -1 0 0 0 0 1 3023.dat
1 72 -88 -30 40 0 1 0 0 0 1 1 0 0 61409.dat
1 71 -48 -20 40 0 1 0 -1 0 0 0 0 1 3024.dat
1 71 -56 -30 40 0 1 0 1 0 0 0 0 -1 48336.dat
1 71 -48 -40 40 0 1 0 0 0 1 1 0 0 4085c.dat
1 71 -40 -40 40 0 1 0 0 0 -1 -1 0 0 3665.dat
1 71 -70 -30 0 0 1 0 0 0 1 1 0 0 32073.dat
1 71 -80 -30 -40 0 1 0 -1 0 0 0 0 1 32064b.dat
1 71 -88 -30 -40 0 1 0 -1 0 0 0 0 1 3023.dat
1 72 -88 -30 -40 0 1 0 0 0 1 1 0 0 61409.dat
1 71 -48 -20 -40 0 1 0 -1 0 0 0 0 1 3024.dat
1 71 -56 -30 -40 0 1 0 -1 0 0 0 0 1 48336.dat
1 71 -48 -40 -40 0 1 0 0 0 1 1 0 0 4085c.dat
1 71 -40 -40 -40 0 1 0 0 0 -1 -1 0 0 3665.dat
1 71 -70 -30 0 0 1 0 0 0 1 1 0 0 32073.dat
1 71 -70 -40 10 1 0 0 0 1 0 0 0 1 32064b.dat
1 71 -100 -48 0 0 0 1 0 1 0 -1 0 0 2432.dat
1 71 -400 -16 0 0 0 1 0 1 0 -1 0 0 2432.dat
1 71 -70 -24 148 1 0 0 0 1 0 0 0 1 Part 3.ldr
0
0 FILE Part 3.ldr
0 Part 3
0 Name: Part 3.ldr
0 Author: R Paluczak
0 Unofficial Model
0 ROTATION CENTER 0 0 0 1 "Custom" 
0 ROTATION CONFIG 0 0
1 71 -30 16 0 1 0 0 0 1 0 0 0 1 3034.dat
1 71 -80 24 -10 -1 0 0 0 1 0 0 0 -1 3665.dat
1 71 0 24 -10 -1 0 0 0 1 0 0 0 -1 3665.dat
1 47 0 48 -10 -1 0 0 0 1 0 0 0 -1 4073.dat
1 47 -80 48 -10 -1 0 0 0 1 0 0 0 -1 4073.dat
1 71 -40 -16 -10 1 0 0 0 1 0 0 0 1 6541.dat
1 71 -40 -16 10 1 0 0 0 1 0 0 0 1 6541.dat
1 71 -40 4 -30 1 0 0 0 0 1 0 -1 0 43857.dat
1 71 -40 4 30 1 0 0 0 0 1 0 -1 0 43857.dat
1 0 -40 -6 20 0 0 -1 0 1 0 1 0 0 2780.dat
1 0 -40 -6 -20 0 0 -1 0 1 0 1 0 0 2780.dat
1 71 -130 -6 30 -1 0 0 0 1 0 0 0 -1 61184.dat
1 71 -130 -6 -30 -1 0 0 0 1 0 0 0 -1 61184.dat
1 43 -130 -6 -30 0 1 0 1 0 0 0 0 -1 58176.dat
1 43 -130 -6 30 0 1 0 1 0 0 0 0 -1 58176.dat
1 71 30 24 0 0 0 -1 0 1 0 1 0 0 3176.dat
1 320 30 -16 0 0 0 -1 0 1 0 1 0 0 3176.dat
1 320 20 -32 0 -1 0 0 0 1 0 0 0 -1 3623.dat
1 320 10 -6 32 -1 0 0 0 0 -1 0 -1 0 3023.dat
1 320 10 -6 24 0 0 1 -1 0 0 0 -1 0 93273.dat
1 71 -120 16 0 0 0 1 0 1 0 -1 0 0 99781.dat
1 71 -150 36 -30 0 1 0 0 0 -1 -1 0 0 3070b.dat
1 71 -150 36 30 0 1 0 0 0 -1 -1 0 0 3070b.dat
1 71 -20 0 0 0 0 1 0 1 0 -1 0 0 3023.dat
1 320 -70 8 -10 1 0 0 0 1 0 0 0 1 3666.dat
1 320 -158 6 -10 0 1 0 0 0 1 1 0 0 50950.dat
1 320 -158 6 10 0 1 0 0 0 1 1 0 0 50950.dat
1 320 -20 -8 0 0 0 -1 0 1 0 1 0 0 3023.dat
1 320 -120 -8 0 0 0 -1 0 1 0 1 0 0 3023.dat
1 71 -120 -16 0 0 0 -1 0 1 0 1 0 0 3023.dat
1 320 -40 -24 0 0 0 -1 0 1 0 1 0 0 3794b.dat
1 320 0 -64 0 0 0 -1 0 1 0 1 0 0 3024.dat
1 320 20 -56 0 0 0 -1 0 1 0 1 0 0 3005.dat
1 320 40 -56 0 0 0 -1 0 1 0 1 0 0 3040b.dat
1 320 -20 -72 0 0 0 1 0 1 0 -1 0 0 60481.dat
1 320 10 -80 0 0 0 -1 0 1 0 1 0 0 61678.dat
1 320 -120 -32 0 0 0 -1 0 1 0 1 0 0 3794b.dat
1 320 -10 -6 -32 -1 0 0 0 0 1 0 1 0 3794b.dat
1 71 -20 -24 0 0 0 -1 0 1 0 1 0 0 3794b.dat
1 71 0 -46 -18 0 0 -1 -1 0 0 0 1 0 98138.dat
1 71 0 -46 18 0 0 1 -1 0 0 0 -1 0 98138.dat
1 71 -120 -40 0 0 0 1 0 1 0 -1 0 0 2555.dat
1 71 0 -24 0 0 0 -1 0 1 0 1 0 0 3794b.dat
1 71 20 -24 0 0 0 -1 0 1 0 1 0 0 3794b.dat
1 71 40 -24 0 0 0 -1 0 1 0 1 0 0 3794b.dat
1 320 -70 8 10 1 0 0 0 1 0 0 0 1 3666.dat
1 72 20 -8 0 1 0 0 0 1 0 0 0 1 3002.dat
1 72 0 -56 0 1 0 0 0 1 0 0 0 1 47905.dat
1 72 -10 -16 -10 1 0 0 0 1 0 0 0 1 44728.dat
1 72 -10 14 -24 0 0 -1 -1 0 0 0 1 0 61409.dat
1 72 -10 14 24 0 0 -1 1 0 0 0 -1 0 61409.dat
1 72 -120 -24 0 0 0 1 0 1 0 -1 0 0 44728.dat
1 72 -148.55 -52.05 0 0 0 -1 1 0 0 0 -1 0 30162.dat
1 72 -97.822 -39.874 0 0 0.434445 0.900698 0 0.900698 -0.434445 -1 0 0 95199.dat
1 72 -50 38 20 1 0 0 0 0 1 0 -1 0 44728.dat
1 72 -10 -16 10 -1 0 0 0 1 0 0 0 -1 44728.dat
1 72 -120 0 -20 0 0 1 0 1 0 -1 0 0 11458.dat
1 72 -120 0 20 0 0 -1 0 1 0 1 0 0 11458.dat
1 72 -110 24 0 1 0 0 0 1 0 0 0 1 2654.dat
1 72 -142 26 0 0 1 0 0 0 1 1 0 0 4590.dat
0
0
