0 Main
0 Name: 3659-1 - Play Ground.mpd
0 Author: LTRON
1 2 190 0 130 1 0 0 0 1 0 0 0 1 u9213.dat
1 450 60 -48 150 1 0 0 0 1 0 0 0 1 2040.dat
1 450 -60 -48 150 1 0 0 0 1 0 0 0 1 2040.dat
1 15 20 -36 100 1 0 0 0 1 0 0 0 1 2041.dat
1 14 -160 -12 20 1 0 0 0 1 0 0 0 1 2044.dat
1 15 0 -8 0 1 0 0 0 1 0 0 0 1 3068.dat
1 15 0 -8 -40 1 0 0 0 1 0 0 0 1 3068.dat
1 15 20 -8 -80 1 0 0 0 1 0 0 0 1 3068.dat
1 15 -20 -8 -80 1 0 0 0 1 0 0 0 1 3068.dat
1 15 0 -8 -120 1 0 0 0 1 0 0 0 1 3068.dat
1 4 160 -8 -80 1 0 0 0 1 0 0 0 1 4875.dat
1 4 160 -64 -80 0.8387 0 -0.5446 0 1 0 0.5446 0 0.8387 4874.dat
1 15 -130 -48 -110 0.7547 0 -0.6561 0 1 0 0.6561 0 0.7547 30657.dat
1 2 -130 -24 -110 0.9613 0 -0.2756 0 1 0 0.2756 0 0.9613 4727.dat
1 4 160 -64 -80 0.8387 0 -0.5446 0 1 0 0.5446 0 0.8387 4095.dat
1 4 160 -192 -80 0.8387 0 -0.5446 0 1 0 0.5446 0 0.8387 4094a.dat
1 4 109.3487 -26 -2.0035 0.8387 0 -0.5446 0 1 0 0.5446 0 0.8387 u9103.dat
1 14 117.7357 -26 3.4425 0.8387 0.5446 0 0 0 1 0.5446 -0.8387 0 u9100.dat
1 14 100.9617 -26 -7.4495 0.8387 0.5446 0 0 0 1 0.5446 -0.8387 0 u9100.dat
1 14 90.0586 -52 -14.5293 -0.8387 0.466831 0.280469 0 0.515 -0.8572 -0.5446 -0.718934 -0.43193 u9101.dat
1 14 128.6388 -52 10.5223 0.8387 0 -0.5446 0 1 0 0.5446 0 0.8387 u9101.dat
1 15 109.3487 -26 -2.0035 0.8387 0 -0.5446 0 1 0 0.5446 0 0.8387 u9102.dat
1 19 109.3487 -56 -2.0035 0.974376 0 0.224943 0 1 0 -0.224943 0 0.974376 u9106.dat
1 4 20 -46 104 1 0 0 0 0.9563 0.2924 0 -0.2924 0.9563 u9103.dat
1 14 30 -46 104 1 0 0 0 0 1 0 -1 0 u9100.dat
1 14 10 -46 104 1 0 0 0 0 1 0 -1 0 u9100.dat
1 4 -3 -70.8639 111.6017 -1 0 0 0 0.225 -0.9744 0 -0.9744 -0.225 u9101.dat
1 4 43 -70.8639 111.6017 1 0 0 0 0.6947 0.7193 0 -0.7193 0.6947 u9101.dat
1 4 20 -46 104 1 0 0 0 0.9563 0.2924 0 -0.2924 0.9563 u9102.dat
1 450 20 -74.6891 112.7712 0.9545 0.0557 -0.2929 -0.0825 0.9934 -0.0799 0.2865 0.1004 0.9528 u9105.dat
