0 
0 Name: New Model.ldr
0 Author: 
1 0 10 -24 40 0 0 1 0 1 0 -1 0 0 2465.dat
1 0 -10 -24 40 0 0 1 0 1 0 -1 0 0 2465.dat
1 0 0 -24 210 -1 0 0 0 1 0 0 0 -1 3298.dat
1 0 0 -48 170 -1 0 0 0 1 0 0 0 -1 3298.dat
1 0 -10 -48 120 0 0 1 0 1 0 -1 0 0 3700.dat
1 0 10 -48 120 0 0 1 0 1 0 -1 0 0 3700.dat
1 0 0 -48 60 0 0 1 0 1 0 -1 0 0 3001.dat
1 0 0 -48 150 1 0 0 0 1 0 0 0 1 3004.dat
1 0 80 -24 0 -1 0 0 0 1 0 0 0 -1 2456.dat
1 0 -80 -24 0 -1 0 0 0 1 0 0 0 -1 2456.dat
1 0 110 -48 0 0 0 -1 0 1 0 1 0 0 3298.dat
1 0 150 -24 0 0 0 -1 0 1 0 1 0 0 3298.dat
1 0 0 -48 -90 1 0 0 0 1 0 0 0 1 3298.dat
1 0 0 -24 -130 1 0 0 0 1 0 0 0 1 3298.dat
1 0 -110 -48 0 0 0 1 0 1 0 -1 0 0 3298.dat
1 0 -150 -24 0 0 0 1 0 1 0 -1 0 0 3298.dat
1 0 0 -48 0 -1 0 0 0 1 0 0 0 -1 3006.dat
1 0 0 -48 -70 1 0 0 0 1 0 0 0 1 3004.dat
1 0 0 -48 -30 1 0 0 0 1 0 0 0 1 3004.dat
1 0 10 -48 -50 0 0 -1 0 1 0 1 0 0 6541.dat
1 0 -10 -48 -50 0 0 -1 0 1 0 1 0 0 6541.dat
1 0 20 -38 -50 1 0 0 0 1 0 0 0 1 2780.dat
1 0 -20 -38 -50 1 0 0 0 1 0 0 0 1 2780.dat
1 8 30 -56 0 0 0 -1 0 1 0 1 0 0 2412.dat
1 8 -30 -56 0 0 0 -1 0 1 0 1 0 0 2412.dat
1 0 80 -56 0 1 0 0 0 1 0 0 0 1 3020.dat
1 0 -80 -56 0 1 0 0 0 1 0 0 0 1 3020.dat
1 0 0 -56 -20 0 0 1 0 1 0 -1 0 0 3034.dat
1 0 0 -56 120 0 0 1 0 1 0 -1 0 0 3795.dat
1 8 0 0 220 0 0 1 0 1 0 -1 0 0 3020.dat
1 8 0 0 -140 0 0 1 0 1 0 -1 0 0 3020.dat
1 8 160 0 0 1 0 0 0 1 0 0 0 1 3020.dat
1 8 -160 0 0 1 0 0 0 1 0 0 0 1 3020.dat
1 8 0 0 0 1 0 0 0 1 0 0 0 1 3020.dat
1 0 -30 -136.79 -31.7 0 0 -1 -0.96 0.279 0 0.279 0.96 0 3895.dat
1 0 -20 -210.8 0.22 1 0 0 0 0.279 -0.96 0 0.96 0.279 2780.dat
1 0 -20 -230 5.8 1 0 0 0 0.279 -0.96 0 0.96 0.279 2780.dat
1 0 -10 -271.19 7.36 0 0 -1 -0.96 0.279 0 0.279 0.96 0 3702.dat
1 0 10 -271.19 7.36 0 0 -1 -0.96 0.279 0 0.279 0.96 0 3702.dat
1 0 20 -210.8 0.22 1 0 0 0 0.279 -0.96 0 0.96 0.279 2780.dat
1 0 20 -230 5.8 1 0 0 0 0.279 -0.96 0 0.96 0.279 2780.dat
1 0 0 -249.2 11.38 1 0 0 0 0.279 -0.96 0 0.96 0.279 2780.dat
1 0 30 -136.79 -31.7 0 0 -1 -0.96 0.279 0 0.279 0.96 0 3895.dat
1 0 0 -206.894 13.66 -1 0 0 0 0.279 0.96 0 0.96 -0.279 3020.dat
1 0 0 -215.822 -17.06 -1 0 0 0 0.279 0.96 0 0.96 -0.279 3029.dat
1 0 0 -139.022 -39.38 -1 0 0 0 0.279 0.96 0 0.96 -0.279 3029.dat
1 0 -110 -179.654 -35.9 0 0 -1 -0.96 0.279 0 0.279 0.96 0 4162.dat
1 0 -90 -179.654 -35.9 0 0 -1 -0.96 0.279 0 0.279 0.96 0 4162.dat
1 0 -50 -179.654 -35.9 0 0 -1 -0.96 0.279 0 0.279 0.96 0 4162.dat
1 0 -70 -179.654 -35.9 0 0 -1 -0.96 0.279 0 0.279 0.96 0 4162.dat
1 0 30 -179.654 -35.9 0 0 -1 -0.96 0.279 0 0.279 0.96 0 4162.dat
1 0 10 -179.654 -35.9 0 0 -1 -0.96 0.279 0 0.279 0.96 0 4162.dat
1 0 -30 -179.654 -35.9 0 0 -1 -0.96 0.279 0 0.279 0.96 0 4162.dat
1 0 -10 -179.654 -35.9 0 0 -1 -0.96 0.279 0 0.279 0.96 0 4162.dat
1 0 110 -179.654 -35.9 0 0 -1 -0.96 0.279 0 0.279 0.96 0 4162.dat
1 0 90 -179.654 -35.9 0 0 -1 -0.96 0.279 0 0.279 0.96 0 4162.dat
1 0 50 -179.654 -35.9 0 0 -1 -0.96 0.279 0 0.279 0.96 0 4162.dat
1 0 70 -179.654 -35.9 0 0 -1 -0.96 0.279 0 0.279 0.96 0 4162.dat
1 0 0 -38 120 1 0 0 0 0.654 0.756 0 -0.756 0.654 3705.dat
1 0 30 -38 120 0 1 0 0.654 0 -0.756 -0.756 0 -0.654 6629.dat
1 0 -30 -38 120 0 1 0 0.654 0 -0.756 -0.756 0 -0.654 6629.dat
1 0 0 -109.424 -5.232 1 0 0 0 0.0696 0.9972 0 -0.9972 0.0696 3705.dat
1 0 -10 -172.437 -10.926 0 1 0 0.23 0 0.973 0.973 0 -0.23 32140.dat
1 0 0 -172.437 -10.926 1 0 0 0 0.973 0.23 0 -0.23 0.973 3705.dat
1 0 10 -172.437 -10.926 0 1 0 0.23 0 0.973 0.973 0 -0.23 32140.dat
