0 
0 Name: New Model.ldr
0 Author: 
1 0 -2120 1 -40 -1 0 0 0 1 0 0 0 -1 3941.dat
1 0 -2120 1 0 -1 0 0 0 1 0 0 0 -1 3941.dat
1 0 -2120 1 200 -1 0 0 0 1 0 0 0 -1 3941.dat
1 0 -2120 1 240 -1 0 0 0 1 0 0 0 -1 3941.dat
1 0 -1920 1 -40 -1 0 0 0 1 0 0 0 -1 3941.dat
1 0 -1920 1 0 -1 0 0 0 1 0 0 0 -1 3941.dat
1 0 -1920 1 200 -1 0 0 0 1 0 0 0 -1 3941.dat
1 0 -1920 1 240 -1 0 0 0 1 0 0 0 -1 3941.dat
1 0 -1720 1 -40 -1 0 0 0 1 0 0 0 -1 3941.dat
1 0 -1720 1 0 -1 0 0 0 1 0 0 0 -1 3941.dat
1 0 -1720 1 240 -1 0 0 0 1 0 0 0 -1 3941.dat
1 0 -1680 -215 160 -1 0 0 0 1 0 0 0 -1 2681.dat
1 0 -1780 1 0 -1 0 0 0 1 0 0 0 -1 3003.dat
1 0 -2000 -215 160 -1 0 0 0 1 0 0 0 -1 2681.dat
1 15 -2120 -119 260 1 0 0 0 1 0 0 0 1 4476.dat
1 0 -2120 -143 260 1 0 0 0 1 0 0 0 1 3003.dat
1 15 -2120 -191 260 1 0 0 0 1 0 0 0 1 3940.dat
1 0 -2120 -199 260 1 0 0 0 1 0 0 0 1 4032.dat
1 15 -1920 -119 260 1 0 0 0 1 0 0 0 1 4476.dat
1 0 -1920 -143 260 1 0 0 0 1 0 0 0 1 3003.dat
1 15 -1920 -191 260 1 0 0 0 1 0 0 0 1 3940.dat
1 0 -1920 -199 260 1 0 0 0 1 0 0 0 1 4032.dat
1 15 -2120 -119 -60 -1 0 0 0 1 0 0 0 -1 4476.dat
1 0 -2120 -143 -60 -1 0 0 0 1 0 0 0 -1 3003.dat
1 15 -2120 -191 -60 -1 0 0 0 1 0 0 0 -1 3940.dat
1 0 -2120 -199 -60 -1 0 0 0 1 0 0 0 -1 4032.dat
1 15 -1920 -119 -60 -1 0 0 0 1 0 0 0 -1 4476.dat
1 0 -1920 -143 -60 -1 0 0 0 1 0 0 0 -1 3003.dat
1 15 -1920 -191 -60 -1 0 0 0 1 0 0 0 -1 3940.dat
1 0 -1920 -199 -60 -1 0 0 0 1 0 0 0 -1 4032.dat
1 15 -1720 -119 -60 -1 0 0 0 1 0 0 0 -1 4476.dat
1 7 -1840 -240 160 1 0 0 0 1 0 0 0 1 2774.dat
1 7 -1920 -264 280 1 0 0 0 1 0 0 0 1 3941.dat
1 7 -1920 -272 280 -1 0 0 0 1 0 0 0 -1 4150.dat
1 0 -1720 -143 -60 -1 0 0 0 1 0 0 0 -1 3003.dat
1 15 -1720 -191 -60 -1 0 0 0 1 0 0 0 -1 3940.dat
1 0 -1720 -199 -60 -1 0 0 0 1 0 0 0 -1 4032.dat
1 15 -1720 -119 260 1 0 0 0 1 0 0 0 1 4476.dat
1 0 -1720 -143 260 1 0 0 0 1 0 0 0 1 3003.dat
1 15 -1720 -191 260 1 0 0 0 1 0 0 0 1 3940.dat
1 0 -1720 -199 260 1 0 0 0 1 0 0 0 1 4032.dat
1 0 -1720 1 200 1 0 0 0 1 0 0 0 1 4032.dat
1 0 -1720 9 200 1 0 0 0 1 0 0 0 1 4032.dat
1 15 -2020 -207 -60 1 0 0 0 1 0 0 0 1 3832.dat
1 15 -1820 -207 -60 1 0 0 0 1 0 0 0 1 3832.dat
1 15 -1820 -207 260 1 0 0 0 1 0 0 0 1 3832.dat
1 15 -2020 -207 260 1 0 0 0 1 0 0 0 1 3832.dat
1 0 -1780 -7 0 1 0 0 0 1 0 0 0 1 3068.dat
1 15 -2130 -207 -60 0 0 1 0 1 0 -1 0 0 4596.dat
1 15 -2200 -205 -60 0 -1 0 0 0 1 -1 0 0 4740.dat
1 15 -2208 -205 -60 0 -1 0 0 0 1 -1 0 0 4740.dat
1 36 -2216 -205 -60 0 -1 0 0 0 1 -1 0 0 6141.dat
1 15 -1710 -207 -60 0 0 -1 0 1 0 1 0 0 4596.dat
1 15 -1640 -205 -60 0 1 0 0 0 1 1 0 0 4740.dat
1 15 -1632 -205 -60 0 1 0 0 0 1 1 0 0 4740.dat
1 36 -1624 -205 -60 0 1 0 0 0 1 1 0 0 6141.dat
1 15 -2130 -207 260 0 0 1 0 1 0 -1 0 0 4596.dat
1 15 -2200 -205 260 0 -1 0 0 0 1 -1 0 0 4740.dat
1 15 -2208 -205 260 0 -1 0 0 0 1 -1 0 0 4740.dat
1 15 -1710 -207 260 0 0 -1 0 1 0 1 0 0 4596.dat
1 15 -1640 -205 260 0 1 0 0 0 1 1 0 0 4740.dat
1 15 -1632 -205 260 0 1 0 0 0 1 1 0 0 4740.dat
1 36 -1624 -205 260 0 1 0 0 0 1 1 0 0 6141.dat
1 0 -1920 -215 100 0 0 1 0 1 0 -1 0 0 4282.dat
1 0 -1920 -215 270 -1 0 0 0 1 0 0 0 -1 4175.dat
1 15 -1830 -231 260 0 0 1 0 1 0 -1 0 0 3039.dat
1 15 -2010 -231 260 0 0 -1 0 1 0 1 0 0 3039.dat
1 15 -1720 -231 260 0 0 -1 0 1 0 1 0 0 3941.dat
1 15 -2120 -231 260 0 0 -1 0 1 0 1 0 0 3941.dat
1 15 -1720 -215 -60 0 0 -1 0 1 0 1 0 0 3068.dat
1 15 -2120 -215 -60 0 0 -1 0 1 0 1 0 0 3068.dat
1 15 -1750 -231 -70 0 0 -1 0 1 0 1 0 0 3005.dat
1 15 -1750 -255 -70 0 0 -1 0 1 0 1 0 0 3005.dat
1 15 -1810 -231 -70 0 0 -1 0 1 0 1 0 0 3005.dat
1 15 -1810 -255 -70 0 0 -1 0 1 0 1 0 0 3005.dat
1 15 -2130 -255 260 0 0 -1 0 1 0 1 0 0 3039.dat
1 15 -1710 -255 260 0 0 1 0 1 0 -1 0 0 3039.dat
1 15 -1830 -255 260 0 0 1 0 1 0 -1 0 0 3004.dat
1 15 -2010 -255 260 0 0 1 0 1 0 -1 0 0 3004.dat
1 15 -1780 -255 -40 -1 0 0 0 1 0 0 0 -1 2426.dat
1 15 -1750 -263 -50 0 0 -1 0 1 0 1 0 0 3623.dat
1 15 -1810 -263 -50 0 0 -1 0 1 0 1 0 0 3623.dat
1 0 -1780 -237 -40 -1 0 0 0 1 0 0 0 -1 u9068.dat
1 0 -1692 -237 -40 0 -1 0 -1 0 0 0 0 -1 3940.dat
1 0 -1668 -237 -40 0 -1 0 -1 0 0 0 0 -1 3941.dat
1 15 -2010 -327 260 0 0 1 0 1 0 -1 0 0 4035.dat
1 15 -1830 -327 260 0 0 -1 0 1 0 1 0 0 4035.dat
1 0 -2010 -335 260 0 0 1 0 1 0 -1 0 0 4623.dat
1 0 -1830 -335 260 0 0 -1 0 1 0 1 0 0 4623.dat
1 0 -1780 -15 10 1 0 0 0 1 0 0 0 1 2422.dat
1 15 -1780 -23 10 1 0 0 0 1 0 0 0 1 3020.dat
1 36 -1810 -31 0 1 0 0 0 1 0 0 0 1 3024.dat
1 36 -1750 -31 0 1 0 0 0 1 0 0 0 1 3024.dat
1 15 -1810 -31 50 0 0 1 0 1 0 -1 0 0 3710.dat
1 15 -1750 -31 50 0 0 1 0 1 0 -1 0 0 3710.dat
1 0 -1810 -39 30 0 0 1 0 1 0 -1 0 0 2431.dat
1 0 -1750 -39 30 0 0 1 0 1 0 -1 0 0 2431.dat
1 15 -1780 -55 80 -1 0 0 0 1 0 0 0 -1 3010.dat
1 15 -1780 -215 -32 0 0 -1 -1 0 0 0 1 0 2428.dat
1 0 -1780 -195 -18 0 0 -1 -1 0 0 0 1 0 4477.dat
1 0 -1780 -335 -18 0 0 -1 -1 0 0 0 1 0 3710.dat
1 0 -1780 -385 -18 1 0 0 0 0 -1 0 1 0 3794.dat
1 0 -1780 -405 -18 1 0 0 0 0 -1 0 1 0 3794.dat
1 15 -1780 -395 -10 1 0 0 0 0 -1 0 1 0 4285.dat
1 36 -1780 -395 -5 1 0 0 0 0 -1 0 1 0 4740.dat
1 36 -2060.2842 -329 231.7157 -0.707107 0 -0.707107 0 1 0 0.707107 0 -0.707107 4740.dat
1 0 -2060.2842 -345 231.7157 -0.707107 0 -0.707107 0 1 0 0.707107 0 -0.707107 4735.dat
1 0 -2060.2842 -353 231.7157 -0.707107 0 -0.707107 0 1 0 0.707107 0 -0.707107 4592.dat
1 0 -2060.2842 -353 231.7157 -0.707107 -0.270598 -0.653282 0 0.92388 -0.382683 0.707107 -0.270598 -0.653282 4593.dat
1 36 -1779.7157 -329 231.7157 -0.707107 0 0.707107 0 1 0 -0.707107 0 -0.707107 4740.dat
1 0 -1779.7157 -345 231.7157 -0.707107 0 0.707107 0 1 0 -0.707107 0 -0.707107 4735.dat
1 0 -1779.7157 -353 231.7157 -0.707107 0 0.707107 0 1 0 -0.707107 0 -0.707107 4592.dat
1 0 -1779.7157 -353 231.7157 -0.707107 0.270598 0.653282 0 0.92388 -0.382683 -0.707107 -0.270598 -0.653282 4593.dat
1 33 -1920 -471 90 1 0 0 0 1 0 0 0 1 2408.dat
1 33 -1970 -471 260 0 0 1 0 1 0 -1 0 0 2448.dat
1 33 -1870 -471 260 0 0 -1 0 1 0 1 0 0 2448.dat
1 15 -1970 -479 160 0 0 -1 0 1 0 1 0 0 4477.dat
1 15 -1870 -479 160 0 0 -1 0 1 0 1 0 0 4477.dat
1 15 -1870 -479 340 0 0 -1 0 1 0 1 0 0 3460.dat
1 15 -1970 -479 340 0 0 -1 0 1 0 1 0 0 3460.dat
1 15 -1870 -487 260 0 0 -1 0 1 0 1 0 0 3710.dat
1 15 -1970 -487 260 0 0 -1 0 1 0 1 0 0 3710.dat
1 0 -1870 -487 310 0 0 -1 0 1 0 1 0 0 4081.dat
1 0 -1970 -487 310 0 0 1 0 1 0 -1 0 0 4081.dat
1 0 -1870 -511 310 0 0 1 0 1 0 -1 0 0 4589.dat
1 0 -1970 -511 310 0 0 1 0 1 0 -1 0 0 4589.dat
1 15 -1920 -495 260 -1 0 0 0 1 0 0 0 -1 3795.dat
1 0 -1990 -485 230 -1 0 0 0 0 -1 0 -1 0 3957.dat
1 36 -1990 -485 222 -1 0 0 0 0 -1 0 -1 0 3062.dat
1 0 -1850 -485 230 -1 0 0 0 0 -1 0 -1 0 3957.dat
1 36 -1850 -485 222 -1 0 0 0 0 -1 0 -1 0 3062.dat
1 15 -1870 -471 410 0 0 -1 0 1 0 1 0 0 3960.dat
1 15 -1970 -471 410 0 0 -1 0 1 0 1 0 0 3960.dat
1 0 -1870 -497 410 0 0 -1 0 1 0 1 0 0 752.dat
1 0 -1970 -497 410 0 0 -1 0 1 0 1 0 0 752.dat
1 0 -1850 -485 332 0 0 -1 1 0 0 0 -1 0 752.dat
1 0 -1990 -485 332 0 0 -1 1 0 0 0 -1 0 752.dat
1 256 -1850 -485 332 0 0 -1 -1 0 0 0 1 0 755.dat
1 256 -1870 -497 410 0 0 1 0 -1 0 1 0 0 755.dat
1 256 -1870 -503.95 410 -0.0375 0.0021 -0.9993 -0.0018 -1 -0.002 0.9993 -0.0017 -0.0375 756.dat
1 256 -1869.9948 -506.526 409.996 -0.0513 0.0136 -0.9986 -0.0129 -0.9998 -0.0129 0.9986 -0.0123 -0.0515 756.dat
1 256 -1869.9595 -509.119 409.964 -0.0649 0.028 -0.9975 -0.0299 -0.9992 -0.0261 0.9974 -0.0281 -0.0657 756.dat
1 256 -1869.8875 -511.69 409.892 -0.078 0.0448 -0.9959 -0.0529 -0.9978 -0.0407 0.9955 -0.0496 -0.0802 756.dat
1 256 -1869.7721 -514.256 409.764 -0.0901 0.0646 -0.9938 -0.0837 -0.9949 -0.057 0.9924 -0.0781 -0.0951 756.dat
1 256 -1869.6064 -516.809 409.564 -0.1008 0.0881 -0.991 -0.1244 -0.9894 -0.0753 0.9871 -0.1157 -0.1107 756.dat
1 256 -1869.3795 -519.357 409.266 -0.1092 0.1164 -0.9872 -0.1777 -0.9794 -0.0958 0.978 -0.165 -0.1276 756.dat
1 256 -1869.0798 -521.88 408.841 -0.1135 0.1503 -0.9821 -0.247 -0.9617 -0.1187 0.9624 -0.2291 -0.1463 756.dat
1 256 -1868.6909 -524.368 408.248 -0.1117 0.1905 -0.9753 -0.3348 -0.9313 -0.1436 0.9356 -0.3105 -0.1678 756.dat
1 256 -1868.2024 -526.756 407.452 -0.1004 0.2364 -0.9665 -0.4422 -0.8807 -0.1695 0.8913 -0.4104 -0.1929 756.dat
1 256 -1867.5928 -529.027 406.394 -0.0765 0.2852 -0.9554 -0.5649 -0.802 -0.1942 0.8216 -0.5249 -0.2224 756.dat
1 256 -1866.8593 -531.09 405.044 -0.0397 0.3303 -0.943 -0.6891 -0.6925 -0.2136 0.7236 -0.6414 -0.2551 756.dat
1 256 -1866.0129 -532.864 403.401 0.0057 0.3651 -0.931 -0.7973 -0.5603 -0.2246 0.6036 -0.7435 -0.2878 756.dat
1 256 -1865.0729 -534.307 401.486 0.0518 0.3861 -0.921 -0.8775 -0.4227 -0.2265 0.4768 -0.8199 -0.3169 756.dat
1 256 -1864.0757 -535.398 399.368 0.0914 0.3949 -0.9142 -0.929 -0.2968 -0.2211 0.3587 -0.8695 -0.3397 756.dat
1 256 -1863.062 -536.16 397.136 0.1222 0.3957 -0.9102 -0.9587 -0.1902 -0.2114 0.2568 -0.8985 -0.3561 756.dat
1 256 -1862.0417 -536.651 394.819 0.1443 0.392 -0.9086 -0.9745 -0.1031 -0.1992 0.1718 -0.9142 -0.3671 756.dat
1 256 -1861.0358 -536.915 392.473 0.1592 0.3862 -0.9086 -0.982 -0.0329 -0.1861 0.1017 -0.9218 -0.374 756.dat
1 256 -1860.0417 -537 390.101 0.198 0.3778 -0.9045 -0.9798 0.1021 -0.1718 -0.0274 -0.9202 -0.3904 756.dat
1 256 -1859.0731 -536.738 387.741 0.2636 0.354 -0.8973 -0.9379 0.3114 -0.1527 -0.2254 -0.8819 -0.4141 756.dat
1 256 -1858.1595 -535.934 385.465 0.3127 0.3193 -0.8946 -0.8677 0.4792 -0.1322 -0.3865 -0.8175 -0.4269 756.dat
1 256 -1857.3333 -534.694 383.35 0.343 0.2836 -0.8955 -0.7928 0.5987 -0.1141 -0.5038 -0.7491 -0.4302 756.dat
1 256 -1856.6084 -533.164 381.435 0.3593 0.2517 -0.8986 -0.7257 0.6808 -0.0995 -0.5867 -0.6879 -0.4272 756.dat
1 256 -1855.959 -531.407 379.66 0.3661 0.2243 -0.9031 -0.6693 0.7377 -0.0881 -0.6465 -0.6368 -0.4202 756.dat
1 256 -1855.3783 -529.498 378.012 0.3665 0.2016 -0.9083 -0.624 0.7774 -0.0793 -0.6901 -0.5958 -0.4107 756.dat
1 256 -1854.8654 -527.519 376.496 0.3631 0.1824 -0.9137 -0.5876 0.8059 -0.0726 -0.7231 -0.5633 -0.3998 756.dat
1 256 -1854.3903 -525.421 375.029 0.3566 0.1662 -0.9194 -0.5587 0.8266 -0.0673 -0.7488 -0.5377 -0.3876 756.dat
1 256 -1853.9669 -523.315 373.659 0.3484 0.1523 -0.9249 -0.5361 0.8418 -0.0634 -0.7689 -0.5179 -0.3749 756.dat
1 256 -1853.571 -521.127 372.313 0.3386 0.1401 -0.9305 -0.5186 0.8529 -0.0603 -0.7851 -0.503 -0.3614 756.dat
1 256 -1853.21 -518.928 371.016 0.3277 0.1295 -0.9359 -0.5057 0.8608 -0.058 -0.798 -0.4923 -0.3476 756.dat
1 256 -1852.8784 -516.725 369.756 0.3162 0.12 -0.9411 -0.4967 0.8661 -0.0564 -0.8083 -0.4853 -0.3334 756.dat
1 256 -1852.5684 -514.488 368.502 0.3038 0.1115 -0.9462 -0.4914 0.8692 -0.0554 -0.8162 -0.4818 -0.3189 756.dat
1 256 -1852.2814 -512.251 367.262 0.291 0.1038 -0.9511 -0.4895 0.8703 -0.0548 -0.822 -0.4815 -0.304 756.dat
1 256 -1852.0146 -510.013 366.025 0.2777 0.0967 -0.9558 -0.4909 0.8695 -0.0547 -0.8258 -0.4844 -0.2889 756.dat
1 256 -1851.7657 -507.776 364.778 0.2639 0.0901 -0.9603 -0.4958 0.8667 -0.055 -0.8274 -0.4906 -0.2734 756.dat
1 256 -1851.5332 -505.539 363.512 0.2497 0.0839 -0.9647 -0.5042 0.8618 -0.0556 -0.8267 -0.5003 -0.2575 756.dat
1 256 -1851.3186 -503.334 362.232 0.2353 0.078 -0.9688 -0.5166 0.8544 -0.0567 -0.8233 -0.5138 -0.2413 756.dat
1 256 -1851.1176 -501.134 360.909 0.2204 0.0723 -0.9727 -0.5336 0.8438 -0.0581 -0.8166 -0.5318 -0.2245 756.dat
1 256 -1850.9298 -498.943 359.528 0.2049 0.0667 -0.9765 -0.5558 0.8291 -0.06 -0.8057 -0.555 -0.207 756.dat
1 256 -1850.7576 -496.803 358.096 0.1891 0.0612 -0.98 -0.5842 0.8092 -0.0622 -0.7893 -0.5843 -0.1888 756.dat
1 256 -1850.6007 -494.727 356.597 0.173 0.0555 -0.9834 -0.6201 0.7819 -0.065 -0.7652 -0.621 -0.1697 756.dat
1 256 -1850.4575 -492.71 354.995 0.1562 0.0495 -0.9865 -0.665 0.7438 -0.068 -0.7303 -0.6666 -0.1491 756.dat
1 256 -1850.3312 -490.814 353.296 0.1391 0.043 -0.9893 -0.7207 0.6895 -0.0714 -0.6791 -0.723 -0.1269 756.dat
1 256 -1850.2202 -489.034 351.429 0.1212 0.0356 -0.992 -0.7888 0.6101 -0.0745 -0.6026 -0.7915 -0.102 756.dat
1 256 -1850.1279 -487.451 349.376 0.103 0.0269 -0.9943 -0.8656 0.4949 -0.0763 -0.4901 -0.8685 -0.0743 756.dat
1 256 -1850.0591 -486.186 347.157 0.0854 0.0169 -0.9962 -0.94 0.333 -0.075 -0.3304 -0.9428 -0.0443 756.dat
1 256 -1850.0155 -485.326 344.72 0.0691 0.006 -0.9976 -0.9896 0.1267 -0.0678 -0.126 -0.9919 -0.0147 756.dat
1 256 -1850.0001 -485.001 342.179 0.0549 0 -0.9985 -0.9985 0.0005 -0.0549 -0.0005 -1 0 756.dat
1 256 -1850 -485 339.62 0.0411 0 -0.9992 -0.9992 -0.0001 -0.0411 0.0001 -1 0 756.dat
1 256 -1850 -485 337.048 0.0272 0 -0.9996 -0.9996 -0.0001 -0.0272 0.0001 -1 0 756.dat
1 256 -1990 -485 332 0 0 1 -1 0 0 0 1 0 755.dat
1 256 -1970 -497 410 0 0 -1 0 -1 0 1 0 0 755.dat
1 256 -1970 -503.95 410 0.0375 -0.0021 0.9993 -0.0018 -1 -0.002 0.9993 -0.0017 -0.0375 756.dat
1 256 -1970.005 -506.526 409.996 0.0513 -0.0136 0.9986 -0.0129 -0.9998 -0.0129 0.9986 -0.0123 -0.0515 756.dat
1 256 -1970.041 -509.119 409.964 0.0649 -0.028 0.9975 -0.0299 -0.9992 -0.0261 0.9974 -0.0281 -0.0657 756.dat
1 256 -1970.113 -511.69 409.892 0.078 -0.0448 0.9959 -0.0529 -0.9978 -0.0407 0.9955 -0.0496 -0.0802 756.dat
1 256 -1970.228 -514.256 409.764 0.0901 -0.0646 0.9938 -0.0837 -0.9949 -0.057 0.9924 -0.0781 -0.0951 756.dat
1 256 -1970.394 -516.809 409.564 0.1008 -0.0881 0.991 -0.1244 -0.9894 -0.0753 0.9871 -0.1157 -0.1107 756.dat
1 256 -1970.621 -519.358 409.266 0.1092 -0.1164 0.9872 -0.1777 -0.9794 -0.0958 0.978 -0.165 -0.1276 756.dat
1 256 -1970.92 -521.88 408.841 0.1135 -0.1503 0.9821 -0.247 -0.9617 -0.1187 0.9624 -0.2291 -0.1463 756.dat
1 256 -1971.309 -524.368 408.248 0.1117 -0.1905 0.9753 -0.3348 -0.9313 -0.1436 0.9356 -0.3105 -0.1678 756.dat
1 256 -1971.798 -526.756 407.452 0.1004 -0.2364 0.9665 -0.4422 -0.8807 -0.1695 0.8913 -0.4104 -0.1929 756.dat
1 256 -1972.407 -529.027 406.394 0.0765 -0.2852 0.9554 -0.5649 -0.802 -0.1942 0.8216 -0.5249 -0.2224 756.dat
1 256 -1973.141 -531.09 405.044 0.0397 -0.3303 0.943 -0.6891 -0.6925 -0.2136 0.7236 -0.6414 -0.2551 756.dat
1 256 -1973.9871 -532.864 403.401 -0.0057 -0.3651 0.931 -0.7973 -0.5603 -0.2246 0.6036 -0.7435 -0.2878 756.dat
1 256 -1974.927 -534.307 401.486 -0.0518 -0.3861 0.921 -0.8775 -0.4227 -0.2265 0.4768 -0.8199 -0.3169 756.dat
1 256 -1975.924 -535.398 399.368 -0.0914 -0.3949 0.9142 -0.929 -0.2968 -0.2211 0.3587 -0.8695 -0.3397 756.dat
1 256 -1976.938 -536.16 397.136 -0.1222 -0.3957 0.9102 -0.9587 -0.1902 -0.2114 0.2568 -0.8985 -0.3561 756.dat
1 256 -1977.958 -536.651 394.819 -0.1443 -0.392 0.9086 -0.9745 -0.1031 -0.1992 0.1718 -0.9142 -0.3671 756.dat
1 256 -1978.964 -536.915 392.473 -0.1592 -0.3862 0.9086 -0.982 -0.0329 -0.1861 0.1017 -0.9218 -0.374 756.dat
1 256 -1979.958 -537 390.101 -0.198 -0.3778 0.9045 -0.9798 0.1021 -0.1718 -0.0274 -0.9202 -0.3904 756.dat
1 256 -1980.927 -536.738 387.741 -0.2636 -0.354 0.8973 -0.9379 0.3114 -0.1527 -0.2254 -0.8819 -0.4141 756.dat
1 256 -1981.8409 -535.934 385.465 -0.3127 -0.3193 0.8946 -0.8677 0.4792 -0.1322 -0.3865 -0.8175 -0.4269 756.dat
1 256 -1982.667 -534.694 383.35 -0.343 -0.2836 0.8955 -0.7928 0.5987 -0.1141 -0.5038 -0.7491 -0.4302 756.dat
1 256 -1983.392 -533.164 381.435 -0.3593 -0.2517 0.8986 -0.7257 0.6808 -0.0995 -0.5867 -0.6879 -0.4272 756.dat
1 256 -1984.041 -531.407 379.66 -0.3661 -0.2243 0.9031 -0.6693 0.7377 -0.0881 -0.6465 -0.6368 -0.4202 756.dat
1 256 -1984.6219 -529.498 378.012 -0.3665 -0.2016 0.9083 -0.624 0.7774 -0.0793 -0.6901 -0.5958 -0.4107 756.dat
1 256 -1985.135 -527.52 376.496 -0.3631 -0.1824 0.9137 -0.5876 0.8059 -0.0726 -0.7231 -0.5633 -0.3998 756.dat
1 256 -1985.61 -525.421 375.029 -0.3566 -0.1662 0.9194 -0.5587 0.8266 -0.0673 -0.7488 -0.5377 -0.3876 756.dat
1 256 -1986.033 -523.315 373.659 -0.3484 -0.1523 0.9249 -0.5361 0.8418 -0.0634 -0.7689 -0.5179 -0.3749 756.dat
1 256 -1986.429 -521.127 372.313 -0.3386 -0.1401 0.9305 -0.5186 0.8529 -0.0603 -0.7851 -0.503 -0.3614 756.dat
1 256 -1986.79 -518.929 371.016 -0.3277 -0.1295 0.9359 -0.5057 0.8608 -0.058 -0.798 -0.4923 -0.3476 756.dat
1 256 -1987.1219 -516.725 369.756 -0.3162 -0.12 0.9411 -0.4967 0.8661 -0.0564 -0.8083 -0.4853 -0.3334 756.dat
1 256 -1987.432 -514.488 368.502 -0.3038 -0.1115 0.9462 -0.4914 0.8692 -0.0554 -0.8162 -0.4818 -0.3189 756.dat
1 256 -1987.719 -512.251 367.262 -0.291 -0.1038 0.9511 -0.4895 0.8703 -0.0548 -0.822 -0.4815 -0.304 756.dat
1 256 -1987.985 -510.013 366.025 -0.2777 -0.0967 0.9558 -0.4909 0.8695 -0.0547 -0.8258 -0.4844 -0.2889 756.dat
1 256 -1988.234 -507.776 364.778 -0.2639 -0.0901 0.9603 -0.4958 0.8667 -0.055 -0.8274 -0.4906 -0.2734 756.dat
1 256 -1988.467 -505.539 363.512 -0.2497 -0.0839 0.9647 -0.5042 0.8618 -0.0556 -0.8267 -0.5003 -0.2575 756.dat
1 256 -1988.681 -503.334 362.232 -0.2353 -0.078 0.9688 -0.5166 0.8544 -0.0567 -0.8233 -0.5138 -0.2413 756.dat
1 256 -1988.882 -501.134 360.909 -0.2204 -0.0723 0.9727 -0.5336 0.8438 -0.0581 -0.8166 -0.5318 -0.2245 756.dat
1 256 -1989.0699 -498.943 359.528 -0.2049 -0.0667 0.9765 -0.5558 0.8291 -0.06 -0.8057 -0.555 -0.207 756.dat
1 256 -1989.2419 -496.803 358.096 -0.1891 -0.0612 0.98 -0.5842 0.8092 -0.0622 -0.7893 -0.5843 -0.1888 756.dat
1 256 -1989.399 -494.727 356.597 -0.173 -0.0555 0.9834 -0.6201 0.7819 -0.065 -0.7652 -0.621 -0.1697 756.dat
1 256 -1989.543 -492.71 354.995 -0.1562 -0.0495 0.9865 -0.665 0.7438 -0.068 -0.7303 -0.6666 -0.1491 756.dat
1 256 -1989.6689 -490.814 353.296 -0.1391 -0.043 0.9893 -0.7207 0.6895 -0.0714 -0.6791 -0.723 -0.1269 756.dat
1 256 -1989.78 -489.034 351.429 -0.1212 -0.0356 0.992 -0.7888 0.6101 -0.0745 -0.6026 -0.7915 -0.102 756.dat
1 256 -1989.8719 -487.451 349.376 -0.103 -0.0269 0.9943 -0.8656 0.4949 -0.0763 -0.4901 -0.8685 -0.0743 756.dat
1 256 -1989.941 -486.186 347.157 -0.0854 -0.0169 0.9962 -0.94 0.333 -0.075 -0.3304 -0.9428 -0.0443 756.dat
1 256 -1989.985 -485.326 344.72 -0.0691 -0.006 0.9976 -0.9896 0.1267 -0.0678 -0.126 -0.9919 -0.0147 756.dat
1 256 -1990 -485.001 342.179 -0.0549 0 0.9985 -0.9985 0.0005 -0.0549 -0.0005 -1 0 756.dat
1 256 -1990 -485 339.62 -0.0411 0 0.9992 -0.9992 -0.0001 -0.0411 0.0001 -1 0 756.dat
1 256 -1990 -485 337.048 -0.0272 0 0.9996 -0.9996 -0.0001 -0.0272 0.0001 -1 0 756.dat
1 7 -1680 -230 120 -1 0 0 0 0 1 0 1 0 3710.dat
1 7 -1680 -230 200 -1 0 0 0 0 -1 0 -1 0 3710.dat
1 7 -2000 -230 120 -1 0 0 0 0 1 0 1 0 3710.dat
1 7 -2000 -230 200 -1 0 0 0 0 -1 0 -1 0 3710.dat
