0 Main
0 Name: 21019-1 - Eiffel Tower.mpd
0 Author: LTRON
1 71 80 -8 0 0 0 1 0 1 0 -1 0 0 3029.dat
1 0 120 0 0 0 0 1 0 1 0 -1 0 0 91988.dat
1 0 0 0 -120 -1 0 0 0 1 0 0 0 -1 3832.dat
1 0 0 0 0 -1 0 0 0 1 0 0 0 -1 3832.dat
1 0 0 0 120 -1 0 0 0 1 0 0 0 -1 3832.dat
1 71 0 -8 0 0 0 -1 0 1 0 1 0 0 3029.dat
1 71 -80 -8 0 0 0 -1 0 1 0 1 0 0 3029.dat
1 0 -120 0 0 0 0 -1 0 1 0 1 0 0 91988.dat
1 0 -130 -8 -60 0 0 -1 0 1 0 1 0 0 6636.dat
1 0 -130 -8 60 0 0 -1 0 1 0 1 0 0 6636.dat
1 0 130 -8 60 0 0 -1 0 1 0 1 0 0 6636.dat
1 0 130 -8 -60 0 0 -1 0 1 0 1 0 0 6636.dat
1 0 110 -8 130 1 0 0 0 1 0 0 0 1 63864.dat
1 0 -110 -8 130 1 0 0 0 1 0 0 0 1 63864.dat
1 0 110 -8 -130 1 0 0 0 1 0 0 0 1 63864.dat
1 0 -110 -8 -130 1 0 0 0 1 0 0 0 1 63864.dat
1 0 0 -8 130 1 0 0 0 1 0 0 0 1 4162.dat
1 0 0 -8 -130 1 0 0 0 1 0 0 0 1 4162.dat
1 0 -100 -16 100 1 0 0 0 1 0 0 0 1 3680.dat
1 0 100 -16 100 1 0 0 0 1 0 0 0 1 3680.dat
1 0 -100 -16 -100 1 0 0 0 1 0 0 0 1 3680.dat
1 0 100 -16 -100 1 0 0 0 1 0 0 0 1 3680.dat
1 288 60 -16 100 1 0 0 0 1 0 0 0 1 3068.dat
1 288 100 -16 60 1 0 0 0 1 0 0 0 1 3068.dat
1 288 60 -16 60 1 0 0 0 1 0 0 0 1 3068.dat
1 288 -60 -16 100 1 0 0 0 1 0 0 0 1 3068.dat
1 288 -60 -16 60 1 0 0 0 1 0 0 0 1 3068.dat
1 288 -100 -16 60 1 0 0 0 1 0 0 0 1 3068.dat
1 288 100 -16 -60 1 0 0 0 1 0 0 0 1 3068.dat
1 288 60 -16 -60 1 0 0 0 1 0 0 0 1 3068.dat
1 288 60 -16 -100 1 0 0 0 1 0 0 0 1 3068.dat
1 288 -60 -16 -100 1 0 0 0 1 0 0 0 1 3068.dat
1 288 -60 -16 -60 1 0 0 0 1 0 0 0 1 3068.dat
1 288 -100 -16 -60 1 0 0 0 1 0 0 0 1 3068.dat
1 72 20 -16 20 1 0 0 0 1 0 0 0 1 3068.dat
1 72 20 -16 -20 1 0 0 0 1 0 0 0 1 3068.dat
1 72 -20 -16 20 1 0 0 0 1 0 0 0 1 3068.dat
1 72 -20 -16 -20 1 0 0 0 1 0 0 0 1 3068.dat
1 72 0 -16 60 1 0 0 0 1 0 0 0 1 87079.dat
1 72 0 -16 100 1 0 0 0 1 0 0 0 1 87079.dat
1 72 0 -16 -60 1 0 0 0 1 0 0 0 1 87079.dat
1 72 0 -16 -100 1 0 0 0 1 0 0 0 1 87079.dat
1 72 -60 -16 0 0 0 -1 0 1 0 1 0 0 87079.dat
1 72 -100 -16 0 0 0 -1 0 1 0 1 0 0 87079.dat
1 72 60 -16 0 0 0 -1 0 1 0 1 0 0 87079.dat
1 72 100 -16 0 0 0 -1 0 1 0 1 0 0 87079.dat
1 71 -100 -16 100 0.707 0 -0.707 0 1 0 0.707 0 0.707 3679.dat
1 71 -107.07 -24 107.07 0.707 0 -0.707 0 1 0 0.707 0 0.707 15573.dat
1 71 -92.93 -24 92.93 0.707 0 -0.707 0 1 0 0.707 0 0.707 15573.dat
1 71 -100 -32 100 -0.707 0 -0.707 0 1 0 0.707 0 -0.707 92280.dat
1 71 -73.6371 -77.4908 73.6371 -0.425473 0.56461 -0.707 0.7986 0.6018 0 0.425473 -0.56461 -0.707 3623.dat
1 71 -73.8993 -90.2912 73.8993 -0.425473 0.56461 -0.707 0.7986 0.6018 0 0.425473 -0.56461 -0.707 3023.dat
1 71 -90.9182 -58.3472 90.9182 0.425473 0.56461 0.707 -0.7986 0.6018 0 -0.425473 -0.56461 0.707 99780.dat
1 71 -78.4161 -95.1056 78.4161 0.425473 0.56461 0.707 -0.7986 0.6018 0 -0.425473 -0.56461 0.707 60478.dat
1 71 -95.435 -63.1616 95.435 -0.425473 0.56461 -0.707 0.7986 0.6018 0 0.425473 -0.56461 -0.707 60478.dat
1 71 -99.9519 -67.976 99.9519 -0.425473 0.56461 -0.707 0.7986 0.6018 0 0.425473 -0.56461 -0.707 99781.dat
1 71 -103.3467 -67.5368 72.2387 -0.425473 0.707 0.56461 0.7986 0 0.6018 0.425473 0.707 -0.56461 3070.dat
1 71 -74.4971 -69.944 105.6051 -0.425473 -0.707 -0.56461 0.7986 0 -0.6018 0.425473 -0.707 0.56461 3070.dat
1 71 -83.0065 -53.972 114.1145 0.56461 -0.707 -0.425473 0.6018 0 0.7986 -0.56461 -0.707 0.425473 2555.dat
1 71 -111.8561 -51.5648 80.7481 0.56461 0.707 0.425473 0.6018 0 -0.7986 -0.56461 0.707 -0.425473 2555.dat
1 71 -82.933 -99.92 82.933 0.425473 0.56461 0.707 -0.7986 0.6018 0 -0.425473 -0.56461 0.707 3023.dat
1 71 -95.9594 -88.7624 95.9594 0.425473 0.56461 0.707 -0.7986 0.6018 0 -0.425473 -0.56461 0.707 2431.dat
1 71 100 -16 100 0.707 0 0.707 0 1 0 -0.707 0 0.707 3679.dat
1 71 107.07 -24 107.07 0.707 0 0.707 0 1 0 -0.707 0 0.707 15573.dat
1 71 92.93 -24 92.93 0.707 0 0.707 0 1 0 -0.707 0 0.707 15573.dat
1 71 100 -32 100 0.707 0 -0.707 0 1 0 0.707 0 0.707 92280.dat
1 71 73.6371 -77.4908 73.6371 0.425473 -0.56461 -0.707 0.7986 0.6018 0 0.425473 -0.56461 0.707 3623.dat
1 71 73.8993 -90.2912 73.8993 0.425473 -0.56461 -0.707 0.7986 0.6018 0 0.425473 -0.56461 0.707 3023.dat
1 71 90.9182 -58.3472 90.9182 -0.425473 -0.56461 0.707 -0.7986 0.6018 0 -0.425473 -0.56461 -0.707 99780.dat
1 71 78.4161 -95.1056 78.4161 -0.425473 -0.56461 0.707 -0.7986 0.6018 0 -0.425473 -0.56461 -0.707 60478.dat
1 71 95.435 -63.1616 95.435 0.425473 -0.56461 -0.707 0.7986 0.6018 0 0.425473 -0.56461 0.707 60478.dat
1 71 99.9519 -67.976 99.9519 0.425473 -0.56461 -0.707 0.7986 0.6018 0 0.425473 -0.56461 0.707 99781.dat
1 71 72.2387 -67.5368 103.3467 0.425473 0.707 -0.56461 0.7986 0 0.6018 0.425473 -0.707 -0.56461 3070.dat
1 71 105.6051 -69.944 74.4971 0.425473 -0.707 0.56461 0.7986 0 -0.6018 0.425473 0.707 0.56461 3070.dat
1 71 114.1145 -53.972 83.0065 -0.56461 -0.707 0.425473 0.6018 0 0.7986 -0.56461 0.707 0.425473 2555.dat
1 71 80.7481 -51.5648 111.8561 -0.56461 0.707 -0.425473 0.6018 0 -0.7986 -0.56461 -0.707 -0.425473 2555.dat
1 71 82.933 -99.92 82.933 -0.425473 -0.56461 0.707 -0.7986 0.6018 0 -0.425473 -0.56461 -0.707 3023.dat
1 71 95.9594 -88.7624 95.9594 -0.425473 -0.56461 0.707 -0.7986 0.6018 0 -0.425473 -0.56461 -0.707 2431.dat
1 71 100 -16 -100 -0.707 0 0.707 0 1 0 -0.707 0 -0.707 3679.dat
1 71 107.07 -24 -107.07 -0.707 0 0.707 0 1 0 -0.707 0 -0.707 15573.dat
1 71 92.93 -24 -92.93 -0.707 0 0.707 0 1 0 -0.707 0 -0.707 15573.dat
1 71 100 -32 -100 0.707 0 0.707 0 1 0 -0.707 0 0.707 92280.dat
1 71 73.6371 -77.4908 -73.6371 0.425473 -0.56461 0.707 0.7986 0.6018 0 -0.425473 0.56461 0.707 3623.dat
1 71 73.8993 -90.2912 -73.8993 0.425473 -0.56461 0.707 0.7986 0.6018 0 -0.425473 0.56461 0.707 3023.dat
1 71 90.9182 -58.3472 -90.9182 -0.425473 -0.56461 -0.707 -0.7986 0.6018 0 0.425473 0.56461 -0.707 99780.dat
1 71 78.4161 -95.1056 -78.4161 -0.425473 -0.56461 -0.707 -0.7986 0.6018 0 0.425473 0.56461 -0.707 60478.dat
1 71 95.435 -63.1616 -95.435 0.425473 -0.56461 0.707 0.7986 0.6018 0 -0.425473 0.56461 0.707 60478.dat
1 71 99.9519 -67.976 -99.9519 0.425473 -0.56461 0.707 0.7986 0.6018 0 -0.425473 0.56461 0.707 99781.dat
1 71 103.3467 -67.5368 -72.2387 0.425473 -0.707 -0.56461 0.7986 0 0.6018 -0.425473 -0.707 0.56461 3070.dat
1 71 74.4971 -69.944 -105.6051 0.425473 0.707 0.56461 0.7986 0 -0.6018 -0.425473 0.707 -0.56461 3070.dat
1 71 83.0065 -53.972 -114.1145 -0.56461 0.707 0.425473 0.6018 0 0.7986 0.56461 0.707 -0.425473 2555.dat
1 71 111.8561 -51.5648 -80.7481 -0.56461 -0.707 -0.425473 0.6018 0 -0.7986 0.56461 -0.707 0.425473 2555.dat
1 71 82.933 -99.92 -82.933 -0.425473 -0.56461 -0.707 -0.7986 0.6018 0 0.425473 0.56461 -0.707 3023.dat
1 71 95.9594 -88.7624 -95.9594 -0.425473 -0.56461 -0.707 -0.7986 0.6018 0 0.425473 0.56461 -0.707 2431.dat
1 71 -100 -16 -100 -0.707 0 -0.707 0 1 0 0.707 0 -0.707 3679.dat
1 71 -107.07 -24 -107.07 -0.707 0 -0.707 0 1 0 0.707 0 -0.707 15573.dat
1 71 -92.93 -24 -92.93 -0.707 0 -0.707 0 1 0 0.707 0 -0.707 15573.dat
1 71 -100 -32 -100 -0.707 0 0.707 0 1 0 -0.707 0 -0.707 92280.dat
1 71 -73.6371 -77.4908 -73.6371 -0.425473 0.56461 0.707 0.7986 0.6018 0 -0.425473 0.56461 -0.707 3623.dat
1 71 -73.8993 -90.2912 -73.8993 -0.425473 0.56461 0.707 0.7986 0.6018 0 -0.425473 0.56461 -0.707 3023.dat
1 71 -90.9182 -58.3472 -90.9182 0.425473 0.56461 -0.707 -0.7986 0.6018 0 0.425473 0.56461 0.707 99780.dat
1 71 -78.4161 -95.1056 -78.4161 0.425473 0.56461 -0.707 -0.7986 0.6018 0 0.425473 0.56461 0.707 60478.dat
1 71 -95.435 -63.1616 -95.435 -0.425473 0.56461 0.707 0.7986 0.6018 0 -0.425473 0.56461 -0.707 60478.dat
1 71 -99.9519 -67.976 -99.9519 -0.425473 0.56461 0.707 0.7986 0.6018 0 -0.425473 0.56461 -0.707 99781.dat
1 71 -72.2387 -67.5368 -103.3467 -0.425473 -0.707 0.56461 0.7986 0 0.6018 -0.425473 0.707 0.56461 3070.dat
1 71 -105.6051 -69.944 -74.4971 -0.425473 0.707 -0.56461 0.7986 0 -0.6018 -0.425473 -0.707 -0.56461 3070.dat
1 71 -114.1145 -53.972 -83.0065 0.56461 0.707 -0.425473 0.6018 0 0.7986 0.56461 -0.707 -0.425473 2555.dat
1 71 -80.7481 -51.5648 -111.8561 0.56461 -0.707 0.425473 0.6018 0 -0.7986 0.56461 0.707 0.425473 2555.dat
1 71 -82.933 -99.92 -82.933 0.425473 0.56461 -0.707 -0.7986 0.6018 0 0.425473 0.56461 0.707 3023.dat
1 71 -95.9594 -88.7624 -95.9594 0.425473 0.56461 -0.707 -0.7986 0.6018 0 0.425473 0.56461 0.707 2431.dat
1 71 0 -112 0 0 0 -1 0 1 0 1 0 0 3958.dat
1 71 0 -120 0 0 0 -1 0 1 0 1 0 0 3795.dat
1 72 -30 -120 10 0 0 -1 0 1 0 1 0 0 2420.dat
1 72 -30 -120 -10 -1 0 0 0 1 0 0 0 -1 2420.dat
1 72 30 -120 -10 0 0 1 0 1 0 -1 0 0 2420.dat
1 72 30 -120 10 1 0 0 0 1 0 0 0 1 2420.dat
1 72 0 -128 0 1 0 0 0 1 0 0 0 1 4032.dat
1 71 -40 -128 0 1 0 0 0 1 0 0 0 1 3022.dat
1 71 40 -128 0 1 0 0 0 1 0 0 0 1 3022.dat
1 71 50 -120 50 -0.7071 0 -0.7071 0 1 0 0.7071 0 -0.7071 61252.dat
1 71 50 -128 50 -0.7071 0 -0.7071 0 1 0 0.7071 0 -0.7071 3024.dat
1 71 -50 -120 50 -0.7071 0 0.7071 0 1 0 -0.7071 0 -0.7071 61252.dat
1 71 -50 -128 50 -0.7071 0 0.7071 0 1 0 -0.7071 0 -0.7071 3024.dat
1 71 50 -120 -50 0.7071 0 -0.7071 0 1 0 0.7071 0 0.7071 61252.dat
1 71 50 -128 -50 0.7071 0 -0.7071 0 1 0 0.7071 0 0.7071 3024.dat
1 71 -50 -120 -50 0.7071 0 0.7071 0 1 0 -0.7071 0 0.7071 61252.dat
1 71 -50 -128 -50 0.7071 0 0.7071 0 1 0 -0.7071 0 0.7071 3024.dat
1 72 0 -136 0 0 0 -1 0 1 0 1 0 0 4151.dat
1 72 -10 -128 30 0 0 -1 0 1 0 1 0 0 2420.dat
1 72 10 -128 30 1 0 0 0 1 0 0 0 1 2420.dat
1 72 10 -128 -30 0 0 1 0 1 0 -1 0 0 2420.dat
1 72 -10 -128 -30 -1 0 0 0 1 0 0 0 -1 2420.dat
1 72 0 -144 0 0 0 -1 0 1 0 1 0 0 4032.dat
1 71 70 -144 0 0 0 -1 0 1 0 1 0 0 3023.dat
1 71 -70 -144 0 0 0 -1 0 1 0 1 0 0 3023.dat
1 71 0 -144 -70 -1 0 0 0 1 0 0 0 -1 3023.dat
1 71 0 -144 70 -1 0 0 0 1 0 0 0 -1 3023.dat
1 71 40 -144 70 -1 0 0 0 1 0 0 0 -1 10201.dat
1 87 60 -134 92 -1 0 0 0 0 -1 0 -1 0 2412.dat
1 87 20 -134 92 -1 0 0 0 0 -1 0 -1 0 2412.dat
1 71 -40 -144 70 -1 0 0 0 1 0 0 0 -1 10201.dat
1 87 -20 -134 92 -1 0 0 0 0 -1 0 -1 0 2412.dat
1 87 -60 -134 92 -1 0 0 0 0 -1 0 -1 0 2412.dat
1 71 -40 -144 -70 1 0 0 0 1 0 0 0 1 10201.dat
1 87 -60 -134 -92 1 0 0 0 0 -1 0 1 0 2412.dat
1 87 -20 -134 -92 1 0 0 0 0 -1 0 1 0 2412.dat
1 71 40 -144 -70 1 0 0 0 1 0 0 0 1 10201.dat
1 87 20 -134 -92 1 0 0 0 0 -1 0 1 0 2412.dat
1 87 60 -134 -92 1 0 0 0 0 -1 0 1 0 2412.dat
1 71 70 -144 -40 0 0 -1 0 1 0 1 0 0 10201.dat
1 87 92 -134 -60 0 -1 0 0 0 -1 1 0 0 2412.dat
1 87 92 -134 -20 0 -1 0 0 0 -1 1 0 0 2412.dat
1 71 70 -144 40 0 0 -1 0 1 0 1 0 0 10201.dat
1 87 92 -134 20 0 -1 0 0 0 -1 1 0 0 2412.dat
1 87 92 -134 60 0 -1 0 0 0 -1 1 0 0 2412.dat
1 71 -70 -144 40 0 0 1 0 1 0 -1 0 0 10201.dat
1 87 -92 -134 60 0 1 0 0 0 -1 -1 0 0 2412.dat
1 87 -92 -134 20 0 1 0 0 0 -1 -1 0 0 2412.dat
1 71 -70 -144 -40 0 0 1 0 1 0 -1 0 0 10201.dat
1 87 -92 -134 -20 0 1 0 0 0 -1 -1 0 0 2412.dat
1 87 -92 -134 -60 0 1 0 0 0 -1 -1 0 0 2412.dat
1 71 -70 -144 70 0 0 1 0 1 0 -1 0 0 3024.dat
1 71 70 -144 70 0 0 1 0 1 0 -1 0 0 3024.dat
1 71 70 -144 -70 0 0 1 0 1 0 -1 0 0 3024.dat
1 71 -70 -144 -70 0 0 1 0 1 0 -1 0 0 3024.dat
1 71 70 -152 0 0 0 1 0 1 0 -1 0 0 2431.dat
1 71 -70 -152 0 0 0 1 0 1 0 -1 0 0 2431.dat
1 71 0 -152 -70 1 0 0 0 1 0 0 0 1 2431.dat
1 71 0 -152 70 1 0 0 0 1 0 0 0 1 2431.dat
1 71 70 -152 70 0.7071 0 -0.7071 0 1 0 0.7071 0 0.7071 2555.dat
1 71 63.5412 -186.645 63.5412 0.259152 -0.657886 -0.7071 0.9304 0.3665 0 0.259152 -0.657886 0.7071 60478.dat
1 71 60.8696 -174.409 60.8696 0.259152 -0.657886 -0.7071 0.9304 0.3665 0 0.259152 -0.657886 0.7071 3024.dat
1 71 53.0951 -202.321 53.0951 -0.259152 -0.657886 0.7071 -0.9304 0.3665 0 -0.259152 -0.657886 -0.7071 60478.dat
1 71 53.015 -180.781 53.015 -0.259152 -0.657886 0.7071 -0.9304 0.3665 0 -0.259152 -0.657886 -0.7071 3023.dat
1 71 55.7666 -214.557 55.7666 -0.259152 -0.657886 0.7071 -0.9304 0.3665 0 -0.259152 -0.657886 -0.7071 3024.dat
1 71 66.2128 -198.881 66.2128 -0.259152 -0.657886 0.7071 -0.9304 0.3665 0 -0.259152 -0.657886 -0.7071 63864.dat
1 71 -70 -152 70 -0.7071 0 -0.7071 0 1 0 0.7071 0 -0.7071 2555.dat
1 71 -63.5412 -186.645 63.5412 -0.259152 0.657886 -0.7071 0.9304 0.3665 0 0.259152 -0.657886 -0.7071 60478.dat
1 71 -60.8696 -174.409 60.8696 -0.259152 0.657886 -0.7071 0.9304 0.3665 0 0.259152 -0.657886 -0.7071 3024.dat
1 71 -53.0951 -202.321 53.0951 0.259152 0.657886 0.7071 -0.9304 0.3665 0 -0.259152 -0.657886 0.7071 60478.dat
1 71 -53.015 -180.781 53.015 0.259152 0.657886 0.7071 -0.9304 0.3665 0 -0.259152 -0.657886 0.7071 3023.dat
1 71 -55.7666 -214.557 55.7666 0.259152 0.657886 0.7071 -0.9304 0.3665 0 -0.259152 -0.657886 0.7071 3024.dat
1 71 -66.2128 -198.881 66.2128 0.259152 0.657886 0.7071 -0.9304 0.3665 0 -0.259152 -0.657886 0.7071 63864.dat
1 71 -70 -152 -70 -0.7071 0 0.7071 0 1 0 -0.7071 0 -0.7071 2555.dat
1 71 -63.5412 -186.645 -63.5412 -0.259152 0.657886 0.7071 0.9304 0.3665 0 -0.259152 0.657886 -0.7071 60478.dat
1 71 -60.8696 -174.409 -60.8696 -0.259152 0.657886 0.7071 0.9304 0.3665 0 -0.259152 0.657886 -0.7071 3024.dat
1 71 -53.0951 -202.321 -53.0951 0.259152 0.657886 -0.7071 -0.9304 0.3665 0 0.259152 0.657886 0.7071 60478.dat
1 71 -53.015 -180.781 -53.015 0.259152 0.657886 -0.7071 -0.9304 0.3665 0 0.259152 0.657886 0.7071 3023.dat
1 71 -55.7666 -214.557 -55.7666 0.259152 0.657886 -0.7071 -0.9304 0.3665 0 0.259152 0.657886 0.7071 3024.dat
1 71 -66.2128 -198.881 -66.2128 0.259152 0.657886 -0.7071 -0.9304 0.3665 0 0.259152 0.657886 0.7071 63864.dat
1 71 70 -152 -70 0.7071 0 0.7071 0 1 0 -0.7071 0 0.7071 2555.dat
1 71 63.5412 -186.645 -63.5412 0.259152 -0.657886 0.7071 0.9304 0.3665 0 -0.259152 0.657886 0.7071 60478.dat
1 71 60.8696 -174.409 -60.8696 0.259152 -0.657886 0.7071 0.9304 0.3665 0 -0.259152 0.657886 0.7071 3024.dat
1 71 53.0951 -202.321 -53.0951 -0.259152 -0.657886 -0.7071 -0.9304 0.3665 0 0.259152 0.657886 -0.7071 60478.dat
1 71 53.015 -180.781 -53.015 -0.259152 -0.657886 -0.7071 -0.9304 0.3665 0 0.259152 0.657886 -0.7071 3023.dat
1 71 55.7666 -214.557 -55.7666 -0.259152 -0.657886 -0.7071 -0.9304 0.3665 0 0.259152 0.657886 -0.7071 3024.dat
1 71 66.2128 -198.881 -66.2128 -0.259152 -0.657886 -0.7071 -0.9304 0.3665 0 0.259152 0.657886 -0.7071 63864.dat
1 71 0 -164 0 0 -1 0 0 0 -1 1 0 0 59443.dat
1 4 0 -144 0 0 -1 0 -1 0 0 0 0 -1 32062.dat
1 4 0 -184 0 0 -1 0 -1 0 0 0 0 -1 32062.dat
1 71 0 -208 0 0 0 1 0 1 0 -1 0 0 6143.dat
1 71 0 -216 0 0 0 1 0 1 0 -1 0 0 3022.dat
1 71 0 -224 0 0 0 1 0 1 0 -1 0 0 3031.dat
1 72 0 -232 0 0 0 1 0 1 0 -1 0 0 4032.dat
1 71 0 -240 0 0 0 1 0 1 0 -1 0 0 3022.dat
1 71 -30 -232 -30 0.7071 0 0.7071 0 1 0 -0.7071 0 0.7071 61252.dat
1 71 -30 -240 -30 0.7071 0 0.7071 0 1 0 -0.7071 0 0.7071 3024.dat
1 71 30 -232 30 -0.7071 0 -0.7071 0 1 0 0.7071 0 -0.7071 61252.dat
1 71 30 -240 30 -0.7071 0 -0.7071 0 1 0 0.7071 0 -0.7071 3024.dat
1 71 30 -232 -30 0.7071 0 -0.7071 0 1 0 0.7071 0 0.7071 61252.dat
1 71 30 -240 -30 0.7071 0 -0.7071 0 1 0 0.7071 0 0.7071 3024.dat
1 71 -30 -232 30 -0.7071 0 0.7071 0 1 0 -0.7071 0 -0.7071 61252.dat
1 71 -30 -240 30 -0.7071 0 0.7071 0 1 0 -0.7071 0 -0.7071 3024.dat
1 71 0 -248 0 0 0 -1 0 1 0 1 0 0 3958.dat
1 71 20 -256 20 0 0 -1 0 1 0 1 0 0 87580.dat
1 71 -20 -256 20 0 0 -1 0 1 0 1 0 0 87580.dat
1 71 20 -256 -20 0 0 -1 0 1 0 1 0 0 87580.dat
1 71 -20 -256 -20 0 0 -1 0 1 0 1 0 0 87580.dat
1 71 -50 -256 40 0 0 1 0 1 0 -1 0 0 99781.dat
1 87 -72 -246 40 0 1 0 0 0 -1 -1 0 0 2412.dat
1 71 -40 -256 -50 1 0 0 0 1 0 0 0 1 99781.dat
1 87 -40 -246 -72 1 0 0 0 0 -1 0 1 0 2412.dat
1 71 50 -256 -40 0 0 -1 0 1 0 1 0 0 99781.dat
1 87 72 -246 -40 0 -1 0 0 0 -1 1 0 0 2412.dat
1 71 40 -256 50 -1 0 0 0 1 0 0 0 -1 99781.dat
1 87 40 -246 72 -1 0 0 0 0 -1 0 -1 0 2412.dat
1 71 20 -256 -50 1 0 0 0 1 0 0 0 1 10201.dat
1 87 0 -246 -72 1 0 0 0 0 -1 0 1 0 2412.dat
1 87 40 -246 -72 1 0 0 0 0 -1 0 1 0 2412.dat
1 71 50 -256 20 0 0 -1 0 1 0 1 0 0 10201.dat
1 87 72 -246 0 0 -1 0 0 0 -1 1 0 0 2412.dat
1 87 72 -246 40 0 -1 0 0 0 -1 1 0 0 2412.dat
1 71 -20 -256 50 -1 0 0 0 1 0 0 0 -1 10201.dat
1 87 0 -246 72 -1 0 0 0 0 -1 0 -1 0 2412.dat
1 87 -40 -246 72 -1 0 0 0 0 -1 0 -1 0 2412.dat
1 71 -50 -256 -20 0 0 1 0 1 0 -1 0 0 10201.dat
1 87 -72 -246 0 0 1 0 0 0 -1 -1 0 0 2412.dat
1 87 -72 -246 -40 0 1 0 0 0 -1 -1 0 0 2412.dat
1 71 -50 -264 0 0 0 1 0 1 0 -1 0 0 2431.dat
1 71 50 -264 0 0 0 1 0 1 0 -1 0 0 2431.dat
1 71 0 -264 -50 -1 0 0 0 1 0 0 0 -1 6636.dat
1 71 0 -264 50 -1 0 0 0 1 0 0 0 -1 6636.dat
1 71 0 -264 0 0 0 1 0 1 0 -1 0 0 3031.dat
1 71 0 -272 0 0 0 1 0 1 0 -1 0 0 3022.dat
1 72 0 -280 0 0 0 1 0 1 0 -1 0 0 4032.dat
1 71 -37.071 -272 -37.071 -0.7071 0 0.7071 0 1 0 -0.7071 0 -0.7071 92280.dat
1 71 -29.2888 -345.0426 -29.2888 0.153016 0.690342 -0.7071 -0.9763 0.2164 0 0.153016 0.690342 0.7071 3666.dat
1 71 -34.8115 -346.7738 -34.8115 0.153016 0.690342 -0.7071 -0.9763 0.2164 0 0.153016 0.690342 0.7071 3023.dat
1 71 -28.6909 -385.8258 -28.6909 0.153016 0.690342 -0.7071 -0.9763 0.2164 0 0.153016 0.690342 0.7071 60478.dat
1 71 -40.9322 -307.7218 -40.9322 -0.153016 0.690342 0.7071 0.9763 0.2164 0 -0.153016 0.690342 -0.7071 60478.dat
1 71 -40.3343 -348.505 -40.3343 -0.153016 0.690342 0.7071 0.9763 0.2164 0 -0.153016 0.690342 -0.7071 6636.dat
1 71 37.071 -272 -37.071 0.7071 0 0.7071 0 1 0 -0.7071 0 0.7071 92280.dat
1 71 29.2888 -345.0426 -29.2888 -0.153016 -0.690342 -0.7071 -0.9763 0.2164 0 0.153016 0.690342 -0.7071 3666.dat
1 71 34.8115 -346.7738 -34.8115 -0.153016 -0.690342 -0.7071 -0.9763 0.2164 0 0.153016 0.690342 -0.7071 3023.dat
1 71 28.6909 -385.8258 -28.6909 -0.153016 -0.690342 -0.7071 -0.9763 0.2164 0 0.153016 0.690342 -0.7071 60478.dat
1 71 40.9322 -307.7218 -40.9322 0.153016 -0.690342 0.7071 0.9763 0.2164 0 -0.153016 0.690342 0.7071 60478.dat
1 71 40.3343 -348.505 -40.3343 0.153016 -0.690342 0.7071 0.9763 0.2164 0 -0.153016 0.690342 0.7071 6636.dat
1 71 37.071 -272 37.071 0.7071 0 -0.7071 0 1 0 0.7071 0 0.7071 92280.dat
1 71 29.2888 -345.0426 29.2888 -0.153016 -0.690342 0.7071 -0.9763 0.2164 0 -0.153016 -0.690342 -0.7071 3666.dat
1 71 34.8115 -346.7738 34.8115 -0.153016 -0.690342 0.7071 -0.9763 0.2164 0 -0.153016 -0.690342 -0.7071 3023.dat
1 71 28.6909 -385.8258 28.6909 -0.153016 -0.690342 0.7071 -0.9763 0.2164 0 -0.153016 -0.690342 -0.7071 60478.dat
1 71 40.9322 -307.7218 40.9322 0.153016 -0.690342 -0.7071 0.9763 0.2164 0 0.153016 -0.690342 0.7071 60478.dat
1 71 40.3343 -348.505 40.3343 0.153016 -0.690342 -0.7071 0.9763 0.2164 0 0.153016 -0.690342 0.7071 6636.dat
1 71 -37.071 -272 37.071 -0.7071 0 -0.7071 0 1 0 0.7071 0 -0.7071 92280.dat
1 71 -29.2888 -345.0426 29.2888 0.153016 0.690342 0.7071 -0.9763 0.2164 0 -0.153016 -0.690342 0.7071 3666.dat
1 71 -34.8115 -346.7738 34.8115 0.153016 0.690342 0.7071 -0.9763 0.2164 0 -0.153016 -0.690342 0.7071 3023.dat
1 71 -28.6909 -385.8258 28.6909 0.153016 0.690342 0.7071 -0.9763 0.2164 0 -0.153016 -0.690342 0.7071 60478.dat
1 71 -40.9322 -307.7218 40.9322 -0.153016 0.690342 -0.7071 0.9763 0.2164 0 0.153016 -0.690342 -0.7071 60478.dat
1 71 -40.3343 -348.505 40.3343 -0.153016 0.690342 -0.7071 0.9763 0.2164 0 0.153016 -0.690342 -0.7071 6636.dat
1 71 0 -280 0 0 0 -1 0 1 0 1 0 0 11833.dat
1 71 0 -288 0 1 0 0 0 1 0 0 0 1 3709.dat
1 87 0 -288 -30 1 0 0 0 1 0 0 0 1 2412.dat
1 87 0 -288 30 1 0 0 0 1 0 0 0 1 2412.dat
1 71 0 -342 0 0 1 0 -1 0 0 0 0 1 44294.dat
1 71 0 -420 0 1 0 0 0 1 0 0 0 1 59900.dat
1 72 0 -444 0 0.7071 0 0.7071 0 1 0 -0.7071 0 0.7071 4733.dat
1 71 12.7278 -434 -12.7278 0 -0.7071 0.7071 1 0 0 0 0.7071 0.7071 3024.dat
1 71 -12.7278 -434 12.7278 0 0.7071 0.7071 -1 0 0 0 -0.7071 0.7071 3024.dat
1 71 -12.7278 -434 -12.7278 0 0.7071 0.7071 1 0 0 0 0.7071 -0.7071 3024.dat
1 71 12.7278 -434 12.7278 0 -0.7071 0.7071 -1 0 0 0 -0.7071 -0.7071 3024.dat
1 71 -24.0414 -434 24.0414 -0.7071 0.7071 0 0 0 -1 -0.7071 -0.7071 0 61252.dat
1 71 24.0414 -434 -24.0414 0.7071 -0.7071 0 0 0 -1 0.7071 0.7071 0 61252.dat
1 71 24.0414 -434 24.0414 -0.7071 -0.7071 0 0 0 -1 0.7071 -0.7071 0 61252.dat
1 71 -24.0414 -434 -24.0414 0.7071 0.7071 0 0 0 -1 -0.7071 0.7071 0 61252.dat
1 71 -18.3846 -434 -18.3846 -0.7071 0.7071 0 0 0 1 0.7071 0.7071 0 61252.dat
1 71 -17.4583 -484.0572 -17.4583 -0.03083 0.706393 0.7071 0.999 0.0436 0 -0.03083 0.706393 -0.7071 60478.dat
1 71 -21.2597 -544.346 -21.2597 0.03083 0.706393 -0.7071 -0.999 0.0436 0 0.03083 0.706393 0.7071 4162.dat
1 71 -13.7588 -603.9372 -13.7588 0.03083 0.706393 -0.7071 -0.999 0.0436 0 0.03083 0.706393 0.7071 60478.dat
1 71 -15.6085 -543.9972 -15.6085 0.03083 0.706393 -0.7071 -0.999 0.0436 0 0.03083 0.706393 0.7071 3710.dat
1 71 18.3846 -434 18.3846 0.7071 -0.7071 0 0 0 1 -0.7071 -0.7071 0 61252.dat
1 71 17.4583 -484.0572 17.4583 0.03083 -0.706393 -0.7071 0.999 0.0436 0 0.03083 -0.706393 0.7071 60478.dat
1 71 21.2597 -544.346 21.2597 -0.03083 -0.706393 0.7071 -0.999 0.0436 0 -0.03083 -0.706393 -0.7071 4162.dat
1 71 13.7588 -603.9372 13.7588 -0.03083 -0.706393 0.7071 -0.999 0.0436 0 -0.03083 -0.706393 -0.7071 60478.dat
1 71 15.6085 -543.9972 15.6085 -0.03083 -0.706393 0.7071 -0.999 0.0436 0 -0.03083 -0.706393 -0.7071 3710.dat
1 71 -18.3846 -434 18.3846 0.7071 0.7071 0 0 0 1 0.7071 -0.7071 0 61252.dat
1 71 -17.4583 -484.0572 17.4583 -0.03083 0.706393 -0.7071 0.999 0.0436 0 0.03083 -0.706393 -0.7071 60478.dat
1 71 -21.2597 -544.346 21.2597 0.03083 0.706393 0.7071 -0.999 0.0436 0 -0.03083 -0.706393 0.7071 4162.dat
1 71 -13.7588 -603.9372 13.7588 0.03083 0.706393 0.7071 -0.999 0.0436 0 -0.03083 -0.706393 0.7071 60478.dat
1 71 -15.6085 -543.9972 15.6085 0.03083 0.706393 0.7071 -0.999 0.0436 0 -0.03083 -0.706393 0.7071 3710.dat
1 71 18.3846 -434 -18.3846 -0.7071 -0.7071 0 0 0 1 -0.7071 0.7071 0 61252.dat
1 71 17.4583 -484.0572 -17.4583 0.03083 -0.706393 0.7071 0.999 0.0436 0 -0.03083 0.706393 0.7071 60478.dat
1 71 21.2597 -544.346 -21.2597 -0.03083 -0.706393 -0.7071 -0.999 0.0436 0 0.03083 0.706393 -0.7071 4162.dat
1 71 13.7588 -603.9372 -13.7588 -0.03083 -0.706393 -0.7071 -0.999 0.0436 0 0.03083 0.706393 -0.7071 60478.dat
1 71 15.6085 -543.9972 -15.6085 -0.03083 -0.706393 -0.7071 -0.999 0.0436 0 0.03083 0.706393 -0.7071 3710.dat
1 72 0 -664 0 -0.7071 0 0.7071 0 1 0 -0.7071 0 -0.7071 4733.dat
1 71 -12.7278 -654 12.7278 -0.7071 0.7071 0 0 0 -1 -0.7071 -0.7071 0 61252.dat
1 71 12.7278 -654 -12.7278 0.7071 -0.7071 0 0 0 -1 0.7071 0.7071 0 61252.dat
1 71 12.7278 -654 12.7278 -0.7071 -0.7071 0 0 0 -1 0.7071 -0.7071 0 61252.dat
1 71 -12.7278 -654 -12.7278 0.7071 0.7071 0 0 0 -1 -0.7071 0.7071 0 61252.dat
1 71 12.7278 -654 12.7278 -0.7071 -0.7071 0 0 0 -1 0.7071 -0.7071 0 50746.dat
1 71 -12.7278 -654 -12.7278 0.7071 0.7071 0 0 0 -1 -0.7071 0.7071 0 50746.dat
1 71 12.7278 -654 -12.7278 0.7071 -0.7071 0 0 0 -1 0.7071 0.7071 0 50746.dat
1 71 -12.7278 -654 12.7278 -0.7071 0.7071 0 0 0 -1 -0.7071 -0.7071 0 50746.dat
1 179 0 -672 0 0 0 -1 0 1 0 1 0 0 30033.dat
1 71 0 -696 0 0 0 -1 0 1 0 1 0 0 30367.dat
1 71 0 -752 0 0 0 -1 0 1 0 1 0 0 30374.dat
