0 Main
0 Name: 31084-1 - Pirate Roller Coaster - Skull ride.mpd
0 Author: LTRON
1 2 -20 -16 -100 0 0 -1 0 1 0 1 0 0 4032.dat
1 2 -20 -16 100 0 0 -1 0 1 0 1 0 0 4032.dat
1 19 -20 -16 -140 0 0 -1 0 1 0 1 0 0 4032.dat
1 19 -20 -16 140 0 0 -1 0 1 0 1 0 0 4032.dat
1 72 -50 -16 -70 0 0 -1 0 1 0 1 0 0 6141.dat
1 72 10 -16 -70 0 0 -1 0 1 0 1 0 0 6141.dat
1 72 -50 -16 70 0 0 -1 0 1 0 1 0 0 6141.dat
1 72 10 -16 70 0 0 -1 0 1 0 1 0 0 6141.dat
1 72 -20 -32 -50 1 0 0 0 1 0 0 0 1 3039.dat
1 72 -20 -32 50 -1 0 0 0 1 0 0 0 -1 3039.dat
1 71 -50 -80 -40 0 0 1 0 1 0 -1 0 0 3684.dat
1 71 -50 -80 40 0 0 1 0 1 0 -1 0 0 3684.dat
1 71 10 -80 -40 0 0 -1 0 1 0 1 0 0 3684.dat
1 71 10 -80 40 0 0 -1 0 1 0 1 0 0 3684.dat
1 19 -20 -40 0 -1 0 0 0 1 0 0 0 -1 4282.dat
1 71 -20 -48 10 -1 0 0 0 1 0 0 0 -1 14704.dat
1 71 -20 -48 -10 1 0 0 0 1 0 0 0 1 14704.dat
1 72 -20 -48 50 1 0 0 0 1 0 0 0 1 14417.dat
1 72 -20 -48 -50 -1 0 0 0 1 0 0 0 -1 14417.dat
1 272 -20 -40 -50 -1 0 0 0 1 0 0 0 -1 3023.dat
1 272 -20 -40 50 -1 0 0 0 1 0 0 0 -1 3023.dat
1 19 60 -64 0 0 0 -1 0 1 0 1 0 0 2456.dat
1 19 -100 -64 0 0 0 -1 0 1 0 1 0 0 2456.dat
1 2 20 -48 0 0 0 -1 0 1 0 1 0 0 4032.dat
1 2 -60 -48 0 0 0 -1 0 1 0 1 0 0 4032.dat
1 71 60 -40 120 0 0 -1 0 1 0 1 0 0 3832.dat
1 71 -100 -40 120 0 0 -1 0 1 0 1 0 0 3832.dat
1 71 60 -40 -120 0 0 -1 0 1 0 1 0 0 3832.dat
1 71 -100 -40 -120 0 0 -1 0 1 0 1 0 0 3832.dat
1 19 -100 -64 120 0 0 -1 0 1 0 1 0 0 2456.dat
1 19 60 -64 120 0 0 -1 0 1 0 1 0 0 2456.dat
1 19 -100 -64 -120 0 0 -1 0 1 0 1 0 0 2456.dat
1 19 60 -64 -120 0 0 -1 0 1 0 1 0 0 2456.dat
1 72 -110 -64 -200 0 0 -1 0 1 0 1 0 0 30136.dat
1 72 70 -64 -200 0 0 -1 0 1 0 1 0 0 30136.dat
1 72 -110 -64 200 0 0 -1 0 1 0 1 0 0 30136.dat
1 72 70 -64 200 0 0 -1 0 1 0 1 0 0 30136.dat
1 71 -20 -64 -200 1 0 0 0 1 0 0 0 1 3007.dat
1 71 -20 -64 200 1 0 0 0 1 0 0 0 1 3007.dat
1 72 100 -64 0 1 0 0 0 1 0 0 0 1 6143.dat
1 72 -140 -64 0 1 0 0 0 1 0 0 0 1 6143.dat
1 71 -170 -64 0 0 0 1 0 1 0 -1 0 0 3747.dat
1 71 130 -64 0 0 0 -1 0 1 0 1 0 0 3747.dat
1 71 140 -72 0 1 0 0 0 1 0 0 0 1 3832.dat
1 71 -180 -72 0 1 0 0 0 1 0 0 0 1 3832.dat
1 19 -100 -72 -180 0 0 1 0 1 0 -1 0 0 3020.dat
1 19 60 -72 -180 0 0 1 0 1 0 -1 0 0 3020.dat
1 19 -100 -72 180 0 0 1 0 1 0 -1 0 0 3020.dat
1 19 60 -72 180 0 0 1 0 1 0 -1 0 0 3020.dat
1 19 -100 -72 -80 0 0 1 0 1 0 -1 0 0 3795.dat
1 19 -100 -72 80 0 0 1 0 1 0 -1 0 0 3795.dat
1 19 60 -72 80 0 0 1 0 1 0 -1 0 0 3795.dat
1 19 60 -72 -80 0 0 1 0 1 0 -1 0 0 3795.dat
1 19 -20 -40 -220 0 0 1 0 1 0 -1 0 0 3020.dat
1 25 -20 -40 220 0 0 1 0 1 0 -1 0 0 3020.dat
1 72 -20 -64 -240 0 0 1 0 1 0 -1 0 0 6143.dat
1 72 -20 -64 230 1 0 0 0 1 0 0 0 1 30136.dat
1 71 -20 -64 250 1 0 0 0 1 0 0 0 1 32064.dat
1 19 -20 -72 -220 0 0 1 0 1 0 -1 0 0 3020.dat
1 19 -20 -72 220 0 0 1 0 1 0 -1 0 0 3020.dat
1 71 30 -80 0 0 0 1 0 1 0 -1 0 0 11215.dat
1 71 -70 -80 0 0 0 -1 0 1 0 1 0 0 11215.dat
1 72 70 -80 -30 0 0 -1 0 1 0 1 0 0 6141.dat
1 4 70 -88 -70 0.695 0 0.719 0 1 0 -0.719 0 0.695 33121.dat
1 322 220 -88 0 0 0 -1 0 1 0 1 0 0 3068.dat
1 322 -20 -88 -240 0 0 -1 0 1 0 1 0 0 3068.dat
1 322 -260 -88 0 0 0 -1 0 1 0 1 0 0 3068.dat
1 322 -20 -88 240 0 0 -1 0 1 0 1 0 0 3068.dat
1 70 20 -40 200 0 0 -1 0 1 0 1 0 0 3022.dat
1 70 -60 -40 200 0 0 -1 0 1 0 1 0 0 3022.dat
1 28 -20 -32 180 -1 0 0 0 1 0 0 0 -1 18646.dat
1 71 -20 -54 290 0 1 0 0 0 -1 -1 0 0 32073.dat
1 70 -20 -54 284 0 0 1 -1 0 0 0 -1 0 6143.dat
1 84 -20 -54 284 -1 0 0 0 0 -1 0 -1 0 64951.dat
1 70 -20 -54 315 0 0 1 -1 0 0 0 -1 0 6143.dat
1 72 -20 -72 50 -1 0 0 0 1 0 0 0 -1 3660.dat
1 72 -20 -72 -50 1 0 0 0 1 0 0 0 1 3660.dat
1 72 -10 -80 -60 0 0 1 0 1 0 -1 0 0 3023.dat
1 72 -30 -80 60 0 0 1 0 1 0 -1 0 0 3023.dat
1 0 -30 -80 -60 0 0 1 0 1 0 -1 0 0 63868.dat
1 0 -10 -80 60 0 0 -1 0 1 0 1 0 0 63868.dat
1 25 -52.5 -78 90 0 0 1 0 1 0 -1 0 0 64648.dat
1 25 12.5 -78 -90 0 0 -1 0 1 0 1 0 0 64648.dat
1 71 -20 -104 -40 1 0 0 0 1 0 0 0 1 3001.dat
1 71 -20 -104 40 1 0 0 0 1 0 0 0 1 3001.dat
1 10 -20 -16 100 1 0 0 0 1 0 0 0 1 30093.dat
1 10 -20 -16 -100 -1 0 0 0 1 0 0 0 -1 30093.dat
1 43 -94.189 -16 118.727 -0.883 0 -0.469 0 1 0 0.469 0 -0.883 85959.dat
1 71 -20 -112 0 0 0 -1.000229 0 1 0 1.000229 0 0 32001.dat
1 71 -20.0004 -120 -40.0047 1.000229 0 0 0 1 0 0 0 1.000229 3020.dat
1 71 -19.9996 -120 40.0047 1.000229 0 0 0 1 0 0 0 1.000229 3020.dat
1 70 10.0038 -112 -0.0007 0 0 1.000229 0 1 0 -1.000229 0 0 3666.dat
1 70 -50.0038 -112 0.0007 0 0 1.000229 0 1 0 -1.000229 0 0 3666.dat
1 71 -20 -128 0 0 0 -1.000229 0 1 0 1.000229 0 0 32001.dat
1 322 -50.0038 -128 0.0007 0 0 -1.000229 0 1 0 1.000229 0 0 3666.dat
1 322 10.0038 -128 -0.0007 0 0 -1.000229 0 1 0 1.000229 0 0 3666.dat
1 322 -40.0028 -136 -40.0045 0 0 -1.000229 0 1 0 1.000229 0 0 3068.dat
1 322 0.0019 -136 -40.0049 0 0 -1.000229 0 1 0 1.000229 0 0 3068.dat
1 322 -40.0019 -136 40.0049 0 0 -1.000229 0 1 0 1.000229 0 0 3068.dat
1 322 0.0028 -136 40.0045 0 0 -1.000229 0 1 0 1.000229 0 0 3068.dat
1 321 -20 -90 0 -0.527 0 -0.85 0 1 0 0.85 0 -0.527 6143.dat
1 14 -20 -136 0 0 0.85 -0.527 -1 0 0 0 0.527 0.85 44294.dat
1 71 -20 -99 0 0.85 0.527 0 0 0 1 0.527 -0.85 0 32123.dat
1 72 -20 -144 0 -0.527 0 -0.85 0 1 0 0.85 0 -0.527 60474.dat
1 0 -20 -152 0 -0.527 0 -0.85 0 1 0 0.85 0 -0.527 3709.dat
1 72 -45.5 -168 -15.81 -0.527 0 -0.85 0 1 0 0.85 0 -0.527 30136.dat
1 72 9.58 -160 -28.73 -0.527 0 -0.85 0 1 0 0.85 0 -0.527 3023.dat
1 72 -32.58 -160 39.27 -0.527 0 -0.85 0 1 0 0.85 0 -0.527 3023.dat
1 72 -7.42 -160 -39.27 0.527 0 0.85 0 1 0 -0.85 0 0.527 48336.dat
1 72 -49.58 -160 28.73 0.527 0 0.85 0 1 0 -0.85 0 0.527 48336.dat
1 19 -20 -160 0 0.527 0 0.85 0 1 0 -0.85 0 0.527 4032.dat
1 71 -20 -168 0 0.527 0 0.85 0 1 0 -0.85 0 0.527 32001.dat
1 71 5.5 -168 15.81 0.527 0 0.85 0 1 0 -0.85 0 0.527 3010.dat
1 19 1.08 -176 -34 -0.85 0 0.527 0 1 0 -0.527 0 -0.85 3020.dat
1 72 -41.08 -192 34 -0.85 0 0.527 0 1 0 -0.527 0 -0.85 6143.dat
1 321 -20 -192 0 -0.85 0 0.527 0 1 0 -0.527 0 -0.85 6143.dat
1 15 -24.42 -200 -49.81 -0.527 0 -0.85 0 1 0 0.85 0 -0.527 30136.dat
1 15 -7.42 -200 -39.27 -0.527 0 -0.85 0 1 0 0.85 0 -0.527 30136.dat
1 15 9.58 -200 -28.73 -0.527 0 -0.85 0 1 0 0.85 0 -0.527 30136.dat
1 15 26.58 -200 -18.19 -0.527 0 -0.85 0 1 0 0.85 0 -0.527 30136.dat
1 71 -56.04 -192 1.19 0.527 0 0.85 0 1 0 -0.85 0 0.527 3010.dat
1 71 -5.04 -192 32.81 0.527 0 0.85 0 1 0 -0.85 0 0.527 3010.dat
1 0 -20 -200 0 -0.85 0 0.527 0 1 0 -0.527 0 -0.85 3709.dat
1 71 -41.08 -200 34 -0.85 0 0.527 0 1 0 -0.527 0 -0.85 3022.dat
1 84 -15.58 -200 49.81 -0.527 0 -0.85 0 1 0 0.85 0 -0.527 60470.dat
1 84 -66.58 -200 18.19 0.527 0 0.85 0 1 0 -0.85 0 0.527 60470.dat
1 0 -88.85 -198 16.15 0.85 0 0.527 0 -1 0 0.527 0 -0.85 23443.dat
1 72 -46.348 -224 42.495 0.85 0 -0.527 0 1 0 0.527 0 0.85 30136.dat
1 70 -20 -224 0 0.527 0 0.85 0 1 0 -0.85 0 0.527 3001.dat
1 15 6.348 -224 -42.495 -0.85 0 0.527 0 1 0 -0.527 0 -0.85 3010.dat
1 15 16.036 -224 -1.189 -0.527 0 -0.85 0 1 0 0.85 0 -0.527 3660.dat
1 72 -5.042 -224 32.807 -0.527 0 -0.85 0 1 0 0.85 0 -0.527 3660.dat
1 72 -20.851 -224 58.303 -0.527 0 -0.85 0 1 0 0.85 0 -0.527 3665.dat
1 72 -71.845 -224 26.686 0.527 0 0.85 0 1 0 -0.85 0 0.527 3665.dat
1 72 -56.036 -224 1.189 0.527 0 0.85 0 1 0 -0.85 0 0.527 3660.dat
1 15 -34.958 -224 -32.807 0.527 0 0.85 0 1 0 -0.85 0 0.527 3660.dat
1 15 26.575 -248 -18.187 0.527 0 0.85 0 1 0 -0.85 0 0.527 3660.dat
1 15 -24.419 -248 -49.804 -0.527 0 -0.85 0 1 0 0.85 0 -0.527 3660.dat
1 70 -20 -248 0 -0.85 0 0.527 0 1 0 -0.527 0 -0.85 3001.dat
1 15 33.034 -248 9.35 -0.527 0 -0.85 0 1 0 0.85 0 -0.527 3660.dat
1 15 -51.956 -248 -43.346 0.527 0 0.85 0 1 0 -0.85 0 0.527 3660.dat
1 15 19.265 -256 12.579 -0.85 0 0.527 0 1 0 -0.527 0 -0.85 3023.dat
1 15 -48.726 -256 -29.577 -0.85 0 0.527 0 1 0 -0.527 0 -0.85 3023.dat
1 15 -12.69 -272 -30.766 0.85 0 -0.527 0 1 0 0.527 0 0.85 3040.dat
1 15 4.308 -272 -20.227 0.85 0 -0.527 0 1 0 0.527 0 0.85 3040.dat
1 15 -63.684 -272 -62.384 0.85 0 -0.527 0 1 0 0.527 0 0.85 3005.dat
1 15 55.301 -272 11.39 0.85 0 -0.527 0 1 0 0.527 0 0.85 3005.dat
1 37 21.305 -248 -9.688 -0.85 0 0.527 0 1 0 -0.527 0 -0.85 30385.dat
1 15 29.804 -296 -4.419 -0.85 0 0.527 0 1 0 -0.527 0 -0.85 3659.dat
1 15 -38.187 -296 -46.575 -0.85 0 0.527 0 1 0 -0.527 0 -0.85 3659.dat
1 71 -48.726 -296 -29.577 -0.85 0 0.527 0 1 0 -0.527 0 -0.85 6182.dat
1 71 19.265 -296 12.579 -0.85 0 0.527 0 1 0 -0.527 0 -0.85 6182.dat
1 71 -25.27 -272 8.499 -0.85 0 0.527 0 1 0 -0.527 0 -0.85 3010.dat
1 72 -52.807 -272 14.958 -0.85 0 0.527 0 1 0 -0.527 0 -0.85 3678.dat
1 72 -18.811 -272 36.036 -0.85 0 0.527 0 1 0 -0.527 0 -0.85 3678.dat
1 71 -30.539 -296 16.998 -0.85 0 0.527 0 1 0 -0.527 0 -0.85 3001.dat
1 71 17.225 -296 34.847 -0.527 0 -0.85 0 1 0 0.85 0 -0.527 2449.dat
1 71 -67.764 -296 -17.849 0.527 0 0.85 0 1 0 -0.85 0 0.527 2449.dat
1 72 6.686 -296 51.845 -0.85 0 0.527 0 1 0 -0.527 0 -0.85 4460.dat
1 72 -78.303 -296 -0.851 -0.85 0 0.527 0 1 0 -0.527 0 -0.85 4460.dat
1 15 -17.96 -320 -22.267 -0.527 0 -0.85 0 1 0 0.85 0 -0.527 3004.dat
1 15 -0.962 -320 -11.728 -0.527 0 -0.85 0 1 0 0.85 0 -0.527 3004.dat
1 15 10.766 -320 7.31 0.527 0 0.85 0 1 0 -0.85 0 0.527 2357.dat
1 15 -40.227 -320 -24.308 -0.85 0 0.527 0 1 0 -0.527 0 -0.85 2357.dat
1 15 38.303 -320 0.851 -0.527 0 -0.85 0 1 0 0.85 0 -0.527 3040.dat
1 15 -46.686 -320 -51.845 0.527 0 0.85 0 1 0 -0.85 0 0.527 3040.dat
1 15 -4.191 -328 -25.497 -0.85 0 0.527 0 1 0 -0.527 0 -0.85 3023.dat
1 15 21.305 -344 -9.688 -0.527 0 -0.85 0 1 0 0.85 0 -0.527 50950.dat
1 15 -29.688 -344 -41.305 0.527 0 0.85 0 1 0 -0.85 0 0.527 50950.dat
1 71 -8.272 -320 19.038 -0.85 0 0.527 0 1 0 -0.527 0 -0.85 3010.dat
1 72 44.762 -320 28.388 -0.85 0 0.527 0 1 0 -0.527 0 -0.85 3040.dat
1 72 -59.265 -320 -12.579 -0.85 0 0.527 0 1 0 -0.527 0 -0.85 3039.dat
1 72 -74.223 -320 -45.386 -0.85 0 0.527 0 1 0 -0.527 0 -0.85 3040.dat
1 72 19.265 -344 12.579 -0.85 0 0.527 0 1 0 -0.527 0 -0.85 3039.dat
1 72 -59.265 -344 -12.579 0.85 0 -0.527 0 1 0 0.527 0 0.85 3039.dat
1 72 -44.308 -320 20.227 -0.527 0 -0.85 0 1 0 0.85 0 -0.527 60477.dat
1 10 -23.229 -328 -13.768 -0.527 0 -0.85 0 1 0 0.85 0 -0.527 6141.dat
1 10 -33.768 -328 3.229 -0.527 0 -0.85 0 1 0 0.85 0 -0.527 6141.dat
1 10 -50.766 -352 -7.31 -0.527 0 -0.85 0 1 0 0.85 0 -0.527 6141.dat
1 10 -67.764 -352 -17.849 -0.527 0 -0.85 0 1 0 0.85 0 -0.527 6141.dat
1 10 44.762 -328 28.388 -0.527 0 -0.85 0 1 0 0.85 0 -0.527 6141.dat
1 19 66.178 -176 88.731 -0.85 0 0.527 0 1 0 -0.527 0 -0.85 3460.dat
1 15 66.178 -200 88.731 -0.85 0 0.527 0 1 0 -0.527 0 -0.85 3010.dat
1 0 117.178 -184 120.351 0.85 0 -0.527 0 1 0 0.527 0 0.85 63868.dat
1 72 18.408 -192 70.881 0.527 0 0.85 0 1 0 -0.85 0 0.527 47457.dat
1 72 18.408 -200 70.881 0.527 0 0.85 0 1 0 -0.85 0 0.527 48336.dat
1 15 117.178 -192 120.351 -0.85 0 0.527 0 1 0 -0.527 0 -0.85 3023.dat
1 15 108.678 -200 115.081 -0.85 0 0.527 0 1 0 -0.527 0 -0.85 6141.dat
1 0 100.178 -208 109.811 0.85 0 -0.527 0 1 0 0.527 0 0.85 63868.dat
1 15 43.908 -208 86.691 -0.527 0 -0.85 0 1 0 0.85 0 -0.527 41770.dat
1 28 140.4485 -223.148 134.7787 -0.153 0.8364 0.527 0.984 0.18 0 -0.09486 0.518568 -0.85 3021.dat
1 15 125.4273 -204.908 137.2329 -0.527 0.8364 -0.153 0 0.18 0.984 0.85 0.518568 -0.09486 98138.dat
1 15 135.9673 -204.908 120.2329 -0.527 0.8364 -0.153 0 0.18 0.984 0.85 0.518568 -0.09486 98138.dat
1 28 136.8172 -244.268 132.5273 -0.153 0.8364 0.527 0.984 0.18 0 -0.09486 0.518568 -0.85 3021.dat
1 84 133.1861 -265.388 130.276 -0.527 0.8364 -0.153 0 0.18 0.984 0.85 0.518568 -0.09486 60470.dat
1 0 130.1261 -245.708 128.3788 0.527 0.8364 0.153 0 0.18 -0.984 -0.85 0.518568 0.09486 63868.dat
1 72 127.066 -226.028 126.4816 0.527 0.8364 0.153 0 0.18 -0.984 -0.85 0.518568 0.09486 48336.dat
1 15 123.4349 -247.148 124.2302 -0.153 0.8364 0.527 0.984 0.18 0 -0.09486 0.518568 -0.85 26603.dat
1 15 147.1396 -221.708 138.9272 0.527 0.8364 0.153 0 0.18 -0.984 -0.85 0.518568 0.09486 3023.dat
1 0 144.0797 -202.028 137.03 0.527 0.8364 0.153 0 0.18 -0.984 -0.85 0.518568 0.09486 2540.dat
1 15 152.3009 -210.428 142.1272 0.527 0.8364 0.153 0 0.18 -0.984 -0.85 0.518568 0.09486 2654.dat
1 70 144.576 -304.748 125.5704 0.527 0.8364 0.153 0 0.18 -0.984 -0.85 0.518568 0.09486 26047.dat
1 15 137.8849 -306.188 121.4218 0.527 0.8364 0.153 0 0.18 -0.984 -0.85 0.518568 0.09486 6141.dat
1 15 151.2672 -303.308 129.7189 0.527 0.8364 0.153 0 0.18 -0.984 -0.85 0.518568 0.09486 3062.dat
1 70 130.1684 -304.601 140.1725 0.527 0.849079 -0.039168 0 -0.04608 -0.998916 -0.85 0.526429 -0.024284 26047.dat
1 15 123.3734 -304.2339 135.9596 0.527 0.849079 -0.039168 0 -0.04608 -0.998916 -0.85 0.526429 -0.024284 6141.dat
1 15 136.9635 -304.9691 144.3854 0.527 0.849079 -0.039168 0 -0.04608 -0.998916 -0.85 0.526429 -0.024284 3062.dat
1 70 149.8987 -245.7052 82.6728 -0.176912 0.966538 0.18786 0.984192 0.180288 0.0006 -0.033197 0.185041 -0.982602 26047.dat
1 15 142.1656 -247.1452 81.1967 -0.176912 0.966538 0.18786 0.984192 0.180288 0.0006 -0.033197 0.185041 -0.982602 6141.dat
1 15 157.6317 -244.2653 84.1489 -0.176912 0.966538 0.18786 0.984192 0.180288 0.0006 -0.033197 0.185041 -0.982602 3062.dat
1 15 -105.487 -211.671 -40.0605 -0.7939 -0.527 -0.3043 -0.358 0 0.934 -0.492218 0.85 -0.188666 3710.dat
1 15 -124.5806 -226.005 -80.1403 -0.7939 -0.527 -0.3043 -0.358 0 0.934 -0.492218 0.85 -0.188666 3010.dat
1 15 -168.9701 -240.34 -79.42 -0.7939 -0.527 -0.3043 -0.358 0 0.934 -0.492218 0.85 -0.188666 3710.dat
1 71 -64.143 -188 -42.669 0.7939 -0.527 0.3043 0.358 0 -0.934 0.492218 0.85 0.188666 3831.dat
1 71 -64.143 -188 -42.669 0 -0.527 0.85 1 0 0 0 0.85 0.527 3830.dat
1 71 -191.11 -245.339 -121.3886 0.7939 -0.527 0.3043 0.358 0 -0.934 0.492218 0.85 0.188666 3830.dat
1 71 -191.11 -245.339 -121.3886 0.1326 -0.527 -0.8398 -0.988 0 -0.156 0.082212 0.85 -0.520676 3831.dat
1 15 -225.8674 -208.96 -114.6964 -0.8398 -0.527 -0.1326 -0.156 0 0.988 -0.520676 0.85 -0.082212 41770.dat
1 72 -68.291 -168 -16.999 0 -0.527 0.85 1 0 0 0 0.85 0.527 3023.dat
1 71 -224.3111 -189.206 -123.1453 0.1326 -0.527 -0.8398 -0.988 0 -0.156 0.082212 0.85 -0.520676 3022.dat
1 0 -220.095 -189.206 -129.9454 0.8398 -0.527 0.1326 0.156 0 -0.988 0.520676 0.85 0.082212 63082.dat
1 71 -215.879 -189.206 -136.7453 0.1326 -0.527 -0.8398 -0.988 0 -0.156 0.082212 0.85 -0.520676 3022.dat
1 15 -209.0034 -208.96 -141.8964 -0.8398 -0.527 -0.1326 -0.156 0 0.988 -0.520676 0.85 -0.082212 41770.dat
1 15 -152.1061 -240.34 -106.62 -0.7939 -0.527 -0.3043 -0.358 0 0.934 -0.492218 0.85 -0.188666 3710.dat
1 15 -88.623 -211.671 -67.2605 -0.7939 -0.527 -0.3043 -0.358 0 0.934 -0.492218 0.85 -0.188666 3710.dat
1 72 -51.427 -168 -44.199 0 -0.527 0.85 1 0 0 0 0.85 0.527 3023.dat
1 72 -47.211 -168 -50.999 0 -0.527 0.85 1 0 0 0 0.85 0.527 3023.dat
1 72 -42.995 -158 -57.799 0 -0.527 -0.85 -1 0 0 0 0.85 -0.527 60897.dat
1 15 -42.995 -178 -57.799 0 -0.527 -0.85 -1 0 0 0 0.85 -0.527 3024.dat
1 72 -38.779 -168 -64.599 0 -0.527 0.85 1 0 0 0 0.85 0.527 3023.dat
1 72 -80.939 -168 3.401 0 -0.527 0.85 1 0 0 0 0.85 0.527 3023.dat
1 72 -76.723 -158 -3.399 0 -0.527 -0.85 -1 0 0 0 0.85 -0.527 60897.dat
1 15 -76.723 -178 -3.399 0 -0.527 -0.85 -1 0 0 0 0.85 -0.527 3024.dat
1 72 -72.507 -168 -10.199 0 -0.527 0.85 1 0 0 0 0.85 0.527 3023.dat
1 10 -34.563 -158 -71.399 0 -0.527 0.85 1 0 0 0 0.85 0.527 6141.dat
1 10 -34.563 -178 -71.399 0.8041 -0.527 0.2771 0.326 0 -0.946 0.498542 0.85 0.171802 6141.dat
1 15 -212.846 -128 -145.98 0.866 0 -0.5 0 1 0 0.5 0 0.866 3023.dat
1 25 -222.846 -128 -128.66 0.866 0 -0.5 0 1 0 0.5 0 0.866 3069.dat
1 19 -237.846 -128 -102.68 0.866 0 -0.5 0 1 0 0.5 0 0.866 4032.dat
1 70 -242.846 -136 -94.02 0.866 0 -0.5 0 1 0 0.5 0 0.866 3710.dat
1 71 -232.846 -136 -111.34 0.866 0 -0.5 0 1 0 0.5 0 0.866 99780.dat
1 71 -217.846 -138 -137.32 0.866 -0.5 0 0 0 -1 0.5 0.866 0 2412.dat
1 72 -221.846 -138 -130.392 -0.866 -0.5 0 0 0 1 -0.5 0.866 0 14417.dat
1 19 -207.846 -136 -154.64 0.866 0 -0.5 0 1 0 0.5 0 0.866 4032.dat
1 70 -243.826 -136 -152.32 0.5 0 0.866 0 1 0 -0.866 0 0.5 3710.dat
1 70 -191.866 -136 -122.32 0.5 0 0.866 0 1 0 -0.866 0 0.5 3710.dat
1 70 -237.846 -144 -102.68 -0.866 0 0.5 0 1 0 -0.5 0 -0.866 3020.dat
1 70 -207.846 -144 -154.64 -0.866 0 0.5 0 1 0 -0.5 0 -0.866 3020.dat
1 272 -196.866 -136 -113.66 -0.5 0 -0.866 0 1 0 0.866 0 -0.5 54200.dat
1 272 -248.826 -136 -143.66 0.5 0 0.866 0 1 0 -0.866 0 0.5 54200.dat
1 70 -262.573 -128 17.685 0.996 0 -0.087 0 1 0 0.087 0 0.996 3022.dat
1 70 -230.953 -136 0.375 0.087 0 0.996 0 1 0 -0.996 0 0.087 3710.dat
1 70 -256.483 -136 -52.035 -0.996 0 0.087 0 1 0 -0.087 0 -0.996 3710.dat
1 70 -290.713 -136 -4.845 -0.087 0 -0.996 0 1 0 0.996 0 -0.087 3710.dat
1 71 -263.443 -144 27.645 -0.996 0 0.087 0 1 0 -0.087 0 -0.996 99206.dat
1 70 -263.443 -136 27.645 -0.087 0 -0.996 0 1 0 0.996 0 -0.087 93273.dat
1 272 -241.783 -136 9.465 0.996 0 -0.087 0 1 0 0.087 0 0.996 85984.dat
1 272 -281.623 -136 5.985 0.996 0 -0.087 0 1 0 0.087 0 0.996 85984.dat
1 19 -256.483 -168 -52.035 -0.996 0 0.087 0 1 0 -0.087 0 -0.996 2432.dat
1 28 -265.009 -138 45.573 -0.996 0.087 0 0 0 -1 -0.087 -0.996 0 3710.dat
1 70 -247.177 -138 71.217 -0.996 0.087 0 0 0 -1 -0.087 -0.996 0 30136.dat
1 70 -287.017 -138 67.737 -0.996 0.087 0 0 0 -1 -0.087 -0.996 0 30136.dat
1 272 -170.149 -128 -193.88 0.438 0 -0.899 0 1 0 0.899 0 0.438 3023.dat
1 15 -116.209 -128 -220.16 0.438 0 -0.899 0 1 0 0.899 0 0.438 3023.dat
1 70 -170.149 -136 -193.88 0.438 0 -0.899 0 1 0 0.899 0 0.438 3710.dat
1 70 -112.059 -136 -188.81 0.899 0 0.438 0 1 0 -0.438 0 0.899 3710.dat
1 70 -138.339 -136 -242.75 0.899 0 0.438 0 1 0 -0.438 0 0.899 3710.dat
1 71 -98.229 -144 -228.92 0.438 0 -0.899 0 1 0 0.899 0 0.438 99206.dat
1 19 -170.149 -168 -193.88 0.438 0 -0.899 0 1 0 0.899 0 0.438 2432.dat
1 70 -98.229 -136 -228.92 0.899 0 0.438 0 1 0 -0.438 0 0.899 93273.dat
1 272 -107.449 -136 -202.18 -0.438 0 0.899 0 1 0 -0.899 0 -0.438 85984.dat
1 272 -124.969 -136 -238.14 -0.438 0 0.899 0 1 0 -0.899 0 -0.438 85984.dat
1 28 -82.047 -138 -236.804 -0.438 -0.899 0 0 0 1 -0.899 0.438 0 3710.dat
1 70 -51.711 -138 -229.336 -0.438 -0.899 0 0 0 1 -0.899 0.438 0 30136.dat
1 70 -69.231 -138 -265.296 -0.438 -0.899 0 0 0 1 -0.899 0.438 0 30136.dat
