0 Main
0 Name: 8161-1 - Grand Prix Race.mpd
0 Author: LTRON
1 7 0 0 0 0 0 -1 0 1 0 1 0 0 4282.dat
1 7 80 0 -70 1 0 0 0 1 0 0 0 1 3666.dat
1 7 80 0 70 1 0 0 0 1 0 0 0 1 3666.dat
1 15 -20 -24 160 -1 0 0 0 1 0 0 0 -1 3831.dat
1 15 60 -24 70 1 0 0 0 1 0 0 0 1 3008.dat
1 15 60 -24 -70 1 0 0 0 1 0 0 0 1 3008.dat
1 15 -20 -24 -160 1 0 0 0 1 0 0 0 1 3830.dat
1 7 0 -144 -150 1 0 0 0 1 0 0 0 1 2454.dat
1 7 0 -144 -70 1 0 0 0 1 0 0 0 1 2454.dat
1 7 0 -144 70 1 0 0 0 1 0 0 0 1 2454.dat
1 7 0 -144 150 1 0 0 0 1 0 0 0 1 2454.dat
1 7 40 -144 -70 0 0 -1 0 1 0 1 0 0 30249.dat
1 7 40 -144 70 0 0 -1 0 1 0 1 0 0 30249.dat
1 15 -20 -168 -160 1 0 0 0 1 0 0 0 1 3830.dat
1 15 -20 -168 160 -1 0 0 0 1 0 0 0 -1 3831.dat
1 15 20 -168 -70 1 0 0 0 1 0 0 0 1 3010.dat
1 15 20 -168 70 1 0 0 0 1 0 0 0 1 3010.dat
1 7 0 -176 0 0 0 -1 0 1 0 1 0 0 4282.dat
1 7 40 -176 0 0 0 -1 0 1 0 1 0 0 3034.dat
1 15 -10 -200 -120 0 0 -1 0 1 0 1 0 0 6112.dat
1 15 -10 -200 120 0 0 -1 0 1 0 1 0 0 6112.dat
1 15 50 -200 0 0 0 -1 0 1 0 1 0 0 6112.dat
1 7 -50 -208 -220 0 0 -1 0 1 0 1 0 0 3023.dat
1 7 -50 -208 220 0 0 -1 0 1 0 1 0 0 3023.dat
1 7 20 -208 -120 1 0 0 0 1 0 0 0 1 30355.dat
1 7 20 -208 120 -1 0 0 0 1 0 0 0 -1 30356.dat
1 0 -20 -216 -100 0 0 -1 0 1 0 1 0 0 3680.dat
1 0 -20 -216 100 0 0 -1 0 1 0 1 0 0 3680.dat
1 15 50 -216 0 0 0 -1 0 1 0 1 0 0 3069.dat
1 15 70 -216 0 0 0 -1 0 1 0 1 0 0 3069.dat
1 0 -20 -224 -100 0 0 -1 0 1 0 1 0 0 4079.dat
1 0 -20 -224 100 0 0 -1 0 1 0 1 0 0 4079.dat
1 7 -20 -232 -100 1 0 0 0 1 0 0 0 1 48092.dat
1 7 -20 -232 -100 0 0 -1 0 1 0 1 0 0 48092.dat
1 7 -20 -232 100 1 0 0 0 1 0 0 0 1 48092.dat
1 7 -20 -232 100 0 0 -1 0 1 0 1 0 0 48092.dat
1 8 -10 -232 -170 -1 0 0 0 1 0 0 0 -1 54200.dat
1 8 -10 -232 -30 1 0 0 0 1 0 0 0 1 54200.dat
1 8 -10 -232 30 -1 0 0 0 1 0 0 0 -1 54200.dat
1 8 -10 -232 170 1 0 0 0 1 0 0 0 1 54200.dat
1 0 30 -240 -150 0.707107 0 0.707107 0 1 0 -0.707107 0 0.707107 2555.dat
1 0 35.8464 -264.321 -155.8464 -0.707107 0.612372 0.353554 0 0.5 -0.866025 -0.707107 -0.612372 -0.353554 2540.dat
1 8 30.9475 -268.321 -150.9475 -0.707107 0.612372 0.353554 0 0.5 -0.866025 -0.707107 -0.612372 -0.353554 3069.dat
1 0 30 -240 -50 0.707107 0 -0.707107 0 1 0 0.707107 0 0.707107 2555.dat
1 0 35.8464 -264.321 -44.1536 0.707107 0.612372 0.353554 0 0.5 -0.866025 -0.707107 0.612372 0.353554 2540.dat
1 8 30.9475 -268.321 -49.0525 0.707107 0.612372 0.353554 0 0.5 -0.866025 -0.707107 0.612372 0.353554 3069.dat
1 0 30 -240 50 0.707107 0 0.707107 0 1 0 -0.707107 0 0.707107 2555.dat
1 0 35.8464 -264.321 44.1536 -0.707107 0.612372 0.353554 0 0.5 -0.866025 -0.707107 -0.612372 -0.353554 2540.dat
1 8 30.9475 -268.321 49.0525 -0.707107 0.612372 0.353554 0 0.5 -0.866025 -0.707107 -0.612372 -0.353554 3069.dat
1 0 30 -240 150 0.707107 0 -0.707107 0 1 0 0.707107 0 0.707107 2555.dat
1 0 35.8464 -264.321 155.8464 0.707107 0.612372 0.353554 0 0.5 -0.866025 -0.707107 0.612372 0.353554 2540.dat
1 8 30.9475 -268.321 150.9475 0.707107 0.612372 0.353554 0 0.5 -0.866025 -0.707107 0.612372 0.353554 3069.dat
1 8 50 -240 -100 0 0 -1 0 1 0 1 0 0 3069.dat
1 8 50 -240 100 0 0 -1 0 1 0 1 0 0 3069.dat
1 15 20 -328 -220 0 0 1 0 1 0 -1 0 0 4476.dat
1 15 40 -328 0 0 0 1 0 1 0 -1 0 0 4476.dat
1 15 20 -328 220 0 0 1 0 1 0 -1 0 0 4476.dat
1 7 10 -336 -210 0 0 -1 0 1 0 1 0 0 3957.dat
1 7 10 -336 210 0 0 -1 0 1 0 1 0 0 3957.dat
1 15 30 -352 -10 1 0 0 0 1 0 0 0 1 42061.dat
1 15 30 -352 10 -1 0 0 0 1 0 0 0 -1 42060.dat
1 15 10 -410 -210 1 0 0 0 1 0 0 0 1 2335.dat
1 15 10 -410 210 1 0 0 0 1 0 0 0 1 2335.dat
1 15 30 -376 0 0 0 -1 0 1 0 1 0 0 3008.dat
1 15 30 -384 0 0 0 -1 0 1 0 1 0 0 4162.dat
1 7 9.5108 0 -293.8266 0.92388 0 0.382683 0 1 0 -0.382683 0 0.92388 30355.dat
1 15 0 -24 -160 -0.92388 0 -0.382683 0 1 0 0.382683 0 -0.92388 3831.dat
1 7 -18.2056 -24 -282.3461 0.382683 0 -0.92388 0 1 0 0.92388 0 0.382683 6111.dat
1 15 70.0836 -24 -199.8534 0.92388 0 0.382683 0 1 0 -0.382683 0 0.92388 3010.dat
1 7 14.6508 -144 -176.8925 0.382683 0 -0.92388 0 1 0 0.92388 0 0.382683 30249.dat
1 15 -18.2056 -144 -282.3461 0.382683 0 -0.92388 0 1 0 0.92388 0 0.382683 59349.dat
1 15 -48.8202 -144 -374.734 -0.382684 0 -0.92388 0 1 0 0.92388 0 -0.382684 2454.dat
1 15 0 -168 -160 -0.92388 0 -0.382683 0 1 0 0.382683 0 -0.92388 3831.dat
1 7 -18.2056 -168 -282.3461 0.382683 0 -0.92388 0 1 0 0.92388 0 0.382683 6111.dat
1 15 -2.8982 -176 -245.3909 0.382683 0 -0.92388 0 1 0 0.92388 0 0.382683 4162.dat
1 7 -37.3397 -176 -328.5401 0.382683 0 -0.92388 0 1 0 0.92388 0 0.382683 3957.dat
1 15 -37.3397 -250 -328.5401 0.92388 0 0.382683 0 1 0 -0.382683 0 0.92388 2335.dat
1 7 9.5108 0 293.8266 -0.92388 0 0.382683 0 1 0 -0.382683 0 -0.92388 30356.dat
1 15 0 -24 160 0.92388 0 -0.382683 0 1 0 0.382683 0 0.92388 3830.dat
1 7 -18.2056 -24 282.3461 -0.382683 0 -0.92388 0 1 0 0.92388 0 -0.382683 6111.dat
1 15 70.0836 -24 199.8534 0.92388 0 -0.382683 0 1 0 0.382683 0 0.92388 3010.dat
1 7 14.6508 -144 176.8925 -0.382683 0 -0.92388 0 1 0 0.92388 0 -0.382683 30249.dat
1 15 -18.2056 -144 282.3461 -0.382683 0 -0.92388 0 1 0 0.92388 0 -0.382683 59349.dat
1 15 -48.8202 -144 374.734 0.382684 0 -0.92388 0 1 0 0.92388 0 0.382684 2454.dat
1 15 0 -168 160 0.92388 0 -0.382683 0 1 0 0.382683 0 0.92388 3830.dat
1 7 -18.2056 -168 282.3461 -0.382683 0 -0.92388 0 1 0 0.92388 0 -0.382683 6111.dat
1 15 -2.8982 -176 245.3909 -0.382683 0 -0.92388 0 1 0 0.92388 0 -0.382683 4162.dat
1 7 -37.3397 -176 328.5401 -0.382683 0 -0.92388 0 1 0 0.92388 0 -0.382683 3957.dat
1 15 -37.3397 -250 328.5401 0.92388 0 -0.382683 0 1 0 0.382683 0 0.92388 2335.dat
1 8 -50 0 -480 0.259 0 -0.966 0 1 0 0.966 0 0.259 3031.dat
1 15 -21.02 -120 -487.77 0.259 0 -0.966 0 1 0 0.966 0 0.259 2454.dat
1 8 -69.32 -240 -474.82 -0.259 0 0.966 0 1 0 -0.966 0 -0.259 58827.dat
1 15 -21.02 -240 -487.77 0.259 0 -0.966 0 1 0 0.966 0 0.259 2454.dat
1 8 -50 -248 -480 0.966 0 0.259 0 1 0 -0.259 0 0.966 3020.dat
1 15 -21.02 -368 -487.77 0.259 0 -0.966 0 1 0 0.966 0 0.259 2454.dat
1 8 -69.32 -488 -474.82 -0.259 0 0.966 0 1 0 -0.966 0 -0.259 58827.dat
1 15 -21.02 -488 -487.77 0.259 0 -0.966 0 1 0 0.966 0 0.259 2454.dat
1 8 -50 -496 -480 0.966 0 0.259 0 1 0 -0.259 0 0.966 3020.dat
1 8 -50 0 -760 0 0 -1 0 1 0 1 0 0 3031.dat
1 8 -50 0 -640 0 0 -1 0 1 0 1 0 0 3031.dat
1 15 -50 -120 -720 1 0 0 0 1 0 0 0 1 4476.dat
1 15 -50 -120 -680 -1 0 0 0 1 0 0 0 -1 4476.dat
1 8 -50 -144 -700 0 0 -1 0 1 0 1 0 0 30592.dat
1 7 -40 -184 -700 0 -1 0 0 0 -1 1 0 0 40344.dat
1 0 -50 -204 -760 0 -1 0 0 0 -1 1 0 0 3673.dat
1 0 -50 -204 -640 0 -1 0 0 0 -1 1 0 0 3673.dat
1 0 -50 -164 -760 0 -1 0 0 0 -1 1 0 0 3673.dat
1 0 -50 -164 -640 0 -1 0 0 0 -1 1 0 0 3673.dat
1 0 -50 -184 -770 0 1 0 1 0 0 0 0 -1 61073.dat
1 0 -50 -184 -630 0 1 0 -1 0 0 0 0 1 61073.dat
1 7 -32 -154 -700 0 -1 0 0 0 -1 1 0 0 3666.dat
1 7 -16 -204 -700 0 -1 0 0 0 1 -1 0 0 4515.dat
1 8 -50 0 485 -0.259 0 -0.966 0 1 0 0.966 0 -0.259 3031.dat
1 15 -21.02 -120 492.77 -0.259 0 -0.966 0 1 0 0.966 0 -0.259 2454.dat
1 8 -69.32 -240 479.82 0.259 0 0.966 0 1 0 -0.966 0 0.259 58827.dat
1 15 -21.02 -240 492.77 -0.259 0 -0.966 0 1 0 0.966 0 -0.259 2454.dat
1 8 -50 -248 485 0.966 0 -0.259 0 1 0 0.259 0 0.966 3020.dat
1 15 -21.02 -368 492.77 -0.259 0 -0.966 0 1 0 0.966 0 -0.259 2454.dat
1 8 -69.32 -488 479.82 0.259 0 0.966 0 1 0 -0.966 0 0.259 58827.dat
1 15 -21.02 -488 492.77 -0.259 0 -0.966 0 1 0 0.966 0 -0.259 2454.dat
1 8 -50 -496 485 0.966 0 -0.259 0 1 0 0.259 0 0.966 3020.dat
1 8 80 0 -470 0 -1 0 0 0 1 -1 0 0 3023.dat
1 7 88 0 -480 0 -1 0 1 0 0 0 0 1 4081.dat
1 7 88 0 -460 0 -1 0 -1 0 0 0 0 -1 4081.dat
1 7 112 0 -470 0 -1 0 0 0 1 -1 0 0 4865.dat
1 0 86 -75 -440 0 0 1 0 1 0 -1 0 0 30374.dat
1 0 86 -75 -500 0 0 1 0 1 0 -1 0 0 30374.dat
1 0 120 0 325 -1 0 0 0 1 0 0 0 -1 6143.dat
1 15 120 -8 325 -1 0 0 0 1 0 0 0 -1 4032.dat
1 7 120 -16 325 -1 0 0 0 1 0 0 0 -1 4032.dat
1 7 120 -40 325 0.259 0 0.966 0 1 0 -0.966 0 0.259 4599.dat
1 0 100 0 -360 -1 0 0 0 1 0 0 0 -1 6143.dat
1 15 100 -8 -360 -1 0 0 0 1 0 0 0 -1 4032.dat
1 7 100 -16 -360 -1 0 0 0 1 0 0 0 -1 4032.dat
1 7 100 -40 -360 0.259 0 0.966 0 1 0 -0.966 0 0.259 4599.dat
1 0 120 0 460 0 0 1 0 1 0 -1 0 0 3020.dat
1 0 120 8 490 1 0 0 0 1 0 0 0 1 3938.dat
1 0 120 8 430 1 0 0 0 1 0 0 0 1 3938.dat
1 0 120 -8 430 1 0 0 0 1 0 0 0 1 48336.dat
1 15 120 -8 460 1 0 0 0 1 0 0 0 1 3022.dat
1 15 110 -8 490 0 0 1 0 1 0 -1 0 0 4085.dat
1 15 130 -8 490 0 0 -1 0 1 0 1 0 0 4085.dat
1 7 130 -32 490 0 0 1 0 1 0 -1 0 0 6231.dat
1 7 130 -32 430 -1 0 0 0 1 0 0 0 -1 6231.dat
1 7 130 -32 460 0 0 1 0 1 0 -1 0 0 4865.dat
1 7 110 -32 460 0 0 -1 0 1 0 1 0 0 4865.dat
1 7 110 -32 430 0 0 -1 0 1 0 1 0 0 6231.dat
1 7 110 -32 490 1 0 0 0 1 0 0 0 1 6231.dat
1 4 90 0 -605 0 0 1 0 1 0 -1 0 0 3020.dat
1 0 90 8 -635 -1 0 0 0 1 0 0 0 -1 3938.dat
1 0 90 8 -575 -1 0 0 0 1 0 0 0 -1 3938.dat
1 4 90 -24 -635 -1 0 0 0 1 0 0 0 -1 3004.dat
1 4 90 -48 -595 0 0 -1 0 1 0 1 0 0 4532.dat
1 15 107 -44 -619 1 0 0 0 1 0 0 0 1 4533.dat
1 15 100 -32 -635 0 0 -1 0 1 0 1 0 0 4085.dat
1 15 80 -32 -635 0 0 1 0 1 0 -1 0 0 4085.dat
1 0 90 -40 -635 1 0 0 0 1 0 0 0 1 48336.dat
1 15 90 -48 -635 1 0 0 0 1 0 0 0 1 3023.dat
1 15 90 -56 -625 1 0 0 0 1 0 0 0 1 3068.dat
1 0 120 -58 -635 -1 0 0 0 1 0 0 0 -1 4522.dat
1 0 60 -43 -635 -1 0 0 0 1 0 0 0 -1 4006.dat
1 7 215 0 0 0 0 -1 0 1 0 1 0 0 4282.dat
1 15 225 -8 100 0 0 -1 0 1 0 1 0 0 3069.dat
1 15 225 -8 20 0 0 -1 0 1 0 1 0 0 3069.dat
1 15 225 -8 -60 0 0 -1 0 1 0 1 0 0 3069.dat
1 15 225 -8 -140 0 0 -1 0 1 0 1 0 0 3069.dat
1 0 225 -8 140 0 0 -1 0 1 0 1 0 0 3069.dat
1 0 225 -8 60 0 0 -1 0 1 0 1 0 0 3069.dat
1 0 225 -8 -20 0 0 -1 0 1 0 1 0 0 3069.dat
1 0 225 -8 -100 0 0 -1 0 1 0 1 0 0 3069.dat
1 0 205 -8 100 0 0 -1 0 1 0 1 0 0 3069.dat
1 0 205 -8 20 0 0 -1 0 1 0 1 0 0 3069.dat
1 0 205 -8 -60 0 0 -1 0 1 0 1 0 0 3069.dat
1 0 205 -8 -140 0 0 -1 0 1 0 1 0 0 3069.dat
1 15 205 -8 140 0 0 -1 0 1 0 1 0 0 3069.dat
1 15 205 -8 60 0 0 -1 0 1 0 1 0 0 3069.dat
1 15 205 -8 -20 0 0 -1 0 1 0 1 0 0 3069.dat
1 15 205 -8 -100 0 0 -1 0 1 0 1 0 0 3069.dat
