0 Main
0 Name: 3933 - Olivias Invention Workshop.mpd
0 Author: LTRON
1 323 0 0 0 1 0 0 0 1 0 0 0 1 3795.dat
1 322 0 -24 0 1 0 0 0 1 0 0 0 1 3001.dat
1 322 0 -48 0 1 0 0 0 1 0 0 0 1 3001.dat
1 15 0 -72 -10 1 0 0 0 1 0 0 0 1 30414.dat
1 15 -50 -72 0 0 0 1 0 1 0 -1 0 0 3684.dat
1 15 50 -72 0 0 0 -1 0 1 0 1 0 0 3684.dat
1 323 0 -80 0 1 0 0 0 1 0 0 0 1 3795.dat
1 71 -70 0 -10 0 0 -1 0 1 0 1 0 0 3623.dat
1 71 70 0 -10 0 0 -1 0 1 0 1 0 0 3623.dat
1 0 0 -92 -28 -1 0 0 0 0 1 0 1 0 6180.dat
1 29 -20 -62 -52 -1 0 0 0 0 1 0 1 0 4865.dat
1 29 20 -62 -52 -1 0 0 0 0 1 0 1 0 4865.dat
1 322 230 -16 -270 0 0 1 0 1 0 -1 0 0 3001.dat
1 322 230 -16 -210 0 0 1 0 1 0 -1 0 0 3003.dat
1 323 230 -24 -250 0 0 1 0 1 0 -1 0 0 3795.dat
1 15 230 -72 -200 -1 0 0 0 1 0 0 0 -1 3245b.dat
1 15 230 -72 -300 -1 0 0 0 1 0 0 0 -1 3245b.dat
1 322 240 -80 -250 0 0 1 0 1 0 -1 0 0 3666.dat
1 29 220 -72 -200 0 0 1 0 1 0 -1 0 0 54200.dat
1 29 220 -72 -300 0 0 1 0 1 0 -1 0 0 54200.dat
1 34 220 -48 -240 0 0 1 0 1 0 -1 0 0 3062.dat
1 34 240 -104 -200 0 0 1 0 1 0 -1 0 0 3062.dat
1 36 220 -48 -260 0 0 1 0 1 0 -1 0 0 3062.dat
1 36 240 -104 -220 0 0 1 0 1 0 -1 0 0 3062.dat
1 43 220 -48 -280 0 0 1 0 1 0 -1 0 0 3062.dat
1 43 240 -104 -240 0 0 1 0 1 0 -1 0 0 3062.dat
1 71 220 -56 -240 0 0 1 0 1 0 -1 0 0 6141.dat
1 71 220 -56 -260 0 0 1 0 1 0 -1 0 0 6141.dat
1 71 220 -56 -280 0 0 1 0 1 0 -1 0 0 6141.dat
1 71 240 -112 -200 0 0 1 0 1 0 -1 0 0 6141.dat
1 71 240 -112 -220 0 0 1 0 1 0 -1 0 0 6141.dat
1 71 240 -112 -240 0 0 1 0 1 0 -1 0 0 6141.dat
1 322 -140 -16 0 1 0 0 0 1 0 0 0 1 3001.dat
1 322 -200 -16 0 1 0 0 0 1 0 0 0 1 3003.dat
1 323 -160 -24 0 1 0 0 0 1 0 0 0 1 3795.dat
1 0 -180 -32 10 1 0 0 0 1 0 0 0 1 3023.dat
1 72 -180 -32 -10 1 0 0 0 1 0 0 0 1 3794.dat
1 72 -180 -40 10 1 0 0 0 1 0 0 0 1 3794.dat
1 36 -180 -40 -10 1 0 0 0 1 0 0 0 1 30153.dat
1 35 -110 -64 -10 1 0 0 0 1 0 0 0 1 u9180.dat
1 15 -180 -72 -10 -1 0 0 0 1 0 0 0 -1 6091.dat
1 29 -180 -88 -10 1 0 0 0 1 0 0 0 1 87087.dat
1 72 -180 -78 -24 -1 0 0 0 0 1 0 1 0 30162.dat
1 322 -180 -16 -60 1 0 0 0 1 0 0 0 1 3003.dat
1 15 140 -40 -40 0.707107 0 0.707107 0 1 0 -0.707107 0 0.707107 92410.dat
1 29 140 -36 -40 0.707107 0 0.707107 0 1 0 -0.707107 0 0.707107 4536.dat
1 29 140 -18 -40 0.707107 0 0.707107 0 1 0 -0.707107 0 0.707107 4536.dat
1 323 161.2132 -48 -61.2132 0.707107 0 0.707107 0 1 0 -0.707107 0 0.707107 3795.dat
1 322 189.4975 -16 -89.4975 0.707107 0 0.707107 0 1 0 -0.707107 0 0.707107 3003.dat
1 322 189.4975 -40 -89.4975 0.707107 0 0.707107 0 1 0 -0.707107 0 0.707107 3003.dat
1 0 132.9289 -72 -18.7868 0.707107 0 0.707107 0 1 0 -0.707107 0 0.707107 60475.dat
1 0 147.0711 -72 -32.9289 0.707107 0 0.707107 0 1 0 -0.707107 0 0.707107 60475.dat
1 0 161.2132 -72 -47.0711 0.707107 0 0.707107 0 1 0 -0.707107 0 0.707107 60475.dat
1 0 175.3553 -72 -61.2132 0.707107 0 0.707107 0 1 0 -0.707107 0 0.707107 60475.dat
1 322 154.1421 -80 -40 0.707107 0 0.707107 0 1 0 -0.707107 0 0.707107 2431.dat
1 1 196.5686 -56 -96.5686 0.707107 0 -0.707107 0 1 0 0.707107 0 0.707107 44728.dat
1 29 223.4386 -26 -123.4386 0.707107 -0.707107 0 0 0 -1 0.707107 0.707107 0 4865.dat
1 71 212.1249 -46 -112.1249 -0.707107 -0.707107 0 0 0 1 -0.707107 0.707107 0 32028.dat
1 72 210.7107 -46 -124.8528 -0.707107 -0.707107 0 0 0 1 -0.707107 0.707107 0 6141.dat
1 72 224.8528 -46 -110.7107 -0.707107 -0.707107 0 0 0 1 -0.707107 0.707107 0 6141.dat
1 71 223.4386 -46 -123.4386 -0.707107 -0.707107 0 0 0 1 -0.707107 0.707107 0 32028.dat
1 1 229.0955 -46 -129.0955 -0.707107 -0.707107 0 0 0 1 -0.707107 0.707107 0 3794.dat
1 15 234.7523 -46 -134.7523 -0.707107 -0.707107 0 0 0 1 -0.707107 0.707107 0 4592.dat
1 0 236.1665 -46 -136.1665 -0.707107 0 0.707107 0 1 0 -0.707107 0 -0.707107 4593.dat
1 85 118.7868 -64 -32.9289 0.707107 0 0.707107 0 1 0 -0.707107 0 0.707107 55299.dat
1 85 132.9289 -64 -47.0711 0.707107 0 0.707107 0 1 0 -0.707107 0 0.707107 55295.dat
1 85 147.0711 -64 -61.2132 0.707107 0 0.707107 0 1 0 -0.707107 0 0.707107 55300.dat
1 85 161.2132 -64 -75.3553 0.707107 0 -0.707107 0 1 0 0.707107 0 0.707107 55297.dat
1 85 182.4264 -56 -82.4264 0 -0.707107 -0.707107 1 0 0 0 -0.707107 0.707107 55298.dat
1 85 118.7868 -10 -75.3553 -0.707107 0.122788 0.696365 0 0.984808 -0.173648 -0.707107 -0.122788 -0.696365 55296.dat
1 15 -80 0 -120 0 0 1 0 1 0 -1 0 0 49668.dat
1 15 -80 0 -140 0 0 1 0 1 0 -1 0 0 49668.dat
1 72 -80 -8 -130 0 0 1 0 1 0 -1 0 0 3794.dat
1 15 -80 -32 -130 0 0 1 0 1 0 -1 0 0 4733.dat
1 34 -98 -22 -130 0 1 0 0 0 -1 -1 0 0 98138.dat
1 15 -62 -22 -130 0 -1 0 0 0 -1 1 0 0 4592.dat
1 0 -62 -22 -130 0 0 -1 0 1 0 1 0 0 4593.dat
1 71 -80 -22 -148 0 0 1 1 0 0 0 1 0 60897.dat
1 71 -80 -22 -112 0 0 1 -1 0 0 0 -1 0 60897.dat
1 25 -80 -40 -130 0 0 1 0 1 0 -1 0 0 6141.dat
1 72 -80 -44 -130 0 0 1 0 1 0 -1 0 0 30162.dat
1 15 0 0 -130 0 0 1 0 1 0 -1 0 0 48336.dat
1 36 0 -8 -140 0 0 1 0 1 0 -1 0 0 6141.dat
1 15 0 -8 -120 1 0 0 0 1 0 0 0 1 4592.dat
1 0 0 -8 -120 1 0 0 0 0 1 0 -1 0 4593.dat
