0 Main
0 Name: 3938 - Andreas Bunny House.mpd
0 Author: LTRON
1 27 0 0 0 1 0 0 0 1 0 0 0 1 3795.dat
1 15 0 -24 10 1 0 0 0 1 0 0 0 1 3009.dat
1 191 -50 -24 -40 0 0 1 0 1 0 -1 0 0 3010.dat
1 191 50 -24 -40 0 0 1 0 1 0 -1 0 0 3010.dat
1 2 -20 0 -100 0 0 1 0 1 0 -1 0 0 41539.dat
1 4 20 -8 -70 1 0 0 0 1 0 0 0 1 3023.dat
1 4 20 -16 -70 1 0 0 0 1 0 0 0 1 3023.dat
1 71 20 -24 -70 1 0 0 0 1 0 0 0 1 2540.dat
1 191 0 -22 -90 0 1 0 0.965926 0 0.258819 0.258819 0 -0.965926 2335.dat
1 29 0 -32 0 1 0 0 0 1 0 0 0 1 3795.dat
1 29 0 -32 -40 1 0 0 0 1 0 0 0 1 3795.dat
1 26 0 -32 -70 1 0 0 0 1 0 0 0 1 3666.dat
1 191 40 -24 -170 1 0 0 0 1 0 0 0 1 3004.dat
1 191 -80 -24 -170 1 0 0 0 1 0 0 0 1 3004.dat
1 15 -20 -24 -170 1 0 0 0 1 0 0 0 1 3633.dat
1 15 50 -24 -120 0 0 -1 0 1 0 1 0 0 3633.dat
1 191 -80 -24 -90 -1 0 0 0 1 0 0 0 -1 3004.dat
1 15 -90 -24 -110 -1 0 0 0 1 0 0 0 -1 3822.dat
1 15 -90 -32 -90 0 0 1 0 1 0 -1 0 0 2420.dat
1 15 -50 -56 -70 1 0 0 0 1 0 0 0 1 60475.dat
1 15 -50 -56 -20 0 0 1 0 1 0 -1 0 0 3010.dat
1 15 50 -56 -20 0 0 1 0 1 0 -1 0 0 3010.dat
1 15 50 -56 -70 0 0 -1 0 1 0 1 0 0 60475.dat
1 15 0 -56 10 -1 0 0 0 1 0 0 0 -1 3633.dat
1 15 0 -80 10 1 0 0 0 1 0 0 0 1 92950.dat
1 15 0 -80 -10 1 0 0 0 1 0 0 0 1 92950.dat
1 15 -50 -80 -50 0 0 1 0 1 0 -1 0 0 4490.dat
1 15 50 -80 -50 0 0 1 0 1 0 -1 0 0 4490.dat
1 71 -50 -84 -90 1 0 0 0 -1 0 0 0 -1 6141.dat
1 43 -50 -60 -90 1 0 0 0 -1 0 0 0 -1 3062.dat
1 71 -50 -36 -90 1 0 0 0 -1 0 0 0 -1 4599.dat
1 70 70 -88 -70 0 0 -1 0 1 0 1 0 0 3836.dat
1 29 -50 -88 -20 0 0 1 0 1 0 -1 0 0 2431.dat
1 29 50 -88 -20 0 0 1 0 1 0 -1 0 0 2431.dat
1 191 0 -88 0 0 0 1 0 1 0 -1 0 0 3022.dat
1 71 -30 -88 0 0 0 1 0 1 0 -1 0 0 92280.dat
1 71 30 -88 0 0 0 1 0 1 0 -1 0 0 92280.dat
1 26 0 -96 10 1 0 0 0 1 0 0 0 1 3666.dat
1 2 -50 -104 -70 -0.707107 0 0.707107 0 1 0 -0.707107 0 -0.707107 30176.dat
1 2 50 -104 -70 0.707107 0 0.707107 0 1 0 -0.707107 0 0.707107 30176.dat
1 29 0 -117 -55 1 0 0 0 0.965926 0.258819 0 -0.258819 0.965926 3035.dat
1 15 -30 -104.096 -37.752 0 0 -1 0.258819 0.965926 0 0.965926 -0.258819 0 60478.dat
1 15 30 -104.096 -37.752 0 0 -1 0.258819 0.965926 0 0.965926 -0.258819 0 60478.dat
1 191 0 -104.096 -37.752 1 0 0 0 0.965926 0.258819 0 -0.258819 0.965926 3022.dat
1 15 0 -96.369 -39.823 1 0 0 0 0.965926 0.258819 0 -0.258819 0.965926 3020.dat
1 27 -180 0 -40 1 0 0 0 1 0 0 0 1 3795.dat
1 15 -160 -48 -30 1 0 0 0 1 0 0 0 1 33303.dat
1 4 -230 0 -50 1 0 0 0 1 0 0 0 1 95343.dat
1 297 -230 -20 -50 1 0 0 0 1 0 0 0 1 95344.dat
1 43 -230 -24 -50 1 0 0 0 1 0 0 0 1 6141.dat
1 27 180 0 -40 1 0 0 0 1 0 0 0 1 3795.dat
1 15 160 -48 -30 1 0 0 0 1 0 0 0 1 33303.dat
1 2 140 -8 -50 1 0 0 0 1 0 0 0 1 3794.dat
1 25 140 -56 -50 1 0 0 0 1 0 0 0 1 33172.dat
1 5 230 -12 -50 1 0 0 0 1 0 0 0 1 3741.dat
