0 
0 Name: New Model.ldr
0 Author: 
1 0 -60 -26 -32 1 0 0 0 0 -1 0 1 0 32064.dat
1 71 -70 -26 -8 1 0 0 0 0 -1 0 1 0 60897.dat
1 71 -50 -26 -8 1 0 0 0 0 -1 0 1 0 60897.dat
1 0 -50 -26 -40 1 0 0 0 0 -1 0 1 0 60897.dat
1 0 -70 -26 -40 1 0 0 0 0 -1 0 1 0 60897.dat
1 71 -90 -26 -8 0 0 1 1 0 0 0 1 0 24201.dat
1 71 -30 -26 -8 0 0 -1 -1 0 0 0 1 0 24201.dat
1 71 -30 -26 -32 0 0 -1 -1 0 0 0 1 0 3005.dat
1 71 -90 -26 -32 0 0 -1 -1 0 0 0 1 0 3005.dat
1 71 -90 -26 -40 0 0 -1 -1 0 0 0 1 0 3024.dat
1 71 0 -16 -10 1 0 0 0 1 0 0 0 1 3023.dat
1 71 0 -24 -10 1 0 0 0 1 0 0 0 1 99780.dat
1 71 0 -32 -10 1 0 0 0 1 0 0 0 1 3023.dat
1 71 -10 -40 -10 1 0 0 0 1 0 0 0 1 3024.dat
1 71 10 -40 -10 1 0 0 0 1 0 0 0 1 3070.dat
1 71 -10 -40 -10 -1 0 0 0 1 0 0 0 -1 54200.dat
1 71 -10 -26 -32 1 0 0 0 0 -1 0 1 0 2420.dat
1 71 -10 -26 -40 1 0 0 0 0 -1 0 1 0 3623.dat
1 71 -40 -26 -48 1 0 0 0 0 -1 0 1 0 3666.dat
1 71 -90 -26 -64 -1 0 0 0 0 1 0 1 0 6091.dat
1 71 -40 -26 -64 -1 0 0 0 0 1 0 1 0 6081.dat
1 71 0 -26 -48 0 0 -1 -1 0 0 0 1 0 11477.dat
1 40 -40 -26 -64 1 0 0 0 0 -1 0 1 0 3069.dat
1 71 -80 -26 -64 1 0 0 0 0 -1 0 1 0 3069.dat
1 0 -60 -40 -22 0 0 1 1 0 0 0 1 0 3705.dat
1 72 -60 -46 -22 0 0.707 -0.707 1 0 0 0 -0.707 -0.707 10197.dat
1 71 -45.86 -46 -7.86 -0.707 0.707 0 0 0 -1 -0.707 -0.707 0 6536.dat
1 71 -74.14 -46 -7.86 -0.707 -0.707 0 0 0 -1 0.707 -0.707 0 6536.dat
1 72 -60 -61 -50.284 0.707 0 -0.707 0 1 0 0.707 0 0.707 32249.dat
1 1 -31.72 -56 -22.004 0 0.707 -0.707 -1 0 0 0 0.707 0.707 43093.dat
1 1 -88.28 -56 -22.004 0 0.707 -0.707 -1 0 0 0 0.707 0.707 43093.dat
1 19 -45.86 -66 -36.144 0 -0.707 -0.707 1 0 0 0 -0.707 0.707 32002.dat
1 19 -74.14 -66 -36.144 0 -0.707 -0.707 1 0 0 0 -0.707 0.707 32002.dat
1 72 -60 -71 -50.284 0.707 0 -0.707 0 1 0 0.707 0 0.707 32249.dat
1 72 -60 -81 -50.284 0.707 0 -0.707 0 1 0 0.707 0 0.707 32249.dat
1 4 -60 -180 -22 0 0 1 1 0 0 0 1 0 3737.dat
1 47 -60 -80 -22 -1 0 0 0 0 1 0 1 0 59443.dat
1 14 -60 -105 -22 -1 0 0 0 0 1 0 1 0 32123.dat
1 15 -60 -130 -22 0 0 -1 -1 0 0 0 1 0 62462.dat
1 15 -60 -170 -22 0 0 -1 -1 0 0 0 1 0 62462.dat
1 15 -60 -210 -22 0 0 -1 -1 0 0 0 1 0 62462.dat
1 72 -60 -240 -22 1 0 0 0 1 0 0 0 1 18654.dat
1 14 -60 -255 -22 -1 0 0 0 0 1 0 1 0 32123.dat
1 72 -61.11 -91 -50.262 0.734 0 -0.679 0 1 0 0.679 0 0.734 32249.dat
1 72 -62.219 -101 -50.197 0.76 0 -0.649 0 1 0 0.649 0 0.76 32249.dat
1 72 -63.324 -111 -50.088 0.785 0 -0.619 0 1 0 0.619 0 0.785 32249.dat
1 71 -64.425 -121 -49.936 0.809 0 -0.588 0 1 0 0.588 0 0.809 32249.dat
1 72 -65.518 -131 -49.741 0.831 0 -0.556 0 1 0 0.556 0 0.831 32249.dat
1 72 -66.603 -141 -49.503 0.853 0 -0.522 0 1 0 0.522 0 0.853 32249.dat
1 72 -67.677 -151 -49.222 0.872 0 -0.489 0 1 0 0.489 0 0.872 32249.dat
1 72 -68.74 -161 -48.9 0.891 0 -0.454 0 1 0 0.454 0 0.891 32249.dat
1 72 -69.79 -171 -48.536 0.908 0 -0.419 0 1 0 0.419 0 0.908 32249.dat
1 72 -70.824 -181 -48.131 0.924 0 -0.383 0 1 0 0.383 0 0.924 32249.dat
1 71 -71.841 -191 -47.686 0.938 0 -0.346 0 1 0 0.346 0 0.938 32249.dat
1 72 -72.841 -201 -47.201 0.951 0 -0.309 0 1 0 0.309 0 0.951 32249.dat
1 72 -73.82 -211 -46.678 0.962 0 -0.271 0 1 0 0.271 0 0.962 32249.dat
1 72 -74.778 -221 -46.116 0.972 0 -0.233 0 1 0 0.233 0 0.972 32249.dat
1 72 -75.714 -231 -45.518 0.981 0 -0.195 0 1 0 0.195 0 0.981 32249.dat
1 72 -76.625 -241 -44.882 0.988 0 -0.156 0 1 0 0.156 0 0.988 32249.dat
1 72 -77.511 -251 -44.212 0.993 0 -0.118 0 1 0 0.118 0 0.993 32249.dat
1 71 -78.369 -261 -43.508 0.997 0 -0.078 0 1 0 0.078 0 0.997 32249.dat
1 72 -79.199 -271 -42.77 0.999 0 -0.039 0 1 0 0.039 0 0.999 32249.dat
1 15 -60 -290 -22 0 1 0 0 0 1 1 0 0 32034.dat
1 72 -80 -291 -42 1 0 0 0 1 0 0 0 1 32249.dat
1 0 -80 -296 -22 0 -1 0 1 0 0 0 0 1 2780.dat
1 0 -60 -296 -42 0 -1 0 1 0 0 0 0 1 2780.dat
1 72 -80 -281 -42 1 0 0 0 1 0 0 0 1 32249.dat
1 72 -80 -301 -42 1 0 0 0 1 0 0 0 1 32249.dat
1 72 -80 -311 -42 1 0 0 0 1 0 0 0 1 32249.dat
1 4 -60 -400 -22 0 0 -1 -1 0 0 0 1 0 3737.dat
1 47 -60 -500 -22 1 0 0 0 0 -1 0 1 0 59443.dat
1 14 -60 -475 -22 1 0 0 0 0 -1 0 1 0 32123.dat
1 15 -60 -450 -22 0 0 1 1 0 0 0 1 0 62462.dat
1 15 -60 -410 -22 0 0 1 1 0 0 0 1 0 62462.dat
1 15 -60 -370 -22 0 0 1 1 0 0 0 1 0 62462.dat
1 72 -60 -340 -22 -1 0 0 0 -1 0 0 0 1 18654.dat
1 14 -60 -325 -22 1 0 0 0 0 -1 0 1 0 32123.dat
1 72 -81.019 -321 -40.926 0.999 0 0.052 0 1 0 -0.052 0 0.999 32249.dat
1 71 -81.981 -331 -39.8 0.995 0 0.105 0 1 0 -0.105 0 0.995 32249.dat
1 72 -82.882 -341 -38.625 0.988 0 0.156 0 1 0 -0.156 0 0.988 32249.dat
1 72 -83.721 -351 -37.405 0.978 0 0.208 0 1 0 -0.208 0 0.978 32249.dat
1 72 -84.495 -361 -36.142 0.966 0 0.259 0 1 0 -0.259 0 0.966 32249.dat
1 72 -85.201 -371 -34.841 0.951 0 0.309 0 1 0 -0.309 0 0.951 32249.dat
1 72 -85.839 -381 -33.504 0.934 0 0.358 0 1 0 -0.358 0 0.934 32249.dat
1 72 -86.406 -391 -32.136 0.914 0 0.407 0 1 0 -0.407 0 0.914 32249.dat
1 72 -86.9 -401 -30.74 0.891 0 0.454 0 1 0 -0.454 0 0.891 32249.dat
1 71 -87.321 -411 -29.321 0.866 0 0.5 0 1 0 -0.5 0 0.866 32249.dat
1 72 -87.666 -421 -27.881 0.839 0 0.545 0 1 0 -0.545 0 0.839 32249.dat
1 72 -87.936 -431 -26.425 0.809 0 0.588 0 1 0 -0.588 0 0.809 32249.dat
1 72 -88.129 -441 -24.957 0.777 0 0.629 0 1 0 -0.629 0 0.777 32249.dat
1 72 -88.246 -451 -23.48 0.743 0 0.669 0 1 0 -0.669 0 0.743 32249.dat
1 72 -88.284 -461 -22 0.707 0 0.707 0 1 0 -0.707 0 0.707 32249.dat
1 72 -88.246 -471 -20.52 0.669 0 0.743 0 1 0 -0.743 0 0.669 32249.dat
1 72 -88.129 -481 -19.043 0.629 0 0.777 0 1 0 -0.777 0 0.629 32249.dat
1 72 -87.936 -491 -17.575 0.588 0 0.809 0 1 0 -0.809 0 0.588 32249.dat
1 71 -87.666 -501 -16.119 0.545 0 0.839 0 1 0 -0.839 0 0.545 32249.dat
1 0 -60 -540 -22 0 0 -1 -1 0 0 0 1 0 3705.dat
1 15 -60 -540 -22 0 0 -1 -1 0 0 0 1 0 62462.dat
1 71 -60 -580 -22 1 0 0 0 0 -1 0 1 0 59443.dat
1 72 -87.321 -511 -14.679 0.5 0 0.866 0 1 0 -0.866 0 0.5 32249.dat
1 72 -86.9 -521 -13.26 0.454 0 0.891 0 1 0 -0.891 0 0.454 32249.dat
1 72 -86.406 -531 -11.864 0.407 0 0.914 0 1 0 -0.914 0 0.407 32249.dat
1 72 -85.839 -541 -10.496 0.358 0 0.934 0 1 0 -0.934 0 0.358 32249.dat
1 72 -85.201 -551 -9.159 0.309 0 0.951 0 1 0 -0.951 0 0.309 32249.dat
1 72 -84.495 -561 -7.858 0.259 0 0.966 0 1 0 -0.966 0 0.259 32249.dat
1 72 -83.721 -571 -6.595 0.208 0 0.978 0 1 0 -0.978 0 0.208 32249.dat
1 72 -82.882 -581 -5.375 0.156 0 0.988 0 1 0 -0.988 0 0.156 32249.dat
1 72 -81.981 -591 -4.2 0.105 0 0.995 0 1 0 -0.995 0 0.105 32249.dat
1 71 -81.019 -601 -3.074 0.052 0 0.999 0 1 0 -0.999 0 0.052 32249.dat
1 72 -60 -616 -22 0 0 -1 -1 0 0 0 1 0 27940.dat
1 72 -80 -611 -2 0 0 1 0 1 0 -1 0 0 32249.dat
1 4 -80 -626 -2 0 0 1 1 0 0 0 1 0 32062.dat
1 72 -80 -621 -2 0 0 1 0 1 0 -1 0 0 32249.dat
1 71 -40 -636 -2 0 0 1 1 0 0 0 1 0 4519.dat
1 0 -60 -626 -2 0 0 1 1 0 0 0 1 0 2780.dat
1 72 -40 -636 -2 0 0 1 0 1 0 -1 0 0 18654.dat
1 72 -60 -636 -22 1 0 0 0 1 0 0 0 1 74695.dat
1 72 -80 -636 -2 1 0 0 0 1 0 0 0 1 41669.dat
1 72 -40 -656 -2 0 0 1 0 1 0 -1 0 0 41669.dat
