0 Main
0 Name: 21016-1 - Sungnyemun.ldr
0 Author: LTRON
1 71 100 -32 -40 0.939693 0 0.342019 0 1 0 -0.342019 0 0.939693 2430.dat
1 71 100 -32 -40 1 0 0 0 1 0 0 0 1 2429.dat
1 71 141.008 -40 -44.2839 -0.939693 0 -0.342019 0 1 0 0.342019 0 -0.939693 3710.dat
1 71 141.008 -48 -44.2839 0.939693 0 0.34202 0 1 0 -0.34202 0 0.939693 3023.dat
1 71 131.611 -56 -40.8637 0.939693 0 0.342019 0 1 0 -0.342019 0 0.939693 3623.dat
1 71 112.817 -64 -34.0233 0.939693 0 0.342019 0 1 0 -0.342019 0 0.939693 3024.dat
1 72 131.611 -64 -40.8637 0.939693 0 0.342019 0 1 0 -0.342019 0 0.939693 3024.dat
1 72 112.817 -48 -34.0233 0.939693 0 0.342019 0 1 0 -0.342019 0 0.939693 3024.dat
1 71 169.199 -40 -54.5445 0.34202 0 -0.939693 0 1 0 0.939693 0 0.34202 50746.dat
1 71 169.199 -32 -54.5445 -0.939693 0 -0.34202 0 1 0 0.34202 0 -0.939693 3623.dat
1 71 187.993 -40 -61.3849 0.939693 0 0.34202 0 1 0 -0.34202 0 0.939693 30039.dat
1 71 150.405 -56 -47.7041 0.34202 0 -0.939693 0 1 0 0.939693 0 0.34202 50746.dat
1 71 122.214 -72 -37.4435 0.939693 0 0.342019 0 1 0 -0.342019 0 0.939693 3023.dat
1 71 112.817 -80 -34.0233 0.939693 0 0.342019 0 1 0 -0.342019 0 0.939693 3024.dat
1 71 131.611 -72 -40.8637 0.34202 0 -0.939693 0 1 0 0.939693 0 0.34202 50746.dat
1 71 112.817 -88 -34.0233 0.939693 0 0.342019 0 1 0 -0.342019 0 0.939693 30039.dat
1 288 -170 -24 20 0 0 1 0 1 0 -1 0 0 2431.dat
1 71 -160 -16 0 0 0 1 0 1 0 -1 0 0 3035.dat
1 288 -140 -24 -30 1 0 0 0 1 0 0 0 1 2431.dat
1 288 -160 -24 -50 1 0 0 0 1 0 0 0 1 2431.dat
1 288 -120 -24 70 1 0 0 0 1 0 0 0 1 3666.dat
1 71 -120 -32 70 1 0 0 0 1 0 0 0 1 3460.dat
1 71 -190 -40 70 1 0 0 0 1 0 0 0 1 30039.dat
1 71 -140 -40 70 1 0 0 0 1 0 0 0 1 3710.dat
1 71 -170 -40 70 0 0 1 0 1 0 -1 0 0 50746.dat
1 72 -140 -48 70 1 0 0 0 1 0 0 0 1 3023.dat
1 71 -150 -56 70 1 0 0 0 1 0 0 0 1 3024.dat
1 71 -150 -56 70 0 0 1 0 1 0 -1 0 0 50746.dat
1 72 -90 -40 70 1 0 0 0 1 0 0 0 1 3024.dat
1 71 -100 -48 70 1 0 0 0 1 0 0 0 1 3023.dat
1 71 -50 -40 70 1 0 0 0 1 0 0 0 1 3623.dat
1 71 -40 -48 70 1 0 0 0 1 0 0 0 1 3023.dat
1 72 -30 -56 70 1 0 0 0 1 0 0 0 1 3024.dat
1 71 -40 -64 20 0 0 1 0 1 0 -1 0 0 3795.dat
1 71 -30 -88 20 0 0 1 0 1 0 -1 0 0 3010.dat
1 71 -60 -96 20 1 0 0 0 1 0 0 0 1 3958.dat
1 71 -110 -120 20 0 0 -1 0 1 0 1 0 0 30413.dat
1 71 0 -104 50 1 0 0 0 1 0 0 0 1 4162.dat
1 71 60 -96 20 1 0 0 0 1 0 0 0 1 3958.dat
1 71 110 -120 20 0 0 1 0 1 0 -1 0 0 30413.dat
1 71 0 -104 -10 1 0 0 0 1 0 0 0 1 4162.dat
1 71 60 -120 -30 -1 0 0 0 1 0 0 0 -1 30413.dat
1 71 110 -120 -30 -1 0 0 0 1 0 0 0 -1 6231.dat
1 71 90 -104 50 1 0 0 0 1 0 0 0 1 30039.dat
1 71 90 -104 -10 1 0 0 0 1 0 0 0 1 30039.dat
1 0 0 -104 20 1 0 0 0 1 0 0 0 1 3832.dat
1 71 60 -120 70 1 0 0 0 1 0 0 0 1 30413.dat
1 71 110 -120 70 0 0 1 0 1 0 -1 0 0 6231.dat
1 71 110 -88 70 1 0 0 0 1 0 0 0 1 3024.dat
1 72 110 -80 70 1 0 0 0 1 0 0 0 1 3024.dat
1 71 100 -72 70 1 0 0 0 1 0 0 0 1 3023.dat
1 71 100 -64 70 1 0 0 0 1 0 0 0 1 3710.dat
1 72 130 -72 70 1 0 0 0 1 0 0 0 1 3024.dat
1 71 130 -72 70 0 0 -1 0 1 0 1 0 0 50746.dat
1 72 70 -72 70 1 0 0 0 1 0 0 0 1 3024.dat
1 71 70 -80 70 1 0 0 0 1 0 0 0 1 3623.dat
1 71 50 -88 70 1 0 0 0 1 0 0 0 1 3024.dat
1 72 80 -88 70 1 0 0 0 1 0 0 0 1 3023.dat
1 71 50 -72 70 1 0 0 0 1 0 0 0 1 3024.dat
1 71 40 -64 20 0 0 1 0 1 0 -1 0 0 3795.dat
1 71 30 -88 20 0 0 1 0 1 0 -1 0 0 3010.dat
1 71 30 -56 20 0 0 -1 0 1 0 1 0 0 3010.dat
1 71 30 -32 20 0 0 -1 0 1 0 1 0 0 3666.dat
1 288 40 -24 40 0 0 1 0 1 0 -1 0 0 3020.dat
1 71 0 -16 0 0 0 1 0 1 0 -1 0 0 3035.dat
1 71 0 -24 60 1 0 0 0 1 0 0 0 1 3068.dat
1 288 40 -24 -40 0 0 1 0 1 0 -1 0 0 3020.dat
1 72 50 -32 -30 1 0 0 0 1 0 0 0 1 3024.dat
1 71 60 -40 -30 1 0 0 0 1 0 0 0 1 3710.dat
1 71 90 -48 -30 1 0 0 0 1 0 0 0 1 3024.dat
1 71 70 -56 -30 1 0 0 0 1 0 0 0 1 3623.dat
1 72 80 -64 -30 1 0 0 0 1 0 0 0 1 3023.dat
1 72 90 -72 -30 1 0 0 0 1 0 0 0 1 3024.dat
1 71 70 -80 -30 1 0 0 0 1 0 0 0 1 3623.dat
1 71 60 -72 -30 1 0 0 0 1 0 0 0 1 3023.dat
1 71 90 -88 -30 1 0 0 0 1 0 0 0 1 3024.dat
1 72 60 -88 -30 1 0 0 0 1 0 0 0 1 3023.dat
1 72 70 -48 -30 1 0 0 0 1 0 0 0 1 3024.dat
1 288 80 -24 -50 0 0 1 0 1 0 -1 0 0 3021.dat
1 71 80 -16 0 0 0 1 0 1 0 -1 0 0 3035.dat
1 288 110 -24 -60 0 0 1 0 1 0 -1 0 0 3023.dat
1 288 120 -24 70 1 0 0 0 1 0 0 0 1 3666.dat
1 71 120 -32 70 1 0 0 0 1 0 0 0 1 3460.dat
1 71 190 -40 70 1 0 0 0 1 0 0 0 1 30039.dat
1 72 90 -40 70 1 0 0 0 1 0 0 0 1 3024.dat
1 71 100 -48 70 1 0 0 0 1 0 0 0 1 3023.dat
1 71 50 -40 70 1 0 0 0 1 0 0 0 1 3623.dat
1 71 40 -48 70 1 0 0 0 1 0 0 0 1 3023.dat
1 72 30 -56 70 1 0 0 0 1 0 0 0 1 3024.dat
1 72 70 -48 70 1 0 0 0 1 0 0 0 1 3024.dat
1 71 70 -56 70 1 0 0 0 1 0 0 0 1 3623.dat
1 71 140 -40 70 1 0 0 0 1 0 0 0 1 3710.dat
1 71 170 -40 70 0 0 -1 0 1 0 1 0 0 50746.dat
1 72 140 -48 70 1 0 0 0 1 0 0 0 1 3023.dat
1 71 150 -56 70 1 0 0 0 1 0 0 0 1 3024.dat
1 71 150 -56 70 0 0 -1 0 1 0 1 0 0 50746.dat
1 71 160 -16 0 0 0 1 0 1 0 -1 0 0 3035.dat
1 288 190 -24 20 0 0 -1 0 1 0 1 0 0 3666.dat
1 288 140 -24 -30 1 0 0 0 1 0 0 0 1 2431.dat
1 288 160 -24 -50 1 0 0 0 1 0 0 0 1 2431.dat
1 0 120 -8 0 1 0 0 0 1 0 0 0 1 3795.dat
1 288 170 -24 20 0 0 1 0 1 0 -1 0 0 2431.dat
1 288 150 -24 20 0 0 1 0 1 0 -1 0 0 2431.dat
1 15 130 -24 -10 1 0 0 0 1 0 0 0 1 4073.dat
1 288 160 -24 -70 1 0 0 0 1 0 0 0 1 2431.dat
1 0 160 -8 80 1 0 0 0 1 0 0 0 1 3795.dat
1 0 120 -16 90 -1 0 0 0 1 0 0 0 -1 2431.dat
1 0 190 -16 90 1 0 0 0 1 0 0 0 1 63864.dat
1 0 160 -8 -80 1 0 0 0 1 0 0 0 1 3795.dat
1 0 190 -16 -90 1 0 0 0 1 0 0 0 1 63864.dat
1 0 120 -16 -90 -1 0 0 0 1 0 0 0 -1 2431.dat
1 0 200 -8 0 0 0 -1 0 1 0 1 0 0 3795.dat
1 0 210 -16 0 0 0 1 0 1 0 -1 0 0 4162.dat
1 0 0 -8 0 1 0 0 0 1 0 0 0 1 3795.dat
1 71 -80 -16 0 0 0 1 0 1 0 -1 0 0 3035.dat
1 288 -40 -24 -40 0 0 1 0 1 0 -1 0 0 3020.dat
1 72 -50 -32 -30 1 0 0 0 1 0 0 0 1 3024.dat
1 71 -60 -40 -30 1 0 0 0 1 0 0 0 1 3710.dat
1 71 -100 -32 -40 1 0 0 0 1 0 0 0 1 2430.dat
1 71 -100 -32 -40 0.939693 0 -0.34202 0 1 0 0.34202 0 0.939693 2429.dat
1 288 -80 -24 -50 0 0 1 0 1 0 -1 0 0 3021.dat
1 72 -40 -48 -30 1 0 0 0 1 0 0 0 1 3023.dat
1 71 -50 -56 -30 1 0 0 0 1 0 0 0 1 3623.dat
1 72 -70 -64 -30 1 0 0 0 1 0 0 0 1 3024.dat
1 71 -70 -72 -30 1 0 0 0 1 0 0 0 1 3623.dat
1 72 -90 -80 -30 1 0 0 0 1 0 0 0 1 3024.dat
1 71 -70 -88 -30 1 0 0 0 1 0 0 0 1 3623.dat
1 71 -60 -80 -30 1 0 0 0 1 0 0 0 1 3023.dat
1 71 -90 -64 -30 1 0 0 0 1 0 0 0 1 3024.dat
1 72 -90 -56 -30 1 0 0 0 1 0 0 0 1 3024.dat
1 71 -80 -48 -30 1 0 0 0 1 0 0 0 1 3023.dat
1 71 -30 -32 20 0 0 -1 0 1 0 1 0 0 3666.dat
1 288 -40 -24 40 0 0 1 0 1 0 -1 0 0 3020.dat
1 71 -30 -56 20 0 0 -1 0 1 0 1 0 0 3010.dat
1 0 -120 -8 0 1 0 0 0 1 0 0 0 1 3795.dat
1 288 -110 -24 -60 0 0 1 0 1 0 -1 0 0 3023.dat
1 0 0 -8 -80 1 0 0 0 1 0 0 0 1 3832.dat
1 0 0 -8 80 1 0 0 0 1 0 0 0 1 3832.dat
1 0 0 -16 90 1 0 0 0 1 0 0 0 1 4162.dat
1 71 40 -48 -30 1 0 0 0 1 0 0 0 1 3023.dat
1 72 30 -56 -30 1 0 0 0 1 0 0 0 1 3024.dat
1 71 0 -24 20 1 0 0 0 1 0 0 0 1 3068.dat
1 71 0 -24 -20 1 0 0 0 1 0 0 0 1 3068.dat
1 71 0 -24 -60 1 0 0 0 1 0 0 0 1 3068.dat
1 72 120 -56 70 1 0 0 0 1 0 0 0 1 3023.dat
1 71 0 -88 -30 1 0 0 0 1 0 0 0 1 3659.dat
1 71 0 -88 70 1 0 0 0 1 0 0 0 1 3659.dat
1 71 -110 -120 -30 0 0 -1 0 1 0 1 0 0 6231.dat
1 71 -90 -104 -10 1 0 0 0 1 0 0 0 1 30039.dat
1 71 -60 -120 -30 -1 0 0 0 1 0 0 0 -1 30413.dat
1 71 -60 -120 70 1 0 0 0 1 0 0 0 1 30413.dat
1 71 -90 -104 50 1 0 0 0 1 0 0 0 1 30039.dat
1 71 -110 -88 70 1 0 0 0 1 0 0 0 1 3024.dat
1 72 -110 -80 70 1 0 0 0 1 0 0 0 1 3024.dat
1 71 -100 -72 70 1 0 0 0 1 0 0 0 1 3023.dat
1 71 -100 -64 70 1 0 0 0 1 0 0 0 1 3710.dat
1 71 -70 -56 70 1 0 0 0 1 0 0 0 1 3623.dat
1 72 -70 -48 70 1 0 0 0 1 0 0 0 1 3024.dat
1 72 -70 -72 70 1 0 0 0 1 0 0 0 1 3024.dat
1 71 -70 -80 70 1 0 0 0 1 0 0 0 1 3623.dat
1 72 -80 -88 70 1 0 0 0 1 0 0 0 1 3023.dat
1 71 -50 -88 70 1 0 0 0 1 0 0 0 1 3024.dat
1 71 -50 -72 70 1 0 0 0 1 0 0 0 1 3024.dat
1 72 -130 -72 70 1 0 0 0 1 0 0 0 1 3024.dat
1 71 -130 -72 70 0 0 1 0 1 0 -1 0 0 50746.dat
1 72 -120 -56 70 1 0 0 0 1 0 0 0 1 3023.dat
1 71 -110 -120 70 1 0 0 0 1 0 0 0 1 6231.dat
1 0 -160 -8 80 1 0 0 0 1 0 0 0 1 3795.dat
1 0 -120 -16 90 1 0 0 0 1 0 0 0 1 2431.dat
1 0 -190 -16 90 -1 0 0 0 1 0 0 0 -1 63864.dat
1 288 -160 -24 -70 1 0 0 0 1 0 0 0 1 2431.dat
1 288 -190 -24 20 0 0 1 0 1 0 -1 0 0 3666.dat
1 0 -200 -8 0 0 0 -1 0 1 0 1 0 0 3795.dat
1 0 -210 -16 0 0 0 1 0 1 0 -1 0 0 4162.dat
1 288 -150 -24 20 0 0 1 0 1 0 -1 0 0 2431.dat
1 15 -130 -24 -10 1 0 0 0 1 0 0 0 1 4073.dat
1 0 -160 -8 -80 1 0 0 0 1 0 0 0 1 3795.dat
1 0 -120 -16 -90 1 0 0 0 1 0 0 0 1 2431.dat
1 0 -190 -16 -90 -1 0 0 0 1 0 0 0 -1 63864.dat
1 320 -90 -112 20 0 0 1 0 1 0 -1 0 0 3023.dat
1 320 90 -112 20 0 0 1 0 1 0 -1 0 0 3023.dat
1 320 -60 -112 30 1 0 0 0 1 0 0 0 1 3023.dat
1 320 -20 -112 30 1 0 0 0 1 0 0 0 1 3023.dat
1 320 20 -112 30 1 0 0 0 1 0 0 0 1 3023.dat
1 320 60 -112 30 1 0 0 0 1 0 0 0 1 3023.dat
1 320 60 -112 10 1 0 0 0 1 0 0 0 1 3023.dat
1 320 20 -112 10 1 0 0 0 1 0 0 0 1 3023.dat
1 320 -20 -112 10 1 0 0 0 1 0 0 0 1 3023.dat
1 320 -60 -112 10 1 0 0 0 1 0 0 0 1 3023.dat
1 28 -90 -120 20 0 0 -1 0 1 0 1 0 0 3023.dat
1 28 90 -120 20 0 0 -1 0 1 0 1 0 0 3023.dat
1 71 0 -120 70 1 0 0 0 1 0 0 0 1 4865.dat
1 71 0 -120 -30 -1 0 0 0 1 0 0 0 -1 4865.dat
1 72 0 -144 20 1 0 0 0 1 0 0 0 1 3029.dat
1 0 0 -152 60 1 0 0 0 1 0 0 0 1 3832.dat
1 0 -20 -160 40 1 0 0 0 1 0 0 0 1 3832.dat
1 15 -110 -168 50 1 0 0 0 1 0 0 0 1 4073.dat
1 0 -120 -152 20 0 0 1 0 1 0 -1 0 0 3795.dat
1 0 -100 -160 0 1 0 0 0 1 0 0 0 1 3022.dat
1 15 -110 -168 -10 1 0 0 0 1 0 0 0 1 4073.dat
1 0 -130 -160 -30 0.707106 0 0.707107 0 1 0 -0.707107 0 0.707106 6019.dat
1 15 -130 -168 -30 0.707107 0 -0.707106 0 1 0 0.707106 0 0.707107 4073.dat
1 15 0 -168 20 1 0 0 0 1 0 0 0 1 3832.dat
1 0 20 -160 0 1 0 0 0 1 0 0 0 1 3832.dat
1 0 0 -152 -20 1 0 0 0 1 0 0 0 1 3832.dat
1 0 120 -152 20 0 0 1 0 1 0 -1 0 0 3795.dat
1 0 100 -160 40 1 0 0 0 1 0 0 0 1 3022.dat
1 15 110 -168 50 1 0 0 0 1 0 0 0 1 4073.dat
1 0 130 -160 70 -0.707107 0 -0.707107 0 1 0 0.707107 0 -0.707107 6019.dat
1 15 130 -168 70 0.707107 0 -0.707107 0 1 0 0.707107 0 0.707107 4073.dat
1 0 130 -160 -30 0.707107 0 -0.707107 0 1 0 0.707107 0 0.707107 6019.dat
1 15 130 -168 -30 0.707107 0 0.707107 0 1 0 -0.707107 0 0.707107 4073.dat
1 15 110 -168 -10 1 0 0 0 1 0 0 0 1 4073.dat
1 320 70 -176 20 0 0 1 0 1 0 -1 0 0 3023.dat
1 28 70 -184 20 0 0 -1 0 1 0 1 0 0 3023.dat
1 320 -70 -176 20 0 0 1 0 1 0 -1 0 0 3023.dat
1 28 -70 -184 20 0 0 -1 0 1 0 1 0 0 3023.dat
1 320 -40 -176 30 1 0 0 0 1 0 0 0 1 3023.dat
1 320 40 -176 10 1 0 0 0 1 0 0 0 1 3023.dat
1 320 0 -176 30 1 0 0 0 1 0 0 0 1 3023.dat
1 320 40 -176 30 1 0 0 0 1 0 0 0 1 3023.dat
1 320 0 -176 10 1 0 0 0 1 0 0 0 1 3023.dat
1 320 -40 -176 10 1 0 0 0 1 0 0 0 1 3023.dat
1 72 0 -136 20 1 0 0 0 1 0 0 0 1 3832.dat
1 72 -40 -128 10 1 0 0 0 1 0 0 0 1 2540.dat
1 72 -80 -128 30 -1 0 0 0 1 0 0 0 -1 2540.dat
1 72 -80 -128 10 1 0 0 0 1 0 0 0 1 2540.dat
1 72 0 -128 10 1 0 0 0 1 0 0 0 1 2540.dat
1 72 40 -128 10 1 0 0 0 1 0 0 0 1 2540.dat
1 72 80 -128 10 1 0 0 0 1 0 0 0 1 2540.dat
1 72 80 -128 30 -1 0 0 0 1 0 0 0 -1 2540.dat
1 72 0 -128 30 -1 0 0 0 1 0 0 0 -1 2540.dat
1 72 40 -128 30 -1 0 0 0 1 0 0 0 -1 2540.dat
1 72 -40 -128 30 -1 0 0 0 1 0 0 0 -1 2540.dat
1 15 -130 -168 70 0.707106 0 0.707107 0 1 0 -0.707107 0 0.707106 4073.dat
1 0 -130 -160 70 -0.707107 0 0.707107 0 1 0 -0.707107 0 -0.707107 6019.dat
1 28 30 -184 20 0 0 -1 0 1 0 1 0 0 3023.dat
1 72 -60 -192 10 1 0 0 0 1 0 0 0 1 2540.dat
1 72 -40 -200 20 1 0 0 0 1 0 0 0 1 3020.dat
1 72 -60 -192 30 -1 0 0 0 1 0 0 0 -1 2540.dat
1 72 0 -208 40 1 0 0 0 1 0 0 0 1 3832.dat
1 0 -100 -216 20 0 0 1 0 1 0 -1 0 0 3795.dat
1 0 -110 -224 70 -0.707107 0 0.707106 0 1 0 -0.707106 0 -0.707107 6019.dat
1 0 0 -224 0 1 0 0 0 1 0 0 0 1 3832.dat
1 0 0 -232 20 1 0 0 0 1 0 0 0 1 3034.dat
1 0 50 -240 20 0 0 1 0 1 0 -1 0 0 3794.dat
1 15 50 -248 20 1 0 0 0 1 0 0 0 1 4073.dat
1 0 -30 -240 20 0 0 1 0 1 0 -1 0 0 3794.dat
1 15 -30 -248 20 1 0 0 0 1 0 0 0 1 4073.dat
1 15 -70 -240 20 0 0 1 0 1 0 -1 0 0 3794.dat
1 15 70 -240 20 0 0 1 0 1 0 -1 0 0 3794.dat
1 0 -10 -240 20 0 0 1 0 1 0 -1 0 0 3794.dat
1 15 -10 -248 20 1 0 0 0 1 0 0 0 1 4073.dat
1 0 30 -240 20 0 0 1 0 1 0 -1 0 0 3794.dat
1 15 30 -248 20 1 0 0 0 1 0 0 0 1 4073.dat
1 0 10 -240 20 0 0 1 0 1 0 -1 0 0 3794.dat
1 15 10 -248 20 1 0 0 0 1 0 0 0 1 4073.dat
1 0 -50 -240 20 0 0 1 0 1 0 -1 0 0 3794.dat
1 15 -50 -248 20 1 0 0 0 1 0 0 0 1 4073.dat
1 0 0 -224 40 1 0 0 0 1 0 0 0 1 3832.dat
1 15 90 -232 50 1 0 0 0 1 0 0 0 1 4073.dat
1 0 0 -216 60 1 0 0 0 1 0 0 0 1 3034.dat
1 15 -90 -232 50 1 0 0 0 1 0 0 0 1 4073.dat
1 0 100 -216 20 0 0 1 0 1 0 -1 0 0 3795.dat
1 0 110 -224 -30 0.707107 0 -0.707106 0 1 0 0.707106 0 0.707107 6019.dat
1 0 110 -224 70 -0.707106 0 -0.707107 0 1 0 0.707107 0 -0.707106 6019.dat
1 72 0 -208 0 1 0 0 0 1 0 0 0 1 3832.dat
1 0 0 -216 -20 1 0 0 0 1 0 0 0 1 3034.dat
1 72 40 -200 20 1 0 0 0 1 0 0 0 1 3020.dat
1 72 20 -192 10 1 0 0 0 1 0 0 0 1 2540.dat
1 72 60 -192 30 -1 0 0 0 1 0 0 0 -1 2540.dat
1 72 60 -192 10 1 0 0 0 1 0 0 0 1 2540.dat
1 72 20 -192 30 -1 0 0 0 1 0 0 0 -1 2540.dat
1 15 -90 -232 -10 1 0 0 0 1 0 0 0 1 4073.dat
1 15 90 -232 -10 1 0 0 0 1 0 0 0 1 4073.dat
1 72 -20 -192 10 1 0 0 0 1 0 0 0 1 2540.dat
1 72 -20 -192 30 -1 0 0 0 1 0 0 0 -1 2540.dat
1 0 -110 -224 -30 0.707106 0 0.707107 0 1 0 -0.707107 0 0.707106 6019.dat
1 15 -110 -232 70 0.707106 0 0.707107 0 1 0 -0.707107 0 0.707106 4073.dat
1 15 -110 -232 -30 0.707107 0 -0.707106 0 1 0 0.707106 0 0.707107 4073.dat
1 15 110 -232 -30 0.707107 0 -0.707106 0 1 0 0.707106 0 0.707107 4073.dat
1 15 110 -232 70 0.707107 0 -0.707106 0 1 0 0.707106 0 0.707107 4073.dat
1 288 -50 -184 20 0 0 -1 0 1 0 1 0 0 3023.dat
1 288 -10 -184 20 0 0 -1 0 1 0 1 0 0 3023.dat
1 288 10 -184 20 0 0 -1 0 1 0 1 0 0 3023.dat
1 288 50 -184 20 0 0 -1 0 1 0 1 0 0 3023.dat
1 28 -30 -184 20 0 0 -1 0 1 0 1 0 0 3023.dat
1 288 -70 -120 20 0 0 -1 0 1 0 1 0 0 3023.dat
1 288 -30 -120 20 0 0 -1 0 1 0 1 0 0 3023.dat
1 288 30 -120 20 0 0 -1 0 1 0 1 0 0 3023.dat
1 288 70 -120 20 0 0 -1 0 1 0 1 0 0 3023.dat
1 28 50 -120 20 0 0 -1 0 1 0 1 0 0 3023.dat
1 28 10 -120 20 0 0 -1 0 1 0 1 0 0 3023.dat
1 28 -10 -120 20 0 0 -1 0 1 0 1 0 0 3023.dat
1 28 -50 -120 20 0 0 -1 0 1 0 1 0 0 3023.dat
1 71 -141.008 -40 -44.2839 0.939693 0 -0.34202 0 1 0 0.34202 0 0.939693 3710.dat
1 71 -169.199 -32 -54.5445 0.939693 0 -0.342019 0 1 0 0.342019 0 0.939693 3623.dat
1 71 -187.993 -40 -61.3849 0.939693 0 -0.342019 0 1 0 0.342019 0 0.939693 30039.dat
1 71 -169.199 -40 -54.5445 0.34202 0 0.939693 0 1 0 -0.939693 0 0.34202 50746.dat
1 72 -150.405 -48 -47.7041 0.939693 0 -0.342021 0 1 0 0.342021 0 0.939693 3024.dat
1 71 -122.214 -48 -37.4435 0.939693 0 -0.34202 0 1 0 0.34202 0 0.939693 3023.dat
1 72 -112.817 -56 -34.0233 0.939693 0 -0.34202 0 1 0 0.34202 0 0.939693 3024.dat
1 71 -141.008 -56 -44.2839 0.939693 0 -0.342021 0 1 0 0.342021 0 0.939693 3023.dat
1 71 -122.214 -64 -37.4435 0.939693 0 -0.34202 0 1 0 0.34202 0 0.939693 3023.dat
1 71 -150.405 -56 -47.7041 0.34202 0 0.939693 0 1 0 -0.939693 0 0.34202 50746.dat
1 71 -122.214 -72 -37.4435 0.939692 0 -0.342021 0 1 0 0.342021 0 0.939692 3023.dat
1 71 -112.817 -80 -34.0233 0.939692 0 -0.342021 0 1 0 0.342021 0 0.939692 3024.dat
1 71 -131.611 -72 -40.8637 0.34202 0 0.939693 0 1 0 -0.939693 0 0.34202 50746.dat
1 71 -112.817 -88 -34.0233 0.939692 0 -0.342021 0 1 0 0.342021 0 0.939692 30039.dat
1 71 149.618 -59.5151 50 0.642788 -0.766044 0 0.766044 0.642788 0 0 0 1 3710.dat
1 72 143.489 -54.3728 20 0 -0.766045 -0.642788 0 0.642788 -0.766045 1 0 0 3020.dat
1 288 149.618 -59.5151 20 -0.642787 -0.766045 0 -0.766045 0.642788 0 0 0 -1 3020.dat
1 0 137.361 -49.2305 20 0 -0.766045 -0.642788 0 0.642788 -0.766045 1 0 0 3022.dat
1 15 137.661 -36.4278 20 0 -0.766045 -0.642788 0 0.642788 -0.766045 1 0 0 6134.dat
1 288 149.618 -59.5151 -20 0 -0.766045 0.642788 0 0.642788 0.766045 -1 0 0 41770.dat
1 15 -137.66 -36.4279 20 0 0.766044 0.642788 0 0.642788 -0.766044 -1 0 0 6134.dat
1 0 -137.361 -49.2306 20 0 0.766045 0.642788 0 0.642788 -0.766045 -1 0 0 3022.dat
1 72 -143.489 -54.3729 20 0 0.766044 0.642788 0 0.642788 -0.766044 -1 0 0 3020.dat
1 71 -149.618 -59.5152 50 -0.642787 0.766045 0 0.766045 0.642787 0 0 0 -1 3710.dat
1 288 -149.618 -59.5152 20 0.642788 0.766045 0 -0.766045 0.642788 0 0 0 1 3020.dat
1 288 -149.618 -59.5152 -20 0 0.766045 -0.642788 0 0.642788 0.766045 1 0 0 41769.dat
1 0 -70 -264 20 -1 0 0 0 1 0 0 0 -1 59900.dat
1 0 70 -264 20 -1 0 0 0 1 0 0 0 -1 59900.dat
1 0 0 -200.862 -26.9122 -1 0 0 0 0.891007 -0.453991 0 -0.453991 -0.891007 6019.dat
1 0 0 -16 -90 1 0 0 0 1 0 0 0 1 4162.dat
