0 Main
0 Name: 41072-1 - Naida's Spa Secret.mpd
0 Author: LTRON
1 70 140 -8 70 1 0 0 0 1 0 0 0 1 3023.dat
1 71 80 -24 60 1 0 0 0 1 0 0 0 1 3001.dat
1 71 0 -24 60 1 0 0 0 1 0 0 0 1 3001.dat
1 71 -80 -24 60 1 0 0 0 1 0 0 0 1 3001.dat
1 71 -140 -24 60 1 0 0 0 1 0 0 0 1 3003.dat
1 71 -100 -24 20 1 0 0 0 1 0 0 0 1 3001.dat
1 72 -50 -24 30 1 0 0 0 1 0 0 0 1 3040.dat
1 71 -30 -24 30 1 0 0 0 1 0 0 0 1 3045.dat
1 71 -80 -48 20 1 0 0 0 1 0 0 0 1 3003.dat
1 72 -50 -48 30 0 0 -1 0 1 0 1 0 0 3040.dat
1 72 -110 -48 60 1 0 0 0 1 0 0 0 1 3002.dat
1 72 -50 -48 60 1 0 0 0 1 0 0 0 1 3002.dat
1 70 -150 -48 70 1 0 0 0 1 0 0 0 1 3005.dat
1 85 -80 -24 -80 0 0 -1 0 1 0 1 0 0 48092.dat
1 85 -80 -24 -80 -1 0 0 0 1 0 0 0 -1 48092.dat
1 322 -80 -56 40 0 0 -1 0 1 0 1 0 0 3020.dat
1 322 -120 -32 20 0 0 -1 0 1 0 1 0 0 87580.dat
1 322 -80 -8 -80 0 0 -1 0 1 0 1 0 0 11213.dat
1 322 -40 0 -120 1 0 0 0 1 0 0 0 1 30565.dat
1 322 -120 0 -120 0 0 1 0 1 0 -1 0 0 30565.dat
1 70 -70 -32 -10 1 0 0 0 1 0 0 0 1 3623.dat
1 43 -50 -16 -50 1 0 0 0 1 0 0 0 1 6141.dat
1 43 -90 -16 -110 1 0 0 0 1 0 0 0 1 6141.dat
1 322 -70 -40 -30 1 0 0 0 1 0 0 0 1 6091.dat
1 85 -80 -24 -80 0 0 1 0 1 0 -1 0 0 48092.dat
1 85 -80 -24 -80 1 0 0 0 1 0 0 0 1 48092.dat
1 322 -70 -40 -20 0 0 -1 0 1 0 1 0 0 3069.dat
1 71 -70 -56 -10 1 0 0 0 1 0 0 0 1 4490.dat
1 85 -80 -32 -150 1 0 0 0 1 0 0 0 1 3023.dat
1 85 -150 -32 -80 0 0 -1 0 1 0 1 0 0 3023.dat
1 297 -10 -32 -80 0 0 -1 0 1 0 1 0 0 15573.dat
1 72 -130 -72 60 0 0 -1 0 1 0 1 0 0 3039.dat
1 72 -30 -72 60 0 0 1 0 1 0 -1 0 0 3039.dat
1 71 -90 -56 -10 1 0 0 0 1 0 0 0 1 42446.dat
1 71 -50 -56 -10 1 0 0 0 1 0 0 0 1 42446.dat
1 1 -50 -46 -31 1 0 0 0 0 -1 0 1 0 6141.dat
1 4 -90 -46 -31 1 0 0 0 0 -1 0 1 0 6141.dat
1 71 -30 -96 60 0 0 1 0 1 0 -1 0 0 3004.dat
1 71 -30 -120 60 0 0 1 0 1 0 -1 0 0 3004.dat
1 71 -130 -96 60 0 0 1 0 1 0 -1 0 0 3004.dat
1 71 -130 -120 60 0 0 1 0 1 0 -1 0 0 3004.dat
1 308 -150 -96 70 0 0 1 0 1 0 -1 0 0 30099.dat
1 308 -150 -120 70 -1 0 0 0 1 0 0 0 -1 3665.dat
1 70 -140 -128 80 -1 0 0 0 1 0 0 0 -1 3022.dat
1 70 -140 -152 70 -1 0 0 0 1 0 0 0 -1 3004.dat
1 70 -130 -176 70 -1 0 0 0 1 0 0 0 -1 3005.dat
1 70 -150 -176 70 0 0 1 0 1 0 -1 0 0 4287.dat
1 70 -140 -184 70 1 0 0 0 1 0 0 0 1 3023.dat
1 19 -180 -184 70 1 0 0 0 1 0 0 0 1 88072.dat
1 71 -130 -144 50 1 0 0 0 1 0 0 0 1 87087.dat
1 71 -30 -144 50 1 0 0 0 1 0 0 0 1 87087.dat
1 37 -30 -134 36 1 0 0 0 0 -1 0 1 0 30153.dat
1 37 -130 -134 36 1 0 0 0 0 -1 0 1 0 30153.dat
1 71 -80 -192 50 1 0 0 0 1 0 0 0 1 12939.dat
1 43 -80 -176 30 1 0 0 0 1 0 0 0 1 46212.dat
1 322 -70 -208 50 1 0 0 0 1 0 0 0 1 6091.dat
1 322 -90 -208 50 1 0 0 0 1 0 0 0 1 6091.dat
1 70 -80 -208 50 1 0 0 0 1 0 0 0 1 3023.dat
1 70 -160 -192 70 1 0 0 0 1 0 0 0 1 3710.dat
1 72 -110 -216 60 0 0 1 0 1 0 -1 0 0 3298.dat
1 34 -150 -152 90 0 0 1 0 1 0 -1 0 0 3062.dat
1 29 -130 -136 90 0 0 1 0 1 0 -1 0 0 98138.dat
1 71 -30 -192 70 1 0 0 0 1 0 0 0 1 14716.dat
1 322 40 -32 100 0 0 -1 0 1 0 1 0 0 3020.dat
1 72 80 -24 90 1 0 0 0 1 0 0 0 1 3710.dat
1 72 0 -24 90 1 0 0 0 1 0 0 0 1 3710.dat
1 72 40 -24 120 1 0 0 0 1 0 0 0 1 3020.dat
1 71 40 -16 80 -1 0 0 0 1 0 0 0 -1 47974.dat
1 72 -10 -48 70 -1 0 0 0 1 0 0 0 -1 3040.dat
1 71 10 -48 100 0 0 1 0 1 0 -1 0 0 3010.dat
1 71 70 -48 100 0 0 1 0 1 0 -1 0 0 3010.dat
1 70 100 -48 80 0 0 1 0 1 0 -1 0 0 3003.dat
1 70 140 -24 50 1 0 0 0 1 0 0 0 1 3039.dat
1 37 -30 -32 90 1 0 0 0 1 0 0 0 1 6141.dat
1 33 40 -56 90 1 0 0 0 1 0 0 0 1 3039.dat
1 72 -10 -72 70 0 0 1 0 1 0 -1 0 0 3005.dat
1 47 40 -40 130 1 0 0 0 1 0 0 0 1 3023.dat
1 15 40 -64 130 1 0 0 0 1 0 0 0 1 32064.dat
1 0 40 -54 120 0 0 -1 0 1 0 1 0 0 32062.dat
1 0 40 -54 110 0 -1 0 -1 0 0 0 0 -1 45590.dat
1 71 -10 -144 70 1 0 0 0 1 0 0 0 1 14716.dat
1 71 10 -72 100 0 0 1 0 1 0 -1 0 0 3010.dat
1 71 70 -72 100 0 0 1 0 1 0 -1 0 0 3010.dat
1 70 100 -72 80 0 0 1 0 1 0 -1 0 0 3003.dat
1 71 40 -120 70 1 0 0 0 1 0 0 0 1 6182.dat
1 71 40 -64 150 1 0 0 0 1 0 0 0 1 3245b.dat
1 70 100 -96 70 -1 0 0 0 1 0 0 0 -1 3039.dat
1 33 40 -88 130 -1 0 0 0 1 0 0 0 -1 3039.dat
1 71 10 -96 110 0 0 1 0 1 0 -1 0 0 3622.dat
1 71 70 -96 110 0 0 1 0 1 0 -1 0 0 3622.dat
1 71 10 -120 100 0 0 1 0 1 0 -1 0 0 3004.dat
1 71 70 -120 100 0 0 1 0 1 0 -1 0 0 3004.dat
1 15 10 -120 130 0 0 1 0 1 0 -1 0 0 6541.dat
1 15 70 -120 130 0 0 1 0 1 0 -1 0 0 6541.dat
1 0 50 -110 130 1 0 0 0 0.866 -0.5 0 0.5 0.866 3706.dat
1 71 105 -110 130 0 0 -1 -0.5 0.866 0 0.866 0.5 0 32123.dat
1 72 90 -110 130 -1 0 0 0 -0.866 -0.5 0 -0.5 0.866 6553.dat
1 43 55 -95 104.02 0 1 0 -0.866 0 -0.5 -0.5 0 0.866 32449.dat
1 43 45 -95 104.02 0 1 0 -0.866 0 -0.5 -0.5 0 0.866 32449.dat
1 43 35 -95 104.02 0 1 0 -0.866 0 -0.5 -0.5 0 0.866 32449.dat
1 43 25 -95 104.02 0 1 0 -0.866 0 -0.5 -0.5 0 0.866 32449.dat
1 71 -5 -110 130 0 0 -1 -0.5 0.866 0 0.866 0.5 0 32123.dat
1 70 90 -161.96 100 1 0 0 0 -0.5 -0.866 0 0.866 -0.5 32016.dat
1 1 90 -180.2216 76.1995 0 0 1 0.608684 -0.793678 0 0.793678 0.608684 0 43093.dat
1 70 90 -192.397 60.333 0 0 1 0.608684 -0.793678 0 0.793678 0.608684 0 62462.dat
1 71 90 -204.5719 44.4656 0 0 1 -0.608684 0.793678 0 -0.793678 -0.608684 0 4274.dat
1 31 100 -161.96 100 0 1 0 0.965762 0 -0.258762 -0.258762 0 -0.965762 33291.dat
1 31 90 -209.4421 38.1193 1 0 0 0 0.608684 -0.793678 0 0.793678 0.608684 2423.dat
1 33 90 -166.7109 -4.7524 1 0 0 0 0.608684 -0.793678 0 0.793678 0.608684 98138.dat
1 26 70 -182.5774 7.423 0.707 0 0.707 0.561186 0.608684 -0.561186 -0.429998 0.793678 0.429998 33291.dat
1 43 110 -196.0091 22.771 1 0 0 0 0.608684 -0.793678 0 0.793678 0.608684 30153.dat
1 70 90 -197.2666 53.9858 0 0 1 0.793678 0.608684 0 -0.608684 0.793678 0 33183.dat
1 71 10 -144 120 0 0 1 0 1 0 -1 0 0 3004.dat
1 71 70 -144 120 0 0 1 0 1 0 -1 0 0 3004.dat
1 72 80 -32 50 0 0 1 0 1 0 -1 0 0 92946.dat
1 37 90 -40 50 0 0 1 0 1 0 -1 0 0 6141.dat
1 70 110 -48 50 0 0 -1 0 1 0 1 0 0 3040.dat
1 322 90 -24 30 0 0 -1 0 1 0 1 0 0 3005.dat
1 47 40 -8 30 -1 0 0 0 1 0 0 0 -1 3023.dat
1 322 50 -40 50 1 0 0 0 1 0 0 0 1 6091.dat
1 322 30 -40 50 1 0 0 0 1 0 0 0 1 6091.dat
1 322 90 -56 50 1 0 0 0 1 0 0 0 1 6091.dat
1 72 -10 -48 50 0 0 -1 0 1 0 1 0 0 3040.dat
1 43 40 -40 50 -1 0 0 0 1 0 0 0 -1 3069.dat
1 72 -10 -72 50 -1 0 0 0 1 0 0 0 -1 3005.dat
1 72 90 -72 50 -1 0 0 0 1 0 0 0 -1 3005.dat
1 37 150 -24 50 0 0 -1 0 1 0 1 0 0 30385.dat
1 37 -70 -56 -10 0 0 -1 0 1 0 1 0 0 30385.dat
1 71 40 -120 50 1 0 0 0 1 0 0 0 1 12939.dat
1 70 110 -120 50 0 0 1 0 1 0 -1 0 0 13965.dat
1 70 110 -120 50 -1 0 0 0 1 0 0 0 -1 3040.dat
1 70 120 -128 50 1 0 0 0 1 0 0 0 1 3710.dat
1 71 20 -144 70 0 0 1 0 1 0 -1 0 0 3002.dat
1 71 60 -144 70 0 0 1 0 1 0 -1 0 0 3002.dat
1 70 -10 -144 50 1 0 0 0 1 0 0 0 1 4287.dat
1 72 30 -168 60 0 0 -1 0 1 0 1 0 0 3298.dat
1 71 0 -168 60 0 0 -1 0 1 0 1 0 0 3003.dat
1 71 -80 -216 50 1 0 0 0 1 0 0 0 1 99207.dat
1 72 -10 -192 60 0 0 -1 0 1 0 1 0 0 3298.dat
1 72 -50 -216 60 0 0 -1 0 1 0 1 0 0 3298.dat
1 72 -70 -240 60 0 0 -1 0 1 0 1 0 0 3039.dat
1 72 -90 -240 60 0 0 1 0 1 0 -1 0 0 3039.dat
1 72 -80 -248 60 0 0 1 0 1 0 -1 0 0 3022.dat
1 72 40 -152 100 1 0 0 0 1 0 0 0 1 3020.dat
1 72 10 -144 120 -1 0 0 0 1 0 0 0 -1 11477.dat
1 72 70 -144 120 -1 0 0 0 1 0 0 0 -1 11477.dat
1 322 30 -168 110 -1 0 0 0 1 0 0 0 -1 6091.dat
1 322 50 -168 110 -1 0 0 0 1 0 0 0 -1 6091.dat
1 72 40 -152 100 1 0 0 0 1 0 0 0 1 15068.dat
1 5 150 -136 50 0.5 0 -0.866 0 1 0 0.866 0 0.5 2423.dat
1 31 174.641 -144 12.679 0.5 0 -0.866 0 1 0 0.866 0 0.5 33291.dat
1 43 201.962 -140 20 0.5 0 -0.866 0 1 0 0.866 0 0.5 30153.dat
1 70 140 -128 50 0 0 1 0 1 0 -1 0 0 11477.dat
1 5 -10 -152 10 0.707 0 -0.707 0 1 0 0.707 0 0.707 2423.dat
1 31 4.142 -160 -32.427 0.707 0 -0.707 0 1 0 0.707 0 0.707 33291.dat
1 43 32.427 -156 -32.427 0.707 0 -0.707 0 1 0 0.707 0 0.707 30153.dat
1 70 -10 -144 20 -1 0 0 0 1 0 0 0 -1 11477.dat
1 323 -80 -228 28 1 0 0 0 0 -1 0 1 0 14769.dat
1 10 -150 -8 -10 0 0 1 0 1 0 -1 0 0 15279.dat
1 27 -130 -32 -30 0.707 0 0.707 0 1 0 -0.707 0 0.707 6141.dat
1 31 -130 -40 -30 0.707 0 0.707 0 1 0 -0.707 0 0.707 33291.dat
1 27 -110 -16 -50 0.707 0 0.707 0 1 0 -0.707 0 0.707 6141.dat
1 31 -110 -24 -50 0.707 0 0.707 0 1 0 -0.707 0 0.707 33291.dat
1 47 -130 -64 -130 0 0 -1 0 1 0 1 0 0 6269.dat
1 37 -130 -67 -130 0 0 -1 0 1 0 1 0 0 6141.dat
1 47 -90 -56 -150 0 0 -1 0 1 0 1 0 0 3626.dat
1 43 -90 -60 -150 0 0 -1 0 1 0 1 0 0 30153.dat
1 34 -120 -56 20 0 0 -1 0 1 0 1 0 0 3062.dat
1 85 -180 -192 -6.569 0.707 0 0.707 0 1 0 -0.707 0 0.707 2417.dat
1 31 -194.142 -200 -48.995 1 0 0 0 1 0 0 0 1 33291.dat
1 31 -137.574 -200 7.574 1 0 0 0 1 0 0 0 1 33291.dat
1 43 -207.882 -196 22.118 0.707 0 -0.707 0 1 0 0.707 0 0.707 30153.dat
1 43 -179.598 -196 -6.167 0.707 0 -0.707 0 1 0 0.707 0 0.707 30153.dat
1 15 -10 -40 -80 0.5 0 -0.866 0 1 0 0.866 0 0.5 3068.dat
