0 Main
0 Name: 6959-1 - Lunar Launch Site.mpd
0 Author: LTRON
1 0 -320 -120 -200 1 0 0 0 1 0 0 0 1 2453.dat
1 0 -320 -120 -100 1 0 0 0 1 0 0 0 1 2453.dat
1 0 -260 -72 -320 1 0 0 0 1 0 0 0 1 2449.dat
1 0 -240 -72 -320 1 0 0 0 1 0 0 0 1 2449.dat
1 0 -110 -120 -320 1 0 0 0 1 0 0 0 1 2454.dat
1 4 -320 -144 -150 0 0 1 0 1 0 -1 0 0 3009.dat
1 0 -250 -96 -290 0 0 1 0 1 0 -1 0 0 44237.dat
1 0 -260 -120 -250 0 0 1 0 1 0 -1 0 0 3004.dat
1 0 -250 -120 -320 -1 0 0 0 1 0 0 0 -1 3004.dat
1 0 -250 -120 -340 1 0 0 0 1 0 0 0 1 3747.dat
1 0 -260 -144 -240 1 0 0 0 1 0 0 0 1 3005.dat
1 0 -260 -144 -330 0 0 1 0 1 0 -1 0 0 3008.dat
1 0 -240 -144 -370 0 0 1 0 1 0 -1 0 0 3004.dat
1 0 -170 -144 -320 -1 0 0 0 1 0 0 0 -1 3008.dat
1 0 300 -120 70 0 0 -1 0 1 0 1 0 0 2454.dat
1 4 -230 -152 -250 0 0 -1 0 1 0 1 0 0 3031.dat
1 4 70 -152 -40 1 0 0 0 1 0 0 0 1 4477.dat
1 4 180 -152 -10 0 0 1 0 1 0 -1 0 0 3710.dat
1 4 180 -152 150 0 0 1 0 1 0 -1 0 0 3710.dat
1 4 70 -152 180 -1 0 0 0 1 0 0 0 -1 4477.dat
1 4 -60 -152 180 -1 0 0 0 1 0 0 0 -1 3623.dat
1 4 -110 -152 180 -1 0 0 0 1 0 0 0 -1 3023.dat
1 4 -170 -152 -310 1 0 0 0 1 0 0 0 1 2401.dat
1 4 10 -152 -60 1 0 0 0 1 0 0 0 1 2431.dat
1 0 180 -160 10 0 0 1 0 1 0 -1 0 0 3069.dat
1 0 180 -160 130 0 0 1 0 1 0 -1 0 0 3069.dat
1 0 300 -128 70 0 0 -1 0 1 0 1 0 0 3839.dat
1 33 319 -122 44 0 1 0 0 0 1 1 0 0 4589.dat
1 33 319 -122 96 0 1 0 0 0 1 1 0 0 4589.dat
1 4 310 -144 70 0 0 -1 0 1 0 1 0 0 4859.dat
1 0 -250 -176 -400 -1 0 0 0 1 0 0 0 -1 3004.dat
1 0 -210 -176 -220 -1 0 0 0 1 0 0 0 -1 3009.dat
1 0 -100 -160 -220 -1 0 0 0 1 0 0 0 -1 3024.dat
1 4 -50 -168 -80 -1 0 0 0 1 0 0 0 -1 3009.dat
1 4 300 -136 70 0 0 -1 0 1 0 1 0 0 3023.dat
1 0 250 -152 60 1 0 0 0 1 0 0 0 1 4162.dat
1 0 250 -152 80 1 0 0 0 1 0 0 0 1 4162.dat
1 0 -270 -176 -250 1 0 0 0 1 0 0 0 1 3830.dat
1 4 -290 -152 -330 0 0 -1 0 1 0 1 0 0 3034.dat
1 0 -270 -176 -250 0 0 -1 0 1 0 1 0 0 3831.dat
1 0 -280 -176 -350 0 0 -1 0 1 0 1 0 0 3009.dat
1 0 -300 -176 -390 0 0 -1 0 1 0 1 0 0 3004.dat
1 0 -300 -176 -270 0 0 -1 0 1 0 1 0 0 3004.dat
1 33 -280 -248 -330 0 0 -1 0 1 0 1 0 0 4215.dat
1 0 -280 -248 -270 0 0 1 0 1 0 -1 0 0 30499.dat
1 0 -280 -248 -390 0 0 1 0 1 0 -1 0 0 30499.dat
1 0 -280 -256 -330 0 0 1 0 1 0 -1 0 0 3460.dat
1 0 -280 -264 -390 0 0 -1 0 1 0 1 0 0 3069.dat
1 0 -280 -264 -330 0 0 1 0 1 0 -1 0 0 2452.dat
1 0 -280 -272 -340 1 0 0 0 1 0 0 0 1 4085.dat
1 0 -280 -272 -320 -1 0 0 0 1 0 0 0 -1 4085.dat
1 33 -280 -264 -300 -1 0 0 0 1 0 0 0 -1 2569.dat
1 33 -280 -264 -360 -1 0 0 0 1 0 0 0 -1 2569.dat
1 0 -289.8506 -288.5114 -330 -0.2079 -0.9781 0 0.9781 -0.2079 0 0 0 1 4276.dat
1 4 -295.5964 -299.9556 -330 0 -0.9781 -0.2079 0 -0.2079 0.9781 -1 0 0 3794.dat
1 4 -299.7544 -280.3936 -330 0 -0.9781 -0.2079 0 -0.2079 0.9781 -1 0 0 3794.dat
1 0 -305.5002 -291.8378 -330 0 -0.9781 -0.2079 0 -0.2079 0.9781 -1 0 0 4285.dat
1 0 -270 -264 -250 0 0 -1 0 1 0 1 0 0 2429.dat
1 0 -250 -184 -230 0 0 1 0 1 0 -1 0 0 3022.dat
1 0 -250 -232 -230 1 0 0 0 1 0 0 0 1 4345.dat
1 0 -250 -200 -234 0 0 1 0 1 0 -1 0 0 3069.dat
1 0 -250 -232 -230 1 0 0 0 1 0 0 0 1 4346.dat
1 0 -250 -256 -230 1 0 0 0 1 0 0 0 1 3003.dat
1 0 -250 -264 -220 1 0 0 0 1 0 0 0 1 3023.dat
1 42 -220 -184 -220 0 0 1 0 1 0 -1 0 0 6141.dat
1 4 -200 -184 -220 -0.9659 0 -0.2588 0 1 0 0.2588 0 -0.9659 4592.dat
1 0 -200 -184 -220 -0.9659 0.067 -0.25 0 0.9659 0.2588 0.2588 0.25 -0.933 4593.dat
1 0 -150 -144 50 0 0 -1 0 1 0 1 0 0 3029.dat
1 0 -150 -152 -40 1 0 0 0 1 0 0 0 1 2431.dat
1 0 -130 -152 -20 1 0 0 0 1 0 0 0 1 2431.dat
1 0 -150 -152 0 1 0 0 0 1 0 0 0 1 2431.dat
1 0 -150 -152 20 1 0 0 0 1 0 0 0 1 2431.dat
1 0 -150 -152 40 1 0 0 0 1 0 0 0 1 2431.dat
1 0 -150 -152 60 1 0 0 0 1 0 0 0 1 2431.dat
1 0 -150 -152 80 1 0 0 0 1 0 0 0 1 2431.dat
1 0 -150 -152 100 1 0 0 0 1 0 0 0 1 2431.dat
1 0 -130 -152 120 1 0 0 0 1 0 0 0 1 2431.dat
1 0 -150 -152 140 1 0 0 0 1 0 0 0 1 2431.dat
1 0 -150 -152 -60 1 0 0 0 1 0 0 0 1 3710.dat
1 0 -180 -152 -20 1 0 0 0 1 0 0 0 1 3070.dat
1 0 -180 -152 120 1 0 0 0 1 0 0 0 1 3070.dat
1 0 -170 -160 -60 1 0 0 0 1 0 0 0 1 3023.dat
1 0 -50 -160 -60 1 0 0 0 1 0 0 0 1 4477.dat
1 0 -110 -168 -60 1 0 0 0 1 0 0 0 1 4162.dat
1 0 30 -168 -60 1 0 0 0 1 0 0 0 1 4623.dat
1 0 30 -176 -60 1 0 0 0 1 0 0 0 1 3069.dat
1 4 -200 -168 110 0 0 -1 0 1 0 1 0 0 6140.dat
1 4 -200 -168 -10 0 0 -1 0 1 0 1 0 0 6140.dat
1 0 -270 -264 -250 1 0 0 0 1 0 0 0 1 2430.dat
1 0 130 -144 70 0 0 -1 0 1 0 1 0 0 3832.dat
1 4 130 -152 -20 1 0 0 0 1 0 0 0 1 3069.dat
1 4 130 -152 160 1 0 0 0 1 0 0 0 1 3069.dat
1 4 130 -152 70 0 0 1 0 1 0 -1 0 0 3020.dat
1 0 130 -168 10 0 0 1 0 1 0 -1 0 0 3003.dat
1 0 130 -168 130 0 0 1 0 1 0 -1 0 0 3003.dat
1 0 230 -160 70 -1 0 0 0 1 0 0 0 -1 3029.dat
1 0 140 -168 50 -1 0 0 0 1 0 0 0 -1 3021.dat
1 0 140 -168 90 -1 0 0 0 1 0 0 0 -1 3021.dat
1 0 240 -168 70 0 0 -1 0 1 0 1 0 0 3069.dat
1 0 340 -168 70 0 0 1 0 1 0 -1 0 0 3069.dat
1 0 130 -176 70 0 0 1 0 1 0 -1 0 0 3035.dat
1 0 290 -168 70 0 0 1 0 1 0 -1 0 0 3795.dat
1 0 290 -176 20 -1 0 0 0 1 0 0 0 -1 3023.dat
1 0 290 -176 120 -1 0 0 0 1 0 0 0 -1 3023.dat
1 0 290 -184 20 -1 0 0 0 1 0 0 0 -1 3069.dat
1 0 290 -184 120 -1 0 0 0 1 0 0 0 -1 3069.dat
1 4 280 -176 70 0 0 -1 0 1 0 1 0 0 2431.dat
1 4 300 -176 70 0 0 -1 0 1 0 1 0 0 3069.dat
1 0 110 -200 140 1 0 0 0 1 0 0 0 1 3004.dat
1 8 130 -320 50 0 0 -1 0 1 0 1 0 0 6082.dat
1 0 110 -320 0 1 0 0 0 1 0 0 0 1 3023.dat
1 0 110 -320 100 1 0 0 0 1 0 0 0 1 3023.dat
1 0 110 -344 -20 1 0 0 0 1 0 0 0 1 3004.dat
1 0 110 -328 130 1 0 0 0 1 0 0 0 1 3022.dat
1 0 110 -336 120 1 0 0 0 1 0 0 0 1 3023.dat
1 0 90 -336 150 -1 0 0 0 1 0 0 0 -1 2429.dat
1 0 110 -344 130 -1 0 0 0 1 0 0 0 -1 3022.dat
1 0 90 -336 150 0.9659 0 -0.2588 0 1 0 0.2588 0 0.9659 2430.dat
1 0 126.048 -328 170.011 -0.9659 0 0.2588 0 1 0 -0.2588 0 -0.9659 3710.dat
1 0 155.025 -336 177.775 -0.2588 0 -0.9659 0 1 0 0.9659 0 -0.2588 2420.dat
1 0 116.389 -344 167.423 0.9659 0 -0.2588 0 1 0 0.2588 0 0.9659 3623.dat
1 0 152.437 -344 187.434 -0.2588 0 -0.9659 0 1 0 0.9659 0 -0.2588 3069.dat
1 8 120 -488 50 0 0 -1 0 1 0 1 0 0 6083.dat
1 0 140 -424 80 -1 0 0 0 1 0 0 0 -1 4085.dat
1 33 140 -400 100 -1 0 0 0 1 0 0 0 -1 2569.dat
1 0 90 -160 -30 1 0 0 0 1 0 0 0 1 3832.dat
1 0 30 -160 170 1 0 0 0 1 0 0 0 1 4282.dat
1 0 -270 -384 -150 0 0 1 0 1 0 -1 0 0 2681.dat
1 0 -250 -312 -230 0 0 1 0 1 0 -1 0 0 3940.dat
1 0 -250 -360 -230 0 0 1 0 1 0 -1 0 0 3940.dat
1 0 -250 -384 -230 0 0 1 0 1 0 -1 0 0 3003.dat
1 0 -60 -168 160 -1 0 0 0 1 0 0 0 -1 3024.dat
1 0 -60 -168 180 -1 0 0 0 1 0 0 0 -1 4085.dat
1 0 -200 -176 130 0 0 -1 0 1 0 1 0 0 2412.dat
1 0 -200 -176 -30 0 0 -1 0 1 0 1 0 0 2412.dat
1 0 -200 -176 90 0 0 -1 0 1 0 1 0 0 3069.dat
1 0 -200 -176 10 0 0 1 0 1 0 -1 0 0 3069.dat
1 0 -70 -160 -230 -1 0 0 0 1 0 0 0 -1 2430.dat
1 0 -70 -160 -230 0 0 1 0 1 0 -1 0 0 2429.dat
1 0 -60 -168 -170 0 0 1 0 1 0 -1 0 0 3666.dat
1 0 -60 -160 -150 0 0 -1 0 1 0 1 0 0 3839.dat
1 33 -42 -154 -176 0 1 0 0 0 1 1 0 0 4589.dat
1 33 -42 -154 -124 0 1 0 0 0 1 1 0 0 4589.dat
1 0 -90 -168 -230 0 0 -1 0 1 0 1 0 0 3022.dat
1 0 -80 -176 -230 0 0 -1 0 1 0 1 0 0 3023.dat
1 0 -100 -176 -230 0 0 -1 0 1 0 1 0 0 3069.dat
1 0 -240 -408 -230 0 0 -1 0 1 0 1 0 0 3004.dat
1 0 -260 -408 -190 0 0 -1 0 1 0 1 0 0 3009.dat
1 0 -280 -408 -150 0 0 1 0 1 0 -1 0 0 3660.dat
1 4 -260 -416 -190 0 0 1 0 1 0 -1 0 0 3023.dat
1 0 -250 -432 -230 0 0 1 0 1 0 -1 0 0 3003.dat
1 4 -280 -416 -150 -1 0 0 0 1 0 0 0 -1 3021.dat
1 0 -50 -176 -70 1 0 0 0 1 0 0 0 1 3795.dat
1 0 -50 -200 -70 0 0 -1 0 1 0 1 0 0 4730.dat
1 0 -20 -200 -70 0 0 -1 0 1 0 1 0 0 3039.dat
1 0 -40 -208 -70 1 0 0 0 1 0 0 0 1 3021.dat
1 0 -20 -168 170 1 0 0 0 1 0 0 0 1 3021.dat
1 0 -30 -176 170 1 0 0 0 1 0 0 0 1 3020.dat
1 0 -50 -200 170 0 0 1 0 1 0 -1 0 0 4730.dat
1 0 -20 -200 170 0 0 -1 0 1 0 1 0 0 3039.dat
1 0 -40 -208 170 1 0 0 0 1 0 0 0 1 3021.dat
1 4 -52.756 -199.613 -40 0.9613 0.2756 0 -0.2756 0.9613 0 0 0 1 3700.dat
1 0 -65.3676 -171.0298 -30 0.9613 0.2756 0 -0.2756 0.9613 0 0 0 1 3020.dat
1 8 -105.054 -309.457 50 0 0.2756 0.9613 0 0.9613 -0.2756 -1 0 0 6082.dat
1 4 -52.756 -199.613 140 0.9613 0.2756 0 -0.2756 0.9613 0 0 0 1 3700.dat
1 0 -65.3676 -171.0298 130 0.9613 0.2756 0 -0.2756 0.9613 0 0 0 1 3020.dat
1 4 -85.828 -314.969 10 0.9613 0.2756 0 -0.2756 0.9613 0 0 0 1 3022.dat
1 4 -85.828 -314.969 90 0.9613 0.2756 0 -0.2756 0.9613 0 0 0 1 3022.dat
1 0 -107.4354 -208.9042 -60 0.9613 0.2756 0 -0.2756 0.9613 0 0 0 1 2357.dat
1 0 -100.0272 -219.3506 -50 0.9613 0.2756 0 -0.2756 0.9613 0 0 0 1 3022.dat
1 4 -78.4198 -325.4154 80 0 0.2756 -0.9613 0 0.9613 0.2756 1 0 0 4081.dat
1 4 -78.4198 -325.4154 20 0 0.2756 -0.9613 0 0.9613 0.2756 1 0 0 4081.dat
1 0 -92.4424 -338.0402 120 0.9613 0.2756 0 -0.2756 0.9613 0 0 0 1 3004.dat
1 0 -92.4424 -338.0402 -20 0.9613 0.2756 0 -0.2756 0.9613 0 0 0 1 3004.dat
1 8 -141.7418 -473.7114 50 0 0.2756 0.9613 0 0.9613 -0.2756 -1 0 0 6083.dat
1 0 -67.1931 -287.4726 50 0.104529 0.994532 0 0.994532 -0.104529 0 0 0 -1 3707.dat
1 0 -53.5742 -349.2351 50 0 -0.994532 0.104529 0 0.104529 0.994532 -1 0 0 4746.dat
1 4 -44.5726 -340.126 50 0 -0.994532 0.104529 0 0.104529 0.994532 -1 0 0 2412.dat
1 4 -69.2837 -307.3633 50 -0.994532 0.104529 0 0.104529 0.994532 0 0 0 -1 6143.dat
1 0 -66.775 -283.4945 50 -0.994532 0.104529 0 0.104529 0.994532 0 0 0 -1 4591.dat
1 4 -61.7576 -235.7569 50 -0.994532 0.104529 0 0.104529 0.994532 0 0 0 -1 4591.dat
1 33 -82.2453 -430.6853 50 -0.994532 0.104529 0 0.104529 0.994532 0 0 0 -1 4589.dat
1 33 -72.4195 -337.1992 85 -0.994532 0 -0.104529 0.104529 0 -0.994532 0 -1 0 4589.dat
1 33 -72.4195 -337.1992 15 -0.994532 0 0.104529 0.104529 0 0.994532 0 1 0 4589.dat
1 4 -46.6632 -360.0167 40 0 -0.994532 0.104529 0 0.104529 0.994532 -1 0 0 4592.dat
1 4 -46.6632 -360.0167 60 0 -0.994532 0.104529 0 0.104529 0.994532 -1 0 0 4592.dat
1 0 -46.6632 -360.0167 60 0 -0.587788 -0.809 0 -0.809 0.587788 -1 0 0 4593.dat
1 0 -46.6632 -360.0167 40 0 -0.587788 -0.809 0 -0.809 0.587788 -1 0 0 4593.dat
1 33 -260 -440 -200 1 0 0 0 1 0 0 0 1 4589.dat
1 33 -260 -440 -180 1 0 0 0 1 0 0 0 1 4589.dat
1 0 -260 -440 -150 0 0 1 0 1 0 -1 0 0 3004.dat
1 33 -240 -440 -240 1 0 0 0 1 0 0 0 1 2409.dat
1 0 -290 -424 -150 0 0 1 0 1 0 -1 0 0 3176.dat
1 0 -280 -448 -150 0 0 1 0 1 0 -1 0 0 3004.dat
1 4 -300 -432 -150 0 0 1 0 1 0 -1 0 0 3069.dat
1 0 -290 -456 -150 0 0 1 0 1 0 -1 0 0 3176.dat
1 0 -260 -448 -190 0 0 1 0 1 0 -1 0 0 3666.dat
1 0 -260 -456 -150 0 0 1 0 1 0 -1 0 0 3023.dat
1 4 -270 -464 -160 -1 0 0 0 1 0 0 0 -1 3794.dat
1 4 -270 -464 -140 -1 0 0 0 1 0 0 0 -1 3794.dat
1 0 -60 -174 200 0 0 -1 0 1 0 1 0 0 3959.dat
1 42 -36 -174 200 0 1 0 0 0 1 1 0 0 6141.dat
1 0 -270 -480 -150 -1 0 0 0 1 0 0 0 -1 4595.dat
1 0 -270 -470 -188 -1 0 0 0 0 1 0 1 0 752.dat
1 0 -260 -458 -260 -1 0 0 0 1 0 0 0 -1 752.dat
1 256 -260 -458 -260 -1 0 0 0 -1 0 0 0 1 755.dat
1 256 -270 -470 -188 -1 0 0 0 0 -1 0 -1 0 755.dat
1 256 -259.995 -464.961 -260.084 -0.9999 0.0086 0.0135 -0.0066 -0.9899 0.1419 -0.0146 -0.1418 -0.9898 756.dat
1 256 -259.971 -467.657 -260.47 -0.9997 0.0146 0.0178 -0.0098 -0.969 0.2468 -0.0209 -0.2466 -0.9689 756.dat
1 256 -259.932 -470.294 -261.141 -0.9996 0.0192 0.0218 -0.0108 -0.9416 0.3365 -0.027 -0.3361 -0.9414 756.dat
1 256 -259.88 -472.833 -262.048 -0.9994 0.0224 0.0256 -0.01 -0.9121 0.4098 -0.0326 -0.4094 -0.9118 756.dat
1 256 -259.819 -475.318 -263.163 -0.9993 0.0242 0.0297 -0.0075 -0.8839 0.4677 -0.0375 -0.4671 -0.8834 756.dat
1 256 -259.753 -477.722 -264.433 -0.9991 0.0246 0.034 -0.0038 -0.8597 0.5108 -0.0418 -0.5102 -0.859 756.dat
1 256 -259.685 -480.067 -265.825 -0.999 0.0236 0.0387 0.001 -0.8414 0.5404 -0.0453 -0.5399 -0.8405 756.dat
1 256 -259.621 -482.361 -267.297 -0.9988 0.0211 0.0438 0.0069 -0.8307 0.5566 -0.0481 -0.5563 -0.8296 756.dat
1 256 -259.564 -484.613 -268.805 -0.9986 0.0166 0.0493 0.0137 -0.8294 0.5585 -0.0502 -0.5584 -0.828 756.dat
1 256 -259.518 -486.872 -270.326 -0.9984 0.0096 0.0551 0.0218 -0.84 0.5422 -0.0514 -0.5426 -0.8384 756.dat
1 256 -259.492 -489.161 -271.805 -0.9981 -0.0015 0.0608 0.0317 -0.866 0.499 -0.0519 -0.5 -0.8645 756.dat
1 256 -259.496 -491.499 -273.154 -0.9977 -0.0192 0.0652 0.0442 -0.9118 0.4083 -0.0516 -0.4102 -0.9105 756.dat
1 256 -259.548 -493.976 -274.268 -0.9968 -0.0483 0.0642 0.0616 -0.9725 0.2247 -0.0515 -0.2279 -0.9723 756.dat
1 256 -259.679 -496.614 -274.887 -0.9949 -0.0898 0.0464 0.0845 -0.9907 -0.1066 -0.0555 0.1021 -0.9932 756.dat
1 256 -259.923 -499.3 -274.61 -0.9923 -0.1236 0.0082 0.1039 -0.8672 -0.487 -0.0673 0.4824 -0.8734 756.dat
1 256 -260.257 -501.646 -273.305 -0.9906 -0.1344 -0.0257 0.1112 -0.6809 -0.7239 -0.0798 0.72 -0.6894 756.dat
1 256 -260.62 -503.485 -271.361 -0.9899 -0.1343 -0.0448 0.1108 -0.5376 -0.8359 -0.0882 0.8325 -0.547 756.dat
1 256 -260.985 -504.945 -269.099 -0.9877 -0.1422 -0.065 0.1142 -0.3722 -0.9211 -0.1068 0.9172 -0.3839 756.dat
1 256 -261.372 -505.959 -266.601 -0.9834 -0.1545 -0.0952 0.1171 -0.1395 -0.9833 -0.1387 0.9781 -0.1553 756.dat
1 256 -261.794 -506.34 -263.93 -0.9802 -0.1574 -0.12 0.1127 0.055 -0.9921 -0.1627 0.986 0.0362 756.dat
1 256 -262.217 -506.192 -261.28 -0.9783 -0.155 -0.1372 0.1052 0.1987 -0.9744 -0.1783 0.9677 0.1781 756.dat
1 256 -262.638 -505.652 -258.652 -0.9774 -0.1507 -0.1482 0.0971 0.3026 -0.9482 -0.1877 0.9411 0.2811 756.dat
1 256 -263.054 -504.817 -256.054 -0.9772 -0.1459 -0.1543 0.0893 0.3768 -0.922 -0.1927 0.9147 0.3552 756.dat
1 256 -263.446 -503.803 -253.592 -0.9774 -0.1413 -0.1575 0.0825 0.4309 -0.8986 -0.1948 0.8913 0.4095 756.dat
1 256 -263.833 -502.625 -251.156 -0.9778 -0.137 -0.1584 0.0762 0.4717 -0.8785 -0.1951 0.8711 0.4508 756.dat
1 256 -264.205 -501.344 -248.79 -0.9785 -0.1331 -0.1578 0.0705 0.5028 -0.8615 -0.194 0.8541 0.4826 756.dat
1 256 -264.568 -499.969 -246.455 -0.9792 -0.1294 -0.156 0.0654 0.5268 -0.8475 -0.1918 0.8401 0.5074 756.dat
1 256 -264.918 -498.545 -244.185 -0.9801 -0.126 -0.1534 0.0607 0.5454 -0.836 -0.189 0.8286 0.5269 756.dat
1 256 -265.26 -497.066 -241.937 -0.981 -0.1228 -0.1502 0.0564 0.56 -0.8266 -0.1857 0.8194 0.5424 756.dat
1 256 -265.594 -495.541 -239.705 -0.9819 -0.1198 -0.1464 0.0524 0.5712 -0.8191 -0.1818 0.812 0.5546 756.dat
1 256 -265.922 -493.979 -237.485 -0.9829 -0.1169 -0.1422 0.0487 0.5796 -0.8134 -0.1775 0.8065 0.564 756.dat
1 256 -266.239 -492.409 -235.301 -0.9839 -0.1141 -0.1376 0.0453 0.5855 -0.8094 -0.173 0.8026 0.5709 756.dat
1 256 -266.55 -490.812 -233.111 -0.9849 -0.1114 -0.1327 0.0421 0.5893 -0.8068 -0.1681 0.8002 0.5757 756.dat
1 256 -266.852 -489.214 -230.942 -0.9859 -0.1086 -0.1275 0.0391 0.591 -0.8057 -0.1629 0.7993 0.5784 756.dat
1 256 -267.145 -487.618 -228.783 -0.9869 -0.1059 -0.1221 0.0363 0.5907 -0.8061 -0.1574 0.7999 0.5791 756.dat
1 256 -267.435 -486.002 -226.595 -0.9879 -0.103 -0.1163 0.0338 0.5884 -0.8079 -0.1516 0.802 0.5778 756.dat
1 256 -267.716 -484.393 -224.402 -0.9889 -0.1 -0.1103 0.0314 0.584 -0.8112 -0.1455 0.8056 0.5743 756.dat
1 256 -267.986 -482.815 -222.226 -0.9898 -0.0969 -0.104 0.0293 0.5772 -0.8161 -0.1391 0.8109 0.5685 756.dat
1 256 -268.249 -481.25 -220.027 -0.9908 -0.0935 -0.0975 0.0274 0.5676 -0.8228 -0.1323 0.818 0.5599 756.dat
1 256 -268.504 -479.702 -217.796 -0.9918 -0.0898 -0.0906 0.0257 0.5549 -0.8315 -0.1249 0.8271 0.5481 756.dat
1 256 -268.747 -478.201 -215.559 -0.9928 -0.0856 -0.0834 0.0243 0.5382 -0.8425 -0.117 0.8385 0.5322 756.dat
1 256 -268.98 -476.734 -213.274 -0.9939 -0.0808 -0.0757 0.0233 0.5162 -0.8562 -0.1083 0.8527 0.5111 756.dat
1 256 -269.202 -475.317 -210.932 -0.9949 -0.0751 -0.0676 0.0225 0.4875 -0.8728 -0.0985 0.8699 0.4833 756.dat
1 256 -269.404 -474.009 -208.599 -0.9959 -0.0682 -0.0591 0.0222 0.4495 -0.893 -0.0875 0.8907 0.4462 756.dat
1 256 -269.59 -472.779 -206.163 -0.997 -0.0595 -0.0499 0.0222 0.3975 -0.9173 -0.0744 0.9157 0.395 756.dat
1 256 -269.753 -471.692 -203.657 -0.998 -0.048 -0.0402 0.0225 0.3252 -0.9454 -0.0584 0.9444 0.3235 756.dat
1 256 -269.883 -470.806 -201.087 -0.999 -0.0324 -0.0304 0.0224 0.2231 -0.9745 -0.0384 0.9743 0.2221 756.dat
1 256 -269.97 -470.207 -198.469 -0.9997 -0.011 -0.0217 0.0208 0.0763 -0.9969 -0.0126 0.997 0.0761 756.dat
1 256 -270 -470 -195.766 -0.9999 0 -0.0158 0.0158 0 -0.9999 0 1 0 756.dat
1 256 -270 -470 -193.049 -0.9999 0 -0.0103 0.0103 0 -0.9999 0 1 0 756.dat
