0 FILE Clone Scout Walker.ldr
0 Clone Scout Walker
0 Name: Clone Scout Walker.ldr
0 Author: R Paluczak
0 Unofficial Model
0 ROTATION CENTER 0 0 0 1 "Custom" 
0 ROTATION CONFIG 0 0
1 0 -280 0 190 0 0 -1 0 1 0 1 0 0 Part 1.ldr
1 0 -306 -66 130 0 1 0 0 0 -1 -1 0 0 Part 4.ldr
1 0 -20 152.75 160 1 0 0 0 1 0 0 0 1 Part 2.ldr
1 0 -20 152.75 260 1 0 0 0 1 0 0 0 1 Part 3.ldr
1 0 -420 128 -10 0 0 1 0 1 0 -1 0 0 Clone.ldr
0
0 FILE Clone.ldr
0 Clone
0 Name: Clone.ldr
0 Author: R Paluczak
0 Unofficial Model
0 ROTATION CENTER 0 0 0 1 "Custom" 
0 ROTATION CONFIG 0 0
1 15 0 -24 0 1 0 0 0 1 0 0 0 1 30408p01.dat
1 0 0 -24 0 1 0 0 0 1 0 0 0 1 3626b.dat
1 0 -22.783 24.798 -30.555 -0.980785 -0.108386 -0.162212 -0.19509 0.544895 0.815493 0 0.83147 -0.55557 4349.dat
1 43 -27 46 -45 -0.980785 0.162212 -0.108386 -0.19509 -0.815493 0.544895 0 0.55557 0.83147 4073.dat
1 15 0 0 0 1 0 0 0 1 0 0 0 1 973psk.dat
1 0 0 32 0 1 0 0 0 1 0 0 0 1 3815.dat
1 15 -15.552 9 0 0.985 -0.17 0 0.17 0.985 0 0 0 1 3818.dat
1 15 15.552 9 0 0.985 0.17 0 -0.17 0.985 0 0 0 1 3819.dat
1 0 -23.8634 26.5956 -10.321 0.985 -0.12019 0.12019 0.17 0.696395 -0.696395 0 0.707 0.707 3820.dat
1 0 23.8634 26.5956 -10.321 0.985 0.12019 -0.12019 -0.17 0.696395 -0.696395 0 0.707 0.707 3820.dat
1 15 0 44 0 1 0 0 0 1 0 0 0 1 3816.dat
1 15 0 44 0 1 0 0 0 1 0 0 0 1 3817.dat
0
0 FILE Part 1.ldr
0 Part 1
0 Name: Part 1.ldr
0 Author: R Paluczak
0 Unofficial Model
0 ROTATION CENTER 0 0 0 1 "Custom" 
0 ROTATION CONFIG 0 0
1 71 -40 -0 0 1 0 0 0 1 0 0 0 1 32001.dat
1 71 -40 -16 0 1 0 0 0 1 0 0 0 1 32001.dat
1 71 -40 -72 -58 0 0 -1 0 1 0 1 0 0 32001.dat
1 71 -40 -112 -108 -1 0 0 0 1 0 0 0 -1 3039.dat
1 71 -50 -120 -108 -1 0 0 0 1 0 0 0 -1 4592.dat
1 71 -50 -122 -108 -1 0 0 0 0.83147 0.55557 0 0.55557 -0.83147 4593.dat
1 71 -40 -15 0 0 1 0 -1 0 0 0 0 1 4519.dat
1 71 -40 -86 -8 0 1 0 0 0 -1 -1 0 0 4519.dat
1 71 -40 -54 -60 0 1 0 0 0 -1 -1 0 0 32073.dat
1 71 -30 -54 0 0 1 0 -1 0 0 0 0 1 3062b.dat
1 71 -50 -54 0 0 -1 0 -1 0 0 0 0 -1 3062b.dat
1 71 -74 -54 0 0 -1 0 0.549752 0 -0.835328 0.835328 0 0.549752 3900.dat
1 71 -6 -54 0 0 1 0 -0.549752 0 -0.835328 -0.835328 0 0.549752 3900.dat
1 71 -90 -8 0 0 0 1 0 1 0 -1 0 0 2436a.dat
1 71 10 -8 0 0 0 -1 0 1 0 1 0 0 2436a.dat
1 71 -90 8 -20 0 0 -1 0 1 0 1 0 0 3710.dat
1 71 -40 -40 -58 0 0 -1 0 1 0 1 0 0 3020.dat
1 71 -8 -60 -78 0 -1 0 1 0 0 0 0 1 41770.dat
1 71 -72 -60 -78 0 1 0 -1 0 0 0 0 1 41769.dat
1 71 10 8 -20 0 0 -1 0 1 0 1 0 0 3710.dat
1 72 10 -24 -20 0 0 -1 0 1 0 1 0 0 2431.dat
1 72 -90 -24 -20 0 0 -1 0 1 0 1 0 0 2431.dat
1 72 32 2 -20 0 -1 0 0 0 -1 1 0 0 2412b.dat
1 72 -112 2 -20 0 1 0 0 0 -1 -1 0 0 2412b.dat
1 2 -112 2 20 0 1 0 0 0 -1 -1 0 0 3794b.dat
1 2 32 2 20 0 -1 0 0 0 1 -1 0 0 3794b.dat
1 71 40 2 20 0 -1 0 0 0 1 -1 0 0 4740.dat
1 71 -120 2 20 0 1 0 0 0 1 1 0 0 4740.dat
1 71 10 -16 -40 0 0 1 0 1 0 -1 0 0 30365.dat
1 71 -90 -16 -40 0 0 1 0 1 0 -1 0 0 30365.dat
1 72 -40 -8 0 0 0 -1 0 1 0 1 0 0 4032a.dat
1 72 -40 -24 0 0 0 -1 0 1 0 1 0 0 4032a.dat
1 72 -40 -64 -48 -1 0 0 0 1 0 0 0 -1 32064b.dat
1 72 -50 -80 -98 0 0 1 0 1 0 -1 0 0 44728.dat
1 320 -50 -88 -98 0 0 1 0 1 0 -1 0 0 48336.dat
1 320 -30 -88 -98 0 0 -1 0 1 0 1 0 0 48336.dat
1 72 -50 -80 -58 0 0 1 0 1 0 -1 0 0 44728.dat
1 72 -30 -80 -58 0 0 -1 0 1 0 1 0 0 44728.dat
1 72 -30 -80 -98 0 0 -1 0 1 0 1 0 0 44728.dat
1 72 -40 -64 -88 -1 0 0 0 1 0 0 0 -1 32064b.dat
1 72 -40 -96 -28 -1 0 0 0 1 0 0 0 -1 32064b.dat
1 72 -40 -118 -28 -1 0 0 0 0.92388 0.382683 0 0.382683 -0.92388 30031.dat
1 19 -40 -104 -28 -1 0 0 0 1 0 0 0 -1 3794b.dat
1 71 -40 -112 -28 0 0 1 0 1 0 -1 0 0 2555.dat
1 72 -40 -96 -8 -1 0 0 0 1 0 0 0 -1 32064b.dat
1 0 -40 -112 -8 -1 0 0 0 1 0 0 0 -1 41855.dat
1 0 -40 -54 -122 -1 0 0 0 0 1 0 1 0 4589.dat
1 19 -40 -64 -68 -1 0 0 0 1 0 0 0 -1 3700.dat
1 72 -40 -54 0 1 0 0 0 0 -1 0 1 0 32014.dat
0
0 FILE Part 2.ldr
0 Part 2
0 Name: Part 2.ldr
0 Author: R Paluczak
0 Unofficial Model
0 ROTATION CENTER 0 0 0 1 "Custom" 
0 ROTATION CONFIG 0 0
1 71 -161.627 -116.408 -60 -0.382683 -0.92388 0 -0.92388 0.382683 0 0 0 -1 30387.dat
1 72 -176.147 -88.745 -60 -0.382683 -0.92388 0 -0.92388 0.382683 0 0 0 -1 3023.dat
1 71 -180.103 -24.021 -60 0.382683 0.92388 0 -0.92388 0.382683 0 0 0 1 30387.dat
1 71 -161.889 -137.947 -60 0.382683 -0.92388 0 0.92388 0.382683 0 0 0 1 2436a.dat
1 72 -163.476 -115.644 -82 -0.382683 0 -0.92388 -0.92388 0 0.382683 0 1 0 2412b.dat
1 19 -178.783 -152.599 -82 0.382683 0 0.92388 0.92388 0 -0.382683 0 1 0 3794b.dat
1 71 -178.783 -152.599 -90 0.382683 0 0.92388 0.92388 0 -0.382683 0 1 0 4740.dat
1 71 -179.842 -45.56 -60 0.382683 0.92388 0 -0.92388 0.382683 0 0 0 1 2436a.dat
1 72 -178.257 -23.255 -82 0.382683 0 -0.92388 -0.92388 0 -0.382683 0 1 0 2412b.dat
1 72 -187.233 -48.622 -60 0.382683 0.92388 0 -0.92388 0.382683 0 0 0 1 2412b.dat
1 72 -220 16 -50 1 0 0 0 1 0 0 0 1 2412b.dat
1 72 -210 24 -60 0 0 -1 0 1 0 1 0 0 44567.dat
1 19 -220 32 -60 0 0 -1 0 1 0 1 0 0 3022.dat
1 71 -220 40 -60 0 0 -1 0 1 0 1 0 0 3176.dat
1 71 -230 24 -60 0 0 1 0 1 0 -1 0 0 47758.dat
1 19 -162.949 -60.21 -82 -0.382683 0 0.92388 0.92388 0 0.382683 0 1 0 3794b.dat
1 71 -162.949 -60.21 -90 -0.382683 0 0.92388 0.92388 0 0.382683 0 1 0 4740.dat
0
0 FILE Part 3.ldr
0 Part 3
0 Name: Part 3.ldr
0 Author: R Paluczak
0 Unofficial Model
0 ROTATION CENTER 0 0 0 1 "Custom" 
0 ROTATION CONFIG 0 0
1 71 -161.627 -116.408 -60 -0.382683 -0.92388 0 -0.92388 0.382683 0 0 0 -1 30387.dat
1 72 -176.147 -88.745 -60 -0.382683 -0.92388 0 -0.92388 0.382683 0 0 0 -1 3023.dat
1 71 -180.103 -24.021 -60 0.382683 0.92388 0 -0.92388 0.382683 0 0 0 1 30387.dat
1 71 -179.842 -45.56 -60 -0.382683 0.92388 0 0.92388 0.382683 0 0 0 -1 2436a.dat
1 72 -178.257 -23.255 -38 0.382683 0 0.92388 -0.92388 0 0.382683 0 -1 0 2412b.dat
1 72 -187.233 -48.622 -60 0.382683 0.92388 0 -0.92388 0.382683 0 0 0 1 2412b.dat
1 72 -220 16 -70 1 0 0 0 1 0 0 0 1 2412b.dat
1 72 -210 24 -60 0 0 -1 0 1 0 1 0 0 44567.dat
1 19 -220 32 -60 0 0 -1 0 1 0 1 0 0 3022.dat
1 71 -220 40 -60 0 0 -1 0 1 0 1 0 0 3176.dat
1 71 -230 24 -60 0 0 1 0 1 0 -1 0 0 47758.dat
1 19 -162.949 -60.21 -38 -0.382683 0 -0.92388 0.92388 0 -0.382683 0 -1 0 3794b.dat
1 71 -162.949 -60.21 -30 -0.382683 0 -0.92388 0.92388 0 -0.382683 0 -1 0 4740.dat
1 71 -161.889 -137.947 -60 -0.382683 -0.92388 0 -0.92388 0.382683 0 0 0 -1 2436a.dat
1 72 -163.476 -115.644 -38 -0.382683 0 0.92388 -0.92388 0 -0.382683 0 -1 0 2412b.dat
1 19 -178.783 -152.599 -38 0.382683 0 -0.92388 0.92388 0 0.382683 0 -1 0 3794b.dat
1 71 -178.783 -152.599 -30 0.382683 0 -0.92388 0.92388 0 0.382683 0 -1 0 4740.dat
0
0 FILE Part 4.ldr
0 Part 4
0 Name: Part 4.ldr
0 Author: R Paluczak
0 Unofficial Model
0 ROTATION CENTER 0 0 0 1 "Custom" 
0 ROTATION CONFIG 0 0
1 2 0 -24 0 1 0 0 0 1 0 0 0 1 43723.dat
1 2 -40 -24 0 1 0 0 0 1 0 0 0 1 43722.dat
1 19 -20 -32 -10 1 0 0 0 1 0 0 0 1 3022.dat
1 19 -20 -32 20 -1 0 0 0 1 0 0 0 -1 48336.dat
1 19 -40 -15.857 68.284 1 0 0 0 0.707107 0.707107 0 -0.707107 0.707107 Part 5.ldr
1 19 -20 -30 40 -1 0 0 0 0.707107 -0.707107 0 -0.707107 -0.707107 Her.dat
1 71 -20 -48 -20 -1 0 0 0 1 0 0 0 -1 47456.dat
1 71 -20 -16 -10 0 0 1 0 1 0 -1 0 0 2817.dat
1 71 -20 -48 -60 -1 0 0 0 1 0 0 0 -1 4085c.dat
1 0 -20 -72 -60 -1 0 0 0 1 0 0 0 -1 4589.dat
1 71 -2 -30 -60 0 -1 0 -1 0 0 0 0 -1 4073.dat
1 71 -38 -30 -60 0 1 0 -1 0 0 0 0 1 4073.dat
1 72 -20 -40 -60 0 0 1 0 1 0 -1 0 0 47905.dat
1 72 -20 -6 20 0 1 0 0 0 -1 -1 0 0 32013.dat
1 320 -20 -6 -40 0 -1 0 0 0 1 -1 0 0 32013.dat
1 71 -20 -78 -40 0 -1 0 1 0 0 0 0 1 2714.dat
1 71 -20 -140 -60 -1 0 0 0 -1 0 0 0 1 3957a.dat
1 0 -20 -6 10 0 1 0 0 0 -1 -1 0 0 2780.dat
1 0 -20 -6 -30 0 1 0 0 0 -1 -1 0 0 2780.dat
0
0 FILE Part 5.ldr
0 Part 5
0 Name: Part 5.ldr
0 Author: R Paluczak
0 Unofficial Model
0 ROTATION CENTER 0 0 0 1 "Custom" 
0 ROTATION CONFIG 0 0
1 19 20 16 0 1 0 0 0 1 0 0 0 1 3022.dat
1 72 10 8 -10 1 0 0 0 1 0 0 0 1 61252.dat
1 72 30 8 -10 1 0 0 0 1 0 0 0 1 61252.dat
1 71 20 0 -10 -1 0 0 0 1 0 0 0 -1 47757.dat
0
0
