0 FILE Clone Walker.ldr
0 Clone Walker
0 Name: Clone Walker.ldr
0 Author: LDraw
0 Unofficial Model
0 ROTATION CENTER 0 0 0 1 "Custom" 
0 ROTATION CONFIG 0 0
1 0 -140 4 -136 0.382683 0 0.92388 0 1 0 -0.92388 0 0.382683 Clone.ldr
1 0 -140 -24 0 -0.382683 0 0.92388 0 1 0 -0.92388 0 -0.382683 Part 1.ldr
0
0 FILE Clone.ldr
0 Clone
0 Name: Clone.ldr
0 Author: LDraw
0 Unofficial Model
0 ROTATION CENTER 0 0 0 1 "Custom" 
0 ROTATION CONFIG 0 0
1 15 0 -24 0 1 0 0 0 1 0 0 0 1 30408p01.dat
1 78 0 -24 0 1 0 0 0 1 0 0 0 1 3626bp01.dat
1 0 0 32 0 1 0 0 0 1 0 0 0 1 3815.dat
1 15 -15.552 9 0 0.985 -0.17 0 0.17 0.985 0 0 0 1 3818.dat
1 15 15.552 9 0 0.985 0.17 0 -0.17 0.985 0 0 0 1 3819.dat
1 0 -23.8634 26.5956 -10.321 0.985 -0.12019 0.12019 0.17 0.696395 -0.696395 0 0.707 0.707 3820.dat
1 0 23.8634 26.5956 -10.321 0.985 0.12019 -0.12019 -0.17 0.696395 -0.696395 0 0.707 0.707 3820.dat
1 15 0 44 0 1 0 0 0 1 0 0 0 1 3816.dat
1 15 0 44 0 1 0 0 0 1 0 0 0 1 3817.dat
1 15 0 0 0 1 0 0 0 1 0 0 0 1 973psu.dat
0
0 FILE Part 1.ldr
0 Part 1
0 Name: Part 1.ldr
0 Author: LDraw
0 Unofficial Model
0 ROTATION CENTER 0 0 0 1 "Custom" 
0 ROTATION CONFIG 0 0
1 71 20 11.731 -0.996 1 0 0 0 0.992546 -0.121869 0 0.121869 0.992546 3020.dat
1 71 -10 84 22 0 0 -1 0 1 0 1 0 0 2555.dat
1 71 -10 92 2 1 0 0 0 1 0 0 0 1 54200.dat
1 71 50 92 2 1 0 0 0 1 0 0 0 1 54200.dat
1 71 50 84 22 0 0 -1 0 1 0 1 0 0 2555.dat
1 71 20 28.83 -8.971 1 0 0 0 0.992546 -0.121869 0 0.121869 0.992546 3710.dat
1 71 20 36.77 -7.993 1 0 0 0 0.992546 -0.121869 0 0.121869 0.992546 3900.dat
1 71 20 45.111 -58.356 0.707107 0 -0.707107 0.701836 0.121869 0.701836 0.0861746 -0.992546 0.0861746 577b.dat
1 72 20 -0.493 -32.722 1 0 0 0 0.992546 -0.121869 0 0.121869 0.992546 3937.dat
1 72 20 -4.196 -27.723 1 0 0 0 0.870356 -0.492424 0 0.492424 0.870356 30602.dat
1 0 20 0.728 -36.424 1 0 0 0 0.870356 -0.492424 0 0.492424 0.870356 6134.dat
1 72 -10 19.668 -0.02 0 0 -1 -0.121869 0.992546 0 0.992546 0.121869 0 60478.dat
1 72 50 19.668 -0.02 0 0 -1 -0.121869 0.992546 0 0.992546 0.121869 0 60478.dat
1 71 20 -12.185 52.292 1 0 0 0 0.267238 -0.96363 0 0.96363 0.267238 60470a.dat
1 19 20 -14.322 44.583 1 0 0 0 0.267238 -0.96363 0 0.96363 0.267238 3069b.dat
1 71 10 12.949 -10.921 -1 0 0 0 0.992546 0.121869 0 0.121869 -0.992546 54200.dat
1 71 30 12.949 -10.921 -1 0 0 0 0.992546 0.121869 0 0.121869 -0.992546 54200.dat
1 71 -10 5.01 -11.894 -1 0 0 0 0.992546 0.121869 0 0.121869 -0.992546 4592.dat
1 0 -10 5.01 -11.894 -1 0 0 0 0.96363 -0.267238 0 -0.267238 -0.96363 4593.dat
1 71 20 19.668 -0.02 0 0 -1 -0.121869 0.992546 0 0.992546 0.121869 0 3020.dat
1 19 20 8.073 28.782 -1 0 0 0 0.992546 0.121869 0 0.121869 -0.992546 48336.dat
1 71 50 5.01 -11.894 -1 0 0 0 0.992546 0.121869 0 0.121869 -0.992546 4592.dat
1 0 50 5.01 -11.894 -1 0 0 0 0.96363 -0.267238 0 -0.267238 -0.96363 4593.dat
1 72 -10 92 12 0 0 -1 0 1 0 1 0 0 60478.dat
1 72 50 92 12 0 0 -1 0 1 0 1 0 0 60478.dat
1 72 50 48 20 0 0 1 1 0 0 0 1 0 60478.dat
1 72 -10 48 20 0 0 1 1 0 0 0 1 0 60478.dat
1 71 -10 48 28 0 0 -1 -1 0 0 0 1 0 63868.dat
1 71 50 48 28 0 0 -1 -1 0 0 0 1 0 63868.dat
0
0
