0 
0 Name: New Model.ldr
0 Author: 
1 15 0 -105.956 -32.858 0 0 -1 0.309 0.951 0 0.951 -0.309 0 3795.dat
1 15 0 -98.347 -35.33 0 0 -1 0.309 0.951 0 0.951 -0.309 0 3020.dat
1 15 0 -82.896 12.223 -1 0 0 0 0.951 -0.309 0 -0.309 -0.951 3023.dat
1 15 0 -113.33 22.111 -1 0 0 0 0.951 -0.309 0 -0.309 -0.951 3700.dat
1 19 10 -119.511 3.09 0 0 1 -0.309 0.951 0 -0.951 -0.309 0 6541.dat
1 19 -10 -119.511 3.09 0 0 1 -0.309 0.951 0 -0.951 -0.309 0 6541.dat
1 15 0 -128.781 -25.442 0 0 1 -0.309 0.951 0 -0.951 -0.309 0 3003.dat
1 19 10 -138.052 -53.973 0 0 1 -0.309 0.951 0 -0.951 -0.309 0 6541.dat
1 19 -10 -138.052 -53.973 0 0 1 -0.309 0.951 0 -0.951 -0.309 0 6541.dat
1 15 0 -144.232 -72.994 1 0 0 0 0.951 0.309 0 -0.309 0.951 3660.dat
1 15 0 -142.57 -41.991 0 0 -1 0.309 0.951 0 0.951 -0.309 0 3795.dat
1 15 0 -120.939 24.583 -1 0 0 0 0.951 -0.309 0 -0.309 -0.951 3023.dat
1 15 0 -165.395 -34.574 0 0 1 -0.309 0.951 0 -0.951 -0.309 0 3003.dat
1 15 0 -156.125 -6.042 -1 0 0 0 0.951 -0.309 0 -0.309 -0.951 3298.dat
1 15 0 -159.449 -68.05 -1 0 0 0 0.951 -0.309 0 -0.309 -0.951 3023.dat
1 71 0 -165.629 -87.071 1 0 0 0 0.951 0.309 0 -0.309 0.951 48336.dat
1 71 0 -170.147 -75.089 1 0 0 0 0.951 0.309 0 -0.309 0.951 3022.dat
1 71 0 -183.936 -91.638 0 0 -1 0.309 0.951 0 0.951 -0.309 0 3020.dat
1 71 0 -208.424 -115.225 1 0 0 0 0.951 0.309 0 -0.309 0.951 99206.dat
1 71 -10 -217.46 -91.26 0 0 1 -0.309 0.951 0 -0.951 -0.309 0 87087.dat
1 71 10 -217.46 -91.26 0 0 -1 0.309 0.951 0 0.951 -0.309 0 87087.dat
1 71 0 -208.424 -115.225 1 0 0 0 0.951 0.309 0 -0.309 0.951 85984.dat
1 15 0 -203.671 -74.711 -1 0 0 0 0.951 -0.309 0 -0.309 -0.951 3298.dat
1 0 10 -211.28 -72.238 0 0 -1 0.309 0.951 0 0.951 -0.309 0 4081.dat
1 0 -10 -211.28 -72.238 0 0 1 -0.309 0.951 0 -0.951 -0.309 0 4081.dat
1 15 0 -221.979 -79.277 0 0 -1 0.309 0.951 0 0.951 -0.309 0 3022.dat
1 15 28 -207.95 -94.35 0 -1 0 0.978 0 -0.208 0.208 0 0.978 98138.dat
1 15 -28 -207.95 -94.35 0 1 0 -0.669 0 0.743 0.743 0 0.669 98138.dat
1 0 30 -206.906 -65.248 1 0 0 0 -0.309 0.951 0 -0.951 -0.309 87747.dat
1 0 -30 -206.906 -65.248 1 0 0 0 -0.309 0.951 0 -0.951 -0.309 87747.dat
1 71 0 -167.705 -126.689 -1 0 0 0 0.978 0.208 0 0.208 -0.978 6019.dat
1 29 0 -175.531 -128.352 -1 0 0 0 0.978 0.208 0 0.208 -0.978 3070.dat
1 72 30 -40 0 1 0 0 0 1 0 0 0 1 92946.dat
1 72 30 -48 10 1 0 0 0 1 0 0 0 1 3024.dat
1 71 30 -72 10 1 0 0 0 1 0 0 0 1 3005.dat
1 15 30 -96 10 1 0 0 0 1 0 0 0 1 3665.dat
1 15 30 -120 0 0 0 -1 0 1 0 1 0 0 3700.dat
1 15 30 -120 0 0 0 -1 0 1 0 1 0 0 85984.dat
1 0 20 -110 0 -1 0 0 0 1 0 0 0 -1 2780.dat
1 72 30 -64.071 -84.433 1 0 0 0 0.921 0.391 0 -0.391 0.921 92946.dat
1 72 30 -67.529 -72.095 1 0 0 0 0.921 0.391 0 -0.391 0.921 3024.dat
1 71 30 -89.633 -62.711 1 0 0 0 0.921 0.391 0 -0.391 0.921 3005.dat
1 15 30 -111.737 -53.327 1 0 0 0 0.921 0.391 0 -0.391 0.921 3665.dat
1 15 30 -137.751 -53.153 0 0 -1 0.391 0.921 0 0.921 -0.391 0 3700.dat
1 15 30 -137.751 -53.153 0 0 -1 0.391 0.921 0 0.921 -0.391 0 85984.dat
1 0 20 -128.541 -57.063 -1 0 0 0 0.921 -0.391 0 -0.391 -0.921 2780.dat
1 72 -30 -40 0 1 0 0 0 1 0 0 0 1 92946.dat
1 72 -30 -48 10 1 0 0 0 1 0 0 0 1 3024.dat
1 71 -30 -72 10 1 0 0 0 1 0 0 0 1 3005.dat
1 15 -30 -96 10 1 0 0 0 1 0 0 0 1 3665.dat
1 15 -30 -120 0 0 0 -1 0 1 0 1 0 0 3700.dat
1 15 -30 -120 0 0 0 1 0 1 0 -1 0 0 85984.dat
1 0 -20 -110 0 -1 0 0 0 1 0 0 0 -1 2780.dat
1 72 -30 -79.891 -107.393 1 0 0 0 0.695 0.719 0 -0.719 0.695 92946.dat
1 72 -30 -78.261 -94.691 1 0 0 0 0.695 0.719 0 -0.719 0.695 3024.dat
1 71 -30 -94.941 -77.435 1 0 0 0 0.695 0.719 0 -0.719 0.695 3005.dat
1 15 -30 -111.621 -60.179 1 0 0 0 0.695 0.719 0 -0.719 0.695 3665.dat
1 15 -30 -135.491 -49.873 0 0 -1 0.719 0.695 0 0.695 -0.719 0 3700.dat
1 15 -30 -135.491 -49.873 0 0 1 -0.719 0.695 0 -0.695 -0.719 0 85984.dat
1 0 -20 -128.541 -57.063 -1 0 0 0 0.695 -0.719 0 -0.719 -0.695 2780.dat
1 71 0 -100.729 28.532 0 0 -1 0.309 0.951 0 0.951 -0.309 0 4274.dat
1 15 0 -88.747 33.05 0 0 -1 0.951 -0.309 0 -0.309 -0.951 0 3023.dat
