0 Main
0 Name: 6848-1 - Strategic Pursuer.mpd
0 Author: LTRON
1 15 -48 10 30 0 -1 0 -1 0 0 0 0 -1 4287.dat
1 15 -48 10 10 0 -1 0 1 0 0 0 0 1 4287.dat
1 33 -40 10 -30 0 -1 0 1 0 0 0 0 1 3024.dat
1 0 -40 10 60 0 -1 0 0 0 1 -1 0 0 3023.dat
1 0 -40 0 0 0 -1 0 0 0 1 -1 0 0 2429.dat
1 15 -32 10 20 0 -1 0 0 0 1 -1 0 0 3666.dat
1 15 48 10 30 0 1 0 1 0 0 0 0 -1 4287.dat
1 15 48 10 10 0 1 0 -1 0 0 0 0 1 4287.dat
1 33 40 10 -30 0 1 0 -1 0 0 0 0 1 3024.dat
1 0 40 10 60 0 1 0 0 0 -1 -1 0 0 3023.dat
1 0 40 0 0 0 1 0 0 0 1 1 0 0 2430.dat
1 15 32 10 20 0 1 0 0 0 -1 -1 0 0 3666.dat
1 15 0 -73.1089 -23.0453 1 0 0 0 0.984808 -0.173648 0 0.173648 0.984808 2419.dat
1 15 -40 -85.2643 45.8912 -1 0 0 0 0.984808 0.173648 0 0.173648 -0.984808 3936.dat
1 15 0 -82.7239 -14.5864 0 0 -1 -0.173648 0.984808 0 0.984808 0.173648 0 3020.dat
1 15 -50 -100.2173 -7.5167 0 0 1 0.173648 0.984808 0 -0.984808 0.173648 0 4070.dat
1 15 50 -100.2173 -7.5167 0 0 -1 -0.173648 0.984808 0 0.984808 0.173648 0 4070.dat
1 15 0 -114.1091 71.2679 1 0 0 0 0.984808 -0.173648 0 0.173648 0.984808 3004.dat
1 15 30 -107.1632 31.8756 0 0 -1 -0.173648 0.984808 0 0.984808 0.173648 0 2462.dat
1 15 -30 -107.1632 31.8756 -1 0 0 0 0.984808 0.173648 0 0.173648 -0.984808 2462.dat
1 15 -30 -96.7443 -27.2129 1 0 0 0 0.984808 -0.173648 0 0.173648 0.984808 4286.dat
1 15 30 -96.7443 -27.2129 1 0 0 0 0.984808 -0.173648 0 0.173648 0.984808 4286.dat
1 0 -50 -111.5687 10.7903 1 0 0 0 0.984808 -0.173648 0 0.173648 0.984808 3024.dat
1 0 50 -111.5687 10.7903 1 0 0 0 0.984808 -0.173648 0 0.173648 0.984808 3024.dat
1 0 0 -120.2511 60.0307 1 0 0 0 0.984808 -0.173648 0 0.173648 0.984808 3022.dat
1 0 50 -104.6228 -28.6021 0 0 -1 -0.173648 0.984808 0 0.984808 0.173648 0 2420.dat
1 0 -50 -104.6228 -28.6021 1 0 0 0 0.984808 -0.173648 0 0.173648 0.984808 2420.dat
1 15 60 -64.4265 -72.2857 1 0 0 0 0.984808 -0.173648 0 0.173648 0.984808 2429.dat
1 15 -60 -64.4265 -72.2857 1 0 0 0 0.984808 -0.173648 0 0.173648 0.984808 2430.dat
1 0 40 -42.8653 12.7502 0 1 0 -0.173648 0 0.984808 0.984808 0 0.173648 3956.dat
1 0 -40 -42.8653 12.7502 0 -1 0 0.173648 0 0.984808 -0.984808 0 0.173648 3956.dat
1 15 40 -85.2643 45.8912 -1 0 0 0 0.984808 0.173648 0 0.173648 -0.984808 3935.dat
1 0 0 -65.2305 -21.6561 1 0 0 0 0.984808 -0.173648 0 0.173648 0.984808 3023.dat
1 0 30 -61.7575 -41.3523 0 0 1 0.173648 0.984808 0 -0.984808 0.173648 0 3623.dat
1 0 -30 -61.7575 -41.3523 0 0 1 0.173648 0.984808 0 -0.984808 0.173648 0 3623.dat
1 15 0 -59.0885 -10.4189 -1 0 0 0 0.984808 0.173648 0 0.173648 -0.984808 3020.dat
1 15 48 -13.321 17.9597 0 1 0 -0.173648 0 0.984808 0.984808 0 0.173648 3747.dat
1 15 -48 -13.321 17.9597 0 -1 0 0.173648 0 0.984808 -0.984808 0 0.173648 3747.dat
1 0 -40 0 0 0 -1 0 -0.173648 0 -0.984808 0.984808 0 -0.173648 2430.dat
1 0 40 0 0 0 1 0 0.173648 0 -0.984808 -0.984808 0 -0.173648 2429.dat
1 15 0 -142.15 46.015 -1 0 0 0 0.984808 0.173648 0 0.173648 -0.984808 3039.dat
1 15 50 -133.4676 -3.2254 0 0 1 0.173648 0.984808 0 -0.984808 0.173648 0 4865.dat
1 15 -50 -133.4676 -3.2254 0 0 -1 -0.173648 0.984808 0 0.984808 0.173648 0 4865.dat
1 0 10 -85.3929 -45.5199 0.965926 0 0.258819 0.044943 0.984808 -0.167731 -0.254887 0.173648 0.951252 4592.dat
1 0 10 -85.3929 -45.5199 0.965926 -0.109382 0.23457 0.044943 0.963426 0.264182 -0.254887 -0.244638 0.935513 4593.dat
1 0 -10 -85.3929 -45.5199 0.965926 0 -0.258819 -0.044943 0.984808 -0.167731 0.254887 0.173648 0.951252 4592.dat
1 0 -10 -85.3929 -45.5199 0.965926 0.109382 -0.23457 -0.044943 0.963426 0.264182 0.254887 -0.244638 0.935513 4593.dat
1 15 0 -165.7854 41.8475 -1 0 0 0 0.984808 0.173648 0 0.173648 -0.984808 3937.dat
1 15 -66 -90.3692 -5.7802 0 1 0 -0.984808 0 -0.173648 -0.173648 0 0.984808 3959.dat
1 36 -66 -86.2016 -29.4156 0 0 1 -0.984808 0.173648 0 -0.173648 -0.984808 0 6141.dat
1 15 66 -90.3692 -5.7802 0 -1 0 0.984808 0 -0.173648 0.173648 0 0.984808 3959.dat
1 36 66 -86.2016 -29.4156 0 0 -1 0.984808 0.173648 0 0.173648 -0.984808 0 6141.dat
1 33 0 -180.7384 -11.5605 1 0 0 0 0.984808 -0.173648 0 0.173648 0.984808 2418.dat
1 14 0 -162.8977 -20.5998 0.945519 0 -0.325568 -0.056534 0.984808 -0.164187 0.320622 0.173648 0.931155 2446.dat
1 33 0 -162.8977 -20.5998 0.945519 0 -0.325568 -0.056534 0.984808 -0.164187 0.320622 0.173648 0.931155 2447.dat
1 14 0 -162.8977 -20.5998 0.945519 0 -0.325568 -0.056534 0.984808 -0.164187 0.320622 0.173648 0.931155 3626.dat
1 14 0 -136.3079 -15.9113 1 0 0 0 0.984808 -0.173648 0 0.173648 0.984808 3838.dat
1 15 0 -136.3079 -15.9113 1 0 0 0 0.984808 -0.173648 0 0.173648 0.984808 973.dat
1 15 -60 -64.4265 -72.2857 -0.382683 0 -0.92388 -0.16043 0.984808 0.066452 0.909844 0.173648 -0.376869 2429.dat
1 0 -50.1046 -55.7405 -121.5466 0.92388 0 -0.382683 -0.066452 0.984808 -0.16043 0.376869 0.173648 0.909844 4085.dat
1 15 -57.7583 -51.0706 -101.9606 0.382683 0 0.92388 0.16043 0.984808 -0.066452 -0.909844 0.173648 0.376869 3623.dat
1 15 -53.9315 -65.2233 -113.8374 0.382683 0 0.92388 0.16043 0.984808 -0.066452 -0.909844 0.173648 0.376869 3069.dat
1 0 -43.9817 -67.9458 -138.7089 -0.92388 0.382683 0 0.066452 0.16043 -0.984808 -0.376869 -0.909844 -0.173648 4735.dat
1 15 60 -64.4265 -72.2857 -0.130526 0 0.991445 0.172162 0.984808 0.022666 -0.976383 0.173648 -0.128543 2430.dat
1 0 63.3881 -55.5918 -122.3903 0.991445 0 0.130526 0.022666 0.984808 -0.172162 -0.128543 0.173648 0.976383 4085.dat
1 15 65.9987 -51.1565 -101.4735 -0.130526 0 0.991445 0.172162 0.984808 0.022666 -0.976383 0.173648 -0.128543 3623.dat
1 15 64.6934 -65.1918 -114.0157 -0.130526 0 0.991445 0.172162 0.984808 0.022666 -0.976383 0.173648 -0.128543 3069.dat
