0 Main
0 Name: 20009-1 - AT-TE Walker - Mini.mpd
0 Author: LTRON
1 7 0 0 0 0 0 1 0 1 0 -1 0 0 3795.dat
1 8 0 -8 -20 0 0 1 0 1 0 -1 0 0 3031.dat
1 7 0 0 120 0 0 1 0 1 0 -1 0 0 3795.dat
1 7 0 -8 30 -1 0 0 0 1 0 0 0 -1 3710.dat
1 8 0 -8 160 0 0 1 0 1 0 -1 0 0 3031.dat
1 7 0 -8 80 -1 0 0 0 1 0 0 0 -1 3032.dat
1 7 0 -16 0 0 0 1 0 1 0 -1 0 0 3795.dat
1 8 0 -32 100 0 0 1 0 1 0 -1 0 0 3001.dat
1 0 0 -32 150 -1 0 0 0 1 0 0 0 -1 3937.dat
1 7 -30 -32 130 -1 0 0 0 1 0 0 0 -1 43710.dat
1 7 30 -32 130 -1 0 0 0 1 0 0 0 -1 43711.dat
1 0 -30 -32 80 0 0 1 0 1 0 -1 0 0 3937.dat
1 0 30 -32 80 0 0 -1 0 1 0 1 0 0 3937.dat
1 7 30 -32 110 0 0 -1 0 1 0 1 0 0 3040.dat
1 7 -30 -32 110 0 0 1 0 1 0 -1 0 0 3040.dat
1 7 30 -32 30 1 0 0 0 1 0 0 0 1 43710.dat
1 7 -30 -32 30 1 0 0 0 1 0 0 0 1 43711.dat
1 7 -30 -32 50 0 0 1 0 1 0 -1 0 0 3040.dat
1 7 30 -32 50 0 0 -1 0 1 0 1 0 0 3040.dat
1 7 30 -16 -50 -1 0 0 0 1 0 0 0 -1 4592.dat
1 7 -30 -16 -50 -1 0 0 0 1 0 0 0 -1 4592.dat
1 0 30 -16 -50 -1 0 0 0 0 1 0 1 0 4593.dat
1 0 -30 -16 -50 -1 0 0 0 0 1 0 1 0 4593.dat
1 7 36.7574 -28.8995 80 0 -0.707107 -0.707107 0 0.707107 -0.707107 1 0 0 3938.dat
1 7 -36.7227 -28.6224 80 0 0.707107 0.707107 0 0.707107 -0.707107 -1 0 0 3938.dat
1 7 0 -31.4981 154.4075 -1 0 0 0 0.898794 -0.438371 0 -0.438371 -0.898794 3938.dat
1 7 0 -40 50 1 0 0 0 1 0 0 0 1 3298.dat
1 320 0 -24 -50 1 0 0 0 1 0 0 0 1 3794.dat
1 320 0 -24 -30 1 0 0 0 1 0 0 0 1 3794.dat
1 320 0 -24 -10 1 0 0 0 1 0 0 0 1 3794.dat
1 7 30 -40 40 0 0 1 0 1 0 -1 0 0 3023.dat
1 7 -30 -40 40 0 0 1 0 1 0 -1 0 0 3023.dat
1 7 0 -40 120 -1 0 0 0 1 0 0 0 -1 3020.dat
1 7 0 -29.921 175.8904 0 0 -1 0.438371 0.898794 0 0.898794 -0.438371 0 3021.dat
1 320 0 -40 90 1 0 0 0 1 0 0 0 1 2412.dat
1 320 0 -40 70 1 0 0 0 1 0 0 0 1 2412.dat
1 7 -10 -38.6884 157.9145 1 0 0 0 0.898794 0.438371 0 -0.438371 0.898794 54200.dat
1 7 10 -38.6884 157.9145 1 0 0 0 0.898794 0.438371 0 -0.438371 0.898794 54200.dat
1 7 10.8284 -36.2346 181.1949 1 0 0 0 0.898794 0.438371 0 -0.438371 0.898794 4592.dat
1 0 10.8284 -35.3262 180.7287 1 0 0 0 0.325568 0.945518 0 -0.945518 0.325568 4593.dat
1 7 -9.1716 -36.2346 181.1949 1 0 0 0 0.898794 0.438371 0 -0.438371 0.898794 4592.dat
1 0 -9.1716 -35.3262 180.7287 1 0 0 0 0.325568 0.945518 0 -0.945518 0.325568 4593.dat
1 8 0 -48 120 -1 0 0 0 1 0 0 0 -1 3068.dat
1 7 49.4853 -27.4853 80 -0.707107 -0.707107 0 -0.707107 0.707107 0 0 0 -1 4150.dat
1 7 -49.4507 -27.2082 80 -0.707107 0.707107 0 0.707107 0.707107 0 0 0 -1 4150.dat
1 320 0 -48 50 1 0 0 0 1 0 0 0 1 3794.dat
1 7 0 -48 -10 -1 0 0 0 1 0 0 0 -1 4287.dat
1 8 0 -48 -30 0 0 -1 0 1 0 1 0 0 47905.dat
1 47 0 -32 -50 0 0 -1 0 1 0 1 0 0 3024.dat
1 47 0 -40 -50 0 0 -1 0 1 0 1 0 0 3024.dat
1 47 0 -48 -50 0 0 -1 0 1 0 1 0 0 3024.dat
1 7 18.1985 -37.8015 -30 0 -1 0 -1 0 0 0 0 -1 4592.dat
1 0 18.1985 -37.8015 -30 0 0 -1 -1 0 0 0 1 0 4593.dat
1 7 -18.1985 -37.8015 -30 0 1 0 1 0 0 0 0 -1 4592.dat
1 0 -18.1985 -37.8015 -30 0 0 1 1 0 0 0 1 0 4593.dat
1 7 30 0 10 -1 0 0 0 1 0 0 0 -1 3665.dat
1 7 30 0 150 1 0 0 0 1 0 0 0 1 3665.dat
1 7 -30 0 10 -1 0 0 0 1 0 0 0 -1 3665.dat
1 7 -30 0 150 1 0 0 0 1 0 0 0 1 3665.dat
1 7 30 0 -10 0 0 -1 0 1 0 1 0 0 4070.dat
1 7 -30 0 170 0 0 1 0 1 0 -1 0 0 4070.dat
1 7 -30 0 -10 0 0 1 0 1 0 -1 0 0 4070.dat
1 7 30 0 170 0 0 -1 0 1 0 1 0 0 4070.dat
1 8 30 24 0 0 0 1 0 1 0 -1 0 0 3023.dat
1 8 -30 24 160 0 0 1 0 1 0 -1 0 0 3023.dat
1 8 -30 24 0 0 0 1 0 1 0 -1 0 0 3023.dat
1 8 30 24 160 0 0 1 0 1 0 -1 0 0 3023.dat
1 8 60 14 80 0 -1 0 0 0 1 -1 0 0 44728.dat
1 8 -60 14 80 0 1 0 0 0 1 1 0 0 44728.dat
1 47 0 -56 -50 0 0 -1 0 1 0 1 0 0 3024.dat
1 7 0 -56 -20 0 0 -1 0 1 0 1 0 0 3023.dat
1 8 0 -56 40 0 0 -1 0 1 0 1 0 0 3023.dat
1 7 0 -48 10 -1 0 0 0 1 0 0 0 -1 54200.dat
1 320 0 -64 -40 0 0 -1 0 1 0 1 0 0 3069.dat
1 7 0 -64 -10 0 0 -1 0 1 0 1 0 0 3070.dat
1 8 0 -64 30 0 0 -1 0 1 0 1 0 0 2555.dat
1 7 0 -72 50 1 0 0 0 1 0 0 0 1 48336.dat
1 0 0 -80 50 -1 0 0 0 1 0 0 0 -1 4623.dat
1 7 0 -90 33 1 0 0 0 0.258819 -0.965926 0 0.965926 0.258819 60470.dat
1 320 0 -92 26 1 0 0 0 0.258819 -0.965926 0 0.965926 0.258819 3794.dat
1 0 0 -98 3 1 0 0 0 0.258819 -0.965926 0 0.965926 0.258819 4589.dat
1 0 0 -119 -76 1 0 0 0 -0.258819 0.965925 0 -0.965925 -0.258819 63965.dat
1 8 52 53 -26 1 0 0 0 1 0 0 0 1 4740.dat
1 8 52 45 -26 0 0 1 0 1 0 -1 0 0 2555.dat
1 8 52 38 -26 -1 0 0 0 0.866025 -0.5 0 -0.5 -0.866025 30375.dat
1 8 52 53 186 -1 0 0 0 1 0 0 0 -1 4740.dat
1 8 52 45 186 0 0 -1 0 1 0 1 0 0 2555.dat
1 8 52 38 186 1 0 0 0 0.866025 -0.5 0 0.5 0.866025 30375.dat
1 8 -48 53 186 -1 0 0 0 1 0 0 0 -1 4740.dat
1 8 -48 45 186 0 0 -1 0 1 0 1 0 0 2555.dat
1 8 -48 38 186 1 0 0 0 0.866025 -0.5 0 0.5 0.866025 30375.dat
1 8 -48 53 -26 1 0 0 0 1 0 0 0 1 4740.dat
1 8 -48 45 -26 0 0 1 0 1 0 -1 0 0 2555.dat
1 8 -48 38 -26 -1 0 0 0 0.866025 -0.5 0 -0.5 -0.866025 30375.dat
1 7 68 14 80 0 -1 0 0 0 -1 1 0 0 60470.dat
1 7 -68 14 80 0 1 0 0 0 -1 -1 0 0 60470.dat
1 7 66 34 80 -1 0 0 0 1 0 0 0 -1 4697b.dat
1 7 -66 34 80 -1 0 0 0 1 0 0 0 -1 4697b.dat
1 7 -66 45 80 -1 0 0 0 1 0 0 0 -1 43898.dat
1 7 66 45 80 -1 0 0 0 1 0 0 0 -1 43898.dat
