0 Main
0 Name: 20015-1 - Alligator.mpd
0 Author: LTRON
1 19 0 0 0 0 0 1 0 1 0 -1 0 0 3020.dat
1 70 20 -8 40 -1 0 0 0 1 0 0 0 -1 41769.dat
1 70 -20 -8 40 -1 0 0 0 1 0 0 0 -1 41770.dat
1 70 -20 -8 -40 1 0 0 0 1 0 0 0 1 41769.dat
1 70 20 -8 -40 1 0 0 0 1 0 0 0 1 41770.dat
1 19 0 0 -50 -1 0 0 0 1 0 0 0 -1 3666.dat
1 19 0 0 50 -1 0 0 0 1 0 0 0 -1 3666.dat
1 2 64 -8 64 -0.707107 0 0.707107 0 1 0 -0.707107 0 -0.707107 3623.dat
1 2 -63.8559 -8 -63.7137 0.707106 0 -0.707106 0 1 0 0.707106 0 0.707106 3623.dat
1 2 64.1441 -8 -63.7137 -0.707106 0 -0.707106 0 1 0 0.707106 0 -0.707106 3623.dat
1 2 -64 -8 64 0.707106 0 0.707106 0 1 0 -0.707106 0 0.707106 3623.dat
1 7 -78 0 78 -0.965925 0 0.258819 0 1 0 -0.258819 0 -0.965925 4085.dat
1 7 78 0 -78 0.965925 0 -0.258819 0 1 0 0.258819 0 0.965925 4085.dat
1 7 78 0 78 -0.965925 0 -0.258819 0 1 0 0.258819 0 -0.965925 4085.dat
1 7 -78 0 -78 0.965925 0 0.258819 0 1 0 -0.258819 0 0.965925 4085.dat
1 2 0 -16 -50 -1 0 0 0 1 0 0 0 -1 3666.dat
1 2 0 -16 -70 1 0 0 0 1 0 0 0 1 60470.dat
1 2 0 -16 70 -1 0 0 0 1 0 0 0 -1 48336.dat
1 2 0 -16 50 -1 0 0 0 1 0 0 0 -1 3666.dat
1 2 0 -40 50 -1 0 0 0 1 0 0 0 -1 3039.dat
1 10 30 -16 50 0 0 -1 0 1 0 1 0 0 54200.dat
1 10 -30 -16 50 0 0 1 0 1 0 -1 0 0 54200.dat
1 2 0 -32 -30 1 0 0 0 1 0 0 0 1 3004.dat
1 2 0 -32 30 1 0 0 0 1 0 0 0 1 3004.dat
1 2 10 -32 0 0 0 -1 0 1 0 1 0 0 3039.dat
1 2 -10 -32 0 0 0 1 0 1 0 -1 0 0 3039.dat
1 2 0 -40 0 0 0 1 0 1 0 -1 0 0 3020.dat
1 2 0 -40 -50 1 0 0 0 1 0 0 0 1 3004.dat
1 10 30 -16 -50 0 0 -1 0 1 0 1 0 0 54200.dat
1 10 -30 -16 -50 0 0 1 0 1 0 -1 0 0 54200.dat
1 2 0 -24 -70 -1 0 0 0 1 0 0 0 -1 3023.dat
1 2 0 -32 -70 -1 0 0 0 1 0 0 0 -1 3023.dat
1 2 0 -40 -70 1 0 0 0 1 0 0 0 1 48336.dat
1 2 0 -48 -40 0 0 1 0 1 0 -1 0 0 3020.dat
1 10 10 -40 30 1 0 0 0 1 0 0 0 1 54200.dat
1 10 -10 -40 10 1 0 0 0 1 0 0 0 1 54200.dat
1 10 10 -48 -10 1 0 0 0 1 0 0 0 1 54200.dat
1 10 10 -48 -50 1 0 0 0 1 0 0 0 1 54200.dat
1 10 -10 -48 -30 1 0 0 0 1 0 0 0 1 54200.dat
1 19 0 -8 140 0 0 1 0 1 0 -1 0 0 3020.dat
1 19 0 -8 190 -1 0 0 0 1 0 0 0 -1 3023.dat
1 2 -10 -16 180 0 0 -1 0 1 0 1 0 0 3023.dat
1 2 0 -16 140 0 0 -1 0 1 0 1 0 0 3022.dat
1 2 0 -16 110 1 0 0 0 1 0 0 0 1 60470.dat
1 7 10 -16 180 0 0 -1 0 1 0 1 0 0 63868.dat
1 2 0 -24 140 0 0 1 0 1 0 -1 0 0 3020.dat
1 2 0 -24 190 1 0 0 0 1 0 0 0 1 3023.dat
1 10 -10 -24 110 1 0 0 0 1 0 0 0 1 54200.dat
1 10 10 -24 130 1 0 0 0 1 0 0 0 1 54200.dat
1 10 -10 -24 150 1 0 0 0 1 0 0 0 1 54200.dat
1 19 10 -31 235 0 0 1 0.5 0.866025 0 -0.866025 0.5 0 60478.dat
1 2 10 -43 240 0 0 1 0.5 0.866025 0 -0.866025 0.5 0 3623.dat
1 19 0 -8 -140 0 0 1 0 1 0 -1 0 0 3020.dat
1 2 0 -16 -130 -1 0 0 0 1 0 0 0 -1 3023.dat
1 2 0 -16 -110 -1 0 0 0 1 0 0 0 -1 48336.dat
1 2 0 -16 -180 0 0 1 0 1 0 -1 0 0 3020.dat
1 4 0 -24 -120 0 0 1 0 1 0 -1 0 0 3068.dat
1 4 10 -24 -150 0 0 1 0 1 0 -1 0 0 3070.dat
1 4 -10 -24 -170 0 0 1 0 1 0 -1 0 0 3070.dat
1 4 10 -24 -190 0 0 1 0 1 0 -1 0 0 3070.dat
1 15 -10 -16 -150 0 0 -1 0 1 0 1 0 0 54200.dat
1 15 10 -16 -170 -1 0 0 0 1 0 0 0 -1 54200.dat
1 15 -10 -16 -190 -1 0 0 0 1 0 0 0 -1 54200.dat
1 15 -10 -16 -210 -1 0 0 0 1 0 0 0 -1 54200.dat
1 15 10 -16 -210 0 0 1 0 1 0 -1 0 0 54200.dat
1 2 0 -61.5195 -157.3652 0 0 1 -0.406737 0.913545 0 -0.913545 -0.406737 0 3795.dat
1 2 0 -48.491 -108.4341 -1 0 0 0 0.913545 -0.406737 0 -0.406737 -0.913545 60470.dat
1 2 30 -56.6257 -126.705 0 0 -1 0.406737 0.913545 0 0.913545 -0.406737 0 2420.dat
1 2 -30 -56.6257 -126.705 1 0 0 0 0.913545 0.406737 0 -0.406737 0.913545 2420.dat
1 19 0 -64.7605 -144.9759 1 0 0 0 0.913545 0.406737 0 -0.406737 0.913545 3023.dat
1 288 0 -76.9626 -172.3822 1 0 0 0 0.913545 0.406737 0 -0.406737 0.913545 48183.dat
1 2 0 -93.232 -208.924 1 0 0 0 0.913545 0.406737 0 -0.406737 0.913545 3022.dat
1 2 0 -104.6078 -214.8056 1 0 0 0 0.913545 0.406737 0 -0.406737 0.913545 3023.dat
1 2 0 -84.2709 -169.1283 0 0 1 -0.406737 0.913545 0 -0.913545 -0.406737 0 3020.dat
1 14 -20 -59.8667 -114.3156 0 0 1 -0.406737 0.913545 0 -0.913545 -0.406737 0 4032.dat
1 14 20 -59.8667 -114.3156 0 0 1 -0.406737 0.913545 0 -0.913545 -0.406737 0 4032.dat
1 15 -10 -74.548 -206.2964 0 0 1 -0.406737 0.913545 0 -0.913545 -0.406737 0 3024.dat
1 15 10 -66.4132 -188.0255 0 0 1 -0.406737 0.913545 0 -0.913545 -0.406737 0 3024.dat
1 15 -10 -58.2785 -169.7546 0 0 1 -0.406737 0.913545 0 -0.913545 -0.406737 0 3024.dat
1 15 10 -50.1437 -151.4837 0 0 1 -0.406737 0.913545 0 -0.913545 -0.406737 0 3024.dat
1 2 0 -75.3098 -129.3326 0 0 1 -0.406737 0.913545 0 -0.913545 -0.406737 0 3020.dat
1 0 -30 -71.2424 -120.1972 0 0 1 -0.406737 0.913545 0 -0.913545 -0.406737 0 6141.dat
1 0 30 -71.2424 -120.1972 0 0 1 -0.406737 0.913545 0 -0.913545 -0.406737 0 6141.dat
1 2 10 -70.4161 -98.6724 0 0 1 -0.406737 0.913545 0 -0.913545 -0.406737 0 2420.dat
1 2 -10 -70.4161 -98.6724 -1 0 0 0 0.913545 -0.406737 0 -0.406737 -0.913545 2420.dat
1 10 -10 -70.4161 -98.6724 1 0 0 0 0.913545 0.406737 0 -0.406737 0.913545 54200.dat
1 10 10 -104.6078 -214.8056 0 0 1 -0.406737 0.913545 0 -0.913545 -0.406737 0 54200.dat
1 10 -10 -104.6078 -214.8056 0 0 -1 0.406737 0.913545 0 0.913545 -0.406737 0 54200.dat
1 10 10 -70.4161 -98.6724 1 0 0 0 0.913545 0.406737 0 -0.406737 0.913545 54200.dat
