0 Main
0 Name: 7209-1 - Pteranodon.mpd
0 Author: LTRON
1 70 0 0 -2 -1 0 0 0 1 0 0 0 -1 3660.dat
1 70 0 0 -22 1 0 0 0 1 0 0 0 1 3660.dat
1 19 0 -8 38 0 0 -1 0 1 0 1 0 0 3021.dat
1 19 0 0 58 0 0 -1 0 1 0 1 0 0 3021.dat
1 19 10 -8 -12 0 0 -1 0 1 0 1 0 0 44567.dat
1 19 -10 -8 -12 0 0 1 0 1 0 -1 0 0 44567.dat
1 19 0 -8 -42 1 0 0 0 1 0 0 0 1 44567.dat
1 484 -10 -32 -22 1 0 0 0 1 0 0 0 1 3040.dat
1 484 10 -32 -22 1 0 0 0 1 0 0 0 1 3040.dat
1 484 -10 -32 -2 -1 0 0 0 1 0 0 0 -1 3040.dat
1 484 10 -32 -2 -1 0 0 0 1 0 0 0 -1 3040.dat
1 70 58.46 -15.696 -12 -0.966 0.259 0 0.259 0.966 0 0 0 -1 44302.dat
1 484 75.708 -28.604 -2 0.966 0.259 0 -0.259 0.966 0 0 0 1 3020.dat
1 70 112.276 -46.692 18 0 0.259 -0.966 0 0.966 0.259 1 0 0 41770.dat
1 70 -58.46 -15.696 -12 0.966 -0.259 0 0.259 0.966 0 0 0 1 44302.dat
1 484 -75.708 -28.604 -2 0.966 -0.259 0 0.259 0.966 0 0 0 1 3020.dat
1 70 -112.276 -46.692 18 0 -0.259 0.966 0 0.966 0.259 -1 0 0 41769.dat
1 70 0 -8 -92 0 0 -1 0 1 0 1 0 0 44302.dat
1 19 0 0 -102 0 0 -1 0 1 0 1 0 0 3623.dat
1 19 0 -8 -142 0 0 -1 0 1 0 1 0 0 3623.dat
1 484 0 -16 -112 0 0 -1 0 1 0 1 0 0 3710.dat
1 484 0 -40 -82 -1 0 0 0 1 0 0 0 -1 3040.dat
1 19 0 -40 -102 0 0 1 0 1 0 -1 0 0 47905.dat
1 19 0 -40 -122 1 0 0 0 1 0 0 0 1 4286.dat
1 320 0 -48 -102 0 0 -1 0 1 0 1 0 0 3623.dat
1 320 0 -72 -62 1 0 0 0 1 0 0 0 1 3040.dat
1 0 18 -30 -102 0 -1 0 1 0 0 0 0 1 6141.dat
1 0 -18 -30 -102 0 1 0 1 0 0 0 0 -1 6141.dat
