0 Main
0 Name: 41502-1 - Zorch.mpd
0 Author: LTRON
1 4 0 0 0 -1 0 0 0 1 0 0 0 -1 3022.dat
1 4 0 -16 -10 -1 0 0 0 1 0 0 0 -1 3023.dat
1 4 0 -32 10 -1 0 0 0 1 0 0 0 -1 11211.dat
1 4 40 -24 -20 1 0 0 0 1 0 0 0 1 2429.dat
1 4 -40 -24 -20 1 0 0 0 1 0 0 0 1 2430.dat
1 0 0 -32 -10 1 0 0 0 1 0 0 0 1 44728.dat
1 4 0 -40 -10 1 0 0 0 1 0 0 0 1 99207.dat
1 4 0 -40 10 -1 0 0 0 1 0 0 0 -1 3023.dat
1 15 0 -62 -32 -1 0 0 0 0 1 0 1 0 15208.dat
1 4 0 -42 -24 1 0 0 0 0 -1 0 1 0 85984.dat
1 320 0 -12 -32 -1 0 0 0 0 1 0 1 0 51739.dat
1 320 -10 -22 24 0 0 -1 1 0 0 0 -1 0 85959.dat
1 320 10 -22 24 0 0 -1 1 0 0 0 -1 0 85959.dat
1 320 0 -48 0 1 0 0 0 1 0 0 0 1 51739.dat
1 320 0 -56 0 1 0 0 0 1 0 0 0 1 3020.dat
1 4 0 -64 10 1 0 0 0 1 0 0 0 1 3023.dat
1 4 0 -64 -10 1 0 0 0 1 0 0 0 1 3710.dat
1 320 30 -56 10 0 0 -1 0 1 0 1 0 0 54200.dat
1 320 -30 -56 10 0 0 1 0 1 0 -1 0 0 54200.dat
1 320 0 -72 10 1 0 0 0 1 0 0 0 1 3794.dat
1 320 -20 -72 -10 1 0 0 0 1 0 0 0 1 3794.dat
1 320 20 -72 -10 1 0 0 0 1 0 0 0 1 3794.dat
1 4 0 -80 10 0 0 -1 0 1 0 1 0 0 2555.dat
1 0 0 -88 10 1 0 0 0 0.5 -0.866 0 0.866 0.5 30031.dat
1 15 -20 -81.25 -10 1 0 0 0 1 0 0 0 1 32474.dat
1 15 20 -81.25 -10 1 0 0 0 1 0 0 0 1 32474.dat
1 4 30 26 -12 0 0 1 1 0 0 0 1 0 3069.dat
1 4 -30 26 -12 0 0 1 1 0 0 0 1 0 3069.dat
1 72 30 76 -4 -1 0 0 0 0 1 0 1 0 14417.dat
1 4 40 76 -52 0 0 1 1 0 0 0 1 0 60481.dat
1 320 40 76 -52 -1 0 0 0 0 1 0 1 0 54200.dat
1 4 20 76 4 0 0 -1 -1 0 0 0 1 0 3665.dat
1 72 -30 76 -4 -1 0 0 0 0 1 0 1 0 14417.dat
1 4 -40 76 -52 0 0 -1 -1 0 0 0 1 0 60481.dat
1 320 -40 76 -52 -1 0 0 0 0 1 0 1 0 54200.dat
1 4 -20 76 4 0 0 1 1 0 0 0 1 0 3665.dat
1 4 40 -24 -20 0.707 0 0.707 0 1 0 -0.707 0 0.707 2430.dat
1 4 68.28 -32 -34.14 0.707 0 -0.707 0 1 0 0.707 0 0.707 6019.dat
1 4 61.21 -24 -27.07 -0.707 0 0.707 0 1 0 -0.707 0 -0.707 11477.dat
1 4 -40 -24 -20 0.707 0 -0.707 0 1 0 0.707 0 0.707 2429.dat
1 4 -68.28 -32 -34.14 0.707 0 0.707 0 1 0 -0.707 0 0.707 6019.dat
1 4 -61.21 -24 -27.07 -0.707 0 -0.707 0 1 0 0.707 0 -0.707 11477.dat
