0 Main
0 Name: 7221-1 - Robots.ldr
0 Author: LTRON
1 7 0 0 0 0 0 1 1 0 0 0 1 0 30540.dat
1 7 20 0 0 0 0 1 1 0 0 0 1 0 30540.dat
1 0 10 -10 24 0 0 1 1 0 0 0 1 0 3021.dat
1 7 0 -30 0 -1 0 0 0 0 1 0 1 0 4070.dat
1 7 20 -30 0 -1 0 0 0 0 1 0 1 0 4070.dat
1 73 10 -52 10 1 0 0 0 1 0 0 0 1 41855.dat
1 0 30 -40 32 0 0 -1 -1 0 0 0 1 0 2429.dat
1 0 -10 -40 32 0 0 1 1 0 0 0 1 0 2430.dat
1 0 -12 -40 32 0.5 0 -0.866 -0.866 0 -0.5 0 1 0 2429.dat
1 0 30 -40 32 0.5 0 0.866 0.866 0 -0.5 0 1 0 2430.dat
1 1 -25.66 -36.34 8 0.866 0 0.5 0.5 0 -0.866 0 1 0 4286.dat
1 1 43.66 -36.34 8 0.866 0 -0.5 -0.5 0 -0.866 0 1 0 4286.dat
1 15 20 -60 10 -0.866 0 0.5 0 1 0 -0.5 0 -0.866 4592.dat
1 15 0 -60 10 -0.866 0 -0.5 0 1 0 0.5 0 -0.866 4592.dat
1 0 20 -60 10 -0.866 0 0.5 0 1 0 -0.5 0 -0.866 4593.dat
1 0 -2 -60 10 -0.866 0 -0.5 0 1 0 0.5 0 -0.866 4593.dat
1 1 10 -10 -8 1 0 0 0 0 -1 0 1 0 2412.dat
1 7 40.719 53.89 10 -0.383 -0.924 0 -0.924 0.383 0 0 0 -1 30386.dat
1 7 -20.719 53.89 10 0.383 0.924 0 -0.924 0.383 0 0 0 1 30386.dat
1 0 52.961 91.433 10 -1 0 0 0 1 0 0 0 -1 30383.dat
1 0 -32.961 91.433 10 1 0 0 0 1 0 0 0 1 30383.dat
1 1 52.961 99.433 0 1 0 0 0 1 0 0 0 1 3176.dat
1 1 -32.961 99.433 0 1 0 0 0 1 0 0 0 1 3176.dat
1 38 51.9372 60.0669 10 -0.382683 -0.92388 0 -0.92388 0.382683 0 0 0 -1 6141.dat
1 38 -31.9372 60.0669 10 0.382683 0.92388 0 -0.92388 0.382683 0 0 0 1 6141.dat
