0 Main
0 Name: 6949-1 - Robo-Guardian.mpd
0 Author: LTRON
1 0 0 0 0 1 0 0 0 1 0 0 0 1 3032.dat
1 0 0 0 -100 1 0 0 0 1 0 0 0 1 3031.dat
1 0 0 -24 30 -1 0 0 0 1 0 0 0 -1 3297.dat
1 0 0 -24 -110 1 0 0 0 1 0 0 0 1 3037.dat
1 4 0 -24 -40 0 0 1 0 1 0 -1 0 0 44237.dat
1 0 30 -24 -80 0 0 -1 0 1 0 1 0 0 2458.dat
1 0 -30 -24 -80 0 0 1 0 1 0 -1 0 0 2458.dat
1 0 40 -24 -20 1 0 0 0 1 0 0 0 1 4730.dat
1 0 -40 -24 -20 -1 0 0 0 1 0 0 0 -1 4730.dat
1 0 50 -24 40 0 0 -1 0 1 0 1 0 0 2744.dat
1 0 -50 -24 40 0 0 -1 0 1 0 1 0 0 2744.dat
1 7 -60 -14 40 -1 0 0 0 1 0 0 0 -1 3673.dat
1 7 60 -14 40 -1 0 0 0 1 0 0 0 -1 3673.dat
1 0 0 -48 30 -1 0 0 0 1 0 0 0 -1 3009.dat
1 0 -50 -48 -10 0 0 -1 0 1 0 1 0 0 3622.dat
1 0 50 -48 -10 0 0 -1 0 1 0 1 0 0 3622.dat
1 0 -20 -48 -50 0 0 -1 0 1 0 1 0 0 3002.dat
1 0 20 -48 -50 0 0 -1 0 1 0 1 0 0 3002.dat
1 0 0 -48 -90 1 0 0 0 1 0 0 0 1 3037.dat
1 8 0 -56 -70 1 0 0 0 1 0 0 0 1 2419.dat
1 8 0 -56 -20 1 0 0 0 1 0 0 0 1 3795.dat
1 8 0 -56 20 1 0 0 0 1 0 0 0 1 3795.dat
1 4 0 -64 -80 1 0 0 0 1 0 0 0 1 3068.dat
1 0 -40 -80 -40 -1 0 0 0 1 0 0 0 -1 4730.dat
1 0 40 -80 -40 1 0 0 0 1 0 0 0 1 4730.dat
1 0 -50 -80 20 0 0 1 0 1 0 -1 0 0 2458.dat
1 0 50 -80 20 0 0 -1 0 1 0 1 0 0 2458.dat
1 4 0 -128 -50 1 0 0 0 1 0 0 0 1 2362.dat
1 0 30 -80 -70 1 0 0 0 1 0 0 0 1 3040.dat
1 0 -30 -80 -70 1 0 0 0 1 0 0 0 1 3040.dat
1 4 40 -88 -80 0 0 -1 0 1 0 1 0 0 2430.dat
1 4 -40 -88 -80 0 0 1 0 1 0 -1 0 0 2429.dat
1 0 -30 -96 -60 0 0 1 0 1 0 -1 0 0 3023.dat
1 0 30 -96 -60 0 0 1 0 1 0 -1 0 0 3023.dat
1 4 -30 -104 -70 0 0 1 0 1 0 -1 0 0 6141.dat
1 4 30 -104 -70 0 0 1 0 1 0 -1 0 0 6141.dat
1 4 40 -88 -80 -0.5 0 -0.866 0 1 0 0.866 0 -0.5 2429.dat
1 0 36.34 -96 -93.66 -0.5 0 -0.866 0 1 0 0.866 0 -0.5 3024.dat
1 0 46.34 -96 -110.98 0.5 0 0.866 0 1 0 -0.866 0 0.5 6019.dat
1 0 41.34 -104 -102.32 0.5 0 0.866 0 1 0 -0.866 0 0.5 3069.dat
1 4 -40 -88 -80 -0.5 0 0.866 0 1 0 -0.866 0 -0.5 2430.dat
1 0 -36.34 -96 -93.66 -0.5 0 0.866 0 1 0 -0.866 0 -0.5 3024.dat
1 0 -46.34 -96 -110.98 0.5 0 -0.866 0 1 0 0.866 0 0.5 6019.dat
1 0 -41.34 -104 -102.32 0.5 0 -0.866 0 1 0 0.866 0 0.5 3069.dat
1 0 50 -104 -50 1 0 0 0 1 0 0 0 1 3665.dat
1 0 -50 -104 -50 1 0 0 0 1 0 0 0 1 3665.dat
1 0 50 -152 0 0 0 1 0 1 0 -1 0 0 4215.dat
1 0 -50 -152 0 0 0 -1 0 1 0 1 0 0 4215.dat
1 4 50 -128 -50 0 0 -1 0 1 0 1 0 0 3062.dat
1 4 -50 -128 -50 0 0 -1 0 1 0 1 0 0 3062.dat
1 4 -40 -128 -70 1 0 0 0 1 0 0 0 1 2877.dat
1 4 40 -128 -70 1 0 0 0 1 0 0 0 1 2877.dat
1 0 -30 -136 -50 0 0 1 0 1 0 -1 0 0 2420.dat
1 0 30 -136 -50 -1 0 0 0 1 0 0 0 -1 2420.dat
1 4 0 -144 -60 -1 0 0 0 1 0 0 0 -1 3020.dat
1 0 50 -152 -50 1 0 0 0 1 0 0 0 1 3040.dat
1 0 -50 -152 -50 1 0 0 0 1 0 0 0 1 3040.dat
1 0 -50 -160 30 0 0 1 0 1 0 -1 0 0 4081.dat
1 0 50 -160 30 0 0 -1 0 1 0 1 0 0 4081.dat
1 0 0 -152 -70 1 0 0 0 1 0 0 0 1 3023.dat
1 0 0 -152 -50 1 0 0 0 1 0 0 0 1 3710.dat
1 8 0 -160 0 1 0 0 0 1 0 0 0 1 3795.dat
1 0 -70 -152 56 0 0 1 -1 0 0 0 -1 0 4360.dat
1 8 0 -160 -50 1 0 0 0 1 0 0 0 1 2419.dat
1 0 0 -168 10 -1 0 0 0 1 0 0 0 -1 2540.dat
1 0 -30 -168 10 -1 0 0 0 1 0 0 0 -1 6141.dat
1 0 30 -168 10 -1 0 0 0 1 0 0 0 -1 6141.dat
1 4 0 -176 10 -1 0 0 0 1 0 0 0 -1 2431.dat
1 0 -30 -184 -50 0 0 1 0 1 0 -1 0 0 3665.dat
1 0 30 -184 -50 0 0 -1 0 1 0 1 0 0 3665.dat
1 8 0 -166 30 1 0 0 0 0.165 -0.9863 0 0.9863 0.165 6020.dat
1 0 -10 -184 -70 0 0 1 0 1 0 -1 0 0 3665.dat
1 0 10 -184 -70 0 0 -1 0 1 0 1 0 0 3665.dat
1 0 50 -184 -20 0 0 -1 0 1 0 1 0 0 3660.dat
1 0 -50 -184 -20 0 0 1 0 1 0 -1 0 0 3660.dat
1 0 -50 -184 20 0 0 1 0 1 0 -1 0 0 3660.dat
1 0 50 -184 20 0 0 -1 0 1 0 1 0 0 3660.dat
1 4 -50 -192 0 0 0 1 0 1 0 -1 0 0 2431.dat
1 4 50 -192 0 0 0 1 0 1 0 -1 0 0 2431.dat
1 4 0 -192 -50 1 0 0 0 1 0 0 0 1 2431.dat
1 4 -70 -208 30 -1 0 0 0 1 0 0 0 -1 3665.dat
1 4 70 -208 30 -1 0 0 0 1 0 0 0 -1 3665.dat
1 4 -70 -208 0 0 0 -1 0 1 0 1 0 0 3004.dat
1 4 70 -208 0 0 0 -1 0 1 0 1 0 0 3004.dat
1 4 0 -208 -70 -1 0 0 0 1 0 0 0 -1 3004.dat
1 4 50 -208 -50 1 0 0 0 1 0 0 0 1 2462.dat
1 4 -50 -208 -50 0 0 1 0 1 0 -1 0 0 2462.dat
1 0 -70 -224 50 0 0 -1 0 1 0 1 0 0 4735.dat
1 0 70 -224 50 0 0 1 0 1 0 -1 0 0 4735.dat
1 4 -70 -232 50 -1 0 0 0 1 0 0 0 -1 6141.dat
1 4 70 -232 50 -1 0 0 0 1 0 0 0 -1 6141.dat
1 0 -70 -232 0 0 0 -1 0 1 0 1 0 0 3010.dat
1 0 70 -232 0 0 0 -1 0 1 0 1 0 0 3010.dat
1 0 -50 -232 -50 -1 0 0 0 1 0 0 0 -1 2357.dat
1 0 50 -232 -50 0 0 1 0 1 0 -1 0 0 2357.dat
1 4 -50 -256 -70 0 0 1 0 1 0 -1 0 0 3062.dat
1 4 50 -256 -70 0 0 1 0 1 0 -1 0 0 3062.dat
1 0 -70 -256 -50 1 0 0 0 1 0 0 0 1 2357.dat
1 0 70 -256 -50 0 0 -1 0 1 0 1 0 0 2357.dat
1 0 -70 -256 20 0 0 -1 0 1 0 1 0 0 3010.dat
1 0 70 -256 20 0 0 -1 0 1 0 1 0 0 3010.dat
1 4 0 -280 -50 1 0 0 0 1 0 0 0 1 3455.dat
1 0 70 -280 -20 0 0 1 0 1 0 -1 0 0 3004.dat
1 0 -70 -280 -20 0 0 1 0 1 0 -1 0 0 3004.dat
1 0 -70 -280 30 0 0 1 0 1 0 -1 0 0 3622.dat
1 0 70 -280 30 0 0 1 0 1 0 -1 0 0 3622.dat
1 4 -70 -304 30 0 0 1 0 1 0 -1 0 0 3062.dat
1 4 -70 -304 -30 0 0 1 0 1 0 -1 0 0 3062.dat
1 4 70 -304 30 0 0 1 0 1 0 -1 0 0 3062.dat
1 4 70 -304 -30 0 0 1 0 1 0 -1 0 0 3062.dat
1 0 70 -280 -50 1 0 0 0 1 0 0 0 1 3665.dat
1 0 -70 -280 -50 1 0 0 0 1 0 0 0 1 3665.dat
1 4 -50 -280 -70 1 0 0 0 1 0 0 0 1 3062.dat
1 4 50 -280 -70 1 0 0 0 1 0 0 0 1 3062.dat
1 0 0 -280 -70 1 0 0 0 1 0 0 0 1 4215.dat
1 0 0 -304 -50 1 0 0 0 1 0 0 0 1 3037.dat
1 0 -60 -304 -60 1 0 0 0 1 0 0 0 1 3003.dat
1 0 60 -304 -60 1 0 0 0 1 0 0 0 1 3003.dat
1 0 70 -304 0 0 0 -1 0 1 0 1 0 0 3660.dat
1 0 -70 -304 0 0 0 1 0 1 0 -1 0 0 3660.dat
1 0 -70 -304 50 0 0 -1 0 1 0 1 0 0 3665.dat
1 0 70 -304 50 0 0 1 0 1 0 -1 0 0 3665.dat
1 0 0 -328 -50 -1 0 0 0 1 0 0 0 -1 3009.dat
1 0 70 -328 0 0 0 -1 0 1 0 1 0 0 3009.dat
1 0 -70 -328 0 0 0 -1 0 1 0 1 0 0 3009.dat
1 4 -60 -328 -70 1 0 0 0 1 0 0 0 1 2877.dat
1 4 60 -328 -70 1 0 0 0 1 0 0 0 1 2877.dat
1 4 0 -336 -50 1 0 0 0 1 0 0 0 1 3710.dat
1 4 -50 -312 50 1 0 0 0 1 0 0 0 1 3024.dat
1 4 50 -312 50 1 0 0 0 1 0 0 0 1 3024.dat
1 0 0 -336 50 1 0 0 0 1 0 0 0 1 3455.dat
1 0 90 -328 0 0 0 -1 0 1 0 1 0 0 3660.dat
1 0 -90 -328 0 0 0 1 0 1 0 -1 0 0 3660.dat
1 8 -90 -336 0 0 0 1 0 1 0 -1 0 0 2419.dat
1 4 -50 -336 -70 0 0 -1 0 1 0 1 0 0 2420.dat
1 4 50 -336 -70 1 0 0 0 1 0 0 0 1 2420.dat
1 0 -110 -360 10 0 0 1 0 1 0 -1 0 0 6541.dat
1 0 -70 -360 10 0 0 1 0 1 0 -1 0 0 6541.dat
1 0 -80 -360 30 -1 0 0 0 1 0 0 0 -1 3004.dat
1 0 -90 -360 -10 -1 0 0 0 1 0 0 0 -1 2357.dat
1 4 -70 -360 -20 0 0 -1 0 1 0 1 0 0 3004.dat
1 0 80 -350 10 -1 0 0 0 0.866 0.5 0 0.5 -0.866 3707.dat
1 7 50 -350 10 0 0 1 0.5 0.866 0 -0.866 0.5 0 4019.dat
1 7 30 -350 10 0 0 1 0.5 0.866 0 -0.866 0.5 0 3713.dat
1 0 160 -338.464 -17.98 1 0 0 0 0.866 -0.5 0 0.5 0.866 3475.dat
1 8 160 -326.536 -22.64 -1 0 0 0 0.866 0.5 0 0.5 -0.866 4859.dat
1 0 160 -319.608 -18.64 -1 0 0 0 0.866 0.5 0 0.5 -0.866 4032.dat
1 0 160 -323.464 -43.96 0 0 1 0.5 0.866 0 -0.866 0.5 0 2444.dat
1 4 160 -340.392 -30.64 0 0 1 0.5 0.866 0 -0.866 0.5 0 3022.dat
1 4 160 -325.392 -56.62 1 0 0 0 0.866 -0.5 0 0.5 0.866 3839.dat
1 0 150 -337.32 -51.96 0 0 1 0.5 0.866 0 -0.866 0.5 0 2412.dat
1 0 170 -337.32 -51.96 0 0 1 0.5 0.866 0 -0.866 0.5 0 2412.dat
1 0 160 -272.68 -83.92 0 0 -1 -0.5 0.866 0 0.866 0.5 0 3020.dat
1 4 160 -274.608 -96.58 1 0 0 0 0.866 -0.5 0 0.5 0.866 3023.dat
1 4 160 -303.464 -78.6 0 0 -1 -0.5 0.866 0 0.866 0.5 0 4730.dat
1 8 160 -276.536 -109.24 1 0 0 0 0.866 -0.5 0 0.5 0.866 4859.dat
1 0 160 -283.464 -113.24 1 0 0 0 0.866 -0.5 0 0.5 0.866 3022.dat
1 0 160 -315.392 -73.94 1 0 0 0 0.866 -0.5 0 0.5 0.866 2412.dat
1 0 160 -300.392 -99.92 -1 0 0 0 0.866 0.5 0 0.5 -0.866 3068.dat
1 4 140 -280.392 -134.56 1 0 0 0 0.866 -0.5 0 0.5 0.866 2430.dat
1 4 140 -259.608 -122.56 1 0 0 0 0.866 -0.5 0 0.5 0.866 2430.dat
1 0 132.929 -235.0025 -149.1774 0.7071 0 -0.7071 -0.35355 0.866 -0.35355 0.612349 0.5 0.612349 3021.dat
1 4 140 -259.608 -122.56 -0.7071 0 -0.7071 -0.35355 0.866 0.35355 0.612349 0.5 -0.612349 2429.dat
1 0 118.787 -234.8595 -165.4244 0.7071 0 0.7071 0.35355 0.866 -0.35355 -0.612349 0.5 0.612349 3839.dat
1 0 111.716 -238.252 -175.5479 -0.7071 0 0.7071 0.35355 0.866 0.35355 -0.612349 0.5 -0.612349 2444.dat
1 0 147.071 -255.9295 -144.9305 -0.7071 0 -0.7071 -0.35355 0.866 0.35355 0.612349 0.5 -0.612349 3023.dat
1 0 125.858 -252.251 -167.3009 0.7071 0 -0.7071 -0.35355 0.866 -0.35355 0.612349 0.5 0.612349 3020.dat
1 4 140 -280.392 -134.56 -0.7071 0 -0.7071 -0.35355 0.866 0.35355 0.612349 0.5 -0.612349 2429.dat
1 4 118.787 -255.6435 -177.4244 -0.7071 0 -0.7071 -0.35355 0.866 0.35355 0.612349 0.5 -0.612349 3794.dat
1 4 104.645 -248.5725 -189.6714 -0.7071 0 -0.7071 -0.35355 0.866 0.35355 0.612349 0.5 -0.612349 3794.dat
1 0 111.716 -265.964 -191.5479 -0.7071 0 -0.7071 -0.35355 0.866 0.35355 0.612349 0.5 -0.612349 4595.dat
1 0 96.1598 -221.8139 -184.0196 -0.7071 0 -0.7071 -0.35355 0.866 0.35355 0.612349 0.5 -0.612349 6048.dat
1 42 124.4438 -214.1073 -189.3677 -0.7071 -0.7071 0 -0.35355 0.35355 -0.866 0.612349 -0.612349 -0.5 4589.dat
1 42 87.6746 -232.4919 -157.5256 -0.7071 -0.7071 0 -0.35355 0.35355 -0.866 0.612349 -0.612349 -0.5 4589.dat
1 0 66.4248 -214.7245 -196.2984 0 0.258799 0.965899 -0.866 0.482949 -0.129399 -0.5 -0.836468 0.22412 4220.dat
1 0 66.4248 -214.7245 -196.2984 0 0.707069 0.707069 -0.866 0.353534 -0.353534 -0.5 -0.612322 0.612322 4221.dat
1 0 66.4248 -214.7245 -196.2984 0 0.000001 0.999939 0.866 -0.499969 0 0.5 0.865947 -0.000001 4221.dat
1 8 90 -336 0 0 0 -1 0 1 0 1 0 0 2419.dat
1 0 70 -360 10 0 0 -1 0 1 0 1 0 0 6541.dat
1 0 110 -360 10 0 0 -1 0 1 0 1 0 0 6541.dat
1 0 80 -360 30 1 0 0 0 1 0 0 0 1 3004.dat
1 0 90 -360 -10 0 0 1 0 1 0 -1 0 0 2357.dat
1 4 70 -360 -20 0 0 1 0 1 0 -1 0 0 3004.dat
1 0 -80 -350 10 1 0 0 0 -0.7071 0.7071 0 -0.7071 -0.7071 3707.dat
1 7 -50 -350 10 0 0 -1 0.7071 -0.7071 0 -0.7071 -0.7071 0 4019.dat
1 7 -30 -350 10 0 0 -1 0.7071 -0.7071 0 -0.7071 -0.7071 0 3713.dat
1 0 -160 -331.6154 -14.0414 1 0 0 0 0.7071 -0.7071 0 0.7071 0.7071 3475.dat
1 8 -160 -318.8876 -15.4556 -1 0 0 0 0.7071 0.7071 0 0.7071 -0.7071 4859.dat
1 0 -160 -313.2308 -9.7988 -1 0 0 0 0.7071 0.7071 0 0.7071 -0.7071 4032.dat
1 0 -160 -310.4024 -35.2544 0 0 1 0.7071 0.7071 0 -0.7071 0.7071 0 2444.dat
1 4 -160 -330.2012 -26.7692 0 0 1 0.7071 0.7071 0 -0.7071 0.7071 0 3022.dat
1 4 -160 -308.9882 -47.9822 1 0 0 0 0.7071 -0.7071 0 0.7071 0.7071 3839.dat
1 0 -170 -321.716 -46.568 0 0 1 0.7071 0.7071 0 -0.7071 0.7071 0 2412.dat
1 0 -150 -321.716 -46.568 0 0 1 0.7071 0.7071 0 -0.7071 0.7071 0 2412.dat
1 0 -160 -251.006 -60.71 0 0 -1 -0.7071 0.7071 0 0.7071 0.7071 0 3020.dat
1 4 -140 -228.3788 -94.6508 1 0 0 0 0.7071 -0.7071 0 0.7071 0.7071 2429.dat
1 4 -160 -249.5918 -73.4378 1 0 0 0 0.7071 -0.7071 0 0.7071 0.7071 3023.dat
1 4 -160 -282.1184 -63.5384 0 0 -1 -0.7071 0.7071 0 0.7071 0.7071 0 4730.dat
1 8 -160 -248.1776 -86.1656 1 0 0 0 0.7071 -0.7071 0 0.7071 0.7071 4859.dat
1 0 -160 -253.8344 -91.8224 1 0 0 0 0.7071 -0.7071 0 0.7071 0.7071 3022.dat
1 0 -160 -294.8462 -62.1242 1 0 0 0 0.7071 -0.7071 0 0.7071 0.7071 2412.dat
1 4 -140 -245.3492 -111.6212 1 0 0 0 0.7071 -0.7071 0 0.7071 0.7071 2429.dat
1 0 -160 -273.6332 -83.3372 -1 0 0 0 0.7071 0.7071 0 0.7071 -0.7071 3068.dat
1 0 -142.32 -197.2805 -114.4355 -0.5 0 -0.866 -0.612349 0.7071 0.35355 0.612349 0.7071 -0.35355 3021.dat
1 4 -140 -228.3788 -94.6508 -0.866 0 0.5 0.35355 0.7071 0.612349 -0.35355 0.7071 -0.612349 2430.dat
1 0 -132.32 -190.6904 -132.3392 0.866 0 -0.5 -0.35355 0.7071 -0.612349 0.35355 0.7071 0.612349 3839.dat
1 0 -127.32 -190.2237 -144.1195 0.5 0 0.866 0.612349 0.7071 -0.35355 -0.612349 0.7071 0.35355 2444.dat
1 0 -152.32 -220.8411 -113.5021 -0.866 0 0.5 0.35355 0.7071 0.612349 -0.35355 0.7071 -0.612349 3023.dat
1 0 -117.32 -170.9057 -149.2955 -0.5 0 -0.866 -0.612349 0.7071 0.35355 0.612349 0.7071 -0.35355 2780.dat
1 0 -137.32 -208.1275 -137.5293 -0.5 0 -0.866 -0.612349 0.7071 0.35355 0.612349 0.7071 -0.35355 3020.dat
1 4 -140 -245.3492 -111.6212 -0.866 0 0.5 0.35355 0.7071 0.612349 -0.35355 0.7071 -0.612349 2430.dat
1 4 -122.32 -195.4138 -161.5566 -0.866 0 0.5 0.35355 0.7071 0.612349 -0.35355 0.7071 -0.612349 3794.dat
1 4 -132.32 -207.6608 -149.3096 -0.866 0 0.5 0.35355 0.7071 0.612349 -0.35355 0.7071 -0.612349 3794.dat
1 0 -127.32 -212.8509 -166.7467 -0.866 0 0.5 0.35355 0.7071 0.612349 -0.35355 0.7071 -0.612349 4595.dat
1 42 -100.804 -184.6178 -129.9266 -0.866 0.5 0 0.35355 0.612349 -0.7071 -0.35355 -0.612349 -0.7071 4589.dat
1 42 -145.836 -166.2332 -148.3112 -0.866 0.5 0 0.35355 0.612349 -0.7071 -0.35355 -0.612349 -0.7071 4589.dat
1 4 -110.0788 -172.5271 -161.3339 0.836469 -0.224121 -0.5 -0.158496 0.774487 -0.612349 0.524491 0.591489 0.612349 2607.dat
1 0 -98.7959 -149.2682 -172.2989 0.836469 0.54506 0.055911 -0.158496 0.143051 0.97688 0.524491 -0.826038 0.206055 2959.dat
1 4 -97.085 -119.3757 -165.9936 0.836469 0.055911 -0.54506 -0.158496 0.97688 -0.143051 0.524491 0.206055 0.826038 4345.dat
1 0 -97.085 -119.3757 -165.9936 0.836469 0.055911 -0.54506 -0.158496 0.97688 -0.143051 0.524491 0.206055 0.826038 4346.dat
1 0 -97.5323 -127.1908 -167.6421 0.836469 0.055911 -0.54506 -0.158496 0.97688 -0.143051 0.524491 0.206055 0.826038 2609.dat
1 0 -97.9013 -133.6382 -169.002 0.836469 -0.54506 -0.055911 -0.158496 -0.143051 -0.97688 0.524491 0.826038 -0.206055 2959.dat
1 0 -93.1156 -87.5434 -162.704 0.54506 0.055911 0.836469 0.143051 0.97688 -0.158496 -0.826038 0.206055 0.524491 3069.dat
1 0 -93.5629 -95.3584 -164.3525 0.54506 0.055911 0.836469 0.143051 0.97688 -0.158496 -0.826038 0.206055 0.524491 3069.dat
1 0 0 -360 50 1 0 0 0 1 0 0 0 1 3008.dat
1 0 0 -360 -50 1 0 0 0 1 0 0 0 1 3010.dat
1 0 60 -360 -50 1 0 0 0 1 0 0 0 1 3039.dat
1 0 -60 -360 -50 1 0 0 0 1 0 0 0 1 3039.dat
1 4 -40 -368 50 1 0 0 0 1 0 0 0 1 3023.dat
1 4 40 -368 50 1 0 0 0 1 0 0 0 1 3023.dat
1 4 0 -368 0 0 0 1 0 1 0 -1 0 0 3795.dat
1 4 -50 -368 -50 -1 0 0 0 1 0 0 0 -1 3623.dat
1 4 50 -368 -50 -1 0 0 0 1 0 0 0 -1 3623.dat
1 0 -70 -384 -30 0 0 -1 0 1 0 1 0 0 6541.dat
1 7 -60 -374 -30 1 0 0 0 1 0 0 0 1 3673.dat
1 0 70 -384 -30 0 0 1 0 1 0 -1 0 0 6541.dat
1 7 60 -374 -30 -1 0 0 0 1 0 0 0 -1 3673.dat
1 4 -70 -384 0 0 0 1 0 1 0 -1 0 0 3004.dat
1 4 70 -384 0 0 0 1 0 1 0 -1 0 0 3004.dat
1 0 -70 -384 30 -1 0 0 0 1 0 0 0 -1 3040.dat
1 0 70 -384 30 -1 0 0 0 1 0 0 0 -1 3040.dat
1 0 -60 -376 -50 -1 0 0 0 1 0 0 0 -1 2412.dat
1 0 60 -376 -50 -1 0 0 0 1 0 0 0 -1 2412.dat
1 0 90 -384 0 0 0 -1 0 1 0 1 0 0 3039.dat
1 0 -90 -384 0 0 0 1 0 1 0 -1 0 0 3039.dat
1 4 -90 -384 30 0 0 1 0 1 0 -1 0 0 3062.dat
1 4 -90 -384 -30 0 0 1 0 1 0 -1 0 0 3062.dat
1 4 90 -384 -30 0 0 1 0 1 0 -1 0 0 3062.dat
1 4 90 -384 30 0 0 1 0 1 0 -1 0 0 3062.dat
1 7 -50 -374.698 -10.012 1 0 0 0 0.9994 -0.0349 0 0.0349 0.9994 3651.dat
1 4 -50 -377.4202 67.9412 1 0 0 0 -0.0349 -0.9994 0 0.9994 -0.0349 3957.dat
1 7 50 -374.698 -10.012 1 0 0 0 0.9994 -0.0349 0 0.0349 0.9994 3651.dat
1 4 50 -377.4202 67.9412 1 0 0 0 -0.0349 -0.9994 0 0.9994 -0.0349 3957.dat
1 0 0 -392 -30 1 0 0 0 1 0 0 0 1 3037.dat
1 0 0 -392 30 -1 0 0 0 1 0 0 0 -1 3037.dat
1 0 80 -392 0 0 0 -1 0 1 0 1 0 0 3020.dat
1 0 -80 -392 0 0 0 -1 0 1 0 1 0 0 3020.dat
1 0 0 -400 0 -1 0 0 0 1 0 0 0 -1 3035.dat
1 4 -90 -400 0 0 0 -1 0 1 0 1 0 0 2412.dat
1 4 90 -400 0 0 0 -1 0 1 0 1 0 0 2412.dat
1 0 0 -424 0 0 0 -1 0 1 0 1 0 0 3403.dat
1 0 0 -424 0 0.9659 0 -0.2588 0 1 0 0.2588 0 0.9659 3404.dat
1 4 -2.588 -432 9.659 0.9659 0 -0.2588 0 1 0 0.2588 0 0.9659 2431.dat
1 4 2.588 -432 -9.659 0.9659 0 -0.2588 0 1 0 0.2588 0 0.9659 2431.dat
1 8 -28.977 -440 -7.764 0.2588 0 0.9659 0 1 0 -0.9659 0 0.2588 2419.dat
1 8 28.977 -440 7.764 -0.2588 0 -0.9659 0 1 0 0.9659 0 -0.2588 2419.dat
1 4 0 -448 0 0.9659 0 -0.2588 0 1 0 0.2588 0 0.9659 3795.dat
1 0 -48.295 -472 -12.94 0.2588 0 0.9659 0 1 0 -0.9659 0 0.2588 3700.dat
1 0 48.295 -472 12.94 0.2588 0 0.9659 0 1 0 -0.9659 0 0.2588 3700.dat
1 0 -12.94 -464 48.295 -0.9659 0 0.2588 0 1 0 -0.2588 0 -0.9659 3660.dat
1 0 12.94 -464 -48.295 0.9659 0 -0.2588 0 1 0 0.2588 0 0.9659 3660.dat
1 0 -35.355 -464 -61.235 0.9659 0 -0.2588 0 1 0 0.2588 0 0.9659 2464.dat
1 0 -61.235 -464 35.355 0.2588 0 0.9659 0 1 0 -0.9659 0 0.2588 2464.dat
1 4 -48.295 -480 -12.94 0.2588 0 0.9659 0 1 0 -0.9659 0 0.2588 3023.dat
1 4 48.295 -480 12.94 0.2588 0 0.9659 0 1 0 -0.9659 0 0.2588 3023.dat
1 0 35.355 -464 61.235 -0.9659 0 0.2588 0 1 0 -0.2588 0 -0.9659 2464.dat
1 0 61.235 -464 -35.355 -0.2588 0 -0.9659 0 1 0 0.9659 0 -0.2588 2464.dat
1 0 32.258 -488 -43.119 -0.9659 0 0.2588 0 1 0 -0.2588 0 -0.9659 3039.dat
1 0 -48.295 -488 -12.94 -0.2588 0 -0.9659 0 1 0 0.9659 0 -0.2588 3023.dat
1 0 48.295 -488 12.94 -0.2588 0 -0.9659 0 1 0 0.9659 0 -0.2588 3023.dat
1 0 -22.599 -488 45.707 -0.2588 0 -0.9659 0 1 0 0.9659 0 -0.2588 2357.dat
1 0 -3.281 -488 50.883 0.9659 0 -0.2588 0 1 0 0.2588 0 0.9659 2357.dat
1 0 -6.378 -488 -53.471 -0.9659 0 0.2588 0 1 0 -0.2588 0 -0.9659 3039.dat
1 4 18.116 -488 -67.613 0.9659 0 -0.2588 0 1 0 0.2588 0 0.9659 2877.dat
1 0 15.528 -496 -57.954 0.9659 0 -0.2588 0 1 0 0.2588 0 0.9659 3020.dat
1 4 -47.093 -496 59.849 -0.9659 0 0.2588 0 1 0 -0.2588 0 -0.9659 4085.dat
1 4 10.861 -496 75.377 -0.9659 0 0.2588 0 1 0 -0.2588 0 -0.9659 4085.dat
1 0 -48.295 -496 -12.94 -0.2588 0 -0.9659 0 1 0 0.9659 0 -0.2588 3666.dat
1 0 48.295 -496 12.94 -0.2588 0 -0.9659 0 1 0 0.9659 0 -0.2588 3666.dat
1 0 67.613 -496 18.116 -0.2588 0 -0.9659 0 1 0 0.9659 0 -0.2588 3710.dat
1 0 -67.613 -496 -18.116 -0.2588 0 -0.9659 0 1 0 0.9659 0 -0.2588 3710.dat
1 4 -7.764 -432 28.977 -0.9659 0 0.2588 0 1 0 -0.2588 0 -0.9659 3710.dat
1 4 7.764 -432 -28.977 -0.9659 0 0.2588 0 1 0 -0.2588 0 -0.9659 3710.dat
1 42 22.599 -432 -45.707 -0.9659 0 0.2588 0 1 0 -0.2588 0 -0.9659 6141.dat
1 42 3.281 -432 -50.883 -0.9659 0 0.2588 0 1 0 -0.2588 0 -0.9659 6141.dat
1 42 -3.281 -432 50.883 -0.9659 0 0.2588 0 1 0 -0.2588 0 -0.9659 6141.dat
1 42 -22.599 -432 45.707 -0.9659 0 0.2588 0 1 0 -0.2588 0 -0.9659 6141.dat
1 42 45.707 -432 22.599 0.2588 0 0.9659 0 1 0 -0.9659 0 0.2588 6141.dat
1 42 50.883 -432 3.281 0.2588 0 0.9659 0 1 0 -0.9659 0 0.2588 6141.dat
1 42 -50.883 -432 -3.281 0.2588 0 0.9659 0 1 0 -0.9659 0 0.2588 6141.dat
1 42 -45.707 -432 -22.599 0.2588 0 0.9659 0 1 0 -0.9659 0 0.2588 6141.dat
1 0 -15.528 -512 57.954 -0.2588 0 -0.9659 0 1 0 0.9659 0 -0.2588 3003.dat
1 4 16.037 -512 56.059 -0.2588 0 -0.9659 0 1 0 0.9659 0 -0.2588 3062.dat
1 4 -41.917 -512 40.531 -0.2588 0 -0.9659 0 1 0 0.9659 0 -0.2588 3062.dat
1 0 35.355 -520 61.235 -0.2588 0 -0.9659 0 1 0 0.9659 0 -0.2588 2462.dat
1 0 -61.235 -520 35.355 -0.9659 0 0.2588 0 1 0 -0.2588 0 -0.9659 2462.dat
1 0 -56.059 -520 16.037 0.9659 0 -0.2588 0 1 0 0.2588 0 0.9659 4286.dat
1 0 40.531 -520 41.917 0.9659 0 -0.2588 0 1 0 0.2588 0 0.9659 4286.dat
1 4 -20.704 -492 77.272 -0.9659 -0.2588 0 0 0 1 -0.2588 0.9659 0 3956.dat
1 0 -22.7744 -492 84.9992 -0.9659 -0.2588 0 0 0 1 -0.2588 0.9659 0 4591.dat
1 0 -41.917 -520 40.531 -0.9659 0 0.2588 0 1 0 -0.2588 0 -0.9659 3024.dat
1 0 16.037 -520 56.059 -0.9659 0 0.2588 0 1 0 -0.2588 0 -0.9659 3024.dat
1 4 37.943 -528 51.576 0.2588 0 0.9659 0 1 0 -0.9659 0 0.2588 2412.dat
1 4 -58.647 -528 25.696 0.2588 0 0.9659 0 1 0 -0.9659 0 0.2588 2412.dat
1 4 -15.528 -528 57.954 0.9659 0 -0.2588 0 1 0 0.2588 0 0.9659 3020.dat
1 0 -15.528 -536 57.954 0.9659 0 -0.2588 0 1 0 0.2588 0 0.9659 3020.dat
1 0 -18.116 -544 67.613 0.9659 0 -0.2588 0 1 0 0.2588 0 0.9659 3710.dat
1 0 -12.94 -544 48.295 0.9659 0 -0.2588 0 1 0 0.2588 0 0.9659 4315.dat
1 36 -9.3168 -540 34.7724 0.9659 0 -0.2588 0 1 0 0.2588 0 0.9659 4474.dat
1 0 -15.528 -552 57.954 0.9659 0 -0.2588 0 1 0 0.2588 0 0.9659 3068.dat
1 42 5.685 -485 94.695 0.9659 0 -0.2588 0 1 0 0.2588 0 0.9659 2569.dat
1 42 -52.269 -485 79.167 0.9659 0 -0.2588 0 1 0 0.2588 0 0.9659 2569.dat
1 4 -2.0704 -528 7.7272 0.707094 0 -0.707077 0 1 0 0.707077 0 0.707094 2446.dat
1 42 -5.3201 -526.096 10.977 0.707094 0.499979 -0.499979 0 0.707107 0.707107 0.707077 -0.499991 0.499991 2447.dat
1 14 -2.0704 -528 7.7272 0.707094 0 -0.707077 0 1 0 0.707077 0 0.707094 3626.dat
1 0 -2.0704 -501 7.7272 0.9659 0 -0.2588 0 1 0 0.2588 0 0.9659 3838.dat
1 1 -2.0704 -501 7.7272 0.9659 0 -0.2588 0 1 0 0.2588 0 0.9659 973.dat
1 0 70 -14 40 0 0 -1 0 1 0 1 0 0 6118.dat
1 0 70 -14 -20 0 0 -1 0 1 0 1 0 0 6118.dat
1 0 50 -14 -80 0 0 -1 0 1 0 1 0 0 6118.dat
1 0 70 -70 20 0 0 -1 0 1 0 1 0 0 6118.dat
1 0 70 -70 -40 0 0 -1 0 1 0 1 0 0 6118.dat
1 0 -70 -14 -20 0 0 1 0 1 0 -1 0 0 6118.dat
1 0 -70 -14 40 0 0 1 0 1 0 -1 0 0 6118.dat
1 0 -70 -70 -40 0 0 1 0 1 0 -1 0 0 6118.dat
1 0 -70 -70 20 0 0 1 0 1 0 -1 0 0 6118.dat
1 0 -50 -14 -80 0 0 1 0 1 0 -1 0 0 6118.dat
1 0 0 -246 -64 1 0 0 0 0 -1 0 1 0 168275a.dat
