0 Main
0 Name: 7325-1 - Cursed Cobra Statue.mpd
0 Author: LTRON
1 28 0 -8 0 1 0 0 0 1 0 0 0 1 3958.dat
1 0 -40 -80 0 1 0 0 0 1 0 0 0 1 30145.dat
1 19 -50 -80 -30 1 0 0 0 1 0 0 0 1 4460.dat
1 19 -50 -80 30 -1 0 0 0 1 0 0 0 -1 4460.dat
1 0 0 -80 -30 -1 0 0 0 1 0 0 0 -1 60581.dat
1 0 0 -80 30 1 0 0 0 1 0 0 0 1 60581.dat
1 19 50 -80 -30 1 0 0 0 1 0 0 0 1 4460.dat
1 19 50 -80 30 -1 0 0 0 1 0 0 0 -1 4460.dat
1 28 50 -32 0 0 0 1 0 1 0 -1 0 0 30136.dat
1 19 50 -80 0 0 0 1 0 1 0 -1 0 0 3245a.dat
1 19 60 -56 0 0 -1 0 0 0 -1 1 0 0 4613905c.dat
1 72 0 -88 0 -1 0 0 0 1 0 0 0 -1 3032.dat
1 19 -40 -112 0 0 0 1 0 1 0 -1 0 0 3001.dat
1 19 -40 -160 -30 1 0 0 0 1 0 0 0 1 3245a.dat
1 19 -40 -160 30 1 0 0 0 1 0 0 0 1 3245a.dat
1 19 -50 -208 0 0 0 1 0 1 0 -1 0 0 6182.dat
1 72 -50 -232 0 0 0 1 0 1 0 -1 0 0 3701.dat
1 19 -30 -232 0 0 0 1 0 1 0 -1 0 0 2454.dat
1 19 -20 -172 0 0 -1 0 0 0 -1 1 0 0 4613905d.dat
1 19 -10 -160 -30 0 0 -1 0 1 0 1 0 0 4460.dat
1 19 -10 -160 30 0 0 -1 0 1 0 1 0 0 4460.dat
1 19 -30 -232 -30 0 0 -1 0 1 0 1 0 0 4460.dat
1 19 -30 -232 30 0 0 -1 0 1 0 1 0 0 4460.dat
1 0 -30 -240 0 0 0 -1 0 1 0 1 0 0 4623.dat
1 0 -50 -240 -30 1 0 0 0 1 0 0 0 1 2420.dat
1 0 -50 -240 30 0 0 1 0 1 0 -1 0 0 2420.dat
1 484 -40 -248 0 0 0 1 0 1 0 -1 0 0 3020.dat
1 297 -3 -245 0 0 0 -1 0 1 0 1 0 0 93251.dat
1 272 -50 -272 10 0 0 -1 0 1 0 1 0 0 3045.dat
1 272 -50 -272 -10 1 0 0 0 1 0 0 0 1 3045.dat
1 1 -60 -222 20 -1 0 0 0 1 0 0 0 -1 43093.dat
1 1 -60 -222 -20 -1 0 0 0 1 0 0 0 -1 43093.dat
1 0 -60 -222 0 0 1 0 -1 0 0 0 0 1 87408.dat
1 1 -80 -222 0 -1 0 0 0 1 0 0 0 -1 43093.dat
1 297 -50 -296 0 0 0 -1 0 1 0 1 0 0 3048.dat
1 72 -104 -222 0 0 1 0 1 0 0 0 0 -1 57908.dat
1 0 -112 -222 0 0 1 0 1 0 0 0 0 -1 3022.dat
1 28 -120 -222 0 0 1 0 1 0 0 0 0 -1 87580.dat
1 297 -120 -222 0 0 1 0 0 0 1 1 0 0 50746.dat
1 28 -93.9257 -128.1856 -30 -0.2241 0.9659 0.1294 0.8365 0.2588 -0.483 -0.5 0 -0.866 3020.dat
1 16 -121.5893 -117.6668 -40 -0.2241 0.9659 0.1294 0.8365 0.2588 -0.483 -0.5 0 -0.866 62712.dat
1 16 -112.6253 -151.1268 -20 0.2241 0.9659 -0.1294 -0.8365 0.2588 0.483 0.5 0 0.866 62712.dat
1 28 -124.8345 -136.4672 -30 -0.2241 0.9659 0.1294 0.8365 0.2588 -0.483 -0.5 0 -0.866 3020.dat
1 297 -139.3419 -144.143 -16.34 -0.2241 0.9659 0.1294 0.8365 0.2588 -0.483 -0.5 0 -0.866 6091.dat
1 297 -143.8239 -127.413 -26.34 -0.2241 0.9659 0.1294 0.8365 0.2588 -0.483 -0.5 0 -0.866 6091.dat
1 297 -141.2359 -137.073 -43.66 0.2241 0.9659 -0.1294 -0.8365 0.2588 0.483 0.5 0 0.866 6091.dat
1 297 -136.7539 -153.803 -33.66 0.2241 0.9659 -0.1294 -0.8365 0.2588 0.483 0.5 0 0.866 6091.dat
1 272 -123.5977 -171.9976 -10 -0.1294 0.9659 -0.2241 0.483 0.2588 0.8365 0.866 0 -0.5 51739.dat
1 272 -141.5257 -105.0776 -50 0.1294 0.9659 0.2241 -0.483 0.2588 -0.8365 -0.866 0 0.5 51739.dat
1 28 -140.2889 -140.608 -30 -0.2241 0.9659 0.1294 0.8365 0.2588 -0.483 -0.5 0 -0.866 3020.dat
1 484 -129.0839 -182.433 -5 -0.1294 0.9659 -0.2241 0.483 0.2588 0.8365 0.866 0 -0.5 3069.dat
1 484 -151.4939 -98.783 -55 -0.1294 0.9659 -0.2241 0.483 0.2588 0.8365 0.866 0 -0.5 3069.dat
1 72 -123.236 -60.049 -95.0614 0.183 0.9659 -0.183 0.4767 -0.25 -0.8428 -0.8598 0.067 -0.5062 57908.dat
1 0 -130.9632 -58.049 -95.5974 0.183 0.9659 -0.183 0.4767 -0.25 -0.8428 -0.8598 0.067 -0.5062 3022.dat
1 28 -138.6904 -56.049 -96.1334 0.183 0.9659 -0.183 0.4767 -0.25 -0.8428 -0.8598 0.067 -0.5062 87580.dat
1 297 -138.6904 -56.049 -96.1334 0.183 0.9659 0.183 0.8428 -0.25 0.4767 0.5062 0.067 -0.8598 50746.dat
1 28 -44.6772 -43.4799 -130.7893 0.9659 0.2588 0 0 0 -1 -0.2588 0.9659 0 3020.dat
1 16 -31.5704 -43.4799 -159.1469 0.9659 0.2588 0 0 0 -1 -0.2588 0.9659 0 62712.dat
1 16 -70.2064 -43.4799 -148.7949 -0.9659 0.2588 0 0 0 1 0.2588 0.9659 0 62712.dat
1 28 -52.9588 -43.4799 -161.6981 0.9659 0.2588 0 0 0 -1 -0.2588 0.9659 0 3020.dat
1 297 -66.7586 -33.4799 -174.5645 0.9659 0.2588 0 0 0 -1 -0.2588 0.9659 0 6091.dat
1 297 -47.4406 -33.4799 -179.7405 0.9659 0.2588 0 0 0 -1 -0.2588 0.9659 0 6091.dat
1 297 -47.4406 -53.4799 -179.7405 -0.9659 0.2588 0 0 0 1 0.2588 0.9659 0 6091.dat
1 297 -66.7586 -53.4799 -174.5645 -0.9659 0.2588 0 0 0 1 0.2588 0.9659 0 6091.dat
1 272 -93.6652 -43.4799 -159.0733 0 0.2588 0.9659 1 0 0 0 0.9659 -0.2588 51739.dat
1 272 -16.3932 -43.4799 -179.7773 0 0.2588 -0.9659 -1 0 0 0 0.9659 0.2588 51739.dat
1 28 -57.0996 -43.4799 -177.1525 0.9659 0.2588 0 0 0 -1 -0.2588 0.9659 0 3020.dat
1 484 -105.3946 -43.4799 -164.2125 0 0.2588 0.9659 1 0 0 0 0.9659 -0.2588 3069.dat
1 484 -8.8046 -43.4799 -190.0925 0 0.2588 0.9659 1 0 0 0 0.9659 -0.2588 3069.dat
1 72 50.8801 -43.4799 -159.1479 0.9659 -0.2588 0 0 0 -1 0.2588 0.9659 0 57908.dat
1 0 52.9505 -43.4799 -166.8751 0.9659 -0.2588 0 0 0 -1 0.2588 0.9659 0 3022.dat
1 28 55.0209 -43.4799 -174.6023 0.9659 -0.2588 0 0 0 -1 0.2588 0.9659 0 87580.dat
1 297 55.0209 -43.4799 -174.6023 0 -0.2588 0.9659 1 0 0 0 0.9659 0.2588 50746.dat
1 28 104.8046 -43.4799 -80.1744 0.5 -0.866 0 0 0 -1 0.866 0.5 0 3020.dat
1 16 135.5886 -43.4799 -74.8544 0.5 -0.866 0 0 0 -1 0.866 0.5 0 62712.dat
1 16 115.5886 -43.4799 -109.4944 -0.5 -0.866 0 0 0 1 -0.866 0.5 0 62712.dat
1 28 132.5166 -43.4799 -96.1744 0.5 -0.866 0 0 0 -1 0.866 0.5 0 3020.dat
1 297 141.3726 -33.4799 -112.8344 0.5 -0.866 0 0 0 -1 0.866 0.5 0 6091.dat
1 297 151.3726 -33.4799 -95.5144 0.5 -0.866 0 0 0 -1 0.866 0.5 0 6091.dat
1 297 151.3726 -53.4799 -95.5144 -0.5 -0.866 0 0 0 1 -0.866 0.5 0 6091.dat
1 297 141.3726 -53.4799 -112.8344 -0.5 -0.866 0 0 0 1 -0.866 0.5 0 6091.dat
1 272 119.4446 -43.4799 -134.8144 0 -0.866 0.5 1 0 0 0 0.5 0.866 51739.dat
1 272 159.4446 -43.4799 -65.5344 0 -0.866 -0.5 -1 0 0 0 0.5 -0.866 51739.dat
1 28 146.3726 -43.4799 -104.1744 0.5 -0.866 0 0 0 -1 0.866 0.5 0 3020.dat
1 484 121.3726 -43.4799 -147.4744 0 -0.866 0.5 1 0 0 0 0.5 0.866 3069.dat
1 484 171.3726 -43.4799 -60.8744 0 -0.866 0.5 1 0 0 0 0.5 0.866 3069.dat
1 72 159.8046 -43.4799 15.0884 0.5 -0.866 0 0 0 -1 0.866 0.5 0 3021.dat
1 72 190.5886 -43.4799 20.4084 0 -0.866 0.5 1 0 0 0 0.5 0.866 3700.dat
1 72 175.5886 -43.4799 -5.5716 -0.5 -0.866 0 0 0 1 -0.866 0.5 0 57909.dat
1 272 192.5166 -43.4799 7.7484 0 -0.866 -0.5 -1 0 0 0 0.5 -0.866 51739.dat
1 297 184.4446 -33.4799 -22.2316 0.5 -0.866 0 0 0 -1 0.866 0.5 0 6091.dat
1 297 184.4446 -53.4799 -22.2316 -0.5 -0.866 0 0 0 1 -0.866 0.5 0 6091.dat
1 28 189.4446 -43.4799 -13.5716 0.5 -0.866 0 0 0 -1 0.866 0.5 0 87580.dat
1 28 186.9286 -43.4799 34.0684 -0.224121 0.836469 0.5 -0.9659 -0.2588 0 0.1294 -0.48295 0.866 40378.dat
1 297 189.4446 -43.4799 -13.5716 0 -0.866 0.5 1 0 0 0 0.5 0.866 50746.dat
1 28 216.8149 -34.1624 155.375 -0.224121 0.945028 -0.237928 -0.9659 -0.183 0.183 0.1294 0.270849 0.953849 40379.dat
1 28 -64.9479 -316.3321 0 -0.2588 0.9659 0 0.9659 0.2588 0 0 0 -1 3020.dat
1 16 -93.3055 -303.2253 0 -0.2588 0.9659 0 0.9659 0.2588 0 0 0 -1 62712.dat
1 16 -82.9535 -341.8613 0 0.2588 0.9659 0 -0.9659 0.2588 0 0 0 1 62712.dat
1 28 -95.8567 -324.6137 0 -0.2588 0.9659 0 0.9659 0.2588 0 0 0 -1 3020.dat
1 297 -108.7231 -338.4135 10 -0.2588 0.9659 0 0.9659 0.2588 0 0 0 -1 6091.dat
1 297 -113.8991 -319.0955 10 -0.2588 0.9659 0 0.9659 0.2588 0 0 0 -1 6091.dat
1 297 -113.8991 -319.0955 -10 0.2588 0.9659 0 -0.9659 0.2588 0 0 0 1 6091.dat
1 297 -108.7231 -338.4135 -10 0.2588 0.9659 0 -0.9659 0.2588 0 0 0 1 6091.dat
1 272 -93.2319 -365.3201 0 0 0.9659 -0.2588 0 0.2588 0.9659 1 0 0 51739.dat
1 272 -113.9359 -288.0481 0 0 0.9659 0.2588 0 0.2588 -0.9659 -1 0 0 51739.dat
1 28 -111.3111 -328.7545 0 -0.2588 0.9659 0 0.9659 0.2588 0 0 0 -1 3020.dat
1 484 -98.3711 -377.0495 0 0 0.9659 -0.2588 0 0.2588 0.9659 1 0 0 3069.dat
1 484 -124.2511 -280.4595 0 0 0.9659 -0.2588 0 0.2588 0.9659 1 0 0 3069.dat
1 72 -16.1324 -355.4414 0 -0.9848 -0.1736 0 -0.1736 0.9848 0 0 0 -1 3021.dat
1 71 4.9524 -359.8478 0 0 -0.1736 -0.9848 0 0.9848 -0.1736 1 0 0 44567.dat
1 72 -21.814 -380.8126 0 -0.9848 -0.1736 0 -0.1736 0.9848 0 0 0 -1 57909.dat
1 0 6.3412 -367.7262 -30 0.9848 -0.1736 0 0.1736 0.9848 0 0 0 1 2420.dat
1 0 6.3412 -367.7262 30 0 -0.1736 0.9848 0 0.9848 0.1736 -1 0 0 2420.dat
1 4 37.274 -370.3966 0 -0.9848 -0.1736 0 -0.1736 0.9848 0 0 0 -1 3020.dat
1 0 18.9668 -381.747 0 -0.9848 -0.1736 0 -0.1736 0.9848 0 0 0 -1 3795.dat
1 272 -19.0364 -396.5694 0 0 -0.1736 0.9848 0 0.9848 0.1736 -1 0 0 51739.dat
1 297 11.8964 -399.2398 10 -0.9848 -0.1736 0 -0.1736 0.9848 0 0 0 -1 6091.dat
1 297 31.5924 -395.7678 10 -0.9848 -0.1736 0 -0.1736 0.9848 0 0 0 -1 6091.dat
1 297 31.5924 -395.7678 -10 0.9848 -0.1736 0 0.1736 0.9848 0 0 0 1 6091.dat
1 297 11.8964 -399.2398 -10 0.9848 -0.1736 0 0.1736 0.9848 0 0 0 1 6091.dat
1 28 2.0484 -400.9758 0 0.9848 -0.1736 0 0.1736 0.9848 0 0 0 1 3020.dat
1 297 24.6484 -356.3758 30 -0.9848 -0.1736 0 -0.1736 0.9848 0 0 0 -1 6141.dat
1 297 24.6484 -356.3758 -30 -0.9848 -0.1736 0 -0.1736 0.9848 0 0 0 -1 6141.dat
1 19 49.8996 -384.4174 0 0 -0.1736 -0.9848 0 0.9848 -0.1736 1 0 0 3023.dat
1 28 80.8324 -387.0878 0 0 -0.1736 -0.9848 0 0.9848 -0.1736 1 0 0 47753.dat
1 4 86.514 -361.7166 10 0 -0.1736 -0.9848 0 0.9848 -0.1736 1 0 0 4085.dat
1 4 86.514 -361.7166 -10 0 -0.1736 -0.9848 0 0.9848 -0.1736 1 0 0 4085.dat
1 4 75.2772 -355.5742 0 0 -0.1736 -0.9848 0 0.9848 -0.1736 1 0 0 2654.dat
1 15 104.8212 -350.3662 10 0 0.9848 -0.1736 0 0.1736 0.9848 1 0 0 53451.dat
1 15 104.8212 -350.3662 -10 0 0.9848 -0.1736 0 0.1736 0.9848 1 0 0 53451.dat
1 72 51.0865 -324.1002 -20 0 -0.642738 -0.766037 0 0.766037 -0.642738 1 0 0 43722.dat
1 72 51.0865 -324.1002 20 0 -0.642738 -0.766037 0 0.766037 -0.642738 1 0 0 43723.dat
1 0 40.9077 -343.0833 0 0 -0.642738 0.766037 0 0.766037 0.642738 -1 0 0 60471.dat
1 0 63.8888 -323.8011 0 0 -0.642738 0.766037 0 0.766037 0.642738 -1 0 0 3022.dat
1 0 76.691 -323.5021 0 0 -0.642738 0.766037 0 0.766037 0.642738 -1 0 0 3794.dat
1 4 53.7099 -342.7842 0 0 -0.642738 -0.766037 0 0.766037 -0.642738 1 0 0 3068.dat
1 4 81.8329 -329.6304 0 0 -0.642738 -0.766037 0 0.766037 -0.642738 1 0 0 4085.dat
1 28 -119.0397 -330.8259 0 -0.2588 0.9659 0 0.9659 0.2588 0 0 0 -1 87580.dat
1 28 23.1361 -405.3812 0 -0.9848 -0.1736 0 -0.1736 0.9848 0 0 0 -1 87580.dat
1 47 24.5253 -413.2596 0 -0.9848 -0.1736 0 -0.1736 0.9848 0 0 0 -1 6141.dat
1 72 25.9145 -421.1381 0 -0.9848 -0.1736 0 -0.1736 0.9848 0 0 0 -1 4740.dat
1 47 -126.7671 -332.8965 0 -0.2588 0.9659 0 0.9659 0.2588 0 0 0 -1 6141.dat
1 72 -134.4946 -334.9671 0 -0.2588 0.9659 0 0.9659 0.2588 0 0 0 -1 4740.dat
