0 Main
0 Name: 31031 - Rainforest Animals - Chameleon.mpd
0 Author: LTRON
1 2 0 9.861 5.857 0 0 -1 0 1 0 1 0 0 3020.dat
1 2 -10 -14.139 35.857 0 0 -1 0 1 0 1 0 0 3005.dat
1 2 10 -14.139 35.857 0 0 -1 0 1 0 1 0 0 3005.dat
1 0 10 -14.139 15.857 0 0 -1 0 1 0 1 0 0 6541.dat
1 0 -10 -14.139 15.857 0 0 -1 0 1 0 1 0 0 6541.dat
1 0 30 -4.139 15.857 0 0 -1 -0.5 0.866 0 0.866 0.5 0 41532.dat
1 0 -30 -4.139 15.857 0 0 1 0.5 0.866 0 -0.866 0.5 0 41532.dat
1 27 10 -14.139 -4.143 0 0 -1 0 1 0 1 0 0 87087.dat
1 27 -10 -14.139 -4.143 0 0 1 0 1 0 -1 0 0 87087.dat
1 191 -10 -14.139 -34.143 0 0 1 0 1 0 -1 0 0 3004.dat
1 191 10 -14.139 -34.143 0 0 1 0 1 0 -1 0 0 3004.dat
1 2 0 9.861 -74.143 0 0 1 0 1 0 -1 0 0 3020.dat
1 27 10 -14.139 -64.143 0 0 -1 0 1 0 1 0 0 87087.dat
1 27 -10 -14.139 -64.143 0 0 1 0 1 0 -1 0 0 87087.dat
1 72 0 1.861 -104.143 1 0 0 0 1 0 0 0 1 14417.dat
1 2 0 1.861 -84.143 1 0 0 0 1 0 0 0 1 3023.dat
1 71 10 -6.139 -94.143 0 0 -1 0 1 0 1 0 0 14704.dat
1 71 -10 -6.139 -94.143 0 0 1 0 1 0 -1 0 0 14704.dat
1 2 0 -14.139 -114.143 0 0 1 0 1 0 -1 0 0 2429.dat
1 2 0 -14.139 -114.143 0 0 -1 0 1 0 1 0 0 2430.dat
1 2 28 -4.139 -34.143 0 -1 0 0 0 -1 1 0 0 3710.dat
1 27 28 -4.139 -34.143 0 -1 0 1 0 0 0 0 1 93273.dat
1 2 -28 -4.139 -34.143 0 1 0 0 0 -1 -1 0 0 3710.dat
1 27 -28 -4.139 -34.143 0 1 0 1 0 0 0 0 -1 93273.dat
1 288 0 -22.139 -94.143 1 0 0 0 1 0 0 0 1 48183.dat
1 15 -10 -22.139 -64.143 1 0 0 0 1 0 0 0 1 3024.dat
1 15 10 -22.139 -64.143 1 0 0 0 1 0 0 0 1 3024.dat
1 2 0 -22.139 -34.143 1 0 0 0 1 0 0 0 1 3020.dat
1 2 0 -22.139 -4.143 1 0 0 0 1 0 0 0 1 3023.dat
1 288 0 -22.139 25.857 -1 0 0 0 1 0 0 0 -1 48183.dat
1 4 -20 -30.139 -64.143 1 0 0 0 1 0 0 0 1 43722.dat
1 4 20 -30.139 -64.143 1 0 0 0 1 0 0 0 1 43723.dat
1 2 0 -30.139 -104.143 1 0 0 0 1 0 0 0 1 3023.dat
1 4 -20 -30.139 -4.143 -1 0 0 0 1 0 0 0 -1 43723.dat
1 4 20 -30.139 -4.143 -1 0 0 0 1 0 0 0 -1 43722.dat
1 0 0 -30.139 35.857 -1 0 0 0 1 0 0 0 -1 60471.dat
1 27 10 -46.139 -14.143 0 0 -1 0 1 0 1 0 0 47457.dat
1 27 -10 -46.139 -14.143 0 0 1 0 1 0 -1 0 0 47457.dat
1 0 0 -38.139 25.857 -1 0 0 0 1 0 0 0 -1 51739.dat
1 0 0 -38.139 -54.143 -1 0 0 0 1 0 0 0 -1 3022.dat
1 2 0 -54.139 -24.143 -1 0 0 0 1 0 0 0 -1 3023.dat
1 288 0 -54.139 -44.143 1 0 0 0 1 0 0 0 1 48933.dat
1 2 -10 -62.139 15.857 -1 0 0 0 1 0 0 0 -1 50950.dat
1 2 10 -62.139 15.857 -1 0 0 0 1 0 0 0 -1 50950.dat
1 0 0 -54.139 -24.143 1 0 0 0 1 0 0 0 1 85984.dat
1 0 0 -54.139 -44.143 1 0 0 0 1 0 0 0 1 85984.dat
1 15 0 49.861 -54.143 0 0 1 0 1 0 -1 0 0 3020.dat
1 2 0 25.861 -24.143 -1 0 0 0 1 0 0 0 -1 3660.dat
1 15 0 25.861 -44.143 -1 0 0 0 1 0 0 0 -1 3700.dat
1 15 0 25.861 -64.143 -1 0 0 0 1 0 0 0 -1 3700.dat
1 15 -10 25.861 -84.143 1 0 0 0 1 0 0 0 1 3665.dat
1 15 10 25.861 -84.143 1 0 0 0 1 0 0 0 1 3665.dat
1 27 -10 17.861 -64.143 0 0 1 0 1 0 -1 0 0 3623.dat
1 27 10 17.861 -64.143 0 0 1 0 1 0 -1 0 0 3623.dat
1 27 -10 17.861 -4.143 0 0 1 0 1 0 -1 0 0 3623.dat
1 27 10 17.861 -4.143 0 0 1 0 1 0 -1 0 0 3623.dat
1 0 0 17.861 -104.143 1 0 0 0 1 0 0 0 1 60471.dat
1 1 0 -22.139 85.857 0 0 -1 0 1 0 1 0 0 60478.dat
1 72 0 -30.139 85.857 0 0 1 0 1 0 -1 0 0 44301.dat
1 4 0 -38.139 85.857 0 0 1 0 1 0 -1 0 0 15573.dat
1 4 0 -6.871 142.838 0 0 1 -0.5 0.866 0 -0.866 -0.5 0 63868.dat
1 1 0 0.057 138.838 0 0 -1 0.5 0.866 0 0.866 -0.5 0 60478.dat
1 4 0 41.77 180.551 0 0 1 -0.866 0.5 0 -0.5 -0.866 0 63868.dat
1 1 0 45.77 173.622 0 0 -1 0.866 0.5 0 0.5 -0.866 0 60478.dat
1 27 44 18.182 17.197 0 -1 0 -0.5 0 -0.866 0.866 0 -0.5 3623.dat
1 0 52 13.182 25.857 0 -1 0 0.5 0 0.866 -0.866 0 0.5 60471.dat
1 2 52 45.502 9.877 0 -1 0 -0.5 0 -0.866 0.866 0 -0.5 2420.dat
1 27 60 18.182 17.197 0 -1 0 -0.5 0 -0.866 0.866 0 -0.5 3623.dat
1 14 60 40.502 18.537 0 -1 0 -0.5 0 -0.866 0.866 0 -0.5 44567.dat
1 27 68 26.842 22.197 0 -1 0 -0.866 0 0.5 -0.5 0 -0.866 43722.dat
1 2 50 17.861 -90.143 0 0 1 1 0 0 0 1 0 3710.dat
1 72 50 -2.139 -98.143 0 0 1 1 0 0 0 1 0 14417.dat
1 72 50 37.861 -98.143 0 0 1 1 0 0 0 1 0 44301.dat
1 27 50 27.861 -106.143 0 0 1 1 0 0 0 1 0 3623.dat
1 27 50 -2.139 -98.143 -1 0 0 0 0 1 0 1 0 11477.dat
1 2 40 73.861 -116.143 0 0 1 0 1 0 -1 0 0 2420.dat
1 0 50 65.861 -116.143 -1 0 0 0 1 0 0 0 -1 60471.dat
1 72 40 65.861 -136.143 -1 0 0 0 1 0 0 0 -1 3024.dat
1 2 40 57.861 -116.143 0 0 1 0 1 0 -1 0 0 2420.dat
1 2 78 68.019 22.876 1 0 0 0 0.866 -0.5 0 0.5 0.866 2420.dat
1 0 78 56.091 27.536 0 0 1 0.5 0.866 0 -0.866 0.5 0 60471.dat
1 72 98 61.091 18.876 0 0 1 0.5 0.866 0 -0.866 0.5 0 3024.dat
1 2 78 54.163 14.876 1 0 0 0 0.866 -0.5 0 0.5 0.866 2420.dat
1 27 -44 18.182 17.197 0 1 0 -0.5 0 0.866 0.866 0 0.5 3623.dat
1 0 -52 13.182 25.857 0 1 0 -0.5 0 0.866 0.866 0 0.5 60471.dat
1 2 -52 45.502 9.877 0 1 0 -0.866 0 -0.5 -0.5 0 0.866 2420.dat
1 27 -60 18.182 17.197 0 1 0 -0.5 0 0.866 0.866 0 0.5 3623.dat
1 14 -60 40.502 18.537 0 1 0 0.5 0 -0.866 -0.866 0 -0.5 44567.dat
1 27 -68 26.842 22.197 0 1 0 0.866 0 0.5 0.5 0 -0.866 43723.dat
1 2 -50 17.861 -90.143 0 0 -1 -1 0 0 0 1 0 3710.dat
1 72 -50 -2.139 -98.143 0 0 -1 -1 0 0 0 1 0 14417.dat
1 72 -50 37.861 -98.143 0 0 1 1 0 0 0 1 0 44301.dat
1 27 -50 27.861 -106.143 0 0 1 1 0 0 0 1 0 3623.dat
1 27 -50 -2.139 -98.143 -1 0 0 0 0 1 0 1 0 11477.dat
1 2 -78 68.019 22.876 0 0 -1 -0.5 0.866 0 0.866 0.5 0 2420.dat
1 0 -78 56.091 27.536 0 0 -1 -0.5 0.866 0 0.866 0.5 0 60471.dat
1 72 -98 61.091 18.876 0 0 -1 -0.5 0.866 0 0.866 0.5 0 3024.dat
1 2 -78 54.163 14.876 0 0 -1 -0.5 0.866 0 0.866 0.5 0 2420.dat
1 2 -40 73.861 -116.143 -1 0 0 0 1 0 0 0 -1 2420.dat
1 0 -50 65.861 -116.143 -1 0 0 0 1 0 0 0 -1 60471.dat
1 72 -40 65.861 -136.143 -1 0 0 0 1 0 0 0 -1 3024.dat
1 2 -40 57.861 -116.143 -1 0 0 0 1 0 0 0 -1 2420.dat
1 272 0 17.861 -174.143 1 0 0 0 1 0 0 0 1 4871.dat
1 0 0 25.861 -174.143 1 0 0 0 1 0 0 0 1 3022.dat
1 2 -10 17.861 -174.143 0 0 1 0 1 0 -1 0 0 3023.dat
1 2 10 17.861 -174.143 0 0 1 0 1 0 -1 0 0 3023.dat
1 2 0 9.861 -174.143 0 0 1 0 1 0 -1 0 0 3020.dat
1 71 0 1.861 -144.143 -1 0 0 0 1 0 0 0 -1 14704.dat
1 4 0 1.861 -194.143 1 0 0 0 1 0 0 0 1 3176.dat
1 27 10 -14.139 -164.143 0 0 -1 0 1 0 1 0 0 87087.dat
1 27 -10 -14.139 -164.143 0 0 1 0 1 0 -1 0 0 87087.dat
1 2 10 -22.139 -144.143 0 0 1 0 1 0 -1 0 0 3005.dat
1 2 -10 -22.139 -144.143 0 0 1 0 1 0 -1 0 0 3005.dat
1 27 -10 -30.139 -164.143 1 0 0 0 1 0 0 0 1 6091.dat
1 27 10 -30.139 -164.143 1 0 0 0 1 0 0 0 1 6091.dat
1 2 0 -30.139 -134.143 0 0 -1 0 1 0 1 0 0 2429.dat
1 2 0 -30.139 -134.143 0 0 1 0 1 0 -1 0 0 2430.dat
1 4 -44 9.521 -167.803 0 1 0 -0.5 0 0.866 0.866 0 0.5 3045.dat
1 4 44 9.521 -167.803 0 -1 0 -0.866 0 0.5 -0.5 0 -0.866 3045.dat
1 15 -52 9.521 -167.803 0 1 0 -0.866 0 -0.5 -0.5 0 0.866 98138.dat
1 15 52 9.521 -167.803 0 -1 0 0.866 0 -0.5 0.5 0 0.866 98138.dat
1 2 0 -38.139 -144.143 1 0 0 0 1 0 0 0 1 3023.dat
1 2 -10 -46.139 -164.143 1 0 0 0 1 0 0 0 1 6005.dat
1 2 10 -46.139 -164.143 1 0 0 0 1 0 0 0 1 6005.dat
1 2 -10 -62.139 -144.143 1 0 0 0 1 0 0 0 1 50950.dat
1 2 10 -62.139 -144.143 1 0 0 0 1 0 0 0 1 50950.dat
