0 Main
0 Name: 4904-1 - Elephant (Life cereal promotion).ldr
0 Author: LTRON
1 71 0 0 0 0 0 -1 0 1 0 1 0 0 3020.dat
1 71 0 -8 20 0 0 -1 0 1 0 1 0 0 3020.dat
1 71 0 0 50 -1 0 0 0 1 0 0 0 -1 3023.dat
1 71 0 -8 -50 0 0 1 0 1 0 -1 0 0 3021.dat
1 71 0 0 -70 -1 0 0 0 1 0 0 0 -1 3023.dat
1 71 0 -16 -30 0 0 1 0 1 0 -1 0 0 3021.dat
1 71 0 -16 30 0 0 1 0 1 0 -1 0 0 3021.dat
1 15 0 -16 -70 1 0 0 0 1 0 0 0 1 3839.dat
1 71 0 -40 -70 1 0 0 0 1 0 0 0 1 3004.dat
1 71 10 -40 -50 0 0 -1 0 1 0 1 0 0 4070.dat
1 71 -10 -40 -50 0 0 1 0 1 0 -1 0 0 4070.dat
1 71 0 -40 -10 0 0 1 0 1 0 -1 0 0 3002.dat
1 71 0 -40 30 -1 0 0 0 1 0 0 0 -1 3039.dat
1 0 24 -30 -50 0 -1 0 -1 0 0 0 0 -1 6141.dat
1 0 -24 -30 -50 0 1 0 1 0 0 0 0 -1 6141.dat
1 71 0 -64 -50 1 0 0 0 1 0 0 0 1 3039.dat
1 0 10 -48 -30 0 0 -1 0 1 0 1 0 0 4085.dat
1 0 -10 -48 -30 0 0 1 0 1 0 -1 0 0 4085.dat
1 71 0 -48 0 0 0 1 0 1 0 -1 0 0 3022.dat
1 71 0 -56 -20 0 0 1 0 1 0 -1 0 0 3022.dat
1 71 0 -64 -30 -1 0 0 0 1 0 0 0 -1 3023.dat
1 72 49.243 -44 -24.194 0 -0.383 0.924 1 0 0 0 0.924 0.383 2540.dat
1 72 -49.836 -44 -26.755 0 0.259 -0.966 -1 0 0 0 0.966 0.259 2540.dat
1 71 0 8 50 1 0 0 0 1 0 0 0 1 3660.dat
1 71 0 8 -10 1 0 0 0 1 0 0 0 1 3660.dat
1 71 0 32 -10 1 0 0 0 1 0 0 0 1 3004.dat
1 71 0 32 50 1 0 0 0 1 0 0 0 1 3004.dat
1 72 0 56 40 1 0 0 0 1 0 0 0 1 3022.dat
1 72 0 56 -20 1 0 0 0 1 0 0 0 1 3022.dat
1 71 0 8 -70 1 0 0 0 1 0 0 0 1 3004.dat
1 71 0 32 -70 1 0 0 0 1 0 0 0 1 3938.dat
1 72 0 32.761 -73.827 -1 0 0 0 0.924 0.383 0 0.383 -0.924 3937.dat
