0 Main
0 Name: 7269-1 - Scorpion.ldr
0 Author: LTRON
1 0 0 0 0 1 0 0 0 1 0 0 0 1 3031.dat
1 71 0 -8 0 1 0 0 0 1 0 0 0 1 3022.dat
1 0 37.071 -8 37.071 0.707 0 -0.707 0 1 0 0.707 0 0.707 44302.dat
1 0 -37.071 -8 37.071 -0.707 0 -0.707 0 1 0 0.707 0 -0.707 44302.dat
1 0 -37.071 -8 -37.071 -0.707 0 0.707 0 1 0 -0.707 0 -0.707 44302.dat
1 0 37.071 -8 -37.071 0.707 0 0.707 0 1 0 -0.707 0 0.707 44302.dat
1 0 0 -16 -20 1 0 0 0 1 0 0 0 1 3020.dat
1 0 0 -16 20 1 0 0 0 1 0 0 0 1 3020.dat
1 71 0 -24 0 1 0 0 0 1 0 0 0 1 3022.dat
1 0 -10 -24 -40 0 0 1 0 1 0 -1 0 0 44301.dat
1 0 10 -24 -40 0 0 1 0 1 0 -1 0 0 44301.dat
1 72 0 -24 30 -1 0 0 0 1 0 0 0 -1 44567.dat
1 0 40 -24 10 1 0 0 0 1 0 0 0 1 44302.dat
1 0 -40 -24 10 -1 0 0 0 1 0 0 0 -1 44302.dat
1 25 30 -24 -20 0 0 -1 0 1 0 1 0 0 3023.dat
1 25 -30 -24 -20 0 0 -1 0 1 0 1 0 0 3023.dat
1 25 0 -32 -30 1 0 0 0 1 0 0 0 1 3710.dat
1 36 -10 -32 -50 1 0 0 0 1 0 0 0 1 3024.dat
1 36 10 -32 -50 1 0 0 0 1 0 0 0 1 3024.dat
1 25 20 -32 10 -1 0 0 0 1 0 0 0 -1 43722.dat
1 25 -20 -32 10 -1 0 0 0 1 0 0 0 -1 43723.dat
1 25 -10 -40 -40 0 0 -1 0 1 0 1 0 0 3023.dat
1 25 10 -40 -40 0 0 -1 0 1 0 1 0 0 3023.dat
1 25 0 -48 -30 1 0 0 0 1 0 0 0 1 3023.dat
1 25 0 -32 0 -1 0 0 0 1 0 0 0 -1 30602.dat
1 0 77.363 7.268 -77.363 -0.612 -0.354 -0.707 -0.5 0.866 0 0.612 0.354 -0.707 44301.dat
1 0 77.363 7.268 77.363 -0.612 -0.354 0.707 -0.5 0.866 0 -0.612 -0.354 -0.707 44301.dat
1 0 86.732 2.981 10 -0.5 -0.866 0 -0.866 0.5 0 0 0 -1 44301.dat
1 0 -77.363 7.268 -77.363 0.612 0.354 -0.707 -0.5 0.866 0 0.612 0.354 0.707 44301.dat
1 0 -77.363 7.268 77.363 0.612 0.354 0.707 -0.5 0.866 0 -0.612 -0.354 0.707 44301.dat
1 0 -86.732 2.981 10 0.5 0.866 0 -0.866 0.5 0 0 0 1 44301.dat
1 72 0 -31.696 78.46 0 0 1 0.259 0.966 0 -0.966 0.259 0 44302.dat
1 72 0 -39.424 76.39 0 0 -1 -0.259 0.966 0 0.966 0.259 0 44301.dat
1 72 0 -67.884 125.684 0 0 1 0.707 0.707 0 -0.707 0.707 0 44302.dat
1 72 0 -73.541 120.027 0 0 -1 -0.707 0.707 0 0.707 0.707 0 44301.dat
1 72 0 -122.835 148.487 0 0 1 0.966 0.259 0 -0.259 0.966 0 44302.dat
1 25 0 -119.388 122.717 -1 0 0 0 0.259 0.966 0 0.966 -0.259 3040.dat
