0 Main
0 Name: 40413 - Mini Robots.mpd
0 Author: LTRON
1 0 0 -140 0 0 0.966 0.259 -1 0 0 0 -0.259 0.966 41678.dat
1 1 -5.18 -150 -19.32 -0.966 0 0.259 0 -1 0 0.259 0 0.966 6558.dat
1 1 -5.18 -130 -19.32 -0.966 0 0.259 0 -1 0 0.259 0 0.966 6558.dat
1 15 -24.5 -190 -14.14 0.259 0.966 0 0 0 1 0.966 -0.259 0 11946.dat
1 15 14.14 -190 -24.5 -0.259 -0.966 0 0 0 1 -0.966 0.259 0 11947.dat
1 72 0 -162 0 0 -0.966 -0.259 -1 0 0 0 0.259 -0.966 87083.dat
1 3 0 -170 0 -0.259 0 0.966 0 1 0 -0.966 0 -0.259 32316.dat
1 15 0 -190 0 -0.966 0 -0.259 0 1 0 0.259 0 -0.966 60483.dat
1 1 -5.18 -190 -19.32 0 0.259 -0.966 -1 0 0 0 0.966 0.259 6558.dat
1 15 -5.18 -170 -19.32 0.259 0 -0.966 0 1 0 0.966 0 0.259 18654.dat
1 1 -19.32 -150 5.18 0 -0.259 -0.966 1 0 0 0 -0.966 0.259 6558.dat
1 0 -19.32 -150 5.18 -0.259 0 -0.966 0 -1 0 -0.966 0 0.259 18654.dat
1 0 19.32 -150 -5.18 -0.259 0 -0.966 0 -1 0 -0.966 0 0.259 18654.dat
1 1 19.32 -150 -5.18 0 -0.259 -0.966 1 0 0 0 -0.966 0.259 6558.dat
1 0 -19.32 -120 5.18 0 -0.259 -0.966 1 0 0 0 -0.966 0.259 62462.dat
1 0 19.32 -120 -5.18 0 -0.259 -0.966 1 0 0 0 -0.966 0.259 62462.dat
1 0 -19.32 -90 5.18 0 -0.966 -0.259 -1 0 0 0 0.259 -0.966 15100.dat
1 0 19.32 -90 -5.18 0 -0.966 -0.259 -1 0 0 0 0.259 -0.966 15100.dat
1 0 14.14 -10 -24.5 0 0.966 -0.259 1 0 0 0 -0.259 -0.966 32316.dat
1 0 18.62 -10 -46.41 -0.966 0 -0.259 0 1 0 0.259 0 -0.966 2780.dat
1 0 23.8 -10 -27.09 -0.966 0 -0.259 0 1 0 0.259 0 -0.966 2780.dat
1 3 33.46 -10 -29.68 0 -0.259 0.966 -1 0 0 0 -0.966 -0.259 42003.dat
1 0 38.64 -20 -10.36 0 -0.259 0.966 -1 0 0 0 -0.966 -0.259 32062.dat
1 0 28.98 -90 -7.77 0.966 0 0.259 0 1 0 -0.259 0 0.966 2780.dat
1 15 38.64 -30 -10.36 0.259 -0.966 0 0 0 -1 0.966 0.259 0 11946.dat
1 0 -24.5 -10 -14.14 0 -0.966 -0.259 -1 0 0 0 0.259 -0.966 32316.dat
1 0 -39.34 -10 -30.87 -0.966 0 -0.259 0 1 0 0.259 0 -0.966 2780.dat
1 0 -34.16 -10 -11.55 -0.966 0 -0.259 0 1 0 0.259 0 -0.966 2780.dat
1 3 -43.82 -10 -8.96 0 -0.259 -0.966 1 0 0 0 -0.966 0.259 42003.dat
1 0 -38.64 -20 10.36 0 -0.259 -0.966 1 0 0 0 -0.966 0.259 32062.dat
1 0 -28.98 -90 7.77 0.966 0 0.259 0 1 0 -0.259 0 0.966 2780.dat
1 15 -38.64 -30 10.36 -0.259 0.966 0 0 0 -1 -0.966 -0.259 0 11947.dat
1 0 38.64 -180 -10.36 0 0.173964 0.984753 -1 0 0 0 -0.984753 0.173964 2780.dat
1 0 38.64 -190 -10.36 0.984753 0 0.173964 0 -1 0 0.173964 0 -0.984753 15100.dat
1 15 58.3351 -190 -6.8807 0.984753 -0.173964 0 0 0 -1 0.173964 0.984753 0 32013.dat
1 0 58.3351 -160 -6.8807 0 0.984753 0.173964 1 0 0 0 0.173964 -0.984753 32062.dat
1 0 58.3351 -130 -6.8807 0.173964 -0.984753 0 0 0 1 -0.984753 -0.173964 0 32013.dat
1 1 60.0747 -130 -16.7283 0.173964 0.984753 0 0 0 -1 -0.984753 0.173964 0 43093.dat
1 15 63.554 -130 -36.4233 0.984753 0 -0.173964 0 1 0 0.173964 0 0.984753 30553.dat
1 15 64.2498 -170 -40.3623 -0.984753 -0.173964 0 0 0 1 -0.173964 0.984753 0 36840.dat
1 40 64.5978 -192 -42.3318 -0.173964 0 -0.984753 0 1 0 0.984753 0 -0.173964 98138.dat
1 15 69.8167 -160 -71.8744 0 -0.173964 -0.984753 -1 0 0 0 0.984753 -0.173964 52107.dat
1 0 71.2084 -160 -79.7524 0 -0.173964 -0.984753 -1 0 0 0 0.984753 -0.173964 35480.dat
1 15 101.5586 -170 -56.1121 -0.173964 -0.984753 0 0 0 -1 0.984753 -0.173964 0 60477.dat
1 15 34.5954 -170 -67.9417 0.173964 0.984753 0 0 0 -1 -0.984753 0.173964 0 60477.dat
1 0 -38.64 -180 10.36 0 -0.966 -0.259 -1 0 0 0 0.259 -0.966 2780.dat
1 0 -38.64 -190 10.36 -0.866075 0 -0.500388 0 1 0 0.500388 0 -0.866075 15100.dat
1 0 -43.8367 -130 13.3614 -0.500388 0.866075 0 0 0 -1 -0.866075 -0.500388 0 2420.dat
1 71 -64.6225 -150 25.3707 0.500388 0.866075 0 0 0 1 0.866075 -0.500388 0 6541.dat
1 36 -79.6341 -130 -0.6116 0 0.866075 0.500388 -1 0 0 0 -0.500388 0.866075 15400.dat
1 0 -71.5511 -130 29.3738 -0.500388 0.866075 0 0 0 -1 -0.866075 -0.500388 0 14719.dat
1 3 -96.5705 -130 -13.93 -0.500388 0.866075 0 0 0 -1 -0.866075 -0.500388 0 3069.dat
1 1 -55.9618 -160 20.3668 0 0.866075 0.500388 -1 0 0 0 -0.500388 0.866075 43093.dat
1 15 -55.9618 -190 20.3668 -0.866075 -0.500388 0 0 0 -1 0.500388 -0.866075 0 32013.dat
1 0 -5.18 -220 -19.32 0 0.707056 0.707294 -1 0 0 0 -0.707294 0.707056 15461.dat
1 3 4.7221 -240 -9.4212 0.707056 0.707294 0 0 0 -1 -0.707294 0.707056 0 3021.dat
1 3 -12.2529 -240 -26.3906 0 0.707294 0.707056 1 0 0 0 0.707056 -0.707294 3004.dat
1 71 -26.3941 -230 -12.2447 -0.707056 0.707294 0 0 0 1 0.707294 0.707056 0 6541.dat
1 71 1.8882 -230 -40.5364 -0.707056 0.707294 0 0 0 1 0.707294 0.707056 0 6541.dat
1 71 1.8882 -250 -40.5364 0 0.707294 -0.707056 -1 0 0 0 0.707056 0.707294 4070.dat
1 71 -26.3941 -250 -12.2447 0 0.707294 0.707056 1 0 0 0 0.707056 -0.707294 4070.dat
1 15 -24.9819 -240 -24.9741 0 0.707294 0.707056 1 0 0 0 0.707056 -0.707294 3068.dat
1 15 -3.7702 -240 -46.1929 0 0.707294 0.707056 1 0 0 0 0.707056 -0.707294 15573.dat
1 0 18.8599 -250 -43.368 0.707294 -0.707056 0 0 0 -1 0.707056 0.707294 0 4592.dat
1 0 18.8599 -250 -43.368 0.707294 0 -0.707056 0 1 0 0.707056 0 0.707294 4593.dat
1 0 -29.2199 -250 4.728 -0.707294 0.707056 0 0 0 -1 -0.707056 -0.707294 0 4592.dat
1 0 -29.2199 -250 4.728 -0.707294 0 0.707056 0 1 0 -0.707056 0 -0.707294 4593.dat
1 36 -9.4285 -240 -51.8493 0.707056 0.707294 0 0 0 -1 -0.707294 0.707056 0 98138.dat
