0 
0 Name: New Model.ldr
0 Author: 
1 0 -80 24 -270 0 0 1 0 1 0 -1 0 0 3020.dat
1 0 -80 16 -260 0 0 1 0 1 0 -1 0 0 3021.dat
1 0 -80 -8 -230 0 0 1 0 1 0 -1 0 0 3003.dat
1 0 -90 -8 -260 0 0 1 0 1 0 -1 0 0 87087.dat
1 0 -70 -8 -260 0 0 -1 0 1 0 1 0 0 87087.dat
1 0 -52 2 -260 0 -1 0 1 0 0 0 0 1 4697b.dat
1 0 -108 2 -260 0 1 0 -1 0 0 0 0 1 4697b.dat
1 0 -80 -16 -220 1 0 0 0 1 0 0 0 1 3069.dat
1 0 -80 -16 -250 1 0 0 0 1 0 0 0 1 3068.dat
1 0 -23.125 10.381 -270 -0.94 -0.342 0 -0.342 0.94 0 0 0 -1 63868.dat
1 0 -44.655 11.058 -280 0.94 -0.342 0 0.342 0.94 0 0 0 1 2430.dat
1 0 -44.655 11.058 -280 -0.814 -0.342 -0.47 -0.296 0.94 -0.171 0.5 0 -0.866 2429.dat
1 0 -30.342 7.755 -298.66 -0.814 -0.342 -0.47 -0.296 0.94 -0.171 0.5 0 -0.866 3023.dat
1 0 -23.125 10.381 -250 -0.94 -0.342 0 -0.342 0.94 0 0 0 -1 63868.dat
1 0 -44.655 11.058 -240 0.814 -0.342 -0.47 0.296 0.94 -0.171 0.5 0 0.866 2430.dat
1 0 -44.655 11.058 -240 -0.94 -0.342 0 -0.342 0.94 0 0 0 -1 2429.dat
1 0 -30.342 7.755 -221.34 -0.814 -0.342 0.47 -0.296 0.94 0.171 -0.5 0 -0.866 3023.dat
1 0 -136.875 10.381 -250 0.94 0.342 0 -0.342 0.94 0 0 0 1 63868.dat
1 0 -115.345 11.058 -240 -0.94 0.342 0 0.342 0.94 0 0 0 -1 2430.dat
1 0 -115.345 11.058 -240 0.814 0.342 0.47 -0.296 0.94 -0.171 -0.5 0 0.866 2429.dat
1 0 -129.658 7.755 -221.34 0.814 0.342 0.47 -0.296 0.94 -0.171 -0.5 0 0.866 3023.dat
1 0 -136.875 10.381 -270 0.94 0.342 0 -0.342 0.94 0 0 0 1 63868.dat
1 0 -115.345 11.058 -280 -0.814 0.342 0.47 0.296 0.94 -0.171 -0.5 0 -0.866 2430.dat
1 0 -115.345 11.058 -280 0.94 0.342 0 -0.342 0.94 0 0 0 1 2429.dat
1 0 -129.658 7.755 -298.66 0.814 0.342 -0.47 -0.296 0.94 0.171 0.5 0 0.866 3023.dat
