0 Main
0 Name: 41504-1 - Siesmo.mpd
0 Author: LTRON
1 72 0 0 0 -1 0 0 0 0 1 0 1 0 60474.dat
1 71 0 10 -8 0 0 -1 -1 0 0 0 1 0 3021.dat
1 0 -30 -10 -8 0 0 1 1 0 0 0 1 0 6019.dat
1 0 30 -10 -8 0 0 -1 -1 0 0 0 1 0 6019.dat
1 0 -10 -30 -8 -1 0 0 0 0 1 0 1 0 6019.dat
1 0 10 -30 -8 -1 0 0 0 0 1 0 1 0 6019.dat
1 72 0 0 -32 -1 0 0 0 0 1 0 1 0 87081.dat
1 15 0 0 -40 -1 0 0 0 0 1 0 1 0 14769.dat
1 0 14 -50 -6 0 -1 0 0 0 -1 1 0 0 87747.dat
1 0 -14 -50 -6 0 1 0 0 0 -1 -1 0 0 87747.dat
1 0 0 30 -48 -1 0 0 0 0 1 0 1 0 47458.dat
1 0 0 -30 -56 -1 0 0 0 0 1 0 1 0 3049.dat
1 297 30 0 -56 0 0 -1 -1 0 0 0 1 0 3048.dat
1 297 -30 0 -56 0 0 1 1 0 0 0 1 0 3048.dat
1 72 37.77 78.98 -16 -0.966 0 0.259 0.259 0 0.966 0 1 0 92946.dat
1 72 -37.77 78.98 -16 0.966 0 0.259 0.259 0 -0.966 0 1 0 92946.dat
1 297 -35.18 69.32 -16 0.259 0 -0.966 -0.966 0 -0.259 0 1 0 54200.dat
1 72 45.54 127.96 -8 -1 0 0 0 0 1 0 1 0 14417.dat
1 71 45.54 147.96 0 0 0 -1 -1 0 0 0 1 0 3021.dat
1 72 45.54 157.96 8 1 0 0 0 0 -1 0 1 0 3020.dat
1 0 15.54 157.96 0 0 0 1 1 0 0 0 1 0 3023.dat
1 0 75.54 157.96 0 0 0 1 1 0 0 0 1 0 3023.dat
1 71 35.54 167.96 -48 0 0 1 1 0 0 0 1 0 60481.dat
1 0 55.54 167.96 -48 0 0 -1 -1 0 0 0 1 0 60481.dat
1 72 45.54 147.96 -24 -1 0 0 0 0 1 0 1 0 47759.dat
1 72 45.54 167.96 -56 0 0 -1 -1 0 0 0 1 0 92946.dat
1 297 35.54 167.96 -56 -1 0 0 0 0 1 0 1 0 54200.dat
1 297 35.54 147.96 -24 -1 0 0 0 0 1 0 1 0 54200.dat
1 71 55.54 147.96 -24 0 0 -1 -1 0 0 0 1 0 54200.dat
1 72 -45.54 127.96 -8 -1 0 0 0 0 1 0 1 0 14417.dat
1 71 -45.54 147.96 0 0 0 -1 -1 0 0 0 1 0 3021.dat
1 72 -45.54 157.96 8 1 0 0 0 0 -1 0 1 0 3020.dat
1 0 -75.54 157.96 0 0 0 1 1 0 0 0 1 0 3023.dat
1 0 -15.54 157.96 0 0 0 1 1 0 0 0 1 0 3023.dat
1 0 -55.54 167.96 -48 0 0 1 1 0 0 0 1 0 60481.dat
1 71 -35.54 167.96 -48 0 0 -1 -1 0 0 0 1 0 60481.dat
1 72 -45.54 147.96 -24 -1 0 0 0 0 1 0 1 0 47759.dat
1 72 -45.54 167.96 -56 0 0 1 1 0 0 0 1 0 92946.dat
1 71 -35.54 167.96 -56 -1 0 0 0 0 1 0 1 0 54200.dat
1 71 -55.54 147.96 -24 -1 0 0 0 0 1 0 1 0 54200.dat
1 72 69.799 -10 -28.627 -0.707 0.707 0 0 0 1 0.707 0.707 0 60478.dat
1 0 71.213 -10 -41.353 0 0.707 -0.707 -1 0 0 0 0.707 0.707 6019.dat
1 71 69.799 -10 -28.627 0 0.707 0.707 1 0 0 0 0.707 -0.707 11477.dat
1 72 -69.799 -10 -28.627 0.707 -0.707 0 0 0 -1 0.707 0.707 0 60478.dat
1 0 -71.213 -10 -41.353 0 -0.707 0.707 1 0 0 0 0.707 0.707 6019.dat
1 71 -69.799 -10 -28.627 0 -0.707 -0.707 -1 0 0 0 0.707 -0.707 11477.dat
