0 Main
0 Name: 7268-1 - Crab.mpd
0 Author: LTRON
1 0 0 0 0 -1 0 0 0 1 0 0 0 -1 3031.dat
1 72 0 -8 30 -1 0 0 0 1 0 0 0 -1 44567.dat
1 4 -37.071 -8 -37.071 -0.707 0 0.707 0 1 0 -0.707 0 -0.707 44302.dat
1 4 37.071 -8 -37.071 0.707 0 0.707 0 1 0 -0.707 0 0.707 44302.dat
1 4 -38.66 -8 15 -0.866 0 -0.5 0 1 0 0.5 0 -0.866 44302.dat
1 4 39.239 -8 13.827 0.924 0 -0.383 0 1 0 0.383 0 0.924 44302.dat
1 0 20 -16 0 0 0 1 0 1 0 -1 0 0 3020.dat
1 0 -20 -16 0 0 0 1 0 1 0 -1 0 0 3020.dat
1 25 0 -24 30 1 0 0 0 1 0 0 0 1 3023.dat
1 71 0 -24 0 1 0 0 0 1 0 0 0 1 3022.dat
1 71 0 -24 -30 1 0 0 0 1 0 0 0 1 2540.dat
1 25 30 -24 20 0 0 -1 0 1 0 1 0 0 3023.dat
1 25 -30 -24 20 0 0 -1 0 1 0 1 0 0 3023.dat
1 4 40 -24 -10 1 0 0 0 1 0 0 0 1 44302.dat
1 4 -40 -24 -10 -1 0 0 0 1 0 0 0 -1 44302.dat
1 71 -30 -24 -30 -0.707 0 -0.707 0 1 0 0.707 0 -0.707 4592.dat
1 0 -30 -24 -30 -0.707 0.416 -0.572 0 0.809 0.588 0.707 0.416 -0.572 4593.dat
1 71 30 -24 -30 -0.707 0 0.707 0 1 0 -0.707 0 -0.707 4592.dat
1 0 30 -24 -30 -0.707 -0.416 0.572 0 0.809 0.588 -0.707 0.416 -0.572 4593.dat
1 4 20 -32 0 1 0 0 0 1 0 0 0 1 41770.dat
1 4 -20 -32 0 1 0 0 0 1 0 0 0 1 41769.dat
1 0 0 -40 0 1 0 0 0 1 0 0 0 1 3022.dat
1 0 -86.732 2.981 -10 0.5 0.866 0 -0.866 0.5 0 0 0 1 44301.dat
1 0 -77.517 6.805 -77.517 0.618 0.343 -0.707 -0.485 0.874 0 0.618 0.343 0.707 44301.dat
1 0 -88.006 7.268 43.491 0.75 0.433 0.5 -0.5 0.866 0 -0.433 -0.25 0.866 44301.dat
1 0 86.732 2.981 -10 -0.5 -0.866 0 -0.866 0.5 0 0 0 -1 44301.dat
1 0 91.883 7.268 35.648 -0.8 -0.462 0.383 -0.5 0.866 0 -0.332 -0.191 -0.924 44301.dat
1 0 77.359 7.268 -77.359 -0.612 -0.354 -0.707 -0.5 0.866 0 0.612 0.354 -0.707 44301.dat
1 72 0 -22.732 74.981 0 0 1 0.5 0.866 0 -0.866 0.5 0 44302.dat
1 4 0 -29.66 70.981 0 0 1 0.5 0.866 0 -0.866 0.5 0 3023.dat
1 0 0 -36.588 66.981 1 0 0 0 0.866 -0.5 0 0.5 0.866 3021.dat
1 4 0 -48.516 71.641 0 0 -1 -0.5 0.866 0 0.866 0.5 0 3623.dat
1 25 20 -43.516 62.981 0 0 -1 -0.5 0.866 0 0.866 0.5 0 3023.dat
1 25 -20 -43.516 62.981 0 0 -1 -0.5 0.866 0 0.866 0.5 0 3023.dat
