0 
0 Name: New Model.ldr
0 Author: 
1 0 -65 -264 101.34 -0.866 0 0.5 0 1 0 -0.5 0 -0.866 4595.dat
1 0 -43 -254 63.236 -0.866 -0.5 0 0 0 1 -0.5 0.866 0 59900.dat
1 0 -70 -264 110 -0.866 0 0.5 0 1 0 -0.5 0 -0.866 54200.dat
1 0 -60 -264 92.68 -0.866 0 0.5 0 1 0 -0.5 0 -0.866 54200.dat
1 0 -44.412 -254 101.68 0 -0.866 0.5 -1 0 0 0 -0.5 -0.866 12825.dat
1 0 -75.588 -254 83.68 0 0.866 -0.5 -1 0 0 0 0.5 0.866 12825.dat
1 0 -39 -254 56.308 0 -0.5 -0.866 -1 0 0 0 0.866 -0.5 12825.dat
1 0 -38.966 -254 104.247 0.749956 0.433 -0.5 -0.5 0.866 0 0.433 0.25 0.866 6133.dat
1 0 -80.534 -254 80.247 -0.749956 0.433 -0.5 -0.5 -0.866 0 -0.433 0.25 0.866 6133.dat
1 0 -21 -256 25.132 -0.5 0 -0.866 0 1 0 0.866 0 -0.5 60478.dat
1 0 -26 -264 33.792 0.866 0 -0.5 0 1 0 0.5 0 0.866 3024.dat
1 0 -26 -264 33.792 -0.866 0 0.5 0 1 0 -0.5 0 -0.866 54200.dat
1 0 -82 -254 130.784 -0.866 0.5 0 0 0 -1 -0.5 -0.866 0 63965.dat
1 0 -87.75 -254 140.743 -0.866 -0.5 0 0 0 1 -0.5 0.866 0 59900.dat
1 0 -121 -254 198.332 -0.866 -0.5 0 0 0 1 -0.5 0.866 0 59900.dat
1 0 -60 -239 92.68 0.5 0 -0.866 0 -1 0 -0.866 0 -0.5 48729.dat
