0 Main
0 Name: 31088 - Deep Sea Creatures - Angler Fish.ldr
0 Author: LTRON
1 15 0 0 0 0 0 1 0 1 0 -1 0 0 72454.dat
1 0 30 -8 20 0 0 -1 0 1 0 1 0 0 2540.dat
1 0 -30 -8 20 0 0 1 0 1 0 -1 0 0 2540.dat
1 272 10 -32 60 0 0 1 0 1 0 -1 0 0 3009.dat
1 15 10 -8 20 -1 0 0 0 1 0 0 0 -1 42023.dat
1 15 -10 -8 20 -1 0 0 0 1 0 0 0 -1 42023.dat
1 272 -10 -32 60 0 0 1 0 1 0 -1 0 0 3009.dat
1 4 -10 8 -20 0 0 1 0 1 0 -1 0 0 60478.dat
1 4 10 8 -20 0 0 1 0 1 0 -1 0 0 60478.dat
1 272 30 -32 20 0 0 1 0 1 0 -1 0 0 3004.dat
1 272 -30 -32 20 0 0 1 0 1 0 -1 0 0 3004.dat
1 4 10 -32 -10 1 0 0 0 1 0 0 0 1 32952.dat
1 4 -10 -32 -10 1 0 0 0 1 0 0 0 1 32952.dat
1 4 30 -40 -20 0 0 -1 0 1 0 1 0 0 22885.dat
1 4 0 -40 20 1 0 0 0 1 0 0 0 1 3020.dat
1 4 -30 -40 -20 0 0 1 0 1 0 -1 0 0 22885.dat
1 4 0 -40 50 1 0 0 0 1 0 0 0 1 3023.dat
1 4 10 -40 80 0 0 -1 0 1 0 1 0 0 44728.dat
1 72 0 -40 110 -1 0 0 0 1 0 0 0 -1 14417.dat
1 4 -10 -40 80 0 0 1 0 1 0 -1 0 0 44728.dat
1 4 32 -10 60 0 -1 0 0 0 1 -1 0 0 3023.dat
1 272 24 -10 80 0 -1 0 -1 0 0 0 0 -1 11477.dat
1 272 40 -10 50 0 -1 0 1 0 0 0 0 1 3024.dat
1 272 48 -30 60 0 -1 0 -1 0 0 0 0 -1 61678.dat
1 272 50 -6 0 -0.259 0 0.966 0.966 0 0.259 0 1 0 44676.dat
1 272 48 -10 -40 0 -1 0 1 0 0 0 0 1 92946.dat
1 272 48 -30 -40 0 -1 0 1 0 0 0 0 1 92946.dat
1 4 56 -20 -20 0 -1 0 1 0 0 0 0 1 3022.dat
1 272 48 -30 0 0 -1 0 -1 0 0 0 0 -1 92946.dat
1 272 64 -20 -10 0 -1 0 1 0 0 0 0 1 3023.dat
1 272 56 -20 -30 0 -1 0 1 0 0 0 0 1 85984.dat
1 4 -32 -10 60 0 1 0 0 0 1 1 0 0 3023.dat
1 272 -40 -10 50 0 1 0 1 0 0 0 0 -1 3024.dat
1 272 -24 -10 80 0 1 0 1 0 0 0 0 -1 11477.dat
1 272 -48 -30 60 0 1 0 1 0 0 0 0 -1 61678.dat
1 272 -50 -6 40 0.259 0 -0.966 0.966 0 0.259 0 -1 0 44676.dat
1 272 -48 -30 -40 0 1 0 -1 0 0 0 0 1 92946.dat
1 272 -48 -10 -40 0 1 0 -1 0 0 0 0 1 92946.dat
1 272 -48 -30 0 0 1 0 1 0 0 0 0 -1 92946.dat
1 272 -64 -20 -10 0 1 0 -1 0 0 0 0 1 3023.dat
1 4 -56 -20 -20 0 1 0 -1 0 0 0 0 1 3022.dat
1 272 -56 -20 -30 0 1 0 -1 0 0 0 0 1 85984.dat
1 15 -20 -48 90 -1 0 0 0 1 0 0 0 -1 43723.dat
1 15 20 -48 90 -1 0 0 0 1 0 0 0 -1 43722.dat
1 15 0 -48 40 -1 0 0 0 1 0 0 0 -1 3020.dat
1 4 0 -40 -30 0 0 1 0 1 0 -1 0 0 3021.dat
1 15 -20 -48 0 0 0 1 0 1 0 -1 0 0 3022.dat
1 15 20 -48 0 0 0 1 0 1 0 -1 0 0 3022.dat
1 15 -30 -32 -40 1 0 0 0 1 0 0 0 1 29120.dat
1 15 30 -32 -40 1 0 0 0 1 0 0 0 1 29119.dat
1 272 -10 -56 100 -1 0 0 0 1 0 0 0 -1 92946.dat
1 272 0 -56 70 1 0 0 0 1 0 0 0 1 3023.dat
1 272 10 -56 100 -1 0 0 0 1 0 0 0 -1 92946.dat
1 272 0 -56 -10 1 0 0 0 1 0 0 0 1 3023.dat
1 272 -30 -56 30 -1 0 0 0 1 0 0 0 -1 2450.dat
1 272 30 -56 30 0 0 -1 0 1 0 1 0 0 2450.dat
1 272 10 -64 80 -1 0 0 0 1 0 0 0 -1 92946.dat
1 272 -10 -64 80 -1 0 0 0 1 0 0 0 -1 92946.dat
1 272 0 -64 40 -1 0 0 0 1 0 0 0 -1 3022.dat
1 72 0 -64 -30 1 0 0 0 1 0 0 0 1 3937.dat
1 19 30 -56 -20 0 0 -1 0 1 0 1 0 0 15208.dat
1 15 0 -40 -50 1 0 0 0 1 0 0 0 1 85984.dat
1 19 -30 -56 -20 0 0 1 0 1 0 -1 0 0 15208.dat
1 272 -30 -64 -10 0 0 1 0 1 0 -1 0 0 3623.dat
1 272 30 -64 -10 0 0 1 0 1 0 -1 0 0 3623.dat
1 272 -50 -56 10 -1 0 0 0 1 0 0 0 -1 54200.dat
1 272 50 -56 10 -1 0 0 0 1 0 0 0 -1 54200.dat
1 72 -10 -80 10 1 0 0 0 1 0 0 0 1 3040.dat
1 72 10 -80 10 1 0 0 0 1 0 0 0 1 3040.dat
1 15 -20 5.196 -70.321 1 0 0 0 0.866 0.5 0 -0.5 0.866 99207.dat
1 4 0 -1.732 -66.321 -1 0 0 0 0.866 -0.5 0 -0.5 -0.866 60470.dat
1 272 -30 -1.732 -66.321 1 0 0 0 0.866 0.5 0 -0.5 0.866 3024.dat
1 15 20 5.196 -70.321 1 0 0 0 0.866 0.5 0 -0.5 0.866 99207.dat
1 272 30 -1.732 -66.321 1 0 0 0 0.866 0.5 0 -0.5 0.866 3024.dat
1 15 0 -8.66 -62.321 1 0 0 0 0.866 0.5 0 -0.5 0.866 3710.dat
1 4 0 -15.588 -58.321 1 0 0 0 0.866 0.5 0 -0.5 0.866 3023.dat
1 272 -30 -8.66 -62.321 0 0 -1 0.5 0.866 0 0.866 -0.5 0 54200.dat
1 272 30 -8.66 -62.321 0 0 1 -0.5 0.866 0 -0.866 -0.5 0 54200.dat
1 272 0 -7.536 -88.373 1 0 0 0 0.5 -0.866 0 0.866 0.5 3023.dat
1 19 -20 -24.856 -78.373 -1 0 0 0 0.5 0.866 0 0.866 -0.5 15208.dat
1 19 20 -24.856 -78.373 -1 0 0 0 0.5 0.866 0 0.866 -0.5 15208.dat
1 15 30 -12.196 -76.445 1 0 0 0 0.5 -0.866 0 0.866 0.5 29120.dat
1 15 -30 -12.196 -76.445 1 0 0 0 0.5 -0.866 0 0.866 0.5 29119.dat
1 19 0 -28.856 -85.301 -1 0 0 0 0.5 0.866 0 0.866 -0.5 15208.dat
1 15 0 -16.196 -83.373 1 0 0 0 0.5 -0.866 0 0.866 0.5 15068.dat
1 0 0 -62.66 -35 -1 0 0 0 0.866 0.5 0 0.5 -0.866 6134.dat
1 72 0 -69.588 -39 -1 0 0 0 0.866 0.5 0 0.5 -0.866 14417.dat
1 272 0 -69.588 -39 -1 0 0 0 0.866 0.5 0 0.5 -0.866 85984.dat
1 19 20 -59.588 -56.321 1 0 0 0 0.866 -0.5 0 0.5 0.866 15208.dat
1 19 -20 -59.588 -56.321 1 0 0 0 0.866 -0.5 0 0.5 0.866 15208.dat
1 19 0 -66.517 -60.321 1 0 0 0 0.866 -0.5 0 0.5 0.866 15208.dat
1 272 20 -59.588 -56.321 0 0 -1 -0.5 0.866 0 0.866 0.5 0 11477.dat
1 272 -20 -59.588 -56.321 0 0 1 0.5 0.866 0 -0.866 0.5 0 11477.dat
1 272 0 -88 -20 -1 0 0 0 1 0 0 0 -1 43712.dat
1 71 0 -96 -10 -1 0 0 0 1 0 0 0 -1 44567.dat
1 0 0 -96 40 0 0 1 0 1 0 -1 0 0 44302.dat
1 272 0 -120 60 1 0 0 0 1 0 0 0 1 61678.dat
1 72 0 -96 -30 1 0 0 0 1 0 0 0 1 14417.dat
1 71 10 -104 -20 0 0 -1 0 1 0 1 0 0 14704.dat
1 71 -10 -104 -20 0 0 1 0 1 0 -1 0 0 14704.dat
1 272 0 -104 -10 1 0 0 0 1 0 0 0 1 85984.dat
1 272 0 -104 -30 1 0 0 0 1 0 0 0 1 85984.dat
1 272 60.392 -71.359 -20 0 -0.866 0.5 0 0.5 0.866 -1 0 0 3022.dat
1 272 -60.392 -71.359 -20 0 0.866 -0.5 0 0.5 0.866 1 0 0 3022.dat
1 42 74.249 -79.359 -20 0.5 -0.866 0 0.866 0.5 0 0 0 1 4740.dat
1 297 -67.321 -75.359 -20 0.5 0.866 0 -0.866 0.5 0 0 0 1 6141.dat
1 42 -74.249 -79.359 -20 0.5 0.866 0 -0.866 0.5 0 0 0 1 4740.dat
1 297 67.321 -75.359 -20 0.5 -0.866 0 0.866 0.5 0 0 0 1 6141.dat
1 71 0 -110.464 -73.981 0 0 -1 0.5 0.866 0 0.866 -0.5 0 14418.dat
1 4 0 -103.536 -77.981 0 0 1 -0.5 0.866 0 -0.866 -0.5 0 60478.dat
1 72 0 -116.804 -104.962 0 0 -1 0.866 0.5 0 0.5 -0.866 0 11090.dat
1 42 0 -101.804 -130.942 1 0 0 0 -0.5 -0.866 0 0.866 -0.5 30153.dat
1 15 12.941 -32 178.296 -0.259 0 0.966 0 1 0 -0.966 0 -0.259 3710.dat
1 272 18.121 -40 197.616 -0.966 0 -0.259 0 1 0 0.259 0 -0.966 92946.dat
1 71 7.761 -40 158.976 -0.259 0 0.966 0 1 0 -0.966 0 -0.259 14418.dat
1 272 10.351 -48 168.636 -0.259 0 0.966 0 1 0 -0.966 0 -0.259 3623.dat
1 272 12.941 -56 178.296 -0.966 0 -0.259 0 1 0 0.259 0 -0.966 92946.dat
1 272 2.581 -56 139.656 0.966 0 0.259 0 1 0 -0.259 0 0.966 92946.dat
1 272 10.351 -104 168.636 0.966 0 0.259 0 1 0 -0.259 0 0.966 54200.dat
1 272 10.351 -104 168.636 0.966 0 0.259 0 1 0 -0.259 0 0.966 60481.dat
