0 Main
0 Name: 41630 - Jack Skellington and Sally.mpd
0 Author: LTRON
1 0 50 -8 80 0.966 0 0.259 0 1 0 -0.259 0 0.966 3958.dat
1 0 59.66 -16 77.41 0.259 0 -0.966 0 1 0 0.966 0 0.259 92593.dat
1 0 30.68 -16 85.18 0.259 0 -0.966 0 1 0 0.966 0 0.259 87079.dat
1 0 78.98 -16 72.23 0.259 0 -0.966 0 1 0 0.966 0 0.259 2431.dat
1 28 50 -48 80 0.259 0 -0.966 0 1 0 0.966 0 0.259 3020.dat
1 28 50 -56 80 0.259 0 -0.966 0 1 0 0.966 0 0.259 3020.dat
1 72 54.48 -64 58.09 0.259 0 -0.966 0 1 0 0.966 0 0.259 99781.dat
1 72 64.84 -64 96.73 0.259 0 -0.966 0 1 0 0.966 0 0.259 99781.dat
1 72 35.16 -64 63.27 -0.259 0 0.966 0 1 0 -0.966 0 -0.259 99781.dat
1 72 45.52 -64 101.91 -0.259 0 0.966 0 1 0 -0.966 0 -0.259 99781.dat
1 308 50 -72 80 -0.966 0 -0.259 0 1 0 0.259 0 -0.966 3020.dat
1 320 21.02 -80 87.77 -0.259 0 0.966 0 1 0 -0.966 0 -0.259 3710.dat
1 308 13.25 -72 58.79 -0.966 0 -0.259 0 1 0 0.259 0 -0.966 3024.dat
1 28 28.79 -72 116.75 -0.966 0 -0.259 0 1 0 0.259 0 -0.966 3024.dat
1 19 21.02 -104 87.77 -0.259 0 0.966 0 1 0 -0.966 0 -0.259 3010.dat
1 71 42.23 -104 51.02 0.966 0 0.259 0 1 0 -0.259 0 0.966 22885.dat
1 71 57.77 -104 108.98 -0.966 0 -0.259 0 1 0 0.259 0 -0.966 22885.dat
1 19 73.8 -80 52.91 -0.259 0 0.966 0 1 0 -0.966 0 -0.259 3023.dat
1 28 71.21 -72 43.25 -0.259 0 0.966 0 1 0 -0.966 0 -0.259 3024.dat
1 308 84.16 -80 91.55 -0.259 0 0.966 0 1 0 -0.966 0 -0.259 3023.dat
1 308 86.75 -72 101.21 -0.259 0 0.966 0 1 0 -0.966 0 -0.259 3024.dat
1 14 50 -80 80 -0.259 0 0.966 0 1 0 -0.966 0 -0.259 4032.dat
1 4 50 -104 80 -0.259 0 0.966 0 1 0 -0.966 0 -0.259 3941.dat
1 19 78.98 -104 72.23 0.259 0 -0.966 0 1 0 0.966 0 0.259 3010.dat
1 28 67.43 -112 106.39 -0.259 0 0.966 0 1 0 -0.966 0 -0.259 2420.dat
1 191 51.89 -112 48.43 0.966 0 0.259 0 1 0 -0.259 0 0.966 2420.dat
1 28 30.68 -112 85.18 0.259 0 -0.966 0 1 0 0.966 0 0.259 3020.dat
1 323 78.98 -112 72.23 0.259 0 -0.966 0 1 0 0.966 0 0.259 3023.dat
1 323 37.568 -74 33.632 -0.966 0.259 0 0 0 1 0.259 0.966 0 3023.dat
1 3 37.568 -94 33.632 -0.966 0.259 0 0 0 1 0.259 0.966 0 3023.dat
1 3 35.496 -94 25.904 -0.966 0.259 0 0 0 1 0.259 0.966 0 3069.dat
1 323 35.496 -74 25.904 0.966 0.259 0 0 0 -1 -0.259 0.966 0 11476.dat
1 323 62.432 -74 126.368 0.966 -0.259 0 0 0 1 -0.259 -0.966 0 3023.dat
1 191 62.432 -94 126.368 0.966 -0.259 0 0 0 1 -0.259 -0.966 0 3023.dat
1 191 64.504 -94 134.096 0.966 -0.259 0 0 0 1 -0.259 -0.966 0 3069.dat
1 323 64.504 -74 134.096 -0.966 -0.259 0 0 0 -1 0.259 -0.966 0 11476.dat
1 71 78.98 -152 72.23 0.259 0 -0.966 0 1 0 0.966 0 0.259 22885.dat
1 71 21.02 -152 87.77 -0.259 0 0.966 0 1 0 -0.966 0 -0.259 22885.dat
1 71 22.91 -152 56.2 0.966 0 0.259 0 1 0 -0.259 0 0.966 22885.dat
1 71 61.55 -152 45.84 0.966 0 0.259 0 1 0 -0.259 0 0.966 22885.dat
1 71 38.45 -152 114.16 -0.966 0 -0.259 0 1 0 0.259 0 -0.966 22885.dat
1 71 77.09 -152 103.8 -0.966 0 -0.259 0 1 0 0.259 0 -0.966 22885.dat
1 2 50 -136 80 -0.966 0 -0.259 0 1 0 0.259 0 -0.966 3003.dat
1 2 50 -160 80 -0.966 0 -0.259 0 1 0 0.259 0 -0.966 3003.dat
1 14 50 -168 80 -0.966 0 -0.259 0 1 0 0.259 0 -0.966 4032.dat
1 29 50 -192 80 -0.966 0 -0.259 0 1 0 0.259 0 -0.966 3003.dat
1 71 42.23 -192 51.02 0.966 0 0.259 0 1 0 -0.259 0 0.966 22885.dat
1 71 57.77 -192 108.98 -0.966 0 -0.259 0 1 0 0.259 0 -0.966 22885.dat
1 71 26.2 -192 107.09 -0.259 0 0.966 0 1 0 -0.966 0 -0.259 22885.dat
1 71 15.84 -192 68.45 -0.259 0 0.966 0 1 0 -0.966 0 -0.259 22885.dat
1 71 84.16 -192 91.55 0.259 0 -0.966 0 1 0 0.966 0 0.259 22885.dat
1 71 73.8 -192 52.91 0.259 0 -0.966 0 1 0 0.966 0 0.259 22885.dat
1 323 101.548 -142 86.888 0 -0.966 -0.259 -1 0 0 0 0.259 -0.966 3021.dat
1 323 91.188 -142 48.248 0 -0.966 -0.259 -1 0 0 0 0.259 -0.966 3021.dat
1 0 96.368 -182 67.568 -0.259 -0.966 0 0 0 1 -0.966 0.259 0 92593.dat
1 323 104.096 -122 65.496 -0.259 -0.966 0 0 0 1 -0.966 0.259 0 2431.dat
1 323 104.096 -172 65.496 0.259 -0.966 0 0 0 -1 0.966 0.259 0 87079.dat
1 323 104.096 -142 65.496 0.259 -0.966 0 0 0 -1 0.966 0.259 0 3069.dat
1 71 111.866 -142 94.476 0.259 -0.966 0 0 0 -1 0.966 0.259 0 3024.dat
1 71 96.326 -142 36.516 0.259 -0.966 0 0 0 -1 0.966 0.259 0 3024.dat
1 0 104.054 -142 34.444 0.259 -0.966 0 0 0 -1 0.966 0.259 0 98138.dat
1 0 119.594 -142 92.404 0.259 -0.966 0 0 0 -1 0.966 0.259 0 98138.dat
1 323 47.228 -132 31.042 0.966 0.259 0 0 0 -1 -0.259 0.966 0 3021.dat
1 320 56.888 -162 28.452 0.966 0.259 0 0 0 -1 -0.259 0.966 0 3710.dat
1 320 8.588 -152 41.402 0 0.259 0.966 1 0 0 0 0.966 -0.259 32028.dat
1 320 8.588 -112 41.402 0 0.259 0.966 1 0 0 0 0.966 -0.259 32028.dat
1 320 45.156 -132 23.314 0 0.259 0.966 1 0 0 0 0.966 -0.259 3023.dat
1 320 16.176 -132 31.084 0 0.259 0.966 1 0 0 0 0.966 -0.259 3068.dat
1 320 10.66 -92 49.13 0.966 0.259 0 0 0 -1 -0.259 0.966 0 11477.dat
1 320 20.32 -172 46.54 -0.966 0.259 0 0 0 1 0.259 0.966 0 15068.dat
1 320 85.868 -142 20.682 -0.966 0.259 0 0 0 1 0.259 0.966 0 3024.dat
1 320 74.136 -132 15.544 0.966 0.259 0 0 0 -1 -0.259 0.966 0 26601.dat
1 320 58.96 -172 36.18 -0.966 0.259 0 0 0 1 0.259 0.966 0 15068.dat
1 320 87.94 -172 28.41 -0.966 0.259 0 0 0 1 0.259 0.966 0 11477.dat
1 323 72.092 -132 123.778 -0.966 -0.259 0 0 0 -1 0.259 -0.966 0 3021.dat
1 320 81.752 -162 121.188 -0.966 -0.259 0 0 0 -1 0.259 -0.966 0 3710.dat
1 320 33.452 -152 134.138 0 -0.259 0.966 -1 0 0 0 -0.966 -0.259 32028.dat
1 320 33.452 -112 134.138 0 -0.259 0.966 -1 0 0 0 -0.966 -0.259 32028.dat
1 320 41.04 -172 123.82 0.966 -0.259 0 0 0 1 -0.259 -0.966 0 15068.dat
1 320 31.38 -92 126.41 -0.966 -0.259 0 0 0 -1 0.259 -0.966 0 11477.dat
1 320 45.184 -132 139.276 -0.966 -0.259 0 0 0 -1 0.259 -0.966 0 3068.dat
1 320 74.164 -132 131.506 0 -0.259 0.966 -1 0 0 0 -0.966 -0.259 3023.dat
1 320 103.144 -132 123.736 0 -0.259 -0.966 1 0 0 0 -0.966 0.259 26601.dat
1 320 110.732 -142 113.418 0 -0.259 -0.966 1 0 0 0 -0.966 0.259 3024.dat
1 320 79.68 -172 113.46 0.966 -0.259 0 0 0 1 -0.259 -0.966 0 15068.dat
1 320 108.66 -172 105.69 0.966 -0.259 0 0 0 1 -0.259 -0.966 0 11477.dat
1 320 -4.138 -152 63.452 0 0.966 0.259 -1 0 0 0 -0.259 0.966 3710.dat
1 320 11.402 -152 121.412 0 0.966 0.259 -1 0 0 0 -0.259 0.966 3710.dat
1 320 3.632 -182 92.432 0.259 0.966 0 0 0 1 0.966 -0.259 0 32028.dat
1 19 3.632 -162 92.432 0.259 0.966 0 0 0 1 0.966 -0.259 0 3023.dat
1 320 3.632 -112 92.432 0 0.966 0.259 -1 0 0 0 -0.259 0.966 3020.dat
1 320 -19.594 -102 67.596 -0.259 0.966 0 0 0 -1 -0.966 -0.259 0 50950.dat
1 320 -4.054 -102 125.556 -0.259 0.966 0 0 0 -1 -0.966 -0.259 0 50950.dat
1 320 -4.096 -152 94.504 -0.259 0.966 0 0 0 -1 -0.966 -0.259 0 3020.dat
1 320 -4.096 -112 94.504 -0.259 0.966 0 0 0 -1 -0.966 -0.259 0 3022.dat
1 320 3.632 -92 92.432 -0.259 0.966 0 0 0 -1 -0.966 -0.259 0 15068.dat
1 320 -11.824 -122 96.576 -0.259 0.966 0 0 0 -1 -0.966 -0.259 0 3023.dat
1 320 -11.824 -142 96.576 -0.259 0.966 0 0 0 -1 -0.966 -0.259 0 3710.dat
1 320 -1.548 -172 73.112 0.259 0.966 0 0 0 1 0.966 -0.259 0 15068.dat
1 320 8.812 -172 111.752 0.259 0.966 0 0 0 1 0.966 -0.259 0 15068.dat
1 308 24.268 -54 107.608 0.259 0.966 0 0 0 1 0.966 -0.259 0 3023.dat
1 288 13.908 -44 68.968 0 0.966 -0.259 1 0 0 0 -0.259 -0.966 24299.dat
1 92 13.95 -44 100.02 0 0.966 -0.259 1 0 0 0 -0.259 -0.966 43723.dat
1 19 3.59 -54 61.38 0 0.966 -0.259 1 0 0 0 -0.259 -0.966 3070.dat
1 323 42.23 -40 51.02 -0.966 0 -0.259 0 1 0 0.259 0 -0.966 3023.dat
1 323 42.23 -32 51.02 -0.966 0 -0.259 0 1 0 0.259 0 -0.966 3023.dat
1 308 42.23 -24 51.02 -0.966 0 -0.259 0 1 0 0.259 0 -0.966 3023.dat
1 323 57.77 -40 108.98 -0.966 0 -0.259 0 1 0 0.259 0 -0.966 3023.dat
1 323 57.77 -32 108.98 -0.966 0 -0.259 0 1 0 0.259 0 -0.966 3023.dat
1 308 57.77 -24 108.98 -0.966 0 -0.259 0 1 0 0.259 0 -0.966 3023.dat
1 308 86.092 -54 91.032 -0.259 -0.966 0 0 0 1 -0.966 0.259 0 3023.dat
1 288 75.732 -44 52.392 0 -0.966 0.259 1 0 0 0 0.259 0.966 24299.dat
1 92 91.23 -44 79.3 0 -0.966 0.259 1 0 0 0 0.259 0.966 43723.dat
1 28 80.87 -54 40.66 0 -0.966 0.259 1 0 0 0 0.259 0.966 3070.dat
1 320 30.68 -200 85.18 0.966 0 0.259 0 1 0 -0.259 0 0.966 3022.dat
1 320 88.64 -200 69.64 0.966 0 0.259 0 1 0 -0.259 0 0.966 3022.dat
1 19 59.66 -200 77.41 0.259 0 -0.966 0 1 0 0.966 0 0.259 3023.dat
1 320 25.5 -192 65.86 0.966 0 0.259 0 1 0 -0.259 0 0.966 15068.dat
1 320 64.14 -192 55.5 0.966 0 0.259 0 1 0 -0.259 0 0.966 15068.dat
1 320 35.86 -192 104.5 -0.966 0 -0.259 0 1 0 0.259 0 -0.966 15068.dat
1 320 74.5 -192 94.14 -0.966 0 -0.259 0 1 0 0.259 0 -0.966 15068.dat
1 320 98.3 -192 67.05 -0.966 0 -0.259 0 1 0 0.259 0 -0.966 93273.dat
