0 Main
0 Name: 10174-1 - Imperial AT-ST - UCS.mpd
0 Author: LTRON
1 71 0 8 0 1 0 0 0 1 0 0 0 1 3032.dat
1 72 0 8 -70 1 0 0 0 1 0 0 0 1 2419.dat
1 4 40 -16 -10 1 0 0 0 1 0 0 0 1 3298.dat
1 4 -20 -16 -10 1 0 0 0 1 0 0 0 1 3298.dat
1 19 10 -16 40 0 0 1 0 1 0 -1 0 0 3701.dat
1 72 10 0 -40 0 0 1 0 1 0 -1 0 0 3710.dat
1 71 20 8 80 1 0 0 0 1 0 0 0 1 3032.dat
1 71 -10 0 -70 -1 0 0 0 1 0 0 0 -1 2420.dat
1 71 30 0 -70 0 0 1 0 1 0 -1 0 0 2420.dat
1 72 70 8 0 0 0 1 0 1 0 -1 0 0 3710.dat
1 72 -50 8 80 0 0 1 0 1 0 -1 0 0 3710.dat
1 71 50 8 130 1 0 0 0 1 0 0 0 1 2420.dat
1 71 -30 8 130 0 0 -1 0 1 0 1 0 0 2420.dat
1 71 80 0 -20 1 0 0 0 1 0 0 0 1 41770.dat
1 71 -60 0 -20 1 0 0 0 1 0 0 0 1 41769.dat
1 72 80 0 40 1 0 0 0 1 0 0 0 1 3022.dat
1 72 -60 0 40 1 0 0 0 1 0 0 0 1 3022.dat
1 71 80 0 100 -1 0 0 0 1 0 0 0 -1 41769.dat
1 71 -60 0 100 -1 0 0 0 1 0 0 0 -1 41770.dat
1 71 10 -118 224 0 -1 0 0.6 0 -0.8 0.8 0 0.6 41239.dat
1 0 10 -22 152 1 0 0 0 0.6 -0.8 0 0.8 0.6 6558.dat
1 0 10 -86 200 1 0 0 0 0.6 -0.8 0 0.8 0.6 6558.dat
1 72 -10 -102 212 0 -1 0 -0.6 0 0.8 -0.8 0 -0.6 32271.dat
1 0 10 -214 296 1 0 0 0 -0.6 0.8 0 -0.8 -0.6 32062.dat
1 71 -5 -214 296 0 0 1 -0.8 -0.6 0 0.6 -0.8 0 32123.dat
1 71 25 -214 296 0 0 -1 0.6 0.8 0 0.8 -0.6 0 32123.dat
1 72 30 -102 212 0 -1 0 -0.6 0 0.8 -0.8 0 -0.6 32271.dat
1 1 40 -38 164 1 0 0 0 0.8 0.6 0 -0.6 0.8 4274.dat
1 1 40 -70 188 1 0 0 0 0.8 0.6 0 -0.6 0.8 4274.dat
1 1 -20 -70 188 -1 0 0 0 0.8 -0.6 0 -0.6 -0.8 4274.dat
1 1 -20 -38 164 -1 0 0 0 0.8 -0.6 0 -0.6 -0.8 4274.dat
1 71 -30 -16 80 0 0 1 0 1 0 -1 0 0 3702.dat
1 0 -20 -6 20 -1 0 0 0 1 0 0 0 -1 2780.dat
1 0 -20 -6 60 -1 0 0 0 1 0 0 0 -1 2780.dat
1 0 -20 -6 120 -1 0 0 0 1 0 0 0 -1 2780.dat
1 0 -20 -6 140 -1 0 0 0 1 0 0 0 -1 2780.dat
1 19 -10 -16 40 0 0 -1 0 1 0 1 0 0 3701.dat
1 72 -30 -24 140 0 0 -1 0 1 0 1 0 0 3023.dat
1 71 50 -16 80 0 0 1 0 1 0 -1 0 0 3702.dat
1 0 40 -6 140 1 0 0 0 0 -1 0 1 0 2780.dat
1 0 40 -6 120 1 0 0 0 0 -1 0 1 0 2780.dat
1 0 40 -6 20 1 0 0 0 0 -1 0 1 0 2780.dat
1 0 40 -6 60 1 0 0 0 0 -1 0 1 0 2780.dat
1 19 30 -16 40 0 0 1 0 1 0 -1 0 0 3701.dat
1 72 50 -24 140 0 0 1 0 1 0 -1 0 0 3023.dat
1 71 48 -62 182 0 -1 0 0.8 0 0.6 -0.6 0 0.8 2431.dat
1 71 -28 -62 182 0 1 0 -0.8 0 0.6 0.6 0 0.8 2431.dat
1 71 10 -109.3726 160.9432 0 1 0 0.5076 0 0.8618 0.8618 0 -0.5076 41239.dat
1 1 20 -74.9006 140.6392 1 0 0 0 -0.5076 0.8618 0 -0.8618 -0.5076 4274.dat
1 1 20 -109.3726 160.9432 1 0 0 0 -0.5076 0.8618 0 -0.8618 -0.5076 4274.dat
1 1 20 -143.8446 181.2472 1 0 0 0 -0.5076 0.8618 0 -0.8618 -0.5076 4274.dat
1 1 0 -126.6086 171.0952 -1 0 0 0 0.5076 0.8618 0 0.8618 -0.5076 4274.dat
1 1 0 -92.1366 150.7912 -1 0 0 0 0.5076 0.8618 0 0.8618 -0.5076 4274.dat
1 1 0 -57.6646 130.4872 -1 0 0 0 0.5076 0.8618 0 0.8618 -0.5076 4274.dat
1 72 28 -121.5326 179.7132 0 -1 0 -0.5076 0 0.8618 -0.8618 0 -0.5076 43722.dat
1 72 28 -69.8246 149.2572 0 -1 0 0.5076 0 -0.8618 0.8618 0 0.5076 43723.dat
1 72 36 -100.7546 155.8672 0 -1 0 0.8618 0 0.5076 -0.5076 0 0.8618 2412.dat
1 72 36 -66.2826 135.5632 0 -1 0 0.8618 0 0.5076 -0.5076 0 0.8618 3023.dat
1 72 36 -135.2266 176.1712 0 -1 0 0.8618 0 0.5076 -0.5076 0 0.8618 3023.dat
1 72 -8 -69.8246 149.2572 0 1 0 -0.5076 0 -0.8618 -0.8618 0 0.5076 43722.dat
1 72 -8 -121.5326 179.7132 0 1 0 0.5076 0 0.8618 0.8618 0 -0.5076 43723.dat
1 72 -16 -100.7546 155.8672 0 1 0 -0.8618 0 0.5076 0.5076 0 0.8618 2412.dat
1 72 -16 -135.2266 176.1712 0 1 0 -0.8618 0 0.5076 0.5076 0 0.8618 44728.dat
1 72 -16 -66.2826 135.5632 0 1 0 -0.8618 0 0.5076 0.5076 0 0.8618 44728.dat
1 71 4 -146.3938 157.2116 0 0 -1 -0.8618 0.5076 0 0.5076 0.8618 0 3068.dat
1 72 4 -81.5106 109.7092 0 0 -1 -0.8618 0.5076 0 0.5076 0.8618 0 4740.dat
1 0 4 -77.4498 116.6036 0 0 -1 -0.8618 0.5076 0 0.5076 0.8618 0 6141.dat
1 71 10 -6 100 1 0 0 0 0.8618 0.5076 0 -0.5076 0.8618 32073.dat
1 71 10 -6 40 1 0 0 0 1 0 0 0 1 32073.dat
1 72 70 -24 40 1 0 0 0 1 0 0 0 1 41748.dat
1 72 -50 -24 40 1 0 0 0 1 0 0 0 1 41747.dat
1 72 80 -24 100 -1 0 0 0 1 0 0 0 -1 43720.dat
1 72 -60 -24 100 -1 0 0 0 1 0 0 0 -1 43721.dat
1 71 10 -24 40 -1 0 0 0 1 0 0 0 -1 3021.dat
1 71 40 -24 90 0 0 -1 0 1 0 1 0 0 3021.dat
1 71 -20 -24 90 0 0 -1 0 1 0 1 0 0 3021.dat
1 72 50 -24 40 0 0 1 0 1 0 -1 0 0 3023.dat
1 72 -30 -24 40 0 0 1 0 1 0 -1 0 0 3023.dat
1 0 10 -24 10 0 0 1 0 1 0 -1 0 0 6141.dat
1 72 10 -24 -10 0 0 1 0 1 0 -1 0 0 3062.dat
1 72 10 -24 -30 1 0 0 0 1 0 0 0 1 4286.dat
1 71 10 -32 -20 0 0 1 0 1 0 -1 0 0 44301.dat
1 72 10 -32 40 0 0 1 0 1 0 -1 0 0 3710.dat
1 71 30 -48 90 0 0 -1 0 1 0 1 0 0 3675.dat
1 71 -10 -48 90 -1 0 0 0 1 0 0 0 -1 3675.dat
1 72 10 -56 60 1 0 0 0 1 0 0 0 1 42022.dat
1 72 -10 -48 70 0 0 1 0 1 0 -1 0 0 4286.dat
1 72 30 -48 70 0 0 -1 0 1 0 1 0 0 4286.dat
1 71 30 -48 40 1 0 0 0 1 0 0 0 1 41750.dat
1 71 -10 -48 40 1 0 0 0 1 0 0 0 1 41749.dat
1 72 30 -56 50 0 0 1 0 1 0 -1 0 0 6190.dat
1 72 -10 -56 50 0 0 1 0 1 0 -1 0 0 6190.dat
1 71 -10 -72 90 0 0 1 0 1 0 -1 0 0 4599.dat
1 71 30 -72 90 0 0 -1 0 1 0 1 0 0 4599.dat
1 71 -10 -407.844 176.761 0 0 1 0.984 -0.176 0 0.176 0.984 0 2730.dat
1 71 -10 -211.044 211.961 0 0 1 0.984 -0.176 0 0.176 0.984 0 2730.dat
1 72 -10 -383.94 156.665 -1 0 0 0 -0.176 0.984 0 0.984 0.176 42022.dat
1 71 -10 -288.356 190.009 0 0 1 0.984 -0.176 0 0.176 0.984 0 4162.dat
1 71 -10 -157.62 197.145 -1 0 0 0 -0.176 0.984 0 0.984 0.176 4286.dat
1 71 -10 -137.94 200.665 1 0 0 0 -0.176 -0.984 0 0.984 -0.176 3040.dat
1 71 -10 -146.388 247.897 1 0 0 0 -0.176 -0.984 0 0.984 -0.176 3665.dat
1 71 -10 -166.068 244.377 -1 0 0 0 -0.176 0.984 0 0.984 0.176 4287.dat
1 71 -10 -274.308 225.017 0 0 1 0.984 -0.176 0 0.176 0.984 0 3666.dat
1 71 -10 -471.108 189.817 0 0 1 0.984 -0.176 0 0.176 0.984 0 6111.dat
1 71 -10 -362.868 209.177 1 0 0 0 -0.176 -0.984 0 0.984 -0.176 3665.dat
1 1 -20 -153.764 232.361 -1 0 0 0 -0.176 0.984 0 0.984 0.176 4274.dat
1 1 -20 -232.484 218.281 -1 0 0 0 -0.176 0.984 0 0.984 0.176 4274.dat
1 1 -20 -330.884 200.681 -1 0 0 0 -0.176 0.984 0 0.984 0.176 4274.dat
1 1 -20 -389.924 190.121 -1 0 0 0 -0.176 0.984 0 0.984 0.176 4274.dat
1 0 -20 -488.324 172.521 -1 0 0 0 -0.176 0.984 0 0.984 0.176 2780.dat
1 0 -20 -468.644 176.041 -1 0 0 0 -0.176 0.984 0 0.984 0.176 2780.dat
1 0 -20 -448.964 179.561 -1 0 0 0 -0.176 0.984 0 0.984 0.176 2780.dat
1 1 -20 -409.604 186.601 -1 0 0 0 -0.176 0.984 0 0.984 0.176 4274.dat
1 71 -28 -281.684 209.481 0 1 0 0.984 0 0.176 0.176 0 -0.984 4162.dat
1 71 -28 -401.524 198.201 0 1 0 0.984 0 0.176 0.176 0 -0.984 3020.dat
1 72 -28 -153.764 232.361 0 1 0 0.984 0 0.176 0.176 0 -0.984 4740.dat
1 72 -30 -527.684 165.481 0 -1 0 0.176 0 0.984 -0.984 0 0.176 44224.dat
1 71 -30 -527.684 165.481 0 1 0 0.940144 0 -0.339584 -0.339584 0 -0.940144 44225.dat
1 0 10 -134.084 235.881 1 0 0 0 -0.176 -0.984 0 0.984 -0.176 6558.dat
1 0 10 -212.804 221.801 1 0 0 0 -0.176 -0.984 0 0.984 -0.176 6558.dat
1 0 10 -271.844 211.241 1 0 0 0 -0.176 -0.984 0 0.984 -0.176 6558.dat
1 0 10 -291.524 207.721 1 0 0 0 -0.176 -0.984 0 0.984 -0.176 6558.dat
1 0 10 -350.564 197.161 1 0 0 0 -0.176 -0.984 0 0.984 -0.176 6558.dat
1 0 10 -370.244 193.641 1 0 0 0 -0.176 -0.984 0 0.984 -0.176 6558.dat
1 0 10 -429.284 183.081 1 0 0 0 -0.176 -0.984 0 0.984 -0.176 6558.dat
1 19 10 -447.204 169.721 0 0 -1 -0.984 -0.176 0 -0.176 0.984 0 3701.dat
1 72 10 -389.924 190.121 0 -1 0 0.176 0 0.984 -0.984 0 0.176 32271.dat
1 72 -10 -524.532 204.633 1 0 0 0 -0.176 -0.984 0 0.984 -0.176 3665.dat
1 72 -10 -544.212 201.113 -1 0 0 0 -0.176 0.984 0 0.984 0.176 3665.dat
1 71 -56 -527.684 165.481 0 1 0 -0.176 0 0.984 0.984 0 0.176 44375.dat
1 71 -48 -527.684 165.481 0 1 0 -0.176 0 0.984 0.984 0 0.176 4032.dat
1 1 -40 -527.684 165.481 -1 0 0 0 -0.176 0.984 0 0.984 0.176 3749.dat
1 72 -72 -527.684 165.481 0 1 0 -0.176 0 0.984 0.984 0 0.176 4740.dat
1 0 -64 -527.684 165.481 0 1 0 -0.176 0 0.984 0.984 0 0.176 6141.dat
1 72 -10 -584.645 37.22 0 0 1 -0.34 0.941 0 -0.941 -0.34 0 3895.dat
1 0 10 -548.035 109.1 1 0 0 0 0.2926 0.9568 0 -0.9568 0.2926 6558.dat
1 71 10 -445.555 157.18 0 1 0 0.2926 0 -0.9568 -0.9568 0 -0.2926 6629.dat
1 72 12 -561.635 71.46 -1 0 0 0 0.941 -0.34 0 -0.34 -0.941 6587.dat
1 72 10 -575.235 33.82 -1 0 0 0 0.941 -0.34 0 -0.34 -0.941 6587.dat
1 71 10 -584.645 37.22 0 0 -1 0.34 0.941 0 0.941 -0.34 0 32064.dat
1 0 40 -609.235 -60.28 1 0 0 0 0.34 -0.941 0 0.941 0.34 3707.dat
1 71 -25 -609.235 -60.28 0 0 1 0.941 0.34 0 -0.34 0.941 0 32123.dat
1 71 10 -609.235 -60.28 0 0 -1 -0.941 0.34 0 0.34 0.941 0 3713.dat
1 72 30 -584.645 37.22 0 0 1 -0.34 0.941 0 -0.941 -0.34 0 3895.dat
1 0 40 -554.835 90.28 -1 0 0 0 0.34 0.941 0 0.941 -0.34 2780.dat
1 0 40 -541.235 127.92 -1 0 0 0 0.34 0.941 0 0.941 -0.34 2780.dat
1 0 -20 -541.235 127.92 -1 0 0 0 0.34 0.941 0 0.941 -0.34 2780.dat
1 0 -20 -554.835 90.28 -1 0 0 0 0.34 0.941 0 0.941 -0.34 2780.dat
1 72 0 -590.229 92.43 -1 0 0 0 0.941 -0.34 0 -0.34 -0.941 30363.dat
1 71 0 -607.229 45.38 1 0 0 0 0.941 0.34 0 -0.34 0.941 6215.dat
1 72 -10 -617.429 17.15 1 0 0 0 0.941 0.34 0 -0.34 0.941 3062.dat
1 72 -10 -624.229 -1.67 0 0 1 -0.34 0.941 0 -0.941 -0.34 0 47905.dat
1 71 -28 -614.819 -5.07 0 1 0 0.941 0 -0.34 -0.34 0 -0.941 2555.dat
1 72 -10 -597.029 73.61 0 0 1 -0.34 0.941 0 -0.941 -0.34 0 47905.dat
1 71 -28 -587.619 70.21 0 1 0 0.941 0 -0.34 -0.34 0 -0.941 2555.dat
1 71 10 -615.973 -25.93 1 0 0 0 0.941 0.34 0 -0.34 0.941 3623.dat
1 72 10 -638.557 -17.77 1 0 0 0 0.941 0.34 0 -0.34 0.941 3622.dat
1 72 -10 -653.613 -12.33 1 0 0 0 0.941 0.34 0 -0.34 0.941 6005.dat
1 72 30 -653.613 -12.33 1 0 0 0 0.941 0.34 0 -0.34 0.941 6005.dat
1 71 10 -653.613 -12.33 1 0 0 0 0.941 0.34 0 -0.34 0.941 3623.dat
1 72 -10 -643.413 15.9 -1 0 0 0 0.941 -0.34 0 -0.34 -0.941 42022.dat
1 72 10 -643.413 15.9 -1 0 0 0 0.941 -0.34 0 -0.34 -0.941 42022.dat
1 72 30 -553.805 4.8 0 0 -1 0.34 0.941 0 0.941 -0.34 0 3023.dat
1 72 30 -554.533 26.34 0 0 -1 0.34 0.941 0 0.941 -0.34 0 3023.dat
1 71 30 -568.133 -11.3 0 0 1 -0.34 0.941 0 -0.941 -0.34 0 44301.dat
1 72 30 -568.861 10.24 0 0 1 -0.34 0.941 0 -0.941 -0.34 0 3710.dat
1 71 -34 -613.459 -1.306 0 0 -1 0.941 -0.34 0 -0.34 -0.941 0 4095.dat
1 72 -54 -609.235 -60.28 0 1 0 -0.941 0 0.34 0.34 0 0.941 4740.dat
1 71 -46 -609.235 -60.28 0 1 0 -0.941 0 0.34 0.34 0 0.941 30065.dat
1 71 -44 -571.835 43.23 0 1 0 -0.34 0 -0.941 -0.941 0 0.34 30413.dat
1 72 30 -616.9769 -91.0641 -1 0 0 0 -0.019318 1.000614 0 1.000614 0.019318 3710.dat
1 72 30 -616.8185 -99.0672 1 0 0 0 -0.019318 -1.000614 0 1.000614 -0.019318 44567.dat
1 72 30 -593.451 -87.26 -1 0 0 0 -0.941 0.34 0 0.34 0.941 30553.dat
1 0 30 -586.651 -68.44 0 0 -1 -0.34 -0.941 0 -0.941 0.34 0 32062.dat
1 72 30 -616.6599 -107.0694 -1 0 0 0 -0.019318 1.000614 0 1.000614 0.019318 45677.dat
1 72 30 -579.851 -49.62 1 0 0 0 -0.941 -0.34 0 0.34 -0.941 30553.dat
1 71 0 -657.741 -0.2 0 0 -1 0.34 0.941 0 0.941 -0.34 0 3068.dat
1 71 30 -407.844 176.761 0 0 1 0.984 -0.176 0 0.176 0.984 0 2730.dat
1 71 30 -211.044 211.961 0 0 1 0.984 -0.176 0 0.176 0.984 0 2730.dat
1 71 30 -137.94 200.665 1 0 0 0 -0.176 -0.984 0 0.984 -0.176 3040.dat
1 71 30 -157.62 197.145 -1 0 0 0 -0.176 0.984 0 0.984 0.176 4286.dat
1 72 30 -344.58 163.705 1 0 0 0 -0.176 -0.984 0 0.984 -0.176 42022.dat
1 72 30 -383.94 156.665 -1 0 0 0 -0.176 0.984 0 0.984 0.176 42022.dat
1 72 30 -229.316 200.569 0 0 -1 -0.984 -0.176 0 -0.176 0.984 0 30244.dat
1 1 40 -153.764 232.361 1 0 0 0 -0.176 -0.984 0 0.984 -0.176 4274.dat
1 0 40 -488.324 172.521 1 0 0 0 -0.176 -0.984 0 0.984 -0.176 2780.dat
1 0 40 -468.644 176.041 1 0 0 0 -0.176 -0.984 0 0.984 -0.176 2780.dat
1 0 40 -448.964 179.561 1 0 0 0 -0.176 -0.984 0 0.984 -0.176 2780.dat
1 71 30 -146.388 247.897 1 0 0 0 -0.176 -0.984 0 0.984 -0.176 3665.dat
1 71 30 -166.068 244.377 -1 0 0 0 -0.176 0.984 0 0.984 0.176 4287.dat
1 72 48 -153.764 232.361 0 -1 0 0.176 0 0.984 -0.984 0 0.176 4740.dat
1 72 20.18 -431.654 196.888 0 0 1.018 0.994 -0.171 0 0.176 0.958 0.003 2445.dat
1 72 20.18 -560.874 174.008 -1.018 0 0 0 -0.171 0.994 -0.003 0.958 0.176 2540.dat
1 71 20.18 -549.566 168.104 -1.018 0 0 0 -0.171 0.994 -0.003 0.958 0.176 3068.dat
1 72 20.18 -542.362 185.192 -1.018 0 0 0 -0.171 0.994 -0.003 0.958 0.176 3660.dat
1 72 20.18 -522.482 188.712 1.018 0 0 0 -0.171 -0.994 0.003 0.958 -0.176 3660.dat
1 71 20.18 -383.3235 241.9406 -1.018 0 0 0 -0.406418 0.922798 -0.003 0.886668 0.402556 2817.dat
1 72 -0.18 -387.3874 250.7513 0 -1.018 0 -0.922798 0 0.406418 -0.402556 -0.003 -0.886668 3062.dat
1 72 40.54 -387.3874 250.8713 0 1.018 0 0.922798 0 0.406418 0.402556 0.003 -0.886668 3062.dat
1 72 10 -380.0718 234.8154 0 0 1.018 0.922798 -0.406418 0 0.402556 0.886668 0.003 3023.dat
1 71 30.36 -287.7609 275.1286 -1.018 0 0 0 -0.406418 0.922798 -0.003 0.886668 0.402556 42445.dat
1 72 20.18 -386.0513 223.725 -1.018 0 0 0 -0.406418 0.922798 -0.003 0.886668 0.402556 3023.dat
1 0 20.18 -361.0876 217.5844 -1.018 0 0 0 -0.406418 0.922798 -0.003 0.886668 0.402556 3937.dat
1 71 20.18 -363.442 216.872 1.018 0 0 0 -0.171 -0.994 0.003 0.958 -0.176 6134.dat
1 72 50 -527.684 165.481 0 1 0 -0.176 0 0.984 0.984 0 0.176 44224.dat
1 71 50 -527.684 165.481 0 -1 0 -0.940144 0 -0.339584 0.339584 0 -0.940144 44225.dat
1 72 50 -309.444 194.361 0 0 -1 -0.984 -0.176 0 -0.176 0.984 0 3895.dat
1 0 40 -232.484 218.281 1 0 0 0 -0.176 -0.984 0 0.984 -0.176 2780.dat
1 0 40 -252.164 214.761 1 0 0 0 -0.176 -0.984 0 0.984 -0.176 2780.dat
1 0 40 -330.884 200.681 1 0 0 0 -0.176 -0.984 0 0.984 -0.176 2780.dat
1 0 40 -409.604 186.601 1 0 0 0 -0.176 -0.984 0 0.984 -0.176 2780.dat
1 1 60 -212.804 221.801 1 0 0 0 -0.176 -0.984 0 0.984 -0.176 4274.dat
1 1 60 -350.564 197.161 1 0 0 0 -0.176 -0.984 0 0.984 -0.176 4274.dat
1 1 60 -370.244 193.641 1 0 0 0 -0.176 -0.984 0 0.984 -0.176 4274.dat
1 1 60 -389.924 190.121 1 0 0 0 -0.176 -0.984 0 0.984 -0.176 4274.dat
1 71 50 -434.564 212.601 0 0 1 0.984 -0.176 0 0.176 0.984 0 3666.dat
1 71 50 -433.156 204.729 0 0 1 0.984 -0.176 0 0.176 0.984 0 3666.dat
1 71 50 -402.228 202.137 0 0 1 0.984 -0.176 0 0.176 0.984 0 3623.dat
1 71 50 -362.868 209.177 1 0 0 0 -0.176 -0.984 0 0.984 -0.176 3665.dat
1 71 50 -274.308 225.017 0 0 -1 -0.984 -0.176 0 -0.176 0.984 0 3666.dat
1 71 50 -288.356 190.009 0 0 -1 -0.984 -0.176 0 -0.176 0.984 0 4162.dat
1 72 50 -383.94 156.665 -1 0 0 0 -0.176 0.984 0 0.984 0.176 42022.dat
1 71 68 -281.684 209.481 0 -1 0 -0.984 0 0.176 -0.176 0 -0.984 4162.dat
1 71 68 -421.204 194.681 0 -1 0 -0.984 0 0.176 -0.176 0 -0.984 3795.dat
1 71 50 -603.763 20.208 0 0 1 -0.191 0.982 0 -0.982 -0.191 0 2730.dat
1 0 60 -605.403 -40.622 -1 0 0 0 0.982 -0.191 0 -0.191 -0.982 2780.dat
1 0 60 -582.483 77.218 -1 0 0 0 0.982 -0.191 0 -0.191 -0.982 2780.dat
1 71 70 -603.763 20.208 0 0 1 -0.191 0.982 0 -0.982 -0.191 0 2730.dat
1 0 90 -578.663 96.858 1 0 0 0 0.191 -0.982 0 0.982 0.191 6558.dat
1 0 90 -586.303 57.578 1 0 0 0 0.191 -0.982 0 0.982 0.191 6558.dat
1 19 90 -592.303 79.128 0 0 -1 0.191 0.982 0 0.982 -0.191 0 3701.dat
1 71 60 -595.475 -62.936 0 0 -1 0.191 0.982 0 0.982 -0.191 0 4032.dat
1 71 70 -596.339 100.296 1 0 0 0 0.982 0.191 0 -0.191 0.982 3021.dat
1 72 60 -626.899 -56.824 1 0 0 0 0.982 0.191 0 -0.191 0.982 3022.dat
1 72 70 -611.619 21.736 0 0 1 -0.191 0.982 0 -0.982 -0.191 0 6636.dat
1 72 50 -615.439 2.096 0 0 1 -0.191 0.982 0 -0.982 -0.191 0 44567.dat
1 0 50 -621.169 -27.364 0 0 1 -0.191 0.982 0 -0.982 -0.191 0 6141.dat
1 0 50 -609.709 31.556 0 0 1 -0.191 0.982 0 -0.982 -0.191 0 6141.dat
1 72 60 -612.051 103.352 0 0 1 -0.191 0.982 0 -0.982 -0.191 0 4740.dat
1 0 60 -604.195 101.824 0 0 1 -0.191 0.982 0 -0.982 -0.191 0 6141.dat
1 72 60 -642.611 -53.768 0 0 1 -0.191 0.982 0 -0.982 -0.191 0 4740.dat
1 0 60 -634.755 -55.296 0 0 1 -0.191 0.982 0 -0.982 -0.191 0 6141.dat
1 72 50 -623.295 3.624 0 0 1 -0.191 0.982 0 -0.982 -0.191 0 2431.dat
1 71 88 -609.212 -60.23 0 -1 0 0.94 0 0.34 -0.34 0 0.94 4032.dat
1 71 100 -609.212 -60.23 0 0 -1 0.942 -0.336 0 -0.336 -0.942 0 3713.dat
1 71 200 -553.491 153.057 -1 0 0 0 0.982 -0.191 0 -0.191 -0.982 3036.dat
1 72 160 -551.797 203.685 -1 0 0 0 0.982 -0.191 0 -0.191 -0.982 30244.dat
1 72 240 -551.797 203.685 -1 0 0 0 0.982 -0.191 0 -0.191 -0.982 30244.dat
1 72 130 -567.509 206.741 0 0 1 -0.191 0.982 0 -0.982 -0.191 0 3665.dat
1 72 270 -567.509 206.741 0 0 -1 0.191 0.982 0 0.982 -0.191 0 3665.dat
1 72 200 -567.509 206.741 -1 0 0 0 0.982 -0.191 0 -0.191 -0.982 3700.dat
1 1 200 -555.779 214.651 0 0 -1 0.191 0.982 0 0.982 -0.191 0 4274.dat
1 72 200 -554.251 222.507 0 0 -1 0.982 -0.191 0 -0.191 -0.982 0 4740.dat
1 72 130 -571.329 187.101 0 0 -1 0.191 0.982 0 0.982 -0.191 0 3040.dat
1 72 190 -571.329 187.101 0 0 1 -0.191 0.982 0 -0.982 -0.191 0 3040.dat
1 72 210 -571.329 187.101 0 0 -1 0.191 0.982 0 0.982 -0.191 0 3040.dat
1 72 270 -571.329 187.101 0 0 1 -0.191 0.982 0 -0.982 -0.191 0 3040.dat
1 72 270 -591.077 211.325 0 0 -1 0.191 0.982 0 0.982 -0.191 0 3040.dat
1 72 130 -591.077 211.325 0 0 1 -0.191 0.982 0 -0.982 -0.191 0 3040.dat
1 72 190 -594.897 191.685 0 0 1 -0.191 0.982 0 -0.982 -0.191 0 3665.dat
1 72 270 -594.897 191.685 0 0 1 -0.191 0.982 0 -0.982 -0.191 0 3665.dat
1 72 210 -594.897 191.685 0 0 -1 0.191 0.982 0 0.982 -0.191 0 3665.dat
1 72 130 -594.897 191.685 0 0 -1 0.191 0.982 0 0.982 -0.191 0 3665.dat
1 71 200 -591.077 211.325 1 0 0 0 0.982 0.191 0 -0.191 0.982 3004.dat
1 71 130 -600.627 162.225 0 0 1 -0.191 0.982 0 -0.982 -0.191 0 4864.dat
1 71 270 -600.627 162.225 0 0 -1 0.191 0.982 0 0.982 -0.191 0 4864.dat
1 71 200 -576.411 35.217 -1 0 0 0 0.982 -0.191 0 -0.191 -0.982 3036.dat
1 19 110 -592.339 79.081 0 0 1 -0.191 0.982 0 -0.982 -0.191 0 3701.dat
1 0 130 -582.519 77.171 1 0 0 0 0.982 0.191 0 -0.191 0.982 6558.dat
1 71 130 -596.159 59.441 0 0 1 -0.191 0.982 0 -0.982 -0.191 0 3702.dat
1 0 200 -584.267 36.745 0 0 1 -0.191 0.982 0 -0.982 -0.191 0 3709.dat
1 71 270 -596.159 59.441 0 0 -1 0.191 0.982 0 0.982 -0.191 0 3702.dat
1 0 270 -582.519 77.171 -1 0 0 0 0.982 -0.191 0 -0.191 -0.982 6558.dat
1 19 290 -592.339 79.081 0 0 -1 0.191 0.982 0 0.982 -0.191 0 3701.dat
1 71 200 -602.105 70.789 1 0 0 0 0.982 0.191 0 -0.191 0.982 3004.dat
1 71 200 -613.565 11.869 1 0 0 0 0.982 0.191 0 -0.191 0.982 3004.dat
1 72 200 -609.529 -9.299 1 0 0 0 0.982 0.191 0 -0.191 0.982 30414.dat
1 71 200 -606.357 132.765 1 0 0 0 0.982 0.191 0 -0.191 0.982 3702.dat
1 72 130 -615.907 83.665 0 0 1 -0.191 0.982 0 -0.982 -0.191 0 3037.dat
1 72 270 -615.907 83.665 0 0 -1 0.191 0.982 0 0.982 -0.191 0 3037.dat
1 72 200 -621.421 13.397 1 0 0 0 0.982 0.191 0 -0.191 0.982 3023.dat
1 72 200 -609.961 72.317 1 0 0 0 0.982 0.191 0 -0.191 0.982 3023.dat
1 72 240 -633.097 -4.715 1 0 0 0 0.982 0.191 0 -0.191 0.982 30414.dat
1 72 160 -633.097 -4.715 1 0 0 0 0.982 0.191 0 -0.191 0.982 30414.dat
1 71 270 -627.367 24.745 0 0 1 -0.191 0.982 0 -0.982 -0.191 0 3004.dat
1 71 130 -627.367 24.745 0 0 1 -0.191 0.982 0 -0.982 -0.191 0 3004.dat
1 0 200 -623.547 44.385 0 0 1 -0.191 0.982 0 -0.982 -0.191 0 3709.dat
1 71 200 -608.483 163.753 -1 0 0 0 0.982 -0.191 0 -0.191 -0.982 3036.dat
1 71 200 -603.147 -28.885 1 0 0 0 0.191 -0.982 0 0.982 0.191 3794.dat
1 71 200 -626.715 -24.301 1 0 0 0 0.191 -0.982 0 0.982 0.191 3794.dat
1 71 260 -628.243 -32.157 1 0 0 0 0.191 -0.982 0 0.982 0.191 47457.dat
1 71 140 -628.243 -32.157 1 0 0 0 0.191 -0.982 0 0.982 0.191 47457.dat
1 72 200 -614.429 175.101 1 0 0 0 0.982 0.191 0 -0.191 0.982 2412.dat
1 72 200 -610.609 194.741 1 0 0 0 0.982 0.191 0 -0.191 0.982 2412.dat
1 72 200 -622.069 135.821 1 0 0 0 0.982 0.191 0 -0.191 0.982 2412.dat
1 72 200 -625.889 116.181 1 0 0 0 0.982 0.191 0 -0.191 0.982 2412.dat
1 72 200 -623.763 85.193 1 0 0 0 0.982 0.191 0 -0.191 0.982 3034.dat
1 71 200 -631.403 45.913 1 0 0 0 0.982 0.191 0 -0.191 0.982 3738.dat
1 72 200 -639.043 6.633 1 0 0 0 0.982 0.191 0 -0.191 0.982 3034.dat
1 0 270 -660.701 21.037 1 0 0 0 0.982 0.191 0 -0.191 0.982 4070.dat
1 0 250 -664.521 1.397 1 0 0 0 0.982 0.191 0 -0.191 0.982 4070.dat
1 0 150 -664.521 1.397 1 0 0 0 0.982 0.191 0 -0.191 0.982 4070.dat
1 0 130 -660.701 21.037 1 0 0 0 0.982 0.191 0 -0.191 0.982 4070.dat
1 71 270 -645.421 99.597 0 0 -1 0.191 0.982 0 0.982 -0.191 0 4599.dat
1 71 270 -641.601 119.237 0 0 -1 0.191 0.982 0 0.982 -0.191 0 4599.dat
1 71 270 -637.781 138.877 0 0 -1 0.191 0.982 0 0.982 -0.191 0 4599.dat
1 71 270 -633.961 158.517 0 0 -1 0.191 0.982 0 0.982 -0.191 0 4599.dat
1 71 270 -630.141 178.157 0 0 -1 0.191 0.982 0 0.982 -0.191 0 4599.dat
1 71 130 -645.421 99.597 0 0 1 -0.191 0.982 0 -0.982 -0.191 0 4599.dat
1 71 130 -641.601 119.237 0 0 1 -0.191 0.982 0 -0.982 -0.191 0 4599.dat
1 71 130 -637.781 138.877 0 0 1 -0.191 0.982 0 -0.982 -0.191 0 4599.dat
1 71 130 -633.961 158.517 0 0 1 -0.191 0.982 0 -0.982 -0.191 0 4599.dat
1 71 130 -630.141 178.157 0 0 1 -0.191 0.982 0 -0.982 -0.191 0 4599.dat
1 72 200 -648.809 -1.659 1 0 0 0 0.982 0.191 0 -0.191 0.982 3710.dat
1 0 200 -680.233 4.453 1 0 0 0 0.982 0.191 0 -0.191 0.982 6191.dat
1 72 200 -629.709 96.541 -1 0 0 0 0.982 -0.191 0 -0.191 -0.982 3710.dat
1 0 200 -661.133 102.653 -1 0 0 0 0.982 -0.191 0 -0.191 -0.982 6191.dat
1 72 250 -639.259 47.441 0 0 -1 0.191 0.982 0 0.982 -0.191 0 3710.dat
1 0 250 -670.683 53.553 0 0 -1 0.191 0.982 0 0.982 -0.191 0 6191.dat
1 72 150 -639.259 47.441 0 0 1 -0.191 0.982 0 -0.982 -0.191 0 3710.dat
1 0 150 -670.683 53.553 0 0 1 -0.191 0.982 0 -0.982 -0.191 0 6191.dat
1 16 200 -629.771 -40.013 0 0 -1 -0.982 0.191 0 0.191 0.982 0 750.dat
1 16 200 -629.771 -40.013 0 0 1 -0.982 -0.191 0 0.191 -0.982 0 755.dat
1 16 150 -658.903 -22.117 0 0 -1 -0.982 0.191 0 0.191 0.982 0 750.dat
1 16 150 -658.903 -22.117 0 0 1 -0.982 -0.191 0 0.191 -0.982 0 755.dat
1 16 199.9818 -630.8821 -45.6646 0.000113 0.010116 -0.999949 -0.980743 0.197343 0.001885 0.197351 0.980693 0.009944 754.dat
1 16 199.9212 -631.4004 -48.126 0.000618 0.029614 -0.999561 -0.978206 0.209492 0.005602 0.209566 0.977773 0.029098 754.dat
1 16 199.8132 -631.9481 -50.5794 0.001638 0.04947 -0.998774 -0.97547 0.221756 0.009384 0.221948 0.974259 0.04862 754.dat
1 16 199.6512 -632.5287 -53.0221 0.003397 0.07184 -0.99741 -0.972206 0.235445 0.013647 0.235816 0.969642 0.070643 754.dat
1 16 199.4286 -633.1464 -55.4508 0.006022 0.096116 -0.995352 -0.968451 0.250146 0.018297 0.250742 0.963839 0.09459 754.dat
1 16 199.143 -633.8018 -57.863 0.009609 0.121647 -0.992527 -0.964268 0.265431 0.023196 0.266269 0.956839 0.119851 754.dat
1 16 198.7904 -634.4971 -60.255 0.014406 0.149021 -0.988729 -0.959524 0.281616 0.028464 0.282683 0.9483 0.147047 754.dat
1 16 198.3651 -635.2349 -62.6221 0.020732 0.178738 -0.983678 -0.954079 0.298943 0.034211 0.300179 0.937798 0.176728 754.dat
1 16 197.8606 -636.0184 -64.9587 0.029009 0.211257 -0.977 -0.94778 0.317608 0.040535 0.318866 0.924806 0.209439 754.dat
1 16 197.2691 -636.8513 -67.2574 0.039684 0.246784 -0.968258 -0.940505 0.337635 0.047507 0.338642 0.908766 0.2455 754.dat
1 16 196.583 -637.7368 -69.5094 0.053313 0.285515 -0.95689 -0.932131 0.359014 0.055188 0.359295 0.889005 0.285278 754.dat
1 16 195.7937 -638.6783 -71.7038 0.070596 0.327749 -0.942124 -0.9225 0.381763 0.063683 0.380541 0.864613 0.329299 754.dat
1 16 194.8925 -639.6793 -73.8275 0.092047 0.373097 -0.923215 -0.91162 0.405497 0.072982 0.40159 0.834904 0.377447 754.dat
1 16 193.8724 -640.741 -75.8658 0.118748 0.42207 -0.898752 -0.899329 0.430218 0.083214 0.421781 0.798393 0.430667 754.dat
1 16 192.7221 -641.8668 -77.7968 0.15207 0.475254 -0.866608 -0.885441 0.455898 0.094643 0.440064 0.752937 0.490137 754.dat
1 16 191.4323 -643.0577 -79.5953 0.192877 0.531987 -0.824493 -0.870191 0.481734 0.107262 0.454248 0.696778 0.555846 754.dat
1 16 189.9962 -644.3124 -81.2307 0.241533 0.591037 -0.769634 -0.854137 0.506579 0.120972 0.461379 0.628154 0.627182 754.dat
1 16 188.4113 -645.6259 -82.6699 0.297036 0.650099 -0.699386 -0.838385 0.528751 0.135419 0.457837 0.54613 0.702091 754.dat
1 16 186.6825 -646.9881 -83.8777 0.357999 0.707434 -0.609404 -0.824342 0.546541 0.150193 0.439316 0.448589 0.778829 754.dat
1 16 184.8184 -648.3851 -84.81 0.419882 0.759281 -0.497184 -0.813963 0.557854 0.164525 0.402277 0.335609 0.852259 754.dat
1 16 182.8411 -649.7964 -85.4371 0.474826 0.801069 -0.364457 -0.809626 0.560376 0.176888 0.345932 0.211084 0.914648 754.dat
1 16 180.7823 -651.1971 -85.7356 0.515355 0.829669 -0.214615 -0.812722 0.552921 0.185919 0.272916 0.078608 0.959241 754.dat
1 16 178.6783 -652.5618 -85.6953 0.53518 0.84275 -0.057912 -0.823074 0.535777 0.190516 0.191586 -0.054295 0.980384 754.dat
1 16 176.5674 -653.8679 -85.331 0.53249 0.840878 0.096841 -0.839509 0.5097 0.190359 0.110708 -0.182663 0.977335 754.dat
1 16 174.486 -655.0925 -84.6492 0.506499 0.823864 0.254377 -0.86197 0.472633 0.185558 0.032647 -0.31325 0.949534 754.dat
1 16 172.8363 -656.0141 -83.8253 0.456704 0.788321 0.412276 -0.889235 0.423453 0.175367 -0.036333 -0.446701 0.894395 756.dat
1 16 169.6799 -657.6959 -81.9008 0.396739 -0.740422 -0.542562 -0.914624 -0.371725 -0.161518 -0.082093 0.560321 -0.824686 754.dat
1 16 167.8629 -658.5914 -80.415 0.344582 -0.694963 -0.631101 -0.933426 -0.327684 -0.148809 -0.103386 0.640364 -0.761611 754.dat
1 16 166.1507 -659.3851 -78.7552 0.30128 -0.654085 -0.693832 -0.947456 -0.289942 -0.138077 -0.110856 0.698975 -0.707071 754.dat
1 16 164.5388 -660.087 -76.9584 0.261412 -0.613013 -0.745572 -0.959243 -0.253619 -0.127804 -0.110746 0.748595 -0.654328 754.dat
1 16 163.0319 -660.6968 -75.0409 0.224749 -0.571622 -0.789136 -0.969126 -0.218477 -0.117754 -0.105098 0.791238 -0.603077 754.dat
1 16 161.6277 -661.22 -73.0217 0.193014 -0.532343 -0.824231 -0.976913 -0.18621 -0.108501 -0.09572 0.826144 -0.555994 754.dat
1 16 160.3189 -661.665 -70.9213 0.165027 -0.494365 -0.853446 -0.983141 -0.155767 -0.099877 -0.083563 0.85554 -0.511736 754.dat
1 16 159.1065 -662.0334 -68.7492 0.140217 -0.457461 -0.878105 -0.988077 -0.126919 -0.091657 -0.069518 0.880487 -0.469802 754.dat
1 16 157.9838 -662.3317 -66.5185 0.118517 -0.42197 -0.89883 -0.991872 -0.099719 -0.08397 -0.054198 0.901476 -0.430359 754.dat
1 16 156.9504 -662.562 -64.237 0.099083 -0.38697 -0.916753 -0.994766 -0.073408 -0.076528 -0.037683 0.919538 -0.392219 754.dat
1 16 156.0046 -662.7267 -61.9119 0.082413 -0.353844 -0.931667 -0.996778 -0.048951 -0.069581 -0.020985 0.934399 -0.356738 754.dat
1 16 155.1394 -662.8321 -59.5523 0.068225 -0.322631 -0.944063 -0.998062 -0.026248 -0.063157 -0.004403 0.946542 -0.323796 754.dat
1 16 154.3518 -662.8812 -57.1637 0.055797 -0.292295 -0.954699 -0.998767 -0.004501 -0.056995 0.012362 0.956702 -0.292186 754.dat
1 16 153.6398 -662.8763 -54.7509 0.044908 -0.262613 -0.963856 -0.998964 0.016492 -0.051036 0.029298 0.965149 -0.2616 754.dat
1 16 153.0025 -662.8187 -52.318 0.035729 -0.234572 -0.971442 -0.998719 0.036062 -0.04544 0.045691 0.971821 -0.232984 754.dat
1 16 152.433 -662.714 -49.8697 0.028093 -0.208177 -0.977688 -0.998118 0.054274 -0.040236 0.061439 0.976978 -0.206261 754.dat
1 16 151.9296 -662.5638 -47.4093 0.021564 -0.182505 -0.982968 -0.997202 0.07179 -0.035206 0.076992 0.980978 -0.180447 754.dat
1 16 151.4902 -662.3701 -44.9397 0.016156 -0.158034 -0.987301 -0.996032 0.088307 -0.030434 0.091996 0.983876 -0.155981 754.dat
1 16 151.1105 -662.1361 -42.4637 0.011594 -0.133782 -0.990943 -0.994594 0.104514 -0.025746 0.107012 0.985885 -0.131848 754.dat
1 16 150.7934 -661.8605 -39.9831 0.007854 -0.110058 -0.993894 -0.992929 0.120206 -0.021157 0.1218 0.987032 -0.108336 754.dat
1 16 150.5342 -661.5466 -37.5002 0.005044 -0.088064 -0.996102 -0.99116 0.134616 -0.016919 0.135581 0.987382 -0.086606 754.dat
1 16 150.3291 -661.1974 -35.0171 0.002956 -0.067156 -0.997738 -0.989281 0.148193 -0.012906 0.148723 0.987082 -0.065998 754.dat
1 16 150.1761 -660.8145 -32.535 0.00149 -0.047276 -0.998881 -0.987321 0.160991 -0.009092 0.16124 0.986231 -0.046436 754.dat
1 16 150.0718 -660.4002 -30.0555 0.000568 -0.028267 -0.9996 -0.985292 0.173129 -0.005456 0.173214 0.984902 -0.027753 754.dat
1 16 150.0159 -659.9739 -27.6763 0.000099 -0.009437 -0.999955 -0.983136 0.185058 -0.001844 0.185067 0.983092 -0.00926 754.dat
1 71 200 -662.827 52.025 -1 0 0 0 0.982 -0.191 0 -0.191 -0.982 30516.dat
1 0 200 -702.107 59.665 -1 0 0 0 0.982 -0.191 0 -0.191 -0.982 87081.dat
1 16 250 -658.903 -22.117 0 0 -1 -0.982 0.191 0 0.191 0.982 0 750.dat
1 16 250 -658.903 -22.117 0 0 1 -0.982 -0.191 0 0.191 -0.982 0 755.dat
1 16 200 -606.203 -44.597 0 0 -1 -0.982 0.191 0 0.191 0.982 0 750.dat
1 16 200 -606.203 -44.597 0 0 1 -0.982 -0.191 0 0.191 -0.982 0 755.dat
1 16 249.9599 -660.0037 -28.0117 -0.0008 0.020189 -0.999796 -0.986062 0.16873 0.004195 0.168781 0.985864 0.019773 754.dat
1 16 249.835 -660.3883 -30.7216 -0.00431 0.05907 -0.998245 -0.992451 0.125331 0.011702 0.125802 0.99076 0.058084 754.dat
1 16 249.6241 -660.6279 -33.1913 -0.010262 0.094051 -0.995514 -0.996554 0.085709 0.018371 0.087053 0.992273 0.092848 754.dat
1 16 249.3321 -660.7748 -35.6599 -0.019258 0.12907 -0.991449 -0.999044 0.045552 0.025336 0.048433 0.990988 0.128069 754.dat
1 16 248.9452 -660.8116 -38.1192 -0.032679 0.16806 -0.985235 -0.999852 0.000174 0.033194 0.00575 0.986174 0.168029 754.dat
1 16 248.4575 -660.7297 -40.56 -0.049621 0.206785 -0.977127 -0.998517 -0.045656 0.041045 -0.036123 0.977714 0.208744 754.dat
1 16 247.879 -660.5389 -42.9745 -0.069445 0.243564 -0.967395 -0.995163 -0.089845 0.048818 -0.075025 0.966107 0.248625 754.dat
1 16 247.2097 -660.2378 -45.3539 -0.092773 0.2799 -0.955536 -0.989732 -0.134207 0.056781 -0.112347 0.950992 0.289477 754.dat
1 16 246.4512 -659.8262 -47.6894 -0.119487 0.315467 -0.941384 -0.982231 -0.178367 0.064899 -0.147438 0.932412 0.331174 754.dat
1 16 245.6061 -659.3058 -49.9727 -0.149342 0.349899 -0.924807 -0.972742 -0.221875 0.073137 -0.179601 0.910521 0.373497 754.dat
1 16 244.6777 -658.6785 -52.196 -0.182039 0.382925 -0.905666 -0.96139 -0.264385 0.081456 -0.208253 0.885526 0.416268 754.dat
1 16 243.67 -657.9476 -54.352 -0.217225 0.414324 -0.883826 -0.94834 -0.305594 0.089823 -0.232877 0.857679 0.459303 754.dat
1 16 242.5872 -657.1166 -56.4341 -0.254535 0.443964 -0.859132 -0.93377 -0.345302 0.09821 -0.253059 0.827229 0.502452 754.dat
1 16 241.4338 -656.1896 -58.4362 -0.293572 0.471748 -0.831426 -0.917871 -0.383351 0.106583 -0.268448 0.794431 0.545545 754.dat
1 16 240.2146 -655.1708 -60.3531 -0.333908 0.497616 -0.800552 -0.900843 -0.419622 0.114906 -0.278751 0.759539 0.588389 754.dat
1 16 238.9344 -654.0649 -62.18 -0.375117 0.521555 -0.766333 -0.882878 -0.454056 0.123142 -0.283733 0.722772 0.630794 754.dat
1 16 237.5981 -652.8765 -63.9124 -0.416626 0.543507 -0.728713 -0.864216 -0.486537 0.131216 -0.283229 0.684433 0.672411 754.dat
1 16 236.2102 -651.6102 -65.5464 -0.459485 0.56426 -0.685919 -0.84437 -0.518072 0.139446 -0.276672 0.643243 0.71449 754.dat
1 16 234.7728 -650.266 -67.0714 -0.50202 0.583072 -0.638751 -0.823915 -0.547956 0.147356 -0.264089 0.600252 0.755486 754.dat
1 16 233.2935 -648.8536 -68.4913 -0.540913 0.598944 -0.590491 -0.804479 -0.574246 0.154468 -0.246569 0.558592 0.792454 754.dat
1 16 231.7791 -647.3815 -69.809 -0.578396 0.613279 -0.53791 -0.784986 -0.598802 0.161367 -0.223138 0.515586 0.827759 754.dat
1 16 230.2307 -645.8481 -71.0123 -0.615352 0.626458 -0.478426 -0.764671 -0.622767 0.168058 -0.192667 0.469254 0.862256 754.dat
1 16 228.6517 -644.2565 -72.0943 -0.65292 0.639295 -0.406197 -0.742529 -0.64718 0.174971 -0.151025 0.415855 0.897252 754.dat
1 16 227.3344 -642.8998 -72.8674 -0.691602 0.651862 -0.311066 -0.71683 -0.673663 0.182038 -0.090889 0.348879 0.933181 756.dat
1 16 224.6961 -640.1533 -74.2212 -0.721594 -0.660365 0.207894 -0.692263 0.697544 -0.187113 -0.021452 -0.278937 -0.960489 754.dat
1 16 223.0508 -638.4006 -74.8645 -0.738112 -0.664739 0.115381 -0.673534 0.714928 -0.189828 0.043697 -0.217827 -0.975421 754.dat
1 16 221.3971 -636.6103 -75.3649 -0.744876 -0.666702 0.025867 -0.658598 0.728413 -0.190965 0.108475 -0.159282 -0.981665 754.dat
1 16 219.7403 -634.7876 -75.7175 -0.742639 -0.666189 -0.068399 -0.646025 0.739716 -0.190467 0.177483 -0.097261 -0.979717 754.dat
1 16 218.0873 -632.9388 -75.9129 -0.73022 -0.662785 -0.165814 -0.636591 0.748435 -0.188156 0.248808 -0.031839 -0.968445 754.dat
1 16 216.445 -631.0699 -75.9434 -0.706985 -0.656139 -0.26392 -0.631184 0.754056 -0.183874 0.319658 0.036587 -0.947251 754.dat
1 16 214.822 -629.1899 -75.8026 -0.671898 -0.645656 -0.362878 -0.630672 0.756026 -0.177431 0.388905 0.109641 -0.915171 754.dat
1 16 213.2291 -627.3079 -75.4745 -0.625461 -0.630532 -0.459596 -0.635723 0.753741 -0.168927 0.45293 0.186518 -0.872279 754.dat
1 16 211.6772 -625.4352 -74.9539 -0.570852 -0.611033 -0.548422 -0.646563 0.746666 -0.158901 0.506583 0.263881 -0.821308 754.dat
1 16 210.1763 -623.5837 -74.2426 -0.508973 -0.586544 -0.63001 -0.663565 0.734023 -0.1473 0.54884 0.343081 -0.762807 754.dat
1 16 208.7415 -621.7687 -73.3316 -0.440165 -0.555568 -0.705408 -0.687049 0.714681 -0.134162 0.578677 0.425597 -0.69628 754.dat
1 16 207.3892 -620.0076 -72.2124 -0.369387 -0.518593 -0.771113 -0.715571 0.688677 -0.120372 0.593471 0.507321 -0.625477 754.dat
1 16 206.1322 -618.3163 -70.8926 -0.302137 -0.477494 -0.825053 -0.746833 0.657001 -0.106743 0.59303 0.583927 -0.555113 754.dat
1 16 204.9789 -616.7073 -69.3879 -0.2394 -0.432171 -0.869434 -0.780013 0.619444 -0.093131 0.578814 0.655874 -0.485395 754.dat
1 16 203.9426 -615.1975 -67.7063 -0.182221 -0.38276 -0.905699 -0.813849 0.57627 -0.079798 0.552471 0.722561 -0.416517 754.dat
1 16 203.0309 -613.7985 -65.8633 -0.133284 -0.33151 -0.93399 -0.846121 0.5295 -0.067195 0.516823 0.781312 -0.351071 754.dat
1 16 202.2469 -612.5181 -63.8809 -0.093168 -0.279916 -0.955493 -0.875654 0.480588 -0.055408 0.474708 0.831519 -0.289886 754.dat
1 16 201.5912 -611.3609 -61.7788 -0.061894 -0.229824 -0.971262 -0.901378 0.431652 -0.044698 0.42952 0.872708 -0.233875 754.dat
1 16 201.0568 -610.3237 -59.5817 -0.038409 -0.181679 -0.982608 -0.923407 0.383295 -0.034774 0.382945 0.906011 -0.182485 754.dat
1 16 200.6419 -609.4075 -57.306 -0.021377 -0.135537 -0.990542 -0.941977 0.335898 -0.025632 0.336194 0.93252 -0.134853 754.dat
1 16 200.3391 -608.6074 -54.9692 -0.010198 -0.092965 -0.995617 -0.956901 0.291279 -0.017397 0.291619 0.952529 -0.091928 754.dat
1 16 200.1393 -607.916 -52.5868 -0.003691 -0.054358 -0.998515 -0.968583 0.250101 -0.010035 0.250275 0.967108 -0.053574 754.dat
1 16 200.032 -607.3295 -50.2011 -0.000629 -0.018039 -0.999837 -0.977945 0.210755 -0.003187 0.210778 0.977784 -0.017774 754.dat
1 16 270 -655.083 -2.477 0 0 -1 -0.982 0.191 0 0.191 0.982 0 750.dat
1 16 270 -655.083 -2.477 0 0 1 -0.982 -0.191 0 0.191 -0.982 0 755.dat
1 16 230 -604.675 -36.741 0 0 -1 -0.982 0.191 0 0.191 0.982 0 750.dat
1 16 230 -604.675 -36.741 0 0 1 -0.982 -0.191 0 0.191 -0.982 0 755.dat
1 16 269.9684 -656.1821 -8.3595 -0.000611 0.015816 -0.999875 -0.985984 0.169204 0.003279 0.169234 0.985862 0.015491 754.dat
1 16 269.8716 -656.5664 -11.0456 -0.003239 0.045872 -0.998942 -0.992219 0.127377 0.009066 0.127658 0.991198 0.045102 754.dat
1 16 269.7103 -656.8124 -13.4935 -0.007579 0.072354 -0.99735 -0.996238 0.090088 0.014106 0.09087 0.993705 0.071399 754.dat
1 16 269.4889 -656.9731 -15.9436 -0.013955 0.098384 -0.995051 -0.998808 0.053071 0.019255 0.054703 0.994133 0.097527 754.dat
1 16 269.1985 -657.0348 -18.3907 -0.023161 0.126748 -0.991665 -1.000017 0.012271 0.024925 0.015329 0.992258 0.126465 754.dat
1 16 268.8368 -656.9929 -20.8292 -0.034359 0.15425 -0.987434 -0.999553 -0.027787 0.03044 -0.022743 0.988039 0.155136 754.dat
1 16 268.4121 -656.8585 -23.2538 -0.047254 0.180242 -0.982487 -0.997575 -0.066056 0.035862 -0.058436 0.981798 0.182926 754.dat
1 16 267.9231 -656.6287 -25.6589 -0.062493 0.206308 -0.976489 -0.994025 -0.104881 0.041457 -0.093863 0.973246 0.21163 754.dat
1 16 267.3707 -656.3034 -28.0392 -0.079217 0.231084 -0.969704 -0.989125 -0.142253 0.046904 -0.127104 0.962874 0.239839 754.dat
1 16 266.7605 -655.8904 -30.3917 -0.097849 0.2552 -0.961925 -0.982858 -0.178998 0.05249 -0.158788 0.950571 0.26834 754.dat
1 16 266.0894 -655.3837 -32.7089 -0.119497 0.279955 -0.952547 -0.974788 -0.217204 0.05845 -0.190533 0.935516 0.298852 754.dat
1 16 265.3576 -654.7821 -34.9849 -0.142879 0.303727 -0.941985 -0.965364 -0.254423 0.064391 -0.220105 0.918558 0.32956 754.dat
1 16 264.5705 -654.0933 -37.2172 -0.167567 0.326158 -0.930345 -0.954868 -0.289977 0.070326 -0.246841 0.900141 0.360029 754.dat
1 16 263.7293 -653.3177 -39.4008 -0.193971 0.34776 -0.9173 -0.943158 -0.3247 0.076342 -0.271298 0.879966 0.390975 754.dat
1 16 262.8366 -652.4587 -41.532 -0.221965 0.368459 -0.902757 -0.930337 -0.358441 0.08245 -0.293205 0.858169 0.422353 754.dat
1 16 261.8944 -651.5178 -43.6064 -0.251718 0.388402 -0.886443 -0.916359 -0.391439 0.0887 -0.312537 0.834627 0.454448 754.dat
1 16 260.9044 -650.4969 -45.6197 -0.283151 0.407545 -0.868178 -0.901281 -0.423622 0.095088 -0.329027 0.809396 0.487262 754.dat
1 16 259.8688 -649.3983 -47.5682 -0.316233 0.425877 -0.847718 -0.885145 -0.454966 0.101629 -0.342402 0.782492 0.520838 754.dat
1 16 258.7894 -648.2236 -49.4472 -0.351099 0.443476 -0.824657 -0.867898 -0.485608 0.108363 -0.352404 0.753764 0.555389 754.dat
1 16 257.6679 -646.9746 -51.2523 -0.38773 0.460327 -0.798602 -0.849543 -0.515546 0.115294 -0.358643 0.72315 0.590961 754.dat
1 16 256.5063 -645.653 -52.9785 -0.426384 0.476537 -0.768836 -0.829949 -0.544961 0.122499 -0.36061 0.690327 0.627865 754.dat
1 16 255.3048 -644.2576 -54.6171 -0.47273 0.494274 -0.729534 -0.806314 -0.577438 0.131256 -0.356384 0.650283 0.671512 754.dat
1 16 254.1701 -642.9061 -56.0081 -0.533705 0.515163 -0.670646 -0.774638 -0.616747 0.142703 -0.340104 0.595669 0.728226 756.dat
1 16 251.9718 -640.2541 -58.4915 -0.596408 -0.533491 0.599737 -0.740371 0.655033 -0.153582 -0.310912 -0.535626 -0.785649 754.dat
1 16 250.6475 -638.613 -59.7673 -0.646859 -0.5465 0.531893 -0.711498 0.684302 -0.162191 -0.275338 -0.483356 -0.831481 754.dat
1 16 249.2955 -636.9088 -60.9252 -0.692845 -0.55774 0.457047 -0.683926 0.70993 -0.170437 -0.229412 -0.430673 -0.873324 754.dat
1 16 247.9163 -635.1392 -61.9442 -0.736664 -0.567386 0.367966 -0.654984 0.734907 -0.178079 -0.169381 -0.372197 -0.913008 754.dat
1 16 246.5155 -633.3103 -62.8189 -0.773318 -0.575053 0.267008 -0.62694 0.757446 -0.184466 -0.096167 -0.310049 -0.94627 754.dat
1 16 245.0985 -631.4279 -63.5381 -0.800866 -0.580911 0.145451 -0.599075 0.778516 -0.189274 -0.003284 -0.23872 -0.971497 754.dat
1 16 243.6702 -629.4932 -64.0715 -0.812154 -0.583437 0.002448 -0.573317 0.797266 -0.190995 0.109482 -0.15652 -0.981998 754.dat
1 16 242.2397 -627.515 -64.395 -0.79984 -0.58129 -0.149525 -0.554314 0.811193 -0.188433 0.230828 -0.067833 -0.971042 754.dat
1 16 240.8183 -625.5068 -64.4987 -0.760745 -0.574025 -0.302923 -0.545678 0.818703 -0.181013 0.35191 0.027594 -0.936058 754.dat
1 16 239.4205 -623.4854 -64.3622 -0.692331 -0.559694 -0.455434 -0.550664 0.818083 -0.168268 0.466762 0.134294 -0.874588 754.dat
1 16 238.0658 -621.4728 -63.9512 -0.600642 -0.536249 -0.593014 -0.571029 0.807301 -0.151648 0.560061 0.247542 -0.791112 754.dat
1 16 236.7734 -619.4951 -63.2626 -0.497413 -0.504188 -0.705957 -0.606629 0.784338 -0.13274 0.620635 0.362227 -0.695995 754.dat
1 16 235.5673 -617.5854 -62.2897 -0.391622 -0.462791 -0.795271 -0.654328 0.748228 -0.113199 0.647432 0.476037 -0.59584 754.dat
1 16 234.4686 -615.7749 -61.0378 -0.295204 -0.414461 -0.860858 -0.707341 0.70104 -0.094956 0.642852 0.580889 -0.500115 754.dat
1 16 233.4902 -614.0877 -59.5384 -0.213553 -0.361966 -0.907401 -0.76071 0.644982 -0.078256 0.613583 0.673557 -0.413089 754.dat
1 16 232.6436 -612.5455 -57.818 -0.147124 -0.306923 -0.940294 -0.810708 0.582704 -0.063353 0.567357 0.752983 -0.334555 754.dat
1 16 231.932 -611.1599 -55.9121 -0.096888 -0.253057 -0.962588 -0.8538 0.518924 -0.050483 0.512285 0.816966 -0.266338 754.dat
