0 Main
0 Name: 30542-1 - Cute Pug - Cute Pug.mpd
0 Author: LTRON
1 15 60 -32 0 1 0 0 0 1 0 0 0 1 3020.dat
1 19 59.9998 -40 -0 1.000007 0 0 0 1 0 0 0 1.000007 3022.dat
1 19 90 -56 -10.0001 1.000007 0 0 0 1 0 0 0 1.000007 6541.dat
1 0 90 -46 -20.0002 0 0 1.000007 0 1 0 -1.000007 0 0 2780.dat
1 0 90 -46 20.0001 0 0 1.000007 0 1 0 -1.000007 0 0 2780.dat
1 19 90 -56 10.0001 1.000007 0 0 0 1 0 0 0 1.000007 6541.dat
1 19 90 -64 10.0001 0 0 -1.000007 0 1 0 1.000007 0 0 15070.dat
1 19 90 -64 -10.0001 1.000007 0 0 0 1 0 0 0 1.000007 3024.dat
1 19 69.9996 -64 0.0002 0 0 1 0 1 0 -1 0 0 3004.dat
1 19 49.9998 -48 -0 0.000001 0 1.000007 0 1 0 -1.000007 0 0.000001 15573.dat
1 19 49.9998 -72 -0 0.000001 0 1.000007 0 1 0 -1.000007 0 0.000001 3004.dat
1 19 29.9996 -56 -20.0002 0 0 1.000007 0 1 0 -1.000007 0 0 3004.dat
1 19 29.9996 -56 20.0001 0 0 1.000007 0 1 0 -1.000007 0 0 3004.dat
1 19 29.9996 -80 -0.0001 0 0 1.000007 0 1 0 -1.000007 0 0 3700.dat
1 19 59.9998 -88 -10.0001 0 0 -1.000007 0 1 0 1.000007 0 0 61678.dat
1 19 59.9998 -88 10.0001 0 0 -1.000007 0 1 0 1.000007 0 0 61678.dat
1 19 29.9996 -56 -30.0003 1.000007 0 0 0 1 0 0 0 1.000007 54200.dat
1 19 29.9996 -56 30.0001 -1.000007 0 0 0 1 0 0 0 -1.000007 54200.dat
1 19 90 -56 30.0001 1.000007 0 0 0 1 0 0 0 1.000007 6541.dat
1 19 90 -56 30.0001 -1.000007 0 0 0 1 0 0 0 -1.000007 54200.dat
1 0 90 -8 30 0 0 1.000007 0 1 0 -1.000007 0 0 26047.dat
1 19 90 -32 30.0001 1.000007 0 0 0 1 0 0 0 1.000007 3062.dat
1 19 82.3396 -39.5721 -30.0003 -0.642789 0.766044 0 -0.766044 -0.642789 0 0.000001 0 1 6541.dat
1 19 82.3396 -39.5721 -30.0003 -0.642789 0.766044 0 -0.766044 -0.642789 0 0.000001 0 1 54200.dat
1 0 119.1098 -70.426 -30.0004 0 0.766044 -0.642789 0 -0.642789 -0.766044 -1 0 0.000001 26047.dat
1 19 100.7248 -54.9991 -30.0003 -0.642789 0.766044 0 -0.766044 -0.642789 0 0.000001 0 1 3062.dat
1 0 29.9996 -8 30 0 0 1.000007 0 1 0 -1.000007 0 0 26047.dat
1 0 29.9996 -8 -30.0004 0 0 1.000007 0 1 0 -1.000007 0 0 26047.dat
1 19 29.9996 -32 -30.0003 1.000007 0 0 0 1 0 0 0 1.000007 3062.dat
1 19 29.9996 -32 30.0001 1.000007 0 0 0 1 0 0 0 1.000007 3062.dat
1 19 -0.0004 -48.7496 5.694 0 0 1.000001 0.258821 0.965926 0 -0.965927 0.258821 0 3021.dat
1 19 -0.0004 -56.4771 3.6234 0 0 1.000001 0.258821 0.965926 0 -0.965927 0.258821 0 3021.dat
1 19 9.9996 -41.0222 7.7646 0 0 1.000001 0.258821 0.965926 0 -0.965927 0.258821 0 3623.dat
1 0 -30.0004 -53.926 25.0125 0 0 1.000001 0.258821 0.965926 0 -0.965927 0.258821 0 24201.dat
1 0 -30.0005 -43.5732 -13.6245 0 0 1.000001 0.258821 0.965926 0 -0.965927 0.258821 0 24201.dat
1 0 -30.0004 -48.7496 5.694 0 0 1.000001 0.258821 0.965926 0 -0.965927 0.258821 0 24201.dat
1 0 -30.0004 -56.4771 3.6235 0 0 1.000001 0.258821 0.965926 0 -0.965927 0.258821 0 3623.dat
1 19 -10.0005 -64.2045 1.5529 0 0 1.000001 0.258821 0.965926 0 -0.965927 0.258821 0 3623.dat
1 4 -30.0004 -64.2045 1.5529 0 0 1.000001 0.258821 0.965926 0 -0.965927 0.258821 0 4081.dat
1 19 9.9996 -79.6593 -2.5883 0 0 1.000001 0.258821 0.965926 0 -0.965927 0.258821 0 6541.dat
1 0 19.9997 -70 -0.0001 -1.000001 0 0.000001 0 0.965926 0.258821 -0.000001 0.258821 -0.965927 2780.dat
1 19 9.9996 -74.4828 -21.9068 0 0 1.000001 0.258821 0.965926 0 -0.965927 0.258821 0 3005.dat
1 19 9.9996 -84.8358 16.7303 0 0 1.000001 0.258821 0.965926 0 -0.965927 0.258821 0 3005.dat
1 0 -20.0003 -71.9319 -0.5177 -1.000001 0 0.000001 0 0.965926 0.258821 -0.000001 0.258821 -0.965927 3023.dat
1 0 -30.0008 -51.3008 -15.695 1.000001 0 0 0 0.965926 -0.258822 0 0.258821 0.965928 54200.dat
1 0 -30.0004 -61.6535 22.942 -1.000001 0 0.000001 0 0.965926 0.258821 -0.000001 0.258821 -0.965927 54200.dat
1 19 -10.0005 -79.6593 -2.5883 0 0 1.000001 0.258821 0.965926 0 -0.965927 0.258821 0 3024.dat
1 19 -10.0005 -87.3867 -4.6589 0 0 1.000001 0.258821 0.965926 0 -0.965927 0.258821 0 3024.dat
1 19 -10.0005 -82.2102 -23.9774 0 0 1.000001 0.258821 0.965926 0 -0.965927 0.258821 0 26604.dat
1 19 -10.0005 -92.5632 14.6597 -1.000001 0 0.000001 0 0.965926 0.258821 -0.000001 0.258821 -0.965927 26604.dat
1 15 -28.0005 -72.5509 -21.3891 0 1 0 0.258821 0 -0.965926 -0.965926 0 -0.258821 98138.dat
1 15 -28.0004 -82.9039 17.2479 0 1.000001 0 0.258821 0 -0.965926 -0.965927 0 -0.258821 98138.dat
1 0 -10.0005 -85.4921 26.9071 1.000001 0.000001 0 0 0.258822 0.965926 0.000001 -0.965928 0.258821 54200.dat
1 0 -10.0005 -69.9628 -31.0485 -1.000001 0 0 0 -0.258822 0.965926 0 0.965928 0.258821 54200.dat
1 19 -0.0004 -84.8358 16.7303 0 0 -1.000001 -0.258821 0.965926 0 0.965927 0.258821 0 11477.dat
1 19 -0.0004 -74.4828 -21.9068 0 0 -1.000001 -0.258821 0.965926 0 0.965927 0.258821 0 11477.dat
1 19 -0.0004 -79.6593 -2.5883 0 0 -1.000001 -0.258821 0.965926 0 0.965927 0.258821 0 11477.dat
