0 Main
0 Name: 30542-1 - Cute Pug - Turkey.mpd
0 Author: LTRON
1 15 0 -40 -20.0001 1 0 -0.000001 0 1 0 0 0 1 3020.dat
1 19 0 -48 -20.0001 1 0 -0.000001 0 1 0 0 0 1 3022.dat
1 0 -29.9999 -48 -30.0001 0.707105 0 0.707109 0 1 0 -0.70711 0 0.707105 26047.dat
1 0 -30 -48 -10.0001 -0.573578 0 0.81915 0 1 0 -0.819151 0 -0.57358 26047.dat
1 72 10 -56 -20.0001 0.000001 0 1 0 1 0 -1 0 0 2412.dat
1 19 30 -64 -30.0001 1 0 -0.000001 0 1 0 0 0 1 26604.dat
1 19 30 -64 -10.0001 -0.000001 0 -1 0 1 0 1 0 0 26604.dat
1 19 0 -72 -10.0001 0.000001 0 1 0 1 0 -1.000001 0 0 61678.dat
1 19 0 -72 -30.0001 0.000001 0 1 0 1 0 -1.000001 0 0 61678.dat
1 19 30.0001 -54 -48.0002 0.939693 -0.000001 0.342021 0.342021 0 -0.939693 0 1 0 3024.dat
1 19 20.6031 -57.4202 -40.0002 -0.342021 -0.000001 0.939693 0.939693 0 0.342021 0 1 0 11477.dat
1 19 30 -54 7.9999 0.939693 0.000001 -0.342019 0.34202 0 0.939693 0 -1.000001 0 3024.dat
1 19 20.6031 -57.4202 -0.0001 0.342019 0.000001 0.939693 -0.939693 0 0.34202 0 -1.000001 0 11477.dat
1 0 48 -74 -30.0001 0 -1 0 1 0 0 0 0 1 3623.dat
1 19 40 -53.9999 -20.0001 0 -1 0 -1 0 0 0 0 -1 11477.dat
1 19 56 -94 -20.0001 0 -1 0 -1 0 0 0 0 -1 3021.dat
1 0 48 -83.9999 -10 0 -1 0 1 0 0 0 0 1 3023.dat
1 0 56 -133.9999 -10.0001 0 -1 0 0 0 1 -1 0 0 24201.dat
1 0 56 -134 -30.0001 0 -1 0 0 0 1 -1 0 0 24201.dat
1 15 64 -134 -30.0001 0 -1 0 0 0 -1 1 0 0 98138.dat
1 15 64 -133.9999 -10.0001 0 -1 0 0 0 -1 1 0 0 98138.dat
1 19 64 -114 -20.0001 0 -1 0 0 0 -1 1 0 0 15573.dat
1 4 72 -114 -20.0001 0 -1 0 0 0 -1 1 0 0 4081.dat
1 19 72 -113.9999 -20.0001 0 -1 0 0 0 1 -1 0 0 54200.dat
1 0 10 -8 -30 0.422619 0 -0.906307 0 1 0 0.906308 0 0.42262 26047.dat
1 19 10 -32 -30.0001 0.422619 0 -0.906307 0 1 0 0.906308 0 0.42262 3062.dat
1 0 30 -8 -10 -0.173649 0 -0.984808 0 1 0 0.984809 0 -0.173648 26047.dat
1 19 30 -32 -10.0001 -0.173649 0 -0.984808 0 1 0 0.984809 0 -0.173648 3062.dat
