0 Main
0 Name: 31088 - Deep Sea Creatures - Shark.mpd
0 Author: LTRON
1 29 17 -96 -220 -0.483 0.259 -0.836 0.129 0.966 0.224 0.866 0 -0.5 3795.dat
1 71 -9.219 -97.257 -176.699 -0.836 0.259 0.483 0.224 0.966 -0.129 -0.5 0 -0.866 14704.dat
1 272 0.441 -99.845 -194.019 -0.836 0.259 0.483 0.224 0.966 -0.129 -0.5 0 -0.866 3023.dat
1 4 -6.46 -106.278 -185.359 -0.836 0.259 0.483 0.224 0.966 -0.129 -0.5 0 -0.866 3022.dat
1 4 -8.53 -114.006 -185.359 -0.836 0.259 0.483 0.224 0.966 -0.129 -0.5 0 -0.866 4032.dat
1 272 -5.771 -123.027 -194.019 -0.836 0.259 0.483 0.224 0.966 -0.129 -0.5 0 -0.866 3023.dat
1 71 -15.43 -120.439 -176.699 -0.836 0.259 0.483 0.224 0.966 -0.129 -0.5 0 -0.866 14704.dat
1 4 -4.306 -131.702 -180.359 -0.483 0.259 -0.836 0.129 0.966 0.224 0.866 0 -0.5 44728.dat
1 4 -21.036 -127.219 -190.359 0.483 0.259 0.836 -0.129 0.966 -0.224 -0.866 0 0.5 44728.dat
1 4 -1.718 -132.396 -225 0.483 0.259 0.836 -0.129 0.966 -0.224 -0.866 0 0.5 22885.dat
1 4 -14.187 -118.702 -234 0.483 0.836 -0.259 -0.129 -0.224 -0.966 -0.866 0.5 0 3023.dat
1 272 -19.017 -117.408 -225.34 -0.259 0.836 -0.483 -0.966 -0.224 0.129 0 0.5 0.866 54200.dat
1 272 -9.358 -119.996 -242.66 -0.259 0.836 -0.483 -0.966 -0.224 0.129 0 0.5 0.866 54200.dat
1 4 15.012 -136.878 -215 -0.483 0.259 -0.836 0.129 0.966 0.224 0.866 0 -0.5 22885.dat
1 4 32.658 -131.254 -206 -0.483 -0.836 -0.259 0.129 0.224 -0.966 0.866 -0.5 0 3023.dat
1 272 27.829 -129.96 -197.34 0.259 -0.836 -0.483 0.966 0.224 0.129 0 -0.5 0.866 54200.dat
1 272 37.488 -132.548 -214.66 0.259 -0.836 -0.483 0.966 0.224 0.129 0 -0.5 0.866 54200.dat
1 4 37.007 -117.925 -263.301 0.836 0.259 -0.483 -0.224 0.966 0.129 0.5 0 0.866 99206.dat
1 272 27.348 -115.337 -245.981 -0.836 0.259 0.483 0.224 0.966 -0.129 -0.5 0 -0.866 3023.dat
1 4 29.501 -140.761 -240.981 -0.483 0.259 -0.836 0.129 0.966 0.224 0.866 0 -0.5 6541.dat
1 0 40.455 -133.343 -235.981 0.836 0.259 -0.483 -0.224 0.966 0.129 0.5 0 0.866 2780.dat
1 4 12.771 -136.278 -250.981 0.483 0.259 0.836 -0.129 0.966 -0.224 -0.866 0 0.5 6541.dat
1 0 6.994 -124.377 -255.981 -0.836 0.259 0.483 0.224 0.966 -0.129 -0.5 0 -0.866 2780.dat
1 19 39.16 -143.349 -258.301 0.836 0.259 -0.483 -0.224 0.966 0.129 0.5 0 0.866 26604.dat
1 19 22.43 -138.866 -268.301 0.483 0.259 0.836 -0.129 0.966 -0.224 -0.866 0 0.5 26604.dat
1 4 14.236 -144.953 -237.321 0.483 0.259 0.836 -0.129 0.966 -0.224 -0.866 0 0.5 3020.dat
1 42 57.185 -137.826 -225.981 0.483 -0.836 0.259 -0.129 0.224 0.966 -0.866 -0.5 0 30374.dat
1 72 48.82 -135.584 -230.981 0.259 -0.836 -0.483 0.966 0.224 0.129 0 -0.5 0.866 18654.dat
1 72 -1.371 -122.136 -260.981 0.259 -0.836 -0.483 0.966 0.224 0.129 0 -0.5 0.866 18654.dat
1 272 6.819 -142.965 -184.019 -0.483 0.259 -0.836 0.129 0.966 0.224 0.866 0 -0.5 92946.dat
1 272 -2.841 -140.377 -166.699 -0.483 0.259 -0.836 0.129 0.966 0.224 0.866 0 -0.5 92946.dat
1 272 -26.643 -133.999 -204.019 0.483 0.259 0.836 -0.129 0.966 -0.224 -0.866 0 0.5 92946.dat
1 272 -36.302 -131.411 -186.699 0.483 0.259 0.836 -0.129 0.966 -0.224 -0.866 0 0.5 92946.dat
1 71 -7.153 -147.504 -202.679 0.483 0.259 0.836 -0.129 0.966 -0.224 -0.866 0 0.5 3020.dat
1 272 -18.883 -152.643 -185.359 0.483 0.259 0.836 -0.129 0.966 -0.224 -0.866 0 0.5 3068.dat
1 4 42.077 -133.778 -278.89 0.836 -0.483 -0.259 -0.224 0.129 -0.966 0.5 0.866 0 3023.dat
1 19 47.253 -114.459 -278.89 0.836 -0.483 -0.259 -0.224 0.129 -0.966 0.5 0.866 0 15208.dat
1 15 49.804 -135.848 -292.746 0.836 -0.483 -0.259 -0.224 0.129 -0.966 0.5 0.866 0 47457.dat
1 272 49.804 -135.848 -292.746 0.836 -0.483 -0.259 -0.224 0.129 -0.966 0.5 0.866 0 85984.dat
1 272 0.436 -157.819 -220 0.836 0.259 -0.483 -0.224 0.966 0.129 0.5 0 0.866 43712.dat
1 4 -3.007 -74.075 -176.699 0.836 0.259 -0.483 -0.224 0.966 0.129 0.5 0 0.866 3023.dat
1 4 -0.248 -83.096 -185.359 0.836 0.259 -0.483 -0.224 0.966 0.129 0.5 0 0.866 4032.dat
1 15 3.893 -67.641 -185.359 0.836 0.259 -0.483 -0.224 0.966 0.129 0.5 0 0.866 3022.dat
1 15 6.652 -76.663 -194.019 0.836 0.259 -0.483 -0.224 0.966 0.129 0.5 0 0.866 48336.dat
1 15 14.329 -62.155 -180.359 -0.483 0.259 -0.836 0.129 0.966 0.224 0.866 0 -0.5 99207.dat
1 15 -2.401 -57.673 -190.359 0.483 0.259 0.836 -0.129 0.966 -0.224 -0.866 0 0.5 99207.dat
1 4 -31.675 -93.31 -201.359 -0.259 0.836 -0.483 -0.966 -0.224 0.129 0 0.5 0.866 3021.dat
1 19 -9.011 -99.383 -234 0.483 0.836 -0.259 -0.129 -0.224 -0.966 -0.866 0.5 0 15208.dat
1 272 -39.093 -101.675 -192.699 -0.259 0.836 -0.483 -0.966 -0.224 0.129 0 0.5 0.866 85984.dat
1 272 -29.434 -104.264 -210.019 -0.259 0.836 -0.483 -0.966 -0.224 0.129 0 0.5 0.866 85984.dat
1 15 -17.219 -66.126 -197.359 0.483 0.836 -0.259 -0.129 -0.224 -0.966 -0.866 0.5 0 15068.dat
1 272 21.482 -128.259 -281.962 -0.259 0.836 -0.483 -0.966 -0.224 0.129 0 0.5 0.866 11477.dat
1 272 9.961 -125.172 -277.301 -0.259 0.836 -0.483 -0.966 -0.224 0.129 0 0.5 0.866 3024.dat
1 15 -8.285 -89.225 -246.66 -0.259 0.836 -0.483 -0.966 -0.224 0.129 0 0.5 0.866 43722.dat
1 15 26.659 -108.941 -281.962 -0.259 0.836 -0.483 -0.966 -0.224 0.129 0 0.5 0.866 29119.dat
1 19 10.308 -104.56 -268.641 0.483 0.836 -0.259 -0.129 -0.224 -0.966 -0.866 0.5 0 15208.dat
1 4 21.862 -107.656 -169.359 -0.259 -0.836 0.483 -0.966 0.224 -0.129 0 -0.5 -0.866 3021.dat
1 19 37.835 -111.935 -206 -0.483 -0.836 -0.259 0.129 0.224 -0.966 0.866 -0.5 0 15208.dat
1 272 14.444 -116.021 -160.699 0.259 -0.836 -0.483 0.966 0.224 0.129 0 -0.5 0.866 85984.dat
1 272 24.103 -118.609 -178.019 0.259 -0.836 -0.483 0.966 0.224 0.129 0 -0.5 0.866 85984.dat
1 15 22.935 -76.885 -173.359 -0.483 -0.836 -0.259 0.129 0.224 -0.966 0.866 -0.5 0 15068.dat
1 272 56.806 -137.724 -249.301 0.259 -0.836 -0.483 0.966 0.224 0.129 0 -0.5 0.866 3024.dat
1 272 54.944 -137.225 -261.962 0.259 -0.836 -0.483 0.966 0.224 0.129 0 -0.5 0.866 11477.dat
1 15 51.944 -105.363 -210.66 0.259 -0.836 -0.483 0.966 0.224 0.129 0 -0.5 0.866 43723.dat
1 15 60.12 -117.907 -261.962 0.259 -0.836 -0.483 0.966 0.224 0.129 0 -0.5 0.866 29120.dat
1 19 57.153 -117.112 -240.641 -0.483 -0.836 -0.259 0.129 0.224 -0.966 0.866 -0.5 0 15208.dat
1 15 35.44 -42.499 -226.868 0.836 0.078 -0.543 -0.224 0.952 -0.209 0.5 0.296 0.814 2654.dat
1 19 36.498 -69.677 -220.832 -0.543 0.078 -0.836 -0.209 0.952 0.224 0.814 0.296 -0.5 26604.dat
1 19 19.778 -65.197 -230.832 -0.836 0.078 0.543 0.224 0.952 0.209 -0.5 0.296 -0.814 26604.dat
1 19 47.358 -65.497 -237.112 0.836 0.078 -0.543 -0.224 0.952 -0.209 0.5 0.296 0.814 26604.dat
1 19 30.638 -61.017 -247.112 0.543 0.078 0.836 0.209 0.952 -0.224 -0.814 0.296 0.5 26604.dat
1 4 27.514 -75.053 -228.2 -0.836 0.078 0.543 0.224 0.952 0.209 -0.5 0.296 -0.814 60470.dat
1 29 33.568 -65.347 -233.972 0.836 0.078 -0.543 -0.224 0.952 -0.209 0.5 0.296 0.814 15068.dat
1 19 49.552 -49.975 -253.804 -0.836 -0.543 0.078 0.224 -0.209 0.952 -0.5 0.814 0.296 15208.dat
1 15 49.552 -49.975 -253.804 0.836 -0.543 -0.078 -0.224 -0.209 -0.952 0.5 0.814 -0.296 85984.dat
1 15 61.928 -56.127 -237.292 0.078 -0.836 -0.543 0.952 0.224 -0.209 0.296 -0.5 0.814 29120.dat
1 15 40.208 -64.487 -204.732 -0.078 -0.836 0.543 -0.952 0.224 0.209 -0.296 -0.5 -0.814 29119.dat
1 19 57.756 -62.099 -217.012 0.543 -0.836 0.078 0.209 0.224 0.952 -0.814 -0.5 0.296 15208.dat
1 19 10.94 -49.555 -245.012 -0.543 0.836 0.078 -0.209 -0.224 0.952 0.814 0.5 0.296 15208.dat
1 15 28.488 -47.167 -257.292 -0.078 0.836 -0.543 -0.952 -0.224 -0.209 -0.296 0.5 0.814 29119.dat
1 15 6.768 -55.527 -224.732 0.078 0.836 0.543 0.952 -0.224 0.209 0.296 0.5 -0.814 29120.dat
1 15 -21.74 -52.491 -121.791 0.33 0.259 0.908 -0.089 0.966 -0.243 -0.94 0 0.342 3020.dat
1 15 -21.356 -77.455 -140.591 0.33 0.259 0.908 -0.089 0.966 -0.243 -0.94 0 0.342 4871.dat
1 15 -41.156 -72.115 -84.191 0.33 0.259 0.908 -0.089 0.966 -0.243 -0.94 0 0.342 72454.dat
1 4 -36.628 -81.623 -102.991 0.33 0.259 0.908 -0.089 0.966 -0.243 -0.94 0 0.342 3001.dat
1 15 -9.388 -88.913 -92.731 0.33 0.259 0.908 -0.089 0.966 -0.243 -0.94 0 0.342 3666.dat
1 15 -63.868 -74.333 -113.251 0.33 0.259 0.908 -0.089 0.966 -0.243 -0.94 0 0.342 3666.dat
1 15 -72.54 -80.281 -94.451 0.33 0.259 0.908 -0.089 0.966 -0.243 -0.94 0 0.342 3710.dat
1 72 -52.74 -85.621 -150.851 0.33 0.259 0.908 -0.089 0.966 -0.243 -0.94 0 0.342 14417.dat
1 15 -18.06 -94.861 -73.931 0.33 0.259 0.908 -0.089 0.966 -0.243 -0.94 0 0.342 3710.dat
1 72 1.74 -100.201 -130.331 -0.33 0.259 -0.908 0.089 0.966 0.243 0.94 0 -0.342 14417.dat
1 71 -13.532 -104.369 -92.731 0.33 0.259 0.908 -0.089 0.966 -0.243 -0.94 0 0.342 3666.dat
1 4 -34.172 -98.859 -121.791 0.908 0.259 -0.33 -0.243 0.966 0.089 0.342 0 0.94 4032.dat
1 71 -68.012 -89.789 -113.251 0.33 0.259 0.908 -0.089 0.966 -0.243 -0.94 0 0.342 3666.dat
1 4 -47.372 -95.299 -84.191 0.908 0.259 -0.33 -0.243 0.966 0.089 0.342 0 0.94 4032.dat
1 4 -42.844 -104.807 -102.991 0.33 0.259 0.908 -0.089 0.966 -0.243 -0.94 0 0.342 3020.dat
1 4 -46.988 -120.263 -102.991 0.33 0.259 0.908 -0.089 0.966 -0.243 -0.94 0 0.342 3020.dat
1 272 -19.748 -127.553 -92.731 0.33 0.259 0.908 -0.089 0.966 -0.243 -0.94 0 0.342 3009.dat
1 272 -74.228 -112.973 -113.251 0.33 0.259 0.908 -0.089 0.966 -0.243 -0.94 0 0.342 3009.dat
1 272 -57.32 -125.801 -138.031 0.33 0.259 0.908 -0.089 0.966 -0.243 -0.94 0 0.342 92946.dat
1 272 -63.92 -124.021 -119.231 0.33 0.259 0.908 -0.089 0.966 -0.243 -0.94 0 0.342 92946.dat
1 272 -70.52 -122.241 -100.431 0.33 0.259 0.908 -0.089 0.966 -0.243 -0.94 0 0.342 92946.dat
1 272 -77.12 -120.461 -81.631 0.33 0.259 0.908 -0.089 0.966 -0.243 -0.94 0 0.342 92946.dat
1 272 -40.8 -130.181 -67.951 -0.33 0.259 -0.908 0.089 0.966 0.243 0.94 0 -0.342 92946.dat
1 272 -34.2 -131.961 -86.751 -0.33 0.259 -0.908 0.089 0.966 0.243 0.94 0 -0.342 92946.dat
1 272 -27.6 -133.741 -105.551 -0.33 0.259 -0.908 0.089 0.966 0.243 0.94 0 -0.342 92946.dat
1 272 -21 -135.521 -124.351 -0.33 0.259 -0.908 0.089 0.966 0.243 0.94 0 -0.342 92946.dat
1 272 -50.72 -127.581 -156.831 0.33 0.259 0.908 -0.089 0.966 -0.243 -0.94 0 0.342 92946.dat
1 272 -83.72 -118.681 -62.831 0.33 0.259 0.908 -0.089 0.966 -0.243 -0.94 0 0.342 92946.dat
1 272 -47.4 -128.401 -49.151 -0.33 0.259 -0.908 0.089 0.966 0.243 0.94 0 -0.342 92946.dat
1 272 -14.4 -137.301 -143.151 -0.33 0.259 -0.908 0.089 0.966 0.243 0.94 0 -0.342 92946.dat
1 71 -60.212 -133.289 -106.411 -0.33 0.259 -0.908 0.089 0.966 0.243 0.94 0 -0.342 3666.dat
1 71 -42.052 -138.149 -99.571 -0.33 0.259 -0.908 0.089 0.966 0.243 0.94 0 -0.342 3666.dat
1 272 -66.404 -139.887 -65.391 -0.33 0.259 -0.908 0.089 0.966 0.243 0.94 0 -0.342 3068.dat
1 272 -56.504 -142.557 -93.591 0.908 0.259 -0.33 -0.243 0.966 0.089 0.342 0 0.94 15573.dat
1 272 -49.904 -144.337 -112.391 0.908 0.259 -0.33 -0.243 0.966 0.089 0.342 0 0.94 15573.dat
1 272 -43.304 -146.117 -131.191 0.908 0.259 -0.33 -0.243 0.966 0.089 0.342 0 0.94 15573.dat
1 272 -36.704 -147.897 -149.991 0.908 0.259 -0.33 -0.243 0.966 0.089 0.342 0 0.94 15573.dat
1 71 45.9877 -98.9706 -106.632 -0.814702 -0.14943 0.560391 -0.204554 0.977985 -0.037785 -0.54271 -0.144666 -0.82767 14418.dat
1 71 -95.5749 -61.0854 -159.9518 0.774298 0.618738 -0.133631 -0.629804 0.772407 -0.076425 0.05579 0.144666 0.98841 14418.dat
1 272 44.1307 -104.0038 -83.4945 -0.560391 -0.14943 -0.814702 0.037785 0.977985 -0.204554 0.82767 -0.144666 -0.54271 2450.dat
1 272 -110.9503 -62.5008 -141.906 -0.774298 0.618738 0.133631 0.629804 0.772407 0.076425 -0.05579 0.144666 -0.98841 2450.dat
1 272 -45.376 -153.845 -131.191 0.33 0.259 0.908 -0.089 0.966 -0.243 -0.94 0 0.342 3623.dat
1 272 -38.776 -155.625 -149.991 0.908 0.259 -0.33 -0.243 0.966 0.089 0.342 0 0.94 54200.dat
1 272 -50.748 -160.683 -121.791 0.33 0.259 0.908 -0.089 0.966 -0.243 -0.94 0 0.342 3023.dat
1 272 -66.48 -206.161 -112.391 0.908 0.259 -0.33 -0.243 0.966 0.089 0.342 0 0.94 60481.dat
1 272 -68.936 -188.925 -93.591 -0.908 0.259 0.33 0.243 0.966 -0.089 -0.342 0 -0.94 60481.dat
1 272 -75.152 -212.109 -93.591 0.908 0.259 -0.33 -0.243 0.966 0.089 0.342 0 0.94 3005.dat
1 272 -69.78 -205.271 -102.991 0.908 0.259 -0.33 -0.243 0.966 0.089 0.342 0 0.94 11477.dat
1 15 -51.951 -77.524 -15.346 -0.951 0.259 0.168 0.255 0.966 -0.045 -0.174 0 -0.985 42023.dat
1 15 -70.971 -72.424 -18.826 -0.951 0.259 0.168 0.255 0.966 -0.045 -0.174 0 -0.985 42023.dat
1 15 -76.973 -79.102 61.714 -0.951 0.259 0.168 0.255 0.966 -0.045 -0.174 0 -0.985 3022.dat
1 0 -60.743 -83.452 24.054 -0.168 0.259 -0.951 0.045 0.966 0.255 0.985 0 -0.174 2540.dat
1 0 -79.763 -78.352 20.574 0.168 0.259 0.951 -0.045 0.966 -0.255 -0.985 0 0.174 2540.dat
1 71 -75.685 -87.73 42.014 0.168 0.259 0.951 -0.045 0.966 -0.255 -0.985 0 0.174 3020.dat
1 272 -94.905 -72.22 -2.606 -0.420589 -0.168 -0.891669 -0.90714 0.045 0.419259 -0.030276 0.985 -0.17139 44676.dat
1 272 -37.845 -87.52 7.834 0.089641 -0.168 0.981801 0.99588 0.045 -0.083091 -0.030276 0.985 0.17139 44676.dat
1 272 -79.437 -95.008 51.864 0.951 0.259 -0.168 -0.255 0.966 0.045 0.174 0 0.985 3023.dat
1 72 -82.797 -94.108 71.564 -0.951 0.259 0.168 0.255 0.966 -0.045 -0.174 0 -0.985 14417.dat
1 272 -83.189 -102.286 61.714 -0.951 0.259 0.168 0.255 0.966 -0.045 -0.174 0 -0.985 3022.dat
1 272 -69.031 -114.364 24.054 0.168 0.259 0.951 -0.045 0.966 -0.255 -0.985 0 0.174 3004.dat
1 272 -88.051 -109.264 20.574 0.168 0.259 0.951 -0.045 0.966 -0.255 -0.985 0 0.174 3004.dat
1 71 -61.853 -83.152 -26.936 0.951 0.259 -0.168 -0.255 0.966 0.045 0.174 0 0.985 14704.dat
1 4 -63.991 -115.714 -5.496 -0.168 0.259 -0.951 0.045 0.966 0.255 0.985 0 -0.174 32952.dat
1 4 -83.011 -110.614 -8.976 0.168 0.259 0.951 -0.045 0.966 -0.255 -0.985 0 0.174 32952.dat
1 4 -65.997 -98.608 -26.936 0.951 0.259 -0.168 -0.255 0.966 0.045 0.174 0 0.985 3023.dat
1 272 -63.925 -90.88 -26.936 0.951 0.259 -0.168 -0.255 0.966 0.045 0.174 0 0.985 3023.dat
1 71 -68.069 -106.336 -26.936 0.951 0.259 -0.168 -0.255 0.966 0.045 0.174 0 0.985 14704.dat
1 4 -70.141 -114.064 -26.936 0.951 0.259 -0.168 -0.255 0.966 0.045 0.174 0 0.985 3023.dat
1 15 -42.441 -80.074 -13.606 -0.168 -0.951 -0.259 0.045 0.255 -0.966 0.985 -0.174 0 15068.dat
1 272 -40.013 -101.434 -12.214 0.259 -0.951 -0.168 0.966 0.255 0.045 0 -0.174 0.985 3022.dat
1 272 -53.571 -108.154 6.094 -0.259 -0.951 0.168 -0.966 0.255 -0.045 0 -0.174 -0.985 11477.dat
1 272 -33.315 -113.584 -20.672 0.259 -0.951 -0.168 0.966 0.255 0.045 0 -0.174 0.985 3024.dat
1 272 -93.269 -87.154 -21.958 0.259 0.951 0.168 0.966 -0.255 -0.045 0 0.174 -0.985 3022.dat
1 272 -101.787 -95.224 -33.2 0.259 0.951 0.168 0.966 -0.255 -0.045 0 0.174 -0.985 3024.dat
1 272 -91.611 -97.954 -0.866 0.259 0.951 0.168 0.966 -0.255 -0.045 0 0.174 -0.985 11477.dat
1 15 -80.481 -69.874 -20.566 0.168 0.951 -0.259 -0.045 -0.255 -0.966 -0.985 0.174 0 15068.dat
1 272 -85.083 -118.342 -8.976 0.168 0.259 0.951 -0.045 0.966 -0.255 -0.985 0 0.174 3623.dat
1 272 -66.063 -123.442 -5.496 0.168 0.259 0.951 -0.045 0.966 -0.255 -0.985 0 0.174 3623.dat
1 272 -75.965 -129.07 -17.086 0.168 0.259 0.951 -0.045 0.966 -0.255 -0.985 0 0.174 3068.dat
1 272 -95.555 -123.82 40.274 -0.951 0.259 0.168 0.255 0.966 -0.045 -0.174 0 -0.985 61678.dat
1 272 -76.535 -128.92 43.754 -0.951 0.259 0.168 0.255 0.966 -0.045 -0.174 0 -0.985 61678.dat
1 0 -94.541 -107.504 116.264 0.308 -0.016 0.951 0.814 0.522 -0.255 -0.493 0.853 0.174 44302.dat
1 71 -106.989 -135.888 142.808 0.308 -0.016 0.951 0.814 0.522 -0.255 -0.493 0.853 0.174 3666.dat
1 272 -109.941 -148.204 140.914 0.308 -0.016 0.951 0.814 0.522 -0.255 -0.493 0.853 0.174 3623.dat
1 272 -122.389 -176.588 167.458 -0.951 -0.016 0.308 0.255 0.522 0.814 -0.174 0.853 -0.493 54200.dat
1 272 -97.493 -119.82 114.37 0.308 -0.016 0.951 0.814 0.522 -0.255 -0.493 0.853 0.174 3623.dat
1 71 -94.285 -115.856 102.616 0.308 -0.016 0.951 0.814 0.522 -0.255 -0.493 0.853 0.174 14418.dat
1 272 -91.077 -111.892 90.862 0.951 -0.016 -0.308 -0.255 0.522 -0.814 0.174 0.853 0.493 3024.dat
1 272 -106.477 -152.592 115.512 -0.951 -0.016 0.308 0.255 0.522 0.814 -0.174 0.853 -0.493 61678.dat
1 15 -85.332 -65.17 127.96 0.021 -0.308 -0.951 -0.508 -0.823 0.255 -0.861 0.478 -0.174 44301.dat
1 272 -82.658 -63.666 115.526 -0.951 -0.308 -0.021 0.255 -0.823 0.508 -0.174 0.478 0.861 3024.dat
1 272 -80.824 -41.842 137.532 0.951 -0.308 0.021 -0.255 -0.823 -0.508 0.174 0.478 -0.861 61678.dat
1 272 -88.426 -56.514 157.614 0.021 -0.308 -0.951 -0.508 -0.823 0.255 -0.861 0.478 -0.174 3623.dat
