0 Main
0 Name: 7607-1 - Butterfly.mpd
0 Author: LTRON
1 0 0 0 0 1 0 0 0 1 0 0 0 1 3022.dat
1 4 0 -24 -10 1 0 0 0 1 0 0 0 1 3660.dat
1 4 0 -24 10 -1 0 0 0 1 0 0 0 -1 3660.dat
1 0 0 -32 0 1 0 0 0 1 0 0 0 1 3022.dat
1 0 -20 -40 20 0 0 1 0 1 0 -1 0 0 2430.dat
1 0 -20 -40 20 0.259 0 -0.966 0 1 0 0.966 0 0.259 2429.dat
1 14 -54.16 -32 8.45 -0.966 0 -0.259 0 1 0 0.259 0 -0.966 3021.dat
1 0 -63.82 -40 11.04 -0.966 0 -0.259 0 1 0 0.259 0 -0.966 3022.dat
1 4 -53.46 -48 49.68 -0.966 0 -0.259 0 1 0 0.259 0 -0.966 30565.dat
1 4 -74.18 -48 -27.6 0.966 0 0.259 0 1 0 -0.259 0 0.966 30565.dat
1 4 -70.89 -56 23.29 -0.259 0 0.966 0 1 0 -0.966 0 -0.259 30357.dat
1 4 -27.07 -56 32.25 0.259 0 -0.966 0 1 0 0.966 0 0.259 30357.dat
1 14 -41.21 -64 56.75 0.259 0 -0.966 0 1 0 0.966 0 0.259 6141.dat
1 14 -81.25 -64 -15.35 0.259 0 -0.966 0 1 0 0.966 0 0.259 6141.dat
1 1 -27.07 -64 32.25 0.259 0 -0.966 0 1 0 0.966 0 0.259 6141.dat
1 14 -44.5 -64 5.86 0.259 0 -0.966 0 1 0 0.966 0 0.259 4150.dat
1 0 20 -40 20 0 0 -1 0 1 0 1 0 0 2429.dat
1 0 20 -38 20 0.259 0 0.966 0 1 0 -0.966 0 0.259 2430.dat
1 14 54.16 -30 8.45 -0.966 0 0.259 0 1 0 -0.259 0 -0.966 3021.dat
1 0 63.82 -38 11.04 -0.966 0 0.259 0 1 0 -0.259 0 -0.966 3022.dat
1 4 53.46 -46 49.68 -0.259 0 -0.966 0 1 0 0.966 0 -0.259 30565.dat
1 4 74.18 -46 -27.6 0.259 0 0.966 0 1 0 -0.966 0 0.259 30565.dat
1 4 70.89 -54 23.29 -0.966 0 0.259 0 1 0 -0.259 0 -0.966 30357.dat
1 4 27.07 -54 32.25 0.966 0 -0.259 0 1 0 0.259 0 0.966 30357.dat
1 14 41.21 -62 56.75 0.259 0 0.966 0 1 0 -0.966 0 0.259 6141.dat
1 14 81.25 -62 -15.35 0.259 0 0.966 0 1 0 -0.966 0 0.259 6141.dat
1 1 27.07 -62 32.25 0.259 0 0.966 0 1 0 -0.966 0 0.259 6141.dat
1 14 44.5 -62 5.86 0.259 0 0.966 0 1 0 -0.966 0 0.259 4150.dat
1 4 0 -39.999 0 1 0 0 0 1 0 0 0 1 30602.dat
1 15 -10 -32 -30 0.707 0 0.707 0 1 0 -0.707 0 0.707 4592.dat
1 0 -10 -32 -30 -0.707 0.385 -0.593 0 0.839 0.545 0.707 0.385 -0.593 4593.dat
1 15 10 -32 -30 0.707 0 -0.707 0 1 0 0.707 0 0.707 4592.dat
1 0 10 -32 -30 -0.707 -0.385 0.593 0 0.839 0.545 -0.707 0.385 -0.593 4593.dat
