0 
0 Name: New Model.ldr
0 Author: 
1 15 -296.37 -46 -193.525 0.966 0.259 0 0 0 1 0.259 -0.966 0 11212.dat
1 15 -321.906 -26 -175.521 0.966 0.259 0 0 0 1 0.259 -0.966 0 3005.dat
1 15 -302.586 -26 -170.341 0.966 0.259 0 0 0 1 0.259 -0.966 0 6541.dat
1 15 -283.266 -26 -165.161 0.966 0.259 0 0 0 1 0.259 -0.966 0 3005.dat
1 2 -302.586 -46 -170.341 0.966 0.259 0 0 0 1 0.259 -0.966 0 3005.dat
1 0 -321.906 -46 -175.521 0 0.259 0.966 -1 0 0 0 -0.966 0.259 87087.dat
1 0 -283.266 -46 -165.161 0 0.259 -0.966 1 0 0 0 -0.966 -0.259 87087.dat
1 15 -302.586 -66 -170.341 0.966 0.259 0 0 0 1 0.259 -0.966 0 3622.dat
1 0 -336.704 -46 -189.843 -0.234654 0.966 -0.109557 -0.423 0 0.906 0.875196 0.259 0.408618 3024.dat
1 0 -344.432 -46 -191.915 -0.234654 0.966 -0.109557 -0.423 0 0.906 0.875196 0.259 0.408618 61252.dat
1 0 -263.288 -46 -170.159 0.234654 -0.966 -0.109557 0.423 0 0.906 -0.875196 -0.259 0.408618 3024.dat
1 0 -255.56 -46 -168.087 0.234654 -0.966 -0.109557 0.423 0 0.906 -0.875196 -0.259 0.408618 61252.dat
1 0 -328.122 -46 -152.337 0 0.259 0.966 -1 0 0 0 -0.966 0.259 3622.dat
1 0 -308.802 -46 -147.157 0 0.259 0.966 -1 0 0 0 -0.966 0.259 3622.dat
1 0 -289.482 -46 -141.977 0 0.259 0.966 -1 0 0 0 -0.966 0.259 3622.dat
1 15 -310.874 -36 -139.429 0 0.259 0.966 -1 0 0 0 -0.966 0.259 3023.dat
1 15 -317.09 -36 -116.245 0 0.259 0.966 -1 0 0 0 -0.966 0.259 3004.dat
1 15 -319.162 -26 -108.517 0 0.259 0.966 -1 0 0 0 -0.966 0.259 3024.dat
1 29 -319.162 -46 -108.517 0 0.259 0.966 -1 0 0 0 -0.966 0.259 3024.dat
1 15 -338.482 -36 -113.697 0 0.259 0.966 -1 0 0 0 -0.966 0.259 22885.dat
1 15 -309.502 -66 -105.927 0.966 0.259 0 0 0 1 0.259 -0.966 0 22885.dat
1 15 -299.842 -36 -103.337 0 0.259 -0.966 1 0 0 0 -0.966 -0.259 22885.dat
1 15 -338.482 -66 -113.697 0.966 0.259 0 0 0 1 0.259 -0.966 0 32952.dat
1 15 -321.234 -46 -100.789 0.966 0.259 0 0 0 1 0.259 -0.966 0 11212.dat
1 15 -311.392 -84 -137.497 0.966 0 -0.259 0 1 0 0.259 0 0.966 11212.dat
1 15 -316.572 -92 -118.177 0.966 0 -0.259 0 1 0 0.259 0 0.966 63864.dat
1 0 -330.712 -92 -142.677 0.966 0 -0.259 0 1 0 0.259 0 0.966 3024.dat
1 0 -292.072 -92 -132.317 0.966 0 -0.259 0 1 0 0.259 0 0.966 3024.dat
1 15 -308.802 -92 -147.157 0.259 0 0.966 0 1 0 -0.966 0 0.259 15573.dat
1 0 -330.712 -100 -142.677 0.966 0 -0.259 0 1 0 0.259 0 0.966 98138.dat
1 0 -292.072 -100 -132.317 0.966 0 -0.259 0 1 0 0.259 0 0.966 98138.dat
1 15 -325.532 -92 -161.997 0.966 0 -0.259 0 1 0 0.259 0 0.966 3070.dat
1 15 -286.892 -92 -151.637 0.966 0 -0.259 0 1 0 0.259 0 0.966 3070.dat
1 15 -308.802 -100 -147.157 0.866075 0 0.499849 0 1 0 -0.499849 0 0.866075 3024.dat
1 0 -308.802 -108 -147.157 -0.866075 0 -0.499849 0 1 0 0.499849 0 -0.866075 25269.dat
1 15 -345.51 -46 -156.999 0 0.966 -0.259 -1 0 0 0 0.259 0.966 26603.dat
1 15 -353.28 -46 -128.019 0 0.966 -0.259 -1 0 0 0 0.259 0.966 3623.dat
1 0 -353.28 -46 -128.019 0 0.966 0.259 1 0 0 0 0.259 -0.966 49307.dat
1 15 -272.094 -46 -137.315 0 -0.966 -0.259 1 0 0 0 -0.259 0.966 26603.dat
1 15 -279.864 -46 -108.335 0 -0.966 -0.259 1 0 0 0 -0.259 0.966 3623.dat
1 0 -279.864 -46 -108.335 0 -0.966 -0.259 1 0 0 0 -0.259 0.966 49307.dat
1 0 -313.618 -46 -206.433 0.933156 0.259 0.250194 -0.259 0 0.966 0.250194 -0.966 0.067081 3024.dat
1 0 -311.546 -46 -214.161 0.933156 0.259 0.250194 -0.259 0 0.966 0.250194 -0.966 0.067081 3024.dat
1 0 -274.978 -46 -196.073 0.933156 0.259 -0.250194 0.259 0 0.966 0.250194 -0.966 -0.067081 3024.dat
1 0 -272.906 -46 -203.801 0.933156 0.259 -0.250194 0.259 0 0.966 0.250194 -0.966 -0.067081 3024.dat
1 10 -335.8048 -56.01 -216.3681 0.966 0.234654 -0.109557 0 0.423 0.906 0.259 -0.875196 0.408618 33183.dat
1 0 -300 -8 -160 1 0 0 0 1 0 0 0 1 3958.dat
1 0 -300 -16 -140 1 0 0 0 1 0 0 0 1 87079.dat
1 0 -330 -16 -180 0 0 1 0 1 0 -1 0 0 3069.dat
1 0 -300 -16 -180 1 0 0 0 1 0 0 0 1 2460.dat
1 0 -270 -16 -180 0 0 1 0 1 0 -1 0 0 3069.dat
