0 FILE Death Star Troopers.ldr
0 Death Star Troopers
0 Name: Death Star Troopers.ldr
0 Author: LDraw
0 Unofficial Model
0 ROTATION CENTER 0 0 0 1 "Custom" 
0 ROTATION CONFIG 0 0
1 0 20 40 0 0 0 1 0 1 0 -1 0 0 Part 1.ldr
1 0 0 0 280 0 0 1 0 1 0 -1 0 0 Imp Guard.ldr
1 0 0 0 170 0 0 1 0 1 0 -1 0 0 Imp Guard.ldr
1 0 -130 0 150 0 0 1 0 1 0 -1 0 0 Death Star Trooper.ldr
1 0 -130 0 70 0 0 1 0 1 0 -1 0 0 Death Star Trooper.ldr
0
0 FILE Death Star Trooper.ldr
0 Death Star Trooper
0 Name: Death Star Trooper.ldr
0 Author: LDraw
0 Unofficial Model
0 ROTATION CENTER 0 0 0 1 "Custom" 
0 ROTATION CONFIG 0 0
1 0 0 -24 0 1 0 0 0 1 0 0 0 1 15310.dat
1 78 0 -24 0 1 0 0 0 1 0 0 0 1 3626bp01.dat
1 0 0 0 0 1 0 0 0 1 0 0 0 1 973.dat
1 0 0 32 0 1 0 0 0 1 0 0 0 1 3815.dat
1 0 -15.552 9 0 0.985 -0.17 0 0.17 0.985 0 0 0 1 3818.dat
1 0 15.552 9 0 0.985 0.17 0 -0.17 0.985 0 0 0 1 3819.dat
1 0 -23.8634 26.5956 -10.321 0.985 -0.12019 0.12019 0.17 0.696395 -0.696395 0 0.707 0.707 3820.dat
1 0 23.8634 26.5956 -10.321 0.985 0.12019 -0.12019 -0.17 0.696395 -0.696395 0 0.707 0.707 3820.dat
1 0 -24.6826 36.3422 -12.2547 0.985 -0.0874983 0.14567 0.17 0.506976 -0.844031 0 0.856884 0.514696 15391c01.dat
1 36 -26.263 39.004 -56.105 0.985 -0.0874983 0.14567 -0.0718451 0.562344 0.823176 -0.154072 -0.821611 0.547432 4073.dat
1 0 0 44 0 1 0 0 0 1 0 0 0 1 3816.dat
1 0 0 44 0 1 0 0 0 1 0 0 0 1 3817.dat
0
0 FILE Imp Guard.ldr
0 Imp Guard
0 Name: Imp Guard.ldr
0 Author: LDraw
0 Unofficial Model
0 ROTATION CENTER 0 0 0 1 "Custom" 
0 ROTATION CONFIG 0 0
1 4 0 -27 0 1 0 0 0 1 0 0 0 1 30561.dat
1 0 0 -27 0 1 0 0 0 1 0 0 0 1 3626bp01.dat
1 320 0 -2 0 1 0 0 0 1 0 0 0 1 522.dat
1 4 0 0 0 1 0 0 0 1 0 0 0 1 973.dat
1 4 0 32 0 1 0 0 0 1 0 0 0 1 3815.dat
1 320 -15.552 9 0 0.985 -0.17 0 0.17 0.985 0 0 0 1 3818.dat
1 320 15.552 9 0 0.985 0.17 0 -0.17 0.985 0 0 0 1 3819.dat
1 320 -23.8634 26.5956 -10.321 0.985 -0.12019 0.12019 0.17 0.696395 -0.696395 0 0.707 0.707 3820.dat
1 320 23.8634 26.5956 -10.321 0.985 0.12019 -0.12019 -0.17 0.696395 -0.696395 0 0.707 0.707 3820.dat
1 0 -25.983 37.286 -11.11 -0.975078 0.113173 0.188415 -0.219884 -0.501869 -0.835528 0 -0.856884 0.514696 64644.dat
1 71 -22.746 23.4029 -34.6094 -0.975078 0.113173 0.188415 -0.219884 -0.501869 -0.835528 0 -0.856884 0.514696 30374.dat
1 4 0 44 0 1 0 0 0 1 0 0 0 1 3816.dat
1 4 0 44 0 1 0 0 0 1 0 0 0 1 3817.dat
0
0 FILE Part 1.ldr
0 Part 1
0 Name: Part 1.ldr
0 Author: LDraw
0 Unofficial Model
0 ROTATION CENTER 0 0 0 1 "Custom" 
0 ROTATION CONFIG 0 0
1 71 10 24 0 1 0 0 0 1 0 0 0 1 11213.dat
1 71 -20 -8 10 -1 0 0 0 1 0 0 0 -1 3040b.dat
1 71 40 -8 10 -1 0 0 0 1 0 0 0 -1 3040b.dat
1 71 40 -8 -20 0 0 -1 0 1 0 1 0 0 2877.dat
1 71 -20 -8 -20 0 0 1 0 1 0 -1 0 0 2877.dat
1 71 0 -5.501 -7.658 1 0 0 0 0.92388 0.382683 0 -0.382683 0.92388 Part 2.ldr
1 71 -70 24 0 1 0 0 0 1 0 0 0 1 2654.dat
1 71 -70 8 0 1 0 0 0 1 0 0 0 1 3679.dat
1 0 -10 16 0 1 0 0 0 1 0 0 0 1 3034.dat
1 0 -70 8 0 0.92388 0 -0.382683 0 1 0 0.382683 0 0.92388 3680.dat
1 0 -70 0 0 0.92388 0 -0.382683 0 1 0 0.382683 0 0.92388 4079.dat
1 72 10 16 -30 1 0 0 0 1 0 0 0 1 3710.dat
1 72 10 16 30 1 0 0 0 1 0 0 0 1 3710.dat
1 72 -20 -16 0 0 0 -1 0 1 0 1 0 0 11458.dat
1 72 -20 -8 -20 1 0 0 0 1 0 0 0 1 11477.dat
1 72 40 -8 -20 1 0 0 0 1 0 0 0 1 11477.dat
1 72 40 -16 0 0 0 -1 0 1 0 1 0 0 11458.dat
1 0 30 -22 10 -1 0 0 0 0.92388 -0.382683 0 -0.382683 -0.92388 2780.dat
1 71 -10 -22 10 -1 0 0 0 1 0 0 0 -1 3673.dat
0 
0
0 FILE Part 2.ldr
0 Part 2
0 Name: Part 2.ldr
0 Author: LDraw
0 Unofficial Model
0 ROTATION CENTER 0 0 0 1 "Custom" 
0 ROTATION CONFIG 0 0
1 71 10 -32 10 -1 0 0 0 1 0 0 0 -1 2817.dat
1 71 0 -64 -10 0 0 1 0 1 0 -1 0 0 2877.dat
1 71 20 -56 -10 0 0 -1 0 1 0 1 0 0 99781.dat
1 71 20 -80 -30 0 0 -1 0 1 0 1 0 0 99781.dat
1 71 20 -80 10 0 0 -1 0 1 0 1 0 0 99781.dat
1 0 10 -40 -10 0 0 1 0 1 0 -1 0 0 3020.dat
1 0 34 -46 -10 0 -1 0 -1 0 0 0 0 -1 93273.dat
1 0 10 -72 -30 -1 0 0 0 1 0 0 0 -1 3022.dat
1 0 20 -126 -10 -1 0 0 0 0 1 0 1 0 64644.dat
1 0 10 -104 20 -1 0 0 0 1 0 0 0 -1 3700.dat
1 0 10 -104 -20 -1 0 0 0 1 0 0 0 -1 3700.dat
1 0 10 -104 -40 -1 0 0 0 1 0 0 0 -1 3700.dat
1 0 10 -94 60 -1 0 0 0 1 0 0 0 -1 32270.dat
1 72 10 -94 50 0 0 1 0 1 0 -1 0 0 87083.dat
1 71 10 -54 -80 0 0 1 0 1 0 -1 0 0 32073.dat
1 71 10 -54 -90 0 0 -1 0 -1 0 -1 0 0 62462.dat
1 71 10 -74 -90 0 0 -1 0 -1 0 -1 0 0 62462.dat
1 71 10 -74 -230 0 0 -1 0 -1 0 -1 0 0 61184.dat
1 71 10 -54 -190 0 0 -1 0 -1 0 -1 0 0 61184.dat
1 71 10 -74 -130 0 0 -1 0 -1 0 -1 0 0 62462.dat
1 0 10 -74 -110 0 0 -1 0 -1 0 -1 0 0 2780.dat
1 0 10 -74 -70 0 0 -1 0 -1 0 -1 0 0 2780.dat
1 0 10 -74 -160 0 0 1 0 -1 0 1 0 0 32054.dat
1 72 10 -54 -130 1 0 0 0 1 0 0 0 1 59443.dat
1 72 10 -54 -60 -1 0 0 0 0 -1 0 -1 0 60483.dat
1 72 10 -94 94 0 0 1 -1 0 0 0 -1 0 4589.dat
1 15 0 -80 10 0 0 1 0 1 0 -1 0 0 99206.dat
1 36 -18 -74 0 0 1 0 0 0 -1 -1 0 0 4073.dat
1 36 -34 -74 0 0 1 0 0 0 -1 -1 0 0 4740.dat
1 36 10 -74 -254 1 0 0 0 0 -1 0 1 0 4589.dat
1 71 10 -94 -50 0 0 -1 0 -1 0 -1 0 0 61184.dat
1 36 10 -94 -74 1 0 0 0 0 -1 0 1 0 4589.dat
1 36 10 -54 -214 1 0 0 0 0 -1 0 1 0 4589.dat
1 72 -26 -74 0 0 1 0 0 0 -1 -1 0 0 43898.dat
1 0 10 -64 20 -1 0 0 0 1 0 0 0 -1 3660.dat
1 72 20 -48 -10 0 0 1 0 1 0 -1 0 0 3023.dat
1 72 20 -64 -10 0 0 1 0 1 0 -1 0 0 3023.dat
1 72 0 -80 -30 0 0 1 0 1 0 -1 0 0 3023.dat
1 72 42 -70 -10 0 -1 0 0 0 1 -1 0 0 3710.dat
1 72 10 -64 40 -1 0 0 0 1 0 0 0 -1 85984.dat
1 71 42 -70 -10 0 -1 0 0 0 1 -1 0 0 85984.dat
1 72 42 -46 -10 0 -1 0 0 0 1 -1 0 0 3023.dat
1 72 10 -64 -40 1 0 0 0 1 0 0 0 1 32064b.dat
1 72 10 -112 0 0 0 -1 0 1 0 1 0 0 3021.dat
1 71 10 -120 0 1 0 0 0 1 0 0 0 1 92280.dat
1 72 0 -104 -30 1 0 0 0 1 0 0 0 1 11477.dat
0 
0
0
