0 FILE Endor Battle Pack.ldr
0 Endor Battle Pack
0 Name: Endor Battle Pack.ldr
0 Author: LDraw
0 Unofficial Model
0 ROTATION CENTER 0 0 0 1 "Custom" 
0 ROTATION CONFIG 0 0
1 0 -243.21 -48 390.68 -0.382683 0 -0.92388 0 1 0 0.92388 0 -0.382683 Part 3.ldr
1 0 -100 32 70 0.382683 0 -0.92388 0 1 0 0.92388 0 0.382683 Part 1.ldr
1 0 -320 0 -4 0 0 1 0 1 0 -1 0 0 Scout Trooper.ldr
1 0 -320 0 76 0 0 1 0 1 0 -1 0 0 Stormtrooper.ldr
1 0 -320 0 166 0 0 1 0 1 0 -1 0 0 Rebel 2.ldr
1 0 -320 0 256 0 0 1 0 1 0 -1 0 0 Rebel 1.ldr
0
0 FILE Rebel 1.ldr
0 Rebel 1
0 Name: Rebel 1.ldr
0 Author: LDraw
0 Unofficial Model
0 ROTATION CENTER 0 0 0 1 "Custom" 
0 ROTATION CONFIG 0 0
1 28 0 -24 0 1 0 0 0 1 0 0 0 1 30171.dat
1 78 0 -24 0 1 0 0 0 1 0 0 0 1 3626bp01.dat
1 28 0 0 0 1 0 0 0 1 0 0 0 1 973.dat
1 378 0 32 0 1 0 0 0 1 0 0 0 1 3815.dat
1 378 -15.552 9 0 0.985 -0.17 0 0.17 0.985 0 0 0 1 3818.dat
1 378 15.552 9 0 0.985 0.17 0 -0.17 0.985 0 0 0 1 3819.dat
1 19 -23.8634 26.5956 -10.321 0.985 -0.12019 0.12019 0.17 0.696395 -0.696395 0 0.707 0.707 3820.dat
1 19 23.8634 26.5956 -10.321 0.985 0.12019 -0.12019 -0.17 0.696395 -0.696395 0 0.707 0.707 3820.dat
1 0 -24.6826 31.3422 -19.2547 0.985 -0.0874983 0.14567 0.17 0.506976 -0.844031 0 0.856884 0.514696 61190a.dat
1 72 25.5859 36.5763 -20.1144 -0.14567 -0.985 -0.0874983 -0.844031 0.17 -0.506976 0.514696 0 -0.856884 30304.dat
1 378 0 44 0 1 0 0 0 1 0 0 0 1 3816.dat
1 378 0 44 0 1 0 0 0 1 0 0 0 1 3817.dat
0
0 FILE Rebel 2.ldr
0 Rebel 2
0 Name: Rebel 2.ldr
0 Author: LDraw
0 Unofficial Model
0 ROTATION CENTER 0 0 0 1 "Custom" 
0 ROTATION CONFIG 0 0
1 28 0 -24 0 1 0 0 0 1 0 0 0 1 30171.dat
1 78 0 -24 0 1 0 0 0 1 0 0 0 1 3626bps9.dat
1 378 0 0 0 1 0 0 0 1 0 0 0 1 973.dat
1 378 0 32 0 1 0 0 0 1 0 0 0 1 3815.dat
1 378 -15.552 9 0 0.985 -0.17 0 0.17 0.985 0 0 0 1 3818.dat
1 378 15.552 9 0 0.985 0.17 0 -0.17 0.985 0 0 0 1 3819.dat
1 19 -23.8634 26.5956 -10.321 0.985 -0.12019 0.12019 0.17 0.696395 -0.696395 0 0.707 0.707 3820.dat
1 19 23.8634 26.5956 -10.321 0.985 0.12019 -0.12019 -0.17 0.696395 -0.696395 0 0.707 0.707 3820.dat
1 0 -23.1951 22.7236 -33.8217 0.985 -0.0874983 0.14567 0.17 0.506976 -0.844031 0 0.856884 0.514696 57899.dat
1 378 0 44 0 1 0 0 0 1 0 0 0 1 3816.dat
1 378 0 44 0 1 0 0 0 1 0 0 0 1 3817.dat
0
0 FILE Stormtrooper.ldr
0 Stormtrooper
0 Name: Stormtrooper.ldr
0 Author: LDraw
0 Unofficial Model
0 ROTATION CENTER 0 0 0 1 "Custom" 
0 ROTATION CONFIG 0 0
1 15 0 -24 0 1 0 0 0 1 0 0 0 1 30408p01.dat
1 0 0 -24 0 1 0 0 0 1 0 0 0 1 3626bp01.dat
1 15 0 0 0 1 0 0 0 1 0 0 0 1 973psk.dat
1 0 0 32 0 1 0 0 0 1 0 0 0 1 3815.dat
1 15 -15.552 9 0 0.985 -0.17 0 0.17 0.985 0 0 0 1 3818.dat
1 15 15.552 9 0 0.985 0.17 0 -0.17 0.985 0 0 0 1 3819.dat
1 0 -23.8634 26.5956 -10.321 0.985 -0.12019 0.12019 0.17 0.696395 -0.696395 0 0.707 0.707 3820.dat
1 0 23.8634 26.5956 -10.321 0.985 0.12019 -0.12019 -0.17 0.696395 -0.696395 0 0.707 0.707 3820.dat
1 0 -23.1951 22.7236 -33.8217 0.985 -0.0874983 0.14567 0.17 0.506976 -0.844031 0 0.856884 0.514696 57899.dat
1 15 0 44 0 1 0 0 0 1 0 0 0 1 3816.dat
1 15 0 44 0 1 0 0 0 1 0 0 0 1 3817.dat
0
0 FILE Scout Trooper.ldr
0 Scout Trooper
0 Name: Scout Trooper.ldr
0 Author: LDraw
0 Unofficial Model
0 ROTATION CENTER 0 0 0 1 "Custom" 
0 ROTATION CONFIG 0 0
1 15 0 -24 0 1 0 0 0 1 0 0 0 1 30369.dat
1 0 0 -24 0 1 0 0 0 1 0 0 0 1 3626bp01.dat
1 15 0 0 0 1 0 0 0 1 0 0 0 1 973pre.dat
1 0 0 32 0 1 0 0 0 1 0 0 0 1 3815.dat
1 15 -15.552 9 0 0.985 -0.17 0 0.17 0.985 0 0 0 1 3818.dat
1 15 15.552 9 0 0.985 0.17 0 -0.17 0.985 0 0 0 1 3819.dat
1 0 -23.8634 26.5956 -10.321 0.985 -0.12019 0.12019 0.17 0.696395 -0.696395 0 0.707 0.707 3820.dat
1 0 23.8634 26.5956 -10.321 0.985 0.12019 -0.12019 -0.17 0.696395 -0.696395 0 0.707 0.707 3820.dat
1 0 -24.6826 31.3422 -19.2547 0.985 -0.0874983 0.14567 0.17 0.506976 -0.844031 0 0.856884 0.514696 61190a.dat
1 15 0 44 0 1 0 0 0 1 0 0 0 1 3816.dat
1 15 0 44 0 1 0 0 0 1 0 0 0 1 3817.dat
0
0 FILE Part 1.ldr
0 Part 1
0 Name: Part 1.ldr
0 Author: LDraw
0 Unofficial Model
0 ROTATION CENTER 0 0 0 1 "Custom" 
0 ROTATION CONFIG 0 0
1 70 -10 24 0 1 0 0 0 1 0 0 0 1 3031.dat
1 70 40 -16 -30 -1 0 0 0 1 0 0 0 -1 60481.dat
1 70 40 -88 -50 0 0 1 0 1 0 -1 0 0 60481.dat
1 70 40 -40 -50 0 0 -1 0 1 0 1 0 0 2357.dat
1 70 40 -136 -30 1 0 0 0 1 0 0 0 1 2339.dat
1 70 40 -144 30 0 0 -1 0 1 0 1 0 0 3623.dat
1 308 40 -112 -30 1 0 0 0 1 0 0 0 1 3040b.dat
1 72 -70 8 -10 1 0 0 0 1 0 0 0 1 3039.dat
1 0 -70 0 0 1 0 0 0 1 0 0 0 1 3680.dat
1 0 -96.788 0 64.672 -0.382683 0 -0.92388 0 1 0 0.92388 0 -0.382683 Part 2.ldr
1 28 30 -16 -50 1 0 0 0 1 0 0 0 1 3678b.dat
1 28 40 -120 -20 0 0 -1 0 1 0 1 0 0 3023.dat
1 70 40 -120 -10 1 0 0 0 1 0 0 0 1 54200.dat
1 70 -60 8 10 -1 0 0 0 1 0 0 0 -1 3062b.dat
1 2 -80 8 10 -0.707107 0 -0.707107 0 1 0 0.707107 0 -0.707107 30176.dat
1 10 -56.5685 24 -50 -0.707107 0 -0.707107 0 1 0 0.707107 0 -0.707107 33291.dat
1 10 40 -136 50 -1 0 0 0 1 0 0 0 -1 2417.dat
1 288 30 32 -40 1 0 0 0 1 0 0 0 1 30565.dat
1 288 -50 32 -40 0 0 1 0 1 0 -1 0 0 30565.dat
1 288 -50 32 40 -1 0 0 0 1 0 0 0 -1 30565.dat
1 71 19.931 8 39.91 -0.798636 0 -0.601815 0 1 0 0.601815 0 -0.798636 6140.dat
1 288 30 32 40 0 0 -1 0 1 0 1 0 0 30565.dat
0
0 FILE Part 2.ldr
0 Part 2
0 Name: Part 2.ldr
0 Author: LDraw
0 Unofficial Model
0 ROTATION CENTER 0 0 0 1 "Custom" 
0 ROTATION CONFIG 0 0
1 71 -70 0 0 1 0 0 0 1 0 0 0 1 3679.dat
1 70 -70 -8 10 1 0 0 0 1 0 0 0 1 3794a.dat
1 70 -70 -8 -10 1 0 0 0 1 0 0 0 1 3794a.dat
1 0 -70 -16 0 0 0 -1 0 1 0 1 0 0 32530.dat
1 1 -60 -18 0 1 0 0 0 1 0 0 0 1 43093.dat
1 71 -60 -38 0 1 0 0 0 1 0 0 0 1 61184.dat
1 4 -36 -38 0 0 -1 0 1 0 0 0 0 1 4589.dat
1 0 -40 -18 0 0 0 -1 0 1 0 1 0 0 59443.dat
0
0 FILE Part 3.ldr
0 Part 3
0 Name: Part 3.ldr
0 Author: LDraw
0 Unofficial Model
0 ROTATION CENTER 0 0 0 1 "Custom" 
0 ROTATION CONFIG 0 0
1 70 10 8 0 0 0 1 0 1 0 -1 0 0 30187c06.dat
1 70 20 0 0 0 0 1 0 1 0 -1 0 0 2524.dat
1 70 -114 24 0 1 0 0 0 1 0 0 0 1 Part 4.ldr
1 72 0 0 0 0 0 1 0 1 0 -1 0 0 2412b.dat
1 72 20 0 0 0 0 1 0 1 0 -1 0 0 3794a.dat
1 72 12 52 -28 0 0 1 0 1 0 -1 0 0 6120.dat
1 0 10 44 -28 1 0 0 0 1 0 0 0 1 2555.dat
1 0 -53 39 29 0 0 1 -1 0 0 0 -1 0 4349.dat
1 72 12 52 28 0 0 1 0 1 0 -1 0 0 6120.dat
1 0 10 44 28 1 0 0 0 1 0 0 0 1 2555.dat
0
0 FILE Part 4.ldr
0 Part 4
0 Name: Part 4.ldr
0 Author: LDraw
0 Unofficial Model
0 ROTATION CENTER 0 0 0 1 "Custom" 
0 ROTATION CONFIG 0 0
1 0 10 16 0 1 0 0 0 1 0 0 0 1 2654.dat
1 0 30 0 0 0 0 -1 0 1 0 1 0 0 4600.dat
1 0 30 6 -27 0 0.382683 -0.92388 0 -0.92388 -0.382683 -1 0 0 30377.dat
1 0 55.629 -24.515 -15 -0.92388 0 0.382683 -0.382683 0 -0.92388 0 -1 0 4599b.dat
1 0 30 6 28 0 0.382683 -0.92388 0 -0.92388 -0.382683 -1 0 0 30377.dat
1 0 55.629 -24.515 16 0.92388 0 0.382683 0.382683 0 -0.92388 0 1 0 4599b.dat
1 0 -140 -6 -10 0 0 -1 0.382683 0.92388 0 0.92388 -0.382683 0 3849.dat
1 0 -140 -6 10 0 0 -1 -0.382683 0.92388 0 0.92388 0.382683 0 3849.dat
1 72 10 8 0 1 0 0 0 1 0 0 0 1 4032b.dat
1 72 20 -16 0 0 0 -1 0 1 0 1 0 0 88072.dat
1 72 -120 -6 10 0 -1 0 -1 0 0 0 0 -1 41677.dat
1 71 20 -8 -10 0 0 -1 0 1 0 1 0 0 4073.dat
1 71 20 -8 10 0 0 -1 0 1 0 1 0 0 4073.dat
1 70 0 -16 -10 0 0 1 0 1 0 -1 0 0 4070.dat
1 70 -149 -6 10 0 1 0 0.92388 0 0.382683 0.382683 0 -0.92388 30259.dat
1 70 -149 -6 -10 0 1 0 -0.92388 0 0.382683 0.382683 0 0.92388 30259.dat
1 70 0 -16 10 0 0 1 0 1 0 -1 0 0 4070.dat
1 70 20 -32 0 0 0 1 0 1 0 -1 0 0 47456.dat
0
0
