0 FILE Final Duel II.ldr
0 Final Duel II
0 Name: Final Duel II.ldr
0 Author: R Paluczak
0 Unofficial Model
0 ROTATION CENTER 0 0 0 1 "Custom" 
0 ROTATION CONFIG 0 0
1 0 -20 16 0 0 0 1 0 1 0 -1 0 0 Door.ldr
1 0 -140 16 -160 0 0 1 0 1 0 -1 0 0 Imperial Officer.ldr
1 0 -70 -16 -50 0 0 1 0 1 0 -1 0 0 Luke Skywalker.ldr
1 0 -140 16 -30 0 0 1 0 1 0 -1 0 0 Stormtrooper.ldr
0
0 FILE Stormtrooper.ldr
0 Stormtrooper
0 Name: Stormtrooper.ldr
0 Author: R Paluczak
0 Unofficial Model
0 ROTATION CENTER 0 0 0 1 "Custom" 
0 ROTATION CONFIG 0 0
1 15 0 -24 0 1 0 0 0 1 0 0 0 1 30408p01.dat
1 14 0 -24 0 1 0 0 0 1 0 0 0 1 3626b.dat
1 15 0 0 0 1 0 0 0 1 0 0 0 1 973psk.dat
1 0 0 32 0 1 0 0 0 1 0 0 0 1 3815.dat
1 15 -15.552 9 0 0.985 -0.17 0 0.17 0.985 0 0 0 1 3818.dat
1 15 15.552 9 0 0.985 0.17 0 -0.17 0.985 0 0 0 1 3819.dat
1 0 -23.8634 26.5956 -10.321 0.985 -0.12019 0.12019 0.17 0.696395 -0.696395 0 0.707 0.707 3820.dat
1 0 23.8634 26.5956 -10.321 0.985 0.12019 -0.12019 -0.17 0.696395 -0.696395 0 0.707 0.707 3820.dat
1 0 -23.545 24.752 -30.394 -0.985 0.0874983 -0.14567 -0.0650562 0.597646 0.798514 0.15706 0.7963 -0.582817 4349.dat
1 38 -27.698 45.859 -45.827 -0.985 0.0874983 -0.14567 -0.15706 -0.7963 0.582817 -0.0650562 0.597646 0.798514 4073.dat
1 15 0 44 0 1 0 0 0 1 0 0 0 1 3816.dat
1 15 0 44 0 1 0 0 0 1 0 0 0 1 3817.dat
0
0 FILE Luke Skywalker.ldr
0 Luke Skywalker
0 Name: Luke Skywalker.ldr
0 Author: R Paluczak
0 Unofficial Model
0 ROTATION CENTER 0 0 0 1 "Custom" 
0 ROTATION CONFIG 0 0
1 19 0 -24 0 1 0 0 0 1 0 0 0 1 3901.dat
1 14 0 -24 0 1 0 0 0 1 0 0 0 1 3626bps2.dat
1 0 0 0 0 1 0 0 0 1 0 0 0 1 973ps2.dat
1 0 0 32 0 1 0 0 0 1 0 0 0 1 3815.dat
1 0 -15.552 9 0 0.985 -0.17 0 0.17 0.985 0 0 0 1 3818.dat
1 0 15.552 9 0 0.985 0.17 0 -0.17 0.985 0 0 0 1 3819.dat
1 0 -23.8634 26.5956 -10.321 0.985 -0.12019 0.12019 0.17 0.696395 -0.696395 0 0.707 0.707 3820.dat
1 14 23.8634 26.5956 -10.321 0.985 0.12019 -0.12019 -0.17 0.696395 -0.696395 0 0.707 0.707 3820.dat
1 0 0 44 0 1 0 0 0 1 0 0 0 1 3816.dat
1 0 0 44 0 1 0 0 0 1 0 0 0 1 3817.dat
0
0 FILE Imperial Officer.ldr
0 Imperial Officer
0 Name: Imperial Officer.ldr
0 Author: R Paluczak
0 Unofficial Model
0 ROTATION CENTER 0 0 0 1 "Custom" 
0 ROTATION CONFIG 0 0
1 8 0 -24 0 1 0 0 0 1 0 0 0 1 3624.dat
1 14 0 -24 0 1 0 0 0 1 0 0 0 1 3626bp01.dat
1 8 0 0 0 1 0 0 0 1 0 0 0 1 973psq.dat
1 8 0 32 0 1 0 0 0 1 0 0 0 1 3815.dat
1 8 -15.552 9 0 0.985 -0.17 0 0.17 0.985 0 0 0 1 3818.dat
1 8 15.552 9 0 0.985 0.17 0 -0.17 0.985 0 0 0 1 3819.dat
1 14 -23.8634 26.5956 -10.321 0.985 -0.12019 0.12019 0.17 0.696395 -0.696395 0 0.707 0.707 3820.dat
1 14 23.8634 26.5956 -10.321 0.985 0.12019 -0.12019 -0.17 0.696395 -0.696395 0 0.707 0.707 3820.dat
1 383 -23.1951 22.7236 -33.8217 0.985 -0.0874983 0.14567 0.17 0.506976 -0.844031 0 0.856884 0.514696 577.dat
1 8 0 44 0 1 0 0 0 1 0 0 0 1 3816.dat
1 8 0 44 0 1 0 0 0 1 0 0 0 1 3817.dat
0
0 FILE Door.ldr
0 Door
0 Name: Door.ldr
0 Author: R Paluczak
0 Unofficial Model
0 ROTATION CENTER 0 0 0 1 "Custom" 
0 ROTATION CONFIG 0 0
1 8 50 40 0 0 0 -1 0 1 0 1 0 0 3036.dat
1 8 50 24 60 -1 0 0 0 1 0 0 0 -1 3020.dat
1 0 50 32 50 1 0 0 0 1 0 0 0 1 3710.dat
1 0 0 32 -20 0 0 1 0 1 0 -1 0 0 6583.dat
1 0 100 32 -20 0 0 -1 0 1 0 1 0 0 6583.dat
1 0 100 48 -60 0 0 -1 0 1 0 1 0 0 3004.dat
1 0 0 48 -60 0 0 -1 0 1 0 1 0 0 3004.dat
1 0 100 48 60 0 0 -1 0 1 0 1 0 0 3004.dat
1 0 50 -104 70 -1 0 0 0 1 0 0 0 -1 30528.dat
1 0 0 48 60 0 0 -1 0 1 0 1 0 0 3004.dat
0
0
