0 FILE Freeco Speeder.ldr
0 Freeco Speeder
0 Name: Freeco Speeder.ldr
0 Author: LDraw
0 Unofficial Model
0 ROTATION CENTER 0 0 0 1 "Custom" 
0 ROTATION CONFIG 0 0
1 0 -422 -8 128 0 0 1 0 1 0 -1 0 0 Anakin.ldr
1 0 -422 -8 38 0 0 1 0 1 0 -1 0 0 Talz.ldr
1 0 -172 5 250 0.382683 0 0.92388 0 1 0 -0.92388 0 0.382683 Part 1.ldr
0
0 FILE Anakin.ldr
0 Anakin
0 Name: Anakin.ldr
0 Author: LDraw
0 Unofficial Model
0 ROTATION CENTER 0 0 0 1 "Custom" 
0 ROTATION CONFIG 0 0
1 272 0 -24 0 1 0 0 0 1 0 0 0 1 30287p01.dat
1 78 0 -24 0 1 0 0 0 1 0 0 0 1 3626bp01.dat
1 272 0 0 0 1 0 0 0 1 0 0 0 1 973.dat
1 272 0 32 0 1 0 0 0 1 0 0 0 1 3815.dat
1 272 -15.552 9 0 0.985 -0.17 0 0.17 0.985 0 0 0 1 3818.dat
1 272 15.552 9 0 0.985 0.17 0 -0.17 0.985 0 0 0 1 3819.dat
1 15 -23.8634 26.5956 -10.321 0.985 -0.12019 0.12019 0.17 0.696395 -0.696395 0 0.707 0.707 3820.dat
1 15 23.8634 26.5956 -10.321 0.985 0.12019 -0.12019 -0.17 0.696395 -0.696395 0 0.707 0.707 3820.dat
1 43 -23.1951 22.7236 -33.8217 0.985 -0.0874983 0.14567 0.17 0.506976 -0.844031 0 0.856884 0.514696 577bc01.dat
1 71 0 44 0 1 0 0 0 1 0 0 0 1 3816.dat
1 71 0 44 0 1 0 0 0 1 0 0 0 1 3817.dat
0
0 FILE Talz.ldr
0 Talz
0 Name: Talz.ldr
0 Author: LDraw
0 Unofficial Model
0 ROTATION CENTER 0 0 0 1 "Custom" 
0 ROTATION CONFIG 0 0
1 72 0 -24 0 1 0 0 0 1 0 0 0 1 3626bp01.dat
1 71 0 0 0 1 0 0 0 1 0 0 0 1 973.dat
1 71 0 32 0 1 0 0 0 1 0 0 0 1 3815.dat
1 71 -15.552 9 0 0.985 -0.17 0 0.17 0.985 0 0 0 1 3818.dat
1 71 15.552 9 0 0.985 0.17 0 -0.17 0.985 0 0 0 1 3819.dat
1 72 -23.8634 26.5956 -10.321 0.985 -0.12019 0.12019 0.17 0.696395 -0.696395 0 0.707 0.707 3820.dat
1 72 23.8634 26.5956 -10.321 0.985 0.12019 -0.12019 -0.17 0.696395 -0.696395 0 0.707 0.707 3820.dat
1 80 -21.4451 12.5841 -50.9594 0.985 -0.0874983 0.14567 0.17 0.506976 -0.844031 0 0.856884 0.514696 4497.dat
1 71 0 44 0 1 0 0 0 1 0 0 0 1 3816.dat
1 71 0 44 0 1 0 0 0 1 0 0 0 1 3817.dat
0
0 FILE Part 1.ldr
0 Part 1
0 Name: Part 1.ldr
0 Author: LDraw
0 Unofficial Model
0 ROTATION CENTER 0 0 0 1 "Custom" 
0 ROTATION CONFIG 0 0
1 72 -20 32 0 1 0 0 0 1 0 0 0 1 4282.dat
0 MLCAD BTG Group name
1 72 -9.629 -11.509 0 0.996195 0.0871557 0 -0.0871557 0.996195 0 0 0 1 3021.dat
0 MLCAD BTG Group name
1 72 9.597 -21.222 0 0 0.0871557 -0.996195 0 0.996195 0.0871557 1 0 0 3794a.dat
1 0 247 -34 -130 0 -1 0 0 0 1 -1 0 0 4522.dat
1 72 236 -34 -130 0 -1 0 0 0 1 -1 0 0 43898.dat
1 43 243 -34 -130 0 -1 0 0 0 1 -1 0 0 4740.dat
1 72 84 -34 -130 0 1 0 0 0 1 1 0 0 43898.dat
1 0 77 -34 -130 0 1 0 0 0 1 1 0 0 4740.dat
1 0 247 -34 130 0 -1 0 0 0 1 -1 0 0 4522.dat
1 72 236 -34 130 0 -1 0 0 0 1 -1 0 0 43898.dat
1 43 243 -34 130 0 -1 0 0 0 1 -1 0 0 4740.dat
1 72 180 -8 0 1 0 0 0 1 0 0 0 1 61780.dat
1 72 180 -28 0 0 1 0 0 0 1 1 0 0 30304.dat
1 72 110 40 0 0 0 -1 0 1 0 1 0 0 4590.dat
1 72 98 56 -30 0 0 -1 0 1 0 1 0 0 6120.dat
1 72 -138 56 0 0 0 1 0 1 0 -1 0 0 6120.dat
1 72 98 56 30 0 0 -1 0 1 0 1 0 0 6120.dat
1 72 -70 34 -20 0 0 -1 -1 0 0 0 1 0 30193.dat
1 72 -70 34 20 0 0 -1 1 0 0 0 -1 0 30193.dat
1 72 130 -16 0 1 0 0 0 1 0 0 0 1 3021.dat
1 15 190 -24 40 1 0 0 0 1 0 0 0 1 3021.dat
1 15 190 -24 -40 1 0 0 0 1 0 0 0 1 3021.dat
1 72 150 -32 -60 1 0 0 0 1 0 0 0 1 3021.dat
1 0 160 -24 -80 0 0 1 0 1 0 -1 0 0 10247.dat
1 0 160 -24 80 0 0 -1 0 1 0 1 0 0 10247.dat
1 0 160 -14 -100 0 0 -1 0 1 0 1 0 0 2780.dat
1 0 160 -14 100 0 0 -1 0 1 0 1 0 0 2780.dat
1 72 150 -32 60 1 0 0 0 1 0 0 0 1 3021.dat
1 15 170 -40 -40 1 0 0 0 1 0 0 0 1 3021.dat
1 15 170 -40 80 1 0 0 0 1 0 0 0 1 3021.dat
1 15 170 -40 -80 1 0 0 0 1 0 0 0 1 3021.dat
1 320 150 -48 -100 0 0 -1 0 1 0 1 0 0 3023.dat
1 320 170 -48 -100 0 0 -1 0 1 0 1 0 0 3023.dat
1 320 150 -48 100 0 0 -1 0 1 0 1 0 0 3023.dat
1 320 130 -48 70 0 0 -1 0 1 0 1 0 0 3024.dat
1 320 130 -48 -70 0 0 -1 0 1 0 1 0 0 3024.dat
1 320 180 -48 70 -1 0 0 0 1 0 0 0 -1 2431.dat
1 320 180 -48 -70 -1 0 0 0 1 0 0 0 -1 2431.dat
1 320 170 -48 100 0 0 -1 0 1 0 1 0 0 3023.dat
1 15 160 -34 -130 0 0 1 0 1 0 -1 0 0 30360.dat
1 4 100 -34 -130 0 1 0 0 0 -1 -1 0 0 6143.dat
1 71 92 -34 -130 0 1 0 0 0 -1 -1 0 0 4073.dat
1 4 100 -34 130 0 1 0 0 0 -1 -1 0 0 6143.dat
1 15 160 -34 130 0 0 1 0 1 0 -1 0 0 30360.dat
1 15 170 -40 40 1 0 0 0 1 0 0 0 1 3021.dat
1 320 160 -32 30 1 0 0 0 1 0 0 0 1 3023.dat
1 320 160 -32 -30 1 0 0 0 1 0 0 0 1 3023.dat
1 15 140 -32 -90 1 0 0 0 1 0 0 0 1 3023.dat
1 15 140 -32 90 1 0 0 0 1 0 0 0 1 3023.dat
1 15 120 -32 30 -1 0 0 0 1 0 0 0 -1 60478.dat
1 15 110 -48 10 0 0 1 0 1 0 -1 0 0 87087.dat
1 15 110 -48 -10 0 0 1 0 1 0 -1 0 0 87087.dat
1 15 120 -32 -30 -1 0 0 0 1 0 0 0 -1 60478.dat
0 MLCAD BTG Group name
1 15 -20.289 -18.607 -10 -0.996195 0.0871557 0 0.0871557 0.996195 0 0 0 -1 60478.dat
0 MLCAD BTG Group name
1 15 -20.289 -18.607 10 -0.996195 0.0871557 0 0.0871557 0.996195 0 0 0 -1 60478.dat
1 15 120 -24 70 -1 0 0 0 1 0 0 0 -1 43723.dat
1 15 120 -24 -70 1 0 0 0 1 0 0 0 1 43722.dat
1 15 120 -40 70 -1 0 0 0 1 0 0 0 -1 43723.dat
1 15 120 -40 -70 1 0 0 0 1 0 0 0 1 43722.dat
1 15 260 -24 0 0 0 -1 0 1 0 1 0 0 51739.dat
1 15 280 -32 0 0 0 -1 0 1 0 1 0 0 51739.dat
1 15 120 -24 0 0 0 -1 0 1 0 1 0 0 3020.dat
1 15 220 -32 60 0 0 -1 0 1 0 1 0 0 30503.dat
1 15 160 -16 -60 0 0 -1 0 1 0 1 0 0 2654.dat
1 15 120 48 0 0 0 -1 0 1 0 1 0 0 2654.dat
1 15 160 0 -120 0 0 -1 0 1 0 1 0 0 2654.dat
1 15 160 0 120 0 0 -1 0 1 0 1 0 0 2654.dat
1 15 -180 40 0 0 0 -1 0 1 0 1 0 0 2654.dat
1 15 160 -16 60 0 0 -1 0 1 0 1 0 0 2654.dat
1 15 220 -32 -60 1 0 0 0 1 0 0 0 1 30503.dat
1 15 240 -40 40 0 0 -1 0 1 0 1 0 0 30503.dat
1 15 240 -40 -40 1 0 0 0 1 0 0 0 1 30503.dat
1 71 150 -24 0 0 0 -1 0 1 0 1 0 0 3666.dat
1 71 230 -24 0 0 0 -1 0 1 0 1 0 0 3666.dat
1 71 240 -32 0 0 0 -1 0 1 0 1 0 0 3022.dat
1 71 170 -32 -90 0 0 -1 0 1 0 1 0 0 4073.dat
1 71 170 -32 90 0 0 -1 0 1 0 1 0 0 4073.dat
1 71 210 -32 0 0 0 -1 0 1 0 1 0 0 3700.dat
1 71 160 -24 -110 -1 0 0 0 1 0 0 0 -1 3700.dat
1 71 160 -24 110 -1 0 0 0 1 0 0 0 -1 3700.dat
1 15 160 -24 130 -1 0 0 0 1 0 0 0 -1 3660.dat
1 15 160 -24 -130 1 0 0 0 1 0 0 0 1 3660.dat
1 15 160 -64 -130 1 0 0 0 1 0 0 0 1 3039.dat
1 15 160 -64 130 -1 0 0 0 1 0 0 0 -1 3039.dat
1 72 -20 16 0 1 0 0 0 1 0 0 0 1 4282.dat
1 72 -100 8 -10 1 0 0 0 1 0 0 0 1 2540.dat
1 72 -100 8 10 -1 0 0 0 1 0 0 0 -1 2540.dat
1 72 -70 0 0 0 0 -1 0 1 0 1 0 0 47457.dat
1 72 -10 0 0 0 0 -1 0 1 0 1 0 0 3794a.dat
1 15 -160 8 0 1 0 0 0 1 0 0 0 1 3020.dat
1 15 -230 8 0 0 0 -1 0 1 0 1 0 0 3023.dat
1 71 130 40 0 0 0 -1 0 1 0 1 0 0 3023.dat
1 320 -170 -16 0 0 0 -1 0 1 0 1 0 0 3023.dat
1 15 -70 -24 0 0 0 -1 0 1 0 1 0 0 3023.dat
1 320 130 0 0 0 0 -1 0 1 0 1 0 0 3023.dat
1 70 110 -8 0 0 0 1 0 1 0 -1 0 0 3298.dat
1 70 110 -48 -10 1 0 0 0 1 0 0 0 1 54200.dat
0 MLCAD BTG Group name
1 15 8.901 -29.192 0 0 0.0871557 0.996195 0 0.996195 -0.0871557 -1 0 0 54200.dat
1 70 110 -48 10 -1 0 0 0 1 0 0 0 -1 54200.dat
1 70 92 -38 0 0 1 0 0 0 -1 -1 0 0 3069b.dat
1 71 -210 8 -10 1 0 0 0 1 0 0 0 1 4081b.dat
1 71 -50 32 -30 0 0 1 0 1 0 -1 0 0 4081b.dat
1 71 -140 40 0 0 0 1 0 1 0 -1 0 0 4073.dat
1 71 -140 48 0 0 0 1 0 1 0 -1 0 0 4073.dat
1 71 -50 32 30 0 0 1 0 1 0 -1 0 0 4081b.dat
1 71 -210 8 10 -1 0 0 0 1 0 0 0 -1 4081b.dat
1 15 -190 16 0 0 0 1 0 1 0 -1 0 0 3747b.dat
1 72 -10 24 -30 0 0 -1 0 1 0 1 0 0 54200.dat
1 72 -50 0 -30 0 0 1 0 1 0 -1 0 0 3665.dat
1 72 -50 0 30 0 0 1 0 1 0 -1 0 0 3665.dat
1 72 -10 24 30 0 0 -1 0 1 0 1 0 0 54200.dat
1 71 -160 24 0 1 0 0 0 1 0 0 0 1 4032b.dat
1 71 -120 24 0 1 0 0 0 1 0 0 0 1 4032b.dat
1 71 -80 24 0 1 0 0 0 1 0 0 0 1 4032b.dat
1 72 -180 -8 0 1 0 0 0 1 0 0 0 1 4032b.dat
1 71 140 8 0 1 0 0 0 1 0 0 0 1 3022.dat
1 71 -100 0 0 1 0 0 0 1 0 0 0 1 3022.dat
1 71 -70 -16 10 0 0 -1 0 1 0 1 0 0 61252.dat
1 71 -70 -16 -10 0 0 -1 0 1 0 1 0 0 61252.dat
0 MLCAD BTG Group name
1 71 8.901 -29.192 0 0 0.0871557 -0.996195 0 0.996195 0.0871557 1 0 0 61252.dat
0 MLCAD BTG Group name
1 0 28.824 -30.934 0 0 -0.642788 0.766045 0 0.766045 0.642788 -1 0 0 30031.dat
1 71 140 -8 0 1 0 0 0 1 0 0 0 1 3022.dat
1 71 -140 0 -10 1 0 0 0 1 0 0 0 1 44728.dat
1 71 -140 0 10 -1 0 0 0 1 0 0 0 -1 44728.dat
1 71 -180 0 -10 1 0 0 0 1 0 0 0 1 44728.dat
1 71 -180 0 10 -1 0 0 0 1 0 0 0 -1 44728.dat
1 47 -222 10 -30 0 1 0 1 0 0 0 0 -1 4073.dat
1 15 -220 0 0 1 0 0 0 1 0 0 0 1 3022.dat
1 15 -160 20 -24 1 0 0 0 0 -1 0 1 0 88930.dat
1 15 -160 20 24 -1 0 0 0 0 -1 0 -1 0 88930.dat
1 15 -70 -8 -30 1 0 0 0 1 0 0 0 1 2420.dat
1 15 -70 -8 30 0 0 1 0 1 0 -1 0 0 2420.dat
1 15 -10 8 0 1 0 0 0 1 0 0 0 1 3021.dat
1 71 -50 24 0 0 0 -1 0 1 0 1 0 0 3710.dat
1 71 -50 40 0 0 0 -1 0 1 0 1 0 0 3710.dat
1 71 -10 24 0 0 0 -1 0 1 0 1 0 0 3710.dat
1 15 40 8 0 -1 0 0 0 1 0 0 0 -1 4854.dat
1 15 30 0 30 -1 0 0 0 1 0 0 0 -1 63864.dat
1 15 30 0 -30 -1 0 0 0 1 0 0 0 -1 63864.dat
1 15 100 8 0 -1 0 0 0 1 0 0 0 -1 4871.dat
1 15 130 8 0 0 0 -1 0 1 0 1 0 0 4855.dat
1 15 -170 -24 0 0 0 1 0 1 0 -1 0 0 6069.dat
1 15 190 -16 0 0 0 1 0 1 0 -1 0 0 4856.dat
1 15 110 -16 30 0 0 1 0 1 0 -1 0 0 4286.dat
1 15 110 -16 -30 0 0 1 0 1 0 -1 0 0 4286.dat
1 15 -60 -8 -30 1 0 0 0 1 0 0 0 1 85984.dat
1 15 -120 -24 -10 1 0 0 0 1 0 0 0 1 3037.dat
1 15 -80 -32 0 1 0 0 0 1 0 0 0 1 3068b.dat
0 MLCAD BTG Group name
1 15 -20.985 -26.576 0 0 0.0871557 0.996195 0 0.996195 -0.0871557 -1 0 0 48183.dat
1 15 180 -56 0 1 0 0 0 1 0 0 0 1 3068b.dat
1 15 190 -40 0 0 0 -1 0 1 0 1 0 0 89762.dat
0 MLCAD BTG Group name
1 40 8.901 -29.192 0 0 0.0871557 0.996195 0 0.996195 -0.0871557 -1 0 0 89762.dat
0 GROUP 9 Group name
1 15 -140 -32 0 1 0 0 0 1 0 0 0 1 87079.dat
1 15 -120 -24 10 -1 0 0 0 1 0 0 0 -1 3037.dat
1 15 -60 -8 30 -1 0 0 0 1 0 0 0 -1 85984.dat
1 15 160 -48 110 1 0 0 0 1 0 0 0 1 85984.dat
1 15 160 -48 -110 -1 0 0 0 1 0 0 0 -1 85984.dat
1 15 130 -16 -30 1 0 0 0 1 0 0 0 1 4287.dat
1 15 130 -16 30 -1 0 0 0 1 0 0 0 -1 4287.dat
1 71 -30 24 0 0 0 -1 0 1 0 1 0 0 3023.dat
1 47 -222 10 30 0 1 0 1 0 0 0 0 -1 4073.dat
1 72 84 -34 130 0 1 0 0 0 1 1 0 0 43898.dat
1 0 77 -34 130 0 1 0 0 0 1 1 0 0 4740.dat
1 71 92 -34 130 0 1 0 0 0 -1 -1 0 0 4073.dat
0 
0
0
