0 FILE Untitled.ldr
0 Untitled
0 Name: Untitled.ldr
0 Author: LDraw
0 Unofficial Model
0 ROTATION CENTER 0 0 0 1 "Custom" 
0 ROTATION CONFIG 0 0
1 0 -83.338 24 563.414 0 0 1 0 1 0 -1 0 0 Rocket Battle Droid.ldr
1 0 -108.196 -143.229 671.877 0.353553 -0.146447 0.92388 0.382683 0.92388 0 -0.853553 0.353553 0.382683 Rocket Battle Droid.ldr
1 0 -161.498 -113.231 185.484 0.353553 0.488852 0.797511 -0.382683 0.853553 -0.353553 -0.853553 -0.180194 0.488852 Rocket Battle Droid.ldr
1 0 142.538 -271.021 419.876 0.353553 0.382683 -0.853553 -0.488852 0.853553 0.180194 0.797511 0.353553 0.488852 Part 1.ldr
0
0 FILE Rocket Battle Droid.ldr
0 Rocket Battle Droid
0 Name: Rocket Battle Droid.ldr
0 Author: LDraw
0 Unofficial Model
0 ROTATION CENTER 0 0 0 1 "Custom" 
0 ROTATION CONFIG 0 0
1 484 -20 16 0 1 0 0 0 1 0 0 0 1 30375.dat
1 484 -20 -16 0 1 0 0 0 1 0 0 0 1 30378.dat
1 72 -4 -16 0 1 0 0 0 1 0 0 0 1 30377.dat
1 72 -20 -2 19 -1 0 0 0 0 -1 0 -1 0 30162.dat
1 72 -20 -2 15 -1 0 0 0 0 -1 0 -1 0 4073.dat
1 72 -36 -16 0 1 0 0 0 0.92388 0.382683 0 -0.382683 0.92388 59230.dat
1 0 -36 20.955 -15.307 1 0 0 0 0.382683 -0.92388 0 0.92388 0.382683 58247.dat
1 72 -20 55 0 1 0 0 0 1 0 0 0 1 30376.dat
0
0 FILE Part 1.ldr
0 Part 1
0 Name: Part 1.ldr
0 Author: LDraw
0 Unofficial Model
0 ROTATION CENTER 0 0 0 1 "Custom" 
0 ROTATION CONFIG 0 0
1 0 -10 24 0 1 0 0 0 1 0 0 0 1 3795.dat
1 0 50 -40 -80 0 0 -1 0 1 0 1 0 0 3795.dat
1 0 170 24 0 1 0 0 0 1 0 0 0 1 2445.dat
1 0 -60 0 0 0 0 -1 0 1 0 1 0 0 30365.dat
1 0 -60 10 50 1 0 0 0 1 0 0 0 1 41532.dat
1 0 -80 0 102 0 0 1 -1 0 0 0 -1 0 Part 2.ldr
1 0 300 20 102 0 0 -1 1 0 0 0 -1 0 Part 2.ldr
1 0 -40 10 50 1 0 0 0 1 0 0 0 1 41532.dat
1 0 260 10 50 1 0 0 0 1 0 0 0 1 41532.dat
1 0 280 10 50 1 0 0 0 1 0 0 0 1 41532.dat
1 0 110 -24 60 0 0 -1 0 1 0 1 0 0 3001.dat
1 0 -40 0 0 0 0 -1 0 1 0 1 0 0 30365.dat
1 0 260 0 0 0 0 -1 0 1 0 1 0 0 30365.dat
1 0 280 0 0 0 0 -1 0 1 0 1 0 0 30365.dat
1 0 -10 0 -10 -1 0 0 0 1 0 0 0 -1 32000.dat
1 0 50 -16 10 -1 0 0 0 1 0 0 0 -1 32000.dat
1 19 0 -24 10 0 0 1 0 1 0 -1 0 0 3622.dat
1 19 220 -24 10 0 0 1 0 1 0 -1 0 0 3622.dat
1 19 150 -24 0 1 0 0 0 1 0 0 0 1 2456.dat
1 19 50 -16 -10 1 0 0 0 1 0 0 0 1 30236.dat
1 0 150 0 -10 -1 0 0 0 1 0 0 0 -1 32000.dat
1 72 140 10 7 0 0 1 0 1 0 -1 0 0 32209.dat
1 71 140 10 -35 1 0 0 0 0 1 0 -1 0 6632.dat
1 71 200 10 -35 1 0 0 0 0 1 0 -1 0 6632.dat
1 72 160 10 7 0 0 1 0 1 0 -1 0 0 32209.dat
1 72 160 -2 -49 0 -1 0 1 0 0 0 0 1 2854.dat
1 15 140 10 -25 0 0 1 1 0 0 0 1 0 41677.dat
1 0 190 0 -10 -1 0 0 0 1 0 0 0 -1 32000.dat
1 72 180 10 7 0 0 1 0 1 0 -1 0 0 32209.dat
1 72 200 10 7 0 0 1 0 1 0 -1 0 0 32209.dat
1 72 180 -2 -49 0 -1 0 1 0 0 0 0 1 2854.dat
1 15 180 10 -25 0 0 1 1 0 0 0 1 0 41677.dat
1 71 -10 0 10 -1 0 0 0 1 0 0 0 -1 3747b.dat
1 71 230 0 10 -1 0 0 0 1 0 0 0 -1 3747b.dat
1 71 110 0 90 -1 0 0 0 1 0 0 0 -1 3747b.dat
1 71 170 -40 -130 1 0 0 0 1 0 0 0 1 3747b.dat
1 71 170 -24 -100 1 0 0 0 1 0 0 0 1 2654.dat
1 71 110 32 20 1 0 0 0 1 0 0 0 1 2654.dat
1 71 50 32 0 1 0 0 0 1 0 0 0 1 2654.dat
0 MLCAD BTG Group name
1 71 50 -12 -100 -1 0 0 0 -1 0 0 0 1 2654.dat
1 71 50 16 0 -1 0 0 0 1 0 0 0 -1 3020.dat
1 71 50 8 0 -1 0 0 0 1 0 0 0 -1 3020.dat
1 71 50 -24 0 -1 0 0 0 1 0 0 0 -1 3020.dat
1 71 50 -48 -80 0 0 1 0 1 0 -1 0 0 3020.dat
1 0 170 -48 -80 0 0 -1 0 1 0 1 0 0 3795.dat
1 71 170 -56 -80 0 0 1 0 1 0 -1 0 0 3020.dat
1 71 50 -32 -60 0 0 1 0 1 0 -1 0 0 3020.dat
0 MLCAD BTG Group name
1 71 50 12 -100 0 0 -1 0 -1 0 -1 0 0 3020.dat
0 MLCAD BTG Group name
1 71 50 4 -120 0 0 -1 0 -1 0 -1 0 0 3020.dat
1 71 170 -16 -30 -1 0 0 0 1 0 0 0 -1 3666.dat
1 72 110 -24 -30 -1 0 0 0 1 0 0 0 -1 3710.dat
1 72 200 -40 -20 0 0 1 0 1 0 -1 0 0 3710.dat
1 72 140 -40 -20 0 0 1 0 1 0 -1 0 0 3710.dat
1 72 110 -32 10 1 0 0 0 1 0 0 0 1 3460.dat
1 72 110 -32 -40 1 0 0 0 1 0 0 0 1 6179.dat
0 MLCAD BTG Group name
1 72 50 20 -100 -1 0 0 0 -1 0 0 0 1 3022.dat
1 72 184 -30 -70 -1 0 0 0 0.300706 0.953717 0 0.953717 -0.300706 30377.dat
1 72 154 -30 -70 -1 0 0 0 0.300706 0.953717 0 0.953717 -0.300706 30377.dat
0 MLCAD BTG Group name
1 72 36 -6 -70 1 0 0 0 -0.300706 -0.953717 0 0.953717 -0.300706 30377.dat
0 MLCAD BTG Group name
1 72 66 -6 -70 1 0 0 0 -0.300706 -0.953717 0 0.953717 -0.300706 30377.dat
1 72 70 -32 60 -1 0 0 0 1 0 0 0 -1 6179.dat
1 72 50 -56 -80 -1 0 0 0 1 0 0 0 -1 43712.dat
1 72 150 -32 60 -1 0 0 0 1 0 0 0 -1 6179.dat
1 0 170 -32 -10 1 0 0 0 1 0 0 0 1 2540.dat
1 72 -10 -32 40 -1 0 0 0 1 0 0 0 -1 30565.dat
1 72 170 -40 -100 -1 0 0 0 1 0 0 0 -1 3022.dat
1 72 230 -32 40 0 0 -1 0 1 0 1 0 0 30565.dat
1 71 80 -24 -80 0 0 1 0 1 0 -1 0 0 3023.dat
1 71 20 -32 -60 0 0 1 0 1 0 -1 0 0 3023.dat
1 71 170 -32 -110 1 0 0 0 1 0 0 0 1 3023.dat
0 MLCAD BTG Group name
1 71 50 -4 -110 -1 0 0 0 -1 0 0 0 1 3023.dat
1 0 170 -32 -90 -1 0 0 0 1 0 0 0 -1 2540.dat
0 MLCAD BTG Group name
1 0 50 -4 -90 1 0 0 0 -1 0 0 0 -1 2540.dat
1 71 200 -32 -60 0 0 1 0 1 0 -1 0 0 3023.dat
1 71 110 24 60 0 0 1 0 1 0 -1 0 0 3020.dat
1 71 220 30 18 -1 0 0 0 0 1 0 1 0 Part 4.ldr
1 71 200 30 18 -1 0 0 0 0 1 0 1 0 Part 4.ldr
1 71 180 30 18 -1 0 0 0 0 1 0 1 0 Part 4.ldr
1 71 160 30 18 -1 0 0 0 0 1 0 1 0 Part 4.ldr
1 15 110 0 30 0 0 1 0 1 0 -1 0 0 3002.dat
1 15 70 -24 70 0 0 1 0 1 0 -1 0 0 3002.dat
1 15 150 -24 70 0 0 1 0 1 0 -1 0 0 3002.dat
1 71 100 0 -10 1 0 0 0 1 0 0 0 1 2921.dat
1 72 120 0 -10 1 0 0 0 1 0 0 0 1 3665.dat
1 72 90 0 70 0 0 1 0 1 0 -1 0 0 42023.dat
1 72 80 -16 0 1 0 0 0 1 0 0 0 1 42023.dat
1 72 20 -16 0 1 0 0 0 1 0 0 0 1 42023.dat
1 72 130 0 70 0 0 -1 0 1 0 1 0 0 42023.dat
1 72 30 -24 60 0 0 1 0 1 0 -1 0 0 58846.dat
1 72 190 -24 60 -1 0 0 0 1 0 0 0 -1 58846.dat
1 72 210 -24 -50 1 0 0 0 1 0 0 0 1 43723.dat
1 272 10 -24 -60 1 0 0 0 1 0 0 0 1 41769.dat
1 272 230 -32 -20 0 0 -1 0 1 0 1 0 0 41769.dat
1 272 50 -32 110 -1 0 0 0 1 0 0 0 -1 3069b.dat
1 272 170 -32 110 -1 0 0 0 1 0 0 0 -1 3069b.dat
1 272 170 -40 0 -1 0 0 0 1 0 0 0 -1 3068b.dat
1 272 -10 -32 -20 0 0 1 0 1 0 -1 0 0 41770.dat
1 272 50 -56 -140 1 0 0 0 1 0 0 0 1 47753.dat
0 MLCAD BTG Group name
1 272 50 28 -140 -1 0 0 0 -1 0 0 0 1 47753.dat
0 MLCAD BTG Group name
1 272 50 28 -60 1 0 0 0 -1 0 0 0 -1 47753.dat
0 GROUP 10 Group name
1 72 170 -64 -80 -1 0 0 0 1 0 0 0 -1 43712.dat
1 272 170 -64 -140 1 0 0 0 1 0 0 0 1 47753.dat
1 71 240 0 -10 1 0 0 0 1 0 0 0 1 2921.dat
1 72 220 0 -10 1 0 0 0 1 0 0 0 1 3665.dat
1 36 220 -8 -30 1 0 0 0 1 0 0 0 1 4073.dat
1 36 120 -8 -30 1 0 0 0 1 0 0 0 1 4073.dat
1 36 20 -32 -90 1 0 0 0 1 0 0 0 1 4073.dat
1 36 80 -32 -90 1 0 0 0 1 0 0 0 1 4073.dat
0 
1 36 360 -86 86 0 -1 0 0 0 1 -1 0 0 Part 5.ldr
1 36 -141 -86 106 0 1 0 0 0 1 1 0 0 Part 6.ldr
1 36 -141 105 86 0 1 0 0 0 -1 -1 0 0 Part 7.ldr
1 36 360 105 186 0 -1 0 0 0 -1 1 0 0 Part 8.ldr
0
0 FILE Part 2.ldr
0 Part 2
0 Name: Part 2.ldr
0 Author: LDraw
0 Unofficial Model
0 ROTATION CENTER 0 0 0 1 "Custom" 
0 ROTATION CONFIG 0 0
1 0 -10 32 0 1 0 0 0 1 0 0 0 1 41678.dat
1 0 -10 -20 -20 0 0 -1 0 1 0 1 0 0 43857.dat
1 71 -10 75 -20 1 0 0 0 1 0 0 0 1 3023.dat
1 0 -20 67 -20 1 0 0 0 1 0 0 0 1 3957a.dat
1 0 0 67 -20 0.92388 0 0.382683 0 1 0 -0.382683 0 0.92388 3957a.dat
1 0 20.828 18 -48.11 0 0.382683 0.92388 1 0 0 0 0.92388 -0.382683 Part 3.ldr
1 0 -41.172 -2 -48.11 0 -0.382683 -0.92388 -1 0 0 0 0.92388 -0.382683 Part 3.ldr
1 0 -20 42 -20 0 1 0 -1 0 0 0 0 1 2780.dat
1 0 0 42 -20 0 1 0 -1 0 0 0 0 1 2780.dat
1 71 -20 -10 -20 0 1 0 1 0 0 0 0 -1 4274.dat
1 71 0 -10 -20 0 1 0 1 0 0 0 0 -1 4274.dat
1 72 -10 32 20 1 0 0 0 0 -1 0 1 0 42003.dat
1 4 -10 32 0 1 0 0 0 0 -1 0 1 0 32062.dat
0
0 FILE Part 3.ldr
0 Part 3
0 Name: Part 3.ldr
0 Author: LDraw
0 Unofficial Model
0 ROTATION CENTER 0 0 0 1 "Custom" 
0 ROTATION CONFIG 0 0
1 71 -10 24 0 1 0 0 0 1 0 0 0 1 2654.dat
1 71 -10 16 -10 1 0 0 0 1 0 0 0 1 60470b.dat
1 71 -10 16 10 -1 0 0 0 1 0 0 0 -1 60470b.dat
1 272 -10 8 0 -1 0 0 0 1 0 0 0 -1 3068b.dat
0
0 FILE Part 4.ldr
0 Part 4
0 Name: Part 4.ldr
0 Author: LDraw
0 Unofficial Model
0 ROTATION CENTER 0 0 0 1 "Custom" 
0 ROTATION CONFIG 0 0
1 71 20 32 0 1 0 0 0 1 0 0 0 1 32523.dat
1 71 20 22 20 0 1 0 -1 0 0 0 0 1 4274.dat
1 71 20 10.5 20 -1 0 0 0 -1 0 0 0 1 63965.dat
1 71 20 66 20 -1 0 0 0 -1 0 0 0 1 3062b.dat
1 71 20 90 20 -1 0 0 0 -1 0 0 0 1 3062b.dat
1 36 20 114 20 -1 0 0 0 -1 0 0 0 1 4589.dat
1 36 20 -7.5 20 -1 0 0 0 1 0 0 0 -1 4589.dat
0
0 FILE Part 5.ldr
0 Part 5
0 Name: Part 5.ldr
0 Author: LDraw
0 Unofficial Model
0 ROTATION CENTER 0 0 0 1 "Custom" 
0 ROTATION CONFIG 0 0
1 0 -10 24 0 1 0 0 0 1 0 0 0 1 2445.dat
1 0 -230 8 30 1 0 0 0 1 0 0 0 1 2412b.dat
1 0 -190 8 30 1 0 0 0 1 0 0 0 1 2412b.dat
1 272 -10 8 -10 1 0 0 0 1 0 0 0 1 3069b.dat
1 272 -10 -8 30 1 0 0 0 1 0 0 0 1 30382.dat
1 72 -70 16 0 1 0 0 0 1 0 0 0 1 3020.dat
1 72 -190 16 10 0 0 1 0 1 0 -1 0 0 50305.dat
1 72 170 16 10 0 0 -1 0 1 0 1 0 0 50304.dat
1 72 50 16 0 1 0 0 0 1 0 0 0 1 3020.dat
1 71 -10 16 -10 1 0 0 0 1 0 0 0 1 3023.dat
1 19 -10 16 10 -1 0 0 0 1 0 0 0 -1 48336.dat
0
0 FILE Part 6.ldr
0 Part 6
0 Name: Part 6.ldr
0 Author: LDraw
0 Unofficial Model
0 ROTATION CENTER 0 0 0 1 "Custom" 
0 ROTATION CONFIG 0 0
1 0 -10 24 0 1 0 0 0 1 0 0 0 1 2445.dat
1 0 170 8 30 1 0 0 0 1 0 0 0 1 2412b.dat
1 0 210 8 30 1 0 0 0 1 0 0 0 1 2412b.dat
1 272 -10 8 -10 1 0 0 0 1 0 0 0 1 3069b.dat
1 272 -10 -8 30 1 0 0 0 1 0 0 0 1 30382.dat
1 72 -70 16 0 1 0 0 0 1 0 0 0 1 3020.dat
1 72 -190 16 10 0 0 1 0 1 0 -1 0 0 50305.dat
1 72 170 16 10 0 0 -1 0 1 0 1 0 0 50304.dat
1 72 50 16 0 1 0 0 0 1 0 0 0 1 3020.dat
1 71 -10 16 -10 1 0 0 0 1 0 0 0 1 3023.dat
1 19 -10 16 10 -1 0 0 0 1 0 0 0 -1 48336.dat
0
0 FILE Part 7.ldr
0 Part 7
0 Name: Part 7.ldr
0 Author: LDraw
0 Unofficial Model
0 ROTATION CENTER 0 0 0 1 "Custom" 
0 ROTATION CONFIG 0 0
1 0 -50 24 0 1 0 0 0 1 0 0 0 1 3034.dat
1 0 -230 8 30 1 0 0 0 1 0 0 0 1 2412b.dat
1 0 -190 8 30 1 0 0 0 1 0 0 0 1 2412b.dat
1 272 -10 8 -10 1 0 0 0 1 0 0 0 1 3069b.dat
1 272 40 16 10 1 0 0 0 1 0 0 0 1 2450.dat
1 272 -10 -8 30 1 0 0 0 1 0 0 0 1 30382.dat
1 72 -70 16 0 1 0 0 0 1 0 0 0 1 3020.dat
1 72 -190 16 10 0 0 1 0 1 0 -1 0 0 50305.dat
1 71 -10 16 -10 1 0 0 0 1 0 0 0 1 3023.dat
1 19 -10 16 10 -1 0 0 0 1 0 0 0 -1 48336.dat
0
0 FILE Part 8.ldr
0 Part 8
0 Name: Part 8.ldr
0 Author: LDraw
0 Unofficial Model
0 ROTATION CENTER 0 0 0 1 "Custom" 
0 ROTATION CONFIG 0 0
1 0 -50 24 0 1 0 0 0 1 0 0 0 1 3034.dat
1 0 90 8 30 1 0 0 0 1 0 0 0 1 2412b.dat
1 0 130 8 30 1 0 0 0 1 0 0 0 1 2412b.dat
1 272 -90 8 -10 1 0 0 0 1 0 0 0 1 3069b.dat
1 272 -140 16 10 0 0 1 0 1 0 -1 0 0 2450.dat
1 272 -90 -8 30 1 0 0 0 1 0 0 0 1 30382.dat
1 72 -30 16 0 1 0 0 0 1 0 0 0 1 3020.dat
1 72 90 16 10 0 0 -1 0 1 0 1 0 0 50304.dat
1 71 -90 16 -10 1 0 0 0 1 0 0 0 1 3023.dat
1 19 -90 16 10 -1 0 0 0 1 0 0 0 -1 48336.dat
0 
0
0
