0 FILE Jabba Sailbarge.ldr
0 Jabba Sailbarge
0 Name: Jabba Sailbarge.ldr
0 Author: LDraw
0 Unofficial Model
0 ROTATION CENTER 0 0 0 1 "Custom" 
0 ROTATION CONFIG 0 0
1 0 -950 40 50 -1 0 0 0 1 0 0 0 -1 Part 1.ldr
1 0 -733.355 40 -436.036 0.92388 0 -0.382683 0 1 0 0.382683 0 0.92388 Part 10.ldr
1 0 100 40 -450 1 0 0 0 1 0 0 0 1 Part 13.ldr
1 0 -125 -16 -517 1 0 0 0 1 0 0 0 1 Luke Skywalker.ldr
1 0 -430 -16 -577 1 0 0 0 1 0 0 0 1 Lando Calrissian.ldr
1 0 -200 -16 -207 1 0 0 0 1 0 0 0 1 Gamorrean Guard.ldr
1 0 -430 -16 -457 1 0 0 0 1 0 0 0 1 Boba Fett.ldr
1 0 -290 -32 -327 1 0 0 0 1 0 0 0 1 Jabba the Hutt.ldr
1 0 260 -16 -337 1 0 0 0 1 0 0 0 1 Han Solo.ldr
1 0 110 -16 -287 1 0 0 0 1 0 0 0 1 Princess Leia.ldr
1 0 -550 0 -617 1 0 0 0 1 0 0 0 1 R2-D2.ldr
0
0 FILE R2-D2.ldr
0 R2-D2
0 Name: R2-D2.ldr
0 Author: LDraw
0 Unofficial Model
0 ROTATION CENTER 0 0 0 1 "Custom" 
0 ROTATION CONFIG 0 0
1 15 -20 10 0 1 0 0 0 1 0 0 0 1 30361dps1.dat
1 72 -20 -8 0 1 0 0 0 1 0 0 0 1 3020.dat
1 47 -50 -32 -10 0 0 -1 0 1 0 1 0 0 3899.dat
1 47 10 -48 10 0 0 -1 0 1 0 1 0 0 2343.dat
1 15 -20 -32 0 1 0 0 0 1 0 0 0 1 30367aps1.dat
1 15 0 10 0 0 0 1 0 1 0 -1 0 0 30362.dat
1 15 -40 10 0 0 0 -1 0 1 0 1 0 0 30362.dat
0
0 FILE Princess Leia.ldr
0 Princess Leia
0 Name: Princess Leia.ldr
0 Author: LDraw
0 Unofficial Model
0 ROTATION CENTER 0 0 0 1 "Custom" 
0 ROTATION CONFIG 0 0
1 70 0 -27 0 1 0 0 0 1 0 0 0 1 6093a.dat
1 71 0 0 0 -1 0 0 0 1 0 0 0 -1 42446.dat
1 78 0 0 0 1 0 0 0 1 0 0 0 1 973.dat
1 320 0 32 0 1 0 0 0 1 0 0 0 1 3815.dat
1 78 -15.552 9 0 0.985 -0.17 0 0.17 0.985 0 0 0 1 3818.dat
1 78 15.552 9 0 0.985 0.17 0 -0.17 0.985 0 0 0 1 3819.dat
1 78 -23.8634 26.5956 -10.321 0.985 -0.12019 0.12019 0.17 0.696395 -0.696395 0 0.707 0.707 3820.dat
1 78 23.8634 26.5956 -10.321 0.985 0.12019 -0.12019 -0.17 0.696395 -0.696395 0 0.707 0.707 3820.dat
1 78 0 44 0 1 0 0 0 1 0 0 0 1 3816.dat
1 78 0 44 0 1 0 0 0 1 0 0 0 1 3817.dat
1 78 0 -27 0 1 0 0 0 1 0 0 0 1 3626bps0.dat
0
0 FILE Han Solo.ldr
0 Han Solo
0 Name: Han Solo.ldr
0 Author: LDraw
0 Unofficial Model
0 ROTATION CENTER 0 0 0 1 "Custom" 
0 ROTATION CONFIG 0 0
1 70 0 -24 0 1 0 0 0 1 0 0 0 1 3901.dat
1 78 0 -24 0 1 0 0 0 1 0 0 0 1 3626bps5.dat
1 15 0 0 0 1 0 0 0 1 0 0 0 1 973ps41.dat
1 70 0 32 0 1 0 0 0 1 0 0 0 1 3815.dat
1 15 -15.552 9 0 0.985 -0.17 0 0.17 0.985 0 0 0 1 3818.dat
1 15 15.552 9 0 0.985 0.17 0 -0.17 0.985 0 0 0 1 3819.dat
1 78 -23.8634 26.5956 -10.321 0.985 -0.12019 0.12019 0.17 0.696395 -0.696395 0 0.707 0.707 3820.dat
1 78 23.8634 26.5956 -10.321 0.985 0.12019 -0.12019 -0.17 0.696395 -0.696395 0 0.707 0.707 3820.dat
1 70 0 44 0 1 0 0 0 1 0 0 0 1 3816.dat
1 70 0 44 0 1 0 0 0 1 0 0 0 1 3817.dat
0 
0 
0
0 FILE Jabba the Hutt.ldr
0 Jabba the Hutt
0 Name: Jabba the Hutt.ldr
0 Author: R Paluczak
0 Unofficial Model
0 ROTATION CENTER 0 0 0 1 "Custom" 
0 ROTATION CONFIG 0 0
1 330 -80 -40 0 0 0 1 0 1 0 -1 0 0 6091.dat
1 330 -90 -32 30 -1 0 0 0 1 0 0 0 -1 87620.dat
1 330 -50 -32 30 0 0 -1 0 1 0 1 0 0 87620.dat
1 330 -40 40 0 1 0 0 0 1 0 0 0 1 3063b.dat
1 330 -100 40 0 0 0 1 0 1 0 -1 0 0 3063b.dat
1 330 -100 48 30 0 0 1 0 1 0 -1 0 0 3700.dat
1 330 -130 58 30 0 0 -1 0 1 0 1 0 0 40395.dat
0 MLCAD HIDE 1 330 -269 58 90 0 0.707107 -0.707107 -1 0 0 0 0.707107 0.707107 40378.dat
0 MLCAD HIDE 1 330 -379.193 58 149.321 0 0 -1 -1 0 0 0 1 0 40379.dat
1 330 -80 32 20 -1 0 0 0 1 0 0 0 -1 30357.dat
1 330 -60 32 20 0 0 1 0 1 0 -1 0 0 30357.dat
1 330 -70 32 40 1 0 0 0 1 0 0 0 1 3666.dat
1 330 -70 -40 0 -1 0 0 0 1 0 0 0 -1 3069b.dat
1 330 -70 -40 30 -1 0 0 0 1 0 0 0 -1 51739.dat
1 330 -60 -40 0 0 0 -1 0 1 0 1 0 0 6091.dat
1 330 -40 -8 20 -1 0 0 0 1 0 0 0 -1 2420.dat
1 330 -100 -8 20 0 0 1 0 1 0 -1 0 0 2420.dat
1 330 -70 -8 40 1 0 0 0 1 0 0 0 1 3023.dat
1 330 -70 0 30 1 0 0 0 1 0 0 0 1 3020.dat
1 330 -120 0 0 1 0 0 0 1 0 0 0 1 2420.dat
1 330 -20 0 0 0 0 -1 0 1 0 1 0 0 2420.dat
1 330 -70 8 40 1 0 0 0 1 0 0 0 1 3010.dat
1 330 -70 40 -20 1 0 0 0 1 0 0 0 1 3004.dat
1 330 -40 64 0 1 0 0 0 1 0 0 0 1 3063b.dat
1 330 -100 64 0 0 0 1 0 1 0 -1 0 0 3063b.dat
1 330 -70 64 -20 1 0 0 0 1 0 0 0 1 3004.dat
1 330 -60 48 40 1 0 0 0 1 0 0 0 1 3622.dat
1 330 -40 72 30 1 0 0 0 1 0 0 0 1 3021.dat
1 330 -90 72 30 1 0 0 0 1 0 0 0 1 3022.dat
1 330 -40 40 30 1 0 0 0 1 0 0 0 1 3021.dat
1 330 -90 40 30 1 0 0 0 1 0 0 0 1 3022.dat
1 330 -70 80 30 1 0 0 0 1 0 0 0 1 3795.dat
1 330 -20 48 30 0 0 -1 0 1 0 1 0 0 3004.dat
1 330 -20 8 20 0 0 -1 0 1 0 1 0 0 6541.dat
1 330 -10 16 20 1 0 0 0 0.707107 -0.707107 0 0.707107 0.707107 6128.dat
1 330 -130 16 20 1 0 0 0 0.707107 -0.707107 0 0.707107 0.707107 6127.dat
1 330 -120 8 20 0 0 -1 0 1 0 1 0 0 6541.dat
1 19 -70 -24 0 -1 0 0 0 1 0 0 0 -1 3023.dat
1 19 -70 -8 0 -1 0 0 0 1 0 0 0 -1 3023.dat
1 19 -70 0 0 1 0 0 0 1 0 0 0 1 32028.dat
1 19 -80 8 0 1 0 0 0 1 0 0 0 1 4070.dat
1 19 -60 8 0 1 0 0 0 1 0 0 0 1 4070.dat
1 19 -40 8 0 1 0 0 0 1 0 0 0 1 4070.dat
1 19 -100 8 0 1 0 0 0 1 0 0 0 1 4070.dat
1 19 -70 18 -13.9 -1 0 0 0 0 1 0 1 0 3023.dat
1 19 -70 18 -5.9 0 0 1 1 0 0 0 1 0 93273.dat
1 25 -80 -16 0 -1 0 0 0 1 0 0 0 -1 4073.dat
1 25 -60 -16 0 -1 0 0 0 1 0 0 0 -1 4073.dat
0 
0 
0
0 FILE Boba Fett.ldr
0 Boba Fett
0 Name: Boba Fett.ldr
0 Author: LDraw
0 Unofficial Model
0 ROTATION CENTER 0 0 0 1 "Custom" 
0 ROTATION CONFIG 0 0
1 2 0 -24 0 1 0 0 0 1 0 0 0 1 87610.dat
1 71 0 0 0 1 0 0 0 1 0 0 0 1 973prb.dat
1 70 0 32 0 1 0 0 0 1 0 0 0 1 3815.dat
1 71 -15.552 9 0 0.985 -0.17 0 0.17 0.985 0 0 0 1 3818.dat
1 71 15.552 9 0 0.985 0.17 0 -0.17 0.985 0 0 0 1 3819.dat
1 0 -23.8634 26.5956 -10.321 0.985 -0.12019 0.12019 0.17 0.696395 -0.696395 0 0.707 0.707 3820.dat
1 0 23.8634 26.5956 -10.321 0.985 0.12019 -0.12019 -0.17 0.696395 -0.696395 0 0.707 0.707 3820.dat
1 71 0 44 0 1 0 0 0 1 0 0 0 1 3816.dat
1 71 0 44 0 1 0 0 0 1 0 0 0 1 3817.dat
1 0 0 -24 0 1 0 0 0 1 0 0 0 1 3626c.dat
0
0 FILE Gamorrean Guard.ldr
0 Gamorrean Guard
0 Name: Gamorrean Guard.ldr
0 Author: LDraw
0 Unofficial Model
0 ROTATION CENTER 0 0 0 1 "Custom" 
0 ROTATION CONFIG 0 0
1 70 0 0 0 1 0 0 0 1 0 0 0 1 973.dat
1 70 0 -24 0 1 0 0 0 1 0 0 0 1 3626b.dat
1 378 0 32 0 1 0 0 0 1 0 0 0 1 3815.dat
1 70 -15.552 9 0 0.985 -0.17 0 0.17 0.985 0 0 0 1 3818.dat
1 70 15.552 9 0 0.985 0.17 0 -0.17 0.985 0 0 0 1 3819.dat
1 70 -23.8634 26.5956 -10.321 0.985 -0.12019 0.12019 0.17 0.696395 -0.696395 0 0.707 0.707 3820.dat
1 70 23.8634 26.5956 -10.321 0.985 0.12019 -0.12019 -0.17 0.696395 -0.696395 0 0.707 0.707 3820.dat
1 378 0 44 0 1 0 0 0 1 0 0 0 1 3816.dat
1 378 0 44 0 1 0 0 0 1 0 0 0 1 3817.dat
1 0 -19.39 1.641 -67.634 -0.993572 0.0955806 -0.0606573 0 -0.535827 -0.844328 -0.113203 -0.8389 0.532382 4095.dat
1 76 -19 -0.5 -71 -0.993572 -0.0955806 0.0606573 0 0.535827 0.844328 -0.113203 0.8389 -0.532382 53454.dat
0
0 FILE Lando Calrissian.ldr
0 Lando Calrissian
0 Name: Lando Calrissian.ldr
0 Author: LDraw
0 Unofficial Model
0 ROTATION CENTER 0 0 0 1 "Custom" 
0 ROTATION CONFIG 0 0
1 72 0 -24 0 1 0 0 0 1 0 0 0 1 48493.dat
1 70 0 -24 0 1 0 0 0 1 0 0 0 1 3626bp01.dat
1 0 0 0 0 1 0 0 0 1 0 0 0 1 973.dat
1 70 0 32 0 1 0 0 0 1 0 0 0 1 3815.dat
1 0 -15.552 9 0 0.985 -0.17 0 0.17 0.985 0 0 0 1 3818.dat
1 0 15.552 9 0 0.985 0.17 0 -0.17 0.985 0 0 0 1 3819.dat
1 70 -23.8634 26.5956 -10.321 0.985 -0.12019 0.12019 0.17 0.696395 -0.696395 0 0.707 0.707 3820.dat
1 70 23.8634 26.5956 -10.321 0.985 0.12019 -0.12019 -0.17 0.696395 -0.696395 0 0.707 0.707 3820.dat
1 19 0 44 0 1 0 0 0 1 0 0 0 1 3816.dat
1 19 0 44 0 1 0 0 0 1 0 0 0 1 3817.dat
1 0 -19.39 1.641 -67.634 -0.993572 0.0955806 -0.0606573 0 -0.535827 -0.844328 -0.113203 -0.8389 0.532382 4095.dat
1 76 -19 -0.5 -71 -0.993572 -0.0955806 0.0606573 0 0.535827 0.844328 -0.113203 0.8389 -0.532382 53454.dat
0
0 FILE Luke Skywalker.ldr
0 Luke Skywalker
0 Name: Luke Skywalker.ldr
0 Author: LDraw
0 Unofficial Model
0 ROTATION CENTER 0 0 0 1 "Custom" 
0 ROTATION CONFIG 0 0
1 19 0 -24 0 1 0 0 0 1 0 0 0 1 3901.dat
1 78 0 -24 0 1 0 0 0 1 0 0 0 1 3626bps3.dat
1 0 0 0 0 1 0 0 0 1 0 0 0 1 973ps2.dat
1 0 0 32 0 1 0 0 0 1 0 0 0 1 3815.dat
1 0 -15.552 9 0 0.985 -0.17 0 0.17 0.985 0 0 0 1 3818.dat
1 0 15.552 9 0 0.985 0.17 0 -0.17 0.985 0 0 0 1 3819.dat
1 78 -23.8634 26.5956 -10.321 0.985 -0.12019 0.12019 0.17 0.696395 -0.696395 0 0.707 0.707 3820.dat
1 78 23.8634 26.5956 -10.321 0.985 0.12019 -0.12019 -0.17 0.696395 -0.696395 0 0.707 0.707 3820.dat
1 42 -23.1951 22.7236 -33.8217 0.985 -0.0874983 0.14567 0.17 0.506976 -0.844031 0 0.856884 0.514696 577bc01.dat
1 0 0 44 0 1 0 0 0 1 0 0 0 1 3816.dat
1 0 0 44 0 1 0 0 0 1 0 0 0 1 3817.dat
0
0 FILE Part 1.ldr
0 Part 1
0 Name: Part 1.ldr
0 Author: LDraw
0 Unofficial Model
0 ROTATION CENTER 0 0 0 1 "Custom" 
0 ROTATION CONFIG 0 0
1 0 -140 0 -10 0 0 -1 0 1 0 1 0 0 3033.dat
1 0 -160 -32 -10 0 0 -1 0 1 0 1 0 0 3033.dat
1 0 -280 -32 -10 0 0 -1 0 1 0 1 0 0 3033.dat
1 0 -150 -96 -80 0.707107 0 -0.707107 0 1 0 0.707107 0 0.707107 4592.dat
1 0 -150 -96 -80 0.707107 0.270598 -0.653281 0 0.92388 0.382683 0.707107 -0.270598 0.653281 4593.dat
1 0 -400 -32 -10 0 0 -1 0 1 0 1 0 0 3033.dat
1 70 -380 -72 -90 0 0 -1 0 1 0 1 0 0 2489.dat
1 4 -380 -104 -80 -1 0 0 0 0 1 0 1 0 30115.dat
1 0 -490 -100 -100 0.92388 0 0.382683 0 1 0 -0.382683 0 0.92388 4528.dat
1 0 -390 -88 70 0 0 -1 1 0 0 0 -1 0 4360.dat
1 0 -430 -88 70 0 0 -1 1 0 0 0 -1 0 4360.dat
1 0 -470 -76 60 -1 0 0 0 0 -1 0 -1 0 4349.dat
1 0 -510 -76 60 -1 0 0 0 0 -1 0 -1 0 4349.dat
1 0 -640 -32 -10 0 0 -1 0 1 0 1 0 0 3033.dat
1 0 -520 -32 -10 0 0 -1 0 1 0 1 0 0 3033.dat
1 72 20 -32 -10 0 0 -1 0 1 0 1 0 0 3031.dat
1 72 -40 -56 -120 1 0 0 0 1 0 0 0 1 2991.dat
1 72 50 -56 10 0 0 -1 0 1 0 1 0 0 2991.dat
1 72 3 -56 82 -0.707107 0 -0.707107 0 1 0 0.707107 0 -0.707107 2991.dat
1 72 32 -56 -74 0.707107 0 -0.707107 0 1 0 0.707107 0 0.707107 2991.dat
1 0 60 0 -10 0 0 -1 0 1 0 1 0 0 3832.dat
1 0 -720 -32 -10 0 0 -1 0 1 0 1 0 0 3832.dat
1 0 84 -14 70 0 -1 0 0 0 -1 1 0 0 2412b.dat
1 0 84 -14 -90 0 -1 0 0 0 -1 1 0 0 2412b.dat
1 0 128 -14 -30 0 -1 0 0 0 -1 1 0 0 2412b.dat
1 0 128 -14 10 0 -1 0 0 0 -1 1 0 0 2412b.dat
1 72 100 0 -10 0 0 -1 0 1 0 1 0 0 3020.dat
1 71 -40 -24 70 -1 0 0 0 1 0 0 0 -1 3006.dat
1 71 60 -32 70 -1 0 0 0 1 0 0 0 -1 3068b.dat
1 71 20 -32 70 -1 0 0 0 1 0 0 0 -1 3068b.dat
1 71 60 -32 -90 -1 0 0 0 1 0 0 0 -1 3068b.dat
1 71 100 -32 -30 -1 0 0 0 1 0 0 0 -1 3068b.dat
1 71 100 -32 10 -1 0 0 0 1 0 0 0 -1 3068b.dat
1 71 70 -32 -10 0 0 1 0 1 0 -1 0 0 2431.dat
1 71 -620 -40 60 1 0 0 0 1 0 0 0 1 2431.dat
1 71 -620 -40 -80 1 0 0 0 1 0 0 0 1 2431.dat
1 71 -680 -56 -80 1 0 0 0 1 0 0 0 1 3937.dat
1 71 -560 -56 -80 1 0 0 0 1 0 0 0 1 3937.dat
1 71 58.682 -158.811 -10 -0.27228 -0.962218 0 -0.962218 0.27228 0 0 0 -1 Part 2.ldr
1 71 -560 -56 60 -1 0 0 0 1 0 0 0 -1 3937.dat
1 15 -560 -56 60 -1 0 0 0 1 0 0 0 -1 3938.dat
1 15 -560 -56 -80 -1 0 0 0 1 0 0 0 -1 3938.dat
1 15 -680 -56 60 -1 0 0 0 1 0 0 0 -1 3938.dat
1 15 -680 -56 -80 -1 0 0 0 1 0 0 0 -1 3938.dat
1 71 -680 -56 60 -1 0 0 0 1 0 0 0 -1 3937.dat
1 71 -10 -56 -10 0 0 -1 0 1 0 1 0 0 3297.dat
1 71 20 -32 -90 -1 0 0 0 1 0 0 0 -1 3068b.dat
1 71 -40 -24 -90 -1 0 0 0 1 0 0 0 -1 3006.dat
1 71 0 -24 20 -1 0 0 0 1 0 0 0 -1 6111.dat
1 71 70 -24 -80 0 0 -1 0 1 0 1 0 0 4070.dat
1 71 70 -24 -100 0 0 -1 0 1 0 1 0 0 4070.dat
1 71 70 -24 80 0 0 -1 0 1 0 1 0 0 4070.dat
1 71 70 -24 60 0 0 -1 0 1 0 1 0 0 4070.dat
1 71 110 -24 -10 0 0 -1 0 1 0 1 0 0 30414.dat
1 71 0 -24 -40 -1 0 0 0 1 0 0 0 -1 6111.dat
1 71 -240 -24 60 -1 0 0 0 1 0 0 0 -1 6111.dat
1 71 -240 -24 -80 -1 0 0 0 1 0 0 0 -1 6111.dat
1 71 -200 -73.827 -167.958 -1 0 0 0 0.24869 0.968583 0 0.968583 -0.24869 Part 7.ldr
1 71 -620 -176 -60 -1 0 0 0 1 0 0 0 -1 6111.dat
1 71 -60 -248 -40 -1 0 0 0 1 0 0 0 -1 12939.dat
1 71 -60 -248 20 -1 0 0 0 1 0 0 0 -1 12939.dat
1 71 -620 -64 -80 -1 0 0 0 1 0 0 0 -1 3460.dat
1 71 -620 -64 60 -1 0 0 0 1 0 0 0 -1 3460.dat
1 71 -620 -168 -80 -1 0 0 0 1 0 0 0 -1 3460.dat
1 71 -520 -184 -100 -1 0 0 0 1 0 0 0 -1 3460.dat
1 71 -520 -184 80 -1 0 0 0 1 0 0 0 -1 3460.dat
1 71 -620 -168 60 -1 0 0 0 1 0 0 0 -1 3460.dat
1 0 -660 -112 60 -1 0 0 0 1 0 0 0 -1 15332.dat
1 0 -580 -112 60 -1 0 0 0 1 0 0 0 -1 15332.dat
1 0 -660 -160 60 -1 0 0 0 1 0 0 0 -1 15332.dat
1 0 -580 -160 60 -1 0 0 0 1 0 0 0 -1 15332.dat
1 0 -660 -112 -80 -1 0 0 0 1 0 0 0 -1 15332.dat
1 0 -580 -112 -80 -1 0 0 0 1 0 0 0 -1 15332.dat
1 0 -660 -160 -80 -1 0 0 0 1 0 0 0 -1 15332.dat
1 0 -580 -160 -80 -1 0 0 0 1 0 0 0 -1 15332.dat
1 0 -660 -176 -80 1 0 0 0 1 0 0 0 1 48336.dat
1 0 -660 -176 60 -1 0 0 0 1 0 0 0 -1 48336.dat
1 0 -220 -224 40 -1 0 0 0 1 0 0 0 -1 6108.dat
1 0 -220 -224 -60 -1 0 0 0 1 0 0 0 -1 6108.dat
1 71 -620 -176 40 -1 0 0 0 1 0 0 0 -1 6111.dat
1 71 -440 -176 20 -1 0 0 0 1 0 0 0 -1 6111.dat
1 70 -440 -176 -40 -1 0 0 0 1 0 0 0 -1 4477.dat
1 70 -440 -160 -40 -1 0 0 0 1 0 0 0 -1 4477.dat
1 71 -440 -168 -40 -1 0 0 0 1 0 0 0 -1 3023.dat
1 71 -520 -168 -40 -1 0 0 0 1 0 0 0 -1 3023.dat
1 71 -360 -168 -40 -1 0 0 0 1 0 0 0 -1 3023.dat
1 72 -470 -168 -40 1 0 0 0 1 0 0 0 1 4085a.dat
1 72 -410 -168 -40 1 0 0 0 1 0 0 0 1 4085a.dat
1 484 -410 -144 -56 1 0 0 0 0 -1 0 1 0 33057.dat
1 484 -470 -144 -56 1 0 0 0 0 -1 0 1 0 33057.dat
1 70 -160 -24 -100 1 0 0 0 1 0 0 0 1 2877.dat
1 70 -100 -56 -80 -1 0 0 0 1 0 0 0 -1 2877.dat
1 70 -80 -40 -10 -1 0 0 0 1 0 0 0 -1 3795.dat
1 19 -160 -40 -20 -1 0 0 0 1 0 0 0 -1 3794a.dat
1 19 -160 -40 0 -1 0 0 0 1 0 0 0 -1 3794a.dat
1 72 -220 -40 20 -1 0 0 0 1 0 0 0 -1 3069b.dat
1 71 -220 -40 40 -1 0 0 0 1 0 0 0 -1 3023.dat
1 71 -220 -40 -60 -1 0 0 0 1 0 0 0 -1 3023.dat
1 72 -270 -40 -60 -0.382683 0 -0.92388 0 1 0 0.92388 0 -0.382683 208.dat
1 72 -209 -44 -86 0.382683 0 -0.92388 0 1 0 0.92388 0 0.382683 208.dat
1 72 -232.907 -32 -77.708 0 -0.9896 -0.1436 1 0 0 0 0.1436 -0.9896 209.dat
1 72 -241.326 -32 -74.8192 0.3226 -0.9465 0 -0 0 1 0.9465 0.3226 0 209.dat
1 72 -250.208 -32 -75.7565 0 -0.9948 -0.1014 -1 0 -0 -0 -0.1014 0.9948 209.dat
1 72 -256.77 -32 -81.5373 0.6458 -0.7635 0 0 0 -1 -0.7635 -0.6458 -0 209.dat
1 72 -264.807 -32 -85.4064 -0 -0.9 0.4359 1 0 0 0 -0.4359 -0.9 209.dat
1 72 -273.245 -32 -88.0979 -0.306 -0.952 -0 -0 0 1 0.952 -0.306 0 209.dat
1 72 -280.818 -32 -92.8713 0 -0.8467 -0.5321 -1 0 -0 -0 -0.5321 0.8467 209.dat
1 72 -289.058 -32 -96.3109 0.3864 -0.9223 0 0 0 -1 -0.9223 -0.3864 -0 209.dat
1 72 -297.332 -32 -93.5023 0 -0.9548 -0.2972 1 0 0 0 0.2972 -0.9548 209.dat
1 72 -305.685 -32 -90.3128 0.3564 -0.9344 0 -0 0 1 0.9344 0.3564 0 209.dat
1 72 -310.036 -32 -82.5613 -0 -0.4984 0.8669 -1 0 -0 -0 0.8669 0.4984 209.dat
1 72 -313.141 -32 -74.2534 -0.9359 -0.3523 -0 0 0 -1 -0.3523 0.9359 -0 209.dat
1 72 -313.994 -32 -65.3341 0 -0.0964 -0.9953 1 0 0 0 0.9953 -0.0964 209.dat
1 72 -315.738 -32 -56.5826 0.9809 -0.1946 0 -0 0 1 0.1946 0.9809 0 209.dat
1 72 -318.665 -32 -48.2489 -0 -0.3288 0.9444 -1 0 -0 -0 0.9444 0.3288 209.dat
1 72 -309.683 -32 -46.9841 -0.1833 0.9831 -0 0 0 -1 0.9831 0.1833 0 209.dat
1 72 -301.009 -32 -45.1912 0 0.9794 -0.2021 1 0 0 -0 0.2021 0.9794 209.dat
1 72 -294.291 -32 -50.9903 -0.6398 0.7686 -0 -0 0 1 -0.7686 -0.6398 -0 209.dat
1 72 -290.2 -32 -58.8235 0 0.4696 -0.8829 -1 0 -0 0 -0.8829 -0.4696 209.dat
1 72 -284.973 -32 -66.0488 0.8109 0.5852 0 0 0 -1 0.5852 -0.8109 0 209.dat
1 72 -278.665 -32 -72.3349 -0 0.7071 0.7071 1 0 0 -0 -0.7071 0.7071 209.dat
1 72 -220 -40 -40 -1 0 0 0 1 0 0 0 -1 3069b.dat
1 72 -220 -48 -60 -1 0 0 0 1 0 0 0 -1 3069b.dat
1 72 -220 -48 40 -1 0 0 0 1 0 0 0 -1 3069b.dat
1 72 -280 -48 -10 0 0 -1 0 1 0 1 0 0 3069b.dat
1 72 -160 -48 -10 0 0 -1 0 1 0 1 0 0 3069b.dat
1 72 -110 -56 80 -1 0 0 0 1 0 0 0 -1 6541.dat
1 72 -110 -56 -100 -1 0 0 0 1 0 0 0 -1 6541.dat
1 72 -730 -56 80 -1 0 0 0 1 0 0 0 -1 6541.dat
1 72 -730 -56 -100 -1 0 0 0 1 0 0 0 -1 6541.dat
1 1 -730 -46 -110 0 0 1 0 1 0 -1 0 0 43093.dat
1 72 -730 -46 -140 -1 0 0 0 1 0 0 0 -1 32013.dat
1 72 -330 -56 80 -1 0 0 0 1 0 0 0 -1 6541.dat
1 72 -330 -56 -100 -1 0 0 0 1 0 0 0 -1 6541.dat
1 72 -530 -104 60 -1 0 0 0 1 0 0 0 -1 4460b.dat
1 72 -530 -152 -10 0 0 -1 0 1 0 1 0 0 3308.dat
1 72 -130 -272 -10 0 0 -1 0 1 0 1 0 0 3308.dat
1 72 -350 -152 -10 0 0 -1 0 1 0 1 0 0 3308.dat
1 72 -330 -152 -10 0 0 -1 0 1 0 1 0 0 3308.dat
1 72 -110 -152 -10 0 0 -1 0 1 0 1 0 0 3308.dat
1 72 -720 -104 60 -1 0 0 0 1 0 0 0 -1 3678b.dat
1 72 -440 -56 60 -1 0 0 0 1 0 0 0 -1 3008.dat
1 72 -340 -104 60 -1 0 0 0 1 0 0 0 -1 3678b.dat
1 72 -340 -176 60 -1 0 0 0 1 0 0 0 -1 3660.dat
1 72 -340 -176 -80 1 0 0 0 1 0 0 0 1 3660.dat
1 72 -720 -176 60 -1 0 0 0 1 0 0 0 -1 3660.dat
1 72 -720 -176 -80 1 0 0 0 1 0 0 0 1 3660.dat
1 72 -720 -160 -10 0 0 -1 0 1 0 1 0 0 3020.dat
1 72 -340 -104 -80 1 0 0 0 1 0 0 0 1 3678b.dat
1 72 -100 -104 60 -1 0 0 0 1 0 0 0 -1 3678b.dat
1 72 -100 -104 -80 1 0 0 0 1 0 0 0 1 3678b.dat
1 72 -720 -104 -80 1 0 0 0 1 0 0 0 1 3678b.dat
1 72 -530 -104 -80 1 0 0 0 1 0 0 0 1 4460b.dat
1 15 -510 -112 -80 0 0 1 0 1 0 -1 0 0 4599b.dat
1 42 -150 -56 -80 1 0 0 0 1 0 0 0 1 3062b.dat
1 0 -150 -88 -80 1 0 0 0 1 0 0 0 1 3062b.dat
1 0 -290 -256 -80 1 0 0 0 1 0 0 0 1 3062b.dat
1 0 -690 -216 -100 1 0 0 0 1 0 0 0 1 3062b.dat
1 0 -690 -216 80 1 0 0 0 1 0 0 0 1 3062b.dat
1 0 -510 -216 -100 1 0 0 0 1 0 0 0 1 3062b.dat
1 0 -510 -216 80 1 0 0 0 1 0 0 0 1 3062b.dat
1 0 -350 -216 -100 1 0 0 0 1 0 0 0 1 3062b.dat
1 0 -350 -216 80 1 0 0 0 1 0 0 0 1 3062b.dat
1 0 -290 -256 60 1 0 0 0 1 0 0 0 1 3062b.dat
1 0 -150 -256 -80 1 0 0 0 1 0 0 0 1 3062b.dat
1 0 -150 -256 60 1 0 0 0 1 0 0 0 1 3062b.dat
1 36 -510 -104 60 1 0 0 0 1 0 0 0 1 4073.dat
1 36 -470 -104 60 1 0 0 0 1 0 0 0 1 4073.dat
1 36 -430 -136 60 1 0 0 0 1 0 0 0 1 4073.dat
1 36 -390 -136 60 1 0 0 0 1 0 0 0 1 4073.dat
1 72 -720 -56 50 -1 0 0 0 1 0 0 0 -1 6232.dat
1 72 -820 -164 20 0 0 1 0 -1 0 1 0 0 Part 9.ldr
1 72 -200 91.077 189.756 -1 0 0 0 0.245307 -0.969445 0 -0.969445 -0.245307 Part 8.ldr
1 72 -720 -56 -70 -1 0 0 0 1 0 0 0 -1 6232.dat
1 72 -720 -128 50 -1 0 0 0 1 0 0 0 -1 6232.dat
1 72 -720 -128 -70 -1 0 0 0 1 0 0 0 -1 6232.dat
1 72 -720 -184 -30 -1 0 0 0 1 0 0 0 -1 6232.dat
1 72 -720 -184 10 -1 0 0 0 1 0 0 0 -1 6232.dat
1 19 -280 -40 -20 -1 0 0 0 1 0 0 0 -1 3794a.dat
1 19 -280 -40 0 -1 0 0 0 1 0 0 0 -1 3794a.dat
1 19 -190 -40 -10 0 0 1 0 1 0 -1 0 0 3794a.dat
1 19 -10 -176 10 0 0 1 0 1 0 -1 0 0 2454.dat
1 19 -10 -176 -30 0 0 1 0 1 0 -1 0 0 2454.dat
1 19 -720 -152 -10 0 0 1 0 1 0 -1 0 0 3007.dat
1 19 -60 -272 -10 0 0 1 0 1 0 -1 0 0 3007.dat
1 19 -210 -40 -10 0 0 1 0 1 0 -1 0 0 3794a.dat
1 19 -230 -40 -10 0 0 1 0 1 0 -1 0 0 3794a.dat
1 19 -710 -56 80 0 0 1 0 1 0 -1 0 0 3005.dat
1 19 -350 -56 60 1 0 0 0 1 0 0 0 1 2357.dat
1 19 -350 -56 -80 0 0 1 0 1 0 -1 0 0 2357.dat
1 19 -720 -104 40 1 0 0 0 1 0 0 0 1 3245a.dat
1 19 -720 -104 -60 1 0 0 0 1 0 0 0 1 3245a.dat
1 19 -710 -56 -100 0 0 1 0 1 0 -1 0 0 3005.dat
1 19 -250 -40 -10 0 0 1 0 1 0 -1 0 0 3794a.dat
1 70 -100 -56 60 1 0 0 0 1 0 0 0 1 2877.dat
1 70 -80 -56 90 1 0 0 0 1 0 0 0 1 3003.dat
1 70 -80 -56 -110 1 0 0 0 1 0 0 0 1 3003.dat
1 70 -120 -224 -70 1 0 0 0 1 0 0 0 1 3003.dat
1 70 -120 -224 50 1 0 0 0 1 0 0 0 1 3003.dat
1 70 -150 -64 -80 1 0 0 0 1 0 0 0 1 4032a.dat
1 70 -340 -24 -100 1 0 0 0 1 0 0 0 1 2877.dat
1 70 -520 -224 -40 1 0 0 0 1 0 0 0 1 2877.dat
1 70 -520 -224 20 -1 0 0 0 1 0 0 0 -1 2877.dat
1 70 -310 -232 -10 0 0 1 0 1 0 -1 0 0 2877.dat
1 70 -540 -24 -100 1 0 0 0 1 0 0 0 1 2877.dat
1 70 -720 -24 -100 1 0 0 0 1 0 0 0 1 2877.dat
1 70 -720 -24 80 -1 0 0 0 1 0 0 0 -1 2877.dat
1 70 -560 -24 80 -1 0 0 0 1 0 0 0 -1 2877.dat
1 70 -360 -24 80 -1 0 0 0 1 0 0 0 -1 2877.dat
1 70 -160 -24 80 -1 0 0 0 1 0 0 0 -1 2877.dat
1 70 -190 -24 80 0 0 1 0 1 0 -1 0 0 3665.dat
1 70 -190 -24 -100 0 0 1 0 1 0 -1 0 0 3665.dat
1 70 -110 -176 -80 1 0 0 0 1 0 0 0 1 3665.dat
1 70 -110 -176 60 -1 0 0 0 1 0 0 0 -1 3665.dat
1 70 -530 -176 -80 1 0 0 0 1 0 0 0 1 3665.dat
1 70 -530 -176 60 -1 0 0 0 1 0 0 0 -1 3665.dat
1 70 -530 -176 -10 0 0 1 0 1 0 -1 0 0 3004.dat
1 70 -720 -184 60 0 0 1 0 1 0 -1 0 0 3021.dat
1 70 -720 -184 -80 0 0 1 0 1 0 -1 0 0 3021.dat
1 70 -30 -280 -10 1 0 0 0 1 0 0 0 1 3021.dat
1 70 -110 -304 -80 0 0 1 0 1 0 -1 0 0 3040b.dat
1 70 -770 -216 -100 0 0 -1 0 1 0 1 0 0 3040b.dat
1 70 -770 -216 80 0 0 -1 0 1 0 1 0 0 3040b.dat
1 70 -110 -304 60 0 0 1 0 1 0 -1 0 0 3040b.dat
1 70 -10 -304 -10 0 0 1 0 1 0 -1 0 0 3039.dat
1 70 -890 -216 -10 0 0 1 0 1 0 -1 0 0 3039.dat
1 0 -10 -312 -20 1 0 0 0 1 0 0 0 1 2555.dat
1 0 -10 -312 0 1 0 0 0 1 0 0 0 1 2555.dat
1 0 -110 -312 60 0 0 -1 0 1 0 1 0 0 2555.dat
1 0 -110 -312 -80 0 0 -1 0 1 0 1 0 0 2555.dat
1 0 -340 -229 80 0 -360 0 1 0 0 0 0 -1 LS50.dat
1 0 -340 -229 -100 0 -360 0 1 0 0 0 0 -1 LS50.dat
1 0 -140 -269 -80 0 -160 0 1 0 0 0 0 -1 LS50.dat
1 0 -140 -269 60 0 -160 0 1 0 0 0 0 -1 LS50.dat
1 0 -120 -319 -80 0 20 0 1 0 0 0 0 1 LS50.dat
1 0 -100 -319 -80 0 12.1049 -0.0245 1 0 0 0 0.297 0.9997 LS51.dat
1 0 -88.4927 -319 -79.7177 0 11.0098 -0.0743 1 0 0 0 0.8202 0.9972 LS51.dat
1 0 -78.0819 -319 -78.9421 0 9.559 -0.1241 1 0 0 0 1.1957 0.9923 LS51.dat
1 0 -69.1182 -319 -77.8209 0 8.2744 -0.1736 1 0 0 0 1.4583 0.9848 LS51.dat
1 0 -61.4366 -319 -76.4671 0 7.1588 -0.2227 1 0 0 0 1.6357 0.9749 LS51.dat
1 0 -54.8655 -319 -74.9657 0 6.1848 -0.2714 1 0 0 0 1.7443 0.9625 LS51.dat
1 0 -49.2614 -319 -73.3851 0 5.3965 -0.3195 1 0 0 0 1.8195 0.9476 LS51.dat
1 0 -44.4378 -319 -71.7588 0 4.7254 -0.3668 1 0 0 0 1.8633 0.9303 LS51.dat
1 0 -40.2738 -319 -70.1167 0 4.1494 -0.4131 1 0 0 0 1.8825 0.9107 LS51.dat
1 0 -36.6724 -319 -68.4829 0 3.6826 -0.4583 1 0 0 0 1.8989 0.8888 LS51.dat
1 0 -33.5242 -319 -66.8595 0 3.288 -0.5023 1 0 0 0 1.9098 0.8647 LS51.dat
1 0 -30.7585 -319 -65.2531 0 2.9836 -0.5451 1 0 0 0 1.9401 0.8383 LS51.dat
1 0 -28.2834 -319 -63.6436 0 2.6804 -0.5868 1 0 0 0 1.9426 0.8097 LS51.dat
1 0 -26.0921 -319 -62.0555 0 2.4196 -0.6268 1 0 0 0 1.9466 0.7791 LS51.dat
1 0 -24.1421 -319 -60.4867 0 2.1987 -0.6652 1 0 0 0 1.9587 0.7467 LS51.dat
1 0 -22.3931 -319 -58.9286 0 2.0041 -0.7018 1 0 0 0 1.9745 0.7124 LS51.dat
1 0 -20.8183 -319 -57.3771 0 1.8332 -0.7367 1 0 0 0 1.9972 0.6762 LS51.dat
1 0 -19.393 -319 -55.8243 0 1.6724 -0.7698 1 0 0 0 2.0167 0.6383 LS51.dat
1 0 -18.1037 -319 -54.2695 0 1.5175 -0.8007 1 0 0 0 2.0285 0.599 LS51.dat
1 0 -16.9458 -319 -52.7217 0 1.3984 -0.8297 1 0 0 0 2.0784 0.5582 LS51.dat
1 0 -15.8838 -319 -51.1432 0 1.2688 -0.8567 1 0 0 0 2.107 0.5159 LS51.dat
1 0 -14.9249 -319 -49.5507 0 1.1483 -0.8814 1 0 0 0 2.1429 0.4723 LS51.dat
1 0 -14.0605 -319 -47.9376 0 1.0398 -0.904 1 0 0 0 2.1982 0.4276 LS51.dat
1 0 -13.2781 -319 -46.2835 0 0.9279 -0.9243 1 0 0 0 2.2469 0.3817 LS51.dat
1 0 -12.5796 -319 -44.5921 0 0.8197 -0.9422 1 0 0 0 2.306 0.3349 LS51.dat
1 0 -11.9618 -319 -42.8538 0 0.7156 -0.9579 1 0 0 0 2.3867 0.2872 LS51.dat
1 0 -11.4197 -319 -41.0457 0 0.6046 -0.9711 1 0 0 0 2.4607 0.2386 LS51.dat
1 0 -10.9589 -319 -39.1705 0 0.4911 -0.9819 1 0 0 0 2.5443 0.1895 LS51.dat
1 0 -10.5821 -319 -37.2183 0 0.4309 -0.9902 1 0 0 0 3.0488 0.1399 LS51.dat
1 0 -10.292 -319 -35.1656 0 0.3252 -0.9984 1 0 0 0 5.7528 0.0564 LS51.dat
1 0 -10 -319 -30 0 0 -1 1 0 0 0 40 0 LS51.dat
1 0 -890 -224 0 -1 0 0 0 1 0 0 0 -1 2555.dat
1 0 -770 -216 -10 0 0 1 0 1 0 -1 0 0 3700.dat
1 0 -830 -216 -10 0 0 1 0 1 0 -1 0 0 3700.dat
1 71 -800 -215.395 -6.561 1 0 0 0 0.939094 0.34366 0 -0.34366 0.939094 2817.dat
1 71 -800 -245.444 4.43 1 0 0 0 0.939094 0.34366 0 -0.34366 0.939094 44675.dat
1 71 -800 -228.258 51.388 -1 0 0 0 0.939094 -0.34366 0 -0.34366 -0.939094 3048.dat
1 72 -800 -220.107 27.108 -1 0 0 0 0.939094 -0.34366 0 -0.34366 -0.939094 3069b.dat
1 0 -800 -229.776 -22.598 0 0 1 -0.34366 0.939094 0 -0.939094 -0.34366 0 10247.dat
1 70 -800 -212.588 24.358 0 0 1 -0.34366 0.939094 0 -0.939094 -0.34366 0 3021.dat
1 1 -800 -227.263 -44.813 0 0 1 -0.34366 0.939094 0 -0.939094 -0.34366 0 43093.dat
1 0 -800 -234.135 -63.595 -1 0 0 0 0.939094 -0.34366 0 -0.34366 -0.939094 6538b.dat
1 71 -820 -206 -10 1 0 0 0 0.939094 0.34366 0 -0.34366 0.939094 3673.dat
1 0 -890 -224 -20 -1 0 0 0 1 0 0 0 -1 2555.dat
1 0 -770 -224 -100 0 0 1 0 1 0 -1 0 0 2555.dat
1 0 -760 -230 -100 0 -20 0 0 0 -1 -1 0 0 LS50.dat
1 0 -780 -230 -100 -0.0146 -2.7418 0 0 0 -1 -0.9999 0.0401 0 LS51.dat
1 0 -782.418 -230 -99.9647 -0.0416 -2.6247 0 0 0 -1 -0.9991 0.1093 0 LS51.dat
1 0 -784.756 -230 -99.8673 -0.0655 -2.5109 0 0 0 -1 -0.9979 0.1648 0 LS51.dat
1 0 -787.01 -230 -99.7194 -0.0869 -2.4175 0 0 0 -1 -0.9962 0.2109 0 LS51.dat
1 0 -789.194 -230 -99.5288 -0.1063 -2.326 0 0 0 -1 -0.9943 0.2486 0 LS51.dat
1 0 -791.308 -230 -99.3028 -0.1239 -2.2368 0 0 0 -1 -0.9923 0.2793 0 LS51.dat
1 0 -793.35 -230 -99.0478 -0.1402 -2.1673 0 0 0 -1 -0.9901 0.3068 0 LS51.dat
1 0 -795.336 -230 -98.7667 -0.1552 -2.0989 0 0 0 -1 -0.9879 0.3298 0 LS51.dat
1 0 -797.266 -230 -98.4633 -0.1693 -2.0319 0 0 0 -1 -0.9856 0.349 0 LS51.dat
1 0 -799.14 -230 -98.1414 -0.1824 -1.9668 0 0 0 -1 -0.9832 0.3649 0 LS51.dat
1 0 -800.958 -230 -97.8041 -0.1948 -1.9195 0 0 0 -1 -0.9808 0.3812 0 LS51.dat
1 0 -802.737 -230 -97.4508 -0.2065 -1.8566 0 0 0 -1 -0.9784 0.3919 0 LS51.dat
1 0 -804.46 -230 -97.0871 -0.2176 -1.8118 0 0 0 -1 -0.976 0.404 0 LS51.dat
1 0 -806.144 -230 -96.7115 -0.2283 -1.7675 0 0 0 -1 -0.9736 0.4144 0 LS51.dat
1 0 -807.79 -230 -96.3257 -0.2384 -1.7241 0 0 0 -1 -0.9712 0.4233 0 LS51.dat
1 0 -809.397 -230 -95.9312 -0.2482 -1.6817 0 0 0 -1 -0.9687 0.4308 0 LS51.dat
1 0 -810.966 -230 -95.5292 -0.2576 -1.64 0 0 0 -1 -0.9663 0.4372 0 LS51.dat
1 0 -812.496 -230 -95.1211 -0.2666 -1.6156 0 0 0 -1 -0.9638 0.447 0 LS51.dat
1 0 -814.006 -230 -94.7034 -0.2755 -1.5751 0 0 0 -1 -0.9613 0.4513 0 LS51.dat
1 0 -815.479 -230 -94.2815 -0.284 -1.5515 0 0 0 -1 -0.9588 0.4595 0 LS51.dat
1 0 -816.93 -230 -93.8515 -0.2923 -1.5118 0 0 0 -1 -0.9563 0.4621 0 LS51.dat
1 0 -818.345 -230 -93.4191 -0.3004 -1.4897 0 0 0 -1 -0.9538 0.4692 0 LS51.dat
1 0 -819.739 -230 -92.98 -0.3083 -1.4674 0 0 0 -1 -0.9513 0.4756 0 LS51.dat
1 0 -821.113 -230 -92.5347 -0.3161 -1.4451 0 0 0 -1 -0.9487 0.4815 0 LS51.dat
1 0 -822.466 -230 -92.0836 -0.3238 -1.4069 0 0 0 -1 -0.9461 0.4814 0 LS51.dat
1 0 -823.784 -230 -91.6328 -0.3312 -1.3862 0 0 0 -1 -0.9436 0.4865 0 LS51.dat
1 0 -825.082 -230 -91.1773 -0.3385 -1.3819 0 0 0 -1 -0.941 0.4972 0 LS51.dat
1 0 -826.376 -230 -90.7117 -0.3458 -1.3612 0 0 0 -1 -0.9383 0.5017 0 LS51.dat
1 0 -827.651 -230 -90.2419 -0.3531 -1.3403 0 0 0 -1 -0.9356 0.5058 0 LS51.dat
1 0 -828.906 -230 -89.7684 -0.3602 -1.3202 0 0 0 -1 -0.9329 0.5097 0 LS51.dat
1 0 -830.141 -230 -89.2914 -0.3672 -1.3004 0 0 0 -1 -0.9301 0.5134 0 LS51.dat
1 0 -831.358 -230 -88.8112 -0.3742 -1.2964 0 0 0 -1 -0.9274 0.5231 0 LS51.dat
1 0 -832.571 -230 -88.3218 -0.3811 -1.277 0 0 0 -1 -0.9245 0.5264 0 LS51.dat
1 0 -833.765 -230 -87.8297 -0.388 -1.2571 0 0 0 -1 -0.9217 0.5293 0 LS51.dat
1 0 -834.94 -230 -87.335 -0.3949 -1.2542 0 0 0 -1 -0.9187 0.539 0 LS51.dat
1 0 -836.112 -230 -86.8315 -0.4017 -1.2349 0 0 0 -1 -0.9158 0.5417 0 LS51.dat
1 0 -837.265 -230 -86.3259 -0.4086 -1.2322 0 0 0 -1 -0.9127 0.5516 0 LS51.dat
1 0 -838.414 -230 -85.8114 -0.4154 -1.2286 0 0 0 -1 -0.9096 0.5611 0 LS51.dat
1 0 -839.56 -230 -85.2881 -0.4223 -1.2099 0 0 0 -1 -0.9065 0.5637 0 LS51.dat
1 0 -840.688 -230 -84.7629 -0.4292 -1.2072 0 0 0 -1 -0.9032 0.5736 0 LS51.dat
1 0 -841.812 -230 -84.2289 -0.4361 -1.2041 0 0 0 -1 -0.8999 0.5835 0 LS51.dat
1 0 -842.932 -230 -83.686 -0.443 -1.1854 0 0 0 -1 -0.8965 0.5858 0 LS51.dat
1 0 -844.034 -230 -83.1415 -0.45 -1.1828 0 0 0 -1 -0.893 0.596 0 LS51.dat
1 0 -845.132 -230 -82.5882 -0.457 -1.1793 0 0 0 -1 -0.8895 0.606 0 LS51.dat
1 0 -846.227 -230 -82.0258 -0.4641 -1.1772 0 0 0 -1 -0.8858 0.6168 0 LS51.dat
1 0 -847.318 -230 -81.4543 -0.4713 -1.1743 0 0 0 -1 -0.882 0.6275 0 LS51.dat
1 0 -848.405 -230 -80.8735 -0.4785 -1.1715 0 0 0 -1 -0.8781 0.6384 0 LS51.dat
1 0 -849.488 -230 -80.2832 -0.4859 -1.1686 0 0 0 -1 -0.874 0.6496 0 LS51.dat
1 0 -850.567 -230 -79.6834 -0.4933 -1.1655 0 0 0 -1 -0.8698 0.661 0 LS51.dat
1 0 -851.642 -230 -79.0738 -0.5009 -1.1623 0 0 0 -1 -0.8655 0.6726 0 LS51.dat
1 0 -852.712 -230 -78.4545 -0.5085 -1.1595 0 0 0 -1 -0.8611 0.6847 0 LS51.dat
1 0 -853.778 -230 -77.825 -0.5163 -1.1722 0 0 0 -1 -0.8564 0.7066 0 LS51.dat
1 0 -854.854 -230 -77.1765 -0.5243 -1.168 0 0 0 -1 -0.8515 0.7191 0 LS51.dat
1 0 -855.925 -230 -76.5173 -0.5323 -1.1648 0 0 0 -1 -0.8465 0.7325 0 LS51.dat
1 0 -856.991 -230 -75.8473 -0.5406 -1.1609 0 0 0 -1 -0.8413 0.746 0 LS51.dat
1 0 -858.051 -230 -75.1663 -0.549 -1.1726 0 0 0 -1 -0.8358 0.7702 0 LS51.dat
1 0 -859.119 -230 -74.4646 -0.5576 -1.1684 0 0 0 -1 -0.8301 0.7849 0 LS51.dat
1 0 -860.181 -230 -73.7511 -0.5664 -1.179 0 0 0 -1 -0.8241 0.8104 0 LS51.dat
1 0 -861.251 -230 -73.0159 -0.5755 -1.1746 0 0 0 -1 -0.8178 0.8266 0 LS51.dat
1 0 -862.314 -230 -72.2682 -0.5848 -1.1843 0 0 0 -1 -0.8112 0.8538 0 LS51.dat
1 0 -863.383 -230 -71.4977 -0.5944 -1.1937 0 0 0 -1 -0.8042 0.8823 0 LS51.dat
1 0 -864.457 -230 -70.7034 -0.6043 -1.1875 0 0 0 -1 -0.7968 0.9006 0 LS51.dat
1 0 -865.523 -230 -69.8953 -0.6144 -1.1963 0 0 0 -1 -0.789 0.9315 0 LS51.dat
1 0 -866.593 -230 -69.0623 -0.6248 -1.2036 0 0 0 -1 -0.7808 0.9632 0 LS51.dat
1 0 -867.666 -230 -68.2036 -0.6357 -1.2101 0 0 0 -1 -0.772 0.9965 0 LS51.dat
1 0 -868.741 -230 -67.3184 -0.6469 -1.216 0 0 0 -1 -0.7626 1.0314 0 LS51.dat
1 0 -869.818 -230 -66.4057 -0.6584 -1.2206 0 0 0 -1 -0.7526 1.0678 0 LS51.dat
1 0 -870.893 -230 -65.4647 -0.6704 -1.2239 0 0 0 -1 -0.742 1.1058 0 LS51.dat
1 0 -871.967 -230 -64.4945 -0.6828 -1.226 0 0 0 -1 -0.7306 1.1458 0 LS51.dat
1 0 -873.038 -230 -63.494 -0.6957 -1.227 0 0 0 -1 -0.7184 1.1883 0 LS51.dat
1 0 -874.103 -230 -62.4624 -0.709 -1.2389 0 0 0 -1 -0.7052 1.2456 0 LS51.dat
1 0 -875.174 -230 -61.3862 -0.7229 -1.2355 0 0 0 -1 -0.691 1.2926 0 LS51.dat
1 0 -876.235 -230 -60.2763 -0.7373 -1.2433 0 0 0 -1 -0.6756 1.3569 0 LS51.dat
1 0 -877.295 -230 -59.119 -0.7523 -1.2472 0 0 0 -1 -0.6588 1.4243 0 LS51.dat
1 0 -878.352 -230 -57.9124 -0.768 -1.2471 0 0 0 -1 -0.6404 1.4954 0 LS51.dat
1 0 -879.401 -230 -56.6548 -0.7843 -1.2423 0 0 0 -1 -0.6204 1.5703 0 LS51.dat
1 0 -880.438 -230 -55.3445 -0.8011 -1.2324 0 0 0 -1 -0.5985 1.6495 0 LS51.dat
1 0 -881.458 -230 -53.9798 -0.8185 -1.2174 0 0 0 -1 -0.5745 1.7343 0 LS51.dat
1 0 -882.455 -230 -52.5591 -0.8364 -1.2047 0 0 0 -1 -0.5481 1.8383 0 LS51.dat
1 0 -883.433 -230 -51.0662 -0.8548 -1.1735 0 0 0 -1 -0.519 1.9326 0 LS51.dat
1 0 -884.376 -230 -49.514 -0.8734 -1.1419 0 0 0 -1 -0.487 2.0482 0 LS51.dat
1 0 -885.284 -230 -47.8863 -0.8923 -1.0976 0 0 0 -1 -0.4515 2.169 0 LS51.dat
1 0 -886.147 -230 -46.1814 -0.911 -1.0395 0 0 0 -1 -0.4124 2.2961 0 LS51.dat
1 0 -886.954 -230 -44.3983 -0.9293 -0.965 0 0 0 -1 -0.3692 2.4287 0 LS51.dat
1 0 -887.7 -230 -42.5204 -0.9464 -0.831 0 0 0 -1 -0.3229 2.4358 0 LS51.dat
1 0 -888.335 -230 -40.6611 -0.9616 -0.7067 0 0 0 -1 -0.2744 2.4763 0 LS51.dat
1 0 -888.873 -230 -38.7762 -0.9744 -0.5522 0 0 0 -1 -0.2248 2.3934 0 LS51.dat
1 0 -889.29 -230 -36.969 -0.9845 -0.5218 0 0 0 -1 -0.1757 2.9244 0 LS51.dat
1 0 -889.601 -230 -35.229 -0.9971 -0.4462 0 0 0 -1 -0.0761 5.8473 0 LS51.dat
1 0 -890 -230 -30 -1 0 0 0 0 -1 0 40 0 LS51.dat
1 0 -890 -230 10 -0.9997 0.0528 0 0 0 -1 0.0238 2.2232 0 LS51.dat
1 0 -889.961 -230 11.6305 -0.9973 0.1736 0 0 0 -1 0.0731 2.3676 0 LS51.dat
1 0 -889.832 -230 13.3919 -0.9923 0.2915 0 0 0 -1 0.1235 2.341 0 LS51.dat
1 0 -889.616 -230 15.1277 -0.9848 0.4252 0 0 0 -1 0.1738 2.409 0 LS51.dat
1 0 -889.297 -230 16.9352 -0.9747 0.547 0 0 0 -1 0.2237 2.3828 0 LS51.dat
1 0 -888.886 -230 18.7263 -0.9621 0.6953 0 0 0 -1 0.2727 2.4527 0 LS51.dat
1 0 -888.361 -230 20.5793 -0.9466 0.866 0 0 0 -1 0.3223 2.543 0 LS51.dat
1 0 -887.689 -230 22.5521 -0.9292 0.9331 0 0 0 -1 0.3695 2.347 0 LS51.dat
1 0 -886.961 -230 24.3823 -0.9111 1.0212 0 0 0 -1 0.4121 2.2577 0 LS51.dat
1 0 -886.154 -230 26.1658 -0.8924 1.0797 0 0 0 -1 0.4513 2.1352 0 LS51.dat
1 0 -885.292 -230 27.8711 -0.8736 1.1238 0 0 0 -1 0.4867 2.0169 0 LS51.dat
1 0 -884.385 -230 29.4993 -0.8549 1.1565 0 0 0 -1 0.5188 1.9059 0 LS51.dat
1 0 -883.443 -230 31.0518 -0.8365 1.1879 0 0 0 -1 0.5479 1.8137 0 LS51.dat
1 0 -882.465 -230 32.545 -0.8186 1.2015 0 0 0 -1 0.5743 1.7125 0 LS51.dat
1 0 -881.467 -230 33.9662 -0.8012 1.2178 0 0 0 -1 0.5984 1.6306 0 LS51.dat
1 0 -880.448 -230 35.3313 -0.7844 1.2288 0 0 0 -1 0.6203 1.554 0 LS51.dat
1 0 -879.412 -230 36.6421 -0.7681 1.2339 0 0 0 -1 0.6403 1.4801 0 LS51.dat
1 0 -878.363 -230 37.9 -0.7524 1.2347 0 0 0 -1 0.6587 1.4106 0 LS51.dat
1 0 -877.306 -230 39.107 -0.7374 1.2314 0 0 0 -1 0.6755 1.3444 0 LS51.dat
1 0 -876.246 -230 40.2647 -0.723 1.2257 0 0 0 -1 0.6909 1.2827 0 LS51.dat
1 0 -875.185 -230 41.3748 -0.7091 1.2293 0 0 0 -1 0.7051 1.2363 0 LS51.dat
1 0 -874.115 -230 42.4514 -0.6957 1.2181 0 0 0 -1 0.7183 1.1799 0 LS51.dat
1 0 -873.049 -230 43.4833 -0.6829 1.2183 0 0 0 -1 0.7305 1.1389 0 LS51.dat
1 0 -871.979 -230 44.4841 -0.6705 1.2168 0 0 0 -1 0.7419 1.0997 0 LS51.dat
1 0 -870.905 -230 45.4546 -0.6585 1.2139 0 0 0 -1 0.7526 1.0621 0 LS51.dat
1 0 -869.829 -230 46.3959 -0.6469 1.2099 0 0 0 -1 0.7626 1.0264 0 LS51.dat
1 0 -868.753 -230 47.3089 -0.6357 1.2043 0 0 0 -1 0.7719 0.9918 0 LS51.dat
1 0 -867.678 -230 48.1944 -0.6249 1.1978 0 0 0 -1 0.7807 0.9587 0 LS51.dat
1 0 -866.604 -230 49.0533 -0.6144 1.191 0 0 0 -1 0.789 0.9276 0 LS51.dat
1 0 -865.534 -230 49.8865 -0.6043 1.1834 0 0 0 -1 0.7968 0.8976 0 LS51.dat
1 0 -864.469 -230 50.6949 -0.5945 1.1893 0 0 0 -1 0.8041 0.8792 0 LS51.dat
1 0 -863.394 -230 51.4894 -0.5849 1.1801 0 0 0 -1 0.8111 0.8509 0 LS51.dat
1 0 -862.325 -230 52.2602 -0.5756 1.1709 0 0 0 -1 0.8178 0.8241 0 LS51.dat
1 0 -861.262 -230 53.0081 -0.5665 1.1753 0 0 0 -1 0.8241 0.8079 0 LS51.dat
1 0 -860.193 -230 53.7435 -0.5577 1.1655 0 0 0 -1 0.8301 0.7831 0 LS51.dat
1 0 -859.13 -230 54.4571 -0.549 1.1691 0 0 0 -1 0.8358 0.768 0 LS51.dat
1 0 -858.062 -230 55.1591 -0.5406 1.1581 0 0 0 -1 0.8413 0.7443 0 LS51.dat
1 0 -857.002 -230 55.8403 -0.5324 1.1626 0 0 0 -1 0.8465 0.7313 0 LS51.dat
1 0 -855.936 -230 56.5104 -0.5243 1.1662 0 0 0 -1 0.8515 0.7181 0 LS51.dat
1 0 -854.865 -230 57.1698 -0.5163 1.1695 0 0 0 -1 0.8564 0.7051 0 LS51.dat
1 0 -853.789 -230 57.8185 -0.5085 1.1569 0 0 0 -1 0.8611 0.6832 0 LS51.dat
1 0 -852.723 -230 58.448 -0.5009 1.161 0 0 0 -1 0.8655 0.6719 0 LS51.dat
1 0 -851.653 -230 59.0676 -0.4934 1.1637 0 0 0 -1 0.8698 0.66 0 LS51.dat
1 0 -850.578 -230 59.6772 -0.486 1.1674 0 0 0 -1 0.874 0.6491 0 LS51.dat
1 0 -849.499 -230 60.2772 -0.4786 1.1697 0 0 0 -1 0.878 0.6376 0 LS51.dat
1 0 -848.415 -230 60.8676 -0.4714 1.1729 0 0 0 -1 0.8819 0.6269 0 LS51.dat
1 0 -847.328 -230 61.4486 -0.4642 1.1758 0 0 0 -1 0.8857 0.6162 0 LS51.dat
1 0 -846.237 -230 62.0202 -0.4571 1.1788 0 0 0 -1 0.8894 0.6058 0 LS51.dat
1 0 -845.143 -230 62.5827 -0.4501 1.1817 0 0 0 -1 0.893 0.5956 0 LS51.dat
1 0 -844.045 -230 63.1361 -0.4431 1.1849 0 0 0 -1 0.8965 0.5857 0 LS51.dat
1 0 -842.943 -230 63.6806 -0.4362 1.2034 0 0 0 -1 0.8999 0.5833 0 LS51.dat
1 0 -841.822 -230 64.2237 -0.4292 1.2065 0 0 0 -1 0.9032 0.5734 0 LS51.dat
1 0 -840.698 -230 64.7578 -0.4223 1.2097 0 0 0 -1 0.9064 0.5636 0 LS51.dat
1 0 -839.571 -230 65.283 -0.4155 1.2284 0 0 0 -1 0.9096 0.5611 0 LS51.dat
1 0 -838.425 -230 65.8065 -0.4086 1.2313 0 0 0 -1 0.9127 0.5512 0 LS51.dat
1 0 -837.275 -230 66.3211 -0.4018 1.2349 0 0 0 -1 0.9157 0.5418 0 LS51.dat
1 0 -836.123 -230 66.8268 -0.3949 1.254 0 0 0 -1 0.9187 0.5391 0 LS51.dat
1 0 -834.951 -230 67.3304 -0.388 1.2571 0 0 0 -1 0.9216 0.5293 0 LS51.dat
1 0 -833.776 -230 67.8251 -0.3812 1.2772 0 0 0 -1 0.9245 0.5266 0 LS51.dat
1 0 -832.582 -230 68.3173 -0.3742 1.2968 0 0 0 -1 0.9273 0.5233 0 LS51.dat
1 0 -831.369 -230 68.8068 -0.3672 1.3003 0 0 0 -1 0.9301 0.5134 0 LS51.dat
1 0 -830.153 -230 69.2871 -0.3602 1.3208 0 0 0 -1 0.9329 0.5101 0 LS51.dat
1 0 -828.917 -230 69.7642 -0.3531 1.3413 0 0 0 -1 0.9356 0.5063 0 LS51.dat
1 0 -827.662 -230 70.2378 -0.3459 1.3613 0 0 0 -1 0.9383 0.5019 0 LS51.dat
1 0 -826.387 -230 70.7076 -0.3387 1.3657 0 0 0 -1 0.9409 0.4916 0 LS51.dat
1 0 -825.109 -230 71.1676 -0.3314 1.3867 0 0 0 -1 0.9435 0.487 0 LS51.dat
1 0 -823.811 -230 71.6233 -0.3239 1.4086 0 0 0 -1 0.9461 0.4823 0 LS51.dat
1 0 -822.494 -230 72.0744 -0.3163 1.4468 0 0 0 -1 0.9486 0.4825 0 LS51.dat
1 0 -821.14 -230 72.5256 -0.3085 1.4686 0 0 0 -1 0.9512 0.4764 0 LS51.dat
1 0 -819.767 -230 72.9711 -0.3006 1.491 0 0 0 -1 0.9537 0.47 0 LS51.dat
1 0 -818.373 -230 73.4105 -0.2925 1.5141 0 0 0 -1 0.9563 0.4632 0 LS51.dat
1 0 -816.958 -230 73.8431 -0.2842 1.5537 0 0 0 -1 0.9588 0.4606 0 LS51.dat
1 0 -815.507 -230 74.2732 -0.2757 1.5777 0 0 0 -1 0.9612 0.4525 0 LS51.dat
1 0 -814.035 -230 74.6954 -0.2669 1.6182 0 0 0 -1 0.9637 0.4481 0 LS51.dat
1 0 -812.525 -230 75.1133 -0.2578 1.6431 0 0 0 -1 0.9662 0.4384 0 LS51.dat
1 0 -810.994 -230 75.5217 -0.2484 1.6854 0 0 0 -1 0.9686 0.4322 0 LS51.dat
1 0 -809.426 -230 75.9239 -0.2387 1.7285 0 0 0 -1 0.9711 0.4249 0 LS51.dat
1 0 -807.819 -230 76.3187 -0.2285 1.7724 0 0 0 -1 0.9735 0.4161 0 LS51.dat
1 0 -806.174 -230 76.7048 -0.2179 1.8169 0 0 0 -1 0.976 0.4057 0 LS51.dat
1 0 -804.49 -230 77.0806 -0.2068 1.8631 0 0 0 -1 0.9784 0.3938 0 LS51.dat
1 0 -802.767 -230 77.4446 -0.1951 1.9269 0 0 0 -1 0.9808 0.3833 0 LS51.dat
1 0 -800.989 -230 77.7983 -0.1827 1.975 0 0 0 -1 0.9832 0.367 0 LS51.dat
1 0 -799.171 -230 78.136 -0.1696 2.0418 0 0 0 -1 0.9855 0.3513 0 LS51.dat
1 0 -797.297 -230 78.4582 -0.1555 2.1103 0 0 0 -1 0.9878 0.3322 0 LS51.dat
1 0 -795.368 -230 78.762 -0.1405 2.1803 0 0 0 -1 0.9901 0.3094 0 LS51.dat
1 0 -793.382 -230 79.0436 -0.1243 2.2528 0 0 0 -1 0.9923 0.2821 0 LS51.dat
1 0 -791.34 -230 79.2991 -0.1066 2.3455 0 0 0 -1 0.9943 0.2515 0 LS51.dat
1 0 -789.227 -230 79.5256 -0.0873 2.4407 0 0 0 -1 0.9962 0.2138 0 LS51.dat
1 0 -787.043 -230 79.7168 -0.0659 2.5386 0 0 0 -1 0.9978 0.1676 0 LS51.dat
1 0 -784.789 -230 79.8655 -0.0421 2.6461 0 0 0 -1 0.9991 0.1116 0 LS51.dat
1 0 -782.468 -230 79.9632 -0.015 2.6473 0 0 0 -1 0.9999 0.0396 0 LS51.dat
1 0 -760 -230 80 0 -20 0 0 0 -1 1 0 0 LS50.dat
1 0 -770 -224 80 0 0 1 0 1 0 -1 0 0 2555.dat
1 0 -10 -319 10 0 -0.0731 -0.9997 1 0 0 0 2.9378 -0.0249 LS51.dat
1 0 -10.0581 -319 12.3358 0 -0.2099 -0.9972 1 0 0 0 2.7912 -0.075 LS51.dat
1 0 -10.223 -319 14.5283 0 -0.3356 -0.9922 1 0 0 0 2.6677 -0.1248 LS51.dat
1 0 -10.4834 -319 16.599 0 -0.4569 -0.9847 1 0 0 0 2.5794 -0.1744 LS51.dat
1 0 -10.8351 -319 18.5844 0 -0.5697 -0.9747 1 0 0 0 2.4823 -0.2237 LS51.dat
1 0 -11.2701 -319 20.4802 0 -0.6778 -0.9622 1 0 0 0 2.3955 -0.2723 LS51.dat
1 0 -11.7842 -319 22.2969 0 -0.7877 -0.9474 1 0 0 0 2.3307 -0.3202 LS51.dat
1 0 -12.3793 -319 24.0579 0 -0.8929 -0.9301 1 0 0 0 2.2616 -0.3672 LS51.dat
1 0 -13.0513 -319 25.7601 0 -1.0051 -0.9106 1 0 0 0 2.2139 -0.4134 LS51.dat
1 0 -13.8077 -319 27.4261 0 -1.1153 -0.8887 1 0 0 0 2.1616 -0.4585 LS51.dat
1 0 -14.6467 -319 29.0523 0 -1.2374 -0.8645 1 0 0 0 2.1286 -0.5026 LS51.dat
1 0 -15.5807 -319 30.659 0 -1.3584 -0.8382 1 0 0 0 2.0875 -0.5454 LS51.dat
1 0 -16.6104 -319 32.2414 0 -1.488 -0.8097 1 0 0 0 2.0532 -0.5868 LS51.dat
1 0 -17.7442 -319 33.8058 0 -1.6353 -0.7792 1 0 0 0 2.0327 -0.6268 LS51.dat
1 0 -19.0008 -319 35.3679 0 -1.784 -0.7466 1 0 0 0 2.0023 -0.6652 LS51.dat
1 0 -20.3836 -319 36.9198 0 -1.9552 -0.7123 1 0 0 0 1.984 -0.7019 LS51.dat
1 0 -21.9145 -319 38.4734 0 -2.1498 -0.676 1 0 0 0 1.9721 -0.7369 LS51.dat
1 0 -23.6187 -319 40.0368 0 -2.358 -0.638 1 0 0 0 1.9537 -0.77 LS51.dat
1 0 -25.5122 -319 41.6056 0 -2.5927 -0.5985 1 0 0 0 1.9369 -0.8011 LS51.dat
1 0 -27.6225 -319 43.1822 0 -2.8682 -0.5575 1 0 0 0 1.9263 -0.8302 LS51.dat
1 0 -29.9901 -319 44.7723 0 -3.1957 -0.5151 1 0 0 0 1.9205 -0.8571 LS51.dat
1 0 -32.6696 -319 46.3827 0 -3.5536 -0.4715 1 0 0 0 1.8997 -0.8819 LS51.dat
1 0 -35.6927 -319 47.9989 0 -4.0049 -0.4267 1 0 0 0 1.8893 -0.9044 LS51.dat
