0 FILE Untitled.ldr
0 Untitled
0 Name: Untitled.ldr
0 Author: R Paluczak
0 Unofficial Model
0 ROTATION CENTER 0 0 0 1 "Custom" 
0 ROTATION CONFIG 0 0
1 0 52 40 652 1 0 0 0 1 0 0 0 1 Part 1.ldr
1 0 -558 72 292 0 0 1 0 1 0 -1 0 0 Sith Trooper.ldr
1 0 -598 72 432 0 0 1 0 1 0 -1 0 0 Sith.ldr
1 0 -638 72 672 0 0 1 0 1 0 -1 0 0 Jedi 1.ldr
1 0 -638 72 562 0 0 1 0 1 0 -1 0 0 Jedi 2.ldr
1 43 340 -6 502 0 1 0 -0.707107 0 0.707107 0.707107 0 0.707107 6143.dat
1 0 332 -6 502 0 1 0 -0.707107 0 0.707107 0.707107 0 0.707107 4032b.dat
1 43 251 -6 502 0 0 -1 -0.707107 0.707107 0 0.707107 0.707107 0 98585.dat
1 0 72 8 552 1 0 0 0 1 0 0 0 1 Part 14.ldr
1 0 202 -8 450 -1 0 0 0 0 1 0 1 0 Part 15.ldr
1 0 266 -34 474 0 1 0 -0.707107 0 -0.707107 -0.707107 0 0.707107 Part 17.ldr
1 43 340 -6 742 0 1 0 0.707107 0 -0.707107 -0.707107 0 -0.707107 6143.dat
1 0 332 -6 742 0 1 0 0.707107 0 -0.707107 -0.707107 0 -0.707107 4032b.dat
1 0 266 22 770 0 1 0 0.707107 0 0.707107 0.707107 0 -0.707107 Part 17.ldr
1 0 -118 -8 794 1 0 0 0 0 1 0 -1 0 Part 15.ldr
1 0 12 8 692 -1 0 0 0 1 0 0 0 -1 Part 14.ldr
1 0 -208 -48 622 1 0 0 0 1 0 0 0 1 Part 13.ldr
1 0 -138 0 552 0 0 -1 0 1 0 1 0 0 Part 2.ldr
1 0 72 -72 622 1 0 0 0 1 0 0 0 1 Part 16.ldr
1 72 192 -6 502 0 1 0 -0.707107 0 0.707107 0.707107 0 0.707107 3943b.dat
1 43 251 -6 742 0 0 -1 -0.707107 0.707107 0 0.707107 0.707107 0 98585.dat
1 72 192 -6 742 0 1 0 -0.707107 0 0.707107 0.707107 0 0.707107 3943b.dat
1 72 -78 -40 562 -1 0 0 0 1 0 0 0 -1 3795.dat
1 72 -78 -40 682 -1 0 0 0 1 0 0 0 -1 3795.dat
1 320 -218 -40 742 0 0 -1 0 1 0 1 0 0 30504.dat
1 320 -218 -40 502 1 0 0 0 1 0 0 0 1 30504.dat
1 320 -118 -48 692 0 0 -1 0 1 0 1 0 0 54384.dat
1 320 -118 -48 552 0 0 -1 0 1 0 1 0 0 54383.dat
1 320 -38 -48 672 -1 0 0 0 1 0 0 0 -1 2412b.dat
1 320 -38 -48 572 -1 0 0 0 1 0 0 0 -1 2412b.dat
1 71 -258 -48 502 1 0 0 0 1 0 0 0 1 30503.dat
1 71 -258 -48 742 0 0 -1 0 1 0 1 0 0 30503.dat
1 71 -258 -48 682 -1 0 0 0 1 0 0 0 -1 87079.dat
1 71 -258 -48 562 -1 0 0 0 1 0 0 0 -1 87079.dat
1 0 -138 0 602 0 0 -1 0 1 0 1 0 0 part 3.ldr
1 0 -358 32 622 1 0 0 0 1 0 0 0 1 Part 4.ldr
1 0 -428 -72 802 -1 0 0 0 1 0 0 0 -1 Part 11.ldr
1 0 -518 -72 442 1 0 0 0 1 0 0 0 1 Part 12.ldr
1 0 -425.462 8 456.537 0.19509 0.980785 0 0 0 -1 -0.980785 0.19509 0 Part 10.ldr
1 0 -425.463 8 787.463 0.19509 0.980785 0 0 0 1 0.980785 -0.19509 0 Part 9.ldr
1 0 -338 28 330 0 0 1 1 0 0 0 1 0 Part 8.ldr
1 0 -338 -12 914 0 0 1 -1 0 0 0 -1 0 Part 8.ldr
0
0 FILE Sith Trooper.ldr
0 Sith Trooper
0 Name: Sith Trooper.ldr
0 Author: R Paluczak
0 Unofficial Model
0 ROTATION CENTER 0 0 0 1 "Custom" 
0 ROTATION CONFIG 0 0
1 0 0 -24 0 1 0 0 0 1 0 0 0 1 30408p01.dat
1 78 0 -24 0 1 0 0 0 1 0 0 0 1 3626bp01.dat
1 0 0 0 0 1 0 0 0 1 0 0 0 1 973.dat
1 0 0 32 0 1 0 0 0 1 0 0 0 1 3815.dat
1 0 -15.552 9 0 0.985 -0.17 0 0.17 0.985 0 0 0 1 3818.dat
1 0 15.552 9 0 0.985 0.17 0 -0.17 0.985 0 0 0 1 3819.dat
1 0 -23.8634 26.5956 -10.321 0.985 -0.12019 0.12019 0.17 0.696395 -0.696395 0 0.707 0.707 3820.dat
1 0 23.8634 26.5956 -10.321 0.985 0.12019 -0.12019 -0.17 0.696395 -0.696395 0 0.707 0.707 3820.dat
1 0 -24.6826 31.3422 -19.2547 0.985 -0.0874983 0.14567 0.17 0.506976 -0.844031 0 0.856884 0.514696 58247.dat
1 0 0 44 0 1 0 0 0 1 0 0 0 1 3816.dat
1 0 0 44 0 1 0 0 0 1 0 0 0 1 3817.dat
0
0 FILE Sith.ldr
0 Sith
0 Name: Sith.ldr
0 Author: R Paluczak
0 Unofficial Model
0 ROTATION CENTER 0 0 0 1 "Custom" 
0 ROTATION CONFIG 0 0
1 320 0 -24 0 1 0 0 0 1 0 0 0 1 30381.dat
1 72 0 -24 0 1 0 0 0 1 0 0 0 1 3626bp01.dat
1 320 0 0 0 1 0 0 0 1 0 0 0 1 973.dat
1 320 0 32 0 1 0 0 0 1 0 0 0 1 3815.dat
1 72 -15.552 9 0 0.985 -0.17 0 0.17 0.985 0 0 0 1 3818.dat
1 72 15.552 9 0 0.985 0.17 0 -0.17 0.985 0 0 0 1 3819.dat
1 71 -23.8634 26.5956 -10.321 0.985 -0.12019 0.12019 0.17 0.696395 -0.696395 0 0.707 0.707 3820.dat
1 71 23.8634 26.5956 -10.321 0.985 0.12019 -0.12019 -0.17 0.696395 -0.696395 0 0.707 0.707 3820.dat
1 36 -23.1951 22.7236 -33.8217 0.985 -0.0874983 0.14567 0.17 0.506976 -0.844031 0 0.856884 0.514696 577c01.dat
1 36 23.1951 22.7236 -33.8217 0.985 0.0874983 -0.14567 -0.17 0.506976 -0.844031 0 0.856884 0.514696 577c01.dat
1 71 0 44 0 1 0 0 0 1 0 0 0 1 3816.dat
1 71 0 44 0 1 0 0 0 1 0 0 0 1 3817.dat
0
0 FILE Box.ldr
0 Box
0 Name: Box.ldr
0 Author: R Paluczak
0 Unofficial Model
0 ROTATION CENTER 0 0 0 1 "Custom" 
0 ROTATION CONFIG 0 0
1 72 -40 8 0 1 0 0 0 1 0 0 0 1 61780.dat
1 71 -40 -40 0 1 0 0 0 1 0 0 0 1 2460.dat
1 47 -40 0 0 1 0 0 0 1 0 0 0 1 3024.dat
1 47 -40 -16 0 1 0 0 0 1 0 0 0 1 3024.dat
1 36 -40 -8 0 0.707107 0 -0.707107 0 1 0 0.707107 0 0.707107 3024.dat
0
0 FILE Part 1.ldr
0 Part 1
0 Name: Part 1.ldr
0 Author: R Paluczak
0 Unofficial Model
0 ROTATION CENTER 0 0 0 1 "Custom" 
0 ROTATION CONFIG 0 0
1 0 -10 16 0 1 0 0 0 1 0 0 0 1 3894.dat
1 0 -10 16 -20 1 0 0 0 1 0 0 0 1 3894.dat
1 0 100 -16 -30 0 0 -1 0 1 0 1 0 0 3460.dat
1 0 -340 -40 20 -1 0 0 0 1 0 0 0 -1 4490.dat
1 0 -340 -40 -80 -1 0 0 0 1 0 0 0 -1 4490.dat
1 0 80 -40 20 -1 0 0 0 1 0 0 0 -1 4490.dat
1 0 80 -40 -80 -1 0 0 0 1 0 0 0 -1 4490.dat
1 1 -50 26 0 0 0 1 0 1 0 -1 0 0 6558.dat
1 1 30 26 0 0 0 1 0 1 0 -1 0 0 6558.dat
1 0 -30 26 10 0 0 1 0 1 0 -1 0 0 2780.dat
1 0 10 26 10 0 0 1 0 1 0 -1 0 0 2780.dat
1 0 -10 16 -60 -1 0 0 0 1 0 0 0 -1 3894.dat
1 0 -40 -8 10 -1 0 0 0 1 0 0 0 -1 2823.dat
1 0 20 -8 10 -1 0 0 0 1 0 0 0 -1 2823.dat
1 0 20 -8 -70 1 0 0 0 1 0 0 0 1 2823.dat
1 0 -40 -8 -70 1 0 0 0 1 0 0 0 1 2823.dat
1 71 90 16 20 -1 0 0 0 1 0 0 0 -1 2730.dat
1 71 -10 -32 20 -1 0 0 0 1 0 0 0 -1 3710.dat
1 71 -10 -32 -80 -1 0 0 0 1 0 0 0 -1 3710.dat
1 320 -10 -40 20 -1 0 0 0 1 0 0 0 -1 3710.dat
1 320 -10 -40 -80 -1 0 0 0 1 0 0 0 -1 3710.dat
1 71 150 40 -30 -1 0 0 0 1 0 0 0 -1 3958.dat
1 71 190 32 -10 1 0 0 0 1 0 0 0 1 92582.dat
1 71 190 32 -50 1 0 0 0 1 0 0 0 1 92582.dat
1 71 80 6 0 -1 0 0 0 1 0 0 0 -1 98989.dat
1 71 -340 6 0 -1 0 0 0 1 0 0 0 -1 98989.dat
1 71 -340 6 -60 -1 0 0 0 1 0 0 0 -1 98989.dat
1 71 80 6 -60 -1 0 0 0 1 0 0 0 -1 98989.dat
1 71 -10 0 20 1 0 0 0 1 0 0 0 1 47457.dat
1 71 -10 0 -80 -1 0 0 0 1 0 0 0 -1 47457.dat
1 320 -40 -8 -30 0 0 1 0 1 0 -1 0 0 3039.dat
1 320 -80 -72 -30 0 0 1 0 1 0 -1 0 0 3666.dat
1 320 -360 16 -80 0 0 -1 0 1 0 1 0 0 3040b.dat
1 320 -360 16 20 0 0 -1 0 1 0 1 0 0 3040b.dat
1 72 -150 16 20 -1 0 0 0 1 0 0 0 -1 32018.dat
1 4 -290 16 -20 -1 0 0 0 1 0 0 0 -1 3702.dat
1 4 -290 16 -40 -1 0 0 0 1 0 0 0 -1 3702.dat
1 4 -340 -34 0 -1 0 0 0 0 1 0 1 0 41678.dat
1 72 100 16 -30 0 0 -1 0 1 0 1 0 0 2877.dat
1 72 180 16 -20 0 0 1 0 1 0 -1 0 0 50950.dat
1 72 180 16 -40 0 0 1 0 1 0 -1 0 0 50950.dat
1 19 150 16 0 -1 0 0 0 1 0 0 0 -1 4865b.dat
1 19 150 16 -60 1 0 0 0 1 0 0 0 1 4865b.dat
1 19 60 -32 -30 0 0 -1 0 1 0 1 0 0 4865b.dat
1 72 -150 16 -80 -1 0 0 0 1 0 0 0 -1 32018.dat
1 72 100 81 -154 0 0 1 0 1 0 -1 0 0 32530.dat
1 72 60 81 -154 0 0 1 0 1 0 -1 0 0 32530.dat
1 72 -360 -8 -30 0 0 1 0 1 0 -1 0 0 32018.dat
1 72 60 -8 -30 0 0 1 0 1 0 -1 0 0 32018.dat
1 71 60 -24 -130 0 0 1 0 1 0 -1 0 0 3710.dat
1 71 100 -24 -140 1 0 0 0 1 0 0 0 1 2420.dat
1 71 100 -16 -140 1 0 0 0 1 0 0 0 1 2420.dat
1 71 100 -24 80 0 0 1 0 1 0 -1 0 0 2420.dat
1 71 100 -16 80 0 0 1 0 1 0 -1 0 0 2420.dat
1 320 60 -16 -130 0 0 1 0 1 0 -1 0 0 3710.dat
1 320 60 -32 -110 0 0 1 0 1 0 -1 0 0 3023.dat
1 320 150 -40 -80 1 0 0 0 1 0 0 0 1 3023.dat
1 320 150 -40 20 1 0 0 0 1 0 0 0 1 3023.dat
1 71 190 -40 20 1 0 0 0 1 0 0 0 1 32028.dat
1 71 180 -64 20 0 0 -1 0 1 0 1 0 0 4286.dat
1 71 180 -64 -80 0 0 -1 0 1 0 1 0 0 4286.dat
1 71 60 -120 -60 0 0 -1 0 1 0 1 0 0 4286.dat
1 71 120 -104 -80 1 0 0 0 1 0 0 0 1 6091.dat
1 71 120 -104 20 -1 0 0 0 1 0 0 0 -1 6091.dat
1 71 140 -72 -60 0 0 -1 0 1 0 1 0 0 54200.dat
1 71 140 -72 0 0 0 -1 0 1 0 1 0 0 54200.dat
1 71 60 -120 0 0 0 -1 0 1 0 1 0 0 4286.dat
1 71 190 -40 -80 -1 0 0 0 1 0 0 0 -1 32028.dat
1 71 -270 -72 -80 -1 0 0 0 1 0 0 0 -1 32028.dat
1 71 -310 -72 -80 -1 0 0 0 1 0 0 0 -1 32028.dat
1 71 -310 -72 20 1 0 0 0 1 0 0 0 1 32028.dat
1 71 -390 -72 10 1 0 0 0 1 0 0 0 1 3795.dat
1 71 -390 -72 -70 1 0 0 0 1 0 0 0 1 3795.dat
1 71 -350 -72 -30 0 0 -1 0 1 0 1 0 0 3022.dat
1 0 -350 -80 -30 0 0 -1 0 1 0 1 0 0 3709b.dat
1 0 -360 -88 -30 0 0 -1 0 1 0 1 0 0 3710.dat
1 0 -410 -88 -30 -1 0 0 0 1 0 0 0 -1 3709b.dat
1 0 -390 -88 0 -1 0 0 0 1 0 0 0 -1 48336.dat
1 43 -420 -88 0 -1 0 0 0 1 0 0 0 -1 4073.dat
1 43 -420 -88 -60 -1 0 0 0 1 0 0 0 -1 4073.dat
1 0 -390 -88 -60 1 0 0 0 1 0 0 0 1 48336.dat
1 71 -390 -96 0 1 0 0 0 1 0 0 0 1 2431.dat
1 71 -440 -96 0 0 0 1 0 1 0 -1 0 0 4286.dat
1 71 -440 -96 -60 0 0 1 0 1 0 -1 0 0 4286.dat
1 71 -390 -96 -60 1 0 0 0 1 0 0 0 1 2431.dat
1 71 -360 -24 90 0 0 1 0 1 0 -1 0 0 47457.dat
1 71 -360 -24 -150 0 0 1 0 1 0 -1 0 0 47457.dat
1 71 -340 -80 0 0 0 -1 0 1 0 1 0 0 54200.dat
1 71 -420 -80 20 -1 0 0 0 1 0 0 0 -1 54200.dat
1 71 -420 -80 -80 1 0 0 0 1 0 0 0 1 54200.dat
1 71 -340 -80 -60 0 0 -1 0 1 0 1 0 0 54200.dat
1 0 -340 -88 -30 0 0 -1 0 1 0 1 0 0 2412b.dat
1 0 -440 -96 -30 0 0 -1 0 1 0 1 0 0 2412b.dat
1 0 -380 -96 -30 0 0 -1 0 1 0 1 0 0 88072.dat
1 72 -410 -26 -30 1 0 0 0 1 0 0 0 1 61780.dat
1 71 -410 -74 -30 1 0 0 0 1 0 0 0 1 2460.dat
1 47 -410 -34 -30 1 0 0 0 1 0 0 0 1 3024.dat
1 47 -410 -50 -30 1 0 0 0 1 0 0 0 1 3024.dat
1 43 -410 -42 -30 0.707107 0 -0.707107 0 1 0 0.707107 0 0.707107 3024.dat
1 71 -440 -96 0 0 0 1 0 1 0 -1 0 0 4286.dat
1 0 -360 -80 20 0 0 -1 0 1 0 1 0 0 3070b.dat
1 0 -360 -80 -80 0 0 -1 0 1 0 1 0 0 3070b.dat
1 0 -430 -80 -80 -1 0 0 0 1 0 0 0 -1 3023.dat
1 0 -430 -80 20 -1 0 0 0 1 0 0 0 -1 3023.dat
1 72 -400 -80 -60 -1 0 0 0 1 0 0 0 -1 3623.dat
1 72 -400 -80 0 -1 0 0 0 1 0 0 0 -1 3623.dat
1 71 -270 -72 20 1 0 0 0 1 0 0 0 1 32028.dat
1 71 -170 -72 10 1 0 0 0 1 0 0 0 1 3034.dat
1 71 -170 -72 -70 1 0 0 0 1 0 0 0 1 3034.dat
1 71 100 -32 -110 0 0 -1 0 1 0 1 0 0 32028.dat
1 71 80 -56 -150 0 0 -1 0 1 0 1 0 0 3700.dat
1 71 80 -56 90 0 0 -1 0 1 0 1 0 0 3700.dat
1 0 80 -46 90 -1 0 0 0 0.707107 -0.707107 0 -0.707107 -0.707107 32054.dat
1 0 80 -46 -150 -1 0 0 0 -0.707107 0.707107 0 0.707107 0.707107 32054.dat
1 0 190 -46 -150 -1 0 0 0 -0.707107 0.707107 0 0.707107 0.707107 3737.dat
1 4 135 -17.717 -121.716 -1 0 0 0 -0.707107 0.707107 0 0.707107 0.707107 32062.dat
1 0 135 -46 -150 0 -1 0 0.707107 0 0.707107 -0.707107 0 0.707107 6632.dat
1 0 190 -46 90 -1 0 0 0 0.707107 0.707107 0 0.707107 -0.707107 3737.dat
1 4 135 -17.716 61.717 -1 0 0 0 0.707107 0.707107 0 0.707107 -0.707107 32062.dat
1 0 135 -46 90 0 -1 0 -0.707107 0 0.707107 -0.707107 0 -0.707107 6632.dat
1 71 100 -32 50 0 0 -1 0 1 0 1 0 0 32028.dat
1 71 90 -32 110 0 0 -1 0 1 0 1 0 0 30503.dat
1 71 90 -32 -170 1 0 0 0 1 0 0 0 1 30503.dat
1 71 90 -72 110 0 0 -1 0 1 0 1 0 0 30503.dat
1 72 150 -72 30 0 0 -1 0 1 0 1 0 0 30503.dat
0 MLCAD BTG 2
1 72 180 -72 -30 0 0 -1 0 1 0 1 0 0 30350.dat
0 MLCAD BTG 2
1 72 200 -64 -30 0 0 -1 0 1 0 1 0 0 3037.dat
0 MLCAD BTG 2
1 72 190 -40 -30 0 0 -1 0 1 0 1 0 0 2654.dat
1 72 150 -72 -90 1 0 0 0 1 0 0 0 1 30503.dat
1 72 90 -80 -30 0 0 -1 0 1 0 1 0 0 3032.dat
0 MLCAD BTG Group name5
1 72 212.945 -0.028 -30 0 -0.92388 -0.382683 0 -0.382683 0.92388 -1 0 0 44570.dat
0 MLCAD BTG Group name5
1 320 224.164 -6.206 -40 -0.382683 -0.92388 0 0.92388 -0.382683 0 0 0 1 63864.dat
0 MLCAD BTG Group name5
1 320 224.164 -6.206 -20 -0.382683 -0.92388 0 0.92388 -0.382683 0 0 0 1 63864.dat
0 MLCAD BTG Group name5
1 71 216.509 12.273 0 -0.382683 -0.92388 0 0.92388 -0.382683 0 0 0 1 4073.dat
0 MLCAD BTG Group name5
1 71 216.509 12.273 -60 -0.382683 -0.92388 0 0.92388 -0.382683 0 0 0 1 4073.dat
0 MLCAD BTG Group name5
1 43 223.9 15.333 0 -0.382683 -0.92388 0 0.92388 -0.382683 0 0 0 1 4073.dat
0 MLCAD BTG Group name5
1 43 223.9 15.333 -60 -0.382683 -0.92388 0 0.92388 -0.382683 0 0 0 1 4073.dat
0 GROUP 7 Group name5
1 71 90 -88 -30 0 0 -1 0 1 0 1 0 0 64799.dat
1 320 110 -96 -30 0 0 -1 0 1 0 1 0 0 3020.dat
1 320 -210 -80 0 -1 0 0 0 1 0 0 0 -1 3710.dat
1 72 -210 -88 0 -1 0 0 0 1 0 0 0 -1 2431.dat
1 72 -210 -88 -60 -1 0 0 0 1 0 0 0 -1 2431.dat
1 320 -210 -80 -60 -1 0 0 0 1 0 0 0 -1 3710.dat
1 320 70 -96 -30 0 0 -1 0 1 0 1 0 0 3020.dat
1 320 60 -120 -40 0 0 -1 0 1 0 1 0 0 60477.dat
1 320 60 -120 -20 0 0 -1 0 1 0 1 0 0 60477.dat
1 320 -80 -96 0 0 0 1 0 1 0 -1 0 0 60477.dat
1 320 -80 -96 -60 0 0 1 0 1 0 -1 0 0 60477.dat
1 72 80 -72 30 1 0 0 0 1 0 0 0 1 3021.dat
1 72 80 -72 -90 1 0 0 0 1 0 0 0 1 3021.dat
1 0 120 -72 -30 0 0 -1 0 1 0 1 0 0 48336.dat
1 71 90 -72 -170 1 0 0 0 1 0 0 0 1 30503.dat
1 320 90 -80 90 0 0 -1 0 1 0 1 0 0 30503.dat
1 320 90 -80 -150 1 0 0 0 1 0 0 0 1 30503.dat
1 71 -10 -72 20 1 0 0 0 1 0 0 0 1 3794b.dat
1 71 -10 -72 -80 1 0 0 0 1 0 0 0 1 3794b.dat
1 71 120 -104 -70 0 0 -1 0 1 0 1 0 0 3794b.dat
1 71 120 -104 10 0 0 -1 0 1 0 1 0 0 3794b.dat
1 71 60 -24 70 0 0 -1 0 1 0 1 0 0 3710.dat
1 320 60 -16 70 0 0 -1 0 1 0 1 0 0 3710.dat
1 320 60 -32 50 0 0 -1 0 1 0 1 0 0 3023.dat
1 72 -10 -24 20 -1 0 0 0 1 0 0 0 -1 2458.dat
1 72 -10 -24 -80 1 0 0 0 1 0 0 0 1 2458.dat
1 72 -250 40 -30 0 0 1 0 1 0 -1 0 0 3032.dat
1 72 -40 -16 -30 0 0 1 0 1 0 -1 0 0 3666.dat
1 72 20 -16 -30 0 0 1 0 1 0 -1 0 0 3666.dat
1 43 -40 -24 20 0 0 1 0 1 0 -1 0 0 4073.dat
1 43 20 -24 20 0 0 1 0 1 0 -1 0 0 4073.dat
1 43 -40 -24 -80 0 0 1 0 1 0 -1 0 0 4073.dat
1 43 100 -24 -100 0 0 1 0 1 0 -1 0 0 4073.dat
1 43 100 -24 40 0 0 1 0 1 0 -1 0 0 4073.dat
1 43 60 -16 20 0 0 1 0 1 0 -1 0 0 4073.dat
1 43 60 -16 -80 0 0 1 0 1 0 -1 0 0 4073.dat
1 43 -360 -16 20 0 0 1 0 1 0 -1 0 0 4073.dat
1 43 -360 -16 -80 0 0 1 0 1 0 -1 0 0 4073.dat
1 43 -320 -16 20 0 0 1 0 1 0 -1 0 0 4073.dat
1 43 -320 -16 -80 0 0 1 0 1 0 -1 0 0 4073.dat
1 43 20 -24 -80 0 0 1 0 1 0 -1 0 0 4073.dat
1 43 120 -64 -140 0 0 1 0 1 0 -1 0 0 4073.dat
1 43 120 -64 80 0 0 1 0 1 0 -1 0 0 4073.dat
1 43 60 -72 60 0 0 1 0 1 0 -1 0 0 4073.dat
1 43 120 -88 20 0 0 1 0 1 0 -1 0 0 4073.dat
1 43 120 -88 -80 0 0 1 0 1 0 -1 0 0 4073.dat
1 43 60 -72 -120 0 0 1 0 1 0 -1 0 0 4073.dat
1 72 -350 40 -30 0 0 1 0 1 0 -1 0 0 3795.dat
1 71 90 16 -80 -1 0 0 0 1 0 0 0 -1 2730.dat
1 71 130 -32 -80 -1 0 0 0 1 0 0 0 -1 4864b.dat
1 71 170 -32 -80 -1 0 0 0 1 0 0 0 -1 4864b.dat
1 71 170 -32 20 1 0 0 0 1 0 0 0 1 4864b.dat
1 71 130 -32 20 1 0 0 0 1 0 0 0 1 4864b.dat
1 71 200 -32 20 0 0 -1 0 1 0 1 0 0 2449.dat
1 71 200 -32 -80 0 0 -1 0 1 0 1 0 0 2449.dat
1 71 220 -40 -80 0 0 -1 0 1 0 1 0 0 3024.dat
1 71 220 -40 20 0 0 -1 0 1 0 1 0 0 3024.dat
1 71 -270 -64 -80 1 0 0 0 1 0 0 0 1 2730.dat
1 71 -170 -14 -60 0 0 -1 -1 0 0 0 1 0 64179.dat
1 71 -170 -14 0 0 0 -1 -1 0 0 0 1 0 64179.dat
1 72 -30 -64 -80 1 0 0 0 1 0 0 0 1 32018.dat
1 72 30 -64 -80 1 0 0 0 1 0 0 0 1 85984.dat
1 72 30 -64 20 -1 0 0 0 1 0 0 0 -1 85984.dat
1 72 -50 -64 -80 1 0 0 0 1 0 0 0 1 85984.dat
1 72 -50 -64 20 -1 0 0 0 1 0 0 0 -1 85984.dat
1 72 60 -56 -130 0 0 -1 0 1 0 1 0 0 3701.dat
1 0 80 -64 -160 1 0 0 0 1 0 0 0 1 2450.dat
1 71 90 -64 -110 1 0 0 0 1 0 0 0 1 3020.dat
1 71 90 -64 50 1 0 0 0 1 0 0 0 1 3020.dat
1 320 120 -64 -30 0 0 -1 0 1 0 1 0 0 3666.dat
1 0 80 -64 100 0 0 -1 0 1 0 1 0 0 2450.dat
1 72 60 -56 70 0 0 -1 0 1 0 1 0 0 3701.dat
1 72 60 -56 120 0 0 -1 0 1 0 1 0 0 3062b.dat
1 72 60 -56 -180 0 0 -1 0 1 0 1 0 0 3062b.dat
0 MLCAD BTG Group name4
1 71 -118.419 -98.061 -60 -0.336274 0 -0.941764 -0.941764 0 0.336274 0 1 0 32316.dat
0 MLCAD BTG Group name4
1 71 -118.419 -98.061 0 -0.336274 0 -0.941764 -0.941764 0 0.336274 0 1 0 32316.dat
0 GROUP 2 Group name4
0 MLCAD BTG Group name2
1 72 -193.046 -69.307 -40 0.382683 0 0.92388 0.92388 0 -0.382683 0 1 0 32316.dat
0 MLCAD BTG Group name2
1 72 -193.046 -69.307 -20 0.382683 0 0.92388 0.92388 0 -0.382683 0 1 0 32316.dat
1 72 -30 -64 20 1 0 0 0 1 0 0 0 1 32018.dat
1 72 120 -56 -30 0 0 -1 0 1 0 1 0 0 32018.dat
1 72 150 -64 20 -1 0 0 0 1 0 0 0 -1 2877.dat
0 MLCAD BTG 2
1 71 180 -64 -30 0 0 1 0 1 0 -1 0 0 2877.dat
0 GROUP 4 2
1 72 150 -64 -80 1 0 0 0 1 0 0 0 1 2877.dat
1 71 -270 -64 20 1 0 0 0 1 0 0 0 1 2730.dat
1 71 100 -8 -30 0 0 1 0 1 0 -1 0 0 2730.dat
1 71 -340 -6.676 31.979 0 -1 0 0.901077 0 0.433659 -0.433659 0 0.901077 32348.dat
0 MLCAD BTG Group name
1 71 -156.18 -34.979 -20 0.951057 0 0.309017 0.309017 0 -0.951057 0 1 0 32348.dat
0 MLCAD BTG Group name
1 71 -156.18 -34.979 -40 0.951057 0 0.309017 0.309017 0 -0.951057 0 1 0 32348.dat
1 71 -340 -6.738 -92.009 0 1 0 0.899558 0 0.436802 0.436802 0 -0.899558 32348.dat
1 71 80 -6.676 31.979 0 -1 0 0.901077 0 0.433659 -0.433659 0 0.901077 32348.dat
1 71 80 -6.738 -92.009 0 1 0 0.899558 0 0.436802 0.436802 0 -0.899558 32348.dat
1 71 -320 -8 -30 0 0 1 0 1 0 -1 0 0 2730.dat
1 320 -320 -16 -110 0 0 1 0 1 0 -1 0 0 3023.dat
1 320 -320 -16 50 0 0 1 0 1 0 -1 0 0 3023.dat
1 320 -320 -72 -110 0 0 1 0 1 0 -1 0 0 3023.dat
1 320 -320 -72 50 0 0 1 0 1 0 -1 0 0 3023.dat
1 0 -320 -64 50 0 0 1 0 1 0 -1 0 0 3245a.dat
1 0 -320 -64 -110 0 0 1 0 1 0 -1 0 0 3245a.dat
1 71 -10 40 -30 -1 0 0 0 1 0 0 0 -1 3022.dat
1 320 70 40 -80 -1 0 0 0 1 0 0 0 -1 3023.dat
1 320 60 89 -154 0 0 1 0 1 0 -1 0 0 3023.dat
1 320 100 89 -154 0 0 1 0 1 0 -1 0 0 3023.dat
1 72 -320 81 -154 0 0 1 0 1 0 -1 0 0 32530.dat
1 72 -360 81 -154 0 0 1 0 1 0 -1 0 0 32530.dat
1 320 -360 89 -154 0 0 1 0 1 0 -1 0 0 3023.dat
1 320 -320 89 -154 0 0 1 0 1 0 -1 0 0 3023.dat
1 72 -320 81 94 0 0 1 0 1 0 -1 0 0 32530.dat
1 72 -360 81 94 0 0 1 0 1 0 -1 0 0 32530.dat
1 320 -360 89 94 0 0 1 0 1 0 -1 0 0 3023.dat
1 320 -320 89 94 0 0 1 0 1 0 -1 0 0 3023.dat
1 320 -330 96 114 0 0 -1 0 1 0 1 0 0 30503.dat
1 320 -330 96 -174 1 0 0 0 1 0 0 0 1 30503.dat
1 320 90 96 -174 1 0 0 0 1 0 0 0 1 30503.dat
1 320 90 96 114 0 0 -1 0 1 0 1 0 0 30503.dat
1 72 100 81 94 0 0 1 0 1 0 -1 0 0 32530.dat
1 72 60 81 94 0 0 1 0 1 0 -1 0 0 32530.dat
1 320 60 89 94 0 0 1 0 1 0 -1 0 0 3023.dat
1 320 100 89 94 0 0 1 0 1 0 -1 0 0 3023.dat
1 320 130 32 -30 -1 0 0 0 1 0 0 0 -1 3068b.dat
1 320 90 16 -30 -1 0 0 0 1 0 0 0 -1 Box.ldr
1 320 70 40 20 -1 0 0 0 1 0 0 0 -1 3023.dat
1 0 -10 16 -40 -1 0 0 0 1 0 0 0 -1 3894.dat
1 1 30 26 -60 0 0 -1 0 1 0 1 0 0 6558.dat
1 1 -50 26 -60 0 0 -1 0 1 0 1 0 0 6558.dat
1 1 -230 -54 -60 0 -0.92388 -0.382683 0 0.382683 -0.92388 1 0 0 6558.dat
1 1 -150 -54 -60 0 -0.309017 -0.951057 0 0.951057 -0.309017 1 0 0 6558.dat
1 1 -150 -54 0 0 0 1 0 1 0 -1 0 0 6558.dat
1 1 -230 -54 0 0 0 1 0 1 0 -1 0 0 6558.dat
1 1 -340 2 -110 1 0 0 0 1 0 0 0 1 6558.dat
1 1 -340 2 50 1 0 0 0 1 0 0 0 1 6558.dat
1 1 80 2 -110 1 0 0 0 0.899558 -0.436802 0 0.436802 0.899558 6558.dat
1 1 80.45 58.863 -153.757 1 0 0 0 0.899558 -0.436802 0 0.436802 0.899558 6558.dat
1 1 80.45 58.863 94.243 1 0 0 0 0.899558 -0.436802 0 0.436802 0.899558 6558.dat
1 1 -339.55 58.863 -153.757 1 0 0 0 0.899558 -0.436802 0 0.436802 0.899558 6558.dat
1 1 -339.55 58.863 94.243 1 0 0 0 0.899558 -0.436802 0 0.436802 0.899558 6558.dat
1 1 80 2 50 1 0 0 0 0.901077 0.433659 0 -0.433659 0.901077 6558.dat
1 0 10 26 -70 0 0 -1 0 1 0 1 0 0 2780.dat
1 0 -30 26 -70 0 0 -1 0 1 0 1 0 0 2780.dat
1 0 -230 26 -30 0 0 -1 0 1 0 1 0 0 3707.dat
1 0 -110 26 -80 0 0 -1 0 1 0 1 0 0 32054.dat
1 0 -110 26 20 0 0 -1 0 -1 0 -1 0 0 32054.dat
1 71 -230 26 -100 -1 0 0 0 1 0 0 0 -1 3713.dat
1 71 -230 26 40 -1 0 0 0 1 0 0 0 -1 3713.dat
1 0 90 26 10 0 0 1 0 1 0 -1 0 0 2780.dat
1 0 90 26 -70 0 0 -1 0 1 0 1 0 0 2780.dat
1 0 70 26 10 0 0 1 0 1 0 -1 0 0 2780.dat
1 0 70 26 -70 0 0 -1 0 1 0 1 0 0 2780.dat
1 0 -330 26 -50 0 0 -1 0 1 0 1 0 0 2780.dat
1 0 -330 -54 -70 0 0 -1 0 1 0 1 0 0 2780.dat
1 0 -190 -54 -70 0 0 -1 0 1 0 1 0 0 2780.dat
0 MLCAD BTG Group name2
1 0 -193.046 -69.307 -30 0 -0.92388 -0.382683 0 0.382683 -0.92388 1 0 0 2780.dat
0 GROUP 3 Group name2
0 MLCAD BTG Group name3
1 71 -156.09 -84.615 -50 0 0.941764 0.336274 0 -0.336274 0.941764 1 0 0 3673.dat
0 MLCAD BTG Group name
1 19 -80.863 -111.448 -50 0 0.951057 -0.309017 0 0.309017 0.951057 1 0 0 3749.dat
0 MLCAD BTG Group name
1 19 -80.863 -111.448 -10 0 -0.951057 -0.309017 0 -0.309017 0.951057 -1 0 0 3749.dat
0 MLCAD BTG Group name3
1 71 -156.09 -84.615 -10 0 0.336274 -0.941764 0 0.941764 0.336274 1 0 0 3673.dat
0 GROUP 2 Group name3
1 0 -190 -54 10 0 0 -1 0 1 0 1 0 0 2780.dat
1 0 -110 -54 10 0 0 -1 0 1 0 1 0 0 2780.dat
1 0 -110 -54 -70 0 0 -1 0 1 0 1 0 0 2780.dat
0 MLCAD BTG Group name
1 0 -99.789 -104.979 -30 0 -0.309017 -0.951057 0 0.951057 -0.309017 1 0 0 2780.dat
0 GROUP 5 Group name
1 0 -350 -54 -70 0 0 -1 0 1 0 1 0 0 2780.dat
1 0 -330 -54 10 0 0 -1 0 1 0 1 0 0 2780.dat
1 0 -350 -54 10 0 0 -1 0 1 0 1 0 0 2780.dat
1 0 90 -54 10 0 0 -1 0 1 0 1 0 0 2780.dat
1 0 70 -54 10 0 0 -1 0 1 0 1 0 0 2780.dat
1 0 90 -54 -70 0 0 -1 0 1 0 1 0 0 2780.dat
1 0 70 -54 -70 0 0 -1 0 1 0 1 0 0 2780.dat
1 0 -370 2 -130 1 0 0 0 1 0 0 0 1 2780.dat
1 0 -370 2 70 1 0 0 0 1 0 0 0 1 2780.dat
1 0 -290 -54 -90 0 0 -1 0 1 0 1 0 0 2780.dat
1 0 -130 -54 -90 0 0 -1 0 1 0 1 0 0 2780.dat
1 0 -290 -54 30 0 0 -1 0 1 0 1 0 0 2780.dat
1 0 -130 -54 30 0 0 -1 0 1 0 1 0 0 2780.dat
1 0 -350 2 90 -1 0 0 0 1 0 0 0 -1 6628.dat
1 0 -350 2 -150 -1 0 0 0 1 0 0 0 -1 6628.dat
1 0 70 2 90 -1 0 0 0 1 0 0 0 -1 6628.dat
1 0 70 2 -150 -1 0 0 0 1 0 0 0 -1 6628.dat
1 0 -340 -34 0 1 0 0 0 1 0 0 0 1 32062.dat
1 0 -350 26 -50 0 0 -1 0 1 0 1 0 0 2780.dat
1 0 -330 26 -10 0 0 -1 0 1 0 1 0 0 2780.dat
1 0 -350 26 -10 0 0 -1 0 1 0 1 0 0 2780.dat
1 0 -10 26 -30 0 0 1 0 1 0 -1 0 0 2780.dat
1 4 -340 -34 -60 -1 0 0 0 0 1 0 1 0 41678.dat
1 0 -340 -34 -60 1 0 0 0 1 0 0 0 1 32062.dat
1 4 80 -34 -60 -1 0 0 0 0 1 0 1 0 41678.dat
1 0 80 -34 -60 1 0 0 0 1 0 0 0 1 32062.dat
1 4 80 -34 0 -1 0 0 0 0 1 0 1 0 41678.dat
1 0 80 -34 0 1 0 0 0 1 0 0 0 1 32062.dat
0 
0
0 FILE Part 2.ldr
0 Part 2
0 Name: Part 2.ldr
0 Author: R Paluczak
0 Unofficial Model
0 ROTATION CENTER 0 0 0 1 "Custom" 
0 ROTATION CONFIG 0 0
1 71 -50 8 0 -1 0 0 0 1 0 0 0 -1 30355.dat
1 71 -50 -32 0 -1 0 0 0 1 0 0 0 -1 30355.dat
1 72 -60 0 0 -1 0 0 0 1 0 0 0 -1 47397.dat
1 72 -60 -24 -40 -1 0 0 0 1 0 0 0 -1 54384.dat
1 320 -60 -40 -20 -1 0 0 0 1 0 0 0 -1 54384.dat
1 320 -50 -40 -90 -1 0 0 0 1 0 0 0 -1 2431.dat
1 320 -50 -40 -110 -1 0 0 0 1 0 0 0 -1 2431.dat
1 320 -20 -40 -20 0 0 1 0 1 0 -1 0 0 2431.dat
1 320 -20 -40 -70 0 0 1 0 1 0 -1 0 0 3070b.dat
1 72 -50 -8 -40 -1 0 0 0 1 0 0 0 -1 4032b.dat
1 72 -50 -16 -40 -1 0 0 0 1 0 0 0 -1 4032b.dat
1 43 -40 -16 -10 -1 0 0 0 1 0 0 0 -1 4073.dat
1 43 -40 -16 10 -1 0 0 0 1 0 0 0 -1 4073.dat
1 43 -40 -8 -10 -1 0 0 0 1 0 0 0 -1 4073.dat
1 43 -40 -8 10 -1 0 0 0 1 0 0 0 -1 4073.dat
1 72 -20 -24 -110 -1 0 0 0 1 0 0 0 -1 3062b.dat
1 72 0 16 110 -1 0 0 0 1 0 0 0 -1 3062b.dat
1 72 0 16 50 -1 0 0 0 1 0 0 0 -1 3062b.dat
1 72 0 16 80 0 0 1 0 1 0 -1 0 0 3747b.dat
1 72 0 16 20 0 0 1 0 1 0 -1 0 0 3747b.dat
1 72 0 16 -10 -1 0 0 0 1 0 0 0 -1 3062b.dat
1 72 0 16 -40 0 0 1 0 1 0 -1 0 0 3747b.dat
1 72 0 16 -70 -1 0 0 0 1 0 0 0 -1 3062b.dat
1 72 0 16 -100 0 0 1 0 1 0 -1 0 0 3747b.dat
1 71 -70 16 -80 0 0 1 0 1 0 -1 0 0 6143.dat
1 72 -70 40 -80 0 0 1 0 1 0 -1 0 0 2654.dat
1 72 -60 -24 -110 -1 0 0 0 1 0 0 0 -1 3622.dat
1 72 -74 -14 50 0 1 0 0 0 1 1 0 0 3622.dat
1 72 -82 -14 40 0 1 0 0 0 1 1 0 0 2431.dat
1 72 -40 -16 -80 0 0 1 0 1 0 -1 0 0 47457.dat
1 71 0 -24 20 0 0 1 0 1 0 -1 0 0 2730.dat
1 0 -40 -24 60 0 0 1 0 1 0 -1 0 0 30414.dat
1 71 0 -24 -100 0 0 1 0 1 0 -1 0 0 2877.dat
1 320 -10 0 110 -1 0 0 0 1 0 0 0 -1 3023.dat
1 320 -10 0 -110 -1 0 0 0 1 0 0 0 -1 3023.dat
1 19 0 0 0 0 0 1 0 1 0 -1 0 0 4477.dat
1 320 0 40 -60 0 0 1 0 1 0 -1 0 0 3666.dat
1 320 0 40 60 0 0 1 0 1 0 -1 0 0 3666.dat
1 320 -30 48 80 0 0 1 0 1 0 -1 0 0 30503.dat
0
0 FILE part 3.ldr
0 Part 3
0 Name: part 3.ldr
0 Author: R Paluczak
0 Unofficial Model
0 ROTATION CENTER 0 0 0 1 "Custom" 
0 ROTATION CONFIG 0 0
1 71 140 8 0 -1 0 0 0 1 0 0 0 -1 30356.dat
1 71 140 -32 0 -1 0 0 0 1 0 0 0 -1 30356.dat
1 72 150 0 0 -1 0 0 0 1 0 0 0 -1 47398.dat
1 72 150 -24 -40 -1 0 0 0 1 0 0 0 -1 54383.dat
1 320 150 -40 -20 -1 0 0 0 1 0 0 0 -1 54383.dat
1 320 130 -124 -90 -1 0 0 0 1 0 0 0 -1 3062b.dat
1 320 150 -90 -80 -1 0 0 0 0 1 0 1 0 3960.dat
1 320 130 -148 -90 -1 0 0 0 1 0 0 0 -1 3062b.dat
1 320 140 -40 -110 -1 0 0 0 1 0 0 0 -1 2431.dat
1 320 160 -40 -90 -1 0 0 0 1 0 0 0 -1 3069b.dat
1 72 110 -40 -90 1 0 0 0 1 0 0 0 1 2420.dat
1 320 110 -64 -90 -1 0 0 0 1 0 0 0 -1 3040b.dat
1 0 110 -72 -90 0 0 -1 0 1 0 1 0 0 4085c.dat
1 0 110 -80 -90 0 0 -1 0 1 0 1 0 0 4085c.dat
1 0 130 -48 -90 0 0 -1 0 1 0 1 0 0 3957a.dat
1 0 130 -90 -90 0 1 0 -1 0 0 0 0 1 6536.dat
1 320 110 -40 -20 0 0 1 0 1 0 -1 0 0 2431.dat
1 72 140 -8 -40 -1 0 0 0 1 0 0 0 -1 4032b.dat
1 72 140 -16 -40 -1 0 0 0 1 0 0 0 -1 4032b.dat
1 43 130 -16 -10 -1 0 0 0 1 0 0 0 -1 4073.dat
1 43 130 -16 10 -1 0 0 0 1 0 0 0 -1 4073.dat
1 43 130 -8 -10 -1 0 0 0 1 0 0 0 -1 4073.dat
1 43 130 -8 10 -1 0 0 0 1 0 0 0 -1 4073.dat
1 72 110 -24 -110 -1 0 0 0 1 0 0 0 -1 3062b.dat
1 72 90 16 110 -1 0 0 0 1 0 0 0 -1 3062b.dat
1 72 90 16 50 -1 0 0 0 1 0 0 0 -1 3062b.dat
1 72 90 16 80 0 0 -1 0 1 0 1 0 0 3747b.dat
1 72 90 16 20 0 0 -1 0 1 0 1 0 0 3747b.dat
1 72 90 16 -10 -1 0 0 0 1 0 0 0 -1 3062b.dat
1 72 90 16 -40 0 0 -1 0 1 0 1 0 0 3747b.dat
1 72 90 16 -70 -1 0 0 0 1 0 0 0 -1 3062b.dat
1 72 90 16 -100 0 0 -1 0 1 0 1 0 0 3747b.dat
1 71 160 16 -80 0 0 1 0 1 0 -1 0 0 6143.dat
1 72 160 40 -80 0 0 1 0 1 0 -1 0 0 2654.dat
1 72 150 -24 -110 -1 0 0 0 1 0 0 0 -1 3622.dat
1 72 164 -14 50 0 -1 0 0 0 -1 1 0 0 3622.dat
1 72 172 -14 40 0 -1 0 0 0 -1 1 0 0 2431.dat
1 72 130 -16 -80 0 0 -1 0 1 0 1 0 0 47457.dat
1 71 90 -24 20 0 0 1 0 1 0 -1 0 0 2730.dat
1 0 130 -24 60 0 0 -1 0 1 0 1 0 0 30414.dat
1 71 90 -24 -100 0 0 1 0 1 0 -1 0 0 2877.dat
1 320 100 0 110 -1 0 0 0 1 0 0 0 -1 3023.dat
1 320 100 0 -110 -1 0 0 0 1 0 0 0 -1 3023.dat
1 19 90 0 0 0 0 1 0 1 0 -1 0 0 4477.dat
1 320 90 40 -60 0 0 1 0 1 0 -1 0 0 3666.dat
1 320 90 40 60 0 0 1 0 1 0 -1 0 0 3666.dat
1 320 120 48 80 1 0 0 0 1 0 0 0 1 30503.dat
0
0 FILE Part 4.ldr
0 Part 4
0 Name: Part 4.ldr
0 Author: R Paluczak
0 Unofficial Model
0 ROTATION CENTER 0 0 0 1 "Custom" 
0 ROTATION CONFIG 0 0
1 72 -20 32 0 1 0 0 0 1 0 0 0 1 3958.dat
1 320 30 40 0 1 0 0 0 1 0 0 0 1 52501.dat
1 0 30 48 -20 0 0 1 0 1 0 -1 0 0 48336.dat
1 0 10 40 0 1 0 0 0 1 0 0 0 1 Part 5.ldr
1 0 30 48 20 0 0 1 0 1 0 -1 0 0 48336.dat
1 71 30 40 0 0 0 1 0 1 0 -1 0 0 3710.dat
1 72 20 32 -160 0 0 -1 0 1 0 1 0 0 3832.dat
1 72 -20 32 -240 0 0 -1 0 1 0 1 0 0 2654.dat
1 72 -20 32 240 0 0 -1 0 1 0 1 0 0 2654.dat
1 72 -60 32 140 0 0 -1 0 1 0 1 0 0 2654.dat
1 72 -60 32 -140 0 0 -1 0 1 0 1 0 0 2654.dat
1 72 20 32 160 0 0 -1 0 1 0 1 0 0 3832.dat
1 71 -20 24 20 1 0 0 0 1 0 0 0 1 3795.dat
1 71 -80 -40 20 1 0 0 0 1 0 0 0 1 3022.dat
1 71 -80 -40 -20 1 0 0 0 1 0 0 0 1 3022.dat
1 71 40 -48 220 1 0 0 0 1 0 0 0 1 3022.dat
1 71 40 -48 -220 1 0 0 0 1 0 0 0 1 3022.dat
1 46 -108 -22 -20 0 1 0 0 0 1 1 0 0 3069b.dat
1 46 -108 -22 20 0 1 0 0 0 1 1 0 0 3069b.dat
1 71 -40 24 160 -1 0 0 0 1 0 0 0 -1 30355.dat
1 71 -40 16 160 -1 0 0 0 1 0 0 0 -1 2460.dat
1 71 -40 16 -160 -1 0 0 0 1 0 0 0 -1 2460.dat
1 71 40 -64 -220 -1 0 0 0 1 0 0 0 -1 87580.dat
1 71 40 -64 220 -1 0 0 0 1 0 0 0 -1 87580.dat
1 71 -40 24 -160 1 0 0 0 1 0 0 0 1 30356.dat
1 71 20 0 -230 1 0 0 0 1 0 0 0 1 98287.dat
1 71 20 0 230 -1 0 0 0 1 0 0 0 -1 98287.dat
1 0 20 -24 -268 -1 0 0 0 0 1 0 1 0 61485.dat
1 0 72 -16 -190 0 -1 0 -1 0 0 0 0 -1 44822.dat
1 0 122.548 -106 -193.535 0 -0.707107 -0.707107 -1 0 0 0 0.707107 -0.707107 Part 7.ldr
1 0 72 -16 190 0 -1 0 -1 0 0 0 0 -1 44822.dat
1 0 122.548 74 193.535 0 -0.707107 -0.707107 1 0 0 0 -0.707107 0.707107 Part 6.ldr
1 0 72 -46 240 0 -1 0 0 0 1 -1 0 0 3743.dat
1 0 72 -26 240 0 -1 0 0 0 1 -1 0 0 3743.dat
1 0 72 -6 240 0 -1 0 0 0 1 -1 0 0 3743.dat
1 0 72 14 240 0 -1 0 0 0 1 -1 0 0 3743.dat
1 0 72 -46 -240 0 -1 0 0 0 1 -1 0 0 3743.dat
1 0 72 -26 -240 0 -1 0 0 0 1 -1 0 0 3743.dat
1 0 72 -6 -240 0 -1 0 0 0 1 -1 0 0 3743.dat
1 0 72 14 -240 0 -1 0 0 0 1 -1 0 0 3743.dat
1 0 20 -24 268 1 0 0 0 0 1 0 -1 0 61485.dat
1 71 -20 24 -20 1 0 0 0 1 0 0 0 1 3795.dat
1 71 40 24 -220 0 0 -1 0 1 0 1 0 0 3795.dat
1 71 40 24 220 0 0 -1 0 1 0 1 0 0 3795.dat
1 71 30 0 100 0 0 -1 0 1 0 1 0 0 2730.dat
1 71 50 -16 180 0 0 -1 0 1 0 1 0 0 3023.dat
1 71 50 -16 -180 0 0 -1 0 1 0 1 0 0 3023.dat
1 72 10 -16 -230 -1 0 0 0 1 0 0 0 -1 3623.dat
1 72 10 -16 230 -1 0 0 0 1 0 0 0 -1 3623.dat
1 72 50 -16 220 0 0 -1 0 1 0 1 0 0 93274.dat
1 72 50 -16 -220 0 0 -1 0 1 0 1 0 0 93274.dat
1 72 50 -56 220 0 0 -1 0 1 0 1 0 0 93274.dat
1 72 50 -56 -220 0 0 -1 0 1 0 1 0 0 93274.dat
1 71 30 -32 50 0 0 -1 0 1 0 1 0 0 3622.dat
1 72 30 -56 0 0 0 -1 0 1 0 1 0 0 3010.dat
1 72 30 -56 70 0 0 -1 0 1 0 1 0 0 3062b.dat
1 72 50 -40 230 0 0 -1 0 1 0 1 0 0 3062b.dat
1 72 50 -40 -230 0 0 -1 0 1 0 1 0 0 3062b.dat
1 71 50 -40 210 1 0 0 0 1 0 0 0 1 4286.dat
1 71 30 -40 230 0 0 1 0 1 0 -1 0 0 4286.dat
1 71 30 -40 -230 0 0 1 0 1 0 -1 0 0 4286.dat
1 71 50 -40 -210 -1 0 0 0 1 0 0 0 -1 4286.dat
1 72 30 -56 -70 0 0 -1 0 1 0 1 0 0 3062b.dat
1 71 30 -32 -50 0 0 -1 0 1 0 1 0 0 3622.dat
1 71 -20 -56 -50 -1 0 0 0 1 0 0 0 -1 3455.dat
1 71 -110 -32 -50 -1 0 0 0 1 0 0 0 -1 3005.dat
1 71 -110 -32 50 -1 0 0 0 1 0 0 0 -1 3005.dat
1 71 -20 -56 50 -1 0 0 0 1 0 0 0 -1 3455.dat
1 71 -90 -64 50 0 0 1 0 1 0 -1 0 0 6091.dat
1 71 -90 -64 -50 0 0 1 0 1 0 -1 0 0 6091.dat
1 71 -50 -80 0 0 0 1 0 1 0 -1 0 0 47457.dat
1 71 -70 -80 50 0 0 1 0 1 0 -1 0 0 50950.dat
1 71 -70 -80 -50 0 0 1 0 1 0 -1 0 0 50950.dat
1 71 -70 -32 -40 0 0 -1 0 1 0 1 0 0 2877.dat
1 71 -70 -32 40 0 0 -1 0 1 0 1 0 0 2877.dat
1 71 30 0 -100 0 0 -1 0 1 0 1 0 0 2730.dat
1 72 50 0 -180 0 0 -1 0 1 0 1 0 0 2877.dat
1 72 50 0 180 0 0 -1 0 1 0 1 0 0 2877.dat
1 320 30 24 100 0 0 -1 0 1 0 1 0 0 3666.dat
1 320 30 24 -100 0 0 -1 0 1 0 1 0 0 3666.dat
1 320 30 -8 0 0 0 -1 0 1 0 1 0 0 3666.dat
1 320 -50 -64 0 0 0 -1 0 1 0 1 0 0 3666.dat
1 320 -30 -56 10 0 0 -1 0 1 0 1 0 0 54200.dat
1 320 -30 -56 -10 0 0 -1 0 1 0 1 0 0 54200.dat
1 320 30 -56 -10 0 0 1 0 1 0 -1 0 0 54200.dat
1 320 30 -56 10 0 0 1 0 1 0 -1 0 0 54200.dat
1 43 30 -8 70 0 0 -1 0 1 0 1 0 0 4073.dat
1 43 30 -8 -70 0 0 -1 0 1 0 1 0 0 4073.dat
1 43 30 -56 -230 0 0 -1 0 1 0 1 0 0 4073.dat
1 43 30 -56 -210 0 0 -1 0 1 0 1 0 0 4073.dat
1 43 30 -56 210 0 0 -1 0 1 0 1 0 0 4073.dat
1 43 30 -56 230 0 0 -1 0 1 0 1 0 0 4073.dat
1 43 40 -32 0 0 0 -1 0 1 0 1 0 0 6143.dat
1 320 20 16 210 -1 0 0 0 1 0 0 0 -1 3710.dat
1 320 20 16 240 -1 0 0 0 1 0 0 0 -1 3020.dat
1 320 20 16 -210 -1 0 0 0 1 0 0 0 -1 3710.dat
1 320 20 16 -240 -1 0 0 0 1 0 0 0 -1 3020.dat
1 72 0 8 -230 0 0 1 0 1 0 -1 0 0 3021.dat
1 72 -80 -8 -30 0 0 1 0 1 0 -1 0 0 3021.dat
1 72 -80 -8 30 0 0 1 0 1 0 -1 0 0 3021.dat
1 72 40 8 -230 0 0 1 0 1 0 -1 0 0 3021.dat
1 72 0 8 230 0 0 1 0 1 0 -1 0 0 3021.dat
1 72 40 8 230 0 0 1 0 1 0 -1 0 0 3021.dat
1 320 40 16 -280 -1 0 0 0 1 0 0 0 -1 3068b.dat
1 320 0 16 -280 -1 0 0 0 1 0 0 0 -1 3068b.dat
1 320 20 -8 -200 -1 0 0 0 1 0 0 0 -1 30503.dat
1 320 20 -8 200 0 0 1 0 1 0 -1 0 0 30503.dat
1 320 -30 16 -260 0 0 1 0 1 0 -1 0 0 2431.dat
1 320 -70 16 -120 0 0 1 0 1 0 -1 0 0 2431.dat
1 320 -70 16 120 0 0 1 0 1 0 -1 0 0 2431.dat
1 320 -90 16 80 0 0 1 0 1 0 -1 0 0 3069b.dat
1 320 -90 16 -80 0 0 1 0 1 0 -1 0 0 3069b.dat
1 320 -70 0 50 -1 0 0 0 1 0 0 0 -1 3040b.dat
1 320 -70 0 -50 1 0 0 0 1 0 0 0 1 3040b.dat
1 320 10 16 120 0 0 1 0 1 0 -1 0 0 3023.dat
1 320 10 16 -120 0 0 1 0 1 0 -1 0 0 3023.dat
1 15 -50 0 120 0 0 -1 0 1 0 1 0 0 93095.dat
1 15 -50 0 -120 0 0 -1 0 1 0 1 0 0 93095.dat
1 320 -30 16 260 0 0 1 0 1 0 -1 0 0 2431.dat
1 320 40 16 280 -1 0 0 0 1 0 0 0 -1 3068b.dat
1 320 0 16 280 -1 0 0 0 1 0 0 0 -1 3068b.dat
1 320 -40 16 200 -1 0 0 0 1 0 0 0 -1 3068b.dat
1 72 -20 16 120 -1 0 0 0 1 0 0 0 -1 3068b.dat
1 72 -70 0 20 0 0 1 0 1 0 -1 0 0 3660.dat
1 72 -70 0 -20 0 0 1 0 1 0 -1 0 0 3660.dat
1 72 -70 -32 0 0 0 -1 0 1 0 1 0 0 3660.dat
1 72 -50 -56 0 0 0 -1 0 1 0 1 0 0 3660.dat
1 72 -70 -64 0 0 0 1 0 1 0 -1 0 0 3037.dat
1 72 -90 -32 0 0 0 1 0 1 0 -1 0 0 30414.dat
1 71 -90 0 -50 0 0 1 0 1 0 -1 0 0 3665.dat
1 71 -110 -8 -50 0 0 1 0 1 0 -1 0 0 3024.dat
1 71 -110 -8 50 0 0 1 0 1 0 -1 0 0 3024.dat
1 46 -90 -16 50 0 0 1 0 1 0 -1 0 0 98138.dat
1 46 -90 -16 -50 0 0 1 0 1 0 -1 0 0 98138.dat
1 46 30 -64 70 0 0 1 0 1 0 -1 0 0 98138.dat
1 46 30 -64 -70 0 0 1 0 1 0 -1 0 0 98138.dat
1 71 -90 0 50 0 0 1 0 1 0 -1 0 0 3665.dat
1 72 10 16 120 0 0 1 0 1 0 -1 0 0 85984.dat
1 72 10 16 -120 0 0 1 0 1 0 -1 0 0 85984.dat
1 72 -20 16 -120 -1 0 0 0 1 0 0 0 -1 3068b.dat
1 320 -40 16 -200 -1 0 0 0 1 0 0 0 -1 3068b.dat
0
0 FILE Part 5.ldr
0 Part 5
0 Name: Part 5.ldr
0 Author: R Paluczak
0 Unofficial Model
0 ROTATION CENTER 0 0 0 1 "Custom" 
0 ROTATION CONFIG 0 0
1 72 -50 8 0 0 0 -1 0 1 0 1 0 0 47998.dat
1 72 -80 16 0 0 0 1 0 1 0 -1 0 0 99780.dat
1 72 -80 16 -30 0 0 1 0 1 0 -1 0 0 4073.dat
1 72 -80 16 30 0 0 1 0 1 0 -1 0 0 4073.dat
1 320 -80 8 0 1 0 0 0 1 0 0 0 1 52501.dat
1 320 -80 0 -50 1 0 0 0 1 0 0 0 1 3070b.dat
1 320 -80 0 50 1 0 0 0 1 0 0 0 1 3070b.dat
1 71 -50 0 0 0 0 -1 0 1 0 1 0 0 87580.dat
1 0 -40 0 30 -1 0 0 0 1 0 0 0 -1 63864.dat
1 0 -40 0 -30 -1 0 0 0 1 0 0 0 -1 63864.dat
0
0 FILE Jedi 1.ldr
0 Jedi 1
0 Name: Jedi 1.ldr
0 Author: R Paluczak
0 Unofficial Model
0 ROTATION CENTER 0 0 0 1 "Custom" 
0 ROTATION CONFIG 0 0
1 484 0 -24 0 1 0 0 0 1 0 0 0 1 3626bp01.dat
1 484 0 -24 0 1 0 0 0 1 0 0 0 1 92761.dat
1 70 0 0 0 1 0 0 0 1 0 0 0 1 973.dat
1 27 0 32 0 1 0 0 0 1 0 0 0 1 3815.dat
1 27 -15.552 9 0 0.985 -0.17 0 0.17 0.985 0 0 0 1 3818.dat
1 27 15.552 9 0 0.985 0.17 0 -0.17 0.985 0 0 0 1 3819.dat
1 70 -23.8634 26.5956 -10.321 0.985 -0.12019 0.12019 0.17 0.696395 -0.696395 0 0.707 0.707 3820.dat
1 70 23.8634 26.5956 -10.321 0.985 0.12019 -0.12019 -0.17 0.696395 -0.696395 0 0.707 0.707 3820.dat
1 43 -23.1951 22.7236 -33.8217 0.985 -0.0874983 0.14567 0.17 0.506976 -0.844031 0 0.856884 0.514696 577c01.dat
1 27 0 44 0 1 0 0 0 1 0 0 0 1 3816.dat
1 27 0 44 0 1 0 0 0 1 0 0 0 1 3817.dat
0
0 FILE Jedi 2.ldr
0 Jedi 2
0 Name: Jedi 2.ldr
0 Author: R Paluczak
0 Unofficial Model
0 ROTATION CENTER 0 0 0 1 "Custom" 
0 ROTATION CONFIG 0 0
1 15 0 -24 0 1 0 0 0 1 0 0 0 1 30381.dat
1 2 0 -24 0 1 0 0 0 1 0 0 0 1 3626bp01.dat
1 15 0 0 0 1 0 0 0 1 0 0 0 1 973.dat
1 71 0 32 0 1 0 0 0 1 0 0 0 1 3815.dat
1 15 -15.552 9 0 0.985 -0.17 0 0.15706 0.910021 -0.382683 0.0650562 0.376943 0.92388 3818.dat
1 15 15.552 9 0 0.985 0.17 0 -0.17 0.985 0 0 0 1 3819.dat
1 71 -23.863 29.206 -2.802 0.985 -0.12019 0.12019 0.15706 0.372828 -0.913942 0.0650562 0.919682 0.386684 3820.dat
1 71 23.8634 26.5956 -10.321 0.985 0.12019 -0.12019 -0.17 0.696395 -0.696395 0 0.707 0.707 3820.dat
1 34 -23.195 34.622 -25.995 0.985 -0.0874983 0.14567 0.15706 0.140469 -0.976748 0.0650562 0.985669 0.152521 577c02.dat
1 15 0 44 0 1 0 0 0 1 0 0 0 1 3816.dat
1 15 0 44 0 1 0 0 0 1 0 0 0 1 3817.dat
0
0 FILE Part 6.ldr
0 Part 6
0 Name: Part 6.ldr
0 Author: R Paluczak
0 Unofficial Model
0 ROTATION CENTER 0 0 0 1 "Custom" 
0 ROTATION CONFIG 0 0
1 72 -90 32 0 1 0 0 0 1 0 0 0 1 44570.dat
1 72 -90 24 0 1 0 0 0 1 0 0 0 1 87580.dat
1 43 -90 16 0 1 0 0 0 1 0 0 0 1 4073.dat
1 72 -120 32 -30 -1 0 0 0 1 0 0 0 -1 54200.dat
0
0 FILE Part 7.ldr
0 Part 7
0 Name: Part 7.ldr
0 Author: R Paluczak
0 Unofficial Model
0 ROTATION CENTER 0 0 0 1 "Custom" 
0 ROTATION CONFIG 0 0
1 72 -90 32 0 1 0 0 0 1 0 0 0 1 44570.dat
1 72 -90 24 0 1 0 0 0 1 0 0 0 1 87580.dat
1 43 -90 16 0 1 0 0 0 1 0 0 0 1 4073.dat
1 72 -60 32 -30 -1 0 0 0 1 0 0 0 -1 54200.dat
0
0 FILE Part 8.ldr
0 Part 8
0 Name: Part 8.ldr
0 Author: R Paluczak
0 Unofficial Model
0 ROTATION CENTER 0 0 0 1 "Custom" 
0 ROTATION CONFIG 0 0
1 0 -20 -0 0 1 0 0 0 1 0 0 0 1 87081.dat
1 320 -20 -8 0 1 0 0 0 1 0 0 0 1 60474.dat
1 320 -50 -8 10 0 0 1 0 1 0 -1 0 0 54200.dat
1 320 -50 -8 -10 0 0 1 0 1 0 -1 0 0 54200.dat
1 320 10 -8 -10 0 0 -1 0 1 0 1 0 0 54200.dat
1 320 10 -8 10 0 0 -1 0 1 0 1 0 0 54200.dat
1 72 -20 -32 -10 1 0 0 0 1 0 0 0 1 32000.dat
1 72 -20 -32 10 1 0 0 0 1 0 0 0 1 32000.dat
1 72 -20 -40 0 1 0 0 0 1 0 0 0 1 87580.dat
1 71 -30 -22 -20 0 0 1 0 1 0 -1 0 0 61184.dat
1 71 -30 -22 -123 0 0 1 -1 0 0 0 -1 0 63965.dat
1 72 -30 -22 -44 0 0 -1 -1 0 0 0 1 0 4589.dat
1 71 -30 -22 -127 0 0 1 0 -1 0 1 0 0 4274.dat
1 71 -10 -22 -20 0 0 1 0 1 0 -1 0 0 61184.dat
1 71 -10 -22 -123 0 0 1 -1 0 0 0 -1 0 63965.dat
1 72 -10 -22 -44 0 0 -1 -1 0 0 0 1 0 4589.dat
1 71 -10 -22 -127 0 0 1 0 -1 0 1 0 0 4274.dat
0
0 FILE Part 9.ldr
0 Part 9
0 Name: Part 9.ldr
0 Author: R Paluczak
0 Unofficial Model
0 ROTATION CENTER 0 0 0 1 "Custom" 
0 ROTATION CONFIG 0 0
1 72 0 8 0 1 0 0 0 1 0 0 0 1 3832.dat
1 72 100 16 0 1 0 0 0 1 0 0 0 1 2654.dat
1 72 0 24 0 1 0 0 0 1 0 0 0 1 11203.dat
1 0 0 16 20 0 0 -1 0 1 0 1 0 0 2444.dat
1 71 -20 -8 0 1 0 0 0 1 0 0 0 1 3034.dat
1 71 100 -8 30 1 0 0 0 1 0 0 0 1 3023.dat
1 71 100 -8 -30 1 0 0 0 1 0 0 0 1 3023.dat
1 71 90 -16 -30 1 0 0 0 1 0 0 0 1 3024.dat
1 71 90 -16 30 1 0 0 0 1 0 0 0 1 3024.dat
1 320 110 -16 -30 1 0 0 0 1 0 0 0 1 3024.dat
1 320 110 -16 30 1 0 0 0 1 0 0 0 1 3024.dat
1 320 110 -16 0 1 0 0 0 1 0 0 0 1 93273.dat
1 71 90 -16 0 1 0 0 0 1 0 0 0 1 93273.dat
1 71 40 -32 -30 1 0 0 0 1 0 0 0 1 6191.dat
1 71 40 -32 30 -1 0 0 0 1 0 0 0 -1 6191.dat
1 320 -60 -32 -30 1 0 0 0 1 0 0 0 1 6191.dat
1 320 -60 -32 30 -1 0 0 0 1 0 0 0 -1 6191.dat
1 320 70 -8 0 0 0 -1 0 1 0 1 0 0 3023.dat
1 320 -10 -16 0 0 0 -1 0 1 0 1 0 0 3023.dat
1 320 -10 -32 -10 1 0 0 0 1 0 0 0 1 6091.dat
1 320 -10 -32 10 -1 0 0 0 1 0 0 0 -1 6091.dat
1 320 -10 -32 0 0 0 1 0 1 0 -1 0 0 3069b.dat
1 320 100 -24 0 0 0 -1 0 1 0 1 0 0 50745.dat
1 0 -30 -16 10 0 0 -1 0 1 0 1 0 0 2555.dat
1 0 -30 -16 -10 0 0 -1 0 1 0 1 0 0 2555.dat
1 0 10 -16 10 0 0 -1 0 1 0 1 0 0 2555.dat
1 43 -100 -22 10 0 1 0 0 0 1 1 0 0 30374.dat
1 43 -100 -22 -10 0 1 0 0 0 1 1 0 0 30374.dat
1 43 0 -22 10 0 1 0 0 0 1 1 0 0 30374.dat
1 43 0 -22 -10 0 1 0 0 0 1 1 0 0 30374.dat
1 0 10 -16 -10 0 0 -1 0 1 0 1 0 0 2555.dat
1 0 50 -16 10 -1 0 0 0 1 0 0 0 -1 63864.dat
1 0 50 -16 -10 -1 0 0 0 1 0 0 0 -1 63864.dat
1 0 -70 -16 10 -1 0 0 0 1 0 0 0 -1 63864.dat
1 0 -70 -16 -10 -1 0 0 0 1 0 0 0 -1 63864.dat
1 320 40 8 30 1 0 0 0 1 0 0 0 1 3666.dat
1 72 20 0 0 1 0 0 0 1 0 0 0 1 3030.dat
1 71 -90 0 0 0 0 1 0 1 0 -1 0 0 44567.dat
1 71 110 8 0 0 0 1 0 1 0 -1 0 0 3710.dat
1 71 0 16 -10 1 0 0 0 1 0 0 0 1 3710.dat
0
0 FILE Part 10.ldr
0 Part 10
0 Name: Part 10.ldr
0 Author: R Paluczak
0 Unofficial Model
0 ROTATION CENTER 0 0 0 1 "Custom" 
0 ROTATION CONFIG 0 0
1 72 0 8 0 1 0 0 0 1 0 0 0 1 3832.dat
1 72 100 16 0 1 0 0 0 1 0 0 0 1 2654.dat
1 72 0 24 0 1 0 0 0 1 0 0 0 1 11203.dat
1 0 0 16 -20 0 0 1 0 1 0 -1 0 0 2444.dat
1 71 -20 -8 0 1 0 0 0 1 0 0 0 1 3034.dat
1 71 100 -8 30 1 0 0 0 1 0 0 0 1 3023.dat
1 71 100 -8 -30 1 0 0 0 1 0 0 0 1 3023.dat
1 71 90 -16 -30 1 0 0 0 1 0 0 0 1 3024.dat
1 71 90 -16 30 1 0 0 0 1 0 0 0 1 3024.dat
1 320 110 -16 -30 1 0 0 0 1 0 0 0 1 3024.dat
1 320 110 -16 30 1 0 0 0 1 0 0 0 1 3024.dat
1 320 110 -16 0 1 0 0 0 1 0 0 0 1 93273.dat
1 71 90 -16 0 1 0 0 0 1 0 0 0 1 93273.dat
1 71 40 -32 -30 1 0 0 0 1 0 0 0 1 6191.dat
1 71 40 -32 30 -1 0 0 0 1 0 0 0 -1 6191.dat
1 320 -60 -32 -30 1 0 0 0 1 0 0 0 1 6191.dat
1 320 -60 -32 30 -1 0 0 0 1 0 0 0 -1 6191.dat
1 320 70 -8 0 0 0 -1 0 1 0 1 0 0 3023.dat
1 320 -10 -16 0 0 0 -1 0 1 0 1 0 0 3023.dat
1 320 -10 -32 -10 1 0 0 0 1 0 0 0 1 6091.dat
1 320 -10 -32 10 -1 0 0 0 1 0 0 0 -1 6091.dat
1 320 -10 -32 0 0 0 1 0 1 0 -1 0 0 3069b.dat
1 320 100 -24 0 0 0 -1 0 1 0 1 0 0 50745.dat
1 0 -30 -16 10 0 0 -1 0 1 0 1 0 0 2555.dat
1 0 -30 -16 -10 0 0 -1 0 1 0 1 0 0 2555.dat
1 0 10 -16 10 0 0 -1 0 1 0 1 0 0 2555.dat
1 43 -100 -22 10 0 1 0 0 0 1 1 0 0 30374.dat
1 43 -100 -22 -10 0 1 0 0 0 1 1 0 0 30374.dat
1 43 0 -22 10 0 1 0 0 0 1 1 0 0 30374.dat
1 43 0 -22 -10 0 1 0 0 0 1 1 0 0 30374.dat
1 0 10 -16 -10 0 0 -1 0 1 0 1 0 0 2555.dat
1 0 50 -16 10 -1 0 0 0 1 0 0 0 -1 63864.dat
1 0 50 -16 -10 -1 0 0 0 1 0 0 0 -1 63864.dat
