0 FILE Mandolorian Speeder.ldr
0 Mandolorian Speeder
0 Name: Mandolorian Speeder.ldr
0 Author: R Paluczak
0 Unofficial Model
0 ROTATION CENTER 0 0 0 1 "Custom" 
0 ROTATION CONFIG 0 0
1 0 70 0 0 0 0 1 0 1 0 -1 0 0 Part 1.ldr
1 0 -100 0 230 0 0 1 0 1 0 -1 0 0 Mandolorian 1.ldr
1 0 0 0 400 0 0 1 0 1 0 -1 0 0 Mandolorian 1.ldr
1 0 140 -24 370 0 0 1 0 1 0 -1 0 0 Darth Maul.ldr
0
0 FILE Darth Maul.ldr
0 Darth Maul
0 Name: Darth Maul.ldr
0 Author: R Paluczak
0 Unofficial Model
0 ROTATION CENTER 0 0 0 1 "Custom" 
0 ROTATION CONFIG 0 0
1 0 0 -24 0 1 0 0 0 1 0 0 0 1 92761.dat
1 0 0 -24 0 1 0 0 0 1 0 0 0 1 3626bps8.dat
1 4 0 0 0 1 0 0 0 1 0 0 0 1 973.dat
1 72 0 32 0 1 0 0 0 1 0 0 0 1 3815.dat
1 4 -15.552 9 0 0.985 -0.169586 0.0118586 0.17 0.982601 -0.0687101 0 0.0697565 0.997564 3818.dat
1 4 15.552 9 0 0.985 0.169069 0.0177698 -0.17 0.979604 0.102961 0 -0.104528 0.994522 3819.dat
1 0 -23.978 27.2597 -8.98716 0.982719 0.130092 0.128281 0.00863956 0.668055 -0.743277 -0.182553 0.732181 0.65596 3820.dat
1 0 23.6625 25.4317 -12.2255 0.983253 -0.144525 -0.106968 0.0475509 0.782582 -0.619787 0.173438 0.60485 0.777029 3820.dat
1 0 -28.2772 24.5864 -32.27 0.980947 0.157234 0.110087 0.0240426 0.46814 -0.882362 -0.190538 0.868958 0.455837 577c01.dat
1 36 27.9467 18.8275 -34.7137 0.983253 -0.166076 -0.0687842 0.0475509 0.609116 -0.790578 0.173438 0.774746 0.607344 577c01.dat
1 72 10 44 0 1 0 0 0 1 0 0 0 1 87569.dat
1 72 -10 44 0 1 0 0 0 1 0 0 0 1 87569.dat
0
0 FILE Mandolorian 1.ldr
0 Mandolorian 1
0 Name: Mandolorian 1.ldr
0 Author: R Paluczak
0 Unofficial Model
0 ROTATION CENTER 0 0 0 1 "Custom" 
0 ROTATION CONFIG 0 0
1 72 0 -26 0 1 0 0 0 1 0 0 0 1 87610.dat
1 72 0 0 0 1 0 0 0 1 0 0 0 1 3838.dat
1 78 0 -26 0 1 0 0 0 1 0 0 0 1 3626bp01.dat
1 0 0 0 0 1 0 0 0 1 0 0 0 1 973psj.dat
1 71 0 32 0 1 0 0 0 1 0 0 0 1 3815.dat
1 72 -15.552 9 0 0.985 -0.17 0 0.17 0.985 0 0 0 1 3818.dat
1 72 15.552 9 0 0.985 0.17 0 -0.17 0.985 0 0 0 1 3819.dat
1 71 -23.8634 26.5956 -10.321 0.985 -0.12019 0.12019 0.17 0.696395 -0.696395 0 0.707 0.707 3820.dat
1 71 23.8634 26.5956 -10.321 0.985 0.12019 -0.12019 -0.17 0.696395 -0.696395 0 0.707 0.707 3820.dat
1 0 -24.6826 31.3422 -19.2547 0.985 -0.0874983 0.14567 0.17 0.506976 -0.844031 0 0.856884 0.514696 58247.dat
1 72 0 44 0 1 0 0 0 1 0 0 0 1 3816.dat
1 72 0 44 0 1 0 0 0 1 0 0 0 1 3817.dat
0
0 FILE Part 1.ldr
0 Part 1
0 Name: Part 1.ldr
0 Author: R Paluczak
0 Unofficial Model
0 ROTATION CENTER 0 0 0 1 "Custom" 
0 ROTATION CONFIG 0 0
1 0 -50 56 160 0 0 -1 0 1 0 1 0 0 4282.dat
1 0 -110 56 0 0 0 -1 0 1 0 1 0 0 3795.dat
1 47 -110 64 -40 0 0 -1 0 1 0 1 0 0 2654.dat
1 47 -110 64 40 0 0 -1 0 1 0 1 0 0 2654.dat
1 47 -50 64 20 0 0 -1 0 1 0 1 0 0 2654.dat
1 47 -170 64 20 0 0 -1 0 1 0 1 0 0 2654.dat
1 47 -50 64 300 0 0 -1 0 1 0 1 0 0 2654.dat
1 47 -170 64 300 0 0 -1 0 1 0 1 0 0 2654.dat
1 47 -50 64 160 0 0 -1 0 1 0 1 0 0 2654.dat
1 47 -170 64 160 0 0 -1 0 1 0 1 0 0 2654.dat
1 0 -40 40 260 0 0 -1 0 1 0 1 0 0 3023.dat
1 0 -180 40 260 0 0 -1 0 1 0 1 0 0 3023.dat
1 0 -180 32 280 0 0 -1 0 1 0 1 0 0 2431.dat
1 0 -170 24 230 -1 0 0 0 1 0 0 0 -1 3010.dat
1 0 -50 24 230 -1 0 0 0 1 0 0 0 -1 3010.dat
1 0 -150 24 210 1 0 0 0 1 0 0 0 1 4865b.dat
1 0 -70 24 210 1 0 0 0 1 0 0 0 1 4865b.dat
1 0 -70 24 150 -1 0 0 0 1 0 0 0 -1 4865b.dat
1 0 -80 24 120 0 0 1 0 1 0 -1 0 0 4865b.dat
1 0 -140 24 120 0 0 -1 0 1 0 1 0 0 4865b.dat
1 0 -110 16 150 -1 0 0 0 1 0 0 0 -1 2432.dat
1 0 -110 16 130 1 0 0 0 1 0 0 0 1 2432.dat
1 0 -150 24 150 -1 0 0 0 1 0 0 0 -1 4865b.dat
1 0 -150 40 190 1 0 0 0 1 0 0 0 1 3069b.dat
1 0 -180 24 120 0 0 -1 0 1 0 1 0 0 3069b.dat
1 0 -110 40 170 1 0 0 0 1 0 0 0 1 3666.dat
1 0 -110 8 230 1 0 0 0 1 0 0 0 1 4162.dat
1 0 -110 32.773 -80.541 0 0 -1 -0.324743 0.945802 0 0.945802 0.324743 0 3031.dat
1 0 -110 -5.086 -19.528 -1 0 0 0 0.945802 0.324743 0 0.324743 -0.945802 3069b.dat
1 0 -180 -8 80 0 0 -1 0 1 0 1 0 0 4162.dat
1 0 -40 -8 80 0 0 -1 0 1 0 1 0 0 4162.dat
1 0 -150 0.757 13.812 1 0 0 0 0.924213 0.381877 0 -0.381877 0.924213 6134.dat
1 0 -70 0.757 13.812 1 0 0 0 0.924213 0.381877 0 -0.381877 0.924213 6134.dat
1 0 -110 16 30 1 0 0 0 1 0 0 0 1 3666.dat
1 0 -200 16 220 0 0 -1 0 1 0 1 0 0 3666.dat
1 0 -20 16 220 0 0 -1 0 1 0 1 0 0 3666.dat
1 0 -190 24 160 1 0 0 0 1 0 0 0 1 3003.dat
1 0 -30 24 160 1 0 0 0 1 0 0 0 1 3003.dat
1 0 -180 0 100 0 0 -1 0 1 0 1 0 0 3009.dat
1 0 -40 0 100 0 0 -1 0 1 0 1 0 0 3009.dat
1 0 -110 44.631 -65.9 -1 0 0 0 0.946085 0.323917 0 0.323917 -0.946085 3023.dat
1 0 -190 24 20 1 0 0 0 1 0 0 0 1 3003.dat
1 0 -30 24 20 1 0 0 0 1 0 0 0 1 3003.dat
1 4 -160 24 10 1 0 0 0 1 0 0 0 1 6541.dat
1 4 -60 24 10 1 0 0 0 1 0 0 0 1 6541.dat
1 0 -70 40 190 1 0 0 0 1 0 0 0 1 3069b.dat
1 0 -40 32 280 0 0 -1 0 1 0 1 0 0 2431.dat
1 0 -200 40 80 0 0 -1 0 1 0 1 0 0 2431.dat
1 0 -200 24 100 0 0 -1 0 1 0 1 0 0 2431.dat
1 0 -200 32 80 0 0 1 0 1 0 -1 0 0 48336.dat
1 72 -180 32 120 1 0 0 0 1 0 0 0 1 3021.dat
1 0 -20 40 80 0 0 -1 0 1 0 1 0 0 2431.dat
1 0 -170 56 160 0 0 -1 0 1 0 1 0 0 4282.dat
1 71 -110 48 300 -1 0 0 0 1 0 0 0 -1 3034.dat
1 71 -180 40 300 0 0 1 0 1 0 -1 0 0 99207.dat
1 71 -40 40 300 0 0 -1 0 1 0 1 0 0 99207.dat
1 71 -60 24 260 0 0 -1 0 1 0 1 0 0 32000.dat
1 71 -20 24 260 0 0 -1 0 1 0 1 0 0 3004.dat
1 71 -200 24 260 0 0 -1 0 1 0 1 0 0 3004.dat
1 71 -20 24 200 0 0 -1 0 1 0 1 0 0 3004.dat
1 71 -200 24 200 0 0 -1 0 1 0 1 0 0 3004.dat
1 71 -40 24 60 0 0 -1 0 1 0 1 0 0 3004.dat
1 71 -180 24 60 0 0 -1 0 1 0 1 0 0 3004.dat
1 71 -160 32 80 0 0 -1 0 1 0 1 0 0 3023.dat
1 72 -40 32 120 1 0 0 0 1 0 0 0 1 3021.dat
1 71 -60 32 80 0 0 -1 0 1 0 1 0 0 3023.dat
1 71 -160 24 270 1 0 0 0 1 0 0 0 1 6231.dat
1 71 -160 24 250 1 0 0 0 1 0 0 0 1 6231.dat
1 0 -130 40 300 0 0 -1 0 1 0 1 0 0 92582.dat
1 0 -90 40 300 0 0 -1 0 1 0 1 0 0 92582.dat
1 272 -60 48 310 -1 0 0 0 1 0 0 0 -1 54200.dat
1 272 -160 48 310 -1 0 0 0 1 0 0 0 -1 54200.dat
1 272 -200 0 210 1 0 0 0 1 0 0 0 1 54200.dat
1 272 -20 0 210 1 0 0 0 1 0 0 0 1 54200.dat
1 272 -140 9.454 276.871 -1 0 0 0 0.92388 -0.382683 0 -0.382683 -0.92388 54200.dat
1 272 -80 9.454 276.871 -1 0 0 0 0.92388 -0.382683 0 -0.382683 -0.92388 54200.dat
1 272 -160 -5.853 239.916 0 0 1 -0.382683 0.92388 0 -0.92388 -0.382683 0 54200.dat
1 272 -60 -5.853 239.916 0 0 -1 0.382683 0.92388 0 0.92388 -0.382683 0 54200.dat
1 272 -160 32 130 0 0 -1 0 1 0 1 0 0 54200.dat
1 71 -110 48 260 -1 0 0 0 1 0 0 0 -1 2445.dat
1 71 -110 5.627 267.633 1 0 0 0 0.92388 0.382683 0 -0.382683 0.92388 3035.dat
1 71 -110 -47.134 263.697 1 0 0 0 1 0 0 0 1 2817.dat
1 71 -110 -61.134 243.697 0 0 1 0 1 0 -1 0 0 4274.dat
1 0 -110 -71.135 253.698 1 0 0 0 1 0 0 0 1 3700.dat
1 0 -110 -61.134 219.697 1 0 0 0 0 -1 0 1 0 4589.dat
1 0 -110 -61.135 156.698 -1 0 0 0 0 -1 0 -1 0 4589.dat
1 36 -110 -61.134 132.698 -1 0 0 0 0 -1 0 -1 0 4073.dat
1 0 -110 -71.134 273.697 -1 0 0 0 1 0 0 0 -1 30236.dat
1 72 -110 20.672 283.049 1 0 0 0 0.92388 0.382683 0 -0.382683 0.92388 44570.dat
1 0 -80 -9.417 252.217 0 0 -1 0.382683 0.92388 0 0.92388 -0.382683 0 3023.dat
1 72 -80 -16.809 255.278 0 0 -1 0.382683 0.92388 0 0.92388 -0.382683 0 32530.dat
1 72 -140 -16.809 255.278 0 0 -1 0.382683 0.92388 0 0.92388 -0.382683 0 32530.dat
1 72 -110 -79.134 273.697 -1 0 0 0 1 0 0 0 -1 3794b.dat
1 72 -110 -61.134 160.698 -1 0 0 0 0 -1 0 -1 0 63965.dat
1 72 -110 -79.134 253.697 -1 0 0 0 1 0 0 0 -1 3794b.dat
1 0 -90 -37.134 263.697 -1 0 0 0 1 0 0 0 -1 2780.dat
1 0 -130 -37.134 263.697 -1 0 0 0 0.92388 -0.382683 0 -0.382683 -0.92388 2780.dat
1 0 -140 -9.417 252.217 0 0 -1 0.382683 0.92388 0 0.92388 -0.382683 0 3023.dat
1 272 -70 1.537 236.855 1 0 0 0 0.92388 0.382683 0 -0.382683 0.92388 3710.dat
1 272 -150 1.537 236.855 1 0 0 0 0.92388 0.382683 0 -0.382683 0.92388 3710.dat
1 71 -10 28 290 0 -1 0 -1 0 0 0 0 -1 3023.dat
1 57 -10 18 290 0 -1 0 -1 0 0 0 0 -1 54200.dat
1 57 -10 38 290 0 -1 0 -1 0 0 0 0 -1 54200.dat
1 57 -18 18 310 0 -1 0 -1 0 0 0 0 -1 54200.dat
1 57 -18 38 310 0 -1 0 -1 0 0 0 0 -1 54200.dat
1 71 -110 48 20 -1 0 0 0 1 0 0 0 -1 2445.dat
1 71 0 24 20 1 0 0 0 1 0 0 0 1 41748.dat
1 71 -40 0 20 1 0 0 0 1 0 0 0 1 41750.dat
1 71 -180 0 20 1 0 0 0 1 0 0 0 1 41749.dat
1 71 -220 24 20 1 0 0 0 1 0 0 0 1 41747.dat
1 71 0 0 260 1 0 0 0 1 0 0 0 1 41748.dat
1 71 -0.667 28 335.502 0 -0.368125 0.929776 1 0 0 0 0.929776 0.368125 60470b.dat
1 71 17.001 28 290.873 0 -0.368125 0.929776 1 0 0 0 0.929776 0.368125 85984.dat
1 0 17.001 28 290.873 0 -0.368125 0.929776 1 0 0 0 0.929776 0.368125 60592.dat
1 71 -220 0 260 1 0 0 0 1 0 0 0 1 41747.dat
1 71 10 24 220 1 0 0 0 1 0 0 0 1 41765.dat
1 71 -230 24 220 1 0 0 0 1 0 0 0 1 41764.dat
1 71 -200 8 260 0 0 1 0 1 0 -1 0 0 3023.dat
1 71 -20 8 260 0 0 1 0 1 0 -1 0 0 3023.dat
1 272 -20 0 240 0 0 1 0 1 0 -1 0 0 3710.dat
1 272 -20 -16 260 0 0 1 0 1 0 -1 0 0 3710.dat
1 272 -110 -103.134 253.697 -1 0 0 0 1 0 0 0 -1 50950.dat
1 272 -200 -16 260 0 0 1 0 1 0 -1 0 0 3710.dat
1 272 -210 -8 300 -1 0 0 0 1 0 0 0 -1 41770.dat
1 272 -10 -8 300 -1 0 0 0 1 0 0 0 -1 41769.dat
1 71 -10 0 310 -1 0 0 0 1 0 0 0 -1 43722.dat
1 71 -210 0 310 -1 0 0 0 1 0 0 0 -1 43723.dat
1 71 -20 -8 250 0 0 1 0 1 0 -1 0 0 2420.dat
1 71 -200 -8 250 -1 0 0 0 1 0 0 0 -1 2420.dat
1 272 -110 28.459 -92.595 1 0 0 0 0.945802 -0.324743 0 0.324743 0.945802 3666.dat
1 272 -110 12.222 -45.303 1 0 0 0 0.945802 -0.324743 0 0.324743 0.945802 6180.dat
1 71 -110 34.953 -111.509 1 0 0 0 0.945802 -0.324743 0 0.324743 0.945802 6636.dat
1 272 -200 0 240 0 0 1 0 1 0 -1 0 0 3710.dat
1 71 -160 34 0 0 0 1 0 1 0 -1 0 0 61184.dat
1 36 -160 33 -8 0 0 1 1 0 0 0 1 0 4073.dat
1 71 -60 34 0 0 0 1 0 1 0 -1 0 0 61184.dat
1 36 -60 33 -8 0 0 1 1 0 0 0 1 0 4073.dat
1 71 -110 24 -10 1 0 0 0 1 0 0 0 1 60470b.dat
1 71 -120 16 230 1 0 0 0 1 0 0 0 1 4085c.dat
1 71 -100 16 230 1 0 0 0 1 0 0 0 1 4085c.dat
1 72 -18 38 300 0 -1 0 0 0 -1 1 0 0 60478.dat
1 72 -18 18 300 0 -1 0 0 0 -1 1 0 0 60478.dat
1 71 -219.667 28 335.502 0 0.368125 -0.929776 -1 0 0 0 0.929776 0.368125 60470b.dat
1 71 -237.335 28 290.873 0 0.368125 -0.929776 -1 0 0 0 0.929776 0.368125 85984.dat
1 0 -237.335 28 290.873 0 0.368125 -0.929776 -1 0 0 0 0.929776 0.368125 60592.dat
1 71 -210 28 290 0 1 0 1 0 0 0 0 -1 3023.dat
1 57 -210 38 290 0 1 0 1 0 0 0 0 -1 54200.dat
1 57 -210 18 290 0 1 0 1 0 0 0 0 -1 54200.dat
1 57 -202 38 310 0 1 0 1 0 0 0 0 -1 54200.dat
1 57 -202 18 310 0 1 0 1 0 0 0 0 -1 54200.dat
1 72 -202 18 300 0 1 0 0 0 1 1 0 0 60478.dat
1 72 -202 38 300 0 1 0 0 0 1 1 0 0 60478.dat
1 71 -110 40 50 -1 0 0 0 1 0 0 0 -1 3023.dat
1 1 -100 16 50 -1 0 0 0 1 0 0 0 -1 4070.dat
1 1 -120 16 50 -1 0 0 0 1 0 0 0 -1 4070.dat
1 1 -110 24 20 -1 0 0 0 1 0 0 0 -1 3001.dat
1 71 -110 26 64 -1 0 0 0 0 -1 0 -1 0 3023.dat
1 71 -170 40 100 -1 0 0 0 1 0 0 0 -1 3068b.dat
1 71 -50 40 100 -1 0 0 0 1 0 0 0 -1 3068b.dat
1 0 -110 40 100 -1 0 0 0 1 0 0 0 -1 3068b.dat
1 0 -110 16 0 -1 0 0 0 1 0 0 0 -1 3068b.dat
1 71 -110 8 40 -1 0 0 0 1 0 0 0 -1 3068b.dat
1 72 -110 48 200 -1 0 0 0 1 0 0 0 -1 3030.dat
1 72 -110 24 230 1 0 0 0 1 0 0 0 1 3298.dat
1 72 -110 32 -10 1 0 0 0 1 0 0 0 1 3298.dat
1 72 -110 48 120 -1 0 0 0 1 0 0 0 -1 3030.dat
1 72 -180 40 130 -1 0 0 0 1 0 0 0 -1 63864.dat
1 72 -40 40 130 -1 0 0 0 1 0 0 0 -1 63864.dat
1 72 -160 24 90 0 0 1 0 1 0 -1 0 0 63864.dat
1 0 -40 24 120 0 0 -1 0 1 0 1 0 0 3069b.dat
1 0 -20 24 100 0 0 -1 0 1 0 1 0 0 2431.dat
1 0 -20 32 80 0 0 -1 0 1 0 1 0 0 48336.dat
1 272 -60 32 130 0 0 1 0 1 0 -1 0 0 54200.dat
1 72 -60 24 90 0 0 1 0 1 0 -1 0 0 63864.dat
1 0 -180 24 120 0 0 -1 0 1 0 1 0 0 3069b.dat
1 0 -200 24 100 0 0 -1 0 1 0 1 0 0 2431.dat
1 272 -160 32 130 0 0 -1 0 1 0 1 0 0 54200.dat
1 72 -160 24 90 0 0 1 0 1 0 -1 0 0 63864.dat
1 72 -60 16 230 -1 0 0 0 1 0 0 0 -1 3623.dat
1 72 -160 16 230 -1 0 0 0 1 0 0 0 -1 3623.dat
1 72 -60 40 50 0 0 1 0 1 0 -1 0 0 63864.dat
1 72 -80 24 70 0 0 1 0 1 0 -1 0 0 3622.dat
1 72 -20 8 220 1 0 0 0 1 0 0 0 1 85970.dat
1 72 -120 33.889 -59.012 0 0 -1 -0.324743 0.945802 0 0.945802 0.324743 0 60478.dat
1 72 -100 33.889 -59.012 0 0 -1 -0.324743 0.945802 0 0.945802 0.324743 0 60478.dat
1 72 -150 0 10 -1 0 0 0 1 0 0 0 -1 3937.dat
1 72 -70 0 10 -1 0 0 0 1 0 0 0 -1 3937.dat
1 72 -70 10 10 -1 0 0 0 0.924213 -0.381877 0 -0.381877 -0.924213 Her.dat
1 72 -200 8 220 1 0 0 0 1 0 0 0 1 85970.dat
1 72 -140 24 70 0 0 1 0 1 0 -1 0 0 3622.dat
1 72 -160 40 50 0 0 1 0 1 0 -1 0 0 63864.dat
1 72 -110 48 60 -1 0 0 0 1 0 0 0 -1 3832.dat
1 40 -110 -28.331 69.117 1 0 0 0 0.924213 0.381877 0 -0.381877 0.924213 92583.dat
0
0
