0 FILE Mando Battle Pack.ldr
0 Mando Battle Pack
0 Name: Mando Battle Pack.ldr
0 Author: LDraw
0 Unofficial Model
0 ROTATION CENTER 0 0 0 1 "Custom" 
0 ROTATION CONFIG 0 0
1 0 -480 -16 130 0 0 1 0 1 0 -1 0 0 Mando 1.ldr
1 0 -480 -16 50 0 0 1 0 1 0 -1 0 0 Mando 2.ldr
1 0 -480 -16 -30 0 0 1 0 1 0 -1 0 0 Mando 3.ldr
1 0 -480 -16 -110 0 0 1 0 1 0 -1 0 0 Mando 4.ldr
1 0 -480 48 -200 0.707107 0 0.707107 0 1 0 -0.707107 0 0.707107 Part 1.ldr
1 0 -340 -48 -104.289 0 0 -1 0 1 0 1 0 0 Part 2.ldr
1 0 -220 8 260 -0.382683 0 -0.92388 0 1 0 0.92388 0 -0.382683 Part 3.ldr
0
0 FILE Mando 1.ldr
0 Mando 1
0 Name: Mando 1.ldr
0 Author: LDraw
0 Unofficial Model
0 ROTATION CENTER 0 0 0 1 "Custom" 
0 ROTATION CONFIG 0 0
1 72 0 -24 0 1 0 0 0 1 0 0 0 1 87610.dat
1 78 0 -25 0 1 0 0 0 1 0 0 0 1 3626bp01.dat
1 72 0 0 0 1 0 0 0 1 0 0 0 1 3838.dat
1 272 0 0 0 1 0 0 0 1 0 0 0 1 973psj.dat
1 72 0 32 0 1 0 0 0 1 0 0 0 1 3815.dat
1 1 -15.552 9 0 0.985 -0.17 0 0.17 0.985 0 0 0 1 3818.dat
1 1 15.552 9 0 0.985 0.17 0 -0.17 0.985 0 0 0 1 3819.dat
1 72 -23.8634 26.5956 -10.321 0.985 -0.12019 0.12019 0.17 0.696395 -0.696395 0 0.707 0.707 3820.dat
1 72 23.8634 26.5956 -10.321 0.985 0.12019 -0.12019 -0.17 0.696395 -0.696395 0 0.707 0.707 3820.dat
1 1 0 44 0 1 0 0 0 1 0 0 0 1 3816.dat
1 1 0 44 0 1 0 0 0 1 0 0 0 1 3817.dat
1 0 -24.6826 31.3422 -19.2547 0.985 -0.0874983 0.14567 0.17 0.506976 -0.844031 0 0.856884 0.514696 58247.dat
0
0 FILE Mando 2.ldr
0 Mando 2
0 Name: Mando 2.ldr
0 Author: LDraw
0 Unofficial Model
0 ROTATION CENTER 0 0 0 1 "Custom" 
0 ROTATION CONFIG 0 0
1 72 0 -24 0 1 0 0 0 1 0 0 0 1 87610.dat
1 78 0 -25 0 1 0 0 0 1 0 0 0 1 3626bp01.dat
1 72 0 0 0 1 0 0 0 1 0 0 0 1 3838.dat
1 272 0 0 0 1 0 0 0 1 0 0 0 1 973psj.dat
1 72 0 32 0 1 0 0 0 1 0 0 0 1 3815.dat
1 1 -15.552 9 0 0.985 -0.17 0 0.17 0.985 0 0 0 1 3818.dat
1 1 15.552 9 0 0.985 0.17 0 -0.17 0.985 0 0 0 1 3819.dat
1 72 -23.8634 26.5956 -10.321 0.985 -0.12019 0.12019 0.17 0.696395 -0.696395 0 0.707 0.707 3820.dat
1 72 23.8634 26.5956 -10.321 0.985 0.12019 -0.12019 -0.17 0.696395 -0.696395 0 0.707 0.707 3820.dat
1 1 0 44 0 1 0 0 0 1 0 0 0 1 3816.dat
1 1 0 44 0 1 0 0 0 1 0 0 0 1 3817.dat
1 0 -23.1951 22.7236 -33.8217 0.985 -0.0874983 0.14567 0.17 0.506976 -0.844031 0 0.856884 0.514696 57899.dat
0
0 FILE Mando 3.ldr
0 Mando 3
0 Name: Mando 3.ldr
0 Author: LDraw
0 Unofficial Model
0 ROTATION CENTER 0 0 0 1 "Custom" 
0 ROTATION CONFIG 0 0
1 72 0 -24 0 1 0 0 0 1 0 0 0 1 87610.dat
1 78 0 -25 0 1 0 0 0 1 0 0 0 1 3626bp01.dat
1 72 0 0 0 1 0 0 0 1 0 0 0 1 3838.dat
1 272 0 0 0 1 0 0 0 1 0 0 0 1 973psj.dat
1 72 0 32 0 1 0 0 0 1 0 0 0 1 3815.dat
1 1 -15.552 9 0 0.985 -0.17 0 0.17 0.985 0 0 0 1 3818.dat
1 1 15.552 9 0 0.985 0.17 0 -0.17 0.985 0 0 0 1 3819.dat
1 72 -23.8634 26.5956 -10.321 0.985 -0.12019 0.12019 0.17 0.696395 -0.696395 0 0.707 0.707 3820.dat
1 72 23.8634 26.5956 -10.321 0.985 0.12019 -0.12019 -0.17 0.696395 -0.696395 0 0.707 0.707 3820.dat
1 1 0 44 0 1 0 0 0 1 0 0 0 1 3816.dat
1 1 0 44 0 1 0 0 0 1 0 0 0 1 3817.dat
1 0 -24.6826 31.3422 -19.2547 0.985 -0.0874983 0.14567 0.17 0.506976 -0.844031 0 0.856884 0.514696 61190a.dat
1 0 24.6826 31.3422 -19.2547 0.985 0.0874983 -0.14567 -0.17 0.506976 -0.844031 0 0.856884 0.514696 61190a.dat
0
0 FILE Mando 4.ldr
0 Mando 4
0 Name: Mando 4.ldr
0 Author: LDraw
0 Unofficial Model
0 ROTATION CENTER 0 0 0 1 "Custom" 
0 ROTATION CONFIG 0 0
1 72 0 -24 0 1 0 0 0 1 0 0 0 1 87610.dat
1 78 0 -25 0 1 0 0 0 1 0 0 0 1 3626bp01.dat
1 72 0 0 0 1 0 0 0 1 0 0 0 1 3838.dat
1 272 0 0 0 1 0 0 0 1 0 0 0 1 973psj.dat
1 72 0 32 0 1 0 0 0 1 0 0 0 1 3815.dat
1 1 -15.552 9 0 0.985 -0.17 0 0.17 0.985 0 0 0 1 3818.dat
1 1 15.552 9 0 0.985 0.17 0 -0.17 0.985 0 0 0 1 3819.dat
1 72 -23.8634 26.5956 -10.321 0.985 -0.12019 0.12019 0.17 0.696395 -0.696395 0 0.707 0.707 3820.dat
1 72 23.8634 26.5956 -10.321 0.985 0.12019 -0.12019 -0.17 0.696395 -0.696395 0 0.707 0.707 3820.dat
1 1 0 44 0 1 0 0 0 1 0 0 0 1 3816.dat
1 1 0 44 0 1 0 0 0 1 0 0 0 1 3817.dat
0
0 FILE Part 1.ldr
0 Part 1
0 Name: Part 1.ldr
0 Author: LDraw
0 Unofficial Model
0 ROTATION CENTER 0 0 0 1 "Custom" 
0 ROTATION CONFIG 0 0
1 0 16.056 -13.805 -46 0.829038 0 0.559193 0.559193 0 -0.829038 0 1 0 4360.dat
1 0 -50.268 -58.54 -38 0 0.829038 0.559193 0 0.559193 -0.829038 -1 0 0 64644.dat
1 1 -0.066 -7.79 -38 0.829038 0.559193 0 0.559193 -0.829038 0 0 0 -1 4073.dat
1 0 -4.537 -1.159 -38 0 0.559193 0.829038 0 -0.829038 0.559193 1 0 0 4081b.dat
1 0 -20 -14 -26 0.829038 0 -0.559193 0.559193 0 0.829038 0 -1 0 4592.dat
1 0 -20 -14 -50 -0.829038 0 -0.559193 -0.559193 0 0.829038 0 1 0 4592.dat
1 0 -20 -14 -50 -0.829038 0.395409 -0.395409 -0.559193 -0.586218 0.586218 0 0.707107 0.707107 4593.dat
1 0 -20 -14 -24 0.829038 0.395409 -0.395409 0.559193 -0.586218 0.586218 0 -0.707107 -0.707107 4593.dat
0
0 FILE Part 2.ldr
0 Part 2
0 Name: Part 2.ldr
0 Author: LDraw
0 Unofficial Model
0 ROTATION CENTER 0 0 0 1 "Custom" 
0 ROTATION CONFIG 0 0
1 72 30 32 0 1 0 0 0 1 0 0 0 1 3020.dat
1 72 10 30 26 0 -1 0 0.782608 0 0.622515 -0.622515 0 0.782608 44676.dat
1 72 10 30 -26 0 -1 0 -0.782608 0 0.622515 -0.622515 0 -0.782608 44676.dat
1 47 30 40 0 1 0 0 0 1 0 0 0 1 6143.dat
1 72 0 -8 0 0 0 1 0 1 0 -1 0 0 44728.dat
1 71 50 24 0 1 0 0 0 1 0 0 0 1 3020.dat
1 71 0 24 0 0 0 1 0 1 0 -1 0 0 3839b.dat
1 71 -22 2 0 0 1 0 0 0 -1 -1 0 0 88072.dat
1 71 -22 2 0 0 1 0 0 0 -1 -1 0 0 85984.dat
1 71 -27 22 0 0 0 1 0 1 0 -1 0 0 32123a.dat
1 71 80 8 0 0 0 1 0 1 0 -1 0 0 3794a.dat
1 71 20 -8 0 0 0 1 0 1 0 -1 0 0 3794a.dat
1 0 20 -16 0 1 0 0 0 1 0 0 0 1 2555.dat
1 72 20 -22 0 0 0 1 0 1 0 -1 0 0 30031.dat
1 71 100 8 0 0 0 1 0 1 0 -1 0 0 3794a.dat
1 1 50 16 0 1 0 0 0 1 0 0 0 1 3795.dat
1 1 80 8 0 0 0 1 0 1 0 -1 0 0 54200.dat
1 1 130 16 0 1 0 0 0 1 0 0 0 1 3023.dat
1 71 120 -8 0 0 0 -1 0 1 0 1 0 0 50950.dat
1 1 10 8 0 1 0 0 0 1 0 0 0 1 3022.dat
1 1 -10 -8 0 0 0 1 0 1 0 -1 0 0 30602.dat
1 71 10 0 0 1 0 0 0 1 0 0 0 1 3022.dat
0
0 FILE Part 3.ldr
0 Part 3
0 Name: Part 3.ldr
0 Author: LDraw
0 Unofficial Model
0 ROTATION CENTER 0 0 0 1 "Custom" 
0 ROTATION CONFIG 0 0
1 72 0 40 0 1 0 0 0 1 0 0 0 1 2419.dat
1 0 20.665 -40 65.889 -0.382683 0 -0.92388 0 -1 0 -0.92388 0 0.382683 62462.dat
1 0 13.011 -40 47.412 0 -0.382683 -0.92388 1 0 0 0 -0.92388 0.382683 3062b.dat
1 0 3.827 -40 25.239 -0.92388 0 -0.382683 0 1 0 0.382683 0 -0.92388 30035.dat
1 36 -14.651 -50 32.892 -0.92388 -0.382683 0 0 0 -1 0.382683 -0.92388 0 4073.dat
1 72 0 -17 16 0.92388 0 0.382683 0 1 0 -0.382683 0 0.92388 4589.dat
1 72 0 40 60 -1 0 0 0 1 0 0 0 -1 2419.dat
1 71 -40 32 30 -1 0 0 0 1 0 0 0 -1 3022.dat
1 71 -30 8 30 0 0 1 0 1 0 -1 0 0 3039.dat
1 71 30 8 30 0 0 -1 0 1 0 1 0 0 3039.dat
1 71 0 23 26 -1 0 0 0 0 -1 0 -1 0 3700.dat
1 19 0 13 16 0 0 1 -1 0 0 0 -1 0 3749.dat
1 1 0 13 50 1 0 0 0 0 1 0 -1 0 98282.dat
1 1 0 13 66 1 0 0 0 0 1 0 -1 0 51739.dat
1 71 40 32 30 -1 0 0 0 1 0 0 0 -1 3022.dat
1 71 0 32 30 -1 0 0 0 1 0 0 0 -1 3956.dat
0
0
