0 FILE ARC-170.ldr
0 ARC-170
0 Name: ARC-170.ldr
0 Author: LDraw
0 Unofficial Model
0 ROTATION CENTER 0 0 0 1 "Custom" 
0 ROTATION CONFIG 0 0
1 0 -320 0 10 0 0 1 0 1 0 -1 0 0 Pilot.ldr
1 0 -150 0 170 -0.92388 0 -0.382683 -0.146447 0.92388 0.353553 0.353553 0.382683 -0.853553 Part 1.ldr
0
0 FILE Pilot.ldr
0 Pilot
0 Name: Pilot.ldr
0 Author: LDraw
0 Unofficial Model
0 ROTATION CENTER 0 0 0 1 "Custom" 
0 ROTATION CONFIG 0 0
1 15 0 -24 0 1 0 0 0 1 0 0 0 1 87557.dat
1 78 0 -24 0 1 0 0 0 1 0 0 0 1 3626bp01.dat
1 15 0 0 0 1 0 0 0 1 0 0 0 1 973.dat
1 71 0 32 0 1 0 0 0 1 0 0 0 1 3815.dat
1 0 -25 36.5 -12.5 -0.133823 -0.0627347 0.989018 0.88333 0.44486 0.14774 -0.449243 0.8934 -0.00411697 92738.dat
1 71 -15.552 9 0 0.985 -0.17 0 0.17 0.985 0 0 0 1 3818.dat
1 71 15.552 9 0 0.985 0.17 0 -0.17 0.985 0 0 0 1 3819.dat
1 15 -23.8634 26.5956 -10.321 0.985 -0.12019 0.12019 0.17 0.696395 -0.696395 0 0.707 0.707 3820.dat
1 15 23.8634 26.5956 -10.321 0.985 0.12019 -0.12019 -0.17 0.696395 -0.696395 0 0.707 0.707 3820.dat
1 71 0 44 0 1 0 0 0 1 0 0 0 1 3816.dat
1 71 0 44 0 1 0 0 0 1 0 0 0 1 3817.dat
0
0 FILE Part 1.ldr
0 Part 1
0 Name: Part 1.ldr
0 Author: LDraw
0 Unofficial Model
0 ROTATION CENTER 0 0 0 1 "Custom" 
0 ROTATION CONFIG 0 0
1 15 20 8 0 1 0 0 0 1 0 0 0 1 3031.dat
1 15 110 -16 10 0 0 1 0 1 0 -1 0 0 3665.dat
1 15 110 -16 -10 0 0 1 0 1 0 -1 0 0 3665.dat
1 15 20 -24 -90 1 0 0 0 1 0 0 0 1 99781.dat
1 15 20 -24 90 -1 0 0 0 1 0 0 0 -1 99781.dat
1 0 20 -14 112 -1 0 0 0 0 -1 0 -1 0 60470b.dat
1 0 20 -14 120 -1 0 0 0 0 -1 0 -1 0 2412b.dat
1 0 20 -14 -112 1 0 0 0 0 -1 0 1 0 60470b.dat
1 0 100 6 -110 0 1 0 0 0 -1 -1 0 0 63965.dat
1 0 104 6 -110 0 1 0 0 0 -1 -1 0 0 4589.dat
1 0 20 -14 -120 1 0 0 0 0 -1 0 1 0 2412b.dat
1 15 -20 -24 0 1 0 0 0 1 0 0 0 1 3022.dat
1 15 0 -24 -50 1 0 0 0 1 0 0 0 1 43722.dat
1 15 0 -38 -50 0 1 0 0.92388 0 -0.382683 -0.382683 0 -0.92388 44676.dat
1 15 0 -38 50 0 1 0 -0.92388 0 -0.382683 -0.382683 0 0.92388 44676.dat
1 15 0 -6 50 0 1 0 -0.92388 0 0.382683 0.382683 0 0.92388 44676.dat
1 15 0 -6 -50 0 1 0 0.92388 0 0.382683 0.382683 0 -0.92388 44676.dat
1 15 -40 -32 0 0 0 1 0 1 0 -1 0 0 51739.dat
1 15 0 -24 50 -1 0 0 0 1 0 0 0 -1 43723.dat
1 72 30 -24 0 1 0 0 0 1 0 0 0 1 3021.dat
1 15 30 -24 -50 0 0 -1 0 1 0 1 0 0 3623.dat
1 15 30 -24 50 0 0 -1 0 1 0 1 0 0 3623.dat
1 15 50 -24 40 0 0 -1 0 1 0 1 0 0 11458.dat
1 1 60 -30 -50 1 0 0 0 1 0 0 0 1 43093.dat
1 1 60 -30 50 1 0 0 0 1 0 0 0 1 43093.dat
1 15 50 -24 -40 0 0 1 0 1 0 -1 0 0 11458.dat
1 15 20 -32 -30 0 0 1 0 1 0 -1 0 0 93273.dat
1 15 20 -32 30 0 0 1 0 1 0 -1 0 0 93273.dat
1 71 20 -16 0 1 0 0 0 1 0 0 0 1 3031.dat
1 71 20 -16 80 1 0 0 0 1 0 0 0 1 2654.dat
1 71 20 -16 -80 1 0 0 0 1 0 0 0 1 2654.dat
1 71 20 -32 0 1 0 0 0 1 0 0 0 1 64799.dat
1 72 -10 0 0 0 0 1 0 1 0 -1 0 0 99780.dat
1 72 110 -32 0 0 0 -1 0 1 0 1 0 0 44728.dat
1 72 69 -30 -50 0 -1 0 0 0 -1 1 0 0 4032b.dat
1 15 77 -30 -50 0 -1 0 0 0 -1 1 0 0 4032b.dat
1 15 85 -30 -50 0 -1 0 0 0 -1 1 0 0 4150.dat
1 72 69 -30 50 0 -1 0 0 0 -1 1 0 0 4032b.dat
1 15 77 -30 50 0 -1 0 0 0 -1 1 0 0 4032b.dat
1 15 85 -30 50 0 -1 0 0 0 -1 1 0 0 4150.dat
1 72 50 -40 0 0 0 -1 0 1 0 1 0 0 3023.dat
1 71 -10 0 -40 0 0 1 0 1 0 -1 0 0 18677.dat
1 71 0 10 -50 1 0 0 0 1 0 0 0 1 61184.dat
1 35 0 10 -50 0 -1 0 1 0 0 0 0 1 58176.dat
1 71 0 10 50 1 0 0 0 1 0 0 0 1 61184.dat
1 71 -20 -38 50 -1 0 0 0 1 0 0 0 -1 61184.dat
1 71 -20 -38 -50 -1 0 0 0 1 0 0 0 -1 61184.dat
1 35 0 10 50 0 -1 0 1 0 0 0 0 1 58176.dat
1 71 20 -8 -30 1 0 0 0 1 0 0 0 1 2540.dat
1 71 20 -8 30 -1 0 0 0 1 0 0 0 -1 2540.dat
1 71 20 -40 30 -1 0 0 0 1 0 0 0 -1 11476.dat
1 71 20 -40 -30 1 0 0 0 1 0 0 0 1 11476.dat
1 72 -10 -8 -30 -1 0 0 0 1 0 0 0 -1 4073.dat
1 72 -10 -8 30 -1 0 0 0 1 0 0 0 -1 4073.dat
1 71 -10 0 40 0 0 -1 0 1 0 1 0 0 18677.dat
1 71 70 -24 0 0 0 1 0 1 0 -1 0 0 11215.dat
1 15 50 8 30 -1 0 0 0 1 0 0 0 -1 54200.dat
1 15 50 8 -30 1 0 0 0 1 0 0 0 1 54200.dat
1 15 -50 -32 -10 0 0 1 0 1 0 -1 0 0 54200.dat
1 40 -10 -48 0 0 0 1 0 1 0 -1 0 0 54200.dat
1 40 50 -48 0 0 0 -1 0 1 0 1 0 0 54200.dat
1 40 70 -40 0 0 0 -1 0 1 0 1 0 0 54200.dat
1 15 -50 -32 10 0 0 1 0 1 0 -1 0 0 54200.dat
1 15 -24 -2 -10 0 1 0 0 0 -1 -1 0 0 54200.dat
1 15 -24 -2 10 0 1 0 0 0 -1 -1 0 0 54200.dat
1 320 0 16 0 1 0 0 0 1 0 0 0 1 3022.dat
1 320 80 -32 0 1 0 0 0 1 0 0 0 1 3022.dat
1 320 124 -12 0 0 -1 0 0 0 1 -1 0 0 30602.dat
1 15 100 -40 0 1 0 0 0 1 0 0 0 1 3022.dat
1 71 -30 -56 0 0 0 -1 0 1 0 1 0 0 4592.dat
1 0 -30 -56 0 0 1 0 0 0 1 1 0 0 4593.dat
1 320 -10 -40 10 -1 0 0 0 1 0 0 0 -1 2420.dat
1 72 -30 -40 -10 1 0 0 0 1 0 0 0 1 60897.dat
1 72 -28 -38 -50 0 1 0 -1 0 0 0 0 1 4073.dat
1 37 -36 -38 -50 0 1 0 -1 0 0 0 0 1 4073.dat
1 72 -28 -38 50 0 1 0 -1 0 0 0 0 1 4073.dat
1 37 -36 -38 50 0 1 0 -1 0 0 0 0 1 4073.dat
1 35 128 6 -110 0 1 0 -1 0 0 0 0 1 4073.dat
1 0 100 6 110 0 1 0 0 0 -1 -1 0 0 63965.dat
1 0 104 6 110 0 1 0 0 0 -1 -1 0 0 4589.dat
1 35 128 6 110 0 1 0 -1 0 0 0 0 1 4073.dat
1 15 -30 -48 0 0 0 -1 0 1 0 1 0 0 3794b.dat
1 15 -10 -48 0 0 0 -1 0 1 0 1 0 0 3794b.dat
1 15 50 -48 0 0 0 -1 0 1 0 1 0 0 3794b.dat
1 15 70 -40 0 0 0 -1 0 1 0 1 0 0 3794b.dat
1 320 20 -32 -80 1 0 0 0 1 0 0 0 1 3176.dat
1 320 20 -32 80 -1 0 0 0 1 0 0 0 -1 3176.dat
1 320 20 -8 0 1 0 0 0 1 0 0 0 1 3020.dat
1 320 40 16 0 1 0 0 0 1 0 0 0 1 3022.dat
1 320 10 0 -30 1 0 0 0 1 0 0 0 1 2420.dat
1 320 10 0 30 0 0 1 0 1 0 -1 0 0 2420.dat
0 
0
0
