0 FILE RGS.ldr
0 RGS
0 Name: RGS.ldr
0 Author: LDraw
0 Unofficial Model
0 ROTATION CENTER 0 0 0 1 "Custom" 
0 ROTATION CONFIG 0 0
1 0 -220 0 -30 0 0 1 0 1 0 -1 0 0 Pilot.ldr
1 0 -120 -8 100 1 0 0 0 1 0 0 0 1 Part 1.ldr
0
0 FILE Pilot.ldr
0 Pilot
0 Name: Pilot.ldr
0 Author: LDraw
0 Unofficial Model
0 ROTATION CENTER 0 0 0 1 "Custom" 
0 ROTATION CONFIG 0 0
1 15 0 -24 0 1 0 0 0 1 0 0 0 1 61189.dat
1 78 0 -24 0 1 0 0 0 1 0 0 0 1 3626bp01.dat
1 15 0 0 0 1 0 0 0 1 0 0 0 1 973.dat
1 0 -25.5 39 -13 -0.147036 -0.056134 0.987537 0.877585 0.453184 0.156425 -0.456317 0.889648 -0.0173721 92738.dat
1 0 0 32 0 1 0 0 0 1 0 0 0 1 3815.dat
1 15 -15.552 9 0 0.985 -0.17 0 0.17 0.985 0 0 0 1 3818.dat
1 15 15.552 9 0 0.985 0.17 0 -0.17 0.985 0 0 0 1 3819.dat
1 0 -23.8634 26.5956 -10.321 0.985 -0.12019 0.12019 0.17 0.696395 -0.696395 0 0.707 0.707 3820.dat
1 0 23.8634 26.5956 -10.321 0.985 0.12019 -0.12019 -0.17 0.696395 -0.696395 0 0.707 0.707 3820.dat
1 15 0 44 0 1 0 0 0 1 0 0 0 1 3816.dat
1 15 0 44 0 1 0 0 0 1 0 0 0 1 3817.dat
0
0 FILE Part 1.ldr
0 Part 1
0 Name: Part 1.ldr
0 Author: LDraw
0 Unofficial Model
0 ROTATION CENTER 0 0 0 1 "Custom" 
0 ROTATION CONFIG 0 0
1 72 -30 24 0 1 0 0 0 1 0 0 0 1 3034.dat
1 15 -30 8 0 1 0 0 0 1 0 0 0 1 3795.dat
1 15 0 -32 0 1 0 0 0 1 0 0 0 1 3021.dat
1 15 30 -48 0 1 0 0 0 1 0 0 0 1 3022.dat
1 15 -10 -32 0 0 0 1 0 1 0 -1 0 0 15068.dat
1 15 -80 -32 -10 0 0 1 0 1 0 -1 0 0 6091.dat
1 15 -80 -32 10 0 0 1 0 1 0 -1 0 0 6091.dat
1 0 30 16 -10 1 0 0 0 1 0 0 0 1 99207.dat
1 0 30 16 10 -1 0 0 0 1 0 0 0 -1 99207.dat
1 0 -30 16 -10 1 0 0 0 1 0 0 0 1 99207.dat
1 0 -30 16 10 -1 0 0 0 1 0 0 0 -1 99207.dat
1 0 -70 16 -10 1 0 0 0 1 0 0 0 1 99207.dat
1 0 -80 -16 0 0 0 -1 0 1 0 1 0 0 2877.dat
1 0 20 -16 0 0 0 1 0 1 0 -1 0 0 2877.dat
1 0 -70 16 10 -1 0 0 0 1 0 0 0 -1 99207.dat
1 15 0 16 0 0 0 1 0 1 0 -1 0 0 3023.dat
1 15 -20 -6 -32 0 0 1 1 0 0 0 1 0 3623.dat
1 15 -50 14 -24 -1 0 0 0 0 1 0 1 0 85984.dat
1 15 -80 14 -24 -1 0 0 0 0 1 0 1 0 54200.dat
1 15 -60 -16 -32 0 0 1 1 0 0 0 1 0 43722.dat
1 71 -20 14 -40 0 0 1 1 0 0 0 1 0 4073.dat
1 47 -20 14 -48 0 0 1 1 0 0 0 1 0 4073.dat
1 71 -20 -26 -40 0 0 1 1 0 0 0 1 0 98138.dat
1 71 -100 10 -28 0 0 1 1 0 0 0 1 0 4592.dat
1 0 -100 10 -29 0 1 0 1 0 0 0 0 -1 4593.dat
1 15 -20 -6 32 0 0 1 -1 0 0 0 -1 0 3623.dat
1 15 -50 14 24 1 0 0 0 0 1 0 -1 0 85984.dat
1 15 -80 14 24 1 0 0 0 0 1 0 -1 0 54200.dat
1 15 -60 -16 32 0 0 1 -1 0 0 0 -1 0 43723.dat
1 71 -20 14 40 0 0 1 -1 0 0 0 -1 0 4073.dat
1 47 -20 14 48 0 0 1 -1 0 0 0 -1 0 4073.dat
1 71 -20 -26 40 0 0 1 -1 0 0 0 -1 0 98138.dat
1 71 -100 10 28 0 0 1 -1 0 0 0 -1 0 4592.dat
1 0 -100 10 29 0 1 0 -1 0 0 0 0 1 4593.dat
1 15 40 4 -32 0 0 1 1 0 0 0 1 0 3023.dat
1 15 40 4 -40 0 0 -1 -1 0 0 0 1 0 43722.dat
1 72 20 4 -32 0 0 -1 -1 0 0 0 1 0 63868.dat
1 15 40 4 32 0 0 1 -1 0 0 0 -1 0 3023.dat
1 15 40 4 40 0 0 -1 1 0 0 0 -1 0 43723.dat
1 72 20 4 32 0 0 1 -1 0 0 0 -1 0 63868.dat
1 15 74 -22 0 0 -1 0 0 0 1 -1 0 0 3794b.dat
1 320 -80 -32 0 0 0 1 0 1 0 -1 0 0 3794b.dat
1 40 -80 -32 0 0 0 1 0 1 0 -1 0 0 54200.dat
1 15 40 -8 0 0 0 -1 0 1 0 1 0 0 3660.dat
1 15 60 -32 10 0 0 -1 0 1 0 1 0 0 4070.dat
1 15 60 -32 -10 0 0 -1 0 1 0 1 0 0 4070.dat
1 71 40 -32 0 0 0 -1 0 1 0 1 0 0 3004.dat
1 71 20 -56 0 0 0 -1 0 1 0 1 0 0 2412b.dat
1 71 -20 -24 0 0 0 1 0 1 0 -1 0 0 11215.dat
1 71 10 -40 -10 1 0 0 0 1 0 0 0 1 48336.dat
1 71 10 -40 10 -1 0 0 0 1 0 0 0 -1 48336.dat
1 71 30 -48.5 63.374 1 0 0 0 0.97237 0.233445 0 -0.233445 0.97237 Part 2.ldr
1 71 30 -57.923 -25.295 1 0 0 0 0.970296 -0.241922 0 0.241922 0.970296 Part 3.ldr
1 72 50 -40 10 0 0 -1 0 1 0 1 0 0 92946.dat
1 72 50 -40 -10 0 0 -1 0 1 0 1 0 0 92946.dat
1 71 57 -70 -10 0 -1 0 -0.707107 0 -0.707107 0.707107 0 -0.707107 577b.dat
1 71 57 -70 10 0 -1 0 -0.707107 0 -0.707107 0.707107 0 -0.707107 577b.dat
1 72 40 -64 -10 0 0 -1 0 1 0 1 0 0 2555.dat
1 72 40 -64 10 0 0 -1 0 1 0 1 0 0 2555.dat
1 27 -100 0 -10 1 0 0 0 1 0 0 0 1 87087.dat
1 27 40 -56 0 0 0 -1 0 1 0 1 0 0 3023.dat
1 27 -100 0 10 -1 0 0 0 1 0 0 0 -1 87087.dat
0
0 FILE Part 2.ldr
0 Part 2
0 Name: Part 2.ldr
0 Author: LDraw
0 Unofficial Model
0 ROTATION CENTER 0 0 0 1 "Custom" 
0 ROTATION CONFIG 0 0
1 72 -20 24 0 1 0 0 0 1 0 0 0 1 3022.dat
1 15 -20 8 -10 1 0 0 0 1 0 0 0 1 3023.dat
1 15 -20 0 30 1 0 0 0 1 0 0 0 1 3023.dat
1 15 -24 -28 -20 0 1 0 -1 0 0 0 0 1 6143.dat
1 320 -72 -28 -20 0 1 0 -1 0 0 0 0 1 3942c.dat
1 0 -80 -28 -20 0 1 0 -1 0 0 0 0 1 4073.dat
1 0 -7 -28 -20 -1 0 0 0 -1 0 0 0 1 3706.dat
1 15 -30 0 -10 0 0 -1 0 1 0 1 0 0 3623.dat
1 320 -30 -8 10 0 0 -1 0 1 0 1 0 0 3024.dat
1 47 -30 -8 30 0 0 -1 0 1 0 1 0 0 4073.dat
1 15 0 0 -10 -1 0 0 0 1 0 0 0 -1 43722.dat
1 72 -30 16 0 0 0 1 0 1 0 -1 0 0 63868.dat
1 71 -30 8 20 0 0 -1 0 1 0 1 0 0 18677.dat
1 71 -40 18 30 -1 0 0 0 1 0 0 0 -1 61184.dat
1 35 -64 18 30 0 1 0 1 0 0 0 0 -1 4589.dat
1 71 -20 -8 -20 0 0 -1 0 1 0 1 0 0 3956.dat
1 0 32 -28 -20 0 -1 0 0 0 -1 1 0 0 92947.dat
1 15 56 -28 -20 0 -1 0 0 0 -1 1 0 0 98100.dat
1 71 64 -28 -20 0 -1 0 0 0 -1 1 0 0 98138.dat
1 71 -10 8 20 0 0 -1 0 1 0 1 0 0 18677.dat
1 72 -10 16 0 0 0 1 0 1 0 -1 0 0 63868.dat
0
0 FILE Part 3.ldr
0 Part 3
0 Name: Part 3.ldr
0 Author: LDraw
0 Unofficial Model
0 ROTATION CENTER 0 0 0 1 "Custom" 
0 ROTATION CONFIG 0 0
1 72 -20 24 -40 1 0 0 0 1 0 0 0 1 3022.dat
1 15 -20 8 -30 1 0 0 0 1 0 0 0 1 3023.dat
1 15 -20 0 -70 1 0 0 0 1 0 0 0 1 3023.dat
1 15 -24 -28 -20 0 1 0 -1 0 0 0 0 1 6143.dat
1 320 -72 -28 -20 0 1 0 -1 0 0 0 0 1 3942c.dat
1 0 -80 -28 -20 0 1 0 -1 0 0 0 0 1 4073.dat
1 0 -7 -28 -20 -1 0 0 0 -1 0 0 0 1 3706.dat
1 15 -30 0 -30 0 0 -1 0 1 0 1 0 0 3623.dat
1 320 -30 -8 -50 0 0 -1 0 1 0 1 0 0 3024.dat
1 47 -30 -8 -70 0 0 -1 0 1 0 1 0 0 4073.dat
1 15 0 0 -30 1 0 0 0 1 0 0 0 1 43723.dat
1 72 -30 16 -40 0 0 -1 0 1 0 1 0 0 63868.dat
1 71 -30 8 -60 0 0 1 0 1 0 -1 0 0 18677.dat
1 71 -40 18 -70 -1 0 0 0 1 0 0 0 -1 61184.dat
1 35 -64 18 -70 0 1 0 1 0 0 0 0 -1 4589.dat
1 71 -20 -8 -20 0 0 -1 0 1 0 1 0 0 3956.dat
1 0 32 -28 -20 0 -1 0 0 0 -1 1 0 0 92947.dat
1 15 56 -28 -20 0 -1 0 0 0 -1 1 0 0 98100.dat
1 71 64 -28 -20 0 -1 0 0 0 -1 1 0 0 98138.dat
1 71 -10 8 -60 0 0 1 0 1 0 -1 0 0 18677.dat
1 72 -10 16 -40 0 0 -1 0 1 0 1 0 0 63868.dat
0
0
