0 
0 Name: New Model.ldr
0 Author: 
1 322 170 -8 0 0 0 1 0 1 0 -1 0 0 6003.dat
1 2 190 -32 50 -1 0 0 0 1 0 0 0 -1 3010.dat
1 2 210 -32 20 -1 0 0 0 1 0 0 0 -1 3003.dat
1 71 170 -32 20 -1 0 0 0 1 0 0 0 -1 3003.dat
1 2 170 -56 40 -1 0 0 0 1 0 0 0 -1 3003.dat
1 2 210 -56 40 0 0 1 0 1 0 -1 0 0 6215.dat
1 2 170 -80 40 1 0 0 0 1 0 0 0 1 6215.dat
1 71 140 -80 40 0 0 1 0 1 0 -1 0 0 3684.dat
1 71 160 -80 10 0 0 -1 0 1 0 1 0 0 60481.dat
1 71 140 -56 10 1 0 0 0 1 0 0 0 1 60481.dat
1 71 210 -16 -40 1 0 0 0 1 0 0 0 1 2460.dat
1 27 160 -88 10 1 0 0 0 1 0 0 0 1 15070.dat
1 27 140 -64 10 0 0 1 0 1 0 -1 0 0 15070.dat
1 27 150 -88 40 0 0 1 0 1 0 -1 0 0 87580.dat
1 4 140 -72 10 -0.707 0 0.707 0 1 0 -0.707 0 -0.707 33291.dat
1 484 150 -88 40 -0.5 0 -0.866 0 1 0 0.866 0 -0.5 33057.dat
1 0 180 -108 30 0.866 0 -0.5 0 1 0 0.5 0 0.866 6266.dat
1 308 188.66 -108 35 -0.25 -0.866 -0.433 0.866 0 -0.5 0.433 -0.5 0.75 64644.dat
1 47 155 -108 16 -0.25 0.866 0.433 0.866 0 0.5 0.433 0.5 -0.75 30153.dat
1 0 210 -26 -40 0.5 -0.866 0 0 0 1 -0.866 -0.5 0 92907.dat
1 4 192.68 -46 -50 0.5 -0.866 0 0 0 1 -0.866 -0.5 0 32062.dat
1 308 184.02 -55 -55 0.5 0 0.866 0 1 0 -0.866 0 0.5 88289.dat
1 70 196.68 -26 -56.928 0.836556 -0.5 -0.224294 -0.259 0 -0.966 0.483 0.866 -0.1295 33183.dat
1 26 206.68 -26 -74.248 -0.612262 -0.5 0.612262 0.707 0 0.707 -0.3535 0.866 0.3535 2423.dat
1 27 173.9391 -68.426 -102.389 0.836556 -0.5 -0.224294 -0.259 0 -0.966 0.483 0.866 -0.1295 22667.dat
1 27 225.49 -55.426 -36.83 -0.258762 0 0.965762 0 1 0 -0.965762 0 -0.258762 33291.dat
1 85 225.49 -63.426 -36.83 -0.258762 0 0.965762 0 1 0 -0.965762 0 -0.258762 6141.dat
1 27 165 -24 -17 -0.259 0 0.966 0 1 0 -0.966 0 -0.259 33291.dat
1 85 165 -32 -17 -0.259 0 0.966 0 1 0 -0.966 0 -0.259 6141.dat
