0 
0 Name: New Model.ldr
0 Author: 
1 27 60 -16 20 1 0 0 0 1 0 0 0 1 30565.dat
1 2 80 -8 50 -1 0 0 0 1 0 0 0 -1 3023.dat
1 2 70 -40 30 0 0 -1 0 1 0 1 0 0 59900.dat
1 2 70 -50 30 0 0 -1 0 1 0 1 0 0 19119.dat
1 26 70 -62.3887 55.9457 0.89366 0 0.44874 -0.41894 0.35837 0.83431 -0.16081 -0.93358 0.32026 24866.dat
1 26 92.3957 -62.4139 17.1474 -0.55688 -0.81313 0.16942 -0.25562 0.36186 0.8965 -0.79028 0.45594 -0.40937 24866.dat
1 26 47.3443 -62.6509 17.1538 -0.49366 0.8028 -0.33437 -0.09156 0.33437 0.93798 0.86482 0.49366 -0.09156 24866.dat
1 4 56.3056 -75.4053 37.7905 0.06054 0.44091 -0.89551 0.25546 0.86043 0.44091 0.96492 -0.25546 -0.06054 32606.dat
1 4 70.0271 -75.5738 14.055 -0.9977 0 0.06775 0.03326 0.87123 0.48975 -0.05902 0.49087 -0.86923 32606.dat
1 4 83.8429 -75.5308 37.9046 0.17913 -0.42618 0.88673 -0.19455 0.86816 0.45656 -0.9644 -0.2543 0.0726 32606.dat
