0 
0 Name: New Model.ldr
0 Author: 
1 2 60 -16 20 1 0 0 0 1 0 0 0 1 30565.dat
1 2 80 -8 50 -1 0 0 0 1 0 0 0 -1 3023.dat
1 2 20 -8 0 -1 0 0 0 1 0 0 0 -1 4032.dat
1 27 40 -24 30 1 0 0 0 1 0 0 0 1 15573.dat
1 27 30 -16 10 0 0 1 0 1 0 -1 0 0 54200.dat
1 322 40 -32 30 1 0 0 0 1 0 0 0 1 6141.dat
1 27 50 -16 10 0.70711 0 -0.70711 0 1 0 0.70711 0 0.70711 15279.dat
1 15 40 -32 30 1 0 0 0 1 0 0 0 1 24946.dat
1 27 90 -24 50 0 0 1 0 1 0 -1 0 0 24866.dat
1 27 90 -32 50 0 0 1 0 1 0 -1 0 0 24866.dat
1 27 90 -40 50 0.70711 0 0.70711 0 1 0 -0.70711 0 0.70711 24866.dat
1 10 90 -48 50 0.70711 0 0.70711 0 1 0 -0.70711 0 0.70711 32607.dat
1 15 90 -72 50 0.70711 0 0.70711 0 1 0 -0.70711 0 0.70711 4733.dat
1 191 90 -96 50 0.70711 0 0.70711 0 1 0 -0.70711 0 0.70711 3626.dat
1 15 82.9289 -72 42.9289 0.70711 0.70711 0 0 0 -1 -0.70711 0.70711 0 11477.dat
1 15 97.0711 -72 42.9289 0.70711 -0.70711 0 0 0 -1 0.70711 0.70711 0 11477.dat
1 15 97.0711 -72 57.0711 -0.70711 -0.70711 0 0 0 -1 0.70711 -0.70711 0 11477.dat
1 15 82.9289 -72 57.0711 -0.70711 0.70711 0 0 0 -1 -0.70711 -0.70711 0 11477.dat
