0 Main
0 Name: 4208 - 4 x 4 Fire Truck.mpd
0 Author: LTRON
1 2 -140 -8 340 -1 0 0 0 1 0 0 0 -1 3031.dat
1 6 -140 -32 340 -1 0 0 0 1 0 0 0 -1 3941.dat
1 6 -140 -56 340 -1 0 0 0 1 0 0 0 -1 3941.dat
1 6 -140 -80 340 -1 0 0 0 1 0 0 0 -1 3941.dat
1 6 -140 -104 340 -1 0 0 0 1 0 0 0 -1 3941.dat
1 6 -140 -128 340 -1 0 0 0 1 0 0 0 -1 3941.dat
1 6 -140 -136 340 -1 0 0 0 1 0 0 0 -1 98284.dat
1 288 -86.679 -144 389 0.423 0 -0.906 0 1 0 0.906 0 0.423 2417.dat
1 288 -193.679 -144 291 -0.423 0 0.906 0 1 0 -0.906 0 -0.423 2417.dat
1 6 -140 -160 340 -1 0 0 0 1 0 0 0 -1 3941.dat
1 6 -140 -168 340 0 0 1 0 1 0 -1 0 0 98284.dat
1 10 -91 -176 286.324 0.906 0 0.423 0 1 0 -0.423 0 0.906 2417.dat
1 10 -189 -176 393.317 -0.906 0 -0.423 0 1 0 0.423 0 -0.906 2417.dat
1 6 -140 -200 340 0 0 1 0 1 0 -1 0 0 98284.dat
1 6 -140 -192 340 -1 0 0 0 1 0 0 0 -1 3941.dat
1 2 -170 -208 340 0 0 1 0 1 0 -1 0 0 2423.dat
1 2 -140 -208 310 1 0 0 0 1 0 0 0 1 2423.dat
1 2 -110 -208 340 0 0 -1 0 1 0 1 0 0 2423.dat
1 2 -140 -208 370 -1 0 0 0 1 0 0 0 -1 2423.dat
1 2 -140 -208 340 0 0 1 0 1 0 -1 0 0 4032.dat
1 57 -210.905 -150 254.748 -0.423 0.906 0 0 0 -1 -0.906 -0.423 0 6126.dat
1 57 -248.378 -150 316.358 -0.423 0.906 0 0 0 -1 -0.906 -0.423 0 6126.dat
1 57 -54.742 -182 269.101 0.906 0.423 0 0 0 -1 -0.423 0.906 0 6126.dat
1 57 -140 -215 250 0.906 0.423 0 0 0 -1 -0.423 0.906 0 6126.dat
1 57 -230 -215 340 0.906 0.423 0 0 0 -1 -0.423 0.906 0 6126.dat
