0 
0 Name: New Model.ldr
0 Author: 
1 2 -280 -8 120 0 0 1 0 1 0 -1 0 0 3031.dat
1 27 -290 -16 90 0 0 -1 0 1 0 1 0 0 6141.dat
1 4 -270 -16 90 0 0 -1 0 1 0 1 0 0 6141.dat
1 70 -300 -32 160 0 0 1 0 1 0 -1 0 0 3830.dat
1 70 -300 -32 160 0 0 -1 0 1 0 1 0 0 3831.dat
1 70 -310 -56 130 0 0 -1 0 1 0 1 0 0 3005.dat
1 70 -300 -56 150 1 0 0 0 1 0 0 0 1 3004.dat
1 70 -290 -128 130 -1 0 0 0 1 0 0 0 -1 2339.dat
1 70 -290 -80 150 -1 0 0 0 1 0 0 0 -1 3005.dat
1 70 -310 -80 130 -1 0 0 0 1 0 0 0 -1 3005.dat
1 70 -290 -104 130 0 0 -1 0 1 0 1 0 0 2357.dat
1 70 -290 -112 120 0 0 -1 0 1 0 1 0 0 3023.dat
1 27 -310 -112 130 0 0 1 0 1 0 -1 0 0 49668.dat
1 70 -310 -152 150 0 0 -1 0 1 0 1 0 0 2339.dat
1 2 -280 -112 150 1 0 0 0 1 0 0 0 1 3710.dat
1 2 -310 -136 140 0 0 1 0 1 0 -1 0 0 3004.dat
1 70 -290 -136 140 0 0 1 0 1 0 -1 0 0 3004.dat
1 2 -305 -128 24.019 -0.5 0 0.866 0 1 0 -0.866 0 -0.5 3710.dat
1 288 -310 -136 15.359 0.5 0 -0.866 0 1 0 0.866 0 0.5 49668.dat
1 288 -320 -136 -1.961 0.866 0 0.5 0 1 0 -0.5 0 0.866 49668.dat
1 27 -310 -144 15.359 -0.5 0 0.866 0 1 0 -0.866 0 -0.5 49668.dat
1 2 -405 -152 124.019 -0.5 0 0.866 0 1 0 -0.866 0 -0.5 3710.dat
1 288 -410 -160 115.359 0.5 0 -0.866 0 1 0 0.866 0 0.5 49668.dat
1 288 -420 -160 98.039 0.866 0 0.5 0 1 0 -0.5 0 0.866 49668.dat
1 27 -410 -168 115.359 -0.5 0 0.866 0 1 0 -0.866 0 -0.5 49668.dat
1 2 -300 -160 130 -1 0 0 0 1 0 0 0 -1 3004.dat
1 2 -290 -136 80 0 0 1 0 1 0 -1 0 0 3710.dat
1 288 -290 -144 90 0 0 1 0 1 0 -1 0 0 49668.dat
1 288 -290 -144 50 0 0 1 0 1 0 -1 0 0 49668.dat
1 27 -290 -144 70 0 0 -1 0 1 0 1 0 0 49668.dat
1 2 -360 -160 150 -1 0 0 0 1 0 0 0 -1 3710.dat
1 288 -350 -168 150 -1 0 0 0 1 0 0 0 -1 49668.dat
1 288 -390 -168 150 -1 0 0 0 1 0 0 0 -1 49668.dat
1 27 -370 -168 150 1 0 0 0 1 0 0 0 1 49668.dat
1 27 -310 -168 130 0.707 0 0.707 0 1 0 -0.707 0 0.707 49668.dat
1 27 -250 -120 150 0.707 0 -0.707 0 1 0 0.707 0 0.707 49668.dat
