0 
0 Name: New Model.ldr
0 Author: 
1 6 -290 -160 -20 1 0 0 0 1 0 0 0 1 2563.dat
1 6 -290 -191 -20 1 0 0 0 1 0 0 0 1 2536.dat
1 6 -290 -221 -20 1 0 0 0 1 0 0 0 1 2536.dat
1 6 -290 -251 -20 1 0 0 0 1 0 0 0 1 2536.dat
1 6 -290 -281 -20 1 0 0 0 1 0 0 0 1 2536.dat
1 6 -290 -311 -20 1 0 0 0 1 0 0 0 1 2536.dat
1 6 -290 -351 -20 0.707 0 -0.707 0 1 0 0.707 0 0.707 2566.dat
1 2 -282.929 -363 -27.071 0.707 0 -0.707 0 1 0 0.707 0 0.707 2518.dat
1 2 -297.071 -363 -12.929 -0.707 0 0.707 0 1 0 -0.707 0 -0.707 2518.dat
1 2 -297.071 -371 -27.071 0.707 0 0.707 0 1 0 -0.707 0 0.707 2518.dat
1 2 -282.929 -371 -12.929 -0.707 0 -0.707 0 1 0 0.707 0 -0.707 2518.dat
1 2 -290 -379 -20 -0.707 0 -0.707 0 1 0 0.707 0 -0.707 4032.dat
1 4 -290 -379 -5.858 0.924 0 0.383 0 1 0 -0.383 0 0.924 2546.dat
