0 
0 Name: New Model.ldr
0 Author: 
1 0 40 -48 250 0.707 0 -0.707 0 1 0 0.707 0 0.707 4032.dat
1 2 40 -72 264.14 -0.707 0 -0.707 0 1 0 0.707 0 -0.707 4286.dat
1 2 25.86 -72 250 -0.707 0 0.707 0 1 0 -0.707 0 -0.707 4286.dat
1 14 68.28 -48 292.42 -0.707 0 0.707 0 1 0 -0.707 0 -0.707 6141.dat
1 4 -2.42 -48 278.28 -0.707 0 0.707 0 1 0 -0.707 0 -0.707 6141.dat
1 2 54.14 -72 250 0.707 0 -0.707 0 1 0 0.707 0 0.707 4286.dat
1 2 40 -72 235.86 0.707 0 0.707 0 1 0 -0.707 0 0.707 4286.dat
1 4 82.42 -48 221.72 0.707 0 0.707 0 1 0 -0.707 0 0.707 6141.dat
1 14 11.72 -48 207.58 0.707 0 0.707 0 1 0 -0.707 0 0.707 6141.dat
1 2 40 -80 250 0.707 0 0.707 0 1 0 -0.707 0 0.707 4032.dat
1 288 25.86 -104 250 0.707 0 0.707 0 1 0 -0.707 0 0.707 3040.dat
1 15 40 -104 264.14 -0.707 0 0.707 0 1 0 -0.707 0 -0.707 3040.dat
1 14 25.86 -80 278.28 -0.707 0 0.707 0 1 0 -0.707 0 -0.707 6141.dat
1 4 11.72 -80 235.86 -0.707 0 0.707 0 1 0 -0.707 0 -0.707 6141.dat
1 288 54.14 -104 250 -0.707 0 -0.707 0 1 0 0.707 0 -0.707 3040.dat
1 15 40 -104 235.86 0.707 0 -0.707 0 1 0 0.707 0 0.707 3040.dat
1 14 54.14 -80 221.72 0.707 0 -0.707 0 1 0 0.707 0 0.707 6141.dat
1 4 68.28 -80 264.14 0.707 0 -0.707 0 1 0 0.707 0 0.707 6141.dat
1 2 40 -112 250 0.707 0 -0.707 0 1 0 0.707 0 0.707 4032.dat
1 10 40 -120 250 0.999698 0 0 0 1 0 0 0 0.999698 33291.dat
1 15 40 -144 250 0.707 0 0.707 0 1 0 -0.707 0 0.707 59900.dat
1 46 40 -168 250 0.707 0 0.707 0 1 0 -0.707 0 0.707 3062.dat
1 2 68.28 0 250 0.707 0 -0.707 0 1 0 0.707 0 0.707 30565.dat
1 15 47.07 -8 271.21 0.707 0 -0.707 0 1 0 0.707 0 0.707 3710.dat
1 15 61.21 -8 257.07 0.707 0 -0.707 0 1 0 0.707 0 0.707 3710.dat
1 15 75.35 -8 242.93 0.707 0 -0.707 0 1 0 0.707 0 0.707 3023.dat
1 15 61.21 -8 214.65 0.707 0 0.707 0 1 0 -0.707 0 0.707 3023.dat
1 70 40 -16 250 0.707 0 0.707 0 1 0 -0.707 0 0.707 3022.dat
1 70 40 -40 250 0.707 0 0.707 0 1 0 -0.707 0 0.707 3062.dat
