0 FILE Saesee Tiin Jedi Starfighter.ldr
0 Saesee Tiin Jedi Starfighter
0 Name: Saesee Tiin Jedi Starfighter.ldr
0 Author: LDraw
0 Unofficial Model
0 ROTATION CENTER 0 0 0 1 "Custom" 
0 ROTATION CONFIG 0 0
1 0 70.113 -47.869 23.436 0.893181 0.020598 0.449224 0.218254 0.853553 -0.473087 -0.393182 0.520597 0.757882 Part 2.ldr
1 0 46.677 56 63.549 0 0 1 0 1 0 -1 0 0 Astromech.ldr
1 0 46.677 24 153.549 0 0 1 0 1 0 -1 0 0 Saesee Tiin.ldr
1 0 46.677 40 -46.451 0 0 1 0 1 0 -1 0 0 Evan Piell.ldr
0
0 FILE Evan Piell.ldr
0 Evan Piell
0 Name: Evan Piell.ldr
0 Author: LDraw
0 Unofficial Model
0 ROTATION CENTER 0 0 0 1 "Custom" 
0 ROTATION CONFIG 0 0
1 78 0 -24 0 1 0 0 0 1 0 0 0 1 6093a.dat
1 78 0 -24 0 1 0 0 0 1 0 0 0 1 3626bp01.dat
1 308 0 0 0 1 0 0 0 1 0 0 0 1 973.dat
1 0 0 32 0 1 0 0 0 1 0 0 0 1 41879b.dat
1 308 -15.552 9 0 0.985 -0.17 0 0.17 0.985 0 0 0 1 3818.dat
1 308 15.552 9 0 0.985 0.17 0 -0.17 0.985 0 0 0 1 3819.dat
1 78 -23.8634 26.5956 -10.321 0.985 -0.12019 0.12019 0.17 0.696395 -0.696395 0 0.707 0.707 3820.dat
1 78 23.8634 26.5956 -10.321 0.985 0.12019 -0.12019 -0.17 0.696395 -0.696395 0 0.707 0.707 3820.dat
1 42 -23.1951 22.7236 -33.8217 0.985 -0.0874983 0.14567 0.17 0.506976 -0.844031 0 0.856884 0.514696 577bc01.dat
0
0 FILE Saesee Tiin.ldr
0 Saesee Tiin
0 Name: Saesee Tiin.ldr
0 Author: LDraw
0 Unofficial Model
0 ROTATION CENTER 0 0 0 1 "Custom" 
0 ROTATION CONFIG 0 0
1 484 0 -24 0 1 0 0 0 1 0 0 0 1 3625.dat
1 78 0 -24 0 1 0 0 0 1 0 0 0 1 3626bp01.dat
1 308 0 0 0 1 0 0 0 1 0 0 0 1 973.dat
1 308 0 32 0 1 0 0 0 1 0 0 0 1 3815.dat
1 15 -15.552 9 0 0.985 -0.17 0 0.17 0.985 0 0 0 1 3818.dat
1 15 15.552 9 0 0.985 0.17 0 -0.17 0.985 0 0 0 1 3819.dat
1 0 -23.8634 26.5956 -10.321 0.985 -0.12019 0.12019 0.17 0.696395 -0.696395 0 0.707 0.707 3820.dat
1 0 23.8634 26.5956 -10.321 0.985 0.12019 -0.12019 -0.17 0.696395 -0.696395 0 0.707 0.707 3820.dat
1 42 -23.1951 22.7236 -33.8217 0.985 -0.0874983 0.14567 0.17 0.506976 -0.844031 0 0.856884 0.514696 577bc01.dat
1 308 0 44 0 1 0 0 0 1 0 0 0 1 3816.dat
1 308 0 44 0 1 0 0 0 1 0 0 0 1 3817.dat
0
0 FILE Astromech.ldr
0 Astromech
0 Name: Astromech.ldr
0 Author: LDraw
0 Unofficial Model
0 ROTATION CENTER 0 0 0 1 "Custom" 
0 ROTATION CONFIG 0 0
1 2 10 -8 0 1 0 0 0 1 0 0 0 1 30361dps2.dat
1 2 -10 -8 0 0 0 -1 0 1 0 1 0 0 30362.dat
1 2 30 -8 0 0 0 1 0 1 0 -1 0 0 30362.dat
1 80 10 -42 0 1 0 0 0 1 0 0 0 1 30367bps7.dat
0
0 FILE Part 1.ldr
0 Part 1
0 Name: Part 1.ldr
0 Author: LDraw
0 Unofficial Model
0 ROTATION CENTER 0 0 0 1 "Custom" 
0 ROTATION CONFIG 0 0
1 0 -20 0 0 -1 0 0 0 1 0 0 0 -1 3034.dat
1 0 -80 -18 -64 1 0 0 0 0 -1 0 1 0 32028.dat
1 0 -70 -40 0 0 0 -1 0 1 0 1 0 0 3039pc1.dat
1 72 20 -8 0 1 0 0 0 1 0 0 0 1 3022.dat
1 72 60 -28 24 1 0 0 0 0 1 0 -1 0 3022.dat
1 72 40 -28 48 0 0 -1 1 0 0 0 -1 0 47755.dat
1 72 -80 -48 0 1 0 0 0 1 0 0 0 1 3022.dat
1 72 -50 -16 0 0 0 -1 0 1 0 1 0 0 3023.dat
1 72 50 -28 8 0 0 -1 1 0 0 0 -1 0 3023.dat
1 288 30 -40 0 0 0 -1 0 1 0 1 0 0 3004.dat
1 71 -70 -8 0 1 0 0 0 1 0 0 0 1 3021.dat
1 71 -60 -18 -40 1 0 0 0 0 -1 0 1 0 3710.dat
1 71 -60 -18 -48 1 0 0 0 0 -1 0 1 0 3710.dat
1 288 -60 -18 -64 -1 0 0 0 0 1 0 1 0 6081.dat
1 288 -90 -18 -64 0 0 1 1 0 0 0 1 0 54200.dat
1 288 -50 -18 -80 0 0 -1 -1 0 0 0 1 0 50950.dat
1 0 -80 -18 64 -1 0 0 0 0 -1 0 -1 0 32028.dat
1 71 -60 -18 40 -1 0 0 0 0 -1 0 -1 0 3710.dat
1 71 -60 -18 48 -1 0 0 0 0 -1 0 -1 0 3710.dat
1 288 -60 -18 64 1 0 0 0 0 1 0 -1 0 6081.dat
1 288 -90 -18 64 0 0 1 -1 0 0 0 -1 0 54200.dat
1 288 -50 -18 80 0 0 -1 1 0 0 0 -1 0 50950.dat
1 71 30 -28 32 1 0 0 0 0 1 0 -1 0 3021.dat
1 71 10 -28 40 1 0 0 0 0 1 0 -1 0 3021.dat
1 71 40 -28 56 0 0 -1 1 0 0 0 -1 0 93606.dat
1 71 70 -28 16 1 0 0 0 0 1 0 -1 0 3021.dat
1 71 20 -16 -10 1 0 0 0 1 0 0 0 1 99207.dat
1 71 20 -16 10 -1 0 0 0 1 0 0 0 -1 99207.dat
1 71 -80 -16 -10 1 0 0 0 1 0 0 0 1 99207.dat
1 71 -80 -16 10 -1 0 0 0 1 0 0 0 -1 99207.dat
1 71 -90 -40 0 0 0 1 0 1 0 -1 0 0 30526.dat
1 71 10 -16 0 0 0 1 0 1 0 -1 0 0 85984.dat
1 71 90 -28 16 0 0 -1 1 0 0 0 -1 0 85984.dat
1 15 50 -8 0 0 0 -1 0 1 0 1 0 0 3069b.dat
1 15 -90 -64 0 0 0 -1 0 1 0 1 0 0 3069b.dat
1 15 -80 -56 10 1 0 0 0 1 0 0 0 1 92280.dat
1 15 -80 -56 -10 1 0 0 0 1 0 0 0 1 92280.dat
1 40 -70 -64 0 0 0 -1 0 1 0 1 0 0 87752.dat
1 15 100 -48 8 1 0 0 0 0 1 0 -1 0 6179.dat
1 72 60 -28 -24 1 0 0 0 0 -1 0 1 0 3022.dat
1 72 40 -28 -48 0 0 -1 -1 0 0 0 1 0 47755.dat
1 72 -40 -28 48 0 0 1 -1 0 0 0 -1 0 47755.dat
1 72 -40 -28 -48 0 0 1 1 0 0 0 1 0 47755.dat
1 72 50 -28 -8 0 0 -1 -1 0 0 0 1 0 3023.dat
1 72 -90 -28 -32 0 0 -1 -1 0 0 0 1 0 3023.dat
1 72 -90 -28 32 0 0 1 -1 0 0 0 -1 0 3023.dat
1 71 30 -28 -32 1 0 0 0 0 -1 0 1 0 3021.dat
1 71 10 -28 -40 1 0 0 0 0 -1 0 1 0 3021.dat
1 71 40 -28 -56 0 0 -1 -1 0 0 0 1 0 93606.dat
1 71 70 -28 -16 1 0 0 0 0 -1 0 1 0 3021.dat
1 71 90 -28 -16 0 0 -1 -1 0 0 0 1 0 85984.dat
1 15 -10 -28 48 0 0 -1 1 0 0 0 -1 0 85984.dat
1 15 -10 -28 -47.999 0 0 -1 -1 0 0 0 1 0 85984.dat
1 15 100 -48 -8 -1 0 0 0 0 1 0 1 0 6179.dat
1 15 30 -72 0 0 0 1 0 1 0 -1 0 0 2432.dat
0
0 FILE Part 2.ldr
0 Part 2
0 Name: Part 2.ldr
0 Author: LDraw
0 Unofficial Model
0 ROTATION CENTER 0 0 0 1 "Custom" 
0 ROTATION CONFIG 0 0
1 71 70 -8 0 1 0 0 0 1 0 0 0 1 3034.dat
1 71 160 0 0 0 0 -1 0 1 0 1 0 0 3660.dat
1 71 140 0 0 0 0 1 0 1 0 -1 0 0 3747b.dat
1 71 170 -56 0 1 0 0 0 1 0 0 0 1 3020.dat
1 71 -50 -40 0 0 0 -1 0 1 0 1 0 0 3020.dat
1 71 -70 -72 0 0 0 -1 0 1 0 1 0 0 3020.dat
1 71 -130 -80 0 -1 0 0 0 1 0 0 0 -1 3020.dat
1 71 110 -56 -10 1 0 0 0 1 0 0 0 1 44567.dat
1 71 110 -56 10 -1 0 0 0 1 0 0 0 -1 44567.dat
1 71 70 -56 -10 1 0 0 0 1 0 0 0 1 44567.dat
1 71 70 -56 10 -1 0 0 0 1 0 0 0 -1 44567.dat
1 71 -90 -56 -10 1 0 0 0 1 0 0 0 1 44567.dat
1 71 -20 -8 0 0 0 -1 0 1 0 1 0 0 63868.dat
1 71 -90 -56 10 -1 0 0 0 1 0 0 0 -1 44567.dat
1 71 -130 -56 -10 1 0 0 0 1 0 0 0 1 44567.dat
1 71 -30 -29.06 -95.437 1 0 0 0 0.92388 -0.382683 0 0.382683 0.92388 Part 3.ldr
1 71 -170 -80.464 -60.302 -1 0 0 0 0.861629 0.507538 0 0.507538 -0.861629 61184.dat
1 71 -170 -80.378 60.455 -1 0 0 0 0.859406 -0.511293 0 -0.511293 -0.859406 61184.dat
1 72 -194 -80.516 60.438 0 1 0 0.859406 0 -0.511293 -0.511293 0 -0.859406 4589.dat
1 72 -194 -80.602 -60.293 0 1 0 0.861629 0 0.507538 0.507538 0 -0.861629 4589.dat
1 71 -130 -56 10 -1 0 0 0 1 0 0 0 -1 44567.dat
1 71 -30 -82.636 -33.906 1 0 0 0 0.92388 0.382683 0 -0.382683 0.92388 Part 4.ldr
1 71 50 -40 0 1 0 0 0 1 0 0 0 1 3007.dat
1 71 10 -40 30 1 0 0 0 1 0 0 0 1 3710.dat
1 71 10 -40 -30 1 0 0 0 1 0 0 0 1 3710.dat
1 71 150 -40 -10 1 0 0 0 1 0 0 0 1 2436b.dat
1 71 150 -40 10 -1 0 0 0 1 0 0 0 -1 2436b.dat
1 72 110 -16 0 1 0 0 0 1 0 0 0 1 3795.dat
1 72 -90 -24 0 1 0 0 0 1 0 0 0 1 3795.dat
1 72 -231.535 -20.284 0 0.92388 -0.382683 0 0.382683 0.92388 0 0 0 1 30383.dat
1 72 -150 -16 0 1 0 0 0 1 0 0 0 1 2654.dat
1 72 -10 0 0 1 0 0 0 1 0 0 0 1 2654.dat
1 72 -410 -56 0 1 0 0 0 1 0 0 0 1 2654.dat
1 72 -110 -32 0 1 0 0 0 1 0 0 0 1 3795.dat
1 72 -130 -64 0 1 0 0 0 1 0 0 0 1 3795.dat
1 72 30 -32 -30 1 0 0 0 1 0 0 0 1 3023.dat
1 72 30 -32 30 1 0 0 0 1 0 0 0 1 3023.dat
1 72 -30 -32 0 1 0 0 0 1 0 0 0 1 4854.dat
1 288 30 -16 0 0 0 -1 0 1 0 1 0 0 3020.dat
1 288 -200 -64 0 0 0 -1 0 1 0 1 0 0 3666.dat
1 288 -370 -56 0 0 0 1 0 1 0 -1 0 0 48183.dat
1 288 -270 -56 -50 0 0 1 0 1 0 -1 0 0 54384.dat
1 288 -270 -56 50 0 0 1 0 1 0 -1 0 0 54383.dat
1 288 -310 -64 30 0 0 1 0 1 0 -1 0 0 47398.dat
1 288 -310 -64 -30 0 0 1 0 1 0 -1 0 0 47397.dat
1 288 -130 -88 0 0 0 1 0 1 0 -1 0 0 45301.dat
1 288 150 -20 -33 0 0 1 1 0 0 0 1 0 41770.dat
1 288 150 -20 32 0 0 1 -1 0 0 0 -1 0 41769.dat
1 288 214 -30 -10 0 -1 0 0 0 -1 1 0 0 3040b.dat
1 288 214 -30 10 0 -1 0 0 0 -1 1 0 0 3040b.dat
1 14 150 -24 0 0 0 -1 0 1 0 1 0 0 3022.dat
1 72 150 -32 0 0 0 -1 0 1 0 1 0 0 3022.dat
1 71 180 -16 0 0 0 -1 0 1 0 1 0 0 99206.dat
1 0 180 -40 10 0 0 -1 0 1 0 1 0 0 87087.dat
1 0 30 -24 -30 1 0 0 0 1 0 0 0 1 60471.dat
1 0 -170 -40 0 1 0 0 0 1 0 0 0 1 2445.dat
1 0 -170 -46 -40 1 0 0 0 0.861629 -0.507538 0 0.507538 0.861629 2780.dat
1 0 -170 -46 40 1 0 0 0 0.859406 0.511293 0 -0.511293 0.859406 2780.dat
1 0 -70 -48 0 1 0 0 0 1 0 0 0 1 2445.dat
1 0 -210 -72 0 1 0 0 0 1 0 0 0 1 2445.dat
1 288 -10 -104 -30 1 0 0 0 1 0 0 0 1 6081.dat
1 288 -60 -96 0 0 0 -1 0 1 0 1 0 0 3004.dat
1 288 -60 -96 -30 1 0 0 0 1 0 0 0 1 3040b.dat
1 15 -80 -96 -10 1 0 0 0 1 0 0 0 1 4286.dat
1 15 -60 -96 0 0 0 1 0 1 0 -1 0 0 85984.dat
1 15 40 -120 0 0 0 1 0 1 0 -1 0 0 85984.dat
1 15 -80 -96 10 -1 0 0 0 1 0 0 0 -1 4286.dat
1 288 -60 -96 30 -1 0 0 0 1 0 0 0 -1 3040b.dat
1 288 -10 -104 30 -1 0 0 0 1 0 0 0 -1 6081.dat
1 288 0 -120 30 0 0 1 0 1 0 -1 0 0 50950.dat
1 288 0 -120 -30 0 0 1 0 1 0 -1 0 0 50950.dat
1 142 40 -104 30 -1 0 0 0 1 0 0 0 -1 6091.dat
1 142 40 -104 -30 1 0 0 0 1 0 0 0 1 6091.dat
1 142 40 -128 -10 1 0 0 0 1 0 0 0 1 6091.dat
1 142 40 -128 10 -1 0 0 0 1 0 0 0 -1 6091.dat
1 4 -270 -56 0 1 0 0 0 1 0 0 0 1 3832.dat
1 0 -160 -24 0 0 0 1 0 1 0 -1 0 0 60471.dat
1 0 -200 -22 0 0 0 -1 0 1 0 1 0 0 30554a.dat
1 72 28.465 -4.977 -96.956 0 0 -1 0.382683 0.92388 0 0.92388 -0.382683 0 30383.dat
1 0 28.465 -14.346 -66.944 -1 0 0 0 0.92388 0.382683 0 0.382683 -0.92388 30554a.dat
1 72 28.465 -4.567 96.873 0 0 1 0.382683 0.92388 0 -0.92388 0.382683 0 30383.dat
1 0 28.465 -14.346 66.944 1 0 0 0 0.92388 0.382683 0 -0.382683 0.92388 30554a.dat
1 0 40 -112 0 0 0 1 0 1 0 -1 0 0 32000.dat
1 0 150 -72 0 1 0 0 0 1 0 0 0 1 Part 1.ldr
1 0 30 -24 30 -1 0 0 0 1 0 0 0 -1 60471.dat
1 0 180 -40 -10 0 0 -1 0 1 0 1 0 0 87087.dat
1 72 110 -48 0 1 0 0 0 1 0 0 0 1 3795.dat
1 72 -10 -64 -30 1 0 0 0 1 0 0 0 1 3009.dat
1 72 -160 -63.236 -50.151 0 1 0 0.507538 0 -0.861629 -0.861629 0 -0.507538 32523.dat
1 72 -160 -63.188 50.229 0 1 0 -0.511293 0 -0.859406 -0.859406 0 0.511293 32523.dat
1 71 -20 -88 -30 1 0 0 0 1 0 0 0 1 3622.dat
1 71 -20 -88 30 1 0 0 0 1 0 0 0 1 3622.dat
1 71 40 -88 -30 0 0 -1 0 1 0 1 0 0 2357.dat
1 71 40 -88 30 -1 0 0 0 1 0 0 0 -1 2357.dat
1 72 -10 -64 30 1 0 0 0 1 0 0 0 1 3009.dat
1 72 130 -64 10 1 0 0 0 1 0 0 0 1 4162.dat
1 72 -270 -48 30 0 0 1 0 1 0 -1 0 0 50304.dat
1 72 -270 -48 -30 0 0 1 0 1 0 -1 0 0 50305.dat
1 72 130 -64 -10 1 0 0 0 1 0 0 0 1 4162.dat
1 72 180 -48 0 0 0 -1 0 1 0 1 0 0 3023.dat
1 4 -40 -32 0 0 0 -1 0 1 0 1 0 0 3023.dat
1 4 40 -56 0 0 0 -1 0 1 0 1 0 0 3023.dat
1 72 40 -64 0 0 0 -1 0 1 0 1 0 0 3023.dat
1 4 -60 -56 0 0 0 -1 0 1 0 1 0 0 3023.dat
1 142 -40 -56 0 0 0 -1 0 1 0 1 0 0 3794a.dat
1 142 20 -56 0 0 0 -1 0 1 0 1 0 0 3794a.dat
1 15 -10 -56 0 0 0 -1 0 1 0 1 0 0 3068b.dat
1 15 -130 -96 0 -1 0 0 0 1 0 0 0 -1 87079.dat
1 15 -90 -104 0 0 0 1 0 1 0 -1 0 0 43719.dat
1 15 -190 -56 -40 1 0 0 0 1 0 0 0 1 10247.dat
1 15 -190 -56 40 1 0 0 0 1 0 0 0 1 10247.dat
1 72 200 -48 0 0 0 -1 0 1 0 1 0 0 99780.dat
1 72 238 -50 0 0 -1 0 -1 0 0 0 0 -1 3044b.dat
1 288 238 -30 0 0 -1 0 0 0 -1 1 0 0 3048.dat
0
0 FILE Part 3.ldr
0 Part 3
0 Name: Part 3.ldr
0 Author: LDraw
0 Unofficial Model
0 ROTATION CENTER 0 0 0 1 "Custom" 
0 ROTATION CONFIG 0 0
1 15 0 -8 0 0 0 1 0 1 0 -1 0 0 30355.dat
1 15 150 -8 0 1 0 0 0 1 0 0 0 1 54384.dat
1 288 100 0 -60 0 0 1 0 1 0 -1 0 0 41770.dat
1 28 117 42 20 1 0 0 0 1 0 0 0 1 6587.dat
1 72 135 42 20 0 0 1 0 1 0 -1 0 0 10928.dat
1 43 155 42 20 0 -1 0 0 0 1 -1 0 0 4073.dat
1 43 179 42 20 0 -1 0 0 0 1 -1 0 0 3062b.dat
1 288 -120 -16 10 0 0 1 0 1 0 -1 0 0 54384.dat
1 288 60 -16 50 1 0 0 0 1 0 0 0 1 2431.dat
1 288 60 -16 0 0 0 1 0 1 0 -1 0 0 30565.dat
1 288 -80 -16 50 1 0 0 0 1 0 0 0 1 2431.dat
1 71 -80 0 30 1 0 0 0 1 0 0 0 1 3710.dat
1 71 120 8 10 1 0 0 0 1 0 0 0 1 3710.dat
1 71 120 42 20 0 0 -1 0 1 0 1 0 0 u9017.dat
1 71 -100 16 40 1 0 0 0 1 0 0 0 1 2817.dat
1 71 -120 26 40 -1 0 0 0 1 0 0 0 -1 61184.dat
1 71 120 0 20 1 0 0 0 1 0 0 0 1 3020.dat
1 288 120 8 40 1 0 0 0 1 0 0 0 1 3020.dat
1 288 -80 8 40 1 0 0 0 1 0 0 0 1 3020.dat
1 0 -100 0 50 -1 0 0 0 1 0 0 0 -1 60471.dat
1 0 -60 0 50 -1 0 0 0 1 0 0 0 -1 60471.dat
1 0 100 0 50 -1 0 0 0 1 0 0 0 -1 60471.dat
1 0 150 -16 40 0 0 1 0 1 0 -1 0 0 2412b.dat
1 0 120 -16 40 0 0 1 0 1 0 -1 0 0 3068b.dat
1 0 -20 14 42 1 0 0 0 0 1 0 -1 0 44728.dat
1 72 -20 14 50 1 0 0 0 0 1 0 -1 0 3023.dat
1 72 -144 26 40 0 1 0 0 0 1 1 0 0 4589.dat
1 0 130 -16 -10 1 0 0 0 1 0 0 0 1 2450.dat
1 288 -30 -16 10 0 0 -1 0 1 0 1 0 0 2450.dat
1 0 140 0 50 -1 0 0 0 1 0 0 0 -1 60471.dat
0
0 FILE Part 4.ldr
0 Part 4
0 Name: Part 4.ldr
0 Author: LDraw
0 Unofficial Model
0 ROTATION CENTER 0 0 0 1 "Custom" 
0 ROTATION CONFIG 0 0
1 15 0 -8 140 0 0 1 0 1 0 -1 0 0 30356.dat
1 15 60 -24 140 0 0 1 0 1 0 -1 0 0 4150ps6.dat
1 15 150 -8 140 -1 0 0 0 1 0 0 0 -1 54383.dat
1 288 100 0 200 0 0 1 0 1 0 -1 0 0 41769.dat
1 28 117 42 120 1 0 0 0 1 0 0 0 1 6587.dat
1 72 135 42 120 0 0 1 0 1 0 -1 0 0 10928.dat
1 43 155 42 120 0 -1 0 0 0 1 -1 0 0 4073.dat
1 43 179 42 120 0 -1 0 0 0 1 -1 0 0 3062b.dat
1 288 -120 -16 130 0 0 1 0 1 0 -1 0 0 54383.dat
1 288 60 -16 90 1 0 0 0 1 0 0 0 1 2431.dat
1 288 60 -16 140 -1 0 0 0 1 0 0 0 -1 30565.dat
1 288 -80 -16 90 1 0 0 0 1 0 0 0 1 2431.dat
1 71 -80 0 110 1 0 0 0 1 0 0 0 1 3710.dat
1 71 120 8 130 1 0 0 0 1 0 0 0 1 3710.dat
1 71 120 42 120 0 0 -1 0 1 0 1 0 0 u9017.dat
1 71 -100 16 100 1 0 0 0 1 0 0 0 1 2817.dat
1 71 -120 26 100 -1 0 0 0 1 0 0 0 -1 61184.dat
1 71 120 0 120 1 0 0 0 1 0 0 0 1 3020.dat
1 288 120 8 100 1 0 0 0 1 0 0 0 1 3020.dat
1 288 -80 8 100 1 0 0 0 1 0 0 0 1 3020.dat
1 0 -100 0 90 1 0 0 0 1 0 0 0 1 60471.dat
1 0 -60 0 90 1 0 0 0 1 0 0 0 1 60471.dat
1 0 100 0 90 1 0 0 0 1 0 0 0 1 60471.dat
1 0 150 -16 100 0 0 1 0 1 0 -1 0 0 2412b.dat
1 0 120 -16 100 0 0 1 0 1 0 -1 0 0 3068b.dat
1 0 -20 14 99 -1 0 0 0 0 1 0 1 0 44728.dat
1 72 -20 14 91 -1 0 0 0 0 1 0 1 0 3023.dat
1 72 -144 26 100 0 1 0 0 0 1 1 0 0 4589.dat
1 0 130 -16 150 0 0 -1 0 1 0 1 0 0 2450.dat
1 288 -30 -16 130 1 0 0 0 1 0 0 0 1 2450.dat
1 0 140 0 90 1 0 0 0 1 0 0 0 1 60471.dat
0 
0
0
