0 FILE Part 1.ldr
0 Part 1
0 Name: Part 1.ldr
0 Author: LDraw
0 Unofficial Model
0 ROTATION CENTER 0 0 0 1 "Custom" 
0 ROTATION CONFIG 0 0
1 72 -30 16 0 1 0 0 0 1 0 0 0 1 3022.dat
1 72 -10 8 0 1 0 0 0 1 0 0 0 1 3022.dat
1 71 0 -8 0 1 0 0 0 1 0 0 0 1 3021.dat
1 71 -8 -86 0 -0.382683 0 -0.92388 0 1 0 0.92388 0 -0.382683 48729.dat
1 72 -90.225 -87 -34.059 -0.382683 -0.92388 0 0 0 -1 0.92388 -0.382683 0 63965.dat
1 1 -33.869 -87 -10.715 0.382683 0.92388 0 0 0 -1 -0.92388 0.382683 0 4589.dat
1 1 -10 -16 0 0 0 1 0 1 0 -1 0 0 47755.dat
1 72 -20 0 0 0 0 -1 0 1 0 1 0 0 3023.dat
1 72 0 -16 0 0 0 -1 0 1 0 1 0 0 3023.dat
1 72 -40 -24 0 0 0 1 0 1 0 -1 0 0 3937.dat
1 72 -47.973 -39.699 0 0.41866 0.908143 0 -0.908143 0.41866 0 0 0 1 Part 2.ldr
1 72 -20 -40 0 0 0 -1 0 1 0 1 0 0 2432.dat
1 80 -26 -36 0 0 1 0 -1 0 0 0 0 1 53989.dat
1 72 10 -16 0 0 0 -1 0 1 0 1 0 0 30602.dat
1 71 -40 8 0 0 0 1 0 1 0 -1 0 0 32028.dat
1 71 -30 24 0 0 0 1 0 1 0 -1 0 0 4032b.dat
1 0 -30 32 0 0 0 -1 0 1 0 1 0 0 30033.dat
1 0 -7.125 13.543 -22.875 -0.653281 0.270598 -0.707107 0.382683 0.92388 0 0.653281 -0.270598 -0.707107 Part 3.ldr
1 0 -52.875 13.543 22.875 0.653281 -0.270598 0.707107 0.382683 0.92388 0 -0.653281 0.270598 0.707107 Part 3.ldr
1 0 -52.875 13.543 -22.875 0.653281 -0.270598 -0.707107 0.382683 0.92388 0 0.653281 -0.270598 0.707107 Part 3.ldr
1 0 -7.125 13.543 22.875 -0.653281 0.270598 0.707107 0.382683 0.92388 0 -0.653281 0.270598 -0.707107 Part 3.ldr
1 47 -30 40 0 0 0 1 0 1 0 -1 0 0 6143.dat
1 0 -30 40 0 0 0 1 1 0 0 0 1 0 32062.dat
1 71 0 0 0 0 0 -1 0 1 0 1 0 0 99781.dat
1 57 22 10 -10 0 -1 0 0 0 -1 1 0 0 4073.dat
1 57 22 10 10 0 -1 0 0 0 -1 1 0 0 4073.dat
1 0 -30 13.543 -32.35 0 0 -1 0.382683 0.92388 0 0.92388 -0.382683 0 Part 3.ldr
1 0 -30 13.543 32.35 0 0 1 0.382683 0.92388 0 -0.92388 0.382683 0 Part 3.ldr
0
0 FILE Part 2.ldr
0 Part 2
0 Name: Part 2.ldr
0 Author: LDraw
0 Unofficial Model
0 ROTATION CENTER 0 0 0 1 "Custom" 
0 ROTATION CONFIG 0 0
1 71 -20 8 0 0 0 -1 0 1 0 1 0 0 6134.dat
1 71 -40 0 0 0 0 -1 0 1 0 1 0 0 3794b.dat
1 72 -20 8 0 0 0 -1 0 1 0 1 0 0 85984.dat
1 43 -40 -8 0 0 0 -1 0 1 0 1 0 0 4073.dat
0
0 FILE Part 3.ldr
0 Part 3
0 Name: Part 3.ldr
0 Author: LDraw
0 Unofficial Model
0 ROTATION CENTER 0 0 0 1 "Custom" 
0 ROTATION CONFIG 0 0
1 1 -20 16 0 1 0 0 0 1 0 0 0 1 63868.dat
1 1 -40.367 54.482 0 -0.382683 0.92388 0 -0.92388 -0.382683 0 0 0 1 63868.dat
1 71 -20 24 0 -1 0 0 0 1 0 0 0 -1 60478.dat
1 71 -58.714 72.905 0 0 0.92388 0.382683 0 -0.382683 0.92388 1 0 0 50950.dat
0
0
