0 
0 Name: New Model.ldr
0 Author: 
1 0 -108.66 -32 5 0.866 0 -0.5 0 1 0 0.5 0 0.866 3795.dat
1 0 -48.04 -32 40 0.5 0 0.866 0 1 0 -0.866 0 0.5 3023.dat
1 16 -74.02 -40 25 -0.866 0 0.5 0 1 0 -0.5 0 -0.866 3020.dat
1 16 -151.96 -40 -20 -0.5 0 -0.866 0 1 0 0.866 0 -0.5 3710.dat
1 16 -74.02 -48 25 -0.5 0 -0.866 0 1 0 0.866 0 -0.5 3031.dat
1 16 -125.98 -48 -5 -0.5 0 -0.866 0 1 0 0.866 0 -0.5 3788.dat
1 46 -166.96 -48 5.98 -0.5 0 -0.866 0 1 0 0.866 0 -0.5 3024.dat
1 46 -136.96 -48 -45.98 -0.5 0 -0.866 0 1 0 0.866 0 -0.5 3024.dat
1 16 -82.68 -56 20 -0.5 0 -0.866 0 1 0 0.866 0 -0.5 3069.dat
1 16 -56.7 -56 35 -0.5 0 -0.866 0 1 0 0.866 0 -0.5 3068.dat
1 16 -151.96 -48 -20 0.5 0 0.866 0 1 0 -0.866 0 0.5 3829.dat
1 15 -100 -80 10 -0.5 0 -0.866 0 1 0 0.866 0 -0.5 2432.dat
1 16 -132.32 -72 25.98 0.5 0 0.866 0 1 0 -0.866 0 0.5 4286.dat
1 16 -102.32 -72 -25.98 0.5 0 0.866 0 1 0 -0.866 0 0.5 4286.dat
1 16 -106.34 -72 40.98 0.866 0 -0.5 0 1 0 0.5 0 0.866 4865.dat
1 16 -71.7 -72 60.98 0.866 0 -0.5 0 1 0 0.5 0 0.866 4865.dat
1 16 -41.7 -72 9.02 -0.866 0 0.5 0 1 0 -0.5 0 -0.866 4865.dat
1 16 -76.34 -72 -10.98 -0.866 0 0.5 0 1 0 -0.5 0 -0.866 4865.dat
1 0 -56.7 -24 35 -0.5 0 -0.866 0 1 0 0.866 0 -0.5 4600.dat
1 0 -125.98 -24 -5 -0.5 0 -0.866 0 1 0 0.866 0 -0.5 4600.dat
1 15 -40.7 -19 7.288 0.866 0 -0.5 0 1 0 0.5 0 0.866 4624.dat
1 0 -40.7 -19 7.288 0.866 0 -0.5 0 1 0 0.5 0 0.866 3641.dat
1 15 -109.98 -19 -32.712 0.866 0 -0.5 0 1 0 0.5 0 0.866 4624.dat
1 0 -109.98 -19 -32.712 0.866 0 -0.5 0 1 0 0.5 0 0.866 3641.dat
1 15 -141.98 -19 22.712 -0.866 0 0.5 0 1 0 -0.5 0 -0.866 4624.dat
1 0 -141.98 -19 22.712 -0.866 0 0.5 0 1 0 -0.5 0 -0.866 3641.dat
1 15 -72.7 -19 62.712 -0.866 0 0.5 0 1 0 -0.5 0 -0.866 4624.dat
1 0 -72.7 -19 62.712 -0.866 0 0.5 0 1 0 -0.5 0 -0.866 3641.dat
1 16 -71.339 -104 31.603 -0.5 0 -0.866 0 1 0 0.866 0 -0.5 4346.dat
1 16 -71.339 -104 31.603 -0.5 0 -0.866 0 1 0 0.866 0 -0.5 4345.dat
