0 Main
0 Name: 8208-1 - Custom Cruiser.mpd
0 Author: LTRON
1 71 0 0 -50 0 0 1 0.5 0.866 0 -0.866 0.5 0 6575.dat
1 0 -35 0 -50 1 0 0 0 0.866 -0.5 0 0.5 0.866 3705.dat
1 0 -35 -17.32 -60 1 0 0 0 0.866 -0.5 0 0.5 0.866 3705.dat
1 10 -10 0 -50 0 -1 0 -0.5 0 -0.866 0.866 0 -0.5 6632.dat
1 0 -35 -34.64 -70 -1 0 0 0 0.5 -0.866 0 -0.866 -0.5 4519.dat
1 10 -20 -54.64 -35.36 0 -1 0 -0.866 0 0.5 -0.5 0 -0.866 6632.dat
1 71 -20 0 -50 0 0 1 0.5 0.866 0 -0.866 0.5 0 6575.dat
1 0 -35 -54.64 -35.36 -1 0 0 0 0.5 -0.866 0 -0.866 -0.5 4519.dat
1 71 -35 -34.64 -70 -1 0 0 0 -0.866 -0.5 0 -0.5 0.866 6536.dat
1 10 -10 15.1665 9.9518 0 -1 0 -0.999142 0 0.043408 -0.043408 0 -0.999142 32063.dat
1 0 -30 -14.5213 -26.359 0 -1 0 -0.657638 0 -0.753046 0.753046 0 -0.657638 32017.dat
1 0 -35 17.32 -40 1 0 0 0 0.866 -0.5 0 0.5 0.866 3705.dat
1 0 -35 -44.6432 -52.6645 -1 0 0 0 0.5 -0.866 0 -0.866 -0.5 2780.dat
1 0 -35 15.6006 -0.0396 -1 0 0 0 0.887774 -0.459672 0 -0.459672 -0.887774 6558.dat
1 0 -40 -14.5213 -26.3451 0 -1 0 -0.657638 0 -0.753046 0.753046 0 -0.657638 32017.dat
1 0 -20 -19.9192 18.3526 0 1 0 0.459672 0 0.887774 0.887774 0 -0.459672 32017.dat
1 10 -35 -54.64 -35.36 -1 0 0 0 0.837798 -0.545106 0 -0.545106 -0.837798 32013.dat
1 0 -35 -38.2868 -10.2261 0 0 1 -0.545106 0.837798 0 -0.837798 -0.545106 0 32062.dat
1 0 -35 -32.8358 -1.8481 0 1 0 0.837798 0 -0.545106 -0.545106 0 -0.837798 32039.dat
1 0 -35 -30.3116 20.3589 0 0 1 0.837798 0.545106 0 -0.545106 0.837798 0 32062.dat
1 0 -35 -38.6896 25.81 -1 0 0 0 0.545106 0.837798 0 0.837798 -0.545106 32039.dat
1 0 -35 -55.4456 36.7121 -1 0 0 0 0.545106 0.837798 0 0.837798 -0.545106 4519.dat
1 10 -50 -54.6432 -35.3445 0 -1 0 -0.866 0 0.5 -0.5 0 -0.866 6632.dat
1 0 -50 -19.9192 18.3526 0 1 0 0.459672 0 0.887774 0.887774 0 -0.459672 32017.dat
1 0 -35 12.9961 59.9089 1 0 0 0 0.866 -0.5 0 0.5 0.866 3705.dat
1 71 -25 12.9961 59.9089 0 0 1 0.5 0.866 0 -0.866 0.5 0 3713.dat
1 15 -35 13.4961 59.0429 0 0 -1 -0.5 0.866 0 0.866 0.5 0 2994.dat
1 256 -35 13.4961 59.0429 0 0 -1 -0.5 0.866 0 0.866 0.5 0 6578.dat
1 10 -60 15.1496 9.9571 0 -1 0 -0.999142 0 0.043408 -0.043408 0 -0.999142 32063.dat
1 71 -50 0 -50 0 0 1 0.5 0.866 0 -0.866 0.5 0 6575.dat
1 71 -70 0 -50 0 0 1 0.5 0.866 0 -0.866 0.5 0 6575.dat
1 71 -35 17.32 -40 0 0 1 -0.5 -0.866 0 0.866 -0.5 0 3713.dat
1 10 -60 0 -50 0 -1 0 -0.5 0 -0.866 0.866 0 -0.5 6632.dat
1 0 -35 -79.28 -72.68 1 0 0 0 0.866 -0.5 0 0.5 0.866 3705.dat
1 0 -65 -69.28 -90 1 0 0 0 -0.866 0.5 0 -0.5 -0.866 32039.dat
1 10 -50 -99.28 -38.04 0 -1 0 -0.866 0 0.5 -0.5 0 -0.866 6632.dat
1 0 -35 -99.28 -38.04 -1 0 0 0 0.866 0.5 0 0.5 -0.866 32073.dat
1 71 -35 -99.28 -38.04 0 0 1 0.5 0.866 0 -0.866 0.5 0 3713.dat
1 71 -35 -79.28 -72.68 -1 0 0 0 0.866 0.5 0 0.5 -0.866 6536.dat
1 10 -20 -99.28 -38.04 0 -1 0 -0.866 0 0.5 -0.5 0 -0.866 6632.dat
1 0 -35 -56.96 -71.34 0 -1 0 0.5 0 0.866 -0.866 0 0.5 2780.dat
1 0 -5 -69.28 -90 1 0 0 0 -0.866 0.5 0 -0.5 -0.866 32039.dat
1 0 -5 -44.28 -133.3 0 0 -1 0.5 -0.866 0 -0.866 -0.5 0 3706.dat
1 0 -65 -44.28 -133.3 0 0 -1 0.5 -0.866 0 -0.866 -0.5 0 3706.dat
1 0 -25 -59.28 -107.32 0 0 -1 0.5 -0.866 0 -0.866 -0.5 0 32039.dat
1 0 -45 -59.28 -107.32 0 0 1 0.5 0.866 0 -0.866 0.5 0 32039.dat
1 0 -35 -59.28 -107.32 -1 0 0 0 0.866 0.5 0 0.5 -0.866 32062.dat
1 0 -35 -9.28 -193.92 -1 0 0 0 -0.5 0.866 0 0.866 0.5 3705.dat
1 71 -45 -9.28 -193.92 0 0 -1 -0.866 -0.5 0 -0.5 0.866 0 3713.dat
1 15 -35 -10.146 -194.42 0 0 1 0.866 -0.5 0 0.5 0.866 0 2994.dat
1 256 -35 -10.146 -194.42 0 0 1 0.866 -0.5 0 0.5 0.866 0 6578.dat
1 71 -5 -19.28 -176.6 1 0 0 0 0.866 -0.5 0 0.5 0.866 32126.dat
1 71 -65 -19.28 -176.6 -1 0 0 0 -0.866 -0.5 0 -0.5 0.866 32126.dat
