0 Main
0 Name: 6049 - Viking Voyager.mpd
0 Author: LTRON
1 4 0 0 0 0 0 -1 0 1 0 1 0 0 3832.dat
1 4 0 -24 90 -1 0 0 0 1 0 0 0 -1 4855.dat
1 4 0 -24 -90 1 0 0 0 1 0 0 0 1 4855.dat
1 4 0 -24 60 0 0 1 0 1 0 -1 0 0 4871.dat
1 4 0 -24 0 0 0 1 0 1 0 -1 0 0 4854.dat
1 4 0 -24 -60 0 0 1 0 1 0 -1 0 0 4871.dat
1 0 0 -16 0 0 0 1 0 1 0 -1 0 0 3832.dat
1 0 -30 -32 0 0 0 1 0 1 0 -1 0 0 3666.dat
1 0 30 -32 0 0 0 1 0 1 0 -1 0 0 3666.dat
1 4 0 -24 -100 -1 0 0 0 1 0 0 0 -1 3022.dat
1 4 0 -24 100 -1 0 0 0 1 0 0 0 -1 3022.dat
1 0 -30 -32 90 0 0 1 0 1 0 -1 0 0 63325.dat
1 0 30 -32 90 -1 0 0 0 1 0 0 0 -1 63325.dat
1 0 -30 -32 -90 1 0 0 0 1 0 0 0 1 63325.dat
1 0 30 -32 -90 0 0 -1 0 1 0 1 0 0 63325.dat
1 0 30 -56 -90 0 0 -1 0 1 0 1 0 0 4070.dat
1 0 -30 -56 -90 0 0 1 0 1 0 -1 0 0 4070.dat
1 0 -30 -40 90 0 0 1 0 1 0 -1 0 0 4085.dat
1 0 30 -40 90 0 0 -1 0 1 0 1 0 0 4085.dat
1 0 -30 -48 90 0 0 -1 0 1 0 1 0 0 3024.dat
1 0 30 -48 90 0 0 -1 0 1 0 1 0 0 3024.dat
1 0 -30 -56 -40 0 0 1 0 1 0 -1 0 0 3633.dat
1 0 -30 -56 40 0 0 1 0 1 0 -1 0 0 3633.dat
1 0 30 -56 40 0 0 -1 0 1 0 1 0 0 3633.dat
1 0 30 -56 -40 0 0 -1 0 1 0 1 0 0 3633.dat
1 4 0 -48 150 1 0 0 0 1 0 0 0 1 4856.dat
1 4 0 -48 -150 -1 0 0 0 1 0 0 0 -1 4856.dat
1 4 0 -56 -200 1 0 0 0 1 0 0 0 1 4859.dat
1 0 0 -56 200 -1 0 0 0 1 0 0 0 -1 4859.dat
1 0 30 -56 150 0 0 -1 0 1 0 1 0 0 4085.dat
1 0 -30 -56 150 0 0 1 0 1 0 -1 0 0 4085.dat
1 0 -30 -56 110 0 0 1 0 1 0 -1 0 0 3623.dat
1 0 30 -56 110 0 0 1 0 1 0 -1 0 0 3623.dat
1 0 -30 -56 -130 0 0 1 0 1 0 -1 0 0 3623.dat
1 0 30 -56 -130 0 0 1 0 1 0 -1 0 0 3623.dat
1 15 0 -40 90 1 0 0 0 1 0 0 0 1 3069.dat
1 15 0 -40 150 1 0 0 0 1 0 0 0 1 3069.dat
1 0 0 -48 170 1 0 0 0 1 0 0 0 1 3023.dat
1 0 0 -48 -170 1 0 0 0 1 0 0 0 1 3794.dat
1 7 0 -80 210 -1 0 0 0 1 0 0 0 -1 3660.dat
1 0 -30 -64 -120 0 0 1 0 1 0 -1 0 0 3710.dat
1 0 30 -64 -120 0 0 1 0 1 0 -1 0 0 3710.dat
1 0 0 -64 -200 1 0 0 0 1 0 0 0 1 4859.dat
1 0 0 -72 -170 1 0 0 0 1 0 0 0 1 3062.dat
1 7 0 -104 230 -1 0 0 0 1 0 0 0 -1 3660.dat
1 7 0 -88 -210 -1 0 0 0 1 0 0 0 -1 3039.dat
1 7 0 -112 -210 -1 0 0 0 1 0 0 0 -1 3004.dat
1 7 0 -136 -210 1 0 0 0 1 0 0 0 1 3747.dat
1 14 0 -144 -240 0 0 -1 0 1 0 1 0 0 3020.dat
1 14 0 -152 -210 -1 0 0 0 1 0 0 0 -1 4590.dat
1 16 30 -74 90 0 0 -1 0 1 0 1 0 0 752.dat
1 16 30 -74 90 0 0 1 0 -1 0 1 0 0 755.dat
1 16 -30 -74 90 0 0 -1 0 1 0 1 0 0 752.dat
1 16 -30 -74 90 0 0 1 0 -1 0 1 0 0 755.dat
1 16 29.9597 -79.7495 90 0 0.023055 -0.999734 0 0.999734 0.023055 1 0 0 754.dat
1 16 29.8295 -82.2455 90 0 0.06448 -0.997919 0 0.997919 0.06448 1 0 0 754.dat
1 16 29.593 -84.7335 90 0 0.107539 -0.994201 0 0.994201 0.107539 1 0 0 754.dat
1 16 29.2347 -87.2066 90 0 0.158677 -0.98733 0 0.98733 0.158677 1 0 0 754.dat
1 16 28.7503 -89.6581 90 0 0.208833 -0.977951 0 0.977951 0.208833 1 0 0 754.dat
1 16 28.133 -92.0792 90 0 0.263312 -0.964711 0 0.964711 0.263312 1 0 0 754.dat
1 16 27.3761 -94.4603 90 0 0.319777 -0.947493 0 0.947493 0.319777 1 0 0 754.dat
1 16 26.4731 -96.7897 90 0 0.379091 -0.925359 0 0.925359 0.379091 1 0 0 754.dat
1 16 25.4154 -99.0529 90 0 0.44208 -0.896976 0 0.896976 0.44208 1 0 0 754.dat
1 16 24.2056 -101.2388 90 0 0.501952 -0.864896 0 0.864896 0.501952 1 0 0 754.dat
1 16 22.8326 -103.3252 90 0 0.569688 -0.821861 0 0.821861 0.569688 1 0 0 754.dat
1 16 21.3037 -105.3005 90 0 0.629688 -0.776848 0 0.776848 0.629688 1 0 0 754.dat
1 16 19.6194 -107.1444 90 0 0.692907 -0.721027 0 0.721027 0.692907 1 0 0 754.dat
1 16 17.7901 -108.8448 90 0 0.748671 -0.662941 0 0.662941 0.748671 1 0 0 754.dat
1 16 15.8203 -110.3794 90 0 0.805123 -0.593107 0 0.593107 0.805123 1 0 0 754.dat
1 16 13.7211 -111.7312 90 0 0.854995 -0.518636 0 0.518636 0.854995 1 0 0 754.dat
1 16 11.5116 -112.8945 90 0 0.896651 -0.442737 0 0.442737 0.896651 1 0 0 754.dat
1 16 9.2058 -113.8524 90 0 0.933796 -0.357806 0 0.357806 0.933796 1 0 0 754.dat
1 16 6.8206 -114.59 90 0 0.963324 -0.268339 0 0.268339 0.963324 1 0 0 754.dat
1 16 4.3792 -115.1138 90 0 0.982837 -0.184477 0 0.184477 0.982837 1 0 0 754.dat
1 16 2.0973 -115.3143 90 0 0.999191 -0.040209 0 0.040209 0.999191 1 0 0 756.dat
1 16 -2.1921 -115.3807 90 0 -0.994819 -0.10166 0 0.10166 -0.994819 1 0 0 754.dat
1 16 -4.668 -115.0589 90 0 -0.981389 -0.192029 0 0.192029 -0.981389 1 0 0 754.dat
1 16 -7.1049 -114.5151 90 0 -0.96076 -0.27738 0 0.27738 -0.96076 1 0 0 754.dat
1 16 -9.4828 -113.7538 90 0 -0.929772 -0.368136 0 0.368136 -0.929772 1 0 0 754.dat
1 16 -11.7778 -112.7701 90 0 -0.891482 -0.453056 0 0.453056 -0.891482 1 0 0 754.dat
1 16 -13.9753 -111.5834 90 0 -0.850729 -0.525605 0 0.525605 -0.850729 1 0 0 754.dat
1 16 -16.0616 -110.2116 90 0 -0.79757 -0.603227 0 0.603227 -0.79757 1 0 0 754.dat
1 16 -18.0129 -108.6536 90 0 -0.741711 -0.67072 0 0.67072 -0.741711 1 0 0 754.dat
1 16 -19.8239 -106.934 90 0 -0.68491 -0.728628 0 0.728628 -0.68491 1 0 0 754.dat
1 16 -21.4918 -105.0749 90 0 -0.626426 -0.779481 0 0.779481 -0.626426 1 0 0 754.dat
1 16 -23.0056 -103.0888 90 0 -0.557424 -0.830228 0 0.830228 -0.557424 1 0 0 754.dat
1 16 -24.3535 -100.9855 90 0 -0.496927 -0.867792 0 0.867792 -0.496927 1 0 0 754.dat
1 16 -25.5498 -98.7923 90 0 -0.435914 -0.899988 0 0.899988 -0.435914 1 0 0 754.dat
1 16 -26.5931 -96.522 90 0 -0.374007 -0.927426 0 0.927426 -0.374007 1 0 0 754.dat
1 16 -27.4789 -94.1858 90 0 -0.308502 -0.951224 0 0.951224 -0.308502 1 0 0 754.dat
1 16 -28.2113 -91.7968 90 0 -0.256873 -0.966445 0 0.966445 -0.256873 1 0 0 754.dat
1 16 -28.8124 -89.3716 90 0 -0.202293 -0.979325 0 0.979325 -0.202293 1 0 0 754.dat
1 16 -29.2831 -86.9173 90 0 -0.155715 -0.987802 0 0.987802 -0.155715 1 0 0 754.dat
1 16 -29.6324 -84.4428 90 0 -0.102398 -0.994744 0 0.994744 -0.102398 1 0 0 754.dat
1 16 -29.8535 -81.9533 90 0 -0.055865 -0.998438 0 0.998438 -0.055865 1 0 0 754.dat
1 16 -29.9646 -79.6029 90 0 -0.022088 -0.999756 0 0.999756 -0.022088 1 0 0 754.dat
1 16 30 -74 110 0 0 -1 0 1 0 1 0 0 752.dat
1 16 30 -74 110 0 0 1 0 -1 0 1 0 0 755.dat
1 16 -30 -74 110 0 0 -1 0 1 0 1 0 0 752.dat
1 16 -30 -74 110 0 0 1 0 -1 0 1 0 0 755.dat
1 16 29.9597 -79.7495 110 0 0.023055 -0.999734 0 0.999734 0.023055 1 0 0 754.dat
1 16 29.8295 -82.2455 110 0 0.06448 -0.997919 0 0.997919 0.06448 1 0 0 754.dat
1 16 29.593 -84.7335 110 0 0.107539 -0.994201 0 0.994201 0.107539 1 0 0 754.dat
1 16 29.2347 -87.2066 110 0 0.158677 -0.98733 0 0.98733 0.158677 1 0 0 754.dat
1 16 28.7503 -89.6581 110 0 0.208833 -0.977951 0 0.977951 0.208833 1 0 0 754.dat
1 16 28.133 -92.0792 110 0 0.263312 -0.964711 0 0.964711 0.263312 1 0 0 754.dat
1 16 27.3761 -94.4603 110 0 0.319777 -0.947493 0 0.947493 0.319777 1 0 0 754.dat
1 16 26.4731 -96.7897 110 0 0.379091 -0.925359 0 0.925359 0.379091 1 0 0 754.dat
1 16 25.4154 -99.0529 110 0 0.44208 -0.896976 0 0.896976 0.44208 1 0 0 754.dat
1 16 24.2056 -101.2388 110 0 0.501952 -0.864896 0 0.864896 0.501952 1 0 0 754.dat
1 16 22.8326 -103.3252 110 0 0.569688 -0.821861 0 0.821861 0.569688 1 0 0 754.dat
1 16 21.3037 -105.3005 110 0 0.629688 -0.776848 0 0.776848 0.629688 1 0 0 754.dat
1 16 19.6194 -107.1444 110 0 0.692907 -0.721027 0 0.721027 0.692907 1 0 0 754.dat
1 16 17.7901 -108.8448 110 0 0.748671 -0.662941 0 0.662941 0.748671 1 0 0 754.dat
1 16 15.8203 -110.3794 110 0 0.805123 -0.593107 0 0.593107 0.805123 1 0 0 754.dat
1 16 13.7211 -111.7312 110 0 0.854995 -0.518636 0 0.518636 0.854995 1 0 0 754.dat
1 16 11.5116 -112.8945 110 0 0.896651 -0.442737 0 0.442737 0.896651 1 0 0 754.dat
1 16 9.2058 -113.8524 110 0 0.933796 -0.357806 0 0.357806 0.933796 1 0 0 754.dat
1 16 6.8206 -114.59 110 0 0.963324 -0.268339 0 0.268339 0.963324 1 0 0 754.dat
1 16 4.3792 -115.1138 110 0 0.982837 -0.184477 0 0.184477 0.982837 1 0 0 754.dat
1 16 2.0973 -115.3143 110 0 0.999191 -0.040209 0 0.040209 0.999191 1 0 0 756.dat
1 16 -2.1921 -115.3807 110 0 -0.994819 -0.10166 0 0.10166 -0.994819 1 0 0 754.dat
1 16 -4.668 -115.0589 110 0 -0.981389 -0.192029 0 0.192029 -0.981389 1 0 0 754.dat
1 16 -7.1049 -114.5151 110 0 -0.96076 -0.27738 0 0.27738 -0.96076 1 0 0 754.dat
1 16 -9.4828 -113.7538 110 0 -0.929772 -0.368136 0 0.368136 -0.929772 1 0 0 754.dat
1 16 -11.7778 -112.7701 110 0 -0.891482 -0.453056 0 0.453056 -0.891482 1 0 0 754.dat
1 16 -13.9753 -111.5834 110 0 -0.850729 -0.525605 0 0.525605 -0.850729 1 0 0 754.dat
1 16 -16.0616 -110.2116 110 0 -0.79757 -0.603227 0 0.603227 -0.79757 1 0 0 754.dat
1 16 -18.0129 -108.6536 110 0 -0.741711 -0.67072 0 0.67072 -0.741711 1 0 0 754.dat
1 16 -19.8239 -106.934 110 0 -0.68491 -0.728628 0 0.728628 -0.68491 1 0 0 754.dat
1 16 -21.4918 -105.0749 110 0 -0.626426 -0.779481 0 0.779481 -0.626426 1 0 0 754.dat
1 16 -23.0056 -103.0888 110 0 -0.557424 -0.830228 0 0.830228 -0.557424 1 0 0 754.dat
1 16 -24.3535 -100.9855 110 0 -0.496927 -0.867792 0 0.867792 -0.496927 1 0 0 754.dat
1 16 -25.5498 -98.7923 110 0 -0.435914 -0.899988 0 0.899988 -0.435914 1 0 0 754.dat
1 16 -26.5931 -96.522 110 0 -0.374007 -0.927426 0 0.927426 -0.374007 1 0 0 754.dat
1 16 -27.4789 -94.1858 110 0 -0.308502 -0.951224 0 0.951224 -0.308502 1 0 0 754.dat
1 16 -28.2113 -91.7968 110 0 -0.256873 -0.966445 0 0.966445 -0.256873 1 0 0 754.dat
1 16 -28.8124 -89.3716 110 0 -0.202293 -0.979325 0 0.979325 -0.202293 1 0 0 754.dat
1 16 -29.2831 -86.9173 110 0 -0.155715 -0.987802 0 0.987802 -0.155715 1 0 0 754.dat
1 16 -29.6324 -84.4428 110 0 -0.102398 -0.994744 0 0.994744 -0.102398 1 0 0 754.dat
1 16 -29.8535 -81.9533 110 0 -0.055865 -0.998438 0 0.998438 -0.055865 1 0 0 754.dat
1 16 -29.9646 -79.6029 110 0 -0.022088 -0.999756 0 0.999756 -0.022088 1 0 0 754.dat
1 16 30 -74 130 0 0 -1 0 1 0 1 0 0 752.dat
1 16 30 -74 130 0 0 1 0 -1 0 1 0 0 755.dat
1 16 -30 -74 130 0 0 -1 0 1 0 1 0 0 752.dat
1 16 -30 -74 130 0 0 1 0 -1 0 1 0 0 755.dat
1 16 29.9597 -79.7495 130 0 0.023055 -0.999734 0 0.999734 0.023055 1 0 0 754.dat
1 16 29.8295 -82.2455 130 0 0.06448 -0.997919 0 0.997919 0.06448 1 0 0 754.dat
1 16 29.593 -84.7335 130 0 0.107539 -0.994201 0 0.994201 0.107539 1 0 0 754.dat
1 16 29.2347 -87.2066 130 0 0.158677 -0.98733 0 0.98733 0.158677 1 0 0 754.dat
1 16 28.7503 -89.6581 130 0 0.208833 -0.977951 0 0.977951 0.208833 1 0 0 754.dat
1 16 28.133 -92.0792 130 0 0.263312 -0.964711 0 0.964711 0.263312 1 0 0 754.dat
1 16 27.3761 -94.4603 130 0 0.319777 -0.947493 0 0.947493 0.319777 1 0 0 754.dat
1 16 26.4731 -96.7897 130 0 0.379091 -0.925359 0 0.925359 0.379091 1 0 0 754.dat
1 16 25.4154 -99.0529 130 0 0.44208 -0.896976 0 0.896976 0.44208 1 0 0 754.dat
1 16 24.2056 -101.2388 130 0 0.501952 -0.864896 0 0.864896 0.501952 1 0 0 754.dat
1 16 22.8326 -103.3252 130 0 0.569688 -0.821861 0 0.821861 0.569688 1 0 0 754.dat
1 16 21.3037 -105.3005 130 0 0.629688 -0.776848 0 0.776848 0.629688 1 0 0 754.dat
1 16 19.6194 -107.1444 130 0 0.692907 -0.721027 0 0.721027 0.692907 1 0 0 754.dat
1 16 17.7901 -108.8448 130 0 0.748671 -0.662941 0 0.662941 0.748671 1 0 0 754.dat
1 16 15.8203 -110.3794 130 0 0.805123 -0.593107 0 0.593107 0.805123 1 0 0 754.dat
1 16 13.7211 -111.7312 130 0 0.854995 -0.518636 0 0.518636 0.854995 1 0 0 754.dat
1 16 11.5116 -112.8945 130 0 0.896651 -0.442737 0 0.442737 0.896651 1 0 0 754.dat
1 16 9.2058 -113.8524 130 0 0.933796 -0.357806 0 0.357806 0.933796 1 0 0 754.dat
1 16 6.8206 -114.59 130 0 0.963324 -0.268339 0 0.268339 0.963324 1 0 0 754.dat
1 16 4.3792 -115.1138 130 0 0.982837 -0.184477 0 0.184477 0.982837 1 0 0 754.dat
1 16 2.0973 -115.3143 130 0 0.999191 -0.040209 0 0.040209 0.999191 1 0 0 756.dat
1 16 -2.1921 -115.3807 130 0 -0.994819 -0.10166 0 0.10166 -0.994819 1 0 0 754.dat
1 16 -4.668 -115.0589 130 0 -0.981389 -0.192029 0 0.192029 -0.981389 1 0 0 754.dat
1 16 -7.1049 -114.5151 130 0 -0.96076 -0.27738 0 0.27738 -0.96076 1 0 0 754.dat
1 16 -9.4828 -113.7538 130 0 -0.929772 -0.368136 0 0.368136 -0.929772 1 0 0 754.dat
1 16 -11.7778 -112.7701 130 0 -0.891482 -0.453056 0 0.453056 -0.891482 1 0 0 754.dat
1 16 -13.9753 -111.5834 130 0 -0.850729 -0.525605 0 0.525605 -0.850729 1 0 0 754.dat
1 16 -16.0616 -110.2116 130 0 -0.79757 -0.603227 0 0.603227 -0.79757 1 0 0 754.dat
1 16 -18.0129 -108.6536 130 0 -0.741711 -0.67072 0 0.67072 -0.741711 1 0 0 754.dat
1 16 -19.8239 -106.934 130 0 -0.68491 -0.728628 0 0.728628 -0.68491 1 0 0 754.dat
1 16 -21.4918 -105.0749 130 0 -0.626426 -0.779481 0 0.779481 -0.626426 1 0 0 754.dat
1 16 -23.0056 -103.0888 130 0 -0.557424 -0.830228 0 0.830228 -0.557424 1 0 0 754.dat
1 16 -24.3535 -100.9855 130 0 -0.496927 -0.867792 0 0.867792 -0.496927 1 0 0 754.dat
1 16 -25.5498 -98.7923 130 0 -0.435914 -0.899988 0 0.899988 -0.435914 1 0 0 754.dat
1 16 -26.5931 -96.522 130 0 -0.374007 -0.927426 0 0.927426 -0.374007 1 0 0 754.dat
1 16 -27.4789 -94.1858 130 0 -0.308502 -0.951224 0 0.951224 -0.308502 1 0 0 754.dat
1 16 -28.2113 -91.7968 130 0 -0.256873 -0.966445 0 0.966445 -0.256873 1 0 0 754.dat
1 16 -28.8124 -89.3716 130 0 -0.202293 -0.979325 0 0.979325 -0.202293 1 0 0 754.dat
1 16 -29.2831 -86.9173 130 0 -0.155715 -0.987802 0 0.987802 -0.155715 1 0 0 754.dat
1 16 -29.6324 -84.4428 130 0 -0.102398 -0.994744 0 0.994744 -0.102398 1 0 0 754.dat
1 16 -29.8535 -81.9533 130 0 -0.055865 -0.998438 0 0.998438 -0.055865 1 0 0 754.dat
1 16 -29.9646 -79.6029 130 0 -0.022088 -0.999756 0 0.999756 -0.022088 1 0 0 754.dat
1 16 30 -74 150 0 0 -1 0 1 0 1 0 0 752.dat
1 16 30 -74 150 0 0 1 0 -1 0 1 0 0 755.dat
1 16 -30 -74 150 0 0 -1 0 1 0 1 0 0 752.dat
1 16 -30 -74 150 0 0 1 0 -1 0 1 0 0 755.dat
1 16 29.9597 -79.7495 150 0 0.023055 -0.999734 0 0.999734 0.023055 1 0 0 754.dat
1 16 29.8295 -82.2455 150 0 0.06448 -0.997919 0 0.997919 0.06448 1 0 0 754.dat
1 16 29.593 -84.7335 150 0 0.107539 -0.994201 0 0.994201 0.107539 1 0 0 754.dat
1 16 29.2347 -87.2066 150 0 0.158677 -0.98733 0 0.98733 0.158677 1 0 0 754.dat
1 16 28.7503 -89.6581 150 0 0.208833 -0.977951 0 0.977951 0.208833 1 0 0 754.dat
1 16 28.133 -92.0792 150 0 0.263312 -0.964711 0 0.964711 0.263312 1 0 0 754.dat
1 16 27.3761 -94.4603 150 0 0.319777 -0.947493 0 0.947493 0.319777 1 0 0 754.dat
1 16 26.4731 -96.7897 150 0 0.379091 -0.925359 0 0.925359 0.379091 1 0 0 754.dat
1 16 25.4154 -99.0529 150 0 0.44208 -0.896976 0 0.896976 0.44208 1 0 0 754.dat
1 16 24.2056 -101.2388 150 0 0.501952 -0.864896 0 0.864896 0.501952 1 0 0 754.dat
1 16 22.8326 -103.3252 150 0 0.569688 -0.821861 0 0.821861 0.569688 1 0 0 754.dat
1 16 21.3037 -105.3005 150 0 0.629688 -0.776848 0 0.776848 0.629688 1 0 0 754.dat
1 16 19.6194 -107.1444 150 0 0.692907 -0.721027 0 0.721027 0.692907 1 0 0 754.dat
1 16 17.7901 -108.8448 150 0 0.748671 -0.662941 0 0.662941 0.748671 1 0 0 754.dat
1 16 15.8203 -110.3794 150 0 0.805123 -0.593107 0 0.593107 0.805123 1 0 0 754.dat
1 16 13.7211 -111.7312 150 0 0.854995 -0.518636 0 0.518636 0.854995 1 0 0 754.dat
1 16 11.5116 -112.8945 150 0 0.896651 -0.442737 0 0.442737 0.896651 1 0 0 754.dat
1 16 9.2058 -113.8524 150 0 0.933796 -0.357806 0 0.357806 0.933796 1 0 0 754.dat
1 16 6.8206 -114.59 150 0 0.963324 -0.268339 0 0.268339 0.963324 1 0 0 754.dat
1 16 4.3792 -115.1138 150 0 0.982837 -0.184477 0 0.184477 0.982837 1 0 0 754.dat
1 16 2.0973 -115.3143 150 0 0.999191 -0.040209 0 0.040209 0.999191 1 0 0 756.dat
1 16 -2.1921 -115.3807 150 0 -0.994819 -0.10166 0 0.10166 -0.994819 1 0 0 754.dat
1 16 -4.668 -115.0589 150 0 -0.981389 -0.192029 0 0.192029 -0.981389 1 0 0 754.dat
1 16 -7.1049 -114.5151 150 0 -0.96076 -0.27738 0 0.27738 -0.96076 1 0 0 754.dat
1 16 -9.4828 -113.7538 150 0 -0.929772 -0.368136 0 0.368136 -0.929772 1 0 0 754.dat
1 16 -11.7778 -112.7701 150 0 -0.891482 -0.453056 0 0.453056 -0.891482 1 0 0 754.dat
1 16 -13.9753 -111.5834 150 0 -0.850729 -0.525605 0 0.525605 -0.850729 1 0 0 754.dat
1 16 -16.0616 -110.2116 150 0 -0.79757 -0.603227 0 0.603227 -0.79757 1 0 0 754.dat
1 16 -18.0129 -108.6536 150 0 -0.741711 -0.67072 0 0.67072 -0.741711 1 0 0 754.dat
1 16 -19.8239 -106.934 150 0 -0.68491 -0.728628 0 0.728628 -0.68491 1 0 0 754.dat
1 16 -21.4918 -105.0749 150 0 -0.626426 -0.779481 0 0.779481 -0.626426 1 0 0 754.dat
1 16 -23.0056 -103.0888 150 0 -0.557424 -0.830228 0 0.830228 -0.557424 1 0 0 754.dat
1 16 -24.3535 -100.9855 150 0 -0.496927 -0.867792 0 0.867792 -0.496927 1 0 0 754.dat
1 16 -25.5498 -98.7923 150 0 -0.435914 -0.899988 0 0.899988 -0.435914 1 0 0 754.dat
1 16 -26.5931 -96.522 150 0 -0.374007 -0.927426 0 0.927426 -0.374007 1 0 0 754.dat
1 16 -27.4789 -94.1858 150 0 -0.308502 -0.951224 0 0.951224 -0.308502 1 0 0 754.dat
1 16 -28.2113 -91.7968 150 0 -0.256873 -0.966445 0 0.966445 -0.256873 1 0 0 754.dat
1 16 -28.8124 -89.3716 150 0 -0.202293 -0.979325 0 0.979325 -0.202293 1 0 0 754.dat
1 16 -29.2831 -86.9173 150 0 -0.155715 -0.987802 0 0.987802 -0.155715 1 0 0 754.dat
1 16 -29.6324 -84.4428 150 0 -0.102398 -0.994744 0 0.994744 -0.102398 1 0 0 754.dat
1 16 -29.8535 -81.9533 150 0 -0.055865 -0.998438 0 0.998438 -0.055865 1 0 0 754.dat
1 16 -29.9646 -79.6029 150 0 -0.022088 -0.999756 0 0.999756 -0.022088 1 0 0 754.dat
1 14 0 -112 250 0 0 1 0 1 0 -1 0 0 3021.dat
1 6 0 -72 120 0 0 1 0 1 0 -1 0 0 4738.dat
1 14 0 -60 125 1 0 0 0 0 1 0 -1 0 2343.dat
1 14 0 -57 142 0 0 -1 0 1 0 1 0 0 6141.dat
1 14 0 -69 136 0 0 -1 0 1 0 1 0 0 6141.dat
1 7 44 -46 -90 0 0 -1 0 1 0 1 0 0 3846.dat
1 7 50 -60 150 0.707 0 -0.707 0 1 0 0.707 0 0.707 3846.dat
1 7 -50 -60 150 0.707 0 0.707 0 1 0 -0.707 0 0.707 3846.dat
1 7 -44 -46 -90 0 0 1 0 1 0 -1 0 0 3846.dat
1 6 0 -88 120 0 0 1 0 1 0 -1 0 0 4739.dat
1 6 0 -82 -170 -1 0 0 0 0 1 0 1 0 3849.dat
1 6 50 -44 90 -1 0 0 0 0 1 0 1 0 3849.dat
1 6 -50 -44 90 -1 0 0 0 0 1 0 1 0 3849.dat
1 15 0 -222 -170 1 0 0 0 1 0 0 0 1 4495.dat
1 1 0 -200 -170 1 0 0 0 1 0 0 0 1 4495.dat
1 4 -50 -184 90 1 0 0 0 1 0 0 0 1 4495.dat
1 14 50 -184 90 1 0 0 0 1 0 0 0 1 4495.dat
