0 Main
0 Name: 8820-1 - Mountain Rambler - Dune Buggy.mpd
0 Author: LTRON
1 0 0 -16 -110 1 0 0 0 1 0 0 0 1 4442.dat
1 4 0 -24 -110 1 0 0 0 1 0 0 0 1 3023.dat
1 4 0 -32 -110 1 0 0 0 1 0 0 0 1 3023.dat
1 0 0 -16 110 1 0 0 0 1 0 0 0 1 3710.dat
1 0 30 -40 0 0 0 1 0 1 0 -1 0 0 3895.dat
1 0 -30 -40 0 0 0 1 0 1 0 -1 0 0 3895.dat
1 0 40 -30 -20 -1 0 0 0 1 0 0 0 -1 2780.dat
1 0 -40 -30 -20 -1 0 0 0 1 0 0 0 -1 2780.dat
1 0 0 -40 -110 1 0 0 0 1 0 0 0 1 2436.dat
1 7 70 -40 -110 1 0 0 0 1 0 0 0 1 4261.dat
1 7 -70 -40 -110 1 0 0 0 1 0 0 0 1 4261.dat
1 7 80 -30 -110 1 0 0 0 1 0 0 0 1 3749.dat
1 7 -80 -30 -110 -1 0 0 0 1 0 0 0 -1 3749.dat
1 4 30 -48 -90 -1 0 0 0 1 0 0 0 -1 3024.dat
1 4 -30 -48 -90 -1 0 0 0 1 0 0 0 -1 3024.dat
1 0 0 -48 -50 1 0 0 0 1 0 0 0 1 3710.dat
1 0 0 -48 60 1 0 0 0 1 0 0 0 1 3709.dat
1 0 0 -48 20 1 0 0 0 1 0 0 0 1 3709.dat
1 0 30 -48 110 0 0 -1 0 1 0 1 0 0 3623.dat
1 0 -30 -48 110 0 0 -1 0 1 0 1 0 0 3623.dat
1 7 70 -40 -70 0 0 1 1 0 0 0 1 0 3749.dat
1 7 -70 -40 -70 0 0 1 1 0 0 0 1 0 3749.dat
1 0 0 -48 -70 1 0 0 0 1 0 0 0 1 2792.dat
1 7 0 -62 -70 1 0 0 0 0.866 -0.5 0 0.5 0.866 2791.dat
1 0 30 -56 100 0 0 1 0 1 0 -1 0 0 3710.dat
1 0 -30 -56 100 0 0 1 0 1 0 -1 0 0 3710.dat
1 4 30 -56 -110 1 0 0 0 1 0 0 0 1 2420.dat
1 4 -30 -56 -110 0 0 -1 0 1 0 1 0 0 2420.dat
1 16 0 -176.967 74.348 0 0 -1 -0.233 0.972 0 0.972 0.233 0 4255.dat
1 0 0 -70.047 99.978 0 0 -1 -0.233 0.972 0 0.972 0.233 0 4254.dat
1 0 0 -176.967 74.348 1 0 0 0 0.972 -0.233 0 0.233 0.972 3707.dat
1 0 0 -70 100 1 0 0 0 0.972 -0.233 0 0.233 0.972 3707.dat
1 7 20 -176.967 74.348 0 0 -1 -0.972 -0.233 0 -0.233 0.972 0 3713.dat
1 7 -20 -176.967 74.348 0 0 1 0.972 -0.233 0 0.233 0.972 0 3713.dat
1 7 -15 -70 100 0 0 1 0.972 -0.233 0 0.233 0.972 0 4265.dat
1 7 15 -70 100 0 0 -1 -0.972 -0.233 0 -0.233 0.972 0 4265.dat
1 7 35 -176.967 74.348 0 0 -1 -0.972 -0.233 0 -0.233 0.972 0 4265.dat
1 7 -35 -176.967 74.348 0 0 1 0.972 -0.233 0 0.233 0.972 0 4265.dat
1 0 30 -80 140 0 0 -1 0 1 0 1 0 0 3894.dat
1 0 -30 -80 140 0 0 -1 0 1 0 1 0 0 3894.dat
1 0 0 -70 160 1 0 0 0 0 -1 0 1 0 3707.dat
1 4 0 -88 160 1 0 0 0 1 0 0 0 1 3709.dat
1 7 50 -70 160 0 0 -1 0 -1 0 -1 0 0 3713.dat
1 7 -50 -70 160 0 0 1 0 -1 0 1 0 0 3713.dat
1 7 0 -62 -70 -1 0 0 0 1 0 0 0 -1 2790.dat
1 0 0 -84.588 -66.876 0 0 -1 -0.5 0.866 0 0.866 0.5 0 4519.dat
1 7 0 -77.588 -79 -1 0 0 0 0.866 0.5 0 0.5 -0.866 3647.dat
1 0 0 -104 190 -1 0 0 0 1 0 0 0 -1 3701.dat
1 0 0 -104 130 -1 0 0 0 1 0 0 0 -1 3701.dat
1 7 0 -89.588 -58.215 -1 0 0 0 0.866 0.5 0 0.5 -0.866 3713.dat
1 4 -30 -30 -132 1 0 0 0 0 -1 0 1 0 2420.dat
1 4 30 -30 -132 0 0 -1 -1 0 0 0 1 0 2420.dat
1 4 -10 -128 160 0 0 -1 0 1 0 1 0 0 3701.dat
1 4 10 -128 160 0 0 -1 0 1 0 1 0 0 3701.dat
1 0 -50 -70 90 0 0 -1 -1 0 0 0 1 0 3894.dat
1 7 -60 -110 100 1 0 0 0 1 0 0 0 1 3673.dat
1 0 0 -30 100 1 0 0 0 1 0 0 0 1 3737.dat
1 7 -70 -30 100 0 0 1 0 1 0 -1 0 0 3713.dat
1 1 0 -48 30 1 0 0 0 1 0 0 0 1 2717.dat
1 4 0 -50 -140 1 0 0 0 0 -1 0 1 0 4262.dat
1 4 50 -45.474 -36.142 0 0 -1 -0.942 -0.336 0 -0.336 0.942 0 3701.dat
1 4 -50 -45.474 -36.142 0 0 -1 -0.942 -0.336 0 -0.336 0.942 0 3701.dat
1 7 60 -67.672 -33.448 1 0 0 0 1 0 0 0 1 3673.dat
1 7 -60 -67.672 -33.448 1 0 0 0 1 0 0 0 1 3673.dat
1 0 50 -70 90 0 0 -1 -1 0 0 0 1 0 3894.dat
1 7 60 -110 100 1 0 0 0 1 0 0 0 1 3673.dat
1 4 0 -136 180 1 0 0 0 1 0 0 0 1 3709.dat
1 15 70 -30 100 0 0 1 0 1 0 -1 0 0 3482.dat
1 4 0 -144 180 -1 0 0 0 1 0 0 0 -1 3034.dat
1 4 30 -80 -100 0 0 1 0 1 0 -1 0 0 3700.dat
1 4 -30 -80 -100 0 0 1 0 1 0 -1 0 0 3700.dat
1 7 40 -70 -100 1 0 0 0 1 0 0 0 1 3673.dat
1 7 -40 -70 -100 1 0 0 0 1 0 0 0 1 3673.dat
1 4 70 -101.391 39.785 0 0 -1 -0.302 0.953 0 0.953 0.302 0 2730.dat
1 4 80 -60.399 -10.147 0 0 -1 -0.302 0.953 0 0.953 0.302 0 3020.dat
1 4 -70 -101.391 39.785 0 0 -1 -0.302 0.953 0 0.953 0.302 0 2730.dat
1 4 -80 -60.399 -10.147 0 0 -1 -0.302 0.953 0 0.953 0.302 0 3020.dat
1 0 50 -175.163 34.389 0 0 1 -0.045 -0.999 0 0.999 -0.045 0 4519.dat
1 7 50 -176.063 54.369 1 0 0 0 -0.999 0.045 0 -0.045 -0.999 3651.dat
1 7 50 -174.263 14.409 -1 0 0 0 -0.999 -0.045 0 -0.045 0.999 4273.dat
1 0 60 -173.363 -5.571 -1 0 0 0 -0.999 -0.045 0 -0.045 0.999 2780.dat
1 0 50 -121.68 -52.785 0 0 1 -0.738 -0.674 0 0.674 -0.738 0 3706.dat
1 7 50 -84.78 -86.485 -1 0 0 0 -0.674 -0.738 0 -0.738 0.674 3651.dat
1 7 50 -158.58 -19.085 1 0 0 0 -0.674 0.738 0 -0.738 -0.674 4273.dat
1 0 -50 -175.163 34.389 0 0 -1 -0.045 0.999 0 0.999 0.045 0 4519.dat
1 7 -50 -176.063 54.369 -1 0 0 0 0.999 0.045 0 0.045 -0.999 3651.dat
1 7 -50 -174.263 14.409 1 0 0 0 0.999 -0.045 0 0.045 0.999 4273.dat
1 0 -60 -173.363 -5.571 1 0 0 0 0.999 -0.045 0 0.045 0.999 2780.dat
1 0 -50 -121.68 -52.785 0 0 -1 -0.738 0.674 0 0.674 0.738 0 3706.dat
1 7 -50 -84.78 -86.485 1 0 0 0 0.674 -0.738 0 0.738 0.674 3651.dat
1 7 -50 -158.58 -19.085 -1 0 0 0 0.674 0.738 0 0.738 -0.674 4273.dat
1 7 65 -176.967 74.348 0 0 1 -0.233 -0.972 0 0.972 -0.233 0 4265.dat
1 7 -65 -176.967 74.348 0 0 -1 -0.233 -0.972 0 -0.972 0.233 0 4265.dat
1 0 70 -172.487 -15.533 0 0 1 0.996 -0.087 0 0.087 0.996 0 3700.dat
1 15 80 -171.791 -23.501 -1 0 0 0 -0.087 0.996 0 0.996 0.087 4150.dat
1 0 -70 -172.487 -15.533 0 0 -1 -0.996 -0.087 0 -0.087 0.996 0 3700.dat
1 15 -80 -171.791 -23.501 1 0 0 0 -0.087 -0.996 0 0.996 -0.087 4150.dat
1 15 90 -30 100 0 0 1 0 1 0 -1 0 0 3482.dat
1 256 90 -30 100 0 0 -1 0 1 0 1 0 0 2346.dat
1 15 90 -30 -110 0 0 1 0 1 0 -1 0 0 3482.dat
1 256 90 -30 -110 0 0 -1 0 1 0 1 0 0 2346.dat
1 15 -90 -30 -110 0 0 -1 0 1 0 1 0 0 3482.dat
1 256 -90 -30 -110 0 0 1 0 1 0 -1 0 0 2346.dat
1 15 -90 -30 100 0 0 -1 0 1 0 1 0 0 3482.dat
1 256 -90 -30 100 0 0 1 0 1 0 -1 0 0 2346.dat
