0 Main
0 Name: 2531-1 - Rescue Helicopter and Jeep.mpd
0 Author: LTRON
1 15 -20 -96 290 0.5 0 0.866 0 1 0 -0.866 0 0.5 2446.dat
1 43 -14.0004 -92 293.464 0.5 -0.749956 0.433 0 0.5 0.866 -0.866 -0.433 0.25 2447.dat
1 14 -20 -96 290 0.5 0 0.866 0 1 0 -0.866 0 0.5 3626.dat
1 16 -20 -72 290 0.5 0 0.866 0 1 0 -0.866 0 0.5 973.dat
1 0 93.385 -8 83.194 -0.5 0 -0.866 0 1 0 0.866 0 -0.5 3460.dat
1 0 179.985 -8 133.194 -0.5 0 -0.866 0 1 0 0.866 0 -0.5 3460.dat
1 0 111.685 -32 151.494 -0.866 0 0.5 0 1 0 -0.5 0 -0.866 6140.dat
1 0 141.685 -32 99.534 -0.866 0 0.5 0 1 0 -0.5 0 -0.866 6140.dat
1 16 100.705 -40 110.514 -0.5 0 -0.866 0 1 0 0.866 0 -0.5 2431.dat
1 16 152.665 -40 140.514 -0.5 0 -0.866 0 1 0 0.866 0 -0.5 2431.dat
1 16 126.685 -40 125.514 -0.5 0 -0.866 0 1 0 0.866 0 -0.5 3020.dat
1 14 141.685 -64 99.534 -0.866 0 0.5 0 1 0 -0.5 0 -0.866 4856.dat
1 14 111.685 -48 151.494 0.866 0 -0.5 0 1 0 0.5 0 0.866 2431.dat
1 0 136.685 -56 108.194 -0.866 0 0.5 0 1 0 -0.5 0 -0.866 3022.dat
1 16 141.685 -64 99.534 -0.5 0 -0.866 0 1 0 0.866 0 -0.5 3021.dat
1 14 156.685 -88 73.554 -0.5 0 -0.866 0 1 0 0.866 0 -0.5 4871.dat
1 15 147.665 -72 149.174 0.866 0 -0.5 0 1 0 0.5 0 0.866 4592.dat
1 14 171.685 -88 47.574 -0.866 0 0.5 0 1 0 -0.5 0 -0.866 3700.dat
1 16 136.685 -112 108.194 -0.866 0 0.5 0 1 0 -0.5 0 -0.866 73037.dat
1 15 95.705 -72 119.174 0.866 0 -0.5 0 1 0 0.5 0 0.866 4592.dat
1 8 181.685 -64 30.254 -0.866 0 0.5 0 1 0 -0.5 0 -0.866 30192.dat
1 0 151.685 -112 82.214 -0.866 0 0.5 0 1 0 -0.5 0 -0.866 3659.dat
1 0 101.685 -32 168.814 -0.866 0 0.5 0 1 0 -0.5 0 -0.866 2540.dat
1 0 187.665 -112 79.894 0.866 0 -0.5 0 1 0 0.5 0 0.866 4070.dat
1 0 135.705 -112 49.894 0.866 0 -0.5 0 1 0 0.5 0 0.866 4070.dat
1 16 101.685 -40 168.814 0.866 0 -0.5 0 1 0 0.5 0 0.866 3710.dat
1 7 202.665 -102 53.914 0 -0.5 -0.866 -1 0 0 0 0.866 -0.5 3062.dat
1 7 150.705 -102 23.914 0 -0.5 0.866 1 0 0 0 0.866 0.5 3062.dat
1 0 171.685 -112 47.574 0.866 0 -0.5 0 1 0 0.5 0 0.866 3660.dat
1 7 101.685 -64 168.814 -0.866 0 0.5 0 1 0 -0.5 0 -0.866 2877.dat
1 16 146.685 -120 90.874 -0.866 0 0.5 0 1 0 -0.5 0 -0.866 3031.dat
1 16 171.685 -120 47.574 0.866 0 -0.5 0 1 0 0.5 0 0.866 3794.dat
1 16 181.685 -120 30.254 0.866 0 -0.5 0 1 0 0.5 0 0.866 3794.dat
1 15 101.685 -72 168.814 0.866 0 -0.5 0 1 0 0.5 0 0.866 3069.dat
1 16 206.685 -128 -13.046 0.5 0 0.866 0 1 0 -0.866 0 0.5 3460.dat
1 15 161.685 -128 64.894 0.866 0 -0.5 0 1 0 0.5 0 0.866 3794.dat
1 15 157.665 -128 131.854 -0.5 0 -0.866 0 1 0 0.866 0 -0.5 4081.dat
1 15 105.705 -128 101.854 0.5 0 0.866 0 1 0 -0.866 0 0.5 4081.dat
1 0 136.685 -128 108.194 -0.866 0 0.5 0 1 0 -0.5 0 -0.866 3022.dat
1 15 83.8485 -44.569 199.7068 -0.866 0.383 -0.3215 0 -0.643 -0.766 -0.5 -0.663356 0.556838 6019.dat
1 15 167.665 -144 114.534 0.866 0 -0.5 0 1 0 0.5 0 0.866 4286.dat
1 15 115.705 -144 84.534 0.866 0 -0.5 0 1 0 0.5 0 0.866 4286.dat
1 16 123.025 -136 111.854 -0.866 0 0.5 0 1 0 -0.5 0 -0.866 2420.dat
1 16 140.345 -136 121.854 0.5 0 0.866 0 1 0 -0.866 0 0.5 2420.dat
1 15 239.005 -136 -29.026 -0.866 0 0.5 0 1 0 -0.5 0 -0.866 3623.dat
1 15 228.025 -136 -70.006 -0.866 0 0.5 0 1 0 -0.5 0 -0.866 4488.dat
1 36 82.385 -126 102.246 -0.866 0.5 0 0 0 -1 -0.5 -0.866 0 6141.dat
1 34 168.985 -126 152.246 -0.866 0.5 0 0 0 -1 -0.5 -0.866 0 6141.dat
1 383 83.8485 -44.568 199.7068 -0.866 0.383 -0.3215 0 -0.643 -0.766 -0.5 -0.663356 0.556838 71128.dat
1 15 131.685 -144 116.854 -0.866 0 0.5 0 1 0 -0.5 0 -0.866 4315.dat
1 43 124.685 -140 128.978 -0.866 0 0.5 0 1 0 -0.5 0 -0.866 2483.dat
1 15 241.685 -160 -73.666 -0.866 0 0.5 0 1 0 -0.5 0 -0.866 4286.dat
1 15 186.685 -136 21.594 0.5 0 0.866 0 1 0 -0.866 0 0.5 3666.dat
1 36 241.685 -168 -73.666 -0.866 0 0.5 0 1 0 -0.5 0 -0.866 3070.dat
1 0 203.777 -131 -84.006 0.5 0.866 0 0 0 -1 -0.866 0.5 0 2421.dat
1 0 146.685 -144 90.874 0.866 0 -0.5 0 1 0 0.5 0 0.866 3176.dat
1 7 146.685 -152 90.874 -0.5 0 -0.866 0 1 0 0.866 0 -0.5 2460.dat
1 0 146.685 -176 90.874 -0.866 0 0.5 0 1 0 -0.5 0 -0.866 2479.dat
1 0 68.745 -184 45.874 -0.866 0 0.5 0 1 0 -0.5 0 -0.866 3460.dat
1 0 224.625 -184 135.874 -0.866 0 0.5 0 1 0 -0.5 0 -0.866 3460.dat
