0 Main
0 Name: 42020-1 - Twin Rotor Helicopter.mpd
0 Author: LTRON
1 71 0 0 0 0 -1 0 0 0 1 -1 0 0 32526.dat
1 71 -20 80 -60 0 -1 0 1 0 0 0 0 1 32526.dat
1 71 60 80 -60 0 -1 0 1 0 0 0 0 1 32526.dat
1 71 40 0 0 0 -1 0 0 0 1 -1 0 0 32526.dat
1 0 20 0 0 -1 0 0 0 0 1 0 1 0 87082.dat
1 0 20 60 0 -1 0 0 0 1 0 0 0 -1 32184.dat
1 0 0 60 -120 -1 0 0 0 1 0 0 0 -1 32184.dat
1 0 40 60 -120 -1 0 0 0 1 0 0 0 -1 32184.dat
1 0 20 0 80 0 -1 0 -1 0 0 0 0 -1 32184.dat
1 71 20 40 0 -1 0 0 0 1 0 0 0 -1 32073.dat
1 71 20 80 0 -1 0 0 0 1 0 0 0 -1 32073.dat
1 71 20 40 -120 -1 0 0 0 1 0 0 0 -1 32073.dat
1 0 -10 20 0 -1 0 0 0 1 0 0 0 -1 2780.dat
1 0 50 20 0 -1 0 0 0 1 0 0 0 -1 2780.dat
1 15 -20 40 0 -1 0 0 0 1 0 0 0 -1 6536.dat
1 15 60 40 0 -1 0 0 0 1 0 0 0 -1 6536.dat
1 1 60 80 -20 -1 0 0 0 1 0 0 0 -1 6558.dat
1 1 60 60 20 0 0 -1 0 1 0 1 0 0 6558.dat
1 1 20 60 0 0 0 -1 0 1 0 1 0 0 6558.dat
1 1 -20 60 20 0 0 -1 0 1 0 1 0 0 6558.dat
1 19 20 0 10 0 0 -1 0 1 0 1 0 0 32002.dat
1 19 20 0 70 0 0 1 0 1 0 -1 0 0 32002.dat
1 1 -20 80 -20 1 0 0 0 1 0 0 0 1 6558.dat
1 71 -20 80 -60 -1 0 0 0 1 0 0 0 -1 32054.dat
1 71 -20 60 -80 0 -1 0 -1 0 0 0 0 -1 32054.dat
1 71 60 60 -80 0 -1 0 -1 0 0 0 0 -1 32054.dat
1 71 60 80 -60 1 0 0 0 1 0 0 0 1 32054.dat
1 71 20 80 20 1 0 0 0 1 0 0 0 1 32054.dat
1 1 -10 80 20 1 0 0 0 1 0 0 0 1 43093.dat
1 71 20 80 -60 -1 0 0 0 1 0 0 0 -1 4519.dat
1 15 20 60 20 0 0 -1 -1 0 0 0 1 0 32316.dat
1 1 20 60 -20 0 0 -1 -1 0 0 0 1 0 32523.dat
1 71 -40 80 -80 0 1 0 -1 0 0 0 0 1 32524.dat
1 71 80 80 -80 0 1 0 -1 0 0 0 0 1 32524.dat
1 1 -10 80 -120 1 0 0 0 -1 0 0 0 -1 43093.dat
1 1 50 80 -120 -1 0 0 0 -1 0 0 0 1 43093.dat
1 1 20 0 -130 0 0 -1 0 -1 0 -1 0 0 43093.dat
1 1 0 10 80 0 0 -1 -1 0 0 0 1 0 43093.dat
1 1 40 10 80 0 0 -1 -1 0 0 0 1 0 43093.dat
1 71 20 20 -120 1 0 0 0 -1 0 0 0 -1 42003.dat
1 71 -20 40 -100 1 0 0 0 0 -1 0 1 0 42003.dat
1 71 60 40 -100 1 0 0 0 0 -1 0 1 0 42003.dat
1 15 -20 60 -100 1 0 0 0 1 0 0 0 1 40490.dat
1 15 60 60 -100 1 0 0 0 1 0 0 0 1 40490.dat
1 71 -30 120 20 1 0 0 0 1 0 0 0 1 3673.dat
1 71 70 120 20 1 0 0 0 1 0 0 0 1 3673.dat
1 19 20 120 -140 -1 0 0 0 1 0 0 0 -1 32556.dat
1 0 20 20 -130 1 0 0 0 0 -1 0 1 0 87408.dat
1 0 20 -30 40 -1 0 0 0 -1 0 0 0 1 87408.dat
1 1 60 20 40 1 0 0 0 0 1 0 -1 0 87080.dat
1 1 -20 20 40 1 0 0 0 0 1 0 -1 0 87086.dat
1 0 20 40 80 1 0 0 0 0 1 0 -1 0 87082.dat
1 71 80 120 20 0 0 1 0 -1 0 1 0 0 42610.dat
1 71 40 120 -140 0 0 1 0 -1 0 1 0 0 42610.dat
1 71 0 120 -140 0 0 1 0 -1 0 1 0 0 42610.dat
1 71 -40 120 20 0 0 1 0 -1 0 1 0 0 42610.dat
1 0 40 120 -140 0 0 1 0 -1 0 1 0 0 50951.dat
1 0 0 120 -140 0 0 1 0 -1 0 1 0 0 50951.dat
1 0 80 120 20 0 0 1 0 -1 0 1 0 0 50951.dat
1 0 -40 120 20 0 0 1 0 -1 0 1 0 0 50951.dat
1 0 20 100 80 0 -1 0 -1 0 0 0 0 -1 32140.dat
1 4 20 100 80 1 0 0 0 -1 0 0 0 -1 32062.dat
1 71 0 100 20 0 1 0 -1 0 0 0 0 1 2825.dat
1 71 40 100 20 0 -1 0 1 0 0 0 0 1 2825.dat
1 1 -30 80 -100 1 0 0 0 1 0 0 0 1 43093.dat
1 1 70 80 -100 -1 0 0 0 1 0 0 0 -1 43093.dat
1 1 -20 70 -160 0 -1 0 1 0 0 0 0 1 43093.dat
1 1 60 70 -160 0 -1 0 1 0 0 0 0 1 43093.dat
1 0 -25 80 -140 0 1 0 -1 0 0 0 0 1 6632.dat
1 0 65 80 -140 0 1 0 -1 0 0 0 0 1 6632.dat
1 0 -15 80 -140 0 1 0 -1 0 0 0 0 1 6632.dat
1 0 55 80 -140 0 1 0 -1 0 0 0 0 1 6632.dat
1 71 20 80 -140 1 0 0 0 1 0 0 0 1 44294.dat
1 0 0 80 -140 0 -1 0 -1 0 0 0 0 -1 32140.dat
1 0 40 80 -140 0 -1 0 -1 0 0 0 0 -1 32140.dat
1 1 0 80 -200 1 0 0 0 -1 0 0 0 -1 6558.dat
1 0 -10 80 -180 1 0 0 0 -1 0 0 0 -1 2780.dat
1 0 50 80 -180 1 0 0 0 -1 0 0 0 -1 2780.dat
1 0 50 80 -200 1 0 0 0 -1 0 0 0 -1 2780.dat
1 71 20 80 -160 -1 0 0 0 0 -1 0 -1 0 42003.dat
1 71 60 80 -180 0 0 1 -1 0 0 0 -1 0 42003.dat
1 71 -20 80 -180 0 0 1 -1 0 0 0 -1 0 42003.dat
1 1 20 60 -200 0 1 0 0 0 1 1 0 0 32523.dat
1 72 20 88 -160 0 1 0 -1 0 0 0 0 1 87083.dat
1 71 20 60 -160 0 1 0 0 0 1 1 0 0 3713.dat
1 71 20 100 -160 0 1 0 0 0 1 1 0 0 3713.dat
1 15 20 120 -160 0 0 -1 -1 0 0 0 1 0 6536.dat
1 0 20 20 -130 0 0 1 0 1 0 -1 0 0 3705.dat
1 0 20 20 -50 0 0 1 0 1 0 -1 0 0 3705.dat
1 0 20 20 -160 1 0 0 0 1 0 0 0 1 32270.dat
1 71 20 20 -90 1 0 0 0 1 0 0 0 1 59443.dat
1 71 20 20 -10 1 0 0 0 1 0 0 0 1 59443.dat
1 71 20 20 102 1 0 0 0 1 0 0 0 1 59443.dat
1 72 20 20 47 0 1 0 0 0 1 1 0 0 59426.dat
1 71 20 20 77 0 1 0 1 0 0 0 0 -1 32123.dat
1 19 20 20 23 0 -1 0 1 0 0 0 0 1 6589.dat
1 72 20 13 -180 0 0.707107 0.707107 -1 0 0 0 -0.707107 0.707107 59426.dat
1 71 20 60 -180 0.707107 0.707107 0 0 0 1 0.707107 -0.707107 0 3713.dat
1 19 20 3 -180 0.707107 0.707107 0 0 0 1 0.707107 -0.707107 0 6589.dat
1 71 20 -15 -180 0.707107 0.707107 0 0 0 1 0.707107 -0.707107 0 32123.dat
1 71 20 -32 -180 -0.707107 0 -0.707107 0 1 0 0.707107 0 -0.707107 57585.dat
1 72 -8.2843 -32 -208.2843 0.707107 0.707107 0 0 0 -1 -0.707107 0.707107 0 99012.dat
1 72 9.6472 -32 -141.363 -0.965926 0.258819 0 0 0 -1 -0.258819 -0.965926 0 99012.dat
1 72 58.637 -32 -190.3528 0.258819 -0.965926 0 0 0 -1 0.965926 0.258819 0 99012.dat
1 0 20 60 -200 1 0 0 0 1 0 0 0 1 3705.dat
1 0 -15 60 -200 0 1 0 0 0 -1 -1 0 0 32249.dat
1 0 55 60 -200 0 1 0 0 0 -1 -1 0 0 32249.dat
1 4 0 20 -200 1 0 0 0 0 -1 0 1 0 32062.dat
1 4 40 20 -200 1 0 0 0 0 -1 0 1 0 32062.dat
1 15 -5 20 -170 0 -1 0 1 0 0 0 0 1 32449.dat
1 15 45 20 -170 0 -1 0 1 0 0 0 0 1 32449.dat
1 1 -10 20 -140 1 0 0 0 -1 0 0 0 -1 43093.dat
1 1 50 20 -140 -1 0 0 0 -1 0 0 0 1 43093.dat
1 19 -10 20 -180 1 0 0 0 -1 0 0 0 -1 32002.dat
1 19 50 20 -180 -1 0 0 0 -1 0 0 0 1 32002.dat
1 1 -20 20 -80 0 1 0 1 0 0 0 0 -1 32525.dat
1 1 60 20 -80 0 1 0 1 0 0 0 0 -1 32525.dat
1 71 20 20 -200 0 0 1 1 0 0 0 1 0 59443.dat
1 71 5 20 -140 0 0 1 1 0 0 0 1 0 32123.dat
1 71 35 20 -140 0 0 1 1 0 0 0 1 0 32123.dat
1 0 20 80 -220 1 0 0 0 1 0 0 0 1 3705.dat
1 0 20 60 -220 1 0 0 0 1 0 0 0 1 3705.dat
1 0 20 60 -240 1 0 0 0 1 0 0 0 1 3705.dat
1 47 -10 80 -220 0 1 0 -1 0 0 0 0 1 41669.dat
1 47 50 80 -220 0 -1 0 1 0 0 0 0 1 41669.dat
1 0 5 80 -260 0 1 0 -1 0 0 0 0 1 6632.dat
1 0 35 80 -260 0 1 0 -1 0 0 0 0 1 6632.dat
1 4 20 80 -260 1 0 0 0 1 0 0 0 1 32062.dat
1 1 15 60 -220 0 -1 0 0 0 1 -1 0 0 41677.dat
1 1 25 60 -220 0 -1 0 0 0 1 -1 0 0 41677.dat
1 0 20 80 -260 0 -1 0 1 0 0 0 0 1 60483.dat
1 71 0 60 -220 0 1 0 1 0 0 0 0 -1 60483.dat
1 71 40 60 -220 0 1 0 1 0 0 0 0 -1 60483.dat
1 71 20 60 -240 -1 0 0 0 0 -1 0 -1 0 63869.dat
1 72 20 -28 40 0 -0.707107 -0.707107 1 0 0 0 -0.707107 0.707107 87083.dat
1 0 20 0 40 0.707107 -0.707107 0 0 0 -1 0.707107 0.707107 0 32270.dat
1 71 20 -40 40 0.707107 0.707107 0 0 0 -1 -0.707107 0.707107 0 3713.dat
1 71 20 -60 40 -0.707107 0 0.707107 0 1 0 -0.707107 0 -0.707107 57585.dat
1 72 48.2843 -60 11.7157 -0.707107 -0.707107 0 0 0 1 -0.707107 0.707107 0 99012.dat
1 72 -18.637 -60 29.6472 -0.258819 0.965926 0 0 0 1 0.965926 0.258819 0 99012.dat
1 72 30.3528 -60 78.637 0.965926 -0.258819 0 0 0 1 -0.258819 -0.965926 0 99012.dat
