0 
0 Name: New Model.ldr
0 Author: 
1 15 -290 13 280 0.707107 0 0.707107 0 1 0 -0.707107 0 0.707107 3020.dat
1 0 -268.7868 5 258.7868 0.707107 0 -0.707107 0 1 0 0.707107 0 0.707107 3839.dat
1 0 -297.0711 5 287.0711 0.707107 0 -0.707107 0 1 0 0.707107 0 0.707107 4598.dat
1 15 -290 -1 322.4264 0 -0.707107 -0.707107 1 0 0 0 -0.707107 0.707107 4349.dat
1 36 -274.4436 -1 306.8701 0 0.707107 -0.707107 1 0 0 0 -0.707107 -0.707107 6141.dat
1 15 -332.4264 -1 280 0 0.707107 -0.707107 -1 0 0 0 0.707107 0.707107 4349.dat
1 36 -316.8701 -1 264.4436 0 0.707107 0.707107 -1 0 0 0 -0.707107 0.707107 6141.dat
1 15 -261.7157 -3 265.8578 0.92388 0 -0.382684 0 1 0 0.382684 0 0.92388 4592.dat
1 15 -261.7157 -3 265.8578 0.92388 0.066452 -0.37687 0 0.984808 0.173648 0.382684 -0.16043 0.909844 4593.dat
1 15 -275.8578 -3 251.7157 0.382684 0 -0.92388 0 1 0 0.92388 0 0.382684 4592.dat
1 15 -275.8578 -3 251.7157 0.382684 0.16043 -0.909844 0 0.984808 0.173648 0.92388 -0.066452 0.37687 4593.dat
1 14 -295.6569 -75 285.6569 0.999848 0 0.017453 0 1 0 -0.017453 0 0.999848 2446.dat
1 33 -295.6569 -75 285.6569 0.999848 0 0.017453 0 1 0 -0.017453 0 0.999848 2447.dat
1 14 -295.6569 -75 285.6569 0.999848 0 0.017453 0 1 0 -0.017453 0 0.999848 3626.dat
1 14 -295.6569 -48 285.6569 0.707107 0 -0.707107 0 1 0 0.707107 0 0.707107 3838.dat
1 15 -295.6569 -48 285.6569 0.707107 0 -0.707107 0 1 0 0.707107 0 0.707107 973.dat
