0 
0 Name: New Model.ldr
0 Author: 
1 0 -100 -25.992 -30.285 1 0 0 0 0.998372 -0.057041 0 0.057041 0.998372 6157.dat
1 4 -90 -26.562 -20.301 1 0 0 0 0.998 -0.057 0 0.057 0.998 6141.dat
1 4 -110 -26.562 -20.301 1 0 0 0 0.998 -0.057 0 0.057 0.998 6141.dat
1 0 -100 -25.993 -170.514 1 0 0 0 0.998372 -0.057041 0 0.057041 0.998372 6157.dat
1 4 -110 -34.549 -20.758 1 0 0 0 0.998 -0.057 0 0.057 0.998 6141.dat
1 4 -90 -34.549 -20.758 1 0 0 0 0.998 -0.057 0 0.057 0.998 6141.dat
1 0 -100 -26.563 -160.53 1 0 0 0 0.998372 -0.057041 0 0.057041 0.998372 3023.dat
1 4 -110 -25.423 -180.497 1 0 0 0 0.998 -0.057 0 0.057 0.998 6141.dat
1 4 -90 -25.423 -180.497 1 0 0 0 0.998 -0.057 0 0.057 0.998 6141.dat
1 4 -110 -42.536 -21.214 1 0 0 0 0.998 -0.057 0 0.057 0.998 6141.dat
1 4 -90 -42.536 -21.214 1 0 0 0 0.998 -0.057 0 0.057 0.998 6141.dat
1 0 -100 -41.395 -41.182 1 0 0 0 0.998372 -0.057041 0 0.057041 0.998372 3660.dat
1 0 -100 -34.55 -160.986 1 0 0 0 0.998372 -0.057041 0 0.057041 0.998372 3023.dat
1 4 -110 -33.41 -180.954 1 0 0 0 0.998 -0.057 0 0.057 0.998 6141.dat
1 4 -90 -33.41 -180.954 1 0 0 0 0.998 -0.057 0 0.057 0.998 6141.dat
1 4 -110 -50.523 -21.67 1 0 0 0 0.998 -0.057 0 0.057 0.998 6141.dat
1 4 -90 -50.523 -21.67 1 0 0 0 0.998 -0.057 0 0.057 0.998 6141.dat
1 0 -100 -48.812 -51.622 1 0 0 0 0.998372 -0.057041 0 0.057041 0.998372 3022.dat
1 0 -100 -43.108 -151.459 1 0 0 0 0.998372 -0.057041 0 0.057041 0.998372 3022.dat
1 4 -110 -41.397 -181.41 1 0 0 0 0.998 -0.057 0 0.057 0.998 6141.dat
1 4 -90 -41.397 -181.41 1 0 0 0 0.998 -0.057 0 0.057 0.998 6141.dat
1 0 -100 -57.369 -42.094 0 0 1 0.057041 0.998372 0 -0.998372 0.057041 0 3021.dat
1 0 -110 -51.665 -141.931 0 0 1 0.057041 0.998372 0 -0.998372 0.057041 0 4081.dat
1 0 -90 -51.665 -141.931 0 0 -1 -0.057041 0.998372 0 0.998372 0.057041 0 4081.dat
1 0 -100 -50.524 -161.899 1 0 0 0 0.998372 -0.057041 0 0.057041 0.998372 3023.dat
1 4 -110 -49.384 -181.866 1 0 0 0 0.998 -0.057 0 0.057 0.998 6141.dat
1 4 -90 -49.384 -181.866 1 0 0 0 0.998 -0.057 0 0.057 0.998 6141.dat
1 57 -130 -50.125 -133.83 0 1 0 -0.998 0 -0.057 -0.057 0 0.998 6126.dat
1 57 -70 -50.125 -133.83 0 1 0 -0.998 0 -0.057 -0.057 0 0.998 6126.dat
1 0 -100 -66.497 -22.583 -1 0 0 0 0.998372 0.057041 0 0.057041 -0.998372 48336.dat
1 0 -100 -61.363 -112.437 0 0 1 0.057041 0.998372 0 -0.998372 0.057041 0 3034.dat
1 15 -110 -73.914 -33.023 0 0 1 0.057041 0.998372 0 -0.998372 0.057041 0 32028.dat
1 15 -90 -73.914 -33.023 0 0 -1 -0.057041 0.998372 0 0.998372 0.057041 0 32028.dat
1 15 -100 -72.202 -62.974 1 0 0 0 0.998372 -0.057041 0 0.057041 0.998372 3023.dat
1 15 -110 -70.491 -92.925 0 0 1 0.057041 0.998372 0 -0.998372 0.057041 0 3794.dat
1 15 -90 -70.491 -92.925 0 0 1 0.057041 0.998372 0 -0.998372 0.057041 0 3794.dat
1 15 -100 -68.78 -122.877 1 0 0 0 0.998372 -0.057041 0 0.057041 0.998372 3023.dat
1 15 -100 -67.069 -152.828 -1 0 0 0 0.998372 0.057041 0 0.057041 -0.998372 41854.dat
1 15 -100 -81.901 -33.48 1 0 0 0 0.998372 -0.057041 0 0.057041 0.998372 3031.dat
1 15 -100 -78.478 -93.382 1 0 0 0 0.998372 -0.057041 0 0.057041 0.998372 3021.dat
1 0 -100 -75.626 -143.3 1 0 0 0 0.998372 -0.057041 0 0.057041 0.998372 3023.dat
1 0 -100 -73.915 -173.252 1 0 0 0 0.998372 -0.057041 0 0.057041 0.998372 50946.dat
1 15 -130 -91.599 -3.985 1 0 0 0 0.998372 -0.057041 0 0.057041 0.998372 2555.dat
1 15 -70 -91.599 -3.985 1 0 0 0 0.998372 -0.057041 0 0.057041 0.998372 2555.dat
1 15 -130 -88.176 -63.887 1 0 0 0 0.998372 -0.057041 0 0.057041 0.998372 2555.dat
1 7 -100 -88.176 -63.887 1 0 0 0 0.998372 -0.057041 0 0.057041 0.998372 3023.dat
1 15 -70 -88.176 -63.887 1 0 0 0 0.998372 -0.057041 0 0.057041 0.998372 2555.dat
1 80 -100 -107.004 -155.109 1 0 0 0 0.998372 -0.057041 0 0.057041 0.998372 50943.dat
1 7 -100 -96.163 -64.343 -1 0 0 0 0.998372 0.057041 0 0.057041 -0.998372 44567.dat
1 15 -110 -92.741 -124.246 0 0 1 0.057041 0.998372 0 -0.998372 0.057041 0 4070.dat
1 15 -90 -92.741 -124.246 0 0 -1 -0.057041 0.998372 0 0.998372 0.057041 0 4070.dat
1 15 -130 -93.596 -74.213 1 0 0 0 -0.057041 -0.998372 0 0.998372 -0.057041 30374.dat
1 15 -70 -93.596 -74.213 1 0 0 0 -0.057041 -0.998372 0 0.998372 -0.057041 30374.dat
1 15 -116 -82.757 -123.675 0 1 0 -0.998372 0 -0.057041 -0.057041 0 0.998372 54200.dat
1 15 -84 -82.757 -123.675 0 -1 0 0.998372 0 -0.057041 0.057041 0 0.998372 54200.dat
1 7 -100 -104.15 -64.8 1 0 0 0 0.998372 -0.057041 0 0.057041 0.998372 2412.dat
1 15 -100 -102.439 -94.751 1 0 0 0 0.998372 -0.057041 0 0.057041 0.998372 3002.dat
1 15 -100 -100.728 -124.702 1 0 0 0 0.998372 -0.057041 0 0.057041 0.998372 2412.dat
1 15 -100 -110.997 -85.223 1 0 0 0 0.998372 -0.057041 0 0.057041 0.998372 3623.dat
1 0 -100 -109.856 -105.191 1 0 0 0 0.998372 -0.057041 0 0.057041 0.998372 3623.dat
1 15 -120 -118.413 -95.663 0 0 1 0.057041 0.998372 0 -0.998372 0.057041 0 3069.dat
1 15 -100 -118.413 -95.663 0 0 1 0.057041 0.998372 0 -0.998372 0.057041 0 3069.dat
1 15 -80 -118.413 -95.663 0 0 1 0.057041 0.998372 0 -0.998372 0.057041 0 3069.dat
1 0 -140 -21 -30 0 0 1 0.057041 0.998372 0 -0.998372 0.057041 0 6014.dat
1 0 -60 -21 -30 0 0 -1 -0.057041 0.998372 0 0.998372 0.057041 0 6014.dat
1 0 -140 -21.001 -170.228 0 0 1 0.057041 0.998372 0 -0.998372 0.057041 0 6014.dat
1 0 -60 -21.001 -170.228 0 0 -1 -0.057041 0.998372 0 0.998372 0.057041 0 6014.dat
1 256 -146 -21 -30 0 0 1 0.057041 0.998372 0 -0.998372 0.057041 0 56890.dat
1 256 -54 -21 -30 0 0 1 0.057041 0.998372 0 -0.998372 0.057041 0 56890.dat
1 256 -146 -21.001 -170.228 0 0 1 0.057041 0.998372 0 -0.998372 0.057041 0 56890.dat
1 256 -54 -21.001 -170.228 0 0 1 0.057041 0.998372 0 -0.998372 0.057041 0 56890.dat
1 7 -100 -140.067 -4.302 1 0 0 0 -0.746 -0.666 0 0.666 -0.746 32014.dat
1 7 -100 -100.107 40.458 1 0 0 0 -0.666 0.746 0 -0.746 -0.666 42074.dat
1 4 -100 -117.687 -24.282 0 0 1 0.746 0.666 0 -0.666 0.746 0 32062.dat
1 7 -100 -102.767 -37.602 1 0 0 0 0.666 -0.746 0 0.746 0.666 30553.dat
