0 Main
0 Name: 8202-1 - Blast Off Chopper with Bungee Cord Power!.mpd
0 Author: LTRON
1 0 0 0 0 1 0 0 0 0.975 0.222 0 -0.222 0.975 6536.dat
1 0 0 21.718 5.321 0 0 1 -0.222 0.975 0 -0.975 -0.222 0 6628.dat
1 0 0 0 0 1 0 0 0 0.975 0.222 0 -0.222 0.975 3705.dat
1 14 -15 -8.862 -39.006 0 1 0 -0.975 0 0.222 0.222 0 0.975 6632.dat
1 14 15 -8.862 -39.006 0 1 0 -0.975 0 0.222 0.222 0 0.975 6632.dat
1 0 0 -109.029 -118.797 0 1 0 -0.408 0 0.913 0.913 0 0.408 6629.dat
1 0 0 -4.431 -19.503 1 0 0 0 0.975 0.222 0 -0.222 0.975 3705.dat
1 7 20 -8.862 -39.006 -1 0 0 0 -0.975 0.222 0 0.222 0.975 3749.dat
1 7 -20 -8.862 -39.006 1 0 0 0 0.975 0.222 0 -0.222 0.975 3749.dat
1 0 0 -13.293 -58.509 1 0 0 0 0.975 0.222 0 -0.222 0.975 4519.dat
1 0 0 -90.768 -110.64 1 0 0 0 0.975 0.222 0 -0.222 0.975 4519.dat
1 7 20 -90.768 -110.64 0 0 -1 0.975 -0.222 0 -0.222 -0.975 0 3713.dat
1 7 -20 -90.768 -110.64 0 0 1 -0.975 -0.222 0 0.222 -0.975 0 3713.dat
1 7 -20 -13.293 -58.509 0 0 1 -0.975 -0.222 0 0.222 -0.975 0 3713.dat
1 7 20 -13.293 -58.509 0 0 -1 0.975 -0.222 0 -0.222 -0.975 0 3713.dat
1 3 -30 13.293 58.509 0 -1 0 -0.222 0 0.975 -0.975 0 -0.222 32009.dat
1 0 0 -109.029 -118.797 -1 0 0 0 0.913 0.408 0 0.408 -0.913 3706.dat
1 0 -20 -100.872 -137.058 -1 0 0 0 0.913 0.408 0 0.408 -0.913 32039.dat
1 0 20 -100.872 -137.058 -1 0 0 0 0.913 0.408 0 0.408 -0.913 32039.dat
1 0 -20 -123.228 89.526 -1 0 0 0 0.913 0.408 0 0.408 -0.913 2780.dat
1 0 0 -125.443 79.774 1 0 0 0 0.222 -0.975 0 0.975 0.222 2817.dat
1 0 20 -123.228 89.526 1 0 0 0 0.222 -0.975 0 0.975 0.222 2780.dat
1 0 0 -127.216 71.973 1 0 0 0 0.222 -0.975 0 0.975 0.222 3068.dat
1 0 0 -25.713 67.371 1 0 0 0 0.222 -0.975 0 0.975 0.222 3706.dat
1 22 0 -25.713 67.371 1 0 0 0 0.846 -0.533 0 0.533 0.846 32012.dat
1 0 -40 -117.186 -100.536 -1 0 0 0 -0.913 -0.408 0 -0.408 0.913 32039.dat
1 0 40 -117.186 -100.536 -1 0 0 0 -0.913 -0.408 0 -0.408 0.913 32039.dat
1 0 20 -64.165 -219.232 0 0 -1 0.408 -0.913 0 -0.913 -0.408 0 3737.dat
1 0 -20 -64.165 -219.232 0 0 -1 0.408 -0.913 0 -0.913 -0.408 0 3737.dat
1 3 30 13.293 58.509 0 -1 0 -0.222 0 0.975 -0.975 0 -0.222 32009.dat
1 14 20 -94.754 -150.754 0 0 -1 -0.913 -0.408 0 -0.408 0.913 0 6632.dat
1 16 -20 -37.86 -277.6056 0 0 -1 0.913 0.408 0 0.408 -0.913 0 79.dat
1 16 -20 -40.41 -271.8994 0 0 -1 0.913 -0.408 0 0.408 0.913 0 80.dat
1 16 -20 -42.96 -266.1931 0 0 -1 0.913 -0.408 0 0.408 0.913 0 80.dat
1 16 -20 -45.51 -260.4869 0 0 -1 0.913 -0.408 0 0.408 0.913 0 80.dat
1 16 -20 -48.06 -254.7806 0 0 -1 0.913 -0.408 0 0.408 0.913 0 80.dat
1 16 -20 -50.61 -249.0744 0 0 -1 0.913 -0.408 0 0.408 0.913 0 80.dat
1 16 -20 -53.16 -243.3681 0 0 -1 0.913 -0.408 0 0.408 0.913 0 80.dat
1 16 -20 -55.71 -237.6619 0 0 -1 0.913 -0.408 0 0.408 0.913 0 80.dat
1 16 -20 -58.26 -231.9556 0 0 -1 0.913 -0.408 0 0.408 0.913 0 80.dat
1 16 -20 -60.81 -226.2494 0 0 -1 0.913 -0.408 0 0.408 0.913 0 80.dat
1 16 -20 -63.36 -220.5431 0 0 -1 0.913 -0.408 0 0.408 0.913 0 80.dat
1 16 -20 -65.91 -214.8369 0 0 -1 0.913 -0.408 0 0.408 0.913 0 80.dat
1 16 -20 -68.46 -209.1306 0 0 -1 0.913 -0.408 0 0.408 0.913 0 80.dat
1 16 -20 -71.01 -203.4244 0 0 -1 0.913 -0.408 0 0.408 0.913 0 80.dat
1 16 -20 -73.56 -197.7181 0 0 -1 0.913 -0.408 0 0.408 0.913 0 80.dat
1 16 -20 -76.11 -192.0119 0 0 -1 0.913 -0.408 0 0.408 0.913 0 80.dat
1 16 -20 -78.66 -186.3056 0 0 -1 0.913 -0.408 0 0.408 0.913 0 80.dat
1 16 -20 -81.21 -180.5994 0 0 -1 0.913 -0.408 0 0.408 0.913 0 80.dat
1 16 -20 -83.76 -174.8931 0 0 -1 0.913 -0.408 0 0.408 0.913 0 80.dat
1 16 -20 -86.31 -169.1869 0 0 -1 0.913 -0.408 0 0.408 0.913 0 80.dat
1 16 -20 -88.86 -163.4806 0 0 -1 0.913 -0.408 0 0.408 0.913 0 80.dat
1 16 -20 -91.41 -157.7744 0 0 -1 0.913 -0.408 0 0.408 0.913 0 79.dat
1 14 20 -34.8 -284.972 0 0 -1 -0.913 -0.408 0 -0.408 0.913 0 6632.dat
1 16 20 -37.86 -277.6056 0 0 -1 0.913 0.408 0 0.408 -0.913 0 79.dat
1 16 20 -40.41 -271.8994 0 0 -1 0.913 -0.408 0 0.408 0.913 0 80.dat
1 16 20 -42.96 -266.1931 0 0 -1 0.913 -0.408 0 0.408 0.913 0 80.dat
1 16 20 -45.51 -260.4869 0 0 -1 0.913 -0.408 0 0.408 0.913 0 80.dat
1 16 20 -48.06 -254.7806 0 0 -1 0.913 -0.408 0 0.408 0.913 0 80.dat
1 16 20 -50.61 -249.0744 0 0 -1 0.913 -0.408 0 0.408 0.913 0 80.dat
1 16 20 -53.16 -243.3681 0 0 -1 0.913 -0.408 0 0.408 0.913 0 80.dat
1 16 20 -55.71 -237.6619 0 0 -1 0.913 -0.408 0 0.408 0.913 0 80.dat
1 16 20 -58.26 -231.9556 0 0 -1 0.913 -0.408 0 0.408 0.913 0 80.dat
1 16 20 -60.81 -226.2494 0 0 -1 0.913 -0.408 0 0.408 0.913 0 80.dat
1 16 20 -63.36 -220.5431 0 0 -1 0.913 -0.408 0 0.408 0.913 0 80.dat
1 16 20 -65.91 -214.8369 0 0 -1 0.913 -0.408 0 0.408 0.913 0 80.dat
1 16 20 -68.46 -209.1306 0 0 -1 0.913 -0.408 0 0.408 0.913 0 80.dat
1 16 20 -71.01 -203.4244 0 0 -1 0.913 -0.408 0 0.408 0.913 0 80.dat
1 16 20 -73.56 -197.7181 0 0 -1 0.913 -0.408 0 0.408 0.913 0 80.dat
1 16 20 -76.11 -192.0119 0 0 -1 0.913 -0.408 0 0.408 0.913 0 80.dat
1 16 20 -78.66 -186.3056 0 0 -1 0.913 -0.408 0 0.408 0.913 0 80.dat
1 16 20 -81.21 -180.5994 0 0 -1 0.913 -0.408 0 0.408 0.913 0 80.dat
1 16 20 -83.76 -174.8931 0 0 -1 0.913 -0.408 0 0.408 0.913 0 80.dat
1 16 20 -86.31 -169.1869 0 0 -1 0.913 -0.408 0 0.408 0.913 0 80.dat
1 16 20 -88.86 -163.4806 0 0 -1 0.913 -0.408 0 0.408 0.913 0 80.dat
1 16 20 -91.41 -157.7744 0 0 -1 0.913 -0.408 0 0.408 0.913 0 79.dat
1 7 50 -25.713 67.371 0 0 -1 0.222 0.975 0 0.975 -0.222 0 4019.dat
1 0 20 -19.302 -319.668 -1 0 0 0 0.913 0.408 0 0.408 -0.913 32034.dat
1 0 -20 -19.302 -319.668 -1 0 0 0 0.913 0.408 0 0.408 -0.913 32034.dat
1 8 0 -19.302 -319.668 -1 0 0 0 0.913 0.408 0 0.408 -0.913 6587.dat
1 7 -5 -19.302 -319.668 0 0 1 -0.913 0.408 0 -0.408 -0.913 0 32123.dat
1 7 5 -19.302 -319.668 0 0 1 -0.913 0.408 0 -0.408 -0.913 0 32123.dat
1 7 50 4.431 19.503 0 0 -1 0.222 0.975 0 0.975 -0.222 0 4019.dat
1 0 0 4.431 19.503 1 0 0 0 0.975 0.222 0 -0.222 0.975 3707.dat
1 7 -50 4.431 19.503 0 0 -1 0.975 -0.222 0 -0.222 -0.975 0 3713.dat
1 0 20 -7.066 -347.059 0 0 -1 -0.408 0.913 0 0.913 0.408 0 32062.dat
1 0 -20 -7.066 -347.059 0 0 -1 -0.408 0.913 0 0.913 0.408 0 32062.dat
1 0 30 -8.862 -39.006 -1 0 0 0 0.222 0.975 0 0.975 -0.222 32013.dat
1 0 30 -38.112 -32.346 0 0 1 0.975 0.222 0 -0.222 0.975 0 32062.dat
1 0 30 -43.422 -10.626 0 -1 0 0.975 0 0.222 -0.222 0 0.975 32039.dat
1 0 30 -41.202 -0.876 0 1 0 0.222 0 0.975 0.975 0 -0.222 32062.dat
1 0 30 -34.542 28.374 -1 0 0 0 -0.975 0.222 0 0.222 0.975 32013.dat
1 7 40 -34.542 28.374 1 0 0 0 0.999765 0.027657 0 -0.027657 0.999765 3749.dat
1 7 50 -34.542 28.374 0 0 -1 0.027657 0.999765 0 0.999765 -0.027657 0 4019.dat
1 0 40 -121.264 -91.406 0 0 -1 -0.408 0.913 0 0.913 0.408 0 32062.dat
1 0 -40 -121.264 -91.406 0 0 -1 -0.408 0.913 0 0.913 0.408 0 32062.dat
1 0 40 -133.5 -64.014 1 0 0 0 -0.726 -0.687 0 0.687 -0.726 32015.dat
1 0 -40 -133.5 -64.014 1 0 0 0 -0.726 -0.687 0 0.687 -0.726 32015.dat
1 7 40 -112.876 -42.228 0 0 1 -0.687 0.726 0 -0.726 -0.687 0 3749.dat
1 7 -40 -112.876 -42.228 0 0 1 -0.687 0.726 0 -0.726 -0.687 0 3749.dat
1 0 20 5.169 -374.451 -1 0 0 0 0.913 0.408 0 0.408 -0.913 32013.dat
1 0 -20 5.169 -374.451 -1 0 0 0 0.913 0.408 0 0.408 -0.913 32013.dat
1 0 0 5.169 -374.451 -1 0 0 0 0.913 0.408 0 0.408 -0.913 32062.dat
1 14 -5 5.169 -374.451 0 0 -1 -0.408 0.913 0 0.913 0.408 0 4185.dat
1 14 5 5.169 -374.451 0 0 -1 -0.408 0.913 0 0.913 0.408 0 4185.dat
1 256 5 5.169 -374.451 0 0 -1 -0.408 0.913 0 0.913 0.408 0 2815.dat
1 256 -5 5.169 -374.451 0 0 -1 -0.408 0.913 0 0.913 0.408 0 2815.dat
1 14 80 4.431 19.503 0 0 -1 0.222 0.975 0 0.975 -0.222 0 2994.dat
1 256 80 4.431 19.503 0 0 -1 0.222 0.975 0 0.975 -0.222 0 6578.dat
1 256 -80 4.431 19.503 0 0 1 -0.222 0.975 0 -0.975 -0.222 0 6578.dat
1 14 -80 4.431 19.503 0 0 1 -0.222 0.975 0 -0.975 -0.222 0 2994.dat
