0 
0 Name: New Model.ldr
0 Author: 
1 4 -371 -48 470 -0.866 0 0.5 0 1 0 -0.5 0 -0.866 3030.dat
1 4 -440.28 -56 430 0.5 0 0.866 0 1 0 -0.866 0 0.5 3020.dat
1 4 -414.3 -72 445 0.5 0 0.866 0 1 0 -0.866 0 0.5 3010.dat
1 1 -368.68 -72 505.98 0.866 0 -0.5 0 1 0 0.5 0 0.866 3009.dat
1 1 -338.68 -72 454.02 0.866 0 -0.5 0 1 0 0.5 0 0.866 3009.dat
1 1 -293.06 -72 515 0.5 0 0.866 0 1 0 -0.866 0 0.5 3010.dat
1 47 -431.62 -96 435 0.5 0 0.866 0 1 0 -0.866 0 0.5 21.dat
1 4 -414.3 -96 445 0.5 0 0.866 0 1 0 -0.866 0 0.5 3010.dat
1 4 -422.96 -104 440 0.5 0 0.866 0 1 0 -0.866 0 0.5 3020.dat
1 4 -448.94 -40 425 0.5 0 0.866 0 1 0 -0.866 0 0.5 3010.dat
1 256 -422.96 -40 440 0.5 0 0.866 0 1 0 -0.866 0 0.5 3137.dat
1 16 -319.04 -40 500 0.5 0 0.866 0 1 0 -0.866 0 0.5 3137.dat
1 16 -319.04 -18 500 0.5 0 0.866 0 1 0 -0.866 0 0.5 u9132.dat
1 256 -334.54 -18 526.846 0.5 0 0.866 0 1 0 -0.866 0 0.5 451.dat
1 256 -303.54 -18 473.154 -0.5 0 -0.866 0 1 0 0.866 0 -0.5 451.dat
1 16 -353.68 -40 480 0.5 0 0.866 0 1 0 -0.866 0 0.5 3137.dat
1 16 -353.68 -18 480 0.5 0 0.866 0 1 0 -0.866 0 0.5 u9132.dat
1 256 -369.18 -18 506.846 0.5 0 0.866 0 1 0 -0.866 0 0.5 451.dat
1 256 -338.18 -18 453.154 -0.5 0 -0.866 0 1 0 0.866 0 -0.5 451.dat
