0 Main
0 Name: 6604-1 - Formula-I Racer.mpd
0 Author: LTRON
1 15 0 10.309 8.461 1 0 0 0 0.965926 -0.258819 0 0.258819 0.965926 4732.dat
1 15 0 36.191 -88.132 1 0 0 0 0.965926 -0.258819 0 0.258819 0.965926 3022.dat
1 15 0 46.507 -95.72 1 0 0 0 0.965926 -0.258819 0 0.258819 0.965926 3710.dat
1 0 0 38.742 -66.743 1 0 0 0 0.965926 -0.258819 0 0.258819 0.965926 4600.dat
1 15 30 43.572 -65.449 0 0 -1 -0.258819 0.965926 0 0.965926 0.258819 0 4624.dat
1 256 30 43.572 -65.449 0 0 -1 -0.258819 0.965926 0 0.965926 0.258819 0 3641.dat
1 15 -30 43.572 -65.449 0 0 1 0.258819 0.965926 0 -0.965926 0.258819 0 4624.dat
1 256 -30 43.572 -65.449 0 0 1 0.258819 0.965926 0 -0.965926 0.258819 0 3641.dat
1 15 30 40.872 37.356 0 0 -1 -0.258819 0.965926 0 0.965926 0.258819 0 4624.dat
1 256 30 40.872 37.356 0 0 -1 -0.258819 0.965926 0 0.965926 0.258819 0 3641.dat
1 15 -30 40.872 37.356 0 0 1 0.258819 0.965926 0 -0.965926 0.258819 0 4624.dat
1 256 -30 40.872 37.356 0 0 1 0.258819 0.965926 0 -0.965926 0.258819 0 3641.dat
1 0 0 36.042 36.062 1 0 0 0 0.965926 -0.258819 0 0.258819 0.965926 4600.dat
1 15 0 23.176 22.261 1 0 0 0 0.965926 -0.258819 0 0.258819 0.965926 3023.dat
1 0 0 25.801 -18.446 1 0 0 0 0.965926 -0.258819 0 0.258819 0.965926 3829.dat
1 15 0 30.94 -6.717 1 0 0 0 0.965926 -0.258819 0 0.258819 0.965926 3020.dat
1 15 0 -30.953 38.816 1 0 0 0 0.965926 -0.258819 0 0.258819 0.965926 4859.dat
1 15 30 -0.007 16.05 1 0 0 0 0.965926 -0.258819 0 0.258819 0.965926 4286.dat
1 15 -30 -0.007 16.05 1 0 0 0 0.965926 -0.258819 0 0.258819 0.965926 4286.dat
1 15 0 0.068 -46.047 1 0 0 0 0.965926 -0.258819 0 0.258819 0.965926 3298.dat
1 0 0 5.096 58.828 -1 0 0 0 0.965926 0.258819 0 0.258819 -0.965926 3839.dat
1 0 26 3.385 88.392 -1 0 0 0 -0.258819 0.965926 0 0.965926 0.258819 4589.dat
1 36 26 -2.826 111.575 -1 0 0 0 -0.258819 0.965926 0 0.965926 0.258819 6141.dat
1 0 -26 3.385 88.392 -1 0 0 0 -0.258819 0.965926 0 0.965926 0.258819 4589.dat
1 36 -26 -2.826 111.575 -1 0 0 0 -0.258819 0.965926 0 0.965926 0.258819 6141.dat
1 0 -10 -25.814 50.545 1 0 0 0 0.965926 -0.258819 0 0.258819 0.965926 3062.dat
1 0 10 -25.814 50.545 1 0 0 0 0.965926 -0.258819 0 0.258819 0.965926 3062.dat
