0 Main
0 Name: 1180-1 - Space Port Moon Buggy.mpd
0 Author: LTRON
1 15 0 0 0 0 0 1 0 1 0 -1 0 0 3795.dat
1 0 0 0 -40 -1 0 0 0 1 0 0 0 -1 6157.dat
1 0 0 0 40 -1 0 0 0 1 0 0 0 -1 6157.dat
1 15 0 -24 50 1 0 0 0 1 0 0 0 1 3937.dat
1 0 0 -22.66 45 1 0 0 0 0.866 -0.5 0 0.5 0.866 3938.dat
1 36 -10 -8 30 1 0 0 0 1 0 0 0 1 6141.dat
1 1 0 -8 10 1 0 0 0 1 0 0 0 1 2412.dat
1 15 0 -8 -50 1 0 0 0 1 0 0 0 1 3829.dat
1 15 0 -43.445 33 1 0 0 0 0.866 -0.5 0 0.5 0.866 3700.dat
1 1 0 -50.373 29 1 0 0 0 0.866 -0.5 0 0.5 0.866 2412.dat
1 42 0 -40.285 47.526 0 0 -1 -0.866 -0.5 0 -0.5 0.866 0 3960.dat
1 0 0 -48.285 61.383 0 0 -1 -0.866 -0.5 0 -0.5 0.866 0 6141.dat
1 256 47 5 -40 -1 0 0 0 1 0 0 0 -1 30028.dat
1 15 42 5 -40 0 0 -1 0 1 0 1 0 0 30027.dat
1 256 47 5 40 -1 0 0 0 1 0 0 0 -1 30028.dat
1 15 42 5 40 0 0 -1 0 1 0 1 0 0 30027.dat
1 15 -42 5 40 0 0 1 0 1 0 -1 0 0 30027.dat
1 256 -47 5 -40 1 0 0 0 1 0 0 0 1 30028.dat
1 15 -42 5 -40 0 0 1 0 1 0 -1 0 0 30027.dat
1 0 -23 -33 -40 0.255 -0.174 -0.951 -0.444 0.853 -0.275 0.859 0.492 0.14 3962.dat
