0 
0 Name: New Model.ldr
0 Author: 
1 72 -330 -26 -610 0.985 0 -0.174 0 1 0 0.174 0 0.985 2445.dat
1 72 -428.5 -34 -627.4 0.174 0 0.985 0 1 0 -0.985 0 0.174 30157.dat
1 72 -310.3 -34 -606.52 0.174 0 0.985 0 1 0 -0.985 0 0.174 30157.dat
1 0 -367.66 -34 -626.81 0.985 0 -0.174 0 1 0 0.174 0 0.985 3710.dat
1 0 -371.14 -34 -607.11 0.985 0 -0.174 0 1 0 0.174 0 0.985 3710.dat
1 0 -201.95 -26 -587.38 -0.174 0 -0.985 0 1 0 0.985 0 -0.174 2540.dat
1 72 -211.8 -34 -589.12 0.174 0 0.985 0 1 0 -0.985 0 0.174 30157.dat
1 72 -330 -42 -610 0.985 0 -0.174 0 1 0 0.174 0 0.985 2445.dat
1 71 -211.8 -50 -589.12 -0.174 0 -0.985 0 1 0 0.985 0 -0.174 50946.dat
1 0 -305.08 -42 -636.07 0.985 0 -0.174 0 1 0 0.174 0 0.985 3023.dat
1 0 -315.52 -42 -576.97 0.985 0 -0.174 0 1 0 0.174 0 0.985 3023.dat
1 0 -423.28 -42 -656.95 0.985 0 -0.174 0 1 0 0.174 0 0.985 3023.dat
1 0 -433.72 -42 -597.85 0.985 0 -0.174 0 1 0 0.174 0 0.985 3023.dat
1 0 -379.25 -50 -618.7 -0.174 0 -0.985 0 1 0 0.985 0 -0.174 3023.dat
1 28 -310.3 -50 -606.52 -0.174 0 -0.985 0 1 0 0.985 0 -0.174 3020.dat
1 28 -408.8 -50 -623.92 -0.174 0 -0.985 0 1 0 0.985 0 -0.174 3020.dat
1 71 -433.13 -50 -658.69 0.174 0 0.985 0 1 0 -0.985 0 0.174 4085.dat
1 71 -443.57 -50 -599.59 0.174 0 0.985 0 1 0 -0.985 0 0.174 4085.dat
1 0 -414.02 -58 -594.37 0.985 0 -0.174 0 1 0 0.174 0 0.985 3023.dat
1 0 -403.58 -58 -653.47 0.985 0 -0.174 0 1 0 0.174 0 0.985 3023.dat
1 320 -407.06 -58 -633.77 0.985 0 -0.174 0 1 0 0.174 0 0.985 3069.dat
1 320 -410.54 -58 -614.07 0.985 0 -0.174 0 1 0 0.174 0 0.985 3069.dat
1 71 -438.35 -66 -629.14 0.174 0 0.985 0 1 0 -0.985 0 0.174 3937.dat
1 72 -443.57 -50 -599.59 0.174 0 0.985 0 1 0 -0.985 0 0.174 54200.dat
1 72 -433.13 -50 -658.69 0.174 0 0.985 0 1 0 -0.985 0 0.174 54200.dat
1 0 -413.43 -82 -655.21 0.985 0 -0.174 0 1 0 0.174 0 0.985 87087.dat
1 0 -393.73 -82 -651.73 0.985 0 -0.174 0 1 0 0.174 0 0.985 87087.dat
1 0 -423.87 -82 -596.11 -0.985 0 0.174 0 1 0 -0.174 0 -0.985 87087.dat
1 0 -404.17 -82 -592.63 -0.985 0 0.174 0 1 0 -0.174 0 -0.985 87087.dat
1 320 -339.85 -58 -611.74 -0.174 0 -0.985 0 1 0 0.985 0 -0.174 30149.dat
1 320 -404.17 -106 -592.63 0.174 0 0.985 0 1 0 -0.985 0 0.174 3040.dat
1 320 -393.73 -106 -651.73 0.174 0 0.985 0 1 0 -0.985 0 0.174 3040.dat
1 320 -379.25 -106 -618.7 0.174 0 0.985 0 1 0 -0.985 0 0.174 3710.dat
1 0 -446.3187 -61.878 -630.5477 0.174 0.796865 0.57918 0 0.588 -0.809 -0.985 0.140766 0.102312 6134.dat
1 320 -446.9037 -74.67 -630.651 0.174 0.796865 0.57918 0 0.588 -0.809 -0.985 0.140766 0.102312 51739.dat
1 71 -316.67 -66 -627.96 -0.174 0 -0.985 0 1 0 0.985 0 -0.174 3829.dat
1 72 -374.03 -114 -648.25 -0.174 0 -0.985 0 1 0 0.985 0 -0.174 2420.dat
1 72 -384.47 -114 -589.15 -0.985 0 0.174 0 1 0 -0.174 0 -0.985 2420.dat
1 28 -280.75 -66 -601.3 -0.174 0 -0.985 0 1 0 0.985 0 -0.174 30136.dat
1 28 -249.46 -66 -605.93 0.985 0 -0.174 0 1 0 0.174 0 0.985 30136.dat
1 28 -252.94 -66 -586.23 0.985 0 -0.174 0 1 0 0.174 0 0.985 30136.dat
1 0 -221.65 -58 -590.86 -0.174 0 -0.985 0 1 0 0.985 0 -0.174 3023.dat
1 0 -221.65 -66 -590.86 -0.174 0 -0.985 0 1 0 0.985 0 -0.174 3023.dat
1 0 -207.17 -58 -557.83 -0.174 0 -0.985 0 1 0 0.985 0 -0.174 87087.dat
1 0 -196.73 -58 -616.93 -0.174 0 -0.985 0 1 0 0.985 0 -0.174 87087.dat
1 47 -179 -48 -613.798 -0.174 -0.985 0 0 0 -1 0.985 -0.174 0 6141.dat
1 47 -189.44 -48 -554.698 -0.174 -0.985 0 0 0 -1 0.985 -0.174 0 6141.dat
1 28 -251.2 -74 -596.08 0.985 0 -0.174 0 1 0 0.174 0 0.985 3020.dat
1 0 -226.87 -58 -561.31 0.174 0 0.985 0 1 0 -0.985 0 0.174 4287.dat
1 0 -216.43 -58 -620.41 0.174 0 0.985 0 1 0 -0.985 0 0.174 4287.dat
1 72 -217.02 -74 -559.57 -0.985 0 0.174 0 1 0 -0.174 0 -0.985 47458.dat
1 72 -206.58 -74 -618.67 0.985 0 -0.174 0 1 0 0.174 0 0.985 47458.dat
1 72 -266.27 -66 -568.27 0.985 0 -0.174 0 1 0 0.174 0 0.985 63864.dat
1 72 -255.83 -66 -627.37 0.985 0 -0.174 0 1 0 0.174 0 0.985 63864.dat
1 72 -280.75 -90 -601.3 -0.174 0 -0.985 0 1 0 0.985 0 -0.174 47457.dat
1 47 -296.97 -106 -624.48 -0.174 0 -0.985 0 1 0 0.985 0 -0.174 4865.dat
1 47 -303.93 -106 -585.08 -0.174 0 -0.985 0 1 0 0.985 0 -0.174 4865.dat
1 320 -231.5 -82 -592.6 -0.174 0 -0.985 0 1 0 0.985 0 -0.174 43719.dat
1 71 -220.5 -24 -539.87 -0.985 0 0.174 0 1 0 -0.174 0 -0.985 56902.dat
1 71 -203.1 -24 -638.37 0.985 0 -0.174 0 1 0 0.174 0 0.985 56902.dat
1 71 -320.74 -24 -547.42 -0.985 0 0.174 0 1 0 -0.174 0 -0.985 55981.dat
1 71 -438.94 -24 -568.3 -0.985 0 0.174 0 1 0 -0.174 0 -0.985 55981.dat
1 71 -418.06 -24 -686.5 0.985 0 -0.174 0 1 0 0.174 0 0.985 55981.dat
1 71 -299.86 -24 -665.62 0.985 0 -0.174 0 1 0 0.174 0 0.985 55981.dat
1 0 -407.302 -82 -574.9 0 0.174 -0.985 1 0 0 0 -0.985 -0.174 3023.dat
1 72 -429.786 -72 -562.62 0 0.174 0.985 -1 0 0 0 -0.985 0.174 50950.dat
1 72 -407.302 -92 -574.9 0 0.174 0.985 -1 0 0 0 -0.985 0.174 54200.dat
1 0 -390.598 -82 -669.46 0 -0.174 0.985 1 0 0 0 0.985 0.174 3023.dat
1 72 -407.514 -72 -688.7 0 -0.174 0.985 1 0 0 0 0.985 0.174 50950.dat
1 72 -390.598 -92 -669.46 0 -0.174 0.985 1 0 0 0 0.985 0.174 54200.dat
1 72 -454.57 -70 -652.32 0.985 -0.174 0 0 0 -1 0.174 0.985 0 30141.dat
1 0 -380.99 -138 -608.85 -0.643184 0 -0.76601 0 1 0 0.76601 0 -0.643184 4589.dat
1 72 -380.99 -152 -608.85 -0.643184 0 -0.76601 0 1 0 0.76601 0 -0.643184 48729.dat
1 0 -405.5033 -152 -629.4321 -0.455178 0.057672 -0.888962 0.707 0.63 -0.321 0.541224 -0.774977 -0.326663 55707b.dat
1 0 -354.9447 -152 -586.9816 0.76601 0 -0.643184 0 1 0 0.643184 0 0.76601 32054.dat
