0 Main
0 Name: 42066-1 - Air Race Jet.mpd
0 Author: LTRON
1 72 -20 -218.167 287.808 0 1 0 -0.012 0 1 1 0 0.012 60484.dat
1 1 0 -178.167 288.288 1 0 0 0 0.012 1 0 -1 0.012 6558.dat
1 1 0 -218.167 287.808 1 0 0 0 0.012 1 0 -1 0.012 6558.dat
1 71 0 -198.167 288.048 1 0 0 0 -1 0.012 0 -0.012 -1 48989.dat
1 15 0 -238.347 302.568 -1 0 0 0 -0.012 1 0 1 0.012 32065.dat
1 0 0 -228.467 312.688 -1 0 0 0 -0.012 1 0 1 0.012 32063.dat
1 72 20 -218.167 287.808 0 1 0 -0.012 0 1 1 0 0.012 60484.dat
1 0 30 -198.167 288.048 1 0 0 0 0.012 1 0 -1 0.012 2780.dat
1 0 0 -258.527 317.328 0 -1 0 0.012 0 1 -1 0 0.012 2780.dat
1 1 0 -238.407 307.568 0 -1 0 0.012 0 1 -1 0 0.012 6558.dat
1 71 0 -298.407 306.848 0 1 0 -0.012 0 1 1 0 0.012 32054.dat
1 1 0 -298.047 276.848 0 1 0 -0.012 0 1 1 0 0.012 43093.dat
1 14 0 -298.467 311.848 0 0 1 -1 0.012 0 -0.012 -1 0 32017.dat
1 72 0 -258.647 327.328 1 0 0 0 -0.012 -1 0 1 -0.012 60484.dat
1 0 -20 -298.767 336.848 0 -1 0 0.012 0 1 -1 0 0.012 2780.dat
1 0 20 -298.767 336.848 0 -1 0 0.012 0 1 -1 0 0.012 2780.dat
1 71 0 -258.167 287.328 0 0 -1 0.012 -1 0 -1 -0.012 0 48989.dat
1 14 15 -278.167 287.088 0 1 0 -0.012 0 1 1 0 0.012 32017.dat
1 14 -15 -278.167 287.088 0 1 0 -0.012 0 1 1 0 0.012 32017.dat
1 72 50 -258.167 287.328 -1 0 0 0 -0.314436 0.949364 0 0.949364 0.314436 87083.dat
1 72 -50 -258.167 287.328 1 0 0 0 -0.310636 0.950864 0 -0.950864 -0.310636 87083.dat
1 71 0 -197.927 268.048 0 -1 0 0.012 0 1 -1 0 0.012 44294.dat
1 71 0 -201.5954 317.4581 -1 0 0 0 -1 -0.012 0 -0.012 1 58120.dat
1 72 -86 -175.047 28.288 0 1 0 -1 0 -0.012 -0.012 0 1 58124.dat
1 16 -0.1084 -177.4509 438.2509 0.000385 0.122063 -0.999536 0.706715 -2.833632 -0.021286 -0.707601 -2.83002 -0.021804 u9190.dat
1 16 -0.3655 -175.3835 440.215 0.004337 0.327721 -0.996639 0.691509 -2.885735 -0.056109 -0.722454 -2.760162 -0.059689 u9190.dat
1 16 -0.8771 -173.2656 442.0758 0.016821 0.640108 -0.987011 0.66828 -2.949332 -0.107777 -0.743816 -2.635342 -0.119155 u9190.dat
1 16 -1.6531 -171.1169 443.8039 0.042575 1.026117 -0.965707 0.64046 -3.000563 -0.170397 -0.766905 -2.448864 -0.195922 u9190.dat
1 16 -2.7006 -169.1478 445.1748 0.087447 1.485172 -0.924626 0.610774 -3.017958 -0.244245 -0.787052 -2.176983 -0.292288 u9190.dat
1 16 -4.2842 -167.0498 446.3329 0.165963 2.076003 -0.839018 0.582748 -2.956612 -0.3405 -0.795614 -1.73246 -0.424442 u9190.dat
1 16 -6.324 -165.1381 446.9931 0.282562 2.754299 -0.668979 0.577973 -2.719016 -0.453317 -0.765663 -1.035896 -0.589111 u9190.dat
1 16 -8.7459 -163.5708 447.0261 0.384989 3.270916 -0.430384 0.619066 -2.301049 -0.535749 -0.68459 -0.241097 -0.72654 u9190.dat
1 16 -11.3292 -162.4191 446.4913 0.432629 3.572 -0.133867 0.701338 -1.707255 -0.571559 -0.566635 0.614524 -0.809655 u9190.dat
1 16 -13.701 -161.6622 445.6597 0.421773 3.623878 0.062756 0.766068 -1.275895 -0.558447 -0.485144 1.136262 -0.82725 u9190.dat
1 16 -16.2496 -161.1099 444.4603 0.38501 3.579941 0.230906 0.821415 -0.872044 -0.5273 -0.420914 1.573243 -0.817785 u9190.dat
1 16 -18.7326 -160.7447 443.0795 0.342172 3.49081 0.351755 0.860253 -0.560188 -0.490466 -0.378166 1.884692 -0.797394 u9190.dat
1 16 -21.1416 -160.5451 441.5419 0.303343 3.395569 0.435497 0.88659 -0.334373 -0.455123 -0.349389 2.100006 -0.776739 u9190.dat
1 16 -23.4902 -160.4515 439.9067 0.268336 3.30208 0.498679 0.905807 -0.158531 -0.422009 -0.328089 2.263393 -0.757189 u9190.dat
1 16 -25.5669 -160.4685 438.3192 0.236197 3.209333 0.550019 0.920593 -0.012758 -0.390696 -0.311217 2.398316 -0.738198 u9190.dat
1 16 -27.7911 -160.5528 436.5179 0.209491 3.131768 0.587423 0.931611 0.092384 -0.362924 -0.297241 2.497091 -0.723406 u9190.dat
1 16 -29.9524 -160.7094 434.6463 0.181741 3.039202 0.625708 0.941125 0.202033 -0.334493 -0.285296 2.602784 -0.704764 u9190.dat
1 16 -31.8839 -160.8933 432.896 0.161064 2.97815 0.64922 0.948176 0.265152 -0.31101 -0.274157 2.666913 -0.694169 u9190.dat
1 16 -33.9494 -161.1407 430.9289 0.140083 2.90795 0.673459 0.954335 0.330378 -0.287382 -0.264126 2.73621 -0.681133 u9190.dat
1 16 -35.9646 -161.4277 428.9155 0.119819 2.832115 0.69709 0.959581 0.391969 -0.264151 -0.254929 2.806727 -0.666606 u9190.dat
1 16 -37.9298 -161.7484 426.8582 0.102128 2.766342 0.716101 0.963969 0.437757 -0.242835 -0.245918 2.864961 -0.654447 u9190.dat
1 16 -39.8517 -162.0941 424.7646 0.085551 2.699994 0.733831 0.967736 0.477633 -0.222305 -0.237303 2.92134 -0.641981 u9190.dat
1 16 -41.5626 -162.431 422.8186 0.070544 2.639733 0.748931 0.970982 0.508307 -0.203079 -0.228825 2.970827 -0.630812 u9190.dat
1 16 -43.3916 -162.8185 420.6503 0.056325 2.575324 0.763956 0.973809 0.535643 -0.184293 -0.220604 3.022122 -0.61844 u9190.dat
1 16 -45.1699 -163.222 418.4431 0.042843 2.500474 0.780151 0.976285 0.560779 -0.165591 -0.212548 3.079877 -0.603325 u9190.dat
1 16 -46.8969 -163.6373 416.1977 0.03083 2.433275 0.793836 0.978473 0.577272 -0.148239 -0.204415 3.13025 -0.589833 u9190.dat
1 16 -48.5739 -164.0605 413.9162 0.019734 2.358626 0.808098 0.980415 0.590193 -0.131263 -0.19632 3.184516 -0.574281 u9190.dat
1 16 -50.0524 -164.4513 411.7975 0.009721 2.286436 0.821102 0.982151 0.597425 -0.115271 -0.188226 3.235417 -0.559063 u9190.dat
1 16 -51.6138 -164.8807 409.4364 0.00079 2.205102 0.834902 0.983748 0.600231 -0.099696 -0.179957 3.290886 -0.541334 u9190.dat
1 16 -53.1029 -165.3068 407.0284 -0.006579 2.100299 0.851546 0.985331 0.596855 -0.084102 -0.170949 3.359354 -0.517529 u9190.dat
1 16 -54.513 -165.7242 404.5717 -0.012756 1.998302 0.866635 0.986829 0.586717 -0.06976 -0.16171 3.42277 -0.494079 u9190.dat
1 16 -55.8318 -166.1266 402.0624 -0.016822 1.866348 0.884707 0.988466 0.566363 -0.055642 -0.150987 3.499837 -0.462849 u9190.dat
1 16 -56.946 -166.475 399.7243 -0.02008 1.741846 0.900318 0.989976 0.54097 -0.043125 -0.140317 3.567389 -0.433122 u9190.dat
1 16 -58.0265 -166.8209 397.0949 -0.019887 1.557246 0.921153 0.991926 0.495282 -0.030749 -0.125828 3.658239 -0.388012 u9190.dat
1 16 -58.9516 -167.1206 394.4016 -0.017171 1.330394 0.943099 0.994109 0.429712 -0.019666 -0.107684 3.7548 -0.331955 u9190.dat
1 16 -59.5891 -167.3262 391.8741 -0.012274 1.052054 0.964828 0.996421 0.339507 -0.010388 -0.084489 3.851122 -0.262695 u9190.dat
1 16 -59.9952 -167.4468 389.0396 -0.005075 0.663437 0.986181 0.998792 0.202253 -0.003337 -0.050337 3.946171 -0.165651 u9190.dat
1 16 -60.0208 -167.4229 386.1732 0.000043 0.120879 0.999545 1.000072 -0.001469 -0.000032 0.000365 4.004843 -0.030174 u9190.dat
1 16 -60 -167.0789 358.1747 0 0.000226 1 1 -0.351078 0 0.011997 29.26379 -0.000008 u9190.dat
1 16 -60 -166.7414 330.0471 0 0 1 1 -0.351165 0 0.012 29.263788 0 u9190.dat
1 16 -60 -166.4039 301.9195 0 0 1 1 -0.351165 0 0.012 29.263788 0 u9190.dat
1 16 -60 -166.0663 273.7919 0 0 1 1 -0.351165 0 0.012 29.263788 0 u9190.dat
1 16 -60 -165.7288 245.6643 0 0 1 1 -0.351165 0 0.012 29.263788 0 u9190.dat
1 16 -60 -165.6279 237.2537 0 0 1 1 -0.11543 0 0.012 9.619137 0 u9190.dat
1 16 -60 -165.7538 234.5869 0 0 1 0.999434 0.143136 0 -0.035727 4.00411 0 u9190.dat
1 16 -60 -166.3104 231.7734 0 0 1 0.986628 0.654771 0 -0.163432 3.952804 0 u9190.dat
1 16 -60 -167.3741 229.1096 0 0 1 0.939129 1.377287 0 -0.343774 3.762508 0 u9190.dat
1 16 -60 -168.9716 227.0174 0 0 1 0.83136 2.226997 0 -0.555863 3.330746 0 u9190.dat
1 16 -60 -171.2839 225.2899 0 0 1 0.649862 3.045436 0 -0.760147 2.603594 0 u9190.dat
1 16 -60 -173.9166 224.1391 0 0 1 0.436723 3.604442 0 -0.899676 1.749681 0 u9190.dat
1 16 -60 -176.4446 223.449 0 0 1 0.300667 3.821303 0 -0.953805 1.204586 0 u9190.dat
1 16 -60 -179.2568 222.8996 0 0 1 0.213284 3.914488 0 -0.977064 0.854496 0 u9190.dat
1 16 -60 -182.0768 222.405 0 0 1 0.178274 3.942494 0 -0.984054 0.714231 0 u9190.dat
1 16 -60 -184.88 221.8232 0 0 1 0.198357 3.927065 0 -0.980203 0.794693 0 u9190.dat
1 16 -60 -187.6263 221.0109 0 0 1 0.272257 3.855336 0 -0.962299 1.090765 0 u9190.dat
1 16 -60 -189.9901 219.883 0 0 1 0.398313 3.675164 0 -0.917328 1.595792 0 u9190.dat
1 16 -60 -192.2122 218.0537 0 0 1 0.592896 3.226611 0 -0.805368 2.375367 0 u9190.dat
1 16 -60 -193.8634 215.7002 0 0 1 0.792878 2.441879 0 -0.609498 3.176572 0 u9190.dat
1 16 -60 -194.8088 212.9746 0 0 1 0.922629 1.545963 0 -0.385876 3.696401 0 u9190.dat
1 16 -60 -195.2277 210.1343 0 0 1 0.983898 0.717667 0 -0.179131 3.941869 0 u9190.dat
1 16 -60 -195.316 207.5181 0 0 1 0.997995 0.258087 0 -0.064419 3.998346 0 u9190.dat
1 16 -60.0515 -195.3986 204.6578 -0.000346 0.057949 0.999895 0.99943 0.143562 -0.000172 -0.035833 4.003675 -0.014468 u9190.dat
1 16 -60.1837 -195.7586 201.8196 -0.007286 0.167936 0.999095 0.993591 0.45529 0.002478 -0.113435 3.97717 -0.042476 u9190.dat
1 16 -60.338 -196.1843 199.2455 -0.015371 0.222158 0.998343 0.988346 0.611161 0.006744 -0.15192 3.953543 -0.057149 u9190.dat
1 16 -60.5279 -196.707 196.4369 -0.022943 0.257238 0.997673 0.984272 0.707946 0.011264 -0.175571 3.935228 -0.067252 u9190.dat
1 16 -60.962 -197.8918 190.7525 -0.030675 0.502896 0.9968 0.979426 1.373357 0.015213 -0.199818 6.65442 -0.078482 u9190.dat
1 16 -61.6652 -199.7763 182.5602 -0.044975 0.796352 0.995552 0.974764 2.13637 0.025567 -0.218991 9.345735 -0.090688 u9190.dat
1 16 -62.9491 -203.0974 169.0119 -0.066833 1.390256 0.993581 0.970741 3.601532 0.043576 -0.230952 14.735668 -0.104404 u9190.dat
1 16 -65.4552 -209.1237 144.7196 -0.107344 2.631094 0.989236 0.967587 6.3372 0.080916 -0.2289 25.554092 -0.121935 u9190.dat
1 16 -66.034 -210.4146 139.3548 -0.20108 0.706992 0.974062 0.956986 1.590489 0.172684 -0.209482 6.587169 -0.146255 u9190.dat
1 16 -67.8213 -214.1769 123.0639 -0.228587 1.916073 0.967711 0.95376 4.041813 0.200696 -0.195516 17.476213 -0.15253 u9190.dat
1 16 -69.0493 -216.5049 112.1178 -0.32393 1.353417 0.93979 0.932019 2.58188 0.297168 -0.162909 12.079634 -0.168827 u9190.dat
1 16 -69.6886 -217.6235 106.4809 -0.403033 0.752367 0.908498 0.905235 1.325652 0.377932 -0.135042 6.640547 -0.178393 u9190.dat
1 16 -70.6305 -219.1481 98.2377 -0.44991 1.073474 0.886074 0.88593 1.746633 0.426968 -0.113244 9.398823 -0.180562 u9190.dat
1 16 -71.5734 -220.4918 90.062 -0.526369 1.086657 0.842718 0.846568 1.564151 0.506976 -0.079761 9.429399 -0.181227 u9190.dat
1 16 -72.2163 -221.2856 84.5264 -0.609074 0.777308 0.784864 0.791911 0.975875 0.593719 -0.044685 6.698039 -0.177599 u9190.dat
1 16 -72.8751 -221.9885 78.8821 -0.6683 0.783408 0.73495 0.743773 0.848514 0.656835 -0.016006 6.714652 -0.168762 u9190.dat
1 16 -73.5101 -222.5355 73.4707 -0.728351 0.789455 0.675334 0.685097 0.695768 0.721357 0.01462 6.731488 -0.153773 u9190.dat
1 16 -74.1497 -222.9355 68.0469 -0.786495 0.79498 0.606473 0.616002 0.522719 0.78409 0.044962 6.746483 -0.132226 u9190.dat
1 16 -74.4743 -223.0727 65.3033 -0.838628 0.469851 0.53193 0.540262 0.216669 0.839842 0.069726 3.973116 -0.108713 u9190.dat
1 16 -74.8116 -223.1523 62.4612 -0.864347 0.471602 0.488926 0.495513 0.131982 0.868058 0.086075 3.976622 -0.086802 u9190.dat
1 16 -75.1497 -223.1833 59.6184 -0.887167 0.472871 0.446099 0.450694 0.055312 0.892653 0.099201 3.978276 -0.065443 u9190.dat
1 16 -75.4886 -223.1319 56.7759 -0.908439 0.474133 0.400915 0.402475 -0.046994 0.915434 0.113039 3.978233 -0.036975 u9190.dat
1 16 -75.8281 -223.0125 53.9356 -0.926852 0.474957 0.356219 0.354318 -0.150952 0.934443 0.1242 3.975548 -0.007082 u9190.dat
1 16 -76.1382 -222.8103 51.3488 -0.942921 0.475358 0.311162 0.304808 -0.276547 0.949985 0.134194 3.968741 0.028921 u9190.dat
1 16 -76.4776 -222.4918 48.5237 -0.956266 0.475106 0.267381 0.256001 -0.412662 0.961248 0.141533 3.956935 0.068138 u9190.dat
1 16 -76.8158 -222.0375 45.7169 -0.967544 0.473573 0.22335 0.204789 -0.6056 0.967138 0.148081 3.932217 0.122046 u9190.dat
1 16 -77.1512 -221.4157 42.9417 -0.976198 0.47031 0.182363 0.155979 -0.818506 0.966476 0.150712 3.893868 0.181127 u9190.dat
1 16 -77.4821 -220.6178 40.2118 -0.982713 0.464185 0.144402 0.108957 -1.076632 0.957109 0.149697 3.831286 0.25146 u9190.dat
1 16 -77.7771 -219.6876 37.7864 -0.987312 0.454933 0.110999 0.066719 -1.353088 0.938951 0.144108 3.743733 0.325873 u9190.dat
1 16 -78.0848 -218.3565 35.2666 -0.990719 0.435706 0.081543 0.025543 -1.764043 0.897564 0.133517 3.570948 0.433445 u9190.dat
1 16 -78.371 -216.7195 32.9336 -0.993141 0.405615 0.058482 -0.007522 -2.221615 0.832223 0.116686 3.309572 0.551478 u9190.dat
1 16 -78.5994 -214.8813 31.0822 -0.995034 0.362366 0.041543 -0.030307 -2.696004 0.739185 0.094812 2.941703 0.672328 u9190.dat
1 16 -78.7944 -212.4793 29.5156 -0.996889 0.290989 0.030621 -0.040797 -3.236658 0.588061 0.06745 2.34366 0.808326 u9190.dat
1 16 -78.9287 -209.8189 28.4508 -0.998463 0.202372 0.022814 -0.037053 -3.663732 0.403121 0.041225 1.609189 0.91494 u9190.dat
1 16 -78.997 -206.9935 27.9292 -0.999459 0.116563 0.015306 -0.024888 -3.901709 0.226039 0.021482 0.903582 0.974072 u9190.dat
1 16 -79.0055 -204.2374 27.8932 -0.999948 0.027052 0.007609 -0.00642 -4.002881 0.042988 0.007893 0.172024 0.999119 u9190.dat
1 71 20 -198.407 308.048 0 -1 0 -0.012 0 -1 1 0 -0.012 15100.dat
1 0 30 -198.407 308.048 1 0 0 0 0.012 1 0 -1 0.012 2780.dat
1 0 -20 -198.527 318.048 0 -1 0 0.012 0 1 -1 0 0.012 2780.dat
1 72 -20 -198.407 308.048 -1 0 0 0 -0.012 1 0 1 0.012 18654.dat
1 15 0 -237.987 272.568 -1 0 0 0 -0.012 1 0 1 0.012 32065.dat
1 70 0 -237.507 232.568 0 1 0 -0.012 0 1 1 0 0.012 15462.dat
1 0 0 -227.867 262.688 -1 0 0 0 -0.012 1 0 1 0.012 32063.dat
1 14 0 -297.867 261.848 0 0 1 -1 0.012 0 -0.012 -1 0 32017.dat
1 71 25 -278.167 287.088 0 1 0 -0.012 0 1 1 0 0.012 99773.dat
1 14 60 -278.647 327.088 1 0 0 0 0.012 1 0 -1 0.012 32073.dat
1 19 50 -277.687 247.088 1 0 0 0 -0.012 -1 0 1 -0.012 99008.dat
1 72 40 -278.647 327.088 1 0 0 0 -1 0.012 0 -0.012 -1 6536.dat
1 72 40 -277.687 247.088 1 0 0 0 -1 0.012 0 -0.012 -1 6536.dat
1 71 15 -278.647 327.088 0 0 -1 0.012 -1 0 -1 -0.012 0 32123.dat
1 15 0 -237.687 247.568 -1 0 0 0 -1 -0.012 0 -0.012 1 76019.dat
1 72 0 -197.687 248.048 -1 0 0 0 -1 -0.012 0 -0.012 1 10928.dat
1 4 0 -197.447 228.048 -1 0 0 0 -1 -0.012 0 -0.012 1 3713.dat
1 0 0 -237.447 227.568 -1 0 0 0 -1 -0.012 0 -0.012 1 32270.dat
1 4 0 -277.567 237.088 0 0 1 0.012 1 0 -1 0.012 0 3737.dat
1 19 0 -277.447 227.088 -1 0 0 0 1 0.012 0 0.012 -1 32269.dat
1 71 0 -257.207 207.328 0 0 -1 0.012 -1 0 -1 -0.012 0 48989.dat
1 1 0 -257.207 207.328 1 0 0 0 0.012 1 0 -1 0.012 6558.dat
1 71 -20 -217.207 207.808 0 -1 0 0.012 0 1 -1 0 0.012 32316.dat
1 0 0 -217.207 207.808 -1 0 0 0 -0.012 1 0 1 0.012 18651.dat
1 0 0 -197.207 208.048 -1 0 0 0 -1 -0.012 0 -0.012 1 32184.dat
1 71 0 -177.207 208.288 -1 0 0 0 -1 -0.012 0 -0.012 1 44294.dat
1 71 20 -217.207 207.808 0 -1 0 0.012 0 1 -1 0 0.012 32316.dat
1 0 30 -197.207 208.048 1 0 0 0 0.012 1 0 -1 0.012 2780.dat
1 71 -30 -277.207 207.088 -1 0 0 0 -1 -0.012 0 -0.012 1 62462.dat
1 71 30 -277.207 207.088 -1 0 0 0 -1 -0.012 0 -0.012 1 62462.dat
1 72 40 -197.927 268.048 0 1 0 -1 0 -0.012 -0.012 0 1 32524.dat
1 71 -25 -278.167 287.088 0 -1 0 0.012 0 1 -1 0 0.012 99773.dat
1 14 -60 -278.647 327.088 1 0 0 0 0.012 1 0 -1 0.012 32073.dat
1 19 -50 -277.687 247.088 -1 0 0 0 -0.012 1 0 1 0.012 99008.dat
1 72 -40 -278.647 327.088 1 0 0 0 -1 0.012 0 -0.012 -1 6536.dat
1 72 -40 -277.687 247.088 1 0 0 0 -1 0.012 0 -0.012 -1 6536.dat
1 71 -15 -278.647 327.088 0 0 1 -0.012 -1 0 1 -0.012 0 32123.dat
1 72 40 -258.167 287.328 0 0 -1 -0.947376 -0.313412 0 -0.313412 0.947376 0 3648.dat
1 72 -40 -258.167 287.328 0 0 -1 -0.950864 0.310636 0 0.310636 0.950864 0 3648.dat
1 72 -60 -278.647 327.088 -1 0 0 0 1 0.012 0 0.012 -1 6536.dat
1 72 60 -278.647 327.088 -1 0 0 0 1 0.012 0 0.012 -1 6536.dat
1 0 -30 -177.927 268.288 -1 0 0 0 -0.012 1 0 1 0.012 2780.dat
1 0 -30 -178.407 308.288 -1 0 0 0 -0.012 1 0 1 0.012 2780.dat
1 0 -40 -181.9554 347.6981 0 -1 0 -1 0 0.012 -0.012 0 -1 32278.dat
1 14 -60 -183.1554 447.6981 1 0 0 0 0.80426 0.595436 0 -0.595436 0.80426 32073.dat
1 4 -60 -183.1554 447.6981 0 0 1 -0.963396 -0.27148 0 0.27148 -0.963396 0 3713.dat
1 15 0 -183.1554 447.6981 0 0 1 -0.805272 -0.596424 0 0.596424 -0.805272 0 18948.dat
1 14 60 -180.087 448.288 1 0 0 0 0.805272 0.596424 0 -0.596424 0.805272 32073.dat
1 15 -55 -229.6442 278.0229 0 -1 0 -0.310636 0 0.950864 -0.950864 0 -0.310636 32449.dat
1 15 -65 -229.6442 278.0229 0 -1 0 -0.310636 0 0.950864 -0.950864 0 -0.310636 32449.dat
1 19 -50 -201.1215 268.7178 -1 0 0 0 0.310636 0.950864 0 0.950864 -0.310636 3749.dat
1 0 -40 -210.7242 368.2629 0 -1 0 -0.994992 0 0.095952 -0.095952 0 -0.994992 32525.dat
1 0 -90 -258.167 287.328 0 0 -1 -0.950864 0.310636 0 0.310636 0.950864 0 59443.dat
1 4 -110 -258.167 287.328 -1 0 0 0 0.310636 0.950864 0 0.950864 -0.310636 32062.dat
1 14 20 -183.6354 487.6981 1 0 0 0 1 -0.012 0 0.012 1 60485.dat
1 71 -25 -223.6354 487.2181 0 -1 0 0.012 0 1 -1 0 0.012 32056.dat
1 71 -15 -223.6354 487.2181 0 -1 0 0.012 0 1 -1 0 0.012 32056.dat
1 71 0 -203.6354 487.4581 -1 0 0 0 -1 -0.012 0 -0.012 1 42003.dat
1 4 20 -183.6354 487.6981 0 0 1 -0.012 -1 0 1 -0.012 0 3713.dat
1 0 0 -203.7554 497.4581 0 -1 0 0.012 0 1 -1 0 0.012 2780.dat
1 71 -30 -220.327 467.808 -1 0 0 0 0.994992 0.095952 0 0.095952 -0.994992 3673.dat
1 0 -50 -178.647 328.288 -1 0 0 0 -0.012 1 0 1 0.012 2780.dat
1 0 -50 -179.127 368.288 -1 0 0 0 -0.012 1 0 1 0.012 2780.dat
1 71 -80 -177.207 208.288 -1 0 0 0 -0.012 1 0 1 0.012 32054.dat
1 1 -50 -177.687 248.288 -1 0 0 0 -0.012 1 0 1 0.012 43093.dat
1 1 -50 -178.167 288.288 -1 0 0 0 -0.012 1 0 1 0.012 43093.dat
1 71 -80 -177.687 248.288 -1 0 0 0 -0.012 1 0 1 0.012 32054.dat
1 71 -80 -178.167 288.288 -1 0 0 0 -0.012 1 0 1 0.012 32054.dat
1 72 -60 -218.887 347.808 0 1 0 -0.012 0 1 1 0 0.012 60484.dat
1 0 -70 -178.887 348.288 -1 0 0 0 -0.012 1 0 1 0.012 2780.dat
1 0 -70 -218.887 347.808 1 0 0 0 -0.012 -1 0 1 -0.012 6628.dat
1 72 -80 -177.687 248.288 0 -1 0 -1 0 0.012 -0.012 0 -1 32526.dat
1 0 -80 -178.647 328.288 0 -1 0 -1 0 0.012 -0.012 0 -1 32316.dat
1 1 -80 -176.967 188.288 1 0 0 0 0.012 1 0 -1 0.012 6558.dat
1 0 -100 -175.287 48.288 0 -1 0 1 0 -0.012 0.012 0 1 32278.dat
1 0 -90 -176.727 168.288 -1 0 0 0 -0.012 1 0 1 0.012 2780.dat
1 71 -100 -176.007 108.288 -1 0 0 0 -0.012 1 0 1 0.012 32054.dat
1 0 -110 -175.527 68.288 -1 0 0 0 -0.012 1 0 1 0.012 2780.dat
1 1 -120 -174.567 -11.712 -1 0 0 0 0.012 -1 0 -1 -0.012 6558.dat
1 71 -60 -156.967 188.528 0 -1 0 -0.012 0 -1 1 0 -0.012 60483.dat
1 0 -20 -176.967 188.288 1 0 0 0 1 -0.012 0 0.012 1 32184.dat
1 71 0 -196.967 188.048 1 0 0 0 1 -0.012 0 0.012 1 4519.dat
1 4 0 -196.967 188.048 0 0 1 -0.012 -1 0 1 -0.012 0 3713.dat
1 0 20 -176.967 188.288 1 0 0 0 1 -0.012 0 0.012 1 32184.dat
1 0 -20 -176.847 178.288 0 0 1 -0.012 -1 0 1 -0.012 0 2780.dat
1 0 20 -176.847 178.288 0 0 1 -0.012 -1 0 1 -0.012 0 2780.dat
1 0 0 -176.727 168.288 0 0 1 -1 0.012 0 -0.012 -1 0 32523.dat
1 1 -40 -156.847 178.528 0 0 1 0.012 1 0 -1 0.012 0 43093.dat
1 1 40 -156.847 178.528 0 0 1 0.012 1 0 -1 0.012 0 43093.dat
1 71 60 -156.967 188.528 0 -1 0 -0.012 0 -1 1 0 -0.012 60483.dat
1 0 30 -178.407 308.288 1 0 0 0 0.012 1 0 -1 0.012 2780.dat
1 0 30 -177.927 268.288 1 0 0 0 0.012 1 0 -1 0.012 2780.dat
1 0 40 -181.9554 347.6981 0 -1 0 -1 0 0.012 -0.012 0 -1 32278.dat
1 0 50 -178.647 328.288 1 0 0 0 0.012 1 0 -1 0.012 2780.dat
1 0 50 -179.127 368.288 1 0 0 0 0.012 1 0 -1 0.012 2780.dat
1 72 60 -221.9554 347.2181 0 -1 0 0.012 0 1 -1 0 0.012 60484.dat
1 71 80 -177.207 208.288 1 0 0 0 0.012 1 0 -1 0.012 32054.dat
1 0 70 -178.887 348.288 1 0 0 0 0.012 1 0 -1 0.012 2780.dat
1 1 50 -177.687 248.288 1 0 0 0 1 -0.012 0 0.012 1 43093.dat
1 1 50 -178.167 288.288 1 0 0 0 1 -0.012 0 0.012 1 43093.dat
1 71 80 -177.687 248.288 1 0 0 0 0.012 1 0 -1 0.012 32054.dat
1 71 80 -178.167 288.288 1 0 0 0 0.012 1 0 -1 0.012 32054.dat
1 0 80 -178.647 328.288 0 -1 0 -1 0 0.012 -0.012 0 -1 32316.dat
1 1 -100 -174.327 -31.712 -1 0 0 0 0.012 -1 0 -1 -0.012 6558.dat
1 71 -80 -174.087 -51.712 -1 0 0 0 -0.012 1 0 1 0.012 32054.dat
1 0 -80 -234.087 -52.432 0 1 0 -0.012 0 1 1 0 0.012 32140.dat
1 71 0 -174.087 -51.712 1 0 0 0 1 -0.012 0 0.012 1 44294.dat
1 71 80 -174.087 -51.712 1 0 0 0 -0.012 -1 0 1 -0.012 32054.dat
1 72 -50 -214.087 -52.192 -1 0 0 0 0.081976 -0.99716 0 -0.99716 -0.081976 87083.dat
1 4 -60 -214.087 -52.192 0 0 1 -0.081976 -0.99716 0 0.99716 -0.081976 0 3713.dat
1 71 -45 -214.087 -52.192 0 -1 0 -0.99716 0 0.081976 -0.081976 0 -0.99716 32056.dat
1 71 -35 -214.087 -52.192 0 -1 0 -0.99716 0 0.081976 -0.081976 0 -0.99716 32056.dat
1 19 -50 -253.9565 -55.4608 1 0 0 0 0.99716 -0.081976 0 0.081976 0.99716 3749.dat
1 19 -50 -210.8182 -92.0615 1 0 0 0 0.99716 -0.081976 0 0.081976 0.99716 3749.dat
1 0 -10 -214.087 -52.192 0 0 1 0.99716 -0.081976 0 0.081976 0.99716 0 59443.dat
1 71 20 -214.087 -52.192 -1 0 0 0 -0.081976 0.99716 0 0.99716 0.081976 4519.dat
1 0 50 -214.087 -52.192 0 0 1 0.99716 -0.081976 0 0.081976 0.99716 0 59443.dat
1 19 70 -214.087 -52.192 -1 0 0 0 -0.99716 -0.081976 0 -0.081976 0.99716 3749.dat
1 72 80 -175.047 28.288 0 -1 0 -1 0 0.012 -0.012 0 -1 32526.dat
1 1 100 -174.327 -31.712 1 0 0 0 0.012 1 0 -1 0.012 6558.dat
1 0 90 -175.047 28.288 -1 0 0 0 -0.012 1 0 1 0.012 2780.dat
1 4 -110 -216.727 167.808 -1 0 0 0 0.470452 0.884772 0 0.884772 -0.470452 3706.dat
1 0 -50 -216.727 167.808 0 0 1 0.884772 0.470452 0 -0.470452 0.884772 0 59443.dat
1 14 0 -216.727 167.808 -1 0 0 0 0.470452 0.884772 0 0.884772 -0.470452 32073.dat
1 0 50 -216.727 167.808 0 0 1 0.884772 0.470452 0 -0.470452 0.884772 0 59443.dat
1 4 110 -216.727 167.808 -1 0 0 0 0.468464 0.883748 0 0.883748 -0.468464 3706.dat
1 4 -100 -216.727 167.808 0 0 1 0.470452 -0.884772 0 0.884772 0.470452 0 3713.dat
1 72 80 -177.687 248.288 0 -1 0 -1 0 0.012 -0.012 0 -1 32526.dat
1 1 80 -176.967 188.288 -1 0 0 0 0.012 -1 0 -1 -0.012 6558.dat
1 0 90 -176.727 168.288 -1 0 0 0 -0.012 1 0 1 0.012 2780.dat
1 15 55 -229.7408 296.7374 0 1 0 -0.313412 0 0.947376 0.947376 0 0.313412 32449.dat
1 15 65 -229.7408 296.7374 0 1 0 -0.313412 0 0.947376 0.947376 0 0.313412 32449.dat
1 19 70 -201.3156 306.1488 -1 0 0 0 -0.947376 -0.313412 0 -0.313412 0.947376 3749.dat
1 72 80 -224.3135 250.8509 0 -1 0 0.923752 0 0.384972 -0.384972 0 0.923752 32524.dat
1 0 90 -258.167 287.328 0 0 1 0.947376 -0.313412 0 0.313412 0.947376 0 59443.dat
1 4 110 -258.167 287.328 -1 0 0 0 -0.314424 0.948364 0 0.948364 0.314424 32062.dat
1 72 100 -177.207 208.288 0 1 0 -1 0 -0.012 -0.012 0 1 32526.dat
1 0 100 -175.287 48.288 0 -1 0 1 0 -0.012 0.012 0 1 32278.dat
1 1 120 -174.567 -11.712 1 0 0 0 0.012 1 0 -1 0.012 6558.dat
1 0 110 -175.527 68.288 -1 0 0 0 -0.012 1 0 1 0.012 2780.dat
1 0 110 -176.007 108.288 -1 0 0 0 -0.012 1 0 1 0.012 2780.dat
1 4 100 -229.7266 186.0387 0 -1 0 0.470452 0 -0.884772 0.884772 0 0.470452 41678.dat
1 4 100 -229.7266 186.0387 0 0 -1 0.470452 0.884772 0 0.884772 -0.470452 0 32062.dat
1 72 100 -229.7266 186.0387 0 0 1 0.470452 -0.884772 0 0.884772 0.470452 0 6536.dat
1 19 100 -247.4209 195.4317 -1 0 0 0 -0.657036 -0.754992 0 -0.754992 0.657036 32556.dat
1 0 110 -207.3429 185.4991 -1 0 0 0 -0.036024 1.001712 0 1.001712 0.036024 2780.dat
1 0 120 -216.727 167.808 0 -1 0 0.884772 0 0.470452 -0.470452 0 0.884772 32140.dat
1 0 110 -197.9579 203.1923 1 0 0 0 -0.374912 0.928632 0 -0.928632 -0.374912 6628.dat
1 71 130 -188.5737 220.8824 1 0 0 0 0.842624 0.541968 0 -0.541968 0.842624 3673.dat
1 72 120 -215.767 87.808 0 -1 0 0.012 0 1 -1 0 0.012 60484.dat
1 19 120 -215.767 87.808 -1 0 0 0 0.689408 0.724376 0 0.724376 -0.689408 32556.dat
1 71 100 -230.2758 101.6189 0 1 0 0.691396 0 0.7254 0.7254 0 -0.691396 32316.dat
1 71 120 -246.0985 155.5758 0 1 0 1.003748 0 0.033048 0.033048 0 -1.003748 32316.dat
1 71 110 -244.7836 115.4298 -1 0 0 0 0.723424 -0.69342 0 -0.69342 -0.723424 3673.dat
1 19 90 -201.5381 73.9807 -1 0 0 0 -0.728876 -0.685844 0 -0.685844 0.728876 3749.dat
1 0 80 -238.6845 -26.9435 0 -1 0 0.995812 0 -0.110964 0.110964 0 0.995812 32348.dat
1 0 70 -245.3449 32.7732 -1 0 0 0 -0.110964 0.995812 0 0.995812 0.110964 2780.dat
1 1 70 -238.6845 -26.9435 1 0 0 0 -0.110964 -0.995812 0 0.995812 -0.110964 43093.dat
1 71 140 -236.247 127.568 0 1 0 -1 0 -0.012 -0.012 0 1 14720.dat
1 0 150 -255.767 87.328 -1 0 0 0 -0.012 1 0 1 0.012 2780.dat
1 0 150 -256.727 167.328 -1 0 0 0 -0.012 1 0 1 0.012 2780.dat
1 0 -55 -254.5565 -5.4608 0 1 0 1 0 0.012 0.012 0 -1 32063.dat
1 0 -65 -254.5565 -5.4608 0 1 0 1 0 0.012 0.012 0 -1 32063.dat
1 19 -60 -255.1565 44.5392 -1 0 0 0 1 0.012 0 0.012 -1 32556.dat
1 15 -80 -256.1165 124.5392 0 -1 0 -1 0 0.012 -0.012 0 -1 40490.dat
1 0 -70 -256.5965 164.5392 -1 0 0 0 -0.012 1 0 1 0.012 2780.dat
1 0 -70 -257.0765 204.5392 -1 0 0 0 -0.012 1 0 1 0.012 2780.dat
1 72 -60 -246.8365 184.6592 0 0 1 -1 0.012 0 -0.012 -1 0 32291.dat
1 4 -60 -246.8365 184.6592 0 -1 0 -1 0 0.012 -0.012 0 -1 41678.dat
1 4 -60 -246.8365 184.6592 0 -1 0 -1 0 0.012 -0.012 0 -1 32062.dat
1 0 -70 -237.0765 204.7792 -1 0 0 0 -0.012 1 0 1 0.012 2780.dat
1 0 -70 -236.5965 164.7792 -1 0 0 0 -0.012 1 0 1 0.012 2780.dat
1 71 -80 -238.0365 284.7792 0 1 0 -1 0 -0.012 -0.012 0 1 41239.dat
1 71 -100 -255.527 67.328 1 0 0 0 0.012 1 0 -1 0.012 15100.dat
1 71 -70 -239.4765 404.7792 -1 0 0 0 0.998816 -0.056024 0 -0.056024 -0.998816 3673.dat
1 72 -60 -228.2962 484.0687 0 1 0 0.990812 0 -0.139132 -0.139132 0 -0.990812 32526.dat
1 0 -80 -183.1554 447.6981 0 -1 0 0.596424 0 -0.805272 0.805272 0 0.596424 32140.dat
1 19 -80 -228.3549 484.038 1 0 0 0 0.409092 -0.91404 0 0.91404 0.409092 32556.dat
1 1 -90 -216.4382 500.1273 -1 0 0 0 -1.000676 -0.039012 0 -0.039012 1.000676 4274.dat
1 72 -100 -177.207 208.288 0 1 0 -1 0 -0.012 -0.012 0 1 32526.dat
1 0 -120 -216.727 167.808 0 -1 0 0.884772 0 0.470452 -0.470452 0 0.884772 32140.dat
1 71 -130 -188.5737 220.8824 1 0 0 0 1.001712 -0.036024 0 0.036024 1.001712 3673.dat
1 0 -110 -197.9579 203.1923 -1 0 0 0 -1.001712 -0.036024 0 -0.036024 1.001712 6628.dat
1 72 -120 -215.767 87.808 0 -1 0 0.012 0 1 -1 0 0.012 60484.dat
1 1 -120 -215.767 87.808 -1 0 0 0 -0.012 1 0 1 0.012 6558.dat
1 71 -100 -235.767 87.568 0 0 -1 -0.012 1 0 1 0.012 0 42003.dat
1 71 -120 -235.767 87.568 1 0 0 0 -0.012 -1 0 1 -0.012 87082.dat
1 71 -140 -236.247 127.568 0 1 0 -1 0 -0.012 -0.012 0 1 14720.dat
1 0 -150 -255.767 87.328 -1 0 0 0 -0.012 1 0 1 0.012 2780.dat
1 0 -150 -256.727 167.328 -1 0 0 0 -0.012 1 0 1 0.012 2780.dat
1 14 -100 -255.287 47.328 0 0 -1 -0.012 1 0 1 0.012 0 32073.dat
1 19 60 -183.1554 447.6981 0 0 -1 0.771752 -0.636832 0 -0.636832 -0.771752 0 32269.dat
1 0 60 -183.6354 487.6981 0 0 -1 1 0.012 0 0.012 -1 0 32270.dat
1 0 -70 -183.6354 487.6981 0 0 -1 -1 -0.012 0 -0.012 1 0 59443.dat
1 19 -90 -183.6354 487.6981 1 0 0 0 1 -0.012 0 0.012 1 3749.dat
1 72 -100 -182.9154 427.6981 0 1 0 -1 0 -0.012 -0.012 0 1 32524.dat
1 71 -100 -179.127 368.288 1 0 0 0 1 -0.012 0 0.012 1 32054.dat
1 1 -130 -179.127 368.288 1 0 0 0 1 -0.012 0 0.012 1 43093.dat
1 0 -60 -258.767 337.328 0 -1 0 0.012 0 1 -1 0 0.012 2780.dat
1 0 60 -258.767 337.328 0 -1 0 0.012 0 1 -1 0 0.012 2780.dat
1 0 0 -258.887 347.328 0 0 1 1 -0.012 0 0.012 1 0 32525.dat
1 71 -100 -259.127 367.328 0 1 0 0.012 0 -1 -1 0 -0.012 87082.dat
1 71 100 -259.127 367.328 0 1 0 0.012 0 -1 -1 0 -0.012 87082.dat
1 0 -150 -259.127 367.328 -1 0 0 0 0.038 -0.999688 0 -0.999688 -0.038 3707.dat
1 0 150 -259.127 367.328 -1 0 0 0 0.038 -0.999688 0 -0.999688 -0.038 3707.dat
1 0 70 -259.127 367.328 0 0 -1 -0.999688 -0.038 0 -0.038 0.999688 0 59443.dat
1 0 -70 -259.127 367.328 0 0 -1 -0.999688 -0.038 0 -0.038 0.999688 0 59443.dat
1 71 0 -259.127 367.328 1 0 0 0 0.999688 -0.038 0 0.038 0.999688 44294.dat
1 4 120 -259.127 367.328 0 0 -1 0.038 -0.999688 0 -0.999688 -0.038 0 3713.dat
1 0 -120 -259.127 367.328 0 -1 0 0.038 0 0.999688 -0.999688 0 0.038 32140.dat
1 71 -110 -199.1655 369.5887 -1 0 0 0 0.998816 -0.056024 0 -0.056024 -0.998816 3673.dat
1 72 -100 -212.7696 428.0299 0 1 0 -0.97442 0 -0.226724 -0.226724 0 0.97442 32524.dat
1 1 60 -277.207 207.088 1 0 0 0 0.012 1 0 -1 0.012 6558.dat
1 0 60 -277.207 207.088 0 -1 0 -1 0 0.012 -0.012 0 -1 32525.dat
1 1 80 -278.407 307.088 1 0 0 0 0.012 1 0 -1 0.012 6558.dat
1 0 70 -276.007 107.088 -1 0 0 0 -0.012 1 0 1 0.012 2780.dat
1 71 80 -278.647 327.088 0 1 0 1 0 0.012 0.012 0 -1 41239.dat
1 0 90 -277.447 227.088 -1 0 0 0 -0.012 1 0 1 0.012 2780.dat
1 0 90 -277.927 267.088 -1 0 0 0 -0.012 1 0 1 0.012 2780.dat
1 0 90 -278.887 347.088 -1 0 0 0 -0.012 1 0 1 0.012 2780.dat
1 72 100 -237.687 247.568 0 1 0 0.012 0 -1 -1 0 -0.012 60484.dat
1 72 100 -238.647 327.568 0 1 0 0.012 0 -1 -1 0 -0.012 60484.dat
1 1 80 -279.847 427.088 1 0 0 0 0.012 1 0 -1 0.012 6558.dat
1 0 60 -279.847 427.088 0 -1 0 -1 0 0.012 -0.012 0 -1 32523.dat
1 72 10 -280.087 447.088 1 0 0 0 0.23036 -0.972904 0 0.972904 0.23036 55013.dat
1 15 45 -250.9238 440.1679 0 1 0 -0.230372 0 -0.971904 -0.971904 0 0.230372 32449.dat
1 15 35 -250.9238 440.1679 0 1 0 -0.230372 0 -0.971904 -0.971904 0 0.230372 32449.dat
1 19 50 -224.8269 432.6589 -1 0 0 0 -0.230372 -0.971904 0 -0.971904 0.230372 3749.dat
1 71 20 -299.5302 451.7014 -1 0 0 0 -0.971904 0.230372 0 0.230372 0.971904 42003.dat
1 4 0 -280.087 447.088 0 0 -1 -0.230372 -0.971904 0 -0.971904 0.230372 0 3713.dat
1 71 -20 -299.5302 451.7014 -1 0 0 0 -0.971904 0.230372 0 0.230372 0.971904 42003.dat
1 4 -40 -280.087 447.088 0 0 -1 -0.230372 -0.971904 0 -0.971904 0.230372 0 3713.dat
1 0 100 -279.607 407.088 0 -1 0 1 0 -0.012 0.012 0 1 32140.dat
1 4 70 -279.607 407.088 -1 0 0 0 -0.012 1 0 1 0.012 3706.dat
1 0 0 -279.607 407.088 0 0 -1 -1 -0.012 0 -0.012 1 0 32034.dat
1 71 0 -289.607 406.968 0 0 -1 -1 -0.012 0 -0.012 1 0 3673.dat
1 4 -70 -279.607 407.088 -1 0 0 0 -0.012 1 0 1 0.012 3706.dat
1 4 40 -279.607 407.088 0 0 1 -0.012 -1 0 1 -0.012 0 3713.dat
1 4 -40 -279.607 407.088 0 0 1 -0.012 -1 0 1 -0.012 0 3713.dat
1 0 60 -220.0443 452.0831 0 -1 0 -0.971976 0 -0.236372 0.236372 0 -0.971976 32523.dat
1 71 100 -179.127 368.288 -1 0 0 0 0.012 -1 0 -1 -0.012 32054.dat
1 72 100 -179.847 428.288 0 -1 0 1 0 -0.012 0.012 0 1 32524.dat
1 1 130 -179.127 368.288 -1 0 0 0 -1 -0.012 0 -0.012 1 43093.dat
1 1 80 -215.3168 471.5207 -1 0 0 0 -0.999724 -0.035 0 -0.035 0.999724 43093.dat
1 1 110 -258.647 327.328 1 0 0 0 1 -0.012 0 0.012 1 43093.dat
1 1 110 -257.687 247.328 1 0 0 0 1 -0.012 0 0.012 1 43093.dat
1 71 115 -258.167 287.328 0 -1 0 0.012 0 1 -1 0 0.012 99773.dat
1 71 125 -258.167 287.328 0 -1 0 0.012 0 1 -1 0 0.012 99773.dat
1 0 130 -257.927 267.328 -1 0 0 0 -0.012 1 0 1 0.012 2780.dat
1 0 130 -258.407 307.328 -1 0 0 0 -0.012 1 0 1 0.012 2780.dat
1 0 130 -238.167 287.568 -1 0 0 0 -0.012 1 0 1 0.012 2780.dat
1 1 120 -218.167 287.808 -1 0 0 0 0.012 -1 0 -1 -0.012 6558.dat
1 72 140 -258.407 307.328 0 -1 0 1 0 -0.012 0.012 0 1 32524.dat
1 1 -60 -277.207 207.088 -1 0 0 0 0.012 -1 0 -1 -0.012 6558.dat
1 0 -60 -277.207 207.088 0 1 0 1 0 0.012 0.012 0 -1 32525.dat
1 1 -80 -278.407 307.088 -1 0 0 0 0.012 -1 0 -1 -0.012 6558.dat
1 0 -70 -276.007 107.088 -1 0 0 0 -0.012 1 0 1 0.012 2780.dat
1 71 -80 -278.647 327.088 0 -1 0 -1 0 0.012 -0.012 0 -1 41239.dat
1 0 -90 -277.447 227.088 -1 0 0 0 -0.012 1 0 1 0.012 2780.dat
1 0 -90 -277.927 267.088 -1 0 0 0 -0.012 1 0 1 0.012 2780.dat
1 0 -90 -278.887 347.088 -1 0 0 0 -0.012 1 0 1 0.012 2780.dat
1 72 -100 -237.687 247.568 0 -1 0 -0.012 0 -1 1 0 -0.012 60484.dat
1 72 -100 -238.647 327.568 0 -1 0 -0.012 0 -1 1 0 -0.012 60484.dat
1 1 -80 -279.847 427.088 -1 0 0 0 0.012 -1 0 -1 -0.012 6558.dat
1 0 -60 -279.847 427.088 0 1 0 1 0 0.012 0.012 0 -1 32523.dat
1 0 -100 -279.607 407.088 0 -1 0 1 0 -0.012 0.012 0 1 32140.dat
1 71 -115 -258.167 287.328 0 1 0 -0.012 0 1 1 0 0.012 99773.dat
1 1 -110 -258.647 327.328 -1 0 0 0 1 0.012 0 0.012 -1 43093.dat
1 1 -110 -257.687 247.328 -1 0 0 0 1 0.012 0 0.012 -1 43093.dat
1 71 -125 -258.167 287.328 0 1 0 -0.012 0 1 1 0 0.012 99773.dat
1 0 -130 -257.927 267.328 -1 0 0 0 -0.012 1 0 1 0.012 2780.dat
1 0 -130 -258.407 307.328 -1 0 0 0 -0.012 1 0 1 0.012 2780.dat
1 0 -130 -238.167 287.568 -1 0 0 0 -0.012 1 0 1 0.012 2780.dat
1 1 -120 -218.167 287.808 1 0 0 0 0.012 1 0 -1 0.012 6558.dat
1 72 -140 -258.407 307.328 0 1 0 -1 0 -0.012 -0.012 0 1 32524.dat
1 19 -120 -198.167 288.048 1 0 0 0 0.239384 -0.971012 0 0.971012 0.239384 32556.dat
1 15 -120 -118.4137 281.642 0 1 0 -0.080048 0 -0.997104 -0.997104 0 0.080048 40490.dat
1 15 -150 -38.6983 275.2335 0 0 1 -0.080048 0.997104 0 -0.997104 -0.080048 0 55982.dat
1 0 -150 -38.6983 275.2335 0 0 1 -0.080048 0.997104 0 -0.997104 -0.080048 0 58090.dat
1 71 -130 -138.3427 283.2441 1 0 0 0 0.394032 -0.91886 0 0.91886 0.394032 3673.dat
1 71 -140 -163.3863 252.1541 0 -1 0 0.781668 0 0.629712 -0.629712 0 0.781668 32316.dat
1 71 -155 -38.6983 275.2335 0 0 -1 -0.080048 -0.997104 0 -0.997104 0.080048 0 32123.dat
1 71 -140 -218.407 307.808 0 0 -1 1 0.012 0 0.012 -1 0 63869.dat
1 4 -140 -228.407 307.688 0 0 -1 1 0.012 0 0.012 -1 0 32062.dat
1 0 -160 -238.407 307.568 0 1 0 1 0 0.012 0.012 0 -1 32184.dat
1 19 120 -198.167 288.048 -1 0 0 0 0.327708 0.945068 0 0.945068 -0.327708 32556.dat
1 15 120 -118.4137 281.642 0 -1 0 0.080048 0 -0.997104 0.997104 0 0.080048 40490.dat
1 15 150 -38.6983 275.2335 0 0 -1 0.080048 0.997104 0 0.997104 -0.080048 0 55982.dat
1 0 150 -38.6983 275.2335 0 0 -1 0.080048 0.997104 0 0.997104 -0.080048 0 58090.dat
1 71 130 -138.3427 283.2441 1 0 0 0 0.394032 -0.91886 0 0.91886 0.394032 3673.dat
1 71 140 -163.3863 252.1541 0 -1 0 0.781668 0 0.629712 -0.629712 0 0.781668 32316.dat
1 71 155 -38.6983 275.2335 0 0 1 0.080048 -0.997104 0 0.997104 0.080048 0 32123.dat
1 71 140 -218.407 307.808 0 0 1 -1 0.012 0 -0.012 -1 0 63869.dat
1 4 140 -228.407 307.688 0 0 1 -1 0.012 0 -0.012 -1 0 32062.dat
1 0 160 -238.407 307.568 0 -1 0 -1 0 0.012 -0.012 0 -1 32184.dat
1 0 -110 -180.327 468.288 -1 0 0 0 -0.012 1 0 1 0.012 2780.dat
1 1 -120 -260.327 467.328 -1 0 0 0 0.012 -1 0 -1 -0.012 6558.dat
1 0 -120 -221.287 547.808 0 1 0 0.012 0 -1 -1 0 -0.012 18945.dat
1 0 -130 -220.327 467.808 -1 0 0 0 -0.012 1 0 1 0.012 2780.dat
1 0 -140 -240.327 467.568 0 1 0 -0.012 0 1 1 0 0.012 32523.dat
1 0 -120 -262.607 657.328 0 -1 0 0.012 0 1 -1 0 0.012 2780.dat
1 0 -120 -222.607 657.808 0 -1 0 0.012 0 1 -1 0 0.012 2780.dat
1 71 -160 -259.127 367.328 0 1 0 0.012 0 -1 -1 0 -0.012 87082.dat
1 71 -160 -238.887 347.568 0 0 -1 0.012 -1 0 -1 -0.012 0 48989.dat
1 4 -150 -238.887 347.568 -1 0 0 0 -1 -0.012 0 -0.012 1 32062.dat
1 0 -140 -238.887 347.568 0 1 0 -0.012 0 1 1 0 0.012 32140.dat
1 72 -160 -178.887 348.288 -1 0 0 0 -0.012 1 0 1 0.012 11214.dat
1 72 -160 -178.887 348.288 0 1 0 -0.012 0 1 1 0 0.012 18654.dat
1 71 -140 -259.367 387.328 0 0 -1 1 0.012 0 0.012 -1 0 32316.dat
1 0 -180 -259.487 397.328 0 1 0 -0.012 0 1 1 0 0.012 2780.dat
1 0 110 -180.3777 470.3417 -1 0 0 0 -0.038 0.999688 0 0.999688 0.038 2780.dat
1 1 120 -260.327 467.328 1 0 0 0 0.038 0.999688 0 -0.999688 0.038 6558.dat
1 0 120 -223.366 548.7842 0 1 0 0.038 0 -0.999688 -0.999688 0 -0.038 18945.dat
1 0 130 -220.3523 468.8348 -1 0 0 0 -0.038 0.999688 0 0.999688 0.038 2780.dat
1 0 140 -240.3402 468.0819 0 -1 0 0.038 0 0.999688 -0.999688 0 0.038 32523.dat
1 0 120 -227.5106 658.7133 0 -1 0 0.038 0 0.999688 -0.999688 0 0.038 2780.dat
1 0 120 -267.4852 657.2065 0 -1 0 0.038 0 0.999688 -0.999688 0 0.038 2780.dat
1 71 160 -259.127 367.328 0 -1 0 -0.038 0 -0.999688 0.999688 0 -0.038 87082.dat
1 71 160 -238.887 347.568 0 0 1 0.012 1 0 -1 0.012 0 48989.dat
1 4 150 -238.887 347.568 -1 0 0 0 -0.999688 -0.038 0 -0.038 0.999688 32062.dat
1 0 140 -238.887 347.568 0 1 0 -0.012 0 1 1 0 0.012 32140.dat
1 72 160 -178.887 348.288 1 0 0 0 -0.038 -0.999688 0 0.999688 -0.038 11214.dat
1 72 160 -178.887 348.288 0 -1 0 0.038 0 0.999688 -0.999688 0 0.038 18654.dat
1 71 140 -259.367 387.328 0 0 1 -0.999688 0.038 0 -0.038 -0.999688 0 32316.dat
1 0 180 -259.487 397.328 0 -1 0 0.038 0 0.999688 -0.999688 0 0.038 2780.dat
1 308 180 -259.607 407.328 -0.151 -0.003 -0.989 -0.987688 -0.038 0.150988 -0.037856 0.999688 0.002812 22961.dat
1 308 -180 -259.607 407.328 0.099 0 -0.995 -0.995 -0.012 -0.099 -0.01194 1 -0.001188 22961.dat
1 72 177.503 -279.437 407.09 -0.151 0.99 -0.004 -0.986688 -0.150988 -0.038012 -0.037844 -0.002812 1.000688 6536.dat
1 72 -178.01 -279.521 407.089 0.099 -0.996 0 -0.996 -0.099 0.012 -0.011952 -0.001188 -1 6536.dat
1 0 0 -236.847 177.568 0 -1 0 -1 0 0.012 -0.012 0 -1 59443.dat
1 72 0 -236.247 127.568 0 -1 0 -1 0 0.012 -0.012 0 -1 92906.dat
1 1 100 -173.847 -71.712 -1 0 0 0 0.012 -1 0 -1 -0.012 6558.dat
1 1 100 -173.607 -91.712 -1 0 0 0 0.012 -1 0 -1 -0.012 6558.dat
1 1 -100 -173.607 -91.712 1 0 0 0 0.012 1 0 -1 0.012 6558.dat
1 1 -100 -173.847 -71.712 1 0 0 0 0.012 1 0 -1 0.012 6558.dat
1 72 -40 -148.567 -511.472 0 -1 0 -0.012 0 -1 1 0 -0.012 32526.dat
1 1 -40 -148.567 -511.472 1 0 0 0 -0.012 -1 0 1 -0.012 6558.dat
1 1 -40 -228.567 -512.432 1 0 0 0 -0.012 -1 0 1 -0.012 6558.dat
1 0 -30 -208.567 -512.192 1 0 0 0 -0.012 -1 0 1 -0.012 2780.dat
1 0 -50 -229.047 -472.432 1 0 0 0 -0.012 -1 0 1 -0.012 2780.dat
1 1 -40 -168.567 -511.712 1 0 0 0 -0.012 -1 0 1 -0.012 6558.dat
1 71 -60 -170.007 -391.712 0 1 0 -1 0 -0.012 -0.012 0 1 41239.dat
1 1 -60 -171.447 -271.712 -1 0 0 0 -0.012 1 0 1 0.012 6558.dat
1 71 -40 -171.207 -291.712 0 1 0 -1 0 -0.012 -0.012 0 1 60483.dat
1 73 -20 -147.607 -591.472 0 1 0 -1 0 -0.012 -0.012 0 1 32526.dat
1 1 0 -147.607 -591.472 1 0 0 0 0.106084 -0.994416 0 0.994416 0.106084 6558.dat
1 72 -20 -188.567 -511.952 1 0 0 0 -0.012 -1 0 1 -0.012 11214.dat
1 71 20 -188.567 -511.952 1 0 0 0 -0.012 -1 0 1 -0.012 32054.dat
1 0 -20 -228.567 -512.432 0 1 0 0.012 0 -1 -1 0 -0.012 32523.dat
1 73 0 -153.9891 -651.1362 0 -1 0 0.994416 0 0.106084 -0.106084 0 0.994416 32524.dat
1 73 20 -147.607 -591.472 0 1 0 -1 0 -0.012 -0.012 0 1 32526.dat
1 1 40 -148.567 -511.472 1 0 0 0 -0.012 -1 0 1 -0.012 6558.dat
1 1 40 -168.567 -511.712 1 0 0 0 -0.012 -1 0 1 -0.012 6558.dat
1 71 0 -171.207 -291.712 1 0 0 0 -0.012 -1 0 1 -0.012 44294.dat
1 4 -20 -171.207 -291.712 0 0 1 1 -0.012 0 0.012 1 0 3713.dat
1 4 20 -171.207 -291.712 0 0 -1 -1 -0.012 0 -0.012 1 0 3713.dat
1 71 0 -171.207 -291.712 0 1 0 -0.012 0 1 1 0 0.012 60483.dat
1 71 -60 -230.007 -392.432 0 1 0 -1 0 -0.012 -0.012 0 1 41239.dat
1 72 -40 -230.967 -312.432 1 0 0 0 1 -0.012 0 0.012 1 11214.dat
1 1 -60 -170.967 -311.712 -1 0 0 0 -0.012 1 0 1 0.012 6558.dat
1 72 -40 -230.967 -312.432 0 1 0 -0.012 0 1 1 0 0.012 32524.dat
1 0 -30 -250.967 -312.672 -1 0 0 0 -0.012 1 0 1 0.012 6628.dat
1 1 -50 -210.967 -312.192 -1 0 0 0 -0.012 1 0 1 0.012 4274.dat
1 71 -40 -229.527 -432.432 -1 0 0 0 -0.012 1 0 1 0.012 87082.dat
1 71 -40 -229.287 -452.432 0 0 -1 -0.012 1 0 1 0.012 0 15100.dat
1 0 -40 -249.287 -452.672 0 0 -1 -1 -0.012 0 -0.012 1 0 18651.dat
1 71 -20 -209.527 -432.192 0 -1 0 -0.012 0 -1 1 0 -0.012 60483.dat
1 72 -12 -209.527 -432.192 -1 0 0 0 0.012 -1 0 -1 -0.012 87083.dat
1 0 -40 -209.527 -432.192 0 1 0 -1 0 -0.012 -0.012 0 1 32140.dat
1 71 0 -209.527 -432.192 0 -1 0 1 0 -0.012 0.012 0 1 60483.dat
1 70 0 -209.767 -412.192 -1 0 0 0 0.621688 0.783572 0 0.783572 -0.621688 15462.dat
1 0 -20 -209.767 -412.192 0 -1 0 0.783572 0 0.621688 -0.621688 0 0.783572 32140.dat
1 19 -30 -190.995 -311.9553 1 0 0 0 0.026 0.999832 0 -0.999832 0.026 3749.dat
1 71 -25 -150.9027 -311.4952 0 -1 0 0.011024 0 1.002012 -1.002012 0 0.011024 11478.dat
1 71 -15 -150.9027 -311.4952 0 -1 0 0.011024 0 1.002012 -1.002012 0 0.011024 11478.dat
1 71 0 -150.9027 -311.4952 -1 0 0 0 1.002012 0.011024 0 0.011024 -1.002012 87082.dat
1 71 15 -150.9027 -311.4952 0 1 0 1.002012 0 0.011024 0.011024 0 -1.002012 99773.dat
1 71 25 -150.9027 -311.4952 0 1 0 1.002012 0 0.011024 0.011024 0 -1.002012 99773.dat
1 1 30 -150.4469 -351.5595 1 0 0 0 -0.011024 -1.002012 0 1.002012 -0.011024 4274.dat
1 0 0 -150.6765 -331.5144 0 -1 0 -0.841648 0 -0.54398 0.54398 0 -0.841648 32140.dat
1 0 -10 -200.1556 -371.1018 1 0 0 0 0.554088 -0.832768 0 0.832768 0.554088 6628.dat
