0 Main
0 Name: 42020-1 - Twin Rotor Helicopter - Single Rotor Helicopter.mpd
0 Author: LTRON
1 15 -10 0 0 0 1 0 1 0 0 0 0 -1 40490.dat
1 15 -50 0 0 0 1 0 1 0 0 0 0 -1 40490.dat
1 71 -50 0 60 -1 0 0 0 1 0 0 0 -1 32054.dat
1 71 -70 0 100 -1 0 0 0 1 0 0 0 -1 32054.dat
1 0 -20 0 100 -1 0 0 0 1 0 0 0 -1 3705.dat
1 15 -30 0 100 -1 0 0 0 0 -1 0 -1 0 6536.dat
1 71 -10 0 100 0 0 -1 0 1 0 1 0 0 3713.dat
1 1 -30 0 -80 -1 0 0 0 1 0 0 0 -1 6558.dat
1 1 -30 0 20 -1 0 0 0 1 0 0 0 -1 6558.dat
1 1 -30 0 0 -1 0 0 0 1 0 0 0 -1 6558.dat
1 1 -30 -60 40 -1 0 0 0 1 0 0 0 -1 6558.dat
1 0 -20 0 -20 -1 0 0 0 1 0 0 0 -1 2780.dat
1 71 -30 -80 40 0 -1 0 0 0 1 -1 0 0 32526.dat
1 1 -60 0 80 -1 0 0 0 0 -1 0 -1 0 43093.dat
1 0 0 0 60 -1 0 0 0 0 -1 0 -1 0 2780.dat
1 1 0 0 80 1 0 0 0 0 -1 0 1 0 43093.dat
1 1 0 0 40 1 0 0 0 0 -1 0 1 0 43093.dat
1 1 -60 0 40 -1 0 0 0 0 -1 0 -1 0 43093.dat
1 47 10 0 40 0 -1 0 1 0 0 0 0 1 41669.dat
1 47 -70 0 40 0 1 0 -1 0 0 0 0 1 41669.dat
1 71 -70 0 60 0 -1 0 1 0 0 0 0 1 32526.dat
1 71 10 0 60 0 -1 0 1 0 0 0 0 1 32526.dat
1 71 30 40 140 0 0 1 1 0 0 0 1 0 42610.dat
1 0 30 40 140 0 0 1 1 0 0 0 1 0 50951.dat
1 0 -90 40 140 0 0 1 1 0 0 0 1 0 50951.dat
1 71 -90 40 140 0 0 1 1 0 0 0 1 0 42610.dat
1 71 -80 40 140 1 0 0 0 1 0 0 0 1 3673.dat
1 71 20 40 140 1 0 0 0 1 0 0 0 1 3673.dat
1 71 -80 40 140 1 0 0 0 1 0 0 0 1 3673.dat
1 71 -70 -80 60 0 1 0 -1 0 0 0 0 1 32524.dat
1 71 10 -80 60 0 1 0 -1 0 0 0 0 1 32524.dat
1 0 0 -80 0 1 0 0 0 1 0 0 0 1 2780.dat
1 0 -60 -80 0 1 0 0 0 1 0 0 0 1 2780.dat
1 0 -30 -18.8645 -86.6432 0 -1 0 0.332161 0 0.943223 -0.943223 0 0.332161 60483.dat
1 71 -30 -18.8645 -86.6432 1 0 0 0 0.332161 0.943223 0 -0.943223 0.332161 4519.dat
1 0 -10 -18.8645 -86.6432 0 -1 0 0.943223 0 -0.332161 0.332161 0 0.943223 32140.dat
1 0 -50 -18.8645 -86.6432 0 -1 0 0.943223 0 -0.332161 0.332161 0 0.943223 32140.dat
1 1 -60 -19.9297 -23.4066 -1 0 0 0 0.943223 0.332161 0 0.332161 -0.943223 43093.dat
1 1 0 -19.9297 -23.4066 1 0 0 0 -0.943223 0.332161 0 -0.332161 -0.943223 43093.dat
1 15 -30 0 -20 0 1 0 0.25038 0 -0.968148 -0.968148 0 -0.25038 32316.dat
1 19 -30 38.7259 -9.9848 -1 0 0 0 0.25038 -0.968148 0 -0.968148 -0.25038 32556.dat
1 71 -50 38.7259 -9.9848 0 0 1 -0.968148 0.25038 0 -0.25038 -0.968148 0 42610.dat
1 71 -10 38.7259 -9.9848 0 0 1 -0.968148 0.25038 0 -0.25038 -0.968148 0 42610.dat
1 0 -10 38.7259 -9.9848 0 0 1 -0.968148 0.25038 0 -0.25038 -0.968148 0 50951.dat
1 0 -50 38.7259 -9.9848 0 0 1 -0.968148 0.25038 0 -0.25038 -0.968148 0 50951.dat
1 0 -70 -41.4021 32.6148 0 1 0 0.93358 0 0.358368 0.358368 0 -0.93358 32140.dat
1 0 10 -41.4021 32.6148 0 1 0 0.93358 0 0.358368 0.358368 0 -0.93358 32140.dat
1 1 -60 -41.4021 32.6148 -1 0 0 0 0.93358 0.358368 0 0.358368 -0.93358 43093.dat
1 1 0 -41.4021 32.6148 1 0 0 0 0.93358 -0.358368 0 0.358368 0.93358 43093.dat
1 1 -50 -41.4173 32.6051 0 -1 0 0.369747 0 -0.929133 0.929133 0 0.369747 32523.dat
1 1 -10 -41.4173 32.6051 0 -1 0 0.369747 0 -0.929133 0.929133 0 0.369747 32523.dat
1 0 20 -40 80 0 1 0 0 0 1 1 0 0 87408.dat
1 19 -10 -70 80 0 -1 0 1 0 0 0 0 1 32002.dat
1 71 -30 -80 60 1 0 0 0 0 -1 0 1 0 63869.dat
1 71 -30 -80 60 1 0 0 0 0 -1 0 1 0 32073.dat
1 71 -10 -80 60 0 1 0 1 0 0 0 0 -1 60483.dat
1 71 -50 -80 60 0 1 0 1 0 0 0 0 -1 60483.dat
1 0 -60 -80 40 -1 0 0 0 1 0 0 0 -1 2780.dat
1 1 -10 -80 40 -1 0 0 0 1 0 0 0 -1 6558.dat
1 0 -10 -40 80 0 0 1 0.707106 -0.707107 0 0.707106 0.707107 0 32270.dat
1 0 50 -40 80 0 0 1 0.707106 -0.707107 0 0.707106 0.707107 0 32270.dat
1 72 18 -40 80 -1 0 0 0 -0.707107 0.707106 0 0.707107 0.707106 87083.dat
1 71 30 -40 80 0 0 1 0.707106 -0.707107 0 0.707106 0.707107 0 3713.dat
1 0 -30 -50 80 0 0 1 1 0 0 0 1 0 3707.dat
1 71 -30 -120 80 0 0 1 0 1 0 -1 0 0 57585.dat
1 71 0 -120 80 0 0 -1 0 1 0 1 0 0 59443.dat
1 4 20 -120 80 1 0 0 0 1 0 0 0 1 32062.dat
1 72 50 -120 80 0 -1 0 0 0 1 -1 0 0 99012.dat
1 71 -45 -120 105.981 -0.866025 0 0.5 0 1 0 -0.5 0 -0.866025 59443.dat
1 4 -55 -120 123.3015 -0.5 0 -0.866025 0 1 0 0.866025 0 -0.5 32062.dat
1 72 -70 -120 149.2823 0.866025 0.5 0 0 0 1 0.5 -0.866025 0 99012.dat
1 71 -45 -120 54.019 0.866025 0 0.5 0 1 0 -0.5 0 0.866025 59443.dat
1 4 -55 -120 36.6985 -0.5 0 0.866025 0 1 0 -0.866025 0 -0.5 32062.dat
1 72 -70 -120 10.7177 -0.866025 0.5 0 0 0 1 0.5 0.866025 0 99012.dat
1 71 -30 -100 80 0 1 0 0 0 -1 -1 0 0 3713.dat
1 19 -30 -23 80 0 1 0 0 0 -1 -1 0 0 6589.dat
1 71 -30 15 80 0 1 0 0 0 -1 -1 0 0 32123.dat
1 71 -30 25 80 0 1 0 0 0 -1 -1 0 0 32123.dat
1 71 -30 -40 120 -1 0 0 0 0 -1 0 -1 0 32073.dat
1 71 -30 0 120 -1 0 0 0 0 -1 0 -1 0 32073.dat
1 0 35 -80 240 0 -1 0 0 0 1 -1 0 0 32249.dat
1 0 -95 -80 240 0 -1 0 0 0 1 -1 0 0 32249.dat
1 71 -30 -80 240 -1 0 0 0 0 -1 0 -1 0 44294.dat
1 0 -30 -60 120 -1 0 0 0 1 0 0 0 -1 32184.dat
1 0 -30 -80 180 -1 0 0 0 1 0 0 0 -1 3705.dat
1 0 -10 -20 120 -1 0 0 0 1 0 0 0 -1 32184.dat
1 0 -50 -20 120 -1 0 0 0 1 0 0 0 -1 32184.dat
1 72 -35 -80 120 -1 0 0 0 1 0 0 0 -1 59426.dat
1 71 -10 -80 120 0 -1 0 1 0 0 0 0 1 2825.dat
1 71 -50 -80 120 0 1 0 -1 0 0 0 0 1 2825.dat
1 1 -30 -80 240 0 -1 0 1 0 0 0 0 1 32525.dat
1 1 -30 -80 140 -1 0 0 0 -1 0 0 0 1 6558.dat
1 19 -20 -80 220 1 0 0 0 1 0 0 0 1 32002.dat
1 0 -15 -80 200 0 1 0 -1 0 0 0 0 1 6632.dat
1 0 -45 -80 200 0 1 0 -1 0 0 0 0 1 6632.dat
1 15 10 -40 120 -1 0 0 0 0 -1 0 -1 0 6536.dat
1 71 -70 -40 100 -1 0 0 0 0 -1 0 -1 0 42003.dat
1 1 -30 -25.038 216.8148 0 1 0 0.968148 0 0.25038 0.25038 0 -0.968148 32525.dat
1 72 -10 -80 340 -1 0 0 0 0.661312 0.750111 0 0.750111 -0.661312 87083.dat
1 15 -45 -72.4989 333.3869 0 -1 0 -0.661312 0 0.750111 -0.750111 0 -0.661312 32449.dat
1 15 -15 -72.4989 333.3869 0 -1 0 -0.661312 0 0.750111 -0.750111 0 -0.661312 32449.dat
1 71 -30 -110.0044 366.4525 -1 0 0 0 -0.750111 0.661312 0 0.661312 0.750111 42003.dat
1 1 -40 -49.9956 313.5475 -1 0 0 0 -0.750111 0.661312 0 0.661312 0.750111 43093.dat
1 71 -5 -80 340 0 0 1 0.661312 -0.750111 0 0.750111 0.661312 0 32123.dat
1 4 -30 -95.0022 353.2262 -1 0 0 0 0.661312 0.750111 0 0.750111 -0.661312 32062.dat
1 71 10 -80 340 0 1 0 0.661312 0 0.750111 0.750111 0 -0.661312 57585.dat
1 71 10 -49.9956 313.5475 0 -1 0 0.750111 0 0.661312 -0.661312 0 0.750111 32054.dat
1 71 10 -117.9107 327.2416 0 -1 0 -0.947768 0 0.318959 -0.318959 0 -0.947768 32054.dat
1 71 10 -72.0937 379.2108 0 -1 0 0.197657 0 -0.980271 0.980271 0 0.197657 32054.dat
1 0 -15 -80 260 0 1 0 -0.351842 0 0.936059 0.936059 0 0.351842 6632.dat
1 0 -45 -80 260 0 1 0 -0.351842 0 0.936059 0.936059 0 0.351842 6632.dat
1 4 -30 -42.5576 274.0737 1 0 0 0 0.351842 0.936059 0 -0.936059 0.351842 32062.dat
1 0 -30 -80 260 1 0 0 0 0.351842 0.936059 0 -0.936059 0.351842 3705.dat
1 71 -50 -80 0 0 0 -1 0.992115 0.125333 0 0.125333 -0.992114 0 42003.dat
1 71 -10 -80 0 0 0 -1 0.992115 0.125333 0 0.125333 -0.992114 0 42003.dat
1 0 -65 -38.8 -30 0 -1 0 0.253758 0 -0.967267 0.967267 0 0.253758 6632.dat
1 0 5 -38.8 -30 0 -1 0 0.253758 0 -0.967267 0.967267 0 0.253758 6632.dat
1 0 -30 -77.4907 -19.8497 -1 0 0 0 -0.253758 -0.967267 0 -0.967267 0.253758 3705.dat
1 0 -30 -38.8 -30 -1 0 0 0 -0.253758 -0.967267 0 -0.967267 0.253758 3705.dat
1 71 -30 -77.4907 -19.8497 0 0 1 -0.967267 -0.253758 0 0.253758 -0.967267 0 3713.dat
