0 
0 Name: New Model.ldr
0 Author: 
1 0 40 -2 152 1 0 0 0 0 1 0 -1 0 44567.dat
1 0 -60 -2 152 1 0 0 0 0 1 0 -1 0 44567.dat
1 0 0 -30.695 96.061 0 0 1 -0.259 0.966 0 -0.966 -0.259 0 3034.dat
1 0 0 -56.595 -0.539 1 0 0 0 0.966 0.259 0 -0.259 0.966 43719.dat
1 15 0 -59.143 20.853 1 0 0 0 0.966 0.259 0 -0.259 0.966 43719.dat
1 0 50 -33.285 86.401 1 0 0 0 0.966 0.259 0 -0.259 0.966 2450.dat
1 0 -50 -33.285 86.401 0 0 1 -0.259 0.966 0 -0.966 -0.259 0 2450.dat
1 15 -50 -35.833 107.793 0 0 1 -0.259 0.966 0 -0.966 -0.259 0 2450.dat
1 15 50 -35.833 107.793 1 0 0 0 0.966 0.259 0 -0.259 0.966 2450.dat
1 28 0 -43.603 78.813 0 0 1 -0.259 0.966 0 -0.966 -0.259 0 3020.dat
1 71 0 -30.653 127.113 1 0 0 0 0.966 0.259 0 -0.259 0.966 35480.dat
1 0 50 -20.335 134.701 0 0 -1 0.259 0.966 0 0.966 -0.259 0 43723.dat
1 0 -50 -20.335 134.701 0 0 1 -0.259 0.966 0 -0.966 -0.259 0 43722.dat
1 71 0 -43.561 109.865 1 0 0 0 0.966 0.259 0 -0.259 0.966 35480.dat
1 71 0 -38.381 129.185 -1 0 0 0 0.966 -0.259 0 -0.259 -0.966 2540.dat
1 15 0 -64.281 32.585 0 0 1 -0.259 0.966 0 -0.966 -0.259 0 3021.dat
1 15 0 -51.331 80.885 1 0 0 0 0.966 0.259 0 -0.259 0.966 43719.dat
1 71 0 -46.109 131.257 1 0 0 0 0.966 0.259 0 -0.259 0.966 35480.dat
1 15 0 -64.239 63.637 0 0 1 -0.259 0.966 0 -0.966 -0.259 0 3795.dat
1 0 0 -82.369 -3.983 1 0 0 0 0.966 0.259 0 -0.259 0.966 3700.dat
1 71 0 -59.017 114.009 1 0 0 0 0.966 0.259 0 -0.259 0.966 35480.dat
1 71 0 -53.837 133.329 -1 0 0 0 0.966 -0.259 0 -0.259 -0.966 2540.dat
1 15 -10 -64.155 125.741 0 0 1 -0.259 0.966 0 -0.966 -0.259 0 99781.dat
1 15 10 -64.155 125.741 0 0 -1 0.259 0.966 0 0.966 -0.259 0 99781.dat
1 0 -32 -51.905 132.811 0 1 0 0.259 0 0.966 0.966 0 -0.259 11253.dat
1 0 32 -51.905 132.811 0 -1 0 -0.259 0 0.966 -0.966 0 -0.259 11253.dat
1 15 24 -54.495 123.151 0 -1 0 0.966 0 0.259 -0.259 0 0.966 11477.dat
1 15 -24 -54.495 123.151 0 1 0 -0.966 0 0.259 0.259 0 0.966 11477.dat
1 15 0 -84.917 17.409 1 0 0 0 0.966 0.259 0 -0.259 0.966 15573.dat
1 15 0 -90.097 -1.911 1 0 0 0 0.966 0.259 0 -0.259 0.966 15573.dat
1 1 0 -75.299 -16.233 0 0 1 -0.259 0.966 0 -0.966 -0.259 0 43093.dat
1 15 0 -92.645 19.481 0 0 1 -0.259 0.966 0 -0.966 -0.259 0 3024.dat
1 15 0 -92.603 50.533 0 0 1 -0.259 0.966 0 -0.966 -0.259 0 30165.dat
1 15 0 -82.243 89.173 0 0 1 -0.259 0.966 0 -0.966 -0.259 0 30165.dat
1 0 0 -81.515 -39.417 0 0 1 0.966 0.259 0 -0.259 0.966 0 98100.dat
1 72 0 -83.587 -47.145 0 0 1 0.966 0.259 0 -0.259 0.966 0 98138.dat
1 15 0 -74.473 118.153 1 0 0 0 0.966 0.259 0 -0.259 0.966 15573.dat
1 15 0 -69.293 137.473 1 0 0 0 0.966 0.259 0 -0.259 0.966 44661.dat
1 0 0 -90.097 -1.911 1 0 0 0 0.966 0.259 0 -0.259 0.966 54200.dat
1 15 0 -100.373 21.553 1 0 0 0 0.966 0.259 0 -0.259 0.966 3070.dat
1 0 16 -29.715 153.783 0 0 1 0.966 0.259 0 -0.259 0.966 0 15712.dat
1 0 16 -27.643 161.511 0 0 1 0.966 0.259 0 -0.259 0.966 0 85861.dat
1 0 16 -25.571 169.239 0 0 1 0.966 0.259 0 -0.259 0.966 0 85975.dat
1 0 -16 -29.715 153.783 0 0 1 0.966 0.259 0 -0.259 0.966 0 15712.dat
1 0 -16 -27.643 161.511 0 0 1 0.966 0.259 0 -0.259 0.966 0 85861.dat
1 0 -16 -25.571 169.239 0 0 1 0.966 0.259 0 -0.259 0.966 0 85975.dat
1 0 0 -48.2772 157.9273 0 0 1 0.966056 -0.258706 0 0.258706 0.966056 0 15712.dat
1 0 0 -50.3469 165.6558 0 0 1 0.966056 -0.258706 0 0.258706 0.966056 0 85861.dat
1 0 0 -52.4165 173.3842 0 0 1 0.966056 -0.258706 0 0.258706 0.966056 0 85975.dat
