0 
0 Name: New Model.ldr
0 Author: 
1 72 -360 -392 0 -1 0 0 0 1 0 0 0 -1 3021.dat
1 71 -340 -400 0 0 0 -1 0 1 0 1 0 0 48336.dat
1 72 -400 -392 0 0 0 1 0 1 0 -1 0 0 2540.dat
1 71 -360 -400 0 0 0 -1 0 1 0 1 0 0 3023.dat
1 71 -390 -400 0 0 0 -1 0 1 0 1 0 0 3020.dat
1 43 -390 -392 40 0 0 -1 0 1 0 1 0 0 2654.dat
1 43 -390 -392 -40 0 0 -1 0 1 0 1 0 0 2654.dat
1 71 -390 -400 -50 1 0 0 0 1 0 0 0 1 48336.dat
1 71 -390 -400 50 -1 0 0 0 1 0 0 0 -1 48336.dat
1 71 -360 -408 0 0 0 -1 0 1 0 1 0 0 2419.dat
1 71 -340 -416 0 0 0 -1 0 1 0 1 0 0 3023.dat
1 71 -410 -408 30 -1 0 0 0 1 0 0 0 -1 43723.dat
1 71 -410 -408 -30 1 0 0 0 1 0 0 0 1 43722.dat
1 272 -370 -416 0 0 0 1 0 1 0 -1 0 0 51739.dat
1 272 -400 -416 0 0 0 1 0 1 0 -1 0 0 15573.dat
1 272 -410 -408 0 0 0 1 0 1 0 -1 0 0 11477.dat
1 71 -360 -424 10 -1 0 0 0 1 0 0 0 -1 63864.dat
1 71 -360 -424 -10 -1 0 0 0 1 0 0 0 -1 63864.dat
1 0 -400 -384 0 0 0 1 0 1 0 -1 0 0 6134.dat
1 0 -340 -384 0 0 0 -1 0 1 0 1 0 0 6134.dat
1 72 -314 -418 0 0 1 0 0 0 -1 -1 0 0 4590.dat
1 0 -322 -418 0 0 1 0 0 0 -1 -1 0 0 60470.dat
1 40 -330 -418 0 0 1 0 0 0 -1 -1 0 0 3069.dat
1 72 -338 -428 -30 0 1 0 0.259 0 -0.966 -0.966 0 -0.259 4588.dat
1 72 -338 -428 30 0 1 0 -0.259 0 -0.966 -0.966 0 0.259 4588.dat
1 72 -338 -428 30 0 1 0 0 0 1 1 0 0 54200.dat
1 72 -338 -428 -30 0 1 0 0 0 1 1 0 0 54200.dat
1 71 -398 -398 -70 0 -1 0 0.358 0 0.934 -0.934 0 0.358 30259.dat
1 71 -398 -398 70 0 -1 0 -0.358 0 0.934 -0.934 0 -0.358 30259.dat
1 72 -439.192 -384.026 0 0 0.391 -0.921 0 0.921 0.391 1 0 0 61252.dat
1 71 -442.32 -391.394 0 0 0.391 0.921 0 0.921 -0.391 -1 0 0 4081.dat
1 0 -445.448 -398.762 0 0 0.391 0.921 0 0.921 -0.391 -1 0 0 3024.dat
1 272 -450.748 -385.642 4 -0.391 0 0.921 -0.921 0 -0.391 0 -1 0 11477.dat
1 272 -450.748 -385.642 -4 0.391 0 0.921 0.921 0 -0.391 0 1 0 11477.dat
1 40 -451.339 -404.957 0 0.921 0.391 0 -0.391 0.921 0 0 0 1 3069.dat
