0 Main
0 Name: 8074-1 - Universal _pNakp0O.mpd
0 Author: LTRON
1 0 -30 0 0 0 0 -1 0 1 0 1 0 0 3703.dat
1 0 0 24 -140 1 0 0 0 1 0 0 0 1 3709.dat
1 0 0 24 140 1 0 0 0 1 0 0 0 1 3709.dat
1 7 0 24 90 1 0 0 0 1 0 0 0 1 4442.dat
1 0 30 0 0 0 0 -1 0 1 0 1 0 0 3703.dat
1 0 -70 10 -140 1 0 0 0 1 0 0 0 1 3706.dat
1 0 70 10 -140 1 0 0 0 1 0 0 0 1 3706.dat
1 7 -15 10 -140 0 0 1 0 1 0 -1 0 0 4265.dat
1 7 15 10 -140 0 0 -1 0 1 0 1 0 0 4265.dat
1 7 40 10 120 1 0 0 0 1 0 0 0 1 3673.dat
1 7 -40 10 120 1 0 0 0 1 0 0 0 1 3673.dat
1 7 40 10 60 1 0 0 0 1 0 0 0 1 4274.dat
1 7 -40 10 60 -1 0 0 0 1 0 0 0 -1 4274.dat
1 0 40 10 0 -1 0 0 0 1 0 0 0 -1 2780.dat
1 0 -40 10 0 -1 0 0 0 1 0 0 0 -1 2780.dat
1 7 -70 0 90 -1 0 0 0 1 0 0 0 -1 4261.dat
1 7 -70 0 50 0 0 -1 1 0 0 0 -1 0 3749.dat
1 0 -90 10 90 -1 0 0 0 0 -1 0 -1 0 3705.dat
1 7 -55 10 90 0 0 1 -1 0 0 0 -1 0 4265.dat
1 7 -90 10 90 0 0 -1 0 1 0 1 0 0 3713.dat
1 0 0 -8 150 1 0 0 0 1 0 0 0 1 3710.dat
1 7 -30 -8 60 0 0 1 0 1 0 -1 0 0 3069.dat
1 7 30 -8 60 0 0 1 0 1 0 -1 0 0 3069.dat
1 7 70 0 90 -1 0 0 0 1 0 0 0 -1 4261.dat
1 7 70 0 50 0 0 -1 1 0 0 0 -1 0 3749.dat
1 0 90 10 90 -1 0 0 0 0 -1 0 -1 0 3705.dat
1 7 55 10 90 0 0 -1 -1 0 0 0 1 0 4265.dat
1 7 90 10 90 0 0 1 0 1 0 -1 0 0 3713.dat
1 0 0 -16 150 1 0 0 0 1 0 0 0 1 3710.dat
1 7 0 -8 90 1 0 0 0 1 0 0 0 1 4442.dat
1 0 -20 -16 90 1 0 0 0 1 0 0 0 1 3023.dat
1 0 20 -16 90 1 0 0 0 1 0 0 0 1 3023.dat
1 0 0 -24 -50 1 0 0 0 1 0 0 0 1 3701.dat
1 0 0 -24 30 1 0 0 0 1 0 0 0 1 3701.dat
1 7 0 -16 50 1 0 0 0 1 0 0 0 1 4442.dat
1 7 0 -24 50 1 0 0 0 1 0 0 0 1 3743.dat
1 0 0 -30 130 0 0 -1 0 1 0 1 0 0 3706.dat
1 0 0 -30 120 1 0 0 0 1 0 0 0 1 4716.dat
1 0 0 -40 90 1 0 0 0 1 0 0 0 1 3701.dat
1 0 0 -40 150 1 0 0 0 1 0 0 0 1 3701.dat
1 7 0 -30 75 -1 0 0 0 1 0 0 0 -1 4265.dat
1 7 0 -30 164 1 0 0 0 1 0 0 0 1 4143.dat
1 0 0 -38 0 0 0 -1 0 1 0 1 0 0 3706.dat
1 0 0 -48 -50 1 0 0 0 1 0 0 0 1 3701.dat
1 0 0 -48 30 1 0 0 0 1 0 0 0 1 3701.dat
1 7 0 -38 -32 0 -1 0 1 0 0 0 0 1 3650.dat
1 7 0 -38 10 -1 0 0 0 -1 0 0 0 1 3713.dat
1 7 0 -38 50 -1 0 0 0 -1 0 0 0 1 3647.dat
1 0 30 -48 120 0 0 1 0 1 0 -1 0 0 3710.dat
1 0 -30 -48 120 0 0 1 0 1 0 -1 0 0 3710.dat
1 7 0 -50 185 0 0 1 0 1 0 -1 0 0 3673.dat
1 14 30 -56 150 0 0 1 0 1 0 -1 0 0 3024.dat
1 14 -30 -56 150 0 0 1 0 1 0 -1 0 0 3024.dat
1 14 0 -56 -50 -1 0 0 0 1 0 0 0 -1 3710.dat
1 14 30 -56 80 0 0 -1 0 1 0 1 0 0 3666.dat
1 14 -30 -56 80 0 0 -1 0 1 0 1 0 0 3666.dat
1 0 -20 -80 -50 1 0 0 0 1 0 0 0 1 3700.dat
1 0 20 -80 -50 1 0 0 0 1 0 0 0 1 3700.dat
1 0 30 -80 100 0 0 -1 0 1 0 1 0 0 3894.dat
1 0 -30 -80 100 0 0 -1 0 1 0 1 0 0 3894.dat
1 0 0 -70 120 1 0 0 0 0.999 0.035 0 -0.035 0.999 3707.dat
1 7 -2 -70 120 0 0 1 -0.999 -0.035 0 0.035 -0.999 0 3650.dat
1 7 -15 -70 120 0 0 1 -0.999 -0.035 0 0.035 -0.999 0 4265.dat
1 7 15 -70 120 0 0 -1 -0.999 0.035 0 0.035 0.999 0 4265.dat
1 0 -30 -88 20 0 0 -1 0 1 0 1 0 0 3460.dat
1 0 -30 -88 140 0 0 -1 0 1 0 1 0 0 3023.dat
1 0 30 -88 140 0 0 -1 0 1 0 1 0 0 3023.dat
1 0 30 -88 20 0 0 -1 0 1 0 1 0 0 3460.dat
1 0 0 -96 0 1 0 0 0 1 0 0 0 1 3709.dat
1 0 30 -96 100 0 0 1 0 1 0 -1 0 0 3666.dat
1 0 -30 -96 100 0 0 1 0 1 0 -1 0 0 3666.dat
1 0 0 -104 150 -1 0 0 0 1 0 0 0 -1 3710.dat
1 0 0 -104 90 -1 0 0 0 1 0 0 0 -1 3710.dat
1 0 0 -158 0 0 -0.991 0.131 -1 0 0 0 -0.131 -0.991 3737.dat
1 7 0 -68 0 -0.131 -0.991 0 0 0 -1 0.991 -0.131 0 3648.dat
1 7 0 -83 0 0.131 -0.991 0 0 0 1 -0.991 -0.131 0 4265.dat
1 7 0 -105 0 0.131 0.991 0 0 0 -1 -0.991 0.131 0 4265.dat
1 7 0 -120 0 0.131 0.991 0 0 0 -1 -0.991 0.131 0 3713.dat
1 0 30 -120 0 0 0 1 0 1 0 -1 0 0 3700.dat
1 0 -30 -120 0 0 0 1 0 1 0 -1 0 0 3700.dat
1 0 0 -118 110 0 0 -1 0 1 0 1 0 0 3707.dat
1 0 0 -118 120 1 0 0 0 1 0 0 0 1 4716.dat
1 0 0 -128 90 1 0 0 0 1 0 0 0 1 3701.dat
1 0 0 -128 150 1 0 0 0 1 0 0 0 1 3701.dat
1 7 0 -118 164 1 0 0 0 1 0 0 0 1 4143.dat
1 7 0 -118 70 1 0 0 0 1 0 0 0 1 3713.dat
1 7 0 -138 185 0 0 1 0 1 0 -1 0 0 3673.dat
1 0 30 -136 120 0 0 1 0 1 0 -1 0 0 3710.dat
1 0 -30 -136 120 0 0 1 0 1 0 -1 0 0 3710.dat
1 0 30 -128 0 0 0 1 0 1 0 -1 0 0 3023.dat
1 0 30 -136 0 0 0 1 0 1 0 -1 0 0 3023.dat
1 0 -30 -136 0 0 0 1 0 1 0 -1 0 0 3023.dat
1 0 -30 -128 0 0 0 1 0 1 0 -1 0 0 3023.dat
1 14 50 -90.499 -139.948 0 0 -1 -0.995 0.1 0 0.1 0.995 0 3895.dat
1 14 -50 -90.499 -139.948 0 0 -1 -0.995 0.1 0 0.1 0.995 0 3895.dat
1 14 70 -10.9 -147.949 0 0 -1 -0.995 0.1 0 0.1 0.995 0 3701.dat
1 14 -70 -10.9 -147.949 0 0 -1 -0.995 0.1 0 0.1 0.995 0 3701.dat
1 0 60 -29.799 -135.999 -1 0 0 0 0.1 0.995 0 0.995 -0.1 2780.dat
1 0 -60 -29.799 -135.999 -1 0 0 0 0.1 0.995 0 0.995 -0.1 2780.dat
1 0 40 -188.997 -119.996 -1 0 0 0 0.1 0.995 0 0.995 -0.1 2780.dat
1 0 -40 -188.997 -119.996 -1 0 0 0 0.1 0.995 0 0.995 -0.1 2780.dat
1 7 90 10 -140 0 0 1 0 -1 0 1 0 0 3713.dat
1 7 -90 10 -140 0 0 -1 0 -1 0 -1 0 0 3713.dat
1 0 30 -160 60 0 0 1 0 1 0 -1 0 0 3702.dat
1 0 -30 -160 60 0 0 1 0 1 0 -1 0 0 3702.dat
1 0 40 -150 0 -1 0 0 0 1 0 0 0 -1 2780.dat
1 0 -40 -150 0 -1 0 0 0 1 0 0 0 -1 2780.dat
1 0 0 -150 120 -1 0 0 0 1 0 0 0 -1 3708.dat
1 7 15 -150 120 0 0 -1 -1 0 0 0 1 0 4265.dat
1 7 -15 -150 120 0 0 1 -1 0 0 0 -1 0 4265.dat
1 7 0 -150 120 0 0 -1 -1 0 0 0 1 0 4019.dat
1 14 30 -199.498 -60.081 0 0 1 0.008 1 0 -1 0.008 0 3702.dat
1 14 -30 -199.498 -60.081 0 0 1 0.008 1 0 -1 0.008 0 3702.dat
1 14 0 -168 0 1 0 0 0 1 0 0 0 1 3709.dat
1 0 -50 -70 130 0 0 1 -1 0 0 0 -1 0 2730.dat
1 7 -60 -90 120 -1 0 0 0 -1 0 0 0 1 4274.dat
1 7 60 -90 120 1 0 0 0 -1 0 0 0 -1 4274.dat
1 0 50 -70 130 0 0 1 -1 0 0 0 -1 0 2730.dat
1 7 65 -150 120 0 0 1 0 -1 0 1 0 0 4265.dat
1 7 -65 -150 120 0 0 -1 0 -1 0 -1 0 0 4265.dat
1 0 50 -90 10 0 0 1 -1 0 0 0 -1 0 3895.dat
1 0 -50 -90 10 0 0 1 -1 0 0 0 -1 0 3895.dat
1 0 40 -190 0 -1 0 0 0 -1 0 0 0 1 2780.dat
1 0 -40 -190 0 -1 0 0 0 -1 0 0 0 1 2780.dat
1 0 40 -188.997 -119.996 -1 0 0 0 -1 -0.008 0 -0.008 1 2780.dat
1 0 -40 -188.997 -119.996 -1 0 0 0 -1 -0.008 0 -0.008 1 2780.dat
1 14 -50 -112.099 50.0363 0 0 -1 -0.999226 0 0 0 0.999226 0 3894.dat
1 7 -60 -72.113 60.028 -1 0 0 0 0.035 0.999 0 0.999 -0.035 3749.dat
1 7 -70 -70.013 119.968 0 1 0 0.999 0 -0.035 -0.035 0 -0.999 2825.dat
1 14 50 -112.091 50.0383 0 0 1 0.999226 0 0 0 0.999226 0 3894.dat
1 7 60 -72.105 60.03 1 0 0 0 0.035 -0.999 0 0.999 0.035 3749.dat
1 7 70 -70.005 119.97 0 -1 0 -0.999 0 -0.035 0.035 0 -0.999 2825.dat
1 14 72 -150 120 0 1 0 1 0 0 0 0 -1 2711.dat
1 14 -72 -150 120 0 -1 0 1 0 0 0 0 1 2711.dat
1 14 0 -31.6 -153.909 1 0 0 0 0.1 -0.995 0 0.995 0.1 3738.dat
1 14 90 -164.88 -19.566 0 0 -1 0.035 0.999 0 0.999 -0.035 0 3703.dat
1 0 80 -152.79 40.024 1 0 0 0 0.999 0.035 0 -0.035 0.999 2780.dat
1 0 80 -153.49 20.044 1 0 0 0 0.999 0.035 0 -0.035 0.999 2780.dat
1 7 80 -159.79 -159.776 -1 0 0 0 0.958282 -0.28363 0 -0.28363 -0.958282 3749.dat
1 14 72 -158.39 -119.816 0 1 0 0.999226 0 0 0 0 -0.999226 2711.dat
1 0 100 -158.39 -119.816 -1 0 0 0 0.999226 0 0 0 -0.999226 3705.dat
1 7 70 -152.09 60.004 0 1 0 0.999 0 -0.035 -0.035 0 -0.999 2825.dat
1 7 80 -102.2781 -176.7943 0 -1 0 0.28363 0 -0.958282 0.958282 0 0.28363 2825.dat
1 7 60 -152.09 60.004 1 0 0 0 0.999 0.035 0 -0.035 0.999 3749.dat
1 14 -90 -164.88 -19.566 0 0 1 -0.035 0.999 0 -0.999 -0.035 0 3703.dat
1 0 -80 -152.79 40.024 1 0 0 0 0.999 0.035 0 -0.035 0.999 2780.dat
1 0 -80 -153.49 20.044 1 0 0 0 0.999 0.035 0 -0.035 0.999 2780.dat
1 7 -80 -159.79 -159.776 1 0 0 0 0.958282 0.28363 0 -0.28363 0.958282 3749.dat
1 14 -72 -158.39 -119.816 0 -1 0 -0.999226 0 0 0 0 -0.999226 2711.dat
1 0 -100 -158.39 -119.816 -1 0 0 0 0.999226 0 0 0 -0.999226 3705.dat
1 7 -70 -152.09 60.004 0 -1 0 -0.999 0 -0.035 0.035 0 -0.999 2825.dat
1 7 -80 -102.2781 -176.7943 0 1 0 -0.28363 0 -0.958282 -0.958282 0 0.28363 2825.dat
1 7 -60 -152.09 60.004 -1 0 0 0 0.999 -0.035 0 -0.035 -0.999 3749.dat
1 7 110 -150 120 0 0 -1 0 1 0 1 0 0 3713.dat
1 7 -110 -150 120 0 0 1 0 1 0 -1 0 0 3713.dat
1 16 85 -198.376 -119.854 0 -1 0 0.035 0 -0.999 0.999 0 0.035 2900.dat
1 7 85 -198.0435 -110.3635 0 0 1 -0.999 -0.035 0 0.035 -0.999 0 342.dat
1 16 85 -189.976 119.906 0 1 0 -0.035 0 -0.999 -0.999 0 0.035 2900.dat
1 7 85 -190.3085 110.4155 0 0 -1 -0.999 0.035 0 0.035 0.999 0 342.dat
1 7 90 -189.976 119.906 1 0 0 0 -0.999 -0.035 0 0.035 -0.999 4274.dat
1 7 90 -198.376 -119.854 1 0 0 0 -0.999 -0.035 0 0.035 -0.999 4274.dat
1 16 -85 -110 120 0 1 0 -0.035 0 -0.999 -0.999 0 0.035 2900.dat
1 7 -85 -110.3325 110.5095 0 0 -1 -0.999 0.035 0 0.035 0.999 0 342.dat
1 16 -85 -118.4 -119.76 0 -1 0 0.035 0 -0.999 0.999 0 0.035 2900.dat
1 7 -85 -118.0675 -110.2695 0 0 1 -0.999 -0.035 0 0.035 -0.999 0 342.dat
1 7 -90 -118.4 -119.76 -1 0 0 0 -0.999 0.035 0 0.035 0.999 4274.dat
1 7 -90 -110 120 -1 0 0 0 -0.999 0.035 0 0.035 0.999 4274.dat
1 16 -85 -190 120 0 1 0 -0.035 0 -0.999 -0.999 0 0.035 2900.dat
1 7 -85 -190.3325 110.5095 0 0 -1 -0.999 0.035 0 0.035 0.999 0 342.dat
1 16 -85 -198.4 -119.76 0 -1 0 0.035 0 -0.999 0.999 0 0.035 2900.dat
1 7 -85 -198.0675 -110.2695 0 0 1 -0.999 -0.035 0 0.035 -0.999 0 342.dat
1 7 -90 -198.4 -119.76 -1 0 0 0 -0.999 0.035 0 0.035 0.999 4274.dat
1 7 -90 -190 120 -1 0 0 0 -0.999 0.035 0 0.035 0.999 4274.dat
1 14 -110 -81.286 -212.365 0 0 -1 -0.702 0.712 0 0.712 0.702 0 3703.dat
1 0 -100 -60.126 -219.585 1 0 0 0 0.712 -0.702 0 0.702 0.712 2780.dat
1 14 -90 -67.246 -226.605 0 0 1 0.702 0.712 0 -0.712 0.702 0 3700.dat
1 0 -100 -102.246 -176.865 -1 0 0 0 0.283232 0.958858 0 0.958858 -0.283232 4519.dat
1 7 -125 -102.246 -176.865 0 0 -1 -0.958858 0.283232 0 0.283232 0.958858 0 4265.dat
1 7 -95 -102.246 -176.865 0 0 1 0.958858 0.283232 0 -0.283232 0.958858 0 4265.dat
1 14 110 -81.286 -212.365 0 0 1 0.702 0.712 0 -0.712 0.702 0 3703.dat
1 0 100 -60.126 -219.585 1 0 0 0 0.712 -0.702 0 0.702 0.712 2780.dat
1 14 90 -67.246 -226.605 0 0 -1 -0.702 0.712 0 0.712 0.702 0 3700.dat
1 0 100 -102.246 -176.865 -1 0 0 0 0.283232 0.958858 0 0.958858 -0.283232 4519.dat
1 7 125 -102.246 -176.865 0 0 1 0.958858 0.283232 0 -0.283232 0.958858 0 4265.dat
1 7 95 -102.246 -176.865 0 0 -1 -0.958858 0.283232 0 0.283232 0.958858 0 4265.dat
1 16 85 -118.376 -119.854 0 -1 0 0.035 0 -0.999 0.999 0 0.035 2900.dat
1 7 85 -118.0435 -110.3635 0 0 1 -0.999 -0.035 0 0.035 -0.999 0 342.dat
1 16 85 -109.976 119.906 0 1 0 -0.035 0 -0.999 -0.999 0 0.035 2900.dat
1 7 85 -110.3085 110.4155 0 0 -1 -0.999 0.035 0 0.035 0.999 0 342.dat
1 7 90 -109.976 119.906 1 0 0 0 -0.999 -0.035 0 0.035 -0.999 4274.dat
1 7 90 -118.376 -119.854 1 0 0 0 -0.999 -0.035 0 0.035 -0.999 4274.dat
1 7 -125 24.079 -305.084 0 0 -1 0 1 0 1 0 0 4265.dat
1 7 125 24.079 -305.084 0 0 1 0 1 0 -1 0 0 4265.dat
1 14 -70 14.079 -365.084 0 0 1 0 1 0 -1 0 0 3702.dat
1 14 70 14.079 -365.084 0 0 1 0 1 0 -1 0 0 3702.dat
1 0 90 24.079 -305.084 1 0 0 0 1 0 0 0 1 3705.dat
1 0 -90 24.079 -305.084 1 0 0 0 1 0 0 0 1 3705.dat
1 7 -55 24.079 -305.084 0 0 1 0 1 0 -1 0 0 4265.dat
1 7 55 24.079 -305.084 0 0 -1 0 1 0 1 0 0 4265.dat
1 14 0 6.079 -305.084 1 0 0 0 1 0 0 0 1 3738.dat
1 0 70 -1.921 -305.084 0 0 -1 0 1 0 1 0 0 3023.dat
1 0 -70 -1.921 -305.084 0 0 -1 0 1 0 1 0 0 3023.dat
1 14 70 -25.921 -305.084 0 0 -1 0 1 0 1 0 0 3700.dat
1 14 -70 -25.921 -305.084 0 0 -1 0 1 0 1 0 0 3700.dat
1 0 0 -15.921 -305.084 1 0 0 0 1 0 0 0 1 3737.dat
1 7 90 -35.921 -305.084 0 -1 0 0 0 1 -1 0 0 2825.dat
1 7 -90 -35.921 -305.084 0 1 0 0 0 1 1 0 0 2825.dat
1 7 -95 24.079 -305.084 0 0 1 0 1 0 -1 0 0 4265.dat
1 7 95 24.079 -305.084 0 0 -1 0 1 0 1 0 0 4265.dat
1 7 -95 -15.921 -305.084 0 0 -1 0 1 0 1 0 0 4265.dat
1 7 95 -15.921 -305.084 0 0 1 0 1 0 -1 0 0 4265.dat
1 7 100 -35.921 -305.084 -1 0 0 0 1 0 0 0 -1 3749.dat
1 7 -100 -35.921 -305.084 1 0 0 0 1 0 0 0 1 3749.dat
1 7 130 -158.376 -119.854 0 -1 0 0 0 -1 1 0 0 2825.dat
1 7 -130 -158.376 -119.854 0 1 0 0 0 -1 -1 0 0 2825.dat
1 7 -120 -218.376 -119.854 -1 0 0 0 1 0 0 0 -1 3749.dat
1 7 120 -218.376 -119.854 1 0 0 0 1 0 0 0 1 3749.dat
1 14 30 -207.999 -0.15 0 0 1 0.008 1 0 -1 0.008 0 3023.dat
1 14 -30 -207.999 -0.15 0 0 1 0.008 1 0 -1 0.008 0 3023.dat
1 14 0.001 -207.665 -40.151 -1 0 0 0 1 0.008 0 0.008 -1 3795.dat
1 14 0 -207.338 -80.145 -1 0 0 0 1 0.008 0 0.008 -1 3795.dat
1 14 0 -207.08 -110.149 -1 0 0 0 1 0.008 0 0.008 -1 3710.dat
1 14 0 -206.913 -130.148 -1 0 0 0 1 0.008 0 0.008 -1 3710.dat
1 14 0 -67.255 -226.611 1 0 0 0 0.712 -0.702 0 0.702 0.712 3738.dat
1 14 -80 -72.951 -232.227 1 0 0 0 0.712 -0.702 0 0.702 0.712 3709.dat
1 14 40 -72.951 -232.227 1 0 0 0 0.712 -0.702 0 0.702 0.712 3738.dat
1 7 0 -234 0 0.991 0 -0.134 0 1 0 0.134 0 0.991 4032.dat
1 46 0 -258 0 0.991 0 -0.134 0 1 0 0.134 0 0.991 3941.dat
1 7 0 -266 0 0.991 0 -0.134 0 1 0 0.134 0 0.991 4150.dat
1 0 110 -127.149 -212.469 0 1 0 0.702 0 -0.712 -0.712 0 -0.702 3708.dat
1 7 110 -204.369 -134.149 -1 0 0 0 0.712 0.702 0 0.702 -0.712 3651.dat
1 7 110 -49.929 -290.789 1 0 0 0 0.712 -0.702 0 0.702 0.712 3651.dat
1 0 -110 -127.149 -212.469 0 1 0 0.702 0 -0.712 -0.712 0 -0.702 3708.dat
1 7 -110 -204.369 -134.149 -1 0 0 0 0.712 0.702 0 0.702 -0.712 3651.dat
1 7 -110 -49.929 -290.789 1 0 0 0 0.712 -0.702 0 0.702 0.712 3651.dat
1 15 107 10 -140 0 0 1 0 1 0 -1 0 0 4266.dat
1 256 107 10 -140 0 0 1 0 1 0 -1 0 0 2857.dat
1 15 107 10 90 0 0 1 0 1 0 -1 0 0 4266.dat
1 256 107 10 90 0 0 1 0 1 0 -1 0 0 2857.dat
1 15 -107 10 -140 0 0 -1 0 1 0 1 0 0 4266.dat
1 256 -107 10 -140 0 0 -1 0 1 0 1 0 0 2857.dat
1 15 -107 10 90 0 0 -1 0 1 0 1 0 0 4266.dat
1 256 -107 10 90 0 0 -1 0 1 0 1 0 0 2857.dat
