0 
0 Name: New Model.ldr
0 Author: 
1 0 -400 0 0 0 0 1 0 1 0 -1 0 0 3032.dat
1 15 -400 -24 50 -1 0 0 0 1 0 0 0 -1 30236.dat
1 15 -430 -24 40 0 0 1 0 1 0 -1 0 0 3747.dat
1 15 -370 -24 40 0 0 -1 0 1 0 1 0 0 3747.dat
1 0 -400 -24 30 1 0 0 0 1 0 0 0 1 3039.dat
1 15 -430 -24 0 0 0 1 0 1 0 -1 0 0 3660.dat
1 15 -370 -24 0 0 0 -1 0 1 0 1 0 0 3660.dat
1 15 -440 -24 -80 1 0 0 0 1 0 0 0 1 41764.dat
1 15 -360 -24 -80 1 0 0 0 1 0 0 0 1 41765.dat
1 36 -470 -32 50 1 0 0 0 1 0 0 0 1 6141.dat
1 33 -330 -32 50 1 0 0 0 1 0 0 0 1 6141.dat
1 7 -400 -32 40 1 0 0 0 1 0 0 0 1 3020.dat
1 7 -470 -32 30 0 0 1 0 1 0 -1 0 0 4085.dat
1 7 -330 -32 30 0 0 -1 0 1 0 1 0 0 4085.dat
1 0 -450 -32 0 0 0 1 0 1 0 -1 0 0 3666.dat
1 0 -350 -32 0 0 0 1 0 1 0 -1 0 0 3666.dat
1 1 -400 -32 -10 1 0 0 0 1 0 0 0 1 2432.dat
1 15 -440 -32 -100 1 0 0 0 1 0 0 0 1 41769.dat
1 15 -360 -32 -100 1 0 0 0 1 0 0 0 1 41770.dat
1 7 -310 -28 30 0 0 -1 -1 0 0 0 1 0 61482.dat
1 0 -490 -42 30 -0.707107 0 -0.707107 0.707107 0 -0.707107 0 -1 0 85940.dat
1 7 -460 -40 50 1 0 0 0 1 0 0 0 1 2412.dat
1 7 -340 -40 50 1 0 0 0 1 0 0 0 1 2412.dat
1 0 -400 -40 -70 1 0 0 0 1 0 0 0 1 2431.dat
1 15 -420 -56 50 1 0 0 0 1 0 0 0 1 32000.dat
1 15 -380 -56 50 1 0 0 0 1 0 0 0 1 32000.dat
1 1 -430 -46 50 0 0 -1 0 1 0 1 0 0 32556.dat
1 1 -370 -46 50 0 0 -1 0 1 0 1 0 0 32556.dat
1 15 -430 -56 30 1 0 0 0 1 0 0 0 1 6541.dat
1 15 -370 -56 30 1 0 0 0 1 0 0 0 1 6541.dat
1 15 -450 -56 20 1 0 0 0 1 0 0 0 1 41747.dat
1 15 -350 -56 20 1 0 0 0 1 0 0 0 1 41748.dat
1 15 -400 -64 50 1 0 0 0 1 0 0 0 1 44661.dat
1 33 -400 -80 20 1 0 0 0 1 0 0 0 1 41751.dat
1 0 -430 -46 100 0 0.466 0.885 0 0.885 -0.466 -1 0 0 3673.dat
1 7 -430 -46 120 -0.885 0.466 0 0.466 0.885 0 0 0 -1 55981.dat
1 7 -434.66 -54.85 80 0 0.466 0.885 0 0.885 -0.466 -1 0 0 2817.dat
1 57 -430 -46 140 0.885 0 -0.466 -0.466 0 -0.885 0 1 0 4740.dat
1 0 -553.438 -1.35 40 0 0.466 0.885 0 0.885 -0.466 -1 0 0 3023.dat
1 0 -438.388 -61.93 80 0.885 0.466 0 -0.466 0.885 0 0 0 1 3022.dat
1 15 -495.216 -41.05 70 0 0.466 0.885 0 0.885 -0.466 -1 0 0 50304.dat
1 15 -564.622 -22.59 30 0.885 0.466 0 -0.466 0.885 0 0 0 1 50950.dat
1 36 -539.466 -17.75 50 0 0.466 -0.885 0 0.885 0.466 1 0 0 54200.dat
1 0 -370 -46 100 0 -0.466 0.885 0 0.885 0.466 -1 0 0 3673.dat
1 7 -370 -46 120 -0.885 -0.466 0 -0.466 0.885 0 0 0 -1 55981.dat
1 7 -365.34 -54.85 80 0 -0.466 0.885 0 0.885 0.466 -1 0 0 2817.dat
1 57 -370 -46 140 0.885 0 0.466 0.466 0 -0.885 0 1 0 4740.dat
1 0 -361.612 -61.93 80 0.885 -0.466 0 0.466 0.885 0 0 0 1 3022.dat
1 0 -246.562 -1.35 40 0 -0.466 0.885 0 0.885 0.466 -1 0 0 3023.dat
1 15 -304.784 -41.05 70 0 -0.466 -0.885 0 0.885 -0.466 1 0 0 50305.dat
1 33 -260.534 -17.75 50 0 -0.466 0.885 0 0.885 0.466 -1 0 0 54200.dat
1 15 -235.378 -22.59 30 0.885 -0.466 0 0.466 0.885 0 0 0 1 50950.dat
1 7 -504.142 -56.142 20 0 -0.707 0.707 0 0.707 0.707 -1 0 0 61184.dat
1 16 -504.142 -56.142 -4 0.707 0 0.707 0.707 0 -0.707 0 1 0 4589.dat
