0 Main
0 Name: 8838-1 - Shock Cycle.mpd
0 Author: LTRON
1 0 0 0 0 0 0 1 -0.121 0.993 0 -0.993 -0.121 0 3704.dat
1 7 0 3.63 29.79 0 1 0 -0.993 0 0.121 0.121 0 0.993 2853.dat
1 7 0 -3.63 -29.79 0 -1 0 -0.993 0 -0.121 0.121 0 -0.993 2853.dat
1 7 0 0 0 -0.441 -0.898 0 -0.891714 0.437913 -0.121 0.108658 -0.053361 -0.993 2852.dat
1 7 0 0 0 0.441 0.898 0 -0.891714 0.437913 0.121 0.108658 -0.053361 0.993 2852.dat
1 8 35.908 -17.5006 2.1325 -0.707 -0.707 0 -0.702051 0.702051 -0.121 0.085547 -0.085547 -0.993 2851.dat
1 8 -35.908 -17.5006 2.1325 0.707 0.707 0 -0.702051 0.702051 0.121 0.085547 -0.085547 0.993 2851.dat
1 7 0 -43.35 -24.95 -1 0 0 0 0.993 -0.121 0 -0.121 -0.993 3701.dat
1 7 0 -3.63 -29.79 -1 0 0 0 0.993 -0.121 0 -0.121 -0.993 3700.dat
1 7 0 -19.518 -27.854 -1 0 0 0 0.993 -0.121 0 -0.121 -0.993 3023.dat
1 7 0 -11.574 -28.822 -1 0 0 0 0.993 -0.121 0 -0.121 -0.993 3023.dat
1 0 0 -51.294 -23.982 -1 0 0 0 0.993 -0.121 0 -0.121 -0.993 3710.dat
1 7 -48.284 0.716 20.0676 0 -0.707 -0.707 0.121 0.702051 -0.702051 0.993 -0.085547 0.085547 4274.dat
1 7 48.284 0.716 20.0676 0 0.707 -0.707 0.121 0.702051 0.702051 0.993 -0.085547 -0.085547 4274.dat
1 7 0 -4.314 30.758 1 0 0 0 0.993 0.121 0 -0.121 0.993 3710.dat
1 0 0 -44.034 35.598 1 0 0 0 0.993 0.121 0 -0.121 0.993 3710.dat
1 7 0 -12.258 31.726 1 0 0 0 0.993 0.121 0 -0.121 0.993 3666.dat
1 7 0 -36.09 34.63 1 0 0 0 0.993 0.121 0 -0.121 0.993 3701.dat
1 7 0 3.63 29.79 1 0 0 0 0.993 0.121 0 -0.121 0.993 3701.dat
1 7 52.527 -34.0033 4.1434 -0.707 -0.707 0 -0.702051 0.702051 -0.121 0.085547 -0.085547 -0.993 2850.dat
1 0 20.005 -27.371 23.4901 0 -0.707 -0.707 0.121 0.702051 -0.702051 0.993 -0.085547 0.085547 2780.dat
1 0 20.005 -32.211 -16.2299 0 -0.707 -0.707 0.121 0.702051 -0.702051 0.993 -0.085547 0.085547 2780.dat
1 7 -52.527 -34.0033 4.1434 0.707 0.707 0 -0.702051 0.702051 0.121 0.085547 -0.085547 0.993 2850.dat
1 0 -20.005 -32.211 -16.2299 0 0.707 0.707 -0.121 0.702051 -0.702051 -0.993 -0.085547 0.085547 2780.dat
1 0 -20.005 -27.371 23.4901 0 0.707 0.707 -0.121 0.702051 -0.702051 -0.993 -0.085547 0.085547 2780.dat
1 7 0 15.133 41.489 0 -1 0 -0.993 0 -0.121 0.121 0 -0.993 4143.dat
1 0 -10 42.14 15.02 0 0 1 -0.121 0.993 0 -0.993 -0.121 0 3894.dat
1 0 10 42.14 15.02 0 0 1 -0.121 0.993 0 -0.993 -0.121 0 3894.dat
1 0 0 50.61 84.53 -1 0 0 0 0.993 -0.121 0 -0.121 -0.993 3660.dat
1 0 -20 47.23 -25.91 -1 0 0 0 0.993 -0.121 0 -0.121 -0.993 2780.dat
1 0 20 47.23 -25.91 -1 0 0 0 0.993 -0.121 0 -0.121 -0.993 2780.dat
1 0 0 45.086 105.358 -1 0 0 0 0.993 -0.121 0 -0.121 -0.993 3023.dat
1 0 0 39.036 55.708 0 0 -1 0.121 0.993 0 0.993 -0.121 0 3709.dat
1 7 0 28.146 -33.662 -1 0 0 0 0.993 -0.121 0 -0.121 -0.993 3023.dat
1 0 0 49.65 -6.05 -1 0 0 0 0.627644 -0.778878 0 -0.778878 -0.627644 3706.dat
1 7 -30 49.65 -6.05 0 0 1 0.627644 0.778878 0 -0.778878 0.627644 0 3713.dat
1 7 30 49.65 -6.05 0 0 -1 0.627644 -0.778878 0 -0.778878 -0.627644 0 3713.dat
1 7 0 20.202 -32.694 -1 0 0 0 0.993 -0.121 0 -0.121 -0.993 3023.dat
1 0 0 56.91 53.53 -1 0 0 0 0.993 -0.121 0 -0.121 -0.993 3707.dat
1 7 30 56.91 53.53 0 0 -1 0.993 -0.121 0 -0.121 -0.993 0 3713.dat
1 7 -30 56.91 53.53 0 0 1 0.993 0.121 0 -0.121 0.993 0 3713.dat
1 0 0 35.932 96.396 0 0 -1 0.121 0.993 0 0.993 -0.121 0 3022.dat
1 7 0 27.462 26.886 1 0 0 0 0.993 0.121 0 -0.121 0.993 3710.dat
1 0 10 12.1 99.3 0 0 1 -0.121 0.993 0 -0.993 -0.121 0 3700.dat
1 0 -10 12.1 99.3 0 0 1 -0.121 0.993 0 -0.993 -0.121 0 3700.dat
1 0 0 -10.522 112.134 1 0 0 0 0.993 0.121 0 -0.121 0.993 3039.dat
1 7 0 -59.238 -23.014 -1 0 0 0 0.993 -0.121 0 -0.121 -0.993 3023.dat
1 0 30 -51.978 36.566 -1 0 0 0 0.993 -0.121 0 -0.121 -0.993 2420.dat
1 0 -30 -51.978 36.566 0 0 1 -0.121 0.993 0 -0.993 -0.121 0 2420.dat
1 0 30 -58.028 -13.084 0 0 1 -0.121 0.993 0 -0.993 -0.121 0 4276.dat
1 0 30 -27.7457 -47.8548 0 0 -1 -1.00074 0.01613 0 0.01613 1.00074 0 4275.dat
1 0 -30 -27.7457 -47.8548 0 0 -1 -1.00074 0.01613 0 0.01613 1.00074 0 4275.dat
1 0 -30 -58.028 -13.084 0 0 1 -0.121 0.993 0 -0.993 -0.121 0 4276.dat
1 0 0 -27.8782 -55.8563 1 0 0 0 0.01613 -1.00074 0 1.00074 0.01613 3709.dat
1 7 -20 -18.0089 -64.0234 1 0 0 0 0.01613 -1.00074 0 1.00074 0.01613 2412.dat
1 7 20 -38.0127 -63.6931 1 0 0 0 0.01613 -1.00074 0 1.00074 0.01613 2412.dat
1 7 20 -18.0089 -64.0234 1 0 0 0 0.01613 -1.00074 0 1.00074 0.01613 2412.dat
1 7 -20 -38.0127 -63.6931 1 0 0 0 0.01613 -1.00074 0 1.00074 0.01613 2412.dat
1 0 0 -42.298 116.006 -1 0 0 0 0.993 -0.121 0 -0.121 -0.993 3710.dat
1 0 0 22.03 98.09 -1 0 0 0 0.993 -0.121 0 -0.121 -0.993 3707.dat
1 7 30 22.03 98.09 0 0 -1 0.121 0.993 0 0.993 -0.121 0 4019.dat
1 7 -30 22.03 98.09 0 0 -1 0.121 0.993 0 0.993 -0.121 0 3648.dat
1 0 0 -79.915 126.2785 0 0 -1 -0.129015 0.992225 0 0.992225 0.129015 0 3702.dat
1 0 0 -67.4138 107.7293 1 0 0 0 1.000181 -0.004093 0 0.004093 1.000181 3704.dat
1 0 0 -81.86 -10.18 1 0 0 0 0.993 0.121 0 -0.121 0.993 2904.dat
1 0 -20 -71.93 -11.39 1 0 0 0 0.993 0.121 0 -0.121 0.993 2780.dat
1 0 20 -71.93 -11.39 1 0 0 0 0.993 0.121 0 -0.121 0.993 2780.dat
1 7 -30 -67.4138 107.7293 0 0 -1 -1.000181 -0.004093 0 -0.004093 1.000181 0 2853.dat
1 7 30 -67.4138 107.7293 0 0 1 -1.000181 0.004093 0 -0.004093 -1.000181 0 2853.dat
1 0 -30 -77.02 29.54 0 0 1 -0.121 0.993 0 -0.993 -0.121 0 2730.dat
1 0 30 -77.02 29.54 0 0 1 -0.121 0.993 0 -0.993 -0.121 0 2730.dat
1 0 0 -92.0846 -88.0773 0 1 0 0.923831 0 -0.382647 -0.382647 0 -0.923831 3705.dat
1 0 0 -111.2262 -134.2869 0 0 -1 -0.923831 0.382647 0 0.382647 0.923831 0 2817.dat
1 7 0 -125.8764 -117.3956 0 0 -1 -0.923831 0.382647 0 0.382647 0.923831 0 4274.dat
1 7 0 -88.9232 -132.7015 0 0 1 0.923831 0.382647 0 -0.382647 0.923831 0 4274.dat
1 0 0 -84.304 -134.6147 1 0 0 0 0.923831 0.382647 0 -0.382647 0.923831 2905.dat
1 0 -40 -116.6381 -121.2221 0 -1 0 0.923831 0 0.382647 -0.382647 0 0.923831 3706.dat
1 0 40 -116.6381 -121.2221 0 -1 0 0.923831 0 0.382647 -0.382647 0 0.923831 3706.dat
1 7 -40 -98.1615 -128.875 0 -1 0 0.382647 0 -0.923831 0.923831 0 0.382647 3713.dat
1 7 40 -98.1615 -128.875 0 -1 0 0.382647 0 -0.923831 0.923831 0 0.382647 3713.dat
1 7 -40 -116.6381 -121.2221 0 1 0 0.382647 0 0.923831 0.923831 0 -0.382647 3713.dat
1 7 40 -116.6381 -121.2221 0 1 0 0.382647 0 0.923831 0.923831 0 -0.382647 3713.dat
1 0 0 -130.4955 -115.4824 1 0 0 0 0.923831 0.382647 0 -0.382647 0.923831 2905.dat
1 7 -40 -144.353 -109.7427 0 -1 0 0.382647 0 -0.923831 0.923831 0 0.382647 3713.dat
1 7 40 -144.353 -109.7427 0 -1 0 0.382647 0 -0.923831 0.923831 0 0.382647 3713.dat
1 15 0 -132.764 -134.0246 1 0 0 0 0.382647 -0.923831 0 0.923831 0.382647 3068.dat
1 7 0 -59.7373 -101.4766 0 -1 0 -0.382647 0 0.923831 -0.923831 0 -0.382647 4265.dat
1 7 0 -124.4309 -74.6771 0 -1 0 0.382647 0 -0.923831 0.923831 0 0.382647 4265.dat
1 14 30 -107.1032 28.167 0 -1 0 -0.913585 0 -0.407713 0.407713 0 -0.913585 2825.dat
1 0 0 -107.1032 28.167 1 0 0 0 0.407713 -0.913585 0 0.913585 0.407713 3705.dat
1 0 0 -131.5694 -26.6559 1 0 0 0 0.407713 -0.913585 0 0.913585 0.407713 3705.dat
1 14 10 -131.5694 -26.6559 0 1 0 0.407713 0 0.913585 0.913585 0 -0.407713 2825.dat
1 14 11 -84.6757 48.1181 0 1 0 -0.747054 0 -0.665297 -0.665297 0 0.747054 4263.dat
1 7 0 -107.1032 28.167 0 0 -1 0.407713 0.913585 0 0.913585 -0.407713 0 3713.dat
1 14 -11 -84.6757 48.1181 0 -1 0 -0.747054 0 0.665297 -0.665297 0 -0.747054 4263.dat
1 14 -10 -131.5694 -26.6559 0 -1 0 -0.407713 0 0.913585 -0.913585 0 -0.407713 2825.dat
1 14 -30 -107.1032 28.167 0 1 0 0.913585 0 -0.407713 -0.407713 0 -0.913585 2825.dat
1 7 -35 -131.5694 -26.6559 0 0 -1 0.913585 -0.407713 0 -0.407713 -0.913585 0 4265.dat
1 7 35 -131.5694 -26.6559 0 0 1 0.407713 -0.913585 0 0.913585 0.407713 0 4265.dat
1 0 0 -76.77 -51.11 -1 0 0 0 -0.407618 -0.913734 0 -0.913734 0.407618 3706.dat
1 0 0 -62.25 68.05 -1 0 0 0 -0.407618 -0.913734 0 -0.913734 0.407618 3707.dat
1 14 0 -85.269 105.4054 -1 0 0 0 0.992225 0.129015 0 0.129015 -0.992225 3021.dat
1 0 -48 -36.9275 -47.4102 0 1 0 0.995813 0 0.092299 0.092299 0 -0.995813 2711.dat
1 0 48 -36.9275 -47.4102 0 -1 0 0.995813 0 -0.092299 0.092299 0 0.995813 2711.dat
1 0 0 -181.333 -94.4164 1 0 0 0 0.923831 0.382647 0 -0.382647 0.923831 3706.dat
1 7 25 -181.333 -94.4164 0 0 -1 0.382647 0.923831 0 0.923831 -0.382647 0 4265.dat
1 7 -40 -162.8564 -102.0693 -1 0 0 0 0.382647 0.923831 0 0.923831 -0.382647 4273.dat
1 7 40 -162.8564 -102.0693 1 0 0 0 -0.382647 0.923831 0 -0.923831 -0.382647 4273.dat
1 7 -25 -181.333 -94.4164 0 0 1 -0.382647 0.923831 0 -0.923831 -0.382647 0 4265.dat
1 7 50 -181.333 -94.4164 0 0 -1 -0.923831 0.382647 0 0.382647 0.923831 0 4273.dat
1 7 -50 -181.333 -94.4164 0 0 1 -0.923831 -0.382647 0 0.382647 -0.923831 0 4273.dat
1 7 53 -76.77 -51.11 0 0 1 0.407618 -0.913734 0 0.913734 0.407618 0 4265.dat
1 7 -53 -76.77 -51.11 0 0 -1 -0.407618 -0.913734 0 -0.913734 0.407618 0 4265.dat
1 0 20 -92.8235 225.4766 0 0 -1 -0.129015 0.992225 0 0.992225 0.129015 0 3702.dat
1 0 -20 -92.8235 225.4766 0 0 -1 -0.129015 0.992225 0 0.992225 0.129015 0 3702.dat
1 0 0 -109.7923 293.9002 -1 0 0 0 0.992225 0.129015 0 0.129015 -0.992225 3623.dat
1 14 0 -105.9219 264.1335 -1 0 0 0 0.992225 0.129015 0 0.129015 -0.992225 3021.dat
1 14 0 -100.7613 224.4445 -1 0 0 0 0.992225 0.129015 0 0.129015 -0.992225 3021.dat
1 14 0 -95.6007 184.7555 -1 0 0 0 0.992225 0.129015 0 0.129015 -0.992225 3021.dat
1 14 0 -90.4401 145.0665 -1 0 0 0 0.992225 0.129015 0 0.129015 -0.992225 3021.dat
1 14 0 -115.1498 273.0236 -1 0 0 0 0.992225 0.129015 0 0.129015 -0.992225 3623.dat
1 14 0 -103.5385 183.7234 0 0 1 0.129015 0.992225 0 -0.992225 0.129015 0 3460.dat
1 7 -83.858 -176.8429 -80.964 0 -0.707 -0.707 0.923831 -0.271071 0.271071 -0.382647 -0.653243 0.653243 4273.dat
1 0 -90.928 -174.1322 -74.4315 -0.707 -0.707 0 0.271071 -0.271071 -0.923831 0.653243 -0.653243 0.382647 3704.dat
1 0 -90.928 -174.1322 -74.4315 -0.707 -0.707 0 0.271071 -0.271071 -0.923831 0.653243 -0.653243 0.382647 3704.dat
1 0 -69.718 -182.2643 -94.0288 0 -0.707 0.707 -0.923831 -0.271071 -0.271071 0.382647 -0.653243 -0.653243 3704.dat
1 7 -69.718 -196.1217 -88.2891 -0.707 -0.707 0 0.271071 -0.271071 -0.923831 0.653243 -0.653243 0.382647 4265.dat
1 7 -97.998 -171.4214 -67.8991 -0.707 0 0.707 -0.271071 0.923831 -0.271071 -0.653243 -0.382647 -0.653243 3713.dat
1 7 84.142 -176.8429 -80.964 0 -0.707 0.707 0.923831 0.271071 0.271071 -0.382647 0.653243 0.653243 4273.dat
1 0 91.212 -174.1322 -74.4315 0.707 -0.707 0 0.271071 0.271071 -0.923831 0.653243 0.653243 0.382647 3704.dat
1 0 91.212 -174.1322 -74.4315 0.707 -0.707 0 0.271071 0.271071 -0.923831 0.653243 0.653243 0.382647 3704.dat
1 0 70.002 -182.2643 -94.0288 0 -0.707 -0.707 -0.923831 0.271071 -0.271071 0.382647 0.653243 -0.653243 3704.dat
1 7 70.002 -196.1217 -88.2891 0.707 -0.707 0 0.271071 0.271071 -0.923831 0.653243 0.653243 0.382647 4265.dat
1 7 98.282 -171.4214 -67.8991 -0.707 0 -0.707 0.271071 0.923831 -0.271071 0.653243 -0.382647 -0.653243 3713.dat
1 7 70.284 -167.4699 -100.1598 -0.707 -0.707 0 -0.271071 0.271071 0.923831 -0.653243 0.653243 -0.382647 4265.dat
1 7 -69.716 -167.4699 -100.1598 -0.707 -0.707 0 -0.271071 0.271071 0.923831 -0.653243 0.653243 -0.382647 4265.dat
1 7 -30 52.07 13.81 0 1 0 0.468508 0 0.884144 0.884144 0 -0.468508 2825.dat
1 0 0 52.07 13.81 -1 0 0 0 0.468508 0.884144 0 0.884144 -0.468508 3705.dat
1 0 0 -77.7404 187.0878 1 0 0 0 -0.121 0.993 0 -0.993 -0.121 3705.dat
1 0 0 -75.1585 167.2482 1 0 0 0 -0.121 0.993 0 -0.993 -0.121 3706.dat
1 0 0 87.4171 -4.9432 1 0 0 0 -0.884144 -0.468508 0 0.468508 -0.884144 4519.dat
1 7 0 87.4171 -4.9432 0 0 1 0.468508 -0.884144 0 0.884144 0.468508 0 3713.dat
1 7 15 87.4171 -4.9432 0 0 -1 -0.468508 -0.884144 0 -0.884144 0.468508 0 4265.dat
1 7 -15 87.4171 -4.9432 0 0 1 0.468508 -0.884144 0 0.884144 0.468508 0 4265.dat
1 7 30 52.07 13.81 0 -1 0 -0.468508 0 0.884144 -0.884144 0 -0.468508 2825.dat
1 7 -35 -75.1585 167.2482 0 0 -1 -0.121 -0.993 0 -0.993 0.121 0 4265.dat
1 7 -35 -77.7404 187.0878 0 0 -1 -0.121 -0.993 0 -0.993 0.121 0 4265.dat
1 7 35 -75.1585 167.2482 0 0 1 0.121 -0.993 0 0.993 0.121 0 4265.dat
1 7 35 -77.7404 187.0878 0 0 1 0.121 -0.993 0 0.993 0.121 0 4265.dat
1 0 -20 -69.0179 228.5669 0 0 -1 -0.129015 0.992225 0 0.992225 0.129015 0 4276.dat
1 0 -20 -58.069 287.1221 0 0 1 -0.479055 0.878571 0 -0.878571 -0.479055 0 4275.dat
1 0 20 -58.069 287.1221 0 0 1 -0.479055 0.878571 0 -0.878571 -0.479055 0 4275.dat
1 0 20 -69.0179 228.5669 0 0 -1 -0.129015 0.992225 0 0.992225 0.129015 0 4276.dat
1 0 0 -65.0973 290.9526 1 0 0 0 0.878571 0.479055 0 -0.479055 0.878571 3021.dat
1 0 -50 -3.88 50.86 0 0 -1 -0.993 0.121 0 0.121 0.993 0 3702.dat
1 0 -50 49.65 -6.05 0 -1 0 -0.627644 0 -0.778878 0.778878 0 -0.627644 2825.dat
1 7 -50 2.9173 -43.7086 -1 0 0 0 0.627644 -0.778878 0 -0.778878 -0.627644 3749.dat
1 0 50 49.65 -6.05 0 1 0 0.627644 0 -0.778878 -0.778878 0 -0.627644 2825.dat
1 7 50 2.9173 -43.7086 1 0 0 0 -0.627644 -0.778878 0 0.778878 -0.627644 3749.dat
1 16 -50 -43.1679 198.484 0 0 -1 -0.30534 0.952371 0 0.952371 0.30534 0 2909.dat
1 16 -50 71.1167 235.1248 0 0 -1 -0.30534 0.952371 0 0.952371 0.30534 0 2910.dat
1 7 -60 71.0928 235.1911 -1 0 0 0 0.582757 0.812781 0 0.812781 -0.582757 3749.dat
1 0 -65 103.6041 211.8808 0 -1 0 0.582757 0 -0.812781 0.812781 0 0.582757 2905.dat
1 7 -75 71.0928 235.1911 0 0 -1 0.582757 0.812781 0 0.812781 -0.582757 0 4265.dat
1 7 -60 80.2938 179.3696 -1 0 0 0 0.582757 0.812781 0 0.812781 -0.582757 3749.dat
1 0 -50 60.5108 168.9415 0 0 -1 0.582757 0.812781 0 0.812781 -0.582757 0 2730.dat
1 7 -70 56.91 53.53 0 0 1 0.993 0.121 0 -0.121 0.993 0 3713.dat
1 7 -65 22.03 98.09 0 0 -1 0.993 -0.121 0 -0.121 -0.993 0 4265.dat
1 0 0 115.2976 228.162 1 0 0 0 0.812781 0.582757 0 -0.582757 0.812781 3707.dat
1 7 15 115.2976 228.162 0 0 -1 0.582757 0.812781 0 0.812781 -0.582757 0 4265.dat
1 7 -15 115.2976 228.162 0 0 1 -0.582757 0.812781 0 -0.812781 -0.582757 0 4265.dat
1 7 -30 115.2976 228.162 0 0 1 -0.582757 0.812781 0 -0.812781 -0.582757 0 3713.dat
1 7 30 115.2976 228.162 0 0 1 -0.582757 0.812781 0 -0.812781 -0.582757 0 3648.dat
1 7 -75 41.39 256.97 0 0 -1 0.121 0.993 0 0.993 -0.121 0 4265.dat
1 0 0 105.0912 -14.3193 1 0 0 0 -0.884144 -0.468508 0 0.468508 -0.884144 3706.dat
1 7 -35 105.0912 -14.3193 0 0 1 0.468508 -0.884144 0 0.884144 0.468508 0 4265.dat
1 7 35 105.0912 -14.3193 0 0 -1 -0.468508 -0.884144 0 -0.884144 0.468508 0 4265.dat
1 16 30 35.4959 80.1834 1 0 0 0 -0.122086 -0.992867 0 0.992867 -0.122086 3711.dat
1 16 30 49.7479 87.4674 1 0 0 0 -0.455253 -0.890749 0 0.890749 -0.455253 3711.dat
1 16 30 60.878 98.9695 1 0 0 0 -0.718876 -0.695635 0 0.695635 -0.718876 3711.dat
1 16 30 71.9627 110.5153 1 0 0 0 -0.721612 -0.692796 0 0.692796 -0.721612 3711.dat
1 16 30 82.6109 122.4648 1 0 0 0 -0.746849 -0.665513 0 0.665513 -0.746849 3711.dat
1 16 30 93.1348 134.524 1 0 0 0 -0.753701 -0.657741 0 0.657741 -0.753701 3711.dat
1 16 30 103.5287 146.6955 1 0 0 0 -0.760713 -0.64962 0 0.64962 -0.760713 3711.dat
1 16 30 113.4775 159.2333 1 0 0 0 -0.783615 -0.621801 0 0.621801 -0.783615 3711.dat
1 16 30 122.6747 172.3325 1 0 0 0 -0.818699 -0.574825 0 0.574825 -0.818699 3711.dat
1 16 30 131.1713 185.8966 1 0 0 0 -0.847756 -0.531038 0 0.531038 -0.847756 3711.dat
1 16 30 138.7 200.0209 1 0 0 0 -0.882769 -0.47054 0 0.47054 -0.882769 3711.dat
1 16 30 142.679 215.5239 1 0 0 0 -0.968939 -0.248691 0 0.248691 -0.968939 3711.dat
1 16 30 145.1212 231.342 1 0 0 0 -0.988631 -0.152633 0 0.152633 -0.988631 3711.dat
1 16 30 139.2255 246.2221 1 0 0 0 -0.930006 0.368481 0 -0.368481 -0.930006 3711.dat
1 16 30 126.5155 255.9501 1 0 0 0 -0.607999 0.794372 0 -0.794372 -0.607999 3711.dat
1 16 30 110.6116 257.7503 1 0 0 0 -0.112512 0.993998 0 -0.993998 -0.112512 3711.dat
1 16 30 96.0501 251.1065 1 0 0 0 0.415237 0.910093 0 -0.910093 0.415237 3711.dat
1 16 30 86.3653 238.3636 1 0 0 0 0.796433 0.605297 0 -0.605297 0.796433 3711.dat
1 16 30 77.8101 224.8364 1 0 0 0 0.84545 0.5347 0 -0.5347 0.84545 3711.dat
1 16 30 69.3105 211.2742 1 0 0 0 0.847637 0.531227 0 -0.531227 0.847637 3711.dat
1 16 30 60.8149 197.7095 1 0 0 0 0.847792 0.530978 0 -0.530978 0.847792 3711.dat
1 16 30 52.3193 184.1448 1 0 0 0 0.847794 0.530975 0 -0.530975 0.847794 3711.dat
1 16 30 43.8237 170.5801 1 0 0 0 0.847794 0.530975 0 -0.530975 0.847794 3711.dat
1 16 30 35.3281 157.0154 1 0 0 0 0.847794 0.530975 0 -0.530975 0.847794 3711.dat
1 16 30 26.8325 143.4506 1 0 0 0 0.847794 0.530975 0 -0.530975 0.847794 3711.dat
1 16 30 18.3369 129.8859 1 0 0 0 0.847794 0.530975 0 -0.530975 0.847794 3711.dat
1 16 30 9.8413 116.3212 1 0 0 0 0.847794 0.530975 0 -0.530975 0.847794 3711.dat
1 16 30 2.4456 102.1268 1 0 0 0 0.887147 0.462234 0 -0.462234 0.887147 3711.dat
1 16 30 5.813 86.4796 1 0 0 0 0.977955 -0.210461 0 0.210461 0.977955 3711.dat
1 16 30 19.5502 78.2658 1 0 0 0 0.513361 -0.858575 0 0.858575 0.513361 3711.dat
1 0 50 154.8827 -19.0674 0 -1 0 -0.996146 0 -0.095182 0.095182 0 -0.996146 3705.dat
1 7 50 184.767 -21.9229 1 0 0 0 0.095182 -0.996146 0 0.996146 0.095182 3651.dat
1 7 50 124.9983 -16.2119 1 0 0 0 -0.095182 0.996146 0 -0.996146 -0.095182 4273.dat
1 0 -50 154.8827 -19.0674 0 1 0 -0.996146 0 0.095182 0.095182 0 0.996146 3705.dat
1 7 -50 184.767 -21.9229 -1 0 0 0 -0.095182 -0.996146 0 -0.996146 0.095182 3651.dat
1 7 -50 124.9983 -16.2119 -1 0 0 0 0.095182 0.996146 0 0.996146 -0.095182 4273.dat
1 7 -55 105.0912 -14.3193 0 0 1 0.468508 -0.884144 0 0.884144 0.468508 0 4265.dat
1 7 55 105.0912 -14.3193 0 0 -1 0.468508 0.884144 0 0.884144 -0.468508 0 4265.dat
1 0 0 77.4298 -201.6038 1 0 0 0 0.922838 0.382647 0 -0.382526 0.923831 3706.dat
1 7 -20 77.4298 -201.6038 0 0 1 -0.382647 0.922838 0 -0.923831 -0.382526 0 3713.dat
1 7 20 77.4298 -201.6038 0 0 -1 0.382647 0.922838 0 0.923831 -0.382526 0 3713.dat
1 16 40 -33.3108 -155.7007 0 0 -1 0.382647 0.922838 0 0.923831 -0.382526 0 2909.dat
1 16 40 77.4298 -201.6038 0 0 -1 0.382647 0.922838 0 0.923831 -0.382526 0 2910.dat
1 16 -40 -33.3108 -155.7007 0 0 -1 0.382647 0.922838 0 0.923831 -0.382526 0 2909.dat
1 16 -40 77.4298 -201.6038 0 0 -1 0.382647 0.922838 0 0.923831 -0.382526 0 2910.dat
1 7 55 77.4298 -201.6038 0 0 1 -0.382647 0.922838 0 -0.923831 -0.382526 0 4265.dat
1 7 -55 77.4298 -201.6038 0 0 -1 0.382647 0.922838 0 0.923831 -0.382526 0 4265.dat
1 0 0 -77.8772 -158.8763 -1 0 0 0 0.922838 -0.382647 0 -0.382526 -0.923831 3706.dat
1 0 50 -3.88 50.86 0 0 -1 -0.993 0.121 0 0.121 0.993 0 3702.dat
1 7 70 56.91 53.53 0 0 -1 0.993 -0.121 0 -0.121 -0.993 0 3713.dat
1 7 65 -62.25 68.05 0 0 1 -0.913734 -0.407618 0 0.407618 -0.913734 0 4265.dat
1 7 -65 -62.25 68.05 0 0 -1 -0.984882 -0.176266 0 -0.176266 0.984882 0 4265.dat
1 16 50 -43.1679 198.484 0 0 -1 -0.30534 0.952371 0 0.952371 0.30534 0 2909.dat
1 16 50 71.1167 235.1248 0 0 -1 -0.30534 0.952371 0 0.952371 0.30534 0 2910.dat
1 7 60 71.0928 235.1911 1 0 0 0 0.582757 -0.812781 0 0.812781 0.582757 3749.dat
1 0 65 103.6041 211.8808 0 1 0 -0.582757 0 -0.812781 -0.812781 0 0.582757 2905.dat
1 7 75 71.0928 235.1911 0 0 1 0.582757 -0.812781 0 0.812781 0.582757 0 4265.dat
1 7 60 80.2938 179.3696 1 0 0 0 0.582757 -0.812781 0 0.812781 0.582757 3749.dat
1 0 50 60.5108 168.9415 0 0 1 -0.582757 0.812781 0 -0.812781 -0.582757 0 2730.dat
1 7 65 22.03 98.09 0 0 1 -0.121 0.993 0 -0.993 -0.121 0 4265.dat
1 7 75 115.2976 228.162 0 0 1 -0.582757 0.812781 0 -0.812781 -0.582757 0 4265.dat
