0 Main
0 Name: 4404 - Land Busters - Land Busters.mpd
0 Author: LTRON
1 0 0 0 0 0 0 1 0 1 0 -1 0 0 3027.dat
1 0 0 0 180 -1 0 0 0 1 0 0 0 -1 3020.dat
1 0 0 0 -180 -1 0 0 0 1 0 0 0 -1 3020.dat
1 8 -30 -8 100 0 0 -1 0 1 0 1 0 0 4477.dat
1 8 -30 -8 -100 0 0 -1 0 1 0 1 0 0 4477.dat
1 8 30 -8 100 0 0 -1 0 1 0 1 0 0 4477.dat
1 8 30 -8 -100 0 0 -1 0 1 0 1 0 0 4477.dat
1 7 -60 -8 0 0 0 -1 0 1 0 1 0 0 2445.dat
1 7 60 -8 0 0 0 -1 0 1 0 1 0 0 2445.dat
1 0 0 -16 170 1 0 0 0 1 0 0 0 1 3710.dat
1 0 0 -16 -170 1 0 0 0 1 0 0 0 1 3710.dat
1 0 0 -16 0 0 0 1 0 1 0 -1 0 0 3027.dat
1 7 0 -32 190 -1 0 0 0 1 0 0 0 -1 3701.dat
1 7 0 -32 -190 -1 0 0 0 1 0 0 0 -1 3701.dat
1 7 0 -40 150 0 0 -1 0 1 0 1 0 0 3002.dat
1 7 0 -40 -150 0 0 -1 0 1 0 1 0 0 3002.dat
1 7 0 -40 60 1 0 0 0 1 0 0 0 1 30592.dat
1 7 0 -40 -60 1 0 0 0 1 0 0 0 1 30592.dat
1 8 0 -40 -190 1 0 0 0 1 0 0 0 1 3710.dat
1 8 0 -40 190 1 0 0 0 1 0 0 0 1 3710.dat
1 8 -70 -16 0 0 0 1 0 1 0 -1 0 0 3710.dat
1 8 70 -16 0 0 0 1 0 1 0 -1 0 0 3710.dat
1 8 -50 -24 -60 0 0 1 0 1 0 -1 0 0 6636.dat
1 8 -50 -24 60 0 0 1 0 1 0 -1 0 0 6636.dat
1 8 50 -24 60 0 0 1 0 1 0 -1 0 0 6636.dat
1 8 50 -24 -60 0 0 1 0 1 0 -1 0 0 6636.dat
1 0 -50 -40 -150 0 0 1 0 1 0 -1 0 0 30505.dat
1 0 -50 -40 150 -1 0 0 0 1 0 0 0 -1 30505.dat
1 0 50 -40 150 0 0 -1 0 1 0 1 0 0 30505.dat
1 0 50 -40 -150 1 0 0 0 1 0 0 0 1 30505.dat
1 0 -70 -48 0 0 0 -1 0 1 0 1 0 0 6191.dat
1 0 70 -48 0 0 0 1 0 1 0 -1 0 0 6191.dat
1 8 -20 -48 -160 0 0 -1 0 1 0 1 0 0 3020.dat
1 8 20 -48 -160 0 0 -1 0 1 0 1 0 0 3020.dat
1 8 -20 -48 160 0 0 -1 0 1 0 1 0 0 3020.dat
1 8 20 -48 160 0 0 -1 0 1 0 1 0 0 3020.dat
1 7 0 8 190 1 0 0 0 1 0 0 0 1 3700.dat
1 7 0 8 -190 1 0 0 0 1 0 0 0 1 3700.dat
1 0 0 18 200 0 0 1 0 1 0 -1 0 0 2780.dat
1 0 0 18 -200 0 0 1 0 1 0 -1 0 0 2780.dat
1 0 0 -22 -200 0 0 1 0 1 0 -1 0 0 2780.dat
1 0 0 -22 200 0 0 1 0 1 0 -1 0 0 2780.dat
1 14 0 -56 -180 0 0 -1 0 1 0 1 0 0 3068.dat
1 14 0 -56 180 0 0 -1 0 1 0 1 0 0 3068.dat
1 14 0 -56 150 1 0 0 0 1 0 0 0 1 2431.dat
1 14 0 -56 -150 1 0 0 0 1 0 0 0 1 2431.dat
1 7 0 -2 -210 1 0 0 0 0 -1 0 1 0 32523.dat
1 7 0 -2 210 1 0 0 0 0 -1 0 1 0 32523.dat
1 0 -25 18 320 0 -1 0 1 0 0 0 0 1 32449.dat
1 7 0 18 350 -1 0 0 0 -1 0 0 0 1 4519.dat
1 7 0 18 290 -1 0 0 0 -1 0 0 0 1 4519.dat
1 7 -15 18 290 0 0 1 0 -1 0 1 0 0 32123.dat
1 0 -5 -2 290 0 1 0 0 0 1 1 0 0 41677.dat
1 0 5 -2 290 0 1 0 0 0 1 1 0 0 41677.dat
1 0 0 8.256 352.25 -1 0 0 0 0.974 -0.225 0 -0.225 -0.974 2904.dat
1 8 0 29.392 337.107 1 0 0 0 0.974 0.225 0 -0.225 0.974 2540.dat
1 0 0 33.891 356.594 1 0 0 0 0.974 0.225 0 -0.225 0.974 3023.dat
1 7 15 18 290 0 0 1 0 -1 0 1 0 0 32123.dat
1 0 25 18 320 0 -1 0 1 0 0 0 0 1 32449.dat
1 0 0 18 310 -1 0 0 0 -1 0 0 0 1 3705.dat
1 7 -35 18 310 0 0 1 0 -1 0 1 0 0 32123.dat
1 7 35 18 310 0 0 1 0 -1 0 1 0 0 32123.dat
1 7 0 -2 290 -1 0 0 0 -1 0 0 0 1 4519.dat
1 0 -20 -2 290 -1 0 0 0 -1 0 0 0 1 6536.dat
1 0 20 -2 290 -1 0 0 0 -1 0 0 0 1 6536.dat
1 7 0 -22 270 0 0 -1 -1 0 0 0 1 0 32523.dat
1 0 -20 -22 270 0 0 -1 0 -1 0 -1 0 0 6558.dat
1 0 20 -22 270 0 0 -1 0 -1 0 -1 0 0 6558.dat
1 0 0 8 230 -1 0 0 0 1 0 0 0 -1 3894.dat
1 0 -20 18 230 0 0 1 0 1 0 -1 0 0 6558.dat
1 0 20 18 230 0 0 1 0 1 0 -1 0 0 6558.dat
1 14 50 0 230 0 0 1 0 1 0 -1 0 0 6141.dat
1 14 -50 0 230 0 0 1 0 1 0 -1 0 0 6141.dat
1 7 50 -8 230 0 0 1 0 1 0 -1 0 0 6141.dat
1 7 -50 -8 230 0 0 1 0 1 0 -1 0 0 6141.dat
1 0 0 -32 230 -1 0 0 0 1 0 0 0 -1 3894.dat
1 0 20 -22 210 0 0 1 0 1 0 -1 0 0 6558.dat
1 0 -20 -22 210 0 0 1 0 1 0 -1 0 0 6558.dat
1 7 20 -2 210 -1 0 0 0 0 1 0 1 0 32523.dat
1 7 -20 -2 210 -1 0 0 0 0 1 0 1 0 32523.dat
1 14 50 -40 230 -1 0 0 0 1 0 0 0 -1 6141.dat
1 14 -50 -40 230 -1 0 0 0 1 0 0 0 -1 6141.dat
1 7 50 -48 230 -1 0 0 0 1 0 0 0 -1 6141.dat
1 7 -50 -48 230 -1 0 0 0 1 0 0 0 -1 6141.dat
1 0 0 -72 230 -1 0 0 0 1 0 0 0 -1 3894.dat
1 19 20 -62 220 0 0 1 0 1 0 -1 0 0 3749.dat
1 19 -20 -62 220 0 0 1 0 1 0 -1 0 0 3749.dat
1 0 40 -62 230 0 0 1 0 1 0 -1 0 0 6558.dat
1 0 -40 -62 230 0 0 1 0 1 0 -1 0 0 6558.dat
1 14 0 -80 230 -1 0 0 0 1 0 0 0 -1 6636.dat
1 0 20 -62 210 0 0 1 -1 0 0 0 -1 0 32140.dat
1 0 -20 -62 210 0 0 -1 -1 0 0 0 1 0 32140.dat
0 !LEOCAD SYNTH BEGIN
0 !LEOCAD SYNTH CONTROL_POINT 0 110 0 1 0 0 0 1 0 0 0 1 1
0 !LEOCAD SYNTH CONTROL_POINT 0 0 0 1 0 0 0 1 0 0 0 1 1
1 14 80 -82 230 1 -0.012 0 0.012 1 0 0 0 1 76537.dat
0 !LEOCAD SYNTH END
0 !LEOCAD SYNTH BEGIN
0 !LEOCAD SYNTH CONTROL_POINT 0 110 0 1 0 0 0 1 0 0 0 1 1
0 !LEOCAD SYNTH CONTROL_POINT 0 0 0 1 0 0 0 1 0 0 0 1 1
1 14 -80 -82 230 1 0.012 0 -0.012 1 0 0 0 1 76537.dat
0 !LEOCAD SYNTH END
1 7 78.732 27.993 230 0 -0.25 -0.968 0 0.968 -0.25 1 0 0 6572.dat
1 0 40 18 230 0 -0.25 -0.968 0 0.968 -0.25 1 0 0 32062.dat
1 0 78.732 27.993 230 0 -0.25 -0.968 0 0.968 -0.25 1 0 0 32062.dat
1 0 -40 18 230 0 0.25 -0.968 0 0.968 0.25 1 0 0 32062.dat
1 7 -78.732 27.993 230 0 0.25 0.968 0 0.968 -0.25 -1 0 0 6572.dat
1 0 -78.732 27.993 230 0 0.25 -0.968 0 0.968 0.25 1 0 0 32062.dat
1 8 80 -82 230 0 0 -1 0 -1 0 -1 0 0 32054.dat
1 8 -80 -82 230 0 0 -1 0 -1 0 -1 0 0 32054.dat
1 0 40 -22 230 0 0 -1 0 1 0 1 0 0 32062.dat
1 0 -40 -22 230 0 0 -1 0 1 0 1 0 0 32062.dat
1 7 78.732 -12.007 230 0 -0.25 -0.968 0 0.968 -0.25 1 0 0 6572.dat
1 7 -78.732 -12.007 230 0 -0.25 0.968 0 -0.968 -0.25 1 0 0 6572.dat
1 0 117.463 17.986 230 0 0 -1 0 1 0 1 0 0 6571.dat
1 0 -117.463 17.986 230 0 0 1 0 -1 0 1 0 0 6571.dat
1 0 -20 18 250 -1 0 0 0 0 -1 0 -1 0 32526.dat
1 0 20 18 250 1 0 0 0 0 -1 0 1 0 32526.dat
1 0 20 -2 260 0 1 0 0 0 -1 -1 0 0 6628.dat
1 0 -20 -2 260 0 1 0 0 0 -1 -1 0 0 6628.dat
1 19 -127.463 17.986 230 -1 0 0 0 0 -1 0 -1 0 3749.dat
1 19 127.463 17.986 230 1 0 0 0 0 -1 0 1 0 3749.dat
1 8 20 -2 270 -0.205 0.156 0.966 0.978 0 0.208 0.033 0.988 -0.153 32005.dat
1 8 -20 -2 270 -0.205 -0.156 -0.966 -0.978 0 0.208 -0.033 0.988 -0.153 32005.dat
1 7 0 -102 -250 0 0 1 1 0 0 0 1 0 32523.dat
1 19 20 -102 -260 0 0 1 0 1 0 -1 0 0 3749.dat
1 19 -20 -102 -260 0 0 1 0 1 0 -1 0 0 3749.dat
1 0 0 -102 -260 0 0 1 0 1 0 -1 0 0 3705.dat
1 7 0 -102 -230 -1 0 0 0 1 0 0 0 -1 3647.dat
1 7 -20 -72 -265 -1 0 0 0 0 1 0 1 0 32449.dat
1 7 20 -72 -265 -1 0 0 0 0 1 0 1 0 32449.dat
1 7 0 -102 -265 -1 0 0 0 1 0 0 0 -1 32123.dat
1 19 -20 -42 -260 0 0 1 0 1 0 -1 0 0 3749.dat
1 19 20 -42 -260 0 0 1 0 1 0 -1 0 0 3749.dat
1 0 -20 -102 -275 0 0 1 1 0 0 0 1 0 6632.dat
1 0 -20 -42 -275 0 0 1 1 0 0 0 1 0 6632.dat
1 7 0 -42 -260 0 0 1 0 1 0 -1 0 0 32073.dat
1 7 0 -42 -260 1 0 0 0 1 0 0 0 1 3713.dat
1 7 0 -42 -285 -1 0 0 0 1 0 0 0 -1 32123.dat
1 7 0 -102 -285 -1 0 0 0 1 0 0 0 -1 32123.dat
1 4 0 -42 -302 0 -1 0 -1 0 0 0 0 -1 6041.dat
1 0 0 8 -230 1 0 0 0 1 0 0 0 1 3894.dat
1 0 20 18 -230 0 0 -1 0 1 0 1 0 0 6558.dat
1 0 -20 18 -230 0 0 -1 0 1 0 1 0 0 6558.dat
1 14 -50 0 -230 0 0 -1 0 1 0 1 0 0 6141.dat
1 14 50 0 -230 0 0 -1 0 1 0 1 0 0 6141.dat
1 7 -50 -8 -230 0 0 -1 0 1 0 1 0 0 6141.dat
1 7 50 -8 -230 0 0 -1 0 1 0 1 0 0 6141.dat
1 0 0 -32 -230 1 0 0 0 1 0 0 0 1 3894.dat
1 0 -20 -22 -210 0 0 -1 0 1 0 1 0 0 6558.dat
1 0 20 -22 -210 0 0 -1 0 1 0 1 0 0 6558.dat
1 7 -20 -2 -210 1 0 0 0 0 1 0 -1 0 32523.dat
1 7 20 -2 -210 1 0 0 0 0 1 0 -1 0 32523.dat
1 14 -50 -40 -230 1 0 0 0 1 0 0 0 1 6141.dat
1 14 50 -40 -230 1 0 0 0 1 0 0 0 1 6141.dat
1 7 -50 -48 -230 1 0 0 0 1 0 0 0 1 6141.dat
1 7 50 -48 -230 1 0 0 0 1 0 0 0 1 6141.dat
1 0 0 -72 -230 1 0 0 0 1 0 0 0 1 3894.dat
1 19 -20 -62 -220 0 0 -1 0 1 0 1 0 0 3749.dat
1 19 20 -62 -220 0 0 -1 0 1 0 1 0 0 3749.dat
1 0 -40 -62 -230 0 0 -1 0 1 0 1 0 0 6558.dat
1 0 40 -62 -230 0 0 -1 0 1 0 1 0 0 6558.dat
1 14 0 -80 -230 1 0 0 0 1 0 0 0 1 6636.dat
1 0 -20 -62 -210 0 0 -1 -1 0 0 0 1 0 32140.dat
1 0 20 -62 -210 0 0 1 -1 0 0 0 -1 0 32140.dat
0 !LEOCAD SYNTH BEGIN
0 !LEOCAD SYNTH CONTROL_POINT 0 110 0 1 0 0 0 1 0 0 0 1 1
0 !LEOCAD SYNTH CONTROL_POINT 0 0 0 1 0 0 0 1 0 0 0 1 1
1 14 -80 -82 -230 -1 0.012 0 0.012 1 0 0 0 -1 76537.dat
0 !LEOCAD SYNTH END
0 !LEOCAD SYNTH BEGIN
0 !LEOCAD SYNTH CONTROL_POINT 0 110 0 1 0 0 0 1 0 0 0 1 1
0 !LEOCAD SYNTH CONTROL_POINT 0 0 0 1 0 0 0 1 0 0 0 1 1
1 14 80 -82 -230 -1 -0.012 0 -0.012 1 0 0 0 -1 76537.dat
0 !LEOCAD SYNTH END
1 7 -78.732 27.993 -230 0 0.25 0.968 0 0.968 -0.25 -1 0 0 6572.dat
1 0 -40 18 -230 0 0.25 0.968 0 0.968 -0.25 -1 0 0 32062.dat
1 0 -78.732 27.993 -230 0 0.25 0.968 0 0.968 -0.25 -1 0 0 32062.dat
1 0 40 18 -230 0 -0.25 0.968 0 0.968 0.25 -1 0 0 32062.dat
1 7 78.732 27.993 -230 0 -0.25 -0.968 0 0.968 -0.25 1 0 0 6572.dat
1 0 78.732 27.993 -230 0 -0.25 0.968 0 0.968 0.25 -1 0 0 32062.dat
1 8 -80 -82 -230 0 0 1 0 -1 0 1 0 0 32054.dat
1 8 80 -82 -230 0 0 1 0 -1 0 1 0 0 32054.dat
1 0 -40 -22 -230 0 0 1 0 1 0 -1 0 0 32062.dat
1 0 40 -22 -230 0 0 1 0 1 0 -1 0 0 32062.dat
1 7 -78.732 -12.007 -230 0 0.25 0.968 0 0.968 -0.25 -1 0 0 6572.dat
1 7 78.732 -12.007 -230 0 0.25 -0.968 0 -0.968 -0.25 -1 0 0 6572.dat
1 0 -117.463 17.986 -230 0 0 1 0 1 0 -1 0 0 6571.dat
1 0 117.463 17.986 -230 0 0 -1 0 -1 0 -1 0 0 6571.dat
1 0 20 18 -250 1 0 0 0 0 -1 0 1 0 32526.dat
1 0 -20 18 -250 -1 0 0 0 0 -1 0 -1 0 32526.dat
1 0 -20 -2 -260 0 -1 0 0 0 -1 1 0 0 6628.dat
1 0 20 -2 -260 0 -1 0 0 0 -1 1 0 0 6628.dat
1 19 127.463 17.986 -230 1 0 0 0 0 -1 0 1 0 3749.dat
1 19 -127.463 17.986 -230 -1 0 0 0 0 -1 0 -1 0 3749.dat
1 8 -20 -2 -270 0.205 -0.156 -0.966 0.978 0 0.208 -0.033 -0.988 0.153 32005.dat
1 8 20 -2 -270 0.205 0.156 0.966 -0.978 0 0.208 0.033 -0.988 0.153 32005.dat
1 7 147.463 17.986 -230 0 0 -1 0 1 0 1 0 0 41896.dat
1 256 147.463 17.986 -230 0 0 -1 0 1 0 1 0 0 41893.dat
1 7 147.463 17.986 230 0 0 -1 0 1 0 1 0 0 41896.dat
1 256 147.463 17.986 230 0 0 -1 0 1 0 1 0 0 41893.dat
1 7 -147.463 17.986 -230 0 0 1 0 1 0 -1 0 0 41896.dat
1 256 -147.463 17.986 -230 0 0 1 0 1 0 -1 0 0 41893.dat
1 256 -147.463 17.986 230 0 0 1 0 1 0 -1 0 0 41893.dat
1 7 -147.463 17.986 230 0 0 1 0 1 0 -1 0 0 41896.dat
1 7 0 -48 60 1 0 0 0 1 0 0 0 1 32531.dat
1 8 -20 -48 0 0 0 1 0 1 0 -1 0 0 30000.dat
1 8 20 -48 0 0 0 1 0 1 0 -1 0 0 30000.dat
1 7 0 -48 -60 1 0 0 0 1 0 0 0 1 32531.dat
1 0 -20 -38 100 0 0 1 0 1 0 -1 0 0 2780.dat
1 0 20 -38 100 0 0 1 0 1 0 -1 0 0 2780.dat
1 0 -20 -38 -100 0 0 1 0 1 0 -1 0 0 2780.dat
1 0 20 -38 -100 0 0 1 0 1 0 -1 0 0 2780.dat
1 8 0 -48 110 -1 0 0 0 1 0 0 0 -1 3895.dat
1 8 0 -48 -110 -1 0 0 0 1 0 0 0 -1 3895.dat
1 0 0 -56 60 0 0 -1 0 1 0 1 0 0 32001.dat
1 0 0 -56 -60 0 0 -1 0 1 0 1 0 0 32001.dat
1 0 80 -56 0 0 0 -1 0 1 0 1 0 0 3028.dat
1 0 -80 -56 0 0 0 -1 0 1 0 1 0 0 3028.dat
1 8 130 -48 100 0 0 -1 0 1 0 1 0 0 3660.dat
1 8 130 -48 60 0 0 -1 0 1 0 1 0 0 3660.dat
1 8 130 -48 20 0 0 -1 0 1 0 1 0 0 3660.dat
1 8 130 -48 -20 0 0 -1 0 1 0 1 0 0 3660.dat
1 8 130 -48 -60 0 0 -1 0 1 0 1 0 0 3660.dat
1 8 130 -48 -100 0 0 -1 0 1 0 1 0 0 3660.dat
1 8 -130 -48 100 0 0 1 0 1 0 -1 0 0 3660.dat
1 8 -130 -48 60 0 0 1 0 1 0 -1 0 0 3660.dat
1 8 -130 -48 20 0 0 1 0 1 0 -1 0 0 3660.dat
1 8 -130 -48 -20 0 0 1 0 1 0 -1 0 0 3660.dat
1 8 -130 -48 -60 0 0 1 0 1 0 -1 0 0 3660.dat
1 8 -130 -48 -100 0 0 1 0 1 0 -1 0 0 3660.dat
1 8 -120 -24 0 0 0 1 0 1 0 -1 0 0 2445.dat
1 8 120 -24 0 0 0 1 0 1 0 -1 0 0 2445.dat
1 0 130 -16 -60 0 0 1 0 1 0 -1 0 0 3666.dat
1 0 130 -16 60 0 0 1 0 1 0 -1 0 0 3666.dat
1 0 -130 -16 60 0 0 1 0 1 0 -1 0 0 3666.dat
1 0 -130 -16 -60 0 0 1 0 1 0 -1 0 0 3666.dat
1 14 80 -80 120 0 0 -1 0 1 0 1 0 0 41768.dat
1 14 -80 -80 120 0 0 1 0 1 0 -1 0 0 41767.dat
1 8 150 -56 60 0 0 -1 0 1 0 1 0 0 2431.dat
1 8 150 -56 -80 0 0 -1 0 1 0 1 0 0 3069.dat
1 7 150 -56 0 0 0 -1 0 1 0 1 0 0 2412.dat
1 7 150 -56 -40 0 0 -1 0 1 0 1 0 0 2412.dat
1 7 -150 -56 0 0 0 -1 0 1 0 1 0 0 2412.dat
1 7 -150 -56 -40 0 0 -1 0 1 0 1 0 0 2412.dat
1 8 -150 -56 -80 0 0 -1 0 1 0 1 0 0 3069.dat
1 8 -150 -56 60 0 0 -1 0 1 0 1 0 0 2431.dat
1 0 -20 -80 140 0 0 -1 0 1 0 1 0 0 2456.dat
1 0 20 -80 140 0 0 -1 0 1 0 1 0 0 2456.dat
1 8 -70 -80 90 1 0 0 0 1 0 0 0 1 3622.dat
1 8 70 -80 90 1 0 0 0 1 0 0 0 1 3622.dat
1 14 -130 -80 90 1 0 0 0 1 0 0 0 1 2357.dat
1 14 130 -80 90 0 0 -1 0 1 0 1 0 0 2357.dat
1 0 -60 -88 100 1 0 0 0 1 0 0 0 1 3020.dat
1 0 60 -88 100 1 0 0 0 1 0 0 0 1 3020.dat
1 0 0 -88 140 1 0 0 0 1 0 0 0 1 3832.dat
1 8 0 -24 360 1 0 0 0 1 0 0 0 1 3035.dat
1 0 0 -48 390 -1 0 0 0 1 0 0 0 -1 30414.dat
1 14 0 -38 408 -1 0 0 0 0 -1 0 -1 0 2431.dat
1 8 100 -48 400 0 0 -1 0 1 0 1 0 0 41765.dat
1 8 -100 -48 400 0 0 1 0 1 0 -1 0 0 41764.dat
1 8 -60 -48 370 0 0 1 0 1 0 -1 0 0 42023.dat
1 8 -60 -48 350 0 0 1 0 1 0 -1 0 0 42023.dat
1 8 -60 -48 330 0 0 1 0 1 0 -1 0 0 42023.dat
1 8 60 -48 370 0 0 -1 0 1 0 1 0 0 42023.dat
1 8 60 -48 350 0 0 -1 0 1 0 1 0 0 42023.dat
1 8 60 -48 330 0 0 -1 0 1 0 1 0 0 42023.dat
1 0 -20 -48 330 1 0 0 0 1 0 0 0 1 3660.dat
1 0 20 -48 330 1 0 0 0 1 0 0 0 1 3660.dat
1 7 -60 -56 410 1 0 0 0 1 0 0 0 1 2412.dat
1 7 60 -56 410 1 0 0 0 1 0 0 0 1 2412.dat
1 0 0 -56 360 1 0 0 0 1 0 0 0 1 3035.dat
1 8 0 -56 300 1 0 0 0 1 0 0 0 1 3020.dat
1 8 -90 -56 400 0 0 -1 0 1 0 1 0 0 30383.dat
1 8 90 -56 400 0 0 -1 0 1 0 1 0 0 30383.dat
1 7 -120 -56 350 0 0 -1 0 1 0 1 0 0 3021.dat
1 7 120 -56 350 0 0 -1 0 1 0 1 0 0 3021.dat
1 8 150 -56 360 0 0 -1 0 1 0 1 0 0 3069.dat
1 8 -150 -56 360 0 0 -1 0 1 0 1 0 0 3069.dat
1 8 130 -56 400 0 0 -1 0 1 0 1 0 0 43723.dat
1 8 -130 -56 400 0 0 1 0 1 0 -1 0 0 43722.dat
1 14 -130 -80 360 0 0 1 0 1 0 -1 0 0 3010.dat
1 14 -110 -80 360 0 0 1 0 1 0 -1 0 0 3004.dat
1 14 110 -80 360 0 0 1 0 1 0 -1 0 0 3004.dat
1 14 130 -80 360 0 0 1 0 1 0 -1 0 0 3010.dat
1 14 -60 -80 390 1 0 0 0 1 0 0 0 1 3009.dat
1 14 60 -80 390 1 0 0 0 1 0 0 0 1 3009.dat
1 14 -80 -80 320 0 0 1 0 1 0 -1 0 0 41768.dat
1 14 80 -80 320 0 0 -1 0 1 0 1 0 0 41767.dat
1 0 -20 -80 340 0 0 -1 0 1 0 1 0 0 3001.dat
1 0 20 -80 340 0 0 -1 0 1 0 1 0 0 3001.dat
1 0 -20 -80 290 1 0 0 0 1 0 0 0 1 3660.dat
1 0 20 -80 290 1 0 0 0 1 0 0 0 1 3660.dat
1 0 0 -88 240 0 0 1 0 1 0 -1 0 0 3036.dat
1 0 0 -88 360 -1 0 0 0 1 0 0 0 -1 3030.dat
1 14 -120 -88 390 -1 0 0 0 1 0 0 0 -1 3069.dat
1 14 120 -88 390 -1 0 0 0 1 0 0 0 -1 3069.dat
1 0 0 -16 390 -1 0 0 0 1 0 0 0 -1 4510.dat
1 0 -50 -96 300 0 0 1 0 1 0 -1 0 0 6636.dat
1 0 -50 -96 180 0 0 1 0 1 0 -1 0 0 6636.dat
1 0 50 -96 300 0 0 1 0 1 0 -1 0 0 6636.dat
1 0 50 -96 180 0 0 1 0 1 0 -1 0 0 6636.dat
1 0 -80 -96 140 0 0 1 0 1 0 -1 0 0 3068.dat
1 0 80 -96 140 0 0 1 0 1 0 -1 0 0 3068.dat
1 0 -80 -96 340 0 0 1 0 1 0 -1 0 0 3068.dat
1 0 80 -96 340 0 0 1 0 1 0 -1 0 0 3068.dat
1 14 -130 -64 -20 0 0 1 0 1 0 -1 0 0 6636.dat
1 14 -130 -64 -90 0 0 1 0 1 0 -1 0 0 3070.dat
1 14 130 -64 -90 0 0 1 0 1 0 -1 0 0 3070.dat
1 14 130 -64 -20 0 0 1 0 1 0 -1 0 0 6636.dat
1 0 0 -96 260 0 0 1 0 1 0 -1 0 0 2445.dat
1 8 0 -64 0 -1 0 0 0 1 0 0 0 -1 3020.dat
1 0 0 -80 -140 -1 0 0 0 1 0 0 0 -1 44042.dat
1 8 0 -80 -90 -1 0 0 0 1 0 0 0 -1 3010.dat
1 14 0 -72 0 -1 0 0 0 1 0 0 0 -1 3022.dat
1 8 0 -80 0 -1 0 0 0 1 0 0 0 -1 3022.dat
1 14 130 -80 -110 -1 0 0 0 1 0 0 0 -1 3005.dat
1 14 -130 -80 -110 -1 0 0 0 1 0 0 0 -1 3005.dat
1 14 -110 -80 -110 -1 0 0 0 1 0 0 0 -1 4286.dat
1 14 110 -80 -110 -1 0 0 0 1 0 0 0 -1 4286.dat
1 0 -80 -104 -110 -1 0 0 0 1 0 0 0 -1 4864.dat
1 0 0 -88 0 0 0 -1 0 1 0 1 0 0 2445.dat
1 7 80 -80 -110 -1 0 0 0 1 0 0 0 -1 3937.dat
1 7 80 -72.419 -100.297 -1 0 0 0 0.242 -0.97 0 -0.97 -0.242 6134.dat
1 8 80 -84.058 -94.954 -1 0 0 0 0.242 -0.97 0 -0.97 -0.242 3022.dat
1 0 70 -85.993 -87.192 -1 0 0 0 0.242 -0.97 0 -0.97 -0.242 3021.dat
1 7 90 -87.928 -79.429 0 0 -1 0.97 0.242 0 0.242 -0.97 0 2412.dat
1 7 50 -87.928 -79.429 0 0 -1 0.97 0.242 0 0.242 -0.97 0 2412.dat
1 14 -120 -104 360 1 0 0 0 1 0 0 0 1 3003.dat
1 14 120 -104 360 1 0 0 0 1 0 0 0 1 3003.dat
1 14 -120 -104 90 1 0 0 0 1 0 0 0 1 3004.dat
1 14 120 -104 90 1 0 0 0 1 0 0 0 1 3004.dat
1 14 -120 -104 330 1 0 0 0 1 0 0 0 1 3660.dat
1 14 120 -104 330 1 0 0 0 1 0 0 0 1 3660.dat
1 14 -120 -104 -110 1 0 0 0 1 0 0 0 1 3660.dat
1 14 120 -104 -110 1 0 0 0 1 0 0 0 1 3660.dat
1 14 -120 -104 110 -1 0 0 0 1 0 0 0 -1 3660.dat
1 14 120 -104 110 -1 0 0 0 1 0 0 0 -1 3660.dat
1 0 0 -112 90 -1 0 0 0 1 0 0 0 -1 3298.dat
1 14 -120 -112 370 1 0 0 0 1 0 0 0 1 3023.dat
1 14 120 -112 370 1 0 0 0 1 0 0 0 1 3023.dat
1 14 -120 -120 370 1 0 0 0 1 0 0 0 1 3023.dat
1 14 120 -120 370 1 0 0 0 1 0 0 0 1 3023.dat
1 14 -60 -112 90 1 0 0 0 1 0 0 0 1 3010.dat
1 14 60 -112 90 1 0 0 0 1 0 0 0 1 3010.dat
1 0 -110 -128 220 0 0 1 0 1 0 -1 0 0 32018.dat
1 0 110 -128 220 0 0 1 0 1 0 -1 0 0 32018.dat
1 1 -100 -118 140 1 0 0 0 1 0 0 0 1 4274.dat
1 1 -100 -118 160 1 0 0 0 1 0 0 0 1 4274.dat
1 1 -100 -118 340 1 0 0 0 1 0 0 0 1 4274.dat
1 1 -100 -118 320 1 0 0 0 1 0 0 0 1 4274.dat
1 1 100 -118 340 -1 0 0 0 1 0 0 0 -1 4274.dat
1 1 100 -118 320 -1 0 0 0 1 0 0 0 -1 4274.dat
1 1 100 -118 140 -1 0 0 0 1 0 0 0 -1 4274.dat
1 1 100 -118 160 -1 0 0 0 1 0 0 0 -1 4274.dat
1 14 -130 -128 340 0 0 -1 0 1 0 1 0 0 3004.dat
1 14 130 -128 340 0 0 -1 0 1 0 1 0 0 3004.dat
1 14 -130 -128 100 0 0 -1 0 1 0 1 0 0 3004.dat
1 14 130 -128 100 0 0 -1 0 1 0 1 0 0 3004.dat
1 14 -130 -128 220 0 0 -1 0 1 0 1 0 0 6111.dat
1 14 130 -128 220 0 0 -1 0 1 0 1 0 0 6111.dat
1 14 0 -136 90 1 0 0 0 1 0 0 0 1 6111.dat
1 14 120 -128 370 -1 0 0 0 1 0 0 0 -1 44728.dat
1 14 120 -108 392 -1 0 0 0 0 -1 0 -1 0 3022.dat
1 47 110 -108 400 0 0 -1 1 0 0 0 -1 0 3023.dat
1 38 130 -118 400 0 0 -1 1 0 0 0 -1 0 6141.dat
1 38 130 -98 400 0 0 -1 1 0 0 0 -1 0 6141.dat
1 36 120 -98 408 1 0 0 0 0 1 0 -1 0 2412.dat
1 36 120 -118 408 1 0 0 0 0 1 0 -1 0 2412.dat
1 0 110 -136 240 0 0 1 0 1 0 -1 0 0 4162.dat
1 0 -110 -136 240 0 0 1 0 1 0 -1 0 0 4162.dat
1 14 -110 -136 100 0 0 1 0 1 0 -1 0 0 3023.dat
1 14 110 -136 100 0 0 1 0 1 0 -1 0 0 3023.dat
1 14 -120 -128 70 1 0 0 0 1 0 0 0 1 3684.dat
1 14 120 -128 70 1 0 0 0 1 0 0 0 1 3684.dat
1 14 -120 -128 370 -1 0 0 0 1 0 0 0 -1 44728.dat
1 14 -120 -108 392 -1 0 0 0 0 -1 0 -1 0 3022.dat
1 47 -110 -108 400 0 0 1 -1 0 0 0 -1 0 3023.dat
1 38 -130 -118 400 -1 0 0 0 0 -1 0 -1 0 6141.dat
1 38 -130 -98 400 -1 0 0 0 0 -1 0 -1 0 6141.dat
1 36 -120 -118 408 -1 0 0 0 0 -1 0 -1 0 2412.dat
1 36 -120 -98 408 -1 0 0 0 0 -1 0 -1 0 2412.dat
1 14 0 -142 404 1 0 0 0 0 1 0 -1 0 4477.dat
1 14 0 -112 404 1 0 0 0 0 1 0 -1 0 3832.dat
1 14 0 -112 412 1 0 0 0 0 1 0 -1 0 3035.dat
1 14 -90 -132 412 0 0 1 -1 0 0 0 -1 0 3023.dat
1 14 90 -132 412 0 0 1 -1 0 0 0 -1 0 3023.dat
1 14 -90 -92 412 0 0 -1 1 0 0 0 -1 0 44302.dat
1 14 90 -92 412 0 0 -1 1 0 0 0 -1 0 44302.dat
1 8 0 -112 420 -1 0 0 0 0 -1 0 -1 0 3034.dat
1 14 0 -82 420 -1 0 0 0 0 -1 0 -1 0 3069.dat
1 14 0 -102 428 -1 0 0 0 0 -1 0 -1 0 3794.dat
1 8 0 -122 428 1 0 0 0 0 1 0 -1 0 2540.dat
1 14 30 -112 428 0 0 -1 1 0 0 0 -1 0 45677.dat
1 14 -30 -112 428 0 0 1 -1 0 0 0 -1 0 45677.dat
1 14 -110 -152 390 1 0 0 0 1 0 0 0 1 4286.dat
1 14 110 -152 390 1 0 0 0 1 0 0 0 1 4286.dat
1 0 -92 -118 240 0 -1 0 0 0 1 -1 0 0 2445.dat
1 8 -84 -108 240 0 -1 0 0 0 1 -1 0 0 3460.dat
1 0 -52 -108 280 0 -1 0 0 0 1 -1 0 0 6191.dat
1 0 -52 -108 200 0 -1 0 0 0 1 -1 0 0 6191.dat
1 0 92 -118 240 0 1 0 0 0 1 1 0 0 2445.dat
1 8 84 -108 240 0 1 0 0 0 1 1 0 0 3460.dat
1 0 52 -108 200 0 1 0 0 0 1 1 0 0 6191.dat
1 0 52 -108 280 0 1 0 0 0 1 1 0 0 6191.dat
1 14 130 -160 120 0 0 -1 0 1 0 1 0 0 6191.dat
1 14 130 -160 200 0 0 -1 0 1 0 1 0 0 6191.dat
1 14 130 -160 280 0 0 -1 0 1 0 1 0 0 6191.dat
1 14 130 -160 360 0 0 -1 0 1 0 1 0 0 6191.dat
1 14 -130 -160 120 0 0 1 0 1 0 -1 0 0 6191.dat
1 14 -130 -160 200 0 0 1 0 1 0 -1 0 0 6191.dat
1 14 -130 -160 280 0 0 1 0 1 0 -1 0 0 6191.dat
1 14 -130 -160 360 0 0 1 0 1 0 -1 0 0 6191.dat
1 14 -110 -160 390 0 0 1 0 1 0 -1 0 0 3070.dat
1 14 110 -160 390 0 0 1 0 1 0 -1 0 0 3070.dat
1 0 0 -112 40 0 0 1 0 1 0 -1 0 0 30165.dat
1 14 -110 -208 90 -1 0 0 0 1 0 0 0 -1 4460.dat
1 14 110 -208 90 -1 0 0 0 1 0 0 0 -1 4460.dat
1 14 -120 -152 70 -1 0 0 0 1 0 0 0 -1 30136.dat
1 14 120 -152 70 -1 0 0 0 1 0 0 0 -1 30136.dat
1 14 0 -96 -110 -1 0 0 0 1 0 0 0 -1 3023.dat
1 8 -10 -112 0 0 0 -1 0 1 0 1 0 0 4865.dat
1 8 10 -112 0 0 0 1 0 1 0 -1 0 0 4865.dat
1 8 150 -128 240 -1 0 0 0 1 0 0 0 -1 6060.dat
1 8 150 -128 200 1 0 0 0 1 0 0 0 1 6060.dat
1 8 150 -128 220 0 0 1 0 1 0 -1 0 0 2431.dat
1 8 -150 -128 240 -1 0 0 0 1 0 0 0 -1 6060.dat
1 8 -150 -128 200 1 0 0 0 1 0 0 0 1 6060.dat
1 8 -150 -128 220 0 0 1 0 1 0 -1 0 0 2431.dat
1 47 -60 -208 90 1 0 0 0 1 0 0 0 1 4215.dat
1 47 0 -208 90 1 0 0 0 1 0 0 0 1 2362.dat
1 47 60 -208 90 1 0 0 0 1 0 0 0 1 4215.dat
1 14 -110 -224 70 0 0 1 0 1 0 -1 0 0 4460.dat
1 14 110 -224 70 0 0 -1 0 1 0 1 0 0 4460.dat
1 0 -30 -104 -110 -1 0 0 0 1 0 0 0 -1 3040.dat
1 0 30 -104 -110 -1 0 0 0 1 0 0 0 -1 3040.dat
1 8 0 -120 40 0 0 1 0 1 0 -1 0 0 30383.dat
1 0 0 -129.827 20.761 -1 0 0 0 0.924 -0.383 0 -0.383 -0.924 30553.dat
1 0 0 -137.481 2.284 0 0 1 -0.383 0.924 0 -0.924 -0.383 0 32062.dat
1 14 -80 -240 70 -1 0 0 0 1 0 0 0 -1 6081.dat
1 14 0 -240 70 -1 0 0 0 1 0 0 0 -1 6081.dat
1 14 80 -240 70 -1 0 0 0 1 0 0 0 -1 6081.dat
1 0 0 -104 -110 -1 0 0 0 1 0 0 0 -1 3023.dat
1 14 -60 -240 70 -1 0 0 0 1 0 0 0 -1 6636.dat
1 14 60 -240 70 -1 0 0 0 1 0 0 0 -1 6636.dat
1 8 10 -96 -80 0 0 -1 0 1 0 1 0 0 30383.dat
1 0 10 -109.071 -62.929 -1 0 0 0 -0.707 -0.707 0 -0.707 0.707 30553.dat
1 7 10 -123.213 -48.787 0 0 -1 0.707 -0.707 0 -0.707 -0.707 0 2736.dat
1 4 40 -88 10 0 0 -1 0 1 0 1 0 0 3021.dat
1 4 80 -88 10 0 0 -1 0 1 0 1 0 0 3021.dat
1 0 60 -96 0 0 0 -1 0 1 0 1 0 0 3068.dat
1 0 60 -96 30 1 0 0 0 1 0 0 0 1 3023.dat
1 0 30 -80 10 0 0 -1 0 1 0 1 0 0 3623.dat
1 0 90 -80 10 0 0 -1 0 1 0 1 0 0 3623.dat
1 0 30 -104 -10 1 0 0 0 1 0 0 0 1 6091.dat
1 0 90 -104 -10 1 0 0 0 1 0 0 0 1 6091.dat
1 0 30 -96 20 0 0 1 0 1 0 -1 0 0 3023.dat
1 0 90 -96 20 0 0 1 0 1 0 -1 0 0 3023.dat
1 0 30 -104 0 0 0 1 0 1 0 -1 0 0 3069.dat
1 0 90 -104 0 0 0 1 0 1 0 -1 0 0 3069.dat
1 0 60 -70 50 1 0 0 0 1 0 0 0 1 32013.dat
1 0 60 -70 50 1 0 0 0 1 0 0 0 1 6558.dat
1 0 40 -70 50 1 0 0 0 -0.259 0.966 0 -0.966 -0.259 32013.dat
1 0 80 -70 50 1 0 0 0 -0.259 0.966 0 -0.966 -0.259 32013.dat
1 0 60 -70 20 0 0 -1 0 -1 0 -1 0 0 32062.dat
1 14 60 -80 10 1 0 0 0 1 0 0 0 1 32064.dat
1 14 60 -80 -10 1 0 0 0 1 0 0 0 1 3660.dat
1 0 60 -88 -30 1 0 0 0 1 0 0 0 1 3069.dat
1 0 50 -149.877 61.04 0 0 -1 -0.966 0.259 0 0.259 0.966 0 2420.dat
1 0 70 -149.877 61.04 1 0 0 0 0.259 -0.966 0 0.966 0.259 2420.dat
1 8 60 -171.269 58.492 -1 0 0 0 0.259 0.966 0 0.966 -0.259 2540.dat
1 4 60 -142.289 50.722 -1 0 0 0 0.259 0.966 0 0.966 -0.259 3020.dat
1 0 40 -120.897 53.27 0 0 1 0.966 0.259 0 -0.259 0.966 0 2444.dat
1 0 80 -120.897 53.27 0 0 1 0.966 0.259 0 -0.259 0.966 0 2444.dat
1 0 60 -113.309 42.952 -1 0 0 0 0.259 0.966 0 0.966 -0.259 3710.dat
1 0 40 -209.909 68.852 1 0 0 0 0.259 -0.966 0 0.966 0.259 4081.dat
1 0 80 -209.909 68.852 1 0 0 0 0.259 -0.966 0 0.966 0.259 4081.dat
1 0 30 -156.093 37.856 -1 0 0 0 0.259 0.966 0 0.966 -0.259 6091.dat
1 0 90 -156.093 37.856 -1 0 0 0 0.259 0.966 0 0.966 -0.259 6091.dat
1 0 60 -125.041 37.814 -1 0 0 0 0.259 0.966 0 0.966 -0.259 3020.dat
1 0 60 -163.681 48.174 1 0 0 0 0.259 -0.966 0 0.966 0.259 3068.dat
1 0 30 -146.433 35.266 0 0 -1 -0.966 0.259 0 0.259 0.966 0 3069.dat
1 0 90 -146.433 35.266 0 0 -1 -0.966 0.259 0 0.259 0.966 0 3069.dat
1 19 80 -98.987 57.75 0 0 1 0.966 0.259 0 -0.259 0.966 0 3749.dat
1 19 40 -98.987 57.75 0 0 1 0.966 0.259 0 -0.259 0.966 0 3749.dat
1 4 60 -211.981 61.124 1 0 0 0 0.259 -0.966 0 0.966 0.259 3623.dat
1 0 40 -214.053 53.396 1 0 0 0 0.259 -0.966 0 0.966 0.259 3070.dat
1 0 60 -214.053 53.396 1 0 0 0 0.259 -0.966 0 0.966 0.259 3070.dat
1 0 80 -214.053 53.396 1 0 0 0 0.259 -0.966 0 0.966 0.259 3070.dat
1 4 -80 -88 10 0 0 -1 0 1 0 1 0 0 3021.dat
1 4 -40 -88 10 0 0 -1 0 1 0 1 0 0 3021.dat
1 0 -60 -96 0 0 0 -1 0 1 0 1 0 0 3068.dat
1 0 -60 -96 30 1 0 0 0 1 0 0 0 1 3023.dat
1 0 -90 -80 10 0 0 -1 0 1 0 1 0 0 3623.dat
1 0 -30 -80 10 0 0 -1 0 1 0 1 0 0 3623.dat
1 0 -90 -104 -10 1 0 0 0 1 0 0 0 1 6091.dat
1 0 -30 -104 -10 1 0 0 0 1 0 0 0 1 6091.dat
1 0 -90 -96 20 0 0 1 0 1 0 -1 0 0 3023.dat
1 0 -30 -96 20 0 0 1 0 1 0 -1 0 0 3023.dat
1 0 -90 -104 0 0 0 1 0 1 0 -1 0 0 3069.dat
1 0 -30 -104 0 0 0 1 0 1 0 -1 0 0 3069.dat
1 0 -60 -70 50 1 0 0 0 1 0 0 0 1 32013.dat
1 0 -60 -70 50 1 0 0 0 1 0 0 0 1 6558.dat
1 0 -80 -70 50 1 0 0 0 -0.259 0.966 0 -0.966 -0.259 32013.dat
1 0 -40 -70 50 1 0 0 0 -0.259 0.966 0 -0.966 -0.259 32013.dat
1 0 -60 -70 20 0 0 -1 0 -1 0 -1 0 0 32062.dat
1 14 -60 -80 10 1 0 0 0 1 0 0 0 1 32064.dat
1 14 -60 -80 -10 1 0 0 0 1 0 0 0 1 3660.dat
1 0 -60 -88 -30 1 0 0 0 1 0 0 0 1 3069.dat
1 0 -70 -149.877 61.04 0 0 -1 -0.966 0.259 0 0.259 0.966 0 2420.dat
1 0 -50 -149.877 61.04 1 0 0 0 0.259 -0.966 0 0.966 0.259 2420.dat
1 8 -60 -171.269 58.492 -1 0 0 0 0.259 0.966 0 0.966 -0.259 2540.dat
1 4 -60 -142.289 50.722 -1 0 0 0 0.259 0.966 0 0.966 -0.259 3020.dat
1 0 -80 -120.897 53.27 0 0 1 0.966 0.259 0 -0.259 0.966 0 2444.dat
1 0 -40 -120.897 53.27 0 0 1 0.966 0.259 0 -0.259 0.966 0 2444.dat
1 0 -60 -113.309 42.952 -1 0 0 0 0.259 0.966 0 0.966 -0.259 3710.dat
1 0 -80 -209.909 68.852 1 0 0 0 0.259 -0.966 0 0.966 0.259 4081.dat
1 0 -40 -209.909 68.852 1 0 0 0 0.259 -0.966 0 0.966 0.259 4081.dat
1 0 -90 -156.093 37.856 -1 0 0 0 0.259 0.966 0 0.966 -0.259 6091.dat
1 0 -30 -156.093 37.856 -1 0 0 0 0.259 0.966 0 0.966 -0.259 6091.dat
1 0 -60 -125.041 37.814 -1 0 0 0 0.259 0.966 0 0.966 -0.259 3020.dat
1 0 -60 -163.681 48.174 1 0 0 0 0.259 -0.966 0 0.966 0.259 3068.dat
1 0 -90 -146.433 35.266 0 0 -1 -0.966 0.259 0 0.259 0.966 0 3069.dat
1 0 -30 -146.433 35.266 0 0 -1 -0.966 0.259 0 0.259 0.966 0 3069.dat
1 19 -40 -98.987 57.75 0 0 1 0.966 0.259 0 -0.259 0.966 0 3749.dat
1 19 -80 -98.987 57.75 0 0 1 0.966 0.259 0 -0.259 0.966 0 3749.dat
1 4 -60 -211.981 61.124 1 0 0 0 0.259 -0.966 0 0.966 0.259 3623.dat
1 0 -80 -214.053 53.396 1 0 0 0 0.259 -0.966 0 0.966 0.259 3070.dat
1 0 -60 -214.053 53.396 1 0 0 0 0.259 -0.966 0 0.966 0.259 3070.dat
1 0 -40 -214.053 53.396 1 0 0 0 0.259 -0.966 0 0.966 0.259 3070.dat
1 0 -80 -91.385 -329.886 0 0 -1 0.996 0.087 0 0.087 -0.996 0 3022.dat
1 38 -100 -102.045 -322.788 1 0 0 0 0.087 0.996 0 -0.996 0.087 3069.dat
1 0 -100 -82.121 -321.045 1 0 0 0 0.087 0.996 0 -0.996 0.087 3069.dat
1 8 -70 -92.083 -321.916 0 0 -1 0.996 0.087 0 0.087 -0.996 0 32530.dat
1 0 -70 -94 -300 -1 0 0 0 1 0 0 0 -1 6558.dat
1 0 -100 -104 -300 1 0 0 0 1 0 0 0 1 2444.dat
1 0 -50 -104 -220 0 0 -1 0 1 0 1 0 0 3895.dat
1 0 -70 -112 -300 1 0 0 0 1 0 0 0 1 3021.dat
1 47 -80 -90.688 -337.855 0 0 -1 0.996 0.087 0 0.087 -0.996 0 2654.dat
1 0 80 -91.385 -329.886 0 0 -1 0.996 0.087 0 0.087 -0.996 0 3022.dat
1 0 100 -82.121 -321.045 1 0 0 0 0.087 0.996 0 -0.996 0.087 3069.dat
1 38 100 -102.045 -322.788 1 0 0 0 0.087 0.996 0 -0.996 0.087 3069.dat
1 8 70 -92.083 -321.916 0 0 1 -0.996 0.087 0 -0.087 -0.996 0 32530.dat
1 0 70 -94 -300 -1 0 0 0 0 -1 0 -1 0 6558.dat
1 0 100 -104 -300 -1 0 0 0 1 0 0 0 -1 2444.dat
1 0 50 -104 -220 0 0 1 0 1 0 -1 0 0 3895.dat
1 0 70 -112 -300 -1 0 0 0 1 0 0 0 -1 3021.dat
1 47 80 -90.688 -337.855 0 0 -1 0.996 0.087 0 0.087 -0.996 0 2654.dat
1 14 0 -112 -140 1 0 0 0 1 0 0 0 1 3030.dat
1 0 0 -112 -190 1 0 0 0 1 0 0 0 1 3666.dat
1 14 120 -112 -220 0 0 1 0 1 0 -1 0 0 3832.dat
1 14 -120 -112 -220 0 0 1 0 1 0 -1 0 0 3832.dat
1 38 -130 -112 -110 0 0 1 0 1 0 -1 0 0 6141.dat
1 38 130 -112 -110 0 0 1 0 1 0 -1 0 0 6141.dat
1 4 -60 -120 -110 -1 0 0 0 1 0 0 0 -1 2540.dat
1 0 40 -120 -110 -1 0 0 0 1 0 0 0 -1 3666.dat
1 0 0 -136 -130 -1 0 0 0 1 0 0 0 -1 6111.dat
1 14 -130 -120 -130 1 0 0 0 1 0 0 0 1 2420.dat
1 14 130 -120 -130 0 0 -1 0 1 0 1 0 0 2420.dat
1 14 130 -136 -160 0 0 -1 0 1 0 1 0 0 2877.dat
1 14 -130 -136 -160 0 0 1 0 1 0 -1 0 0 2877.dat
1 14 -120 -136 -190 -1 0 0 0 1 0 0 0 -1 3004.dat
1 14 120 -136 -190 -1 0 0 0 1 0 0 0 -1 3004.dat
1 14 -60 -136 -160 -1 0 0 0 1 0 0 0 -1 2456.dat
1 14 60 -136 -160 -1 0 0 0 1 0 0 0 -1 2456.dat
1 8 -110 -136 -130 -1 0 0 0 1 0 0 0 -1 6091.dat
1 8 110 -136 -130 -1 0 0 0 1 0 0 0 -1 6091.dat
1 4 -110 -152 -130 -1 0 0 0 1 0 0 0 -1 3062.dat
1 4 110 -152 -130 -1 0 0 0 1 0 0 0 -1 3062.dat
1 0 -10 -136 -190 0 0 1 0 1 0 -1 0 0 4070.dat
1 0 10 -136 -190 0 0 -1 0 1 0 1 0 0 4070.dat
1 0 -60 -152 -130 -1 0 0 0 1 0 0 0 -1 6081.dat
1 14 120 -144 -150 -1 0 0 0 1 0 0 0 -1 3023.dat
1 8 40 -144 -150 -1 0 0 0 1 0 0 0 -1 3710.dat
1 14 -80 -144 -150 -1 0 0 0 1 0 0 0 -1 3666.dat
1 0 40 -143.414 -111.414 1 0 0 0 0.707 -0.707 0 0.707 0.707 3710.dat
1 0 60 -144.828 -98.686 0 0 -1 -0.707 0.707 0 0.707 0.707 0 2444.dat
1 8 20 -144.828 -98.686 0 0 -1 -0.707 0.707 0 0.707 0.707 0 3022.dat
1 8 40 -157.556 -97.272 1 0 0 0 0.707 -0.707 0 0.707 0.707 6636.dat
1 8 -10 -144.828 -98.686 0 0 1 0.707 0.707 0 -0.707 0.707 0 30383.dat
1 8 90 -144.828 -98.686 0 0 1 0.707 0.707 0 -0.707 0.707 0 30383.dat
1 8 90 -144 -140 0 0 -1 0 1 0 1 0 0 44302.dat
1 8 -10 -144 -140 0 0 -1 0 1 0 1 0 0 44302.dat
1 0 40 -160.385 -128.385 -1 0 0 0 0.707 0.707 0 0.707 -0.707 30414.dat
1 7 70 -166.042 -108.586 -1 0 0 0 0.707 -0.707 0 -0.707 -0.707 6141.dat
1 7 30 -166.042 -108.586 -1 0 0 0 0.707 -0.707 0 -0.707 -0.707 6141.dat
1 8 20 -173.113 -126.971 -1 0 0 0 0.707 0.707 0 0.707 -0.707 3068.dat
1 8 60 -173.113 -126.971 -1 0 0 0 0.707 0.707 0 0.707 -0.707 3068.dat
1 19 60 -151.899 -77.473 0 0 -1 -0.707 0.707 0 0.707 0.707 0 3749.dat
1 7 60 -168.87 -60.503 1 0 0 0 0.707 0.707 0 -0.707 0.707 2819.dat
1 14 -60 -136 -300 1 0 0 0 1 0 0 0 1 30367.dat
1 14 60 -136 -300 1 0 0 0 1 0 0 0 1 30367.dat
1 4 -50 -128 -250 1 0 0 0 1 0 0 0 1 3062.dat
1 4 50 -128 -250 1 0 0 0 1 0 0 0 1 3062.dat
1 7 42.929 -125.071 -220 0 0.707 -0.707 0 0.707 0.707 1 0 0 6134.dat
1 7 50 -128 -220 0 0 1 0 1 0 -1 0 0 3937.dat
1 0 18.887 -134.971 -220 0 0.707 0.707 0 0.707 -0.707 -1 0 0 30165.dat
1 7 13.23 -140.627 -230 0 0.707 0.707 0 0.707 -0.707 -1 0 0 6141.dat
1 7 13.23 -140.627 -210 0 0.707 0.707 0 0.707 -0.707 -1 0 0 6141.dat
1 7 -42.929 -125.071 -220 0 -0.707 0.707 0 0.707 0.707 -1 0 0 6134.dat
1 7 -50 -128 -220 0 0 -1 0 1 0 1 0 0 3937.dat
1 0 -18.887 -134.971 -220 0 -0.707 -0.707 0 0.707 -0.707 1 0 0 30165.dat
1 7 -13.23 -140.627 -210 0 -0.707 -0.707 0 0.707 -0.707 1 0 0 6141.dat
1 7 -13.23 -140.627 -230 0 -0.707 -0.707 0 0.707 -0.707 1 0 0 6141.dat
1 16 -32 -126 -190 0 1 0 0 0 -1 -1 0 0 750.dat
1 16 -32 -126 -190 0 -1 0 0 0 1 -1 0 0 755.dat
1 16 -50 -120 -270 0 0 1 0 1 0 -1 0 0 750.dat
1 16 -50 -120 -270 0 0 -1 0 -1 0 -1 0 0 755.dat
1 16 -37.7594 -126.0332 -190.0557 0.031645 0.999321 0.018858 0.000398 0.018855 -0.999822 -0.999499 0.031646 0.000199 754.dat
1 16 -40.27 -126.142 -190.2397 0.090836 0.994419 0.053666 0.002585 0.053653 -0.998556 -0.995863 0.090843 0.002303 754.dat
1 16 -42.7553 -126.3487 -190.5926 0.161234 0.982405 0.094259 0.007779 0.094241 -0.995519 -0.986886 0.161244 0.007553 754.dat
1 16 -45.1936 -126.6634 -191.1359 0.239065 0.96113 0.138122 0.016906 0.138105 -0.990273 -0.970856 0.239074 0.016767 754.dat
1 16 -47.556 -127.0943 -191.8895 0.324969 0.927391 0.185312 0.031413 0.185254 -0.982188 -0.945203 0.325002 0.03107 754.dat
1 16 -49.8102 -127.6436 -192.8636 0.413083 0.880558 0.232334 0.051453 0.232144 -0.97132 -0.909239 0.41319 0.050587 754.dat
1 16 -51.9121 -128.3139 -194.0721 0.507908 0.814143 0.281426 0.080088 0.280657 -0.956461 -0.857681 0.508333 0.077345 754.dat
1 16 -53.8364 -129.09 -195.4958 0.588703 0.741833 0.321111 0.110339 0.31978 -0.941045 -0.800783 0.589427 0.106403 754.dat
1 16 -55.5589 -129.9549 -197.1128 0.663234 0.658551 0.35557 0.144575 0.353413 -0.924228 -0.734315 0.664387 0.139185 754.dat
1 16 -57.0588 -130.8918 -198.9025 0.728517 0.567995 0.382941 0.180733 0.37984 -0.907225 -0.660756 0.730139 0.174065 754.dat
1 16 -58.3395 -131.8791 -200.8319 0.779405 0.482354 0.399828 0.212454 0.39688 -0.892944 -0.589399 0.78091 0.206852 754.dat
1 16 -59.421 -132.896 -202.8662 0.818133 0.406135 0.407079 0.23731 0.406361 -0.882357 -0.523777 0.818489 0.236078 754.dat
1 16 -60.3047 -133.9281 -204.9868 0.852556 0.326594 0.408026 0.260746 0.410809 -0.873641 -0.452946 0.851218 0.26508 754.dat
1 16 -61.0169 -134.9625 -207.1709 0.877964 0.263534 0.39966 0.272992 0.410193 -0.870182 -0.39326 0.873093 0.288192 754.dat
1 16 -61.5713 -135.9889 -209.4044 0.901079 0.201095 0.38421 0.280335 0.405849 -0.869884 -0.33086 0.891542 0.309328 754.dat
1 16 -61.9861 -136.9998 -211.6755 0.920767 0.148737 0.360646 0.277856 0.398872 -0.873897 -0.273833 0.904864 0.325941 754.dat
1 16 -62.271 -137.9875 -213.9767 0.939825 0.09757 0.327427 0.266882 0.388697 -0.881867 -0.213314 0.916185 0.339267 754.dat
1 16 -62.445 -138.9481 -216.3006 0.956785 0.056672 0.285222 0.243902 0.377707 -0.893224 -0.158351 0.924189 0.347562 754.dat
1 16 -62.5193 -139.877 -218.6427 0.973049 0.017729 0.229918 0.207841 0.364475 -0.907722 -0.099893 0.931044 0.350967 754.dat
1 16 -62.5017 -140.7697 -221 0.987185 -0.017635 0.158605 0.154706 0.349572 -0.924048 -0.039148 0.936744 0.34782 754.dat
1 16 -62.4006 -141.622 -223.3703 0.996529 -0.049814 0.066691 0.079527 0.333061 -0.939546 0.024591 0.941588 0.335867 754.dat
1 16 -62.2232 -142.4297 -225.7516 0.995521 -0.079277 -0.051505 -0.024013 0.31489 -0.948824 0.091439 0.945812 0.311576 754.dat
1 16 -62.0088 -143.0469 -227.7266 0.963213 -0.116734 -0.24206 -0.200782 0.286095 -0.936929 0.178624 0.951064 0.252133 756.dat
1 16 -61.506 -144.1891 -231.6111 0.821424 0.151404 0.549854 -0.505569 -0.252877 0.824896 0.263938 -0.955578 -0.131174 754.dat
1 16 -61.1075 -144.8067 -234.0225 0.662038 0.173529 0.729105 -0.693639 -0.226576 0.68376 0.28385 -0.958411 -0.029636 754.dat
1 16 -60.6541 -145.3557 -236.4408 0.470667 0.194298 0.860651 -0.840682 -0.197331 0.504295 0.267817 -0.96089 0.070466 754.dat
1 16 -60.1494 -145.8283 -238.865 0.284675 0.21385 0.934467 -0.93242 -0.164591 0.321717 0.222604 -0.962901 0.152543 754.dat
1 16 -59.5962 -146.2152 -241.2936 0.12926 0.232275 0.964023 -0.978507 -0.127645 0.161957 0.160671 -0.964238 0.210784 754.dat
1 16 -58.9974 -146.5049 -243.7249 0.010706 0.249664 0.968273 -0.995799 -0.085398 0.03303 0.090935 -0.96456 0.247701 754.dat
1 16 -58.3552 -146.6815 -246.1557 -0.07527 0.266457 0.960903 -0.99705 -0.034599 -0.068507 0.014993 -0.963225 0.268276 754.dat
1 16 -57.673 -146.7286 -248.5813 -0.131006 0.280184 0.950965 -0.989744 0.018148 -0.141695 -0.056959 -0.959775 0.274933 754.dat
1 16 -56.9565 -146.6307 -250.9949 -0.166276 0.29362 0.94135 -0.976052 0.086785 -0.199476 -0.140265 -0.951975 0.272158 754.dat
1 16 -56.2088 -146.3545 -253.3845 -0.182948 0.303563 0.935083 -0.957121 0.162306 -0.239951 -0.22461 -0.938886 0.260853 754.dat
1 16 -55.4391 -145.8828 -255.7357 -0.185951 0.309605 0.932506 -0.932094 0.244659 -0.267099 -0.310841 -0.918851 0.243087 754.dat
1 16 -54.6581 -145.1828 -258.0231 -0.172054 0.310681 0.934813 -0.891533 0.354532 -0.281915 -0.419007 -0.881921 0.215983 754.dat
1 16 -53.8805 -144.2062 -260.2071 -0.150576 0.303904 0.940728 -0.838836 0.464279 -0.284253 -0.523146 -0.831918 0.185016 754.dat
1 16 -53.1267 -142.9507 -262.2512 -0.122953 0.288426 0.949575 -0.768848 0.57732 -0.274908 -0.6275 -0.763879 0.150772 754.dat
1 16 -52.4207 -141.4077 -264.1043 -0.090078 0.261413 0.961015 -0.673965 0.694429 -0.252069 -0.733251 -0.670396 0.113631 754.dat
1 16 -51.7884 -139.5843 -265.7138 -0.061324 0.227 0.971962 -0.568732 0.792298 -0.220923 -0.820233 -0.566334 0.080515 754.dat
1 16 -51.2487 -137.5262 -267.0513 -0.036326 0.184683 0.982127 -0.450485 0.874232 -0.181057 -0.892045 -0.44901 0.051439 754.dat
1 16 -50.8146 -135.2823 -268.1013 -0.019984 0.143699 0.98942 -0.342854 0.928626 -0.141795 -0.939176 -0.34206 0.03071 754.dat
1 16 -50.4815 -132.9162 -268.8906 -0.009801 0.105484 0.994373 -0.246952 0.963363 -0.104629 -0.968978 -0.246588 0.016607 754.dat
1 16 -50.2437 -130.4719 -269.4444 -0.003591 0.068628 0.997636 -0.157831 0.985099 -0.068333 -0.98746 -0.157704 0.007294 754.dat
1 16 -50.095 -127.9807 -269.7853 -0.000778 0.036724 0.999325 -0.08327 0.995852 -0.036662 -0.996527 -0.083242 0.002283 754.dat
1 16 -50.022 -125.6136 -269.9506 -0.000051 0.013617 0.999907 -0.03058 0.99944 -0.013612 -0.999532 -0.030578 0.000366 754.dat
1 16 32 -126 -190 0 -1 0 -1 0 0 0 0 -1 750.dat
1 16 32 -126 -190 0 1 0 -1 0 0 0 0 1 755.dat
1 16 50 -120 -270 -1 0 0 0 1 0 0 0 -1 750.dat
1 16 50 -120 -270 -1 0 0 0 -1 0 0 0 1 755.dat
1 16 37.7594 -126.0332 -190.0557 -0.018845 -0.999321 -0.031652 -0.999822 0.018855 0 0.000597 0.031646 -0.999499 754.dat
1 16 40.27 -126.142 -190.2397 -0.053614 -0.994419 -0.090866 -0.998558 0.053653 0.002023 0.002864 0.090843 -0.995861 754.dat
1 16 42.7553 -126.3487 -190.5926 -0.094189 -0.982405 -0.161275 -0.995522 0.094241 0.007344 0.007984 0.161244 -0.986882 754.dat
1 16 45.1936 -126.6634 -191.1359 -0.138075 -0.96113 -0.239092 -0.990277 0.138105 0.016712 0.016957 0.239074 -0.970853 754.dat
1 16 47.556 -127.0943 -191.8895 -0.185181 -0.927391 -0.325044 -0.982201 0.185254 0.031016 0.031452 0.325002 -0.94519 754.dat
1 16 49.8102 -127.6436 -192.8636 -0.23193 -0.880558 -0.41331 -0.971369 0.232144 0.050502 0.051477 0.41319 -0.909189 754.dat
1 16 51.9121 -128.3139 -194.0721 -0.279517 -0.814143 -0.50896 -0.956755 0.280657 0.076497 0.080564 0.508333 -0.857384 754.dat
1 16 53.8364 -129.09 -195.4958 -0.318481 -0.741833 -0.59013 -0.941528 0.31978 0.106139 0.109975 0.589427 -0.800301 754.dat
1 16 55.5589 -129.9549 -197.1128 -0.352479 -0.658551 -0.664883 -0.924891 0.353413 0.140271 0.142603 0.664387 -0.733659 754.dat
1 16 57.0588 -130.8918 -198.9025 -0.380652 -0.567995 -0.729716 -0.907788 0.37984 0.177883 0.176138 0.730139 -0.660206 754.dat
1 16 58.3395 -131.8791 -200.8319 -0.40334 -0.482354 -0.777593 -0.891977 0.39688 0.216479 0.204192 0.78091 -0.590326 754.dat
1 16 59.421 -132.896 -202.8662 -0.423513 -0.406135 -0.809748 -0.877386 0.406361 0.255075 0.225455 0.818489 -0.528437 754.dat
1 16 60.3047 -133.9281 -204.9868 -0.441895 -0.326594 -0.835503 -0.862479 0.410809 0.295579 0.246698 0.851218 -0.463214 754.dat
1 16 61.0169 -134.9625 -207.1709 -0.46143 -0.263534 -0.847132 -0.848429 0.410193 0.33453 0.259327 0.873093 -0.412865 754.dat
1 16 61.5713 -135.9889 -209.4044 -0.48096 -0.201095 -0.853369 -0.833785 0.405849 0.374285 0.271073 0.891542 -0.362867 754.dat
1 16 61.9861 -136.9998 -211.6755 -0.502391 -0.148737 -0.851752 -0.818635 0.398872 0.413204 0.278282 0.904864 -0.322151 754.dat
1 16 62.271 -137.9875 -213.9767 -0.524131 -0.09757 -0.84603 -0.802639 0.388697 0.452422 0.284706 0.916185 -0.282041 754.dat
1 16 62.445 -138.9481 -216.3006 -0.548309 -0.056672 -0.834353 -0.785359 0.377707 0.490457 0.287346 0.924189 -0.251608 754.dat
1 16 62.5193 -139.877 -218.6427 -0.572916 -0.017729 -0.819423 -0.766862 0.364475 0.528281 0.289293 0.931044 -0.222409 754.dat
1 16 62.5017 -140.7697 -221 -0.598183 0.017635 -0.801166 -0.747031 0.349572 0.565459 0.290037 0.936744 -0.195934 754.dat
1 16 62.4006 -141.622 -223.3703 -0.623833 0.049814 -0.779969 -0.725861 0.333061 0.601828 0.289757 0.941588 -0.171616 754.dat
1 16 62.2232 -142.4297 -225.7516 -0.649545 0.079277 -0.756179 -0.703408 0.31489 0.637229 0.288631 0.945812 -0.148771 754.dat
1 16 62.0088 -143.0469 -227.7266 -0.671937 0.116734 -0.73135 -0.682419 0.286095 0.672647 0.287757 0.951064 -0.112577 756.dat
1 16 61.506 -144.1891 -231.6111 -0.722703 -0.151404 0.674372 -0.631215 -0.252877 -0.733226 0.281547 -0.955578 0.087186 754.dat
1 16 61.1075 -144.8067 -234.0225 -0.745879 -0.173529 0.64308 -0.605234 -0.226576 -0.763122 0.27813 -0.958411 0.063973 754.dat
1 16 60.6541 -145.3557 -236.4408 -0.767873 -0.194298 0.610425 -0.578967 -0.197331 -0.791111 0.274167 -0.96089 0.039033 754.dat
1 16 60.1494 -145.8283 -238.865 -0.788546 -0.21385 0.576597 -0.552728 -0.164591 -0.816947 0.269607 -0.962901 0.011586 754.dat
1 16 59.5962 -146.2152 -241.2936 -0.807808 -0.232275 0.541752 -0.526852 -0.127645 -0.840318 0.264337 -0.964238 -0.019262 754.dat
1 16 58.9974 -146.5049 -243.7249 -0.825611 -0.249664 0.505999 -0.501738 -0.085398 -0.860794 0.25812 -0.96456 -0.05476 754.dat
