0 
0 Name: New Model.ldr
0 Author: 
1 0 -181.06 -391.721 100 0 -1 0 0 0 1 -1 0 0 3020.dat
1 0 -179.315 -291.721 60 0 -1 0 0 0 1 -1 0 0 3933.dat
1 0 -179.315 -291.721 140 0 -1 0 0 0 1 -1 0 0 3934.dat
1 0 -176.872 -151.721 0 0 -1 0 0 0 1 -1 0 0 3933.dat
1 0 -176.872 -151.721 200 0 -1 0 0 0 1 -1 0 0 3934.dat
1 0 -166.282 -462 100 0 -1 0 0 0 -1 1 0 0 4856.dat
1 0 -176.872 -151.721 100 0 -1 0 0 0 -1 1 0 0 3958.dat
1 0 -175.302 -61.721 100 0 -1 0 0 0 -1 1 0 0 2419.dat
1 7 -171.664 -311.86 100 0 -1 0 1 0 0 0 0 1 4282.dat
1 16 -169.396 -181.86 10 0 -1 0 1 0 0 0 0 1 3070.dat
1 16 -169.396 -181.86 190 0 -1 0 -1 0 0 0 0 -1 3070.dat
1 16 -168.872 -151.86 40 0 -1 0 1 0 0 0 0 1 3068.dat
1 16 -168.872 -151.86 160 0 -1 0 -1 0 0 0 0 -1 3068.dat
1 7 -166.107 -452 100 0 -1 0 1 0 0 0 0 1 3022.dat
1 7 -158.107 -452.14 100 0 -1 0 1 0 0 0 0 1 3022.dat
1 16 -172.711 -371.86 70 0 -1 0 1 0 0 0 0 1 3710.dat
1 16 -172.711 -371.86 130 0 -1 0 -1 0 0 0 0 -1 3710.dat
1 16 -168.698 -141.86 70 0 -1 0 1 0 0 0 0 1 3623.dat
1 16 -168.698 -141.86 130 0 -1 0 -1 0 0 0 0 -1 3623.dat
1 16 -168.349 -121.86 40 0 -1 0 0 0 1 -1 0 0 3023.dat
1 16 -168.349 -121.86 160 0 -1 0 0 0 1 -1 0 0 3023.dat
1 16 -167.651 -81.86 0 0 -1 0 0 0 1 -1 0 0 3666.dat
1 16 -167.651 -81.86 200 0 -1 0 0 0 1 -1 0 0 3666.dat
1 0 -168 -101.86 0 0 -1 0 0 0 1 -1 0 0 3666.dat
1 0 -168 -101.86 200 0 -1 0 0 0 1 -1 0 0 3666.dat
1 0 -167.826 -91.86 80 0 -1 0 0 0 -1 1 0 0 3956.dat
1 0 -167.826 -91.86 120 0 -1 0 0 0 -1 1 0 0 3956.dat
1 16 -168.872 -151.86 -20 0 -1 0 1 0 0 0 0 1 3935.dat
1 16 -168.872 -151.86 220 0 -1 0 -1 0 0 0 0 -1 3936.dat
1 16 -170.617 -251.86 40 0 -1 0 0 0 1 -1 0 0 3933.dat
1 16 -170.617 -251.86 160 0 -1 0 0 0 1 -1 0 0 3934.dat
1 16 -145 -162.279 100 0 -1 0 0 0 1 -1 0 0 3039.dat
1 16 -144.523 -132.279 70 0 -1 0 -1 0 0 0 0 -1 3009.dat
1 16 -144.523 -132.279 130 0 -1 0 1 0 0 0 0 1 3009.dat
1 16 -162.268 -232 70 0 -1 0 -1 0 0 0 0 -1 4623.dat
1 16 -162.268 -232 130 0 -1 0 1 0 0 0 0 1 4623.dat
1 16 -164 -332 70 0 -1 0 -1 0 0 0 0 -1 3460.dat
1 16 -164 -332 130 0 -1 0 1 0 0 0 0 1 3460.dat
1 36 -161.745 -202 70 0 -1 0 -1 0 0 0 0 -1 3024.dat
1 34 -161.745 -202 130 0 -1 0 -1 0 0 0 0 -1 3024.dat
1 0 -160 -102 -20 0 -1 0 0 0 -1 1 0 0 3794.dat
1 0 -160 -102 220 0 -1 0 0 0 -1 1 0 0 3794.dat
1 16 -137 -162.419 70 0 -1 0 0 0 -1 1 0 0 2420.dat
1 16 -137 -162.419 130 0 -1 0 -1 0 0 0 0 -1 2420.dat
1 16 -154.617 -252.14 70 0 -1 0 -1 0 0 0 0 -1 3666.dat
1 16 -154.617 -252.14 130 0 -1 0 1 0 0 0 0 1 3666.dat
1 0 -159.154 -512.14 100 0 -1 0 0 0 1 -1 0 0 4859.dat
1 16 -157.06 -392.14 70 0 -1 0 1 0 0 0 0 1 3460.dat
1 16 -157.06 -392.14 130 0 -1 0 -1 0 0 0 0 -1 3460.dat
1 16 -136.174 -112.419 130 0 -1 0 1 0 0 0 0 1 2431.dat
1 0 -146.639 -24.209 80 -1 0 0 0 -1 0 0 0 1 2489.dat
1 0 -146.639 -24.209 120 1 0 0 0 -1 0 0 0 -1 2489.dat
1 16 -136.174 -112.419 70 0 -1 0 -1 0 0 0 0 -1 4625.dat
1 16 -136.174 -112.419 100 0 -1 0 -1 0 0 0 0 -1 3020.dat
1 16 -128.523 -132.558 100 0 -1 0 -1 0 0 0 0 -1 3022.dat
1 0 -127.826 -92.558 100 0 -1 0 0 0 -1 1 0 0 3956.dat
1 0 -106.639 -24.907 100 -1 0 0 0 -1 0 0 0 1 2489.dat
1 16 -112.174 -112.838 100 0 -1 0 -1 0 0 0 0 -1 4857.dat
1 16 -120.523 -132.698 100 0 -1 0 -1 0 0 0 0 -1 3022.dat
1 16 -132.537 -362.558 100 0 -1 0 0 0 1 -1 0 0 3010.dat
1 16 -108.537 -363 90 0 -1 0 0 0 -1 1 0 0 4070.dat
1 16 -108.537 -363 110 0 -1 0 0 0 -1 1 0 0 4070.dat
1 0 -118 -332.803 100 0 0 1 0 -1 0 1 0 0 4865.dat
1 16 -133.758 -432.558 70 0 -1 0 -1 0 0 0 0 -1 4865.dat
1 16 -133.758 -432.558 130 0 -1 0 1 0 0 0 0 1 4865.dat
1 16 -109.06 -393 70 0 -1 0 -1 0 0 0 0 -1 4864.dat
1 16 -109.06 -393 130 0 -1 0 1 0 0 0 0 1 4864.dat
1 16 -129 -162.558 100 0 -1 0 0 0 -1 1 0 0 3023.dat
1 16 -121 -162.698 100 0 -1 0 0 0 -1 1 0 0 3023.dat
1 16 -104.698 -143 100 0 -1 0 0 0 -1 1 0 0 3794.dat
1 16 -104.349 -123 100 0 -1 0 0 0 -1 1 0 0 3794.dat
1 16 -104 -103 100 0 -1 0 0 0 -1 1 0 0 3794.dat
1 16 -103.651 -83 100 0 -1 0 0 0 -1 1 0 0 3794.dat
1 16 -113 -162.837 100 0 -1 0 0 0 -1 1 0 0 3069.dat
1 7 -134.282 -462.558 100 0 -1 0 0 0 -1 1 0 0 3039.dat
1 16 -113.221 -172.837 70 0 -1 0 1 0 0 0 0 1 3937.dat
1 16 -113.221 -172.837 130 0 -1 0 -1 0 0 0 0 -1 3937.dat
1 16 -113.221 -172.837 70 0 -1 0 1 0 0 0 0 1 3938.dat
1 16 -113.221 -172.837 130 0 -1 0 -1 0 0 0 0 -1 3938.dat
1 16 -134.282 -462.558 100 0 -1 0 0 0 1 -1 0 0 4858.dat
1 16 -101.235 -403.117 70 0 -1 0 0 0 1 -1 0 0 3024.dat
1 16 -101.06 -393.117 130 0 -1 0 -1 0 0 0 0 -1 3023.dat
1 16 -100.537 -363.117 120 0 -1 0 0 0 -1 1 0 0 3023.dat
1 16 -108.537 -363 130 0 -1 0 0 0 -1 1 0 0 3005.dat
1 16 -108.537 -363 70 0 -1 0 0 0 -1 1 0 0 3005.dat
1 16 -100.362 -353.117 80 0 -1 0 -1 0 0 0 0 -1 2430.dat
1 16 -100.362 -353.117 80 0 -1 0 0 0 1 -1 0 0 2429.dat
1 16 -80.174 -113.396 100 0 -1 0 1 0 0 0 0 1 3701.dat
1 16 -92.188 -343.256 100 0 -1 0 0 0 -1 1 0 0 2452.dat
1 16 -125.611 -328.654 100 1 0.309 0 0.309 -0.951 0 0 0 -1 4276.dat
1 16 -128.084 -321 100 -0.951 0.309 0 -0.309 -0.951 0 0 0 1 4276.dat
1 16 -151.209 -324.191 100 0 -1 0 0 0 1 -1 0 0 4319.dat
1 16 -113.255 -212.819 100 0 0 1 0 1 0 -1 0 0 4735.dat
1 16 -84.188 -343.396 100 0 -1 0 0 0 -1 1 0 0 3023.dat
1 16 -90.174 -113.221 90 0 0 1 -1 0 0 0 -1 0 3623.dat
1 16 -90.174 -113.221 110 0 0 1 1 0 0 0 1 0 3623.dat
1 16 -105.221 -173 80 0 -1 0 1 0 0 0 0 1 3022.dat
1 16 -105.221 -173 120 0 -1 0 1 0 0 0 0 1 3022.dat
1 16 -97.221 -173.117 130 0 -1 0 1 0 0 0 0 1 3023.dat
1 16 -76.711 -373.535 90 0 -1 0 1 0 0 0 0 1 3039.dat
1 16 -76.711 -373.535 110 0 -1 0 -1 0 0 0 0 -1 3039.dat
1 16 -97.221 -173.117 70 0 -1 0 1 0 0 0 0 1 3023.dat
1 16 -97.396 -183.117 90 0 -1 0 1 0 0 0 0 1 3623.dat
1 16 -97.396 -183.117 110 0 -1 0 -1 0 0 0 0 -1 3623.dat
1 16 -89.745 -203.256 90 0 -1 0 1 0 0 0 0 1 3024.dat
1 16 -89.745 -203.256 110 0 -1 0 -1 0 0 0 0 -1 3024.dat
1 16 -81.745 -203.396 90 0 -1 0 1 0 0 0 0 1 3024.dat
1 16 -81.745 -203.396 110 0 -1 0 -1 0 0 0 0 -1 3024.dat
1 16 -77.235 -403.535 100 0 -1 0 0 0 1 -1 0 0 4861.dat
1 43 -101.933 -443.117 100 0 -1 0 0 0 1 -1 0 0 2437.dat
1 16 -90 -103.221 56 -1 0 0 0 0 -1 0 -1 0 4868.dat
1 16 -90 -103.221 144 1 0 0 0 0 -1 0 1 0 4868.dat
1 7 -90 -103.221 56 -1 0 0 0 0 -1 0 -1 0 4869.dat
1 7 -90 -103.221 144 1 0 0 0 0 -1 0 1 0 4869.dat
1 7 -88.674 -27.221 56 -1 0 0 0 -1 0 0 0 1 3062.dat
1 7 -88.674 -27.221 144 1 0 0 0 -1 0 0 0 -1 3062.dat
1 16 -146.268 -232.279 70 0 -1 0 -1 0 0 0 0 -1 4625.dat
1 16 -146.268 -232.279 130 0 -1 0 1 0 0 0 0 1 4625.dat
1 16 -147.664 -312.279 70 0 -1 0 -1 0 0 0 0 -1 4625.dat
1 16 -147.664 -312.279 130 0 -1 0 1 0 0 0 0 1 4625.dat
1 16 -75.665 -313.587 90 0 -1 0 1 0 0 0 0 1 2582.dat
1 16 -75.663 -313.484 110 0 -1 0 -1 0 0 0 0 -1 2582.dat
1 16 -74.269 -233.587 90 0 -1 0 1 0 0 0 0 1 2582.dat
1 16 -74.267 -233.484 110 0 -1 0 -1 0 0 0 0 -1 2582.dat
1 16 -73.221 -173.536 90 0 -1 0 1 0 0 0 0 1 3039.dat
1 16 -73.221 -173.536 110 0 -1 0 -1 0 0 0 0 -1 3039.dat
1 16 -7.477 -74.652 100 0 -1 0 0 0 1 -1 0 0 2340.dat
1 14 -113.394 -220.819 100 1 0 0 0 1 0 0 0 1 3957.dat
1 0 -114.546 -286.819 100 -1 0 0 0 -1 0 0 0 1 4588.dat
1 7 -114.127 -262.819 100 -1 0 0 0 -1 0 0 0 1 3941.dat
1 7 -104 -255 90 -0.707 0 -0.707 0 -1 0 -0.707 0 0.707 4592.dat
1 0 -104 -255 90 -0.707 0 -0.707 0 -0.999 0 -0.707 0 0.706 4593.dat
1 7 -124 -254.645 90 -0.707 0 0.707 0 -1 0 0.707 0 0.707 4592.dat
1 0 -124 -254.645 90 -0.707 -0.055 0.705 0 -0.998 -0.065 0.707 0 0.706 4593.dat
1 7 -124 -254.645 110 0.707 0 0.707 0 -1 0 0.707 0 -0.707 4592.dat
1 0 -124 -254.645 110 0.707 -0.055 0.705 0 -0.998 -0.065 0.707 0 -0.706 4593.dat
1 7 -104 -255 110 0.707 0 -0.707 0 -1 0 -0.707 0 -0.707 4592.dat
1 0 -104 -255 110 0.707 0 -0.707 0 -0.999 0 -0.707 0 -0.706 4593.dat
1 0 -170 -72 220 0 0 1 0 1 0 -1 0 0 3069.dat
1 0 -170 -72 -20 0 0 1 0 1 0 -1 0 0 3069.dat
1 15 -185.919 -211.581 130 0 -1 0 -1 0 0 0 0 -1 3023.dat
1 15 -185.919 -211.581 70 0 -1 0 1 0 0 0 0 1 3023.dat
1 16 -186.792 -261.581 100 0 -1 0 0 0 1 -1 0 0 3710.dat
1 16 -188.886 -381.581 100 0 -1 0 0 0 1 -1 0 0 3710.dat
1 16 -196.886 -381.442 90 0 -1 0 1 0 0 0 0 1 3040.dat
1 16 -196.886 -381.442 110 0 -1 0 -1 0 0 0 0 -1 3040.dat
1 16 -194.792 -261.442 90 0 -1 0 1 0 0 0 0 1 3040.dat
1 16 -194.792 -261.442 110 0 -1 0 -1 0 0 0 0 -1 3040.dat
1 16 -218.792 -261 100 0 -1 0 0 0 -1 1 0 0 3701.dat
1 16 -220.886 -381 100 0 -1 0 0 0 -1 1 0 0 3701.dat
1 0 -229.839 -320.848 120 0 -1 0 1 0 0 0 0 1 3707.dat
1 0 -229.839 -320.848 80 0 -1 0 -1 0 0 0 0 -1 3707.dat
1 16 -228.53 -245.848 120 0 -1 0 0 0 1 -1 0 0 4265.dat
1 16 -228.53 -245.848 80 0 -1 0 0 0 1 -1 0 0 4265.dat
1 16 -231.147 -395.848 120 0 -1 0 0 0 -1 1 0 0 4265.dat
1 16 -231.147 -395.848 80 0 -1 0 0 0 -1 1 0 0 4265.dat
1 0 -231.758 -430.848 100 0 -1 0 -1 0 0 0 0 -1 3737.dat
1 0 -228.076 -219.848 100 0 -1 0 -1 0 0 0 0 -1 3707.dat
1 16 -238.792 -260.674 110 0 -1 0 -1 0 0 0 0 -1 3665.dat
1 16 -238.792 -260.674 90 0 -1 0 1 0 0 0 0 1 3665.dat
1 16 -240.886 -380.674 110 0 -1 0 -1 0 0 0 0 -1 3665.dat
1 16 -240.886 -380.674 90 0 -1 0 1 0 0 0 0 1 3665.dat
1 16 -231.304 -404.848 100 0 -1 0 0 0 1 -1 0 0 4266.dat
1 16 -232.177 -454.848 100 0 -1 0 0 0 1 -1 0 0 4266.dat
1 16 -228.373 -236.848 100 0 -1 0 0 0 -1 1 0 0 4266.dat
1 16 -227.501 -186.848 100 0 -1 0 0 0 -1 1 0 0 4266.dat
1 16 -233.643 -538.848 100 0 0 -1 0 1 0 1 0 0 3943.dat
1 16 -226.593 -134.848 100 0 0 1 0 -1 0 1 0 0 3960.dat
1 16 -229.211 -284.848 100 0 -1 0 0 0 1 -1 0 0 4266.dat
1 16 -230.083 -334.848 100 0 -1 0 0 0 1 -1 0 0 4266.dat
1 16 -213.57 -191.093 40 0 0 -1 0 1 0 1 0 0 3956.dat
1 7 -213.431 -183.093 40 0 0 -1 0 1 0 1 0 0 4032.dat
1 0 -214 -218.093 40 0 0 -1 -1 0 0 0 1 0 3708.dat
1 16 -213.291 -175.093 40 0 0 -1 0 1 0 1 0 0 3941.dat
1 16 -212.872 -151.093 40 0 0 -1 0 1 0 1 0 0 3941.dat
1 16 -212.454 -127.093 40 0 0 -1 0 1 0 1 0 0 3941.dat
1 16 -214 -215.093 40 0 0 -1 0 1 0 1 0 0 3941.dat
1 16 -214.408 -239.093 40 0 0 -1 0 1 0 1 0 0 3941.dat
1 16 -214.827 -263.093 40 0 0 -1 0 1 0 1 0 0 3941.dat
1 16 -215.245 -287.093 40 0 0 -1 0 1 0 1 0 0 3941.dat
1 16 -215.664 -311.093 40 0 0 -1 0 1 0 1 0 0 3941.dat
1 16 -216.083 -335.093 40 0 0 -1 0 1 0 1 0 0 3941.dat
1 16 -216.921 -383.093 40 0 0 -1 0 1 0 1 0 0 3942.dat
1 16 -211.616 -79.093 40 0 0 -1 0 1 0 1 0 0 4591.dat
1 16 -212 -103.093 40 0 0 -1 0 1 0 1 0 0 3941.dat
1 16 -213.57 -191.093 160 0 0 -1 0 1 0 1 0 0 3956.dat
1 7 -213.431 -183.093 160 0 0 -1 0 1 0 1 0 0 4032.dat
1 0 -214 -218.093 160 0 0 -1 -1 0 0 0 1 0 3708.dat
1 16 -213.291 -175.093 160 0 0 -1 0 1 0 1 0 0 3941.dat
1 16 -212.872 -151.093 160 0 0 -1 0 1 0 1 0 0 3941.dat
1 16 -212.454 -127.093 160 0 0 -1 0 1 0 1 0 0 3941.dat
1 16 -214 -215.093 160 0 0 -1 0 1 0 1 0 0 3941.dat
1 16 -214.408 -239.093 160 0 0 -1 0 1 0 1 0 0 3941.dat
1 16 -214.827 -263.093 160 0 0 -1 0 1 0 1 0 0 3941.dat
1 16 -215.245 -287.093 160 0 0 -1 0 1 0 1 0 0 3941.dat
1 16 -215.664 -311.093 160 0 0 -1 0 1 0 1 0 0 3941.dat
1 16 -216.083 -335.093 160 0 0 -1 0 1 0 1 0 0 3941.dat
1 16 -216.921 -383.093 160 0 0 -1 0 1 0 1 0 0 3942.dat
1 16 -211.616 -79.093 160 0 0 -1 0 1 0 1 0 0 4591.dat
1 16 -212 -103.093 160 0 0 -1 0 1 0 1 0 0 3941.dat
1 7 -310 -24 210 0 0 1 0 1 0 -1 0 0 3622.dat
1 7 -310 -24 -10 0 0 1 0 1 0 -1 0 0 3622.dat
1 7 -250 -24 60 0 0 -1 0 1 0 1 0 0 3039.dat
1 7 -250 -24 140 0 0 -1 0 1 0 1 0 0 3039.dat
1 7 -200 -24 -10 -1 0 0 0 1 0 0 0 -1 3039.dat
1 7 -120 -24 -10 -1 0 0 0 1 0 0 0 -1 3039.dat
1 7 -200 -24 210 1 0 0 0 1 0 0 0 1 3039.dat
1 7 -120 -24 210 1 0 0 0 1 0 0 0 1 3039.dat
1 7 -40 -24 200 1 0 0 0 1 0 0 0 1 3003.dat
1 7 -40 -24 0 1 0 0 0 1 0 0 0 1 3003.dat
1 7 -290 -24 -60 0 0 -1 0 1 0 1 0 0 3010.dat
1 7 -150 -24 -60 0 0 -1 0 1 0 1 0 0 3010.dat
1 7 -280 -24 230 -1 0 0 0 1 0 0 0 -1 3298.dat
1 7 -200 -24 230 -1 0 0 0 1 0 0 0 -1 3298.dat
1 7 -120 -24 230 -1 0 0 0 1 0 0 0 -1 3298.dat
1 7 -40 -24 230 -1 0 0 0 1 0 0 0 -1 3298.dat
1 7 -10 -24 200 0 0 -1 0 1 0 1 0 0 3298.dat
1 7 -10 -24 140 0 0 -1 0 1 0 1 0 0 3298.dat
1 7 -10 -24 60 0 0 -1 0 1 0 1 0 0 3298.dat
1 7 -10 -24 0 0 0 -1 0 1 0 1 0 0 3298.dat
1 7 -40 -24 -30 1 0 0 0 1 0 0 0 1 3298.dat
1 7 -120 -24 -30 1 0 0 0 1 0 0 0 1 3298.dat
1 7 -220 -32 -80 -1 0 0 0 1 0 0 0 -1 3035.dat
1 7 -160 -32 -20 -1 0 0 0 1 0 0 0 -1 4282.dat
1 7 -160 -32 220 -1 0 0 0 1 0 0 0 -1 4282.dat
1 7 -30 -32 30 -1 0 0 0 1 0 0 0 -1 2450.dat
1 7 -30 -32 170 0 0 1 0 1 0 -1 0 0 2450.dat
1 7 -280 -32 100 0 0 1 0 1 0 -1 0 0 3030.dat
1 7 -10 -32 100 0 0 1 0 1 0 -1 0 0 3710.dat
1 16 -220 -40 -20 0 0 1 0 1 0 -1 0 0 3022.dat
1 16 -220 -40 220 0 0 1 0 1 0 -1 0 0 3022.dat
1 16 -180 -40 -20 0 0 -1 0 1 0 1 0 0 2422.dat
1 16 -180 -40 220 0 0 -1 0 1 0 1 0 0 2422.dat
1 16 -10 -56 100 0 0 1 0 1 0 -1 0 0 3633.dat
1 16 -170 -64 -20 0 0 1 0 1 0 -1 0 0 3700.dat
1 16 -170 -64 220 0 0 1 0 1 0 -1 0 0 3700.dat
1 15 -290 -40 -10 0 0 1 0 1 0 -1 0 0 6141.dat
1 15 -290 -40 210 0 0 1 0 1 0 -1 0 0 6141.dat
1 15 -30 -40 -10 0 0 1 0 1 0 -1 0 0 6141.dat
1 15 -30 -40 210 0 0 1 0 1 0 -1 0 0 6141.dat
1 36 -30 -48 -10 0 0 1 0 1 0 -1 0 0 6141.dat
1 36 -30 -48 210 0 0 1 0 1 0 -1 0 0 6141.dat
1 36 -290 -48 210 0 0 1 0 1 0 -1 0 0 6141.dat
1 36 -290 -48 -10 0 0 1 0 1 0 -1 0 0 6141.dat
1 16 -220 -48 -20 0 0 -1 0 1 0 1 0 0 2422.dat
1 0 -210 -56 -30 1 0 0 0 1 0 0 0 1 4081.dat
1 0 -230 -56 -10 0 0 1 0 1 0 -1 0 0 2420.dat
1 16 -220 -80 -30 -1 0 0 0 1 0 0 0 -1 3039.dat
1 16 -184 -88 -20 0 -1 0 1 0 0 0 0 1 2431.dat
1 0 -230 -56 210 1 0 0 0 1 0 0 0 1 2420.dat
1 16 -220 -48 220 0 0 -1 0 1 0 1 0 0 2422.dat
1 16 -184 -88 220 0 -1 0 1 0 0 0 0 1 2431.dat
1 0 -210 -56 230 -1 0 0 0 1 0 0 0 -1 4081.dat
1 16 -220 -80 230 1 0 0 0 1 0 0 0 1 3039.dat
1 0 -134 -70 220 0 -1 0 1 0 0 0 0 1 752.dat
1 0 -188 -54 250 0 -1 0 1 0 0 0 0 1 752.dat
1 0 -134 -70 220 0 1 0 1 0 0 0 0 1 755.dat
1 0 -127.091 -69.611 220.538 -0.082 1 -0.124 1 0.087 0 0 0.121 1 756.dat
1 0 -124.789 -69.268 221.011 -0.12 1 -0.192 1 0.133 0.054 -0.078 0.183 1 756.dat
1 0 -122.543 -68.781 221.644 -0.157 1 -0.265 1 0.18 0.068 -0.113 0.249 1 756.dat
1 0 -120.358 -68.233 222.441 -0.191 0.92 -0.343 1 0.23 0.076 -0.149 0.318 0.936 756.dat
1 0 -118.358 -67.533 223.407 -0.223 0.877 -0.425 1 0.281 0.079 -0.189 0.389 0.902 756.dat
1 0 -116.42 -66.713 224.54 -0.251 0.823 -0.509 0.94 0.333 0.074 -0.231 0.46 0.858 756.dat
1 0 -114.666 -65.781 225.84 -0.274 0.757 -0.593 0.921 0.384 0.063 -0.275 0.529 0.802 756.dat
1 0 -113.116 -64.721 227.29 -0.292 0.677 -0.675 0.901 0.431 0 -0.321 0.596 0.736 756.dat
1 0 -111.79 -63.567 228.883 -0.303 0.585 -0.752 0.879 0.476 0 -0.367 0.657 0.658 756.dat
1 0 -110.72 -62.323 230.601 -0.307 0.48 -0.822 0.857 0.515 0 -0.413 0.711 0.569 756.dat
1 0 -109.943 -61.014 232.41 -0.304 0.362 -0.881 0.835 0.547 -0.064 -0.459 0.755 0.469 756.dat
1 0 -109.472 -59.643 234.303 -0.294 0.232 -0.927 0.813 0.571 -0.115 -0.502 0.788 0.356 756.dat
1 0 -109.358 -58.253 236.222 -0.277 0.091 -0.957 0.793 0.584 -0.174 -0.543 0.807 0.234 756.dat
1 0 -109.577 -56.864 238.14 -0.254 -0.058 -0.966 0.775 0.586 -0.239 -0.579 0.809 0.103 756.dat
1 0 -110.179 -55.518 239.999 -0.224 -0.213 -0.951 0.76 0.573 -0.307 -0.61 0.791 0 756.dat
1 0 -111.148 -54.241 241.766 -0.191 -0.367 -0.91 0.749 0.545 -0.377 -0.635 0.753 -0.171 756.dat
1 0 -112.454 -53.079 243.368 -0.154 -0.514 -0.844 0.742 0.503 -0.442 -0.652 0.695 -0.304 756.dat
1 0 -114.059 -52.057 244.766 -0.119 -0.645 -0.755 0.741 0.448 -0.499 -0.66 0.619 -0.425 756.dat
1 0 -115.921 -51.18 245.989 -0.086 -0.754 -0.651 0.745 0.385 -0.544 -0.661 0.532 -0.529 756.dat
1 0 -117.956 -50.472 246.967 -0.057 -0.84 -0.54 0.754 0.319 -0.575 -0.655 0.44 -0.615 756.dat
1 0 -120.132 -49.916 247.766 0 -0.902 -0.429 0.765 0.253 -0.593 -0.643 0.349 -0.681 756.dat
1 0 -122.358 -49.502 248.307 0 -0.946 -0.325 0.778 0.191 -0.598 -0.628 0.264 -0.732 756.dat
1 0 -124.722 -49.22 248.697 0 -0.973 -0.229 0.792 0.134 -0.595 -0.61 0.186 -0.77 756.dat
1 0 -127.085 -49.051 248.93 0 -0.99 -0.143 0.807 0.084 -0.584 -0.59 0.116 -0.799 756.dat
1 0 -129.442 -48.986 249.019 0 -0.998 -0.068 0.822 0 -0.568 -0.57 0.055 -0.82 756.dat
1 0 -131.811 -49.001 249.005 0 -1 0 0.836 0 -0.549 -0.549 0 -0.836 756.dat
1 0 -134.18 -49.039 249.008 0 -1 0 0.85 0 -0.527 -0.527 0 -0.85 756.dat
1 0 -136.555 -49.108 249.022 0 -1 0 0.862 0 -0.506 -0.506 0 -0.863 756.dat
1 0 -138.917 -49.213 249.043 0 -0.999 0 0.874 0 -0.484 -0.484 0 -0.875 756.dat
1 0 -141.289 -49.361 249.072 -0.056 -0.998 0 0.885 -0.058 -0.461 -0.461 0 -0.887 756.dat
1 0 -143.649 -49.555 249.111 -0.076 -0.997 0 0.895 -0.077 -0.438 -0.439 0 -0.899 756.dat
1 0 -146.004 -49.781 249.16 -0.097 -0.995 0 0.904 -0.098 -0.415 -0.415 0 -0.909 756.dat
1 0 -148.358 -50.098 249.22 -0.12 -0.993 0 0.912 -0.12 -0.392 -0.392 0 -0.92 756.dat
1 0 -150.697 -50.45 249.29 -0.143 -0.989 0 0.919 -0.142 -0.368 -0.368 0 -0.929 756.dat
1 0 -153.022 -50.847 249.369 -0.164 -0.986 0 0.925 -0.163 -0.344 -0.344 0 -0.939 756.dat
1 0 -155.358 -51.279 249.456 -0.18 -0.983 0 0.93 -0.178 -0.321 -0.319 0 -0.947 756.dat
1 0 -157.679 -51.723 249.545 -0.188 -0.982 0 0.937 -0.185 -0.297 -0.295 0 -0.955 756.dat
1 0 -160.007 -52.155 249.631 -0.186 -0.982 0 0.944 -0.183 -0.273 -0.271 0 -0.962 756.dat
1 0 -162.358 -52.556 249.711 -0.175 -0.985 0 1 -0.172 -0.249 -0.247 0 -0.968 756.dat
1 0 -164.682 -52.907 249.766 -0.157 -0.988 0 1 -0.154 -0.225 -0.223 0 -0.974 756.dat
1 0 -167.026 -53.205 249.841 -0.135 -0.991 0 1 -0.132 -0.201 -0.199 0 -0.98 756.dat
1 0 -169.358 -53.451 249.89 -0.111 -0.994 0 1 -0.109 -0.176 -0.175 0 -0.984 756.dat
1 0 -171.75 -53.643 249.929 -0.089 -0.996 0 1 -0.087 -0.151 -0.15 0 -0.989 756.dat
1 0 -174.108 -53.781 249.958 -0.069 -0.998 0 1 -0.067 -0.127 -0.126 0 -0.992 756.dat
1 0 -176.477 -53.895 249.979 -0.05 -0.999 0 1 0 -0.101 -0.101 0 -0.995 756.dat
1 0 -178.851 -53.963 249.993 0 -0.999 0 1 0 -0.076 -0.076 0 -0.997 756.dat
1 0 -181.212 -53.998 250 0 -1 0 1 0 -0.051 -0.051 0 -0.999 756.dat
1 0 -183.593 -54.004 250.001 0 -1 0 1 0 0 0 0 -1 756.dat
1 0 -188 -54.03 250.006 0 1 0 1 0 0 0 0 -1 755.dat
1 0 -134 -71.4489 -21.3053 0 -1 0 -0.5 0 0.866 -0.866 0 -0.5 752.dat
1 0 -188 -53.4689 -50.1613 0 -1 0 -0.5 0 0.866 -0.866 0 -0.5 752.dat
1 0 -134 -71.4489 -21.3053 0 1 0 -0.5 0 0.866 -0.866 0 -0.5 755.dat
1 0 -127.091 -71.1774 -21.9112 -0.082 1 -0.124 -0.5 0.061286 0.866 -0.866 -0.135842 -0.5 756.dat
1 0 -124.789 -70.9393 -22.4448 -0.12 1 -0.192 -0.567548 0.091978 0.839 -0.827 -0.206678 -0.546764 756.dat
1 0 -122.543 -70.6347 -23.183 -0.157 1 -0.265 -0.597858 0.125634 0.832 -0.8095 -0.28038 -0.558888 756.dat
1 0 -120.358 -70.2185 -24.0561 -0.191 0.92 -0.343 -0.629034 0.160388 0.772576 -0.7915 -0.35818 -0.533816 756.dat
1 0 -118.358 -69.7319 -25.1453 -0.223 0.877 -0.425 -0.663674 0.196374 0.741632 -0.7715 -0.437846 -0.519414 756.dat
1 0 -116.42 -69.1607 -26.4219 -0.251 0.823 -0.509 -0.670046 0.23186 0.706028 -0.69854 -0.518378 -0.493084 756.dat
1 0 -114.666 -68.5009 -27.879 -0.274 0.757 -0.593 -0.69865 0.266114 0.663032 -0.660086 -0.597044 -0.455558 756.dat
1 0 -113.116 -67.7752 -29.522 -0.292 0.677 -0.675 -0.728486 0.300636 0.637376 -0.619766 -0.671246 -0.368 756.dat
1 0 -111.79 -66.9727 -31.3178 -0.303 0.585 -0.752 -0.757322 0.330962 0.569828 -0.577714 -0.740716 -0.329 756.dat
1 0 -110.72 -66.1069 -33.2541 -0.307 0.48 -0.822 -0.786158 0.358226 0.492754 -0.535662 -0.80149 -0.2845 756.dat
1 0 -109.943 -65.1948 -35.2922 -0.304 0.362 -0.881 -0.814994 0.38033 0.438154 -0.49361 -0.851202 -0.179076 756.dat
1 0 -109.472 -64.241 -37.426 -0.294 0.232 -0.927 -0.841232 0.396908 0.365796 -0.453058 -0.888486 -0.07841 756.dat
1 0 -109.358 -63.2741 -39.5892 -0.277 0.091 -0.957 -0.866738 0.406862 0.289644 -0.415238 -0.909244 0.033684 756.dat
1 0 -109.577 -62.3076 -41.7511 -0.254 -0.058 -0.966 -0.888914 0.407594 0.208698 -0.38165 -0.911976 0.155474 756.dat
1 0 -110.179 -61.3707 -43.8463 -0.224 -0.213 -0.951 -0.90826 0.398506 0.1535 -0.35316 -0.891718 0.265862 756.dat
1 0 -111.148 -60.479 -45.8356 -0.191 -0.367 -0.91 -0.92441 0.379598 0.040414 -0.331134 -0.84847 0.411982 756.dat
1 0 -112.454 -59.6727 -47.6429 -0.154 -0.514 -0.844 -0.935632 0.35037 -0.042264 -0.316572 -0.783098 0.534772 756.dat
1 0 -150.697 -55.8587 -52.8806 -0.143 -0.989 0 -0.778188 0.071 -0.620514 -0.611854 0.122972 0.783188 756.dat
1 0 -153.022 -55.5918 -52.5763 -0.164 -0.986 0 -0.760404 0.0815 -0.641174 -0.62905 0.141158 0.767404 756.dat
1 0 -155.358 -55.3005 -52.2457 -0.18 -0.983 0 -0.741254 0.089 -0.659602 -0.64588 0.154148 0.751486 756.dat
1 0 -157.679 -55.0014 -51.9057 -0.188 -0.982 0 -0.72397 0.0925 -0.67853 -0.663942 0.16021 0.734702 756.dat
1 0 -160.007 -54.7109 -51.5746 -0.186 -0.982 0 -0.706686 0.0915 -0.696592 -0.682004 0.158478 0.717418 756.dat
1 0 -188 -53.4487 -50.1384 0 1 0 -0.5 0 -0.866 -0.866 0 0.5 755.dat
