0 Main
0 Name: 42088 - Cherry Picker - Tow Truck.ldr
0 Author: LTRON
1 0 0 0 0 0 -1 0 1 0 0 0 0 1 40490.dat
1 1 20 0 -80 1 0 0 0 1 0 0 0 1 6558.dat
1 1 20 0 -20 1 0 0 0 -1 0 0 0 -1 6558.dat
1 0 -10 0 0 1 0 0 0 -1 0 0 0 -1 2780.dat
1 19 -20 0 -60 -1 0 0 0 -1 0 0 0 1 32556.dat
1 19 -20 0 80 -1 0 0 0 -1 0 0 0 1 32556.dat
1 25 20 -20 -20 0 -1 0 0 0 1 -1 0 0 60483.dat
1 25 0 -20 -20 0 -1 0 1 0 0 0 0 1 41239.dat
1 0 20 -20 -20 1 0 0 0 1 0 0 0 1 18651.dat
1 1 20 -20 -60 1 0 0 0 1 0 0 0 1 6558.dat
1 1 20 -20 100 1 0 0 0 1 0 0 0 1 6558.dat
1 71 20 -10 40 1 0 0 0 1 0 0 0 1 32138.dat
1 71 20 -10 60 1 0 0 0 1 0 0 0 1 32138.dat
1 4 20 -10 50 0 0 1 0 1 0 -1 0 0 32062.dat
1 0 0 0 -120 1 0 0 0 1 0 0 0 1 32013.dat
1 25 0 0 -160 -1 0 0 0 1 0 0 0 -1 10197.dat
1 71 20 0 -120 1 0 0 0 0 -1 0 1 0 87082.dat
1 25 20 0 -80 1 0 0 0 1 0 0 0 1 32034.dat
1 1 20 0 -110 0 0 -1 0 1 0 1 0 0 43093.dat
1 1 20 0 -50 0 0 1 0 1 0 -1 0 0 43093.dat
1 1 20 0 -160 1 0 0 0 1 0 0 0 1 6558.dat
1 25 20 -60 -140 0 -1 0 0 0 1 -1 0 0 32140.dat
1 0 40 0 -120 1 0 0 0 1 0 0 0 1 32013.dat
1 25 40 0 -160 -1 0 0 0 1 0 0 0 -1 10197.dat
1 0 20 -20 -160 0 -1 0 1 0 0 0 0 1 32184.dat
1 71 20 -60 -140 1 0 0 0 1 0 0 0 1 4519.dat
1 15 0 -60 -140 1 0 0 0 1 0 0 0 1 6536.dat
1 15 40 -60 -140 1 0 0 0 1 0 0 0 1 6536.dat
1 47 40 -40 -153 1 0 0 0 0 -1 0 1 0 6141.dat
1 47 0 -40 -153 1 0 0 0 0 -1 0 1 0 6141.dat
1 4 20 -30 -80 0 0 1 1 0 0 0 1 0 32062.dat
1 25 20 -30 -80 0 -1 0 -1 0 0 0 0 -1 41678.dat
1 0 20 -30 -80 0 0 -1 1 0 0 0 -1 0 32291.dat
1 1 20 -40 -100 -1 0 0 0 -1 0 0 0 1 6558.dat
1 1 0 -69.495 -94.167 -1 0 0 0 0.259 0.966 0 0.966 -0.259 11477.dat
1 1 0 -69.495 -94.167 0 0 1 0.966 0.259 0 -0.259 0.966 0 3023.dat
1 71 0 -52.247 -107.071 0 0 1 0.966 0.259 0 -0.259 0.966 0 18677.dat
1 71 40 -52.247 -107.071 0 0 1 0.966 0.259 0 -0.259 0.966 0 18677.dat
1 1 40 -69.495 -94.167 0 0 1 0.966 0.259 0 -0.259 0.966 0 3023.dat
1 1 40 -69.495 -94.167 -1 0 0 0 0.259 0.966 0 0.966 -0.259 11477.dat
1 1 20 -44.659 -117.387 1 0 0 0 0.259 -0.966 0 0.966 0.259 3623.dat
1 1 20 -44.659 -117.387 1 0 0 0 0.259 -0.966 0 0.966 0.259 54200.dat
1 1 0 -44.659 -117.387 1 0 0 0 0.259 -0.966 0 0.966 0.259 54200.dat
1 1 40 -44.659 -117.387 1 0 0 0 0.259 -0.966 0 0.966 0.259 54200.dat
1 71 20 -41 -20 -1 0 0 0 1 0 0 0 -1 4519.dat
1 0 -5 -41 -20 0 -1 0 0 0 -1 1 0 0 32056.dat
1 71 20 -41 20 -1 0 0 0 1 0 0 0 -1 4519.dat
1 15 5 -41 -20 0 -1 0 -1 0 0 0 0 -1 11478.dat
1 72 20 -89 -39 0 1 0 1 0 0 0 0 -1 55013.dat
1 71 20 -16 -39 0 1 0 0 0 -1 -1 0 0 32123.dat
1 15 20 -41 -20 -1 0 0 0 0 -1 0 -1 0 6536.dat
1 71 20 -26 -39 0 1 0 0 0 -1 -1 0 0 32123.dat
1 71 20 -56 -39 0 1 0 0 0 1 1 0 0 32123.dat
1 71 20 -106 -39 0 1 0 0 0 1 1 0 0 32123.dat
1 0 20 -21 20 -1 0 0 0 1 0 0 0 -1 32184.dat
1 71 20 -1 20 -1 0 0 0 1 0 0 0 -1 4519.dat
1 15 35 -41 -20 0 -1 0 -1 0 0 0 0 -1 11478.dat
1 4 20 -41 -60 -1 0 0 0 1 0 0 0 -1 32062.dat
1 0 45 -41 -20 0 -1 0 0 0 -1 1 0 0 32056.dat
1 1 50 -80 -20 -1 0 0 0 1 0 0 0 -1 43093.dat
1 1 -10 -80 -20 1 0 0 0 -1 0 0 0 -1 43093.dat
1 0 40 0 0 0 -1 0 1 0 0 0 0 1 40490.dat
1 19 60 0 -60 1 0 0 0 1 0 0 0 1 32556.dat
1 0 50 0 0 -1 0 0 0 1 0 0 0 -1 2780.dat
1 19 60 0 80 1 0 0 0 1 0 0 0 1 32556.dat
1 25 20 -10 120 0 -1 0 1 0 0 0 0 1 41678.dat
1 25 40 -20 -20 0 -1 0 1 0 0 0 0 1 41239.dat
1 0 20 -50 120 1 0 0 0 1 0 0 0 1 6553.dat
1 0 20 -50 120 1 0 0 0 1 0 0 0 1 3705.dat
1 71 5 -50 120 0 0 -1 0 1 0 1 0 0 32123.dat
1 71 35 -50 120 0 0 -1 0 1 0 1 0 0 32123.dat
1 25 -20 -50 120 1 0 0 0 0 1 0 -1 0 41678.dat
1 25 60 -50 120 1 0 0 0 0 1 0 -1 0 41678.dat
1 71 50 -70 130 0 1 0 0 0 1 1 0 0 4274.dat
1 71 70 -70 130 0 1 0 0 0 1 1 0 0 4274.dat
1 71 -10 -70 130 0 1 0 0 0 1 1 0 0 4274.dat
1 71 -30 -70 130 0 1 0 0 0 1 1 0 0 4274.dat
1 36 -10 -70 136 1 0 0 0 0 1 0 -1 0 6141.dat
1 57 -30 -70 136 1 0 0 0 0 1 0 -1 0 6141.dat
1 36 50 -70 136 1 0 0 0 0 1 0 -1 0 6141.dat
1 57 70 -70 136 1 0 0 0 0 1 0 -1 0 6141.dat
1 0 5 -81 -20 0 -1 0 0 0 -1 1 0 0 32249.dat
1 4 20 -121 -20 -1 0 0 0 -1 0 0 0 1 32062.dat
1 15 20 -121 -20 1 0 0 0 0 1 0 -1 0 6536.dat
1 72 20 -81 0 0 0 1 -0.819 0.574 0 -0.574 -0.819 0 3648.dat
1 0 20 -81 0 1 0 0 0 0.574 0.819 0 -0.819 0.574 3705.dat
1 0 35 -81 -20 0 -1 0 0 0 -1 1 0 0 32249.dat
1 71 20 -136 -40 1 0 0 0 0 1 0 -1 0 32123.dat
1 0 20 -151 -39 1 0 0 0 0 1 0 -1 0 32270.dat
1 71 20 -115.415 49.149 1 0 0 0 0.574 0.819 0 -0.819 0.574 87082.dat
1 71 20 -126.895 65.529 0 -1 0 0.574 0 0.819 -0.819 0 0.574 87082.dat
1 15 20 -144.115 90.099 0 0 1 -0.574 -0.819 0 0.819 -0.574 0 62462.dat
1 15 5 -149.855 98.289 0 -1 0 -0.819 0 0.574 -0.574 0 -0.819 32065.dat
1 15 -5 -103.935 32.769 0 -1 0 -0.819 0 0.574 -0.574 0 -0.819 11478.dat
1 71 20 -126.895 65.529 1 0 0 0 -0.819 0.574 0 -0.574 -0.819 4519.dat
1 19 20 -184.295 147.429 1 0 0 0 -0.819 0.574 0 -0.574 -0.819 32556.dat
1 15 20 -165.5017 154.279 0 0 1 -0.342363 -0.93982 0 0.93982 -0.342363 0 6536.dat
1 15 35 -149.855 98.289 0 -1 0 -0.819 0 0.574 -0.574 0 -0.819 32065.dat
1 25 20 -121.0662 149.1836 1 0 0 0 0.342363 0.93982 0 -0.93982 0.342363 10197.dat
1 71 20 -139.8593 142.3351 0 -1 0 0.342363 0 0.93982 -0.93982 0 0.342363 32039.dat
1 4 20 -162.0773 144.8813 0 -1 0 0.342363 0 0.93982 -0.93982 0 0.342363 32062.dat
1 15 45 -103.943 32.766 0 -1 0 0.819 0 -0.574 0.574 0 0.819 11478.dat
1 15 60 -9.412 17.647 0 0 1 -0.882 0.471 0 -0.471 -0.882 0 6536.dat
1 0 60 -35.882 3.529 0 0 1 -0.882 0.471 0 -0.471 -0.882 0 3705.dat
1 0 60 -80 -20 -1 0 0 0 0.471 -0.882 0 -0.882 -0.471 32013.dat
1 15 -20 -9.412 17.647 0 0 1 -0.882 0.471 0 -0.471 -0.882 0 6536.dat
1 0 -20 -35.882 3.529 0 0 1 -0.882 0.471 0 -0.471 -0.882 0 3705.dat
1 0 -20 -80 -20 -1 0 0 0 0.471 -0.882 0 -0.882 -0.471 32013.dat
1 0 -25 -20 -140 0 -1 0 1 0 0 0 0 1 6632.dat
1 71 20 -20 -140 -1 0 0 0 -1 0 0 0 1 32073.dat
1 71 20 -20 -100 -1 0 0 0 -1 0 0 0 1 32073.dat
1 0 -15 -20 -100 0 1 0 0 0 -1 -1 0 0 32250.dat
1 0 20 -100 -100 1 0 0 0 1 0 0 0 1 3705.dat
1 71 15 -100 -100 0 0 -1 0 1 0 1 0 0 32123.dat
1 71 25 -100 -100 0 0 -1 0 1 0 1 0 0 32123.dat
1 15 0 -100 -100 1 0 0 0 0 1 0 -1 0 6536.dat
1 15 40 -100 -100 1 0 0 0 0 1 0 -1 0 6536.dat
1 71 0 -110 -120 0 1 0 -1 0 0 0 0 1 4274.dat
1 71 40 -110 -120 0 1 0 -1 0 0 0 0 1 4274.dat
1 57 0 -101 -120 1 0 0 0 1 0 0 0 1 58176.dat
1 57 40 -101 -120 1 0 0 0 1 0 0 0 1 58176.dat
1 0 65 -20 -140 0 -1 0 1 0 0 0 0 1 6632.dat
1 0 55 -20 -100 0 1 0 0 0 -1 -1 0 0 32250.dat
1 256 70 0 -60 0 0 -1 0 1 0 1 0 0 89201.dat
1 0 70 0 -60 0 0 -1 0 1 0 1 0 0 55981.dat
1 256 70 0 80 0 0 -1 0 1 0 1 0 0 89201.dat
1 0 70 0 80 0 0 -1 0 1 0 1 0 0 55981.dat
1 0 -30 0 -60 0 0 1 0 1 0 -1 0 0 55981.dat
1 256 -30 0 -60 0 0 1 0 1 0 -1 0 0 89201.dat
1 0 -30 0 80 0 0 1 0 1 0 -1 0 0 55981.dat
1 256 -30 0 80 0 0 1 0 1 0 -1 0 0 89201.dat
