0 
0 Name: New Model.ldr
0 Author: 
1 1 -31.967 -43 -475.363 -0.5 0 0.866 0 1 0 -0.866 0 -0.5 4212.dat
1 16 -16.967 -35 -449.383 0.866 0 0.5 0 1 0 -0.5 0 0.866 3023.dat
1 16 -46.967 -35 -501.343 0.866 0 0.5 0 1 0 -0.5 0 0.866 3023.dat
1 0 -83.927 -35 -445.363 0.866 0 0.5 0 1 0 -0.5 0 0.866 3022.dat
1 0 19.993 -35 -505.363 0.866 0 0.5 0 1 0 -0.5 0 0.866 3022.dat
1 0 19.993 -27 -505.363 0.5 0 -0.866 0 1 0 0.866 0 0.5 4600.dat
1 0 -83.927 -27 -445.363 0.5 0 -0.866 0 1 0 0.866 0 0.5 4600.dat
1 36 60.973 -51 -494.383 0.5 0 -0.866 0 1 0 0.866 0 0.5 3024.dat
1 36 30.973 -51 -546.343 0.5 0 -0.866 0 1 0 0.866 0 0.5 3024.dat
1 16 30.973 -59 -546.343 0.5 0 -0.866 0 1 0 0.866 0 0.5 4085.dat
1 16 60.973 -59 -494.383 0.5 0 -0.866 0 1 0 0.866 0 0.5 4085.dat
1 16 45.973 -67 -520.363 -0.5 0 0.866 0 1 0 -0.866 0 -0.5 4865.dat
1 4 -57.947 -51 -460.363 -0.5 0 0.866 0 1 0 -0.866 0 -0.5 3829.dat
1 0 -57.947 -77 -460.363 -0.5196 -0.6928 -0.5 -0.8 0.6 0 0.3 0.4 -0.866 3828.dat
1 16 -83.927 -59 -445.363 -0.5 0 0.866 0 1 0 -0.866 0 -0.5 3788.dat
1 16 19.993 -59 -505.363 -0.5 0 0.866 0 1 0 -0.866 0 -0.5 3788.dat
1 16 -83.927 -67 -445.363 -0.5 0 0.866 0 1 0 -0.866 0 -0.5 3020.dat
1 16 43.653 -67 -484.383 -0.866 0 -0.5 0 1 0 0.5 0 -0.866 3623.dat
1 16 13.653 -67 -536.343 -0.866 0 -0.5 0 1 0 0.5 0 -0.866 3623.dat
1 16 48.293 -129 -556.343 0.866 0 -0.5 0 -1 0 -0.5 0 -0.866 3957.dat
1 0 78.293 -57 -504.383 0.5 0 -0.866 0 1 0 0.866 0 0.5 3962.dat
1 16 -94.907 -67 -404.383 -0.5 0 0.866 0 1 0 -0.866 0 -0.5 4070.dat
1 16 -104.907 -67 -421.703 -0.5 0 0.866 0 1 0 -0.866 0 -0.5 4070.dat
1 16 -114.907 -67 -439.023 -0.5 0 0.866 0 1 0 -0.866 0 -0.5 4070.dat
1 16 -124.907 -67 -456.343 -0.5 0 0.866 0 1 0 -0.866 0 -0.5 4070.dat
1 16 -5.987 -67 -490.363 -0.5 0 0.866 0 1 0 -0.866 0 -0.5 3010.dat
1 16 -101.247 -75 -435.363 -0.5 0 0.866 0 1 0 -0.866 0 -0.5 3068.dat
1 0 -122.031 -57 -423.363 -0.5 0.866 0 0 0 -1 -0.866 -0.5 0 2412.dat
1 4 11.333 -115 -500.363 0.5 0 -0.866 0 1 0 0.866 0 0.5 4083.dat
1 46 48.293 -137 -556.343 0.5 0 0.866 0 -1 0 0.866 0 -0.5 6141.dat
1 46 48.293 -145 -556.343 0.5 0 0.866 0 -1 0 0.866 0 -0.5 6141.dat
1 16 -72.947 -67 -486.343 -0.5 0 0.866 0 1 0 -0.866 0 -0.5 3822.dat
1 16 -42.947 -67 -434.383 -0.5 0 0.866 0 1 0 -0.866 0 -0.5 3821.dat
1 46 -137.031 -57 -449.343 -0.5 0.866 0 0 0 -1 -0.866 -0.5 0 3024.dat
1 46 -107.031 -57 -397.383 -0.5 0.866 0 0 0 -1 -0.866 -0.5 0 3024.dat
1 16 -5.987 -115 -490.363 -0.5 0 0.866 0 1 0 -0.866 0 -0.5 4214.dat
1 16 -31.967 -123 -475.363 -0.5 0 0.866 0 1 0 -0.866 0 -0.5 2349.dat
1 43 -45.823 -119 -467.363 -0.5 0.379308 0.778534 0 0.899 -0.438 -0.866 -0.219 -0.4495 2348.dat
1 43 -57.947 -115 -460.363 -0.5 0 0.866 0 1 0 -0.866 0 -0.5 3823.dat
1 16 11.333 -123 -500.363 -0.5 0 0.866 0 1 0 -0.866 0 -0.5 3710.dat
1 16 11.333 -131 -500.363 -0.5 0 0.866 0 1 0 -0.866 0 -0.5 3023.dat
1 33 -3.667 -131 -526.343 -0.5 0 0.866 0 1 0 -0.866 0 -0.5 3024.dat
1 33 26.333 -131 -474.383 -0.5 0 0.866 0 1 0 -0.866 0 -0.5 3024.dat
1 33 26.333 -139 -474.383 -0.5 0 0.866 0 1 0 -0.866 0 -0.5 3070.dat
1 33 -3.667 -139 -526.343 -0.5 0 0.866 0 1 0 -0.866 0 -0.5 3070.dat
1 16 11.333 -139 -500.363 -0.5 0 0.866 0 1 0 -0.866 0 -0.5 3794.dat
1 16 11.333 -147 -500.363 -0.5 0 0.866 0 1 0 -0.866 0 -0.5 4592.dat
1 0 11.333 -147 -500.363 -0.5 -0.224294 0.866 0 1 0.259 -0.866 0.1295 -0.5 4593.dat
1 16 -98.927 -22 -471.343 0.866 0 0.5 0 1 0 -0.5 0 0.866 4624.dat
1 16 4.993 -22 -531.343 0.866 0 0.5 0 1 0 -0.5 0 0.866 4624.dat
1 16 34.993 -22 -479.383 -0.866 0 -0.5 0 1 0 0.5 0 -0.866 4624.dat
1 16 -68.927 -22 -419.383 -0.866 0 -0.5 0 1 0 0.5 0 -0.866 4624.dat
1 256 -68.927 -22 -419.383 -0.866 0 -0.5 0 1 0 0.5 0 -0.866 3641.dat
1 256 -98.927 -22 -471.343 -0.866 0 -0.5 0 1 0 0.5 0 -0.866 3641.dat
1 256 4.993 -22 -531.343 -0.866 0 -0.5 0 1 0 0.5 0 -0.866 3641.dat
1 256 34.993 -22 -479.383 -0.866 0 -0.5 0 1 0 0.5 0 -0.866 3641.dat
