0 
0 Name: New Model.ldr
0 Author: 
1 72 164.036 -24 -119.651 -0.5 0 0.866 0 1 0 -0.866 0 -0.5 42023.dat
1 72 154.036 -24 -136.971 -0.5 0 0.866 0 1 0 -0.866 0 -0.5 42023.dat
1 4 159.036 -32 -128.311 0.5 0 -0.866 0 1 0 0.866 0 0.5 90194.dat
1 15 124.396 -32 -108.311 0.5 0 -0.866 0 1 0 0.866 0 0.5 3022.dat
1 4 89.756 -32 -88.311 -0.5 0 0.866 0 1 0 -0.866 0 -0.5 90194.dat
1 15 115.736 -40 -103.311 -0.866 0 -0.5 0 1 0 0.5 0 -0.866 3021.dat
1 4 89.756 -32 -88.311 -0.5 0 0.866 0 1 0 -0.866 0 -0.5 15068.dat
1 4 115.736 -48 -103.311 -0.5 0 0.866 0 1 0 -0.866 0 -0.5 15573.dat
1 0 115.736 -56 -103.311 -0.866 0 -0.5 0 1 0 0.5 0 -0.866 15712.dat
1 71 115.736 -62 -103.311 -0.5 0 0.866 0 1 0 -0.866 0 -0.5 30031.dat
