0 Main
0 Name: 7131-1 - Anakin's Podracer.mpd
0 Author: LTRON
1 19 0 -16 0 0 0 -1 0 1 0 1 0 0 4282.dat
1 19 0 -16 240 0 0 -1 0 1 0 1 0 0 3034.dat
1 19 0 -40 280 0 0 -1 0 1 0 1 0 0 3001.dat
1 19 0 -40 160 0 0 -1 0 1 0 1 0 0 3001.dat
1 19 0 -40 0 0 0 -1 0 1 0 1 0 0 3001.dat
1 38 -140 -40 -150 0 0 -1 0 1 0 1 0 0 30359.dat
1 38 -140 -40 -130 0 0 -1 0 1 0 1 0 0 30359.dat
1 38 140 -40 -130 0 0 1 0 1 0 -1 0 0 30359.dat
1 38 140 -40 -150 0 0 1 0 1 0 -1 0 0 30359.dat
1 19 0 -48 0 0 0 -1 0 1 0 1 0 0 4282.dat
1 19 0 -48 240 0 0 -1 0 1 0 1 0 0 3034.dat
1 8 -130 -48 -140 0 0 -1 0 1 0 1 0 0 2412.dat
1 8 130 -48 -140 0 0 -1 0 1 0 1 0 0 2412.dat
1 0 0 -56 280 0 0 -1 0 1 0 1 0 0 3020.dat
1 1 0 -80 280 0 0 1 0 1 0 -1 0 0 4871.dat
1 0 0 -72 280 0 0 -1 0 1 0 1 0 0 3020.dat
1 7 0 -80 250 1 0 0 0 1 0 0 0 1 4855.dat
1 7 0 -80 310 -1 0 0 0 1 0 0 0 -1 4855.dat
1 4 0 -80 250 0 0 -1 0 1 0 1 0 0 3021.dat
1 4 0 -80 290 1 0 0 0 1 0 0 0 1 2412.dat
1 19 0 -80 320 1 0 0 0 1 0 0 0 1 3022.dat
1 0 0 -104 330 0 0 -1 0 1 0 1 0 0 3002.dat
1 1 0 -104 370 -1 0 0 0 1 0 0 0 -1 3660.dat
1 1 30 -104 310 0.951057 0 -0.309017 0 1 0 0.309017 0 0.951057 3822.dat
1 1 -30 -104 310 0.951057 0 0.309017 0 1 0 -0.309017 0 0.951057 3821.dat
1 1 -30 -88 270 0 0 -1 0 1 0 1 0 0 3623.dat
1 1 30 -88 270 0 0 -1 0 1 0 1 0 0 3623.dat
1 1 0 -104 250 -1 0 0 0 1 0 0 0 -1 4865.dat
1 7 30 -112 290 0 0 1 0 1 0 -1 0 0 6231.dat
1 7 -30 -112 290 1 0 0 0 1 0 0 0 1 6231.dat
1 7 10 -88 230 0 0 1 0 1 0 -1 0 0 30357.dat
1 7 -10 -88 230 -1 0 0 0 1 0 0 0 -1 30357.dat
1 7 -30 -96 240 0 0 -1 0 1 0 1 0 0 3710.dat
1 7 30 -96 240 0 0 -1 0 1 0 1 0 0 3710.dat
1 1 10 -112 310 1 0 0 0 1 0 0 0 1 2420.dat
1 1 -10 -112 310 0 0 -1 0 1 0 1 0 0 2420.dat
1 1 0 -112 360 -1 0 0 0 1 0 0 0 -1 4859.dat
1 1 -50 -96 230 0 0 1 0 1 0 -1 0 0 6019.dat
1 1 -50 -96 210 0 0 1 0 1 0 -1 0 0 6019.dat
1 1 50 -96 210 0 0 -1 0 1 0 1 0 0 6019.dat
1 1 50 -96 230 0 0 -1 0 1 0 1 0 0 6019.dat
1 1 0 -112 230 1 0 0 0 1 0 0 0 1 3298.dat
1 1 30 -120 220 0 0 1 0 1 0 -1 0 0 3048.dat
1 1 -30 -120 220 0 0 -1 0 1 0 1 0 0 3048.dat
1 7 0 -120 330 1 0 0 0 1 0 0 0 1 3794.dat
1 1 0 -120 350 1 0 0 0 1 0 0 0 1 3794.dat
1 1 0 -120 370 1 0 0 0 1 0 0 0 1 3794.dat
1 7 0 -112 390 1 0 0 0 1 0 0 0 1 3794.dat
1 7 0 -120 390 1 0 0 0 1 0 0 0 1 6141.dat
1 1 0 -144 330 -1 0 0 0 1 0 0 0 -1 4286.dat
1 7 50 -120 220 0 0 1 0 1 0 -1 0 0 3049.dat
1 7 -50 -120 220 0 0 -1 0 1 0 1 0 0 3049.dat
1 0 30 -104 250 0.798636 0 -0.601815 0 1 0 0.601815 0 0.798636 4592.dat
1 7 30 -104 250 0.798636 0.185971 -0.57236 0 0.951057 0.309017 0.601815 -0.246792 0.759548 4593.dat
1 0 -30 -104 249.865 0.819152 0 0.573576 0 1 0 -0.573576 0 0.819152 4592.dat
1 7 -30 -104 249.865 0.819152 -0.177245 0.545504 0 0.951057 0.309017 -0.573576 -0.253132 0.77906 4593.dat
1 4 150 24 -140 1 0 0 0 1 0 0 0 1 3021.dat
1 14 150 0 -140 0 0 -1 0 1 0 1 0 0 3004.dat
1 0 130 0 -150 0 0 1 0 1 0 -1 0 0 4070.dat
1 0 130 0 -130 0 0 1 0 1 0 -1 0 0 4070.dat
1 0 170 0 -130 0 0 -1 0 1 0 1 0 0 4070.dat
1 0 170 0 -150 0 0 -1 0 1 0 1 0 0 4070.dat
1 8 150 -10 -140 1 0 0 0 1 0 0 0 1 30360.dat
1 4 150 24 -180 0 0 1 0 1 0 -1 0 0 3023.dat
1 4 150 24 -100 0 0 1 0 1 0 -1 0 0 3023.dat
1 1 150 -10 -200 1 0 0 0 0 -1 0 1 0 3941.dat
1 14 150 -10 -240 1 0 0 0 0 -1 0 1 0 30151.dat
1 1 170 -40 -140 0 0 -1 0 1 0 1 0 0 4865.dat
1 7 150 -48 -110 1 0 0 0 1 0 0 0 1 2555.dat
1 7 150 -10 -80 1 0 0 0 0 -1 0 1 0 3022.dat
1 1 150 -10 -72 1 0 0 0 0 -1 0 1 0 3941.dat
1 7 150 -10 -39 1 0 0 0 1 0 0 0 1 6248.dat
1 0 150 -10 -28.5 0 0 -1 0 1 0 1 0 0 3673.dat
1 7 150 -10 -19 1 0 0 0 -1 0 0 0 -1 6248.dat
1 1 150 -10 14 1 0 0 0 0 1 0 -1 0 3941.dat
1 7 150 -10 62 1 0 0 0 0 1 0 -1 0 3942.dat
1 8 184 10 -140 0 -1 0 0 0 1 -1 0 0 30383.dat
1 14 192 10 -160 0 -1 0 1 0 0 0 0 1 30407.dat
1 8 116 10 -140 0 1 0 0 0 -1 -1 0 0 30383.dat
1 14 108 10 -160 0 1 0 -1 0 0 0 0 1 30407.dat
1 4 -150 24 -140 1 0 0 0 1 0 0 0 1 3021.dat
1 14 -150 0 -140 0 0 -1 0 1 0 1 0 0 3004.dat
1 0 -170 0 -150 0 0 1 0 1 0 -1 0 0 4070.dat
1 0 -170 0 -130 0 0 1 0 1 0 -1 0 0 4070.dat
1 0 -130 0 -130 0 0 -1 0 1 0 1 0 0 4070.dat
1 0 -130 0 -150 0 0 -1 0 1 0 1 0 0 4070.dat
1 8 -150 -10 -140 1 0 0 0 1 0 0 0 1 30360.dat
1 4 -150 24 -180 0 0 -1 0 1 0 1 0 0 3023.dat
1 4 -150 24 -100 0 0 -1 0 1 0 1 0 0 3023.dat
1 1 -150 -10 -200 1 0 0 0 0 -1 0 1 0 3941.dat
1 14 -150 -10 -240 1 0 0 0 0 -1 0 1 0 30151.dat
1 1 -170 -40 -140 0 0 1 0 1 0 -1 0 0 4865.dat
1 7 -150 -48 -110 1 0 0 0 1 0 0 0 1 2555.dat
1 7 -150 -10.5 -80 1 0 0 0 0 -1 0 1 0 3022.dat
1 1 -150 -10.5 -72 1 0 0 0 0 -1 0 1 0 3941.dat
1 7 -150 -10.5 -39 1 0 0 0 1 0 0 0 1 6248.dat
1 0 -150 -10.5 -28.5 0 0 -1 0 1 0 1 0 0 3673.dat
1 7 -150 -10.5 -19 1 0 0 0 -1 0 0 0 -1 6248.dat
1 1 -150 -10.5 14 1 0 0 0 0 1 0 -1 0 3941.dat
1 7 -150 -10.5 62 1 0 0 0 0 1 0 -1 0 3942.dat
1 8 -116 10 -140 0 -1 0 0 0 1 -1 0 0 30383.dat
1 14 -108 10 -160 0 -1 0 1 0 0 0 0 1 30407.dat
1 8 -184 10 -140 0 1 0 0 0 -1 -1 0 0 30383.dat
1 14 -192 10 -160 0 1 0 -1 0 0 0 0 1 30407.dat
1 8 -150 -48 -140 0 0 1 0 1 0 -1 0 0 30383.dat
1 14 -150 -56 -160 1 0 0 0 1 0 0 0 1 30407.dat
1 8 150 -48 -140 0 0 1 0 1 0 -1 0 0 30383.dat
1 14 150 -56 -160 1 0 0 0 1 0 0 0 1 30407.dat
1 19 0 0 300 1 0 0 0 1 0 0 0 1 3003.dat
1 7 0 -8 300 1 0 0 0 1 0 0 0 1 3022.dat
