0 Main
0 Name: 6832-1 - Super Nova II.mpd
0 Author: LTRON
1 15 0 0 0 0 0 1 0 1 0 -1 0 0 3832.dat
1 0 0 -8 10 -1 0 0 0 1 0 0 0 -1 3023.dat
1 0 -10 -8 40 0 0 1 0 1 0 -1 0 0 2452.dat
1 0 -10 -8 80 0 0 1 0 1 0 -1 0 0 2452.dat
1 0 10 -8 80 0 0 -1 0 1 0 1 0 0 2452.dat
1 0 10 -8 40 0 0 -1 0 1 0 1 0 0 2452.dat
1 0 0 -24 -90 1 0 0 0 1 0 0 0 1 3747.dat
1 0 0 -32 -130 1 0 0 0 1 0 0 0 1 3839.dat
1 0 0 -32 -40 -1 0 0 0 1 0 0 0 -1 2397.dat
1 0 0 -24 20 -1 0 0 0 1 0 0 0 -1 3022.dat
1 15 0 -16 80 1 0 0 0 1 0 0 0 1 3956.dat
1 15 0 -40 -130 1 0 0 0 1 0 0 0 1 3023.dat
1 15 0 -32 30 1 0 0 0 1 0 0 0 1 3023.dat
1 15 0 -40 -90 -1 0 0 0 1 0 0 0 -1 3069.dat
1 0 0 -36 60 -1 0 0 0 0 1 0 1 0 4345.dat
1 15 1.91 -40.13 82 0.608761 -0.793353 0 0.793353 0.608761 0 0 0 1 3069.dat
1 0 0 -36 60 -1 0 0 0 0 1 0 1 0 4346.dat
1 0 0 -36 108 -1 0 0 0 0 1 0 1 0 4591.dat
1 0 0 -56 30 1 0 0 0 1 0 0 0 1 3937.dat
1 42 26 -26 -172 1 0 0 0 0 -1 0 1 0 4589.dat
1 42 -26 -26 -172 1 0 0 0 0 -1 0 1 0 4589.dat
1 42 0 -36 156 1 0 0 0 0 -1 0 1 0 4740.dat
1 15 0 -46.283 20.001 1 0 0 0 0.027922 -0.99961 0 0.99961 0.027922 3938.dat
1 42 0 -50.0804 -115.946 -1 0 0 0 0.027922 0.99961 0 0.99961 -0.027922 2466.dat
1 0 0 -50.9739 -147.9335 -1 0 0 0 0.027922 0.99961 0 0.99961 -0.027922 2432.dat
1 15 -60.257 -3.258 40 0.987688 0.156434 0 -0.156434 0.987688 0 0 0 1 4276.dat
1 0 -71.3854 -9.5952 40 0 0.156434 0.987688 0 0.987688 -0.156434 -1 0 0 2450.dat
1 15 60.257 -3.258 40 -0.987688 -0.156434 0 -0.156434 0.987688 0 0 0 -1 4276.dat
1 0 71.3854 -9.5952 40 0.987688 -0.156434 0 0.156434 0.987688 0 0 0 1 2450.dat
1 15 -58.849 -13.149 80 0.984808 -0.173648 0 0.173648 0.984808 0 0 0 1 4276.dat
1 0 -77.156 -24.5004 110 0 -0.173648 0.984808 0 0.984808 0.173648 -1 0 0 3935.dat
1 15 -46.2226 -27.1694 90 0 -0.173648 0.984808 0 0.984808 0.173648 -1 0 0 2412.dat
1 15 58.849 -13.149 80 -0.984808 0.173648 0 0.173648 0.984808 0 0 0 -1 4276.dat
1 0 77.156 -24.5004 110 0 0.173648 -0.984808 0 0.984808 0.173648 1 0 0 3936.dat
1 15 46.2226 -27.1694 90 0 0.173648 -0.984808 0 0.984808 0.173648 1 0 0 2412.dat
