0 Main
0 Name: 42105 - Catamaran - Race Power Boat.mpd
0 Author: LTRON
1 72 0 -114 220 0 0 -1 -1 0 0 0 1 0 32014.dat
1 1 30 -114 220 -1 0 0 0 0 1 0 1 0 43093.dat
1 70 0 -154 220 0 -1 0 1 0 0 0 0 1 15462.dat
1 72 0 -134 220 -1 0 0 0 -1 0 0 0 1 32316.dat
1 0 0 -144 200 0 1 0 -1 0 0 0 0 1 2780.dat
1 0 0 -154 220 1 0 0 0 -1 0 0 0 -1 74695.dat
1 1 0 -154 240 0 1 0 -1 0 0 0 0 1 6558.dat
1 71 0 -154 240 1 0 0 0 1 0 0 0 1 18654.dat
1 1 0 -144 180 0 0 -1 -1 0 0 0 1 0 43093.dat
1 15 0 -174 180 -1 0 0 0 0 1 0 1 0 18948.dat
1 71 0 -204 180 0 0 1 1 0 0 0 1 0 2736.dat
1 72 0 -174 240 -1 0 0 0 1 0 0 0 -1 32523.dat
1 0 0 -194 220 0 -1 0 0 0 -1 1 0 0 32270.dat
1 71 0 -114 120 1 0 0 0 1 0 0 0 1 64178.dat
1 70 0 -114 178 0 0 -1 0 -1 0 -1 0 0 24316.dat
1 71 0 -114 160 0 1 0 -1 0 0 0 0 1 3713.dat
1 0 40 -124 180 0 -1 0 -1 0 0 0 0 -1 2780.dat
1 1 40 -124 140 0 -1 0 -1 0 0 0 0 -1 43093.dat
1 27 40 -134 140 1 0 0 0 1 0 0 0 1 32140.dat
1 0 60 -144 200 0 -1 0 -1 0 0 0 0 -1 2780.dat
1 0 -40 -124 180 0 1 0 1 0 0 0 0 -1 2780.dat
1 1 -40 -124 140 0 1 0 -1 0 0 0 0 1 43093.dat
1 27 -40 -134 140 -1 0 0 0 -1 0 0 0 1 32140.dat
1 0 -60 -144 200 0 1 0 1 0 0 0 0 -1 2780.dat
1 1 -30 -114 80 1 0 0 0 0 -1 0 1 0 43093.dat
1 1 30 -114 80 -1 0 0 0 0 1 0 1 0 43093.dat
1 25 -20 -134 80 -1 0 0 0 -1 0 0 0 1 42003.dat
1 25 20 -134 80 -1 0 0 0 -1 0 0 0 1 42003.dat
1 1 -20 -134 60 0 0 1 0 -1 0 1 0 0 6558.dat
1 1 20 -134 60 0 0 1 0 -1 0 1 0 0 6558.dat
1 72 0 -134 60 0 0 1 1 0 0 0 1 0 32278.dat
1 1 -20 -114 50 0 1 0 0 0 -1 -1 0 0 43093.dat
1 1 20 -114 50 0 1 0 0 0 -1 -1 0 0 43093.dat
1 0 -20 -114 40 -1 0 0 0 0 -1 0 -1 0 74695.dat
1 0 20 -114 40 -1 0 0 0 0 -1 0 -1 0 74695.dat
1 0 100 -134 70 0 -1 0 0 0 1 -1 0 0 2780.dat
1 0 -100 -134 70 0 -1 0 0 0 1 -1 0 0 2780.dat
1 71 0 -154 40 -1 0 0 0 1 0 0 0 -1 60485.dat
1 71 80 -154 40 0 0 -1 0 1 0 1 0 0 3713.dat
1 71 60 -154 40 1 0 0 0 -1 0 0 0 -1 32291.dat
1 71 40 -154 40 0 -1 0 0 0 1 -1 0 0 18654.dat
1 0 20 -154 60 -1 0 0 0 -1 0 0 0 1 32039.dat
1 71 0 -154 40 0 -1 0 0 0 1 -1 0 0 18654.dat
1 0 -20 -154 60 -1 0 0 0 -1 0 0 0 1 32039.dat
1 71 -40 -154 40 0 -1 0 0 0 1 -1 0 0 18654.dat
1 71 -60 -154 40 1 0 0 0 -1 0 0 0 -1 32291.dat
1 71 -80 -154 40 0 0 1 0 1 0 -1 0 0 3713.dat
1 71 -20 -154 80 0 0 1 0 1 0 -1 0 0 4519.dat
1 71 20 -154 80 0 0 1 0 1 0 -1 0 0 4519.dat
1 72 20 -154 95 0 0 -1 1 0 0 0 -1 0 6632.dat
1 72 20 -154 105 0 0 -1 1 0 0 0 -1 0 6632.dat
1 15 0 -114 -20 0 0 1 0 1 0 -1 0 0 18948.dat
1 1 30 -114 -20 -1 0 0 0 1 0 0 0 -1 43093.dat
1 1 -30 -114 -20 1 0 0 0 1 0 0 0 1 43093.dat
1 72 40 -114 -20 0 -1 0 0 0 1 -1 0 0 15100.dat
1 72 -40 -114 -20 0 -1 0 0 0 1 -1 0 0 15100.dat
1 72 -40 -114 -40 -1 0 0 0 0 -1 0 -1 0 60484.dat
1 72 40 -114 -40 -1 0 0 0 0 -1 0 -1 0 60484.dat
1 0 -40 -134 -50 0 -1 0 0 0 -1 1 0 0 2780.dat
1 0 40 -134 -50 0 -1 0 0 0 -1 1 0 0 2780.dat
1 71 -60 -154 -30 0 -1 0 0 0 -1 1 0 0 4274.dat
1 71 60 -154 -30 0 -1 0 0 0 -1 1 0 0 4274.dat
1 72 0 -134 -60 0 0 -1 1 0 0 0 -1 0 32278.dat
1 0 -140 -134 -70 0 0 -1 0 1 0 1 0 0 2780.dat
1 0 -100 -134 -70 0 0 -1 0 1 0 1 0 0 2780.dat
1 0 100 -134 -70 0 0 -1 0 1 0 1 0 0 2780.dat
1 0 140 -134 -70 0 0 -1 0 1 0 1 0 0 2780.dat
1 70 -80 -134 -52 0 0 -1 0 -1 0 -1 0 0 24316.dat
1 71 -80 -134 -60 0 -1 0 0 0 1 -1 0 0 41678.dat
1 71 80 -134 -60 0 -1 0 0 0 1 -1 0 0 41678.dat
1 70 80 -134 -52 0 0 -1 0 -1 0 -1 0 0 24316.dat
1 0 -60 -154 -22 0 0 -1 1 0 0 0 -1 0 16091.dat
1 0 60 -154 -22 0 0 -1 1 0 0 0 -1 0 16091.dat
1 4 -140 -134 80 0 0 -1 0 1 0 1 0 0 11214.dat
1 4 -120 -134 71 0 0 -1 0 1 0 1 0 0 3705.dat
1 72 -140 -134 120 0 0 -1 1 0 0 0 -1 0 99012.dat
1 72 -120 -134 121 0 0 -1 1 0 0 0 -1 0 99012.dat
1 0 -130 -134 120 1 0 0 0 1 0 0 0 1 2780.dat
1 72 -120 -134 -19 1 0 0 0 1 0 0 0 1 32034.dat
1 4 -120 -134 11 0 1 0 0 0 -1 -1 0 0 32062.dat
1 72 -120 -134 31 1 0 0 0 1 0 0 0 1 59443.dat
1 71 -130 -134 -19 -1 0 0 0 -1 0 0 0 1 4274.dat
1 34 -138 -134 -19 0 1 0 0 0 1 1 0 0 6141.dat
1 4 140 -134 80 0 0 -1 0 1 0 1 0 0 11214.dat
1 4 120 -134 71 0 0 1 0 1 0 -1 0 0 3705.dat
1 72 140 -134 120 0 0 -1 1 0 0 0 -1 0 99012.dat
1 72 120 -134 121 0 0 -1 1 0 0 0 -1 0 99012.dat
1 0 130 -134 120 1 0 0 0 1 0 0 0 1 2780.dat
1 72 120 -134 -19 1 0 0 0 1 0 0 0 1 32034.dat
1 4 120 -134 11 0 -1 0 0 0 -1 1 0 0 32062.dat
1 72 120 -134 31 1 0 0 0 1 0 0 0 1 59443.dat
1 71 130 -134 -19 1 0 0 0 -1 0 0 0 -1 4274.dat
1 36 138 -134 -19 0 -1 0 0 0 1 -1 0 0 6141.dat
1 4 120 -134 -70 0 -1 0 0 0 1 -1 0 0 3705.dat
1 0 120 -134 -100 0 -1 0 -1 0 0 0 0 -1 11947.dat
1 4 -120 -134 -71 0 1 0 0 0 1 1 0 0 3705.dat
1 0 -120 -134 -101 0 1 0 1 0 0 0 0 -1 11946.dat
1 72 -40 -141.798 -209.467 0 1 0 -0.996 0 -0.087 -0.087 0 0.996 32278.dat
1 71 -40 -153.978 -70.027 1 0 0 0 0.770313 0.638244 0 -0.638244 0.770313 32054.dat
1 71 -80 -153.978 -70.027 1 0 0 0 0.770313 0.638244 0 -0.638244 0.770313 4519.dat
1 0 -20 -152.238 -89.947 0 -1 0 0.996 0 -0.087 0.087 0 0.996 74695.dat
1 70 0 -152.238 -89.947 -1 0 0 0 -0.996 -0.087 0 -0.087 0.996 15462.dat
1 1 -30 -148.758 -129.787 1 0 0 0 0.996 -0.087 0 0.087 0.996 43093.dat
1 0 -20 -140.058 -229.387 0 0 1 0.087 0.996 0 -0.996 0.087 0 64781.dat
1 71 -20 -160.458 -110.737 0 0 -1 -0.996 -0.087 0 -0.087 0.996 0 4274.dat
1 0 -50 -133.098 -309.067 1 0 0 0 -0.087 -0.996 0 0.996 -0.087 2780.dat
1 14 0 -131.358 -328.987 1 0 0 0 -0.087 -0.996 0 0.996 -0.087 44294.dat
1 72 -55 -134.838 -289.147 0 1 0 0.996 0 0.087 0.087 0 -0.996 6632.dat
1 72 -65 -134.838 -289.147 0 1 0 0.996 0 0.087 0.087 0 -0.996 6632.dat
1 1 -70 -134.838 -289.147 1 0 0 0 -0.996 0.087 0 -0.087 -0.996 43093.dat
1 72 0 -140.058 -229.387 0 1 0 -0.996 0 -0.087 -0.087 0 0.996 32278.dat
1 72 40 -141.798 -209.467 0 -1 0 0.996 0 -0.087 0.087 0 0.996 32278.dat
1 71 40 -153.978 -70.027 -1 0 0 0 0.822426 -0.568458 0 -0.568458 -0.822426 32054.dat
1 0 20 -152.238 -89.947 0 1 0 -0.996 0 -0.087 -0.087 0 0.996 74695.dat
1 1 30 -148.758 -129.787 -1 0 0 0 0.996 0.087 0 0.087 -0.996 43093.dat
1 0 20 -140.058 -229.387 0 0 -1 -0.087 0.996 0 0.996 0.087 0 64781.dat
1 71 20 -160.458 -110.737 0 0 -1 -0.996 -0.087 0 -0.087 0.996 0 4274.dat
1 0 50 -133.098 -309.067 1 0 0 0 -0.087 -0.996 0 0.996 -0.087 2780.dat
1 72 55 -134.838 -289.147 0 -1 0 -0.996 0 0.087 -0.087 0 -0.996 6632.dat
1 72 65 -134.838 -289.147 0 -1 0 -0.996 0 0.087 -0.087 0 -0.996 6632.dat
1 1 70 -134.838 -289.147 -1 0 0 0 -0.996 -0.087 0 -0.087 0.996 43093.dat
1 27 80 -143.538 -189.547 0 -1 0 0.996 0 -0.087 0.087 0 0.996 32525.dat
1 1 60 -150.498 -109.867 1 0 0 0 -0.087 -0.996 0 0.996 -0.087 6558.dat
1 0 60 -148.758 -129.787 0 1 0 -0.996 0 -0.087 -0.087 0 0.996 74695.dat
1 71 80 -148.758 -129.787 1 0 0 0 0.996 -0.087 0 0.087 0.996 4519.dat
1 0 100 -150.498 -109.867 1 0 0 0 0.996 -0.087 0 0.087 0.996 32039.dat
1 27 -80 -143.538 -189.547 0 1 0 -0.996 0 -0.087 -0.087 0 0.996 32525.dat
1 1 -60 -150.498 -109.867 -1 0 0 0 -0.087 0.996 0 0.996 0.087 6558.dat
1 0 -60 -148.758 -129.787 0 -1 0 0.996 0 -0.087 0.087 0 0.996 74695.dat
1 71 -80 -148.758 -129.787 -1 0 0 0 -0.996 -0.087 0 -0.087 0.996 4519.dat
1 0 -100 -150.498 -109.867 -1 0 0 0 -0.996 -0.087 0 -0.087 0.996 32039.dat
1 71 80 -154 -70 1 0 0 0 0.77 0.638 0 -0.638 0.77 4519.dat
1 72 100 -154 -70 0 -1 0 0.638 0 -0.77 0.77 0 0.638 32348.dat
1 27 -20 -197.312 28.204 0 1 0 0.999 0 -0.048 -0.048 0 -0.999 32316.dat
1 71 0 -196.352 48.184 0 0 -1 0.999 -0.048 0 -0.048 -0.999 0 48989.dat
1 71 0 -207.302 28.684 0 0 1 -0.999 -0.048 0 0.048 -0.999 0 4274.dat
1 47 0 -213.296 28.972 1 0 0 0 0.999 0.048 0 -0.048 0.999 6141.dat
1 0 0 -205.382 68.644 0 -1 0 0.999 0 0.048 -0.048 0 0.999 6628.dat
1 14 0 -199.232 -11.756 -1 0 0 0 -0.999 0.048 0 0.048 0.999 44294.dat
1 27 20 -197.312 28.204 0 1 0 0.999 0 -0.048 -0.048 0 -0.999 32316.dat
1 71 0 -199.232 -11.756 0 0 1 -0.999 -0.048 0 0.048 -0.999 0 3713.dat
1 71 -40 -199.232 -11.756 0 -1 0 -0.048 0 0.999 -0.999 0 -0.048 18654.dat
1 71 40 -199.232 -11.756 0 -1 0 -0.048 0 0.999 -0.999 0 -0.048 18654.dat
1 71 -80 -199.232 -11.756 -1 0 0 0 -0.999 0.048 0 0.048 0.999 32054.dat
1 71 80 -199.232 -11.756 1 0 0 0 0.999 0.048 0 -0.048 0.999 32054.dat
1 1 30 -196.352 48.184 1 0 0 0 0.999 0.048 0 -0.048 0.999 43093.dat
1 1 -30 -196.352 48.184 -1 0 0 0 -0.999 0.048 0 0.048 0.999 43093.dat
1 72 -50 -196.352 48.184 0 0 1 -0.999 -0.048 0 0.048 -0.999 0 59443.dat
1 72 50 -196.352 48.184 0 0 1 -0.999 -0.048 0 0.048 -0.999 0 59443.dat
1 72 -80 -196.352 48.184 0 1 0 0.999 0 -0.048 -0.048 0 -0.999 32524.dat
1 0 -90 -198.272 8.224 -1 0 0 0 0.999 -0.048 0 -0.048 -0.999 2780.dat
1 0 -90 -195.392 68.164 -1 0 0 0 0.999 -0.048 0 -0.048 -0.999 2780.dat
1 72 -95 -196.352 48.184 0 -1 0 0.999 0 0.048 -0.048 0 0.999 32056.dat
1 72 -105 -196.352 48.184 0 -1 0 0.999 0 0.048 -0.048 0 0.999 32056.dat
1 70 -82 -196.352 48.184 -1 0 0 0 -0.999 0.048 0 0.048 0.999 24316.dat
1 72 -100 -197.312 28.204 0 1 0 0.999 0 -0.048 -0.048 0 -0.999 32348.dat
1 71 -80 -193.472 108.124 -1 0 0 0 -0.999 0.048 0 0.048 0.999 32054.dat
1 4 -50 -193.472 108.124 -1 0 0 0 -0.999 0.048 0 0.048 0.999 32062.dat
1 72 -30 -193.472 108.124 0 0 1 -0.999 -0.048 0 0.048 -0.999 0 59443.dat
1 71 0 -193.472 108.124 1 0 0 0 -0.048 0.999 0 -0.999 -0.048 4519.dat
1 72 30 -193.472 108.124 0 0 1 -0.999 -0.048 0 0.048 -0.999 0 59443.dat
1 4 50 -193.472 108.124 1 0 0 0 -0.048 0.999 0 -0.999 -0.048 32062.dat
1 71 80 -193.472 108.124 1 0 0 0 -0.999 -0.048 0 0.048 -0.999 32054.dat
1 72 80 -196.352 48.184 0 1 0 0.999 0 -0.048 -0.048 0 -0.999 32524.dat
1 0 90 -195.392 68.164 -1 0 0 0 0.999 -0.048 0 -0.048 -0.999 2780.dat
1 0 90 -198.272 8.224 -1 0 0 0 0.999 -0.048 0 -0.048 -0.999 2780.dat
1 70 82 -196.352 48.184 1 0 0 0 -0.999 -0.048 0 0.048 -0.999 24316.dat
1 72 105 -196.352 48.184 0 -1 0 0.999 0 0.048 -0.048 0 0.999 32056.dat
1 72 95 -196.352 48.184 0 -1 0 0.999 0 0.048 -0.048 0 0.999 32056.dat
1 72 85 -185.561 126.489 0 1 0 -0.919 0 0.395 0.395 0 0.919 32056.dat
1 72 75 -185.561 126.489 0 1 0 -0.919 0 0.395 0.395 0 0.919 32056.dat
1 1 70 -222.317 142.27 1 0 0 0 0.919 0.395 0 -0.395 0.919 43093.dat
1 1 90 -169.781 163.244 -1 0 0 0 0.919 -0.395 0 -0.395 -0.919 43093.dat
1 0 90 -177.671 144.867 -1 0 0 0 0.919 -0.395 0 -0.395 -0.919 2780.dat
1 72 60 -222.317 142.27 0 1 0 -0.288 0 0.958 0.958 0 0.288 15100.dat
1 72 100 -169.781 163.244 0 1 0 -0.919 0 0.395 0.395 0 0.919 32524.dat
1 0 90 -161.89 181.622 1 0 0 0 0.919 0.395 0 -0.395 0.919 6628.dat
1 0 90 -146.11 218.378 1 0 0 0 0.919 0.395 0 -0.395 0.919 6628.dat
1 72 120 -185.561 126.489 -1 0 0 0 0.95 -0.313 0 -0.313 -0.95 15100.dat
1 1 90 -154 200 -1 0 0 0 1 0 0 0 -1 43093.dat
1 72 60 -154 200 0 0 1 -1 0 0 0 -1 0 32034.dat
1 72 -85 -185.561 126.489 0 1 0 -0.919 0 0.395 0.395 0 0.919 32056.dat
1 72 -75 -185.561 126.489 0 1 0 -0.919 0 0.395 0.395 0 0.919 32056.dat
1 1 -70 -222.317 142.27 -1 0 0 0 0.919 -0.395 0 -0.395 -0.919 43093.dat
1 1 -90 -169.781 163.244 1 0 0 0 0.919 0.395 0 -0.395 0.919 43093.dat
1 0 -90 -177.671 144.867 -1 0 0 0 0.919 -0.395 0 -0.395 -0.919 2780.dat
1 72 -60 -222.317 142.27 0 -1 0 -0.288 0 -0.958 0.958 0 -0.288 15100.dat
1 72 -100 -169.781 163.244 0 -1 0 0.919 0 0.395 -0.395 0 0.919 32524.dat
1 0 -90 -161.89 181.622 -1 0 0 0 0.919 -0.395 0 -0.395 -0.919 6628.dat
1 0 -90 -146.11 218.378 -1 0 0 0 0.919 -0.395 0 -0.395 -0.919 6628.dat
1 72 -120 -185.561 126.489 1 0 0 0 0.95 0.313 0 -0.313 0.95 15100.dat
1 1 -90 -154 200 1 0 0 0 1 0 0 0 1 43093.dat
1 72 -60 -154 200 0 0 -1 1 0 0 0 -1 0 32034.dat
1 27 0 -228.086 161.42 0 0 -1 -0.958 -0.288 0 -0.288 0.958 0 32278.dat
1 0 140 -230.97 170.995 0 0 1 0.288 0.958 0 -0.958 0.288 0 2780.dat
1 0 -140 -230.97 170.995 0 0 1 0.288 0.958 0 -0.958 0.288 0 2780.dat
1 27 0 -233.854 180.57 0 0 -1 -0.958 -0.288 0 -0.288 0.958 0 32278.dat
1 0 -120 -134 330 0 0 -1 0 1 0 1 0 0 3706.dat
1 71 -120 -134 370 0 1 0 0 0 1 1 0 0 41678.dat
1 72 -120 -134 370 0 1 0 -1 0 0 0 0 1 32184.dat
1 25 -120 -114 340 0 0 1 0 1 0 -1 0 0 42003.dat
1 1 -120 -114 340 -1 0 0 0 1 0 0 0 -1 6558.dat
1 1 -120 -94 340 -1 0 0 0 1 0 0 0 -1 6558.dat
1 0 -120 -114 320 0 1 0 0 0 1 1 0 0 32039.dat
1 4 -120 -104 320 0 1 0 -1 0 0 0 0 1 32062.dat
1 71 -120 -134 300 -1 0 0 0 0 -1 0 -1 0 18654.dat
1 0 -120 -134 280 0 1 0 -1 0 0 0 0 1 32039.dat
1 72 -140 -94 340 0 -1 0 0 0 -1 1 0 0 32316.dat
1 1 -120 -74 340 1 0 0 0 0 -1 0 1 0 6558.dat
1 0 -130 -54 340 -1 0 0 0 -1 0 0 0 1 2780.dat
1 71 -120 -54 340 0 -1 0 0 0 -1 1 0 0 18654.dat
1 15 -120 -94 300 1 0 0 0 0 -1 0 1 0 6536.dat
1 71 -120 -94 300 -1 0 0 0 0 -1 0 -1 0 4519.dat
1 15 -100 -94 300 1 0 0 0 -1 0 0 0 -1 6536.dat
1 15 -140 -94 300 1 0 0 0 -1 0 0 0 -1 6536.dat
1 0 -140 -114 290 0 0 -1 0 -1 0 -1 0 0 2780.dat
1 0 -100 -114 290 0 0 -1 0 -1 0 -1 0 0 2780.dat
1 25 -120 -74 340 0 0 1 -1 0 0 0 -1 0 42003.dat
1 70 -120 -76 360 0 0 1 -1 0 0 0 -1 0 24316.dat
1 71 -120 -94 360 1 0 0 0 0 1 0 -1 0 3713.dat
1 72 -120 -34 360 0 -1 0 0 0 1 -1 0 0 32013.dat
1 72 -120 -34 372 0 -1 0 0 0 -1 1 0 0 87083.dat
1 71 -120 -34 380 1 0 0 0 0 -1 0 1 0 18654.dat
1 71 -120 -34 340 1 0 0 0 1 0 0 0 1 3713.dat
1 15 -100 -94 340 0 -1 0 0 0 1 -1 0 0 32523.dat
1 4 -100 -124 370 0 0 -1 -1 0 0 0 1 0 32062.dat
1 4 -140 -124 370 0 0 -1 -1 0 0 0 1 0 32062.dat
1 0 -140 -114 370 1 0 0 0 0 1 0 -1 0 11946.dat
1 0 -100 -114 370 1 0 0 0 0 1 0 -1 0 11947.dat
1 1 -120 -154 360 1 0 0 0 0 1 0 -1 0 6558.dat
1 1 -120 -154 380 1 0 0 0 0 1 0 -1 0 6558.dat
1 27 -100 -154 320 0 -1 0 1 0 0 0 0 1 11946.dat
1 27 -140 -154 320 0 1 0 -1 0 0 0 0 1 11947.dat
1 1 -140 -154 310 0 -1 0 0 0 -1 1 0 0 43093.dat
1 1 -100 -154 310 0 -1 0 0 0 -1 1 0 0 43093.dat
1 27 -120 -154 300 0 0 -1 1 0 0 0 -1 0 32523.dat
1 1 -120 -154 310 0 0 -1 0 1 0 1 0 0 43093.dat
1 72 -120 -154 340 0 1 0 -1 0 0 0 0 1 32013.dat
1 1 -120 -164 340 0 1 0 -1 0 0 0 0 1 43093.dat
1 72 -120 -174 340 0 1 0 0 0 -1 -1 0 0 27938.dat
1 1 -120 -144 260 0 1 0 1 0 0 0 0 -1 43093.dat
1 0 120 -134 330 0 0 1 0 1 0 -1 0 0 3706.dat
1 71 120 -134 370 0 -1 0 0 0 1 -1 0 0 41678.dat
1 72 120 -134 370 0 -1 0 1 0 0 0 0 1 32184.dat
1 25 120 -114 340 0 0 -1 0 1 0 1 0 0 42003.dat
1 1 120 -114 340 1 0 0 0 1 0 0 0 1 6558.dat
1 1 120 -94 340 1 0 0 0 1 0 0 0 1 6558.dat
1 0 120 -114 320 0 -1 0 0 0 1 -1 0 0 32039.dat
1 4 120 -104 320 0 -1 0 1 0 0 0 0 1 32062.dat
1 71 120 -134 300 -1 0 0 0 0 -1 0 -1 0 18654.dat
1 0 120 -134 280 0 -1 0 1 0 0 0 0 1 32039.dat
1 72 140 -94 340 0 1 0 0 0 -1 -1 0 0 32316.dat
1 1 120 -74 340 -1 0 0 0 0 1 0 1 0 6558.dat
1 0 130 -54 340 -1 0 0 0 -1 0 0 0 1 2780.dat
1 71 120 -54 340 0 1 0 0 0 -1 -1 0 0 18654.dat
1 15 120 -94 300 1 0 0 0 0 -1 0 1 0 6536.dat
1 71 120 -94 300 -1 0 0 0 0 -1 0 -1 0 4519.dat
1 15 100 -94 300 1 0 0 0 -1 0 0 0 -1 6536.dat
1 15 140 -94 300 1 0 0 0 -1 0 0 0 -1 6536.dat
1 0 140 -114 290 0 0 1 0 -1 0 1 0 0 2780.dat
1 0 100 -114 290 0 0 1 0 -1 0 1 0 0 2780.dat
1 25 120 -74 340 0 0 -1 1 0 0 0 -1 0 42003.dat
1 70 120 -76 360 0 0 1 -1 0 0 0 -1 0 24316.dat
1 71 120 -94 360 1 0 0 0 0 1 0 -1 0 3713.dat
1 72 120 -34 360 0 1 0 0 0 1 1 0 0 32013.dat
1 72 120 -34 372 0 1 0 0 0 1 1 0 0 87083.dat
1 71 120 -34 380 1 0 0 0 0 -1 0 1 0 18654.dat
1 71 120 -34 340 1 0 0 0 1 0 0 0 1 3713.dat
1 15 100 -94 340 0 1 0 0 0 1 1 0 0 32523.dat
1 4 100 -124 370 0 0 1 1 0 0 0 1 0 32062.dat
1 4 140 -124 370 0 0 1 1 0 0 0 1 0 32062.dat
1 0 140 -114 370 1 0 0 0 0 1 0 -1 0 11947.dat
1 0 100 -114 370 1 0 0 0 0 1 0 -1 0 11946.dat
1 1 120 -154 360 -1 0 0 0 0 -1 0 -1 0 6558.dat
1 1 120 -154 380 -1 0 0 0 0 -1 0 -1 0 6558.dat
1 27 100 -154 320 0 1 0 -1 0 0 0 0 1 11947.dat
1 27 140 -154 320 0 -1 0 1 0 0 0 0 1 11946.dat
1 1 140 -154 310 0 1 0 0 0 1 1 0 0 43093.dat
1 1 100 -154 310 0 1 0 0 0 1 1 0 0 43093.dat
1 27 120 -154 300 0 0 1 -1 0 0 0 -1 0 32523.dat
1 1 120 -154 310 0 0 -1 0 1 0 1 0 0 43093.dat
1 72 120 -154 340 0 -1 0 1 0 0 0 0 1 32013.dat
1 1 120 -164 340 0 -1 0 -1 0 0 0 0 -1 43093.dat
1 72 120 -174 340 0 -1 0 0 0 -1 1 0 0 27938.dat
1 1 120 -144 260 0 -1 0 1 0 0 0 0 1 43093.dat
1 72 0 -154 260 0 0 -1 0 1 0 1 0 0 41239.dat
1 0 -20 -144 260 0 0 -1 -1 0 0 0 1 0 2780.dat
1 0 20 -144 260 0 0 -1 -1 0 0 0 1 0 2780.dat
1 71 -20 -134 260 0 0 -1 0 1 0 1 0 0 18654.dat
1 71 20 -134 260 0 0 -1 0 1 0 1 0 0 18654.dat
1 71 120 -204.562 132.758 0 -1 0 0.95 0 0.313 -0.313 0 0.95 32054.dat
1 71 120 -204.562 132.758 -1 0 0 0 0.95 -0.313 0 -0.313 -0.95 18654.dat
1 14 120 -318.521 170.355 0 1 -0.001 0.95 0 -0.313 -0.313 -0.001 -0.95 23948.dat
1 72 120 -422.988 204.821 1 0.005 0 0.002 -0.313 0.95 0.005 -0.95 -0.313 59443.dat
1 71 120 -441.987 211.089 0 0.005 -1 0.95 -0.313 -0.002 -0.313 -0.95 -0.005 2736.dat
1 71 -120 -204.562 132.758 0 -1 0 0.95 0 0.313 -0.313 0 0.95 32054.dat
1 71 -120 -204.562 132.758 -1 0 0 0 0.95 -0.313 0 -0.313 -0.95 18654.dat
1 14 -120 -318.521 170.355 0 1 -0.001 0.95 0 -0.313 -0.313 -0.001 -0.95 23948.dat
1 72 -120 -422.988 204.821 1 0.005 0 0.002 -0.313 0.95 0.005 -0.95 -0.313 59443.dat
1 71 -120 -441.987 211.089 0 0.005 -1 0.95 -0.313 -0.002 -0.313 -0.95 -0.005 2736.dat
