0 Main
0 Name: 4347-1 - Auto Pod_hkQNTF8.mpd
0 Author: LTRON
1 1 0 0 0 0 0 1 0 1 0 -1 0 0 3020.dat
1 1 0 0 50 -1 0 0 0 1 0 0 0 -1 3023.dat
1 7 0 -8 40 -1 0 0 0 1 0 0 0 -1 4600.dat
1 7 0 -8 -20 -1 0 0 0 1 0 0 0 -1 4600.dat
1 1 0 -8 10 -1 0 0 0 1 0 0 0 -1 3710.dat
1 1 0 0 -50 -1 0 0 0 1 0 0 0 -1 3710.dat
1 46 -10 -8 -50 -1 0 0 0 1 0 0 0 -1 6141.dat
1 46 10 -8 -50 -1 0 0 0 1 0 0 0 -1 6141.dat
1 1 0 -16 -30 0 0 -1 0 1 0 1 0 0 3021.dat
1 1 0 -16 30 0 0 -1 0 1 0 1 0 0 3021.dat
1 1 0 -40 50 -1 0 0 0 1 0 0 0 -1 3937.dat
1 7 0 -35.3572 58.426 -1 0 0 0 0.5 -0.866025 0 -0.866025 -0.5 3938.dat
1 1 0 -39.3572 65.3542 -1 0 0 0 0.5 -0.866025 0 -0.866025 -0.5 3023.dat
1 36 10 -43.3572 72.2824 -1 0 0 0 0.5 -0.866025 0 -0.866025 -0.5 6141.dat
1 36 -10 -43.3572 72.2824 -1 0 0 0 0.5 -0.866025 0 -0.866025 -0.5 6141.dat
1 1 0 -47.3572 79.2106 1 0 0 0 0.5 0.866025 0 -0.866025 0.5 2436.dat
1 9 -20 -61.4098 59.5503 -0.999999 0 0 0 0.866025 0.5 0 0.5 -0.866025 2412.dat
1 9 20 -61.4098 59.5503 -0.999999 0 0 0 0.866025 0.5 0 0.5 -0.866025 2412.dat
1 1 0 -32 -10 0.999999 0 0 0 0.999999 0 0 0 0.999999 41855.dat
1 511 33 -3 40 0 0 -0.999999 0 0.999999 0 0.999999 0 0 30027.dat
1 511 33 -3 -20 0 0 -0.999999 0 0.999999 0 0.999999 0 0 30027.dat
1 511 -33 -3 -20 0 0 0.999999 0 0.999999 0 -0.999999 0 0 30027.dat
1 511 -33 -3 40 0 0 0.999999 0 0.999999 0 -0.999999 0 0 30027.dat
1 0 -28 -3 40 -0.999999 0 0 0 0.999999 0 0 0 -0.999999 30028.dat
1 0 -28 -3 -20 -0.999999 0 0 0 0.999999 0 0 0 -0.999999 30028.dat
1 0 38 -3 -20 -0.999999 0 0 0 0.999999 0 0 0 -0.999999 30028.dat
1 0 38 -3 40 -0.999999 0 0 0 0.999999 0 0 0 -0.999999 30028.dat
