0 Main
0 Name: 70816 - Bennys Spaceship Spa_kOdSy6E.mpd
0 Author: LTRON
1 71 0 -30 464 0 -1 0 1 0 0 0 0 1 56908.dat
1 72 0 -30 414 0 -1 0 0 0 -1 1 0 0 55013.dat
1 14 0 -30 438 0 -1 0 1 0 0 0 0 1 32123.dat
1 19 0 -30 484 0 -1 0 1 0 0 0 0 1 6589.dat
1 1 10 -47 473 0 0 -1 0 1 0 1 0 0 4274.dat
1 57 10 -47 481 0 0 -1 1 0 0 0 -1 0 98138.dat
1 1 -10 -47 473 0 0 -1 0 1 0 1 0 0 4274.dat
1 57 -10 -47 481 0 0 -1 1 0 0 0 -1 0 98138.dat
1 1 10 -13 473 0 0 -1 0 1 0 1 0 0 4274.dat
1 57 10 -13 481 0 0 -1 1 0 0 0 -1 0 98138.dat
1 1 -10 -13 473 0 0 -1 0 1 0 1 0 0 4274.dat
1 57 -10 -13 481 0 0 -1 1 0 0 0 -1 0 98138.dat
1 1 20 -30 444 0 0 -1 0 -1 0 -1 0 0 6558.dat
1 1 -20 -30 444 0 0 -1 0 -1 0 -1 0 0 6558.dat
1 72 0 -40 424 -1 0 0 0 1 0 0 0 -1 3701.dat
1 71 0 -40 404 -1 0 0 0 1 0 0 0 -1 32064.dat
1 71 0 -40 384 -1 0 0 0 1 0 0 0 -1 32064.dat
1 71 0 -40 364 -1 0 0 0 1 0 0 0 -1 32064.dat
1 71 0 -40 344 -1 0 0 0 1 0 0 0 -1 32064.dat
1 1 0 -16 354 0 0 -1 0 1 0 1 0 0 3034.dat
1 72 0 -40 324 1 0 0 0 1 0 0 0 1 85943.dat
1 4 0 -30 294 1 0 0 0 0 1 0 -1 0 32291.dat
1 4 0 -30 294 1 0 0 0 0 1 0 -1 0 32062.dat
1 71 10 -40 274 0 0 -1 1 0 0 0 -1 0 3673.dat
1 71 -10 -40 274 0 0 -1 1 0 0 0 -1 0 3673.dat
1 72 -400 -24 90 1 0 0 0 1 0 0 0 1 3022.dat
1 0 -410 -40 100 -1 0 0 0 1 0 0 0 -1 13547.dat
1 0 -390 -40 100 -1 0 0 0 1 0 0 0 -1 13547.dat
1 72 -400 -32 80 1 0 0 0 1 0 0 0 1 3839.dat
1 72 -400 -40 110 1 0 0 0 1 0 0 0 1 3022.dat
1 71 -410 -40 70 0 0 1 0 1 0 -1 0 0 92280.dat
1 71 -390 -40 70 0 0 1 0 1 0 -1 0 0 92280.dat
1 1 -410 -48 90 0 0 1 0 1 0 -1 0 0 44567.dat
1 1 -390 -48 90 0 0 -1 0 1 0 1 0 0 44567.dat
1 1 -390 -48 130 0 0 -1 0 1 0 1 0 0 48336.dat
1 1 -410 -48 130 0 0 1 0 1 0 -1 0 0 48336.dat
1 1 -400 -56 120 1 0 0 0 1 0 0 0 1 4598.dat
1 46 -400 -56 80 1 0 0 0 1 0 0 0 1 3023.dat
1 72 -400 -64 120 1 0 0 0 1 0 0 0 1 2412.dat
1 71 -400 -76 158 1 0 0 0 0 -1 0 1 0 6233.dat
1 36 -400 -76 206 1 0 0 0 0 -1 0 1 0 4740.dat
1 71 -480 -48 130 0 0 1 0 1 0 -1 0 0 48183.dat
1 71 -450 -48 130 0 0 -1 0 1 0 1 0 0 60470.dat
1 72 -470 -56 140 1 0 0 0 1 0 0 0 1 63864.dat
1 72 -460 -40 130 1 0 0 0 1 0 0 0 1 2654.dat
1 71 -372 -96 130 0 1 0 0 0 1 1 0 0 48183.dat
1 71 -372 -66 130 0 1 0 0 0 -1 -1 0 0 60470.dat
1 72 -380 -86 140 0 1 0 1 0 0 0 0 -1 63864.dat
1 72 -364 -76 130 0 1 0 1 0 0 0 0 -1 2654.dat
1 71 -426 -28 17 -1 0 0 0 0 1 0 1 0 577.dat
1 36 -426 -28 -7 -1 0 0 0 0 1 0 1 0 4589.dat
1 71 -374 -28 17 -1 0 0 0 0 1 0 1 0 577.dat
1 36 -374 -28 -7 -1 0 0 0 0 1 0 1 0 4589.dat
1 71 -400 -56.847 42.163 1 0 0 0 0.669 0.743 0 -0.743 0.669 99207.dat
1 1 -400 -62.199 48.107 -1 0 0 0 0.669 -0.743 0 -0.743 -0.669 48336.dat
1 72 -410 -67.551 54.051 0 0 1 -0.743 0.669 0 -0.669 -0.743 0 4081.dat
1 72 -390 -67.551 54.051 0 0 -1 0.743 0.669 0 0.669 -0.743 0 4081.dat
1 71 -400 -72.903 59.995 1 0 0 0 0.669 0.743 0 -0.743 0.669 3069.dat
1 46 -400 -87.911 43.791 -1 0 0 0 0.743 0.669 0 0.669 -0.743 6070.dat
1 0 -400 -87.911 43.791 -1 0 0 0 0.743 0.669 0 0.669 -0.743 6074343k.dat
1 1 -410 -75.277 41.713 1 0 0 0 0.743 -0.669 0 0.669 0.743 11477.dat
1 1 -390 -75.277 41.713 1 0 0 0 0.743 -0.669 0 0.669 0.743 11477.dat
1 1 -430 -69.185 49.889 0 0 1 0.669 0.743 0 -0.743 0.669 0 54200.dat
1 1 -370 -69.185 49.889 0 0 -1 -0.669 0.743 0 0.743 0.669 0 54200.dat
1 71 -160 -24 130 1 0 0 0 1 0 0 0 1 4282.dat
1 72 -240 -16 120 1 0 0 0 1 0 0 0 1 4510.dat
1 72 -80 -16 120 1 0 0 0 1 0 0 0 1 4510.dat
1 72 -80 -16 140 -1 0 0 0 1 0 0 0 -1 4510.dat
1 72 -240 -16 140 -1 0 0 0 1 0 0 0 -1 4510.dat
1 0 -200 -32 130 -1 0 0 0 1 0 0 0 -1 91988.dat
1 72 -50 -24 130 0 0 -1 0 1 0 1 0 0 85984.dat
1 1 -20 -32 130 0 0 -1 0 1 0 1 0 0 3068.dat
1 15 -80 -40 130 0 0 -1 0 1 0 1 0 0 2460.dat
1 46 -110 -40 130 0 0 -1 0 1 0 1 0 0 3023.dat
1 71 -240 -40 190 0 0 1 0 1 0 -1 0 0 30356.dat
1 71 -240 -40 70 0 0 1 0 1 0 -1 0 0 30355.dat
1 71 -110 -48 130 0 0 -1 0 1 0 1 0 0 32028.dat
1 72 -130 -48 130 0 0 1 0 1 0 -1 0 0 4623.dat
1 72 -130 -48 170 0 0 1 0 1 0 -1 0 0 4623.dat
1 72 -130 -48 210 0 0 1 0 1 0 -1 0 0 4623.dat
1 72 -170 -48 170 0 0 1 0 1 0 -1 0 0 6636.dat
1 1 -130 -56 190 0 0 1 0 1 0 -1 0 0 2431.dat
1 1 -120 -56 130 0 0 1 0 1 0 -1 0 0 3068.dat
1 0 -350 -48 90 0 0 1 0 1 0 -1 0 0 60471.dat
1 0 -350 -48 150 0 0 1 0 1 0 -1 0 0 3710.dat
1 0 -330 -48 130 0 0 1 0 1 0 -1 0 0 3710.dat
1 1 -340 -56 130 0 0 1 0 1 0 -1 0 0 87079.dat
1 1 -340 -56 130 0 0 1 0 1 0 -1 0 0 6074343g.dat
1 72 -340 -40 80 0 0 -1 0 1 0 1 0 0 11477.dat
1 72 -340 -40 180 0 0 -1 0 1 0 1 0 0 11477.dat
1 72 -152 -68 170 0 1 0 -1 0 0 0 0 1 32074.dat
1 71 -172 -68 175 0 1 0 -1 0 0 0 0 1 57028d.dat
1 46 -227 -68 211 0 1 0 -1 0 0 0 0 1 4589.dat
1 179 400 -110.788 131.709 1 0 0 0 0.976296 0.21644 0 -0.21644 0.976296 15444.dat
1 71 400 -107.959 107.524 -1 0 0 0 0.976296 -0.21644 0 -0.21644 -0.976296 42446.dat
1 71 400 -48.473 39.271 1 0 0 0 0.917 0.399 0 -0.399 0.917 99207.dat
1 1 400 -55.809 42.463 -1 0 0 0 0.917 -0.399 0 -0.399 -0.917 48336.dat
1 72 390 -63.145 45.655 0 0 1 -0.399 0.917 0 -0.917 -0.399 0 4081.dat
1 72 410 -63.145 45.655 0 0 -1 0.399 0.917 0 0.917 -0.399 0 4081.dat
1 71 400 -70.481 48.847 1 0 0 0 0.917 0.399 0 -0.399 0.917 3069.dat
1 46 400 -77.425 27.875 -1 0 0 0 0.399 0.917 0 0.917 -0.399 6070.dat
1 0 400 -77.425 27.875 -1 0 0 0 0.399 0.917 0 0.917 -0.399 6074343k.dat
1 1 390 -65.063 31.221 1 0 0 0 0.399 -0.917 0 0.917 0.399 11477.dat
1 1 410 -65.063 31.221 1 0 0 0 0.399 -0.917 0 0.917 0.399 11477.dat
1 1 370 -62.907 41.189 0 0 1 0.917 0.399 0 -0.399 0.917 0 54200.dat
1 1 430 -62.907 41.189 0 0 -1 -0.917 0.399 0 0.399 0.917 0 54200.dat
1 72 400 -24 90 1 0 0 0 1 0 0 0 1 3022.dat
1 0 390 -40 100 -1 0 0 0 1 0 0 0 -1 13547.dat
1 0 410 -40 100 -1 0 0 0 1 0 0 0 -1 13547.dat
1 72 400 -32 80 1 0 0 0 1 0 0 0 1 3839.dat
1 72 400 -40 110 1 0 0 0 1 0 0 0 1 3022.dat
1 71 390 -40 70 0 0 1 0 1 0 -1 0 0 92280.dat
1 71 410 -40 70 0 0 1 0 1 0 -1 0 0 92280.dat
1 1 390 -48 90 0 0 1 0 1 0 -1 0 0 44567.dat
1 1 410 -48 90 0 0 -1 0 1 0 1 0 0 44567.dat
1 1 410 -48 130 0 0 -1 0 1 0 1 0 0 48336.dat
1 1 390 -48 130 0 0 1 0 1 0 -1 0 0 48336.dat
1 1 400 -56 120 1 0 0 0 1 0 0 0 1 4598.dat
1 46 400 -56 80 1 0 0 0 1 0 0 0 1 3023.dat
1 72 400 -64 120 1 0 0 0 1 0 0 0 1 2412.dat
1 71 400 -76 158 1 0 0 0 0 -1 0 1 0 6233.dat
1 36 400 -76 206 1 0 0 0 0 -1 0 1 0 4740.dat
1 71 372 -96 130 0 -1 0 0 0 1 -1 0 0 48183.dat
1 71 372 -66 130 0 -1 0 0 0 -1 1 0 0 60470.dat
1 72 380 -86 140 0 -1 0 1 0 0 0 0 1 63864.dat
1 72 364 -76 130 0 -1 0 1 0 0 0 0 1 2654.dat
1 71 480 -48 130 0 0 -1 0 1 0 1 0 0 48183.dat
1 71 450 -48 130 0 0 1 0 1 0 -1 0 0 60470.dat
1 72 470 -56 140 -1 0 0 0 1 0 0 0 -1 63864.dat
1 72 460 -40 130 -1 0 0 0 1 0 0 0 -1 2654.dat
1 71 374 -28 17 -1 0 0 0 0 1 0 1 0 577.dat
1 36 374 -28 -7 -1 0 0 0 0 1 0 1 0 4589.dat
1 71 426 -28 17 -1 0 0 0 0 1 0 1 0 577.dat
1 36 426 -28 -7 -1 0 0 0 0 1 0 1 0 4589.dat
1 71 160 -24 130 -1 0 0 0 1 0 0 0 -1 4282.dat
1 72 240 -16 140 -1 0 0 0 1 0 0 0 -1 4510.dat
1 72 80 -16 140 -1 0 0 0 1 0 0 0 -1 4510.dat
1 72 80 -16 120 1 0 0 0 1 0 0 0 1 4510.dat
1 72 240 -16 120 1 0 0 0 1 0 0 0 1 4510.dat
1 0 200 -32 130 1 0 0 0 1 0 0 0 1 91988.dat
1 72 50 -24 130 0 0 1 0 1 0 -1 0 0 85984.dat
1 1 20 -32 130 0 0 1 0 1 0 -1 0 0 3068.dat
1 15 80 -40 130 0 0 1 0 1 0 -1 0 0 2460.dat
1 46 110 -40 130 0 0 1 0 1 0 -1 0 0 3023.dat
1 71 240 -40 70 0 0 -1 0 1 0 1 0 0 30356.dat
1 71 240 -40 190 0 0 -1 0 1 0 1 0 0 30355.dat
1 71 110 -48 130 0 0 1 0 1 0 -1 0 0 32028.dat
1 72 130 -48 130 0 0 -1 0 1 0 1 0 0 4623.dat
1 72 130 -48 210 0 0 -1 0 1 0 1 0 0 4623.dat
1 72 130 -48 170 0 0 -1 0 1 0 1 0 0 4623.dat
1 72 170 -48 170 0 0 -1 0 1 0 1 0 0 6636.dat
1 1 130 -56 190 0 0 -1 0 1 0 1 0 0 2431.dat
1 1 120 -56 130 0 0 -1 0 1 0 1 0 0 3068.dat
1 0 350 -48 90 0 0 -1 0 1 0 1 0 0 60471.dat
1 0 350 -48 150 0 0 -1 0 1 0 1 0 0 3710.dat
1 0 330 -48 130 0 0 -1 0 1 0 1 0 0 3710.dat
1 1 340 -56 130 0 0 -1 0 1 0 1 0 0 87079.dat
1 1 340 -56 130 0 0 -1 0 1 0 1 0 0 6074343h.dat
1 72 340 -40 180 0 0 1 0 1 0 -1 0 0 11477.dat
1 72 340 -40 80 0 0 1 0 1 0 -1 0 0 11477.dat
1 72 152 -68 170 0 -1 0 1 0 0 0 0 1 32074.dat
1 71 172 -68 175 0 -1 0 1 0 0 0 0 1 57028d.dat
1 46 227 -68 211 0 -1 0 1 0 0 0 0 1 4589.dat
1 14 44.93 -50 201.904 -0.898794 0 0.438371 0 1 0 -0.438371 0 -0.898794 40490.dat
1 14 -44.93 -50 201.904 -0.898794 0 -0.438371 0 1 0 0.438371 0 -0.898794 40490.dat
1 14 85.978 -50 154.948 0.313164 0 -0.949699 0 1 0 0.949699 0 0.313164 40490.dat
1 14 -85.976 -50 154.946 0.313164 0 0.949699 0 1 0 -0.949699 0 0.313164 40490.dat
1 71 0 -30 370 0 -1 0 1 0 0 0 0 1 56908.dat
1 72 0 -30 320 0 -1 0 0 0 -1 1 0 0 55013.dat
1 14 0 -30 344 0 -1 0 1 0 0 0 0 1 32123.dat
1 19 0 -30 390 0 -1 0 1 0 0 0 0 1 6589.dat
1 1 10 -47 379 0 0 -1 0 1 0 1 0 0 4274.dat
1 57 10 -47 387 0 0 -1 1 0 0 0 -1 0 98138.dat
1 1 -10 -47 379 0 0 -1 0 1 0 1 0 0 4274.dat
1 57 -10 -47 387 0 0 -1 1 0 0 0 -1 0 98138.dat
1 1 10 -13 379 0 0 -1 0 1 0 1 0 0 4274.dat
1 57 10 -13 387 0 0 -1 1 0 0 0 -1 0 98138.dat
1 1 -10 -13 379 0 0 -1 0 1 0 1 0 0 4274.dat
1 57 -10 -13 387 0 0 -1 1 0 0 0 -1 0 98138.dat
1 1 20 -30 350 0 0 -1 0 -1 0 -1 0 0 6558.dat
1 1 -20 -30 350 0 0 -1 0 -1 0 -1 0 0 6558.dat
1 72 0 -40 330 -1 0 0 0 1 0 0 0 -1 3701.dat
1 71 0 -40 310 -1 0 0 0 1 0 0 0 -1 32064.dat
1 71 0 -40 290 -1 0 0 0 1 0 0 0 -1 32064.dat
1 71 0 -40 270 -1 0 0 0 1 0 0 0 -1 32064.dat
1 71 0 -40 250 -1 0 0 0 1 0 0 0 -1 32064.dat
1 1 0 -16 260 0 0 -1 0 1 0 1 0 0 3034.dat
1 72 0 -40 230 1 0 0 0 1 0 0 0 1 85943.dat
1 4 0 -30 200 1 0 0 0 0 1 0 -1 0 32291.dat
1 4 0 -30 200 1 0 0 0 0 1 0 -1 0 32062.dat
1 71 10 -40 180 0 0 -1 1 0 0 0 -1 0 3673.dat
1 71 -10 -40 180 0 0 -1 1 0 0 0 -1 0 3673.dat
1 72 -482 -24 90 1 0 0 0 1 0 0 0 1 3022.dat
1 0 -492 -40 100 -1 0 0 0 1 0 0 0 -1 13547.dat
1 0 -472 -40 100 -1 0 0 0 1 0 0 0 -1 13547.dat
1 72 -482 -32 80 1 0 0 0 1 0 0 0 1 3839.dat
1 72 -482 -40 110 1 0 0 0 1 0 0 0 1 3022.dat
1 71 -492 -40 70 0 0 1 0 1 0 -1 0 0 92280.dat
1 71 -472 -40 70 0 0 1 0 1 0 -1 0 0 92280.dat
1 1 -492 -48 90 0 0 1 0 1 0 -1 0 0 44567.dat
1 1 -472 -48 90 0 0 -1 0 1 0 1 0 0 44567.dat
1 1 -472 -48 130 0 0 -1 0 1 0 1 0 0 48336.dat
1 1 -492 -48 130 0 0 1 0 1 0 -1 0 0 48336.dat
1 1 -482 -56 120 1 0 0 0 1 0 0 0 1 4598.dat
1 46 -482 -56 80 1 0 0 0 1 0 0 0 1 3023.dat
1 72 -482 -64 120 1 0 0 0 1 0 0 0 1 2412.dat
1 71 -482 -76 158 1 0 0 0 0 -1 0 1 0 6233.dat
1 36 -482 -76 206 1 0 0 0 0 -1 0 1 0 4740.dat
1 71 -562 -48 130 0 0 1 0 1 0 -1 0 0 48183.dat
1 71 -532 -48 130 0 0 -1 0 1 0 1 0 0 60470.dat
1 72 -552 -56 140 1 0 0 0 1 0 0 0 1 63864.dat
1 72 -542 -40 130 1 0 0 0 1 0 0 0 1 2654.dat
1 71 -454 -96 130 0 1 0 0 0 1 1 0 0 48183.dat
1 71 -454 -66 130 0 1 0 0 0 -1 -1 0 0 60470.dat
1 72 -462 -86 140 0 1 0 1 0 0 0 0 -1 63864.dat
1 72 -446 -76 130 0 1 0 1 0 0 0 0 -1 2654.dat
1 71 -508 -28 17 -1 0 0 0 0 1 0 1 0 577.dat
1 36 -508 -28 -7 -1 0 0 0 0 1 0 1 0 4589.dat
1 71 -456 -28 17 -1 0 0 0 0 1 0 1 0 577.dat
1 36 -456 -28 -7 -1 0 0 0 0 1 0 1 0 4589.dat
1 71 -482 -56.847 42.163 1 0 0 0 0.669 0.743 0 -0.743 0.669 99207.dat
1 1 -482 -62.199 48.107 -1 0 0 0 0.669 -0.743 0 -0.743 -0.669 48336.dat
1 72 -492 -67.551 54.051 0 0 1 -0.743 0.669 0 -0.669 -0.743 0 4081.dat
1 72 -472 -67.551 54.051 0 0 -1 0.743 0.669 0 0.669 -0.743 0 4081.dat
1 71 -482 -72.903 59.995 1 0 0 0 0.669 0.743 0 -0.743 0.669 3069.dat
1 46 -482 -87.911 43.791 -1 0 0 0 0.743 0.669 0 0.669 -0.743 6070.dat
1 0 -482 -87.911 43.791 -1 0 0 0 0.743 0.669 0 0.669 -0.743 6074343k.dat
1 1 -492 -75.277 41.713 1 0 0 0 0.743 -0.669 0 0.669 0.743 11477.dat
1 1 -472 -75.277 41.713 1 0 0 0 0.743 -0.669 0 0.669 0.743 11477.dat
1 1 -512 -69.185 49.889 0 0 1 0.669 0.743 0 -0.743 0.669 0 54200.dat
1 1 -452 -69.185 49.889 0 0 -1 -0.669 0.743 0 0.743 0.669 0 54200.dat
1 71 -242 -24 130 1 0 0 0 1 0 0 0 1 4282.dat
1 72 -322 -16 120 1 0 0 0 1 0 0 0 1 4510.dat
1 72 -162 -16 120 1 0 0 0 1 0 0 0 1 4510.dat
1 72 -162 -16 140 -1 0 0 0 1 0 0 0 -1 4510.dat
1 72 -322 -16 140 -1 0 0 0 1 0 0 0 -1 4510.dat
1 0 -282 -32 130 -1 0 0 0 1 0 0 0 -1 91988.dat
1 72 -132 -24 130 0 0 -1 0 1 0 1 0 0 85984.dat
1 1 -102 -32 130 0 0 -1 0 1 0 1 0 0 3068.dat
1 15 -162 -40 130 0 0 -1 0 1 0 1 0 0 2460.dat
1 46 -192 -40 130 0 0 -1 0 1 0 1 0 0 3023.dat
1 71 -322 -40 190 0 0 1 0 1 0 -1 0 0 30356.dat
1 71 -322 -40 70 0 0 1 0 1 0 -1 0 0 30355.dat
1 71 -192 -48 130 0 0 -1 0 1 0 1 0 0 32028.dat
1 72 -212 -48 130 0 0 1 0 1 0 -1 0 0 4623.dat
1 72 -212 -48 170 0 0 1 0 1 0 -1 0 0 4623.dat
1 72 -212 -48 210 0 0 1 0 1 0 -1 0 0 4623.dat
1 72 -252 -48 170 0 0 1 0 1 0 -1 0 0 6636.dat
1 1 -212 -56 190 0 0 1 0 1 0 -1 0 0 2431.dat
1 1 -202 -56 130 0 0 1 0 1 0 -1 0 0 3068.dat
1 0 -432 -48 90 0 0 1 0 1 0 -1 0 0 60471.dat
1 0 -432 -48 150 0 0 1 0 1 0 -1 0 0 3710.dat
1 0 -412 -48 130 0 0 1 0 1 0 -1 0 0 3710.dat
1 1 -422 -56 130 0 0 1 0 1 0 -1 0 0 87079.dat
1 1 -422 -56 130 0 0 1 0 1 0 -1 0 0 6074343g.dat
1 72 -422 -40 80 0 0 -1 0 1 0 1 0 0 11477.dat
1 72 -422 -40 180 0 0 -1 0 1 0 1 0 0 11477.dat
1 72 -234 -68 170 0 1 0 -1 0 0 0 0 1 32074.dat
1 71 -254 -68 175 0 1 0 -1 0 0 0 0 1 57028d.dat
1 46 -309 -68 211 0 1 0 -1 0 0 0 0 1 4589.dat
1 179 482 -110.788 131.709 1 0 0 0 0.976296 0.21644 0 -0.21644 0.976296 15444.dat
1 71 482 -107.959 107.524 -1 0 0 0 0.976296 -0.21644 0 -0.21644 -0.976296 42446.dat
1 71 482 -48.473 39.271 1 0 0 0 0.917 0.399 0 -0.399 0.917 99207.dat
1 1 482 -55.809 42.463 -1 0 0 0 0.917 -0.399 0 -0.399 -0.917 48336.dat
1 72 472 -63.145 45.655 0 0 1 -0.399 0.917 0 -0.917 -0.399 0 4081.dat
1 72 492 -63.145 45.655 0 0 -1 0.399 0.917 0 0.917 -0.399 0 4081.dat
1 71 482 -70.481 48.847 1 0 0 0 0.917 0.399 0 -0.399 0.917 3069.dat
1 46 482 -77.425 27.875 -1 0 0 0 0.399 0.917 0 0.917 -0.399 6070.dat
1 0 482 -77.425 27.875 -1 0 0 0 0.399 0.917 0 0.917 -0.399 6074343k.dat
1 1 472 -65.063 31.221 1 0 0 0 0.399 -0.917 0 0.917 0.399 11477.dat
1 1 492 -65.063 31.221 1 0 0 0 0.399 -0.917 0 0.917 0.399 11477.dat
1 1 452 -62.907 41.189 0 0 1 0.917 0.399 0 -0.399 0.917 0 54200.dat
1 1 512 -62.907 41.189 0 0 -1 -0.917 0.399 0 0.399 0.917 0 54200.dat
1 72 482 -24 90 1 0 0 0 1 0 0 0 1 3022.dat
1 0 472 -40 100 -1 0 0 0 1 0 0 0 -1 13547.dat
1 0 492 -40 100 -1 0 0 0 1 0 0 0 -1 13547.dat
1 72 482 -32 80 1 0 0 0 1 0 0 0 1 3839.dat
1 72 482 -40 110 1 0 0 0 1 0 0 0 1 3022.dat
1 71 472 -40 70 0 0 1 0 1 0 -1 0 0 92280.dat
1 71 492 -40 70 0 0 1 0 1 0 -1 0 0 92280.dat
1 1 472 -48 90 0 0 1 0 1 0 -1 0 0 44567.dat
1 1 492 -48 90 0 0 -1 0 1 0 1 0 0 44567.dat
1 1 492 -48 130 0 0 -1 0 1 0 1 0 0 48336.dat
1 1 472 -48 130 0 0 1 0 1 0 -1 0 0 48336.dat
1 1 482 -56 120 1 0 0 0 1 0 0 0 1 4598.dat
1 46 482 -56 80 1 0 0 0 1 0 0 0 1 3023.dat
1 72 482 -64 120 1 0 0 0 1 0 0 0 1 2412.dat
1 71 482 -76 158 1 0 0 0 0 -1 0 1 0 6233.dat
1 36 482 -76 206 1 0 0 0 0 -1 0 1 0 4740.dat
1 71 454 -96 130 0 -1 0 0 0 1 -1 0 0 48183.dat
1 71 454 -66 130 0 -1 0 0 0 -1 1 0 0 60470.dat
1 72 462 -86 140 0 -1 0 1 0 0 0 0 1 63864.dat
1 72 446 -76 130 0 -1 0 1 0 0 0 0 1 2654.dat
1 71 562 -48 130 0 0 -1 0 1 0 1 0 0 48183.dat
1 71 532 -48 130 0 0 1 0 1 0 -1 0 0 60470.dat
1 72 552 -56 140 -1 0 0 0 1 0 0 0 -1 63864.dat
1 72 542 -40 130 -1 0 0 0 1 0 0 0 -1 2654.dat
1 71 456 -28 17 -1 0 0 0 0 1 0 1 0 577.dat
1 36 456 -28 -7 -1 0 0 0 0 1 0 1 0 4589.dat
1 71 508 -28 17 -1 0 0 0 0 1 0 1 0 577.dat
1 36 508 -28 -7 -1 0 0 0 0 1 0 1 0 4589.dat
1 71 242 -24 130 -1 0 0 0 1 0 0 0 -1 4282.dat
1 72 322 -16 140 -1 0 0 0 1 0 0 0 -1 4510.dat
1 72 162 -16 140 -1 0 0 0 1 0 0 0 -1 4510.dat
1 72 162 -16 120 1 0 0 0 1 0 0 0 1 4510.dat
1 72 322 -16 120 1 0 0 0 1 0 0 0 1 4510.dat
1 0 282 -32 130 1 0 0 0 1 0 0 0 1 91988.dat
1 72 132 -24 130 0 0 1 0 1 0 -1 0 0 85984.dat
1 1 102 -32 130 0 0 1 0 1 0 -1 0 0 3068.dat
1 15 162 -40 130 0 0 1 0 1 0 -1 0 0 2460.dat
1 46 192 -40 130 0 0 1 0 1 0 -1 0 0 3023.dat
1 71 322 -40 70 0 0 -1 0 1 0 1 0 0 30356.dat
1 71 322 -40 190 0 0 -1 0 1 0 1 0 0 30355.dat
1 71 192 -48 130 0 0 1 0 1 0 -1 0 0 32028.dat
1 72 212 -48 130 0 0 -1 0 1 0 1 0 0 4623.dat
1 72 212 -48 210 0 0 -1 0 1 0 1 0 0 4623.dat
1 72 212 -48 170 0 0 -1 0 1 0 1 0 0 4623.dat
1 72 252 -48 170 0 0 -1 0 1 0 1 0 0 6636.dat
1 1 212 -56 190 0 0 -1 0 1 0 1 0 0 2431.dat
1 1 202 -56 130 0 0 -1 0 1 0 1 0 0 3068.dat
1 0 432 -48 90 0 0 -1 0 1 0 1 0 0 60471.dat
1 0 432 -48 150 0 0 -1 0 1 0 1 0 0 3710.dat
1 0 412 -48 130 0 0 -1 0 1 0 1 0 0 3710.dat
1 1 422 -56 130 0 0 -1 0 1 0 1 0 0 87079.dat
1 1 422 -56 130 0 0 -1 0 1 0 1 0 0 6074343h.dat
1 72 422 -40 180 0 0 1 0 1 0 -1 0 0 11477.dat
1 72 422 -40 80 0 0 1 0 1 0 -1 0 0 11477.dat
1 72 234 -68 170 0 -1 0 1 0 0 0 0 1 32074.dat
1 71 254 -68 175 0 -1 0 1 0 0 0 0 1 57028d.dat
1 46 309 -68 211 0 -1 0 1 0 0 0 0 1 4589.dat
1 71 0 0 0 1 0 0 0 1 0 0 0 1 3702.dat
1 1 20 10 0 0 0 -1 0 1 0 1 0 0 6558.dat
1 1 -20 10 0 0 0 -1 0 1 0 1 0 0 6558.dat
1 72 0 -24 -90 1 0 0 0 1 0 0 0 1 54091.dat
1 0 30 -8 -20 1 0 0 0 1 0 0 0 1 2420.dat
1 0 -30 -8 -20 0 0 -1 0 1 0 1 0 0 2420.dat
1 1 -30 8 -50 0 0 -1 0 1 0 1 0 0 3023.dat
1 1 30 8 -50 0 0 -1 0 1 0 1 0 0 3023.dat
1 14 0 0 -50 1 0 0 0 1 0 0 0 1 3020.dat
1 71 10 -32 -50 0 0 -1 0 1 0 1 0 0 2432.dat
1 71 -10 -32 -50 0 0 1 0 1 0 -1 0 0 2432.dat
1 0 -30 -8 -80 0 0 1 0 1 0 -1 0 0 3665.dat
1 0 30 -8 -80 0 0 -1 0 1 0 1 0 0 3665.dat
1 72 -40 -8 -80 0 0 -1 0 1 0 1 0 0 61409.dat
1 72 40 -8 -80 0 0 1 0 1 0 -1 0 0 61409.dat
1 72 -40 -8 -20 0 0 -1 0 1 0 1 0 0 61409.dat
1 72 40 -8 -20 0 0 1 0 1 0 -1 0 0 61409.dat
1 1 0 -24 -160 -1 0 0 0 1 0 0 0 -1 3004.dat
1 0 40 -32 -140 0 0 1 0 1 0 -1 0 0 4522.dat
1 0 -40 -27 -140 0 0 -1 0 1 0 1 0 0 4006.dat
1 0 -40 -24 -160 -1 0 0 0 1 0 0 0 -1 30237.dat
1 0 40 -24 -160 -1 0 0 0 1 0 0 0 -1 30237.dat
1 0 -20 10 -170 0 0 -1 0 1 0 1 0 0 2780.dat
1 0 20 10 -170 0 0 -1 0 1 0 1 0 0 2780.dat
1 0 -20 10 -210 0 0 -1 0 1 0 1 0 0 2780.dat
1 0 20 10 -210 0 0 -1 0 1 0 1 0 0 2780.dat
1 0 0 10 -190 0 0 -1 0 1 0 1 0 0 2780.dat
1 0 -40 10 -190 0 0 -1 0 1 0 1 0 0 2780.dat
1 0 40 10 -190 0 0 -1 0 1 0 1 0 0 2780.dat
1 72 0 0 -200 -1 0 0 0 1 0 0 0 -1 3894.dat
1 72 0 0 -180 -1 0 0 0 1 0 0 0 -1 3894.dat
1 1 -20 10 -260 0 0 1 0 1 0 -1 0 0 6558.dat
1 1 20 10 -260 0 0 1 0 1 0 -1 0 0 6558.dat
1 72 0 0 -260 -1 0 0 0 1 0 0 0 -1 3894.dat
1 72 0 -24 -350 1 0 0 0 1 0 0 0 1 54091.dat
1 71 50 -24 -190 0 0 -1 0 1 0 1 0 0 3747.dat
1 71 -50 -24 -190 0 0 1 0 1 0 -1 0 0 3747.dat
1 72 -30 -8 -230 0 0 1 0 1 0 -1 0 0 6636.dat
1 72 30 -8 -230 0 0 1 0 1 0 -1 0 0 6636.dat
1 72 30 -8 -230 0 0 1 0 1 0 -1 0 0 6074343m.dat
1 72 -30 -8 -230 0 0 -1 0 1 0 1 0 0 6074343m.dat
1 1 0 0 -320 -1 0 0 0 1 0 0 0 -1 47457.dat
1 72 -50 -24 -260 0 0 1 0 1 0 -1 0 0 4287.dat
1 72 50 -24 -260 0 0 -1 0 1 0 1 0 0 4287.dat
1 72 50 -24 -280 1 0 0 0 1 0 0 0 1 4287.dat
1 72 -50 -24 -280 1 0 0 0 1 0 0 0 1 4287.dat
1 71 -50 -32 -230 0 0 1 0 1 0 -1 0 0 3460.dat
1 71 50 -32 -230 0 0 1 0 1 0 -1 0 0 3460.dat
1 1 -50 -40 -170 0 0 1 0 1 0 -1 0 0 3023.dat
1 1 50 -40 -170 0 0 1 0 1 0 -1 0 0 3023.dat
1 71 0 -48 -160 -1 0 0 0 1 0 0 0 -1 30137.dat
1 1 0 -8 -210 1 0 0 0 1 0 0 0 1 4598.dat
1 1 0 -8 -300 1 0 0 0 1 0 0 0 1 4598.dat
1 1 0 8 -380 1 0 0 0 1 0 0 0 1 4598.dat
1 0 -20 10 -430 0 0 -1 0 1 0 1 0 0 2780.dat
1 0 20 10 -430 0 0 -1 0 1 0 1 0 0 2780.dat
1 72 0 24 -470 1 0 0 0 1 0 0 0 1 47406.dat
1 1 -30 0 -470 0 0 -1 0 1 0 1 0 0 47457.dat
1 1 30 0 -470 0 0 1 0 1 0 -1 0 0 47457.dat
1 4 0 -24 -470 -1 0 0 0 1 0 0 0 -1 3001.dat
1 0 -20 -24 -440 -1 0 0 0 1 0 0 0 -1 3039.dat
1 72 -60 -24 -490 1 0 0 0 1 0 0 0 1 41764.dat
1 72 60 -24 -490 1 0 0 0 1 0 0 0 1 41765.dat
1 34 -10 -34 -418 1 0 0 0 0 1 0 -1 0 6141.dat
1 36 10 -34 -418 1 0 0 0 0 1 0 -1 0 6141.dat
1 71 0 -32 -440 -1 0 0 0 1 0 0 0 -1 99780.dat
1 71 -50 -32 -390 0 0 1 0 1 0 -1 0 0 3460.dat
1 71 50 -32 -390 0 0 1 0 1 0 -1 0 0 3460.dat
1 1 30 -32 -450 0 0 1 0 1 0 -1 0 0 3023.dat
1 1 -30 -32 -450 0 0 1 0 1 0 -1 0 0 3023.dat
1 71 90 -32 -350 1 0 0 0 1 0 0 0 1 47397.dat
1 71 -90 -32 -350 1 0 0 0 1 0 0 0 1 47398.dat
1 0 -160 -32 -430 0 0 1 0 1 0 -1 0 0 2817.dat
1 72 -170 -40 -430 0 0 1 0 1 0 -1 0 0 2540.dat
1 71 -120 -40 -410 0 0 1 0 1 0 -1 0 0 41769.dat
1 0 -120 -32 -430 0 0 1 0 1 0 -1 0 0 2817.dat
1 71 -80 -40 -440 -1 0 0 0 1 0 0 0 -1 3460.dat
1 1 -190 -38 -410 -0.34202 0 -0.939693 0.939693 0 -0.34202 0 -1 0 44676.dat
1 72 -90 -48 -430 0 0 -1 0 1 0 1 0 0 2412.dat
1 1 -140 -48 -430 1 0 0 0 1 0 0 0 1 87079.dat
1 1 -140 -48 -430 1 0 0 0 1 0 0 0 1 6074343i.dat
1 71 -160 -22 -450 0 0 1 0 1 0 -1 0 0 61184.dat
1 36 -160 -22 -474 0 0 1 1 0 0 0 1 0 4589.dat
1 71 -120 -22 -450 0 0 1 0 1 0 -1 0 0 61184.dat
1 36 -120 -22 -474 0 0 1 1 0 0 0 1 0 4589.dat
1 0 160 -32 -430 0 0 1 0 1 0 -1 0 0 2817.dat
1 72 170 -40 -430 0 0 -1 0 1 0 1 0 0 2540.dat
1 71 120 -40 -410 0 0 -1 0 1 0 1 0 0 41770.dat
1 0 120 -32 -430 0 0 1 0 1 0 -1 0 0 2817.dat
1 71 80 -40 -440 -1 0 0 0 1 0 0 0 -1 3460.dat
1 1 190 -38 -410 -0.34202 0 0.939693 -0.939693 0 -0.34202 0 -1 0 44676.dat
1 72 90 -48 -430 0 0 -1 0 1 0 1 0 0 2412.dat
1 1 140 -48 -430 1 0 0 0 1 0 0 0 1 87079.dat
1 1 140 -48 -430 1 0 0 0 1 0 0 0 1 6074343i.dat
1 71 120 -22 -450 0 0 1 0 1 0 -1 0 0 61184.dat
1 36 120 -22 -474 0 0 1 1 0 0 0 1 0 4589.dat
1 71 160 -22 -450 0 0 1 0 1 0 -1 0 0 61184.dat
1 36 160 -22 -474 0 0 1 1 0 0 0 1 0 4589.dat
1 1 0 -32 -530 0 0 1 0 1 0 -1 0 0 3034.dat
1 71 0 -40 -480 0 0 1 0 1 0 -1 0 0 3021.dat
1 72 0 -40 -520 -1 0 0 0 1 0 0 0 -1 2412.dat
1 72 0 -40 -580 -1 0 0 0 1 0 0 0 -1 2412.dat
1 72 0 -40 -550 -1 0 0 0 1 0 0 0 -1 87580.dat
1 71 0 -48 -550 -1 0 0 0 1 0 0 0 -1 4740.dat
1 72 0 -56 -550 -1 0 0 0 1 0 0 0 -1 6141.dat
1 72 0 -32 -630 0 0 1 0 1 0 -1 0 0 2444.dat
1 71 50 -32 -590 1 0 0 0 1 0 0 0 1 47397.dat
1 71 -50 -32 -590 1 0 0 0 1 0 0 0 1 47398.dat
1 1 50 -40 -510 1 0 0 0 1 0 0 0 1 54384.dat
1 1 -50 -40 -510 1 0 0 0 1 0 0 0 1 54383.dat
1 1 0 -40 -610 1 0 0 0 1 0 0 0 1 48183.dat
1 72 0 -40 -640 1 0 0 0 1 0 0 0 1 2412.dat
1 1 -50 -64 -440 1 0 0 0 1 0 0 0 1 43711.dat
1 1 50 -64 -440 1 0 0 0 1 0 0 0 1 43710.dat
1 1 0 -64 -440 1 0 0 0 1 0 0 0 1 30363.dat
1 72 -30 -64 -450 1 0 0 0 1 0 0 0 1 42022.dat
1 72 30 -64 -450 1 0 0 0 1 0 0 0 1 42022.dat
1 72 0 -22 -658 1 0 0 0 0 -1 0 1 0 4032.dat
1 1 0 -22 -682 1 0 0 0 0 -1 0 1 0 3941.dat
1 1 0 -22 -706 1 0 0 0 0 -1 0 1 0 3941.dat
1 1 0 -22 -754 1 0 0 0 0 -1 0 1 0 3942.dat
1 72 0 -22 -778 1 0 0 0 0 -1 0 1 0 4589.dat
1 70 0 -22 -658 1 0 0 0 0 -1 0 1 0 63965.dat
1 1 0 -22 -650 0 1 0 0 0 -1 -1 0 0 4274.dat
1 72 -60 -24 0 0 0 1 0 1 0 -1 0 0 42023.dat
1 72 60 -24 0 0 0 -1 0 1 0 1 0 0 42023.dat
1 1 0 -69.581 -361.624 0.94 0 -0.342 0.089 0.966 0.243 0.33 -0.259 0.908 16599.dat
1 1 0 -43.501 -368.613 1 0 0 0 0.965926 0.258819 0 -0.258819 0.965926 3838.dat
1 0 -20 10 310 0 0 1 0 1 0 -1 0 0 2780.dat
1 0 20 10 310 0 0 1 0 1 0 -1 0 0 2780.dat
1 71 0 0 320 1 0 0 0 1 0 0 0 1 3702.dat
1 1 -20 10 260 0 0 1 0 1 0 -1 0 0 6558.dat
1 1 20 10 260 0 0 1 0 1 0 -1 0 0 6558.dat
1 71 0 0 260 1 0 0 0 1 0 0 0 1 3702.dat
1 0 -50 -24 300 1 0 0 0 1 0 0 0 1 2357.dat
1 0 50 -24 300 0 0 -1 0 1 0 1 0 0 2357.dat
1 1 -20 10 200 0 0 1 0 1 0 -1 0 0 6558.dat
1 1 20 10 200 0 0 1 0 1 0 -1 0 0 6558.dat
1 72 0 0 200 1 0 0 0 1 0 0 0 1 3894.dat
1 71 0 0 130 1 0 0 0 1 0 0 0 1 32532.dat
1 71 -30 -8 230 0 0 1 0 1 0 -1 0 0 3666.dat
1 71 30 -8 230 0 0 1 0 1 0 -1 0 0 3666.dat
1 1 -10 -8 250 0 0 1 0 1 0 -1 0 0 4162.dat
1 1 10 -8 250 0 0 1 0 1 0 -1 0 0 4162.dat
1 72 60 -24 260 0 0 -1 0 1 0 1 0 0 42023.dat
1 72 -60 -24 260 0 0 1 0 1 0 -1 0 0 42023.dat
1 0 70 -24 180 -1 0 0 0 1 0 0 0 -1 3665.dat
1 0 -70 -24 180 -1 0 0 0 1 0 0 0 -1 3665.dat
1 14 50 -24 210 0 0 -1 0 1 0 1 0 0 3010.dat
1 14 -50 -24 210 0 0 -1 0 1 0 1 0 0 3010.dat
1 0 -50 -48 300 1 0 0 0 1 0 0 0 1 2357.dat
1 0 50 -48 300 0 0 -1 0 1 0 1 0 0 2357.dat
1 0 30 -32 180 1 0 0 0 1 0 0 0 1 3665.dat
1 0 -30 -32 180 1 0 0 0 1 0 0 0 1 3665.dat
1 14 30 -32 250 0 0 -1 0 1 0 1 0 0 3010.dat
1 14 -30 -32 250 0 0 -1 0 1 0 1 0 0 3010.dat
1 14 -30 -32 200 0 0 -1 0 1 0 1 0 0 3062.dat
1 14 30 -32 200 0 0 -1 0 1 0 1 0 0 3062.dat
1 0 50 -32 240 1 0 0 0 1 0 0 0 1 2420.dat
1 0 -50 -32 240 0 0 -1 0 1 0 1 0 0 2420.dat
1 72 -30 -40 230 0 0 -1 0 1 0 1 0 0 6636.dat
1 72 30 -40 230 0 0 -1 0 1 0 1 0 0 6636.dat
1 0 80 10 150 -1 0 0 0 1 0 0 0 -1 2780.dat
1 0 80 10 110 -1 0 0 0 1 0 0 0 -1 2780.dat
1 0 -80 10 150 -1 0 0 0 1 0 0 0 -1 2780.dat
1 0 -80 10 110 -1 0 0 0 1 0 0 0 -1 2780.dat
1 0 140 0 130 1 0 0 0 1 0 0 0 1 32531.dat
1 0 -140 0 130 1 0 0 0 1 0 0 0 1 32531.dat
1 0 -200 10 150 -1 0 0 0 1 0 0 0 -1 2780.dat
1 0 -200 10 110 -1 0 0 0 1 0 0 0 -1 2780.dat
1 0 200 10 150 -1 0 0 0 1 0 0 0 -1 2780.dat
1 0 200 10 110 -1 0 0 0 1 0 0 0 -1 2780.dat
1 71 240 0 130 1 0 0 0 1 0 0 0 1 32324.dat
1 71 -240 0 130 1 0 0 0 1 0 0 0 1 32324.dat
1 0 -100 -24 160 1 0 0 0 1 0 0 0 1 2653.dat
1 0 -260 -24 160 1 0 0 0 1 0 0 0 1 2653.dat
1 0 -260 -24 100 -1 0 0 0 1 0 0 0 -1 2653.dat
1 0 -100 -24 100 -1 0 0 0 1 0 0 0 -1 2653.dat
1 72 -180 -24 100 -1 0 0 0 1 0 0 0 -1 30413.dat
1 72 -180 -24 160 1 0 0 0 1 0 0 0 1 30413.dat
1 0 260 -24 160 1 0 0 0 1 0 0 0 1 2653.dat
1 0 100 -24 160 1 0 0 0 1 0 0 0 1 2653.dat
1 0 100 -24 100 -1 0 0 0 1 0 0 0 -1 2653.dat
1 0 260 -24 100 -1 0 0 0 1 0 0 0 -1 2653.dat
1 72 180 -24 100 -1 0 0 0 1 0 0 0 -1 30413.dat
1 72 180 -24 160 1 0 0 0 1 0 0 0 1 30413.dat
1 14 -280 -32 160 1 0 0 0 1 0 0 0 1 3069.dat
1 14 -280 -32 100 1 0 0 0 1 0 0 0 1 3069.dat
1 1 -180 -32 160 1 0 0 0 1 0 0 0 1 4162.dat
1 1 -180 -32 100 1 0 0 0 1 0 0 0 1 4162.dat
1 14 280 -32 100 -1 0 0 0 1 0 0 0 -1 3069.dat
1 14 280 -32 160 -1 0 0 0 1 0 0 0 -1 3069.dat
1 1 180 -32 100 -1 0 0 0 1 0 0 0 -1 4162.dat
1 1 180 -32 160 -1 0 0 0 1 0 0 0 -1 4162.dat
1 1 -20 10 60 0 0 1 0 1 0 -1 0 0 6558.dat
1 1 20 10 60 0 0 1 0 1 0 -1 0 0 6558.dat
1 72 0 0 60 1 0 0 0 1 0 0 0 1 3894.dat
1 0 -70 -24 80 1 0 0 0 1 0 0 0 1 3665.dat
1 0 70 -24 80 1 0 0 0 1 0 0 0 1 3665.dat
1 14 50 -24 50 0 0 -1 0 1 0 1 0 0 3010.dat
1 14 -50 -24 50 0 0 -1 0 1 0 1 0 0 3010.dat
1 0 -30 -8 50 0 0 -1 0 1 0 1 0 0 3710.dat
1 0 30 -8 50 0 0 -1 0 1 0 1 0 0 3710.dat
1 0 -30 -32 80 -1 0 0 0 1 0 0 0 -1 3665.dat
1 0 30 -32 80 -1 0 0 0 1 0 0 0 -1 3665.dat
1 14 30 -32 60 0 0 1 0 1 0 -1 0 0 3062.dat
1 14 -30 -32 60 0 0 1 0 1 0 -1 0 0 3062.dat
1 72 -30 -40 70 0 0 1 0 1 0 -1 0 0 2412.dat
1 72 30 -40 70 0 0 1 0 1 0 -1 0 0 2412.dat
1 14 -60 -32 70 0 0 1 0 1 0 -1 0 0 3020.dat
1 14 -60 -32 190 0 0 1 0 1 0 -1 0 0 3020.dat
1 14 60 -32 70 0 0 1 0 1 0 -1 0 0 3020.dat
1 14 60 -32 190 0 0 1 0 1 0 -1 0 0 3020.dat
1 1 0 -40 100 -1 0 0 0 1 0 0 0 -1 4162.dat
1 1 0 -40 160 -1 0 0 0 1 0 0 0 -1 4162.dat
1 72 -100 -24 160 0 0 -1 0 1 0 1 0 0 11477.dat
1 72 -100 -24 100 0 0 -1 0 1 0 1 0 0 11477.dat
1 72 100 -24 100 0 0 1 0 1 0 -1 0 0 11477.dat
1 72 100 -24 160 0 0 1 0 1 0 -1 0 0 11477.dat
1 71 0 -8 30 0 0 1 0 1 0 -1 0 0 3795.dat
1 72 0 -32 70 0 0 1 0 1 0 -1 0 0 30367.dat
1 71 0 -40 70 0 0 1 0 1 0 -1 0 0 4740.dat
1 47 0 -80 40 -1 0 0 0 1 0 0 0 -1 4215.dat
1 47 0 -80 40 -1 0 0 0 1 0 0 0 -1 6074343n.dat
1 0 -50 -32 20 -1 0 0 0 1 0 0 0 -1 2420.dat
1 0 50 -32 20 0 0 1 0 1 0 -1 0 0 2420.dat
1 71 0 -64 70 -0.707 0 0.707 0 1 0 -0.707 0 -0.707 4733.dat
1 72 0 -72 70 -0.707 0 0.707 0 1 0 -0.707 0 -0.707 6141.dat
1 46 11.312 -54 81.312 0 -0.707 0.707 -1 0 0 0 -0.707 -0.707 30153.dat
1 46 11.312 -54 58.688 0 -0.707 -0.707 -1 0 0 0 0.707 -0.707 30153.dat
1 46 -11.312 -54 58.688 0 0.707 -0.707 -1 0 0 0 0.707 0.707 30153.dat
1 46 -11.312 -54 81.312 0 0.707 0.707 -1 0 0 0 -0.707 0.707 30153.dat
1 0 -70 -80 60 0 0 1 0 1 0 -1 0 0 88292.dat
1 0 -70 -80 80 0 0 1 0 1 0 -1 0 0 88292.dat
1 0 70 -80 80 0 0 -1 0 1 0 1 0 0 88292.dat
1 0 70 -80 60 0 0 -1 0 1 0 1 0 0 88292.dat
1 71 0 -80 70 0 0 -1 0 1 0 1 0 0 3022.dat
1 72 70 -80 60 0 0 -1 0 1 0 1 0 0 4287.dat
1 72 -70 -80 60 0 0 1 0 1 0 -1 0 0 4287.dat
1 72 -70 -80 80 -1 0 0 0 1 0 0 0 -1 4287.dat
1 72 70 -80 80 -1 0 0 0 1 0 0 0 -1 4287.dat
1 71 0 -88 50 -1 0 0 0 1 0 0 0 -1 3022.dat
1 71 0 -96 50 -1 0 0 0 1 0 0 0 -1 3022.dat
1 72 -10 -104 50 0 0 1 0 1 0 -1 0 0 11458.dat
1 72 10 -104 50 0 0 1 0 1 0 -1 0 0 11458.dat
1 0 0 -104 80 -1 0 0 0 1 0 0 0 -1 6111.dat
1 71 40 -104 60 -1 0 0 0 1 0 0 0 -1 30136.dat
1 71 -40 -104 60 -1 0 0 0 1 0 0 0 -1 30136.dat
1 1 80 -104 60 1 0 0 0 1 0 0 0 1 3039.dat
1 1 -80 -104 60 1 0 0 0 1 0 0 0 1 3039.dat
1 1 -90 -128 80 1 0 0 0 1 0 0 0 1 3040.dat
1 1 90 -128 80 1 0 0 0 1 0 0 0 1 3040.dat
1 1 -40 -128 80 1 0 0 0 1 0 0 0 1 3037.dat
1 1 40 -128 80 1 0 0 0 1 0 0 0 1 3037.dat
1 1 0 -136 80 1 0 0 0 1 0 0 0 1 4162.dat
1 71 -120 -32 -110 1 0 0 0 1 0 0 0 1 30356.dat
1 1 -130 -56 -30 0 0 1 0 1 0 -1 0 0 3037.dat
1 72 -130 -56 -110 0 0 1 0 1 0 -1 0 0 30414.dat
1 0 -110 -80 0 1 0 0 0 1 0 0 0 1 88292.dat
1 14 -110 -56 -80 0 0 -1 0 1 0 1 0 0 3062.dat
1 14 -110 -56 -140 0 0 -1 0 1 0 1 0 0 3062.dat
1 1 -110 -80 -30 0 0 1 0 1 0 -1 0 0 3037.dat
1 1 -110 -80 -110 0 0 1 0 1 0 -1 0 0 3037.dat
1 72 -140 -46 -130 0 1 0 -1 0 0 0 0 1 61409.dat
1 71 120 -32 -110 1 0 0 0 1 0 0 0 1 30355.dat
1 1 130 -56 -30 0 0 -1 0 1 0 1 0 0 3037.dat
1 72 130 -56 -110 0 0 -1 0 1 0 1 0 0 30414.dat
1 0 110 -80 0 1 0 0 0 1 0 0 0 1 88292.dat
1 0 110 -56 -50 0 0 1 0 1 0 -1 0 0 3039.dat
1 14 110 -56 -80 0 0 -1 0 1 0 1 0 0 3062.dat
1 14 110 -56 -140 0 0 -1 0 1 0 1 0 0 3062.dat
1 1 110 -80 -110 0 0 -1 0 1 0 1 0 0 3037.dat
1 1 110 -80 -30 0 0 -1 0 1 0 1 0 0 3037.dat
1 72 140 -46 -130 0 -1 0 1 0 0 0 0 1 61409.dat
1 71 -70 -56 20 1 0 0 0 1 0 0 0 1 2462.dat
1 71 -70 -80 20 1 0 0 0 1 0 0 0 1 2462.dat
1 71 70 -56 20 0 0 1 0 1 0 -1 0 0 2462.dat
1 71 70 -80 20 0 0 1 0 1 0 -1 0 0 2462.dat
1 72 90 -88 0 0 0 1 0 1 0 -1 0 0 2450.dat
1 72 -90 -88 0 1 0 0 0 1 0 0 0 1 2450.dat
1 14 -110 -88 -60 0 0 1 0 1 0 -1 0 0 3623.dat
1 14 110 -88 -60 0 0 1 0 1 0 -1 0 0 3623.dat
1 71 -50 -88 40 0 0 1 0 1 0 -1 0 0 14719.dat
1 71 50 -88 40 -1 0 0 0 1 0 0 0 -1 14719.dat
1 14 80 -40 -170 -1 0 0 0 1 0 0 0 -1 3068.dat
1 14 -80 -40 -170 -1 0 0 0 1 0 0 0 -1 3068.dat
1 72 -110 -40 -170 0 0 -1 0 1 0 1 0 0 2412.dat
1 72 110 -40 -170 0 0 -1 0 1 0 1 0 0 2412.dat
1 71 0 -56 -170 1 0 0 0 1 0 0 0 1 3795.dat
1 0 0 -80 -170 1 0 0 0 1 0 0 0 1 3003.dat
1 0 -30 -80 -160 -1 0 0 0 1 0 0 0 -1 2357.dat
1 0 30 -80 -160 0 0 1 0 1 0 -1 0 0 2357.dat
1 36 -50 -64 -180 0 0 1 0 1 0 -1 0 0 6141.dat
1 36 50 -64 -180 0 0 1 0 1 0 -1 0 0 6141.dat
1 72 0 -88 -180 -1 0 0 0 1 0 0 0 -1 44822.dat
1 71 0 -88 -160 -1 0 0 0 1 0 0 0 -1 2431.dat
1 71 50 -48 -170 0 0 -1 0 1 0 1 0 0 99207.dat
1 71 -50 -48 -170 0 0 1 0 1 0 -1 0 0 99207.dat
1 71 -72 -60 -170 0 1 0 -1 0 0 0 0 1 3022.dat
1 71 -136 -60 -160 0 1 0 -1 0 0 0 0 1 30044.dat
1 71 -136 -60 -180 0 1 0 -1 0 0 0 0 1 30044.dat
1 0 -112 -60 -167 0 1 0 -1 0 0 0 0 1 30046.dat
1 71 72 -60 -170 0 -1 0 1 0 0 0 0 1 3022.dat
1 71 136 -60 -160 0 -1 0 1 0 0 0 0 1 30044.dat
1 71 136 -60 -180 0 -1 0 1 0 0 0 0 1 30044.dat
1 0 112 -60 -167 0 -1 0 1 0 0 0 0 1 30046.dat
1 1 -80 -88 -130 0 0 -1 0 1 0 1 0 0 30503.dat
1 1 80 -88 -130 -1 0 0 0 1 0 0 0 -1 30503.dat
1 1 -110 -96 -50 0 0 -1 0 1 0 1 0 0 2431.dat
1 1 -110 -96 -50 0 0 1 0 1 0 -1 0 0 6074343l.dat
1 1 110 -96 -50 0 0 -1 0 1 0 1 0 0 2431.dat
1 1 110 -96 -50 0 0 -1 0 1 0 1 0 0 6074343l.dat
1 71 90 -96 20 0 0 -1 0 1 0 1 0 0 2555.dat
1 71 90 -96 0 0 0 -1 0 1 0 1 0 0 2555.dat
1 71 -90 -96 20 0 0 -1 0 1 0 1 0 0 2555.dat
1 71 -90 -96 0 0 0 -1 0 1 0 1 0 0 2555.dat
1 72 0 -96 -70 1 0 0 0 1 0 0 0 1 6063.dat
1 1 -40 -104 -70 0 0 1 0 1 0 -1 0 0 3034.dat
1 1 40 -104 -70 0 0 1 0 1 0 -1 0 0 3034.dat
1 0 -70 -104 -90 0 0 1 0 1 0 -1 0 0 3710.dat
1 0 70 -104 -90 0 0 1 0 1 0 -1 0 0 3710.dat
1 72 -30 -104 30 0 0 -1 0 1 0 1 0 0 11458.dat
1 72 30 -104 30 0 0 -1 0 1 0 1 0 0 11458.dat
1 71 -70 -128 -90 1 0 0 0 1 0 0 0 1 15400.dat
1 71 70 -128 -90 1 0 0 0 1 0 0 0 1 15400.dat
1 36 70 -117 10 1 0 0 0 1 0 0 0 1 15303.dat
1 36 -70 -117 10 1 0 0 0 1 0 0 0 1 15303.dat
1 1 -50 -128 -70 0 0 -1 0 1 0 1 0 0 3004.dat
1 1 50 -128 -70 0 0 -1 0 1 0 1 0 0 3004.dat
1 71 90 -128 -70 0 0 -1 0 1 0 1 0 0 2432.dat
1 71 -90 -128 -70 0 0 1 0 1 0 -1 0 0 2432.dat
1 72 -70 -136 -110 0 0 1 0 1 0 -1 0 0 2412.dat
1 72 70 -136 -110 0 0 1 0 1 0 -1 0 0 2412.dat
1 72 -60 -136 -70 0 0 1 0 1 0 -1 0 0 15535.dat
1 71 -60 -136 -70 0 0 -1 0 -1 0 -1 0 0 6141.dat
1 71 60 -136 -70 0 0 -1 0 -1 0 -1 0 0 6141.dat
1 72 60 -136 -70 0 0 1 0 1 0 -1 0 0 15535.dat
1 14 0 -64 -70 0 0 1 0 1 0 -1 0 0 3020.dat
1 1 0 -104 -120 -1 0 0 0 1 0 0 0 -1 6087.dat
1 1 0 -104 -20 1 0 0 0 1 0 0 0 1 6087.dat
1 1 0 -72 -50 1 0 0 0 1 0 0 0 1 3068.dat
1 72 0 -72 -100 1 0 0 0 1 0 0 0 1 2412.dat
1 71 0 -72 -80 1 0 0 0 1 0 0 0 1 3794.dat
1 14 0 -96 -80 1 0 0 0 1 0 0 0 1 3062.dat
1 71 0 -112 -120 -1 0 0 0 1 0 0 0 -1 3069.dat
1 72 -30 -112 -70 0 0 -1 0 1 0 1 0 0 93274.dat
1 72 30 -112 -70 0 0 1 0 1 0 -1 0 0 93274.dat
1 1 -10 -128 10 0 0 1 0 1 0 -1 0 0 3039.dat
1 1 10 -128 10 0 0 -1 0 1 0 1 0 0 3039.dat
1 1 0 -96 -160 0 0 -1 0 1 0 1 0 0 93273.dat
1 46 0 -128 -140 1 0 0 0 1 0 0 0 1 30413.dat
1 72 0 -165 -20 -1 0 0 0 -1 0 0 0 1 30375.dat
1 71 0 -136 0 1 0 0 0 1 0 0 0 1 11476.dat
1 72 -10 -128 10 -1 0 0 0 1 0 0 0 -1 11477.dat
1 72 10 -128 10 -1 0 0 0 1 0 0 0 -1 11477.dat
1 0 30 -110 40 -1 0 0 0 1 0 0 0 -1 32054.dat
1 0 -30 -110 40 1 0 0 0 1 0 0 0 1 32054.dat
1 1 0 -118 -50 1 0 0 0 1 0 0 0 1 15429.dat
1 1 0 -126 -90 0 0 1 0 1 0 -1 0 0 6141.dat
1 1 0 -134 -90 -1 0 0 0 1 0 0 0 -1 3623.dat
1 1 0 -166 -90 -1 0 0 0 1 0 0 0 -1 3623.dat
1 1 -20 -166 -90 0 0 -1 0 1 0 1 0 0 54200.dat
1 1 20 -166 -90 0 0 1 0 1 0 -1 0 0 54200.dat
1 15 0 -174 -90 0 0 1 0 1 0 -1 0 0 85861.dat
1 1 0 -158 -90 1 0 0 0 1 0 0 0 1 3622.dat
1 1 0 -94 -90 0 0 1 0 1 0 -1 0 0 3024.dat
1 1 0 -94 -50 0 0 1 0 1 0 -1 0 0 3024.dat
1 297 0 -86 -50 0 0 1 0 1 0 -1 0 0 3024.dat
1 297 0 -86 -90 0 0 1 0 1 0 -1 0 0 3024.dat
1 297 0 -178 -90 0 0 1 1 0 0 0 1 0 89522.dat
1 1 60 -40 -310 0 0 1 0 1 0 -1 0 0 2445.dat
1 1 50 -64 -390 0 0 -1 0 1 0 1 0 0 3037.dat
1 1 50 -64 -390 0 0 -1 0 1 0 1 0 0 6074343a.dat
1 1 50 -64 -230 0 0 -1 0 1 0 1 0 0 6074343c.dat
1 1 50 -64 -230 0 0 -1 0 1 0 1 0 0 3037.dat
1 46 50 -64 -310 0 0 1 0 1 0 -1 0 0 30413.dat
1 71 70 -48 -290 0 0 1 0 1 0 -1 0 0 3794.dat
1 71 70 -48 -330 0 0 1 0 1 0 -1 0 0 3794.dat
1 72 70 -48 -290 0 0 -1 0 1 0 1 0 0 54200.dat
1 72 70 -48 -330 0 0 -1 0 1 0 1 0 0 54200.dat
1 1 -60 -40 -310 0 0 -1 0 1 0 1 0 0 2445.dat
1 1 -50 -64 -230 0 0 1 0 1 0 -1 0 0 3037.dat
1 1 -50 -64 -390 0 0 1 0 1 0 -1 0 0 3037.dat
1 1 -50 -64 -390 0 0 1 0 1 0 -1 0 0 6074343b.dat
1 1 -50 -64 -230 0 0 1 0 1 0 -1 0 0 6074343d.dat
1 46 -50 -64 -310 0 0 -1 0 1 0 1 0 0 30413.dat
1 71 -70 -48 -330 0 0 -1 0 1 0 1 0 0 3794.dat
1 71 -70 -48 -290 0 0 -1 0 1 0 1 0 0 3794.dat
1 72 -70 -48 -330 0 0 1 0 1 0 -1 0 0 54200.dat
1 72 -70 -48 -290 0 0 1 0 1 0 -1 0 0 54200.dat
1 1 -50 -88 -180 1 0 0 0 1 0 0 0 1 4286.dat
1 1 50 -88 -180 1 0 0 0 1 0 0 0 1 4286.dat
1 46 0 -94 -180 1 0 0 0 1 0 0 0 1 13252.dat
1 16 -91.955 -102 20 0 -1 0 -0.0615 0 0.9981 0.9981 0 0.0615 758.dat
1 16 -97.878 -101.998 19.997 -0.0012 -1 0.0007 -0.0876 0.0008 0.9962 0.9962 -0.0011 0.0876 758.dat
1 16 -103.847 -101.854 19.788 -0.0734 -0.9965 0.0391 -0.1121 0.0472 0.9926 0.991 -0.0685 0.1151 758.dat
1 16 -109.647 -101.373 19.089 -0.1819 -0.9791 0.0907 -0.1289 0.1152 0.9849 0.9748 -0.1674 0.1472 758.dat
1 16 -115.363 -100.511 17.833 -0.2807 -0.9509 0.1305 -0.1401 0.1751 0.9745 0.9495 -0.2553 0.1823 758.dat
1 16 -120.936 -99.313 16.084 -0.3675 -0.9164 0.1586 -0.1478 0.2259 0.9629 0.9182 -0.3304 0.2184 758.dat
1 16 -126.221 -97.854 13.948 -0.4427 -0.879 0.1769 -0.1531 0.2685 0.951 0.8835 -0.394 0.2535 758.dat
1 16 -131.32 -96.154 11.449 -0.5083 -0.8406 0.1871 -0.1576 0.3044 0.9394 0.8467 -0.448 0.2872 758.dat
1 16 -136.179 -94.263 8.661 -0.5653 -0.8026 0.1907 -0.1617 0.3345 0.9284 0.8089 -0.494 0.3188 758.dat
1 16 -140.808 -92.21 5.622 -0.6155 -0.7651 0.189 -0.1657 0.3601 0.9181 0.7705 -0.5338 0.3484 758.dat
1 16 -145.267 -89.995 2.331 -0.6601 -0.7286 0.1828 -0.17 0.382 0.9084 0.7317 -0.5686 0.376 758.dat
1 16 -149.479 -87.675 -1.13 -0.6997 -0.6932 0.1731 -0.1744 0.4007 0.8994 0.6928 -0.5991 0.4013 758.dat
1 16 -153.461 -85.263 -4.745 -0.7353 -0.6584 0.1607 -0.1788 0.4171 0.8911 0.6537 -0.6265 0.4244 758.dat
1 16 -157.271 -82.74 -8.544 -0.7679 -0.6238 0.1456 -0.1831 0.4316 0.8833 0.6138 -0.6516 0.4457 758.dat
1 16 -160.875 -80.135 -12.487 -0.7977 -0.5893 0.1284 -0.1873 0.4445 0.876 0.5733 -0.6747 0.4649 758.dat
1 16 -164.247 -77.478 -16.533 -0.8251 -0.5543 0.1096 -0.1908 0.4559 0.8693 0.5318 -0.6964 0.482 758.dat
1 16 -167.426 -74.743 -20.725 -0.8507 -0.5181 0.0889 -0.1937 0.4663 0.8632 0.4887 -0.717 0.497 758.dat
1 16 -170.374 -71.96 -25.023 -0.8747 -0.48 0.0669 -0.1954 0.4756 0.8577 0.4435 -0.7371 0.5098 758.dat
1 16 -173.114 -69.098 -29.478 -0.8973 -0.4392 0.0432 -0.1958 0.484 0.8529 0.3955 -0.7569 0.5203 758.dat
1 16 -175.565 -66.227 -33.992 -0.9187 -0.3945 0.0186 -0.1938 0.4914 0.8491 0.3441 -0.7765 0.5279 758.dat
1 16 -177.757 -63.288 -38.665 -0.939 -0.3438 -0.0076 -0.189 0.4977 0.8465 0.2873 -0.7963 0.5324 758.dat
1 16 -179.615 -60.328 -43.437 -0.958 -0.2847 -0.0348 -0.18 0.5026 0.8456 0.2232 -0.8163 0.5327 758.dat
1 16 -181.091 -57.334 -48.348 -0.975 -0.213 -0.0631 -0.1652 0.5051 0.8471 0.1486 -0.8363 0.5277 758.dat
1 16 -182.082 -54.346 -53.359 -0.9882 -0.1226 -0.0918 -0.1416 0.5037 0.8522 0.0583 -0.8551 0.5151 758.dat
1 16 -182.447 -51.395 -58.459 -0.9928 -0.0026 -0.1194 -0.105 0.4944 0.8629 -0.0568 -0.8692 0.4911 758.dat
1 16 -181.965 -48.533 -63.625 -0.9764 0.1629 -0.1416 -0.0498 0.4685 0.8821 -0.2101 -0.8683 0.4493 758.dat
1 16 -180.327 -45.947 -68.628 -0.9097 0.3883 -0.1469 0.0269 0.4081 0.9125 -0.4143 -0.8262 0.3817 758.dat
1 16 -177.252 -43.907 -73.09 -0.7477 0.6541 -0.114 0.1091 0.2903 0.9507 -0.655 -0.6984 0.2884 758.dat
1 16 -172.758 -42.684 -76.55 -0.4958 0.8677 -0.0358 0.1526 0.1277 0.98 -0.8549 -0.4804 0.1957 758.dat
1 16 -167.323 -42.37 -78.725 -0.2516 0.9663 0.0551 0.1413 -0.0196 0.9898 -0.9575 -0.2568 0.1316 758.dat
1 16 -161.536 -42.796 -79.736 -0.0749 0.9886 0.1308 0.1024 -0.1229 0.9871 -0.9919 -0.0873 0.0921 758.dat
1 16 -155.763 -43.849 -79.994 0.0124 0.9725 0.2324 0.0603 -0.2327 0.9707 -0.9981 -0.0019 0.0616 758.dat
1 16 -149.979 -45.075 -80 0.0065 0.9832 0.1825 0.035 -0.1826 0.9826 -0.9994 0 0.0356 758.dat
1 16 -91.955 -102 0 0 -1 0 -0.0715 0 0.9974 0.9974 0 0.0715 758.dat
1 16 -97.603 -102 0 0 -1 0 -0.1003 0 0.995 0.995 0 0.1003 758.dat
1 16 -103.237 -101.913 -0.168 -0.0591 -0.998 0.0215 -0.1282 0.0289 0.9913 0.99 -0.0558 0.1296 758.dat
1 16 -108.839 -101.596 -0.778 -0.1644 -0.9849 0.0546 -0.1511 0.0798 0.9853 0.9747 -0.1538 0.1619 758.dat
1 16 -114.333 -101.007 -1.914 -0.2618 -0.9619 0.0787 -0.1694 0.1261 0.9774 0.9501 -0.2426 0.196 758.dat
1 16 -119.667 -100.172 -3.519 -0.35 -0.932 0.0944 -0.1843 0.1673 0.9685 0.9185 -0.3216 0.2303 758.dat
1 16 -124.865 -99.112 -5.554 -0.428 -0.898 0.1023 -0.1972 0.2033 0.9591 0.882 -0.3903 0.264 758.dat
1 16 -129.798 -97.877 -7.925 -0.4966 -0.8618 0.1039 -0.2083 0.2346 0.9495 0.8426 -0.4498 0.296 758.dat
1 16 -134.567 -96.466 -10.629 -0.557 -0.8245 0.1001 -0.2188 0.2619 0.9399 0.8012 -0.5017 0.3263 758.dat
1 16 -139.12 -94.912 -13.603 -0.6099 -0.7872 0.0917 -0.2289 0.2858 0.9305 0.7587 -0.5465 0.3545 758.dat
1 16 -143.415 -93.248 -16.781 -0.6566 -0.75 0.0799 -0.2385 0.3069 0.9214 0.7156 -0.5859 0.3803 758.dat
1 16 -147.555 -91.453 -20.207 -0.6981 -0.713 0.0647 -0.248 0.3257 0.9124 0.6716 -0.6209 0.4042 758.dat
1 16 -151.455 -89.57 -23.794 -0.7351 -0.6763 0.0472 -0.2572 0.3427 0.9036 0.6273 -0.6521 0.4258 758.dat
1 16 -155.167 -87.586 -27.565 -0.7683 -0.6395 0.0274 -0.2661 0.3582 0.8949 0.5821 -0.6803 0.4454 758.dat
1 16 -158.655 -85.526 -31.474 -0.7984 -0.6022 0.0059 -0.2745 0.3725 0.8865 0.536 -0.7061 0.4627 758.dat
1 16 -161.961 -83.369 -35.557 -0.8255 -0.5641 -0.0175 -0.2824 0.386 0.8782 0.4886 -0.73 0.4779 758.dat
1 16 -165.01 -81.164 -39.723 -0.8503 -0.5247 -0.0421 -0.2891 0.3987 0.8703 0.4398 -0.7522 0.4907 758.dat
