0 
0 Name: New Model.ldr
0 Author: 
1 0 -265.626 -8 -117.785 0.866 0 0.5 0 1 0 -0.5 0 0.866 3460.dat
1 0 -315.626 -8 -204.385 0.866 0 0.5 0 1 0 -0.5 0 0.866 3460.dat
1 15 -247.326 -32 -186.085 0.5 0 -0.866 0 1 0 0.866 0 0.5 6140.dat
1 15 -299.286 -32 -156.085 0.5 0 -0.866 0 1 0 0.866 0 0.5 6140.dat
1 0 -273.306 -40 -171.085 0.5 0 -0.866 0 1 0 0.866 0 0.5 3031.dat
1 36 -273.306 -32 -171.085 0.5 0 -0.866 0 1 0 0.866 0 0.5 6141.dat
1 0 -299.286 -64 -156.085 -0.5 0 0.866 0 1 0 -0.866 0 -0.5 3747.dat
1 0 -314.286 -64 -182.065 -0.5 0 0.866 0 1 0 -0.866 0 -0.5 3665.dat
1 0 -284.286 -64 -130.105 -0.5 0 0.866 0 1 0 -0.866 0 -0.5 3665.dat
1 0 -296.966 -64 -192.065 0.5 0 -0.866 0 1 0 0.866 0 0.5 4286.dat
1 0 -266.966 -64 -140.105 0.5 0 -0.866 0 1 0 0.866 0 0.5 4286.dat
1 1 -255.986 -48 -181.085 0.866 0 0.5 0 1 0 -0.5 0 0.866 3020.dat
1 0 -333.926 -88 -136.085 -0.5 0 0.866 0 1 0 -0.866 0 -0.5 3660.dat
1 1 -316.606 -88 -146.085 -0.5 0 0.866 0 1 0 -0.866 0 -0.5 3004.dat
1 0 -299.286 -88 -156.085 -0.5 0 0.866 0 1 0 -0.866 0 -0.5 3010.dat
1 0 -331.606 -88 -172.065 -0.5 0 0.866 0 1 0 -0.866 0 -0.5 3665.dat
1 0 -301.606 -88 -120.105 -0.5 0 0.866 0 1 0 -0.866 0 -0.5 3665.dat
1 4 -333.926 -96 -136.085 -0.5 0 0.866 0 1 0 -0.866 0 -0.5 3794.dat
1 1 -281.966 -80 -166.085 0.5 0 -0.866 0 1 0 0.866 0 0.5 2432.dat
1 15 -225.006 -56 -187.425 0.5 0 -0.866 0 1 0 0.866 0 0.5 4592.dat
1 15 -235.006 -56 -204.745 0.5 0 -0.866 0 1 0 0.866 0 0.5 4592.dat
1 4 -351.246 -96 -126.085 -0.5 0 0.866 0 1 0 -0.866 0 -0.5 3794.dat
1 0 -230.006 -40 -196.085 0.5 0 -0.866 0 1 0 0.866 0 0.5 3023.dat
1 0 -230.006 -32 -196.085 0.5 0 -0.866 0 1 0 0.866 0 0.5 2540.dat
1 0 -296.966 -80 -192.065 0.965762 0 -0.258762 0 1 0 0.258762 0 0.965762 4735.dat
1 34 -296.5304 -88 -192.3165 0.866 0 0.5 0 1 0 -0.5 0 0.866 3024.dat
1 0 -266.966 -80 -140.105 0.866 0 0.5 0 1 0 -0.5 0 0.866 3024.dat
1 36 -266.966 -88 -140.105 0.866 0 0.5 0 1 0 -0.5 0 0.866 3024.dat
1 0 -266.966 -72 -140.105 -0.866 0 -0.5 0 1 0 0.5 0 -0.866 4085.dat
1 1 -307.946 -112 -151.085 -0.866 0 -0.5 0 1 0 0.5 0 -0.866 3003.dat
1 0 -284.286 -112 -130.105 -0.866 0 -0.5 0 1 0 0.5 0 -0.866 3622.dat
1 0 -314.286 -112 -182.065 -0.866 0 -0.5 0 1 0 0.5 0 -0.866 3622.dat
1 0 -348.926 -112 -162.065 -0.5 0 0.866 0 1 0 -0.866 0 -0.5 4070.dat
1 0 -318.926 -112 -110.105 -0.5 0 0.866 0 1 0 -0.866 0 -0.5 4070.dat
1 15 -198.99 -30 -194.363 0 0.866 -0.5 1 0 0 0 -0.5 -0.866 2555.dat
1 15 -215.99 -30 -223.807 0 0.866 -0.5 1 0 0 0 -0.5 -0.866 2555.dat
1 0 -411.866 -104 -91.085 -0.866 0 -0.5 0 1 0 0.5 0 -0.866 4477.dat
1 46 -192.062 -30 -198.363 0.5 0.866 0 0 0 1 0.866 -0.5 0 3024.dat
1 46 -209.062 -30 -227.807 0.5 0.866 0 0 0 1 0.866 -0.5 0 3024.dat
1 0 -411.866 -112 -91.085 -0.866 0 -0.5 0 1 0 0.5 0 -0.866 3666.dat
1 4 -342.586 -112 -131.085 -0.866 0 -0.5 0 1 0 0.5 0 -0.866 3794.dat
1 0 -486.146 -120 -59.745 0.5 0 -0.866 0 1 0 0.866 0 0.5 4488.dat
1 0 -374.906 -102 -147.065 0 0.866 0.5 -1 0 0 0 -0.5 0.866 3665.dat
1 0 -344.906 -102 -95.105 0 0.866 -0.5 1 0 0 0 -0.5 -0.866 3665.dat
1 0 -489.806 -144 -46.085 0.5 0 -0.866 0 1 0 0.866 0 0.5 3040.dat
1 36 -489.806 -152 -46.085 0.5 0 -0.866 0 1 0 0.866 0 0.5 3070.dat
1 0 -473.146 -115 -37.229 -0.866 -0.5 0 0 0 -1 0.5 -0.866 0 2421.dat
1 7 -356.19 -102 -66.651 0.5 0.866 0 0 0 1 0.866 -0.5 0 4589.dat
1 7 -366.19 -102 -83.971 0.5 0.866 0 0 0 1 0.866 -0.5 0 4589.dat
1 7 -396.19 -102 -135.931 0.5 0.866 0 0 0 1 0.866 -0.5 0 4589.dat
1 7 -406.19 -102 -153.251 0.5 0.866 0 0 0 1 0.866 -0.5 0 4589.dat
1 1 -299.286 -136 -156.085 0.5 0 -0.866 0 1 0 0.866 0 0.5 3660.dat
1 4 -368.566 -120 -116.085 0.5 0 -0.866 0 1 0 0.866 0 0.5 4592.dat
1 1 -316.606 -136 -146.085 -0.5 0 0.866 0 1 0 -0.866 0 -0.5 3298.dat
1 0 -275.626 -136 -135.105 -0.866 0 -0.5 0 1 0 0.5 0 -0.866 2877.dat
1 0 -305.626 -136 -187.065 0.866 0 0.5 0 1 0 -0.5 0 0.866 2877.dat
1 0 -301.606 -136 -120.105 -0.5 0 0.866 0 1 0 -0.866 0 -0.5 4286.dat
1 0 -331.606 -136 -172.065 -0.5 0 0.866 0 1 0 -0.866 0 -0.5 4286.dat
1 1 -307.946 -144 -151.085 0.866 0 0.5 0 1 0 -0.5 0 0.866 2460.dat
1 0 -281.966 -144 -166.085 0.5 0 -0.866 0 1 0 0.866 0 0.5 4315.dat
1 7 -307.946 -168 -151.085 0.5 0 -0.866 0 1 0 0.866 0 0.5 2479.dat
1 41 -269.842 -140 -173.085 0.5 0 -0.866 0 1 0 0.866 0 0.5 2483.dat
1 0 -262.946 -176 -73.145 0.5 0 -0.866 0 1 0 0.866 0 0.5 3460.dat
1 0 -352.946 -176 -229.025 0.5 0 -0.866 0 1 0 0.866 0 0.5 3460.dat
1 7 -256.966 -80 -122.785 0.5 0 -0.866 0 1 0 0.866 0 0.5 3959.dat
1 7 -290.316 -96 -230.545 0.866 0 0.5 0 1 0 -0.5 0 0.866 4360.dat
1 33 -236.182 -79 -134.785 0.5 0.866 0 0 0 1 0.866 -0.5 0 4740.dat
1 15 -286.9466 -100.001 -114.708 -0.866 -0.5 0 0 0 -1 0.5 -0.866 0 170872a.dat
1 15 -327.9457 -100.001 -185.7205 0.866 0.5 0 0 0 -1 -0.5 0.866 0 170872a.dat
