0 Main
0 Name: 31049 - Twin Spin Helicopter - Snowmobile.mpd
0 Author: LTRON
1 0 0 0 0 0 0 1 0 1 0 -1 0 0 3832.dat
1 4 0 -8 90 -1 0 0 0 1 0 0 0 -1 3023.dat
1 4 0 -8 40 -1 0 0 0 1 0 0 0 -1 4032.dat
1 0 0 -8 70 -1 0 0 0 1 0 0 0 -1 2926.dat
1 0 0 -8 10 -1 0 0 0 1 0 0 0 -1 2926.dat
1 4 0 -8 -10 -1 0 0 0 1 0 0 0 -1 3023.dat
1 1 0 -8 -60 0 0 1 0 1 0 -1 0 0 3709.dat
1 1 0 -16 60 0 0 1 0 1 0 -1 0 0 3709.dat
1 0 0 -16 -40 0 0 1 0 1 0 -1 0 0 3795.dat
1 4 0 -24 60 -1 0 0 0 1 0 0 0 -1 4032.dat
1 73 0 -40 90 -1 0 0 0 1 0 0 0 -1 3004.dat
1 14 0 -24 30 -1 0 0 0 1 0 0 0 -1 2412.dat
1 0 0 -24 -10 0 0 -1 0 1 0 1 0 0 3021.dat
1 14 0 -24 -70 -1 0 0 0 1 0 0 0 -1 2412.dat
1 71 -20 -24 -50 -1 0 0 0 1 0 0 0 -1 18677.dat
1 71 20 -24 -50 1 0 0 0 1 0 0 0 1 18677.dat
1 71 10 -24 -100 0 0 1 0 1 0 -1 0 0 18677.dat
1 71 -10 -24 -100 0 0 1 0 1 0 -1 0 0 18677.dat
1 0 0 -32 -20 0 0 1 0 1 0 -1 0 0 3832.dat
1 15 0 -56 40 0 0 1 0 1 0 -1 0 0 72454.dat
1 15 0 -56 -40 0 0 1 0 1 0 -1 0 0 72454.dat
1 4 0 -48 -30 -1 0 0 0 1 0 0 0 -1 3023.dat
1 0 0 -48 40 0 0 1 0 1 0 -1 0 0 3795.dat
1 15 0 -56 -100 1 0 0 0 1 0 0 0 1 43713.dat
1 0 0 -48 -100 0 0 1 0 1 0 -1 0 0 3795.dat
1 4 0 -56 -110 -1 0 0 0 1 0 0 0 -1 3023.dat
1 1 0 -56 60 0 0 1 0 1 0 -1 0 0 3709.dat
1 72 0 -56 -140 0 0 1 0 1 0 -1 0 0 15535.dat
1 0 20 -70 40 -1 0 0 0 1 0 0 0 -1 2780.dat
1 0 20 -70 80 -1 0 0 0 1 0 0 0 -1 2780.dat
1 1 10 -80 80 0 0 -1 0 1 0 1 0 0 3700.dat
1 1 10 -80 40 0 0 -1 0 1 0 1 0 0 3700.dat
1 1 -10 -80 40 0 0 1 0 1 0 -1 0 0 3700.dat
1 1 -10 -80 80 0 0 1 0 1 0 -1 0 0 3700.dat
1 0 -20 -70 40 1 0 0 0 1 0 0 0 1 2780.dat
1 0 -20 -70 80 1 0 0 0 1 0 0 0 1 2780.dat
1 4 0 -72 -20 0 0 -1 0 1 0 1 0 0 3001.dat
1 2 0 -72 -80 0 0 -1 0 1 0 1 0 0 3941.dat
1 4 30 -64 -80 0 0 -1 0 1 0 1 0 0 3023.dat
1 4 -30 -64 -80 0 0 -1 0 1 0 1 0 0 3023.dat
1 0 0 -64 -140 1 0 0 0 1 0 0 0 1 32059.dat
1 15 0 -72 -150 1 0 0 0 1 0 0 0 1 3023.dat
1 15 -30 -72 -80 0 0 1 0 1 0 -1 0 0 3023.dat
1 15 30 -72 -80 0 0 1 0 1 0 -1 0 0 3023.dat
1 15 -10 -56 -180 1 0 0 0 1 0 0 0 1 11477.dat
1 15 10 -56 -180 1 0 0 0 1 0 0 0 1 11477.dat
1 73 -10 -88 -20 0 0 1 0 1 0 -1 0 0 6081.dat
1 73 10 -88 -20 0 0 -1 0 1 0 1 0 0 6081.dat
1 1 0 -88 0 0 0 1 0 1 0 -1 0 0 3709.dat
1 1 0 -80 -80 -1 0 0 0 1 0 0 0 -1 3709.dat
1 73 10 -80 90 0 0 1 0 1 0 -1 0 0 54200.dat
1 73 -10 -80 90 0 0 -1 0 1 0 1 0 0 54200.dat
1 0 -10 -88 60 0 0 -1 0 1 0 1 0 0 2412.dat
1 0 10 -88 60 0 0 -1 0 1 0 1 0 0 2412.dat
1 72 0 -88 -80 0 0 -1 0 1 0 1 0 0 15535.dat
1 15 10 -80 -40 1 0 0 0 1 0 0 0 1 11477.dat
1 15 -10 -80 -40 1 0 0 0 1 0 0 0 1 11477.dat
1 47 0 -88 -110 1 0 0 0 1 0 0 0 1 3039.dat
1 4 10 -96 -10 0 0 -1 0 1 0 1 0 0 2420.dat
1 4 -10 -96 30 0 0 1 0 1 0 -1 0 0 2420.dat
1 0 0 -80 -150 1 0 0 0 1 0 0 0 1 2412.dat
1 15 30 -88 -80 0 0 -1 0 1 0 1 0 0 44728.dat
1 15 -30 -88 -80 0 0 1 0 1 0 -1 0 0 44728.dat
1 1 52 -68 -60 0 -1 0 -1 0 0 0 0 -1 41769.dat
1 14 60 -78 -80 0 -1 0 0 0 1 -1 0 0 2412.dat
1 1 -52 -68 -60 0 1 0 1 0 0 0 0 -1 41770.dat
1 14 -60 -78 -80 0 1 0 0 0 -1 -1 0 0 2412.dat
1 1 30 -88 -110 1 0 0 0 1 0 0 0 1 43710.dat
1 1 -30 -88 -110 1 0 0 0 1 0 0 0 1 43711.dat
1 4 0 8 0 1 0 0 0 1 0 0 0 1 4032.dat
1 15 0 16 0 1 0 0 0 1 0 0 0 1 2654.dat
1 15 50 -3 10 0 0 -1 0 1 0 1 0 0 4624.dat
1 256 50 -3 10 0 0 -1 0 1 0 1 0 0 59895.dat
1 15 50 -3 70 0 0 -1 0 1 0 1 0 0 4624.dat
1 256 50 -3 70 0 0 -1 0 1 0 1 0 0 59895.dat
1 15 -50 -3 70 0 0 1 0 -1 0 1 0 0 4624.dat
1 256 -50 -3 70 0 0 1 0 -1 0 1 0 0 59895.dat
1 15 -50 -3 10 0 0 1 0 -1 0 1 0 0 4624.dat
1 256 -50 -3 10 0 0 1 0 -1 0 1 0 0 59895.dat
1 16 50 11.8867 -6.136 1 0 0 0 -0.366501 -0.930418 0 0.930418 -0.366501 3873.dat
1 16 50 18.9146 8.2379 1 0 0 0 -0.898368 -0.439244 0 0.439244 -0.898368 3873.dat
1 16 50 18.9979 24.2377 1 0 0 0 -0.999986 -0.005207 0 0.005207 -0.999986 3873.dat
1 16 50 19 40.2377 1 0 0 0 -1 -0.000129 0 0.000129 -1 3873.dat
1 16 50 19 56.2377 1 0 0 0 -1 -0.000002 0 0.000002 -1 3873.dat
1 16 50 18.8799 72.2372 1 0 0 0 -0.999972 0.007503 0 -0.007503 -0.999972 3873.dat
1 16 50 11.579 86.4744 1 0 0 0 -0.889821 0.456309 0 -0.456309 -0.889821 3873.dat
1 16 50 -3.4554 91.9486 1 0 0 0 -0.342138 0.93965 0 -0.93965 -0.342138 3873.dat
1 16 50 -18.244 85.8414 1 0 0 0 0.3817 0.924286 0 -0.924286 0.3817 3873.dat
1 16 50 -24.9047 71.2937 1 0 0 0 0.90923 0.416295 0 -0.416295 0.90923 3873.dat
1 16 50 -24.997 55.294 1 0 0 0 0.999983 0.005766 0 -0.005766 0.999983 3873.dat
1 16 50 -24.9999 39.294 1 0 0 0 1 0.000186 0 -0.000186 1 3873.dat
1 16 50 -25 23.294 1 0 0 0 1 0.000004 0 -0.000004 1 3873.dat
1 16 50 -24.8137 7.2951 1 0 0 0 0.999932 -0.011642 0 0.011642 0.999932 3873.dat
1 16 50 -17.1864 -6.7699 1 0 0 0 0.879061 -0.47671 0 0.47671 0.879061 3873.dat
1 16 50 -3 -12 1 0 0 0 0.345911 -0.938267 0 0.938267 0.345911 3873.dat
1 16 -50 11.8867 -6.136 1 0 0 0 -0.366501 -0.930418 0 0.930418 -0.366501 3873.dat
1 16 -50 18.9146 8.2379 1 0 0 0 -0.898368 -0.439244 0 0.439244 -0.898368 3873.dat
1 16 -50 18.9979 24.2377 1 0 0 0 -0.999986 -0.005207 0 0.005207 -0.999986 3873.dat
1 16 -50 19 40.2377 1 0 0 0 -1 -0.000129 0 0.000129 -1 3873.dat
1 16 -50 19 56.2377 1 0 0 0 -1 -0.000002 0 0.000002 -1 3873.dat
1 16 -50 18.8799 72.2372 1 0 0 0 -0.999972 0.007503 0 -0.007503 -0.999972 3873.dat
1 16 -50 11.579 86.4744 1 0 0 0 -0.889821 0.456309 0 -0.456309 -0.889821 3873.dat
1 16 -50 -3.4554 91.9486 1 0 0 0 -0.342138 0.93965 0 -0.93965 -0.342138 3873.dat
1 16 -50 -18.244 85.8414 1 0 0 0 0.3817 0.924286 0 -0.924286 0.3817 3873.dat
1 16 -50 -24.9047 71.2937 1 0 0 0 0.90923 0.416295 0 -0.416295 0.90923 3873.dat
1 16 -50 -24.997 55.294 1 0 0 0 0.999983 0.005766 0 -0.005766 0.999983 3873.dat
1 16 -50 -24.9999 39.294 1 0 0 0 1 0.000186 0 -0.000186 1 3873.dat
1 16 -50 -25 23.294 1 0 0 0 1 0.000004 0 -0.000004 1 3873.dat
1 16 -50 -24.8137 7.2951 1 0 0 0 0.999932 -0.011642 0 0.011642 0.999932 3873.dat
1 16 -50 -17.1864 -6.7699 1 0 0 0 0.879061 -0.47671 0 0.47671 0.879061 3873.dat
1 16 -50 -3 -12 1 0 0 0 0.345911 -0.938267 0 0.938267 0.345911 3873.dat
1 15 30 -14 -110 1 0 0 0 -1 0 0 0 -1 32016.dat
1 0 30 -14 -70 0 0 -1 0 -1 0 -1 0 0 18651.dat
1 15 -30 -14 -110 1 0 0 0 -1 0 0 0 -1 32016.dat
1 0 -30 -14 -70 0 0 -1 0 -1 0 -1 0 0 18651.dat
1 4 0 -14 -110 1 0 0 0 1 0 0 0 1 3706.dat
1 4 50 -14 -110 0 0 -1 0 1 0 1 0 0 3713.dat
1 4 -50 -14 -110 0 0 1 0 -1 0 1 0 0 3713.dat
1 71 -30 1.307 -146.955 0 1 0 -0.383 0 0.924 0.924 0 0.383 22961.dat
1 71 30 1.307 -146.955 0 -1 0 -0.383 0 -0.924 0.924 0 -0.383 22961.dat
1 0 -40 0.925 -146.031 1 0 0 0 0.924 -0.383 0 0.383 0.924 2780.dat
1 0 40 0.925 -146.031 1 0 0 0 0.924 -0.383 0 0.383 0.924 2780.dat
1 72 50 14.925 -146.031 1 0 0 0 1 0 0 0 1 15540.dat
1 72 -50 14.925 -146.031 1 0 0 0 1 0 0 0 1 15540.dat
1 72 -30 -110 60 0 -1 0 0 0 1 -1 0 0 60484.dat
1 1 -40 -90 60 -1 0 0 0 -0.383 0.924 0 0.924 0.383 43093.dat
1 72 -50 -90 60 0 0 1 0.383 0.924 0 -0.924 0.383 0 10928.dat
1 72 -50 -110 60 0 0 1 0 1 0 -1 0 0 10928.dat
1 4 0 -110 60 -1 0 0 0 0 1 0 1 0 3706.dat
1 71 -15 -110 60 0 0 -1 0 -1 0 -1 0 0 32123.dat
1 71 0 -110 60 -1 0 0 0 0 -1 0 -1 0 61510.dat
1 71 15 -110 60 0 0 -1 0 1 0 1 0 0 32123.dat
1 72 30 -110 60 0 -1 0 0 0 1 -1 0 0 60484.dat
1 0 80 -70 60 1 0 0 0 1 0 0 0 1 62462.dat
1 71 50 -110 60 0 1 0 0 0 1 1 0 0 33299.dat
1 0 0 -108 -80 0 -0.556 0.831 -1 0 0 0 -0.831 -0.556 32015.dat
1 1 24.944 -108 -63.333 -0.831 0 -0.556 0 -1 0 -0.556 0 0.831 43093.dat
1 1 -24.944 -108 -63.333 0.831 0 0.556 0 1 0 -0.556 0 0.831 43093.dat
1 0 0 -88 -80 0 -1 0 1 0 0 0 0 1 18651.dat
1 71 0 -93 -80 0 -1 0 0 0 -1 1 0 0 32123.dat
1 40 0 -112 -70 1 0 0 0 1 0 0 0 1 62360.dat
