0 Main
0 Name: 42021-1 - Snowmobile.mpd
0 Author: LTRON
1 71 0 0 0 0 0 -1 -1 0 0 0 1 0 14720.dat
1 72 0 -30 0 0 0 1 1 0 0 0 1 0 87083.dat
1 72 0 -20 0 -1 0 0 0 1 0 0 0 -1 60483.dat
1 71 0 -40 0 1 0 0 0 0 1 0 -1 0 3713.dat
1 71 0 -10 -20 0 0 -1 1 0 0 0 -1 0 3673.dat
1 0 0 0 -20 0 -1 0 0 0 1 -1 0 0 32184.dat
1 71 -20 0 -30 0 1 0 0 0 1 1 0 0 2736.dat
1 71 20 0 -30 0 1 0 0 0 1 1 0 0 2736.dat
1 71 40 20 -20 0 0 -1 0 -1 0 -1 0 0 15459.dat
1 71 -40 20 -20 0 0 1 0 -1 0 1 0 0 15459.dat
1 71 -40 -20 -20 0 0 1 0 1 0 -1 0 0 15459.dat
1 71 40 -20 -20 0 0 -1 0 1 0 1 0 0 15459.dat
1 72 120 0 -20 -1 0 0 0 -1 0 0 0 1 15460.dat
1 72 -120 0 -20 -1 0 0 0 -1 0 0 0 1 15460.dat
1 71 80 20 -10 0 0 -1 0 1 0 1 0 0 3673.dat
1 71 -80 20 -10 0 0 -1 0 1 0 1 0 0 3673.dat
1 71 40 20 -40 1 0 0 0 1 0 0 0 1 32039.dat
1 71 -40 20 -40 1 0 0 0 1 0 0 0 1 32039.dat
1 0 100 0 -10 0 0 1 0 1 0 -1 0 0 15461.dat
1 72 40 -20 10 0 0 1 0 1 0 -1 0 0 87083.dat
1 72 -40 -20 10 0 0 1 0 1 0 -1 0 0 87083.dat
1 0 -100 0 -10 0 0 1 0 1 0 -1 0 0 15461.dat
1 27 40 -20 20 1 0 0 0 0 -1 0 1 0 32140.dat
1 0 60 -80 20 0 1 0 0 0 -1 -1 0 0 32054.dat
1 0 -60 -80 20 0 1 0 0 0 -1 -1 0 0 32054.dat
1 27 -40 -20 20 -1 0 0 0 0 -1 0 -1 0 32140.dat
1 71 0 -70 0 -1 0 0 0 0 -1 0 -1 0 59443.dat
1 0 -120 0 -40 0 0 1 1 0 0 0 1 0 32005.dat
1 71 0 20 -60 1 0 0 0 1 0 0 0 1 32073.dat
1 71 0 20 80 1 0 0 0 1 0 0 0 1 32073.dat
1 0 20 0 -40 0 0 1 1 0 0 0 1 0 32005.dat
1 0 -40 20 10 0 0 1 0 1 0 -1 0 0 3706.dat
1 71 -40 20 60 -1 0 0 0 1 0 0 0 -1 32039.dat
1 0 -40 0 40 0 0 1 0 1 0 -1 0 0 32184.dat
1 72 -40 20 20 1 0 0 0 0 -1 0 1 0 60483.dat
1 0 -40 0 10 0 1 0 0 0 -1 -1 0 0 2780.dat
1 0 40 20 10 0 0 1 0 1 0 -1 0 0 3706.dat
1 71 40 20 60 -1 0 0 0 1 0 0 0 -1 32039.dat
1 0 40 0 40 0 0 1 0 1 0 -1 0 0 32184.dat
1 72 40 20 20 1 0 0 0 0 -1 0 1 0 60483.dat
1 0 40 0 10 0 1 0 0 0 -1 -1 0 0 2780.dat
1 0 -20 20 0 0 -1 0 1 0 0 0 0 1 32525.dat
1 0 20 20 0 0 -1 0 1 0 0 0 0 1 32525.dat
1 71 -10 0 60 -1 0 0 0 -1 0 0 0 1 3673.dat
1 1 0 20 60 1 0 0 0 1 0 0 0 1 6558.dat
1 1 0 20 -20 1 0 0 0 1 0 0 0 1 6558.dat
1 0 -20 20 100 -1 0 0 0 1 0 0 0 -1 32054.dat
1 15 0 20 -20 0 1 0 -1 0 0 0 0 1 32526.dat
1 72 20 20 100 -1 0 0 0 -1 0 0 0 1 11214.dat
1 27 0 20 -100 0 -1 0 -0.299 0 -0.954 0.954 0 -0.299 32140.dat
1 71 0 20 -100 1 0 0 0 0.954 -0.299 0 0.299 0.954 4519.dat
1 0 20 -94.72 31.36 0 -1 0 0.934 0 -0.358 0.358 0 0.934 32009.dat
1 0 -20 -94.72 31.36 0 -1 0 0.934 0 -0.358 0.358 0 0.934 32009.dat
1 0 30 -58.92 -62.04 -1 0 0 0 -0.934 -0.358 0 -0.358 0.934 2780.dat
1 0 -30 -58.92 -62.04 -1 0 0 0 -0.934 -0.358 0 -0.358 0.934 2780.dat
1 0 30 -57.36 45.68 -1 0 0 0 -0.934 -0.358 0 -0.358 0.934 2780.dat
1 0 -30 -57.36 45.68 -1 0 0 0 -0.934 -0.358 0 -0.358 0.934 2780.dat
1 1 0 -38.68 52.84 -1 0 0 0 -0.934 -0.358 0 -0.358 0.934 6558.dat
1 71 0 -20 60 1 0 0 0 0.934 -0.358 0 0.358 0.934 4519.dat
1 71 0 -37.44 -118.08 -1 0 0 0 -0.934 -0.358 0 -0.358 0.934 4519.dat
1 0 -40 -73.24 -24.68 0 1 0 0.934 0 0.358 0.358 0 -0.934 11946.dat
1 0 40 -73.24 -24.68 0 -1 0 -0.934 0 0.358 -0.358 0 -0.934 11947.dat
1 0 -30 -51.7 -80.7 -1 0 0 0 -0.954 -0.299 0 -0.299 0.954 2780.dat
1 1 20 -51.7 -80.7 1 0 0 0 -0.954 0.299 0 -0.299 -0.954 6558.dat
1 27 0 -69.64 -23.46 0 1 0 0.954 0 0.299 0.299 0 -0.954 32140.dat
1 71 0 -32.68 -74.72 1 0 0 0 -0.932 0.362 0 -0.362 -0.932 32073.dat
1 0 -20 -25.44 -93.36 -1 0 0 0 0.362 -0.932 0 -0.932 -0.362 32184.dat
1 47 -40 -32.68 -74.72 0 1 0 -0.932 0 -0.362 -0.362 0 0.932 41669.dat
1 71 0 -18.2 -112 1 0 0 0 -0.932 0.362 0 -0.362 -0.932 4519.dat
1 0 20 -25.44 -93.36 -1 0 0 0 0.362 -0.932 0 -0.932 -0.362 32184.dat
1 47 40 -32.68 -74.72 0 -1 0 0.932 0 -0.362 0.362 0 0.932 41669.dat
1 27 0 -75.78 166.92 0 1 0 0.951 0 0.309 0.309 0 -0.951 41239.dat
1 1 0 -63.42 128.88 -1 0 0 0 -0.951 -0.309 0 -0.309 0.951 6558.dat
1 1 0 -81.96 185.94 -1 0 0 0 -0.951 -0.309 0 -0.309 0.951 6558.dat
1 1 0 -112.86 281.04 -1 0 0 0 -0.951 -0.309 0 -0.309 0.951 6558.dat
1 0 20 -100.5 243 0 -1 0 0.951 0 -0.309 0.309 0 0.951 11946.dat
1 0 20 -94.32 223.98 0 -1 0 -0.951 0 0.309 -0.309 0 -0.951 11947.dat
1 4 20 -97.41 233.49 0 -1 0 -0.309 0 -0.951 0.951 0 -0.309 32062.dat
1 0 -20 -94.32 223.98 0 1 0 0.951 0 0.309 0.309 0 -0.951 11946.dat
1 0 -20 -100.5 243 0 1 0 -0.951 0 -0.309 -0.309 0 0.951 11947.dat
1 4 -20 -97.41 233.49 0 1 0 0.309 0 -0.951 -0.951 0 -0.309 32062.dat
1 0 -40 0.1 198 0 -1 0 -0.98 0 0.199 -0.199 0 -0.98 32525.dat
1 0 40 0.1 198 0 -1 0 -0.98 0 0.199 -0.199 0 -0.98 32525.dat
1 0 -20 16.02 119.6 -1 0 0 0 0.98 0.199 0 0.199 -0.98 32054.dat
1 0 -50 -3.88 217.6 -1 0 0 0 0.98 0.199 0 0.199 -0.98 2780.dat
1 0 50 -3.88 217.6 -1 0 0 0 0.98 0.199 0 0.199 -0.98 2780.dat
1 72 20 16.02 119.6 -1 0 0 0 0.98 0.199 0 0.199 -0.98 11214.dat
1 27 -60 -21.76 160.3 0 -1 0 -0.955 0 -0.297 0.297 0 -0.955 32524.dat
1 27 60 -21.76 160.3 0 -1 0 -0.955 0 -0.297 0.297 0 -0.955 32524.dat
1 0 -50 -39.58 103 1 0 0 0 -0.955 -0.297 0 0.297 -0.955 2780.dat
1 0 50 -39.58 103 1 0 0 0 -0.955 -0.297 0 0.297 -0.955 2780.dat
1 0 50 -33.64 122.1 1 0 0 0 -0.955 -0.297 0 0.297 -0.955 2780.dat
1 0 -50 -33.64 122.1 1 0 0 0 -0.955 -0.297 0 0.297 -0.955 2780.dat
1 0 -40 -45.52 83.9 0 1 0 0.955 0 -0.297 -0.297 0 -0.955 32316.dat
1 0 40 -45.52 83.9 0 1 0 0.955 0 -0.297 -0.297 0 -0.955 32316.dat
1 27 0 25 294.5 0 -1 0 1 0 0 0 0 1 41239.dat
1 71 10 25 174.5 0 0 -1 1 0 0 0 -1 0 87407.dat
1 71 10 25 414.5 0 0 -1 1 0 0 0 -1 0 87407.dat
1 71 -10 25 414.5 0 0 1 1 0 0 0 1 0 87407.dat
1 71 -10 25 174.5 0 0 1 1 0 0 0 1 0 87407.dat
1 19 0 25 174.5 1 0 0 0 1 0 0 0 1 32556.dat
1 19 0 25 414.5 1 0 0 0 1 0 0 0 1 32556.dat
1 1 0 -18.12 292.86 1 0 0 0 -0.823 -0.568 0 0.568 -0.823 6558.dat
1 1 0 25 214.5 1 0 0 0 -0.823 -0.568 0 0.568 -0.823 6558.dat
1 15 -20 25 214.5 0 -1 0 0.568 0 -0.823 0.823 0 0.568 32526.dat
1 15 20 25 214.5 0 -1 0 0.568 0 -0.823 0.823 0 0.568 32526.dat
1 19 -10 -40.84 259.94 1 0 0 0 0.568 -0.823 0 0.823 0.568 3749.dat
1 71 -30 -7.92 237.22 1 0 0 0 0.568 -0.823 0 0.823 0.568 3673.dat
1 71 30 -7.92 237.22 1 0 0 0 0.568 -0.823 0 0.823 0.568 3673.dat
1 71 30 -40.84 259.94 1 0 0 0 0.568 -0.823 0 0.823 0.568 4274.dat
1 0 0 49 169.5 -1 0 0 0 -1 0 0 0 1 15379.dat
1 0 0 49 185.5 -1 0 0 0 -1 0 0 0 1 15379.dat
1 0 0 49 201.5 -1 0 0 0 -1 0 0 0 1 15379.dat
1 0 0 49 217.5 -1 0 0 0 -1 0 0 0 1 15379.dat
1 0 0 49 233.5 -1 0 0 0 -1 0 0 0 1 15379.dat
1 0 0 49 249.5 -1 0 0 0 -1 0 0 0 1 15379.dat
1 0 0 49 265.5 -1 0 0 0 -1 0 0 0 1 15379.dat
1 0 0 49 281.5 -1 0 0 0 -1 0 0 0 1 15379.dat
1 0 0 49 297.5 -1 0 0 0 -1 0 0 0 1 15379.dat
1 0 0 49 313.5 -1 0 0 0 -1 0 0 0 1 15379.dat
1 0 0 49 329.5 -1 0 0 0 -1 0 0 0 1 15379.dat
1 0 0 49 345.5 -1 0 0 0 -1 0 0 0 1 15379.dat
1 0 0 49 361.5 -1 0 0 0 -1 0 0 0 1 15379.dat
1 0 0 49 377.5 -1 0 0 0 -1 0 0 0 1 15379.dat
1 0 0 49 393.5 -1 0 0 0 -1 0 0 0 1 15379.dat
1 0 0 49 409.5 -1 0 0 0 -1 0 0 0 1 15379.dat
1 0 0 49 425.5 -1 0 0 0 -0.669131 -0.743145 0 -0.743145 0.669131 15379.dat
1 0 0 37.11 436.206 -1 0 0 0 -0.25038 -0.968148 0 -0.968148 0.25038 15379.dat
1 0 0 21.62 440.212 -1 0 0 0 0.48481 -0.87462 0 -0.87462 -0.48481 15379.dat
1 0 0 7.626 432.456 -1 0 0 0 0.861629 -0.507538 0 -0.507538 -0.861629 15379.dat
1 0 0 -0.495 418.67 -1 0 0 0 0.956305 -0.292372 0 -0.292372 -0.956305 15379.dat
1 0 0 -5.172 403.369 -1 0 0 0 0.951057 -0.309017 0 -0.309017 -0.951057 15379.dat
1 0 0 -10.116 388.152 -1 0 0 0 0.948324 -0.317305 0 -0.317305 -0.948324 15379.dat
1 0 0 -15.193 372.979 -1 0 0 0 0.948324 -0.317305 0 -0.317305 -0.948324 15379.dat
1 0 0 -20.27 357.806 -1 0 0 0 0.951057 -0.309017 0 -0.309017 -0.951057 15379.dat
1 0 0 -25.214 342.589 -1 0 0 0 0.951057 -0.309017 0 -0.309017 -0.951057 15379.dat
1 0 0 -30.158 327.372 -1 0 0 0 0.945519 -0.325568 0 -0.325568 -0.945519 15379.dat
1 0 0 -35.366 312.244 -1 0 0 0 0.948324 -0.317305 0 -0.317305 -0.948324 15379.dat
1 0 0 -40.443 297.071 -1 0 0 0 0.948324 -0.317305 0 -0.317305 -0.948324 15379.dat
1 0 0 -45.52 281.897 -1 0 0 0 0.948324 -0.317305 0 -0.317305 -0.948324 15379.dat
1 0 0 -50.597 266.723 -1 0 0 0 0.97437 -0.224951 0 -0.224951 -0.97437 15379.dat
1 0 0 -54.196 251.133 -1 0 0 0 0.833886 0.551937 0 0.551937 -0.833886 15379.dat
1 0 0 -45.365 237.792 -1 0 0 0 0.833886 0.551937 0 0.551937 -0.833886 15379.dat
1 0 0 -36.534 224.449 -1 0 0 0 0.833886 0.551937 0 0.551937 -0.833886 15379.dat
1 0 0 -27.703 211.107 -1 0 0 0 0.833886 0.551937 0 0.551937 -0.833886 15379.dat
1 0 0 -18.872 197.764 -1 0 0 0 0.833886 0.551937 0 0.551937 -0.833886 15379.dat
1 0 0 -10.041 184.421 -1 0 0 0 0.843391 0.5373 0 0.5373 -0.843391 15379.dat
1 0 0 -1.444 170.927 -1 0 0 0 0.843391 0.5373 0 0.5373 -0.843391 15379.dat
1 0 0 7.152 157.433 -1 0 0 0 0.529919 0.848048 0 0.848048 -0.529919 15379.dat
1 0 0 20.72 148.954 -1 0 0 0 -0.207912 0.978148 0 0.978148 0.207912 15379.dat
1 0 0 36.37 152.281 -1 0 0 0 -0.688355 0.725374 0 0.725374 0.688355 15379.dat
1 15 -15 -3.76 306.7 0 -1 0 0.695 0 0.719 -0.719 0 0.695 6632.dat
1 15 15 -3.76 306.7 0 -1 0 0.695 0 0.719 -0.719 0 0.695 6632.dat
1 4 0 25 334.5 -1 0 0 0 -0.695 0.719 0 0.719 0.695 32062.dat
1 4 0 -3.76 306.7 -1 0 0 0 -0.695 0.719 0 0.719 0.695 32062.dat
1 72 0 -3.76 306.7 0 -1 0 -0.695 0 -0.719 0.719 0 -0.695 60483.dat
1 0 -20 -23.72 124.18 0 1 0 -0.117 0 -0.993 -0.993 0 0.117 32316.dat
1 0 20 -23.72 124.18 0 1 0 -0.117 0 -0.993 -0.993 0 0.117 32316.dat
1 0 60 -80 0 -0.981 -0.196 0 0.196 -0.981 0 0 0 1 4254.dat
1 71 79.992 20.062 0 -0.981 -0.196 0 0.196 -0.981 0 0 0 1 4255.dat
1 0 -60 -80 0 -0.981 0.196 0 -0.196 -0.981 0 0 0 1 4254.dat
1 71 -79.992 20.062 0 -0.981 0.196 0 -0.196 -0.981 0 0 0 1 4255.dat
1 71 0 -100 0 -1 0 0 0 0 1 0 1 0 57585.dat
1 4 64.385 -123.914 0 -0.991445 0 0.130526 0.130526 0 0.991445 0 1 0 32062.dat
1 71 74.299 -125.219 0 -0.130526 0 -0.991445 -0.991445 0 0.130526 0 1 0 3713.dat
1 0 34.642 -119.999 0 0 -0.5 0.866025 0 -0.866025 -0.5 1 0 0 32016.dat
1 4 -64.385 -123.914 0 0.991445 0 -0.130526 0.130526 0 0.991445 0 -1 0 32062.dat
1 71 -74.299 -125.219 0 0.130526 0 0.991445 -0.991445 0 0.130526 0 -1 0 3713.dat
1 0 -34.642 -119.999 0 0 0.5 -0.866025 0 -0.866025 -0.5 -1 0 0 32016.dat
1 0 140 40 -40 1 0 0 0 0 -1 0 1 0 92907.dat
1 0 140 40 0 -1 0 0 0 1 0 0 0 -1 92907.dat
1 4 140 60 -20 1 0 0 0 0 -1 0 1 0 32062.dat
1 4 140 60 0 1 0 0 0 0 -1 0 1 0 32062.dat
1 4 140 60 20 1 0 0 0 0 -1 0 1 0 32062.dat
1 0 140 60 20 0 1 0 -1 0 0 0 0 1 32140.dat
1 4 140 40 -20 1 0 0 0 0 -1 0 1 0 32062.dat
1 0 140 40 -20 0 -1 0 0 0 -1 1 0 0 33299.dat
1 0 140 60 0 0 -1 0 -1 0 0 0 0 -1 32271.dat
1 0 -140 40 -40 1 0 0 0 0 -1 0 1 0 92907.dat
1 0 -140 40 0 -1 0 0 0 1 0 0 0 -1 92907.dat
1 4 -140 60 -20 1 0 0 0 0 -1 0 1 0 32062.dat
1 4 -140 60 0 1 0 0 0 0 -1 0 1 0 32062.dat
1 4 -140 60 20 1 0 0 0 0 -1 0 1 0 32062.dat
1 0 -140 60 20 0 1 0 -1 0 0 0 0 1 32140.dat
1 4 -140 40 -20 1 0 0 0 0 -1 0 1 0 32062.dat
1 0 -140 40 -20 0 1 0 0 0 -1 -1 0 0 33299.dat
1 0 -140 60 0 0 -1 0 -1 0 0 0 0 -1 32271.dat
