0 Main
0 Name: 1478-1 - Mobile Satellite Up-Link.mpd
0 Author: LTRON
1 0 0 0 0 1 0 0 0 1 0 0 0 1 4600.dat
1 7 30 5 0 0 0 -1 0 1 0 1 0 0 4624.dat
1 256 38 5 0 0 0 -1 0 1 0 1 0 0 4288.dat
1 7 -30 5 0 0 0 1 0 1 0 -1 0 0 4624.dat
1 256 -38 5 0 0 0 1 0 1 0 -1 0 0 4288.dat
1 0 0 -8 -20 -1 0 0 0 1 0 0 0 -1 3639.dat
1 4 0 -32 -30 1 0 0 0 1 0 0 0 1 3039.dat
1 15 0 -40 -30 -1 0 0 0 1 0 0 0 -1 3069.dat
1 0 22.961 0 95.433 0.92388 0 0.382683 0 1 0 -0.382683 0 0.92388 4600.dat
1 7 50.6774 5 83.9525 0.382683 0 -0.92388 0 1 0 0.92388 0 0.382683 4624.dat
1 256 58.0684 5 80.891 0.382683 0 -0.92388 0 1 0 0.92388 0 0.382683 4288.dat
1 7 -4.7554 5 106.9135 -0.382683 0 0.92388 0 1 0 -0.92388 0 -0.382683 4624.dat
1 256 -12.1464 5 109.975 -0.382683 0 0.92388 0 1 0 -0.92388 0 -0.382683 4288.dat
1 0 22.961 -8 95.433 0.92388 0 0.382683 0 1 0 -0.382683 0 0.92388 3640.dat
1 4 19.1342 -32 86.1942 0.92388 0 0.382683 0 1 0 -0.382683 0 0.92388 3004.dat
1 0 11.4805 -16 67.7166 0.92388 0 0.382683 0 1 0 -0.382683 0 0.92388 3839.dat
1 4 19.1342 -40 86.1942 0.92388 0 0.382683 0 1 0 -0.382683 0 0.92388 3666.dat
1 7 -17.821 -48 101.5015 0.92388 0 0.382683 0 1 0 -0.382683 0 0.92388 2540.dat
1 7 56.0894 -48 70.8869 0.92388 0 0.382683 0 1 0 -0.382683 0 0.92388 2540.dat
1 0 -27.6969 -65.242 77.659 -0.92388 -0.353553 -0.146446 0 0.382683 -0.92388 0.382683 -0.853554 -0.353553 6019.dat
1 42 -24.8685 -68.3035 84.4874 -0.92388 -0.353553 -0.146446 0 0.382683 -0.92388 0.382683 -0.853554 -0.353553 2569.dat
1 0 52.0708 -63.713 61.1852 -0.92388 -0.353553 0.146446 0 -0.382683 -0.92388 0.382683 -0.853554 0.353553 6019.dat
1 0 49.2424 -66.7745 54.3568 -0.92388 -0.353553 0.146446 0 -0.382683 -0.92388 0.382683 -0.853554 0.353553 3623.dat
1 42 27.9364 -69.8359 55.182 -0.92388 -0.353553 0.146446 0 -0.382683 -0.92388 0.382683 -0.853554 0.353553 4740.dat
1 42 64.8916 -69.8359 39.8747 -0.92388 -0.353553 0.146446 0 -0.382683 -0.92388 0.382683 -0.853554 0.353553 4740.dat
