0 
0 Name: New Model.ldr
0 Author: 
1 0 179.474 -56 -270.711 -0.5 0 -0.866 0 1 0 0.866 0 -0.5 30187.dat
1 36 155.226 -46 -284.711 0 0.866 0.5 1 0 0 0 0.5 -0.866 3024.dat
1 46 273.002 -70 -216.711 0 -0.866 -0.5 1 0 0 0 -0.5 0.866 6141.dat
1 0 252.218 -56 -228.711 -0.5 0 -0.866 0 1 0 0.866 0 -0.5 30189.dat
1 15 160.4713 -26 -237.8023 -0.866 0 0.5 0 1 0 -0.5 0 -0.866 6014.dat
1 15 198.4713 -26 -303.6183 0.866 0 -0.5 0 1 0 0.5 0 0.866 6014.dat
