0 Main
0 Name: 6531-1 - Flame Chaser.mpd
0 Author: LTRON
1 0 -50 0 50 0 0 1 0 1 0 -1 0 0 3666.dat
1 0 50 0 50 0 0 1 0 1 0 -1 0 0 3666.dat
1 4 0 -24 20 1 0 0 0 1 0 0 0 1 4873.dat
1 4 0 -24 60 1 0 0 0 1 0 0 0 1 4873.dat
1 4 -30 -32 40 0 0 -1 0 1 0 1 0 0 3623.dat
1 4 30 -32 40 0 0 -1 0 1 0 1 0 0 3623.dat
1 4 0 -32 30 0 0 -1 0 1 0 1 0 0 3020.dat
1 0 30 -40 60 0 0 -1 0 1 0 1 0 0 6019.dat
1 0 -30 -40 60 0 0 1 0 1 0 -1 0 0 6019.dat
1 0 0 -40 60 1 0 0 0 1 0 0 0 1 3023.dat
1 0 0 -40 30 1 0 0 0 1 0 0 0 1 3020.dat
1 4 0 -64 60 -1 0 0 0 1 0 0 0 -1 3747.dat
1 4 -30 -64 60 1 0 0 0 1 0 0 0 1 4286.dat
1 4 30 -64 60 1 0 0 0 1 0 0 0 1 4286.dat
1 4 0 -72 60 1 0 0 0 1 0 0 0 1 3710.dat
1 4 0 -72 90 1 0 0 0 1 0 0 0 1 3022.dat
1 7 0 -80 60 1 0 0 0 1 0 0 0 1 3069.dat
1 7 0 -96 80 1 0 0 0 1 0 0 0 1 3004.dat
1 4 30 -80 60 0 0 -1 0 1 0 1 0 0 4085.dat
1 4 0 -80 110 -1 0 0 0 1 0 0 0 -1 4859.dat
1 4 0 -88 120 -1 0 0 0 1 0 0 0 -1 3794.dat
1 7 0 -88 100 -1 0 0 0 1 0 0 0 -1 3023.dat
1 7 10 -96 100 0 0 -1 0 1 0 1 0 0 4081.dat
1 7 -10 -96 100 0 0 1 0 1 0 -1 0 0 4081.dat
1 4 -30 -96 60 -1 0 0 0 1 0 0 0 -1 3005.dat
1 4 30 -104 60 -1 0 0 0 1 0 0 0 -1 3005.dat
1 4 0 -96 210 0 0 1 0 1 0 -1 0 0 4477.dat
1 4 10 -104 290 1 0 0 0 1 0 0 0 1 4488.dat
1 4 0 -128 300 1 0 0 0 1 0 0 0 1 3040.dat
1 36 0 -136 300 1 0 0 0 1 0 0 0 1 6141.dat
1 7 0 -104 90 -1 0 0 0 1 0 0 0 -1 3176.dat
1 4 -30 -120 60 -1 0 0 0 1 0 0 0 -1 3005.dat
1 4 30 -112 60 -1 0 0 0 1 0 0 0 -1 3024.dat
1 4 30 -120 60 -1 0 0 0 1 0 0 0 -1 3024.dat
1 0 -30 -94 122 1 0 0 0 0 1 0 -1 0 752.dat
1 14 -30 -94 122 1 0 0 0 0 -1 0 1 0 755.dat
1 0 -50 -38 51 1 0 0 0 0 1 0 -1 0 752.dat
1 14 -50 -38 51 1 0 0 0 0 -1 0 1 0 755.dat
1 16 -30.0453 -93.8728 127.7644 0.999693 0.024729 -0.001256 0.002976 -0.069648 0.997567 0.024581 -0.997265 -0.0697 754.dat
1 16 -30.1951 -93.4533 130.2585 0.997325 0.073072 -0.001616 0.016656 -0.205685 0.978477 0.071166 -0.975886 -0.206352 754.dat
1 16 -30.4637 -92.7008 132.6621 0.992802 0.119755 -0.001641 0.042226 -0.337173 0.940495 0.112075 -0.933795 -0.339803 754.dat
1 16 -30.8483 -91.6237 134.9225 0.986481 0.163872 -0.001484 0.077955 -0.46127 0.883828 0.14415 -0.871995 -0.467809 754.dat
1 16 -31.3372 -90.2544 136.9976 0.979117 0.203293 -0.001276 0.119833 -0.572055 0.811414 0.164225 -0.794622 -0.58447 754.dat
1 16 -31.9171 -88.6303 138.8542 0.971309 0.237819 -0.001134 0.164696 -0.6692 0.724601 0.171565 -0.703998 -0.689168 754.dat
1 16 -32.5766 -86.7838 140.46 0.963608 0.267319 -0.000932 0.209223 -0.752009 0.625067 0.166392 -0.602514 -0.78057 754.dat
1 16 -33.3014 -84.7543 141.7954 0.956593 0.291426 -0.000752 0.250155 -0.819793 0.515133 0.149507 -0.492961 -0.85711 754.dat
1 16 -34.0781 -82.5795 142.8401 0.95063 0.310327 -0.000578 0.285194 -0.872902 0.395861 0.122342 -0.376482 -0.91831 754.dat
1 16 -34.8935 -80.2963 143.5815 0.946118 0.323821 -0.000367 0.311765 -0.910584 0.271367 0.08754 -0.25686 -0.962476 754.dat
1 16 -35.7334 -77.9446 144.0195 0.943294 0.331957 -0.000193 0.32851 -0.933414 0.144293 0.047719 -0.136174 -0.989535 754.dat
1 16 -36.585 -75.5601 144.1496 0.942189 0.335083 -0.000022 0.33504 -0.942067 0.016039 0.005353 -0.015119 -0.999871 754.dat
1 16 -37.436 -73.1776 143.9773 0.942729 0.33356 0.000115 0.331651 -0.937296 -0.107159 -0.035636 0.10106 -0.994242 754.dat
1 16 -38.2755 -70.8269 143.5246 0.944768 0.327739 0.000248 0.319497 -0.920839 -0.223554 -0.073039 0.211286 -0.974692 754.dat
1 16 -39.0932 -68.5375 142.7994 0.948052 0.318114 0.000335 0.299964 -0.893609 -0.333892 -0.105916 0.316648 -0.942611 754.dat
1 16 -39.881 -66.3321 141.8206 0.952025 0.30602 0.000331 0.276255 -0.858959 -0.43113 -0.131651 0.410538 -0.90229 754.dat
1 16 -40.6351 -64.2209 140.6297 0.956413 0.292018 0.000371 0.250417 -0.819506 -0.515462 -0.15022 0.493088 -0.856912 754.dat
1 16 -41.3501 -62.2191 139.2422 0.960966 0.276667 0.000343 0.223658 -0.776118 -0.589592 -0.162854 0.566654 -0.807701 754.dat
1 16 -42.0254 -60.3283 137.6874 0.96528 0.261219 0.000291 0.198406 -0.732443 -0.651277 -0.169913 0.628722 -0.75884 754.dat
1 16 -42.6617 -58.5467 135.9939 0.969382 0.245556 0.00029 0.174604 -0.688456 -0.703947 -0.172659 0.682444 -0.710252 754.dat
1 16 -43.2574 -56.8789 134.1734 0.973239 0.229794 0.000251 0.152276 -0.644108 -0.749624 -0.172098 0.729602 -0.661864 754.dat
1 16 -43.8139 -55.3207 132.2463 0.97671 0.214563 0.000219 0.13227 -0.601304 -0.787996 -0.168943 0.769673 -0.61568 754.dat
1 16 -44.3331 -53.867 130.2288 0.979677 0.200582 0.000159 0.115194 -0.561978 -0.819091 -0.164206 0.802463 -0.573663 754.dat
1 16 -44.8197 -52.5046 128.1401 0.98228 0.187417 0.000159 0.10032 -0.525076 -0.845122 -0.158307 0.830163 -0.534574 754.dat
1 16 -45.2294 -51.3576 126.2001 0.984635 0.174626 0.000134 0.086877 -0.489194 -0.867837 -0.151481 0.854515 -0.496848 754.dat
1 16 -45.608 -50.2975 124.2045 0.986794 0.161979 0.000146 0.074617 -0.453773 -0.887988 -0.143769 0.876272 -0.459867 754.dat
1 16 -46 -49.2885 122.1032 1 0.147414 0 0.061755 -0.41306 -0.908608 -0.133855 0.898694 -0.417651 756.dat
1 16 -46.5975 -47.5272 118.1659 0.991125 -0.132933 -0.000132 0.050069 0.372382 0.926728 -0.123143 -0.91851 0.375733 754.dat
1 16 -46.9244 -46.6117 115.8183 0.992539 -0.12193 -0.000065 0.042011 0.341478 0.93895 -0.114464 -0.931947 0.344052 754.dat
1 16 -47.2269 -45.7647 113.4418 0.993551 -0.113389 -0.000048 0.036285 0.31754 0.94755 -0.107427 -0.941441 0.319606 754.dat
1 16 -47.5089 -44.9751 111.043 0.994416 -0.105528 -0.000045 0.031405 0.295524 0.954819 -0.100747 -0.949489 0.297188 754.dat
1 16 -47.7712 -44.2406 108.6244 0.995234 -0.097516 -0.000051 0.026807 0.273091 0.961615 -0.093759 -0.957033 0.274403 754.dat
1 16 -47.9901 -43.6277 106.4275 0.995951 -0.089896 -0.000037 0.022759 0.251741 0.967527 -0.086968 -0.963611 0.252767 754.dat
1 16 -48.1906 -43.0664 104.2151 0.996496 -0.083643 -0.000022 0.019681 0.234218 0.971985 -0.081295 -0.968579 0.235043 754.dat
1 16 -48.3991 -42.4825 101.7507 0.996975 -0.077723 -0.000029 0.016996 0.217644 0.97588 -0.075842 -0.972929 0.218306 754.dat
1 16 -48.5917 -41.9433 99.2748 0.997442 -0.071478 -0.000028 0.01437 0.200155 0.979659 -0.070018 -0.977153 0.200671 754.dat
1 16 -48.7685 -41.4482 96.7886 0.99785 -0.06554 -0.000024 0.012077 0.183526 0.982941 -0.064418 -0.980828 0.183923 754.dat
1 16 -48.9306 -40.9944 94.2934 0.998203 -0.059917 -0.000022 0.010093 0.16778 0.985773 -0.059061 -0.984002 0.168083 754.dat
1 16 -49.0785 -40.5802 91.7905 0.998509 -0.054593 -0.000019 0.008377 0.152869 0.988211 -0.053946 -0.986737 0.153099 754.dat
1 16 -49.2133 -40.2029 89.2809 0.998772 -0.049537 -0.000018 0.006897 0.138713 0.990309 -0.049055 -0.989093 0.138884 754.dat
1 16 -49.3353 -39.8613 86.7656 0.999002 -0.044662 -0.000016 0.005607 0.12506 0.992133 -0.044309 -0.991143 0.125186 754.dat
1 16 -49.445 -39.554 84.2454 0.999197 -0.040076 -0.000014 0.004515 0.112218 0.993673 -0.039821 -0.992875 0.112309 754.dat
1 16 -49.5434 -39.2784 81.7209 0.999362 -0.035714 -0.000013 0.003587 0.100003 0.994981 -0.035533 -0.994346 0.100067 754.dat
1 16 -49.6308 -39.0338 79.193 0.999503 -0.031519 -0.000012 0.002795 0.088257 0.996094 -0.031395 -0.995599 0.088302 754.dat
1 16 -49.7077 -38.8184 76.662 0.999622 -0.027508 -0.000011 0.002131 0.077024 0.997027 -0.027425 -0.99665 0.077054 754.dat
1 16 -49.7745 -38.6313 74.1284 0.99972 -0.023663 -0.00001 0.001578 0.066258 0.997801 -0.02361 -0.997522 0.066277 754.dat
1 16 -49.8317 -38.4713 71.5928 0.999798 -0.02012 -0.000008 0.001142 0.056338 0.998411 -0.020088 -0.998209 0.05635 754.dat
1 16 -49.8802 -38.3354 69.0556 0.999858 -0.016831 -0.000007 0.000801 0.047127 0.998889 -0.016812 -0.998747 0.047134 754.dat
1 16 -49.9206 -38.2224 66.517 0.99991 -0.013412 -0.000009 0.000513 0.037556 0.999294 -0.013403 -0.999204 0.037559 754.dat
1 16 -49.9519 -38.1347 63.9774 0.999952 -0.009821 -0.000009 0.000279 0.027501 0.999622 -0.009818 -0.999574 0.027502 754.dat
1 16 -49.9739 -38.0731 61.4369 0.999978 -0.00665 -0.000005 0.000129 0.01862 0.999827 -0.006649 -0.999804 0.01862 754.dat
1 16 -49.9885 -38.0321 58.8959 0.999991 -0.004144 -0.000004 0.000052 0.011603 0.999933 -0.004144 -0.999924 0.011604 754.dat
1 16 -49.9971 -38.0081 56.5627 0.999999 -0.00151 -0.000004 0.00001 0.004227 0.999991 -0.00151 -0.99999 0.004227 754.dat
1 0 30 -94 122 1 0 0 0 0 1 0 -1 0 752.dat
1 14 30 -94 122 1 0 0 0 0 -1 0 1 0 755.dat
1 0 50 -38 51 1 0 0 0 0 1 0 -1 0 752.dat
1 14 50 -38 51 1 0 0 0 0 -1 0 1 0 755.dat
1 16 30.0453 -93.8728 127.7644 0.999693 -0.024729 0.001256 -0.002976 -0.069648 0.997567 -0.024581 -0.997265 -0.0697 754.dat
1 16 30.1951 -93.4533 130.2585 0.997325 -0.073072 0.001616 -0.016656 -0.205685 0.978477 -0.071166 -0.975886 -0.206352 754.dat
1 16 30.4637 -92.7008 132.6621 0.992802 -0.119755 0.001641 -0.042226 -0.337173 0.940495 -0.112075 -0.933795 -0.339803 754.dat
1 16 30.8483 -91.6237 134.9225 0.986481 -0.163872 0.001484 -0.077955 -0.46127 0.883828 -0.14415 -0.871995 -0.467809 754.dat
1 16 31.3372 -90.2544 136.9976 0.979117 -0.203293 0.001276 -0.119833 -0.572055 0.811414 -0.164225 -0.794622 -0.58447 754.dat
1 16 31.9171 -88.6303 138.8542 0.971309 -0.237819 0.001134 -0.164696 -0.6692 0.724601 -0.171565 -0.703998 -0.689168 754.dat
1 16 32.5766 -86.7838 140.46 0.963608 -0.267319 0.000932 -0.209223 -0.752009 0.625067 -0.166392 -0.602514 -0.78057 754.dat
1 16 33.3014 -84.7543 141.7954 0.956593 -0.291426 0.000752 -0.250155 -0.819793 0.515133 -0.149507 -0.492961 -0.85711 754.dat
1 16 34.0781 -82.5795 142.8401 0.95063 -0.310327 0.000578 -0.285194 -0.872902 0.395861 -0.122342 -0.376482 -0.91831 754.dat
1 16 34.8935 -80.2963 143.5815 0.946118 -0.323821 0.000367 -0.311765 -0.910584 0.271367 -0.08754 -0.25686 -0.962476 754.dat
1 16 35.7334 -77.9446 144.0195 0.943294 -0.331957 0.000193 -0.32851 -0.933414 0.144293 -0.047719 -0.136174 -0.989535 754.dat
1 16 36.585 -75.5601 144.1496 0.942189 -0.335083 0.000022 -0.33504 -0.942067 0.016039 -0.005353 -0.015119 -0.999871 754.dat
1 16 37.436 -73.1776 143.9773 0.942729 -0.33356 -0.000115 -0.331651 -0.937296 -0.107159 0.035636 0.10106 -0.994242 754.dat
1 16 38.2755 -70.8269 143.5246 0.944768 -0.327739 -0.000248 -0.319497 -0.920839 -0.223554 0.073039 0.211286 -0.974692 754.dat
1 16 39.0932 -68.5375 142.7994 0.948052 -0.318114 -0.000335 -0.299964 -0.893609 -0.333892 0.105916 0.316648 -0.942611 754.dat
1 16 39.881 -66.3321 141.8206 0.952025 -0.30602 -0.000331 -0.276255 -0.858959 -0.43113 0.131651 0.410538 -0.90229 754.dat
1 16 40.6351 -64.2209 140.6297 0.956413 -0.292018 -0.000371 -0.250417 -0.819506 -0.515462 0.15022 0.493088 -0.856912 754.dat
1 16 41.3501 -62.2191 139.2422 0.960966 -0.276667 -0.000343 -0.223658 -0.776118 -0.589592 0.162854 0.566654 -0.807701 754.dat
1 16 42.0254 -60.3283 137.6874 0.96528 -0.261219 -0.000291 -0.198406 -0.732443 -0.651277 0.169913 0.628722 -0.75884 754.dat
1 16 42.6617 -58.5467 135.9939 0.969382 -0.245556 -0.00029 -0.174604 -0.688456 -0.703947 0.172659 0.682444 -0.710252 754.dat
1 16 43.2574 -56.8789 134.1734 0.973239 -0.229794 -0.000251 -0.152276 -0.644108 -0.749624 0.172098 0.729602 -0.661864 754.dat
1 16 43.8139 -55.3207 132.2463 0.97671 -0.214563 -0.000219 -0.13227 -0.601304 -0.787996 0.168943 0.769673 -0.61568 754.dat
1 16 44.3331 -53.867 130.2288 0.979677 -0.200582 -0.000159 -0.115194 -0.561978 -0.819091 0.164206 0.802463 -0.573663 754.dat
1 16 44.8197 -52.5046 128.1401 0.98228 -0.187417 -0.000159 -0.10032 -0.525076 -0.845122 0.158307 0.830163 -0.534574 754.dat
1 16 45.2294 -51.3576 126.2001 0.984635 -0.174626 -0.000134 -0.086877 -0.489194 -0.867837 0.151481 0.854515 -0.496848 754.dat
1 16 45.608 -50.2975 124.2045 0.986794 -0.161979 -0.000146 -0.074617 -0.453773 -0.887988 0.143769 0.876272 -0.459867 754.dat
1 16 46 -49.2885 122.1032 1 -0.147414 0 -0.061755 -0.41306 -0.908608 0.133855 0.898694 -0.417651 756.dat
1 16 46.5975 -47.5272 118.1659 0.991125 0.132933 0.000132 -0.050069 0.372382 0.926728 0.123143 -0.91851 0.375733 754.dat
1 16 46.9244 -46.6117 115.8183 0.992539 0.12193 0.000065 -0.042011 0.341478 0.93895 0.114464 -0.931947 0.344052 754.dat
1 16 47.2269 -45.7647 113.4418 0.993551 0.113389 0.000048 -0.036285 0.31754 0.94755 0.107427 -0.941441 0.319606 754.dat
1 16 47.5089 -44.9751 111.043 0.994416 0.105528 0.000045 -0.031405 0.295524 0.954819 0.100747 -0.949489 0.297188 754.dat
1 16 47.7712 -44.2406 108.6244 0.995234 0.097516 0.000051 -0.026807 0.273091 0.961615 0.093759 -0.957033 0.274403 754.dat
1 16 47.9901 -43.6277 106.4275 0.995951 0.089896 0.000037 -0.022759 0.251741 0.967527 0.086968 -0.963611 0.252767 754.dat
1 16 48.1906 -43.0664 104.2151 0.996496 0.083643 0.000022 -0.019681 0.234218 0.971985 0.081295 -0.968579 0.235043 754.dat
1 16 48.3991 -42.4825 101.7507 0.996975 0.077723 0.000029 -0.016996 0.217644 0.97588 0.075842 -0.972929 0.218306 754.dat
1 16 48.5917 -41.9433 99.2748 0.997442 0.071478 0.000028 -0.01437 0.200155 0.979659 0.070018 -0.977153 0.200671 754.dat
1 16 48.7685 -41.4482 96.7886 0.99785 0.06554 0.000024 -0.012077 0.183526 0.982941 0.064418 -0.980828 0.183923 754.dat
1 16 48.9306 -40.9944 94.2934 0.998203 0.059917 0.000022 -0.010093 0.16778 0.985773 0.059061 -0.984002 0.168083 754.dat
1 16 49.0785 -40.5802 91.7905 0.998509 0.054593 0.000019 -0.008377 0.152869 0.988211 0.053946 -0.986737 0.153099 754.dat
1 16 49.2133 -40.2029 89.2809 0.998772 0.049537 0.000018 -0.006897 0.138713 0.990309 0.049055 -0.989093 0.138884 754.dat
1 16 49.3353 -39.8613 86.7656 0.999002 0.044662 0.000016 -0.005607 0.12506 0.992133 0.044309 -0.991143 0.125186 754.dat
1 16 49.445 -39.554 84.2454 0.999197 0.040076 0.000014 -0.004515 0.112218 0.993673 0.039821 -0.992875 0.112309 754.dat
1 16 49.5434 -39.2784 81.7209 0.999362 0.035714 0.000013 -0.003587 0.100003 0.994981 0.035533 -0.994346 0.100067 754.dat
1 16 49.6308 -39.0338 79.193 0.999503 0.031519 0.000012 -0.002795 0.088257 0.996094 0.031395 -0.995599 0.088302 754.dat
1 16 49.7077 -38.8184 76.662 0.999622 0.027508 0.000011 -0.002131 0.077024 0.997027 0.027425 -0.99665 0.077054 754.dat
1 16 49.7745 -38.6313 74.1284 0.99972 0.023663 0.00001 -0.001578 0.066258 0.997801 0.02361 -0.997522 0.066277 754.dat
1 16 49.8317 -38.4713 71.5928 0.999798 0.02012 0.000008 -0.001142 0.056338 0.998411 0.020088 -0.998209 0.05635 754.dat
1 16 49.8802 -38.3354 69.0556 0.999858 0.016831 0.000007 -0.000801 0.047127 0.998889 0.016812 -0.998747 0.047134 754.dat
1 16 49.9206 -38.2224 66.517 0.99991 0.013412 0.000009 -0.000513 0.037556 0.999294 0.013403 -0.999204 0.037559 754.dat
1 16 49.9519 -38.1347 63.9774 0.999952 0.009821 0.000009 -0.000279 0.027501 0.999622 0.009818 -0.999574 0.027502 754.dat
1 16 49.9739 -38.0731 61.4369 0.999978 0.00665 0.000005 -0.000129 0.01862 0.999827 0.006649 -0.999804 0.01862 754.dat
1 16 49.9885 -38.0321 58.8959 0.999991 0.004144 0.000004 -0.000052 0.011603 0.999933 0.004144 -0.999924 0.011604 754.dat
1 16 49.9971 -38.0081 56.5627 0.999999 0.00151 0.000004 -0.00001 0.004227 0.999991 0.00151 -0.99999 0.004227 754.dat
1 4 0 -128 60 -1 0 0 0 1 0 0 0 -1 3710.dat
1 4 0 -128 80 -1 0 0 0 1 0 0 0 -1 3039.dat
1 4 10 -40 0 1 0 0.259 0 1 0 -0.259 0 1 4592.dat
1 4 -10 -40 0 1 0 -0.259 0 1 0 0.259 0 1 4592.dat
1 4 0 -136 60 1 0 0 0 1 0 0 0 1 4315.dat
1 4 0 -136 80 1 0 0 0 1 0 0 0 1 3023.dat
1 43 0 -132 46 1 0 0 0 1 0 0 0 1 2483.dat
1 4 0 -144 70 1 0 0 0 1 0 0 0 1 2460.dat
1 7 37 -99 290 0 1 0 -1 0 0 0 0 1 2421.dat
1 7 0 -168 70 1 0 0 0 1 0 0 0 1 2479.dat
1 7 0 -176 160 0 0 1 0 1 0 -1 0 0 4162.dat
1 7 0 -176 -20 0 0 1 0 1 0 -1 0 0 4162.dat
1 33 40 -176 70 0 0 1 0 1 0 -1 0 0 3070.dat
1 33 -40 -176 70 0 0 1 0 1 0 -1 0 0 3070.dat
1 0 50 -76 60 0 0 -1 0 1 0 1 0 0 3962.dat
1 0 0 -61 38 1 0 0 0 1 0 0 0 1 3815.dat
1 0 0 -93 38 1 0 0 0 1 0 0 0 1 973.dat
1 14 0 -117 38 1 0 0 0 1 0 0 0 1 3626.dat
1 15 0 -117 38 1 0 0 0 1 0 0 0 1 2446.dat
1 43 0 -117 38 1 0 0 0 1 0 0 0 1 2447.dat
