0 Main
0 Name: 6833-1 - Beacon Tracer.mpd
0 Author: LTRON
1 4 0 10.362 -7.534 -1 0 0 0 0.97237 0.233445 0 0.233445 -0.97237 4732.dat
1 4 0 -9.0892 39.2169 -1 0 0 0 0.97237 0.233445 0 0.233445 -0.97237 3023.dat
1 4 0 -13.7581 58.6643 -1 0 0 0 0.97237 0.233445 0 0.233445 -0.97237 3839.dat
1 4 10 18.9242 -77.4675 1 0 0 0 0.97237 -0.233445 0 0.233445 0.97237 4081.dat
1 4 -10 18.9242 -77.4675 1 0 0 0 0.97237 -0.233445 0 0.233445 0.97237 4081.dat
1 4 0 -4.4127 -83.0701 -1 0 0 0 0.97237 0.233445 0 0.233445 -0.97237 3937.dat
1 4 0 -5.9715 -42.3078 -1 0 0 0 0.97237 0.233445 0 0.233445 -0.97237 3937.dat
1 0 0 -2.5071 -32.1745 -1 0 0 0 0.625923 -0.779885 0 -0.779885 -0.625923 3938.dat
1 15 0 -7.5145 -25.9354 1 0 0 0 0.625923 0.779885 0 -0.779885 0.625923 3069.dat
1 0 0 0.5394 -71.9475 1 0 0 0 0.477158 0.878817 0 -0.878817 0.477158 3938.dat
1 42 0 -64.3541 47.5717 1 0 0 0 0.477158 0.878817 0 -0.878817 0.477158 2466.dat
1 0 0 -68.1714 54.6022 1 0 0 0 0.477158 0.878817 0 -0.878817 0.477158 4590.dat
1 42 -30 -70.835 80.4654 1 0 0 0 0.477158 0.878817 0 -0.878817 0.477158 4589.dat
1 42 30 -70.835 80.4654 1 0 0 0 0.477158 0.878817 0 -0.878817 0.477158 4589.dat
1 4 10 -16.8682 37.3494 0 0 -1 -0.233445 0.97237 0 0.97237 0.233445 0 2420.dat
1 4 -10 -21.5371 56.7968 -1 0 0 0 0.97237 0.233445 0 0.233445 -0.97237 4085.dat
1 0 0 -44.874 51.1941 1 0 0 0 0.97237 -0.233445 0 0.233445 0.97237 3039.dat
1 42 38 25.5378 -96.448 0 -1 0 0.97237 0 -0.233445 0.233445 0 0.97237 4589.dat
1 42 -38 25.5378 -96.448 0 1 0 -0.97237 0 -0.233445 -0.233445 0 0.97237 4589.dat
1 0 0 32.1477 -64.0086 1 0 0 0 0.97237 -0.233445 0 0.233445 0.97237 4600.dat
1 7 30 37.0095 -62.8414 0 0 -1 -0.233445 0.97237 0 0.97237 0.233445 0 4624.dat
1 256 38 37.0095 -62.8414 0 0 -1 -0.233445 0.97237 0 0.97237 0.233445 0 4288.dat
1 7 -30 37.0095 -62.8414 0 0 1 0.233445 0.97237 0 -0.97237 0.233445 0 4624.dat
1 256 -38 37.0095 -62.8414 0 0 1 0.233445 0.97237 0 -0.97237 0.233445 0 4288.dat
1 0 0 32.14 38.831 1 0 0 0 0.97237 -0.233445 0 0.233445 0.97237 4600.dat
1 7 30 37.0019 39.9983 0 0 -1 -0.233445 0.97237 0 0.97237 0.233445 0 4624.dat
1 256 38 37.0019 39.9983 0 0 -1 -0.233445 0.97237 0 0.97237 0.233445 0 4288.dat
1 7 -30 37.0019 39.9983 0 0 1 0.233445 0.97237 0 -0.97237 0.233445 0 4624.dat
1 256 -38 37.0019 39.9983 0 0 1 0.233445 0.97237 0 -0.97237 0.233445 0 4288.dat
1 0 0 -52.6529 49.3265 1 0 0 0 0.97237 -0.233445 0 0.233445 0.97237 2412.dat
1 42 -10 -18.427 78.1117 1 0 0 0 0.97237 -0.233445 0 0.233445 0.97237 2569.dat
1 42 26 -13.9935 85.3466 1 0 0 0 -0.233445 -0.97237 0 0.97237 -0.233445 4740.dat
1 42 -26 -13.9935 85.3466 1 0 0 0 -0.233445 -0.97237 0 0.97237 -0.233445 4740.dat
1 0 -17.837 -30.6645 -22.0217 0.044089 0.290577 -0.955337 0.471539 0.836464 0.276205 0.88016 -0.463092 -0.100408 3962.dat
