0 Main
0 Name: 6919 - Planetary Prowler.mpd
0 Author: LTRON
1 0 0 -30 -170 0 0 1 0 1 0 -1 0 0 3027.dat
1 1 0 -38 -30 1 0 0 0 1 0 0 0 1 3020.dat
1 8 0 -46 -30 1 0 0 0 1 0 0 0 1 3020.dat
1 0 -50 -54 -10 0 0 -1 0 1 0 1 0 0 2743.dat
1 1 0 -54 -30 1 0 0 0 1 0 0 0 1 3022.dat
1 0 50 -54 -10 0 0 -1 0 1 0 1 0 0 2743.dat
1 1 -50 -54 -60 0 0 1 0 1 0 -1 0 0 3665.dat
1 0 -70 -62 -60 1 0 0 0 1 0 0 0 1 3070.dat
1 8 0 -54 -60 1 0 0 0 1 0 0 0 1 3010.dat
1 1 50 -54 -60 0 0 -1 0 1 0 1 0 0 3665.dat
1 0 70 -62 -60 1 0 0 0 1 0 0 0 1 3070.dat
1 8 -60 -54 -150 1 0 0 0 1 0 0 0 1 6249.dat
1 8 60 -54 -150 1 0 0 0 1 0 0 0 1 6249.dat
1 1 -50 -54 -100 0 0 1 0 1 0 -1 0 0 3622.dat
1 1 50 -54 -100 0 0 1 0 1 0 -1 0 0 3622.dat
1 0 0 -30 -390 0 0 1 0 1 0 -1 0 0 3032.dat
1 1 0 -54 -250 1 0 0 0 1 0 0 0 1 2456.dat
1 1 0 -54 -190 1 0 0 0 1 0 0 0 1 2456.dat
1 0 0 -30 -470 1 0 0 0 1 0 0 0 1 3022.dat
1 8 0 -54 -350 0 0 1 0 1 0 -1 0 0 3001.dat
1 8 -60 -54 -290 1 0 0 0 1 0 0 0 1 6249.dat
1 8 60 -54 -290 1 0 0 0 1 0 0 0 1 6249.dat
1 8 0 -54 -430 0 0 1 0 1 0 -1 0 0 3001.dat
1 8 -30 -54 -320 -1 0 0 0 1 0 0 0 -1 2357.dat
1 8 30 -54 -320 0 0 1 0 1 0 -1 0 0 2357.dat
1 1 -30 -54 -400 0 0 1 0 1 0 -1 0 0 3622.dat
1 1 30 -54 -400 0 0 1 0 1 0 -1 0 0 3622.dat
1 1 0 -62 -140 1 0 0 0 1 0 0 0 1 2431.dat
1 1 0 -62 -60 1 0 0 0 1 0 0 0 1 2431.dat
1 8 0 -54 -480 1 0 0 0 1 0 0 0 1 3660.dat
1 8 -30 -54 -440 1 0 0 0 1 0 0 0 1 3665.dat
1 8 30 -54 -440 1 0 0 0 1 0 0 0 1 3665.dat
1 0 0 -78 -30 1 0 0 0 1 0 0 0 1 3003.dat
1 8 -100 -38 -360 0 0 1 0 1 0 -1 0 0 30211.dat
1 1 -30 -46 -360 1 0 0 0 1 0 0 0 1 3024.dat
1 42 -30 -54 -360 1 0 0 0 1 0 0 0 1 6141.dat
1 8 100 -38 -360 0 0 -1 0 1 0 1 0 0 30211.dat
1 1 30 -46 -360 1 0 0 0 1 0 0 0 1 3024.dat
1 42 30 -54 -360 1 0 0 0 1 0 0 0 1 6141.dat
1 8 -120 -38 -220 0 0 1 0 1 0 -1 0 0 30211.dat
1 1 -50 -46 -220 1 0 0 0 1 0 0 0 1 3024.dat
1 42 -50 -54 -220 1 0 0 0 1 0 0 0 1 6141.dat
1 8 120 -38 -220 0 0 -1 0 1 0 1 0 0 30211.dat
1 1 50 -46 -220 1 0 0 0 1 0 0 0 1 3024.dat
1 42 50 -54 -220 1 0 0 0 1 0 0 0 1 6141.dat
1 1 0 -62 -460 1 0 0 0 1 0 0 0 1 3023.dat
1 8 0 -70 -270 1 0 0 0 1 0 0 0 1 4590.dat
1 8 0 -70 -230 -1 0 0 0 1 0 0 0 -1 4590.dat
1 0 0 -78 -10 1 0 0 0 1 0 0 0 1 6058.dat
1 15 0 -70 -460 1 0 0 0 1 0 0 0 1 3023.dat
1 0 -30 -78 -250 0 0 1 0 1 0 -1 0 0 3023.dat
1 0 30 -78 -250 0 0 1 0 1 0 -1 0 0 3023.dat
1 15 0 -62 100 1 0 0 0 1 0 0 0 1 3023.dat
1 1 0 -70 100 1 0 0 0 1 0 0 0 1 3023.dat
1 8 -50 -78 -170 0 0 1 0 1 0 -1 0 0 2465.dat
1 8 50 -78 -170 0 0 1 0 1 0 -1 0 0 2465.dat
1 1 0 -78 -270 1 0 0 0 1 0 0 0 1 3069.dat
1 1 0 -78 -230 1 0 0 0 1 0 0 0 1 3069.dat
1 1 0 -78 80 1 0 0 0 1 0 0 0 1 3039.dat
1 8 0 -78 -440 -1 0 0 0 1 0 0 0 -1 3039.dat
1 0 0 -62 -350 1 0 0 0 1 0 0 0 1 3068.dat
1 1 0 -78 -310 1 0 0 0 1 0 0 0 1 3001.dat
1 8 0 -78 -200 1 0 0 0 1 0 0 0 1 3010.dat
1 8 0 -78 -170 1 0 0 0 1 0 0 0 1 3001.dat
1 1 0 -102 -30 1 0 0 0 1 0 0 0 1 3003.dat
1 1 -30 -78 -340 1 0 0 0 1 0 0 0 1 4286.dat
1 1 30 -78 -340 1 0 0 0 1 0 0 0 1 4286.dat
1 0 -50 -86 -250 0 0 -1 0 1 0 1 0 0 4625.dat
1 0 50 -86 -250 0 0 1 0 1 0 -1 0 0 4625.dat
1 1 -50 -102 -160 -1 0 0 0 1 0 0 0 -1 3040.dat
1 42 -30 -102 -160 1 0 0 0 1 0 0 0 1 4589.dat
1 42 -30 -126 -160 1 0 0 0 1 0 0 0 1 4589.dat
1 42 30 -102 -160 1 0 0 0 1 0 0 0 1 4589.dat
1 42 30 -126 -160 1 0 0 0 1 0 0 0 1 4589.dat
1 1 50 -102 -160 -1 0 0 0 1 0 0 0 -1 3040.dat
1 1 -30 -102 -30 0 0 1 0 1 0 -1 0 0 3039.dat
1 1 30 -102 -30 0 0 -1 0 1 0 1 0 0 3039.dat
1 8 -30 -78 -430 0 0 1 0 1 0 -1 0 0 3937.dat
1 0 -35.289 -76.487 -430 0 0.529 0.849 0 0.849 -0.529 -1 0 0 3938.dat
1 8 30 -78 -430 0 0 -1 0 1 0 1 0 0 3937.dat
1 0 35.289 -76.487 -430 0 -0.529 -0.849 0 0.849 -0.529 1 0 0 3938.dat
1 1 -30 -110 -250 0 0 -1 0 1 0 1 0 0 2432.dat
1 1 30 -110 -250 0 0 1 0 1 0 -1 0 0 2432.dat
1 1 0 -102 -190 1 0 0 0 1 0 0 0 1 2456.dat
1 1 0 -78 210 0 0 1 0 1 0 -1 0 0 2445.dat
1 8 0 -86 300 1 0 0 0 1 0 0 0 1 3023.dat
1 8 -10 -86 270 0 0 -1 0 1 0 1 0 0 3475.dat
1 0 0 -86 320 -1 0 0 0 1 0 0 0 -1 4596.dat
1 8 10 -86 270 0 0 1 0 1 0 -1 0 0 3475.dat
1 42 -40 -82 310 1 0 0 0 0 -1 0 1 0 4589.dat
1 42 40 -82 310 1 0 0 0 0 -1 0 1 0 4589.dat
1 42 0 -84 390 1 0 0 0 0 -1 0 1 0 4589.dat
1 0 0 -134 270 -1 0 0 0 1 0 0 0 -1 4746.dat
1 0 0 -142 260 -1 0 0 0 1 0 0 0 -1 3069.dat
1 42 0 -142 280 1 0 0 0 1 0 0 0 1 2412.dat
1 8 0 -70 290 1 0 0 0 1 0 0 0 1 30159.dat
1 0 0 -55.5 290 1 0 0 0 0 -1 0 1 0 2959.dat
1 8 -39.52 -83.276 -430 0 0.529 0.849 0 0.849 -0.529 -1 0 0 3023.dat
1 8 39.52 -83.276 -430 0 -0.529 0.849 0 0.849 0.529 -1 0 0 3023.dat
1 8 0 -102 -320 1 0 0 0 1 0 0 0 1 3010.dat
1 0 0 -102 -300 1 0 0 0 1 0 0 0 1 3009.dat
1 0 0 -86 90 1 0 0 0 1 0 0 0 1 4032.dat
1 1 0 -78 -460 1 0 0 0 1 0 0 0 1 2399.dat
1 1 -50 -86 -320 1 0 0 0 1 0 0 0 1 3024.dat
1 42 -50 -94 -320 1 0 0 0 1 0 0 0 1 6141.dat
1 1 -50 -102 -320 0 0 1 0 1 0 -1 0 0 6019.dat
1 1 50 -86 -320 1 0 0 0 1 0 0 0 1 3024.dat
1 42 50 -94 -320 1 0 0 0 1 0 0 0 1 6141.dat
1 1 50 -102 -320 0 0 -1 0 1 0 1 0 0 6019.dat
1 0 -50 -126 -170 0 0 1 0 1 0 -1 0 0 3700.dat
1 0 50 -126 -170 0 0 1 0 1 0 -1 0 0 3700.dat
1 8 0 -126 -30 1 0 0 0 1 0 0 0 1 3001.dat
1 0 0 -110 -310 1 0 0 0 1 0 0 0 1 3068.dat
1 8 0 -126 -180 1 0 0 0 1 0 0 0 1 3010.dat
1 1 -30 -134 -40 1 0 0 0 1 0 0 0 1 3024.dat
1 1 0 -134 -40 1 0 0 0 1 0 0 0 1 3069.dat
1 1 30 -134 -40 1 0 0 0 1 0 0 0 1 3024.dat
1 42 0 -110 90 0 0 1 0 1 0 -1 0 0 30213.dat
1 80 0 -110 90 0 0 -1 0 1 0 1 0 0 s13a.dat
1 8 -40 -126 -310 1 0 0 0 1 0 0 0 1 3003.dat
1 8 40 -126 -310 1 0 0 0 1 0 0 0 1 3003.dat
1 0 0 -126 -200 1 0 0 0 1 0 0 0 1 3009.dat
1 1 0 -134 -20 -1 0 0 0 1 0 0 0 -1 4315.dat
1 34 0 -130 -6 -1 0 0 0 1 0 0 0 -1 2507.dat
1 8 0 -102 -440 -1 0 0 0 1 0 0 0 -1 3937.dat
1 0 0 -94.014 -430.205 -1 0 0 0 0.201 -0.98 0 -0.98 -0.201 3938.dat
1 1 -30 -150 -310 0 0 1 0 1 0 -1 0 0 3039.dat
1 1 30 -150 -310 0 0 -1 0 1 0 1 0 0 3039.dat
1 1 -10 -150 -180 -1 0 0 0 1 0 0 0 -1 4070.dat
1 42 -10 -140 -166 1 0 0 0 0 1 0 -1 0 6141.dat
1 8 10 -150 -180 -1 0 0 0 1 0 0 0 -1 3040.dat
1 0 -30 -142 -30 0 0 1 0 1 0 -1 0 0 2412.dat
1 0 30 -142 -30 0 0 1 0 1 0 -1 0 0 2412.dat
1 8 0 -94 -460 1 0 0 0 1 0 0 0 1 3298.dat
1 0 -30 -70 -400 1 0 0 0 1 0 0 0 1 750.dat
1 0 -30 -70 -400 1 0 0 0 -1 0 0 0 -1 755.dat
1 0 -70 -100 -309 1 0 0 0 0 -1 0 1 0 750.dat
1 0 -70 -100 -309 1 0 0 0 0 1 0 -1 0 755.dat
1 16 -30.0183 -75.7687 -399.9951 0.999946 0.010354 0.00001 -0.010354 0.999943 0.002757 0.000019 -0.002757 0.999996 754.dat
1 16 -30.07 -78.3058 -399.981 0.999694 0.024745 -0.000119 -0.024744 0.999671 0.006805 0.000288 -0.0068 0.999977 754.dat
1 16 -30.1695 -80.8412 -399.9526 0.998966 0.04547 -0.00046 -0.04546 0.99888 0.013097 0.001055 -0.013062 0.999914 754.dat
1 16 -30.3203 -83.3738 -399.908 0.997852 0.065501 -0.001023 -0.065468 0.99766 0.019692 0.002311 -0.019582 0.999806 754.dat
1 16 -30.5332 -85.9014 -399.8418 0.995766 0.0919 -0.001884 -0.091807 0.995349 0.029177 0.004557 -0.028881 0.999572 754.dat
1 16 -30.8133 -88.4216 -399.7507 0.992964 0.118379 -0.003008 -0.118169 0.992204 0.039601 0.007673 -0.038967 0.999211 754.dat
1 16 -31.1698 -90.9307 -399.6288 0.988658 0.150118 -0.004447 -0.149672 0.987301 0.053235 0.012382 -0.051966 0.998572 754.dat
1 16 -31.6185 -93.4225 -399.4669 0.982068 0.188425 -0.006161 -0.187516 0.979664 0.071395 0.019489 -0.06896 0.997429 754.dat
1 16 -32.1717 -95.8892 -399.2558 0.972948 0.230885 -0.008026 -0.229144 0.968867 0.093751 0.029422 -0.089375 0.995563 754.dat
1 16 -32.8511 -98.3172 -398.9801 0.958841 0.283778 -0.009722 -0.280404 0.951719 0.124916 0.044701 -0.117048 0.99212 754.dat
1 16 -33.6708 -100.6905 -398.6263 0.940286 0.340212 -0.010858 -0.334048 0.928437 0.162531 0.065376 -0.149198 0.986644 754.dat
1 16 -34.6683 -102.9735 -398.1634 0.909195 0.416264 -0.009452 -0.404106 0.887656 0.22083 0.100313 -0.196958 0.975267 754.dat
1 16 -35.8554 -105.1316 -397.5717 0.871355 0.490629 -0.004916 -0.46853 0.834998 0.288543 0.145672 -0.24912 0.957454 754.dat
1 16 -37.2672 -107.0852 -396.8051 0.810585 0.585528 0.010469 -0.541404 0.742447 0.394531 0.223236 -0.325469 0.918823 754.dat
1 16 -38.8906 -108.768 -395.8445 0.746518 0.664421 0.035445 -0.584864 0.629866 0.51108 0.317247 -0.402261 0.858802 754.dat
1 16 -40.6878 -110.108 -394.6803 0.680912 0.728469 0.075444 -0.590142 0.484759 0.645555 0.433695 -0.484089 0.759978 754.dat
1 16 -42.5959 -111.0473 -393.3173 0.633791 0.763132 0.126245 -0.541257 0.320949 0.777195 0.552585 -0.560911 0.616466 754.dat
1 16 -44.5348 -111.6157 -391.796 0.621059 0.765553 0.167972 -0.459636 0.182162 0.869225 0.63484 -0.617046 0.465009 754.dat
1 16 -46.4435 -111.8615 -390.1516 0.634138 0.74705 0.19946 -0.363063 0.059925 0.929836 0.682681 -0.662061 0.309227 754.dat
1 16 -48.2852 -111.846 -388.4111 0.663077 0.716743 0.215888 -0.275211 -0.034781 0.960755 0.696123 -0.696469 0.174193 754.dat
1 16 -50.041 -111.6313 -386.5945 0.698181 0.681181 0.220309 -0.203442 -0.106268 0.973303 0.686407 -0.724362 0.064386 754.dat
1 16 -51.705 -111.2698 -384.7148 0.733166 0.644724 0.216328 -0.148915 -0.158179 0.976117 0.663545 -0.74787 -0.019963 754.dat
1 16 -53.2824 -110.8062 -382.783 0.763459 0.611609 0.207519 -0.110066 -0.1934 0.974927 0.636408 -0.767158 -0.080335 754.dat
1 16 -54.7663 -110.262 -380.7987 0.795954 0.57309 0.194999 -0.077071 -0.223565 0.971637 0.60043 -0.788408 -0.133778 754.dat
1 16 -56.167 -109.6653 -378.769 0.819949 0.542799 0.181808 -0.0559 -0.240162 0.969122 0.569701 -0.804793 -0.166578 754.dat
1 16 -57.4631 -109.0198 -376.6549 0.856866 0.489641 0.161348 -0.035098 -0.256838 0.965817 0.514344 -0.833238 -0.20289 756.dat
1 16 -59.6617 -107.844 -372.8339 0.886528 -0.443043 -0.133349 -0.014382 0.261685 -0.965046 0.462452 0.857458 0.225619 754.dat
1 16 -60.7636 -107.1812 -370.6466 0.902417 -0.414066 -0.119132 -0.008149 0.260044 -0.965562 0.430786 0.872311 0.231294 754.dat
1 16 -61.7927 -106.5248 -368.4223 0.916472 -0.385933 -0.105519 -0.003709 0.255527 -0.966795 0.400081 0.886432 0.232752 754.dat
1 16 -62.751 -105.8817 -366.1626 0.928892 -0.358577 -0.092637 -0.000629 0.248605 -0.968605 0.370349 0.899788 0.230701 754.dat
1 16 -63.6419 -105.2572 -363.8704 0.939151 -0.33379 -0.081107 0.001612 0.240398 -0.970673 0.343499 0.911478 0.226308 754.dat
1 16 -64.4674 -104.6558 -361.5477 0.949538 -0.305885 -0.069363 0.002698 0.229104 -0.973398 0.31364 0.924092 0.218368 754.dat
1 16 -65.2256 -104.083 -359.195 0.95743 -0.282455 -0.059564 0.0036 0.21801 -0.97594 0.288644 0.934179 0.209746 754.dat
1 16 -65.923 -103.5401 -356.8165 0.965049 -0.257247 -0.050036 0.003795 0.204622 -0.978834 0.262041 0.944433 0.198447 754.dat
1 16 -66.558 -103.0312 -354.4131 0.971319 -0.234083 -0.041763 0.003842 0.191065 -0.98157 0.237748 0.953257 0.186485 754.dat
1 16 -67.1343 -102.5576 -351.9879 0.976877 -0.211038 -0.034257 0.003609 0.176482 -0.984297 0.21377 0.961414 0.173163 754.dat
1 16 -67.6515 -102.1223 -349.5422 0.981948 -0.187164 -0.027333 0.003063 0.16022 -0.987077 0.189125 0.969174 0.157901 754.dat
1 16 -68.11 -101.7275 -347.078 0.985913 -0.165857 -0.021631 0.002649 0.144792 -0.989459 0.167241 0.975462 0.143191 754.dat
1 16 -68.5158 -101.3716 -344.5987 0.989105 -0.146244 -0.016873 0.002294 0.12991 -0.991523 0.147196 0.980681 0.12883 754.dat
1 16 -68.8697 -101.0556 -342.1061 0.992226 -0.123836 -0.01235 0.001625 0.112119 -0.993694 0.12444 0.985948 0.111448 754.dat
1 16 -69.17 -100.7827 -339.6013 0.994367 -0.105611 -0.009016 0.001282 0.097039 -0.99528 0.105988 0.989661 0.096628 754.dat
1 16 -69.4238 -100.5485 -337.0874 0.996176 -0.087149 -0.006201 0.000905 0.081263 -0.996692 0.087364 0.992875 0.081031 754.dat
1 16 -69.6289 -100.3565 -334.5656 0.997788 -0.066378 -0.003746 0.000437 0.062879 -0.998021 0.066482 0.995811 0.062769 754.dat
1 16 -69.7842 -100.209 -332.0371 0.998788 -0.049172 -0.002112 0.00021 0.047166 -0.998887 0.049217 0.997676 0.04712 754.dat
1 16 -69.8972 -100.1003 -329.5044 0.999424 -0.033923 -0.001027 0.000089 0.032889 -0.999459 0.033938 0.998883 0.032873 754.dat
1 16 -69.9679 -100.0316 -326.9688 0.999904 -0.013873 -0.000226 -0.000037 0.013638 -0.999907 0.013875 0.999811 0.013636 754.dat
1 16 -69.9947 -100.0052 -324.4315 0.999996 -0.002984 -0.000016 -0.000007 0.002947 -0.999996 0.002984 0.999991 0.002947 754.dat
1 16 -70 -100 -321.8938 1 0.000001 0 0 -0.000001 -1 -0.000001 1 -0.000001 754.dat
1 16 -70 -100 -319.3561 1 0 0 0 0 -1 0 1 0 754.dat
1 16 -70 -100 -316.8184 1 0 0 0 0 -1 0 1 0 754.dat
1 16 -70 -100 -314.5247 1 0 0 0 0 -1 0 1 0 754.dat
1 0 30 -70 -400 1 0 0 0 1 0 0 0 1 750.dat
1 0 30 -70 -400 1 0 0 0 -1 0 0 0 -1 755.dat
1 0 70 -100 -309 1 0 0 0 0 -1 0 1 0 750.dat
1 0 70 -100 -309 1 0 0 0 0 1 0 -1 0 755.dat
1 16 30.0183 -75.7687 -399.9951 0.999946 -0.010354 -0.00001 0.010354 0.999943 0.002757 -0.000019 -0.002757 0.999996 754.dat
1 16 30.07 -78.3058 -399.981 0.999694 -0.024745 0.000119 0.024744 0.999671 0.006805 -0.000288 -0.0068 0.999977 754.dat
1 16 30.1695 -80.8412 -399.9526 0.998966 -0.04547 0.00046 0.04546 0.99888 0.013097 -0.001055 -0.013062 0.999914 754.dat
1 16 30.3203 -83.3738 -399.908 0.997852 -0.065501 0.001023 0.065468 0.99766 0.019692 -0.002311 -0.019582 0.999806 754.dat
1 16 30.5332 -85.9014 -399.8418 0.995766 -0.0919 0.001884 0.091807 0.995349 0.029177 -0.004557 -0.028881 0.999572 754.dat
1 16 30.8133 -88.4216 -399.7507 0.992964 -0.118379 0.003008 0.118169 0.992204 0.039601 -0.007673 -0.038967 0.999211 754.dat
1 16 31.1698 -90.9307 -399.6288 0.988658 -0.150118 0.004447 0.149672 0.987301 0.053235 -0.012382 -0.051966 0.998572 754.dat
1 16 31.6185 -93.4225 -399.4669 0.982068 -0.188425 0.006161 0.187516 0.979664 0.071395 -0.019489 -0.06896 0.997429 754.dat
1 16 32.1717 -95.8892 -399.2558 0.972948 -0.230885 0.008026 0.229144 0.968867 0.093751 -0.029422 -0.089375 0.995563 754.dat
1 16 32.8511 -98.3172 -398.9801 0.958841 -0.283778 0.009722 0.280404 0.951719 0.124916 -0.044701 -0.117048 0.99212 754.dat
1 16 33.6708 -100.6905 -398.6263 0.940286 -0.340212 0.010858 0.334048 0.928437 0.162531 -0.065376 -0.149198 0.986644 754.dat
1 16 34.6683 -102.9735 -398.1634 0.909195 -0.416264 0.009452 0.404106 0.887656 0.22083 -0.100313 -0.196958 0.975267 754.dat
1 16 35.8554 -105.1316 -397.5717 0.871355 -0.490629 0.004916 0.46853 0.834998 0.288543 -0.145672 -0.24912 0.957454 754.dat
1 16 37.2672 -107.0852 -396.8051 0.810585 -0.585528 -0.010469 0.541404 0.742447 0.394531 -0.223236 -0.325469 0.918823 754.dat
1 16 38.8906 -108.768 -395.8445 0.746518 -0.664421 -0.035445 0.584864 0.629866 0.51108 -0.317247 -0.402261 0.858802 754.dat
1 16 40.6878 -110.108 -394.6803 0.680912 -0.728469 -0.075444 0.590142 0.484759 0.645555 -0.433695 -0.484089 0.759978 754.dat
1 16 42.5959 -111.0473 -393.3173 0.633791 -0.763132 -0.126245 0.541257 0.320949 0.777195 -0.552585 -0.560911 0.616466 754.dat
1 16 44.5348 -111.6157 -391.796 0.621059 -0.765553 -0.167972 0.459636 0.182162 0.869225 -0.63484 -0.617046 0.465009 754.dat
1 16 46.4435 -111.8615 -390.1516 0.634138 -0.74705 -0.19946 0.363063 0.059925 0.929836 -0.682681 -0.662061 0.309227 754.dat
1 16 48.2852 -111.846 -388.4111 0.663077 -0.716743 -0.215888 0.275211 -0.034781 0.960755 -0.696123 -0.696469 0.174193 754.dat
1 16 50.041 -111.6313 -386.5945 0.698181 -0.681181 -0.220309 0.203442 -0.106268 0.973303 -0.686407 -0.724362 0.064386 754.dat
1 16 51.705 -111.2698 -384.7148 0.733166 -0.644724 -0.216328 0.148915 -0.158179 0.976117 -0.663545 -0.74787 -0.019963 754.dat
1 16 53.2824 -110.8062 -382.783 0.763459 -0.611609 -0.207519 0.110066 -0.1934 0.974927 -0.636408 -0.767158 -0.080335 754.dat
1 16 54.7663 -110.262 -380.7987 0.795954 -0.57309 -0.194999 0.077071 -0.223565 0.971637 -0.60043 -0.788408 -0.133778 754.dat
1 16 56.167 -109.6653 -378.769 0.819949 -0.542799 -0.181808 0.0559 -0.240162 0.969122 -0.569701 -0.804793 -0.166578 754.dat
1 16 57.4631 -109.0198 -376.6549 0.856866 -0.489641 -0.161348 0.035098 -0.256838 0.965817 -0.514344 -0.833238 -0.20289 756.dat
1 16 59.6617 -107.844 -372.8339 0.886528 0.443043 0.133349 0.014382 0.261685 -0.965046 -0.462452 0.857458 0.225619 754.dat
1 16 60.7636 -107.1812 -370.6466 0.902417 0.414066 0.119132 0.008149 0.260044 -0.965562 -0.430786 0.872311 0.231294 754.dat
1 16 61.7927 -106.5248 -368.4223 0.916472 0.385933 0.105519 0.003709 0.255527 -0.966795 -0.400081 0.886432 0.232752 754.dat
1 16 62.751 -105.8817 -366.1626 0.928892 0.358577 0.092637 0.000629 0.248605 -0.968605 -0.370349 0.899788 0.230701 754.dat
1 16 63.6419 -105.2572 -363.8704 0.939151 0.33379 0.081107 -0.001612 0.240398 -0.970673 -0.343499 0.911478 0.226308 754.dat
1 16 64.4674 -104.6558 -361.5477 0.949538 0.305885 0.069363 -0.002698 0.229104 -0.973398 -0.31364 0.924092 0.218368 754.dat
1 16 65.2256 -104.083 -359.195 0.95743 0.282455 0.059564 -0.0036 0.21801 -0.97594 -0.288644 0.934179 0.209746 754.dat
1 16 65.923 -103.5401 -356.8165 0.965049 0.257247 0.050036 -0.003795 0.204622 -0.978834 -0.262041 0.944433 0.198447 754.dat
1 16 66.558 -103.0312 -354.4131 0.971319 0.234083 0.041763 -0.003842 0.191065 -0.98157 -0.237748 0.953257 0.186485 754.dat
1 16 67.1343 -102.5576 -351.9879 0.976877 0.211038 0.034257 -0.003609 0.176482 -0.984297 -0.21377 0.961414 0.173163 754.dat
1 16 67.6515 -102.1223 -349.5422 0.981948 0.187164 0.027333 -0.003063 0.16022 -0.987077 -0.189125 0.969174 0.157901 754.dat
1 16 68.11 -101.7275 -347.078 0.985913 0.165857 0.021631 -0.002649 0.144792 -0.989459 -0.167241 0.975462 0.143191 754.dat
1 16 68.5158 -101.3716 -344.5987 0.989105 0.146244 0.016873 -0.002294 0.12991 -0.991523 -0.147196 0.980681 0.12883 754.dat
1 16 68.8697 -101.0556 -342.1061 0.992226 0.123836 0.01235 -0.001625 0.112119 -0.993694 -0.12444 0.985948 0.111448 754.dat
1 16 69.17 -100.7827 -339.6013 0.994367 0.105611 0.009016 -0.001282 0.097039 -0.99528 -0.105988 0.989661 0.096628 754.dat
1 16 69.4238 -100.5485 -337.0874 0.996176 0.087149 0.006201 -0.000905 0.081263 -0.996692 -0.087364 0.992875 0.081031 754.dat
1 16 69.6289 -100.3565 -334.5656 0.997788 0.066378 0.003746 -0.000437 0.062879 -0.998021 -0.066482 0.995811 0.062769 754.dat
1 16 69.7842 -100.209 -332.0371 0.998788 0.049172 0.002112 -0.00021 0.047166 -0.998887 -0.049217 0.997676 0.04712 754.dat
1 16 69.8972 -100.1003 -329.5044 0.999424 0.033923 0.001027 -0.000089 0.032889 -0.999459 -0.033938 0.998883 0.032873 754.dat
1 16 69.9679 -100.0316 -326.9688 0.999904 0.013873 0.000226 0.000037 0.013638 -0.999907 -0.013875 0.999811 0.013636 754.dat
1 16 69.9947 -100.0052 -324.4315 0.999996 0.002984 0.000016 0.000007 0.002947 -0.999996 -0.002984 0.999991 0.002947 754.dat
1 16 70 -100 -321.8938 1 -0.000001 0 0 -0.000001 -1 0.000001 1 -0.000001 754.dat
1 16 70 -100 -319.3561 1 0 0 0 0 -1 0 1 0 754.dat
1 16 70 -100 -316.8184 1 0 0 0 0 -1 0 1 0 754.dat
1 16 70 -100 -314.5247 1 0 0 0 0 -1 0 1 0 754.dat
1 1 -30 -150 -180 0 0 1 0 1 0 -1 0 0 3038.dat
1 8 0 -150 -200 1 0 0 0 1 0 0 0 1 3004.dat
1 1 30 -150 -180 0 0 -1 0 1 0 1 0 0 3038.dat
1 8 0 -158 -20 1 0 0 0 1 0 0 0 1 3937.dat
1 0 0 -154.428 -27.66 1 0 0 0 0.643 -0.766 0 0.766 0.643 3938.dat
1 42 -30 -158 -190 0 0 1 0 1 0 -1 0 0 2412.dat
1 0 0 -174 -200 -1 0 0 0 1 0 0 0 -1 3039.dat
1 42 30 -158 -190 0 0 1 0 1 0 -1 0 0 2412.dat
1 1 0 -174.997 -52.174 -1 0 0 0 0.643 0.766 0 0.766 -0.643 2432.dat
1 34 -118.456 -127.442 -250 0 0.985 0.174 0 0.174 -0.985 -1 0 0 2582.dat
1 1 -142.096 -131.618 -260 0 0.985 0.174 0 0.174 -0.985 -1 0 0 4070.dat
1 1 -142.096 -131.618 -240 -0.174 0.985 0 0.985 0.174 0 0 0 -1 4286.dat
1 0 -135.726 -110.178 -260 0.985 0.174 0 0.174 -0.985 0 0 0 -1 4349.dat
1 0 -149.976 -133.01 -250 0 0.985 -0.174 0 0.174 0.985 1 0 0 3069.dat
1 34 118.456 -127.442 -250 0 -0.985 -0.174 0 0.174 -0.985 1 0 0 2582.dat
1 1 142.096 -131.618 -260 0 -0.985 -0.174 0 0.174 -0.985 1 0 0 4070.dat
1 1 142.096 -131.618 -240 -0.174 -0.985 0 -0.985 0.174 0 0 0 -1 4286.dat
1 0 135.726 -110.178 -260 0.985 -0.174 0 -0.174 -0.985 0 0 0 -1 4349.dat
1 0 149.976 -133.01 -250 0 -0.985 0.174 0 0.174 0.985 -1 0 0 3069.dat
1 1 -43.752 -90.068 -430 0 0.529 -0.849 0 0.849 0.529 1 0 0 30209.dat
1 34 -67.106 -70.802 -430 -0.529 0.849 0 -0.849 -0.529 0 0 0 1 30208.dat
1 0 -52.216 -103.652 -430 0 0.529 0.849 0 0.849 -0.529 -1 0 0 4531.dat
1 0 -63.5662 -121.8681 -434.544 -0.374003 0.374003 0.849 -0.600243 0.600243 -0.529 -0.707 -0.707 0 2433.dat
1 42 -66.5588 -126.6709 -428.887 0.849 0.374003 0.374003 -0.529 0.600243 0.600243 0 -0.707 0.707 2569.dat
1 1 43.752 -90.069 -430 0 -0.529 0.849 0 0.849 0.529 -1 0 0 30209.dat
1 34 67.106 -70.803 -430 -0.529 -0.849 0 0.849 -0.529 0 0 0 1 30208.dat
1 0 52.216 -103.653 -430 0 -0.529 0.849 0 0.849 0.529 -1 0 0 4531.dat
1 0 63.5662 -121.8691 -434.544 0.374003 -0.374003 0.849 -0.600243 0.600243 0.529 -0.707 -0.707 0 2433.dat
1 42 66.5588 -126.6719 -428.887 0.849 -0.374003 -0.374003 0.529 0.600243 0.600243 0 -0.707 0.707 2569.dat
1 42 0 -121.406 -296.992 1 0 0 0 0.201 0.98 0 -0.98 0.201 2466.dat
1 1 -100 -44 -290 0 0 1 0 1 0 -1 0 0 2593.dat
1 1 100 -44 -290 0 0 -1 0 1 0 1 0 0 2593.dat
1 1 -100 -44 -150 0 0 1 0 1 0 -1 0 0 2593.dat
1 1 100 -44 -150 0 0 -1 0 1 0 1 0 0 2593.dat
1 42 3.104 -41.324 8.832 0.751 0.587 -0.302 -0.328 0.728 0.602 0.573 -0.354 0.739 6141.dat
1 1 -10.984 -58.796 17.328 0.751 0.302 0.587 -0.328 -0.602 0.728 0.573 -0.739 -0.354 30035.dat
1 0 0 -64 -382 1 0 0 0 0 1 0 -1 0 3816.dat
1 0 0 -64 -382 1 0 0 0 0 1 0 -1 0 3817.dat
1 8 0 -76 -382 1 0 0 0 1 0 0 0 1 3815.dat
1 8 0 -108 -382 1 0 0 0 1 0 0 0 1 973.dat
1 0 0 -108 -382 1 0 0 0 1 0 0 0 1 3838.dat
1 8 100 -30 130 -1 0 0 0 1 0 0 0 -1 30212.dat
1 1 120 -14 230 1 0 0 0 1 0 0 0 1 3020.dat
1 1 110 -38 -10 0 0 1 0 1 0 -1 0 0 3023.dat
1 1 100 -30 240 1 0 0 0 1 0 0 0 1 3023.dat
1 1 80 -54 -10 -1 0 0 0 1 0 0 0 -1 6232.dat
1 1 100 -38 230 1 0 0 0 1 0 0 0 1 3022.dat
1 1 90 -78 -10 0 0 1 0 1 0 -1 0 0 3004.dat
1 1 140 -38 230 1 0 0 0 1 0 0 0 1 6232.dat
1 0 110 -60 -20 0 1 0 0 0 -1 -1 0 0 4349.dat
1 0 110 -60 0 0 1 0 0 0 -1 -1 0 0 4349.dat
1 8 120 -46 230 1 0 0 0 1 0 0 0 1 3020.dat
1 1 100 -102 -10 -1 0 0 0 1 0 0 0 -1 6232.dat
1 42 90 -54 230 0 0 1 0 1 0 -1 0 0 2412.dat
1 0 100 -110 -20 1 0 0 0 1 0 0 0 1 2412.dat
1 0 100 -110 10 1 0 0 0 1 0 0 0 1 3068.dat
1 16 70 -124.481 -126.099 0 0 -1 -0.963 0.27 0 0.27 0.963 0 2909.dat
1 16 70 -92.0004 -9.9997 0 0 -1 -0.963 0.27 0 0.27 0.963 0 2910.dat
1 7 60 -116 -170 1 0 0 0 0.963 0.27 0 -0.27 0.963 3749.dat
1 1 160 -28 230 0 0 -1 0 1 0 1 0 0 2515b.dat
1 8 -100 -30 130 -1 0 0 0 1 0 0 0 -1 30212.dat
1 1 -120 -14 230 1 0 0 0 1 0 0 0 1 3020.dat
1 1 -110 -38 -10 0 0 1 0 1 0 -1 0 0 3023.dat
1 1 -100 -30 240 1 0 0 0 1 0 0 0 1 3023.dat
1 0 -110 -60 -20 0 -1 0 0 0 -1 1 0 0 4349.dat
1 0 -110 -60 0 0 -1 0 0 0 -1 1 0 0 4349.dat
1 1 -100 -38 230 1 0 0 0 1 0 0 0 1 3022.dat
1 1 -80 -54 -10 1 0 0 0 1 0 0 0 1 6232.dat
1 1 -140 -38 230 -1 0 0 0 1 0 0 0 -1 6232.dat
1 1 -90 -78 -10 0 0 1 0 1 0 -1 0 0 3004.dat
1 8 -120 -46 230 1 0 0 0 1 0 0 0 1 3020.dat
1 1 -100 -102 -10 1 0 0 0 1 0 0 0 1 6232.dat
1 42 -90 -54 230 0 0 1 0 1 0 -1 0 0 2412.dat
1 0 -100 -110 -20 1 0 0 0 1 0 0 0 1 2412.dat
1 0 -100 -110 10 1 0 0 0 1 0 0 0 1 3068.dat
1 16 -70 -124.481 -126.099 0 0 -1 -0.963 0.27 0 0.27 0.963 0 2909.dat
1 16 -70 -92.0004 -9.9997 0 0 -1 -0.963 0.27 0 0.27 0.963 0 2910.dat
1 7 -60 -116.021 -170.019 -1 0 0 0 0.963 -0.27 0 -0.27 -0.963 3749.dat
1 1 -160 -28 230 0 0 1 0 1 0 -1 0 0 2515b.dat
1 0 0 -130 -250 0 0 1 0 1 0 -1 0 0 2434.dat
1 1 -28 -100 -280 0 1 0 0 0 -1 -1 0 0 2555.dat
1 1 28 -100 -280 0 -1 0 0 0 1 -1 0 0 2555.dat
1 1 -28 -100 -220 0 1 0 0 0 -1 -1 0 0 2555.dat
1 1 28 -100 -220 0 -1 0 0 0 1 -1 0 0 2555.dat
1 8 -44 -120 -250 0 1 0 0 0 1 1 0 0 3937.dat
1 0 -41.071 -127.071 -250 0 0.707 -0.707 0 0.707 0.707 1 0 0 3938.dat
1 8 44 -120 -250 0 -1 0 0 0 1 -1 0 0 3937.dat
1 0 41.071 -127.071 -250 0 -0.707 0.707 0 0.707 0.707 -1 0 0 3938.dat
1 42 -46.728 -132.728 -250 0 0.707 0.707 0 0.707 -0.707 -1 0 0 2412.dat
1 42 46.728 -132.728 -250 0 -0.707 0.707 0 0.707 0.707 -1 0 0 2412.dat
1 8 -34 -115 -280 0 -1 0 0 0 1 -1 0 0 3959.dat
1 8 34 -115 -280 0 1 0 0 0 1 1 0 0 3959.dat
1 8 -34 -115 -220 0 -1 0 0 0 1 -1 0 0 3959.dat
1 8 34 -115 -220 0 1 0 0 0 1 1 0 0 3959.dat
1 1 0 -162 -280 -1 0 0 0 1 0 0 0 -1 2432.dat
1 1 0 -162 -220 1 0 0 0 1 0 0 0 1 2432.dat
1 42 0 -154 -250 0.087 0 0.996 0 1 0 -0.996 0 0.087 30213.dat
1 80 0 -154 -250 0.087 0 0.996 0 1 0 -0.996 0 0.087 s13a.dat
1 1 0 -86 -98 0 0 1 0 1 0 -1 0 0 3020.dat
1 8 0 -78 -68 1 0 0 0 1 0 0 0 1 4590.dat
1 8 0 -78 -128 -1 0 0 0 1 0 0 0 -1 4590.dat
1 8 0 -78 -88 1 0 0 0 1 0 0 0 1 4590.dat
1 8 0 -94 -88 1 0 0 0 1 0 0 0 1 4598.dat
1 8 0 -110 -128 1 0 0 0 1 0 0 0 1 3937.dat
1 0 0 -109.88 -129.568 1 0 0 0 0.988 -0.156 0 0.156 0.988 3938.dat
1 0 0 -117.785 -130.821 1 0 0 0 0.988 -0.156 0 0.156 0.988 2342.dat
1 1 0 -155.726 -145.195 1 0 0 0 0.86 -0.512 0 0.512 0.86 2555.dat
1 0 -18 -141.489 -134.576 0 1 0 -0.857 0 -0.515 -0.515 0 0.857 4592.dat
1 0 -19.5 -141.489 -134.576 0 0 1 -0.857 0.515 0 -0.515 -0.857 0 4593.dat
1 0 18 -141.489 -134.576 0 -1 0 0.857 0 -0.515 0.515 0 0.857 4592.dat
1 0 19.5 -141.489 -134.576 0 0 -1 0.857 0.515 0 0.515 -0.857 0 4593.dat
1 0 0 -104 -90 1 0 0 0 0 1 0 -1 0 3816.dat
1 0 0 -104 -90 1 0 0 0 0 1 0 -1 0 3817.dat
1 8 0 -115.897 -88.434 1 0 0 0 0.991 0.131 0 -0.131 0.991 3815.dat
1 0 0 -147.617 -84.268 1 0 0 0 0.991 0.131 0 -0.131 0.991 973.dat
1 0 0 -171.406 -81.144 1 0 0 0 0.991 0.131 0 -0.131 0.991 3626.dat
1 47 0 -171.406 -81.144 1 0 0 0 0.991 0.131 0 -0.131 0.991 2446.dat
