0 Main
0 Name: 851 - Tractor.mpd
0 Author: LTRON
1 4 0 0 0 1 0 0 0 1 0 0 0 1 3710.dat
1 4 0 0 -90 0 0 1 0 1 0 -1 0 0 3035.dat
1 4 0 -8 -170 1 0 0 0 1 0 0 0 1 3020.dat
1 4 0 -8 -30 0 0 -1 0 1 0 1 0 0 3020.dat
1 4 0 -16 -30 0 0 -1 0 1 0 1 0 0 3020.dat
1 4 0 -22 -80 -1 0 0 0 1 0 0 0 -1 3149.dat
1 4 30 -24 -110 0 0 1 0 1 0 -1 0 0 3010.dat
1 4 -30 -24 -110 0 0 1 0 1 0 -1 0 0 3010.dat
1 4 -30 -24 10 0 0 1 0 1 0 -1 0 0 3702.dat
1 4 30 -24 10 0 0 1 0 1 0 -1 0 0 3702.dat
1 0 -80 -14 70 1 0 0 0 1 0 0 0 1 3707.dat
1 0 80 -14 70 1 0 0 0 1 0 0 0 1 3707.dat
1 7 10 -14 70 0 0 1 0 1 0 -1 0 0 3713.dat
1 7 -12 -14 70 0 0 1 0 1 0 -1 0 0 3650.dat
1 4 30 -32 -70 0 0 1 0 1 0 -1 0 0 3460.dat
1 4 -30 -32 -70 0 0 1 0 1 0 -1 0 0 3460.dat
1 4 -30 -32 70 0 0 1 0 1 0 -1 0 0 3666.dat
1 4 30 -32 70 0 0 1 0 1 0 -1 0 0 3666.dat
1 4 30 -24 100 1 0 0 0 1 0 0 0 1 3005.dat
1 4 -30 -24 100 1 0 0 0 1 0 0 0 1 3005.dat
1 4 0 -24 120 1 0 0 0 1 0 0 0 1 3701.dat
1 4 0 -24 140 1 0 0 0 1 0 0 0 1 3700.dat
1 0 0 -14 130 0 0.374607 0.927184 0 0.927184 -0.374607 -1 0 0 3705.dat
1 7 0 -14 100 0.927184 0.374607 0 -0.374607 0.927184 0 0 0 1 3647.dat
1 7 0 -14 159 0.93358 0.358368 0 -0.358368 0.93358 0 0 0 1 3650.dat
1 4 -30 0 70 0 0 1 0 1 0 -1 0 0 3666.dat
1 4 30 0 70 0 0 1 0 1 0 -1 0 0 3666.dat
1 4 0 0 130 1 0 0 0 1 0 0 0 1 3022.dat
1 4 0 -32 -160 1 0 0 0 1 0 0 0 1 3701.dat
1 4 0 -32 -180 1 0 0 0 1 0 0 0 1 3701.dat
1 4 0 -32 130 1 0 0 0 1 0 0 0 1 3022.dat
1 7 40 -14 -30 1 0 0 0 1 0 0 0 1 3673.dat
1 7 40 -14 10 1 0 0 0 1 0 0 0 1 3673.dat
1 4 50 -24 -10 0 0 -1 0 1 0 1 0 0 3701.dat
1 4 -30 -40 70 0 0 1 0 1 0 -1 0 0 3710.dat
1 4 -30 -48 70 0 0 1 0 1 0 -1 0 0 3710.dat
1 4 30 -40 70 0 0 1 0 1 0 -1 0 0 3710.dat
1 4 30 -48 70 0 0 1 0 1 0 -1 0 0 3710.dat
1 4 0 -32 0 1 0 0 0 1 0 0 0 1 3023.dat
1 4 50 -15.8653 131.0256 0 0 1 -0.139173 0.990268 0 -0.990268 -0.139173 0 3702.dat
1 4 50 2.3342 88.0747 0 0 1 -0.139173 0.990268 0 -0.990268 -0.139173 0 3710.dat
1 4 50 10.2564 86.9613 0 0 1 -0.139173 0.990268 0 -0.990268 -0.139173 0 3710.dat
1 4 50 15.3951 66.0425 0 0 1 -0.139173 0.990268 0 -0.990268 -0.139173 0 3700.dat
1 4 30 39.1615 62.7024 1 0 0 0 0.990268 0.139173 0 -0.139173 0.990268 3021.dat
1 4 -50 -15.8653 131.0256 0 0 1 -0.139173 0.990268 0 -0.990268 -0.139173 0 3702.dat
1 4 -50 -3.2327 48.464 0 0 1 -0.139173 0.990268 0 -0.990268 -0.139173 0 3710.dat
1 4 -50 4.6895 47.3506 0 0 1 -0.139173 0.990268 0 -0.990268 -0.139173 0 3710.dat
1 4 -50 12.6116 46.2372 0 0 1 -0.139173 0.990268 0 -0.990268 -0.139173 0 3701.dat
1 4 -30 39.1615 62.7024 1 0 0 0 0.990268 0.139173 0 -0.139173 0.990268 3021.dat
1 7 60 25.2977 64.6508 1 0 0 0 0.990268 0.139173 0 -0.139173 0.990268 3673.dat
1 7 -60 25.2977 64.6508 1 0 0 0 0.990268 0.139173 0 -0.139173 0.990268 3673.dat
1 4 0 31.2393 63.8158 1 0 0 0 0.990268 0.139173 0 -0.139173 0.990268 3020.dat
1 4 70 4.1006 57.5316 0 0 1 0.990268 0.139173 0 -0.139173 0.990268 0 3701.dat
1 4 -70 4.1006 57.5316 0 0 1 0.990268 0.139173 0 -0.139173 0.990268 0 3701.dat
1 7 -90 -14 70 0 0 1 0 1 0 -1 0 0 3713.dat
1 0 0 -22 -190 0 0 1 0 1 0 -1 0 0 3706.dat
1 7 0 -22 -210 1 0 0 0 1 0 0 0 1 3647.dat
1 7 0 -22 -230 1 0 0 0 1 0 0 0 1 3647.dat
1 7 0 -22 -140 0 -1 0 -1 0 0 0 0 -1 3712.dat
1 7 0 -22 -110 1 0 0 0 1 0 0 0 1 3326.dat
1 4 0 -21.2599 -80.1321 -1 0 0 0 0.62932 0.777146 0 0.777146 -0.62932 314.dat
1 4 0 -45.7549 -62.7104 1 0 0 0 0.62932 -0.777146 0 0.777146 0.62932 3022.dat
1 4 0 -104.7504 -56.1131 1 0 0 0 0.62932 -0.777146 0 0.777146 0.62932 3700.dat
1 4 0 -89.2075 -68.6995 1 0 0 0 0.62932 -0.777146 0 0.777146 0.62932 3700.dat
1 4 0 -73.6646 -81.2859 1 0 0 0 0.62932 -0.777146 0 0.777146 0.62932 3700.dat
1 0 0 -84.4686 -59.6694 0 0 1 0.777146 0.62932 0 -0.62932 0.777146 0 3706.dat
1 7 0 -45.6113 -91.1354 1 0 0 0 0.62932 -0.777146 0 0.777146 0.62932 3712.dat
1 7 0 -124.103 -27.5741 1 0 0 0 0.62932 -0.777146 0 0.777146 0.62932 3648.dat
1 4 0 -56 20 1 0 0 0 1 0 0 0 1 3037.dat
1 4 -30 -40 -50 0 0 1 0 1 0 -1 0 0 3023.dat
1 4 30 -40 -50 0 0 1 0 1 0 -1 0 0 3023.dat
1 7 30 -40 -90 0 0 1 0 1 0 -1 0 0 3023.dat
1 7 -30 -40 -90 0 0 1 0 1 0 -1 0 0 3023.dat
1 7 30 -40 -190 0 0 1 0 1 0 -1 0 0 3460.dat
1 7 -30 -40 -190 0 0 1 0 1 0 -1 0 0 3460.dat
1 4 -30 -48 -60 1 0 0 0 1 0 0 0 1 3024.dat
1 4 30 -48 -60 1 0 0 0 1 0 0 0 1 3024.dat
1 7 -30 -40 -90 0 0 1 0 1 0 -1 0 0 3023.dat
1 4 0 -64 20 1 0 0 0 1 0 0 0 1 3023.dat
1 4 0 -48 -40 1 0 0 0 1 0 0 0 1 3710.dat
1 4 -30 -32 -210 0 0 1 0 1 0 -1 0 0 3023.dat
1 4 -30 -24 -210 0 0 1 0 1 0 -1 0 0 3023.dat
1 4 30 -32 -210 0 0 1 0 1 0 -1 0 0 3023.dat
1 4 30 -24 -210 0 0 1 0 1 0 -1 0 0 3023.dat
1 4 0 -40 -170 1 0 0 0 1 0 0 0 1 3022.dat
1 4 -30 -72 -50 0 0 1 0 1 0 -1 0 0 3004.dat
1 4 30 -72 -50 0 0 1 0 1 0 -1 0 0 3004.dat
1 4 0 -56 70 1 0 0 0 1 0 0 0 1 3034.dat
1 4 -70 -48 70 0 0 1 0 1 0 -1 0 0 3710.dat
1 4 70 -48 70 0 0 1 0 1 0 -1 0 0 3710.dat
1 4 30 -56 40 1 0 0 0 1 0 0 0 1 3024.dat
1 4 -30 -56 40 1 0 0 0 1 0 0 0 1 3024.dat
1 4 -30 -64 50 0 0 1 0 1 0 -1 0 0 3710.dat
1 4 30 -64 50 0 0 1 0 1 0 -1 0 0 3710.dat
1 7 -30 -48 -90 0 0 1 0 1 0 -1 0 0 3023.dat
1 4 -30 -72 70 0 0 1 0 1 0 -1 0 0 3023.dat
1 4 30 -72 70 0 0 1 0 1 0 -1 0 0 3023.dat
1 4 0 -72 30 1 0 0 0 1 0 0 0 1 3020.dat
1 0 0 -80 10 1 0 0 0 1 0 0 0 1 3022.dat
1 0 0 -88 10 1 0 0 0 1 0 0 0 1 3022.dat
1 4 -30 -96 50 0 0 -1 0 1 0 1 0 0 3701.dat
1 4 30 -96 50 0 0 -1 0 1 0 1 0 0 3701.dat
1 4 -10 -100.328 128.51 0 0 1 0.069756 0.997564 0 -0.997564 0.069756 0 3702.dat
1 0 0 -86 70 1 0 0 0 1 0 0 0 1 3706.dat
1 0 -30 -120 40 1 0 0 0 1 0 0 0 1 3040.dat
1 0 30 -120 40 1 0 0 0 1 0 0 0 1 3040.dat
1 0 0 -120 40 1 0 0 0 1 0 0 0 1 3004.dat
1 0 0 -128 40 1 0 0 0 1 0 0 0 1 3710.dat
1 4 -70 -72 40 1 0 0 0 1 0 0 0 1 3665.dat
1 4 -70 -72 100 -1 0 0 0 1 0 0 0 -1 3665.dat
1 4 -70 -64 70 0 0 1 0 1 0 -1 0 0 3023.dat
1 4 -70 -72 70 0 0 1 0 1 0 -1 0 0 3023.dat
1 4 -70 -96 20 1 0 0 0 1 0 0 0 1 3665.dat
1 4 -70 -96 120 -1 0 0 0 1 0 0 0 -1 3665.dat
1 4 -70 -96 70 0 0 1 0 1 0 -1 0 0 3010.dat
1 4 -70 -104 70 0 0 1 0 1 0 -1 0 0 3460.dat
1 4 -70 -128 20 1 0 0 0 1 0 0 0 1 3040.dat
1 4 -70 -128 120 -1 0 0 0 1 0 0 0 -1 3040.dat
1 4 -70 -128 70 0 0 1 0 1 0 -1 0 0 3010.dat
1 4 70 -72 40 1 0 0 0 1 0 0 0 1 3665.dat
1 4 70 -72 100 -1 0 0 0 1 0 0 0 -1 3665.dat
1 4 70 -64 70 0 0 1 0 1 0 -1 0 0 3023.dat
1 4 70 -72 70 0 0 1 0 1 0 -1 0 0 3023.dat
1 4 70 -96 20 1 0 0 0 1 0 0 0 1 3665.dat
1 4 70 -96 120 -1 0 0 0 1 0 0 0 -1 3665.dat
1 4 70 -96 70 0 0 1 0 1 0 -1 0 0 3010.dat
1 4 70 -104 70 0 0 1 0 1 0 -1 0 0 3460.dat
1 4 70 -128 20 1 0 0 0 1 0 0 0 1 3040.dat
1 4 70 -128 120 -1 0 0 0 1 0 0 0 -1 3040.dat
1 4 70 -128 70 0 0 1 0 1 0 -1 0 0 3010.dat
1 4 90 -136 30 1 0 0 0 1 0 0 0 1 3021.dat
1 4 90 -136 70 1 0 0 0 1 0 0 0 1 3021.dat
1 4 90 -136 110 1 0 0 0 1 0 0 0 1 3021.dat
1 4 -90 -136 110 1 0 0 0 1 0 0 0 1 3021.dat
1 4 -90 -136 70 1 0 0 0 1 0 0 0 1 3021.dat
1 4 -90 -136 30 1 0 0 0 1 0 0 0 1 3021.dat
1 4 -70 -144 70 0 0 1 0 1 0 -1 0 0 3710.dat
1 4 70 -144 70 0 0 1 0 1 0 -1 0 0 3710.dat
1 4 0 56 -240 1 0 0 0 1 0 0 0 1 3460.dat
1 4 -60 48 -250 1 0 0 0 1 0 0 0 1 3680.dat
1 4 60 48 -250 1 0 0 0 1 0 0 0 1 3680.dat
1 4 70 24 -250 0 0 1 0 1 0 -1 0 0 3700.dat
1 4 50 24 -250 0 0 1 0 1 0 -1 0 0 3700.dat
1 4 -50 24 -250 0 0 1 0 1 0 -1 0 0 3700.dat
1 4 -70 24 -250 0 0 1 0 1 0 -1 0 0 3700.dat
1 7 -30 34 -250 0 0 -1 0 1 0 1 0 0 3713.dat
1 7 -90 34 -250 0 0 1 0 1 0 -1 0 0 3713.dat
1 7 90 34 -250 0 0 -1 0 1 0 1 0 0 3713.dat
1 7 30 34 -250 0 0 1 0 1 0 -1 0 0 3713.dat
1 0 70 34 -250 1 0 0 0 1 0 0 0 1 3706.dat
1 0 -70 34 -250 1 0 0 0 1 0 0 0 1 3706.dat
1 4 -60 16 -230 0 0 -1 0 1 0 1 0 0 3020.dat
1 4 60 16 -230 0 0 -1 0 1 0 1 0 0 3020.dat
1 7 -30 34 -250 0 0 -1 0 1 0 1 0 0 3713.dat
1 4 -60 8 -190 1 0 0 0 1 0 0 0 1 3680.dat
1 4 60 8 -190 1 0 0 0 1 0 0 0 1 3680.dat
1 4 -60 8 -250 1 0 0 0 1 0 0 0 1 3680.dat
1 4 60 8 -250 1 0 0 0 1 0 0 0 1 3680.dat
1 7 0 0 -200 1 0 0 0 1 0 0 0 1 3460.dat
1 7 -40 -8 -200 1 0 0 0 1 0 0 0 1 3743.dat
1 7 40 -8 -200 1 0 0 0 1 0 0 0 1 3743.dat
1 7 0 8 -260 0 0 1 0 1 0 -1 0 0 3021.dat
1 4 0 0 -250 1 0 0 0 1 0 0 0 1 3034.dat
1 7 0 0 -280 1 0 0 0 1 0 0 0 1 3710.dat
1 7 0 -8 -280 1 0 0 0 1 0 0 0 1 3710.dat
1 4 -30 -8 -250 1 0 0 0 1 0 0 0 1 3021.dat
1 4 30 -8 -250 1 0 0 0 1 0 0 0 1 3021.dat
1 7 0 -16 -270 1 0 0 0 1 0 0 0 1 3020.dat
1 7 30 -16 -240 1 0 0 0 1 0 0 0 1 3024.dat
1 7 -30 -16 -240 1 0 0 0 1 0 0 0 1 3024.dat
1 4 0 -32 -240 1 0 0 0 1 0 0 0 1 3700.dat
1 7 -30 -24 -250 0 0 1 0 1 0 -1 0 0 3023.dat
1 7 30 -24 -250 0 0 1 0 1 0 -1 0 0 3023.dat
1 0 0 -24 -280 1 0 0 0 1 0 0 0 1 3710.dat
1 7 0 -32 -270 1 0 0 0 1 0 0 0 1 3020.dat
1 7 30 -32 -240 1 0 0 0 1 0 0 0 1 3024.dat
1 7 -30 -32 -240 1 0 0 0 1 0 0 0 1 3024.dat
1 0 -30 -40 -290 0 0 -1 0 1 0 1 0 0 3023.dat
1 0 30 -40 -290 0 0 -1 0 1 0 1 0 0 3023.dat
1 0 0 -40 -260 0 0 1 0 1 0 -1 0 0 3021.dat
1 7 0 -48 -280 1 0 0 0 1 0 0 0 1 3710.dat
1 47 -30 -48 -300 1 0 0 0 1 0 0 0 1 3024.dat
1 47 30 -48 -300 1 0 0 0 1 0 0 0 1 3024.dat
1 47 30 -32 -300 1 0 0 0 1 0 0 0 1 3024.dat
1 47 -30 -32 -300 1 0 0 0 1 0 0 0 1 3024.dat
1 7 0 -48 -190 0 0 -1 0 1 0 1 0 0 3034.dat
1 7 0 -56 -150 0 0 1 0 1 0 -1 0 0 3020.dat
1 7 20 -56 -200 1 0 0 0 1 0 0 0 1 3023.dat
1 7 30 -64 -190 0 0 1 0 1 0 -1 0 0 3023.dat
1 7 30 -48 -250 0 0 1 0 1 0 -1 0 0 3023.dat
1 7 -30 -48 -250 0 0 1 0 1 0 -1 0 0 3023.dat
1 7 0 -56 -250 1 0 0 0 1 0 0 0 1 3020.dat
1 0 0 -56 -280 1 0 0 0 1 0 0 0 1 3710.dat
1 7 0 -64 -190 0 0 1 0 1 0 -1 0 0 3034.dat
1 7 0 -64 -280 1 0 0 0 1 0 0 0 1 3023.dat
1 7 30 -64 -270 0 0 1 0 1 0 -1 0 0 3023.dat
1 7 -30 -64 -270 0 0 1 0 1 0 -1 0 0 3023.dat
1 7 -30 -64 -240 1 0 0 0 1 0 0 0 1 3024.dat
1 7 30 -64 -240 1 0 0 0 1 0 0 0 1 3024.dat
1 4 0 -72 -210 0 0 1 0 1 0 -1 0 0 3030.dat
1 4 -30 -80 -250 0 0 1 0 1 0 -1 0 0 3666.dat
1 4 30 -80 -250 0 0 1 0 1 0 -1 0 0 3666.dat
1 4 -30 -80 -110 0 0 1 0 1 0 -1 0 0 3460.dat
1 4 30 -80 -110 0 0 1 0 1 0 -1 0 0 3460.dat
1 4 30 -72 -90 0 0 1 0 1 0 -1 0 0 3023.dat
1 7 30 -64 -150 0 0 1 0 1 0 -1 0 0 3023.dat
1 4 -30 -72 -90 0 0 1 0 1 0 -1 0 0 3023.dat
1 0 0 -80 -280 1 0 0 0 1 0 0 0 1 3023.dat
1 4 30 -104 -60 -1 0 0 0 1 0 0 0 -1 3040.dat
1 4 -30 -104 -60 -1 0 0 0 1 0 0 0 -1 3040.dat
1 7 0 -88 -290 1 0 0 0 1 0 0 0 1 3020.dat
1 7 -30 -88 -190 0 0 1 0 1 0 -1 0 0 3460.dat
1 7 30 -88 -190 0 0 1 0 1 0 -1 0 0 3460.dat
1 7 30 -88 -90 0 0 -1 0 1 0 1 0 0 3023.dat
1 7 -30 -88 -90 0 0 -1 0 1 0 1 0 0 3023.dat
1 0 0 -96 -280 1 0 0 0 1 0 0 0 1 3023.dat
1 4 -30 -96 -150 0 0 1 0 1 0 -1 0 0 3460.dat
1 4 30 -96 -150 0 0 1 0 1 0 -1 0 0 3460.dat
1 4 30 -96 -270 0 0 1 0 1 0 -1 0 0 3710.dat
1 4 -30 -96 -270 0 0 1 0 1 0 -1 0 0 3710.dat
1 4 0 -104 -190 0 0 1 0 1 0 -1 0 0 3029.dat
1 4 0 -112 -270 0 0 1 0 1 0 -1 0 0 3020.dat
1 4 0 -112 -190 0 0 1 0 1 0 -1 0 0 3020.dat
1 4 0 -112 -110 0 0 1 0 1 0 -1 0 0 3020.dat
1 7 -40 -14 -30 1 0 0 0 1 0 0 0 1 3673.dat
1 7 -60 20 25 1 0 0 0 1 0 0 0 1 3673.dat
1 4 -50 -35.9163 -26.4542 0 0 1 0.819152 0.573576 0 -0.573576 0.819152 0 3702.dat
1 4 -50 26.9986 -41.2092 0 0 1 0.819152 0.573576 0 -0.573576 0.819152 0 3700.dat
1 4 -50 -71.2996 27.62 0 0 1 0.819152 0.573576 0 -0.573576 0.819152 0 3460.dat
1 7 -60 32.7344 -33.0176 -1 0 0 0 0.819152 -0.573576 0 -0.573576 -0.819152 3673.dat
1 0 -70 26.3011 -3.7391 0 0 1 0.207911 0.978147 0 -0.978147 0.207911 0 3704.dat
1 7 -70 24.222 6.0424 -1 0 0 0 0.978147 0.207911 0 0.207911 -0.978147 3651.dat
1 7 -70 28.3803 -13.5206 1 0 0 0 0.978147 -0.207911 0 0.207911 0.978147 3651.dat
1 4 -30 -127 -100 1 0 0 0 1 0 0 0 1 3062.dat
1 7 30 -127 -200 1 0 0 0 1 0 0 0 1 3062.dat
1 7 30 -151 -200 1 0 0 0 1 0 0 0 1 3062.dat
1 7 30 -175 -200 1 0 0 0 1 0 0 0 1 3062.dat
1 47 -100 -162 123 1 0 0 0 0 1 0 -1 0 3024.dat
1 4 -100 -152 115 0 0 -1 1 0 0 0 -1 0 3023.dat
1 7 -150 -14 70 -1 0 0 0 1 0 0 0 -1 3739.dat
1 7 150 -14 70 1 0 0 0 1 0 0 0 1 3739.dat
1 7 -110 34 -250 0 0 -1 0 1 0 1 0 0 3482.dat
1 7 110 34 -250 0 0 -1 0 1 0 1 0 0 3482.dat
1 7 -150 -14 70 0 0 1 0 1 0 -1 0 0 3713.dat
1 7 90 -14 70 0 0 1 0 1 0 -1 0 0 3713.dat
1 7 150 -14 70 0 0 -1 0 1 0 1 0 0 3713.dat
1 256 -120 -14 70 0 0 1 0 1 0 -1 0 0 3740.dat
1 256 120 -14 70 0 0 1 0 1 0 -1 0 0 3740.dat
1 256 110 34 -250 0 0 -1 0 1 0 1 0 0 3634.dat
1 256 -110 34 -250 0 0 1 0 1 0 -1 0 0 3634.dat
1 0 0 3 190 1 0 0 0 1 0 0 0 1 3707.dat
1 0 0 -93.836 190.66 1 0 0 0 0.906308 -0.422618 0 0.422618 0.906308 3706.dat
1 7 -50 -94.354 190.2 0 0 1 0.422618 0.906308 0 -0.906308 0.422618 0 3713.dat
1 7 -70 3 190 0 0 1 0 1 0 -1 0 0 3713.dat
1 4 0 16 270 -1 0 0 0 1 0 0 0 -1 3709.dat
1 4 30 -8 250 0 0 -1 0 1 0 1 0 0 3702.dat
1 4 -30 -8 250 0 0 -1 0 1 0 1 0 0 3702.dat
1 7 40 2 270 -1 0 0 0 1 0 0 0 -1 3673.dat
1 7 -40 2 270 -1 0 0 0 1 0 0 0 -1 3673.dat
1 4 50 -8 270 0 0 -1 0 1 0 1 0 0 3700.dat
1 4 -50 -8 270 0 0 -1 0 1 0 1 0 0 3700.dat
1 4 -120 16 270 -1 0 0 0 1 0 0 0 -1 3738.dat
1 4 120 16 270 -1 0 0 0 1 0 0 0 -1 3738.dat
1 4 170 -8 270 0 0 -1 0 1 0 1 0 0 3004.dat
1 4 -170 -8 270 0 0 -1 0 1 0 1 0 0 3004.dat
1 4 -100 -16 270 -1 0 0 0 1 0 0 0 -1 3738.dat
1 4 100 -16 270 -1 0 0 0 1 0 0 0 -1 3738.dat
1 7 100 -30 270 -0.642788 -0.766044 0 0 0 -1 0.766044 -0.642788 0 3713.dat
1 7 -100 -30 270 -0.656059 -0.75471 0 0 0 -1 0.75471 -0.656059 0 3713.dat
1 7 0 1.5 270 -1 0 0 0 0 -1 0 -1 0 3713.dat
1 4 0 -24 270 -1 0 0 0 1 0 0 0 -1 3709.dat
1 7 0 -38 270 -0.707107 0.707107 0 0 0 1 0.707107 0.707107 0 3647.dat
1 4 0 16 210 -1 0 0 0 1 0 0 0 -1 3709.dat
1 4 30 -16 210 0 0 -1 0 1 0 1 0 0 3710.dat
1 4 -30 -16 210 0 0 -1 0 1 0 1 0 0 3710.dat
1 4 0 -24 210 -1 0 0 0 1 0 0 0 -1 3738.dat
1 4 -70 -48 210 0 0 -1 0 1 0 1 0 0 3004.dat
1 4 70 -48 210 0 0 -1 0 1 0 1 0 0 3004.dat
1 4 40 -32 220 -1 0 0 0 1 0 0 0 -1 3069.dat
1 4 -40 -32 220 -1 0 0 0 1 0 0 0 -1 3069.dat
1 0 0 -16 210 0 -0.996195 -0.087156 -1 0 0 0 0.087156 -0.996195 3705.dat
1 7 0 -42 210 -0.996195 0.087156 0 0 0 1 0.087156 0.996195 0 3649.dat
1 4 180 24 270 -1 0 0 0 1 0 0 0 -1 3003.dat
1 4 -180 24 270 -1 0 0 0 1 0 0 0 -1 3003.dat
1 7 0 1.5 210 -0.996195 -0.087156 0 0 0 -1 0.087156 -0.996195 0 3713.dat
1 4 60 -56 200 0 0 1 0 1 0 -1 0 0 3021.dat
1 4 -60 -56 200 0 0 1 0 1 0 -1 0 0 3021.dat
1 4 0 -64 220 -1 0 0 0 1 0 0 0 -1 3460.dat
1 4 30 -80 190 0 0 -1 0 1 0 1 0 0 3298.dat
1 4 -30 -80 190 0 0 1 0 1 0 -1 0 0 3298.dat
1 4 30 -104 190 0 0 -1 0 1 0 1 0 0 3700.dat
1 4 -30 -104 190 0 0 -1 0 1 0 1 0 0 3700.dat
1 4 180 70 270 -1 0 0 0 1 0 0 0 -1 3464.dat
1 256 180 70 270 -1 0 0 0 1 0 0 0 -1 3139.dat
1 4 180 48 270 -1 0 0 0 1 0 0 0 -1 8.dat
1 4 -180 70 270 -1 0 0 0 1 0 0 0 -1 3464.dat
1 256 -180 70 270 -1 0 0 0 1 0 0 0 -1 3139.dat
1 4 -180 48 270 -1 0 0 0 1 0 0 0 -1 8.dat
1 0 0 10 270 0 0.707107 -0.707107 1 0 0 0 -0.707107 -0.707107 3706.dat
1 14 -21.213 44 291.2131 0.707107 0 -0.707107 0 1 0 0.707107 0 0.707107 3004.dat
1 14 -28.2841 68 298.2841 -0.707107 0 -0.707107 0 1 0 0.707107 0 -0.707107 3022.dat
1 14 28.2845 68 241.7156 -0.707107 0 -0.707107 0 1 0 0.707107 0 -0.707107 3022.dat
1 14 21.2134 44 248.7867 0.707107 0 -0.707107 0 1 0 0.707107 0 0.707107 3004.dat
1 7 0.0002 36 269.9998 -0.707107 0.707107 0 0 0 1 0.707107 0.707107 0 3649.dat
1 0 100 16 270 0 0.642788 -0.766044 1 0 0 0 -0.766044 -0.642788 3706.dat
1 14 80.7173 44 292.9812 0.766044 0 -0.642788 0 1 0 0.642788 0 0.766044 3004.dat
1 14 74.2894 68 300.6416 -0.642788 0 -0.766044 0 1 0 0.766044 0 -0.642788 3022.dat
1 14 125.7124 68 239.3581 -0.642788 0 -0.766044 0 1 0 0.766044 0 -0.642788 3022.dat
1 14 119.2846 44 247.0185 0.766044 0 -0.642788 0 1 0 0.642788 0 0.766044 3004.dat
1 7 100.0009 36 269.9998 -0.642788 0.766044 0 0 0 1 0.766044 0.642788 0 3649.dat
1 0 -100 16 270 0 0.656059 -0.75471 1 0 0 0 -0.75471 -0.656059 3706.dat
1 14 -119.6827 44 292.6389 0.75471 0 -0.656059 0 1 0 0.656059 0 0.75471 3004.dat
1 14 -126.2433 68 300.1859 -0.656059 0 -0.75471 0 1 0 0.75471 0 -0.656059 3022.dat
1 14 -73.7586 68 239.8091 -0.656059 0 -0.75471 0 1 0 0.75471 0 -0.656059 3022.dat
1 14 -80.3192 44 247.3562 0.75471 0 -0.656059 0 1 0 0.656059 0 0.75471 3004.dat
1 7 -100.001 36 269.9976 -0.656059 0.75471 0 0 0 1 0.75471 0.656059 0 3649.dat
1 7 70 3 190 0 0 -1 0 1 0 1 0 0 3713.dat
