0 
0 Name: New Model.ldr
0 Author: 
1 72 185 -560 761 -0.787 0.077 -0.613 0.035 0.996 0.08 0.616 0.041 -0.786 43713.dat
1 15 208.904 -571.168 792.112 -0.787 0.077 -0.613 0.035 0.996 0.08 0.616 0.041 -0.786 3003.dat
1 15 173.356 -550.432 745.608 0.613 0.077 -0.787 -0.08 0.996 0.035 0.786 0.041 0.616 3020.dat
1 72 160.48 -556.8 729.56 0.613 0.077 -0.787 -0.08 0.996 0.035 0.786 0.041 0.616 4871.dat
1 15 154.35 -556 721.7 0.787 0.077 0.613 -0.035 0.996 -0.08 -0.616 0.041 0.786 15573.dat
1 70 189.282 -584.704 767.876 0.787 0.077 0.613 -0.035 0.996 -0.08 -0.616 0.041 0.786 2432.dat
1 226 207.994 -569.018 742.192 -0.613 0.077 0.787 0.08 0.996 -0.035 -0.786 0.041 -0.616 3710.dat
1 226 160.774 -566.918 779.152 -0.613 0.077 0.787 0.08 0.996 -0.035 -0.786 0.041 -0.616 3710.dat
1 226 233.424 -574.368 823.552 -0.787 0.077 -0.613 0.035 0.996 0.08 0.616 0.041 -0.786 90194.dat
1 4 225.446 -597.472 814.708 0.613 0.077 -0.787 -0.08 0.996 0.035 0.786 0.041 0.616 3002.dat
1 4 209.598 -620.226 812.024 0.613 0.077 -0.787 -0.08 0.996 0.035 0.786 0.041 0.616 32064.dat
1 4 225.338 -620.926 799.704 0.613 0.077 -0.787 -0.08 0.996 0.035 0.786 0.041 0.616 32064.dat
1 4 235.858 -622.976 829.444 -0.787 0.077 -0.613 0.035 0.996 0.08 0.616 0.041 -0.786 3747.dat
1 4 183.338 -617.476 794.604 -0.787 0.077 -0.613 0.035 0.996 0.08 0.616 0.041 -0.786 3245c.dat
1 4 214.818 -618.876 769.964 -0.787 0.077 -0.613 0.035 0.996 0.08 0.616 0.041 -0.786 3245c.dat
1 4 154.028 -574.086 770.964 0.613 0.077 -0.787 -0.08 0.996 0.035 0.786 0.041 0.616 63864.dat
1 4 201.248 -576.186 734.004 0.613 0.077 -0.787 -0.08 0.996 0.035 0.786 0.041 0.616 63864.dat
1 33 130.74 -554.95 740.18 0.787 0.077 0.613 -0.035 0.996 -0.08 -0.616 0.041 0.786 54200.dat
1 33 177.96 -557.05 703.22 0.787 0.077 0.613 -0.035 0.996 -0.08 -0.616 0.041 0.786 54200.dat
1 15 153.734 -563.968 721.372 0.787 0.077 0.613 -0.035 0.996 -0.08 -0.616 0.041 0.786 4592.dat
1 4 241.372 -631.744 836.976 -0.613 0.077 0.787 0.08 0.996 -0.035 -0.786 0.041 -0.616 3034.dat
1 72 228.496 -638.112 820.928 0.613 0.077 -0.787 -0.08 0.996 0.035 0.786 0.041 0.616 3795.dat
1 33 222.688 -619.226 763.804 0.613 0.077 -0.787 -0.08 0.996 0.035 0.786 0.041 0.616 54200.dat
1 33 175.468 -617.126 800.764 -0.613 0.077 0.787 0.08 0.996 -0.035 -0.786 0.041 -0.616 54200.dat
1 71 203.36 -642.88 789.16 -0.613 0.077 0.787 0.08 0.996 -0.035 -0.786 0.041 -0.616 3022.dat
1 4 227.88 -646.08 820.6 -0.613 0.077 0.787 0.08 0.996 -0.035 -0.786 0.041 -0.616 87580.dat
1 4 252.4 -649.28 852.04 -0.613 0.077 0.787 0.08 0.996 -0.035 -0.786 0.041 -0.616 87580.dat
1 0 196.614 -650.048 780.972 0.787 0.077 0.613 -0.035 0.996 -0.08 -0.616 0.041 0.786 60470.dat
1 72 186.848 -536.096 761.984 0.787 0.077 0.613 -0.035 0.996 -0.08 -0.616 0.041 0.786 3031.dat
1 72 205.854 -530.528 785.892 -0.787 0.077 -0.613 0.035 0.996 0.08 0.616 0.041 -0.786 30248.dat
1 0 239.524 -655.648 835.992 -0.787 0.077 -0.613 0.035 0.996 0.08 0.616 0.041 -0.786 2397.dat
1 4 276.92 -652.48 883.48 -0.613 0.077 0.787 0.08 0.996 -0.035 -0.786 0.041 -0.616 87580.dat
1 4 233.978 -611.316 793.954 -0.787 0.077 -0.613 0.035 0.996 0.08 0.616 0.041 -0.786 32062.dat
1 72 249.718 -612.016 781.634 0.613 0.077 -0.787 -0.08 0.996 0.035 0.786 0.041 0.616 59443.dat
1 4 288.564 -662.048 898.872 0.613 0.077 -0.787 -0.08 0.996 0.035 0.786 0.041 0.616 60479.dat
1 4 356.58 -743.36 990.24 0.787 0.077 0.613 -0.035 0.996 -0.08 -0.616 0.041 0.786 2340.dat
1 43 306.338 -672.416 922.124 0.787 0.077 0.613 -0.035 0.996 -0.08 -0.616 0.041 0.786 98138.dat
1 4 263.428 -666.816 867.104 -0.613 0.077 0.787 0.08 0.996 -0.035 -0.786 0.041 -0.616 6636.dat
1 71 350.48 -662.08 977.8 0.613 0.077 -0.787 -0.08 0.996 0.035 0.786 0.041 0.616 18677.dat
1 72 202.128 -658.816 788.504 -0.787 0.077 -0.613 0.035 0.996 0.08 0.616 0.041 -0.786 3176.dat
1 71 365.25 -653.27 979.91 -0.787 0.077 -0.613 0.035 0.996 0.08 0.616 0.041 -0.786 3673.dat
1 0 373.12 -653.62 973.75 0.613 0.077 -0.787 -0.08 0.996 0.035 0.786 0.041 0.616 92842.dat
1 72 201.512 -666.784 788.176 0.613 0.077 -0.787 -0.08 0.996 0.035 0.786 0.041 0.616 2460.dat
1 43 184.508 -646.456 765.334 0.787 0.077 0.613 -0.035 0.996 -0.08 -0.616 0.041 0.786 11289.dat
1 0 199.664 -690.688 787.192 -0.9898 0.077 0.123018 0.081305 0.996 0.031815 -0.12019 0.041 -0.991214 2479.dat
1 0 169.354 -696.2169 783.2583 -0.9898 0.077 0.123018 0.081305 0.996 0.031815 -0.12019 0.041 -0.991214 30383.dat
1 0 228.742 -701.0952 790.4697 0.9898 0.077 -0.123018 -0.081305 0.996 -0.031815 0.12019 0.041 0.991214 30383.dat
1 0 148.942 -702.5588 780.5265 0.123018 0.077 0.9898 0.031815 0.996 -0.081305 -0.991214 0.041 0.12019 14137.dat
1 0 247.922 -710.6893 792.5455 -0.123018 0.077 -0.9898 -0.031815 0.996 0.081305 0.991214 0.041 -0.12019 14137.dat
1 72 198.432 -706.624 786.536 0.9898 0.077 -0.123018 -0.081305 0.996 -0.031815 0.12019 0.041 0.991214 63864.dat
1 15 273.328 -613.066 763.154 0.077 -0.787 0.613 0.996 0.035 -0.08 0.041 0.616 0.786 41812.dat
1 70 309.495 -617.786 809.528 -0.613 0.077 0.787 0.08 0.996 -0.035 -0.786 0.041 -0.616 24316.dat
1 43 288.123 -614.726 775.624 -0.613 -0.787 0.077 0.08 0.035 0.996 -0.786 0.616 0.041 98138.dat
1 43 275.863 -613.126 759.904 -0.613 -0.787 0.077 0.08 0.035 0.996 -0.786 0.616 0.041 98138.dat
1 43 263.603 -611.526 744.184 -0.613 -0.787 0.077 0.08 0.035 0.996 -0.786 0.616 0.041 98138.dat
1 43 214.863 -601.199 681.427 -0.613 -0.787 0.077 0.08 0.035 0.996 -0.786 0.616 0.041 98138.dat
1 25 176.565 -572.995 750.994 0.787 0.077 0.613 -0.036 0.996 -0.079 -0.616 0.041 0.786 3815.dat
1 25 174.101 -604.867 749.682 0.787 0.077 0.613 -0.036 0.996 -0.079 -0.616 0.041 0.786 973.dat
1 15 172.253 -628.771 748.698 0.80539 0.077 0.58939 -0.03837 0.996 -0.07792 -0.59242 0.041 0.80448 2446.dat
