0 Main
0 Name: 42021-1 - Snowmobile - Snow Motorcycle.mpd
0 Author: LTRON
1 27 0 0 0 0 1 0 -0.97437 0 -0.224951 -0.224951 0 0.97437 32524.dat
1 27 40 0 0 0 1 0 -0.97437 0 -0.224951 -0.224951 0 0.97437 32524.dat
1 1 20 -4.499 19.486 1 0 0 0 -0.97437 0.224951 0 -0.224951 -0.97437 6558.dat
1 1 20 -26.994 116.927 -1 0 0 0 -0.97437 -0.224951 0 -0.224951 0.97437 6558.dat
1 1 20 0 0 1 0 0 0 -0.97437 0.224951 0 -0.224951 -0.97437 6558.dat
1 1 20 13.497 -58.461 1 0 0 0 -0.97437 0.224951 0 -0.224951 -0.97437 6558.dat
1 0 10 -8.997 38.973 1 0 0 0 -0.97437 0.224951 0 -0.224951 -0.97437 2780.dat
1 27 20 -31.494 136.412 0 -1 0 -0.97437 0 0.224951 -0.224951 0 -0.97437 41239.dat
1 0 30 -13.497 58.461 -1 0 0 0 0.97437 0.224951 0 0.224951 -0.97437 2780.dat
1 0 30 -53.989 233.848 -1 0 0 0 0.97437 0.224951 0 0.224951 -0.97437 2780.dat
1 0 10 -49.491 214.361 -1 0 0 0 0.97437 0.224951 0 0.224951 -0.97437 2780.dat
1 0 0 -40.49 175.388 0 1 0 -0.97437 0 -0.224951 -0.224951 0 0.97437 11947.dat
1 0 40 -40.49 175.388 0 -1 0 0.97437 0 -0.224951 0.224951 0 0.97437 11946.dat
1 4 0 -38.24 165.646 0 0 1 -0.224951 -0.97437 0 0.97437 -0.224951 0 32062.dat
1 4 40 -38.24 165.646 0 0 1 -0.224951 -0.97437 0 0.97437 -0.224951 0 32062.dat
1 71 0 -35.992 155.904 -1 0 0 0 -0.97437 -0.224951 0 -0.224951 0.97437 32039.dat
1 71 40 -35.992 155.904 -1 0 0 0 -0.97437 -0.224951 0 -0.224951 0.97437 32039.dat
1 71 20 -31.494 136.412 -1 0 0 0 -0.97437 -0.224951 0 -0.224951 0.97437 4519.dat
1 0 0 130.017 -29.781 0 -1 0 -0.971 0 0.239 -0.239 0 -0.971 32009.dat
1 0 40 130.017 -29.781 0 -1 0 -0.971 0 0.239 -0.239 0 -0.971 32009.dat
1 0 10 91.177 -39.341 -1 0 0 0 0.971 0.239 0 0.239 -0.971 2780.dat
1 0 10 110.897 47.899 -1 0 0 0 0.971 0.239 0 0.239 -0.971 2780.dat
1 71 -10 115.677 28.479 -1 0 0 0 0.971 0.239 0 0.239 -0.971 3673.dat
1 15 20 91.177 -39.341 0 -1 0 0.971 0 -0.239 0.239 0 0.971 32526.dat
1 72 20 72.057 38.339 1 0 0 0 0.971 -0.239 0 0.239 0.971 11214.dat
1 71 20 81.617 -0.501 1 0 0 0 0.971 -0.239 0 0.239 0.971 4519.dat
1 1 20 71.757 -44.121 1 0 0 0 0.971 -0.239 0 0.239 0.971 6558.dat
1 1 20 47.857 52.979 -1 0 0 0 0.971 0.239 0 0.239 -0.971 6558.dat
1 27 0 81.617 -0.501 0 1 0 -0.971 0 -0.239 -0.239 0 0.971 32140.dat
1 27 40 81.617 -0.501 0 1 0 -0.971 0 -0.239 -0.239 0 0.971 32140.dat
1 71 20 52.337 -48.901 -1 0 0 0 -0.971 -0.239 0 -0.239 0.971 32073.dat
1 71 -20 47.557 -29.481 -1 0 0 0 -0.971 -0.239 0 -0.239 0.971 32039.dat
1 71 60 47.557 -29.481 -1 0 0 0 -0.971 -0.239 0 -0.239 0.971 32039.dat
1 4 60 45.167 -19.771 0 0 1 -0.239 -0.971 0 0.971 -0.239 0 32062.dat
1 4 -20 45.167 -19.771 0 0 1 -0.239 -0.971 0 0.971 -0.239 0 32062.dat
1 71 60 69.967 130.509 0 0 1 -0.239 -0.971 0 0.971 -0.239 0 3673.dat
1 71 -20 69.967 130.509 0 0 1 -0.239 -0.971 0 0.971 -0.239 0 3673.dat
1 0 20 67.577 140.219 0 0 1 -0.971 0.239 0 -0.239 -0.971 0 32316.dat
1 71 20 91.777 125.579 -1 0 0 0 -0.971 -0.239 0 -0.239 0.971 32073.dat
1 0 -20 72.357 120.799 -1 0 0 0 -0.971 -0.239 0 -0.239 0.971 32184.dat
1 0 60 72.357 120.799 -1 0 0 0 -0.971 -0.239 0 -0.239 0.971 32184.dat
1 0 20 52.937 116.019 -1 0 0 0 -0.971 -0.239 0 -0.239 0.971 3706.dat
1 0 20 91.777 125.579 0 1 0 0.239 0 -0.971 -0.971 0 -0.239 32140.dat
1 0 20 32.917 -53.681 0 1 0 0.239 0 -0.971 -0.971 0 -0.239 32316.dat
1 0 60 42.777 -10.061 1 0 0 0 0.971 -0.239 0 0.239 0.971 11947.dat
1 0 -20 62.197 -5.281 -1 0 0 0 -0.971 -0.239 0 -0.239 0.971 11947.dat
1 0 60 62.197 -5.281 -1 0 0 0 -0.971 -0.239 0 -0.239 0.971 11946.dat
1 0 -20 42.777 -10.061 1 0 0 0 0.971 -0.239 0 0.239 0.971 11946.dat
1 71 60 42.927 31.169 0 1 0 -0.971 0 -0.239 -0.239 0 0.971 3673.dat
1 0 60 38.147 50.589 0 1 0 -0.971 0 -0.239 -0.239 0 0.971 2780.dat
1 71 -20 42.927 31.169 0 1 0 -0.971 0 -0.239 -0.239 0 0.971 3673.dat
1 0 -20 38.147 50.589 0 1 0 -0.971 0 -0.239 -0.239 0 0.971 2780.dat
1 0 0 13.006 116.447 0 -1 0 0.012 0 -1 1 0 0.012 32316.dat
1 0 40 13.006 116.447 0 -1 0 0.012 0 -1 1 0 0.012 32316.dat
1 27 20 -24.12 -54.96 0 -1 0 0.916 0 0.402 -0.402 0 0.916 32140.dat
1 4 20 -24.12 -54.96 -1 0 0 0 -0.916 0.402 0 0.402 0.916 32062.dat
1 4 20 -5.8 -63 -1 0 0 0 -0.916 0.402 0 0.402 0.916 32062.dat
1 0 20 -32.16 -73.28 1 0 0 0 0.402 -0.916 0 0.916 0.402 92907.dat
1 27 20 51.4 -131.8 0 -1 0 -0.402 0 0.916 -0.916 0 -0.402 41239.dat
1 0 20 59.44 -113.48 1 0 0 0 0.916 0.402 0 -0.402 0.916 92907.dat
1 0 20 -50.48 -65.24 -1 0 0 0 -0.402 -0.916 0 -0.916 0.402 92907.dat
1 0 20 -13.84 -81.32 -1 0 0 0 -0.402 -0.916 0 -0.916 0.402 92907.dat
1 1 20 -32.16 -73.28 0 0 -1 0.916 -0.402 0 -0.402 -0.916 0 6558.dat
1 72 18 -40.2 -91.6 -1 0 0 0 -0.402 -0.916 0 -0.916 0.402 87083.dat
1 0 -10 -58.52 -83.56 -1 0 0 0 -0.916 0.402 0 0.402 0.916 32184.dat
1 0 50 -58.52 -83.56 -1 0 0 0 -0.916 0.402 0 0.402 0.916 32184.dat
1 0 -50 -76.84 -75.52 0 -0.382683 0.92388 -0.916 -0.3714 -0.153839 0.402 -0.846274 -0.350538 32016.dat
1 4 -77.716 -72.2246 -65.0034 -0.92388 -0.382683 0 0.153839 -0.3714 -0.916 0.350538 -0.846274 0.402 32062.dat
1 71 -86.955 -70.6866 -61.4988 0 -0.382683 0.92388 -0.916 -0.3714 -0.153839 0.402 -0.846274 -0.350538 3713.dat
1 0 90 -76.84 -75.52 0 0.382683 -0.92388 0.916 -0.3714 -0.153839 -0.402 -0.846274 -0.350538 32016.dat
1 4 117.716 -72.2246 -65.0034 0.92388 0.382683 0 0.153839 -0.3714 0.916 0.350538 -0.846274 -0.402 32062.dat
1 71 126.955 -70.6866 -61.4988 0 0.382683 -0.92388 0.916 -0.3714 -0.153839 -0.402 -0.846274 -0.350538 3713.dat
1 0 20 -76.84 -75.52 -1 0 0 0 -0.916 0.402 0 0.402 0.916 3706.dat
1 47 10 -76.84 -75.52 0 1 0 0.402 0 0.916 0.916 0 -0.402 41669.dat
1 47 30 -76.84 -75.52 0 -1 0 -0.402 0 0.916 -0.916 0 -0.402 41669.dat
1 4 20 77.76 -121.52 1 0 0 0 0.916 0.402 0 -0.402 0.916 32062.dat
1 4 20 69.72 -139.84 1 0 0 0 0.916 0.402 0 -0.402 0.916 32062.dat
1 4 20 -21.88 -99.64 1 0 0 0 0.916 0.402 0 -0.402 0.916 32062.dat
1 4 20 -3.56 -107.68 1 0 0 0 0.916 0.402 0 -0.402 0.916 32062.dat
1 4 20 -58.52 -83.56 1 0 0 0 0.916 0.402 0 -0.402 0.916 32062.dat
1 0 20 171.192 -162.524 0 0 -1 0.402 0.916 0 0.916 -0.402 0 4254.dat
1 71 20 77.76 -121.52 0 0 -1 0.402 0.916 0 0.916 -0.402 0 4255.dat
1 0 40 180.947 -145.1751 0 -1 0 -0.871622 0 -0.490674 0.490674 0 -0.871622 33299.dat
1 72 20 180.947 -145.1751 1 0 0 0 -0.871622 -0.490674 0 0.490674 -0.871622 11214.dat
1 72 0 171.1335 -162.6076 0 1 0 -0.871622 0 0.490674 0.490674 0 0.871622 60483.dat
1 72 22 171.1335 -162.6076 1 0 0 0 -0.871622 -0.490674 0 0.490674 -0.871622 87083.dat
1 71 50 171.1335 -162.6076 0 0 1 0.490674 -0.871622 0 0.871622 0.490674 0 3713.dat
1 15 40 184.052 302.505 0 -1 0 -1 0 0 0 0 -1 32526.dat
1 15 0 184.052 302.505 0 -1 0 -1 0 0 0 0 -1 32526.dat
1 1 20 184.052 302.505 -1 0 0 0 1 0 0 0 -1 6558.dat
1 0 30 184.052 242.505 -1 0 0 0 1 0 0 0 -1 2780.dat
1 0 20 184.052 262.505 0 -1 0 -1 0 0 0 0 -1 32525.dat
1 19 20 184.052 362.505 1 0 0 0 1 0 0 0 1 32556.dat
1 19 20 184.052 162.505 1 0 0 0 1 0 0 0 1 32556.dat
1 71 10 184.052 362.505 0 0 1 0 1 0 -1 0 0 87407.dat
1 71 10 184.052 162.505 0 0 1 0 1 0 -1 0 0 87407.dat
1 71 30 184.052 162.505 0 0 -1 0 1 0 1 0 0 87407.dat
1 71 30 184.052 362.505 0 0 -1 0 1 0 1 0 0 87407.dat
1 0 10 184.052 222.505 1 0 0 0 1 0 0 0 1 2780.dat
1 0 -10 164.052 222.505 1 0 0 0 1 0 0 0 1 2780.dat
1 0 40 164.052 222.505 1 0 0 0 1 0 0 0 1 32054.dat
1 0 20 184.052 202.505 1 0 0 0 1 0 0 0 1 32054.dat
1 4 -10 184.052 202.505 1 0 0 0 1 0 0 0 1 32062.dat
1 0 -20 184.052 202.505 0 1 0 -1 0 0 0 0 1 33299.dat
1 71 -10 144.052 222.505 -1 0 0 0 1 0 0 0 -1 4274.dat
1 0 20 208.052 167.505 1 0 0 0 -1 0 0 0 -1 15379.dat
1 0 20 208.052 151.505 1 0 0 0 -0.66262 -0.748956 0 0.748956 -0.66262 15379.dat
1 0 20 196.069 140.903 1 0 0 0 -0.258819 -0.965926 0 0.965926 -0.258819 15379.dat
1 0 20 180.614 136.761 1 0 0 0 0.492424 -0.870356 0 0.870356 0.492424 15379.dat
1 0 20 166.689 144.64 1 0 0 0 0.866025 -0.5 0 0.5 0.866025 15379.dat
1 0 20 158.689 158.496 1 0 0 0 0.965925 -0.258819 0 0.258819 0.965925 15379.dat
1 0 20 154.548 173.95 1 0 0 0 0.927183 -0.374607 0 0.374607 0.927183 15379.dat
1 0 20 148.554 188.785 1 0 0 0 0.948323 -0.317305 0 0.317305 0.948323 15379.dat
1 0 20 143.477 203.959 1 0 0 0 0.913545 -0.406736 0 0.406736 0.913545 15379.dat
1 0 20 136.874 218.945 1 0 0 0 0.996917 0.078459 0 -0.078459 0.996917 15379.dat
1 0 20 138.129 234.895 1 0 0 0 0.968147 0.25038 0 -0.25038 0.968147 15379.dat
1 0 20 142.135 250.386 1 0 0 0 0.991445 0.130526 0 -0.130526 0.991445 15379.dat
1 0 20 144.223 266.25 1 0 0 0 0.987688 0.156434 0 -0.156434 0.987688 15379.dat
1 0 20 146.726 282.053 1 0 0 0 0.987688 0.156434 0 -0.156434 0.987688 15379.dat
1 0 20 149.23 297.856 1 0 0 0 0.987688 0.156434 0 -0.156434 0.987688 15379.dat
1 0 20 151.733 313.659 1 0 0 0 0.987688 0.156434 0 -0.156434 0.987688 15379.dat
1 0 20 154.236 329.462 1 0 0 0 0.987688 0.156434 0 -0.156434 0.987688 15379.dat
1 0 20 156.739 345.266 1 0 0 0 0.987688 0.156434 0 -0.156434 0.987688 15379.dat
1 0 20 159.242 361.069 1 0 0 0 0.987688 0.156434 0 -0.156434 0.987688 15379.dat
1 0 20 161.745 376.872 1 0 0 0 0.551937 0.833886 0 -0.833886 0.551937 15379.dat
1 0 20 175.087 385.703 1 0 0 0 0.095846 0.995396 0 -0.995396 0.095846 15379.dat
1 0 20 191.013 387.236 1 0 0 0 -0.580703 0.814115 0 -0.814115 -0.580703 15379.dat
1 0 20 204.039 377.945 1 0 0 0 -0.939692 0.34202 0 -0.34202 -0.939692 15379.dat
1 0 20 208.052 183.505 1 0 0 0 -1 0 0 0 -1 15379.dat
1 0 20 208.052 199.505 1 0 0 0 -1 0 0 0 -1 15379.dat
1 0 20 208.052 215.505 1 0 0 0 -1 0 0 0 -1 15379.dat
1 0 20 208.052 231.505 1 0 0 0 -1 0 0 0 -1 15379.dat
1 0 20 208.052 247.505 1 0 0 0 -1 0 0 0 -1 15379.dat
1 0 20 208.052 263.505 1 0 0 0 -1 0 0 0 -1 15379.dat
1 0 20 208.052 279.505 1 0 0 0 -1 0 0 0 -1 15379.dat
1 0 20 208.052 295.505 1 0 0 0 -1 0 0 0 -1 15379.dat
1 0 20 208.052 311.505 1 0 0 0 -1 0 0 0 -1 15379.dat
1 0 20 208.052 327.505 1 0 0 0 -1 0 0 0 -1 15379.dat
1 0 20 208.052 343.505 1 0 0 0 -1 0 0 0 -1 15379.dat
1 0 20 208.052 359.505 1 0 0 0 -1 0 0 0 -1 15379.dat
1 0 20 135.028 106.078 0 0 1 0.521 0.854 0 -0.854 0.521 0 4254.dat
1 71 20 47.92 52.936 0 0 1 0.521 0.854 0 -0.854 0.521 0 4255.dat
1 0 -20 139.862 125.447 0 1 0 0.97 0 -0.242 -0.242 0 -0.97 32525.dat
1 0 60 139.862 125.447 0 1 0 0.97 0 -0.242 -0.242 0 -0.97 32525.dat
1 71 50 115.662 28.447 1 0 0 0 -0.97 -0.242 0 0.242 -0.97 3673.dat
1 0 -30 125.342 67.247 1 0 0 0 -0.242 0.97 0 -0.97 -0.242 15461.dat
1 0 70 125.342 67.247 -1 0 0 0 0.242 0.97 0 0.97 -0.242 15461.dat
1 0 -40 125.342 67.247 1 0 0 0 -0.242 0.97 0 -0.97 -0.242 32054.dat
1 0 80 125.342 67.247 -1 0 0 0 0.242 0.97 0 0.97 -0.242 32054.dat
1 71 20 135.022 106.047 1 0 0 0 -0.242 0.97 0 -0.97 -0.242 32073.dat
1 0 -10 139.862 125.447 1 0 0 0 -0.242 0.97 0 -0.97 -0.242 2780.dat
1 72 0 135.022 106.047 0 -1 0 0.97 0 0.242 -0.242 0 0.97 60483.dat
1 72 40 135.022 106.047 0 -1 0 0.97 0 0.242 -0.242 0 0.97 60483.dat
1 0 50 139.862 125.447 1 0 0 0 0.97 0.242 0 -0.242 0.97 2780.dat
1 0 0 200.885 -125.13 0 -1 0 -1 0 0 0 0 -1 32271.dat
1 0 40 200.885 -125.13 0 -1 0 -1 0 0 0 0 -1 32271.dat
1 1 20 200.885 -145.13 1 0 0 0 -1 0 0 0 -1 6558.dat
1 71 20 200.885 -125.13 1 0 0 0 -1 0 0 0 -1 4519.dat
1 0 20 200.885 -85.13 0 -1 0 -1 0 0 0 0 -1 32140.dat
1 71 20 168.885 -269.13 1 0 0 0 -0.799999 0.600001 0 -0.600001 -0.799999 4519.dat
1 72 20 168.885 -269.13 0 1 0 -0.600001 0 0.799999 0.799999 0 0.600001 60483.dat
