0 Main
0 Name: 8642-1 - Monster Crusher.mpd
0 Author: LTRON
1 0 0 -7.989 59.667 1 0 0 0 0.997785 -0.066518 0 0.066518 0.997785 6157.dat
1 8 0 -7.989 59.667 1 0 0 0 0.997785 -0.066518 0 0.066518 0.997785 3022.dat
1 0 0 -7.989 -60.599 1 0 0 0 0.997785 -0.066518 0 0.066518 0.997785 6157.dat
1 0 0 -16.636 69.113 -1 0 0 0 0.997785 0.066518 0 0.066518 -0.997785 2540.dat
1 0 0 -11.98 -0.732 0 0 1 0.066518 0.997785 0 -0.997785 0.066518 0 3795.dat
1 4 0 -22.623 38.647 0 0 1 0.066518 0.997785 0 -0.997785 0.066518 0 3020.dat
1 4 -10 -19.297 -11.242 0 0 1 0.066518 0.997785 0 -0.997785 0.066518 0 6019.dat
1 4 10 -19.297 -11.242 0 0 -1 -0.066518 0.997785 0 0.997785 0.066518 0 6019.dat
1 4 0 -17.303 -41.175 1 0 0 0 0.997785 -0.066518 0 0.066518 0.997785 3022.dat
1 80 -30 -17.302 -11.109 0 1 0 -0.066518 0 0.997785 0.997785 0 0.066518 30031.dat
1 80 30 -17.302 -11.109 0 -1 0 0.066518 0 0.997785 -0.997785 0 0.066518 30031.dat
1 8 0 -31.936 58.071 -1 0 0 0 0.997785 0.066518 0 0.066518 -0.997785 41854.dat
1 8 0 -29.275 18.16 1 0 0 0 0.997785 -0.066518 0 0.066518 0.997785 41854.dat
1 8 0 -26.614 -21.752 -1 0 0 0 0.997785 0.066518 0 0.066518 -0.997785 41854.dat
1 8 0 -24.619 -51.685 1 0 0 0 0.997785 -0.066518 0 0.066518 0.997785 3023.dat
1 4 0 -23.288 -71.641 1 0 0 0 0.997785 -0.066518 0 0.066518 0.997785 32000.dat
1 7 -10 -12.646 -80.954 0 0 1 0.066518 0.997785 0 -0.997785 0.066518 0 4274.dat
1 7 10 -12.646 -80.954 0 0 1 0.066518 0.997785 0 -0.997785 0.066518 0 4274.dat
1 4 0 -12.113 -88.936 -1 0 0 0 -0.066518 0.997785 0 0.997785 0.066518 2540.dat
1 4 0 -11.581 -96.918 1 0 0 0 -0.066518 -0.997785 0 0.997785 -0.066518 2412.dat
1 0 0 -37.257 17.627 0 0 1 0.066518 0.997785 0 -0.997785 0.066518 0 3795.dat
1 8 0 -31.936 -62.195 1 0 0 0 0.997785 -0.066518 0 0.066518 0.997785 44674.dat
1 7 0 -63.865 55.943 -1 0 0 0 0.997785 0.066518 0 0.066518 -0.997785 44675.dat
1 8 0 -45.905 27.074 1 0 0 0 0.997785 -0.066518 0 0.066518 0.997785 3023.dat
1 0 0 -42.579 -22.816 0 0 1 0.066518 0.997785 0 -0.997785 0.066518 0 3020.dat
1 8 -10 -39.253 -72.705 1 0 0 0 0.997785 -0.066518 0 0.066518 0.997785 6141.dat
1 8 10 -39.253 -72.705 1 0 0 0 0.997785 -0.066518 0 0.066518 0.997785 6141.dat
1 4 0 -55.882 56.475 -1 0 0 0 0.997785 0.066518 0 0.066518 -0.997785 47755.dat
1 8 0 -51.891 -3.392 1 0 0 0 0.997785 -0.066518 0 0.066518 0.997785 3022.dat
1 36 -10 -49.896 86.94 1 0 0 0 0.997785 -0.066518 0 0.066518 0.997785 3024.dat
1 36 10 -49.896 86.94 1 0 0 0 0.997785 -0.066518 0 0.066518 0.997785 3024.dat
1 0 0 -69.852 25.477 -1 0 0 0 0.997785 0.066518 0 0.066518 -0.997785 47458.dat
1 8 0 -60.539 6.053 1 0 0 0 0.997785 -0.066518 0 0.066518 0.997785 3023.dat
1 0 0 -66.526 -24.413 1 0 0 0 0.997785 -0.066518 0 0.066518 0.997785 47753.dat
1 8 -40 -3 60 0 0 1 0.066518 0.997785 0 -0.997785 0.066518 0 6014.dat
1 8 40 -3 60 0 0 -1 -0.066518 0.997785 0 0.997785 0.066518 0 6014.dat
1 8 -40 -3 -60.266 0 0 1 0.066518 0.997785 0 -0.997785 0.066518 0 6014.dat
1 8 40 -3 -60.266 0 0 -1 -0.066518 0.997785 0 0.997785 0.066518 0 6014.dat
1 256 -46 -3 60 0 0 -1 -0.066518 0.997785 0 0.997785 0.066518 0 6015.dat
1 256 46 -3 60 0 0 -1 -0.066518 0.997785 0 0.997785 0.066518 0 6015.dat
1 256 -46 -3 -60.266 0 0 -1 -0.066518 0.997785 0 0.997785 0.066518 0 6015.dat
1 256 46 -3 -60.266 0 0 -1 -0.066518 0.997785 0 0.997785 0.066518 0 6015.dat
