0 Main
0 Name: 8844 - Helicopter.mpd
0 Author: LTRON
1 1 10 -32 0 1 0 0 0 1 0 0 0 1 3034.dat
1 1 10 -32 -60 0 0 1 0 1 0 -1 0 0 3020.dat
1 1 0 -56 -40 0 0 -1 0 1 0 1 0 0 3701.dat
1 1 20 -56 -40 0 0 -1 0 1 0 1 0 0 3701.dat
1 1 -60 -56 40 0 0 1 0 1 0 -1 0 0 3895.dat
1 7 -70 -46 40 -1 0 0 0 1 0 0 0 -1 3749.dat
1 1 -20 -106.5448 70.7443 0 0 1 0.945519 0.325568 0 -0.325568 0.945519 0 3702.dat
1 1 40 -106.5448 70.7443 0 0 1 0.945519 0.325568 0 -0.325568 0.945519 0 3702.dat
1 0 10 -46.558 60.6654 1 0 0 0 0.325568 -0.945519 0 0.945519 0.325568 3708.dat
1 7 20 -46.558 60.6654 0 0 -1 -0.945519 0.325568 0 0.325568 0.945519 0 3713.dat
1 7 0 -46.558 60.6654 0 0 1 0.945519 0.325568 0 -0.325568 0.945519 0 4019.dat
1 7 -40 -46.558 60.6654 0 0 1 0.945519 0.325568 0 -0.325568 0.945519 0 4019.dat
1 7 60 -46.558 60.6654 0 0 -1 -0.945519 0.325568 0 0.325568 0.945519 0 3647.dat
1 1 -40 -106.6335 128.9366 0 0 -1 0.939692 0.34202 0 0.34202 -0.939692 0 3702.dat
1 1 -20 -114.3159 213.8644 0 0 1 0.601815 0.798635 0 -0.798635 0.601815 0 3895.dat
1 0 10 -70.221 171.9647 1 0 0 0 0.984749 -0.173639 0 0.173639 0.984749 3705.dat
1 7 19 -58.8653 188.1831 -1 0 0 0 -0.819144 0.573585 0 0.573585 0.819144 4273.dat
1 7 0 -70.2219 171.9648 0 0 1 -0.139173 0.990268 0 -0.990268 -0.139173 0 3648.dat
1 7 15 -70.221 171.9647 0 0 1 0.173639 0.984749 0 -0.984749 0.173639 0 4265.dat
1 0 10 -46.1492 140.0184 1 0 0 0 0.798635 -0.601815 0 0.601815 0.798635 3737.dat
1 7 0 -46.1492 140.0184 0 0 1 0.601815 0.798635 0 -0.798635 0.601815 0 3713.dat
1 7 20 -46.1492 140.0184 0 0 -1 -0.601815 0.798635 0 0.798635 0.601815 0 3713.dat
1 1 40 -114.3159 213.8644 0 0 1 0.601812 0.79861 0 -0.79861 0.601812 0 3895.dat
1 1 60 -106.6335 128.9366 0 0 -1 0.939692 0.34202 0 0.34202 -0.939692 0 3702.dat
1 0 10 -46 -60 1 0 0 0 1 0 0 0 1 3705.dat
1 7 -20 -46.293 -60.364 0 0 1 -0.707107 -0.707107 0 0.707107 -0.707107 0 3651.dat
1 7 40 -46.293 -60.364 0 0 -1 0.707107 -0.707107 0 -0.707107 -0.707107 0 3651.dat
1 0 -40 -103 50 0 0 -1 0 1 0 1 0 0 3704.dat
1 7 -40 -103 40 1 0 0 0 1 0 0 0 1 3713.dat
1 7 -40 -103 60 -1 0 0 0 1 0 0 0 -1 3651.dat
1 7 -30 -103 80 1 0 0 0 1 0 0 0 1 3673.dat
1 1 10 -56 -90 1 0 0 0 1 0 0 0 1 3660.dat
1 1 80 -56 40 0 0 1 0 1 0 -1 0 0 3895.dat
1 7 90 -46 40 1 0 0 0 1 0 0 0 1 3749.dat
1 7 0 -46 60 0 0 1 0 1 0 -1 0 0 4019.dat
1 7 0 -66 175 0 0 1 0 1 0 -1 0 0 3648.dat
1 7 90 -46 -60 1 0 0 0 1 0 0 0 1 3673.dat
1 7 -70 -46 -60 1 0 0 0 1 0 0 0 1 3673.dat
1 0 0 -64 48 1 0 0 0 0.981627 -0.190809 0 0.190809 0.981627 3711.dat
1 0 0 -49.994 39.601 1 0 0 0 0.529919 -0.848048 0 0.848048 0.529919 3711.dat
1 0 0 -34.994 43.601 1 0 0 0 -0.241922 -0.970296 0 0.970296 -0.241922 3711.dat
1 0 0 -25.994 55.601 1 0 0 0 -0.819152 -0.573576 0 0.573576 -0.819152 3711.dat
1 0 0 -22.994 71.601 1 0 0 0 -0.984808 -0.173648 0 0.173648 -0.984808 3711.dat
1 0 0 -20.994 87.601 1 0 0 0 -0.994522 -0.104528 0 0.104528 -0.994522 3711.dat
1 0 0 -20.994 103.601 1 0 0 0 -0.999848 0.017452 0 -0.017452 -0.999848 3711.dat
1 0 0 -22.004 116.88 1 0 0 0 -0.999391 0.034899 0 -0.034899 -0.999391 3711.dat
1 0 0 -23.751 133.048 1 0 0 0 -0.996195 0.087156 0 -0.087156 -0.996195 3711.dat
1 0 0 -26.748 148.961 1 0 0 0 -0.984808 0.173648 0 -0.173648 -0.984808 3711.dat
1 0 0 -30.737 164.7 1 0 0 0 -0.978148 0.207912 0 -0.207912 -0.978148 3711.dat
1 0 0 -35.044 179.643 1 0 0 0 -0.965926 0.258819 0 -0.258819 -0.965926 3711.dat
1 0 0 -90.073 155.772 -1 0 0 0 -0.920505 -0.390731 0 -0.390731 0.920505 3711.dat
1 0 0 -80.827 142.044 -1 0 0 0 -0.829038 -0.559193 0 -0.559193 0.829038 3711.dat
1 0 0 -75.566 126.427 -1 0 0 0 -0.93358 -0.358368 0 -0.358368 0.93358 3711.dat
1 0 0 -70.854 110.862 -1 0 0 0 -0.951057 -0.309017 0 -0.309017 0.951057 3711.dat
1 0 0 -67.398 95.043 -1 0 0 0 -0.97437 -0.224951 0 -0.224951 0.97437 3711.dat
1 0 0 -65.917 78.998 -1 0 0 0 -0.994522 -0.104528 0 -0.104528 0.994522 3711.dat
1 0 0 -67.044 63.558 -1 0 0 0 -0.99863 0.052336 0 0.052336 0.99863 3711.dat
1 0 0 -96.073 170.772 -1 0 0 0 -0.996195 0.087156 0 0.087156 0.996195 3711.dat
1 0 0 -94.073 186.772 -1 0 0 0 -0.798636 0.601815 0 0.601815 0.798636 3711.dat
1 0 0 -85.073 199.772 -1 0 0 0 -0.325568 0.945519 0 0.945519 0.325568 3711.dat
1 0 0 -70.073 204.772 -1 0 0 0 0.156434 0.987688 0 0.987688 -0.156434 3711.dat
1 0 0 -55.073 202.772 -1 0 0 0 0.587785 0.809017 0 0.809017 -0.587785 3711.dat
1 0 0 -42.073 195.772 -1 0 0 0 0.882948 0.469472 0 0.469472 -0.882948 3711.dat
1 1 10 -64.073 0 1 0 0 0 1 0 0 0 1 3034.dat
1 1 10 -80.073 -90 -1 0 0 0 1 0 0 0 -1 3039.dat
1 1 10 -80 -110 1 0 0 0 1 0 0 0 1 3004.dat
1 7 30 -167 300 1 0 0 0 1 0 0 0 1 3673.dat
1 7 -10 -167 300 1 0 0 0 1 0 0 0 1 3673.dat
1 1 20 -175 240 0 0 1 0.034899 0.999391 0 -0.999391 0.034899 0 3703.dat
1 1 0 -175 240 0 0 1 0.034899 0.999391 0 -0.999391 0.034899 0 3703.dat
1 0 30 -84.5302 73.6403 1 0 0 0 0.788011 0.615661 0 -0.615661 0.788011 3705.dat
1 0 19 -115.3132 34.2398 0 0 1 -0.615661 0.788011 0 -0.788011 -0.615661 0 3705.dat
1 7 15 -84.5302 73.6403 0 0 1 -0.615661 0.788011 0 -0.788011 -0.615661 0 4265.dat
1 7 19 -96.8434 57.8801 -1 0 0 0 0.788011 -0.615661 0 -0.615661 -0.788011 4273.dat
1 7 0 -84.5302 73.6403 0 0 1 -0.615661 0.788011 0 -0.788011 -0.615661 0 3713.dat
1 7 19 -133.7831 10.5995 1 0 0 0 0.788011 0.615661 0 -0.615661 0.788011 3713.dat
1 1 10 -104 -110 -1 0 0 0 1 0 0 0 -1 3039.dat
1 7 100 -46 40 0 0 -1 0 1 0 1 0 0 3713.dat
1 7 100 -46 140 0 0 -1 0.809017 0.587785 0 0.587785 -0.809017 0 3713.dat
1 7 -80 -46 40 0 0 1 0 1 0 -1 0 0 3713.dat
1 7 -80 -46 140 0 0 1 -0.707107 0.707107 0 -0.707107 -0.707107 0 3713.dat
1 7 -10 -169 360 -1 0 0 0 1 0 0 0 -1 3749.dat
1 7 -10 -165 240 -1 0 0 0 1 0 0 0 -1 3749.dat
1 7 65 -85 74 0 0 1 -0.601815 0.798636 0 -0.798636 -0.601815 0 3648.dat
1 0 10 -106 220 1 0 0 0 1 0 0 0 1 3706.dat
1 0 10 -160 100 1 0 0 0 1 0 0 0 1 3707.dat
1 0 1 -163 181 1 0 0 0 1 0 0 0 1 3707.dat
1 7 55 -163 181 0 0 1 0 1 0 -1 0 0 4265.dat
1 7 -20 -163 181 0 0 1 0 1 0 -1 0 0 3713.dat
1 7 42 -163 181 0 0 -1 0 1 0 1 0 0 3650.dat
1 1 10 -155.944 382.098 0 0 1 0.034899 0.999391 0 -0.999391 0.034899 0 3832.dat
1 1 10 -139.7656 65.132 1 0 0 0 0.325568 -0.945519 0 0.945519 0.325568 3710.dat
1 1 -20 -137.161 72.6962 1 0 0 0 0.325568 -0.945519 0 0.945519 0.325568 3024.dat
1 1 40 -137.161 72.6962 1 0 0 0 0.325568 -0.945519 0 0.945519 0.325568 3024.dat
1 1 -10 -142.3701 57.5679 1 0 0 0 0.325568 -0.945519 0 0.945519 0.325568 3069.dat
1 1 30 -142.3701 57.5679 1 0 0 0 0.325568 -0.945519 0 0.945519 0.325568 3069.dat
1 7 -60 -160 100 0 0 1 -1 0 0 0 -1 0 3651.dat
1 7 -20 -165.824 239.746 0 0 1 0.034899 0.999391 0 -0.999391 0.034899 0 3651.dat
1 7 -20 -170.012 359.673 0 0 1 0.034899 0.999391 0 -0.999391 0.034899 0 3651.dat
1 7 80 -160.012 100 0 0 -1 1 0 0 0 -1 0 3651.dat
1 4 60 -72 0 1 0 0 0 1 0 0 0 1 3021.dat
1 4 60 -80 0 0 0 -1 0 1 0 1 0 0 u1125.dat
1 4 80 -80 -10 0 0 1 0 1 0 -1 0 0 3623.dat
1 4 40 -80 -10 0 0 1 0 1 0 -1 0 0 3623.dat
1 4 60 -88 -20 1 0 0 0 1 0 0 0 1 3021.dat
1 4 60 -88 10 -1 0 0 0 1 0 0 0 -1 3623.dat
1 4 59 -105.944 36.362 0 0 1 0.945519 0.325568 0 -0.325568 0.945519 0 u1126.dat
1 4 79 -124.855 42.872 0 0 1 0.945519 0.325568 0 -0.325568 0.945519 0 3710.dat
1 4 39 -124.855 42.872 0 0 1 0.945519 0.325568 0 -0.325568 0.945519 0 3710.dat
1 4 59 -108.549 28.797 1 0 0 0 0.325568 -0.945519 0 0.945519 0.325568 3021.dat
1 4 59 -146.37 41.82 1 0 0 0 0.325568 -0.945519 0 0.945519 0.325568 3021.dat
1 4 -40 -72 0 1 0 0 0 1 0 0 0 1 3021.dat
1 4 -40 -80 0 0 0 -1 0 1 0 1 0 0 u1125.dat
1 4 -20 -80 -10 0 0 1 0 1 0 -1 0 0 3623.dat
1 4 -60 -80 -10 0 0 1 0 1 0 -1 0 0 3623.dat
1 4 -40 -88 -20 1 0 0 0 1 0 0 0 1 3021.dat
1 4 -40 -88 10 -1 0 0 0 1 0 0 0 -1 3623.dat
1 4 -41 -105.944 36.362 0 0 1 0.945519 0.325568 0 -0.325568 0.945519 0 u1126.dat
1 4 -21 -124.855 42.872 0 0 1 0.945519 0.325568 0 -0.325568 0.945519 0 3710.dat
1 4 -61 -124.855 42.872 0 0 1 0.945519 0.325568 0 -0.325568 0.945519 0 3710.dat
1 4 -41 -108.549 28.797 1 0 0 0 0.325568 -0.945519 0 0.945519 0.325568 3021.dat
1 4 -41 -146.37 41.82 1 0 0 0 0.325568 -0.945519 0 0.945519 0.325568 3021.dat
1 7 -51 -163 181 0 0 1 0 1 0 -1 0 0 3650.dat
1 7 -69 -163 181 0 0 1 0 1 0 -1 0 0 3713.dat
1 0 -40 -168.292 301.012 0 0 -1 -0.034899 0.999391 0 0.999391 0.034899 0 3737.dat
1 7 81 -163 211 1 0 0 0 1 0 0 0 1 3673.dat
1 7 60 -106 220 0 0 -1 0 1 0 1 0 0 3713.dat
1 7 -40 -106 220 0 0 1 0 1 0 -1 0 0 3713.dat
1 7 -40 -165.292 211 1 0 0 0 0.999391 0.034899 0 -0.034899 0.999391 3647.dat
1 7 71 -163.292 181 0 0 1 0 1 0 -1 0 0 3736.dat
1 1 0 -185.277 559.7189 0 0 -1 -0.034899 0.999391 0 0.999391 0.034899 0 3703.dat
1 1 20 -185.277 559.7189 0 0 -1 -0.034899 0.999391 0 0.999391 0.034899 0 3703.dat
1 0 20 -180.169 699.9827 1 0 0 0 0.999391 -0.034899 0 0.034899 0.999391 3706.dat
1 0 0 -178.773 660.007 1 0 0 0 0.999391 -0.034899 0 0.034899 0.999391 3705.dat
1 7 35 -178.773 660.007 0 0 1 0.034899 0.999391 0 -0.999391 0.034899 0 4185.dat
1 7 -18 -178.773 660.007 0 0 -1 -0.034899 0.999391 0 0.999391 0.034899 0 3650.dat
1 7 -20 -175.9811 580.0557 0 0 1 0.034899 0.999391 0 -0.999391 0.034899 0 3651.dat
1 7 35 -180.169 699.9827 0 0 1 0.034899 0.999391 0 -0.999391 0.034899 0 4265.dat
1 7 50 -180.169 699.9827 0 0 -1 -0.034899 0.999391 0 0.999391 0.034899 0 3713.dat
1 7 -20 -180.169 699.9827 0 0 1 0.034899 0.999391 0 -0.999391 0.034899 0 3713.dat
1 7 -40 -177.726 630.0253 1 0 0 0 0.999391 -0.034899 0 0.034899 0.999391 4019.dat
1 7 -10 -175.9811 580.0557 -1 0 0 0 0.999391 0.034899 0 0.034899 -0.999391 3749.dat
1 1 10 -166.1775 700.4713 1 0 0 0 0.999391 -0.034899 0 0.034899 0.999391 3003.dat
1 1 10 -165.1306 670.4895 1 0 0 0 0.999391 -0.034899 0 0.034899 0.999391 3660.dat
1 0 -40 -174.5851 540.0801 0 0 1 0.034899 0.999391 0 -0.999391 0.034899 0 3737.dat
1 7 -40 -170.3972 420.1532 1 0 0 0 0.999391 -0.034899 0 0.034899 0.999391 3712.dat
1 7 -40 -175.2831 560.0679 1 0 0 0 0.999391 -0.034899 0 0.034899 0.999391 3713.dat
1 7 -40 -176.6791 600.0435 -1 0 0 0 0.999391 0.034899 0 0.034899 -0.999391 3713.dat
1 1 20 -213.7993 688.8021 1 0 0 0 0.999391 -0.034899 0 0.034899 0.999391 3040.dat
1 1 20 -238.4827 707.9524 1 0 0 0 0.999391 -0.034899 0 0.034899 0.999391 3040.dat
1 1 20 -263.1661 727.1026 1 0 0 0 0.999391 -0.034899 0 0.034899 0.999391 3040.dat
1 36 20 -263.864 747.0905 1 0 0 0 0.999391 -0.034899 0 0.034899 0.999391 3062.dat
1 1 20 -271.5102 736.8173 0 0 -1 -0.034899 0.999391 0 0.999391 0.034899 0 3023.dat
1 1 20 -214.4973 708.79 -1 0 0 0 0.999391 0.034899 0 0.034899 -0.999391 3665.dat
1 1 20 -239.1807 727.9402 -1 0 0 0 0.999391 0.034899 0 0.034899 -0.999391 3665.dat
1 7 68 -180 700 0 -1 0 0 0 1 -1 0 0 4032.dat
1 7 76 -180 700 0 -1 0 0 0 1 -1 0 0 4032.dat
1 4 84 -170 740 0 -1 0 0 0 1 -1 0 0 3666.dat
1 4 84 -190 660 0 -1 0 0 0 1 -1 0 0 3666.dat
1 14 92 -170 790 0 -1 0 0 0 1 -1 0 0 3070.dat
1 14 92 -170 750 0 -1 0 0 0 1 -1 0 0 3070.dat
1 14 92 -190 610 0 -1 0 0 0 1 -1 0 0 3070.dat
1 14 92 -190 650 0 -1 0 0 0 1 -1 0 0 3070.dat
1 7 50 -159 501 0 0 -1 -0.034899 0.999391 0 0.999391 0.034899 0 3935.dat
1 1 10 -186.944 380.098 0 0 1 0.034899 0.999391 0 -0.999391 0.034899 0 3832.dat
1 4 10 -177.9109 110.3157 0 0 -1 -0.034899 0.999391 0 0.999391 0.034899 0 3021.dat
1 4 10 -182.7968 250.2305 0 0 -1 -0.034899 0.999391 0 0.999391 0.034899 0 3021.dat
1 4 10 -206.7822 249.3929 -1 0 0 0 0.999391 0.034899 0 0.034899 -0.999391 3298.dat
1 4 10 -201.8963 109.4781 1 0 0 0 0.999391 -0.034899 0 0.034899 0.999391 3039.dat
1 4 10 -206.0842 229.4051 1 0 0 0 0.999391 -0.034899 0 0.034899 0.999391 3004.dat
1 4 10 -202.5943 129.466 1 0 0 0 0.999391 -0.034899 0 0.034899 0.999391 3004.dat
1 4 10 -212.3344 179.1563 0 0 1 0.034899 0.999391 0 -0.999391 0.034899 0 3738.dat
1 0 10 -273.2972 177.0275 0 -1 0 0.999391 0 -0.034899 0.034899 0 0.999391 3737.dat
1 7 10 -197.3435 179.6798 1 0 0 0 0.034899 0.999391 0 -0.999391 0.034899 3648.dat
1 4 10 -237.3667 208.3005 -1 0 0 0 0.999391 0.034899 0 0.034899 -0.999391 3298.dat
1 4 10 -235.2728 148.337 1 0 0 0 0.999391 -0.034899 0 0.034899 0.999391 3894.dat
1 7 10 -225.3265 178.7026 1 0 0 0 -0.034899 -0.999391 0 0.999391 -0.034899 3713.dat
1 4 10 -244.3149 178.0395 0 0 1 0.034899 0.999391 0 -0.999391 0.034899 0 3709.dat
1 4 10 -234.5748 128.3492 1 0 0 0 0.999391 -0.034899 0 0.034899 0.999391 3039.dat
1 7 10 -253.3094 177.7254 1 0 0 0 -0.034899 -0.999391 0 0.999391 -0.034899 6577.dat
1 0 50 -226.1862 174.6702 0 0 -1 -0.034899 0.999391 0 0.999391 0.034899 0 3707.dat
1 14 50 -228.9782 254.6214 -1 0 0 0 0.034899 -0.999391 0 -0.999391 -0.034899 3941.dat
1 14 50 -228.1406 230.6361 -1 0 0 0 0.034899 -0.999391 0 -0.999391 -0.034899 3941.dat
1 14 50 -227.303 206.6507 -1 0 0 0 0.034899 -0.999391 0 -0.999391 -0.034899 3941.dat
1 14 50 -226.4655 182.6653 -1 0 0 0 0.034899 -0.999391 0 -0.999391 -0.034899 3941.dat
1 0 -30 -226.1862 174.6702 0 0 -1 -0.034899 0.999391 0 0.999391 0.034899 0 3707.dat
1 14 -30 -228.9782 254.6214 -1 0 0 0 0.034899 -0.999391 0 -0.999391 -0.034899 3941.dat
1 14 -30 -228.1406 230.6361 -1 0 0 0 0.034899 -0.999391 0 -0.999391 -0.034899 3941.dat
1 14 -30 -227.303 206.6507 -1 0 0 0 0.034899 -0.999391 0 -0.999391 -0.034899 3941.dat
1 14 -30 -226.4655 182.6653 -1 0 0 0 0.034899 -0.999391 0 -0.999391 -0.034899 3941.dat
1 7 -30 -224.5809 128.6982 1 0 0 0 0.999391 -0.034899 0 0.034899 0.999391 3713.dat
1 7 50 -224.5809 128.6982 1 0 0 0 0.999391 -0.034899 0 0.034899 0.999391 3713.dat
1 7 10 -263.3033 177.3764 1 0 0 0 0.034899 0.999391 0 -0.999391 0.034899 4185.dat
1 7 10 -331.2619 175.0033 0 0 -1 0.034899 -0.999391 0 -0.999391 -0.034899 0 3709.dat
1 7 10 -321.966 195.3401 0 1 0 0.034899 0 -0.999391 -0.999391 0 -0.034899 3713.dat
1 7 10 -321.268 175.3523 0 1 0 0.034899 0 -0.999391 -0.999391 0 -0.034899 3713.dat
1 7 10 -320.57 155.3645 0 1 0 0.034899 0 -0.999391 -0.999391 0 -0.034899 3713.dat
1 0 10 -312.5749 155.6436 0 1 0 0.999391 0 0.034899 0.034899 0 -0.999391 3706.dat
1 0 10 -313.9709 195.6193 0 1 0 0.999391 0 0.034899 0.034899 0 -0.999391 3706.dat
1 7 10 -344.952 194.5374 1 0 0 0 -0.034899 -0.999391 0 0.999391 -0.034899 4265.dat
1 7 10 -343.556 154.5618 1 0 0 0 -0.034899 -0.999391 0 0.999391 -0.034899 4265.dat
1 0 -40 -348.2516 174.41 1 0 0 0 0.999391 -0.034899 0 0.034899 0.999391 3705.dat
1 7 -70 -348.2516 174.41 0 0 1 0.034899 0.999391 0 -0.999391 0.034899 0 3651.dat
1 7 -10 -348.2516 174.41 0 0 -1 -0.999391 -0.034899 0 -0.034899 0.999391 0 4273.dat
1 0 60 -348.2516 174.41 -1 0 0 0 -0.999391 -0.034899 0 -0.034899 0.999391 3705.dat
1 7 90 -348.2516 174.41 0 0 -1 0.034899 -0.999391 0 -0.999391 -0.034899 0 3651.dat
1 7 30 -348.2516 174.41 0 0 1 0.999391 -0.034899 0 0.034899 0.999391 0 4273.dat
1 4 10 -357.6902 244.1231 0 0 -1 -0.034899 0.999391 0 0.999391 0.034899 0 4262.dat
1 4 10 -352.8043 104.2083 0 0 -1 -0.034899 0.999391 0 0.999391 0.034899 0 4262.dat
1 7 10 -364.5432 153.8289 1 0 0 0 0.034899 0.999391 0 -0.999391 0.034899 3713.dat
1 7 10 -365.2412 173.8167 1 0 0 0 0.034899 0.999391 0 -0.999391 0.034899 3713.dat
1 7 10 -365.9392 193.8045 1 0 0 0 0.034899 0.999391 0 -0.999391 0.034899 3713.dat
1 0 10 -251.5 50.5 1 0 0 0 0.707107 0.707107 0 -0.707107 0.707107 3707.dat
1 0 10 -248.172 -36.681 1 0 0 0 0.382683 0.92388 0 -0.92388 0.382683 3707.dat
1 7 -80 -50.335 -79.269 -1 0 0 0 0.961262 -0.275637 0 -0.275637 -0.961262 3651.dat
1 7 -80 -55.846 -98.495 1 0 0 0 0.961262 0.275637 0 -0.275637 0.961262 4273.dat
1 0 -80 -53.091 -88.881 0 0 1 -0.275637 0.961262 0 -0.961262 -0.275637 0 3704.dat
1 7 -80 -254.622 -17.57 -1 0 0 0 0.93358 0.358368 0 0.358368 -0.93358 3713.dat
1 7 -80 -237.643 64.471 -1 0 0 0 0.707107 -0.707107 0 -0.707107 -0.707107 3713.dat
1 7 -80 -81.0931 -119.4046 -1 0 0 0 0.095846 -0.995396 0 -0.995396 -0.095846 4273.dat
1 7 -80 -140.8169 -125.1554 1 0 0 0 0.095846 0.995396 0 -0.995396 0.095846 4273.dat
1 0 -80 -110.955 -122.28 0 0 -1 0.995396 0.095846 0 0.095846 -0.995396 0 3705.dat
1 7 -80 -176.3033 -114.3113 -1 0 0 0 -0.636078 -0.771625 0 -0.771625 0.636078 4273.dat
1 7 -80 -222.6008 -76.1467 1 0 0 0 -0.636078 0.771625 0 -0.771625 -0.636078 4273.dat
1 0 -80 -199.452 -95.229 0 0 -1 0.771625 -0.636078 0 -0.636078 -0.771625 0 3705.dat
1 7 -80 -244.5208 -44.6262 -1 0 0 0 -0.936673 -0.350207 0 -0.350207 0.936673 4273.dat
1 7 -80 -265.5332 11.5742 1 0 0 0 -0.936673 0.350207 0 -0.350207 -0.936673 4273.dat
1 0 -80 -255.027 -16.526 0 0 -1 0.350207 -0.936673 0 -0.936673 -0.350207 0 3705.dat
1 7 -80 -257.9372 43.7658 -1 0 0 0 -0.707107 0.707107 0 0.707107 0.707107 4273.dat
1 7 -80 -215.5108 86.1922 1 0 0 0 -0.707107 -0.707107 0 0.707107 -0.707107 4273.dat
1 0 -80 -236.724 64.979 0 0 -1 -0.707107 -0.707107 0 -0.707107 0.707107 0 3705.dat
1 7 -80 -181.172 100 -1 0 0 0 0 1 0 1 0 4273.dat
1 7 -80 -171.172 100 0 -1 0 -1 0 0 0 0 -1 3749.dat
1 7 -60 -251.772 49.91 0 0 1 -0.707107 0.707107 0 -0.707107 -0.707107 0 4273.dat
1 7 -60 -247.672 -36 0 0 1 0.382683 0.92388 0 -0.92388 0.382683 0 4273.dat
1 7 -90 -201.172 100 -1 0 0 0 1 0 0 0 -1 4274.dat
1 7 -90 -272.672 30 -1 0 0 0 1 0 0 0 -1 4274.dat
1 7 -90 -238.172 -63.5 -1 0 0 0 1 0 0 0 -1 4274.dat
1 7 -90 -160.672 -127.5 -1 0 0 0 1 0 0 0 -1 4274.dat
1 7 -90 -61.172 -118 -1 0 0 0 1 0 0 0 -1 4274.dat
1 7 100 -50.663 -79.269 -1 0 0 0 0.961262 -0.275637 0 -0.275637 -0.961262 3651.dat
1 7 100 -56.174 -98.495 1 0 0 0 0.961262 0.275637 0 -0.275637 0.961262 4273.dat
1 0 100 -53.419 -88.881 0 0 1 -0.275637 0.961262 0 -0.961262 -0.275637 0 3704.dat
1 7 80 -251.776 50.42 0 0 -1 -0.707107 -0.707107 0 -0.707107 0.707107 0 4273.dat
1 7 80 -247.917 -36.21 0 0 -1 0.358368 -0.93358 0 -0.93358 -0.358368 0 4273.dat
1 7 100 -254.95 -17.57 -1 0 0 0 0.93358 0.358368 0 0.358368 -0.93358 3713.dat
1 7 100 -237.971 64.471 -1 0 0 0 0.707107 -0.707107 0 -0.707107 -0.707107 3713.dat
1 7 100 -81.4211 -119.4046 -1 0 0 0 0.095846 -0.995396 0 -0.995396 -0.095846 4273.dat
1 7 100 -141.1449 -125.1554 1 0 0 0 0.095846 0.995396 0 -0.995396 0.095846 4273.dat
1 0 100 -111.283 -122.28 0 0 -1 0.995396 0.095846 0 0.095846 -0.995396 0 3705.dat
1 7 100 -176.6313 -114.3113 -1 0 0 0 -0.636078 -0.771625 0 -0.771625 0.636078 4273.dat
1 7 100 -222.9288 -76.1467 1 0 0 0 -0.636078 0.771625 0 -0.771625 -0.636078 4273.dat
1 0 100 -199.78 -95.229 0 0 -1 0.771625 -0.636078 0 -0.636078 -0.771625 0 3705.dat
1 7 100 -244.8488 -44.6262 -1 0 0 0 -0.936673 -0.350207 0 -0.350207 0.936673 4273.dat
1 7 100 -265.8612 11.5742 1 0 0 0 -0.936673 0.350207 0 -0.350207 -0.936673 4273.dat
1 0 100 -255.355 -16.526 0 0 -1 0.350207 -0.936673 0 -0.936673 -0.350207 0 3705.dat
1 7 100 -258.2652 43.7658 -1 0 0 0 -0.707107 0.707107 0 0.707107 0.707107 4273.dat
1 7 100 -215.8388 86.1922 1 0 0 0 -0.707107 -0.707107 0 0.707107 -0.707107 4273.dat
1 0 100 -237.052 64.979 0 0 -1 -0.707107 -0.707107 0 -0.707107 0.707107 0 3705.dat
1 7 100 -181.5 100 -1 0 0 0 0 1 0 1 0 4273.dat
1 7 100 -171.5 100 0 -1 0 -1 0 0 0 0 -1 3749.dat
1 7 110 -61.5 -117.5 1 0 0 0 1 0 0 0 1 4274.dat
1 7 110 -161.5 -127 1 0 0 0 1 0 0 0 1 4274.dat
1 7 110 -238 -63 1 0 0 0 1 0 0 0 1 4274.dat
1 7 110 -272.5 29.5 1 0 0 0 1 0 0 0 1 4274.dat
1 7 110 -202 100 1 0 0 0 1 0 0 0 1 4274.dat
1 7 100 -28.2709 52.1347 1 0 0 0 -0.406737 0.913545 0 -0.913545 -0.406737 4273.dat
1 7 104 -46.5418 60.2695 0 0 -1 0.406737 0.913545 0 0.913545 -0.406737 0 4265.dat
1 0 100 -19.1355 48.0674 0 -1 0 0.913545 0 0.406737 -0.406737 0 0.913545 3704.dat
1 7 100 -10 44 1 0 0 0 0.406737 -0.913545 0 0.913545 0.406737 3651.dat
1 7 110 8.2709 35.8653 1 0 0 0 0.913545 0.406737 0 -0.406737 0.913545 3749.dat
1 7 120 8.2709 35.8653 0 0 1 -0.406737 0.913545 0 -0.913545 -0.406737 0 3482.dat
1 256 120 8.2709 35.8653 0 0 1 -0.406737 0.913545 0 -0.913545 -0.406737 0 3483.dat
1 7 120 -46.5 60 0 0 -1 0.398749 0.91706 0 0.91706 -0.398749 0 3713.dat
1 7 -100 -46.5 60.5 0 0 1 0.930418 0.366501 0 -0.366501 0.930418 0 3713.dat
1 7 -80 -28.0369 52.2567 -1 0 0 0 0.406737 0.913545 0 0.913545 -0.406737 4273.dat
1 7 -84 -46.3078 60.3915 0 0 1 -0.406737 0.913545 0 -0.913545 -0.406737 0 4265.dat
1 0 -80 -18.9014 48.1894 0 1 0 0.913545 0 -0.406737 -0.406737 0 -0.913545 3704.dat
1 7 -80 -9.766 44.122 -1 0 0 0 -0.406737 -0.913545 0 -0.913545 0.406737 3651.dat
1 7 -90 8.5049 35.9873 -1 0 0 0 0.913545 -0.406737 0 -0.406737 -0.913545 3749.dat
1 7 -100 8.5049 35.9873 0 0 -1 0.406737 0.913545 0 0.913545 -0.406737 0 3482.dat
1 256 -100 8.5049 35.9873 0 0 -1 0.406737 0.913545 0 0.913545 -0.406737 0 3483.dat
1 0 19 -31.8694 228.7609 0 1 0 0.551903 0 0.833838 0.833838 0 -0.551903 3706.dat
1 7 19 -3.1687 272.1231 -1 0 0 0 0.833838 -0.551903 0 -0.551903 -0.833838 3651.dat
1 7 9 7.8701 288.8004 -1 0 0 0 0.551903 0.833838 0 0.833838 -0.551903 3749.dat
1 7 -1 7.8701 288.8004 0 0 -1 -0.833838 0.551903 0 0.551903 0.833838 0 3482.dat
1 256 -1 7.8701 288.8004 0 0 -1 -0.833838 0.551903 0 0.551903 0.833838 0 3483.dat
1 4 9 -343.941 -176.0509 0 0 -1 -0.034899 0.999391 0 0.999391 0.034899 0 3666.dat
1 4 9 -339.0551 -315.9656 0 0 -1 -0.034899 0.999391 0 0.999391 0.034899 0 3460.dat
1 4 9 -348.8269 -36.1362 0 0 -1 -0.034899 0.999391 0 0.999391 0.034899 0 3460.dat
1 4 9 -349.1442 -256.2814 0 0 -1 -0.034899 0.999391 0 0.999391 0.034899 0 3460.dat
1 4 9 -354.7281 -96.3788 0 0 -1 -0.034899 0.999391 0 0.999391 0.034899 0 3460.dat
1 4 9 -360.312 63.5237 0 0 -1 -0.034899 0.999391 0 0.999391 0.034899 0 3460.dat
1 14 9 -345.6542 -356.2205 0 0 -1 -0.034899 0.999391 0 0.999391 0.034899 0 3069.dat
1 14 9 -344.6072 -386.2022 0 0 -1 -0.034899 0.999391 0 0.999391 0.034899 0 3070.dat
1 4 9 -368.22 524.9739 0 0 1 0.034899 0.999391 0 -0.999391 0.034899 0 3666.dat
1 4 9 -373.1059 664.8887 0 0 1 0.034899 0.999391 0 -0.999391 0.034899 0 3460.dat
1 4 9 -363.3341 385.0592 0 0 1 0.034899 0.999391 0 -0.999391 0.034899 0 3460.dat
1 4 9 -379.0071 604.646 0 0 1 0.034899 0.999391 0 -0.999391 0.034899 0 3460.dat
1 4 9 -373.4232 444.7434 0 0 1 0.034899 0.999391 0 -0.999391 0.034899 0 3460.dat
1 4 9 -367.8392 284.8409 0 0 1 0.034899 0.999391 0 -0.999391 0.034899 0 3460.dat
1 14 9 -382.497 704.5851 0 0 1 0.034899 0.999391 0 -0.999391 0.034899 0 3069.dat
1 14 9 -383.544 734.5668 0 0 1 0.034899 0.999391 0 -0.999391 0.034899 0 3070.dat
