0 Main
0 Name: 8466 - 4x4 Off Roader.mpd
0 Author: LTRON
1 0 -180 -25.609 105.844 0 0 1 0.998 -0.057 0 0.057 0.997 0 33299.dat
1 0 -180 -27.891 145.779 0 0 1 0.057 0.998 0 -0.998 0.057 0 32073.dat
1 0 180 -25.609 105.844 0 0 -1 -0.998 -0.057 0 -0.057 0.997 0 33299.dat
1 0 180 -27.891 145.779 0 0 -1 0.057 -0.998 0 -0.998 -0.057 0 32073.dat
1 0 -211.784 -94.343 141.914 0.974 0 0.225 -0.225 0.057 0.973 -0.013 -0.998 0.056 32348.dat
1 0 -211.784 -81.803 -77.646 0.974 0 0.225 -0.225 0.057 0.973 -0.013 -0.998 0.056 32348.dat
1 0 -205.034 -64.013 123.634 0 0.225 -0.974 -0.057 0.973 0.225 0.998 0.056 0.013 32138.dat
1 7 -143.432 -12.305 156.646 0 -0.4044 0.9142 0.057 0.9134 0.4038 -0.998 0.0526 0.0232 3749.dat
1 0 -211.784 -89.213 52.094 0 -0.974 0.225 0.057 0.225 0.973 -0.998 0.013 0.056 3737.dat
1 0 -211.784 -83.513 -47.706 0.225 -0.974 0 0.973 0.225 -0.057 0.056 0.013 0.998 6538.dat
1 0 -211.784 -81.803 -77.646 0 -0.974 -0.225 -0.057 0.225 -0.973 0.998 0.013 -0.056 4519.dat
1 7 -180 -15.917 -63.842 0 -0.974 -0.225 -0.057 0.225 -0.973 0.998 0.013 -0.056 3673.dat
1 0 -213.8 -61.988 123.751 -0.974 0 -0.225 0.225 0.057 -0.973 0.013 -0.998 -0.056 32062.dat
1 0 -228.41 -58.613 123.946 -0.974 0.225 0 0.225 0.973 0.057 0.013 0.056 -0.998 6536.dat
1 0 -223.91 -38.583 115.086 0 0.225 0.974 0.057 0.973 -0.225 -0.998 0.056 -0.013 2780.dat
1 0 -198.284 -22.283 -94.246 0 -0.225 0.974 -0.057 -0.973 -0.225 0.998 -0.056 -0.013 6558.dat
1 81 -205.034 -50.903 -105.906 -0.974 -0.225 0 0.225 -0.973 -0.057 0.013 -0.056 0.998 32189.dat
1 179 -223.91 -38.298 110.096 -0.974 0 0.225 0.225 -0.057 0.973 0.013 0.998 0.056 79.dat
1 179 -223.91 -37.9446 103.9084 -0.974 0 0.225 0.225 -0.057 0.973 0.013 0.998 0.056 80.dat
1 179 -223.91 -37.5912 97.7208 -0.974 0 0.225 0.225 -0.057 0.973 0.013 0.998 0.056 80.dat
1 179 -223.91 -37.2378 91.5332 -0.974 0 0.225 0.225 -0.057 0.973 0.013 0.998 0.056 80.dat
1 179 -223.91 -36.8844 85.3456 -0.974 0 0.225 0.225 -0.057 0.973 0.013 0.998 0.056 80.dat
1 179 -223.91 -36.531 79.158 -0.974 0 0.225 0.225 -0.057 0.973 0.013 0.998 0.056 80.dat
1 179 -223.91 -36.1776 72.9704 -0.974 0 0.225 0.225 -0.057 0.973 0.013 0.998 0.056 80.dat
1 179 -223.91 -35.8242 66.7828 -0.974 0 0.225 0.225 -0.057 0.973 0.013 0.998 0.056 80.dat
1 179 -223.91 -35.4708 60.5952 -0.974 0 0.225 0.225 -0.057 0.973 0.013 0.998 0.056 80.dat
1 179 -223.91 -35.1174 54.4076 -0.974 0 0.225 0.225 -0.057 0.973 0.013 0.998 0.056 80.dat
1 179 -223.91 -34.764 48.22 -0.974 0 0.225 0.225 -0.057 0.973 0.013 0.998 0.056 80.dat
1 179 -223.91 -34.4106 42.0324 -0.974 0 0.225 0.225 -0.057 0.973 0.013 0.998 0.056 80.dat
1 179 -223.91 -34.0572 35.8448 -0.974 0 0.225 0.225 -0.057 0.973 0.013 0.998 0.056 80.dat
1 179 -223.91 -33.7038 29.6572 -0.974 0 0.225 0.225 -0.057 0.973 0.013 0.998 0.056 80.dat
1 179 -223.91 -33.3504 23.4696 -0.974 0 0.225 0.225 -0.057 0.973 0.013 0.998 0.056 80.dat
1 179 -223.91 -32.997 17.282 -0.974 0 0.225 0.225 -0.057 0.973 0.013 0.998 0.056 80.dat
1 179 -223.91 -32.6436 11.0944 -0.974 0 0.225 0.225 -0.057 0.973 0.013 0.998 0.056 80.dat
1 179 -223.91 -32.2902 4.9068 -0.974 0 0.225 0.225 -0.057 0.973 0.013 0.998 0.056 80.dat
1 179 -223.91 -31.9368 -1.2808 -0.974 0 0.225 0.225 -0.057 0.973 0.013 0.998 0.056 80.dat
1 179 -223.91 -31.5834 -7.4684 -0.974 0 0.225 0.225 -0.057 0.973 0.013 0.998 0.056 80.dat
1 179 -223.91 -31.23 -13.656 -0.974 0 0.225 0.225 -0.057 0.973 0.013 0.998 0.056 80.dat
1 179 -223.91 -30.8766 -19.8436 -0.974 0 0.225 0.225 -0.057 0.973 0.013 0.998 0.056 80.dat
1 179 -223.91 -30.5232 -26.0312 -0.974 0 0.225 0.225 -0.057 0.973 0.013 0.998 0.056 80.dat
1 179 -223.91 -30.1698 -32.2188 -0.974 0 0.225 0.225 -0.057 0.973 0.013 0.998 0.056 80.dat
1 179 -223.91 -29.8164 -38.4064 -0.974 0 0.225 0.225 -0.057 0.973 0.013 0.998 0.056 80.dat
1 179 -223.91 -29.463 -44.594 -0.974 0 0.225 0.225 -0.057 0.973 0.013 0.998 0.056 80.dat
1 179 -223.91 -29.1096 -50.7816 -0.974 0 0.225 0.225 -0.057 0.973 0.013 0.998 0.056 80.dat
1 179 -223.91 -28.7562 -56.9692 -0.974 0 0.225 0.225 -0.057 0.973 0.013 0.998 0.056 80.dat
1 179 -223.91 -28.4028 -63.1568 -0.974 0 0.225 0.225 -0.057 0.973 0.013 0.998 0.056 80.dat
1 179 -223.91 -28.0494 -69.3444 -0.974 0 0.225 0.225 -0.057 0.973 0.013 0.998 0.056 80.dat
1 179 -223.91 -27.696 -75.532 -0.974 0 0.225 0.225 -0.057 0.973 0.013 0.998 0.056 80.dat
1 179 -223.91 -27.3426 -81.7196 -0.974 0 0.225 0.225 -0.057 0.973 0.013 0.998 0.056 80.dat
1 179 -223.91 -26.9892 -87.9072 -0.974 0 0.225 0.225 -0.057 0.973 0.013 0.998 0.056 80.dat
1 0 211.784 -94.343 141.914 -0.974 0 -0.225 -0.225 -0.057 0.973 -0.013 0.998 0.056 32348.dat
1 0 211.784 -81.803 -77.646 -0.974 0 -0.225 -0.225 -0.057 0.973 -0.013 0.998 0.056 32348.dat
1 0 205.034 -64.013 123.634 0 -0.225 0.974 0.057 0.973 0.225 -0.998 0.056 0.013 32138.dat
1 7 143.432 -12.305 156.646 0 0.4044 0.9142 0.057 0.9134 -0.4038 -0.998 0.0526 -0.0232 3749.dat
1 0 211.784 -89.213 52.094 0 0.974 -0.225 -0.057 0.225 0.973 0.998 0.013 0.056 3737.dat
1 0 211.784 -83.513 -47.706 0.225 0.974 0 -0.973 0.225 -0.057 -0.056 0.013 0.998 6538.dat
1 0 211.784 -81.803 -77.646 0 0.974 0.225 0.057 0.225 -0.973 -0.998 0.013 -0.056 4519.dat
1 7 180 -15.917 -63.842 0 0.974 0.225 0.057 0.225 -0.973 -0.998 0.013 -0.056 3673.dat
1 0 213.8 -61.988 123.751 -0.974 0 0.225 -0.225 0.057 -0.973 -0.013 -0.998 -0.056 32062.dat
1 0 228.41 -58.613 123.946 -0.974 -0.225 0 -0.225 0.973 0.057 -0.013 0.056 -0.998 6536.dat
1 0 223.91 -38.583 115.086 0 -0.225 -0.974 -0.057 0.973 -0.225 0.998 0.056 -0.013 2780.dat
1 0 198.284 -22.283 -94.246 0 0.225 0.974 -0.057 -0.973 0.225 0.998 -0.056 0.013 6558.dat
1 81 205.034 -50.903 -105.906 -0.974 0.225 0 -0.225 -0.973 -0.057 -0.013 -0.056 0.998 32188.dat
1 179 223.91 -38.298 110.096 -0.974 0 -0.225 -0.225 -0.057 0.973 -0.013 0.998 0.056 79.dat
1 179 223.91 -37.9446 103.9084 -0.974 0 -0.225 -0.225 -0.057 0.973 -0.013 0.998 0.056 80.dat
1 179 223.91 -37.5912 97.7208 -0.974 0 -0.225 -0.225 -0.057 0.973 -0.013 0.998 0.056 80.dat
1 179 223.91 -37.2378 91.5332 -0.974 0 -0.225 -0.225 -0.057 0.973 -0.013 0.998 0.056 80.dat
1 179 223.91 -36.8844 85.3456 -0.974 0 -0.225 -0.225 -0.057 0.973 -0.013 0.998 0.056 80.dat
1 179 223.91 -36.531 79.158 -0.974 0 -0.225 -0.225 -0.057 0.973 -0.013 0.998 0.056 80.dat
1 179 223.91 -36.1776 72.9704 -0.974 0 -0.225 -0.225 -0.057 0.973 -0.013 0.998 0.056 80.dat
1 179 223.91 -35.8242 66.7828 -0.974 0 -0.225 -0.225 -0.057 0.973 -0.013 0.998 0.056 80.dat
1 179 223.91 -35.4708 60.5952 -0.974 0 -0.225 -0.225 -0.057 0.973 -0.013 0.998 0.056 80.dat
1 179 223.91 -35.1174 54.4076 -0.974 0 -0.225 -0.225 -0.057 0.973 -0.013 0.998 0.056 80.dat
1 179 223.91 -34.764 48.22 -0.974 0 -0.225 -0.225 -0.057 0.973 -0.013 0.998 0.056 80.dat
1 179 223.91 -34.4106 42.0324 -0.974 0 -0.225 -0.225 -0.057 0.973 -0.013 0.998 0.056 80.dat
1 179 223.91 -34.0572 35.8448 -0.974 0 -0.225 -0.225 -0.057 0.973 -0.013 0.998 0.056 80.dat
1 179 223.91 -33.7038 29.6572 -0.974 0 -0.225 -0.225 -0.057 0.973 -0.013 0.998 0.056 80.dat
1 179 223.91 -33.3504 23.4696 -0.974 0 -0.225 -0.225 -0.057 0.973 -0.013 0.998 0.056 80.dat
1 179 223.91 -32.997 17.282 -0.974 0 -0.225 -0.225 -0.057 0.973 -0.013 0.998 0.056 80.dat
1 179 223.91 -32.6436 11.0944 -0.974 0 -0.225 -0.225 -0.057 0.973 -0.013 0.998 0.056 80.dat
1 179 223.91 -32.2902 4.9068 -0.974 0 -0.225 -0.225 -0.057 0.973 -0.013 0.998 0.056 80.dat
1 179 223.91 -31.9368 -1.2808 -0.974 0 -0.225 -0.225 -0.057 0.973 -0.013 0.998 0.056 80.dat
1 179 223.91 -31.5834 -7.4684 -0.974 0 -0.225 -0.225 -0.057 0.973 -0.013 0.998 0.056 80.dat
1 179 223.91 -31.23 -13.656 -0.974 0 -0.225 -0.225 -0.057 0.973 -0.013 0.998 0.056 80.dat
1 179 223.91 -30.8766 -19.8436 -0.974 0 -0.225 -0.225 -0.057 0.973 -0.013 0.998 0.056 80.dat
1 179 223.91 -30.5232 -26.0312 -0.974 0 -0.225 -0.225 -0.057 0.973 -0.013 0.998 0.056 80.dat
1 179 223.91 -30.1698 -32.2188 -0.974 0 -0.225 -0.225 -0.057 0.973 -0.013 0.998 0.056 80.dat
1 179 223.91 -29.8164 -38.4064 -0.974 0 -0.225 -0.225 -0.057 0.973 -0.013 0.998 0.056 80.dat
1 179 223.91 -29.463 -44.594 -0.974 0 -0.225 -0.225 -0.057 0.973 -0.013 0.998 0.056 80.dat
1 179 223.91 -29.1096 -50.7816 -0.974 0 -0.225 -0.225 -0.057 0.973 -0.013 0.998 0.056 80.dat
1 179 223.91 -28.7562 -56.9692 -0.974 0 -0.225 -0.225 -0.057 0.973 -0.013 0.998 0.056 80.dat
1 179 223.91 -28.4028 -63.1568 -0.974 0 -0.225 -0.225 -0.057 0.973 -0.013 0.998 0.056 80.dat
1 179 223.91 -28.0494 -69.3444 -0.974 0 -0.225 -0.225 -0.057 0.973 -0.013 0.998 0.056 80.dat
1 179 223.91 -27.696 -75.532 -0.974 0 -0.225 -0.225 -0.057 0.973 -0.013 0.998 0.056 80.dat
1 179 223.91 -27.3426 -81.7196 -0.974 0 -0.225 -0.225 -0.057 0.973 -0.013 0.998 0.056 80.dat
1 179 223.91 -26.9892 -87.9072 -0.974 0 -0.225 -0.225 -0.057 0.973 -0.013 0.998 0.056 80.dat
1 0 180 -28.747 160.754 1 0 0 0 -0.057 -0.998 0 0.998 -0.057 32249.dat
1 0 180 -29.317 170.738 1 0 0 0 -0.057 -0.998 0 0.998 -0.057 32249.dat
1 0 -180 -29.317 170.738 -1 0 0 0 0.057 -0.998 0 -0.998 -0.057 32249.dat
1 0 -180 -28.747 160.754 -1 0 0 0 0.057 -0.998 0 -0.998 -0.057 32249.dat
1 0 0 -330.828 188.598 1 0 0 0 -0.057 -0.998 0 0.998 -0.057 6630.dat
1 0 0 -331.968 208.558 -1 0 0 0 0.057 -0.998 0 -0.998 -0.057 6630.dat
1 0 -70 -330.828 188.598 0 -1 0 -0.057 0 -0.998 0.998 0 -0.057 3706.dat
1 0 70 -330.828 188.598 0 -1 0 -0.057 0 -0.998 0.998 0 -0.057 3706.dat
1 0 -70 -309.158 159.798 1 0 0 0 -0.998 0.057 0 -0.057 -0.998 6536.dat
1 0 70 -309.158 159.798 1 0 0 0 -0.998 0.057 0 -0.057 -0.998 6536.dat
1 0 -70 -313.718 239.638 1 0 0 0 -0.998 0.057 0 -0.057 -0.998 6536.dat
1 0 70 -313.718 239.638 1 0 0 0 -0.998 0.057 0 -0.057 -0.998 6536.dat
1 0 110 -309.158 159.798 -1 0 0 0 -0.998 -0.057 0 -0.057 0.998 6536.dat
1 0 -110 -309.158 159.798 -1 0 0 0 -0.998 -0.057 0 -0.057 0.998 6536.dat
1 0 -170 -313.718 239.638 -1 0 0 0 -0.998 -0.057 0 -0.057 0.998 6536.dat
1 0 -190 -313.718 239.638 -1 0 0 0 -0.998 -0.057 0 -0.057 0.998 6536.dat
1 0 190 -313.718 239.638 -1 0 0 0 -0.998 -0.057 0 -0.057 0.998 6536.dat
1 0 170 -313.718 239.638 -1 0 0 0 -0.998 -0.057 0 -0.057 0.998 6536.dat
1 0 -80 -313.718 239.638 1 0 0 0 -0.998 0.057 0 -0.057 -0.998 3705.dat
1 0 80 -313.718 239.638 1 0 0 0 -0.998 0.057 0 -0.057 -0.998 3705.dat
1 0 50 -309.158 159.798 1 0 0 0 -0.998 0.057 0 -0.057 -0.998 6536.dat
1 0 -50 -309.158 159.798 1 0 0 0 -0.998 0.057 0 -0.057 -0.998 6536.dat
1 0 -30 -309.158 159.798 1 0 0 0 -0.057 -0.998 0 0.998 -0.057 6536.dat
1 0 30 -309.158 159.798 1 0 0 0 -0.057 -0.998 0 0.998 -0.057 6536.dat
1 0 0 -309.158 159.798 0 0 -1 -0.057 0.998 0 0.998 0.057 0 6538.dat
1 0 -60 -309.158 159.798 -1 0 0 0 0.998 0.057 0 0.057 -0.998 3706.dat
1 0 60 -309.158 159.798 -1 0 0 0 0.998 0.057 0 0.057 -0.998 3706.dat
1 0 30 -313.718 239.638 0 0 1 -0.998 0.057 0 -0.057 -0.998 0 32034.dat
1 0 -30 -313.718 239.638 0 0 1 -0.998 0.057 0 -0.057 -0.998 0 32034.dat
1 0 0 -313.718 239.638 -1 0 0 0 -0.998 -0.057 0 -0.057 0.998 32062.dat
1 0 85 -311.438 199.718 0 1 0 -0.057 0 0.998 0.998 0 0.057 2905.dat
1 0 95 -311.438 199.718 0 1 0 -0.057 0 0.998 0.998 0 0.057 2905.dat
1 0 -95 -311.438 199.718 0 1 0 -0.057 0 0.998 0.998 0 0.057 2905.dat
1 0 -85 -311.438 199.718 0 1 0 -0.057 0 0.998 0.998 0 0.057 2905.dat
1 0 -100 -291.478 200.858 -1 0 0 0 -0.057 0.998 0 0.998 0.057 2780.dat
1 0 -100 -271.518 201.998 -1 0 0 0 -0.057 0.998 0 0.998 0.057 2780.dat
1 0 100 -291.478 200.858 -1 0 0 0 -0.057 0.998 0 0.998 0.057 2780.dat
1 0 100 -271.518 201.998 -1 0 0 0 -0.057 0.998 0 0.998 0.057 2780.dat
1 0 230 -330.258 178.618 0 0 1 0.998 -0.057 0 0.057 0.998 0 32009.dat
1 0 230 -332.538 218.538 0 0 1 0.998 -0.057 0 0.057 0.998 0 32009.dat
1 0 230 -251.558 203.138 -1 0 0 0 -0.057 0.998 0 0.998 0.057 32140.dat
1 0 230 -251.558 203.138 0 1 0 -0.057 0 0.998 0.998 0 0.057 4519.dat
1 0 -230 -332.538 218.538 0 0 -1 0.998 0.057 0 0.057 -0.998 0 32009.dat
1 0 -230 -330.258 178.618 0 0 -1 0.998 0.057 0 0.057 -0.998 0 32009.dat
1 0 -230 -251.558 203.138 1 0 0 0 0.057 0.998 0 -0.998 0.057 32140.dat
1 0 -230 -251.558 203.138 0 -1 0 0.057 0 0.998 -0.998 0 0.057 4519.dat
1 0 -130 -313.718 239.638 0 0 -1 0.998 0.057 0 0.057 -0.998 0 32034.dat
1 0 130 -313.718 239.638 0 0 -1 0.998 0.057 0 0.057 -0.998 0 32034.dat
1 0 -170 -313.718 239.638 1 0 0 0 -0.998 0.057 0 -0.057 -0.998 4519.dat
1 0 170 -313.718 239.638 1 0 0 0 -0.998 0.057 0 -0.057 -0.998 4519.dat
1 0 -110 -328.548 148.678 0 0 -1 0.057 -0.998 0 -0.998 -0.057 0 2780.dat
1 0 -50 -328.548 148.678 0 0 -1 0.057 -0.998 0 -0.998 -0.057 0 2780.dat
1 0 50 -328.548 148.678 0 0 -1 0.057 -0.998 0 -0.998 -0.057 0 2780.dat
1 0 110 -328.548 148.678 0 0 -1 0.057 -0.998 0 -0.998 -0.057 0 2780.dat
1 7 190 -329.688 168.638 0 0 -1 0.057 -0.998 0 -0.998 -0.057 0 4274.dat
1 7 -190 -329.688 168.638 0 0 -1 0.057 -0.998 0 -0.998 -0.057 0 4274.dat
1 7 -170 -327.408 128.718 0 0 -1 0.057 -0.998 0 -0.998 -0.057 0 4274.dat
1 7 170 -327.408 128.718 0 0 -1 0.057 -0.998 0 -0.998 -0.057 0 4274.dat
1 0 -110 -327.978 138.698 0 0 -1 0.998 0.057 0 0.057 -0.998 0 32524.dat
1 0 110 -327.978 138.698 0 0 -1 0.998 0.057 0 0.057 -0.998 0 32524.dat
1 0 150 -327.408 128.718 0 0 -1 -0.057 0.998 0 0.998 0.057 0 2780.dat
1 0 -150 -327.408 128.718 0 0 -1 -0.057 0.998 0 0.998 0.057 0 2780.dat
1 0 110 -151.188 198.858 0 0 -1 -0.998 -0.057 0 -0.057 0.998 0 3703.dat
1 0 120 -12.038 216.818 1 0 0 0 -0.057 -0.998 0 0.998 -0.057 2780.dat
1 0 110 -191.678 206.558 1 0 0 0 -0.057 -0.998 0 0.998 -0.057 6558.dat
1 0 150 -32.112 217.674 0 1 0 0.057 0 -0.998 -0.998 0 -0.057 6558.dat
1 0 90 -211.638 205.418 0 0 -1 -0.057 0.998 0 0.998 0.057 0 6536.dat
1 0 130 -211.638 205.418 0 0 -1 -0.057 0.998 0 0.998 0.057 0 6536.dat
1 0 130 -11.468 206.838 0 0 1 0.998 -0.057 0 0.057 0.998 0 3700.dat
1 0 110 -29.148 165.778 0 0 1 0.998 -0.057 0 0.057 0.998 0 3700.dat
1 7 100 -121.818 210.548 0 0 1 0.998 -0.057 0 0.057 0.998 0 2853.dat
1 0 100 -161.738 208.268 0 1 0 0.057 0 -0.998 -0.998 0 -0.057 32069.dat
1 0 110 -20.992 198.284 1 0 0 0 -0.057 -0.998 0 0.998 -0.057 2420.dat
1 0 110 -22.816 230.22 1 0 0 0 -0.057 -0.998 0 0.998 -0.057 2420.dat
1 0 120 -33.708 245.618 -1 0 0 0 -0.057 0.998 0 0.998 0.057 2444.dat
1 0 120 -33.252 237.634 0 0 -1 -0.998 -0.057 0 -0.057 0.998 0 3176.dat
1 0 120 -30.516 189.73 0 0 -1 -0.998 -0.057 0 -0.057 0.998 0 3176.dat
1 7 30 -180.558 187.168 0 1 0 0.057 0 -0.998 -0.998 0 -0.057 32126.dat
1 0 70 -161.51 204.276 -1 0 0 0 0.057 -0.998 0 -0.998 -0.057 32017.dat
1 0 70 -161.795 209.266 0 0 -1 -0.998 -0.057 0 -0.057 0.998 0 2711.dat
1 8 70 -161.054 196.292 0 -1 0 -0.057 0 -0.998 0.998 0 -0.057 6587.dat
1 0 70 -159.315 183.375 0 0 -1 -0.998 -0.057 0 -0.057 0.998 0 6632.dat
1 7 30 -159.6 188.365 0 -1 0 0.057 0 0.998 -0.998 0 0.057 3749.dat
1 0 90 -211.638 205.418 0 0 1 0.057 0.998 0 -0.998 0.057 0 4519.dat
1 0 130 -212.208 215.398 0 0 1 0.057 0.998 0 -0.998 0.057 0 3705.dat
1 0 130 -210.213 180.468 0 0 -1 -0.998 -0.057 0 -0.057 0.998 0 6632.dat
1 0 130 -213.063 230.368 0 0 -1 -0.998 -0.057 0 -0.057 0.998 0 6632.dat
1 0 30 -270.378 182.038 0 0 -1 -0.998 -0.057 0 -0.057 0.998 0 3737.dat
1 7 30 -365.188 176.623 1 0 0 0 -0.057 -0.998 0 0.998 -0.057 32123.dat
1 0 -110 -151.188 198.858 0 0 1 0.998 -0.057 0 0.057 0.998 0 3703.dat
1 0 -120 -12.038 216.818 1 0 0 0 -0.057 -0.998 0 0.998 -0.057 2780.dat
1 0 -110 -191.678 206.558 -1 0 0 0 -0.057 0.998 0 0.998 0.057 6558.dat
1 0 -150 -32.112 217.674 0 -1 0 0.057 0 0.998 -0.998 0 0.057 6558.dat
1 0 -90 -211.638 205.418 0 0 1 0.057 0.998 0 -0.998 0.057 0 6536.dat
1 0 -130 -211.638 205.418 0 0 1 0.057 0.998 0 -0.998 0.057 0 6536.dat
1 0 -130 -11.468 206.838 0 0 -1 -0.998 -0.057 0 -0.057 0.998 0 3700.dat
1 0 -110 -29.148 165.778 0 0 -1 -0.998 -0.057 0 -0.057 0.998 0 3700.dat
1 7 -100 -121.818 210.548 0 0 -1 0.998 0.057 0 0.057 -0.998 0 2853.dat
1 0 -100 -161.738 208.268 0 -1 0 -0.057 0 -0.998 0.998 0 -0.057 32069.dat
1 0 -110 -20.992 198.284 0 0 -1 -0.998 -0.057 0 -0.057 0.998 0 2420.dat
1 0 -110 -22.816 230.22 0 0 -1 -0.998 -0.057 0 -0.057 0.998 0 2420.dat
1 0 -120 -33.708 245.618 -1 0 0 0 -0.057 0.998 0 0.998 0.057 2444.dat
1 0 -120 -33.252 237.634 0 0 1 0.998 -0.057 0 0.057 0.998 0 3176.dat
1 0 -120 -30.516 189.73 0 0 1 0.998 -0.057 0 0.057 0.998 0 3176.dat
1 7 -30 -180.558 187.168 0 1 0 0.057 0 -0.998 -0.998 0 -0.057 32126.dat
1 0 -70 -161.51 204.276 -1 0 0 0 0.057 -0.998 0 -0.998 -0.057 32017.dat
1 0 -70 -161.795 209.266 0 0 1 0.998 -0.057 0 0.057 0.998 0 2711.dat
1 8 -70 -161.054 196.292 0 1 0 -0.057 0 0.998 0.998 0 0.057 6587.dat
1 0 -70 -159.315 183.375 0 0 1 0.998 -0.057 0 0.057 0.998 0 6632.dat
1 7 -30 -159.6 188.365 0 1 0 0.057 0 -0.998 -0.998 0 -0.057 3749.dat
1 0 -90 -211.638 205.418 0 0 -1 -0.057 0.998 0 0.998 0.057 0 4519.dat
1 0 -130 -212.208 215.398 0 0 -1 -0.057 0.998 0 0.998 0.057 0 3705.dat
1 0 -130 -210.213 180.468 0 0 1 0.998 -0.057 0 0.057 0.998 0 6632.dat
1 0 -130 -213.063 230.368 0 0 1 0.998 -0.057 0 0.057 0.998 0 6632.dat
1 0 -30 -270.378 182.038 0 0 1 0.998 -0.057 0 0.057 0.998 0 3737.dat
1 7 -30 -365.188 176.623 1 0 0 0 -0.057 -0.998 0 0.998 -0.057 32123.dat
1 0 161.44 -186.0725 191.8593 0.619 0 -0.786 -0.784428 -0.057 -0.617762 -0.044802 0.998 -0.035283 2905.dat
1 0 161.44 -187.7825 221.7993 0.619 0 -0.786 -0.784428 -0.057 -0.617762 -0.044802 0.998 -0.035283 2905.dat
1 8 136.68 -154.9804 198.6414 0 -0.786 -0.619 0.057 -0.617762 0.784428 -0.998 -0.035283 0.044802 6587.dat
1 0 173.801 -202.631 205.9324 -0.993 0 -0.12 0.11976 0.057 -0.991014 0.00684 -0.998 -0.056601 6629.dat
1 0 173.801 -202.631 205.9324 0 0.12 0.993 0.057 0.991014 -0.11976 -0.998 0.056601 -0.00684 3704.dat
1 0 109.817 -331.6605 198.563 0 -0.4998 0.8664 0.057 0.864667 0.4988 -0.998 0.049385 0.028489 4519.dat
1 0 -173.801 -202.631 205.9324 0.993 0 0.12 0.11976 -0.057 -0.991014 0.00684 0.998 -0.056601 6629.dat
1 0 -173.801 -202.631 205.9324 0 -0.12 -0.993 -0.057 0.991014 -0.11976 0.998 0.056601 -0.00684 3704.dat
1 0 -109.817 -331.6605 198.563 0 0.4998 -0.8664 -0.057 0.864667 0.4988 0.998 0.049385 0.028489 4519.dat
1 0 -161.44 -186.0725 191.8593 0.619 0 0.786 0.784428 -0.057 -0.617762 0.044802 0.998 -0.035283 2905.dat
1 0 -161.44 -187.7825 221.7993 0.619 0 0.786 0.784428 -0.057 -0.617762 0.044802 0.998 -0.035283 2905.dat
1 8 -136.68 -154.9804 198.6414 0 0.786 -0.619 0.057 -0.617762 -0.784428 -0.998 -0.035283 -0.044802 6587.dat
1 0 141.51 -52.8695 164.4232 -0.999 0 -0.048 0.047904 0.057 -0.997002 0.002736 -0.998 -0.056943 32316.dat
1 0 138.63 -113.8296 180.9666 -0.999 0 -0.048 0.047904 0.057 -0.997002 0.002736 -0.998 -0.056943 32316.dat
1 0 139.59 -93.3195 172.1254 0 0.999 -0.048 0.057 -0.047904 -0.997002 -0.998 -0.002736 -0.056943 2780.dat
1 0 140.55 -73.3795 173.2643 0 0.999 -0.048 0.057 -0.047904 -0.997002 -0.998 -0.002736 -0.056943 2780.dat
1 0 -141.51 -52.8695 164.4232 -0.999 0 0.048 -0.047904 0.057 -0.997002 -0.002736 -0.998 -0.056943 32316.dat
1 0 -138.63 -113.8296 180.9666 -0.999 0 0.048 -0.047904 0.057 -0.997002 -0.002736 -0.998 -0.056943 32316.dat
1 0 -139.59 -93.3195 172.1254 0 0.999 0.048 0.057 0.047904 -0.997002 -0.998 0.002736 -0.056943 2780.dat
1 0 -140.55 -73.3795 173.2643 0 0.999 0.048 0.057 0.047904 -0.997002 -0.998 0.002736 -0.056943 2780.dat
1 0 0 -212.778 225.378 -1 0 0 0 0.057 -0.998 0 -0.998 -0.057 6592.dat
1 0 130 -213.918 245.338 0 0 1 0.998 -0.057 0 0.057 0.998 0 33299.dat
1 0 -130 -213.918 245.338 0 0 -1 -0.998 -0.057 0 -0.057 0.998 0 33299.dat
1 7 -170 -334.248 248.478 0 0 1 -0.057 -0.998 0 0.998 -0.057 0 3749.dat
1 7 170 -334.248 248.478 0 0 1 -0.057 -0.998 0 0.998 -0.057 0 3749.dat
1 7 190 -334.248 248.478 0 0 1 -0.057 -0.998 0 0.998 -0.057 0 4274.dat
1 7 -190 -334.248 248.478 0 0 1 -0.057 -0.998 0 0.998 -0.057 0 4274.dat
1 0 170 -335.958 278.418 0 1 0 -0.998 0 -0.057 -0.057 0 0.998 32192.dat
1 0 -170 -335.958 278.418 0 -1 0 0.998 0 -0.057 0.057 0 0.998 32192.dat
1 0 230 -130.658 190.018 -1 0 0 0 0.057 -0.998 0 -0.998 -0.057 32140.dat
1 0 230 -129.518 170.058 0 -1 0 -0.057 0 -0.998 0.998 0 -0.057 4519.dat
1 0 230 -150.048 178.898 0 -1 0 -0.057 0 -0.998 0.998 0 -0.057 2780.dat
1 0 230 -191.108 196.578 0 -1 0 -0.057 0 -0.998 0.998 0 -0.057 2780.dat
1 0 230 -231.028 194.298 0 -1 0 -0.057 0 -0.998 0.998 0 -0.057 2780.dat
1 0 230 -127.808 140.118 0 -1 0 -0.998 0 0.057 -0.057 0 -0.998 6538.dat
1 0 230 -122.108 40.318 0 -1 0 0.057 0 0.998 -0.998 0 0.057 3737.dat
1 0 230 -115.838 -69.462 -1 0 0 0 0.998 0.057 0 0.057 -0.998 32192.dat
1 0 230 -135.7994 -91.8417 0 0 -1 0.665287 0.745885 0 0.745885 -0.665287 0 32062.dat
1 0 230 -175.7232 -136.6022 0 0 -1 0.665287 0.745885 0 0.745885 -0.665287 0 32062.dat
1 0 230 -195.6847 -158.9819 0 -1 0 -0.745885 0 -0.665287 0.665287 0 -0.745885 32013.dat
1 7 230 -203.1446 -152.3281 0 -1 0 -0.745885 0 -0.665287 0.665287 0 -0.745885 4274.dat
1 0 240 -155.7609 -114.2214 -1 0 0 0 -0.745885 0.665287 0 0.665287 0.745885 2780.dat
1 0 250 -155.7609 -114.2214 -1 0 0 0 0.900321 0.434902 0 0.434902 -0.900321 32013.dat
1 0 230 -155.7609 -114.2214 1 0 0 0 0.745885 0.665287 0 -0.665287 0.745885 32034.dat
1 0 210 -191.108 196.578 0 -1 0 -0.057 0 -0.998 0.998 0 -0.057 2780.dat
1 81 230 -179.988 177.188 -1 0 0 0 0.998 0.057 0 0.057 -0.998 32188.dat
1 0 -230 -130.658 190.018 1 0 0 0 -0.057 -0.998 0 0.998 -0.057 32140.dat
1 0 -230 -129.518 170.058 0 1 0 0.057 0 -0.998 -0.998 0 -0.057 4519.dat
1 0 -230 -150.048 178.898 0 1 0 0.057 0 -0.998 -0.998 0 -0.057 2780.dat
1 0 -230 -191.108 196.578 0 1 0 0.057 0 -0.998 -0.998 0 -0.057 2780.dat
1 0 -230 -231.028 194.298 0 1 0 0.057 0 -0.998 -0.998 0 -0.057 2780.dat
1 0 -230 -127.808 140.118 0 1 0 0.998 0 0.057 0.057 0 -0.998 6538.dat
1 0 -230 -122.108 40.318 0 1 0 -0.057 0 0.998 0.998 0 0.057 3737.dat
1 0 -230 -115.838 -69.462 -1 0 0 0 0.998 0.057 0 0.057 -0.998 32192.dat
1 0 -230 -135.7994 -91.8417 0 0 1 -0.665287 0.745885 0 -0.745885 -0.665287 0 32062.dat
1 0 -230 -175.7232 -136.6022 0 0 1 -0.665287 0.745885 0 -0.745885 -0.665287 0 32062.dat
1 0 -230 -195.6847 -158.9819 0 1 0 0.745885 0 -0.665287 -0.665287 0 -0.745885 32013.dat
1 7 -230 -203.1446 -152.3281 0 1 0 -0.745885 0 0.665287 0.665287 0 0.745885 4274.dat
1 0 -240 -155.7609 -114.2214 -1 0 0 0 -0.745885 0.665287 0 0.665287 0.745885 2780.dat
1 0 -250 -155.7609 -114.2214 -1 0 0 0 0.900321 0.434902 0 0.434902 -0.900321 32013.dat
1 0 -230 -155.7609 -114.2214 1 0 0 0 0.745885 0.665287 0 -0.665287 0.745885 32034.dat
1 0 -210 -191.108 196.578 0 1 0 0.057 0 -0.998 -0.998 0 -0.057 2780.dat
1 81 -230 -179.988 177.188 -1 0 0 0 0.998 0.057 0 0.057 -0.998 32189.dat
1 16 150 -31.998 215.678 -0.994 -0.107 0 0.106786 -0.992012 -0.057 0.006099 -0.056658 0.998 32181.dat
1 0 136.6769 -155.5184 208.6232 -0.994 -0.107 0 0.106786 -0.992012 -0.057 0.006099 -0.056658 0.998 32183.dat
1 16 -150 -31.998 215.678 0.994 0.107 0 0.106786 -0.992012 0.057 0.006099 -0.056658 -0.998 32181.dat
1 0 -136.6769 -155.5184 208.6232 0.994 0.107 0 0.106786 -0.992012 0.057 0.006099 -0.056658 -0.998 32183.dat
1 0 -30 -74.102 253.329 0 0 -1 -0.998 -0.057 0 -0.057 0.998 0 32034.dat
1 0 30 -74.102 253.329 0 0 -1 -0.998 -0.057 0 -0.057 0.998 0 32034.dat
1 0 0 -74.102 253.329 -1 0 0 0 -0.057 0.998 0 0.998 0.057 32062.dat
1 7 -30 -61.128 254.07 -1 0 0 0 -0.057 0.998 0 0.998 0.057 6589.dat
1 0 -30 -74.102 253.329 0 0 1 0.998 -0.057 0 0.057 0.998 0 4519.dat
1 0 -30 -114.022 251.049 1 0 0 0 -0.057 -0.998 0 0.998 -0.057 32034.dat
1 0 -30 -203.842 245.919 0 0 1 0.998 -0.057 0 0.057 0.998 0 3707.dat
1 0 -30 -283.682 241.359 1 0 0 0 -0.057 -0.998 0 0.998 -0.057 6538.dat
1 0 -30 -323.602 239.079 0 0 -1 -0.998 -0.057 0 -0.057 0.998 0 3705.dat
1 7 -30 -333.582 238.509 -1 0 0 0 -0.057 0.998 0 0.998 0.057 3713.dat
1 256 -30 -360.528 236.97 1 0 0 0 -0.057 -0.998 0 0.998 -0.057 4288.dat
1 0 220 -31.314 205.681 1 0 0 0 0.998 -0.057 0 0.057 0.998 32015.dat
1 7 220 -59.6279 215.5583 0 0 1 0.943983 0.329566 0 -0.329566 0.943983 0 3749.dat
1 0 220 -29.603 175.7411 0 0 1 0.057 0.998 0 -0.998 0.057 0 32062.dat
1 0 -220 -31.314 205.681 1 0 0 0 0.998 -0.057 0 0.057 0.998 32015.dat
1 7 -220 -59.6279 215.5583 0 0 1 0.943983 0.329566 0 -0.329566 0.943983 0 3749.dat
1 0 -220 -29.603 175.7411 0 0 1 0.057 0.998 0 -0.998 0.057 0 32062.dat
1 0 -30 -50.137 535.144 0 1 0 -0.998 0 -0.057 -0.057 0 0.998 32009.dat
1 0 30 -50.137 535.144 0 1 0 -0.998 0 -0.057 -0.057 0 0.998 32009.dat
1 0 0 -130.007 530.58 0 0 1 -0.998 0.057 0 -0.057 -0.998 0 6538.dat
1 0 -30 -130.007 530.58 1 0 0 0 0.057 0.998 0 -0.998 0.057 4519.dat
1 0 30 -130.007 530.58 1 0 0 0 0.057 0.998 0 -0.998 0.057 4519.dat
1 0 0 -90.072 532.862 1 0 0 0 0.057 0.998 0 -0.998 0.057 3706.dat
1 81 -210 -164.588 258.168 1 0 0 0 0.998 -0.057 0 0.057 0.998 32534.dat
1 0 -210 -194.528 256.458 0 0 -1 -0.057 0.998 0 0.998 0.057 0 2780.dat
1 0 -210 -214.488 255.318 0 0 -1 -0.057 0.998 0 0.998 0.057 0 2780.dat
1 0 -150 -215.058 265.298 0 0 -1 0.998 0.057 0 0.057 -0.998 0 32140.dat
1 0 -150 -215.058 265.298 0 1 0 0.057 0 -0.998 -0.998 0 -0.057 32062.dat
1 81 210 -164.525 258.175 1 0 0 0 0.998 -0.057 0 0.057 0.998 32535.dat
1 0 210 -194.465 256.465 0 0 1 0.057 0.998 0 -0.998 0.057 0 2780.dat
1 0 210 -214.425 255.325 0 0 1 0.057 0.998 0 -0.998 0.057 0 2780.dat
1 0 150 -214.995 265.305 0 0 1 0.998 -0.057 0 0.057 0.998 0 32140.dat
1 0 150 -214.995 265.305 0 -1 0 -0.057 0 -0.998 0.998 0 -0.057 32062.dat
1 0 -70 -90.071 532.851 0 0 -1 -0.998 -0.057 0 -0.057 0.998 0 32016.dat
1 0 -70 -129.991 530.571 0 0 -1 -0.998 -0.057 0 -0.057 0.998 0 32016.dat
1 0 -70 -110.031 531.711 0 0 -1 -0.998 -0.057 0 -0.057 0.998 0 6558.dat
1 0 -97.716 -129.3366 519.113 0.924 0 -0.383 -0.021831 0.998 -0.052668 0.382234 0.057 0.922152 32062.dat
1 0 -106.955 -89.1985 517.5746 0.924 0 -0.383 -0.021831 0.998 -0.052668 0.382234 0.057 0.922152 4519.dat
1 0 -106.955 -129.1185 515.2946 -0.383 -0.924 0 -0.052668 0.021831 -0.998 0.922152 -0.382234 -0.057 32140.dat
1 0 -88.478 -149.5147 521.7923 -0.383 -0.924 0 -0.052668 0.021831 -0.998 0.922152 -0.382234 -0.057 32140.dat
1 7 -97.716 -209.1766 514.553 -0.924 0.383 0 0.021831 0.052668 -0.998 -0.382234 -0.922152 -0.057 4274.dat
1 0 -125.432 -188.5622 504.2359 0.924 -0.383 0 -0.021831 -0.052668 -0.998 0.382234 0.922152 -0.057 32054.dat
1 0 -106.518 -119.5698 540.9474 0.924 -0.383 0 -0.021831 -0.052668 -0.998 0.382234 0.922152 -0.057 32054.dat
1 0 -134.671 -88.5441 506.1176 0 -0.383 0.924 0.998 -0.052668 -0.021831 0.057 0.922152 0.382234 6538.dat
1 7 -97.716 -149.2966 517.973 0.924 -0.383 0 -0.021831 -0.052668 -0.998 0.382234 0.922152 -0.057 3749.dat
1 7 -105.378 -210.2298 532.993 -0.924 -0.271 0.271 0.021831 0.668365 0.742807 -0.382234 0.691993 -0.611395 3749.dat
1 0 -106.955 -169.0385 513.0146 -0.924 0.383 0 0.021831 0.052668 -0.998 -0.382234 -0.922152 -0.057 6558.dat
1 81 -116.194 -138.8804 510.9053 0.383 0 -0.924 0.052668 -0.998 0.021831 -0.922152 -0.057 -0.382234 22749.dat
1 0 -153.15 -88.1078 498.4779 -0.924 0 -0.383 0.021831 -0.998 -0.052668 -0.382234 -0.057 0.922152 3704.dat
1 0 -180.866 -87.4534 487.0208 -0.383 0 -0.924 -0.052668 0.998 0.021831 0.922152 0.057 -0.382234 32192.dat
1 7 -200.464 -108.1613 477.7099 0.653 -0.653 -0.383 0.690139 0.721033 -0.052668 0.310757 -0.230159 0.922152 3749.dat
1 36 -208.582 -186.599 469.8628 0 0.924 -0.383 -0.998 -0.021831 -0.052668 -0.057 0.382234 0.922152 30374.dat
1 36 -189.667 -117.6066 506.5743 0 0.924 -0.383 -0.998 -0.021831 -0.052668 -0.057 0.382234 0.922152 30374.dat
1 0 -105.37 -190.2698 534.134 0.924 0 -0.383 -0.021831 0.998 -0.052668 0.382234 0.057 0.922152 2780.dat
1 0 -133.091 -209.575 521.529 -0.271 -0.271 -0.924 -0.742807 0.668365 0.021831 0.611395 0.691993 -0.382234 32192.dat
1 0 70 -90.071 532.851 0 0 1 0.998 -0.057 0 0.057 0.998 0 32016.dat
1 0 70 -129.991 530.571 0 0 1 0.998 -0.057 0 0.057 0.998 0 32016.dat
1 0 70 -110.031 531.711 0 0 -1 -0.998 -0.057 0 -0.057 0.998 0 6558.dat
1 0 97.716 -129.3366 519.113 0.924 0 0.383 0.021831 0.998 -0.052668 -0.382234 0.057 0.922152 32062.dat
1 0 106.955 -89.1985 517.5746 0.924 0 0.383 0.021831 0.998 -0.052668 -0.382234 0.057 0.922152 4519.dat
1 0 106.955 -129.1185 515.2946 0.383 -0.924 0 -0.052668 -0.021831 -0.998 0.922152 0.382234 -0.057 32140.dat
1 0 88.478 -149.5147 521.7923 0.383 -0.924 0 -0.052668 -0.021831 -0.998 0.922152 0.382234 -0.057 32140.dat
1 7 97.716 -209.1766 514.553 0.924 -0.383 0 0.021831 0.052668 0.998 -0.382234 -0.922152 0.057 4274.dat
1 0 125.432 -188.5622 504.2359 -0.924 0.383 0 -0.021831 -0.052668 0.998 0.382234 0.922152 0.057 32054.dat
1 0 106.518 -119.5698 540.9474 -0.924 0.383 0 -0.021831 -0.052668 0.998 0.382234 0.922152 0.057 32054.dat
1 0 134.671 -88.5441 506.1176 0 0.383 -0.924 -0.998 -0.052668 -0.021831 -0.057 0.922152 0.382234 6538.dat
1 7 97.716 -149.2966 517.973 -0.924 0.383 0 -0.021831 -0.052668 0.998 0.382234 0.922152 0.057 3749.dat
1 7 105.37 -210.2298 532.994 0.924 0.271 0.271 0.021831 0.668365 -0.742807 -0.382234 0.691993 0.611395 3749.dat
1 0 106.955 -169.0385 513.0146 0.924 -0.383 0 0.021831 0.052668 0.998 -0.382234 -0.922152 0.057 6558.dat
1 81 116.194 -138.8804 510.9053 0.383 0 0.924 -0.052668 -0.998 0.021831 0.922152 -0.057 -0.382234 32191.dat
1 0 153.15 -88.1078 498.4779 -0.924 0 0.383 -0.021831 -0.998 -0.052668 0.382234 -0.057 0.922152 3704.dat
1 0 180.866 -87.4534 487.0208 -0.383 0 0.924 0.052668 0.998 0.021831 -0.922152 0.057 -0.382234 32192.dat
1 7 200.464 -108.1613 477.7099 -0.653 0.653 -0.383 0.690139 0.721033 0.052668 0.310757 -0.230159 -0.922152 3749.dat
1 36 208.582 -186.599 469.8628 0 -0.924 0.383 0.998 -0.021831 -0.052668 0.057 0.382234 0.922152 30374.dat
1 36 189.667 -117.6066 506.5743 0 -0.924 0.383 0.998 -0.021831 -0.052668 0.057 0.382234 0.922152 30374.dat
1 0 105.37 -190.2698 534.134 0.924 0 0.383 0.021831 0.998 -0.052668 -0.382234 0.057 0.922152 2780.dat
1 0 133.082 -209.5751 521.53 -0.271 0.271 0.924 0.742807 0.668365 0.021831 -0.611395 0.691993 -0.382234 32192.dat
1 0 0 -175.344 -253.364 1 0 0 0 0.998 -0.057 0 0.057 0.998 32333.dat
1 0 0 -165.084 -433.004 1 0 0 0 0.998 -0.057 0 0.057 0.998 32333.dat
1 0 44 -133.428 -250.97 0 0 1 0.057 0.998 0 -0.998 0.057 0 6558.dat
1 0 -44 -133.428 -250.97 0 0 1 0.057 0.998 0 -0.998 0.057 0 6558.dat
1 0 -20 -114.614 -440.134 0 0 1 0.057 0.998 0 -0.998 0.057 0 2780.dat
1 0 20 -114.614 -440.134 0 0 1 0.057 0.998 0 -0.998 0.057 0 2780.dat
1 0 -20 -165.364 -252.794 0 0 1 0.057 0.998 0 -0.998 0.057 0 6558.dat
1 0 -20 -126.584 -230.554 0 0 -1 -0.057 0.998 0 0.998 0.057 0 6558.dat
1 0 20 -126.584 -230.554 0 0 -1 -0.057 0.998 0 0.998 0.057 0 6558.dat
1 7 0 -126.584 -230.554 1 0 0 0 0.998 -0.057 0 0.057 0.998 3647.dat
1 0 0 -127.439 -215.584 -1 0 0 0 -0.057 0.998 0 0.998 0.057 2905.dat
1 0 0 -128.009 -205.604 0 0 -1 -0.998 -0.057 0 -0.057 0.998 0 32017.dat
1 8 0 -88.944 -188.354 0 -1 0 -0.998 0 0.057 -0.057 0 -0.998 6538.dat
1 0 -30 -94.084 -448.974 1 0 0 0 -0.998 0.057 0 -0.057 -0.998 32291.dat
1 0 30 -94.084 -448.974 1 0 0 0 -0.998 0.057 0 -0.057 -0.998 32291.dat
1 0 0 -94.084 -448.974 1 0 0 0 -0.998 0.057 0 -0.057 -0.998 3706.dat
1 0 50 -94.084 -448.974 0 1 0 -0.057 0 0.998 0.998 0 0.057 32140.dat
1 0 -50 -94.084 -448.974 0 1 0 -0.057 0 0.998 0.998 0 0.057 32140.dat
1 0 -70 -34.204 -445.554 1 0 0 0 0.057 0.998 0 -0.998 0.057 6558.dat
1 0 70 -34.204 -445.554 -1 0 0 0 -0.057 0.998 0 0.998 0.057 6558.dat
1 0 70 -103.088 -221.202 0 -1 0 -0.7642 0 0.6444 -0.6444 0 -0.7642 32316.dat
1 0 -70 -103.088 -221.202 0 -1 0 -0.7642 0 0.6444 -0.6444 0 -0.7642 32316.dat
1 0 -40 -128.294 -200.614 0 0 -1 -0.057 0.998 0 0.998 0.057 0 32062.dat
1 0 40 -128.294 -200.614 0 0 -1 -0.057 0.998 0 0.998 0.057 0 32062.dat
1 0 40 -128.864 -190.634 0 1 0 -0.057 0 0.998 0.998 0 0.057 6553.dat
1 0 -40 -128.864 -190.634 0 -1 0 -0.057 0 -0.998 0.998 0 -0.057 6553.dat
1 7 0 -86.664 -228.274 0 -1 0 0.998 0 -0.057 0.057 0 0.998 3648.dat
1 0 0 -87.234 -218.294 0 -1 0 0.057 0 0.998 -0.998 0 0.057 4519.dat
1 0 20 -165.364 -252.794 0 0 1 0.057 0.998 0 -0.998 0.057 0 6558.dat
1 0 0 -126.584 -230.554 0 0 1 0.057 0.998 0 -0.998 0.057 0 3705.dat
1 47 52.8 -156.4148 -402.4712 -0.6 -0.8 0 -0.7984 0.5988 0.057 -0.0456 0.0342 -0.998 2850.dat
1 0 20 -157.954 -382.534 0 -0.8 -0.6 -0.057 0.5988 -0.7984 0.998 0.0342 -0.0456 2780.dat
1 0 44 -126.018 -380.71 0 -0.8 -0.6 -0.057 0.5988 -0.7984 0.998 0.0342 -0.0456 2780.dat
1 47 52.8 -158.6948 -362.5512 -0.6 -0.8 0 -0.7984 0.5988 0.057 -0.0456 0.0342 -0.998 2850.dat
1 0 20 -160.234 -342.614 0 -0.8 -0.6 -0.057 0.5988 -0.7984 0.998 0.0342 -0.0456 2780.dat
1 0 44 -128.298 -340.79 0 -0.8 -0.6 -0.057 0.5988 -0.7984 0.998 0.0342 -0.0456 2780.dat
1 47 52.8 -160.9748 -322.6312 -0.6 -0.8 0 -0.7984 0.5988 0.057 -0.0456 0.0342 -0.998 2850.dat
1 0 20 -162.514 -302.694 0 -0.8 -0.6 -0.057 0.5988 -0.7984 0.998 0.0342 -0.0456 2780.dat
1 0 44 -130.578 -300.87 0 -0.8 -0.6 -0.057 0.5988 -0.7984 0.998 0.0342 -0.0456 2780.dat
1 47 52.8 -163.2548 -282.7112 -0.6 -0.8 0 -0.7984 0.5988 0.057 -0.0456 0.0342 -0.998 2850.dat
1 0 20 -155.674 -422.454 0 -0.8 -0.6 -0.057 0.5988 -0.7984 0.998 0.0342 -0.0456 2780.dat
1 0 44 -123.738 -420.63 0 -0.8 -0.6 -0.057 0.5988 -0.7984 0.998 0.0342 -0.0456 2780.dat
1 14 37.6 -151.8776 -282.0614 0 -0.8 -0.6 -0.057 0.5988 -0.7984 0.998 0.0342 -0.0456 2851.dat
1 14 24.8 -140.0168 -321.4342 0 -0.8 -0.6 -0.057 0.5988 -0.7984 0.998 0.0342 -0.0456 2851.dat
1 14 37.6 -147.3176 -361.9014 0 -0.8 -0.6 -0.057 0.5988 -0.7984 0.998 0.0342 -0.0456 2851.dat
1 14 24.8 -135.4568 -401.2742 0 -0.8 -0.6 -0.057 0.5988 -0.7984 0.998 0.0342 -0.0456 2851.dat
1 47 -52.8 -156.4148 -402.4712 -0.6 0.8 0 0.7984 0.5988 0.057 0.0456 0.0342 -0.998 2850.dat
1 0 -44 -126.018 -380.71 0 0.8 -0.6 -0.057 0.5988 0.7984 0.998 0.0342 0.0456 2780.dat
1 0 -20 -157.954 -382.534 0 0.8 -0.6 -0.057 0.5988 0.7984 0.998 0.0342 0.0456 2780.dat
1 47 -52.8 -158.6948 -362.5512 -0.6 0.8 0 0.7984 0.5988 0.057 0.0456 0.0342 -0.998 2850.dat
1 0 -44 -128.298 -340.79 0 0.8 -0.6 -0.057 0.5988 0.7984 0.998 0.0342 0.0456 2780.dat
1 0 -20 -160.234 -342.614 0 0.8 -0.6 -0.057 0.5988 0.7984 0.998 0.0342 0.0456 2780.dat
1 47 -52.8 -160.9748 -322.6312 -0.6 0.8 0 0.7984 0.5988 0.057 0.0456 0.0342 -0.998 2850.dat
1 0 -44 -130.578 -300.87 0 0.8 -0.6 -0.057 0.5988 0.7984 0.998 0.0342 0.0456 2780.dat
1 0 -20 -162.514 -302.694 0 0.8 -0.6 -0.057 0.5988 0.7984 0.998 0.0342 0.0456 2780.dat
1 47 -52.8 -163.2548 -282.7112 -0.6 0.8 0 0.7984 0.5988 0.057 0.0456 0.0342 -0.998 2850.dat
1 0 -44 -123.738 -420.63 0 0.8 -0.6 -0.057 0.5988 0.7984 0.998 0.0342 0.0456 2780.dat
1 0 -20 -155.674 -422.454 0 0.8 -0.6 -0.057 0.5988 0.7984 0.998 0.0342 0.0456 2780.dat
1 14 -37.6 -145.0376 -401.8214 0 0.8 -0.6 -0.057 0.5988 0.7984 0.998 0.0342 0.0456 2851.dat
1 14 -37.6 -149.5976 -321.9814 0 0.8 -0.6 -0.057 0.5988 0.7984 0.998 0.0342 0.0456 2851.dat
1 14 -24.8 -142.2968 -281.5142 0 0.8 -0.6 -0.057 0.5988 0.7984 0.998 0.0342 0.0456 2851.dat
1 14 -24.8 -137.7368 -361.3542 0 0.8 -0.6 -0.057 0.5988 0.7984 0.998 0.0342 0.0456 2851.dat
1 7 -10 -115.184 -430.154 -1 0 0 0 0.998 0.057 0 0.057 -0.998 2853.dat
1 0 -10 -116.894 -400.214 0 0 1 0.057 0.998 0 -0.998 0.057 0 32062.dat
1 7 0 -123.734 -280.454 -1 0 0 0 0.998 0.057 0 0.057 -0.998 2853.dat
1 8 0 -118.034 -380.254 -1 0 0 0 0.998 0.057 0 0.057 -0.998 2854.dat
1 0 10 -119.174 -360.294 0 0 -1 0.057 -0.998 0 -0.998 -0.057 0 32062.dat
1 0 -10 -121.454 -320.374 0 0 -1 0.057 -0.998 0 -0.998 -0.057 0 32062.dat
1 8 0 -120.314 -340.334 -1 0 0 0 -0.998 -0.057 0 -0.057 0.998 2854.dat
1 8 0 -122.594 -300.414 -1 0 0 0 0.998 0.057 0 0.057 -0.998 2854.dat
1 7 10 -119.174 -360.294 -0.707 -0.707 0 -0.705586 0.705586 0.057 -0.040299 0.040299 -0.998 2852.dat
1 7 10 -119.174 -360.294 0.469 0.883 0 -0.881234 0.468062 -0.057 -0.050331 0.026733 0.998 2852.dat
1 7 -10 -121.454 -320.374 -0.469 -0.883 0 -0.881234 0.468062 0.057 -0.050331 0.026733 -0.998 2852.dat
1 7 -10 -121.454 -320.374 0.707 0.707 0 -0.705586 0.705586 -0.057 -0.040299 0.040299 0.998 2852.dat
1 7 -10 -116.894 -400.214 -0.469 -0.883 0 -0.881234 0.468062 0.057 -0.050331 0.026733 -0.998 2852.dat
1 7 -10 -116.894 -400.214 0.707 0.707 0 -0.705586 0.705586 -0.057 -0.040299 0.040299 0.998 2852.dat
1 7 10 -123.734 -280.454 -0.707 -0.707 0 -0.705586 0.705586 0.057 -0.040299 0.040299 -0.998 2852.dat
1 7 10 -123.734 -280.454 0.469 0.883 0 -0.881234 0.468062 -0.057 -0.050331 0.026733 0.998 2852.dat
1 0 -0.001 -187.604 -214.014 -1 0 0 0 0.998 0.057 0 0.057 -0.998 32039.dat
1 0 -0.001 -188.744 -194.054 -1 0 0 0 0.998 0.057 0 0.057 -0.998 3707.dat
1 0 49.999 -188.744 -194.054 -1 0 0 0 0.998 0.057 0 0.057 -0.998 32291.dat
1 0 -50.001 -188.744 -194.054 -1 0 0 0 0.998 0.057 0 0.057 -0.998 32291.dat
1 0 39.999 -167.644 -212.874 0 0 1 0.057 0.998 0 -0.998 0.057 0 6558.dat
1 0 59.999 -166.504 -232.834 0 0 1 0.057 0.998 0 -0.998 0.057 0 32054.dat
1 0 -60.001 -166.504 -232.834 0 0 1 0.057 0.998 0 -0.998 0.057 0 32054.dat
1 0 -0.001 -166.504 -232.834 0 0 1 0.998 -0.057 0 0.057 0.998 0 32524.dat
1 0 -40.001 -167.644 -212.874 0 0 1 0.057 0.998 0 -0.998 0.057 0 6558.dat
1 7 -125.371 -188.3452 -201.037 -0.924 0 0.383 -0.021831 -0.998 -0.052668 0.382234 -0.057 0.922152 3749.dat
1 179 -121.927 -211.7731 -194.0496 0 -0.924 0.383 0.998 -0.021831 -0.052668 0.057 0.382234 0.922152 79.dat
1 81 -113.891 -189.925 -173.3764 0 0.383 -0.924 -0.998 -0.052668 -0.021831 -0.057 0.922152 0.382234 32528.dat
1 0 -126.956 -189.6165 -178.7776 0 0.925 -0.383 0.998 0.021831 0.052668 0.057 -0.382234 -0.922152 33299.dat
1 0 -90.001 -188.744 -194.054 0 0 -1 0.998 0.057 0 0.057 -0.998 0 32016.dat
1 0 -117.717 -189.3984 -182.596 -0.924 0 0.383 -0.021831 -0.998 -0.052668 0.382234 -0.057 0.922152 32062.dat
1 81 113.889 -189.925 -173.3764 0 -0.383 0.924 0.998 -0.052668 -0.021831 0.057 0.922152 0.382234 32527.dat
1 0 126.954 -189.6165 -178.7776 0 -0.925 0.383 -0.998 0.021831 0.052668 -0.057 -0.382234 -0.922152 33299.dat
1 7 125.369 -188.3452 -201.037 0.924 0 -0.383 -0.021831 0.998 -0.052668 0.382234 0.057 0.922152 3749.dat
1 0 89.999 -188.744 -194.054 0 0 1 -0.998 0.057 0 -0.057 -0.998 0 32016.dat
1 179 121.925 -211.7731 -194.0496 0 0.924 0.383 0.998 -0.021831 0.052668 0.057 0.382234 -0.922152 79.dat
1 0 117.715 -189.3984 -182.596 0.924 0 -0.383 -0.021831 0.998 -0.052668 0.382234 0.057 0.922152 32062.dat
1 0 59.999 -114.894 -259.924 -1 0 0 0 0.998 0.057 0 0.057 -0.998 32534.dat
1 0 -60.001 -114.894 -259.924 -1 0 0 0 0.998 0.057 0 0.057 -0.998 32535.dat
1 0 -0.001 -200.154 -344.894 -1 0 0 0 0.998 0.057 0 0.057 -0.998 32310.dat
1 0 -0.001 -179.681 -352.736 0 0 -1 0.057 -0.998 0 -0.998 -0.057 0 32291.dat
1 0 -0.001 -200.211 -343.896 -1 0 0 0 -0.998 -0.057 0 -0.057 0.998 32062.dat
1 0 -0.001 -199.071 -363.856 -1 0 0 0 -0.998 -0.057 0 -0.057 0.998 32062.dat
1 0 -0.001 -183.614 -283.874 0 0 1 -0.057 -0.998 0 0.998 -0.057 0 3707.dat
1 0 -110 -125.45 -250.431 0 1 0 -0.057 0 0.998 0.998 0 0.057 32526.dat
1 0 -120 -125.45 -250.431 1 0 0 0 0.057 0.998 0 -0.998 0.057 2780.dat
1 0 110 -125.45 -250.431 0 1 0 -0.057 0 0.998 0.998 0 0.057 32526.dat
1 0 120 -125.45 -250.431 1 0 0 0 0.057 0.998 0 -0.998 0.057 2780.dat
1 0 100 -47.861 -205.933 1 0 0 0 0.057 0.998 0 -0.998 0.057 2780.dat
1 0 -100 -47.861 -205.933 1 0 0 0 0.057 0.998 0 -0.998 0.057 2780.dat
1 0 110 -142.564 49.103 1 0 0 0 0.057 0.998 0 -0.998 0.057 3706.dat
1 0 110 -144.844 89.023 1 0 0 0 0.057 0.998 0 -0.998 0.057 3706.dat
1 0 110 -62.724 53.663 0 -1 0 -0.057 0 -0.998 0.998 0 -0.057 32526.dat
1 0 125 -142.564 49.103 0 -1 0 0.998 0 -0.057 0.057 0 0.998 6632.dat
1 0 95 -142.564 49.103 0 -1 0 0.998 0 -0.057 0.057 0 0.998 6632.dat
1 0 100 -62.724 53.663 -1 0 0 0 -0.057 0.998 0 0.998 0.057 2780.dat
1 0 100 -102.644 51.383 -1 0 0 0 -0.057 0.998 0 0.998 0.057 2780.dat
1 15 160 -244.756 155.407 0 -1 0 -0.5532 0 0.8326 -0.8326 0 -0.5532 32271.dat
1 15 60 -244.756 155.407 0 -1 0 -0.5532 0 0.8326 -0.8326 0 -0.5532 32271.dat
