0 
0 Name: New Model.ldr
0 Author: 
1 72 100 -120 240 1 0 0 0 1 0 0 0 1 11214.dat
1 256 115 -120 280 0 -1 0 1 0 0 0 0 1 11478.dat
1 256 125 -120 280 0 -1 0 1 0 0 0 0 1 11478.dat
1 71 100 -120 240 0 0 1 1 0 0 0 1 0 48989.dat
1 4 90 -120 320 -1 0 0 0 0 1 0 1 0 44294.dat
1 71 100 -120 340 -1 0 0 0 0 1 0 1 0 42003.dat
1 72 80 -120 240 0 1 0 -1 0 0 0 0 1 32526.dat
1 256 70 -120 300 1 0 0 0 1 0 0 0 1 2780.dat
1 256 70 -120 280 1 0 0 0 1 0 0 0 1 2780.dat
1 70 100 -160 360 0 -1 0 1 0 0 0 0 1 15462.dat
1 4 100 -140 360 -1 0 0 0 0 -1 0 -1 0 3713.dat
1 256 65 -160 320 0 1 0 0 0 -1 -1 0 0 11478.dat
1 256 100 -200 320 -1 0 0 0 0 -1 0 -1 0 3705.dat
1 256 80 -220 320 1 0 0 0 0 -1 0 1 0 32039.dat
1 72 100 -160 320 -1 0 0 0 0.454 -0.891 0 -0.891 -0.454 87083.dat
1 71 100 -200 340 0 1 0 1 0 0 0 0 -1 32140.dat
1 4 100 -200 340 -1 0 0 0 1 0 0 0 -1 32062.dat
1 71 100 -180 360 1 0 0 0 0 1 0 -1 0 92907.dat
1 256 120 -220 320 1 0 0 0 0 -1 0 1 0 32039.dat
1 256 135 -160 320 0 1 0 0 0 -1 -1 0 0 11478.dat
1 71 150 -140 320 -1 0 0 0 -1 0 0 0 1 42003.dat
1 71 50 -140 320 -1 0 0 0 -1 0 0 0 1 42003.dat
1 256 150 -140 330 0 0 1 0 -1 0 1 0 0 2780.dat
1 256 150 -160 330 0 0 1 0 -1 0 1 0 0 2780.dat
1 256 50 -140 330 0 0 1 0 -1 0 1 0 0 2780.dat
1 256 50 -160 330 0 0 1 0 -1 0 1 0 0 2780.dat
1 256 90 -180 280 1 0 0 0 -1 0 0 0 -1 2780.dat
1 1 90 -200 280 -1 0 0 0 1 0 0 0 -1 43093.dat
1 256 85 -160 280 0 1 0 0 0 -1 -1 0 0 32056.dat
1 256 75 -160 280 0 1 0 0 0 -1 -1 0 0 32056.dat
1 256 90 -160 260 1 0 0 0 -1 0 0 0 -1 2780.dat
1 256 80 -160 240 1 0 0 0 -1 0 0 0 -1 18651.dat
1 256 100 -160 260 0 1 0 1 0 0 0 0 -1 32523.dat
1 256 60 -175.321 227.144 0 0 -1 -0.643 0.766 0 0.766 0.643 0 6536.dat
1 71 60 -181.749 234.805 0 0 1 0.643 0.766 0 -0.766 0.643 0 2736.dat
1 1 70 -160 280 1 0 0 0 -1 0 0 0 -1 43093.dat
1 71 60 -160 280 0 1 0 0 0 1 1 0 0 60484.dat
1 71 100 -210 360 0 1 0 0 0 1 1 0 0 59443.dat
1 4 100 -230 360 0 -1 0 -1 0 0 0 0 -1 32062.dat
1 256 100 -240 360 1 0 0 0 0 -1 0 1 0 32270.dat
1 256 80 -250 320 0 0 -1 -1 0 0 0 1 0 3705.dat
1 256 120 -250 320 0 0 -1 -1 0 0 0 1 0 3705.dat
1 256 120 -285 320 0 0 -1 0 1 0 1 0 0 6632.dat
1 256 130 -120 300 1 0 0 0 1 0 0 0 1 2780.dat
1 256 130 -120 280 1 0 0 0 1 0 0 0 1 2780.dat
1 71 140 -120 280 0 -1 0 1 0 0 0 0 1 32523.dat
1 25 80 -159.925 217.549 0 -1 0 0.061 0 0.998 -0.998 0 0.061 32316.dat
1 256 90 -179.887 216.323 1 0 0 0 0.061 0.998 0 -0.998 0.061 2780.dat
1 1 100 -199.85 215.097 1 0 0 0 0.061 0.998 0 -0.998 0.061 6558.dat
1 25 100 -219.812 213.871 0 -1 0 0.061 0 0.998 -0.998 0 0.061 32316.dat
1 256 110 -259.737 211.42 1 0 0 0 0.061 0.998 0 -0.998 0.061 2780.dat
1 71 120 -159.925 217.549 0 -1 0 0.061 0 0.998 -0.998 0 0.061 32316.dat
1 71 135 -167.801 260.307 0 -1 0 0.831 0 -0.557 0.557 0 0.831 32063.dat
1 19 130 -139.962 218.774 1 0 0 0 1 0 0 0 1 32002.dat
1 19 130 -120 220 1 0 0 0 0.061 0.998 0 -0.998 0.061 32002.dat
1 71 100 -219.774 212.646 1 0 0 0 0.588 -0.809 0 0.809 0.588 4519.dat
1 71 70 -219.774 212.646 0 0 1 -0.809 -0.588 0 0.588 -0.809 0 59443.dat
1 71 100 -227.377 187.9 -1 0 0 0 -0.588 -0.809 0 -0.809 0.588 32013.dat
1 256 110 -195.017 164.38 -1 0 0 0 -0.809 0.588 0 0.588 0.809 2780.dat
1 256 110 -227.377 187.9 -1 0 0 0 -0.809 0.588 0 0.588 0.809 2780.dat
1 256 100 -170.747 146.74 -1 0 0 0 -0.588 -0.809 0 -0.809 0.588 30552.dat
1 256 100 -162.657 140.86 -1 0 0 0 0.522312 -0.853159 0 -0.853159 -0.522312 30394.dat
1 25 120 -243.557 199.66 0 1 0 -0.588 0 -0.809 -0.809 0 0.588 32524.dat
1 71 110 -292.097 234.94 1 0 0 0 0.588 -0.809 0 0.809 0.588 3673.dat
1 256 100 -272.097 234.94 0 1 0 0 0 -1 -1 0 0 32523.dat
1 25 50 -200 340 1 0 0 0 0 1 0 -1 0 87086.dat
1 256 80 -180 380 1 0 0 0 0 1 0 -1 0 2780.dat
1 256 100 -180 380 1 0 0 0 0 1 0 -1 0 62462.dat
1 256 120 -180 380 1 0 0 0 0 1 0 -1 0 2780.dat
1 25 150 -200 340 1 0 0 0 0 1 0 -1 0 87080.dat
1 71 80 -80 260 0 -1 0 1 0 0 0 0 1 32524.dat
1 71 100 -80 240 0 0 1 1 0 0 0 1 0 48989.dat
1 71 100 -80 300 1 0 0 0 1 0 0 0 1 87082.dat
1 71 120 -80 260 0 -1 0 1 0 0 0 0 1 32524.dat
1 19 130 -80 200 1 0 0 0 1 0 0 0 1 3749.dat
1 71 140 -80 200 0 0 1 0 1 0 -1 0 0 94925.dat
1 71 140 -80 320 0 0 1 0 1 0 -1 0 0 94925.dat
1 19 130 -80 320 1 0 0 0 1 0 0 0 1 3749.dat
1 71 60 -80 320 0 0 -1 0 -1 0 -1 0 0 94925.dat
1 19 70 -80 320 -1 0 0 0 -1 0 0 0 1 3749.dat
1 71 60 -80 200 0 0 -1 0 -1 0 -1 0 0 94925.dat
1 19 70 -80 200 -1 0 0 0 -1 0 0 0 1 3749.dat
1 256 100 -90 220 0 0 1 1 0 0 0 1 0 2780.dat
1 256 100 -90 300 0 0 1 1 0 0 0 1 0 2780.dat
1 1 100 -100 260 0 0 -1 -1 0 0 0 1 0 6558.dat
1 71 100 -100 260 1 0 0 0 -1 0 0 0 -1 32316.dat
1 16 140 -65.252 334.4955 -1 0 0 0 -0.38778 -0.921752 0 -0.921752 0.38778 3873.dat
1 16 140 -59.4064 319.6016 -1 0 0 0 -0.930871 -0.365348 0 -0.365348 0.930871 3873.dat
1 16 140 -59.237 303.6025 -1 0 0 0 -0.999944 -0.010584 0 -0.010584 0.999944 3873.dat
1 16 140 -59.1652 287.6027 -1 0 0 0 -0.99999 -0.004492 0 -0.004492 0.99999 3873.dat
1 16 140 -59.0982 271.6028 -1 0 0 0 -0.999991 -0.004188 0 -0.004188 0.999991 3873.dat
1 16 140 -59.0315 255.6029 -1 0 0 0 -0.999991 -0.004167 0 -0.004167 0.999991 3873.dat
1 16 140 -58.9648 239.6031 -1 0 0 0 -0.999991 -0.004167 0 -0.004167 0.999991 3873.dat
1 16 140 -58.8982 223.6032 -1 0 0 0 -0.999991 -0.004167 0 -0.004167 0.999991 3873.dat
1 16 140 -58.8315 207.6033 -1 0 0 0 -0.999991 -0.004167 0 -0.004167 0.999991 3873.dat
1 16 140 -60.5232 191.693 -1 0 0 0 -0.994395 0.10573 0 0.10573 0.994395 3873.dat
1 16 140 -71.9226 180.4657 -1 0 0 0 -0.701706 0.712467 0 0.712467 0.701706 3873.dat
1 16 140 -87.9222 180.3521 -1 0 0 0 -0.007103 0.999975 0 0.999975 0.007103 3873.dat
1 16 140 -99.3794 191.5205 -1 0 0 0 0.698024 0.716074 0 0.716074 -0.698024 3873.dat
1 16 140 -101.1192 207.4256 -1 0 0 0 0.994071 0.108737 0 0.108737 -0.994071 3873.dat
1 16 140 -101.0991 223.4256 -1 0 0 0 0.999999 -0.001257 0 -0.001257 -0.999999 3873.dat
1 16 140 -101.0357 239.4255 -1 0 0 0 0.999992 -0.003962 0 -0.003962 -0.999992 3873.dat
1 16 140 -100.9692 255.4253 -1 0 0 0 0.999991 -0.004155 0 -0.004155 -0.999991 3873.dat
1 16 140 -100.9026 271.4252 -1 0 0 0 0.999991 -0.004166 0 -0.004166 -0.999991 3873.dat
1 16 140 -100.8359 287.425 -1 0 0 0 0.999991 -0.004167 0 -0.004167 -0.999991 3873.dat
1 16 140 -100.7692 303.4249 -1 0 0 0 0.999991 -0.004167 0 -0.004167 -0.999991 3873.dat
1 16 140 -100.7026 319.4248 -1 0 0 0 0.999991 -0.004167 0 -0.004167 -0.999991 3873.dat
1 16 140 -94.8588 334.3194 -1 0 0 0 0.930914 -0.365239 0 -0.365239 -0.930914 3873.dat
1 16 140 -80.185 340.6975 -1 0 0 0 0.398635 -0.91711 0 -0.91711 -0.398635 3873.dat
1 16 60 -65.252 334.4955 -1 0 0 0 -0.38778 -0.921752 0 -0.921752 0.38778 3873.dat
1 16 60 -59.4064 319.6016 -1 0 0 0 -0.930871 -0.365348 0 -0.365348 0.930871 3873.dat
1 16 60 -59.237 303.6025 -1 0 0 0 -0.999944 -0.010584 0 -0.010584 0.999944 3873.dat
1 16 60 -59.1652 287.6027 -1 0 0 0 -0.99999 -0.004492 0 -0.004492 0.99999 3873.dat
1 16 60 -59.0982 271.6028 -1 0 0 0 -0.999991 -0.004188 0 -0.004188 0.999991 3873.dat
1 16 60 -59.0315 255.6029 -1 0 0 0 -0.999991 -0.004167 0 -0.004167 0.999991 3873.dat
1 16 60 -58.9648 239.6031 -1 0 0 0 -0.999991 -0.004167 0 -0.004167 0.999991 3873.dat
1 16 60 -58.8982 223.6032 -1 0 0 0 -0.999991 -0.004167 0 -0.004167 0.999991 3873.dat
1 16 60 -58.8315 207.6033 -1 0 0 0 -0.999991 -0.004167 0 -0.004167 0.999991 3873.dat
1 16 60 -60.5232 191.693 -1 0 0 0 -0.994395 0.10573 0 0.10573 0.994395 3873.dat
1 16 60 -71.9226 180.4657 -1 0 0 0 -0.701706 0.712467 0 0.712467 0.701706 3873.dat
1 16 60 -87.9222 180.3521 -1 0 0 0 -0.007103 0.999975 0 0.999975 0.007103 3873.dat
1 16 60 -99.3794 191.5205 -1 0 0 0 0.698024 0.716074 0 0.716074 -0.698024 3873.dat
1 16 60 -101.1192 207.4256 -1 0 0 0 0.994071 0.108737 0 0.108737 -0.994071 3873.dat
1 16 60 -101.0991 223.4256 -1 0 0 0 0.999999 -0.001257 0 -0.001257 -0.999999 3873.dat
1 16 60 -101.0357 239.4255 -1 0 0 0 0.999992 -0.003962 0 -0.003962 -0.999992 3873.dat
1 16 60 -100.9692 255.4253 -1 0 0 0 0.999991 -0.004155 0 -0.004155 -0.999991 3873.dat
1 16 60 -100.9026 271.4252 -1 0 0 0 0.999991 -0.004166 0 -0.004166 -0.999991 3873.dat
1 16 60 -100.8359 287.425 -1 0 0 0 0.999991 -0.004167 0 -0.004167 -0.999991 3873.dat
1 16 60 -100.7692 303.4249 -1 0 0 0 0.999991 -0.004167 0 -0.004167 -0.999991 3873.dat
1 16 60 -100.7026 319.4248 -1 0 0 0 0.999991 -0.004167 0 -0.004167 -0.999991 3873.dat
1 16 60 -94.8588 334.3194 -1 0 0 0 0.930914 -0.365239 0 -0.365239 -0.930914 3873.dat
1 16 60 -80.185 340.6975 -1 0 0 0 0.398635 -0.91711 0 -0.91711 -0.398635 3873.dat
