0 Main
0 Name: 6957-1 - Solar Snooper.mpd
0 Author: LTRON
1 7 0 0 0 0 0 1 0 1 0 -1 0 0 3006.dat
1 0 0 24 -90 -1 0 0 0 1 0 0 0 -1 4477.dat
1 0 0 24 100 -1 0 0 0 1 0 0 0 -1 3832.dat
1 0 0 24 0 -1 0 0 0 1 0 0 0 -1 3832.dat
1 7 -40 0 -90 -1 0 0 0 1 0 0 0 -1 3004.dat
1 7 40 0 -90 -1 0 0 0 1 0 0 0 -1 3004.dat
1 7 -80 0 -100 -1 0 0 0 1 0 0 0 -1 4730.dat
1 7 -80 0 0 -1 0 0 0 1 0 0 0 -1 4730.dat
1 7 -80 0 100 -1 0 0 0 1 0 0 0 -1 4730.dat
1 7 80 0 100 1 0 0 0 1 0 0 0 1 4730.dat
1 7 80 0 0 1 0 0 0 1 0 0 0 1 4730.dat
1 7 80 0 -100 1 0 0 0 1 0 0 0 1 4730.dat
1 7 0 16 130 0 0 1 0 1 0 -1 0 0 3021.dat
1 0 0 8 140 -1 0 0 0 1 0 0 0 -1 3731.dat
1 7 0 0 130 0 0 -1 0 1 0 1 0 0 3021.dat
1 0 0 -8 100 1 0 0 0 1 0 0 0 1 3832.dat
1 0 0 -8 0 1 0 0 0 1 0 0 0 1 3832.dat
1 0 0 -8 -90 1 0 0 0 1 0 0 0 1 4477.dat
1 0 -50 -16 100 0 0 1 0 1 0 -1 0 0 3023.dat
1 0 50 -16 100 0 0 1 0 1 0 -1 0 0 3023.dat
1 0 0 -8 140 1 0 0 0 1 0 0 0 1 4859.dat
1 0 0 -16 -40 1 0 0 0 1 0 0 0 1 3958.dat
1 7 -20 -24 -110 1 0 0 0 1 0 0 0 1 6087.dat
1 7 20 -24 -110 1 0 0 0 1 0 0 0 1 6087.dat
1 4 -50 -40 -80 0 0 1 0 1 0 -1 0 0 3010.dat
1 4 50 -40 -80 0 0 1 0 1 0 -1 0 0 3010.dat
1 4 -50 -40 40 0 0 1 0 1 0 -1 0 0 3008.dat
1 4 50 -40 40 0 0 1 0 1 0 -1 0 0 3008.dat
1 0 0 -48 80 0 0 1 0 1 0 -1 0 0 4151.dat
1 0 100 10 100 0 0 -1 0 1 0 1 0 0 2593.dat
1 0 100 10 0 0 0 -1 0 1 0 1 0 0 2593.dat
1 0 100 10 -100 0 0 -1 0 1 0 1 0 0 2593.dat
1 0 -100 10 -100 0 0 1 0 1 0 -1 0 0 2593.dat
1 0 -100 10 0 0 0 1 0 1 0 -1 0 0 2593.dat
1 0 -100 10 100 0 0 1 0 1 0 -1 0 0 2593.dat
1 7 0 -8 -160 -1 0 0 0 1 0 0 0 -1 6058.dat
1 7 20 -18 -130 0 1 0 0 0 1 1 0 0 4070.dat
1 7 -20 -18 -130 0 -1 0 0 0 1 -1 0 0 4070.dat
1 7 -30 -32 -120 0 0 1 0 1 0 -1 0 0 3023.dat
1 7 30 -32 -120 0 0 1 0 1 0 -1 0 0 3023.dat
1 0 0 -8 -320 1 0 0 0 1 0 0 0 1 4859.dat
1 0 -30 -8 -270 0 0 1 0 1 0 -1 0 0 6019.dat
1 0 30 -8 -270 0 0 -1 0 1 0 1 0 0 6019.dat
1 0 -30 -8 -250 0 0 -1 0 1 0 1 0 0 3024.dat
1 0 30 -8 -250 0 0 -1 0 1 0 1 0 0 3024.dat
1 0 -30 -8 -230 0 0 1 0 1 0 -1 0 0 4081.dat
1 0 30 -8 -230 0 0 -1 0 1 0 1 0 0 4081.dat
1 7 0 -8 -270 -1 0 0 0 1 0 0 0 -1 3039.dat
1 7 -50 -64 -10 -1 0 0 0 1 0 0 0 -1 3005.dat
1 7 50 -64 -10 -1 0 0 0 1 0 0 0 -1 3005.dat
1 0 -90 -56 130 0 0 1 0 1 0 -1 0 0 2450.dat
1 0 90 -56 130 1 0 0 0 1 0 0 0 1 2450.dat
1 7 -70 -72 80 0 0 1 0 1 0 -1 0 0 3937.dat
1 7 70 -72 80 0 0 -1 0 1 0 1 0 0 3937.dat
1 7 0 -40 -110 -1 0 0 0 1 0 0 0 -1 3710.dat
1 7 -50 -88 -10 0 0 -1 0 1 0 1 0 0 4070.dat
1 7 50 -88 -10 0 0 1 0 1 0 -1 0 0 4070.dat
1 0 -88 -78.8452 -8.1874 0 0 -1 0.9063 0.4226 0 0.4226 -0.9063 0 3900.dat
1 4 -88 -82.226 -0.937 0 0 -1 0.9063 0.4226 0 0.4226 -0.9063 0 2569.dat
1 0 88 -78.8452 -8.1874 0 0 1 -0.9063 0.4226 0 -0.4226 -0.9063 0 3900.dat
1 4 88 -82.226 -0.937 0 0 1 -0.9063 0.4226 0 -0.4226 -0.9063 0 2569.dat
1 34 0 -120 10 -1 0 0 0 1 0 0 0 -1 4215.dat
1 7 -60 -88 -60 0 0 -1 0 1 0 1 0 0 6061.dat
1 7 60 -88 -60 0 0 -1 0 1 0 1 0 0 6061.dat
1 0 0 -64 -110 1 0 0 0 1 0 0 0 1 3008.dat
1 7 -30 -56 -130 1 0 0 0 1 0 0 0 1 3005.dat
1 7 30 -56 -130 1 0 0 0 1 0 0 0 1 3005.dat
1 4 50 -6 -242 1 0 0 0 0 -1 0 1 0 3957.dat
1 4 -50 -6 -242 1 0 0 0 0 -1 0 1 0 3957.dat
1 0 -70 -72 80 0 0 -1 0 1 0 1 0 0 3938.dat
1 0 -70 -88 80 -1 0 0 0 1 0 0 0 -1 4595.dat
1 0 -70 -96 80 0 0 -1 0 1 0 1 0 0 3069.dat
1 0 70 -72 80 0 0 -1 0 1 0 1 0 0 3938.dat
1 0 70 -88 80 -1 0 0 0 1 0 0 0 -1 4595.dat
1 0 70 -96 80 0 0 1 0 1 0 -1 0 0 3069.dat
1 7 0 -112 -10 1 0 0 0 1 0 0 0 1 3455.dat
1 0 80 -68 -60 0 1 0 1 0 0 0 0 -1 4229.dat
1 0 -80 -68 -60 0 -1 0 -1 0 0 0 0 -1 4229.dat
1 0 0 -64 -130 1 0 0 0 1 0 0 0 1 4315.dat
1 34 0 -60 -144 1 0 0 0 1 0 0 0 1 2507.dat
1 34 60 -64 -110 0 0 -1 0 1 0 1 0 0 2463.dat
1 34 -50 -64 -120 1 0 0 0 1 0 0 0 1 2463.dat
1 7 10 -72 -120 0 0 -1 0 1 0 1 0 0 3069.dat
1 0 -50 -96 -90 -1 0 0 0 1 0 0 0 -1 2420.dat
1 0 50 -96 -90 0 0 1 0 1 0 -1 0 0 2420.dat
1 0 -60 -112 -30 1 0 0 0 1 0 0 0 1 3298.dat
1 0 60 -112 -30 1 0 0 0 1 0 0 0 1 3298.dat
1 0 0 -120 -10 1 0 0 0 1 0 0 0 1 4315.dat
1 0 50 -120 -30 1 0 0 0 1 0 0 0 1 2420.dat
1 0 -50 -120 -30 0 0 -1 0 1 0 1 0 0 2420.dat
1 34 0 -116 -24 1 0 0 0 1 0 0 0 1 2507.dat
1 0 0 -128 0 1 0 0 0 1 0 0 0 1 3022.dat
1 7 -30 -128 0 0 0 1 0 1 0 -1 0 0 2412.dat
1 7 30 -128 0 0 0 1 0 1 0 -1 0 0 2412.dat
1 0 0 -100.898 -51.242 0.848048 0 -0.529919 0.154933 0.956305 0.247945 0.506764 -0.292372 0.810992 2446.dat
1 34 -2.4355 -97.9376 -48.0714 0.848048 0.374709 -0.374709 0.154933 0.500886 0.851534 0.506764 -0.780196 0.36672 2447.dat
1 14 0 -100.898 -51.242 0.848048 0 -0.529919 0.154933 0.956305 0.247945 0.506764 -0.292372 0.810992 3626.dat
1 0 0 -75.078 -59.137 1 0 0 0 0.956305 0.292372 0 -0.292372 0.956305 3838.dat
1 15 0 -75.078 -59.137 1 0 0 0 0.956305 0.292372 0 -0.292372 0.956305 973.dat
1 15 -18.658 -88.045 -89.354 0.985 -0.167343 0.029532 0.162572 0.978028 0.124164 -0.049703 -0.117356 0.991387 4349.dat
1 0 0 -38.921 -179.671 0.857167 0 -0.515038 0.089435 0.984808 0.148845 0.507213 -0.173648 0.844145 2446.dat
1 34 -2.3671 -36.3618 -176.1219 0.857167 0.364187 -0.364187 0.089435 0.591115 0.801614 0.507213 -0.719689 0.474113 2447.dat
1 14 0 -38.921 -179.671 0.857167 0 -0.515038 0.089435 0.984808 0.148845 0.507213 -0.173648 0.844145 3626.dat
1 0 0 -12.331 -184.361 1 0 0 0 0.984808 0.173648 0 -0.173648 0.984808 3838.dat
1 15 0 -12.331 -184.361 1 0 0 0 0.984808 0.173648 0 -0.173648 0.984808 973.dat
1 0 0 -64 80 1 0 0 0 1 0 0 0 1 3958.dat
1 0 40 -56 120 1 0 0 0 1 0 0 0 1 4032.dat
1 0 -40 -56 120 1 0 0 0 1 0 0 0 1 4032.dat
1 0 40 -56 40 1 0 0 0 1 0 0 0 1 4032.dat
1 0 -40 -56 40 1 0 0 0 1 0 0 0 1 4032.dat
1 4 -50 -88 30 1 0 0 0 1 0 0 0 1 2357.dat
1 4 -50 -88 110 1 0 0 0 1 0 0 0 1 2357.dat
1 4 50 -88 30 0 0 -1 0 1 0 1 0 0 2357.dat
1 4 50 -88 110 0 0 -1 0 1 0 1 0 0 2357.dat
1 7 -50 -112 80 0 0 -1 0 1 0 1 0 0 3659.dat
1 7 50 -112 80 0 0 -1 0 1 0 1 0 0 3659.dat
1 0 0 -112 30 -1 0 0 0 1 0 0 0 -1 4864.dat
1 7 -50 -112 130 -1 0 0 0 1 0 0 0 -1 3005.dat
1 7 50 -112 130 -1 0 0 0 1 0 0 0 -1 3005.dat
1 7 -40 -112 30 -1 0 0 0 1 0 0 0 -1 3004.dat
1 7 40 -112 30 -1 0 0 0 1 0 0 0 -1 3004.dat
1 7 -50 -136 70 1 0 0 0 1 0 0 0 1 4286.dat
1 7 -50 -136 90 -1 0 0 0 1 0 0 0 -1 4286.dat
1 7 50 -136 70 1 0 0 0 1 0 0 0 1 4286.dat
1 7 50 -136 90 -1 0 0 0 1 0 0 0 -1 4286.dat
1 0 -50 -144 80 0 0 1 0 1 0 -1 0 0 2412.dat
1 0 50 -144 80 0 0 1 0 1 0 -1 0 0 2412.dat
1 0 0 -120 30 1 0 0 0 1 0 0 0 1 4625.dat
1 34 0 -124 36 -1 0 0 0 0.7826 0.6225 0 0.6225 -0.7826 2483.dat
1 7 51.119 0 342.129 -0.3007 0 0.9537 0 1 0 -0.9537 0 -0.3007 3006.dat
1 0 81.189 24 437.499 0.9537 0 0.3007 0 1 0 -0.3007 0 0.9537 3832.dat
1 0 51.119 24 342.129 0.9537 0 0.3007 0 1 0 -0.3007 0 0.9537 3832.dat
1 0 21.049 24 246.759 0.9537 0 0.3007 0 1 0 -0.3007 0 0.9537 3832.dat
1 7 84.196 0 447.036 0.9537 0 0.3007 0 1 0 -0.3007 0 0.9537 3004.dat
1 7 4.893 0 461.555 -0.9537 0 -0.3007 0 1 0 0.3007 0 -0.9537 4730.dat
1 7 -25.177 0 366.185 -0.9537 0 -0.3007 0 1 0 0.3007 0 -0.9537 4730.dat
1 7 -55.247 0 270.815 -0.9537 0 -0.3007 0 1 0 0.3007 0 -0.9537 4730.dat
1 7 97.345 0 222.703 0.9537 0 0.3007 0 1 0 -0.3007 0 0.9537 4730.dat
1 7 127.415 0 318.073 0.9537 0 0.3007 0 1 0 -0.3007 0 0.9537 4730.dat
1 7 157.485 0 413.443 0.9537 0 0.3007 0 1 0 -0.3007 0 0.9537 4730.dat
1 7 12.028 16 218.148 -0.3007 0 0.9537 0 1 0 -0.9537 0 -0.3007 3021.dat
1 0 9.021 8 208.611 0.9537 0 0.3007 0 1 0 -0.3007 0 0.9537 3730.dat
1 7 12.028 0 218.148 -0.3007 0 0.9537 0 1 0 -0.9537 0 -0.3007 3021.dat
1 0 81.189 -8 437.499 -0.9537 0 -0.3007 0 1 0 0.3007 0 -0.9537 3832.dat
1 0 51.119 -8 342.129 -0.9537 0 -0.3007 0 1 0 0.3007 0 -0.9537 3832.dat
1 0 21.049 -8 246.759 -0.9537 0 -0.3007 0 1 0 0.3007 0 -0.9537 3832.dat
1 0 12.028 -8 218.148 0.9537 0 0.3007 0 1 0 -0.3007 0 0.9537 3839.dat
1 4 21.476 -32 414.386 -0.3007 0 0.9537 0 1 0 -0.9537 0 -0.3007 3009.dat
1 4 -14.608 -32 299.942 -0.3007 0 0.9537 0 1 0 -0.9537 0 -0.3007 3009.dat
1 4 116.846 -32 384.316 -0.3007 0 0.9537 0 1 0 -0.9537 0 -0.3007 3009.dat
1 4 80.762 -32 269.872 -0.3007 0 0.9537 0 1 0 -0.9537 0 -0.3007 3009.dat
1 0 15.035 -16 227.685 0.9537 0 0.3007 0 1 0 -0.3007 0 0.9537 3068.dat
1 0 -26.636 -40 261.794 -0.3007 0 0.9537 0 1 0 -0.9537 0 -0.3007 3023.dat
1 0 68.734 -40 231.724 -0.3007 0 0.9537 0 1 0 -0.9537 0 -0.3007 3023.dat
1 0 33.504 -40 452.534 -0.3007 0 0.9537 0 1 0 -0.9537 0 -0.3007 3023.dat
1 0 128.874 -40 422.464 -0.3007 0 0.9537 0 1 0 -0.9537 0 -0.3007 3023.dat
1 0 21.476 -40 414.386 -0.3007 0 0.9537 0 1 0 -0.9537 0 -0.3007 2412.dat
1 0 116.846 -40 384.316 -0.3007 0 0.9537 0 1 0 -0.9537 0 -0.3007 2412.dat
1 0 -14.608 -40 299.942 -0.3007 0 0.9537 0 1 0 -0.9537 0 -0.3007 2412.dat
1 0 80.762 -40 269.872 -0.3007 0 0.9537 0 1 0 -0.9537 0 -0.3007 2412.dat
1 0 51.119 -40 342.129 -0.9537 0 -0.3007 0 1 0 0.3007 0 -0.9537 3032.dat
1 7 51.119 -88 342.129 -0.9537 0 -0.3007 0 1 0 0.3007 0 -0.9537 6061.dat
1 0 116.419 10 216.689 0.3007 0 -0.9537 0 1 0 0.9537 0 0.3007 2593.dat
1 0 146.489 10 312.059 0.3007 0 -0.9537 0 1 0 0.9537 0 0.3007 2593.dat
1 0 176.559 10 407.429 0.3007 0 -0.9537 0 1 0 0.9537 0 0.3007 2593.dat
1 0 -14.181 10 467.569 -0.3007 0 0.9537 0 1 0 -0.9537 0 -0.3007 2593.dat
1 0 -44.251 10 372.199 -0.3007 0 0.9537 0 1 0 -0.9537 0 -0.3007 2593.dat
1 0 -74.321 10 276.829 -0.3007 0 0.9537 0 1 0 -0.9537 0 -0.3007 2593.dat
1 0 -55.247 -64 270.815 0.9537 0 0.3007 0 1 0 -0.3007 0 0.9537 3934.dat
1 0 97.345 -64 222.703 0.9537 0 0.3007 0 1 0 -0.3007 0 0.9537 3933.dat
1 0 -31.191 -88 347.111 -0.3007 0 0.9537 0 1 0 -0.9537 0 -0.3007 3830.dat
1 0 121.401 -88 298.999 0.3007 0 -0.9537 0 1 0 0.9537 0 0.3007 3831.dat
1 0 89.783 -88 298.483 -0.9537 0 -0.3007 0 1 0 0.3007 0 -0.9537 3665.dat
1 0 -5.587 -88 328.553 -0.9537 0 -0.3007 0 1 0 0.3007 0 -0.9537 3665.dat
1 4 36.084 -88 294.444 -0.9537 0 -0.3007 0 1 0 0.3007 0 -0.9537 3009.dat
1 7 39.091 -96 303.981 -0.9537 0 -0.3007 0 1 0 0.3007 0 -0.9537 3034.dat
1 0 36.084 -64 294.444 -0.9537 0 -0.3007 0 1 0 0.3007 0 -0.9537 3710.dat
1 0 39.091 -56 303.981 -0.9537 0 -0.3007 0 1 0 0.3007 0 -0.9537 3034.dat
1 0 62.72 -56 212.65 0.3007 0 -0.9537 0 1 0 0.9537 0 0.3007 3475.dat
1 0 -32.65 -56 242.72 -0.3007 0 0.9537 0 1 0 -0.9537 0 -0.3007 3475.dat
1 7 81.794 -56 206.636 -0.3007 0 0.9537 0 1 0 -0.9537 0 -0.3007 3023.dat
1 7 -51.724 -56 248.734 -0.3007 0 0.9537 0 1 0 -0.9537 0 -0.3007 3023.dat
1 0 96.313 -48 285.939 -0.3007 0 0.9537 0 1 0 -0.9537 0 -0.3007 4032.dat
1 0 -18.131 -48 322.023 -0.3007 0 0.9537 0 1 0 -0.9537 0 -0.3007 4032.dat
1 0 72.257 -48 209.643 -0.3007 0 0.9537 0 1 0 -0.9537 0 -0.3007 4032.dat
1 0 -42.187 -48 245.727 -0.3007 0 0.9537 0 1 0 -0.9537 0 -0.3007 4032.dat
1 7 -58.77 -72 292.896 -0.3007 0 0.9537 0 1 0 -0.9537 0 -0.3007 3069.dat
1 7 112.896 -72 238.77 -0.3007 0 0.9537 0 1 0 -0.9537 0 -0.3007 3069.dat
1 0 -27.668 -112 325.03 0.3007 0 -0.9537 0 1 0 0.9537 0 0.3007 4531.dat
1 0 -8.594 -112 319.016 0.3007 0 -0.9537 0 1 0 0.9537 0 0.3007 4531.dat
1 0 86.776 -112 288.946 0.3007 0 -0.9537 0 1 0 0.9537 0 0.3007 4531.dat
1 0 105.85 -112 282.932 0.3007 0 -0.9537 0 1 0 0.9537 0 0.3007 4531.dat
1 34 98.6249 -141.438 293.2714 0.9537 -0.265488 0.141179 0 0.4695 0.8829 -0.3007 -0.842022 0.447762 2466.dat
1 0 111.6976 -136.365 301.4782 0.141179 -0.265488 -0.9537 0.8829 0.4695 0 0.447762 -0.842022 0.3007 4275.dat
1 0 92.6236 -136.365 307.4922 0.141179 -0.265488 -0.9537 0.8829 0.4695 0 0.447762 -0.842022 0.3007 4275.dat
1 0 101.4485 -123.78 302.2267 0.9537 -0.265488 0.141179 0 0.4695 0.8829 -0.3007 -0.842022 0.447762 3839.dat
1 0 97.9128 -128.853 291.0129 0.9537 -0.265488 0.141179 0 0.4695 0.8829 -0.3007 -0.842022 0.447762 3022.dat
1 34 -15.8191 -141.438 329.3554 0.9537 -0.265488 0.141179 0 0.4695 0.8829 -0.3007 -0.842022 0.447762 2466.dat
1 0 -2.7464 -136.365 337.5622 0.141179 -0.265488 -0.9537 0.8829 0.4695 0 0.447762 -0.842022 0.3007 4275.dat
1 0 -21.8204 -136.365 343.5762 0.141179 -0.265488 -0.9537 0.8829 0.4695 0 0.447762 -0.842022 0.3007 4275.dat
1 0 -12.9955 -123.78 338.3107 0.9537 -0.265488 0.141179 0 0.4695 0.8829 -0.3007 -0.842022 0.447762 3839.dat
1 0 -16.5312 -128.853 327.0969 0.9537 -0.265488 0.141179 0 0.4695 0.8829 -0.3007 -0.842022 0.447762 3022.dat
1 0 121.401 -88 298.999 0.9537 0 0.3007 0 1 0 -0.3007 0 0.9537 3830.dat
1 0 203.711 -88 294.017 -0.9537 0 -0.3007 0 1 0 0.3007 0 -0.9537 3830.dat
1 0 162.556 -64 296.508 -0.9537 0 -0.3007 0 1 0 0.3007 0 -0.9537 3710.dat
1 0 162.556 -96 296.508 -0.9537 0 -0.3007 0 1 0 0.3007 0 -0.9537 2431.dat
1 0 203.711 -88 294.017 0.9537 0 0.3007 0 1 0 -0.3007 0 0.9537 3831.dat
1 0 133.429 -88 337.147 -0.9537 0 -0.3007 0 1 0 0.3007 0 -0.9537 3831.dat
1 0 168.57 -96 315.582 -0.9537 0 -0.3007 0 1 0 0.3007 0 -0.9537 3710.dat
1 0 168.57 -64 315.582 -0.9537 0 -0.3007 0 1 0 0.3007 0 -0.9537 3710.dat
1 0 187.644 -104 309.568 0.9537 0 0.3007 0 1 0 -0.3007 0 0.9537 3069.dat
1 0 133.429 -88 337.147 0.3007 0 -0.9537 0 1 0 0.9537 0 0.3007 3830.dat
1 0 69.161 -64 399.351 0.9537 0 0.3007 0 1 0 -0.3007 0 0.9537 3035.dat
1 0 -19.163 -88 385.259 -0.3007 0 0.9537 0 1 0 -0.9537 0 -0.3007 3831.dat
1 0 8.416 -88 439.474 -0.3007 0 0.9537 0 1 0 -0.9537 0 -0.3007 3004.dat
1 0 141.934 -88 397.376 -0.3007 0 0.9537 0 1 0 -0.9537 0 -0.3007 3004.dat
1 0 12.455 -88 385.775 0.9537 0 0.3007 0 1 0 -0.3007 0 0.9537 3665.dat
1 0 107.825 -88 355.705 0.9537 0 0.3007 0 1 0 -0.3007 0 0.9537 3665.dat
1 0 2.918 -96 388.782 0.9537 0 0.3007 0 1 0 -0.3007 0 0.9537 3023.dat
1 0 117.362 -96 352.698 0.9537 0 0.3007 0 1 0 -0.3007 0 0.9537 3023.dat
1 0 158.001 -96 381.825 0.9537 0 0.3007 0 1 0 -0.3007 0 0.9537 2450.dat
1 0 -13.665 -96 435.951 -0.3007 0 0.9537 0 1 0 -0.9537 0 -0.3007 2450.dat
1 7 116.846 -56 384.316 -0.3007 0 0.9537 0 1 0 -0.9537 0 -0.3007 3023.dat
1 7 21.476 -56 414.386 -0.3007 0 0.9537 0 1 0 -0.9537 0 -0.3007 3023.dat
1 0 135.92 -56 378.302 -0.3007 0 0.9537 0 1 0 -0.9537 0 -0.3007 3475.dat
1 0 2.402 -56 420.4 0.3007 0 -0.9537 0 1 0 0.9537 0 0.3007 3475.dat
1 0 126.383 -48 381.309 0.3007 0 -0.9537 0 1 0 0.9537 0 0.3007 4032.dat
1 0 11.939 -48 417.393 0.3007 0 -0.9537 0 1 0 0.9537 0 0.3007 4032.dat
1 7 69.161 -112 399.351 0.3007 0 -0.9537 0 1 0 0.9537 0 0.3007 2434.dat
1 0 81.189 -92 437.499 -0.9537 0.3007 0 0 0 1 0.3007 0.9537 0 3956.dat
1 4 53.61 -120 383.284 0.3007 0 -0.9537 0 1 0 0.9537 0 0.3007 2412.dat
1 4 72.684 -120 377.27 0.3007 0 -0.9537 0 1 0 0.9537 0 0.3007 2412.dat
1 0 83.5946 -92 445.1286 0 0.3007 -0.9537 -1 0 0 0 0.9537 0.3007 4591.dat
1 0 14.946 -120 426.93 0.9537 0 0.3007 0 1 0 -0.3007 0 0.9537 3298.dat
1 0 129.39 -120 390.846 0.9537 0 0.3007 0 1 0 -0.3007 0 0.9537 3298.dat
1 7 72.168 -128 408.888 0.9537 0 0.3007 0 1 0 -0.3007 0 0.9537 3460.dat
1 0 -31.191 -88 347.111 0.9537 0 0.3007 0 1 0 -0.3007 0 0.9537 3831.dat
1 0 -101.473 -88 390.241 -0.9537 0 -0.3007 0 1 0 0.3007 0 -0.9537 3831.dat
1 0 -66.332 -96 368.676 -0.9537 0 -0.3007 0 1 0 0.3007 0 -0.9537 2431.dat
1 0 -66.332 -64 368.676 -0.9537 0 -0.3007 0 1 0 0.3007 0 -0.9537 3710.dat
1 0 -101.473 -88 390.241 0.9537 0 0.3007 0 1 0 -0.3007 0 0.9537 3830.dat
1 0 -19.163 -88 385.259 -0.9537 0 -0.3007 0 1 0 0.3007 0 -0.9537 3830.dat
1 0 -60.318 -96 387.75 -0.9537 0 -0.3007 0 1 0 0.3007 0 -0.9537 3710.dat
1 0 -60.318 -64 387.75 -0.9537 0 -0.3007 0 1 0 0.3007 0 -0.9537 3710.dat
1 0 -79.392 -104 393.764 0.9537 0 0.3007 0 1 0 -0.3007 0 0.9537 3069.dat
