0 
0 Name: New Model.ldr
0 Author: 
1 0 -210 -236 140 1 0 0 0 1 0 0 0 1 6140.dat
1 0 -210 -236 220 1 0 0 0 1 0 0 0 1 6140.dat
1 0 -210 -244 170 0 0 1 0 1 0 -1 0 0 3795.dat
1 0 -240 -244 220 0 0 1 0 1 0 -1 0 0 6141.dat
1 0 -180 -244 220 0 0 1 0 1 0 -1 0 0 6141.dat
1 36 -180 -244 140 0 0 1 0 1 0 -1 0 0 6141.dat
1 34 -240 -244 140 0 0 1 0 1 0 -1 0 0 6141.dat
1 4 -210 -252 190 0 0 1 0 1 0 -1 0 0 3032.dat
1 0 -210 -260 240 -1 0 0 0 1 0 0 0 -1 2540.dat
1 4 -240 -276 180 1 0 0 0 1 0 0 0 1 4286.dat
1 4 -180 -276 180 1 0 0 0 1 0 0 0 1 4286.dat
1 4 -220 -268 240 0 0 1 0 1 0 -1 0 0 4081.dat
1 4 -200 -268 240 0 0 -1 0 1 0 1 0 0 4081.dat
1 4 -240 -276 210 0 0 -1 0 1 0 1 0 0 3938.dat
1 4 -180 -276 210 0 0 -1 0 1 0 1 0 0 3938.dat
1 4 -240 -276 210 0 0 -1 0 1 0 1 0 0 3937.dat
1 4 -180 -276 210 0 0 -1 0 1 0 1 0 0 3937.dat
1 7 -180 -284 210 0 0 -1 0 1 0 1 0 0 4596.dat
1 7 -240 -284 210 0 0 1 0 1 0 -1 0 0 4596.dat
1 15 -200 -252 120 -1 0 0 0 1 0 0 0 -1 4592.dat
1 15 -200 -252 120 -1 0 0 0 0.966 -0.259 0 -0.259 -0.966 4593.dat
1 15 -220 -252 120 -1 0 0 0 1 0 0 0 -1 4592.dat
1 15 -220 -252 120 -1 0 0 0 0.966 -0.259 0 -0.259 -0.966 4593.dat
1 15 -180 -300 180 0 0 -1 0 1 0 1 0 0 3005.dat
1 15 -240 -300 180 0 0 -1 0 1 0 1 0 0 3005.dat
1 4 -210 -292 240 -1 0 0 0 1 0 0 0 -1 3660.dat
1 4 -200 -316 250 0 0 -1 0 1 0 1 0 0 3700.dat
1 4 -220 -316 250 0 0 -1 0 1 0 1 0 0 3700.dat
1 4 -180 -324 180 0 0 -1 0 1 0 1 0 0 3005.dat
1 4 -240 -324 180 0 0 -1 0 1 0 1 0 0 3005.dat
1 14 -320 -282 214 0 0 1 -1 0 0 0 -1 0 4599.dat
1 14 -100 -282 214 0 0 -1 1 0 0 0 -1 0 4599.dat
1 7 -230 -308 250 -1 0 0 0 1 0 0 0 -1 3749.dat
1 7 -190 -308 250 1 0 0 0 1 0 0 0 1 3749.dat
1 4 -210 -324 260 0 0 -1 0 1 0 1 0 0 3021.dat
1 15 -210 -324 180 1 0 0 0 1 0 0 0 1 2362.dat
1 14 -165 -308 250 0 -1 0 1 0 0 0 0 1 3941.dat
1 14 -253 -308 250 0 1 0 1 0 0 0 0 -1 3941.dat
1 4 -210 -332 210 0 0 1 0 1 0 -1 0 0 3020.dat
1 4 -210 -332 260 -1 0 0 0 1 0 0 0 -1 3794.dat
1 4 -210 -332 280 -1 0 0 0 1 0 0 0 -1 3794.dat
1 34 -240 -332 180 -1 0 0 0 1 0 0 0 -1 3024.dat
1 36 -180 -332 180 -1 0 0 0 1 0 0 0 -1 3024.dat
1 4 -210 -340 350 0 0 -1 0 1 0 1 0 0 4477.dat
1 4 -210 -340 180 1 0 0 0 1 0 0 0 1 3710.dat
1 15 -210 -340 220 0 0 1 0 1 0 -1 0 0 3021.dat
1 14 -260 -308 250 0 1 0 1 0 0 0 0 -1 4150.dat
1 14 -157 -308 250 0 -1 0 1 0 0 0 0 1 4150.dat
1 4 -210 -348 180 1 0 0 0 1 0 0 0 1 4315.dat
1 4 -210 -348 200 1 0 0 0 1 0 0 0 1 3023.dat
1 4 -210 -348 230 -1 0 0 0 1 0 0 0 -1 3176.dat
1 4 -200 -348 430 1 0 0 0 1 0 0 0 1 4488.dat
1 4 -210 -348 400 1 0 0 0 1 0 0 0 1 3024.dat
1 41 -210 -344 165 1 0 0 0 1 0 0 0 1 2483.dat
1 4 -210 -356 210 1 0 0 0 1 0 0 0 1 2460.dat
1 15 -210 -372 440 1 0 0 0 1 0 0 0 1 4286.dat
1 0 -210 -381 210 1 0 0 0 1 0 0 0 1 2479.dat
1 0 -173 -343 430 0 -1 0 0 0 1 -1 0 0 2421.dat
1 15 -180 -389 210 1 0 0 0 1 0 0 0 1 3069.dat
1 15 -240 -389 210 1 0 0 0 1 0 0 0 1 3069.dat
1 15 -210 -389 300 0 0 1 0 1 0 -1 0 0 4162.dat
1 15 -210 -389 120 0 0 1 0 1 0 -1 0 0 4162.dat
1 0 -100 -282 232 0 0 -1 1 0 0 0 -1 0 752.dat
1 16 -100 -282 232 0 0 1 1 0 0 0 1 0 755.dat
1 0 -180 -266 262 0 0 -1 1 0 0 0 -1 0 752.dat
1 16 -180 -266 262 0 0 1 1 0 0 0 1 0 755.dat
1 16 -100.0536 -281.9893 237.7558 0.000186 0.030498 -0.999535 0.999981 -0.0061 0 -0.006097 -0.999516 -0.030498 754.dat
1 16 -100.2216 -281.9557 240.2625 0.001362 0.082509 -0.996589 0.999864 -0.016502 0 -0.016446 -0.996454 -0.08252 754.dat
1 16 -100.5183 -281.8963 242.7567 0.003559 0.133375 -0.991059 0.999644 -0.026675 0 -0.026436 -0.990707 -0.133422 754.dat
1 16 -100.942 -281.8116 245.2316 0.006757 0.183743 -0.982951 0.999325 -0.036749 0 -0.036122 -0.982287 -0.183867 754.dat
1 16 -101.4995 -281.7001 247.6788 0.011367 0.238269 -0.971133 0.998864 -0.047654 0 -0.046278 -0.970029 -0.23854 754.dat
1 16 -102.1833 -281.5633 250.0926 0.016461 0.286653 -0.957893 0.998355 -0.057331 0 -0.054917 -0.956318 -0.287125 754.dat
1 16 -102.9912 -281.4018 252.4659 0.022695 0.336479 -0.941418 0.997733 -0.067296 0 -0.063353 -0.939283 -0.337243 754.dat
1 16 -103.9118 -281.2176 254.7965 0.028838 0.379178 -0.924874 0.99712 -0.075836 0 -0.070138 -0.922211 -0.380273 754.dat
1 16 -104.9437 -281.0113 257.0782 0.036095 0.424056 -0.904917 0.996397 -0.084811 0 -0.076747 -0.901656 -0.425589 754.dat
1 16 -106.081 -280.7838 259.3071 0.0434 0.464823 -0.884339 0.995669 -0.092965 0 -0.082212 -0.880509 -0.466845 754.dat
1 16 -107.3215 -280.5357 261.478 0.051463 0.505959 -0.861021 0.994867 -0.101192 0 -0.087128 -0.856601 -0.508569 754.dat
1 16 -108.6514 -280.2697 263.5934 0.058479 0.539158 -0.840172 0.994169 -0.107832 0 -0.090597 -0.835273 -0.54232 754.dat
1 16 -110.0696 -279.9861 265.6483 0.066587 0.575087 -0.815378 0.993363 -0.115017 0 -0.093783 -0.809967 -0.578929 754.dat
1 16 -111.5723 -279.6855 267.6398 0.074416 0.607719 -0.790658 0.992586 -0.121544 0 -0.0961 -0.784796 -0.612258 754.dat
1 16 -113.1561 -279.3688 269.5648 0.082551 0.639814 -0.764083 0.991779 -0.127963 0 -0.097774 -0.757802 -0.645118 754.dat
1 16 -114.8101 -279.038 271.4276 0.089506 0.665991 -0.740571 0.991089 -0.133198 0 -0.098643 -0.733972 -0.671979 754.dat
1 16 -116.5329 -278.6934 273.2243 0.097219 0.693824 -0.713552 0.990325 -0.138765 0 -0.099016 -0.706649 -0.700602 754.dat
1 16 -118.3241 -278.3352 274.95 0.105004 0.720787 -0.685157 0.989555 -0.144157 0 -0.09877 -0.678001 -0.728395 754.dat
1 16 -120.1765 -277.9647 276.6074 0.111948 0.743982 -0.658756 0.988868 -0.148796 0 -0.09802 -0.651422 -0.752357 754.dat
1 16 -122.0846 -277.5831 278.1976 0.11867 0.765735 -0.632114 0.988203 -0.153147 0 -0.096806 -0.624657 -0.774875 754.dat
1 16 -124.0495 -277.1901 279.714 0.126002 0.788747 -0.601666 0.987479 -0.157749 0 -0.094912 -0.594133 -0.798748 754.dat
1 16 -126.0667 -276.7867 281.1575 0.132487 0.808527 -0.573351 0.986839 -0.161705 0 -0.092714 -0.565805 -0.81931 754.dat
1 16 -128.1333 -276.3734 282.5264 0.139079 0.828125 -0.543016 0.986189 -0.165625 0 -0.089937 -0.535516 -0.839722 754.dat
1 16 -130.2484 -275.9503 283.8157 0.145711 0.84736 -0.510637 0.985535 -0.169472 0 -0.086539 -0.50325 -0.859797 754.dat
1 16 -132.4066 -275.5187 285.0287 0.151417 0.863545 -0.481001 0.984973 -0.172709 0 -0.083073 -0.473773 -0.87672 754.dat
1 16 -134.4493 -275.1101 286.0458 0.160701 0.88921 -0.428347 0.984059 -0.177842 0 -0.076178 -0.421518 -0.903615 756.dat
1 16 -138.308 -274.3384 287.8238 0.169515 -0.912867 0.3714 0.983192 0.182573 0 -0.067808 0.365158 0.928473 754.dat
1 16 -140.6131 -273.8774 288.7122 0.174861 -0.926903 0.332077 0.982667 0.185381 0 -0.061561 0.326321 0.943252 754.dat
1 16 -142.7174 -273.4565 289.4308 0.1797 -0.939414 0.291905 0.982191 0.187883 0 -0.054844 0.286706 0.956447 754.dat
1 16 -144.8513 -273.0297 290.0514 0.183693 -0.949604 0.253987 0.981799 0.189921 0 -0.048237 0.249365 0.967208 754.dat
1 16 -147.246 -272.5508 290.6424 0.187952 -0.960346 0.205937 0.981381 0.192069 0 -0.039554 0.202103 0.978565 754.dat
1 16 -149.6663 -272.0667 291.1114 0.191574 -0.969378 0.15364 0.981026 0.193876 0 -0.029787 0.150725 0.988127 754.dat
1 16 -152.1075 -271.5785 291.4471 0.194356 -0.976255 0.095663 0.980753 0.195251 0 -0.018678 0.093822 0.995414 754.dat
1 16 -154.5638 -271.0872 291.6362 0.195911 -0.980077 0.032671 0.980601 0.196015 0 -0.006404 0.032038 0.999466 754.dat
1 16 -157.0264 -270.5947 291.6607 0.195765 -0.97972 -0.042722 0.980615 0.195944 0 0.008371 -0.041894 0.999087 754.dat
1 16 -159.4842 -270.1031 291.5019 0.193572 -0.974324 -0.11499 0.98083 0.194865 0 0.022407 -0.112785 0.993367 754.dat
1 16 -161.922 -269.6156 291.1523 0.188095 -0.960704 -0.204127 0.981367 0.192141 0 0.039221 -0.200324 0.978944 754.dat
1 16 -164.3177 -269.1364 290.5773 0.178729 -0.936919 -0.300396 0.982287 0.187384 0 0.056289 -0.295075 0.953814 754.dat
1 16 -166.6449 -268.671 289.7624 0.165388 -0.901873 -0.39909 0.983598 0.180375 0 0.071986 -0.392544 0.916912 754.dat
1 16 -168.8715 -268.2257 288.6967 0.146785 -0.85043 -0.505195 0.985429 0.170086 0 0.085927 -0.497834 0.863005 754.dat
1 16 -170.9577 -267.8084 287.3693 0.124681 -0.784652 -0.607269 0.98761 0.15693 0 0.095299 -0.599745 0.794496 754.dat
1 16 -172.8656 -267.4269 285.7883 0.099425 -0.701574 -0.705626 0.990107 0.140315 0 0.09901 -0.698646 0.708584 754.dat
1 16 -174.5575 -267.0885 283.9692 0.074688 -0.608821 -0.789784 0.992559 0.121764 0 0.096167 -0.783907 0.613385 754.dat
1 16 -176.0104 -266.7979 281.9463 0.051864 -0.507916 -0.859844 0.994827 0.101583 0 0.087346 -0.855396 0.510557 754.dat
1 16 -177.2163 -266.5568 279.7599 0.034658 -0.415562 -0.908904 0.99654 0.083112 0 0.075541 -0.905759 0.417005 754.dat
1 16 -178.1874 -266.3625 277.4548 0.020457 -0.319493 -0.947368 0.997956 0.063899 0 0.060535 -0.945432 0.320147 754.dat
1 16 -178.9221 -266.2156 275.0591 0.010546 -0.229506 -0.97325 0.998946 0.045901 0 0.044673 -0.972224 0.229748 754.dat
1 16 -179.4432 -266.1114 272.6048 0.004867 -0.155956 -0.987752 0.999513 0.031191 0 0.030809 -0.987271 0.156032 754.dat
1 16 -179.7801 -266.044 270.1171 0.00139 -0.083357 -0.996519 0.999861 0.016671 0 0.016613 -0.99638 0.083369 754.dat
1 16 -179.9478 -266.0104 267.6832 0.000192 -0.03102 -0.999519 0.999981 0.006204 0 0.006201 -0.9995 0.031021 754.dat
1 0 -320.176 -282.584 232 0.391 0 0.921 -0.921 0 0.391 0 -1 0 752.dat
1 16 -320.176 -282.584 232 0.391 0 -0.921 -0.921 0 -0.391 0 1 0 755.dat
1 0 -240.24 -266.04 262 0.391 0 0.921 -0.921 0 0.391 0 -1 0 752.dat
1 16 -240.24 -266.04 262 0.391 0 -0.921 -0.921 0 -0.391 0 1 0 755.dat
1 16 -320.1225 -282.5729 237.7558 0.390821 -0.030474 0.920572 -0.921055 -0.006307 0.390818 -0.006097 -0.999516 -0.030498 754.dat
1 16 -319.9546 -282.5382 240.2625 0.389692 -0.082443 0.917858 -0.921407 -0.017063 0.389666 -0.016446 -0.996454 -0.08252 754.dat
1 16 -319.6581 -282.4768 242.7567 0.387583 -0.133268 0.912765 -0.922064 -0.027582 0.387504 -0.026436 -0.990707 -0.133422 754.dat
1 16 -319.2348 -282.3892 245.2316 0.384513 -0.183596 0.905298 -0.92302 -0.037998 0.384334 -0.036122 -0.982287 -0.183867 754.dat
1 16 -318.6777 -282.2739 247.6788 0.380087 -0.238078 0.894413 -0.924398 -0.049274 0.379713 -0.046278 -0.970029 -0.23854 754.dat
1 16 -317.9944 -282.1325 250.0926 0.375196 -0.286424 0.882219 -0.925921 -0.059279 0.374536 -0.054917 -0.956318 -0.287125 754.dat
1 16 -317.1872 -281.9654 252.4659 0.369212 -0.33621 0.867046 -0.927786 -0.069584 0.368094 -0.063353 -0.939283 -0.337243 754.dat
1 16 -316.2673 -281.775 254.7965 0.363314 -0.378875 0.851809 -0.929623 -0.078414 0.361626 -0.070138 -0.922211 -0.380273 754.dat
1 16 -315.2363 -281.5616 257.0782 0.356348 -0.423717 0.833429 -0.931795 -0.087695 0.353823 -0.076747 -0.901656 -0.425589 754.dat
1 16 -314.0999 -281.3264 259.3071 0.349335 -0.464451 0.814476 -0.933981 -0.096125 0.345777 -0.082212 -0.880509 -0.466845 754.dat
1 16 -312.8604 -281.0699 261.478 0.341596 -0.505554 0.793 -0.936395 -0.104632 0.336659 -0.087128 -0.856601 -0.508569 754.dat
1 16 -311.5315 -280.7949 263.5934 0.334861 -0.538727 0.773798 -0.938495 -0.111498 0.328507 -0.090597 -0.835273 -0.54232 754.dat
1 16 -310.1144 -280.5016 265.6483 0.327078 -0.574627 0.750963 -0.940923 -0.118928 0.318813 -0.093783 -0.809967 -0.578929 754.dat
1 16 -308.6129 -280.1909 267.6398 0.319564 -0.607233 0.728196 -0.943268 -0.125676 0.309147 -0.0961 -0.784796 -0.612258 754.dat
1 16 -307.0304 -279.8633 269.5648 0.311756 -0.639302 0.70372 -0.945706 -0.132313 0.298756 -0.097774 -0.757802 -0.645118 754.dat
1 16 -305.3777 -279.5213 271.4276 0.305081 -0.665458 0.682066 -0.94779 -0.137727 0.289563 -0.098643 -0.733972 -0.671979 754.dat
1 16 -303.6563 -279.165 273.2243 0.297678 -0.693269 0.657181 -0.950102 -0.143483 0.278999 -0.099016 -0.706649 -0.700602 754.dat
1 16 -301.8665 -278.7946 274.95 0.290207 -0.72021 0.63103 -0.952437 -0.149059 0.267896 -0.09877 -0.678001 -0.728395 754.dat
1 16 -300.0157 -278.4115 276.6074 0.283543 -0.743387 0.606714 -0.954519 -0.153856 0.257574 -0.09802 -0.651422 -0.752357 754.dat
1 16 -298.1091 -278.0169 278.1976 0.277092 -0.765122 0.582177 -0.956535 -0.158354 0.247157 -0.096806 -0.624657 -0.774875 754.dat
1 16 -296.1457 -277.6106 279.714 0.270056 -0.788116 0.554134 -0.958735 -0.163113 0.235251 -0.094912 -0.594133 -0.798748 754.dat
1 16 -294.1302 -277.1934 281.1575 0.263834 -0.80788 0.528056 -0.960681 -0.167204 0.22418 -0.092714 -0.565805 -0.81931 754.dat
1 16 -292.0652 -276.7661 282.5264 0.257508 -0.827462 0.500118 -0.96266 -0.171256 0.212319 -0.089937 -0.535516 -0.839722 754.dat
1 16 -289.9518 -276.3286 283.8157 0.251144 -0.846682 0.470297 -0.964651 -0.175234 0.199659 -0.086539 -0.50325 -0.859797 754.dat
1 16 -287.7953 -275.8823 285.0287 0.245669 -0.862854 0.443002 -0.966364 -0.178581 0.188071 -0.083073 -0.473773 -0.87672 754.dat
1 16 -285.7542 -275.4599 286.0458 0.236761 -0.888499 0.394508 -0.969152 -0.183889 0.167484 -0.076178 -0.421518 -0.903615 756.dat
1 16 -281.8987 -274.6619 287.8238 0.228305 0.912137 -0.342059 -0.9718 0.188781 -0.145217 -0.067808 0.365158 0.928473 754.dat
1 16 -279.5954 -274.1852 288.7122 0.223176 0.926162 -0.305843 -0.973407 0.191683 -0.129842 -0.061561 0.326321 0.943252 754.dat
1 16 -277.4928 -273.75 289.4308 0.218533 0.938663 -0.268845 -0.974861 0.194271 -0.114135 -0.054844 0.286706 0.956447 754.dat
1 16 -275.3606 -273.3087 290.0514 0.214702 0.948844 -0.233922 -0.976061 0.196378 -0.099309 -0.048237 0.249365 0.967208 754.dat
1 16 -272.9678 -272.8135 290.6424 0.210616 0.959578 -0.189668 -0.977341 0.1986 -0.080521 -0.039554 0.202103 0.978565 754.dat
1 16 -270.5495 -272.313 291.1114 0.207142 0.968603 -0.141502 -0.97843 0.200467 -0.060073 -0.029787 0.150725 0.988127 754.dat
1 16 -268.1101 -271.8082 291.4471 0.204473 0.975474 -0.088106 -0.979267 0.20189 -0.037404 -0.018678 0.093822 0.995414 754.dat
1 16 -265.6559 -271.3002 291.6362 0.202981 0.979293 -0.03009 -0.979735 0.20268 -0.012774 -0.006404 0.032038 0.999466 754.dat
1 16 -263.1952 -270.7909 291.6607 0.203121 0.978936 0.039347 -0.979691 0.202606 0.016704 0.008371 -0.041894 0.999087 754.dat
1 16 -260.7394 -270.2827 291.5019 0.205225 0.973545 0.105906 -0.979031 0.20149 0.044961 0.022407 -0.112785 0.993367 754.dat
1 16 -258.3035 -269.7785 291.1523 0.210479 0.959936 0.188001 -0.977384 0.198673 0.079814 0.039221 -0.200324 0.978944 754.dat
1 16 -255.9097 -269.2831 290.5773 0.219465 0.93617 0.276665 -0.974569 0.193755 0.117455 0.056289 -0.295075 0.953814 754.dat
1 16 -253.5844 -268.8018 289.7624 0.232264 0.901152 0.367562 -0.97056 0.186507 0.156044 0.071986 -0.392544 0.916912 754.dat
1 16 -251.3596 -268.3414 288.6967 0.250114 0.84975 0.465285 -0.964973 0.175869 0.197531 0.085927 -0.497834 0.863005 754.dat
1 16 -249.275 -267.9099 287.3693 0.271324 0.784024 0.559295 -0.958339 0.162266 0.237442 0.095299 -0.599745 0.794496 754.dat
1 16 -247.3687 -267.5154 285.7883 0.295561 0.701013 0.649882 -0.950764 0.145085 0.2759 0.09901 -0.698646 0.708584 754.dat
1 16 -245.6781 -267.1655 283.9692 0.319303 0.608334 0.727391 -0.94335 0.125904 0.308806 0.096167 -0.783907 0.613385 754.dat
1 16 -244.2264 -266.8651 281.9463 0.341211 0.50751 0.791916 -0.936514 0.105037 0.336199 0.087346 -0.855396 0.510557 754.dat
1 16 -243.0215 -266.6157 279.7599 0.357727 0.415229 0.837101 -0.931365 0.085939 0.355381 0.075541 -0.905759 0.417005 754.dat
1 16 -242.0511 -266.4149 277.4548 0.37136 0.319238 0.872526 -0.927116 0.066071 0.370421 0.060535 -0.945432 0.320147 754.dat
1 16 -241.317 -266.2629 275.0591 0.380875 0.229322 0.896363 -0.924153 0.047462 0.380541 0.044673 -0.972224 0.229748 754.dat
1 16 -240.7964 -266.1552 272.6048 0.386327 0.155831 0.90972 -0.922454 0.032252 0.386211 0.030809 -0.987271 0.156032 754.dat
1 16 -240.4597 -266.0855 270.1171 0.389665 0.08329 0.917794 -0.921415 0.017239 0.389639 0.016613 -0.99638 0.083369 754.dat
1 16 -240.2922 -266.0508 267.6832 0.390816 0.030995 0.920557 -0.921058 0.006415 0.390812 0.006201 -0.9995 0.031021 754.dat
