0 
0 Name: New Model.ldr
0 Author: 
1 72 170.978 -15 498.281 -0.766 0 0.643 0 1 0 -0.643 0 -0.766 3020.dat
1 0 170.978 -23 498.281 -0.643 0 -0.766 0 1 0 0.766 0 -0.643 4600.dat
1 0 201.618 -23 524.001 -0.643 0 -0.766 0 1 0 0.766 0 -0.643 4600.dat
1 0 140.338 -23 472.561 -0.643 0 -0.766 0 1 0 0.766 0 -0.643 4600.dat
1 72 170.978 -31 498.281 -0.766 0 0.643 0 1 0 -0.643 0 -0.766 3020.dat
1 72 209.278 -31 530.431 -0.643 0 -0.766 0 1 0 0.766 0 -0.643 3023.dat
1 0 132.678 -31 466.131 0.643 0 0.766 0 1 0 -0.766 0 0.643 92692.dat
1 4 146.768 -39 464.901 -0.643 0 -0.766 0 1 0 0.766 0 -0.643 15672.dat
1 4 133.908 -39 480.221 -0.643 0 -0.766 0 1 0 0.766 0 -0.643 15672.dat
1 72 132.678 -47 466.131 0.643 0 0.766 0 1 0 -0.766 0 0.643 2540.dat
1 4 132.678 -55 466.131 0.643 0 0.766 0 1 0 -0.766 0 0.643 2412.dat
1 4 192.728 -39 503.481 -0.766 0 0.643 0 1 0 -0.643 0 -0.766 92280.dat
1 4 179.868 -39 518.801 -0.766 0 0.643 0 1 0 -0.643 0 -0.766 92280.dat
1 4 201.618 -31 524.001 -0.643 0 -0.766 0 1 0 0.766 0 -0.643 15068.dat
1 72 163.318 -45 491.851 -0.643 -0.766 0 0 0 -1 0.766 -0.643 0 99021.dat
1 72 93.7893 -29 453.8448 0.316868 -0.948361 0 0 0 1 -0.948361 -0.316868 0 30377.dat
1 72 113.8394 -29 429.9594 0.879112 -0.476399 0 0 0 1 -0.476399 -0.879112 0 30377.dat
1 72 112.762 -45 449.413 0 -0.766 -0.643 1 0 0 0 -0.643 0.766 15712.dat
1 47 106.634 -45 444.269 0 -0.766 -0.643 1 0 0 0 -0.643 0.766 3024.dat
1 15 159.628 -18 449.581 0 -0.766 -0.643 1 0 0 0 -0.643 0.766 34337.dat
1 15 190.268 -18 475.301 0 -0.766 -0.643 1 0 0 0 -0.643 0.766 34337.dat
1 15 220.908 -18 501.021 0 -0.766 -0.643 1 0 0 0 -0.643 0.766 34337.dat
1 15 121.048 -18 495.541 0 0.766 0.643 1 0 0 0 0.643 -0.766 34337.dat
1 15 151.688 -18 521.261 0 0.766 0.643 1 0 0 0 0.643 -0.766 34337.dat
1 15 182.328 -18 546.981 0 0.766 0.643 1 0 0 0 0.643 -0.766 34337.dat
1 256 190.268 -18 475.301 0 -0.766 -0.643 1 0 0 0 -0.643 0.766 87414.dat
1 256 159.628 -18 449.581 0 -0.766 -0.643 1 0 0 0 -0.643 0.766 87414.dat
1 256 220.908 -18 501.021 0 -0.766 -0.643 1 0 0 0 -0.643 0.766 87414.dat
1 256 151.688 -18 521.261 0 0.766 0.643 1 0 0 0 0.643 -0.766 87414.dat
1 256 121.048 -18 495.541 0 0.766 0.643 1 0 0 0 0.643 -0.766 87414.dat
1 256 182.328 -18 546.981 0 0.766 0.643 1 0 0 0 0.643 -0.766 87414.dat
1 15 163.318 -65 491.851 0.643 0 0.766 0 1 0 -0.766 0 0.643 41812.dat
1 70 208.512 -65 529.788 -0.766 0.643 0 0 0 -1 -0.643 -0.766 0 24316.dat
1 43 177.872 -69 504.068 -0.766 0 0.643 0 1 0 -0.643 0 -0.766 98138.dat
1 43 162.552 -69 491.208 -0.766 0 0.643 0 1 0 -0.643 0 -0.766 98138.dat
1 43 147.232 -69 478.348 -0.766 0 0.643 0 1 0 -0.643 0 -0.766 98138.dat
