0 Main
0 Name: 6667-1 - Pothole Patcher.mpd
0 Author: LTRON
1 16 -40 -56 10 1 0 0 0 1 0 0 0 1 4212.dat
1 0 -40 -48 70 1 0 0 0 1 0 0 0 1 3022.dat
1 0 -40 -48 -50 1 0 0 0 1 0 0 0 1 3022.dat
1 0 -70 -48 10 0 0 1 0 1 0 -1 0 0 3023.dat
1 0 -10 -48 10 0 0 1 0 1 0 -1 0 0 3023.dat
1 7 -40.002 -40 60.769 1 0 0 0 1 0 0 0 1 3023.dat
1 7 -40.003 -40 80.769 -1 0 0 0 1 0 0 0 -1 2540.dat
1 7 -39.997 -40 -49.231 1 0 0 0 1 0 0 0 1 3730.dat
1 0 -39.997 -32 -49.231 1 0 0 0 1 0 0 0 1 4600.dat
1 0 -40.003 -32 70.769 1 0 0 0 1 0 0 0 1 4600.dat
1 46 -10 -64 100 -1 0 0 0 1 0 0 0 -1 3024.dat
1 46 -70 -64 100 -1 0 0 0 1 0 0 0 -1 3024.dat
1 46 -10 -72 100 -1 0 0 0 1 0 0 0 -1 3024.dat
1 46 -70 -72 100 -1 0 0 0 1 0 0 0 -1 3024.dat
1 16 -20 -64 -80 -1 0 0 0 1 0 0 0 -1 3023.dat
1 16 -60 -64 -80 -1 0 0 0 1 0 0 0 -1 4276.dat
1 16 -40 -72 -50 -1 0 0 0 1 0 0 0 -1 3788.dat
1 16 -40 -72 70 -1 0 0 0 1 0 0 0 -1 3788.dat
1 16 -10 -72 -80 -1 0 0 0 1 0 0 0 -1 3024.dat
1 16 -70 -72 -80 -1 0 0 0 1 0 0 0 -1 3024.dat
1 0 -40 -80 100 -1 0 0 0 1 0 0 0 -1 2877.dat
1 0 -90.001 -96.001 -80 -1 0 0 0 1 0 0 0 -1 2433.dat
1 7 -90 -102 -80 0 0 -1 0 1 0 1 0 0 2555.dat
1 4 -40 -72 70 -1 0 0 0 1 0 0 0 -1 3022.dat
1 4 -40 -72 -50 -1 0 0 0 1 0 0 0 -1 3022.dat
1 16 -40 -72 -80 1 0 0 0 1 0 0 0 1 2436.dat
1 16 -40 -80 -20 1 0 0 0 1 0 0 0 1 3010.dat
1 7 -40 -80 80 1 0 0 0 1 0 0 0 1 3023.dat
1 16 -40 -80 60 1 0 0 0 1 0 0 0 1 3710.dat
1 7 -40 -80 -40 1 0 0 0 1 0 0 0 1 3794.dat
1 7 -40 -80 -60 1 0 0 0 1 0 0 0 1 3794.dat
1 4 -40 -64 40 -1 0 0 0 1 0 0 0 -1 3829.dat
1 0 -40 -88 -60 1 0 0 0 1 0 0 0 1 4085.dat
1 0 -40 -88 -40 1 0 0 0 1 0 0 0 1 3024.dat
1 16 -10 -80 90 0 0 1 0 1 0 -1 0 0 3069.dat
1 16 -70 -80 90 0 0 1 0 1 0 -1 0 0 3069.dat
1 16 -70 -80 40 -1 0 0 0 1 0 0 0 -1 3822.dat
1 16 -10 -80 40 -1 0 0 0 1 0 0 0 -1 3821.dat
1 7 -40 -112 -50 0 0 -1 0 1 0 1 0 0 3700.dat
1 16 -40 -128 -20 -1 0 0 0 1 0 0 0 -1 4214.dat
1 41 -40 -128 40 -1 0 0 0 1 0 0 0 -1 3823.dat
1 16 -40 -136 10 -1 0 0 0 1 0 0 0 -1 2349.dat
1 41 -40 -132 25 -1 0 0 0 1 0 0 0 -1 2348.dat
1 7 -40 -136 -40 0 0 -1 0 1 0 1 0 0 3005.dat
1 4 -10 -80 -80 0 0 -1 0 1 0 1 0 0 3957.dat
1 7 -40 -144 -50 0 0 -1 0 1 0 1 0 0 2412.dat
1 7 -40 -136 -60 1 0 0 0 1 0 0 0 1 4070.dat
1 0 -40 -102 -50 1 0 0 0 1 0 0 0 1 3705.dat
1 7 -55 -102 -50 0 -1 0 1 0 0 0 0 1 3941.dat
1 4 -10 -168 -80 0 0 -1 0 1 0 1 0 0 3062.dat
1 46 -10 -176 -80 0 0 -1 0 1 0 1 0 0 6141.dat
1 16 -5.003 -27 70.771 0 0 -1 0 1 0 1 0 0 6014.dat
1 0 -0.003 -27 70.771 0 0 -1 0 1 0 1 0 0 6015.dat
1 16 -4.997 -27 -49.229 0 0 -1 0 1 0 1 0 0 6014.dat
1 0 0.003 -27 -49.229 0 0 -1 0 1 0 1 0 0 6015.dat
1 16 -74.997 -27 -49.233 0 0 1 0 1 0 -1 0 0 6014.dat
1 0 -79.997 -27 -49.233 0 0 1 0 1 0 -1 0 0 6015.dat
1 16 -75.003 -27 70.767 0 0 1 0 1 0 -1 0 0 6014.dat
1 0 -80.003 -27 70.767 0 0 1 0 1 0 -1 0 0 6015.dat
1 7 -79 -102 -50 0 -1 0 1 0 0 0 0 1 2654.dat
1 7 -2 -102 -50 0 1 0 1 0 0 0 0 -1 2654.dat
1 7 -26 -102 -50 0 1 0 1 0 0 0 0 -1 3941.dat
1 7 -40 -96 -80 0 0 -1 0 1 0 1 0 0 4210.dat
1 0 -69.996 -63 -112.004 1 0 0 0 0 -1 0 1 0 752.dat
1 16 -69.996 -63 -112.004 1 0 0 0 0 1 0 -1 0 755.dat
1 0 -99.996 -107 -82.004 0 -1 0 0 0 -1 1 0 0 752.dat
1 16 -99.996 -107 -82.004 0 1 0 0 0 1 1 0 0 755.dat
1 16 -69.979 -63.0315 -117.7658 0.999954 -0.009623 0 0.000172 0.017895 -0.99984 0.009622 0.999794 0.017895 754.dat
1 16 -69.9206 -63.142 -120.2866 0.999578 -0.028997 -0.001411 0.000184 0.05493 -0.99849 0.029031 0.998069 0.054913 754.dat
1 16 -69.802 -63.371 -122.7966 0.998482 -0.054793 -0.005595 0.000258 0.106226 -0.994342 0.055078 0.992831 0.106078 754.dat
1 16 -69.5974 -63.7777 -125.2766 0.995609 -0.092406 -0.014977 0.002379 0.184908 -0.982753 0.093582 0.978402 0.184316 754.dat
1 16 -69.2721 -64.4493 -127.6808 0.988896 -0.144806 -0.033394 0.011953 0.301491 -0.953394 0.148125 0.942409 0.299875 754.dat
1 16 -68.7612 -65.5622 -129.8599 0.970922 -0.228379 -0.071788 0.054684 0.503519 -0.862252 0.233067 0.833253 0.501367 754.dat
1 16 -68.009 -67.3338 -131.3678 0.93227 -0.332275 -0.143061 0.196676 0.797429 -0.57046 0.303631 0.503686 0.80877 754.dat
1 16 -67.1526 -69.5657 -131.6902 0.914079 -0.348269 -0.207769 0.346565 0.936909 -0.045767 0.2106 -0.030171 0.977107 754.dat
1 16 -66.3883 -71.8139 -130.9997 0.930037 -0.28643 -0.230194 0.350499 0.879621 0.321585 0.110372 -0.379769 0.918474 754.dat
1 16 -65.7735 -73.8967 -129.742 0.94371 -0.225671 -0.241836 0.320638 0.803725 0.501216 0.08126 -0.550544 0.830842 754.dat
1 16 -65.2875 -75.8262 -128.1967 0.950238 -0.178357 -0.255413 0.299586 0.747985 0.592256 0.085412 -0.639302 0.764197 754.dat
1 16 -64.909 -77.6391 -126.4848 0.952769 -0.137731 -0.270667 0.286173 0.705515 0.648346 0.101663 -0.695182 0.711608 754.dat
1 16 -64.6218 -79.365 -124.6669 0.951911 -0.103446 -0.288383 0.280238 0.674414 0.683105 0.123825 -0.731071 0.670971 754.dat
1 16 -64.4181 -81.022 -122.7746 0.94913 -0.070814 -0.30682 0.277482 0.648703 0.708652 0.148853 -0.75774 0.635353 754.dat
1 16 -64.2956 -82.6216 -120.8263 0.944633 -0.038906 -0.325815 0.276923 0.627173 0.727989 0.176019 -0.777907 0.603222 754.dat
1 16 -64.251 -84.1735 -118.8365 0.938324 -0.008507 -0.345651 0.278908 0.609458 0.742139 0.204347 -0.792773 0.574242 754.dat
1 16 -64.281 -85.6857 -116.8158 0.930358 0.020735 -0.366066 0.282896 0.594539 0.752657 0.233247 -0.803799 0.547268 754.dat
1 16 -64.3932 -87.1597 -114.7701 0.921532 0.054699 -0.38443 0.284295 0.57931 0.763922 0.26449 -0.81327 0.518302 754.dat
1 16 -64.5842 -88.601 -112.7069 0.910741 0.084741 -0.40419 0.289356 0.567377 0.770945 0.294659 -0.819086 0.492214 754.dat
1 16 -64.8273 -89.7607 -110.992 0.899806 0.134874 -0.414919 0.280429 0.549752 0.786849 0.334229 -0.824367 0.456848 756.dat
1 16 -65.4176 -91.9939 -107.6238 0.872596 -0.186478 0.451445 0.29608 -0.53315 -0.79252 0.388475 0.825213 -0.410012 754.dat
1 16 -65.9192 -93.3303 -105.5426 0.857121 -0.227049 0.462377 0.294259 -0.520931 -0.801276 0.422795 0.822849 -0.37969 754.dat
1 16 -66.5251 -94.6357 -103.4694 0.840261 -0.27007 0.470132 0.290273 -0.508289 -0.810792 0.457933 0.817743 -0.348701 754.dat
1 16 -67.2435 -95.9079 -101.4119 0.821666 -0.318203 0.472876 0.281934 -0.494139 -0.822399 0.495356 0.809057 -0.316305 754.dat
1 16 -68.0855 -97.1435 -99.3793 0.801017 -0.369215 0.471224 0.270601 -0.478832 -0.835162 0.533992 0.796492 -0.283642 754.dat
1 16 -69.0576 -98.3394 -97.3817 0.778107 -0.422026 0.465235 0.256789 -0.462219 -0.848771 0.573244 0.779902 -0.251284 754.dat
1 16 -70.17 -99.49 -95.4318 0.750346 -0.483994 0.450256 0.234985 -0.44135 -0.866021 0.61787 0.755619 -0.217434 754.dat
1 16 -71.4356 -100.5877 -93.546 0.720073 -0.541936 0.43336 0.214498 -0.420099 -0.881764 0.659914 0.727889 -0.186258 754.dat
1 16 -72.8536 -101.6274 -91.7381 0.681846 -0.608 0.406721 0.186478 -0.393166 -0.900359 0.707327 0.689751 -0.1547 754.dat
1 16 -74.4395 -102.5957 -90.0336 0.635479 -0.675739 0.373555 0.155535 -0.361856 -0.919167 0.75629 0.642213 -0.124851 754.dat
1 16 -76.1922 -103.4835 -88.4534 0.583818 -0.738115 0.338144 0.126593 -0.328639 -0.935933 0.801954 0.589222 -0.098425 754.dat
1 16 -78.1034 -104.2823 -87.0172 0.519442 -0.802082 0.294693 0.094836 -0.288626 -0.952733 0.849227 0.522837 -0.073858 754.dat
1 16 -80.1672 -104.9805 -85.7495 0.453181 -0.854786 0.252918 0.069175 -0.249148 -0.965992 0.88873 0.455265 -0.05378 754.dat
1 16 -82.36 -105.576 -84.6588 0.378208 -0.902168 0.207488 0.045562 -0.205724 -0.977549 0.924599 0.379171 -0.036702 754.dat
1 16 -84.6657 -106.0616 -83.762 0.299908 -0.940086 0.162152 0.026853 -0.16159 -0.986493 0.95359 0.300212 -0.023218 754.dat
1 16 -87.059 -106.4377 -83.062 0.224395 -0.967077 0.120035 0.014013 -0.119961 -0.99268 0.974398 0.224434 -0.013367 754.dat
1 16 -89.5135 -106.7107 -82.5505 0.152405 -0.985003 0.080879 0.005851 -0.080934 -0.996702 0.988301 0.152376 -0.006572 754.dat
1 16 -92.0077 -106.8863 -82.2196 0.081947 -0.995699 0.043219 0.001271 -0.04326 -0.999063 0.996636 0.081926 -0.002279 754.dat
1 16 -94.3794 -106.9729 -82.0556 0.031881 -0.999351 0.016771 0.000104 -0.016776 -0.999859 0.999492 0.031878 -0.000431 754.dat
1 7 -118 -106.999 -82 0 -1 0 0 0 -1 1 0 0 4740.dat
1 0 -40 -32 -202 0 0 1 0 1 0 -1 0 0 3020.dat
1 16 -40 -40 -172 -1 0 0 0 1 0 0 0 -1 2508.dat
1 16 -40 -40 -232 -1 0 0 0 1 0 0 0 -1 3023.dat
1 0 -40 -24 -202 1 0 0 0 1 0 0 0 1 4600.dat
1 7 -40 -54 -222 0 0 -1 0 1 0 1 0 0 3673.dat
1 16 -40 -48 -202 -1 0 0 0 1 0 0 0 -1 3787.dat
1 16 -40 -64 -232 -1 0 0 0 1 0 0 0 -1 3700.dat
1 16 -40 -64 -182 -1 0 0 0 1 0 0 0 -1 3003.dat
1 0 -40 -72 -212 0 0 1 0 1 0 -1 0 0 3021.dat
1 0 -50 -72 -172 -1 0 0 0 1 0 0 0 -1 4085.dat
1 0 -30 -72 -172 -1 0 0 0 1 0 0 0 -1 4085.dat
1 16 -40 -80 -172 -1 0 0 0 1 0 0 0 -1 3023.dat
1 15 -40 -80 -232 1 0 0 0 1 0 0 0 1 3069.dat
1 16 -50 -80 -202 0 0 1 0 1 0 -1 0 0 2436.dat
1 16 -30 -80 -202 0 0 -1 0 1 0 1 0 0 2436.dat
1 7 -31 -80 -152 -1 0 0 0 0 1 0 1 0 4210.dat
1 0 -31 -110 -144 1 0 0 0 0 1 0 -1 0 2516.dat
1 7 -8 -70 -182 0 -1 0 0 0 -1 1 0 0 2412.dat
1 7 -8 -70 -222 0 -1 0 0 0 -1 1 0 0 2412.dat
1 7 -72 -70 -222 0 1 0 0 0 -1 -1 0 0 2412.dat
1 7 -72 -70 -182 0 1 0 0 0 -1 -1 0 0 2412.dat
1 0 -50 -88 -192 0 0 1 0 1 0 -1 0 0 6141.dat
1 16 -70 -20 -202 0 0 1 0 1 0 -1 0 0 4624.dat
1 0 -70 -20 -202 -1 0 0 0 1 0 0 0 -1 3139.dat
1 16 -10 -20 -202 0 0 -1 0 1 0 1 0 0 4624.dat
1 0 -10 -20 -202 1 0 0 0 1 0 0 0 1 3139.dat
