0 
0 Name: New Model.ldr
0 Author: 
1 7 0 -6 190 1 0 0 0 0.965926 0.258819 0 -0.258819 0.965926 314.dat
1 7 0 -36.3276 146.3624 0 0 1 -0.258819 0.965926 0 -0.965926 -0.258819 0 3034.dat
1 7 0 -28.5259 206.3885 -1 0 0 0 0.965926 -0.258819 0 -0.258819 -0.965926 3956.dat
1 7 0 -38.8786 167.7515 0 0 1 -0.258819 0.965926 0 -0.965926 -0.258819 0 3068.dat
1 7 0 -49.2314 129.1145 0 0 1 -0.258819 0.965926 0 -0.965926 -0.258819 0 3068.dat
1 7 0 -59.5842 90.4774 0 0 1 -0.258819 0.965926 0 -0.965926 -0.258819 0 3068.dat
1 15 40 -59.51 152.574 1 0 0 0 0.965926 0.258819 0 -0.258819 0.965926 3933.dat
1 15 -40 -59.51 152.574 1 0 0 0 0.965926 0.258819 0 -0.258819 0.965926 3934.dat
1 15 0 -56.959 131.1849 0 0 1 -0.258819 0.965926 0 -0.965926 -0.258819 0 3034.dat
1 15 -30 -38.8416 198.7997 0 0 1 -0.258819 0.965926 0 -0.965926 -0.258819 0 3622.dat
1 15 30 -38.8416 198.7997 0 0 1 -0.258819 0.965926 0 -0.965926 -0.258819 0 3622.dat
1 15 -30 -49.1944 160.1627 1 0 0 0 0.965926 0.258819 0 -0.258819 0.965926 3665.dat
1 15 30 -49.1944 160.1627 1 0 0 0 0.965926 0.258819 0 -0.258819 0.965926 3665.dat
1 15 -50 -49.1201 222.2594 0 0 1 -0.258819 0.965926 0 -0.965926 -0.258819 0 4081.dat
1 0 -70 -44.6 231.401 0 0 1 0.965926 0.258819 0 -0.258819 0.965926 0 3957.dat
1 15 50 -49.1201 222.2594 0 0 -1 0.258819 0.965926 0 0.965926 -0.258819 0 4081.dat
1 0 70 -44.6 231.401 0 0 1 0.965926 0.258819 0 -0.258819 0.965926 0 3957.dat
1 15 -10 -82.8037 65.6407 0 0 1 -0.258819 0.965926 0 -0.965926 -0.258819 0 4081.dat
1 34 -30 -83.46 55.4638 0 0 1 0.965926 0.258819 0 -0.258819 0.965926 0 3024.dat
1 15 10 -82.8037 65.6407 0 0 -1 0.258819 0.965926 0 0.965926 -0.258819 0 4081.dat
1 34 30 -83.46 55.4638 0 0 1 0.965926 0.258819 0 -0.258819 0.965926 0 3024.dat
1 15 -50 -69.7513 207.082 1 0 0 0 0.965926 0.258819 0 -0.258819 0.965926 3040.dat
1 15 50 -69.7513 207.082 1 0 0 0 0.965926 0.258819 0 -0.258819 0.965926 3040.dat
1 15 0 -64.6492 164.3038 1 0 0 0 0.965926 0.258819 0 -0.258819 0.965926 3829.dat
1 0 -50 -72.3023 228.471 -1 0 0 0 0.965926 -0.258819 0 -0.258819 -0.965926 3963.dat
1 0 50 -72.3023 228.471 -1 0 0 0 0.965926 -0.258819 0 -0.258819 -0.965926 3963.dat
1 7 -50 -85.2061 211.2231 -1 0 0 0 0.965926 -0.258819 0 -0.258819 -0.965926 3957.dat
1 15 0 -85.2804 149.1264 1 0 0 0 0.965926 0.258819 0 -0.258819 0.965926 3298.dat
