0 
0 Name: New Model.ldr
0 Author: 
1 0 -62.0632 -16 -303.0881 -0.573576 0 -0.819152 0 1 0 0.819152 0 -0.573576 3475.dat
1 0 -45.6802 -16 -291.6166 0.573576 0 0.819152 0 1 0 -0.819152 0 0.573576 3475.dat
1 14 -53.8717 -24 -297.3524 -0.573576 0 -0.819152 0 1 0 0.819152 0 -0.573576 94148.dat
1 0 -53.8717 -8 -297.3524 -0.573576 0 -0.819152 0 1 0 0.819152 0 -0.573576 2654.dat
1 14 -53.8717 -32 -297.3524 -0.573576 0 -0.819152 0 1 0 0.819152 0 -0.573576 30094.dat
1 42 -63.6948 -12 -353.0615 0 0.573576 -0.819152 1 0 0 0 -0.819152 -0.573576 6141.dat
1 42 1.8374 -12 -307.1754 0 0.573576 -0.819152 1 0 0 0 -0.819152 -0.573576 6141.dat
1 7 4.9073 -45.6335 -289.1557 0.627506 -0.573576 0.526541 0.642788 0 -0.766044 0.439384 0.819152 0.368688 4085.dat
1 7 -84.3276 -43.0623 -351.6387 0.526541 -0.573576 -0.627506 -0.766044 0 -0.642788 0.368688 0.819152 -0.439384 4085.dat
1 0 -53.8717 -56 -297.3524 -0.573576 0 -0.819152 0 1 0 0.819152 0 -0.573576 30068.dat
1 15 -57.8867 -80 -291.6183 0.573576 0 0.819152 0 1 0 -0.819152 0 0.573576 4360.dat
1 42 -79.739 -43.0623 -358.1919 0.526541 -0.573576 -0.627506 -0.766044 0 -0.642788 0.368688 0.819152 -0.439384 6141.dat
1 42 9.496 -45.6335 -295.709 0.627506 -0.573576 0.526541 0.642788 0 -0.766044 0.439384 0.819152 0.368688 6141.dat
1 7 -82.2191 -73 -283.0197 -0.573576 0.819152 0 0 0 1 0.819152 0.573576 0 3069.dat
1 47 -39.5323 -72 -317.8311 0 0.573576 -0.819152 1 0 0 0 -0.819152 -0.573576 6141.dat
1 36 -34.2104 -82 -295.7931 0 0.573576 -0.819152 1 0 0 0 -0.819152 -0.573576 6141.dat
1 383 -79.739 -43.0623 -358.1919 0.526541 -0.573576 -0.627506 -0.766044 0 -0.642788 0.368688 0.819152 -0.439384 902.dat
1 383 9.496 -45.6335 -295.709 0.627506 -0.573576 0.526541 0.642788 0 -0.766044 0.439384 0.819152 0.368688 902.dat
