0 Main
0 Name: 75895 - 1974 Porsche 911 Turbo3.0.mpd
0 Author: LTRON
1 226 30 -16 191.9615 0.5 0 -0.866025 0 1 0 0.866025 0 0.5 3021.dat
1 0 40.9808 -16 150.9807 0.5 0 -0.866025 0 1 0 0.866025 0 0.5 3666.dat
1 0 40.9808 -16 150.9807 0.5 0 -0.866025 0 1 0 0.866025 0 0.5 3666.dat
1 0 -10.9808 -16 180.9807 0.5 0 -0.866025 0 1 0 0.866025 0 0.5 3666.dat
1 0 40 -40 209.282 -0.866025 0 -0.5 0 1 0 0.5 0 -0.866025 30414.dat
1 7 42.3205 -40 173.3013 0.866025 0 0.5 0 1 0 -0.5 0 0.866025 17485.dat
1 7 7.6795 -40 193.3013 0.866025 0 0.5 0 1 0 -0.5 0 0.866025 17485.dat
1 0 35.9808 -40 142.3205 0.5 0 -0.866025 0 1 0 0.866025 0 0.5 3005.dat
1 0 -15.9808 -40 172.3205 0.5 0 -0.866025 0 1 0 0.866025 0 0.5 3005.dat
1 226 30 -48 191.9615 0.5 0 -0.866025 0 1 0 0.866025 0 0.5 3021.dat
1 4 25 -56 183.3013 0.5 0 -0.866025 0 1 0 0.866025 0 0.5 3022.dat
1 7 10 -64 157.3205 0.866025 0 0.5 0 1 0 -0.5 0 0.866025 76766.dat
1 19 0 -24 140 0.866025 0 0.5 0 1 0 -0.5 0 0.866025 3023.dat
1 15 59.641 -72 163.3013 0.5 0 -0.866025 0 1 0 0.866025 0 0.5 18974.dat
1 15 -9.641 -72 203.3013 -0.5 0 0.866025 0 1 0 -0.866025 0 -0.5 18974.dat
1 0 -45 -16 62.0578 0.5 0 -0.866025 0 1 0 0.866025 0 0.5 3032.dat
1 7 -47.6795 -40 17.4167 0.866025 0 0.5 0 1 0 -0.5 0 0.866025 17485.dat
1 7 -82.3205 -40 37.4168 0.866025 0 0.5 0 1 0 -0.5 0 0.866025 17485.dat
1 4 -50 -48 53.3975 -0.866025 0 -0.5 0 1 0 0.5 0 -0.866025 11215.dat
1 15 -65.9808 -24 85.718 -0.866025 0 -0.5 0 1 0 0.5 0 -0.866025 2420.dat
1 15 -14.0192 -24 55.718 -0.5 0 0.866025 0 1 0 -0.866025 0 -0.5 2420.dat
1 1 -14.0192 -32 55.718 -0.866025 0 -0.5 0 1 0 0.5 0 -0.866025 2420.dat
1 1 -65.9808 -32 85.718 -0.5 0 0.866025 0 1 0 -0.866025 0 -0.5 2420.dat
1 15 19.641 -24 94.0192 0.5 0 -0.866025 0 1 0 0.866025 0 0.5 3020.dat
1 15 -49.641 -24 134.0193 0.5 0 -0.866025 0 1 0 0.866025 0 0.5 3020.dat
1 7 -15 -32 114.0192 0.5 0 -0.866025 0 1 0 0.866025 0 0.5 64799.dat
1 0 18.3013 -32 71.6988 0.5 0 -0.866025 0 1 0 0.866025 0 0.5 2431.dat
1 0 -68.3012 -32 121.6988 0.5 0 -0.866025 0 1 0 0.866025 0 0.5 2431.dat
1 0 43.3013 -32 115 0.5 0 -0.866025 0 1 0 0.866025 0 0.5 3070.dat
1 0 -43.3013 -32 165 0.5 0 -0.866025 0 1 0 0.866025 0 0.5 3070.dat
1 15 0 -40 140 0.866025 0 0.5 0 1 0 -0.5 0 0.866025 3023.dat
1 15 -40 -40 70.718 0.866025 0 0.5 0 1 0 -0.5 0 0.866025 3023.dat
1 19 0 -48 140 0.866025 0 0.5 0 1 0 -0.5 0 0.866025 3023.dat
1 28 -40 -48 70.718 0.866025 0 0.5 0 1 0 -0.5 0 0.866025 3023.dat
1 0 -24.0193 -40 38.3975 0.5 0 -0.866025 0 1 0 0.866025 0 0.5 3024.dat
1 0 -75.9808 -40 68.3975 0.5 0 -0.866025 0 1 0 0.866025 0 0.5 3024.dat
1 0 -9.0192 -40 64.3783 0.5 0 -0.866025 0 1 0 0.866025 0 0.5 99207.dat
1 0 20.9807 -40 116.3398 0.5 0 -0.866025 0 1 0 0.866025 0 0.5 99207.dat
1 0 -30.9807 -40 146.3398 -0.5 0 0.866025 0 1 0 -0.866025 0 -0.5 99207.dat
1 0 -60.9808 -40 94.3783 -0.5 0 0.866025 0 1 0 -0.866025 0 -0.5 99207.dat
1 0 5.9808 -40 90.359 0.5 0 -0.866025 0 1 0 0.866025 0 0.5 3070.dat
1 0 -45.9808 -40 120.359 0.5 0 -0.866025 0 1 0 0.866025 0 0.5 3070.dat
1 6 5.9808 -48 90.359 0.5 0 -0.866025 0 1 0 0.866025 0 0.5 32124.dat
1 6 -45.9808 -48 120.359 0.5 0 -0.866025 0 1 0 0.866025 0 0.5 32124.dat
1 19 1.3398 -80 162.3205 0.866025 0 0.5 0 1 0 -0.5 0 0.866025 6091.dat
1 19 18.6602 -80 152.3205 0.866025 0 0.5 0 1 0 -0.5 0 0.866025 6091.dat
1 6 -15.9808 -72 172.3205 0.866025 0 0.5 0 1 0 -0.5 0 0.866025 3040.dat
1 6 35.9808 -72 142.3205 0.866025 0 0.5 0 1 0 -0.5 0 0.866025 3040.dat
1 4 25 -72 183.3013 0.866025 0 0.5 0 1 0 -0.5 0 0.866025 3022.dat
1 0 40 -56 209.282 0.866025 0 0.5 0 1 0 -0.5 0 0.866025 3710.dat
1 0 57.5 -30 239.5929 -0.866025 -0.5 0 0 0 -1 0.5 -0.866025 0 30414.dat
1 7 61.5 -30 246.5211 -0.866025 -0.5 0 0 0 -1 0.5 -0.866025 0 32028.dat
1 15 91.4808 -30 238.4493 0 -0.5 -0.866025 1 0 0 0 -0.866025 0.5 6091.dat
1 15 39.5192 -30 268.4493 0 -0.5 0.866025 -1 0 0 0 -0.866025 -0.5 6091.dat
1 15 65.5 -30 253.4493 -0.866025 -0.5 0 0 0 -1 0.5 -0.866025 0 92593.dat
1 0 95.4808 -30 245.3775 -0.866025 -0.5 0 0 0 -1 0.5 -0.866025 0 3024.dat
1 0 43.5192 -30 275.3775 -0.866025 -0.5 0 0 0 -1 0.5 -0.866025 0 3024.dat
1 7 52 -13 230.0666 -0.866025 0 0.5 0 -1 0 0.5 0 0.866025 15573.dat
1 0 6.1988 -30 250.7365 -0.866025 -0.5 0 0 0 -1 0.5 -0.866025 0 3024.dat
1 0 92.8012 -30 200.7365 -0.866025 -0.5 0 0 0 -1 0.5 -0.866025 0 3024.dat
1 7 26.0193 -13 245.0666 0.5 0 0.866025 0 -1 0 0.866025 0 -0.5 25269.dat
1 0 77.9808 -13 215.0666 0.5 0 0.866025 0 -1 0 0.866025 0 -0.5 32828.dat
1 4 55 -48 235.2628 -0.866025 0 -0.5 0 1 0 0.5 0 -0.866025 18980.dat
1 15 55 -56 235.2628 -0.866025 0 -0.5 0 1 0 0.5 0 -0.866025 18980.dat
1 15 34.0192 -56 258.923 -0.866025 0 -0.5 0 1 0 0.5 0 -0.866025 54200.dat
1 15 85.9808 -56 228.923 -0.866025 0 -0.5 0 1 0 0.5 0 -0.866025 54200.dat
1 15 19.0193 -64 232.9422 -0.5 0 0.866025 0 1 0 -0.866025 0 -0.5 3023.dat
1 15 70.9808 -64 202.9422 -0.5 0 0.866025 0 1 0 -0.866025 0 -0.5 3023.dat
1 15 45 -72 217.9422 -0.866025 0 -0.5 0 1 0 0.5 0 -0.866025 3020.dat
1 15 60 -56 243.923 -0.866025 0 -0.5 0 1 0 0.5 0 -0.866025 85984.dat
1 15 53.3013 -64 132.3205 0.5 0 -0.866025 0 1 0 0.866025 0 0.5 54200.dat
1 15 -33.3013 -63 182.3205 -0.5 0 0.866025 0 1 0 -0.866025 0 -0.5 54200.dat
1 15 88.3012 -56 192.9422 -0.866025 0 -0.5 0 1 0 0.5 0 -0.866025 11477.dat
1 15 1.6988 -56 242.9422 -0.866025 0 -0.5 0 1 0 0.5 0 -0.866025 11477.dat
1 15 25 -80 183.3013 -0.866025 0 -0.5 0 1 0 0.5 0 -0.866025 3031.dat
1 15 -30.359 -72 7.4167 0.5 0 -0.866025 0 1 0 0.866025 0 0.5 18974.dat
1 15 -99.641 -72 47.4168 -0.5 0 0.866025 0 1 0 -0.866025 0 -0.5 18974.dat
1 15 -45 -72 62.0578 0.866025 0 0.5 0 1 0 -0.5 0 0.866025 3001.dat
1 0 -95 -16 -24.5448 0.866025 0 0.5 0 1 0 -0.5 0 0.866025 18980.dat
1 0 -100 -40 -33.205 0.866025 0 0.5 0 1 0 -0.5 0 0.866025 4865.dat
1 0 -59.0192 -40 -22.2243 0.5 0 -0.866025 0 1 0 0.866025 0 0.5 32000.dat
1 0 -76.3398 -40 -12.2242 0.5 0 -0.866025 0 1 0 0.866025 0 0.5 32000.dat
1 0 -93.6602 -40 -2.2243 0.5 0 -0.866025 0 1 0 0.866025 0 0.5 32000.dat
1 0 -110.9808 -40 7.7758 0.5 0 -0.866025 0 1 0 0.866025 0 0.5 32000.dat
1 0 -80 -16 1.436 0.866025 0 0.5 0 1 0 -0.5 0 0.866025 3710.dat
1 1 -81.3398 -48 -20.8845 0.866025 0 0.5 0 1 0 -0.5 0 0.866025 2420.dat
1 1 -71.3398 -56 -3.564 0.866025 0 0.5 0 1 0 -0.5 0 0.866025 2420.dat
1 1 -98.6602 -48 -10.8845 0.5 0 -0.866025 0 1 0 0.866025 0 0.5 2420.dat
1 1 -88.6602 -56 6.436 0.5 0 -0.866025 0 1 0 0.866025 0 0.5 2420.dat
1 19 -60 -56 36.077 0.866025 0 0.5 0 1 0 -0.5 0 0.866025 3023.dat
1 4 -65 -64 27.4167 0.5 0 -0.866025 0 1 0 0.866025 0 0.5 3022.dat
1 15 -60 -72 36.077 0.866025 0 0.5 0 1 0 -0.5 0 0.866025 3069.dat
1 15 -141.1474 -37.6667 -44.4744 0 0.5 0.866025 1 0 0 0 0.866025 -0.5 50950.dat
1 15 -89.1859 -37.6667 -74.4744 0 0.5 -0.866025 -1 0 0 0 0.866025 0.5 50950.dat
1 15 -107.1666 -37.6667 -45.618 0.866025 0.5 0 0 0 -1 -0.5 0.866025 0 3023.dat
1 0 -56.6987 -48 -58.205 0.866025 0 0.5 0 1 0 -0.5 0 0.866025 4070.dat
1 0 -125.9808 -48 -18.205 0.866025 0 0.5 0 1 0 -0.5 0 0.866025 4070.dat
1 0 -74.0192 -48 -48.205 0.866025 0 0.5 0 1 0 -0.5 0 0.866025 4070.dat
1 0 -143.3013 -48 -8.205 0.866025 0 0.5 0 1 0 -0.5 0 0.866025 4070.dat
1 0 -65.359 -24 -53.205 0.866025 0 0.5 0 1 0 -0.5 0 0.866025 35480.dat
1 0 -134.641 -24 -13.205 0.866025 0 0.5 0 1 0 -0.5 0 0.866025 35480.dat
1 15 -85 -72 -7.2242 0.866025 0 0.5 0 1 0 -0.5 0 0.866025 93606.dat
1 15 -64.0192 -72 -30.8845 0.866025 0 0.5 0 1 0 -0.5 0 0.866025 50950.dat
1 15 -115.9808 -72 -0.8845 0.866025 0 0.5 0 1 0 -0.5 0 0.866025 50950.dat
1 15 -36.6987 -72 -23.564 0.5 0 -0.866025 0 1 0 0.866025 0 0.5 3024.dat
1 15 -123.3012 -72 26.436 0.5 0 -0.866025 0 1 0 0.866025 0 0.5 3024.dat
1 15 -6.6988 -64 28.3975 0.5 0 -0.866025 0 1 0 0.866025 0 0.5 54200.dat
1 15 -94.1673 -64 78.8975 -0.5 0 0.866025 0 1 0 -0.866025 0 -0.5 54200.dat
1 15 -113.3012 -80 43.7565 0.5 0 -0.866025 0 1 0 0.866025 0 0.5 63864.dat
1 15 -26.6987 -80 -6.2435 0.5 0 -0.866025 0 1 0 0.866025 0 0.5 63864.dat
1 15 -46.6987 -51 -40.8845 -0.866025 0 0.5 0 -1 0 0.5 0 0.866025 42003.dat
1 7 -51.6987 -71 -49.5448 -0.5 0 -0.866025 0 -1 0 -0.866025 0 0.5 4211483.dat
1 7 -64.0192 -31 -30.8845 0.866025 0 -0.5 0 -1 0 -0.5 0 -0.866025 11214.dat
1 47 -55.6987 -71 -56.4729 0 0.5 -0.866025 -1 0 0 0 0.866025 0.5 98138.dat
1 15 -132.8013 -49 9.9815 -0.866025 0 0.5 0 -1 0 0.5 0 0.866025 42003.dat
1 7 -137.8013 -69 1.3213 -0.5 0 -0.866025 0 -1 0 -0.866025 0 0.5 4211483.dat
1 7 -115.4808 -29 -0.0185 -0.866025 0 0.5 0 -1 0 0.5 0 0.866025 11214.dat
1 47 -141.8013 -69 -5.6069 0 0.5 -0.866025 -1 0 0 0 0.866025 0.5 98138.dat
1 6 25.0333 -42 79.359 0.5 -0.866025 0 0 0 -1 0.866025 0.5 0 32124.dat
1 15 3.1051 -52 57.3783 -0.5 -0.866025 0 0 0 1 -0.866025 0.5 0 15068.dat
1 15 23.1051 -52 92.0192 -0.5 -0.866025 0 0 0 1 -0.866025 0.5 0 15068.dat
1 15 38.1051 -52 118 -0.5 -0.866025 0 0 0 1 -0.866025 0.5 0 11477.dat
1 6 -65.0333 -42 131.359 0.5 0.866025 0 0 0 1 0.866025 -0.5 0 32124.dat
1 15 -52.9384 -52 136.3079 0.5 0.866025 0 0 0 1 0.866025 -0.5 0 15068.dat
1 15 -72.9385 -52 101.6669 0.5 0.866025 0 0 0 1 0.866025 -0.5 0 15068.dat
1 15 -37.9384 -52 162.2887 0.5 0.866025 0 0 0 1 0.866025 -0.5 0 11477.dat
1 0 20 -88 174.641 0.866025 0 0.5 0 1 0 -0.5 0 0.866025 3710.dat
1 0 -15.9808 -80 172.3205 0.5 0 -0.866025 0 1 0 0.866025 0 0.5 4244362.dat
1 0 35.9808 -80 142.3205 -0.5 0 0.866025 0 1 0 -0.866025 0 -0.5 4244362.dat
1 15 22.6795 -80 219.282 -0.866025 0 -0.5 0 1 0 0.5 0 -0.866025 85984.dat
1 15 57.3205 -80 199.282 -0.866025 0 -0.5 0 1 0 0.5 0 -0.866025 85984.dat
1 15 30 -88 191.9615 -0.866025 0 -0.5 0 1 0 0.5 0 -0.866025 92593.dat
1 15 -2.3205 -112 175.9807 -0.866025 0 -0.5 0 1 0 0.5 0 -0.866025 93606.dat
1 15 32.3205 -112 155.9807 -0.866025 0 -0.5 0 1 0 0.5 0 -0.866025 93606.dat
1 0 59.5 -88 243.057 -0.866025 0 -0.5 0 1 0 0.5 0 -0.866025 99206.dat
1 15 80.4808 -80 219.3967 0.5 0 -0.866025 0 1 0 0.866025 0 0.5 99780.dat
1 15 28.5193 -80 249.3967 -0.5 0 0.866025 0 1 0 -0.866025 0 -0.5 99780.dat
1 0 66.8205 -88 215.7365 0.866025 0 0.5 0 1 0 -0.5 0 0.866025 2412.dat
1 0 32.1795 -88 235.7365 0.866025 0 0.5 0 1 0 -0.5 0 0.866025 2412.dat
1 15 85.4808 -88 228.057 0.5 0 -0.866025 0 1 0 0.866025 0 0.5 3070.dat
1 15 33.5192 -88 258.057 0.5 0 -0.866025 0 1 0 0.866025 0 0.5 3070.dat
1 0 104.5333 -82 217.057 0 -0.866025 0.5 1 0 0 0 0.5 0.866025 3024.dat
1 0 14.4667 -82 269.057 0 0.866025 -0.5 1 0 0 0 -0.5 -0.866025 3024.dat
1 0 92.6051 -82 212.3967 0 -0.866025 0.5 1 0 0 0 0.5 0.866025 11477.dat
1 0 16.3949 -82 256.3967 0 0.866025 0.5 -1 0 0 0 -0.5 0.866025 11477.dat
1 0 68.625 -81.75 258.8619 -0.866025 -0.5 0 0 0 -1 0.5 -0.866025 0 3666.dat
1 0 33.984 -80.75 278.8619 -0.866025 -0.5 0 0 0 -1 0.5 -0.866025 0 85984.dat
1 0 68.625 -80.75 258.8619 -0.866025 -0.5 0 0 0 -1 0.5 -0.866025 0 85984.dat
1 0 103.266 -80.75 238.8619 -0.866025 -0.5 0 0 0 -1 0.5 -0.866025 0 85984.dat
1 47 -30 -103 88.0385 0.866025 0 0.5 0 1 0 -0.5 0 0.866025 57783.dat
1 15 -15 -112 114.0192 -0.866025 0 -0.5 0 1 0 0.5 0 -0.866025 87079.dat
1 7 25 -29 183.3013 0.866025 0 0.5 0 1 0 -0.5 0 0.866025 44294.dat
1 7 -65 -29 27.4167 0.866025 0 0.5 0 1 0 -0.5 0 0.866025 44294.dat
1 7 76.9615 -29 153.3013 0.5 0 -0.866025 0 1 0 0.866025 0 0.5 55982.dat
1 256 76.9615 -29 153.3013 0.5 0 -0.866025 0 1 0 0.866025 0 0.5 18977.dat
1 7 -13.0385 -29 -2.5833 0.5 0 -0.866025 0 1 0 0.866025 0 0.5 55982.dat
1 256 -13.0385 -29 -2.5833 0.5 0 -0.866025 0 1 0 0.866025 0 0.5 18977.dat
1 7 -26.9615 -29 213.3013 -0.5 0 0.866025 0 1 0 -0.866025 0 -0.5 55982.dat
1 256 -26.9615 -29 213.3013 -0.5 0 0.866025 0 1 0 -0.866025 0 -0.5 18977.dat
1 7 -116.9615 -29 57.4168 -0.5 0 0.866025 0 1 0 -0.866025 0 -0.5 55982.dat
1 256 -116.9615 -29 57.4168 -0.5 0 0.866025 0 1 0 -0.866025 0 -0.5 18977.dat
1 7 -30.4256 -29 215.3013 -0.5 0 0.866025 0 1 0 -0.866025 0 -0.5 32123.dat
1 7 -120.4256 -29 59.4168 -0.5 0 0.866025 0 1 0 -0.866025 0 -0.5 32123.dat
1 7 80.4256 -29 151.3013 0.498782 -0.034878 -0.866025 0.069756 0.997564 0 0.863915 -0.06041 0.5 32123.dat
1 7 -9.5744 -29 -4.5833 0.498782 -0.034878 -0.866025 0.069756 0.997564 0 0.863915 -0.06041 0.5 32123.dat
1 15 -143.3013 -56 -8.205 -0.5 0 0.866025 0 1 0 -0.866025 0 -0.5 25269.dat
1 15 -56.6987 -56 -58.205 0.866025 0 0.5 0 1 0 -0.5 0 0.866025 25269.dat
