0 Main
0 Name: 6954-1 - Renegade.mpd
0 Author: LTRON
1 0 0 0 0 1 0 0 0 1 0 0 0 1 3832.dat
1 0 0 0 120 1 0 0 0 1 0 0 0 1 3832.dat
1 0 -40 -8 120 1 0 0 0 1 0 0 0 1 3068.dat
1 0 40 -8 120 1 0 0 0 1 0 0 0 1 3068.dat
1 0 40 -8 0 1 0 0 0 1 0 0 0 1 3068.dat
1 0 -40 -8 0 1 0 0 0 1 0 0 0 1 3068.dat
1 0 80 -24 0 1 0 0 0 1 0 0 0 1 3003.dat
1 0 80 -24 120 1 0 0 0 1 0 0 0 1 3003.dat
1 0 -80 -24 120 1 0 0 0 1 0 0 0 1 3003.dat
1 0 -80 -24 0 1 0 0 0 1 0 0 0 1 3003.dat
1 0 80 -32 60 0 0 -1 0 1 0 1 0 0 3034.dat
1 0 -80 -32 60 0 0 -1 0 1 0 1 0 0 3034.dat
1 0 80 -40 -40 0 0 -1 0 1 0 1 0 0 3832.dat
1 0 -80 -40 -100 0 0 -1 0 1 0 1 0 0 4282.dat
1 0 160 -40 80 0 0 -1 0 1 0 1 0 0 2401.dat
1 0 -160 -40 80 -1 0 0 0 1 0 0 0 -1 2401.dat
1 0 200 -40 -50 1 0 0 0 1 0 0 0 1 2419.dat
1 0 -200 -40 -50 1 0 0 0 1 0 0 0 1 2419.dat
1 14 -60 8 0 1 0 0 0 1 0 0 0 1 4032.dat
1 14 60 8 0 1 0 0 0 1 0 0 0 1 4032.dat
1 14 60 8 120 1 0 0 0 1 0 0 0 1 4032.dat
1 14 -60 8 120 1 0 0 0 1 0 0 0 1 4032.dat
1 0 200 -32 0 0 0 1 0 1 0 -1 0 0 3832.dat
1 0 -200 -32 0 0 0 1 0 1 0 -1 0 0 3832.dat
1 0 200 -24 0 1 0 0 0 1 0 0 0 1 4229.dat
1 0 -200 -24 0 1 0 0 0 1 0 0 0 1 4229.dat
1 0 80 -32 -120 1 0 0 0 1 0 0 0 1 3940.dat
1 0 -80 -32 -240 1 0 0 0 1 0 0 0 1 3940.dat
1 0 -80 -32 -120 1 0 0 0 1 0 0 0 1 3940.dat
1 0 210 -48 40 0 0 -1 0 1 0 1 0 0 3023.dat
1 0 -210 -48 40 0 0 -1 0 1 0 1 0 0 3023.dat
1 14 200 -40 -90 1 0 0 0 1 0 0 0 1 4596.dat
1 14 -200 -40 -90 1 0 0 0 1 0 0 0 1 4596.dat
1 0 70 -64 60 0 0 -1 0 1 0 1 0 0 3008.dat
1 0 -70 -64 60 0 0 -1 0 1 0 1 0 0 3008.dat
1 14 -70 -64 -30 0 0 1 0 1 0 -1 0 0 4070.dat
1 14 70 -64 -30 0 0 -1 0 1 0 1 0 0 4070.dat
1 0 70 -64 -50 0 0 -1 0 1 0 1 0 0 3040.dat
1 0 -70 -64 -50 0 0 1 0 1 0 -1 0 0 3040.dat
1 0 -90 -64 90 0 0 1 0 1 0 -1 0 0 4286.dat
1 0 90 -64 90 0 0 -1 0 1 0 1 0 0 4286.dat
1 0 190 -48 60 0 0 1 0 1 0 -1 0 0 4623.dat
1 0 190 -48 20 0 0 1 0 1 0 -1 0 0 4623.dat
1 0 250 -48 20 0 0 1 0 1 0 -1 0 0 4623.dat
1 0 -190 -48 60 0 0 -1 0 1 0 1 0 0 4623.dat
1 0 -190 -48 20 0 0 -1 0 1 0 1 0 0 4623.dat
1 0 -250 -48 20 0 0 -1 0 1 0 1 0 0 4623.dat
1 0 0 -64 -70 1 0 0 0 1 0 0 0 1 3895.dat
1 0 200 -48 -80 -1 0 0 0 1 0 0 0 -1 3068.dat
1 0 -200 -48 -80 -1 0 0 0 1 0 0 0 -1 3068.dat
1 0 200 -56 40 -1 0 0 0 1 0 0 0 -1 3068.dat
1 0 -200 -56 40 -1 0 0 0 1 0 0 0 -1 3068.dat
1 0 -70 -64 -160 0 0 -1 0 1 0 1 0 0 3660.dat
1 0 -90 -64 -160 0 0 1 0 1 0 -1 0 0 3660.dat
1 0 -100 -64 -90 -1 0 0 0 1 0 0 0 -1 3004.dat
1 0 100 -64 -90 -1 0 0 0 1 0 0 0 -1 3004.dat
1 0 0 -64 -90 -1 0 0 0 1 0 0 0 -1 3008.dat
1 0 80 -64 180 0 0 -1 0 1 0 1 0 0 3831.dat
1 0 -80 -64 180 0 0 1 0 1 0 -1 0 0 3830.dat
1 0 -40 -32 200 1 0 0 0 1 0 0 0 1 3022.dat
1 0 -50 -40 200 1 0 0 0 1 0 0 0 1 3021.dat
1 0 -50 -64 200 0 0 1 0 1 0 -1 0 0 3004.dat
1 0 -30 -64 200 0 0 -1 0 1 0 1 0 0 3660.dat
1 0 -80 -64 180 0 0 1 0 1 0 -1 0 0 3831.dat
1 14 -40 -72 200 -1 0 0 0 1 0 0 0 -1 3020.dat
1 0 -40 -96 210 -1 0 0 0 1 0 0 0 -1 3701.dat
1 0 -30 -96 190 0 0 -1 0 1 0 1 0 0 3040.dat
1 0 -50 -96 190 0 0 1 0 1 0 -1 0 0 3040.dat
1 14 -40 -104 200 -1 0 0 0 1 0 0 0 -1 3068.dat
1 0 -40 -24 200 1 0 0 0 1 0 0 0 1 4229.dat
1 0 40 -32 200 1 0 0 0 1 0 0 0 1 3022.dat
1 0 50 -40 200 1 0 0 0 1 0 0 0 1 3021.dat
1 0 50 -64 200 0 0 1 0 1 0 -1 0 0 3004.dat
1 0 80 -64 180 0 0 -1 0 1 0 1 0 0 3830.dat
1 0 30 -64 200 0 0 1 0 1 0 -1 0 0 3660.dat
1 14 40 -72 200 -1 0 0 0 1 0 0 0 -1 3020.dat
1 0 40 -96 210 -1 0 0 0 1 0 0 0 -1 3701.dat
1 0 50 -96 190 0 0 -1 0 1 0 1 0 0 3040.dat
1 0 30 -96 190 0 0 1 0 1 0 -1 0 0 3040.dat
1 14 40 -104 200 -1 0 0 0 1 0 0 0 -1 3068.dat
1 0 40 -24 200 1 0 0 0 1 0 0 0 1 4229.dat
1 0 200 -64 -10 1 0 0 0 1 0 0 0 1 3298.dat
1 0 -200 -64 -10 1 0 0 0 1 0 0 0 1 3298.dat
1 0 -50 -72 -160 0 0 1 0 1 0 -1 0 0 3794.dat
1 0 -110 -72 -160 0 0 1 0 1 0 -1 0 0 3794.dat
1 0 0 -72 -80 0 0 1 0 1 0 -1 0 0 3022.dat
1 0 70 -72 0 0 0 1 0 1 0 -1 0 0 3460.dat
1 0 -70 -72 0 0 0 1 0 1 0 -1 0 0 3460.dat
1 0 -70 -72 140 0 0 1 0 1 0 -1 0 0 3710.dat
1 0 70 -72 140 0 0 1 0 1 0 -1 0 0 3710.dat
1 0 -60 -64 -240 0 0 1 0 1 0 -1 0 0 4730.dat
1 0 -100 -64 -240 0 0 1 0 1 0 -1 0 0 4730.dat
1 0 100 -64 -120 0 0 1 0 1 0 -1 0 0 4730.dat
1 0 60 -64 -120 0 0 1 0 1 0 -1 0 0 4730.dat
1 0 -80 -72 -250 1 0 0 0 1 0 0 0 1 3710.dat
1 0 80 -72 -130 1 0 0 0 1 0 0 0 1 3710.dat
1 0 80 -72 -100 1 0 0 0 1 0 0 0 1 3022.dat
1 0 -80 -72 -160 0 0 -1 0 1 0 1 0 0 3034.dat
1 0 -50 -80 -160 1 0 0 0 1 0 0 0 1 4592.dat
1 14 -50 -80 -160 1 0 0 0 0.707107 0.707107 0 -0.707107 0.707107 4593.dat
1 0 -110 -80 -160 1 0 0 0 1 0 0 0 1 4592.dat
1 14 -110 -80 -160 1 0 0 0 0.707107 0.707107 0 -0.707107 0.707107 4593.dat
1 0 -200 -72 -10 1 0 0 0 1 0 0 0 1 3839.dat
1 0 200 -72 -10 1 0 0 0 1 0 0 0 1 3839.dat
1 0 70 -88 90 0 0 -1 0 1 0 1 0 0 3040.dat
1 0 -70 -88 90 0 0 1 0 1 0 -1 0 0 3040.dat
1 0 -80 -16 -360 0 0 1 0 1 0 -1 0 0 3832.dat
1 0 -80 -24 -400 0 0 1 0 1 0 -1 0 0 3022.dat
1 0 -80 -40 -450 1 0 0 0 1 0 0 0 1 3747.dat
1 0 -70 -40 -430 0 0 -1 0 1 0 1 0 0 3665.dat
1 0 -90 -40 -430 0 0 1 0 1 0 -1 0 0 3665.dat
1 0 -90 -40 -280 0 0 1 0 1 0 -1 0 0 3660.dat
1 0 -70 -40 -280 0 0 -1 0 1 0 1 0 0 3660.dat
1 0 -80 -64 -450 -1 0 0 0 1 0 0 0 -1 3039.dat
1 0 -80 -64 -270 -1 0 0 0 1 0 0 0 -1 3701.dat
1 14 -50 -48 -360 0 0 -1 0 1 0 1 0 0 3460.dat
1 14 -110 -48 -360 0 0 -1 0 1 0 1 0 0 3460.dat
1 0 -80 -48 -470 -1 0 0 0 1 0 0 0 -1 3839.dat
1 0 -120 -56 -320 0 0 1 0 1 0 -1 0 0 2429.dat
1 0 -40 -56 -320 0 0 -1 0 1 0 1 0 0 2430.dat
1 0 -120 -56 -320 -1 0 0 0 1 0 0 0 -1 2430.dat
1 0 -40 -56 -320 -1 0 0 0 1 0 0 0 -1 2429.dat
1 0 -50 -72 -360 0 0 1 0 1 0 -1 0 0 4865.dat
1 0 -50 -72 -400 0 0 1 0 1 0 -1 0 0 4865.dat
1 0 -110 -72 -400 0 0 -1 0 1 0 1 0 0 4865.dat
1 0 -110 -72 -360 0 0 -1 0 1 0 1 0 0 4865.dat
1 0 -50 -72 -430 0 0 -1 0 1 0 1 0 0 4070.dat
1 0 -110 -72 -430 0 0 1 0 1 0 -1 0 0 4070.dat
1 36 -110 -64 -290 0 0 1 0 1 0 -1 0 0 3024.dat
1 36 -50 -64 -290 0 0 1 0 1 0 -1 0 0 3024.dat
1 0 -80 -64 -320 -1 0 0 0 1 0 0 0 -1 3020.dat
1 0 -80 -48 -490 1 0 0 0 1 0 0 0 1 4596.dat
1 0 0 -64 -360 0 0 -1 0 1 0 1 0 0 3935.dat
1 0 -160 -64 -360 0 0 1 0 1 0 -1 0 0 3936.dat
1 0 -10 -56 -360 0 0 1 0 1 0 -1 0 0 3023.dat
1 0 -150 -56 -360 0 0 1 0 1 0 -1 0 0 3023.dat
1 0 -10 -48 -360 1 0 0 0 1 0 0 0 1 4595.dat
1 46 -10 -38 -396 1 0 0 0 0 1 0 -1 0 6141.dat
1 0 -150 -48 -360 1 0 0 0 1 0 0 0 1 4595.dat
1 46 -150 -38 -396 1 0 0 0 0 1 0 -1 0 6141.dat
1 0 -80 -56 -470 1 0 0 0 1 0 0 0 1 3023.dat
1 0 -80 -72 -450 1 0 0 0 1 0 0 0 1 4858.dat
1 0 -120 -72 -320 -1 0 0 0 1 0 0 0 -1 2429.dat
1 0 -40 -72 -320 -1 0 0 0 1 0 0 0 -1 2430.dat
1 0 -120 -72 -320 -1 0 0 0 1 0 0 0 -1 2430.dat
1 0 -40 -72 -320 -1 0 0 0 1 0 0 0 -1 2429.dat
1 0 -80 -88 -310 -1 0 0 0 1 0 0 0 -1 3004.dat
1 0 -80 -88 -290 -1 0 0 0 1 0 0 0 -1 3037.dat
1 0 -80 -80 -330 -1 0 0 0 1 0 0 0 -1 3710.dat
1 0 -80 -88 -330 -1 0 0 0 1 0 0 0 -1 3710.dat
1 0 -30 -96 -330 0 0 -1 0 1 0 1 0 0 3040.dat
1 0 -130 -96 -330 0 0 1 0 1 0 -1 0 0 3040.dat
1 0 -30 -62 -430 0 -1 0 1 0 0 0 0 1 4349.dat
1 0 -130 -62 -430 0 1 0 -1 0 0 0 0 1 4349.dat
1 36 -80 -46 -560 0 0 1 -1 0 0 0 -1 0 6141.dat
1 36 -80 -46 -568 0 0 1 -1 0 0 0 -1 0 6141.dat
1 0 -80 -112 -330 -1 0 0 0 1 0 0 0 -1 3297.dat
1 0 -80 -120 -330 1 0 0 0 1 0 0 0 1 4315.dat
1 46 -80 -116 -344 1 0 0 0 1 0 0 0 1 4474.dat
1 0 80 -40 -160 0 0 1 0 1 0 -1 0 0 4871.dat
1 0 80 -32 -180 0 0 1 0 1 0 -1 0 0 3020.dat
1 14 80 -40 -180 0 0 1 0 1 0 -1 0 0 3020.dat
1 0 80 -64 -150 -1 0 0 0 1 0 0 0 -1 3701.dat
1 0 80 -64 -170 1 0 0 0 1 0 0 0 1 3298.dat
1 0 110 -64 -170 1 0 0 0 1 0 0 0 1 4070.dat
1 0 50 -64 -170 1 0 0 0 1 0 0 0 1 4070.dat
1 36 110 -54 -200 1 0 0 0 0 -1 0 1 0 3062.dat
1 36 50 -54 -200 1 0 0 0 0 -1 0 1 0 3062.dat
1 0 80 -72 -160 1 0 0 0 1 0 0 0 1 3020.dat
1 0 80 -96 -150 1 0 0 0 1 0 0 0 1 3039.dat
1 0 80 -120 -150 1 0 0 0 1 0 0 0 1 3937.dat
1 0 80 -110 -160 1 0 0 0 0 -1 0 1 0 3938.dat
1 0 80 -110 -168 -1 0 0 0 0 1 0 1 0 4590.dat
1 36 110 -100 -152 -1 0 0 0 0 1 0 1 0 6141.dat
1 36 50 -100 -152 -1 0 0 0 0 1 0 1 0 6141.dat
1 0 110 -100 -192 1 0 0 0 -1 0 0 0 -1 3959.dat
1 0 50 -100 -192 1 0 0 0 -1 0 0 0 -1 3959.dat
1 0 110 -100 -212 1 0 0 0 0 1 0 -1 0 4740.dat
1 0 50 -100 -212 1 0 0 0 0 1 0 -1 0 4740.dat
1 0 198 -72 40 0 0 1 0 1 0 -1 0 0 3020.dat
1 0 198 -64 10 1 0 0 0 1 0 0 0 1 4590.dat
1 0 198 -64 70 -1 0 0 0 1 0 0 0 -1 4590.dat
1 0 228 -72 40 0 0 -1 0 1 0 1 0 0 3623.dat
1 0 168 -72 40 0 0 -1 0 1 0 1 0 0 3623.dat
1 14 198 -80 10 1 0 0 0 1 0 0 0 1 3023.dat
1 0 168 -80 60 1 0 0 0 1 0 0 0 1 3024.dat
1 0 228 -80 60 1 0 0 0 1 0 0 0 1 3024.dat
1 0 248 -80 40 0 0 -1 0 1 0 1 0 0 3963.dat
1 0 148 -80 40 0 0 1 0 1 0 -1 0 0 3963.dat
1 0 228 -88 50 0 0 1 0 1 0 -1 0 0 3023.dat
1 0 168 -88 50 0 0 1 0 1 0 -1 0 0 3023.dat
1 36 248 -88 40 0 0 1 0 1 0 -1 0 0 3024.dat
1 36 148 -88 40 0 0 1 0 1 0 -1 0 0 3024.dat
1 0 208 -88 10 0.92388 0 0.382683 0 1 0 -0.382683 0 0.92388 4592.dat
1 0 188 -88 10 0.92388 0 -0.382683 0 1 0 0.382683 0 0.92388 4592.dat
1 0 -198 -72 40 0 0 1 0 1 0 -1 0 0 3020.dat
1 0 -198 -64 10 1 0 0 0 1 0 0 0 1 4590.dat
1 0 -198 -64 70 -1 0 0 0 1 0 0 0 -1 4590.dat
1 0 -168 -72 40 0 0 -1 0 1 0 1 0 0 3623.dat
1 0 -228 -72 40 0 0 -1 0 1 0 1 0 0 3623.dat
1 14 -198 -80 10 1 0 0 0 1 0 0 0 1 3023.dat
1 0 -228 -80 60 1 0 0 0 1 0 0 0 1 3024.dat
1 0 -168 -80 60 1 0 0 0 1 0 0 0 1 3024.dat
1 0 -148 -80 40 0 0 -1 0 1 0 1 0 0 3963.dat
1 0 -248 -80 40 0 0 1 0 1 0 -1 0 0 3963.dat
1 0 -168 -88 50 0 0 1 0 1 0 -1 0 0 3023.dat
1 0 -228 -88 50 0 0 1 0 1 0 -1 0 0 3023.dat
1 36 -148 -88 40 0 0 1 0 1 0 -1 0 0 3024.dat
1 36 -248 -88 40 0 0 1 0 1 0 -1 0 0 3024.dat
1 0 -188 -88 10 0.92388 0 0.382683 0 1 0 -0.382683 0 0.92388 4592.dat
1 0 -208 -88 10 0.92388 0 -0.382683 0 1 0 0.382683 0 0.92388 4592.dat
1 0 -198 -152 48 0.866025 0 -0.5 0 1 0 0.5 0 0.866025 2446.dat
1 0 -200.663 -149.229 52.6124 0.866025 0.409576 -0.286788 0 0.573576 0.819152 0.5 -0.709406 0.496731 2447.dat
1 14 -198 -152 48 0.866025 0 -0.5 0 1 0 0.5 0 0.866025 3626.dat
1 0 -198 -125 48 1 0 0 0 1 0 0 0 1 3838.dat
1 0 -198 -125 48 1 0 0 0 1 0 0 0 1 973.dat
1 0 0 -16 60 0 0 1 0 1 0 -1 0 0 3033.dat
1 0 0 -40 160 1 0 0 0 1 0 0 0 1 3001.dat
1 0 0 -40 -40 1 0 0 0 1 0 0 0 1 3001.dat
1 0 50 -40 140 0 0 -1 0 1 0 1 0 0 3004.dat
1 0 -50 -40 140 0 0 1 0 1 0 -1 0 0 3004.dat
1 0 50 -40 40 0 0 1 0 1 0 -1 0 0 3008.dat
1 0 -50 -40 40 0 0 1 0 1 0 -1 0 0 3008.dat
1 0 0 -64 170 -1 0 0 0 1 0 0 0 -1 3701.dat
1 0 0 -64 150 -1 0 0 0 1 0 0 0 -1 3010.dat
1 0 50 -64 80 0 0 -1 0 1 0 1 0 0 3008.dat
1 0 -50 -64 80 0 0 -1 0 1 0 1 0 0 3008.dat
1 0 -50 -64 -20 0 0 -1 0 1 0 1 0 0 3004.dat
1 0 50 -64 -20 0 0 -1 0 1 0 1 0 0 3004.dat
1 0 -20 -64 -40 0 0 1 0 1 0 -1 0 0 4730.dat
1 0 20 -64 -40 0 0 1 0 1 0 -1 0 0 4730.dat
1 0 0 -72 -50 -1 0 0 0 1 0 0 0 -1 3023.dat
1 14 0 -72 -30 -1 0 0 0 1 0 0 0 -1 3666.dat
1 14 50 -72 60 0 0 1 0 1 0 -1 0 0 3460.dat
1 14 -50 -72 60 0 0 1 0 1 0 -1 0 0 3460.dat
1 14 30 -72 150 1 0 0 0 1 0 0 0 1 2420.dat
1 14 -30 -72 150 0 0 -1 0 1 0 1 0 0 2420.dat
1 0 0 -72 160 0 0 -1 0 1 0 1 0 0 3022.dat
1 0 10 -96 -30 0 0 -1 0 1 0 1 0 0 4286.dat
1 0 -10 -96 -30 0 0 1 0 1 0 -1 0 0 4286.dat
1 0 40 -96 150 1 0 0 0 1 0 0 0 1 3937.dat
1 0 0 -96 150 1 0 0 0 1 0 0 0 1 3937.dat
1 0 -40 -96 150 1 0 0 0 1 0 0 0 1 3937.dat
1 0 0 -86 140 1 0 0 0 0 -1 0 1 0 3938.dat
1 0 -40 -86 140 1 0 0 0 0 -1 0 1 0 3938.dat
1 0 40 -86 140 1 0 0 0 0 -1 0 1 0 3938.dat
1 0 0 -106 132 -1 0 0 0 0 1 0 1 0 2419.dat
1 0 -50 -86 108 -1 0 0 0 0 1 0 1 0 3062.dat
1 0 50 -86 108 -1 0 0 0 0 1 0 1 0 3062.dat
1 0 -10 -126 108 -1 0 0 0 0 1 0 1 0 4070.dat
1 0 10 -126 108 -1 0 0 0 0 1 0 1 0 4070.dat
1 0 10 -146 118 1 0 0 0 1 0 0 0 1 4349.dat
1 0 -10 -146 118 1 0 0 0 1 0 0 0 1 4349.dat
1 36 10 -146 96 1 0 0 0 0 1 0 -1 0 6141.dat
1 36 -10 -146 96 1 0 0 0 0 1 0 -1 0 6141.dat
1 0 30 -106 -12 0 0 -1 -1 0 0 0 1 0 2345.dat
1 0 -30 -106 -12 -1 0 0 0 0 1 0 1 0 2345.dat
1 14 0 -116 4 -1 0 0 0 0 1 0 1 0 3022.dat
1 0 0 -86 -12 -1 0 0 0 0 1 0 1 0 3009.dat
1 0 0 -106 -20 -1 0 0 0 0 1 0 1 0 3039.dat
1 0 0 -86 -20 -1 0 0 0 0 1 0 1 0 3069.dat
1 0 -40 -72 240 0 0 1 0 1 0 -1 0 0 4871.dat
1 0 -40 -64 250 0 0 1 0 1 0 -1 0 0 3021.dat
1 0 -40 -72 270 1 0 0 0 1 0 0 0 1 4598.dat
1 0 -40 -72 230 1 0 0 0 1 0 0 0 1 3023.dat
1 36 -40 -80 290 1 0 0 0 1 0 0 0 1 3957.dat
1 0 -40 -80 270 1 0 0 0 1 0 0 0 1 4590.dat
1 0 -60 -96 240 0 0 1 0 1 0 -1 0 0 4730.dat
1 0 -20 -96 240 0 0 1 0 1 0 -1 0 0 4730.dat
1 0 -40 -104 230 -1 0 0 0 1 0 0 0 -1 3023.dat
1 14 -40 -104 250 -1 0 0 0 1 0 0 0 -1 3794.dat
1 0 -40 -120 250 -1 0 0 0 1 0 0 0 -1 4735.dat
1 14 -40 -92 308 -1 0 0 0 0 1 0 1 0 3943.dat
1 0 40 -72 240 0 0 1 0 1 0 -1 0 0 4871.dat
1 0 40 -64 250 0 0 1 0 1 0 -1 0 0 3021.dat
1 0 40 -72 270 1 0 0 0 1 0 0 0 1 4598.dat
1 0 40 -72 230 1 0 0 0 1 0 0 0 1 3023.dat
1 36 40 -80 290 1 0 0 0 1 0 0 0 1 3957.dat
1 0 40 -80 270 1 0 0 0 1 0 0 0 1 4590.dat
1 0 20 -96 240 0 0 1 0 1 0 -1 0 0 4730.dat
1 0 60 -96 240 0 0 1 0 1 0 -1 0 0 4730.dat
1 0 40 -104 230 -1 0 0 0 1 0 0 0 -1 3023.dat
1 14 40 -104 250 -1 0 0 0 1 0 0 0 -1 3794.dat
1 0 40 -120 250 -1 0 0 0 1 0 0 0 -1 4735.dat
1 14 40 -92 308 -1 0 0 0 0 1 0 1 0 3943.dat
1 0 50 -82 -90 1 0 0 0 1 0 0 0 1 752.dat
1 0 94 -54 -30 0 -1 0 1 0 0 0 0 1 752.dat
1 65 94 -54 -30 0 1 0 -1 0 0 0 0 1 755.dat
1 65 50 -82 -90 -1 0 0 0 -1 0 0 0 1 755.dat
1 0 -50 -82 -90 1 0 0 0 1 0 0 0 1 752.dat
1 0 -94 -54 -30 0 1 0 1 0 0 0 0 -1 752.dat
1 65 50.2367 -88.951 -89.9349 -0.9979 0.0551 -0.0349 -0.0545 -0.9984 -0.0176 0.0358 0.0156 -0.9992 756.dat
1 65 50.5194 -91.876 -89.8466 -0.9936 0.0954 -0.0599 -0.0933 -0.995 -0.0356 0.063 0.0297 -0.9976 756.dat
1 65 50.9506 -94.7824 -89.7 -0.9858 0.1456 -0.0832 -0.1407 -0.9881 -0.062 0.0912 0.0494 -0.9946 756.dat
1 65 51.5663 -97.6407 -89.4739 -0.9726 0.2085 -0.1029 -0.1985 -0.975 -0.0996 0.1211 0.0765 -0.9897 756.dat
1 65 52.4161 -100.439 -89.1392 -0.9508 0.2872 -0.1164 -0.2688 -0.9512 -0.1518 0.1543 0.113 -0.9815 756.dat
1 65 53.5479 -103.108 -88.6637 -0.916 0.3832 -0.1189 -0.3518 -0.9095 -0.2212 0.1929 0.1608 -0.9679 756.dat
1 65 55.0071 -105.579 -88.0138 -0.8633 0.4939 -0.104 -0.4442 -0.8413 -0.3081 0.2397 0.2198 -0.9456 756.dat
1 65 56.7991 -107.739 -87.1724 -0.7904 0.609 -0.0662 -0.5361 -0.7399 -0.4063 0.2964 0.2857 -0.9113 756.dat
1 65 58.8973 -109.523 -86.1407 -0.7026 0.7115 -0.0061 -0.6129 -0.6095 -0.5029 0.3616 0.3496 -0.8643 756.dat
1 65 61.212 -110.886 -84.9562 -0.6133 0.787 0.0664 -0.6633 -0.4676 -0.5842 0.4287 0.4024 -0.8089 756.dat
1 65 63.6582 -111.855 -83.6616 -0.535 0.8334 0.139 -0.6873 -0.3336 -0.6453 0.4914 0.4407 -0.7512 756.dat
1 65 66.1831 -112.492 -82.2869 -0.4733 0.8571 0.2031 -0.6913 -0.2185 -0.6888 0.546 0.4664 -0.696 756.dat
1 65 68.7329 -112.854 -80.8649 -0.4283 0.8666 0.256 -0.6829 -0.1249 -0.7197 0.5918 0.4831 -0.6453 756.dat
1 65 71.2809 -112.996 -79.4145 -0.3968 0.8681 0.2983 -0.6676 -0.0499 -0.7428 0.63 0.4939 -0.5993 756.dat
1 65 73.8104 -112.91 -77.9301 -0.3698 0.8623 0.346 -0.6483 0.0272 -0.7609 0.6655 0.5057 -0.549 756.dat
1 65 76.278 -112.497 -76.3902 -0.3368 0.8405 0.4244 -0.624 0.1384 -0.7691 0.7051 0.5239 -0.4779 756.dat
1 65 78.6721 -111.805 -74.8114 -0.3153 0.8121 0.4911 -0.5961 0.2331 -0.7683 0.7384 0.535 -0.4106 756.dat
1 65 80.9571 -110.889 -73.2275 -0.3039 0.7815 0.5449 -0.5676 0.3109 -0.7624 0.7652 0.541 -0.349 756.dat
1 65 83.1668 -109.78 -71.6255 -0.3004 0.7507 0.5884 -0.5393 0.3752 -0.7539 0.7867 0.5438 -0.2921 756.dat
1 65 85.2824 -108.518 -70.0255 -0.3027 0.7208 0.6235 -0.5122 0.4287 -0.7443 0.8038 0.5446 -0.2394 756.dat
1 65 87.3235 -107.117 -68.4192 -0.3097 0.6922 0.6519 -0.4863 0.4738 -0.7342 0.8171 0.5444 -0.1899 756.dat
1 65 89.2777 -105.609 -66.8212 -0.3201 0.665 0.6747 -0.462 0.5122 -0.724 0.8271 0.5434 -0.1433 756.dat
1 65 91.15 -104.006 -65.2312 -0.3331 0.6391 0.6933 -0.4391 0.5456 -0.7138 0.8344 0.5422 -0.0989 756.dat
1 65 92.9609 -102.309 -63.6357 -0.3484 0.6142 0.7081 -0.4174 0.5748 -0.7038 0.8393 0.5408 -0.0562 756.dat
1 65 94.6866 -100.549 -62.0569 -0.3652 0.5902 0.72 -0.3973 0.6006 -0.6938 0.8419 0.5394 -0.0151 756.dat
1 65 96.3464 -98.7184 -60.4796 -0.3834 0.5667 0.7293 -0.3784 0.6239 -0.6838 0.8425 0.5381 0.0248 756.dat
1 65 97.9441 -96.8192 -58.9003 -0.4028 0.5436 0.7364 -0.3606 0.6452 -0.6735 0.8412 0.5369 0.0639 756.dat
1 65 99.483 -94.8521 -57.3152 -0.4233 0.5206 0.7415 -0.3441 0.6647 -0.6631 0.8381 0.5359 0.1023 756.dat
1 65 100.942 -92.8473 -55.7453 -0.4445 0.4976 0.7449 -0.3289 0.6828 -0.6524 0.8332 0.535 0.1398 756.dat
1 65 102.334 -90.7891 -54.1744 -0.4664 0.4742 0.7467 -0.3151 0.6997 -0.6412 0.8265 0.5343 0.1769 756.dat
1 65 103.65 -88.6926 -52.6115 -0.4888 0.4502 0.7473 -0.3028 0.7158 -0.6293 0.8181 0.5339 0.2136 756.dat
1 65 104.9 -86.5393 -51.0404 -0.5119 0.425 0.7465 -0.2921 0.7311 -0.6166 0.8079 0.5337 0.2501 756.dat
1 65 106.071 -84.3444 -49.4708 -0.5355 0.3985 0.7446 -0.2831 0.7459 -0.6029 0.7957 0.5336 0.2866 756.dat
1 65 107.158 -82.1068 -47.9002 -0.5596 0.37 0.7416 -0.2763 0.7603 -0.5879 0.7814 0.5338 0.3232 756.dat
1 65 108.155 -79.8256 -46.3269 -0.5841 0.3391 0.7374 -0.2718 0.7743 -0.5714 0.7648 0.5342 0.3601 756.dat
1 65 109.043 -77.5213 -44.764 -0.6089 0.3048 0.7324 -0.2705 0.7881 -0.5529 0.7457 0.5348 0.3974 756.dat
1 65 109.825 -75.1555 -43.1842 -0.6342 0.2657 0.7261 -0.273 0.8017 -0.5318 0.7234 0.5355 0.4359 756.dat
1 65 110.473 -72.7526 -41.6038 -0.6596 0.2206 0.7186 -0.2803 0.8148 -0.5074 0.6974 0.5361 0.4756 756.dat
1 65 110.96 -70.322 -40.0283 -0.6847 0.167 0.7095 -0.2942 0.8273 -0.4786 0.6669 0.5364 0.5173 756.dat
1 65 111.255 -67.857 -38.4529 -0.7088 0.1017 0.698 -0.3169 0.8382 -0.4439 0.6302 0.5358 0.5619 756.dat
1 65 111.304 -65.3848 -36.8948 -0.7302 0.0191 0.6829 -0.3525 0.8457 -0.4006 0.5852 0.5333 0.6109 756.dat
1 65 111.038 -62.8837 -35.3395 -0.7454 -0.0886 0.6607 -0.4067 0.8458 -0.3453 0.5282 0.5261 0.6665 756.dat
1 65 110.349 -60.4628 -33.8547 -0.7452 -0.232 0.6252 -0.4877 0.8291 -0.2735 0.4549 0.5087 0.7309 756.dat
1 65 109.097 -58.188 -32.4781 -0.7108 -0.4219 0.5629 -0.6044 0.7756 -0.1819 0.3598 0.4695 0.8063 756.dat
1 65 107.184 -56.2612 -31.3274 -0.6127 -0.6451 0.4565 -0.7505 0.6559 -0.0804 0.2475 0.3919 0.8861 756.dat
1 65 104.706 -54.918 -30.5349 -0.4418 -0.8423 0.3088 -0.8857 0.4642 -0.0011 0.1425 0.274 0.9511 756.dat
1 65 101.908 -54.2025 -30.1172 -0.2437 -0.9566 0.1596 -0.9674 0.2516 0.0306 0.0694 0.1469 0.9867 756.dat
1 65 98.9741 -53.9981 -29.9989 -0.0719 -0.9964 0.0441 -0.9971 0.073 0.0232 0.0264 0.0423 0.9988 756.dat
1 65 -94 -54 -30 0 -1 0 -1 0 0 0 0 1 755.dat
1 65 -50 -82 -90 1 0 0 0 -1 0 0 0 1 755.dat
1 65 -50.237 -88.951 -89.935 0.9979 -0.0551 0.0349 -0.0545 -0.9984 -0.0176 0.0358 0.0156 -0.9992 756.dat
1 65 -50.519 -91.876 -89.847 0.9936 -0.0954 0.0599 -0.0933 -0.995 -0.0356 0.063 0.0297 -0.9976 756.dat
1 65 -50.951 -94.782 -89.7 0.9858 -0.1456 0.0832 -0.1407 -0.9881 -0.062 0.0912 0.0494 -0.9946 756.dat
1 65 -51.566 -97.641 -89.474 0.9726 -0.2085 0.1029 -0.1985 -0.975 -0.0996 0.1211 0.0765 -0.9897 756.dat
1 65 -52.416 -100.439 -89.139 0.9508 -0.2872 0.1164 -0.2688 -0.9512 -0.1518 0.1543 0.113 -0.9815 756.dat
1 65 -53.548 -103.108 -88.664 0.916 -0.3832 0.1189 -0.3518 -0.9095 -0.2212 0.1929 0.1608 -0.9679 756.dat
1 65 -55.007 -105.579 -88.014 0.8633 -0.4939 0.104 -0.4442 -0.8413 -0.3081 0.2397 0.2198 -0.9456 756.dat
1 65 -56.799 -107.739 -87.172 0.7904 -0.609 0.0662 -0.5361 -0.7399 -0.4063 0.2964 0.2857 -0.9113 756.dat
1 65 -58.897 -109.523 -86.141 0.7026 -0.7115 0.0061 -0.6129 -0.6095 -0.5029 0.3616 0.3496 -0.8643 756.dat
1 65 -61.212 -110.886 -84.956 0.6133 -0.787 -0.0664 -0.6633 -0.4676 -0.5842 0.4287 0.4024 -0.8089 756.dat
1 65 -63.658 -111.855 -83.662 0.535 -0.8334 -0.139 -0.6873 -0.3336 -0.6453 0.4914 0.4407 -0.7512 756.dat
1 65 -66.183 -112.492 -82.287 0.4733 -0.8571 -0.2031 -0.6913 -0.2185 -0.6888 0.546 0.4664 -0.696 756.dat
1 65 -68.733 -112.854 -80.865 0.4283 -0.8666 -0.256 -0.6829 -0.1249 -0.7197 0.5918 0.4831 -0.6453 756.dat
1 65 -71.281 -112.996 -79.415 0.3968 -0.8681 -0.2983 -0.6676 -0.0499 -0.7428 0.63 0.4939 -0.5993 756.dat
1 65 -73.81 -112.91 -77.93 0.3698 -0.8623 -0.346 -0.6483 0.0272 -0.7609 0.6655 0.5057 -0.549 756.dat
1 65 -76.278 -112.497 -76.39 0.3368 -0.8405 -0.4244 -0.624 0.1384 -0.7691 0.7051 0.5239 -0.4779 756.dat
1 65 -78.672 -111.805 -74.811 0.3153 -0.8121 -0.4911 -0.5961 0.2331 -0.7683 0.7384 0.535 -0.4106 756.dat
1 65 -80.957 -110.889 -73.228 0.3039 -0.7815 -0.5449 -0.5676 0.3109 -0.7624 0.7652 0.541 -0.349 756.dat
1 65 -83.167 -109.78 -71.626 0.3004 -0.7507 -0.5884 -0.5393 0.3752 -0.7539 0.7867 0.5438 -0.2921 756.dat
1 65 -85.282 -108.518 -70.026 0.3027 -0.7208 -0.6235 -0.5122 0.4287 -0.7443 0.8038 0.5446 -0.2394 756.dat
1 65 -87.324 -107.117 -68.419 0.3097 -0.6922 -0.6519 -0.4863 0.4738 -0.7342 0.8171 0.5444 -0.1899 756.dat
1 65 -89.278 -105.609 -66.821 0.3201 -0.665 -0.6747 -0.462 0.5122 -0.724 0.8271 0.5434 -0.1433 756.dat
1 65 -91.15 -104.006 -65.231 0.3331 -0.6391 -0.6933 -0.4391 0.5456 -0.7138 0.8344 0.5422 -0.0989 756.dat
1 65 -92.961 -102.309 -63.636 0.3484 -0.6142 -0.7081 -0.4174 0.5748 -0.7038 0.8393 0.5408 -0.0562 756.dat
1 65 -94.687 -100.549 -62.057 0.3652 -0.5902 -0.72 -0.3973 0.6006 -0.6938 0.8419 0.5394 -0.0151 756.dat
1 65 -96.346 -98.718 -60.48 0.3834 -0.5667 -0.7293 -0.3784 0.6239 -0.6838 0.8425 0.5381 0.0248 756.dat
1 65 -97.944 -96.819 -58.9 0.4028 -0.5436 -0.7364 -0.3606 0.6452 -0.6735 0.8412 0.5369 0.0639 756.dat
1 65 -99.483 -94.852 -57.315 0.4233 -0.5206 -0.7415 -0.3441 0.6647 -0.6631 0.8381 0.5359 0.1023 756.dat
1 65 -100.942 -92.847 -55.745 0.4445 -0.4976 -0.7449 -0.3289 0.6828 -0.6524 0.8332 0.535 0.1398 756.dat
1 65 -102.334 -90.789 -54.174 0.4664 -0.4742 -0.7467 -0.3151 0.6997 -0.6412 0.8265 0.5343 0.1769 756.dat
1 65 -103.65 -88.693 -52.612 0.4888 -0.4502 -0.7473 -0.3028 0.7158 -0.6293 0.8181 0.5339 0.2136 756.dat
1 65 -104.9 -86.539 -51.04 0.5119 -0.425 -0.7465 -0.2921 0.7311 -0.6166 0.8079 0.5337 0.2501 756.dat
1 65 -106.071 -84.344 -49.471 0.5355 -0.3985 -0.7446 -0.2831 0.7459 -0.6029 0.7957 0.5336 0.2866 756.dat
1 65 -107.158 -82.107 -47.9 0.5596 -0.37 -0.7416 -0.2763 0.7603 -0.5879 0.7814 0.5338 0.3232 756.dat
1 65 -108.155 -79.826 -46.327 0.5841 -0.3391 -0.7374 -0.2718 0.7743 -0.5714 0.7648 0.5342 0.3601 756.dat
1 65 -109.043 -77.521 -44.764 0.6089 -0.3048 -0.7324 -0.2705 0.7881 -0.5529 0.7457 0.5348 0.3974 756.dat
1 65 -109.825 -75.156 -43.184 0.6342 -0.2657 -0.7261 -0.273 0.8017 -0.5318 0.7234 0.5355 0.4359 756.dat
1 65 -110.473 -72.753 -41.604 0.6596 -0.2206 -0.7186 -0.2803 0.8148 -0.5074 0.6974 0.5361 0.4756 756.dat
1 65 -110.96 -70.322 -40.028 0.6847 -0.167 -0.7095 -0.2942 0.8273 -0.4786 0.6669 0.5364 0.5173 756.dat
1 65 -111.255 -67.857 -38.453 0.7088 -0.1017 -0.698 -0.3169 0.8382 -0.4439 0.6302 0.5358 0.5619 756.dat
1 65 -111.304 -65.385 -36.895 0.7302 -0.0191 -0.6829 -0.3525 0.8457 -0.4006 0.5852 0.5333 0.6109 756.dat
1 65 -111.038 -62.884 -35.34 0.7454 0.0886 -0.6607 -0.4067 0.8458 -0.3453 0.5282 0.5261 0.6665 756.dat
1 65 -110.349 -60.463 -33.855 0.7452 0.232 -0.6252 -0.4877 0.8291 -0.2735 0.4549 0.5087 0.7309 756.dat
1 65 -109.097 -58.188 -32.478 0.7108 0.4219 -0.5629 -0.6044 0.7756 -0.1819 0.3598 0.4695 0.8063 756.dat
1 65 -107.184 -56.261 -31.327 0.6127 0.6451 -0.4565 -0.7505 0.6559 -0.0804 0.2475 0.3919 0.8861 756.dat
1 65 -104.706 -54.918 -30.535 0.4418 0.8423 -0.3088 -0.8857 0.4642 -0.0011 0.1425 0.274 0.9511 756.dat
1 65 -101.908 -54.203 -30.117 0.2437 0.9566 -0.1596 -0.9674 0.2516 0.0306 0.0694 0.1469 0.9867 756.dat
1 65 -98.974 -53.998 -29.999 0.0719 0.9964 -0.0441 -0.9971 0.073 0.0232 0.0264 0.0423 0.9988 756.dat
