0 Main
0 Name: 6747 - Race Rider - Chopper.mpd
0 Author: LTRON
1 71 -40 -28.483 -5.557 0 0 -1 0.174 0.985 0 0.985 -0.174 0 3034.dat
1 71 40 -28.483 -5.557 0 0 -1 0.174 0.985 0 0.985 -0.174 0 3034.dat
1 0 0 -36.363 -4.165 0 0 -1 0.174 0.985 0 0.985 -0.174 0 3035.dat
1 71 -50 -32.883 15.535 0 0 -1 0.174 0.985 0 0.985 -0.174 0 4477.dat
1 71 50 -32.883 15.535 0 0 -1 0.174 0.985 0 0.985 -0.174 0 4477.dat
1 15 0 -19.783 43.693 0 0 -1 0.174 0.985 0 0.985 -0.174 0 3021.dat
1 15 0 -51.203 -42.173 0 0 -1 0.174 0.985 0 0.985 -0.174 0 3020.dat
1 4 0 -42.503 7.077 1 0 0 0 0.985 0.174 0 -0.174 0.985 3069.dat
1 72 0 -54.783 29.561 -1 0 0 0 0.985 -0.174 0 -0.174 -0.985 2877.dat
1 1 -50 -42.603 98.511 -1 0 0 0 0.985 -0.174 0 -0.174 -0.985 42023.dat
1 1 50 -42.603 98.511 -1 0 0 0 0.985 -0.174 0 -0.174 -0.985 42023.dat
1 1 -50 -49.563 59.111 0 0 -1 0.174 0.985 0 0.985 -0.174 0 32064.dat
1 1 50 -49.563 59.111 0 0 -1 0.174 0.985 0 0.985 -0.174 0 32064.dat
1 4 0 -59.083 -40.781 0 0 -1 0.174 0.985 0 0.985 -0.174 0 3020.dat
1 1 -50 -56.523 19.711 0 0 -1 0.174 0.985 0 0.985 -0.174 0 3660.dat
1 1 50 -56.523 19.711 0 0 1 -0.174 0.985 0 -0.985 -0.174 0 3660.dat
1 0 0 -66.963 -39.389 0 0 -1 0.174 0.985 0 0.985 -0.174 0 3020.dat
1 0 -50 -63.483 -19.689 0 0 -1 0.174 0.985 0 0.985 -0.174 0 3004.dat
1 0 50 -63.483 -19.689 0 0 -1 0.174 0.985 0 0.985 -0.174 0 3004.dat
1 71 50 -72.183 -68.939 1 0 0 0 0.985 0.174 0 -0.174 0.985 3665.dat
1 71 -50 -72.183 -68.939 1 0 0 0 0.985 0.174 0 -0.174 0.985 3665.dat
1 71 -50 -68.703 -49.239 1 0 0 0 0.985 0.174 0 -0.174 0.985 3062.dat
1 71 50 -68.703 -49.239 1 0 0 0 0.985 0.174 0 -0.174 0.985 3062.dat
1 15 0 -95.823 -64.763 -1 0 0 0 0.985 -0.174 0 -0.174 -0.985 30363.dat
1 4 0 -78.423 33.737 -1 0 0 0 0.985 -0.174 0 -0.174 -0.985 3010.dat
1 71 -50 -83.643 4.187 0 0 -1 0.174 0.985 0 0.985 -0.174 0 2730.dat
1 0 -40 -87.713 -76.353 1 0 0 0 0.985 0.174 0 -0.174 0.985 2780.dat
1 1 -60 -84.233 -56.653 -1 0 0 0 0.985 -0.174 0 -0.174 -0.985 4274.dat
1 1 -60 -80.753 -36.953 -1 0 0 0 0.985 -0.174 0 -0.174 -0.985 4274.dat
1 1 -60 -77.273 -17.253 -1 0 0 0 0.985 -0.174 0 -0.174 -0.985 4274.dat
1 1 -40 -73.793 2.447 1 0 0 0 0.985 0.174 0 -0.174 0.985 43093.dat
1 71 -30 -73.793 2.447 0 -1 0 -0.985 0 -0.174 0.174 0 -0.985 32271.dat
1 1 -60 -70.313 22.147 -1 0 0 0 0.985 -0.174 0 -0.174 -0.985 4274.dat
1 0 -60 -66.833 41.847 -1 0 0 0 0.985 -0.174 0 -0.174 -0.985 2780.dat
1 0 0 -130.369 -133.825 -1 0 0 0 0.8924 0.4518 0 0.4518 -0.8924 3706.dat
1 72 -72 -130.369 -133.825 0 1 0 -0.4518 0 0.8924 0.8924 0 0.4518 4589.dat
1 0 0 -90.155 -124.677 -1 0 0 0 -0.4518 0.8924 0 0.8924 0.4518 2904.dat
1 0 20 -94.673 -115.753 -1 0 0 0 -0.4518 0.8924 0 0.8924 0.4518 2780.dat
1 0 -20 -94.673 -115.753 -1 0 0 0 -0.4518 0.8924 0 0.8924 0.4518 2780.dat
1 4 0 -95.4646 -136.3342 -1 0 0 0 -0.4518 0.8924 0 0.8924 0.4518 3069.dat
1 71 30 -73.793 2.447 0 -1 0 -0.985 0 -0.174 0.174 0 -0.985 32271.dat
1 72 72 -130.369 -133.825 0 -1 0 -0.8924 0 0.4518 -0.4518 0 -0.8924 4589.dat
1 0 40 -87.713 -76.353 -1 0 0 0 0.985 -0.174 0 -0.174 -0.985 2780.dat
1 1 40 -73.793 2.447 -1 0 0 0 0.985 -0.174 0 -0.174 -0.985 43093.dat
1 71 50 -83.643 4.187 0 0 -1 0.174 0.985 0 0.985 -0.174 0 2730.dat
1 1 60 -84.233 -56.653 1 0 0 0 0.985 0.174 0 -0.174 0.985 4274.dat
1 1 60 -77.273 -17.253 1 0 0 0 0.985 0.174 0 -0.174 0.985 4274.dat
1 1 60 -80.753 -36.953 1 0 0 0 0.985 0.174 0 -0.174 0.985 4274.dat
1 1 60 -70.313 22.147 1 0 0 0 0.985 0.174 0 -0.174 0.985 4274.dat
1 0 60 -66.833 41.847 1 0 0 0 0.985 0.174 0 -0.174 0.985 2780.dat
1 71 70 -39.713 57.371 0 -1 0 0.985 0 0.174 -0.174 0 0.985 60483.dat
1 72 52 -39.713 57.371 1 0 0 0 0.985 0.174 0 -0.174 0.985 6587.dat
1 1 80 -36.233 77.071 1 0 0 0 0.985 0.174 0 -0.174 0.985 43093.dat
1 72 90 -36.233 77.071 1 0 0 0 0.174 -0.985 0 0.985 0.174 6553.dat
1 72 90 -28.403 121.396 0 0 1 0.985 0.174 0 -0.174 0.985 0 41677.dat
1 71 0 -107.183 -83.071 -1 0 0 0 0.985 -0.174 0 -0.174 -0.985 3666.dat
1 1 0 -103.703 -63.371 -1 0 0 0 0.985 -0.174 0 -0.174 -0.985 3666.dat
1 1 -40 -95.003 -14.121 0 0 -1 0.174 0.985 0 0.985 -0.174 0 3020.dat
1 1 40 -95.003 -14.121 0 0 -1 0.174 0.985 0 0.985 -0.174 0 3020.dat
1 1 0 -84.563 44.979 -1 0 0 0 0.985 -0.174 0 -0.174 -0.985 3795.dat
1 1 -68 -59.313 -30.583 0 1 0 -0.985 0 0.174 0.174 0 0.985 54383.dat
1 1 68 -59.313 -30.583 0 -1 0 0.985 0 0.174 -0.174 0 0.985 54384.dat
1 72 -76 -73.793 2.447 0 1 0 -0.174 0 -0.985 -0.985 0 0.174 6190.dat
1 72 76 -73.793 2.447 0 -1 0 -0.174 0 0.985 -0.985 0 -0.174 6190.dat
1 0 0 -10.163 52.151 -1 0 0 0 0.985 -0.174 0 -0.174 -0.985 3020.dat
1 0 0 -2.283 50.759 -1 0 0 0 0.985 -0.174 0 -0.174 -0.985 2817.dat
1 71 -50 -34.823 188.553 -1 0 0 0 0.985 -0.174 0 -0.174 -0.985 3024.dat
1 71 50 -34.823 188.553 -1 0 0 0 0.985 -0.174 0 -0.174 -0.985 3024.dat
1 0 -50 -34.823 188.553 -1 0 0 0 0.985 -0.174 0 -0.174 -0.985 54200.dat
1 0 50 -34.823 188.553 -1 0 0 0 0.985 -0.174 0 -0.174 -0.985 54200.dat
1 71 0 -45.953 160.047 1 0 0 0 0.985 0.174 0 -0.174 0.985 44294.dat
1 71 65 -45.953 160.047 0 0 1 -0.174 0.985 0 -0.985 -0.174 0 32123.dat
1 0 50 -59.283 142.087 0 0 1 -0.174 0.985 0 -0.985 -0.174 0 3701.dat
1 71 30 -45.953 160.047 0 0 1 -0.174 0.985 0 -0.985 -0.174 0 3713.dat
1 71 10 -45.953 160.047 0 0 1 -0.174 0.985 0 -0.985 -0.174 0 32020.dat
1 256 10 -45.953 160.047 0 0 1 -0.174 0.985 0 -0.985 -0.174 0 32019.dat
1 71 -15 -45.953 160.047 0 0 1 -0.174 0.985 0 -0.985 -0.174 0 4185.dat
1 256 -15 -45.953 160.047 0 0 1 -0.174 0.985 0 -0.985 -0.174 0 2815.dat
1 71 -30 -45.953 160.047 0 0 1 -0.174 0.985 0 -0.985 -0.174 0 3713.dat
1 0 -50 -59.283 142.087 0 0 1 -0.174 0.985 0 -0.985 -0.174 0 3701.dat
1 71 -65 -45.953 160.047 0 0 1 -0.174 0.985 0 -0.985 -0.174 0 32123.dat
1 0 -50 -74.123 104.079 0 0 -1 0.174 0.985 0 0.985 -0.174 0 3710.dat
1 0 50 -74.123 104.079 0 0 -1 0.174 0.985 0 0.985 -0.174 0 3710.dat
1 1 60 -59.873 81.247 1 0 0 0 0.985 0.174 0 -0.174 0.985 43093.dat
1 1 60 -52.913 120.647 1 0 0 0 0.985 0.174 0 -0.174 0.985 43093.dat
1 1 -60 -52.913 120.647 -1 0 0 0 0.985 -0.174 0 -0.174 -0.985 43093.dat
1 1 -60 -59.873 81.247 -1 0 0 0 0.985 -0.174 0 -0.174 -0.985 43093.dat
1 72 65 -52.913 120.647 0 -1 0 -0.985 0 -0.174 0.174 0 -0.985 6632.dat
1 72 -65 -52.913 120.647 0 -1 0 -0.985 0 -0.174 0.174 0 -0.985 6632.dat
1 15 0 -102.883 -12.729 0 0 -1 0.174 0.985 0 0.985 -0.174 0 3795.dat
1 0 0 -115.063 -81.679 -1 0 0 0 0.985 -0.174 0 -0.174 -0.985 3710.dat
1 71 70 -66.833 41.847 -1 0 0 0 0.988534 0.156506 0 0.156506 -0.988534 32013.dat
1 71 70 -82.1374 138.6697 -1 0 0 0 -0.156506 0.988534 0 0.988534 0.156506 3957.dat
1 71 -70 -66.833 41.847 -1 0 0 0 0.988534 0.156506 0 0.156506 -0.988534 32013.dat
1 71 -70 -82.1374 138.6697 -1 0 0 0 -0.156506 0.988534 0 0.988534 0.156506 3957.dat
1 15 -30 -108.103 -42.279 0 0 -1 0.174 0.985 0 0.985 -0.174 0 3623.dat
1 15 30 -108.103 -42.279 0 0 -1 0.174 0.985 0 0.985 -0.174 0 3623.dat
1 72 30 -122.943 -80.287 0 0 -1 0.174 0.985 0 0.985 -0.174 0 6141.dat
1 72 -30 -122.943 -80.287 0 0 -1 0.174 0.985 0 0.985 -0.174 0 6141.dat
1 1 -20 -106.463 59.005 -1 0 0 0 0.985 -0.174 0 -0.174 -0.985 3660.dat
1 1 20 -106.463 59.005 -1 0 0 0 0.985 -0.174 0 -0.174 -0.985 3660.dat
1 1 -40 -113.423 19.605 -1 0 0 0 0.985 -0.174 0 -0.174 -0.985 6565.dat
1 1 40 -113.423 19.605 -1 0 0 0 0.985 -0.174 0 -0.174 -0.985 6564.dat
1 72 50 -122.123 -29.645 0 0 -1 0.174 0.985 0 0.985 -0.174 0 2877.dat
1 72 -50 -122.123 -29.645 0 0 1 -0.174 0.985 0 -0.985 -0.174 0 2877.dat
1 71 0 -131.743 -38.103 -1 0 0 0 0.985 -0.174 0 -0.174 -0.985 3659.dat
1 72 30 -122.943 -80.287 0 0 -1 0.174 0.985 0 0.985 -0.174 0 54200.dat
1 72 -30 -122.943 -80.287 0 0 1 -0.174 0.985 0 -0.985 -0.174 0 54200.dat
1 15 0 -119.563 30.847 -1 0 0 0 0.985 -0.174 0 -0.174 -0.985 3003.dat
1 0 0 -135.223 -57.803 -1 0 0 0 0.985 -0.174 0 -0.174 -0.985 3004.dat
1 1 0 -138.703 -77.503 1 0 0 0 0.985 0.174 0 -0.174 0.985 3660.dat
1 15 0 -112.603 70.247 1 0 0 0 0.985 0.174 0 -0.174 0.985 3020.dat
1 15 -40 -121.303 20.997 -1 0 0 0 0.985 -0.174 0 -0.174 -0.985 43723.dat
1 15 40 -121.303 20.997 -1 0 0 0 0.985 -0.174 0 -0.174 -0.985 43722.dat
1 15 50 -130.003 -28.253 0 0 -1 0.174 0.985 0 0.985 -0.174 0 3023.dat
1 15 -50 -130.003 -28.253 0 0 -1 0.174 0.985 0 0.985 -0.174 0 3023.dat
1 1 0 -123.963 51.939 1 0 0 0 0.985 0.174 0 -0.174 0.985 3020.dat
1 4 0 -134.403 -7.161 0 0 1 -0.174 0.985 0 -0.985 -0.174 0 3020.dat
1 1 30 -134.403 -7.161 0 0 1 -0.174 0.985 0 -0.985 -0.174 0 3710.dat
1 1 -30 -134.403 -7.161 0 0 1 -0.174 0.985 0 -0.985 -0.174 0 3710.dat
1 72 0 -134.503 84.273 1 0 0 0 0.985 0.174 0 -0.174 0.985 3010.dat
1 0 10 -144.843 -66.261 0 0 -1 0.174 0.985 0 0.985 -0.174 0 60470.dat
1 72 53.305 -122.421 -60.0645 -0.731 -0.682 0 -0.67177 0.720035 -0.174 0.118668 -0.127194 -0.985 60478.dat
1 72 53.305 -125.901 -79.7645 -0.731 -0.682 0 -0.67177 0.720035 -0.174 0.118668 -0.127194 -0.985 60478.dat
1 0 58.761 -129.9242 -68.8964 -0.731 -0.682 0 -0.67177 0.720035 -0.174 0.118668 -0.127194 -0.985 4032.dat
1 72 64.217 -135.6864 -67.8785 -0.731 -0.682 0 -0.67177 0.720035 -0.174 0.118668 -0.127194 -0.985 6141.dat
1 72 69.673 -141.4497 -66.8604 -0.731 -0.682 0 -0.67177 0.720035 -0.174 0.118668 -0.127194 -0.985 4740.dat
1 0 -10 -144.843 -66.261 0 0 1 -0.174 0.985 0 -0.985 -0.174 0 60470.dat
1 72 -53.305 -125.901 -79.7645 0.731 0.682 0 -0.67177 0.720035 0.174 0.118668 -0.127194 0.985 60478.dat
1 72 -53.305 -122.421 -60.0645 0.731 0.682 0 -0.67177 0.720035 0.174 0.118668 -0.127194 0.985 60478.dat
1 0 -58.761 -129.9242 -68.8964 0.731 0.682 0 -0.67177 0.720035 0.174 0.118668 -0.127194 0.985 4032.dat
1 72 -64.217 -135.6864 -67.8785 0.731 0.682 0 -0.67177 0.720035 0.174 0.118668 -0.127194 0.985 6141.dat
1 72 -69.673 -141.4497 -66.8604 0.731 0.682 0 -0.67177 0.720035 0.174 0.118668 -0.127194 0.985 4740.dat
1 0 0 -149.243 -45.169 0 0 1 -0.174 0.985 0 -0.985 -0.174 0 3020.dat
1 1 -30 -144.023 -15.619 0 0 1 -0.174 0.985 0 -0.985 -0.174 0 3623.dat
1 1 30 -144.023 -15.619 0 0 1 -0.174 0.985 0 -0.985 -0.174 0 3623.dat
1 72 -10 -140.543 4.081 0 0 1 -0.174 0.985 0 -0.985 -0.174 0 6141.dat
1 72 10 -140.543 4.081 0 0 1 -0.174 0.985 0 -0.985 -0.174 0 6141.dat
1 0 -30 -122.223 61.789 1 0 0 0 0.985 0.174 0 -0.174 0.985 54200.dat
1 0 30 -122.223 61.789 1 0 0 0 0.985 0.174 0 -0.174 0.985 54200.dat
1 1 0 -142.383 85.665 -1 0 0 0 0.985 -0.174 0 -0.174 -0.985 44568.dat
1 0 0 -145.863 65.965 1 0 0 0 0.985 0.174 0 -0.174 0.985 3298.dat
1 1 0 -153.643 -24.077 -1 0 0 0 0.985 -0.174 0 -0.174 -0.985 3020.dat
1 1 0 -160.603 -63.477 -1 0 0 0 0.985 -0.174 0 -0.174 -0.985 3020.dat
1 15 0 -148.423 5.473 -1 0 0 0 0.985 -0.174 0 -0.174 -0.985 3023.dat
1 0 0 -152.003 77.207 -1 0 0 0 0.985 -0.174 0 -0.174 -0.985 3068.dat
1 72 0 -165.823 -93.027 1 0 0 0 0.985 0.174 0 -0.174 0.985 2877.dat
1 15 0 -182.503 -49.451 -1 0 0 0 0.985 -0.174 0 -0.174 -0.985 30363.dat
1 1 30 -168.483 -62.085 0 0 -1 0.174 0.985 0 0.985 -0.174 0 3023.dat
1 1 -30 -168.483 -62.085 0 0 -1 0.174 0.985 0 0.985 -0.174 0 3023.dat
1 1 30 -179.023 -29.751 -1 0 0 0 0.985 -0.174 0 -0.174 -0.985 50950.dat
1 1 -30 -179.023 -29.751 -1 0 0 0 0.985 -0.174 0 -0.174 -0.985 50950.dat
1 1 -10 -185.983 -69.151 1 0 0 0 0.985 0.174 0 -0.174 0.985 3040.dat
1 1 10 -185.983 -69.151 1 0 0 0 0.985 0.174 0 -0.174 0.985 3040.dat
1 1 30 -185.983 -69.151 1 0 0 0 0.985 0.174 0 -0.174 0.985 6091.dat
1 1 -30 -185.983 -69.151 1 0 0 0 0.985 0.174 0 -0.174 0.985 6091.dat
1 1 30 -185.983 -69.151 1 0 0 0 0.985 0.174 0 -0.174 0.985 3024.dat
1 1 -30 -185.983 -69.151 1 0 0 0 0.985 0.174 0 -0.174 0.985 3024.dat
1 15 0 -192.123 -57.909 1 0 0 0 0.985 0.174 0 -0.174 0.985 3068.dat
1 4 0 -137.5589 135.6119 1 0 0 0 0.976782 -0.216479 0 0.216479 0.976782 3021.dat
1 4 -20 -145.3731 133.88 0 0 1 0.216479 0.976782 0 -0.976782 0.216479 0 44302.dat
1 4 20 -145.3731 133.88 0 0 1 0.216479 0.976782 0 -0.976782 0.216479 0 44302.dat
1 1 0 -154.0323 172.9513 0 0 1 0.216479 0.976782 0 -0.976782 0.216479 0 3666.dat
1 4 0 -151.0226 122.3804 1 0 0 0 0.976782 -0.216479 0 0.216479 0.976782 3623.dat
1 15 0 -168.3409 200.5229 0 0 1 0.216479 0.976782 0 -0.976782 0.216479 0 3623.dat
1 15 0 -157.517 151.6838 0 0 1 0.216479 0.976782 0 -0.976782 0.216479 0 3023.dat
1 71 -20 -157.517 151.6838 0 0 1 0.216479 0.976782 0 -0.976782 0.216479 0 2436.dat
1 71 20 -157.517 151.6838 0 0 -1 -0.216479 0.976782 0 0.976782 0.216479 0 2436.dat
1 4 0 -163.1664 140.1842 0 0 -1 -0.216479 0.976782 0 0.976782 0.216479 0 3623.dat
1 1 0 -168.8159 128.6845 0 0 -1 -0.216479 0.976782 0 0.976782 0.216479 0 3023.dat
1 1 0 -175.3103 157.988 0 0 -1 -0.216479 0.976782 0 0.976782 0.216479 0 3024.dat
1 1 0 -174.4653 117.1849 0 0 -1 -0.216479 0.976782 0 0.976782 0.216479 0 3024.dat
1 15 0 -180.9597 146.4883 0 0 -1 -0.216479 0.976782 0 0.976782 0.216479 0 3023.dat
1 1 20 -176.6301 126.9527 -1 0 0 0 0.976782 0.216479 0 0.216479 -0.976782 41747.dat
1 1 -20 -176.6301 126.9527 -1 0 0 0 0.976782 0.216479 0 0.216479 -0.976782 41748.dat
1 15 0 -191.7837 195.3274 -1 0 0 0 0.976782 0.216479 0 0.216479 -0.976782 50950.dat
1 0 0 -184.4444 125.2209 1 0 0 0 0.976782 -0.216479 0 0.216479 0.976782 3021.dat
1 1 -42 -135.8165 146.2456 0 1 0 -0.976782 0 -0.216479 -0.216479 0 0.976782 43722.dat
1 15 -42 -154.2435 183.1521 0 1 0 -0.216479 0 0.976782 0.976782 0 0.216479 2420.dat
1 36 -42 -158.5731 202.6877 0 1 0 0.976782 0 0.216479 0.216479 0 -0.976782 54200.dat
1 72 -42 -152.0787 173.3843 0 1 0 -0.976782 0 -0.216479 -0.216479 0 0.976782 61409.dat
1 57 -42 -134.7079 187.4817 0 1 0 0.216479 0 -0.976782 -0.976782 0 -0.216479 54200.dat
1 1 42 -135.8165 146.2456 0 -1 0 0.976782 0 -0.216479 0.216479 0 0.976782 43723.dat
1 15 42 -154.2435 183.1521 0 -1 0 0.976782 0 -0.216479 0.216479 0 0.976782 2420.dat
1 72 42 -152.0787 173.3843 0 -1 0 0.976782 0 -0.216479 0.216479 0 0.976782 61409.dat
1 36 42 -158.5731 202.6877 0 -1 0 -0.976782 0 0.216479 -0.216479 0 -0.976782 54200.dat
1 57 42 -134.7079 187.4817 0 -1 0 -0.216479 0 -0.976782 0.976782 0 -0.216479 54200.dat
1 0 0 -180.1475 -138.6507 0 1 0 -0.674965 0 0.738832 0.738832 0 0.674965 2780.dat
1 72 20 -176.7726 -142.3448 0 0 -1 0.738832 0.674965 0 0.674965 -0.738832 0 6632.dat
1 72 20 -183.5223 -134.9565 0 0 -1 -0.738832 -0.674965 0 -0.674965 0.738832 0 6632.dat
1 71 -20 -166.6482 -153.4273 0 0 -1 0.674965 -0.738832 0 -0.738832 -0.674965 0 32073.dat
1 71 20 -166.6482 -153.4273 0 0 -1 0.674965 -0.738832 0 -0.738832 -0.674965 0 32073.dat
1 0 -40 -193.6468 -123.874 0 0 -1 0.674965 -0.738832 0 -0.738832 -0.674965 0 32039.dat
1 0 40 -193.6468 -123.874 0 0 1 0.674965 0.738832 0 -0.738832 0.674965 0 32039.dat
1 71 20 -166.6482 -153.4273 1 0 0 0 -0.738832 0.674965 0 -0.674965 -0.738832 3713.dat
1 71 -20 -166.6482 -153.4273 1 0 0 0 -0.738832 0.674965 0 -0.674965 -0.738832 3713.dat
1 71 -20 -153.1489 -168.2039 -1 0 0 0 0.674965 -0.738832 0 -0.738832 -0.674965 60483.dat
1 71 20 -153.1489 -168.2039 -1 0 0 0 0.674965 -0.738832 0 -0.738832 -0.674965 60483.dat
1 1 -20 -174.6752 -174.3149 0 -1 0 -0.674965 0 -0.738832 0.738832 0 -0.674965 4274.dat
1 1 20 -174.6752 -174.3149 0 -1 0 -0.674965 0 -0.738832 0.738832 0 -0.674965 4274.dat
1 71 60 -193.6468 -123.874 -1 0 0 0 0.738832 0.674965 0 0.674965 -0.738832 4519.dat
1 71 -60 -193.6468 -123.874 -1 0 0 0 0.738832 0.674965 0 0.674965 -0.738832 4519.dat
1 256 -80 -193.6468 -123.874 0 0 -1 -0.674965 0.738832 0 0.738832 0.674965 0 45590.dat
1 256 80 -193.6468 -123.874 0 0 -1 -0.674965 0.738832 0 0.738832 0.674965 0 45590.dat
1 71 100 -207.1461 -109.0974 -1 0 0 0 0.738832 0.674965 0 0.674965 -0.738832 4519.dat
1 71 -100 -207.1461 -109.0974 -1 0 0 0 0.738832 0.674965 0 0.674965 -0.738832 4519.dat
1 71 40 -45.2363 -286.363 1 0 0 0 -0.738832 0.674965 0 -0.674965 -0.738832 32013.dat
1 71 40 -85.7342 -242.0331 0 0 1 -0.674965 -0.738832 0 0.738832 -0.674965 0 32073.dat
1 71 40 -119.4825 -205.0914 -1 0 0 0 -0.738832 -0.674965 0 -0.674965 0.738832 59443.dat
1 1 40 -132.9818 -190.3148 0 0 -1 0.674965 -0.738832 0 -0.738832 -0.674965 0 43093.dat
1 0 0 -45.2363 -286.363 1 0 0 0 -0.738832 0.674965 0 -0.674965 -0.738832 3706.dat
1 71 55 -45.2363 -286.363 0 0 1 -0.674965 -0.738832 0 0.738832 -0.674965 0 32123.dat
1 71 25 -45.2363 -286.363 0 0 1 -0.674965 -0.738832 0 0.738832 -0.674965 0 32123.dat
1 71 10 -45.2363 -286.363 0 0 1 -0.674965 -0.738832 0 0.738832 -0.674965 0 32020.dat
1 256 10 -45.2363 -286.363 0 0 1 -0.674965 -0.738832 0 0.738832 -0.674965 0 32019.dat
1 71 -15 -45.2363 -286.363 0 0 1 -0.674965 -0.738832 0 0.738832 -0.674965 0 32123.dat
1 71 -25 -45.2363 -286.363 0 0 1 -0.674965 -0.738832 0 0.738832 -0.674965 0 4185.dat
1 256 -25 -45.2363 -286.363 0 0 1 -0.674965 -0.738832 0 0.738832 -0.674965 0 2815.dat
1 71 -40 -45.2363 -286.363 1 0 0 0 -0.738832 0.674965 0 -0.674965 -0.738832 32013.dat
1 71 -40 -85.7342 -242.0331 0 0 1 -0.674965 -0.738832 0 0.738832 -0.674965 0 32073.dat
1 71 -40 -119.4825 -205.0914 -1 0 0 0 -0.738832 -0.674965 0 -0.674965 0.738832 59443.dat
1 1 -40 -132.9818 -190.3148 0 0 -1 0.674965 -0.738832 0 -0.738832 -0.674965 0 43093.dat
1 71 -55 -45.2363 -286.363 0 0 1 -0.674965 -0.738832 0 0.738832 -0.674965 0 32123.dat
1 71 0 -139.7314 -182.9265 0 0 -1 -0.738832 -0.674965 0 -0.674965 0.738832 0 32316.dat
1 72 0 -146.4811 -175.5382 0 0 -1 -0.674965 0.738832 0 0.738832 0.674965 0 32002.dat
1 1 0 -180.0785 -168.3904 1 0 0 0 0.674965 0.738832 0 -0.738832 0.674965 3623.dat
1 1 0 -185.4783 -162.4798 1 0 0 0 0.674965 0.738832 0 -0.738832 0.674965 3024.dat
1 72 0 -190.878 -156.5691 1 0 0 0 0.674965 0.738832 0 -0.738832 0.674965 4081.dat
1 15 0 -196.2777 -150.6584 1 0 0 0 0.674965 0.738832 0 -0.738832 0.674965 3024.dat
1 1 -20 -196.2777 -150.6584 0 0 1 -0.738832 0.674965 0 -0.674965 -0.738832 0 6541.dat
1 1 20 -196.2777 -150.6584 0 0 1 -0.738832 0.674965 0 -0.674965 -0.738832 0 6541.dat
1 0 0 -201.6774 -144.7478 -1 0 0 0 0.674965 -0.738832 0 -0.738832 -0.674965 3623.dat
1 40 -4 -204.3047 -171.5461 0 1 0 -0.674965 0 0.738832 0.738832 0 0.674965 54200.dat
1 40 4 -204.3047 -171.5461 0 -1 0 0.674965 0 0.738832 -0.738832 0 0.674965 54200.dat
1 40 0 -201.6774 -144.7478 -1 0 0 0 0.674965 -0.738832 0 -0.738832 -0.674965 54200.dat
1 15 -20 -207.0771 -138.8371 1 0 0 0 0.674965 0.738832 0 -0.738832 0.674965 6141.dat
1 15 20 -207.0771 -138.8371 1 0 0 0 0.674965 0.738832 0 -0.738832 0.674965 6141.dat
1 1 30 -189.528 -158.0468 1 0 0 0 0.674965 0.738832 0 -0.738832 0.674965 43093.dat
1 1 -30 -189.528 -158.0468 -1 0 0 0 0.674965 -0.738832 0 -0.738832 -0.674965 43093.dat
1 40 40 -189.528 -158.0468 0 -1 0 0.738832 0 -0.674965 0.674965 0 0.738832 41669.dat
1 40 -40 -189.528 -158.0468 0 1 0 -0.738832 0 -0.674965 -0.674965 0 0.738832 41669.dat
