0 Main
0 Name: 42061-1 - Telehandler.mpd
0 Author: LTRON
1 0 0 -62 0 -1 0 0 0 0 1 0 1 0 32184.dat
1 71 20 -62 -20 -1 0 0 0 0 1 0 1 0 4519.dat
1 71 15 -62 -60 0 1 0 1 0 0 0 0 -1 11478.dat
1 71 25 -62 -60 0 1 0 1 0 0 0 0 -1 11478.dat
1 71 20 -62 20 -1 0 0 0 1 0 0 0 -1 32073.dat
1 0 40 -62 0 -1 0 0 0 0 1 0 1 0 32184.dat
1 1 20 -62 -60 1 0 0 0 0 -1 0 1 0 6558.dat
1 0 0 -62 -140 0 1 0 1 0 0 0 0 -1 40490.dat
1 1 20 -62 -220 1 0 0 0 0 -1 0 1 0 6558.dat
1 0 15 -62 -240 0 1 0 1 0 0 0 0 -1 11478.dat
1 0 25 -62 -240 0 1 0 1 0 0 0 0 -1 11478.dat
1 71 20 -62 -280 -1 0 0 0 0 -1 0 -1 0 4519.dat
1 0 40 -62 -300 -1 0 0 0 0 -1 0 -1 0 32184.dat
1 0 0 -62 -300 -1 0 0 0 0 -1 0 -1 0 32184.dat
1 71 20 -62 -320 -1 0 0 0 0 -1 0 -1 0 4519.dat
1 0 20 -82 -320 -1 0 0 0 -1 0 0 0 1 32184.dat
1 0 40 -62 -140 0 1 0 1 0 0 0 0 -1 40490.dat
1 4 30 -62 -200 -1 0 0 0 1 0 0 0 -1 3706.dat
1 4 10 -62 -100 -1 0 0 0 1 0 0 0 -1 3706.dat
1 72 60 -62 -100 -1 0 0 0 0 -1 0 -1 0 6536.dat
1 72 -20 -62 -200 -1 0 0 0 0 1 0 1 0 6536.dat
1 72 60 -62 -200 -1 0 0 0 0 1 0 1 0 6536.dat
1 72 -20 -62 -100 -1 0 0 0 0 -1 0 -1 0 6536.dat
1 72 20 -42 -300 0 0 -1 0 1 0 1 0 0 32524.dat
1 0 60 -52 -300 0 -1 0 1 0 0 0 0 1 6628.dat
1 0 -20 -52 -300 0 -1 0 1 0 0 0 0 1 6628.dat
1 1 40 -62 -300 0 1 0 -1 0 0 0 0 1 6558.dat
1 1 0 -62 -300 0 1 0 -1 0 0 0 0 1 6558.dat
1 71 80.702 -62 -280.012 -0.999 -0.035 0 0 0 -1 0.035 -0.999 0 48989.dat
1 72 109.981 -62 -301.053 -0.999 -0.035 0 0 0 -1 0.035 -0.999 0 87083.dat
1 71 99.988 -62 -300.702 0.035 0 0.999 0 -1 0 0.999 0 -0.035 3713.dat
1 71 -39.298 -62 -280.012 -0.999 -0.035 0 0 0 -1 0.035 -0.999 0 48989.dat
1 72 -69.981 -62 -298.947 0.999 -0.035 0 0 0 1 -0.035 -0.999 0 87083.dat
1 71 -59.988 -62 -299.298 -0.035 0 -0.999 0 -1 0 -0.999 0 0.035 3713.dat
1 72 21.405 -42 -260.025 0 0 -1 0 1 0 1 0 0 32524.dat
1 72 20 -42 0 0 0 1 0 1 0 -1 0 0 32524.dat
1 0 -20 -52 0 0 1 0 1 0 0 0 0 -1 6628.dat
1 0 60 -52 0 0 1 0 1 0 0 0 0 -1 6628.dat
1 1 0 -62 0 0 -1 0 -1 0 0 0 0 -1 6558.dat
1 1 40 -62 0 0 -1 0 -1 0 0 0 0 -1 6558.dat
1 71 -40.702 -62 -19.988 0.999 0.035 0 0 0 -1 -0.035 0.999 0 48989.dat
1 72 -69.981 -62 1.053 0.999 0.035 0 0 0 -1 -0.035 0.999 0 87083.dat
1 71 -59.988 -62 0.702 -0.035 0 -0.999 0 -1 0 -0.999 0 0.035 3713.dat
1 71 79.298 -62 -19.988 0.999 0.035 0 0 0 -1 -0.035 0.999 0 48989.dat
1 72 109.981 -62 -1.053 -0.999 0.035 0 0 0 1 0.035 0.999 0 87083.dat
1 71 99.988 -62 -0.702 0.035 0 0.999 0 -1 0 0.999 0 -0.035 3713.dat
1 72 18.595 -42 -39.975 0 0 1 0 1 0 -1 0 0 32524.dat
1 0 60 -72 -120 0 -1 0 -1 0 0 0 0 -1 2780.dat
1 0 -20 -72 -120 0 -1 0 -1 0 0 0 0 -1 2780.dat
1 72 20 -82 -300 0 0 -1 0 -1 0 -1 0 0 32524.dat
1 4 20 -82 0 0 0 -1 0 -1 0 -1 0 0 32524.dat
1 72 20 -82 -120 0 0 -1 0 -1 0 -1 0 0 41239.dat
1 1 60 -62 -180 0 0 -1 -1 0 0 0 1 0 6558.dat
1 1 -20 -62 -180 0 0 -1 -1 0 0 0 1 0 6558.dat
1 0 20 -42 -180 0 0 -1 0 -1 0 -1 0 0 32316.dat
1 4 -20 -82 -180 0 0 -1 0 1 0 1 0 0 32526.dat
1 4 60 -82 -180 0 0 1 0 -1 0 1 0 0 32526.dat
1 0 140 -72 -160 0 -1 0 -1 0 0 0 0 -1 2780.dat
1 0 140 -72 -140 0 -1 0 -1 0 0 0 0 -1 2780.dat
1 0 140 -72 -120 0 -1 0 -1 0 0 0 0 -1 2780.dat
1 72 140 -62 -140 1 0 0 0 -1 0 0 0 -1 32523.dat
1 0 -100 -72 -160 0 -1 0 -1 0 0 0 0 -1 2780.dat
1 0 -100 -72 -140 0 -1 0 -1 0 0 0 0 -1 2780.dat
1 0 -100 -72 -120 0 -1 0 -1 0 0 0 0 -1 2780.dat
1 72 -100 -62 -140 1 0 0 0 -1 0 0 0 -1 32523.dat
1 72 103.333 -67 -110.572 -0.943 0.333 0 0 0 1 0.333 0.943 0 6575.dat
1 72 96.667 -57 -129.428 0.943 -0.333 0 0 0 1 -0.333 -0.943 0 6575.dat
1 19 109.999 -72 -91.715 0 -0.333 -0.943 1 0 0 0 -0.943 0.333 3749.dat
1 19 90.001 -52 -148.285 0 -0.303 0.953 -1 0 0 0 -0.953 -0.303 3749.dat
1 4 100 -112 -120 -0.333 0.943 0 0 0 -1 -0.943 -0.333 0 59443.dat
1 0 34.297 -82 -65.845 0.323 0 0.946 0 -1 0 0.946 0 -0.323 40490.dat
1 72 -56.667 -57 -170.572 -0.943 0.333 0 0 0 1 0.333 0.943 0 6575.dat
1 19 -69.999 -72 -208.285 0 0.333 0.943 1 0 0 0 0.943 -0.333 3749.dat
1 72 -63.333 -67 -189.428 0.943 -0.333 0 0 0 1 -0.333 -0.943 0 6575.dat
1 19 -50.001 -52 -151.715 0 0.303 -0.953 -1 0 0 0 0.953 0.303 3749.dat
1 14 -60 -97 -180 0.333 0.943 0 0 0 1 0.943 -0.333 0 32123.dat
1 0 5.703 -82 -234.155 0.323 0 0.946 0 -1 0 0.946 0 -0.323 40490.dat
1 71 -69.951 -32 -152.203 0 0.999 0.032 1 0 0 0 0.032 -0.999 4274.dat
1 0 10.025 -42 -150.244 0.024 0 -1 0 -1 0 -1 0 -0.024 40490.dat
1 1 20 -92 0 0 1 0 -1 0 0 0 0 1 43093.dat
1 0 20 -102 0 1 0 -0.01 0 1 0 0.01 0 1 60483.dat
1 0 19.808 -92 19.998 0 -1 0 -1 0 0 0 0 -1 2780.dat
1 4 40 -250 -64 0 1 0 0 0 1 1 0 0 32348.dat
1 1 20 -230 -64 -1 0 0 0 0 1 0 1 0 6558.dat
1 1 20 -190 -64 -1 0 0 0 0 1 0 1 0 6558.dat
1 1 20 -178 -48 -1 0 0 0 0.188 0.982 0 0.982 -0.188 6558.dat
1 4 20 -190 -204 0 0 -1 0 1 0 1 0 0 18940.dat
1 1 20 -190 -324 -1 0 0 0 0 1 0 1 0 6558.dat
1 1 20 -190 -344 -1 0 0 0 0 1 0 1 0 6558.dat
1 4 40 -250 -344 0 1 0 0 0 1 1 0 0 32140.dat
1 71 20 -102 -160 1 0 0 0 0.827 -0.562 0 0.562 0.827 92693.dat
1 25 20 -118.845 -135.176 1 0 0 0 0.827 -0.562 0 0.562 0.827 92695.dat
1 72 20 -178 -48 1 0 0 0 0.827 -0.562 0 0.562 0.827 92696.dat
1 19 20 -117.161 -137.658 1 0 0 0 -0.827 0.562 0 -0.562 -0.827 6589.dat
1 14 0 -102 -160 1 0 0 0 -0.827 0.562 0 -0.562 -0.827 44294.dat
1 19 3 -102 -160 0 0 -1 0.562 -0.827 0 -0.827 -0.562 0 32198.dat
1 4 0 -250 -64 0 1 0 0 0 1 1 0 0 32348.dat
1 4 0 -250 -344 0 1 0 0 0 1 1 0 0 32140.dat
1 71 20 -154 -16 -1 0 0 0 0.6 0.8 0 0.8 -0.6 32073.dat
1 0 -20 -154 -16 0 -1 0 0.8 0 0.6 -0.6 0 0.8 60483.dat
1 72 0 -142 0 1 0 0 0 1 0 0 0 1 11214.dat
1 71 40 -142 0 1 0 0 0 1 0 0 0 1 32054.dat
1 4 40 -102 -80 0 1 0 -1 0 0 0 0 1 32526.dat
1 4 0 -102 -80 0 1 0 -1 0 0 0 0 1 32526.dat
1 0 -10 -102 -80 1 0 0 0 1 0 0 0 1 2780.dat
1 0 -10 -102 -20 1 0 0 0 1 0 0 0 1 2780.dat
1 0 -10 -122 0 1 0 0 0 1 0 0 0 1 2780.dat
1 0 50 -122 0 1 0 0 0 1 0 0 0 1 2780.dat
1 0 50 -102 -80 1 0 0 0 1 0 0 0 1 2780.dat
1 0 50 -102 -20 1 0 0 0 1 0 0 0 1 2780.dat
1 4 -20 -102 -160 0 -1 0 1 0 0 0 0 1 32278.dat
1 71 -40 -102 -160 0 0 -1 0.827 0.562 0 0.562 -0.827 0 3713.dat
1 4 -70 -102 -160 0 0 -1 0.827 0.562 0 0.562 -0.827 0 59443.dat
1 0 60 -154 -16 0 -1 0 0.8 0 0.6 -0.6 0 0.8 60483.dat
1 14 20 -102 -300 1 0 0 0 1 0 0 0 1 44294.dat
1 0 20 -102 -300 1 0 0 0 -1 0 0 0 -1 62462.dat
1 4 60 -102 -160 0 -1 0 1 0 0 0 0 1 32278.dat
1 71 20 -102 -320 1 0 0 0 0 -1 0 1 0 4519.dat
1 0 60 -62 20 0 1 0 0 0 -1 -1 0 0 32140.dat
1 0 -20 -62 20 0 1 0 0 0 -1 -1 0 0 32140.dat
1 0 -100 -150 -4 0 -1 0 1 0 0 0 0 1 32316.dat
1 0 -80 -150 36 1 0 0 0 1 0 0 0 1 18651.dat
1 0 -80 -150 -34 1 0 0 0 0 1 0 -1 0 32138.dat
1 72 -80 -150 36 1 0 0 0 -1 0 0 0 -1 6536.dat
1 0 -60 -150 36 0 1 0 1 0 0 0 0 -1 6629.dat
1 0 -80 -126 -82 -1 0 0 0 0.8 -0.6 0 -0.6 -0.8 32138.dat
1 0 -100 -102 -200 0 1 0 -1 0 0 0 0 1 6629.dat
1 36 -80 -170 46 1 0 0 0 0 -1 0 1 0 6141.dat
1 72 -40 -102 -100 -1 0 0 0 0.6 0.8 0 0.8 -0.6 11214.dat
1 72 -40 -82 -100 0 -1 0 0 0 1 -1 0 0 32523.dat
1 4 -90 -102 -200 -1 0 0 0 0 1 0 1 0 32062.dat
1 4 -70 -102 -200 0 0 -1 -1 0 0 0 1 0 59443.dat
1 72 -40 -102 -200 -1 0 0 0 0 1 0 1 0 11214.dat
1 72 -40 -102 -200 0 1 0 0 0 1 1 0 0 18654.dat
1 0 -120 -102 -160 0 0 1 0 -1 0 1 0 0 32270.dat
1 71 -80 -122 -140 -1 0 0 0 -1 0 0 0 1 42003.dat
1 0 -80 -122 -130 0 0 1 0 -1 0 1 0 0 2780.dat
1 0 -80 -142 -130 0 0 1 0 -1 0 1 0 0 2780.dat
1 4 -100 -122 -120 -1 0 0 0 1 0 0 0 -1 87080.dat
1 0 -70 -162 -140 1 0 0 0 -1 0 0 0 -1 2780.dat
1 4 -70 -102 -140 1 0 0 0 -1 0 0 0 -1 32062.dat
1 4 -60 -162 -120 0 1 0 1 0 0 0 0 -1 32348.dat
1 1 -50 -162 -120 -1 0 0 0 1 0 0 0 -1 43093.dat
1 0 -60 -102 -140 -1 0 0 0 0 1 0 1 0 63869.dat
1 71 -40 -102 -120 0 0 1 1 0 0 0 1 0 32054.dat
1 4 -40 -132 -120 0 1 0 1 0 0 0 0 -1 32062.dat
1 0 -40 -162 -120 -1 0 0 0 0 -1 0 -1 0 32192.dat
1 0 -80 -92 -120 0 0 1 -1 0 0 0 -1 0 2780.dat
1 0 -40 -122 -300 1 0 0 0 1 0 0 0 1 32184.dat
1 0 -60 -142 -300 1 0 0 0 -1 0 0 0 -1 18651.dat
1 0 -60 -142 -300 0 -1 0 -1 0 0.01 -0.01 0 -1 60483.dat
1 0 -70 -141.8 -320 1 0 0 0 -1 0 0 0 -1 2780.dat
1 47 -40 -122 -310 0 0 -1 1 0 0 0 -1 0 6141.dat
1 0 -80 -142 -260 0 1 0 1 0 0 0 0 -1 11946.dat
1 0 80 -122 -300 1 0 0 0 1 0 0 0 1 32184.dat
1 0 100 -142 -300 -1 0 0 0 -1 0 0 0 1 18651.dat
1 0 100 -142 -300 0 1 0 1 0 0.01 0.01 0 -1 60483.dat
1 0 110 -141.8 -320 1 0 0 0 -1 0 0 0 -1 2780.dat
1 47 80 -122 -310 0 0 1 -1 0 0 0 -1 0 6141.dat
1 0 120 -142 -260 0 -1 0 -1 0 0 0 0 -1 11947.dat
1 71 100 -142 -120 0 0.943 -0.333 1 0 0 0 -0.333 -0.943 4519.dat
1 4 100 -172 -120 -0.333 0.943 0 0 0 -1 -0.943 -0.333 0 59443.dat
1 72 20 -210 -254 0 0 -1 0 1 0 1 0 0 18942.dat
1 71 20 -210 -384 1 0 0 0 1 0 0 0 1 4519.dat
1 71 20 -230 -384 1 0 0 0 1 0 0 0 1 4519.dat
1 71 20 -210 -404 -1 0 0 0 0 1 0 1 0 92907.dat
1 72 -5 -150 -384 0 1 0 0 0 -1 -1 0 0 32250.dat
1 71 20 -150 -424 1 0 0 0 -1 0 0 0 -1 4519.dat
1 71 20 -130 -424 1 0 0 0 -1 0 0 0 -1 4519.dat
1 71 20 -150 -404 -1 0 0 0 0 -1 0 -1 0 92907.dat
1 70 20 -190 -404 0 -1 0 1 0 0 0 0 1 15462.dat
1 71 20 -180 -404 1 0 0 0 0 -1 0 1 0 4716.dat
1 4 20 -240 -404 1 0 0 0 0 -1 0 1 0 59443.dat
1 71 20 -170 -384 1 0 0 0 -0.207 -0.978 0 0.978 -0.207 32073.dat
1 14 5 -170 -384 0 0 1 -0.978 0.207 0 -0.207 -0.978 0 32123.dat
1 72 20 -170 -384 0 0 -1 -0.207 0.978 0 0.978 0.207 0 10928.dat
1 14 35 -170 -384 0 0 1 -0.978 0.207 0 -0.207 -0.978 0 32123.dat
1 72 45 -150 -384 0 1 0 0 0 -1 -1 0 0 32250.dat
1 71 20 -90 -424 1 0 0 0 -0.928 0.372 0 -0.372 -0.928 4519.dat
1 72 0 -90 -424 0 1 0 -0.928 0 -0.372 -0.372 0 0.928 32140.dat
1 72 40 -90 -424 0 1 0 -0.928 0 -0.372 -0.372 0 0.928 32140.dat
1 4 20 -210 -124 1 0 0 0 1 0 0 0 1 32062.dat
1 71 20 -250 -324 0 0 1 0 1 0 -1 0 0 4519.dat
1 4 20 -250 -294 -1 0 0 0 -1 0 0 0 1 59443.dat
1 4 20 -250 -193.993 0 0 1 0 -1 0 1 0 0 3737.dat
1 4 20 -250 -93.988 -1 0 0 0 -1 0 0 0 1 59443.dat
1 71 20 -250 -63.998 0 0 1 0 -1 0 1 0 0 4519.dat
1 4 20 -250 -33.997 -1 0 0 0 -1 0 0 0 1 59443.dat
1 72 64.998 -122.004 -140 0 1 0 0 0 -1 -1 0 0 32251.dat
1 0 99.998 -242.004 -140 -1 0 0 0 0 -1 0 -1 0 3705.dat
1 0 99.998 -122.004 -140 -1 0 0 0 0 -1 0 -1 0 3705.dat
1 0 99.998 -122.004 -220 -1 0 0 0 0 -1 0 -1 0 3705.dat
1 0 79.998 -242.004 -140 0 -1 0 -1 0 0 0 0 -1 60483.dat
1 72 99.998 -242.004 -140 1 0 0 0 0 -1 0 1 0 6536.dat
1 0 99.998 -242.004 -160 1 0 0 0 0 -1 0 1 0 18651.dat
1 72 99.998 -242.004 -160 -1 0 0 0 0 -1 0 -1 0 6536.dat
1 0 119.998 -242.004 -160 0 1 0 -1 0 0 0 0 1 60483.dat
1 71 99.998 -252.004 -180 0 1 0 -1 0 0 0 0 1 4274.dat
1 57 99.998 -258.004 -180 1 0 0 0 1 0 0 0 1 6141.dat
1 0 79.998 -122.004 -140 0 1 0 0 0 1 1 0 0 60483.dat
1 0 69.998 -102.004 -140 1 0 0 0 0 1 0 -1 0 2780.dat
1 19 69.998 -122.004 -200 -1 0 0 0 0 -1 0 -1 0 32002.dat
1 0 79.998 -62.004 -200 0 1 0 0 0 -1 -1 0 0 32140.dat
1 71 79.998 -102.004 -200 -1 0 0 0 0 -1 0 -1 0 32054.dat
1 71 119.998 -102.004 -200 -1 0 0 0 0 -1 0 -1 0 4519.dat
1 0 119.998 -102.004 -200 0 1 0 0 0 -1 -1 0 0 60483.dat
1 19 129.998 -122.004 -200 1 0 0 0 0 1 0 -1 0 32002.dat
1 0 99.998 -142.004 -220 0 1 0 0 0 1 1 0 0 85940.dat
1 0 109.998 -142.004 -220 1 0 0 0 0 1 0 -1 0 2780.dat
1 0 119.998 -122.004 -220 0 -1 0 0 0 -1 1 0 0 60483.dat
1 16 99.998 -158.054 -203.666 -1 0 0 0 0.707 -0.707 0 -0.707 -0.707 30663.dat
1 0 99.998 -122.004 -140 0 1 0 1 0 0 0 0 -1 60483.dat
1 1 99.998 -122.004 -160 1 0 0 0 -0.966 -0.259 0 0.259 -0.966 6558.dat
1 1 79.998 -179.96 -144.471 0 -1 0 -0.259 0 0.966 -0.966 0 -0.259 32140.dat
1 1 119.998 -179.96 -144.471 0 -1 0 -0.259 0 0.966 -0.966 0 -0.259 32140.dat
1 71 99.998 -179.96 -144.471 -1 0 0 0 -0.966 0.259 0 0.259 0.966 4519.dat
1 71 99.998 -179.96 -144.471 0 0 1 0.259 -0.966 0 0.966 0.259 0 3713.dat
1 0 119.998 -122.004 -140 0 1 0 0 0 1 1 0 0 60483.dat
1 72 134.998 -122.004 -140 0 1 0 0 0 -1 -1 0 0 32251.dat
1 4 129.998 -222.004 -140 -1 0 0 0 0 -1 0 -1 0 32062.dat
1 72 129.998 -222.004 -140 -1 0 0 0 1 0 0 0 -1 41678.dat
1 0 139.998 -212.004 -120 0 0 -1 -1 0 0 0 1 0 2780.dat
1 0 119.998 -212.004 -120 0 0 -1 -1 0 0 0 1 0 2780.dat
1 4 69.998 -222.004 -140 -1 0 0 0 0 -1 0 -1 0 32062.dat
1 72 69.998 -222.004 -140 -1 0 0 0 1 0 0 0 -1 41678.dat
1 0 79.998 -212.004 -120 0 0 -1 -1 0 0 0 1 0 2780.dat
1 0 59.998 -212.004 -120 0 0 -1 -1 0 0 0 1 0 2780.dat
1 0 99.998 -202.004 -120 0 0 -1 0 1 0 1 0 0 32316.dat
1 0 140.003 -150.006 -4 0 1 0 -1 0 0 0 0 1 32316.dat
1 0 120.003 -150.006 36 -1 0 0 0 1 0 0 0 -1 18651.dat
1 0 120.003 -150.006 -34 1 0 0 0 0 1 0 -1 0 32138.dat
1 72 120.003 -150.006 36 1 0 0 0 -1 0 0 0 -1 6536.dat
1 0 100.003 -150.006 36 0 1 0 1 0 0 0 0 -1 6629.dat
1 0 120.003 -126.006 -82 -1 0 0 0 0.8 -0.6 0 -0.6 -0.8 32138.dat
1 0 140.003 -102.006 -200 0 1 0 -1 0 0 0 0 1 6629.dat
1 36 120.003 -170.006 46 1 0 0 0 0 -1 0 1 0 6141.dat
1 72 80.003 -102.006 -100 1 0 0 0 0.6 -0.8 0 0.8 0.6 11214.dat
1 72 80.003 -102.006 -100 0 -1 0 0 0 1 -1 0 0 18654.dat
1 0 130.003 -102.006 -140 -1 0 0 0 -1 0 0 0 1 2780.dat
1 70 100.001 -222.011 -120 0 0 1 -1 0 0 0 -1 0 15462.dat
1 0 100.001 -260.014 -120 0 -1 0 0 0 -1 1 0 0 32270.dat
1 0 129.959 -62 -2.103 0.035 -0.001 0.999 -0.025 -1 0 0.999 -0.025 -0.035 56145.dat
1 256 129.959 -62 -2.103 0.035 -0.001 0.999 -0.025 -1 0 0.999 -0.025 -0.035 15413.dat
1 0 129.969 -62 -301.753 0.035 0 0.999 0.01 -1 0 0.999 0.01 -0.035 56145.dat
1 256 129.969 -62 -301.753 0.035 0 0.999 0.01 -1 0 0.999 0.01 -0.035 15413.dat
1 0 -89.969 -62 -298.247 -0.035 0 -0.999 0.013 -1 0 -0.999 -0.013 0.035 56145.dat
1 256 -89.969 -62 -298.247 -0.035 0 -0.999 0.013 -1 0 -0.999 -0.013 0.035 15413.dat
1 0 -89.969 -62 1.753 -0.035 0.001 -0.999 -0.015 -1 0 -0.999 0.015 0.035 56145.dat
1 256 -89.969 -62 1.753 -0.035 0.001 -0.999 -0.015 -1 0 -0.999 0.015 0.035 15413.dat
