0 Main
0 Name: 956 - Auto Chassis.mpd
0 Author: LTRON
1 4 -110 -118.515 -198.769 0 0 1 -0.01 1 0 -1 -0.01 0 3702.dat
1 4 -130 -116.515 1.231 0 0 1 -0.01 1 0 -1 -0.01 0 3703.dat
1 7 -120 -107.915 -138.869 -1 0 0 0 1 -0.01 0 -0.01 -1 3673.dat
1 7 -120 -105.315 121.131 -1 0 0 0 1 -0.01 0 -0.01 -1 3673.dat
1 7 -120 -105.115 141.131 -1 0 0 0 1 -0.01 0 -0.01 -1 3673.dat
1 4 -110 -113.915 261.231 0 0 1 -0.01 1 0 -1 -0.01 0 3703.dat
1 7 -100 -103.915 261.131 -1 0 0 0 1 -0.01 0 -0.01 -1 3673.dat
1 4 -90 -112.515 401.231 0 0 -1 0.01 1 0 1 -0.01 0 3703.dat
1 4 110 -118.515 -198.769 0 0 1 -0.01 1 0 -1 -0.01 0 3702.dat
1 4 130 -116.515 1.231 0 0 1 -0.01 1 0 -1 -0.01 0 3703.dat
1 7 120 -107.915 -138.869 -1 0 0 0 1 -0.01 0 -0.01 -1 3673.dat
1 7 120 -105.315 121.131 -1 0 0 0 1 -0.01 0 -0.01 -1 3673.dat
1 7 120 -105.115 141.131 -1 0 0 0 1 -0.01 0 -0.01 -1 3673.dat
1 4 110 -113.915 261.231 0 0 1 -0.01 1 0 -1 -0.01 0 3703.dat
1 7 100 -103.915 261.131 -1 0 0 0 1 -0.01 0 -0.01 -1 3673.dat
1 4 90 -112.515 401.231 0 0 -1 0.01 1 0 1 -0.01 0 3703.dat
1 4 0 -90.315 220.991 -1 0 0 0 1 -0.01 0 -0.01 -1 3027.dat
1 4 -140 -88.415 410.991 -1 0 0 0 1 -0.01 0 -0.01 -1 3710.dat
1 4 140 -88.415 410.991 -1 0 0 0 1 -0.01 0 -0.01 -1 3710.dat
1 4 0 -87.915 460.991 -1 0 0 0 1 -0.01 0 -0.01 -1 3030.dat
1 4 0 -87.115 540.991 -1 0 0 0 1 -0.01 0 -0.01 -1 3030.dat
1 4 70 -149.4295 -213.3153 0 0 -1 -0.53058 0.84739 0 0.84739 0.53058 0 3702.dat
1 7 80 -119.7275 -241.9162 -1 0 0 0 0.84739 0.53058 0 0.53058 -0.84739 3673.dat
1 7 80 -162.1777 -174.103 -1 0 0 0 0.84739 0.53058 0 0.53058 -0.84739 3673.dat
1 4 90 -149.4295 -213.3153 0 0 -1 -0.53058 0.84739 0 0.84739 0.53058 0 3702.dat
1 7 60 -109.115 -258.869 -1 0 0 0 -1 0.01 0 0.01 1 3673.dat
1 7 60 -172.115 -158.229 -1 0 0 0 -1 0.01 0 0.01 1 3673.dat
1 7 100 -109.115 -258.869 -1 0 0 0 1 -0.01 0 -0.01 -1 3673.dat
1 7 100 -172.115 -158.229 -1 0 0 0 -1 0.01 0 0.01 1 3673.dat
1 4 50 -118.515 -198.769 0 0 1 -0.01 1 0 -1 -0.01 0 3702.dat
1 4 50 -182.115 -158.129 0 0 1 -0.01 1 0 -1 -0.01 0 3700.dat
1 4 110 -182.115 -158.129 0 0 1 -0.01 1 0 -1 -0.01 0 3700.dat
1 4 -100 -92.515 0.991 0 0 -1 0.01 1 0 1 -0.01 0 3027.dat
1 4 100 -92.515 0.991 0 0 -1 0.01 1 0 1 -0.01 0 3027.dat
1 4 0 -86.015 -149.089 -1 0 0 0 1 -0.01 0 -0.01 -1 3460.dat
1 4 0 -94.015 -149.009 -1 0 0 0 1 -0.01 0 -0.01 -1 3710.dat
1 4 -50 -117.515 -98.769 0 0 1 -0.01 1 0 -1 -0.01 0 3004.dat
1 4 50 -117.515 -98.769 0 0 1 -0.01 1 0 -1 -0.01 0 3004.dat
1 4 -80 -115.615 91.231 -1 0 0 0 1 -0.01 0 -0.01 -1 3010.dat
1 4 80 -115.615 91.231 -1 0 0 0 1 -0.01 0 -0.01 -1 3010.dat
1 4 -50 -114.715 181.231 0 0 -1 0.01 1 0 1 -0.01 0 3008.dat
1 4 50 -114.715 181.231 0 0 -1 0.01 1 0 1 -0.01 0 3008.dat
1 4 0 -113.815 271.231 1 0 0 0 1 0.01 0 -0.01 1 3702.dat
1 4 -140 -89.015 350.991 -1 0 0 0 1 -0.01 0 -0.01 -1 3710.dat
1 4 140 -89.015 350.991 -1 0 0 0 1 -0.01 0 -0.01 -1 3710.dat
1 4 0 -94.915 -239.009 -1 0 0 0 1 -0.01 0 -0.01 -1 3032.dat
1 4 -50 -118.515 -198.769 0 0 1 -0.01 1 0 -1 -0.01 0 3702.dat
1 4 0 -118.015 -148.769 -1 0 0 0 1 -0.01 0 -0.01 -1 3701.dat
1 4 -100 -101.115 -58.929 -1 0 0 0 1 -0.01 0 -0.01 -1 3068.dat
1 4 -100 -100.715 -18.929 -1 0 0 0 1 -0.01 0 -0.01 -1 3068.dat
1 4 -100 -100.315 21.071 -1 0 0 0 1 -0.01 0 -0.01 -1 3068.dat
1 4 -100 -99.915 61.071 -1 0 0 0 1 -0.01 0 -0.01 -1 3068.dat
1 4 -60 -101.115 -58.929 -1 0 0 0 1 -0.01 0 -0.01 -1 3068.dat
1 4 -60 -100.715 -18.929 -1 0 0 0 1 -0.01 0 -0.01 -1 3068.dat
1 4 -60 -100.315 21.071 -1 0 0 0 1 -0.01 0 -0.01 -1 3068.dat
1 4 -60 -99.915 61.071 -1 0 0 0 1 -0.01 0 -0.01 -1 3068.dat
1 4 60 -101.115 -58.929 -1 0 0 0 1 -0.01 0 -0.01 -1 3068.dat
1 4 60 -100.715 -18.929 -1 0 0 0 1 -0.01 0 -0.01 -1 3068.dat
1 4 60 -100.315 21.071 -1 0 0 0 1 -0.01 0 -0.01 -1 3068.dat
1 4 60 -99.915 61.071 -1 0 0 0 1 -0.01 0 -0.01 -1 3068.dat
1 4 100 -101.115 -58.929 -1 0 0 0 1 -0.01 0 -0.01 -1 3068.dat
1 4 100 -100.715 -18.929 -1 0 0 0 1 -0.01 0 -0.01 -1 3068.dat
1 4 100 -100.315 21.071 -1 0 0 0 1 -0.01 0 -0.01 -1 3068.dat
1 4 100 -99.915 61.071 -1 0 0 0 1 -0.01 0 -0.01 -1 3068.dat
1 4 -80 -89.215 330.991 -1 0 0 0 1 -0.01 0 -0.01 -1 3710.dat
1 4 80 -89.215 330.991 -1 0 0 0 1 -0.01 0 -0.01 -1 3710.dat
1 4 0 -119.015 -248.769 -1 0 0 0 1 -0.01 0 -0.01 -1 3701.dat
1 4 0 -118.615 -208.769 -1 0 0 0 1 -0.01 0 -0.01 -1 3701.dat
1 4 0 -113.215 331.231 -1 0 0 0 1 -0.01 0 -0.01 -1 3702.dat
1 4 -190 -88.715 380.991 0 0 -1 0.01 1 0 1 -0.01 0 3710.dat
1 4 190 -88.715 380.991 0 0 -1 0.01 1 0 1 -0.01 0 3710.dat
1 4 -160 -113.015 351.231 -1 0 0 0 1 -0.01 0 -0.01 -1 3010.dat
1 4 160 -113.015 351.231 -1 0 0 0 1 -0.01 0 -0.01 -1 3010.dat
1 4 -190 -112.715 381.231 0 0 1 -0.01 1 0 -1 -0.01 0 3700.dat
1 4 190 -112.715 381.231 0 0 1 -0.01 1 0 -1 -0.01 0 3700.dat
1 4 -160 -112.415 411.231 -1 0 0 0 1 -0.01 0 -0.01 -1 3010.dat
1 4 160 -112.415 411.231 -1 0 0 0 1 -0.01 0 -0.01 -1 3010.dat
1 4 -80 -110.815 571.231 -1 0 0 0 1 -0.01 0 -0.01 -1 3660.dat
1 4 -40 -110.815 571.231 -1 0 0 0 1 -0.01 0 -0.01 -1 3660.dat
1 4 0 -110.815 571.231 -1 0 0 0 1 -0.01 0 -0.01 -1 3660.dat
1 4 40 -110.815 571.231 -1 0 0 0 1 -0.01 0 -0.01 -1 3660.dat
1 4 80 -110.815 571.231 -1 0 0 0 1 -0.01 0 -0.01 -1 3660.dat
1 4 0 -127.015 -248.689 -1 0 0 0 1 -0.01 0 -0.01 -1 3666.dat
1 4 0 -126.615 -208.689 -1 0 0 0 1 -0.01 0 -0.01 -1 3666.dat
1 4 0 -121.515 301.311 -1 0 0 0 1 -0.01 0 -0.01 -1 3031.dat
1 4 -80 -121.215 331.311 -1 0 0 0 1 -0.01 0 -0.01 -1 3710.dat
1 4 80 -121.215 331.311 -1 0 0 0 1 -0.01 0 -0.01 -1 3710.dat
1 4 -140 -121.015 351.311 -1 0 0 0 1 -0.01 0 -0.01 -1 3710.dat
1 4 140 -121.015 351.311 -1 0 0 0 1 -0.01 0 -0.01 -1 3710.dat
1 4 -190 -120.715 381.311 0 0 -1 0.01 1 0 1 -0.01 0 3710.dat
1 4 190 -120.715 381.311 0 0 -1 0.01 1 0 1 -0.01 0 3710.dat
1 4 -140 -120.415 411.311 1 0 0 0 1 0.01 0 -0.01 1 3710.dat
1 4 140 -120.415 411.311 1 0 0 0 1 0.01 0 -0.01 1 3710.dat
1 4 -90 -134.515 601.471 0 0 1 -0.01 1 0 -1 -0.01 0 3008.dat
1 4 90 -134.515 601.471 0 0 1 -0.01 1 0 -1 -0.01 0 3008.dat
1 4 0 -134.615 591.471 -1 0 0 0 1 -0.01 0 -0.01 -1 3008.dat
1 4 -110 -126.915 -238.689 0 0 1 -0.01 1 0 -1 -0.01 0 3460.dat
1 4 -120 -125.915 -138.689 0 0 1 -0.01 1 0 -1 -0.01 0 3022.dat
1 4 -110 -135.515 -298.609 0 0 1 -0.01 1 0 -1 -0.01 0 3023.dat
1 4 -110 -134.515 -198.609 0 0 1 -0.01 1 0 -1 -0.01 0 3460.dat
1 4 -90 -161.315 -478.369 0 0 -1 0.01 1 0 1 -0.01 0 3703.dat
1 7 -100 -150.915 -438.469 -1 0 0 0 1 -0.01 0 -0.01 -1 3673.dat
1 7 -100 -150.515 -398.469 -1 0 0 0 1 -0.01 0 -0.01 -1 3673.dat
1 7 -100 -149.915 -338.469 -1 0 0 0 1 -0.01 0 -0.01 -1 3673.dat
1 4 -110 -159.715 -318.369 0 0 1 -0.01 1 0 -1 -0.01 0 3703.dat
1 4 -110 -158.015 -148.369 -1 0 0 0 1 -0.01 0 -0.01 -1 3040.dat
1 4 110 -126.915 -238.689 0 0 1 -0.01 1 0 -1 -0.01 0 3460.dat
1 4 120 -125.915 -138.689 0 0 1 -0.01 1 0 -1 -0.01 0 3022.dat
1 4 110 -135.515 -298.609 0 0 1 -0.01 1 0 -1 -0.01 0 3023.dat
1 4 110 -134.515 -198.609 0 0 1 -0.01 1 0 -1 -0.01 0 3460.dat
1 4 90 -161.315 -478.369 0 0 -1 0.01 1 0 1 -0.01 0 3703.dat
1 7 100 -150.915 -438.469 -1 0 0 0 1 -0.01 0 -0.01 -1 3673.dat
1 7 100 -150.515 -398.469 -1 0 0 0 1 -0.01 0 -0.01 -1 3673.dat
1 7 100 -149.915 -338.469 -1 0 0 0 1 -0.01 0 -0.01 -1 3673.dat
1 4 110 -159.715 -318.369 0 0 1 -0.01 1 0 -1 -0.01 0 3703.dat
1 4 110 -158.015 -148.369 -1 0 0 0 1 -0.01 0 -0.01 -1 3040.dat
1 7 -80 -151.115 -458.469 1 0 0 0 1 0.01 0 -0.01 1 3673.dat
1 7 -80 -150.315 -378.469 1 0 0 0 1 0.01 0 -0.01 1 3673.dat
1 4 -70 -161.115 -458.369 0 0 -1 0.01 1 0 1 -0.01 0 3700.dat
1 4 -70 -160.315 -378.369 0 0 -1 0.01 1 0 1 -0.01 0 3700.dat
1 7 80 -151.115 -458.469 1 0 0 0 1 0.01 0 -0.01 1 3673.dat
1 7 80 -150.315 -378.469 1 0 0 0 1 0.01 0 -0.01 1 3673.dat
1 4 70 -161.115 -458.369 0 0 -1 0.01 1 0 1 -0.01 0 3700.dat
1 4 70 -160.315 -378.369 0 0 -1 0.01 1 0 1 -0.01 0 3700.dat
1 4 -130 -128.815 -228.669 0 0 -1 -1 0.01 0 0.01 1 0 3701.dat
1 4 -130 -128.575 -204.669 0 0 -1 -1 0.01 0 0.01 1 0 3710.dat
1 4 -130 -128.495 -196.669 0 0 -1 -1 0.01 0 0.01 1 0 3710.dat
1 4 -130 -128.415 -188.669 0 0 -1 -1 0.01 0 0.01 1 0 3701.dat
1 7 -120 -148.715 -218.469 1 0 0 0 1 0.01 0 -0.01 1 3673.dat
1 7 -120 -148.315 -178.469 1 0 0 0 1 0.01 0 -0.01 1 3673.dat
1 7 -120 -108.715 -218.869 1 0 0 0 1 0.01 0 -0.01 1 3673.dat
1 7 -120 -108.315 -178.869 1 0 0 0 1 0.01 0 -0.01 1 3673.dat
1 4 130 -128.815 -228.669 0 0 -1 -1 0.01 0 0.01 1 0 3701.dat
1 4 130 -128.575 -204.669 0 0 -1 -1 0.01 0 0.01 1 0 3710.dat
1 4 130 -128.495 -196.669 0 0 -1 -1 0.01 0 0.01 1 0 3710.dat
1 4 130 -128.415 -188.669 0 0 -1 -1 0.01 0 0.01 1 0 3701.dat
1 7 120 -148.715 -218.469 1 0 0 0 1 0.01 0 -0.01 1 3673.dat
1 7 120 -148.315 -178.469 1 0 0 0 1 0.01 0 -0.01 1 3673.dat
1 7 120 -108.715 -218.869 1 0 0 0 1 0.01 0 -0.01 1 3673.dat
1 7 120 -108.315 -178.869 1 0 0 0 1 0.01 0 -0.01 1 3673.dat
1 4 -50 -126.315 -178.689 0 0 1 -0.01 1 0 -1 -0.01 0 3023.dat
1 4 50 -126.315 -178.689 0 0 1 -0.01 1 0 -1 -0.01 0 3023.dat
1 4 0 -126.015 -148.689 -1 0 0 0 1 -0.01 0 -0.01 -1 3666.dat
1 14 -80 -108.515 1.151 -1 0 0 0 1 -0.01 0 -0.01 -1 3031.dat
1 7 -110 -116.515 1.231 0 0 -1 0.01 1 0 1 -0.01 0 3743.dat
1 14 -80 -132.515 1.391 0 0 -1 0.01 1 0 1 -0.01 0 3001.dat
1 14 -50 -116.715 -18.769 0 0 -1 0.01 1 0 1 -0.01 0 3069.dat
1 14 -50 -116.315 21.231 0 0 -1 0.01 1 0 1 -0.01 0 3069.dat
1 14 80 -108.515 1.151 1 0 0 0 1 0.01 0 -0.01 1 3031.dat
1 7 110 -116.515 1.231 0 0 1 -0.01 1 0 -1 -0.01 0 3743.dat
1 14 80 -132.515 1.391 0 0 1 -0.01 1 0 -1 -0.01 0 3001.dat
1 14 50 -116.315 21.231 0 0 1 -0.01 1 0 -1 -0.01 0 3069.dat
1 14 50 -116.715 -18.769 0 0 1 -0.01 1 0 -1 -0.01 0 3069.dat
1 4 -50 -125.115 -58.689 0 0 1 -0.01 1 0 -1 -0.01 0 3460.dat
1 4 -50 -132.115 41.391 0 0 1 -0.01 1 0 -1 -0.01 0 3460.dat
1 4 -50 -123.515 101.311 0 0 1 -0.01 1 0 -1 -0.01 0 3460.dat
1 4 50 -125.115 -58.689 0 0 1 -0.01 1 0 -1 -0.01 0 3460.dat
1 4 50 -132.115 41.391 0 0 1 -0.01 1 0 -1 -0.01 0 3460.dat
1 4 50 -123.515 101.311 0 0 1 -0.01 1 0 -1 -0.01 0 3460.dat
1 4 50 -134.115 -158.609 0 0 -1 0.01 1 0 1 -0.01 0 3710.dat
1 4 50 -158.315 -178.369 0 0 -1 0.01 1 0 1 -0.01 0 3004.dat
1 4 50 -158.015 -148.369 -1 0 0 0 1 -0.01 0 -0.01 -1 3040.dat
1 4 -150 -116.515 1.231 0 0 -1 0.01 1 0 1 -0.01 0 3004.dat
1 4 150 -116.515 1.231 0 0 -1 0.01 1 0 1 -0.01 0 3004.dat
1 4 0 -133.015 -48.609 -1 0 0 0 1 -0.01 0 -0.01 -1 3666.dat
1 4 -150 -140.515 1.471 0 0 1 -0.01 1 0 -1 -0.01 0 3700.dat
1 4 -130 -140.515 1.471 0 0 1 -0.01 1 0 -1 -0.01 0 3700.dat
1 0 -140 -130.515 1.371 -1 0 0 0 0.01 1 0 1 -0.01 3705.dat
1 7 -170 -130.515 1.371 0 0 -1 0.01 1 0 1 -0.01 0 3648.dat
1 7 -110 -130.515 1.371 0 0 -1 0.01 1 0 1 -0.01 0 3647.dat
1 4 130 -140.515 1.471 0 0 1 -0.01 1 0 -1 -0.01 0 3700.dat
1 4 150 -140.515 1.471 0 0 1 -0.01 1 0 -1 -0.01 0 3700.dat
1 0 140 -130.515 1.371 1 0 0 0 -0.01 1 0 -1 -0.01 3705.dat
1 7 170 -130.515 1.371 0 0 1 -0.01 1 0 -1 -0.01 0 3648.dat
1 7 110 -130.515 1.371 0 0 1 -0.01 1 0 -1 -0.01 0 3647.dat
1 0 0 -103.715 281.131 0 0.058 0.998 -0.01 0.998 -0.058 -1 -0.00998 0.00058 3707.dat
1 7 0 -103.035 349.131 0.058 -0.998 0 0.998 0.058 0.01 -0.00998 -0.00058 1 3650.dat
1 7 0 -104.715 181.131 0.998 0.058 0 -0.058 0.998 0.01 0.00058 -0.00998 1 3712.dat
1 0 0 -106.115 41.131 0 0.058 0.998 -0.01 0.998 -0.058 -1 -0.00998 0.00058 3708.dat
1 4 -110 -129.115 341.391 0 0 1 -0.01 1 0 -1 -0.01 0 3023.dat
1 4 110 -129.115 341.391 0 0 1 -0.01 1 0 -1 -0.01 0 3023.dat
1 4 -110 -153.115 341.631 0 0 1 -0.01 1 0 -1 -0.01 0 3004.dat
1 4 110 -153.115 341.631 0 0 1 -0.01 1 0 -1 -0.01 0 3004.dat
1 4 -110 -177.115 341.871 0 0 1 -0.01 1 0 -1 -0.01 0 3004.dat
1 4 110 -177.115 341.871 0 0 1 -0.01 1 0 -1 -0.01 0 3004.dat
1 4 -110 -201.115 342.111 0 0 1 -0.01 1 0 -1 -0.01 0 3700.dat
1 4 110 -201.115 342.111 0 0 1 -0.01 1 0 -1 -0.01 0 3700.dat
1 4 -90 -135.415 511.471 1 0 0 0 1 0.01 0 -0.01 1 3040.dat
1 4 90 -135.415 511.471 1 0 0 0 1 0.01 0 -0.01 1 3040.dat
1 7 -200 -138.815 -628.609 -1 0 0 0 1 -0.01 0 -0.01 -1 3710.dat
1 7 -80 -138.815 -628.609 -1 0 0 0 1 -0.01 0 -0.01 -1 3460.dat
1 7 80 -138.815 -628.609 -1 0 0 0 1 -0.01 0 -0.01 -1 3460.dat
1 7 200 -138.815 -628.609 -1 0 0 0 1 -0.01 0 -0.01 -1 3710.dat
1 0 -160 -162.815 -628.369 -1 0 0 0 1 -0.01 0 -0.01 -1 3009.dat
1 0 0 -162.815 -628.369 -1 0 0 0 1 -0.01 0 -0.01 -1 3008.dat
1 0 160 -162.815 -628.369 -1 0 0 0 1 -0.01 0 -0.01 -1 3009.dat
1 7 0 -107.515 -98.869 0.998 0.058 0 -0.058 0.998 0.01 0.00058 -0.00998 1 3712.dat
1 0 0 -108.515 -198.869 0 0.058 0.998 -0.01 0.998 -0.058 -1 -0.00998 0.00058 3707.dat
1 7 0 -108.215 -168.869 -0.998 -0.058 0 0.058 -0.998 0.01 -0.00058 0.00998 1 3648.dat
1 7 0 -108.415 -188.869 -0.998 -0.058 0 0.058 -0.998 0.01 -0.00058 0.00998 1 3648.dat
1 0 -140 -102.715 381.131 -1 0 0 0 -0.66157 -0.75046 0 -0.75046 0.66157 3737.dat
1 7 -70 -102.715 381.131 0 0 -1 -0.66157 -0.75046 0 -0.75046 0.66157 0 3713.dat
1 7 -20 -102.715 381.131 0 0 -1 0.66157 0.75046 0 0.75046 -0.66157 0 3712.dat
1 0 120 -102.715 381.131 1 0 0 0 0.75046 0.66157 0 -0.66157 0.75046 3708.dat
1 7 30 -102.715 381.131 0 0 1 -0.75046 -0.66157 0 0.66157 -0.75046 0 3648.dat
1 7 50 -102.715 381.131 0 0 -1 0.66157 0.75046 0 0.75046 -0.66157 0 3713.dat
1 7 70 -102.715 381.131 0 0 1 -0.66157 0.75046 0 -0.75046 -0.66157 0 3713.dat
1 7 -130 -121.0048 373.0371 -1 0 0 0 0.4049 -0.91414 0 -0.91414 -0.4049 3651.dat
1 0 -130 -148.4399 360.8962 0 0 1 -0.91414 0.4049 0 -0.4049 -0.91414 0 3705.dat
1 7 -130 -172.8252 350.1049 1 0 0 0 0.4049 0.91414 0 -0.91414 0.4049 3651.dat
1 7 -120 -191.115 342.011 1 0 0 0 -1 -0.01 0 0.01 -1 3673.dat
1 7 130 -121.0048 373.0371 1 0 0 0 -0.4049 -0.91414 0 0.91414 -0.4049 3651.dat
1 0 130 -148.4399 360.8962 0 0 -1 -0.91414 -0.4049 0 -0.4049 0.91414 0 3705.dat
1 7 130 -172.8252 350.1049 -1 0 0 0 -0.4049 0.91414 0 0.91414 0.4049 3651.dat
1 7 120 -191.115 342.011 -1 0 0 0 -1 0.01 0 0.01 1 3673.dat
1 4 -40 -142.615 591.551 1 0 0 0 1 0.01 0 -0.01 1 3666.dat
1 4 60 -142.615 591.551 1 0 0 0 1 0.01 0 -0.01 1 3710.dat
1 7 -200 -109.815 671.231 -1 0 0 0 1 -0.01 0 -0.01 -1 3710.dat
1 7 -80 -109.815 671.231 -1 0 0 0 1 -0.01 0 -0.01 -1 3460.dat
1 7 80 -109.815 671.231 -1 0 0 0 1 -0.01 0 -0.01 -1 3460.dat
1 7 200 -109.815 671.231 -1 0 0 0 1 -0.01 0 -0.01 -1 3710.dat
1 0 -160 -133.815 671.471 -1 0 0 0 1 -0.01 0 -0.01 -1 3009.dat
1 0 0 -133.815 671.471 -1 0 0 0 1 -0.01 0 -0.01 -1 3008.dat
1 0 160 -133.815 671.471 -1 0 0 0 1 -0.01 0 -0.01 -1 3009.dat
1 7 -230 -138.515 -598.609 0 0 1 -0.01 1 0 -1 -0.01 0 3023.dat
1 0 -230 -162.515 -598.369 0 0 1 -0.01 1 0 -1 -0.01 0 3010.dat
1 7 -230 -170.515 -598.289 0 0 1 -0.01 1 0 -1 -0.01 0 3023.dat
1 7 -160 -170.815 -628.289 -1 0 0 0 1 -0.01 0 -0.01 -1 3460.dat
1 7 -40 -170.815 -628.289 -1 0 0 0 1 -0.01 0 -0.01 -1 3710.dat
1 7 80 -170.815 -628.289 -1 0 0 0 1 -0.01 0 -0.01 -1 3460.dat
1 7 200 -170.815 -628.289 -1 0 0 0 1 -0.01 0 -0.01 -1 3710.dat
1 7 230 -170.515 -598.289 0 0 1 -0.01 1 0 -1 -0.01 0 3023.dat
1 0 230 -162.515 -598.369 0 0 1 -0.01 1 0 -1 -0.01 0 3010.dat
1 7 230 -138.515 -598.609 0 0 1 -0.01 1 0 -1 -0.01 0 3023.dat
1 4 80 -175.0797 -217.5743 -1 0 0 0 0.84739 0.53058 0 0.53058 -0.84739 3700.dat
1 4 80 -206.9173 -166.7149 -1 0 0 0 0.84739 0.53058 0 0.53058 -0.84739 3700.dat
1 4 80 -197.7801 -196.3892 0 0 -1 -0.53058 0.84739 0 0.84739 0.53058 0 3020.dat
1 14 -100 -122.315 221.311 0 0 -1 0.01 1 0 1 -0.01 0 3020.dat
1 14 100 -122.315 221.311 0 0 -1 0.01 1 0 1 -0.01 0 3020.dat
1 7 -230 -110.115 641.231 0 0 -1 0.01 1 0 1 -0.01 0 3023.dat
1 0 -230 -134.115 641.471 0 0 -1 0.01 1 0 1 -0.01 0 3010.dat
1 7 -230 -142.115 641.551 0 0 -1 0.01 1 0 1 -0.01 0 3023.dat
1 7 -200 -141.815 671.551 1 0 0 0 1 0.01 0 -0.01 1 3710.dat
1 7 -80 -141.815 671.551 1 0 0 0 1 0.01 0 -0.01 1 3460.dat
1 7 80 -141.815 671.551 1 0 0 0 1 0.01 0 -0.01 1 3460.dat
1 7 200 -141.815 671.551 1 0 0 0 1 0.01 0 -0.01 1 3710.dat
1 7 230 -142.115 641.551 0 0 -1 0.01 1 0 1 -0.01 0 3023.dat
1 0 230 -134.115 641.471 0 0 -1 0.01 1 0 1 -0.01 0 3010.dat
1 7 230 -110.115 641.231 0 0 -1 0.01 1 0 1 -0.01 0 3023.dat
1 4 80 -56.315 -379.409 -1 0 0 0 1 -0.01 0 -0.01 -1 3738.dat
1 4 -80 -56.315 -379.409 -1 0 0 0 1 -0.01 0 -0.01 -1 3738.dat
1 4 80 -64.315 -379.329 -1 0 0 0 1 -0.01 0 -0.01 -1 3022.dat
1 4 -80 -64.315 -379.329 -1 0 0 0 1 -0.01 0 -0.01 -1 3022.dat
1 4 0 -64.715 -419.329 0 0 -1 0.01 1 0 1 -0.01 0 3032.dat
1 4 20 -72.715 -419.249 0 0 -1 0.01 1 0 1 -0.01 0 3068.dat
1 4 -20 -72.715 -419.249 0 0 -1 0.01 1 0 1 -0.01 0 3068.dat
1 4 30 -89.115 -459.089 0 0 -1 0.01 1 0 1 -0.01 0 3660.dat
1 4 0 -89.115 -459.089 0 0 1 -0.01 1 0 -1 -0.01 0 3003.dat
1 4 -30 -89.115 -459.089 0 0 1 -0.01 1 0 -1 -0.01 0 3660.dat
1 4 70 -88.315 -379.089 0 0 -1 0.01 1 0 1 -0.01 0 3039.dat
1 4 30 -88.315 -379.089 0 0 -1 0.01 1 0 1 -0.01 0 3660.dat
1 4 0 -88.315 -379.089 0 0 1 -0.01 1 0 -1 -0.01 0 3003.dat
1 4 -30 -88.315 -379.089 0 0 1 -0.01 1 0 -1 -0.01 0 3660.dat
1 4 -70 -88.315 -379.089 0 0 1 -0.01 1 0 -1 -0.01 0 3039.dat
1 4 0 -97.115 -459.009 1 0 0 0 1 0.01 0 -0.01 1 3034.dat
1 4 0 -96.315 -379.009 1 0 0 0 1 0.01 0 -0.01 1 3034.dat
1 4 140 -64.315 -379.329 1 0 0 0 1 0.01 0 -0.01 1 3022.dat
1 4 -140 -64.315 -379.329 1 0 0 0 1 0.01 0 -0.01 1 3022.dat
1 4 40 -121.215 -468.769 1 0 0 0 1 0.01 0 -0.01 1 3701.dat
1 4 40 -121.015 -448.769 1 0 0 0 1 0.01 0 -0.01 1 3701.dat
1 4 40 -120.415 -388.769 1 0 0 0 1 0.01 0 -0.01 1 3701.dat
1 4 40 -120.215 -368.769 1 0 0 0 1 0.01 0 -0.01 1 3701.dat
1 4 -70 -121.115 -458.769 0 0 1 -0.01 1 0 -1 -0.01 0 3660.dat
1 4 -70 -120.315 -378.769 0 0 1 -0.01 1 0 -1 -0.01 0 3660.dat
1 4 140 -72.315 -379.249 1 0 0 0 1 0.01 0 -0.01 1 3680.dat
1 7 140 -72.315 -379.249 1 0 0 0 1 0.01 0 -0.01 1 3679.dat
1 4 -140 -72.315 -379.249 1 0 0 0 1 0.01 0 -0.01 1 3680.dat
1 7 -140 -72.315 -379.249 1 0 0 0 1 0.01 0 -0.01 1 3679.dat
1 4 80 -129.115 -458.689 -1 0 0 0 1 -0.01 0 -0.01 -1 3020.dat
1 4 80 -137.115 -458.609 -1 0 0 0 1 -0.01 0 -0.01 -1 3020.dat
1 4 -90 -129.115 -458.689 -1 0 0 0 1 -0.01 0 -0.01 -1 3021.dat
1 4 -90 -137.115 -458.609 -1 0 0 0 1 -0.01 0 -0.01 -1 3021.dat
1 4 70 -128.315 -378.689 -1 0 0 0 1 -0.01 0 -0.01 -1 3021.dat
1 4 60 -136.315 -378.609 -1 0 0 0 1 -0.01 0 -0.01 -1 3022.dat
1 4 -80 -128.315 -378.689 -1 0 0 0 1 -0.01 0 -0.01 -1 3022.dat
1 4 -70 -136.315 -378.609 0 0 -1 0.01 1 0 1 -0.01 0 3023.dat
1 4 140 -80.515 -399.169 0 0 -1 0.01 1 0 1 -0.01 0 3709.dat
1 4 160 -88.315 -379.089 1 0 0 0 1 0.01 0 -0.01 1 3709.dat
1 4 -140 -80.515 -399.169 0 0 -1 0.01 1 0 1 -0.01 0 3709.dat
1 4 -160 -88.315 -379.089 1 0 0 0 1 0.01 0 -0.01 1 3709.dat
1 4 0 -80.815 -429.169 1 0 0 0 1 0.01 0 -0.01 1 3666.dat
1 4 0 -80.615 -409.169 1 0 0 0 1 0.01 0 -0.01 1 3666.dat
1 4 60 -88.715 -419.089 1 0 0 0 1 0.01 0 -0.01 1 3709.dat
1 4 0 -88.715 -419.089 1 0 0 0 1 0.01 0 -0.01 1 3022.dat
1 4 -60 -88.715 -419.089 1 0 0 0 1 0.01 0 -0.01 1 3709.dat
1 7 20 -96.815 -429.009 1 0 0 0 1 0.01 0 -0.01 1 3743.dat
1 4 0 -96.615 -409.009 1 0 0 0 1 0.01 0 -0.01 1 3666.dat
1 0 110 -102.715 -418.949 -1 0 0 0 1 -0.01 0 -0.01 -1 3704.dat
1 7 100 -102.715 -418.949 0 0 1 -1 -0.01 0 0.01 -1 0 3651.dat
1 7 120 -102.715 -418.949 0 0 -1 -1 0.01 0 0.01 1 0 3651.dat
1 7 80 -92.715 -419.049 0 1 0 -1 0 0.01 0.01 0 1 3673.dat
1 7 140 -92.715 -419.049 0 1 0 -1 0 0.01 0.01 0 1 3673.dat
1 0 -110 -102.715 -418.949 -1 0 0 0 1 -0.01 0 -0.01 -1 3704.dat
1 7 -120 -102.715 -418.949 0 0 1 -1 -0.01 0 0.01 -1 0 3651.dat
1 7 -100 -102.715 -418.949 0 0 -1 -1 0.01 0 0.01 1 0 3651.dat
1 7 -140 -92.715 -419.049 0 1 0 -1 0 0.01 0.01 0 1 3673.dat
1 7 -80 -92.715 -419.049 0 1 0 -1 0 0.01 0.01 0 1 3673.dat
1 4 190 -112.315 -378.849 0 0 1 -0.01 1 0 -1 -0.01 0 3700.dat
1 4 150 -112.315 -378.849 0 0 1 -0.01 1 0 -1 -0.01 0 3700.dat
1 4 130 -112.315 -378.849 0 0 1 -0.01 1 0 -1 -0.01 0 3700.dat
1 0 180 -102.315 -378.949 1 0 0 0 0.871 -0.49134 0 0.49134 0.871 3707.dat
1 7 170 -102.315 -378.949 0 0 -1 0.49134 -0.871 0 -0.871 -0.49134 0 3713.dat
1 7 110 -102.315 -378.949 0 0 -1 0.49134 -0.871 0 -0.871 -0.49134 0 3713.dat
1 4 -130 -112.315 -378.849 0 0 1 -0.01 1 0 -1 -0.01 0 3700.dat
1 4 -150 -112.315 -378.849 0 0 1 -0.01 1 0 -1 -0.01 0 3700.dat
1 4 -190 -112.315 -378.849 0 0 1 -0.01 1 0 -1 -0.01 0 3700.dat
1 4 160 -120.315 -378.769 1 0 0 0 1 0.01 0 -0.01 1 3709.dat
1 4 -160 -120.315 -378.769 1 0 0 0 1 0.01 0 -0.01 1 3709.dat
1 0 -180 -102.315 -378.949 -1 0 0 0 0.871 0.49134 0 0.49134 -0.871 3707.dat
1 7 -110 -102.315 -378.949 0 0 1 0.49134 0.871 0 -0.871 0.49134 0 3713.dat
1 7 -170 -102.315 -378.949 0 0 1 0.49134 0.871 0 -0.871 0.49134 0 3713.dat
1 0 40 -110.715 -418.869 0 0.383 -0.924 -0.01 -0.924 -0.383 -1 0.00924 0.00383 3707.dat
1 7 40 -111.415 -488.869 0.383 0.924 0 -0.924 0.383 0.01 0.00924 -0.00383 1 3647.dat
1 0 20 -111.115 -458.869 0 1 0 0.01 0 1 1 0 -0.01 3705.dat
1 7 20 -111.415 -488.869 0 1 0 -1 0 0.01 0.01 0 1 3647.dat
1 7 20 -110.815 -428.869 0 1 0 -1 0 0.01 0.01 0 1 3647.dat
1 4 140 -128.315 -378.689 1 0 0 0 1 0.01 0 -0.01 1 3680.dat
1 7 140 -128.315 -378.689 1 0 0 0 1 0.01 0 -0.01 1 3679.dat
1 4 -140 -128.315 -378.689 1 0 0 0 1 0.01 0 -0.01 1 3680.dat
1 7 -140 -128.315 -378.689 1 0 0 0 1 0.01 0 -0.01 1 3679.dat
1 4 120 -136.315 -378.609 1 0 0 0 1 0.01 0 -0.01 1 3709.dat
1 4 -120 -136.315 -378.609 1 0 0 0 1 0.01 0 -0.01 1 3709.dat
1 4 140 -160.315 -378.369 1 0 0 0 1 0.01 0 -0.01 1 3003.dat
1 4 -140 -160.315 -378.369 1 0 0 0 1 0.01 0 -0.01 1 3003.dat
1 4 -120 -168.315 -378.289 1 0 0 0 1 0.01 0 -0.01 1 3709.dat
1 4 120 -168.315 -378.289 1 0 0 0 1 0.01 0 -0.01 1 3709.dat
1 7 -140 -178.315 -378.189 1 0 0 0 -0.01 1 0 -1 -0.01 3713.dat
1 7 140 -178.315 -378.189 -1 0 0 0 0.01 1 0 1 -0.01 3713.dat
1 0 -140 -180.315 -378.169 0 0 1 1 0.01 0 -0.01 1 0 3704.dat
1 0 140 -180.315 -378.169 0 0 1 1 0.01 0 -0.01 1 0 3704.dat
1 7 -250 -102.315 -378.949 -1 0 0 0 -0.49134 0.871 0 0.871 0.49134 3739.dat
1 256 -220 -102.315 -378.949 0 0 -1 -0.871 -0.49134 0 -0.49134 0.871 0 3740.dat
1 7 250 -102.315 -378.949 1 0 0 0 0.49134 0.871 0 -0.871 0.49134 3739.dat
1 256 220 -102.315 -378.949 0 0 1 -0.871 0.49134 0 -0.49134 -0.871 0 3740.dat
1 7 40 -110.015 -348.869 -0.924 -0.383 0 -0.383 0.924 -0.01 0.00383 -0.00924 -1 3712.dat
1 7 40 -109.715 -318.869 -0.924 0.315 0.217 -0.383 -0.76667 -0.51476 0.00383 -0.55939 0.82923 3326.dat
1 7 54.721 -120.8868 -295.2349 0.315 0.812 0.491 -0.76667 0.52246 -0.37216 -0.55939 -0.25925 0.7878 3712.dat
1 0 59.628 -124.6104 -287.3569 0.491 -0.315 -0.812 -0.37216 0.76667 -0.52246 0.7878 0.55939 0.25925 3704.dat
1 7 65.279 -128.9001 -278.2851 -0.803 -0.338 -0.491 -0.54463 0.75174 0.37216 0.24247 0.56654 -0.7878 3712.dat
1 7 80 -140.0719 -254.651 0.383 -0.803 -0.457 -0.78298 -0.54463 0.30066 -0.49022 0.24247 -0.83709 3326.dat
1 7 80 -155.9902 -229.2213 0.383 0.924 0 -0.78298 0.32406 -0.53058 -0.49022 0.20278 0.84739 3712.dat
1 0 80 -214.3597 -135.9784 0 0.383 -0.924 0.53058 -0.78298 -0.32406 -0.84739 -0.49022 -0.20278 3708.dat
1 7 80 -209.054 -144.4553 -0.383 -0.924 0 0.78298 -0.32406 -0.53058 0.49022 -0.20278 0.84739 3713.dat
1 7 80 -262.1167 -59.6882 -0.383 -0.924 0 0.78298 -0.32406 -0.53058 0.49022 -0.20278 0.84739 3713.dat
1 7 80 -272.7292 -42.7354 0.924 -0.383 0 0.32406 0.78298 -0.53058 0.20278 0.49022 0.84739 3736.dat
1 14 -130 -167.2477 7.0699 0 0 -1 0.23474 0.97175 0 0.97175 -0.23474 0 3666.dat
1 14 -80 -167.2477 7.0699 0 0 -1 0.23474 0.97175 0 0.97175 -0.23474 0 3032.dat
1 14 -110 -184.4113 -29.9222 1 0 0 0 0.97175 0.23474 0 -0.23474 0.97175 3021.dat
1 14 -110 -175.0217 8.9478 1 0 0 0 0.97175 0.23474 0 -0.23474 0.97175 3021.dat
1 14 -110 -165.6321 47.8178 1 0 0 0 0.97175 0.23474 0 -0.23474 0.97175 3021.dat
1 14 -60 -182.0639 -20.2047 0 0 1 -0.23474 0.97175 0 -0.97175 -0.23474 0 3021.dat
1 14 -60 -167.9795 38.1003 0 0 1 -0.23474 0.97175 0 -0.97175 -0.23474 0 3021.dat
1 14 -130 -186.6067 63.169 0 0 1 -0.23474 0.97175 0 -0.97175 -0.23474 0 3005.dat
1 14 -80 -186.6067 63.169 -1 0 0 0 0.97175 -0.23474 0 -0.23474 -0.97175 3010.dat
1 14 -80 -138.0192 51.432 1 0 0 0 0.97175 0.23474 0 -0.23474 0.97175 3148.dat
1 4 -80 -138.0192 51.432 1 0 0 0 0.97175 0.23474 0 -0.23474 0.97175 313.dat
1 14 -80 -138.0192 51.432 1 0 0 0 0.999301 0.009993 0 -0.009993 0.999301 3149.dat
1 14 -80 -158.7419 -25.8385 1 0 0 0 0.97175 0.23474 0 -0.23474 0.97175 3023.dat
1 14 -80 -150.9679 -27.7164 1 0 0 0 0.97175 0.23474 0 -0.23474 0.97175 3023.dat
1 14 -100 -209.9287 68.8028 -1 0 0 0 0.97175 -0.23474 0 -0.23474 -0.97175 3010.dat
1 14 -50 -209.9287 68.8028 0 0 1 -0.23474 0.97175 0 -0.97175 -0.23474 0 3005.dat
1 14 -130 -233.2507 74.4366 0 0 1 -0.23474 0.97175 0 -0.97175 -0.23474 0 3005.dat
1 14 -80 -233.2507 74.4366 -1 0 0 0 0.97175 -0.23474 0 -0.23474 -0.97175 3010.dat
1 14 -100 -256.5727 80.0703 -1 0 0 0 0.97175 -0.23474 0 -0.23474 -0.97175 3010.dat
1 14 -50 -256.5727 80.0703 0 0 1 -0.23474 0.97175 0 -0.97175 -0.23474 0 3005.dat
1 14 -110 -279.8947 85.7041 0 0 1 -0.23474 0.97175 0 -0.97175 -0.23474 0 3040.dat
1 14 -90 -279.8947 85.7041 0 0 1 -0.23474 0.97175 0 -0.97175 -0.23474 0 3005.dat
1 14 -70 -279.8947 85.7041 0 0 -1 0.23474 0.97175 0 0.97175 -0.23474 0 3040.dat
1 14 50 -167.2519 7.0449 0 0 -1 0.23474 0.97175 0 0.97175 -0.23474 0 3666.dat
1 14 100 -167.2519 7.0449 0 0 -1 0.23474 0.97175 0 0.97175 -0.23474 0 3032.dat
1 14 70 -184.4155 -29.9472 1 0 0 0 0.97175 0.23474 0 -0.23474 0.97175 3021.dat
1 14 70 -175.0259 8.9228 1 0 0 0 0.97175 0.23474 0 -0.23474 0.97175 3021.dat
1 14 70 -165.6363 47.7928 1 0 0 0 0.97175 0.23474 0 -0.23474 0.97175 3021.dat
1 14 120 -182.0681 -20.2297 0 0 1 -0.23474 0.97175 0 -0.97175 -0.23474 0 3021.dat
1 14 120 -167.9837 38.0753 0 0 1 -0.23474 0.97175 0 -0.97175 -0.23474 0 3021.dat
1 14 50 -186.6109 63.1441 0 0 1 -0.23474 0.97175 0 -0.97175 -0.23474 0 3005.dat
1 14 100 -186.6109 63.1441 -1 0 0 0 0.97175 -0.23474 0 -0.23474 -0.97175 3010.dat
1 14 80 -138.0234 51.4071 1 0 0 0 0.97175 0.23474 0 -0.23474 0.97175 3148.dat
1 4 80 -138.0234 51.4071 1 0 0 0 0.97175 0.23474 0 -0.23474 0.97175 313.dat
1 14 80 -138.0234 51.4071 1 0 0 0 0.999301 0.009993 0 -0.009993 0.999301 3149.dat
1 14 80 -158.7461 -25.8634 1 0 0 0 0.97175 0.23474 0 -0.23474 0.97175 3023.dat
1 14 80 -150.9721 -27.7414 1 0 0 0 0.97175 0.23474 0 -0.23474 0.97175 3023.dat
1 14 80 -209.9329 68.7778 -1 0 0 0 0.97175 -0.23474 0 -0.23474 -0.97175 3010.dat
1 14 130 -209.9329 68.7778 0 0 1 -0.23474 0.97175 0 -0.97175 -0.23474 0 3005.dat
1 14 50 -233.2549 74.4116 0 0 1 -0.23474 0.97175 0 -0.97175 -0.23474 0 3005.dat
1 14 100 -233.2549 74.4116 -1 0 0 0 0.97175 -0.23474 0 -0.23474 -0.97175 3010.dat
1 14 80 -256.5769 80.0454 -1 0 0 0 0.97175 -0.23474 0 -0.23474 -0.97175 3010.dat
1 14 130 -256.5769 80.0454 0 0 1 -0.23474 0.97175 0 -0.97175 -0.23474 0 3005.dat
1 14 70 -279.8989 85.6791 0 0 1 -0.23474 0.97175 0 -0.97175 -0.23474 0 3040.dat
1 14 90 -279.8989 85.6791 0 0 1 -0.23474 0.97175 0 -0.97175 -0.23474 0 3005.dat
1 14 110 -279.8989 85.6791 0 0 -1 0.23474 0.97175 0 0.97175 -0.23474 0 3040.dat
1 14 0 -157.0477 226.9899 1 0 0 0 0.97175 0.23474 0 -0.23474 0.97175 3027.dat
1 14 -100 -127.8192 271.3521 1 0 0 0 0.97175 0.23474 0 -0.23474 0.97175 3148.dat
1 14 100 -127.8192 271.3521 1 0 0 0 0.97175 0.23474 0 -0.23474 0.97175 3148.dat
1 4 -100 -127.8192 271.3521 1 0 0 0 0.97175 0.23474 0 -0.23474 0.97175 313.dat
1 4 100 -127.8192 271.3521 1 0 0 0 0.97175 0.23474 0 -0.23474 0.97175 313.dat
1 14 -100 -127.8192 271.3521 1 0 0 0 0.999301 0.009993 0 -0.009993 0.999301 3149.dat
1 14 100 -127.8192 271.3521 1 0 0 0 0.999301 0.009993 0 -0.009993 0.999301 3149.dat
1 14 -100 -148.5419 194.0815 1 0 0 0 0.97175 0.23474 0 -0.23474 0.97175 3023.dat
1 14 -100 -140.7679 192.2036 1 0 0 0 0.97175 0.23474 0 -0.23474 0.97175 3023.dat
1 14 100 -148.5419 194.0815 1 0 0 0 0.97175 0.23474 0 -0.23474 0.97175 3023.dat
1 14 100 -140.7679 192.2036 1 0 0 0 0.97175 0.23474 0 -0.23474 0.97175 3023.dat
1 14 -100 -168.6327 281.2111 1 0 0 0 0.97175 0.23474 0 -0.23474 0.97175 3009.dat
1 14 100 -168.6327 281.2111 1 0 0 0 0.97175 0.23474 0 -0.23474 0.97175 3009.dat
1 14 -30 -153.0847 277.4553 1 0 0 0 0.97175 0.23474 0 -0.23474 0.97175 3024.dat
1 14 30 -153.0847 277.4553 1 0 0 0 0.97175 0.23474 0 -0.23474 0.97175 3024.dat
1 14 -30 -158.5113 289.0507 0 0 1 -0.23474 0.97175 0 -0.97175 -0.23474 0 3023.dat
1 14 30 -158.5113 289.0507 0 0 1 -0.23474 0.97175 0 -0.97175 -0.23474 0 3023.dat
1 14 0 -163.9379 300.6461 -1 0 0 0 0.97175 -0.23474 0 -0.23474 -0.97175 3710.dat
1 14 -30 -168.6327 281.2111 -1 0 0 0 0.97175 -0.23474 0 -0.23474 -0.97175 3024.dat
1 14 30 -168.6327 281.2111 -1 0 0 0 0.97175 -0.23474 0 -0.23474 -0.97175 3024.dat
1 14 -30 -194.3021 277.1274 0 0 1 -0.23474 0.97175 0 -0.97175 -0.23474 0 3700.dat
1 14 30 -194.3021 277.1274 0 0 1 -0.23474 0.97175 0 -0.97175 -0.23474 0 3700.dat
1 7 -20 -184.5846 274.78 1 0 0 0 0.97175 0.23474 0 -0.23474 0.97175 3673.dat
1 7 20 -184.5846 274.78 1 0 0 0 0.97175 0.23474 0 -0.23474 0.97175 3673.dat
1 14 -10 -198.9969 257.6924 0 0 1 -0.23474 0.97175 0 -0.97175 -0.23474 0 3701.dat
1 7 0 -193.9742 235.91 -1 0 0 0 0.97175 -0.23474 0 -0.23474 -0.97175 3673.dat
1 7 0 -189.2794 255.345 -1 0 0 0 0.97175 -0.23474 0 -0.23474 -0.97175 3673.dat
1 14 10 -198.9969 257.6924 0 0 -1 0.23474 0.97175 0 0.97175 -0.23474 0 3701.dat
1 14 0 -168.6327 281.2111 -1 0 0 0 0.97175 -0.23474 0 -0.23474 -0.97175 3023.dat
1 14 -100 -191.9547 286.8449 1 0 0 0 0.97175 0.23474 0 -0.23474 0.97175 3009.dat
1 14 100 -191.9547 286.8449 1 0 0 0 0.97175 0.23474 0 -0.23474 0.97175 3009.dat
1 14 -150 -215.2767 292.4786 1 0 0 0 0.97175 0.23474 0 -0.23474 0.97175 3005.dat
1 14 -80 -215.2767 292.4786 1 0 0 0 0.97175 0.23474 0 -0.23474 0.97175 3009.dat
1 14 80 -215.2767 292.4786 1 0 0 0 0.97175 0.23474 0 -0.23474 0.97175 3009.dat
1 14 150 -215.2767 292.4786 1 0 0 0 0.97175 0.23474 0 -0.23474 0.97175 3005.dat
1 14 -100 -238.5987 298.1124 1 0 0 0 0.97175 0.23474 0 -0.23474 0.97175 3009.dat
1 14 -30 -238.5987 298.1124 1 0 0 0 0.97175 0.23474 0 -0.23474 0.97175 3005.dat
1 14 30 -238.5987 298.1124 1 0 0 0 0.97175 0.23474 0 -0.23474 0.97175 3005.dat
1 14 100 -238.5987 298.1124 1 0 0 0 0.97175 0.23474 0 -0.23474 0.97175 3009.dat
1 14 -130 -261.9207 303.7462 0 0 1 -0.23474 0.97175 0 -0.97175 -0.23474 0 3040.dat
1 14 -100 -261.9207 303.7462 -1 0 0 0 0.97175 -0.23474 0 -0.23474 -0.97175 3004.dat
1 14 -70 -246.3727 299.9903 -1 0 0 0 0.97175 -0.23474 0 -0.23474 -0.97175 3024.dat
1 14 -40 -246.3727 299.9903 -1 0 0 0 0.97175 -0.23474 0 -0.23474 -0.97175 3023.dat
1 14 40 -246.3727 299.9903 -1 0 0 0 0.97175 -0.23474 0 -0.23474 -0.97175 3023.dat
1 14 70 -246.3727 299.9903 -1 0 0 0 0.97175 -0.23474 0 -0.23474 -0.97175 3024.dat
1 14 0 -254.1467 301.8682 1 0 0 0 0.97175 0.23474 0 -0.23474 0.97175 3460.dat
1 14 0 -261.9207 303.7462 1 0 0 0 0.97175 0.23474 0 -0.23474 0.97175 3460.dat
1 14 100 -261.9207 303.7462 -1 0 0 0 0.97175 -0.23474 0 -0.23474 -0.97175 3004.dat
1 14 130 -261.9207 303.7462 0 0 -1 0.23474 0.97175 0 0.97175 -0.23474 0 3040.dat
1 7 -250 -102.715 381.131 -1 0 0 0 -0.75046 0.66157 0 0.66157 0.75046 3739.dat
1 256 -220 -102.715 381.131 0 0 -1 -0.66157 -0.75046 0 -0.75046 0.66157 0 3740.dat
1 7 250 -102.715 381.131 1 0 0 0 0.75046 0.66157 0 -0.66157 0.75046 3739.dat
1 256 220 -102.715 381.131 0 0 1 -0.66157 0.75046 0 -0.75046 -0.66157 0 3740.dat
1 1 -20 -193.815 -528.049 1 0 0 0 1 0.01 0 -0.01 1 3010.dat
1 1 -50 -192.915 -438.049 0 0 1 -0.01 1 0 -1 -0.01 0 3460.dat
1 1 10 -192.915 -438.049 0 0 1 -0.01 1 0 -1 -0.01 0 3460.dat
1 1 -50 -191.515 -298.049 0 0 1 -0.01 1 0 -1 -0.01 0 3666.dat
1 1 10 -191.515 -298.049 0 0 1 -0.01 1 0 -1 -0.01 0 3666.dat
1 1 0 -183.015 -248.129 -1 0 0 0 1 -0.01 0 -0.01 -1 3666.dat
1 1 0 -175.015 -248.209 -1 0 0 0 1 -0.01 0 -0.01 -1 3666.dat
1 1 -40 -201.715 -517.969 -1 0 0 0 1 -0.01 0 -0.01 -1 3022.dat
1 1 0 -201.815 -527.969 -1 0 0 0 1 -0.01 0 -0.01 -1 3023.dat
1 7 -60 -201.315 -477.969 -1 0 0 0 1 -0.01 0 -0.01 -1 3022.dat
1 7 -60 -200.715 -417.969 -1 0 0 0 1 -0.01 0 -0.01 -1 3022.dat
1 7 -60 -200.115 -357.969 -1 0 0 0 1 -0.01 0 -0.01 -1 3022.dat
1 7 -60 -199.515 -297.969 -1 0 0 0 1 -0.01 0 -0.01 -1 3022.dat
1 7 20 -201.315 -477.969 -1 0 0 0 1 -0.01 0 -0.01 -1 3022.dat
1 7 20 -200.715 -417.969 -1 0 0 0 1 -0.01 0 -0.01 -1 3022.dat
1 7 20 -200.115 -357.969 -1 0 0 0 1 -0.01 0 -0.01 -1 3022.dat
1 7 20 -199.515 -297.969 -1 0 0 0 1 -0.01 0 -0.01 -1 3022.dat
1 1 -40 -201.015 -447.969 -1 0 0 0 1 -0.01 0 -0.01 -1 3023.dat
1 1 -40 -200.415 -387.969 -1 0 0 0 1 -0.01 0 -0.01 -1 3023.dat
1 1 -40 -199.815 -327.969 -1 0 0 0 1 -0.01 0 -0.01 -1 3023.dat
1 14 20 -201.615 -507.969 -1 0 0 0 1 -0.01 0 -0.01 -1 3710.dat
1 14 20 -201.015 -447.969 -1 0 0 0 1 -0.01 0 -0.01 -1 3710.dat
1 14 20 -200.415 -387.969 -1 0 0 0 1 -0.01 0 -0.01 -1 3710.dat
1 14 20 -199.815 -327.969 -1 0 0 0 1 -0.01 0 -0.01 -1 3710.dat
1 1 -30 -190.315 -178.049 0 0 -1 0.01 1 0 1 -0.01 0 3460.dat
1 1 -10 -191.015 -248.049 0 0 -1 0.01 1 0 1 -0.01 0 3024.dat
1 1 30 -190.315 -178.049 0 0 -1 0.01 1 0 1 -0.01 0 3460.dat
1 1 50 -191.015 -248.049 0 0 -1 0.01 1 0 1 -0.01 0 3024.dat
1 1 -50 -209.315 -477.889 0 0 -1 0.01 1 0 1 -0.01 0 3666.dat
1 1 10 -209.315 -477.889 0 0 -1 0.01 1 0 1 -0.01 0 3666.dat
1 1 -50 -207.915 -337.889 0 0 -1 0.01 1 0 1 -0.01 0 3460.dat
1 1 10 -207.915 -337.889 0 0 -1 0.01 1 0 1 -0.01 0 3460.dat
1 1 -20 -209.715 -517.889 0 0 -1 0.01 1 0 1 -0.01 0 3022.dat
1 1 -20 -209.015 -447.889 1 0 0 0 1 0.01 0 -0.01 1 3023.dat
1 1 -20 -208.415 -387.889 1 0 0 0 1 0.01 0 -0.01 1 3023.dat
1 1 -20 -207.815 -327.889 1 0 0 0 1 0.01 0 -0.01 1 3023.dat
1 1 -20 -207.215 -267.889 1 0 0 0 1 0.01 0 -0.01 1 3023.dat
1 1 -30 -199.115 -257.969 1 0 0 0 1 0.01 0 -0.01 1 3021.dat
1 1 30 -199.115 -257.969 1 0 0 0 1 0.01 0 -0.01 1 3021.dat
1 1 -20 -217.715 -517.809 1 0 0 0 1 0.01 0 -0.01 1 3020.dat
1 7 -60 -217.315 -477.809 -1 0 0 0 1 -0.01 0 -0.01 -1 3022.dat
1 7 -60 -216.715 -417.809 -1 0 0 0 1 -0.01 0 -0.01 -1 3022.dat
1 7 -60 -216.115 -357.809 -1 0 0 0 1 -0.01 0 -0.01 -1 3022.dat
1 7 -60 -215.515 -297.809 -1 0 0 0 1 -0.01 0 -0.01 -1 3022.dat
1 7 20 -217.315 -477.809 -1 0 0 0 1 -0.01 0 -0.01 -1 3022.dat
1 7 20 -216.715 -417.809 -1 0 0 0 1 -0.01 0 -0.01 -1 3022.dat
1 7 20 -216.115 -357.809 -1 0 0 0 1 -0.01 0 -0.01 -1 3022.dat
1 7 20 -215.515 -297.809 -1 0 0 0 1 -0.01 0 -0.01 -1 3022.dat
1 1 -20 -233.015 -447.649 1 0 0 0 1 0.01 0 -0.01 1 3010.dat
1 1 -20 -232.415 -387.649 1 0 0 0 1 0.01 0 -0.01 1 3010.dat
1 1 -20 -231.815 -327.649 1 0 0 0 1 0.01 0 -0.01 1 3010.dat
1 1 -20 -231.215 -267.649 1 0 0 0 1 0.01 0 -0.01 1 3010.dat
1 14 30 -225.615 -507.729 0 0 -1 0.01 1 0 1 -0.01 0 3040.dat
1 14 30 -225.015 -447.729 0 0 -1 0.01 1 0 1 -0.01 0 3040.dat
1 14 30 -224.415 -387.729 0 0 -1 0.01 1 0 1 -0.01 0 3040.dat
1 14 30 -223.815 -327.729 0 0 -1 0.01 1 0 1 -0.01 0 3040.dat
1 1 -50 -225.715 -517.729 0 0 -1 0.01 1 0 1 -0.01 0 3023.dat
1 1 -50 -225.315 -477.729 0 0 -1 0.01 1 0 1 -0.01 0 3023.dat
1 1 -50 -224.715 -417.729 0 0 -1 0.01 1 0 1 -0.01 0 3023.dat
1 1 -50 -224.115 -357.729 0 0 -1 0.01 1 0 1 -0.01 0 3023.dat
1 1 -50 -223.515 -297.729 0 0 -1 0.01 1 0 1 -0.01 0 3023.dat
1 1 10 -225.715 -517.729 0 0 -1 0.01 1 0 1 -0.01 0 3023.dat
1 1 10 -225.315 -477.729 0 0 -1 0.01 1 0 1 -0.01 0 3023.dat
1 1 10 -224.715 -417.729 0 0 -1 0.01 1 0 1 -0.01 0 3023.dat
1 1 10 -224.115 -357.729 0 0 -1 0.01 1 0 1 -0.01 0 3023.dat
1 1 10 -223.515 -297.729 0 0 -1 0.01 1 0 1 -0.01 0 3023.dat
1 1 -30 -181.515 -98.129 0 0 -1 0.01 1 0 1 -0.01 0 3666.dat
1 1 -30 -173.515 -98.209 0 0 -1 0.01 1 0 1 -0.01 0 3666.dat
1 1 30 -181.515 -98.129 0 0 -1 0.01 1 0 1 -0.01 0 3666.dat
1 1 30 -173.515 -98.209 0 0 -1 0.01 1 0 1 -0.01 0 3666.dat
1 1 -60 -169.815 -528.289 1 0 0 0 1 0.01 0 -0.01 1 3710.dat
1 1 40 -169.815 -528.289 1 0 0 0 1 0.01 0 -0.01 1 3666.dat
1 1 -60 -167.015 -248.289 1 0 0 0 1 0.01 0 -0.01 1 3666.dat
1 1 60 -167.015 -248.289 1 0 0 0 1 0.01 0 -0.01 1 3666.dat
1 1 0 -182.615 -208.129 1 0 0 0 1 0.01 0 -0.01 1 3010.dat
1 1 -30 -165.715 -118.289 0 0 1 -0.01 1 0 -1 -0.01 0 3710.dat
1 1 30 -165.715 -118.289 0 0 1 -0.01 1 0 -1 -0.01 0 3710.dat
1 1 0 -165.115 -58.289 1 0 0 0 1 0.01 0 -0.01 1 3020.dat
1 1 -50 -233.715 -517.649 0 0 -1 0.01 1 0 1 -0.01 0 3023.dat
1 1 10 -233.715 -517.649 0 0 -1 0.01 1 0 1 -0.01 0 3023.dat
1 7 -60 -233.315 -477.649 -1 0 0 0 1 -0.01 0 -0.01 -1 3022.dat
1 7 -60 -232.715 -417.649 -1 0 0 0 1 -0.01 0 -0.01 -1 3022.dat
1 7 -60 -232.115 -357.649 -1 0 0 0 1 -0.01 0 -0.01 -1 3022.dat
1 7 -60 -231.515 -297.649 -1 0 0 0 1 -0.01 0 -0.01 -1 3022.dat
1 7 20 -233.315 -477.649 -1 0 0 0 1 -0.01 0 -0.01 -1 3022.dat
1 7 20 -232.715 -417.649 -1 0 0 0 1 -0.01 0 -0.01 -1 3022.dat
1 7 20 -232.115 -357.649 -1 0 0 0 1 -0.01 0 -0.01 -1 3022.dat
1 7 20 -231.515 -297.649 -1 0 0 0 1 -0.01 0 -0.01 -1 3022.dat
1 1 -50 -241.315 -477.569 0 0 -1 0.01 1 0 1 -0.01 0 3666.dat
1 1 10 -241.315 -477.569 0 0 -1 0.01 1 0 1 -0.01 0 3666.dat
1 1 -50 -239.915 -337.569 0 0 -1 0.01 1 0 1 -0.01 0 3460.dat
1 1 10 -239.915 -337.569 0 0 -1 0.01 1 0 1 -0.01 0 3460.dat
1 1 -20 -241.015 -447.569 1 0 0 0 1 0.01 0 -0.01 1 3023.dat
1 1 -20 -240.415 -387.569 1 0 0 0 1 0.01 0 -0.01 1 3023.dat
1 1 -20 -239.815 -327.569 1 0 0 0 1 0.01 0 -0.01 1 3023.dat
1 1 -20 -239.215 -267.569 1 0 0 0 1 0.01 0 -0.01 1 3023.dat
1 1 0 -158.615 -208.369 1 0 0 0 1 0.01 0 -0.01 1 3701.dat
1 1 0 -158.015 -148.369 1 0 0 0 1 0.01 0 -0.01 1 3701.dat
1 1 0 -157.015 -48.369 1 0 0 0 1 0.01 0 -0.01 1 3701.dat
1 0 -20 -148.515 -198.469 0 0.522 0.853 -0.01 0.853 -0.522 -1 -0.00853 0.00522 3707.dat
1 7 -20 -148.415 -188.469 -0.853 0.522 0 0.522 0.853 -0.01 -0.00522 -0.00853 -1 3647.dat
1 0 0 -147.615 -108.469 0 0.174 0.985 -0.01 0.985 -0.174 -1 -0.00985 0.00174 3737.dat
1 7 0 -148.215 -168.469 -0.985 0.174 0 0.174 0.985 -0.01 -0.00174 -0.00985 -1 3647.dat
1 7 0 -147.715 -118.469 -0.174 0.985 0 -0.985 -0.174 0.01 0.00985 0.00174 1 3713.dat
1 7 0 -167.515 -98.269 0 -1 0 0.01 0 -1 1 0 0.01 3651.dat
1 0 0 -197.515 -97.969 0 0 -1 1 -0.01 0 -0.01 -1 0 3705.dat
1 7 0 -147.315 -78.469 -0.174 0.985 0 -0.985 -0.174 0.01 0.00985 0.00174 1 3713.dat
1 0 20 -148.515 -198.469 0 0.208 0.978 -0.01 0.978 -0.208 -1 -0.00978 0.00208 3706.dat
1 7 20 -148.215 -168.469 -0.978 0.208 0 0.208 0.978 -0.01 -0.00208 -0.00978 -1 3647.dat
1 1 0 -159.015 -248.369 1 0 0 0 1 0.01 0 -0.01 1 3701.dat
1 7 -20 -149.215 -268.469 0.522 0.853 0 0.853 -0.522 -0.01 -0.00853 0.00522 -1 3648.dat
1 7 -20 -148.815 -228.469 -0.853 0.522 0 0.522 0.853 -0.01 -0.00522 -0.00853 -1 3647.dat
1 7 20 -148.815 -228.469 -0.978 0.208 0 0.208 0.978 -0.01 -0.00208 -0.00978 -1 3648.dat
1 0 -28.36 -163.157 -298.3326 0 0.972 0.233 -0.01 0.233 -0.972 -1 -0.00233 0.00972 3705.dat
1 0 -24.18 -192.865 -298.0355 0.139 0 0.99 -0.99 -0.01 0.139 0.0099 -1 -0.00139 3704.dat
1 7 -25.57 -182.965 -298.1345 0 -0.99 0.139 0.01 -0.139 -0.99 1 0.00139 0.0099 3651.dat
1 7 -22.79 -202.765 -297.9365 -0.99 0 -0.139 -0.139 0.01 0.99 0.00139 1 -0.0099 3651.dat
1 7 -20 -222.572 -297.7384 1 0 0 0 1 0.01 0 -0.01 1 3652.dat
1 7 -20 -149.815 -328.469 0.522 0.853 0 0.853 -0.522 -0.01 -0.00853 0.00522 -1 3648.dat
1 0 -11.64 -136.473 -358.6054 0 0.972 0.233 -0.01 0.233 -0.972 -1 -0.00233 0.00972 3705.dat
1 0 -15.82 -166.18 -358.3083 -0.139 0 0.99 -0.99 -0.01 -0.139 0.0099 -1 0.00139 3704.dat
1 7 -14.43 -156.28 -358.4073 0 -0.99 -0.139 0.01 0.139 -0.99 1 -0.00139 0.0099 3651.dat
1 7 -17.21 -176.08 -358.2094 -0.99 0 0.139 0.139 0.01 0.99 -0.00139 1 -0.0099 3651.dat
1 7 -20 -195.887 -358.0113 1 0 0 0 1 0.01 0 -0.01 1 3652.dat
1 7 -20 -150.415 -388.469 0.522 0.853 0 0.853 -0.522 -0.01 -0.00853 0.00522 -1 3648.dat
1 0 -28.36 -164.357 -418.3326 0 0.972 0.233 -0.01 0.233 -0.972 -1 -0.00233 0.00972 3705.dat
1 0 -24.18 -194.065 -418.0355 0.139 0 0.99 -0.99 -0.01 0.139 0.0099 -1 -0.00139 3704.dat
1 7 -25.57 -184.165 -418.1345 0 -0.99 0.139 0.01 -0.139 -0.99 1 0.00139 0.0099 3651.dat
1 7 -22.79 -203.965 -417.9365 -0.99 0 -0.139 -0.139 0.01 0.99 0.00139 1 -0.0099 3651.dat
