0 
0 Name: New Model.ldr
0 Author: 
1 0 446.941 -12 50.407 -0.19509 0 0.980785 0 1 0 -0.980785 0 -0.19509 3035.dat
1 0 476.3646 -4 44.5543 -0.19509 0 0.980785 0 1 0 -0.980785 0 -0.19509 3460.dat
1 0 417.5175 -4 56.2597 -0.19509 0 0.980785 0 1 0 -0.980785 0 -0.19509 3460.dat
1 7 458.6464 -20 109.2541 -0.19509 0 0.980785 0 1 0 -0.980785 0 -0.19509 3020.dat
1 7 421.4193 -20 75.8754 -0.19509 0 0.980785 0 1 0 -0.980785 0 -0.19509 3710.dat
1 7 480.2664 -20 64.17 -0.19509 0 0.980785 0 1 0 -0.980785 0 -0.19509 3710.dat
1 1 435.2356 -20 -8.4401 0.980785 0 0.19509 0 1 0 -0.19509 0 0.980785 6104.dat
1 0 399.8527 -28 69.9694 0.980785 0 0.19509 0 1 0 -0.19509 0 0.980785 2555.dat
1 0 497.9312 -28 50.4604 0.980785 0 0.19509 0 1 0 -0.19509 0 0.980785 2555.dat
1 0 431.1737 -36 124.9146 -0.980785 0 -0.19509 0 1 0 0.19509 0 -0.980785 3665.dat
1 0 490.0208 -36 113.2093 -0.980785 0 -0.19509 0 1 0 0.19509 0 -0.980785 3665.dat
1 7 419.4684 -44 66.0676 0.980785 0 0.19509 0 1 0 -0.19509 0 0.980785 4286.dat
1 7 478.3155 -44 54.3621 0.980785 0 0.19509 0 1 0 -0.19509 0 0.980785 4286.dat
1 7 454.7446 -44 89.6384 0.980785 0 0.19509 0 1 0 -0.19509 0 0.980785 3001.dat
1 0 403.8611 -44 -12.3953 -0.980785 0 -0.19509 0 1 0 0.19509 0 -0.980785 3040.dat
1 0 462.7083 -44 -24.1007 -0.980785 0 -0.19509 0 1 0 0.19509 0 -0.980785 3040.dat
1 7 464.4991 -44 138.6776 -0.980785 0 -0.19509 0 1 0 0.19509 0 -0.980785 3660.dat
1 0 429.3829 -44 -37.8637 -0.980785 0 -0.19509 0 1 0 0.19509 0 -0.980785 3039.dat
1 1 433.1247 -44 134.7225 0.19509 0 -0.980785 0 1 0 0.980785 0 0.19509 3475.dat
1 1 491.9717 -44 123.0171 -0.19509 0 0.980785 0 1 0 -0.980785 0 -0.19509 3475.dat
1 0 462.5482 -52 128.8698 -0.19509 0 0.980785 0 1 0 -0.980785 0 -0.19509 3020.dat
1 0 484.1682 -52 83.7857 -0.19509 0 0.980785 0 1 0 -0.980785 0 -0.19509 3710.dat
1 0 425.321 -52 95.4911 -0.19509 0 0.980785 0 1 0 -0.980785 0 -0.19509 3710.dat
1 42 435.0756 -52 144.5303 -0.19509 0 0.980785 0 1 0 -0.980785 0 -0.19509 6141.dat
1 42 493.9226 -52 132.825 -0.19509 0 0.980785 0 1 0 -0.980785 0 -0.19509 6141.dat
1 1 433.1247 -60 134.7225 -0.19509 0 0.980785 0 1 0 -0.980785 0 -0.19509 3023.dat
1 1 491.9717 -60 123.0171 -0.19509 0 0.980785 0 1 0 -0.980785 0 -0.19509 3023.dat
1 7 464.4991 -76 138.6776 -0.980785 0 -0.19509 0 1 0 0.19509 0 -0.980785 3039.dat
1 0 425.4811 -44 -57.4794 0.980785 0 0.19509 0 1 0 -0.19509 0 0.980785 3747.dat
1 7 417.6241 -52 -45.7206 -0.19509 0 0.980785 0 1 0 -0.980785 0 -0.19509 2412.dat
1 7 437.2398 -52 -49.6224 -0.19509 0 0.980785 0 1 0 -0.980785 0 -0.19509 2412.dat
1 0 433.1247 -68 134.7225 0.19509 0 -0.980785 0 1 0 0.980785 0 0.19509 3475.dat
1 0 491.9717 -68 123.0171 -0.19509 0 0.980785 0 1 0 -0.980785 0 -0.19509 3475.dat
1 7 460.5973 -76 119.062 -0.980785 0 -0.19509 0 1 0 0.19509 0 -0.980785 3004.dat
1 7 456.6955 -76 99.4463 -0.980785 0 -0.19509 0 1 0 0.19509 0 -0.980785 3010.dat
1 0 456.6955 -100 99.4463 -0.980785 0 -0.19509 0 1 0 0.19509 0 -0.980785 3010.dat
1 0 460.5973 -100 119.062 -0.980785 0 -0.19509 0 1 0 0.19509 0 -0.980785 3039.dat
1 1 419.6284 -52 -86.9029 -0.980785 0 -0.19509 0 1 0 0.19509 0 -0.980785 4859.dat
1 42 499.882 -34 60.2682 0.980785 0.19509 0 0 0 -1 -0.19509 0.980785 0 2569.dat
1 42 401.8036 -34 79.7772 0.980785 0.19509 0 0 0 -1 -0.19509 0.980785 0 2569.dat
1 7 460.5973 -108 119.062 0.980785 0 0.19509 0 1 0 -0.19509 0 0.980785 3023.dat
1 0 456.6955 -108 99.4463 0.980785 0 0.19509 0 1 0 -0.19509 0 0.980785 4315.dat
1 33 453.9642 -104 85.7153 0.980785 0 0.19509 0 1 0 -0.19509 0 0.980785 2507.dat
1 7 458.6464 -116 109.2541 0.980785 0 0.19509 0 1 0 -0.19509 0 0.980785 4859.dat
