0 Main
0 Name: 42044-1 - Display Team Jet.mpd
0 Author: LTRON
1 14 0 -60 0 0 1 0 1 0 0 0 0 -1 32316.dat
1 0 10 -60 40 -1 0 0 0 1 0 0 0 -1 2780.dat
1 0 10 -60 0 -1 0 0 0 1 0 0 0 -1 2780.dat
1 0 -20 -60 -20 -1 0 0 0 0 -1 0 -1 0 87082.dat
1 0 -20 -60 -40 -1 0 0 0 0 -1 0 -1 0 87082.dat
1 0 -20 -60 -40 0 -1 0 0 0 -1 1 0 0 32054.dat
1 14 20 -60 140 0 -1 0 -1 0 0 0 0 -1 32278.dat
1 0 30 -60 240 -1 0 0 0 1 0 0 0 -1 2780.dat
1 0 0 -60 60 -1 0 0 0 0.388 -0.922 0 -0.922 -0.388 18651.dat
1 71 5 -60 60 0 1 0 -0.388 0 0.922 0.922 0 0.388 32056.dat
1 71 -5 -60 60 0 1 0 -0.388 0 0.922 0.922 0 0.388 32056.dat
1 19 -10 -23.131 75.513 1 0 0 0 0.388 0.922 0 -0.922 0.388 3749.dat
1 71 -10 -75.513 96.869 1 0 0 0 0.388 0.922 0 -0.922 0.388 2736.dat
1 1 -13 -67.757 78.435 -1 0 0 0 -0.388 0.922 0 0.922 0.388 4274.dat
1 71 -30 -60 60 0 0 1 0.922 -0.388 0 0.388 0.922 0 59443.dat
1 0 10 -60 120 -1 0 0 0 1 0 0 0 -1 2780.dat
1 0 10 -60 140 -1 0 0 0 1 0 0 0 -1 2780.dat
1 1 0 -120 140 0 -1 0 0 0 1 -1 0 0 32140.dat
1 1 10 -120 140 -1 0 0 0 0 1 0 1 0 43093.dat
1 0 10 -60 160 -1 0 0 0 1 0 0 0 -1 2780.dat
1 1 20 -60 200 1 0 0 0 -1 0 0 0 -1 6558.dat
1 14 0 -140 160 0 1 0 0 0 1 1 0 0 32526.dat
1 1 0 -100 140 1 0 0 0 -1 0 0 0 -1 6558.dat
1 71 -20 -100 160 0 1 0 1 0 0 0 0 -1 60483.dat
1 14 -20 -100 160 -1 0 0 0 1 0 0 0 -1 32073.dat
1 14 20 -60 260 -1 0 0 0 0.309 0.951 0 0.951 -0.309 32073.dat
1 0 5 -60 260 0 -1 0 -0.309 0 0.951 -0.951 0 -0.309 6632.dat
1 0 -5 -60 260 0 -1 0 -0.309 0 0.951 -0.951 0 -0.309 6632.dat
1 71 -30 -60 260 0 0 1 -0.951 -0.309 0 0.309 -0.951 0 59443.dat
1 71 -10 -21.958 247.64 1 0 0 0 0.309 -0.951 0 0.951 0.309 2736.dat
1 0 -70 -60 260 1 0 0 0 0.309 -0.951 0 0.951 0.309 3705.dat
1 14 -20 -60 20 -1 0 0 0 1 0 0 0 -1 32073.dat
1 14 -15 -60 20 0 0 -1 0 1 0 1 0 0 32123.dat
1 14 -25 -60 20 0 0 -1 0 1 0 1 0 0 32123.dat
1 0 -22 -21.957 247.64 0 1 0 0.942 0 -0.335 -0.335 0 -0.942 32293.dat
1 14 -40 -60 0 0 1 0 1 0 0 0 0 -1 32316.dat
1 0 -50 -60 0 -1 0 0 0 1 0 0 0 -1 2780.dat
1 1 -40 -60 40 1 0 0 0 -0.891 -0.454 0 0.454 -0.891 6558.dat
1 0 -20 -79.633 36.184 1 0 0 0 -0.982 0.191 0 -0.191 -0.982 32557.dat
1 0 -20 -79.633 36.184 1 0 0 0 0.602 -0.799 0 0.799 0.602 3705.dat
1 14 -35 -79.633 36.184 0 0 -1 -0.799 0.602 0 0.602 0.799 0 32123.dat
1 14 -5 -79.633 36.184 0 0 -1 -0.799 0.602 0 0.602 0.799 0 32123.dat
1 0 -50 -79.633 36.184 1 0 0 0 -0.602 0.799 0 -0.799 -0.602 6536.dat
1 0 10 -79.633 36.184 1 0 0 0 -0.602 0.799 0 -0.799 -0.602 6536.dat
1 14 0 -87.535 376.134 0 -1 0 -0.961 0 0.275 -0.275 0 -0.961 32525.dat
1 0 -10 -115.07 472.269 1 0 0 0 -0.961 0.275 0 -0.275 -0.961 2780.dat
1 0 -10 -104.056 433.815 1 0 0 0 -0.961 0.275 0 -0.275 -0.961 2780.dat
1 0 10 -98.549 414.588 1 0 0 0 -0.961 0.275 0 -0.275 -0.961 2780.dat
1 1 -20 -109.563 453.042 -1 0 0 0 1 0.026 0 0.026 -1 6558.dat
1 1 -20 -93.042 395.361 -1 0 0 0 0.961 0.275 0 0.275 -0.961 6558.dat
1 0 0 -60 280 1 0 0 0 -0.961 0.275 0 -0.275 -0.961 32054.dat
1 72 -40 -60 280 1 0 0 0 -0.961 0.275 0 -0.275 -0.961 11214.dat
1 0 -20 -134.297 466.762 0 0 -1 -0.275 0.961 0 0.961 0.275 0 6536.dat
1 0 -20 -123.283 428.308 0 0 -1 -0.275 0.961 0 0.961 0.275 0 6536.dat
1 71 -20 -128.79 447.535 0 0 -1 -0.275 0.961 0 0.961 0.275 0 4519.dat
1 15 -20 -126.036 437.922 1 0 0 0 0.961 -0.275 0 0.275 0.961 61800.dat
1 71 -20 -89.57 453.567 0 -1 0 -0.026 0 -1 1 0 -0.026 60483.dat
1 14 -20 -89.57 453.567 1 0 0 0 -0.026 -1 0 1 -0.026 32073.dat
1 15 -20 -116.521 277.681 0 1 0 0.981 0 -0.196 -0.196 0 -0.981 41239.dat
1 1 -20 -140 160 -1 0 0 0 0.196 0.981 0 0.981 -0.196 6558.dat
1 14 -40 -87.535 376.134 0 -1 0 -0.961 0 0.275 -0.275 0 -0.961 32525.dat
1 0 -50 -98.549 414.588 1 0 0 0 -0.999 0.053 0 -0.053 -0.999 2780.dat
1 14 -60 -60 140 0 -1 0 -1 0 0 0 0 -1 32278.dat
1 0 -70 -60 240 -1 0 0 0 1 0 0 0 -1 2780.dat
1 1 -60 -60 200 -1 0 0 0 1 0 0 0 -1 6558.dat
1 0 -50 -60 160 -1 0 0 0 1 0 0 0 -1 2780.dat
1 0 -50 -60 140 -1 0 0 0 1 0 0 0 -1 2780.dat
1 0 -50 -60 120 -1 0 0 0 1 0 0 0 -1 2780.dat
1 1 -40 -120 140 0 -1 0 0 0 1 -1 0 0 32140.dat
1 14 -40 -140 160 0 1 0 0 0 1 1 0 0 32526.dat
1 0 -50 -100 140 -1 0 0 0 1 0 0 0 -1 2780.dat
1 71 -40 -120 140 -1 0 0 0 1 0 0 0 -1 4519.dat
1 0 -20 -120 140 1 0 0 0 -1 0 0 0 -1 63869.dat
1 72 -10 -95.449 12.735 0 0 -1 0.191 -0.982 0 -0.982 -0.191 0 11214.dat
1 72 -30 -95.449 12.735 0 0 -1 0.191 -0.982 0 -0.982 -0.191 0 11214.dat
1 14 -20 -95.449 12.735 0 0 -1 0.982 0.191 0 0.191 -0.982 0 43857.dat
1 15 -30 -91.633 -6.897 0 1 0 0.982 0 0.191 0.191 0 -0.982 11946.dat
1 0 -20 -84 -46.163 -1 0 0 0 0.982 0.191 0 0.191 -0.982 2780.dat
1 0 -20 -80.184 -65.795 -1 0 0 0 0.982 0.191 0 0.191 -0.982 2780.dat
1 15 -10 -91.633 -6.897 0 -1 0 -0.982 0 0.191 -0.191 0 -0.982 11947.dat
1 1 -40 -140 130 0 0 -1 0 -1 0 -1 0 0 4274.dat
1 1 0 -140 130 0 0 -1 0 -1 0 -1 0 0 4274.dat
1 1 10 -99.655 26.229 0 0 -1 -0.799 0.602 0 0.602 0.799 0 4274.dat
1 1 -50 -99.655 26.229 0 0 -1 -0.799 0.602 0 0.602 0.799 0 4274.dat
1 14 20 -100 140 0 0 1 0 -1 0 1 0 0 42003.dat
1 4 20 -80 130 0 0 1 0 -1 0 1 0 0 32062.dat
1 15 20 -80 120 -1 0 0 0 1 0 0 0 -1 11946.dat
1 14 20 -100 180 1 0 0 0 1 0 0 0 1 32039.dat
1 4 20 -100 190 0 0 1 0 1 0 -1 0 0 32062.dat
1 15 20 -100 200 0 -1 0 1 0 0 0 0 1 11946.dat
1 4 -60 -80 130 0 0 1 0 -1 0 1 0 0 32062.dat
1 14 -60 -100 140 0 0 1 0 -1 0 1 0 0 42003.dat
1 14 -60 -100 180 1 0 0 0 1 0 0 0 1 32039.dat
1 4 -60 -100 190 0 0 1 0 1 0 -1 0 0 32062.dat
1 15 -60 -80 120 -1 0 0 0 1 0 0 0 -1 11947.dat
1 15 -60 -100 200 0 1 0 -1 0 0 0 0 1 11947.dat
1 71 -60 -60 60 1 0 0 0 0.922 -0.388 0 0.388 0.922 4519.dat
1 0 -80 -60 60 0 0 1 0.388 0.922 0 -0.922 0.388 0 32270.dat
1 15 -60 -109.059 458.057 0 0 -1 -0.974 0.224 0 0.224 0.974 0 64683.dat
1 15 20 -109.059 458.057 0 0 1 0.974 0.224 0 -0.224 0.974 0 64391.dat
1 15 -80 -80 260 0 0 -1 -1 0 0 0 1 0 64392.dat
1 15 40 -80 260 0 0 1 1 0 0 0 1 0 64682.dat
1 71 -120 -21.958 247.64 0 0 1 0.309 -0.951 0 0.951 0.309 0 42610.dat
1 71 80 -21.958 247.64 0 0 1 0.309 -0.951 0 0.951 0.309 0 42610.dat
1 71 -20 -23.131 75.513 0 0 1 1 0 0 0 1 0 42610.dat
1 256 -120 -21.958 247.64 0 0 1 0.309 -0.951 0 0.951 0.309 0 51011.dat
1 256 80 -21.958 247.64 0 0 1 0.309 -0.951 0 0.951 0.309 0 51011.dat
1 256 -20 -23.131 75.513 0 0 1 1 0 0 0 1 0 51011.dat
