0 Main
0 Name: 42116 - Skid Steer Loader - Hot Rod.mpd
0 Author: LTRON
1 15 -20 0 -20 0 -1 0 -1 0 0 0 0 -1 41239.dat
1 0 0 0 60 1 0 0 0 0 -1 0 1 0 18651.dat
1 1 -10 0 100 1 0 0 0 0 -1 0 1 0 43093.dat
1 0 -5 0 60 0 -1 0 0 0 -1 1 0 0 32056.dat
1 0 5 0 60 0 -1 0 0 0 -1 1 0 0 32056.dat
1 15 0 0 -160 0 1 0 -1 0 0 0 0 1 32140.dat
1 15 20 0 -20 0 -1 0 -1 0 0 0 0 -1 41239.dat
1 14 0 0 -160 1 0 0 0 -1 0 0 0 -1 4519.dat
1 0 40 0 -160 0 0 1 -1 0 0 0 -1 0 32013.dat
1 0 -40 0 -160 0 0 -1 -1 0 0 0 1 0 32013.dat
1 70 0 -20 20 0 -1 0 1 0 0 0 0 1 24316.dat
1 0 0 -20 20 -1 0 0 0 0 1 0 1 0 32270.dat
1 4 0 -50 20 -1 0 0 0 0 1 0 1 0 59443.dat
1 72 0 -30 -20 0 0 1 1 0 0 0 1 0 87083.dat
1 19 0 -20 -20 -0.99 -0.143 0 0 0 1 -0.143 0.99 0 18575.dat
1 0 0 -40 -20 0.143 0 -0.99 0 -1 0 -0.99 0 -0.143 33299.dat
1 0 0 -60 -20 -0.99 -0.143 0 0 0 1 -0.143 0.99 0 32270.dat
1 70 -40 -20 -160 0 0 1 1 0 0 0 1 0 24316.dat
1 4 -40 -20 -180 0 0 1 1 0 0 0 1 0 32184.dat
1 19 -40 -30 -200 0 0 1 1 0 0 0 1 0 3749.dat
1 71 -50 -20 -180 -1 0 0 0 0 1 0 1 0 3673.dat
1 0 -40 -40 -160 0 0 1 0 -1 0 1 0 0 33299.dat
1 1 -20 -50 -160 0 1 0 1 0 0 0 0 -1 43093.dat
1 0 0 -60 -160 0 0.959 0.283 1 0 0 0 0.283 -0.959 32034.dat
1 4 -19.795 -60 -92.857 -0.283 0 -0.959 0 1 0 0.959 0 -0.283 3706.dat
1 0 -39.59 -60 -25.714 0 -0.959 -0.283 1 0 0 0 -0.283 0.959 32013.dat
1 70 40 -20 -160 0 0 1 1 0 0 0 1 0 24316.dat
1 4 40 -20 -180 0 0 -1 -1 0 0 0 1 0 32184.dat
1 71 50 -20 -180 -1 0 0 0 0 1 0 1 0 3673.dat
1 19 40 -30 -200 0 0 1 1 0 0 0 1 0 3749.dat
1 0 -40 -40 -200 0 0 -1 1 0 0 0 -1 0 32013.dat
1 0 40 -40 -200 0 0 1 1 0 0 0 1 0 32013.dat
1 14 -10 -40 -200 -1 0 0 0 1 0 0 0 -1 4519.dat
1 72 0 -40 -200 0 0 1 1 0 0 0 1 0 99021.dat
1 0 40 -60 -160 0 -1 0 0 0 -1 1 0 0 32013.dat
1 71 40 -60 -170 0 1 0 0 0 -1 -1 0 0 4274.dat
1 47 40 -60 -178 1 0 0 0 0 -1 0 1 0 98138.dat
1 15 40 -20 -120 0 -1 0 0 0 -1 1 0 0 32523.dat
1 0 30 -40 -120 -1 0 0 0 0 -1 0 -1 0 2780.dat
1 15 20 -80 -120 0 1 0 0 0 1 1 0 0 32140.dat
1 1 30 0 40 1 0 0 0 0 1 0 -1 0 43093.dat
1 15 40 -80 40 0 -1 0 1 0 0 0 0 1 32009.dat
1 4 40 -80 0 1 0 0 0 0.035 0.999 0 -0.999 0.035 11214.dat
1 0 20 -80 -40 0 -1 0 1 0 0 0 0 1 32526.dat
1 4 0 -80 -120 -1 0 0 0 -1 0 0 0 1 3706.dat
1 0 0 -80 -120 0 1 0 1 0 0 0 0 -1 60483.dat
1 15 -20 -80 -140 0 1 0 1 0 0 0 0 -1 32523.dat
1 0 -10 -80 -140 -1 0 0 0 0 -1 0 -1 0 2780.dat
1 14 0 -80 40 -1 0 0 0 0 -1 0 -1 0 4519.dat
1 0 0 -80 40 1 0 0 0 0 -1 0 1 0 18943.dat
1 14 0 -80 20 0 0 1 1 0 0 0 1 0 4519.dat
1 0 0 -100 20 -1 0 0 0 0 1 0 1 0 32270.dat
1 15 -20 -80 -20 0 -1 0 1 0 0 0 0 1 32140.dat
1 1 -30 0 40 -1 0 0 0 -1 0 0 0 1 43093.dat
1 15 -40 -80 40 0 -1 0 1 0 0 0 0 1 32009.dat
1 4 -40 -80 0 -1 0 0 0 0.035 -0.999 0 -0.999 -0.035 11214.dat
1 71 -30 -80 -60 1 0 0 0 0 1 0 -1 0 4274.dat
1 71 -30 -80 -40 1 0 0 0 0 1 0 -1 0 4274.dat
1 19 -60 -20 40 -1 0 0 0 0 -1 0 -1 0 32556.dat
1 4 -60 -20 0.001 0 1 0 -1 0 0 0 0 1 60484.dat
1 0 -40 -10 -80 0 0 -1 1 0 0 0 -1 0 2780.dat
1 15 -60 -20 -20 1 0 0 0 -1 0 0 0 -1 32140.dat
1 0 -60 -30 -80 0 0 -1 1 0 0 0 -1 0 2780.dat
1 0 -60 -30 -60 0 0 -1 1 0 0 0 -1 0 2780.dat
1 4 -60 -40 -20 -1 0 0 0 1 0 0 0 -1 11947.dat
1 14 -60 -40 0 0 0 -1 0 1 0 1 0 0 4519.dat
1 0 -60 -40 0 -1 0 0 0 0 -1 0 -1 0 60483.dat
1 0 -60 -40 20 -1 0 0 0 0 -1 0 -1 0 60483.dat
1 4 60 -20 0.001 0 1 0 -1 0 0 0 0 1 60484.dat
1 19 60 -20 40 -1 0 0 0 0 -1 0 -1 0 32556.dat
1 0 8 -80 -20 1 0 0 0 1 0 0 0 1 3705.dat
1 0 40 -10 -80 0 0 1 -1 0 0 0 -1 0 2780.dat
1 15 60 -20 -20 -1 0 0 0 1 0 0 0 -1 32140.dat
1 0 60 -30 -80 0 0 1 -1 0 0 0 -1 0 2780.dat
1 0 60 -30 -60 0 0 1 -1 0 0 0 -1 0 2780.dat
1 4 60 -40 -20 -1 0 0 0 1 0 0 0 -1 11946.dat
1 14 60 -40 0 0 0 1 0 1 0 -1 0 0 4519.dat
1 0 60 -40 0 -1 0 0 0 0 -1 0 -1 0 60483.dat
1 0 60 -40 20 -1 0 0 0 0 -1 0 -1 0 60483.dat
1 4 70 -20 -180 0 0 -1 -1 0 0 0 1 0 55981.dat
1 71 90 -20 -180 1 0 0 0 0 -1 0 1 0 4274.dat
1 256 70 -20 -180 0 0 -1 -1 0 0 0 1 0 92402.dat
1 4 90 -20 40 0 0 -1 -1 0 0 0 1 0 55981.dat
1 71 110 -20 40 1 0 0 0 0 -1 0 1 0 4274.dat
1 256 90 -20 40 0 0 -1 -1 0 0 0 1 0 92402.dat
1 4 -70 -20 -180 0 0 1 1 0 0 0 1 0 55981.dat
1 71 -90 -20 -180 -1 0 0 0 0 1 0 1 0 4274.dat
1 256 -70 -20 -180 0 0 1 1 0 0 0 1 0 92402.dat
1 4 -90 -20 40 0 0 1 1 0 0 0 1 0 55981.dat
1 71 -110 -20 40 -1 0 0 0 0 1 0 1 0 4274.dat
1 256 -90 -20 40 0 0 1 1 0 0 0 1 0 92402.dat
1 1 -60 -89.336 -76.416 0 -1 0 -0.934 0 -0.358 0.358 0 -0.934 43093.dat
1 1 60 -89.336 -76.416 0 -1 0 -0.934 0 -0.358 0.358 0 -0.934 43093.dat
1 0 -60 -117.343 -65.665 1 0 0 0 -1 0.026 0 -0.026 -1 32015.dat
1 0 60 -117.343 -65.665 1 0 0 0 -1 0.026 0 -0.026 -1 32015.dat
1 0 -40 -117.343 -65.665 1 0 0 0 -1 0.026 0 -0.026 -1 18651.dat
1 0 40 -117.343 -65.665 -1 0 0 0 0.959 0.284 0 0.284 -0.959 18651.dat
1 0 0 -117.343 -65.665 0 0 1 -1 0.026 0 -0.026 -1 0 26287.dat
1 4 60 -99.988 -0.698 1 0 0 0 -0.999 0.035 0 -0.035 -0.999 42003.dat
1 4 -60 -99.988 -0.698 1 0 0 0 -0.999 0.035 0 -0.035 -0.999 42003.dat
1 0 60 -118.652 -15.682 0 1 0 0.026 0 -1 -1 0 -0.026 3705.dat
1 0 -60 -118.652 -15.682 0 1 0 0.026 0 -1 -1 0 -0.026 3705.dat
1 1 -10 -80 -160 1 0 0 0 -1 0 0 0 -1 43093.dat
1 71 0 -80 -160 1 0 0 0 -1 0 0 0 -1 63869.dat
1 1 -20 -100 -150 0 -1 0 0 0 -1 1 0 0 43093.dat
1 1 0 -100 -150 0 -1 0 0 0 -1 1 0 0 43093.dat
1 1 20 -100 -150 0 -1 0 0 0 -1 1 0 0 43093.dat
1 4 -20 -100 -130 0 -1 0 -1 0 0 0 0 -1 59443.dat
1 4 0 -100 -130 0 -1 0 -1 0 0 0 0 -1 59443.dat
1 4 20 -100 -130 0 -1 0 -1 0 0 0 0 -1 59443.dat
