0 
0 Name: New Model.ldr
0 Author: 
1 14 238.66 -64 -359.64 0.5 0 -0.866 0 1 0 0.866 0 0.5 4597.dat
1 0 186.7 -32 -329.64 0.5 0 -0.866 0 1 0 0.866 0 0.5 3020.dat
1 14 212.68 -64 -344.64 0.5 0 -0.866 0 1 0 0.866 0 0.5 3004.dat
1 0 249.64 -64 -400.62 0.5 0 -0.866 0 1 0 0.866 0 0.5 3005.dat
1 0 279.64 -64 -348.66 0.5 0 -0.866 0 1 0 0.866 0 0.5 3005.dat
1 0 178.04 -56 -324.64 -0.5 0 0.866 0 1 0 -0.866 0 -0.5 3037.dat
1 14 178.04 -64 -324.64 -0.5 0 0.866 0 1 0 -0.866 0 -0.5 3666.dat
1 0 223.66 -64 -385.62 0.866 0 0.5 0 1 0 -0.5 0 0.866 4865.dat
1 0 253.66 -64 -333.66 -0.866 0 -0.5 0 1 0 0.5 0 -0.866 4865.dat
1 0 160.72 -32 -314.64 0.5 0 -0.866 0 1 0 0.866 0 0.5 2926.dat
1 0 212.68 -32 -344.64 0.5 0 -0.866 0 1 0 0.866 0 0.5 2926.dat
1 0 264.64 -32 -374.64 0.5 0 -0.866 0 1 0 0.866 0 0.5 2926.dat
1 14 221.34 -24 -349.64 0.866 0 0.5 0 1 0 -0.5 0 0.866 3034.dat
1 15 264.64 -48 -374.64 0.5 0 -0.866 0 1 0 0.866 0 0.5 3829.dat
1 0 187.68 -88 -387.94 -0.5 0 0.866 0 1 0 -0.866 0 -0.5 4286.dat
1 0 237.68 -88 -301.34 -0.5 0 0.866 0 1 0 -0.866 0 -0.5 4286.dat
1 0 263.66 -88 -316.34 -0.866 0 -0.5 0 1 0 0.5 0 -0.866 3004.dat
1 0 213.66 -88 -402.94 -0.866 0 -0.5 0 1 0 0.5 0 -0.866 3004.dat
1 14 178.04 -88 -324.64 0.5 0 -0.866 0 1 0 0.866 0 0.5 3317.dat
1 0 178.04 -80 -324.64 -0.866 0 -0.5 0 1 0 0.5 0 -0.866 3314.dat
1 14 108.76 -120 -284.64 -0.5 0 0.866 0 1 0 -0.866 0 -0.5 2347.dat
1 0 288.3 -88 -353.66 0.866 0 0.5 0 1 0 -0.5 0 0.866 4865.dat
1 0 258.3 -88 -405.62 -0.866 0 -0.5 0 1 0 0.5 0 -0.866 4865.dat
1 7 195.36 -88 -334.64 0.5 0 -0.866 0 1 0 0.866 0 0.5 3039.dat
1 0 290.62 -88 -389.64 0.5 0 -0.866 0 1 0 0.866 0 0.5 2916.dat
1 14 256.96 -96 -427.94 0.5 0 -0.866 0 1 0 0.866 0 0.5 3024.dat
1 14 306.96 -96 -341.34 0.5 0 -0.866 0 1 0 0.866 0 0.5 3024.dat
1 0 186.7 -96 -329.64 -0.5 0 0.866 0 1 0 -0.866 0 -0.5 3176.dat
1 0 186.7 -104 -329.64 -0.5 0 0.866 0 1 0 -0.866 0 -0.5 3176.dat
1 14 213.66 -96 -402.94 -0.866 0 -0.5 0 1 0 0.5 0 -0.866 2431.dat
1 14 263.66 -96 -316.34 -0.866 0 -0.5 0 1 0 0.5 0 -0.866 2431.dat
1 7 306.96 -104 -341.34 -0.866 0 -0.5 0 1 0 0.5 0 -0.866 6141.dat
1 7 256.96 -104 -427.94 -0.866 0 -0.5 0 1 0 0.5 0 -0.866 6141.dat
1 33 273.3 -112 -379.64 0.5 0 -0.866 0 1 0 0.866 0 0.5 6238.dat
1 15 161.22 -154 -313.774 0 0.5 0.866 1 0 0 0 0.866 -0.5 75535.dat
1 15 191.164 -192 -329.908 0.866 0.5 0 0 0 -1 -0.5 0.866 0 75535.dat
1 15 225.804 -192 -349.908 0.866 0.5 0 0 0 -1 -0.5 0.866 0 75535.dat
1 15 209.35 -192 -340.408 0.866 0.5 0 0 0 -1 -0.5 0.866 0 4459.dat
1 0 161.72 -132 -312.908 -0.866 0.5 0 0 0 1 0.5 0.866 0 6048.dat
1 0 161.72 -106 -312.908 -0.866 -0.5 0 0 0 -1 0.5 -0.866 0 6217.dat
1 0 170.38 -192 -317.908 0 0.5 -0.866 -1 0 0 0 0.866 0.5 6048.dat
1 0 248.32 -192 -362.908 0 -0.5 0.866 -1 0 0 0 -0.866 -0.5 6048.dat
1 0 161.72 -176 -312.908 -0.866 -0.5 0 0 0 -1 0.5 -0.866 0 6217.dat
1 15 261.31 -192 -370.408 0 -0.5 -0.866 1 0 0 0 -0.866 0.5 3613.dat
1 7 286.924 -191 -384.042 0.5 0 -0.866 0 1 0 0.866 0 0.5 30082.dat
1 7 281.96 -128 -384.64 0.5 0 -0.866 0 1 0 0.866 0 0.5 6140.dat
1 15 271.29 -144 -413.12 -0.5 -0.866 0 0 0 1 -0.866 0.5 0 4599.dat
1 42 249.64 -144 -400.62 -0.5 -0.866 0 0 0 1 -0.866 0.5 0 6141.dat
1 33 277.352 -144 -416.62 -0.5 -0.866 0 0 0 1 -0.866 0.5 0 4770.dat
1 15 277.352 -144 -416.62 -0.5 -0.866 0 0 0 1 -0.866 0.5 0 6141.dat
1 15 301.29 -144 -361.16 -0.5 -0.866 0 0 0 1 -0.866 0.5 0 4599.dat
1 42 279.64 -144 -348.66 -0.5 -0.866 0 0 0 1 -0.866 0.5 0 6141.dat
1 36 307.352 -144 -364.66 -0.5 -0.866 0 0 0 1 -0.866 0.5 0 4770.dat
1 15 307.352 -144 -364.66 -0.5 -0.866 0 0 0 1 -0.866 0.5 0 6141.dat
1 15 133.22 -28 -362.27 0.866 0 0.5 0 1 0 -0.5 0 0.866 6014.dat
1 15 188.22 -28 -267.01 -0.866 0 -0.5 0 1 0 0.5 0 -0.866 6014.dat
1 15 240.18 -28 -297.01 -0.866 0 -0.5 0 1 0 0.5 0 -0.866 6014.dat
1 15 292.14 -28 -327.01 -0.866 0 -0.5 0 1 0 0.5 0 -0.866 6014.dat
1 0 190.72 -28 -262.68 -0.866 0 -0.5 0 1 0 0.5 0 -0.866 6015.dat
1 0 130.72 -28 -366.6 -0.866 0 -0.5 0 1 0 0.5 0 -0.866 6015.dat
1 0 182.68 -28 -396.6 -0.866 0 -0.5 0 1 0 0.5 0 -0.866 6015.dat
1 0 234.64 -28 -426.6 -0.866 0 -0.5 0 1 0 0.5 0 -0.866 6015.dat
1 0 242.68 -28 -292.68 -0.866 0 -0.5 0 1 0 0.5 0 -0.866 6015.dat
1 0 294.64 -28 -322.68 -0.866 0 -0.5 0 1 0 0.5 0 -0.866 6015.dat
1 15 185.18 -28 -392.27 0.866 0 0.5 0 1 0 -0.5 0 0.866 6014.dat
1 15 237.14 -28 -422.27 0.866 0 0.5 0 1 0 -0.5 0 0.866 6014.dat
