0 Main
0 Name: 8261-1 - Rally Truck.mpd
0 Author: LTRON
1 72 0 0 0 0 1 0 1 0 0 0 0 -1 32526.dat
1 71 -20 20 -80 0 0 1 0 1 0 -1 0 0 48989.dat
1 1 -20 0 0 1 0 0 0 1 0 0 0 1 6558.dat
0 !LEOCAD SYNTH BEGIN
0 !LEOCAD SYNTH CONTROL_POINT 0 110 0 1 0 0 0 1 0 0 0 1 1
0 !LEOCAD SYNTH CONTROL_POINT 0 0 0 1 0 0 0 1 0 0 0 1 1
1 71 -20 101.175 43.169 0 0 1 -0.392 -0.92 0 0.92 -0.392 0 41838.dat
0 !LEOCAD SYNTH END
1 71 -20 0 -20 1 0 0 0 0 1 0 -1 0 32073.dat
1 0 -20 0 -40 1 0 0 0 0 1 0 -1 0 32184.dat
1 71 -20 0 -60 1 0 0 0 0 1 0 -1 0 60485.dat
1 72 -40 0 0 0 1 0 1 0 0 0 0 -1 32526.dat
1 1 -20 0 -90 0 1 0 0 0 -1 -1 0 0 43093.dat
1 4 -20 0 -100 1 0 0 0 1 0 0 0 1 32039.dat
1 71 -20 0 -120 1 0 0 0 0.866 -0.5 0 0.5 0.866 4519.dat
1 71 20 0 -120 1 0 0 0 0.993 0.12 0 -0.12 0.993 32054.dat
1 71 -60 0 -120 -1 0 0 0 1 0 0 0 -1 32054.dat
1 72 20 0 -160 0 1 0 -1 0 0 0 0 1 32525.dat
1 71 -20 40 -80 0 0 -1 0 1 0 1 0 0 4519.dat
1 71 -20 40 -110 0 1 0 -1 0 0 0 0 1 59443.dat
1 4 -20 40 -130 0 0 -1 0 1 0 1 0 0 32062.dat
1 71 -20 40 -150 0 1 0 -1 0 0 0 0 1 59443.dat
1 19 -20 40 -60 0 1 0 -1 0 0 0 0 1 32269.dat
1 4 0 20 -180 0 1 0 0 0 -1 -1 0 0 32140.dat
1 1 -20 -40 -200 -1 0 0 0 1 0 0 0 -1 6558.dat
1 0 10 0 -180 -1 0 0 0 1 0 0 0 -1 2780.dat
1 71 -20 20 -180 -1 0 0 0 1 0 0 0 -1 4519.dat
1 0 -20 -40 -180 -1 0 0 0 1 0 0 0 -1 3705.dat
1 72 -15 -40 -220 0 1 0 0 0 1 1 0 0 32056.dat
1 72 -25 -40 -220 0 1 0 0 0 1 1 0 0 32056.dat
1 71 -20 20 -180 -1 0 0 0 1 0 0 0 -1 6536.dat
1 4 -40 20 -180 0 1 0 0 0 -1 -1 0 0 32140.dat
1 0 -50 0 -180 -1 0 0 0 1 0 0 0 -1 2780.dat
1 0 -20 0 -220 -1 0 0 0 1 0 0 0 -1 3706.dat
1 71 0 0 -220 -1 0 0 0 0 -1 0 -1 0 6536.dat
1 71 -40 0 -220 -1 0 0 0 0 -1 0 -1 0 6536.dat
1 71 -20 0 -40 0 0.966 -0.259 -1 0 0 0 0.259 0.966 4519.dat
1 19 -20 13 -40 -0.966 -0.259 0 0 0 1 -0.259 0.966 0 6589.dat
1 71 -20 -30 -40 -0.966 -0.259 0 0 0 1 -0.259 0.966 0 59443.dat
1 0 -20 0 -260 -1 0 0 0 1 0 0 0 -1 3706.dat
1 71 -5 0 -260 0 0 1 -1 0 0 0 -1 0 32123.dat
1 71 -35 0 -260 0 0 1 -1 0 0 0 -1 0 32123.dat
1 72 5 0 -300 0 1 0 -1 0 0 0 0 1 32056.dat
1 72 -45 0 -300 0 1 0 -1 0 0 0 0 1 32056.dat
1 72 -20 20 -260 -1 0 0 0 1 0 0 0 -1 42003.dat
1 72 -60 0 -160 0 1 0 -1 0 0 0 0 1 32525.dat
1 71 0 103.687 23.327 0 1 0 0.992 0 0.126 0.126 0 -0.992 32523.dat
1 72 45 103.687 23.327 1 0 0 0 -0.992 0.126 0 -0.126 -0.992 59426.dat
1 1 20 106.198 3.485 1 0 0 0 -0.992 0.126 0 -0.126 -0.992 6558.dat
1 72 20 20 -80 0 1 0 -0.696 0 0.718 0.718 0 0.696 32271.dat
1 72 40 103.687 23.327 0 0 1 -0.992 0.126 0 -0.126 -0.992 0 42003.dat
1 71 -20 101.175 43.169 -1 0 0 0 0.992 0.126 0 0.126 -0.992 32073.dat
1 4 60 103.687 23.327 0 0 1 -0.992 0.126 0 -0.126 -0.992 0 3713.dat
1 71 -40 103.687 23.327 0 1 0 0.992 0 0.126 0.126 0 -0.992 32523.dat
1 1 -60 106.198 3.485 -1 0 0 0 0.992 0.126 0 0.126 -0.992 6558.dat
1 72 -60 20 -80 0 1 0 -0.696 0 0.718 0.718 0 0.696 32271.dat
1 72 -85 103.687 23.327 -1 0 0 0 0.992 0.126 0 0.126 -0.992 59426.dat
1 72 -80 103.687 23.327 0 0 1 -0.992 0.126 0 -0.126 -0.992 0 42003.dat
1 4 -100 103.687 23.327 0 0 1 -0.992 0.126 0 -0.126 -0.992 0 3713.dat
1 71 -20 20 -80 1 0 0 0 -0.718 0.696 0 -0.696 -0.718 44294.dat
1 1 -80 111.096 44.425 0 -1 0 -0.992 0 0.126 -0.126 0 -0.992 43093.dat
1 1 40 111.096 44.425 0 -1 0 -0.992 0 0.126 -0.126 0 -0.992 43093.dat
1 72 -20 121.017 45.68 0 0 -1 -0.126 0.992 0 0.992 0.126 0 32524.dat
1 1 -60 0 -40 1 0 0 0 1 0 0 0 1 6558.dat
1 1 20 0 -40 1 0 0 0 1 0 0 0 1 6558.dat
1 4 -20 -50 -40 0 0.259 -0.966 1 0 0 0 -0.966 -0.259 32062.dat
1 71 -20 -70 -40 -0.966 -0.259 0 0 0 1 -0.259 0.966 0 59443.dat
1 72 -20 120 -240 0 0 -1 0 1 0 1 0 0 32524.dat
1 1 0 100 -240 0 -1 0 -1 0 0 0 0 -1 6558.dat
1 1 -40 100 -240 0 -1 0 -1 0 0 0 0 -1 6558.dat
1 71 -80 100 -260 1 0 0 0 0 1 0 -1 0 48989.dat
1 71 40 100 -260 1 0 0 0 0 1 0 -1 0 48989.dat
1 72 60 100 -240 -1 0 0 0 0 1 0 1 0 6587.dat
1 71 55 100 -240 0 0 -1 0 1 0 1 0 0 32123.dat
1 71 65 100 -240 0 0 -1 0 1 0 1 0 0 32123.dat
1 72 -100 100 -240 1 0 0 0 0 1 0 -1 0 6587.dat
1 71 -95 100 -240 0 0 1 0 1 0 -1 0 0 32123.dat
1 71 -105 100 -240 0 0 1 0 1 0 -1 0 0 32123.dat
1 0 -20 90 -240 0 -1 0 -1 0 0 0 0 -1 3705.dat
1 71 -20 100 -240 1 0 0 0 -1 0 0 0 -1 33299.dat
1 72 -20 80 -280 0 0 -1 0 1 0 1 0 0 32524.dat
1 71 0 100 -220 1 0 0 0 0 1 0 -1 0 6536.dat
1 71 -40 100 -220 1 0 0 0 0 1 0 -1 0 6536.dat
1 71 -20 100 -220 1 0 0 0 0 1 0 -1 0 32073.dat
1 4 -20 100 -220 0 0 -1 -1 0 0 0 1 0 3713.dat
1 72 -20 80 -240 0 0 -1 0 1 0 1 0 0 32524.dat
1 0 -20 60 -240 1 0 0 0 0 1 0 -1 0 32072.dat
1 71 -60 100 -220 0 1 0 0 0 -1 -1 0 0 32140.dat
1 1 -50 40 -240 1 0 0 0 -1 0 0 0 -1 43093.dat
1 71 -20 40 -240 0 0 -1 0 1 0 1 0 0 32034.dat
1 1 10 40 -240 -1 0 0 0 1 0 0 0 -1 43093.dat
1 71 20 100 -220 0 1 0 0 0 -1 -1 0 0 32140.dat
1 1 30 40 -220 1 0 0 0 0 1 0 -1 0 4274.dat
1 1 -70 40 -220 -1 0 0 0 0 1 0 1 0 4274.dat
1 72 38 40 -220 0 -1 0 0 0 -1 1 0 0 6141.dat
1 72 -78 40 -220 0 1 0 0 0 1 1 0 0 6141.dat
1 0 -20 40 -210 0 0.707 -0.707 0 0.707 0.707 1 0 0 3706.dat
1 0 -20 40 -220 -0.707 0.707 0 0.707 0.707 0 0 0 -1 32072.dat
1 72 -20 60 -200 1 0 0 0 -1 0 0 0 -1 42003.dat
1 71 -20 80 -200 1 0 0 0 -1 0 0 0 -1 4519.dat
1 72 0 80 -200 0 1 0 1 0 0 0 0 -1 60483.dat
1 72 -40 80 -200 0 1 0 1 0 0 0 0 -1 60483.dat
1 71 20 80 -220 -1 0 0 0 0 -1 0 -1 0 32054.dat
1 71 -60 80 -220 1 0 0 0 0 -1 0 1 0 32054.dat
1 0 35 0 -220 0 -1 0 -1 0 0 0 0 -1 6632.dat
1 0 -75 0 -220 0 -1 0 -1 0 0 0 0 -1 6632.dat
1 0 -20 -40 -220 1 0 0 0 1 0 0 0 1 3707.dat
1 0 0 -10 -240 0 0 -1 -1 0 0 0 1 0 2780.dat
1 0 -40 -10 -240 0 0 -1 -1 0 0 0 1 0 2780.dat
1 0 15 -40 -180 0 -1 0 -1 0 0 0 0 -1 6632.dat
1 0 -55 -40 -180 0 -1 0 -1 0 0 0 0 -1 6632.dat
1 72 20 -80 -40 0 1 0 0 0 1 1 0 0 32526.dat
1 72 -60 -80 -40 0 1 0 0 0 1 1 0 0 32526.dat
1 71 -20 -100 -40 0 -0.259 0.966 1 0 0 0 0.966 0.259 4519.dat
1 71 -20 -100 -60 0 0 1 1 0 0 0 1 0 48989.dat
1 4 0 -100 -120 0 -1 0 1 0 0 0 0 1 32526.dat
1 4 -40 -100 -120 0 -1 0 1 0 0 0 0 1 32526.dat
1 1 20 -60 -40 1 0 0 0 1 0 0 0 1 6558.dat
1 1 20 -80 -40 1 0 0 0 1 0 0 0 1 6558.dat
1 1 40 0 -80 1 0 0 0 1 0 0 0 1 6558.dat
1 0 30 -40 -40 1 0 0 0 1 0 0 0 1 2780.dat
1 0 30 -20 -40 1 0 0 0 1 0 0 0 1 2780.dat
1 0 40 0 -40 0 1 0 1 0 0 0 0 -1 60484.dat
1 1 20 -20 -80 1 0 0 0 0.966 0.259 0 -0.259 0.966 6558.dat
1 71 20 -77.957 -64.47 0 -1 0 -0.259 0 0.966 -0.966 0 -0.259 32140.dat
1 0 10 -58.638 -69.647 1 0 0 0 0.966 0.259 0 -0.259 0.966 2780.dat
1 71 0 -77.957 -64.47 0 -1 0 -0.259 0 0.966 -0.966 0 -0.259 32140.dat
1 4 40 -30 -19.999 0 0 1 -1 0 0 0 -1 0 32557.dat
1 0 40 -40 -19.999 0 -1 0 1 0 0 0 0 1 2780.dat
1 0 40 -40 0.001 0 -1 0 1 0 0 0 0 1 2780.dat
1 1 -60 -80 -40 1 0 0 0 1 0 0 0 1 6558.dat
1 1 -60 -60 -40 1 0 0 0 1 0 0 0 1 6558.dat
1 1 -80 0 -80 -1 0 0 0 -1 0 0 0 1 6558.dat
1 0 -70 -40 -40 1 0 0 0 1 0 0 0 1 2780.dat
1 0 -70 -20 -40 1 0 0 0 1 0 0 0 1 2780.dat
1 0 -20 -120 -40 0.259 0.966 0 0 0 -1 -0.966 0.259 0 32270.dat
1 0 -80 0 -40 0 1 0 1 0 0 0 0 -1 60484.dat
1 1 -60 -20 -80 1 0 0 0 0.966 0.259 0 -0.259 0.966 6558.dat
1 71 -60 -77.957 -64.47 0 -1 0 -0.259 0 0.966 -0.966 0 -0.259 32140.dat
1 71 -40 -77.957 -64.47 0 -1 0 -0.259 0 0.966 -0.966 0 -0.259 32140.dat
1 0 -50 -58.638 -69.647 1 0 0 0 0.966 0.259 0 -0.259 0.966 2780.dat
1 4 -80 -30 -19.999 0 0 1 -1 0 0 0 -1 0 32557.dat
1 0 -80 -40 -19.999 0 -1 0 1 0 0 0 0 1 2780.dat
1 0 -80 -40 0.001 0 -1 0 1 0 0 0 0 1 2780.dat
1 4 -80 -50 -19.999 1 0 0 0 1 0 0 0 1 32526.dat
1 4 40 -50 -19.999 -1 0 0 0 -1 0 0 0 1 32526.dat
1 0 40 -40 60.001 0 -1 0 1 0 0 0 0 1 2780.dat
1 0 0 -40 60.001 0 -1 0 1 0 0 0 0 1 2780.dat
1 0 -40 -40 60.001 0 -1 0 1 0 0 0 0 1 2780.dat
1 0 -80 -40 60.001 0 -1 0 1 0 0 0 0 1 2780.dat
1 4 -20 -30 60.001 0 0 1 0 1 0 -1 0 0 32524.dat
1 71 -20 -52 -156 0 0 1 0.8 0.6 0 -0.6 0.8 0 59443.dat
1 0 -60 -52 -156 -1 0 0 0 0.6 0.8 0 0.8 -0.6 3705.dat
1 0 20 -52 -156 -1 0 0 0 0.6 0.8 0 0.8 -0.6 3705.dat
1 71 -50 -52 -156 -1 0 0 0 0.6 0.8 0 0.8 -0.6 6536.dat
1 71 10 -52 -156 -1 0 0 0 0.6 0.8 0 0.8 -0.6 6536.dat
1 71 -65 -52 -156 0 0 -1 -0.8 0.6 0 0.6 0.8 0 32123.dat
1 71 25 -52 -156 0 0 -1 -0.8 0.6 0 0.6 0.8 0 32123.dat
1 1 10 -48 -134 0 0 -1 -0.8 0.6 0 0.6 0.8 0 4274.dat
1 4 -80 -52 -156 0 -1 0 0.8 0 0.6 -0.6 0 0.8 32140.dat
1 0 10 -54.4 -129.2 -1 0 0 0 0.8 -0.6 0 -0.6 -0.8 30663.dat
1 4 40 -52 -156 0 -1 0 0.8 0 0.6 -0.6 0 0.8 32140.dat
1 4 40 -100 -120 0 -1 0 1 0 0 0 0 1 32526.dat
1 4 -80 -100 -120 0 -1 0 1 0 0 0 0 1 32526.dat
1 0 -20 -100 -120 1 0 0 0 -0.8 -0.6 0 0.6 -0.8 3707.dat
1 4 -95 -76 -138 0 1 0 0.6 0 0.8 0.8 0 -0.6 32449.dat
1 4 55 -76 -138 0 1 0 0.6 0 0.8 0.8 0 -0.6 32449.dat
1 4 -20 -30 -258 -1 0 0 0 0 1 0 1 0 3795.dat
1 0 0 -30 -250 0 0 1 1 0 0 0 1 0 2817.dat
1 0 -40 -30 -250 0 0 1 1 0 0 0 1 0 2817.dat
1 71 -60 -20 -266 -1 0 0 0 0 1 0 1 0 44301.dat
1 71 20 -20 -266 1 0 0 0 0 -1 0 1 0 44301.dat
1 47 -60 -40 -266 1 0 0 0 0 -1 0 1 0 3023.dat
1 47 20 -40 -266 1 0 0 0 0 -1 0 1 0 3023.dat
1 15 -30 -40 -274 -1 0 0 0 0 1 0 1 0 6091.dat
1 15 -10 -40 -274 -1 0 0 0 0 1 0 1 0 6091.dat
1 71 -20 -20 -274 -1 0 0 0 0 1 0 1 0 6636.dat
1 72 0 -40 -266 0 0 -1 -1 0 0 0 1 0 61409.dat
1 72 -40 -40 -266 0 0 1 1 0 0 0 1 0 61409.dat
1 15 -20 -60 -242 -1 0 0 0 0 1 0 1 0 3004.dat
1 15 -20 -60 -218 -1 0 0 0 0 1 0 1 0 3004.dat
1 15 -20 -60 -194 -1 0 0 0 0 1 0 1 0 3004.dat
1 4 30 -40 -200 1 0 0 0 1 0 0 0 1 32039.dat
1 1 30 -40 -190 0 0 1 0 1 0 -1 0 0 43093.dat
1 4 0 -40 -190 0 -1 0 -1 0 0 0 0 -1 32528.dat
1 4 50 -40 -220 0 -1 0 1 0 0 0 0 1 41669.dat
1 4 60 0 -120 0 1 0 -1 0 0 0 0 1 32348.dat
1 4 -70 -40 -200 -1 0 0 0 -1 0 0 0 1 32039.dat
1 1 -70 -40 -190 0 -1 0 0 0 1 -1 0 0 43093.dat
1 4 -40 -40 -190 0 1 0 1 0 0 0 0 -1 32527.dat
1 4 -90 -40 -220 0 1 0 -1 0 0 0 0 1 41669.dat
1 4 -100 0 -120 0 1 0 -1 0 0 0 0 1 32348.dat
1 71 -20 -40 -300 -1 0 0 0 0 -1 0 -1 0 32073.dat
1 71 -20 0 -300 -1 0 0 0 0 -1 0 -1 0 32073.dat
1 71 -130 100 -240 0 0 -1 1 0 0 0 -1 0 56145.dat
1 256 -130 100 -240 0 0 -1 1 0 0 0 -1 0 55976.dat
1 71 90 100 -240 0 0 1 1 0 0 0 1 0 56145.dat
1 256 90 100 -240 0 0 1 1 0 0 0 1 0 55976.dat
1 71 90 103.687 23.327 0 0 1 0.992 -0.126 0 0.126 0.992 0 56145.dat
1 256 90 103.687 23.327 0 0 1 0.992 -0.126 0 0.126 0.992 0 55976.dat
1 71 -130 103.687 23.327 0 0 -1 0.992 0.126 0 0.126 -0.992 0 56145.dat
1 256 -130 103.687 23.327 0 0 -1 0.992 0.126 0 0.126 -0.992 0 55976.dat
