0 Main
0 Name: 42022-1 - Hot Rod.mpd
0 Author: LTRON
1 19 0 0 0 1 0 0 0 1 0 0 0 1 99008.dat
1 71 25 0 40 0 1 0 0 0 -1 -1 0 0 99773.dat
1 71 35 0 40 0 1 0 0 0 -1 -1 0 0 99773.dat
1 0 10 0 -100 0 -1 0 -1 0 0 0 0 -1 32278.dat
1 0 30 0 -300 0 -1 0 -1 0 0 0 0 -1 32278.dat
1 0 110 0 -300 0 -1 0 -1 0 0 0 0 -1 32278.dat
1 0 120 0 -160 -1 0 0 0 0 1 0 1 0 2780.dat
1 0 120 0 -240 -1 0 0 0 0 1 0 1 0 2780.dat
1 0 120 0 -280 -1 0 0 0 0 1 0 1 0 2780.dat
1 14 -5 0 20 0 0 -1 -1 0 0 0 1 0 32123.dat
1 14 -15 0 20 0 0 -1 -1 0 0 0 1 0 32123.dat
1 4 10 0 40 1 0 0 0 0 -1 0 1 0 32054.dat
1 4 -10 0 0 0 0 1 -1 0 0 0 -1 0 3713.dat
1 1 -20 0 40 1 0 0 0 0 1 0 -1 0 43093.dat
1 0 20 0 -240 1 0 0 0 0 1 0 -1 0 2780.dat
1 0 20 0 -160 1 0 0 0 0 1 0 -1 0 2780.dat
1 0 20 0 -140 1 0 0 0 0 1 0 -1 0 2780.dat
1 0 0 0 -120 1 0 0 0 0 1 0 -1 0 2780.dat
1 0 20 0 -280 1 0 0 0 0 1 0 -1 0 2780.dat
1 0 20 0 -100 1 0 0 0 0 1 0 -1 0 2780.dat
1 0 20 0 -80 1 0 0 0 0 1 0 -1 0 2780.dat
1 0 20 0 -40 1 0 0 0 0 1 0 -1 0 2780.dat
1 1 30 0 -20 0 -1 0 -1 0 0 0 0 -1 32526.dat
1 19 40 0 -20 1 0 0 0 0.707107 0.707107 0 -0.707107 0.707107 43093.dat
1 0 50 0 -20 0 0 -1 0.382684 0.92388 0 0.92388 -0.382684 0 32269.dat
1 1 10 0 -260 -1 0 0 0 -1 0 0 0 1 6558.dat
1 1 130 0 -260 1 0 0 0 -1 0 0 0 -1 6558.dat
1 71 70 0 -300 0 0 -1 0 -1 0 -1 0 0 32034.dat
1 71 70 0 -60 0 0 -1 0 -1 0 -1 0 0 32034.dat
1 71 70 0 80 0 0 -1 0 -1 0 -1 0 0 32034.dat
1 71 10 0 80 -1 0 0 0 -1 0 0 0 1 32073.dat
1 71 130 0 80 -1 0 0 0 -1 0 0 0 1 32073.dat
1 0 120 0 -60 -1 0 0 0 -1 0 0 0 1 3705.dat
1 0 20 0 -60 -1 0 0 0 -1 0 0 0 1 3705.dat
1 1 100 0 -300 -1 0 0 0 -1 0 0 0 1 3749.dat
1 1 40 0 -300 1 0 0 0 -1 0 0 0 -1 3749.dat
1 71 -10 0 -400 0 0 -1 0 1 0 1 0 0 32013.dat
1 71 150 0 -400 0 0 1 0 1 0 -1 0 0 32013.dat
1 0 150 0 -390 0 0 1 0 1 0 -1 0 0 2780.dat
1 0 -10 0 -390 0 0 -1 0 1 0 1 0 0 2780.dat
1 71 70 0 -380 1 0 0 0 1 0 0 0 1 44294.dat
1 71 150 0 -380 0 0 1 0 1 0 -1 0 0 32015.dat
1 1 40 -40 40 1 0 0 0 1 0 0 0 1 3749.dat
1 71 70 -40 40 0 0 -1 1 0 0 0 -1 0 32034.dat
1 1 100 -40 40 -1 0 0 0 0 -1 0 -1 0 3749.dat
1 71 60 -20 -500 -1 0 0 0 0 -1 0 -1 0 4519.dat
1 71 55 -20 -500 0 -1 0 0 0 -1 1 0 0 41677.dat
1 71 85 -20 -500 0 -1 0 0 0 -1 1 0 0 41677.dat
1 71 35 -20 -500 0 -1 0 0 0 -1 1 0 0 41677.dat
1 71 45 -20 -500 0 -1 0 0 0 -1 1 0 0 41677.dat
1 71 70 -40 -500 1 0 0 0 0 -1 0 1 0 44294.dat
1 71 25 -40 -500 0 0 1 0 1 0 -1 0 0 32123.dat
1 71 115 -40 -500 0 0 1 0 1 0 -1 0 0 32123.dat
1 71 -10 -40 -500 0 0 -1 1 0 0 0 -1 0 32013.dat
1 71 150 -40 -500 0 0 1 1 0 0 0 1 0 32013.dat
1 71 70 -40 -500 0 0 -1 1 0 0 0 -1 0 3713.dat
1 71 100 -40 -500 0 0 -1 1 0 0 0 -1 0 3713.dat
1 0 170 -40 20 0 -1 0 0 0 1 -1 0 0 60484.dat
1 0 -30 -40 20 0 -1 0 0 0 1 -1 0 0 60484.dat
1 1 150 -50 40 0 -1 0 1 0 0 0 0 1 43093.dat
1 1 -10 -50 40 0 -1 0 1 0 0 0 0 1 43093.dat
1 0 108 -20 -500 0 1 0 -0.992115 0 -0.125333 -0.125333 0 0.992115 32293.dat
1 71 70 -60 40 0 0 -1 0 1 0 1 0 0 40490.dat
1 0 130 0 80 -1 0 0 0 -1 0 0 0 1 6536.dat
1 0 130 -20 90 0 0 1 0 -1 0 1 0 0 2780.dat
1 0 140 -60 80 1 0 0 0 -1 0 0 0 -1 2780.dat
1 0 140 -60 60 1 0 0 0 -1 0 0 0 -1 2780.dat
1 0 0 -60 60 1 0 0 0 -1 0 0 0 -1 2780.dat
1 0 0 -60 80 1 0 0 0 -1 0 0 0 -1 2780.dat
1 0 170 0 80 -1 0 0 0 -1 0 0 0 1 6536.dat
1 0 170 -20 90 0 0 1 0 -1 0 1 0 0 2780.dat
1 0 -30 0 80 -1 0 0 0 -1 0 0 0 1 6536.dat
1 0 -30 -20 90 0 0 1 0 -1 0 1 0 0 2780.dat
1 0 10 -20 90 0 0 1 0 -1 0 1 0 0 2780.dat
1 0 10 0 80 -1 0 0 0 -1 0 0 0 1 6536.dat
1 0 150 0 80 0 -1 0 0 0 -1 1 0 0 32140.dat
1 0 130 -60 80 0 -1 0 -1 0 0 0 0 -1 32523.dat
1 0 150 -60 60 1 0 0 0 -1 0 0 0 -1 32557.dat
1 0 -10 -60 60 1 0 0 0 -1 0 0 0 -1 32557.dat
1 1 160 -80 70 0 0 1 0 -1 0 1 0 0 4274.dat
1 1 140 -80 70 0 0 1 0 -1 0 1 0 0 4274.dat
1 1 0 -80 70 0 0 1 0 -1 0 1 0 0 4274.dat
1 1 -20 -80 70 0 0 1 0 -1 0 1 0 0 4274.dat
1 36 160 -80 78 0 0 1 -1 0 0 0 -1 0 6141.dat
1 36 140 -80 78 0 0 1 -1 0 0 0 -1 0 6141.dat
1 36 0 -80 78 0 0 1 -1 0 0 0 -1 0 6141.dat
1 36 -20 -80 78 0 0 1 -1 0 0 0 -1 0 6141.dat
1 0 10 -60 80 0 -1 0 -1 0 0 0 0 -1 32523.dat
1 0 -10 0 80 0 -1 0 0 0 -1 1 0 0 32140.dat
1 71 70 -40 -60 0 0 -1 0 -1 0 -1 0 0 32034.dat
1 0 20 -40 -60 1 0 0 0 -1 0 0 0 -1 3705.dat
1 0 120 -40 -60 1 0 0 0 -1 0 0 0 -1 3705.dat
1 71 150 -20 -60 1 0 0 0 -1 0 0 0 -1 32184.dat
1 71 -10 -20 -60 1 0 0 0 -1 0 0 0 -1 32184.dat
1 0 130 -60 -260 0 -1 0 0 0 1 -1 0 0 32140.dat
1 0 10 -60 -260 0 -1 0 0 0 1 -1 0 0 32140.dat
1 71 70 -70 -460 1 0 0 0 1 0 0 0 1 3701.dat
1 71 40 -78 -460 1 0 0 0 1 0 0 0 1 3024.dat
1 71 40 -102 -460 1 0 0 0 1 0 0 0 1 3005.dat
1 71 60 -134 -460 0 0 1 0 1 0 -1 0 0 6091.dat
1 71 70 -134 -460 -1 0 0 0 1 0 0 0 -1 15573.dat
1 80 70 -137 -460 0 0 1 0 1 0 -1 0 0 6141.dat
1 71 80 -134 -460 0 0 -1 0 1 0 1 0 0 6091.dat
1 71 100 -102 -460 1 0 0 0 1 0 0 0 1 3005.dat
1 71 100 -78 -460 1 0 0 0 1 0 0 0 1 3024.dat
1 0 70 -94 -460 -1 0 0 0 1 0 0 0 -1 2877.dat
1 0 70 -118 -460 -1 0 0 0 1 0 0 0 -1 2877.dat
1 0 145 -50 -120 0 1 0 0 0 -1 -1 0 0 32063.dat
1 0 155 -50 -120 0 1 0 0 0 -1 -1 0 0 32063.dat
1 0 -15 -50 -120 0 1 0 0 0 -1 -1 0 0 32063.dat
1 0 -5 -50 -120 0 1 0 0 0 -1 -1 0 0 32063.dat
1 0 70 -20 100 0 0 -1 1 0 0 0 -1 0 32525.dat
1 71 -10 -40 -260 0 0 -1 0 1 0 1 0 0 32184.dat
1 71 150 -40 -260 0 0 -1 0 1 0 1 0 0 32184.dat
1 1 -10 -20 -270 0 0 -1 0 1 0 1 0 0 43093.dat
1 73 -30 -80 -280 -1 0 0 0 -1 0 0 0 1 64392.dat
1 71 -30 -100 -240 0 -1 0 1 0 0 0 0 1 4519.dat
1 71 170 -100 -240 0 -1 0 1 0 0 0 0 1 4519.dat
1 0 -30 -100 -240 1 0 0 0 1 0 0 0 1 33299.dat
1 0 170 -100 -240 1 0 0 0 1 0 0 0 1 33299.dat
1 73 170 -80 -280 -1 0 0 0 -1 0 0 0 1 64682.dat
1 1 -10 -60 -270 0 0 -1 0 1 0 1 0 0 43093.dat
1 1 150 -20 -270 0 0 -1 0 1 0 1 0 0 43093.dat
1 1 150 -60 -270 0 0 -1 0 1 0 1 0 0 43093.dat
1 71 70 -80 -260 0 0 -1 -1 0 0 0 1 0 40490.dat
1 1 110 -80 -250 0 0 -1 0 1 0 1 0 0 43093.dat
1 71 110 -80 -226 -1 0 0 0 0 -1 0 -1 0 2819.dat
1 0 150 -80 -270 0 0 -1 0 -1 0 -1 0 0 2780.dat
1 0 -10 -80 -270 0 0 -1 0 -1 0 -1 0 0 2780.dat
1 0 170 -140 -240 0 0 1 0 -1 0 1 0 0 32014.dat
1 0 -30 -140 -240 0 0 -1 0 -1 0 -1 0 0 32014.dat
1 71 70 -140 -240 -1 0 0 0 1 0 0 0 -1 60485.dat
1 72 -18 0 20 1 0 0 0 -0.383 -0.924 0 0.924 -0.383 55013.dat
1 0 50 0 20 0 0 -1 0.924 0.383 0 0.383 -0.924 0 32270.dat
1 4 -50 0 20 0 0 1 -0.924 0.383 0 -0.383 -0.924 0 3713.dat
1 4 -90 0 20 0 0 -1 0.924 0.383 0 0.383 -0.924 0 3713.dat
1 71 -80 0 20 0 0 -1 0.924 0.383 0 0.383 -0.924 0 56145.dat
1 256 -80 0 20 0 0 -1 0.924 0.383 0 0.383 -0.924 0 15413.dat
1 71 70 0 -300 0 -0.738 0.674 0 -0.674 -0.738 1 0 0 4519.dat
1 71 70 0 -60 0 -0.738 0.674 0 -0.674 -0.738 1 0 0 4519.dat
1 14 70 0 -320 0.674 -0.738 0 -0.738 -0.674 0 0 0 -1 32072.dat
1 0 70 0 -270 0.674 -0.738 0 -0.738 -0.674 0 0 0 -1 59443.dat
1 0 70 0 -90 0.674 -0.738 0 -0.738 -0.674 0 0 0 -1 59443.dat
1 0 70 0 -30 0.674 -0.738 0 -0.738 -0.674 0 0 0 -1 59443.dat
1 0 70 0 60 -0.674 -0.738 0 0.738 -0.674 0 0 0 1 32269.dat
1 71 70 0 -180 0 -0.738 0.674 0 -0.674 -0.738 1 0 0 60485.dat
1 0 70 0 30 0 -0.738 0.674 0 -0.674 -0.738 1 0 0 3706.dat
1 71 70 0 -400 -1 0 0 0 1 0 0 0 -1 44294.dat
1 71 70 -80 -440 -1 0 0 0 1 0 0 0 -1 32073.dat
1 0 90 -80 -440 1 0 0 0 -1 0 0 0 -1 6536.dat
1 0 50 -80 -440 1 0 0 0 -1 0 0 0 -1 6536.dat
1 4 70 0 -400 0 0 -1 0 1 0 1 0 0 3713.dat
1 71 85 0 -440 0 -1 0 0 0 -1 1 0 0 32056.dat
1 71 95 0 -440 0 -1 0 0 0 -1 1 0 0 32056.dat
1 71 45 0 -440 0 -1 0 0 0 -1 1 0 0 32056.dat
1 71 55 0 -440 0 -1 0 0 0 -1 1 0 0 32056.dat
1 71 70 0 -440 1 0 0 0 0 -1 0 1 0 32073.dat
1 71 70 -40 -440 1 0 0 0 0 -1 0 1 0 4519.dat
1 1 70 -20 -440 -1 0 0 0 0 -1 0 -1 0 6558.dat
1 0 70 -20 -500 0 -1 0 1 0 0 0 0 1 32140.dat
1 71 70 -60 -440 1 0 0 0 1 0 0 0 1 32184.dat
1 0 40 0 -420 1 0 0 0 1 0 0 0 1 2780.dat
1 0 100 0 -420 1 0 0 0 1 0 0 0 1 2780.dat
1 71 130 -80 -440 0 0 1 0 -1 0 1 0 0 32013.dat
1 71 10 -80 -440 0 0 -1 0 -1 0 -1 0 0 32013.dat
1 71 130 -80 -450 0 0 -1 1 0 0 0 -1 0 4740.dat
1 71 10 -80 -450 0 0 -1 1 0 0 0 -1 0 4740.dat
1 47 130 -80 -454 0 0 -1 1 0 0 0 -1 0 6141.dat
1 47 10 -80 -454 0 0 -1 1 0 0 0 -1 0 6141.dat
1 14 90 0 -340 0 0 -1 -0.031 1 0 1 0.031 0 32072.dat
1 0 60 0 -340 0 0 -1 -0.031 1 0 1 0.031 0 59443.dat
1 4 40 0 -340 1 0 0 0 1 -0.031 0 0.031 1 32062.dat
1 71 130 -20 -340.62 1 0 0 0 1 -0.031 0 0.031 1 32184.dat
1 71 120 -40 -341.24 1 0 0 0 1 -0.031 0 0.031 1 2736.dat
1 72 102 0 -340 1 0 0 0 1 -0.031 0 0.031 1 87083.dat
1 19 70 -28 40 -0.997 -0.082 0 0 0 1 -0.082 0.997 0 6589.dat
1 72 70 -68 40 0 -0.082 -0.997 -1 0 0 0 0.997 -0.082 59426.dat
1 0 70 -123 40 -0.997 -0.082 0 0 0 1 -0.082 0.997 0 59443.dat
1 71 70 -80 40 -0.997 -0.082 0 0 0 1 -0.082 0.997 0 3713.dat
1 71 70 -95 40 -0.997 -0.082 0 0 0 1 -0.082 0.997 0 32123.dat
1 71 105 0 40 0 1 0 0 0 -1 -1 0 0 99773.dat
1 71 220 0 20 0 0 1 -0.382683 -0.92388 0 0.92388 -0.382683 0 56145.dat
1 71 115 0 40 0 1 0 0 0 -1 -1 0 0 99773.dat
1 19 140 0 0 -1 0 0 0 0 -1 0 -1 0 99008.dat
1 72 158 0 20 -1 0 0 0 0.382683 -0.92388 0 -0.92388 -0.382683 55013.dat
1 4 90 0 20 0 0 -1 -0.92388 -0.382683 0 -0.382683 0.92388 0 3713.dat
1 4 190 0 20 0 0 -1 -0.92388 -0.382683 0 -0.382683 0.92388 0 3713.dat
1 4 230 0 20 0 0 -1 -0.92388 -0.382683 0 -0.382683 0.92388 0 3713.dat
1 4 150 0 0 0 0 -1 -1 0 0 0 1 0 3713.dat
1 0 130 0 -100 0 1 0 -1 0 0 0 0 1 32278.dat
1 256 220 0 20 0 0 1 -0.924 0.383 0 -0.383 -0.924 0 44309.dat
1 4 130 0 40 -1 0 0 0 -1 0 0 0 1 32054.dat
1 1 160 0 40 -1 0 0 0 -1 0 0 0 1 43093.dat
1 14 145 0 20 0 0 1 -0.382683 -0.92388 0 0.92388 -0.382683 0 32123.dat
1 14 155 0 20 0 0 1 -0.382683 -0.92388 0 0.92388 -0.382683 0 32123.dat
1 0 120 0 -20 1 0 0 0 -1 0 0 0 -1 2780.dat
1 0 120 0 -100 1 0 0 0 -1 0 0 0 -1 2780.dat
1 0 140 0 -120 1 0 0 0 -1 0 0 0 -1 2780.dat
1 0 120 0 -140 1 0 0 0 -1 0 0 0 -1 2780.dat
1 1 110 0 -20 0 -1 0 -1 0 0 0 0 -1 32526.dat
1 71 70 0 -480 0 0 1 0 1 0 -1 0 0 40490.dat
1 71 70 0 -460 0 0 1 0 1 0 -1 0 0 40490.dat
1 71 70 0 -500 0 0 1 0 1 0 -1 0 0 40490.dat
1 71 -10 -10 -480 0 0 1 -1 0 0 0 -1 0 3673.dat
1 71 150 -10 -480 0 0 1 -1 0 0 0 -1 0 3673.dat
1 71 -10 -20 -480 1 0 0 0 0 1 0 -1 0 48989.dat
1 71 150 -20 -480 1 0 0 0 0 1 0 -1 0 48989.dat
1 72 -40 -20 -500 1 0 0 0 0 1 0 -1 0 87083.dat
1 72 180 -20 -500 -1 0 0 0 0 1 0 1 0 87083.dat
1 71 -25 -20 -500 0 0 -1 -1 0 0 0 1 0 32123.dat
1 71 165 -20 -500 0 0 -1 -1 0 0 0 1 0 32123.dat
1 71 175 -20 -500 0 0 -1 -1 0 0 0 1 0 32123.dat
1 71 -35 -20 -500 0 0 -1 -1 0 0 0 1 0 32123.dat
1 71 200 -20 -500 0 0 1 -1 0 0 0 -1 0 56145.dat
1 71 -60 -20 -500 0 0 -1 -1 0 0 0 1 0 56145.dat
1 4 210 -20 -500 0 0 1 -1 0 0 0 -1 0 3713.dat
1 4 -70 -20 -500 0 0 -1 -1 0 0 0 1 0 3713.dat
1 256 -60 -20 -500 0 0 -1 -1 0 0 0 1 0 44309.dat
1 256 200 -20 -500 0 0 -1 -1 0 0 0 1 0 44309.dat
1 0 130 -20 -500 0 1 0 -1 0 0 0 0 1 33299.dat
1 71 120 -20 -500 1 0 0 0 -1 0 0 0 -1 2736.dat
1 0 10 -40 -20 0 1 0 1 0 0 0 0 -1 32525.dat
1 0 0 -40 -120 1 0 0 0 -1 0 0 0 -1 2780.dat
1 0 0 -40 80 1 0 0 0 -1 0 0 0 -1 2780.dat
1 0 0 -40 60 1 0 0 0 -1 0 0 0 -1 2780.dat
1 0 20 -40 -100 1 0 0 0 -1 0 0 0 -1 2780.dat
1 0 20 -40 -80 1 0 0 0 -1 0 0 0 -1 2780.dat
1 1 10 -40 0 -1 0 0 0 -1 0 0 0 1 6558.dat
1 1 -10 -40 20 1 0 0 0 -1 0 0 0 -1 6558.dat
1 71 30 -40 -40 0 1 0 -1 0 0 0 0 1 32316.dat
1 72 -10 -40 20 0 0 1 -1 0 0 0 -1 0 42003.dat
1 0 50 -40 -20 0 0 1 0.383 0.924 0 -0.924 0.383 0 32270.dat
1 72 40 -40 -20 -1 0 0 0 0.924 0.383 0 0.383 -0.924 87083.dat
1 0 80 -40 -20 0 0 -1 -0.383 0.924 0 0.924 0.383 0 59443.dat
1 4 100 -40 -20 1 0 0 0 0.924 -0.383 0 0.383 0.924 32062.dat
1 0 130 -40 -20 0 -1 0 -1 0 0 0 0 -1 32525.dat
1 0 140 -40 -120 -1 0 0 0 1 0 0 0 -1 2780.dat
1 0 140 -40 80 -1 0 0 0 1 0 0 0 -1 2780.dat
1 0 140 -40 60 -1 0 0 0 1 0 0 0 -1 2780.dat
1 0 120 -40 -100 -1 0 0 0 1 0 0 0 -1 2780.dat
1 0 120 -40 -80 -1 0 0 0 1 0 0 0 -1 2780.dat
1 1 130 -40 0 1 0 0 0 1 0 0 0 1 6558.dat
1 1 150 -40 20 -1 0 0 0 1 0 0 0 -1 6558.dat
1 72 150 -40 20 0 0 1 -1 0 0 0 -1 0 42003.dat
1 71 110 -40 -40 0 -1 0 1 0 0 0 0 1 32316.dat
1 71 -10 0 -380 0 -0.924 0.383 0 0.383 0.924 -1 0 0 32015.dat
1 71 -25.32 -36.96 -380 0.383 0 0.924 0.924 0 -0.383 0 1 0 4519.dat
1 71 -25.32 -36.96 -380 -0.924 -0.383 0 0.383 -0.924 0 0 0 1 33299.dat
1 71 -32.98 -55.44 -360 -0.924 -0.383 0 0.383 -0.924 0 0 0 1 32316.dat
1 1 -36.81 -64.68 -320 -0.383 0.924 0 -0.924 -0.383 0 0 0 1 4274.dat
1 1 -36.81 -64.68 -360 -0.383 0.924 0 -0.924 -0.383 0 0 0 1 4274.dat
1 1 -36.81 -64.68 -400 -0.383 0.924 0 -0.924 -0.383 0 0 0 1 4274.dat
1 71 -36.81 -64.68 -320 0 0.383 -0.924 0 0.924 0.383 1 0 0 95343.dat
1 71 -36.81 -64.68 -360 0 0.383 -0.924 0 0.924 0.383 1 0 0 95343.dat
1 71 -36.81 -64.68 -400 0 0.383 -0.924 0 0.924 0.383 1 0 0 95343.dat
1 71 150 0 -380 0 0.924 -0.383 0 0.383 0.924 1 0 0 32015.dat
1 71 165.32 -36.96 -380 -0.383 0 -0.924 0.924 0 -0.383 0 -1 0 4519.dat
1 71 165.32 -36.96 -380 -0.924 0.383 0 -0.383 -0.924 0 0 0 1 33299.dat
1 71 172.98 -55.44 -360 -0.924 0.383 0 -0.383 -0.924 0 0 0 1 32316.dat
1 1 176.81 -64.68 -320 0.383 0.924 0 -0.924 0.383 0 0 0 1 4274.dat
1 1 176.81 -64.68 -360 0.383 0.924 0 -0.924 0.383 0 0 0 1 4274.dat
1 1 176.81 -64.68 -400 0.383 0.924 0 -0.924 0.383 0 0 0 1 4274.dat
1 71 176.81 -64.68 -320 0 -0.383 -0.924 0 0.924 -0.383 1 0 0 95343.dat
1 71 176.81 -64.68 -360 0 -0.383 -0.924 0 0.924 -0.383 1 0 0 95343.dat
1 71 176.81 -64.68 -400 0 -0.383 -0.924 0 0.924 -0.383 1 0 0 95343.dat
1 1 90 -101.96 -138.76 0 -1 0 -0.208 0 0.978 -0.978 0 -0.208 32526.dat
1 1 130 -101.96 -138.76 0 -1 0 -0.208 0 0.978 -0.978 0 -0.208 32526.dat
1 1 110 -101.96 -138.76 1 0 0 0 -0.208 0.978 0 -0.978 -0.208 6558.dat
1 1 110 -62.84 -147.08 1 0 0 0 -0.208 0.978 0 -0.978 -0.208 6558.dat
1 1 110 -23.72 -155.4 1 0 0 0 -0.208 0.978 0 -0.978 -0.208 6558.dat
1 1 110 -27.88 -174.96 1 0 0 0 -0.208 0.978 0 -0.978 -0.208 6558.dat
1 0 110 -82.4 -142.92 0 1 0 0.208 0 0.978 0.978 0 -0.208 32523.dat
1 0 110 -32.04 -194.52 0 -1 0 0.978 0 0.208 -0.208 0 0.978 32140.dat
1 1 10 -101.96 -138.76 0 -1 0 -0.208 0 0.978 -0.978 0 -0.208 32526.dat
1 1 50 -101.96 -138.76 0 -1 0 -0.208 0 0.978 -0.978 0 -0.208 32526.dat
1 1 30 -101.96 -138.76 1 0 0 0 -0.208 0.978 0 -0.978 -0.208 6558.dat
1 1 30 -62.84 -147.08 1 0 0 0 -0.208 0.978 0 -0.978 -0.208 6558.dat
1 1 30 -23.72 -155.4 1 0 0 0 -0.208 0.978 0 -0.978 -0.208 6558.dat
1 1 30 -27.88 -174.96 1 0 0 0 -0.208 0.978 0 -0.978 -0.208 6558.dat
1 0 30 -82.4 -142.92 0 1 0 0.208 0 0.978 0.978 0 -0.208 32523.dat
1 0 30 -32.04 -194.52 0 -1 0 0.978 0 0.208 -0.208 0 0.978 32140.dat
1 71 70 -110 -420 1 0 0 0 1 0 0 0 1 32333.dat
1 71 70 -110 -280 1 0 0 0 1 0 0 0 1 32333.dat
1 0 70 -100 -270 0 0 -1 0 1 0 1 0 0 2780.dat
1 0 70 -100 -430 0 0 -1 0 1 0 1 0 0 2780.dat
1 1 90 -100 -420 0 0 1 0 1 0 -1 0 0 6558.dat
1 71 90 -60 -440 0 1 0 0 0 1 1 0 0 87082.dat
1 71 50 -60 -440 0 1 0 0 0 1 1 0 0 87082.dat
1 1 50 -100 -420 0 0 -1 0 1 0 1 0 0 6558.dat
1 1 114 -68 -410 0 0 -1 0 1 0 1 0 0 4274.dat
1 1 26 -68 -410 0 0 -1 0 1 0 1 0 0 4274.dat
1 14 70 -60 -390 0 1 0 -1 0 0 0 0 1 2853.dat
1 14 70 -60 -310 0 -1 0 -1 0 0 0 0 -1 2853.dat
1 19 70 -60 -370 0 1 0 -1 0 0 0 0 1 2854.dat
1 19 70 -60 -330 0 -1 0 -1 0 0 0 0 -1 2854.dat
1 4 70 -70 -350 0 1 0 0 0 -1 -1 0 0 32062.dat
1 0 70 -60 -260 0 1 0 0 0 -1 -1 0 0 3705.dat
1 72 70 -60 -240 0 1 0 -1 0 0 0 0 1 10928.dat
1 4 70 -60 -420 0 1 0 0 0 -1 -1 0 0 32062.dat
1 71 70 -50 -390 0.743145 0.669131 0 -0.669131 0.743145 0 0 0 1 2852.dat
1 71 70 -50 -390 -0.743145 -0.669131 0 -0.669131 0.743145 0 0 0 -1 2852.dat
1 71 70 -50 -310 0.743145 0.669131 0 -0.669131 0.743145 0 0 0 1 2852.dat
1 71 70 -50 -310 -0.743145 -0.669131 0 -0.669131 0.743145 0 0 0 -1 2852.dat
1 71 70 -70 -350 0.422618 0.906308 0 -0.906308 0.422618 0 0 0 1 2852.dat
1 71 70 -70 -350 -0.422618 -0.906308 0 -0.906308 0.422618 0 0 0 -1 2852.dat
1 71 17.186 -99.672 -350 -0.602 0.799 0 0.799 0.602 0 0 0 -1 2850.dat
1 71 17.186 -99.672 -390 -0.602 0.799 0 0.799 0.602 0 0 0 -1 2850.dat
1 71 17.186 -99.672 -310 -0.602 0.799 0 0.799 0.602 0 0 0 -1 2850.dat
1 0 25.92 -68.04 -370 0 0.799 -0.602 0 0.602 0.799 1 0 0 2780.dat
1 0 25.92 -68.04 -330 0 0.799 -0.602 0 0.602 0.799 1 0 0 2780.dat
1 0 25.92 -68.04 -290 0 0.799 -0.602 0 0.602 0.799 1 0 0 2780.dat
1 0 50 -100 -290 0 0.799 -0.602 0 0.602 0.799 1 0 0 2780.dat
1 0 50 -100 -330 0 0.799 -0.602 0 0.602 0.799 1 0 0 2780.dat
1 0 50 -100 -370 0 0.799 -0.602 0 0.602 0.799 1 0 0 2780.dat
1 14 43.553 -79.806 -390 0 0.799 -0.602 0 0.602 0.799 1 0 0 2851.dat
1 14 43.553 -79.806 -310 0 0.799 -0.602 0 0.602 0.799 1 0 0 2851.dat
1 14 33.965 -87.03 -350 0 0.799 -0.602 0 0.602 0.799 1 0 0 2851.dat
1 71 122.734 -99.632 -350 -0.602 -0.799 0 -0.799 0.602 0 0 0 -1 2850.dat
1 71 122.734 -99.632 -390 -0.602 -0.799 0 -0.799 0.602 0 0 0 -1 2850.dat
1 71 122.734 -99.632 -310 -0.602 -0.799 0 -0.799 0.602 0 0 0 -1 2850.dat
1 0 89.92 -99.96 -370 0 -0.799 -0.602 0 0.602 -0.799 1 0 0 2780.dat
1 0 89.92 -99.96 -330 0 -0.799 -0.602 0 0.602 -0.799 1 0 0 2780.dat
1 0 89.92 -99.96 -290 0 -0.799 -0.602 0 0.602 -0.799 1 0 0 2780.dat
1 0 114 -68 -290 0 -0.799 -0.602 0 0.602 -0.799 1 0 0 2780.dat
1 0 114 -68 -330 0 -0.799 -0.602 0 0.602 -0.799 1 0 0 2780.dat
1 0 114 -68 -370 0 -0.799 -0.602 0 0.602 -0.799 1 0 0 2780.dat
1 14 96.367 -79.766 -390 0 -0.799 -0.602 0 0.602 -0.799 1 0 0 2851.dat
1 14 96.367 -79.766 -310 0 -0.799 -0.602 0 0.602 -0.799 1 0 0 2851.dat
1 14 105.955 -86.99 -350 0 -0.799 -0.602 0 0.602 -0.799 1 0 0 2851.dat
1 71 70 -20 -260 1 0 0 0 1 0 0 0 1 44294.dat
1 72 70 -40 -260 -1 0 0 0 -1 0 0 0 1 42003.dat
1 72 50 -40 -260 -1 0 0 0 -1 0 0 0 1 42003.dat
1 72 90 -40 -260 -1 0 0 0 -1 0 0 0 1 42003.dat
1 71 30 -20 -260 0 -1 0 0 0 -1 1 0 0 60483.dat
1 71 110 -20 -260 0 -1 0 0 0 -1 1 0 0 60483.dat
1 1 130 -40 -260 1 0 0 0 0 -1 0 1 0 6558.dat
1 1 10 -40 -260 -1 0 0 0 0 -1 0 -1 0 6558.dat
1 0 50 -60 -270 0 -1 0 0 0 -1 1 0 0 2780.dat
1 0 90 -60 -270 0 -1 0 0 0 -1 1 0 0 2780.dat
1 72 70 -40 -190 0 -0.383 0.924 0 0.924 0.383 -1 0 0 55013.dat
1 72 70 -40 -240 -0.924 -0.383 0 -0.383 0.924 0 0 0 -1 10928.dat
1 0 70 -40 -110 -0.924 -0.383 0 -0.383 0.924 0 0 0 -1 59443.dat
1 0 70 -40 -70 0 -0.383 -0.924 0 0.924 -0.383 1 0 0 3705.dat
1 71 70 -40 -80 0.924 -0.383 0 0.383 0.924 0 0 0 1 3713.dat
1 0 70 -40 -40 0.924 -0.383 0 0.383 0.924 0 0 0 1 32270.dat
1 0 70 -120 -260 1 0 0 0 1 0 0 0 1 6536.dat
1 0 70 -120 -440 1 0 0 0 1 0 0 0 1 6536.dat
1 71 70 -120 -260 1 0 0 0 1 0 0 0 1 4519.dat
1 71 70 -120 -440 1 0 0 0 1 0 0 0 1 4519.dat
1 0 50 -120 -280 -1 0 0 0 1 0 0 0 -1 32039.dat
1 0 50 -120 -420 1 0 0 0 1 0 0 0 1 32039.dat
1 0 90 -120 -420 1 0 0 0 1 0 0 0 1 32039.dat
1 0 90 -120 -280 -1 0 0 0 1 0 0 0 -1 32039.dat
1 0 50 -120 -350 0 0 -1 0 1 0 1 0 0 3707.dat
1 0 90 -120 -350 0 0 -1 0 1 0 1 0 0 3707.dat
1 71 50 -120 -310 0 0 -1 0 1 0 1 0 0 62462.dat
1 71 50 -120 -390 0 0 -1 0 1 0 1 0 0 62462.dat
1 71 90 -120 -310 0 0 -1 0 1 0 1 0 0 62462.dat
1 71 90 -120 -390 0 0 -1 0 1 0 1 0 0 62462.dat
1 71 70 -120 -340 0 1 0 0 0 1 1 0 0 32184.dat
1 71 70 -120 -360 0 1 0 0 0 1 1 0 0 32184.dat
1 71 70 -140 -350 0 0 -1 1 0 0 0 -1 0 32138.dat
1 71 70 -160 -360 0 -1 0 0 0 1 -1 0 0 32184.dat
1 71 70 -160 -380 0 0 1 -1 0 0 0 -1 0 32523.dat
1 28 50 -160 -342 0 -1 0 0 0 1 -1 0 0 6587.dat
1 28 90 -160 -342 0 -1 0 0 0 1 -1 0 0 6587.dat
1 71 70 -160 -340 0 -1 0 0 0 1 -1 0 0 32184.dat
1 71 70 -160 -320 0 -1 0 0 0 1 -1 0 0 32184.dat
1 0 115 -142.31 -168.07 0 -1 0 0.999 0 0.047 -0.047 0 0.999 32063.dat
1 0 105 -142.31 -168.07 0 -1 0 0.999 0 0.047 -0.047 0 0.999 32063.dat
1 0 35 -142.31 -168.07 0 -1 0 0.999 0 0.047 -0.047 0 0.999 32063.dat
1 0 25 -142.31 -168.07 0 -1 0 0.999 0 0.047 -0.047 0 0.999 32063.dat
1 1 130 -144.66 -218.02 1 0 0 0 0.999 0.047 0 -0.047 0.999 6558.dat
1 1 10 -144.66 -218.02 -1 0 0 0 -0.999 0.047 0 0.047 0.999 6558.dat
1 1 10 -142.78 -178.06 -1 0 0 0 -0.999 0.047 0 0.047 0.999 6558.dat
1 1 10 -140.9 -138.1 -1 0 0 0 0.999 -0.047 0 -0.047 -0.999 6558.dat
1 1 130 -142.78 -178.06 1 0 0 0 0.999 0.047 0 -0.047 0.999 6558.dat
1 1 130 -140.9 -138.1 1 0 0 0 0.999 0.047 0 -0.047 0.999 6558.dat
1 1 140 -141.84 -158.08 -1 0 0 0 -0.999 0.047 0 0.047 0.999 43093.dat
1 1 0 -141.84 -158.08 1 0 0 0 0.999 0.047 0 -0.047 0.999 43093.dat
1 0 125 -139.96 -118.12 0 1 0 0.999 0 -0.047 -0.047 0 -0.999 32056.dat
1 0 15 -139.96 -118.12 0 1 0 0.999 0 -0.047 -0.047 0 -0.999 32056.dat
1 0 135 -139.96 -118.12 0 1 0 0.999 0 -0.047 -0.047 0 -0.999 32056.dat
1 0 5 -139.96 -118.12 0 1 0 0.999 0 -0.047 -0.047 0 -0.999 32056.dat
1 0 130 -143.72 -198.04 0 1 0 0.999 0 -0.047 -0.047 0 -0.999 32523.dat
1 0 10 -143.72 -198.04 0 1 0 0.999 0 -0.047 -0.047 0 -0.999 32523.dat
1 0 150 -142.78 -178.06 0 1 0 0.999 0 -0.047 -0.047 0 -0.999 32316.dat
1 0 -10 -142.78 -178.06 0 1 0 0.999 0 -0.047 -0.047 0 -0.999 32316.dat
1 71 100 -139.96 -118.12 -1 0 0 0 0.999 -0.047 0 -0.047 -0.999 3673.dat
1 71 40 -139.96 -118.12 -1 0 0 0 0.999 -0.047 0 -0.047 -0.999 3673.dat
1 28 130 -100 -120 1 0 0 0 -0.999 -0.047 0 0.047 -0.999 6587.dat
1 0 100 -100 -120 0 0 1 0.047 -0.999 0 0.999 0.047 0 59443.dat
1 0 40 -100 -120 0 0 1 0.047 -0.999 0 0.999 0.047 0 59443.dat
1 71 70 -100 -120 -1 0 0 0 -0.999 0.047 0 0.047 0.999 4519.dat
1 71 -10 -100 -120 -1 0 0 0 -0.999 0.047 0 0.047 0.999 32073.dat
1 71 -30 -100 -120 0 0 -1 -0.047 -0.999 0 -0.999 0.047 0 3713.dat
1 0 -50 -100 -120 0 0 -1 -0.047 -0.999 0 -0.999 0.047 0 32270.dat
1 0 90 -116 -21.1 0 -1 0 0.971 0 0.24 -0.24 0 0.971 32525.dat
1 0 50 -116 -21.1 0 -1 0 0.971 0 0.24 -0.24 0 0.971 32525.dat
1 73 110 -92 -44 0 -1 0 1 0 0 0 0 1 32271.dat
1 73 30 -92 -44 0 -1 0 1 0 0 0 0 1 32271.dat
1 73 10 -92 -44 0 1 0 -1 0 0 0 0 1 64683.dat
1 73 130 -92 -44 0 -1 0 1 0 0 0 0 1 64391.dat
1 71 100 -92 76 1 0 0 0 1 0 0 0 1 3673.dat
1 71 40 -92 76 1 0 0 0 1 0 0 0 1 3673.dat
1 0 20 -92 36 1 0 0 0 1 0 0 0 1 2780.dat
1 0 20 -92 -4 1 0 0 0 1 0 0 0 1 2780.dat
1 0 120 -92 -4 1 0 0 0 1 0 0 0 1 2780.dat
1 0 120 -92 36 1 0 0 0 1 0 0 0 1 2780.dat
1 72 120 -60 100 1 0 0 0 0.6 0.8 0 -0.8 0.6 87083.dat
1 0 20 -60 100 1 0 0 0 0.6 0.8 0 -0.8 0.6 3705.dat
1 71 70 -60 100 0 0 1 0.6 0.8 0 -0.8 0.6 0 32034.dat
1 1 70 -66 108 0 0 1 -0.6 -0.8 0 0.8 -0.6 0 4274.dat
1 80 70 -70.8 114.4 0 0 -1 0.8 0.6 0 0.6 -0.8 0 6141.dat
