0 Main
0 Name: 1528 - Dragster.mpd
0 Author: LTRON
1 0 -44.8697 -17.594 -32 0.981627 -0.190809 0 0.190809 0.981627 0 0 0 1 3641.dat
1 0 -44.8697 -17.594 32 -0.981627 -0.190809 0 -0.190809 0.981627 0 0 0 -1 3641.dat
1 0 -43.7249 -23.4838 0 0 -0.190809 0.981627 0 0.981627 0.190809 -1 0 0 122.dat
1 0 77.5053 -18.256 -32 0.981627 -0.190809 0 0.190809 0.981627 0 0 0 1 3641.dat
1 0 77.5053 -18.256 32 -0.981627 -0.190809 0 -0.190809 0.981627 0 0 0 -1 3641.dat
1 0 78.6501 -24.1458 0 0 -0.190809 0.981627 0 0.981627 0.190809 -1 0 0 122.dat
1 0 81.7031 -39.8519 0 0 -0.190809 -0.981627 0 0.981627 -0.190809 1 0 0 3068.dat
1 0 1.6462 -47.2636 0 0 -0.190809 -0.981627 0 0.981627 -0.190809 1 0 0 4732.dat
1 0 16.6994 -19.8883 -30 0.981627 -0.190809 0 0.190809 0.981627 0 0 0 1 3710.dat
1 0 16.6994 -19.8883 30 0.981627 -0.190809 0 0.190809 0.981627 0 0 0 1 3710.dat
1 0 -4.4597 -15.8515 0 0 -0.190809 -0.981627 0 0.981627 -0.190809 1 0 0 3020.dat
1 0 28.0422 -25.8332 0 0 -0.190809 -0.981627 0 0.981627 -0.190809 1 0 0 3710.dat
1 0 -48.9618 -48.951 9.98 0 -0.190809 0.981627 0 0.981627 0.190809 -1 0 0 4070.dat
1 0 -48.9618 -48.951 -10.02 0 -0.190809 0.981627 0 0.981627 0.190809 -1 0 0 4070.dat
1 0 -66.576 -42.1877 -0.03 0 0.981627 0.190809 0 0.190809 -0.981627 -1 0 0 4590.dat
1 15 -88.1816 -46.3874 9.96 0 0.981627 0.190809 0 0.190809 -0.981627 -1 0 0 4589.dat
1 15 -88.1816 -46.3874 -10.04 0 0.981627 0.190809 0 0.190809 -0.981627 -1 0 0 4589.dat
1 0 99.8092 -28.1826 0 0 -0.190809 -0.981627 0 0.981627 -0.190809 1 0 0 3022.dat
1 15 108.099 -18.4215 0 0 -0.190809 -0.981627 0 0.981627 -0.190809 1 0 0 3710.dat
1 0 -62.4885 -84.1794 10 0 -0.190809 -0.981627 0 0.981627 -0.190809 1 0 0 4589.dat
1 0 -62.4885 -84.1794 -10 0 -0.190809 -0.981627 0 0.981627 -0.190809 1 0 0 4589.dat
1 0 -42.8559 -80.3632 0 0 -0.190809 -0.981627 0 0.981627 -0.190809 1 0 0 3039.dat
1 15 29.5686 -33.6863 0 0 -0.190809 -0.981627 0 0.981627 -0.190809 1 0 0 3829.dat
1 15 -41.3294 -88.2162 0 0 -0.190809 -0.981627 0 0.981627 -0.190809 1 0 0 3710.dat
