0 Main
0 Name: 4096 - Micro Wheels - QB Roadster 2.mpd
0 Author: LTRON
1 0 0 6.534 -59.703 0 0 -1 -0.059 0.998 0 0.998 0.059 0 3034.dat
1 0 30 7.714 -79.663 0 0 -1 -0.059 0.998 0 0.998 0.059 0 2540.dat
1 0 -30 7.714 -79.663 0 0 1 0.059 0.998 0 -0.998 0.059 0 2540.dat
1 14 0 0.32 -90.115 -1 0 0 0 0.998 0.059 0 0.059 -0.998 3710.dat
1 14 0 -1.45 -60.175 -1 0 0 0 0.998 0.059 0 0.059 -0.998 3020.dat
1 0 0 2.09 -120.055 -1 0 0 0 0.998 0.059 0 0.059 -0.998 4600.dat
1 0 0 -4.99 -0.295 -1 0 0 0 0.998 0.059 0 0.059 -0.998 4600.dat
1 8 0 -3.22 -30.235 -1 0 0 0 0.998 0.059 0 0.059 -0.998 3023.dat
1 4 -10 -5.304 -130.507 -1 0 0 0 0.998 0.059 0 0.059 -0.998 6141.dat
1 4 10 -5.304 -130.507 -1 0 0 0 0.998 0.059 0 0.059 -0.998 6141.dat
1 8 0 -9.434 -60.647 0 0 -1 -0.059 0.998 0 0.998 0.059 0 3795.dat
1 14 0 -13.564 9.213 -1 0 0 0 0.998 0.059 0 0.059 -0.998 2540.dat
1 0 -10 -31.616 -92.003 -1 0 0 0 0.998 0.059 0 0.059 -0.998 4589.dat
1 0 10 -31.616 -92.003 -1 0 0 0 0.998 0.059 0 0.059 -0.998 4589.dat
1 0 -10 -33.386 -62.063 0 0 1 0.059 0.998 0 -0.998 0.059 0 2877.dat
1 0 10 -33.386 -62.063 0 0 -1 -0.059 0.998 0 0.998 0.059 0 2877.dat
1 14 0 -35.156 -32.123 -1 0 0 0 0.998 0.059 0 0.059 -0.998 3004.dat
1 14 0 -36.336 -12.163 -1 0 0 0 0.998 0.059 0 0.059 -0.998 3039.dat
1 14 -10 -30.436 -111.963 1 0 0 0 0.998 -0.059 0 0.059 0.998 4070.dat
1 14 10 -30.436 -111.963 1 0 0 0 0.998 -0.059 0 0.059 0.998 4070.dat
1 47 0 -43.14 -32.595 -1 0 0 0 0.998 0.059 0 0.059 -0.998 3023.dat
1 0 0 -44.32 -12.635 -1 0 0 0 0.998 0.059 0 0.059 -0.998 3794.dat
1 0 0 -51.124 -33.067 -1 0 0 0 0.998 0.059 0 0.059 -0.998 3069.dat
1 0 50 8.766 -63.577 -1 0 0 0 -0.059 0.998 0 0.998 0.059 4589.dat
1 0 -50 8.766 -63.577 -1 0 0 0 -0.059 0.998 0 0.998 0.059 4589.dat
1 14 30 7.08 -119.76 0 0 -1 -0.059 0.998 0 0.998 0.059 0 4624.dat
1 256 30 7.08 -119.76 0 0 -1 -0.059 0.998 0 0.998 0.059 0 3641.dat
1 14 -30 7.08 -119.76 0 0 1 0.059 0.998 0 -0.998 0.059 0 4624.dat
1 256 -30 7.08 -119.76 0 0 1 0.059 0.998 0 -0.998 0.059 0 3641.dat
1 14 -30 0 0 0 0 1 0.059 0.998 0 -0.998 0.059 0 6014.dat
1 256 -36 0 0 0 0 1 0.059 0.998 0 -0.998 0.059 0 6015.dat
1 14 30 0 0 0 0 -1 -0.059 0.998 0 0.998 0.059 0 6014.dat
1 256 36 0 0 0 0 -1 -0.059 0.998 0 0.998 0.059 0 6015.dat
