0 
0 Name: New Model.ldr
0 Author: 
1 14 320 24 -340 -0.259 0 0.966 0 1 0 -0.966 0 -0.259 3035.dat
1 71 338.13 16 -272.38 -0.966 0 -0.259 0 1 0 0.259 0 -0.966 2540.dat
1 71 367.11 16 -280.15 0.259 0 -0.966 0 1 0 0.966 0 0.259 4081.dat
1 71 330.85 16 -415.39 0.259 0 -0.966 0 1 0 0.966 0 0.259 4081.dat
1 71 272.89 16 -399.85 -0.259 0 0.966 0 1 0 -0.966 0 -0.259 4081.dat
1 71 309.15 16 -264.61 -0.259 0 0.966 0 1 0 -0.966 0 -0.259 4081.dat
1 71 301.87 16 -407.62 0.966 0 0.259 0 1 0 -0.259 0 0.966 2540.dat
1 72 332.95 16 -291.7 0.966 0 0.259 0 1 0 -0.259 0 0.966 3710.dat
1 72 307.05 16 -388.3 0.966 0 0.259 0 1 0 -0.259 0 0.966 3710.dat
1 36 298.79 16 -303.25 0.966 0 0.259 0 1 0 -0.259 0 0.966 6141.dat
1 36 298.79 8 -303.25 0.966 0 0.259 0 1 0 -0.259 0 0.966 6141.dat
1 0 294.8 8 -395.37 -0.259 0 0.966 0 1 0 -0.966 0 -0.259 15573.dat
1 0 314.12 8 -400.55 -0.259 0 0.966 0 1 0 -0.966 0 -0.259 15573.dat
1 28 335.54 8 -282.04 -0.259 0 0.966 0 1 0 -0.966 0 -0.259 87580.dat
1 28 320 0 -340 -0.259 0 0.966 0 1 0 -0.966 0 -0.259 3001.dat
1 57 250.462 18 -406.262 0 0.259 0.966 1 0 0 0 0.966 -0.259 98138.dat
1 57 347.062 18 -432.162 0 0.259 0.966 1 0 0 0 0.966 -0.259 98138.dat
1 57 292.938 18 -247.838 0 -0.259 -0.966 1 0 0 0 -0.966 0.259 98138.dat
1 57 389.538 18 -273.738 0 -0.259 -0.966 1 0 0 0 -0.966 0.259 98138.dat
1 14 278.07 -8 -380.53 0.966 0 0.259 0 1 0 -0.259 0 0.966 3040.dat
1 14 336.03 -8 -396.07 0.966 0 0.259 0 1 0 -0.259 0 0.966 3040.dat
1 14 306.56 -8 -274.27 -0.259 0 0.966 0 1 0 -0.966 0 -0.259 4865.dat
1 14 364.52 -8 -289.81 0.259 0 -0.966 0 1 0 0.966 0 0.259 4865.dat
1 14 312.23 -32 -368.98 -0.966 0 -0.259 0 1 0 0.259 0 -0.966 2432.dat
1 14 278.07 -16 -380.53 -0.966 0 -0.259 0 1 0 0.259 0 -0.966 4592.dat
1 14 336.03 -16 -396.07 -0.966 0 -0.259 0 1 0 0.259 0 -0.966 4592.dat
1 0 278.07 -16 -380.53 -0.966 0.183113 -0.183113 0 0.707 0.707 0.259 0.682962 -0.682962 4593.dat
1 0 336.03 -16 -396.07 -0.966 0.183113 -0.183113 0 0.707 0.707 0.259 0.682962 -0.682962 4593.dat
1 71 335.54 -40 -282.04 -0.966 0 -0.259 0 1 0 0.259 0 -0.966 4345.dat
1 71 335.54 -40 -282.04 -0.966 0 -0.259 0 1 0 0.259 0 -0.966 4346.dat
1 36 335.54 -8 -282.04 -0.966 0 -0.259 0 1 0 0.259 0 -0.966 6141.dat
1 36 335.54 -16 -282.04 -0.966 0 -0.259 0 1 0 0.259 0 -0.966 6141.dat
1 36 335.54 -24 -282.04 -0.966 0 -0.259 0 1 0 0.259 0 -0.966 6141.dat
1 36 335.54 -32 -282.04 -0.966 0 -0.259 0 1 0 0.259 0 -0.966 6141.dat
1 14 342.61 -48 -294.29 0.259 0 -0.966 0 1 0 0.966 0 0.259 60897.dat
1 14 347.79 -48 -274.97 0.259 0 -0.966 0 1 0 0.966 0 0.259 60897.dat
1 14 323.29 -48 -289.11 -0.259 0 0.966 0 1 0 -0.966 0 -0.259 60897.dat
1 14 328.47 -48 -269.79 -0.259 0 0.966 0 1 0 -0.966 0 -0.259 60897.dat
1 28 335.54 -56 -282.04 -0.259 0 0.966 0 1 0 -0.966 0 -0.259 87580.dat
1 0 361.93 -54 -299.47 0.966 0 0.259 0 1 0 -0.259 0 0.966 4006.dat
1 36 309.15 6 -264.61 0.259 0.966 0 0 0 1 0.966 -0.259 0 15303.dat
1 36 303.97 6 -283.93 0.259 0.966 0 0 0 1 0.966 -0.259 0 15303.dat
