0 
0 Name: New Model.ldr
0 Author: 
1 0 70 -40 230 0.707 0 0.707 0 1 0 -0.707 0 0.707 99207.dat
1 0 77.07 -48 237.07 0.707 0 0.707 0 1 0 -0.707 0 0.707 4600.dat
1 0 105.35 -40 265.35 -0.707 0 0.707 0 1 0 -0.707 0 -0.707 3020.dat
1 14 105.35 -48 265.35 -0.707 0 -0.707 0 1 0 0.707 0 -0.707 3020.dat
1 0 84.14 -40 286.56 0.707 0 -0.707 0 1 0 0.707 0 0.707 3023.dat
1 0 126.56 -40 244.14 0.707 0 -0.707 0 1 0 0.707 0 0.707 3023.dat
1 0 140.7 -48 286.56 0.707 0 -0.707 0 1 0 0.707 0 0.707 21445.dat
1 0 126.56 -48 300.7 -0.707 0 0.707 0 1 0 -0.707 0 -0.707 21445.dat
1 72 140.7 -40 300.7 -0.707 0 -0.707 0 1 0 0.707 0 -0.707 99780.dat
1 0 105.35 -56 265.35 -0.707 0 0.707 0 1 0 -0.707 0 -0.707 3020.dat
1 14 70 -72 230 -0.707 0 -0.707 0 1 0 0.707 0 -0.707 3937.dat
1 72 119.49 -56 237.07 -0.707 0 -0.707 0 1 0 0.707 0 -0.707 6141.dat
1 72 77.07 -56 279.49 -0.707 0 -0.707 0 1 0 0.707 0 -0.707 6141.dat
1 0 72.1846 -71.511 232.1846 -0.707 -0.218463 -0.672357 0 0.951 -0.309 0.707 -0.218463 -0.672357 3938.dat
1 0 81.0023 -79.119 226.8623 0.672357 -0.218463 -0.707 0.309 0.951 0 0.672357 -0.218463 0.707 61252.dat
1 0 66.8623 -79.119 241.0023 -0.672357 -0.218463 0.707 -0.309 0.951 0 -0.672357 -0.218463 -0.707 61252.dat
1 0 75.68 -86.727 235.68 -0.707 -0.218463 -0.672357 0 0.951 -0.309 0.707 -0.218463 -0.672357 99781.dat
1 0 82.9084 -72.891 242.9084 0.707 -0.672357 -0.218463 0 -0.309 0.951 -0.707 -0.672357 -0.218463 85984.dat
1 0 126.56 -48 244.14 -0.707 0 -0.707 0 1 0 0.707 0 -0.707 11477.dat
1 0 84.14 -48 286.56 -0.707 0 -0.707 0 1 0 0.707 0 -0.707 11477.dat
1 0 98.28 -64 258.28 0.707 0 0.707 0 1 0 -0.707 0 0.707 3023.dat
1 0 126.56 -64 286.56 0.707 0 0.707 0 1 0 -0.707 0 0.707 3023.dat
1 0 112.42 -64 272.42 0.707 0 0.707 0 1 0 -0.707 0 0.707 15573.dat
1 0 98.28 -72 258.28 0.707 0 0.707 0 1 0 -0.707 0 0.707 15573.dat
1 0 140.7 -48 300.7 -0.707 0 -0.707 0 1 0 0.707 0 -0.707 85984.dat
1 0 163.324 -42 309.184 0 -0.707 -0.707 1 0 0 0 -0.707 0.707 49668.dat
1 0 149.184 -42 323.324 0 -0.707 0.707 -1 0 0 0 -0.707 -0.707 49668.dat
1 57 98.28 -80 258.28 -0.707 0 0.707 0 1 0 -0.707 0 -0.707 3070.dat
1 57 112.42 -64 272.42 -0.707 0 -0.707 0 1 0 0.707 0 -0.707 54200.dat
1 0 52.2854 -77.217 254.7054 -0.672357 -0.707 -0.218463 -0.309 0 0.951 -0.672357 0.707 -0.218463 98721.dat
1 0 94.7054 -77.217 212.2854 -0.672357 -0.707 -0.218463 -0.309 0 0.951 -0.672357 0.707 -0.218463 98721.dat
1 72 54.446 -52 214.446 0.707 0.707 0 0 0 -1 -0.707 0.707 0 15535.dat
1 57 54.446 -52 214.446 0.707 -0.707 0 0 0 1 -0.707 -0.707 0 4740.dat
1 57 48.79 -52 208.79 0.707 -0.707 0 0 0 1 -0.707 -0.707 0 4740.dat
1 0 111.006 -43 316.254 0 -0.707 0.707 -1 0 0 0 -0.707 -0.707 74967.dat
1 0 54.446 -43 259.694 0 -0.707 0.707 -1 0 0 0 -0.707 -0.707 74967.dat
1 0 99.694 -43 214.446 0 -0.707 -0.707 1 0 0 0 -0.707 0.707 74967.dat
1 0 156.254 -43 271.006 0 -0.707 -0.707 1 0 0 0 -0.707 0.707 74967.dat
1 256 114.541 -43 312.719 -0.707 -0.707 0 0 0 -1 0.707 -0.707 0 30028.dat
1 256 57.981 -43 256.159 -0.707 -0.707 0 0 0 -1 0.707 -0.707 0 30028.dat
1 256 103.229 -43 210.911 -0.707 -0.707 0 0 0 -1 0.707 -0.707 0 30028.dat
1 256 159.789 -43 267.471 -0.707 -0.707 0 0 0 -1 0.707 -0.707 0 30028.dat
