0 Main
0 Name: 42058-1 - Stunt Bike.mpd
0 Author: LTRON
1 72 0 -145 -570 1 0 0 0 0.951 0.309 0 -0.309 0.951 12799.dat
1 1 0 -156.88 -671.28 -1 0 0 0 -0.951 0.309 0 0.309 0.951 6558.dat
1 1 0 -150.7 -652.26 -1 0 0 0 -0.951 0.309 0 0.309 0.951 6558.dat
1 1 0 -132.16 -595.2 -1 0 0 0 -0.951 0.309 0 0.309 0.951 6558.dat
1 0 20 -138.34 -614.22 0 1 0 -0.951 0 0.309 0.309 0 0.951 60483.dat
1 0 -20 -138.34 -614.22 0 1 0 -0.951 0 0.309 0.309 0 0.951 60483.dat
1 71 0 -138.34 -614.22 1 0 0 0 0.951 0.309 0 -0.309 0.951 44294.dat
1 71 -40 -138.34 -614.22 0 0 1 -0.951 -0.309 0 0.309 -0.951 0 3713.dat
1 71 40 -138.34 -614.22 0 0 -1 0.951 -0.309 0 -0.309 -0.951 0 3713.dat
1 0 20 -144.52 -633.24 0 -1 0 -0.951 0 -0.309 0.309 0 -0.951 32140.dat
1 0 -20 -144.52 -633.24 0 -1 0 -0.951 0 -0.309 0.309 0 -0.951 32140.dat
1 71 0 -144.52 -633.24 1 0 0 0 -0.951 -0.309 0 0.309 -0.951 4519.dat
1 1 40 -182.08 -684.12 1 0 0 0 -0.951 -0.309 0 0.309 -0.951 6558.dat
1 0 -80 -138.82 -550.98 0 1 0 -0.951 0 0.309 0.309 0 0.951 32524.dat
1 1 -60 -157.36 -608.04 1 0 0 0 0.951 0.309 0 -0.309 0.951 6558.dat
1 19 -60 -132.64 -531.96 1 0 0 0 0.951 0.309 0 -0.309 0.951 32556.dat
1 72 -10 -120.28 -493.92 -1 0 0 0 -0.951 0.309 0 0.309 0.951 55013.dat
1 71 -60 -120.28 -493.92 0 0 -1 -0.309 -0.951 0 -0.951 0.309 0 94925.dat
1 71 -60 -145 -570 0 0 -1 -0.309 -0.951 0 -0.951 0.309 0 94925.dat
1 72 -10 -145 -570 -1 0 0 0 -0.951 0.309 0 0.309 0.951 55013.dat
1 0 -60 -138.34 -614.22 0 1 0 -0.309 0 -0.951 -0.951 0 0.309 60483.dat
1 4 -60 -132.64 -531.96 0 0 1 -0.309 0.951 0 -0.951 -0.309 0 18946.dat
1 0 -40 -163.54 -627.06 0 1 0 -0.951 0 0.309 0.309 0 0.951 32278.dat
1 14 -25 -120.28 -493.92 0 0 -1 0.309 0.951 0 0.951 -0.309 0 32123.dat
1 0 -50 -163.54 -627.06 -1 0 0 0 -0.309 -0.951 0 -0.951 0.309 2780.dat
1 0 -50 -175.9 -665.1 -1 0 0 0 -0.309 -0.951 0 -0.951 0.309 2780.dat
1 15 -60 -169.72 -646.08 0 1 0 -0.951 0 0.309 0.309 0 0.951 32523.dat
1 1 -40 -182.08 -684.12 1 0 0 0 0.951 0.309 0 -0.309 0.951 6558.dat
1 72 -20 -188.26 -703.14 1 0 0 0 -0.951 -0.309 0 0.309 -0.951 11214.dat
1 0 -20 -207.28 -696.96 0 -1 0 -0.309 0 0.951 -0.951 0 -0.309 60483.dat
1 71 20 -188.26 -703.14 1 0 0 0 -0.309 0.951 0 -0.951 -0.309 32054.dat
1 0 20 -207.28 -696.96 0 -1 0 -0.309 0 0.951 -0.951 0 -0.309 60483.dat
1 71 0 -207.28 -696.96 -1 0 0 0 0.309 0.951 0 0.951 -0.309 44294.dat
1 71 0 -207.28 -696.96 0 0 1 -0.951 -0.309 0 0.309 -0.951 0 3713.dat
1 72 -20 -206.8 -760.2 1 0 0 0 -0.951 -0.309 0 0.309 -0.951 11214.dat
1 0 -30 -200.62 -741.18 1 0 0 0 -0.951 -0.309 0 0.309 -0.951 2780.dat
1 0 -20 -263.86 -741.66 0 1 0 0.309 0 0.951 0.951 0 -0.309 32140.dat
1 71 20 -206.8 -760.2 1 0 0 0 -0.309 0.951 0 -0.951 -0.309 32054.dat
1 0 20 -263.86 -741.66 0 1 0 0.309 0 0.951 0.951 0 -0.309 32140.dat
1 0 -30 -225.82 -754.02 1 0 0 0 -0.951 -0.309 0 0.309 -0.951 2780.dat
1 0 30 -225.82 -754.02 1 0 0 0 -0.951 -0.309 0 0.309 -0.951 2780.dat
1 0 0 -120.28 -493.92 0 0 1 -0.309 0.951 0 -0.951 -0.309 0 56145.dat
1 256 0 -120.28 -493.92 0 0 1 -0.309 0.951 0 -0.951 -0.309 0 44309.dat
1 71 10 -120.28 -493.92 0 0 -1 0.951 -0.309 0 -0.309 -0.951 0 3713.dat
1 14 25 -120.28 -493.92 0 0 -1 0.951 -0.309 0 -0.309 -0.951 0 32123.dat
1 0 40 -163.54 -627.06 0 -1 0 0.951 0 0.309 -0.309 0 0.951 32278.dat
1 1 40 -200.62 -741.18 -1 0 0 0 0.951 -0.309 0 -0.309 -0.951 6558.dat
1 0 50 -157.36 -608.04 1 0 0 0 -0.951 -0.309 0 0.309 -0.951 2780.dat
1 71 60 -120.28 -493.92 0 0 -1 0.951 -0.309 0 -0.309 -0.951 0 3713.dat
1 71 60 -145 -570 0 0 -1 0.951 -0.309 0 -0.309 -0.951 0 3713.dat
1 0 60 -138.34 -614.22 0 -1 0 0.309 0 -0.951 0.951 0 0.309 60483.dat
1 0 -40 -207.28 -696.96 0 1 0 0.951 0 -0.309 -0.309 0 -0.951 32271.dat
1 71 0 -232.852 -827.436 -1 0 0 0 -0.309 -0.951 0 -0.951 0.309 44294.dat
1 14 -55 -232.852 -827.436 0 0 -1 0.951 -0.309 0 -0.309 -0.951 0 32123.dat
1 14 -25 -232.852 -827.436 0 0 -1 0.951 -0.309 0 -0.309 -0.951 0 32123.dat
1 0 0 -232.852 -827.436 0 0 1 -0.309 0.951 0 -0.951 -0.309 0 56145.dat
1 256 0 -232.852 -827.436 0 0 1 -0.309 0.951 0 -0.951 -0.309 0 44309.dat
1 71 10 -232.852 -827.436 0 0 -1 0.951 -0.309 0 -0.309 -0.951 0 3713.dat
1 14 25 -232.852 -827.436 0 0 -1 0.951 -0.309 0 -0.309 -0.951 0 32123.dat
1 0 40 -207.28 -696.96 0 1 0 0.951 0 -0.309 -0.309 0 -0.951 32271.dat
1 14 55 -232.852 -827.436 0 0 -1 0.951 -0.309 0 -0.309 -0.951 0 32123.dat
1 0 60 -182.08 -684.12 1 0 0 0 0.951 0.309 0 -0.309 0.951 10197.dat
1 0 -60 -182.08 -684.12 1 0 0 0 0.951 0.309 0 -0.309 0.951 10197.dat
1 72 60 -188.26 -703.14 0 0 -1 -0.309 -0.951 0 -0.951 0.309 0 6536.dat
1 72 -60 -188.26 -703.14 0 0 -1 -0.309 -0.951 0 -0.951 0.309 0 6536.dat
1 0 40 -201.1 -677.94 0 -1 0 0.951 0 0.309 -0.309 0 0.951 32184.dat
1 0 -40 -201.1 -677.94 0 -1 0 0.951 0 0.309 -0.309 0 0.951 32184.dat
1 4 20 -210.61 -674.85 0 -1 0 0.951 0 0.309 -0.309 0 0.951 32062.dat
1 4 -20 -210.61 -674.85 0 -1 0 0.951 0 0.309 -0.309 0 0.951 32062.dat
1 0 0 -220.12 -671.76 0 -1 0 0.951 0 0.309 -0.309 0 0.951 32184.dat
1 71 0 -208.24 -570.48 -1 0 0 0 -0.951 0.309 0 0.309 0.951 4519.dat
1 0 -20 -208.24 -570.48 0 1 0 -0.951 0 0.309 0.309 0 0.951 32140.dat
1 0 0 -189.7 -513.42 -1 0 0 0 -0.951 0.309 0 0.309 0.951 18651.dat
1 14 5 -189.7 -513.42 0 0 -1 0.951 -0.309 0 -0.309 -0.951 0 32123.dat
1 0 -5 -208.72 -507.24 0 1 0 0.309 0 0.951 0.951 0 -0.309 41677.dat
1 0 0 -208.72 -507.24 1 0 0 0 0.951 0.309 0 -0.309 0.951 18651.dat
1 0 5 -208.72 -507.24 0 1 0 -0.951 0 0.309 0.309 0 0.951 41677.dat
1 71 0 -202.54 -488.22 -1 0 0 0 -0.951 0.309 0 0.309 0.951 4519.dat
1 14 -5 -202.54 -488.22 0 0 -1 0.951 -0.309 0 -0.309 -0.951 0 32123.dat
1 36 20 -202.54 -488.22 0 -1 0 -0.951 0 -0.309 0.309 0 -0.951 41669.dat
1 36 -20 -202.54 -488.22 0 1 0 0.951 0 -0.309 -0.309 0 -0.951 41669.dat
1 0 20 -208.24 -570.48 0 1 0 -0.951 0 0.309 0.309 0 0.951 32140.dat
1 14 -40 -238.8207 -704.6087 1 0 0 0 0.991071 0.130665 0 -0.130665 0.991071 64391.dat
1 0 -20 -241.434 -724.4301 0 -1 0 0.130665 0 -0.991071 0.991071 0 0.130665 15100.dat
1 0 0 -303.5115 -736.4116 0 1 0 0.130665 0 0.991071 0.991071 0 -0.130665 32140.dat
1 1 0 -241.434 -724.4301 1 0 0 0 -0.130665 0.991071 0 -0.991071 -0.130665 6558.dat
1 1 0 -283.6901 -739.025 1 0 0 0 -0.130665 0.991071 0 -0.991071 -0.130665 6558.dat
1 14 0 -281.0768 -719.2036 0 -1 0 0.991071 0 0.130665 -0.130665 0 0.991071 32271.dat
1 0 0 -281.0768 -719.2036 -1 0 0 0 -0.991071 0.130665 0 0.130665 0.991071 3705.dat
1 1 0 -275.8502 -679.5607 1 0 0 0 0.991071 0.130665 0 -0.130665 0.991071 6558.dat
1 71 0 -265.397 -600.275 1 0 0 0 0.609429 0.792207 0 -0.792207 0.609429 4519.dat
1 14 15 -265.397 -600.275 0 -1 0 0.609429 0 0.792207 -0.792207 0 0.609429 6632.dat
1 14 25 -265.397 -600.275 0 -1 0 0.609429 0 0.792207 -0.792207 0 0.609429 6632.dat
1 0 30 -233.7017 -575.8978 1 0 0 0 0.609429 0.792207 0 -0.792207 0.609429 32062.dat
1 0 35 -233.7017 -575.8978 0 1 0 -0.609429 0 0.792207 0.792207 0 0.609429 6632.dat
1 0 0 -202.0053 -551.5207 -1 0 0 0 -0.609429 0.792207 0 0.792207 0.609429 3705.dat
1 14 -15 -265.397 -600.275 0 1 0 -0.609429 0 0.792207 0.792207 0 0.609429 6632.dat
1 14 -25 -265.397 -600.275 0 1 0 -0.609429 0 0.792207 0.792207 0 0.609429 6632.dat
1 0 -30 -233.7017 -575.8978 -1 0 0 0 -0.609429 0.792207 0 0.792207 0.609429 32062.dat
1 0 -35 -233.7017 -575.8978 0 -1 0 0.609429 0 0.792207 -0.792207 0 0.609429 6632.dat
1 14 40 -238.8207 -704.6087 1 0 0 0 0.991071 0.130665 0 -0.130665 0.991071 64683.dat
1 0 20 -241.434 -724.4301 0 -1 0 0.130665 0 -0.991071 0.991071 0 0.130665 15100.dat
1 14 15 -286.3034 -758.8464 0 1 0 -0.991071 0 0.130665 0.130665 0 0.991071 6632.dat
1 0 0 -286.3034 -758.8464 -1 0 0 0 -0.991071 0.130665 0 0.130665 0.991071 3705.dat
1 14 30 -286.3034 -758.8464 0 -1 0 0.991071 0 0.130665 -0.130665 0 0.991071 41669.dat
1 0 0 -286.3034 -758.8464 -1 0 0 0 -0.991071 0.130665 0 0.130665 0.991071 32291.dat
1 71 -10 -307.4315 -766.1438 0 0 1 -0.130665 0.991071 0 -0.991071 -0.130665 0 4274.dat
1 71 10 -307.4315 -766.1438 0 0 1 -0.130665 0.991071 0 -0.991071 -0.130665 0 4274.dat
1 47 -10 -308.4768 -774.0723 0 0 1 0.991071 0.130665 0 -0.130665 0.991071 0 98138.dat
1 47 10 -308.4768 -774.0723 0 0 1 0.991071 0.130665 0 -0.130665 0.991071 0 98138.dat
1 14 -15 -286.3034 -758.8464 0 1 0 -0.991071 0 0.130665 0.130665 0 0.991071 6632.dat
1 14 -30 -286.3034 -758.8464 0 1 0 -0.991071 0 0.130665 0.130665 0 0.991071 41669.dat
1 71 0 -303.5115 -736.4116 1 0 0 0 0.991071 0.130665 0 -0.130665 0.991071 4519.dat
1 43 20 -303.5115 -736.4116 0 -1 0 -0.991071 0 -0.130665 0.130665 0 -0.991071 41669.dat
1 43 -20 -303.5115 -736.4116 0 1 0 0.991071 0 -0.130665 -0.130665 0 -0.991071 41669.dat
1 0 -50 -281.0768 -719.2036 0 0 -1 0.991071 -0.130665 0 -0.130665 -0.991071 0 32016.dat
1 0 50 -281.0768 -719.2036 0 0 1 -0.991071 -0.130665 0 0.130665 -0.991071 0 32016.dat
1 1 40 -218.4568 -626.6297 0 -1 0 0.991071 0 0.130665 -0.130665 0 0.991071 43093.dat
1 71 40 -188.7246 -630.5496 -1 0 0 0 0.991071 -0.130665 0 -0.130665 -0.991071 32014.dat
1 0 50 -188.7246 -630.5496 -1 0 0 0 0.991071 -0.130665 0 -0.130665 -0.991071 2780.dat
1 0 40 -182.1914 -580.9961 0 0 1 -0.130665 0.991071 0 -0.991071 -0.130665 0 3705.dat
1 71 40 -183.498 -590.9068 1 0 0 0 0.991071 0.130665 0 -0.130665 0.991071 42610.dat
1 71 40 -180.8848 -571.0854 1 0 0 0 0.991071 0.130665 0 -0.130665 0.991071 42610.dat
1 71 40 -176.9648 -541.3532 1 0 0 0 0.991071 0.130665 0 -0.130665 0.991071 59443.dat
1 0 0 -239.62 -602.34 -1 0 0 0 0.309 0.951 0 0.951 -0.309 3705.dat
1 71 60 -200.62 -741.18 0 1 0 -0.669066 0 0.743094 0.743094 0 0.669066 15100.dat
1 71 60 -188.7411 -630.5064 0 1 0 -0.743094 0 -0.669066 -0.669066 0 0.743094 15100.dat
