0 
0 Name: New Model.ldr
0 Author: 
1 0 -155.6698 -32.085 -939.5488 -0.866025 0 0.5 0 1 0 -0.5 0 -0.866025 3795.dat
1 14 -121.5826 -48.085 -918.7138 -0.5 0 -0.866025 0 1 0 0.866025 0 -0.5 3788.dat
1 14 -190.7558 -48.085 -958.651 -0.5 0 -0.866025 0 1 0 0.866025 0 -0.5 3788.dat
1 14 -156.1698 -40.085 -938.6827 -0.5 0 -0.866025 0 1 0 0.866025 0 -0.5 3020.dat
1 14 -171.0869 -48.085 -912.7187 0.866025 0 -0.5 0 1 0 0.5 0 0.866025 3023.dat
1 14 -141.1809 -48.085 -964.6699 0.866025 0 -0.5 0 1 0 0.5 0 0.866025 3023.dat
1 14 -130.2291 -48.085 -923.7059 0.866025 0 -0.5 0 1 0 0.5 0 0.866025 3021.dat
1 14 -127.8836 -72.085 -887.8031 -0.5 0 -0.866025 0 1 0 0.866025 0 -0.5 4070.dat
1 14 -97.9475 -72.085 -939.7091 -0.5 0 -0.866025 0 1 0 0.866025 0 -0.5 4070.dat
1 14 -184.4464 -72.085 -989.5793 0.5 0 0.866025 0 1 0 -0.866025 0 0.5 4070.dat
1 14 -214.416 -72.085 -937.6702 0.5 0 0.866025 0 1 0 -0.866025 0 0.5 4070.dat
1 0 -120.7178 -56.085 -918.2145 -0.5 0 -0.866025 0 1 0 0.866025 0 -0.5 3430.dat
1 0 -121.083 -24.085 -919.5801 0.5 0 0.866025 0 1 0 -0.866025 0 0.5 122.dat
1 0 -190.261 -24.085 -959.5079 0.5 0 0.866025 0 1 0 -0.866025 0 0.5 122.dat
1 0 -135.0369 -18.085 -895.386 -0.866025 0 0.5 0 1 0 -0.5 0 -0.866025 87414.dat
1 0 -204.2558 -18.085 -935.2683 -0.866025 0 0.5 0 1 0 -0.5 0 -0.866025 87414.dat
1 0 -107.0937 -18.085 -943.835 -0.866025 0 0.5 0 1 0 -0.5 0 -0.866025 87414.dat
1 0 -176.283 -18.085 -983.7186 -0.866025 0 0.5 0 1 0 -0.5 0 -0.866025 87414.dat
1 14 -145.1818 -72.085 -897.7787 0.5 0 0.866025 0 1 0 -0.866025 0 0.5 3040.dat
1 14 -115.2411 -72.085 -949.6935 0.5 0 0.866025 0 1 0 -0.866025 0 0.5 3040.dat
1 4 -173.4353 -49.085 -948.651 -0.5 0 -0.866025 0 1 0 0.866025 0 -0.5 4079.dat
1 4 -147.5224 -56.085 -933.6901 -0.5 0 -0.866025 0 1 0 0.866025 0 -0.5 9552.dat
1 79 -115.656 -62.0275 -880.7278 -0.5 -0.866025 0 0 0 -0.999999 0.866025 -0.5 0 6141.dat
1 79 -85.7272 -63.0203 -932.5659 -0.5 -0.866025 0 0 0 -0.999999 0.866025 -0.5 0 6141.dat
1 36 -226.5034 -62.085 -944.7343 0.499999 0.866025 0 0 0 -0.999999 -0.866024 0.5 0 6141.dat
1 36 -196.6321 -62.085 -996.6061 0.499999 0.866025 0 0 0 -0.999999 -0.866024 0.5 0 6141.dat
