0 Main
0 Name: 6861-2 - Super Model Building Instruction.mpd
0 Author: LTRON
1 0 10 9.645 -2.303 0 0 1 -0.121869 0.992546 0 -0.992546 -0.121869 0 3795.dat
1 0 10 -0.1045 -81.7067 -1 0 0 0 0.992546 -0.121869 0 -0.121869 -0.992546 3832.dat
1 0 10 -19.0509 -39.08 0 0 -1 0.121869 0.992546 0 0.992546 -0.121869 0 3007.dat
1 15 50 -22.7069 -68.8564 -1 0 0 0 0.992546 -0.121869 0 -0.121869 -0.992546 3004.dat
1 15 -30 -22.7069 -68.8564 -1 0 0 0 0.992546 -0.121869 0 -0.121869 -0.992546 3004.dat
1 0 -30 -25.1443 -88.7073 1 0 0 0 0.992546 0.121869 0 -0.121869 0.992546 3747.dat
1 15 50 -25.1443 -88.7073 1 0 0 0 0.992546 0.121869 0 -0.121869 0.992546 3747.dat
1 0 10 -8.0827 50.2492 -1 0 0 0 0.992546 -0.121869 0 -0.121869 -0.992546 3660.dat
1 0 90 -23.9256 -78.7818 1 0 0 0 0.992546 0.121869 0 -0.121869 0.992546 4730.dat
1 0 -70 -23.9256 -78.7818 -1 0 0 0 0.992546 -0.121869 0 -0.121869 -0.992546 4730.dat
1 0 70 -31.866 -77.8069 -1 0 0 0 0.992546 -0.121869 0 -0.121869 -0.992546 3020.dat
1 0 -30 -31.866 -77.8069 -1 0 0 0 0.992546 -0.121869 0 -0.121869 -0.992546 3795.dat
1 0 -30 -19.6791 21.4477 1 0 0 0 0.992546 0.121869 0 -0.121869 0.992546 3934.dat
1 0 50 -19.6791 21.4477 1 0 0 0 0.992546 0.121869 0 -0.121869 0.992546 3933.dat
1 15 10 -37.9594 -127.4342 1 0 0 0 0.992546 0.121869 0 -0.121869 0.992546 2419.dat
1 15 10 -43.5002 24.3726 0 0 1 -0.121869 0.992546 0 -0.992546 -0.121869 0 3007.dat
1 0 -40 -28.8759 143.4781 0 0 1 -0.121869 0.992546 0 -0.992546 -0.121869 0 3009.dat
1 0 -20 -0.1801 180.2551 -1 0 0 0 0.992546 -0.121869 0 -0.121869 -0.992546 3021.dat
1 0 -10 -24.0012 183.1799 1 0 0 0 0.992546 0.121869 0 -0.121869 0.992546 4730.dat
1 0 -20 -31.9415 184.1549 1 0 0 0 0.992546 0.121869 0 -0.121869 0.992546 3021.dat
1 0 10 -14.0757 181.9613 0 0 -1 0.121869 0.992546 0 0.992546 -0.121869 0 2593.dat
1 0 110 -14.0002 -80.0005 0 0 -1 0.121869 0.992546 0 0.992546 -0.121869 0 2593.dat
1 0 -90 -14.0002 -80.0005 0 0 1 -0.121869 0.992546 0 -0.992546 -0.121869 0 2593.dat
1 0 60 -28.8759 143.4781 0 0 1 -0.121869 0.992546 0 -0.992546 -0.121869 0 3009.dat
1 0 -40 -39.8819 185.1299 0 0 1 -0.121869 0.992546 0 -0.992546 -0.121869 0 3023.dat
1 0 -40 -47.8223 186.1048 0 0 1 -0.121869 0.992546 0 -0.992546 -0.121869 0 3023.dat
1 0 60 -47.8223 186.1048 0 0 1 -0.121869 0.992546 0 -0.992546 -0.121869 0 3004.dat
1 15 10 -44.1284 84.9003 0 0 1 -0.121869 0.992546 0 -0.992546 -0.121869 0 3022.dat
1 15 0 -42.2437 -96.6828 0 0 1 -0.121869 0.992546 0 -0.992546 -0.121869 0 3023.dat
1 15 20 -42.2437 -96.6828 0 0 1 -0.121869 0.992546 0 -0.992546 -0.121869 0 3023.dat
1 0 10 -48.3372 -146.3101 0 0 1 -0.121869 0.992546 0 -0.992546 -0.121869 0 3021.dat
1 0 -30 -44.6811 -116.5338 0 0 1 -0.121869 0.992546 0 -0.992546 -0.121869 0 3795.dat
1 0 50 -44.6811 -116.5338 0 0 1 -0.121869 0.992546 0 -0.992546 -0.121869 0 3795.dat
1 0 10 -46.5658 65.0494 1 0 0 0 0.992546 0.121869 0 -0.121869 0.992546 4475.dat
1 0 10 -64.8462 -83.8325 1 0 0 0 0.992546 0.121869 0 -0.121869 0.992546 3010.dat
1 15 60 -64.8462 -83.8325 1 0 0 0 0.992546 0.121869 0 -0.121869 0.992546 3005.dat
1 15 -40 -64.8462 -83.8325 1 0 0 0 0.992546 0.121869 0 -0.121869 0.992546 3005.dat
1 0 -30 -62.4088 -63.9816 -1 0 0 0 0.992546 -0.121869 0 -0.121869 -0.992546 3660.dat
1 0 50 -62.4088 -63.9816 -1 0 0 0 0.992546 -0.121869 0 -0.121869 -0.992546 3660.dat
1 0 -30 -67.2835 -103.6834 1 0 0 0 0.992546 0.121869 0 -0.121869 0.992546 3039.dat
1 0 10 -67.2835 -103.6834 1 0 0 0 0.992546 0.121869 0 -0.121869 0.992546 3039.dat
1 0 50 -67.2835 -103.6834 1 0 0 0 0.992546 0.121869 0 -0.121869 0.992546 3039.dat
1 15 20 -57.4962 -155.2607 0 0 1 -0.121869 0.992546 0 -0.992546 -0.121869 0 3069.dat
1 15 0 -57.4962 -155.2607 0 0 -1 0.121869 0.992546 0 0.992546 -0.121869 0 3069.dat
1 15 10 -74.043 38.1979 1 0 0 0 0.992546 0.121869 0 -0.121869 0.992546 3298.dat
1 0 10 -69.1682 77.8997 0 0 1 -0.121869 0.992546 0 -0.992546 -0.121869 0 3002.dat
1 0 60 -55.7626 187.0798 0 0 -1 0.121869 0.992546 0 0.992546 -0.121869 0 2452.dat
1 0 -40 -55.7626 187.0798 0 0 1 -0.121869 0.992546 0 -0.992546 -0.121869 0 2452.dat
1 0 -89.247 -44.0655 185.6435 0.92388 0.382683 0 -0.37983 0.916993 0.121869 0.046637 -0.112592 0.992546 4276.dat
1 0 -86.1855 -36.7295 184.7428 -0.92388 0.382683 0 0.37983 0.916993 -0.121869 -0.046637 -0.112592 -0.992546 4276.dat
1 0 -132.3795 -17.738 182.4109 0 0.382683 -0.92388 0.121869 0.916993 0.37983 0.992546 -0.112592 -0.046637 2452.dat
1 0 -135.441 -25.0739 183.3117 0 0.382683 -0.92388 0.121869 0.916993 0.37983 0.992546 -0.112592 -0.046637 4590.dat
1 0 -92.3085 -51.4014 186.5443 -0.92388 0.382683 0 0.37983 0.916993 -0.121869 -0.046637 -0.112592 -0.992546 4276.dat
1 0 -138.5025 -32.4099 184.2124 0 0.382683 -0.92388 0.121869 0.916993 0.37983 0.992546 -0.112592 -0.046637 2452.dat
1 42 -147.7413 -32.2677 153.9697 0 0.382683 -0.92388 0.121869 0.916993 0.37983 0.992546 -0.112592 -0.046637 6141.dat
1 15 -153.8642 -39.6274 215.3239 0.92388 0.382683 0 -0.37983 0.916993 0.121869 0.046637 -0.112592 0.992546 4070.dat
1 15 -141.5639 -40.9645 175.1877 0.92388 0.382683 0 -0.37983 0.916993 0.121869 0.046637 -0.112592 0.992546 2555.dat
1 15 -95.3699 -58.7374 187.445 0.92388 0.382683 0 -0.37983 0.916993 0.121869 0.046637 -0.112592 0.992546 2412.dat
1 42 -150.0374 -29.2388 224.1234 0.92388 0 -0.382683 -0.37983 0.121869 -0.916993 0.046637 0.992546 0.112592 3960.dat
1 42 -143.86 -45.2478 185.7887 0.92388 0 -0.382683 -0.37983 0.121869 -0.916993 0.046637 0.992546 0.112592 2569.dat
1 0 109.247 -44.0655 185.6435 -0.92388 -0.382683 0 -0.37983 0.916993 -0.121869 0.046637 -0.112592 -0.992546 4276.dat
1 0 106.1855 -36.7295 184.7428 0.92388 -0.382683 0 0.37983 0.916993 0.121869 -0.046637 -0.112592 0.992546 4276.dat
1 0 152.3795 -17.738 182.4109 0 -0.382683 0.92388 -0.121869 0.916993 0.37983 -0.992546 -0.112592 -0.046637 2452.dat
1 0 155.441 -25.0739 183.3117 0 -0.382683 0.92388 -0.121869 0.916993 0.37983 -0.992546 -0.112592 -0.046637 4590.dat
1 0 112.3085 -51.4014 186.5443 0.92388 -0.382683 0 0.37983 0.916993 0.121869 -0.046637 -0.112592 0.992546 4276.dat
1 0 158.5025 -32.4099 184.2124 0 -0.382683 0.92388 -0.121869 0.916993 0.37983 -0.992546 -0.112592 -0.046637 2452.dat
1 42 167.7413 -32.2677 153.9697 0 -0.382683 0.92388 -0.121869 0.916993 0.37983 -0.992546 -0.112592 -0.046637 6141.dat
1 15 173.8642 -39.6274 215.3239 0.92388 -0.382683 0 0.37983 0.916993 0.121869 -0.046637 -0.112592 0.992546 4070.dat
1 15 161.5639 -40.9645 175.1877 0.92388 -0.382683 0 0.37983 0.916993 0.121869 -0.046637 -0.112592 0.992546 2555.dat
1 15 115.3699 -58.7374 187.445 -0.92388 -0.382683 0 -0.37983 0.916993 -0.121869 0.046637 -0.112592 -0.992546 2412.dat
1 42 170.0374 -29.2388 224.1234 0.92388 0 0.382683 0.37983 0.121869 -0.916993 -0.046637 0.992546 0.112592 3960.dat
1 42 163.86 -45.2478 185.7887 0.92388 0 0.382683 0.37983 0.121869 -0.916993 -0.046637 0.992546 0.112592 2569.dat
1 0 -30 -111.2697 -68.0574 0 0 1 -0.121869 0.992546 0 -0.992546 -0.121869 0 2434.dat
1 0 50 -111.2697 -68.0574 0 0 1 -0.121869 0.992546 0 -0.992546 -0.121869 0 2434.dat
1 0 10 -73.4525 108.651 1 0 0 0 0.992546 0.121869 0 -0.121869 0.992546 4475.dat
1 0 94 -95.0748 -100.2711 0 -1 0 -0.992546 0 -0.121869 0.121869 0 -0.992546 3937.dat
1 0 -74 -95.0748 -100.2711 0 1 0 0.992546 0 -0.121869 -0.121869 0 -0.992546 3937.dat
1 0 10 -100.9297 81.7995 1 0 0 0 0.992546 0.121869 0 -0.121869 0.992546 3298.dat
1 0 0 -98.4923 101.6504 0 0 1 -0.121869 0.992546 0 -0.992546 -0.121869 0 3040.dat
1 0 20 -98.4923 101.6504 0 0 -1 0.121869 0.992546 0 0.992546 -0.121869 0 3040.dat
1 0 60 -88.7428 181.0541 1 0 0 0 0.992546 0.121869 0 -0.121869 0.992546 4286.dat
1 0 -40 -88.7428 181.0541 1 0 0 0 0.992546 0.121869 0 -0.121869 0.992546 4286.dat
1 0 10 -100.3392 152.2527 1 0 0 0 0.992546 0.121869 0 -0.121869 0.992546 4475.dat
1 0 10 -119.21 -67.0824 0 0 1 -0.121869 0.992546 0 -0.992546 -0.121869 0 2539.dat
1 0 118 -86.544 -30.7929 0 -1 0 0.992546 0 0.121869 -0.121869 0 0.992546 3479.dat
1 0 -98 -86.544 -30.7929 0 1 0 -0.992546 0 0.121869 0.121869 0 0.992546 3479.dat
1 0 126 -86.544 -30.7929 0 -1 0 -0.121869 0 0.992546 -0.992546 0 -0.121869 3956.dat
1 0 -106 -86.544 -30.7929 0 1 0 0.121869 0 0.992546 0.992546 0 -0.121869 3956.dat
1 0 146 -106.3949 -28.3555 1 0 0 0 0.992546 0.121869 0 -0.121869 0.992546 4229.dat
1 42 146 -86.4384 -79.1663 1 0 0 0 0.121869 -0.992546 0 0.992546 0.121869 6141.dat
1 0 -126 -106.3949 -28.3555 1 0 0 0 0.992546 0.121869 0 -0.121869 0.992546 4229.dat
1 42 -126 -86.4384 -79.1663 1 0 0 0 0.121869 -0.992546 0 0.992546 0.121869 6141.dat
1 0 10 -127.8164 125.4011 1 0 0 0 0.992546 0.121869 0 -0.121869 0.992546 3298.dat
1 0 0 -125.379 145.2521 0 0 1 -0.121869 0.992546 0 -0.992546 -0.121869 0 3040.dat
1 0 20 -125.379 145.2521 0 0 -1 0.121869 0.992546 0 0.992546 -0.121869 0 3040.dat
1 0 10 -127.1504 -66.1074 0 0 -1 0.121869 0.992546 0 0.992546 -0.121869 0 3795.dat
1 0 40 -108.6941 2.1521 0 -1 0 -0.608761 0 0.793353 -0.793353 0 -0.608761 3959.dat
1 0 -20 -108.6941 2.1521 0 1 0 0.608761 0 0.793353 0.793353 0 -0.608761 3959.dat
1 42 -20 -127.7336 16.7613 0 0 1 0.608761 -0.793353 0 0.793353 0.608761 0 4740.dat
1 42 40 -127.7336 16.7613 0 0 1 0.608761 -0.793353 0 0.793353 0.608761 0 4740.dat
1 15 0 -134.5381 136.3016 0 0 1 -0.121869 0.992546 0 -0.992546 -0.121869 0 3023.dat
1 15 20 -134.5381 136.3016 0 0 1 -0.121869 0.992546 0 -0.992546 -0.121869 0 3023.dat
1 0 10 -132.6534 -45.2816 1 0 0 0 0.992546 0.121869 0 -0.121869 0.992546 3956.dat
1 15 10 -154.9417 -62.6951 -1 0 0 0 0.121869 0.992546 0 0.992546 -0.121869 4345.dat
1 0 10 -154.9417 -62.6951 -1 0 0 0 0.121869 0.992546 0 0.992546 -0.121869 4346.dat
1 15 10 -144.0765 -39.849 -1 0 0 0 0.992546 -0.121869 0 -0.121869 -0.992546 6141.dat
1 0 10 -149.092 -15.0529 -1 0 0 0 0.121869 0.992546 0 0.992546 -0.121869 3479.dat
1 0 10 -156.8916 -78.5759 1 0 0 0 0.121869 -0.992546 0 0.992546 0.121869 4859.dat
1 15 10 -147.9411 -87.7349 1 0 0 0 0.121869 -0.992546 0 0.992546 0.121869 2412.dat
1 15 10 -167.792 -85.2975 1 0 0 0 0.121869 -0.992546 0 0.992546 0.121869 3069.dat
1 15 60 -41.6155 -157.2106 0 0 1 -0.121869 0.992546 0 -0.992546 -0.121869 0 4276.dat
1 15 -40 -41.6155 -157.2106 0 0 1 -0.121869 0.992546 0 -0.992546 -0.121869 0 4276.dat
1 0 10 -42.8342 -167.136 1 0 0 0 0.992546 0.121869 0 -0.121869 0.992546 3710.dat
1 15 10 -33.6751 -158.1855 1 0 0 0 0.992546 0.121869 0 -0.121869 0.992546 3795.dat
1 42 50 -75.6548 -208.3524 -1 0 0 0 -0.601815 0.798635 0 0.798635 0.601815 2466.dat
1 42 10 -75.6548 -208.3524 -1 0 0 0 -0.601815 0.798635 0 0.798635 0.601815 2466.dat
1 42 -30 -75.6548 -208.3524 -1 0 0 0 -0.601815 0.798635 0 0.798635 0.601815 2466.dat
1 0 10 -157.5016 -99.738 -1 0 0 0 -0.601815 0.798635 0 0.798635 0.601815 3666.dat
1 0 10 -59.6821 -196.3161 -1 0 0 0 -0.601815 0.798635 0 0.798635 0.601815 3666.dat
1 0 50 -72.483 -195.9452 -1 0 0 0 -0.601815 0.798635 0 0.798635 0.601815 4032.dat
1 0 10 -72.483 -195.9452 -1 0 0 0 -0.601815 0.798635 0 0.798635 0.601815 4032.dat
1 0 -30 -72.483 -195.9452 -1 0 0 0 -0.601815 0.798635 0 0.798635 0.601815 4032.dat
1 0 -40 -62.854 -208.7233 0 0 1 0.798635 -0.601815 0 0.601815 0.798635 0 4275.dat
1 0 60 -62.854 -208.7233 0 0 1 0.798635 -0.601815 0 0.601815 0.798635 0 4275.dat
1 0 30 -62.854 -208.7233 0 0 1 0.798635 -0.601815 0 0.601815 0.798635 0 3022.dat
1 0 -10 -62.854 -208.7233 0 0 1 0.798635 -0.601815 0 0.601815 0.798635 0 3022.dat
1 0 10 -66.0258 -221.1306 -1 0 0 0 -0.601815 0.798635 0 0.798635 0.601815 2412.dat
1 0 -30 -66.0258 -221.1306 -1 0 0 0 -0.601815 0.798635 0 0.798635 0.601815 2412.dat
1 0 50 -66.0258 -221.1306 -1 0 0 0 -0.601815 0.798635 0 0.798635 0.601815 2412.dat
1 15 10 -50.0531 -209.0943 -1 0 0 0 -0.601815 0.798635 0 0.798635 0.601815 2412.dat
1 15 -30 -50.0531 -209.0943 -1 0 0 0 -0.601815 0.798635 0 0.798635 0.601815 2412.dat
1 15 50 -50.0531 -209.0943 -1 0 0 0 -0.601815 0.798635 0 0.798635 0.601815 2412.dat
1 0 50 -82.9447 -168.7689 1 0 0 0 -0.798635 0.601815 0 -0.601815 -0.798635 2516.dat
1 0 10 -112.2498 153.7151 -1 0 0 0 0.121869 0.992546 0 0.992546 -0.121869 3956.dat
1 15 10 -111.2748 161.6555 -1 0 0 0 0.121869 0.992546 0 0.992546 -0.121869 4591.dat
1 0 10 -165.0809 150.1268 1 0 0 0 0.992546 0.121869 0 -0.121869 0.992546 3937.dat
1 15 10 -163.0354 142.7516 1 0 0 0 0.788011 -0.615662 0 0.615662 0.788011 3938.dat
1 15 20 -181.9477 127.9757 1 0 0 0 0.788011 -0.615662 0 0.615662 0.788011 4589.dat
1 15 0 -181.9477 127.9757 1 0 0 0 0.788011 -0.615662 0 0.615662 0.788011 4589.dat
1 42 118 -101.1683 -149.8984 0 -1 0 0.992546 0 0.121869 -0.121869 0 0.992546 2418.dat
1 0 126 -101.1683 -149.8984 0 -1 0 0.992546 0 0.121869 -0.121869 0 0.992546 4032.dat
1 0 134 -101.1683 -149.8984 0 -1 0 0.992546 0 0.121869 -0.121869 0 0.992546 4032.dat
1 15 142 -101.1683 -149.8984 0 -1 0 -0.992546 0 -0.121869 0.121869 0 -0.992546 4150.dat
1 42 -98 -101.1683 -149.8984 0 1 0 -0.992546 0 0.121869 0.121869 0 0.992546 2418.dat
1 0 -106 -101.1683 -149.8984 0 1 0 -0.992546 0 0.121869 0.121869 0 0.992546 4032.dat
1 0 -114 -101.1683 -149.8984 0 1 0 -0.992546 0 0.121869 0.121869 0 0.992546 4032.dat
1 15 -122 -101.1683 -149.8984 0 1 0 0.992546 0 -0.121869 -0.121869 0 -0.992546 4150.dat
1 0 -30 -127.9846 -138.5457 0.913545 0 -0.406737 0.049569 0.992546 0.111333 0.403705 -0.121869 0.906735 2446.dat
1 42 -32.2777 -124.181 -133.8585 0.913545 0.350456 -0.206434 0.049569 0.407827 0.911712 0.403705 -0.843123 0.355197 2447.dat
1 14 -30 -127.9846 -138.5457 0.913545 0 -0.406737 0.049569 0.992546 0.111333 0.403705 -0.121869 0.906735 3626.dat
1 0 -30 -101.1859 -141.8362 1 0 0 0 0.992546 0.121869 0 -0.121869 0.992546 3838.dat
1 15 -30 -101.1859 -141.8362 1 0 0 0 0.992546 0.121869 0 -0.121869 0.992546 973.dat
1 0 50 -126.6931 -131.2276 0.990268 0 -0.139173 0.031308 0.97437 0.222761 0.135606 -0.22495 0.964887 2446.dat
1 42 49.2206 -122.3238 -126.5449 0.990268 0.119915 -0.070636 0.031308 0.302592 0.952605 0.135606 -0.945546 0.295893 2447.dat
1 14 50 -126.6931 -131.2276 0.990268 0 -0.139173 0.031307 0.97437 0.222761 0.135606 -0.22495 0.964887 3626.dat
1 15 50 -100.3871 -137.2997 1 0 0 0 0.97437 0.22495 0 -0.22495 0.97437 973.dat
1 0 50 -100.3871 -137.2997 1 0 0 0 0.97437 0.22495 0 -0.22495 0.97437 3838.dat
