0 Main
0 Name: 42121 - Heavy Duty Excavator - Tracked Tractor.mpd
0 Author: LTRON
1 71 0 -48 0 -1 0 0 0 -1 0.026 0 0.026 1 18939.dat
1 0 0 -48 0 -1 0 0 0 -1 0.026 0 0.026 1 18938.dat
1 0 0 -28 -0.52 -1 0 0 0 1 -0.026 0 -0.026 -1 39793.dat
1 0 -20 -38 -0.26 0 1 0 1 0 -0.026 -0.026 0 -1 2780.dat
1 0 20 -38 -0.26 0 1 0 1 0 -0.026 -0.026 0 -1 2780.dat
1 0 -50 -68 0.52 -1 0 0 0 1 -0.026 0 -0.026 -1 2780.dat
1 0 50 -68 0.52 -1 0 0 0 1 -0.026 0 -0.026 -1 2780.dat
1 0 60 -67.48 20.52 0 1 0 1 0 -0.026 -0.026 0 -1 18654.dat
1 71 -40 -67.48 20.52 1 0 0 0 0.026 -1 0 1 0.026 32054.dat
1 14 20 -69.04 -39.48 0 1 0 -1 0 0.026 0.026 0 1 32524.dat
1 14 -20 -69.04 -39.48 0 1 0 -1 0 0.026 0.026 0 1 32524.dat
1 0 30 -70.08 -79.48 -1 0 0 0 -0.026 -1 0 -1 0.026 2780.dat
1 0 -30 -70.08 -79.48 -1 0 0 0 -0.026 -1 0 -1 0.026 2780.dat
1 72 -40 -72.68 -179.48 0 1 0 1 0 -0.026 -0.026 0 -1 32278.dat
1 72 40 -72.68 -179.48 0 1 0 1 0 -0.026 -0.026 0 -1 32278.dat
1 0 50 -73.2 -199.48 -1 0 0 0 -0.026 -1 0 -1 0.026 2780.dat
1 0 -50 -73.2 -199.48 -1 0 0 0 -0.026 -1 0 -1 0.026 2780.dat
1 19 0 -68 0.52 0 1 0 -1 0 0.026 0.026 0 1 32556.dat
1 71 0 -52.16 -160 -1 0 0 0 -1 0.026 0 0.026 1 63869.dat
1 0 20 -71.9 -149.48 0 0 1 0.026 -1 0 1 0.026 0 2780.dat
1 0 -20 -71.9 -149.48 0 0 1 0.026 -1 0 1 0.026 0 2780.dat
1 71 0 -52.16 -160 1 0 0 0 -1 -0.026 0 0.026 -1 4519.dat
1 72 0 -31.9 -150.52 1 0 0 0 -1 -0.026 0 0.026 -1 61904.dat
1 71 0 -51.64 -140 1 0 0 0 -1 -0.026 0 0.026 -1 4519.dat
1 71 0 -71.64 -139.48 1 0 0 0 -1 -0.026 0 0.026 -1 32184.dat
1 0 -25 -51.64 -140 0 -1 0 -1 0 -0.026 0.026 0 -1 41677.dat
1 0 25 -51.64 -140 0 -1 0 -1 0 -0.026 0.026 0 -1 41677.dat
1 70 0 -31.588 -138.52 0 -1 0 0.026 0 -1 1 0 0.026 24316.dat
1 0 0 -31.12 -120.52 1 0 0 0 1 0.026 0 -0.026 1 32270.dat
1 71 0 -30.6 -100.52 -1 0 0 0 1 -0.026 0 -0.026 -1 32073.dat
1 19 17 -30.6 -100.52 0 0 -1 0.026 1 0 1 -0.026 0 6589.dat
1 71 60 -30.6 -100.52 0 0 -1 0.026 1 0 1 -0.026 0 26287.dat
1 71 -60 -30.6 -100.52 0 0 -1 0.026 1 0 1 -0.026 0 26287.dat
1 71 0 -72.68 -179.48 0 0 1 0.026 -1 0 1 0.026 0 60485.dat
1 72 2 -74.76 -259.48 1 0 0 0 0.026 -1 0 1 0.026 27940.dat
1 14 60 -25.92 79.48 0 -1 0 1 0 0.026 -0.026 0 1 32525.dat
1 0 70 -24.36 139.48 -1 0 0 0 -1 0.026 0 0.026 1 2780.dat
1 0 0 -25.92 79.48 -1 0 0 0 1 -0.026 0 -0.026 -1 39793.dat
1 0 -30 -26.44 59.48 -1 0 0 0 -1 0.026 0 0.026 1 2780.dat
1 4 40 -23.32 179.48 -1 0 0 0 -1 0.026 0 0.026 1 11214.dat
1 71 0 -23.32 179.48 0 0 -1 1 -0.026 0 -0.026 -1 0 26287.dat
1 4 -40 -23.32 179.48 1 0 0 0 -0.026 1 0 -1 -0.026 11214.dat
1 0 45 -106.96 41.56 0 -1 0 0.026 0 -1 1 0 0.026 32250.dat
1 4 30 -186.96 43.64 -1 0 0 0 -1 0.026 0 0.026 1 32062.dat
1 0 35 -146.96 42.6 0 -1 0 0.026 0 -1 1 0 0.026 11478.dat
1 19 30 -146.96 42.6 -1 0 0 0 -0.026 -1 0 -1 0.026 32002.dat
1 14 0 -106.96 41.56 -1 0 0 0 -0.026 -1 0 -1 0.026 44294.dat
1 14 60 -102.8 201.56 0 -1 0 1 0 0.026 -0.026 0 1 32009.dat
1 0 50 -105.4 101.56 -1 0 0 0 1 -0.026 0 -0.026 -1 2780.dat
1 71 60 -22.8 199.48 -1 0 0 0 1 -0.026 0 -0.026 -1 4519.dat
1 0 80 -22.8 199.48 1 0 0 0 0.026 -1 0 1 0.026 6536.dat
1 72 0 -183.7655 251.1772 0 1 0 -0.74681 0 -0.666046 -0.666046 0 0.74681 32525.dat
1 0 20 -157.1237 221.3048 0 1 0 0.74681 0 0.666046 0.666046 0 -0.74681 32271.dat
1 4 0 -157.1237 221.3048 1 0 0 0 -0.74681 0.666046 0 -0.666046 -0.74681 3706.dat
1 71 0 -37.3151 135.0776 -1 0 0 0 0.997076 0.084751 0 0.084751 -0.997076 4519.dat
1 0 20 -182.1502 279.4343 0 0 1 0.74681 -0.666046 0 0.666046 0.74681 0 63869.dat
1 72 20 -197.0864 266.1134 0 1 0 0.74681 0 0.666046 0.666046 0 -0.74681 22961.dat
1 71 0 -146.9543 42.5394 1 0 0 0 0.645216 0.764046 0 -0.764046 0.645216 92693.dat
1 25 0 -124.0179 61.8985 1 0 0 0 0.645216 0.764046 0 -0.764046 0.645216 92695.dat
1 72 0 -37.3151 135.0776 1 0 0 0 0.645216 0.764046 0 -0.764046 0.645216 92696.dat
1 71 0 -146.9543 42.5394 1 0 0 0 0.645216 0.764046 0 -0.764046 0.645216 62520.dat
1 71 0 -146.9543 42.5394 0 -1 0 0.025856 0 -0.99784 0.99784 0 0.025856 62520.dat
1 71 0 -146.9543 42.5394 1 0 0 0 0.594009 0.804352 0 -0.804352 0.594009 62519.dat
1 0 -20 -157.088 221.2899 0 1 0 0.74681 0 0.666046 0.666046 0 -0.74681 32271.dat
1 1 -30 -103.84 161.56 -1 0 0 0 0.929244 0.370106 0 0.370106 -0.929244 43093.dat
1 1 30 -103.84 161.56 1 0 0 0 -0.929244 0.370106 0 -0.370106 -0.929244 43093.dat
1 71 60 -103.84 161.56 1 0 0 0 -0.929244 0.370106 0 -0.370106 -0.929244 32054.dat
1 71 -60 -103.84 161.56 -1 0 0 0 0.929244 0.370106 0 0.370106 -0.929244 32054.dat
1 0 0 -186.96 43.64 0 0 1 -1 -0.026 0 0.026 -1 0 32034.dat
1 71 0 -186.96 43.64 0 0 -1 -1 0.026 0 0.026 1 0 4519.dat
1 0 0 -206.96 44.16 -1 0 0 0 0.026 1 0 1 -0.026 32270.dat
1 4 -30 -186.96 43.64 -1 0 0 0 0.026 1 0 1 -0.026 32062.dat
1 19 -30 -146.96 42.6 1 0 0 0 -0.026 1 0 -1 -0.026 32002.dat
1 0 -35 -146.96 42.6 0 -1 0 -0.026 0 1 -1 0 -0.026 11478.dat
1 0 -45 -106.96 41.56 0 -1 0 0.026 0 -1 1 0 0.026 32250.dat
1 0 -50 -105.4 101.56 -1 0 0 0 0.026 1 0 1 -0.026 2780.dat
1 14 -60 -25.92 79.48 0 -1 0 -1 0 -0.026 0.026 0 -1 32525.dat
1 0 -70 -24.36 139.48 -1 0 0 0 1 -0.026 0 -0.026 -1 2780.dat
1 14 -60 -102.8 201.56 0 -1 0 1 0 0.026 -0.026 0 1 32009.dat
1 71 -60 -22.8 199.48 1 0 0 0 1 0.026 0 -0.026 1 4519.dat
1 0 -80 -22.8 199.48 1 0 0 0 0.026 -1 0 1 0.026 6536.dat
1 0 80 -32.28 219.74 0 1 0 1 0 -0.026 -0.026 0 -1 2780.dat
1 0 -80 -32.28 219.74 0 1 0 1 0 -0.026 -0.026 0 -1 2780.dat
1 0 0 -42.28 220 0 0 1 -0.026 1 0 -1 -0.026 0 40490.dat
1 14 80 -103.84 161.56 1 0 0 0 0.7844 0.6208 0 -0.6208 0.7844 24116.dat
1 14 -80 -103.84 161.56 1 0 0 0 0.7844 0.6208 0 -0.6208 0.7844 24116.dat
1 14 -40 -175.8 -296.88 0 1 0 0.026 0 1 1 0 -0.026 32140.dat
1 72 20 -111.64 -138.44 0 1 0 -1 0 0.026 0.026 0 1 32278.dat
1 71 0 -129.56 -57.92 0 0 -1 0.026 1 0 1 -0.026 0 63869.dat
1 72 -20 -111.64 -138.44 0 1 0 -1 0 0.026 0.026 0 1 32278.dat
1 0 0 -94.76 -258.96 0 0 -1 0.026 1 0 1 -0.026 0 40490.dat
1 4 0 -158.78 -27.14 1 0 0 0 0.026 -1 0 1 0.026 87580.dat
1 0 0 -178.572 -18.62 1 0 0 0 0.026 -1 0 1 0.026 3022.dat
1 4 0 -198.78 -26.1 1 0 0 0 0.026 -1 0 1 0.026 87580.dat
1 4 0 -178.988 -34.62 0 0 1 1 0.026 0 -0.026 1 0 3623.dat
1 4 0 -159.196 -43.14 -1 0 0 0 0.026 1 0 1 -0.026 3070.dat
1 4 0 -179.196 -42.62 -1 0 0 0 0.026 1 0 1 -0.026 3070.dat
1 4 0 -208.78 -25.84 -1 0 0 0 0.026 1 0 1 -0.026 11477.dat
1 0 0 -128.78 -27.92 1 0 0 0 -1 -0.026 0 0.026 -1 30553.dat
1 4 0 -129.3 -47.92 0 0 -1 -0.026 -1 0 -1 0.026 0 32062.dat
1 0 -45 -148 2.6 0 1 0 1 0 -0.026 -0.026 0 -1 99773.dat
1 1 -50 -188 3.64 1 0 0 0 -1 -0.026 0 0.026 -1 43093.dat
1 0 -40 -108 1.56 1 0 0 0 -1 -0.026 0 0.026 -1 18651.dat
1 0 -35 -148 2.6 0 1 0 1 0 -0.026 -0.026 0 -1 99773.dat
1 0 -50 -128 2.08 1 0 0 0 1 0.026 0 -0.026 1 2780.dat
1 0 -50 -149.04 -37.4 1 0 0 0 1 0.026 0 -0.026 1 2780.dat
1 71 -40 -168 3.12 -1 0 0 0 0.026 1 0 1 -0.026 32054.dat
1 71 0 -168 3.12 -1 0 0 0 0.026 1 0 1 -0.026 4519.dat
1 71 40 -168 3.12 1 0 0 0 0.026 -1 0 1 0.026 32054.dat
1 1 -70 -74.24 -239.48 -1 0 0 0 1 -0.026 0 -0.026 -1 43093.dat
1 0 -80 -74.24 -239.48 1 0 0 0 -0.026 1 0 -1 -0.026 6536.dat
1 71 -60 -55.28 -280 0 -1 0 0.026 0 -1 1 0 0.026 63869.dat
1 71 -80 -65.28 -279.74 0 0 -1 -1 0.026 0 0.026 1 0 4274.dat
1 71 -80 -65.8 -299.74 0 0 -1 -1 0.026 0 0.026 1 0 4274.dat
1 0 -80 -73.54 -289.532 0 0 -1 0.026 1 0 1 -0.026 0 2412.dat
1 0 50 -148 2.6 -1 0 0 0 0.026 1 0 1 -0.026 2780.dat
1 0 40 -108 1.56 -1 0 0 0 0.026 1 0 1 -0.026 18651.dat
1 0 45 -148 2.6 0 -1 0 -1 0 -0.026 0.026 0 -1 99773.dat
1 0 35 -148 2.6 0 -1 0 -1 0 -0.026 0.026 0 -1 99773.dat
1 0 50 -149.04 -37.4 -1 0 0 0 0.026 1 0 1 -0.026 2780.dat
1 1 50 -188 3.64 -1 0 0 0 0.026 1 0 1 -0.026 43093.dat
1 72 0 -133.2 -197.92 1 0 0 0 1 0.026 0 -0.026 1 32524.dat
1 70 0 -124.24 -238.18 0 -1 0 1 0 0.026 -0.026 0 1 24316.dat
1 14 0 -149.24 -237.53 -1 0 0 0 0.026 1 0 1 -0.026 32123.dat
1 70 0 -123.72 -218.18 0 -1 0 1 0 0.026 -0.026 0 1 24316.dat
1 14 0 -148.72 -217.53 -1 0 0 0 0.026 1 0 1 -0.026 32123.dat
1 70 0 -123.2 -198.18 0 -1 0 1 0 0.026 -0.026 0 1 24316.dat
1 14 0 -148.2 -197.53 -1 0 0 0 0.026 1 0 1 -0.026 32123.dat
1 70 0 -131.68 -177.946 0 -1 0 1 0 0.026 -0.026 0 1 24316.dat
1 14 0 -156.68 -177.296 -1 0 0 0 0.026 1 0 1 -0.026 32123.dat
1 4 0 -131.64 -137.92 0 1 0 -1 0 0.026 0.026 0 1 11214.dat
1 0 0 -142.16 -157.66 0 1 0 -1 0 0.026 0.026 0 1 2780.dat
1 0 0 -249.04 -34.8 1 0 0 0 1 0.026 0 -0.026 1 39793.dat
1 71 20 -259.04 -34.54 0 1 0 -1 0 0.026 0.026 0 1 4274.dat
1 71 0 -259.04 -34.54 0 1 0 -1 0 0.026 0.026 0 1 4274.dat
1 71 0 -259.56 -54.54 0 1 0 -1 0 0.026 0.026 0 1 4274.dat
1 71 -20 -259.04 -34.54 0 1 0 -1 0 0.026 0.026 0 1 4274.dat
1 14 -40 -249.56 -54.8 0 -1 0 1 0 0.026 -0.026 0 1 32524.dat
1 0 -50 -249.04 -34.8 -1 0 0 0 -1 0.026 0 0.026 1 2780.dat
1 4 20 -250.08 -74.8 -1 0 0 0 1 -0.026 0 -0.026 -1 11214.dat
1 71 -20 -250.08 -74.8 -1 0 0 0 1 -0.026 0 -0.026 -1 32054.dat
1 0 30 -250.6 -94.8 -1 0 0 0 1 -0.026 0 -0.026 -1 2780.dat
1 47 0 -251.12 -114.8 1 0 0 0 0.026 -1 0 1 0.026 24116.dat
1 0 -30 -250.6 -94.8 -1 0 0 0 1 -0.026 0 -0.026 -1 2780.dat
1 14 40 -249.56 -54.8 0 -1 0 -1 0 -0.026 0.026 0 -1 32524.dat
1 0 50 -249.04 -34.8 1 0 0 0 1 0.026 0 -0.026 1 2780.dat
1 72 60 -112.16 -158.44 0 1 0 -1 0 0.026 0.026 0 1 32525.dat
1 0 40 -109.56 -58.44 0 1 0 -1 0 0.026 0.026 0 1 18654.dat
1 71 70 -112.68 -178.44 1 0 0 0 1 0.026 0 -0.026 1 4274.dat
1 71 70 -112.16 -158.44 1 0 0 0 1 0.026 0 -0.026 1 4274.dat
1 0 45 -112.68 -178.44 0 -1 0 -1 0 -0.026 0.026 0 -1 32250.dat
1 0 35 -112.68 -178.44 0 -1 0 -1 0 -0.026 0.026 0 -1 32250.dat
1 71 60 -152.68 -177.4 1 0 0 0 -1 -0.026 0 0.026 -1 4519.dat
1 0 70 -112.42 -168.44 0 -1 0 1 0 0.026 -0.026 0 1 61409.dat
1 0 60 -150.6 -97.4 0 -1 0 -1 0 -0.026 0.026 0 -1 40490.dat
1 0 40 -149.56 -57.4 -1 0 0 0 1 -0.026 0 -0.026 -1 18651.dat
1 71 40 -150.08 -77.4 1 0 0 0 0.026 -1 0 1 0.026 32184.dat
1 70 40 -150.6 -97.4 1 0 0 0 1 0.026 0 -0.026 1 24316.dat
1 19 50 -170.08 -76.88 1 0 0 0 -1 -0.026 0 0.026 -1 32002.dat
1 0 80 -88.78 -28.96 0 -1 0 -0.026 0 1 -1 0 -0.026 2780.dat
1 14 80 -128.52 -17.92 1 0 0 0 -0.026 1 0 -1 -0.026 11947.dat
1 72 80 -148.52 -17.4 0 1 0 1 0 -0.026 -0.026 0 -1 22961.dat
1 0 80 -69.56 -59.48 0 1 0 0.026 0 1 1 0 -0.026 32014.dat
1 4 40 -69.56 -59.48 1 0 0 0 -1 -0.026 0 0.026 -1 11214.dat
1 14 80 -111.64 -138.44 0 -1 0 1 0 0.026 -0.026 0 1 32140.dat
1 14 100 -111.64 -138.44 0 -1 0 1 0 0.026 -0.026 0 1 32140.dat
1 0 60 -250.08 -74.8 0 0 -1 -1 0.026 0 0.026 1 0 6536.dat
1 0 60 -220.08 -75.58 0 0 -1 -1 0.026 0 0.026 1 0 3705.dat
1 0 60 -190.08 -76.36 1 0 0 0 0.026 -1 0 1 0.026 32126.dat
1 0 60 -251.12 -114.8 0 -1 0 -1 0 -0.026 0.026 0 -1 18654.dat
1 0 80 -240.86 -105.06 0 0 1 -1 -0.026 0 0.026 -1 0 18677.dat
1 71 80 -240.652 -97.06 0 0 1 -1 -0.026 0 0.026 -1 0 3069.dat
1 72 -60 -112.16 -158.44 0 -1 0 1 0 0.026 -0.026 0 1 32525.dat
1 71 -70 -112.68 -178.44 -1 0 0 0 1 -0.026 0 -0.026 -1 4274.dat
1 71 -70 -112.16 -158.44 -1 0 0 0 1 -0.026 0 -0.026 -1 4274.dat
1 0 -45 -112.68 -178.44 0 -1 0 -1 0 -0.026 0.026 0 -1 32250.dat
1 0 -35 -112.68 -178.44 0 -1 0 -1 0 -0.026 0.026 0 -1 32250.dat
1 0 -70 -112.42 -168.44 0 1 0 -1 0 0.026 0.026 0 1 61409.dat
1 1 -50 -152.68 -177.4 1 0 0 0 -1 -0.026 0 0.026 -1 43093.dat
1 0 -60 -150.6 -97.4 0 1 0 1 0 -0.026 -0.026 0 -1 40490.dat
1 0 -40 -149.56 -57.4 1 0 0 0 1 0.026 0 -0.026 1 18651.dat
1 71 -40 -150.08 -77.4 1 0 0 0 0.026 -1 0 1 0.026 32184.dat
1 1 -50 -150.6 -97.4 1 0 0 0 -1 -0.026 0 0.026 -1 43093.dat
1 19 -50 -170.08 -76.88 -1 0 0 0 -1 0.026 0 0.026 1 32002.dat
1 0 -60 -250.08 -74.8 0 0 1 1 0.026 0 -0.026 1 0 6536.dat
1 0 -60 -220.08 -75.58 0 0 1 1 0.026 0 -0.026 1 0 3705.dat
1 0 -60 -235.08 -75.19 1 0 0 0 -1 -0.026 0 0.026 -1 41677.dat
1 0 -60 -225.08 -75.45 1 0 0 0 -1 -0.026 0 0.026 -1 41677.dat
1 4 -60 -240.6 -95.06 0 -1 0 -1 0 -0.026 0.026 0 -1 32062.dat
1 0 -60 -251.12 -114.8 0 0 -1 -1 0.026 0 0.026 1 0 32184.dat
1 57 -60 -251.64 -134.8 1 0 0 0 1 0.026 0 -0.026 1 58176.dat
1 0 -60 -190.08 -76.36 -1 0 0 0 -0.026 -1 0 -1 0.026 32126.dat
1 0 -80 -240.86 -105.06 0 0 1 -1 -0.026 0 0.026 -1 0 18677.dat
1 71 -80 -240.652 -97.06 0 0 1 -1 -0.026 0 0.026 -1 0 3069.dat
1 14 -80 -111.64 -138.44 0 -1 0 1 0 0.026 -0.026 0 1 32140.dat
1 14 -100 -111.64 -138.44 0 -1 0 1 0 0.026 -0.026 0 1 32140.dat
1 0 -100 -148.52 -17.4 0 -1 0 0.026 0 -1 1 0 0.026 32014.dat
1 72 -100 -81.52 -19.142 0 0 1 1 0.026 0 -0.026 1 0 59426.dat
1 0 -100 -148.26 -7.4 0 0 1 0.026 -1 0 1 0.026 0 2780.dat
1 0 -100 -148 2.6 0 0 -1 -0.026 -1 0 -1 0.026 0 32013.dat
1 14 -100 -104.56 -58.57 -1 0 0 0 -1 0.026 0 0.026 1 6632.dat
1 14 -100 -54.56 -59.87 -1 0 0 0 -1 0.026 0 0.026 1 6632.dat
1 14 -100 -43.52 -20.13 0 1 0 0.026 0 1 1 0 -0.026 32123.dat
1 4 -60 -148.52 -17.4 -1 0 0 0 0.026 1 0 1 -0.026 11214.dat
1 4 -60 -148 2.6 -1 0 0 0 0.026 1 0 1 -0.026 11214.dat
1 15 0 -173.72 -216.88 0 1 0 -1 0 0.026 0.026 0 1 40490.dat
1 0 -20 -115.8 -298.44 0 -1 0 0.026 0 -1 1 0 0.026 32140.dat
1 0 0 -146.06 -307.66 0 0 -1 -1 0.026 0 0.026 1 0 32000.dat
1 0 0 -146.06 -307.66 -1 0 0 0 0.026 1 0 1 -0.026 61409.dat
1 0 20 -115.8 -298.44 0 -1 0 0.026 0 -1 1 0 0.026 32140.dat
1 0 30 -135.8 -297.92 -1 0 0 0 -1 0.026 0 0.026 1 2780.dat
1 0 30 -155.8 -297.4 -1 0 0 0 -1 0.026 0 0.026 1 2780.dat
1 14 40 -175.8 -296.88 0 1 0 0.026 0 1 1 0 -0.026 32140.dat
1 1 70 -74.24 -239.48 1 0 0 0 -1 -0.026 0 0.026 -1 43093.dat
1 0 80 -74.24 -239.48 -1 0 0 0 -0.026 -1 0 -1 0.026 6536.dat
1 71 60 -55.28 -280 0 1 0 -0.026 0 -1 -1 0 0.026 63869.dat
1 71 80 -65.28 -279.74 0 0 1 -1 -0.026 0 0.026 -1 0 4274.dat
1 71 80 -65.8 -299.74 0 0 1 -1 -0.026 0 0.026 -1 0 4274.dat
1 0 80 -73.54 -289.532 0 0 1 -0.026 1 0 -1 -0.026 0 2412.dat
1 14 -20 -174.76 -256.88 0 1 0 -1 0 0.026 0.026 0 1 64683.dat
1 0 -40 -155.02 -267.4 0 1 0 -0.026 0 -1 -1 0 0.026 2780.dat
1 14 -40 -155.28 -277.4 0 0 -1 -1 0.026 0 0.026 1 0 44809.dat
1 71 -60 -175.54 -286.88 0 1 0 -0.026 0 -1 -1 0 0.026 4274.dat
1 47 -60 -175.748 -294.88 -1 0 0 0 0.026 1 0 1 -0.026 98138.dat
1 14 20 -174.76 -256.88 0 -1 0 1 0 0.026 -0.026 0 1 64391.dat
1 0 40 -155.02 -267.4 0 -1 0 0.026 0 -1 1 0 0.026 2780.dat
1 14 40 -155.28 -277.4 0 0 1 -1 -0.026 0 0.026 -1 0 44809.dat
1 71 60 -175.54 -286.88 0 -1 0 -0.026 0 1 -1 0 -0.026 4274.dat
1 47 60 -175.748 -294.88 -1 0 0 0 0.026 1 0 1 -0.026 98138.dat
1 71 40 -172.0191 207.9728 1 0 0 0 -0.74681 0.666046 0 -0.666046 -0.74681 32184.dat
1 1 30 -186.9502 194.6558 1 0 0 0 -0.74681 0.666046 0 -0.666046 -0.74681 43093.dat
1 19 0 -250.2731 325.8167 -1 0 0 0 0.666046 -0.74681 0 -0.74681 -0.666046 32556.dat
1 72 20 -205.475 365.7607 0 1 0 -0.666046 0 0.74681 0.74681 0 0.666046 32525.dat
1 19 0 -280.1392 299.1866 -1 0 0 0 0.666046 -0.74681 0 -0.74681 -0.666046 32556.dat
1 19 0 -130.8118 432.3347 -1 0 0 0 0.666046 -0.74681 0 -0.74681 -0.666046 32556.dat
1 71 0 -187.4581 194.2497 -1 0 0 0 -0.749706 -0.661968 0 -0.661968 0.749706 92693.dat
1 25 0 -207.3172 216.7409 -1 0 0 0 -0.749706 -0.661968 0 -0.661968 0.749706 92695.dat
1 72 0 -280.1336 299.2085 -1 0 0 0 -0.749706 -0.661968 0 -0.661968 0.749706 92696.dat
1 14 0 -194.0778 201.7467 -1 0 0 0 -0.749706 -0.661968 0 -0.661968 0.749706 59443.dat
1 71 0 -174.2188 179.2556 0 0 -1 0.661968 -0.749706 0 -0.749706 -0.661968 0 4519.dat
1 71 0 -174.2188 179.2556 1 0 0 0 -0.749706 0.661968 0 -0.661968 -0.749706 3713.dat
1 0 0 -160.9794 164.2614 1 0 0 0 -0.749706 0.661968 0 -0.661968 -0.749706 32270.dat
1 71 -40 -172.2077 208.1869 1 0 0 0 -0.755524 0.654812 0 -0.654812 -0.755524 32184.dat
1 1 -30 -187.3264 195.0838 -1 0 0 0 0.654812 -0.755524 0 -0.755524 -0.654812 43093.dat
1 72 0 -141.8012 448.988 1 0 0 0 -0.548459 -0.835995 0 0.835995 -0.548459 24120.dat
1 71 20 -141.8012 448.988 0 -1 0 0.548459 0 0.835995 -0.835995 0 0.548459 18654.dat
1 0 10 -152.7778 465.7036 1 0 0 0 -0.548459 -0.835995 0 0.835995 -0.548459 3705.dat
1 0 0 -169.4934 454.727 0 1 0 0.957346 0 -0.289136 -0.289136 0 -0.957346 32271.dat
1 71 0 -180.4722 307.6438 -1 0 0 0 0.592653 -0.805138 0 -0.805138 -0.592653 4519.dat
1 71 0 -169.4934 454.727 -1 0 0 0 0.957346 -0.289136 0 -0.289136 -0.957346 4519.dat
1 0 -20 -182.0921 279.3988 0 0 1 0.74681 -0.666046 0 0.666046 0.74681 0 63869.dat
1 72 -20 -197.0251 266.0868 0 1 0 0.74681 0 0.666046 0.666046 0 -0.74681 22961.dat
1 72 -20 -205.475 365.7607 0 1 0 -0.666046 0 0.74681 0.74681 0 0.666046 32525.dat
1 0 -95 -31.64 -140.52 0 -1 0 -1 0 -0.026 0.026 0 -1 41677.dat
1 0 -100 -31.64 -140.52 -1 0 0 0 1 -0.026 0 -0.026 -1 18651.dat
1 0 -105 -31.64 -140.52 0 -1 0 -1 0 -0.026 0.026 0 -1 41677.dat
1 0 -100 -32.16 -160.52 -1 0 0 0 1 -0.026 0 -0.026 -1 18651.dat
1 70 -100 -30.6 -100.52 -1 0 0 0 -1 0.026 0 0.026 1 24316.dat
1 0 -90 -33.2 -200.52 -1 0 0 0 -1 0.026 0 0.026 1 3705.dat
1 71 -100 -30.6 -100.52 0 0 1 -1 -0.026 0 0.026 -1 0 94925.dat
1 71 -100 -33.2 -200.52 0 0 1 -1 -0.026 0 0.026 -1 0 94925.dat
1 0 -80 -32.16 -160.52 0 -1 0 -1 0 -0.026 0.026 0 -1 32316.dat
1 1 -110 -52.16 -160 1 0 0 0 -1 -0.026 0 0.026 -1 43093.dat
1 1 -110 -51.64 -140 1 0 0 0 -1 -0.026 0 0.026 -1 43093.dat
1 71 -60 -71.9 -149.48 0 -1 0 0.026 0 -1 1 0 0.026 41678.dat
1 72 -60 -72.68 -179.48 0 -1 0 0.026 0 -1 1 0 0.026 22961.dat
1 72 -60 -71.12 -119.48 0 1 0 -0.026 0 -1 -1 0 0.026 22961.dat
1 0 -50 -72.68 -179.48 1 0 0 0 -0.026 1 0 -1 -0.026 2780.dat
1 0 -50 -71.12 -119.48 1 0 0 0 -0.026 1 0 -1 -0.026 2780.dat
1 16 -100 -45.0789 -83.9644 1 0 0 0 0.340278 0.940685 0 -0.940685 0.340278 3873.dat
1 16 -100 -52.5785 -98.1041 1 0 0 0 0.883728 0.468721 0 -0.468721 0.883728 3873.dat
1 16 -100 -56.2341 -113.6865 1 0 0 0 0.973898 0.228474 0 -0.228474 0.973898 3873.dat
1 16 -100 -59.341 -129.3874 1 0 0 0 0.98131 0.194183 0 -0.194183 0.98131 3873.dat
1 16 -100 -59.785 -145.3867 1 0 0 0 0.999952 0.027753 0 -0.027753 0.999952 3873.dat
1 16 -100 -60.2015 -161.3867 1 0 0 0 0.999999 0.026025 0 -0.026025 0.999999 3873.dat
1 16 -100 -59.6326 -177.3819 1 0 0 0 0.999706 -0.035553 0 0.035553 0.999706 3873.dat
1 16 -100 -56.857 -193.1448 1 0 0 0 0.985181 -0.173478 0 0.173478 0.985181 3873.dat
1 16 -100 -53.5549 -208.8059 1 0 0 0 0.978818 -0.206377 0 0.206377 0.978818 3873.dat
1 16 -100 -42.5227 -220.4017 1 0 0 0 0.724737 -0.689516 0 0.689516 0.724737 3873.dat
1 16 -100 -26.5527 -221.4663 1 0 0 0 0.066534 -0.998123 0 0.998123 0.066534 3873.dat
1 16 -100 -14.0992 -211.4122 1 0 0 0 -0.628376 -0.778345 0 0.778345 -0.628376 3873.dat
1 16 -100 -11.0927 -195.6918 1 0 0 0 -0.98253 -0.187909 0 0.187909 -0.98253 3873.dat
1 16 -100 -10.6441 -179.6926 1 0 0 0 -0.999945 -0.028036 0 0.028036 -0.999945 3873.dat
1 16 -100 -10.2276 -163.6926 1 0 0 0 -0.999999 -0.026029 0 0.026029 -0.999999 3873.dat
1 16 -100 -9.8116 -147.6926 1 0 0 0 -1 -0.026 0 0.026 -1 3873.dat
1 16 -100 -9.3956 -131.6926 1 0 0 0 -1 -0.026 0 0.026 -1 3873.dat
1 16 -100 -8.9796 -115.6926 1 0 0 0 -1 -0.026 0 0.026 -1 3873.dat
1 16 -100 -8.6168 -99.6914 1 0 0 0 -1.00008 -0.022679 0 0.022679 -1.00008 3873.dat
1 16 -100 -15.0133 -85.0197 1 0 0 0 -0.916978 0.399784 0 -0.399784 -0.916978 3873.dat
1 16 -100 -29.6735 -78.597 1 0 0 0 -0.401417 0.916264 0 -0.916264 -0.401417 3873.dat
1 0 -40 -33.2 -200.52 0 0 1 -0.026 1 0 -1 -0.026 0 32034.dat
1 71 0 -33.2 -200.52 -1 0 0 0 1 -0.026 0 -0.026 -1 4519.dat
1 0 40 -33.2 -200.52 0 0 1 -0.026 1 0 -1 -0.026 0 32034.dat
1 14 -125 -25.14 109.48 0 1 0 1 0 -0.026 -0.026 0 -1 32063.dat
1 14 -115 -25.14 109.48 0 1 0 1 0 -0.026 -0.026 0 -1 32063.dat
1 72 -90 -23.84 159.48 -1 0 0 0 1 -0.026 0 -0.026 -1 87083.dat
1 70 -100 -26.44 59.48 -1 0 0 0 1 -0.026 0 -0.026 -1 24316.dat
1 72 -100 -26.44 59.48 0 0 -1 0.026 1 0 1 -0.026 0 10928.dat
1 72 -100 -23.84 159.48 0 0 -1 0.026 1 0 1 -0.026 0 10928.dat
1 0 -100 -45.4 100 1 0 0 0 -0.026 1 0 -1 -0.026 18651.dat
1 0 -100 -44.88 120 1 0 0 0 -0.026 1 0 -1 -0.026 18651.dat
1 0 -85 -45.4 100 0 1 0 -1 0 0.026 0.026 0 1 41677.dat
1 0 -80 -25.4 99.48 0 -1 0 1 0 0.026 -0.026 0 1 32316.dat
1 71 -120 -65.14 110.52 0 -1 0 0.026 0 -1 1 0 0.026 41678.dat
1 4 -120 -65.14 110.52 0 -1 0 0.026 0 -1 1 0 0.026 32062.dat
1 0 -120 -65.14 110.52 0 0 1 0.026 -1 0 1 0.026 0 6536.dat
1 19 -110 -85.14 111.04 1 0 0 0 -1 -0.026 0 0.026 -1 3749.dat
1 72 -100 -85.14 111.04 0 0 -1 0.026 1 0 1 -0.026 0 10928.dat
1 0 -80 -23.84 159.48 0 -1 0 0.026 0 -1 1 0 0.026 18654.dat
1 16 -100 -11.5472 53.6168 1 0 0 0 -0.622871 -0.782757 0 0.782757 -0.622871 3873.dat
1 16 -100 -10.191 69.5646 1 0 0 0 -0.99674 -0.084762 0 0.084762 -0.99674 3873.dat
1 16 -100 -9.7515 85.564 1 0 0 0 -0.999961 -0.02747 0 0.02747 -0.999961 3873.dat
1 16 -100 -9.335 101.564 1 0 0 0 -0.999999 -0.02603 0 0.02603 -0.999999 3873.dat
1 16 -100 -8.919 117.564 1 0 0 0 -1 -0.026001 0 0.026001 -1 3873.dat
1 16 -100 -8.503 133.564 1 0 0 0 -1 -0.026 0 0.026 -1 3873.dat
1 16 -100 -8.087 149.564 1 0 0 0 -1 -0.026 0 0.026 -1 3873.dat
1 16 -100 -9.0551 165.5401 1 0 0 0 -0.998506 0.060509 0 -0.060509 -0.998506 3873.dat
1 16 -100 -21.7388 175.3022 1 0 0 0 -0.61013 0.792728 0 -0.792728 -0.61013 3873.dat
1 16 -100 -36.6508 169.4881 1 0 0 0 0.363381 0.932003 0 -0.932003 0.363381 3873.dat
1 16 -100 -49.3366 159.7288 1 0 0 0 0.609957 0.792862 0 -0.792862 0.609957 3873.dat
1 16 -100 -61.8959 149.8072 1 0 0 0 0.620098 0.784955 0 -0.784955 0.620098 3873.dat
1 16 -100 -74.4538 139.8838 1 0 0 0 0.62021 0.784866 0 -0.784866 0.62021 3873.dat
1 16 -100 -87.0116 129.9604 1 0 0 0 0.62021 0.784866 0 -0.784866 0.62021 3873.dat
1 16 -100 -98.8794 119.2213 1 0 0 0 0.671198 0.741734 0 -0.741734 0.671198 3873.dat
1 16 -100 -99.0513 103.2168 1 0 0 0 1.00028 0.010749 0 -0.010749 1.00028 3873.dat
1 16 -100 -87.6423 91.9916 1 0 0 0 0.701577 -0.713067 0 0.713067 0.701577 3873.dat
1 16 -100 -75.6444 81.3979 1 0 0 0 0.662101 -0.749866 0 0.749866 0.662101 3873.dat
1 16 -100 -63.6199 70.8346 1 0 0 0 0.660211 -0.751531 0 0.751531 0.660211 3873.dat
1 16 -100 -51.5947 60.272 1 0 0 0 0.66016 -0.751575 0 0.751575 0.66016 3873.dat
1 16 -100 -39.5695 49.7095 1 0 0 0 0.660158 -0.751576 0 0.751576 0.660158 3873.dat
1 16 -100 -24.7883 43.5704 1 0 0 0 0.383692 -0.923827 0 0.923827 0.383692 3873.dat
1 14 123 -25.14 109.48 0 -1 0 -1 0 -0.026 0.026 0 -1 32063.dat
1 14 113 -25.14 109.48 0 -1 0 -1 0 -0.026 0.026 0 -1 32063.dat
1 72 88 -23.84 159.48 1 0 0 0 1 0.026 0 -0.026 1 87083.dat
1 70 98 -26.44 59.48 1 0 0 0 1 0.026 0 -0.026 1 24316.dat
1 72 98 -26.44 59.48 0 0 1 -0.026 1 0 -1 -0.026 0 10928.dat
1 72 98 -23.84 159.48 0 0 1 -0.026 1 0 -1 -0.026 0 10928.dat
1 0 98 -45.4 100 -1 0 0 0 -0.026 -1 0 -1 0.026 18651.dat
1 0 98 -44.88 120 -1 0 0 0 -0.026 -1 0 -1 0.026 18651.dat
1 0 83 -45.4 100 0 -1 0 1 0 0.026 -0.026 0 1 41677.dat
1 0 78 -25.4 99.48 0 1 0 -1 0 0.026 0.026 0 1 32316.dat
1 71 118 -65.14 110.52 0 1 0 -0.026 0 -1 -1 0 0.026 41678.dat
1 4 118 -65.14 110.52 0 1 0 -0.026 0 -1 -1 0 0.026 32062.dat
1 0 118 -65.14 110.52 0 0 -1 -0.026 -1 0 -1 0.026 0 6536.dat
1 19 108 -85.14 111.04 -1 0 0 0 -1 0.026 0 0.026 1 3749.dat
1 72 98 -85.14 111.04 0 0 1 -0.026 1 0 -1 -0.026 0 10928.dat
1 0 78 -23.84 159.48 0 1 0 -0.026 0 -1 -1 0 0.026 18654.dat
1 16 98 -11.5472 53.6168 1 0 0 0 -0.622871 -0.782757 0 0.782757 -0.622871 3873.dat
1 16 98 -10.191 69.5646 1 0 0 0 -0.99674 -0.084762 0 0.084762 -0.99674 3873.dat
1 16 98 -9.7515 85.564 1 0 0 0 -0.999961 -0.02747 0 0.02747 -0.999961 3873.dat
1 16 98 -9.335 101.564 1 0 0 0 -0.999999 -0.02603 0 0.02603 -0.999999 3873.dat
1 16 98 -8.919 117.564 1 0 0 0 -1 -0.026001 0 0.026001 -1 3873.dat
1 16 98 -8.503 133.564 1 0 0 0 -1 -0.026 0 0.026 -1 3873.dat
1 16 98 -8.087 149.564 1 0 0 0 -1 -0.026 0 0.026 -1 3873.dat
1 16 98 -9.0551 165.5401 1 0 0 0 -0.998506 0.060509 0 -0.060509 -0.998506 3873.dat
1 16 98 -21.7388 175.3022 1 0 0 0 -0.61013 0.792728 0 -0.792728 -0.61013 3873.dat
1 16 98 -36.6508 169.4881 1 0 0 0 0.363381 0.932003 0 -0.932003 0.363381 3873.dat
1 16 98 -49.3366 159.7288 1 0 0 0 0.609957 0.792862 0 -0.792862 0.609957 3873.dat
1 16 98 -61.8959 149.8072 1 0 0 0 0.620098 0.784955 0 -0.784955 0.620098 3873.dat
1 16 98 -74.4538 139.8838 1 0 0 0 0.62021 0.784866 0 -0.784866 0.62021 3873.dat
1 16 98 -87.0116 129.9604 1 0 0 0 0.62021 0.784866 0 -0.784866 0.62021 3873.dat
1 16 98 -98.8794 119.2213 1 0 0 0 0.671198 0.741734 0 -0.741734 0.671198 3873.dat
1 16 98 -99.0513 103.2168 1 0 0 0 1.00028 0.010749 0 -0.010749 1.00028 3873.dat
1 16 98 -87.6423 91.9916 1 0 0 0 0.701577 -0.713067 0 0.713067 0.701577 3873.dat
1 16 98 -75.6444 81.3979 1 0 0 0 0.662101 -0.749866 0 0.749866 0.662101 3873.dat
1 16 98 -63.6199 70.8346 1 0 0 0 0.660211 -0.751531 0 0.751531 0.660211 3873.dat
1 16 98 -51.5947 60.272 1 0 0 0 0.66016 -0.751575 0 0.751575 0.66016 3873.dat
1 16 98 -39.5695 49.7095 1 0 0 0 0.660158 -0.751576 0 0.751576 0.660158 3873.dat
1 16 98 -24.7883 43.5704 1 0 0 0 0.383692 -0.923827 0 0.923827 0.383692 3873.dat
1 0 95 -31.64 -140.52 0 1 0 1 0 -0.026 -0.026 0 -1 41677.dat
1 0 100 -31.64 -140.52 1 0 0 0 1 0.026 0 -0.026 1 18651.dat
1 0 105 -31.64 -140.52 0 1 0 1 0 -0.026 -0.026 0 -1 41677.dat
1 0 100 -32.16 -160.52 1 0 0 0 1 0.026 0 -0.026 1 18651.dat
1 70 100 -30.6 -100.52 1 0 0 0 -1 -0.026 0 0.026 -1 24316.dat
1 0 90 -33.2 -200.52 -1 0 0 0 -1 0.026 0 0.026 1 3705.dat
1 71 100 -30.6 -100.52 0 0 -1 1 -0.026 0 -0.026 -1 0 94925.dat
1 71 100 -33.2 -200.52 0 0 -1 1 -0.026 0 -0.026 -1 0 94925.dat
1 0 80 -32.16 -160.52 0 1 0 1 0 -0.026 -0.026 0 -1 32316.dat
1 1 110 -52.16 -160 -1 0 0 0 -1 0.026 0 0.026 1 43093.dat
1 1 110 -51.64 -140 -1 0 0 0 -1 0.026 0 0.026 1 43093.dat
1 71 60 -71.9 -149.48 0 1 0 -0.026 0 -1 -1 0 0.026 41678.dat
1 72 60 -72.68 -179.48 0 1 0 0.026 0 1 1 0 -0.026 22961.dat
1 72 60 -71.12 -119.48 0 -1 0 -0.026 0 1 -1 0 -0.026 22961.dat
1 0 50 -72.68 -179.48 1 0 0 0 -0.026 1 0 -1 -0.026 2780.dat
1 0 50 -71.12 -119.48 1 0 0 0 -0.026 1 0 -1 -0.026 2780.dat
1 16 90 -45.0789 -83.9644 1 0 0 0 0.340278 0.940685 0 -0.940685 0.340278 3873.dat
1 16 90 -52.5785 -98.1041 1 0 0 0 0.883728 0.468721 0 -0.468721 0.883728 3873.dat
1 16 90 -56.2341 -113.6865 1 0 0 0 0.973898 0.228474 0 -0.228474 0.973898 3873.dat
1 16 90 -59.341 -129.3874 1 0 0 0 0.98131 0.194183 0 -0.194183 0.98131 3873.dat
1 16 90 -59.785 -145.3867 1 0 0 0 0.999952 0.027753 0 -0.027753 0.999952 3873.dat
1 16 90 -60.2015 -161.3867 1 0 0 0 0.999999 0.026025 0 -0.026025 0.999999 3873.dat
1 16 90 -59.6326 -177.3819 1 0 0 0 0.999706 -0.035553 0 0.035553 0.999706 3873.dat
1 16 90 -56.857 -193.1448 1 0 0 0 0.985181 -0.173478 0 0.173478 0.985181 3873.dat
1 16 90 -53.5549 -208.8059 1 0 0 0 0.978818 -0.206377 0 0.206377 0.978818 3873.dat
1 16 90 -42.5227 -220.4017 1 0 0 0 0.724737 -0.689516 0 0.689516 0.724737 3873.dat
1 16 90 -26.5527 -221.4663 1 0 0 0 0.066534 -0.998123 0 0.998123 0.066534 3873.dat
1 16 90 -14.0992 -211.4122 1 0 0 0 -0.628376 -0.778345 0 0.778345 -0.628376 3873.dat
1 16 90 -11.0927 -195.6918 1 0 0 0 -0.98253 -0.187909 0 0.187909 -0.98253 3873.dat
1 16 90 -10.6441 -179.6926 1 0 0 0 -0.999945 -0.028036 0 0.028036 -0.999945 3873.dat
1 16 90 -10.2276 -163.6926 1 0 0 0 -0.999999 -0.026029 0 0.026029 -0.999999 3873.dat
1 16 90 -9.8116 -147.6926 1 0 0 0 -1 -0.026 0 0.026 -1 3873.dat
1 16 90 -9.3956 -131.6926 1 0 0 0 -1 -0.026 0 0.026 -1 3873.dat
1 16 90 -8.9796 -115.6926 1 0 0 0 -1 -0.026 0 0.026 -1 3873.dat
1 16 90 -8.6168 -99.6914 1 0 0 0 -1.00008 -0.022679 0 0.022679 -1.00008 3873.dat
1 16 90 -15.0133 -85.0197 1 0 0 0 -0.916978 0.399784 0 -0.399784 -0.916978 3873.dat
1 16 90 -29.6735 -78.597 1 0 0 0 -0.401417 0.916264 0 -0.916264 -0.401417 3873.dat
1 0 100 -152.68 -177.4 0 0 1 -0.026 1 0 -1 -0.026 0 32014.dat
1 71 100 -192.68 -176.36 0 0 1 -1 -0.026 0 0.026 -1 0 4519.dat
1 0 100 -203.72 -216.1 0 1 0 1 0 -0.026 -0.026 0 -1 2780.dat
1 0 100 -223.2 -195.58 0 1 0 1 0 -0.026 -0.026 0 -1 2780.dat
1 71 100 -263.2 -194.54 0 -1 0 -1 0 -0.026 0.026 0 -1 4274.dat
1 14 -10 -267.56 -54.332 1 0 0 0 1 0.026 0 -0.026 1 3032.dat
1 0 40 -275.04 -34.124 0 0 1 -0.026 1 0 -1 -0.026 0 2412.dat
1 0 -60 -275.04 -34.124 0 0 1 -0.026 1 0 -1 -0.026 0 2412.dat
1 14 -10 -275.04 -34.124 -1 0 0 0 1 -0.026 0 -0.026 -1 87079.dat
1 14 -30 -275.82 -64.124 -1 0 0 0 1 -0.026 0 -0.026 -1 3710.dat
1 14 -50 -260.6 -94.54 1 0 0 0 1 0.026 0 -0.026 1 15068.dat
1 14 -10 -260.6 -94.54 1 0 0 0 1 0.026 0 -0.026 1 15068.dat
1 14 30 -260.6 -94.54 1 0 0 0 1 0.026 0 -0.026 1 15068.dat
