0 Main
0 Name: 8856-1 - Whirlwind Rescue.mpd
0 Author: LTRON
1 7 20 0.18 20 0.975 -0.223 0 0.223 0.975 0.009 -0.002007 -0.008775 1 4273.dat
1 7 20 -0.18 -20 -0.975 -0.223 0 -0.223 0.975 -0.009 0.002007 -0.008775 -1 4273.dat
1 7 -20 -0.18 -20 -1 0 0 0 1 -0.009 0 -0.009 -1 4273.dat
1 7 -20 0.18 20 1 0 0 0 1 0.009 0 -0.009 1 4273.dat
1 0 20 0 0 -0.975 -0.223 0 -0.223 0.975 -0.009 0.002007 -0.008775 -1 3704.dat
1 0 -30 0 0 -1 0 0 0 1 -0.009 0 -0.009 -1 2780.dat
1 7 34.624 3.338 -0.03 0 -0.223 0.975 -0.009 0.975 0.223 -1 -0.008775 -0.002007 4265.dat
1 7 0 -232.1992 787.9055 1 0 0 0 0.64493 -0.764258 0 0.764258 0.64493 3712.dat
1 7 0 -197.4557 740.9839 0 1 0 0.919618 0 0.393756 0.393756 0 -0.919618 3712.dat
1 7 0 -209.2715 768.5576 1 0 0 0 0.919618 -0.393756 0 0.393756 0.919618 3326.dat
1 7 5.376 -3.338 0.03 0 -0.223 -0.975 0.009 0.975 -0.223 1 -0.008775 0.002007 4265.dat
1 0 -20 0.45 50 0 0 -1 0.009 1 0 1 -0.009 0 3705.dat
1 0 20 0.81 90 0 -0.223 -0.975 0.009 0.975 -0.223 1 -0.008775 0.002007 3707.dat
1 0 -20 -0.81 -90 0 0 -1 0.009 1 0 1 -0.009 0 3707.dat
1 7 0 -178.0297 665.022 -1 0 0 0 1 -0.009 0 -0.009 -1 3712.dat
1 7 0 -189.5785 722.6016 0 -1 0 0.919618 0 -0.393756 0.393756 0 0.919618 3712.dat
1 7 0 -177.7597 695.022 -1 0 0 0 0.919618 0.393756 0 0.393756 -0.919618 3326.dat
1 0 20 -1.17 -130 0 -0.223 -0.975 0.009 0.975 -0.223 1 -0.008775 0.002007 3708.dat
1 4 0 -10.45 -49.91 -1 0 0 0 1 -0.009 0 -0.009 -1 3894.dat
1 4 0 -9.55 50.09 -1 0 0 0 1 -0.009 0 -0.009 -1 3894.dat
1 4 0 13.55 -50.126 -1 0 0 0 1 -0.009 0 -0.009 -1 4477.dat
1 4 0 14.45 49.874 -1 0 0 0 1 -0.009 0 -0.009 -1 4477.dat
1 7 20 -0.585 -65 -0.975 -0.223 0 -0.223 0.975 -0.009 0.002007 -0.008775 -1 4265.dat
1 7 20 -0.855 -95 0.975 -0.223 0 0.223 0.975 0.009 -0.002007 -0.008775 1 4265.dat
1 7 20 -0.72 -80 0.975 -0.223 0 0.223 0.975 0.009 -0.002007 -0.008775 1 3648.dat
1 7 -20 0.585 65 -1 0 0 0 1 -0.009 0 -0.009 -1 4265.dat
1 7 -20 0.72 80 1 0 0 0 -1 -0.009 0 0.009 -1 4273.dat
1 7 -28 0.9 100 1 0 0 0 -1 -0.009 0 0.009 -1 2736.dat
1 7 -16 0.9 100 0 0 -1 -0.009 -1 0 -1 0.009 0 4265.dat
1 4 0 -10.99 -109.91 -1 0 0 0 1 -0.009 0 -0.009 -1 3894.dat
1 4 -20 -11.17 -129.91 -1 0 0 0 1 -0.009 0 -0.009 -1 3700.dat
1 4 0 12.92 -120.126 -1 0 0 0 1 -0.009 0 -0.009 -1 3738.dat
1 7 -20 -1.305 -145 1 0 0 0 1 0.009 0 -0.009 1 4265.dat
1 4 0 15.17 129.874 -1 0 0 0 1 -0.009 0 -0.009 -1 3460.dat
1 4 0 -8.83 130.09 -1 0 0 0 1 -0.009 0 -0.009 -1 3894.dat
1 0 -25.5 -1.62 -180 1 0 0 0 1 0.009 0 -0.009 1 4519.dat
1 7 -31 -21.62 -179.82 1 0 0 0 0.009 -1 0 1 0.009 4273.dat
1 7 -31 18.38 -180.18 -1 0 0 0 0.009 1 0 1 -0.009 4273.dat
1 7 -31 28.38 -180.27 0 0 -1 -1 0.009 0 0.009 1 0 2736.dat
1 7 -20 -1.44 -160 -1 0 0 0 -1 0.009 0 0.009 1 4273.dat
1 7 -5 -1.62 -180 0 0 1 0.009 -1 0 1 0.009 0 4265.dat
1 7 -46 -1.62 -180 0 0 -1 -0.009 -1 0 -1 0.009 0 4265.dat
1 4 0 -12.07 -229.91 1 0 0 0 1 0.009 0 -0.009 1 3701.dat
1 4 0 11.93 -230.126 -1 0 0 0 1 -0.009 0 -0.009 -1 3460.dat
1 7 20 -2.187 -243 0.975 -0.223 0 0.223 0.975 0.009 -0.002007 -0.008775 1 4143.dat
1 7 20 1.35 150 0.975 -0.223 0 0.223 0.975 0.009 -0.002007 -0.008775 1 3648.dat
1 4 -70 -11.08 -119.91 0 0 -1 0.009 1 0 1 -0.009 0 3895.dat
1 4 -70 -8.92 120.09 0 0 -1 0.009 1 0 1 -0.009 0 3895.dat
1 0 -60 -1.98 -220 1 0 0 0 1 0.009 0 -0.009 1 2780.dat
1 0 -60 -2.7 -300 1 0 0 0 0.713754 0.70048 0 -0.70048 0.713754 2780.dat
1 0 -80 -0.18 -20 1 0 0 0 1 0.009 0 -0.009 1 2780.dat
1 0 -80 -0.36 -40 1 0 0 0 1 0.009 0 -0.009 1 2780.dat
1 0 -80 0.18 20 1 0 0 0 1 0.009 0 -0.009 1 2780.dat
1 0 -80 0.36 40 1 0 0 0 1 0.009 0 -0.009 1 2780.dat
1 4 -90 -10 0.09 0 0 -1 0.009 1 0 1 -0.009 0 3894.dat
1 4 -50 -12.34 -259.91 0 0 -1 0.009 1 0 1 -0.009 0 3894.dat
1 0 0 1.62 180 1 0 0 0 0.912753 -0.408819 0 0.408819 0.912753 3737.dat
1 7 -50 1.62 180 0 0 1 0.408819 0.912753 0 -0.912753 0.408819 0 3713.dat
1 7 -35 1.62 180 0 0 1 0.408819 0.912753 0 -0.912753 0.408819 0 4265.dat
1 7 -12 1.62 180 0 0 1 -0.408819 -0.912753 0 0.912753 -0.408819 0 3650.dat
1 7 50 1.62 180 0 0 -1 -0.408819 0.912753 0 0.912753 0.408819 0 3713.dat
1 0 -80 0.9 100 1 0 0 0 1 0.009 0 -0.009 1 2780.dat
1 0 -80 -0.72 -80 1 0 0 0 1 0.009 0 -0.009 1 2780.dat
1 7 -80 -1.8 -200 -1 0 0 0 1 -0.009 0 -0.009 -1 4274.dat
1 4 70 -8.92 120.09 0 0 -1 0.009 1 0 1 -0.009 0 3895.dat
1 4 70 -11.08 -119.91 0 0 -1 0.009 1 0 1 -0.009 0 3895.dat
1 4 90 -10 0.09 0 0 -1 0.009 1 0 1 -0.009 0 3894.dat
1 0 80 0.36 40 1 0 0 0 1 0.009 0 -0.009 1 2780.dat
1 0 80 0.18 20 1 0 0 0 1 0.009 0 -0.009 1 2780.dat
1 0 80 -0.18 -20 1 0 0 0 1 0.009 0 -0.009 1 2780.dat
1 0 80 -0.36 -40 1 0 0 0 1 0.009 0 -0.009 1 2780.dat
1 0 80 0.9 100 1 0 0 0 1 0.009 0 -0.009 1 2780.dat
1 0 80 -0.72 -80 1 0 0 0 1 0.009 0 -0.009 1 2780.dat
1 7 80 -1.8 -200 1 0 0 0 1 0.009 0 -0.009 1 4274.dat
1 4 50 -12.34 -259.91 0 0 -1 0.009 1 0 1 -0.009 0 3894.dat
1 0 60 -1.98 -220 1 0 0 0 1 0.009 0 -0.009 1 2780.dat
1 0 60 -2.7 -300 1 0 0 0 0.713754 0.70048 0 -0.70048 0.713754 2780.dat
1 0 0 -2.34 -260 1 0 0 0 0.977007 -0.214225 0 0.214225 0.977007 3706.dat
1 0 0 56.2762 -247.1755 1 0 0 0 -0.214225 -0.977007 0 0.977007 -0.214225 3705.dat
1 7 -5 26.9681 -253.5872 0 -1 0 0.977007 0 -0.214225 0.214225 0 0.977007 4263.dat
1 7 0 -2.34 -260 0 0 1 0.977007 -0.214225 0 0.214225 0.977007 0 4265.dat
1 7 0 56.2762 -247.1755 0 0 1 0.977007 -0.214225 0 0.214225 0.977007 0 4265.dat
1 7 5 26.9681 -253.5872 0 1 0 0.977007 0 0.214225 0.214225 0 -0.977007 4263.dat
1 7 -16 -2.34 -260 0 0 1 0.977007 -0.214225 0 0.214225 0.977007 0 4265.dat
1 7 16 -2.34 -260 0 0 -1 -0.977007 -0.214225 0 -0.214225 0.977007 0 4265.dat
1 7 -32 -2.34 -260 0 0 1 0.977007 -0.214225 0 0.214225 0.977007 0 3713.dat
1 7 37 -2.34 -260 0 0 1 0.977007 -0.214225 0 0.214225 0.977007 0 4143.dat
1 15 23 56.2762 -247.1755 0 0 1 0.214225 0.977007 0 -0.977007 0.214225 0 3482.dat
1 256 23 56.2762 -247.1755 0 0 1 0.214225 0.977007 0 -0.977007 0.214225 0 3483.dat
1 15 -23 56.2762 -247.1755 0 0 1 0.214225 0.977007 0 -0.977007 0.214225 0 3482.dat
1 256 -23 56.2762 -247.1755 0 0 1 0.214225 0.977007 0 -0.977007 0.214225 0 3483.dat
1 4 -90 15.98 219.874 1 0 0 0 1 0.009 0 -0.009 1 3021.dat
1 4 -110 -8.02 220.09 0 0 -1 0.009 1 0 1 -0.009 0 3700.dat
1 4 90 15.98 219.874 -1 0 0 0 1 -0.009 0 -0.009 -1 3021.dat
1 4 110 -8.02 220.09 0 0 1 -0.009 1 0 -1 -0.009 0 3700.dat
1 4 0 -16.83 130.162 -1 0 0 0 1 -0.009 0 -0.009 -1 3460.dat
1 4 0 -17.55 50.162 -1 0 0 0 1 -0.009 0 -0.009 -1 4477.dat
1 4 0 -18.45 -49.838 -1 0 0 0 1 -0.009 0 -0.009 -1 4477.dat
1 4 70 -18.72 -79.838 0 0 1 -0.009 1 0 -1 -0.009 0 3023.dat
1 4 -70 -18.72 -79.838 0 0 1 -0.009 1 0 -1 -0.009 0 3023.dat
1 4 0 -19.08 -119.838 -1 0 0 0 1 -0.009 0 -0.009 -1 3738.dat
1 4 0 -19.35 -149.838 -1 0 0 0 1 -0.009 0 -0.009 -1 3460.dat
1 4 0 -20.07 -229.838 -1 0 0 0 1 -0.009 0 -0.009 -1 3460.dat
1 0 110 19.8731 188.1754 0 0 -1 -0.912753 -0.408819 0 -0.408819 0.912753 0 4519.dat
1 7 110 38.1281 196.3518 1 0 0 0 -0.408819 -0.912753 0 0.912753 -0.408819 3651.dat
1 7 110 19.8731 188.1754 -1 0 0 0 -0.408819 0.912753 0 0.912753 0.408819 3713.dat
1 7 90 1.618 179.999 0 0 -1 -0.912753 -0.408819 0 -0.408819 0.912753 0 4273.dat
1 7 120 56.3832 204.5282 1 0 0 0 0.408819 0.912753 0 -0.912753 0.408819 3749.dat
1 7 110 -2.033 178.3637 1 0 0 0 0.408819 0.912753 0 -0.912753 0.408819 4265.dat
1 0 -110 19.8731 188.1754 0 0 -1 -0.912753 -0.408819 0 -0.408819 0.912753 0 4519.dat
1 7 -110 38.1281 196.3518 1 0 0 0 -0.408819 -0.912753 0 0.912753 -0.408819 3651.dat
1 7 -110 19.8731 188.1754 -1 0 0 0 -0.408819 0.912753 0 0.912753 0.408819 3713.dat
1 7 -90 1.618 179.999 0 0 1 -0.912753 0.408819 0 -0.408819 -0.912753 0 4273.dat
1 7 -120 56.3832 204.5282 -1 0 0 0 0.408819 -0.912753 0 -0.912753 -0.408819 3749.dat
1 7 -110 -2.033 178.3637 1 0 0 0 0.408819 0.912753 0 -0.912753 0.408819 4265.dat
1 4 50 -45.7097 308.4673 0 0 -1 -0.38472 0.923537 0 0.923537 0.38472 0 3895.dat
1 4 -50 -45.7097 308.4673 0 0 -1 -0.38472 0.923537 0 0.923537 0.38472 0 3895.dat
1 0 110 1.98 220 -1 0 0 0 1 -0.009 0 -0.009 -1 3707.dat
1 0 -110 1.98 220 -1 0 0 0 1 -0.009 0 -0.009 -1 3707.dat
1 7 -35 1.98 220 0 0 1 -0.009 1 0 -1 -0.009 0 4265.dat
1 7 35 1.98 220 0 0 -1 0.009 1 0 1 -0.009 0 4265.dat
1 0 -40 -59.5538 367.7017 1 0 0 0 0.923537 -0.38472 0 0.38472 0.923537 2780.dat
1 0 40 -59.5538 367.7017 1 0 0 0 0.923537 -0.38472 0 0.38472 0.923537 2780.dat
1 4 120 -9.37 70.09 1 0 0 0 1 0.009 0 -0.009 1 3701.dat
1 4 120 14.63 69.874 1 0 0 0 1 0.009 0 -0.009 1 3666.dat
1 4 -120 -9.37 70.09 1 0 0 0 1 0.009 0 -0.009 1 3701.dat
1 4 -120 14.63 69.874 1 0 0 0 1 0.009 0 -0.009 1 3666.dat
1 4 140 -8.02 220.09 1 0 0 0 1 0.009 0 -0.009 1 2817.dat
1 4 -140 -8.02 220.09 1 0 0 0 1 0.009 0 -0.009 1 2817.dat
1 15 130 56.3802 204.5262 0 0 1 0.408819 0.912753 0 -0.912753 0.408819 0 3482.dat
1 256 130 56.3802 204.5262 0 0 1 0.408819 0.912753 0 -0.912753 0.408819 0 3483.dat
1 15 -130 56.3802 204.5262 0 0 1 0.408819 0.912753 0 -0.912753 0.408819 0 3482.dat
1 256 -130 56.3802 204.5262 0 0 1 0.408819 0.912753 0 -0.912753 0.408819 0 3483.dat
1 4 170 15.26 139.874 0 0 -1 0.009 1 0 1 -0.009 0 3666.dat
1 4 170 -8.2 200.09 0 0 -1 0.009 1 0 1 -0.009 0 2744.dat
1 4 170 -9.46 60.09 0 0 1 -0.009 1 0 -1 -0.009 0 2743.dat
1 4 170 -16.74 140.162 0 0 -1 0.009 1 0 1 -0.009 0 3666.dat
1 4 120 -17.37 70.162 1 0 0 0 1 0.009 0 -0.009 1 3666.dat
1 4 -170 15.26 139.874 0 0 -1 0.009 1 0 1 -0.009 0 3666.dat
1 4 -170 -8.2 200.09 0 0 -1 0.009 1 0 1 -0.009 0 2744.dat
1 4 -170 -9.46 60.09 0 0 1 -0.009 1 0 -1 -0.009 0 2743.dat
1 4 -170 -16.74 140.162 0 0 -1 0.009 1 0 1 -0.009 0 3666.dat
1 4 -120 -17.37 70.162 1 0 0 0 1 0.009 0 -0.009 1 3666.dat
1 7 185 1.98 220 0 0 1 -0.009 1 0 -1 -0.009 0 4265.dat
1 7 -185 1.98 220 0 0 -1 0.009 1 0 1 -0.009 0 4265.dat
1 7 -20 31.1 -100.288 0 0 -1 0.009 1 0 1 -0.009 0 4274.dat
1 7 0 -144 1.296 0 0 1 1 0.009 0 -0.009 1 0 4274.dat
1 4 0 21.01 -110.198 1 0 0 0 1 0.009 0 -0.009 1 3701.dat
1 4 0 44.92 -120.414 1 0 0 0 1 0.009 0 -0.009 1 3795.dat
1 7 -28.889 38.4985 -171.3083 -0.974 -0.222 -0.035 -0.009975 0.198423 -0.979836 0.225108 -0.954863 -0.195198 342.dat
1 7 0 -200.4975 1.8545 0 0 1 0.009 -1 0 1 0.009 0 342.dat
1 4 50 20.92 -120.198 0 0 -1 0.009 1 0 1 -0.009 0 3660.dat
1 4 -50 20.92 -120.198 0 0 1 -0.009 1 0 -1 -0.009 0 3660.dat
1 4 0 47.17 129.586 1 0 0 0 1 0.009 0 -0.009 1 3666.dat
1 4 0 23.17 129.802 1 0 0 0 1 0.009 0 -0.009 1 3701.dat
1 0 -31 -51.62 -179.55 0 -1 0 1 0 0.009 -0.009 0 1 3705.dat
1 7 -31 -81.62 -179.28 0 -1 0 -0.009 0 1 -1 0 -0.009 3713.dat
1 34 -180 0.72 80 0 -1 0 -0.009 0 1 -1 0 -0.009 6141.dat
1 36 180 0.72 80 0 1 0 -0.009 0 -1 -1 0 0.009 6141.dat
1 4 70 -25.1 100.234 0 0 1 -0.009 1 0 -1 -0.009 0 3710.dat
1 4 -70 -25.1 100.234 0 0 1 -0.009 1 0 -1 -0.009 0 3710.dat
1 4 70 -26.63 -69.766 0 0 1 -0.009 1 0 -1 -0.009 0 3623.dat
1 4 -70 -26.63 -69.766 0 0 1 -0.009 1 0 -1 -0.009 0 3623.dat
1 4 0 -26.45 -49.766 1 0 0 0 1 0.009 0 -0.009 1 3666.dat
1 4 -50 -25.55 50.234 -1 0 0 0 1 -0.009 0 -0.009 -1 3623.dat
1 7 -70 -49.01 110.45 1 0 0 0 1 0.009 0 -0.009 1 3005.dat
1 7 70 -49.1 100.45 0 0 1 -0.009 1 0 -1 -0.009 0 3700.dat
1 7 60 -50.45 -49.55 -1 0 0 0 1 -0.009 0 -0.009 -1 3700.dat
1 7 -70 -50 0.45 0 0 -1 0.009 1 0 1 -0.009 0 2730.dat
1 0 -92 -40.18 -19.64 1 0 0 0 0.977007 -0.214225 0 0.214225 0.977007 3705.dat
1 7 -57 -40.18 -19.64 0 0 -1 -0.214225 0.977007 0 0.977007 0.214225 0 4143.dat
1 7 -90 -40.18 -19.64 0 0 -1 -0.214225 0.977007 0 0.977007 0.214225 0 4019.dat
1 7 -105 -40.18 -19.64 0 0 -1 0.009 1 0 1 -0.009 0 4265.dat
1 7 -80 -39.64 40.36 1 0 0 0 1 0.009 0 -0.009 1 3673.dat
1 0 0 -40.72 -79.64 1 0 0 0 0.983719 -0.182162 0 0.182162 0.983719 3708.dat
1 7 -10 -40.72 -79.64 0 0 1 0.182162 0.983719 0 -0.983719 0.182162 0 3713.dat
1 7 50 -40.72 -79.64 0 0 -1 -0.182162 0.983719 0 0.983719 0.182162 0 3713.dat
1 0 20 -40.72 -79.64 0 0 -1 0.983719 0.182162 0 0.182162 -0.983719 0 4716.dat
1 7 -118 -59.7191 -23.9145 1 0 0 0 0.977007 -0.214225 0 0.214225 0.977007 4274.dat
1 7 70 -50.72 -79.55 0 0 -1 0.009 1 0 1 -0.009 0 3700.dat
1 4 70 -9.578 -321.2778 0 0 -1 -0.70048 -0.713754 0 -0.713754 0.70048 0 3701.dat
1 0 60 -30.7301 -328.5421 1 0 0 0 0.713754 0.70048 0 -0.70048 0.713754 2780.dat
1 4 -70 -9.578 -321.2778 0 0 1 0.70048 -0.713754 0 0.713754 0.70048 0 3701.dat
1 0 -60 -30.7301 -328.5421 1 0 0 0 0.713754 0.70048 0 -0.70048 0.713754 2780.dat
1 7 -40 -8.6 100.0855 0 0 -1 0.009 1 0 1 -0.009 0 342.dat
1 7 -40 -306.6 102.7675 0 0 1 0.009 -1 0 1 0.009 0 342.dat
1 0 -40 -40 0.36 0 0 -1 0.009 1 0 1 -0.009 0 3706.dat
1 7 -40 -40.333 -36.64 -1 0 0 0 1 -0.009 0 -0.009 -1 4143.dat
1 7 -40 -39.685 35.36 -1 0 0 0 1 -0.009 0 -0.009 -1 4265.dat
1 7 -40 -39.802 22.36 1 0 0 0 1 0.009 0 -0.009 1 4265.dat
1 7 -40 -50.45 -49.55 1 0 0 0 1 0.009 0 -0.009 1 3700.dat
1 7 -40 -49.55 50.45 1 0 0 0 1 0.009 0 -0.009 1 3700.dat
1 7 0 -57.1 100.522 1 0 0 0 1 0.009 0 -0.009 1 3738.dat
1 7 0 -65.1 100.594 1 0 0 0 1 0.009 0 -0.009 1 3738.dat
1 7 -40 -67.1 100.612 0 1 0 -1 0 0.009 0.009 0 1 4274.dat
1 7 -70 -89.1 100.81 0 0 1 -0.009 1 0 -1 -0.009 0 3700.dat
1 7 -10 -89.1 100.81 0 0 1 -0.009 1 0 -1 -0.009 0 3700.dat
1 7 10 -89.1 100.81 0 0 1 -0.009 1 0 -1 -0.009 0 3700.dat
1 7 70 -89.1 100.81 0 0 1 -0.009 1 0 -1 -0.009 0 3700.dat
1 0 -90 -63.5113 -3.5757 0 -1 0 0.476947 0 -0.878779 0.878779 0 0.476947 3705.dat
1 7 -90 -58.7419 5.2121 -1 0 0 0 -0.878779 0.476947 0 0.476947 0.878779 3713.dat
1 7 -90 -49.2029 22.7876 1 0 0 0 -0.878779 -0.476947 0 0.476947 -0.878779 3651.dat
1 7 -50 -57.55 50.522 1 0 0 0 1 0.009 0 -0.009 1 3623.dat
1 7 50 -74.45 -49.334 1 0 0 0 1 0.009 0 -0.009 1 3005.dat
1 7 -50 -74.45 -49.334 1 0 0 0 1 0.009 0 -0.009 1 3005.dat
1 7 70 -74.45 -49.334 1 0 0 0 1 0.009 0 -0.009 1 4286.dat
1 7 -70 -74.45 -49.334 1 0 0 0 1 0.009 0 -0.009 1 4286.dat
1 4 50 -62.5981 -302.3601 0 0 -1 -0.595827 0.802427 0 0.802427 0.595827 0 3894.dat
1 4 -50 -62.5981 -302.3601 0 0 -1 -0.595827 0.802427 0 0.802427 0.595827 0 3894.dat
1 0 60 -54.5678 -296.4019 1 0 0 0 0.802427 -0.595827 0 0.595827 0.802427 2780.dat
1 0 60 -66.4843 -280.3434 1 0 0 0 0.802427 -0.595827 0 0.595827 0.802427 2780.dat
1 0 -60 -66.4843 -280.3434 1 0 0 0 0.802427 -0.595827 0 0.595827 0.802427 2780.dat
1 0 -60 -54.5678 -296.4019 1 0 0 0 0.802427 -0.595827 0 0.595827 0.802427 2780.dat
1 4 70 -86.429 -270.2421 0 0 -1 -0.595827 0.802427 0 0.802427 0.595827 0 3894.dat
1 4 -70 -86.429 -270.2421 0 0 -1 -0.595827 0.802427 0 0.802427 0.595827 0 3894.dat
1 0 80 -102.2306 -232.1658 1 0 0 0 0.802427 -0.595827 0 0.595827 0.802427 2780.dat
1 0 -80 -102.2306 -232.1658 1 0 0 0 0.802427 -0.595827 0 0.595827 0.802427 2780.dat
1 7 80 -78.4017 -264.2859 1 0 0 0 0.283649 -0.958525 0 0.958525 0.283649 4274.dat
1 7 -80 -78.3997 -264.2839 -1 0 0 0 0.802427 0.595827 0 0.595827 -0.802427 4274.dat
1 7 0 -97.1 100.882 1 0 0 0 1 0.009 0 -0.009 1 3738.dat
1 7 -70 -105.1 100.954 0 0 1 -0.009 1 0 -1 -0.009 0 3023.dat
1 7 30 -105.1 100.954 0 0 1 -0.009 1 0 -1 -0.009 0 3023.dat
1 7 70 -105.1 100.954 0 0 1 -0.009 1 0 -1 -0.009 0 3023.dat
1 0 70 -119.1 101.08 1 0 0 0 0.995163 0.101964 0 -0.101964 0.995163 3706.dat
1 7 30 -129.1 101.17 0 0 1 -0.009 1 0 -1 -0.009 0 3700.dat
1 7 70 -129.1 101.17 0 0 1 -0.009 1 0 -1 -0.009 0 3700.dat
1 7 50 -119.1 101.08 0 0 1 -0.100964 0.995172 0 -0.995172 -0.100964 0 3713.dat
1 7 17 -119.1 101.08 0 0 1 -0.101973 0.996163 0 -0.996163 -0.101973 0 4143.dat
1 7 -70 -129.1 101.17 0 0 1 -0.009 1 0 -1 -0.009 0 3700.dat
1 7 30 -137.1 101.242 0 0 1 -0.009 1 0 -1 -0.009 0 3023.dat
1 7 70 -137.1 101.242 0 0 1 -0.009 1 0 -1 -0.009 0 3023.dat
1 7 -70 -137.1 101.242 0 0 1 -0.009 1 0 -1 -0.009 0 3023.dat
1 4 88 -40.0994 -232.1459 0 -1 0 0.76585 0 -0.64316 0.64316 0 0.76585 4262.dat
1 4 -88 -40.0994 -232.1459 0 1 0 -0.76585 0 -0.64316 -0.64316 0 0.76585 4262.dat
1 7 0 -98.45 -49.118 1 0 0 0 1 0.009 0 -0.009 1 3702.dat
1 0 40 -88.45 -49.208 0 -0.017 1 -0.009 1 0.017 -1 -0.009 -0.000153 3705.dat
1 7 40 -88.585 -64.208 -1 -0.017 0 -0.017 1 -0.009 0.000153 -0.009 -1 4265.dat
1 7 99.991 -87.254 -29.2171 -0.017 0 -1 1 -0.009 -0.017 -0.009 -1 0.000153 2825.dat
1 7 40 -88.72 -79.208 -1 -0.017 0 -0.017 1 -0.009 0.000153 -0.009 -1 4019.dat
1 7 40 -88.18 -19.208 -1 -0.017 0 -0.017 1 -0.009 0.000153 -0.009 -1 3713.dat
1 7 99.991 -87.164 -19.2171 0 -1 -0.017 -0.009 -0.017 1 -1 0.000153 -0.009 3749.dat
1 7 60 -106.45 -49.046 1 0 0 0 1 0.009 0 -0.009 1 3023.dat
1 7 -60 -106.45 -49.046 1 0 0 0 1 0.009 0 -0.009 1 3023.dat
1 7 60 -130.45 -48.83 1 0 0 0 1 0.009 0 -0.009 1 3700.dat
1 7 -60 -130.45 -48.83 1 0 0 0 1 0.009 0 -0.009 1 3700.dat
1 7 -60 -138.45 -48.758 1 0 0 0 1 0.009 0 -0.009 1 3023.dat
1 7 60 -138.45 -48.758 1 0 0 0 1 0.009 0 -0.009 1 3023.dat
1 7 0 -146.36 -38.686 1 0 0 0 1 0.009 0 -0.009 1 3738.dat
1 7 111.584 -103.371 -9.0705 0 0.815 0.58 -0.009 0.58 -0.815 -1 -0.00522 0.007335 3651.dat
1 0 128.973 -127.817 -8.8505 -0.58 0.815 0 0.815 0.58 -0.009 -0.007335 -0.00522 -1 3705.dat
1 7 146.363 -152.263 -8.6304 0 0.815 -0.58 0.009 0.58 0.815 1 -0.00522 -0.007335 3651.dat
1 7 0 -145.1 101.314 1 0 0 0 1 0.009 0 -0.009 1 3738.dat
1 7 -20 -153.1 101.386 1 0 0 0 1 0.009 0 -0.009 1 3709.dat
1 7 40 -153.1 101.386 1 0 0 0 1 0.009 0 -0.009 1 3022.dat
1 0 0 -209.1 101.89 0 -0.991 -0.13 1 -0.00117 0.008919 -0.009 -0.13 0.991 3708.dat
1 7 0 -136.1 101.233 0.131 -0.991 0 0.008919 0.001179 -1 0.991 0.131 0.009 4143.dat
1 7 0 -165.1 101.494 -0.13 -0.991 0 0.008919 -0.00117 -1 0.991 -0.13 0.009 3650.dat
1 1 -40 -19.17 -129.838 1 0 0 0 1 0.009 0 -0.009 1 2717.dat
1 1 40 -19.17 -129.838 1 0 0 0 1 0.009 0 -0.009 1 2717.dat
1 0 0 -41.08 -119.64 1 0 0 0 1 0.009 0 -0.009 1 2780.dat
1 4 0 -154.18 -18.614 0 0 -1 0.009 1 0 1 -0.009 0 3709.dat
1 4 0 -162.18 -18.542 0 0 -1 0.009 1 0 1 -0.009 0 3709.dat
1 4 0 -170.45 -48.47 1 0 0 0 1 0.009 0 -0.009 1 3023.dat
1 4 0 -61.2005 -263.9726 -1 0 0 0 0.802427 0.595827 0 0.595827 -0.802427 3460.dat
1 4 0 -67.6199 -268.7392 -1 0 0 0 0.802427 0.595827 0 0.595827 -0.802427 3023.dat
1 4 0 -74.0394 -273.5059 -1 0 0 0 0.802427 0.595827 0 0.595827 -0.802427 3023.dat
1 4 0 -80.4588 -278.2725 -1 0 0 0 0.802427 0.595827 0 0.595827 -0.802427 2436.dat
1 4 0 -77.5184 -248.7025 -1 0 0 0 0.595827 -0.802427 0 -0.802427 -0.595827 3709.dat
1 4 0 -82.285 -242.2831 -1 0 0 0 0.595827 -0.802427 0 -0.802427 -0.595827 3709.dat
1 0 0 -87.0517 -235.8637 -1 0 0 0 0.595827 -0.802427 0 -0.802427 -0.595827 3022.dat
1 0 40 -87.0517 -235.8637 -1 0 0 0 0.595827 -0.802427 0 -0.802427 -0.595827 3068.dat
1 0 -40 -87.0517 -235.8637 -1 0 0 0 0.595827 -0.802427 0 -0.802427 -0.595827 3068.dat
1 4 -0.02 -45.1915 -339.2348 1 0 0 0 0.802427 -0.595827 0 0.595827 0.802427 3795.dat
1 4 0.028 -92.8484 -275.0057 1 0 0 0 0.802427 -0.595827 0 0.595827 0.802427 3738.dat
1 4 -50 -170 1.53 0 0 1 -0.009 1 0 -1 -0.009 0 3894.dat
1 4 -70 -168.92 121.53 0 0 -1 0.009 1 0 1 -0.009 0 3895.dat
1 0 -60 -159.82 21.44 1 0 0 0 1 0.009 0 -0.009 1 2780.dat
1 0 -60 -159.64 41.44 1 0 0 0 1 0.009 0 -0.009 1 2780.dat
1 0 -80 -159.1 101.44 1 0 0 0 1 0.009 0 -0.009 1 2780.dat
1 0 -60 -158.2 201.44 1 0 0 0 1 0.009 0 -0.009 1 2780.dat
1 0 -60 -158.02 221.44 1 0 0 0 1 0.009 0 -0.009 1 2780.dat
1 4 -50 -167.48 281.53 0 0 1 -0.009 1 0 -1 -0.009 0 2730.dat
1 0 -40 -156.94 341.44 1 0 0 0 1 0.009 0 -0.009 1 2780.dat
1 0 -40 -156.76 361.44 1 0 0 0 1 0.009 0 -0.009 1 2780.dat
1 0 -40 -157.84 241.44 1 0 0 0 1 0.009 0 -0.009 1 2780.dat
1 0 -60 -160.18 -18.56 1 0 0 0 1 0.009 0 -0.009 1 2780.dat
1 0 -60 -160.36 -38.56 1 0 0 0 1 0.009 0 -0.009 1 2780.dat
1 4 -70 -170.9 -98.47 0 0 1 -0.009 1 0 -1 -0.009 0 2730.dat
1 0 -80 -161.62 -178.56 1 0 0 0 1 0.009 0 -0.009 1 2780.dat
1 0 -80 -160.72 -78.56 1 0 0 0 1 0.009 0 -0.009 1 2780.dat
1 4 50 -170 1.53 0 0 1 -0.009 1 0 -1 -0.009 0 3894.dat
1 4 70 -168.92 121.53 0 0 -1 0.009 1 0 1 -0.009 0 3895.dat
1 0 60 -159.82 21.44 1 0 0 0 1 0.009 0 -0.009 1 2780.dat
1 0 60 -159.64 41.44 1 0 0 0 1 0.009 0 -0.009 1 2780.dat
1 0 80 -159.1 101.44 1 0 0 0 1 0.009 0 -0.009 1 2780.dat
1 0 60 -158.2 201.44 1 0 0 0 1 0.009 0 -0.009 1 2780.dat
1 0 60 -158.02 221.44 1 0 0 0 1 0.009 0 -0.009 1 2780.dat
1 4 50 -167.48 281.53 0 0 1 -0.009 1 0 -1 -0.009 0 2730.dat
1 0 40 -156.94 341.44 1 0 0 0 1 0.009 0 -0.009 1 2780.dat
1 0 40 -156.76 361.44 1 0 0 0 1 0.009 0 -0.009 1 2780.dat
1 0 40 -157.84 241.44 1 0 0 0 1 0.009 0 -0.009 1 2780.dat
1 0 60 -160.18 -18.56 1 0 0 0 1 0.009 0 -0.009 1 2780.dat
1 0 60 -160.36 -38.56 1 0 0 0 1 0.009 0 -0.009 1 2780.dat
1 4 70 -170.9 -98.47 0 0 1 -0.009 1 0 -1 -0.009 0 2730.dat
1 0 80 -161.62 -178.56 1 0 0 0 1 0.009 0 -0.009 1 2780.dat
1 0 80 -160.72 -78.56 1 0 0 0 1 0.009 0 -0.009 1 2780.dat
1 4 -90 -80.81 -89.28 0 0 -1 -1 0.009 0 0.009 1 0 2730.dat
1 4 -90 -79.01 110.72 0 0 1 -1 -0.009 0 0.009 -1 0 2730.dat
1 4 90 -79.01 110.72 0 0 1 -1 -0.009 0 0.009 -1 0 2730.dat
1 4 60 -176.2 201.602 0 0 1 -0.009 1 0 -1 -0.009 0 3020.dat
1 4 -60 -176.2 201.602 0 0 1 -0.009 1 0 -1 -0.009 0 3020.dat
1 4 70 -177.1 101.602 0 0 1 -0.009 1 0 -1 -0.009 0 3023.dat
1 4 -70 -177.1 101.602 0 0 1 -0.009 1 0 -1 -0.009 0 3023.dat
1 4 0 -179.53 -168.398 -1 0 0 0 1 -0.009 0 -0.009 -1 3460.dat
1 4 90 -138.6282 -212.7877 0 0 1 0.742033 0.669732 0 -0.669732 0.742033 0 3894.dat
1 4 -90 -138.6282 -212.7877 0 0 1 0.742033 0.669732 0 -0.669732 0.742033 0 3894.dat
1 4 -30 -116.5882 310.7134 0 0 1 -0.614155 0.789537 0 -0.789537 -0.614155 0 2730.dat
1 4 30 -116.5882 310.7134 0 0 1 -0.614155 0.789537 0 -0.789537 -0.614155 0 2730.dat
1 4 -10 -101.2441 542.501 0 0 -1 -0.117072 0.993134 0 0.993134 0.117072 0 3703.dat
1 4 10 -101.2441 542.501 0 0 -1 -0.117072 0.993134 0 0.993134 0.117072 0 3703.dat
1 0 0 -77.2641 424.4957 1 0 0 0 0.993134 -0.117072 0 0.117072 0.993134 2780.dat
1 0 0 -105.3614 662.8478 1 0 0 0 0.993134 -0.117072 0 0.117072 0.993134 2780.dat
1 0 20 -107.7028 682.7106 1 0 0 0 0.993134 -0.117072 0 0.117072 0.993134 2780.dat
1 0 -20 -107.7028 682.7106 1 0 0 0 0.993134 -0.117072 0 0.117072 0.993134 2780.dat
1 0 0 -74.9227 404.633 1 0 0 0 0.993134 -0.117072 0 0.117072 0.993134 3706.dat
1 7 30 -74.9227 404.633 0 0 -1 -0.117072 0.993134 0 0.993134 0.117072 0 3713.dat
1 7 -30 -74.9227 404.633 0 0 1 0.117072 0.993134 0 -0.993134 0.117072 0 3713.dat
1 4 0 -185.1 101.674 -1 0 0 0 1 -0.009 0 -0.009 -1 3738.dat
1 4 0 -193.1 101.746 -1 0 0 0 1 -0.009 0 -0.009 -1 3738.dat
1 0 0 -120.72 -78.92 1 0 0 0 1 0.009 0 -0.009 1 3708.dat
1 0 40 -120.72 -78.92 0 0 1 1 0.009 0 -0.009 1 0 4716.dat
1 7 10 -120.72 -78.92 0 0 -1 0.009 1 0 1 -0.009 0 3713.dat
1 7 70 -120.72 -78.92 0 0 -1 0.009 1 0 1 -0.009 0 3713.dat
1 7 90 -38.938 118.36 0 0 -1 1 -0.009 0 -0.009 -1 0 3023.dat
1 7 90 -38.866 126.36 0 0 -1 1 -0.009 0 -0.009 -1 0 2540.dat
1 7 -90 -38.938 118.36 0 0 1 -1 -0.009 0 0.009 -1 0 3023.dat
1 7 -90 -38.866 126.36 0 0 1 -1 -0.009 0 0.009 -1 0 2540.dat
1 7 -50 -184.2 201.674 0 0 1 -0.009 1 0 -1 -0.009 0 3710.dat
1 7 50 -184.2 201.674 0 0 1 -0.009 1 0 -1 -0.009 0 3710.dat
1 4 -30 -166.4 401.53 0 0 1 -0.009 1 0 -1 -0.009 0 3702.dat
1 4 30 -166.4 401.53 0 0 1 -0.009 1 0 -1 -0.009 0 3702.dat
1 7 50 -193.46 61.746 0 0 -1 0.009 1 0 1 -0.009 0 3039.dat
1 7 -50 -193.46 61.746 0 0 1 -0.009 1 0 -1 -0.009 0 3039.dat
1 7 0 -194.45 -48.254 -1 0 0 0 1 -0.009 0 -0.009 -1 3700.dat
1 7 50 -194.45 -48.254 1 0 0 0 1 0.009 0 -0.009 1 2357.dat
1 7 -50 -194.45 -48.254 0 0 -1 0.009 1 0 1 -0.009 0 2357.dat
1 0 80 -194.09 -8.254 1 0 0 0 1 0.009 0 -0.009 1 3701.dat
1 4 0 -79.9009 370.8671 1 0 0 0 0.789537 0.614155 0 -0.614155 0.789537 3710.dat
1 4 -10 -164.78 581.53 0 0 -1 0.009 1 0 1 -0.009 0 3703.dat
1 4 10 -164.78 581.53 0 0 -1 0.009 1 0 1 -0.009 0 3703.dat
1 0 0 -153.88 681.44 1 0 0 0 1 0.009 0 -0.009 1 2780.dat
1 0 0 -155.68 481.44 1 0 0 0 1 0.009 0 -0.009 1 2780.dat
1 0 20 -155.86 461.44 1 0 0 0 1 0.009 0 -0.009 1 2780.dat
1 0 20 -156.04 441.44 1 0 0 0 1 0.009 0 -0.009 1 2780.dat
1 0 -20 -156.04 441.44 1 0 0 0 1 0.009 0 -0.009 1 2780.dat
1 0 -20 -155.86 461.44 1 0 0 0 1 0.009 0 -0.009 1 2780.dat
1 0 20 -153.52 721.44 1 0 0 0 1 0.009 0 -0.009 1 2780.dat
1 0 -20 -153.52 721.44 1 0 0 0 1 0.009 0 -0.009 1 2780.dat
1 4 -70 -140.24 641.314 0 0 1 -0.009 1 0 -1 -0.009 0 2413.dat
1 4 0 -192.65 151.746 1 0 0 0 1 0.009 0 -0.009 1 3702.dat
1 4 0 -191.03 331.746 1 0 0 0 1 0.009 0 -0.009 1 3701.dat
1 0 0 -182.5899 158.339 0 0 1 -0.008253 1 0 -0.917 -0.009 0 3705.dat
1 7 0 -182.767 138.656 1 0 0 0 1 0.009 0 -0.009 1 4143.dat
1 7 0 -182.83 131.656 1 0 0 0 1 0.009 0 -0.009 1 4143.dat
1 7 0 -182.0648 216.679 0 1 0 1 0 -0.009 -0.009 0 -1 3712.dat
1 0 0 -181.1797 315.022 0 0 1 -0.009 1 0 -1 -0.009 0 3707.dat
1 0 0 -256.4599 62.327 -1 0 0 0 0.009 1 0 1 -0.009 2738.dat
1 0 0 -206.4612 61.838 -1 0 0 0 0.99855 -0.058991 0 -0.058991 -0.99855 4519.dat
1 0 20 -209.9975 1.94 0 1 0 -0.99855 0 0.058991 0.058991 0 0.99855 2825.dat
1 0 -20 -209.9975 1.94 0 -1 0 0.99855 0 0.058991 -0.058991 0 0.99855 2825.dat
1 0 0 -207.64 41.872 1 0 0 0 1 0.009 0 -0.009 1 3706.dat
1 7 35 -207.64 41.872 0 0 1 -0.009 1 0 -1 -0.009 0 4265.dat
1 7 -35 -207.64 41.872 0 0 -1 0.009 1 0 1 -0.009 0 4265.dat
1 0 0 -209.9975 1.94 1 0 0 0 0.99855 0.058991 0 -0.058991 0.99855 4519.dat
1 4 90 -80.81 -89.28 0 0 -1 -1 0.009 0 0.009 1 0 2730.dat
1 7 105 -119.1 101.08 0 0 1 0.995172 0.100964 0 -0.100964 0.995172 0 4265.dat
1 7 105 -120.72 -78.92 0 0 1 1 0.009 0 -0.009 1 0 4265.dat
1 7 105 -40.72 -79.64 0 0 1 0.983701 -0.180162 0 0.180162 0.983701 0 4265.dat
1 7 -105 -120.72 -78.92 0 0 -1 1 -0.009 0 -0.009 -1 0 4265.dat
1 7 -105 -40.72 -79.64 0 0 -1 0.980299 -0.197838 0 -0.197838 -0.980299 0 4265.dat
1 7 0 -218.45 -48.038 1 0 0 0 1 0.009 0 -0.009 1 3702.dat
1 7 120 -119.1 101.08 0 0 1 -0.10201 0.994934 0 -0.994934 -0.10201 0 3736.dat
1 7 130 -116.0453 130.9207 -1 0 0 0 0.994934 -0.10201 0 -0.10201 -0.994934 3673.dat
1 7 118 -45.347 -60.1478 -1 0 0 0 -0.983719 -0.182162 0 -0.182162 0.983719 4274.dat
1 7 -118 -121.9 -98.911 1 0 0 0 -1 -0.009 0 0.009 -1 4274.dat
1 4 40 -213.2349 790.2209 1 0 0 0 0.64493 -0.764258 0 0.764258 0.64493 3023.dat
1 4 30 -228.52 803.1196 1 0 0 0 0.64493 -0.764258 0 0.764258 0.64493 2420.dat
1 4 50 -236.3558 778.3281 0 0 -1 -0.764258 0.64493 0 0.64493 0.764258 0 3700.dat
1 4 30 -175.2151 726.7336 0 0 -1 -0.764258 0.64493 0 0.64493 0.764258 0 2730.dat
1 0 50 -229.9065 785.9706 1 0 0 0 0.799236 -0.601332 0 0.601332 0.799236 3705.dat
1 7 17 -229.9065 785.9706 0 0 1 0.601332 0.799236 0 -0.799236 0.601332 0 4143.dat
1 0 60 -208.54 -58.128 0 0 1 -0.009 1 0 -1 -0.009 0 2780.dat
1 0 -60 -208.54 -58.128 0 0 1 -0.009 1 0 -1 -0.009 0 2780.dat
1 0 -20 -208.54 -58.128 0 0 1 -0.009 1 0 -1 -0.009 0 2780.dat
1 0 20 -208.54 -58.128 0 0 1 -0.009 1 0 -1 -0.009 0 2780.dat
1 7 50 -217.64 41.962 0 0 1 -0.009 1 0 -1 -0.009 0 3702.dat
1 7 -50 -217.82 21.962 0 0 1 -0.009 1 0 -1 -0.009 0 3894.dat
1 7 50 -216.56 161.962 0 0 -1 0.009 1 0 1 -0.009 0 2744.dat
1 7 -50 -216.56 161.962 0 0 -1 0.009 1 0 1 -0.009 0 2744.dat
1 0 148.296 -171.149 -8.4605 0 -0.259 -0.966 0.009 0.966 -0.259 1 -0.008694 0.002331 2738.dat
1 0 100 -184.09 -8.344 0 0 -1 0.009 1 0 1 -0.009 0 4519.dat
1 0 157.956 -168.561 -8.4838 0 -0.259 -0.966 0.009 0.966 -0.259 1 -0.008694 0.002331 4519.dat
1 7 100 -183.865 16.656 1 0 0 0 1 0.009 0 -0.009 1 4265.dat
1 7 157.956 -168.336 16.5162 0.966 -0.259 0 0.259 0.966 0.009 -0.002331 -0.008694 1 4265.dat
1 7 157.956 -168.786 -33.4838 -0.966 -0.259 0 -0.259 0.966 -0.009 0.002331 -0.008694 -1 4265.dat
1 7 100 -184.315 -33.344 -1 0 0 0 1 -0.009 0 -0.009 -1 4265.dat
1 7 0 -226.45 -47.966 1 0 0 0 1 0.009 0 -0.009 1 3710.dat
1 7 50 -226.36 -37.966 0 0 1 -0.009 1 0 -1 -0.009 0 3069.dat
1 7 -50 -226.36 -37.966 0 0 1 -0.009 1 0 -1 -0.009 0 3069.dat
1 7 -50 -224.74 142.034 0 0 1 -0.009 1 0 -1 -0.009 0 3023.dat
1 7 -50 -225.46 62.034 0 0 1 -0.009 1 0 -1 -0.009 0 3023.dat
1 7 -50 -225.91 12.034 0 0 1 -0.009 1 0 -1 -0.009 0 3623.dat
1 7 50 -225.91 12.034 0 0 1 -0.009 1 0 -1 -0.009 0 3623.dat
1 7 50 -225.1 102.034 0 0 1 -0.009 1 0 -1 -0.009 0 3666.dat
1 7 0 -232.74 142.106 -1 0 0 0 1 -0.009 0 -0.009 -1 3795.dat
1 7 0 -240.92 122.178 0 0 1 -0.009 1 0 -1 -0.009 0 3709.dat
1 7 0 -302.1 102.727 0.13 -0.991 0 -0.008919 -0.00117 1 -0.991 -0.13 -0.009 4265.dat
1 0 0 -79.6055 444.3584 -1 0 0 0 0.009 1 0 1 -0.009 3705.dat
1 0 0 -154.96 561.44 -1 0 0 0 0.009 1 0 1 -0.009 3705.dat
1 0 0 -155.14 541.44 -1 0 0 0 0.009 1 0 1 -0.009 3705.dat
1 0 0 -103.0199 642.9852 -1 0 0 0 0.009 1 0 1 -0.009 3705.dat
1 7 25 -149.8525 569.4507 0 0 1 -0.84323 -0.537632 0 0.537632 -0.84323 0 342.dat
1 7 25 -108.0903 634.9511 0 0 -1 -0.84323 0.537632 0 0.537632 0.84323 0 342.dat
1 7 -25 -149.8525 569.4507 0 0 1 -0.84323 -0.537632 0 0.537632 -0.84323 0 342.dat
1 7 -25 -108.0903 634.9511 0 0 -1 -0.84323 0.537632 0 0.537632 0.84323 0 342.dat
1 7 25 -149.3075 533.9389 0 0 1 0.789589 -0.613944 0 0.613944 0.789589 0 342.dat
1 7 25 -85.4574 451.8217 0 0 -1 0.789589 0.613944 0 0.613944 -0.789589 0 342.dat
1 7 -25 -149.3075 533.9389 0 0 1 0.789589 -0.613944 0 0.613944 0.789589 0 342.dat
1 7 -25 -85.4574 451.8217 0 0 -1 0.789589 0.613944 0 0.613944 -0.789589 0 342.dat
1 7 35 -155.14 541.44 0 0 1 1 0.009 0 -0.009 1 0 4265.dat
1 7 35 -154.96 561.44 0 0 1 1 0.009 0 -0.009 1 0 4265.dat
1 7 35 -103.0199 642.9852 0 0 1 1 0.009 0 -0.009 1 0 4265.dat
1 7 35 -79.6055 444.3584 0 0 1 1 0.009 0 -0.009 1 0 4265.dat
1 7 -35 -79.6055 444.3584 0 0 -1 1 -0.009 0 -0.009 -1 0 4265.dat
1 7 -35 -154.96 561.44 0 0 -1 1 -0.009 0 -0.009 -1 0 4265.dat
1 7 -35 -155.14 541.44 0 0 -1 1 -0.009 0 -0.009 -1 0 4265.dat
1 7 -35 -103.0199 642.9852 0 0 -1 1 -0.009 0 -0.009 -1 0 4265.dat
1 0 0 -179.0197 555.022 0 0 -1 0.009 1 0 1 -0.009 0 3708.dat
1 4 0 -189.77 471.746 1 0 0 0 1 0.009 0 -0.009 1 3700.dat
1 4 0 -188.33 631.746 1 0 0 0 1 0.009 0 -0.009 1 3700.dat
1 7 0 -180.2797 415.022 0 -1 0 1 0 0.009 -0.009 0 1 3712.dat
1 4 -30 -175.2151 726.7336 0 0 -1 -0.764258 0.64493 0 0.64493 0.764258 0 2730.dat
1 4 -30 -228.52 803.1196 0 0 -1 -0.764258 0.64493 0 0.64493 0.764258 0 3623.dat
1 0 0 -336.1 103.033 0.991 0 -0.13 0.00117 1 0.008919 0.13 -0.009 0.991 2906.dat
1 7 0 -316.1 102.853 0.991 0 -0.13 0.00117 1 0.008919 0.13 -0.009 0.991 2907.dat
1 7 0 -316.1 102.853 0.999972 0 -0.00013 0.000001 1 0.009 0.00013 -0.009 0.999972 2908.dat
1 0 0 -247.4844 800.804 0 0 -1 -0.764258 0.64493 0 0.64493 0.764258 0 4519.dat
1 7 0 -264.2981 814.9925 1 0 0 0 0.64493 -0.764258 0 0.764258 0.64493 4265.dat
1 4 0 -259.2835 797.676 1 0 0 0 0.64493 -0.764258 0 0.764258 0.64493 3701.dat
1 7 0 -242.8988 796.9344 1 0 0 0 0.64493 -0.764258 0 0.764258 0.64493 4143.dat
1 0 0 -193.5174 731.7928 0 0 1 0.394318 0.918955 0 -0.918955 0.394318 0 3704.dat
1 83 204 -80.1305 -13.78 -1 0 0 0 1 -0.009 0 -0.009 -1 70278.dat
1 7 0 -250 2.25 1 0 0 0 1 0.009 0 -0.009 1 2876.dat
1 4 40 -208.765 -83.128 -0.5 -0.866 0 -0.866 0.5 -0.009 0.007794 -0.0045 -1 4266.dat
1 4 -40 -208.765 -83.128 0.5 -0.866 0 -0.866 -0.5 -0.009 0.007794 0.0045 -1 4266.dat
1 7 40 -208.8955 -97.628 0.5 0 -0.866 0.866 -0.009 0.5 -0.007794 -1 -0.0045 4032.dat
1 7 40 -208.9675 -105.628 0.5 0 -0.866 0.866 -0.009 0.5 -0.007794 -1 -0.0045 2654.dat
1 0 40 -208.8235 -89.628 0 -0.5 -0.866 -0.009 -0.866 0.5 -1 0.007794 -0.0045 3704.dat
1 7 -40 -208.8955 -97.628 0.866 0 -0.5 0.5 -0.009 0.866 -0.0045 -1 -0.007794 4032.dat
1 7 -40 -208.9675 -105.628 0.866 0 -0.5 0.5 -0.009 0.866 -0.0045 -1 -0.007794 2654.dat
1 0 -40 -208.8235 -89.628 0 -0.866 -0.5 -0.009 -0.5 0.866 -1 0.0045 -0.007794 3704.dat
1 4 30 -249.1578 778.6633 1 0 0 0 0.64493 -0.764258 0 0.764258 0.64493 2420.dat
1 4 40 -233.8726 765.7647 1 0 0 0 0.64493 -0.764258 0 0.764258 0.64493 3023.dat
1 4 -30 -249.1578 778.6633 0 0 -1 -0.764258 0.64493 0 0.64493 0.764258 0 3623.dat
1 0 109.025 -343.9713 117.4 0.991 0 -0.13 0.00117 1 0.008919 0.13 -0.009 0.991 3460.dat
1 0 -109.025 -344.2287 88.81 0.991 0 -0.13 0.00117 1 0.008919 0.13 -0.009 0.991 3460.dat
1 0 -14.295 -343.1188 212.13 0.13 0 0.991 -0.008919 1 0.00117 -0.991 -0.009 0.13 3460.dat
1 0 14.295 -345.0812 -5.92 0.13 0 0.991 -0.008919 1 0.00117 -0.991 -0.009 0.13 3460.dat
1 0 0 -352.1 103.177 0.13 0 0.991 -0.008919 1 0.00117 -0.991 -0.009 0.13 2711.dat
1 4 90 -81.026 -113.28 0 0 0.999 0.999 0.009 0 -0.008991 1 0 4865.dat
1 4 -90 -161.036 -112.5599 0 0 -0.999 -0.999 0.009 0 0.008991 1 0 4865.dat
1 4 -90 -41.036 -113.6399 0 0 -0.999 -0.999 0.009 0 0.008991 1 0 4865.dat
1 4 30 -144.838 669.6957 0 0 1 0.764258 0.64493 0 -0.64493 0.764258 0 4865.dat
1 0 68 -229.9065 785.9706 0 -1 0 -0.601863 0 -0.798481 0.798481 0 -0.601863 2711.dat
1 0 68 -174.0128 828.1011 0 -1 0 0.798481 0 -0.601863 0.601863 0 0.798481 3666.dat
1 0 68 -285.8001 743.8402 0 -1 0 0.798481 0 -0.601863 0.601863 0 0.798481 3666.dat
1 0 76 -272.0369 841.8643 0 -1 0 0.601863 0 0.798481 -0.798481 0 0.601863 3666.dat
1 0 76 -229.9065 785.9706 0 -1 0 0.798481 0 -0.601863 0.601863 0 0.798481 2711.dat
1 0 76 -187.776 730.077 0 -1 0 0.601863 0 0.798481 -0.798481 0 0.601863 3666.dat
1 0 84 -229.9065 785.9706 0 -1 0 -0.601863 0 -0.798481 0.798481 0 -0.601863 2711.dat
1 14 84 -157.6829 690.153 0 -1 0 -0.601863 0 -0.798481 0.798481 0 -0.601863 3070.dat
1 14 76 -134.0887 858.1942 0 -1 0 -0.601863 0 -0.798481 0.798481 0 -0.601863 3070.dat
1 14 84 -302.13 881.7884 0 -1 0 -0.601863 0 -0.798481 0.798481 0 -0.601863 3070.dat
1 14 76 -325.7242 713.7471 0 -1 0 -0.601863 0 -0.798481 0.798481 0 -0.601863 3070.dat
1 0 -16.894 -326.9404 231.809 -0.13 0 -0.991 0.008919 1 -0.00117 0.991 -0.009 -0.13 3460.dat
1 0 -4.384 -335.1071 213.361 -0.13 0 -0.991 0.008919 1 -0.00117 0.991 -0.009 -0.13 3020.dat
1 0 -30.384 -333.3232 411.561 -0.13 0 -0.991 0.008919 1 -0.00117 0.991 -0.009 -0.13 4282.dat
1 14 -49.884 -339.9854 560.283 -0.991 0 0.13 -0.00117 1 -0.008919 -0.13 -0.009 -0.991 3069.dat
1 0 16.894 -329.2596 -25.887 0.13 0 0.991 -0.008919 1 0.00117 -0.991 -0.009 0.13 3460.dat
1 0 4.384 -337.093 -7.295 0.13 0 0.991 -0.008919 1 0.00117 -0.991 -0.009 0.13 3020.dat
1 0 30.384 -338.8767 -205.495 0.13 0 0.991 -0.008919 1 0.00117 -0.991 -0.009 0.13 4282.dat
1 14 49.884 -348.2146 -354.073 0.991 0 -0.13 0.00117 1 0.008919 0.13 -0.009 0.991 3069.dat
1 0 -128.848 -328.252 86.067 -0.991 0 0.13 -0.00117 1 -0.008919 -0.13 -0.009 -0.991 3460.dat
1 0 -110.328 -336.1395 98.649 -0.991 0 0.13 -0.00117 1 -0.008919 -0.13 -0.009 -0.991 3020.dat
1 0 -308.528 -336.3734 72.649 -0.991 0 0.13 -0.00117 1 -0.008919 -0.13 -0.009 -0.991 4282.dat
1 14 -457.178 -344.549 53.221 0.13 0 0.991 -0.008919 1 0.00117 -0.991 -0.009 0.13 3069.dat
1 0 128.848 -327.948 119.855 0.991 0 -0.13 0.00117 1 0.008919 0.13 -0.009 0.991 3460.dat
1 0 110.328 -336.0605 107.417 0.991 0 -0.13 0.00117 1 0.008919 0.13 -0.009 0.991 3020.dat
1 0 308.528 -335.8265 133.417 0.991 0 -0.13 0.00117 1 0.008919 0.13 -0.009 0.991 4282.dat
1 14 457.178 -343.651 152.989 -0.13 0 -0.991 0.008919 1 -0.00117 0.991 -0.009 -0.13 3069.dat
1 7 0 -373.1 103.366 0.168 0 0.985 -0.008865 1 0.001512 -0.985 -0.009 0.168 3960.dat
1 0 0 -349.1 103.15 0 -0.168 0.985 1 0.008865 0.001512 -0.009 0.985 0.168 3704.dat
