0 FILE kiosk.ldr
0 
0 Name: kiosk.ldr
0 Author: Cristiano Olivieri
0 Unofficial Model
1 15 0 0 0 1 0 0 0 1 0 -0 0 1 3795.dat
1 74 0 -56 20 1 0 0 0 1 0 -0 0 1 3795.dat
1 74 0 -128 0 1 0 0 0 1 0 -0 0 1 3795.dat
1 6 50 -24 0 0 0 -1 0 1 0 1 0 0 30136.dat
1 6 50 -48 0 0 0 -1 0 1 0 1 0 0 30136.dat
1 6 20 -24 10 -1 0 0 0 1 0 0 0 -1 30136.dat
1 6 0 -48 10 -1 0 0 0 1 0 0 0 -1 30136.dat
1 6 -20 -24 10 -1 0 0 0 1 0 0 0 -1 30136.dat
1 6 -50 -24 0 0 0 1 0 1 0 -1 0 0 30136.dat
1 6 -50 -48 0 0 0 1 0 1 0 -1 0 0 30136.dat
1 6 30 -48 10 -1 -0 0 -0 1 -0 0 -0 -1 3665.dat
1 6 -30 -48 10 -1 -0 0 -0 1 -0 0 -0 -1 3665.dat
1 7 -50 -56 -10 0 0 1 -0 1 -0 -1 -0 0 4085b.dat
1 7 50 -56 -10 0 -0 -1 -0 1 -0 1 0 0 4085b.dat
1 6 -50 -64 0 0 0 -1 0 1 0 1 0 0 3023.dat
1 6 50 -64 0 0 0 -1 0 1 0 1 0 0 3023.dat
1 4 30 -80 10 0 0 -1 0 1 0 1 0 0 3899.dat
1 6 50 -88 -10 0 0 -1 0 1 0 1 0 0 3062b.dat
1 6 50 -120 -10 0 0 -1 0 1 0 1 0 0 3062b.dat
1 6 50 -88 10 0 0 -1 0 1 0 1 0 0 3062b.dat
1 6 50 -120 10 0 0 -1 0 1 0 1 0 0 3062b.dat
1 6 50 -96 10 0 0 -1 0 1 0 1 0 0 4073.dat
1 6 -50 -88 10 0 0 -1 0 1 0 1 0 0 3062b.dat
1 6 -50 -120 10 0 0 -1 0 1 0 1 0 0 3062b.dat
1 6 -50 -96 10 0 0 -1 0 1 0 1 0 0 4073.dat
1 6 -50 -88 -10 0 0 -1 0 1 0 1 0 0 3062b.dat
1 6 -50 -120 -10 0 0 -1 0 1 0 1 0 0 3062b.dat
1 6 -50 -96 -10 0 0 -1 0 1 0 1 0 0 4073.dat
1 6 50 -96 -10 0 0 -1 0 1 0 1 0 0 4073.dat
1 1 -50 -152 -10 -1 0 0 0 1 0 0 0 -1 4286.dat
1 4 -30 -152 -10 -1 0 0 0 1 0 0 0 -1 4286.dat
1 1 -10 -152 -10 -1 0 0 0 1 0 0 0 -1 4286.dat
1 4 10 -152 -10 -1 0 0 0 1 0 0 0 -1 4286.dat
1 1 30 -152 -10 -1 0 0 0 1 0 0 0 -1 4286.dat
1 4 50 -152 -10 -1 0 0 0 1 0 0 0 -1 4286.dat
1 7 -10 -176 -10 -1 0 0 0 1 0 0 0 -1 4070.dat
1 7 10 -176 -10 -1 0 0 0 1 0 0 0 -1 4070.dat
1 8 70 -48 -10 0 -0 -1 0 -1 0 -1 -0 0 3837.dat
1 6 -70 -80 -10 0 -0 -1 -0 1 -0 1 0 0 3836.dat
1 7 0 -178 6 1 0 0 -0 -0 1 0 -1 -0 87079.dat
1 15 -110 -64 -60 -0.866025 0 -0.5 0 1 0 0.5 0 -0.866025 minifig kiosk.ldr
0 NOFILE
0 FILE car.ldr
0 untitled model
0 Name: car.ldr
0 Author: Cristiano Olivieri
0 Unofficial Model
1 6 0 0 0 1 0 0 0 1 0 -0 0 1 3035.dat
1 10 40 -40 0 0.258819 0.965926 0 -0.965926 0.258819 0 0 0 1 3471.dat
1 7 -70 -8 0 0 0 1 0 1 0 -1 0 0 60470.dat
1 7 -70 -16 0 0 0 1 0 1 0 -1 0 0 3710.dat
1 10 -96.085922 -35.656536 0 0 -1 0 0 0 1 -1 0 0 4032a.dat
1 6 -88.085922 -45.656532 0 0 -1 0 0 0 1 -1 0 0 3023.dat
1 8 -88.085915 -25.656538 0 0 -1 0 -0 0 -1 1 0 -0 48336.dat
1 7 -40 -8 -30 1 0 -0 0 1 0 0 0 1 44568.dat
1 7 40 -8 -30 1 0 -0 0 1 0 0 0 1 44568.dat
1 7 40 -8 30 -1 0 0 0 1 0 -0 0 -1 44568.dat
1 7 -40 -8 30 -1 0 0 0 1 0 -0 0 -1 44568.dat
1 7 70 -8 0 -1 -0 0 -0 1 -0 -0 -0 -1 3021.dat
1 7 -50 8 0 -1 0 0 0 1 0 -0 0 -1 3021.dat
1 6 70 -16 -20 -1 -0 0 -0 1 -0 -0 -0 -1 3021.dat
1 6 70 -16 20 -1 -0 0 -0 1 -0 -0 -0 -1 3021.dat
1 7 90 -40 30 -1 -0 0 -0 1 -0 -0 -0 -1 60475.dat
1 0 90 -40 -50 -0 0 -1 -0 1 -0 1 -0 -0 3835.dat
1 7 90 -40 -30 1 0 -0 -0 1 -0 0 0 1 60475.dat
1 8 40 -30.151348 50.141685 1 0 -0 0 -0.087156 0.996194 0 -0.996194 -0.087156 44569.dat
1 8 40 -30.151348 -49.858315 -1 0 0 0 -0.087156 0.996194 0 0.996194 0.087156 44569.dat
1 8 -40 -30 -48 -1 0 0 0 -0 1 0 1 0 44569.dat
1 8 -40 -30 48 1 0 -0 0 -0 1 0 -1 -0 44569.dat
1 4 -104.085915 -25.656536 -10 0 -1 0 0 0 -1 1 0 0 4073.dat
1 7 -80.085922 -35.65654 0 0 -1 0 0 0 -1 1 0 0 87079.dat
1 7 -50 16 10 0 0 -1 0 1 0 1 -0 0 2341.dat
1 7 -50 16 -10 0 0 -1 0 1 0 1 -0 0 2341.dat
1 0 -50 40 0 0 0 -1 0 1 0 1 0 0 2926.dat
1 0 70 40 0 0 0 -1 0 1 0 1 0 0 2926.dat
1 7 80 48 0 0 0 -1 0 1 0 1 0 0 3022.dat
1 7 80 32 0 1 0 0 0 1 0 -0 -0 1 3020.dat
1 0 60 24 0 1 0 0 0 1 0 -0 -0 1 3680c01.dat
1 7 90 24 0 -0 -0 1 0 1 0 -1 -0 -0 3794b.dat
1 8 160 24 0 -0 -0 1 0 1 0 -1 -0 -0 2397.dat
1 0 210 0 0 -0 -0 -1 0 1 -0 1 0 -0 2877.dat
1 7 60 16 0 1 0 0 0 1 0 -0 -0 1 3022.dat
1 7 50 8 0 1 0 0 0 1 0 -0 -0 1 3021.dat
1 0 80 -24 0 -0 -0 -1 -0 1 -0 1 0 -0 4079.dat
1 6 70 45 50 -1 -0 -0 -0 1 0 0 0 -1 4489.dat
1 6 -50 45 50 -1 -0 -0 -0 1 0 0 0 -1 4489.dat
1 6 -50 45 -50 0.999999 0 0 -0 1 0 0 -0 0.999999 4489.dat
1 6 70 45 -50 0.999999 0 0 -0 1 0 0 -0 0.999999 4489.dat
1 0 90 -31 50 -0 0 1 0 1 -0 -1 0 -0 2488.dat
1 6 210 32 0 0 -0 -1 0 1 -0 1 0 0 73841.dat
1 0 70 -77 0 0 0 -1 0 1 0 1 0 0 minifig car1.ldr
1 0 316 32 -70 -0.965926 0 -0.258819 0 1 0 0.258819 0 -0.965926 minifig car2.ldr
1 10 311 22 -4 -0.466506 0.12941 0.875 0.741025 -0.482963 0.466506 0.482963 0.866025 0.129409 33051.dat
0 NOFILE
0 FILE iced lake.ldr
0 untitled model
0 Name: iced lake.ldr
0 Author: Cristiano Olivieri
0 Unofficial Model
1 15 0 0 0 1 0 0 0 1 0 -0 0 1 2445.dat
1 15 -20 0 360 1 0 0 0 1 0 -0 0 1 2445.dat
1 15 80 -8 20 1 0 0 0 1 0 -0 0 1 3020.dat
1 15 80 -8 180 1 0 0 0 1 0 -0 0 1 3020.dat
1 15 -80 -8 20 1 0 0 0 1 0 -0 0 1 3020.dat
1 15 -80 -8 180 1 0 0 0 1 0 -0 0 1 3020.dat
1 15 -100 0 100 0 0 1 0 1 0 -1 0 0 3034.dat
1 15 -120 0 260 0 0 1 0 1 0 -1 0 0 3034.dat
1 15 100 0 100 0 0 1 0 1 0 -1 0 0 3034.dat
1 15 80 0 260 0 0 1 0 1 0 -1 0 0 3034.dat
1 43 0 0 100 0 0 1 0 1 0 -1 0 0 41539.dat
1 43 -20 0 260 0 0 1 0 1 0 -1 0 0 41539.dat
1 15 60 -8 340 -1 0 0 0 1 0 0 0 -1 2639.dat
1 15 -100 -8 340 0 0 1 0 1 0 -1 0 0 2639.dat
1 15 -90 -16 170 0 0 1 0 1 0 -1 0 0 4073.dat
1 15 -90 -24 170 0 0 1 0 1 0 -1 0 0 4073.dat
1 15 -110 -16 170 0 0 1 0 1 0 -1 0 0 4073.dat
1 6 -50 -16 30 0 0 1 0 1 0 -1 0 0 4073.dat
1 6 -70 -8 50 0 0 1 0 1 0 -1 0 0 4073.dat
1 15 -90 -16 190 0 0 1 0 1 0 -1 0 0 4073.dat
1 15 -100 -16 340 1 0 0 0 1 0 0 0 1 2460.dat
1 0 -100 -36 340 -0 0.258819 -0.965926 -0.999999 -0 0 0 0.965925 0.258819 62462.dat
1 15 100 -16 20 1 0 -0 0 1 0 0 0 1 2460.dat
1 15 30 -24 30 1 0 -0 0 1 0 0 0 1 4286.dat
1 15 -30 -24 30 1 0 0 0 1 0 0 0 1 4286.dat
1 15 0 -24 10 1 0 -0 0 1 0 0 0 1 3039.dat
1 6 80 -24 150 1 0 -0 0 1 0 0 0 1 30136.dat
1 6 80 -24 90 1 0 -0 0 1 0 0 0 1 30136.dat
1 6 90 -8 120 -0 0 -1 0 1 0 1 0 -0 3023.dat
1 6 90 -16 120 -0 0 -1 0 1 0 1 0 -0 3023.dat
1 7 90 -24 120 0 0 -1 0 1 0 1 0 0 60470.dat
1 6 90 -32 120 0 0 -1 0 1 0 1 0 0 6636.dat
1 6 105.757362 -43.797943 120 0 0.965925 0.258819 0 0.258819 -0.965925 -1 0 0 6636.dat
1 6 70 -32 120 0 0 -1 0 1 0 1 0 0 6636.dat
1 15 -30 -24 50 -1 0 0 0 1 0 -0 0 -1 3045.dat
1 15 30 -24 50 -0 0 -1 0 1 0 1 0 -0 3045.dat
1 15 -30 -48 30 -1 -0 0 -0 1 -0 -0 -0 -1 3040b.dat
1 15 30 -48 30 -1 -0 0 -0 1 -0 -0 -0 -1 3040b.dat
1 87 113.484764 -41.72739 120 -0 0.965925 0.258819 -0 0.258819 -0.965925 -1 -0 -0 48336.dat
1 10 -70 -32 50 0.707107 -0 -0.707106 -0 0.999999 -0 0.707107 -0 0.707106 4589.dat
1 10 -50 -40 30 0.707107 -0 -0.707106 -0 0.999999 -0 0.707107 -0 0.707106 4589.dat
1 15 0 -32 10 -1 -0 0 -0 0.999999 -0 0 -0 -0.999999 48336.dat
1 15 10 -40 10 -1 0 0 0 0.999999 0 0 0 -0.999999 3024.dat
1 15 -10 -40 10 -1 0 0 0 0.999999 0 0 0 -0.999999 3024.dat
1 15 0 -48 20 -1 0 0 0 0.999999 0 0 0 -0.999999 3022.dat
1 7 0 -17.940903 46.679626 -1 -0 0 0 -0.866025 0.5 -0 0.5 0.866025 60470.dat
1 74 0 -11.012672 42.679611 -1 -0 0 0 -0.866025 0.5 -0 0.5 0.866025 3069b.dat
1 15 0 -24.869095 50.679611 1 0 -0 0 -0.866025 -0.499999 -0 0.499999 -0.866025 3660.dat
1 4 0 -45.294971 62.472504 1 -0 0 -0 -0.866025 -0.5 0 0.5 -0.866025 3815.dat
1 4 -0.000011 -56.159271 68.669891 1 -0 0 -0 -0.707106 0.707106 -0 -0.707106 -0.707106 3817.dat
1 4 0 -56 69 1 -0 -0 -0 -0.258819 -0.965925 0 0.965925 -0.258819 3816.dat
1 0 10.999993 -77.159248 49.669876 1 -0 0 0 -0.707106 0.707106 0 -0.707106 -0.707106 49673.dat
1 0 -10 -62 96 1 -0 0 0 -0.258819 -0.965925 0 0.965925 -0.258819 49673.dat
1 10 60 -16 340 1 -0 0 0 0.999999 0 0 0 0.999999 3471.dat
1 10 80 -8 240 1 -0 0 0 0.999999 0 0 0 0.999999 2435.dat
1 47 50 -8 150 1 -0 0 0 0.999999 0 0 0 0.999999 3024.dat
1 47 -50 -8 270 1 -0 0 0 0.999999 0 0 0 0.999999 3024.dat
1 47 50 -8 130 1 -0 0 0 0.999999 0 0 0 0.999999 3024.dat
1 0 50 -16 130 0 0 0.999999 0 0.999999 0 -1 0 0 49668.dat
1 0 50 -16 150 0 0 0.999999 0 0.999999 0 -1 0 0 49668.dat
1 7 -50 -16 270 1 -0 0 0 0.999999 0 0 0 0.999999 49668.dat
1 125 50 -40 140 0 -0 0.999999 0 0.999999 0 -1 0 0 41879.dat
1 0 50 -72 140 0 -0 0.999999 0 0.999999 0 -1 0 0 973.dat
1 0 50 -64 125 0 -0.707106 0.707106 -0.258819 0.683012 0.683012 -0.965926 -0.183013 -0.183012 3819.dat
1 0 50 -63 155 -0.000145 -0.998929 0.046243 0.129448 0.045835 0.990525 -0.991586 0.00613 0.129303 3818.dat
1 15 31 -59 119 0 0 0.999999 0 0.999999 -0 -1 -0 0 3820.dat
1 15 32 -72 159 0 -0.707106 0.707106 0 0.707106 0.707106 -0.999999 -0 0 3820.dat
1 14 50 -96 140 -0 -0 0.999999 -0 0.999999 -0 -0.999999 -0 -0 3626bp80.dat
1 0 50 -96 140 0 0 0.999999 0 0.999999 -0 -0.999999 -0 0 3901.dat
1 0 20 -79 141 0 0 0.999999 0 0.999999 -0 -0.999999 -0 0 30089.dat
1 1 -60 -44 271 1 -0 0 0 0.999999 0 0 0 0.999999 3817.dat
1 1 -60 -56 268 1 0 0 -0 0.965925 -0.258819 0 0.258819 0.965925 3815.dat
1 28 -60 -87 260 1 0 0 -0 0.965925 -0.258819 0 0.258819 0.965925 973pa6.dat
1 14 -60 -110 254 1 0 0 -0 0.965925 -0.258819 0 0.258819 0.965925 3626bp02.dat
1 14 -60 -110 254 1 0 0 -0 0.965925 -0.258819 0 0.258819 0.965925 59363.dat
1 28 -44 -79 262 0.965925 0.25 0.066987 -0.258819 0.933012 0.25 -0 -0.258819 0.965925 3819.dat
1 14 -35 -65 248 0.999999 0 -0 -0 0.866025 -0.499999 -0 0.5 0.866025 3820.dat
1 28 -76 -78 262 0.99075 0.115151 0.071787 0.131496 -0.684158 -0.71738 -0.033494 0.720184 -0.692972 3818.dat
1 14 -80 -85 281 -0.99075 -0.115151 -0.071787 -0.116666 0.993019 0.017259 0.069298 0.025474 -0.997269 3820.dat
1 1 -60 -44 271 1 0 0 0 0.258819 -0.965925 0 0.965925 0.258819 3816.dat
1 7 -70 -35 298 1 0 0 0 0.258819 -0.965925 0 0.965925 0.258819 49668.dat
1 47 -70 -33 306 1 0 0 0 0.258819 -0.965925 0 0.965925 0.258819 3024.dat
1 0 -100 -136 340 -0 0.258819 -0.965926 -0.999999 -0 0 0 0.965925 0.258819 2714.dat
1 4 -100 -202 340 0.707106 0 -0.707106 0 0.999999 0 0.707106 0 0.707106 4495.dat
1 0 100 -36 20 -0 0.258819 -0.965926 -0.999999 0 0 0 0.965925 0.258819 62462.dat
1 0 100 -136 20 -0 0.258819 -0.965926 -0.999999 0 0 0 0.965925 0.258819 2714.dat
1 4 100 -202 20 0.258819 -0 -0.965925 0 0.999999 -0 0.965925 -0 0.258819 4495.dat
1 0 -99.785713 -210.087036 339.872192 0.034899 0 -0.99939 0 1 0 0.99939 -0 0.034899 572a.dat
1 15 -99.785713 -210.087036 339.872192 0.956304 -0 0.292371 0 1 0 -0.292371 -0 0.956304 40232.dat
1 0 -88.281593 -205.087036 325.461975 -0.56682 -0.258661 -0.782183 -0.159345 0.965926 -0.203952 0.808285 0.009033 -0.588723 572b.dat
1 0 -67.271576 -197.087021 293.746094 -0.52077 -0.453686 -0.723164 -0.280961 0.89099 -0.356646 0.806138 0.01745 -0.59147 572b.dat
1 0 -48.329529 -185.087051 262.13623 -0.506358 -0.499584 -0.702864 -0.315017 0.865914 -0.388532 0.802724 0.024678 -0.595841 572b.dat
1 0 -29.210579 -173.087082 229.662811 -0.503547 -0.421095 -0.7544 -0.269686 0.90616 -0.325795 0.820798 0.039398 -0.56986 572b.dat
1 0 -10.19873 -166.087067 197.051727 -0.506251 -0.171975 -0.845065 -0.109303 0.984807 -0.134934 0.855431 0.024057 -0.517358 572b.dat
1 0 99.899818 -210.087036 20.392868 -0.069756 -0 0.997564 0 1 0 -0.997564 0 -0.069756 572a.dat
1 0 88.905609 -205.087036 35.195797 0.538266 0.258188 0.802252 -0.159345 0.965926 -0.203952 -0.827574 -0.018054 0.561066 572b.dat
1 0 69.015266 -197.087021 67.625587 0.492367 0.452774 0.743349 -0.28245 0.890942 -0.355588 -0.823284 -0.034878 0.566558 572b.dat
1 0 50.153015 -184.087051 99.877876 0.478034 0.498418 0.72323 -0.315017 0.865914 -0.388532 -0.819906 -0.042098 0.570948 572b.dat
1 0 31.144135 -172.087082 130.999329 0.512862 0.389175 0.76519 -0.254411 0.920201 -0.297497 -0.819906 -0.042098 0.570948 572b.dat
1 0 10.551514 -166.087067 163.587097 0.556565 0.103906 0.824281 -0.07318 0.994423 -0.075941 -0.827574 -0.018054 0.561066 572b.dat
1 0 78.942139 -202.087036 51.89481 0.529189 0.308387 0.790479 -0.187297 0.95109 -0.245659 -0.827574 -0.018054 0.561066 572c.dat
1 0 59.08474 -191.087036 84.28669 0.456422 0.587093 0.66858 -0.355995 0.809144 -0.467496 -0.815442 -0.024636 0.578314 572c.dat
1 15 60.08474 -186.087036 82.28669 -0.855022 0.11041 0.506702 -0.089013 0.931327 -0.353137 -0.510894 -0.347043 -0.786477 2555.dat
1 34 61.08474 -178.087036 79.28669 -0.855022 0.11041 0.506702 -0.089012 0.931327 -0.353137 -0.510894 -0.347043 -0.786477 4073.dat
1 0 41.22015 -178.087051 115.47049 0.478034 0.498418 0.723229 -0.315017 0.865913 -0.388532 -0.819907 -0.042098 0.570948 572c.dat
1 0 21.282742 -168.087067 147.624268 0.539325 0.257758 0.801677 -0.166547 0.965846 -0.198499 -0.825463 -0.026461 0.563836 572c.dat
1 15 23.298792 -162.109344 147.561096 -0.808534 0.251558 0.53197 0.211511 0.967839 -0.136198 -0.549122 0.002397 -0.835738 2555.dat
1 36 25.298792 -154.109344 147.561096 -0.808534 0.251558 0.53197 0.211511 0.967839 -0.136198 -0.549122 0.002397 -0.835738 4073.dat
1 0 -77.741394 -202.087036 309.12085 -0.560913 -0.292214 -0.774588 -0.17903 0.95631 -0.231126 0.808285 0.009033 -0.588723 572c.dat
1 0 -57.800568 -191.087036 277.441132 -0.491206 -0.499315 -0.713722 -0.307831 0.866025 -0.394005 0.814835 0.026168 -0.579102 572c.dat
1 15 -58.832699 -185.06102 278.326965 0.820934 -0.226048 -0.524375 0.066756 0.950003 -0.305017 0.567106 0.215393 0.79498 2555.dat
1 36 -60.832699 -177.06102 280.326965 0.820934 -0.226048 -0.524375 0.066756 0.950003 -0.305017 0.567106 0.215393 0.79498 4073.dat
1 0 -38.823051 -179.087051 245.865479 -0.506358 -0.499584 -0.702863 -0.315017 0.865913 -0.388532 0.802724 0.024678 -0.59584 572c.dat
1 0 -19.739523 -169.087067 213.35791 -0.495385 -0.25602 -0.830088 -0.166547 0.965847 -0.198499 0.852558 0.039915 -0.521106 572c.dat
1 15 -19.713375 -163.087067 214.334427 -0.863445 -0.08047 0.497984 0.016722 0.982085 0.187692 -0.504167 0.170389 -0.84663 2555.dat
1 34 -20.713375 -155.087067 215.334427 -0.863445 -0.08047 0.497984 0.016722 0.982085 0.187692 -0.504167 0.170389 -0.84663 4073.dat
1 0 0 -165 180 0.529919 0 0.848048 -0.000001 1 0 -0.848048 0 0.52992 572c.dat
0 NOFILE
0 FILE bakery.ldr
0 bakery
0 Name: bakery.ldr
0 Author: Cristiano Olivieri
0 Unofficial Model
1 15 0 0 0 1 0 0 0 1 0 -0 0 1 3033.dat
1 0 -60 -8 -40 1 0 0 0 1 0 -0 0 1 4032a.dat
1 0 -60 -184 -40 1 0 0 0 1 0 -0 0 1 4032a.dat
1 10 20 -8 -40 1 0 0 0 1 0 -0 0 1 3471.dat
1 15 0 0 120 1 0 0 0 1 0 -0 0 1 3033.dat
1 15 0 0 320 1 0 0 0 1 0 -0 0 1 3033.dat
1 7 -150 -32 260 0 0 1 0 1 0 -1 0 0 3815c01.dat
1 15 -150 -64 260 0 0 1 0 1 0 -1 0 0 973p2a.dat
1 14 -150 -88 260 -0 0 1 -0 1 0 -1 -0 -0 3626bps9.dat
1 15 -150 -88 260 0 0 1 0 1 0 -1 0 0 3898.dat
1 15 -150.155212 -55 275.284912 -0.012501 -0.717579 0.696364 0.183013 0.683012 0.707107 -0.983031 0.136283 0.122788 3818.dat
1 14 -170.118057 -49 281.116516 0.034434 -0.012472 0.999329 0.138249 0.990368 0.007596 -0.989798 0.137895 0.035827 3820.dat
1 14 -169.118057 -49 237.116516 0.034434 -0.012472 0.999329 -0.12264 0.992311 0.01661 -0.991853 -0.12313 0.03264 3820.dat
1 14 -172.223297 -56 128.643524 -0.494611 0.150423 0.855998 -0.127374 0.961727 -0.242601 -0.85973 -0.229025 -0.456521 3820.dat
1 14 -192.259186 -51 85.940338 -0.523206 0.358765 0.773009 -0.123427 0.865603 -0.48528 -0.84322 -0.349311 -0.408607 3820.dat
1 15 -150 -55 244 0 -0.707107 0.707107 -0.258819 0.683013 0.683013 -0.965926 -0.183013 -0.183013 3819.dat
1 7 70 -8 50 1 0 0 0 1 0 -0 0 1 3623.dat
1 7 -10 -8 50 1 0 0 0 1 0 -0 0 1 3623.dat
1 7 -50 -8 70 0 0 -1 0 1 0 1 0 0 3623.dat
1 8 -50 -8 130 0 0 -1 0 1 0 1 0 0 3623.dat
1 7 -10 -8 150 1 0 0 0 1 0 0 0 1 3623.dat
1 7 -30 -40 170 0 0 -1 0 1 0 1 0 0 3623.dat
1 8 70 -8 150 1 0 0 0 1 0 0 0 1 3623.dat
1 7 -30 -8 30 1 0 0 0 1 0 -0 0 1 3024.dat
1 7 -30 -8 350 1 0 0 0 1 0 -0 0 1 3024.dat
1 7 -70 -8 330 1 0 0 0 1 0 -0 0 1 3024.dat
1 7 -70 -8 190 1 0 0 0 1 0 -0 0 1 3024.dat
1 7 -50 -40 150 1 0 0 0 1 0 -0 0 1 3024.dat
1 7 -50 -40 50 1 0 0 0 1 0 -0 0 1 3024.dat
1 7 90 -40 50 1 0 0 0 1 0 -0 0 1 3024.dat
1 7 90 -40 330 1 0 0 0 1 0 -0 0 1 3024.dat
1 7 70 -8 30 1 0 0 0 1 0 -0 0 1 3024.dat
1 7 70 -8 350 1 0 0 0 1 0 -0 0 1 3024.dat
1 7 20 -8 30 1 0 0 0 1 0 -0 0 1 2431.dat
1 7 20 -8 350 1 0 0 0 1 0 -0 0 1 2431.dat
1 7 -50 -24 100 0 0 -1 0 1 0 1 0 0 2431.dat
1 125 -30 -8 100 0 0 -1 0 1 0 1 0 0 2431.dat
1 125 90 -8 260 0 0 -1 0 1 0 1 0 0 2431.dat
1 8 20 -48 30 -1 0 0 0 1 0 0 0 -1 2431.dat
1 8 20 -48 350 -1 -0 0 -0 1 -0 0 -0 -1 2431.dat
1 125 30 -8 260 0 0 -1 0 1 0 1 0 0 2431.dat
1 0 30 -8 100 0 0 -1 0 1 0 1 0 0 3666.dat
1 0 -50 -8 260 0 0 -1 0 1 0 1 0 0 3666.dat
1 125 0 -8 70 -1 0 -0 0 1 0 0 0 -1 3069b.dat
1 125 0 -8 130 -1 0 -0 0 1 0 0 0 -1 3069b.dat
1 125 80 -8 130 -1 0 -0 0 1 0 0 0 -1 3069b.dat
1 125 0 -8 210 -1 0 -0 0 1 0 0 0 -1 3069b.dat
1 112 0 -8 230 -1 0 -0 0 1 0 0 0 -1 3069b.dat
1 112 0 -8 290 -1 0 -0 0 1 0 0 0 -1 3069b.dat
1 125 0 -8 290 -1 0 -0 0 1 0 0 0 -1 3069b.dat
1 125 80 -8 70 -1 0 -0 0 1 0 0 0 -1 3069b.dat
1 125 90 -8 100 0 0 -1 0 1 0 1 0 0 3069b.dat
1 112 70 -8 100 0 0 -1 0 1 0 1 0 0 3069b.dat
1 112 0 -8 100 0 0 -1 0 1 0 1 0 0 3068b.dat
1 6 -20 -200 160 0 0 -1 0 1 0 1 0 0 3068b.dat
1 6 60 -248 120 0 0 -1 0 1 0 1 0 0 3068b.dat
1 112 60 -8 240 0 0 -1 0 1 0 1 0 0 3068b.dat
1 112 60 -8 280 0 0 -1 0 1 0 1 0 0 3068b.dat
1 7 -70 -8 100 0 0 -1 0 1 0 1 0 0 3710.dat
1 7 -50 -16 100 0 0 -1 0 1 0 1 0 0 3710.dat
1 8 60 -8 210 1 0 0 0 1 0 0 0 1 3710.dat
1 112 -70 -8 50 0 0 -1 0 1 0 1 0 0 30039.dat
1 8 -90 -8 50 0 0 -1 0 1 0 1 0 0 30039.dat
1 8 -70 -16 70 0 0 -1 0 1 0 1 0 0 30039.dat
1 112 -90 -8 70 0 0 -1 0 1 0 1 0 0 30039.dat
1 8 -90 -8 90 0 0 -1 0 1 0 1 0 0 30039.dat
1 112 -90 -8 110 0 0 -1 0 1 0 1 0 0 30039.dat
1 8 -90 -8 130 0 0 -1 0 1 0 1 0 0 30039.dat
1 112 -90 -8 150 0 0 -1 0 1 0 1 0 0 30039.dat
1 112 -70 -16 130 0 0 -1 0 1 0 1 0 0 30039.dat
1 8 -70 -8 150 0 0 -1 0 1 0 1 0 0 30039.dat
1 15 0 0 220 -1 0 -0 0 1 0 0 0 -1 3030.dat
1 7 40 -8 180 1 0 0 0 1 0 -0 0 1 3795.dat
1 7 -30 -8 190 -1 0 0 0 1 0 0 0 -1 2420.dat
1 7 -70 -8 260 0 0 -1 0 1 0 1 0 0 6636.dat
1 125 -30 -8 260 0 0 -1 0 1 0 1 0 0 6636.dat
1 125 40 -8 310 1 0 0 0 1 0 -0 0 1 6636.dat
1 8 -70 -48 260 0 0 -1 0 1 0 1 0 0 6636.dat
1 15 20 -200 350 1 0 0 0 1 0 0 0 1 6636.dat
1 15 20 -200 30 1 0 0 0 1 0 0 0 1 6636.dat
1 8 0 -8 260 -1 -0 -0 -0 1 -0 0 -0 -1 3022.dat
1 0 -70 -16 100 0 0 -1 0 1 0 1 0 0 2412b.dat
1 7 20 -8 330 1 0 0 0 1 0 -0 0 1 3460.dat
1 7 70 -32 330 1 0 0 0 1 0 -0 0 1 2357.dat
1 7 70 -32 50 0 0 1 0 1 0 -1 0 0 2357.dat
1 7 -30 -32 50 -1 0 0 0 1 0 0 0 -1 2357.dat
1 7 -30 -32 150 0 0 -1 0 1 0 1 0 0 2357.dat
1 7 90 -336 190 -1 0 0 0 1 0 -0 0 -1 2357.dat
1 216 -30 -64 190 -1 0 0 0 1 0 0 0 -1 2357.dat
1 216 -30 -88 190 -1 0 0 0 1 0 0 0 -1 2357.dat
1 216 -30 -112 190 -1 0 0 0 1 0 0 0 -1 2357.dat
1 216 -30 -136 190 -1 0 0 0 1 0 0 0 -1 2357.dat
1 216 -30 -160 190 -1 0 0 0 1 0 0 0 -1 2357.dat
1 216 -30 -184 190 -1 0 0 0 1 0 0 0 -1 2357.dat
1 216 50 -264 310 0 0 -1 0 1 0 1 0 0 2357.dat
1 216 30 -288 260 0 0 -1 0 1 0 1 0 0 3009.dat
1 0 30 -296 260 0 0 -1 0 1 0 1 0 0 44728.dat
1 216 44 -266 250 0 -1 0 0 0 -1 1 0 0 50746.dat
1 216 44 -266 270 0 -1 0 0 0 -1 1 0 0 50746.dat
1 7 68 -286 260 0 -1 0 0 0 -1 1 0 0 3937.dat
1 216 50 -264 210 -1 0 0 0 1 0 0 0 -1 2357.dat
1 7 0 -32 260 0 0 -1 0 1 0 1 0 0 3003.dat
1 7 -30 -32 340 0 0 -1 0 1 0 1 0 0 3004.dat
1 134 -30 -184 340 0 0 -1 0 1 0 1 0 0 3004.dat
1 134 -60 -184 310 -1 0 0 0 1 0 0 0 -1 3004.dat
1 134 -60 -184 210 -1 0 0 0 1 0 0 0 -1 3004.dat
1 134 70 -184 340 0 0 -1 0 1 0 1 0 0 3004.dat
1 134 70 -184 40 0 0 -1 0 1 0 1 0 0 3004.dat
1 7 -60 -32 330 -1 0 -0 0 1 0 0 0 -1 3004.dat
1 7 80 -216 190 -1 0 -0 0 1 0 0 0 -1 3004.dat
1 7 80 -240 150 1 0 0 0 1 0 0 0 1 3004.dat
1 7 30 -240 180 0 0 -1 0 1 0 1 0 0 3004.dat
1 7 0 -184 150 -1 0 -0 0 1 0 0 0 -1 3004.dat
1 7 -40 -64 150 -1 -0 0 -0 1 -0 0 -0 -1 3004.dat
1 216 -40 -64 330 -1 -0 0 -0 1 -0 0 -0 -1 3004.dat
1 216 -40 -88 330 -1 -0 0 -0 1 -0 0 -0 -1 3004.dat
1 216 -40 -112 330 -1 -0 0 -0 1 -0 0 -0 -1 3004.dat
1 216 -40 -136 330 -1 -0 0 -0 1 -0 0 -0 -1 3004.dat
1 216 20 -216 50 -1 -0 0 -0 1 -0 0 -0 -1 3004.dat
1 216 40 -240 50 -1 -0 0 -0 1 -0 0 -0 -1 3004.dat
1 216 60 -264 50 -1 -0 0 -0 1 -0 0 -0 -1 3004.dat
1 216 80 -288 50 -1 -0 0 -0 1 -0 0 -0 -1 3004.dat
1 216 40 -288 330 -1 -0 0 -0 1 -0 0 -0 -1 3004.dat
1 216 20 -264 190 -1 -0 0 -0 1 -0 0 -0 -1 3004.dat
1 216 80 -264 330 -1 -0 0 -0 1 -0 0 -0 -1 3004.dat
1 216 80 -240 50 -1 -0 0 -0 1 -0 0 -0 -1 3004.dat
1 216 60 -216 50 -1 -0 0 -0 1 -0 0 -0 -1 3004.dat
1 216 -40 -160 330 -1 -0 0 -0 1 -0 0 -0 -1 3004.dat
1 216 80 -64 330 -1 -0 0 -0 1 -0 0 -0 -1 3004.dat
1 216 80 -88 330 -1 -0 0 -0 1 -0 0 -0 -1 3004.dat
1 216 80 -112 330 -1 -0 0 -0 1 -0 0 -0 -1 3004.dat
1 216 80 -136 330 -1 -0 0 -0 1 -0 0 -0 -1 3004.dat
1 216 80 -160 330 -1 -0 0 -0 1 -0 0 -0 -1 3004.dat
1 216 80 -64 50 -1 -0 0 -0 1 -0 0 -0 -1 3004.dat
1 216 80 -88 50 -1 -0 0 -0 1 -0 0 -0 -1 3004.dat
1 216 80 -112 50 -1 -0 0 -0 1 -0 0 -0 -1 3004.dat
1 216 80 -136 50 -1 -0 0 -0 1 -0 0 -0 -1 3004.dat
1 216 80 -160 50 -1 -0 0 -0 1 -0 0 -0 -1 3004.dat
1 7 -40 -112 150 -1 -0 0 -0 1 -0 0 -0 -1 3004.dat
1 7 -50 -160 100 0 0 1 -0 1 -0 -1 -0 0 3307.dat
1 134 20 -160 350 1 0 0 -0 1 -0 0 0 1 3307.dat
1 134 20 -160 30 1 0 0 -0 1 -0 0 0 1 3307.dat
1 134 -30 -64 30 0 -0 -1 0 1 -0 1 -0 0 3005.dat
1 134 70 -64 30 0 -0 -1 0 1 -0 1 -0 0 3005.dat
1 134 70 -88 30 0 -0 -1 0 1 -0 1 -0 0 3005.dat
1 134 70 -112 30 0 -0 -1 0 1 -0 1 -0 0 3005.dat
1 134 -30 -88 30 0 -0 -1 0 1 -0 1 -0 0 3005.dat
1 134 -30 -112 30 0 -0 -1 0 1 -0 1 -0 0 3005.dat
1 7 60 -160 150 -1 -0 0 -0 1 -0 0 -0 -1 3004.dat
1 7 -50 -32 190 -1 -0 -0 -0 1 -0 0 -0 -1 3622.dat
1 47 50 -48 120 0 -0 -1 -0 1 -0 1 0 0 4864b.dat
1 0 50 -56 120 -0 0 -1 -0 1 0 1 -0 -0 3794b.dat
1 0 50 -56 80 -0 0 -1 -0 1 0 1 -0 -0 3794b.dat
1 47 50 -48 80 0 -0 -1 -0 1 -0 1 0 0 4864b.dat
1 0 30 -32 150 0 -0 -1 0 1 -0 1 -0 0 3005.dat
1 0 30 -32 210 0 -0 -1 0 1 -0 1 -0 0 3005.dat
1 7 -30 -64 50 0 -0 -1 0 1 -0 1 -0 0 3005.dat
1 134 -30 -64 350 0 -0 -1 0 1 -0 1 -0 0 3005.dat
1 134 -70 -64 330 0 -0 -1 0 1 -0 1 -0 0 3005.dat
1 134 -70 -88 330 0 -0 -1 0 1 -0 1 -0 0 3005.dat
1 134 -70 -112 330 0 -0 -1 0 1 -0 1 -0 0 3005.dat
1 134 -70 -184 330 0 -0 -1 0 1 -0 1 -0 0 3005.dat
1 134 -70 -184 190 0 -0 -1 0 1 -0 1 -0 0 3005.dat
1 134 -30 -184 30 0 -0 -1 0 1 -0 1 -0 0 3005.dat
1 134 -70 -160 260 0 -0 -1 0 1 -0 1 -0 0 3308.dat
1 134 -70 -64 190 0 -0 -1 0 1 -0 1 -0 0 3005.dat
1 134 -70 -88 190 0 -0 -1 0 1 -0 1 -0 0 3005.dat
1 134 70 -64 350 0 -0 -1 0 1 -0 1 -0 0 3005.dat
1 134 70 -88 350 0 -0 -1 0 1 -0 1 -0 0 3005.dat
1 134 70 -112 350 0 -0 -1 0 1 -0 1 -0 0 3005.dat
1 134 -30 -88 350 0 -0 -1 0 1 -0 1 -0 0 3005.dat
1 134 -30 -112 350 0 -0 -1 0 1 -0 1 -0 0 3005.dat
1 216 -50 -184 330 -0 -0 -1 -0 1 0 1 0 -0 3005.dat
1 216 90 -216 50 -0 -0 -1 -0 1 0 1 0 -0 3005.dat
1 216 90 -264 50 -0 -0 -1 -0 1 0 1 0 -0 3005.dat
1 216 50 -288 210 -0 -0 -1 -0 1 0 1 0 -0 3005.dat
1 7 50 -336 190 -0 -0 -1 -0 1 0 1 0 -0 3005.dat
1 216 50 -288 310 -0 0 -1 -0 1 0 1 0 -0 3005.dat
1 216 90 -216 330 -0 -0 -1 -0 1 0 1 0 -0 3005.dat
1 216 90 -184 330 -0 -0 -1 -0 1 0 1 0 -0 3005.dat
1 7 90 -192 330 -0 0 -1 -0 1 0 1 0 -0 3024.dat
1 7 -30 -192 190 -0 0 -1 -0 1 0 1 0 -0 3024.dat
1 216 90 -184 50 -0 -0 -1 -0 1 0 1 0 -0 3005.dat
1 7 -30 -112 50 0 -0 -1 0 1 -0 1 -0 0 3005.dat
1 7 -30 -136 50 0 -0 -1 0 1 -0 1 -0 0 3005.dat
1 7 -30 -160 50 0 -0 -1 0 1 -0 1 -0 0 3005.dat
1 7 -30 -136 150 0 -0 -1 0 1 -0 1 -0 0 3005.dat
1 7 30 -160 170 0 -0 -1 0 1 -0 1 -0 0 3005.dat
1 0 -50 -32 210 0 -0 -1 0 1 -0 1 -0 0 3005.dat
1 0 -50 -32 310 0 -0 -1 0 1 -0 1 -0 0 3005.dat
1 0 90 -32 150 0 -0 -1 0 1 -0 1 -0 0 3005.dat
1 0 90 -32 210 -1 0 -0 0 1 -0 0 -0 -1 60475.dat
1 6 90 -8 230 -1 -0 -0 0 -1 0 -0 0 1 2542.dat
1 7 -50 -64 50 -0 0 1 0 1 -0 -1 0 -0 60475.dat
1 7 -50 -112 50 -0 0 1 0 1 -0 -1 0 -0 60475.dat
1 6 -70 -100 50 1 0 -0 0 1 0 0 0 1 64390.dat
1 134 -70 -112 190 -0 0 1 0 1 -0 -1 0 -0 60475.dat
1 0 -90 -89 190 0.707107 0 0.707107 0 -1 0 0.707107 0 -0.707107 64644.dat
1 0 -60 -166 -98 0.707107 -0 -0.707107 -0.707107 -0 -0.707107 0 1 -0 64644.dat
1 46 -90 -129 190 0.707107 0 0.707107 0 -1 0 0.707107 -0 -0.707107 4589.dat
1 0 -90 -153 190 0.707107 0 0.707107 0 -1 0 0.707107 -0 -0.707107 4073.dat
1 8 -40 -88 50 -1 0 0 0 1 0 -0 0 -1 30136.dat
1 8 -40 -88 150 -1 0 0 0 1 0 -0 0 -1 30136.dat
1 8 60 -112 210 -1 0 0 0 1 0 -0 0 -1 30136.dat
1 8 40 -216 190 -1 0 0 0 1 0 -0 0 -1 30136.dat
1 8 40 -240 150 -1 0 0 0 1 0 -0 0 -1 30136.dat
1 8 80 -264 190 -1 0 0 0 1 0 -0 0 -1 30136.dat
1 8 90 -216 160 0 0 -1 0 1 0 1 0 0 30136.dat
1 8 90 -360 180 -0 0 -1 -0 1 0 1 0 -0 30136.dat
1 7 60 -136 210 -1 -0 0 -0 1 0 -0 0 -1 3010.dat
1 7 60 -160 190 -1 -0 0 -0 1 0 -0 0 -1 3037.dat
1 7 -30 -184 120 0 0 1 0 1 -0 -1 0 0 3037.dat
1 7 80 -184 170 0 0 1 0 1 -0 -1 0 0 3002.dat
1 7 70 -240 180 1 -0 0 0 1 -0 0 0 1 3002.dat
1 7 80 -264 160 1 -0 0 0 1 -0 0 0 1 3003.dat
1 7 90 -288 170 0 -0 -1 0 1 -0 1 -0 0 3622.dat
1 7 70 -312 190 -1 0 -0 0 1 0 0 0 -1 3622.dat
1 7 50 -288 190 -1 0 0 0 1 -0 0 -0 -1 3622.dat
1 7 40 -184 170 0 0 1 0 1 -0 -1 0 0 3002.dat
1 7 50 -216 160 1 -0 0 0 1 -0 0 0 1 3002.dat
1 7 60 -136 150 -1 -0 0 -0 1 0 -0 0 -1 3010.dat
1 8 90 -136 180 0 0 1 -0 1 -0 -1 -0 0 30136.dat
1 8 90 -160 160 0 0 1 -0 1 -0 -1 -0 0 30136.dat
1 8 30 -136 180 0 0 1 -0 1 -0 -1 -0 0 30136.dat
1 8 60 -112 150 -1 0 0 0 1 0 -0 0 -1 30136.dat
1 0 30 -32 180 -0 0 1 -0 1 -0 -1 -0 -0 2877.dat
1 0 90 -32 180 -0 0 1 -0 1 -0 -1 -0 -0 2877.dat
1 0 60 -32 180 0 -0 1 0 1 0 -1 0 0 3001.dat
1 36 70 -40 190 -0 0 1 -0 1 -0 -1 0 -0 4073.dat
1 36 70 -40 170 -0 0 1 -0 1 -0 -1 0 -0 4073.dat
1 36 50 -40 170 -0 0 1 -0 1 -0 -1 0 -0 4073.dat
1 27 -19.974968 -59.087151 209.091934 -0 0.5 0.866025 0 0.866025 -0.5 -1 0 -0 4073.dat
1 27 -19.974957 -59.087143 249.091934 -0 0.5 0.866025 0 0.866025 -0.5 -1 0 -0 4073.dat
1 6 -23.974953 -66.01535 289.09198 -0 0.5 0.866025 0 0.866025 -0.5 -1 0 -0 4073.dat
1 6 -23.97496 -66.015343 269.091949 -0 0.5 0.866025 0 0.866025 -0.5 -1 0 -0 4073.dat
1 6 -6.654446 -76.015343 269.09198 -0 0.5 0.866025 0 0.866025 -0.5 -1 0 -0 4073.dat
1 19 -2.654453 -69.087128 249.091934 -0 0.5 0.866025 0 0.866025 -0.5 -1 0 -0 4073.dat
1 19 -2.654457 -69.087135 229.091949 -0 0.5 0.866025 0 0.866025 -0.5 -1 0 -0 4073.dat
1 19 -2.654461 -69.087135 309.091949 -0 0.5 0.866025 0 0.866025 -0.5 -1 0 -0 4073.dat
1 36 50 -40 190 -0 0 1 -0 1 -0 -1 0 -0 4073.dat
1 0 20 -32 330 -1 0 0 0 1 -0 -0 -0 -1 30414.dat
1 0 19.656855 -32 49.999996 1 -0 -0 0 1 -0 0 0 1 30414.dat
1 0 19.656855 -184 29.999996 1 -0 -0 0 1 -0 0 0 1 30414.dat
1 0 19.656855 -184 350 -1 0 0 0 1 0 0 0 -1 30414.dat
1 0 -70.343147 -184 260 0 0 1 0 1 0 -1 0 0 30414.dat
1 0 -0.343143 -22 32 -1 -0 -0 -0 0 1 0 1 -0 3794b.dat
1 0 39.656853 -22 31.999998 -1 0 -0 -0 -0 1 0 1 0 3794b.dat
1 8 -0.343145 -22 23.999996 1 0 -0 -0 -0 -1 -0 1 -0 4073.dat
1 8 39.656853 -22 23.999998 1 0 -0 -0 -0 -1 -0 1 -0 4073.dat
1 0 40 -22 348 1 0 0 -0 0 1 0 -1 0 3794b.dat
1 0 0 -22 348 1 0 0 -0 -0 1 0 -1 -0 3794b.dat
1 0 -50 -32 260 -0 0 1 -0 1 -0 -1 0 -0 30414.dat
1 0 -68.17157 -22 300.17157 0 1 0 -0 0 1 1 0 0 3794b.dat
1 0 -68.17157 -22 260.17157 0 1 0 0 -0 1 1 0 0 3794b.dat
1 0 -68.17157 -22 220.17157 0 1 0 0 -0 1 1 0 0 3794b.dat
1 8 -76.17157 -22 220.17157 -0 1 -0 -0 -0 -1 -1 -0 0 4073.dat
1 8 -76.17157 -22 300.17157 -0 1 -0 -0 -0 -1 -1 -0 0 4073.dat
1 8 -76.17157 -22 260.17157 -0 1 -0 -0 -0 -1 -1 -0 0 4073.dat
1 8 40 -22 356 -1 -0 0 -0 -0 -1 0 -1 0 4073.dat
1 8 0 -22 356 -1 -0 0 -0 -0 -1 0 -1 0 4073.dat
1 7 30 -40 210 0 -0 1 0 1 -0 -1 0 0 2420.dat
1 7 30 -40 150 1 -0 -0 0 1 -0 0 -0 1 2420.dat
1 7 90 -40 150 -0 0 -1 0 1 -0 1 -0 -0 2420.dat
1 7 90 -40 210 -1 0 0 0 1 -0 -0 0 -1 2420.dat
1 7 20 -40 340 1 0 0 0 1 0 -0 0 1 3795.dat
1 7 20 -192 340 1 0 0 0 1 0 -0 0 1 3795.dat
1 0 20 -184 330 1 0 0 0 1 0 -0 0 1 30179.dat
1 0 20 -184 50 -1 0 0 0 1 0 0 0 -1 30179.dat
1 47 19.999998 -180 46 -1 0 0 0 1 0 0 0 -1 57895.dat
1 47 20 -180 334 1 0 0 0 1 0 -0 0 1 57895.dat
1 7 20 -40 40 1 0 0 0 1 0 -0 0 1 3795.dat
1 7 -60 -40 260 0 0 -1 0 1 0 1 0 0 3034.dat
1 7 -60 -192 260 0 0 -1 0 1 0 1 0 0 3034.dat
1 216 -60 -216 260 0 0 -1 0 1 0 1 0 0 3001.dat
1 7 -50 -288 260 0 0 -1 0 1 0 1 0 0 30044.dat
1 8 -54 -264 260 0 0 -1 0 1 0 1 0 0 30046.dat
1 216 -20 -216 100 0 0 -1 0 1 0 1 0 0 3001.dat
1 7 -10 -288 100 0 0 -1 0 1 0 1 0 0 30044.dat
1 8 -14 -264 100 0 0 -1 0 1 0 1 0 0 30046.dat
1 8 -30 -224 100 0 0 -1 0 1 0 1 0 0 2431.dat
1 216 -10 -224 100 0 0 -1 0 1 0 1 0 0 3023.dat
1 216 0 -224 130 -1 0 -0 0 1 0 0 0 -1 3023.dat
1 216 0 -224 70 -1 0 -0 0 1 0 0 0 -1 3023.dat
1 216 10 -216 70 0 0 -1 0 1 0 1 0 0 3005.dat
1 216 10 -216 130 0 0 -1 0 1 0 1 0 0 3005.dat
1 216 0 -248 70 -1 -0 -0 -0 1 -0 0 -0 -1 3004.dat
1 216 0 -272 70 -1 -0 -0 -0 1 -0 0 -0 -1 3004.dat
1 216 0 -248 130 -1 -0 -0 -0 1 -0 0 -0 -1 3004.dat
1 216 0 -272 130 -1 -0 -0 -0 1 -0 0 -0 -1 3004.dat
1 216 -10 -296 100 0 -0 -1 -0 1 -0 1 0 0 3659.dat
1 216 10 -296 100 0 -0 -1 -0 1 -0 1 0 0 3659.dat
1 8 -10 -304 120 -0 0 1 0 1 -0 -1 0 -0 48336.dat
1 15 0 -312 100 0 -0 1 0 1 0 -1 0 0 3020.dat
1 15 0 -344 100 0 -0 1 0 1 0 -1 0 0 3020.dat
1 8 -10 -304 80 -0 0 1 0 1 -0 -1 0 -0 48336.dat
1 216 10 -304 100 -0 0 -1 -0 1 0 1 -0 -0 3710.dat
1 15 10 -336 100 0 0 1 0 1 -0 -1 0 0 3004.dat
1 15 10 -336 130 -1 0 0 0 1 0 -0 0 -1 3040b.dat
1 15 10 -336 70 1 -0 -0 0 1 0 0 -0 1 3040b.dat
1 15 -10 -336 100 0 -0 1 0 1 0 -1 0 0 3039.dat
1 15 -10 -336 70 0 0 1 0 1 -0 -1 0 0 3045.dat
1 15 -10 -336 130 -1 0 0 0 1 -0 -0 -0 -1 3045.dat
1 15 0 -352 100 0 0 1 0 1 -0 -1 0 0 3022.dat
1 15 -35.401947 -299.5 120 -0.5 -0.866025 -0 -0.866025 0.5 0 0 0 -1 2555.dat
1 36 -42.330093 -295.5 120 -0.5 -0.866025 -0 -0.866025 0.5 0 0 0 -1 4073.dat
1 15 -35.401947 -299.5 80 -0.5 -0.866025 -0 -0.866025 0.5 0 0 0 -1 2555.dat
1 35 -42.330093 -295.5 80 -0.5 -0.866025 -0 -0.866025 0.5 0 0 0 -1 4073.dat
1 8 -70 -224 260 0 0 -1 0 1 0 1 0 0 2431.dat
1 216 -50 -224 260 0 0 -1 0 1 0 1 0 0 3023.dat
1 216 -40 -224 290 -1 0 -0 0 1 0 0 0 -1 3023.dat
1 216 -40 -224 230 -1 0 -0 0 1 0 0 0 -1 3023.dat
1 7 10 -56 260 -0 0 1 0 1 0 -1 0 -0 3937.dat
1 7 5 -55 260 -0 0.5 -0.866025 0 0.866025 0.5 1 0 -0 6134.dat
1 27 54 -16 80 0 0 1 0 1 0 -1 0 0 3023.dat
1 45 54 -24 70 0 0 1 0 1 0 -1 0 0 4073.dat
1 45 54 -32 70 0 0 1 0 1 0 -1 0 0 4073.dat
1 45 54 -24 90 0 0 1 0 1 0 -1 0 0 4073.dat
1 45 54 -32 90 0 0 1 0 1 0 -1 0 0 4073.dat
1 25 54 -40 80 0 0 1 0 1 0 -1 0 0 3069b.dat
1 27 54 -16 120 0 0 1 0 1 0 -1 0 0 3023.dat
1 45 54 -24 110 0 0 1 0 1 0 -1 0 0 4073.dat
1 45 54 -32 110 0 0 1 0 1 0 -1 0 0 4073.dat
1 45 54 -24 130 0 0 1 0 1 0 -1 0 0 4073.dat
1 45 54 -32 130 0 0 1 0 1 0 -1 0 0 4073.dat
1 25 54 -40 120 0 0 1 0 1 0 -1 0 0 3069b.dat
1 6 0 -16 160 -1 -0 -0 -0 1 -0 0 -0 -1 61780.dat
1 6 60 -200 120 -1 -0 -0 -0 1 -0 0 -0 -1 61780.dat
1 7 30 -64 210 0 -0 -1 0 1 -0 1 -0 0 3062b.dat
1 7 30 -64 150 0 -0 -1 0 1 -0 1 -0 0 3062b.dat
1 7 90 -64 150 0 -0 -1 0 1 -0 1 -0 0 3062b.dat
1 7 90 -64 210 0 -0 -1 0 1 -0 1 -0 0 3062b.dat
1 7 60 -88 210 -1 0 -0 0 1 -0 0 -0 -1 3659.dat
1 7 90 -112 180 0 0 1 0 1 -0 -1 0 0 3659.dat
1 7 30 -112 180 0 0 1 0 1 -0 -1 0 0 3659.dat
1 7 60 -88 150 -1 0 -0 0 1 -0 0 -0 -1 3659.dat
1 7 0 -160 150 -1 0 -0 0 1 -0 0 -0 -1 3659.dat
1 6 50 -64 100 0 -0 1 0 1 0 -1 0 0 3020.dat
1 10 50 -72 110 -1 0 0 0 1 -0 -0 -0 -1 3069bpw2.dat
1 7 40 -88 70 -0 -0 -1 0 1 -0 1 -0 -0 3040p06.dat
1 15 -7.314709 -57.158943 259.091949 -0 0.5 -0.866025 -0 0.866025 0.5 1 0 -0 3795.dat
1 25 -2.654457 -69.087135 209.091934 0 0.5 -0.866025 -0 0.866025 0.5 1 0 0 6254.dat
1 25 -19.974964 -59.087151 229.091934 0 0.5 -0.866025 -0 0.866025 0.5 1 0 0 6254.dat
1 13 -2.654449 -69.087158 269.091949 0 0.5 -0.866025 -0 0.866025 0.5 1 0 0 33291.dat
1 13 -6.654461 -76.01535 229.091949 0 0.5 -0.866025 -0 0.866025 0.5 1 0 0 33291.dat
1 13 -6.654457 -76.01535 249.091934 -0 0.5 -0.866025 0 0.866025 0.5 1 0 0 33291.dat
1 13 -19.974957 -59.087143 269.091949 0 0.5 -0.866025 -0 0.866025 0.5 1 0 0 33291.dat
1 13 -19.974949 -59.087143 289.09198 0 0.5 -0.866025 -0 0.866025 0.5 1 0 0 33291.dat
1 84 -2.654461 -69.087135 309.091949 0.612372 0.5 -0.612372 -0.353553 0.866025 0.353553 0.707107 -0 0.707107 33125.dat
1 68 0 -53 165 -0 0.999999 -0 -1 -0 0 0 0 1 4342.dat
1 68 14 -53 154 -0 0.999999 -0 -1 -0 0 0 0 1 4342.dat
1 47 -50 -160 260 -0 0 1 0 1 0 -1 0 -0 59350.dat
1 7 -30 -184 60 0 -0 1 0 1 0 -1 -0 0 3039.dat
1 7 50 -264 160 0 -0 1 0 1 0 -1 -0 0 3039.dat
1 7 70 -288 160 0 -0 1 0 1 0 -1 -0 0 3039.dat
1 7 -50 -184 240 -0 -0 -1 0 1 -0 1 0 -0 3660.dat
1 7 -50 -184 280 -0 -0 -1 0 1 -0 1 0 -0 3660.dat
1 7 20 -192 100 0 0 1 0 1 -0 -1 -0 0 3036.dat
1 10 30 -174 368 1 0 0 0 -0 1 0 -1 -0 2420.dat
1 10 10 -174 368 -0 0 -1 1 0 -0 0 -1 -0 2420.dat
1 10 20 -164 376 -0 0 -1 1 0 -0 0 -1 -0 4032b.dat
1 4 20 -164 384 -0 0 -1 1 0 -0 0 -1 -0 4073.dat
1 10 -88.421555 -174 269.775116 0 1 0 0 -0 1 1 0 0 2420.dat
1 10 -88.42157 -174 249.775146 0 1 0 1 0 -0 -0 0 -1 2420.dat
1 10 -96.421555 -164 259.775116 0 1 0 1 0 -0 -0 0 -1 4032b.dat
1 4 -104.421555 -164 259.775116 0 1 0 1 0 -0 -0 0 -1 4073.dat
1 4 -96.421547 -174 228.775116 0 1 0 1 0 -0 -0 0 -1 4073.dat
1 4 -96.421547 -174 289.775116 0 1 0 1 0 -0 -0 0 -1 4073.dat
1 4 -11 -174 376 -0 0 -1 1 0 -0 0 -1 -0 4073.dat
1 4 50 -174 376 -0 0 -1 1 0 -0 0 -1 -0 4073.dat
1 10 9.803304 -174 12.35355 -1 0 0 0 -0 1 0 1 0 2420.dat
1 10 29.803303 -174 12.353554 0 -0 1 1 0 -0 0 1 0 2420.dat
1 10 19.803305 -164 4.353553 0 -0 1 1 0 -0 0 1 0 4032b.dat
1 4 19.803303 -164 -3.646446 0 -0 1 1 0 -0 0 1 0 4073.dat
1 4 50.803299 -174 4.353555 0 -0 1 1 0 -0 0 1 0 4073.dat
1 4 -10.196695 -174 4.353553 0 -0 1 1 0 -0 0 1 0 4073.dat
1 7 -30 -192 260 0 0 -1 0 1 0 1 0 0 3710.dat
1 7 50 -192 190 -1 0 -0 0 1 0 0 0 -1 3623.dat
1 7 90 -192 120 -0 0 1 -0 1 -0 -1 -0 -0 3460.dat
1 8 -30 -216 190 0 0 -1 0 1 0 1 0 0 3665.dat
1 8 -10 -240 190 0 0 -1 0 1 0 1 0 0 3665.dat
1 216 -10 -216 50 0 -0 1 0 1 0 -1 0 0 3040b.dat
1 216 10 -240 50 0 -0 1 0 1 0 -1 0 0 3040b.dat
1 216 30 -264 50 0 -0 1 0 1 0 -1 0 0 3040b.dat
1 216 50 -288 50 0 -0 1 0 1 0 -1 0 0 3040b.dat
1 216 70 -288 330 0 0 -1 0 1 0 1 -0 0 3040b.dat
1 216 -10 -264 190 0 -0 1 0 1 0 -1 0 0 3040b.dat
1 216 -10 -264 330 0 -0 1 0 1 0 -1 0 0 3040b.dat
1 216 10 -288 330 0 -0 1 0 1 0 -1 0 0 3040b.dat
1 216 10 -288 190 0 -0 1 0 1 0 -1 0 0 3040b.dat
1 216 30 -312 190 0 -0 1 0 1 0 -1 0 0 3040b.dat
1 7 70 -360 190 0 -0 1 0 1 0 -1 0 0 3040b.dat
1 7 80 -384 180 -0 0 1 -0 1 0 -1 -0 -0 3003.dat
1 8 80 -392 190 1 0 -0 0 1 0 0 0 1 3794b.dat
1 8 80 -408 200 1 0 -0 0 1 0 0 0 1 3794b.dat
1 7 80 -432 200 1 0 -0 0 1 0 0 0 1 3062b.dat
1 7 80 -432 180 1 0 -0 0 1 0 0 0 1 3062b.dat
1 7 80 -432 160 1 0 -0 0 1 0 0 0 1 3062b.dat
1 8 80 -408 180 1 0 -0 0 1 0 0 0 1 3794b.dat
1 8 80 -408 160 1 0 -0 0 1 0 0 0 1 3794b.dat
1 8 80 -392 170 1 0 -0 0 1 0 0 0 1 3794b.dat
1 7 90 -312 170 0 -0 1 0 1 0 -1 0 0 3040b.dat
1 216 30 -312 330 0 -0 1 0 1 0 -1 0 0 3040b.dat
1 216 30 -312 330 0 0 1 0 1 0 -1 0 0 54200.dat
1 216 50 -312 330 -0 0 -1 0 1 0 1 0 -0 54200.dat
1 216 50 -312 330 0 0 -1 0 1 0 1 0 0 3040b.dat
1 216 -50 -216 190 0 -0 1 0 1 0 -1 0 0 3040b.dat
1 216 -30 -240 190 0 -0 1 0 1 0 -1 0 0 3040b.dat
1 216 -50 -216 330 0 -0 1 0 1 0 -1 0 0 3040b.dat
1 216 -30 -240 330 0 -0 1 0 1 0 -1 0 0 3040b.dat
1 216 20 -216 330 1 0 -0 0 1 -0 0 0 1 3009.dat
1 216 40 -240 330 1 0 -0 0 1 -0 0 0 1 3009.dat
1 7 30 -264 330 -1 0 0 0 1 -0 -0 -0 -1 4070.dat
1 0 20 -254 344 -1 -0 0 -0 -0 -1 0 -1 0 2412b.dat
1 7 10 -264 330 -1 0 0 0 1 -0 -0 -0 -1 4070.dat
1 7 66.463226 -280.79425 260 0 -0.866025 -0.499999 0 -0.5 0.866025 -0.999999 0 0 6134.dat
1 47 84.176025 -247.473724 260 0.499999 -0.866025 0 -0.866024 -0.5 0 0 -0 -0.999999 u9158.dat
1 6 -65 -108 52 1 0 -0 0 1 0 0 0 1 64390s01.dat
1 6 -65 -145 100 0 0 0.999999 -0 1 0 -0.999999 0 0 64390s03.dat
1 6 -66 -121 100 0 -0 0.999999 0 1 0 -0.999999 0 0 30046.dat
1 6 -65 -145 100 0 0 -0.999999 -0 1 0 0.999999 0 0 64390s03.dat
1 6 -70 -108 52 1 0 -0 0 1 0 0 0 1 64390s02.dat
1 8 80 -296 150 -1 0 -0 0 1 0 0 0 -1 32530.dat
1 8 40 -296 210 -1 0 -0 0 1 0 0 0 -1 32530.dat
1 8 40 -296 310 -1 0 -0 0 1 0 0 0 -1 32530.dat
1 8 80 -296 50 -1 0 -0 0 1 0 0 0 -1 32530.dat
1 15 -5.883501 -261.046234 40 -0.66913 0.743145 -0 0.743145 0.66913 -0 0 -0 -1 3832.dat
1 15 -5.883501 -261.046234 160 -0.66913 0.743145 -0 0.743145 0.66913 -0 0 -0 -1 3832.dat
1 15 47.646915 -320.497833 100 0 0.743144 -0.66913 -0 0.66913 0.743144 1 -0 0 3020.dat
1 15 35.010483 -318.419434 100 -0 0.743145 0.66913 -0 0.669131 -0.743144 -1 -0 0 3460.dat
1 15 -58.667835 -214.379105 100 -0 0.743145 0.66913 -0 0.669131 -0.743144 -1 -0 0 3460.dat
1 15 -72.0504 -199.516251 100 -0 0.743145 0.66913 -0 0.66913 -0.743144 -1 -0 0 4510.dat
1 15 55.084393 -340.713745 100 -0 0.743145 0.66913 -0 0.66913 -0.743145 -1 -0 0 3034.dat
1 15 67.72084 -342.792175 100 -0 0.743145 0.66913 -0 0.669131 -0.743144 -1 -0 0 3460.dat
1 7 66.974701 -330.00769 100 -0 0.743145 0.66913 -0 0.669131 -0.743144 -1 -0 0 3795.dat
1 8 72.91983 -324.654602 100 -0 0.743145 0.66913 -0 0.66913 -0.743145 -1 -0 0 30157.dat
1 7 13.44426 -270.556091 30 0.66913 0.743145 0 -0.743145 0.66913 0 0 -0 1 4477.dat
1 7 -60.160114 -188.81015 40 -0 0.743145 0.66913 -0 0.66913 -0.743145 -1 -0 0 60470.dat
1 7 -60.160114 -188.81015 160 -0 0.743145 0.66913 -0 0.66913 -0.743145 -1 -0 0 60470.dat
1 7 -46.777485 -203.67305 170 -0 0.743145 0.66913 -0 0.669131 -0.743144 -1 -0 0 3024.dat
1 15 -92 -183 100 0 0 0.999999 0 1 -0 -1 -0 -0 4510.dat
1 15 -92 -175 160 -0 -0 -0.999999 0 1 -0 1 0 0 48336.dat
1 15 -118 -198 240 0 0 0.999999 0 1 -0 -1 -0 -0 4510.dat
1 15 -118 -190 320 -0 -0 -0.999999 0 1 -0 1 0 0 48336.dat
1 15 -118 -198 340 -0 0 0.999999 0 1 -0 -1 -0 -0 32028.dat
1 15 -118 -190 200 -0 -0 -0.999999 0 1 -0 1 0 0 48336.dat
1 15 -92 -175 40 -0 -0 -0.999999 0 1 -0 1 0 0 48336.dat
1 15 -32.542252 -275.940369 320 -0.66913 0.743144 0 0.743144 0.66913 -0 -0 0 -1 3832.dat
1 15 -32.542252 -275.940369 200 -0.66913 0.743144 0 0.743144 0.66913 -0 -0 0 -1 3832.dat
1 15 -98.709084 -214.4104 280 -0 0.743144 0.66913 -0 0.66913 -0.743144 -1 -0 0 4510.dat
1 15 -98.709084 -214.4104 180 0 0.743144 0.66913 -0 0.66913 -0.743144 -1 -0 0 32028.dat
1 15 -51.870026 -266.430511 340 -0.66913 0.743144 -0 0.743144 0.66913 -0 -0 -0 -1 3795.dat
1 15 -51.988171 -266.702515 180 -0.66913 0.743144 -0 0.743144 0.66913 -0 -0 -0 -1 3795.dat
1 15 15.043026 -340.744995 260 -0 0.743144 0.66913 -0 0.66913 -0.743144 -1 -0 0 3030.dat
1 7 -32.542252 -275.940369 170 -0.66913 0.743144 0 0.743144 0.66913 0 -0 0 -1 4477.dat
1 7 -32.542252 -275.940369 350 -0.66913 0.743144 0 0.743144 0.66913 0 -0 0 -1 4477.dat
1 7 20.988178 -335.391937 260 -0 0.743144 0.66913 -0 0.66913 -0.743144 -1 -0 0 3020.dat
1 15 26.9333 -330.038879 260 -0 0.743144 0.66913 -0 0.66913 -0.743144 -1 -0 0 3020.dat
1 8 32.87851 -324.685852 260 0 0.743144 0.66913 -0 0.66913 -0.743144 -1 0 0 30157.dat
1 7 -86.485001 -204.074387 320 -0 0.743144 0.66913 -0 0.66913 -0.743144 -1 -0 0 60470.dat
1 7 -86.485001 -204.074387 200 -0 0.743144 0.66913 -0 0.66913 -0.743144 -1 -0 0 60470.dat
1 7 80 -400 180 -0 0 -1 0 1 0 1 0 -0 3021.dat
1 216 -30 -216 230 0 0 -1 0 1 0 1 0 0 3005.dat
1 216 -30 -216 290 0 0 -1 0 1 0 1 0 0 3005.dat
1 216 -40 -248 230 -1 -0 -0 -0 1 -0 0 -0 -1 3004.dat
1 216 -40 -272 230 -1 -0 -0 -0 1 -0 0 -0 -1 3004.dat
1 216 -40 -248 290 -1 -0 -0 -0 1 -0 0 -0 -1 3004.dat
1 216 -40 -272 290 -1 -0 -0 -0 1 -0 0 -0 -1 3004.dat
1 216 -50 -296 260 0 -0 -1 -0 1 -0 1 0 0 3659.dat
1 216 -30 -296 260 0 -0 -1 -0 1 -0 1 0 0 3659.dat
1 8 -50 -304 280 -0 0 1 0 1 -0 -1 0 -0 48336.dat
1 15 -40 -312 260 0 -0 1 0 1 0 -1 0 0 3020.dat
1 15 -40 -344 260 0 -0 1 0 1 0 -1 0 0 3020.dat
1 8 -50 -304 240 -0 0 1 0 1 -0 -1 0 -0 48336.dat
1 216 -30 -304 260 -0 0 -1 -0 1 0 1 -0 -0 3710.dat
1 15 -30 -336 260 0 0 1 0 1 -0 -1 0 0 3004.dat
1 15 -30 -336 290 -1 0 0 0 1 0 -0 0 -1 3040b.dat
1 15 -30 -336 230 1 -0 -0 0 1 0 0 -0 1 3040b.dat
1 15 -50 -336 260 0 -0 1 0 1 0 -1 0 0 3039.dat
1 15 -50 -336 230 0 0 1 0 1 -0 -1 0 0 3045.dat
1 15 -50 -336 290 -1 0 0 0 1 -0 -0 -0 -1 3045.dat
1 15 -40 -352 260 0 0 1 0 1 -0 -1 0 0 3022.dat
1 15 -75.401947 -299.5 280 -0.5 -0.866025 -0 -0.866025 0.5 0 0 0 -1 2555.dat
1 36 -82.330093 -295.5 280 -0.5 -0.866025 -0 -0.866025 0.5 0 0 0 -1 4073.dat
1 15 -75.401947 -299.5 240 -0.5 -0.866025 -0 -0.866025 0.5 0 0 0 -1 2555.dat
1 35 -82.330093 -295.5 240 -0.5 -0.866025 -0 -0.866025 0.5 0 0 0 -1 4073.dat
1 0 -60 -56 -40 1 0 0 0 1 0 -0 0 1 3942b.dat
1 0 -60 -60 -40 1 0 0 0 1 0 -0 0 1 63965.dat
1 0 -60 -80 -40 1 0 0 0 1 0 -0 0 1 3062b.dat
1 0 -60 -104 -40 1 0 0 0 1 0 -0 0 1 3062b.dat
1 0 -60 -128 -40 1 0 0 0 1 0 -0 0 1 3062b.dat
1 0 -60 -152 -40 1 0 0 0 1 0 -0 0 1 3062b.dat
1 0 -60 -176 -40 1 0 0 0 1 0 -0 0 1 4733.dat
