0 10024.L3B
0 Name: 10024.L3B.ldr
0 ROTATION CENTER 0 0 0 1 "Custom" 
0 ROTATION CONFIG 0 0
1 4 0 72 20 1 0 0 0 1 0 0 0 1 3702.dat
1 4 -60 96 0 0 0 -1 0 1 0 1 0 0 3021.dat
1 4 60 96 0 0 0 -1 0 1 0 1 0 0 3021.dat
1 0 50 72 -20 0 0 -1 0 1 0 1 0 0 3622.dat
1 0 -50 72 -20 0 0 -1 0 1 0 1 0 0 3622.dat
1 0 50 96 -60 0 0 -1 0 1 0 1 0 0 2420.dat
1 0 -50 96 -60 1 0 0 0 1 0 0 0 1 2420.dat
1 0 20 82 10 0 0 -1 0 1 0 1 0 0 6628.dat
1 8 40 82 30 0 0 -1 0 1 0 1 0 0 32002.dat
1 8 -40 82 30 0 0 -1 0 1 0 1 0 0 32002.dat
1 0 0 72 -60 1 0 0 0 1 0 0 0 1 3894.dat
1 8 40 82 -70 0 0 1 0 1 0 -1 0 0 32002.dat
1 8 -40 82 -70 0 0 1 0 1 0 -1 0 0 32002.dat
1 0 -20 82 -50 0 0 1 0 1 0 -1 0 0 6628.dat
1 4 -70 72 -10 1 0 0 0 1 0 0 0 1 42023.dat
1 4 70 72 -10 1 0 0 0 1 0 0 0 1 42023.dat
1 0 0 48 -60 1 0 0 0 1 0 0 0 1 3010.dat
1 4 70 48 -60 -1 0 0 0 1 0 0 0 -1 2357.dat
1 4 -70 48 -60 0 0 1 0 1 0 -1 0 0 2357.dat
1 4 70 48 -10 0 0 -1 0 1 0 1 0 0 3010.dat
1 4 -70 48 -10 0 0 -1 0 1 0 1 0 0 3010.dat
1 7 -50 48 -10 0 0 -1 0 1 0 1 0 0 2653.dat
1 7 50 48 -10 0 0 1 0 1 0 -1 0 0 2653.dat
1 7 0 40 -60 1 0 0 0 1 0 0 0 1 3023.dat
1 7 60 40 20 1 0 0 0 1 0 0 0 1 3023.dat
1 7 -60 40 20 1 0 0 0 1 0 0 0 1 3023.dat
1 0 0 40 -10 1 0 0 0 1 0 0 0 1 3034.dat
1 4 -70 48 -100 1 0 0 0 1 0 0 0 1 6541.dat
1 4 70 48 -100 1 0 0 0 1 0 0 0 1 6541.dat
1 7 70 58 -110 0 0 1 0 1 0 -1 0 0 4274.dat
1 7 -70 58 -110 0 0 1 0 1 0 -1 0 0 4274.dat
1 7 30 32 0 -1 0 0 0 1 0 0 0 -1 2420.dat
1 7 -30 32 0 0 0 1 0 1 0 -1 0 0 2420.dat
1 4 -60 32 0 0 0 1 0 1 0 -1 0 0 3021.dat
1 4 60 32 0 0 0 1 0 1 0 -1 0 0 3021.dat
1 8 70 24 0 0 0 1 0 1 0 -1 0 0 3623.dat
1 8 -70 24 0 0 0 1 0 1 0 -1 0 0 3623.dat
1 4 0 24 10 0 0 -1 0 1 0 1 0 0 2444.dat
1 4 -70 0 20 1 0 0 0 1 0 0 0 1 3005.dat
1 4 70 0 20 1 0 0 0 1 0 0 0 1 3005.dat
1 4 0 0 0 1 0 0 0 1 0 0 0 1 3008.dat
1 0 0 18 -130 0 0 1 0 1 0 -1 0 0 3708.dat
1 6 0 18 -100 0 -1 0 -1 0 0 0 0 -1 4185.dat
1 6 0 18 -110 0 -1 0 -1 0 0 0 0 -1 4185.dat
1 7 -10 0.679489 -115 0 0 1 0 1 0 -1 0 0 4274.dat
1 7 10 0.679489 -115 0 0 1 0 1 0 -1 0 0 4274.dat
1 7 20 18 -115 0 0 1 0 1 0 -1 0 0 4274.dat
1 7 -20 18 -115 0 0 1 0 1 0 -1 0 0 4274.dat
1 7 -10 35.3205 -115 0 0 1 0 1 0 -1 0 0 4274.dat
1 7 10 35.3205 -115 0 0 1 0 1 0 -1 0 0 4274.dat
1 7 -20 18 -137 0 -1 0 -1 0 0 0 0 -1 4349.dat
1 7 20 18 -137 0 1 0 1 0 0 0 0 -1 4349.dat
1 7 10 35.3205 -137 -0.866025 0.5 0 0.5 0.866025 0 0 0 -1 4349.dat
1 7 -10 0.679489 -137 0.866025 -0.5 0 -0.5 -0.866025 0 0 0 -1 4349.dat
1 7 10 0.679489 -137 0.866025 0.5 0 0.5 -0.866025 0 0 0 -1 4349.dat
1 7 -10 35.3205 -137 -0.866025 -0.5 0 -0.5 0.866025 0 0 0 -1 4349.dat
1 6 0 18 -159 0 -1 0 -1 0 0 0 0 -1 4185.dat
1 8 0 32 -50 0 0 1 0 1 0 -1 0 0 3020.dat
1 7 0 8 -80 -1 0 0 0 1 0 0 0 -1 3700.dat
1 7 0 8 -60 -1 0 0 0 1 0 0 0 -1 3700.dat
1 7 0 8 -40 -1 0 0 0 1 0 0 0 -1 3700.dat
1 4 0 0 -60 0 0 1 0 1 0 -1 0 0 3021.dat
1 7 0 18 -15 -1 0 0 0 1 0 0 0 -1 32123a.dat
1 7 0 18 -25 1 0 0 0 1 0 0 0 1 32123a.dat
1 7 -60 0 -70 0 0 -1 0 1 0 1 0 0 2434.dat
1 7 60 0 -70 0 0 1 0 1 0 -1 0 0 2434.dat
1 4 70 -24 -100 1 0 0 0 1 0 0 0 1 3005.dat
1 4 -70 -24 -100 1 0 0 0 1 0 0 0 1 3005.dat
1 7 0 -24 -100 1 0 0 0 1 0 0 0 1 3455.dat
1 8 0 -8 -70 1 0 0 0 1 0 0 0 1 3795.dat
1 4 70 -8 -30 0 0 -1 0 1 0 1 0 0 6636.dat
1 4 -70 -8 -30 0 0 -1 0 1 0 1 0 0 6636.dat
1 0 0 -48 -100 1 0 0 0 1 0 0 0 1 3010.dat
1 7 60 -32 -100 1 0 0 0 1 0 0 0 1 3023.dat
1 7 -60 -32 -100 1 0 0 0 1 0 0 0 1 3023.dat
1 0 -30 -64 -100 0 0 1 0 1 0 -1 0 0 6091.dat
1 0 30 -64 -100 0 0 -1 0 1 0 1 0 0 6091.dat
1 7 30 -64 -100 1 0 0 0 1 0 0 0 1 6141.dat
1 7 -30 -64 -100 1 0 0 0 1 0 0 0 1 6141.dat
1 0 0 -72 -100 1 0 0 0 1 0 0 0 1 32000.dat
1 7 -10 -62 -110 0 0 1 0 1 0 -1 0 0 4274.dat
1 7 10 -62 -110 0 0 1 0 1 0 -1 0 0 4274.dat
1 4 30 -80 -100 0 0 -1 0 1 0 1 0 0 6005.dat
1 4 -30 -80 -100 0 0 1 0 1 0 -1 0 0 6005.dat
1 4 64.995 157.995 20 -0.949938 0 0.312437 0.312437 0 0.949938 0 1 0 32294.dat
1 4 -64.9594 158.007 20 -0.950084 0 -0.311993 -0.311993 0 0.950084 0 1 0 32294.dat
1 0 0 214 -20 1 0 0 0 1 0 0 0 1 3708.dat
1 0 -107 214 -20 0 1 0 -1 0 0 0 0 1 2741.dat
1 0 107 214 -20 0 -1 0 1 0 0 0 0 1 2741.dat
1 7 90 214 -20 0 0 1 0 1 0 -1 0 0 32184.dat
1 7 -90 214 -20 0 0 1 0 1 0 -1 0 0 32184.dat
1 7 -90 194 -30 0 0 -1 0 1 0 1 0 0 2736.dat
1 7 90 194 -10 0 0 1 0 1 0 -1 0 0 2736.dat
1 7 70 214 -20 0 0 -1 0 1 0 1 0 0 3713.dat
1 7 -70 214 -20 0 0 -1 0 1 0 1 0 0 3713.dat
1 4 -40 214 -20 1 0 0 0 1 0 0 0 1 75535.dat
1 4 0 214 -20 1 0 0 0 1 0 0 0 1 75535.dat
1 4 40 214 -20 1 0 0 0 1 0 0 0 1 75535.dat
1 0 -90 234 -10 0 0 -1 0 1 0 1 0 0 32073.dat
1 0 90 234 -10 0 0 -1 0 1 0 1 0 0 32073.dat
1 7 -126 214 -20 0 1 0 0 0 1 1 0 0 6141.dat
1 7 -134 214 -20 0 1 0 0 0 1 1 0 0 6141.dat
1 4 -150 214 -20 0 1 0 0 0 1 1 0 0 3960.dat
1 7 126 214 -20 0 -1 0 0 0 1 -1 0 0 6141.dat
1 7 134 214 -20 0 -1 0 0 0 1 -1 0 0 6141.dat
1 4 150 214 -20 0 -1 0 0 0 1 -1 0 0 3960.dat
1 7 90 234 15 -1 0 0 0 1 0 0 0 -1 32123a.dat
1 7 -90 234 15 -1 0 0 0 1 0 0 0 -1 32123a.dat
1 4 90 194 2 -0.707107 0.183113 -0.683012 0.707107 0.183113 -0.683012 0 -0.966518 -0.258819 32293.dat
1 4 -90 194 -42 0.707107 -0.183012 0.683012 0.707107 0.183012 -0.683012 0 0.965926 0.258819 32293.dat
1 4 -64.9594 158.007 -60 0.950085 0 -0.311993 0.311993 0 0.950084 0 -1 0 32294.dat
1 4 64.995 157.995 -60 0.949939 0 0.312437 -0.312437 0 0.949938 0 -1 0 32294.dat
1 7 -90 234 -55 -1 0 0 0 1 0 0 0 -1 32123a.dat
1 7 90 234 -55 -1 0 0 0 1 0 0 0 -1 32123a.dat
1 8 47.9533 18 -137 0 1 0 -1 0 0 0 0 1 4740.dat
1 8 39.9533 18 -137 0 1 0 -1 0 0 0 0 1 4740.dat
1 8 31.9533 18 -137 0 1 0 -1 0 0 0 0 1 4740.dat
1 8 -31.9533 18 -137 0 -1 0 1 0 0 0 0 1 4740.dat
1 8 -47.9533 18 -137 0 -1 0 1 0 0 0 0 1 4740.dat
1 8 -39.9533 18 -137 0 -1 0 1 0 0 0 0 1 4740.dat
1 8 -15.9766 -9.67237 -137 -0.866025 -0.5 0 0.5 -0.866025 0 0 0 1 4740.dat
1 8 -23.9766 -23.5288 -137 -0.866025 -0.5 0 0.5 -0.866025 0 0 0 1 4740.dat
1 8 -19.9766 -16.6006 -137 -0.866025 -0.5 0 0.5 -0.866025 0 0 0 1 4740.dat
1 8 15.9766 45.6724 -137 0.866025 0.5 0 -0.5 0.866025 0 0 0 1 4740.dat
1 8 23.9766 59.5288 -137 0.866025 0.5 0 -0.5 0.866025 0 0 0 1 4740.dat
1 8 19.9766 52.6006 -137 0.866025 0.5 0 -0.5 0.866025 0 0 0 1 4740.dat
1 8 -15.9766 45.6724 -137 0.866025 -0.5 0 0.5 0.866025 0 0 0 1 4740.dat
1 8 -23.9766 59.5288 -137 0.866025 -0.5 0 0.5 0.866025 0 0 0 1 4740.dat
1 8 -19.9766 52.6006 -137 0.866025 -0.5 0 0.5 0.866025 0 0 0 1 4740.dat
1 8 15.9766 -9.67237 -137 -0.866025 0.5 0 -0.5 -0.866025 0 0 0 1 4740.dat
1 8 23.9766 -23.5288 -137 -0.866025 0.5 0 -0.5 -0.866025 0 0 0 1 4740.dat
1 8 19.9766 -16.6006 -137 -0.866025 0.5 0 -0.5 -0.866025 0 0 0 1 4740.dat
1 4 80 28 -118 0 0 -1 -1 0 0 0 1 0 3020.dat
1 4 20 8 -166 0 0 -1 -1 0 0 0 1 0 30056.dat
1 4 0 -62 -118 -1 0 0 0 0 1 0 1 0 3710.dat
1 4 -20 8 -166 -1 0 0 0 0 1 0 1 0 30056.dat
1 4 -80 28 -118 0 0 -1 -1 0 0 0 1 0 3020.dat
1 7 0 -62 -126 -1 0 0 0 0 1 0 1 0 3023.dat
1 4 -90 38 -126 0 0 -1 -1 0 0 0 1 0 3623.dat
1 4 90 38 -126 0 0 -1 -1 0 0 0 1 0 3623.dat
1 0 0 -62 -150 -1 0 0 0 0 1 0 1 0 32000.dat
1 7 10 -72 -140 0 0 -1 -1 0 0 0 1 0 4274.dat
1 7 -10 -72 -140 0 0 -1 -1 0 0 0 1 0 4274.dat
1 7 0 -62 -158 -1 0 0 0 0 1 0 1 0 3023.dat
1 7 0 -62 -166 -1 0 0 0 0 1 0 1 0 3023.dat
1 4 -90 18 -150 1 0 0 0 0 -1 0 1 0 3005.dat
1 4 90 18 -150 1 0 0 0 0 -1 0 1 0 3005.dat
1 4 90 38 -150 1 0 0 0 0 -1 0 1 0 3040B.dat
1 4 -90 38 -150 1 0 0 0 0 -1 0 1 0 3040B.dat
1 4 90 18 -174 1 0 0 0 0 -1 0 1 0 3040B.dat
1 4 -90 18 -174 1 0 0 0 0 -1 0 1 0 3040B.dat
1 4 60 -32 -174 0 0 -1 -1 0 0 0 1 0 30565.dat
1 4 -60 -32 -174 -1 0 0 0 0 1 0 1 0 30565.dat
1 4 0 -32 -174 0 0 1 1 0 0 0 1 0 3020.dat
1 4 70 -12 -182 0 0 1 1 0 0 0 1 0 3023.dat
1 4 -70 -12 -182 0 0 1 1 0 0 0 1 0 3023.dat
1 4 10 -2 -182 1 0 0 0 0 -1 0 1 0 30357.dat
1 4 -10 -2 -182 0 0 -1 -1 0 0 0 1 0 30357.dat
1 4 60 -12 -190 -1 0 0 0 0 1 0 1 0 4150p05.dat
1 4 -60 -12 -190 -1 0 0 0 0 1 0 1 0 4150p05.dat
1 4 90 8 -182 0 0 1 1 0 0 0 1 0 3069B.dat
1 4 -90 8 -182 0 0 1 1 0 0 0 1 0 3069B.dat
1 0 0 18 -185 0 0 1 0 1 0 -1 0 0 75535.dat
1 7 0 18 -213 0 0 -1 -1 0 0 0 1 0 32124.dat
1 8 0 -12 -221 0 0 1 1 0 0 0 1 0 30383.dat
1 8 0 48 -221 0 0 -1 -1 0 0 0 1 0 30383.dat
1 6 0 48 -229 1 0 0 0 0 -1 0 1 0 30407.dat
1 6 0 -12 -229 -1 0 0 0 0 1 0 1 0 30407.dat
1 7 0 18 -223 1 0 0 0 1 0 0 0 1 3713.dat
1 7 0 18 -241 1 0 0 0 0 -1 0 1 0 4032a.dat
1 7 0 18 -249 1 0 0 0 0 -1 0 1 0 4032a.dat
1 7 0 18 -257 1 0 0 0 0 -1 0 1 0 6141.dat
1 4 0 196 10 1 0 0 0 1 0 0 0 1 6180.dat
1 4 60 188 70 -1 0 0 0 1 0 0 0 -1 6180.dat
1 4 -60 188 70 -1 0 0 0 1 0 0 0 -1 6180.dat
1 4 40 204 30 1 0 0 0 1 0 0 0 1 2444.dat
1 4 -40 204 30 -1 0 0 0 1 0 0 0 -1 2444.dat
1 0 70 214 30 1 0 0 0 1 0 0 0 1 32556.dat
1 0 -70 214 30 -1 0 0 0 1 0 0 0 -1 32556.dat
1 0 -90 234 30 0 0 1 0 -1 0 1 0 0 6536.dat
1 0 90 234 30 0 0 1 0 -1 0 1 0 0 6536.dat
1 4 0 -80 -130 1 0 0 0 1 0 0 0 1 6179.dat
1 4 -112 20 -60 0 1 0 -1 0 0 0 0 1 3794.dat
1 0 -120 20 -60 0 1 0 -1 0 0 0 0 1 6141.dat
1 4 -104 30 -100 0 1 0 1 0 0 0 0 -1 42061.dat
1 4 -104 10 -100 0 1 0 1 0 0 0 0 -1 42060.dat
1 4 104 30 -100 0 -1 0 -1 0 0 0 0 -1 42060.dat
1 4 112 20 -60 0 -1 0 1 0 0 0 0 1 3794.dat
1 0 120 20 -60 0 -1 0 1 0 0 0 0 1 6141.dat
1 4 104 10 -100 0 -1 0 -1 0 0 0 0 -1 42061.dat
1 4 0 104 110 1 0 0 0 1 0 0 0 1 3456.dat
1 8 0 104 230 0 0 -1 0 1 0 1 0 0 3795.dat
1 0 0 96 70 1 0 0 0 1 0 0 0 1 3034.dat
1 8 0 96 200 -1 0 0 0 1 0 0 0 -1 2625.dat
1 8 0 96 310 0 0 1 0 1 0 -1 0 0 3020.dat
1 4 -140 96 130 0 0 1 0 1 0 -1 0 0 3020.dat
1 4 140 96 130 0 0 1 0 1 0 -1 0 0 3020.dat
1 4 -70 72 60 0 0 1 0 1 0 -1 0 0 3622.dat
1 4 70 72 60 0 0 1 0 1 0 -1 0 0 3622.dat
1 14 0 72 50 0 0 1 0 1 0 -1 0 0 6232.dat
1 0 -10 72 230 0 0 1 0 1 0 -1 0 0 2465.dat
1 0 10 72 230 0 0 1 0 1 0 -1 0 0 2465.dat
1 0 0 64 70 1 0 0 0 1 0 0 0 1 3031.dat
1 1 0 48 130 1 0 0 0 1 0 0 0 1 3941.dat
1 4 0 48 180 0 0 -1 0 1 0 1 0 0 3002.dat
1 7 0 48 380 1 0 0 0 1 0 0 0 1 32064a.dat
1 7 0 48 360 1 0 0 0 1 0 0 0 1 32064a.dat
1 7 0 48 340 1 0 0 0 1 0 0 0 1 32064a.dat
1 7 0 48 320 1 0 0 0 1 0 0 0 1 32064a.dat
1 0 0 58 360 0 0 -1 0 1 0 1 0 0 32073.dat
1 0 0 58 420 -1 0 0 0 -1 0 0 0 1 32192.dat
1 7 -30 56 30 0 0 1 0 1 0 -1 0 0 4510.dat
1 7 30 56 30 0 0 -1 0 1 0 1 0 0 4510.dat
1 1 0 56 50 1 0 0 0 1 0 0 0 1 4032a.dat
1 0 0 40 150 1 0 0 0 1 0 0 0 1 3031.dat
1 7 -20 32 140 1 0 0 0 1 0 0 0 1 3794.dat
1 7 -20 32 160 1 0 0 0 1 0 0 0 1 3794.dat
1 7 20 32 140 1 0 0 0 1 0 0 0 1 3794.dat
1 7 20 32 160 1 0 0 0 1 0 0 0 1 3794.dat
1 6 -4 30 180 0 0 1 -1 0 0 0 -1 0 2529.dat
1 6 4 30 180 0 0 -1 1 0 0 0 -1 0 2529.dat
1 7 -10 24 290 0 0 -1 0 1 0 1 0 0 6111.dat
1 7 10 24 290 0 0 -1 0 1 0 1 0 0 6111.dat
1 7 0 0 380 1 0 0 0 1 0 0 0 1 32064a.dat
1 1 0 0 350 1 0 0 0 1 0 0 0 1 3941.dat
1 4 0 0 220 0 0 -1 0 1 0 1 0 0 3002.dat
1 4 0 48 40 1 0 0 0 1 0 0 0 1 3666.dat
1 0 0 48 60 -1 0 0 0 1 0 0 0 -1 2452.dat
1 0 0 30.0192 101.928 -1 0 0 0 0.5 0.866025 0 0.866025 -0.5 2923.dat
1 1 0 -24 370 1 0 0 0 1 0 0 0 1 3941.dat
1 1 0 -24 230 1 0 0 0 1 0 0 0 1 3941.dat
1 7 0 -24 200 1 0 0 0 1 0 0 0 1 30414.dat
1 0 0 10 420 0 0 -1 0 1 0 1 0 0 32073.dat
1 8 0 10 474 0 0 -1 1 0 0 0 -1 0 3942b.dat
1 0 0 -4 182 1 0 0 0 0 -1 0 1 0 3020.dat
1 7 20 -14 174 1 0 0 0 0 -1 0 1 0 3794.dat
1 7 -20 -14 174 1 0 0 0 0 -1 0 1 0 3794.dat
1 7 -20 6 174 1 0 0 0 0 -1 0 1 0 3794.dat
1 7 20 6 174 1 0 0 0 0 -1 0 1 0 3794.dat
1 6 4 -34 172 0 0 -1 0 1 0 1 0 0 2529.dat
1 6 -4 -34 172 0 0 1 0 1 0 -1 0 0 2529.dat
1 4 260 104 110 -1 0 0 0 1 0 0 0 -1 6178.dat
1 4 -260 104 110 -1 0 0 0 1 0 0 0 -1 6178.dat
1 15 0 56 589 0 0 1 0 1 0 -1 0 0 3020.dat
1 4 -20 32 549 0 0 1 0 1 0 -1 0 0 3831.dat
1 4 -20 32 549 -0.156513 0 0.988292 0 1 0 -0.988292 0 -0.156513 3830.dat
1 4 20 32 549 0 0 -1 0 1 0 1 0 0 3830.dat
1 4 20 32 549 -0.156513 0 -0.988292 0 1 0 0.988292 0 -0.156513 3831.dat
1 15 -10 32 609 -1 0 0 0 1 0 0 0 -1 42023.dat
1 15 10 32 609 -1 0 0 0 1 0 0 0 -1 42023.dat
1 4 -25.7684 56 448.606 -0.156513 0 0.988292 0 1 0 -0.988292 0 -0.156513 4477.dat
1 4 25.7684 56 448.606 0.156513 0 0.988292 0 1 0 -0.988292 0 0.156513 4477.dat
1 4 19.7986 32 487.818 -0.156513 0 -0.988292 0 1 0 0.988292 0 -0.156513 2877.dat
1 4 -19.7987 32 487.818 -0.156513 0 0.988292 0 1 0 -0.988292 0 -0.156513 2877.dat
1 4 -27.6244 32 438.404 -0.156513 0 0.988292 0 1 0 -0.988292 0 -0.156513 3622.dat
1 4 27.6243 32 438.404 0.156513 0 0.988292 0 1 0 -0.988292 0 0.156513 3622.dat
1 4 0 24 599 0 0 -1 0 1 0 1 0 0 3021.dat
1 4 0 16 599 0 0 -1 0 1 0 1 0 0 3021.dat
1 4 0 8 579 1 0 0 0 1 0 0 0 1 3023.dat
1 15 0 24 649 1 0 0 0 1 0 0 0 1 3068B.dat
1 15 0 24 689 1 0 0 0 1 0 0 0 1 3068B.dat
1 4 0 8 559 1 0 0 0 1 0 0 0 1 3004.dat
1 4 0 -8 599 1 0 0 0 1 0 0 0 1 3700.dat
1 4 -19.7987 24 487.818 -0.156513 0 0.988292 0 1 0 -0.988292 0 -0.156513 3666.dat
1 4 19.7986 24 487.818 0.156513 0 0.988292 0 1 0 -0.988292 0 0.156513 3666.dat
1 4 -30.7546 24 418.638 -0.156513 0 0.988292 0 1 0 -0.988292 0 -0.156513 3024.dat
1 4 30.7546 24 418.638 0.156513 0 0.988292 0 1 0 -0.988292 0 0.156513 3024.dat
1 4 -13.5382 16 527.35 0.156513 0 -0.988292 0 1 0 0.988292 0 0.156513 3023.dat
1 4 13.5381 16 527.35 -0.156513 0 -0.988292 0 1 0 0.988292 0 -0.156513 3023.dat
1 4 -26.0592 16 448.287 0.156513 0 -0.988292 0 1 0 0.988292 0 0.156513 3710.dat
1 4 26.0592 16 448.287 -0.156513 0 -0.988292 0 1 0 0.988292 0 -0.156513 3710.dat
1 4 35.45 64 388.989 0.156513 0 0.988292 0 1 0 -0.988292 0 0.156513 4477.dat
1 4 -35.45 64 388.989 -0.156513 0 0.988292 0 1 0 -0.988292 0 -0.156513 4477.dat
1 4 -46.4059 56 319.809 -0.156513 0 0.988292 0 1 0 -0.988292 0 -0.156513 3623.dat
1 4 46.4059 56 319.809 0.156513 0 0.988292 0 1 0 -0.988292 0 0.156513 3623.dat
1 4 44.8408 72 329.692 0.156513 0 0.988292 0 1 0 -0.988292 0 0.156513 4477.dat
1 4 -44.8408 72 329.692 -0.156513 0 0.988292 0 1 0 -0.988292 0 -0.156513 4477.dat
1 4 -30.7546 8 418.638 0.156513 0 -0.988292 0 1 0 0.988292 0 0.156513 3024.dat
1 4 30.7546 8 418.638 -0.156513 0 -0.988292 0 1 0 0.988292 0 -0.156513 3024.dat
1 4 -19.7987 8 487.818 0.156513 0 -0.988292 0 1 0 0.988292 0 0.156513 3666.dat
1 4 19.7986 8 487.818 -0.156513 0 -0.988292 0 1 0 0.988292 0 -0.156513 3666.dat
0 Assembly 13
1 4 20.2908 0 548.681 -0.156513 0 -0.988292 0 1 0 0.988292 0 -0.156513 2429.dat
0 Assembly 13
1 4 20 0 549 0 0 -1 0 1 0 1 0 0 2430.dat
0 Assembly 14
1 4 -20 0 549 0 0 1 0 1 0 -1 0 0 2429.dat
0 Assembly 14
1 4 -20.2908 0 548.681 -0.156513 0 0.988292 0 1 0 -0.988292 0 -0.156513 2430.dat
1 4 -21.3638 0 477.935 -0.156513 0 0.988292 0 1 0 -0.988292 0 -0.156513 3623.dat
1 4 21.3638 0 477.935 0.156513 0 0.988292 0 1 0 -0.988292 0 0.156513 3623.dat
1 4 -29.1895 0 428.521 -0.156513 0 0.988292 0 1 0 -0.988292 0 -0.156513 3023.dat
1 4 29.1894 0 428.521 0.156513 0 0.988292 0 1 0 -0.988292 0 0.156513 3023.dat
1 4 -51.1013 80 290.16 -0.156513 0 0.988292 0 1 0 -0.988292 0 -0.156513 3460.dat
1 4 51.1013 80 290.16 0.156513 0 0.988292 0 1 0 -0.988292 0 0.156513 3460.dat
1 4 -62.0572 72 220.98 -0.156513 0 0.988292 0 1 0 -0.988292 0 -0.156513 3024.dat
1 4 62.0573 72 220.98 0.156513 0 0.988292 0 1 0 -0.988292 0 0.156513 3024.dat
1 4 -16.6685 -8 507.584 -0.156513 0 0.988292 0 1 0 -0.988292 0 -0.156513 2431.dat
1 4 16.6684 -8 507.584 0.156513 0 0.988292 0 1 0 -0.988292 0 0.156513 2431.dat
1 4 -27.6244 -8 438.404 -0.156513 0 0.988292 0 1 0 -0.988292 0 -0.156513 3623.dat
1 4 27.6243 -8 438.404 0.156513 0 0.988292 0 1 0 -0.988292 0 0.156513 3623.dat
1 4 -63.6224 96 211.097 -0.156513 0 0.988292 0 1 0 -0.988292 0 -0.156513 3710.dat
1 4 -62.0572 88 220.98 -0.156513 0 0.988292 0 1 0 -0.988292 0 -0.156513 3024.dat
1 4 -54.2316 88 270.394 -0.156513 0 0.988292 0 1 0 -0.988292 0 -0.156513 3710.dat
1 4 54.2316 88 270.394 0.156513 0 0.988292 0 1 0 -0.988292 0 0.156513 3710.dat
1 4 63.6224 96 211.097 0.156513 0 0.988292 0 1 0 -0.988292 0 0.156513 3710.dat
1 4 62.0573 88 220.98 0.156513 0 0.988292 0 1 0 -0.988292 0 0.156513 3024.dat
1 4 -70 96 130 0 0 1 0 1 0 -1 0 0 3710.dat
1 4 70 96 130 0 0 1 0 1 0 -1 0 0 3710.dat
1 4 70 72 110 0 0 -1 0 1 0 1 0 0 2877.dat
1 4 -70 72 110 0 0 1 0 1 0 -1 0 0 2877.dat
1 4 -29.1895 -16 428.521 -0.156513 0 0.988292 0 1 0 -0.988292 0 -0.156513 3023.dat
1 4 29.1894 -16 428.521 0.156513 0 0.988292 0 1 0 -0.988292 0 0.156513 3023.dat
1 4 -24.4941 -16 458.17 -0.156513 0 0.988292 0 1 0 -0.988292 0 -0.156513 6141.dat
1 4 24.4941 -16 458.17 0.156513 0 0.988292 0 1 0 -0.988292 0 0.156513 6141.dat
1 15 47.9711 -16 309.926 0.156513 0 0.988292 0 1 0 -0.988292 0 0.156513 30009.dat
1 15 -47.9711 -16 309.926 0.156513 0 -0.988292 0 1 0 0.988292 0 0.156513 30009.dat
1 15 -38.5803 -16 369.223 0.156513 0 -0.988292 0 1 0 0.988292 0 0.156513 4215b.dat
1 15 38.5802 -16 369.223 0.156513 0 0.988292 0 1 0 -0.988292 0 0.156513 4215b.dat
1 4 -60.4921 48 230.863 -0.156513 0 0.988292 0 1 0 -0.988292 0 -0.156513 3009.dat
1 4 60.4921 48 230.863 0.156513 0 0.988292 0 1 0 -0.988292 0 0.156513 3009.dat
1 4 -70 48 160 0 0 1 0 1 0 -1 0 0 3005.dat
1 4 70 48 160 0 0 1 0 1 0 -1 0 0 3005.dat
1 4 -70 48 90 0 0 1 0 1 0 -1 0 0 3009.dat
1 4 70 48 90 0 0 1 0 1 0 -1 0 0 3009.dat
1 4 -57.3618 24 250.629 -0.156513 0 0.988292 0 1 0 -0.988292 0 -0.156513 3010.dat
1 4 57.3618 24 250.629 0.156513 0 0.988292 0 1 0 -0.988292 0 0.156513 3010.dat
1 4 -70 24 100 0 0 1 0 1 0 -1 0 0 3622.dat
1 4 70 24 100 0 0 1 0 1 0 -1 0 0 3622.dat
1 4 -60.4921 0 230.863 -0.156513 0 0.988292 0 1 0 -0.988292 0 -0.156513 3009.dat
1 4 60.4921 0 230.863 0.156513 0 0.988292 0 1 0 -0.988292 0 0.156513 3009.dat
1 4 -60.4921 -8 230.863 -0.156513 0 0.988292 0 1 0 -0.988292 0 -0.156513 3666.dat
1 4 -60.4921 -16 230.863 -0.156513 0 0.988292 0 1 0 -0.988292 0 -0.156513 3666.dat
1 4 60.4921 -8 230.863 0.156513 0 0.988292 0 1 0 -0.988292 0 0.156513 3666.dat
1 4 60.4921 -16 230.863 0.156513 0 0.988292 0 1 0 -0.988292 0 0.156513 3666.dat
1 4 -68.3178 -24 181.448 -0.156513 0 0.988292 0 1 0 -0.988292 0 -0.156513 3070B.dat
1 4 68.3178 -24 181.448 0.156513 0 0.988292 0 1 0 -0.988292 0 0.156513 3070B.dat
1 4 -54.2316 -24 270.394 -0.156513 0 0.988292 0 1 0 -0.988292 0 -0.156513 4162.dat
1 4 54.2316 -24 270.394 0.156513 0 0.988292 0 1 0 -0.988292 0 0.156513 4162.dat
1 4 -32.3198 -24 408.755 -0.156513 0 0.988292 0 1 0 -0.988292 0 -0.156513 6636.dat
1 4 32.3197 -24 408.755 0.156513 0 0.988292 0 1 0 -0.988292 0 0.156513 6636.dat
1 4 0 -8 569 1 0 0 0 1 0 0 0 1 3795.dat
1 4 0 -16 569 1 0 0 0 1 0 0 0 1 3068B.dat
1 4 -100 -16 549 0 0 1 0 1 0 -1 0 0 30504.dat
1 4 100 -16 549 1 0 0 0 1 0 0 0 1 30504.dat
1 7 70 -8 589 0 0 -1 0 1 0 1 0 0 4275b.dat
1 7 70 3.785 648.247 0 0 1 -0.382683 0.923879 0 -0.923879 -0.382683 0 4276b.dat
1 7 130 -8 589 0 0 -1 0 1 0 1 0 0 4275b.dat
1 7 130 3.785 648.247 0 0 1 -0.382683 0.923879 0 -0.923879 -0.382683 0 4276b.dat
1 7 -70 -8 589 0 0 -1 0 1 0 1 0 0 4275b.dat
1 7 -70 3.785 648.247 0 0 1 -0.382683 0.923879 0 -0.923879 -0.382683 0 4276b.dat
1 7 -130 -8 589 0 0 -1 0 1 0 1 0 0 4275b.dat
1 7 -130 3.785 648.247 0 0 1 -0.382683 0.923879 0 -0.923879 -0.382683 0 4276b.dat
1 4 -130 -7.43287 642.07 0 0 -1 0.382683 0.923879 0 0.923879 -0.382683 0 30357.dat
1 4 -100 0.22082 660.547 0 0 -1 0.382683 0.923879 0 0.923879 -0.382683 0 3021.dat
1 4 -50 0.22082 660.547 0 0 -1 0.382683 0.923879 0 0.923879 -0.382683 0 2450.dat
1 4 -100 -7.17023 663.609 1 0 0 0 0.923879 0.382683 0 -0.382683 0.923879 2431.dat
1 4 -100 -14.8239 645.131 1 0 0 0 0.923879 0.382683 0 -0.382683 0.923879 6636.dat
1 4 50 0.22082 660.547 -1 0 0 0 0.923879 -0.382683 0 -0.382683 -0.923879 2450.dat
1 4 100 0.22082 660.547 0 0 -1 0.382683 0.923879 0 0.923879 -0.382683 0 3021.dat
1 4 130 -7.43287 642.07 1 0 0 0 0.923879 0.382683 0 -0.382683 0.923879 30357.dat
1 4 100 -7.17023 663.609 1 0 0 0 0.923879 0.382683 0 -0.382683 0.923879 2431.dat
1 4 100 -14.8239 645.131 1 0 0 0 0.923879 0.382683 0 -0.382683 0.923879 6636.dat
1 4 -50 -32 529 0 0 -1 0 1 0 1 0 0 4531.dat
1 4 50 -32 529 0 0 -1 0 1 0 1 0 0 4531.dat
1 0 50 -44.5581 584.017 -1 0 0 0 -0.833885 -0.551937 0 -0.551937 0.833885 2923.dat
1 0 50 -24.4252 633.318 0 0 1 -0.551937 -0.833885 0 0.833885 -0.551937 0 2433.dat
1 0 130 15.0029 654.424 0 0 -1 0.382683 0.923879 0 0.923879 -0.382683 0 572a.dat
1 0 -130 15.0029 654.424 0 0 -1 0.382683 0.923879 0 0.923879 -0.382683 0 572a.dat
1 15 0 16 679 0 0 -1 0 1 0 1 0 0 3623.dat
1 15 0 -8 699 -1 0 0 0 1 0 0 0 -1 3665.dat
1 15 0 -8 669 0 0 1 0 1 0 -1 0 0 30540.dat
1 15 0 -16 689 0 0 1 0 1 0 -1 0 0 3710.dat
1 15 0 -40 679 0 0 1 0 1 0 -1 0 0 3622.dat
1 15 0 -40 719 -1 0 0 0 1 0 0 0 -1 3665.dat
1 15 0 -60 669 0 0 1 0 1 0 -1 0 0 3008.dat
1 15 0 -84 669 0 0 1 0 1 0 -1 0 0 3008.dat
1 15 0 -36 639 1 0 0 0 1 0 0 0 1 4287.dat
1 0 0 2 619 0 1 0 1 0 0 0 0 -1 41532.dat
1 15 0 -108 669 0 0 1 0 1 0 -1 0 0 3010.dat
1 15 0 -108 719 -1 0 0 0 1 0 0 0 -1 3040B.dat
1 15 0 -108 619 1 0 0 0 1 0 0 0 1 3040B.dat
1 15 0 -132 659 1 0 0 0 1 0 0 0 1 4286.dat
1 15 0 -132 679 -1 0 0 0 1 0 0 0 -1 4286.dat
1 4 0 -24 549 1 0 0 0 1 0 0 0 1 6179.dat
1 14 0 24 50 0 0 1 0 1 0 -1 0 0 6232.dat
1 8 30 24 40 -1 0 0 0 1 0 0 0 -1 3040B.dat
1 8 -30 24 40 -1 0 0 0 1 0 0 0 -1 3040B.dat
1 4 70 24 40 0 0 -1 0 1 0 1 0 0 2357.dat
1 4 -70 24 40 1 0 0 0 1 0 0 0 1 2357.dat
1 7 0 0 40 1 0 0 0 1 0 0 0 1 3008.dat
1 7 -10 0 60 0 0 1 0 1 0 -1 0 0 3665.dat
1 7 10 0 60 0 0 -1 0 1 0 1 0 0 3665.dat
1 4 -400 104 -10 0 0 -1 0 1 0 1 0 0 3022.dat
1 4 400 104 -10 0 0 -1 0 1 0 1 0 0 3022.dat
1 4 -420 104 90 -1 0 0 0 1 0 0 0 -1 3933.dat
1 4 420 104 90 -1 0 0 0 1 0 0 0 -1 3934.dat
1 4 -410 96 20 -1 0 0 0 1 0 0 0 -1 30357.dat
1 4 410 96 20 0 0 1 0 1 0 -1 0 0 30357.dat
1 4 -410 96 70 0 0 1 0 1 0 -1 0 0 3710.dat
1 4 410 96 70 0 0 1 0 1 0 -1 0 0 3710.dat
1 4 380 96 130 0 0 1 0 1 0 -1 0 0 3020.dat
1 4 -380 96 130 0 0 1 0 1 0 -1 0 0 3020.dat
1 4 -70 0 110 0 0 -1 0 1 0 1 0 0 3009.dat
1 4 70 0 110 0 0 -1 0 1 0 1 0 0 3009.dat
1 4 60 24 170 0 0 1 0 1 0 -1 0 0 3830.dat
1 4 60 72 170 0 0 1 0 1 0 -1 0 0 3830.dat
1 4 60 24 170 0.156513 0 0.988292 0 1 0 -0.988292 0 0.156513 3831.dat
1 4 60 72 170 0.156513 0 0.988292 0 1 0 -0.988292 0 0.156513 3831.dat
1 4 -60 24 170 0 0 -1 0 1 0 1 0 0 3831.dat
1 4 -60 72 170 0 0 -1 0 1 0 1 0 0 3831.dat
1 4 -60 24 170 0.156513 0 -0.988292 0 1 0 0.988292 0 0.156513 3830.dat
1 4 -60 72 170 0.156513 0 -0.988292 0 1 0 0.988292 0 0.156513 3830.dat
1 4 -70 -24 160 0 0 -1 0 1 0 1 0 0 3005.dat
1 4 70 -24 160 0 0 -1 0 1 0 1 0 0 3005.dat
1 4 -70 -8 90 0 0 -1 0 1 0 1 0 0 3666.dat
1 4 70 -8 90 0 0 -1 0 1 0 1 0 0 3666.dat
1 4 -410 72 80 -1 0 0 0 1 0 0 0 -1 3040B.dat
1 4 410 72 80 -1 0 0 0 1 0 0 0 -1 3040B.dat
1 4 410 72 60 -1 0 0 0 1 0 0 0 -1 6541.dat
1 4 -410 72 60 -1 0 0 0 1 0 0 0 -1 6541.dat
1 4 -240 96 30 -1 0 0 0 1 0 0 0 -1 3027.dat
1 4 240 96 30 -1 0 0 0 1 0 0 0 -1 3027.dat
1 4 -290 96 130 0 0 1 0 1 0 -1 0 0 3710.dat
1 4 -290 88 70 0 0 1 0 1 0 -1 0 0 6636.dat
1 4 -370 88 70 0 0 1 0 1 0 -1 0 0 6636.dat
1 4 370 88 70 0 0 1 0 1 0 -1 0 0 6636.dat
1 4 410 64 70 0 0 1 0 1 0 -1 0 0 3069B.dat
1 4 -410 64 70 0 0 1 0 1 0 -1 0 0 3069B.dat
1 4 130 88 70 0 0 1 0 1 0 -1 0 0 6636.dat
1 4 -130 88 70 0 0 1 0 1 0 -1 0 0 6636.dat
1 4 -210 88 70 0 0 1 0 1 0 -1 0 0 6636.dat
1 4 -210 96 130 0 0 1 0 1 0 -1 0 0 3710.dat
1 4 210 88 70 0 0 1 0 1 0 -1 0 0 6636.dat
1 4 210 96 130 0 0 1 0 1 0 -1 0 0 3710.dat
1 4 290 88 70 0 0 1 0 1 0 -1 0 0 6636.dat
1 4 290 96 130 0 0 1 0 1 0 -1 0 0 3710.dat
1 14 0 -24 30 1 0 0 0 1 0 0 0 1 3001.dat
1 14 0 -24 60 -1 0 0 0 1 0 0 0 -1 30414.dat
1 7 -30 -14 78 1 0 0 0 0 1 0 -1 0 3070BP07.dat
1 7 30 -14 78 -1 0 0 0 0 -1 0 -1 0 3070BP07.dat
1 0x02D2B48C 0 -14 78 -1 0 0 0 0 -1 0 -1 0 3069bpa0.dat
1 0 0 -32 230 1 0 0 0 1 0 0 0 1 3031.dat
1 4 -60 -32 230 -1 0 0 0 1 0 0 0 -1 41770.dat
1 4 60 -32 230 -1 0 0 0 1 0 0 0 -1 41769.dat
1 4 -40 -32 310 -1 0 0 0 1 0 0 0 -1 41770.dat
1 4 40 -32 310 -1 0 0 0 1 0 0 0 -1 41769.dat
1 4 0 -32 440 -1 0 0 0 1 0 0 0 -1 2413.dat
1 4 -10 -56 200 -1 0 0 0 1 0 0 0 -1 42061.dat
1 4 10 -56 200 -1 0 0 0 1 0 0 0 -1 42060.dat
1 8 -30 -32 40 0 0 -1 0 1 0 1 0 0 3623.dat
1 8 30 -32 40 0 0 -1 0 1 0 1 0 0 3623.dat
0 Assembly 16
1 0 18.2336 16 497.701 0.580703 0 -0.814115 0 1 0 0.814115 0 0.580703 572a.dat
0 Assembly 16
1 0 29.2669 17.5 513.17 0.696843 0 -0.814115 0 1 0 0.976938 0 0.580703 572B.dat
0 Assembly 16
1 0 41.4617 17.5 530.266 0.580703 0 -0.814115 0 1 0 0.814115 0 0.580703 572B.dat
0 Assembly 16
1 0 53.0757 17.5 546.548 0.580703 0 -0.814115 0 1 0 0.814115 0 0.580703 572B.dat
0 Assembly 16
1 0 64.6898 17.5 562.831 0.580703 0 -0.814115 0 1 0 0.814115 0 0.580703 572B.dat
0 Assembly 16
1 0 76.3038 17.5 579.113 0.580703 0 -0.814115 0 1 0 0.814115 0 0.580703 572B.dat
0 Assembly 16
1 0 87.9179 17.5 595.395 0.580703 0 -0.814115 0 1 0 0.814115 0 0.580703 572B.dat
0 Assembly 16
1 0 99.5319 17.5 611.678 0.580703 0 -0.814115 0 1 0 0.814115 0 0.580703 572B.dat
0 Assembly 16
1 0 111.146 17.5 627.96 0.580703 0 -0.814115 0 1 0 0.814115 0 0.580703 572B.dat
0 Assembly 16
1 0 123.341 17.5 645.056 0.696843 0 -0.814115 0 1 0 0.976938 0 0.580703 572B.dat
0 Assembly 17
1 0 -18.2336 16 497.702 -0.587785 0 -0.809016 0 1 0 0.809016 0 -0.587785 572a.dat
0 Assembly 17
1 0 -29.4015 17.5 513.073 -0.705342 0 -0.809016 0 1 0 0.970819 0 -0.587785 572B.dat
0 Assembly 17
1 0 -41.745 17.5 530.062 -0.587785 0 -0.809016 0 1 0 0.809016 0 -0.587785 572B.dat
0 Assembly 17
1 0 -53.5007 17.5 546.243 -0.587785 0 -0.809016 0 1 0 0.809016 0 -0.587785 572B.dat
0 Assembly 17
1 0 -65.2564 17.5 562.423 -0.587785 0 -0.809016 0 1 0 0.809016 0 -0.587785 572B.dat
0 Assembly 17
1 0 -77.0121 17.5 578.603 -0.587785 0 -0.809016 0 1 0 0.809016 0 -0.587785 572B.dat
0 Assembly 17
1 0 -88.7678 17.5 594.784 -0.587785 0 -0.809016 0 1 0 0.809016 0 -0.587785 572B.dat
0 Assembly 17
1 0 -100.524 17.5 610.964 -0.587785 0 -0.809016 0 1 0 0.809016 0 -0.587785 572B.dat
0 Assembly 17
1 0 -112.279 17.5 627.144 -0.587785 0 -0.809016 0 1 0 0.809016 0 -0.587785 572B.dat
0 Assembly 17
1 0 -124.623 17.5 644.134 -0.705342 0 -0.809016 0 1 0 0.970819 0 -0.587785 572B.dat
1 4 70 -32 30 0 0 1 0 1 0 -1 0 0 6112.dat
1 4 0 -40 -60 -1 0 0 0 1 0 0 0 -1 3460.dat
1 4 0 -40 30 -1 0 0 0 1 0 0 0 -1 3034.dat
1 4 -70 -32 30 0 0 1 0 1 0 -1 0 0 6112.dat
1 4 70 -40 -20 0 0 1 0 1 0 -1 0 0 3623.dat
1 4 -70 -40 -20 0 0 1 0 1 0 -1 0 0 3623.dat
1 4 70 -40 80 0 0 1 0 1 0 -1 0 0 3623.dat
1 4 -70 -40 80 0 0 1 0 1 0 -1 0 0 3623.dat
1 4 30 -64 -10 0 0 1 0 1 0 -1 0 0 3008.dat
1 4 -30 -64 -10 0 0 1 0 1 0 -1 0 0 3008.dat
1 0 50 -64 -10 0 0 1 0 1 0 -1 0 0 3009.dat
1 0 -50 -64 -10 0 0 1 0 1 0 -1 0 0 3009.dat
1 4 0 -72 -60 -1 0 0 0 1 0 0 0 -1 3710.dat
1 4 -30 -80 -80 0 0 1 0 1 0 -1 0 0 6005.dat
1 4 30 -80 -80 0 0 -1 0 1 0 1 0 0 6005.dat
1 8 10 -64 60 -1 0 0 0 1 0 0 0 -1 2921.dat
1 8 -10 -64 60 -1 0 0 0 1 0 0 0 -1 2921.dat
1 4 0 -40 60 -1 0 0 0 1 0 0 0 -1 3666.dat
1 4 -60 -40 150 1 0 0 0 1 0 0 0 1 41770.dat
1 4 60 -40 150 1 0 0 0 1 0 0 0 1 41769.dat
1 4 0 -80 -70 -1 0 0 0 1 0 0 0 -1 3020.dat
1 7 -10 -72 40 0 0 -1 0 1 0 1 0 0 2420.dat
1 7 10 -72 40 1 0 0 0 1 0 0 0 1 2420.dat
1 4 50 -64 80 1 0 0 0 1 0 0 0 1 45417.dat
1 4 -50 -64 80 0 0 1 0 1 0 -1 0 0 45417.dat
1 4 70 -64 100 -1 0 0 0 1 0 0 0 -1 3040B.dat
1 4 -70 -64 100 -1 0 0 0 1 0 0 0 -1 3040B.dat
1 4 -70 -64 -10 0 0 1 0 1 0 -1 0 0 3894.dat
1 4 70 -64 -10 0 0 1 0 1 0 -1 0 0 3894.dat
1 4 0 -88 -70 -1 0 0 0 1 0 0 0 -1 3068B.dat
1 4 -30 -96 -60 0 0 1 0 1 0 -1 0 0 6091.dat
1 4 30 -96 -60 0 0 -1 0 1 0 1 0 0 6091.dat
1 4 0 -88 -40 1 0 0 0 1 0 0 0 1 3010.dat
1 4 70 -32 170 0 0 -1 0 1 0 1 0 0 3023.dat
1 4 -70 -32 170 0 0 -1 0 1 0 1 0 0 3023.dat
1 4 0 -80 60 -1 0 0 0 1 0 0 0 -1 3023.dat
1 0 0 -80 40 -1 0 0 0 1 0 0 0 -1 3710.dat
1 0 -30 -96 40 0 0 1 0 1 0 -1 0 0 6091.dat
1 0 30 -96 40 0 0 -1 0 1 0 1 0 0 6091.dat
1 7 0 -88 40 -1 0 0 0 1 0 0 0 -1 3023.dat
1 4 -60 -88 20 -1 0 0 0 1 0 0 0 -1 32000.dat
1 4 60 -88 -40 -1 0 0 0 1 0 0 0 -1 32000.dat
1 8 70 -78 -50 0 0 1 0 1 0 -1 0 0 32002.dat
1 8 -70 -78 30 0 0 -1 0 1 0 1 0 0 32002.dat
1 4 -60 -88 -40 -1 0 0 0 1 0 0 0 -1 32000.dat
1 4 60 -88 20 -1 0 0 0 1 0 0 0 -1 32000.dat
1 8 70 -78 30 0 0 -1 0 1 0 1 0 0 32002.dat
1 8 -70 -78 -50 0 0 1 0 1 0 -1 0 0 32002.dat
1 4 -40 -88 -10 -1 0 0 0 1 0 0 0 -1 6215.dat
1 4 40 -88 -10 1 0 0 0 1 0 0 0 1 6215.dat
1 4 -10 -96 60 0 0 1 0 1 0 -1 0 0 6091.dat
1 4 10 -96 60 0 0 -1 0 1 0 1 0 0 6091.dat
1 4 50 -96 -10 0 0 -1 0 1 0 1 0 0 2431.dat
1 4 -50 -96 -10 0 0 -1 0 1 0 1 0 0 2431.dat
1 4 0 -88 20 1 0 0 0 1 0 0 0 1 3010.dat
1 4 0 -112 20 1 0 0 0 1 0 0 0 1 30363.dat
1 0 20 -112 40 1 0 0 0 1 0 0 0 1 32000.dat
1 0 -20 -112 40 1 0 0 0 1 0 0 0 1 32000.dat
1 0 0 -120 40 1 0 0 0 1 0 0 0 1 30244.dat
1 7 10 -102 50 0 0 -1 0 1 0 1 0 0 4274.dat
1 7 -10 -102 50 0 0 -1 0 1 0 1 0 0 4274.dat
1 0 30 -102 -34 -1 0 0 0 0 1 0 1 0 40244.dat
1 0 30 -102 30 0 0 1 0 1 0 -1 0 0 3673.dat
1 0 30 -102 -98 0 0 1 -1 0 0 0 -1 0 33286.dat
1 0 30 -102 -114 0 0 1 -1 0 0 0 -1 0 4589.dat
1 0 -30 -102 30 0 0 1 0 1 0 -1 0 0 3673.dat
1 0 -30 -102 -34 -1 0 0 0 0 1 0 1 0 40244.dat
1 0 -30 -102 -98 0 0 1 -1 0 0 0 -1 0 33286.dat
1 0 -30 -102 -114 0 0 1 -1 0 0 0 -1 0 4589.dat
1 0 10 -102 74 0 0 1 -1 0 0 0 -1 0 4599.dat
1 0 -10 -102 74 0 0 -1 1 0 0 0 -1 0 4599.dat
1 0 -50 -44.5581 584.017 -1 0 0 0 -0.833885 -0.551937 0 -0.551937 0.833885 2923.dat
1 0 -50 -24.4252 633.318 0 0 1 -0.551937 -0.833885 0 0.833885 -0.551937 0 2433.dat
1 4 420 -64 70 0 0 1 0 1 0 -1 0 0 3795.dat
1 4 460 -56 50 -1 0 0 0 1 0 0 0 -1 3934.dat
1 4 400 -56 -50 1 0 0 0 1 0 0 0 1 3795.dat
1 4 410 -64 -50 0 0 -1 0 1 0 1 0 0 3023.dat
1 4 430 -64 -30 0 0 -1 0 1 0 1 0 0 3710.dat
1 4 450 -64 -20 0 0 1 0 1 0 -1 0 0 30357.dat
1 4 260 -56 70 -1 0 0 0 1 0 0 0 -1 6205.dat
1 4 160 -56 -30 -1 0 0 0 1 0 0 0 -1 3032.dat
1 4 260 -64 -10 -1 0 0 0 1 0 0 0 -1 3456.dat
1 4 100 -64 -50 -1 0 0 0 1 0 0 0 -1 2444.dat
1 4 100 -64 -10 -1 0 0 0 1 0 0 0 -1 2444.dat
1 4 100 -64 30 -1 0 0 0 1 0 0 0 -1 2444.dat
1 0 80 -54 -50 -1 0 0 0 1 0 0 0 -1 3673.dat
1 0 80 -54 -10 -1 0 0 0 1 0 0 0 -1 3673.dat
1 0 80 -54 30 -1 0 0 0 1 0 0 0 -1 3673.dat
1 4 100 -64 90 -1 0 0 0 1 0 0 0 -1 41770.dat
1 4 120 -72 -10 -1 0 0 0 1 0 0 0 -1 6179.dat
1 4 410 -88 20 1 0 0 0 1 0 0 0 1 6541.dat
1 4 410 -88 40 -1 0 0 0 1 0 0 0 -1 3040B.dat
1 4 410 -96 30 0 0 1 0 1 0 -1 0 0 3069B.dat
1 4 170 -64 90 0 0 1 0 1 0 -1 0 0 3710.dat
1 4 170 -72 30 0 0 1 0 1 0 -1 0 0 6636.dat
1 4 250 -72 30 0 0 1 0 1 0 -1 0 0 6636.dat
1 4 250 -64 90 0 0 1 0 1 0 -1 0 0 3710.dat
1 4 330 -72 30 0 0 1 0 1 0 -1 0 0 6636.dat
1 4 330 -64 90 0 0 1 0 1 0 -1 0 0 3710.dat
1 0 -80 -54 30 1 0 0 0 1 0 0 0 1 3673.dat
1 4 -260 -56 70 -1 0 0 0 1 0 0 0 -1 6205.dat
1 4 -420 -64 70 0 0 1 0 1 0 -1 0 0 3795.dat
1 4 -430 -64 -30 0 0 -1 0 1 0 1 0 0 3710.dat
1 4 -400 -56 -50 1 0 0 0 1 0 0 0 1 3795.dat
1 4 -410 -64 -50 0 0 -1 0 1 0 1 0 0 3023.dat
1 4 -450 -64 -20 -1 0 0 0 1 0 0 0 -1 30357.dat
1 4 -160 -56 -30 -1 0 0 0 1 0 0 0 -1 3032.dat
1 4 -260 -64 -10 -1 0 0 0 1 0 0 0 -1 3456.dat
1 4 -100 -64 30 1 0 0 0 1 0 0 0 1 2444.dat
1 4 -100 -64 -10 1 0 0 0 1 0 0 0 1 2444.dat
1 0 -80 -54 -50 1 0 0 0 1 0 0 0 1 3673.dat
1 0 -80 -54 -10 1 0 0 0 1 0 0 0 1 3673.dat
1 4 -100 -64 -50 1 0 0 0 1 0 0 0 1 2444.dat
1 4 -120 -72 -10 -1 0 0 0 1 0 0 0 -1 6179.dat
1 4 -410 -88 20 1 0 0 0 1 0 0 0 1 6541.dat
1 4 -410 -88 40 -1 0 0 0 1 0 0 0 -1 3040B.dat
1 4 -410 -96 30 0 0 1 0 1 0 -1 0 0 3069B.dat
1 4 -330 -72 30 0 0 1 0 1 0 -1 0 0 6636.dat
1 4 -330 -64 90 0 0 1 0 1 0 -1 0 0 3710.dat
1 4 -250 -72 30 0 0 1 0 1 0 -1 0 0 6636.dat
1 4 -250 -64 90 0 0 1 0 1 0 -1 0 0 3710.dat
1 4 -170 -72 30 0 0 1 0 1 0 -1 0 0 6636.dat
1 4 -170 -64 90 0 0 1 0 1 0 -1 0 0 3710.dat
1 4 -460 -56 50 -1 0 0 0 1 0 0 0 -1 3933.dat
1 4 -100 -64 90 -1 0 0 0 1 0 0 0 -1 41769.dat
1 6 -410 -138 -20 1 0 0 0 0 -1 0 1 0 32294.dat
1 6 -410 2 20 1 0 0 0 0 1 0 -1 0 32294.dat
1 0 -410 -78 10 0 0 -1 0 1 0 1 0 0 3673.dat
1 7 -410 -58 -10 0 0 1 0 1 0 -1 0 0 4274.dat
1 0 -410 82 50 0 0 -1 0 1 0 1 0 0 3673.dat
1 0 410 82 50 0 0 -1 0 1 0 1 0 0 3673.dat
1 6 410 2 20 1 0 0 0 0 1 0 -1 0 32294.dat
1 7 410 -58 -10 0 0 1 0 1 0 -1 0 0 4274.dat
1 6 410 -138 -20 1 0 0 0 0 -1 0 1 0 32294.dat
1 0 410 -78 10 0 0 -1 0 1 0 1 0 0 3673.dat
1 4 0 -236 -30 1 0 0 0 1 0 0 0 1 3456.dat
1 4 0 -244 -70 1 0 0 0 1 0 0 0 1 3027.dat
1 4 -120 -244 30 1 0 0 0 1 0 0 0 1 6180.dat
1 4 0 -244 30 1 0 0 0 1 0 0 0 1 6180.dat
1 4 120 -244 30 1 0 0 0 1 0 0 0 1 6180.dat
1 4 180 -236 -90 1 0 0 0 1 0 0 0 1 3031.dat
1 4 -180 -236 -90 1 0 0 0 1 0 0 0 1 3031.dat
1 4 -300 -236 10 -1 0 0 0 1 0 0 0 -1 6205.dat
1 4 300 -236 10 -1 0 0 0 1 0 0 0 -1 6205.dat
1 4 -460 -244 30 0 0 -1 0 1 0 1 0 0 3020.dat
1 4 -500 -236 -10 -1 0 0 0 1 0 0 0 -1 3933.dat
1 4 -480 -236 -110 -1 0 0 0 1 0 0 0 -1 3022.dat
1 4 -490 -244 -80 -1 0 0 0 1 0 0 0 -1 30357.dat
1 4 460 -244 30 0 0 -1 0 1 0 1 0 0 3020.dat
1 4 500 -236 -10 -1 0 0 0 1 0 0 0 -1 3934.dat
1 4 490 -244 -80 0 0 1 0 1 0 -1 0 0 30357.dat
1 4 480 -236 -110 -1 0 0 0 1 0 0 0 -1 3022.dat
1 4 -320 -244 -70 -1 0 0 0 1 0 0 0 -1 6205.dat
1 4 320 -244 -70 -1 0 0 0 1 0 0 0 -1 6205.dat
1 4 -420 -236 -90 1 0 0 0 1 0 0 0 1 3031.dat
1 4 420 -236 -90 1 0 0 0 1 0 0 0 1 3031.dat
1 4 440 -228 50 1 0 0 0 1 0 0 0 1 4213.dat
1 4 440 -222.338 100.465 1 0 0 0 0.923879 0.382684 0 -0.382684 0.923879 4315.dat
1 4 280 -228 50 1 0 0 0 1 0 0 0 1 4213.dat
1 4 280 -222.338 100.465 1 0 0 0 0.923879 0.382684 0 -0.382684 0.923879 4315.dat
1 4 -440 -228 50 1 0 0 0 1 0 0 0 1 4213.dat
1 4 -440 -222.338 100.465 1 0 0 0 0.923879 0.382683 0 -0.382683 0.923879 4315.dat
1 4 -280 -228 50 1 0 0 0 1 0 0 0 1 4213.dat
1 4 -280 -222.338 100.465 1 0 0 0 0.923879 0.382683 0 -0.382683 0.923879 4315.dat
1 4 -420 -204 -70 1 0 0 0 1 0 0 0 1 3022.dat
1 4 420 -204 -70 1 0 0 0 1 0 0 0 1 3022.dat
1 4 430 -228 -70 0 0 -1 0 1 0 1 0 0 3660.dat
1 4 -430 -228 -70 0 0 1 0 1 0 -1 0 0 3660.dat
1 4 -410 -228 -80 1 0 0 0 1 0 0 0 1 6541.dat
1 4 410 -228 -80 1 0 0 0 1 0 0 0 1 6541.dat
1 0 410 -218 -60 0 0 -1 0 1 0 1 0 0 32556.dat
1 0 -410 -218 -60 0 0 -1 0 1 0 1 0 0 32556.dat
1 4 -410 -228 -60 1 0 0 0 1 0 0 0 1 6541.dat
1 4 410 -228 -60 1 0 0 0 1 0 0 0 1 6541.dat
1 4 -140 -228 30 0 0 1 0 1 0 -1 0 0 2444.dat
1 4 -140 -228 -50 0 0 -1 0 1 0 1 0 0 2444.dat
1 0 -140 -218 -30 0 0 -1 0 1 0 1 0 0 3673.dat
1 0 -140 -218 10 0 0 -1 0 1 0 1 0 0 3673.dat
1 4 140 -228 30 0 0 1 0 1 0 -1 0 0 2444.dat
1 0 140 -218 10 0 0 -1 0 1 0 1 0 0 3673.dat
1 0 140 -218 -30 0 0 -1 0 1 0 1 0 0 3673.dat
1 4 140 -228 -50 0 0 -1 0 1 0 1 0 0 2444.dat
1 6 105.696 -149.595 20 0.894934 0 0.446198 0.446198 0 -0.894934 0 1 0 32294.dat
1 6 -105.07 -149.904 20 0.898794 0 -0.438371 -0.438371 0 -0.898794 0 1 0 32294.dat
1 6 -105.07 -149.904 -40 -0.898794 0 -0.438371 0.438371 0 -0.898794 0 -1 0 32294.dat
1 6 105.696 -149.595 -40 -0.894934 0 0.446198 -0.446198 0 -0.894934 0 -1 0 32294.dat
1 4 -360 -233.556 94.2877 -1 0 0 0 0.923879 -0.382683 0 -0.382683 -0.923879 4282.dat
1 15 -280 -233.293 115.827 1 0 0 0 0.923879 0.382683 0 -0.382683 0.923879 6179.dat
1 15 -360 -233.293 115.827 1 0 0 0 0.923879 0.382683 0 -0.382683 0.923879 6179.dat
1 4 -440 -233.293 115.827 1 0 0 0 0.923879 0.382683 0 -0.382683 0.923879 6179.dat
1 4 -200 -233.293 115.827 0 0 -1 0.382683 0.923879 0 0.923879 -0.382683 0 30503.dat
1 4 -490 -237.12 106.588 0 0 -1 0.382683 0.923879 0 0.923879 -0.382683 0 30357.dat
1 4 -490 -244.774 88.1103 -1 0 0 0 0.923879 -0.382683 0 -0.382683 -0.923879 30357.dat
1 4 -480 -233.031 137.366 -1 0 0 0 0.923879 -0.382683 0 -0.382683 -0.923879 3022.dat
1 4 360 -233.556 94.2876 -1 0 0 0 0.923879 -0.382684 0 -0.382684 -0.923879 4282.dat
1 15 360 -233.293 115.827 1 0 0 0 0.923879 0.382684 0 -0.382684 0.923879 6179.dat
1 15 280 -233.293 115.827 1 0 0 0 0.923879 0.382684 0 -0.382684 0.923879 6179.dat
1 4 440 -233.293 115.827 1 0 0 0 0.923879 0.382684 0 -0.382684 0.923879 6179.dat
1 4 200 -233.293 115.827 -1 0 0 0 0.923879 -0.382684 0 -0.382684 -0.923879 30503.dat
1 4 490 -244.774 88.1103 0 0 1 -0.382684 0.923879 0 -0.923879 -0.382684 0 30357.dat
1 4 490 -237.12 106.588 1 0 0 0 0.923879 0.382684 0 -0.382684 0.923879 30357.dat
1 4 480 -233.031 137.366 -1 0 0 0 0.923879 -0.382684 0 -0.382684 -0.923879 3022.dat
1 15 320 -252 -120 -1 0 0 0 1 0 0 0 -1 4162.dat
1 15 -320 -252 -120 -1 0 0 0 1 0 0 0 -1 4162.dat
1 4 470 -240.422 140.427 0 0 1 -0.382684 0.923879 0 -0.923879 -0.382684 0 4275b.dat
1 4 470 -260 -10 0 0 -1 0 1 0 1 0 0 4531.dat
1 0 470 -276.69 41.7238 -1 0 0 0 -0.724126 -0.689667 0 -0.689667 0.724126 2923.dat
1 0 470 -267.51 86.8622 1 0 0 0 0.596581 0.802553 0 -0.802553 0.596581 2923.dat
1 4 -470 -240.422 140.427 0 0 1 -0.382684 0.923879 0 -0.923879 -0.382684 0 4275b.dat
1 0 -470 -267.51 86.8622 1 0 0 0 0.596581 0.802553 0 -0.802553 0.596581 2923.dat
1 0 -470 -276.69 41.7238 -1 0 0 0 -0.724126 -0.689667 0 -0.689667 0.724126 2923.dat
1 4 -470 -260 -10 0 0 -1 0 1 0 1 0 0 4531.dat
1 4 -390 112 50 0 0 1 0 1 0 -1 0 0 3710.dat
1 7 -390 120 60 0 0 1 0 1 0 -1 0 0 6019.dat
1 7 -390 120 40 0 0 1 0 1 0 -1 0 0 6019.dat
1 6 -410 122 80 0 0 1 -1 0 0 0 -1 0 4497.dat
1 4 390 112 50 0 0 -1 0 1 0 1 0 0 3710.dat
1 7 390 120 60 0 0 -1 0 1 0 1 0 0 6019.dat
1 7 390 120 40 0 0 -1 0 1 0 1 0 0 6019.dat
1 6 410 122 80 0 0 1 -1 0 0 0 -1 0 4497.dat
1 6 0 95.4767 457.477 1 0 0 0 -0.707107 0.707107 0 -0.707106 -0.707107 3837.dat
1 4 73.4993 118.009 212.661 0.156513 -0.987691 0 0 0 1.00061 -0.988291 -0.156418 0 2436.dat
1 8 105.105 118.009 217.666 0.156513 -0.987691 0 0 0 1.00061 -0.988291 -0.156418 0 2432.dat
0 WORLD  0 0 0 0.9468586 -0.03922678 0.3192489 0.179848 0.8874496 -0.4243677 -0.2666707 0.4592324 0.8473444
0 CENTRE  0 0 0
0 LOOKAT  0 0 0
0 ROTANGLE 0
0 ZOOM  66
1 8 239.636 -244.961 -111.966 0 1 0 0 0 1 1 0 0 s100241.dat
1 8 239.635 -237.961 -11.096 0 1 0 0 0 1 1 0 0 s100242.dat
1 8 -400.364 -244.961 -111.966 0 1 0 0 0 1 1 0 0 s100241.dat
1 8 -400.365 -237.961 -11.096 0 1 0 0 0 1 1 0 0 s100242.dat
1 8 44.374 -19.765 404.384 0.156513 0 0.988292 0 1 0 -0.988292 0 0.156513 s100243.dat
1 8 -55.499 -19.765 333.638 0.156513 0 -0.988292 0 1 0 0.988292 0 0.156513 s100243.dat
1 8 11.074 -103.765 709.584 0 0 1 0 1 0 -1 0 0 s100243.dat
1 8 -10.726 -103.765 709.584 0 0 1 0 1 0 -1 0 0 s100243.dat
0
