0 FILE Sandcrawler.ldr
0 Sandcrawler
0 Name: Sandcrawler.ldr
0 Author: R Paluczak
0 Unofficial Model
0 ROTATION CENTER -147.188 -6.30116 -649.94 1 "Custom" 
0 ROTATION CONFIG 0 0
1 0 -20 8 0 1 0 0 0 1 0 0 0 1 3027.dat
1 0 0 -6 -40 1 0 0 0 1 0 0 0 1 2780.dat
1 0 -40 -6 -40 1 0 0 0 1 0 0 0 1 2780.dat
1 0 0 -6 -80 1 0 0 0 1 0 0 0 1 2780.dat
1 0 -40 -6 -80 1 0 0 0 1 0 0 0 1 2780.dat
1 0 0 -86 -80 1 0 0 0 1 0 0 0 1 2780.dat
1 0 -40 -86 -80 1 0 0 0 1 0 0 0 1 2780.dat
1 0 -20 8 -560 1 0 0 0 1 0 0 0 1 3027.dat
1 70 -200 -16 40 1 0 0 0 1 0 0 0 1 2456.dat
1 70 -250 -16 -70 1 0 0 0 1 0 0 0 1 3005.dat
1 70 210 -16 -70 1 0 0 0 1 0 0 0 1 3005.dat
1 70 -250 -16 -390 1 0 0 0 1 0 0 0 1 3005.dat
1 70 210 -16 -390 1 0 0 0 1 0 0 0 1 3005.dat
1 70 210 -16 -250 0 0 -1 0 1 0 1 0 0 4070.dat
1 70 210 -88 -270 0 0 1 0 1 0 -1 0 0 4070.dat
1 70 210 -88 -190 0 0 1 0 1 0 -1 0 0 4070.dat
1 70 210 -88 -370 0 0 1 0 1 0 -1 0 0 4070.dat
1 70 -250 -88 -370 0 0 -1 0 1 0 1 0 0 4070.dat
1 70 210 -88 -450 0 0 1 0 1 0 -1 0 0 4070.dat
1 70 -250 -88 -450 0 0 -1 0 1 0 1 0 0 4070.dat
1 70 -250 -88 -270 0 0 -1 0 1 0 1 0 0 4070.dat
1 70 -250 -88 -190 0 0 -1 0 1 0 1 0 0 4070.dat
1 70 210 -40 -610 1 0 0 0 1 0 0 0 1 4070.dat
1 70 -250 -40 -610 1 0 0 0 1 0 0 0 1 4070.dat
1 70 -250 -16 -250 0 0 1 0 1 0 -1 0 0 4070.dat
1 70 -240 -16 -140 1 0 0 0 1 0 0 0 1 3003.dat
1 70 200 -16 -140 1 0 0 0 1 0 0 0 1 3003.dat
1 70 -240 -40 -140 1 0 0 0 1 0 0 0 1 3003.dat
1 70 -20 -40 -80 1 0 0 0 1 0 0 0 1 3003.dat
1 70 -20 -24 -20 1 0 0 0 1 0 0 0 1 3068b.dat
1 70 200 -40 -140 1 0 0 0 1 0 0 0 1 3003.dat
1 19 -20 -40 30 1 0 0 0 1 0 0 0 1 3010.dat
1 19 -20 -40 60 1 0 0 0 1 0 0 0 1 3001.dat
1 19 210 -40 -40 0 0 1 0 1 0 -1 0 0 3008.dat
1 19 190 -88 20 0 0 1 0 1 0 -1 0 0 3008.dat
1 19 -230 -88 20 0 0 1 0 1 0 -1 0 0 3008.dat
1 19 -250 -40 -40 0 0 1 0 1 0 -1 0 0 3008.dat
1 19 -250 -40 -420 0 0 1 0 1 0 -1 0 0 3009.dat
1 19 210 -40 -420 0 0 1 0 1 0 -1 0 0 3009.dat
1 70 210 -64 -440 0 0 1 0 1 0 -1 0 0 3009.dat
1 70 -250 -64 -440 0 0 1 0 1 0 -1 0 0 3009.dat
1 70 210 -88 -120 0 0 1 0 1 0 -1 0 0 3009.dat
1 70 120 -112 90 -1 0 0 0 1 0 0 0 -1 3009.dat
1 70 -160 -112 90 -1 0 0 0 1 0 0 0 -1 3009.dat
1 70 -220 -144 20 0 0 -1 0 1 0 1 0 0 Left Rear Panel.ldr
1 70 30 -368 -40 1 0 0 0 1 0 0 0 1 Rear Roof.ldr
1 70 -240 -136 -420 0 0 -1 0 1 0 1 0 0 Front Left Panel.ldr
1 70 200 -136 -780 0 0 1 0 1 0 -1 0 0 Front Right Panel.ldr
1 70 -215.901 -8 -615.886 0.707107 0 -0.707107 0 1 0 0.707107 0 0.707107 Front Left.ldr
1 70 232.442 -8 -672.486 0.707107 0 0.707107 0 1 0 -0.707107 0 0.707107 Front Right.ldr
1 70 -10 -152 -280 1 0 0 0 1 0 0 0 1 Workshop.ldr
1 70 20 -336 -340 1 0 0 0 1 0 0 0 1 Workshop Roof.ldr
1 70 40 136 -830 0.258819 0 -0.965926 0 1 0 0.965926 0 0.258819 Crane.ldr
1 70 308.86 64 -817.805 0.258819 0 -0.965926 0 1 0 0.965926 0 0.258819 Owen Lars.ldr
1 70 374.073 64 -690.34 0.965926 0 -0.258819 0 1 0 0.258819 0 0.965926 C3PO.ldr
1 70 429.218 104 -713.212 0.965926 0 -0.258819 0 1 0 0.258819 0 0.965926 R2D2.ldr
1 70 559.271 104 -657.659 0.965926 0 -0.258819 0 1 0 0.258819 0 0.965926 R5D4.ldr
1 70 742.104 72 -567.258 0.965926 0 -0.258819 0 1 0 0.258819 0 0.965926 ASP Droid.ldr
1 70 883.711 64 -477.551 0.965926 0 -0.258819 0 1 0 0.258819 0 0.965926 Gonk Droid.ldr
1 70 954.607 64 -510.318 0.965926 0 -0.258819 0 1 0 0.258819 0 0.965926 R1G4.ldr
1 70 1027.4 120 -511.519 0.258819 0 0.965926 0 1 0 -0.965926 0 0.258819 Treadwell Droid.ldr
1 70 732.804 80 -874.281 0.5 0 0.866025 0 1 0 -0.866025 0 0.5 Jawa.ldr
1 70 622.804 80 -914.281 0.5 0 0.866025 0 1 0 -0.866025 0 0.5 Jawa.ldr
1 70 352.804 80 -984.281 -0.5 0 -0.866025 0 1 0 0.866025 0 -0.5 Jawa.ldr
1 70 -19.9 -432 -723.9 0 0 -1 0 1 0 1 0 0 Cockpit Roof.ldr
1 70 -20 -360 -733.9 0 0 1 0 1 0 -1 0 0 Cockpit.ldr
1 70 60 -368 -410 0 0 -1 0 1 0 1 0 0 Front Roof.ldr
1 70 -30 -152 60 -1 0 0 0 1 0 0 0 -1 Rear Panel.ldr
1 70 180 -144 160 0 0 1 0 1 0 -1 0 0 Right Rear Panel.ldr
1 70 -40 -112 70 0 0 1 0 1 0 -1 0 0 3002.dat
1 70 0 -112 70 0 0 1 0 1 0 -1 0 0 3002.dat
1 70 -250 -88 -120 0 0 1 0 1 0 -1 0 0 3009.dat
1 70 210 -112 -240 0 0 1 0 1 0 -1 0 0 3009.dat
1 70 -250 -112 -400 0 0 1 0 1 0 -1 0 0 6111.dat
1 70 -250 -112 -240 0 0 1 0 1 0 -1 0 0 3009.dat
1 70 -250 -40 -260 0 0 1 0 1 0 -1 0 0 3004.dat
1 70 -20 -40 10 -1 0 0 0 1 0 0 0 -1 3004.dat
1 70 210 -40 -260 0 0 1 0 1 0 -1 0 0 3004.dat
1 70 210 -88 -480 0 0 1 0 1 0 -1 0 0 3004.dat
1 70 210 -112 -600 0 0 1 0 1 0 -1 0 0 3004.dat
1 70 -250 -112 -600 0 0 1 0 1 0 -1 0 0 3004.dat
1 70 -230 -112 -420 0 0 1 0 1 0 -1 0 0 3004.dat
1 70 190 -112 -420 0 0 1 0 1 0 -1 0 0 3004.dat
1 70 -250 -88 -480 0 0 1 0 1 0 -1 0 0 3004.dat
1 70 -250 -88 -230 0 0 1 0 1 0 -1 0 0 3622.dat
1 70 210 -88 -230 0 0 1 0 1 0 -1 0 0 3622.dat
1 70 -250 -112 -90 0 0 1 0 1 0 -1 0 0 3622.dat
1 70 210 -112 -90 0 0 1 0 1 0 -1 0 0 3622.dat
1 70 190 -112 -40 0 0 -1 0 1 0 1 0 0 3039.dat
1 70 190 -112 60 0 0 -1 0 1 0 1 0 0 3037.dat
1 70 -230 -112 60 0 0 1 0 1 0 -1 0 0 3037.dat
1 70 -230 -112 -40 0 0 1 0 1 0 -1 0 0 3039.dat
1 0 190 -112 0 0 0 -1 0 1 0 1 0 0 3039.dat
1 0 -230 -112 0 0 0 1 0 1 0 -1 0 0 3039.dat
1 70 210 -112 -400 0 0 1 0 1 0 -1 0 0 6111.dat
1 70 -250 -64 40 0 0 1 0 1 0 -1 0 0 3004.dat
1 70 210 -64 40 0 0 1 0 1 0 -1 0 0 3004.dat
1 70 -240 -16 -420 1 0 0 0 1 0 0 0 1 3003.dat
1 70 200 -16 -420 1 0 0 0 1 0 0 0 1 3003.dat
1 70 -240 -16 -600 1 0 0 0 1 0 0 0 1 3003.dat
1 70 200 -16 -600 1 0 0 0 1 0 0 0 1 3003.dat
1 70 -240 -64 -600 1 0 0 0 1 0 0 0 1 3003.dat
1 70 200 -64 -600 1 0 0 0 1 0 0 0 1 3003.dat
1 0 -240 -88 -600 1 0 0 0 1 0 0 0 1 3003.dat
1 0 200 -88 -600 1 0 0 0 1 0 0 0 1 3003.dat
1 0 190 -112 -600 0 0 1 0 1 0 -1 0 0 30540.dat
1 0 -230 -112 -600 0 0 1 0 1 0 -1 0 0 30540.dat
1 70 -240 -88 -420 1 0 0 0 1 0 0 0 1 3003.dat
1 70 200 -88 -420 1 0 0 0 1 0 0 0 1 3003.dat
1 70 -240 -112 -140 1 0 0 0 1 0 0 0 1 3003.dat
1 70 200 -112 -140 1 0 0 0 1 0 0 0 1 3003.dat
1 70 -80 -16 40 1 0 0 0 1 0 0 0 1 2456.dat
1 70 160 -16 40 1 0 0 0 1 0 0 0 1 2456.dat
1 70 40 -16 40 1 0 0 0 1 0 0 0 1 2456.dat
1 0 -20 8 -120 1 0 0 0 1 0 0 0 1 3028.dat
1 0 -20 8 -440 1 0 0 0 1 0 0 0 1 3028.dat
1 0 -140 8 -240 1 0 0 0 1 0 0 0 1 3028.dat
1 0 100 8 -240 1 0 0 0 1 0 0 0 1 3028.dat
1 0 -100 8 -340 1 0 0 0 1 0 0 0 1 3035.dat
1 0 60 8 -340 1 0 0 0 1 0 0 0 1 3035.dat
1 0 180 8 -380 0 0 -1 0 1 0 1 0 0 3035.dat
1 0 -220 8 -380 0 0 -1 0 1 0 1 0 0 3035.dat
1 0 180 8 -540 0 0 -1 0 1 0 1 0 0 3035.dat
1 70 180 -376 -560 0 0 -1 0 1 0 1 0 0 3022.dat
1 70 -220 -376 -560 0 0 -1 0 1 0 1 0 0 3022.dat
1 70 210 -344 -70 -1 0 0 0 1 0 0 0 -1 2555.dat
1 70 210 -344 -100 0 0 1 0 1 0 -1 0 0 30244.dat
1 70 210 -344 -450 1 0 0 0 1 0 0 0 1 2555.dat
1 70 210 -344 -420 0 0 -1 0 1 0 1 0 0 30244.dat
1 70 -250 -344 -450 1 0 0 0 1 0 0 0 1 2555.dat
1 70 -250 -344 -420 0 0 -1 0 1 0 1 0 0 30244.dat
1 70 210 -344 -140 0 0 1 0 1 0 -1 0 0 30244.dat
1 70 -250 -344 -70 -1 0 0 0 1 0 0 0 -1 2555.dat
1 70 -250 -344 -100 0 0 1 0 1 0 -1 0 0 30244.dat
1 70 -250 -344 -140 0 0 1 0 1 0 -1 0 0 30244.dat
1 0 -220 8 -540 0 0 -1 0 1 0 1 0 0 3035.dat
1 15 -160 0 -20 -1 0 0 0 1 0 0 0 -1 3031.dat
1 0 -160 -8 -50 -1 0 0 0 1 0 0 0 -1 2431.dat
1 0 -160 -8 -110 -1 0 0 0 1 0 0 0 -1 2431.dat
1 0 120 -8 -50 -1 0 0 0 1 0 0 0 -1 2431.dat
1 0 -160 -24 -20 -1 0 0 0 1 0 0 0 -1 3680c01.dat
1 0 120 -24 -20 -1 0 0 0 1 0 0 0 -1 3680c01.dat
1 0 120 -8 -110 -1 0 0 0 1 0 0 0 -1 2431.dat
1 0 40 -24 -610 -1 0 0 0 1 0 0 0 -1 2431.dat
1 0 -80 -24 -610 -1 0 0 0 1 0 0 0 -1 2431.dat
1 0 -130 -24 -560 0 0 1 0 1 0 -1 0 0 6636.dat
1 0 -130 -24 -440 0 0 1 0 1 0 -1 0 0 6636.dat
1 0 90 -24 -560 0 0 1 0 1 0 -1 0 0 6636.dat
1 0 90 -24 -440 0 0 1 0 1 0 -1 0 0 6636.dat
1 72 130 -24 -440 0 0 1 0 1 0 -1 0 0 6636.dat
1 72 60 -120 90 1 0 0 0 1 0 0 0 1 6636.dat
1 72 -100 -120 90 1 0 0 0 1 0 0 0 1 6636.dat
1 72 -20 -136 90 -1 0 0 0 1 0 0 0 -1 4865a.dat
1 72 210 -120 -300 0 0 1 0 1 0 -1 0 0 4162.dat
1 72 -250 -120 -300 0 0 1 0 1 0 -1 0 0 4162.dat
1 72 -170 -24 -440 0 0 1 0 1 0 -1 0 0 6636.dat
1 15 -160 0 -80 -1 0 0 0 1 0 0 0 -1 3709b.dat
1 15 120 0 -80 -1 0 0 0 1 0 0 0 -1 3709b.dat
1 15 -20 -32 -20 -1 0 0 0 1 0 0 0 -1 4282.dat
1 15 -20 -54 -10 -1 0 0 0 1 0 0 0 -1 3647.dat
1 15 -20 -54 -30 -1 0 0 0 1 0 0 0 -1 3647.dat
1 71 -20 -54 -90 -1 0 0 0 1 0 0 0 -1 3713.dat
1 15 120 0 -20 0 0 -1 0 1 0 1 0 0 3031.dat
1 15 -30 -16 -40 0 0 -1 0 1 0 1 0 0 3894.dat
1 15 -10 -16 -40 0 0 -1 0 1 0 1 0 0 3894.dat
1 19 -140 0 -130 0 0 -1 0 1 0 1 0 0 3021.dat
1 19 -160 -16 -440 0 0 -1 0 1 0 1 0 0 3941.dat
1 19 120 -16 -440 0 0 -1 0 1 0 1 0 0 3941.dat
1 19 -160 -40 -80 0 0 -1 0 1 0 1 0 0 3941.dat
1 19 120 -40 -80 0 0 -1 0 1 0 1 0 0 3941.dat
1 19 -180 0 -130 0 0 -1 0 1 0 1 0 0 3021.dat
1 19 140 0 -130 0 0 -1 0 1 0 1 0 0 3021.dat
1 19 140 0 -280 0 0 -1 0 1 0 1 0 0 3034.dat
1 19 -160 0 -280 0 0 -1 0 1 0 1 0 0 3034.dat
1 19 -20 0 -260 0 0 -1 0 1 0 1 0 0 3832.dat
1 19 100 0 -180 -1 0 0 0 1 0 0 0 -1 3832.dat
1 19 -20 0 -380 -1 0 0 0 1 0 0 0 -1 3832.dat
1 19 -20 -120 60 -1 0 0 0 1 0 0 0 -1 3020.dat
1 19 10 -88 -80 0 1 0 0 0 1 1 0 0 32526.dat
1 19 -50 -88 -80 0 1 0 0 0 1 1 0 0 32526.dat
1 19 -160 -16 -380 -1 0 0 0 1 0 0 0 -1 3001.dat
1 19 120 -16 -380 -1 0 0 0 1 0 0 0 -1 3001.dat
1 0 -160 -16 -540 0 0 1 0 1 0 -1 0 0 2356.dat
1 70 210 -16 -300 0 0 1 0 1 0 -1 0 0 3010.dat
1 70 -20 -88 70 1 0 0 0 1 0 0 0 1 3010.dat
1 70 -20 -88 50 1 0 0 0 1 0 0 0 1 3298.dat
1 70 -140 -88 90 1 0 0 0 1 0 0 0 1 3010.dat
1 70 100 -88 90 1 0 0 0 1 0 0 0 1 3010.dat
1 70 210 -88 60 0 0 1 0 1 0 -1 0 0 3010.dat
1 70 -250 -88 60 0 0 1 0 1 0 -1 0 0 3010.dat
1 70 210 -64 -200 0 0 1 0 1 0 -1 0 0 4215a.dat
1 70 -250 -64 -200 0 0 -1 0 1 0 1 0 0 4215a.dat
1 70 210 -88 -320 0 0 1 0 1 0 -1 0 0 4215a.dat
1 70 -250 -88 -320 0 0 -1 0 1 0 1 0 0 4215a.dat
1 70 210 -64 -120 0 0 1 0 1 0 -1 0 0 3010.dat
1 70 -250 -88 0 0 0 1 0 1 0 -1 0 0 6268b.dat
1 70 210 -88 0 0 0 -1 0 1 0 1 0 0 6268b.dat
1 70 -250 -64 -120 0 0 1 0 1 0 -1 0 0 3010.dat
1 70 -250 0 -520 0 0 1 0 1 0 -1 0 0 2412b.dat
1 70 -250 0 -560 0 0 1 0 1 0 -1 0 0 2412b.dat
1 70 210 0 -520 0 0 1 0 1 0 -1 0 0 2412b.dat
1 70 210 0 -560 0 0 1 0 1 0 -1 0 0 2412b.dat
1 70 -20 -24 -610 -1 0 0 0 1 0 0 0 -1 2412b.dat
1 70 -20 -72 -80 -1 0 0 0 1 0 0 0 -1 3022.dat
1 70 -160 -24 -110 -1 0 0 0 1 0 0 0 -1 2412b.dat
1 70 120 -24 -110 -1 0 0 0 1 0 0 0 -1 2412b.dat
1 70 -20 -16 -610 1 0 0 0 1 0 0 0 1 3010.dat
1 70 -10 -119.785 -713.499 1 0 0 0 0.5 0.866025 0 -0.866025 0.5 Front Ramp.ldr
1 70 -190 16 -610 1 0 0 0 1 0 0 0 1 4070.dat
1 70 150 16 -610 1 0 0 0 1 0 0 0 1 4070.dat
1 70 -230 16 -610 1 0 0 0 1 0 0 0 1 3622.dat
1 70 190 16 -610 1 0 0 0 1 0 0 0 1 3622.dat
1 70 210 16 30 0 0 -1 0 1 0 1 0 0 3622.dat
1 70 -250 16 30 0 0 -1 0 1 0 1 0 0 3622.dat
1 70 210 16 -580 0 0 -1 0 1 0 1 0 0 2877.dat
1 70 -250 16 -580 0 0 1 0 1 0 -1 0 0 2877.dat
1 70 -250 16 -550 -1 0 0 0 1 0 0 0 -1 4287.dat
1 70 210 16 -550 -1 0 0 0 1 0 0 0 -1 4287.dat
1 70 130 16 -610 0 0 1 0 1 0 -1 0 0 4287.dat
1 70 -170 16 -610 0 0 -1 0 1 0 1 0 0 4287.dat
1 70 210 16 -10 1 0 0 0 1 0 0 0 1 4287.dat
1 70 -250 16 -10 1 0 0 0 1 0 0 0 1 4287.dat
1 70 -230 16 49.998 0 0 -1 0 1 0 1 0 0 4287.dat
1 70 190.001 16 50.001 0 0 1 0 1 0 -1 0 0 4287.dat
1 70 -80 -336 -610 -1 0 0 0 1 0 0 0 -1 3660.dat
1 70 -180 -336 -610 -1 0 0 0 1 0 0 0 -1 3660.dat
1 70 40 -336 -610 -1 0 0 0 1 0 0 0 -1 3660.dat
1 70 140 -336 -610 -1 0 0 0 1 0 0 0 -1 3660.dat
1 0 -140 -16 -610 1 0 0 0 1 0 0 0 1 3702.dat
1 0 -150 80 -400 0 0 -1 0 1 0 1 0 0 Tread.ldr
1 0 110 80 -480 0 0 1 0 1 0 -1 0 0 Tread.ldr
1 0 -150 80 -40 0 0 -1 0 1 0 1 0 0 Tread Rear.ldr
1 0 110 80 -120 0 0 1 0 1 0 -1 0 0 Tread Rear.ldr
1 0 100 -16 -610 1 0 0 0 1 0 0 0 1 3702.dat
1 72 60 -5.9 -650 -1 0 0 0 1 0 0 0 -1 32013.dat
1 1 60.5 -5.8 -620 0 0 1 0 1 0 -1 0 0 3749.dat
1 72 -100 -5.9 -650 -1 0 0 0 1 0 0 0 -1 32013.dat
1 1 -99.5 -5.8 -620 0 0 1 0 1 0 -1 0 0 3749.dat
1 0 -20 -312 -610 1 0 0 0 1 0 0 0 1 3703.dat
1 0 -140 -344 -610 1 0 0 0 1 0 0 0 1 3666.dat
1 0 100 -344 -610 1 0 0 0 1 0 0 0 1 3666.dat
1 0 -20 -320 -610 1 0 0 0 1 0 0 0 1 2431.dat
1 0 -20 -336 -410 1 0 0 0 1 0 0 0 1 3703.dat
1 0 -20 -336 -150 1 0 0 0 1 0 0 0 1 3703.dat
1 70 -250 -16 -300 0 0 1 0 1 0 -1 0 0 3010.dat
1 0 -250 -16 -20 0 0 1 0 1 0 -1 0 0 3010.dat
1 0 210 -16 -20 0 0 1 0 1 0 -1 0 0 3010.dat
1 0 -250 -16 -100 0 0 1 0 1 0 -1 0 0 2877.dat
1 0 210 -16 -100 0 0 -1 0 1 0 1 0 0 2877.dat
1 72 40 -88 90 -1 0 0 0 1 0 0 0 -1 2877.dat
1 0 160 -88 90 -1 0 0 0 1 0 0 0 -1 2877.dat
1 0 -200 -88 90 -1 0 0 0 1 0 0 0 -1 2877.dat
1 0 -20 -88 90 -1 0 0 0 1 0 0 0 -1 3659.dat
1 72 210 -88 -40 0 0 -1 0 1 0 1 0 0 2877.dat
1 72 -250 -88 -40 0 0 1 0 1 0 -1 0 0 2877.dat
1 72 -80 -88 90 -1 0 0 0 1 0 0 0 -1 2877.dat
1 72 40 -112 90 -1 0 0 0 1 0 0 0 -1 2877.dat
1 72 -80 -112 90 -1 0 0 0 1 0 0 0 -1 2877.dat
1 0 120 -16 -540 0 0 1 0 1 0 -1 0 0 2356.dat
1 0 -250 -16 -360 0 0 1 0 1 0 -1 0 0 3004.dat
1 0 210 -16 -360 0 0 1 0 1 0 -1 0 0 3004.dat
1 70 -250 -16 -490 1 0 0 0 1 0 0 0 1 3005.dat
1 70 210 -16 -490 1 0 0 0 1 0 0 0 1 3005.dat
1 70 210 -64 -370 1 0 0 0 1 0 0 0 1 3005.dat
1 70 -250 -64 -370 1 0 0 0 1 0 0 0 1 3005.dat
1 70 210 -40 -490 0 0 -1 0 1 0 1 0 0 2921.dat
1 72 190 -40 -590 0 0 -1 0 1 0 1 0 0 3005.dat
1 72 -230 -40 -590 0 0 -1 0 1 0 1 0 0 3005.dat
1 72 210 -64 -70 0 0 -1 0 1 0 1 0 0 3005.dat
1 72 -230 -64 -420 0 0 -1 0 1 0 1 0 0 3245a.dat
1 72 190 -64 -420 0 0 -1 0 1 0 1 0 0 3245a.dat
1 72 -230 -88 -140 0 0 -1 0 1 0 1 0 0 3245a.dat
1 72 190 -88 -140 0 0 -1 0 1 0 1 0 0 3245a.dat
1 72 -250 -64 -70 0 0 -1 0 1 0 1 0 0 3005.dat
1 72 -20 -64 70 -1 0 0 0 1 0 0 0 -1 3700.dat
1 72 -20 -64 50 -1 0 0 0 1 0 0 0 -1 3700.dat
1 72 -20 -64 30 -1 0 0 0 1 0 0 0 -1 3700.dat
1 72 -20 -64 10 -1 0 0 0 1 0 0 0 -1 3700.dat
1 72 -20 -64 -70 -1 0 0 0 1 0 0 0 -1 3700.dat
1 72 -30 -96 -80 0 0 1 0 1 0 -1 0 0 3700.dat
1 72 -10 -96 -80 0 0 1 0 1 0 -1 0 0 3700.dat
1 70 210 -40 -590 0 0 -1 0 1 0 1 0 0 2921.dat
1 70 -230 -40 -610 0 0 -1 0 1 0 1 0 0 4286.dat
1 70 30 -56 -30 0 0 -1 0 1 0 1 0 0 4286.dat
1 70 -70 -56 -30 0 0 1 0 1 0 -1 0 0 4286.dat
1 71 -20 -40 -30 1 0 0 0 1 0 0 0 1 3743.dat
1 0 -150 -40 -370 0 0 -1 0 1 0 1 0 0 3040b.dat
1 0 110 -40 -370 0 0 1 0 1 0 -1 0 0 3040b.dat
1 70 190 -40 -610 0 0 1 0 1 0 -1 0 0 4286.dat
1 70 200 -40 50 -1 0 0 0 1 0 0 0 -1 3660.dat
1 70 160 -40 50 -1 0 0 0 1 0 0 0 -1 3660.dat
1 70 120 -40 50 -1 0 0 0 1 0 0 0 -1 3660.dat
1 70 80 -40 50 -1 0 0 0 1 0 0 0 -1 3660.dat
1 70 40 -40 50 -1 0 0 0 1 0 0 0 -1 3660.dat
1 70 180 -64 70 -1 0 0 0 1 0 0 0 -1 3660.dat
1 70 210 -64 -40 0 0 1 0 1 0 -1 0 0 3660.dat
1 70 -250 -64 -40 0 0 -1 0 1 0 1 0 0 3660.dat
1 484 -250 -64 70 -1 0 0 0 1 0 0 0 -1 3665.dat
1 484 210 -64 70 -1 0 0 0 1 0 0 0 -1 3665.dat
1 484 210 -64 -260 0 0 -1 0 1 0 1 0 0 3004.dat
1 484 -250 -88 -390 0 0 -1 0 1 0 1 0 0 3005.dat
1 484 210 -88 -390 0 0 -1 0 1 0 1 0 0 3005.dat
1 484 -250 -112 -170 0 0 -1 0 1 0 1 0 0 3005.dat
1 484 210 -112 -170 0 0 -1 0 1 0 1 0 0 3005.dat
1 484 -250 -64 -260 0 0 -1 0 1 0 1 0 0 3004.dat
1 70 140 -64 70 -1 0 0 0 1 0 0 0 -1 3660.dat
1 70 100 -64 70 -1 0 0 0 1 0 0 0 -1 3660.dat
1 70 60 -64 70 -1 0 0 0 1 0 0 0 -1 3660.dat
1 70 20 -64 70 -1 0 0 0 1 0 0 0 -1 3660.dat
1 70 -60 -64 70 -1 0 0 0 1 0 0 0 -1 3660.dat
1 70 -100 -64 70 -1 0 0 0 1 0 0 0 -1 3660.dat
1 70 -140 -64 70 -1 0 0 0 1 0 0 0 -1 3660.dat
1 70 -180 -64 70 -1 0 0 0 1 0 0 0 -1 3660.dat
1 70 -220 -64 70 -1 0 0 0 1 0 0 0 -1 3660.dat
1 70 -80 -40 50 -1 0 0 0 1 0 0 0 -1 3660.dat
1 70 -120 -40 50 -1 0 0 0 1 0 0 0 -1 3660.dat
1 70 -160 -40 50 -1 0 0 0 1 0 0 0 -1 3660.dat
1 70 -200 -40 50 -1 0 0 0 1 0 0 0 -1 3660.dat
1 70 -240 -40 50 -1 0 0 0 1 0 0 0 -1 3660.dat
1 70 -250 -40 -590 0 0 1 0 1 0 -1 0 0 2921.dat
1 70 -250 -40 -490 0 0 1 0 1 0 -1 0 0 2921.dat
1 0 -250 -16 -460 0 0 1 0 1 0 -1 0 0 3004.dat
1 0 210 -16 -460 0 0 1 0 1 0 -1 0 0 3004.dat
1 71 -160 -16 -440 0 0 1 0 1 0 -1 0 0 32324.dat
1 71 120 -16 -440 0 0 1 0 1 0 -1 0 0 32324.dat
1 71 -150 -40 -500 0 0 1 0 1 0 -1 0 0 6112.dat
1 71 110 -40 -500 0 0 1 0 1 0 -1 0 0 6112.dat
1 19 -20 0 -500 -1 0 0 0 1 0 0 0 -1 3832.dat
1 19 -140 0 -180 -1 0 0 0 1 0 0 0 -1 3832.dat
1 19 100 0 -130 0 0 -1 0 1 0 1 0 0 3021.dat
1 0 -220 8 -60 0 0 1 0 1 0 -1 0 0 3029.dat
1 0 180 8 -60 0 0 1 0 1 0 -1 0 0 3029.dat
1 0 -20 -53.9 10 0 0 1 0 1 0 -1 0 0 3708.dat
1 0 -20 -53.9 120 1 0 0 0 1 0 0 0 1 32269.dat
1 14 -160 8 -120 0 0 1 0 1 0 -1 0 0 32001.dat
1 14 120 8 -120 0 0 1 0 1 0 -1 0 0 32001.dat
1 14 -160 -16 -60 0 0 1 0 1 0 -1 0 0 32001.dat
1 14 120 -16 -60 0 0 1 0 1 0 -1 0 0 32001.dat
1 14 -160 8 -440 0 0 1 0 1 0 -1 0 0 32001.dat
1 14 120 8 -440 0 0 1 0 1 0 -1 0 0 32001.dat
1 72 -20 -53.9 103.9 0 0 1 -1 0 0 0 -1 0 6143.dat
1 46 -190 26 -623.2 0 0 -1 -1 0 0 0 1 0 4073.dat
1 46 150 26 -623.2 0 0 -1 -1 0 0 0 1 0 4073.dat
0
0 FILE Workshop.ldr
0 Workshop
0 Name: Workshop.ldr
0 Author: R Paluczak
0 Unofficial Model
0 ROTATION CENTER 0 0 0 1 "Custom" 
0 ROTATION CONFIG 0 0
1 0 -10 8 0 1 0 0 0 1 0 0 0 1 30072.dat
1 0 -10 -184 110 1 0 0 0 1 0 0 0 1 3703.dat
1 72 -70 -192 110 1 0 0 0 1 0 0 0 1 6636.dat
1 72 50 -192 110 1 0 0 0 1 0 0 0 1 6636.dat
1 72 -70 -192 -110 1 0 0 0 1 0 0 0 1 6636.dat
1 72 50 -192 -110 1 0 0 0 1 0 0 0 1 6636.dat
1 0 -10 -184 -110 1 0 0 0 1 0 0 0 1 3703.dat
1 0 -150 -40 90 1 0 0 0 1 0 0 0 1 3004.dat
1 70 -240 -16 90 0 0 -1 0 1 0 1 0 0 3622.dat
1 70 160 -16 -70 0 0 -1 0 1 0 1 0 0 2357.dat
1 70 220 -40 -110 0 0 -1 0 1 0 1 0 0 2357.dat
1 70 -240 -40 -110 1 0 0 0 1 0 0 0 1 2357.dat
1 70 -240 -88 -110 1 0 0 0 1 0 0 0 1 2357.dat
1 70 -240 -88 110 0 0 1 0 1 0 -1 0 0 2357.dat
1 70 220 -88 110 -1 0 0 0 1 0 0 0 -1 2357.dat
1 70 220 -88 -110 0 0 -1 0 1 0 1 0 0 2357.dat
1 0 130 -56 70 0 0 -1 0 1 0 1 0 0 30663.dat
1 70 -240 -40 70 0 0 1 0 1 0 -1 0 0 2921.dat
1 70 -240 -40 -70 0 0 1 0 1 0 -1 0 0 2921.dat
1 70 220 -40 -70 0 0 -1 0 1 0 1 0 0 2921.dat
1 70 220 -40 70 0 0 -1 0 1 0 1 0 0 2921.dat
1 484 -240 -40 110 0 0 1 0 1 0 -1 0 0 2357.dat
1 484 220 -40 110 -1 0 0 0 1 0 0 0 -1 2357.dat
1 70 -150 -16 90 1 0 0 0 1 0 0 0 1 3039.dat
1 70 -10 -16 50 1 0 0 0 1 0 0 0 1 3037.dat
1 70 -150 0 50 1 0 0 0 1 0 0 0 1 30244.dat
1 70 130 0 50 1 0 0 0 1 0 0 0 1 30244.dat
1 70 110 -24 -70 1 0 0 0 1 0 0 0 1 30244.dat
1 70 150 -24 -70 1 0 0 0 1 0 0 0 1 30244.dat
1 70 130 -30 72 1 0 0 0 0 -1 0 1 0 3069b.dat
1 34 100 -30 72 1 0 0 0 0 -1 0 1 0 6141.dat
1 36 160 -30 72 1 0 0 0 0 -1 0 1 0 6141.dat
1 70 -130 -24 -70 1 0 0 0 1 0 0 0 1 30244.dat
1 70 -130 -16 -70 1 0 0 0 1 0 0 0 1 3039.dat
1 70 110 -16 -70 1 0 0 0 1 0 0 0 1 3039.dat
1 70 130 -16 90 1 0 0 0 1 0 0 0 1 3039.dat
1 70 -240 -16 -90 0 0 -1 0 1 0 1 0 0 3622.dat
1 72 -220 -16 110 0 0 -1 0 1 0 1 0 0 3005.dat
1 72 -50 -16 100 0 0 -1 0 1 0 1 0 0 3003.dat
1 72 -10 -40 60 -1 0 0 0 1 0 0 0 -1 3001.dat
1 72 -10 -48 100 -1 0 0 0 1 0 0 0 -1 3020.dat
1 72 130 -48 90 1 0 0 0 1 0 0 0 1 4623.dat
1 38 -20 -56 90 -1 0 0 0 1 0 0 0 -1 6141.dat
1 38 20 -56 90 -1 0 0 0 1 0 0 0 -1 6141.dat
1 38 0 -56 110 -1 0 0 0 1 0 0 0 -1 6141.dat
1 38 -40 -56 90 -1 0 0 0 1 0 0 0 -1 6141.dat
1 38 -20 -56 110 -1 0 0 0 1 0 0 0 -1 6141.dat
1 72 30 -16 100 0 0 -1 0 1 0 1 0 0 3003.dat
1 72 -50 -40 100 0 0 -1 0 1 0 1 0 0 3003.dat
1 71 -140 -48 90 -1 0 0 0 1 0 0 0 -1 4592c01.dat
1 71 -20 -48 50 -1 0 0 0 1 0 0 0 -1 4592c01.dat
1 71 0 -48 50 -1 0 0 0 1 0 0 0 -1 4592c01.dat
1 72 30 -40 100 0 0 -1 0 1 0 1 0 0 3003.dat
1 19 -40 -16 70 0 0 -1 0 1 0 1 0 0 3062b.dat
1 19 -160 -16 -50 0 0 -1 0 1 0 1 0 0 3062b.dat
1 19 -190 -40 -90 -1 0 0 0 1 0 0 0 -1 4083.dat
1 19 170 -40 -90 -1 0 0 0 1 0 0 0 -1 4083.dat
1 19 20 -16 70 0 0 -1 0 1 0 1 0 0 3062b.dat
1 19 100 -16 90 0 0 -1 0 1 0 1 0 0 3062b.dat
1 19 130 -40 90 1 0 0 0 1 0 0 0 1 30414.dat
1 19 160 -16 90 0 0 -1 0 1 0 1 0 0 3062b.dat
1 72 -220 -8 90 0 0 -1 0 1 0 1 0 0 4735.dat
1 72 -80 -8 90 0 0 1 0 1 0 -1 0 0 4735.dat
1 72 -220 -8 90 0 0 -1 0 1 0 1 0 0 4735.dat
1 0 -120 -16 90 -1 0 0 0 1 0 0 0 -1 4599a.dat
1 0 -160 -40 -50 0 0 1 0 1 0 -1 0 0 4599a.dat
1 0 180 -45.5 -90 -1 0 0 0 1 0 0 0 -1 55299.dat
1 0 160 -48 -90 -1 0 0 0 1 0 0 0 -1 55298.dat
1 0 -180 -48 -90 -1 0 0 0 1 0 0 0 -1 55295.dat
1 0 -200 -40 -90 -1 0 0 0 1 0 0 0 -1 55296.dat
1 0 -80 -8 90 -1 0 0 0 1 0 0 0 -1 55300.dat
1 0 -220 -16 90 1 0 0 0 1 0 0 0 1 55297.dat
1 0 160 -40 -50 0 0 -1 0 1 0 1 0 0 4599a.dat
1 0 -180 -16 90 -1 0 0 0 1 0 0 0 -1 4599a.dat
1 0 -40 -64 50 0 0 -1 0 1 0 1 0 0 4599a.dat
1 0 20 -64 50 0 0 1 0 1 0 -1 0 0 4599a.dat
1 0 -30 -64 70 1 0 0 0 1 0 0 0 1 4865b.dat
1 0 10 -64 70 1 0 0 0 1 0 0 0 1 4865b.dat
1 0 40 -64 100 0 0 -1 0 1 0 1 0 0 4865b.dat
1 0 -60 -64 100 0 0 1 0 1 0 -1 0 0 4865b.dat
1 72 -220 -16 -110 0 0 -1 0 1 0 1 0 0 3005.dat
1 70 220 -16 -90 0 0 1 0 1 0 -1 0 0 3622.dat
1 70 220.001 -16 90 0 0 1 0 1 0 -1 0 0 3622.dat
1 72 199.998 -16 -110.002 0 0 1 0 1 0 -1 0 0 3005.dat
1 72 199.999 -16 109.998 0 0 1 0 1 0 -1 0 0 3005.dat
1 70 -240 -64 -90 0 0 -1 0 1 0 1 0 0 3622.dat
1 72 -220 -64 -110 0 0 -1 0 1 0 1 0 0 3005.dat
1 70 -240 -112 -90 0 0 -1 0 1 0 1 0 0 3622.dat
1 72 -220 -112 -110 0 0 -1 0 1 0 1 0 0 3005.dat
1 70 -240 -184 -90 0 0 -1 0 1 0 1 0 0 3005.dat
1 70 -240 -184 90 0 0 -1 0 1 0 1 0 0 3005.dat
1 70 -190 -192 0 0 0 -1 0 1 0 1 0 0 3028.dat
1 0 -140 -200 30 0 0 -1 0 1 0 1 0 0 6141.dat
1 0 -140 -200 -30 0 0 -1 0 1 0 1 0 0 6141.dat
1 70 -170 -200 30 -1 0 0 0 1 0 0 0 -1 30244.dat
1 70 -170 -200 -30 -1 0 0 0 1 0 0 0 -1 30244.dat
1 70 -170 -200 -90 -1 0 0 0 1 0 0 0 -1 30244.dat
1 70 -170 -200 90 -1 0 0 0 1 0 0 0 -1 30244.dat
1 70 170 -192 0 0 0 1 0 1 0 -1 0 0 3028.dat
1 0 119.999 -200 -29.999 0 0 1 0 1 0 -1 0 0 6141.dat
1 0 120 -200 29.998 0 0 1 0 1 0 -1 0 0 6141.dat
1 70 149.999 -200 -30.001 1 0 0 0 1 0 0 0 1 30244.dat
1 70 150 -200 29.998 1 0 0 0 1 0 0 0 1 30244.dat
1 70 149.998 -200 89.998 1 0 0 0 1 0 0 0 1 30244.dat
1 70 149.997 -200 -90.001 1 0 0 0 1 0 0 0 1 30244.dat
1 70 220 -184 90 0 0 -1 0 1 0 1 0 0 3005.dat
1 70 220 -184 -90 0 0 -1 0 1 0 1 0 0 3005.dat
1 70 -240 -184 -60 0 0 -1 0 1 0 1 0 0 4864b.dat
1 70 -240 -184 20 0 0 -1 0 1 0 1 0 0 4864b.dat
1 70 -240 -184 60 0 0 -1 0 1 0 1 0 0 4864b.dat
1 70 220 -184 -60 0 0 1 0 1 0 -1 0 0 4864b.dat
1 70 220.001 -184 59.997 0 0 1 0 1 0 -1 0 0 4864b.dat
1 70 220 -184 20 0 0 1 0 1 0 -1 0 0 4864b.dat
1 72 -240 -88 70 0 0 -1 0 1 0 1 0 0 3005.dat
1 72 220 -88 70 0 0 -1 0 1 0 1 0 0 3005.dat
1 484 -240 -88 -70 0 0 -1 0 1 0 1 0 0 3005.dat
1 484 220 -88 -70 0 0 -1 0 1 0 1 0 0 3005.dat
1 70 -240 -64 90 0 0 -1 0 1 0 1 0 0 3622.dat
1 72 -220 -64 110 0 0 -1 0 1 0 1 0 0 3005.dat
1 70 220 -64 -90 0 0 1 0 1 0 -1 0 0 3622.dat
1 70 220.001 -64 90 0 0 1 0 1 0 -1 0 0 3622.dat
1 72 199.998 -64 -110.002 0 0 1 0 1 0 -1 0 0 3005.dat
1 70 220 -112 -90 0 0 1 0 1 0 -1 0 0 3622.dat
1 72 199.998 -112 -110.002 0 0 1 0 1 0 -1 0 0 3005.dat
1 70 220 -112 90 0 0 1 0 1 0 -1 0 0 3622.dat
1 72 199.998 -112 110.002 0 0 1 0 1 0 -1 0 0 3005.dat
1 70 -240 -112 90 0 0 -1 0 1 0 1 0 0 3622.dat
1 70 -240 -136 0 0 0 -1 0 1 0 1 0 0 6112.dat
1 70 220 -136 0 0 0 -1 0 1 0 1 0 0 6112.dat
1 484 -220 -136 110 0 0 -1 0 1 0 1 0 0 3665.dat
1 484 -240 -160 110 0 0 1 0 1 0 -1 0 0 2357.dat
1 484 -210 -184 110 1 0 0 0 1 0 0 0 1 3010.dat
1 484 190 -184 110 1 0 0 0 1 0 0 0 1 3010.dat
1 484 -210 -184 -110 1 0 0 0 1 0 0 0 1 3010.dat
1 484 190 -184 -110 1 0 0 0 1 0 0 0 1 3010.dat
1 484 -240 -160 -110 1 0 0 0 1 0 0 0 1 2357.dat
1 484 220 -160 -110 0 0 -1 0 1 0 1 0 0 2357.dat
1 484 220 -160 110 -1 0 0 0 1 0 0 0 -1 2357.dat
1 484 220 -160 -20 0 0 1 0 1 0 -1 0 0 3004.dat
1 484 -240 -160 -20 0 0 1 0 1 0 -1 0 0 3004.dat
1 484 220 -184 -20 0 0 1 0 1 0 -1 0 0 3004.dat
1 484 -240 -184 -20 0 0 1 0 1 0 -1 0 0 3004.dat
1 484 -220 -136 -110 0 0 -1 0 1 0 1 0 0 3665.dat
1 70 -200 -160 -110 0 0 -1 0 1 0 1 0 0 4287.dat
1 70 180 -160 -110 0 0 1 0 1 0 -1 0 0 4287.dat
1 70 180 -160 110 0 0 1 0 1 0 -1 0 0 4287.dat
1 70 -200 -160 110 0 0 -1 0 1 0 1 0 0 4287.dat
1 484 200 -136 -110 0 0 1 0 1 0 -1 0 0 3665.dat
1 484 200 -136 110 0 0 1 0 1 0 -1 0 0 3665.dat
1 72 -219.996 -112 110.001 0 0 -1 0 1 0 1 0 0 3005.dat
1 72 199.999 -64 109.998 0 0 1 0 1 0 -1 0 0 3005.dat
0
0 FILE Crane.ldr
0 Crane
0 Name: Crane.ldr
0 Author: R Paluczak
0 ROTATION CENTER 0 0 0 1 "Custom" 
0 ROTATION CONFIG 0 0
1 71 -20 -101.3 94.3 1 0 0 0 1 0 0 0 1 3713.dat
0 Unofficial Model
1 0 -100 -8 60 0 0 1 0 1 0 -1 0 0 3028.dat
1 0 -40 -72 100 -1 0 0 0 1 0 0 0 -1 30389b.dat
1 0 -20 -96 100 0 0 1 0 1 0 -1 0 0 2584.dat
1 0 -20 -101.5 100 0 0 1 0 1 0 -1 0 0 3705.dat
1 0 -20 -101.9 70 1 0 0 0 1 0 0 0 1 32269.dat
1 0 -50 -40 100 0 0 1 0 1 0 -1 0 0 2431.dat
1 0 10 -40 100 0 0 1 0 1 0 -1 0 0 2431.dat
1 0 -20 -40 100 0 0 1 0 1 0 -1 0 0 3680c01.dat
1 0 20 -8 60 0 0 1 0 1 0 -1 0 0 3028.dat
1 72 -40 -32 170 1 0 0 0 1 0 0 0 1 6112.dat
1 19 -20 -32 120 1 0 0 0 1 0 0 0 1 3001.dat
1 19 -20 -32 80 1 0 0 0 1 0 0 0 1 3001.dat
1 70 30 -32 20 0 0 1 0 1 0 -1 0 0 3039.dat
1 70 -140 -40 170 1 0 0 0 1 0 0 0 1 30244.dat
1 70 -229.2 -200.6 100 1 0 0 0 1 0 0 0 1 30244.dat
1 72 -259.2 -200.6 100 1 0 0 0 1 0 0 0 1 4081b.dat
1 70 60 -40 170 1 0 0 0 1 0 0 0 1 30244.dat
1 70 -140 -40 -50 1 0 0 0 1 0 0 0 1 30244.dat
1 70 60 -40 -50 1 0 0 0 1 0 0 0 1 30244.dat
1 72 -40 -32 -50 1 0 0 0 1 0 0 0 1 6112.dat
1 72 -10 -72 90 1 0 0 0 1 0 0 0 1 3040b.dat
1 72 -10 -72 110 -1 0 0 0 1 0 0 0 -1 3040b.dat
1 71 30 -40 10 0 0 -1 0 1 0 1 0 0 4592c01.dat
1 71 -20 -48 100 0 0 -1 0 1 0 1 0 0 3031.dat
1 71 -209.2 -192.6 100 -1 0 0 0 1 0 0 0 -1 30388.dat
1 71 -289.2 -163.6 100 0 1 0 -1 0 0 0 0 1 41529.dat
1 70 -99.3 -148.1 100 0.5 -0.866025 0 0.866025 0.5 0 0 0 1 30244.dat
1 72 -114.3 -174.081 100 0.5 -0.866025 0 0.866025 0.5 0 0 0 1 4081b.dat
1 71 -96.228 -126.78 100 -0.5 -0.866025 0 -0.866025 0.5 0 0 0 -1 30388.dat
1 34 -50 -56 130 0 0 -1 0 1 0 1 0 0 4073.dat
1 36 -50 -56 70 0 0 -1 0 1 0 1 0 0 4073.dat
1 72 -300 -144 100 0 0 -1 0 1 0 1 0 0 4735.dat
1 72 -260 -120 100 -1 0 0 0 1 0 0 0 -1 30395.dat
0 SYNTH BEGIN STRING_21L 0
0 SYNTH SHOW
0 MLCAD HIDE 1 72 -260 -120 100 -1 0 0 0 1 0 0 0 -1 LS04.dat
0 MLCAD HIDE 1 72 -262.7 -163.2 100 0 1 0 1 0 0 0 0 -1 LS04.dat
0 MLCAD HIDE 1 72 -294.3 -164.6 100 -1 0 0 0 1 0 0 0 -1 LS04.dat
0 MLCAD HIDE 1 72 -294.3 -168.3 100 -0.672451 -0.584553 -0.45399 -0.656059 0.75471 0 0.342631 0.297845 -0.891007 LS04.dat
0 MLCAD HIDE 1 72 -269.9 -196.3 82.3 0 -1 0 -1 0 0 0 0 -1 LS04.dat
0 MLCAD HIDE 1 72 -251.4 -196.3 82.3 0.0871557 -0.996195 0 -0.996195 -0.0871557 0 0 0 -1 LS04.dat
0 MLCAD HIDE 1 72 -126.193 -180.675 82.3 0.529919 -0.848048 0 -0.848048 -0.529919 0 0 0 -1 LS04.dat
0 MLCAD HIDE 1 72 -25.593 -108.616 97.3 0.529919 -0.848048 0 -0.848048 -0.529919 0 0 0 -1 LS04.dat
0 SYNTH SYNTHESIZED BEGIN
1 0 -259.927 -121.999 100 -0.9993 0 0.0728 -0.0364 0 -1.9987 0 1 0 LS60.dat
1 0 -259.767 -124.061 100 -0.9969 0.0019 0.0788 -0.0788 0.0002 -0.9969 0.0019 1 0 LS60.dat
1 0 -259.56 -126.158 100 -0.9951 0.0039 0.0992 -0.0992 0.0004 -0.9951 0.0039 1 0 LS60.dat
1 0 -259.332 -128.236 100 -0.9939 0.0058 0.1098 -0.1098 0.0006 -0.994 0.0059 1 0 LS60.dat
1 0 -259.092 -130.317 100 -0.9934 0.0078 0.1147 -0.1147 0.0009 -0.9934 0.0078 1 0 LS60.dat
1 0 -258.848 -132.404 100 -0.9932 0.0097 0.116 -0.116 0.0011 -0.9932 0.0098 1 0 LS60.dat
1 0 -258.61 -134.467 100 -0.9934 0.0117 0.1144 -0.1144 0.0013 -0.9934 0.0117 0.9999 0 LS60.dat
1 0 -258.378 -136.554 100 -0.9938 0.0136 0.1105 -0.1105 0.0015 -0.9939 0.0137 0.9999 0 LS60.dat
1 0 -258.159 -138.641 100 -0.9944 0.0156 0.1042 -0.1042 0.0016 -0.9946 0.0157 0.9999 0 LS60.dat
1 0 -257.956 -140.742 100 -0.9952 0.0176 0.0958 -0.0958 0.0017 -0.9954 0.0177 0.9998 0 LS60.dat
1 0 -257.78 -142.798 100 -0.9962 0.0195 0.085 -0.0849 0.0017 -0.9964 0.0196 0.9998 0 LS60.dat
1 0 -257.629 -144.895 100 -0.9972 0.0215 0.0711 -0.0711 0.0015 -0.9975 0.0216 0.9998 0 LS60.dat
1 0 -257.514 -147.007 100 -0.9983 0.0235 0.0537 -0.0537 0.0013 -0.9986 0.0235 0.9997 0 LS60.dat
1 0 -257.445 -149.107 100 -0.9992 0.0255 0.0319 -0.0319 0.0008 -0.9995 0.0255 0.9997 0 LS60.dat
1 0 -257.433 -151.197 100 -0.9996 0.0275 0.0042 -0.0042 0.0001 -1 0.0275 0.9996 0 LS60.dat
1 0 -257.498 -153.277 100 -0.999 0.0294 -0.0323 0.0323 -0.0009 -0.9995 0.0294 0.9996 0 LS60.dat
1 0 -257.665 -155.381 100 -0.9962 0.0313 -0.0818 0.0817 -0.0026 -0.9967 0.0314 0.9995 0 LS60.dat
1 0 -257.978 -157.44 100 -0.9877 0.0329 -0.1528 0.1527 -0.0051 -0.9883 0.0333 0.9994 0 LS60.dat
1 0 -258.52 -159.484 100 -0.9643 0.0341 -0.2625 0.2623 -0.0093 -0.9649 0.0353 0.9994 0 LS60.dat
1 0 -259.434 -161.359 100 -0.8948 0.0334 -0.4452 0.4449 -0.0166 -0.8954 0.0373 0.9993 0 LS60.dat
1 0 -260.953 -162.773 100 -0.6702 0.0263 -0.7417 0.7412 -0.0291 -0.6707 0.0392 0.9992 0 LS60.dat
1 0 -262.963 -163.183 100 -0.1848 0.0076 -0.9827 0.9819 -0.0404 -0.185 0.0411 0.9992 0 LS60.dat
1 0 -265.036 -163.072 100 0.0621 -0.0027 -0.9981 0.9971 -0.043 0.0622 0.0431 0.9991 0 LS60.dat
1 0 -267.119 -162.822 100 0.1221 -0.0055 -0.9925 0.9915 -0.0447 0.1223 0.0451 0.999 0 LS60.dat
1 0 -269.182 -162.497 100 0.1569 -0.0074 -0.9876 0.9865 -0.0464 0.157 0.047 0.9989 0 LS60.dat
1 0 -271.249 -162.126 100 0.177 -0.0087 -0.9842 0.983 -0.0482 0.1772 0.049 0.9988 0 LS60.dat
1 0 -273.303 -161.735 100 0.1873 -0.0096 -0.9823 0.981 -0.05 0.1875 0.0509 0.9987 0 LS60.dat
1 0 -275.359 -161.337 100 0.1899 -0.0101 -0.9818 0.9804 -0.0519 0.1902 0.0529 0.9986 0 LS60.dat
1 0 -277.438 -160.943 100 0.1857 -0.0102 -0.9826 0.9811 -0.0539 0.186 0.0549 0.9985 0 LS60.dat
1 0 -279.503 -160.575 100 0.1746 -0.0099 -0.9846 0.983 -0.056 0.1748 0.0568 0.9984 0 LS60.dat
1 0 -281.57 -160.247 100 0.1553 -0.0091 -0.9878 0.9861 -0.0581 0.1556 0.0588 0.9983 0 LS60.dat
1 0 -283.654 -159.979 100 0.1258 -0.0077 -0.992 0.9902 -0.0603 0.126 0.0608 0.9982 0 LS60.dat
1 0 -285.728 -159.806 100 0.0812 -0.0051 -0.9967 0.9947 -0.0625 0.0814 0.0627 0.998 0 LS60.dat
1 0 -287.816 -159.775 100 0.0119 -0.0008 -0.9999 0.9978 -0.0646 0.0119 0.0646 0.9979 0 LS60.dat
1 0 -289.911 -159.979 100 -0.1024 0.0068 -0.9947 0.9925 -0.0663 -0.1027 0.0666 0.9978 0 LS60.dat
1 0 -291.916 -160.6 100 -0.3048 0.021 -0.9522 0.9499 -0.0653 -0.3055 0.0686 0.9976 0 LS60.dat
1 0 -293.524 -161.918 100 -0.6445 0.0456 -0.7633 0.7614 -0.0538 -0.6461 0.0705 0.9975 0 LS60.dat
1 0 -294.239 -163.851 100 -0.9412 0.0684 -0.3308 0.33 -0.024 -0.9437 0.0725 0.9974 0 LS60.dat
1 0 -294.504 -165.907 100.104 -0.9891 0.0857 -0.1196 0.1235 0.0421 -0.9915 0.08 0.9954 0.0522 LS60.dat
1 0 -294.528 -167.978 100.116 -0.9963 0.0852 -0.008 0.0083 0.0034 -1 0.0852 0.9964 0.0041 LS60.dat
1 0 -293.42 -169.503 99.4745 -0.8144 0.172 0.5543 -0.58 -0.2716 -0.768 -0.0184 0.9469 -0.3209 LS60.dat
1 0 -292.338 -171.119 98.6737 -0.8329 0.2092 0.5124 -0.5534 -0.3217 -0.7682 -0.0041 0.9234 -0.3837 LS60.dat
1 0 -291.31 -172.748 97.792 -0.8446 0.2296 0.4836 -0.5353 -0.3496 -0.7689 0.0075 0.9083 -0.4181 LS60.dat
1 0 -290.335 -174.347 96.8761 -0.8502 0.2429 0.467 -0.5262 -0.3674 -0.7669 0.0147 0.8978 -0.4402 LS60.dat
1 0 -289.37 -175.956 95.9184 -0.8524 0.2525 0.4578 -0.5225 -0.3794 -0.7636 0.0191 0.8901 -0.4554 LS60.dat
1 0 -288.423 -177.541 94.947 -0.8524 0.2597 0.4538 -0.5225 -0.3877 -0.7594 0.0213 0.8844 -0.4662 LS60.dat
1 0 -287.469 -179.127 93.9517 -0.8506 0.2654 0.4539 -0.5253 -0.3932 -0.7546 0.0218 0.8803 -0.4739 LS60.dat
1 0 -286.515 -180.691 92.952 -0.8474 0.2697 0.4573 -0.5306 -0.3967 -0.7491 0.0206 0.8774 -0.4793 LS60.dat
1 0 -285.551 -182.235 91.949 -0.8427 0.2731 0.464 -0.5381 -0.3985 -0.7428 0.018 0.8756 -0.4827 LS60.dat
1 0 -284.552 -183.789 90.9258 -0.8364 0.2756 0.4738 -0.548 -0.3987 -0.7354 0.0138 0.8747 -0.4845 LS60.dat
1 0 -283.538 -185.304 89.9161 -0.8283 0.2771 0.487 -0.5603 -0.3974 -0.7267 0.0078 0.8748 -0.4845 LS60.dat
1 0 -282.482 -186.809 88.9033 -0.8178 0.2776 0.5041 -0.5755 -0.3947 -0.7162 -0.0001 0.8759 -0.4825 LS60.dat
1 0 -281.37 -188.302 87.8886 -0.8043 0.2768 0.5258 -0.5941 -0.3902 -0.7034 -0.0104 0.8781 -0.4784 LS60.dat
1 0 -280.224 -189.728 86.9101 -0.7867 0.2744 0.5529 -0.6168 -0.3839 -0.6871 -0.0237 0.8816 -0.4713 LS60.dat
1 0 -278.992 -191.131 85.9403 -0.763 0.2696 0.5875 -0.6451 -0.3752 -0.6656 -0.041 0.8869 -0.4602 LS60.dat
1 0 -277.671 -192.468 85.0093 -0.7299 0.2613 0.6316 -0.6806 -0.3635 -0.6362 -0.0633 0.8942 -0.4431 LS60.dat
1 0 -276.242 -193.708 84.1397 -0.6816 0.2472 0.6887 -0.7258 -0.3477 -0.5936 -0.0927 0.9044 -0.4164 LS60.dat
1 0 -274.651 -194.818 83.3563 -0.6059 0.2227 0.7637 -0.7845 -0.3263 -0.5273 -0.1318 0.9187 -0.3724 LS60.dat
1 0 -272.847 -195.717 82.7173 -0.4819 0.1796 0.8576 -0.8573 -0.2989 -0.4191 -0.1811 0.9372 -0.298 LS60.dat
1 0 -270.878 -196.223 82.3554 -0.2748 0.1038 0.9559 -0.9329 -0.2694 -0.239 -0.2327 0.9574 -0.1709 LS60.dat
1 0 -268.779 -196.302 82.3016 -0.031 0.0104 0.9995 -0.9666 -0.2548 -0.0273 -0.2544 0.9669 -0.0179 LS60.dat
1 0 -266.693 -196.337 82.3001 -0.0155 -0.0041 0.9999 -0.9674 -0.2526 -0.0161 -0.2526 0.9676 0 LS60.dat
1 0 -264.596 -196.406 82.3001 -0.0326 -0.0085 0.9994 -0.9675 -0.2506 -0.0337 -0.2507 0.9681 0 LS60.dat
1 0 -262.507 -196.508 82.3001 -0.0478 -0.0123 0.9988 -0.9674 -0.2485 -0.0494 -0.2488 0.9686 0 LS60.dat
1 0 -260.42 -196.61 82.3001 -0.0474 -0.0121 0.9988 -0.9679 -0.2466 -0.0489 -0.2469 0.969 0 LS60.dat
1 0 -258.317 -196.656 82.3001 -0.0196 -0.005 0.9998 -0.9693 -0.2449 -0.0202 -0.245 0.9695 0 LS60.dat
1 0 -256.227 -196.617 82.3001 0.0199 0.005 0.9998 -0.9698 -0.243 0.0205 -0.2431 0.97 0 LS60.dat
1 0 -254.129 -196.509 82.3001 0.0518 0.0128 0.9986 -0.9691 -0.2408 0.0534 -0.2412 0.9705 0 LS60.dat
1 0 -252.039 -196.353 82.3001 0.0733 0.018 0.9971 -0.9682 -0.2386 0.0755 -0.2393 0.9709 0 LS60.dat
1 0 -249.942 -196.171 82.3001 0.0848 0.0207 0.9962 -0.9677 -0.2365 0.0873 -0.2374 0.9714 0 LS60.dat
1 0 -247.775 -195.979 82.3001 0.0862 0.0208 0.9961 -0.9681 -0.2345 0.0887 -0.2354 0.9719 0 LS60.dat
1 0 -245.664 -195.79 82.3001 0.087 0.0208 0.996 -0.9685 -0.2325 0.0895 -0.2335 0.9724 0 LS60.dat
1 0 -243.561 -195.6 82.3001 0.0877 0.0208 0.9959 -0.9689 -0.2306 0.0901 -0.2315 0.9728 0 LS60.dat
1 0 -241.574 -195.42 82.3001 0.0883 0.0208 0.9959 -0.9692 -0.2288 0.0907 -0.2297 0.9733 0 LS60.dat
1 0 -239.461 -195.226 82.3001 0.0889 0.0208 0.9958 -0.9696 -0.2268 0.0913 -0.2278 0.9737 0 LS60.dat
1 0 -237.385 -195.035 82.3001 0.0897 0.0208 0.9958 -0.97 -0.2249 0.092 -0.2259 0.9742 0 LS60.dat
1 0 -235.222 -194.835 82.3001 0.0902 0.0207 0.9957 -0.9704 -0.2229 0.0925 -0.2239 0.9746 0 LS60.dat
1 0 -233.246 -194.651 82.3001 0.0907 0.0206 0.9957 -0.9708 -0.2211 0.093 -0.2221 0.975 0 LS60.dat
1 0 -231.067 -194.447 82.3001 0.0913 0.0206 0.9956 -0.9712 -0.2191 0.0936 -0.2201 0.9755 0 LS60.dat
1 0 -229.074 -194.259 82.3001 0.0919 0.0205 0.9956 -0.9716 -0.2173 0.0942 -0.2183 0.9759 0 LS60.dat
1 0 -226.894 -194.052 82.3001 0.0924 0.0204 0.9955 -0.972 -0.2153 0.0947 -0.2163 0.9763 0 LS60.dat
1 0 -224.893 -193.862 82.3001 0.0928 0.0203 0.9955 -0.9723 -0.2134 0.095 -0.2144 0.9767 0 LS60.dat
1 0 -222.717 -193.653 82.3001 0.0934 0.0203 0.9954 -0.9727 -0.2114 0.0956 -0.2124 0.9772 0 LS60.dat
1 0 -220.71 -193.459 82.3001 0.094 0.0202 0.9954 -0.9731 -0.2096 0.0961 -0.2106 0.9776 0 LS60.dat
1 0 -218.643 -193.259 82.3001 0.0945 0.0201 0.9953 -0.9734 -0.2077 0.0966 -0.2087 0.978 0 LS60.dat
1 0 -216.52 -193.051 82.3001 0.0952 0.0201 0.9953 -0.9738 -0.2057 0.0973 -0.2067 0.9784 0 LS60.dat
1 0 -214.446 -192.847 82.3001 0.0959 0.02 0.9952 -0.9741 -0.2038 0.098 -0.2048 0.9788 0 LS60.dat
1 0 -212.316 -192.637 82.3001 0.0966 0.02 0.9951 -0.9744 -0.2019 0.0986 -0.2028 0.9792 0 LS60.dat
1 0 -210.229 -192.429 82.3001 0.0973 0.0199 0.9951 -0.9748 -0.1999 0.0993 -0.2009 0.9796 0 LS60.dat
1 0 -208.181 -192.223 82.3001 0.098 0.0199 0.995 -0.9751 -0.198 0.1 -0.199 0.98 0 LS60.dat
1 0 -206.072 -192.01 82.3001 0.0989 0.0198 0.9949 -0.9754 -0.1961 0.1009 -0.1971 0.9804 0 LS60.dat
1 0 -203.996 -191.799 82.3001 0.0996 0.0198 0.9948 -0.9757 -0.1942 0.1015 -0.1952 0.9808 0 LS60.dat
1 0 -201.948 -191.59 82.3001 0.1004 0.0197 0.9948 -0.976 -0.1923 0.1023 -0.1933 0.9811 0 LS60.dat
1 0 -199.834 -191.372 82.3001 0.1012 0.0197 0.9947 -0.9763 -0.1903 0.1031 -0.1913 0.9815 0 LS60.dat
1 0 -197.743 -191.155 82.3001 0.1021 0.0196 0.9946 -0.9766 -0.1884 0.1039 -0.1894 0.9819 0 LS60.dat
1 0 -195.671 -190.938 82.3001 0.1029 0.0196 0.9945 -0.9769 -0.1864 0.1048 -0.1875 0.9823 0 LS60.dat
1 0 -193.613 -190.721 82.3001 0.1038 0.0196 0.9944 -0.9771 -0.1845 0.1057 -0.1856 0.9826 0 LS60.dat
1 0 -191.479 -190.494 82.3001 0.1048 0.0195 0.9943 -0.9774 -0.1825 0.1066 -0.1836 0.983 0 LS60.dat
1 0 -189.441 -190.276 82.3001 0.1056 0.0195 0.9942 -0.9777 -0.1807 0.1074 -0.1817 0.9834 0 LS60.dat
1 0 -187.319 -190.046 82.3001 0.1065 0.0194 0.9941 -0.9779 -0.1787 0.1083 -0.1797 0.9837 0 LS60.dat
1 0 -185.286 -189.825 82.3001 0.1075 0.0194 0.994 -0.9782 -0.1768 0.1092 -0.1778 0.9841 0 LS60.dat
1 0 -183.162 -189.591 82.3001 0.1085 0.0193 0.9939 -0.9784 -0.1748 0.1102 -0.1759 0.9844 0 LS60.dat
1 0 -181.119 -189.364 82.3001 0.1095 0.0193 0.9938 -0.9786 -0.1729 0.1112 -0.174 0.9847 0 LS60.dat
1 0 -178.978 -189.124 82.3001 0.1107 0.0193 0.9937 -0.9789 -0.1709 0.1124 -0.172 0.9851 0 LS60.dat
1 0 -176.912 -188.889 82.3001 0.112 0.0193 0.9935 -0.9791 -0.169 0.1136 -0.1701 0.9854 0 LS60.dat
1 0 -174.829 -188.65 82.3001 0.1132 0.0193 0.9934 -0.9792 -0.167 0.1148 -0.1681 0.9858 0 LS60.dat
1 0 -172.724 -188.407 82.3001 0.1145 0.0193 0.9932 -0.9794 -0.1651 0.1161 -0.1662 0.9861 0 LS60.dat
1 0 -170.688 -188.168 82.3001 0.1159 0.0193 0.9931 -0.9796 -0.1632 0.1175 -0.1643 0.9864 0 LS60.dat
1 0 -168.624 -187.922 82.3001 0.1173 0.0193 0.9929 -0.9797 -0.1612 0.1189 -0.1624 0.9867 0 LS60.dat
1 0 -166.53 -187.67 82.3001 0.1189 0.0193 0.9927 -0.9799 -0.1593 0.1205 -0.1604 0.987 0 LS60.dat
1 0 -164.4 -187.41 82.3001 0.1207 0.0193 0.9925 -0.98 -0.1573 0.1222 -0.1584 0.9874 0 LS60.dat
1 0 -162.329 -187.153 82.3001 0.1225 0.0194 0.9923 -0.98 -0.1553 0.124 -0.1565 0.9877 0 LS60.dat
1 0 -160.217 -186.887 82.3001 0.1246 0.0194 0.992 -0.9801 -0.1533 0.1261 -0.1545 0.988 0 LS60.dat
1 0 -158.163 -186.623 82.3001 0.1267 0.0195 0.9917 -0.9801 -0.1514 0.1282 -0.1526 0.9883 0 LS60.dat
1 0 -156.062 -186.349 82.3001 0.1291 0.0196 0.9914 -0.9801 -0.1494 0.1305 -0.1507 0.9886 0 LS60.dat
1 0 -154.019 -186.076 82.3001 0.1316 0.0198 0.9911 -0.9801 -0.1474 0.1331 -0.1487 0.9889 0 LS60.dat
1 0 -151.925 -185.791 82.3001 0.1345 0.0199 0.9907 -0.98 -0.1454 0.1359 -0.1468 0.9892 0 LS60.dat
1 0 -149.89 -185.507 82.3001 0.1377 0.0201 0.9903 -0.9798 -0.1435 0.1391 -0.1449 0.9894 0 LS60.dat
1 0 -147.8 -185.208 82.3001 0.1412 0.0204 0.9898 -0.9796 -0.1415 0.1427 -0.1429 0.9897 0 LS60.dat
1 0 -145.773 -184.91 82.3001 0.1453 0.0207 0.9892 -0.9793 -0.1395 0.1467 -0.141 0.99 0 LS60.dat
1 0 -143.689 -184.592 82.3001 0.1501 0.021 0.9884 -0.9788 -0.1375 0.1516 -0.1391 0.9903 0 LS60.dat
1 0 -141.546 -184.254 82.3001 0.1558 0.0215 0.9876 -0.9782 -0.1354 0.1572 -0.1371 0.9906 0 LS60.dat
1 0 -139.474 -183.913 82.3001 0.1623 0.0221 0.9865 -0.9774 -0.1333 0.1638 -0.1351 0.9908 0 LS60.dat
1 0 -137.482 -183.567 82.3001 0.1705 0.0229 0.9851 -0.9763 -0.1313 0.1721 -0.1332 0.9911 0 LS60.dat
1 0 -135.308 -183.168 82.3001 0.1808 0.0239 0.9832 -0.9747 -0.129 0.1824 -0.1312 0.9914 0 LS60.dat
1 0 -133.373 -182.782 82.3001 0.1943 0.0253 0.9806 -0.9724 -0.1268 0.1959 -0.1293 0.9916 0 LS60.dat
1 0 -131.281 -182.325 82.3001 0.2143 0.0275 0.9764 -0.9684 -0.1244 0.216 -0.1274 0.9919 0 LS60.dat
1 0 -129.205 -181.8 82.3001 0.2459 0.031 0.9688 -0.9612 -0.1215 0.2478 -0.1254 0.9921 0 LS60.dat
1 0 -127.225 -181.163 82.3001 0.3072 0.0382 0.9509 -0.9436 -0.1174 0.3096 -0.1234 0.9924 0 LS60.dat
1 0 -125.461 -180.186 82.3307 0.4846 0.0451 0.8735 -0.8664 -0.1123 0.4865 -0.1201 0.9926 0.0154 LS60.dat
1 0 -123.685 -178.997 82.4779 0.5655 0.0046 0.8247 -0.8168 -0.1349 0.5609 -0.1138 0.9908 0.0725 LS60.dat
1 0 -121.936 -177.784 82.673 0.5759 -0.012 0.8174 -0.8099 -0.1439 0.5686 -0.1108 0.9895 0.0926 LS60.dat
