0 FILE 10220-modified.ldr
0 Untitled
0 Name: 10220-MODIFIED.ldr
0 Author: MLCad
0 Unofficial Model
0 ROTATION CENTER 380.803 -216 -81.6052 1 "Custom"
0 ROTATION CONFIG -2 1
1 4 0 0 0 1 0 0 0 1 0 0 0 1 10220-FRAME-RAISED.ldr
1 15 410 -240 0 0 1 0 1 0 0 0 0 -1 10220-REAR-GLASS.ldr
1 8 -180 -104 120 0.707107 0 -0.707107 0 1 0 0.707107 0 0.707107 10220-PASSENGER-DOOR-MODIFIED.ldr
1 8 200 -48 120 0.707107 0 0.707107 0 1 0 -0.707107 0 0.707107 10220-REAR-SIDE-DOOR.ldr
1 8 0 -48 120 0.707107 0 -0.707107 0 1 0 0.707107 0 0.707107 10220-REAR-SIDE-DOOR-FRONT.ldr
1 8 -180 -104 -120 0.707107 0 0.707107 0 1 0 -0.707107 0 0.707107 10220-DRIVER-DOOR-MODIFIED.ldr
1 15 -180 -150 0 -0.882948 -0.469472 0 -0.469472 0.882948 0 0 0 -1 10220-DASHBOARD.ldr
1 15 -60 -248 0 -1 0 0 0 1 0 0 0 -1 10220-FRONT-ROOF.ldr
1 15 240 -248 0 1 0 0 0 1 0 0 0 1 10220-BACK-ROOF.ldr
1 15 140 -288 0 1 0 0 0 1 0 0 0 1 10220-CAMPER-TOP.ldr
1 4 10 -94 -20 0 -1 0 -1 0 0 0 0 -1 10220-FRONT-BACK-SEAT.ldr
1 4 140 -150 -90 0 0 1 0 1 0 -1 0 0 10220-TABLE.ldr
1 4 430 -110 0 1 0 0 0 1 0 0 0 1 10220-BONNET.ldr
1 7 220 -59 -20 1 0 0 0 1 0 0 0 1 10220-REAR-BACK-SEAT.ldr
1 4 -50 -102 0 0.984808 -0.173648 0 0.173648 0.984808 0 0 0 1 10220-DRIVER-SEAT.ldr
1 0 -180 8 0 0 0 1 0 1 0 -1 0 0 2445.dat
1 0 40 -32 0 0 0 1 0 1 0 -1 0 0 3029.dat
1 0 120 -32 0 0 0 1 0 1 0 -1 0 0 3029.dat
1 0 200 -32 0 0 0 1 0 1 0 -1 0 0 3029.dat
1 15 250 -32 120 0 0 1 0 1 0 -1 0 0 3023.dat
1 15 -180 0 30 -1 0 0 0 1 0 0 0 -1 3023.dat
1 15 -180 0 -30 -1 0 0 0 1 0 0 0 -1 3023.dat
1 15 250 -32 -120 0 0 1 0 1 0 -1 0 0 3023.dat
1 15 -10 -32 -130 0 0 1 0 1 0 -1 0 0 3024.dat
1 15 120 -32 130 -1 0 0 0 1 0 0 0 -1 60479.dat
1 15 120 -32 -130 -1 0 0 0 1 0 0 0 -1 60479.dat
1 4 100 -64 -130 -1 0 0 0 1 0 0 0 -1 60479.dat
1 4 -10 -56 -130 0 0 1 0 1 0 -1 0 0 87087.dat
1 4 -150 -56 -130 0 0 -1 0 1 0 1 0 0 87087.dat
1 4 -190 -64 -90 0 0 1 0 1 0 -1 0 0 87087.dat
1 4 -190 -64 -70 0 0 1 0 1 0 -1 0 0 87087.dat
1 4 -190 -64 70 0 0 1 0 1 0 -1 0 0 87087.dat
1 4 -190 -64 90 0 0 1 0 1 0 -1 0 0 87087.dat
1 0 -190 -64 0 0 0 1 0 1 0 -1 0 0 30414.dat
1 0 -190 -104 0 0 0 1 0 1 0 -1 0 0 30414.dat
1 0 -190 -104 -50 0 0 -1 0 1 0 1 0 0 4460.dat
1 0 -190 -104 50 0 0 -1 0 1 0 1 0 0 4460.dat
1 4 -80 -80 -130 1 0 0 0 1 0 0 0 1 3455.dat
1 4 -80 -80 130 1 0 0 0 1 0 0 0 1 3455.dat
1 4 -180 -56 -120 0 0 1 0 1 0 -1 0 0 87620.dat
1 4 -180 -56 120 -1 0 0 0 1 0 0 0 -1 87620.dat
1 4 -150 -56 130 0 0 -1 0 1 0 1 0 0 87087.dat
1 4 60 -56 -130 -1 0 0 0 1 0 0 0 -1 3009.dat
1 4 40 -88 -130 -1 0 0 0 1 0 0 0 -1 3009.dat
1 4 100 -112 -130 -1 0 0 0 1 0 0 0 -1 3009.dat
1 4 220 -112 -130 -1 0 0 0 1 0 0 0 -1 3009.dat
1 4 210 -120 -110 -1 0 0 0 1 0 0 0 -1 3024.dat
1 4 250 -120 -120 -1 0 0 0 1 0 0 0 -1 3021.dat
1 4 100 -120 -130 -1 0 0 0 1 0 0 0 -1 60479.dat
1 4 -10 -144 -130 -1 0 0 0 1 0 0 0 -1 3005.dat
1 0 -10 -152 -90 -1 0 0 0 1 0 0 0 -1 3024.dat
1 0 230 -152 -90 -1 0 0 0 1 0 0 0 -1 3024.dat
1 0 20 -152 -120 -1 0 0 0 1 0 0 0 -1 3020.dat
1 0 260 -152 -120 -1 0 0 0 1 0 0 0 -1 3020.dat
1 0 100 -152 -130 -1 0 0 0 1 0 0 0 -1 3710.dat
1 7 140 -152 -110 -1 0 0 0 1 0 0 0 -1 44568.dat
1 0 180 -152 -130 -1 0 0 0 1 0 0 0 -1 3710.dat
1 0 90 -152 -110 0 0 -1 0 1 0 1 0 0 2420.dat
1 0 210 -152 -110 0 0 -1 0 1 0 1 0 0 2420.dat
1 0 370 -152 -130 0 0 -1 0 1 0 1 0 0 2420.dat
1 0 310 -152 -130 1 0 0 0 1 0 0 0 1 2420.dat
1 4 220 -144 -130 -1 0 0 0 1 0 0 0 -1 3004.dat
1 4 160 -88 -130 -1 0 0 0 1 0 0 0 -1 3009.dat
1 4 250 -88 -130 -1 0 0 0 1 0 0 0 -1 3622.dat
1 4 250 -112 130 -1 0 0 0 1 0 0 0 -1 3622.dat
1 4 10 -112 -130 -1 0 0 0 1 0 0 0 -1 3622.dat
1 4 180 -56 -130 -1 0 0 0 1 0 0 0 -1 3009.dat
1 4 230 -64 -130 -1 0 0 0 1 0 0 0 -1 3024.dat
1 4 250 -40 -110 -1 0 0 0 1 0 0 0 -1 2420.dat
1 4 240 -40 120 -1 0 0 0 1 0 0 0 -1 3022.dat
1 4 230 -64 120 0 0 -1 0 1 0 1 0 0 3004.dat
1 4 220 -56 -90 1 0 0 0 1 0 0 0 1 3004.dat
1 7 220 -64 -110 1 0 0 0 1 0 0 0 1 3004.dat
1 7 260 -88 -110 1 0 0 0 1 0 0 0 1 3004.dat
1 4 370 -88 -120 0 0 1 0 1 0 -1 0 0 3004.dat
1 4 370 -88 120 0 0 1 0 1 0 -1 0 0 3004.dat
1 7 442 -70 -90 0 -1 0 1 0 0 0 0 1 3004.dat
1 7 442 -70 90 0 -1 0 1 0 0 0 0 1 3004.dat
1 7 220 -88 -110 -1 0 0 0 1 0 0 0 -1 3039.dat
1 4 250 -88 120 -1 0 0 0 1 0 0 0 -1 3002.dat
1 4 370 -112 130 -1 0 0 0 1 0 0 0 -1 3005.dat
1 4 370 -112 -130 -1 0 0 0 1 0 0 0 -1 3005.dat
1 4 210 -112 -110 -1 0 0 0 1 0 0 0 -1 3005.dat
1 6 350 -120 -110 -1 0 0 0 1 0 0 0 -1 4073.dat
1 6 290 -120 -110 -1 0 0 0 1 0 0 0 -1 4073.dat
1 15 320 -120 110 -1 0 0 0 1 0 0 0 -1 44728.dat
1 15 320 -120 -110 1 0 0 0 1 0 0 0 1 44728.dat
1 15 360 -240 90 -1 0 0 0 1 0 0 0 -1 44728.dat
1 15 220 -240 90 -1 0 0 0 1 0 0 0 -1 44728.dat
1 15 360 -240 -90 1 0 0 0 1 0 0 0 1 44728.dat
1 15 220 -200 -90 1 0 0 0 1 0 0 0 1 44728.dat
1 15 100 -224 -90 1 0 0 0 1 0 0 0 1 3700.dat
1 15 220 -224 -90 1 0 0 0 1 0 0 0 1 3700.dat
1 7 100 -214 -80 0 0 -1 0 1 0 1 0 0 4274.dat
1 7 220 -214 -80 0 0 -1 0 1 0 1 0 0 4274.dat
1 117313504 100 -214 -72 -1 0 0 0 0 -1 0 -1 0 49668.dat
1 117313504 220 -214 -72 -1 0 0 0 0 -1 0 -1 0 49668.dat
1 15 100 -200 -90 1 0 0 0 1 0 0 0 1 44728.dat
1 15 360 -220 112 0 0 -1 1 0 0 0 -1 0 10220-PASSENGER-SIDE.ldr
1 15 400 -220 0 0 -1 0 1 0 0 0 0 1 10220-REAR-SIDE.ldr
1 15 -208 -44 0 0 1 0 0 0 1 1 0 0 10220-NOSE-MODIFIED.ldr
1 15 320 -100 132 -1 0 0 0 0 -1 0 -1 0 10220-FLARE.ldr
1 15 320 -100 -132 1 0 0 0 0 -1 0 1 0 10220-FLARE.ldr
1 15 360 -220 -112 0 0 1 1 0 0 0 1 0 10220-DRIVER-SIDE.ldr
1 15 280 -206 32 1 0 0 0 0 -1 0 1 0 87079.dat
1 15 360 -240 70 -1 0 0 0 1 0 0 0 -1 3023.dat
1 15 310 -232 -100 0 0 -1 0 1 0 1 0 0 3023.dat
1 15 190 -232 -90 0 0 1 0 1 0 -1 0 0 2420.dat
1 15 250 -232 -90 -1 0 0 0 1 0 0 0 -1 2420.dat
1 15 130 -232 -90 -1 0 0 0 1 0 0 0 -1 2420.dat
1 15 10 -232 -90 -1 0 0 0 1 0 0 0 -1 2420.dat
1 15 70 -232 -90 0 0 1 0 1 0 -1 0 0 2420.dat
1 4 250 -120 120 1 0 0 0 1 0 0 0 1 3021.dat
1 6 350 -120 110 -1 0 0 0 1 0 0 0 -1 4073.dat
1 6 290 -120 110 -1 0 0 0 1 0 0 0 -1 4073.dat
1 4 390 -88 110 0 0 -1 0 1 0 1 0 0 3622.dat
1 4 390 -88 -110 0 0 -1 0 1 0 1 0 0 3622.dat
1 4 410 -88 90 0 0 -1 0 1 0 1 0 0 87087.dat
1 4 410 -88 -90 0 0 -1 0 1 0 1 0 0 87087.dat
1 4 410 -80 110 0 0 -1 0 1 0 1 0 0 3063.dat
1 4 410 -104 110 0 0 -1 0 1 0 1 0 0 3063.dat
1 113249280 450 -70 90 0 -1 0 -1 0 0 0 0 -1 3069b.dat
1 113249280 450 -70 -90 0 -1 0 -1 0 0 0 0 -1 3069b.dat
1 4 410 -80 -110 1 0 0 0 1 0 0 0 1 3063.dat
1 4 410 -104 -110 1 0 0 0 1 0 0 0 1 3063.dat
1 4 410 -136 -110 1 0 0 0 1 0 0 0 1 3063.dat
1 4 410 -136 110 0 0 -1 0 1 0 1 0 0 3063.dat
1 4 410 -136 90 1 0 0 0 1 0 0 0 1 3622.dat
1 4 410 -136 -90 1 0 0 0 1 0 0 0 1 3622.dat
1 4 380 -120 -130 1 0 0 0 1 0 0 0 1 3023.dat
1 4 380 -120 130 1 0 0 0 1 0 0 0 1 3023.dat
1 7 380 -128 130 1 0 0 0 1 0 0 0 1 3023.dat
1 7 380 -128 -130 1 0 0 0 1 0 0 0 1 3023.dat
1 4 380 -136 -130 1 0 0 0 1 0 0 0 1 4175.dat
1 4 380 -136 130 -1 0 0 0 1 0 0 0 -1 4175.dat
1 4 410 -56 -110 1 0 0 0 1 0 0 0 1 3063.dat
1 4 410 -56 110 0 0 -1 0 1 0 1 0 0 3063.dat
1 7 220 -64 -80 -1 0 0 0 1 0 0 0 -1 3729.dat
1 7 220 -64 40 1 0 0 0 1 0 0 0 1 3729.dat
1 7 210 -80 70 0 0 1 0 1 0 -1 0 0 4070.dat
1 7 210 -80 90 0 0 1 0 1 0 -1 0 0 4070.dat
1 7 210 -104 90 0 0 1 0 1 0 -1 0 0 4070.dat
1 7 210 -104 70 0 0 1 0 1 0 -1 0 0 4070.dat
1 4 220 -72 50 -1 0 0 0 1 0 0 0 -1 3023.dat
1 4 220 -80 50 -1 0 0 0 1 0 0 0 -1 3023.dat
1 4 210 -112 60 0 0 -1 0 1 0 1 0 0 3023.dat
1 4 200 -48 120 0 0 1 0 1 0 -1 0 0 2430.dat
1 4 200 -112 120 0 0 1 0 1 0 -1 0 0 2430.dat
1 4 210 -120 110 0 0 1 0 1 0 -1 0 0 3024.dat
1 4 210 -80 110 0 0 1 0 1 0 -1 0 0 3005.dat
1 4 210 -104 110 0 0 1 0 1 0 -1 0 0 3005.dat
1 4 210 -56 100 0 0 1 0 1 0 -1 0 0 3023.dat
1 4 220 -104 50 -1 0 0 0 1 0 0 0 -1 3004.dat
1 7 400 -64 -90 1 0 0 0 1 0 0 0 1 3004.dat
1 7 400 -64 90 1 0 0 0 1 0 0 0 1 3004.dat
1 7 210 -40 100 0 0 -1 0 1 0 1 0 0 3023.dat
1 4 210 -56 50 1 0 0 0 1 0 0 0 1 2357.dat
1 15 210 -40 -110 0 0 -1 0 1 0 1 0 0 3024.dat
1 4 0 -40 130 1 0 0 0 1 0 0 0 1 3069b.dat
1 0 70 -40 100 0 0 1 0 1 0 -1 0 0 3069b.dat
1 0 70 -40 20 0 0 1 0 1 0 -1 0 0 3069b.dat
1 0 70 -40 -60 0 0 1 0 1 0 -1 0 0 3069b.dat
1 15 70 -40 -100 0 0 1 0 1 0 -1 0 0 3069b.dat
1 15 70 -40 -20 0 0 1 0 1 0 -1 0 0 3069b.dat
1 15 70 -40 60 0 0 1 0 1 0 -1 0 0 3069b.dat
1 15 100 -40 100 0 0 1 0 1 0 -1 0 0 3068b.dat
1 7 380 -248 80 0 0 1 0 1 0 -1 0 0 3068b.dat
1 7 380 -248 -80 0 0 1 0 1 0 -1 0 0 3068b.dat
1 15 180 -40 100 0 0 1 0 1 0 -1 0 0 3068b.dat
1 15 140 -40 60 0 0 1 0 1 0 -1 0 0 3068b.dat
1 15 100 -40 20 0 0 1 0 1 0 -1 0 0 3068b.dat
1 15 100 -40 -60 0 0 1 0 1 0 -1 0 0 3068b.dat
1 15 140 -40 -100 0 0 1 0 1 0 -1 0 0 3068b.dat
1 15 180 -40 -60 0 0 1 0 1 0 -1 0 0 3068b.dat
1 15 140 -40 -20 0 0 1 0 1 0 -1 0 0 3068b.dat
1 15 180 -40 20 0 0 1 0 1 0 -1 0 0 3068b.dat
1 0 180 -40 60 0 0 1 0 1 0 -1 0 0 3068b.dat
1 0 140 -40 100 0 0 1 0 1 0 -1 0 0 3068b.dat
1 0 100 -40 60 0 0 1 0 1 0 -1 0 0 3068b.dat
1 0 140 -40 20 0 0 1 0 1 0 -1 0 0 3068b.dat
1 0 100 -40 -20 0 0 1 0 1 0 -1 0 0 3068b.dat
1 0 180 -40 -20 0 0 1 0 1 0 -1 0 0 3068b.dat
1 0 180 -40 -100 0 0 1 0 1 0 -1 0 0 3068b.dat
1 0 140 -40 -60 0 0 1 0 1 0 -1 0 0 3068b.dat
1 0 100 -40 -100 0 0 1 0 1 0 -1 0 0 3068b.dat
1 4 200 -40 130 1 0 0 0 1 0 0 0 1 3069b.dat
1 4 100 -40 130 1 0 0 0 1 0 0 0 1 4162.dat
1 15 100 -32 -130 -1 0 0 0 1 0 0 0 -1 60479.dat
1 15 -10 -32 100 0 0 1 0 1 0 -1 0 0 3710.dat
1 0 -80 -32 70 -1 0 0 0 1 0 0 0 -1 3710.dat
1 0 -80 -32 -70 -1 0 0 0 1 0 0 0 -1 3710.dat
1 8 -170 -24 20 0 0 -1 0 1 0 1 0 0 3747.dat
1 8 -170 -24 -20 0 0 -1 0 1 0 1 0 0 3747.dat
1 7 410 0 0 0 0 1 0 1 0 -1 0 0 3023.dat
1 116789088 390 0 50 0 0 1 0 1 0 -1 0 0 4073.dat
1 116789088 390 0 -50 0 0 1 0 1 0 -1 0 0 4073.dat
1 7 390 0 0 0 0 1 0 1 0 -1 0 0 2431.dat
1 7 370 -16 0 0 0 1 0 1 0 -1 0 0 3039.dat
1 7 350 -16 40 0 0 -1 0 1 0 1 0 0 3039.dat
1 7 310 -72 -30 0 0 -1 0 1 0 1 0 0 3005.dat
1 7 310 -72 30 0 0 -1 0 1 0 1 0 0 3005.dat
1 7 310 -80 0 0 0 -1 0 1 0 1 0 0 3004.dat
1 0 370 -64 0 0 0 -1 0 1 0 1 0 0 32064b.dat
1 0 370 -40 0 0 0 -1 0 1 0 1 0 0 3700.dat
1 14 380 -30 0 1 0 0 0 1 0 0 0 1 43093.dat
1 7 390 -30 0 0 0 1 0 1 0 -1 0 0 4185.dat
1 15 330 -80 -10 1 0 0 0 1 0 0 0 1 4070.dat
1 4 410 -24 0 0 0 1 0 1 0 -1 0 0 3004.dat
1 4 410 -24 100 -1 0 0 0 1 0 0 0 -1 3002.dat
1 4 390 -24 130 -1 0 0 0 1 0 0 0 -1 87087.dat
1 4 -150 -24 130 -1 0 0 0 1 0 0 0 -1 87087.dat
1 4 -170 -24 130 -1 0 0 0 1 0 0 0 -1 87087.dat
1 4 410 -24 130 -1 0 0 0 1 0 0 0 -1 87087.dat
1 4 410 -24 -130 1 0 0 0 1 0 0 0 1 87087.dat
1 4 390 -24 -130 1 0 0 0 1 0 0 0 1 87087.dat
1 4 -170 -24 -130 1 0 0 0 1 0 0 0 1 87087.dat
1 4 -190 -24 -110 1 0 0 0 1 0 0 0 1 3005.dat
1 4 -190 -24 110 1 0 0 0 1 0 0 0 1 3005.dat
1 7 -130 -32 0 0 0 1 0 1 0 -1 0 0 3460.dat
1 4 -160 -32 0 0 0 1 0 1 0 -1 0 0 3022.dat
1 8 -160 -32 80 0 0 1 0 1 0 -1 0 0 3795.dat
1 8 -160 -32 -80 0 0 1 0 1 0 -1 0 0 3795.dat
1 4 -150 -24 -130 1 0 0 0 1 0 0 0 1 87087.dat
1 4 410 -24 -100 -1 0 0 0 1 0 0 0 -1 3002.dat
1 15 330 -80 10 -1 0 0 0 1 0 0 0 -1 4070.dat
1 8 390 -32 -70 -1 0 0 0 1 0 0 0 -1 4085a.dat
1 8 390 -32 70 1 0 0 0 1 0 0 0 1 4085a.dat
1 7 310 -72 -50 1 0 0 0 1 0 0 0 1 3040b.dat
1 7 310 -72 50 -1 0 0 0 1 0 0 0 -1 3040b.dat
1 7 310 -96 30 -1 0 0 0 1 0 0 0 -1 50950.dat
1 7 310 -96 -30 1 0 0 0 1 0 0 0 1 50950.dat
1 7 350 -16 -40 0 0 -1 0 1 0 1 0 0 3039.dat
1 0 120 0 100 -1 0 0 0 1 0 0 0 -1 2445.dat
1 4 120 0 -70 -1 0 0 0 1 0 0 0 -1 60479.dat
1 4 430 0 0 0 0 -1 0 1 0 1 0 0 60479.dat
1 4 120 0 70 -1 0 0 0 1 0 0 0 -1 60479.dat
1 4 -190 0 90 0 0 -1 0 1 0 1 0 0 3623.dat
1 4 -190 0 -90 0 0 -1 0 1 0 1 0 0 3623.dat
1 4 -190 -32 0 0 0 -1 0 1 0 1 0 0 60479.dat
1 4 -190 -96 90 0 0 1 0 1 0 -1 0 0 3623.dat
1 4 -190 -96 -90 0 0 1 0 1 0 -1 0 0 3623.dat
1 4 -190 -64 -110 0 0 1 0 1 0 -1 0 0 3024.dat
1 4 -190 -40 -80 0 0 1 0 1 0 -1 0 0 3023.dat
1 4 -190 -104 -90 0 0 1 0 1 0 -1 0 0 3623.dat
1 4 -190 -104 90 0 0 1 0 1 0 -1 0 0 3623.dat
1 4 -190 -112 0 0 0 1 0 1 0 -1 0 0 60479.dat
1 8 -180 -120 -60 0 0 1 0 1 0 -1 0 0 3022.dat
1 8 -180 -136 -60 0 0 1 0 1 0 -1 0 0 3022.dat
1 4 -190 -128 -60 0 0 1 0 1 0 -1 0 0 3023.dat
1 4 -190 -136 20 0 0 1 0 1 0 -1 0 0 3009.dat
1 15 -170 -128 -60 0 0 -1 0 1 0 1 0 0 60471.dat
1 4 -190 -72 0 0 0 1 0 1 0 -1 0 0 3710.dat
1 4 -190 -80 0 0 0 1 0 1 0 -1 0 0 3710.dat
1 15 -190 -40 0 0 0 1 0 1 0 -1 0 0 3710.dat
1 7 -170 -40 10 -1 0 0 0 1 0 0 0 -1 2555.dat
1 7 -150 -40 -70 -1 0 0 0 1 0 0 0 -1 2555.dat
1 7 -150 -40 -50 -1 0 0 0 1 0 0 0 -1 2555.dat
1 7 -130 -40 -30 -1 0 0 0 1 0 0 0 -1 2555.dat
1 7 -10 -120 60 0 0 1 0 1 0 -1 0 0 3039.dat
1 7 -10 -128 70 0 0 1 0 1 0 -1 0 0 3623.dat
1 19 -10 -152 50 0 0 1 0 1 0 -1 0 0 3005.dat
1 19 -10 -176 70 0 0 1 0 1 0 -1 0 0 3622.dat
1 19 -10 -200 60 0 0 1 0 1 0 -1 0 0 3004.dat
1 19 -10 -224 50 1 0 0 0 1 0 0 0 1 3665.dat
1 19 -10 -224 -90 -1 0 0 0 1 0 0 0 -1 3665.dat
1 19 -10 -232 30 1 0 0 0 1 0 0 0 1 3024.dat
1 19 -10 -232 -70 1 0 0 0 1 0 0 0 1 3024.dat
1 8 0 -232 60 1 0 0 0 1 0 0 0 1 3022.dat
1 7 -10 -200 90 -1 0 0 0 1 0 0 0 -1 4070.dat
1 7 -10 -240 90 -1 0 0 0 1 0 0 0 -1 4070.dat
1 15 -10 -230 104 -1 0 0 0 0 -1 0 -1 0 3024.dat
1 15 -10 -230 112 -1 0 0 0 0 -1 0 -1 0 3024.dat
1 15 -10 -170 128 -1 0 0 0 0 -1 0 -1 0 3024.dat
1 15 -10 -200 136 1 0 0 0 0 1 0 -1 0 61678.dat
1 15 -10 -190 120 -1 0 0 0 0 -1 0 -1 0 3005.dat
1 8 -10 -208 90 0 0 -1 0 1 0 1 0 0 4085a.dat
1 8 -10 -208 70 0 0 -1 0 1 0 1 0 0 4085a.dat
1 0 -10 -224 70 0 0 -1 0 1 0 1 0 0 3024.dat
1 7 -10 -216 80 0 0 -1 0 1 0 1 0 0 3023.dat
1 7 -10 -152 70 0 0 -1 0 1 0 1 0 0 4070.dat
1 7 -10 -152 90 0 0 -1 0 1 0 1 0 0 4070.dat
1 25 4 -142 80 0 -1 0 0 0 -1 1 0 0 3794.dat
1 25 28 -142 80 0 -1 0 0 0 1 -1 0 0 4599.dat
1 15 -20 -96 60 0 0 1 0 1 0 -1 0 0 3022.dat
1 4 -160 0 -100 0 0 -1 0 1 0 1 0 0 3020.dat
1 4 -200 0 0 -1 0 0 0 1 0 0 0 -1 3020.dat
1 8 -200 -8 0 -1 0 0 0 1 0 0 0 -1 3022.dat
1 4 100 -24 70 1 0 0 0 1 0 0 0 1 3660.dat
1 4 140 -24 70 1 0 0 0 1 0 0 0 1 3660.dat
1 4 0 -24 -110 1 0 0 0 1 0 0 0 1 3660.dat
1 4 40 -24 -110 1 0 0 0 1 0 0 0 1 3660.dat
1 4 50 -88 -20 0 0 -1 0 1 0 1 0 0 3660.dat
1 4 80 -24 -110 1 0 0 0 1 0 0 0 1 3660.dat
1 4 120 -24 -110 1 0 0 0 1 0 0 0 1 3660.dat
1 4 160 -24 -110 1 0 0 0 1 0 0 0 1 3660.dat
1 4 200 -24 -110 1 0 0 0 1 0 0 0 1 3660.dat
1 4 220 -144 -110 -1 0 0 0 1 0 0 0 -1 3660.dat
1 4 160 -144 -120 -1 0 0 0 1 0 0 0 -1 3001.dat
1 4 60 -144 -120 -1 0 0 0 1 0 0 0 -1 2456.dat
1 4 300 -144 -120 -1 0 0 0 1 0 0 0 -1 44237.dat
1 4 240 -24 -110 1 0 0 0 1 0 0 0 1 3660.dat
1 4 250 -64 -120 0 0 -1 0 1 0 1 0 0 3660.dat
1 4 250 -64 120 0 0 -1 0 1 0 1 0 0 3660.dat
1 4 390 -64 120 0 0 1 0 1 0 -1 0 0 3660.dat
1 4 390 -64 -120 0 0 1 0 1 0 -1 0 0 3660.dat
1 4 140 -24 -70 -1 0 0 0 1 0 0 0 -1 3660.dat
1 4 100 -24 -70 -1 0 0 0 1 0 0 0 -1 3660.dat
1 4 0 -24 110 -1 0 0 0 1 0 0 0 -1 3660.dat
1 4 40 -24 110 -1 0 0 0 1 0 0 0 -1 3660.dat
1 4 80 -24 110 -1 0 0 0 1 0 0 0 -1 3660.dat
1 4 120 -24 110 -1 0 0 0 1 0 0 0 -1 3660.dat
1 4 160 -24 110 -1 0 0 0 1 0 0 0 -1 3660.dat
1 4 200 -24 110 -1 0 0 0 1 0 0 0 -1 3660.dat
1 4 240 -24 110 -1 0 0 0 1 0 0 0 -1 3660.dat
1 4 -160 0 100 0 0 -1 0 1 0 1 0 0 3020.dat
1 4 400 0 100 0 0 -1 0 1 0 1 0 0 3020.dat
1 4 400 0 -100 0 0 -1 0 1 0 1 0 0 3020.dat
1 0 120 0 -100 -1 0 0 0 1 0 0 0 -1 2445.dat
1 8 120 -24 90 -1 0 0 0 1 0 0 0 -1 32018.dat
1 8 120 -24 -90 -1 0 0 0 1 0 0 0 -1 32018.dat
1 0 310 -32 0 0 0 -1 0 1 0 1 0 0 3460.dat
1 4 310 -40 50 0 0 -1 0 1 0 1 0 0 3623.dat
1 8 310 -48 50 0 0 -1 0 1 0 1 0 0 3623.dat
1 8 310 -48 -50 0 0 -1 0 1 0 1 0 0 3623.dat
1 7 330 -46 -40 0 0 -1 0 1 0 1 0 0 62462.dat
1 7 330 -46 40 0 0 -1 0 1 0 1 0 0 62462.dat
1 4 310 -40 -50 0 0 -1 0 1 0 1 0 0 3623.dat
1 14 320 -56 -10 1 0 0 0 1 0 0 0 1 32000.dat
1 14 320 -56 10 1 0 0 0 1 0 0 0 1 32000.dat
1 0 390 -18 50 1 0 0 0 1 0 0 0 1 752.dat
1 0 390 -18 -50 1 0 0 0 1 0 0 0 1 752.dat
1 0 330 -72 -36 1 0 0 0 0 -1 0 1 0 752.dat
1 0 330 -72 36 -1 0 0 0 0 -1 0 -1 0 752.dat
0 MLCAD FLEXHOSE 0 0 0 0 1 0 0 0 1 0 0 0 1  390 -18 -50  0 80 0 330 -72 -25 0 0 80 100 76.dat 76.dat 0
0 MLCAD SKIP_BEGIN
1 0 390 -18 -50 0.674798 0.00389496 0.737992 0 0.999986 -0.00527771 -0.738002 0.00356139 0.674789 76.dat
1 0 389.995 -19.2337 -50.0044 0.673526 0.0118979 0.739068 0 0.99987 -0.0160965 -0.739164 0.0108414 0.673439 76.dat
1 0 389.98 -20.4828 -50.0179 0.672071 0.0202579 0.740209 0 0.999626 -0.0273576 -0.740486 0.0183863 0.67182 76.dat
1 0 389.955 -21.7468 -50.0412 0.670534 0.0289921 0.741312 0 0.999236 -0.0390793 -0.741878 0.026204 0.670022 76.dat
1 0 389.918 -23.0252 -50.0747 0.668923 0.0381181 0.742354 0 0.998684 -0.05128 -0.743332 0.0343024 0.668043 76.dat
1 0 389.868 -24.3173 -50.1191 0.667236 0.047654 0.74332 0 0.997951 -0.0639783 -0.744846 0.0426886 0.665869 76.dat
1 0 389.806 -25.6222 -50.1749 0.665471 0.0576181 0.744196 0 0.997016 -0.0771922 -0.746423 0.0513692 0.663486 76.dat
1 0 389.73 -26.9392 -50.2428 0.663625 0.0680289 0.744966 0 0.995856 -0.0909398 -0.748066 0.0603499 0.660875 76.dat
1 0 389.639 -28.2673 -50.3233 0.661692 0.0789051 0.745612 0 0.994447 -0.105238 -0.749776 0.0696353 0.658018 76.dat
1 0 389.533 -29.6055 -50.417 0.659669 0.0902651 0.746116 0 0.992761 -0.120104 -0.751556 0.079229 0.654894 76.dat
1 0 389.41 -30.9527 -50.5245 0.65755 0.102127 0.746457 0 0.99077 -0.135553 -0.753411 0.0891328 0.651481 76.dat
1 0 389.271 -32.3075 -50.6464 0.65533 0.114509 0.746613 0 0.988442 -0.151598 -0.755343 0.0993469 0.647756 76.dat
1 0 389.113 -33.6688 -50.7832 0.653003 0.127427 0.746558 0 0.985744 -0.168252 -0.757355 0.109869 0.643694 76.dat
1 0 388.937 -35.035 -50.9355 0.650563 0.140897 0.746268 0 0.98264 -0.185525 -0.759452 0.120696 0.639269 76.dat
1 0 388.74 -36.4047 -51.1037 0.648004 0.154935 0.745712 0 0.979091 -0.203424 -0.761637 0.131819 0.634455 76.dat
1 0 388.523 -37.7763 -51.2884 0.645319 0.169552 0.74486 0 0.975058 -0.221952 -0.763913 0.14323 0.629223 76.dat
1 0 388.285 -39.1482 -51.4899 0.6425 0.18476 0.743679 0 0.970498 -0.241111 -0.766286 0.154914 0.623544 76.dat
1 0 388.024 -40.5185 -51.7086 0.639539 0.200566 0.742134 0 0.965367 -0.260896 -0.768759 0.166853 0.617389 76.dat
1 0 387.74 -41.8855 -51.9449 0.636428 0.216977 0.740189 0 0.95962 -0.281301 -0.771336 0.179028 0.610729 76.dat
1 0 387.432 -43.2474 -52.199 0.633158 0.233995 0.737806 0 0.95321 -0.30231 -0.774023 0.19141 0.603532 76.dat
1 0 387.099 -44.6022 -52.471 0.629719 0.251617 0.734944 0 0.946089 -0.323906 -0.776823 0.20397 0.595771 76.dat
1 0 386.741 -45.948 -52.7612 0.626102 0.26984 0.731562 0 0.938211 -0.346063 -0.779741 0.216671 0.587416 76.dat
1 0 386.357 -47.2829 -53.0694 0.622294 0.288652 0.72762 0 0.929528 -0.36875 -0.782784 0.229471 0.57844 76.dat
1 0 385.947 -48.6049 -53.3958 0.618283 0.308039 0.723075 0 0.919995 -0.39193 -0.785956 0.242323 0.568817 76.dat
1 0 385.509 -49.9121 -53.7401 0.614057 0.327982 0.717887 0 0.909568 -0.415556 -0.789262 0.255175 0.558527 76.dat
1 0 385.044 -51.2026 -54.1021 0.609602 0.348457 0.712014 0 0.898205 -0.439578 -0.792708 0.267967 0.547547 76.dat
1 0 384.55 -52.4744 -54.4816 0.604902 0.369432 0.705418 0 0.885869 -0.463936 -0.7963 0.280636 0.535863 76.dat
1 0 384.029 -53.7257 -54.878 0.59994 0.390874 0.698061 0 0.872527 -0.488565 -0.800045 0.29311 0.523464 76.dat
1 0 383.478 -54.9546 -55.2908 0.594698 0.412742 0.689911 0 0.858153 -0.513394 -0.803949 0.305314 0.510342 76.dat
1 0 382.898 -56.1596 -55.7195 0.589157 0.434993 0.680937 0 0.842725 -0.538345 -0.808019 0.31717 0.496497 76.dat
1 0 382.29 -57.3388 -56.1633 0.583294 0.457576 0.671113 0 0.826228 -0.563336 -0.812261 0.328591 0.481934 76.dat
1 0 381.652 -58.4907 -56.6214 0.577086 0.48044 0.660416 0 0.808656 -0.588281 -0.816684 0.339489 0.466664 76.dat
1 0 380.985 -59.6138 -57.0929 0.570505 0.503528 0.648832 0 0.790012 -0.613091 -0.821294 0.349772 0.450706 76.dat
1 0 380.288 -60.7067 -57.5768 0.563523 0.526785 0.636349 0 0.770304 -0.637676 -0.8261 0.359346 0.434084 76.dat
1 0 379.562 -61.7681 -58.0719 0.556107 0.55015 0.622961 0 0.749552 -0.661945 -0.83111 0.368113 0.416832 76.dat
1 0 378.807 -62.7966 -58.5771 0.548222 0.573564 0.608669 0 0.727783 -0.685808 -0.836333 0.375975 0.398986 76.dat
1 0 378.023 -63.7913 -59.0909 0.539827 0.596968 0.593478 0 0.705031 -0.709177 -0.841776 0.382832 0.380594 76.dat
1 0 377.211 -64.751 -59.6121 0.530877 0.620305 0.5774 0 0.681339 -0.731968 -0.847449 0.388585 0.361707 76.dat
1 0 376.37 -65.6749 -60.1389 0.521323 0.64352 0.560449 0 0.656757 -0.754102 -0.853359 0.393131 0.342383 76.dat
1 0 375.5 -66.562 -60.67 0.51111 0.66656 0.542646 0 0.631339 -0.775507 -0.859515 0.396369 0.322684 76.dat
1 0 374.603 -67.4115 -61.2033 0.500175 0.689375 0.524011 0 0.605146 -0.796115 -0.865924 0.398196 0.302679 76.dat
1 0 373.679 -68.2229 -61.7372 0.488448 0.711919 0.504569 0 0.578241 -0.815866 -0.872593 0.398508 0.282441 76.dat
1 0 372.728 -68.9954 -62.2696 0.475851 0.734149 0.484346 0 0.55069 -0.83471 -0.879526 0.397198 0.262046 76.dat
1 0 371.751 -69.7286 -62.7984 0.462297 0.756024 0.463367 0 0.52256 -0.852603 -0.886725 0.394156 0.241578 76.dat
1 0 370.747 -70.4219 -63.3214 0.447686 0.777507 0.441657 0 0.493918 -0.869509 -0.894191 0.389267 0.22112 76.dat
1 0 369.719 -71.075 -63.8361 0.431907 0.798558 0.419239 0 0.46483 -0.8854 -0.901918 0.382411 0.200764 76.dat
1 0 368.667 -71.6876 -64.3401 0.414837 0.819138 0.396135 0 0.435363 -0.900255 -0.909896 0.373459 0.180604 76.dat
1 0 367.591 -72.2594 -64.8306 0.396335 0.839205 0.372363 0 0.405577 -0.914061 -0.918106 0.362274 0.160744 76.dat
1 0 366.493 -72.7902 -65.3047 0.376245 0.858707 0.34794 0 0.375534 -0.926809 -0.92652 0.348707 0.141293 76.dat
1 0 365.373 -73.2798 -65.7594 0.354394 0.877584 0.32288 0 0.345291 -0.938496 -0.935096 0.332597 0.122369 76.dat
1 0 364.233 -73.7284 -66.1914 0.330589 0.895758 0.2972 0 0.314905 -0.949123 -0.943775 0.31377 0.104104 76.dat
1 0 363.074 -74.1357 -66.5973 0.30462 0.913133 0.270916 0 0.284434 -0.958696 -0.952474 0.292038 0.086644 76.dat
1 0 361.898 -74.5021 -66.9735 0.276256 0.929581 0.244051 0 0.253933 -0.967222 -0.961084 0.267201 0.0701506 76.dat
1 0 360.706 -74.8277 -67.3161 0.245253 0.944943 0.216642 0 0.223466 -0.974712 -0.969459 0.239051 0.0548059 76.dat
1 0 359.501 -75.1129 -67.6211 0.211356 0.959013 0.188741 0 0.193103 -0.981178 -0.977409 0.207378 0.0408135 76.dat
1 0 358.283 -75.358 -67.8844 0.174304 0.971535 0.160432 0 0.162926 -0.986638 -0.984692 0.171975 0.0283987 76.dat
1 0 357.056 -75.5637 -68.1016 0.13385 0.982193 0.131837 0 0.133034 -0.991111 -0.991002 0.13266 0.0178066 76.dat
1 0 355.823 -75.7308 -68.2682 0.0897725 0.990608 0.103132 0 0.10355 -0.994624 -0.995962 0.0892899 0.00929595 76.dat
1 0 354.586 -75.8601 -68.3797 0.0419054 0.996336 0.0745612 0 0.0746268 -0.997212 -0.999122 0.0417886 0.00312727 76.dat
1 0 353.348 -75.9529 -68.4316 -0.00983126 0.998872 0.0464496 0 0.0464519 -0.998921 -0.999952 -0.00982065 -0.00045668 76.dat
1 0 352.112 -76.0103 -68.4195 -0.0653917 0.997675 0.0192107 0 0.0192519 -0.999815 -0.99786 -0.0653796 -0.00125892 76.dat
1 0 350.884 -76.034 -68.3389 -0.124562 0.99219 -0.0066554 0 -0.00670764 -0.999978 -0.992212 -0.124559 0.000835515 76.dat
1 0 349.665 -76.0258 -68.186 -0.186919 0.981899 -0.0305798 0 -0.0311284 -0.999515 -0.982375 -0.186828 0.00581849 76.dat
1 0 348.462 -75.9876 -67.957 -0.251807 0.966382 -0.0519618 0 -0.0536918 -0.998558 -0.967778 -0.251444 0.01352 76.dat
1 0 347.277 -75.9218 -67.6486 -0.31833 0.945375 -0.0702269 0 -0.0740806 -0.997252 -0.94798 -0.317456 0.0235821 76.dat
1 0 346.115 -75.8308 -67.2585 -0.385388 0.918841 -0.0848987 0 -0.0920057 -0.995758 -0.922755 -0.383753 0.0354579 76.dat
1 0 344.98 -75.7172 -66.7847 -0.45174 0.887005 -0.0956717 0 -0.107237 -0.994233 -0.892149 -0.449136 0.0484435 76.dat
1 0 343.877 -75.5838 -66.2263 -0.516114 0.850368 -0.102467 0 -0.119632 -0.992818 -0.85652 -0.512408 0.0617439 76.dat
1 0 342.81 -75.4337 -65.5832 -0.577319 0.80968 -0.105455 0 -0.129152 -0.991625 -0.816519 -0.572484 0.0745621 76.dat
1 0 341.782 -75.2697 -64.8563 -0.634358 0.765871 -0.105032 0 -0.135869 -0.990727 -0.773039 -0.628475 0.0861897 76.dat
1 0 340.797 -75.0949 -64.0475 -0.686506 0.719967 -0.101766 0 -0.139956 -0.990158 -0.727124 -0.679749 0.0960809 76.dat
1 0 339.856 -74.9121 -63.1597 -0.733346 0.672999 -0.096313 0 -0.141667 -0.989914 -0.679856 -0.72595 0.103891 76.dat
1 0 338.963 -74.7241 -62.1966 -0.774755 0.625918 -0.0893423 0 -0.141306 -0.989966 -0.632262 -0.766981 0.109477 76.dat
1 0 338.12 -74.5336 -61.1626 -0.81086 0.579542 -0.0814672 0 -0.139203 -0.990264 -0.58524 -0.802966 0.112874 76.dat
1 0 337.326 -74.343 -60.063 -0.841976 0.534526 -0.0732047 0 -0.135686 -0.990752 -0.539516 -0.834189 0.114244 76.dat
1 0 336.583 -74.1544 -58.9034 -0.868534 0.491355 -0.0649585 0 -0.131062 -0.991374 -0.49563 -0.861042 0.113832 76.dat
1 0 335.89 -73.9696 -57.6898 -0.891027 0.450354 -0.0570199 0 -0.125608 -0.99208 -0.45395 -0.88397 0.11192 76.dat
1 0 335.248 -73.7904 -56.4285 -0.909962 0.411716 -0.049581 0 -0.119561 -0.992827 -0.414691 -0.903435 0.108796 76.dat
1 0 334.654 -73.618 -55.1256 -0.925827 0.375521 -0.0427534 0 -0.11312 -0.993581 -0.377947 -0.919885 0.10473 76.dat
1 0 334.108 -73.4534 -53.7875 -0.939072 0.341767 -0.0365878 0 -0.106446 -0.994318 -0.34372 -0.933737 0.0999608 76.dat
1 0 333.607 -73.2975 -52.4201 -0.9501 0.310393 -0.0310911 0 -0.099668 -0.995021 -0.311947 -0.945369 0.0946945 76.dat
1 0 333.15 -73.1509 -51.0291 -0.959262 0.281297 -0.0262416 0 -0.0928844 -0.995677 -0.282519 -0.955115 0.0891004 76.dat
1 0 332.735 -73.0139 -49.6199 -0.966862 0.254352 -0.0219995 0 -0.0861708 -0.99628 -0.255301 -0.963265 0.0833152 76.dat
1 0 332.36 -72.8866 -48.1975 -0.973156 0.229417 -0.0183157 0 -0.0795826 -0.996828 -0.230147 -0.970069 0.0774463 76.dat
1 0 332.021 -72.7692 -46.7666 -0.978362 0.206347 -0.0151368 0 -0.0731595 -0.99732 -0.206901 -0.97574 0.0715765 76.dat
1 0 331.718 -72.6616 -45.3312 -0.982661 0.184998 -0.0124095 0 -0.0669287 -0.997758 -0.185414 -0.980457 0.0657682 76.dat
1 0 331.447 -72.5636 -43.8952 -0.986203 0.16523 -0.0100825 0 -0.0609077 -0.998143 -0.165538 -0.984372 0.0600674 76.dat
1 0 331.206 -72.4749 -42.4618 -0.989116 0.146913 -0.00810815 0 -0.0551064 -0.99848 -0.147136 -0.987613 0.0545066 76.dat
1 0 330.994 -72.3952 -41.0342 -0.991503 0.129921 -0.00644278 0 -0.0495293 -0.998773 -0.13008 -0.990287 0.0491084 76.dat
1 0 330.808 -72.3242 -39.6147 -0.993452 0.11414 -0.00504724 0 -0.0441765 -0.999024 -0.114252 -0.992482 0.0438872 76.dat
1 0 330.646 -72.2615 -38.2058 -0.995033 0.0994663 -0.00388665 0 -0.0390452 -0.999237 -0.0995422 -0.994275 0.0388513 76.dat
1 0 330.506 -72.2067 -36.8093 -0.996308 0.0858028 -0.00293019 0 -0.0341304 -0.999417 -0.0858528 -0.995727 0.0340044 76.dat
1 0 330.387 -72.1593 -35.4269 -0.997325 0.0730622 -0.00215083 0 -0.0294256 -0.999567 -0.0730939 -0.996893 0.0293468 76.dat
1 0 330.287 -72.1189 -34.0599 -0.998126 0.0611653 -0.0015249 0 -0.024923 -0.999689 -0.0611843 -0.997816 0.0248763 76.dat
1 0 330.204 -72.0852 -32.7097 -0.998747 0.0500401 -0.00103178 0 -0.0206147 -0.999787 -0.0500508 -0.998534 0.0205889 76.dat
1 0 330.137 -72.0577 -31.377 -0.999215 0.0396215 -0.00065353 0 -0.0164921 -0.999864 -0.0396269 -0.999079 0.0164791 76.dat
1 0 330.085 -72.036 -30.0628 -0.999554 0.0298507 -0.000374553 0 -0.0125466 -0.999921 -0.029853 -0.999476 0.012541 76.dat
1 0 330.046 -72.0197 -28.7675 -0.999786 0.0206743 -0.000181313 0 -0.00876961 -0.999962 -0.0206751 -0.999748 0.00876774 76.dat
1 0 330.02 -72.0086 -27.4917 -0.999927 0.0120442 -0.000062063 0 -0.00515287 -0.999987 -0.0120444 -0.999914 0.00515249 76.dat
1 0 330.005 -72.0021 -26.2358 -0.999992 0.00391677 -6.61226E-6 0 -0.00168819 -0.999999 -0.00391677 -0.999991 0.00168818 76.dat
0 MLCAD SKIP_END
0 MLCAD FLEXHOSE 0 0 0 0 1 0 0 0 1 0 0 0 1  390 -18 50  0 80 0 330 -72 25 0 0 -80 100 76.dat 76.dat 0
0 MLCAD SKIP_BEGIN
1 0 390 -18 50 -0.674798 0.00389496 0.737992 0 0.999986 -0.00527771 -0.738002 -0.00356139 -0.674789 76.dat
1 0 389.995 -19.2337 50.0044 -0.673526 0.0118979 0.739068 0 0.99987 -0.0160965 -0.739164 -0.0108414 -0.673439 76.dat
1 0 389.98 -20.4828 50.0179 -0.672071 0.0202579 0.740209 0 0.999626 -0.0273576 -0.740486 -0.0183863 -0.67182 76.dat
1 0 389.955 -21.7468 50.0412 -0.670534 0.0289921 0.741312 0 0.999236 -0.0390793 -0.741878 -0.026204 -0.670022 76.dat
1 0 389.918 -23.0252 50.0747 -0.668923 0.0381181 0.742354 0 0.998684 -0.05128 -0.743332 -0.0343024 -0.668043 76.dat
1 0 389.868 -24.3173 50.1191 -0.667236 0.047654 0.74332 0 0.997951 -0.0639783 -0.744846 -0.0426886 -0.665869 76.dat
1 0 389.806 -25.6222 50.1749 -0.665471 0.0576181 0.744196 0 0.997016 -0.0771922 -0.746423 -0.0513692 -0.663486 76.dat
1 0 389.73 -26.9392 50.2428 -0.663625 0.0680289 0.744966 0 0.995856 -0.0909398 -0.748066 -0.0603499 -0.660875 76.dat
1 0 389.639 -28.2673 50.3233 -0.661692 0.0789051 0.745612 0 0.994447 -0.105238 -0.749776 -0.0696353 -0.658018 76.dat
1 0 389.533 -29.6055 50.417 -0.659669 0.0902651 0.746116 0 0.992761 -0.120104 -0.751556 -0.079229 -0.654894 76.dat
1 0 389.41 -30.9527 50.5245 -0.65755 0.102127 0.746457 0 0.99077 -0.135553 -0.753411 -0.0891328 -0.651481 76.dat
1 0 389.271 -32.3075 50.6464 -0.65533 0.114509 0.746613 0 0.988442 -0.151598 -0.755343 -0.0993469 -0.647756 76.dat
1 0 389.113 -33.6688 50.7832 -0.653003 0.127427 0.746558 0 0.985744 -0.168252 -0.757355 -0.109869 -0.643694 76.dat
1 0 388.937 -35.035 50.9355 -0.650563 0.140897 0.746268 0 0.98264 -0.185525 -0.759452 -0.120696 -0.639269 76.dat
1 0 388.74 -36.4047 51.1037 -0.648004 0.154935 0.745712 0 0.979091 -0.203424 -0.761637 -0.131819 -0.634455 76.dat
1 0 388.523 -37.7763 51.2884 -0.645319 0.169552 0.74486 0 0.975058 -0.221952 -0.763913 -0.14323 -0.629223 76.dat
1 0 388.285 -39.1482 51.4899 -0.6425 0.18476 0.743679 0 0.970498 -0.241111 -0.766286 -0.154914 -0.623544 76.dat
1 0 388.024 -40.5185 51.7086 -0.639539 0.200566 0.742134 0 0.965367 -0.260896 -0.768759 -0.166853 -0.617389 76.dat
1 0 387.74 -41.8855 51.9449 -0.636428 0.216977 0.740189 0 0.95962 -0.281301 -0.771336 -0.179028 -0.610729 76.dat
1 0 387.432 -43.2474 52.199 -0.633158 0.233995 0.737806 0 0.95321 -0.30231 -0.774023 -0.19141 -0.603532 76.dat
1 0 387.099 -44.6022 52.471 -0.629719 0.251617 0.734944 0 0.946089 -0.323906 -0.776823 -0.20397 -0.595771 76.dat
1 0 386.741 -45.948 52.7612 -0.626102 0.26984 0.731562 0 0.938211 -0.346063 -0.779741 -0.216671 -0.587416 76.dat
1 0 386.357 -47.2829 53.0694 -0.622294 0.288652 0.72762 0 0.929528 -0.36875 -0.782784 -0.229471 -0.57844 76.dat
1 0 385.947 -48.6049 53.3958 -0.618283 0.308039 0.723075 0 0.919995 -0.39193 -0.785956 -0.242323 -0.568817 76.dat
1 0 385.509 -49.9121 53.7401 -0.614057 0.327982 0.717887 0 0.909568 -0.415556 -0.789262 -0.255175 -0.558527 76.dat
1 0 385.044 -51.2026 54.1021 -0.609602 0.348457 0.712014 0 0.898205 -0.439578 -0.792708 -0.267967 -0.547547 76.dat
1 0 384.55 -52.4744 54.4816 -0.604902 0.369432 0.705418 0 0.885869 -0.463936 -0.7963 -0.280636 -0.535863 76.dat
1 0 384.029 -53.7257 54.878 -0.59994 0.390874 0.698061 0 0.872527 -0.488565 -0.800045 -0.29311 -0.523464 76.dat
1 0 383.478 -54.9546 55.2908 -0.594698 0.412742 0.689911 0 0.858153 -0.513394 -0.803949 -0.305314 -0.510342 76.dat
1 0 382.898 -56.1596 55.7195 -0.589157 0.434993 0.680937 0 0.842725 -0.538345 -0.808019 -0.31717 -0.496497 76.dat
1 0 382.29 -57.3388 56.1633 -0.583294 0.457576 0.671113 0 0.826228 -0.563336 -0.812261 -0.328591 -0.481934 76.dat
1 0 381.652 -58.4907 56.6214 -0.577086 0.48044 0.660416 0 0.808656 -0.588281 -0.816684 -0.339489 -0.466664 76.dat
1 0 380.985 -59.6138 57.0929 -0.570505 0.503528 0.648832 0 0.790012 -0.613091 -0.821294 -0.349772 -0.450706 76.dat
1 0 380.288 -60.7067 57.5768 -0.563523 0.526785 0.636349 0 0.770304 -0.637676 -0.8261 -0.359346 -0.434084 76.dat
1 0 379.562 -61.7681 58.0719 -0.556107 0.55015 0.622961 0 0.749552 -0.661945 -0.83111 -0.368113 -0.416832 76.dat
1 0 378.807 -62.7966 58.5771 -0.548222 0.573564 0.608669 0 0.727783 -0.685808 -0.836333 -0.375975 -0.398986 76.dat
1 0 378.023 -63.7913 59.0909 -0.539827 0.596968 0.593478 0 0.705031 -0.709177 -0.841776 -0.382832 -0.380594 76.dat
1 0 377.211 -64.751 59.6121 -0.530877 0.620305 0.5774 0 0.681339 -0.731968 -0.847449 -0.388585 -0.361707 76.dat
1 0 376.37 -65.6749 60.1389 -0.521323 0.64352 0.560449 0 0.656757 -0.754102 -0.853359 -0.393131 -0.342383 76.dat
1 0 375.5 -66.562 60.67 -0.51111 0.66656 0.542646 0 0.631339 -0.775507 -0.859515 -0.396369 -0.322684 76.dat
1 0 374.603 -67.4115 61.2033 -0.500175 0.689375 0.524011 0 0.605146 -0.796115 -0.865924 -0.398196 -0.302679 76.dat
1 0 373.679 -68.2229 61.7372 -0.488448 0.711919 0.504569 0 0.578241 -0.815866 -0.872593 -0.398508 -0.282441 76.dat
1 0 372.728 -68.9954 62.2696 -0.475851 0.734149 0.484346 0 0.55069 -0.83471 -0.879526 -0.397198 -0.262046 76.dat
1 0 371.751 -69.7286 62.7984 -0.462297 0.756024 0.463367 0 0.52256 -0.852603 -0.886725 -0.394156 -0.241578 76.dat
1 0 370.747 -70.4219 63.3214 -0.447686 0.777507 0.441657 0 0.493918 -0.869509 -0.894191 -0.389267 -0.22112 76.dat
1 0 369.719 -71.075 63.8361 -0.431907 0.798558 0.419239 0 0.46483 -0.8854 -0.901918 -0.382411 -0.200764 76.dat
1 0 368.667 -71.6876 64.3401 -0.414837 0.819138 0.396135 0 0.435363 -0.900255 -0.909896 -0.373459 -0.180604 76.dat
1 0 367.591 -72.2594 64.8306 -0.396335 0.839205 0.372363 0 0.405577 -0.914061 -0.918106 -0.362274 -0.160744 76.dat
1 0 366.493 -72.7902 65.3047 -0.376245 0.858707 0.34794 0 0.375534 -0.926809 -0.92652 -0.348707 -0.141293 76.dat
1 0 365.373 -73.2798 65.7594 -0.354394 0.877584 0.32288 0 0.345291 -0.938496 -0.935096 -0.332597 -0.122369 76.dat
1 0 364.233 -73.7284 66.1914 -0.330589 0.895758 0.2972 0 0.314905 -0.949123 -0.943775 -0.31377 -0.104104 76.dat
1 0 363.074 -74.1357 66.5973 -0.30462 0.913133 0.270916 0 0.284434 -0.958696 -0.952474 -0.292038 -0.086644 76.dat
1 0 361.898 -74.5021 66.9735 -0.276256 0.929581 0.244051 0 0.253933 -0.967222 -0.961084 -0.267201 -0.0701506 76.dat
1 0 360.706 -74.8277 67.3161 -0.245253 0.944943 0.216642 0 0.223466 -0.974712 -0.969459 -0.239051 -0.0548059 76.dat
1 0 359.501 -75.1129 67.6211 -0.211356 0.959013 0.188741 0 0.193103 -0.981178 -0.977409 -0.207378 -0.0408135 76.dat
1 0 358.283 -75.358 67.8844 -0.174304 0.971535 0.160432 0 0.162926 -0.986638 -0.984692 -0.171975 -0.0283987 76.dat
1 0 357.056 -75.5637 68.1016 -0.13385 0.982193 0.131837 0 0.133034 -0.991111 -0.991002 -0.13266 -0.0178066 76.dat
1 0 355.823 -75.7308 68.2682 -0.0897725 0.990608 0.103132 0 0.10355 -0.994624 -0.995962 -0.0892899 -0.00929595 76.dat
1 0 354.586 -75.8601 68.3797 -0.0419054 0.996336 0.0745612 0 0.0746268 -0.997212 -0.999122 -0.0417886 -0.00312727 76.dat
1 0 353.348 -75.9529 68.4316 0.00983126 0.998872 0.0464496 0 0.0464519 -0.998921 -0.999952 0.00982065 0.00045668 76.dat
1 0 352.112 -76.0103 68.4195 0.0653917 0.997675 0.0192107 0 0.0192519 -0.999815 -0.99786 0.0653796 0.00125892 76.dat
1 0 350.884 -76.034 68.3389 0.124562 0.99219 -0.0066554 0 -0.00670764 -0.999978 -0.992212 0.124559 -0.000835515 76.dat
1 0 349.665 -76.0258 68.186 0.186919 0.981899 -0.0305798 0 -0.0311284 -0.999515 -0.982375 0.186828 -0.00581849 76.dat
1 0 348.462 -75.9876 67.957 0.251807 0.966382 -0.0519618 0 -0.0536918 -0.998558 -0.967778 0.251444 -0.01352 76.dat
1 0 347.277 -75.9218 67.6486 0.31833 0.945375 -0.0702269 0 -0.0740806 -0.997252 -0.94798 0.317456 -0.0235821 76.dat
1 0 346.115 -75.8308 67.2585 0.385388 0.918841 -0.0848987 0 -0.0920057 -0.995758 -0.922755 0.383753 -0.0354579 76.dat
1 0 344.98 -75.7172 66.7847 0.45174 0.887005 -0.0956717 0 -0.107237 -0.994233 -0.892149 0.449136 -0.0484435 76.dat
1 0 343.877 -75.5838 66.2263 0.516114 0.850368 -0.102467 0 -0.119632 -0.992818 -0.85652 0.512408 -0.0617439 76.dat
1 0 342.81 -75.4337 65.5832 0.577319 0.80968 -0.105455 0 -0.129152 -0.991625 -0.816519 0.572484 -0.0745621 76.dat
1 0 341.782 -75.2697 64.8563 0.634358 0.765871 -0.105032 0 -0.135869 -0.990727 -0.773039 0.628475 -0.0861897 76.dat
1 0 340.797 -75.0949 64.0475 0.686506 0.719967 -0.101766 0 -0.139956 -0.990158 -0.727124 0.679749 -0.0960809 76.dat
1 0 339.856 -74.9121 63.1597 0.733346 0.672999 -0.096313 0 -0.141667 -0.989914 -0.679856 0.72595 -0.103891 76.dat
1 0 338.963 -74.7241 62.1966 0.774755 0.625918 -0.0893423 0 -0.141306 -0.989966 -0.632262 0.766981 -0.109477 76.dat
1 0 338.12 -74.5336 61.1626 0.81086 0.579542 -0.0814672 0 -0.139203 -0.990264 -0.58524 0.802966 -0.112874 76.dat
1 0 337.326 -74.343 60.063 0.841976 0.534526 -0.0732047 0 -0.135686 -0.990752 -0.539516 0.834189 -0.114244 76.dat
1 0 336.583 -74.1544 58.9034 0.868534 0.491355 -0.0649585 0 -0.131062 -0.991374 -0.49563 0.861042 -0.113832 76.dat
1 0 335.89 -73.9696 57.6898 0.891027 0.450354 -0.0570199 0 -0.125608 -0.99208 -0.45395 0.88397 -0.11192 76.dat
1 0 335.248 -73.7904 56.4285 0.909962 0.411716 -0.049581 0 -0.119561 -0.992827 -0.414691 0.903435 -0.108796 76.dat
1 0 334.654 -73.618 55.1256 0.925827 0.375521 -0.0427534 0 -0.11312 -0.993581 -0.377947 0.919885 -0.10473 76.dat
1 0 334.108 -73.4534 53.7875 0.939072 0.341767 -0.0365878 0 -0.106446 -0.994318 -0.34372 0.933737 -0.0999608 76.dat
1 0 333.607 -73.2975 52.4201 0.9501 0.310393 -0.0310911 0 -0.099668 -0.995021 -0.311947 0.945369 -0.0946945 76.dat
1 0 333.15 -73.1509 51.0291 0.959262 0.281297 -0.0262416 0 -0.0928844 -0.995677 -0.282519 0.955115 -0.0891004 76.dat
1 0 332.735 -73.0139 49.6199 0.966862 0.254352 -0.0219995 0 -0.0861708 -0.99628 -0.255301 0.963265 -0.0833152 76.dat
1 0 332.36 -72.8866 48.1975 0.973156 0.229417 -0.0183157 0 -0.0795826 -0.996828 -0.230147 0.970069 -0.0774463 76.dat
1 0 332.021 -72.7692 46.7666 0.978362 0.206347 -0.0151368 0 -0.0731595 -0.99732 -0.206901 0.97574 -0.0715765 76.dat
1 0 331.718 -72.6616 45.3312 0.982661 0.184998 -0.0124095 0 -0.0669287 -0.997758 -0.185414 0.980457 -0.0657682 76.dat
1 0 331.447 -72.5636 43.8952 0.986203 0.16523 -0.0100825 0 -0.0609077 -0.998143 -0.165538 0.984372 -0.0600674 76.dat
1 0 331.206 -72.4749 42.4618 0.989116 0.146913 -0.00810815 0 -0.0551064 -0.99848 -0.147136 0.987613 -0.0545066 76.dat
1 0 330.994 -72.3952 41.0342 0.991503 0.129921 -0.00644278 0 -0.0495293 -0.998773 -0.13008 0.990287 -0.0491084 76.dat
1 0 330.808 -72.3242 39.6147 0.993452 0.11414 -0.00504724 0 -0.0441765 -0.999024 -0.114252 0.992482 -0.0438872 76.dat
1 0 330.646 -72.2615 38.2058 0.995033 0.0994663 -0.00388665 0 -0.0390452 -0.999237 -0.0995422 0.994275 -0.0388513 76.dat
1 0 330.506 -72.2067 36.8093 0.996308 0.0858028 -0.00293019 0 -0.0341304 -0.999417 -0.0858528 0.995727 -0.0340044 76.dat
1 0 330.387 -72.1593 35.4269 0.997325 0.0730622 -0.00215083 0 -0.0294256 -0.999567 -0.0730939 0.996893 -0.0293468 76.dat
1 0 330.287 -72.1189 34.0599 0.998126 0.0611653 -0.0015249 0 -0.024923 -0.999689 -0.0611843 0.997816 -0.0248763 76.dat
1 0 330.204 -72.0852 32.7097 0.998747 0.0500401 -0.00103178 0 -0.0206147 -0.999787 -0.0500508 0.998534 -0.0205889 76.dat
1 0 330.137 -72.0577 31.377 0.999215 0.0396215 -0.00065353 0 -0.0164921 -0.999864 -0.0396269 0.999079 -0.0164791 76.dat
1 0 330.085 -72.036 30.0628 0.999554 0.0298507 -0.000374553 0 -0.0125466 -0.999921 -0.029853 0.999476 -0.012541 76.dat
1 0 330.046 -72.0197 28.7675 0.999786 0.0206743 -0.000181313 0 -0.00876961 -0.999962 -0.0206751 0.999748 -0.00876774 76.dat
1 0 330.02 -72.0086 27.4917 0.999927 0.0120442 -0.000062063 0 -0.00515287 -0.999987 -0.0120444 0.999914 -0.00515249 76.dat
1 0 330.005 -72.0021 26.2358 0.999992 0.00391677 -6.61226E-6 0 -0.00168819 -0.999999 -0.00391677 0.999991 -0.00168818 76.dat
0 MLCAD SKIP_END
1 7 350 -80 10 1 0 0 0 1 0 0 0 1 4073.dat
1 7 350 -80 -10 1 0 0 0 1 0 0 0 1 4073.dat
1 7 350 -64 30 1 0 0 0 1 0 0 0 1 4073.dat
1 7 350 -72 30 1 0 0 0 1 0 0 0 1 4073.dat
1 7 340 -88 0 1 0 0 0 1 0 0 0 1 4032.dat
1 7 340 -96 0 1 0 0 0 1 0 0 0 1 4032.dat
1 0 360 -72 0 1 0 0 0 1 0 0 0 1 3022.dat
1 0 370 -96 10 0 0 1 0 1 0 -1 0 0 6541.dat
1 4 390 -32 -90 0 0 1 0 1 0 -1 0 0 30357.dat
1 4 390 -112 -90 0 0 1 0 1 0 -1 0 0 30357.dat
1 4 390 -144 -90 0 0 1 0 1 0 -1 0 0 30357.dat
