0 FILE Untitled.ldr
0 Untitled
0 Name: Untitled.ldr
0 Author: MLCad
0 Unofficial Model
0 ROTATION CENTER 0 0 0 1 "Custom" 
0 ROTATION CONFIG 0 0
1 2 0 0 0 1 0 0 0 1 0 0 0 1 3857.dat
1 2 280 -8 -60 0 0 -1 0 1 0 1 0 0 2435.dat
1 15 -120 -48 50 1 0 0 0 1 0 0 0 1 3010.dat
1 15 60 -48 10 1 0 0 0 1 0 0 0 1 3010.dat
1 14 190 -48 40 0 0 -1 0 1 0 1 0 0 3009.dat
1 14 -170 -48 80 0 0 -1 0 1 0 1 0 0 3009.dat
1 14 10 -48 60 0 0 -1 0 1 0 1 0 0 3008.dat
1 14 10 -72 60 0 0 -1 0 1 0 1 0 0 3008.dat
1 14 10 -96 60 0 0 -1 0 1 0 1 0 0 3008.dat
1 14 -160 -24 100 0 0 -1 0 1 0 1 0 0 3001.dat
1 14 20 -24 100 0 0 -1 0 1 0 1 0 0 3001.dat
1 14 -170 -24 40 0 0 -1 0 1 0 1 0 0 3004.dat
1 14 10 -24 0 0 0 -1 0 1 0 1 0 0 3004.dat
1 1 90 -24 40 0 0 -1 0 1 0 1 0 0 3004.dat
1 1 60 -24 40 0 0 -1 0 1 0 1 0 0 3003.dat
1 15 -120 -24 50 -1 0 0 0 1 0 0 0 -1 3010.dat
1 15 60 -24 10 -1 0 0 0 1 0 0 0 -1 3010.dat
1 14 20 -24 40 -1 0 0 0 1 0 0 0 -1 3003pe2.dat
1 14 190 -24 40 0 0 1 0 1 0 -1 0 0 3009.dat
1 4 -140 -32 120 0 0 1 0 1 0 -1 0 0 3022.dat
1 4 -140 -32 80 0 0 1 0 1 0 -1 0 0 3022.dat
1 7 40 -32 100 0 0 1 0 1 0 -1 0 0 3020.dat
1 7 60 -32 40 1 0 0 0 1 0 0 0 1 3020.dat
1 0 -140 -56 120 1 0 0 0 1 0 0 0 1 3062b.dat
1 46 -140 -64 120 1 0 0 0 1 0 0 0 1 4073.dat
1 36 -140 -72 120 1 0 0 0 1 0 0 0 1 4740.dat
1 0 40 -44 120 0 0 1 0 1 0 -1 0 0 4528.dat
1 1 30 -56 70 0 0 1 0 1 0 -1 0 0 3899.dat
1 4 90 -56 30 0.707107 0 -0.707107 0 1 0 0.707107 0 0.707107 4599.dat
1 14 -170 -72 80 0 0 -1 0 1 0 1 0 0 3009.dat
1 14 -170 -96 80 0 0 -1 0 1 0 1 0 0 3009.dat
1 14 190 -72 40 0 0 -1 0 1 0 1 0 0 3009.dat
1 14 190 -96 40 0 0 -1 0 1 0 1 0 0 3009.dat
1 14 -170 -120 40 0 0 -1 0 1 0 1 0 0 3004.dat
1 14 10 -120 0 0 0 -1 0 1 0 1 0 0 3004.dat
1 14 190 -120 0 0 0 -1 0 1 0 1 0 0 3004.dat
1 14 190 -120 30 0 0 -1 0 1 0 1 0 0 3005.dat
1 14 10 -120 30 0 0 -1 0 1 0 1 0 0 3665.dat
1 14 190 -120 90 0 0 1 0 1 0 -1 0 0 3665.dat
1 14 -170 -120 120 0 0 -1 0 1 0 1 0 0 3660.dat
1 14 -170 -120 80 0 0 -1 0 1 0 1 0 0 3660.dat
1 14 10 -120 60 0 0 -1 0 1 0 1 0 0 3660.dat
1 14 10 -120 120 0 0 1 0 1 0 -1 0 0 3660.dat
1 14 190 -120 60 0 0 1 0 1 0 -1 0 0 3660.dat
1 4 10 -120 90 0 0 1 0 1 0 -1 0 0 2341.dat
1 15 -10 -120 50 0 0 -1 0 1 0 1 0 0 73312.dat
1 15 170 -120 10 0 0 -1 0 1 0 1 0 0 73312.dat
1 15 -120 -120 50 1 0 0 0 1 0 0 0 1 4033.dat
1 15 60 -120 10 1 0 0 0 1 0 0 0 1 4033.dat
1 47 -120 -120 50 1 0 0 0 1 0 0 0 1 3855.dat
1 47 60 -120 10 1 0 0 0 1 0 0 0 1 3855.dat
1 14 -170 -144 80 0 0 -1 0 1 0 1 0 0 3009.dat
1 14 190 -144 40 0 0 -1 0 1 0 1 0 0 3009.dat
1 14 10 -144 60 0 0 -1 0 1 0 1 0 0 3008.dat
1 14 -80 -128 120 -1 0 0 0 1 0 0 0 -1 3034.dat
1 14 -80 -128 80 -1 0 0 0 1 0 0 0 -1 3034.dat
1 1 100 -128 80 -1 0 0 0 1 0 0 0 -1 3034.dat
1 1 100 -128 40 -1 0 0 0 1 0 0 0 -1 3034.dat
1 1 -140 -152 130 -1 0 0 0 1 0 0 0 -1 3004.dat
1 1 -110 -152 100 0 0 1 0 1 0 -1 0 0 3747a.dat
1 1 -90 -152 100 0 0 -1 0 1 0 1 0 0 3747a.dat
1 15 60 -136 80 0 0 -1 0 1 0 1 0 0 4079.dat
1 14 100 -136 90 -1 0 0 0 1 0 0 0 -1 3023.dat
1 14 100 -136 30 -1 0 0 0 1 0 0 0 -1 3023.dat
1 4 100 -144 30 -1 0 0 0 1 0 0 0 -1 3023.dat
1 4 100 -144 90 -1 0 0 0 1 0 0 0 -1 3023.dat
1 15 100 -152 60 0 0 1 0 1 0 -1 0 0 3020.dat
1 0 110 -160 70 0 0 1 0 1 0 -1 0 0 4073.dat
1 14 -150 -160 100 0 0 1 0 1 0 -1 0 0 3023.dat
1 15 -80 -144 50 1 0 0 0 1 0 0 0 1 3008.dat
1 15 100 -144 10 1 0 0 0 1 0 0 0 1 3008.dat
1 4 -100 -168 50 1 0 0 0 1 0 0 0 1 4445.dat
1 4 120 -168 10 1 0 0 0 1 0 0 0 1 4445.dat
1 4 20 -168 10 1 0 0 0 1 0 0 0 1 3039.dat
1 4 -10 -168 50 1 0 0 0 1 0 0 0 1 3040b.dat
1 4 10 -168 80 0 0 -1 0 1 0 1 0 0 3009.dat
1 4 10 -192 130 1 0 0 0 1 0 0 0 1 3005.dat
1 4 -170 -168 100 0 0 -1 0 1 0 1 0 0 3010.dat
1 4 190 -168 60 0 0 -1 0 1 0 1 0 0 3010.dat
1 4 10 -192 60 0 0 -1 0 1 0 1 0 0 3004.dat
1 4 -170 -192 110 0 0 -1 0 1 0 1 0 0 3622.dat
1 4 190 -192 70 0 0 -1 0 1 0 1 0 0 3622.dat
1 4 -170 -192 70 1 0 0 0 1 0 0 0 1 3040b.dat
1 4 10 -192 30 1 0 0 0 1 0 0 0 1 3040b.dat
1 4 10 -192 100 0 0 1 0 1 0 -1 0 0 3660.dat
1 4 120 -192 30 1 0 0 0 1 0 0 0 1 3039.dat
1 4 170 -192 30 1 0 0 0 1 0 0 0 1 3038.dat
1 4 -40 -192 70 1 0 0 0 1 0 0 0 1 3037.dat
1 46 -10 -200 110 1 0 0 0 1 0 0 0 1 4073.dat
1 4 -170 -216 120 0 0 -1 0 1 0 1 0 0 3004.dat
1 4 190 -216 80 0 0 -1 0 1 0 1 0 0 3004.dat
1 4 10 -216 100 0 0 -1 0 1 0 1 0 0 3010.dat
1 4 -170 -216 90 1 0 0 0 1 0 0 0 1 3040b.dat
1 4 10 -216 50 1 0 0 0 1 0 0 0 1 3040b.dat
1 4 180 -216 50 1 0 0 0 1 0 0 0 1 3039.dat
1 15 -250 -24 20 0 0 -1 0 1 0 1 0 0 3039.dat
1 15 -270 -24 20 0 0 1 0 1 0 -1 0 0 3039.dat
1 4 130 -216 50 1 0 0 0 1 0 0 0 1 3038.dat
1 4 -40 -216 90 1 0 0 0 1 0 0 0 1 3037.dat
1 4 -40 -240 110 1 0 0 0 1 0 0 0 1 3037.dat
1 4 170 -240 70 1 0 0 0 1 0 0 0 1 3038.dat
1 4 120 -240 70 1 0 0 0 1 0 0 0 1 3039.dat
1 4 -170 -240 110 1 0 0 0 1 0 0 0 1 3040b.dat
1 4 10 -240 70 1 0 0 0 1 0 0 0 1 3040b.dat
1 4 -170 -240 130 0 0 -1 0 1 0 1 0 0 3665.dat
1 4 10 -240 90 0 0 -1 0 1 0 1 0 0 3665.dat
1 4 10 -240 130 0 0 1 0 1 0 -1 0 0 3665.dat
1 4 190 -240 90 0 0 1 0 1 0 -1 0 0 3665.dat
1 4 10 -240 110 0 0 1 0 1 0 -1 0 0 3005.dat
1 15 -120 -240 110 1 0 0 0 1 0 0 0 1 4447.dat
1 15 60 -240 70 1 0 0 0 1 0 0 0 1 4447.dat
1 47 -120 -240 110 1 0 0 0 1 0 0 0 1 4448.dat
1 47 60 -240 70 1 0 0 0 1 0 0 0 1 4448.dat
1 4 -260 -48 -110 1 0 0 0 1 0 0 0 1 3185.dat
1 4 -180 -48 -110 1 0 0 0 1 0 0 0 1 3185.dat
1 4 -100 -48 -110 1 0 0 0 1 0 0 0 1 3185.dat
1 4 10 -48 -60 0 0 -1 0 1 0 1 0 0 3185.dat
1 4 60 -48 -110 -1 0 0 0 1 0 0 0 -1 3185.dat
1 4 260 -48 -110 -1 0 0 0 1 0 0 0 -1 3185.dat
1 4 10 -48 -110 0 0 -1 0 1 0 1 0 0 3187.dat
1 4 170 -48 -110 0 0 -1 0 1 0 1 0 0 3187.dat
1 4 10 -48 -110 0 0 -1 0 1 0 1 0 0 3186.dat
1 4 170 -48 -110 0 0 -1 0 1 0 1 0 0 3186.dat
1 14 200 -24 -110 -1 0 0 0 1 0 0 0 -1 3004.dat
1 7 -290 -24 90 -1 0 0 0 1 0 0 0 -1 3062b.dat
1 15 -260 -32 20 -1 0 0 0 1 0 0 0 -1 3020.dat
1 15 -260 -8 60 1 0 0 0 1 0 0 0 1 4079.dat
1 15 -260 -8 -20 -1 0 0 0 1 0 0 0 -1 4079.dat
1 4 -140 -264 120 -1 0 0 0 1 0 0 0 -1 3041.dat
1 4 -60 -264 120 -1 0 0 0 1 0 0 0 -1 3041.dat
1 4 40 -264 80 -1 0 0 0 1 0 0 0 -1 3041.dat
1 4 120 -264 80 -1 0 0 0 1 0 0 0 -1 3041.dat
1 14 0 -264 120 -1 0 0 0 1 0 0 0 -1 3003.dat
1 14 180 -264 80 -1 0 0 0 1 0 0 0 -1 3003.dat
1 14 180 -288 80 -1 0 0 0 1 0 0 0 -1 3003.dat
1 14 0 -288 120 -1 0 0 0 1 0 0 0 -1 3003.dat
1 0 -290 -40 10 -1 0 0 0 1 0 0 0 -1 4073.dat
1 8 240 -48 0 -1 0 0 0 1 0 0 0 -1 2439.dat
1 8 240 -56 0 -1 0 0 0 1 0 0 0 -1 4740.dat
1 15 -290 -124 90 -1 0 0 0 1 0 0 0 -1 3960p04.dat
1 7 -290 -32 90 -1 0 0 0 1 0 0 0 -1 3957a.dat
1 14 200 -72 -100 1 0 0 0 1 0 0 0 1 4345ap03.dat
1 15 206 -40 -104 0 0 1 0 1 0 -1 0 0 3069bp01.dat
1 15 200 -48 -104 0 0 1 0 1 0 -1 0 0 3069bp01.dat
1 15 194 -56 -104 0 0 1 0 1 0 -1 0 0 3069bp01.dat
1 14 200 -72 -100 1 0 0 0 1 0 0 0 1 4346p03.dat
1 1 -130 0 10 0.92388 0 0.382683 0 1 0 -0.382683 0 0.92388 3741c01.dat
1 14 70 0 -50 -1 0 0 0 1 0 0 0 -1 3741c01.dat
1 47 -250 -72 10 1 0 0 0 1 0 0 0 1 2343.dat
1 47 -270 -72 30 1 0 0 0 1 0 0 0 1 2343.dat
1 47 20 -19 -230 1 0 0 0 1 0 0 0 1 smallcar.ldr
1 47 -260 -80 60 1 0 0 0 1 0 0 0 1 female.ldr
1 0 0 -296 120 1 0 0 0 1 0 0 0 1 3022.dat
1 0 180 -296 80 1 0 0 0 1 0 0 0 1 3022.dat
0
0 FILE smallcar.ldr
0 New Model
0 Name: smallcar.ldr
0 Author: MLCad
0 Unofficial Model
0 ROTATION CENTER 0 0 0 1 "Custom" 
0 ROTATION CONFIG 0 0
1 1 0 0 0 0 0 1 0 1 0 -1 0 0 2441.dat
1 1 40 -8 0 0 0 1 0 1 0 -1 0 0 3023.dat
1 15 0 0 -30 1 0 0 0 1 0 0 0 1 3623.dat
1 15 0 0 30 1 0 0 0 1 0 0 0 1 3623.dat
1 1 -50 -8 0 1 0 0 0 1 0 0 0 1 3022.dat
1 1 80 0 0 0 0 1 0 1 0 -1 0 0 3023.dat
1 36 80 0 -30 0 0 1 0 1 0 -1 0 0 3024.dat
1 36 80 0 30 0 0 1 0 1 0 -1 0 0 3024.dat
1 15 80 -8 -10 -1 0 0 0 1 0 0 0 -1 2420.dat
1 15 80 -8 10 0 0 -1 0 1 0 1 0 0 2420.dat
1 1 80 -16 0 0 0 -1 0 1 0 1 0 0 3710.dat
1 1 80 -24 0 0 0 -1 0 1 0 1 0 0 3710.dat
1 15 -20 0 0 0 0 1 0 1 0 -1 0 0 3829c01.dat
1 1 -50 -24 0 0 0 1 0 1 0 -1 0 0 3788.dat
1 1 50 -24 0 0 0 1 0 1 0 -1 0 0 3788.dat
1 1 -20 -24 -30 0 0 1 0 1 0 -1 0 0 3822.dat
1 1 -20 -24 30 0 0 1 0 1 0 -1 0 0 3821.dat
1 1 -40 -24 0 0 0 1 0 1 0 -1 0 0 3023.dat
1 1 -60 -24 0 0 0 1 0 1 0 -1 0 0 2436a.dat
1 41 -20 -72 0 0 0 1 0 1 0 -1 0 0 3823.dat
1 41 60 -72 0 0 0 -1 0 1 0 1 0 0 3823.dat
1 15 -82 -14 0 0 1 0 0 0 1 1 0 0 2412a.dat
1 46 -82 -14 30 0 1 0 0 0 1 1 0 0 3024.dat
1 46 -82 -14 -30 0 1 0 0 0 1 1 0 0 3024.dat
1 1 60 -80 0 0 0 1 0 1 0 -1 0 0 4315.dat
1 1 10 -80 0 0 0 1 0 1 0 -1 0 0 2349.dat
1 41 -6 -76 0 0 0 1 0 1 0 -1 0 0 2348b.dat
1 15 -50 5 -30 1 0 0 0 1 0 0 0 1 4624.dat
1 15 50 5 -30 1 0 0 0 1 0 0 0 1 4624.dat
1 15 50 5 30 -1 0 0 0 1 0 0 0 -1 4624.dat
1 15 -50 5 30 -1 0 0 0 1 0 0 0 -1 4624.dat
1 0 -50 5 30 -1 0 0 0 1 0 0 0 -1 3641.dat
1 0 50 5 30 -1 0 0 0 1 0 0 0 -1 3641.dat
1 0 50 5 -30 1 0 0 0 1 0 0 0 1 3641.dat
1 0 -50 5 -30 1 0 0 0 1 0 0 0 1 3641.dat
1 0 18 -45 0 0 0 1 0 1 0 -1 0 0 male.ldr
0
0 FILE male.ldr
0 New Minifig Model
0 Name: male.ldr
0 Author: MLCad
0 Unofficial Model
0 ROTATION CENTER 0 0 0 1 "Custom" 
0 ROTATION CONFIG 0 0
1 15 0 -24 0 1 0 0 0 1 0 0 0 1 4485.dat
1 14 0 -24 0 1 0 0 0 1 0 0 0 1 3626ap01.dat
1 0 0 0 0 1 0 0 0 1 0 0 0 1 973p28.dat
1 7 0 32 0 1 0 0 0 1 0 0 0 1 3815.dat
1 0 -15.552 9 0 0.985 -0.130228 -0.109274 0.17 0.754554 0.633146 0 -0.642788 0.766044 3818.dat
1 0 15.552 9 0 0.985 0.130228 0.109274 -0.17 0.754554 0.633146 0 -0.642788 0.766044 3819.dat
1 14 -21.9894 15.7375 -19.9657 0.985 -0.169328 0.0148142 0.17 0.981104 -0.0858354 0 0.0871426 0.996044 3820.dat
1 14 21.9894 15.7375 -19.9657 0.985 0.169328 -0.0148142 -0.17 0.981104 -0.0858354 0 0.0871426 0.996044 3820.dat
1 7 0 44 0 1 0 0 0 0 1 0 -1 0 3816.dat
1 7 0 44 0 1 0 0 0 0 1 0 -1 0 3817.dat
0
0 FILE female.ldr
0 New Minifig Model
0 Name: female.ldr
0 Author: MLCad
0 Unofficial Model
0 ROTATION CENTER 0 0 0 1 "Custom" 
0 ROTATION CONFIG 0 0
1 6 0 -4.835 12.744 1 0 0 0 0.997564 0.0697565 0 -0.0697565 0.997564 4530.dat
1 14 0 -4.835 12.744 1 0 0 0 0.997564 0.0697565 0 -0.0697565 0.997564 3626bp01.dat
1 15 0 19.108 11.069 1 0 0 0 0.997564 0.0697565 0 -0.0697565 0.997564 973p1e.dat
1 4 0 51.029 8.836 1 0 0 0 0.997564 0.0697565 0 -0.0697565 0.997564 3815.dat
1 4 -15.552 28.085 10.442 0.985 -0.139256 -0.097508 0.169586 0.764889 0.620738 -0.0118586 -0.628463 0.777746 3818.dat
1 4 15.552 28.085 10.442 0.985 0.139256 0.097508 -0.169586 0.764889 0.620738 0.0118586 -0.628463 0.777746 3819.dat
1 14 -22.28 35.148 -9.315 0.985 -0.167392 0.0295157 0.169586 0.979638 -0.101915 -0.0118586 0.105543 0.99419 3820.dat
1 14 22.28 35.148 -9.315 0.985 0.167392 -0.0295157 -0.169586 0.979638 -0.101915 0.0118586 0.105543 0.99419 3820.dat
1 4 0 63 8 1 0 0 0 0 1 0 -1 0 3816.dat
1 4 0 63 8 1 0 0 0 0 1 0 -1 0 3817.dat
0 
0
0
