0 untitled model
0 Name: 
0 Author: Noah Pottle
0 Unofficial Model
1   1   -24.363958     8.000000    22.393402     0.000000     0.000000    -1.000000     0.000000     1.000000     0.000000     1.000000     0.000000    -0.000000 3034.dat
1   1   -24.363960    38.449753   -67.278175     0.000000    -0.000000     1.000000    -1.000000     0.000000    -0.000000     0.000000    -1.000000     0.000000 3938.dat
1   0   -24.363956    16.000000   -37.606598     1.000000     0.000000     0.000000     0.000000     1.000000     0.000000     0.000000     0.000000     1.000000 2817.dat
1   0   -24.363958    16.000000    22.393402     1.000000     0.000000     0.000000     0.000000     1.000000    -0.000000     0.000000    -0.000000     1.000000 2817.dat
1   0   -24.363968    16.000000    82.393394     1.000000     0.000000     0.000000     0.000000     1.000000     0.000000     0.000000     0.000000     1.000000 2817.dat
1   7    -4.363958    27.000000   -37.606598     1.000000     0.000000     0.000000     0.000000     1.000000     0.000000     0.000000     0.000000     1.000000 3673.dat
1   7    -4.363956    27.000000    22.393404     1.000000     0.000000     0.000000     0.000000     1.000000     0.000000     0.000000     0.000000     1.000000 3673.dat
1   7   -44.363953    27.000000   -37.606598     1.000000     0.000000     0.000000     0.000000     1.000000     0.000000     0.000000     0.000000     1.000000 3673.dat
1   7   -44.363960    27.000000    22.393402     1.000000     0.000000     0.000000     0.000000     1.000000     0.000000     0.000000     0.000000     1.000000 3673.dat
1   7   -44.363953    27.000000    82.393394     1.000000     0.000000     0.000000     0.000000     1.000000     0.000000     0.000000     0.000000     1.000000 3673.dat
1   7    -4.363955    27.000000    82.393387     1.000000     0.000000     0.000000     0.000000     1.000000     0.000000     0.000000     0.000000     1.000000 3673.dat
1   0   -24.363956     0.000000    92.393410     1.000000     0.000000     0.000000     0.000000     1.000000     0.000000     0.000000     0.000000     1.000000 3023.dat
1  15   -24.363956     0.000000   -17.606598     1.000000     0.000000     0.000000     0.000000     1.000000     0.000000     0.000000     0.000000     1.000000 3022.dat
1   0   -24.363956   -56.000000    92.393402     1.000000     0.000000     0.000000     0.000000     1.000000     0.000000     0.000000     0.000000     1.000000 2452.dat
1  15   -24.363956     0.000000   -47.606594     1.000000     0.000000     0.000000     0.000000     1.000000     0.000000     0.000000     0.000000     1.000000 2452.dat
1  15   -24.363960    38.449745   -59.278168     0.000000    -0.000000     1.000000    -1.000000     0.000000    -0.000000     0.000000    -1.000000     0.000000 4276b.dat
1  15   -24.363956    -8.000000    92.393410    -1.000000     0.000000    -0.000000     0.000000     1.000000     0.000000    -0.000000     0.000000    -1.000000 3069bp13.dat
1   1   -24.363958   -24.000000    -7.606597     1.000000    -0.000000     0.000000    -0.000000     1.000000    -0.000000     0.000000     0.000000     1.000000 3298p61.dat
1   0   -24.363958     0.000000    32.393402     1.000000    -0.000000    -0.000000     0.000000     1.000000    -0.000000    -0.000000     0.000000     1.000000 4598.dat
1   1   -24.363953    38.000000   -92.606598    -1.000000     0.000000    -0.000000     0.000000    -0.000000     1.000000     0.000000     1.000000    -0.000000 2440p68.dat
1  15   -54.363953    27.000000    82.393402    -0.000000     0.000000     1.000000     0.707107     0.707107    -0.000000    -0.707107     0.707107     0.000000 6118.dat
1  15   -54.363953    27.000000    22.393402    -0.000000     0.000000     1.000000     0.000000     1.000000     0.000000    -1.000000     0.000000     0.000000 6118.dat
1  15   -54.363953    27.000000   -37.606598    -0.000000     0.000000     1.000000    -0.707107     0.707107     0.000000    -0.707107    -0.707107     0.000000 6118.dat
1  15     5.636047    27.000000   -37.606598     0.000000     0.000000    -1.000000     0.000000     1.000000     0.000000     1.000000     0.000000    -0.000000 6118.dat
1  15     5.636047    27.000000    22.393402     0.000000     0.000000    -1.000000     0.000000     1.000000     0.000000     1.000000     0.000000    -0.000000 6118.dat
1  15     5.636047    27.000000    82.393402     0.000000     0.000000    -1.000000     0.000000     1.000000     0.000000     1.000000     0.000000    -0.000000 6118.dat
1  15   -24.363953   -32.000000    -7.606590    -1.000000    -0.000000    -0.000000    -0.000000     1.000000    -0.000000    -0.000000    -0.000000    -1.000000 3069bp61.dat
1   1   -24.363953   -16.000000   102.393402     0.000000     0.000000     1.000000     0.000000     1.000000    -0.000000    -1.000000     0.000000    -0.000000 3021.dat
1   0   -24.363953   -24.000000    82.393402     1.000000    -0.000000     0.000000     0.000000     1.000000     0.000000    -0.000000    -0.000000     1.000000 4590.dat
1  15   -24.363953   -32.000000    82.393402     1.000000    -0.000000     0.000000     0.000000     1.000000     0.000000    -0.000000    -0.000000     1.000000 3023.dat
1  15   -24.363953   -40.000000    82.393402     1.000000    -0.000000     0.000000     0.000000     1.000000     0.000000    -0.000000    -0.000000     1.000000 2436a.dat
1  15   -24.363953   -40.000000   102.393402    -1.000000     0.000000    -0.000000     0.000000     1.000000     0.000000     0.000000     0.000000    -1.000000 3039pc1.dat
1   1   -14.363953   -48.000000    92.393402    -0.000000     0.000000     1.000000    -0.000000     1.000000    -0.000000    -1.000000     0.000000     0.000000 3794a.dat
1   1   -34.363953   -48.000000    92.393402    -0.000000     0.000000     1.000000    -0.000000     1.000000    -0.000000    -1.000000     0.000000     0.000000 3794a.dat
1  38   -54.363953    -8.000000    92.393402     1.000000    -0.000000    -0.000000     0.000000     1.000000     0.000000    -0.000000    -0.000000     1.000000 6120.dat
1  38     5.636047    -8.000000    92.393402     1.000000    -0.000000    -0.000000     0.000000     1.000000     0.000000    -0.000000    -0.000000     1.000000 6120.dat
1   0   -54.363953   -38.000000    92.393402     1.000000    -0.000000    -0.000000     0.000000    -0.000000    -1.000000     0.000000     1.000000     0.000000 4349.dat
1   0   -24.363953   -71.000000    96.393402    -0.000000     0.000000    -1.000000     0.707107    -0.707107     0.000000    -0.707107    -0.707107    -0.000000 4531.dat
1  15   -24.363953   -81.000000    88.393402    -0.000000     0.000000    -1.000000     0.707107    -0.707107    -0.000000    -0.707107    -0.707107    -0.000000 3960.dat
1  38   -24.363953   -93.000000    76.393402    -0.000000     0.000000    -1.000000     0.707107    -0.707107    -0.000000    -0.707107    -0.707107    -0.000000 4589.dat
1   1    96.636047    16.000000    32.393402     1.000000    -0.000000    -0.000000     0.000000     1.000000    -0.000000    -0.000000     0.000000     1.000000 3815.dat
1   0   116.636047    28.000000    32.393402     1.000000    -0.000000    -0.000000     0.000000     1.000000    -0.000000    -0.000000     0.000000     1.000000 3816.dat
1   0    76.636047    28.000000    32.393402     1.000000    -0.000000    -0.000000     0.000000     1.000000    -0.000000    -0.000000     0.000000     1.000000 3817.dat
1   0    96.636040   -16.000000    32.393402     1.000000    -0.000000    -0.000000     0.000000     1.000000    -0.000000    -0.000000     0.000000     1.000000 973p61.dat
1  15    95.636040   -16.000000    32.393402     1.000000    -0.000000    -0.000000     0.000000     1.000000    -0.000000    -0.000000     0.000000     1.000000 3838.dat
1  14    98.636040   -44.000000    32.393402     1.000000    -0.000000    -0.000000     0.000000     1.000000    -0.000000    -0.000000     0.000000     1.000000 3626bp61.dat
1  15    96.636040   -44.000000    32.393402     1.000000    -0.000000    -0.000000     0.000000     1.000000    -0.000000    -0.000000     0.000000     1.000000 2446.dat
1  38    96.636040   -44.000000    32.393402     1.000000    -0.000000    -0.000000     0.000000     1.000000    -0.000000    -0.000000     0.000000     1.000000 6119.dat
1  15   113.636040    -7.000000    32.393402     0.965925     0.258819    -0.000000    -0.258819     0.965926    -0.000000    -0.000000     0.000000     1.000000 3819.dat
1  15    79.636040    -8.000000    32.393402     0.965925    -0.258819     0.000000     0.258819     0.965925    -0.000000    -0.000000     0.000000     1.000000 3818.dat
1   1    69.636040    10.000000    23.393402     0.885645    -0.426776     0.183013     0.426776     0.592752    -0.683012     0.183013     0.683012     0.707107 3820.dat
1   1   123.636040    11.000000    23.393402     0.980379    -0.073223    -0.183013    -0.073223     0.726726    -0.683012     0.183013     0.683012     0.707107 3820.dat