0 FILE Alien Space Plane.ldr
0 Alien Space Plane
0 Name: Alien Space Plane.ldr
0 Author: LDraw
0 Unofficial Model
0 ROTATION CENTER 0 0 0 1 "Custom" 
0 ROTATION CONFIG 0 0
1 0 -20 8 0 0 0 1 0 1 0 -1 0 0 Pilot.ldr
1 0 -12.912 40 -141.904 -0.382683 0 0.92388 0 1 0 -0.92388 0 -0.382683 Part 1.ldr
0
0 FILE Pilot.ldr
0 Pilot
0 Name: Pilot.ldr
0 Author: LDraw
0 Unofficial Model
0 ROTATION CENTER 0 0 0 1 "Custom" 
0 ROTATION CONFIG 0 0
1 0 0 -24 0 1 0 0 0 1 0 0 0 1 30120.dat
1 38 0 -24 0 1 0 0 0 1 0 0 0 1 3626bp6y.dat
1 7 0 0 0 1 0 0 0 1 0 0 0 1 973p54.dat
1 0 0 32 0 1 0 0 0 1 0 0 0 1 3815.dat
1 4 -15.552 9 0 0.985 -0.17 0 0.17 0.985 0 0 0 1 3818.dat
1 4 15.552 9 0 0.985 0.17 0 -0.17 0.985 0 0 0 1 3819.dat
1 0 -23.8634 26.5956 -10.321 0.985 -0.12019 0.12019 0.17 0.696395 -0.696395 0 0.707 0.707 3820.dat
1 0 23.8634 26.5956 -10.321 0.985 0.12019 -0.12019 -0.17 0.696395 -0.696395 0 0.707 0.707 3820.dat
1 4 0 44 0 1 0 0 0 1 0 0 0 1 3816p6v.dat
1 4 0 44 0 1 0 0 0 1 0 0 0 1 3817p6v.dat
0
0 FILE Part 1.ldr
0 Part 1
0 Name: Part 1.ldr
0 Author: LDraw
0 Unofficial Model
0 ROTATION CENTER 0 0 0 1 "Custom" 
0 ROTATION CONFIG 0 0
1 7 -10 0 0 1 0 0 0 1 0 0 0 1 3474.dat
1 8 -10 -8 -20 -1 0 0 0 1 0 0 0 -1 4859.dat
1 8 -10 -8 30 1 0 0 0 1 0 0 0 1 2419.dat
1 0 -10 -16 10 1 0 0 0 1 0 0 0 1 4598.dat
1 0 -10 8 0 1 0 0 0 1 0 0 0 1 4285a.dat
1 0 20 -24 30 0 0 -1 0 1 0 1 0 0 6019.dat
1 0 -40 -24 30 0 0 1 0 1 0 -1 0 0 6019.dat
1 42 -10 -36 48 1 0 0 0 0 -1 0 1 0 4740.dat
1 42 -60 -22 34 1 0 0 0 0 -1 0 1 0 2569.dat
1 42 40 -22 34 1 0 0 0 0 -1 0 1 0 2569.dat
1 42 -80 -8 -30 1 0 0 0 1 0 0 0 1 4073.dat
1 42 60 -8 -30 1 0 0 0 1 0 0 0 1 4073.dat
1 4 20 -16 30 1 0 0 0 1 0 0 0 1 4073.dat
1 4 -40 -16 30 1 0 0 0 1 0 0 0 1 4073.dat
0
0
