0 FILE untitledmodel
0 Reindeer
0 Name: 30474 - Reindeer.ldr
0 Author: Ash Tetreau [myAphelion]
0 !LDRAW_ORG Model
0 !LICENSE Redistributable under CCAL version 2.0 : see CAreadme.txt

1 15 0 -8 50 1 0 0 0 1 0 0 0 1 3710.dat
1 15 0 -8 30 1 0 0 0 1 0 0 0 1 3710.dat
0 STEP
1 0 30 -16 40 0 0 1 0 1 0 -1 0 0 18649.dat
0 STEP
1 0 -30 -16 40 0 0 1 0 1 0 -1 0 0 18649.dat
1 0 0 -16 50 1 0 0 0 1 0 0 0 1 3023.dat
1 0 0 -16 30 1 0 0 0 1 0 0 0 1 3023.dat
0 STEP
1 2 -30 -24 40 0 0 1 0 1 0 -1 0 0 48336.dat
1 19 -10 -24 40 0 0 1 0 1 0 -1 0 0 3023.dat
1 15 30 -32 40 0 0 -1 0 1 0 1 0 0 99206.dat
0 STEP
1 0 10 -32 40 0 0 1 0 1 0 -1 0 0 3023.dat
1 0 -20 -32 50 -1 0 0 0 1 0 0 0 -1 92280.dat
1 0 -20 -32 30 -1 0 0 0 1 0 0 0 -1 92280.dat
0 STEP
1 15 48 -26 40 0 -1 0 0 0 -1 1 0 0 15573.dat
1 0 48 -26 40 0 -1 0 0 0 1 -1 0 0 54200.dat
0 STEP
1 0 30 -32 30 1 0 0 0 1 0 0 0 1 54200.dat
1 0 30 -32 50 -1 0 0 0 1 0 0 0 -1 54200.dat
1 70 0 -32 50 -1 0 0 0 1 0 0 0 -1 85984.dat
1 70 0 -32 30 1 0 0 0 1 0 0 0 1 85984.dat
0 STEP
1 16 -40 26 24 0 0 1 1 -0.000001 0 0.000001 1 0 leg1
1 16 20 26 24 0 0 1 1 0.000002 0 -0.000002 1 0 leg1
0 STEP
1 16 20 26 56 0 0 -1 1 -0.000001 0 -0.000001 -1 0 leg2
1 16 -40 26 56 0 0 -1 1 0.000003 0 0.000003 -1 0 leg2
0 STEP
1 4 -53 -16.804 50 0.866026 -0.499999 0 0.499999 0.866026 0 0 0 1 15712.dat
1 297 -57 -9.876 50 0.866026 -0.499999 0 0.499999 0.866026 0 0 0 1 85975.dat
1 4 -51.042 -16.091 30 0.984808 -0.173648 0 0.173648 0.984808 0 0 0 1 15712.dat
1 297 -52.431 -8.213 30 0.984808 -0.173648 0 0.173648 0.984808 0 0 0 1 85975.dat
0 STEP
1 19 -54.32 -40.131 40 0 -0.642787 0.766045 0 0.766045 0.642787 -1 0 0.000001 3023.dat
1 0 -49.178 -46.259 40 0 -0.642787 0.766042 0 0.766045 0.642784 -0.999995 0 0.000001 60470b.dat
1 19 -44.035 -52.388 40 0 -0.642787 -0.766045 0 0.766045 -0.642787 1 0 0 48336.dat
0 STEP
1 15 -109.691 -76.242 40 0 0.173653 0.984808 0 0.984807 -0.173653 -1 0 0 99206.dat
0 STEP
1 19 -111.08 -84.12 40 0 0.173653 0.984808 0 0.984807 -0.173653 -1 0 0 3023.dat
1 19 -92.773 -95.472 30 0.984808 0.173653 0 -0.173653 0.984807 0 0 0 1 87087.dat
1 19 -92.774 -95.472 50 -0.984808 0.173653 0 0.173653 0.984807 0 0 0 -1 87087.dat
0 STEP
1 15 -91.037 -85.624 12 0.173653 0 0.984807 0.984807 0 -0.173653 0 1 0 98138p07.dat
1 15 -91.037 -85.624 68 0.984808 0 0.173653 -0.173653 0 0.984807 0 -1 0 98138p07.dat
1 15 -126.376 -67.207 40 0 0.984808 0.173653 0 -0.173653 0.984807 1 0 0 15573.dat
0 STEP
1 0 -94.163 -103.35 40 0 0.173653 -0.984808 0 0.984807 0.173653 1 0 0 44728.dat
1 0 -112.47 -91.999 40 0 0.173653 0.984808 0 0.984807 -0.173653 -1 0 0 3023.dat
1 0 -126.376 -67.207 40 0 0.984808 -0.173652 0 -0.173653 -0.984807 -1 0 -0.000001 54200.dat
0 STEP
1 308 -102.622 -93.735 50 0 0.173653 0.984808 0 0.984807 -0.173653 -1 0 0 11477.dat
1 308 -102.621 -93.735 30 0 0.173653 0.984808 0 0.984807 -0.173653 -1 0 0 11477.dat
0 STEP
1 15 -70.76 -97.322 40 0 -0.984808 0.173653 0 0.173653 0.984807 -1 0 0 2540.dat
1 19 -67.287 -77.626 40 0 -0.984808 -0.173653 0 0.173653 -0.984807 1 0 0 48336.dat
0 STEP
1 70 -62.882 -98.712 50 0.173653 -0.984808 0 0.984807 0.173653 0 0 0 1 2420.dat
1 70 -62.882 -98.712 30 0 -0.984808 0.173653 0 0.173653 0.984807 -1 0 0 2420.dat
0 STEP
1 15 -79.242 -133.905 -10 0 0.173653 -0.984808 0 0.984807 0.173653 1 0 0 53989.dat
1 15 -79.242 -133.905 90 0 0.173653 0.984808 0 0.984807 -0.173653 -1 0 0 53989.dat
0 STEP
1 16 -150 60 60 0 0 1 0 1 0 -1 0 0 present1
0 STEP
1 16 -120 60 0 1 0 0 0 1 0 0 0 1 present2

0 FILE leg1
0 leg1
0 Name: 30474 - leg1.ldr
0 Author: Ash Tetreau [myAphelion]
0 !LDRAW_ORG Model
0 !LICENSE Redistributable under CCAL version 2.0 : see CAreadme.txt

1 15 10 -8 10 1 0 0 0 1 0 0 0 1 99780.dat
1 70 -10 -16 10 -1 0 0 0 1 0 0 0 -1 63868.dat
0 STEP
1 308 10 -8 10 0 0 -1 0 1 0 1 0 0 11477.dat
0 STEP
1 70 -20 -24 10 1 0 0 0 1 0 0 0 1 3070b.dat
1 70 0 -10 -12 1 0 0 0 0 -1 0 1 0 3070b.dat
1 0 20 -10 -4 0 0 1 1 0 0 0 1 0 54200.dat

0 FILE leg2
0 leg2
0 Name: 30474 - leg2.ldr
0 Author: Ash Tetreau [myAphelion]
0 !LDRAW_ORG Model
0 !LICENSE Redistributable under CCAL version 2.0 : see CAreadme.txt

1 15 10 -8 -10 -1 0 0 0 1 0 0 0 -1 99780.dat
1 70 -10 -16 -10 -1 0 0 0 1 0 0 0 -1 63868.dat
0 STEP
1 308 10 -8 -10 0 0 -1 0 1 0 1 0 0 11477.dat
0 STEP
1 70 -20 -24 -10 1 0 0 0 1 0 0 0 1 3070b.dat
1 70 0 -10 12 1 0 0 0 0 1 0 -1 0 3070b.dat
1 0 20 -10 4 0 0 1 -1 0 0 0 -1 0 54200.dat

0 FILE present1
0 present1
0 Name: 30474 - present1.ldr
0 Author: Ash Tetreau [myAphelion]
0 !LDRAW_ORG Model
0 !LICENSE Redistributable under CCAL version 2.0 : see CAreadme.txt

1 4 0 -28 0 1 0 0 0 1 0 0 0 1 3004.dat
1 4 0 -52 0 1 0 0 0 1 0 0 0 1 3004.dat
0 STEP
1 2 0 -60 0 1 0 0 0 1 0 0 0 1 15573.dat
0 STEP
1 4 0 -68 0 1 0 0 0 1 0 0 0 1 15712.dat

0 FILE present2
0 present2
0 Name: 30474 - present2.ldr
0 Author: Ash Tetreau [myAphelion]
0 !LDRAW_ORG Model
0 !LICENSE Redistributable under CCAL version 2.0 : see CAreadme.txt

1 1 0 -28 10 1 0 0 0 1 0 0 0 1 3004.dat
1 1 0 -28 -10 1 0 0 0 1 0 0 0 1 3004.dat
0 STEP
1 15 10 -36 0 0 0 1 0 1 0 -1 0 0 15573.dat
1 15 -10 -36 0 0 0 1 0 1 0 -1 0 0 15573.dat
0 STEP
1 4 -10 -36 0 0 0 -1 0 1 0 1 0 0 54200.dat
1 4 10 -36 0 0 0 1 0 1 0 -1 0 0 54200.dat


