0 3057c
0 Author: marco
0 ROTATION CENTER 0 0 0 1 "Custom" 
0 ROTATION CONFIG 0 0
1 14 -29.5 -15.978 108.799 0 1 0 -0.32483 0 0.945773 0.945773 0 0.32483 6553.dat
1 0 -29 -18.753 118.419 0 0 -1 -0.32483 0.945773 0 0.945773 0.32483 0 32062.dat
1 14 -29 -29.47 146.661 1 0 0 0 -0.998087 -0.0618283 0 0.0618283 -0.998087 32016.dat
1 8 -29 -26.498 186.553 0 0 -1 0.0618283 0.998087 0 0.998087 -0.0618283 0 6587.dat
1 7 -29 -25.69 191.513 -1 0 0 0 0.998087 -0.0618262 0 -0.0618262 -0.998087 32123a.dat
1 14 -69 -26.308 181.532 0 0 1 -0.998087 -0.0618284 0 0.0618284 -0.998087 0 6632.dat
1 8 -69 -26.498 186.553 0 0 -1 0.0618283 0.998087 0 0.998087 -0.0618283 0 6587.dat
1 14 -69 -29.47 146.661 1 0 0 0 -0.998087 -0.0618283 0 0.0618283 -0.998087 32016.dat
1 0 -69 -18.753 118.419 0 0 -1 -0.32483 0.945773 0 0.945773 0.32483 0 32062.dat
1 14 -68.5 -15.978 108.799 0 -1 0 -0.32483 0 -0.945773 0.945773 0 -0.32483 6553.dat
1 7 -69 -25.69 191.513 -1 0 0 0 0.998087 -0.0618262 0 -0.0618262 -0.998087 32123a.dat
1 14 -49 -24.762 206.484 0 0 1 -0.998087 -0.0618284 0 0.0618284 -0.998087 0 32523.dat
1 0 -0.5 -28.571 146.531 0 0 -1 0.0515558 0.99867 0 0.99867 -0.0515558 0 32193.dat
1 0 -49 -28.472 146.599 1 0 0 0 0.998087 0.0618283 0 -0.0618283 0.998087 32073.dat
1 0 -97.2 -28.275 146.73 0 0 1 -0.0602688 0.998182 0 -0.998182 -0.0602688 0 32193.dat
1 0 -49 -24.762 206.484 0 0 1 -0.0618283 0.998087 0 -0.998087 -0.0618283 0 6558.dat
1 0 -9 -40.277 287.598 0 0 -1 0 1 0 1 0 0 32146.dat
1 7 -19 -39.777 287.598 1 0 0 0 1 0 0 0 1 3749.dat
1 14 -49 -45.223 207.751 1 0 0 0 0.998087 0.0618283 0 -0.0618283 0.998087 32310.dat
1 0 -49 -43.487 227.682 1 0 0 0 0.998087 0.0618283 0 -0.0618283 0.998087 4519.dat
1 14 -24 -38.541 307.529 0 -1 0 -0.998087 0 -0.0618282 0.0618282 0 -0.998087 32250.dat
1 14 -48.5 -44.017 227.213 -1 0 0 0 0.998087 -0.061831 0 -0.061831 -0.998087 6536.dat
1 14 -49 -78.465 310.002 1 0 0 0 0.998087 0.0618283 0 -0.0618283 0.998087 4519.dat
1 0 -29 -41.014 267.605 1 0 0 0 0.998087 0.0618283 0 -0.0618283 0.998087 32062.dat
1 14 -34 -38.541 307.529 0 -1 0 -0.998087 0 -0.0618282 0.0618282 0 -0.998087 32056.dat
1 7 -49 -78.465 310.002 0 0 1 -0.0618283 0.998087 0 -0.998087 -0.0618283 0 3713.dat
1 14 -74 -38.541 307.529 0 -1 0 -0.998087 0 -0.0618282 0.0618282 0 -0.998087 32250.dat
1 0 -29 -38.541 307.529 1 0 0 0 0.998087 0.0618283 0 -0.0618283 0.998087 32062.dat
1 14 -64 -38.541 307.529 0 -1 0 -0.998087 0 -0.0618282 0.0618282 0 -0.998087 32056.dat
1 0 -69 -41.014 267.605 1 0 0 0 0.998087 0.0618283 0 -0.0618283 0.998087 32062.dat
1 0 -69 -38.541 307.528 1 0 0 0 0.998087 0.0618283 0 -0.0618283 0.998087 32062.dat
1 7 -79 -39.778 287.567 -1 0 0 0 0.998087 -0.0618281 0 -0.0618281 -0.998087 3749.dat
1 0 -89 -40.277 287.598 0 0 1 -0.0618283 0.998087 0 -0.998087 -0.0618283 0 32146.dat
0
