0 3057_trike
0 Author: marco
0 ROTATION CENTER 0 0 0 1 "Custom" 
0 ROTATION CONFIG 0 0
1 7 79.9998 -238.463 -117.025 -1 0 0 0 0.527214 0.849733 0 0.849733 -0.527214 3749.dat
1 0 49.9999 -238.463 -117.025 0 0 1 0.849733 0.527214 0 -0.527214 0.849733 0 32034.dat
1 7 19.9998 -238.302 -117.714 1 0 0 0 0.849733 0.527214 0 -0.527214 0.849733 3749.dat
1 0 120 -261.767 -85.3657 -1 0 0 0 0.583294 -0.812261 0 -0.812261 -0.583294 32062.dat
1 14 109.5 -262.059 -84.9596 0 0 1 0.583294 0.812262 0 -0.812261 0.583294 0 32039.dat
1 0 89.4998 -256.226 -93.0823 0 -1 0 -0.583294 0 -0.812261 0.812261 0 -0.583294 32062.dat
1 0 89.9999 -238.991 -117.875 -1 0 0 0 -0.527214 -0.849733 0 -0.849733 0.527214 32016.dat
1 0 89.9998 -144.993 -175.019 0 0 1 0.849732 0.527214 0 -0.527214 0.849732 0 3737.dat
1 14 49.9998 -200.489 -141.175 1 0 0 0 0.849732 0.527214 0 -0.527214 0.849732 2905.dat
1 7 89.9998 -69.044 -223.318 1 0 0 0 0.527214 -0.849732 0 0.849732 0.527214 32126.dat
1 0 9.99976 -144.993 -175.019 0 0 1 0.849733 0.527214 0 -0.527214 0.849733 0 3737.dat
1 0 9.9998 -238.991 -117.875 -1 0 0 0 -0.527214 -0.849733 0 -0.849733 0.527214 32016.dat
1 0 9.49984 -256.226 -93.0822 0 -1 0 -0.583294 0 -0.812261 0.812261 0 -0.583294 32062.dat
1 14 -9.50018 -262.059 -84.9596 0 0 -1 0.583294 -0.812261 0 -0.812261 -0.583294 0 32039.dat
1 0 -20.0002 -261.767 -85.3657 -1 0 0 0 0.583294 -0.812261 0 -0.812261 -0.583294 32062.dat
1 7 9.99979 -68.5168 -222.468 -1 0 0 0 -0.527214 -0.849733 0 -0.849733 0.527214 32126.dat
1 8 49.9999 -221.732 -127.994 0 0 1 0.849732 0.527214 0 -0.527214 0.849732 0 6587.dat
1 7 49.9999 -212.971 -132.842 1 0 0 0 0.527214 -0.849733 0 0.849733 0.527214 3713.dat
1 14 50.4999 -225.981 -125.358 -1 0 0 0 -0.849733 0.527214 0 0.527214 0.849733 6632.dat
1 0 49.9999 -191.883 -98.8524 0 0 1 0.849733 0.527214 0 -0.527214 0.849733 0 32062.dat
1 7 69.9999 -51.2858 -233.436 0 0 -1 -0.00235209 0.999997 0 0.999997 0.00235209 0 3713.dat
1 7 50 -51.2859 -233.436 -1 0 0 0 0.999997 0.00235209 0 0.00235209 -0.999997 32073.dat
1 0 40 -51.7859 -233.437 0 0 -1 -0.00235209 0.999997 0 0.999997 0.00235209 0 32146.dat
1 7 25 -51.2859 -233.436 0 0 1 0.00235209 0.999997 0 -0.999997 0.00235209 0 32123a.dat
1 14 89.9999 -93.3727 92.2356 1 0 0 0 0.527216 -0.849732 0 0.849732 0.527216 32184.dat
1 0 50 -103.851 75.3472 -1 0 0 0 -0.527215 -0.849732 0 -0.849732 0.527216 32073.dat
1 0 50 -82.7625 109.336 -1 0 0 0 -0.527215 -0.849732 0 -0.849732 0.527216 32073.dat
1 14 9.99992 -92.7137 93.2978 -1 0 0 0 -0.527216 -0.849732 0 -0.849732 0.527216 32184.dat
1 14 89.9999 -181.865 -82.708 -1 0 0 0 0.527216 0.849732 0 0.849732 -0.527216 6553.dat
1 14 89.9999 -150.26 -30.893 1 0 0 0 -0.583293 -0.812262 0 0.812262 -0.583293 32016.dat
1 0 89.9999 -125.309 -14.2065 0 0 1 -0.812262 0.583293 0 -0.583293 -0.812262 0 32062.dat
1 14 89.9999 -100.808 3.43491 -1 0 0 0 0.849732 -0.527216 0 -0.527216 -0.849732 32016.dat
1 0 89.4999 -80.1438 37.6878 0 -1 0 -0.527216 0 0.849732 -0.849732 0 -0.527215 4519.dat
1 14 70.4999 -80.1438 37.6878 0 0 -1 -0.527215 -0.849732 0 -0.849732 0.527215 0 32039.dat
1 0 50 -80.5686 37.9514 1 0 0 0 -0.849732 -0.527215 0 0.527215 -0.849732 4519.dat
1 14 54.9999 -79.8789 38.1137 0 1 0 -0.527215 0 -0.849732 -0.849732 0 0.527216 6632.dat
1 8 51.9999 -114.132 58.7775 1 0 0 0 -0.527216 0.849732 0 -0.849732 -0.527216 6587.dat
1 14 59.9999 -145.765 7.79352 0 1 0 -0.849732 0 0.527216 0.527216 0 0.849732 2825.dat
1 0 51.9999 -146.19 8.0571 1 0 0 0 -0.849732 -0.527215 0 0.527215 -0.849732 32062.dat
1 14 39.9999 -145.765 7.79358 0 -1 0 0.849732 0 0.527216 -0.527216 0 0.849732 2825.dat
1 14 74.9999 -93.0432 92.7668 0 -1 0 -0.527216 0 0.849732 -0.849732 0 -0.527216 2905.dat
1 14 100.5 -71.9546 126.756 0 -1 0 -0.849732 0 -0.527215 0.527215 0 -0.849732 6553.dat
1 0 99.4999 -88.9492 137.3 0 -1 0 0.849732 0 0.527215 -0.527215 0 0.849732 4519.dat
1 14 99.5 -112.54 151.82 0 -1 0 0.849732 0 0.527215 -0.527215 0 0.849732 72706.dat
1 14 -0.5 -112.54 151.82 0 -1 0 0.849732 0 0.527215 -0.527215 0 0.849732 72706.dat
1 14 99.4999 -84.7006 134.664 1 0 0 0 -0.849732 -0.527215 0 0.527215 -0.849732 32250.dat
1 14 44.9999 -79.879 38.1137 0 1 0 -0.527215 0 -0.849732 -0.849732 0 0.527215 6632.dat
1 14 24.9999 -93.0432 92.7668 0 -1 0 -0.527216 0 0.849732 -0.849732 0 -0.527216 2905.dat
1 14 -0.50008 -71.9546 126.756 0 1 0 0.849732 0 -0.527215 -0.527215 0 -0.849732 6553.dat
1 0 -0.5 -88.9492 137.3 0 -1 0 0.849732 0 0.527215 -0.527215 0 0.849732 4519.dat
1 14 0.500002 -84.7006 134.664 -1 0 0 0 0.849732 -0.527216 0 -0.527216 -0.849732 32250.dat
1 14 29.4999 -80.1438 37.6878 0 0 1 -0.527216 0.849732 0 -0.849732 -0.527216 0 32039.dat
1 0 9.49994 -80.1438 37.6878 0 -1 0 -0.527216 0 0.849732 -0.849732 0 -0.527216 4519.dat
1 14 9.99993 -58.6303 71.4135 1 0 0 0 0.849732 0.527215 0 -0.527215 0.849732 32014.dat
1 7 9.99994 -84.8095 87.0697 0 0 -1 0.849731 -0.527216 0 -0.527216 -0.849731 0 3749.dat
1 14 9.99995 -100.808 3.43494 -1 0 0 0 0.849732 -0.527216 0 -0.527216 -0.849732 32016.dat
1 0 9.99992 -125.309 -14.2065 0 0 1 -0.812262 0.583293 0 -0.583293 -0.812262 0 32062.dat
1 14 9.99983 -150.26 -30.893 1 0 0 0 -0.583293 -0.812262 0 0.812262 -0.583293 32016.dat
1 14 9.99985 -181.865 -82.7079 -1 0 0 0 0.527216 0.849732 0 0.849732 -0.527216 6553.dat
1 0 50 -181.176 -82.5467 -1 0 0 0 0.849732 -0.527216 0 -0.527216 -0.849732 32073.dat
1 0 24.9999 -181.176 -82.5466 0 1 0 -0.849732 0 0.527216 0.527216 0 0.849732 32250.dat
1 0 64.9999 -181.176 -82.5467 0 1 0 -0.849732 0 0.527216 0.527216 0 0.849732 32249.dat
1 0 49.9999 -160.088 -48.5574 -1 0 0 0 0.849732 -0.527216 0 -0.527216 -0.849732 32062.dat
1 7 49.9999 -160.088 -48.5574 0 0 -1 0.527216 0.849732 0 0.849732 -0.527216 0 3713.dat
1 0 34.9999 -181.176 -82.5467 0 1 0 -0.849732 0 0.527216 0.527216 0 0.849732 32249.dat
1 0 49.9999 -215.166 -61.4581 -1 0 0 0 0.849732 -0.527216 0 -0.527216 -0.849732 32062.dat
1 7 49.9999 -215.166 -61.4581 0 0 -1 0.527216 0.849732 0 0.849732 -0.527216 0 3713.dat
1 0 74.9999 -181.176 -82.5467 0 1 0 -0.849732 0 0.527216 0.527216 0 0.849732 32250.dat
1 14 49.4999 -181.176 -82.5467 1 0 0 0 -0.527216 0.849731 0 -0.849731 -0.527216 6536.dat
1 14 89.9999 -58.6303 71.4135 1 0 0 0 0.849732 0.527215 0 -0.527215 0.849732 32014.dat
1 7 89.9999 -84.8095 87.0697 0 0 -1 0.849732 -0.527216 0 -0.527216 -0.849732 0 3749.dat
1 14 49.9999 -88.9492 137.3 1 0 0 0 -0.527216 0.849732 0 -0.849732 -0.527216 32310.dat
1 47 50.0111 -114.711 106.211 0 0 1 -0.527216 0.849732 0 -0.849732 -0.527216 0 2850.dat
1 3 49.9999 -85.1351 88.7051 1 0 0 0 0.849732 0.527215 0 -0.527215 0.849732 2851.dat
1 7 64.9999 -48.5568 71.4902 0 0 -1 0.0178026 0.999842 0 0.999842 -0.0178026 0 32123a.dat
1 3 49.9999 -59.0551 71.6771 0 0 1 -0.999842 -0.0178027 0 0.0178027 -0.999842 0 2853.dat
1 0 9.99991 -59.555 71.686 1 0 0 0 -0.999842 -0.0178031 0 0.0178031 -0.999842 4519.dat
1 0 -16.0001 -59.0551 71.6771 0 0 1 -0.0178025 0.999842 0 -0.999842 -0.0178025 0 32146.dat
1 7 49.9999 -49.0567 71.4991 0 0 1 -0.430533 0.902575 0 -0.902575 -0.430533 0 2852.dat
1 8 20 -149.263 -31.5548 1 0 0 0 0.940067 0.34099 0 -0.34099 0.940067 32002.dat
1 0 110 -59.0551 71.6771 0 0 -1 0.00730523 0.999973 0 0.999973 -0.00730523 0 32146.dat
1 7 99.9999 -58.5551 71.6734 1 0 0 0 0.999973 0.00731603 0 -0.00731603 0.999973 3749.dat
1 8 79.9999 -149.241 -31.4831 -1 0 0 0 0.969459 -0.245254 0 -0.245254 -0.969459 32002.dat
0
