0 FILE Main.ldr
0 Untitled
0 Name: Main.ldr
0 Author: marco
0 Unofficial Model
0 ROTATION CENTER 0 0 0 1 "Custom" 
0 ROTATION CONFIG 0 0
1 7 0 0 0 0 0 -1 0 1 0 1 0 0 tractor.ldr
1 7 0 0 0 0 0 -1 0 1 0 1 0 0 trailer_complete.ldr
0
0 FILE tractor.ldr
0 tractor
0 ROTATION CENTER 0 0 0 1 "Custom" 
0 ROTATION CONFIG 0 0
1 0 -283.079 -28.3038 -9.99998 0 0.0871558 0.996195 0 0.996195 -0.0871558 -1 0 0 32062.dat
1 14 -223.451 -33.4313 10 0.087156 0 -0.996195 0.996195 0 0.087156 0 -1 0 2825.dat
1 8 -223.408 -33.3332 -7.99997 0 0.0871558 -0.996195 0 0.996195 0.0871558 1 0 0 6587.dat
1 14 -204.026 -35.1308 -10 0 -0.0871551 0.996195 0 -0.996195 -0.0871551 1 0 0 32039.dat
1 0 -183.56 -36.4194 -10 0.996195 0.0871555 0 -0.0871555 0.996195 0 0 0 1 32062.dat
1 14 -163.181 -38.7042 -10 0 0.0871562 -0.996195 0 0.996195 0.0871562 1 0 0 32039.dat
1 8 -143.712 -39.9056 -10 0 0.0871558 -0.996195 0 0.996195 0.0871558 1 0 0 6587.dat
1 0 -103.864 -43.3919 5 -0.0871558 0 -0.996195 -0.996195 0 0.0871559 0 1 0 32249.dat
1 0 -107.351 -83.2397 -10 0 0.0871559 -0.996195 0 0.996195 0.0871559 1 0 0 4519.dat
1 0 -103.864 -43.3919 -25 -0.0871558 0 -0.996195 -0.996195 0 0.0871559 0 1 0 32249.dat
1 0 -103.864 -43.3919 -10 0 0.0871558 -0.996195 0 0.996195 0.0871558 1 0 0 4519.dat
1 14 -104.406 -43.8464 -10 0 0.996195 0.0871555 0 -0.0871554 0.996195 1 0 0 6553.dat
1 0 -103.864 -43.3919 -35 -0.0871558 0 -0.996195 -0.996195 0 0.0871559 0 1 0 32250.dat
1 0 -103.864 -43.3919 15 -0.0871559 0 -0.996195 -0.996195 0 0.0871559 0 1 0 32250.dat
1 14 -223.451 -33.4313 -29.9999 -0.0871558 0 -0.996195 -0.996195 0 0.0871559 0 1 0 2825.dat
1 7 -283.179 -27.7038 -9.99999 -0.996195 0.0871559 0 0.0871559 0.996195 0 0 0 -1 3713.dat
1 7 -123.788 -41.6488 20 0 0.0871558 -0.996195 0 0.996195 0.0871558 1 0 0 3749.dat
1 0 -123.788 -41.6488 30 -0.996195 0.0871559 0 0.0871559 0.996195 0 0 0 -1 32146.dat
1 14 -107.394 -83.7378 -9.99999 0 0.996195 0.0871561 0 -0.087156 0.996195 1 0 0 32016.dat
1 0 -263.255 -29.8469 -9.99997 0 0 -1 0 1 0 1 0 0 32073.dat
1 0 -263.255 -29.847 30.2 -1 0 0 0 1 0 0 0 -1 32193.dat
1 0 -263.255 -29.847 -50 1 0 0 0 1 0 0 0 1 32193.dat
1 0 -123.788 -41.6488 -50 0.996195 0.0871569 0 -0.0871569 0.996195 0 0 0 1 32146.dat
1 7 -123.788 -41.6488 -40 0 0.0871558 0.996195 0 0.996195 -0.0871558 -1 0 0 3749.dat
1 14 -185.347 -56.8414 -10.001 0 0.0871558 0.996195 0 0.996195 -0.0871558 -1 0 0 32310.dat
1 0 -185.303 -57.0433 -10.001 0 0.0871558 0.996195 0 0.996195 -0.0871558 -1 0 0 32062.dat
1 7 -185.401 -57.464 -10.001 0 0.0871557 0.996195 0 0.996195 -0.0871557 -1 0 0 6536.dat
0 
0
0 FILE trailer_complete.ldr
0 New Model
0 Name: trailer_complete.ldr
0 Author: MLCad
0 Unofficial Model
0 ROTATION CENTER 0 0 0 1 "Custom" 
0 ROTATION CONFIG 0 0
1 7 0 0 0 1 0 0 0 1 0 0 0 1 trailer.ldr
1 7 0 0 0 1 0 0 0 1 0 0 0 1 slider.ldr
0
0 FILE trailer.ldr
0 trailer
0 Author: marco
0 ROTATION CENTER 0 0 0 1 "Custom" 
0 ROTATION CONFIG 0 0
1 14 -73.9784 -46.0065 -10 -0.996194 -0.0871582 0 0.0871582 -0.996194 0 0 0 1 6553.dat
1 7 -77.5706 -81.3279 -10 0 -0.996195 -0.0871562 0 0.0871563 -0.996195 1 0 0 32123a.dat
1 0 -46.7508 -79.0052 -9.49998 -0.996195 0 0.0871555 0.0871555 0 0.996195 0 1 0 32062.dat
1 14 -16.8649 -81.6198 -9.99999 0 -0.0871545 0.996195 0 -0.996195 -0.0871545 1 0 0 32016.dat
1 7 -56.7128 -78.1336 -9.49998 -0.0871562 0 0.996195 -0.996195 0 -0.0871562 0 -1 0 32126.dat
1 14 54.3951 -45.2599 -30 0 -0.0790279 -0.996872 0 0.996872 -0.0790279 1 0 0 32016.dat
1 0 18.5377 -62.9945 -30 0.890747 -0.454499 0 0.454499 0.890747 0 0 0 1 4519.dat
1 0 164.012 -36.0683 -30 0.996872 -0.0790276 0 0.0790276 0.996872 0 0 0 1 3737.dat
1 0 273.707 -27.8737 -29.9998 0 -0.0790279 0.996872 0 0.996872 0.0790279 -1 0 0 32016.dat
1 14 238.777 -30.1412 10.0001 0.0790279 -0.996872 0 -0.996872 -0.079028 0 0 0 -1 6632.dat
1 0 164.011 -36.0684 10 0.996872 -0.0790276 0 0.0790276 0.996872 0 0 0 1 3737.dat
1 0 273.707 -27.8737 10.0001 0 -0.0790279 0.996872 0 0.996872 0.0790279 -1 0 0 32016.dat
1 14 54.395 -45.2599 9.99997 0 -0.0790279 -0.996872 0 0.996872 -0.0790279 1 0 0 32016.dat
1 0 18.5377 -62.9945 9.99993 0.890747 -0.454499 0 0.454499 0.890747 0 0 0 1 4519.dat
1 14 0.504632 -72.7571 -30 0 0.454499 0.890747 0 -0.890747 0.454499 1 0 0 32039.dat
1 0 -17.3922 -81.6744 -10 0 -0.454499 0.890747 0 0.890747 0.454499 -1 0 0 4519.dat
1 14 0.504696 -72.7571 9.99995 0 0.454499 0.890748 0 -0.890747 0.454499 1 0 0 32039.dat
1 0 273.767 -27.7753 -9.99994 0 0 1 0 1 0 -1 0 0 32073.dat
1 0 273.767 -27.775 -60 1 0 0 0 1 0 0 0 1 32193.dat
1 0 273.767 -27.775 40 -1 0 0 0 1 0 0 0 -1 32193.dat
1 14 66.1199 -29.8353 30 0 0.605154 -0.796109 0 0.796109 0.605154 1 0 0 32184.dat
1 0 78.2038 -13.8175 -10 0 0.605154 0.796109 0 0.796109 -0.605154 -1 0 0 32073.dat
1 0 53.8975 -45.6619 -10 0 0.605154 0.796109 0 0.796109 -0.605154 -1 0 0 32073.dat
1 14 66.1198 -29.8353 -50 0 0.605154 -0.796109 0 0.796109 0.605154 1 0 0 32184.dat
1 7 54.6976 -44.8619 -10 -0.796109 0.605154 0 0.605154 0.796109 0 0 0 -1 3713.dat
0 
0
0 FILE slider.ldr
0 SLIDER
0 ROTATION CENTER 0 0 0 1 "Custom" 
0 ROTATION CONFIG 0 0
1 7 227.774 -81.1697 -69.4985 -0.0790126 0 0.996874 0.996874 0 0.0790125 0 1 0 2736.dat
1 14 226.668 -67.2135 -29.4985 0 0.0790074 -0.996874 0 -0.996874 -0.0790074 -1 0 0 32250.dat
1 0 226.234 -61.7307 -29.4985 -0.0790131 0 -0.996874 0.996874 0 -0.0790131 0 -1 0 32062.dat
1 0 146.484 -68.0517 -29.4985 -0.0790126 0 0.996874 0.996874 0 0.0790125 0 1 0 32062.dat
1 14 223.863 -31.8249 -30.4985 0.996874 -0.0790081 0 0.0790081 0.996874 0 0 0 1 32014.dat
1 14 146.089 -63.0673 10.5015 0.996874 0.0790126 0 0.0790126 -0.996874 0 0 0 -1 6632.dat
1 0 145.985 -68.0912 10.0015 -0.0790127 0 0.996874 0.996874 0 0.0790127 0 1 0 32062.dat
1 14 226.629 -66.7151 10.5015 0 -0.0790126 -0.996874 0 0.996874 -0.0790126 1 0 0 32250.dat
1 14 227.419 -76.6838 9.50157 0 -0.0790126 -0.996874 0 0.996873 -0.0790126 1 0 0 32056.dat
1 0 226.234 -61.7307 9.50159 -0.0790132 0 -0.996874 0.996874 0 -0.0790132 0 -1 0 32062.dat
1 14 223.863 -31.825 9.50159 -0.996874 -0.0790126 0 -0.0790126 0.996874 0 0 0 -1 32014.dat
1 7 186.358 -64.8912 9.50159 0.0790127 0 0.996874 -0.996874 0 0.0790126 0 -1 0 3749.dat
1 7 186.359 -64.8912 -29.9984 0.0790127 0 0.996874 -0.996874 0 0.0790127 0 -1 0 3749.dat
1 14 227.379 -76.1854 -29.4984 0 0.0790074 -0.996874 0 -0.996874 -0.0790074 -1 0 0 32056.dat
1 7 227.814 -81.6682 49.5016 -0.0790124 0 0.996874 0.996874 0 0.0790124 0 1 0 2736.dat
1 14 184.487 -34.9455 30.0016 0.0790122 -0.996874 0 -0.996874 -0.079012 0 0 0 -1 6553.dat
1 0 185.277 -44.9142 30.0016 0.0790126 0 0.996874 -0.996874 0 0.0790126 0 -1 0 32062.dat
1 0 184.778 -44.9537 -50.4984 0.0790126 0 0.996874 -0.996874 0 0.0790126 0 -1 0 32062.dat
1 14 185.963 -59.9068 -10.4984 0 0.0790083 0.996874 0 -0.996874 0.0790083 1 0 0 2905.dat
1 14 185.173 -49.9381 -10.4984 0 0.0790059 0.996874 0 -0.996874 0.0790059 1 0 0 2905.dat
1 7 144.612 -38.106 30.0016 0 -0.0790126 0.996874 0 0.996873 0.0790126 -1 0 0 3713.dat
1 14 159.565 -36.9208 -9.99842 0 -0.996874 0.0790126 0 -0.0790126 -0.996874 1 0 0 2905.dat
1 14 183.988 -34.985 -49.9984 0.0790122 -0.996874 0 -0.996874 -0.079012 0 0 0 -1 6553.dat
1 7 144.612 -38.1059 -49.9984 0 -0.0790126 0.996874 0 0.996874 0.0790126 -1 0 0 3713.dat
1 14 137.265 -78.3121 -9.99846 0 -0.0790126 -0.996874 0 0.996874 -0.0790126 1 0 0 6538b.dat
1 0 167.211 -76.4402 -9.99849 -0.996874 -0.0790126 0 -0.0790126 0.996874 0 0 0 -1 4519.dat
1 14 173.153 -75.4677 -9.99849 0 -0.996874 -0.0790128 0 -0.0790128 0.996874 -1 0 0 6632.dat
1 7 154.082 -37.3554 -9.99843 0.996874 -0.0790081 0 0.0790081 0.996874 0 0 0 1 3749.dat
1 0 207.047 -72.7812 -9.99849 0.0790127 0 0.996874 -0.996874 0 0.0790127 0 -1 0 32034.dat
0 
0
0
