0 FILE 30581 C.ldr
0 Untitled
0 Name: 30581 C.ldr
0 Author: marco9999
0 Unofficial Model
0 ROTATION CENTER 0 0 0 1 "Custom" 
0 ROTATION CONFIG 0 0
1 7 0 0 0 1 0 0 0 1 0 0 0 1 30581 fish.ldr
1 7 0 0 0 1 0 0 0 1 0 0 0 1 30581 plant.ldr
0
0 FILE 30581 fish.ldr
0 30581 fish
0 Author: LEGO Digital Designer 4.3
0 ROTATION CENTER 0 0 0 1 "Custom" 
0 ROTATION CONFIG 0 0
1 14 27.9944 -125.289 -80 0 -1 0 1 0 0 0 0 1 25269.dat
1 321 19.9944 -87.2893 -90 1 0 0 0 1 0 0 0 1 24299.dat
1 0 -0.0111602 -151.289 -100 1 0 0 0 1 0 0 0 1 15573.dat
1 320 -0.00558128 -143.289 -100 0 0 -1 0 1 0 1 0 0 3021.dat
1 0 -0.0111765 -151.289 -120 1 0 0 0 1 0 0 0 1 15573.dat
1 4 -0.00559345 -135.289 -100 1 0 0 0 1 0 0 0 1 3004.dat
1 15 -0.00560611 -135.289 -80 -1 0 0 0 1 0 0 0 -1 67329.dat
1 4 -0.00561073 -145.289 -22 -1 0 0 0 0 -1 0 -1 0 85984.dat
1 4 -0.00560892 -145.289 -22 -1 0 0 0 0 -1 0 -1 0 47457.dat
1 4 -0.00560268 -125.289 -38 1 0 0 0 0 1 0 -1 0 3660b.dat
1 4 -0.00561949 -115.289 -62 -1 0 0 0 0 -1 0 -1 0 3176.dat
1 4 -0.00560479 -105.289 -38 -1 0 0 0 0 -1 0 -1 0 3660b.dat
1 4 -0.0055983 -85.2893 -22 1 0 0 0 0 1 0 -1 0 47457.dat
1 15 -0.00560731 -95.2893 -79.9999 1 0 0 0 1 0 0 0 1 35480.dat
1 4 -0.00559523 -135.289 -120 -1 0 0 0 1 0 0 0 -1 18671.dat
1 4 -0.00560267 -127.289 -150 1 0 0 0 1 0 0 0 1 15068.dat
1 320 9.9944 -107.289 -158 0 0 -1 -1 0 0 0 1 0 3023.dat
1 15 -0.00559658 -127.289 -140 1 0 0 0 1 0 0 0 1 67329.dat
1 15 27.994 -107.289 -150 0 -1 0 0 0 -1 1 0 0 14769p0k.dat
1 4 -0.00562114 -107.289 -166 1 0 0 0 0 -1 0 1 0 3680.dat
1 320 -10.0056 -107.289 -158 0 0 -1 -1 0 0 0 1 0 3023.dat
1 15 -28.006 -107.289 -150 0 1 0 -1 0 0 0 0 1 14769p0k.dat
1 4 -0.00559749 -87.2893 -130 1 0 0 0 1 0 0 0 1 3176.dat
1 0 -0.00562137 -95.2893 -110 1 0 0 0 1 0 0 0 1 90194.dat
1 320 -0.00559394 -79.2893 -120 0 0 -1 0 1 0 1 0 0 3021.dat
1 191 -0.0111624 -175.289 -100 1 0 0 0 1 0 0 0 1 50950.dat
1 321 -20.0056 -87.2893 -90 1 0 0 0 1 0 0 0 1 24307.dat
1 14 -28.0056 -125.289 -80 0 1 0 0 0 -1 -1 0 0 25269.dat
1 4 29.9944 -103.289 -110 0 0 -1 0 1 0 1 0 0 43722.dat
1 321 29.9944 -111.289 -100 1 0 0 0 1 0 0 0 1 25269.dat
1 4 -0.00562653 -117.289 -166.001 -1 0 0 0 0 1 0 1 0 85984.dat
1 71 -0.00562385 -107.289 -166.001 1 0 0 0 0 -1 0 1 0 3679.dat
1 4 -0.00562385 -97.2893 -166.001 1 0 0 0 0 -1 0 1 0 85984.dat
1 14 -28.0056 -105.289 -80 0 1 0 0 0 -1 -1 0 0 25269.dat
1 4 -30.0056 -103.289 -110 0 0 1 0 1 0 -1 0 0 43723.dat
1 321 -30.0056 -111.289 -100 0 0 1 0 1 0 -1 0 0 25269.dat
1 14 27.9944 -105.289 -80 0 -1 0 1 0 0 0 0 1 25269.dat
0
0 FILE 30581 plant.ldr
0 30581 plant
0 Author: LEGO Digital Designer 4.3
0 ROTATION CENTER 0 0 0 1 "Custom" 
0 ROTATION CONFIG 0 0
1 27 -108.809 -129.393 -95.8578 0 -0.899219 0.437499 0 0.437499 0.899219 -1 0 0 29120.dat
1 2 -78.6786 -85.7499 -110 -0.309358 -0.899219 0.309358 -0.635844 0.437499 0.635843 -0.707106 0 -0.707107 2423.dat
1 2 -81.4974 -73.2578 -110 0 -0.899219 -0.437498 0 0.437498 -0.899219 1 0 0 11477.dat
1 14 -81.4974 -73.2578 -110 0.437498 -0.899219 0 0.899219 0.437498 0 0 0 1 60478.dat
1 2 -40 -39.2893 -110 0 0 -1 0 1 0 1 0 0 11477.dat
1 0 -0.00558481 -71.2893 -130 1 0 0 0 1 0 0 0 1 15573.dat
1 70 0 -63.2893 -120 0 0 1 0 1 0 -1 0 0 6143.dat
1 28 -20 -39.2893 -120 0 0 1 0 1 0 -1 0 0 60474.dat
1 4 -50 -47.2893 -120 0 0 1 0 1 0 -1 0 0 60470a.dat
1 0 -0.00558406 -71.2893 -110 1 0 0 0 1 0 0 0 1 15573.dat
1 2 -40 -39.2893 -130 0 0 -1 0 1 0 1 0 0 11477.dat
1 2 -79.2524 -74.0842 -130 0 -0.931166 -0.364595 0 0.364595 -0.931166 1 0 0 11477.dat
1 14 -79.2524 -74.0843 -130 0.364595 -0.931166 0 0.931166 0.364595 0 0 0 1 60478.dat
1 2 -75.4491 -86.3127 -130 0.287461 -0.931166 0.224267 0.734168 0.364595 0.572772 -0.615113 0 0.788439 2423.dat
1 27 -85.673 -90.4822 -183.764 0.361846 -0.931166 -0.044685 0.924146 0.364595 -0.114124 0.122561 0 0.992461 29119.dat
1 27 -101.237 -130.232 -150.461 0.044685 -0.931166 0.361846 0.114124 0.364595 0.924146 -0.992461 0 0.122561 29119.dat
1 27 -98.597 -123.49 -185.191 0.287461 -0.931166 0.224267 0.734168 0.364595 0.572772 -0.615112 0 0.78844 29119.dat
1 27 -92.0595 -94.9668 -57.5736 -0.437498 -0.899219 0 -0.899219 0.437498 0 0 0 -1 29120.dat
1 27 -107.527 -126.759 -60.5025 -0.309358 -0.899219 0.309358 -0.635844 0.437499 0.635844 -0.707107 0 -0.707107 29120.dat
0
0
