0 FILE 3784 - main.ldr
0 main
0 Name: 3784 - main.ldr
0 Author: Philippe Hurbain [Philo]
0 !LDRAW_ORG Unofficial_Model
0 !LICENSE Redistributable under CCAL version 2.0 : see CAreadme.txt

0 !THEME Fabuland

1 14 0 9.9912 0.0001 1 0 0 0 0.9976 -0.0698 0 0.0698 0.9976 277.dat
1 4 0 0.0152 -0.6979 1 0 0 0 0.9976 -0.0698 0 0.0698 0.9976 276.dat
1 4 60 35 81 1 0 0 0 1 0 0 0 1 3784 - hugo.ldr
1 0 0.0783 -47.7529 -16.6813 0.6428 0 -0.766 -0.0534 0.9976 -0.0448 0.7642 0.0698 0.6412 4341.dat
1 366 90 -43.3444 21.4347 -1 0 0 0 0.6018 0.7986 0 0.7986 -0.6018 4332.dat
1 4 -0.3016 -49.5083 -16.6837 -0.9903 0 -0.1392 -0.0097 0.9976 0.0691 0.1388 0.0698 -0.9879 3784 - u9212.dat

0 FILE 3784 - hugo.ldr
0 hugo
0 Name: 3784 - hugo.ldr
0 Author: Philippe Hurbain [Philo]
0 !LDRAW_ORG Unofficial_Model
0 !LICENSE Redistributable under CCAL version 2.0 : see CAreadme.txt
0 !THEME Fabuland
1 4 0 -37 4 1 0 0 0 1 0 0 0 1 u9103.dat
1 1 10 -37 4 1 0 0 0 1 0 0 0 1 u9100.dat
1 1 -10 -37 4 1 0 0 0 1 0 0 0 1 u9100.dat
1 14 -23 -63 4 -1 0 0 0 0.9976 0.0698 0 0.0698 -0.9976 u9101.dat
1 14 23 -63 4 1 0 0 0 0.7986 0.6018 0 -0.6018 0.7986 u9101.dat
1 0 0 -37 4 1 0 0 0 1 0 0 0 1 u9102.dat
1 92 0 -67 4 0.9205 0 -0.3907 0 1 0 0.3907 0 0.9205 u9147p01c01.dat

0 FILE 3784 - u9212.dat
0 Fabuland Frying Pan
0 Name: 3784 - u9212.dat
0 Author: Philippe Hurbain [Philo]
0 !LDRAW_ORG Unofficial_Part
0 !LICENSE Redistributable under CCAL version 2.0 : see CAreadme.txt

0 BFC CERTIFY CCW

0 !CATEGORY Figure Accessory

1 16 0 4 0 24.5 0 0 0 4 0 0 0 24.5 48\4-4cylo.dat
0 BFC INVERTNEXT
1 16 0 4 0 20.5 0 0 0 4 0 0 0 20.5 48\4-4cylo.dat
1 16 0 4 0 20.5 0 0 0 -1 0 0 0 20.5 48\4-4disc.dat
1 16 0 8 0 4.1 0 0 0 -1 0 0 0 4.1 48\4-4ring5.dat
1 16 0 4 0 3.075 0 0 0 -1 0 0 0 3.075 48\4-4ring8.dat
1 16 0 4 0 27.675 0 0 0 -1 0 0 0 27.675 48\4-4edge.dat
1 16 0 -16 0 29.9812 0 0 0 -1 0 0 0 29.9812 48\4-4edge.dat
1 16 0 -16 0 2.30625 0 0 0 20 0 0 0 2.30625 48\4-4con12.dat
1 16 0 -16 0 3.74766 0 0 0 1 0 0 0 3.74766 48\4-4ring7.dat
0 BFC INVERTNEXT
1 16 0 -16 0 26.2336 0 0 0 4 0 0 0 26.2336 48\4-4cylo.dat
0 BFC INVERTNEXT
1 16 0 -12 0 2.01797 0 0 0 12 0 0 0 2.01797 48\4-4con12.dat
1 16 0 0 0 24.2156 0 0 0 1 0 0 0 24.2156 48\4-4disc.dat
1 16 0 0 0 24.2156 0 0 0 1 0 0 0 24.2156 48\4-4edge.dat
1 16 0 -12 29.9812 4 0 0 0 0 -4 0 56.0188 0 4-4cyli.dat
1 16 0 -12 29.9812 0 0 -4 -4 0 0 0 -2 0 4-4cyls.dat
1 16 0 -12 86 4 0 0 0 0 -4 0 4 0 4-8sphe.dat
2 24 0 -16 29.9813 1.5308 -15.6956 29.8453
2 24 -1.5308 -15.6956 29.8453 0 -16 29.9813
2 24 -2.8284 -14.8284 29.6598 -1.5308 -15.6956 29.8453
2 24 -2.8284 -14.8284 29.6598 -3.6956 -13.5308 29.453
2 24 -3.6956 -13.5308 29.453 -3.8627 -12.6902 29.345
2 24 -3.8627 -12.6902 29.345 -4 -12 29.2368
2 24 -3.8403 -11.1967 29.1743 -3.6956 -10.4692 29.0999
2 24 -4 -12 29.2368 -3.8403 -11.1967 29.1743
2 24 -3.6956 -10.4692 29.0999 -2.8284 -9.1716 29.0075
2 24 -2.8284 -9.1716 29.0075 -1.5308 -8.3044 28.993
2 24 -1.5308 -8.3044 28.993 0 -8 29.0588
2 24 0 -8 29.0588 1.5308 -8.3044 28.993
2 24 1.5308 -8.3044 28.993 2.8284 -9.1716 29.0075
2 24 3.6956 -10.4692 29.0999 2.8284 -9.1716 29.0075
2 24 4 -12 29.2368 3.8403 -11.1967 29.1743
2 24 3.8403 -11.1967 29.1743 3.6956 -10.4692 29.0999
2 24 3.6956 -13.5308 29.453 3.8627 -12.6902 29.345
2 24 3.8627 -12.6902 29.345 4 -12 29.2368
2 24 2.8284 -14.8284 29.6598 3.6956 -13.5308 29.453
2 24 1.5308 -15.6956 29.8453 2.8284 -14.8284 29.6598

