0 FILE 381.ldr
0 Police Station
0 Name: 381.ldr
0 Author: Lego2Lego
1 0 0 0 0 1 0 0 0 1 0 -0 0 1 police station.ldr
1 0 180 -24 -130 1 0 0 0 1 0 -0 0 1 Telephone.ldr
1 0 80 -48 -50 1 0 0 0 1 0 -0 0 1 Motorcycle.ldr
1 0 -70 -32 -90 1 0 0 0 1 0 -0 0 1 Police car.ldr
1 0 220 -184 210 0 0 1 0 1 0 -1 0 0 Police helicopter.ldr
1 0 170 -72 -60 0 0 1 0 1 0 -1 0 0 motorcycle police.ldr
1 0 -260 -72 -50 1 0 0 0 1 0 -0 0 1 police officer.ldr
1 0 -50 -248 170 0 0 -1 0 1 0 1 0 0 heli handler.ldr
1 36 -20 -211 144 0 -1 0 0 -0 -1 1 0 -0 3062a.dat
1 33 -19 -267 191 0 0 -1 0 1 0 1 0 0 3062a.dat
0 NOFILE
0 FILE Telephone.ldr
0 Telephone
0 Name: Telephone.ldr
0 Author: Lego2Lego
1 15 0 -8 -10 1 0 0 0 1 0 -0 0 1 3022.dat
1 15 0 0 0 1 0 0 0 1 0 -0 0 1 3004.dat
0 STEP
1 15 0 -32 0 1 0 0 0 1 0 -0 0 1 3004.dat
1 15 0 -32 -20 1 0 0 0 1 0 -0 0 1 3004p13.dat
0 STEP
1 15 10 -56 0 1 0 0 0 1 0 -0 0 1 3040a.dat
1 15 -10 -56 0 1 0 0 0 1 0 -0 0 1 3040a.dat
0 STEP
0 NOFILE
0 FILE Motorcycle.ldr
0 motorcycle
0 Name: Motorcycle.ldr
0 Author: Lego2Lego
1 15 0 0 0 0 0 1 0 1 0 -1 0 0 3795.dat
0 STEP
1 15 0 -8 -30 -1 0 0 0 1 0 -0 0 -1 3794a.dat
1 0 0 -8 40 -1 -0 0 -0 1 -0 -0 -0 -1 3020.dat
0 STEP
1 15 30 0 40 -0 -0 -1 -0 1 -0 1 0 -0 3004p18.dat
1 15 -30 0 40 0 0 1 -0 1 -0 -1 -0 0 3004p18.dat
1 15 0 8 -10 -1 -0 0 0 1 0 -0 0 -1 3660.dat
0 STEP
1 47 0 8 40 -1 -0 0 -0 1 0 -0 0 -1 8.dat
1 47 0 8 -40 -1 -0 0 -0 1 0 -0 0 -1 8.dat
1 4 0 30 -40 -1 -0 0 -0 1 0 -0 0 -1 3464.dat
1 4 0 30 40 -1 -0 0 -0 1 0 -0 0 -1 3464.dat
1 256 0 30 40 -0 0 -1 -0 1 0 1 0 -0 3641.dat
1 256 0 30 -40 -0 0 -1 -0 1 0 1 0 -0 3641.dat
1 15 0 32 -10 -1 -0 -0 -0 1 0 0 0 -1 3710.dat
0 STEP
1 0 0 -16 -30 -1 -0 0 -0 1 -0 -0 -0 -1 3024.dat
1 0 0 -24 -30 -1 -0 0 -0 1 -0 -0 -0 -1 3623.dat
0 STEP
1 7 -30 -16 50 -1 -0 0 -0 1 -0 -0 -0 -1 3957b.dat
1 15 30 -32 50 -1 -0 0 -0 1 -0 -0 -0 -1 3062a.dat
1 33 30 -56 50 -1 -0 0 -0 1 -0 -0 -0 -1 3062a.dat
0 STEP
0 NOFILE
0 FILE Police car.ldr
0 Police car
0 Name: Police car.ldr
0 Author: Lego2Lego
1 15 0 0 0 1 0 0 0 1 0 -0 0 1 4212a.dat
0 STEP
1 15 0 -16 -60 1 0 0 0 1 0 -0 0 1 3788.dat
1 15 0 -8 -90 1 0 0 0 1 0 -0 0 1 3710.dat
1 15 0 -8 90 1 0 0 0 1 0 -0 0 1 3710.dat
1 15 30 -8 30 1 0 0 0 1 0 -0 0 1 3024.dat
1 15 -30 -8 30 1 0 0 0 1 0 -0 0 1 3024.dat
0 STEP
1 15 0 -16 60 1 0 0 0 1 0 -0 0 1 3788.dat
1 15 0 -16 90 1 0 0 0 1 0 -0 0 1 3710.dat
1 15 30 -16 30 1 0 0 0 1 0 -0 0 1 3024.dat
1 15 -30 -16 -90 1 0 0 0 1 0 -0 0 1 3024.dat
1 15 -30 -16 30 1 0 0 0 1 0 -0 0 1 3024.dat
1 15 30 -16 -90 1 0 0 0 1 0 -0 0 1 3024.dat
0 STEP
1 15 -30 -24 -30 1 0 0 0 1 0 -0 0 1 3821p02.dat
1 15 30 -24 -30 1 0 0 0 1 0 -0 0 1 3822p02.dat
1 15 0 -16 -70 0 0 1 0 1 0 -1 0 0 3021.dat
0 STEP
1 0 -20 -24 -70 0 0 1 0 1 0 -1 0 0 3021.dat
1 0 20 -24 -70 0 0 1 0 1 0 -1 0 0 3021.dat
1 0 30 -24 60 0 0 1 0 1 0 -1 0 0 3710.dat
1 0 -30 -24 60 0 0 1 0 1 0 -1 0 0 3710.dat
1 0 0 -24 90 1 0 -0 0 1 0 0 0 1 3023.dat
0 STEP
1 0 0 8 60 1 0 -0 0 1 0 0 0 1 122c01.dat
1 0 0 8 -60 1 0 -0 0 1 0 0 0 1 122c01.dat
1 256 31 14 -60 0 0 1 0 1 0 -1 0 0 3641.dat
1 256 31 14 60 0 0 1 0 1 0 -1 0 0 3641.dat
1 256 -31 14 60 0 0 1 0 1 0 -1 0 0 3641.dat
1 256 -31 14 -60 0 0 1 0 1 0 -1 0 0 3641.dat
0 STEP
1 0 0 -32 100 1 0 0 0 1 0 0 0 1 3020.dat
1 0 -30 -32 60 0 0 -1 0 1 0 1 0 0 3023.dat
1 0 30 -32 60 0 0 -1 0 1 0 1 0 0 3023.dat
1 15 0 -8 -30 1 0 0 0 1 0 -0 0 1 3829c01.dat
0 STEP
1 47 0 -72 -30 1 0 0 0 1 0 -0 0 1 3823.dat
1 0 0 -40 110 1 0 0 0 1 0 0 0 1 3710.dat
1 0 30 -40 80 0 0 -1 0 1 0 1 0 0 3023.dat
1 0 -30 -40 80 0 0 -1 0 1 0 1 0 0 3023.dat
0 STEP
1 0 0 -80 -30 1 0 0 0 1 0 0 0 1 3710.dat
1 33 10 -104 -30 1 0 0 0 1 0 0 0 1 3062a.dat
0 STEP
0 NOFILE
0 FILE Police helicopter.ldr
0 Police helicopter
0 Name: Police helicopter.ldr
0 Author: Lego2Lego
1 7 0 0 0 0 0 -1 0 1 0 1 0 0 3460.dat
1 7 100 0 0 0 0 -1 0 1 0 1 0 0 3460.dat
1 7 50 -8 -30 -1 0 -0 0 1 0 0 0 -1 3666.dat
1 7 50 -8 30 -1 0 -0 0 1 0 0 0 -1 3666.dat
0 STEP
1 15 50 -16 0 0 0 -1 0 1 0 1 0 0 3031.dat
0 STEP
1 15 80 -24 -20 0 0 -1 0 1 0 1 0 0 3710.dat
1 15 20 -24 -20 0 0 -1 0 1 0 1 0 0 3710.dat
1 15 50 -24 30 -1 0 -0 0 1 0 0 0 -1 3710.dat
1 15 50 -24 -40 -1 -0 -0 -0 1 -0 0 -0 -1 3022.dat
0 STEP
1 15 70 -48 -50 1 0 0 -0 1 -0 -0 0 1 3660.dat
1 15 30 -48 -50 1 0 0 -0 1 -0 -0 0 1 3660.dat
1 15 50 -48 30 -1 -0 -0 -0 1 -0 0 -0 -1 3660.dat
1 15 80 -48 30 -1 -0 -0 -0 1 -0 0 -0 -1 3665.dat
1 15 20 -48 30 -1 -0 -0 -0 1 -0 0 -0 -1 3665.dat
1 15 20 -48 -30 1 0 0 -0 1 -0 -0 0 1 3821p02.dat
1 15 80 -48 -30 1 0 0 -0 1 -0 -0 0 1 3822p02.dat
0 STEP
1 0 80 -56 -40 0 -0 -1 -0 1 -0 1 0 0 3023.dat
1 0 50 -56 -50 1 0 0 -0 1 -0 -0 0 1 3023.dat
1 0 20 -56 -40 0 -0 -1 -0 1 -0 1 0 0 3023.dat
1 0 50 -56 -70 -1 0 -0 0 1 -0 0 -0 -1 3710.dat
1 0 80 -56 30 -1 -0 -0 -0 1 -0 0 -0 -1 3024.dat
1 0 20 -56 30 -1 -0 -0 -0 1 -0 0 -0 -1 3024.dat
1 0 30 -72 50 -1 -0 -0 -0 1 -0 0 -0 -1 3660.dat
1 0 70 -72 50 -1 -0 -0 -0 1 -0 0 -0 -1 3660.dat
0 STEP
1 47 50 -64 -60 -1 -0 -0 -0 1 -0 0 -0 -1 3020.dat
1 0 50 -80 50 -1 -0 -0 -0 1 -0 0 -0 -1 3023.dat
1 0 80 -80 60 -0 0 1 -0 1 -0 -1 -0 -0 3023.dat
1 0 20 -80 60 -0 0 1 -0 1 -0 -1 -0 -0 3023.dat
0 STEP
1 0 50 -88 50 1 -0 -0 0 1 0 0 -0 1 3710.dat
1 0 80 -88 70 1 -0 -0 0 1 0 0 -0 1 3024.dat
1 0 20 -88 70 1 -0 -0 0 1 0 0 -0 1 3024.dat
0 STEP
1 0 50 -96 70 -1 -0 -0 -0 1 -0 0 -0 -1 3660.dat
1 0 50 -96 50 -1 -0 -0 -0 1 -0 0 -0 -1 3023.dat
1 0 20 -112 50 -1 -0 -0 -0 1 -0 0 -0 -1 3040a.dat
0 STEP
1 47 50 -112 -50 1 0 0 -0 1 -0 -0 0 1 3823.dat
1 0 80 -112 50 -1 -0 -0 -0 1 -0 0 -0 -1 3040a.dat
1 0 50 -104 100 -0 0 1 -0 1 -0 -1 -0 -0 3795.dat
0 STEP
1 15 50 -120 220 1 -0 -0 0 1 0 0 -0 1 3481.dat
1 7 50 -120 220 1 -0 -0 0 1 0 0 -0 1 3480.dat
1 0 50 -120 190 -1 0 0 0 1 0 -0 0 -1 3023.dat
0 STEP
1 0 50 -120 0 -0 0 -1 -0 1 0 1 0 -0 3032.dat
1 0 50 -128 -10 0 0 -1 0 1 0 1 -0 0 3462.dat
1 0 50 -144 210 1 -0 0 0 1 0 -0 -0 1 3039.dat
1 0 50 -144 230 1 -0 0 0 1 0 -0 -0 1 3004.dat
0 STEP
1 0 50 -168 230 1 -0 0 0 1 0 -0 -0 1 3039.dat
1 36 40 -176 230 1 -0 0 0 1 0 -0 -0 1 3024.dat
1 7 36 -120 -66 0.707107 0 -0.707107 0 1 0 0.707107 -0 0.707107 helicopter rotor.ldr
1 0 50 -112 140 -0 0 -1 -0 1 0 1 0 -0 3832.dat
1 0 50 -69 8 1 -0 0 0 1 0 -0 -0 1 helicopter pilot.ldr
0 STEP
0 NOFILE
0 FILE helicopter rotor.ldr
0 helicopter rotor
0 Name: helicopter rotor.ldr
0 Author: Lego2Lego
1 7 50 0 30 1 0 0 0 1 0 -0 0 1 3461.dat
1 7 -40 -28 30 1 0 0 0 1 0 -0 0 1 3460.dat
1 7 140 -28 30 1 0 0 0 1 0 -0 0 1 3460.dat
1 7 50 -28 -60 0 0 -1 0 1 0 1 0 0 3460.dat
1 7 50 -28 120 0 0 -1 0 1 0 1 0 0 3460.dat
0 NOFILE
0 FILE helicopter pilot.ldr
0 helicopter pilot
0 Name: helicopter pilot.ldr
0 Author: Lego2Lego
1 15 0 -24 0 1 0 0 0 1 0 0 0 1 3842a.dat
1 14 0 -24 0 1 0 0 0 1 0 0 0 1 3626BP01.dat
1 0 0 0 0 1 0 0 0 1 0 0 0 1 973P1G.dat
1 0 15.4 8 0 0.985435 0.165003 -0.04114 -0.170055 0.956163 -0.238398 0 0.241922 0.970296 3819.dat
1 14 23.873636 27.700806 -5.106444 0.985435 0.087585 -0.145765 -0.170055 0.507537 -0.844682 0 0.857167 0.515038 3820.dat
1 0 -15.4 8 0 0.985435 -0.090115 -0.144215 0.170055 0.522201 0.835696 0 -0.848048 0.529919 3818.dat
1 14 -20.597218 8.714581 -21.412106 0.985435 -0.165696 -0.038254 0.170055 0.960178 0.221675 0 -0.224951 0.97437 3820.dat
1 0 0 32 0 1 0 0 0 1 0 0 0 1 3815.dat
1 0 0 44 0 1 0 0 0 -0 1 0 -1 -0 3817.dat
1 0 0 44 0 1 0 0 0 -0 1 0 -1 -0 3816.dat
0 NOFILE
0 FILE police station.ldr
0 police station
0 Name: police station.ldr
0 Author: Lego2Lego
1 7 0 0 0 1 0 0 0 1 0 -0 0 1 606p02.dat
1 0 -150 -24 240 0 0 1 0 1 0 -1 0 0 3004.dat
1 0 -310 -24 240 0 0 1 0 1 0 -1 0 0 3004.dat
1 0 -310 -24 140 0 0 1 0 1 0 -1 0 0 3008.dat
1 0 -290 -24 70 0 0 1 0 1 0 -1 0 0 3005.dat
1 0 -180 -24 70 -1 0 0 0 1 0 0 0 -1 3004.dat
1 0 -160 -24 90 -1 0 0 0 1 0 0 0 -1 3004.dat
1 14 -280 -24 230 -1 0 0 0 1 0 0 0 -1 3004.dat
1 14 -280 -24 170 -1 0 0 0 1 0 0 0 -1 3004.dat
1 14 -220 -24 200 -1 -0 0 -0 1 -0 0 -0 -1 3003.dat
1 0 160 -24 230 -1 0 0 0 1 0 0 0 -1 3004.dat
1 0 150 -24 160 0 -0 -1 -0 1 -0 1 0 0 3009.dat
1 0 220 -24 90 -1 0 0 0 1 0 -0 0 -1 3008.dat
1 0 290 -24 160 0 -0 -1 -0 1 -0 1 0 0 3009.dat
1 0 280 -24 230 -1 0 0 0 1 0 0 0 -1 3004.dat
1 14 260 -24 210 -1 0 0 0 1 0 0 0 -1 3004.dat
1 14 260 -24 110 -1 0 0 0 1 0 0 0 -1 3004.dat
0 STEP
1 15 290 -48 160 0 0 1 0 1 0 -1 0 0 3008.dat
1 15 -310 -48 160 0 0 1 0 1 0 -1 0 0 3008.dat
1 15 270 -48 230 0 0 1 0 1 0 -1 0 0 3005.dat
1 15 170 -48 230 0 0 1 0 1 0 -1 0 0 3005.dat
1 14 260 -32 160 0 0 1 0 1 0 -1 0 0 3795.dat
1 15 -190 -48 70 0 0 1 0 1 0 -1 0 0 3005.dat
1 15 -150 -48 90 0 0 1 0 1 0 -1 0 0 3005.dat
1 15 -310 -48 250 0 0 1 0 1 0 -1 0 0 3005.dat
1 15 -150 -48 240 0 0 1 0 1 0 -1 0 0 3004.dat
1 15 -170 -48 80 0 0 1 0 1 0 -1 0 0 3004.dat
1 15 -300 -48 70 -1 0 0 0 1 0 -0 0 -1 3004.dat
1 15 150 -48 160 0 0 1 0 1 0 -1 0 0 3008.dat
1 14 -280 -32 200 0 0 1 0 1 0 -1 0 0 3020.dat
1 14 -280 -40 210 -1 0 0 0 1 0 -0 0 -1 3794a.dat
0 STEP
1 15 160 -72 230 -1 0 0 0 1 0 -0 0 -1 3004.dat
1 15 280 -72 230 -1 0 0 0 1 0 -0 0 -1 3004.dat
1 15 150 -72 160 0 0 1 -0 1 -0 -1 -0 0 3009.dat
1 15 290 -72 160 0 0 1 -0 1 -0 -1 -0 0 3009.dat
1 15 270 -72 90 1 0 -0 0 1 0 0 -0 1 3622.dat
1 15 220 -48 90 1 0 -0 -0 1 -0 0 0 1 3009.dat
1 15 200 -72 90 1 0 -0 0 1 0 0 -0 1 3010.dat
1 15 150 -96 90 1 0 -0 0 1 0 0 -0 1 3581.dat
1 15 -150 -96 90 1 0 -0 0 1 0 0 -0 1 3581.dat
1 4 -290 -64 210 -0 0 -1 0 1 0 1 0 -0 3040p02.dat
1 14 -280 -40 180 0 0 -1 0 1 0 1 -0 0 3068b.dat
1 4 -290 -72 210 0 0 -1 0 1 0 1 -0 0 3069b.dat
1 15 -310 -72 90 -0 0 -1 0 1 0 1 0 -0 3622.dat
1 15 -310 -72 230 -0 0 -1 0 1 0 1 0 -0 3622.dat
1 15 -290 -72 70 0 0 -1 0 1 0 1 -0 0 3005.dat
1 15 -180 -72 70 -1 0 0 0 1 0 -0 0 -1 3004.dat
1 15 -170 -72 90 0 0 -1 0 1 0 1 -0 0 3005.dat
1 15 -150 -72 240 -0 0 -1 0 1 0 1 0 -0 3004.dat
0 STEP
1 15 -290 -96 70 0 0 -1 0 1 0 1 0 0 3005.dat
1 15 -170 -96 70 1 0 0 0 1 0 -0 0 1 3665.dat
1 15 -310 -96 70 1 0 0 0 1 0 -0 0 1 3665.dat
1 15 -310 -96 230 0 0 -1 0 1 0 1 0 0 3622.dat
1 15 170 -96 90 0 0 -1 0 1 0 1 0 0 3005.dat
1 15 -190 -96 70 0 0 -1 0 1 0 1 0 0 3005.dat
1 15 -310 -96 100 -0 0 -1 0 1 0 1 0 -0 3004.dat
1 15 -150 -96 240 -0 0 -1 0 1 0 1 0 -0 3004.dat
1 15 150 -96 220 -0 0 -1 0 1 0 1 0 -0 3004.dat
1 15 290 -96 220 -0 0 -1 0 1 0 1 0 -0 3004.dat
1 15 290 -96 100 -0 0 -1 0 1 0 1 0 -0 3004.dat
1 15 -170 -96 90 0 0 -1 0 1 0 1 0 0 3005.dat
1 15 270 -96 230 0 0 -1 0 1 0 1 0 0 3005.dat
1 15 170 -96 230 0 0 -1 0 1 0 1 0 0 3005.dat
1 15 150 -96 110 0 0 -1 0 1 0 1 0 0 3005.dat
1 15 270 -96 90 0 0 -1 0 1 0 1 0 0 3005.dat
1 14 190 -120 230 -0 0 1 0 1 0 -1 0 -0 3861.dat
0 STEP
1 15 160 -120 230 -1 0 0 0 1 0 -0 0 -1 3004.dat
1 15 280 -120 230 -1 0 0 0 1 0 -0 0 -1 3004.dat
1 15 280 -120 90 -1 0 0 0 1 0 -0 0 -1 3004.dat
1 15 160 -120 90 -1 0 0 0 1 0 -0 0 -1 3004.dat
1 15 -290 -120 70 -1 -0 0 -0 1 -0 -0 -0 -1 3005.dat
1 15 290 -120 210 -1 -0 0 -0 1 -0 -0 -0 -1 3005.dat
1 15 150 -120 210 -1 -0 0 -0 1 -0 -0 -0 -1 3005.dat
1 15 290 -120 110 -1 -0 0 -0 1 -0 -0 -0 -1 3005.dat
1 15 -160 -120 90 -1 0 0 0 1 0 -0 0 -1 3004.dat
1 15 -180 -120 70 -1 0 0 0 1 0 -0 0 -1 3004.dat
1 15 -150 -120 240 -0 0 -1 0 1 0 1 0 -0 3004.dat
1 15 150 -120 110 -1 -0 0 -0 1 -0 -0 -0 -1 3005.dat
1 15 -310 -120 90 -0 -0 -1 -0 1 -0 1 0 -0 3622.dat
1 15 -310 -120 230 -0 -0 -1 -0 1 -0 1 0 -0 3622.dat
1 33 -310 -120 50 -1 -0 0 -0 1 -0 -0 -0 -1 3062a.dat
1 33 -170 -120 50 -1 -0 0 -0 1 -0 -0 -0 -1 3062a.dat
0 STEP
1 14 -210 -120 70 -0.5 -0 -0.866025 -0 1 -0 0.866025 -0 -0.5 3861.dat
1 14 220 -120 90 1 0 0 0 1 0 -0 0 1 3185.dat
1 14 150 -120 160 0 0 1 0 1 0 -1 0 0 3185.dat
1 14 290 -120 160 0 0 1 0 1 0 -1 0 0 3185.dat
1 14 -310 -120 160 0 0 1 0 1 0 -1 0 0 3853.dat
1 0 -314 -116 126 -1 -0 0 -0 1 -0 -0 -0 -1 3854.dat
1 0 -314 -116 194 1 0 -0 -0 1 -0 0 0 1 3854.dat
1 2 -322 -120 120 1 0 -0 0 1 0 0 0 1 3856.dat
1 2 -322 -120 200 -1 0 0 0 1 0 -0 0 -1 3856.dat
0 STEP
1 15 -150 -144 160 0 -0 -1 -0 1 -0 1 0 0 3008.dat
1 15 -310 -144 160 0 -0 -1 -0 1 -0 1 0 0 3008.dat
1 15 -150 -144 250 0 -0 -1 0 1 -0 1 -0 0 3005.dat
1 15 -310 -144 250 0 -0 -1 0 1 -0 1 -0 0 3005.dat
1 15 -170 -144 90 0 -0 -1 0 1 -0 1 -0 0 3005.dat
1 15 -240 -144 70 -1 0 -0 0 1 -0 0 -0 -1 3009.dat
1 15 -310 -144 70 1 -0 0 0 1 -0 -0 0 1 3040a.dat
1 15 -170 -144 70 1 -0 0 0 1 -0 -0 0 1 3040a.dat
1 15 150 -144 160 0 -0 -1 -0 1 -0 1 0 0 3008.dat
1 15 290 -144 160 0 -0 -1 -0 1 -0 1 0 0 3008.dat
1 15 220 -144 90 -1 0 -0 0 1 -0 0 -0 -1 3009.dat
1 15 220 -144 230 -1 0 -0 0 1 -0 0 -0 -1 3009.dat
1 47 -150 -144 77 -1 0 -0 0 1 0 0 0 -1 3644.dat
1 47 150 -144 77 -1 0 -0 0 1 0 0 0 -1 3644.dat
0 STEP
1 47 -40 -24 160 1 0 0 0 1 0 -0 0 1 central doors.ldr
1 15 220 -168 90 -1 -0 0 -0 1 -0 0 -0 -1 3008.dat
1 15 220 -168 230 -1 -0 0 -0 1 -0 0 -0 -1 3008.dat
1 15 290 -168 160 0 -0 -1 -0 1 -0 1 0 0 3009.dat
1 15 150 -168 160 0 -0 -1 -0 1 -0 1 0 0 3009.dat
1 0 -240 -152 100 -1 0 -0 0 1 -0 0 -0 -1 3033.dat
1 0 -240 -152 220 -1 0 -0 0 1 -0 0 -0 -1 3033.dat
0 STEP
1 15 -150 -168 160 -0 0 1 -0 1 -0 -1 -0 -0 3460.dat
1 15 -150 -160 160 -0 0 1 -0 1 -0 -1 -0 -0 3460.dat
1 0 160 -176 100 -1 0 0 0 1 0 -0 0 -1 3027.dat
1 0 160 -176 220 -1 0 0 0 1 0 -0 0 -1 3027.dat
1 14 -270 -176 120 0 -0 1 0 1 0 -1 0 0 3004.dat
1 14 -210 -176 120 0 -0 1 0 1 0 -1 0 0 3004.dat
1 14 -240 -176 180 0 0 1 0 1 -0 -1 0 0 3003.dat
1 14 -240 -184 120 1 -0 -0 0 1 0 0 -0 1 3020.dat
1 14 -230 -192 120 0 -0 1 0 1 0 -1 0 0 3794b.dat
0 STEP
1 0 -80 -176 100 -1 0 0 0 1 -0 -0 -0 -1 3036.dat
1 0 -80 -176 220 -1 0 0 0 1 -0 -0 -0 -1 3036.dat
1 14 310 -184 180 -0 -0 -1 -0 1 -0 1 0 -0 3460.dat
1 14 310 -184 80 0 -0 -1 0 1 -0 1 -0 0 3023.dat
1 14 220 -184 250 -1 -0 0 -0 1 -0 -0 -0 -1 3460.dat
1 14 220 -184 70 -1 -0 0 -0 1 -0 -0 -0 -1 3460.dat
1 14 130 -184 80 0 -0 -1 0 1 -0 1 -0 0 3023.dat
1 14 130 -184 240 0 -0 -1 0 1 -0 1 -0 0 3023.dat
1 14 220 -184 160 0 -0 -1 0 1 -0 1 -0 0 3068b.dat
1 33 310 -208 70 0 -0 -1 0 1 -0 1 -0 0 3062a.dat
1 33 130 -208 70 0 -0 -1 0 1 -0 1 -0 0 3062a.dat
1 33 130 -208 250 0 -0 -1 0 1 -0 1 -0 0 3062a.dat
1 33 310 -208 250 0 -0 -1 0 1 -0 1 -0 0 3062a.dat
1 14 -260 -192 120 -0 0 -1 0 1 0 1 -0 -0 3068b.dat
1 4 -230 -224 110 -1 0 0 0 1 0 -0 0 -1 3069b.dat
1 4 -230 -216 110 -1 0 0 0 1 -0 -0 -0 -1 3040p02.dat
1 14 -210 -192 120 0 -0 1 0 1 0 -1 0 0 3069b.dat
1 15 -240 -176 90 -1 -0 0 -0 1 0 -0 0 -1 3008.dat
1 15 -170 -176 160 -0 0 -1 -0 1 0 1 0 -0 3009.dat
1 15 -310 -176 160 -0 0 -1 -0 1 0 1 0 -0 3009.dat
1 15 -310 -176 230 0 0 -1 0 1 0 1 -0 0 3005.dat
1 15 -170 -176 230 0 0 -1 0 1 0 1 -0 0 3005.dat
0 STEP
1 15 -310 -200 160 0 -0 1 -0 1 0 -1 -0 0 3008.dat
1 15 -240 -200 90 -1 0 0 0 1 -0 -0 -0 -1 3009.dat
1 15 -170 -200 220 -0 -0 -1 -0 1 -0 1 0 -0 3004.dat
1 15 -170 -200 100 -0 -0 -1 -0 1 -0 1 0 -0 3004.dat
0 STEP
1 15 -240 -224 90 -1 -0 0 -0 1 0 -0 0 -1 3008.dat
1 15 -310 -224 160 -0 0 -1 -0 1 0 1 0 -0 3009.dat
1 15 -310 -224 230 0 0 -1 0 1 0 1 -0 0 3005.dat
1 15 -170 -224 110 0 0 -1 0 1 0 1 -0 0 3005.dat
1 15 -170 -224 220 0 0 -1 0 1 0 1 -0 0 3004.dat
0 STEP
1 14 -170 -296 190 -1 0 -0 0 1 0 0 0 -1 3861.dat
1 15 -170 -248 220 0 0 -1 0 1 0 1 -0 0 3004.dat
1 15 -310 -248 100 0 0 -1 0 1 0 1 -0 0 3004.dat
1 15 -170 -248 100 0 0 -1 0 1 0 1 -0 0 3004.dat
1 15 -310 -248 220 0 0 -1 0 1 0 1 -0 0 3004.dat
1 15 -290 -248 90 0 0 -1 0 1 0 1 -0 0 3005.dat
1 15 -190 -248 90 0 0 -1 0 1 0 1 -0 0 3005.dat
0 STEP
1 15 -170 -272 220 0 0 -1 0 1 0 1 -0 0 3004.dat
1 15 -180 -272 90 -1 0 -0 0 1 0 0 0 -1 3004.dat
1 15 -300 -272 90 -1 0 -0 0 1 0 0 0 -1 3004.dat
1 15 -310 -272 220 0 0 -1 0 1 0 1 -0 0 3004.dat
1 15 -310 -272 110 0 0 -1 0 1 0 1 -0 0 3005.dat
1 15 -170 -272 110 0 0 -1 0 1 0 1 -0 0 3005.dat
0 STEP
1 15 -170 -296 220 0 0 -1 0 1 0 1 -0 0 3004.dat
1 15 -310 -296 100 0 0 -1 0 1 0 1 -0 0 3004.dat
1 15 -170 -296 100 0 0 -1 0 1 0 1 -0 0 3004.dat
1 15 -310 -296 220 0 0 -1 0 1 0 1 -0 0 3004.dat
1 15 -290 -296 90 0 0 -1 0 1 0 1 -0 0 3005.dat
1 15 -190 -296 90 0 0 -1 0 1 0 1 -0 0 3005.dat
0 STEP
1 14 -240 -296 90 1 -0 0 0 1 0 -0 -0 1 3853.dat
1 14 -310 -296 160 -0 -0 1 0 1 0 -1 0 -0 3853.dat
1 0 -206 -292 86 -0 -0 1 0 1 0 -1 0 -0 3854.dat
1 0 -274 -292 86 0 0 -1 0 1 0 1 -0 0 3854.dat
1 0 -314 -292 126 -1 0 0 0 1 -0 -0 -0 -1 3854.dat
1 0 -314 -292 194 1 -0 -0 0 1 0 0 -0 1 3854.dat
1 2 -322 -296 120 1 0 -0 -0 1 -0 0 0 1 3856.dat
1 2 -322 -296 200 -1 -0 0 -0 1 -0 -0 -0 -1 3856.dat
1 2 -280 -296 78 -0 -0 1 0 1 0 -1 0 -0 3856.dat
1 2 -200 -296 78 0 0 -1 0 1 0 1 -0 0 3856.dat
0 STEP
1 15 -240 -320 90 -1 0 -0 0 1 0 0 0 -1 3008.dat
1 15 -310 -320 160 -0 -0 1 -0 1 0 -1 -0 -0 3009.dat
1 15 -170 -320 160 -0 -0 1 -0 1 0 -1 -0 -0 3009.dat
1 15 -170 -320 230 0 0 1 0 1 -0 -1 0 0 3005.dat
1 15 -310 -320 230 0 0 1 0 1 -0 -1 0 0 3005.dat
0 STEP
1 0 -240 -328 100 1 -0 -0 0 1 0 0 -0 1 3030.dat
1 0 -240 -328 200 1 -0 -0 0 1 0 0 -0 1 3033.dat
0 STEP
1 15 -300 -352 220 1 -0 -0 0 1 0 0 -0 1 3062a.dat
1 0 -270 -352 110 1 -0 -0 0 1 0 0 -0 1 3005.dat
1 15 -300 -376 220 1 -0 -0 0 1 0 0 -0 1 3062a.dat
1 15 -300 -400 220 1 -0 -0 0 1 0 0 -0 1 3062a.dat
1 15 -300 -424 220 1 -0 -0 0 1 0 0 -0 1 3062a.dat
1 15 -300 -432 220 -0 0 -1 0 1 0 1 -0 -0 3623.dat
1 36 -300 -440 200 0 0 -1 0 1 0 1 -0 0 3024.dat
1 36 -300 -440 240 0 0 -1 0 1 0 1 -0 0 3024.dat
1 7 -270 -376 110 1 -0 -0 0 1 0 0 -0 1 3963.dat
1 7 -190 -352 210 0 -0 1 0 1 0 -1 0 0 3144.dat
1 14 130 -200 210 1 -0 -0 0 1 0 0 -0 1 3005.dat
1 0 -230 -48 -210 1 -0 -0 0 1 0 0 -0 1 3005.dat
1 14 130 -200 110 1 -0 -0 0 1 0 0 -0 1 3005.dat
1 14 -70 -200 110 1 -0 -0 0 1 0 0 -0 1 3005.dat
1 14 30 -200 210 1 -0 -0 0 1 0 0 -0 1 3005.dat
1 14 -70 -200 210 1 -0 -0 0 1 0 0 -0 1 3005.dat
1 14 -20 -200 110 1 -0 -0 0 1 0 0 -0 1 3633.dat
1 14 80 -200 110 1 -0 -0 0 1 0 0 -0 1 3633.dat
1 14 -120 -200 110 1 -0 -0 0 1 0 0 -0 1 3633.dat
1 14 -120 -200 210 -1 0 0 0 1 0 -0 0 -1 3633.dat
1 14 -20 -200 210 -1 0 0 0 1 0 -0 0 -1 3633.dat
1 14 80 -200 210 -1 0 0 0 1 0 -0 0 -1 3633.dat
1 14 30 -200 110 1 -0 -0 0 1 0 0 -0 1 3005.dat
1 0 -230 -24 -210 1 -0 -0 0 1 0 0 -0 1 3005.dat
1 0 -230 -72 -210 1 -0 -0 0 1 0 0 -0 1 3062a.dat
1 0 -230 -96 -210 1 -0 -0 0 1 0 0 -0 1 3062a.dat
1 0 -230 -120 -210 1 -0 -0 0 1 0 0 -0 1 3062a.dat
1 0 -230 -144 -210 1 -0 -0 0 1 0 0 -0 1 3062a.dat
1 47 -230 -168 -210 1 -0 -0 0 1 0 0 -0 1 3003.dat
1 0 -230 -176 -210 1 -0 -0 0 1 0 0 -0 1 3022.dat
1 0 -230 -200 -210 1 -0 -0 0 1 0 0 -0 1 3062a.dat
1 2 280 -8 20 1 -0 -0 0 1 0 0 -0 1 3471.dat
1 15 -210 -176 50 1 0 0 0 1 0 -0 0 1 3062a.dat
1 15 -270 -176 50 1 0 0 0 1 0 -0 0 1 3062a.dat
1 15 -240 -200 50 1 0 0 0 1 0 -0 0 1 3009p18.dat
0 STEP
0 NOFILE
0 FILE central doors.ldr
0 central doors
0 Name: central doors.ldr
0 Author: Lego2Lego
1 0 40 0 0 0 0 1 0 1 0 -1 0 0 3007.dat
1 15 40 -24 60 0 0 1 0 1 0 -1 0 0 3003.dat
0 STEP
1 15 40 -48 50 1 0 -0 0 1 0 0 0 1 3660.dat
1 15 40 -48 70 1 0 -0 0 1 0 0 0 1 3004.dat
1 15 40 -24 -70 1 0 -0 0 1 0 0 0 1 3004.dat
0 STEP
1 15 40 -72 60 0 0 1 0 1 0 -1 0 0 3003.dat
1 15 50 -72 -70 1 0 -0 0 1 0 0 0 1 3581.dat
1 15 30 -72 -70 1 0 -0 0 1 0 0 0 1 3581.dat
0 STEP
1 15 40 -48 30 1 0 -0 0 1 0 0 0 1 69c01.dat
1 15 40 -96 60 0 0 1 0 1 0 -1 0 0 3003.dat
1 15 40 -96 -70 1 0 -0 0 1 0 0 0 1 3004.dat
0 STEP
1 15 40 -120 60 0 0 1 0 1 0 -1 0 0 3003.dat
1 15 40 -120 -70 1 0 -0 0 1 0 0 0 1 3004.dat
0 STEP
1 15 40 -144 0 0 0 1 0 1 0 -1 0 0 3007.dat
1 47 50 -120 -83 -1 0 0 0 1 0 -0 0 -1 3644.dat
1 47 30 -120 -83 -1 0 0 0 1 0 -0 0 -1 3644.dat
0 STEP
0 NOFILE
0 FILE motorcycle police.ldr
0 motorcycle police
0 Name: motorcycle police.ldr
0 Author: Lego2Lego
1 15 0 -24 0 1 0 0 0 1 0 0 0 1 3842a.dat
1 14 0 -24 0 1 0 0 0 1 0 0 0 1 3626BP01.dat
1 0 0 0 0 1 0 0 0 1 0 0 0 1 973P1G.dat
1 0 15.4 8 0 0.985435 0.169951 0.005935 -0.170055 0.984834 0.034391 0 -0.034899 0.999391 3819.dat
1 14 23.496895 25.517668 -10.656999 0.985435 0.12437 -0.115977 -0.170055 0.720701 -0.672065 0 0.681998 0.731354 3820.dat
1 0 -15.4 8 0 0.985435 -0.111566 -0.128342 0.170055 0.646503 0.743717 0 -0.75471 0.656059 3818.dat
1 14 -21.163506 11.996119 -20.900072 0.985435 -0.16964 -0.011862 0.170055 0.983034 0.06874 0 -0.069756 0.997564 3820.dat
1 0 -20.877953 10.341388 -31.066521 0.032448 -0.16693 -0.985435 -0.18803 0.967329 -0.170055 0.981627 0.190809 0 3962a.dat
1 0 0 32 0 1 0 0 0 1 0 0 0 1 3815.dat
1 0 0 44 0 1 0 0 0 1 0 0 0 1 3817.dat
1 0 0 44 0 1 0 0 0 0.731354 0.681998 0 -0.681998 0.731354 3816.dat
0 NOFILE
0 FILE police officer.ldr
0 police officer
0 Name: police officer.ldr
0 Author: Lego2Lego
1 15 0 -24 0 1 0 0 0 1 0 0 0 1 3624.dat
1 14 0 -24 0 1 0 0 0 1 0 0 0 1 3626BP01.dat
1 0 0 0 0 1 0 0 0 1 0 0 0 1 973P1F.dat
1 0 15.4 8 0 0.985435 0.169951 0.005935 -0.170055 0.984834 0.034391 0 -0.034899 0.999391 3819.dat
1 14 23.496895 25.517668 -10.656999 0.985435 0.12437 -0.115977 -0.170055 0.720701 -0.672065 0 0.681998 0.731354 3820.dat
1 0 -15.4 8 0 0.985435 -0.111566 -0.128342 0.170055 0.646503 0.743717 0 -0.75471 0.656059 3818.dat
1 14 -21.163506 11.996119 -20.900072 0.985435 -0.16964 -0.011862 0.170055 0.983034 0.06874 0 -0.069756 0.997564 3820.dat
1 0 -20.877953 10.341388 -31.066521 0.032448 -0.16693 -0.985435 -0.18803 0.967329 -0.170055 0.981627 0.190809 0 3962a.dat
1 0 0 32 0 1 0 0 0 1 0 0 0 1 3815.dat
1 0 0 44 0 1 0 0 0 1 0 0 0 1 3817.dat
1 0 0 44 0 1 0 0 0 0.731354 0.681998 0 -0.681998 0.731354 3816.dat
0 NOFILE
0 FILE heli handler.ldr
0 heli handler
0 Name: heli handler.ldr
0 Author: Lego2Lego
1 6 0 -24 0 1 0 0 0 1 0 0 0 1 3901.dat
1 14 0 -24 0 1 0 0 0 1 0 0 0 1 3626BP01.dat
1 1 0 0 0 1 0 0 0 1 0 0 0 1 973P26.dat
1 1 15.4 8 0 0.985435 0.095093 0.140982 -0.170055 0.551048 0.816962 0 -0.829038 0.559193 3819.dat
1 14 20.724129 9.450016 -21.343643 0.999181 -0.024166 0.032448 0.017645 0.982005 0.18803 -0.036408 -0.187303 0.981627 3820.dat
1 1 -15.4 8 0 0.985435 -0.147272 0.085027 0.170055 0.853411 -0.492718 0 0.5 0.866025 3818.dat
1 14 -23.975609 28.291718 0.83975 0.983453 0.076409 0.16426 0.137704 0.273872 -0.951857 -0.117717 0.958726 0.258819 3820.dat
1 1 0 32 0 1 0 0 0 1 0 0 0 1 3815.dat
1 1 0 44 0 1 0 0 0 1 0 0 0 1 3817.dat
1 1 0 44 0 1 0 0 0 1 0 0 0 1 3816.dat
0 NOFILE