0 Author: Juraj
0 Begin work: 14. 10. 2014
0 Last change: 14. 10. 2014

0 WORLD  0 0 0 1 0 0 0 1 0 0 0 1
0 CENTRE  0 0 0
0 LOOKAT  0 0 0
0 ZOOM  50
0 ROTANGLE 0
0 Assembly 1
0 ROTATION CENTER 0 0 0 1 "Custom" 
0 ROTATION CONFIG 0 0
1 0 0 0 0 1 0 0 0 1 0 0 0 1 997.dat
0 Assembly 1
1 7 0 0 0 1 0 0 0 1 0 0 0 1 998.dat
0 Assembly 4
1 0 0 0 130 1 0 0 0 1 0 0 0 1 185.dat
0 Assembly 4
1 7 0 0 130 1 0 0 0 1 0 0 0 1 186.dat
0 Assembly 7
1 0 0 0 290 1 0 0 0 1 0 0 0 1 164.dat
0 Assembly 7
1 7 0 0 290 1 0 0 0 1 0 0 0 1 181.dat
1 15 0 -8 0 -1 0 0 0 1 0 0 0 -1 3710.dat
1 15 30 -8 50 0 0 1 0 1 0 -1 0 0 3710.dat
1 15 -30 -8 50 0 0 1 0 1 0 -1 0 0 3710.dat
1 15 0 -8 80 1 0 0 0 1 0 0 0 1 3023.dat
1 15 0 -24 110 1 0 0 0 1 0 0 0 1 3003.dat
1 15 30 -24 150 0 0 -1 0 1 0 1 0 0 3004.dat
1 15 -30 -24 150 0 0 -1 0 1 0 1 0 0 3004.dat
1 15 0 -32 80 -1 0 0 0 1 0 0 0 -1 3010.dat
1 15 0 -32 10 -1 0 0 0 1 0 0 0 -1 3001.dat
1 15 0 -32 110 -1 0 0 0 1 0 0 0 -1 3022.dat
1 15 0 -48 150 -1 0 0 0 1 0 0 0 -1 3001.dat
1 15 0 -40 100 0 0 1 0 1 0 -1 0 0 3021.dat
0 Assembly 9
1 15 0 -40 20 1 0 0 0 1 0 0 0 1 3829a.dat
0 Assembly 9
1 0 0 -66.32 19.76 0 0 1 -0.8 0.6 0 -0.6 -0.8 0 3828.dat
1 15 0 -48 190 -1 0 0 0 1 0 0 0 -1 4209.dat
1 0 -2 -26 200 -1 0 0 0 1 0 0 0 -1 4208.dat
1 15 30 -40 80 0 0 -1 0 1 0 1 0 0 4085c.dat
1 15 -30 -40 80 0 0 1 0 1 0 -1 0 0 4085c.dat
1 0 -10 -48 110 0 0 1 0 1 0 -1 0 0 4175.dat
1 0 10 -48 110 0 0 -1 0 1 0 1 0 0 4175.dat
1 7 30 -56 170 0 0 -1 0 1 0 1 0 0 4175.dat
1 7 -30 -56 170 0 0 1 0 1 0 -1 0 0 4175.dat
1 15 30 -56 0 -1 0 0 0 1 0 0 0 -1 3040a.dat
1 15 -30 -56 0 -1 0 0 0 1 0 0 0 -1 3040a.dat
1 15 0 -48 80 -1 0 0 0 1 0 0 0 -1 3710.dat
1 0 -50 -34 80 0 0 1 0 1 0 -1 0 0 3962a.dat
1 15 30 -56 110 0 0 1 0 1 0 -1 0 0 3710.dat
1 15 -30 -56 110 0 0 1 0 1 0 -1 0 0 3710.dat
1 15 0 -56 200 1 0 0 0 1 0 0 0 1 3710.dat
1 15 0 -56 130 0 0 -1 0 1 0 1 0 0 3795.dat
1 15 0 -56 0 -1 0 0 0 1 0 0 0 -1 3004.dat
1 15 0 -80 80 -1 0 0 0 1 0 0 0 -1 3010.dat
1 15 -30 -80 100 -1 0 0 0 1 0 0 0 -1 3005.dat
1 4 0 -64 120 0 0 1 0 1 0 -1 0 0 3021.dat
1 15 30 -80 100 -1 0 0 0 1 0 0 0 -1 3005.dat
1 15 -30 -104 80 -1 0 0 0 1 0 0 0 -1 3040a.dat
1 4 0 -88 100 -1 0 0 0 1 0 0 0 -1 3004.dat
1 15 30 -104 80 -1 0 0 0 1 0 0 0 -1 3040a.dat
1 15 0 -104 80 -1 0 0 0 1 0 0 0 -1 3004.dat
1 4 0 -112 100 -1 0 0 0 1 0 0 0 -1 3004.dat
1 4 0 -136 120 -1 0 0 0 1 0 0 0 -1 3684.dat
1 15 0 -112 80 1 0 0 0 1 0 0 0 1 4315.dat
1 15 0 -112 30 1 0 0 0 1 0 0 0 1 4213.dat
1 47 0 -104 -20 1 0 0 0 1 0 0 0 1 4284.dat
1 4 0 -136 90 1 0 0 0 1 0 0 0 1 3003.dat
1 15 0 -112 -20 1 0 0 0 1 0 0 0 1 3023.dat
1 36 30 -112 -20 1 0 0 0 1 0 0 0 1 3024.dat
1 34 -30 -112 -20 1 0 0 0 1 0 0 0 1 3024.dat
1 0 0 -144 100 0 0 -1 0 1 0 1 0 0 3021.dat
1 15 0 -120 10 1 0 0 0 1 0 0 0 1 4289.dat
1 46 0 -192 20 1 0 0 0 1 0 0 0 1 4073.dat
1 14 0 -104 200 1 0 0 0 1 0 0 0 1 4083.dat
1 14 0 -48 320 1 0 0 0 1 0 0 0 1 4083.dat
1 0 50 -50 80 1 0 0 0 1 0 0 0 1 4006.dat
1 4 5 -44 284 0 -1 0 0 0 -1 1 0 0 3127a.dat
1 0 30 -22 -20 -1 0 0 0 0 -1 0 -1 0 4349.dat
1 0 -30 -22 -20 -1 0 0 0 0 -1 0 -1 0 4349.dat
1 0 0 78 170 -1 0 0 0 1 0 0 0 -1 x139b.dat
0 Assembly 11
1 0 140 40 32 1 0 0 0 1 0 0 0 1 3815.dat
0 Assembly 11
1 0 140 52 32 1 0 0 0 1 0 0 0 1 3816.dat
0 Assembly 11
1 0 140 52 32 1 0 0 0 1 0 0 0 1 3817.dat
1 1 140 8 32 1 0 0 0 1 0 0 0 1 973.dat
1 1 155.6 16.9641 32 0.984807 0.173651 0 -0.173651 0.984807 0 0 0 1 3819.dat
1 1 124.4 16.9641 32 0.984807 -0.173651 0 0.173651 0.984807 0 0 0 1 3818.dat
1 14 116.194 34.7087 22.1005 0.984807 -0.12279 0.12279 0.173651 0.696364 -0.696364 0 0.707107 0.707106 3820.dat
1 14 163.807 34.7087 22.1005 0.984807 -0.12279 -0.12279 0.00265831 0.717684 -0.696364 0.173631 0.685458 0.707106 3820.dat
1 14 140 -16 32 1 0 0 0 1 0 0 0 1 3626bp01.dat
1 0 140 -16 32 1 0 0 0 1 0 0 0 1 3624.dat

0 SYNTH BEGIN STRING_HOSE 0
0 SYNTH SHOW
1 2 19 -33 202 -1 0 0 0 0 1 0 1 0 LS04.dat
1 0 18 -20 198 -1 0 0 0 0 -1 0 -1 0 LS04.dat
1 0 17 -33 202 -1 0 0 0 0 1 0 1 0 LS04.dat
1 0 16 -20 198 -1 0 0 0 0 -1 0 -1 0 LS04.dat
1 0 15 -33 202 -1 0 0 0 0 1 0 1 0 LS04.dat
1 0 14 -20 198 -1 0 0 0 0 -1 0 -1 0 LS04.dat
1 0 13 -33 202 -1 0 0 0 0 1 0 1 0 LS04.dat
1 0 12 -20 198 -1 0 0 0 0 -1 0 -1 0 LS04.dat
1 0 11 -33 202 -1 0 0 0 0 1 0 1 0 LS04.dat
1 0 10 -20 198 -1 0 0 0 0 -1 0 -1 0 LS04.dat
1 0 9 -33 202 -1 0 0 0 0 1 0 1 0 LS04.dat
1 0 8 -20 198 -1 0 0 0 0 -1 0 -1 0 LS04.dat
1 0 7 -33 202 -1 0 0 0 0 1 0 1 0 LS04.dat
1 0 6 -20 198 -1 0 0 0 0 -1 0 -1 0 LS04.dat
1 0 5 -42.632 251.152 -1 0 0 0 0.258819 -0.965926 0 -0.965926 -0.258819 LS04.dat
1 0 0 -44.994 257.499 0 1 0 0 0 -1 -1 0 0 LS04.dat
1 0 -3 -44.287 254.724 1 0 0 0 -0.258819 -0.965926 0 0.965926 -0.258819 LS04.dat
1 0 3 -40.164 245.793 1 0 0 0 -0.258819 -0.965926 0 0.965926 -0.258819 LS04.dat
1 4 3 -38.611 239.997 1 0 0 0 -0.258819 -0.965926 0 0.965926 -0.258819 LS04.dat
0 SYNTH SYNTHESIZED BEGIN
1 0 18.9897 -32.8666 200.005 -0.0003 1 -0.0051 -0.9978 0 0.0667 -0.0667 -0.0051 -0.9978 LS60.dat
1 0 18.9608 -32.4908 198.544 -0.0033 0.9999 -0.0157 -0.9789 -0 0.2045 -0.2045 -0.0161 -0.9787 LS60.dat
1 0 18.9158 -31.9048 197.154 -0.0097 0.9996 -0.0265 -0.939 -0 0.344 -0.3438 -0.0282 -0.9386 LS60.dat
1 0 18.8553 -31.1185 195.869 -0.0201 0.9991 -0.0369 -0.8778 0 0.4791 -0.4787 -0.042 -0.877 LS60.dat
1 0 18.7806 -30.1475 194.718 -0.0354 0.9983 -0.0465 -0.7961 0 0.6051 -0.6041 -0.0585 -0.7948 LS60.dat
1 0 18.6931 -29.0107 193.729 -0.0573 0.9968 -0.0553 -0.6948 -0 0.7192 -0.7169 -0.0796 -0.6926 LS60.dat
1 0 18.5945 -27.729 192.936 -0.0904 0.9939 -0.0631 -0.5724 -0 0.82 -0.815 -0.1102 -0.5689 LS60.dat
1 0 18.4866 -26.3254 192.383 -0.1489 0.9864 -0.0697 -0.4239 -0 0.9057 -0.8934 -0.1644 -0.4181 LS60.dat
1 0 18.3719 -24.8346 192.134 -0.3013 0.9506 -0.0747 -0.2405 -0 0.9706 -0.9227 -0.3104 -0.2286 LS60.dat
1 0 18.2558 -23.3253 192.281 0.974 0.213 -0.0767 0.0785 -0 0.9969 -0.2124 0.977 0.0167 LS60.dat
1 0 18.149 -21.9374 192.922 0.2056 0.976 -0.0725 0.3328 -0 0.943 -0.9203 0.218 0.3248 LS60.dat
1 0 18.0676 -20.8787 194.044 0.0698 0.9958 -0.0588 0.6446 -0 0.7646 -0.7614 0.0912 0.6419 LS60.dat
1 0 18.0196 -20.2543 195.451 0.0225 0.999 -0.0387 0.8644 -0 0.5029 -0.5024 0.0448 0.8635 LS60.dat
1 0 17.9988 -19.9849 196.952 0.0054 0.9998 -0.02 0.9657 -0 0.2597 -0.2597 0.0207 0.9655 LS60.dat
1 0 17.9971 -19.962 198.465 0.0004 1 -0.0059 0.9971 -0 0.0762 -0.0762 0.0059 0.9971 LS60.dat
1 0 17.9897 -20.1335 199.963 -0.0003 1 -0.0051 0.9978 -0 -0.0667 0.0667 0.0051 0.9978 LS60.dat
1 0 17.9609 -20.5089 201.424 -0.0033 0.9999 -0.0157 0.9789 0 -0.2043 0.2043 0.0161 0.9788 LS60.dat
1 0 17.9158 -21.0942 202.814 -0.0097 0.9996 -0.0264 0.9391 -0 -0.3436 0.3434 0.0281 0.9388 LS60.dat
1 0 17.8555 -21.8792 204.099 -0.02 0.9991 -0.0368 0.8782 0 -0.4783 0.4779 0.0419 0.8774 LS60.dat
1 0 17.7809 -22.8485 205.252 -0.0352 0.9983 -0.0465 0.7969 0 -0.6041 0.603 0.0583 0.7956 LS60.dat
1 0 17.6936 -23.9834 206.244 -0.057 0.9968 -0.0552 0.6961 -0 -0.7179 0.7157 0.0793 0.6939 LS60.dat
1 0 17.5951 -25.2631 207.041 -0.0897 0.994 -0.063 0.5745 0 -0.8185 0.8136 0.1096 0.571 LS60.dat
1 0 17.4875 -26.6629 207.598 -0.1473 0.9866 -0.0696 0.427 -0 -0.9043 0.8922 0.1629 0.4213 LS60.dat
1 0 17.373 -28.1507 207.853 -0.2958 0.9523 -0.0746 0.2445 0 -0.9697 0.9234 0.3051 0.2328 LS60.dat
1 0 17.2568 -29.6618 207.714 0.9852 0.1535 -0.0767 -0.0776 -0 -0.997 0.153 -0.9882 -0.0119 LS60.dat
1 0 17.1497 -31.0539 207.079 0.209 0.9752 -0.0727 -0.3284 -0 -0.9446 0.9211 -0.2213 -0.3202 LS60.dat
1 0 17.0679 -32.1172 205.961 0.0705 0.9958 -0.059 -0.6417 0 -0.767 0.7637 -0.0919 -0.639 LS60.dat
1 0 17.0197 -32.7441 204.555 0.0227 0.999 -0.0388 -0.8632 0 -0.5048 0.5043 -0.045 -0.8624 LS60.dat
1 0 16.9989 -33.0146 203.054 0.0054 0.9998 -0.0201 -0.9654 -0 -0.2608 0.2608 -0.0208 -0.9652 LS60.dat
1 0 16.9971 -33.0382 201.54 0.0005 1 -0.0059 -0.997 0 -0.0768 0.0768 -0.0059 -0.997 LS60.dat
1 0 16.9897 -32.8665 200.042 -0.0003 1 -0.0051 -0.9978 0 0.0667 -0.0667 -0.0051 -0.9978 LS60.dat
1 0 16.9609 -32.4911 198.582 -0.0033 0.9999 -0.0157 -0.9789 -0 0.2043 -0.2043 -0.0161 -0.9788 LS60.dat
1 0 16.9159 -31.9059 197.192 -0.0097 0.9996 -0.0264 -0.9392 0 0.3435 -0.3434 -0.0281 -0.9388 LS60.dat
1 0 16.8555 -31.1212 195.906 -0.02 0.9991 -0.0368 -0.8782 -0 0.4782 -0.4778 -0.0419 -0.8775 LS60.dat
1 0 16.7809 -30.1522 194.753 -0.0352 0.9983 -0.0465 -0.7971 0 0.6039 -0.6029 -0.0583 -0.7957 LS60.dat
1 0 16.6937 -29.0176 193.761 -0.0569 0.9969 -0.0552 -0.6964 0 0.7177 -0.7154 -0.0793 -0.6942 LS60.dat
1 0 16.5952 -27.7381 192.963 -0.0896 0.994 -0.0629 -0.5748 -0 0.8183 -0.8134 -0.1095 -0.5714 LS60.dat
1 0 16.4876 -26.3386 192.405 -0.1471 0.9867 -0.0695 -0.4274 0 0.9041 -0.892 -0.1627 -0.4217 LS60.dat
1 0 16.3731 -24.8507 192.149 -0.2951 0.9525 -0.0746 -0.245 -0 0.9695 -0.9235 -0.3044 -0.2334 LS60.dat
1 0 16.2569 -23.3394 192.288 0.9864 0.1456 -0.0767 0.0775 0 0.997 -0.1452 0.9893 0.0113 LS60.dat
1 0 16.1498 -21.9468 192.921 0.2094 0.9751 -0.0727 0.3278 -0 0.9447 -0.9212 0.2217 0.3197 LS60.dat
1 0 16.0679 -20.883 194.039 0.0706 0.9958 -0.059 0.6414 -0 0.7672 -0.764 0.092 0.6386 LS60.dat
1 0 16.0197 -20.2559 195.445 0.0227 0.999 -0.0388 0.8631 0 0.505 -0.5045 0.045 0.8623 LS60.dat
1 0 15.9989 -19.9853 196.946 0.0054 0.9998 -0.0201 0.9654 -0 0.2609 -0.2608 0.0208 0.9652 LS60.dat
1 0 15.9971 -19.9618 198.46 0.0005 1 -0.0059 0.997 -0 0.0768 -0.0768 0.0059 0.997 LS60.dat
1 0 15.9897 -20.1335 199.958 -0.0003 1 -0.0051 0.9978 -0 -0.0667 0.0667 0.0051 0.9978 LS60.dat
1 0 15.9609 -20.5089 201.418 -0.0033 0.9999 -0.0157 0.9789 0 -0.2043 0.2043 0.0161 0.9788 LS60.dat
1 0 15.9158 -21.0941 202.808 -0.0097 0.9996 -0.0264 0.9392 -0 -0.3435 0.3434 0.0281 0.9388 LS60.dat
1 0 15.8555 -21.8788 204.094 -0.02 0.9991 -0.0368 0.8782 -0 -0.4782 0.4778 0.0419 0.8775 LS60.dat
1 0 15.7809 -22.8478 205.248 -0.0352 0.9983 -0.0465 0.7971 -0 -0.6039 0.6029 0.0583 0.7957 LS60.dat
1 0 15.6937 -23.9824 206.239 -0.0569 0.9969 -0.0552 0.6963 -0 -0.7177 0.7154 0.0793 0.6942 LS60.dat
1 0 15.5952 -25.2619 207.037 -0.0896 0.994 -0.0629 0.5748 0 -0.8183 0.8134 0.1095 0.5714 LS60.dat
1 0 15.4876 -26.6614 207.595 -0.1471 0.9867 -0.0695 0.4274 -0 -0.9041 0.892 0.1627 0.4217 LS60.dat
1 0 15.3731 -28.1493 207.851 -0.2951 0.9525 -0.0746 0.245 -0 -0.9695 0.9235 0.3044 0.2334 LS60.dat
1 0 15.2569 -29.6606 207.713 0.9864 0.1456 -0.0767 -0.0775 -0 -0.997 0.1452 -0.9893 -0.0113 LS60.dat
1 0 15.1498 -31.0532 207.079 0.2094 0.9751 -0.0727 -0.3278 0 -0.9447 0.9212 -0.2217 -0.3197 LS60.dat
1 0 15.0679 -32.117 205.961 0.0706 0.9958 -0.059 -0.6414 -0 -0.7672 0.764 -0.092 -0.6386 LS60.dat
1 0 15.0197 -32.7441 204.555 0.0227 0.999 -0.0388 -0.8631 -0 -0.505 0.5045 -0.045 -0.8623 LS60.dat
1 0 14.9989 -33.0147 203.054 0.0054 0.9998 -0.0201 -0.9654 -0 -0.2609 0.2608 -0.0208 -0.9652 LS60.dat
1 0 14.9971 -33.0382 201.54 0.0005 1 -0.0059 -0.997 0 -0.0768 0.0768 -0.0059 -0.997 LS60.dat
1 0 14.9897 -32.8665 200.042 -0.0003 1 -0.0051 -0.9978 0 0.0667 -0.0667 -0.0051 -0.9978 LS60.dat
1 0 14.9609 -32.4911 198.582 -0.0033 0.9999 -0.0157 -0.9789 -0 0.2043 -0.2043 -0.0161 -0.9788 LS60.dat
1 0 14.9159 -31.9059 197.192 -0.0097 0.9996 -0.0264 -0.9392 0 0.3435 -0.3434 -0.0281 -0.9388 LS60.dat
1 0 14.8555 -31.1212 195.906 -0.02 0.9991 -0.0368 -0.8782 -0 0.4782 -0.4778 -0.0419 -0.8775 LS60.dat
1 0 14.7809 -30.1522 194.753 -0.0352 0.9983 -0.0465 -0.7971 -0 0.6039 -0.6029 -0.0583 -0.7957 LS60.dat
1 0 14.6937 -29.0176 193.761 -0.0569 0.9969 -0.0552 -0.6963 -0 0.7177 -0.7154 -0.0793 -0.6942 LS60.dat
1 0 14.5952 -27.7381 192.963 -0.0896 0.994 -0.0629 -0.5748 -0 0.8183 -0.8134 -0.1095 -0.5714 LS60.dat
1 0 14.4876 -26.3386 192.405 -0.1471 0.9867 -0.0695 -0.4274 0 0.9041 -0.892 -0.1627 -0.4217 LS60.dat
1 0 14.3731 -24.8507 192.149 -0.2951 0.9525 -0.0746 -0.245 -0 0.9695 -0.9235 -0.3044 -0.2334 LS60.dat
1 0 14.2569 -23.3394 192.287 0.9864 0.1456 -0.0767 0.0775 0 0.997 -0.1452 0.9893 0.0113 LS60.dat
1 0 14.1498 -21.9468 192.921 0.2094 0.9751 -0.0727 0.3278 -0 0.9447 -0.9212 0.2217 0.3197 LS60.dat
1 0 14.0679 -20.883 194.039 0.0706 0.9958 -0.059 0.6414 0 0.7672 -0.764 0.092 0.6386 LS60.dat
1 0 14.0197 -20.2559 195.445 0.0227 0.999 -0.0388 0.8631 0 0.505 -0.5045 0.045 0.8623 LS60.dat
1 0 13.9989 -19.9853 196.946 0.0054 0.9998 -0.0201 0.9654 -0 0.2609 -0.2608 0.0208 0.9652 LS60.dat
1 0 13.9971 -19.9618 198.46 0.0005 1 -0.0059 0.997 -0 0.0768 -0.0768 0.0059 0.997 LS60.dat
1 0 13.9897 -20.1335 199.958 -0.0003 1 -0.0051 0.9978 0 -0.0667 0.0667 0.0051 0.9978 LS60.dat
1 0 13.9609 -20.5089 201.418 -0.0033 0.9999 -0.0157 0.9789 0 -0.2043 0.2043 0.0161 0.9788 LS60.dat
1 0 13.9158 -21.0941 202.808 -0.0097 0.9996 -0.0264 0.9392 -0 -0.3435 0.3434 0.0281 0.9388 LS60.dat
1 0 13.8555 -21.8788 204.094 -0.02 0.9991 -0.0368 0.8782 0 -0.4782 0.4778 0.0419 0.8775 LS60.dat
1 0 13.7809 -22.8478 205.248 -0.0352 0.9983 -0.0465 0.7971 0 -0.6039 0.6029 0.0583 0.7957 LS60.dat
1 0 13.6937 -23.9824 206.239 -0.0569 0.9969 -0.0552 0.6964 -0 -0.7177 0.7154 0.0793 0.6942 LS60.dat
1 0 13.5952 -25.2619 207.037 -0.0896 0.994 -0.0629 0.5748 -0 -0.8183 0.8134 0.1095 0.5714 LS60.dat
1 0 13.4876 -26.6614 207.595 -0.1471 0.9867 -0.0695 0.4274 0 -0.9041 0.892 0.1627 0.4217 LS60.dat
1 0 13.3731 -28.1493 207.851 -0.2951 0.9525 -0.0746 0.245 0 -0.9695 0.9235 0.3044 0.2334 LS60.dat
1 0 13.2569 -29.6606 207.712 0.9864 0.1456 -0.0767 -0.0775 -0 -0.997 0.1452 -0.9893 -0.0113 LS60.dat
1 0 13.1498 -31.0532 207.079 0.2094 0.9751 -0.0727 -0.3278 0 -0.9447 0.9212 -0.2217 -0.3197 LS60.dat
1 0 13.0679 -32.1171 205.961 0.0706 0.9958 -0.059 -0.6414 0 -0.7672 0.764 -0.092 -0.6386 LS60.dat
1 0 13.0197 -32.7441 204.555 0.0227 0.999 -0.0388 -0.8631 0 -0.505 0.5045 -0.045 -0.8623 LS60.dat
1 0 12.9989 -33.0147 203.054 0.0054 0.9998 -0.0201 -0.9654 0 -0.2609 0.2608 -0.0208 -0.9652 LS60.dat
1 0 12.9971 -33.0382 201.54 0.0005 1 -0.0059 -0.997 0 -0.0768 0.0768 -0.0059 -0.997 LS60.dat
1 0 12.9897 -32.8665 200.042 -0.0003 1 -0.0051 -0.9978 -0 0.0667 -0.0667 -0.0051 -0.9978 LS60.dat
1 0 12.9609 -32.4911 198.582 -0.0033 0.9999 -0.0157 -0.9789 -0 0.2043 -0.2043 -0.0161 -0.9788 LS60.dat
1 0 12.9159 -31.9059 197.192 -0.0097 0.9996 -0.0264 -0.9392 0 0.3435 -0.3434 -0.0281 -0.9388 LS60.dat
1 0 12.8555 -31.1212 195.906 -0.02 0.9991 -0.0368 -0.8782 -0 0.4782 -0.4778 -0.0419 -0.8775 LS60.dat
1 0 12.7809 -30.1522 194.753 -0.0352 0.9983 -0.0465 -0.7971 -0 0.6039 -0.6029 -0.0583 -0.7957 LS60.dat
1 0 12.6937 -29.0176 193.761 -0.0569 0.9969 -0.0552 -0.6964 -0 0.7177 -0.7154 -0.0793 -0.6942 LS60.dat
1 0 12.5952 -27.7381 192.963 -0.0896 0.994 -0.0629 -0.5748 -0 0.8183 -0.8134 -0.1095 -0.5714 LS60.dat
1 0 12.4876 -26.3386 192.405 -0.1471 0.9867 -0.0695 -0.4274 -0 0.9041 -0.892 -0.1627 -0.4217 LS60.dat
1 0 12.3731 -24.8507 192.149 -0.2951 0.9525 -0.0746 -0.245 -0 0.9695 -0.9235 -0.3044 -0.2334 LS60.dat
1 0 12.2569 -23.3394 192.287 0.9864 0.1456 -0.0767 0.0775 0 0.997 -0.1452 0.9893 0.0113 LS60.dat
1 0 12.1498 -21.9468 192.921 0.2094 0.9751 -0.0727 0.3278 0 0.9447 -0.9212 0.2217 0.3197 LS60.dat
1 0 12.0679 -20.883 194.039 0.0706 0.9958 -0.059 0.6414 0 0.7672 -0.764 0.092 0.6386 LS60.dat
1 0 12.0197 -20.2559 195.445 0.0227 0.999 -0.0388 0.8631 -0 0.505 -0.5045 0.045 0.8623 LS60.dat
1 0 11.9989 -19.9853 196.946 0.0054 0.9998 -0.0201 0.9654 -0 0.2609 -0.2608 0.0208 0.9652 LS60.dat
1 0 11.9971 -19.9618 198.46 0.0005 1 -0.0059 0.997 -0 0.0768 -0.0768 0.0059 0.997 LS60.dat
1 0 11.9897 -20.1335 199.958 -0.0003 1 -0.0051 0.9978 0 -0.0667 0.0667 0.0051 0.9978 LS60.dat
1 0 11.9609 -20.5089 201.418 -0.0033 0.9999 -0.0157 0.9789 0 -0.2043 0.2043 0.0161 0.9788 LS60.dat
1 0 11.9159 -21.0941 202.808 -0.0097 0.9996 -0.0264 0.9392 -0 -0.3435 0.3434 0.0281 0.9388 LS60.dat
1 0 11.8555 -21.8788 204.094 -0.02 0.9991 -0.0368 0.8782 0 -0.4782 0.4778 0.0419 0.8775 LS60.dat
1 0 11.7809 -22.8478 205.248 -0.0352 0.9983 -0.0465 0.7971 0 -0.6039 0.6029 0.0583 0.7957 LS60.dat
1 0 11.6937 -23.9824 206.239 -0.0569 0.9969 -0.0552 0.6964 -0 -0.7177 0.7154 0.0793 0.6942 LS60.dat
1 0 11.5952 -25.2619 207.037 -0.0896 0.994 -0.0629 0.5748 -0 -0.8183 0.8134 0.1095 0.5714 LS60.dat
1 0 11.4876 -26.6614 207.595 -0.1471 0.9867 -0.0695 0.4274 0 -0.9041 0.892 0.1627 0.4217 LS60.dat
1 0 11.3731 -28.1493 207.851 -0.2951 0.9525 -0.0746 0.245 0 -0.9695 0.9235 0.3044 0.2334 LS60.dat
1 0 11.2569 -29.6606 207.713 0.9864 0.1456 -0.0767 -0.0775 -0 -0.997 0.1452 -0.9893 -0.0113 LS60.dat
1 0 11.1498 -31.0532 207.079 0.2094 0.9751 -0.0727 -0.3278 0 -0.9447 0.9212 -0.2217 -0.3197 LS60.dat
1 0 11.0679 -32.117 205.961 0.0706 0.9958 -0.059 -0.6414 -0 -0.7672 0.764 -0.092 -0.6386 LS60.dat
1 0 11.0197 -32.7441 204.555 0.0227 0.999 -0.0388 -0.8631 -0 -0.505 0.5045 -0.045 -0.8623 LS60.dat
1 0 10.9989 -33.0147 203.054 0.0054 0.9998 -0.0201 -0.9654 -0 -0.2609 0.2608 -0.0208 -0.9652 LS60.dat
1 0 10.9971 -33.0382 201.54 0.0005 1 -0.0059 -0.997 0 -0.0768 0.0768 -0.0059 -0.997 LS60.dat
1 0 10.9897 -32.8665 200.042 -0.0003 1 -0.0051 -0.9978 0 0.0667 -0.0667 -0.0051 -0.9978 LS60.dat
1 0 10.9609 -32.4911 198.582 -0.0033 0.9999 -0.0157 -0.9789 -0 0.2043 -0.2043 -0.0161 -0.9788 LS60.dat
1 0 10.9159 -31.9059 197.192 -0.0097 0.9996 -0.0264 -0.9392 0 0.3435 -0.3434 -0.0281 -0.9388 LS60.dat
1 0 10.8555 -31.1212 195.906 -0.02 0.9991 -0.0368 -0.8782 -0 0.4782 -0.4778 -0.0419 -0.8775 LS60.dat
1 0 10.7809 -30.1522 194.753 -0.0352 0.9983 -0.0465 -0.7971 -0 0.6039 -0.6029 -0.0583 -0.7957 LS60.dat
1 0 10.6937 -29.0176 193.761 -0.0569 0.9969 -0.0552 -0.6963 -0 0.7177 -0.7154 -0.0793 -0.6942 LS60.dat
1 0 10.5952 -27.7381 192.963 -0.0896 0.994 -0.0629 -0.5748 -0 0.8183 -0.8134 -0.1095 -0.5714 LS60.dat
1 0 10.4876 -26.3386 192.405 -0.1471 0.9867 -0.0695 -0.4274 0 0.9041 -0.892 -0.1627 -0.4217 LS60.dat
1 0 10.3731 -24.8507 192.149 -0.2951 0.9525 -0.0746 -0.245 -0 0.9695 -0.9235 -0.3044 -0.2334 LS60.dat
1 0 10.2569 -23.3394 192.287 0.9864 0.1456 -0.0767 0.0775 0 0.997 -0.1452 0.9893 0.0113 LS60.dat
1 0 10.1498 -21.9468 192.921 0.2094 0.9751 -0.0727 0.3278 -0 0.9447 -0.9212 0.2217 0.3197 LS60.dat
1 0 10.0679 -20.883 194.039 0.0706 0.9958 -0.059 0.6414 0 0.7672 -0.764 0.092 0.6386 LS60.dat
1 0 10.0197 -20.2559 195.445 0.0227 0.999 -0.0388 0.8631 0 0.505 -0.5045 0.045 0.8623 LS60.dat
1 0 9.9989 -19.9853 196.946 0.0054 0.9998 -0.0201 0.9654 -0 0.2609 -0.2608 0.0208 0.9652 LS60.dat
1 0 9.9971 -19.9618 198.46 0.0005 1 -0.0059 0.997 -0 0.0768 -0.0768 0.0059 0.997 LS60.dat
1 0 9.9897 -20.1335 199.958 -0.0003 1 -0.0051 0.9978 0 -0.0667 0.0667 0.0051 0.9978 LS60.dat
1 0 9.9609 -20.5089 201.418 -0.0033 0.9999 -0.0157 0.9789 0 -0.2043 0.2043 0.0161 0.9788 LS60.dat
1 0 9.9158 -21.0941 202.808 -0.0097 0.9996 -0.0264 0.9392 -0 -0.3435 0.3434 0.0281 0.9388 LS60.dat
1 0 9.8555 -21.8788 204.094 -0.02 0.9991 -0.0368 0.8782 0 -0.4782 0.4778 0.0419 0.8775 LS60.dat
1 0 9.7809 -22.8478 205.248 -0.0352 0.9983 -0.0465 0.7971 0 -0.6039 0.6029 0.0583 0.7957 LS60.dat
1 0 9.6937 -23.9824 206.239 -0.0569 0.9969 -0.0552 0.6964 -0 -0.7177 0.7154 0.0793 0.6942 LS60.dat
1 0 9.5952 -25.2619 207.037 -0.0896 0.994 -0.0629 0.5748 -0 -0.8183 0.8134 0.1095 0.5714 LS60.dat
1 0 9.4876 -26.6614 207.595 -0.1471 0.9867 -0.0695 0.4274 0 -0.9041 0.892 0.1627 0.4217 LS60.dat
1 0 9.3731 -28.1493 207.851 -0.2951 0.9525 -0.0746 0.245 0 -0.9695 0.9235 0.3044 0.2334 LS60.dat
1 0 9.2569 -29.6606 207.712 0.9864 0.1456 -0.0767 -0.0775 -0 -0.997 0.1452 -0.9893 -0.0113 LS60.dat
1 0 9.1498 -31.0532 207.079 0.2094 0.9751 -0.0727 -0.3278 0 -0.9447 0.9212 -0.2217 -0.3197 LS60.dat
1 0 9.0679 -32.1171 205.961 0.0706 0.9958 -0.059 -0.6414 0 -0.7672 0.764 -0.092 -0.6386 LS60.dat
1 0 9.0197 -32.7441 204.555 0.0227 0.999 -0.0388 -0.8631 0 -0.505 0.5045 -0.045 -0.8623 LS60.dat
1 0 8.9989 -33.0147 203.054 0.0054 0.9998 -0.0201 -0.9654 0 -0.2609 0.2608 -0.0208 -0.9652 LS60.dat
1 0 8.9971 -33.0382 201.54 0.0005 1 -0.0059 -0.997 0 -0.0768 0.0768 -0.0059 -0.997 LS60.dat
1 0 8.9897 -32.8665 200.042 -0.0003 1 -0.0051 -0.9978 -0 0.0667 -0.0667 -0.0051 -0.9978 LS60.dat
1 0 8.9609 -32.4911 198.582 -0.0033 0.9999 -0.0157 -0.9789 -0 0.2043 -0.2043 -0.0161 -0.9788 LS60.dat
1 0 8.9159 -31.9059 197.192 -0.0097 0.9996 -0.0264 -0.9392 0 0.3435 -0.3434 -0.0281 -0.9388 LS60.dat
1 0 8.8555 -31.1212 195.906 -0.02 0.9991 -0.0368 -0.8782 -0 0.4782 -0.4778 -0.0419 -0.8775 LS60.dat
1 0 8.7809 -30.1522 194.753 -0.0352 0.9983 -0.0465 -0.7971 -0 0.6039 -0.6029 -0.0583 -0.7957 LS60.dat
1 0 8.6937 -29.0176 193.761 -0.0569 0.9969 -0.0552 -0.6964 -0 0.7177 -0.7154 -0.0793 -0.6942 LS60.dat
1 0 8.5952 -27.7381 192.963 -0.0896 0.994 -0.0629 -0.5748 -0 0.8183 -0.8134 -0.1095 -0.5714 LS60.dat
1 0 8.4876 -26.3386 192.405 -0.1471 0.9867 -0.0695 -0.4274 -0 0.9041 -0.892 -0.1627 -0.4217 LS60.dat
1 0 8.3731 -24.8507 192.149 -0.2951 0.9525 -0.0746 -0.245 -0 0.9695 -0.9235 -0.3044 -0.2334 LS60.dat
1 0 8.2569 -23.3394 192.287 0.9864 0.1456 -0.0767 0.0775 0 0.997 -0.1452 0.9893 0.0113 LS60.dat
1 0 8.1498 -21.9468 192.921 0.2094 0.9751 -0.0727 0.3278 0 0.9447 -0.9212 0.2217 0.3197 LS60.dat
1 0 8.0679 -20.883 194.039 0.0706 0.9958 -0.059 0.6414 0 0.7672 -0.764 0.092 0.6386 LS60.dat
1 0 8.0197 -20.2559 195.445 0.0227 0.999 -0.0388 0.8631 -0 0.505 -0.5045 0.045 0.8623 LS60.dat
1 0 7.9989 -19.9853 196.946 0.0054 0.9998 -0.0201 0.9654 -0 0.2609 -0.2608 0.0208 0.9652 LS60.dat
1 0 7.9971 -19.9618 198.46 0.0005 1 -0.0059 0.997 -0 0.0768 -0.0768 0.0059 0.997 LS60.dat
1 0 7.9897 -20.1335 199.958 -0.0003 1 -0.0051 0.9978 0 -0.0667 0.0667 0.0051 0.9978 LS60.dat
1 0 7.9609 -20.5089 201.418 -0.0033 0.9999 -0.0157 0.9789 0 -0.2043 0.2043 0.0161 0.9788 LS60.dat
1 0 7.9159 -21.0941 202.808 -0.0097 0.9996 -0.0264 0.9392 -0 -0.3435 0.3434 0.0281 0.9388 LS60.dat
1 0 7.8555 -21.8788 204.094 -0.02 0.9991 -0.0368 0.8782 -0 -0.4782 0.4778 0.0419 0.8775 LS60.dat
1 0 7.7809 -22.8478 205.248 -0.0352 0.9983 -0.0465 0.7971 0 -0.6039 0.6029 0.0583 0.7957 LS60.dat
1 0 7.6937 -23.9824 206.239 -0.0569 0.9969 -0.0552 0.6963 0 -0.7177 0.7154 0.0793 0.6942 LS60.dat
1 0 7.5952 -25.2619 207.037 -0.0896 0.994 -0.0629 0.5748 0 -0.8183 0.8134 0.1095 0.5714 LS60.dat
1 0 7.4876 -26.6614 207.595 -0.1471 0.9867 -0.0695 0.4274 0 -0.9041 0.892 0.1627 0.4217 LS60.dat
1 0 7.3731 -28.1493 207.851 -0.2951 0.9525 -0.0746 0.245 0 -0.9695 0.9235 0.3044 0.2334 LS60.dat
1 0 7.2569 -29.6606 207.713 0.9864 0.1456 -0.0767 -0.0775 -0 -0.997 0.1452 -0.9893 -0.0113 LS60.dat
1 0 7.1498 -31.0532 207.079 0.2094 0.9751 -0.0727 -0.3278 0 -0.9447 0.9212 -0.2217 -0.3197 LS60.dat
1 0 7.0679 -32.117 205.961 0.0706 0.9958 -0.059 -0.6414 -0 -0.7672 0.764 -0.092 -0.6386 LS60.dat
1 0 7.0197 -32.7441 204.555 0.0227 0.999 -0.0388 -0.8631 -0 -0.505 0.5045 -0.045 -0.8623 LS60.dat
1 0 6.9989 -33.0146 203.054 0.0054 0.9998 -0.0201 -0.9654 -0 -0.2609 0.2608 -0.0208 -0.9652 LS60.dat
1 0 6.9971 -33.0382 201.54 0.0005 1 -0.0059 -0.997 0 -0.0768 0.0768 -0.0059 -0.997 LS60.dat
1 0 6.9897 -32.8665 200.042 -0.0003 1 -0.0051 -0.9978 -0 0.0667 -0.0667 -0.0051 -0.9978 LS60.dat
1 0 6.9609 -32.4911 198.582 -0.0033 0.9999 -0.0157 -0.9789 -0 0.2043 -0.2043 -0.0161 -0.9788 LS60.dat
1 0 6.9159 -31.9059 197.192 -0.0097 0.9996 -0.0264 -0.9392 0 0.3435 -0.3434 -0.0281 -0.9388 LS60.dat
1 0 6.8555 -31.1212 195.906 -0.02 0.9991 -0.0368 -0.8782 0 0.4782 -0.4778 -0.0419 -0.8775 LS60.dat
1 0 6.7809 -30.1522 194.753 -0.0352 0.9983 -0.0465 -0.7971 -0 0.6039 -0.6029 -0.0583 -0.7957 LS60.dat
1 0 6.6937 -29.0176 193.761 -0.0569 0.9969 -0.0552 -0.6964 0 0.7177 -0.7154 -0.0793 -0.6942 LS60.dat
1 0 6.5952 -27.7381 192.963 -0.0896 0.994 -0.0629 -0.5748 -0 0.8183 -0.8134 -0.1095 -0.5714 LS60.dat
1 0 6.4876 -26.3386 192.405 -0.1471 0.9867 -0.0695 -0.4274 0 0.9041 -0.892 -0.1627 -0.4217 LS60.dat
1 0 6.3731 -24.8507 192.149 -0.2951 0.9525 -0.0746 -0.245 -0 0.9695 -0.9235 -0.3044 -0.2334 LS60.dat
1 0 6.2569 -23.3394 192.287 0.9864 0.1455 -0.0767 0.0775 0 0.997 -0.1451 0.9894 0.0113 LS60.dat
1 0 6.1498 -21.9468 192.921 0.2094 0.9751 -0.0727 0.3278 -0 0.9447 -0.9212 0.2217 0.3197 LS60.dat
1 0 6.0679 -20.883 194.039 0.0706 0.9958 -0.059 0.6414 0 0.7672 -0.764 0.092 0.6386 LS60.dat
1 0 6.0197 -20.2559 195.445 0.0227 0.999 -0.0388 0.8631 -0 0.505 -0.5045 0.045 0.8623 LS60.dat
1 0 5.9989 -19.9853 196.946 0.0054 0.9998 -0.0201 0.9654 0 0.2609 -0.2608 0.0208 0.9652 LS60.dat
1 0 5.9971 -19.9618 198.46 0.0005 1 -0.0059 0.997 -0 0.0768 -0.0768 0.0059 0.997 LS60.dat
1 0 5.9921 -20.1592 199.956 -0.0003 1 -0.004 0.9968 -0 -0.0796 0.0796 0.004 0.9968 LS60.dat
1 0 5.9756 -20.4905 201.423 -0.0017 1 -0.0092 0.9826 0 -0.1855 0.1855 0.0094 0.9826 LS60.dat
1 0 5.9556 -20.8954 202.875 -0.0031 0.9999 -0.0123 0.9687 -0.0001 -0.2483 0.2482 0.0127 0.9686 LS60.dat
1 0 5.933 -21.3529 204.311 -0.0041 0.9999 -0.0143 0.957 -0.0002 -0.29 0.29 0.0149 0.9569 LS60.dat
1 0 5.9086 -21.8491 205.732 -0.005 0.9999 -0.0158 0.9474 -0.0003 -0.3199 0.3199 0.0165 0.9473 LS60.dat
1 0 5.8827 -22.3753 207.14 -0.0056 0.9998 -0.0168 0.9395 -0.0005 -0.3425 0.3425 0.0177 0.9394 LS60.dat
1 0 5.8558 -22.9248 208.536 -0.0061 0.9998 -0.0177 0.9328 -0.0006 -0.3603 0.3602 0.0187 0.9327 LS60.dat
1 0 5.828 -23.4941 209.925 -0.0065 0.9998 -0.0183 0.9272 -0.0008 -0.3746 0.3745 0.0194 0.927 LS60.dat
1 0 5.7994 -24.0814 211.31 -0.0068 0.9998 -0.0188 0.9223 -0.001 -0.3864 0.3863 0.02 0.9221 LS60.dat
1 0 5.7703 -24.681 212.686 -0.0071 0.9998 -0.0193 0.9182 -0.0011 -0.3962 0.3962 0.0205 0.918 LS60.dat
1 0 5.7407 -25.2931 214.058 -0.0073 0.9998 -0.0196 0.9145 -0.0013 -0.4046 0.4045 0.0209 0.9143 LS60.dat
1 0 5.7106 -25.9164 215.428 -0.0074 0.9998 -0.0199 0.9113 -0.0015 -0.4117 0.4116 0.0212 0.9111 LS60.dat
1 0 5.6803 -26.5467 216.791 -0.0075 0.9998 -0.0201 0.9086 -0.0016 -0.4178 0.4177 0.0214 0.9083 LS60.dat
1 0 5.6496 -27.1863 218.153 -0.0075 0.9998 -0.0203 0.9061 -0.0018 -0.423 0.423 0.0216 0.9059 LS60.dat
1 0 5.6188 -27.8318 219.512 -0.0075 0.9998 -0.0204 0.904 -0.0019 -0.4276 0.4275 0.0217 0.9038 LS60.dat
1 0 5.5878 -28.4832 220.869 -0.0075 0.9998 -0.0206 0.9021 -0.0021 -0.4315 0.4314 0.0218 0.9019 LS60.dat
1 0 5.5568 -29.1374 222.219 -0.0075 0.9998 -0.0206 0.9005 -0.0023 -0.4348 0.4348 0.0218 0.9003 LS60.dat
1 0 5.5257 -29.7978 223.571 -0.0074 0.9998 -0.0207 0.8991 -0.0024 -0.4377 0.4376 0.0218 0.8989 LS60.dat
1 0 5.4945 -30.4615 224.922 -0.0073 0.9998 -0.0207 0.898 -0.0026 -0.4401 0.44 0.0218 0.8977 LS60.dat
1 0 5.4635 -31.1261 226.268 -0.0072 0.9998 -0.0207 0.897 -0.0027 -0.4421 0.442 0.0217 0.8967 LS60.dat
1 0 5.4324 -31.795 227.617 -0.007 0.9998 -0.0206 0.8962 -0.0028 -0.4436 0.4436 0.0216 0.896 LS60.dat
1 0 5.4015 -32.4658 228.966 -0.0069 0.9998 -0.0206 0.8956 -0.003 -0.4448 0.4448 0.0215 0.8954 LS60.dat
1 0 5.3707 -33.1358 230.311 -0.0067 0.9998 -0.0205 0.8952 -0.0031 -0.4456 0.4455 0.0213 0.895 LS60.dat
1 0 5.3402 -33.8056 231.654 -0.0065 0.9998 -0.0204 0.8951 -0.0032 -0.4459 0.4459 0.0211 0.8948 LS60.dat
1 0 5.31 -34.4756 232.999 -0.0063 0.9998 -0.0202 0.8951 -0.0033 -0.4459 0.4459 0.0209 0.8949 LS60.dat
1 0 5.28 -35.1461 234.347 -0.0061 0.9998 -0.02 0.8953 -0.0034 -0.4454 0.4454 0.0206 0.8951 LS60.dat
1 0 5.2504 -35.8142 235.694 -0.0059 0.9998 -0.0198 0.8958 -0.0035 -0.4445 0.4445 0.0203 0.8956 LS60.dat
1 0 5.2212 -36.4799 237.043 -0.0056 0.9998 -0.0195 0.8965 -0.0036 -0.443 0.443 0.0199 0.8963 LS60.dat
1 0 5.1926 -37.1431 238.396 -0.0053 0.9998 -0.0191 0.8976 -0.0037 -0.4409 0.4409 0.0195 0.8974 LS60.dat
1 0 5.1647 -37.8 239.747 -0.005 0.9998 -0.0187 0.8989 -0.0037 -0.4381 0.438 0.019 0.8988 LS60.dat
1 0 5.1375 -38.4527 241.105 -0.0046 0.9998 -0.0182 0.9007 -0.0037 -0.4344 0.4343 0.0184 0.9006 LS60.dat
1 0 5.1113 -39.0966 242.464 -0.0043 0.9998 -0.0176 0.903 -0.0037 -0.4295 0.4295 0.0177 0.9029 LS60.dat
1 0 5.0864 -39.7292 243.826 -0.0038 0.9999 -0.0169 0.906 -0.0037 -0.4233 0.4233 0.0169 0.9058 LS60.dat
1 0 5.0629 -40.3498 245.197 -0.0033 0.9999 -0.0159 0.9098 -0.0036 -0.4151 0.4151 0.0159 0.9096 LS60.dat
1 0 5.0414 -40.9528 246.576 -0.0028 0.9999 -0.0147 0.9147 -0.0034 -0.4042 0.4042 0.0146 0.9145 LS60.dat
1 0 5.0226 -41.5289 247.961 -0.0022 0.9999 -0.0131 0.9212 -0.0031 -0.3891 0.3891 0.0129 0.9211 LS60.dat
1 0 5.0075 -42.0688 249.361 -0.0015 0.9999 -0.0108 0.9302 -0.0026 -0.367 0.367 0.0106 0.9301 LS60.dat
1 0 4.9986 -42.5485 250.784 -0.0006 1 -0.0072 0.9435 -0.0018 -0.3315 0.3315 0.007 0.9434 LS60.dat
1 0 4.9722 -42.9325 252.24 -0.0002 0.9999 -0.015 0.9617 -0.0039 -0.2741 0.2741 0.0144 0.9616 LS60.dat
1 0 4.8426 -43.4036 253.659 -0.0033 0.9976 -0.0686 0.9525 -0.0178 -0.304 0.3045 0.0663 0.9502 LS60.dat
1 0 4.5209 -43.9126 255.039 -0.0207 0.9838 -0.178 0.943 -0.0399 -0.3304 0.3322 0.1747 0.9269 LS60.dat
1 0 3.837 -44.4256 256.292 -0.068 0.9198 -0.3864 0.938 -0.073 -0.3389 0.3399 0.3854 0.8578 LS60.dat
1 0 2.6346 -44.8276 257.178 -0.1308 0.7045 -0.6976 0.9525 -0.1059 -0.2856 0.275 0.7018 0.6572 LS60.dat
1 0 1.1285 -45.0038 257.528 -0.1126 0.3572 -0.9272 0.9817 -0.1045 -0.1594 0.1538 0.9282 0.3389 LS60.dat
1 0 -0.3971 -45.0169 257.545 -0.0392 0.0966 -0.9946 0.9962 -0.0741 -0.0464 0.0782 0.9926 0.0933 LS60.dat
1 0 -1.8856 -44.9389 257.26 0.0272 -0.1193 -0.9925 0.9996 0 0.0274 0.0033 0.9929 -0.1192 LS60.dat
1 0 -3.0037 -44.6704 256.173 0.115 -0.5794 -0.8069 0.99 -0 0.1411 0.0818 0.8151 -0.5736 LS60.dat
1 0 -3.1204 -44.2543 254.59 0.0424 -0.9647 -0.2599 0.9697 -0.0229 0.2433 0.2406 0.2624 -0.9345 LS60.dat
1 0 -2.7867 -43.8062 253.151 -0.0029 -0.9948 0.1019 0.9582 0.0264 0.2848 0.286 -0.0985 -0.9532 LS60.dat
1 0 -2.1057 -43.2724 251.892 -0.0375 -0.9299 0.3659 0.9363 0.0952 0.338 0.3491 -0.3553 -0.8671 LS60.dat
1 0 -1.0176 -42.7098 250.965 -0.1144 -0.7636 0.6354 0.9156 0.1671 0.3657 0.3854 -0.6236 -0.6801 LS60.dat
1 0 0.2165 -42.1677 250.272 -0.1719 -0.6071 0.7758 0.909 0.2057 0.3624 0.3796 -0.7676 -0.5165 LS60.dat
1 0 1.4122 -41.6271 249.542 -0.1791 -0.5844 0.7914 0.9087 0.21 0.3607 0.377 -0.7838 -0.4935 LS60.dat
1 0 2.4003 -41.0745 248.545 -0.136 -0.7091 0.6919 0.9124 0.1825 0.3665 0.3861 -0.6811 -0.6221 LS60.dat
1 0 2.9584 -40.5568 247.214 -0.0573 -0.8904 0.4515 0.9292 0.1178 0.3503 0.3651 -0.4397 -0.8206 LS60.dat
1 0 3.0735 -40.1304 245.747 -0.0081 -0.9854 0.1703 0.9527 0.0441 0.3006 0.3037 -0.1646 -0.9384 LS60.dat
1 0 2.9899 -39.7625 244.284 -0 -1 0.0007 0.9659 0.0002 0.259 0.259 -0.0007 -0.9659 LS60.dat
1 0 2.9948 -39.3728 242.834 -0 -1 0.0026 0.9657 0.0007 0.2595 0.2595 -0.0025 -0.9657 LS60.dat
1 0 2.9997 -38.9831 241.385 -0 -1 0.0031 0.9657 0.0008 0.2597 0.2597 -0.003 -0.9657 LS60.dat
1 0 3.0005 -38.5946 239.937 -0 -1 0.0012 0.9658 0.0003 0.2591 0.2591 -0.0011 -0.9658 LS60.dat
0 SYNTH SYNTHESIZED END
0 SYNTH END
0
