0 40053 Easter Bunny with Basket
0 Author: marco9999
0 ROTATION CENTER 0 0 0 1 "Custom" 
0 ROTATION CONFIG 0 0
1 71 36.2416 -246.405 -104.05 0.969016 0 -0.246999 -0.246999 0 -0.969016 0 1 0 3040b.dat
1 71 41.1816 -227.024 -80.05 -0.246999 0 -0.969016 -0.969016 0 0.246999 0 1 0 3623.dat
1 15 43.6515 -217.334 -72.05 0.246998 0 0.969016 0.969016 0 -0.246998 0 1 0 63868.dat
1 29 68 -158.001 -124 1 0 0 0 0 -1 0 1 0 6141.dat
1 71 68 -158.001 -116 1 0 0 0 0 -1 0 1 0 4081b.dat
1 71 67.9999 -158 -108 1 0 0 0 0 -1 0 1 0 3024.dat
1 15 56 -137.872 -114.214 0 1 0 0.999702 0 0.0244171 0.0244171 0 -0.999702 4592.dat
1 0 54.3892 -138.012 -113.634 0 0.889251 0.457419 0.999702 -0.0111716 0.0217178 0.0244227 0.457283 -0.888986 4593.dat
1 15 80 -138.126 -114.217 0 -1 0 -1 0 0 0 0 -1 4592.dat
1 0 81.6107 -138.001 -113.634 0 -0.889251 -0.457419 -1 0 0 0 0.457419 -0.889251 4593.dat
1 0 67.9999 -168 -90.0001 1 0 0 0 1 0 0 0 1 87087.dat
1 71 68 -192.001 -90.0001 1 0 0 0 1 0 0 0 1 3623.dat
1 71 67.9999 -184 -90.0001 1 0 0 0 1 0 0 0 1 3024.dat
1 15 48 -184 -90 1 0 0 0 1 0 0 0 1 3005pe4.dat
1 71 67.9999 -176 -90.0001 1 0 0 0 1 0 0 0 1 3024.dat
1 15 88 -184 -90.0001 1 0 0 0 1 0 0 0 1 3005pe4.dat
1 71 48 -160 -90 1 0 0 0 1 0 0 0 1 4070.dat
1 71 48 -150 -104 0 0 1 1 0 0 0 1 0 3070b.dat
1 71 88 -160 -90.0001 1 0 0 0 1 0 0 0 1 4070.dat
1 71 88 -150 -104 0 0 1 1 0 0 0 1 0 3070b.dat
1 71 67.9999 -144 -90 1 0 0 0 1 0 0 0 1 3024.dat
1 71 48 -150 -80 1 0 0 0 0 -1 0 1 0 3794b.dat
1 71 88 -150 -80.0001 1 0 0 0 0 -1 0 1 0 3794b.dat
1 71 48 -136 -90 1 0 0 0 1 0 0 0 1 3024.dat
1 4 67.9999 -136 -90 1 0 0 0 1 0 0 0 1 3024.dat
1 71 88 -136 -90 1 0 0 0 1 0 0 0 1 3024.dat
1 71 38 -150 -72 0 0 -1 -1 0 0 0 1 0 3024.dat
1 71 98 -150 -72.0001 0 0 -1 -1 0 0 0 1 0 3024.dat
1 15 68 -150 -72 -1 0 0 0 0 1 0 1 0 92692.dat
1 71 68 -150 -64 1 0 0 0 0 -1 0 1 0 3710.dat
1 71 68 -128 -80 1 0 0 0 1 0 0 0 1 3021.dat
1 71 68 -136 -70 -1 0 0 0 1 0 0 0 -1 63864.dat
1 71 68 -120 -90 1 0 0 0 1 0 0 0 1 3794b.dat
1 71 68 -112 -80 1 0 0 0 1 0 0 0 1 3679.dat
1 71 68 -120 -70 1 0 0 0 1 0 0 0 1 3794b.dat
1 71 97.8205 -246.899 -104.05 0.969016 0 0.247 0.247 0 -0.969016 0 1 0 3040b.dat
1 71 92.8805 -227.518 -80.05 0.247 0 -0.969016 -0.969016 0 -0.247 0 1 0 3623.dat
1 15 90.4105 -217.828 -72.05 -0.247 0 0.969015 0.969015 0 0.247 0 1 0 63868.dat
1 15 68 -112 -80 1 0 0 0 1 0 0 0 1 3680.dat
1 71 68 -104 -70 1 0 0 0 1 0 0 0 1 3023.dat
1 71 68 -95.9999 -70 1 0 0 0 1 0 0 0 1 3023.dat
1 71 68 -87.9999 -70 -1 0 0 0 1 0 0 0 -1 3039.dat
1 4 68 -63.9999 -80 1 0 0 0 1 0 0 0 1 3003.dat
1 71 68 -79.9999 -90 1 0 0 0 1 0 0 0 1 3023.dat
1 71 68 -71.9999 -90 1 0 0 0 1 0 0 0 1 44728.dat
1 15 68.075 -51.9999 -112 1 0 0 0 0 -1 0 1 0 4150.dat
1 71 68 -39.9999 -90 1 0 0 0 1 0 0 0 1 3004.dat
1 71 68 -63.9999 -50 1 0 0 0 1 0 0 0 1 3700.dat
1 71 68 -15.9999 -80 1 0 0 0 1 0 0 0 1 3020.dat
1 72 98 -7.9999 -130 1 0 0 0 1 0 0 0 1 50746.dat
1 72 98 -7.9999 -100 0 0 -1 0 1 0 1 0 0 3710.dat
1 72 98 -7.9999 -110 -1 0 0 0 1 0 0 0 -1 50746.dat
1 71 48 -39.9999 -70 -1 0 0 0 1 0 0 0 -1 3660b.dat
1 71 38 -71.9999 -90 1 0 0 0 1 0 0 0 1 3040b.dat
1 71 38 -47.9999 -80 0 0 -1 0 1 0 1 0 0 3710.dat
1 71 38 -39.9999 -90 1 0 0 0 1 0 0 0 1 3665b.dat
1 71 38 -71.9999 -70 -1 0 0 0 1 0 0 0 -1 3040b.dat
1 71 88 -39.9999 -70 -1 0 0 0 1 0 0 0 -1 3660b.dat
1 71 98 -71.9999 -90 1 0 0 0 1 0 0 0 1 3040b.dat
1 71 98 -47.9999 -80 0 0 -1 0 1 0 1 0 0 3710.dat
1 71 98 -39.9999 -90 1 0 0 0 1 0 0 0 1 3665b.dat
1 71 98 -71.9999 -70 -1 0 0 0 1 0 0 0 -1 3040b.dat
1 72 28 -7.9999 -70 1 0 0 0 1 0 0 0 1 3710.dat
1 72 -2.00003 -7.9999 -70 0 0 1 0 1 0 -1 0 0 50746.dat
1 72 18 -7.9999 -70 0 0 -1 0 1 0 1 0 0 50746.dat
1 71 58 -104 -90 0 0 1 0 1 0 -1 0 0 3040b.dat
1 71 78 -104 -90 0 0 -1 0 1 0 1 0 0 3040b.dat
1 15 38 -71.9999 -130 1 0 0 0 1 0 0 0 1 6141.dat
1 71 38 -79.9999 -100 0 0 -1 0 1 0 1 0 0 3710.dat
1 71 38 -79.9999 -70 0 0 1 0 1 0 -1 0 0 50746.dat
1 15 97.9999 -71.9999 -130 1 0 0 0 1 0 0 0 1 6141.dat
1 71 98 -79.9999 -100 0 0 -1 0 1 0 1 0 0 3710.dat
1 71 98 -79.9999 -70 0 0 -1 0 1 0 1 0 0 50746.dat
1 1 68 -54.4999 -40 0 0 1 0 -1 0 1 0 0 4274.dat
1 15 68 -54.4999 -16 1 0 0 0 0 1 0 -1 0 98262.dat
1 14 -110 -87.9999 -70 1 0 0 0 1 0 0 0 1 6091.dat
1 14 -110 -87.9999 -60 0 0 -1 0 1 0 1 0 0 3023.dat
1 85 -130 -55.9999 -70 1 0 0 0 1 0 0 0 1 6141.dat
1 85 -130 -47.9999 -70 1 0 0 0 1 0 0 0 1 6141.dat
1 14 -110 -39.9999 -60 1 0 0 0 1 0 0 0 1 3021.dat
1 27 -90 -55.9999 -70 1 0 0 0 1 0 0 0 1 6141.dat
1 27 -90 -47.9999 -70 1 0 0 0 1 0 0 0 1 6141.dat
1 25 -90 -47.9999 -50 1 0 0 0 1 0 0 0 1 6141.dat
1 25 -90 -55.9999 -50 1 0 0 0 1 0 0 0 1 6141.dat
1 4 -110 -47.9999 -50 1 0 0 0 1 0 0 0 1 6141.dat
1 4 -110 -55.9999 -50 1 0 0 0 1 0 0 0 1 6141.dat
1 14 -70 -55.9999 -60 0 0 -1 0 1 0 1 0 0 3010.dat
1 14 -90 -31.9999 -70 1 0 0 0 1 0 0 0 1 3676.dat
1 14 -90 -31.9999 -50 0 0 -1 0 1 0 1 0 0 3676.dat
1 14 -110 -7.9999 -60 1 0 0 0 1 0 0 0 1 3021.dat
1 14 -110 -55.9999 -90 1 0 0 0 1 0 0 0 1 3622.dat
1 14 -110 -31.9999 -70 1 0 0 0 1 0 0 0 1 3665b.dat
1 14 -150 -55.9999 -60 0 0 -1 0 1 0 1 0 0 3010.dat
1 14 -130 -31.9999 -70 0 0 1 0 1 0 -1 0 0 3676.dat
1 14 -130 -31.9999 -50 -1 0 0 0 1 0 0 0 -1 3676.dat
1 14 -110 -31.9999 -50 -1 0 0 0 1 0 0 0 -1 3665b.dat
1 14 -110 -55.9999 -30 1 0 0 0 1 0 0 0 1 3622.dat
1 14 -110 -87.9999 -50 -1 0 0 0 1 0 0 0 -1 6091.dat
0
