0 FILE 40522.ldr
0 Untitled
0 Name: 40522.ldr
0 Author: marco9999
0 Unofficial Model
0 ROTATION CENTER 40 0 -80 1 "Custom" 
0 ROTATION CONFIG 1 0
1 7 0 0 0 1 0 0 0 1 0 0 0 1 40522 base.ldr
1 7 0 0 0 1 0 0 0 1 0 0 0 1 40522 heart.ldr
1 7 -239.83 -40.1 252.843 0.948324 0 -0.317305 0 1 0 0.317305 0 0.948324 40522 bird1.ldr
1 7 77.708 0 1.106 0.622515 0 0.782608 0 1 0 -0.782608 0 0.622515 40522 bird2.ldr
0
0 FILE 40522 bird2.ldr
0 40522 bird2
0 Author: m
0 ROTATION CENTER 0 0 0 1 "Custom" 
0 ROTATION CONFIG 0 0
1 191 30.0002 -214.001 -156 -1 0 0 0 0 1 0 1 0 25269.dat
1 4 40.0002 -194.001 -180 -1 0 0 0 0 1 0 1 0 15571.dat
1 4 40.0002 -194.001 -156 1 0 0 0 0 -1 0 1 0 3023.dat
1 191 40.0002 -204.001 -148 1 0 0 0 0 -1 0 1 0 3022.dat
1 27 40.0002 -224.001 -120 1 0 0 0 1 0 0 0 1 15068.dat
1 14 40.0001 -224.001 -130 1 0 0 0 1 0 0 0 1 67329.dat
1 191 12.0002 -203.995 -130 0 1 0 -1 0 0 0 0 1 15573.dat
1 191 68.0001 -204.006 -130 0 -1 0 1 0 0 0 0 1 15573.dat
1 27 40.0001 -232.001 -100 1 0 0 0 1 0 0 0 1 3022.dat
1 27 40.0002 -224.001 -90.0001 -1 0 0 0 1 0 0 0 -1 11211.dat
1 29 40.0002 -200.001 -90.0001 1 0 0 0 1 0 0 0 1 3023.dat
1 4 40.0002 -192.001 -90.0001 1 0 0 0 1 0 0 0 1 3023.dat
1 27 40.0002 -204.001 -80.0002 1 0 0 0 0 1 0 -1 0 15068.dat
1 27 40.0002 -194.001 -72.0001 1 0 0 0 0 1 0 -1 0 3023.dat
1 14 40.0002 -184.001 -80.0001 -1 0 0 0 1 0 0 0 -1 33909.dat
1 29 40.0002 -176.001 -90.0001 1 0 0 0 1 0 0 0 1 3023.dat
1 27 40.0002 -168.001 -90.0001 1 0 0 0 1 0 0 0 1 3710.dat
1 27 10.0003 -168.001 -90.0001 0 0 1 0 1 0 -1 0 0 50746.dat
1 27 70.0002 -168.001 -90.0001 0 0 -1 0 1 0 1 0 0 50746.dat
1 27 10.0002 -160.001 -90 1 0 0 0 1 0 0 0 1 2420.dat
1 191 40.0001 -160.001 -120 1 0 0 0 1 0 0 0 1 3022.dat
1 27 40.0002 -152.001 -100 1 0 0 0 1 0 0 0 1 3020.dat
1 27 10.0002 -160.001 -110 1 0 0 0 1 0 0 0 1 3070b.dat
1 27 70.0002 -160.001 -110 1 0 0 0 1 0 0 0 1 3070b.dat
1 27 40.0002 -144.001 -110 1 0 0 0 1 0 0 0 1 3010.dat
1 27 70.0002 -160.001 -90.0001 0 0 -1 0 1 0 1 0 0 2420.dat
1 5 40.0002 -144.001 -89.9999 1 0 0 0 1 0 0 0 1 3004.dat
1 70 40.0001 -120.001 -90 0 0 -1 0 1 0 1 0 0 3021.dat
1 27 40.0003 -176.001 -70.0001 -1 0 0 0 1 0 0 0 -1 3678b.dat
1 0 40.0002 -128.001 -70.0001 1 0 0 0 1 0 0 0 1 3710.dat
1 2 40.0001 -112.001 -80 0 0 -1 0 1 0 1 0 0 3020.dat
1 27 40.0001 -112.001 -130 1 0 0 0 1 0 0 0 1 3023.dat
1 2 40.0001 -104.001 -110 1 0 0 0 1 0 0 0 1 3660b.dat
1 5 40.0001 -104.001 -89.9999 1 0 0 0 1 0 0 0 1 3004.dat
1 2 40.0001 -80.0006 -100 1 0 0 0 1 0 0 0 1 3022.dat
1 70 40.0002 -72.0006 -90 0 0 -1 0 1 0 1 0 0 3021.dat
1 0 30.0002 -128.001 -50.0001 -1 0 0 0 1 0 0 0 -1 49668.dat
1 0 50.0003 -128.001 -50.0001 -1 0 0 0 1 0 0 0 -1 49668.dat
1 2 40.0002 -104.001 -70.0001 -1 0 0 0 1 0 0 0 -1 3660b.dat
1 2 40.0002 -80.0006 -70 1 0 0 0 1 0 0 0 1 3710.dat
1 71 40.0001 -64.0006 -79.9999 1 0 0 0 1 0 0 0 1 3679.dat
1 0 10.0002 -120.001 -70 0 0 -1 0 1 0 1 0 0 3623.dat
1 2 10.0002 -112.001 -70 -1 0 0 0 1 0 0 0 -1 3665b.dat
1 2 10.0002 -112.001 -90 1 0 0 0 1 0 0 0 1 3665b.dat
1 0 70.0002 -120.001 -70 0 0 -1 0 1 0 1 0 0 3623.dat
1 2 70.0002 -112.001 -70 -1 0 0 0 1 0 0 0 -1 3665b.dat
1 2 70.0002 -112.001 -90 1 0 0 0 1 0 0 0 1 3665b.dat
1 71 10.0002 -80.0006 -90 1 0 0 0 1 0 0 0 1 49668.dat
1 2 10.0002 -88.0006 -80 0 0 -1 0 1 0 1 0 0 3023.dat
1 70 10.0002 -72.0006 -80 0 0 -1 0 1 0 1 0 0 3023.dat
1 71 70.0001 -80.0006 -90 1 0 0 0 1 0 0 0 1 49668.dat
1 2 70.0001 -88.0006 -80 0 0 -1 0 1 0 1 0 0 3023.dat
1 70 70.0001 -72.0006 -80 0 0 -1 0 1 0 1 0 0 3023.dat
1 27 10.0002 -144.001 -90 0 0 1 0 1 0 -1 0 0 87087.dat
1 2 -7.99978 -134.001 -90.0001 0 1 0 -0.874684 0 0.484693 0.484693 0 0.874684 3022.dat
1 2 0.000223128 -133.054 -67.6594 0 1 0 0.874684 0 -0.484693 -0.484693 0 -0.874684 29120.dat
1 2 0.000223128 -115.56 -77.3533 0 1 0 0.874684 0 -0.484693 -0.484693 0 -0.874684 29120.dat
1 2 0.000219019 -152.441 -102.647 0 1 0 -0.874684 0 0.484693 0.484693 0 0.874684 29120.dat
1 2 0.000219019 -134.948 -112.341 0 1 0 -0.874684 0 0.484693 0.484693 0 0.874685 11477.dat
1 27 70.0002 -144.001 -90.0001 0 0 -1 0 1 0 1 0 0 87087.dat
1 2 88.0002 -134.001 -90 0 -1 0 0.874925 0 0.484259 -0.484259 0 0.874925 3022.dat
1 2 80.0002 -115.566 -77.3441 0 -1 0 -0.874925 0 -0.484259 0.484259 0 -0.874925 29119.dat
1 2 80.0002 -134.937 -112.341 0 -1 0 0.874925 0 0.484259 -0.484259 0 0.874925 11477.dat
1 2 80.0002 -133.065 -67.659 0 -1 0 -0.874925 0 -0.484259 0.484259 0 -0.874925 29119.dat
1 2 80.0002 -152.435 -102.656 0 -1 0 0.874925 0 0.484259 -0.484259 0 0.874925 29119.dat
1 0 70.0002 -112.001 -40 -1 0 0 0 1 0 0 0 -1 11477.dat
1 14 10.0002 -120.001 -109.948 1 0 0 0 1 0 0 0 1 73825.dat
1 191 10.0002 -142.001 -131.948 1 0 0 0 0 -1 0 1 0 24246.dat
1 27 10.0002 -122.001 -131.948 1 0 0 0 0 -1 0 1 0 24246.dat
1 2 50.0002 -120.001 -20 -1 0 0 0 1 0 0 0 -1 61678.dat
1 10 70.0002 -152.001 -70.0001 -1 0 0 0 1 0 0 0 -1 3040b.dat
1 191 50.0001 -214.001 -156 0 0 -1 -1 0 0 0 1 0 25269.dat
1 10 10.0002 -152.001 -70.0001 -1 0 0 0 1 0 0 0 -1 3040b.dat
1 0 10.0002 -112.001 -40 -1 0 0 0 1 0 0 0 -1 11477.dat
1 2 30.0002 -120.001 -20 -1 0 0 0 1 0 0 0 -1 61678.dat
1 15 4 -203.995 -130 0 1 0 -0.707107 0 0.707107 0.707107 0 0.707107 98138p07.dat
1 71 30.0001 -224.001 -110 0 0 1 0 1 0 -1 0 0 32952.dat
1 191 20.0001 -204.001 -110 0 1 0 0 0 1 1 0 0 11477.dat
1 27 12.0001 -194.001 -110 0 1 0 0 0 1 1 0 0 2420.dat
1 27 30.0001 -184.001 -110 0 0 1 0 1 0 -1 0 0 87087.dat
1 191 20.0001 -204.001 -90 0 1 0 0 0 1 1 0 0 29120.dat
1 191 4.00013 -174.001 -110 0 1 0 1 0 0 0 0 -1 25269.dat
1 191 50.0001 -152.001 -130 1 0 0 0 1 0 0 0 1 32952.dat
1 27 50.0001 -122.001 -148 1 0 0 0 0 -1 0 1 0 24246.dat
1 14 50.0002 -142.001 -148 1 0 0 0 0 -1 0 1 0 24246.dat
1 191 30.0001 -152.001 -130 1 0 0 0 1 0 0 0 1 32952.dat
1 27 30.0002 -122.001 -148 1 0 0 0 0 -1 0 1 0 24246.dat
1 14 30.0002 -142.001 -148 1 0 0 0 0 -1 0 1 0 24246.dat
1 15 76 -204.006 -130 0 -1 0 0.707107 0 -0.707107 0.707107 0 0.707107 98138p07.dat
1 191 50.0002 -184.001 -130 1 0 0 0 1 0 0 0 1 26604.dat
1 191 39.9946 -174.001 -148 1 0 0 0 0 -1 0 1 0 50746.dat
1 191 39.9946 -174.001 -148 1 0 0 0 0 -1 0 1 0 15573.dat
1 191 30.0001 -184.001 -130 0 0 1 0 1 0 -1 0 0 26604.dat
1 191 12.0001 -174.001 -130 0 1 0 0 0 -1 -1 0 0 25269.dat
1 191 68.0002 -174.001 -130 0 -1 0 1 0 0 0 0 1 25269.dat
1 14 70.0002 -120.001 -109.948 1 0 0 0 1 0 0 0 1 73825.dat
1 27 70.0002 -122.001 -131.948 1 0 0 0 0 -1 0 1 0 24246.dat
1 191 70.0002 -142.001 -131.948 1 0 0 0 0 -1 0 1 0 24246.dat
1 71 50.0001 -224.001 -110 0 0 -1 0 1 0 1 0 0 32952.dat
1 191 60.0001 -204.001 -110 0 -1 0 0 0 1 -1 0 0 11477.dat
1 27 68.0001 -194.001 -110 0 -1 0 1 0 0 0 0 1 2420.dat
1 27 50.0001 -184.001 -110 0 0 -1 0 1 0 1 0 0 87087.dat
1 191 76.0001 -174.001 -110 0 -1 0 0 0 -1 1 0 0 25269.dat
1 191 60.0001 -204.001 -89.9999 0 -1 0 0 0 1 -1 0 0 29119.dat
0 
0
0 FILE 40522 bird1.ldr
0 40522 bird1
0 Author: m
0 ROTATION CENTER 0 0 0 1 "Custom" 
0 ROTATION CONFIG 0 0
1 27 -3.00005 -80.0001 -370 0 0 1 0 1 0 -1 0 0 87087.dat
1 0 -3.00005 -56.0001 -350 0 0 -1 0 1 0 1 0 0 3623.dat
1 2 -3.00004 -48.0001 -350 -1 0 0 0 1 0 0 0 -1 3665b.dat
1 2 -3.00005 -24.0001 -360 0 0 -1 0 1 0 1 0 0 3023.dat
1 71 -3.00005 -16.0001 -370 1 0 0 0 1 0 0 0 1 49668.dat
1 70 -3.00005 -8.00011 -360 0 0 -1 0 1 0 1 0 0 3023.dat
1 70 26.9999 -56.0001 -370 0 0 -1 0 1 0 1 0 0 3021.dat
1 5 26.9999 -80.0001 -370 1 0 0 0 1 0 0 0 1 3004.dat
1 27 26.9999 -88.0001 -380 1 0 0 0 1 0 0 0 1 3020.dat
1 14 56.9999 -96.0001 -390 1 0 0 0 1 0 0 0 1 3070b.dat
1 14 -3.00009 -96.0001 -390 1 0 0 0 1 0 0 0 1 3070b.dat
1 27 -3.00009 -96.0001 -370 1 0 0 0 1 0 0 0 1 2420.dat
1 27 26.9999 -104 -370 1 0 0 0 1 0 0 0 1 3710.dat
1 27 56.9999 -96.0001 -370 0 0 -1 0 1 0 1 0 0 2420.dat
1 14 56.9999 -104 -370 0 0 -1 0 1 0 1 0 0 50746.dat
1 14 -3.00008 -104 -370 0 0 1 0 1 0 -1 0 0 50746.dat
1 4 26.9999 -112 -370 1 0 0 0 1 0 0 0 1 3023.dat
1 14 26.9999 -120 -360 -1 0 0 0 1 0 0 0 -1 33909.dat
1 4 26.9999 -128 -370 1 0 0 0 1 0 0 0 1 3023.dat
1 14 26.9999 -136 -370 1 0 0 0 1 0 0 0 1 3023.dat
1 14 26.9999 -160 -370 -1 0 0 0 1 0 0 0 -1 11211.dat
1 191 26.9999 -168 -380 1 0 0 0 1 0 0 0 1 3022.dat
1 191 26.9998 -160 -400 1 0 0 0 1 0 0 0 1 15068.dat
1 14 26.9999 -160 -410 1 0 0 0 1 0 0 0 1 67329.dat
1 27 26.9999 -112 -350 -1 0 0 0 1 0 0 0 -1 3678b.dat
1 0 26.9999 -64.0001 -350 1 0 0 0 1 0 0 0 1 3710.dat
1 27 26.9999 -80.0001 -390 1 0 0 0 1 0 0 0 1 3010.dat
1 2 26.9999 -48.0001 -360 0 0 -1 0 1 0 1 0 0 3020.dat
1 5 26.9999 -40.0001 -370 1 0 0 0 1 0 0 0 1 3004.dat
1 2 26.9999 -16.0001 -380 1 0 0 0 1 0 0 0 1 3022.dat
1 70 26.9999 -8.0001 -370 0 0 -1 0 1 0 1 0 0 3021.dat
1 71 26.9999 -0.0001 -360 0 0 -1 0 1 0 1 0 0 3679.dat
1 2 26.9999 -16.0001 -350 1 0 0 0 1 0 0 0 1 3710.dat
1 2 27 -40.0001 -350 -1 0 0 0 1 0 0 0 -1 3660b.dat
1 27 26.9999 -40.0001 -390 1 0 0 0 1 0 0 0 1 3660b.dat
1 27 26.9999 -48.0001 -410 1 0 0 0 1 0 0 0 1 3023.dat
1 25 26.9999 -140 -428 1 0 0 0 0 -1 0 1 0 3022.dat
1 191 26.9999 -96.0001 -400 1 0 0 0 1 0 0 0 1 3022.dat
1 4 26.9999 -130 -436 1 0 0 0 0 -1 0 1 0 3023.dat
1 4 26.9999 -130 -460 -1 0 0 0 0 1 0 1 0 15571.dat
1 25 -1.00009 -139.995 -410 0 1 0 -1 0 0 0 0 1 15573.dat
1 25 54.9999 -139.995 -410 0 -1 0 -1 0 0 0 0 -1 15573.dat
1 14 26.9999 -140 -360 1 0 0 0 0 1 0 -1 0 15068.dat
1 14 26.9999 -130 -352 1 0 0 0 0 1 0 -1 0 3023.dat
1 0 16.9999 -64.0001 -330 -1 0 0 0 1 0 0 0 -1 49668.dat
1 0 36.9999 -64.0001 -330 -1 0 0 0 1 0 0 0 -1 49668.dat
1 27 -3.00005 -48.0001 -370 1 0 0 0 1 0 0 0 1 3665b.dat
1 0 56.9999 -56.0001 -350 0 0 -1 0 1 0 1 0 0 3623.dat
1 2 56.9999 -48.0001 -350 -1 0 0 0 1 0 0 0 -1 3665b.dat
1 2 56.9999 -24.0001 -360 0 0 -1 0 1 0 1 0 0 3023.dat
1 71 56.9999 -16.0001 -370 1 0 0 0 1 0 0 0 1 49668.dat
1 70 56.9999 -8.00011 -360 0 0 -1 0 1 0 1 0 0 3023.dat
1 27 56.9999 -48.0001 -370 1 0 0 0 1 0 0 0 1 3665b.dat
1 71 16.9999 -160 -390 0 0 1 0 1 0 -1 0 0 32952.dat
1 14 -1.00011 -130 -390 0 1 0 0 0 1 1 0 0 2420.dat
1 14 16.9999 -120 -390 0 0 1 0 1 0 -1 0 0 87087.dat
1 25 6.99989 -140 -390 0 1 0 0 0 1 1 0 0 11477.dat
1 25 -9.00011 -110 -390 0 1 0 1 0 0 0 0 -1 25269.dat
1 191 6.99989 -140 -370 0 1 0 0 0 1 1 0 0 29120.dat
1 71 36.9999 -160 -390 0 0 -1 0 1 0 1 0 0 32952.dat
1 14 54.9999 -130 -390 0 -1 0 1 0 0 0 0 1 2420.dat
1 14 36.9999 -120 -390 0 0 -1 0 1 0 1 0 0 87087.dat
1 25 46.9999 -140 -390 0 -1 0 0 0 1 -1 0 0 11477.dat
1 25 62.9999 -110 -390 0 -1 0 0 0 -1 1 0 0 25269.dat
1 191 46.9999 -140 -370 0 -1 0 0 0 1 -1 0 0 29119.dat
1 191 36.9999 -120 -410 1 0 0 0 1 0 0 0 1 26604.dat
1 25 26.9943 -110 -428 1 0 0 0 0 -1 0 1 0 15573.dat
1 25 26.9943 -110 -428 1 0 0 0 0 -1 0 1 0 50746.dat
1 191 16.9999 -120 -410 0 0 1 0 1 0 -1 0 0 26604.dat
1 25 -1.00012 -110 -410 0 1 0 0 0 -1 -1 0 0 25269.dat
1 25 54.9999 -110 -410 0 -1 0 1 0 0 0 0 1 25269.dat
1 2 36.9999 -56.0001 -300 -1 0 0 0 1 0 0 0 -1 61678.dat
1 2 16.9999 -56.0001 -300 -1 0 0 0 1 0 0 0 -1 61678.dat
1 10 -3.00009 -88.0001 -350 -1 0 0 0 1 0 0 0 -1 3040b.dat
1 10 56.9999 -88.0001 -350 -1 0 0 0 1 0 0 0 -1 3040b.dat
1 14 -3.00006 -56.0001 -389.847 1 0 0 0 1 0 0 0 1 73825.dat
1 27 -3.00006 -58.0001 -411.947 1 0 0 0 0 -1 0 1 0 24246.dat
1 27 -3.00006 -78.0001 -411.947 1 0 0 0 0 -1 0 1 0 24246.dat
1 14 56.9999 -56.0001 -389.847 1 0 0 0 1 0 0 0 1 73825.dat
1 27 56.9999 -78.0001 -411.947 1 0 0 0 0 -1 0 1 0 24246.dat
1 27 56.9999 -58.0001 -411.947 1 0 0 0 0 -1 0 1 0 24246.dat
1 15 63 -139.995 -410 0 -1 0 0.707107 0 -0.707107 0.707107 0 0.707107 98138p07.dat
1 25 36.9999 -150 -436 0 0 -1 -1 0 0 0 1 0 25269.dat
1 25 16.9999 -150 -436 -1 0 0 0 0 1 0 1 0 25269.dat
1 27 56.9999 -80.0001 -370 0 0 -1 0 1 0 1 0 0 87087.dat
1 2 74.9999 -70.0001 -370 0 -1 0 0.938321 0 0.345766 -0.345766 0 0.938321 3022.dat
1 2 66.9999 -86.2987 -385.309 0 -1 0 0.938321 0 0.345766 -0.345766 0 0.938321 29119.dat
1 2 66.9999 -53.7016 -354.691 0 -1 0 -0.938321 0 -0.345766 0.345766 0 -0.938321 29119.dat
1 2 66.9999 -67.5322 -392.224 0 -1 0 0.938321 0 0.345766 -0.345766 0 0.938321 11477.dat
1 2 66.9999 -72.468 -347.776 0 -1 0 -0.938321 0 -0.345766 0.345766 0 -0.938321 29119.dat
1 191 16.9999 -88.0001 -410 1 0 0 0 1 0 0 0 1 32952.dat
1 25 16.9999 -58.0001 -428 1 0 0 0 0 -1 0 1 0 24246.dat
1 25 16.9999 -78.0001 -428 1 0 0 0 0 -1 0 1 0 24246.dat
1 191 36.9999 -88.0001 -410 1 0 0 0 1 0 0 0 1 32952.dat
1 25 36.9999 -78.0001 -428 1 0 0 0 0 -1 0 1 0 24246.dat
1 25 36.9999 -58.0001 -428 1 0 0 0 0 -1 0 1 0 24246.dat
1 0 -3.00001 -48.0001 -320 -1 0 0 0 1 0 0 0 -1 11477.dat
1 0 56.9999 -48.0001 -320 -1 0 0 0 1 0 0 0 -1 11477.dat
1 2 -21.0001 -70.0001 -370 0 1 0 0.866564 0 -0.499065 -0.499065 0 -0.866564 3022.dat
1 2 -13 -68.6844 -347.678 0 1 0 0.866564 0 -0.499065 -0.499065 0 -0.866564 29120.dat
1 2 -13 -51.3531 -357.659 0 1 0 0.866564 0 -0.499065 -0.499065 0 -0.866564 29120.dat
1 2 -13.0001 -88.6471 -382.341 0 1 0 -0.866564 0 0.499066 0.499066 0 0.866564 29120.dat
1 2 -13.0001 -71.3158 -392.322 0 1 0 -0.866564 0 0.499066 0.499066 0 0.866564 11477.dat
1 15 -9 -139.995 -410 0 1 0 -0.707107 0 0.707107 0.707107 0 0.707107 98138p07.dat
0 
0
0 FILE 40522 base.ldr
0 40522 base
0 Author: LEGO Digital Designer 4.3
0 ROTATION CENTER 0 0 0 1 "Custom" 
0 ROTATION CONFIG 0 0
1 70 -90 -24 -89.9999 1 0 0 0 1 0 0 0 1 36840.dat
1 70 60.0001 -32 -50 -1 0 0 0 1 0 0 0 -1 85984.dat
1 70 60.0001 -56 -70 1 0 0 0 1 0 0 0 1 3009.dat
1 70 80.0001 -64 -80 1 0 0 0 1 0 0 0 1 3068b.dat
1 19 70.0001 -32 -80 0 0 -1 0 1 0 1 0 0 3747b.dat
1 0 40.0001 -64 -80 1 0 0 0 1 0 0 0 1 3680.dat
1 19 60 -8.00002 -80 0 0 -1 0 1 0 1 0 0 22888.dat
1 70 20 -32 -50 1 0 0 0 1 0 0 0 1 3010.dat
1 70 -9.99994 -32 -50 -1 0 0 0 1 0 0 0 -1 50746.dat
1 70 20.0001 -32 -80 1 0 0 0 1 0 0 0 1 3001.dat
1 70 -9.99992 -48 -80 0 0 -1 0 1 0 1 0 0 3023.dat
1 26 -9.99997 -40 -70.0001 1 0 0 0 1 0 0 0 1 3024.dat
1 70 -19.9999 -40 -80 0 0 1 0 1 0 -1 0 0 15068.dat
1 70 -29.9999 -40 -80.0001 0 0 -1 0 1 0 1 0 0 3023.dat
1 70 20.0001 -56 -90 1 0 0 0 1 0 0 0 1 3004.dat
1 70 50.0001 -16 -110 1 0 0 0 1 0 0 0 1 50746.dat
1 19 30 -16 -110 1 0 0 0 1 0 0 0 1 3623.dat
1 70 20.0001 -16 -110 1 0 0 0 1 0 0 0 1 85984.dat
1 70 20 -32 -50 -1 0 0 0 1 0 0 0 -1 85984.dat
1 19 -40 -8.00002 -80 0 0 -1 0 1 0 1 0 0 3036.dat
1 70 -30 -16 -80 0 0 -1 0 1 0 1 0 0 3023.dat
1 70 -30 -24 -80 0 0 -1 0 1 0 1 0 0 3023.dat
1 70 -80 -32 -89.9999 1 0 0 0 1 0 0 0 1 3710.dat
1 70 -60 -24 -89.9999 1 0 0 0 1 0 0 0 1 3023.dat
1 70 -80 -16 -90 1 0 0 0 1 0 0 0 1 3710.dat
1 0 -100 -40 -80 1 0 0 0 1 0 0 0 1 3680.dat
1 70 -80 -32 -70 1 0 0 0 1 0 0 0 1 3010.dat
1 70 -110 -24 -90 1 0 0 0 1 0 0 0 1 3024.dat
1 70 -60 -40 -80 1 0 0 0 1 0 0 0 1 3068b.dat
1 70 -20 -8.00002 -110 1 0 0 0 1 0 0 0 1 85984.dat
1 70 -60 -8.00002 -110 1 0 0 0 1 0 0 0 1 85984.dat
1 70 110 -64 -80 0 0 -1 0 1 0 1 0 0 3023.dat
1 70 10.0001 -64 -80.0056 0 0 -1 0 1 0 1 0 0 3069b.dat
1 70 -130 -16 -110 0 0 1 0 1 0 -1 0 0 50746.dat
1 70 -120 -16 -110 1 0 0 0 1 0 0 0 1 3023.dat
1 70 -110 -16 -110 0 0 -1 0 1 0 1 0 0 50746.dat
1 70 -130 -32 -79.9999 0 0 1 0 1 0 -1 0 0 3039.dat
1 19 -140 -8.00002 -79.9999 0 0 1 0 1 0 -1 0 0 22888.dat
1 70 -130 -40 -80.0055 0 0 -1 0 1 0 1 0 0 3069b.dat
1 70 -100 -32 -49.9999 1 0 0 0 1 0 0 0 1 3004.dat
1 70 -99.9944 -40 -49.9999 -1 0 0 0 1 0 0 0 -1 3069b.dat
1 70 -9.99994 -40 -90 1 0 0 0 1 0 0 0 1 36840.dat
1 5 -9.99992 -42 -112 0 0 1 1 0 0 0 1 0 39739.dat
1 70 90.0001 -56 -90 1 0 0 0 1 0 0 0 1 87087.dat
1 70 80.0001 -36 -108 1 0 0 0 0 -1 0 1 0 26601.dat
1 70 70.0001 -56 -90 1 0 0 0 1 0 0 0 1 87087.dat
1 10 90.0001 -46 -116 0.751734 0 -0.659467 -0.659467 0 -0.751734 0 1 0 32607.dat
1 29 90.0001 -46 -124 0.659467 0 0.751734 0.751734 0 -0.659467 0 1 0 39739.dat
1 0 -30 -32 -60 0 0 -1 0 1 0 1 0 0 78256.dat
1 4 -30 -40 -50 1 0 0 0 1 0 0 0 1 24866.dat
1 70 50 -56 -90 1 0 0 0 1 0 0 0 1 87087.dat
1 70 49.9975 -46.0025 -116.42 1 0 0 0 0 -1 0 1 0 24855.dat
1 2 70.0147 -34.419 -136.9 -0.870022 -0.486886 -0.0774808 0.0774807 -0.290236 0.953813 -0.486886 0.823835 0.290236 24866.dat
1 10 73.9097 -32.0971 -143.49 0.873455 -0.486886 -0.00435248 -0.166481 -0.290236 -0.942362 0.45756 0.823835 -0.334566 32607.dat
1 2 49.9734 -65.3769 -131.653 -0.999955 -0.00907655 0.00286294 -0.00286136 0.573604 0.819128 -0.00907705 0.819083 -0.573604 24866.dat
1 10 50.046 -69.9658 -138.206 -0.698936 -0.00907958 -0.715127 -0.589437 0.573604 0.568809 0.405035 0.819083 -0.406264 32607.dat
1 5 50.1187 -74.5546 -144.758 0.826581 -0.00907929 0.562745 0.465278 0.573604 -0.674163 -0.316672 0.819083 0.478354 39739.dat
1 2 27.6741 -33.0515 -140.896 -0.866965 0.492964 0.0731966 -0.0731966 -0.271232 0.959727 0.492964 0.826692 0.271232 24866.dat
1 10 23.7304 -30.8817 -147.51 -0.226732 0.492964 0.839988 0.877288 -0.271232 0.395978 0.423034 0.826692 -0.370974 32607.dat
1 10 110 -72 -90 1 0 0 0 1 0 0 0 1 32607.dat
1 10 -150 -16 -110 0 0 1 0 1 0 -1 0 0 32607.dat
1 4 -150 -24 -110 1 0 0 0 1 0 0 0 1 24866.dat
1 70 -30 -32 -90 1 0 0 0 1 0 0 0 1 36840.dat
1 5 -30 -34 -112 1 0 0 0 0 -1 0 1 0 39739.dat
1 70 110 -56 -90 0 0 -1 0 1 0 1 0 0 87087.dat
1 70 136.42 -45.9966 -90.0009 0 -1 0 -0.853997 0 0.520278 -0.520278 0 -0.853997 24855.dat
1 2 160.897 -33.6706 -67.3264 -0.492964 -0.826692 -0.271232 0.778468 -0.279873 -0.561835 0.388554 -0.48811 0.78152 24866.dat
1 10 167.51 -31.4316 -63.4216 -0.423034 -0.826692 0.370974 -0.262807 -0.279873 -0.923365 0.867165 -0.48811 -0.0988646 32607.dat
1 2 156.9 -69.1178 -90.5232 0.486886 -0.823835 -0.290236 0.702684 0.566803 -0.430081 0.518822 0.00545595 0.854865 24866.dat
1 10 163.49 -73.6522 -90.5668 -0.45756 -0.823836 0.334566 -0.659311 0.566803 0.494009 -0.596615 0.00545563 -0.802509 32607.dat
1 2 151.653 -35.8959 -106.534 0.0090793 -0.819083 0.573604 0.855447 -0.29068 -0.42862 0.517811 0.494579 0.698043 24866.dat
1 10 158.206 -33.5704 -110.491 -0.405035 -0.819083 0.406264 0.90356 -0.290681 0.314776 -0.139735 0.494579 0.857826 32607.dat
1 5 164.759 -31.245 -114.447 0.119984 -0.819083 0.560988 0.756253 -0.290681 -0.586162 0.643183 0.494579 0.584557 39739.dat
1 70 70.0001 -32 -50 0 0 -1 0 1 0 1 0 0 3665b.dat
1 4 90.0001 -40 -50 1 0 0 0 1 0 0 0 1 24866.dat
1 5 -90 -26 -112 0.713664 0 0.700488 0.700488 0 -0.713664 0 1 0 39739.dat
0
0 FILE 40522 heart.ldr
0 40522 heart
0 Author: LEGO Digital Designer 4.3
0 ROTATION CENTER 0 0 0 1 "Custom" 
0 ROTATION CONFIG 0 0
1 47 -30 -138.25 -26 1 0 0 0 0 1 0 -1 0 42445.dat
1 4 -30 -248.25 -34 1 0 0 0 0 1 0 -1 0 15573.dat
1 4 -29.9944 -226.25 -56 -1 0 0 0 1 0 0 0 -1 99207.dat
1 4 -30 -228.25 -34 1 0 0 0 0 1 0 -1 0 15573.dat
1 4 -39.9945 -266.25 -56 0 0 -1 0 1 0 1 0 0 50746.dat
1 4 -29.9945 -266.25 -56 1 0 0 0 1 0 0 0 1 3710.dat
1 4 -19.9945 -266.25 -56 0 0 1 0 1 0 -1 0 0 50746.dat
1 4 0.0055337 -266.25 -56 0 0 -1 0 1 0 1 0 0 50746.dat
1 4 -29.9945 -258.25 -56 1 0 0 0 1 0 0 0 1 3710.dat
1 4 -39.9945 -250.25 -56 0 0 1 0 1 0 -1 0 0 3665b.dat
1 4 -19.9944 -250.25 -56 0 0 -1 0 1 0 1 0 0 3665b.dat
1 4 -59.9945 -266.25 -56 0 0 1 0 1 0 -1 0 0 50746.dat
1 4 -29.9945 -218.25 -56 -1 0 0 0 1 0 0 0 -1 85861.dat
0 
0 
0 
0 
0 
0
0
