0 FILE 42032 - main.ldr
0 main
0 Name: 42032 - main.ldr
0 Author: Philippe Hurbain [Philo]
0 !LDRAW_ORG Unofficial_Model
0 !LICENSE Redistributable under CCAL version 2.0 : see CAreadme.txt

0 !THEME Technic

0 !LDCAD GROUP_DEF [topLevel=true] [LID=0] [GID=AKmFMhLH489] [name=Group 1] [center=0 0 0]
1 25 -40 -33 140 0 1 0 -1 0 0 0 0 1 32009.dat
1 1 -30 -33 -20 -1 0 0 0 -1 0 0 0 1 43093.dat
1 0 -30 -33 20 -1 0 0 0 -1 0 0 0 1 2780.dat
0 STEP
1 15 -20 -33 -20 0 -1 0 1 0 0 0 0 1 32316.dat
1 71 0 -33 0 -1 0 0 0 -1 0 0 0 1 87082.dat
1 71 -30 -33 -40 -1 0 0 0 -1 0 0 0 1 3673.dat
1 0 -30 -33 -60 -1 0 0 0 -1 0 0 0 1 2780.dat
1 0 -40 -33 -60 0 0 1 1 0 0 0 1 0 42003.dat
1 71 -40 -53 -80 0 0 1 1 0 0 0 1 0 4519.dat
0 STEP
1 0 0 -133 92 1 0 0 0 1 0 0 0 1 42032 - Liftctrl.ldr
0 STEP
0 STEP
1 71 40 -33 140 1 0 0 0 1 0 0 0 1 42032 - Side2.ldr
0 STEP
1 1 -20 -153 80 1 0 0 0 1 0 0 0 1 42032 - seat.ldr
0 STEP
1 72 35 -113 20 0 -1 0 1 0 0 0 0 1 6632.dat
1 1 -30 -93 -20 -1 0 0 0 -1 0 0 0 1 43093.dat
1 1 30 -93 -20 1 0 0 0 -1 0 0 0 -1 43093.dat
1 72 40 -93 -20 1 0 0 0 -1 0 0 0 -1 6553.dat
1 72 -40 -93 -20 1 0 0 0 -1 0 0 0 -1 6553.dat
0 STEP
1 71 0 -173 40 -1 0 0 0 -1 0 0 0 1 4519.dat
1 0 -20 -193 40 -1 0 0 0 -1 0 0 0 1 42003.dat
1 0 20 -193 40 -1 0 0 0 -1 0 0 0 1 42003.dat
0 STEP
1 0 20 -63 -80 0 1 0 -1 0 0 0 0 1 2780.dat
1 15 0 -53 -80 0 0 -1 0 -1 0 -1 0 0 32316.dat
1 0 -20 -63 -80 0 1 0 -1 0 0 0 0 1 2780.dat
1 71 -20 -83 -80 0 0 -1 -1 0 0 0 1 0 62462.dat
1 71 20 -83 -80 0 0 -1 -1 0 0 0 1 0 62462.dat
1 71 -20 -103 -80 0 1 0 -1 0 0 0 0 1 4274.dat
1 71 20 -103 -80 0 1 0 -1 0 0 0 0 1 4274.dat
1 0 0 -111 -80 1 0 0 0 1 0 0 0 1 3623.dat
1 0 10 -111 -80 -1 0 0 0 1 0 0 0 -1 85984.dat
1 0 -20 -111 -80 -1 0 0 0 1 0 0 0 -1 54200.dat
0 STEP
1 15 -40 -213 -30 1 0 0 0 1 0 0 0 1 42032 - windscreen.ldr
0 STEP
1 71 -70 -193 0 1 0 0 0 1 0 0 0 1 42032 - arm1.ldr
0 STEP
1 72 -65 -113 140 0 -1 0 1 0 0 0 0 1 32249.dat
1 71 -70 -113 160 -1 0 0 0 -1 0 0 0 1 4274.dat
1 71 20 -93 140 1 0 0 0 1 0 0 0 1 40620.dat
0 STEP
1 1 -50 -61.4881 -129.6383 1 0 0 0 1 0 0 0 1 42032 - bucket.ldr
0 STEP
1 0 70.0019 -193.0047 0.0022 1 0 0 0 1 0 0 0 1 42032 - arm2.ldr
0 STEP
1 72 65 -113 140 0 -1 0 1 0 0 0 0 1 32249.dat
1 71 70.0019 -113.0087 160.003 1 0 0 0 -1 0 0 0 -1 4274.dat
0 STEP
1 15 -40 -156.5953 -159.8927 -1 0 0 0 0.977 0.213 0 0.213 -0.977 42032 - fork.ldr
0 STEP
1 71 90 -97.9726 -147.1108 0 0 1 0.2269 0.9739 0 -0.9739 0.2269 0 3713.dat
1 72 20 -97.9726 -147.1108 -1 0 0 0 0.977 0.213 0 0.213 -0.977 55013.dat
1 15 70.0019 -139.1011 -55.5028 0 -1 0 0.9114 0 -0.4115 0.4115 0 0.9114 32525.dat
0 STEP
1 72 80 -33 20 1 0 0 0 1 0 0 0 1 42032 - track.ldr
0 STEP
1 0 -80 -33 20 1 0 0 0 1 0 0 0 1 42032 - track2.ldr


0 FILE 42032 - Liftctrl.ldr
0 Liftctrl
0 Name: 42032 - Liftctrl.ldr
0 Author: Philippe Hurbain [Philo]
0 !LDRAW_ORG Unofficial_Model
0 !LICENSE Redistributable under CCAL version 2.0 : see CAreadme.txt
0 !THEME Technic
1 72 0 0 20 0 0 -1 0 1 0 1 0 0 55013.dat
1 0 0 0 88 1 0 0 0 1 0 0 0 1 32270.dat
1 71 0 0 73 1 0 0 0 1 0 0 0 1 32123b.dat
1 71 0 0 63 1 0 0 0 1 0 0 0 1 32123b.dat
1 71 0 0 48 1 0 0 0 1 0 0 0 1 32184.dat
1 71 0 0 33 1 0 0 0 1 0 0 0 1 32123b.dat
0 STEP
1 71 0 0 8 1 0 0 0 1 0 0 0 1 4716.dat
1 71 0 0 -17 1 0 0 0 1 0 0 0 1 32123b.dat
1 71 0 0 -32 1 0 0 0 1 0 0 0 1 32184.dat
1 71 0 0 -52 1 0 0 0 -1 0 0 0 -1 3713.dat
0 STEP
1 0 0 -20 48 1 0 0 0 -1 0 0 0 -1 3706.dat
1 71 -25 -20 48 0 0 1 0 1 0 -1 0 0 32123b.dat
1 72 -15 -20 8 0 1 0 0 0 -1 -1 0 0 99773.dat
1 4 0 -20 -32 -1 0 0 0 0 -1 0 -1 0 32062.dat
0 STEP
1 71 -20 20 48 0 0 1 0 -1 0 1 0 0 3713.dat
1 71 0 20 48 -1 0 0 0 0 -1 0 -1 0 44294.dat
1 72 20 20 48 1 0 0 0 1 0 0 0 1 6536.dat
0 STEP
1 71 -30 -40 8 0 -1 0 0 0 1 -1 0 0 42032 - 33299b.dat
1 0 0 -40 8 -1 0 0 0 0 -1 0 -1 0 3705.dat
1 72 0 -40 8 0 0 -1 0 -1 0 -1 0 0 3648b.dat
0 STEP
1 72 15 -20 8 0 1 0 0 0 -1 -1 0 0 99773.dat
1 71 25 -20 48 0 0 1 0 1 0 -1 0 0 32123b.dat
0 STEP
1 71 30 -40 8 0 1 0 0 0 1 1 0 0 42032 - 33299b.dat
0 STEP
1 0 0 20 -32 -1 0 0 0 0 -1 0 -1 0 3705.dat
1 0 -15 60 -32 0 -1 0 0 0 -1 1 0 0 11478.dat
1 0 -25 60 -32 0 -1 0 0 0 -1 1 0 0 11478.dat
1 71 0 100 -32 -1 0 0 0 0 -1 0 -1 0 32073.dat
1 71 0 100 -32 0 0 1 0 -1 0 1 0 0 3713.dat
0 STEP
1 0 15 60 -32 0 -1 0 0 0 -1 1 0 0 11478.dat
1 0 25 60 -32 0 -1 0 0 0 -1 1 0 0 11478.dat

0 FILE 42032 - Side2.ldr
0 Side2
0 Name: 42032 - Side2.ldr
0 Author: Philippe Hurbain [Philo]
0 !LDRAW_ORG Unofficial_Model
0 !LICENSE Redistributable under CCAL version 2.0 : see CAreadme.txt
0 !THEME Technic
1 25 0 0 0 0 1 0 -1 0 0 0 0 1 32009.dat
1 1 -10 0 -160 1 0 0 0 1 0 0 0 1 43093.dat
1 0 -10 0 -200 -1 0 0 0 -1 0 0 0 1 2780.dat
0 STEP
1 15 -20 0 -160 0 -1 0 1 0 0 0 0 1 32316.dat
1 71 -10 0 -180 -1 0 0 0 -1 0 0 0 1 3673.dat
1 0 -10 0 -120 -1 0 0 0 -1 0 0 0 1 2780.dat
1 0 0 0 -200 0 0 1 1 0 0 0 1 0 42003.dat
1 71 0 -20 -220 0 0 1 1 0 0 0 1 0 4519.dat


0 FILE 42032 - seat.ldr
0 seat
0 Name: 42032 - seat.ldr
0 Author: Philippe Hurbain [Philo]
0 !LDRAW_ORG Unofficial_Model
0 !LICENSE Redistributable under CCAL version 2.0 : see CAreadme.txt
0 !THEME Technic
1 1 0 -20 -60 0 -1 0 0 0 1 -1 0 0 32526.dat
1 1 20 60 -80 1 0 0 0 0 1 0 -1 0 6558.dat
1 1 20 60 -60 1 0 0 0 0 1 0 -1 0 6558.dat
1 1 20 -20 -60 1 0 0 0 0 1 0 -1 0 6558.dat
1 71 20 60 -80 0 1 0 -1 0 0 0 0 1 32523.dat
1 71 20 40 -60 0 -1 0 0 0 -1 1 0 0 32140.dat
0 STEP
1 0 20 40 -60 1 0 0 0 0 -1 0 1 0 3705.dat
1 72 -15 40 -20 0 1 0 1 0 0 0 0 -1 6632.dat
1 1 40 -20 -60 0 -1 0 0 0 1 -1 0 0 32526.dat


0 FILE 42032 - windscreen.ldr
0 windscreen
0 Name: 42032 - windscreen.ldr
0 Author: Philippe Hurbain [Philo]
0 !LDRAW_ORG Unofficial_Model
0 !LICENSE Redistributable under CCAL version 2.0 : see CAreadme.txt
0 !THEME Technic
1 0 0 0 0 1 0 0 0 -1 0 0 0 -1 32015.dat
1 71 0 0 40 0 0 1 0 -1 0 1 0 0 4519.dat
1 71 0 0 40 -1 0 0 0 -1 0 0 0 1 3713.dat
0 STEP
1 0 40 0 55 0 0 -1 1 0 0 0 -1 0 11478.dat
1 0 20 0 0 -1 0 0 0 0 -1 0 -1 0 15100.dat
0 STEP
1 19 20 0 60 0 1 0 0 0 -1 -1 0 0 32002.dat
1 19 60 0 60 0 1 0 0 0 -1 -1 0 0 32002.dat
1 71 80 0 40 0 0 1 0 -1 0 1 0 0 4519.dat
1 0 80 0 0 1 0 0 0 -1 0 0 0 -1 32015.dat
1 0 60 0 0 1 0 0 0 0 -1 0 1 0 15100.dat
1 72 80 0 40 0 -1 0 0 0 -1 1 0 0 6536.dat
1 71 60 -10 40 0 -1 0 -1 0 0 0 0 -1 4274.dat
1 57 60 -1 40 -1 0 0 0 1 0 0 0 -1 58176.dat
0 STEP
1 71 20 0 -10 0 0 1 0 1 0 -1 0 0 4274.dat
1 71 60 0 -10 0 0 1 0 1 0 -1 0 0 4274.dat
1 0 40 0 -18 -1 0 0 0 0 1 0 1 0 3623.dat
1 47 60 0 -18 1 0 0 0 0 -1 0 1 0 54200.dat
1 47 40 0 -18 1 0 0 0 0 -1 0 1 0 54200.dat
1 47 20 0 -18 1 0 0 0 0 -1 0 1 0 54200.dat
0 STEP
1 72 80 58.2044 -24.1091 0 0 -1 -0.9239 0.3827 0 0.3827 0.9239 0 59426.dat
1 72 0 58.2044 -24.1091 0 0 -1 -0.9239 0.3827 0 0.3827 0.9239 0 59426.dat
1 15 0 120.1043 -49.7488 1 0 0 0 -0.3827 0.9239 0 -0.9239 -0.3827 32016.dat
1 15 80 120.1043 -49.7488 1 0 0 0 -0.3827 0.9239 0 -0.9239 -0.3827 32016.dat


0 FILE 42032 - arm1.ldr
0 arm1
0 Name: 42032 - arm1.ldr
0 Author: Philippe Hurbain [Philo]
0 !LDRAW_ORG Unofficial_Model
0 !LICENSE Redistributable under CCAL version 2.0 : see CAreadme.txt
0 !THEME Technic
0 !LDCAD GROUP_DEF [topLevel=true] [LID=0] [GID=IcGhNRzZQTQ] [name=Group 1] [center=0 0 0]
0 !LDCAD GROUP_DEF [topLevel=true] [LID=1] [GID=LhTCTZh5lc0] [name=Group 2] [center=0 0 0]
1 15 0 61.372 14.1688 0 -1 0 0.8988 0 -0.4384 0.4384 0 0.8988 32278.dat
0 !LDCAD GROUP_NXT [ids=0] [nrs=0]
1 72 30 0 140 -1 0 0 0 0 1 0 1 0 87083.dat
0 !LDCAD GROUP_NXT [ids=0] [nrs=1]
1 72 15 80 140 0 -1 0 0 0 -1 1 0 0 32250.dat
0 !LDCAD GROUP_NXT [ids=0] [nrs=3]
1 71 30 20 140 1 0 0 0 1 0 0 0 1 32184.dat
0 !LDCAD GROUP_NXT [ids=0] [nrs=4]
1 71 45 0 140 0 0 1 0 1 0 -1 0 0 32123b.dat
0 STEP
1 71 10 26.3023 86.0724 1 0 0 0 -0.4384 -0.8988 0 0.8988 -0.4384 4274.dat
0 !LDCAD GROUP_NXT [ids=0] [nrs=5]
1 0 70 0 140 0 0 -1 0 1 0 1 0 0 59443.dat
0 !LDCAD GROUP_NXT [ids=0] [nrs=2]
1 36 30 20 150 0 0 -1 -1 0 0 0 1 0 4073.dat
0 STEP
0 !LDCAD GROUP_NXT [ids=1] [nrs=0]
1 0 -10 52.6045 32.1447 1 0 0 0 -0.9816 -0.1908 0 0.1908 -0.9816 2780.dat
0 !LDCAD GROUP_NXT [ids=1] [nrs=1]
1 71 -20 36.7882 55.5935 0 0 -1 0.9816 -0.1908 0 -0.1908 -0.9816 0 63869.dat
0 !LDCAD GROUP_NXT [ids=1] [nrs=3]
1 72 -20 9.3026 60.9361 0 -1 0 0.9816 0 0.1908 -0.1908 0 0.9816 87083.dat
0 !LDCAD GROUP_NXT [ids=1] [nrs=2]
1 71 -10 13.3395 39.7771 1 0 0 0 0.9816 0.1908 0 -0.1908 0.9816 3673.dat
0 STEP
1 0 20 35.0697 68.0965 -1 0 0 0 0.8988 0.4384 0 0.4384 -0.8988 32054.dat
1 71 20 47.2407 83.9581 0 -1 0 -0.7771 0 -0.6293 0.6293 0 -0.7771 32523.dat
0 STEP


0 FILE 42032 - bucket.ldr
0 bucket
0 Name: 42032 - bucket.ldr
0 Author: Philippe Hurbain [Philo]
0 !LDRAW_ORG Unofficial_Model
0 !LICENSE Redistributable under CCAL version 2.0 : see CAreadme.txt
0 !THEME Technic
1 71 0 0 0 0 -1 0 0.8988 0 -0.4384 0.4384 0 0.8988 42032 - 33299b.dat
1 1 -10 -8.768 17.976 1 0 0 0 0.8988 -0.4384 0 0.4383 0.8988 43093.dat
1 0 50.0011 0 0 1 0 0 0 0.8988 -0.4384 0 0.4383 0.8988 3706.dat
0 STEP
1 0 50.0011 0 0 1 0 0 0 0.8988 -0.4384 0 0.4383 0.8988 2951.dat
1 71 100.0018 0 0 0 1 0 -0.8988 0 -0.4384 -0.4384 0 0.8989 42032 - 33299b.dat
1 1 110.0019 -8.7686 17.9773 -1 0 0 0 -0.8988 -0.4385 0 -0.4384 0.8988 43093.dat

0 FILE 42032 - arm2.ldr
0 arm2
0 Name: 42032 - arm2.ldr
0 Author: Philippe Hurbain [Philo]
0 !LDRAW_ORG Unofficial_Model
0 !LICENSE Redistributable under CCAL version 2.0 : see CAreadme.txt
0 !THEME Technic
0 !LDCAD GROUP_DEF [topLevel=false] [LID=0] [GID=AKmFMhLH489]
1 15 0 61.372 14.1688 0 -1 0 0.8988 0 -0.4384 0.4384 0 0.8988 32278.dat
1 72 -30 -0.004 140.0008 1 0 0 0 0 1 0 -1 0 87083.dat
1 72 -15 79.996 140.0008 0 -1 0 0 0 -1 1 0 0 32250.dat
1 71 -30 19.996 140.0008 1 0 0 0 1 0 0 0 1 32184.dat
1 71 -45 -0.004 140.0008 0 0 1 0 1 0 -1 0 0 32123b.dat
0 STEP
1 71 -10 26.3 86.0728 -1 0 0 0 -0.4384 -0.8988 0 -0.8988 0.4384 4274.dat
1 36 -30 19.996 152.0008 0 0 -1 -1 0 0 0 1 0 4073.dat
0 STEP
0 !LDCAD GROUP_NXT [ids=0] [nrs=0]
1 0 10 52.604 32.1448 1 0 0 0 -0.9962 -0.0871 0 0.0871 -0.9962 2780.dat
0 !LDCAD GROUP_NXT [ids=0] [nrs=1]
1 71 20 34.4224 53.8118 0 0 -1 0.9962 -0.0871 0 -0.0871 -0.9962 0 63869.dat
0 !LDCAD GROUP_NXT [ids=0] [nrs=3]
1 72 20 6.5284 56.2515 0 -1 0 0.9962 0 0.0871 -0.0871 0 0.9962 87083.dat
0 STEP
1 0 -20 35.068 68.0968 1 0 0 0 0.8988 0.4384 0 -0.4384 0.8988 32054.dat
1 71 -20 47.654 83.6388 0 -1 0 -0.7771 0 -0.6293 0.6293 0 -0.7771 32523.dat

1 0 10 12.7561 35.6315 1 0 0 0 -0.9962 -0.0871 0 0.0871 -0.9962 2780.dat

0 FILE 42032 - fork.ldr
0 fork
0 Name: 42032 - fork.ldr
0 Author: Philippe Hurbain [Philo]
0 !LDRAW_ORG Unofficial_Model
0 !LICENSE Redistributable under CCAL version 2.0 : see CAreadme.txt
0 !THEME Technic
1 0 0 0 0 1 0 0 0 1 0 0 0 1 3705.dat
1 0 30 0 20 1 0 0 0 1 0 0 0 1 32039.dat
0 STEP
1 71 10 0 0 0 -1 0 0 0 1 -1 0 0 32140.dat
1 0 -10 0 20 1 0 0 0 1 0 0 0 1 32039.dat
1 0 -40 0 0 0 0 -1 0 1 0 1 0 0 59443.dat
0 STEP
1 0 -80 0 0 1 0 0 0 1 0 0 0 1 3705.dat
1 0 -70 0 20 1 0 0 0 1 0 0 0 1 32039.dat
1 71 -90 0 0 0 -1 0 0 0 1 -1 0 0 32140.dat
1 0 -110 0 20 1 0 0 0 1 0 0 0 1 32039.dat
0 STEP
1 71 30 0 60 0 0 -1 0 1 0 1 0 0 32073.dat
1 71 -10 0 60 0 0 -1 0 1 0 1 0 0 32073.dat
1 71 -70 0 60 0 0 -1 0 1 0 1 0 0 32073.dat
1 71 -110 0 60 0 0 -1 0 1 0 1 0 0 32073.dat
1 71 20 20 0 -1 0 0 0 1 0 0 0 -1 3673.dat
1 15 30 20 -100 0 1 0 1 0 0 0 0 -1 32525.dat


0 FILE 42032 - track.ldr
0 track
0 Name: 42032 - track.ldr
0 Author: Philippe Hurbain [Philo]
0 !LDRAW_ORG Unofficial_Model
0 !LICENSE Redistributable under CCAL version 2.0 : see CAreadme.txt
0 !THEME Technic
1 72 0 0 0 0 -1 0 1 0 0 0 0 1 40490.dat
1 1 -20 0 -20 -1 0 0 0 -1 0 0 0 1 6558.dat
1 1 -20 0 20 -1 0 0 0 -1 0 0 0 1 6558.dat
1 19 0 0 -80 -1 0 0 0 -1 0 0 0 1 32556.dat
1 19 0 0 80 -1 0 0 0 -1 0 0 0 1 32556.dat
1 0 -20 -10 0 0 1 0 1 0 0 0 0 -1 41678.dat
0 STEP
1 71 -20 -10 0 0 0 -1 1 0 0 0 -1 0 32291.dat
1 4 -20 -10 0 0 0 -1 1 0 0 0 -1 0 32062.dat
1 0 -10 -20 -20 -1 0 0 0 -0.0698 -0.9976 0 -0.9976 0.0698 2780.dat
1 72 0 -20 -20 0 -1 0 0.8988 0 -0.4384 0.4384 0 0.8988 32526.dat
1 19 0 -55.0697 51.9035 -1 0 0 0 -0.9976 0.0698 0 0.0698 0.9976 32556.dat
0 STEP
1 71 10 0 -80 0 0 -1 0 1 0 1 0 0 87407.dat
1 71 10 0 80 0 0 -1 0 1 0 1 0 0 87407.dat
1 71 10 -55.0697 51.9035 0 0 -1 0.0698 0.9976 0 0.9976 -0.0698 0 87407.dat
1 71 -10 -55.0697 51.9035 0 0 1 -0.0698 0.9976 0 -0.9976 -0.0698 0 87407.dat
1 71 -10 0 -80 0 0 1 0 1 0 -1 0 0 87407.dat
1 71 -10 0 80 0 0 1 0 1 0 -1 0 0 87407.dat
0 STEP
1 0 0 0 80 0 0 1 0 1 0 -1 0 0 42032 - technicChainTread17Closed-2.ldr


0 FILE 42032 - track2.ldr
0 track2
0 Name: 42032 - track2.ldr
0 Author: Philippe Hurbain [Philo]
0 !LDRAW_ORG Unofficial_Model
0 !LICENSE Redistributable under CCAL version 2.0 : see CAreadme.txt
0 !THEME Technic
1 72 0 0 0 0 -1 0 1 0 0 0 0 1 40490.dat
1 1 20 0 -20 1 0 0 0 1 0 0 0 1 6558.dat
1 1 20 0 20 1 0 0 0 1 0 0 0 1 6558.dat
1 19 0 0 -80 -1 0 0 0 -1 0 0 0 1 32556.dat
1 19 0 0 80 -1 0 0 0 -1 0 0 0 1 32556.dat
1 0 20 -10 0 0 1 0 1 0 0 0 0 -1 41678.dat
0 STEP
1 71 20 -10 0 0 0 -1 1 0 0 0 -1 0 32291.dat
1 4 20 -10 0 0 0 -1 1 0 0 0 -1 0 32062.dat
1 0 10 -20 -20 -1 0 0 0 -0.0872 -0.9962 0 -0.9962 0.0872 2780.dat
1 72 0 -20 -20 0 -1 0 0.9063 0 -0.4226 0.4226 0 0.9063 32526.dat
1 19 0 -53.8095 52.5046 -1 0 0 0 -0.9962 0.0872 0 0.0872 0.9962 32556.dat
0 STEP
1 71 10 0 -80 0 0 -1 0 1 0 1 0 0 87407.dat
1 71 10 0 80 0 0 -1 0 1 0 1 0 0 87407.dat
1 71 10 -53.8095 52.5046 0 0 -1 0.0872 0.9962 0 0.9962 -0.0872 0 87407.dat
1 71 -10 -53.8095 52.5046 0 0 1 -0.0872 0.9962 0 -0.9962 -0.0872 0 87407.dat
1 71 -10 0 -80 0 0 1 0 1 0 -1 0 0 87407.dat
1 71 -10 0 80 0 0 1 0 1 0 -1 0 0 87407.dat
0 STEP
1 0 0 0 80 0 0 1 0 1 0 -1 0 0 42032 - technicChainTread17Closed-2.ldr


0 FILE 42032 - technicChainTread17Closed-2.ldr
0 technicChainTread17Closed-2
0 Name: 42032 - technicChainTread17Closed-2.ldr
0 Author: Philippe Hurbain [Philo]
0 !LDRAW_ORG Unofficial_Model
0 !LICENSE Redistributable under CCAL version 2.0 : see CAreadme.txt
0 !CATEGORY technic
0 !THEME Technic
0 !KEYWORDS flexible, chain
0 !LDCAD CONTENT [type=path] [addFallBack=default] [looped=true] [displayKind=links] [curveStep=16] [displayLenCor=0]

0 !LDCAD PATH_POINT [type=circle] [posOri=0 0 0 1 0 0 0 1 0 0 0 1] [prevCPDist=25] [nextCPDist=25] [cirR=24.2] [cirDir=xyCW] [prevYRoll=0] [nextYRoll=0]
0 !LDCAD PATH_POINT [type=circle] [posOri=28 -55 0 1 0 0 0 1 0 0 0 1] [prevCPDist=25] [nextCPDist=25] [cirR=24.2] [cirDir=xyCW] [prevYRoll=0] [nextYRoll=0]
0 !LDCAD PATH_POINT [type=circle] [posOri=160 0 0 1 0 0 0 1 0 0 0 1] [prevCPDist=25] [nextCPDist=25] [cirR=24.2] [cirDir=xyCW] [prevYRoll=0] [nextYRoll=0]

0 !LDCAD PATH_SKIN [donCol=16] [donOri=0 1 0 0 0 1 1 0 0] [donPart=3873.dat] [donYSize=100%] [donCen=partCen] [donCenYOfs=0] [donFinScale=none] [donPlace=refsStat] [donYAlign=1] [donInline=false] [segSize=16] [segSizeTol=0] [segsCnt=0] [segsGrp=0] [segsMaxMerge=1] [segsMrgAng=0] [segsEdgeDelKind=keepFirstLeft]

0 !LDCAD GENERATED [generator=LDCad 1.4]
0 //This is the fallback LDraw content for above PATH configuration.
0 // Do not edit, any changes will be lost upon regeneration.
0 // The path is approx 205.619061 mm (514.05) and exists out of 32 segments.
0 // warning: the path could not be filled out completly resulting in 0.82 mm (2.05) dead space due to configuration induced constrains.

0 //Some general hints about the document.
0 UNOFFICIAL PART 
0 BFC CERTIFY CCW

0 //Segments
1 16 -19.3469 -15.2462 0 0 0.9529 -0.3033 0 0.3033 0.9529 1 0 0 3873.dat
1 16 -12.124 -29.5231 0 0 0.8923 -0.4514 0 0.4514 0.8923 1 0 0 3873.dat
1 16 -4.8663 -43.7824 0 0 0.8912 -0.4536 0 0.4536 0.8912 1 0 0 3873.dat
1 16 2.3926 -58.041 0 0 0.8912 -0.4537 0 0.4537 0.8912 1 0 0 3873.dat
1 16 10.5793 -71.7879 0 0 0.8592 -0.5117 0 0.5117 0.8592 1 0 0 3873.dat
1 16 24.8648 -78.9938 0 0 0.4504 -0.8928 0 0.8928 0.4504 1 0 0 3873.dat
1 16 40.5513 -75.8418 0 0 -0.197 -0.9804 0 0.9804 -0.197 1 0 0 3873.dat
1 16 55.3682 -69.8038 0 0 -0.3774 -0.9261 0 0.9261 -0.3774 1 0 0 3873.dat
1 16 70.1408 -63.658 0 0 -0.3841 -0.9233 0 0.9233 -0.3841 1 0 0 3873.dat
1 16 84.91 -57.5041 0 0 -0.3846 -0.9231 0 0.9231 -0.3846 1 0 0 3873.dat
1 16 99.6793 -51.3503 0 0 -0.3846 -0.9231 0 0.9231 -0.3846 1 0 0 3873.dat
1 16 114.4485 -45.1965 0 0 -0.3846 -0.9231 0 0.9231 -0.3846 1 0 0 3873.dat
1 16 129.2177 -39.0426 0 0 -0.3846 -0.9231 0 0.9231 -0.3846 1 0 0 3873.dat
1 16 143.987 -32.8888 0 0 -0.3846 -0.9231 0 0.9231 -0.3846 1 0 0 3873.dat
1 16 158.7562 -26.7349 0 0 -0.3846 -0.9231 0 0.9231 -0.3846 1 0 0 3873.dat
1 16 173.3486 -20.1727 0 0 -0.4101 -0.912 0 0.912 -0.4101 1 0 0 3873.dat
1 16 183.0154 -7.4231 0 0 -0.7969 -0.6042 0 0.6042 -0.7969 1 0 0 3873.dat
1 16 182.6187 8.572 0 0 -0.9997 0.0248 0 -0.0248 -0.9997 1 0 0 3873.dat
1 16 172.323 20.8193 0 0 -0.7655 0.6435 0 -0.6435 -0.7655 1 0 0 3873.dat
1 16 156.6806 24.1833 0 0 -0.2102 0.9776 0 -0.9776 -0.2102 1 0 0 3873.dat
1 16 140.6806 24.1986 0 0 -0.001 1 0 -1 -0.001 1 0 0 3873.dat
1 16 124.6806 24.2 0 0 -0.0001 1 0 -1 -0.0001 1 0 0 3873.dat
1 16 108.6806 24.2 0 0 0 1 0 -1 0 1 0 0 3873.dat
1 16 92.6806 24.2 0 0 0 1 0 -1 0 1 0 0 3873.dat
1 16 76.6806 24.2 0 0 0 1 0 -1 0 1 0 0 3873.dat
1 16 60.6806 24.2 0 0 0 1 0 -1 0 1 0 0 3873.dat
1 16 44.6806 24.2 0 0 0 1 0 -1 0 1 0 0 3873.dat
1 16 28.6806 24.2 0 0 0 1 0 -1 0 1 0 0 3873.dat
1 16 12.6806 24.2 0 0 0 1 0 -1 0 1 0 0 3873.dat
1 16 -3.3177 23.9652 0 0 0.0147 0.9999 0 -0.9999 0.0147 1 0 0 3873.dat
1 16 -17.5522 16.6591 0 0 0.4566 0.8897 0 -0.8897 0.4566 1 0 0 3873.dat
1 16 -24.0612 2.0429 0 0 0.9135 0.4068 0 -0.4068 0.9135 1 0 0 3873.dat
0 FILE 42032 - 33299b.dat
0 Technic Beam  3 x  0.5 Liftarm with Boss and Pin Semi-Reduced
0 Name: 42032 - 33299b.dat
0 Author: Santeri Piippo [arezey]
0 !LDRAW_ORG Unofficial_Part
0 !LICENSE Redistributable under CCAL version 2.0 : see CAreadme.txt

0 BFC CERTIFY CCW

1 16 0 0 0 1 0 0 0 1 0 0 0 1 s\42032 - 33299s01.dat
1 16 0 -10 0 1 0 0 0 20 0 0 0 1 axl3hole.dat
1 16 0 0 20 1 0 0 0 10 0 0 0 1 axlehol4.dat
1 16 0 0 30 1 0 0 0 10 0 0 0 1 npeghol3.dat
1 16 0 0 20 -3 0 0 0 1 0 0 0 -3 2-4ring2.dat
1 16 0 10 20 -3 0 0 0 -1 0 0 0 -3 2-4ring2.dat
1 16 0 10 20 9 0 0 0 -1 0 0 0 -9 2-4ndis.dat
4 16 -6.36 10 33.637 -6.36 10 26.36 -8.315 10 23.444 -8 10 32
4 16 -9 10 32 -8 10 32 -8.315 10 23.444 -9 10 20
4 16 -8 10 36.662 -7.391 10 36.938 -5.657 10 34.343 -6.36 10 33.637
3 16 -8 10 32 -8 10 36.662 -6.36 10 33.637
3 16 -8 10 36.662 -8 10 40 -7.391 10 36.938
4 16 -6.36 10 33.637 -5.657 10 34.343 -3.062 10 32.609 -3.444 10 31.685
4 16 -3.444 10 31.685 -3.062 10 32.609 0 10 32 0 10 31
4 16 6.36 10 33.637 8 10 32 8.315 10 23.444 6.36 10 26.36
4 16 9 10 32 9 10 20 8.315 10 23.444 8 10 32
4 16 8 10 36.662 6.36 10 33.637 5.657 10 34.343 7.391 10 36.938
3 16 8 10 32 6.36 10 33.637 8 10 36.662
3 16 8 10 36.662 7.391 10 36.938 8 10 40
4 16 6.36 10 33.637 3.444 10 31.685 3.062 10 32.609 5.657 10 34.343
4 16 3.444 10 31.685 0 10 31 0 10 32 3.062 10 32.609

0 FILE s\42032 - 33299s01.dat
0 ~Technic Beam  3 x  0.5 Liftarm with Boss and Pin Common
0 Name: s\42032 - 33299s01.dat
0 Author: Orion Pobursky [OrionP]
0 !LDRAW_ORG Unofficial_Subpart
0 !LICENSE Redistributable under CCAL version 2.0 : see CAreadme.txt

0 BFC CERTIFY CCW

0 !HISTORY 2004-10-31 [guyvivan] Made BFC compliant
0 !HISTORY 2009-05-02 [PTadmin] Official Update 2009-01
0 !HISTORY 2013-06-01 [arezey] Subfiled from 33299.dat, fixed bleed-ins at the boss axlehole and pin

1 16 0 0 10 -1 0 0 0 8 0 0 0 -1 npeghol2.dat
1 16 0 0 0 -9 0 0 0 10 0 0 0 -9 2-4cyli.dat
1 16 0 10 0 -3 0 0 0 -1 0 0 0 -3 4-4ring2.dat
1 16 0 10 0 -9 0 0 0 1 0 0 0 -9 2-4edge.dat
1 16 0 0 40 -0.707107 0 0.707107 0 1 0 -0.707107 0 -0.707107 1-4ring8.dat
1 16 0 0 40 -0.707107 0 0.707107 0 1 0 -0.707107 0 -0.707107 1-4ring7.dat
1 16 0 10 40 0 0 -1 0 -1 0 -1 0 0 connect.dat
2 24 6.36 3 26.36 6.36 0 26.36
4 16 -6.36 0 33.64 -9 0 35.662 -9 0 20 -6.36 0 26.36
4 16 9 0 35.662 6.36 0 33.64 6.36 0 26.36 9 0 20
1 16 0 10 0 9 0 0 0 -1 0 0 0 9 2-4ndis.dat
1 16 0 0 40 8 0 0 0 10 0 0 0 8 2-4cyli.dat
1 16 0 0 40 8 0 0 0 10 0 0 0 8 2-4edge.dat
1 16 0 0 40 6 0 0 0 10 0 0 0 6 2-4edge.dat
1 16 0 10 40 4 0 0 0 1 0 0 0 4 4-4edge.dat
0 BFC INVERTNEXT
1 16 0 0 40 6 0 0 0 10 0 0 0 6 2-4cyli.dat
1 16 0 0 40 2 0 0 0 10 0 0 0 2 2-4ring3.dat
1 16 0 10 40 -8 0 0 0 1 0 0 0 -8 2-4edge.dat
1 16 0 10 40 -2 0 0 0 1 0 0 0 -2 4-4ring2.dat
1 16 0 10 40 -1 0 0 0 1 0 0 0 -1 4-4ring6.dat
4 16 -6 0 40 -6 0 36.662 -6 10 36.662 -6 10 40
4 16 6 10 40 6 10 36.662 6 0 36.662 6 0 40
4 16 8 0 40 8 0 36.662 8 10 36.662 8 10 40
4 16 -8 10 40 -8 10 36.662 -8 0 36.662 -8 0 40
0 BFC INVERTNEXT
1 16 0 0 40 -6.46716 0 2.67878 0 10 0 -2.67878 0 -6.46716 3-8cyli.dat
1 16 0 0 40 -4.94975 0 4.94975 0 10 0 -4.94975 0 -4.94975 1-4edge.dat
4 16 -9 10 0 -9 0 0 -9 0 35.662 -9 10 35.662
4 16 9 0 0 9 10 0 9 10 35.662 9 0 35.662
4 16 -8 10 36.662 -9 10 35.662 -9 0 35.662 -8 0 36.662
4 16 8 0 36.662 9 0 35.662 9 10 35.662 8 10 36.662
4 16 6 0 36.662 8 0 36.662 8 0 40 6 0 40
4 16 -8 0 36.662 -6 0 36.662 -6 0 40 -8 0 40
4 16 9 0 35.662 8 0 36.662 6 0 36.662 6.36 0 33.64
4 16 -8 0 36.662 -9 0 35.662 -6.36 0 33.64 -6 0 36.662
3 16 -4.9498 0 35.0501 -6 0 36.662 -6.36 0 33.64
3 16 4.9498 0 35.0501 6.36 0 33.64 6 0 36.662
2 24 4.9498 0 35.0501 6 0 36.662
2 24 -4.9498 0 35.0501 -6 0 36.662
2 24 -6 0 40 -6 0 36.662
2 24 6 0 40 6 0 36.662
1 16 0 10 40 6 0 0 0 10 0 0 0 6 2-4edge.dat
1 16 0 10 40 -4.94975 0 4.94975 0 10 0 -4.94975 0 -4.94975 1-4edge.dat
2 24 4.9498 10 35.0501 6 10 36.662
2 24 -4.9498 10 35.0501 -6 10 36.662
2 24 -6 10 40 -6 10 36.662
2 24 6 10 40 6 10 36.662
2 24 8 0 40 8 0 36.662
2 24 -8 0 40 -8 0 36.662
2 24 8 10 40 8 10 36.662
2 24 -8 10 40 -8 10 36.662
2 24 -9 10 35.662 -8 10 36.662
2 24 9 10 35.662 8 10 36.662
2 24 -9 0 35.662 -8 0 36.662
2 24 9 0 35.662 8 0 36.662
2 24 9 0 35.662 9 0 0
2 24 -9 0 35.662 -9 0 0
2 24 9 10 35.662 9 10 0
2 24 -9 10 35.662 -9 10 0
2 24 -9 10 35.662 -9 0 35.662
2 24 9 10 35.662 9 0 35.662
2 24 8 10 36.662 8 0 36.662
2 24 -8 10 36.662 -8 0 36.662
4 16 9 10 11 9 10 9 -9 10 9 -9 10 11
2 24 8.316 -10 3.447 9 -10 0
2 24 -8.316 -10 3.447 -9 -10 0
2 24 0 -10 -9 3.447 -10 -8.316
2 24 3.447 -10 -8.316 3.78 -10 -8.091
2 24 3.78 -10 -8.091 4.014 -10 -6.93
2 24 4.014 -10 -6.93 5.184 -10 -5.184
2 24 5.184 -10 -5.184 6.93 -10 -4.014
2 24 6.93 -10 -4.014 8.091 -10 -3.78
2 24 8.091 -10 -3.78 8.316 -10 -3.447
2 24 8.316 -10 -3.447 9 -10 0
2 24 0 -10 -9 -3.447 -10 -8.316
2 24 -3.447 -10 -8.316 -3.78 -10 -8.091
2 24 -3.78 -10 -8.091 -4.014 -10 -6.93
2 24 -5.184 -10 -5.184 -6.93 -10 -4.014
2 24 -4.014 -10 -6.93 -5.184 -10 -5.184
2 24 -6.93 -10 -4.014 -8.091 -10 -3.78
2 24 -8.091 -10 -3.78 -8.316 -10 -3.447
2 24 -8.316 -10 -3.447 -9 -10 0
2 24 -5.184 -10 5.184 -6.93 -10 4.014
2 24 -6.93 -10 4.014 -8.091 -10 3.78
2 24 -8.091 -10 3.78 -8.316 -10 3.447
2 24 0 -10 9 3.447 -10 8.316
2 24 3.447 -10 8.316 3.78 -10 8.091
2 24 5.184 -10 5.184 6.93 -10 4.014
2 24 6.93 -10 4.014 8.091 -10 3.78
2 24 8.091 -10 3.78 8.316 -10 3.447
2 24 0 -10 9 -3.447 -10 8.316
2 24 -3.447 -10 8.316 -3.78 -10 8.091
2 24 -4.014 -10 6.93 -5.184 -10 5.184
2 24 3.78 -10 8.091 4.014 -10 6.93
2 24 4.014 -10 6.93 5.184 -10 5.184
2 24 -3.78 -10 8.091 -4.014 -10 6.93
4 16 -8.316 -10 3.447 -9 -10 0 -6 -10 0 -5.54 -10 2.3
4 16 0 -10 -9 3.447 -10 -8.316 2.3 -10 -5.54 0 -10 -6
4 16 3.447 -10 -8.316 3.78 -10 -8.091 4.014 -10 -6.93 2.3 -10 -5.54
4 16 4.014 -10 -6.93 5.184 -10 -5.184 4.24 -10 -4.24 2.3 -10 -5.54
4 16 5.184 -10 -5.184 6.93 -10 -4.014 5.54 -10 -2.3 4.24 -10 -4.24
4 16 6.93 -10 -4.014 8.091 -10 -3.78 8.316 -10 -3.447 5.54 -10 -2.3
4 16 8.316 -10 -3.447 9 -10 0 6 -10 0 5.54 -10 -2.3
4 16 -5.184 -10 5.184 -6.93 -10 4.014 -5.54 -10 2.3 -4.24 -10 4.24
4 16 0 -10 9 -3.447 -10 8.316 -2.3 -10 5.54 0 -10 6
4 16 -4.014 -10 6.93 -5.184 -10 5.184 -4.24 -10 4.24 -2.3 -10 5.54
4 16 -6.93 -10 4.014 -8.091 -10 3.78 -8.316 -10 3.447 -5.54 -10 2.3
4 16 -3.447 -10 8.316 -3.78 -10 8.091 -4.014 -10 6.93 -2.3 -10 5.54
4 16 -3.447 -10 -8.316 0 -10 -9 0 -10 -6 -2.3 -10 -5.54
4 16 9 -10 0 8.316 -10 3.447 5.54 -10 2.3 6 -10 0
4 16 8.316 -10 3.447 8.091 -10 3.78 6.93 -10 4.014 5.54 -10 2.3
4 16 6.93 -10 4.014 5.184 -10 5.184 4.24 -10 4.24 5.54 -10 2.3
4 16 5.184 -10 5.184 4.014 -10 6.93 2.3 -10 5.54 4.24 -10 4.24
4 16 4.014 -10 6.93 3.78 -10 8.091 3.447 -10 8.316 2.3 -10 5.54
4 16 3.447 -10 8.316 0 -10 9 0 -10 6 2.3 -10 5.54
4 16 -5.184 -10 -5.184 -4.014 -10 -6.93 -2.3 -10 -5.54 -4.24 -10 -4.24
4 16 -9 -10 0 -8.316 -10 -3.447 -5.54 -10 -2.3 -6 -10 0
4 16 -6.93 -10 -4.014 -5.184 -10 -5.184 -4.24 -10 -4.24 -5.54 -10 -2.3
4 16 -4.014 -10 -6.93 -3.78 -10 -8.091 -3.447 -10 -8.316 -2.3 -10 -5.54
4 16 -8.316 -10 -3.447 -8.091 -10 -3.78 -6.93 -10 -4.014 -5.54 -10 -2.3
2 24 -9 0 0 -8.316 0 3.447
2 24 -8.316 0 3.447 -8.091 0 3.78
2 24 3.78 0 8.091 4.014 0 6.93
2 24 4.014 0 6.93 5.184 0 5.184
2 24 5.184 0 5.184 6.93 0 4.014
2 24 6.93 0 4.014 8.091 0 3.78
2 24 9 0 0 8.316 0 3.447
2 24 8.316 0 3.447 8.091 0 3.78
2 24 -3.78 0 8.091 -4.014 0 6.93
2 24 -4.014 0 6.93 -5.184 0 5.184
2 24 -5.184 0 5.184 -6.93 0 4.014
2 24 -6.93 0 4.014 -8.091 0 3.78
2 24 6.363 0 -6.363 3.78 0 -8.091
2 24 3.78 0 -8.091 4.014 0 -6.93
2 24 4.014 0 -6.93 5.184 0 -5.184
2 24 5.184 0 -5.184 6.93 0 -4.014
2 24 6.93 0 -4.014 8.091 0 -3.78
2 24 8.091 0 -3.78 6.363 0 -6.363
2 24 -6.363 0 -6.363 -3.78 0 -8.091
2 24 -3.78 0 -8.091 -4.014 0 -6.93
2 24 -4.014 0 -6.93 -5.184 0 -5.184
2 24 -5.184 0 -5.184 -6.93 0 -4.014
2 24 -6.93 0 -4.014 -8.091 0 -3.78
2 24 -8.091 0 -3.78 -6.363 0 -6.363
2 24 3.78 -10 -8.091 3.78 0 -8.091
2 24 8.091 -10 -3.78 8.091 0 -3.78
2 24 -3.78 -10 -8.091 -3.78 0 -8.091
2 24 -8.091 -10 -3.78 -8.091 0 -3.78
2 24 8.091 -10 3.78 8.091 0 3.78
2 24 -8.091 -10 3.78 -8.091 0 3.78
2 24 3.78 -10 8.091 3.78 0 8.091
2 24 -3.78 -10 8.091 -3.78 0 8.091
4 16 8.316 -10 3.447 9 -10 0 9 0 0 8.316 0 3.447
4 16 8.091 -10 3.78 8.316 -10 3.447 8.316 0 3.447 8.091 0 3.78
4 16 0 -10 9 3.447 -10 8.316 3.447 0 8.316 0 0 9
4 16 3.447 -10 8.316 3.78 -10 8.091 3.78 0 8.091 3.447 0 8.316
4 16 3.78 -10 8.091 4.014 -10 6.93 4.014 0 6.93 3.78 0 8.091
4 16 4.014 -10 6.93 5.184 -10 5.184 5.184 0 5.184 4.014 0 6.93
4 16 5.184 -10 5.184 6.93 -10 4.014 6.93 0 4.014 5.184 0 5.184
4 16 6.93 -10 4.014 8.091 -10 3.78 8.091 0 3.78 6.93 0 4.014
4 16 0 -10 -9 -3.447 -10 -8.316 -3.447 0 -8.316 0 0 -9
4 16 -3.447 -10 -8.316 -3.78 -10 -8.091 -3.78 0 -8.091 -3.447 0 -8.316
4 16 -3.78 -10 -8.091 -4.014 -10 -6.93 -4.014 0 -6.93 -3.78 0 -8.091
4 16 -4.014 -10 -6.93 -5.184 -10 -5.184 -5.184 0 -5.184 -4.014 0 -6.93
4 16 -5.184 -10 -5.184 -6.93 -10 -4.014 -6.93 0 -4.014 -5.184 0 -5.184
4 16 -6.93 -10 -4.014 -8.091 -10 -3.78 -8.091 0 -3.78 -6.93 0 -4.014
4 16 -8.091 -10 -3.78 -8.316 -10 -3.447 -8.316 0 -3.447 -8.091 0 -3.78
4 16 -8.316 -10 -3.447 -9 -10 0 -9 0 0 -8.316 0 -3.447
4 16 -3.447 -10 8.316 0 -10 9 0 0 9 -3.447 0 8.316
4 16 -5.184 -10 5.184 -4.014 -10 6.93 -4.014 0 6.93 -5.184 0 5.184
4 16 -4.014 -10 6.93 -3.78 -10 8.091 -3.78 0 8.091 -4.014 0 6.93
4 16 -3.78 -10 8.091 -3.447 -10 8.316 -3.447 0 8.316 -3.78 0 8.091
4 16 -9 -10 0 -8.316 -10 3.447 -8.316 0 3.447 -9 0 0
4 16 -8.316 -10 3.447 -8.091 -10 3.78 -8.091 0 3.78 -8.316 0 3.447
4 16 -8.091 -10 3.78 -6.93 -10 4.014 -6.93 0 4.014 -8.091 0 3.78
4 16 -6.93 -10 4.014 -5.184 -10 5.184 -5.184 0 5.184 -6.93 0 4.014
4 16 9 -10 0 8.316 -10 -3.447 8.316 0 -3.447 9 0 0
4 16 8.316 -10 -3.447 8.091 -10 -3.78 8.091 0 -3.78 8.316 0 -3.447
4 16 8.091 -10 -3.78 6.93 -10 -4.014 6.93 0 -4.014 8.091 0 -3.78
4 16 6.93 -10 -4.014 5.184 -10 -5.184 5.184 0 -5.184 6.93 0 -4.014
4 16 5.184 -10 -5.184 4.014 -10 -6.93 4.014 0 -6.93 5.184 0 -5.184
4 16 4.014 -10 -6.93 3.78 -10 -8.091 3.78 0 -8.091 4.014 0 -6.93
4 16 3.78 -10 -8.091 3.447 -10 -8.316 3.447 0 -8.316 3.78 0 -8.091
4 16 3.447 -10 -8.316 0 -10 -9 0 0 -9 3.447 0 -8.316
5 24 0 -10 9 0 0 9 -3.447 -10 8.316 3.447 -10 8.316
5 24 -3.447 -10 8.316 -3.447 0 8.316 -3.78 -10 8.091 0 -10 9
5 24 3.447 -10 8.316 3.447 0 8.316 3.78 -10 8.091 0 -10 9
5 24 9 -10 0 9 0 0 8.316 -10 3.447 8.316 -10 -3.447
5 24 8.316 -10 3.447 8.316 0 3.447 8.091 -10 3.78 9 -10 0
5 24 8.316 -10 -3.447 8.316 0 -3.447 8.091 -10 -3.78 9 -10 0
5 24 0 -10 -9 0 0 -9 3.447 -10 -8.316 -3.447 -10 -8.316
5 24 3.447 -10 -8.316 3.447 0 -8.316 3.78 -10 -8.091 0 -10 -9
5 24 -3.447 -10 -8.316 -3.447 0 -8.316 -3.78 -10 -8.091 0 -10 -9
5 24 -9 -10 0 -9 0 0 -8.316 -10 -3.447 -8.316 -10 3.447
5 24 -8.316 -10 -3.447 -8.316 0 -3.447 -8.091 -10 -3.78 -9 -10 0
5 24 -8.316 -10 3.447 -8.316 0 3.447 -8.091 -10 3.78 -9 -10 0
5 24 4.014 -10 6.93 4.014 0 6.93 3.78 -10 8.091 5.184 -10 5.184
5 24 5.184 -10 5.184 5.184 0 5.184 4.014 -10 6.93 6.93 -10 4.014
5 24 6.93 -10 4.014 6.93 0 4.014 5.184 -10 5.184 8.091 -10 3.78
5 24 6.93 -10 -4.014 6.93 0 -4.014 8.091 -10 -3.78 5.184 -10 -5.184
5 24 5.184 -10 -5.184 5.184 0 -5.184 6.93 -10 -4.014 4.014 -10 -6.93
5 24 4.014 -10 -6.93 4.014 0 -6.93 5.184 -10 -5.184 3.78 -10 -8.091
5 24 -4.014 -10 -6.93 -4.014 0 -6.93 -3.78 -10 -8.091 -5.184 -10 -5.184
5 24 -5.184 -10 -5.184 -5.184 0 -5.184 -4.014 -10 -6.93 -6.93 -10 -4.014
5 24 -6.93 -10 -4.014 -6.93 0 -4.014 -5.184 -10 -5.184 -8.091 -10 -3.78
5 24 -6.93 -10 4.014 -6.93 0 4.014 -8.091 -10 3.78 -5.184 -10 5.184
5 24 -5.184 -10 5.184 -5.184 0 5.184 -6.93 -10 4.014 -4.014 -10 6.93
5 24 -4.014 -10 6.93 -4.014 0 6.93 -5.184 -10 5.184 -3.78 -10 8.091
4 16 8 10 36.662 9 10 35.662 9 10 32 8 10 32
4 16 -9 10 35.662 -8 10 36.662 -8 10 32 -9 10 32
4 16 -8.091 0 -3.78 -6.363 0 -6.363 -3.78 0 -8.091 -4.014 0 -6.93
4 16 -8.091 0 -3.78 -4.014 0 -6.93 -5.184 0 -5.184 -6.93 0 -4.014
4 16 8.091 0 -3.78 4.014 0 -6.93 3.78 0 -8.091 6.363 0 -6.363
4 16 8.091 0 -3.78 6.93 0 -4.014 5.184 0 -5.184 4.014 0 -6.93
4 16 -8.091 0 3.78 -4.014 0 6.93 -3.78 0 8.091 -6.363 0 6.363
4 16 -8.091 0 3.78 -6.93 0 4.014 -5.184 0 5.184 -4.014 0 6.93
4 16 8.091 0 3.78 6.363 0 6.363 3.78 0 8.091 4.014 0 6.93
4 16 8.091 0 3.78 4.014 0 6.93 5.184 0 5.184 6.93 0 4.014

