0 FILE 42037 - main.ldr
0 main
0 Name: 42037 - main.ldr
0 Author: Philippe Hurbain [Philo]
0 !LDRAW_ORG Unofficial_Model
0 !LICENSE Redistributable under CCAL version 2.0 : see CAreadme.txt

0 !THEME Technic

1 71 -20 -125.5862 -220.901 0 0 -1 -0.083 0.9965 0 0.9965 0.083 0 4519.dat
1 0 -20 -128.908 -181.0392 1 0 0 0 0.9965 -0.083 0 0.083 0.9965 32013.dat
1 0 -20 -125.5862 -220.901 -1 0 0 0 0.083 -0.9965 0 -0.9965 -0.083 32271.dat
1 0 -20 -122.2644 -260.7628 -1 0 0 0 0.9965 0.083 0 0.083 -0.9965 32013.dat
1 72 -20 -122.2644 -260.7628 1 0 0 0 0.9965 -0.083 0 0.083 0.9965 11214.dat
1 72 -20 -128.908 -181.0392 1 0 0 0 0.9965 -0.083 0 0.083 0.9965 11214.dat
1 0 20 -128.908 -181.0392 1 0 0 0 0.9965 -0.083 0 0.083 0.9965 32054.dat
1 0 20 -122.2644 -260.7628 1 0 0 0 0.9965 -0.083 0 0.083 0.9965 32054.dat
0 STEP
1 0 20 -128.908 -181.0392 1 0 0 0 0.9965 -0.083 0 0.083 0.9965 32013.dat
1 0 20 -122.2644 -260.7628 -1 0 0 0 0.9965 0.083 0 0.083 -0.9965 32013.dat
1 71 20 -125.5862 -220.901 0 0 -1 -0.083 0.9965 0 0.9965 0.083 0 4519.dat
1 0 20 -125.5862 -220.901 1 0 0 0 -0.083 -0.9965 0 0.9965 -0.083 32271.dat
1 71 40 -125.5862 -220.901 0 1 0 0.9965 0 0.083 0.083 0 -0.9965 14720.dat
1 71 -40 -125.5862 -220.901 0 1 0 0.9965 0 0.083 0.083 0 -0.9965 14720.dat
1 0 50 -148.8389 -182.7001 -1 0 0 0 0.9965 0.083 0 0.083 -0.9965 2780.dat
1 0 -50 -148.8389 -182.7001 -1 0 0 0 0.9965 0.083 0 0.083 -0.9965 2780.dat
0 STEP
1 71 40 -125.5862 -220.901 0 0 1 0.9965 -0.083 0 0.083 0.9965 0 4519.dat
1 71 -40 -125.5862 -220.901 0 0 1 0.9965 -0.083 0 0.083 0.9965 0 4519.dat
1 0 40 -145.5171 -222.5619 0 0 1 0.9965 -0.083 0 0.083 0.9965 0 6536.dat
1 0 -40 -145.5171 -222.5619 0 0 1 0.9965 -0.083 0 0.083 0.9965 0 6536.dat
1 72 40 -147.178 -202.631 -1 0 0 0 -0.083 0.9965 0 0.9965 0.083 11214.dat
1 72 -40 -147.178 -202.631 1 0 0 0 -0.083 -0.9965 0 0.9965 -0.083 11214.dat
1 71 0 -147.178 -202.631 0 0 -1 -0.083 0.9965 0 0.9965 0.083 0 32034.dat
1 0 -40 -105.6553 -219.2401 0 0 1 0.9965 -0.083 0 0.083 0.9965 0 6536.dat
1 0 40 -105.6553 -219.2401 0 0 1 0.9965 -0.083 0 0.083 0.9965 0 6536.dat
0 STEP
1 0 -20 -183.718 -245.8146 0 0 1 -0.083 -0.9965 0 0.9965 -0.083 0 32054.dat
1 0 20 -183.718 -245.8146 0 0 1 -0.083 -0.9965 0 0.9965 -0.083 0 32054.dat
1 71 0 -143.8562 -242.4928 0 0 1 -0.9965 0.083 0 -0.083 -0.9965 0 64179.dat
0 STEP
1 0 -50 -163.7871 -244.1537 -1 0 0 0 0.9965 0.083 0 0.083 -0.9965 2780.dat
1 0 -50 -143.8562 -242.4928 -1 0 0 0 0.9965 0.083 0 0.083 -0.9965 2780.dat
1 0 50 -163.7871 -244.1537 -1 0 0 0 0.9965 0.083 0 0.083 -0.9965 2780.dat
1 0 50 -143.8562 -242.4928 -1 0 0 0 0.9965 0.083 0 0.083 -0.9965 2780.dat
1 27 -40 -158.8044 -303.9465 0 -1 0 0.9965 0 -0.083 0.083 0 0.9965 32140.dat
1 27 40 -158.8044 -303.9465 0 -1 0 0.9965 0 -0.083 0.083 0 0.9965 32140.dat
0 STEP
1 0 0 -152.9912 -132.8728 0 -1 0 -0.083 0 -0.9965 0.9965 0 -0.083 3737.dat
1 0 0 -144.6867 -232.5274 -1 0 0 0 -0.9965 -0.083 0 -0.083 0.9965 59443.dat
1 0 0 -141.3648 -272.3892 0 0 1 -0.083 -0.9965 0 0.9965 -0.083 0 3705.dat
1 71 0 -142.1953 -262.4237 0 0 -1 -0.083 0.9965 0 0.9965 0.083 0 32034.dat
1 0 0 -140.5344 -282.3547 1 0 0 0 0.9965 -0.083 0 0.083 0.9965 32270.dat
0 STEP
1 71 60 -142.1953 -262.4237 0 0 -1 -0.083 0.9965 0 0.9965 0.083 0 3713.dat
1 71 40 -142.1953 -262.4237 1 0 0 0 0.9965 -0.083 0 0.083 0.9965 4519.dat
1 71 -60 -142.1953 -262.4237 0 0 1 0.083 0.9965 0 -0.9965 0.083 0 3713.dat
1 71 -40 -142.1953 -262.4237 1 0 0 0 0.9965 -0.083 0 0.083 0.9965 4519.dat
1 0 0 -161.2957 -33.2182 -1 0 0 0 -0.9965 -0.083 0 -0.083 0.9965 59443.dat
1 71 0 -158.8044 -303.9465 -1 0 0 0 -0.9965 -0.083 0 -0.083 0.9965 32073.dat
1 71 5 -99.0116 -298.9638 0 0 -1 -0.083 0.9965 0 0.9965 0.083 0 42037 - steer.ldr
1 71 0 -102.3335 -259.1019 -1 0 0 0 -0.9965 -0.083 0 -0.083 0.9965 32073.dat
0 STEP
1 72 60 -104.0774 -238.1745 0 0.4164 -0.9092 0.083 -0.9061 -0.415 -0.9965 -0.0755 -0.0346 57515.dat
1 28 60 -103.4131 -246.1468 0 0.6 -0.8 -0.083 0.7972 0.5979 0.9965 0.0664 0.0498 6587.dat
1 14 60 -101.9182 -264.0847 0.8 0.6 0 -0.5979 0.7972 -0.083 -0.0498 0.0664 0.9965 32123a.dat
1 14 60 -181.6419 -270.7283 0.8 0.6 0 -0.5979 0.7972 -0.083 -0.0498 0.0664 0.9965 32123a.dat
1 28 60 -183.1367 -252.7905 0 0.6 -0.8 -0.083 0.7972 0.5979 0.9965 0.0664 0.0498 6587.dat
1 72 60 -183.718 -245.8146 0 -0.4164 -0.9092 -0.083 0.9061 -0.415 0.9965 0.0755 -0.0346 57515.dat
0 STEP
1 0 150.9188 -72.548 -235.547 0 -1 0 -0.9965 0 0.083 -0.083 0 -0.9965 6628.dat
1 0 150.9188 -132.2577 -241.5263 0 -1 0 0.9965 0 -0.083 0.083 0 0.9965 6628.dat
1 71 150.9188 -102.3613 -239.0349 0 0 -1 -0.083 0.9965 0 0.9965 0.083 0 11949.dat
1 72 180.9188 -102.3613 -239.0349 0 0 -1 -0.083 0.9965 0 0.9965 0.083 0 92909.dat
0 STEP
1 28 -60 -184.0502 -241.8285 0 -0.6 0.8 0.083 0.7972 0.5979 -0.9965 0.0664 0.0498 6587.dat
1 14 -60 -185.545 -223.8906 -0.8 -0.6 0 -0.5979 0.7972 0.083 -0.0498 0.0664 -0.9965 32123a.dat
1 28 -60 -104.3266 -235.1848 0 -0.6 0.8 0.083 0.7972 0.5979 -0.9965 0.0664 0.0498 6587.dat
1 14 -60 -105.8214 -217.247 -0.8 -0.6 0 -0.5979 0.7972 0.083 -0.0498 0.0664 -0.9965 32123a.dat
1 72 -60 -103.6622 -243.1572 0 -0.4164 0.9092 -0.083 -0.9061 -0.415 0.9965 -0.0755 -0.0346 57515.dat
1 72 -60 -183.4689 -248.8043 0 0.4164 0.9092 0.083 0.9061 -0.415 -0.9965 0.0755 -0.0346 57515.dat
1 0 -150.9188 -72.1328 -240.5297 0 1 0 -0.9965 0 -0.083 -0.083 0 0.9965 6628.dat
1 0 -150.9188 -132.0086 -244.5159 0 1 0 0.9965 0 0.083 0.083 0 -0.9965 6628.dat
1 71 -150.9188 -102.1122 -242.0246 0 0 1 0.083 0.9965 0 -0.9965 0.083 0 11949.dat
1 72 -180.9188 -102.1122 -242.0246 0 0 1 0.083 0.9965 0 -0.9965 0.083 0 92909.dat
0 STEP
1 0 -50 -107.3162 -199.3092 -1 0 0 0 0.9965 0.083 0 0.083 -0.9965 2780.dat
1 0 -50 -108.9771 -179.3783 -1 0 0 0 0.9965 0.083 0 0.083 -0.9965 2780.dat
1 0 50 -108.9771 -179.3783 -1 0 0 0 0.9965 0.083 0 0.083 -0.9965 2780.dat
1 0 50 -107.3162 -199.3092 -1 0 0 0 0.9965 0.083 0 0.083 -0.9965 2780.dat
1 71 -132.735 -70.4663 -240.3909 0 0 -1 -0.083 0.9965 0 0.9965 0.083 0 4519.dat
1 71 -132.735 -150.273 -246.038 0 0 -1 -0.083 0.9965 0 0.9965 0.083 0 4519.dat
1 0 -132.735 -111.6568 -227.7679 -1 0 0 0 -0.083 0.9965 0 0.9965 0.083 11478.dat
1 0 -132.735 -109.1654 -257.6643 -1 0 0 0 -0.083 0.9965 0 0.9965 0.083 11478.dat
1 71 132.735 -70.7154 -237.4012 0 0 -1 -0.083 0.9965 0 0.9965 0.083 0 4519.dat
1 71 132.735 -150.5221 -243.0483 0 0 -1 -0.083 0.9965 0 0.9965 0.083 0 4519.dat
1 0 132.735 -109.4146 -254.6747 -1 0 0 0 -0.083 0.9965 0 0.9965 0.083 11478.dat
1 0 132.735 -111.9059 -224.7783 -1 0 0 0 -0.083 0.9965 0 0.9965 0.083 11478.dat
0 STEP
1 72 150.9188 -99.0395 -278.8968 0 0.4164 -0.9092 0.083 -0.9061 -0.415 -0.9965 -0.0755 -0.0346 2739a.dat
1 72 -150.9188 -98.7904 -281.8864 0 -0.4164 0.9092 -0.083 -0.9061 -0.415 0.9965 -0.0755 -0.0346 2739a.dat
1 4 -96.3675 -166.8709 -247.4211 0 -0.4164 0.9092 -0.083 -0.9061 -0.415 0.9965 -0.0755 -0.0346 32062.dat
1 4 96.3675 -167.1201 -244.4315 0 -0.9092 0.4164 -0.083 -0.415 -0.9061 0.9965 -0.0346 -0.0755 32062.dat
1 1 -52 -268.2583 -242.825 0 -0.8 0.6 -0.083 -0.5979 -0.7972 0.9965 -0.0498 -0.0664 43093.dat
1 1 52 -268.2583 -242.825 0 -0.6 0.8 -0.083 -0.7972 -0.5979 0.9965 -0.0664 -0.0498 43093.dat
1 14 52 -267.4279 -252.7905 0.915 0.4033 0 -0.4019 0.9118 -0.083 -0.0335 0.076 0.9965 76537.dat
1 14 -52 -267.4279 -252.7905 -0.915 -0.4033 0 -0.4019 0.9118 0.083 -0.0335 0.076 -0.9965 76537.dat
0 STEP
1 73 -60 -178.7353 -305.6074 0 0 -1 0.9965 0.083 0 0.083 -0.9965 0 32192.dat
1 73 60 -178.7353 -305.6074 0 0 1 -0.9965 0.083 0 -0.083 -0.9965 0 32192.dat
1 0 0 -239.3585 -59.7928 1 0 0 0 0.9965 -0.083 0 0.083 0.9965 42037 - motor.ldr
0 STEP
1 0 0 -183.718 -4.9828 -1 0 0 0 -0.083 0.9965 0 0.9965 0.083 32524.dat
1 72 0 -124.7557 9.9654 0 -1 0 0.083 0 0.9965 -0.9965 0 0.083 55013.dat
1 71 0 -125.5862 19.9309 0 1 0 0.9965 0 0.083 0.083 0 -0.9965 94925.dat
1 71 0 -127.2471 39.8618 0 1 0 0.9965 0 0.083 0.083 0 -0.9965 3713.dat
1 71 0 -123.9253 0 -1 0 0 0 0.9965 0.083 0 0.083 -0.9965 64178.dat
1 0 0 -131.3994 89.6891 -1 0 0 0 -0.9965 -0.083 0 -0.083 0.9965 59443.dat
1 0 50 -115.6207 -99.6546 -1 0 0 0 0.9965 0.083 0 0.083 -0.9965 2780.dat
1 0 50 -120.6035 -39.8619 -1 0 0 0 0.9965 0.083 0 0.083 -0.9965 2780.dat
1 0 50 -123.9253 0 -1 0 0 0 0.9965 0.083 0 0.083 -0.9965 2780.dat
1 0 50 -127.2471 39.8618 -1 0 0 0 0.9965 0.083 0 0.083 -0.9965 2780.dat
1 0 50 -132.2298 99.6546 -1 0 0 0 0.9965 0.083 0 0.083 -0.9965 2780.dat
1 0 -50 -115.6207 -99.6546 -1 0 0 0 0.9965 0.083 0 0.083 -0.9965 2780.dat
1 0 -50 -120.6035 -39.8619 -1 0 0 0 0.9965 0.083 0 0.083 -0.9965 2780.dat
1 0 -50 -123.9253 0 -1 0 0 0 0.9965 0.083 0 0.083 -0.9965 2780.dat
1 0 -50 -127.2471 39.8618 -1 0 0 0 0.9965 0.083 0 0.083 -0.9965 2780.dat
1 0 -50 -132.2298 99.6546 -1 0 0 0 0.9965 0.083 0 0.083 -0.9965 2780.dat
0 STEP
1 71 60 -113.9598 -119.5855 0 -1 0 -0.9965 0 0.083 -0.083 0 -0.9965 40490.dat
1 71 -60 -113.9598 -119.5855 0 -1 0 -0.9965 0 0.083 -0.083 0 -0.9965 40490.dat
1 0 0 -166.2785 26.5745 0 0 1 -0.083 -0.9965 0 0.9965 -0.083 0 3706.dat
1 71 0 -205.3098 13.2873 0 1 0 0.9965 0 0.083 0.083 0 -0.9965 94925.dat
1 72 0 -165.448 16.6091 0 1 0 0.9965 0 0.083 0.083 0 -0.9965 6542b.dat
1 0 0 -187.0398 34.8791 1 0 0 0 -0.083 -0.9965 0 0.9965 -0.083 32523.dat
1 71 0 -168.7698 56.4709 0 0 -1 -0.083 0.9965 0 0.9965 0.083 0 32034.dat
1 0 0 -171.2612 86.3673 -1 0 0 0 -0.9965 -0.083 0 -0.083 0.9965 59443.dat
1 1 30 -168.7698 56.4709 -1 0 0 0 -0.9965 -0.083 0 -0.083 0.9965 43093.dat
1 1 -30 -168.7698 56.4709 1 0 0 0 -0.9965 0.083 0 -0.083 -0.9965 43093.dat
1 71 0 -133.8907 119.5855 0 0 -1 0.083 -0.9965 0 -0.9965 -0.083 0 4519.dat
1 71 0 -173.7526 116.2636 0 0 -1 0.083 -0.9965 0 -0.9965 -0.083 0 4519.dat
0 STEP
1 0 -60 -153.8217 -122.9073 -1 0 0 0 0.9965 0.083 0 0.083 -0.9965 42037 - chasisside1.ldr
1 0 -60 -123.9253 0 0 1 0 0.083 0 -0.9965 -0.9965 0 -0.083 60484.dat
1 1 -60 -162.1262 -23.2528 1 0 0 0 -0.083 -0.9965 0 0.9965 -0.083 6558.dat
0 STEP
1 0 60 -153.8217 -122.9073 1 0 0 0 0.9965 -0.083 0 0.083 0.9965 42037 - chassisside2.ldr
1 1 60 -162.1262 -23.2528 -1 0 0 0 0.083 -0.9965 0 -0.9965 -0.083 6558.dat
1 0 60 -123.9253 0 0 1 0 0.083 0 -0.9965 -0.9965 0 -0.083 60484.dat
0 STEP
1 28 110 -103.4131 -246.1468 0 0.6 -0.8 -0.083 0.7972 0.5979 0.9965 0.0664 0.0498 6587.dat
1 71 0 -143.8562 239.171 1 0 0 0 0.9965 -0.083 0 0.083 0.9965 42037 - rearaxle.ldr
1 71 60 -132.2298 99.6546 0 -1 0 0.9965 0 -0.083 0.083 0 0.9965 32524.dat
1 71 -60 -132.2298 99.6546 0 -1 0 0.9965 0 -0.083 0.083 0 0.9965 32524.dat
1 0 60 -177.0744 156.1255 0 -1 0 -0.9965 0 0.083 -0.083 0 -0.9965 32526.dat
1 1 60 -177.0744 156.1255 -1 0 0 0 0.083 -0.9965 0 -0.9965 -0.083 6558.dat
0 STEP
1 1 -50 -190.3617 74.7409 -1 0 0 0 0.2289 0.9735 0 0.9735 -0.2289 42037 - seat.ldr
1 0 -60 -177.0744 156.1255 0 -1 0 -0.9965 0 0.083 -0.083 0 -0.9965 32526.dat
1 1 -60 -177.0744 156.1255 1 0 0 0 -0.083 -0.9965 0 0.9965 -0.083 6558.dat
0 STEP
1 72 -20 -245.1717 9.9654 0 1 0 0.083 0 -0.9965 -0.9965 0 -0.083 11214.dat
1 72 20 -245.1717 9.9654 0 1 0 0.083 0 -0.9965 -0.9965 0 -0.083 11214.dat
1 27 0 -245.1717 9.9654 0 0 -1 -0.9965 -0.083 0 -0.083 0.9965 0 32524.dat
1 0 40 -245.1717 9.9654 0 -1 0 0.083 0 0.9965 -0.9965 0 0.083 32054.dat
1 0 -40 -245.1717 9.9654 0 -1 0 0.083 0 0.9965 -0.9965 0 0.083 32054.dat
1 0 -80 -162.1262 -23.2528 0 1 0 -0.9965 0 -0.083 -0.083 0 0.9965 15100.dat
1 71 -80 -192.0226 -25.7441 0 0 -1 -0.9965 -0.083 0 -0.083 0.9965 0 62462.dat
1 0 -80 -211.9535 -27.405 0 0 -1 -0.9965 -0.083 0 -0.083 0.9965 0 2780.dat
1 73 -40 -243.5108 -9.9655 0 1 0 0.9965 0 0.083 0.083 0 -0.9965 64393.dat
0 STEP
1 0 -110 -219.8428 187.6828 1 0 0 0 0.9965 -0.083 0 0.083 0.9965 42037 - sidepanel1.ldr
0 STEP
1 0 80 -162.1262 -23.2528 0 1 0 -0.9965 0 -0.083 -0.083 0 0.9965 15100.dat
1 71 80 -192.0226 -25.7441 0 0 -1 -0.9965 -0.083 0 -0.083 0.9965 0 62462.dat
1 0 80 -211.9535 -27.405 0 -1 0 -0.9965 0 0.083 -0.083 0 -0.9965 2780.dat
1 73 40 -243.5108 -9.9655 0 -1 0 -0.9965 0 0.083 -0.083 0 -0.9965 64681.dat
1 0 110 -220.6733 197.6482 -1 0 0 0 0.9965 0.083 0 0.083 -0.9965 42037 - sidepanel2.ldr
0 STEP
1 0 0 -246.8326 29.8964 0 0 -1 -0.9965 -0.083 0 -0.083 0.9965 0 32523.dat
1 1 0 -247.663 39.8618 0 0 -1 -0.083 0.9965 0 0.9965 0.083 0 43093.dat
1 72 0 -249.407 60.7893 -1 0 0 0 0.083 -0.9965 0 -0.9965 -0.083 42037 - 40001.dat
1 47 0 -345.2249 82.07 1 0 0 0 -0.9908 0.1351 0 -0.1351 -0.9908 42037 - windscreen.ldr
0 STEP
1 1 -70 -364.7572 240.8319 -1 0 0 0 -0.8471 0.5315 0 0.5315 0.8471 43093.dat
1 0 -80 -279.7186 376.3621 0 -1 0 0.8471 0 0.5315 -0.5315 0 0.8471 32009.dat
1 1 -70 -211.9535 333.8428 -1 0 0 0 -0.8471 0.5315 0 0.5315 0.8471 43093.dat
1 1 70 -364.7572 240.8319 1 0 0 0 0.8471 0.5315 0 -0.5315 0.8471 43093.dat
1 0 80 -279.7186 376.3621 0 -1 0 0.8471 0 0.5315 -0.5315 0 0.8471 32009.dat
1 1 70 -211.9535 333.8428 1 0 0 0 0.8471 0.5315 0 -0.5315 0.8471 43093.dat
1 1 -70 -300.9782 342.4795 1 0 0 0 0.8471 0.5315 0 -0.5315 0.8471 43093.dat
1 1 70 -300.9782 342.4795 -1 0 0 0 -0.8471 0.5315 0 0.5315 0.8471 43093.dat
1 0 50 -300.9782 342.4795 0 0 1 -0.5315 0.8471 0 -0.8471 -0.5315 0 59443.dat
1 0 -50 -300.9782 342.4795 0 0 1 -0.5315 0.8471 0 -0.8471 -0.5315 0 59443.dat
1 71 0 -300.9782 342.4795 -1 0 0 0 -0.8471 0.5315 0 0.5315 0.8471 32073.dat
1 27 200.9187 -102.3613 242.6289 0 0 1 0.083 0.9965 0 -0.9965 0.083 0 56908.dat
1 256 200.9187 -102.3613 242.6289 0 0 1 0.083 0.9965 0 -0.9965 0.083 0 45982.dat
1 27 200.9188 -102.3613 -239.0349 0 0 1 0.083 0.9965 0 -0.9965 0.083 0 56908.dat
1 256 200.9188 -102.3613 -239.0349 0 0 1 0.083 0.9965 0 -0.9965 0.083 0 45982.dat
1 27 -200.9187 -102.3613 242.6289 0 0 1 0.083 0.9965 0 -0.9965 0.083 0 56908.dat
1 256 -200.9187 -102.3613 242.6289 0 0 1 0.083 0.9965 0 -0.9965 0.083 0 45982.dat
1 27 -200.9188 -102.1122 -242.0246 0 0 1 0.083 0.9965 0 -0.9965 0.083 0 56908.dat
1 256 -200.9188 -102.1122 -242.0246 0 0 1 0.083 0.9965 0 -0.9965 0.083 0 45982.dat

0 FILE 42037 - steer.ldr
0 steer
0 Name: 42037 - steer.ldr
0 Author: Philippe Hurbain [Philo]
0 !LDRAW_ORG Unofficial_Model
0 !LICENSE Redistributable under CCAL version 2.0 : see CAreadme.txt
0 !THEME Technic
1 71 0 0 10 0 0 1 1 0 0 0 1 0 6632.dat
1 71 0 0 5 0 1 0 0 0 1 1 0 0 4519.dat
1 71 0 0 0 0 0 1 1 0 0 0 1 0 6632.dat
1 1 20 0 5 0 1 0 0 0 1 1 0 0 6558.dat
1 0 0 -80 25 1 0 0 0 0 1 0 -1 0 32526.dat
1 71 0 -40 5 0 1 0 0 0 1 1 0 0 87082.dat
1 71 0 -80 5 0 1 0 0 0 1 1 0 0 32073.dat
1 71 0 -80 5 1 0 0 0 0 1 0 -1 0 60483.dat
0 STEP
1 0 0 -80 -15 1 0 0 0 0 1 0 -1 0 32526.dat
1 0 20 -20 5 0 0 -1 0 1 0 1 0 0 87761.dat
1 0 20 -30 -55 0 0 -1 1 0 0 0 -1 0 6628.dat
1 0 20 -30 65 0 0 -1 1 0 0 0 -1 0 6628.dat

0 FILE 42037 - motor.ldr
0 motor
0 Name: 42037 - motor.ldr
0 Author: Philippe Hurbain [Philo]
0 !LDRAW_ORG Unofficial_Model
0 !LICENSE Redistributable under CCAL version 2.0 : see CAreadme.txt
0 !THEME Technic
1 71 0 -26 0 1 0 0 0 1 0 0 0 1 42037 - 2850b.dat
1 0 -20 0 -20 0 0 -1 0 1 0 1 0 0 2780.dat
1 0 20 0 -20 0 0 -1 0 1 0 1 0 0 2780.dat
1 0 -20 0 -60 0 0 -1 0 1 0 1 0 0 2780.dat
1 71 0 -26 -40 1 0 0 0 1 0 0 0 1 42037 - 2850b.dat
1 0 20 0 -60 0 0 -1 0 1 0 1 0 0 2780.dat
1 0 -20 0 -100 0 0 -1 0 1 0 1 0 0 2780.dat
1 71 0 -26 -80 1 0 0 0 1 0 0 0 1 42037 - 2850b.dat
1 0 20 0 -100 0 0 -1 0 1 0 1 0 0 2780.dat
1 71 0 -26 -120 1 0 0 0 1 0 0 0 1 42037 - 2850b.dat
0 STEP
1 1 -20 0 -150 0 0 1 0 1 0 -1 0 0 6558.dat
1 1 20 0 -150 0 0 1 0 1 0 -1 0 0 6558.dat
1 0 0 40 -150 1 0 0 0 0 -1 0 1 0 60484.dat
1 71 0 30 -150 0 -1 0 -1 0 0 0 0 -1 2853.dat
1 4 0 30 -120 0 1 0 0 0 -1 -1 0 0 32062.dat
1 19 0 40 -100 0 -1 0 1 0 0 0 0 1 2854.dat
1 4 0 50 -80 0 1 0 0 0 -1 -1 0 0 32062.dat
1 19 0 40 -60 0 1 0 1 0 0 0 0 -1 2854.dat
1 4 0 30 -40 0 1 0 0 0 -1 -1 0 0 32062.dat
1 19 0 40 -20 0 -1 0 1 0 0 0 0 1 2854.dat
1 71 0 40 0 0 -1 0 -1 0 0 0 0 -1 2853.dat
1 71 0 40 60 0 -1 0 0 0 1 -1 0 0 32073.dat
1 71 0 30 -120 1 0 0 0 1 0 0 0 1 2852.dat
1 71 0 30 -40 1 0 0 0 1 0 0 0 1 2852.dat
1 71 0 50 -80 -1 0 0 0 1 0 0 0 -1 2852.dat
1 71 0 50 0 -1 0 0 0 1 0 0 0 -1 2852.dat
1 14 0 -10 -120 1 0 0 0 1 0 0 0 1 2851.dat
1 14 0 -10 -40 1 0 0 0 1 0 0 0 1 2851.dat
1 14 0 10 -80 1 0 0 0 1 0 0 0 1 2851.dat
1 14 0 10 0 1 0 0 0 1 0 0 0 1 2851.dat
0 STEP
1 0 -20 0 30 0 -1 0 0 0 1 -1 0 0 32054.dat
1 0 20 0 30 0 -1 0 0 0 1 -1 0 0 32054.dat
1 0 0 40 30 1 0 0 0 0 -1 0 1 0 60484.dat
1 0 0 0 40 0 1 0 0 0 -1 -1 0 0 2780.dat

0 FILE 42037 - chasisside1.ldr
0 chasisside1
0 Name: 42037 - chasisside1.ldr
0 Author: Philippe Hurbain [Philo]
0 !LDRAW_ORG Unofficial_Model
0 !LICENSE Redistributable under CCAL version 2.0 : see CAreadme.txt
0 !THEME Technic
1 71 0 0 0 0 -1 0 1 0 0 0 0 1 40490.dat
1 0 -10 0 -80 -1 0 0 0 -1 0 0 0 1 2780.dat
1 0 -10 0 -40 -1 0 0 0 -1 0 0 0 1 2780.dat
1 0 -10 0 -20 -1 0 0 0 -1 0 0 0 1 2780.dat
1 0 -10 0 0 -1 0 0 0 -1 0 0 0 1 2780.dat
1 0 -10 0 20 -1 0 0 0 -1 0 0 0 1 2780.dat
1 19 -10 0 40 -1 0 0 0 -1 0 0 0 1 32002.dat
0 STEP
1 71 -20 -20 0 0 0 -1 0 1 0 1 0 0 63869.dat
1 71 -20 -20 0 0 0 -1 0 1 0 1 0 0 4519.dat
1 0 -20 -20 -20 0 1 0 0 0 1 1 0 0 6553.dat
1 71 -20 -20 20 -1 0 0 0 1 0 0 0 -1 32039.dat
1 4 -10 -20 40 -1 0 0 0 1 0 0 0 -1 32062.dat
1 71 20 -20 40 0 0 1 0 1 0 -1 0 0 32015.dat
1 71 40 -20 -20 0 0 1 0 1 0 -1 0 0 32015.dat
0 STEP
1 1 51.4805 -47.7164 -20 -0.3827 0 -0.9239 0.9239 0 -0.3827 0 -1 0 43093.dat
1 1 31.4805 -47.7164 40 -0.3827 0 -0.9239 0.9239 0 -0.3827 0 -1 0 43093.dat
1 71 59.1342 -66.194 -20 -0.3827 0 -0.9239 0.9239 0 -0.3827 0 -1 0 62462.dat
1 71 39.1342 -66.194 40 -0.3827 0 -0.9239 0.9239 0 -0.3827 0 -1 0 62462.dat
1 71 -20 0 -140 0 -1 0 1 0 0 0 0 1 32525.dat
1 0 -10 0 -240 -1 0 0 0 -1 0 0 0 1 2780.dat
1 0 -10 0 -200 -1 0 0 0 -1 0 0 0 1 2780.dat
1 0 -10 0 -140 -1 0 0 0 -1 0 0 0 1 2780.dat
0 STEP

0 FILE 42037 - chassisside2.ldr
0 chassisside2
0 Name: 42037 - chassisside2.ldr
0 Author: Philippe Hurbain [Philo]
0 !LDRAW_ORG Unofficial_Model
0 !LICENSE Redistributable under CCAL version 2.0 : see CAreadme.txt
0 !THEME Technic
1 71 0 0 0 0 -1 0 1 0 0 0 0 1 40490.dat
1 0 -10 0 80 -1 0 0 0 -1 0 0 0 1 2780.dat
1 0 -10 0 40 -1 0 0 0 -1 0 0 0 1 2780.dat
1 0 -10 0 -20 -1 0 0 0 -1 0 0 0 1 2780.dat
1 0 -10 0 0 -1 0 0 0 -1 0 0 0 1 2780.dat
1 0 -10 0 20 -1 0 0 0 -1 0 0 0 1 2780.dat
1 19 -10 0 -40 -1 0 0 0 -1 0 0 0 1 32002.dat
0 STEP
1 71 -20 -20 0 0 0 -1 0 1 0 1 0 0 63869.dat
1 71 -20 -20 0 0 0 -1 0 1 0 1 0 0 4519.dat
1 0 -20 -20 20 0 1 0 0 0 1 1 0 0 6553.dat
1 71 -20 -20 -20 -1 0 0 0 -1 0 0 0 1 32039.dat
1 4 -10 -20 -40 -1 0 0 0 1 0 0 0 -1 32062.dat
1 71 20 -20 -40 0 0 1 0 1 0 -1 0 0 32015.dat
1 71 40 -20 20 0 0 1 0 1 0 -1 0 0 32015.dat
0 STEP
1 1 31.4805 -47.7164 -40 -0.3827 0 -0.9239 0.9239 0 -0.3827 0 -1 0 43093.dat
1 1 51.4805 -47.7164 20 -0.3827 0 -0.9239 0.9239 0 -0.3827 0 -1 0 43093.dat
1 71 39.1341 -66.194 -40 -0.3827 0 -0.9239 0.9239 0 -0.3827 0 -1 0 62462.dat
1 71 59.1341 -66.194 20 -0.3827 0 -0.9239 0.9239 0 -0.3827 0 -1 0 62462.dat
1 71 -20 0 140 0 -1 0 1 0 0 0 0 1 32525.dat
1 0 -10 0 240 -1 0 0 0 -1 0 0 0 1 2780.dat
1 0 -10 0 200 -1 0 0 0 -1 0 0 0 1 2780.dat
1 0 -10 0 140 -1 0 0 0 -1 0 0 0 1 2780.dat

0 FILE 42037 - rearaxle.ldr
0 rearaxle
0 Name: 42037 - rearaxle.ldr
0 Author: Philippe Hurbain [Philo]
0 !LDRAW_ORG Unofficial_Model
0 !LICENSE Redistributable under CCAL version 2.0 : see CAreadme.txt
0 !THEME Technic
1 71 0 0 0 1 0 0 0 1 0 0 0 1 64178.dat
1 71 0 0 -60 0 0 1 0 1 0 -1 0 0 4519.dat
1 0 0 0 -90 -1 0 0 0 1 0 0 0 -1 59443.dat
1 19 0 0 -40 -1 0 0 0 1 0 0 0 -1 32269.dat
0 STEP
1 0 40 10 -20 0 -1 0 -1 0 0 0 0 -1 2780.dat
1 0 40 10 20 0 -1 0 -1 0 0 0 0 -1 2780.dat
1 71 60 20 0 0 -1 0 0 0 1 -1 0 0 63869.dat
1 71 60 20 0 0 -1 0 0 0 1 -1 0 0 32073.dat
1 0 -40 10 20 0 1 0 -1 0 0 0 0 1 2780.dat
1 0 -40 10 -20 0 1 0 -1 0 0 0 0 1 2780.dat
1 71 -60 20 0 0 1 0 0 0 1 1 0 0 63869.dat
1 71 -60 20 0 0 1 0 0 0 1 1 0 0 32073.dat
0 STEP
1 72 -60 0 0 0 0 -1 -1 0 0 0 1 0 92906.dat
1 72 60 0 0 0 0 1 -1 0 0 0 -1 0 92906.dat
1 72 0 0 0 0 0 -1 -1 0 0 0 1 0 62821.dat
1 19 17 0 0 0 0 -1 -1 0 0 0 1 0 6589.dat
1 19 0 0 -17 0.9659 0.2588 0 -0.2588 0.9659 0 0 0 1 6589.dat
1 19 -17 0 0 0 0 1 1 0 0 0 1 0 6589.dat
1 71 105.4594 40.8194 -15 0.4164 0 -0.9092 -0.9092 0 -0.4164 0 1 0 32063.dat
1 71 105.4594 40.8194 -25 0.4164 0 -0.9092 -0.9092 0 -0.4164 0 1 0 32063.dat
1 71 -105.4594 40.8194 15 -0.4164 0 -0.9092 -0.9092 0 0.4164 0 1 0 32063.dat
1 71 -105.4594 40.8194 25 -0.4164 0 -0.9092 -0.9092 0 0.4164 0 1 0 32063.dat
1 19 150.9187 61.6387 0 0 0.9092 -0.4164 0 0.4164 0.9092 1 0 0 32556.dat
1 19 -150.9187 61.6387 0 0 -0.9092 0.4164 0 0.4164 0.9092 -1 0 0 32556.dat
1 71 150.9187 41.6387 0 0 0 -1 0 -1 0 -1 0 0 11950.dat
1 71 -150.9187 41.6387 0 0 0 1 0 -1 0 1 0 0 11950.dat
1 72 180.9187 41.6387 0 0 0 -1 0 -1 0 -1 0 0 92909.dat
1 72 -180.9187 41.6387 0 0 0 1 0 -1 0 1 0 0 92909.dat
1 71 105.4594 40.8194 15 0.4164 0 -0.9092 -0.9092 0 -0.4164 0 1 0 32063.dat
1 71 105.4594 40.8194 25 0.4164 0 -0.9092 -0.9092 0 -0.4164 0 1 0 32063.dat
1 71 -105.4594 40.8194 -25 -0.4164 0 -0.9092 -0.9092 0 0.4164 0 1 0 32063.dat
1 71 -105.4594 40.8194 -15 -0.4164 0 -0.9092 -0.9092 0 0.4164 0 1 0 32063.dat
1 71 60 0 0 0.4164 0 0.9092 -0.9092 0 0.4164 0 -1 0 32494.dat
1 71 150.9187 41.6387 0 0.4164 0 -0.9092 -0.9092 0 -0.4164 0 1 0 32494.dat
1 71 -60 0 0 -0.4164 0 -0.9092 -0.9092 0 0.4164 0 1 0 32494.dat
1 71 -150.9187 41.6387 0 -0.4164 0 0.9092 -0.9092 0 -0.4164 0 -1 0 32494.dat
1 71 -105.4594 20.8194 0 0.9092 0.4164 0 -0.4164 0.9092 0 0 0 1 4519.dat
1 71 105.4594 20.8194 0 0.9092 -0.4164 0 0.4164 0.9092 0 0 0 1 4519.dat
0 STEP
1 71 60 0 -40 0 0 1 0 -1 0 1 0 0 32184.dat
1 71 -60 0 -40 0 0 1 0 -1 0 1 0 0 32184.dat
1 0 60 0 -40 -1 0 0 0 -1 0 0 0 1 32054.dat
1 0 -60 0 -40 1 0 0 0 -1 0 0 0 -1 32054.dat
1 71 105.4594 0.8194 -15 0.4164 0 -0.9092 -0.9092 0 -0.4164 0 1 0 32063.dat
1 71 105.4594 0.8194 -25 0.4164 0 -0.9092 -0.9092 0 -0.4164 0 1 0 32063.dat
1 19 150.9187 21.6387 0 0 0.9092 -0.4164 0 0.4164 0.9092 1 0 0 32556.dat
1 19 96.3675 -3.3445 0 0 0.9976 -0.0695 0 0.0695 0.9976 1 0 0 32556.dat
1 0 78.1837 -11.6723 -30 0 0.9092 -0.4164 0 0.4164 0.9092 1 0 0 6628.dat
1 19 -150.9187 21.6387 0 0 -0.9092 0.4164 0 -0.4164 -0.9092 1 0 0 32556.dat
1 71 -105.4594 0.8194 -25 -0.4164 0 -0.9092 -0.9092 0 0.4164 0 1 0 32063.dat
1 71 -105.4594 0.8194 -15 -0.4164 0 -0.9092 -0.9092 0 0.4164 0 1 0 32063.dat
1 19 -96.3675 -3.3445 0 0 0.7043 -0.7099 0 0.7099 0.7043 1 0 0 32556.dat
1 0 -78.1837 -11.6723 -30 0 0.9092 -0.4164 0 0.4164 0.9092 1 0 0 6628.dat
1 71 -60 -20 0 0 0 -1 0 1 0 1 0 0 32073.dat
1 71 60 -20 0 0 0 -1 0 1 0 1 0 0 32073.dat
1 0 -60 -20 -5 -1 0 0 0 0 -1 0 -1 0 41677.dat
1 0 -60 -20 5 -1 0 0 0 0 -1 0 -1 0 41677.dat
1 0 60 -20 -5 -1 0 0 0 0 -1 0 -1 0 41677.dat
1 0 60 -20 5 -1 0 0 0 0 -1 0 -1 0 41677.dat
1 71 -60 -40 0 0 0 -1 0 1 0 1 0 0 32073.dat
1 71 60 -40 0 0 0 -1 0 1 0 1 0 0 32073.dat
0 STEP
1 71 105.4594 0.8194 15 0.4164 0 -0.9092 -0.9092 0 -0.4164 0 1 0 32063.dat
1 71 105.4594 0.8194 25 0.4164 0 -0.9092 -0.9092 0 -0.4164 0 1 0 32063.dat
1 71 -105.4594 0.8194 15 -0.4164 0 -0.9092 -0.9092 0 0.4164 0 1 0 32063.dat
1 71 -105.4594 0.8194 25 -0.4164 0 -0.9092 -0.9092 0 0.4164 0 1 0 32063.dat
1 0 -78.1837 -11.6723 30 0 0 -1 0 -1 0 -1 0 0 6628.dat
1 0 78.1837 -11.6723 30 0 0 -1 0 -1 0 -1 0 0 6628.dat
1 71 -60 0 40 0 0 1 0 -1 0 1 0 0 32184.dat
1 71 60 0 40 0 0 1 0 -1 0 1 0 0 32184.dat
1 0 -60 0 40 1 0 0 0 -1 0 0 0 -1 32054.dat
1 0 60 0 40 -1 0 0 0 -1 0 0 0 1 32054.dat
0 STEP
1 0 -50 0 -80 1 0 0 0 1 0 0 0 1 2780.dat
1 0 -50 0 -100 1 0 0 0 1 0 0 0 1 2780.dat
1 0 50 0 -80 1 0 0 0 1 0 0 0 1 2780.dat
1 0 50 0 -100 1 0 0 0 1 0 0 0 1 2780.dat
1 27 -60 -40 -20 1 0 0 0 0 -1 0 1 0 32140.dat
1 27 -60 -40 20 1 0 0 0 0 -1 0 1 0 32140.dat
1 27 60 -40 20 -1 0 0 0 0 -1 0 -1 0 32140.dat
1 27 60 -40 -20 -1 0 0 0 0 -1 0 -1 0 32140.dat
1 14 57.629 -106.3015 0 -0.936 0.3522 0 0.3522 0.936 0 0 0 -1 42037 - shock-06_5L-hard-1.ldr
1 14 -57.629 -106.3015 0 -0.936 -0.3522 0 -0.3522 0.936 0 0 0 -1 42037 - shock-06_5L-hard-1.ldr
0 STEP
1 71 50 -40 0 0 -1 0 -1 0 0 0 0 -1 42037 - rearaxletop.ldr
0 STEP
1 0 60 -40 60 1 0 0 0 1 0 0 0 1 32013.dat
1 0 -60 -40 60 1 0 0 0 1 0 0 0 1 32013.dat
1 4 60 -40 60 -1 0 0 0 1 0 0 0 -1 32054.dat
1 4 -60 -40 60 1 0 0 0 1 0 0 0 1 32054.dat
1 1 0 -100 30 0 0 1 0 1 0 -1 0 0 43093.dat
1 1 0 -100 -30 0 0 -1 0 1 0 1 0 0 43093.dat
1 0 50 0 80 1 0 0 0 1 0 0 0 1 2780.dat
1 0 50 0 100 1 0 0 0 1 0 0 0 1 2780.dat
1 0 -50 0 100 1 0 0 0 1 0 0 0 1 2780.dat
1 0 -50 0 80 1 0 0 0 1 0 0 0 1 2780.dat
1 0 60 -80 100 0 -1 0 0 0 1 -1 0 0 32526.dat
1 0 -60 -80 100 0 -1 0 0 0 1 -1 0 0 32526.dat
0 STEP
1 71 40 -100 0 0 -1 0 0 0 1 -1 0 0 32073.dat
1 71 -40 -100 0 0 -1 0 0 0 1 -1 0 0 32073.dat
1 71 40 -100 0 0 0 1 0 -1 0 1 0 0 63869.dat
1 71 -40 -100 0 0 0 1 0 -1 0 1 0 0 63869.dat
1 0 -40 -120 20 -1 0 0 0 -1 0 0 0 1 32054.dat
1 0 -40 -120 -20 -1 0 0 0 -1 0 0 0 1 32054.dat
1 0 40 -120 20 1 0 0 0 -1 0 0 0 -1 32054.dat
1 0 40 -120 -20 1 0 0 0 -1 0 0 0 -1 32054.dat
1 71 0 -120 20 1 0 0 0 -1 0 0 0 -1 4519.dat
1 71 0 -120 -20 1 0 0 0 -1 0 0 0 -1 4519.dat
0 STEP
1 0 0 -100 -40 0 0 1 1 0 0 0 1 0 32524.dat
1 0 0 -100 40 0 0 1 1 0 0 0 1 0 32524.dat
1 19 -20 -100 -50 0 0 1 0 1 0 -1 0 0 32002.dat
1 19 20 -100 -50 0 0 1 0 1 0 -1 0 0 32002.dat
0 STEP
1 71 0 -160 0 0 0 1 1 0 0 0 1 0 4519.dat
1 0 0 -190 0 -1 0 0 0 0 1 0 1 0 59443.dat
1 0 0 -230 0 0 0 1 -1 0 0 0 -1 0 3705.dat
1 0 0 -220 0 0 0 1 1 0 0 0 1 0 32034.dat
1 72 -40 -220 0 1 0 0 0 1 0 0 0 1 11214.dat
1 72 40 -220 0 -1 0 0 0 1 0 0 0 -1 11214.dat
1 14 0 -235 0 -1 0 0 0 0 1 0 1 0 32123a.dat
1 0 0 -250 0 -1 0 0 0 0 -1 0 -1 0 32270.dat
0 STEP
1 27 40 -160 -20 0 -1 0 0 0 -1 1 0 0 32140.dat
1 1 60 -220 -20 1 0 0 0 0 -1 0 1 0 6558.dat
1 0 50 -200 -20 1 0 0 0 0 -1 0 1 0 2780.dat
1 1 50 -160 -20 -1 0 0 0 1 0 0 0 -1 43093.dat
1 0 60 -200 -20 0 1 0 0 0 1 1 0 0 32526.dat
1 27 -40 -160 -20 0 -1 0 0 0 -1 1 0 0 32140.dat
1 1 -60 -220 -20 -1 0 0 0 0 -1 0 -1 0 6558.dat
1 1 -50 -160 -20 1 0 0 0 1 0 0 0 1 43093.dat
1 0 -50 -200 -20 1 0 0 0 0 -1 0 1 0 2780.dat
1 0 -60 -200 -20 0 1 0 0 0 1 1 0 0 32526.dat
1 0 70 -140 -20 1 0 0 0 0 -1 0 1 0 2780.dat
1 0 -70 -140 -20 1 0 0 0 0 -1 0 1 0 2780.dat
0 STEP
1 0 -60 -220 0 0 -1 0 1 0 0 0 0 1 32523.dat
1 0 60 -220 0 0 -1 0 1 0 0 0 0 1 32523.dat
1 71 59.9988 -100.0032 0 0 -1 0 0 0 -1 1 0 0 44294.dat
1 71 -59.9988 -100.0032 0 0 -1 0 0 0 -1 1 0 0 44294.dat
1 71 -59.9988 -100.0032 -60 0 -1 0 1 0 0 0 0 1 3713.dat
1 71 59.9988 -100.0032 -60 0 -1 0 1 0 0 0 0 1 3713.dat
1 71 59.9988 -100.0032 60 0 1 0 1 0 0 0 0 -1 3713.dat
1 71 -59.9988 -100.0032 60 0 1 0 1 0 0 0 0 -1 3713.dat

0 FILE 42037 - shock-06_5L-hard-1.ldr
0 shock-06_5L-hard-1
0 Name: 42037 - shock-06_5L-hard-1.ldr
0 !LDRAW_ORG Unofficial_Model
0 !LICENSE Redistributable under CCAL version 2.0 : see CAreadme.txt
0 !CATEGORY Technic
0 !THEME Technic
0 !KEYWORDS spring, shock
0 !LDCAD CONTENT [type=spring] [addFallBack=default] [cRes=16] [cResLD=16] [cDia=14] [cRoll=0] [wRes=8] [wResLD=8] [wDia=0.6mm] [wCol=494] [sepMesh=false]

0 !LDCAD SPRING_POINT [group=start] [posOri=0 62.729 0 1 0 0 0 1 0 0 0 1]
0 !LDCAD SPRING_POINT [group=end] [posOri=0 100 0 1 0 0 0 1 0 0 0 1]

0 !LDCAD SPRING_SECTION [windingCnt=3] [proportion=0]
0 !LDCAD SPRING_SECTION [windingCnt=2] [proportion=1]
0 !LDCAD SPRING_SECTION [windingCnt=5] [proportion=0]
0 !LDCAD SPRING_SECTION [windingCnt=2] [proportion=1]
0 !LDCAD SPRING_SECTION [windingCnt=3] [proportion=0]

0 !LDCAD SPRING_CAP [group=start] [color=16] [posOri=0 6.729 0 1 0 0 0 1 0 0 0 1] [part=4255.dat]
0 !LDCAD SPRING_CAP [group=end] [color=0] [posOri=0 110 0 1 0 0 0 1 0 0 0 1] [part=4254.dat]

0 !LDCAD SPRING_ANCHOR [group=start] [posOri=0 6.729 0 1 0 0 0 1 0 0 0 1]
0 !LDCAD SPRING_ANCHOR [group=end] [posOri=0 110 0 1 0 0 0 1 0 0 0 1]

0 !LDCAD GENERATED [generator=LDCad 1.4b]
0 //This is the fallback LDraw content for above SPRING configuration.
0 // Do not edit, any changes will be lost upon regeneration.
0 // The spring is approx 14.91 mm (37.27), exists out of 5 section(s) and uses 15.00 windings.

0 //Some general hints about the document.
0 UNOFFICIAL PART
0 BFC CERTIFY CCW

0 //Start cap reference(s)
1 16 0 6.729 0 1 0 0 0 1 0 0 0 1 4255.dat

0 //End cap reference(s)
1 0 0 110 0 1 0 0 0 1 0 0 0 1 4254.dat

0 //Spring mesh reference
1 494 0 62.729 0 1 0 0 0 1 0 0 0 1 42037 - shock-06_5L-hard-1_springMesh.ldr

0 FILE 42037 - shock-06_5L-hard-1_springMesh.ldr
0 shock-06_5L-hard-1_springMesh
0 Name: 42037 - shock-06_5L-hard-1_springMesh.ldr
0 Author: Philippe Hurbain [Philo]
0 !LDRAW_ORG Unofficial_Model
0 !LICENSE Redistributable under CCAL version 2.0 : see CAreadme.txt
0 !THEME Technic
0 !LDCAD GENERATED [generator=LDCad 1.4b] [master=42037 - shock-06_5L-hard-1.ldr]
0 //This is additional fallback LDraw content for the "42037 - shock-06_5L-hard-1.ldr" SPRING configuration.
0 // Do not edit, any changes will be lost upon regeneration.
0 // The spring is approx 14.91 mm (37.27), exists out of 5 section(s) and uses 15.00 windings.

0 //Some general hints about the document.
0 UNOFFICIAL PART
0 BFC CERTIFY CCW

0 //Spring section(s)
0 // Using a coil resolution of 16, and a wire resolution of 8.
0 // Using a coil diameter of 5.60 mm (14.00), and a wire diameter of 0.60 mm (1.50).
0 // Using a roll of 0.00 degrees.

0 // section 1 using a length of 2.10 mm (5.25) and 3.00 windings.
3 16 -7.75 0.75 -0.1875 -7 0.75 0 -7.2197 0.2197 0
2 24 -7.2197 0.2197 0 -7 0.75 0
5 24 -7.75 0.75 -0.1875 -7 0.75 0 -7.2197 0.2197 0 -7.2197 1.2803 0
3 16 -7.75 0.75 -0.1875 -7.2197 1.2803 0 -7 0.75 0
2 24 -7 0.75 0 -7.2197 1.2803 0
5 24 -7.75 0.75 -0.1875 -7.2197 1.2803 0 -7 0.75 0 -7.75 1.5 0
3 16 -7.75 0.75 -0.1875 -7.75 1.5 0 -7.2197 1.2803 0
2 24 -7.2197 1.2803 0 -7.75 1.5 0
5 24 -7.75 0.75 -0.1875 -7.75 1.5 0 -7.2197 1.2803 0 -8.2803 1.2803 0
3 16 -7.75 0.75 -0.1875 -8.2803 1.2803 0 -7.75 1.5 0
2 24 -7.75 1.5 0 -8.2803 1.2803 0
5 24 -7.75 0.75 -0.1875 -8.2803 1.2803 0 -7.75 1.5 0 -8.5 0.75 0
3 16 -7.75 0.75 -0.1875 -8.5 0.75 0 -8.2803 1.2803 0
2 24 -8.2803 1.2803 0 -8.5 0.75 0
5 24 -7.75 0.75 -0.1875 -8.5 0.75 0 -8.2803 1.2803 0 -8.2803 0.2197 0
3 16 -7.75 0.75 -0.1875 -8.2803 0.2197 0 -8.5 0.75 0
2 24 -8.5 0.75 0 -8.2803 0.2197 0
5 24 -7.75 0.75 -0.1875 -8.2803 0.2197 0 -8.5 0.75 0 -7.75 0 0
3 16 -7.75 0.75 -0.1875 -7.75 0 0 -8.2803 0.2197 0
2 24 -8.2803 0.2197 0 -7.75 0 0
5 24 -7.75 0.75 -0.1875 -7.75 0 0 -8.2803 0.2197 0 -7.2197 0.2197 0
3 16 -7.75 0.75 -0.1875 -7.2197 0.2197 0 -7.75 0 0
2 24 -7.75 0 0 -7.2197 0.2197 0
5 24 -7.75 0.75 -0.1875 -7.2197 0.2197 0 -7.75 0 0 -7 0.75 0
4 16 -7.2197 0.2197 0 -7 0.75 0 -6.4672 0.8438 2.6788 -6.6638 0.3137 2.778
5 24 -7 0.75 0 -6.4672 0.8438 2.6788 -6.6638 0.3137 2.778 -6.6764 1.3738 2.7477
4 16 -7 0.75 0 -7.2197 1.2803 0 -6.6764 1.3738 2.7477 -6.4672 0.8438 2.6788
5 24 -7.2197 1.2803 0 -6.6764 1.3738 2.7477 -6.4672 0.8438 2.6788 -7.169 1.5934 2.9443
4 16 -7.2197 1.2803 0 -7.75 1.5 0 -7.169 1.5934 2.9443 -6.6764 1.3738 2.7477
5 24 -7.75 1.5 0 -7.169 1.5934 2.9443 -6.6764 1.3738 2.7477 -7.6563 1.3738 3.1536
4 16 -7.75 1.5 0 -8.2803 1.2803 0 -7.6563 1.3738 3.1536 -7.169 1.5934 2.9443
5 24 -8.2803 1.2803 0 -7.6563 1.3738 3.1536 -7.169 1.5934 2.9443 -7.853 0.8438 3.2528
4 16 -8.2803 1.2803 0 -8.5 0.75 0 -7.853 0.8438 3.2528 -7.6563 1.3738 3.1536
5 24 -8.5 0.75 0 -7.853 0.8438 3.2528 -7.6563 1.3738 3.1536 -7.6437 0.3137 3.1839
4 16 -8.5 0.75 0 -8.2803 0.2197 0 -7.6437 0.3137 3.1839 -7.853 0.8438 3.2528
5 24 -8.2803 0.2197 0 -7.6437 0.3137 3.1839 -7.853 0.8438 3.2528 -7.1512 0.0941 2.9873
4 16 -8.2803 0.2197 0 -7.75 0 0 -7.1512 0.0941 2.9873 -7.6437 0.3137 3.1839
5 24 -7.75 0 0 -7.1512 0.0941 2.9873 -7.6437 0.3137 3.1839 -6.6638 0.3137 2.778
4 16 -7.75 0 0 -7.2197 0.2197 0 -6.6638 0.3137 2.778 -7.1512 0.0941 2.9873
5 24 -7.2197 0.2197 0 -6.6638 0.3137 2.778 -7.1512 0.0941 2.9873 -6.4672 0.8438 2.6788
4 16 -6.6638 0.3137 2.778 -6.4672 0.8438 2.6788 -4.9497 0.9375 4.9497 -5.0935 0.4074 5.1167
5 24 -6.4672 0.8438 2.6788 -4.9497 0.9375 4.9497 -5.0935 0.4074 5.1167 -5.1167 1.4676 5.0935
5 24 -6.4672 0.8438 2.6788 -6.6764 1.3738 2.7477 -7 0.75 0 -4.9497 0.9375 4.9497
4 16 -6.4672 0.8438 2.6788 -6.6764 1.3738 2.7477 -5.1167 1.4676 5.0935 -4.9497 0.9375 4.9497
5 24 -6.6764 1.3738 2.7477 -5.1167 1.4676 5.0935 -4.9497 0.9375 4.9497 -5.4965 1.6871 5.4636
5 24 -6.6764 1.3738 2.7477 -7.169 1.5934 2.9443 -7.2197 1.2803 0 -5.1167 1.4676 5.0935
4 16 -6.6764 1.3738 2.7477 -7.169 1.5934 2.9443 -5.4965 1.6871 5.4636 -5.1167 1.4676 5.0935
5 24 -7.169 1.5934 2.9443 -5.4965 1.6871 5.4636 -5.1167 1.4676 5.0935 -5.8667 1.4676 5.8435
5 24 -7.169 1.5934 2.9443 -7.6563 1.3738 3.1536 -7.75 1.5 0 -5.4965 1.6871 5.4636
4 16 -7.169 1.5934 2.9443 -7.6563 1.3738 3.1536 -5.8667 1.4676 5.8435 -5.4965 1.6871 5.4636
5 24 -7.6563 1.3738 3.1536 -5.8667 1.4676 5.8435 -5.4965 1.6871 5.4636 -6.0104 0.9375 6.0104
5 24 -7.6563 1.3738 3.1536 -7.853 0.8438 3.2528 -8.2803 1.2803 0 -5.8667 1.4676 5.8435
4 16 -7.6563 1.3738 3.1536 -7.853 0.8438 3.2528 -6.0104 0.9375 6.0104 -5.8667 1.4676 5.8435
5 24 -7.853 0.8438 3.2528 -6.0104 0.9375 6.0104 -5.8667 1.4676 5.8435 -5.8435 0.4074 5.8667
5 24 -7.853 0.8438 3.2528 -7.6437 0.3137 3.1839 -8.5 0.75 0 -6.0104 0.9375 6.0104
4 16 -7.853 0.8438 3.2528 -7.6437 0.3137 3.1839 -5.8435 0.4074 5.8667 -6.0104 0.9375 6.0104
5 24 -7.6437 0.3137 3.1839 -5.8435 0.4074 5.8667 -6.0104 0.9375 6.0104 -5.4636 0.1879 5.4965
5 24 -7.6437 0.3137 3.1839 -7.1512 0.0941 2.9873 -8.2803 0.2197 0 -5.8435 0.4074 5.8667
4 16 -7.6437 0.3137 3.1839 -7.1512 0.0941 2.9873 -5.4636 0.1879 5.4965 -5.8435 0.4074 5.8667
5 24 -7.1512 0.0941 2.9873 -5.4636 0.1879 5.4965 -5.8435 0.4074 5.8667 -5.0935 0.4074 5.1167
5 24 -7.1512 0.0941 2.9873 -6.6638 0.3137 2.778 -7.75 0 0 -5.4636 0.1879 5.4965
4 16 -7.1512 0.0941 2.9873 -6.6638 0.3137 2.778 -5.0935 0.4074 5.1167 -5.4636 0.1879 5.4965
5 24 -6.6638 0.3137 2.778 -5.0935 0.4074 5.1167 -5.4636 0.1879 5.4965 -4.9497 0.9375 4.9497
5 24 -6.6638 0.3137 2.778 -6.4672 0.8438 2.6788 -7.2197 0.2197 0 -5.0935 0.4074 5.1167
4 16 -5.0935 0.4074 5.1167 -4.9497 0.9375 4.9497 -2.6788 1.0312 6.4672 -2.7477 0.5012 6.6764
5 24 -4.9497 0.9375 4.9497 -2.6788 1.0312 6.4672 -2.7477 0.5012 6.6764 -2.778 1.5613 6.6638
5 24 -4.9497 0.9375 4.9497 -5.1167 1.4676 5.0935 -6.4672 0.8438 2.6788 -2.6788 1.0312 6.4672
4 16 -4.9497 0.9375 4.9497 -5.1167 1.4676 5.0935 -2.778 1.5613 6.6638 -2.6788 1.0312 6.4672
5 24 -5.1167 1.4676 5.0935 -2.778 1.5613 6.6638 -2.6788 1.0312 6.4672 -2.9873 1.7809 7.1512
5 24 -5.1167 1.4676 5.0935 -5.4965 1.6871 5.4636 -6.6764 1.3738 2.7477 -2.778 1.5613 6.6638
4 16 -5.1167 1.4676 5.0935 -5.4965 1.6871 5.4636 -2.9873 1.7809 7.1512 -2.778 1.5613 6.6638
5 24 -5.4965 1.6871 5.4636 -2.9873 1.7809 7.1512 -2.778 1.5613 6.6638 -3.1839 1.5613 7.6437
5 24 -5.4965 1.6871 5.4636 -5.8667 1.4676 5.8435 -7.169 1.5934 2.9443 -2.9873 1.7809 7.1512
4 16 -5.4965 1.6871 5.4636 -5.8667 1.4676 5.8435 -3.1839 1.5613 7.6437 -2.9873 1.7809 7.1512
5 24 -5.8667 1.4676 5.8435 -3.1839 1.5613 7.6437 -2.9873 1.7809 7.1512 -3.2528 1.0312 7.853
5 24 -5.8667 1.4676 5.8435 -6.0104 0.9375 6.0104 -7.6563 1.3738 3.1536 -3.1839 1.5613 7.6437
4 16 -5.8667 1.4676 5.8435 -6.0104 0.9375 6.0104 -3.2528 1.0312 7.853 -3.1839 1.5613 7.6437
5 24 -6.0104 0.9375 6.0104 -3.2528 1.0312 7.853 -3.1839 1.5613 7.6437 -3.1536 0.5012 7.6563
5 24 -6.0104 0.9375 6.0104 -5.8435 0.4074 5.8667 -7.853 0.8438 3.2528 -3.2528 1.0312 7.853
4 16 -6.0104 0.9375 6.0104 -5.8435 0.4074 5.8667 -3.1536 0.5012 7.6563 -3.2528 1.0312 7.853
5 24 -5.8435 0.4074 5.8667 -3.1536 0.5012 7.6563 -3.2528 1.0312 7.853 -2.9443 0.2816 7.169
5 24 -5.8435 0.4074 5.8667 -5.4636 0.1879 5.4965 -7.6437 0.3137 3.1839 -3.1536 0.5012 7.6563
4 16 -5.8435 0.4074 5.8667 -5.4636 0.1879 5.4965 -2.9443 0.2816 7.169 -3.1536 0.5012 7.6563
5 24 -5.4636 0.1879 5.4965 -2.9443 0.2816 7.169 -3.1536 0.5012 7.6563 -2.7477 0.5012 6.6764
5 24 -5.4636 0.1879 5.4965 -5.0935 0.4074 5.1167 -7.1512 0.0941 2.9873 -2.9443 0.2816 7.169
4 16 -5.4636 0.1879 5.4965 -5.0935 0.4074 5.1167 -2.7477 0.5012 6.6764 -2.9443 0.2816 7.169
5 24 -5.0935 0.4074 5.1167 -2.7477 0.5012 6.6764 -2.9443 0.2816 7.169 -2.6788 1.0312 6.4672
5 24 -5.0935 0.4074 5.1167 -4.9497 0.9375 4.9497 -6.6638 0.3137 2.778 -2.7477 0.5012 6.6764
4 16 -2.7477 0.5012 6.6764 -2.6788 1.0312 6.4672 0 1.125 7 0.0164 0.5949 7.2197
5 24 -2.6788 1.0312 6.4672 0 1.125 7 0.0164 0.5949 7.2197 -0.0164 1.6551 7.2197
5 24 -2.6788 1.0312 6.4672 -2.778 1.5613 6.6638 -4.9497 0.9375 4.9497 0 1.125 7
4 16 -2.6788 1.0312 6.4672 -2.778 1.5613 6.6638 -0.0164 1.6551 7.2197 0 1.125 7
5 24 -2.778 1.5613 6.6638 -0.0164 1.6551 7.2197 0 1.125 7 -0.0232 1.8746 7.75
5 24 -2.778 1.5613 6.6638 -2.9873 1.7809 7.1512 -5.1167 1.4676 5.0935 -0.0164 1.6551 7.2197
4 16 -2.778 1.5613 6.6638 -2.9873 1.7809 7.1512 -0.0232 1.8746 7.75 -0.0164 1.6551 7.2197
5 24 -2.9873 1.7809 7.1512 -0.0232 1.8746 7.75 -0.0164 1.6551 7.2197 -0.0164 1.6551 8.2803
5 24 -2.9873 1.7809 7.1512 -3.1839 1.5613 7.6437 -5.4965 1.6871 5.4636 -0.0232 1.8746 7.75
4 16 -2.9873 1.7809 7.1512 -3.1839 1.5613 7.6437 -0.0164 1.6551 8.2803 -0.0232 1.8746 7.75
5 24 -3.1839 1.5613 7.6437 -0.0164 1.6551 8.2803 -0.0232 1.8746 7.75 0 1.125 8.5
5 24 -3.1839 1.5613 7.6437 -3.2528 1.0312 7.853 -5.8667 1.4676 5.8435 -0.0164 1.6551 8.2803
4 16 -3.1839 1.5613 7.6437 -3.2528 1.0312 7.853 0 1.125 8.5 -0.0164 1.6551 8.2803
5 24 -3.2528 1.0312 7.853 0 1.125 8.5 -0.0164 1.6551 8.2803 0.0164 0.5949 8.2803
5 24 -3.2528 1.0312 7.853 -3.1536 0.5012 7.6563 -6.0104 0.9375 6.0104 0 1.125 8.5
4 16 -3.2528 1.0312 7.853 -3.1536 0.5012 7.6563 0.0164 0.5949 8.2803 0 1.125 8.5
5 24 -3.1536 0.5012 7.6563 0.0164 0.5949 8.2803 0 1.125 8.5 0.0232 0.3754 7.75
5 24 -3.1536 0.5012 7.6563 -2.9443 0.2816 7.169 -5.8435 0.4074 5.8667 0.0164 0.5949 8.2803
4 16 -3.1536 0.5012 7.6563 -2.9443 0.2816 7.169 0.0232 0.3754 7.75 0.0164 0.5949 8.2803
5 24 -2.9443 0.2816 7.169 0.0232 0.3754 7.75 0.0164 0.5949 8.2803 0.0164 0.5949 7.2197
5 24 -2.9443 0.2816 7.169 -2.7477 0.5012 6.6764 -5.4636 0.1879 5.4965 0.0232 0.3754 7.75
4 16 -2.9443 0.2816 7.169 -2.7477 0.5012 6.6764 0.0164 0.5949 7.2197 0.0232 0.3754 7.75
5 24 -2.7477 0.5012 6.6764 0.0164 0.5949 7.2197 0.0232 0.3754 7.75 0 1.125 7
5 24 -2.7477 0.5012 6.6764 -2.6788 1.0312 6.4672 -5.0935 0.4074 5.1167 0.0164 0.5949 7.2197
4 16 0.0164 0.5949 7.2197 0 1.125 7 2.6788 1.2188 6.4672 2.778 0.6887 6.6638
5 24 0 1.125 7 2.6788 1.2188 6.4672 2.778 0.6887 6.6638 2.7477 1.7488 6.6764
5 24 0 1.125 7 -0.0164 1.6551 7.2197 -2.6788 1.0312 6.4672 2.6788 1.2188 6.4672
4 16 0 1.125 7 -0.0164 1.6551 7.2197 2.7477 1.7488 6.6764 2.6788 1.2188 6.4672
5 24 -0.0164 1.6551 7.2197 2.7477 1.7488 6.6764 2.6788 1.2188 6.4672 2.9443 1.9684 7.169
5 24 -0.0164 1.6551 7.2197 -0.0232 1.8746 7.75 -2.778 1.5613 6.6638 2.7477 1.7488 6.6764
4 16 -0.0164 1.6551 7.2197 -0.0232 1.8746 7.75 2.9443 1.9684 7.169 2.7477 1.7488 6.6764
5 24 -0.0232 1.8746 7.75 2.9443 1.9684 7.169 2.7477 1.7488 6.6764 3.1536 1.7488 7.6563
5 24 -0.0232 1.8746 7.75 -0.0164 1.6551 8.2803 -2.9873 1.7809 7.1512 2.9443 1.9684 7.169
4 16 -0.0232 1.8746 7.75 -0.0164 1.6551 8.2803 3.1536 1.7488 7.6563 2.9443 1.9684 7.169
5 24 -0.0164 1.6551 8.2803 3.1536 1.7488 7.6563 2.9443 1.9684 7.169 3.2528 1.2188 7.853
5 24 -0.0164 1.6551 8.2803 0 1.125 8.5 -3.1839 1.5613 7.6437 3.1536 1.7488 7.6563
4 16 -0.0164 1.6551 8.2803 0 1.125 8.5 3.2528 1.2188 7.853 3.1536 1.7488 7.6563
5 24 0 1.125 8.5 3.2528 1.2188 7.853 3.1536 1.7488 7.6563 3.1839 0.6887 7.6437
5 24 0 1.125 8.5 0.0164 0.5949 8.2803 -3.2528 1.0312 7.853 3.2528 1.2188 7.853
4 16 0 1.125 8.5 0.0164 0.5949 8.2803 3.1839 0.6887 7.6437 3.2528 1.2188 7.853
