0 FILE 42040 - main.ldr
0 main
0 Name: 42040 - main.ldr
0 Author: Philippe Hurbain [Philo]
0 !LDRAW_ORG Unofficial_Model
0 !LICENSE Redistributable under CCAL version 2.0 : see CAreadme.txt

0 !THEME Technic

1 71 0 -67.6649 1.929 0 -1 0 0.9986 0 0.0523 -0.0523 0 0.9986 32271.dat
1 1 10 -67.6649 1.929 -1 0 0 0 -0.9986 0.0523 0 0.0523 0.9986 43093.dat
1 1 20 -66.6181 21.9016 1 0 0 0 0.9986 0.0523 0 -0.0523 0.9986 6558.dat
0 STEP
1 4 0 -62.4313 101.7919 1 0 0 0 0.9986 0.0523 0 -0.0523 0.9986 32062.dat
1 4 0 -63.478 81.8193 1 0 0 0 0.9986 0.0523 0 -0.0523 0.9986 32062.dat
1 71 0 -83.4506 82.8661 -1 0 0 0 0.9986 -0.0523 0 -0.0523 -0.9986 92907.dat
0 STEP
1 71 20 -69.7583 -38.0162 0 -1 0 -0.9986 0 -0.0523 0.0523 0 -0.9986 32524.dat
1 0 0 -82.9272 92.8524 0 1 0 0.0523 0 0.9986 0.9986 0 -0.0523 2780.dat
0 STEP
1 0 10 -72.8985 -97.934 1 0 0 0 -0.0523 0.9986 0 -0.9986 -0.0523 2780.dat
1 1 10 -71.8517 -77.9614 -1 0 0 0 -0.9986 0.0523 0 0.0523 0.9986 43093.dat
1 71 5 -73.9452 -117.9066 0 1 0 0.0523 0 0.9986 0.9986 0 -0.0523 99773.dat
1 71 -5 -73.9452 -117.9066 0 1 0 0.0523 0 0.9986 0.9986 0 -0.0523 99773.dat
1 71 0 -76.0386 -157.8517 1 0 0 0 -0.0523 0.9986 0 -0.9986 -0.0523 4519.dat
1 15 20 -76.0386 -157.8517 -1 0 0 0 -0.9986 0.0523 0 0.0523 0.9986 6536.dat
1 15 -20 -76.0386 -157.8517 -1 0 0 0 -0.9986 0.0523 0 0.0523 0.9986 6536.dat
1 71 20 -74.9919 -137.8792 -1 0 0 0 -0.0523 -0.9986 0 -0.9986 0.0523 87082.dat
0 STEP
1 71 -120 -82.4039 102.8387 0 0 1 -0.9986 -0.0523 0 0.0523 -0.9986 0 32278.dat
0 STEP
1 71 -240 -67.6649 1.929 0 -1 0 0.9986 0 0.0523 -0.0523 0 0.9986 32271.dat
1 1 -250 -67.6649 1.929 1 0 0 0 0.9986 0.0523 0 -0.0523 0.9986 43093.dat
1 1 -260 -66.6181 21.9016 -1 0 0 0 -0.9986 0.0523 0 0.0523 0.9986 6558.dat
1 4 -240 -62.4313 101.7919 1 0 0 0 0.9986 0.0523 0 -0.0523 0.9986 32062.dat
1 4 -240 -63.478 81.8193 1 0 0 0 0.9986 0.0523 0 -0.0523 0.9986 32062.dat
1 71 -240 -83.4506 82.8661 -1 0 0 0 0.9986 -0.0523 0 -0.0523 -0.9986 92907.dat
1 71 -260 -69.7583 -38.0162 0 -1 0 -0.9986 0 -0.0523 0.0523 0 -0.9986 32524.dat
1 0 -240 -82.9272 92.8524 0 1 0 0.0523 0 0.9986 0.9986 0 -0.0523 2780.dat
1 0 -250 -72.8985 -97.934 1 0 0 0 -0.0523 0.9986 0 -0.9986 -0.0523 2780.dat
1 1 -250 -71.8517 -77.9614 1 0 0 0 0.9986 0.0523 0 -0.0523 0.9986 43093.dat
1 71 -235 -73.9452 -117.9066 0 1 0 0.0523 0 0.9986 0.9986 0 -0.0523 99773.dat
1 71 -245 -73.9452 -117.9066 0 1 0 0.0523 0 0.9986 0.9986 0 -0.0523 99773.dat
1 71 -240 -76.0386 -157.8517 1 0 0 0 -0.0523 0.9986 0 -0.9986 -0.0523 4519.dat
1 15 -220 -76.0386 -157.8517 -1 0 0 0 -0.9986 0.0523 0 0.0523 0.9986 6536.dat
1 15 -260 -76.0386 -157.8517 -1 0 0 0 -0.9986 0.0523 0 0.0523 0.9986 6536.dat
1 71 -260 -74.9919 -137.8792 -1 0 0 0 -0.0523 -0.9986 0 -0.9986 0.0523 87082.dat
0 STEP
1 19 10 -28.1723 144.0569 -1 0 0 0 0.8303 0.5573 0 0.5573 -0.8303 3749.dat
1 19 -250 -28.1723 144.0569 1 0 0 0 0.5573 0.8303 0 -0.8303 0.5573 3749.dat
1 71 20 -28.1723 144.0569 0 0 -1 -0.5573 0.8303 0 0.8303 0.5573 0 42610.dat
1 71 -260 -28.1723 144.0569 0 0 -1 -0.5573 0.8303 0 0.8303 0.5573 0 42610.dat
1 0 -260 -28.1723 144.0569 0 0 -1 -0.5573 0.8303 0 0.8303 0.5573 0 51011.dat
1 0 20 -28.1723 144.0569 0 0 -1 -0.5573 0.8303 0 0.8303 0.5573 0 51011.dat
0 STEP
1 0 -20 -81.8805 112.825 0 1 0 0.0523 0 0.9986 0.9986 0 -0.0523 2780.dat
1 0 -220 -81.8805 112.825 0 1 0 0.0523 0 0.9986 0.9986 0 -0.0523 2780.dat
1 15 -20 -61.3846 121.7645 -1 0 0 0 -0.9986 0.0523 0 0.0523 0.9986 6536.dat
1 15 -220 -61.3846 121.7645 -1 0 0 0 -0.9986 0.0523 0 0.0523 0.9986 6536.dat
1 4 -10 -61.3846 121.7645 1 0 0 0 0.9986 0.0523 0 -0.0523 0.9986 32062.dat
1 4 -230 -61.3846 121.7645 1 0 0 0 0.9986 0.0523 0 -0.0523 0.9986 32062.dat
0 STEP
1 0 -120 -174.8549 -132.6456 0 0 -1 0.0523 0.9986 0 0.9986 -0.0523 0 42040 - motor.ldr
0 STEP
1 0 -230 -34 -120 -1 0 0 0 0.9986 -0.0523 0 -0.0523 -0.9986 3706.dat
1 15 -260 -34 -120 0 0 1 -0.0523 0.9986 0 -0.9986 -0.0523 0 42040 - 56903.dat
1 4 -280 -34 -120 0 0 1 -0.9986 -0.0523 0 0.0523 -0.9986 0 3713.dat
1 0 -10 -34 -120 1 0 0 0 -0.9986 -0.0523 0 0.0523 -0.9986 3706.dat
1 4 40 -34 -120 0 0 -1 0.9986 -0.0523 0 -0.0523 -0.9986 0 3713.dat
1 15 20 -34 -120 0 0 -1 -0.0523 -0.9986 0 -0.9986 0.0523 0 42040 - 56903.dat
1 0 20 -34 -120 0 0 -1 -0.0523 -0.9986 0 -0.9986 0.0523 0 42040 - 61254.dat
1 0 -260 -34 -120 0 0 -1 -0.0523 -0.9986 0 -0.9986 0.0523 0 42040 - 61254.dat
0 STEP
1 15 60 -30.8598 -60.0822 1 0 0 0 0.9986 0.0523 0 -0.0523 0.9986 62531.dat
1 0 40 -65.0481 51.8605 0 0 1 -0.0523 0.9986 0 -0.9986 -0.0523 0 2780.dat
1 0 60 -25.1029 49.767 0 0 1 -0.0523 0.9986 0 -0.9986 -0.0523 0 2780.dat
1 0 40 -76.562 -167.838 0 0 1 -0.0523 0.9986 0 -0.9986 -0.0523 0 2780.dat
1 0 60 -36.6168 -169.9315 0 0 1 -0.0523 0.9986 0 -0.9986 -0.0523 0 2780.dat
1 15 40 -77.0853 -177.8243 0.6 -0.8 0 -0.7989 -0.5992 -0.0523 0.0419 0.0314 -0.9986 64683.dat
1 15 40 -64.5247 61.8468 -0.6 -0.8 0 0.7989 -0.5992 0.0523 -0.0419 0.0314 0.9986 64393.dat
0 STEP
1 15 -300 -30.8598 -60.0822 -1 0 0 0 0.9986 -0.0523 0 -0.0523 -0.9986 62531.dat
1 0 -280 -76.562 -167.838 0 -0.8 -0.6 0.0523 0.5992 -0.7989 0.9986 -0.0314 0.0419 2780.dat
1 0 -280 -65.0481 51.8605 0 -0.8 -0.6 0.0523 0.5992 -0.7989 0.9986 -0.0314 0.0419 2780.dat
1 0 -300 -25.1029 49.767 0 0 -1 0.0523 0.9986 0 0.9986 -0.0523 0 2780.dat
1 15 -280 -77.0853 -177.8243 0.6 0.8 0 0.7989 -0.5992 -0.0523 -0.0419 0.0314 -0.9986 64391.dat
1 15 -280 -64.5247 61.8468 -0.6 0.8 0 -0.7989 -0.5992 0.0523 0.0419 0.0314 0.9986 64681.dat
1 0 -300 -36.6168 -169.9315 0 -0.8 -0.6 0.0523 0.5992 -0.7989 0.9986 -0.0314 0.0419 2780.dat
0 STEP
1 15 -180 -208.5197 -10.7166 0 1 0 0.0523 0 0.9986 0.9986 0 -0.0523 15458.dat
1 0 -180 -239.5253 -29.1191 0 1 0 -0.9986 0 0.0523 0.0523 0 0.9986 2780.dat
1 0 -180 -235.3384 50.7713 0 1 0 -0.9986 0 0.0523 0.0523 0 0.9986 2780.dat
1 1 -180 -246.3715 31.322 0 1 0 -0.9986 0 0.0523 0.0523 0 0.9986 6558.dat
1 4 -180 -245.3247 51.2946 1 0 0 0 0.9986 0.0523 0 -0.0523 0.9986 32525.dat
1 0 -180 -253.2176 91.7632 0 1 0 -0.9986 0 0.0523 0.0523 0 0.9986 2780.dat
1 0 -180 -252.1709 111.7358 0 1 0 -0.9986 0 0.0523 0.0523 0 0.9986 2780.dat
1 0 -180 -263.2039 92.2865 1 0 0 0 0.0523 -0.9986 0 0.9986 0.0523 42003.dat
1 4 -170 -264.1459 74.3112 1 0 0 0 0.0523 -0.9986 0 0.9986 0.0523 32062.dat
1 0 -180 -181.701 -72.2044 0 1 0 -0.9986 0 0.0523 0.0523 0 0.9986 2780.dat
0 STEP
1 4 -60 -208.5197 -10.7166 0 -1 0 0.0523 0 -0.9986 0.9986 0 0.0523 42040 - leftside.ldr
0 STEP
1 15 -120 -170.668 -52.7552 0 0 -1 0.9986 -0.0523 0 -0.0523 -0.9986 0 40490.dat
0 STEP
1 0 -160 -209.4618 -28.6919 0 0 -1 0.0523 0.9986 0 0.9986 -0.0523 0 42040 - floor.ldr
0 STEP
1 1 -160 -211.5552 -68.6371 0 0 -1 0.0523 0.9986 0 0.9986 -0.0523 0 42040 - seats.ldr
0 STEP
1 71 -140 -159.9391 151.9639 1 0 0 0 0.9986 0.0523 0 -0.0523 0.9986 42040 - rearframe.ldr
0 STEP
1 15 -60 -201.1927 129.0916 1 0 0 0 -0.0523 0.9986 0 -0.9986 -0.0523 32523.dat
1 15 -180 -201.1927 129.0916 1 0 0 0 -0.0523 0.9986 0 -0.9986 -0.0523 32523.dat
1 1 -60 -201.1927 129.0916 0 -1 0 -0.0523 0 0.9986 -0.9986 0 -0.0523 6558.dat
1 1 -180 -201.1927 129.0916 0 -1 0 -0.0523 0 0.9986 -0.9986 0 -0.0523 6558.dat
1 15 -60 -200.146 149.0642 1 0 0 0 -0.0523 0.9986 0 -0.9986 -0.0523 32523.dat
1 15 -180 -200.146 149.0642 1 0 0 0 -0.0523 0.9986 0 -0.9986 -0.0523 32523.dat
0 STEP
1 71 -120 -179.1267 167.99 1 0 0 0 0.9986 0.0523 0 -0.0523 0.9986 63869.dat
1 71 -120 -179.1267 167.99 1 0 0 0 0.9986 0.0523 0 -0.0523 0.9986 32073.dat
1 4 -100 -179.1267 167.99 0 0 1 -0.0523 0.9986 0 -0.9986 -0.0523 0 3713.dat
1 4 -140 -179.1267 167.99 0 0 -1 0.0523 0.9986 0 0.9986 -0.0523 0 3713.dat
0 STEP
1 0 -140 -266.429 412.8947 1 0 0 0 0.9986 0.0523 0 -0.0523 0.9986 42040 - tail.ldr
0 STEP
1 28 -60 -221.1653 130.1383 0 -1 0 0.0523 0 -0.9986 0.9986 0 0.0523 15462.dat
1 28 -180 -221.1653 130.1383 0 -1 0 0.0523 0 -0.9986 0.9986 0 0.0523 15462.dat
0 STEP
1 15 -60 -259.017 172.1769 0 0 1 0.9986 0.0523 0 -0.0523 0.9986 0 32013.dat
1 15 -60 -179.1267 167.99 0 0 1 0.9986 0.0523 0 -0.0523 0.9986 0 32013.dat
1 15 -180 -259.017 172.1769 0 0 -1 0.9986 -0.0523 0 -0.0523 -0.9986 0 32013.dat
1 15 -180 -179.1267 167.99 0 0 -1 0.9986 -0.0523 0 -0.0523 -0.9986 0 32013.dat
1 0 -60 -249.0307 171.6535 0 0 -1 0.9986 -0.0523 0 -0.0523 -0.9986 0 2780.dat
1 0 -60 -189.113 168.5134 0 0 -1 0.9986 -0.0523 0 -0.0523 -0.9986 0 2780.dat
1 0 -180 -249.0307 171.6535 0 0 -1 0.9986 -0.0523 0 -0.0523 -0.9986 0 2780.dat
1 0 -180 -189.113 168.5134 0 0 -1 0.9986 -0.0523 0 -0.0523 -0.9986 0 2780.dat
1 0 -60 -239.0444 171.1302 -0.0872 0 -0.9962 0.0521 0.9986 -0.0046 0.9948 -0.0523 -0.0871 15100.dat
1 0 -60 -199.0992 169.0367 -0.0872 0 -0.9962 0.0521 0.9986 -0.0046 0.9948 -0.0523 -0.0871 15100.dat
1 0 -180 -239.0444 171.1302 0.0872 0 -0.9962 0.0521 0.9986 0.0046 0.9948 -0.0523 0.0871 15100.dat
1 0 -180 -199.0992 169.0367 0.0872 0 -0.9962 0.0521 0.9986 0.0046 0.9948 -0.0523 0.0871 15100.dat
1 15 -169.5413 -212.8154 289.463 -0.0872 0.9962 0 -0.0521 -0.0046 -0.9986 -0.9948 -0.0871 0.0523 42040 - 18945.dat
1 15 -70.4587 -212.8154 289.463 0.0872 0.9962 0 -0.0521 0.0046 -0.9986 -0.9948 0.0871 0.0523 42040 - 18945.dat
1 0 -160 -206.5112 409.7545 1 0 0 0 0.9986 0.0523 0 -0.0523 0.9986 45590.dat
1 0 -100 -206.5112 409.7545 1 0 0 0 0.9986 0.0523 0 -0.0523 0.9986 45590.dat
1 1 -160 -207.0346 399.7683 0 -1 0 0.0523 0 -0.9986 0.9986 0 0.0523 43093.dat
1 1 -80 -207.0346 399.7683 0 -1 0 0.0523 0 -0.9986 0.9986 0 0.0523 43093.dat
0 STEP
1 15 -520 -288.4101 -6.5297 1 0 0 0 0.9986 0.0523 0 -0.0523 0.9986 42040 - 18945.dat
1 15 280 -288.4101 -6.5297 -1 0 0 0 -0.9986 0.0523 0 0.0523 0.9986 42040 - 18945.dat
1 0 220 -285.7933 43.4018 0 1 0 -0.0523 0 -0.9986 -0.9986 0 0.0523 2780.dat
1 0 320 -285.7933 43.4018 0 1 0 -0.0523 0 -0.9986 -0.9986 0 0.0523 2780.dat
1 0 -460 -285.7933 43.4018 0 1 0 -0.0523 0 -0.9986 -0.9986 0 0.0523 2780.dat
1 0 -560 -285.7933 43.4018 0 1 0 -0.0523 0 -0.9986 -0.9986 0 0.0523 2780.dat
1 0 -630 -286.3166 33.4155 -1 0 0 0 0.0523 0.9986 0 0.9986 -0.0523 2780.dat
1 0 -630 -287.3634 13.4429 -1 0 0 0 0.0523 0.9986 0 0.9986 -0.0523 2780.dat
1 0 390 -286.3166 33.4155 1 0 0 0 -0.9986 -0.0523 0 0.0523 -0.9986 2780.dat
1 0 390 -287.3634 13.4429 1 0 0 0 -0.9986 -0.0523 0 0.0523 -0.9986 2780.dat
0 STEP
1 4 200 -285.2699 53.3881 0 0 -1 -0.9986 0.0523 0 0.0523 0.9986 0 32278.dat
1 4 -440 -285.2699 53.3881 0 0 -1 -0.9986 0.0523 0 0.0523 0.9986 0 32278.dat
1 71 0 -284.2232 73.3607 0 1 0 0.0523 0 0.9986 0.9986 0 -0.0523 87082.dat
1 71 -240 -284.2232 73.3607 0 1 0 0.0523 0 0.9986 0.9986 0 -0.0523 87082.dat
1 0 50 -284.2232 73.3607 1 0 0 0 0.0523 -0.9986 0 0.9986 0.0523 3707.dat
1 0 -290 -284.2232 73.3607 1 0 0 0 0.0523 -0.9986 0 0.9986 0.0523 3707.dat
1 4 130 -284.2232 73.3607 0 0 1 0.9986 0.0523 0 -0.0523 0.9986 0 59443.dat
1 4 -370 -284.2232 73.3607 0 0 1 0.9986 0.0523 0 -0.0523 0.9986 0 59443.dat
0 STEP
1 71 160 -284.2232 73.3607 0 1 0 0.0523 0 0.9986 0.9986 0 -0.0523 87082.dat
1 71 -400 -284.2232 73.3607 0 1 0 0.0523 0 0.9986 0.9986 0 -0.0523 87082.dat
1 4 60 -283.1765 93.3333 0 0 1 -0.9986 -0.0523 0 0.0523 -0.9986 0 32525.dat
1 4 -300 -283.1765 93.3333 0 0 1 -0.9986 -0.0523 0 0.0523 -0.9986 0 32525.dat
0 STEP
1 0 280 -282.1298 113.3058 0 0 -1 0.0523 0.9986 0 0.9986 -0.0523 0 42040 - flap.ldr
1 0 -520 -282.1298 113.3058 0 0 1 0.0523 -0.9986 0 0.9986 0.0523 0 42040 - flap.ldr
0 STEP
1 4 -640 -284.2232 73.3607 0 1 0 0.9986 0 -0.0523 -0.0523 0 -0.9986 11946.dat
1 4 400 -284.2232 73.3607 0 -1 0 -0.9986 0 -0.0523 0.0523 0 -0.9986 11947.dat
1 1 360 -296.3029 33.9388 0 -1 0 -0.9986 0 -0.0523 0.0523 0 -0.9986 4274.dat
1 1 -600 -296.3029 33.9388 0 -1 0 -0.9986 0 -0.0523 0.0523 0 -0.9986 4274.dat
1 36 360 -304.292 34.3575 -1 0 0 0 0.9986 -0.0523 0 -0.0523 -0.9986 98138.dat
1 34 -600 -304.292 34.3575 -1 0 0 0 0.9986 -0.0523 0 -0.0523 -0.9986 98138.dat
0 STEP
1 15 70.7692 -215.7118 -30.3671 0.3846 0 0.9231 0.9218 0.0523 -0.3841 -0.0483 0.9986 0.0201 41239.dat
1 15 -310.7692 -215.7118 -30.3671 -0.3846 0 0.9231 0.9218 0.0523 0.3841 -0.0483 0.9986 -0.0201 41239.dat
1 0 200 -280.5172 -46.9982 0 0 1 0.9986 0.0523 0 -0.0523 0.9986 0 2780.dat
1 0 200 -276.3303 32.8921 0 0 1 0.9986 0.0523 0 -0.0523 0.9986 0 2780.dat
1 15 200 -270.5309 -47.5216 0 1 0 0.9986 0 -0.0523 -0.0523 0 -0.9986 32013.dat
1 15 200 -266.3441 32.3688 0 1 0 -0.9986 0 0.0523 0.0523 0 0.9986 32013.dat
1 71 200 -268.4375 -7.5764 0 1 0 0.0523 0 0.9986 0.9986 0 -0.0523 4519.dat
1 71 -440 -268.4375 -7.5764 0 1 0 0.0523 0 0.9986 0.9986 0 -0.0523 4519.dat
1 0 -440 -276.3303 32.8921 0 0 1 0.9986 0.0523 0 -0.0523 0.9986 0 2780.dat
1 15 -440 -266.3441 32.3688 0 1 0 -0.9986 0 0.0523 0.0523 0 0.9986 32013.dat
1 15 -440 -270.5309 -47.5216 0 1 0 0.9986 0 -0.0523 -0.0523 0 -0.9986 32013.dat
1 0 -440 -280.5172 -46.9982 0 0 1 0.9986 0.0523 0 -0.0523 0.9986 0 2780.dat
1 0 163.0769 -253.5973 -18.3679 0 0.3846 0.9231 -0.0523 0.9218 -0.3841 -0.9986 -0.0483 0.0201 2780.dat
1 0 181.5385 -261.2791 -17.9653 0 0.3846 0.9231 -0.0523 0.9218 -0.3841 -0.9986 -0.0483 0.0201 2780.dat
1 0 -403.0769 -253.5973 -18.3679 0 -0.3846 0.9231 -0.0523 0.9218 0.3841 -0.9986 -0.0483 -0.0201 2780.dat
1 0 -421.5385 -261.2791 -17.9653 0 -0.3846 0.9231 -0.0523 0.9218 0.3841 -0.9986 -0.0483 -0.0201 2780.dat
1 15 -421.5385 -260.7557 -7.979 0.3846 0 0.9231 -0.9218 -0.0523 0.3841 0.0483 -0.9986 -0.0201 32523.dat
1 15 181.5385 -260.7557 -7.979 -0.3846 0 0.9231 -0.9218 -0.0523 -0.3841 0.0483 -0.9986 0.0201 32523.dat
0 STEP
1 72 -120 -242.0997 -269.3135 0 0 -1 0.0523 0.9986 0 0.9986 -0.0523 0 11214.dat
1 72 -120 -202.1545 -271.407 0 0 -1 0.0523 0.9986 0 0.9986 -0.0523 0 11214.dat
1 15 -120 -223.1738 -290.3328 -1 0 0 0 0.9986 -0.0523 0 -0.0523 -0.9986 60208.dat
0 STEP
1 71 -120 -224.2205 -310.3054 0 0 -1 -0.9986 0.0523 0 0.0523 0.9986 0 57585.dat
1 72 -100 -258.8143 -308.4924 0.866 -0.5 0 0.4993 0.8648 0.0523 -0.0262 -0.0453 0.9986 99012.dat
1 72 -100 -189.6267 -312.1184 -0.866 -0.5 0 0.4993 -0.8648 0.0523 -0.0262 0.0453 0.9986 99012.dat
1 72 -160 -224.2205 -310.3054 0 1 0 -0.9986 0 0.0523 0.0523 0 0.9986 99012.dat
1 4 -120 -225.1626 -328.2808 0 0 -1 -0.9986 0.0523 0 0.0523 0.9986 0 4032a.dat
1 4 -120 -226.4186 -352.2479 0 0 -1 -0.9986 0.0523 0 0.0523 0.9986 0 30367c.dat
0 STEP
1 43 -150 -197.9705 56.8239 1 0 0 0 0.9986 0.0523 0 -0.0523 0.9986 6143.dat
1 43 -137 -200.1686 14.8814 1 0 0 0 0.9986 0.0523 0 -0.0523 0.9986 6143.dat
1 43 -110 -196.9761 75.7978 1 0 0 0 0.9986 0.0523 0 -0.0523 0.9986 6143.dat
1 43 -115 -199.0172 36.8513 0 1 0 -0.9986 0 0.0523 0.0523 0 0.9986 6143.dat
1 43 -115 -200.7966 2.8979 0 0.788 0.6157 -0.9986 -0.0322 0.0412 0.0523 -0.6149 0.7869 6143.dat
1 43 -150 -207.3811 68.3322 1 0 0 0 -0.9986 -0.0523 0 0.0523 -0.9986 6143.dat
1 43 -137 -209.6315 25.3911 1 0 0 0 -0.9986 -0.0523 0 0.0523 -0.9986 6143.dat
1 43 -107 -207.1194 73.3253 1 0 0 0 -0.9986 -0.0523 0 0.0523 -0.9986 6143.dat

0 FILE 42040 - motor.ldr
0 motor
0 Name: 42040 - motor.ldr
0 Author: Philippe Hurbain [Philo]
0 !LDRAW_ORG Unofficial_Model
0 !LICENSE Redistributable under CCAL version 2.0 : see CAreadme.txt
0 !THEME Technic
1 71 0 0 0 -1 0 0 0 0 -1 0 -1 0 32184.dat
1 71 40 0 -20 -1 0 0 0 0 -1 0 -1 0 32073.dat
1 71 40 0 20 -1 0 0 0 0 -1 0 -1 0 32073.dat
1 15 20 80 -140 0 -1 0 0.6 0 -0.8 0.8 0 0.6 6629.dat
1 15 20 80 140 0 1 0 0.6 0 -0.8 -0.8 0 -0.6 6629.dat
0 STEP
1 72 0 80 -140 1 0 0 0 -0.8 -0.6 0 0.6 -0.8 11214.dat
1 72 0 80 140 1 0 0 0 -0.6 -0.8 0 0.8 -0.6 11214.dat
1 71 0 80 0 0 1 0 1 0 0 0 0 -1 32278.dat
1 71 40 0 0 -1 0 0 0 0 -1 0 -1 0 32184.dat
1 1 30 64 -128 1 0 0 0 -0.8 -0.6 0 0.6 -0.8 43093.dat
1 1 30 64 128 1 0 0 0 -0.6 -0.8 0 0.8 -0.6 43093.dat
1 71 50 64 -128 0 0 -1 -0.8 0.6 0 0.6 0.8 0 59443.dat
1 71 50 64 128 0 0 -1 -0.6 0.8 0 0.8 0.6 0 59443.dat
1 1 30 32 -104 1 0 0 0 -0.8 -0.6 0 0.6 -0.8 43093.dat
1 71 50 32 -104 0 0 -1 -0.8 0.6 0 0.6 0.8 0 59443.dat
1 1 30 32 104 1 0 0 0 -0.6 -0.8 0 0.8 -0.6 43093.dat
1 71 50 32 104 0 0 -1 -0.6 0.8 0 0.8 0.6 0 59443.dat
0 STEP
1 1 30 0 80 1 0 0 0 -0.6 -0.8 0 0.8 -0.6 43093.dat
1 71 50 0 80 0 0 -1 -0.6 0.8 0 0.8 0.6 0 59443.dat
1 1 30 0 -80 1 0 0 0 -0.8 -0.6 0 0.6 -0.8 43093.dat
1 71 50 0 -80 0 0 -1 -0.8 0.6 0 0.6 0.8 0 59443.dat
1 72 80 0 -80 -1 0 0 0 -0.6 -0.8 0 -0.8 0.6 11214.dat
1 72 80 0 80 -1 0 0 0 -0.8 -0.6 0 -0.6 0.8 11214.dat
0 STEP
1 71 -120 -30 -20 1 0 0 0 -1 0 0 0 -1 42040 - motor2.ldr
0 STEP
1 71 20 48 0 0 0 1 0 1 0 -1 0 0 42040 - motorgears.ldr
0 STEP
1 71 20 80 -40 -1 0 0 0 1 0 0 0 -1 32054.dat
1 71 20 80 40 -1 0 0 0 1 0 0 0 -1 32054.dat
1 15 20 80 -20 0 0 1 -1 0 0 0 -1 0 6536.dat
1 15 20 80 20 0 0 -1 -1 0 0 0 1 0 6536.dat
1 4 20 90 -20 0 0 1 -1 0 0 0 -1 0 32062.dat
1 4 20 90 20 0 0 1 -1 0 0 0 -1 0 32062.dat
1 0 20 90 0 1 0 0 0 -1 0 0 0 -1 87408.dat
1 0 20 120 0 0 -1 0 0 0 1 -1 0 0 32270.dat
0 STEP
1 71 20 140 0 0 -1 0 0 0 1 -1 0 0 32073.dat
1 71 20 140 50 0 1 0 -1 0 0 0 0 1 59443.dat
1 19 20 140 -17 0 1 0 -1 0 0 0 0 1 6589.dat
1 71 20 140 -50 0 1 0 -1 0 0 0 0 1 59443.dat
0 STEP
1 0 60 0 -40 1 0 0 0 0 1 0 -1 0 42003.dat
1 0 60 0 40 1 0 0 0 0 -1 0 1 0 42003.dat
1 1 60 -20 -40 0 -1 0 1 0 0 0 0 1 6558.dat
1 1 60 -20 40 0 -1 0 1 0 0 0 0 1 6558.dat
0 STEP
1 0 -10 80 100 1 0 0 0 0 -1 0 1 0 2780.dat
1 0 -10 80 -100 1 0 0 0 0 -1 0 1 0 2780.dat

0 FILE 42040 - motor2.ldr
0 motor2
0 Name: 42040 - motor2.ldr
0 Author: Philippe Hurbain [Philo]
0 !LDRAW_ORG Unofficial_Model
0 !LICENSE Redistributable under CCAL version 2.0 : see CAreadme.txt
0 !THEME Technic
1 0 0 0 0 0 -1 0 1 0 0 0 0 1 3705.dat
1 71 0 30 0 0 0 1 1 0 0 0 1 0 6536.dat
1 71 0 10 -20 0 0 1 1 0 0 0 1 0 32184.dat
1 71 0 -10 0 0 0 1 1 0 0 0 1 0 6536.dat
1 0 10 -10 20 1 0 0 0 0 -1 0 1 0 2780.dat
1 0 10 30 20 1 0 0 0 0 -1 0 1 0 2780.dat
0 STEP
1 71 30 10 46 0 0 1 -1 0 0 0 -1 0 42040 - 2850b.dat
1 14 30 10 -20 0 0 1 0 1 0 -1 0 0 2853.dat
1 71 30 10 -10 0 0 -1 1 0 0 0 -1 0 2852.dat
1 71 30 10 -10 0 0 1 1 0 0 0 1 0 2852.dat
1 14 30 10 -50 0 0 1 1 0 0 0 1 0 2851.dat
1 14 30 10 30 0 0 1 -1 0 0 0 -1 0 2851.dat
1 14 60 10 -10 0 0 1 0 -1 0 1 0 0 2853.dat
0 STEP
1 0 -40 10 -20 1 0 0 0 1 0 0 0 1 3706.dat
1 14 -15 10 -20 0 0 1 -1 0 0 0 -1 0 32123a.dat
1 14 -25 10 -20 0 0 1 -1 0 0 0 -1 0 32123a.dat
0 STEP
1 71 30 10 -86 0 0 -1 -1 0 0 0 1 0 42040 - 2850b.dat
1 0 0 0 -40 0 -1 0 1 0 0 0 0 1 3705.dat
1 71 0 30 -40 -1 0 0 0 0 -1 0 -1 0 32184.dat
1 71 0 -10 -40 -1 0 0 0 0 -1 0 -1 0 32184.dat
1 1 10 30 -60 -1 0 0 0 -1 0 0 0 1 43093.dat
1 1 10 -10 -60 -1 0 0 0 1 0 0 0 -1 43093.dat
0 STEP
1 0 60 30 -60 1 0 0 0 -1 0 0 0 -1 42040 - 18651.dat
1 0 60 30 20 1 0 0 0 -1 0 0 0 -1 42040 - 18651.dat
1 71 55 30 -20 0 1 0 0 0 -1 -1 0 0 99773.dat
1 0 65 30 -20 0 -1 0 -1 0 0 0 0 -1 11478.dat
1 71 100 30 -60 1 0 0 0 -1 0 0 0 -1 32054.dat
1 71 100 30 20 1 0 0 0 -1 0 0 0 -1 32054.dat
0 STEP
1 4 60 -30 -20 1 0 0 0 1 0 0 0 1 42040 - motortop.ldr
1 71 60 -10 -60 -1 0 0 0 1 0 0 0 -1 32054.dat
1 71 60 -10 20 -1 0 0 0 1 0 0 0 -1 32054.dat
1 0 100 -30 20 0 1 0 0 0 -1 -1 0 0 42003.dat
1 0 100 -30 -60 0 1 0 0 0 -1 -1 0 0 42003.dat
1 0 100 -20 -60 0 0 1 1 0 0 0 1 0 2780.dat
1 0 120 -20 -60 0 0 1 1 0 0 0 1 0 2780.dat
1 0 100 -20 20 0 0 1 1 0 0 0 1 0 2780.dat
1 0 120 -20 20 0 0 1 1 0 0 0 1 0 2780.dat
1 4 140 -10 -60 0 0 -1 0 1 0 1 0 0 32316.dat
1 4 140 -10 20 0 0 -1 0 1 0 1 0 0 32316.dat
0 STEP
1 71 100 50 0 -1 0 0 0 -1 0 0 0 1 42040 - motorhood.ldr
1 15 120 -30 -80 0 1 0 0 0 1 1 0 0 32140.dat
1 1 120 30 -80 -1 0 0 0 0 1 0 1 0 6558.dat
1 0 130 10 -80 -1 0 0 0 0 1 0 1 0 2780.dat
1 0 120 -30 -80 -1 0 0 0 -1 0 0 0 1 42040 - 18651.dat
1 15 120 -30 40 0 -1 0 0 0 1 -1 0 0 32140.dat
1 1 120 30 40 -1 0 0 0 0 1 0 1 0 6558.dat
1 0 130 10 40 -1 0 0 0 0 1 0 1 0 2780.dat
1 0 120 -30 40 -1 0 0 0 -1 0 0 0 1 42040 - 18651.dat
0 STEP

0 FILE 42040 - motortop.ldr
0 motortop
0 Name: 42040 - motortop.ldr
0 Author: Philippe Hurbain [Philo]
0 !LDRAW_ORG Unofficial_Model
0 !LICENSE Redistributable under CCAL version 2.0 : see CAreadme.txt
0 !THEME Technic
1 71 0 0 0 0 0 1 0 1 0 -1 0 0 44294.dat
1 15 0 0 60 0 0 1 -1 0 0 0 -1 0 41669.dat
1 15 0 0 40 0 0 -1 0 1 0 1 0 0 6536.dat
1 4 20 0 25 0 0 -1 1 0 0 0 -1 0 41677.dat
1 4 20 0 15 0 0 -1 1 0 0 0 -1 0 41677.dat
1 71 20 0 0 0 0 1 0 1 0 -1 0 0 32073.dat
0 STEP
1 4 -20 0 0 0 0 1 -1 0 0 0 -1 0 32316.dat
1 1 -40 0 0 0 0 1 0 -1 0 1 0 0 6558.dat
1 1 -20 0 0 0 0 1 0 -1 0 1 0 0 6558.dat
1 0 -40 0 -20 0 1 0 1 0 0 0 0 -1 42003.dat
1 0 -40 0 20 0 1 0 1 0 0 0 0 -1 42003.dat
1 0 0 0 -20 0 0 1 1 0 0 0 1 0 60483.dat
1 15 0 0 -40 0 0 -1 0 1 0 1 0 0 6536.dat
1 15 0 0 -60 0 0 1 1 0 0 0 1 0 41669.dat

0 FILE 42040 - motorhood.ldr
0 motorhood
0 Name: 42040 - motorhood.ldr
0 Author: Philippe Hurbain [Philo]
0 !LDRAW_ORG Unofficial_Model
0 !LICENSE Redistributable under CCAL version 2.0 : see CAreadme.txt
0 !THEME Technic
1 4 0 0 0 0 0 1 -1 0 0 0 -1 0 64683.dat
1 1 80 0 -20 0 1 0 0 0 -1 -1 0 0 6558.dat
1 1 40 0 -20 0 1 0 0 0 -1 -1 0 0 6558.dat
1 4 60 0 -20 0 0 -1 1 0 0 0 -1 0 32316.dat
0 STEP
1 4 0 0 -40 0 0 1 1 0 0 0 1 0 64391.dat
1 71 20 40 -80 0 0 1 -1 0 0 0 -1 0 32054.dat
1 71 20 40 40 0 0 1 -1 0 0 0 -1 0 32054.dat
1 71 20 40 -80 0.7071 0 -0.7071 0 1 0 0.7071 0 0.7071 87082.dat
1 71 20 40 40 0.7071 0 0.7071 0 1 0 -0.7071 0 0.7071 87082.dat
1 80 -1.2132 40 -101.2132 0.7071 0 -0.7071 0 1 0 0.7071 0 0.7071 62462.dat
1 80 -1.2132 40 61.2132 0.7071 0 0.7071 0 1 0 -0.7071 0 0.7071 62462.dat
1 1 20 70 -80 0 0 -1 -1 0 0 0 1 0 43093.dat
1 1 20 70 40 0 0 -1 -1 0 0 0 1 0 43093.dat
1 15 20 80 -80 0 0 1 -1 0 0 0 -1 0 32013.dat
1 15 20 80 40 0 0 1 -1 0 0 0 -1 0 32013.dat

0 FILE 42040 - motorgears.ldr
0 motorgears
0 Name: 42040 - motorgears.ldr
0 Author: Philippe Hurbain [Philo]
0 !LDRAW_ORG Unofficial_Model
0 !LICENSE Redistributable under CCAL version 2.0 : see CAreadme.txt
0 !THEME Technic
1 72 0 0 0 0 1 0 -1 0 0 0 0 1 55013.dat
1 19 0 -71 0 1 0 0 0 0 -1 0 1 0 6589.dat
1 0 0 -58 0 -1 0 0 0 1 0 0 0 -1 48496.dat
1 4 0 -48 0 0 -1 0 0 0 -1 1 0 0 3713.dat
0 STEP
1 72 0 -88 -7 0 1 0 0 0 -1 -1 0 0 59426.dat
1 19 0 -88 -17 1 0 0 0 1 0 0 0 1 6589.dat
1 14 0 -88 -35 1 0 0 0 1 0 0 0 1 32123a.dat

0 FILE 42040 - leftside.ldr
0 leftside
0 Name: 42040 - leftside.ldr
0 Author: Philippe Hurbain [Philo]
0 !LDRAW_ORG Unofficial_Model
0 !LICENSE Redistributable under CCAL version 2.0 : see CAreadme.txt
0 !THEME Technic
1 15 0 0 0 1 0 0 0 1 0 0 0 1 15458.dat
1 0 -60 0 -30 0 0 1 0 1 0 -1 0 0 2780.dat
1 1 40 0 40 0 0 -1 0 1 0 1 0 0 6558.dat
1 1 -20 0 40 0 0 -1 0 1 0 1 0 0 6558.dat
1 1 20 0 40 0 0 -1 0 1 0 1 0 0 6558.dat
1 0 60 0 30 0 0 -1 0 1 0 1 0 0 2780.dat
0 STEP
1 4 60 0 40 0 0 -1 1 0 0 0 -1 0 32525.dat
1 0 80 10 -20 0 0 -1 -1 0 0 0 1 0 2780.dat
1 0 80 10 20 0 0 -1 -1 0 0 0 1 0 2780.dat
1 71 0 20 60 1 0 0 0 -1 0 0 0 -1 63869.dat
1 0 120 0 50 0 0 -1 0 1 0 1 0 0 2780.dat
1 0 100 0 50 0 0 -1 0 1 0 1 0 0 2780.dat
0 STEP
1 71 60 20 0 0 0 1 0 -1 0 1 0 0 42040 - leftside2.ldr
1 0 100 0 60 0 1 0 1 0 0 0 0 -1 42003.dat
1 4 80 10 60 0 1 0 1 0 0 0 0 -1 32062.dat

0 FILE 42040 - leftside2.ldr
0 leftside2
0 Name: 42040 - leftside2.ldr
0 Author: Philippe Hurbain [Philo]
0 !LDRAW_ORG Unofficial_Model
0 !LICENSE Redistributable under CCAL version 2.0 : see CAreadme.txt
0 !THEME Technic
1 71 0 0 0 1 0 0 0 0 -1 0 1 0 63869.dat
1 0 0 0 0 -1 0 0 0 0 -1 0 -1 0 42040 - 18651.dat
1 0 -15 0 -40 0 -1 0 -1 0 0 0 0 -1 11478.dat
1 0 -25 0 -40 0 -1 0 -1 0 0 0 0 -1 11478.dat
0 STEP
1 71 0 0 -80 1 0 0 0 0 -1 0 1 0 4519.dat
1 14 -5 0 -80 0 0 -1 -1 0 0 0 1 0 32123a.dat
1 14 5 0 -80 0 0 -1 -1 0 0 0 1 0 32123a.dat
0 STEP
1 4 20 0 -40 0 1 0 -1 0 0 0 0 1 32316.dat
1 28 20 0 -40 -1 0 0 0 0 -1 0 -1 0 15462.dat
1 4 70 0 -40 0 0 1 -1 0 0 0 -1 0 59443.dat
1 71 90 0 -40 -1 0 0 0 0 -1 0 -1 0 2736.dat

0 FILE 42040 - floor.ldr
0 floor
0 Name: 42040 - floor.ldr
0 Author: Philippe Hurbain [Philo]
0 !LDRAW_ORG Unofficial_Model
0 !LICENSE Redistributable under CCAL version 2.0 : see CAreadme.txt
0 !THEME Technic
1 0 0 0 0 -1 0 0 0 0 1 0 1 0 60483.dat
1 0 0 20 -10 0 1 0 0 0 1 1 0 0 2780.dat
1 0 0 0 -30 0 1 0 0 0 1 1 0 0 3705.dat
0 STEP
1 4 80 40 -20 0 0 -1 -1 0 0 0 1 0 32526.dat
1 1 20 40 -40 0 0 1 0 1 0 -1 0 0 6558.dat
1 1 60 40 -40 0 0 1 0 1 0 -1 0 0 6558.dat
1 4 0 -20 -40 0 1 0 0 0 -1 -1 0 0 32039.dat
0 STEP
1 71 60 40 -40 0 0 1 1 0 0 0 1 0 32524.dat
1 71 0 -30 -40 0 0 1 1 0 0 0 1 0 2736.dat
1 4 80 40 -60 0 0 -1 -1 0 0 0 1 0 32526.dat
1 0 40 40 -70 0 1 0 0 0 1 1 0 0 2780.dat
1 0 80 40 -70 0 1 0 0 0 1 1 0 0 2780.dat
1 0 40 40 -10 0 1 0 0 0 1 1 0 0 2780.dat
1 0 80 40 -10 0 1 0 0 0 1 1 0 0 2780.dat
0 STEP
1 71 60 40 -80 0 0 1 1 0 0 0 1 0 32524.dat
1 71 60 40 0 0 0 1 1 0 0 0 1 0 32524.dat
0 STEP
1 71 0 40 -40 0 0 -1 0 -1 0 -1 0 0 44294.dat
1 0 20 40 20 0 1 0 0 0 -1 -1 0 0 42003.dat
1 0 20 40 -100 0 1 0 0 0 -1 -1 0 0 42003.dat
1 0 20 30 -100 0 0 1 1 0 0 0 1 0 2780.dat
1 0 40 30 -100 0 0 1 1 0 0 0 1 0 2780.dat
1 0 20 30 20 0 0 1 1 0 0 0 1 0 2780.dat
1 0 40 30 20 0 0 1 1 0 0 0 1 0 2780.dat

0 FILE 42040 - seats.ldr
0 seats
0 Name: 42040 - seats.ldr
0 Author: Philippe Hurbain [Philo]
0 !LDRAW_ORG Unofficial_Model
0 !LICENSE Redistributable under CCAL version 2.0 : see CAreadme.txt
0 !THEME Technic
1 0 0 0 0 0 1 0 0 0 -1 -1 0 0 42003.dat
1 1 -20 0 -10 0 -1 0 0 0 -1 1 0 0 43093.dat
1 1 0 -60 -20 -1 0 0 0 0 1 0 1 0 32140.dat
0 STEP
1 0 0 -20 -10 0 1 0 0 0 1 1 0 0 2780.dat
1 0 0 -40 -10 0 1 0 0 0 1 1 0 0 2780.dat
1 1 0 -40 0 1 0 0 0 0 1 0 -1 0 32523.dat
1 71 20 0 0 0 0 1 -1 0 0 0 -1 0 32054.dat
0 STEP
1 4 20 -20 -40 -1 0 0 0 -1 0 0 0 1 32316.dat
1 0 20 -30 -20 0 -1 0 1 0 0 0 0 1 6628.dat
1 0 20 -30 -60 0 -1 0 1 0 0 0 0 1 6628.dat
1 15 20 -30 -40 0 -1 0 0 0 1 -1 0 0 42040 - rubberBandRound-1.ldr
0 STEP
1 0 0 0 -80 0 1 0 0 0 -1 -1 0 0 42003.dat
1 71 20 0 -80 0 0 1 -1 0 0 0 -1 0 32054.dat
1 1 -20 0 -70 0 1 0 0 0 -1 -1 0 0 43093.dat
1 1 0 -60 -60 -1 0 0 0 0 1 0 1 0 32140.dat
1 0 0 -40 -70 0 1 0 0 0 1 1 0 0 2780.dat
1 0 0 -20 -70 0 1 0 0 0 1 1 0 0 2780.dat
1 1 0 -40 -80 1 0 0 0 0 1 0 -1 0 32523.dat

0 FILE 42040 - rubberBandRound-1.ldr
0 rubberBandRound-1
0 Name: 42040 - rubberBandRound-1.ldr
0 !LDRAW_ORG Unofficial_Model
0 !LICENSE Redistributable under CCAL version 2.0 : see CAreadme.txt
0 !CATEGORY technic
0 !THEME Technic
0 !KEYWORDS flexible, band
0 !LDCAD CONTENT [type=path] [addFallBack=default] [looped=true] [displayKind=mm] [curveStep=0] [displayLenCor=0]

0 !LDCAD PATH_POINT [type=circle] [posOri=0 -20 -5 1 0 0 0 1 0 0 0 1] [prevCPDist=25] [nextCPDist=25] [cirR=7] [cirDir=xyCW] [prevYRoll=0] [nextYRoll=0]
0 !LDCAD PATH_POINT [type=circle] [posOri=20 0 -5 1 0 0 0 1 0 0 0 1] [prevCPDist=25] [nextCPDist=25] [cirR=7] [cirDir=xyCW] [prevYRoll=0] [nextYRoll=0]
0 !LDCAD PATH_POINT [type=circle] [posOri=-20 0 -5 1 0 0 0 1 0 0 0 1] [prevCPDist=25] [nextCPDist=25] [cirR=7] [cirDir=xyCW] [prevYRoll=0] [nextYRoll=0]

0 !LDCAD PATH_SKIN [donCol=16] [donOri=1 0 0 0 1 0 0 0 1] [donPart=ldcRubberBandRndSeg.dat] [donYSize=400%] [donCen=absCen] [donCenYOfs=0] [donFinScale=fitDon2Seg] [donPlace=deform] [donYAlign=0] [donInline=false] [segSize=100%] [segSizeTol=5%] [segsCnt=0] [segsGrp=0] [segsMaxMerge=10] [segsMrgAng=0] [segsMrgRollAng=0] [segsEdgeDelKind=keepFirstLeft]

0 !LDCAD GENERATED [generator=LDCad 1.5 Alpha 4]
0 //This is the fallback LDraw content for above PATH configuration.
0 // Do not edit, any changes will be lost upon regeneration.
0 // The path is approx 56.21 mm (140.53) and exists out of 16 segments.

0 //Some general hints about the document.
0 UNOFFICIAL PART
0 BFC CERTIFY CCW

0 //Some of this content has been generated from other LDraw files, many thanks to all involved.
0 // Credits for "ldcRubberBandRndSeg.dat":
0 //  Author: LDCad
0 // Credits for "ldcCyli8.dat":
0 //  Author: LDCad
0 // Credits for "ldcConRing8.dat":
0 //  Author: LDCad

0 //Segments
0 // Segment 1, this block is (recursively) generated from "ldcRubberBandRndSeg.dat"
4 16 23.7694 -4.1471 -3.5858 3.9497 -23.9497 -3.5858 4.9497 -24.9497 -3 24.8987 -4.9983 -3
4 16 23.3016 -3.7945 -5 3.5355 -23.5355 -5 3.9497 -23.9497 -3.5858 23.7694 -4.1471 -3.5858
4 16 23.7694 -4.1471 -6.4142 3.9497 -23.9497 -6.4142 3.5355 -23.5355 -5 23.3016 -3.7945 -5
4 16 24.8987 -4.9983 -7 4.9497 -24.9497 -7 3.9497 -23.9497 -6.4142 23.7694 -4.1471 -6.4142
4 16 26.0281 -5.8496 -6.4142 5.9497 -25.9497 -6.4142 4.9497 -24.9497 -7 24.8987 -4.9983 -7
4 16 26.4959 -6.2021 -5 6.364 -26.364 -5 5.9497 -25.9497 -6.4142 26.0281 -5.8496 -6.4142
4 16 26.0281 -5.8496 -3.5858 5.9497 -25.9497 -3.5858 6.364 -26.364 -5 26.4959 -6.2021 -5
4 16 24.8987 -4.9983 -3 4.9497 -24.9497 -3 5.9497 -25.9497 -3.5858 26.0281 -5.8496 -3.5858
5 24 24.8987 -4.9983 -3 4.9497 -24.9497 -3 26.0281 -5.8496 -3.5858 23.7694 -4.1471 -3.5858
5 24 23.7694 -4.1471 -3.5858 3.9497 -23.9497 -3.5858 24.8987 -4.9983 -3 23.3016 -3.7945 -5
5 24 23.3016 -3.7945 -5 3.5355 -23.5355 -5 23.7694 -4.1471 -3.5858 23.7694 -4.1471 -6.4142
5 24 23.7694 -4.1471 -6.4142 3.9497 -23.9497 -6.4142 23.3016 -3.7945 -5 24.8987 -4.9983 -7
5 24 24.8987 -4.9983 -7 4.9497 -24.9497 -7 23.7694 -4.1471 -6.4142 26.0281 -5.8496 -6.4142
5 24 26.0281 -5.8496 -6.4142 5.9497 -25.9497 -6.4142 24.8987 -4.9983 -7 26.4959 -6.2021 -5
5 24 26.4959 -6.2021 -5 6.364 -26.364 -5 26.0281 -5.8496 -6.4142 26.0281 -5.8496 -3.5858
5 24 26.0281 -5.8496 -3.5858 5.9497 -25.9497 -3.5858 26.4959 -6.2021 -5 24.8987 -4.9983 -3
5 24 24.8987 -4.9983 -3 23.7694 -4.1471 -3.5858 25.8626 -3.2606 -3 4.9497 -24.9497 -3
5 24 23.7694 -4.1471 -3.5858 23.3016 -3.7945 -5 24.5786 -2.6679 -3.5858 3.9497 -23.9497 -3.5858
5 24 23.3016 -3.7945 -5 23.7694 -4.1471 -6.4142 24.0467 -2.4224 -5 3.5355 -23.5355 -5
5 24 23.7694 -4.1471 -6.4142 24.8987 -4.9983 -7 24.5786 -2.6679 -6.4142 3.9497 -23.9497 -6.4142
5 24 24.8987 -4.9983 -7 26.0281 -5.8496 -6.4142 25.8626 -3.2606 -7 4.9497 -24.9497 -7
5 24 26.0281 -5.8496 -6.4142 26.4959 -6.2021 -5 27.1467 -3.8532 -6.4142 5.9497 -25.9497 -6.4142
5 24 26.4959 -6.2021 -5 26.0281 -5.8496 -3.5858 27.6785 -4.0987 -5 6.364 -26.364 -5
5 24 26.0281 -5.8496 -3.5858 24.8987 -4.9983 -3 27.1467 -3.8532 -3.5858 5.9497 -25.9497 -3.5858
5 24 4.9497 -24.9497 -3 3.9497 -23.9497 -3.5858 24.8987 -4.9983 -3 4.2427 -25.6569 -3
5 24 3.9497 -23.9497 -3.5858 3.5355 -23.5355 -5 23.7694 -4.1471 -3.5858 3.2427 -24.6569 -3.5858
5 24 3.5355 -23.5355 -5 3.9497 -23.9497 -6.4142 23.3016 -3.7945 -5 2.8285 -24.2427 -5
5 24 3.9497 -23.9497 -6.4142 4.9497 -24.9497 -7 23.7694 -4.1471 -6.4142 3.2427 -24.6569 -6.4142
5 24 4.9497 -24.9497 -7 5.9497 -25.9497 -6.4142 24.8987 -4.9983 -7 4.2427 -25.6569 -7
5 24 5.9497 -25.9497 -6.4142 6.364 -26.364 -5 26.0281 -5.8496 -6.4142 5.2427 -26.6569 -6.4142
5 24 6.364 -26.364 -5 5.9497 -25.9497 -3.5858 26.4959 -6.2021 -5 5.6569 -27.0711 -5
5 24 5.9497 -25.9497 -3.5858 4.9497 -24.9497 -3 26.0281 -5.8496 -3.5858 5.2427 -26.6569 -3.5858

0 // Segment 2, this block is (recursively) generated from "ldcRubberBandRndSeg.dat"
4 16 25.4461 -1.2156 -3.5858 23.7694 -4.1471 -3.5858 24.8987 -4.9983 -3 26.8265 -1.5228 -3
4 16 24.8743 -1.0884 -5 23.3016 -3.7945 -5 23.7694 -4.1471 -3.5858 25.4461 -1.2156 -3.5858
4 16 25.4461 -1.2156 -6.4142 23.7694 -4.1471 -6.4142 23.3016 -3.7945 -5 24.8743 -1.0884 -5
4 16 26.8265 -1.5228 -7 24.8987 -4.9983 -7 23.7694 -4.1471 -6.4142 25.4461 -1.2156 -6.4142
4 16 28.207 -1.83 -6.4142 26.0281 -5.8496 -6.4142 24.8987 -4.9983 -7 26.8265 -1.5228 -7
4 16 28.7788 -1.9572 -5 26.4959 -6.2021 -5 26.0281 -5.8496 -6.4142 28.207 -1.83 -6.4142
4 16 28.207 -1.83 -3.5858 26.0281 -5.8496 -3.5858 26.4959 -6.2021 -5 28.7788 -1.9572 -5
4 16 26.8265 -1.5228 -3 24.8987 -4.9983 -3 26.0281 -5.8496 -3.5858 28.207 -1.83 -3.5858
5 24 26.8265 -1.5228 -3 24.8987 -4.9983 -3 28.207 -1.83 -3.5858 25.4461 -1.2156 -3.5858
5 24 25.4461 -1.2156 -3.5858 23.7694 -4.1471 -3.5858 26.8265 -1.5228 -3 24.8743 -1.0884 -5
5 24 24.8743 -1.0884 -5 23.3016 -3.7945 -5 25.4461 -1.2156 -3.5858 25.4461 -1.2156 -6.4142
5 24 25.4461 -1.2156 -6.4142 23.7694 -4.1471 -6.4142 24.8743 -1.0884 -5 26.8265 -1.5228 -7
5 24 26.8265 -1.5228 -7 24.8987 -4.9983 -7 25.4461 -1.2156 -6.4142 28.207 -1.83 -6.4142
5 24 28.207 -1.83 -6.4142 26.0281 -5.8496 -6.4142 26.8265 -1.5228 -7 28.7788 -1.9572 -5
5 24 28.7788 -1.9572 -5 26.4959 -6.2021 -5 28.207 -1.83 -6.4142 28.207 -1.83 -3.5858
5 24 28.207 -1.83 -3.5858 26.0281 -5.8496 -3.5858 28.7788 -1.9572 -5 26.8265 -1.5228 -3
5 24 26.8265 -1.5228 -3 25.4461 -1.2156 -3.5858 26.6905 0.4592 -3 24.8987 -4.9983 -3
5 24 25.4461 -1.2156 -3.5858 24.8743 -1.0884 -5 25.2796 0.362 -3.5858 23.7694 -4.1471 -3.5858
5 24 24.8743 -1.0884 -5 25.4461 -1.2156 -6.4142 24.6952 0.3218 -5 23.3016 -3.7945 -5
5 24 25.4461 -1.2156 -6.4142 26.8265 -1.5228 -7 25.2796 0.362 -6.4142 23.7694 -4.1471 -6.4142
5 24 26.8265 -1.5228 -7 28.207 -1.83 -6.4142 26.6905 0.4592 -7 24.8987 -4.9983 -7
5 24 28.207 -1.83 -6.4142 28.7788 -1.9572 -5 28.1013 0.5565 -6.4142 26.0281 -5.8496 -6.4142
5 24 28.7788 -1.9572 -5 28.207 -1.83 -3.5858 28.6857 0.5967 -5 26.4959 -6.2021 -5
5 24 28.207 -1.83 -3.5858 26.8265 -1.5228 -3 28.1013 0.5565 -3.5858 26.0281 -5.8496 -3.5858

0 // Segment 3, this block is (recursively) generated from "ldcRubberBandRndSeg.dat"
4 16 25.2291 1.9477 -3.5858 25.4461 -1.2156 -3.5858 26.8265 -1.5228 -3 26.5544 2.4413 -3
4 16 24.6802 1.7432 -5 24.8743 -1.0884 -5 25.4461 -1.2156 -3.5858 25.2291 1.9477 -3.5858
4 16 25.2291 1.9477 -6.4142 25.4461 -1.2156 -6.4142 24.8743 -1.0884 -5 24.6802 1.7432 -5
4 16 26.5544 2.4413 -7 26.8265 -1.5228 -7 25.4461 -1.2156 -6.4142 25.2291 1.9477 -6.4142
4 16 27.8797 2.9349 -6.4142 28.207 -1.83 -6.4142 26.8265 -1.5228 -7 26.5544 2.4413 -7
4 16 28.4286 3.1393 -5 28.7788 -1.9572 -5 28.207 -1.83 -6.4142 27.8797 2.9349 -6.4142
4 16 27.8797 2.9349 -3.5858 28.207 -1.83 -3.5858 28.7788 -1.9572 -5 28.4286 3.1393 -5
4 16 26.5544 2.4413 -3 26.8265 -1.5228 -3 28.207 -1.83 -3.5858 27.8797 2.9349 -3.5858
5 24 26.5544 2.4413 -3 26.8265 -1.5228 -3 27.8797 2.9349 -3.5858 25.2291 1.9477 -3.5858
5 24 25.2291 1.9477 -3.5858 25.4461 -1.2156 -3.5858 26.5544 2.4413 -3 24.6802 1.7432 -5
5 24 24.6802 1.7432 -5 24.8743 -1.0884 -5 25.2291 1.9477 -3.5858 25.2291 1.9477 -6.4142
5 24 25.2291 1.9477 -6.4142 25.4461 -1.2156 -6.4142 24.6802 1.7432 -5 26.5544 2.4413 -7
5 24 26.5544 2.4413 -7 26.8265 -1.5228 -7 25.2291 1.9477 -6.4142 27.8797 2.9349 -6.4142
5 24 27.8797 2.9349 -6.4142 28.207 -1.83 -6.4142 26.5544 2.4413 -7 28.4286 3.1393 -5
5 24 28.4286 3.1393 -5 28.7788 -1.9572 -5 27.8797 2.9349 -6.4142 27.8797 2.9349 -3.5858
5 24 27.8797 2.9349 -3.5858 28.207 -1.83 -3.5858 28.4286 3.1393 -5 26.5544 2.4413 -3
5 24 26.5544 2.4413 -3 25.2291 1.9477 -3.5858 25.3608 4.0293 -3 26.8265 -1.5228 -3
5 24 25.2291 1.9477 -3.5858 24.6802 1.7432 -5 24.2303 3.1797 -3.5858 25.4461 -1.2156 -3.5858
5 24 24.6802 1.7432 -5 25.2291 1.9477 -6.4142 23.762 2.8277 -5 24.8743 -1.0884 -5
5 24 25.2291 1.9477 -6.4142 26.5544 2.4413 -7 24.2303 3.1797 -6.4142 25.4461 -1.2156 -6.4142
5 24 26.5544 2.4413 -7 27.8797 2.9349 -6.4142 25.3608 4.0293 -7 26.8265 -1.5228 -7
5 24 27.8797 2.9349 -6.4142 28.4286 3.1393 -5 26.4913 4.879 -6.4142 28.207 -1.83 -6.4142
5 24 28.4286 3.1393 -5 27.8797 2.9349 -3.5858 26.9596 5.231 -5 28.7788 -1.9572 -5
5 24 27.8797 2.9349 -3.5858 26.5544 2.4413 -3 26.4913 4.879 -3.5858 28.207 -1.83 -3.5858

0 // Segment 4, this block is (recursively) generated from "ldcRubberBandRndSeg.dat"
4 16 23.3245 4.4817 -3.5858 25.2291 1.9477 -3.5858 26.5544 2.4413 -3 24.1672 5.6174 -3
4 16 22.9755 4.0112 -5 24.6802 1.7432 -5 25.2291 1.9477 -3.5858 23.3245 4.4817 -3.5858
4 16 23.3245 4.4817 -6.4142 25.2291 1.9477 -6.4142 24.6802 1.7432 -5 22.9755 4.0112 -5
4 16 24.1672 5.6174 -7 26.5544 2.4413 -7 25.2291 1.9477 -6.4142 23.3245 4.4817 -6.4142
4 16 25.0098 6.7532 -6.4142 27.8797 2.9349 -6.4142 26.5544 2.4413 -7 24.1672 5.6174 -7
4 16 25.3589 7.2236 -5 28.4286 3.1393 -5 27.8797 2.9349 -6.4142 25.0098 6.7532 -6.4142
4 16 25.0098 6.7532 -3.5858 27.8797 2.9349 -3.5858 28.4286 3.1393 -5 25.3589 7.2236 -5
4 16 24.1672 5.6174 -3 26.5544 2.4413 -3 27.8797 2.9349 -3.5858 25.0098 6.7532 -3.5858
5 24 24.1672 5.6174 -3 26.5544 2.4413 -3 25.0098 6.7532 -3.5858 23.3245 4.4817 -3.5858
5 24 23.3245 4.4817 -3.5858 25.2291 1.9477 -3.5858 24.1672 5.6174 -3 22.9755 4.0112 -5
5 24 22.9755 4.0112 -5 24.6802 1.7432 -5 23.3245 4.4817 -3.5858 23.3245 4.4817 -6.4142
5 24 23.3245 4.4817 -6.4142 25.2291 1.9477 -6.4142 22.9755 4.0112 -5 24.1672 5.6174 -7
5 24 24.1672 5.6174 -7 26.5544 2.4413 -7 23.3245 4.4817 -6.4142 25.0098 6.7532 -6.4142
5 24 25.0098 6.7532 -6.4142 27.8797 2.9349 -6.4142 24.1672 5.6174 -7 25.3589 7.2236 -5
5 24 25.3589 7.2236 -5 28.4286 3.1393 -5 25.0098 6.7532 -6.4142 25.0098 6.7532 -3.5858
5 24 25.0098 6.7532 -3.5858 27.8797 2.9349 -3.5858 25.3589 7.2236 -5 24.1672 5.6174 -3
5 24 24.1672 5.6174 -3 23.3245 4.4817 -3.5858 22.3011 6.2994 -3 26.5544 2.4413 -3
5 24 23.3245 4.4817 -3.5858 22.9755 4.0112 -5 21.7412 5.0007 -3.5858 25.2291 1.9477 -3.5858
5 24 22.9755 4.0112 -5 23.3245 4.4817 -6.4142 21.5093 4.4628 -5 24.6802 1.7432 -5
5 24 23.3245 4.4817 -6.4142 24.1672 5.6174 -7 21.7412 5.0007 -6.4142 25.2291 1.9477 -6.4142
5 24 24.1672 5.6174 -7 25.0098 6.7532 -6.4142 22.3011 6.2994 -7 26.5544 2.4413 -7
5 24 25.0098 6.7532 -6.4142 25.3589 7.2236 -5 22.861 7.598 -6.4142 27.8797 2.9349 -6.4142
5 24 25.3589 7.2236 -5 25.0098 6.7532 -3.5858 23.0929 8.136 -5 28.4286 3.1393 -5
5 24 25.0098 6.7532 -3.5858 24.1672 5.6174 -3 22.861 7.598 -3.5858 27.8797 2.9349 -3.5858

0 // Segment 5, this block is (recursively) generated from "ldcRubberBandRndSeg.dat"
4 16 20.1878 5.5889 -3.5858 23.3245 4.4817 -3.5858 24.1672 5.6174 -3 20.435 6.9813 -3
4 16 20.0853 5.0121 -5 22.9755 4.0112 -5 23.3245 4.4817 -3.5858 20.1878 5.5889 -3.5858
4 16 20.1878 5.5889 -6.4142 23.3245 4.4817 -6.4142 22.9755 4.0112 -5 20.0853 5.0121 -5
4 16 20.435 6.9813 -7 24.1672 5.6174 -7 23.3245 4.4817 -6.4142 20.1878 5.5889 -6.4142
4 16 20.6823 8.3737 -6.4142 25.0098 6.7532 -6.4142 24.1672 5.6174 -7 20.435 6.9813 -7
4 16 20.7848 8.9505 -5 25.3589 7.2236 -5 25.0098 6.7532 -6.4142 20.6823 8.3737 -6.4142
4 16 20.6823 8.3737 -3.5858 25.0098 6.7532 -3.5858 25.3589 7.2236 -5 20.7848 8.9505 -5
4 16 20.435 6.9813 -3 24.1672 5.6174 -3 25.0098 6.7532 -3.5858 20.6823 8.3737 -3.5858
5 24 20.435 6.9813 -3 24.1672 5.6174 -3 20.6823 8.3737 -3.5858 20.1878 5.5889 -3.5858
5 24 20.1878 5.5889 -3.5858 23.3245 4.4817 -3.5858 20.435 6.9813 -3 20.0853 5.0121 -5
5 24 20.0853 5.0121 -5 22.9755 4.0112 -5 20.1878 5.5889 -3.5858 20.1878 5.5889 -6.4142
5 24 20.1878 5.5889 -6.4142 23.3245 4.4817 -6.4142 20.0853 5.0121 -5 20.435 6.9813 -7
5 24 20.435 6.9813 -7 24.1672 5.6174 -7 20.1878 5.5889 -6.4142 20.6823 8.3737 -6.4142
5 24 20.6823 8.3737 -6.4142 25.0098 6.7532 -6.4142 20.435 6.9813 -7 20.7848 8.9505 -5
5 24 20.7848 8.9505 -5 25.3589 7.2236 -5 20.6823 8.3737 -6.4142 20.6823 8.3737 -3.5858
5 24 20.6823 8.3737 -3.5858 25.0098 6.7532 -3.5858 20.7848 8.9505 -5 20.435 6.9813 -3
5 24 20.435 6.9813 -3 20.1878 5.5889 -3.5858 12.3742 6.9907 -3 24.1672 5.6174 -3
5 24 20.1878 5.5889 -3.5858 20.0853 5.0121 -5 12.2497 5.5819 -3.5858 23.3245 4.4817 -3.5858
5 24 20.0853 5.0121 -5 20.1878 5.5889 -6.4142 12.1981 4.9984 -5 22.9755 4.0112 -5
5 24 20.1878 5.5889 -6.4142 20.435 6.9813 -7 12.2497 5.5819 -6.4142 23.3245 4.4817 -6.4142
5 24 20.435 6.9813 -7 20.6823 8.3737 -6.4142 12.3742 6.9907 -7 24.1672 5.6174 -7
5 24 20.6823 8.3737 -6.4142 20.7848 8.9505 -5 12.4987 8.3994 -6.4142 25.0098 6.7532 -6.4142
5 24 20.7848 8.9505 -5 20.6823 8.3737 -3.5858 12.5503 8.9829 -5 25.3589 7.2236 -5
5 24 20.6823 8.3737 -3.5858 20.435 6.9813 -3 12.4987 8.3994 -3.5858 25.0098 6.7532 -3.5858

0 // Segment 6, this block is (recursively) generated from "ldcRubberBandRndSeg.dat"
4 16 4.3125 5.5858 -3.5858 20.1878 5.5889 -3.5858 20.435 6.9813 -3 4.3133 7 -3
