0 FILE 42043 - main.ldr
1 71 0 -180 0 1 0 0 0 1 0 0 0 1 44294.dat
1 71 0 -180 0 1 0 0 0 1 0 0 0 1 6536.dat
0 main
0 Author: Philippe Hurbain [Philo]
0 !LDRAW_ORG Unofficial_Model
0 !LICENSE Redistributable under CCAL version 2.0 : see CAreadme.txt
0 !THEME Technic
1 0 -20 -180 0 0 -1 0 -1 0 0 0 0 -1 42043 - 33299b.dat
1 0 20 -180 0 0 1 0 1 0 0 0 0 -1 42043 - 33299b.dat
1 0 -40 -180 -120 0 1 0 1 0 0 0 0 -1 41239.dat
1 72 -40 -180 -80 1 0 0 0 0 -1 0 1 0 11214.dat
1 0 -30 -180 -120 1 0 0 0 0 -1 0 1 0 2780.dat
1 71 -20 -180 -80 0 1 0 1 0 0 0 0 -1 32140.dat
1 71 -40 -180 -180 1 0 0 0 0 -1 0 1 0 32054.dat
1 1 -40 -180 -240 1 0 0 0 0 -1 0 1 0 6558.dat
0 STEP
1 0 -20 -180 -260 0 -1 0 1 0 0 0 0 1 40490.dat
1 1 -40 -180 -260 -1 0 0 0 0 -1 0 -1 0 6558.dat
1 0 -30 -180 -300 1 0 0 0 0 -1 0 1 0 2780.dat
1 72 -40 -180 -260 0 -1 0 -1 0 0 0 0 -1 32526.dat
1 1 -40 -220 -340 1 0 0 0 0 -1 0 1 0 6558.dat
1 71 0 -180 -340 1 0 0 0 0 -1 0 1 0 87082.dat
1 71 0 -180 -220 1 0 0 0 0 -1 0 1 0 87082.dat
0 STEP
1 71 0 -180 -140 1 0 0 0 0 -1 0 1 0 87082.dat
1 0 0 -180 -150 0 1 0 0 0 -1 -1 0 0 3705.dat
1 71 0 -180 -160 1 0 0 0 -1 0 0 0 -1 3713.dat
1 0 0 -180 -290 0 0 -1 0 -1 0 -1 0 0 3737.dat
1 71 0 -180 -190 -1 0 0 0 -1 0 0 0 1 59443.dat
1 71 0 -180 -100 -1 0 0 0 -0.949 0.316 0 0.316 0.949 62520.dat
1 71 0 -180 -100 0 1 0 1 0 0 0 0 -1 62520.dat
1 71 0 -180 -100 -1 0 0 0 -1 0 0 0 1 62519.dat
1 71 0 -160 -40 -1 0 0 0 0.949 -0.316 0 -0.316 -0.949 62520.dat
1 71 0 -160 -40 0 1 0 -1 0 0 0 0 1 62520.dat
1 71 0 -160 -40 -1 0 0 0 1 0 0 0 -1 62519.dat
1 4 0 -169.487 -68.46 0 0 1 0.316 -0.949 0 0.949 0.316 0 32062.dat
0 STEP
1 71 0 -160 0 0 0 1 0 -1 0 1 0 0 4519.dat
1 71 0 -160 30 1 0 0 0 -1 0 0 0 -1 59443.dat
1 71 0 -160 100 0 0 -1 0 -1 0 -1 0 0 44294.dat
1 0 20 -180 -260 0 -1 0 1 0 0 0 0 1 40490.dat
1 1 40 -180 -240 1 0 0 0 0 -1 0 1 0 6558.dat
1 1 40 -180 -260 1 0 0 0 0 -1 0 1 0 6558.dat
1 0 30 -180 -300 1 0 0 0 0 -1 0 1 0 2780.dat
1 71 20 -180 -80 0 1 0 1 0 0 0 0 -1 32140.dat
1 0 30 -180 -120 1 0 0 0 0 -1 0 1 0 2780.dat
1 72 40 -180 -80 -1 0 0 0 0 1 0 1 0 11214.dat
0 STEP
1 0 40 -180 -120 0 1 0 1 0 0 0 0 -1 41239.dat
1 71 40 -180 -180 -1 0 0 0 0 1 0 1 0 32054.dat
0 STEP
1 72 0 -240 -80 1 0 0 0 1 0 0 0 1 42043 - fakeengine.ldr
1 1 40 -220 -340 -1 0 0 0 0 1 0 1 0 6558.dat
1 72 40 -180 -260 0 -1 0 -1 0 0 0 0 -1 32526.dat
0 STEP
1 72 0 -180 -360 0 -1 0 -1 0 0 0 0 -1 3648b.dat
1 72 55 -160 -80 0 1 0 0 0 -1 -1 0 0 6632.dat
1 72 65 -160 -80 0 1 0 0 0 -1 -1 0 0 6632.dat
1 72 -55 -160 -80 0 1 0 0 0 -1 -1 0 0 6632.dat
1 72 -65 -160 -80 0 1 0 0 0 -1 -1 0 0 6632.dat
0 STEP
1 71 -20 -80 140 1 0 0 0 0 -1 0 1 0 42043 - lmotorsupport.ldr
0 STEP
1 19 70 -160 -80 1 0 0 0 0 -1 0 1 0 99008.dat
1 19 -70 -160 -80 -1 0 0 0 0 -1 0 -1 0 99008.dat
1 19 0 -200 150 0 -1 0 -1 0 0 0 0 -1 42043 - powerFuncMotorL-1.ldr
0 STEP
1 19 0 -120 150 0 -1 0 0 0 -1 1 0 0 3749.dat
1 0 0 -120 160 0 -1 0 -1 0 0 0 0 -1 32270.dat
1 19 0 -160 160 0 -1 0 -1 0 0 0 0 -1 32269.dat
1 72 60 -240 0 0 1 0 1 0 0 0 0 -1 32009.dat
1 0 70 -240 120 1 0 0 0 -1 0 0 0 -1 2780.dat
1 1 60 -240 80 -1 0 0 0 -1 0 0 0 1 6558.dat
1 1 70 -240 160 -1 0 0 0 -1 0 0 0 1 43093.dat
0 STEP
1 71 60 -240 140 -1 0 0 0 -1 0 0 0 1 32073.dat
1 71 -60 -240 140 -1 0 0 0 -1 0 0 0 1 32073.dat
1 71 0 -240 140 0 0 1 0 -1 0 1 0 0 32034.dat
1 72 -60 -240 0 0 1 0 1 0 0 0 0 -1 32009.dat
1 1 -60 -240 80 1 0 0 0 1 0 0 0 1 6558.dat
1 0 -70 -240 120 1 0 0 0 -1 0 0 0 -1 2780.dat
1 1 -70 -240 160 1 0 0 0 1 0 0 0 1 43093.dat
0 STEP
1 71 40 -240 -240 0 1 0 -1 0 0 0 0 1 32278.dat
1 0 50 -240 -300 1 0 0 0 0 -1 0 1 0 2780.dat
1 71 60 -240 -120 -1 0 0 0 0 1 0 1 0 32054.dat
1 0 50 -240 -100 1 0 0 0 0 -1 0 1 0 2780.dat
1 72 60 -240 -160 0 -1 0 -1 0 0 0 0 -1 32009.dat
1 71 60 -320 -160 -1 0 0 0 1 0 0 0 -1 4519.dat
1 0 20 -320 -160 0 0 -1 0 1 0 1 0 0 32013.dat
1 1 60 -240 -20 -1 0 0 0 0 1 0 1 0 6558.dat
1 0 20 -320 -150 0 1 0 0 0 -1 -1 0 0 2780.dat
1 0 70 -240 -60 1 0 0 0 -1 0 0 0 -1 2780.dat
0 STEP
1 72 60 -160 -340 0 -1 0 0 0 -1 1 0 0 32526.dat
1 1 60 -180 -340 -1 0 0 0 0 1 0 1 0 6558.dat
1 71 60 -240 -260 0 1 0 0 0 1 1 0 0 32140.dat
1 1 50 -240 -260 1 0 0 0 0 1 0 -1 0 43093.dat
0 STEP
1 71 -40 -240 -240 0 1 0 -1 0 0 0 0 1 32278.dat
1 71 -60 -240 -120 1 0 0 0 0 -1 0 1 0 32054.dat
1 72 -60 -240 -160 0 -1 0 -1 0 0 0 0 -1 32009.dat
1 1 -60 -240 -20 1 0 0 0 0 -1 0 1 0 6558.dat
1 71 -60 -320 -160 -1 0 0 0 1 0 0 0 -1 4519.dat
1 0 -20 -320 -160 0 0 1 0 -1 0 1 0 0 32013.dat
1 0 -20 -320 -150 0 1 0 0 0 -1 -1 0 0 2780.dat
1 0 -70 -240 -60 1 0 0 0 -1 0 0 0 -1 2780.dat
1 0 -50 -240 -300 1 0 0 0 -1 0 0 0 -1 2780.dat
0 STEP
1 72 -60 -160 -340 0 -1 0 0 0 -1 1 0 0 32526.dat
1 1 -60 -180 -340 1 0 0 0 0 -1 0 1 0 6558.dat
1 71 -60 -240 -260 0 1 0 0 0 1 1 0 0 32140.dat
1 1 -70 -240 -260 1 0 0 0 0 1 0 -1 0 43093.dat
0 STEP
1 71 80 -210 -140 1 0 0 0 1 0 0 0 1 42043 - steeringgear1.ldr
0 STEP
1 71 -40 -160 -140 1 0 0 0 0.998 0.06 0 -0.06 0.998 6536.dat
1 71 -60 -140.037 -141.21 1 0 0 0 0.998 0.06 0 -0.06 0.998 32184.dat
1 71 -70 -120.073 -142.419 1 0 0 0 0.998 0.06 0 -0.06 0.998 2736.dat
0 STEP
1 0 -40 -139.432 -131.228 0 0 -1 0.06 0.998 0 0.998 -0.06 0 2780.dat
1 0 -60 -139.432 -131.228 0 0 -1 0.06 0.998 0 0.998 -0.06 0 2780.dat
1 14 -10 -138.525 -116.255 0 0 -1 -0.998 0.06 0 0.06 0.998 0 32063.dat
1 14 -10 -139.129 -126.237 0 0 -1 -0.998 0.06 0 0.06 0.998 0 32063.dat
1 0 20 -138.222 -111.265 0 0 -1 0.06 0.998 0 0.998 -0.06 0 2780.dat
1 72 20 -137.617 -101.283 0 0 -1 -0.998 0.06 0 0.06 0.998 0 42043 - 18654.dat
1 1 40 -140.037 -141.21 0 0 -1 0.06 0.998 0 0.998 -0.06 0 6558.dat
1 72 40 -141.246 -161.173 0 0 -1 -0.998 0.06 0 0.06 0.998 0 42043 - 18654.dat
0 STEP
1 28 0 -260 -20 0 0 -1 0 1 0 1 0 0 42043 - motorgear.ldr
1 4 60 -300 80 -1 0 0 0 0 1 0 1 0 32054.dat
1 4 -60 -300 80 1 0 0 0 0 1 0 -1 0 32054.dat
0 STEP
1 0 0 -240 150 0 -1 0 0 0 1 -1 0 0 3705.dat
1 71 0 -240 160 -1 0 0 0 1 0 0 0 -1 3713.dat
1 72 80 -240 20 0 1 0 1 0 0 0 0 -1 32525.dat
1 72 -80 -240 20 0 1 0 1 0 0 0 0 -1 32525.dat
0 STEP
1 71 100 -240 -80 1 0 0 0 1 0 0 0 1 6536.dat
1 71 -100 -240 -80 1 0 0 0 1 0 0 0 1 6536.dat
1 0 -100 -220 -70 0 1 0 0 0 -1 -1 0 0 2780.dat
1 0 100 -220 -70 0 1 0 0 0 -1 -1 0 0 2780.dat
1 1 90 -240 100 1 0 0 0 1 0 0 0 1 43093.dat
1 71 100 -240 100 1 0 0 0 0 1 0 -1 0 6536.dat
0 STEP
1 72 0 -220 -60 0 0 -1 1 0 0 0 -1 0 32525.dat
1 0 0 -320 -140 0 0 -1 1 0 0 0 -1 0 32316.dat
1 0 80 -320 -160 -1 0 0 0 0 1 0 1 0 63869.dat
1 0 -80 -320 -160 -1 0 0 0 0 1 0 1 0 63869.dat
1 0 -100 -330 -140 0 0 -1 -1 0 0 0 1 0 2780.dat
1 0 -60 -330 -140 0 0 -1 -1 0 0 0 1 0 2780.dat
1 0 60 -330 -140 0 0 -1 -1 0 0 0 1 0 2780.dat
1 0 100 -330 -140 0 0 -1 -1 0 0 0 1 0 2780.dat
0 STEP
1 0 0 -340 -140 0 0 -1 0 1 0 1 0 0 41239.dat
1 0 40 -350 -140 0 0 -1 -1 0 0 0 1 0 2780.dat
1 0 -40 -350 -140 0 0 -1 -1 0 0 0 1 0 2780.dat
1 71 80 -340 -140 0 0 -1 -1 0 0 0 1 0 32073.dat
1 71 -80 -360 -140 0 1 0 -1 0 0 0 0 1 87082.dat
0 STEP
1 4 0 -100 20 -1 0 0 0 -1 0 0 0 1 42043 - 2ndaxle.ldr
0 STEP
1 71 100 -240 40 -1 0 0 0 -0.999 0.035 0 0.035 0.999 32054.dat
1 0 100 -240 40 0 0 1 -0.035 0.999 0 -0.999 -0.035 0 92907.dat
1 28 80 -220.291 31.307 0 1 0 0.035 0 0.999 0.999 0 -0.035 6587.dat
1 28 -80 -220.291 31.307 0 0.923 0.385 0.035 -0.384 0.923 0.999 0.013 -0.032 6587.dat
1 0 -100 -240 40 0 0 -1 0.035 0.999 0 0.999 -0.035 0 92907.dat
1 71 -100 -240 40 1 0 0 0 -0.999 -0.035 0 0.035 -0.999 32054.dat
0 STEP
1 0 -80 -160 -100 0 1 0 -1 0 0 0 0 1 32316.dat
1 0 -100 -160 -100 0 1 0 -1 0 0 0 0 1 32523.dat
1 71 -100 -160 -100 1 0 0 0 1 0 0 0 1 32054.dat
1 1 -130 -160 -100 1 0 0 0 1 0 0 0 1 43093.dat
1 1 -110 -160 -120 -1 0 0 0 -1 0 0 0 1 43093.dat
1 71 -140 -160 -120 -1 0 0 0 -1 0 0 0 1 32054.dat
1 0 80 -160 -80 0 -1 0 -1 0 0 0 0 -1 32523.dat
1 0 100 -160 -100 0 -1 0 -1 0 0 0 0 -1 32523.dat
1 71 100 -160 -100 -1 0 0 0 1 0 0 0 -1 32054.dat
1 1 130 -160 -100 -1 0 0 0 1 0 0 0 -1 43093.dat
1 1 110 -160 -120 1 0 0 0 1 0 0 0 1 43093.dat
1 71 140 -160 -120 1 0 0 0 1 0 0 0 1 32054.dat
0 STEP
1 4 0 -100.56 -242.4 -1 0 0 0 -1 0 0 0 1 42043 - frontaxle.ldr
1 0 -80 -180 -320 0 -1 0 1 0 0 0 0 1 32316.dat
1 0 80 -180 -320 0 -1 0 1 0 0 0 0 1 32316.dat
0 STEP
1 1 60 -240 -220 -1 0 0 0 -0.999 0.035 0 0.035 0.999 6558.dat
1 0 60 -240 -220 0 0 -1 0.035 0.997 0 0.999 -0.035 0 92907.dat
1 28 80.062 -220.296 -228.7 0.014 1 0 0.032 0 0.998 0.999 -0.014 -0.032 6587.dat
1 0 -60 -240 -220 0 0 1 -0.035 0.997 0 -0.999 -0.035 0 92907.dat
1 1 -60 -240 -220 1 0 0 0 -0.999 -0.035 0 0.035 -0.999 6558.dat
1 28 -80 -220.331 -228.691 0 1 0 0.035 0 0.997 0.999 0 -0.035 6587.dat
0 STEP
1 71 -60 -240 -160 1 0 0 0 0.999 -0.035 0 0.035 0.999 32054.dat
1 14 -60 -240 -169.996 0 -1 0 1 0 0 0 0 1 43857.dat
1 1 -90 -240 -160 1 0 0 0 0.035 0.999 0 -0.999 0.035 43093.dat
1 1 -60 -240 -179.992 1 0 0 0 0 -1 0 1 0 6558.dat
1 0 -80 -280 -199.992 0 1 0 0 0 1 1 0 0 60484.dat
1 0 -90 -240 -199.992 1 0 0 0 -1 0 0 0 -1 2780.dat
0 STEP
1 0 -100 -240 -179.992 0 1 0 1 0 0 0 0 -1 32523.dat
1 0 -110 -240 -179.992 1 0 0 0 -0.6 -0.8 0 0.8 -0.6 2780.dat
1 0 -120 -207.999 -155.994 0 1 0 0.6 0 -0.8 -0.8 0 -0.6 32316.dat
1 1 -140 -175.997 -131.996 -1 0 0 0 0.627 -0.778 0 -0.778 -0.627 6558.dat
1 1 -140 -191.998 -143.995 -1 0 0 0 0.627 -0.778 0 -0.778 -0.627 6558.dat
1 0 -140 -175.997 -131.996 0 -1 0 -0.6 0 -0.8 0.8 0 -0.6 32523.dat
1 0 -160 -175.997 -131.996 0 -1 0 -0.6 0 -0.8 0.8 0 -0.6 32523.dat
0 STEP
1 0 80 -280 -200 0 1 0 0 0 1 1 0 0 60484.dat
1 0 90 -240 -200 1 0 0 0 -1 0 0 0 -1 2780.dat
1 0 100 -240 -180 0 1 0 1 0 0 0 0 -1 32523.dat
1 19 80 -360 -140 -1 0 0 0 0 1 0 1 0 32269.dat
1 0 110 -240 -180 1 0 0 0 -0.6 -0.8 0 0.8 -0.6 2780.dat
1 0 120 -207.999 -156.002 0 1 0 0.6 0 -0.8 -0.8 0 -0.6 32316.dat
1 0 160 -175.995 -131.994 0 -1 0 -0.6 0 -0.8 0.8 0 -0.6 32523.dat
1 0 140 -175.995 -131.994 0 -1 0 -0.6 0 -0.8 0.8 0 -0.6 32523.dat
1 1 140 -191.989 -143.989 1 0 0 0 0.627 -0.778 0 0.778 0.627 6558.dat
1 1 140 -175.995 -131.994 1 0 0 0 0.627 -0.778 0 0.778 0.627 6558.dat
1 0 40 -460 -120 1 0 0 0 1 0 0 0 1 42043 - cabinback.ldr
0 STEP
1 0 120 -444 -140 0 0 -1 -1 0 0 0 1 0 3708.dat
1 71 120 -520 -140 1 0 0 0 0 1 0 -1 0 3713.dat
1 0 120 -534 -140 1 0 0 0 -1 0 0 0 -1 4032a.dat
1 57 120 -542 -140 1 0 0 0 -1 0 0 0 -1 6143.dat
1 57 120 -566 -140 1 0 0 0 -1 0 0 0 -1 2654.dat
1 0 120 -360 -140 1 0 0 0 0 1 0 -1 0 32270.dat
1 19 120 -403 -140 1 0 0 0 0 -1 0 1 0 6589.dat
1 0 -120 -444 -140 0 0 -1 -1 0 0 0 1 0 3708.dat
1 71 -120 -520 -140 1 0 0 0 0 1 0 -1 0 3713.dat
1 0 -120 -534 -140 1 0 0 0 -1 0 0 0 -1 4032a.dat
1 57 -120 -542 -140 1 0 0 0 -1 0 0 0 -1 6143.dat
1 57 -120 -566 -140 1 0 0 0 -1 0 0 0 -1 2654.dat
1 0 -120 -360 -140 1 0 0 0 0 1 0 -1 0 32270.dat
1 19 -120 -437 -140 -1 0 0 0 0 1 0 1 0 6589.dat
0 STEP
1 1 50 -240 -280 1 0 0 0 0 1 0 -1 0 43093.dat
1 0 60 -360 -200 0 1 0 0.8 0 0.6 0.6 0 -0.8 6629.dat
1 1 -50 -240 -280 -1 0 0 0 0 1 0 1 0 43093.dat
1 0 -60 -360 -200 0 1 0 0.8 0 0.6 0.6 0 -0.8 6629.dat
1 71 0 -360 -200 1 0 0 0 -0.8 0.6 0 -0.6 -0.8 4519.dat
1 71 30 -360 -200 0 0 1 -0.8 0.6 0 -0.6 -0.8 0 59443.dat
1 28 80 -360 -200 1 0 0 0 0.6 0.8 0 -0.8 0.6 15462.dat
1 71 -30 -360 -200 0 0 1 -0.8 0.6 0 -0.6 -0.8 0 59443.dat
1 28 -80 -360 -200 -1 0 0 0 0.6 -0.8 0 -0.8 -0.6 15462.dat
0 STEP
1 72 160 -240 -120 1 0 0 0 1 0 0 0 1 42043 - exhaust.ldr
0 STEP
1 273 80 -280 180 0 -1 0 0 0 1 -1 0 0 42043 - pneumaticHose-1.ldr
0 STEP
1 71 0 -100 260 1 0 0 0 1 0 0 0 1 42043 - frontoutrigger.ldr
0 STEP
1 71 -20 -160 600 1 0 0 0 1 0 0 0 1 42043 - chassisrear.ldr
0 STEP
1 71 80 -240 280 0 1 0 -1 0 0 0 0 1 32278.dat
1 71 -80 -240 280 0 1 0 -1 0 0 0 0 1 32278.dat
1 72 140 -240 40 -1 0 0 0 -0.999 0.045 0 0.045 0.999 11214.dat
0 STEP
1 72 100 -220 140 1 0 0 0 1 0 0 0 1 42003.dat
1 4 100 -200 140 0 1 0 0 0 1 1 0 0 32054.dat
1 0 160 -80 260 0 1 0 -1 0 0 0 0 1 41239.dat
0 STEP
1 1 160 -180 320 0 1 0 -1 0 0 0 0 1 6558.dat
1 0 160 -180 240 -1 0 0 0 -1 0 0 0 1 41239.dat
1 1 160 -200 280 0 1 0 -1 0 0 0 0 1 6558.dat
1 1 160 -200 240 0 1 0 -1 0 0 0 0 1 6558.dat
1 1 160 -200 160 0 1 0 -1 0 0 0 0 1 6558.dat
1 0 160 -200 260 0 1 0 -1 0 0 0 0 1 42043 - 18651.dat
1 0 160 -200 200 -1 0 0 0 -1 0 0 0 1 32316.dat
1 0 160 -200 300 -1 0 0 0 -1 0 0 0 1 32523.dat
1 4 180 -200 260 0 0 1 1 0 0 0 1 0 6641.dat
1 4 189 -200 260 1 0 0 0 0 -1 0 1 0 32062.dat
1 4 199 -200 260 1 0 0 0 -1 0 0 0 -1 6536.dat
0 STEP
1 72 140 -200 120 0 -1 0 -1 0 0 0 0 -1 42003.dat
1 0 120 -200 130 0 -1 0 0 0 1 -1 0 0 6628.dat
1 72 140 -200 360 0 -1 0 -1 0 0 0 0 -1 42003.dat
1 0 160 -200 360 0 -1 0 1 0 0 0 0 1 42043 - 18651.dat
0 STEP
1 0 160 -220 240 -1 0 0 0 -1 0 0 0 1 41239.dat
1 72 160 -190 120 0 1 0 -1 0 0 0 0 1 87083.dat
0 STEP
1 0 -160 -80 260 0 1 0 -1 0 0 0 0 1 41239.dat
1 72 -140 -240 40 1 0 0 0 0.999 0.04 0 -0.04 0.999 11214.dat
1 1 -160 -180 320 0 1 0 -1 0 0 0 0 1 6558.dat
1 0 -160 -180 240 -1 0 0 0 -1 0 0 0 1 41239.dat
1 1 -160 -200 280 0 1 0 -1 0 0 0 0 1 6558.dat
1 1 -160 -200 240 0 1 0 -1 0 0 0 0 1 6558.dat
1 1 -160 -200 160 0 1 0 -1 0 0 0 0 1 6558.dat
1 0 -160 -200 260 0 1 0 -1 0 0 0 0 1 42043 - 18651.dat
1 0 -160 -200 200 -1 0 0 0 -1 0 0 0 1 32316.dat
1 0 -160 -200 300 -1 0 0 0 -1 0 0 0 1 32523.dat
1 4 -180 -200 260 0 0 -1 1 0 0 0 -1 0 6641.dat
1 4 -189 -200 260 -1 0 0 0 0 -1 0 -1 0 32062.dat
1 4 -199 -200 260 -1 0 0 0 -1 0 0 0 1 6536.dat
0 STEP
1 72 -140 -200 120 0 1 0 -1 0 0 0 0 1 42003.dat
1 72 -140 -200 360 0 1 0 -1 0 0 0 0 1 42003.dat
1 0 -120 -200 130 0 -1 0 0 0 1 -1 0 0 6628.dat
1 0 -160 -200 360 0 -1 0 1 0 0 0 0 1 42043 - 18651.dat
1 0 -160 -220 240 -1 0 0 0 -1 0 0 0 1 41239.dat
1 72 -160 -190 120 0 1 0 -1 0 0 0 0 1 87083.dat
0 STEP
1 0 60 -80 260 1 0 0 0 1 0 0 0 1 40490.dat
1 0 -60 -80 260 1 0 0 0 1 0 0 0 1 40490.dat
1 71 0 -80 240 0 1 0 1 0 0 0 0 -1 32494.dat
1 72 0 -80 240 0 1 0 1 0 0 0 0 -1 92906.dat
0 STEP
1 71 -150 -80.56 -242.4 0 0 1 1 0 0 0 1 0 86652.dat
1 256 -150 -80.56 -242.4 0 0 1 1 0 0 0 1 0 32019.dat
1 71 -150 -80.56 17.6 0 0 1 1 0 0 0 1 0 86652.dat
1 256 -150 -80.56 17.6 0 0 1 1 0 0 0 1 0 32019.dat
1 71 150 -80.56 17.6 0 0 -1 -1 0 0 0 1 0 86652.dat
1 256 150 -80.56 17.6 0 0 -1 -1 0 0 0 1 0 32019.dat
1 71 150 -80.56 -242.4 0 0 -1 -1 0 0 0 1 0 86652.dat
1 256 150 -80.56 -242.4 0 0 -1 -1 0 0 0 1 0 32019.dat
1 71 -125 -80 500 0 0 -1 -1 0 0 0 1 0 86652.dat
1 256 -125 -80 500 0 0 -1 -1 0 0 0 1 0 32019.dat
1 71 -155 -80 500 0 0 1 1 0 0 0 1 0 86652.dat
1 256 -155 -80 500 0 0 1 1 0 0 0 1 0 32019.dat
1 71 -125 -80 700 0 0 -1 -1 0 0 0 1 0 86652.dat
1 256 -125 -80 700 0 0 -1 -1 0 0 0 1 0 32019.dat
1 71 -155 -80 700 0 0 1 1 0 0 0 1 0 86652.dat
1 256 -155 -80 700 0 0 1 1 0 0 0 1 0 32019.dat
1 71 155 -80 500 0 0 -1 -1 0 0 0 1 0 86652.dat
1 256 155 -80 500 0 0 -1 -1 0 0 0 1 0 32019.dat
1 71 125 -80 500 0 0 1 1 0 0 0 1 0 86652.dat
1 256 125 -80 500 0 0 1 1 0 0 0 1 0 32019.dat
1 71 155 -80 700 0 0 -1 -1 0 0 0 1 0 86652.dat
1 256 155 -80 700 0 0 -1 -1 0 0 0 1 0 32019.dat
1 71 125 -80 700 0 0 1 1 0 0 0 1 0 86652.dat
1 256 125 -80 700 0 0 1 1 0 0 0 1 0 32019.dat
0 STEP
1 71 165 -80.56 -242.4 0 0 -1 -1 0 0 0 1 0 32123a.dat
1 71 165 -80.597 17.611 0 0 -1 -1 0 0 0 1 0 32123a.dat
1 71 -165 -80.56 -242.4 0 0 -1 -1 0 0 0 1 0 32123a.dat
1 71 -165 -80.597 17.611 0 0 -1 -1 0 0 0 1 0 32123a.dat
1 72 -175 -80.597 17.611 0 0 -1 -1 0 0 0 1 0 4185.dat
1 72 -175 -80.56 -242.4 0 0 -1 -1 0 0 0 1 0 4185.dat
1 72 175 -80.56 -242.4 0 0 -1 -1 0 0 0 1 0 4185.dat
1 72 175 -80.597 17.611 0 0 -1 -1 0 0 0 1 0 4185.dat
0 STEP
1 1 -90 -240 -40 -1 0 0 0 0 1 0 1 0 43093.dat
1 71 -110 -240 -40 0 0 -1 -1 0 0 0 1 0 59443.dat
1 0 -140 -240 -40 1 0 0 0 1 0 0 0 1 42043 - 18651.dat
1 0 -140 -240 -40 0 -1 0 1 0 0 0 0 1 6629.dat
1 0 -150 -240 60 1 0 0 0 -1 0 0 0 -1 2780.dat
1 0 -150 -224 72 1 0 0 0 -1 0 0 0 -1 2780.dat
1 1 -150 -192 96 1 0 0 0 -0.8 0.6 0 -0.6 -0.8 43093.dat
1 0 -160 -240 50 0 -1 0 -1 0 0 0 0 -1 43857.dat
1 0 -160 -208 84 0 1 0 -0.6 0 0.8 0.8 0 0.6 32523.dat
0 STEP
1 0 -160 -160 -100 0 -1 0 0.6 0 -0.8 0.8 0 0.6 6629.dat
1 0 -150 -240 0 1 0 0 0 -1 0 0 0 -1 2780.dat
1 0 -150 -224 -52 1 0 0 0 -1 0 0 0 -1 2780.dat
1 0 -150 -176 -88 1 0 0 0 -1 0 0 0 -1 2780.dat
1 0 -140 -192 -76 0 -1 0 0.6 0 -0.8 0.8 0 0.6 32316.dat
0 STEP
1 71 -120 -220 640 -1 0 0 0 1 0 0 0 -1 42043 - mudguardrear1.ldr
0 STEP
1 1 90 -240 -40 1 0 0 0 0 -1 0 1 0 43093.dat
1 71 110 -240 -40 0 0 -1 -1 0 0 0 1 0 59443.dat
1 0 140 -240 -40 -1 0 0 0 -1 0 0 0 1 42043 - 18651.dat
1 0 140 -240 -40 0 -1 0 1 0 0 0 0 1 6629.dat
1 0 150 -240 60 1 0 0 0 -1 0 0 0 -1 2780.dat
1 0 150 -224 72 1 0 0 0 -1 0 0 0 -1 2780.dat
1 1 150 -192 96 -1 0 0 0 0.8 -0.6 0 -0.6 -0.8 43093.dat
1 0 160 -240 50 0 -1 0 -1 0 0 0 0 -1 43857.dat
1 0 160 -208 84 0 1 0 -0.6 0 0.8 0.8 0 0.6 32523.dat
0 STEP
1 0 160 -160 -100 0 -1 0 0.6 0 -0.8 0.8 0 0.6 6629.dat
1 0 150 -240 0 1 0 0 0 -1 0 0 0 -1 2780.dat
1 0 150 -224 -52 1 0 0 0 -1 0 0 0 -1 2780.dat
1 0 150 -176 -88 1 0 0 0 -1 0 0 0 -1 2780.dat
1 0 140 -192 -76 0 -1 0 0.6 0 -0.8 0.8 0 0.6 32316.dat
0 STEP
1 71 120 -220 640 1 0 0 0 1 0 0 0 1 42043 - mudguardrear2.ldr
0 STEP
1 0 0 -320 -100 0 0 -1 0 1 0 1 0 0 42043 - armbase.ldr
1 71 0 -360 -140 0 0 -1 0 1 0 1 0 0 14720.dat
1 71 0 -440 -200 -1 0 0 0 1 0 0 0 -1 58119.dat
0 STEP
1 19 0 -100 -420 1 0 0 0 1 0 0 0 1 42043 - frontbumper.ldr
0 STEP
1 72 0 -100 820 0 0 -1 -1 0 0 0 1 0 32278.dat
1 71 140 -100 830 0 0 -1 0 1 0 1 0 0 4274.dat
1 71 120 -100 830 0 0 -1 0 1 0 1 0 0 4274.dat
1 71 100 -100 830 0 0 -1 0 1 0 1 0 0 4274.dat
1 71 -100 -100 830 0 0 -1 0 1 0 1 0 0 4274.dat
1 71 -120 -100 830 0 0 -1 0 1 0 1 0 0 4274.dat
1 71 -140 -100 830 0 0 -1 0 1 0 1 0 0 4274.dat
1 71 -20 -100 830 0 0 -1 0 1 0 1 0 0 4274.dat
1 71 20 -100 830 0 0 -1 0 1 0 1 0 0 4274.dat
1 15 0 -100 838 1 0 0 0 0 1 0 -1 0 2431.dat
1 57 140 -100 838 1 0 0 0 0 1 0 -1 0 98138.dat
1 57 -140 -100 838 1 0 0 0 0 1 0 -1 0 98138.dat
1 36 120 -100 838 1 0 0 0 0 1 0 -1 0 98138.dat
1 36 -120 -100 838 1 0 0 0 0 1 0 -1 0 98138.dat
1 47 100 -100 838 1 0 0 0 0 1 0 -1 0 98138.dat
1 47 -100 -100 838 1 0 0 0 0 1 0 -1 0 98138.dat
0 STEP
1 0 -105 -260 -370 0 0 -1 0 1 0 1 0 0 42043 - cabin.ldr
0 STEP
1 72 0 -260 760 1 0 0 0 1 0 0 0 1 42043 - dump.ldr

0 FILE 42043 - fakeengine.ldr
0 fakeengine
0 Author: Philippe Hurbain [Philo]
0 Name: 42043 - fakeengine.ldr
0 !LDRAW_ORG Unofficial_Model
0 !LICENSE Redistributable under CCAL version 2.0 : see CAreadme.txt
0 !THEME Technic
1 71 0 -46 -230 1 0 0 0 1 0 0 0 1 42043 - 2850b.dat
1 0 20 -20 -250 0 0 1 0 -1 0 1 0 0 2780.dat
1 0 -20 -20 -250 0 0 1 0 -1 0 1 0 0 2780.dat
1 0 20 -20 -210 0 0 1 0 -1 0 1 0 0 2780.dat
1 0 -20 -20 -210 0 0 1 0 -1 0 1 0 0 2780.dat
1 0 -20 -20 -170 0 0 1 0 -1 0 1 0 0 2780.dat
1 0 20 -20 -170 0 0 1 0 -1 0 1 0 0 2780.dat
1 71 0 -46 -190 1 0 0 0 1 0 0 0 1 42043 - 2850b.dat
1 0 -20 -20 -130 0 0 1 0 -1 0 1 0 0 2780.dat
1 0 20 -20 -130 0 0 1 0 -1 0 1 0 0 2780.dat
1 71 0 -46 -150 1 0 0 0 1 0 0 0 1 42043 - 2850b.dat
1 0 -20 -20 -90 0 0 1 0 -1 0 1 0 0 2780.dat
1 0 20 -20 -90 0 0 1 0 -1 0 1 0 0 2780.dat
1 71 0 -46 -110 1 0 0 0 1 0 0 0 1 42043 - 2850b.dat
1 0 -20 -20 -50 0 0 1 0 -1 0 1 0 0 2780.dat
1 0 20 -20 -50 0 0 1 0 -1 0 1 0 0 2780.dat
1 71 0 -46 -70 1 0 0 0 1 0 0 0 1 42043 - 2850b.dat
1 0 -20 -20 -10 0 0 1 0 -1 0 1 0 0 2780.dat
1 0 20 -20 -10 0 0 1 0 -1 0 1 0 0 2780.dat
1 71 0 -46 -30 1 0 0 0 1 0 0 0 1 42043 - 2850b.dat
0 STEP
1 0 0 20 -230 1 0 0 0 1 0 0 0 1 42043 - camshaft.ldr
0 STEP
1 71 0 1 0 -1 0 0 0 1 0 0 0 -1 6536.dat
1 0 0 0 0 -1 0 0 0 1 0 0 0 -1 3708.dat
1 71 -20 0 0 -1 0 0 0 -1 0 0 0 1 6536.dat
1 71 20 0 0 -1 0 0 0 -1 0 0 0 1 6536.dat
1 71 -40 20 0 -1 0 0 0 -1 0 0 0 1 32184.dat
1 71 -40 40 0 -1 0 0 0 -1 0 0 0 1 4519.dat
1 71 0 40 0 0 0 -1 0 -1 0 -1 0 0 32034.dat
1 71 40 20 0 -1 0 0 0 -1 0 0 0 1 32184.dat
1 71 40 40 0 -1 0 0 0 -1 0 0 0 1 4519.dat
0 STEP
1 71 20 0 -260 -1 0 0 0 -1 0 0 0 1 6536.dat
1 71 -20 0 -260 -1 0 0 0 -1 0 0 0 1 6536.dat
1 71 0 20 -260 -1 0 0 0 -1 0 0 0 1 32184.dat
1 71 0 0 -260 -1 0 0 0 -1 0 0 0 1 44294.dat
1 71 0 40 -260 -1 0 0 0 -1 0 0 0 1 4519.dat
1 72 20 40 -260 0 1 0 0 0 -1 -1 0 0 60483.dat
1 72 -20 40 -260 0 1 0 0 0 -1 -1 0 0 60483.dat
1 72 0 20 -280 0 1 0 1 0 0 0 0 -1 10928.dat

0 FILE 42043 - camshaft.ldr
0 camshaft
0 Author: Philippe Hurbain [Philo]
0 Name: 42043 - camshaft.ldr
0 !LDRAW_ORG Unofficial_Model
0 !LICENSE Redistributable under CCAL version 2.0 : see CAreadme.txt
0 !THEME Technic
1 14 0 0 0 0 -1 0 1 0 0 0 0 1 2853.dat
1 71 0 -10 0 1 0 0 0 1 0 0 0 1 2852.dat
1 19 0 0 20 0 -1 0 1 0 0 0 0 1 2854.dat
1 4 0 10 40 0 0 1 0 1 0 -1 0 0 32062.dat
1 71 0 10 40 1 0 0 0 1 0 0 0 1 2852.dat
1 14 0 -50 0 0 0 1 0 1 0 -1 0 0 2851.dat
1 14 0 -30 40 0 0 1 0 1 0 -1 0 0 2851.dat
1 19 0 0 60 0 1 0 -1 0 0 0 0 1 2854.dat
1 4 0 -10 80 0 0 1 0 1 0 -1 0 0 32062.dat
1 71 0 -10 80 1 0 0 0 1 0 0 0 1 2852.dat
1 14 0 -50 80 0 0 1 0 1 0 -1 0 0 2851.dat
1 71 0 -10 160 1 0 0 0 1 0 0 0 1 2852.dat
1 14 0 -50 160 0 0 1 0 1 0 -1 0 0 2851.dat
1 4 0 -10 160 0 0 1 0 1 0 -1 0 0 32062.dat
1 19 0 0 140 0 1 0 -1 0 0 0 0 1 2854.dat
1 4 0 10 120 0 0 1 0 1 0 -1 0 0 32062.dat
1 71 0 10 120 1 0 0 0 1 0 0 0 1 2852.dat
1 14 0 -30 120 0 0 1 0 1 0 -1 0 0 2851.dat
1 19 0 0 100 0 -1 0 1 0 0 0 0 1 2854.dat
1 4 0 10 200 0 0 1 0 1 0 -1 0 0 32062.dat
1 71 0 10 200 1 0 0 0 1 0 0 0 1 2852.dat
1 14 0 -30 200 0 0 1 0 1 0 -1 0 0 2851.dat
1 19 0 0 180 0 -1 0 1 0 0 0 0 1 2854.dat
1 14 0 10 230 0 -1 0 1 0 0 0 0 1 2853.dat
1 0 0 0 -50 0 0 1 0 1 0 -1 0 0 3705.dat

0 FILE 42043 - lmotorsupport.ldr
0 lmotorsupport
0 Author: Philippe Hurbain [Philo]
0 Name: 42043 - lmotorsupport.ldr
0 !LDRAW_ORG Unofficial_Model
0 !LICENSE Redistributable under CCAL version 2.0 : see CAreadme.txt
0 !THEME Technic
1 72 0 0 0 0 1 0 -1 0 0 0 0 1 32526.dat
1 1 -20 0 20 -1 0 0 0 -1 0 0 0 1 6558.dat
1 1 -20 0 60 -1 0 0 0 -1 0 0 0 1 6558.dat
1 0 -10 -20 80 -1 0 0 0 -1 0 0 0 1 2780.dat
1 0 -10 -40 80 -1 0 0 0 -1 0 0 0 1 2780.dat
1 71 20 0 80 -1 0 0 0 -1 0 0 0 1 87082.dat
1 71 20 0 20 0 0 1 1 0 0 0 1 0 48989.dat
0 STEP
1 72 40 0 0 0 1 0 -1 0 0 0 0 1 32526.dat
1 1 60 0 60 1 0 0 0 1 0 0 0 1 6558.dat
1 1 60 0 20 1 0 0 0 1 0 0 0 1 6558.dat
1 0 50 -40 80 -1 0 0 0 -1 0 0 0 1 2780.dat
1 0 50 -20 80 -1 0 0 0 -1 0 0 0 1 2780.dat
1 0 60 0 80 0 -1 0 1 0 0 0 0 1 40490.dat
1 0 -20 0 80 0 -1 0 1 0 0 0 0 1 40490.dat
1 0 70 0 120 -1 0 0 0 -1 0 0 0 1 2780.dat
1 0 70 0 100 -1 0 0 0 -1 0 0 0 1 2780.dat
1 0 -30 0 120 -1 0 0 0 -1 0 0 0 1 2780.dat
1 0 -30 0 100 -1 0 0 0 -1 0 0 0 1 2780.dat
0 STEP
1 71 80 0 20 -1 0 0 0 -1 0 0 0 1 55615.dat
1 71 -40 0 20 -1 0 0 0 -1 0 0 0 1 55615.dat
1 0 80 20 10 0 0 1 0 -1 0 1 0 0 2780.dat
1 0 -40 20 10 0 0 1 0 -1 0 1 0 0 2780.dat
1 72 80 0 100 0 0 -1 -1 0 0 0 1 0 42003.dat
1 72 -40 0 100 0 0 -1 -1 0 0 0 1 0 42003.dat
1 1 -40 10 80 0 0 -1 -1 0 0 0 1 0 43093.dat
1 1 80 10 80 0 0 -1 -1 0 0 0 1 0 43093.dat
1 0 100 40 20 -1 0 0 0 0 1 0 1 0 15100.dat
0 STEP
1 72 20 30 0 0 0 -1 -1 0 0 0 1 0 87083.dat
1 19 20 20 0 0 -1 0 0 0 -1 1 0 0 32269.dat
1 71 20 35 0 0 -1 0 0 0 -1 1 0 0 32123a.dat
1 0 -40 -20 20 0 0 -1 -1 0 0 0 1 0 32013.dat
1 0 80 -20 20 0 0 1 -1 0 0 0 -1 0 32013.dat
1 71 20 -20 20 1 0 0 0 0 1 0 -1 0 32073.dat
1 71 40 -20 20 0 0 -1 0 -1 0 -1 0 0 3713.dat
1 71 0 -20 20 0 0 1 0 -1 0 1 0 0 3713.dat
1 72 20 -20 20 0 1 0 1 0 0 0 0 -1 60483.dat
1 71 -100 0 0 0 0 1 1 0 0 0 1 0 32140.dat
1 71 140 0 0 0 0 -1 1 0 0 0 -1 0 32140.dat
1 4 -100 0 0 0 0 -1 0 -1 0 -1 0 0 32062.dat
1 4 -80 0 0 0 0 -1 0 -1 0 -1 0 0 32062.dat
1 4 120 0 0 0 0 -1 0 -1 0 -1 0 0 32062.dat
1 4 140 0 0 0 0 -1 0 -1 0 -1 0 0 32062.dat
1 0 120 20 0 0 0 -1 0 -1 0 -1 0 0 92907.dat
1 0 -80 20 0 0 0 1 0 -1 0 1 0 0 92907.dat
0 STEP
1 72 -20 -120 80 0 1 0 0 0 1 1 0 0 32525.dat
1 1 -10 -80 80 1 0 0 0 0 -1 0 1 0 43093.dat
1 71 20 -80 80 0 0 1 -1 0 0 0 -1 0 32034.dat
1 1 50 -80 80 -1 0 0 0 0 1 0 1 0 43093.dat
1 1 -10 -100 80 1 0 0 0 0 -1 0 1 0 43093.dat
1 71 0 -120 80 1 0 0 0 -1 0 0 0 -1 32184.dat
1 0 0 -120 90 0 0 1 0 -1 0 1 0 0 2780.dat
1 71 -20 -140 80 1 0 0 0 -1 0 0 0 -1 4519.dat
0 STEP
1 72 60 -120 80 0 1 0 0 0 1 1 0 0 32525.dat
1 1 50 -100 80 -1 0 0 0 0 -1 0 -1 0 43093.dat
1 71 40 -120 80 1 0 0 0 -1 0 0 0 -1 32184.dat
1 0 40 -120 90 0 0 1 0 -1 0 1 0 0 2780.dat
1 71 60 -140 80 1 0 0 0 -1 0 0 0 -1 4519.dat

0 FILE 42043 - powerFuncMotorL-1.ldr
0 powerFuncMotorL-1
0 !CATEGORY electric
0 Name: 42043 - powerFuncMotorL-1.ldr
0 !LDRAW_ORG Unofficial_Model
0 !LICENSE Redistributable under CCAL version 2.0 : see CAreadme.txt
0 !THEME Technic
0 !KEYWORDS flexible, power functions
0 !LDCAD CONTENT [type=path] [addFallBack=default] [looped=false] [displayKind=mm] [curveStep=0] [displayLenCor=0]

0 !LDCAD PATH_POINT [type=bezier] [posOri=0 0 130 1 0 0 0 0 1 0 -1 0] [prevCPDist=25] [nextCPDist=25] [cirR=20] [cirDir=xyCW] [prevYRoll=0] [nextYRoll=0]
0 !LDCAD PATH_POINT [type=bezier] [posOri=0 0 170 0.258819 0 -0.965926 0.965926 0 0.258819 0 -1 0] [prevCPDist=25] [nextCPDist=54.5] [cirR=20] [cirDir=xyCW] [prevYRoll=0] [nextYRoll=0]
0 !LDCAD PATH_POINT [type=bezier] [posOri=90 2 230 0 0 -1 1 0 0 0 -1 0] [prevCPDist=69] [nextCPDist=93] [cirR=20] [cirDir=xyCW] [prevYRoll=0] [nextYRoll=0]
0 !LDCAD PATH_POINT [type=bezier] [posOri=216 -15 305 0.258819 -0.965926 0 0.965926 0.258819 0 0 0 1] [prevCPDist=133.5] [nextCPDist=71.5] [cirR=20] [cirDir=xyCW] [prevYRoll=0] [nextYRoll=0]
0 !LDCAD PATH_POINT [type=bezier] [posOri=319 -40 320 0 0 -1 1 0 0 0 -1 0] [prevCPDist=30] [nextCPDist=25] [cirR=20] [cirDir=xyCW] [prevYRoll=0] [nextYRoll=0]

0 !LDCAD PATH_SKIN [donCol=0] [donOri=0 0 1 0 1 0 -1 0 0] [donPart=u9190.dat] [donYSize=100%] [donCen=absCen] [donCenYOfs=0] [donFinScale=none] [donPlace=refsStat] [donYAlign=0] [donInline=false] [segSize=70%] [segSizeTol=5%] [segsCnt=0] [segsGrp=0] [segsMaxMerge=1] [segsMrgAng=5] [segsMrgRollAng=0] [segsEdgeDelKind=keepFirstLeft]

0 !LDCAD PATH_CAP [group=start] [color=71] [posOri=0 0 0 1 0 0 0 1 0 0 0 1] [part=99499.dat] [extraLen=0mm]
0 !LDCAD PATH_CAP [group=end] [color=72] [posOri=326 -40 350 0 -1 0 0 0 1 -1 0 0] [part=58124c01.dat] [extraLen=0mm]

0 !LDCAD GENERATED [generator=LDCad 1.5 Beta 1b]
0 //This is the fallback LDraw content for above PATH configuration.
0 // Do not edit, any changes will be lost upon regeneration.
0 // The path is approx 190.51 mm (476.27) and exists out of 680 segments.

0 //Some general hints about the document.
0 UNOFFICIAL PART
0 BFC CERTIFY CCW

0 //Start cap reference(s)
1 71 0 0 0 1 0 0 0 1 0 0 0 1 99499.dat

0 //End cap reference(s)
1 72 326 -40 350 0 -1 0 0 0 1 -1 0 0 58124c01.dat

0 //Fixed color segments
0 // SkinMeta #1 is using a static color.
0 // To ensure correct edge colors those segments are placed in (a) subpart(s).
1 0 0 0 0 1 0 0 0 1 0 0 0 1 42043 - powerFuncMotorL-1_subPart1.ldr

0 FILE 42043 - powerFuncMotorL-1_subPart1.ldr
0 powerFuncMotorL-1_subPart1
0 !LDCAD GENERATED [generator=LDCad 1.5 Beta 1b] [master=42043 - powerFuncMotorL-1.ldr]
0 Name: 42043 - powerFuncMotorL-1_subPart1.ldr
0 Author: Philippe Hurbain [Philo]
0 !LDRAW_ORG Unofficial_Model
0 !LICENSE Redistributable under CCAL version 2.0 : see CAreadme.txt
0 !THEME Technic
0 //This is additional fallback LDraw content for the "powerFuncMotorL-1.ldr" PATH configuration.
0 // Do not edit, any changes will be lost upon regeneration.
0 // The path is approx 190.51 mm (476.27) and exists out of 680 segments.

0 //Some general hints about the document.
0 UNOFFICIAL PART
0 BFC CERTIFY CCW

0 //Segments
1 16 0 0 130.950401 0 0 1 -1 0 0 0 -1 0 u9190.dat
1 16 0 0 131.851204 0.017133 0 0.999853 -0.999853 0 0.017133 0 -1 0 u9190.dat
1 16 0 0 132.502006 0.034707 0 0.999398 -0.999398 0 0.034707 0 -1 0 u9190.dat
1 16 0 0 133.152809 0.052722 0 0.998609 -0.998609 0 0.052722 0 -1 0 u9190.dat
1 16 0 0 133.803612 0.071177 0 0.997464 -0.997464 0 0.071177 0 -1 0 u9190.dat
1 16 0 0 134.454414 0.090068 0 0.995936 -0.995936 0 0.090068 0 -1 0 u9190.dat
1 16 0 0 135.355217 0.109389 0 0.993999 -0.993999 0 0.109389 0 -1 0 u9190.dat
1 16 0 0 136.006019 0.129134 0 0.991627 -0.991627 0 0.129134 0 -1 0 u9190.dat
1 16 0 0 136.656822 0.149291 0 0.988793 -0.988793 0 0.149291 0 -1 0 u9190.dat
1 16 0 0 137.307624 0.169848 0 0.98547 -0.98547 0 0.169848 0 -1 0 u9190.dat
1 16 0 0 137.958427 0.190788 0 0.981631 -0.981631 0 0.190788 0 -1 0 u9190.dat
1 16 0 0 138.85923 0.212093 0 0.97725 -0.97725 0 0.212093 0 -1 0 u9190.dat
1 16 0 0 139.510032 0.233741 0 0.972299 -0.972299 0 0.233741 0 -1 0 u9190.dat
1 16 0 0 140.160835 0.255706 0 0.966755 -0.966755 0 0.255706 0 -1 0 u9190.dat
1 16 0 0 140.811637 0.27796 0 0.960593 -0.960593 0 0.27796 0 -1 0 u9190.dat
1 16 0 0 141.46244 0.300471 0 0.953791 -0.953791 0 0.300471 0 -1 0 u9190.dat
1 16 0 0 142.363242 0.323203 0 0.94633 -0.94633 0 0.323203 0 -1 0 u9190.dat
1 16 0 0 143.014045 0.346119 0 0.938191 -0.938191 0 0.346119 0 -1 0 u9190.dat
1 16 0 0 143.664848 0.369177 0 0.929359 -0.929359 0 0.369177 0 -1 0 u9190.dat
1 16 0 0 144.31565 0.392332 0 0.919824 -0.919824 0 0.392332 0 -1 0 u9190.dat
1 16 0 0 144.966453 0.415538 0 0.909576 -0.909576 0 0.415538 0 -1 0 u9190.dat
1 16 0 0 145.867255 0.438746 0 0.898611 -0.898611 0 0.438746 0 -1 0 u9190.dat
1 16 0 0 146.518058 0.461904 0 0.88693 -0.88693 0 0.461904 0 -1 0 u9190.dat
1 16 0 0 147.16886 0.484961 0 0.874536 -0.874536 0 0.484961 0 -1 0 u9190.dat
1 16 0 0 147.819663 0.507862 0 0.861438 -0.861438 0 0.507862 0 -1 0 u9190.dat
1 16 0 0 148.470466 0.530556 0 0.84765 -0.84765 0 0.530556 0 -1 0 u9190.dat
1 16 0 0 149.371268 0.552989 0 0.833189 -0.833189 0 0.552989 0 -1 0 u9190.dat
1 16 0 0 150.022071 0.575108 0 0.818078 -0.818078 0 0.575108 0 -1 0 u9190.dat
1 16 0 0 150.672873 0.596862 0 0.802344 -0.802344 0 0.596862 0 -1 0 u9190.dat
1 16 0 0 151.323676 0.618203 0 0.786019 -0.786019 0 0.618203 0 -1 0 u9190.dat
1 16 0 0 151.974478 0.639084 0 0.769137 -0.769137 0 0.639084 0 -1 0 u9190.dat
1 16 0 0 152.875281 0.659463 0 0.751737 -0.751737 0 0.659463 0 -1 0 u9190.dat
1 16 0 0 153.526084 0.679299 0 0.733861 -0.733861 0 0.679299 0 -1 0 u9190.dat
1 16 0 0 154.176886 0.698557 0 0.715554 -0.715554 0 0.698557 0 -1 0 u9190.dat
1 16 0 0 154.827689 0.717205 0 0.696862 -0.696862 0 0.717205 0 -1 0 u9190.dat
1 16 0 0 155.478491 0.735216 0 0.677833 -0.677833 0 0.735216 0 -1 0 u9190.dat
1 16 0 0 156.379294 0.752567 0 0.658516 -0.658516 0 0.752567 0 -1 0 u9190.dat
1 16 0 0 157.030096 0.76924 0 0.63896 -0.63896 0 0.76924 0 -1 0 u9190.dat
1 16 0 0 157.680899 0.785221 0 0.619215 -0.619215 0 0.785221 0 -1 0 u9190.dat
1 16 0 0 158.331702 0.800502 0 0.59933 -0.59933 0 0.800502 0 -1 0 u9190.dat
1 16 0 0 158.982504 0.815078 0 0.579351 -0.579351 0 0.815078 0 -1 0 u9190.dat
1 16 0 0 159.883307 0.828949 0 0.559325 -0.559325 0 0.828949 0 -1 0 u9190.dat
1 16 0 0 160.534109 0.842117 0 0.539296 -0.539296 0 0.842117 0 -1 0 u9190.dat
1 16 0 0 161.184912 0.854589 0 0.519305 -0.519305 0 0.854589 0 -1 0 u9190.dat
1 16 0 0 161.835714 0.866375 0 0.499393 -0.499393 0 0.866375 0 -1 0 u9190.dat
1 16 0 0 162.486517 0.877489 0 0.479597 -0.479597 0 0.877489 0 -1 0 u9190.dat
1 16 0 0 163.387319 0.887945 0 0.45995 -0.45995 0 0.887945 0 -1 0 u9190.dat
1 16 0 0 164.038122 0.897761 0 0.440483 -0.440483 0 0.897761 0 -1 0 u9190.dat
1 16 0 0 164.688925 0.906956 0 0.421225 -0.421225 0 0.906956 0 -1 0 u9190.dat
1 16 0 0 165.339727 0.915551 0 0.402202 -0.402202 0 0.915551 0 -1 0 u9190.dat
1 16 0 0 165.99053 0.923568 0 0.383436 -0.383436 0 0.923568 0 -1 0 u9190.dat
1 16 0 0 166.891332 0.931029 0 0.364946 -0.364946 0 0.931029 0 -1 0 u9190.dat
1 16 0 0 167.542135 0.937957 0 0.346751 -0.346751 0 0.937957 0 -1 0 u9190.dat
1 16 0 0 168.192937 0.944377 0 0.328864 -0.328864 0 0.944377 0 -1 0 u9190.dat
1 16 0 0 168.84374 0.950312 0 0.311299 -0.311299 0 0.950312 0 -1 0 u9190.dat
1 16 0 0 169.494543 0.955785 0 0.294065 -0.294065 0 0.955785 0 -1 0 u9190.dat
1 16 0 0 170.395345 0.960821 0 0.27717 -0.27717 0 0.960821 0 -1 0 u9190.dat
1 16 0.021864 0.000486 171.045852 0.964974 -0.031214 0.260483 -0.26063 -0.000694 0.965438 -0.029954 -0.999512 -0.008805 u9190.dat
1 16 0.028444 0.000632 171.696712 0.966118 -0.016762 0.257556 -0.257598 -0.000372 0.966252 -0.0161 -0.999859 -0.004678 u9190.dat
1 16 0.071057 0.001579 172.346227 0.964769 -0.062023 0.255684 -0.256259 -0.001378 0.966607 -0.059599 -0.998074 -0.017224 u9190.dat
1 16 0.099873 0.002219 172.996479 0.965787 -0.049868 0.254497 -0.254867 -0.001108 0.966975 -0.047939 -0.998755 -0.01378 u9190.dat
1 16 0.177464 0.003944 173.893947 0.963927 -0.084244 0.252484 -0.253538 -0.001872 0.967324 -0.081019 -0.996443 -0.023164 u9190.dat
1 16 0.233733 0.005194 174.542296 0.964116 -0.086306 0.251061 -0.252162 -0.001918 0.967683 -0.083035 -0.996267 -0.023612 u9190.dat
1 16 0.317592 0.007058 175.187785 0.961628 -0.115451 0.248881 -0.250845 -0.002566 0.968024 -0.111121 -0.99331 -0.031427 u9190.dat
1 16 0.400518 0.0089 175.833208 0.960675 -0.126586 0.247141 -0.249492 -0.002813 0.968373 -0.121887 -0.991952 -0.034285 u9190.dat
1 16 0.504305 0.011207 176.475676 0.958005 -0.149125 0.244924 -0.248177 -0.003314 0.968709 -0.143647 -0.988813 -0.040184 u9190.dat
1 16 0.659725 0.014661 177.362859 0.95488 -0.171332 0.242589 -0.24687 -0.003807 0.969041 -0.165104 -0.985206 -0.045932 u9190.dat
1 16 0.817252 0.018161 177.994641 0.942021 -0.236971 0.237572 -0.245779 -0.005266 0.969312 -0.228447 -0.971502 -0.063203 u9190.dat
1 16 0.942402 0.020942 178.633727 0.949078 -0.20633 0.238074 -0.244245 -0.004585 0.969703 -0.198987 -0.978472 -0.054747 u9190.dat
1 16 1.124955 0.024999 179.258675 0.932924 -0.275196 0.232205 -0.243225 -0.006115 0.969951 -0.265507 -0.961369 -0.07264 u9190.dat
1 16 1.305622 0.029014 179.883927 0.932801 -0.276835 0.230747 -0.241848 -0.006152 0.970295 -0.267192 -0.960898 -0.07269 u9190.dat
1 16 1.573993 0.034978 180.743709 0.927342 -0.296853 0.227847 -0.240588 -0.006597 0.970605 -0.286624 -0.9549 -0.077537 u9190.dat
1 16 1.793326 0.039852 181.356372 0.915664 -0.334217 0.223291 -0.239466 -0.007427 0.970876 -0.322825 -0.942467 -0.086834 u9190.dat
1 16 2.030126 0.045114 181.96256 0.908777 -0.354544 0.220053 -0.238236 -0.007879 0.971175 -0.342591 -0.935006 -0.091625 u9190.dat
1 16 2.304922 0.05122 182.552753 0.883665 -0.417369 0.211991 -0.237411 -0.009275 0.971365 -0.403451 -0.90869 -0.107284 u9190.dat
1 16 2.581957 0.057377 183.141614 0.881416 -0.423066 0.21005 -0.236076 -0.009401 0.971689 -0.409114 -0.90605 -0.108162 u9190.dat
1 16 2.983945 0.06631 183.947557 0.87144 -0.445108 0.206086 -0.234912 -0.009891 0.971966 -0.430591 -0.895422 -0.113181 u9190.dat
1 16 3.304534 0.073434 184.5138 0.849106 -0.489334 0.198924 -0.234022 -0.010874 0.97217 -0.473553 -0.872029 -0.123748 u9190.dat
1 16 3.644582 0.080991 185.068669 0.836629 -0.512117 0.194392 -0.232912 -0.01138 0.972431 -0.495787 -0.85884 -0.128799 u9190.dat
1 16 4.023993 0.089422 185.597788 0.795497 -0.577823 0.182498 -0.232437 -0.012841 0.972527 -0.559605 -0.816061 -0.144522 u9190.dat
1 16 4.405291 0.097895 186.125131 0.791939 -0.58335 0.180376 -0.231127 -0.012963 0.972837 -0.565166 -0.812118 -0.145094 u9190.dat
1 16 4.951776 0.110039 186.840923 0.776279 -0.60556 0.175178 -0.230085 -0.013457 0.973077 -0.5869 -0.795686 -0.149777 u9190.dat
1 16 5.405424 0.120121 187.308729 0.706722 -0.689998 0.156355 -0.23024 -0.015333 0.973013 -0.66898 -0.723648 -0.169701 u9190.dat
1 16 5.848226 0.129961 187.786196 0.713264 -0.6831 0.156934 -0.228702 -0.01518 0.973378 -0.662532 -0.730167 -0.167054 u9190.dat
1 16 6.305344 0.140119 188.249068 0.696625 -0.701217 0.151683 -0.227679 -0.015583 0.973611 -0.68035 -0.712777 -0.170508 u9190.dat
1 16 6.793691 0.150971 188.679822 0.663068 -0.734916 0.142269 -0.227031 -0.016331 0.973751 -0.713301 -0.677962 -0.177678 u9190.dat
1 16 7.490376 0.166453 189.25073 0.622646 -0.771416 0.131259 -0.226535 -0.017143 0.973852 -0.748995 -0.6361 -0.185427 u9190.dat
1 16 8.009641 0.177992 189.642787 0.592532 -0.796115 0.122909 -0.225809 -0.017691 0.974011 -0.77325 -0.604887 -0.190252 u9190.dat
1 16 8.538031 0.189734 190.022543 0.578541 -0.806985 0.118593 -0.224723 -0.017933 0.974258 -0.784085 -0.590299 -0.191723 u9190.dat
1 16 9.093498 0.202078 190.36208 0.516677 -0.85 0.102687 -0.224701 -0.018889 0.974245 -0.826168 -0.526444 -0.200755 u9190.dat
1 16 9.648685 0.214415 190.701494 0.513539 -0.852083 0.101151 -0.223373 -0.018935 0.974549 -0.828482 -0.523063 -0.200056 u9190.dat
1 16 10.428019 0.231734 191.152653 0.493287 -0.864607 0.095518 -0.222424 -0.019213 0.974761 -0.840949 -0.502082 -0.201787 u9190.dat
1 16 11.021394 0.24492 191.421238 0.412406 -0.907867 0.075491 -0.222822 -0.020175 0.97465 -0.88333 -0.418773 -0.210613 u9190.dat
1 16 11.608095 0.257958 191.703429 0.42225 -0.903186 0.077204 -0.221203 -0.020071 0.975021 -0.879076 -0.428781 -0.208262 u9190.dat
1 16 12.201523 0.271145 191.970029 0.40513 -0.911377 0.07254 -0.220182 -0.020253 0.975249 -0.88735 -0.411074 -0.208874 u9190.dat
1 16 12.807569 0.284613 192.20746 0.374417 -0.924997 0.064749 -0.219462 -0.020555 0.975404 -0.900915 -0.379418 -0.210698 u9190.dat
1 16 13.654023 0.303423 192.515128 0.33956 -0.93891 0.056089 -0.218834 -0.020865 0.975539 -0.914773 -0.343529 -0.212551 u9190.dat
1 16 14.271155 0.317137 192.721237 0.315373 -0.94765 0.049998 -0.217968 -0.021059 0.975729 -0.923596 -0.318617 -0.213199 u9190.dat
1 16 14.891175 0.330915 192.918538 0.305144 -0.951137 0.047182 -0.216791 -0.021136 0.975989 -0.927302 -0.308046 -0.212648 u9190.dat
1 16 15.519968 0.344888 193.086305 0.25966 -0.965015 0.036365 -0.216397 -0.021445 0.97607 -0.941142 -0.261316 -0.214395 u9190.dat
1 16 16.144227 0.358761 193.270188 0.273869 -0.960968 0.039195 -0.214675 -0.021355 0.976452 -0.937502 -0.275834 -0.212144 u9190.dat
1 16 17.020443 0.378232 193.47848 0.23269 -0.972102 0.029531 -0.214184 -0.021602 0.976554 -0.948673 -0.23356 -0.213235 u9190.dat
1 16 17.656255 0.392361 193.61657 0.21336 -0.976657 0.024871 -0.213206 -0.021703 0.976766 -0.953426 -0.213705 -0.21286 u9190.dat
1 16 18.293469 0.406522 193.7481 0.205646 -0.97836 0.022844 -0.211969 -0.021741 0.977034 -0.955395 -0.205765 -0.211853 u9190.dat
1 16 18.935027 0.420778 193.856937 0.170713 -0.985209 0.014847 -0.211337 -0.021894 0.977168 -0.96239 -0.169953 -0.211949 u9190.dat
1 16 19.576358 0.43503 193.966717 0.169884 -0.985359 0.014415 -0.209946 -0.021897 0.977468 -0.962841 -0.169082 -0.210592 u9190.dat
1 16 20.465588 0.454791 194.109113 0.159719 -0.98709 0.011957 -0.208762 -0.021935 0.97772 -0.964836 -0.158657 -0.20957 u9190.dat
1 16 21.110159 0.469115 194.197767 0.139367 -0.990214 0.007333 -0.207803 -0.022005 0.977923 -0.968191 -0.137814 -0.208836 u9190.dat
1 16 21.755641 0.483459 194.279552 0.131249 -0.991335 0.005391 -0.206572 -0.02203 0.978183 -0.969588 -0.1295 -0.207673 u9190.dat
1 16 22.40306 0.497846 194.344685 0.104523 -0.994522 -0.000484 -0.205754 -0.0221 0.978354 -0.973006 -0.102161 -0.206937 u9190.dat
1 16 23.050342 0.51223 194.410827 0.104166 -0.99456 -0.00071 -0.204349 -0.022101 0.978649 -0.97334 -0.101797 -0.205539 u9190.dat
1 16 23.946944 0.532154 194.495249 0.096675 -0.995313 -0.002431 -0.203102 -0.022118 0.978908 -0.974373 -0.094142 -0.204288 u9190.dat
1 16 24.595608 0.546569 194.545921 0.081864 -0.996627 -0.005653 -0.202017 -0.022147 0.979132 -0.975955 -0.079014 -0.203149 u9190.dat
1 16 25.244623 0.560992 194.591892 0.076241 -0.997065 -0.006931 -0.200727 -0.022157 0.979397 -0.976676 -0.073279 -0.201827 u9190.dat
1 16 25.894434 0.575432 194.62527 0.056219 -0.998356 -0.011147 -0.199757 -0.022186 0.979594 -0.978231 -0.052845 -0.200675 u9190.dat
1 16 26.543827 0.589863 194.665944 0.062677 -0.997985 -0.009909 -0.198197 -0.022177 0.979911 -0.978156 -0.059454 -0.199188 u9190.dat
1 16 27.44362 0.609858 194.703773 0.046447 -0.998833 -0.013278 -0.197141 -0.022196 0.980124 -0.979274 -0.042906 -0.197942 u9190.dat
