0 FILE 42066 - main.ldr
0 main
0 Name: 42066 - main.ldr
0 Author: Philippe Hurbain [Philo]
0 !LICENSE Redistributable under CCAL version 2.0 : see CAreadme.txt

1 72 0 -60 -20 0 1 0 0 0 1 1 0 0 60484.dat
1 1 20 -20 -20 1 0 0 0 0 1 0 -1 0 6558.dat
1 1 20 -60 -20 1 0 0 0 0 1 0 -1 0 6558.dat
1 71 20 -40 -20 1 0 0 0 -1 0 0 0 -1 48989.dat
1 15 20 -80 -5 -1 0 0 0 0 1 0 1 0 32065.dat
1 0 20 -70 5 -1 0 0 0 0 1 0 1 0 32063.dat
0 STEP
1 72 40 -60 -20 0 1 0 0 0 1 1 0 0 60484.dat
1 0 50 -40 -20 1 0 0 0 0 1 0 -1 0 2780.dat
1 0 20 -100 10 0 -1 0 0 0 1 -1 0 0 2780.dat
1 1 20 -80 0 0 -1 0 0 0 1 -1 0 0 6558.dat
1 71 20 -140 0 0 1 0 0 0 1 1 0 0 32054.dat
1 1 20 -140 -30 0 1 0 0 0 1 1 0 0 43093.dat
1 14 20 -140 5 0 0 1 -1 0 0 0 -1 0 32017.dat
0 STEP
1 72 20 -100 20 1 0 0 0 0 -1 0 1 0 60484.dat
1 0 0 -140 30 0 -1 0 0 0 1 -1 0 0 2780.dat
1 0 40 -140 30 0 -1 0 0 0 1 -1 0 0 2780.dat
1 71 20 -100 -20 0 0 -1 0 -1 0 -1 0 0 48989.dat
1 14 35 -120 -20 0 1 0 0 0 1 1 0 0 32017.dat
1 14 5 -120 -20 0 1 0 0 0 1 1 0 0 32017.dat
1 72 70 -100 -20 -1 0 0 0 -0.826 0.563 0 0.563 0.826 87083.dat
1 72 -30 -100 -20 1 0 0 0 -0.322 0.947 0 -0.947 -0.322 87083.dat
0 STEP
1 71 20 -40 -40 0 -1 0 0 0 1 -1 0 0 44294.dat
1 71 20 -43.075 9.447 -1 0 0 0 -1 0 0 0 1 42066 - powerFuncMotorM-LQ-1.ldr
1 71 40 -40 0 0 -1 0 0 0 -1 1 0 0 15100.dat
1 0 50 -40 0 1 0 0 0 0 1 0 -1 0 2780.dat
1 0 0 -40 10 0 -1 0 0 0 1 -1 0 0 2780.dat
1 72 0 -40 0 -1 0 0 0 0 1 0 1 0 18654.dat
0 STEP
1 15 20 -80 -35 -1 0 0 0 0 1 0 1 0 32065.dat
1 70 20 -80 -75 0 1 0 0 0 1 1 0 0 15462.dat
1 0 20 -70 -45 -1 0 0 0 0 1 0 1 0 32063.dat
1 14 20 -140 -45 0 0 1 -1 0 0 0 -1 0 32017.dat
1 71 45 -120 -20 0 1 0 0 0 1 1 0 0 99773.dat
1 14 80 -120 20 1 0 0 0 0 1 0 -1 0 32073.dat
1 19 70 -120 -60 1 0 0 0 0 -1 0 1 0 99008.dat
1 72 60 -120 20 1 0 0 0 -1 0 0 0 -1 6536.dat
1 72 60 -120 -60 1 0 0 0 -1 0 0 0 -1 6536.dat
1 71 35 -120 20 0 0 -1 0 -1 0 -1 0 0 32123a.dat
0 STEP
1 15 20 -80 -60 -1 0 0 0 -1 0 0 0 1 76019.dat
1 72 20 -40 -60 -1 0 0 0 -1 0 0 0 1 10928.dat
1 4 20 -40 -80 -1 0 0 0 -1 0 0 0 1 3713.dat
1 0 20 -80 -80 -1 0 0 0 -1 0 0 0 1 32270.dat
1 4 20 -120 -70 0 0 1 0 1 0 -1 0 0 3737.dat
1 19 20 -120 -80 -1 0 0 0 1 0 0 0 -1 32269.dat
0 STEP
1 71 20 -100 -100 0 0 -1 0 -1 0 -1 0 0 48989.dat
1 1 20 -100 -100 1 0 0 0 0 1 0 -1 0 6558.dat
1 71 0 -60 -100 0 -1 0 0 0 1 -1 0 0 32316.dat
1 0 20 -60 -100 -1 0 0 0 0 1 0 1 0 18651.dat
1 0 20 -40 -100 -1 0 0 0 -1 0 0 0 1 32184.dat
1 71 20 -20 -100 -1 0 0 0 -1 0 0 0 1 44294.dat
1 71 40 -60 -100 0 -1 0 0 0 1 -1 0 0 32316.dat
1 0 50 -40 -100 1 0 0 0 0 1 0 -1 0 2780.dat
1 71 -10 -120 -100 -1 0 0 0 -1 0 0 0 1 62462.dat
1 71 50 -120 -100 -1 0 0 0 -1 0 0 0 1 62462.dat
0 STEP
1 72 60 -40 -40 0 1 0 -1 0 0 0 0 1 32524.dat
1 71 -5 -120 -20 0 -1 0 0 0 1 -1 0 0 99773.dat
1 14 -40 -120 20 1 0 0 0 0 1 0 -1 0 32073.dat
1 19 -30 -120 -60 -1 0 0 0 0 1 0 1 0 99008.dat
1 72 -20 -120 20 1 0 0 0 -1 0 0 0 -1 6536.dat
1 72 -20 -120 -60 1 0 0 0 -1 0 0 0 -1 6536.dat
1 71 5 -120 20 0 0 1 0 -1 0 1 0 0 32123a.dat
0 STEP
1 72 60 -100 -20 0 0 -1 -0.826 0.563 0 0.563 0.826 0 3648b.dat
1 72 -20 -100 -20 0 0 -1 -0.947 0.322 0 0.322 0.947 0 3648b.dat
1 72 -40 -120 20 -1 0 0 0 1 0 0 0 -1 6536.dat
1 72 80 -120 20 -1 0 0 0 1 0 0 0 -1 6536.dat
0 STEP
1 0 -10 -20 -40 -1 0 0 0 0 1 0 1 0 2780.dat
1 0 -10 -20 0 -1 0 0 0 0 1 0 1 0 2780.dat
1 0 -20 -23.075 39.447 0 -1 0 -1 0 0 0 0 -1 32278.dat
1 14 -40 -23.075 139.447 1 0 0 0 0.797 0.605 0 -0.605 0.797 32073.dat
1 4 -40 -23.075 139.447 0 0 1 -0.96 -0.283 0 0.283 -0.96 0 3713.dat
1 15 20 -23.075 139.447 0 0 1 -0.798 -0.606 0 0.606 -0.798 0 18948.dat
1 14 80 -20 140 1 0 0 0 0.798 0.606 0 -0.606 0.798 32073.dat
0 STEP
1 15 -35 -71.593 -29.646 0 -1 0 -0.322 0 0.947 -0.947 0 -0.322 32449.dat
1 15 -45 -71.593 -29.646 0 -1 0 -0.322 0 0.947 -0.947 0 -0.322 32449.dat
1 19 -30 -43.186 -39.292 -1 0 0 0 0.322 0.947 0 0.947 -0.322 3749.dat
1 0 -20 -51.593 60.354 0 -1 0 -0.996 0 0.084 -0.084 0 -0.996 32525.dat
1 0 -70 -100 -20 0 0 -1 -0.947 0.322 0 0.322 0.947 0 59443.dat
1 4 -90 -100 -20 -1 0 0 0 0.322 0.947 0 0.947 -0.322 32062.dat
0 STEP
1 14 40 -23.075 179.447 1 0 0 0 1 0 0 0 1 60485.dat
1 71 -5 -63.075 179.447 0 -1 0 0 0 1 -1 0 0 32056.dat
1 71 5 -63.075 179.447 0 -1 0 0 0 1 -1 0 0 32056.dat
1 71 20 -43.075 179.447 -1 0 0 0 -1 0 0 0 1 42003.dat
1 4 40 -23.075 179.447 0 0 1 0 -1 0 1 0 0 3713.dat
1 0 20 -43.075 189.447 0 -1 0 0 0 1 -1 0 0 2780.dat
1 71 -10 -60 160 -1 0 0 0 0.996 0.084 0 0.084 -0.996 3673.dat
0 STEP
1 0 -30 -20 20 -1 0 0 0 0 1 0 1 0 2780.dat
1 0 -30 -20 60 -1 0 0 0 0 1 0 1 0 2780.dat
1 71 -60 -20 -100 -1 0 0 0 0 1 0 1 0 32054.dat
1 1 -30 -20 -60 -1 0 0 0 0 1 0 1 0 43093.dat
1 1 -30 -20 -20 -1 0 0 0 0 1 0 1 0 43093.dat
1 71 -60 -20 -60 -1 0 0 0 0 1 0 1 0 32054.dat
1 71 -60 -20 -20 -1 0 0 0 0 1 0 1 0 32054.dat
1 72 -40 -60 40 0 1 0 0 0 1 1 0 0 60484.dat
1 0 -50 -20 40 -1 0 0 0 0 1 0 1 0 2780.dat
1 0 -50 -60 40 1 0 0 0 0 -1 0 1 0 6628.dat
0 STEP
1 72 -60 -20 -60 0 -1 0 -1 0 0 0 0 -1 32526.dat
1 0 -60 -20 20 0 -1 0 -1 0 0 0 0 -1 32316.dat
1 1 -60 -20 -120 1 0 0 0 0 1 0 -1 0 6558.dat
1 0 -80 -20 -260 0 -1 0 1 0 0 0 0 1 32278.dat
1 0 -70 -20 -140 -1 0 0 0 0 1 0 1 0 2780.dat
1 71 -80 -20 -200 -1 0 0 0 0 1 0 1 0 32054.dat
1 0 -90 -20 -240 -1 0 0 0 0 1 0 1 0 2780.dat
1 1 -100 -20 -320 -1 0 0 0 0 -1 0 -1 0 6558.dat
0 STEP
1 71 -40 0 -120 0 -1 0 0 0 -1 1 0 0 60483.dat
1 72 -20 0 -120 1 0 0 0 0 -1 0 1 0 42066 - 27940.dat
1 0 0 -20 -120 1 0 0 0 1 0 0 0 1 32184.dat
1 71 20 -40 -120 1 0 0 0 1 0 0 0 1 4519.dat
1 4 20 -40 -120 0 0 1 0 -1 0 1 0 0 3713.dat
1 0 40 -20 -120 1 0 0 0 1 0 0 0 1 32184.dat
1 72 60 0 -120 1 0 0 0 0 -1 0 1 0 42066 - 27940.dat
1 0 0 -20 -130 0 0 1 0 -1 0 1 0 0 2780.dat
1 0 40 -20 -130 0 0 1 0 -1 0 1 0 0 2780.dat
1 0 20 -20 -140 0 0 1 -1 0 0 0 -1 0 32523.dat
1 1 -20 0 -130 0 0 1 0 1 0 -1 0 0 43093.dat
1 1 60 0 -130 0 0 1 0 1 0 -1 0 0 43093.dat
1 71 80 0 -120 0 -1 0 0 0 -1 1 0 0 60483.dat
0 STEP
1 0 50 -20 0 1 0 0 0 0 1 0 -1 0 2780.dat
1 0 50 -20 -40 1 0 0 0 0 1 0 -1 0 2780.dat
1 0 60 -23.075 39.447 0 -1 0 -1 0 0 0 0 -1 32278.dat
1 0 70 -20 20 1 0 0 0 0 1 0 -1 0 2780.dat
1 0 70 -20 60 1 0 0 0 0 1 0 -1 0 2780.dat
1 72 80 -63.075 39.447 0 -1 0 0 0 1 -1 0 0 60484.dat
1 71 100 -20 -100 1 0 0 0 0 1 0 -1 0 32054.dat
1 0 90 -20 40 1 0 0 0 0 1 0 -1 0 2780.dat
0 STEP
1 1 70 -20 -60 1 0 0 0 1 0 0 0 1 43093.dat
1 1 70 -20 -20 1 0 0 0 1 0 0 0 1 43093.dat
1 71 100 -20 -60 1 0 0 0 0 1 0 -1 0 32054.dat
1 71 100 -20 -20 1 0 0 0 0 1 0 -1 0 32054.dat
1 0 100 -20 20 0 -1 0 -1 0 0 0 0 -1 32316.dat
0 STEP
1 1 -80 -20 -340 -1 0 0 0 0 -1 0 -1 0 6558.dat
1 71 -60 -20 -360 -1 0 0 0 0 1 0 1 0 32054.dat
1 0 -60 -80 -360 0 1 0 0 0 1 1 0 0 32140.dat
1 71 20 -20 -360 1 0 0 0 1 0 0 0 1 44294.dat
1 71 100 -20 -360 1 0 0 0 0 -1 0 1 0 32054.dat
1 72 -30 -60 -360 -1 0 0 0 0.07 -0.998 0 -0.998 -0.07 87083.dat
1 4 -40 -60 -360 0 0 1 -0.07 -0.998 0 0.998 -0.07 0 3713.dat
1 71 -25 -60 -360 0 -1 0 -0.998 0 0.07 -0.07 0 -0.998 32056.dat
1 71 -15 -60 -360 0 -1 0 -0.998 0 0.07 -0.07 0 -0.998 32056.dat
1 19 -30 -99.903 -362.79 1 0 0 0 0.998 -0.07 0 0.07 0.998 3749.dat
1 19 -30 -57.21 -399.903 1 0 0 0 0.998 -0.07 0 0.07 0.998 3749.dat
0 STEP
1 0 10 -60 -360 0 0 1 0.998 -0.07 0 0.07 0.998 0 59443.dat
1 71 40 -60 -360 -1 0 0 0 -0.07 0.998 0 0.998 0.07 4519.dat
1 0 70 -60 -360 0 0 1 0.998 -0.07 0 0.07 0.998 0 59443.dat
1 19 90 -60 -360 -1 0 0 0 -0.998 -0.07 0 -0.07 0.998 3749.dat
1 72 100 -20 -280 0 -1 0 -1 0 0 0 0 -1 32526.dat
1 1 120 -20 -340 1 0 0 0 0 1 0 -1 0 6558.dat
1 0 110 -20 -280 -1 0 0 0 0 1 0 1 0 2780.dat
0 STEP
1 4 -90 -60 -140 -1 0 0 0 -0.81 0.587 0 0.587 0.81 3706.dat
1 0 -30 -60 -140 0 0 1 0.587 -0.81 0 0.81 0.587 0 59443.dat
1 14 20 -60 -140 -1 0 0 0 -0.81 0.587 0 0.587 0.81 32073.dat
1 0 70 -60 -140 0 0 1 0.587 -0.81 0 0.81 0.587 0 59443.dat
1 4 130 -60 -140 -1 0 0 0 -0.81 0.587 0 0.587 0.81 3706.dat
1 4 -80 -60 -140 0 0 1 -0.81 -0.587 0 0.587 -0.81 0 3713.dat
1 72 100 -20 -60 0 -1 0 -1 0 0 0 0 -1 32526.dat
1 1 100 -20 -120 -1 0 0 0 0 -1 0 -1 0 6558.dat
1 0 110 -20 -140 -1 0 0 0 0 1 0 1 0 2780.dat
0 STEP
1 15 75 -75.214 -36.901 0 1 0 0.563 0 0.826 0.826 0 -0.563 32449.dat
1 15 85 -75.214 -36.901 0 1 0 0.563 0 0.826 0.826 0 -0.563 32449.dat
1 19 90 -50.428 -53.802 -1 0 0 0 -0.826 0.563 0 0.563 0.826 3749.dat
1 72 100 -70.994 -110.167 0 1 0 -0.939 0 0.343 0.343 0 0.939 32524.dat
0 STEP
1 0 110 -100 -20 0 0 1 0.826 0.563 0 -0.563 0.826 0 59443.dat
1 4 130 -100 -20 -1 0 0 0 0.563 0.826 0 0.826 -0.563 32062.dat
1 72 120 -20 -100 0 1 0 -1 0 0 0 0 1 32526.dat
1 0 120 -20 -260 0 -1 0 1 0 0 0 0 1 32278.dat
1 1 140 -20 -320 1 0 0 0 0 1 0 -1 0 6558.dat
1 0 130 -20 -240 -1 0 0 0 0 1 0 1 0 2780.dat
1 0 130 -20 -200 -1 0 0 0 0 1 0 1 0 2780.dat
0 STEP
1 4 120 -79.83 -150.334 0 -1 0 -0.81 0 -0.587 0.587 0 -0.81 41678.dat
1 4 120 -79.83 -150.334 0 0 -1 -0.81 0.587 0 0.587 0.81 0 32062.dat
1 72 120 -79.83 -150.334 0 0 1 -0.81 -0.587 0 0.587 -0.81 0 6536.dat
1 19 120 -91.56 -166.532 -1 0 0 0 -0.419 -0.908 0 -0.908 0.419 32556.dat
1 0 130 -76.199 -128.27 -1 0 0 0 -0.995 0.103 0 0.103 0.995 2780.dat
1 0 140 -60 -140 0 -1 0 0.587 0 -0.81 0.81 0 0.587 32140.dat
1 0 130 -92.398 -116.539 1 0 0 0 0.866 0.5 0 -0.5 0.866 6628.dat
1 71 150 -108.596 -104.809 1 0 0 0 0.587 -0.81 0 0.81 0.587 3673.dat
0 STEP
1 72 140 -60 -220 0 -1 0 0 0 1 -1 0 0 60484.dat
1 19 140 -60 -220 -1 0 0 0 -0.663 0.749 0 0.749 0.663 32556.dat
1 71 120 -74.974 -233.258 0 1 0 -0.663 0 0.749 0.749 0 0.663 32316.dat
1 71 140 -90.754 -206.524 0 1 0 1 0 0.02 0.02 0 -1 32316.dat
1 71 130 -89.948 -246.516 -1 0 0 0 0.749 0.663 0 0.663 -0.749 3673.dat
1 19 110 -45.026 -206.742 -1 0 0 0 0.672 -0.741 0 -0.741 -0.672 3749.dat
1 0 100 -83.893 -306.788 0 -1 0 0.996 0 -0.093 0.093 0 0.996 32348.dat
1 0 90 -89.471 -247.048 -1 0 0 0 -0.093 0.996 0 0.996 0.093 2780.dat
1 1 90 -83.893 -306.788 1 0 0 0 -0.093 -0.996 0 0.996 -0.093 43093.dat
0 STEP
1 71 160 -80 -180 0 1 0 -1 0 0 0 0 1 14720.dat
1 0 170 -100 -220 -1 0 0 0 0 1 0 1 0 2780.dat
1 0 170 -100 -140 -1 0 0 0 0 1 0 1 0 2780.dat
0 STEP
1 0 -35 -99.903 -312.79 0 1 0 1 0 0 0 0 -1 32063.dat
1 0 -45 -99.903 -312.79 0 1 0 1 0 0 0 0 -1 32063.dat
1 19 -40 -99.903 -262.79 -1 0 0 0 1 0 0 0 -1 32556.dat
1 15 -60 -99.903 -182.79 0 -1 0 -1 0 0 0 0 -1 40490.dat
1 0 -50 -99.903 -142.79 -1 0 0 0 0 1 0 1 0 2780.dat
1 0 -50 -99.903 -102.79 -1 0 0 0 0 1 0 1 0 2780.dat
1 72 -40 -89.903 -122.79 0 0 1 -1 0 0 0 -1 0 32291.dat
1 4 -40 -89.903 -122.79 0 -1 0 -1 0 0 0 0 -1 41678.dat
1 4 -40 -89.903 -122.79 0 -1 0 -1 0 0 0 0 -1 32062.dat
1 0 -50 -79.903 -102.79 -1 0 0 0 0 1 0 1 0 2780.dat
1 0 -50 -79.903 -142.79 -1 0 0 0 0 1 0 1 0 2780.dat
1 71 -60 -79.903 -22.79 0 1 0 -1 0 0 0 0 1 41239.dat
1 71 -80 -100 -240 1 0 0 0 0 1 0 -1 0 15100.dat
1 71 -50 -79.903 97.21 -1 0 0 0 0.998 -0.068 0 -0.068 -0.998 3673.dat
1 72 -40 -67.773 176.354 0 1 0 0.989 0 -0.151 -0.151 0 -0.989 32526.dat
1 0 -60 -23.075 139.447 0 -1 0 0.606 0 -0.798 0.798 0 0.606 32140.dat
1 19 -60 -67.832 176.324 1 0 0 0 0.42 -0.909 0 0.909 0.42 32556.dat
1 1 -70 -55.724 192.268 -1 0 0 0 -1.001 -0.027 0 -0.027 1.001 4274.dat
0 STEP
1 72 -80 -20 -100 0 1 0 -1 0 0 0 0 1 32526.dat
1 0 -100 -60 -140 0 -1 0 0.587 0 -0.81 0.81 0 0.587 32140.dat
1 71 -110 -108.596 -104.809 1 0 0 0 0.103 -0.995 0 0.995 0.103 3673.dat
1 0 -90 -92.398 -116.539 -1 0 0 0 -0.103 -0.995 0 -0.995 0.103 6628.dat
0 STEP
1 72 -100 -60 -220 0 -1 0 0 0 1 -1 0 0 60484.dat
1 1 -100 -60 -220 -1 0 0 0 0 1 0 1 0 6558.dat
1 71 -80 -80 -220 0 0 -1 0 1 0 1 0 0 42003.dat
1 71 -100 -80 -220 1 0 0 0 0 -1 0 1 0 87082.dat
1 71 -120 -80 -180 0 1 0 -1 0 0 0 0 1 14720.dat
1 0 -130 -100 -220 -1 0 0 0 0 1 0 1 0 2780.dat
1 0 -130 -100 -140 -1 0 0 0 0 1 0 1 0 2780.dat
1 14 -80 -100 -260 0 0 -1 0 1 0 1 0 0 32073.dat
0 STEP
1 19 80 -23.075 139.447 0 0 -1 0.764 -0.646 0 -0.646 -0.764 0 32269.dat
1 0 80 -23.075 179.447 0 0 -1 1 0 0 0 -1 0 32270.dat
1 0 -50 -23.075 179.447 0 0 -1 -1 0 0 0 1 0 59443.dat
1 19 -70 -23.075 179.447 1 0 0 0 1 0 0 0 1 3749.dat
1 72 -80 -23.075 119.447 0 1 0 -1 0 0 0 0 1 32524.dat
1 71 -80 -20 60 1 0 0 0 1 0 0 0 1 32054.dat
1 1 -110 -20 60 1 0 0 0 1 0 0 0 1 43093.dat
0 STEP
1 0 -40 -100 30 0 -1 0 0 0 1 -1 0 0 2780.dat
1 0 80 -100 30 0 -1 0 0 0 1 -1 0 0 2780.dat
1 0 20 -100 40 0 0 1 1 0 0 0 1 0 32525.dat
1 71 -80 -100 60 0 1 0 0 0 -1 -1 0 0 87082.dat
1 71 120 -100 60 0 1 0 0 0 -1 -1 0 0 87082.dat
1 0 -130 -100 60 -1 0 0 0 0.026 -1 0 -1 -0.026 3707.dat
1 0 170 -100 60 -1 0 0 0 0.026 -1 0 -1 -0.026 3707.dat
1 0 90 -100 60 0 0 -1 -1 -0.026 0 -0.026 1 0 59443.dat
1 0 -50 -100 60 0 0 -1 -1 -0.026 0 -0.026 1 0 59443.dat
1 71 20 -100 60 1 0 0 0 1 -0.026 0 0.026 1 44294.dat
1 4 140 -100 60 0 0 -1 0.026 -1 0 -1 -0.026 0 3713.dat
0 STEP
1 0 -100 -100 60 0 -1 0 0.026 0 1 -1 0 0.026 32140.dat
1 71 -90 -40.02 61.541 -1 0 0 0 0.998 -0.068 0 -0.068 -0.998 3673.dat
1 72 -80 -52.921 120.137 0 1 0 -0.977 0 -0.215 -0.215 0 0.977 32524.dat
0 STEP
1 1 80 -120 -100 1 0 0 0 0 1 0 -1 0 6558.dat
1 0 80 -120 -100 0 -1 0 -1 0 0 0 0 -1 32525.dat
1 1 100 -120 0 1 0 0 0 0 1 0 -1 0 6558.dat
1 0 90 -120 -200 -1 0 0 0 0 1 0 1 0 2780.dat
1 71 100 -120 20 0 1 0 1 0 0 0 0 -1 41239.dat
1 0 110 -120 -80 -1 0 0 0 0 1 0 1 0 2780.dat
1 0 110 -120 -40 -1 0 0 0 0 1 0 1 0 2780.dat
1 0 110 -120 40 -1 0 0 0 0 1 0 1 0 2780.dat
1 72 120 -80 -60 0 1 0 0 0 -1 -1 0 0 60484.dat
1 72 120 -80 20 0 1 0 0 0 -1 -1 0 0 60484.dat
1 1 100 -120 120 1 0 0 0 0 1 0 -1 0 6558.dat
1 0 80 -120 120 0 -1 0 -1 0 0 0 0 -1 32523.dat
1 72 30 -120 140 1 0 0 0 0.242 -0.97 0 0.97 0.242 55013.dat
1 15 65 -90.924 132.731 0 1 0 -0.242 0 -0.969 -0.969 0 0.242 32449.dat
1 15 55 -90.924 132.731 0 1 0 -0.242 0 -0.969 -0.969 0 0.242 32449.dat
1 19 70 -64.921 124.91 -1 0 0 0 -0.242 -0.969 0 -0.969 0.242 3749.dat
1 71 40 -139.385 144.846 -1 0 0 0 -0.969 0.242 0 0.242 0.969 42003.dat
1 4 20 -120 140 0 0 -1 -0.242 -0.969 0 -0.969 0.242 0 3713.dat
1 71 0 -139.385 144.846 -1 0 0 0 -0.969 0.242 0 0.242 0.969 42003.dat
1 4 -20 -120 140 0 0 -1 -0.242 -0.969 0 -0.969 0.242 0 3713.dat
1 0 120 -120 100 0 -1 0 1 0 0 0 0 1 32140.dat
1 4 90 -120 100 -1 0 0 0 0 1 0 1 0 3706.dat
1 0 20 -120 100 0 0 -1 -1 0 0 0 1 0 32034.dat
1 71 20 -130 100 0 0 -1 -1 0 0 0 1 0 3673.dat
1 4 -50 -120 100 -1 0 0 0 0 1 0 1 0 3706.dat
1 4 60 -120 100 0 0 1 0 -1 0 1 0 0 3713.dat
1 4 -20 -120 100 0 0 1 0 -1 0 1 0 0 3713.dat
1 71 100 -23.075 139.447 0 -1 0 0.605 0 -0.797 0.797 0 0.605 42066 - 33299a.dat
1 0 80 -59.906 144.274 0 -1 0 -0.969 0 -0.248 0.248 0 -0.969 32523.dat
1 71 120 -20 60 -1 0 0 0 0 -1 0 -1 0 32054.dat
1 72 120 -20 120 0 -1 0 1 0 0 0 0 1 32524.dat
1 1 150 -20 60 -1 0 0 0 -1 0 0 0 1 43093.dat
1 1 100 -54.946 163.652 -1 0 0 0 -1 -0.023 0 -0.023 1 43093.dat
0 STEP
1 1 130 -100 20 1 0 0 0 1 0 0 0 1 43093.dat
1 1 130 -100 -60 1 0 0 0 1 0 0 0 1 43093.dat
1 71 135 -100 -20 0 -1 0 0 0 1 -1 0 0 99773.dat
1 71 145 -100 -20 0 -1 0 0 0 1 -1 0 0 99773.dat
1 0 150 -100 -40 -1 0 0 0 0 1 0 1 0 2780.dat
1 0 150 -100 0 -1 0 0 0 0 1 0 1 0 2780.dat
1 0 150 -80 -20 -1 0 0 0 0 1 0 1 0 2780.dat
1 1 140 -60 -20 -1 0 0 0 0 -1 0 -1 0 6558.dat
1 72 160 -100 0 0 -1 0 1 0 0 0 0 1 32524.dat
0 STEP
1 1 -40 -120 -100 -1 0 0 0 0 -1 0 -1 0 6558.dat
1 0 -40 -120 -100 0 1 0 1 0 0 0 0 -1 32525.dat
1 1 -60 -120 0 -1 0 0 0 0 -1 0 -1 0 6558.dat
1 0 -50 -120 -200 -1 0 0 0 0 1 0 1 0 2780.dat
1 71 -60 -120 20 0 -1 0 -1 0 0 0 0 -1 41239.dat
1 0 -70 -120 -80 -1 0 0 0 0 1 0 1 0 2780.dat
1 0 -70 -120 -40 -1 0 0 0 0 1 0 1 0 2780.dat
1 0 -70 -120 40 -1 0 0 0 0 1 0 1 0 2780.dat
1 72 -80 -80 -60 0 -1 0 0 0 -1 1 0 0 60484.dat
1 72 -80 -80 20 0 -1 0 0 0 -1 1 0 0 60484.dat
1 1 -60 -120 120 -1 0 0 0 0 -1 0 -1 0 6558.dat
1 0 -40 -120 120 0 1 0 1 0 0 0 0 -1 32523.dat
1 0 -80 -120 100 0 -1 0 1 0 0 0 0 1 32140.dat
0 STEP
1 71 -95 -100 -20 0 1 0 0 0 1 1 0 0 99773.dat
1 1 -90 -100 20 -1 0 0 0 1 0 0 0 -1 43093.dat
1 1 -90 -100 -60 -1 0 0 0 1 0 0 0 -1 43093.dat
1 71 -105 -100 -20 0 1 0 0 0 1 1 0 0 99773.dat
1 0 -110 -100 -40 -1 0 0 0 0 1 0 1 0 2780.dat
1 0 -110 -100 0 -1 0 0 0 0 1 0 1 0 2780.dat
1 0 -110 -80 -20 -1 0 0 0 0 1 0 1 0 2780.dat
1 1 -100 -60 -20 1 0 0 0 0 1 0 -1 0 6558.dat
1 72 -120 -100 0 0 1 0 -1 0 0 0 0 1 32524.dat
0 STEP
1 19 -100 -40 -20 1 0 0 0 0.251 -0.968 0 0.968 0.251 32556.dat
1 15 -100 -30.25 -99.404 0 1 0 -0.993 0 -0.122 -0.122 0 0.993 40490.dat
1 15 -130 -20.501 -178.807 0 0 1 -0.993 0.122 0 -0.122 -0.993 0 55982.dat
1 0 -130 -20.501 -178.807 0 0 1 -0.993 0.122 0 -0.122 -0.993 0 58090.dat
1 71 -110 -32.688 -79.553 1 0 0 0 0.98 0.201 0 -0.201 0.98 3673.dat
1 71 -120 -70.642 -92.181 0 1 0 0.316 0 -0.949 -0.949 0 -0.316 32316.dat
1 70 -120 -20.501 -178.807 1 0 0 0 -0.122 -0.993 0 0.993 -0.122 42066 - 24316.dat
1 71 -135 -20.501 -178.807 0 0 -1 -0.993 -0.122 0 -0.122 0.993 0 32123a.dat
1 71 -120 -60 0 0 0 -1 1 0 0 0 -1 0 63869.dat
1 4 -120 -70 0 0 0 -1 1 0 0 0 -1 0 32062.dat
1 0 -140 -80 0 0 1 0 1 0 0 0 0 -1 32184.dat
1 19 140 -40 -20 -1 0 0 0 0.251 0.968 0 0.968 -0.251 32556.dat
1 15 140 -30.25 -99.404 0 -1 0 0.993 0 -0.122 0.122 0 0.993 40490.dat
1 15 170 -20.501 -178.807 0 0 -1 0.993 0.122 0 0.122 -0.993 0 55982.dat
1 0 170 -20.501 -178.807 0 0 -1 0.993 0.122 0 0.122 -0.993 0 58090.dat
1 71 150 -32.688 -79.553 1 0 0 0 0.98 0.201 0 -0.201 0.98 3673.dat
1 71 160 -70.642 -92.181 0 -1 0 -0.316 0 -0.949 0.949 0 -0.316 32316.dat
1 70 160 -20.49 -178.844 -1 0 0 0 0.122 0.993 0 0.993 -0.122 42066 - 24316.dat
1 71 175 -20.501 -178.807 0 0 1 0.993 -0.122 0 0.122 0.993 0 32123a.dat
1 71 160 -60 0 0 0 1 -1 0 0 0 -1 0 63869.dat
1 4 160 -70 0 0 0 1 -1 0 0 0 -1 0 32062.dat
1 0 180 -80 0 0 -1 0 -1 0 0 0 0 -1 32184.dat
0 STEP
1 0 -90 -20 160 -1 0 0 0 0 1 0 1 0 2780.dat
1 1 -100 -100 160 -1 0 0 0 0 -1 0 -1 0 6558.dat
1 0 -100 -60 240 0 1 0 0 0 -1 -1 0 0 18945.dat
1 0 -110 -60 160 -1 0 0 0 0 1 0 1 0 2780.dat
1 0 -120 -80 160 0 1 0 0 0 1 1 0 0 32523.dat
1 0 -100 -100 350 0 -1 0 0 0 1 -1 0 0 2780.dat
1 0 -100 -60 350 0 -1 0 0 0 1 -1 0 0 2780.dat
0 STEP
1 71 -140 -100 60 0 1 0 0 0 -1 -1 0 0 87082.dat
1 71 -140 -80 40 0 0 -1 0 -1 0 -1 0 0 48989.dat
1 4 -130 -80 40 -1 0 0 0 -1 0 0 0 1 32062.dat
1 0 -120 -80 40 0 1 0 0 0 1 1 0 0 32140.dat
1 72 -140 -20 40 -1 0 0 0 0 1 0 1 0 11214.dat
1 72 -140 -20 40 0 1 0 0 0 1 1 0 0 18654.dat
1 71 -120 -100 80 0 0 -1 1 0 0 0 -1 0 32316.dat
1 0 -160 -100 90 0 1 0 0 0 1 1 0 0 2780.dat
0 STEP
1 0 130 -20.026 162.054 -1 0 0 0 -0.026 1 0 1 0.026 2780.dat
1 1 140 -100 160 1 0 0 0 0.026 1 0 -1 0.026 6558.dat
1 0 140 -62.067 241.001 0 1 0 0.026 0 -1 -1 0 -0.026 18945.dat
1 0 150 -60.013 161.027 -1 0 0 0 -0.026 1 0 1 0.026 2780.dat
1 0 160 -80.007 160.514 0 -1 0 0.026 0 1 -1 0 0.026 32523.dat
1 0 140 -64.892 350.964 0 -1 0 0.026 0 1 -1 0 0.026 2780.dat
1 0 140 -104.879 349.937 0 -1 0 0.026 0 1 -1 0 0.026 2780.dat
0 STEP
1 71 180 -100 60 0 -1 0 -0.026 0 -1 1 0 -0.026 87082.dat
1 71 180 -80 40 0 0 1 0 1 0 -1 0 0 48989.dat
1 4 170 -80 40 -1 0 0 0 -1 -0.026 0 -0.026 1 32062.dat
1 0 160 -80 40 0 1 0 0 0 1 1 0 0 32140.dat
1 72 180 -20 40 1 0 0 0 -0.026 -1 0 1 -0.026 11214.dat
1 72 180 -20 40 0 -1 0 0.026 0 1 -1 0 0.026 18654.dat
1 71 160 -100 80 0 0 1 -1 0.026 0 -0.026 -1 0 32316.dat
1 0 200 -100 90 0 -1 0 0.026 0 1 -1 0 0.026 2780.dat
0 STEP
1 308 200 -100 100 -0.151 -0.003 -0.989 -0.988 -0.026 0.151 -0.026 1 0.001 22961.dat
1 308 -160 -100 100 0.099 0 -0.995 -0.995 0 -0.099 0 1 0 22961.dat
1 72 197.503 -119.83 100 -0.151 0.99 -0.004 -0.987 -0.151 -0.026 -0.026 -0.001 1.001 6536.dat
1 72 -158.01 -119.914 100 0.099 -0.996 0 -0.996 -0.099 0 0 0 -1 6536.dat
1 0 20 -80 -130 0 -1 0 -1 0 0 0 0 -1 59443.dat
1 72 20 -80 -180 0 -1 0 -1 0 0 0 0 -1 92906.dat
1 1 120 -20 -380 -1 0 0 0 0 -1 0 -1 0 6558.dat
1 1 120 -20 -400 -1 0 0 0 0 -1 0 -1 0 6558.dat
1 1 -80 -20 -400 1 0 0 0 0 1 0 -1 0 6558.dat
1 1 -80 -20 -380 1 0 0 0 0 1 0 -1 0 6558.dat
0 STEP
1 71 -20 0 -820 1 0 0 0 1 0 0 0 1 42066 - cabin.ldr
0 STEP
1 71 20 -94.3 -380.203 0 1 0 -0.071 0 -0.997 -0.997 0 0.071 44294.dat
1 0 20 -89.313 -310.381 1 0 0 0 -0.997 -0.071 0 0.071 -0.997 59443.dat
1 72 20 -85.252 -253.526 0 0 1 0.071 -0.997 0 0.997 0.071 0 32209.dat
1 71 20 -80 -180 0 -1 0 -0.997 0 -0.071 0.071 0 -0.997 32494.dat
1 0 80 -76.456 -386.442 0 -1 0 0.996 0 -0.093 0.093 0 0.996 32278.dat
1 0 70 -67.16 -486.009 -1 0 0 0 -0.093 0.996 0 0.996 0.093 2780.dat
1 0 70 -63.441 -525.836 -1 0 0 0 -0.093 0.996 0 0.996 0.093 2780.dat
1 179 20 -160 -520 0.001 -1 0 0 0 1 -1 -0.001 0 87751.dat
1 179 20 -40 -520 -0.001 1 0 0 0 -1 -1 -0.001 0 87751.dat
0 STEP
1 71 100 -40 -740 1 0 0 0 1 0 0 0 1 42066 - frontside1.ldr
0 STEP
1 19 60 -184.185 -499.854 -1 0 0 0 0.998 -0.07 0 -0.07 -0.998 42066 - roof.ldr
0 STEP
1 71 -40 -97.21 -400 0 -1 0 -0.002 0 -1 1 0 -0.002 32316.dat
1 0 -20 -138.605 -420.049 0 1 0 0.998 0 -0.07 -0.07 0 -0.998 32523.dat
0 STEP
1 19 -60 -40 -740 1 0 0 0 1 0 0 0 1 42066 - frontside2.ldr
0 STEP
1 0 -40 0 -630 -1 0 0 0 -1 0 0 0 1 42066 - bottomhatch2.ldr
1 0 80 0 -630 -1 0 0 0 -1 0 0 0 1 42066 - bottomhatch1.ldr
0 STEP
1 0 -50 -40 -420 -1 0 0 0 0.998 -0.07 0 -0.07 -0.998 2780.dat
1 0 -50 -20 -420 -1 0 0 0 0.998 -0.07 0 -0.07 -0.998 2780.dat
1 71 -40 -20 -420 0 0 -1 0 -1 0 -1 0 0 42003.dat
1 0 -40 0 -430 0 0 -1 0 -1 0 -1 0 0 3705.dat
1 0 -40 0 -390 0 1 0 1 0 0 0 0 -1 59443.dat
1 1 -40 0 -370 0 0 1 0 1 0 -1 0 0 43093.dat
1 0 90 -40 -420 -1 0 0 0 0.998 -0.07 0 -0.07 -0.998 2780.dat
1 0 90 -20 -420 -1 0 0 0 0.998 -0.07 0 -0.07 -0.998 2780.dat
1 71 80 -20 -420 0 0 1 0 -1 0 1 0 0 42003.dat
1 0 80 0 -430 0 0 1 0 -1 0 1 0 0 3705.dat
1 0 80 0 -390 0 -1 0 -1 0 0 0 0 -1 59443.dat
1 1 80 0 -370 0 0 1 0 1 0 -1 0 0 43093.dat
0 STEP
1 73 19.973 0 -360 0 0 -1 -1 0 0 0 1 0 41239.dat
1 71 -20.027 0 -360 0 0 -1 0 1 0 1 0 0 32054.dat
1 71 59.973 0 -360 0 0 -1 0 1 0 1 0 0 32054.dat
1 72 140 0.009 -340 0 0 -1 0 -1 0 -1 0 0 6536.dat
1 72 -100 0.009 -340 0 0 -1 0 -1 0 -1 0 0 6536.dat
1 72 140 0.009 -320 0 0 -1 0 -1 0 -1 0 0 6536.dat
1 72 -100 0.009 -320 0 0 -1 0 -1 0 -1 0 0 6536.dat
1 70 -100 0.009 -338 0 0 1 0 -1 0 1 0 0 42066 - 24316.dat
1 70 140 0.009 -338 0 0 1 0 -1 0 1 0 0 42066 - 24316.dat
0 STEP
1 0 140 -20 -379.991 0 -1 0 1 0 0 0 0 1 32523.dat
1 0 -100 -20 -379.991 0 -1 0 1 0 0 0 0 1 32523.dat
1 1 160.009 -20 -359.982 1 0 0 0 0 1 0 -1 0 6558.dat
1 1 -120.009 -20 -359.982 -1 0 0 0 0 -1 0 -1 0 6558.dat
1 0 160.009 -20 -339.973 0 -1 0 1 0 0 0 0 1 32523.dat
1 0 -120.009 -20 -339.973 0 -1 0 1 0 0 0 0 1 32523.dat
1 1 -140.018 -20 -339.973 -1 0 0 0 0 -1 0 -1 0 6558.dat
1 1 180.018 -20 -339.973 1 0 0 0 0 1 0 -1 0 6558.dat
1 0 180.018 -20 -339.973 0 -1 0 1 0 0 0 0 1 32523.dat
1 0 -140.018 -20 -339.973 0 -1 0 1 0 0 0 0 1 32523.dat
1 1 80 -120 -180 -1 0 0 0 0 -1 0 -1 0 6558.dat
1 1 -40 -120 -180 1 0 0 0 0 -1 0 1 0 6558.dat
0 STEP
1 0 20 -140 -380 0 0 -1 0 1 0 1 0 0 42066 - gearbox.ldr
0 STEP
1 0 100 -120 -280 0 1 0 1 0 0 0 0 -1 32525.dat
1 0 -60 -120 -280 0 1 0 1 0 0 0 0 -1 32525.dat
1 0 110 -120 -420 -1 0 0 0 0.998 -0.07 0 -0.07 -0.998 2780.dat
1 0 110 -120 -380 -1 0 0 0 0.998 -0.07 0 -0.07 -0.998 2780.dat
1 0 120 -120 -399.991 0 -1 0 -1 0 0 0 0 -1 32523.dat
1 71 120 -100 -360 -1 0 0 0 0 1 0 1 0 32316.dat
1 0 120 -80 -350 0 1 0 0 0 1 1 0 0 2780.dat
1 0 120 -120 -350 0 1 0 0 0 1 1 0 0 2780.dat
1 72 160 -100 -340 0 0 -1 1 0 0 0 -1 0 60484.dat
1 71 160 -100 -320 0 0 -1 1 0 0 0 -1 0 42066 - 55615.dat
0 STEP
1 0 180 -100 -200 0 -1 0 1 0 0 0 0 1 32278.dat
1 0 190 -100 -180 -1 0 0 0 0 1 0 1 0 2780.dat
1 1 180 -100 -60 -1 0 0 0 0 -1 0 -1 0 6558.dat
1 0 190 -100 -340 -1 0 0 0 0 1 0 1 0 2780.dat
0 STEP
1 71 200 -40 -40 1 0 0 0 1 0 0 0 1 42066 - tailside1.ldr
0 STEP
1 1 190 -100 -100 1 0 0 0 1 0 0 0 1 43093.dat
1 71 220 -100 -100 1 0 0 0 1 0 0 0 1 32054.dat
1 0 200 -50 0 0 -1 0 1 0 0 0 0 1 3705.dat
1 72 200 -100 0 0 1 0 -1 0 0 0 0 1 32524.dat
1 1 220 -100 -40 1 0 0 0 0 1 0 -1 0 6558.dat
1 1 220 -100 20 1 0 0 0 0 1 0 -1 0 6558.dat
1 72 220 -100 -40 0 1 0 -1 0 0 0 0 1 32524.dat
1 0 230 -100 -20 -1 0 0 0 0 1 0 1 0 2780.dat
0 STEP
1 71 220 -100 60 0 1 0 -1 0 -0.026 -0.026 0 1 60483.dat
1 0 230 -100.52 79.993 -1 0 0 0 0 1 0 1 0 2780.dat
1 0 340 -100 0 -1 0 0 0 1 0 0 0 -1 15458.dat
1 0 280 -100 -30 0 1 0 0 0 1 1 0 0 2780.dat
1 0 400 -100 -30 0 1 0 0 0 1 1 0 0 2780.dat
1 0 340 -100 -80 -1 0 0 0 -1 0 0 0 1 18945.dat
1 0 450 -100 20 -1 0 0 0 0 1 0 1 0 2780.dat
1 0 450 -100 -80 -1 0 0 0 0 1 0 1 0 2780.dat
0 STEP
1 4 260 -90 -80 0 1 0 -1 0 0 0 0 1 32062.dat
1 4 260 -90 -20 0 1 0 -1 0 0 0 0 1 32062.dat
1 0 340 -100.52 99.993 -1 0 0 0 1 0 0 0 -1 18945.dat
1 1 450 -100.52 59.993 1 0 0 0 -1 0 0 0 -1 43093.dat
1 0 460 -100 0 0 1 0 1 0 0 0 0 -1 32525.dat
1 1 470 -100 0 1 0 0 0 -1 0 0 0 -1 4274.dat
1 36 478 -100 0 0 -1 0 -1 0 0 0 0 -1 98138.dat
0 STEP
1 0 -70 -120 -380 1 0 0 0 -0.998 0.07 0 -0.07 -0.998 2780.dat
1 0 -80 -120 -399.991 0 1 0 1 0 0 0 0 -1 32523.dat
1 0 -70 -120 -420 1 0 0 0 -0.998 0.07 0 -0.07 -0.998 2780.dat
1 72 -120 -100 -340 0 0 1 -1 0 0 0 -1 0 60484.dat
1 71 -80 -100 -360 -1 0 0 0 0 1 0 1 0 32316.dat
1 0 -80 -80 -350 0 -1 0 0 0 1 -1 0 0 2780.dat
1 0 -80 -120 -350 0 -1 0 0 0 1 -1 0 0 2780.dat
1 71 -120 -100 -320 0 0 1 -1 0 0 0 -1 0 42066 - 55615.dat
1 0 -80 -110 -320 0 -0.998 0.07 -1 0 0 0 -0.07 -0.998 2780.dat
1 71 -80 -120 -300 0 1 0 0 0 -1 -1 0 0 44809.dat
0 STEP
1 0 -140 -100 -200 0 -1 0 1 0 0 0 0 1 32278.dat
1 0 -150 -100 -340 -1 0 0 0 0 1 0 1 0 2780.dat
1 0 -150 -100 -180 -1 0 0 0 0 1 0 1 0 2780.dat
1 1 -140 -100 -60 1 0 0 0 0 1 0 -1 0 6558.dat
0 STEP
1 71 -160 -40 -40 1 0 0 0 1 0 0 0 1 42066 - tailside2.ldr
0 STEP
1 0 -160 -50 0 0 1 0 -1 0 0 0 0 1 3705.dat
1 1 -150 -100 -100 -1 0 0 0 -1 0 0 0 1 43093.dat
1 71 -180 -100 -100 -1 0 0 0 -1 0 0 0 1 32054.dat
1 72 -160 -100 0 0 -1 0 1 0 0 0 0 1 32524.dat
1 1 -180 -100 20 -1 0 0 0 0 -1 0 -1 0 6558.dat
1 1 -180 -100 -40 -1 0 0 0 0 -1 0 -1 0 6558.dat
1 72 -180 -100 -40 0 -1 0 1 0 0 0 0 1 32524.dat
1 0 -190 -100 -20 -1 0 0 0 0 1 0 1 0 2780.dat
1 71 -180 -100 60 0 1 0 -1 0 -0.026 -0.026 0 1 60483.dat
1 0 -190 -100.52 80 -1 0 0 0 0 1 0 1 0 2780.dat
0 STEP
1 0 -300 -100 -80 1 0 0 0 1 0 0 0 1 18945.dat
1 0 -240 -100 -30 0 1 0 0 0 1 1 0 0 2780.dat
1 0 -360 -100 -30 0 1 0 0 0 1 1 0 0 2780.dat
1 0 -300 -100 0 -1 0 0 0 1 0 0 0 -1 15458.dat
1 0 -410 -100 20 -1 0 0 0 0 1 0 1 0 2780.dat
1 0 -410 -100 -80 -1 0 0 0 0 1 0 1 0 2780.dat
0 STEP
1 4 -220 -90 -80 0 1 0 -1 0 0 0 0 1 32062.dat
1 4 -220 -90 -20 0 1 0 -1 0 0 0 0 1 32062.dat
1 0 -300 -100.52 100 1 0 0 0 -1 0 0 0 -1 18945.dat
1 1 -410 -100.52 60 -1 0 0 0 1 0 0 0 -1 43093.dat
1 0 -418 -100.52 0 0 -1 0 -1 0 0 0 0 -1 32525.dat
1 1 -428 -100.52 0 -1 0 0 0 1 0 0 0 -1 4274.dat
1 34 -436 -100.52 0 0 1 0 1 0 0 0 0 -1 98138.dat
0 STEP
1 72 80 -32 -860 0 0.968 0.25 -1 0 0 0 -0.25 0.968 87083.dat
1 72 -40 -32 -860 0 0.968 -0.25 -1 0 0 0 0.25 0.968 87083.dat
1 71 -40 -42 -860 0.25 0 0.968 0 1 0 -0.968 0 0.25 15100.dat
1 71 -40 -22 -860 0.25 0 0.968 0 1 0 -0.968 0 0.25 15100.dat
1 73 -54.365 -42 -884.365 0.968 0 0.25 0 -1 0 0.25 0 -0.968 64393.dat
0 STEP
1 1 20 -14.194 -1019.158 1 0 0 0 -0.993 -0.118 0 0.118 -0.993 6558.dat
1 71 20 -4.731 -939.719 1 0 0 0 -0.993 -0.118 0 0.118 -0.993 4519.dat
1 73 0 -4.731 -939.719 0 -1 0 -0.993 0 -0.118 0.118 0 -0.993 32271.dat
1 73 40 -4.731 -939.719 0 -1 0 -0.993 0 -0.118 0.118 0 -0.993 32271.dat
0 STEP
1 71 80 -42 -860 -0.25 0 0.968 0 1 0 -0.968 0 -0.25 15100.dat
1 71 80 -22 -860 -0.25 0 0.968 0 1 0 -0.968 0 -0.25 15100.dat
1 73 94.365 -42 -884.365 0.968 0 -0.25 0 -1 0 -0.25 0 -0.968 64681.dat
1 0 -44.365 -52 -923.095 0 -0.25 0.968 1 0 0 0 0.968 0.25 2780.dat
1 0 -34.365 -52 -961.825 0 -0.25 0.968 1 0 0 0 0.968 0.25 2780.dat
1 0 84.365 -52 -923.095 0 0.25 0.968 1 0 0 0 0.968 -0.25 2780.dat
1 0 74.365 -52 -961.825 0 0.25 0.968 1 0 0 0 0.968 -0.25 2780.dat
1 73 -44.365 -62 -923.095 0.968 0 0.25 0 -1 0 0.25 0 -0.968 32524.dat
1 73 84.365 -62 -923.095 0.968 0 -0.25 0 -1 0 -0.25 0 -0.968 32524.dat
1 19 -39.365 -72 -942.46 0 -0.968 0.25 -1 0 0 0 -0.25 -0.968 32002.dat
1 19 79.365 -72 -942.46 0 -0.968 -0.25 -1 0 0 0 0.25 -0.968 32002.dat
1 15 20.635 -77 -942.46 0 0 1 0 1 0 -1 0 0 32065.dat
0 STEP
1 72 10 -100 -820 -1 0 0 0 0.946 0.324 0 0.324 -0.946 55013.dat
1 72 20 -100 -820 1 0 0 0 0.946 -0.324 0 0.324 0.946 42066 - nosetop.ldr
1 71 20 -53.539 -1078.923 1 0 0 0 0.865 -0.501 0 0.501 0.865 4519.dat
0 STEP
1 71 0 -122.162 -817.025 0 -0.993 -0.118 -0.324 0.112 -0.939 0.946 0.038 -0.322 61184.dat
1 71 40 -122.162 -817.025 0 -0.993 -0.118 -0.324 0.112 -0.939 0.946 0.038 -0.322 61184.dat
1 15 20 -118.92 -826.485 0 0 1 -0.946 0.324 0 -0.324 -0.946 0 42066 - 32523p01.dat
0 STEP
1 0 20 -124.754 -809.457 0 0 -1 0.946 0.324 0 0.324 -0.946 0 42066 - dashboard.ldr
1 71 20.354 -145.624 -855.063 1 0 0 0 0.961 -0.276 0 0.276 0.961 42066 - windscreen.ldr
0 STEP
1 1 140 -140 -380 0 0.99 0.14 0 0.14 -0.99 -1 0 0 6558.dat
1 0 200 -100 -370 0 0.995 -0.099 0 -0.099 -0.995 -1 0 0 2780.dat
1 308 200 -100 -380 0.995 0 -0.099 -0.099 0 -0.995 0 1 0 22961.dat
1 72 219.902 -101.982 -380 0.995 -0.099 0 -0.099 -0.995 0 0 0 -1 6536.dat
1 1 217.92 -121.883 -380 0 0.995 -0.099 0 -0.099 -0.995 -1 0 0 6558.dat
1 73 178.96 -130.942 -500 0 -0.226 -0.974 0 0.974 -0.226 1 0 0 18945.dat
1 1 -100 -140 -380 0 -0.99 0.14 0 0.14 0.99 -1 0 0 6558.dat
1 0 -160 -100 -370 0 -0.995 0.099 0 -0.099 -0.995 1 0 0 2780.dat
1 308 -160 -100 -380 -0.995 0 -0.099 -0.099 0 0.995 0 1 0 22961.dat
1 72 -179.902 -101.982 -380 0.995 0.099 0 0.099 -0.995 0 0 0 -1 6536.dat
1 1 -177.92 -121.883 -380 0 -0.995 -0.099 0 -0.099 0.995 -1 0 0 6558.dat
1 73 -138.96 -130.942 -500 0 -0.226 0.974 0 -0.974 -0.226 1 0 0 18945.dat
0 STEP
1 1 80 -180 -380 0 0 -1 0 1 0 1 0 0 6558.dat
1 1 -40 -180 -380 0 0 -1 0 1 0 1 0 0 6558.dat
1 73 20 -180 -380 0 0 -1 1 0 0 0 -1 0 32524.dat
1 73 100 -140 -260 1 0 0 0 1 0 0 0 1 11954.dat
1 73 -60 -140 -260 -1 0 0 0 1 0 0 0 -1 11954.dat
1 0 200 -100 -150 0 0.995 -0.099 0 -0.099 -0.995 -1 0 0 2780.dat
1 308 200 -100 -140 0.995 0 0.099 -0.099 0 0.995 0 -1 0 22961.dat
1 4 219.902 -101.982 -140 -0.995 -0.099 0 0.099 -0.995 0 0 0 1 6536.dat
1 1 217.92 -121.883 -140 0 0.995 0.099 0 -0.099 0.995 1 0 0 6558.dat
1 0 -160 -100 -150 0 -0.995 0.099 0 -0.099 -0.995 1 0 0 2780.dat
1 308 -160 -100 -140 -0.995 0 0.099 -0.099 0 -0.995 0 -1 0 22961.dat
1 4 -179.902 -101.982 -140 -0.995 0.099 0 -0.099 -0.995 0 0 0 1 6536.dat
1 1 -177.92 -121.883 -140 0 -0.995 0.099 0 -0.099 -0.995 1 0 0 6558.dat
0 STEP
1 73 178.96 -130.942 -260 0 -0.226 -0.974 0 0.974 -0.226 1 0 0 64782.dat
1 0 198.44 -126.413 -150 0 0 -1 0 1 0 1 0 0 2780.dat
1 0 159.48 -135.471 -150 0 0 -1 0 1 0 1 0 0 2780.dat
1 4 178.96 -130.942 -140 -0.226 0 -0.974 0.974 0 -0.226 0 -1 0 32523.dat
1 73 -138.96 -130.942 -260 0 0.226 0.974 0 0.974 -0.226 -1 0 0 64782.dat
1 0 -158.44 -126.413 -150 0 0 1 0 1 0 -1 0 0 2780.dat
1 0 -119.48 -135.471 -150 0 0 1 0 1 0 -1 0 0 2780.dat
1 4 -138.96 -130.942 -140 -0.226 0 0.974 -0.974 0 -0.226 0 -1 0 32523.dat
0 STEP
1 0 227.66 -119.619 -200 -0.974 0 -0.226 -0.226 0 0.974 0 1 0 2780.dat
1 0 227.66 -119.619 -240 -0.974 0 -0.226 -0.226 0 0.974 0 1 0 2780.dat
1 73 237.4 -117.354 -160 0.226 -0.974 0 -0.974 -0.226 0 0 0 -1 64681.dat
1 0 271.83 -88.816 -150 0 -0.226 -0.974 0 0.974 -0.226 1 0 0 2780.dat
1 4 255.667 -100.603 -140 -0.589 0 -0.808 0.808 0 -0.589 0 -1 0 32523.dat
1 1 200 -20 -370 0 -0.292 0.956 0 0.956 0.292 -1 0 0 43093.dat
1 0 200 -20 -400 -0.292 0.956 0 0.956 0.292 0 0 0 -1 32016.dat
1 1 189.021 -23.357 -427.716 0.366 0.292 0.884 0.112 -0.956 0.27 0.924 0 -0.383 43093.dat
1 73 205.93 -104.139 -438.48 0.928 0.032 -0.373 0 -0.996 -0.087 -0.374 0.081 -0.924 64394.dat
1 71 213.391 -102.404 -420 -0.373 -0.226 0.9 -0.087 0.974 0.209 -0.924 0 -0.383 15100.dat
1 71 213.391 -102.404 -420 0.226 0.973 0.034 -0.974 0.226 0.008 0 -0.035 0.999 32054.dat
0 STEP
1 0 -187.66 -119.619 -200 -0.974 0 0.226 0.226 0 0.974 0 1 0 2780.dat
1 0 -187.66 -119.619 -240 -0.974 0 0.226 0.226 0 0.974 0 1 0 2780.dat
1 73 -197.4 -117.354 -160 0.226 0.974 0 0.974 -0.226 0 0 0 -1 64393.dat
1 0 -231.83 -88.816 -150 0 0.226 0.974 0 0.974 -0.226 -1 0 0 2780.dat
1 4 -215.668 -100.597 -140 -0.589 0 0.808 -0.808 0 -0.589 0 -1 0 32523.dat
1 1 -160 -20 -370 0 0.292 0.956 0 0.956 -0.292 -1 0 0 43093.dat
1 0 -160 -20 -400 -0.292 -0.956 0 -0.956 0.292 0 0 0 -1 32016.dat
1 1 -149.021 -23.357 -427.716 -0.366 -0.292 0.884 0.112 -0.956 -0.27 0.924 0 0.383 43093.dat
1 73 -165.93 -104.139 -438.48 0.928 -0.032 0.373 0 -0.996 -0.087 0.374 0.081 -0.924 64680.dat
1 71 -173.391 -102.404 -420 0.373 0.226 0.9 -0.087 0.974 -0.209 -0.924 0 0.383 15100.dat
1 71 -173.391 -102.404 -420 -0.226 -0.973 0.034 -0.974 0.226 -0.008 0 -0.035 -0.999 32054.dat
0 STEP
1 71 20.002 -180 -340 -1 0 0 0 0 1 0 1 0 44294.dat
1 71 20.002 -180 -180 -1 0 0 0 0 1 0 1 0 44294.dat
1 71 39.999 -180 -260.002 -1 0 0 0 1 0 0 0 -1 42066 - shiftplate.ldr
1 1 139.997 -140 -140 0 0 1 0 1 0 -1 0 0 6558.dat
1 1 100 -140 -140 0 0 1 0 1 0 -1 0 0 6558.dat
1 1 -60 -140 -140 0 0 1 0 1 0 -1 0 0 6558.dat
1 1 -100 -140 -140 0 0 1 0 1 0 -1 0 0 6558.dat
1 4 19.997 -140 -140 0 0 1 -1 0 0 0 -1 0 41239.dat
0 STEP
1 4 60 -140 -70 0 1 0 0 0 -1 -1 0 0 3737.dat
1 4 -20 -140 -70 0 1 0 0 0 -1 -1 0 0 3737.dat
1 0 178.957 -130.942 -20 0 -0.226 -0.974 0 0.974 -0.226 1 0 0 64782.dat
1 0 -138.96 -130.942 -20 0 0.226 0.974 0 0.974 -0.226 -1 0 0 64782.dat
1 1 217.295 -122.847 99.974 0.004 -0.003 -1 0.026 -1 0.003 -0.999 -0.026 -0.003 6558.dat
1 1 139.997 -140 100 0 -0.003 -1 0 -1 0.003 -1 0 0 6558.dat
1 72 139.99 -120 100 0.999 0 0 0 -1.001 0.001 0 0 -1.001 6536.dat
1 72 -100.01 -120 100 0.999 0 0 0 -1.001 0.001 0 0 -1.001 6536.dat
1 1 -100.01 -140.02 100 0 -0.003 -1 0.001 -1 0.003 -1 -0.001 0 6558.dat
1 1 -177.932 -121.899 100 0 -0.003 -1 0 -1 0.003 -1 0 0 6558.dat
1 71 60 -140 -20 0 1 0 -1 0 0 0 0 1 4716.dat
1 71 -20 -140 -20 0 1 0 -1 0 0 0 0 1 4716.dat
0 STEP
1 72 -20.02 -140 39.981 0 1.001 0 0.999 0 0 0 0.001 -1.001 6536.dat
1 72 60.02 -140 40.019 0 -1.001 0 0.999 0 0 0 -0.001 1.001 6536.dat
1 4 -20.02 -130.01 39.981 0 -1.001 0 0.999 0 0 0 -0.001 1.001 32062.dat
1 4 60.02 -130.01 40.019 0 -1.001 0 0.999 0 0 0 -0.001 1.001 32062.dat
1 71 19.98 -124.986 39.976 0.001 0 1.001 0 1.001 -0.001 -0.999 0 0.001 11478.dat
1 71 20.02 -115.073 40.025 0.001 0 1.001 0 1.001 -0.001 -0.999 0 0.001 11478.dat
1 1 80 -180 -140 0 0 1 0 1 0 -1 0 0 6558.dat
1 1 -40 -180 -140 0 0 1 0 1 0 -1 0 0 6558.dat
1 4 20.002 -180 -140 0 0 1 -1 0 0 0 -1 0 32524.dat
1 0 60.001 -180 -130 0 1 0 0 0 1 1 0 0 2780.dat
1 0 -19.997 -180 -130 0 1 0 0 0 1 1 0 0 2780.dat
0 STEP
1 0 -59.999 -140 -120.001 1 0 0 0 1 0 0 0 1 64393.dat
1 0 99.999 -140 -120.001 1 0 0 0 1 0 0 0 1 64681.dat
0 STEP
1 0 20 -63.075 189.448 0 0 1 0 1 0 -1 0 0 3705.dat
1 71 20 -63.075 199.448 -1 0 0 0 0 1 0 1 0 60483.dat
1 71 20 -63.075 229.447 -1 0 0 0 -1 0 0 0 1 56908.dat
0 STEP
1 0 177.855 -135.004 219.535 0.004 0.226 -0.974 0.026 -0.974 -0.226 -1 -0.024 -0.01 18945.dat
1 1 138.416 -147.161 339.102 -0.004 -0.443 -0.896 -0.026 0.896 -0.443 1 0.022 -0.015 6558.dat
1 0 177.415 -137.866 329.497 0.004 -1 0 0.026 0 1 -1 -0.004 0.026 2780.dat
1 0 157.896 -142.643 339.298 -0.226 0.004 -0.974 0.974 0.026 -0.226 0.024 -1 -0.01 32523.dat
1 0 -138.97 -131.1 220.009 0 0.226 0.974 0.001 0.974 -0.226 -1 0.001 0 18945.dat
1 1 0 -153.925 169.066 0 0.443 -0.897 0.242 0.87 0.43 0.97 -0.217 -0.107 6558.dat
1 0 -138.97 -131.21 330.009 0 1 0 -0.001 0 1 1 0 0.001 2780.dat
1 0 -119.49 -135.74 340.004 -0.226 0 0.974 -0.974 0.001 -0.226 -0.001 -1 0 32523.dat
1 0 139.374 -107.695 360.14 -1 0.004 -0.026 0.026 0.026 -1 -0.003 -1 -0.026 32316.dat
1 0 -98.97 -100.28 360.04 -1 0 -0.026 0.026 0.001 -1 0 -1 -0.001 32316.dat
0 STEP
1 71 20 -140 80 -1 0 0 0 0 1 0 1 0 63869.dat
1 4 20 -140 80 -1 0 0 0 0 1 0 1 0 3706.dat
1 4 -0.006 -140 80 0 0 1 1 0 0 0 1 0 3713.dat
1 4 40.007 -140 80 0 0 -1 -1 0 0 0 1 0 3713.dat
1 71 55.012 -140 80 0 0 -1 -1 0 0 0 1 0 32123a.dat
1 71 -15.012 -140 80 0 0 -1 -1 0 0 0 1 0 32123a.dat
1 0 -50.023 -140 79.999 0 0 -1 -1 0 0 0 1 0 32013.dat
1 0 90.024 -140 80.001 0 0 1 1 0 0 0 1 0 32013.dat
1 0 -50.023 -150.003 79.999 0 0 1 1 0 0 0 1 0 6628.dat
1 0 90.024 -150.003 80.001 0 0 1 1 0 0 0 1 0 6628.dat
1 0 -0.007 -150.003 100 0 0 1 1 0 0 0 1 0 2780.dat
1 0 40.007 -150.003 100 0 0 1 1 0 0 0 1 0 2780.dat
0 STEP
1 71 20 -160.007 100 -1 0 0 0 0 1 0 1 0 98585.dat
1 0 -50.023 -160.007 79.999 -0.978 -0.138 -0.156 0.152 -0.985 -0.086 -0.142 -0.108 0.984 2739a.dat
1 0 90.024 -160.007 80.001 -0.978 0.138 0.156 -0.152 -0.985 -0.086 0.142 -0.108 0.984 2739a.dat
1 0 20.003 -180 -20 0 0 1 0 1 0 -1 0 0 64782.dat
1 1 0.003 -180 90 0 0 1 0 -1 0 1 0 0 43093.dat
1 1 40.003 -180 90 0 0 1 0 -1 0 1 0 0 43093.dat
1 0 20.003 -180 100 0 1 0 0 0 1 1 0 0 32184.dat
0 STEP
1 71 20.003 -180 100 0 1 0 1 0 0 0 0 -1 4519.dat
1 0 20.003 -200 100 0 1 0 0 0 -1 -1 0 0 32269.dat
1 1 40 -153.925 169.066 0 0.443 -0.897 0.242 0.87 0.43 0.97 -0.217 -0.107 6558.dat
1 72 20 -134.541 246.682 0 1 0 -0.97 0 0.242 0.242 0 0.97 32524.dat
1 0 20 -153.925 169.066 0 0 1 -0.97 -0.242 0 0.242 -0.97 0 32523.dat
1 0 40 -149.079 188.47 0 -1 0 0.97 0 0.242 -0.242 0 0.97 64391.dat
1 1 20 -139.387 227.278 -1 0 0 0 0.977 0.213 0 0.213 -0.977 6558.dat
1 1 20 -129.695 266.086 -1 0 0 0 0.977 0.213 0 0.213 -0.977 6558.dat
1 0 0 -149.079 188.47 0 1 0 -0.97 0 0.242 0.242 0 0.97 64683.dat
0 STEP
1 71 20 -20 -240 0 1 0 0 0 1 1 0 0 58119.dat
1 71 -60 -30 -220 0 1 0 -1 0 0 0 0 1 32054.dat
1 4 -60 -2 -220 0 1 0 -1 0 0 0 0 1 32062.dat
1 4 -60 8 -220 0 1 0 0 0 -1 -1 0 0 3713.dat
0 STEP
1 4 -104.52 -159.463 40 0.974 0.226 0 -0.226 0.974 0 0 0 1 42066 - tail1.ldr
1 4 144.517 -159.463 40 0.974 -0.226 0 0.226 0.974 0 0 0 1 42066 - tail2.ldr
0 STEP
0 FILE 42066 - powerFuncMotorM-LQ-1.ldr
0 powerFuncMotorM-LQ-1
0 Name: 42066 - powerFuncMotorM-LQ-1.ldr
0 Author: LDCad
0 !LICENSE Redistributable under CCAL version 2.0 : see CAreadme.txt

0 !CATEGORY electric
0 !KEYWORDS flexible, power functions

0 !LDCAD CONTENT [type=path] [addFallBack=default] [looped=false] [displayKind=mm] [curveStep=0] [displayLenCor=0]
0 !LDCAD PATH_POINT [type=bezier] [posOri=0 -23.043 118.002 1 0 0 0 0.707 0.707 0 -0.707 0.707] [prevCPDist=25] [nextCPDist=50] [cirR=20] [cirDir=xyCW] [prevYRoll=0] [nextYRoll=0]
0 !LDCAD PATH_POINT [type=bezier] [posOri=60 -35 70 -1 0 0 0 0 1 0 1 0] [prevCPDist=25] [nextCPDist=25] [cirR=20] [cirDir=xyCW] [prevYRoll=0] [nextYRoll=0]
0 !LDCAD PATH_POINT [type=bezier] [posOri=60 -35 -80 -1 0 0 0 0 1 0 1 0] [prevCPDist=25] [nextCPDist=25] [cirR=20] [cirDir=xyCW] [prevYRoll=0] [nextYRoll=0]
0 !LDCAD PATH_POINT [type=bezier] [posOri=60 -5 -110 -1 0 0 0 0 1 0 1 0] [prevCPDist=25] [nextCPDist=25] [cirR=20] [cirDir=xyCW] [prevYRoll=0] [nextYRoll=0]
0 !LDCAD PATH_POINT [type=bezier] [posOri=79 6.925 -289.447 0 0 -1 0 1 0 1 0 0] [prevCPDist=46] [nextCPDist=25] [cirR=20] [cirDir=xyCW] [prevYRoll=0] [nextYRoll=0]

0 !LDCAD PATH_SKIN [donCol=0] [donOri=0 0 1 0 1 0 -1 0 0] [donPart=u9190.dat] [donYSize=400%] [donCen=absCen] [donCenYOfs=0] [donFinScale=segMerge] [donPlace=refsStat] [donYAlign=0] [donInline=false] [segSize=80%] [segSizeTol=5%] [segsCnt=0] [segsGrp=0] [segsMaxMerge=10] [segsMrgAng=0] [segsMrgRollAng=0] [segsEdgeDelKind=keepFirstLeft]

0 !LDCAD PATH_CAP [group=start] [color=71] [posOri=0 0 0 1 0 0 0 1 0 0 0 1] [part=58120.dat] [extraLen=0mm] [inlineRef=false]
0 !LDCAD PATH_CAP [group=end] [color=72] [posOri=86 -23.075 -289.447 0 -1 0 1 0 0 0 0 1] [part=58124c01.dat] [extraLen=0mm] [inlineRef=false]

0 !LDCAD GENERATED [generator=LDCad 1.6 Beta 2 RC]
0 //This is the fallback LDraw content for above PATH configuration.
0 // Do not edit, any changes will be lost upon regeneration.
0 // The path is approx 198.69 mm (496.73) and exists out of 84 segments.

