0 FILE 42140.ldr
0 Untitled
0 Name: 42140.ldr
0 Author: marco9999
0 Unofficial Model
0 ROTATION CENTER 0 0 0 1 "Custom" 
0 ROTATION CONFIG 0 0
1 7 0 0 0 0 0 -1 0 1 0 1 0 0 42140 chassis.ldr
1 7 0 0 0 0 0 -1 0 1 0 1 0 0 42140 cockpit.ldr
0 MLCAD RUBBER_BELT 15 47.915 -151.648 65.234 0.70583 0.044233 -0.706999 -0.0748487 0.997119 -0.0123407 0.704416 0.0616284 0.707107 4 -43 6 6 4 9 1
0 MLCAD SKIP_BEGIN
1 15 52.2071 -151.887 69.5212 1.3849 -0.400959 -1.414 0.382333 2.73744 -0.0246814 1.39136 -0.353123 1.41421 4-4cyli.dat
1 15 51.988 -149.798 69.3386 1.20304 -1.03732 -1.414 1.03065 2.38999 -0.0246814 1.22084 -0.995451 1.41421 4-4cyli.dat
1 15 51.2776 -147.932 68.6609 0.876078 -1.54857 -1.414 1.55465 1.75428 -0.0246814 0.903077 -1.51771 1.41421 4-4cyli.dat
1 15 50.1617 -146.514 67.5699 0.443449 -1.87303 -1.414 1.89114 0.90697 -0.0246814 0.476387 -1.85692 1.41421 4-4cyli.dat
1 15 48.7747 -145.716 66.1971 -0.0426673 -1.97159 -1.414 1.99953 -0.0497284 -0.0246814 -0.00776415 -1.97215 1.41421 4-4cyli.dat
1 15 47.2841 -145.633 64.7082 -0.523637 -1.83233 -1.414 1.86675 -1.00043 -0.0246814 -0.490978 -1.84951 1.41421 4-4cyli.dat
1 15 45.8696 -146.275 63.2827 -0.941451 -1.47208 -1.414 1.50881 -1.83046 -0.0246814 -0.914975 -1.5038 1.41421 4-4cyli.dat
1 15 44.7018 -147.566 62.0925 -1.24571 -0.93426 -1.414 0.968884 -2.43971 -0.0246814 -1.22861 -0.976697 1.41421 4-4cyli.dat
1 15 43.9215 -149.349 61.2813 -1.39972 -0.283765 -1.414 0.312098 -2.75471 -0.0246814 -1.39406 -0.331798 1.41421 4-4cyli.dat
1 15 43.6736 -151.755 60.9914 -1.41378 0.921301 -1.414 -0.0356596 -43.1755 -0.0246814 -1.41419 0.167643 1.41421 4-4cyli.dat
1 15 44.5442 -194.584 61.1144 -1.3849 0.400959 -1.414 -0.382333 -2.73744 -0.0246814 -1.39136 0.353123 1.41421 4-4cyli.dat
1 15 44.7633 -196.674 61.297 -1.20304 1.03732 -1.414 -1.03065 -2.38999 -0.0246814 -1.22084 0.995451 1.41421 4-4cyli.dat
1 15 45.4737 -198.539 61.9747 -0.876078 1.54857 -1.414 -1.55465 -1.75428 -0.0246814 -0.903077 1.51771 1.41421 4-4cyli.dat
1 15 46.5896 -199.957 63.0657 -0.443449 1.87303 -1.414 -1.89114 -0.90697 -0.0246814 -0.476387 1.85692 1.41421 4-4cyli.dat
1 15 47.9766 -200.756 64.4385 0.0426673 1.97159 -1.414 -1.99953 0.0497284 -0.0246814 0.00776415 1.97215 1.41421 4-4cyli.dat
1 15 49.4672 -200.839 65.9274 0.523637 1.83233 -1.414 -1.86675 1.00043 -0.0246814 0.490978 1.84951 1.41421 4-4cyli.dat
1 15 50.8817 -200.196 67.353 0.941451 1.47208 -1.414 -1.50881 1.83046 -0.0246814 0.914975 1.5038 1.41421 4-4cyli.dat
1 15 52.0495 -198.906 68.5431 1.24571 0.93426 -1.414 -0.968884 2.43971 -0.0246814 1.22861 0.976697 1.41421 4-4cyli.dat
1 15 52.8298 -197.123 69.3544 1.39972 0.283765 -1.414 -0.312098 2.75471 -0.0246814 1.39406 0.331798 1.41421 4-4cyli.dat
1 15 53.0777 -194.717 69.6442 1.41378 -0.921301 -1.414 0.0356596 43.1755 -0.0246814 1.41419 -0.167643 1.41421 4-4cyli.dat
0 MLCAD SKIP_END
1 7 0 0 0 0 0 -1 0 1 0 1 0 0 42140 track.ldr
0
0 FILE 42140 chassis.ldr
0 42140 chassis
0 Author: LEGO Digital Designer 4.3
0 ROTATION CENTER 0 0 0 1 "Custom" 
0 ROTATION CONFIG 0 0
1 0 200 -131.249 -140 0 0 1 0 -1 0 1 0 0 2780.dat
1 0 140 -131.249 -150 0 0 -1 1 0 0 0 -1 0 71710.dat
1 0 160 -131.249 -160 0 0.500012 -0.866019 0 0.866019 0.500012 1 0 0 2780.dat
1 0 80 -131.259 -169.98 0 0 1 1 0 0 0 1 0 64683.dat
1 0 70 -151.259 -209.99 -1 0 0 0 1 0 0 0 -1 2780.dat
1 0 60 -131.259 -170 0 0 -1 -1 0 0 0 1 0 64393.dat
1 1 -20 -131.249 -150 0 -0.026181 -0.999657 0 0.999657 -0.026181 1 0 0 6558.dat
1 25 -20 -111.874 150 0 0 1 -1 0 0 0 -1 0 32054.dat
1 0 -100 -131.874 150 0 0 -1 1 0 0 0 -1 0 71710.dat
1 71 -160.215 -131.874 149.785 0 1 0 0 0 -1 -1 0 0 77765.dat
1 71 -160 -131.874 180 0 -0.25882 0.965926 0 -0.965926 -0.25882 1 0 0 62462.dat
1 0 -160 -131.874 200 0 0 1 0 1 0 -1 0 0 2780.dat
1 0 -140 -131.874 210 0 0 1 1 0 0 0 1 0 73507.dat
1 1 -180 -151.874 210 -1 0 0 0 1 0 0 0 -1 32140.dat
1 1 -180 -141.874 210 0 0 1 -1 0 0 0 -1 0 43093.dat
1 0 -180 -141.874 150 0 0 -1 1 0 0 0 -1 0 2780.dat
1 0 -40 -131.874 200 0 0 1 0 1 0 -1 0 0 2780.dat
1 72 -20 -131.874 190 0 0 -1 -1 0 0 0 1 0 32524.dat
1 1 -80 -131.874 190 0 0.026181 0.999657 0 0.999657 -0.026181 -1 0 0 6558.dat
1 15 -80 -131.874 170 1 0 0 0 0 1 0 -1 0 40490.dat
1 0 -80 -51.8741 190 1 0 0 0 0 -1 0 1 0 60483.dat
1 70 -80 -51.8741 180 0 0 -1 0 1 0 1 0 0 24316.dat
1 0 -80 -211.874 190 -1 0 0 0 0 1 0 1 0 60483.dat
1 70 -80 -211.874 180 0 0 -1 0 -1 0 -1 0 0 24316.dat
1 0 -79.9994 -91.8741 180 0 0 -1 0 1 0 1 0 0 2780.dat
1 72 -0.246017 -85.5973 190 -0.0784606 0 -0.996917 0.996917 0 -0.0784606 0 -1 0 32525.dat
1 0 99.4457 -77.7512 180 0 0.500012 -0.866019 0 0.866019 0.500012 1 0 0 2780.dat
1 1 99.697 -77.0599 170 -0.870356 0 -0.492424 0.492424 0 -0.870356 0 -1 0 32316.dat
1 0 119.546 -42.3324 190 0.866019 0 -0.500012 -0.500012 0 -0.866019 0 1 0 60483.dat
1 70 119.394 -42.2457 180 0 0.500008 0.866021 0 0.866021 -0.500008 -1 0 0 24316.dat
1 1 80 -111.874 170 0 -0.034903 -0.999391 0 0.999391 -0.034903 1 0 0 6558.dat
1 0 80 -131.874 150 -1 0 0 0 0 1 0 1 0 32523.dat
1 25 80 -131.874 150 0 0 1 0 1 0 -1 0 0 32054.dat
1 72 79.9992 -131.874 190 0 0 -1 0 -1 0 -1 0 0 11214.dat
1 71 120 -131.874 130 0 0 -1 -1 0 0 0 1 0 41239.dat
1 0 180 -131.874 120 0 0 -1 0 1 0 1 0 0 2780.dat
1 72 179.996 -171.874 79.9991 -1 0 0 0 1 0 0 0 -1 23807.dat
1 72 120 -131.874 29.9999 0 0 -1 0 1 0 1 0 0 25560.dat
1 72 180.009 -171.874 -20.0009 1 0 0 0 1 0 0 0 1 23807.dat
1 72 140.009 -171.874 -20.0009 1 0 0 0 1 0 0 0 1 23807.dat
1 72 120 -83.8741 29.9999 0 0 -1 0 1 0 1 0 0 24849.dat
1 72 139.996 -171.874 79.9991 -1 0 0 0 1 0 0 0 -1 23807.dat
1 72 120 -83.8741 29.9999 0 0 -1 0 1 0 1 0 0 24853.dat
1 71 120 -131.874 29.9999 0 0 -1 0 1 0 1 0 0 25561.dat
1 10 160.002 -181.874 29.9991 -1 0 0 0 1 0 0 0 -1 34745.dat
1 47 140.009 -172.624 -20.0009 1 0 0 0 1 0 0 0 1 23816c01.dat
1 71 320 -131.249 89.9999 -1 0 0 0 1 0 0 0 -1 u9479.dat
1 72 320 -131.249 -30.0001 -1 0 0 0 1 0 0 0 -1 u9485.dat
1 72 320 -131.249 -30.0001 -1 0 0 0 1 0 0 0 -1 u9486.dat
1 72 320 -131.249 -59.0001 0 0 1 -1 0 0 0 -1 0 s\23816s01.dat
1 4 320 -131.249 99.9999 -0.993001 0.118103 0 0.118103 0.993001 0 0 0 -1 40940.dat
1 47 139.996 -172.624 79.9991 -1 0 0 0 1 0 0 0 -1 23816c01.dat
1 71 240 -131.874 -30.0001 1 0 0 0 1 0 0 0 1 u9479.dat
1 72 240 -131.874 89.9998 1 0 0 0 1 0 0 0 1 u9485.dat
1 72 240 -131.874 89.9998 1 0 0 0 1 0 0 0 1 u9486.dat
1 72 240 -131.874 119 0 0 -1 -1 0 0 0 1 0 s\23816s01.dat
1 4 240 -131.874 -40.0002 0.998301 -0.0582661 0 0.0582661 0.998301 0 0 0 1 40940.dat
1 1 200 -131.874 110 0 -1 0 1 0 0 0 0 1 6558.dat
1 1 280 -151.874 150 0 0 -1 0 -1 0 -1 0 0 32526.dat
1 1 220 -131.874 150 0 1 0 1 0 0 0 0 -1 6558.dat
1 71 220 -131.874 150 0 0 1 1 0 0 0 1 0 73507.dat
1 25 120 -131.874 150 0 0 1 0 1 0 -1 0 0 32054.dat
1 72 120 -131.874 190 0 0 -1 0 -1 0 -1 0 0 11214.dat
1 71 119.999 -131.874 190 0 0 -1 1 0 0 0 -1 0 60484.dat
1 1 80 -151.874 170 0 -0.026181 -0.999657 0 0.999657 -0.026181 1 0 0 6558.dat
1 1 100.394 -186.285 170 -0.860267 0 0.509844 -0.509844 0 -0.860267 0 -1 0 32316.dat
1 0 120.591 -220.811 190 -0.866028 0 -0.499995 -0.499995 0 0.866029 0 1 0 60483.dat
1 70 120.59 -220.812 179.6 0 0.499999 -0.866026 0 -0.866026 -0.499999 -1 0 0 24316.dat
1 0 110.591 -203.49 180 0 0.499996 0.866028 0 -0.866028 0.499996 1 0 0 2780.dat
1 72 120.59 -220.812 205.24 -0.0704066 0 -0.997518 0.997518 0 -0.0704066 0 -1 0 32017.dat
1 71 80.6895 -223.629 225.821 0.996195 -0.0871538 1.00448e-005 -0.0871538 -0.996195 0 1.00372e-005 0 -1 32123a.dat
1 70 80.6893 -223.629 187.6 1.66154e-005 -0.0871041 -0.996199 -6.42915e-005 -0.996199 0.0871041 -1 6.2602e-005 -2.21045e-005 15462.dat
1 72 80.689 -223.629 215.498 0.996195 -0.0871539 1.00448e-005 -0.0871539 -0.996195 0 1.00372e-005 0 -1 4185a.dat
1 0 80.6895 -223.629 149.709 0.996195 1.0054e-005 0.0871526 -0.0871526 0 0.996195 1.00402e-005 -1 0 2723.dat
1 72 120.59 -220.812 154.6 -0.0704039 0 -0.997519 0.997519 0 -0.070404 0 -1 0 32017.dat
1 71 160.491 -217.996 225.821 0.995191 -0.0979549 0 -0.0979549 -0.995191 0 0 0 -1 32123a.dat
1 70 160.491 -217.996 187.6 0 -0.0979642 -0.99519 0 -0.99519 0.0979642 -1 0 0 15462.dat
1 72 160.491 -217.996 215.498 0.995191 -0.097955 0 -0.097955 -0.995191 0 0 0 -1 4185a.dat
1 0 160.491 -217.995 149.709 0.995191 0 0.0979587 -0.0979587 0 0.995191 0 -1 1.00385e-005 2723.dat
1 71 160.49 -217.996 179.6 0 -0.0979548 -0.995191 0 -0.995191 0.0979548 -1 0 0 62462.dat
1 71 80.6893 -223.629 179.6 0 -0.087155 -0.996195 -1.17555e-005 -0.996195 0.087155 -1 1.17408e-005 0 62462.dat
1 0 100.394 -186.285 180 0 0.499996 0.866028 0 -0.866028 0.499996 1 0 0 2780.dat
1 72 -0.246592 -178.151 190 0.0784585 0 -0.996918 0.996918 0 0.0784583 0 -1 0 32525.dat
1 1 -99.9383 -170.305 200 0 -0.0784576 0.996918 0 -0.996917 -0.0784576 1 0 0 4274.dat
1 0 -80 -171.874 180 0 0 1 0 -1 0 1 0 0 2780.dat
1 0 140 -131.874 210 0 0 -1 1 0 0 0 -1 0 71710.dat
1 0 200 -131.874 200 0 0 1 0 -1 0 1 0 0 2780.dat
1 71 200 -131.874 180 0 0 -1 0 -1 0 -1 0 0 62462.dat
1 1 200 -131.874 150 0 1 0 0 0 1 1 0 0 6558.dat
1 72 40 -131.874 190 0 0 -1 0 -1 0 -1 0 0 11214.dat
1 25 40 -131.874 150 0 0 1 0 1 0 -1 0 0 32054.dat
1 72 2.96788e-005 -131.874 190 0 0 -1 0 -1 0 -1 0 0 11214.dat
1 25 5.37677e-005 -131.874 150 0 0 1 0 1 0 -1 0 0 32054.dat
1 0 160 -131.874 220 0 0.500012 -0.866019 0 0.866019 0.500012 1 0 0 2780.dat
1 0 80.025 -131.874 230 0 0 1 -1 0 0 0 -1 0 64391.dat
1 1 100.025 -151.874 230 1 0 0 0 1 0 0 0 1 6558.dat
1 72 100.026 -151.874 210 0 0 1 1 0 0 0 1 0 6536.dat
1 1 100.026 -141.874 210 0 0 1 -1 0 0 0 -1 0 43093.dat
1 1 130.025 -151.874 230 -1 0 0 0 0 1 0 1 0 62462.dat
1 0 70.025 -151.874 270 1 0 0 0 1 0 0 0 1 2780.dat
1 0 60.025 -131.874 230 0 0 -1 1 0 0 0 -1 0 64681.dat
1 1 -20 -131.874 210 0 0.026181 0.999657 0 0.999657 -0.026181 -1 0 0 6558.dat
1 0 70.025 -131.874 230 1 0 0 0 1 0 0 0 1 2780.dat
1 1 39.7999 -151.874 230 0 0 -1 1 0 0 0 -1 0 11946.dat
1 1 50.0249 -151.874 230 -1 0 0 0 -1 0 0 0 1 43093.dat
1 0 90.025 -151.874 250 1 0 0 0 1 0 0 0 1 2780.dat
1 1 110.025 -151.874 250 -1 0 0 0 0 1 0 1 0 62462.dat
1 1 180 -151.874 210 -1 0 0 0 1 0 0 0 -1 32140.dat
1 1 180 -141.874 210 0 0 1 -1 0 0 0 -1 0 43093.dat
1 0 180 -141.874 150 0 0 1 -1 0 0 0 -1 0 2780.dat
1 72 280 -131.874 165 0 1 0 0 0 -1 -1 0 0 59426.dat
1 72 280 -131.874 180 0 -1 0 -1 0 0 0 0 -1 42529.dat
1 14 280 -131.874 165 0 1 0 1 0 0 0 0 -1 32123a.dat
1 1 280 -131.874 130 1 0 0 0 1 0 0 0 1 69778.dat
1 1 330 -151.874 110 1 0 0 0 -1 0 0 0 -1 43093.dat
1 71 340 -131.249 110 1 0 0 0 1 0 0 0 1 32184.dat
1 1 330 -111.874 110 1 0 0 0 -1 0 0 0 -1 43093.dat
1 3 300 -131.874 110 -1 0 0 0 0 1 0 1 0 39793.dat
1 0 270 -111.874 110 1 0 0 0 0 1 0 -1 0 2780.dat
1 19 240 -131.874 -60.0001 0 0.144338 0.989529 0 -0.989528 0.144338 1 0 0 99008.dat
1 321 240 -131.874 -70.0002 0.989528 -0.144338 0 0.144338 0.989528 0 0 0 1 69779.dat
1 1 230 -151.874 -50.0002 -1 0 0 0 -1 0 0 0 1 43093.dat
1 71 220 -131.874 -50.0002 -1 0 0 0 1 0 0 0 -1 32184.dat
1 1 230 -111.874 -50.0002 -1 0 0 0 -1 0 0 0 1 43093.dat
1 26 260 -131.249 -50.0001 1 0 0 0 0 1 0 -1 0 39793.dat
1 0 260 -131.874 -40.0002 0 1 0 0 0 1 1 0 0 2780.dat
1 0 220 -131.874 -40.0002 0 1 0 0 0 1 1 0 0 2780.dat
1 0 290 -111.249 -50.0001 -1 0 0 0 0 1 0 1 0 2780.dat
1 1 280 -151.874 89.9998 1 0 0 0 1 0 0 0 1 15100.dat
1 72 280 -151.874 89.9998 0 0 -1 1 0 0 0 -1 0 11214.dat
1 71 280 -171.874 29.9998 1 0 0 0 -1 0 0 0 -1 41239.dat
1 0 280 -161.874 150 0 1 0 1 0 0 0 0 -1 2780.dat
1 72 280 -151.874 -30.0002 0 0 1 1 0 0 0 1 0 11214.dat
1 25 280 -111.874 -30.0001 0 0 1 1 0 0 0 1 0 32054.dat
1 1 280 -111.874 -30.0001 -1 0 0 0 1 0 0 0 -1 15100.dat
1 1 280 -151.874 -30.0002 -1 0 0 0 1 0 0 0 -1 15100.dat
1 71 280 -91.8742 29.9998 1 0 0 0 -1 0 0 0 -1 41239.dat
1 25 280 -111.874 69.9998 0 0 -1 1 0 0 0 -1 0 32054.dat
1 1 280 -111.874 69.9998 1 0 0 0 1 0 0 0 1 15100.dat
1 0 280 -81.8741 -50.0001 0 0.309012 -0.951058 -1 0 0 0 0.951058 0.309012 2780.dat
1 25 160 -71.8741 -50.0001 0 0 -1 0 -1 0 -1 0 0 41239.dat
1 25 39.9999 -91.8741 -50.0001 0 0 1 1 0 0 0 1 0 32054.dat
1 1 39.9999 -121.874 -50.0001 0 0 1 1 0 0 0 1 0 43093.dat
1 0 19.9999 -91.8741 -50.0001 0 0 -1 0 -1 0 -1 0 0 32316.dat
1 0 -20 -101.874 -50 0 0.309012 -0.951058 -1 0 0 0 0.951058 0.309012 2780.dat
1 1 19.9999 -71.8741 -50 0 0 1 1 0 0 0 1 0 6558.dat
1 25 19.9999 -51.8741 29.9999 1 0 0 0 1 0 0 0 1 40490.dat
1 1 19.9999 -71.8741 110 0 0 1 1 0 0 0 1 0 6558.dat
1 0 20 -91.8741 110 0 0 -1 0 -1 0 -1 0 0 32316.dat
1 0 -20 -101.874 110 0 0.309012 -0.951058 -1 0 0 0 0.951058 0.309012 2780.dat
1 1 39.9999 -121.874 110 0 0 1 1 0 0 0 1 0 43093.dat
1 25 39.9999 -91.8741 110 0 0 1 1 0 0 0 1 0 32054.dat
1 25 160 -71.8741 110 0 0 -1 0 -1 0 -1 0 0 41239.dat
1 72 200 -51.8741 110 1 0 0 0 0 -1 0 1 0 24122.dat
1 1 200 -61.8741 110 0 0 1 1 0 0 0 1 0 43093.dat
1 72 87 -51.8741 110 0 -1 0 1 0 0 0 0 1 63965a.dat
1 72 59.9999 -51.8741 110 1 0 0 0 0 -1 0 1 0 24122.dat
1 1 60 -61.8741 110 0 0 1 1 0 0 0 1 0 43093.dat
1 0 280 -81.8741 110 0 0.309012 -0.951058 -1 0 0 0 0.951058 0.309012 2780.dat
1 25 19.9999 -71.8741 29.9999 1 0 0 0 1 0 0 0 1 40490.dat
1 72 59.9999 -51.8741 -50.0001 1 0 0 0 0 -1 0 1 0 24122.dat
1 1 59.9999 -61.8741 -50.0001 0 0 1 1 0 0 0 1 0 43093.dat
1 72 86.9999 -51.8741 -50.0001 0 -1 0 1 0 0 0 0 1 63965a.dat
1 72 200 -51.8741 -50.0001 1 0 0 0 0 -1 0 1 0 24122.dat
1 1 200 -61.8741 -50.0001 0 0 1 1 0 0 0 1 0 43093.dat
1 0 280 -101.874 -90.0001 0 1 0 1 0 0 0 0 -1 2780.dat
1 25 280 -111.874 -90.0002 0 0 -1 0 1 0 1 0 0 32526.dat
1 1 260 -131.874 -90.0001 0 1 0 1 0 0 0 0 -1 6558.dat
1 71 220 -131.874 -90.0002 0 0 1 1 0 0 0 1 0 73507.dat
1 1 220 -131.874 -90.0001 0 1 0 1 0 0 0 0 -1 6558.dat
1 1 280 -151.874 -90.0002 0 0 -1 0 1 0 1 0 0 32526.dat
1 1 200 -161.874 -90.0002 0 0 1 -1 0 0 0 -1 0 43093.dat
1 26 200 -171.874 -90.0001 -1 0 0 0 0 -1 0 -1 0 49283.dat
1 1 200 -131.874 -50.0002 0 -1 0 1 0 0 0 0 1 6558.dat
1 0 280 -161.874 -90.0002 0 1 0 1 0 0 0 0 -1 2780.dat
1 0 180 -141.874 -90.0002 0 0 1 -1 0 0 0 -1 0 2780.dat
1 1 180 -151.874 -150 -1 0 0 0 -1 0 0 0 1 32140.dat
1 1 180 -141.249 -150 0 0 1 -1 0 0 0 -1 0 43093.dat
1 1 140 -121.874 -90.0002 0 0 -1 1 0 0 0 -1 0 43093.dat
1 3 140 -111.874 -90.0001 -1 0 0 0 0 -1 0 -1 0 49283.dat
1 0 160 -131.249 -80.0002 0 0 -1 0 1 0 1 0 0 2780.dat
1 72 100 -131.249 -70.0002 0 0 -1 -1 0 0 0 1 0 32525.dat
1 0 180 -131.874 -60.0002 0 0 -1 0 1 0 1 0 0 2780.dat
1 0 60 -131.874 -60.0002 0 0 -1 0 1 0 1 0 0 2780.dat
1 1 200 -131.249 -90.0002 0 1 0 0 0 -1 -1 0 0 6558.dat
1 71 200 -131.249 -120 0 0 -1 0 -1 0 -1 0 0 62462.dat
1 72 40 -131.249 -130 0 0 -1 0 1 0 1 0 0 11214.dat
1 25 40 -131.874 -90 0 0 1 0 -1 0 1 0 0 32054.dat
1 0 -100 -131.874 -90 0 0 -1 -1 0 0 0 1 0 71710.dat
1 25 -20 -111.874 -90 0 0 1 -1 0 0 0 -1 0 32054.dat
1 1 20 -141.874 -90 0 0 1 -1 0 0 0 -1 0 43093.dat
1 26 20 -151.874 -90 -1 0 0 0 0 -1 0 -1 0 49283.dat
1 71 -159.785 -131.874 -89.785 0 -1 0 0 0 -1 1 0 0 77765.dat
1 71 -160 -131.249 -120 0 -0.25882 0.965926 0 -0.965926 -0.25882 1 0 0 62462.dat
1 0 -160 -131.874 -140 0 0 1 0 1 0 -1 0 0 2780.dat
1 0 -140 -131.874 -150 0 0 1 1 0 0 0 1 0 73507.dat
1 1 -79.9999 -131.874 -130 0 -0.026181 -0.999657 0 0.999657 -0.026181 1 0 0 6558.dat
1 72 -20 -131.249 -130 0 0 -1 1 0 0 0 -1 0 32524.dat
1 72 2.96788e-005 -131.249 -130 0 0 -1 0 1 0 1 0 0 11214.dat
1 25 2.99258e-005 -131.249 -90.0002 0 0 1 0 -1 0 1 0 0 32054.dat
1 0 -40 -131.874 -140 0 0 1 0 1 0 -1 0 0 2780.dat
1 0 -80 -211.249 -130 -1 0 0 0 0 1 0 1 0 60483.dat
1 70 -80 -211.249 -120 0 0 -1 0 -1 0 -1 0 0 24316.dat
1 15 -80 -131.249 -110 1 0 0 0 0 1 0 -1 0 40490.dat
1 0 -80.0004 -51.249 -129.99 1 0 0 0 0 -1 0 1 0 60483.dat
1 70 -80.0004 -51.249 -119.99 0 0 1 0 1 0 -1 0 0 24316.dat
1 0 -80 -191.249 -120 0 0 1 0 -1 0 1 0 0 2780.dat
1 72 -80.0003 -51.2483 -94.35 0.258818 0 0.965926 -0.965926 0 0.258818 0 -1 0 32017.dat
1 0 -41.3632 -40.896 -89.2599 0.965926 0 0.258818 0.258818 0 -0.965926 0 1 0 2723.dat
1 70 -41.3633 -40.8961 -127.03 0 -0.258818 -0.965926 0 0.965926 -0.258818 1 0 0 15462.dat
1 72 -41.3634 -40.8959 -155.35 0.965926 -0.258818 0 0.258818 0.965926 0 0 0 1 4185a.dat
1 71 -41.3634 -40.896 -165.25 0.965926 -0.258818 0 0.258818 0.965926 0 0 0 1 32123a.dat
1 72 -80.0005 -51.2486 -144.99 0.258818 0 0.965926 -0.965926 0 0.258818 0 -1 0 32017.dat
1 0 -118.638 -61.6012 -89.4593 0.965926 0 0.258818 0.258818 0 -0.965926 0 1 0 2723.dat
1 70 -118.637 -61.6013 -127.35 0 -0.258818 -0.965926 0 0.965926 -0.258818 1 0 0 15462.dat
1 72 -118.637 -61.6011 -155.25 0.965926 -0.258818 0 0.258818 0.965926 0 0 0 1 4185a.dat
1 71 -118.637 -61.6011 -165.57 0.965926 -0.258818 0 0.258818 0.965926 0 0 0 1 32123a.dat
1 71 -118.637 -61.6011 -119.66 0 -0.258818 -0.965926 0 0.965926 -0.258818 1 0 0 62462.dat
1 71 -41.3632 -40.8959 -119.27 0 -0.258818 -0.965926 0 0.965926 -0.258818 1 0 0 62462.dat
1 0 -79.9999 -71.249 -119.99 0 0 -1 0 1 0 1 0 0 2780.dat
1 72 -80.0002 -211.25 -145 0.258821 0 -0.965925 0.965925 0 0.258821 0 -1 0 32017.dat
1 0 -118.637 -200.897 -89.2696 -0.965926 0 0.25882 0.25882 0 0.965926 0 1 0 2723.dat
1 70 -118.637 -200.897 -128 0 -0.25882 0.965926 0 -0.965926 -0.25882 1 0 0 15462.dat
1 72 -118.637 -200.897 -155 -0.965926 -0.25882 0 0.25882 -0.965926 0 0 0 1 4185a.dat
1 71 -118.637 -200.897 -165.26 -0.965926 -0.25882 0 0.25882 -0.965926 0 0 0 1 32123a.dat
1 71 -118.637 -200.897 -119.28 0 -0.25882 0.965926 0 -0.965926 -0.25882 1 0 0 62462.dat
1 72 -80.0004 -211.25 -94.3599 0.258821 0 -0.965925 0.965925 0 0.258821 0 -1 0 32017.dat
1 0 -41.3632 -221.602 -89.4692 -0.965926 0 0.25882 0.25882 0 0.965926 0 1 0 2723.dat
1 70 -41.3631 -221.602 -127.36 0 -0.25882 0.965926 0 -0.965926 -0.25882 1 0 0 15462.dat
1 72 -41.3631 -221.602 -155.26 -0.965926 -0.25882 0 0.25882 -0.965926 0 0 0 1 4185a.dat
1 71 -41.3633 -221.602 -165.58 -0.965926 -0.25882 0 0.25882 -0.965926 0 0 0 1 32123a.dat
1 71 -41.3634 -221.602 -119.67 0 -0.25882 0.965926 0 -0.965926 -0.25882 1 0 0 62462.dat
1 25 -80 -151.249 -110 0 0 -1 0 1 0 1 0 0 32054.dat
1 0 -59.9999 -151.874 -150 -1 0 0 0 -1 0 0 0 1 11455.dat
1 1 -59.9999 -131.874 -90 0 -0.0261809 -0.999657 1 0 0 0 -0.999657 0.0261809 6558.dat
1 0 -60 -111.874 -150 -1 0 0 0 -1 0 0 0 1 11455.dat
1 1 -60 -131.874 -150 0 0 1 -1 0 0 0 -1 0 6558.dat
1 25 -80 -111.249 -110 0 0 -1 0 1 0 1 0 0 32054.dat
1 0 -79.9999 -91.2489 -119.99 0 0 -1 0 1 0 1 0 0 2780.dat
1 72 -0.24647 -84.9721 -129.99 -0.0784606 0 -0.996917 0.996917 0 -0.0784606 0 -1 0 32525.dat
1 1 -99.9382 -92.8182 -139.99 0 -0.0784613 -0.996917 0 -0.996917 0.0784613 -1 0 0 4274.dat
1 0 99.4244 -77.1163 -120.02 0 -0.07846 -0.996917 0 0.996917 -0.07846 1 0 0 2780.dat
1 70 119.548 -41.7085 -120.399 0 0.500008 0.866021 0 0.866021 -0.500008 -1 0 0 24316.dat
1 0 119.545 -41.7054 -129.999 0.866019 0 -0.500012 -0.500012 0 -0.866019 0 1 0 60483.dat
1 1 99.6962 -76.4348 -110 -0.870356 0 -0.492424 0.492424 0 -0.870356 0 -1 0 32316.dat
1 72 119.547 -41.7085 -94.7595 -0.0871669 0 0.996194 -0.996194 0 -0.0871671 0 -1 0 32017.dat
1 0 159.392 -45.1965 -89.6697 0.996194 1.00428e-005 -0.0871669 -0.0871669 0 -0.996194 0 1 0 2723.dat
1 70 159.392 -45.1964 -127.44 0 0.087168 -0.996194 1.11235e-005 0.996194 0.087168 1 -1.15783e-005 0 15462.dat
1 72 159.392 -45.1968 -155.759 0.996194 0.0871677 0 -0.0871677 0.996194 0 0 0 1 4185a.dat
1 71 159.392 -45.1967 -165.659 0.996194 0.0871677 0 -0.0871677 0.996194 0 0 0 1 32123a.dat
1 71 159.392 -45.1967 -119.68 0 0.0871674 -0.996194 1.06031e-005 0.996194 0.0871674 1 -1.05342e-005 0 62462.dat
1 72 119.546 -41.7098 -145.399 -0.0871669 0 0.996194 -0.996194 0 -0.0871671 0 -1 0 32017.dat
1 0 79.6989 -38.2222 -89.8689 0.996194 1.14696e-005 -0.0871672 -0.0871672 0 -0.996194 -1.14037e-005 1 0 2723.dat
1 70 79.6993 -38.2222 -127.76 0 0.0871683 -0.996194 1.14974e-005 0.996194 0.0871683 1 -1.15323e-005 0 15462.dat
1 72 79.699 -38.2219 -155.657 0.996194 0.0871671 0 -0.0871671 0.996194 0 0 0 1 4185a.dat
1 71 79.6993 -38.2222 -165.98 0.996194 0.0871671 0 -0.0871671 0.996194 0 0 0 1 32123a.dat
1 71 79.6993 -38.2222 -120.07 0 0.0871674 -0.996194 1.04988e-005 0.996194 0.0871674 1 -1.04299e-005 0 62462.dat
1 0 109.545 -59.0277 -120 0 0.500012 -0.866019 0 0.866019 0.500012 1 0 0 2780.dat
1 1 79.9992 -111.249 -110 0 -0.034903 -0.999391 0 0.999391 -0.034903 1 0 0 6558.dat
1 71 119.999 -131.249 -130 0 0 -1 1 0 0 0 -1 0 60484.dat
1 1 79.9992 -151.249 -110 0 -0.026181 -0.999657 0 0.999657 -0.026181 1 0 0 6558.dat
1 0 79.9992 -131.249 -90.0002 -1 0 0 0 0 1 0 1 0 32523.dat
1 25 79.9992 -131.249 -90.0002 0 0 -1 0 1 0 1 0 0 32054.dat
1 72 79.9992 -131.249 -130 0 0 1 0 -1 0 1 0 0 11214.dat
1 70 120.787 -220.071 -120.49 0 0.499999 -0.866026 0 -0.866026 -0.499999 -1 0 0 24316.dat
1 0 120.791 -220.069 -130.091 -0.866028 0 -0.499995 -0.499995 0 0.866028 0 1 0 60483.dat
1 1 100.393 -185.66 -110 -0.860267 0 0.509844 -0.509844 0 -0.860267 0 -1 0 32316.dat
1 72 120.789 -220.07 -94.8515 -0.0871537 0 -0.996195 0.996195 0 -0.0871538 0 -1 0 32017.dat
1 0 80.9408 -223.556 -89.7607 -0.996195 -1.04472e-005 -0.0871537 -0.0871537 0 0.996195 -1.04398e-005 1 0 2723.dat
1 70 80.941 -223.556 -127.532 -0.000130931 0.0871514 0.996195 0 -0.996195 0.0871514 1 0 0.000131353 15462.dat
1 71 80.9407 -223.556 -165.752 -0.996195 0.0871549 -1.05603e-005 -0.0871549 -0.996195 0 -1.05603e-005 0 1 32123a.dat
1 72 80.9409 -223.555 -155.852 -0.996195 0.0871549 -1.05603e-005 -0.0871549 -0.996195 0 -1.05603e-005 0 1 4185a.dat
1 72 120.789 -220.069 -145.491 -0.0871537 0 -0.996195 0.996195 0 -0.0871538 0 -1 0 32017.dat
1 0 160.637 -216.583 -89.9604 -0.996195 0 -0.0871528 -0.0871528 0 0.996195 0 1 0 2723.dat
1 70 160.637 -216.583 -127.852 0 0.0871494 0.996195 0 -0.996195 0.0871494 1 0 0 15462.dat
1 72 160.637 -216.583 -155.749 -0.996195 0.0871554 0 -0.0871554 -0.996195 0 0 0 1 4185a.dat
1 71 160.637 -216.583 -166.073 -0.996195 0.0871554 0 -0.0871554 -0.996195 0 0 0 1 32123a.dat
1 71 160.637 -216.583 -120.162 0 0.0871543 0.996195 -1.08725e-005 -0.996195 0.0871543 1 -1.08578e-005 0 62462.dat
1 71 80.941 -223.556 -119.772 0 0.0871536 0.996195 -1.15538e-005 -0.996195 0.0871536 1 -1.15391e-005 0 62462.dat
1 0 100.393 -185.66 -120 0 0.499996 0.866028 0 -0.866028 0.499996 1 0 0 2780.dat
1 72 -0.24664 -177.526 -129.991 0.0784585 0 -0.996918 0.996918 0 0.0784583 0 -1 0 32525.dat
1 1 -99.9383 -169.68 -139.991 0 -0.0784613 -0.996917 0 -0.996917 0.0784613 -1 0 0 4274.dat
1 0 -80 -171.249 -120 0 0 1 0 -1 0 1 0 0 2780.dat
1 0 110.789 -202.747 -120.092 0 0.499996 0.866028 0 -0.866028 0.499996 1 0 0 2780.dat
1 25 120 -131.249 -90.0002 0 1 0 0 0 1 1 0 0 32054.dat
1 72 120 -131.249 -130 0 0 1 0 -1 0 1 0 0 11214.dat
1 1 -180 -151.874 -150 -1 0 0 0 -1 0 0 0 1 32140.dat
1 1 -180 -141.874 -150 0 0 1 -1 0 0 0 -1 0 43093.dat
1 0 -180 -141.874 -90 0 0 -1 1 0 0 0 -1 0 2780.dat
1 71 -240 -131.874 -105 1 0 0 0 1 0 0 0 1 32123a.dat
1 4 -240 -131.874 -120 0 0 -1 0 1 0 1 0 0 3705.dat
1 0 -240 -131.874 -120.35 1 0 0 0 1 0 0 0 1 57519.dat
1 71 -240 -131.874 -134.9 1 0 0 0 1 0 0 0 1 32123a.dat
1 72 280 -131.874 -120 0 1 0 -1 0 0 0 0 1 42529.dat
1 72 280 -131.874 -103 0 -1 0 0 0 -1 1 0 0 59426.dat
1 14 280 -131.874 -105 0 -1 0 1 0 0 0 0 1 32123a.dat
1 1 280 -131.874 -70.0002 1 0 0 0 1 0 0 0 1 69778.dat
1 71 320 -131.249 -70.0001 0 0 1 0 -1 0 1 0 0 63869.dat
1 1 320 -131.249 -80.0001 0 0 1 0 -1 0 1 0 0 43093.dat
1 1 300 -151.249 -50.0001 1 0 0 0 0 1 0 -1 0 6558.dat
1 0 280 -101.874 150 0 1 0 1 0 0 0 0 -1 2780.dat
1 25 280 -111.874 150 0 0 -1 0 -1 0 -1 0 0 32526.dat
1 1 260 -131.874 150 0 1 0 1 0 0 0 0 -1 6558.dat
1 1 280 -191.874 69.9998 0 0 -1 1 0 0 0 -1 0 15100.dat
1 1 280 -191.874 -10.0002 0 0 -1 1 0 0 0 -1 0 15100.dat
1 0 340 -131.249 99.9999 0 -1 0 0 0 1 -1 0 0 2780.dat
1 19 320 -131.249 120 0 0.183348 0.983048 0 0.983048 -0.183348 -1 0 0 99008.dat
1 321 320 -131.249 130 0.983048 0.183348 0 -0.183348 0.983048 0 0 0 1 69779.dat
1 0 300 -131.249 99.9999 0 -1 0 0 0 1 -1 0 0 2780.dat
1 0 220 -131.874 120 0 1 0 0 0 1 1 0 0 2780.dat
1 0 270 -151.874 110 1 0 0 0 0 1 0 -1 0 2780.dat
1 0 240 -131.874 140 0 1 0 0 0 1 1 0 0 2780.dat
1 0 160 -131.874 140 0 1 0 0 0 1 1 0 0 2780.dat
1 1 140 -121.874 150 0 0 1 1 0 0 0 1 0 43093.dat
1 26 140 -111.874 150 1 0 0 0 0 -1 0 1 0 49283.dat
1 3 200 -171.874 150 1 0 0 0 0 -1 0 1 0 49283.dat
1 1 200 -161.874 150 0 0 -1 -1 0 0 0 1 0 43093.dat
1 0 60 -131.874 120 0 0 -1 0 1 0 1 0 0 2780.dat
1 1 80 -151.874 -50.0001 0 -1 0 1 0 0 0 0 1 15100.dat
1 4 70 -151.874 -50.0001 1 0 0 0 0 1 0 -1 0 6628.dat
1 72 119.393 -42.2456 205.639 -0.0871669 0 0.996194 -0.996194 0 -0.0871671 0 -1 0 32017.dat
1 71 159.24 -45.7342 226.221 0.996195 -0.0871538 1.00448e-005 -0.0871538 -0.996195 0 1.00372e-005 0 -1 32123a.dat
1 70 159.24 -45.7342 188 1.66154e-005 -0.0871041 -0.996199 -6.42915e-005 -0.996199 0.0871041 -1 6.2602e-005 -2.21045e-005 15462.dat
1 72 159.239 -45.7345 215.898 0.996195 -0.0871539 1.00448e-005 -0.0871539 -0.996195 0 1.00372e-005 0 -1 4185a.dat
1 0 159.24 -45.7342 150.109 0.996195 1.0054e-005 0.0871526 -0.0871526 0 0.996195 1.00402e-005 -1 0 2723.dat
1 71 159.238 -45.7339 180.719 0 0.0871674 -0.996194 1.06031e-005 0.996194 0.0871674 1 -1.05342e-005 0 62462.dat
1 72 119.392 -42.247 155 -0.0871669 0 0.996194 -0.996194 0 -0.0871671 0 -1 0 32017.dat
1 71 79.5443 -38.7608 226.221 0.996195 -0.0871538 1.00448e-005 -0.0871538 -0.996195 0 1.00372e-005 0 -1 32123a.dat
1 70 79.5441 -38.7608 188 1.66154e-005 -0.0871041 -0.996199 -6.42915e-005 -0.996199 0.0871041 -1 6.2602e-005 -2.21045e-005 15462.dat
1 72 79.5438 -38.7611 215.898 0.996195 -0.0871539 1.00448e-005 -0.0871539 -0.996195 0 1.00372e-005 0 -1 4185a.dat
1 0 79.5443 -38.7608 150.109 0.996195 1.0054e-005 0.0871526 -0.0871526 0 0.996195 1.00402e-005 -1 0 2723.dat
1 71 79.5452 -38.7593 180.329 0 0.0871674 -0.996194 1.04988e-005 0.996194 0.0871674 1 -1.04299e-005 0 62462.dat
1 0 109.546 -59.6529 180 0 -0.07846 -0.996917 0 0.996917 -0.07846 1 0 0 2780.dat
1 1 -99.9377 -93.4433 200 0 0.0784588 0.996917 0 -0.996917 0.0784588 1 0 0 4274.dat
1 25 -80 -111.874 170 0 0 1 0 1 0 -1 0 0 32054.dat
1 0 -60 -111.874 210 -1 0 0 0 1 0 0 0 -1 11455.dat
1 1 -60 -131.874 150 0 -0.0261809 -0.999657 1 0 0 0 -0.999657 0.0261809 6558.dat
1 0 -60 -151.874 210 -1 0 0 0 1 0 0 0 -1 11455.dat
1 1 -60 -131.874 210 0 0 1 -1 0 0 0 -1 0 6558.dat
1 25 -80 -151.874 170 0 0 1 0 1 0 -1 0 0 32054.dat
1 0 -80 -191.874 180 0 0 1 0 -1 0 1 0 0 2780.dat
1 72 -80 -51.8741 205 0.258818 0 0.965926 -0.965926 0 0.258818 0 -1 0 32017.dat
1 71 -118.637 -62.227 226.221 0.996195 -0.0871538 1.00448e-005 -0.0871538 -0.996195 0 1.00372e-005 0 -1 32123a.dat
1 70 -118.637 -62.2271 188 1.66154e-005 -0.0871041 -0.996199 -6.42915e-005 -0.996199 0.0871041 -1 6.2602e-005 -2.21045e-005 15462.dat
1 72 -118.637 -62.2274 215.898 0.996195 -0.0871539 1.00448e-005 -0.0871539 -0.996195 0 1.00372e-005 0 -1 4185a.dat
1 0 -118.637 -62.2271 150.109 0.996195 1.0054e-005 0.0871526 -0.0871526 0 0.996195 1.00402e-005 -1 0 2723.dat
1 71 -118.637 -62.2265 180 0 -0.258818 -0.965926 0 0.965926 -0.258818 1 0 0 62462.dat
1 72 -80.0001 -51.8738 155 0.258818 0 0.965926 -0.965926 0 0.258818 0 -1 0 32017.dat
1 71 -41.3628 -41.5219 226.221 0.996195 -0.0871538 1.00448e-005 -0.0871538 -0.996195 0 1.00372e-005 0 -1 32123a.dat
1 70 -41.3629 -41.5219 188 1.66154e-005 -0.0871041 -0.996199 -6.42915e-005 -0.996199 0.0871041 -1 6.2602e-005 -2.21045e-005 15462.dat
1 72 -41.3632 -41.5223 215.898 0.996195 -0.0871539 1.00448e-005 -0.0871539 -0.996195 0 1.00372e-005 0 -1 4185a.dat
1 0 -41.3627 -41.5219 150.109 0.996195 1.0054e-005 0.0871526 -0.0871526 0 0.996195 1.00402e-005 -1 0 2723.dat
1 71 -41.3629 -41.5213 180.39 0 -0.258818 -0.965926 0 0.965926 -0.258818 1 0 0 62462.dat
1 0 -80 -71.8741 180 0 0 -1 0 1 0 1 0 0 2780.dat
1 72 -80 -211.874 155 0.241144 0 -0.970489 0.970489 0 0.241144 0 -1 0 32017.dat
1 0 -118.82 -202.228 150.109 0.99762 0 0.0689499 -0.0689499 1.28593e-005 0.99762 0 -1 1.35027e-005 2723.dat
1 70 -118.82 -202.228 188 2.16431e-005 -0.0688863 -0.997625 -6.45976e-005 -0.997625 0.0688863 -1 6.29597e-005 -2.58562e-005 15462.dat
1 72 -118.82 -202.229 215.898 0.99762 -0.0689512 0 -0.0689512 -0.99762 0 0 0 -1 4185a.dat
1 71 -118.82 -202.229 226.221 0.99762 -0.0689512 0 -0.0689512 -0.99762 0 0 0 -1 32123a.dat
1 72 -80 -211.874 205 0.24114 0 -0.97049 0.97049 0 0.24114 0 -1 0 32017.dat
1 71 -41.1802 -221.52 226.221 0.996195 -0.0871539 1.00448e-005 -0.0871539 -0.996195 0 1.00372e-005 0 -1 32123a.dat
1 70 -41.1804 -221.52 188 1.66154e-005 -0.0871062 -0.996199 -6.6339e-005 -0.996199 0.0871062 -1 6.46421e-005 -2.22728e-005 15462.dat
1 0 -41.1802 -221.52 150.109 0.996195 1.0054e-005 0.0871526 -0.0871526 0 0.996195 1.00402e-005 -1 0 2723.dat
1 72 -41.1807 -221.521 215.898 0.996195 -0.0871539 1.00448e-005 -0.0871539 -0.996195 0 1.00372e-005 0 -1 4185a.dat
1 71 -41.1804 -221.52 180 0 -0.25882 0.965926 0 -0.965926 -0.25882 1 0 0 62462.dat
1 71 -118.82 -202.228 180 0 -0.241141 0.97049 -1.30805e-005 -0.97049 -0.241141 1 -1.25705e-005 0 62462.dat
1 0 -240 -131.874 180 1 0 0 0 1 0 0 0 1 57519.dat
1 4 -240 -131.874 180 0 0 -1 0 1 0 1 0 0 3705.dat
1 71 -240 -131.874 195 1 0 0 0 1 0 0 0 1 32123a.dat
1 71 -240 -131.874 165.1 1 0 0 0 1 0 0 0 1 32123a.dat
1 3 20 -151.874 150 1 0 0 0 0 -1 0 1 0 49283.dat
1 1 20 -141.874 150 0 0 -1 -1 0 0 0 1 0 43093.dat
1 0 70 -131.259 -169.98 -1 0 0 0 1 0 0 0 -1 2780.dat
1 1 40 -151.259 -169.99 0 0 -1 -1 0 0 0 1 0 11947.dat
1 1 50 -151.259 -169.99 -1 0 0 0 -1 0 0 0 1 43093.dat
1 1 100 -151.259 -169.99 1 0 0 0 1 0 0 0 1 6558.dat
1 72 100 -151.259 -150.615 0 0 -1 1 0 0 0 -1 0 6536.dat
1 1 100 -141.249 -150 0 0 1 -1 0 0 0 -1 0 43093.dat
1 1 130 -151.259 -169.99 -1 0 0 0 0 -1 0 -1 0 62462.dat
1 0 90 -151.259 -189.99 -1 0 0 0 1 0 0 0 -1 2780.dat
1 1 110 -151.259 -189.99 -1 0 0 0 0 -1 0 -1 0 62462.dat
0 SYNTH BEGIN ELECTRIC_POWER_FUNCTIONS_CABLE 16
0 SYNTH SHOW
0 SYNTH SYNTHESIZED BEGIN
0 MLCAD BTG cable1
1 72 320 -118 -49.99 -0 0.0066 1 0.9999 0.0197 -0 0.0166 -1.1815 0.0056 LS70.dat
0 MLCAD BTG cable1
1 72 320.003 -117.991 -50.549 0.0192 0.0186 0.9997 0.9986 0.0566 -0.0199 0.0498 -1.1415 0.0153 LS70.dat
0 MLCAD BTG cable1
1 72 320.012 -117.964 -51.0855 0.0372 0.0293 0.999 0.9959 0.0905 -0.0393 0.0825 -1.106 0.0233 LS70.dat
0 MLCAD BTG cable1
1 72 320.026 -117.921 -51.6061 0.0545 0.0384 0.9979 0.9919 0.121 -0.0582 0.1145 -1.0666 0.0293 LS70.dat
0 MLCAD BTG cable1
1 72 320.044 -117.865 -52.1062 0.0708 0.0465 0.9965 0.9868 0.1494 -0.0765 0.1457 -1.034 0.0337 LS70.dat
0 MLCAD BTG cable1
1 72 320.066 -117.794 -52.593 0.0865 0.053 0.9949 0.9806 0.1737 -0.0944 0.1761 -0.9931 0.0366 LS70.dat
0 MLCAD BTG cable1
1 72 320.091 -117.712 -53.0621 0.1015 0.0584 0.993 0.9734 0.1951 -0.1115 0.2054 -0.9532 0.038 LS70.dat
0 MLCAD BTG cable1
1 72 320.118 -117.62 -53.5132 0.1157 0.0629 0.991 0.9654 0.2146 -0.128 0.2336 -0.9178 0.038 LS70.dat
0 MLCAD BTG cable1
1 72 320.148 -117.518 -53.95 0.1294 0.0665 0.9889 0.9567 0.2319 -0.1437 0.2607 -0.8841 0.0367 LS70.dat
0 MLCAD BTG cable1
1 72 320.18 -117.407 -54.3724 0.1425 0.0696 0.9867 0.9473 0.2481 -0.1588 0.2868 -0.8543 0.0342 LS70.dat
0 MLCAD BTG cable1
1 72 320.213 -117.288 -54.7839 0.1553 0.0715 0.9844 0.9374 0.2608 -0.1733 0.3117 -0.8197 0.0308 LS70.dat
0 MLCAD BTG cable1
1 72 320.248 -117.161 -55.1808 0.1675 0.0729 0.982 0.927 0.2726 -0.187 0.3355 -0.7895 0.0262 LS70.dat
0 MLCAD BTG cable1
1 72 320.284 -117.028 -55.567 0.1795 0.0735 0.9796 0.9162 0.281 -0.2 0.3582 -0.7557 0.0208 LS70.dat
0 MLCAD BTG cable1
1 72 320.32 -116.89 -55.9387 0.191 0.0738 0.9771 0.9052 0.2896 -0.2123 0.3797 -0.7275 0.0146 LS70.dat
0 MLCAD BTG cable1
1 72 320.356 -116.746 -56.2997 0.2023 0.0738 0.9746 0.8939 0.2971 -0.2239 0.4 -0.7012 0.0076 LS70.dat
0 MLCAD BTG cable1
1 72 320.393 -116.598 -56.6502 0.2132 0.0731 0.972 0.8824 0.3025 -0.2349 0.4193 -0.6738 0 LS70.dat
0 MLCAD BTG cable1
1 72 320.43 -116.445 -56.9902 0.2239 0.0724 0.9694 0.8709 0.3081 -0.2452 0.4376 -0.6502 -0.0082 LS70.dat
0 MLCAD BTG cable1
1 72 320.467 -116.289 -57.3199 0.2344 0.0717 0.9669 0.8592 0.314 -0.2548 0.4548 -0.63 -0.017 LS70.dat
0 MLCAD BTG cable1
1 72 320.504 -116.128 -57.6429 0.2447 0.07 0.9642 0.8474 0.316 -0.2639 0.4712 -0.6046 -0.0263 LS70.dat
0 MLCAD BTG cable1
1 72 320.54 -115.964 -57.9558 0.2549 0.0684 0.9615 0.8357 0.3187 -0.2723 0.4865 -0.5834 -0.0361 LS70.dat
0 MLCAD BTG cable1
1 72 320.575 -115.799 -58.2589 0.2648 0.067 0.9589 0.824 0.3225 -0.2801 0.5009 -0.5659 -0.0461 LS70.dat
0 MLCAD BTG cable1
1 72 320.611 -115.629 -58.5556 0.2746 0.0652 0.9562 0.8123 0.3254 -0.2873 0.5145 -0.5487 -0.0567 LS70.dat
0 MLCAD BTG cable1
1 72 320.645 -115.457 -58.8461 0.2843 0.063 0.9534 0.8007 0.3256 -0.2941 0.5273 -0.5284 -0.0675 LS70.dat
0 MLCAD BTG cable1
1 72 320.679 -115.284 -59.1272 0.2939 0.0611 0.9506 0.7893 0.328 -0.3002 0.5391 -0.5134 -0.0787 LS70.dat
0 MLCAD BTG cable1
1 72 320.711 -115.108 -59.4022 0.3033 0.059 0.9478 0.778 0.33 -0.3058 0.5503 -0.4991 -0.0902 LS70.dat
0 MLCAD BTG cable1
1 72 320.743 -114.93 -59.6714 0.3127 0.0568 0.945 0.7667 0.3316 -0.3109 0.5607 -0.4851 -0.1018 LS70.dat
0 MLCAD BTG cable1
1 72 320.774 -114.75 -59.9348 0.322 0.0546 0.9421 0.7556 0.3332 -0.3156 0.5704 -0.4722 -0.1138 LS70.dat
0 MLCAD BTG cable1
1 72 320.804 -114.569 -60.1925 0.3313 0.0521 0.9391 0.7447 0.3341 -0.3197 0.5794 -0.4593 -0.126 LS70.dat
0 MLCAD BTG cable1
1 72 320.832 -114.385 -60.4446 0.3404 0.0496 0.9361 0.734 0.3351 -0.3234 0.5877 -0.4472 -0.1384 LS70.dat
0 MLCAD BTG cable1
1 72 320.86 -114.2 -60.6912 0.3495 0.047 0.933 0.7235 0.3358 -0.3266 0.5953 -0.4357 -0.151 LS70.dat
0 MLCAD BTG cable1
1 72 320.886 -114.015 -60.9324 0.3586 0.0445 0.9299 0.7131 0.3372 -0.3293 0.6024 -0.4256 -0.1637 LS70.dat
0 MLCAD BTG cable1
1 72 320.911 -113.828 -61.1683 0.3675 0.0421 0.9268 0.703 0.3409 -0.3316 0.6088 -0.419 -0.1766 LS70.dat
0 MLCAD BTG cable1
1 72 320.934 -113.638 -61.402 0.3766 0.0393 0.9235 0.6931 0.3415 -0.3335 0.6147 -0.4092 -0.1897 LS70.dat
0 MLCAD BTG cable1
1 72 320.956 -113.447 -61.6306 0.3855 0.0364 0.9201 0.6834 0.3421 -0.3349 0.6199 -0.3998 -0.2029 LS70.dat
0 MLCAD BTG cable1
1 72 320.976 -113.256 -61.8541 0.3944 0.0338 0.9167 0.674 0.3467 -0.336 0.6247 -0.3954 -0.2163 LS70.dat
0 MLCAD BTG cable1
1 72 320.995 -113.061 -62.0756 0.4033 0.0307 0.9132 0.6648 0.3475 -0.3366 0.6288 -0.387 -0.2298 LS70.dat
0 MLCAD BTG cable1
1 72 321.012 -112.867 -62.292 0.4121 0.0277 0.9096 0.6559 0.3513 -0.3367 0.6324 -0.3824 -0.2435 LS70.dat
0 MLCAD BTG cable1
1 72 321.028 -112.67 -62.5066 0.421 0.0245 0.9058 0.6472 0.3533 -0.3365 0.6356 -0.3759 -0.2573 LS70.dat
0 MLCAD BTG cable1
1 72 321.041 -112.473 -62.7162 0.4298 0.0211 0.902 0.6388 0.3574 -0.3358 0.6381 -0.372 -0.2713 LS70.dat
0 MLCAD BTG cable1
1 72 321.053 -112.273 -62.924 0.4386 0.0178 0.898 0.6306 0.3632 -0.3348 0.6402 -0.3699 -0.2854 LS70.dat
0 MLCAD BTG cable1
1 72 321.063 -112.071 -63.1298 0.4475 0.014 0.8939 0.6228 0.3645 -0.3333 0.6418 -0.3635 -0.2998 LS70.dat
0 MLCAD BTG cable1
1 72 321.071 -111.87 -63.3309 0.4562 0.0102 0.8897 0.6154 0.3694 -0.3314 0.6428 -0.3609 -0.3142 LS70.dat
0 MLCAD BTG cable1
1 72 321.077 -111.666 -63.5301 0.465 0.0062 0.8852 0.6081 0.3778 -0.3291 0.6434 -0.3616 -0.3287 LS70.dat
0 MLCAD BTG cable1
1 72 321.08 -111.459 -63.7275 0.4738 0.0017 0.8806 0.6013 0.3821 -0.3262 0.6434 -0.3584 -0.3436 LS70.dat
0 MLCAD BTG cable1
1 72 321.081 -111.251 -63.9229 0.4826 -0.0029 0.8759 0.5948 0.3908 -0.3231 0.6429 -0.3593 -0.3584 LS70.dat
0 MLCAD BTG cable1
1 72 321.079 -111.041 -64.1165 0.4913 -0.008 0.8708 0.5887 0.397 -0.3194 0.6419 -0.358 -0.3737 LS70.dat
0 MLCAD BTG cable1
1 72 321.075 -110.828 -64.3081 0.5001 -0.0135 0.8656 0.5829 0.4054 -0.3153 0.6404 -0.3585 -0.389 LS70.dat
0 MLCAD BTG cable1
1 72 321.068 -110.614 -64.4977 0.5088 -0.0194 0.8601 0.5776 0.4132 -0.3107 0.6383 -0.3585 -0.4045 LS70.dat
0 MLCAD BTG cable1
1 72 321.058 -110.397 -64.6854 0.5175 -0.0258 0.8544 0.5728 0.4228 -0.3056 0.6357 -0.3599 -0.4202 LS70.dat
0 MLCAD BTG cable1
1 72 321.045 -110.179 -64.871 0.5261 -0.0328 0.8484 0.5685 0.431 -0.3 0.6325 -0.3602 -0.4361 LS70.dat
0 MLCAD BTG cable1
1 72 321.028 -109.96 -65.0546 0.5347 -0.0403 0.8421 0.5646 0.4402 -0.2939 0.6287 -0.3611 -0.4522 LS70.dat
0 MLCAD BTG cable1
1 72 321.008 -109.738 -65.2361 0.5431 -0.0488 0.8355 0.5613 0.4538 -0.2874 0.6244 -0.3655 -0.4684 LS70.dat
0 MLCAD BTG cable1
1 72 320.984 -109.516 -65.4154 0.5515 -0.0585 0.8285 0.5587 0.4686 -0.2801 0.6194 -0.3707 -0.4849 LS70.dat
0 MLCAD BTG cable1
1 72 320.955 -109.289 -65.5951 0.5598 -0.0686 0.821 0.5567 0.4798 -0.2724 0.6138 -0.3727 -0.5017 LS70.dat
0 MLCAD BTG cable1
1 72 320.923 -109.06 -65.7725 0.5679 -0.0799 0.8132 0.5553 0.494 -0.2641 0.6076 -0.3769 -0.5187 LS70.dat
0 MLCAD BTG cable1
1 72 320.886 -108.831 -65.9475 0.5758 -0.0935 0.8048 0.5547 0.5145 -0.2552 0.6006 -0.3855 -0.5358 LS70.dat
0 MLCAD BTG cable1
1 72 320.843 -108.597 -66.1224 0.5835 -0.1085 0.7959 0.555 0.5337 -0.2455 0.5929 -0.3928 -0.5534 LS70.dat
0 MLCAD BTG cable1
1 72 320.795 -108.36 -66.2971 0.591 -0.1242 0.7863 0.5561 0.5496 -0.2352 0.5844 -0.3972 -0.5713 LS70.dat
0 MLCAD BTG cable1
1 72 320.741 -108.122 -66.469 0.5981 -0.1432 0.7761 0.5581 0.5723 -0.2243 0.5752 -0.4064 -0.5894 LS70.dat
0 MLCAD BTG cable1
1 72 320.681 -107.881 -66.6404 0.6048 -0.1645 0.7651 0.5611 0.5955 -0.2126 0.5651 -0.4153 -0.6078 LS70.dat
0 MLCAD BTG cable1
1 72 320.613 -107.636 -66.8109 0.6111 -0.187 0.7533 0.5653 0.615 -0.2002 0.5541 -0.4213 -0.6265 LS70.dat
0 MLCAD BTG cable1
1 72 320.539 -107.392 -66.9782 0.6167 -0.2131 0.7406 0.5707 0.6381 -0.187 0.5422 -0.4294 -0.6454 LS70.dat
0 MLCAD BTG cable1
1 72 320.457 -107.145 -67.1443 0.6216 -0.2434 0.7269 0.5774 0.6651 -0.1733 0.5294 -0.4397 -0.6645 LS70.dat
0 MLCAD BTG cable1
1 72 320.365 -106.896 -67.3089 0.6257 -0.2787 0.7121 0.5854 0.6957 -0.1588 0.5156 -0.4517 -0.6839 LS70.dat
0 MLCAD BTG cable1
1 72 320.265 -106.646 -67.4717 0.6287 -0.3194 0.696 0.595 0.728 -0.1433 0.5007 -0.4642 -0.7036 LS70.dat
0 MLCAD BTG cable1
1 72 320.153 -106.391 -67.6343 0.6306 -0.3623 0.6784 0.6063 0.7542 -0.1273 0.4845 -0.4723 -0.7236 LS70.dat
0 MLCAD BTG cable1
1 72 320.03 -106.135 -67.7944 0.6311 -0.411 0.6593 0.6191 0.7817 -0.1106 0.4674 -0.4807 -0.7437 LS70.dat
0 MLCAD BTG cable1
1 72 319.896 -105.879 -67.9515 0.6298 -0.468 0.6386 0.6338 0.8127 -0.0934 0.4491 -0.4907 -0.7638 LS70.dat
0 MLCAD BTG cable1
1 72 319.748 -105.622 -68.1071 0.6267 -0.5288 0.6161 0.6502 0.8376 -0.0758 0.4296 -0.4965 -0.784 LS70.dat
0 MLCAD BTG cable1
1 72 319.586 -105.366 -68.2588 0.6212 -0.5849 0.5917 0.6685 0.844 -0.0579 0.4089 -0.4911 -0.8041 LS70.dat
0 MLCAD BTG cable1
1 72 319.409 -105.11 -68.4079 0.6137 -0.6454 0.5658 0.6879 0.8493 -0.0407 0.3876 -0.4854 -0.8236 LS70.dat
0 MLCAD BTG cable1
1 72 319.225 -104.869 -68.5457 0.603 -0.7411 0.5383 0.7089 0.8874 -0.0233 0.3657 -0.4981 -0.8424 LS70.dat
0 MLCAD BTG cable1
1 72 319.016 -104.618 -68.6864 0.5893 -0.7946 0.508 0.7318 0.862 -0.0062 0.3423 -0.4749 -0.8613 LS70.dat
0 MLCAD BTG cable1
1 72 318.788 -104.371 -68.8225 0.5733 -0.8185 0.477 0.7548 0.8059 0.0088 0.3187 -0.4362 -0.8789 LS70.dat
0 MLCAD BTG cable1
1 72 318.565 -104.151 -68.9414 0.5548 -0.8901 0.4463 0.7775 0.7967 0.0225 0.2963 -0.424 -0.8946 LS70.dat
0 MLCAD BTG cable1
1 72 318.324 -103.936 -69.0561 0.5332 -0.9474 0.4142 0.8006 0.7682 0.0348 0.2734 -0.402 -0.9095 LS70.dat
0 MLCAD BTG cable1
1 72 318.066 -103.726 -69.1658 0.509 -0.9874 0.3814 0.8235 0.7237 0.0452 0.2506 -0.3725 -0.9233 LS70.dat
0 MLCAD BTG cable1
1 72 317.798 -103.53 -69.2667 0.4826 -1.0437 0.3487 0.8456 0.69 0.0536 0.2283 -0.3494 -0.9357 LS70.dat
0 MLCAD BTG cable1
1 72 317.516 -103.344 -69.3612 0.4533 -1.0663 0.3156 0.8672 0.6324 0.0602 0.2062 -0.3151 -0.947 LS70.dat
0 MLCAD BTG cable1
