0 AT-TE
0 Name: 4495 AT-TE.ldr
0 Author: Stas Smirnov
0 Official Model
0 !COLOUR SandBlue CODE 64 VALUE #88A2B5 EDGE 0 ALPHA 255
0 !COLOUR Chrome CODE 65 VALUE #A1A29B EDGE 0 ALPHA 255
0 !COLOUR Silver CODE 66 VALUE #C7C7C7 EDGE 0 ALPHA 255
0 !COLOUR Gold CODE 67 VALUE #BBBD39 EDGE 0 ALPHA 255
0 !COLOUR Pearl_Very_Light_Grey CODE 150 VALUE #BBBDBC EDGE #333333 ALPHA 255
0 !COLOUR Olive_Green CODE 326 VALUE #9B9A5A EDGE #333333 ALPHA 255
0 !COLOUR unused CODE 330 VALUE #7F7F7F EDGE #000000 ALPHA 255
0 !COLOUR unused CODE 350 VALUE #7F7F7F EDGE #000000 ALPHA 255
0 ROTATION CENTER -36.6898 -46.0091 -108.909 1 "Custom" 
0 ROTATION CONFIG 0 1
1 72 -20 8 0 0 0 1 0 1 0 -1 0 0 3035.dat
1 0 -20 -24 0 0 0 1 0 1 0 -1 0 0 3035.dat
1 71 -20 -32 50 0 0 -1 0 1 0 1 0 0 3021.dat
1 72 -20 -56 -30 1 0 0 0 1 0 0 0 1 3298.dat
1 71 -20 -80 -30 1 0 0 0 1 0 0 0 1 3937.dat
1 0 -20 -71.811 -39.862 1 0 0 0 0.173647 -0.984808 0 0.984808 0.173647 3938.dat
1 72 -20 -73.2 -47.741 1 0 0 0 0.173647 -0.984808 0 0.984808 0.173647 3794a.dat
1 320 -20 -77.367 -71.376 1 0 0 0 0.173647 -0.984808 0 0.984808 0.173647 4589.dat
1 0 -20 -95.427 -173.796 1 0 0 0 -0.173647 0.984808 0 -0.984808 -0.173647 4095.dat
1 72 -20 -56 30 -1 0 0 0 1 0 0 0 -1 30363.dat
1 71 -20 -32 -50 0 0 -1 0 1 0 1 0 0 3021.dat
1 0 -20 -48 -10 1 0 0 0 1 0 0 0 1 3004.dat
1 71 -20 -72 -10 -1 0 0 0 1 0 0 0 -1 3048.dat
1 71 10 -48 20 -1 0 0 0 1 0 0 0 -1 41747ps1.dat
1 71 -50 -48 20 -1 0 0 0 1 0 0 0 -1 41748ps1.dat
1 71 -50 -48 -20 1 0 0 0 1 0 0 0 1 41747ps1.dat
1 71 10 -48 -20 1 0 0 0 1 0 0 0 1 41748ps1.dat
1 72 30 -24 0 0 0 1 0 1 0 -1 0 0 3710.dat
1 72 -70 -24 0 0 0 1 0 1 0 -1 0 0 3710.dat
1 71 10 -16 60 0 0 -1 0 1 0 1 0 0 30365.dat
1 71 -50 -16 60 0 0 -1 0 1 0 1 0 0 30365.dat
1 71 -50 -16 -60 0 0 1 0 1 0 -1 0 0 30365.dat
1 71 -50 8.15 -104.15 -1 0 0 0 0.707107 0.707107 0 0.707107 -0.707107 30554.dat
1 72 -50 28.25 -128.3 0 0 -1 0 1 0 1 0 0 30383.dat
1 72 10 28.25 -128.3 0 0 -1 0 1 0 1 0 0 30383.dat
1 72 10 28.25 128.3 0 0 1 0 1 0 -1 0 0 30383.dat
1 72 -50 28.25 128.3 0 0 1 0 1 0 -1 0 0 30383.dat
1 72 -108.3 28.25 0 1 0 0 0 1 0 0 0 1 30383.dat
1 72 68.3 28.25 0 -1 0 0 0 1 0 0 0 -1 30383.dat
1 71 10 8.15 -104.15 -1 0 0 0 0.707107 0.707107 0 0.707107 -0.707107 30554.dat
1 71 44.15 8.15 0 0 -0.707107 0.707107 0 0.707107 0.707107 -1 0 0 30554.dat
1 71 -84.15 8.15 0 0 0.707107 -0.707107 0 0.707107 0.707107 1 0 0 30554.dat
1 71 -50 8.15 104.15 1 0 0 0 0.707107 0.707107 0 -0.707107 0.707107 30554.dat
1 71 10 8.15 104.15 1 0 0 0 0.707107 0.707107 0 -0.707107 0.707107 30554.dat
1 71 10 -16 -60 0 0 1 0 1 0 -1 0 0 30365.dat
1 0 -20 -16 -70 1 0 0 0 1 0 0 0 1 32000.dat
1 72 -20 -16 -90 -1 0 0 0 1 0 0 0 -1 30526.dat
1 71 -20 8 -110 0 0 1 0 1 0 -1 0 0 3021.dat
1 72 -20 0 -110 1 0 0 0 1 0 0 0 1 3794a.dat
1 72 -20 0 -130 1 0 0 0 1 0 0 0 1 3794a.dat
1 320 -20 -24 -130 1 0 0 0 1 0 0 0 1 4733.dat
1 42 -20 -56 -130 1 0 0 0 1 0 0 0 1 4070.dat
1 71 -20 -56 -90 -1 0 0 0 1 0 0 0 -1 4070.dat
1 72 -20 -56 -110 1 0 0 0 1 0 0 0 1 4733.dat
1 0 -2 -14 -130 0 -1 0 1 0 0 0 0 1 4592.dat
1 0 -2 -46 -110 0 -1 0 1 0 0 0 0 1 4592.dat
1 71 -2 -46 -110 0 -0.707107 0.707107 1 0 0 0 0.707107 0.707107 4593.dat
1 0 -38 -14 -130 0 1 0 -1 0 0 0 0 1 4592.dat
1 0 -38 -46 -110 0 1 0 -1 0 0 0 0 1 4592.dat
1 71 -38 -46 -110 0 0.707107 -0.707107 -1 0 0 0 0.707107 0.707107 4593.dat
1 71 -2 -14 -130 0 0 -1 -1 0 0 0 1 0 4593.dat
1 71 -38 -14 -130 0 0 -1 -1 0 0 0 1 0 4593.dat
1 42 -20 -14 -148 1 0 0 0 0 -1 0 1 0 3070b.dat
1 42 -20 -46 -144 1 0 0 0 0 -1 0 1 0 3070b.dat
1 320 -20 -32 -110 0 0 1 0 1 0 -1 0 0 3623.dat
1 320 -20 -64 -120 0 0 -1 0 1 0 1 0 0 3069b.dat
1 71 -20 -64 -90 1 0 0 0 1 0 0 0 1 3070b.dat
1 72 -20 -24 -90 1 0 0 0 1 0 0 0 1 3794a.dat
1 71 -20 -16 70 -1 0 0 0 1 0 0 0 -1 3747a.dat
1 0 -30 -24 110 1 0 0 0 1 0 0 0 1 4592.dat
1 0 -10 -24 110 1 0 0 0 1 0 0 0 1 4592.dat
1 71 -10 -24 110 1 0 0 0 0 1 0 -1 0 4593.dat
1 71 -30 -24 110 1 0 0 0 0 1 0 -1 0 4593.dat
1 71 10 -16 30 0 0 -1 0 1 0 1 0 0 3665.dat
1 72 0 -16 0 1 0 0 0 1 0 0 0 1 40902.dat
1 72 -40 -16 0 -1 0 0 0 1 0 0 0 -1 40902.dat
1 71 -50 -16 30 0 0 1 0 1 0 -1 0 0 3665.dat
1 71 10 -16 -30 0 0 -1 0 1 0 1 0 0 3665.dat
1 71 -50 -16 -30 0 0 1 0 1 0 -1 0 0 3665.dat
0
