0 Metroliner
0 Name: 4558-1.ldr

0 ROTATION CENTER 0 0 0 1 "Custom" 
0 ROTATION CONFIG 0 0
1 8 162 0 36 1 0 0 0 1 0 0 0 1 2865.dat
1 8 482 0 36 1 0 0 0 1 0 0 0 1 2865.dat
1 8 162 0 -1564 1 0 0 0 1 0 0 0 1 2865.dat
1 8 482 0 -1564 1 0 0 0 1 0 0 0 1 2865.dat
1 8 642 0 36 1 0 0 0 1 0 0 0 1 74747c04.dat
1 8 -798 0 -764 0 0 -1 0 1 0 1 0 0 74747c04.dat
1 8 1442 0 -764 0 0 1 0 1 0 -1 0 0 74747c04.dat
1 8 2 0 -1564 -1 0 0 0 1 0 0 0 -1 74747c04.dat
1 0 2 0 196 0 0 -1 0 1 0 1 0 0 3795.dat
0 MLCAD BTG platform
1 0 2 -24 146 1 0 0 0 1 0 0 0 1 3298.dat
0 MLCAD BTG platform
1 0 162 0 196 0 0 -1 0 1 0 1 0 0 3795.dat
0 MLCAD BTG platform
1 0 162 -24 246 -1 0 0 0 1 0 0 0 -1 3004.dat
0 MLCAD BTG platform
1 0 162 -24 146 1 0 0 0 1 0 0 0 1 3298.dat
0 MLCAD BTG platform
1 0 2 -24 166 -1 0 0 0 1 0 0 0 -1 3004.dat
0 MLCAD BTG platform
1 0 2 -32 156 -1 0 0 0 1 0 0 0 -1 3022.dat
0 MLCAD BTG platform
1 0 2 -32 236 -1 0 0 0 1 0 0 0 -1 3022.dat
0 MLCAD BTG platform
1 0 2 -24 236 -1 0 0 0 1 0 0 0 -1 3003.dat
0 MLCAD BTG platform
1 0 2 -40 166 -1 0 0 0 1 0 0 0 -1 4275b.dat
0 MLCAD BTG platform
1 0 2 -40 226 -1 0 0 0 1 0 0 0 -1 4275b.dat
0 MLCAD BTG platform
1 0 2 -40 246 -1 0 0 0 1 0 0 0 -1 3023.dat
0 MLCAD BTG platform
1 0 2 -40 146 -1 0 0 0 1 0 0 0 -1 3023.dat
0 MLCAD BTG platform
1 0 -96.2534 -19.9542 166 0.95882 0.284015 0 -0.284015 0.95882 0 0 0 1 4504.dat
0 MLCAD BTG platform
1 0 -96.2534 -19.9542 226 0.95882 0.284015 0 -0.284015 0.95882 0 0 0 1 4504.dat
0 MLCAD BTG platform
1 0 -98.5256 -27.6248 226 0.95882 0.284015 0 -0.284015 0.95882 0 0 0 1 3666.dat
0 MLCAD BTG platform
1 0 -98.5256 -27.6248 166 0.95882 0.284015 0 -0.284015 0.95882 0 0 0 1 3666.dat
0 MLCAD BTG platform
1 0 2 -48 196 0 0 -1 0 1 0 1 0 0 3795.dat
0 MLCAD BTG platform
1 0 162 -48 196 0 0 -1 0 1 0 1 0 0 2456.dat
0 MLCAD BTG platform
1 7 62 -56 196 -1 0 0 0 1 0 0 0 -1 3033.dat
0 MLCAD BTG platform
1 7 242 -56 196 -1 0 0 0 1 0 0 0 -1 3036.dat
0 MLCAD BTG platform
1 0 322 -48 196 0 0 -1 0 1 0 1 0 0 2456.dat
0 MLCAD BTG platform
1 0 322 -24 146 1 0 0 0 1 0 0 0 1 3298.dat
0 MLCAD BTG platform
1 0 322 -24 246 -1 0 0 0 1 0 0 0 -1 3004.dat
0 MLCAD BTG platform
1 0 322 0 196 0 0 -1 0 1 0 1 0 0 3795.dat
0 MLCAD BTG platform
1 7 402 -56 196 -1 0 0 0 1 0 0 0 -1 3036.dat
0 MLCAD BTG platform
1 0 482 -48 196 0 0 -1 0 1 0 1 0 0 2456.dat
0 MLCAD BTG platform
1 0 482 -24 146 1 0 0 0 1 0 0 0 1 3298.dat
0 MLCAD BTG platform
1 0 482 -24 246 -1 0 0 0 1 0 0 0 -1 3004.dat
0 MLCAD BTG platform
1 0 482 0 196 0 0 -1 0 1 0 1 0 0 3795.dat
0 MLCAD BTG platform
1 7 582 -56 196 -1 0 0 0 1 0 0 0 -1 3033.dat
0 MLCAD BTG platform
1 0 642 -48 196 0 0 -1 0 1 0 1 0 0 2456.dat
0 MLCAD BTG platform
1 0 642 -24 246 -1 0 0 0 1 0 0 0 -1 3004.dat
0 MLCAD BTG platform
1 0 642 0 196 0 0 -1 0 1 0 1 0 0 3795.dat
0 MLCAD BTG platform
1 0 642 -24 146 1 0 0 0 1 0 0 0 1 3298.dat
0 MLCAD BTG platform
1 7 -52.8567 -49.4961 196 0 0.284015 -0.95882 0 0.95882 0.284015 1 0 0 3666.dat
0 MLCAD BTG platform
1 7 -139.15 -23.9347 196 -0.95882 0.284015 0 0.284015 0.95882 0 0 0 -1 3036.dat
0 MLCAD BTG platform
1 15 162 -224 236 -1 0 0 0 1 0 0 0 -1 2039.dat
0 MLCAD BTG platform
1 15 482 -224 236 -1 0 0 0 1 0 0 0 -1 2039.dat
0 MLCAD BTG platform
1 4 232 -64 236 0 0 1 0 1 0 -1 0 0 3023.dat
0 MLCAD BTG platform
1 4 412 -64 236 0 0 1 0 1 0 -1 0 0 3023.dat
0 MLCAD BTG platform
1 4 322 -64 236 0 0 1 0 1 0 -1 0 0 3022.dat
0 MLCAD BTG platform
1 4 322 -72 236 1 0 0 0 1 0 0 0 1 2445.dat
0 MLCAD BTG platform
1 0 582 -104 246 1 0 0 0 1 0 0 0 1 2486.dat
0 MLCAD BTG platform
1 0 62 -104 246 1 0 0 0 1 0 0 0 1 2486.dat
0 MLCAD BTG platform
1 0 672 -80 186 1 0 0 0 1 0 0 0 1 3040a.dat
0 MLCAD BTG platform
1 0 672 -80 206 -1 0 0 0 1 0 0 0 -1 3040a.dat
0 MLCAD BTG platform
1 0 672 -104 196 0 0 -1 0 1 0 1 0 0 3004.dat
0 MLCAD BTG platform
1 46 482 -248 236 0 0 -1 0 1 0 1 0 0 6143.dat
0 MLCAD BTG platform
1 4 422 -80 236 1 0 0 0 1 0 0 0 1 4079.dat
0 MLCAD BTG platform
1 4 362 -80 236 1 0 0 0 1 0 0 0 1 4079.dat
0 MLCAD BTG platform
1 4 222 -80 236 1 0 0 0 1 0 0 0 1 4079.dat
0 MLCAD BTG platform
1 4 282 -80 236 1 0 0 0 1 0 0 0 1 4079.dat
0 MLCAD BTG platform
1 0 672 -176 196 0 0 1 0 1 0 -1 0 0 4033.dat
0 MLCAD BTG platform
1 15 482 -264 236 0 0 1 0 1 0 -1 0 0 3960.dat
0 MLCAD BTG platform
1 46 162 -248 236 0 0 -1 0 1 0 1 0 0 6143.dat
0 MLCAD BTG platform
1 15 162 -264 236 0 0 1 0 1 0 -1 0 0 3960.dat
0 MLCAD BTG platform
1 15 672 -176 196 0 0 1 0 1 0 -1 0 0 3855.dat
0 MLCAD BTG platform
1 14 52 -152 196 0 0 1 0 1 0 -1 0 0 3626bp01.dat
0 MLCAD BTG platform
1 1 52 -96 196 0 0 1 0 1 0 -1 0 0 3815.dat
0 MLCAD BTG platform
1 1 50.7811 -118.899 211.576 0.0769144 -0.353246 0.932874 0.164966 0.926281 0.337841 -0.98285 0.127828 0.129709 3818.dat
0 MLCAD BTG platform
1 1 52 -119.036 180.4 0 -0.325425 0.946097 -0.173596 0.930738 0.320799 -0.984372 -0.164139 -0.0565741 3819.dat
0 MLCAD BTG platform
1 14 34.4852 -105.562 217.622 0.0482178 0.414168 0.909287 0.102213 0.903068 -0.416027 -0.993153 0.11305 0.00132938 3820.dat
0 MLCAD BTG platform
1 14 36.4836 -105.489 172.936 0.0229083 0.438215 0.898967 -0.127042 0.892712 -0.431227 -0.991191 -0.104294 0.0760483 3820.dat
0 MLCAD BTG platform
1 1 52 -84 196 0 0 1 0 1 0 -1 0 0 3816.dat
0 MLCAD BTG platform
1 1 52 -84 196 0 0 1 0 1 0 -1 0 0 3817.dat
0 MLCAD BTG platform
1 4 52 -152 196 0 0 1 0 1 0 -1 0 0 3624.dat
0 MLCAD BTG platform
1 1 52 -128 196 0 0 1 0 1 0 -1 0 0 973p19.dat
0 MLCAD BTG platform
1 14 262 -154 166 1 0 0 0 1 0 0 0 1 3626bp01.dat
0 MLCAD BTG platform
1 1 262 -96 166 1 0 0 0 1 0 0 0 1 3815.dat
0 MLCAD BTG platform
1 1 246.4 -119.036 166 0.984373 -0.14559 -0.0946439 0.173596 0.825562 0.536674 0 -0.5444 0.83919 3818.dat
0 MLCAD BTG platform
1 1 277.6 -119.036 166 0.984373 0.112742 0.13214 -0.173596 0.639296 0.749294 0 -0.760071 0.649856 3819.dat
0 MLCAD BTG platform
1 14 239.663 -109.614 147.403 0.984373 -0.169846 0.0360191 0.173596 0.963101 -0.204244 0 0.208416 0.978198 3820.dat
0 MLCAD BTG platform
1 14 283.345 -115.239 145.201 0.984373 0.173132 0.0137143 -0.173596 0.981733 0.0777687 0 -0.0779224 0.996818 3820.dat
0 MLCAD BTG platform
1 1 262 -84 166 1 0 0 0 1 0 0 0 1 3816.dat
0 MLCAD BTG platform
1 1 262 -84 166 1 0 0 0 1 0 0 0 1 3817.dat
0 MLCAD BTG platform
1 15 262 -128 166 1 0 0 0 1 0 0 0 1 973p1d.dat
0 MLCAD BTG platform
1 0 262 -154 166 1 0 0 0 1 0 0 0 1 3901.dat
0 MLCAD BTG platform
1 6 262 -128 166 1 0 0 0 1 0 0 0 1 2524.dat
0 MLCAD BTG platform
1 4 -23.0209 -70.781 192.731 0.0573131 -0.771518 0.6336 0.0162007 0.634601 0.772894 -0.997785 -0.0340136 0.0489429 2495.dat
0 MLCAD BTG platform
1 0 -23.0209 -70.781 192.731 0.0573131 -0.771518 0.6336 0.0162007 0.634601 0.772894 -0.997785 -0.0340136 0.0489429 2496.dat
0 MLCAD BTG platform
1 14 -23.0209 -102.781 192.731 0.0573131 -0.771518 0.6336 0.0162007 0.634601 0.772894 -0.997785 -0.0340136 0.0489429 3004p06.dat
0 MLCAD BTG platform
1 15 670 -142 196 0 -1 0 0 0 -1 1 0 0 164557a.dat
0 MLCAD BTG platform
1 15 666 -142 196 0 1 0 0 0 -1 -1 0 0 164557b.dat
0 GROUP 83 platform
1 4 417 -110 176 0 0 1 0 1 0 -1 0 0 4719c01.dat
1 0 557 -110 176 0 0 1 0 1 0 -1 0 0 4719c01.dat

0 MLCAD BTG part1
1 7 -386.677 -86 -108.084 0.866025 0 -0.5 0 1 0 0.5 0 0.866025 4093c.dat
0 MLCAD BTG part1
1 4 -583.542 -110 -187.104 0.866025 0 -0.5 0 1 0 0.5 0 0.866025 3622.dat
0 MLCAD BTG part1
1 4 -582.203 -110 -209.423 0.866025 0 -0.5 0 1 0 0.5 0 0.866025 3004.dat
0 MLCAD BTG part1
1 4 -575.863 -110 -240.404 -0.5 0 -0.866025 0 1 0 0.866025 0 -0.5 3134.dat
0 MLCAD BTG part1
1 14 -245.793 -110 7.897 0.866025 0 -0.5 0 1 0 0.5 0 0.866025 3004.dat
0 MLCAD BTG part1
1 14 -215.793 -110 -44.065 0.866025 0 -0.5 0 1 0 0.5 0 0.866025 3004.dat
0 MLCAD BTG part1
1 14 -291.415 -110 -53.084 -0.5 0 -0.866025 0 1 0 0.866025 0 -0.5 3010.dat
0 MLCAD BTG part1
1 7 -308.735 -110 -63.084 -0.5 0 -0.866025 0 1 0 0.866025 0 -0.5 3010.dat
0 MLCAD BTG part1
1 7 -144.19 -94 31.916 -0.5 0 -0.866025 0 1 0 0.866025 0 -0.5 3020.dat
0 MLCAD BTG part1
1 7 -129.191 -102 5.935 -0.866025 0 0.5 0 1 0 -0.5 0 -0.866025 3023.dat
0 MLCAD BTG part1
1 7 -159.191 -102 57.897 -0.866025 0 0.5 0 1 0 -0.5 0 -0.866025 3023.dat
0 MLCAD BTG part1
1 7 -221.152 -110 45.217 -0.866025 0 0.5 0 1 0 -0.5 0 -0.866025 3009.dat
0 MLCAD BTG part1
1 7 -325.075 -110 -14.783 -0.866025 0 0.5 0 1 0 -0.5 0 -0.866025 3009.dat
0 MLCAD BTG part1
1 7 -428.998 -110 -74.782 -0.866025 0 0.5 0 1 0 -0.5 0 -0.866025 3009.dat
0 MLCAD BTG part1
1 7 -602.203 -110 -174.783 -0.866025 0 0.5 0 1 0 -0.5 0 -0.866025 3009.dat
0 MLCAD BTG part1
1 7 -552.203 -110 -261.385 -0.866025 0 0.5 0 1 0 -0.5 0 -0.866025 3009.dat
0 MLCAD BTG part1
1 7 -378.998 -110 -161.385 -0.866025 0 0.5 0 1 0 -0.5 0 -0.866025 3009.dat
0 MLCAD BTG part1
1 7 -275.075 -110 -101.386 -0.866025 0 0.5 0 1 0 -0.5 0 -0.866025 3009.dat
0 MLCAD BTG part1
1 7 -171.152 -110 -41.385 -0.866025 0 0.5 0 1 0 -0.5 0 -0.866025 3009.dat
0 MLCAD BTG part1
1 1 -534.883 -118 -251.385 -0.866025 0 0.5 0 1 0 -0.5 0 -0.866025 3710.dat
0 MLCAD BTG part1
1 1 -584.883 -118 -164.783 -0.866025 0 0.5 0 1 0 -0.5 0 -0.866025 3710.dat
0 MLCAD BTG part1
1 1 -454.979 -118 -89.783 -0.866025 0 0.5 0 1 0 -0.5 0 -0.866025 3623.dat
0 MLCAD BTG part1
1 1 -404.979 -118 -176.386 -0.866025 0 0.5 0 1 0 -0.5 0 -0.866025 3623.dat
0 MLCAD BTG part1
1 1 -205.793 -118 -61.385 -0.866025 0 0.5 0 1 0 -0.5 0 -0.866025 4477.dat
0 MLCAD BTG part1
1 1 -255.793 -118 25.217 -0.866025 0 0.5 0 1 0 -0.5 0 -0.866025 4477.dat
0 MLCAD BTG part1
1 15 -620.504 -110 -243.083 0.5 0 0.866025 0 1 0 -0.866025 0 0.5 6035.dat
0 MLCAD BTG part1
1 15 -534.883 -126 -251.385 -0.866025 0 0.5 0 1 0 -0.5 0 -0.866025 3710.dat
0 MLCAD BTG part1
1 15 -404.979 -126 -176.386 -0.866025 0 0.5 0 1 0 -0.5 0 -0.866025 3623.dat
0 MLCAD BTG part1
1 15 -205.793 -126 -61.385 -0.866025 0 0.5 0 1 0 -0.5 0 -0.866025 4477.dat
0 MLCAD BTG part1
1 15 -584.883 -126 -164.783 -0.866025 0 0.5 0 1 0 -0.5 0 -0.866025 3710.dat
0 MLCAD BTG part1
1 15 -454.979 -126 -89.783 -0.866025 0 0.5 0 1 0 -0.5 0 -0.866025 3623.dat
0 MLCAD BTG part1
1 15 -255.793 -126 25.217 -0.866025 0 0.5 0 1 0 -0.5 0 -0.866025 4477.dat
0 MLCAD BTG part1
1 0 -159.191 -126 57.897 0.866025 0 -0.5 0 1 0 0.5 0 0.866025 2877.dat
0 MLCAD BTG part1
1 0 -129.191 -126 5.935 -0.866025 0 0.5 0 1 0 -0.5 0 -0.866025 2877.dat
0 MLCAD BTG part1
1 0 -437.773 -134 -137.584 -0.5 0 -0.866025 0 1 0 0.866025 0 -0.5 4746.dat
0 MLCAD BTG part1
1 4 -534.883 -134 -251.385 -0.866025 0 0.5 0 1 0 -0.5 0 -0.866025 3710.dat
0 MLCAD BTG part1
1 4 -205.793 -134 -61.385 -0.866025 0 0.5 0 1 0 -0.5 0 -0.866025 4477.dat
0 MLCAD BTG part1
1 4 -584.883 -134 -164.783 -0.866025 0 0.5 0 1 0 -0.5 0 -0.866025 3710.dat
0 MLCAD BTG part1
1 4 -255.793 -134 25.217 -0.866025 0 0.5 0 1 0 -0.5 0 -0.866025 4477.dat
0 MLCAD BTG part1
1 4 -463.639 -134 -94.783 -0.866025 0 0.5 0 1 0 -0.5 0 -0.866025 3023.dat
0 MLCAD BTG part1
1 4 -413.639 -134 -181.385 -0.866025 0 0.5 0 1 0 -0.5 0 -0.866025 3023.dat
0 MLCAD BTG part1
1 4 -595.864 -134 -205.763 0.5 0 0.866025 0 1 0 -0.866025 0 0.5 3660.dat
0 MLCAD BTG part1
1 4 -575.863 -134 -240.404 0.5 0 0.866025 0 1 0 -0.866025 0 0.5 3660.dat
0 MLCAD BTG part1
1 14 -230.793 -134 -18.084 0.5 0 0.866025 0 1 0 -0.866025 0 0.5 3001.dat
0 MLCAD BTG part1
1 14 -291.415 -134 -53.084 -0.5 0 -0.866025 0 1 0 0.866025 0 -0.5 3010.dat
0 MLCAD BTG part1
1 7 -308.735 -134 -63.084 -0.5 0 -0.866025 0 1 0 0.866025 0 -0.5 3010.dat
0 MLCAD BTG part1
1 0 -628.299 -118 -247.584 -0.5 0 -0.866025 0 1 0 0.866025 0 -0.5 3022.dat
0 MLCAD BTG part1
1 0 -628.299 -126 -247.584 -0.5 0 -0.866025 0 1 0 0.866025 0 -0.5 3022.dat
0 MLCAD BTG part1
1 4 -397.659 -134 -149.065 -0.866025 0 0.5 0 1 0 -0.5 0 -0.866025 2420.dat
0 MLCAD BTG part1
1 4 -427.658 -134 -97.103 -0.5 0 -0.866025 0 1 0 0.866025 0 -0.5 2420.dat
0 MLCAD BTG part1
1 4 -619.638 -134 -242.584 0.5 0 0.866025 0 1 0 -0.866025 0 0.5 3710.dat
0 MLCAD BTG part1
1 4 -421.318 -142 -128.084 0.5 0 0.866025 0 1 0 -0.866025 0 0.5 3020.dat
0 MLCAD BTG part1
1 0 -436.319 -150 -102.103 -0.866025 0 0.5 0 1 0 -0.5 0 -0.866025 3023.dat
0 MLCAD BTG part1
1 0 -406.319 -150 -154.065 -0.866025 0 0.5 0 1 0 -0.5 0 -0.866025 3023.dat
0 MLCAD BTG part1
1 0 -421.318 -150 -128.084 -0.5 0 -0.866025 0 1 0 0.866025 0 -0.5 3956.dat
0 MLCAD BTG part1
1 4 -421.318 -158 -128.084 0.5 0 0.866025 0 1 0 -0.866025 0 0.5 3020.dat
0 MLCAD BTG part1
1 0 -159.191 -150 57.897 0.866025 0 -0.5 0 1 0 0.5 0 0.866025 2877.dat
0 MLCAD BTG part1
1 0 -129.191 -150 5.935 -0.866025 0 0.5 0 1 0 -0.5 0 -0.866025 2877.dat
0 MLCAD BTG part1
1 7 -177.85 -142 70.217 0.866025 0 -0.5 0 1 0 0.5 0 0.866025 3024.dat
0 MLCAD BTG part1
1 7 -127.85 -142 -16.385 0.866025 0 -0.5 0 1 0 0.5 0 0.866025 3024.dat
0 MLCAD BTG part1
1 14 -569.882 -118 -190.764 0.5 0 0.866025 0 1 0 -0.866025 0 0.5 4079.dat
0 MLCAD BTG part1
1 0 -390.141 -158 -110.084 -0.5 -0.866025 0 0 0 -1 0.866025 -0.5 0 2342.dat
0 MLCAD BTG part1
1 0 -379.383 -168 -102.718 -0.5 0 0.866025 0 -1 0 0.866025 0 0.5 4588.dat
0 MLCAD BTG part1
1 7 -355.048 -151.063 -89.822 -0.5 -0.80468 0.320141 0 -0.369667 -0.929164 0.866025 -0.464582 0.184834 4592.dat
0 MLCAD BTG part1
1 0 -355.048 -151.063 -89.822 -0.5 -0.756164 0.422367 0 -0.487707 -0.873143 0.866025 -0.436572 0.243854 4593.dat
0 MLCAD BTG part1
1 7 -127.85 -166 -16.385 0.866025 0 -0.5 0 1 0 0.5 0 0.866025 3005.dat
0 MLCAD BTG part1
1 7 -177.85 -166 70.217 0.866025 0 -0.5 0 1 0 0.5 0 0.866025 3005.dat
0 MLCAD BTG part1
1 7 -273.113 -158 15.217 0.866025 0 -0.5 0 1 0 0.5 0 0.866025 3004.dat
0 MLCAD BTG part1
1 7 -223.113 -158 -71.386 0.866025 0 -0.5 0 1 0 0.5 0 0.866025 3004.dat
0 MLCAD BTG part1
1 7 -308.735 -158 -63.084 0.5 0 0.866025 0 1 0 -0.866025 0 0.5 3009.dat
0 MLCAD BTG part1
1 7 -422.299 -158 -186.385 0.866025 0 -0.5 0 1 0 0.5 0 0.866025 3005.dat
0 MLCAD BTG part1
1 7 -472.299 -158 -99.782 0.866025 0 -0.5 0 1 0 0.5 0 0.866025 3005.dat
0 MLCAD BTG part1
1 7 -396.318 -158 -171.385 0.866025 0 -0.5 0 1 0 0.5 0 0.866025 2877.dat
0 MLCAD BTG part1
1 7 -446.318 -158 -84.783 -0.866025 0 0.5 0 1 0 -0.5 0 -0.866025 2877.dat
0 MLCAD BTG part1
1 7 -508.902 -158 -236.385 0.866025 0 -0.5 0 1 0 0.5 0 0.866025 3005.dat
0 MLCAD BTG part1
1 7 -558.902 -158 -149.783 0.866025 0 -0.5 0 1 0 0.5 0 0.866025 3005.dat
0 MLCAD BTG part1
1 0 -159.191 -174 57.897 0.866025 0 -0.5 0 1 0 0.5 0 0.866025 2877.dat
0 MLCAD BTG part1
1 0 -129.191 -174 5.935 -0.866025 0 0.5 0 1 0 -0.5 0 -0.866025 2877.dat
0 MLCAD BTG part1
1 0 -446.433 -158 -142.584 0.5 0 0.866025 0 1 0 -0.866025 0 0.5 3039pc4.dat
0 MLCAD BTG part1
1 0 -600.978 -142 -254.905 0.5 0 0.866025 0 1 0 -0.866025 0 0.5 3068b.dat
0 MLCAD BTG part1
1 0 -620.978 -142 -220.264 0.5 0 0.866025 0 1 0 -0.866025 0 0.5 3068b.dat
0 MLCAD BTG part1
1 15 -575.863 -142 -240.404 -0.5 0 -0.866025 0 1 0 0.866025 0 -0.5 3069bp68.dat
0 MLCAD BTG part1
1 15 -595.864 -142 -205.763 -0.5 0 -0.866025 0 1 0 0.866025 0 -0.5 3069bp52.dat
0 MLCAD BTG part1
1 1 -227.133 -158 -4.423 0.121874 0 0.992584 0 1 0 -0.992584 0 0.121874 3899.dat
0 MLCAD BTG part1
1 1 -306.415 -158 -27.103 0.5 0 0.866025 0 1 0 -0.866025 0 0.5 3899.dat
0 MLCAD BTG part1
1 1 -276.415 -158 -79.065 0.5 0 0.866025 0 1 0 -0.866025 0 0.5 3899.dat
0 MLCAD BTG part1
1 7 -127.85 -174 -16.385 0.866025 0 -0.5 0 1 0 0.5 0 0.866025 3024.dat
0 MLCAD BTG part1
1 7 -177.85 -174 70.217 0.866025 0 -0.5 0 1 0 0.5 0 0.866025 3024.dat
0 MLCAD BTG part1
1 7 -223.113 -182 -71.386 0.866025 0 -0.5 0 1 0 0.5 0 0.866025 3004.dat
0 MLCAD BTG part1
1 7 -218.113 -170 -80.046 0.866025 -0.5 0 0 0 -1 0.5 0.866025 0 164565d.dat
0 MLCAD BTG part1
1 7 -273.113 -182 15.217 -0.866025 0 0.5 0 1 0 -0.5 0 -0.866025 3004.dat
0 MLCAD BTG part1
1 7 -278.113 -170 23.877 -0.866025 0.5 0 0 0 -1 -0.5 -0.866025 0 164565d.dat
0 MLCAD BTG part1
1 7 -308.735 -182 -63.084 0.5 0 0.866025 0 1 0 -0.866025 0 0.5 3009.dat
0 MLCAD BTG part1
1 7 -396.318 -182 -171.385 0.866025 0 -0.5 0 1 0 0.5 0 0.866025 2877.dat
0 MLCAD BTG part1
1 7 -422.299 -182 -186.385 0.866025 0 -0.5 0 1 0 0.5 0 0.866025 3005.dat
0 MLCAD BTG part1
1 7 -446.318 -182 -84.783 -0.866025 0 0.5 0 1 0 -0.5 0 -0.866025 2877.dat
0 MLCAD BTG part1
1 7 -472.299 -182 -99.782 0.866025 0 -0.5 0 1 0 0.5 0 0.866025 3005.dat
0 MLCAD BTG part1
1 7 -558.902 -182 -149.783 0.866025 0 -0.5 0 1 0 0.5 0 0.866025 3005.dat
0 MLCAD BTG part1
1 7 -508.902 -182 -236.385 0.866025 0 -0.5 0 1 0 0.5 0 0.866025 3005.dat
0 MLCAD BTG part1
1 0 -411.792 -182 -122.584 0.5 0 0.866025 0 1 0 -0.866025 0 0.5 3298.dat
0 MLCAD BTG part1
1 0 -411.792 -190 -122.584 0.5 0 0.866025 0 1 0 -0.866025 0 0.5 2412b.dat
0 MLCAD BTG part1
1 7 -629.165 -134 -248.084 0.5 0 0.866025 0 1 0 -0.866025 0 0.5 2916pb03.dat
0 MLCAD BTG part1
1 46 -655.145 -110 -263.084 0.5 0 0.866025 0 1 0 -0.866025 0 0.5 2919.dat
0 MLCAD BTG part1
1 7 -127.85 -198 -16.385 0.866025 0 -0.5 0 1 0 0.5 0 0.866025 3005.dat
0 MLCAD BTG part1
1 7 -177.85 -198 70.217 0.866025 0 -0.5 0 1 0 0.5 0 0.866025 3005.dat
0 MLCAD BTG part1
1 7 -223.113 -206 -71.386 0.866025 0 -0.5 0 1 0 0.5 0 0.866025 3004.dat
0 MLCAD BTG part1
1 7 -273.113 -206 15.217 0.866025 0 -0.5 0 1 0 0.5 0 0.866025 3004.dat
0 MLCAD BTG part1
1 7 -308.735 -206 -63.084 0.5 0 0.866025 0 1 0 -0.866025 0 0.5 3009.dat
0 MLCAD BTG part1
1 7 -396.318 -206 -171.385 0.866025 0 -0.5 0 1 0 0.5 0 0.866025 2877.dat
0 MLCAD BTG part1
1 7 -446.318 -206 -84.783 -0.866025 0 0.5 0 1 0 -0.5 0 -0.866025 2877.dat
0 MLCAD BTG part1
1 7 -558.902 -206 -149.783 0.866025 0 -0.5 0 1 0 0.5 0 0.866025 3005.dat
0 MLCAD BTG part1
1 7 -508.902 -206 -236.385 0.866025 0 -0.5 0 1 0 0.5 0 0.866025 3005.dat
0 MLCAD BTG part1
1 7 -447.299 -206 -143.084 -0.5 0 -0.866025 0 1 0 0.866025 0 -0.5 3455.dat
0 MLCAD BTG part1
1 0 -159.191 -198 57.897 0.866025 0 -0.5 0 1 0 0.5 0 0.866025 2877.dat
0 MLCAD BTG part1
1 0 -129.191 -198 5.935 -0.866025 0 0.5 0 1 0 -0.5 0 -0.866025 2877.dat
0 MLCAD BTG part1
1 0 -577.203 -214 -218.084 0.5 0 0.866025 0 1 0 -0.866025 0 0.5 2917.dat
0 MLCAD BTG part1
1 47 -577.203 -214 -218.084 0.5 0 0.866025 0 1 0 -0.866025 0 0.5 2918.dat
0 MLCAD BTG part1
1 7 -301.056 -206 -116.385 -0.5 0 -0.866025 0 1 0 0.866025 0 -0.5 3194p03.dat
0 MLCAD BTG part1
1 7 -489.62 -206 -109.783 -0.5 0 -0.866025 0 1 0 0.866025 0 -0.5 4181p04.dat
0 MLCAD BTG part1
1 7 -439.62 -206 -196.385 -0.5 0 -0.866025 0 1 0 0.866025 0 -0.5 4182p04.dat
0 MLCAD BTG part1
1 7 -351.056 -206 -29.783 -0.5 0 -0.866025 0 1 0 0.866025 0 -0.5 3195p03.dat
0 MLCAD BTG part1
1 7 -257.754 -206 -91.385 0.866025 0 -0.5 0 1 0 0.5 0 0.866025 4035.dat
0 MLCAD BTG part1
1 7 -171.152 -206 -41.385 0.866025 0 -0.5 0 1 0 0.5 0 0.866025 4033.dat
0 MLCAD BTG part1
1 47 -171.152 -206 -41.385 0.866025 0 -0.5 0 1 0 0.5 0 0.866025 4034.dat
0 MLCAD BTG part1
1 47 -257.754 -206 -91.385 0.866025 0 -0.5 0 1 0 0.5 0 0.866025 4036.dat
0 MLCAD BTG part1
1 7 -221.152 -206 45.217 -0.866025 0 0.5 0 1 0 -0.5 0 -0.866025 4033.dat
0 MLCAD BTG part1
1 47 -221.152 -206 45.217 -0.866025 0 0.5 0 1 0 -0.5 0 -0.866025 4034.dat
0 MLCAD BTG part1
1 7 -307.754 -206 -4.783 -0.866025 0 0.5 0 1 0 -0.5 0 -0.866025 4035.dat
0 MLCAD BTG part1
1 47 -307.754 -206 -4.783 -0.866025 0 0.5 0 1 0 -0.5 0 -0.866025 4036.dat
0 MLCAD BTG part1
1 7 -167.851 -206 52.897 0.866025 0 -0.5 0 1 0 0.5 0 0.866025 2420.dat
0 MLCAD BTG part1
1 7 -137.851 -206 0.935 0.5 0 0.866025 0 1 0 -0.866025 0 0.5 2420.dat
0 MLCAD BTG part1
1 0 -465.601 -214 -211.385 0.866025 0 -0.5 0 1 0 0.5 0 0.866025 4162.dat
0 MLCAD BTG part1
1 0 -327.036 -214 -131.385 0.866025 0 -0.5 0 1 0 0.5 0 0.866025 4162.dat
0 MLCAD BTG part1
1 0 -273.113 -214 15.217 0.866025 0 -0.5 0 1 0 0.5 0 0.866025 2431.dat
0 MLCAD BTG part1
1 0 -171.152 -214 -41.385 0.866025 0 -0.5 0 1 0 0.5 0 0.866025 3069b.dat
0 MLCAD BTG part1
1 0 -221.152 -214 45.217 0.866025 0 -0.5 0 1 0 0.5 0 0.866025 3069b.dat
0 MLCAD BTG part1
1 0 -223.113 -214 -71.386 0.866025 0 -0.5 0 1 0 0.5 0 0.866025 2431.dat
0 MLCAD BTG part1
1 0 -377.036 -214 -44.782 0.866025 0 -0.5 0 1 0 0.5 0 0.866025 4162.dat
0 MLCAD BTG part1
1 0 -515.6 -214 -124.782 0.866025 0 -0.5 0 1 0 0.5 0 0.866025 4162.dat
0 MLCAD BTG part1
1 0 -308.735 -214 -63.084 -0.5 0 -0.866025 0 1 0 0.866025 0 -0.5 2431.dat
0 MLCAD BTG part1
1 0 -447.299 -214 -143.084 -0.5 0 -0.866025 0 1 0 0.866025 0 -0.5 2431.dat
0 MLCAD BTG part1
1 0 -161.511 -214 21.916 -0.5 0 -0.866025 0 1 0 0.866025 0 -0.5 3795.dat
0 MLCAD BTG part1
1 7 -135.53 -214 36.916 -0.5 0 -0.866025 0 1 0 0.866025 0 -0.5 3710.dat
0 MLCAD BTG part1
1 0 -585.863 -70 -223.084 -0.5 0 -0.866025 0 1 0 0.866025 0 -0.5 2878.dat
0 MLCAD BTG part1
1 0 -585.863 -38 -223.084 -0.5 0 -0.866025 0 1 0 0.866025 0 -0.5 70720c01.dat
0 MLCAD BTG part1
1 0 -559.883 -62 -208.084 -0.866025 0 0.5 0 1 0 -0.5 0 -0.866025 3795.dat
0 MLCAD BTG part1
1 0 -516.581 -70 -183.084 -0.5 0 -0.866025 0 1 0 0.866025 0 -0.5 2878.dat
0 MLCAD BTG part1
1 0 -516.581 -38 -183.084 -0.5 0 -0.866025 0 1 0 0.866025 0 -0.5 70720c01.dat
0 MLCAD BTG part1
1 0 -499.261 -62 -173.084 -0.5 0 -0.866025 0 1 0 0.866025 0 -0.5 3023.dat
0 MLCAD BTG part1
1 0 -525.242 -70 -188.084 -0.866025 0 0.5 0 1 0 -0.5 0 -0.866025 3020.dat
0 MLCAD BTG part1
1 0 -594.524 -70 -228.084 0.5 0 0.866025 0 1 0 -0.866025 0 0.5 4022.dat
0 MLCAD BTG part1
1 0 -542.562 -78 -198.084 0.866025 0 -0.5 0 1 0 0.5 0 0.866025 4092a.dat
0 MLCAD BTG part1
1 0 -551.222 -54 -203.084 -0.5 0 -0.866025 0 1 0 0.866025 0 -0.5 3666.dat
0 MLCAD BTG part1
1 0 -551.222 -46 -203.084 -0.866025 0 0.5 0 1 0 -0.5 0 -0.866025 3002.dat
0 MLCAD BTG part1
1 0 -531.223 -62 -237.725 -0.5 0 -0.866025 0 1 0 0.866025 0 -0.5 3069b.dat
0 MLCAD BTG part1
1 0 -571.222 -62 -168.443 -0.5 0 -0.866025 0 1 0 0.866025 0 -0.5 3069b.dat
0 MLCAD BTG part1
1 0 -369.357 -38 -98.084 -0.866025 0 0.5 0 1 0 -0.5 0 -0.866025 3035.dat
0 MLCAD BTG part1
1 0 -389.357 -70 -63.443 -0.866025 0 0.5 0 1 0 -0.5 0 -0.866025 3034.dat
0 MLCAD BTG part1
1 0 -308.735 -78 -63.084 0.5 0 0.866025 0 1 0 -0.866025 0 0.5 3710.dat
0 MLCAD BTG part1
1 0 -369.357 -78 -98.084 0.5 0 0.866025 0 1 0 -0.866025 0 0.5 3020.dat
0 MLCAD BTG part1
1 0 -436.319 -78 -102.103 -0.866025 0 0.5 0 1 0 -0.5 0 -0.866025 3023.dat
0 MLCAD BTG part1
1 0 -436.319 -62 -102.103 -0.866025 0 0.5 0 1 0 -0.5 0 -0.866025 3660.dat
0 MLCAD BTG part1
1 0 -401.677 -62 -82.104 -0.866025 0 0.5 0 1 0 -0.5 0 -0.866025 3660.dat
0 MLCAD BTG part1
1 0 -367.036 -62 -62.103 -0.866025 0 0.5 0 1 0 -0.5 0 -0.866025 3660.dat
0 MLCAD BTG part1
1 0 -332.396 -62 -42.103 -0.866025 0 0.5 0 1 0 -0.5 0 -0.866025 3660.dat
0 MLCAD BTG part1
1 0 -371.678 -62 -134.065 0.866025 0 -0.5 0 1 0 0.5 0 0.866025 3660.dat
0 MLCAD BTG part1
1 0 -406.319 -62 -154.065 0.866025 0 -0.5 0 1 0 0.5 0 0.866025 3660.dat
0 MLCAD BTG part1
1 0 -302.396 -62 -94.065 0.866025 0 -0.5 0 1 0 0.5 0 0.866025 3660.dat
0 MLCAD BTG part1
1 0 -337.037 -62 -114.064 0.866025 0 -0.5 0 1 0 0.5 0 0.866025 3660.dat
0 MLCAD BTG part1
1 0 -349.357 -70 -132.725 -0.866025 0 0.5 0 1 0 -0.5 0 -0.866025 3034.dat
0 MLCAD BTG part1
1 0 -406.319 -78 -154.065 -0.866025 0 0.5 0 1 0 -0.5 0 -0.866025 3023.dat
0 MLCAD BTG part1
1 0 -229.927 -78 -17.584 -0.866025 0 0.5 0 1 0 -0.5 0 -0.866025 4092a.dat
0 MLCAD BTG part1
1 0 -186.626 -70 7.416 0.5 0 0.866025 0 1 0 -0.866025 0 0.5 2878.dat
0 MLCAD BTG part1
1 0 -212.606 -62 -7.584 0.866025 0 -0.5 0 1 0 0.5 0 0.866025 3795.dat
0 MLCAD BTG part1
1 0 -255.908 -70 -32.584 0.5 0 0.866025 0 1 0 -0.866025 0 0.5 2878.dat
0 MLCAD BTG part1
1 0 -273.228 -62 -42.584 0.5 0 0.866025 0 1 0 -0.866025 0 0.5 3023.dat
0 MLCAD BTG part1
1 0 -247.247 -70 -27.583 0.866025 0 -0.5 0 1 0 0.5 0 0.866025 3020.dat
0 MLCAD BTG part1
1 0 -177.965 -70 12.416 -0.5 0 -0.866025 0 1 0 0.866025 0 -0.5 4022.dat
0 MLCAD BTG part1
1 0 -221.267 -54 -12.584 0.5 0 0.866025 0 1 0 -0.866025 0 0.5 3666.dat
0 MLCAD BTG part1
1 0 -221.267 -46 -12.584 0.866025 0 -0.5 0 1 0 0.5 0 0.866025 3002.dat
0 MLCAD BTG part1
1 0 -241.266 -62 22.057 0.5 0 0.866025 0 1 0 -0.866025 0 0.5 3069b.dat
0 MLCAD BTG part1
1 0 -201.267 -62 -47.225 0.5 0 0.866025 0 1 0 -0.866025 0 0.5 3069b.dat
0 MLCAD BTG part1
1 0 -255.908 -38 -32.584 0.5 0 0.866025 0 1 0 -0.866025 0 0.5 70720c01.dat
0 MLCAD BTG part1
1 0 -186.626 -38 7.416 0.5 0 0.866025 0 1 0 -0.866025 0 0.5 70720c01.dat
0 MLCAD BTG part1
1 0 -542.562 -238 -198.084 0.5 0 0.866025 0 1 0 -0.866025 0 0.5 2876.dat
0 MLCAD BTG part1
1 7 -507.921 -238 -178.084 0.866025 0 -0.5 0 1 0 0.5 0 0.866025 3032.dat
0 MLCAD BTG part1
1 0 -423.639 -238 -164.064 0.866025 0 -0.5 0 1 0 0.5 0 0.866025 2875.dat
0 MLCAD BTG part1
1 7 -447.299 -238 -143.084 -0.5 0 -0.866025 0 1 0 0.866025 0 -0.5 3710.dat
0 MLCAD BTG part1
1 7 -352.036 -238 -88.084 -0.866025 0 0.5 0 1 0 -0.5 0 -0.866025 3030.dat
0 MLCAD BTG part1
1 0 -319.716 -238 -104.065 0.866025 0 -0.5 0 1 0 0.5 0 0.866025 2875.dat
0 MLCAD BTG part1
1 0 -215.793 -238 -44.065 0.866025 0 -0.5 0 1 0 0.5 0 0.866025 2875.dat
0 MLCAD BTG part1
1 7 -490.6 -230 -168.084 0.866025 0 -0.5 0 1 0 0.5 0 0.866025 3022.dat
0 MLCAD BTG part1
1 7 -386.677 -230 -108.084 0.866025 0 -0.5 0 1 0 0.5 0 0.866025 3022.dat
0 MLCAD BTG part1
1 7 -282.754 -230 -48.084 0.866025 0 -0.5 0 1 0 0.5 0 0.866025 3022.dat
0 MLCAD BTG part1
1 0 -453.639 -238 -112.104 -0.866025 0 0.5 0 1 0 -0.5 0 -0.866025 2875.dat
0 MLCAD BTG part1
1 0 -349.716 -238 -52.103 -0.866025 0 0.5 0 1 0 -0.5 0 -0.866025 2875.dat
0 MLCAD BTG part1
1 0 -245.793 -238 7.897 -0.866025 0 0.5 0 1 0 -0.5 0 -0.866025 2875.dat
0 MLCAD BTG part1
1 7 -187.491 -238 6.916 -0.5 0 -0.866025 0 1 0 0.866025 0 -0.5 3710.dat
0 MLCAD BTG part1
1 7 -245.793 -238 7.897 -0.866025 0 0.5 0 1 0 -0.5 0 -0.866025 3710.dat
0 MLCAD BTG part1
1 7 -215.793 -238 -44.065 -0.866025 0 0.5 0 1 0 -0.5 0 -0.866025 3710.dat
0 MLCAD BTG part1
1 0 -490.6 -222 -168.084 0.5 0 0.866025 0 1 0 -0.866025 0 0.5 3020.dat
0 MLCAD BTG part1
1 0 -386.677 -222 -108.084 0.5 0 0.866025 0 1 0 -0.866025 0 0.5 3020.dat
0 MLCAD BTG part1
1 0 -282.754 -222 -48.084 0.5 0 0.866025 0 1 0 -0.866025 0 0.5 3020.dat
0 MLCAD BTG part1
1 0 -187.491 -230 6.916 0.5 0 0.866025 0 1 0 -0.866025 0 0.5 3023.dat
0 MLCAD BTG part1
1 0 -187.491 -222 6.916 -0.5 0 -0.866025 0 1 0 0.866025 0 -0.5 3710.dat
0 MLCAD BTG part1
1 0 -230.793 -214 -18.084 -0.866025 0 0.5 0 1 0 -0.5 0 -0.866025 3032.dat
0 MLCAD BTG part1
1 7 -256.774 -222 -33.084 0.5 0 0.866025 0 1 0 -0.866025 0 0.5 3023.dat
0 MLCAD BTG part1
1 7 -256.774 -230 -33.084 0.5 0 0.866025 0 1 0 -0.866025 0 0.5 2412a.dat
0 MLCAD BTG part1
1 7 -239.453 -222 -23.084 0.5 0 0.866025 0 1 0 -0.866025 0 0.5 3794a.dat
0 MLCAD BTG part1
1 7 -222.132 -222 -13.084 0.5 0 0.866025 0 1 0 -0.866025 0 0.5 3794a.dat
0 MLCAD BTG part1
1 7 -204.812 -222 -3.084 0.5 0 0.866025 0 1 0 -0.866025 0 0.5 3794a.dat
0 MLCAD BTG part1
1 7 -230.793 -238 -18.084 0.866025 0 -0.5 0 1 0 0.5 0 0.866025 4531.dat
0 MLCAD BTG part1
1 0 -228.815 -245.481 -16.942 -0.5 -0.331413 -0.800103 0 0.923879 -0.382683 0.866025 -0.191341 -0.461939 2923.dat
0 MLCAD BTG part1
1 0 -229.555 -282.615 -17.369 0.5 0.527202 0.687064 0 0.793353 -0.608761 -0.866025 0.304381 0.396676 2923.dat
0 MLCAD BTG part1
1 0 -214.158 -329.194 -8.48 -0.5 0.0453242 -0.864838 0 0.998629 0.0523359 0.866025 0.0261679 -0.499314 2922a.dat
0 MLCAD BTG part1
1 0 -360.697 -246 -93.084 0.5 0 0.866025 0 1 0 -0.866025 0 0.5 2412a.dat
0 MLCAD BTG part1
1 0 -511.581 -246 -191.744 0.5 0 0.866025 0 1 0 -0.866025 0 0.5 6141.dat
0 MLCAD BTG part1
1 7 -486.94 -246 -154.423 0.5 0 0.866025 0 1 0 -0.866025 0 0.5 4592.dat
0 MLCAD BTG part1
1 0 -486.94 -246 -154.423 0.5 -0.224301 0.836581 0 0.966 0.259 -0.866025 -0.1295 0.483 4593.dat
0 MLCAD BTG part1
1 0 -161.511 -238 21.916 -0.5 0 -0.866025 0 1 0 0.866025 0 -0.5 3003.dat
0 MLCAD BTG part1
1 0 -176.511 -238 47.896 -0.866025 0 0.5 0 1 0 -0.5 0 -0.866025 3039.dat
0 MLCAD BTG part1
1 0 -146.511 -238 -4.065 0.866025 0 -0.5 0 1 0 0.5 0 0.866025 3039.dat
0 MLCAD BTG part1
1 47 -491.581 -206 -226.385 0.5 0 0.866025 0 1 0 -0.866025 0 0.5 4183.dat
0 MLCAD BTG part1
1 47 -489.62 -206 -109.783 -0.5 0 -0.866025 0 1 0 0.866025 0 -0.5 4183.dat
0 MLCAD BTG part1
1 0 -149.753 -54 27.55 -0.5 0 -0.866025 0 1 0 0.866025 0 -0.5 2920.dat
0 MLCAD BTG part1
1 0 -121.173 -50 44.05 -0.5 0 -0.866025 0 1 0 0.866025 0 -0.5 2959.dat
0 MLCAD BTG part1
1 0 -121.173 -50 44.05 -0.5 0 -0.866025 0 1 0 0.866025 0 -0.5 70023.dat
0 MLCAD BTG part1
1 14 -562.955 -196 -186.764 0.5 0 0.866025 0 1 0 -0.866025 0 0.5 3626bp01.dat
0 MLCAD BTG part1
1 0 -562.955 -139 -186.764 0.5 0 0.866025 0 1 0 -0.866025 0 0.5 3815.dat
0 MLCAD BTG part1
1 1 -570.754 -162.036 -173.254 0.492186 -0.544259 0.679437 0.173596 0.825562 0.536674 -0.852491 -0.146115 0.501559 3818.dat
0 MLCAD BTG part1
1 1 -555.154 -162.036 -200.274 0.492186 -0.60187 0.628861 -0.173596 0.639296 0.749294 -0.852491 -0.477673 0.210491 3819.dat
0 MLCAD BTG part1
1 14 -590.228 -152.614 -176.717 0.492186 0.0955706 0.865154 0.173596 0.963101 -0.204244 -0.852492 0.251299 0.457906 3820.dat
0 MLCAD BTG part1
1 14 -570.294 -158.239 -215.648 0.492186 0.0190832 0.870127 -0.173596 0.981733 0.0777687 -0.852492 -0.188898 0.486532 3820.dat
0 MLCAD BTG part1
1 0 -562.955 -127 -186.764 0.5 -0.866025 0 0 0 1 -0.866025 -0.5 0 3816.dat
0 MLCAD BTG part1
1 0 -562.955 -127 -186.764 0.5 -0.866025 0 0 0 1 -0.866025 -0.5 0 3817.dat
0 MLCAD BTG part1
1 4 -562.955 -196 -186.764 0.5 0 0.866025 0 1 0 -0.866025 0 0.5 3624.dat
0 MLCAD BTG part1
1 1 -562.955 -171 -186.764 0.5 0 0.866025 0 1 0 -0.866025 0 0.5 973p84.dat
0 MLCAD BTG part1
1 14 -187.491 -183 6.916 0.5 0 0.866025 0 1 0 -0.866025 0 0.5 3626bp01.dat
0 MLCAD BTG part1
1 15 -187.491 -126 6.916 0.5 0 0.866025 0 1 0 -0.866025 0 0.5 3815.dat
0 MLCAD BTG part1
1 15 -195.291 -149.036 20.426 0.492186 -0.544259 0.679437 0.173596 0.825562 0.536674 -0.852491 -0.146115 0.501559 3818.dat
0 MLCAD BTG part1
1 15 -179.692 -149.036 -6.594 0.492186 -0.60187 0.628861 -0.173596 0.639296 0.749294 -0.852491 -0.477673 0.210491 3819.dat
0 MLCAD BTG part1
1 14 -214.766 -139.614 16.962 0.492186 0.0955706 0.865154 0.173596 0.963101 -0.204244 -0.852491 0.251299 0.457906 3820.dat
0 MLCAD BTG part1
1 14 -194.831 -145.239 -21.969 0.492186 0.0190832 0.870127 -0.173596 0.981733 0.0777687 -0.852491 -0.188898 0.486532 3820.dat
0 MLCAD BTG part1
1 15 -187.491 -114 6.916 0.5 0 0.866025 0 1 0 -0.866025 0 0.5 3816.dat
0 MLCAD BTG part1
1 15 -187.491 -114 6.916 0.5 0 0.866025 0 1 0 -0.866025 0 0.5 3817.dat
0 MLCAD BTG part1
1 6 -187.491 -183 6.916 0.5 0 0.866025 0 1 0 -0.866025 0 0.5 4530.dat
0 MLCAD BTG part1
1 15 -187.491 -158 6.916 0.5 0 0.866025 0 1 0 -0.866025 0 0.5 973p72.dat
0 MLCAD BTG part1
1 14 -274.96 -184 -43.584 -0.5 0 -0.866025 0 1 0 0.866025 0 -0.5 3626bp01.dat
0 MLCAD BTG part1
1 0 -274.96 -126 -43.584 -0.5 0 -0.866025 0 1 0 0.866025 0 -0.5 3815.dat
0 MLCAD BTG part1
1 1 -267.16 -149.036 -57.095 -0.492186 0.544259 -0.679437 0.173596 0.825562 0.536674 0.852491 0.146115 -0.501559 3818.dat
0 MLCAD BTG part1
1 1 -282.761 -149.036 -30.073 -0.492186 0.60187 -0.628861 -0.173596 0.639296 0.749294 0.852491 0.477673 -0.210491 3819.dat
0 MLCAD BTG part1
1 14 -247.686 -139.614 -53.63 -0.492186 -0.0955706 -0.865154 0.173596 0.963101 -0.204244 0.852491 -0.251299 -0.457906 3820.dat
0 MLCAD BTG part1
1 14 -267.62 -145.239 -14.699 -0.492186 -0.0190832 -0.870127 -0.173596 0.981733 0.0777687 0.852491 0.188898 -0.486532 3820.dat
0 MLCAD BTG part1
1 0 -274.96 -114 -43.584 -0.5 0 -0.866025 0 1 0 0.866025 0 -0.5 3816.dat
0 MLCAD BTG part1
1 0 -274.96 -114 -43.584 -0.5 0 -0.866025 0 1 0 0.866025 0 -0.5 3817.dat
0 MLCAD BTG part1
1 6 -274.96 -184 -43.584 -0.5 0 -0.866025 0 1 0 0.866025 0 -0.5 4530.dat
0 MLCAD BTG part1
1 1 -274.96 -158 -43.584 -0.5 0 -0.866025 0 1 0 0.866025 0 -0.5 973p84.dat
0 GROUP 257 part1
0 MLCAD BTG middle
1 7 216 -86 36 1 0 0 0 1 0 0 0 1 4093c.dat
0 MLCAD BTG middle
1 7 496 -94 36 0 0 -1 0 1 0 1 0 0 3020.dat
0 MLCAD BTG middle
1 7 496 -102 6 -1 0 0 0 1 0 0 0 -1 3023.dat
0 MLCAD BTG middle
1 7 496 -102 66 -1 0 0 0 1 0 0 0 -1 3023.dat
0 MLCAD BTG middle
1 7 356 -110 86 -1 0 0 0 1 0 0 0 -1 3009.dat
0 MLCAD BTG middle
1 7 76 -110 86 -1 0 0 0 1 0 0 0 -1 3009.dat
0 MLCAD BTG middle
1 7 76 -110 -14 -1 0 0 0 1 0 0 0 -1 3009.dat
0 MLCAD BTG middle
1 7 356 -110 -14 -1 0 0 0 1 0 0 0 -1 3009.dat
0 MLCAD BTG middle
1 1 316 -118 -14 -1 0 0 0 1 0 0 0 -1 4477.dat
0 MLCAD BTG middle
1 1 316 -118 86 -1 0 0 0 1 0 0 0 -1 4477.dat
0 MLCAD BTG middle
1 0 496 -126 66 1 0 0 0 1 0 0 0 1 2877.dat
0 MLCAD BTG middle
1 0 496 -126 6 -1 0 0 0 1 0 0 0 -1 2877.dat
0 MLCAD BTG middle
1 4 316 -134 -14 -1 0 0 0 1 0 0 0 -1 4477.dat
0 MLCAD BTG middle
1 4 316 -134 86 -1 0 0 0 1 0 0 0 -1 4477.dat
0 MLCAD BTG middle
1 0 496 -150 66 1 0 0 0 1 0 0 0 1 2877.dat
0 MLCAD BTG middle
1 0 496 -150 6 -1 0 0 0 1 0 0 0 -1 2877.dat
0 MLCAD BTG middle
1 0 496 -174 66 1 0 0 0 1 0 0 0 1 2877.dat
0 MLCAD BTG middle
1 0 496 -174 6 -1 0 0 0 1 0 0 0 -1 2877.dat
0 MLCAD BTG middle
1 1 166 -166 46 -0.866025 0 0.5 0 1 0 -0.5 0 -0.866025 3899.dat
0 MLCAD BTG middle
1 1 331.267 -172.372 33.62 0.17102 0.174117 0.96976 -0.200814 0.96976 -0.138703 -0.964586 -0.17102 0.200814 3899.dat
0 MLCAD BTG middle
1 0 496 -198 66 1 0 0 0 1 0 0 0 1 2877.dat
0 MLCAD BTG middle
1 0 496 -198 6 -1 0 0 0 1 0 0 0 -1 2877.dat
0 MLCAD BTG middle
1 7 -54 -206 -14 0 0 1 0 1 0 -1 0 0 4181p04.dat
0 MLCAD BTG middle
1 7 -54 -206 86 0 0 1 0 1 0 -1 0 0 4182p04.dat
0 MLCAD BTG middle
1 7 376 -206 -14 1 0 0 0 1 0 0 0 1 4033.dat
0 MLCAD BTG middle
1 47 376 -206 -14 1 0 0 0 1 0 0 0 1 4034.dat
0 MLCAD BTG middle
1 7 56 -206 86 -1 0 0 0 1 0 0 0 -1 4033.dat
0 MLCAD BTG middle
1 47 56 -206 86 -1 0 0 0 1 0 0 0 -1 4034.dat
0 MLCAD BTG middle
1 0 296 -214 -14 1 0 0 0 1 0 0 0 1 4162.dat
0 MLCAD BTG middle
1 0 86 -214 56 0 0 -1 0 1 0 1 0 0 3069b.dat
0 MLCAD BTG middle
1 0 136 -214 86 1 0 0 0 1 0 0 0 1 4162.dat
0 MLCAD BTG middle
1 0 -14 -70 36 0 0 -1 0 1 0 1 0 0 2878.dat
0 MLCAD BTG middle
1 0 -14 -38 36 0 0 -1 0 1 0 1 0 0 70720c01.dat
0 MLCAD BTG middle
1 0 16 -62 36 -1 0 0 0 1 0 0 0 -1 3795.dat
0 MLCAD BTG middle
1 0 66 -70 36 0 0 -1 0 1 0 1 0 0 2878.dat
0 MLCAD BTG middle
1 0 66 -38 36 0 0 -1 0 1 0 1 0 0 70720c01.dat
0 MLCAD BTG middle
1 0 86 -62 36 0 0 -1 0 1 0 1 0 0 3023.dat
0 MLCAD BTG middle
1 0 56 -70 36 -1 0 0 0 1 0 0 0 -1 3020.dat
0 MLCAD BTG middle
1 0 -24 -70 36 0 0 1 0 1 0 -1 0 0 4022.dat
0 MLCAD BTG middle
1 0 36 -78 36 1 0 0 0 1 0 0 0 1 4092a.dat
0 MLCAD BTG middle
1 0 26 -54 36 0 0 -1 0 1 0 1 0 0 3666.dat
0 MLCAD BTG middle
1 0 26 -46 36 -1 0 0 0 1 0 0 0 -1 3002.dat
0 MLCAD BTG middle
1 0 26 -62 -4 0 0 -1 0 1 0 1 0 0 3069b.dat
0 MLCAD BTG middle
1 0 26 -62 76 0 0 -1 0 1 0 1 0 0 3069b.dat
0 MLCAD BTG middle
1 0 216 -38 36 -1 0 0 0 1 0 0 0 -1 3035.dat
0 MLCAD BTG middle
1 0 216 -70 76 -1 0 0 0 1 0 0 0 -1 3034.dat
0 MLCAD BTG middle
1 0 286 -78 36 0 0 1 0 1 0 -1 0 0 3710.dat
0 MLCAD BTG middle
1 0 216 -78 36 0 0 1 0 1 0 -1 0 0 3020.dat
0 MLCAD BTG middle
1 0 156 -62 66 -1 0 0 0 1 0 0 0 -1 3660.dat
0 MLCAD BTG middle
1 0 196 -62 66 -1 0 0 0 1 0 0 0 -1 3660.dat
0 MLCAD BTG middle
1 0 236 -62 66 -1 0 0 0 1 0 0 0 -1 3660.dat
0 MLCAD BTG middle
1 0 276 -62 66 -1 0 0 0 1 0 0 0 -1 3660.dat
0 MLCAD BTG middle
1 0 196 -62 6 1 0 0 0 1 0 0 0 1 3660.dat
0 MLCAD BTG middle
1 0 156 -62 6 1 0 0 0 1 0 0 0 1 3660.dat
0 MLCAD BTG middle
1 0 276 -62 6 1 0 0 0 1 0 0 0 1 3660.dat
0 MLCAD BTG middle
1 0 236 -62 6 1 0 0 0 1 0 0 0 1 3660.dat
0 MLCAD BTG middle
1 0 216 -70 -4 -1 0 0 0 1 0 0 0 -1 3034.dat
0 MLCAD BTG middle
1 0 396 -78 36 -1 0 0 0 1 0 0 0 -1 4092a.dat
0 MLCAD BTG middle
1 0 446 -70 36 0 0 1 0 1 0 -1 0 0 2878.dat
0 MLCAD BTG middle
1 0 416 -62 36 1 0 0 0 1 0 0 0 1 3795.dat
0 MLCAD BTG middle
1 0 366 -70 36 0 0 1 0 1 0 -1 0 0 2878.dat
0 MLCAD BTG middle
1 0 346 -62 36 0 0 1 0 1 0 -1 0 0 3023.dat
0 MLCAD BTG middle
1 0 376 -70 36 1 0 0 0 1 0 0 0 1 3020.dat
0 MLCAD BTG middle
1 0 456 -70 36 0 0 -1 0 1 0 1 0 0 4022.dat
0 MLCAD BTG middle
1 0 406 -54 36 0 0 1 0 1 0 -1 0 0 3666.dat
0 MLCAD BTG middle
1 0 406 -46 36 1 0 0 0 1 0 0 0 1 3002.dat
0 MLCAD BTG middle
1 0 406 -62 76 0 0 1 0 1 0 -1 0 0 3069b.dat
0 MLCAD BTG middle
1 0 406 -62 -4 0 0 1 0 1 0 -1 0 0 3069b.dat
0 MLCAD BTG middle
1 0 366 -38 36 0 0 1 0 1 0 -1 0 0 70720c01.dat
0 MLCAD BTG middle
1 0 446 -38 36 0 0 1 0 1 0 -1 0 0 70720c01.dat
0 MLCAD BTG middle
1 0 156 -238 6 1 0 0 0 1 0 0 0 1 2875.dat
0 MLCAD BTG middle
1 0 276 -238 6 1 0 0 0 1 0 0 0 1 2875.dat
0 MLCAD BTG middle
1 0 396 -238 6 1 0 0 0 1 0 0 0 1 2875.dat
0 MLCAD BTG middle
1 7 216 -230 36 1 0 0 0 1 0 0 0 1 3022.dat
0 MLCAD BTG middle
1 7 336 -230 36 1 0 0 0 1 0 0 0 1 3022.dat
0 MLCAD BTG middle
1 0 156 -238 66 -1 0 0 0 1 0 0 0 -1 2875.dat
0 MLCAD BTG middle
1 0 276 -238 66 -1 0 0 0 1 0 0 0 -1 2875.dat
0 MLCAD BTG middle
1 0 396 -238 66 -1 0 0 0 1 0 0 0 -1 2875.dat
0 MLCAD BTG middle
1 0 216 -222 36 0 0 1 0 1 0 -1 0 0 3020.dat
0 MLCAD BTG middle
1 0 336 -222 36 0 0 1 0 1 0 -1 0 0 3020.dat
0 MLCAD BTG middle
1 0 446 -222 36 0 0 -1 0 1 0 1 0 0 3710.dat
0 MLCAD BTG middle
1 0 226 -246 36 0 0 1 0 1 0 -1 0 0 2412a.dat
0 MLCAD BTG middle
1 0 476 -238 36 0 0 -1 0 1 0 1 0 0 3003.dat
0 MLCAD BTG middle
1 0 476 -238 66 -1 0 0 0 1 0 0 0 -1 3039.dat
0 MLCAD BTG middle
1 0 476 -238 6 1 0 0 0 1 0 0 0 1 3039.dat
0 MLCAD BTG middle
1 47 6 -206 86 0 0 -1 0 1 0 1 0 0 4183.dat
0 MLCAD BTG middle
1 47 -54 -206 -14 0 0 1 0 1 0 -1 0 0 4183.dat
0 MLCAD BTG middle
1 7 216 -110 -14 -1 0 0 0 1 0 0 0 -1 3008.dat
0 MLCAD BTG middle
1 7 216 -98 -24 -1 0 0 0 0 1 0 1 0 164565e.dat
0 MLCAD BTG middle
1 7 216 -110 86 1 0 0 0 1 0 0 0 1 3008.dat
0 MLCAD BTG middle
1 7 216 -98 96 1 0 0 0 0 1 0 -1 0 164565e.dat
0 MLCAD BTG middle
1 1 116 -118 -14 -1 0 0 0 1 0 0 0 -1 4477.dat
0 MLCAD BTG middle
1 1 116 -118 86 -1 0 0 0 1 0 0 0 -1 4477.dat
0 MLCAD BTG middle
1 15 356 -126 -14 -1 0 0 0 1 0 0 0 -1 3666.dat
0 MLCAD BTG middle
1 15 76 -126 -14 -1 0 0 0 1 0 0 0 -1 3666.dat
0 MLCAD BTG middle
1 15 76 -126 86 -1 0 0 0 1 0 0 0 -1 3666.dat
0 MLCAD BTG middle
1 15 356 -126 86 -1 0 0 0 1 0 0 0 -1 3666.dat
0 MLCAD BTG middle
1 15 216 -126 -14 -1 0 0 0 1 0 0 0 -1 3460.dat
0 MLCAD BTG middle
1 15 216 -126 86 -1 0 0 0 1 0 0 0 -1 3460.dat
0 MLCAD BTG middle
1 4 116 -134 -14 -1 0 0 0 1 0 0 0 -1 4477.dat
0 MLCAD BTG middle
1 4 116 -134 86 -1 0 0 0 1 0 0 0 -1 4477.dat
0 MLCAD BTG middle
1 14 176 -94 66 -1 0 0 0 1 0 0 0 -1 3069b.dat
0 MLCAD BTG middle
1 14 256 -94 66 -1 0 0 0 1 0 0 0 -1 3069b.dat
0 MLCAD BTG middle
1 14 336 -94 66 -1 0 0 0 1 0 0 0 -1 3069b.dat
0 MLCAD BTG middle
1 14 216 -110 56 0 0 1 0 1 0 -1 0 0 3003.dat
0 MLCAD BTG middle
1 14 296 -110 56 0 0 1 0 1 0 -1 0 0 3003.dat
0 MLCAD BTG middle
1 14 136 -110 56 0 0 1 0 1 0 -1 0 0 3003.dat
0 MLCAD BTG middle
1 14 366 -110 66 0 0 1 0 1 0 -1 0 0 2357.dat
0 MLCAD BTG middle
1 14 336 -110 46 1 0 0 0 1 0 0 0 1 3937.dat
0 MLCAD BTG middle
1 14 336 -110 46 1 0 0 0 1 0 0 0 1 3938.dat
0 MLCAD BTG middle
1 14 176 -110 46 1 0 0 0 1 0 0 0 1 3937.dat
0 MLCAD BTG middle
1 14 176 -110 46 1 0 0 0 1 0 0 0 1 3938.dat
0 MLCAD BTG middle
1 14 256 -110 46 -1 0 0 0 1 0 0 0 -1 4865a.dat
0 MLCAD BTG middle
1 14 336 -134 46 -1 0 0 0 1 0 0 0 -1 3004.dat
0 MLCAD BTG middle
1 14 176 -134 46 -1 0 0 0 1 0 0 0 -1 3004.dat
0 MLCAD BTG middle
1 14 376 -118 56 0 0 1 0 1 0 -1 0 0 4079.dat
0 MLCAD BTG middle
1 14 216 -118 56 0 0 1 0 1 0 -1 0 0 4079.dat
0 MLCAD BTG middle
1 14 296 -118 56 0 0 -1 0 1 0 1 0 0 4079.dat
0 MLCAD BTG middle
1 14 136 -118 56 0 0 -1 0 1 0 1 0 0 4079.dat
0 MLCAD BTG middle
1 7 56 -110 66 1 0 0 0 1 0 0 0 1 3010.dat
0 MLCAD BTG middle
1 7 76 -134 66 1 0 0 0 1 0 0 0 1 3660.dat
0 MLCAD BTG middle
1 7 36 -134 66 1 0 0 0 1 0 0 0 1 3660.dat
0 MLCAD BTG middle
1 7 -64 -94 36 0 0 -1 0 1 0 1 0 0 3020.dat
0 MLCAD BTG middle
1 0 -64 -126 6 -1 0 0 0 1 0 0 0 -1 2877.dat
0 MLCAD BTG middle
1 7 -64 -102 6 -1 0 0 0 1 0 0 0 -1 3023.dat
0 MLCAD BTG middle
1 7 -64 -102 66 -1 0 0 0 1 0 0 0 -1 3023.dat
0 MLCAD BTG middle
1 0 -64 -150 6 -1 0 0 0 1 0 0 0 -1 2877.dat
0 MLCAD BTG middle
1 0 -64 -174 6 -1 0 0 0 1 0 0 0 -1 2877.dat
0 MLCAD BTG middle
1 0 -64 -126 66 -1 0 0 0 1 0 0 0 -1 2877.dat
0 MLCAD BTG middle
1 0 -64 -150 66 -1 0 0 0 1 0 0 0 -1 2877.dat
0 MLCAD BTG middle
1 0 -64 -174 66 -1 0 0 0 1 0 0 0 -1 2877.dat
0 MLCAD BTG middle
1 14 176 -142 56 0 0 1 0 1 0 -1 0 0 3022.dat
0 MLCAD BTG middle
1 14 336 -142 56 0 0 1 0 1 0 -1 0 0 3022.dat
0 MLCAD BTG middle
1 15 86 -206 56 0 0 1 0 1 0 -1 0 0 2362a.dat
0 MLCAD BTG middle
1 15 56 -142 56 0 0 1 0 1 0 -1 0 0 3068bp17.dat
