0 FILE 4888 - model G - main.ldr 
0 model G - main
0 Name: 4888 - model G - main.ldr 
0 Author: [juraj3579]
0 !LICENSE Redistributable under CCAL version 2.0 : see CAreadme.txt
0 !HISTORY 2018-01-08 [bercik] OMR version by Robert Paciorek [bercik] with perrmision of juraj3579
1 14 0 0 0 1 0 0 0 1 0 0 0 1 4888 - model G - vehicle.ldr 
1 47 90 -8 30 1 0 0 0 1 0 0 0 1 6141.dat 
1 47 90 -8 -30 1 0 0 0 1 0 0 0 1 6141.dat 
1 72 -90 -24 0 0 0 1 0 1 0 -1 0 0 3747a.dat 
1 72 -60 -32 30 -1 0 0 0 1 0 0 0 -1 3004.dat 
1 72 -60 -32 -30 -1 0 0 0 1 0 0 0 -1 3004.dat 
1 72 60 -40 -30 1 0 0 0 1 0 0 0 1 3023.dat 
1 72 60 -40 30 1 0 0 0 1 0 0 0 1 3023.dat 
1 71 100 -40 -30 1 0 0 0 1 0 0 0 1 44567.dat 
1 71 100 -40 30 -1 0 0 0 1 0 0 0 -1 44567.dat 
1 47 110 -48 -30 1 0 0 0 1 0 0 0 1 6141.dat 
1 47 110 -48 30 1 0 0 0 1 0 0 0 1 6141.dat 
1 72 120 -9 -59.804 -1 0 0 0 0.5 0.866 0 0.866 -0.5 3021.dat 
1 72 100 -13 -66.732 0 0 -1 -0.866 0.5 0 0.5 0.866 0 44302.dat 
1 4 140 -4.359 -71.732 1 0 0 0 0.5 -0.866 0 0.866 0.5 6141.dat 
1 0 120 -21.679 -61.732 0 0 1 0.866 0.5 0 -0.5 0.866 0 2420.dat 
1 72 120 -10.547 63.503 -1 0 0 0 0.609 -0.793 0 -0.793 -0.609 3021.dat 
1 72 100 -15.417 69.85 0 0 1 -0.793 0.609 0 -0.609 -0.793 0 44302.dat 
1 4 140 -7.483 75.937 1 0 0 0 0.609 0.793 0 -0.793 0.609 6141.dat 
1 0 120 -23.35 63.762 1 0 0 0 0.609 0.793 0 -0.793 0.609 2420.dat 
1 71 160 -96 0 0 0 1 0 1 0 -1 0 0 43121.dat 
1 4 178 -62 -60 0 1 0 -1 0 0 0 0 1 6141.dat 
1 72 98 -62 -60 0 1 0 0 0 1 1 0 0 4032a.dat 
1 4 90 -62 -60 0 1 0 -1 0 0 0 0 1 6141.dat 
1 0 140 -62 -40 0 1 0 0 0 -1 -1 0 0 3673.dat 
1 0 140 -62 40 0 1 0 0 0 1 1 0 0 3673.dat 
1 72 98 -62 60 0 1 0 0 0 -1 -1 0 0 4032a.dat 
1 4 90 -62 60 0 1 0 1 0 0 0 0 -1 6141.dat 
1 4 178 -62 60 0 1 0 1 0 0 0 0 -1 6141.dat 
1 72 140 -62 -60 0 1 0 0 0 -1 -1 0 0 30361d.dat 
1 72 140 -62 60 0 1 0 0 0 1 1 0 0 30361d.dat 
1 72 60 -72 -50 1 0 0 0 1 0 0 0 1 2877.dat 
1 72 60 -72 50 -1 0 0 0 1 0 0 0 -1 2877.dat 
1 72 90 -88 10 0 0 -1 0 1 0 1 0 0 3040b.dat 
1 72 90 -88 -10 0 0 -1 0 1 0 1 0 0 3040b.dat 
1 71 -60 -34.173 -83.239 -1 0 0 0 -0.383 0.924 0 0.924 0.383 6134.dat 
1 72 -23 -5.237 -100.833 -0.924 0.383 0 -0.146 -0.354 0.924 0.354 0.854 0.383 44302.dat 
1 0 -38.411 -10.284 -114.781 0 0.383 0.924 0.924 -0.354 0.146 0.383 0.854 -0.354 2412b.dat 
1 71 -60 -34.173 83.239 1 0 0 0 -0.383 0.924 0 -0.924 -0.383 6134.dat 
1 72 -23 -5.237 100.833 -0.924 0.383 0 -0.146 -0.354 -0.924 -0.354 -0.854 0.383 44302.dat 
1 0 -38.411 -10.284 114.781 0 0.383 0.924 -0.924 -0.354 0.146 0.383 -0.854 0.354 2412b.dat 
1 0 -110 -72 -50 1 0 0 0 1 0 0 0 1 87087.dat 
1 0 -90 -72 -50 1 0 0 0 1 0 0 0 1 87087.dat 
1 0 -110 -72 50 -1 0 0 0 1 0 0 0 -1 87087.dat 
1 0 -90 -72 50 -1 0 0 0 1 0 0 0 -1 87087.dat 
1 72 77 -62 -79.328 -0.924 0.383 0 0 0 1 0.383 0.924 0 44302.dat 
1 0 20 -62 -68 1 0 0 0 0 -1 0 1 0 44301.dat 
1 0 20 -62 68 1 0 0 0 0 1 0 -1 0 44301.dat 
1 72 77 -62 79.328 -0.924 0.383 0 0 0 -1 -0.383 -0.924 0 44302.dat 
1 0 -60 -80 -70 1 0 0 0 1 0 0 0 1 2412b.dat 
1 0 -60 -80 70 1 0 0 0 1 0 0 0 1 2412b.dat 
1 47 -190 -32 -30 1 0 0 0 1 0 0 0 1 6141.dat 
1 47 -190 -32 30 1 0 0 0 1 0 0 0 1 6141.dat 
1 40 -130 -96 0 0 0 1 0 1 0 -1 0 0 3066.dat 
1 0 -10 -112 0 0 0 -1 0 1 0 1 0 0 2412b.dat 
1 72 -80 8 -20 0 0 -1 0 1 0 1 0 0 2654.dat 
1 72 -80 8 20 0 0 -1 0 1 0 1 0 0 2654.dat 
1 72 80 8 -20 0 0 -1 0 1 0 1 0 0 2654.dat 
1 72 80 8 20 0 0 -1 0 1 0 1 0 0 2654.dat 
1 72 0 8 20 0 0 -1 0 1 0 1 0 0 2654.dat 
1 72 0 8 -20 0 0 -1 0 1 0 1 0 0 2654.dat 
1 71 -150 -112 -20 0 0 1 0 1 0 -1 0 0 44567.dat 
1 71 -150 -112 20 0 0 1 0 1 0 -1 0 0 44567.dat 
1 4 -110 -120 -30 1 0 0 0 1 0 0 0 1 6141.dat 
1 4 -110 -120 30 1 0 0 0 1 0 0 0 1 6141.dat 
1 40 -181.899 -82.388 -20 0 0.943 -0.334 0 0.334 0.943 1 0 0 30602.dat 
1 40 -181.899 -82.388 20 0 0.943 -0.334 0 0.334 0.943 1 0 0 30602.dat 
1 40 -195.251 -44.682 20 0 0.943 0.334 0 0.334 -0.943 -1 0 0 30602.dat 
1 40 -195.251 -44.682 -20 0 0.943 0.334 0 0.334 -0.943 -1 0 0 30602.dat 


0 FILE 4888 - model G - vehicle.ldr 
0 model G - vehicle
0 Name: 4888 - model G - vehicle.ldr 
0 Author: [juraj3579]
0 !LICENSE Redistributable under CCAL version 2.0 : see CAreadme.txt
0 !HISTORY 2018-01-08 [bercik] OMR version by Robert Paciorek [bercik] with perrmision of juraj3579
1 16 0 0 0 1 0 0 0 1 0 0 0 1 3030.dat 
1 16 40 -24 0 1 0 0 0 1 0 0 0 1 30283.dat 
1 16 -40 -24 0 1 0 0 0 1 0 0 0 1 30283.dat 
1 16 -140 -24 -40 0 0 1 0 1 0 -1 0 0 41765.dat 
1 16 -140 -24 40 0 0 1 0 1 0 -1 0 0 41764.dat 
1 16 100 -24 10 0 0 -1 0 1 0 1 0 0 42023.dat 
1 16 100 -24 -10 0 0 -1 0 1 0 1 0 0 42023.dat 
1 16 40 -32 -30 -1 0 0 0 1 0 0 0 -1 3702.dat 
1 16 40 -32 30 -1 0 0 0 1 0 0 0 -1 3702.dat 
1 16 -100 -48 0 0 0 1 0 1 0 -1 0 0 3001.dat 
1 16 100 -48 0 0 0 1 0 1 0 -1 0 0 3941.dat 
1 16 -130 -48 0 0 0 -1 0 1 0 1 0 0 3010.dat 
1 16 -80 -48 -50 1 0 0 0 1 0 0 0 1 30414.dat 
1 16 -80 -48 50 -1 0 0 0 1 0 0 0 -1 30414.dat 
1 16 20 -48 -50 -1 0 0 0 1 0 0 0 -1 3009.dat 
1 16 20 -48 50 -1 0 0 0 1 0 0 0 -1 3009.dat 
1 16 80 -48 -30 -1 0 0 0 1 0 0 0 -1 3023.dat 
1 16 80 -48 30 -1 0 0 0 1 0 0 0 -1 3023.dat 
1 16 140 -25 -87.517 0 0 1 0.866 0.5 0 -0.5 0.866 0 3298.dat 
1 16 140 -30 88.89 0 0 1 -0.793 0.609 0 -0.609 -0.793 0 3298.dat 
1 16 106 -62 -60 0 1 0 0 0 1 1 0 0 3941.dat 
1 16 106 -62 60 0 1 0 0 0 -1 -1 0 0 3941.dat 
1 16 70 -72 0 0 0 -1 0 1 0 1 0 0 50373.dat 
1 16 0 -72 -50 1 0 0 0 1 0 0 0 1 30414.dat 
1 16 0 -72 50 -1 0 0 0 1 0 0 0 -1 30414.dat 
1 16 -60 -38 -84 1 0 0 0 0 -1 0 1 0 3937.dat 
1 16 -60 -12.634 -83 1 0 0 0 -0.383 -0.924 0 0.924 -0.383 30383.dat 
1 16 -7.633 -8.719 -118.56 -0.924 0.383 0 -0.146 -0.354 0.924 0.354 0.854 0.383 3020.dat 
1 16 -10.694 -5.89 -125.388 0 0.383 0.924 0.924 -0.354 0.146 0.383 0.854 -0.354 3068b.dat 
1 16 -60 -38 84 -1 0 0 0 0 -1 0 -1 0 3937.dat 
1 16 -60 -12.634 83 1 0 0 0 -0.383 0.924 0 -0.924 -0.383 30383.dat 
1 16 -7.633 -8.719 118.56 -0.924 0.383 0 -0.146 -0.354 -0.924 -0.354 -0.854 0.383 3020.dat 
1 16 -10.694 -5.891 125.388 0 0.383 0.924 -0.924 -0.354 0.146 0.383 -0.854 0.354 3068b.dat 
1 16 -130 -72 0 0 0 -1 0 1 0 1 0 0 3010.dat 
1 16 -70 -72 0 0 0 1 0 1 0 -1 0 0 3008.dat 
1 16 -50 -72 0 0 0 1 0 1 0 -1 0 0 3008.dat 
1 16 70 -96 0 0 0 1 0 1 0 -1 0 0 3009.dat 
1 16 86.244 -62 -109.155 -0.924 0.383 0 0 0 1 0.383 0.924 0 30413.dat 
1 16 86.244 -62 109.155 0.924 0.383 0 0 0 1 0.383 -0.924 0 30413.dat 
1 16 90 -112 0 0 0 -1 0 1 0 1 0 0 3004.dat 
1 16 20 -104 -30 1 0 0 0 1 0 0 0 1 6081.dat 
1 16 -60 -104 -30 1 0 0 0 1 0 0 0 1 6081.dat 
1 16 -60 -104 30 -1 0 0 0 1 0 0 0 -1 6081.dat 
1 16 20 -104 30 -1 0 0 0 1 0 0 0 -1 6081.dat 
1 16 -110 -96 0 0 0 1 0 1 0 -1 0 0 3009.dat 
1 16 -150 -96 -30 0 0 1 0 1 0 -1 0 0 4460a.dat 
1 16 -150 -96 30 0 0 1 0 1 0 -1 0 0 4460a.dat 
1 16 100 -120 0 0 0 -1 0 1 0 1 0 0 43712.dat 
1 16 -20 -104 0 -1 0 0 0 1 0 0 0 -1 3030.dat 
1 16 -140 -104 0 0 0 1 0 1 0 -1 0 0 3020.dat 
1 16 40 -128 -10 1 0 0 0 1 0 0 0 1 6191.dat 
1 16 40 -128 10 -1 0 0 0 1 0 0 0 -1 6191.dat 
1 16 -30 -62 -84 0 0 -1 -1 0 0 0 1 0 3040b.dat 
1 16 -100 -62 -84 0 0 1 1 0 0 0 1 0 42022.dat 
1 16 -60 -62 -92 1 0 0 0 0 -1 0 1 0 2431.dat 
1 16 -100 -62 84 0 0 1 -1 0 0 0 -1 0 42022.dat 
1 16 -30 -62 84 0 0 -1 1 0 0 0 -1 0 3040b.dat 
1 16 -60 -62 92 1 0 0 0 0 1 0 -1 0 2431.dat 
1 16 20 -112 -30 1 0 0 0 1 0 0 0 1 2431.dat 
1 16 20 -112 30 1 0 0 0 1 0 0 0 1 2431.dat 
1 16 -90 -120 0 0 0 -1 0 1 0 1 0 0 45677.dat 
1 16 -120 -112 0 0 0 -1 0 1 0 1 0 0 3020.dat 
1 16 -130 -120 -10 1 0 0 0 1 0 0 0 1 3623.dat 
1 16 -130 -120 10 1 0 0 0 1 0 0 0 1 3623.dat 
1 16 -181.9 -82.388 0 0 0.943 0.334 0 0.334 -0.943 -1 0 0 44570.dat 
1 16 -100 -128 0 1 0 0 0 1 0 0 0 1 3068b.dat 
