0 4957_b
0 Author: LEGO Digital Designer 4.2
0 ROTATION CENTER 0 0 0 1 "Custom" 
0 ROTATION CONFIG 0 0
1 14 -29.5 -338.25 -110 0 0 -1 -1 0 0 0 1 0 32039.dat
1 19 -40 -337.75 -110 1 0 0 0 1 0 0 0 1 3749.dat
1 0 -10.0001 -260.25 -110.5 0 0 1 -1 0 0 0 -1 0 3737.dat
1 71 -10.0001 -353.25 -110.5 1 0 0 0 0 1 0 -1 0 32123a.dat
1 14 -29.5001 -170.25 -110 0 0 -1 -1 0 0 0 1 0 32039.dat
1 19 -40.0001 -169.75 -110 1 0 0 0 1 0 0 0 1 3749.dat
1 72 -50 -179.75 -210 0 0 1 0 1 0 -1 0 0 3062b.dat
1 1 -50 -187.75 -140 0 0 1 0 1 0 -1 0 0 3460.dat
1 71 -80 -155.75 -200 1 0 0 0 1 0 0 0 1 3020.dat
1 72 -50 -179.75 -110 0 0 1 0 1 0 -1 0 0 6541.dat
1 0 -80 -155.75 -120 1 0 0 0 1 0 0 0 1 3709b.dat
1 0 -120 -163.75 -180 1 0 0 0 1 0 0 0 1 3709b.dat
1 0 -80 -155.75 -160 1 0 0 0 1 0 0 0 1 3709b.dat
1 71 -120 -147.75 -180 1 0 0 0 1 0 0 0 1 3020.dat
1 71 -160 -155.75 -200 1 0 0 0 1 0 0 0 1 3020.dat
1 72 -90 -147.75 -60 0 0 1 0 1 0 -1 0 0 4477.dat
1 72 -50 -163.75 -80.0001 0 0 1 0 1 0 -1 0 0 3023.dat
1 0 -80 -155.75 -80.0001 1 0 0 0 1 0 0 0 1 3709b.dat
1 72 -50 -163.75 -40.0001 0 0 1 0 1 0 -1 0 0 3023.dat
1 0 -80 -155.75 -40.0001 1 0 0 0 1 0 0 0 1 3709b.dat
1 72 -190 -179.75 -210 0 0 1 0 1 0 -1 0 0 3062b.dat
1 0 -110 -163.75 -60 0 0 1 0 1 0 -1 0 0 4477.dat
1 0 -160 -155.75 -160 1 0 0 0 1 0 0 0 1 3709b.dat
1 0 -80 -155.75 -3.7998e-005 1 0 0 0 1 0 0 0 1 3709b.dat
1 72 -50 -179.75 -9.99999 0 0 1 0 1 0 -1 0 0 6541.dat
1 1 -50 -187.75 19.9999 0 0 1 0 1 0 -1 0 0 3460.dat
1 72 -50.0001 -179.75 69.9999 1 0 0 0 1 0 0 0 1 6541.dat
1 1 -190 -187.75 -140 0 0 1 0 1 0 -1 0 0 3460.dat
1 1 -120 -147.75 -60 0 0 1 0 1 0 -1 0 0 3832.dat
1 0 -130 -163.75 -60 0 0 1 0 1 0 -1 0 0 4477.dat
1 0 -160 -155.75 -120 1 0 0 0 1 0 0 0 1 3709b.dat
1 0 -160 -155.75 -80 1 0 0 0 1 0 0 0 1 3709b.dat
1 72 -190 -179.75 -110 0 0 1 0 1 0 -1 0 0 6541.dat
1 72 -150 -147.75 -60 0 0 1 0 1 0 -1 0 0 4477.dat
1 71 -80 -155.75 79.9999 1 0 0 0 1 0 0 0 1 3020.dat
1 0 -160 -155.75 -40.0001 1 0 0 0 1 0 0 0 1 3709b.dat
1 72 -190 -163.75 -80 0 0 1 0 1 0 -1 0 0 3023.dat
1 0 -120 -163.75 59.9999 1 0 0 0 1 0 0 0 1 3709b.dat
1 0 -80 -155.75 39.9999 1 0 0 0 1 0 0 0 1 3709b.dat
1 71 -120 -147.75 59.9999 1 0 0 0 1 0 0 0 1 3020.dat
1 0 -160 -155.75 -1.41561e-005 1 0 0 0 1 0 0 0 1 3709b.dat
1 72 -190 -163.75 -40 0 0 1 0 1 0 -1 0 0 3023.dat
1 72 -190 -179.75 -9.99997 0 0 1 0 1 0 -1 0 0 6541.dat
1 1 -190 -187.75 19.9999 0 0 1 0 1 0 -1 0 0 3460.dat
1 0 -160 -155.75 39.9999 1 0 0 0 1 0 0 0 1 3709b.dat
1 71 -160 -155.75 79.9999 1 0 0 0 1 0 0 0 1 3020.dat
1 72 -190 -179.75 70 1 0 0 0 1 0 0 0 1 6541.dat
1 1 -50 -179.75 -60 0 0 1 0 1 0 -1 0 0 3023.dat
1 1 -50 -171.75 -60 0 0 1 0 1 0 -1 0 0 3023.dat
1 1 -190 -179.75 -60 0 0 1 0 1 0 -1 0 0 3023.dat
1 1 -190 -171.75 -60 0 0 1 0 1 0 -1 0 0 3023.dat
1 14 -210.5 -170.25 -9.99998 0 0 1 -1 0 0 0 -1 0 32039.dat
1 19 -200 -169.75 -9.99998 -1 0 0 0 1 0 0 0 -1 3749.dat
1 0 -230 -260.25 -10.5 0 0 1 -1 0 0 0 -1 0 3737.dat
1 19 -200 -337.75 -10.0001 -1 0 0 0 1 0 0 0 -1 3749.dat
1 14 -210.5 -338.25 -10.0001 0 0 1 -1 0 0 0 -1 0 32039.dat
1 71 -230 -353.25 -10.5001 1 0 0 0 0 1 0 -1 0 32123a.dat
1 1 -50 -379.75 -60 0 0 -1 0 1 0 1 0 0 3666.dat
1 72 -50.0001 -323.75 -160 0 0 -1 0 1 0 1 0 0 2431.dat
1 1 -50.0001 -315.75 -160 0 0 -1 0 1 0 1 0 0 3666.dat
1 72 -90 -307.75 -190 0 0 1 0 1 0 -1 0 0 30357.dat
1 1 -80.0001 -315.75 -210 1 0 0 0 1 0 0 0 1 3023.dat
1 1 -120 -347.75 -210 1 0 0 0 1 0 0 0 1 3460.dat
1 71 -120 -339.75 -210 1 0 0 0 1 0 0 0 1 3702.dat
1 72 -50.0001 -307.75 -80 0 0 -1 0 1 0 1 0 0 4477.dat
1 1 -50 -315.75 -80 0 0 -1 0 1 0 1 0 0 3023.dat
1 1 -50 -371.75 -120 1 0 0 0 1 0 0 0 1 42022.dat
1 72 -50 -347.75 -110 0 0 -1 0 1 0 1 0 0 6541.dat
1 1 -50 -323.75 -60.0002 0 0 -1 0 1 0 1 0 0 3666.dat
1 72 -50 -331.75 -80.0002 0 0 -1 0 1 0 1 0 0 3023.dat
1 72 -50 -331.75 -40.0002 0 0 -1 0 1 0 1 0 0 3023.dat
1 72 -50 -347.75 -10.0002 0 0 -1 0 1 0 1 0 0 6541.dat
1 1 -50 -371.75 -1.41561e-005 -1 0 0 0 1 0 0 0 -1 42022.dat
1 1 -160 -315.75 -210 1 0 0 0 1 0 0 0 1 3023.dat
1 1 -50 -315.75 19.9999 0 0 -1 0 1 0 1 0 0 3460.dat
1 72 -150 -307.75 -190 -1 0 0 0 1 0 0 0 -1 30357.dat
1 72 -50 -323.75 39.9999 0 0 -1 0 1 0 1 0 0 2431.dat
1 1 -50 -347.75 90 1 0 0 0 1 0 0 0 1 3024.dat
1 71 -50 -339.75 100 0 0 -1 0 1 0 1 0 0 32064a.dat
1 19 -39.9999 -329.75 100 -1 0 0 0 1 0 0 0 -1 3749.dat
1 72 -190 -323.75 -160 0 0 -1 0 1 0 1 0 0 2431.dat
1 1 -190 -315.75 -160 0 0 -1 0 1 0 1 0 0 3666.dat
1 72 -50 -307.75 120 0 0 -1 0 1 0 1 0 0 4477.dat
1 1 -49.9999 -315.75 120 0 0 -1 0 1 0 1 0 0 3023.dat
1 1 -50 -347.75 160 0 0 -1 0 1 0 1 0 0 3666.dat
1 72 -49.9999 -339.75 170 -1 0 0 0 1 0 0 0 -1 6541.dat
1 1 -49.9999 -315.75 160 0 0 -1 0 1 0 1 0 0 3023.dat
1 72 -190 -307.75 -80.0001 0 0 -1 0 1 0 1 0 0 4477.dat
1 1 -190 -315.75 -80 0 0 -1 0 1 0 1 0 0 3023.dat
1 1 -190 -371.75 -120 1 0 0 0 1 0 0 0 1 42022.dat
1 72 -190 -347.75 -110 0 0 -1 0 1 0 1 0 0 6541.dat
1 1 -190 -323.75 -60.0001 0 0 -1 0 1 0 1 0 0 3666.dat
1 72 -190 -331.75 -80.0001 0 0 -1 0 1 0 1 0 0 3023.dat
1 72 -190 -331.75 -40.0001 0 0 -1 0 1 0 1 0 0 3023.dat
1 0 -49.9999 -315.75 190 1 0 0 0 1 0 0 0 1 30039.dat
1 72 -49.9999 -339.75 210 -1 0 0 0 1 0 0 0 -1 6541.dat
1 72 -190 -347.75 -10.0001 0 0 -1 0 1 0 1 0 0 6541.dat
1 1 -49.9999 -315.75 210 1 0 0 0 1 0 0 0 1 3024.dat
1 1 -190 -371.75 -2.6077e-005 -1 0 0 0 1 0 0 0 -1 42022.dat
1 1 -190 -315.75 19.9999 0 0 -1 0 1 0 1 0 0 3460.dat
1 72 -190 -323.75 39.9999 0 0 -1 0 1 0 1 0 0 2431.dat
1 1 -190 -347.75 90 1 0 0 0 1 0 0 0 1 3024.dat
1 71 -190 -339.75 100 0 0 -1 0 1 0 1 0 0 32064a.dat
1 19 -200 -329.75 99.9999 1 0 0 0 1 0 0 0 1 3749.dat
1 72 -190 -307.75 120 0 0 -1 0 1 0 1 0 0 4477.dat
1 1 -190 -315.75 120 0 0 -1 0 1 0 1 0 0 3023.dat
1 1 -190 -347.75 160 0 0 -1 0 1 0 1 0 0 3666.dat
1 72 -190 -339.75 170 -1 0 0 0 1 0 0 0 -1 6541.dat
1 1 -190 -315.75 160 0 0 -1 0 1 0 1 0 0 3023.dat
1 0 -190 -315.75 190 1 0 0 0 1 0 0 0 1 30039.dat
1 72 -190 -339.75 210 -1 0 0 0 1 0 0 0 -1 6541.dat
1 1 -190 -315.75 210 1 0 0 0 1 0 0 0 1 3024.dat
1 1 -120 -387.75 -70.0001 1 0 0 0 1 0 0 0 1 3460.dat
1 71 -120 -395.75 -60.0001 1 0 0 0 1 0 0 0 1 4032a.dat
1 1 -120 -387.75 -50 1 0 0 0 1 0 0 0 1 3460.dat
1 72 -120 -315.75 -230 1 0 0 0 1 0 0 0 1 2431.dat
1 1 -190 -379.75 -60 0 0 -1 0 1 0 1 0 0 3666.dat
1 1 -120 -355.75 210 1 0 0 0 1 0 0 0 1 3460.dat
1 14 -29.5 -338.25 -10.0002 0 0 -1 -1 0 0 0 1 0 32039.dat
1 19 -40 -337.75 -10.0002 1 0 0 0 1 0 0 0 1 3749.dat
1 0 -10 -260.25 -10.5002 0 0 1 -1 0 0 0 -1 0 3737.dat
1 71 -9.99999 -353.25 -10.5002 1 0 0 0 0 1 0 -1 0 32123a.dat
1 14 -29.5 -170.25 -9.99996 0 0 -1 -1 0 0 0 1 0 32039.dat
1 19 -40 -169.75 -9.99997 1 0 0 0 1 0 0 0 1 3749.dat
1 4 180.006 -107.75 -250 -1 0 0 0 1 0 0 0 -1 3069b.dat
1 4 190 -99.75 -240 0 0 -1 0 1 0 1 0 0 3298.dat
1 72 190 -75.75 -240 1 0 0 0 1 0 0 0 1 3021.dat
1 15 210 -67.75 -240 0 0 -1 0 1 0 1 0 0 3004.dat
1 15 210 -43.75 -250 0 0 -1 0 1 0 1 0 0 2420.dat
1 15 180 -67.75 -250 -1 0 0 0 1 0 0 0 -1 3004.dat
1 4 170 -99.75 -240 0 0 1 0 1 0 -1 0 0 3298.dat
1 72 150 -75.75 -240 0 0 -1 0 1 0 1 0 0 3023.dat
1 15 150 -67.75 -240 0 0 -1 0 1 0 1 0 0 3004.dat
1 15 150 -43.75 -250 1 0 0 0 1 0 0 0 1 2420.dat
1 72 160 -35.75 -240 0 0 -1 0 1 0 1 0 0 3032.dat
1 14 190 -67.75 -190 1 0 0 0 1 0 0 0 1 4073.dat
1 272 190 -59.75 -190 1 0 0 0 1 0 0 0 1 3062b.dat
1 72 160 -27.75 -250 1 0 0 0 1 0 0 0 1 4477.dat
1 72 210 -35.75 -250 0 0 1 0 1 0 -1 0 0 30357.dat
1 71 220 -19.75 -240 1 0 0 0 1 0 0 0 1 4032a.dat
1 71 220 -11.75 -240 1 0 0 0 1 0 0 0 1 4032a.dat
1 70 190 -27.75 -190 1 0 0 0 1 0 0 0 1 4073.dat
1 70 190 -19.75 -190 1 0 0 0 1 0 0 0 1 4073.dat
1 72 160 -27.75 -230 1 0 0 0 1 0 0 0 1 4477.dat
1 72 210 -35.75 -230 1 0 0 0 1 0 0 0 1 30357.dat
1 1 190 -11.75 -140 0 0 -1 0 1 0 1 0 0 3460.dat
1 72 100 -67.75 -240 1 0 0 0 1 0 0 0 1 4589.dat
1 71 100 -43.75 -240 1 0 0 0 1 0 0 0 1 4032a.dat
1 72 110 -35.75 -250 -1 0 0 0 1 0 0 0 -1 30357.dat
1 70 130 -27.75 -190 1 0 0 0 1 0 0 0 1 4073.dat
1 70 130 -19.75 -190 1 0 0 0 1 0 0 0 1 4073.dat
1 71 100 -19.75 -240 1 0 0 0 1 0 0 0 1 4032a.dat
1 71 100 -11.75 -240 1 0 0 0 1 0 0 0 1 4032a.dat
1 72 110 -35.75 -230 0 0 -1 0 1 0 1 0 0 30357.dat
1 1 120 -11.75 -120 0 0 -1 0 1 0 1 0 0 3832.dat
1 2 -20 -3.75 -320 1 0 0 0 1 0 0 0 1 3857.dat
1 2 170 -83.75 -370 0 0 -1 0 1 0 1 0 0 3623.dat
1 320 170 -75.75 -370 1 0 0 0 1 0 0 0 1 3062b.dat
1 320 170 -51.75 -370 1 0 0 0 1 0 0 0 1 3062b.dat
1 320 170 -27.75 -370 1 0 0 0 1 0 0 0 1 3062b.dat
1 70 190 -11.75 -410 1 0 0 0 1 0 0 0 1 4073.dat
1 2 200 -19.75 -380 0 0 -1 0 1 0 1 0 0 3020.dat
1 70 210 -11.75 -350 1 0 0 0 1 0 0 0 1 4073.dat
1 1 230 -11.75 -160 0 0 -1 0 1 0 1 0 0 3666.dat
1 1 290 -11.75 -160 0 0 -1 0 1 0 1 0 0 3666.dat
1 1 270 -11.75 -160 0 0 -1 0 1 0 1 0 0 3666.dat
1 1 250 -11.75 -160 0 0 -1 0 1 0 1 0 0 3666.dat
1 1 210 -11.75 -140 0 0 -1 0 1 0 1 0 0 3460.dat
1 1 160 -11.75 -120 0 0 -1 0 1 0 1 0 0 3832.dat
1 1 80 -11.75 -120 0 0 -1 0 1 0 1 0 0 3832.dat
1 72 -10 -27.75 -230 0 0 -1 0 1 0 1 0 0 3040b.dat
1 72 -10 -27.75 -210 0 0 -1 0 1 0 1 0 0 3040b.dat
1 71 -30 -139.75 -270 0 0 -1 0 1 0 1 0 0 3623.dat
1 72 -70 -131.75 -270 0 0 1 0 1 0 -1 0 0 30357.dat
1 71 -50 -139.75 -310 1 0 0 0 1 0 0 0 1 6019.dat
1 71 -70 -139.75 -310 1 0 0 0 1 0 0 0 1 6019.dat
1 14 -50 -123.75 -270 1 0 0 0 1 0 0 0 1 3063.dat
1 14 -50 -99.75 -270 1 0 0 0 1 0 0 0 1 3063.dat
1 14 -50 -75.75 -270 1 0 0 0 1 0 0 0 1 3063.dat
1 1 -30 -163.75 -310 1 0 0 0 1 0 0 0 1 3024.dat
1 1 -30 -155.75 -310 1 0 0 0 1 0 0 0 1 3024.dat
1 1 -30 -171.75 -260 0 0 -1 0 1 0 1 0 0 3666.dat
1 1 -30 -163.75 -220 0 0 -1 0 1 0 1 0 0 3023.dat
1 1 -30 -155.75 -220 0 0 -1 0 1 0 1 0 0 3023.dat
1 72 -30 -147.75 -220 0 0 -1 0 1 0 1 0 0 3023.dat
1 0 -120 -147.75 -310 1 0 0 0 1 0 0 0 1 4477.dat
1 14 -50 -51.75 -270 1 0 0 0 1 0 0 0 1 3063.dat
1 14 -50 -27.75 -270 1 0 0 0 1 0 0 0 1 3063.dat
1 72 -9.99995 -27.75 -190 0 0 -1 0 1 0 1 0 0 3040b.dat
1 14 -30 -27.75 -220 0 0 -1 0 1 0 1 0 0 3004.dat
1 71 -170 -139.75 -310 1 0 0 0 1 0 0 0 1 6019.dat
1 1 40 -11.75 -80.0002 0 0 -1 0 1 0 1 0 0 3832.dat
1 71 -190 -139.75 -310 1 0 0 0 1 0 0 0 1 6019.dat
1 1 -210 -163.75 -310 1 0 0 0 1 0 0 0 1 3024.dat
1 1 -210 -155.75 -310 1 0 0 0 1 0 0 0 1 3024.dat
1 72 -170 -131.75 -270 -1 0 0 0 1 0 0 0 -1 30357.dat
1 1 -210 -171.75 -260 0 0 -1 0 1 0 1 0 0 3666.dat
1 71 -210 -139.75 -270 0 0 -1 0 1 0 1 0 0 3623.dat
1 14 -190 -123.75 -270 0 0 1 0 1 0 -1 0 0 3063.dat
1 1 -210 -163.75 -220 0 0 -1 0 1 0 1 0 0 3023.dat
1 1 -210 -155.75 -220 0 0 -1 0 1 0 1 0 0 3023.dat
1 71 -100 -27.75 -190 1 0 0 0 1 0 0 0 1 3008.dat
1 72 -210 -147.75 -220 0 0 -1 0 1 0 1 0 0 3023.dat
1 14 -190 -99.75 -270 0 0 1 0 1 0 -1 0 0 3063.dat
1 14 -190 -75.75 -270 0 0 1 0 1 0 -1 0 0 3063.dat
1 14 -190 -51.75 -270 0 0 1 0 1 0 -1 0 0 3063.dat
1 14 -190 -27.75 -270 0 0 1 0 1 0 -1 0 0 3063.dat
1 1 -200 -27.75 -170 0 0 -1 0 1 0 1 0 0 42022.dat
1 14 -210 -27.75 -220 0 0 -1 0 1 0 1 0 0 3004.dat
1 72 -230 -27.75 -230 0 0 1 0 1 0 -1 0 0 3040b.dat
1 2 -20 -3.75003 160 1 0 0 0 1 0 0 0 1 3811.dat
1 71 280 -11.75 220 1 0 0 0 1 0 0 0 1 3068b.dat
1 2 90 -27.75 -10 1 0 0 0 1 0 0 0 1 4589.dat
1 2 170 -27.75 -10 1 0 0 0 1 0 0 0 1 4589.dat
1 71 240 -11.75 220 1 0 0 0 1 0 0 0 1 3068b.dat
1 70 250 -11.75 50 1 0 0 0 1 0 0 0 1 4073.dat
1 71 250 -19.75 50 -1 0 0 0 1 0 0 0 -1 6019.dat
1 70 230 -11.75 50 1 0 0 0 1 0 0 0 1 4073.dat
1 71 230 -19.75 50 -1 0 0 0 1 0 0 0 -1 6019.dat
1 34 190 -11.75 -30 1 0 0 0 1 0 0 0 1 4073.dat
1 34 110 -11.75 -10 1 0 0 0 1 0 0 0 1 4073.dat
1 2 230 -27.75 -90 1 0 0 0 1 0 0 0 1 4589.dat
1 14 -30 -27.75 100 0 0 -1 0 1 0 1 0 0 3004.dat
1 72 -10 -27.75 90 0 0 -1 0 1 0 1 0 0 3040b.dat
1 72 -10 -27.75 110 0 0 -1 0 1 0 1 0 0 3040b.dat
1 70 150 -11.75 50 1 0 0 0 1 0 0 0 1 4073.dat
1 71 150 -19.75 50 -1 0 0 0 1 0 0 0 -1 6019.dat
1 70 130 -11.75 50 1 0 0 0 1 0 0 0 1 4073.dat
1 70 130 -51.75 50 1 0 0 0 1 0 0 0 1 4073.dat
1 1 130 -43.75 50 1 0 0 0 1 0 0 0 1 4589.dat
1 71 130 -19.75 50 -1 0 0 0 1 0 0 0 -1 6019.dat
1 70 230 -11.75 330 1 0 0 0 1 0 0 0 1 4073.dat
1 2 200 -99.75 340 -0.95976 0 -0.280822 0 1 0 0.280822 0 -0.95976 3623.dat
1 320 200 -91.75 340 0.280821 0 -0.95976 0 1 0 0.95976 0 0.280821 3062b.dat
1 320 200 -67.75 340 0.280821 0 -0.95976 0 1 0 0.95976 0 0.280821 3062b.dat
1 320 200 -43.75 340 0.280821 0 -0.95976 0 1 0 0.95976 0 0.280821 3062b.dat
1 2 200 -19.75 340 1 0 0 0 1 0 0 0 1 3020.dat
1 70 170 -11.75 350 1 0 0 0 1 0 0 0 1 4073.dat
1 70 70 -11.75 -10 1 0 0 0 1 0 0 0 1 4073.dat
1 2 70 -35.75 -10 1 0 0 0 1 0 0 0 1 4589.dat
1 71 200 -11.75 250 1 0 0 0 1 0 0 0 1 3794a.dat
1 70 200 -43.75 250 1 0 0 0 1 0 0 0 1 4073.dat
1 72 200 -35.75 250 1 0 0 0 1 0 0 0 1 4589.dat
1 34 70 -11.75 9.99992 1 0 0 0 1 0 0 0 1 4073.dat
1 34 70 -19.75 9.99992 1 0 0 0 1 0 0 0 1 4073.dat
1 71 200 -11.75 230 1 0 0 0 1 0 0 0 1 3794a.dat
1 14 200 -43.75 230 1 0 0 0 1 0 0 0 1 4073.dat
1 320 200 -35.75 230 1 0 0 0 1 0 0 0 1 3062b.dat
1 70 130 -11.75 130 1 0 0 0 1 0 0 0 1 4073.dat
1 2 130 -35.75 130 1 0 0 0 1 0 0 0 1 4589.dat
1 70 250 -11.75 330 1 0 0 0 1 0 0 0 1 4073.dat
1 2 250 -35.75 330 1 0 0 0 1 0 0 0 1 4589.dat
1 1 0 -11.75 -40 0 0 -1 0 1 0 1 0 0 3832.dat
1 4 279.994 -35.75 430 1 0 0 0 1 0 0 0 1 3069b.dat
1 15 270 -27.75 430 1 0 0 0 1 0 0 0 1 3622.dat
1 4 199.994 -35.75 430 1 0 0 0 1 0 0 0 1 3069b.dat
1 15 210 -27.75 430 1 0 0 0 1 0 0 0 1 3622.dat
1 70 110 -11.75 150 1 0 0 0 1 0 0 0 1 4073.dat
1 2 130 -43.75 210 1 0 0 0 1 0 0 0 1 4589.dat
1 2 120 -19.75 180 0 0 -1 0 1 0 1 0 0 3020.dat
1 70 130 -11.75 210 1 0 0 0 1 0 0 0 1 4073.dat
1 71 120 -11.75 280 1 0 0 0 1 0 0 0 1 3068b.dat
1 71 160 -11.75 260 1 0 0 0 1 0 0 0 1 3068b.dat
1 1 -40 -11.75 -40 0 0 -1 0 1 0 1 0 0 3832.dat
1 1 -200 -27.75 -110 0 0 -1 0 1 0 1 0 0 42022.dat
1 70 90 -11.75 210 1 0 0 0 1 0 0 0 1 4073.dat
1 2 90 -35.75 210 1 0 0 0 1 0 0 0 1 4589.dat
1 72 -10 -27.75 70 0 0 -1 0 1 0 1 0 0 3040b.dat
1 1 -80 -11.75 -40 0 0 -1 0 1 0 1 0 0 3832.dat
1 1 -200 -27.75 -150 0 0 -1 0 1 0 1 0 0 42022.dat
1 1 -200 -27.75 -130 0 0 -1 0 1 0 1 0 0 42022.dat
1 1 -200 -27.75 -90 0 0 -1 0 1 0 1 0 0 42022.dat
1 71 80 -11.75 300 1 0 0 0 1 0 0 0 1 3068b.dat
1 1 -200 -27.75 -70 0 0 -1 0 1 0 1 0 0 42022.dat
1 72 -230 -27.75 -210 0 0 1 0 1 0 -1 0 0 3040b.dat
1 4 159.994 -35.75 430 1 0 0 0 1 0 0 0 1 3069b.dat
1 15 150 -27.75 430 1 0 0 0 1 0 0 0 1 3622.dat
1 1 -200 -27.75 -50 0 0 -1 0 1 0 1 0 0 42022.dat
1 71 80 -11.75 330 1 0 0 0 1 0 0 0 1 3794a.dat
1 14 79.9999 -43.75 330 1 0 0 0 1 0 0 0 1 4073.dat
1 1 79.9999 -35.75 330 1 0 0 0 1 0 0 0 1 4589.dat
1 4 130 -27.75 430 0 0 -1 0 1 0 1 0 0 50746.dat
1 71 -100 -27.75 70 1 0 0 0 1 0 0 0 1 3008.dat
1 1 -200 -27.75 -30 0 0 -1 0 1 0 1 0 0 42022.dat
1 15 -230 -27.75 -150 0 0 -1 0 1 0 1 0 0 3622.dat
1 1 -200 -27.75 -10 0 0 -1 0 1 0 1 0 0 42022.dat
1 71 80 -11.75 360 1 0 0 0 1 0 0 0 1 3068b.dat
1 71 -260 -51.75 -190 1 0 0 0 1 0 0 0 1 3008.dat
1 71 -260 -27.75 -190 1 0 0 0 1 0 0 0 1 3008.dat
1 72 -30 -347.75 90.0001 1 0 0 0 1 0 0 0 1 3024.dat
1 71 -30 -355.75 100 0 0 -1 0 1 0 1 0 0 3794a.dat
1 72 -30 -339.75 100 0 0 -1 0 1 0 1 0 0 3700.dat
1 71 -30 -315.75 100 0 0 1 0 1 0 -1 0 0 32064a.dat
1 72 -30 -291.75 90 0 0 1 0 1 0 -1 0 0 3024.dat
1 71 -30 -283.75 110 0 0 1 0 1 0 -1 0 0 3623.dat
1 0 -30 -291.75 120 0 0 -1 0 1 0 1 0 0 44302.dat
1 71 -30 -355.75 110 -1 0 0 0 1 0 0 0 -1 6091.dat
1 72 -30 -323.75 130 1 0 0 0 1 0 0 0 1 3024.dat
1 71 -30 -315.75 130 0 0 1 0 1 0 -1 0 0 3005.dat
1 71 -30 -275.75 110 1 0 0 0 1 0 0 0 1 3005.dat
1 71 -30 -275.75 130 1 0 0 0 1 0 0 0 1 3005.dat
1 71 -30 -251.75 120 0 0 -1 0 1 0 1 0 0 32064a.dat
1 71 -30 -227.75 110 1 0 0 0 1 0 0 0 1 3005.dat
1 71 -30 -203.75 120 0 0 -1 0 1 0 1 0 0 3010.dat
1 72 -30 -227.75 130 -1 0 0 0 1 0 0 0 -1 3040b.dat
1 71 -30 -179.75 100 0 0 1 0 1 0 -1 0 0 32064a.dat
1 19 -40 -169.75 99.9999 1 0 0 0 1 0 0 0 1 3749.dat
1 71 -30 -179.75 130 1 0 0 0 1 0 0 0 1 3005.dat
1 71 -30 -155.75 120 0 0 -1 0 1 0 1 0 0 3710.dat
1 72 -30 -147.75 100 0 0 -1 0 1 0 1 0 0 3023.dat
1 71 -30 -179.75 150 1 0 0 0 1 0 0 0 1 3005.dat
1 72 -30 -139.75 180 0 0 -1 0 1 0 1 0 0 4477.dat
1 72 -30.0001 -131.75 90 1 0 0 0 1 0 0 0 1 30357.dat
1 71 -10.0001 -203.75 90 0 0 -1 0 1 0 1 0 0 4460.dat
1 71 -20 -123.75 100 1 0 0 0 1 0 0 0 1 6143.dat
1 71 -20 -99.75 100 1 0 0 0 1 0 0 0 1 6143.dat
1 71 -20 -75.75 100 1 0 0 0 1 0 0 0 1 6143.dat
1 14 -20 -51.75 90 -1 0 0 0 1 0 0 0 -1 3004.dat
1 1 -30.0001 -171.75 170 1 0 0 0 1 0 0 0 1 3024.dat
1 1 -30.0001 -163.75 180 0 0 -1 0 1 0 1 0 0 3023.dat
1 1 -30.0001 -155.75 180 0 0 -1 0 1 0 1 0 0 3023.dat
1 0 -40 -147.75 200 0 0 -1 0 1 0 1 0 0 3709b.dat
1 14 -20 -51.75 110 -1 0 0 0 1 0 0 0 -1 3004.dat
1 72 -30 -131.75 220 0 0 -1 0 1 0 1 0 0 3023.dat
1 14 -30 -123.75 220 0 0 -1 0 1 0 1 0 0 3004.dat
1 14 -30 -99.75 220 0 0 -1 0 1 0 1 0 0 3004.dat
1 14 -30 -75.75 220 0 0 -1 0 1 0 1 0 0 3004.dat
1 72 -70 -131.75 250 1 0 0 0 1 0 0 0 1 30357.dat
1 14 -50 -123.75 250 0 0 -1 0 1 0 1 0 0 3063.dat
1 71 -50 -139.75 290 -1 0 0 0 1 0 0 0 -1 6019.dat
1 14 -30 -51.75 220 0 0 -1 0 1 0 1 0 0 3004.dat
1 14 -50 -99.75 250 0 0 -1 0 1 0 1 0 0 3063.dat
1 14 -50 -75.75 250 0 0 -1 0 1 0 1 0 0 3063.dat
1 14 -30 -27.75 220 0 0 -1 0 1 0 1 0 0 3004.dat
1 71 -70 -139.75 290 -1 0 0 0 1 0 0 0 -1 6019.dat
1 15 40 -35.75 330 1 0 0 0 1 0 0 0 1 3023.dat
1 15 40 -27.75 330 1 0 0 0 1 0 0 0 1 3004.dat
1 1 -200 -27.75 10 0 0 -1 0 1 0 1 0 0 42022.dat
1 4 90.0001 -83.75 430 0 0 -1 0 1 0 1 0 0 6091.dat
1 15 110 -51.75 430 1 0 0 0 1 0 0 0 1 3062b.dat
1 15 110 -27.75 430 1 0 0 0 1 0 0 0 1 3062b.dat
1 4 40 -67.75 350 1 0 0 0 1 0 0 0 1 3298.dat
1 71 50 -43.75 350 0 0 -1 0 1 0 1 0 0 3623.dat
1 14 50 -35.75 350 1 0 0 0 1 0 0 0 1 4073.dat
1 4 50 -43.75 370 -1 0 0 0 1 0 0 0 -1 50746.dat
1 272 50 -27.75 350 1 0 0 0 1 0 0 0 1 3062b.dat
1 71 30 -43.75 350 0 0 -1 0 1 0 1 0 0 3623.dat
1 71 80 -11.75 390 1 0 0 0 1 0 0 0 1 3794a.dat
1 70 79.9999 -43.75 390 1 0 0 0 1 0 0 0 1 4073.dat
1 19 79.9999 -35.75 390 1 0 0 0 1 0 0 0 1 3062b.dat
1 4 30 -43.75 370 -1 0 0 0 1 0 0 0 -1 50746.dat
1 1 -200 -27.75 30 0 0 -1 0 1 0 1 0 0 42022.dat
1 14 -50 -51.75 250 0 0 -1 0 1 0 1 0 0 3063.dat
1 15 -230 -27.75 -90 0 0 -1 0 1 0 1 0 0 3622.dat
1 1 -200 -27.75 50 0 0 -1 0 1 0 1 0 0 42022.dat
1 15 40 -35.75 370 1 0 0 0 1 0 0 0 1 3023.dat
1 15 40 -27.75 370 1 0 0 0 1 0 0 0 1 3004.dat
1 71 80 -11.75 420 1 0 0 0 1 0 0 0 1 3068b.dat
1 14 -50 -27.75 250 0 0 -1 0 1 0 1 0 0 3063.dat
1 0 -30 -187.75 280 0 0 1 0 1 0 -1 0 0 44302.dat
1 1 -30 -179.75 280 0 0 -1 0 1 0 1 0 0 3023.dat
1 1 -30.0001 -171.75 240 0 0 -1 0 1 0 1 0 0 3666.dat
1 1 -30 -163.75 290 1 0 0 0 1 0 0 0 1 3024.dat
1 1 -30 -155.75 290 1 0 0 0 1 0 0 0 1 3024.dat
1 0 -120 -147.75 290 1 0 0 0 1 0 0 0 1 4477.dat
1 0 -120 -11.75 150 -1 0 0 0 1 0 0 0 -1 32530.dat
1 71 -70 -11.75 230 1 0 0 0 1 0 0 0 1 3623.dat
1 15 -230 -27.75 -30 0 0 -1 0 1 0 1 0 0 3622.dat
1 4 70 -83.75 430 0 0 1 0 1 0 -1 0 0 6091.dat
1 15 50 -51.75 430 1 0 0 0 1 0 0 0 1 3062b.dat
1 15 50 -27.75 430 1 0 0 0 1 0 0 0 1 3062b.dat
1 71 80 -11.75 460 1 0 0 0 1 0 0 0 1 3068b.dat
1 47 -120 -51.75 200 0 0 1 0 1 0 -1 0 0 6588.dat
1 71 -120 -11.75 200 0 0 1 0 1 0 -1 0 0 3020.dat
1 15 -230 -27.75 30 0 0 -1 0 1 0 1 0 0 3622.dat
1 4 30 -27.75 430 0 0 1 0 1 0 -1 0 0 50746.dat
1 15 9.99996 -27.75 430 1 0 0 0 1 0 0 0 1 3622.dat
1 4 -0.00561699 -35.75 430 1 0 0 0 1 0 0 0 1 3069b.dat
1 71 -170 -139.75 290 -1 0 0 0 1 0 0 0 -1 6019.dat
1 0 -120 -11.75 250 -1 0 0 0 1 0 0 0 -1 32530.dat
1 14 -210 -27.75 100 0 0 -1 0 1 0 1 0 0 3004.dat
1 72 -170 -131.75 250 0 0 -1 0 1 0 1 0 0 30357.dat
1 72 -210 -347.75 89.9999 1 0 0 0 1 0 0 0 1 3024.dat
1 71 -210 -355.75 99.9999 0 0 -1 0 1 0 1 0 0 3794a.dat
1 72 -210 -339.75 99.9999 0 0 -1 0 1 0 1 0 0 3700.dat
1 71 -210 -315.75 99.9998 0 0 1 0 1 0 -1 0 0 32064a.dat
1 72 -210 -291.75 89.9998 0 0 1 0 1 0 -1 0 0 3024.dat
1 71 -210 -283.75 110 0 0 1 0 1 0 -1 0 0 3623.dat
1 0 -210 -291.75 120 0 0 -1 0 1 0 1 0 0 44302.dat
1 71 -210 -355.75 110 -1 0 0 0 1 0 0 0 -1 6091.dat
1 72 -210 -323.75 130 1 0 0 0 1 0 0 0 1 3024.dat
1 71 -210 -315.75 130 0 0 1 0 1 0 -1 0 0 3005.dat
1 71 -210 -275.75 110 1 0 0 0 1 0 0 0 1 3005.dat
1 71 -210 -275.75 130 1 0 0 0 1 0 0 0 1 3005.dat
1 71 -210 -251.75 120 0 0 -1 0 1 0 1 0 0 32064a.dat
1 71 -210 -227.75 110 1 0 0 0 1 0 0 0 1 3005.dat
1 71 -210 -203.75 120 0 0 -1 0 1 0 1 0 0 3010.dat
1 72 -210 -227.75 130 -1 0 0 0 1 0 0 0 -1 3040b.dat
1 71 -210 -179.75 99.9999 0 0 1 0 1 0 -1 0 0 32064a.dat
1 19 -200 -169.75 100 -1 0 0 0 1 0 0 0 -1 3749.dat
1 71 -210 -179.75 130 1 0 0 0 1 0 0 0 1 3005.dat
1 71 -210 -155.75 120 0 0 -1 0 1 0 1 0 0 3710.dat
1 72 -210 -147.75 99.9999 0 0 -1 0 1 0 1 0 0 3023.dat
1 71 -210 -179.75 150 1 0 0 0 1 0 0 0 1 3005.dat
1 72 -210 -139.75 180 0 0 -1 0 1 0 1 0 0 4477.dat
1 1 -210 -171.75 170 1 0 0 0 1 0 0 0 1 3024.dat
1 1 -210 -163.75 180 0 0 -1 0 1 0 1 0 0 3023.dat
1 1 -210 -155.75 180 0 0 -1 0 1 0 1 0 0 3023.dat
1 0 -200 -147.75 200 0 0 -1 0 1 0 1 0 0 3709b.dat
1 72 -210 -131.75 90 0 0 -1 0 1 0 1 0 0 30357.dat
1 71 -230 -203.75 90 0 0 1 0 1 0 -1 0 0 4460.dat
1 71 -220 -123.75 100 1 0 0 0 1 0 0 0 1 6143.dat
1 71 -220 -99.75 100 1 0 0 0 1 0 0 0 1 6143.dat
1 71 -220 -75.75 100 1 0 0 0 1 0 0 0 1 6143.dat
1 14 -220 -51.75 90 -1 0 0 0 1 0 0 0 -1 3004.dat
1 72 -210 -131.75 220 0 0 -1 0 1 0 1 0 0 3023.dat
1 14 -220 -51.75 110 -1 0 0 0 1 0 0 0 -1 3004.dat
1 14 -210 -123.75 220 0 0 -1 0 1 0 1 0 0 3004.dat
1 71 -120 -34.2363 262 1 0 0 0 1 0 0 0 1 58120.dat
1 72 -280 -81.75 306 -1 0 0 0 0 -1 0 -1 0 58124.dat
1 71 -330 -27.75 -100 0 0 -1 0 1 0 1 0 0 3702.dat
1 71 -190 -139.75 290 -1 0 0 0 1 0 0 0 -1 6019.dat
1 14 -190 -123.75 250 -1 0 0 0 1 0 0 0 -1 3063.dat
1 0 -210 -187.75 280 0 0 1 0 1 0 -1 0 0 44302.dat
1 1 -210 -179.75 280 0 0 -1 0 1 0 1 0 0 3023.dat
1 1 -210 -171.75 240 0 0 -1 0 1 0 1 0 0 3666.dat
1 1 -210 -163.75 290 1 0 0 0 1 0 0 0 1 3024.dat
1 1 -210 -155.75 290 1 0 0 0 1 0 0 0 1 3024.dat
1 14 -210 -99.75 220 0 0 -1 0 1 0 1 0 0 3004.dat
1 72 -230 -27.75 90 0 0 1 0 1 0 -1 0 0 3040b.dat
1 71 -260 -51.75 70 1 0 0 0 1 0 0 0 1 3008.dat
1 71 -260 -27.75 70 1 0 0 0 1 0 0 0 1 3008.dat
1 14 -190 -99.75 250 -1 0 0 0 1 0 0 0 -1 3063.dat
1 72 -230 -27.75 110 0 0 1 0 1 0 -1 0 0 3040b.dat
1 14 -210 -75.75 220 0 0 -1 0 1 0 1 0 0 3004.dat
1 71 -170 -11.75 230 1 0 0 0 1 0 0 0 1 3623.dat
1 14 -190 -75.75 250 -1 0 0 0 1 0 0 0 -1 3063.dat
1 14 -210 -51.75 220 0 0 -1 0 1 0 1 0 0 3004.dat
1 14 -190 -51.75 250 -1 0 0 0 1 0 0 0 -1 3063.dat
1 14 -210 -27.75 220 0 0 -1 0 1 0 1 0 0 3004.dat
1 71 -330 -27.75 20 0 0 -1 0 1 0 1 0 0 3010.dat
1 14 -190 -27.75 250 -1 0 0 0 1 0 0 0 -1 3063.dat
1 0 -260 -11.75 180 1 0 0 0 1 0 0 0 1 2460.dat
1 0 -300 -11.75 180 1 0 0 0 1 0 0 0 1 2460.dat
1 0 -260 -11.75 260 1 0 0 0 1 0 0 0 1 2460.dat
1 0 -300 -11.75 260 1 0 0 0 1 0 0 0 1 2460.dat
1 4 180.006 -107.75 -230 -1 0 0 0 1 0 0 0 -1 3069b.dat
1 71 120 -43.75 -290 1 0 0 0 1 0 0 0 1 48336.dat
1 72 -30 -131.75 -210 0 0 1 0 1 0 -1 0 0 30357.dat
1 71 -20 -123.75 -220 1 0 0 0 1 0 0 0 1 6143.dat
1 71 -20 -99.75 -220 1 0 0 0 1 0 0 0 1 6143.dat
1 71 -20 -75.75 -220 1 0 0 0 1 0 0 0 1 6143.dat
1 14 -20 -51.75 -230 -1 0 0 0 1 0 0 0 -1 3004.dat
1 14 -20 -51.75 -210 -1 0 0 0 1 0 0 0 -1 3004.dat
1 71 -60 -147.75 -220 1 0 0 0 1 0 0 0 1 3068b.dat
1 72 -120 -139.75 -230 -1 0 0 0 1 0 0 0 -1 4477.dat
1 72 -120 -147.75 -230 1 0 0 0 1 0 0 0 1 2431.dat
1 72 -120 -139.75 -210 -1 0 0 0 1 0 0 0 -1 4477.dat
1 71 -180 -147.75 -220 1 0 0 0 1 0 0 0 1 3068b.dat
1 14 -50 -179.75 -270 1 0 0 0 1 0 0 0 1 4073.dat
1 320 -50 -171.75 -270 1 0 0 0 1 0 0 0 1 4589.dat
1 0 -120 -147.75 -270 1 0 0 0 1 0 0 0 1 4477.dat
1 0 -120 -147.75 -290 1 0 0 0 1 0 0 0 1 4477.dat
1 70 -50 -179.75 -250 1 0 0 0 1 0 0 0 1 4073.dat
1 15 -50 -171.75 -250 1 0 0 0 1 0 0 0 1 3062b.dat
1 0 -120 -147.75 -250 1 0 0 0 1 0 0 0 1 4477.dat
1 72 -210 -131.75 -210 -1 0 0 0 1 0 0 0 -1 30357.dat
1 71 -220 -123.75 -220 1 0 0 0 1 0 0 0 1 6143.dat
1 71 -220 -99.75 -220 1 0 0 0 1 0 0 0 1 6143.dat
1 71 -220 -75.75 -220 1 0 0 0 1 0 0 0 1 6143.dat
1 14 -220 -51.75 -230 -1 0 0 0 1 0 0 0 -1 3004.dat
1 14 -220 -51.75 -210 -1 0 0 0 1 0 0 0 -1 3004.dat
1 4 239.994 -35.75 430 1 0 0 0 1 0 0 0 1 3069b.dat
1 71 -30 -275.75 90 0 0 -1 0 1 0 1 0 0 4460.dat
1 1 -50 -11.75 -160 0 0 -1 0 1 0 1 0 0 3023.dat
1 1 -30 -11.75 -160 0 0 -1 0 1 0 1 0 0 3023.dat
1 1 -10 -11.75 -160 0 0 -1 0 1 0 1 0 0 3023.dat
1 1 9.99999 -11.75 -160 0 0 -1 0 1 0 1 0 0 3023.dat
1 1 -70 -11.75 -160 0 0 -1 0 1 0 1 0 0 3023.dat
1 1 -90 -11.75 -160 0 0 -1 0 1 0 1 0 0 3023.dat
1 0 -120 -147.75 250 1 0 0 0 1 0 0 0 1 4477.dat
1 0 -90 -155.75 200 0 0 -1 0 1 0 1 0 0 4477.dat
1 0 -110 -155.75 200 0 0 -1 0 1 0 1 0 0 4477.dat
1 0 -130 -155.75 200 0 0 -1 0 1 0 1 0 0 4477.dat
1 0 -150 -155.75 200 0 0 -1 0 1 0 1 0 0 4477.dat
1 0 -120 -147.75 150 1 0 0 0 1 0 0 0 1 4477.dat
1 0 -120 -147.75 270 1 0 0 0 1 0 0 0 1 4477.dat
1 0 -120 -147.75 130 1 0 0 0 1 0 0 0 1 4477.dat
1 71 -210 -275.75 90 0 0 1 0 1 0 -1 0 0 4460.dat
1 71 -70 -155.75 130 0 0 -1 0 1 0 1 0 0 3623.dat
1 71 -170 -155.75 130 0 0 -1 0 1 0 1 0 0 3623.dat
1 72 80 -67.75 430 1 0 0 0 1 0 0 0 1 3023.dat
1 4 79.9945 -83.75 430 1 0 0 0 1 0 0 0 1 3069b.dat
1 1 -320 -51.75 -130 0 0 -1 0 1 0 1 0 0 42022.dat
1 1 -320 -51.75 -110 0 0 -1 0 1 0 1 0 0 42022.dat
1 1 -320 -51.75 -90 0 0 -1 0 1 0 1 0 0 42022.dat
1 1 -320 -51.75 -150 0 0 -1 0 1 0 1 0 0 42022.dat
1 1 -320 -51.75 -170 0 0 -1 0 1 0 1 0 0 42022.dat
1 1 -320 -51.75 -70 0 0 -1 0 1 0 1 0 0 42022.dat
1 1 -320 -51.75 -50 0 0 -1 0 1 0 1 0 0 42022.dat
1 1 -320 -51.75 -30 0 0 -1 0 1 0 1 0 0 42022.dat
1 1 -320 -51.75 9.99999 0 0 -1 0 1 0 1 0 0 42022.dat
1 1 -320 -51.75 30 0 0 -1 0 1 0 1 0 0 42022.dat
1 1 -320 -51.75 -9.99999 0 0 -1 0 1 0 1 0 0 42022.dat
1 1 -320 -51.75 50 0 0 -1 0 1 0 1 0 0 42022.dat
1 71 -280 -121.75 220 0 0 1 -1 0 0 0 -1 0 58119.dat
1 2 200 -131.75 340 -0.95976 0 -0.280822 0 1 0 0.280822 0 -0.95976 3623.dat
1 14 200 -123.75 340 0.280821 0 -0.95976 0 1 0 0.95976 0 0.280821 4073.dat
1 14 200 -115.75 340 0.280821 0 -0.95976 0 1 0 0.95976 0 0.280821 4073.dat
1 2 200 -107.75 340 -0.280821 0 0.95976 0 1 0 -0.95976 0 -0.280821 3623.dat
1 2 170 -115.75 -370 0 0 -1 0 1 0 1 0 0 3623.dat
1 14 170 -107.75 -370 1 0 0 0 1 0 0 0 1 4073.dat
1 14 170 -99.75 -370 1 0 0 0 1 0 0 0 1 4073.dat
1 2 170 -91.75 -370 -1 0 0 0 1 0 0 0 -1 3623.dat
1 71 -120 -33.75 211.925 0 0 1 0 1 0 -1 0 0 44294.dat
1 71 -120 -33.75 165 1 0 0 0 1 0 0 0 1 32123a.dat
1 0 -120 -33.75 200 1 0 0 0 1 0 0 0 1 4716.dat
1 71 -120 -33.75 235 1 0 0 0 1 0 0 0 1 32123a.dat
1 2 170 -107.75 -350 -1 0 0 0 1 0 0 0 -1 3040b.dat
1 2 180.805 -123.75 345.616 -0.280821 0 0.95976 0 1 0 -0.95976 0 -0.280821 3040b.dat
1 0 -29.9999 -282.458 156.642 1 0 0 0 0.699893 0.714247 0 -0.714247 0.699893 481.dat
1 0 -29.9999 -239.603 198.635 0 0 1 -0.714247 0.699894 0 -0.699894 -0.714247 0 3706.dat
1 0 -29.9999 -195.32 242.029 -1 0 0 0 0.699893 -0.714247 0 -0.714247 -0.699894 481.dat
1 71 240 -37.4775 74.6818 1 0 0 0 0.319377 -0.947628 0 0.947628 0.319377 48336.dat
1 1 -190 -187.75 110 0 0 1 0 1 0 -1 0 0 3024.dat
1 72 -190 -179.75 99.9999 0 0 1 0 1 0 -1 0 0 3700.dat
1 71 -59.9999 -89.206 385.679 0 0 -1 0.558194 0.829711 0 0.829711 -0.558194 0 3020.dat
1 72 -49.9999 -71.4045 397.807 0 0 -1 0.558194 0.829711 0 0.829711 -0.558194 0 4477.dat
1 72 -69.9999 -71.4045 397.807 0 0 -1 0.558194 0.829711 0 0.829711 -0.558194 0 4477.dat
1 71 -59.9999 -128.28 327.599 1 0 0 0 0.829711 0.558194 0 -0.558194 0.829711 48336.dat
1 71 -59.9998 -129.335 340.362 0 0 -1 0.558194 0.829711 0 0.829711 -0.558194 0 4032a.dat
1 72 -120 -117.116 344.193 -1 0 0 0 0.829711 -0.558194 0 -0.558194 -0.829711 4477.dat
1 71 -180 -129.335 340.362 0 0 -1 0.558194 0.829711 0 0.829711 -0.558194 0 4032a.dat
1 71 -180 -128.28 327.599 1 0 0 0 0.829711 0.558194 0 -0.558194 0.829711 48336.dat
1 72 -120 -50.1325 443.758 -1 0 0 0 0.829711 -0.558194 0 -0.558194 -0.829711 4477.dat
1 1 -29.9998 -115.757 403.541 0 0 -1 0.558194 0.829711 0 0.829711 -0.558194 0 3460.dat
1 0 -29.9998 -142.611 349.293 -1 0 0 0 0.829711 -0.558194 0 -0.558194 -0.829711 30359b.dat
1 71 -180 -89.2061 385.679 0 0 -1 0.558194 0.829711 0 0.829711 -0.558194 0 3020.dat
1 72 -170 -71.4045 397.807 0 0 -1 0.558194 0.829711 0 0.829711 -0.558194 0 4477.dat
1 72 -190 -71.4045 397.807 0 0 -1 0.558194 0.829711 0 0.829711 -0.558194 0 4477.dat
1 1 -210 -115.755 403.543 0 0 -1 0.558194 0.829711 0 0.829711 -0.558194 0 3460.dat
1 0 -210 -142.609 349.295 -1 0 0 0 0.829711 -0.558194 0 -0.558194 -0.829711 30359b.dat
1 2 150 -115.75 -370 0 0 1 0 1 0 -1 0 0 3040b.dat
1 19 -80 -113.75 200 -1 0 0 0 1 0 0 0 -1 3749.dat
1 71 -90.0001 -114.25 209.5 0 0 -1 1 0 0 0 -1 0 32064a.dat
1 72 -90.0001 -94.25 217.5 0 0 -1 1 0 0 0 -1 0 2431.dat
1 71 -90.0001 -74.25 209.5 0 0 -1 1 0 0 0 -1 0 32064a.dat
1 71 -90.0001 -84.25 185.5 0 0 -1 1 0 0 0 -1 0 3623.dat
1 0 -120 -73.75 200 -1 0 0 0 1 0 0 0 -1 3705.dat
1 71 -120 -73.75 200 0 0 1 0 1 0 -1 0 0 3648.dat
1 71 -150 -114.25 209.5 0 0 -1 1 0 0 0 -1 0 32064a.dat
1 19 -160 -113.75 200 1 0 0 0 1 0 0 0 1 3749.dat
1 72 -150 -94.25 217.5 0 0 -1 1 0 0 0 -1 0 2431.dat
1 71 -150 -74.25 209.5 0 0 -1 1 0 0 0 -1 0 32064a.dat
1 72 -170 -333.968 188.857 1 0 0 0 -0.0506491 -0.998717 0 0.998717 -0.0506491 32013.dat
1 0 -170 -224.084 193.929 0 0 1 -0.998716 0.0506516 0 -0.0506516 -0.998716 0 3737.dat
1 72 -170 -114.251 200 -1 0 0 0 -0.0506544 0.998716 0 0.998716 0.0506545 32013.dat
1 71 -69.9999 -333.535 188.608 -1 0 0 0 0.867688 -0.49711 0 -0.49711 -0.867688 4519.dat
1 71 -99.9999 -333.535 188.608 0 0 1 -0.49711 0.867688 0 -0.867688 -0.49711 0 6538b.dat
1 4 -120 -333.535 188.608 -1 0 0 0 0.867688 -0.49711 0 -0.49711 -0.867688 32062.dat
1 71 -140 -333.535 188.608 0 0 1 -0.49711 0.867688 0 -0.867688 -0.49711 0 6538b.dat
1 71 -170 -333.535 188.608 -1 0 0 0 0.867688 -0.49711 0 -0.49711 -0.867688 4519.dat
1 72 -69.9998 -333.968 188.857 1 0 0 0 -0.0506474 -0.998717 0 0.998717 -0.0506474 32013.dat
1 0 -70 -224.084 193.929 0 0 1 -0.998717 0.0506501 0 -0.05065 -0.998717 0 3737.dat
1 72 -70.0001 -114.251 200 -1 0 0 0 -0.0506526 0.998716 0 0.998716 0.0506529 32013.dat
1 1 -50 -187.75 110 0 0 1 0 1 0 -1 0 0 3024.dat
1 72 -50 -179.75 99.9999 0 0 1 0 1 0 -1 0 0 3700.dat
1 2 219.195 -123.75 334.383 0.280821 0 -0.95976 0 1 0 0.95976 0 0.280821 3040b.dat
1 2 205.616 -131.75 359.195 -0.95976 0 -0.280822 0 1 0 0.280822 0 -0.95976 3040b.dat
1 2 170 -107.75 -390 1 0 0 0 1 0 0 0 1 3040b.dat
1 71 140 -37.4775 74.6818 1 0 0 0 0.319377 -0.947628 0 0.947628 0.319377 48336.dat
1 71 -60.0001 -128.3 -360.049 0 0 1 0.586299 0.810095 0 -0.810095 0.586299 0 4032a.dat
1 71 -60 -127.682 -347.257 -1 0 0 0 0.810095 0.586299 0 0.586299 -0.810095 48336.dat
1 72 -120 -115.956 -363.459 1 0 0 0 0.810095 -0.586299 0 0.586299 0.810095 4477.dat
1 71 -180 -128.3 -360.049 0 0 1 0.586299 0.810095 0 -0.810095 0.586299 0 4032a.dat
1 71 -180 -127.682 -347.257 -1 0 0 0 0.810095 0.586299 0 0.586299 -0.810095 48336.dat
1 72 -50.0001 -68.4345 -415.476 0 0 1 0.586299 0.810095 0 -0.810095 0.586299 0 4477.dat
1 71 -60.0001 -86.6412 -403.964 0 0 1 0.586299 0.810095 0 -0.810095 0.586299 0 3020.dat
1 72 -70.0001 -68.4345 -415.476 0 0 1 0.586299 0.810095 0 -0.810095 0.586299 0 4477.dat
1 72 -120 -45.6003 -460.671 1 0 0 0 0.810095 -0.586299 0 0.586299 0.810095 4477.dat
1 1 -30.0002 -112.563 -422.728 0 0 1 0.586299 0.810095 0 -0.810095 0.586299 0 3460.dat
1 0 -30.0002 -141.26 -369.432 1 0 0 0 0.810095 -0.586299 0 0.586299 0.810095 30359b.dat
1 72 -170 -68.4345 -415.476 0 0 1 0.586299 0.810095 0 -0.810095 0.586299 0 4477.dat
1 71 -180 -86.6412 -403.964 0 0 1 0.586299 0.810095 0 -0.810095 0.586299 0 3020.dat
1 72 -190 -68.4345 -415.476 0 0 1 0.586299 0.810095 0 -0.810095 0.586299 0 4477.dat
1 1 -210 -112.564 -422.726 0 0 1 0.586299 0.810095 0 -0.810095 0.586299 0 3460.dat
1 0 -210 -141.261 -369.43 1 0 0 0 0.810095 -0.586299 0 0.586299 0.810095 30359b.dat
1 0 -210 -282.458 156.642 1 0 0 0 0.699893 0.714247 0 -0.714247 0.699893 481.dat
1 0 -210 -239.603 198.635 0 0 1 -0.714247 0.699894 0 -0.699894 -0.714247 0 3706.dat
1 0 -210 -196.748 240.629 -1 0 0 0 0.699893 -0.714247 0 -0.714247 -0.699894 481.dat
1 0 100 -50.25 -240 1 0 0 0 -1 0 0 0 -1 30374.dat
1 15 101.8 -124.25 -220 0 -1 0 1 0 0 0 0 1 6019.dat
1 4 109.8 -124.25 -210.006 0 -1 0 0 0 -1 1 0 0 3069b.dat
1 71 130 -35.1163 -328.882 -1 0 0 0 0.906023 0.423229 0 0.423229 -0.906023 6019.dat
1 72 120 -23.6358 -334.557 1 0 0 0 0.906023 -0.423229 0 0.423229 0.906023 3022.dat
1 71 110 -35.1163 -328.882 -1 0 0 0 0.906023 0.423229 0 0.423229 -0.906023 6019.dat
1 2 190 -115.75 -370 0 0 -1 0 1 0 1 0 0 3040b.dat
1 2 194.384 -131.75 320.805 0.95976 0 0.280822 0 1 0 -0.280822 0 0.95976 3040b.dat
1 19 -200 -337.75 -110 -1 0 0 0 1 0 0 0 -1 3749.dat
1 14 -210.5 -338.25 -110 0 0 1 -1 0 0 0 -1 0 32039.dat
1 0 -230 -260.25 -110.5 0 0 1 -1 0 0 0 -1 0 3737.dat
1 14 -210.5 -170.25 -110 0 0 1 -1 0 0 0 -1 0 32039.dat
1 19 -200 -169.75 -110 -1 0 0 0 1 0 0 0 -1 3749.dat
1 71 -230 -353.25 -110.5 1 0 0 0 0 1 0 -1 0 32123a.dat
0 MLCAD FLEXHOSE 0 0 -2 0 1 0 0 0 1 0 0 0 1  -307.4 -80.65 304.8  150 0 0 -120.2 -52.65 384.6 0 0 -50 1000 LS70.dat LS70.dat 0
0 MLCAD SKIP_BEGIN
1 0 -307.4 -82.65 304.8 -0.000473964 1 -0.000102249 0 -0.000102249 -1 -1 -0.000473964 4.84623e-008 LS70.dat
1 0 -307.646 -82.65 304.8 -0.00142926 0.999999 -0.000308366 0 -0.000308366 -1 -0.999999 -0.00142926 4.40735e-007 LS70.dat
1 0 -307.892 -82.6499 304.8 -0.00239648 0.999997 -0.000517098 0 -0.000517099 -1 -0.999997 -0.00239648 1.23922e-006 LS70.dat
1 0 -308.139 -82.6498 304.801 -0.00337585 0.999994 -0.000728496 0 -0.0007285 -1 -0.999994 -0.00337585 2.45931e-006 LS70.dat
1 0 -308.387 -82.6496 304.802 -0.00436761 0.99999 -0.000942611 0 -0.00094262 -1 -0.99999 -0.00436761 4.117e-006 LS70.dat
1 0 -308.636 -82.6494 304.803 -0.005372 0.999985 -0.0011595 0 -0.00115951 -0.999999 -0.999986 -0.005372 6.22891e-006 LS70.dat
1 0 -308.885 -82.6491 304.804 -0.00638927 0.999979 -0.00137921 0 -0.00137924 -0.999999 -0.99998 -0.00638926 8.81231e-006 LS70.dat
1 0 -309.135 -82.6487 304.806 -0.00741967 0.999971 -0.0016018 0 -0.00160184 -0.999999 -0.999972 -0.00741966 1.18852e-005 LS70.dat
1 0 -309.386 -82.6483 304.808 -0.00846347 0.999963 -0.00182733 0 -0.00182739 -0.999998 -0.999964 -0.00846345 1.54661e-005 LS70.dat
1 0 -309.638 -82.6479 304.81 -0.00952093 0.999953 -0.00205586 0 -0.00205595 -0.999998 -0.999955 -0.00952091 1.95745e-005 LS70.dat
1 0 -309.89 -82.6473 304.812 -0.0105923 0.999941 -0.00228744 0 -0.00228757 -0.999997 -0.999944 -0.0105923 2.42307e-005 LS70.dat
1 0 -310.143 -82.6468 304.815 -0.011678 0.999929 -0.00252214 0 -0.00252231 -0.999997 -0.999932 -0.0116779 2.94555e-005 LS70.dat
1 0 -310.397 -82.6461 304.818 -0.0127781 0.999915 -0.00276002 0 -0.00276025 -0.999996 -0.999918 -0.0127781 3.52708e-005 LS70.dat
1 0 -310.651 -82.6454 304.821 -0.0138931 0.999899 -0.00300115 0 -0.00300144 -0.999995 -0.999903 -0.013893 4.16993e-005 LS70.dat
1 0 -310.906 -82.6447 304.825 -0.0150232 0.999882 -0.0032456 0 -0.00324597 -0.999995 -0.999887 -0.0150231 4.87648e-005 LS70.dat
1 0 -311.162 -82.6438 304.829 -0.0161687 0.999863 -0.00349343 0 -0.00349389 -0.999994 -0.999869 -0.0161686 5.64917e-005 LS70.dat
1 0 -311.419 -82.6429 304.833 -0.01733 0.999843 -0.00374471 0 -0.00374527 -0.999993 -0.99985 -0.0173299 6.49057e-005 LS70.dat
1 0 -311.676 -82.642 304.837 -0.0185074 0.999821 -0.00399952 0 -0.0040002 -0.999992 -0.999829 -0.0185073 7.40335e-005 LS70.dat
1 0 -311.934 -82.6409 304.842 -0.0197013 0.999797 -0.00425793 0 -0.00425876 -0.999991 -0.999806 -0.0197011 8.39029e-005 LS70.dat
1 0 -312.193 -82.6398 304.847 -0.0209119 0.999771 -0.00452002 0 -0.00452101 -0.99999 -0.999781 -0.0209117 9.45429e-005 LS70.dat
1 0 -312.453 -82.6387 304.853 -0.0221397 0.999743 -0.00478586 0 -0.00478703 -0.999989 -0.999755 -0.0221395 0.000105984 LS70.dat
1 0 -312.713 -82.6374 304.858 -0.0233851 0.999714 -0.00505554 0 -0.00505692 -0.999987 -0.999727 -0.0233848 0.000118257 LS70.dat
1 0 -312.974 -82.6361 304.864 -0.0246484 0.999682 -0.00532914 0 -0.00533076 -0.999986 -0.999696 -0.024648 0.000131395 LS70.dat
1 0 -313.236 -82.6347 304.871 -0.0259299 0.999648 -0.00560675 0 -0.00560864 -0.999984 -0.999664 -0.0259295 0.000145432 LS70.dat
1 0 -313.498 -82.6332 304.878 -0.0272303 0.999612 -0.00588845 0 -0.00589064 -0.999983 -0.999629 -0.0272298 0.000160404 LS70.dat
1 0 -313.762 -82.6317 304.885 -0.0285497 0.999573 -0.00617434 0 -0.00617686 -0.999981 -0.999592 -0.0285492 0.000176348 LS70.dat
1 0 -314.026 -82.63 304.892 -0.0298888 0.999532 -0.00646451 0 -0.0064674 -0.999979 -0.999553 -0.0298881 0.000193303 LS70.dat
1 0 -314.29 -82.6283 304.9 -0.0312478 0.999489 -0.00675905 0 -0.00676235 -0.999977 -0.999512 -0.0312471 0.000211309 LS70.dat
1 0 -314.556 -82.6265 304.909 -0.0326274 0.999443 -0.00705806 0 -0.00706182 -0.999975 -0.999468 -0.0326266 0.000230409 LS70.dat
1 0 -314.822 -82.6246 304.917 -0.0340279 0.999394 -0.00736165 0 -0.00736591 -0.999973 -0.999421 -0.034027 0.000250647 LS70.dat
1 0 -315.089 -82.6227 304.926 -0.0354499 0.999342 -0.00766992 0 -0.00767474 -0.999971 -0.999371 -0.0354489 0.000272069 LS70.dat
1 0 -315.356 -82.6206 304.936 -0.0368938 0.999287 -0.00798297 0 -0.00798841 -0.999968 -0.999319 -0.0368927 0.000294723 LS70.dat
1 0 -315.624 -82.6185 304.946 -0.0383602 0.999229 -0.00830092 0 -0.00830704 -0.999965 -0.999264 -0.0383589 0.00031866 LS70.dat
1 0 -315.893 -82.6162 304.956 -0.0398496 0.999168 -0.00862389 0 -0.00863074 -0.999963 -0.999206 -0.0398481 0.000343932 LS70.dat
1 0 -316.163 -82.6139 304.967 -0.0413626 0.999104 -0.00895198 0 -0.00895965 -0.99996 -0.999144 -0.0413609 0.000370594 LS70.dat
1 0 -316.433 -82.6115 304.978 -0.0428997 0.999036 -0.00928533 0 -0.00929388 -0.999957 -0.999079 -0.0428978 0.000398705 LS70.dat
1 0 -316.705 -82.609 304.99 -0.0444615 0.998965 -0.00962405 0 -0.00963358 -0.999954 -0.999011 -0.0444594 0.000428323 LS70.dat
1 0 -316.976 -82.6063 305.002 -0.0460486 0.998889 -0.00996828 0 -0.00997886 -0.99995 -0.998939 -0.0460463 0.000459513 LS70.dat
1 0 -317.249 -82.6036 305.014 -0.0476617 0.99881 -0.0103181 0 -0.0103299 -0.999947 -0.998864 -0.0476592 0.00049234 LS70.dat
1 0 -317.522 -82.6008 305.027 -0.0493014 0.998727 -0.0106738 0 -0.0106868 -0.999943 -0.998784 -0.0492986 0.000526873 LS70.dat
1 0 -317.796 -82.5979 305.041 -0.0509683 0.998639 -0.0110353 0 -0.0110497 -0.999939 -0.9987 -0.0509652 0.000563185 LS70.dat
1 0 -318.07 -82.5948 305.055 -0.0526633 0.998547 -0.011403 0 -0.0114188 -0.999935 -0.998612 -0.0526598 0.000601352 LS70.dat
1 0 -318.345 -82.5917 305.069 -0.0543868 0.99845 -0.0117768 0 -0.0117943 -0.99993 -0.99852 -0.0543831 0.000641452 LS70.dat
1 0 -318.621 -82.5884 305.084 -0.0561398 0.998349 -0.012157 0 -0.0121762 -0.999926 -0.998423 -0.0561357 0.00068357 LS70.dat
1 0 -318.898 -82.5851 305.1 -0.057923 0.998242 -0.0125437 0 -0.0125648 -0.999921 -0.998321 -0.0579184 0.000727792 LS70.dat
1 0 -319.175 -82.5816 305.116 -0.0597372 0.99813 -0.0129371 0 -0.0129603 -0.999916 -0.998214 -0.0597321 0.000774211 LS70.dat
1 0 -319.453 -82.578 305.133 -0.0615831 0.998013 -0.0133374 0 -0.0133628 -0.999911 -0.998102 -0.0615776 0.000822922 LS70.dat
1 0 -319.731 -82.5742 305.15 -0.0634616 0.99789 -0.0137448 0 -0.0137725 -0.999905 -0.997984 -0.0634556 0.000874026 LS70.dat
1 0 -320.01 -82.5704 305.168 -0.0653737 0.99776 -0.0141593 0 -0.0141896 -0.999899 -0.997861 -0.0653671 0.00092763 LS70.dat
1 0 -320.29 -82.5664 305.186 -0.0673201 0.997625 -0.0145812 0 -0.0146144 -0.999893 -0.997731 -0.0673129 0.000983844 LS70.dat
1 0 -320.57 -82.5623 305.205 -0.0693019 0.997483 -0.0150108 0 -0.015047 -0.999887 -0.997596 -0.0692941 0.00104279 LS70.dat
1 0 -320.851 -82.5581 305.224 -0.0713201 0.997334 -0.0154482 0 -0.0154876 -0.99988 -0.997453 -0.0713115 0.00110458 LS70.dat
