0 FILE main.ldr
0 NAME 4994-1 Fierce Creatures [Creator, 2008].ldr
0 AUTHOR lilovip
1 19 0 0 -40 0 0 1 0 1 0 -1 0 0 3795.dat
0 STEP
1 0 -10 -8 -90 -1 0 0 0 1 0 0 0 -1 2555.dat
1 0 10 -8 -90 -1 0 0 0 1 0 0 0 -1 2555.dat
0 STEP
1 0 40 -8 -80 1 0 0 0 1 0 0 0 1 2429.dat
1 0 -40 -8 -80 1 0 0 0 1 0 0 0 1 2430.dat
1 0 -40 -8 -80 0.7071 0 -0.7071 0 1 0 0.7071 0 0.7071 2429.dat
1 0 40 -8 -80 0.7071 0 0.7071 0 1 0 -0.7071 0 0.7071 2430.dat
0 STEP
1 19 0 -8 -50 -1 0 0 0 1 0 0 0 -1 3460.dat
1 0 0 -8 -30 -1 0 0 0 1 0 0 0 -1 3710.dat
1 19 0 -8 -10 -1 0 0 0 1 0 0 0 -1 3460.dat
0 STEP
1 0 -40.0294 -8 20.0711 -0.9205 0 -0.3907 0 1 0 0.3907 0 -0.9205 2430.dat
1 0 -40 -8 20 -1 0 0 0 1 0 0 0 -1 2429.dat
1 0 40 -8 20 -1 0 0 0 1 0 0 0 -1 2430.dat
1 0 40 -8 20 -0.9205 0 0.3907 0 1 0 -0.3907 0 -0.9205 2429.dat
0 STEP
1 70 10 -16 0 0 0 -1 0 1 0 1 0 0 44302.dat
1 70 -10 -16 0 0 0 -1 0 1 0 1 0 0 44302.dat
1 72 0 -16 -70 1 0 0 0 1 0 0 0 1 3023.dat
1 4 30 -16 10 1 0 0 0 1 0 0 0 1 3024.dat
1 4 -30 -16 10 1 0 0 0 1 0 0 0 1 3024.dat
0 STEP
1 0 30 -16 -40 0 0 -1 0 1 0 1 0 0 3710.dat
1 0 -30 -16 -40 0 0 -1 0 1 0 1 0 0 3710.dat
1 15 -10 -14 -94 -1 0 0 0 1 0 0 0 -1 88513.dat
1 15 10 -14 -94 -1 0 0 0 1 0 0 0 -1 88513.dat
0 STEP
1 70 0 -24 0 1 0 0 0 1 0 0 0 1 3022.dat
1 0 0 -32 0 1 0 0 0 1 0 0 0 1 3022.dat
1 4 0 -32 -40 1 0 0 0 1 0 0 0 1 3003.dat
0 STEP
1 70 62.9946 -16 -87.2089 0.7071 0 0.7071 0 1 0 -0.7071 0 0.7071 44302.dat
1 70 -61 -16 -87 -0.7071 0 0.7071 0 1 0 -0.7071 0 -0.7071 44302.dat
1 70 79.0724 -16 -53.6872 0.9205 0 0.3907 0 1 0 -0.3907 0 0.9205 44302.dat
1 70 79.8995 -16 -10 1 0 0 0 1 0 0 0 1 44302.dat
1 70 62.0931 -16 18.6235 0.9205 0 -0.3907 0 1 0 0.3907 0 0.9205 44302.dat
1 70 -80.1005 -16 -10 -1 0 0 0 1 0 0 0 -1 44302.dat
1 70 -62.3362 -16 18.4479 -0.9205 0 -0.3907 0 1 0 0.3907 0 -0.9205 44302.dat
1 70 -79.3055 -16 -53.9073 -0.9205 0 0.3907 0 1 0 -0.3907 0 -0.9205 44302.dat
0 STEP
1 0 50 -24 0 0 0 -1 0 1 0 1 0 0 43723.dat
1 0 50 -24 -40 0 0 -1 0 1 0 1 0 0 43723.dat
0 STEP
1 0 -50 -24 -40 0 0 1 0 1 0 -1 0 0 43722.dat
1 0 -50 -24 0 0 0 1 0 1 0 -1 0 0 43722.dat
0 STEP
1 4 30 -32 -50 1 0 0 0 1 0 0 0 1 3024.dat
1 4 30 -40 -50 1 0 0 0 1 0 0 0 1 3024.dat
1 4 -30 -40 -50 1 0 0 0 1 0 0 0 1 3024.dat
1 4 -30 -32 -50 1 0 0 0 1 0 0 0 1 3024.dat
1 0 -30 -40 -70 1 0 0 0 1 0 0 0 1 2921.dat
1 0 30 -40 -70 1 0 0 0 1 0 0 0 1 2921.dat
0 STEP
1 0 0 -40 -40 0 0 1 0 1 0 -1 0 0 3020.dat
1 4 30 -48 -30 -1 0 0 0 1 0 0 0 -1 4286.dat
1 4 -30 -48 -30 -1 0 0 0 1 0 0 0 -1 4286.dat
0 STEP
1 0 0 -64 -50 -1 0 0 0 1 0 0 0 -1 3039.dat
1 4 30 -48 -70 0 0 -1 0 1 0 1 0 0 2420.dat
1 4 -30 -48 -70 1 0 0 0 1 0 0 0 1 2420.dat
0 STEP
1 0 0 -64 -10 -1 0 0 0 1 0 0 0 -1 3049a.dat
1 4 30 -56 -40 0 0 1 0 1 0 -1 0 0 3794a.dat
1 4 -30 -56 -40 0 0 1 0 1 0 -1 0 0 3794a.dat
0 STEP
1 0 -32 -40 -110 0 1 0 1 0 0 0 0 -1 4081b.dat
1 0 32 -40 -110 0 -1 0 -1 0 0 0 0 -1 4081b.dat
1 15 40 -40 -110 0 -1 0 1 0 0 0 0 1 49668.dat
1 15 -40 -40 -110 0 1 0 -1 0 0 0 0 1 49668.dat
1 0 0 -88 -50 -1 0 0 0 1 0 0 0 -1 3048.dat
0 STEP
1 15 0 -58 -70 1 0 0 0 1 0 0 0 1 eyes.ldr
0 STEP
1 70 84.2078 -14 -108.4221 -0.6509 0.2763 -0.7071 0.3907 0.9205 0 0.6509 -0.2763 -0.7071 legSection1.ldr
1 70 106.6876 -14 -65.4091 -0.8473 0.3596 -0.3907 0.3907 0.9205 0 0.3597 -0.1527 -0.9205 legSection1.ldr
1 70 109.8995 -14 -10 -0.9205 0.3907 0 0.3907 0.9205 0 0 0 -1 legSection1.ldr
1 70 89.7083 -14 30.3455 -0.8473 0.3597 0.3907 0.3907 0.9205 0 -0.3597 0.1527 -0.9205 legSection1.ldr
1 70 -89.9514 -14 30.1698 0.8473 -0.3597 0.3907 0.3907 0.9205 0 -0.3597 0.1527 0.9205 legSection1.ldr
1 70 -110.1005 -14 -10 0.9205 -0.3907 0 0.3907 0.9205 0 0 0 1 legSection1.ldr
1 70 -107.0362 -14 -65.4392 0.8473 -0.3597 -0.3907 0.3907 0.9205 0 0.3597 -0.1527 0.9205 legSection1.ldr
1 70 -82.2132 -14 -108.2132 0.6509 -0.2763 -0.7071 0.3907 0.9205 0 0.6509 -0.2763 0.7071 legSection1.ldr
0 STEP
1 70 149.2973 -53.0731 -173.5116 -0.5001 -0.5001 -0.7071 -0.7071 0.7071 0 0.5 0.5 -0.7071 legSection2.ldr
1 70 191.4205 -53.0731 -101.3761 -0.6509 -0.6509 -0.3907 -0.7071 0.7071 0 0.2763 0.2763 -0.9205 legSection2.ldr
1 70 201.95 -53.0731 -10 -0.7071 -0.7071 0 -0.7071 0.7071 0 0 0 -1 legSection2.ldr
1 70 174.4412 -53.0731 66.3125 -0.6509 -0.6509 0.3907 -0.7071 0.7071 0 -0.2763 -0.2763 -0.9205 legSection2.ldr
1 70 -174.6843 -53.0731 66.1368 0.6509 0.6509 0.3907 -0.7071 0.7071 0 -0.2763 -0.2763 0.9205 legSection2.ldr
1 70 -202.151 -53.0731 -10 0.7071 0.7071 0 -0.7071 0.7071 0 0 0 1 legSection2.ldr
1 70 -191.7692 -53.0731 -101.4062 0.6509 0.6509 -0.3907 -0.7071 0.7071 0 0.2763 0.2763 0.9205 legSection2.ldr
1 70 -147.3027 -53.0731 -173.3027 0.5 0.5 -0.7071 -0.7071 0.7071 0 0.5 0.5 0.7071 legSection2.ldr
0 STEP
1 0 0 -16 110 1 0 0 0 1 0 0 0 1 abdomen.ldr
0 FILE eyes.ldr
0 AUTHOR lilovip
1 72 0 2 0 1 0 0 0 1 0 0 0 1 3023.dat
1 72 10 -22 0 0 0 -1 0 1 0 1 0 0 4070.dat
1 72 -10 -22 0 0 0 1 0 1 0 -1 0 0 4070.dat
0 STEP
1 46 24 -12 0 0 -1 0 0 0 1 -1 0 0 30057.dat
1 46 -24 -12 0 0 1 0 0 0 1 1 0 0 30057.dat
0 STEP
1 0 0 -30 0 1 0 0 0 1 0 0 0 1 44728.dat
0 STEP
1 46 10 -38 0 0 0 1 0 1 0 -1 0 0 30057.dat
1 46 -10 -38 0 0 0 1 0 1 0 -1 0 0 30057.dat
1 46 -10 -20 -22 0 0 1 1 0 0 0 1 0 30057.dat
1 46 10 -20 -22 0 0 1 1 0 0 0 1 0 30057.dat
1 15 -10 0 -22 1 0 0 0 -1 0 0 0 -1 88513.dat
1 15 10 0 -22 1 0 0 0 -1 0 0 0 -1 88513.dat
0 FILE legSection1.ldr
0 AUTHOR lilovip
1 19 -40 6 0 1 0 0 0 1 0 0 0 1 3623.dat
0 STEP
1 0 -30 -2 0 1 0 0 0 1 0 0 0 1 44301.dat
0 STEP
1 0 -70 -2 0 -1 0 0 0 1 0 0 0 -1 44301.dat
0 STEP
1 0 -50 -10 0 -1 0 0 0 1 0 0 0 -1 3710.dat
0 STEP
1 4 -80 -10 0 0 0 -1 0 1 0 1 0 0 54200.dat
0 FILE legSection2.ldr
0 AUTHOR lilovip
1 70 -80 -2 0 1 0 0 0 1 0 0 0 1 3623.dat
1 70 -30 -2 0 1 0 0 0 1 0 0 0 1 44302.dat
0 STEP
1 0 -50 -10 0 1 0 0 0 1 0 0 0 1 3710.dat
1 0 -100 -10 0 0 0 -1 0 1 0 1 0 0 2555.dat
0 STEP
1 4 -104 -17 0 0 0 -1 0 -1 0 -1 0 0 88513.dat
0 FILE abdomen.ldr
0 AUTHOR lilovip
1 19 0 8 -10 0 0 -1 0 1 0 1 0 0 3795.dat
0 STEP
1 19 0 0 -10 1 0 0 0 1 0 0 0 1 3795.dat
1 0 0 0 30 1 0 0 0 1 0 0 0 1 3022.dat
0 STEP
1 0 0 -24 40 -1 0 0 0 1 0 0 0 -1 3747a.dat
1 0 10 0 -50 0 0 1 0 1 0 -1 0 0 44301.dat
1 0 -10 0 -50 0 0 1 0 1 0 -1 0 0 44301.dat
0 STEP
1 0 30 -24 -10 -1 0 0 0 1 0 0 0 -1 42023.dat
1 0 -30 -24 -10 -1 0 0 0 1 0 0 0 -1 42023.dat
1 71 0 -24 -20 -1 0 0 0 1 0 0 0 -1 3004.dat
0 STEP
1 0 60 -24 30 -1 0 0 0 1 0 0 0 -1 41764.dat
1 0 -60 -24 30 -1 0 0 0 1 0 0 0 -1 41765.dat
0 STEP
1 72 10 -24 -50 0 0 -1 0 1 0 1 0 0 3660.dat
1 72 -10 -24 -50 0 0 1 0 1 0 -1 0 0 3660.dat
0 STEP
1 4 -50 -32 -40 0 0 1 0 1 0 -1 0 0 2450.dat
1 4 50 -32 -40 1 0 0 0 1 0 0 0 1 2450.dat
0 STEP
1 4 0 -32 80 -1 0 0 0 1 0 0 0 -1 2419.dat
1 4 -50 -32 20 0 0 -1 0 1 0 1 0 0 3623.dat
1 4 50 -32 20 0 0 -1 0 1 0 1 0 0 3623.dat
1 4 70 -32 0 0 0 -1 0 1 0 1 0 0 3024.dat
1 4 -70 -32 0 0 0 -1 0 1 0 1 0 0 3024.dat
0 STEP
1 71 0 -56 60 -1 0 0 0 1 0 0 0 -1 3004.dat
1 4 -30 -48 0 -1 0 0 0 1 0 0 0 -1 3005.dat
1 4 30 -48 0 -1 0 0 0 1 0 0 0 -1 3005.dat
0 STEP
1 4 0 -48 40 -1 0 0 0 1 0 0 0 -1 3010.dat
1 0 0 -48 -20 1 0 0 0 1 0 0 0 1 3298.dat
1 0 0 -40 90 -1 0 0 0 1 0 0 0 -1 3176.dat
0 STEP
1 0 0 -56 10 0 0 1 0 1 0 -1 0 0 3020.dat
1 4 30 -56 20 0 0 -1 0 1 0 1 0 0 3623.dat
1 4 -30 -56 20 0 0 -1 0 1 0 1 0 0 3623.dat
0 STEP
1 4 30 -56 -20 1 0 0 0 1 0 0 0 1 4286.dat
1 4 -30 -56 -20 1 0 0 0 1 0 0 0 1 4286.dat
1 4 -30 -56 60 -1 0 0 0 1 0 0 0 -1 4286.dat
1 4 30 -56 60 -1 0 0 0 1 0 0 0 -1 4286.dat
0 STEP
1 0 0 -64 80 -1 0 0 0 1 0 0 0 -1 3039.dat
1 4 50 -40 -40 0 0 -1 0 1 0 1 0 0 3024.dat
1 4 -50 -40 -40 0 0 -1 0 1 0 1 0 0 3024.dat
1 0 -50 -40 -40 1 0 0 0 1 0 0 0 1 54200.dat
1 0 50 -40 -40 1 0 0 0 1 0 0 0 1 54200.dat
0 STEP
1 0 50 -56 -10 -1 0 0 0 1 0 0 0 -1 41747.dat
1 0 -50 -56 -10 -1 0 0 0 1 0 0 0 -1 41748.dat
0 STEP
1 4 0 -80 40 -1 0 0 0 1 0 0 0 -1 3048.dat
1 4 0 -80 20 1 0 0 0 1 0 0 0 1 3048.dat
0 STEP
1 0 0 -80 60 -1 0 0 0 1 0 0 0 -1 3049b.dat
1 0 0 -80 0 1 0 0 0 1 0 0 0 1 3049b.dat
0 STEP
1 0 0 -80 -20 1 0 0 0 1 0 0 0 1 3048.dat
