0 FILE 5510 - Off Road 4 X 4 - 1.ldr
0 5510 - Off Road 4 X 4 - 1
0 Author: Darats
0 Official Model
0 ROTATION CENTER 0 0 0 1 "Custom" 
0 ROTATION CONFIG 0 0
1 0 50 0 30 1 0 0 0 1 0 0 0 1 4x4.ldr
0
0 FILE 4x4.ldr
0 4x4
0 ROTATION CENTER 0 0 0 1 "Custom" 
0 ROTATION CONFIG 0 1
1 0 -50 0 50 0 0 1 0 1 0 -1 0 0 3703.dat
1 0 -110 0 50 0 0 1 0 1 0 -1 0 0 3703.dat
1 7 -40 10 190 -1 0 0 0 1 0 0 0 -1 3673.dat
1 7 -40 10 150 -1 0 0 0 1 0 0 0 -1 3673.dat
1 7 -120 10 150 -1 0 0 0 1 0 0 0 -1 3673.dat
1 7 -120 10 190 -1 0 0 0 1 0 0 0 -1 3673.dat
1 0 -30 0 210 0 0 1 0 1 0 -1 0 0 3702.dat
1 0 -130 0 210 0 0 1 0 1 0 -1 0 0 3702.dat
1 0 -80 24 -90 -1 0 0 0 1 0 0 0 -1 3020.dat
1 0 -80 24 -30 -1 0 0 0 1 0 0 0 -1 3020.dat
1 0 -80 24 -100 1 0 0 0 1 0 0 0 1 Direction.ldr
1 7 -80 16 -70 0 0 -1 0 1 0 1 0 0 3795.dat
1 0 -80 10 230 1 0 0 0 1 0 0 0 1 3708.dat
1 7 -8 10 230 0 0 1 0 1 0 -1 0 0 3713.dat
1 7 -152 10 230 0 0 -1 0 1 0 1 0 0 3713.dat
1 7 -188 10 230 0 0 -1 0 1 0 1 0 0 3713.dat
1 7 28 10 230 0 0 1 0 1 0 -1 0 0 3713.dat
1 256 -80 -78 320 -1 0 0 0 1 0 0 0 -1 2696.dat
1 256 10 10 230 0 0 -1 0 1 0 1 0 0 2696.dat
1 256 -170 10 230 0 0 1 0 1 0 -1 0 0 2696.dat
1 7 -80 8 -70 0 0 -1 0 1 0 1 0 0 3795.dat
1 7 -80 0 -90 0 0 -1 0 1 0 1 0 0 3034.dat
1 7 -80 8 -160 1 0 0 0 1 0 0 0 1 3460.dat
1 7 -140 0 -160 1 0 0 0 1 0 0 0 1 3023.dat
1 7 -30 0 -160 1 0 0 0 1 0 0 0 1 3623.dat
1 7 -110 0 -160 1 0 0 0 1 0 0 0 1 4085a.dat
1 7 -80 -8 -160 1 0 0 0 1 0 0 0 1 3460.dat
1 0 -80 -8 10 1 0 0 0 1 0 0 0 1 3020.dat
1 0 -80 -8 50 1 0 0 0 1 0 0 0 1 3034.dat
1 0 -80 -8 150 1 0 0 0 1 0 0 0 1 3034.dat
1 7 -40 -8 250 0 0 -1 0 1 0 1 0 0 3034.dat
1 7 -120 -8 250 0 0 -1 0 1 0 1 0 0 3034.dat
1 0 -80 -8 -80 1 0 0 0 1 0 0 0 1 3023.dat
1 0 -60 -8 -30 1 0 0 0 1 0 0 0 1 3068b.dat
1 0 -100 -8 -30 1 0 0 0 1 0 0 0 1 3068b.dat
1 7 -150 -8 320 1 0 0 0 1 0 0 0 1 3024.dat
1 7 -10 -8 320 1 0 0 0 1 0 0 0 1 3024.dat
1 7 -80 -8 320 1 0 0 0 1 0 0 0 1 3023.dat
1 7 -80 0 320 1 0 0 0 1 0 0 0 1 3460.dat
1 0 -80 -16 110 1 0 0 0 1 0 0 0 1 3958.dat
1 7 -80 -16 320 1 0 0 0 1 0 0 0 1 3460.dat
1 14 -80 -16 300 1 0 0 0 1 0 0 0 1 3666.dat
1 0 -130 -24 130 0 0 1 0 1 0 -1 0 0 3023.dat
1 0 -30 -24 130 0 0 1 0 1 0 -1 0 0 3023.dat
1 0 -30 -32 40 0 0 1 0 1 0 -1 0 0 3005.dat
1 0 -60 -32 40 -1 0 0 0 1 0 0 0 -1 3004.dat
1 0 -80 -32 10 -1 0 0 0 1 0 0 0 -1 3003.dat
1 0 -80 -32 -70 -1 0 0 0 1 0 0 0 -1 3003.dat
1 14 -80 -40 300 -1 0 0 0 1 0 0 0 -1 3010.dat
1 0 -30 -32 230 0 0 -1 0 1 0 1 0 0 3009.dat
1 0 -130 -32 230 0 0 -1 0 1 0 1 0 0 3009.dat
1 0 -80 -40 160 1 0 0 0 1 0 0 0 1 3009.dat
1 0 -80 -40 90 0 0 1 0 1 0 -1 0 0 3001.dat
1 7 -80 -48 80 -1 0 0 0 1 0 0 0 -1 3794a.dat
1 14 -130 -40 300 0 0 1 0 1 0 -1 0 0 4287.dat
1 14 -30 -40 300 0 0 -1 0 1 0 1 0 0 4287.dat
1 0 -50 -32 10 0 0 -1 0 1 0 1 0 0 3660.dat
1 0 -110 -32 10 0 0 1 0 1 0 -1 0 0 3660.dat
1 0 -40 -32 -60 1 0 0 0 1 0 0 0 1 3660.dat
1 0 -120 -32 -60 1 0 0 0 1 0 0 0 1 3660.dat
1 0 -80 -40 230 1 0 0 0 1 0 0 0 1 3958.dat
1 14 -80 -64 300 1 0 0 0 1 0 0 0 1 3009.dat
1 0 -30 -48 130 0 0 1 0 1 0 -1 0 0 3004.dat
1 0 -130 -48 130 0 0 1 0 1 0 -1 0 0 3004.dat
1 14 0 -16 140 0 0 1 0 1 0 -1 0 0 3021.dat
1 14 -160 -16 140 0 0 1 0 1 0 -1 0 0 3021.dat
1 14 -160 -16 70 0 0 1 0 1 0 -1 0 0 3020.dat
1 14 0 -16 70 0 0 1 0 1 0 -1 0 0 3020.dat
1 14 -10 -40 110 0 0 1 0 1 0 -1 0 0 3009.dat
1 14 -150 -40 110 0 0 1 0 1 0 -1 0 0 3009.dat
1 14 -170 -40 160 1 0 0 0 1 0 0 0 1 3040b.dat
1 14 10 -40 160 1 0 0 0 1 0 0 0 1 3040b.dat
1 14 10 -40 60 -1 0 0 0 1 0 0 0 -1 3040b.dat
1 14 -170 -40 60 -1 0 0 0 1 0 0 0 -1 3040b.dat
1 14 -160 -40 40 1 0 0 0 1 0 0 0 1 3660.dat
1 14 0 -40 40 1 0 0 0 1 0 0 0 1 3660.dat
1 0 -30 -56 20 -1 0 0 0 1 0 0 0 -1 3040b.dat
1 0 -110 -56 20 -1 0 0 0 1 0 0 0 -1 3622.dat
1 0 -60 -56 30 -1 0 0 0 1 0 0 0 -1 3003.dat
1 0 -80 -40 -60 -1 0 0 0 1 0 0 0 -1 3666.dat
1 0 -80 -40 -80 -1 0 0 0 1 0 0 0 -1 3710.dat
1 0 -30 -64 230 0 0 -1 0 1 0 1 0 0 3009.dat
1 0 -130 -64 230 0 0 -1 0 1 0 1 0 0 3009.dat
1 14 -160 -64 300 1 0 0 0 1 0 0 0 1 3660.dat
1 14 0 -64 300 1 0 0 0 1 0 0 0 1 3660.dat
1 14 0 -64 160 -1 0 0 0 1 0 0 0 -1 3660.dat
1 14 -160 -64 160 -1 0 0 0 1 0 0 0 -1 3660.dat
1 14 -10 -64 60 -1 0 0 0 1 0 0 0 -1 3040b.dat
1 14 -150 -64 60 -1 0 0 0 1 0 0 0 -1 3040b.dat
1 14 0 -64 20 1 0 0 0 1 0 0 0 1 3660.dat
1 14 -160 -64 20 1 0 0 0 1 0 0 0 1 3660.dat
1 14 -10 -64 40 1 0 0 0 1 0 0 0 1 3005.dat
1 14 -150 -64 40 1 0 0 0 1 0 0 0 1 3005.dat
1 14 10 -64 50 0 0 1 0 1 0 -1 0 0 3004.dat
1 14 -170 -64 50 0 0 1 0 1 0 -1 0 0 3004.dat
1 7 -80 -56 80 1 0 0 0 1 0 0 0 1 4592c01.dat
1 0 -60 -80 40 1 0 0 0 1 0 0 0 1 3937.dat
1 0 -60 -56 0 1 0 0 0 1 0 0 0 1 3937.dat
1 0 -100 -56 0 1 0 0 0 1 0 0 0 1 3937.dat
1 0 10 -48 -110 1 0 0 0 1 0 0 0 1 Treuil.ldr
1 0 -30 -40 -110 0 0 1 0 1 0 -1 0 0 3710.dat
1 0 -130 -40 -110 0 0 1 0 1 0 -1 0 0 3710.dat
1 0 -80 -64 20 -1 0 0 0 1 0 0 0 -1 3666.dat
1 14 -150 -72 60 0 0 -1 0 1 0 1 0 0 4085a.dat
1 14 -170 -72 160 0 0 1 0 1 0 -1 0 0 4085a.dat
1 14 10 -72 160 0 0 -1 0 1 0 1 0 0 4085a.dat
1 14 -10 -72 160 0 0 -1 0 1 0 1 0 0 3024.dat
1 14 -150 -72 160 0 0 -1 0 1 0 1 0 0 3024.dat
1 14 -10 -72 60 0 0 -1 0 1 0 1 0 0 3024.dat
1 14 10 -72 60 0 0 -1 0 1 0 1 0 0 4081b.dat
1 14 -170 -72 60 0 0 1 0 1 0 -1 0 0 4081b.dat
1 4 -140 -72 230 0 0 1 0 1 0 -1 0 0 3795.dat
1 4 -20 -72 230 0 0 1 0 1 0 -1 0 0 3795.dat
1 4 -150 -80 260 0 0 1 0 1 0 -1 0 0 3623.dat
1 4 -10 -80 260 0 0 1 0 1 0 -1 0 0 3623.dat
1 14 -80 -88 300 -1 0 0 0 1 0 0 0 -1 3700.dat
1 14 -120 -88 300 -1 0 0 0 1 0 0 0 -1 3004.dat
1 14 -40 -88 300 -1 0 0 0 1 0 0 0 -1 3004.dat
1 14 -10 -88 300 -1 0 0 0 1 0 0 0 -1 4070.dat
1 36 -10 -78 314 -1 0 0 0 0 -1 0 -1 0 4073.dat
1 14 10 -88 300 -1 0 0 0 1 0 0 0 -1 4070.dat
1 36 10 -78 314 -1 0 0 0 0 -1 0 -1 0 4073.dat
1 14 -150 -88 300 -1 0 0 0 1 0 0 0 -1 4070.dat
1 36 -150 -78 314 -1 0 0 0 0 -1 0 -1 0 4073.dat
1 14 -170 -88 300 -1 0 0 0 1 0 0 0 -1 4070.dat
1 36 -170 -78 314 -1 0 0 0 0 -1 0 -1 0 4073.dat
1 7 -80 -78 310 0 0 1 0 -1 0 1 0 0 3673.dat
1 0 -150 -96 250 0 0 -1 0 1 0 1 0 0 4531.dat
1 0 -10 -96 250 0 0 -1 0 1 0 1 0 0 4531.dat
1 14 10 -72 230 0 0 -1 0 1 0 1 0 0 3666.dat
1 14 -170 -72 230 0 0 -1 0 1 0 1 0 0 3666.dat
1 0 -30 -72 30 0 0 -1 0 1 0 1 0 0 3023.dat
1 14 0 -72 40 1 0 0 0 1 0 0 0 1 3023.dat
1 14 -160 -72 40 1 0 0 0 1 0 0 0 1 3023.dat
1 0 -110 -72 30 1 0 0 0 1 0 0 0 1 3021.dat
1 0 -30 -64 -100 0 0 -1 0 1 0 1 0 0 3665.dat
1 0 -130 -64 -100 0 0 1 0 1 0 -1 0 0 3665.dat
1 7 -130 -64 -70 0 0 1 0 1 0 -1 0 0 3660.dat
1 7 -30 -64 -70 0 0 -1 0 1 0 1 0 0 3660.dat
1 14 10 -96 50 0 0 1 0 1 0 -1 0 0 3039.dat
1 14 -170 -96 50 0 0 -1 0 1 0 1 0 0 3039.dat
1 14 0 -72 -50 0 0 -1 0 1 0 1 0 0 3034.dat
1 14 -160 -72 -50 0 0 -1 0 1 0 1 0 0 3034.dat
1 0 -30 -96 20 0 0 -1 0 1 0 1 0 0 3005.dat
1 0 -110 -96 20 1 0 0 0 1 0 0 0 1 3622.dat
1 0 -30 -104 20 1 0 0 0 1 0 0 0 1 3024.dat
1 0 -110 -104 20 1 0 0 0 1 0 0 0 1 3623.dat
1 14 0 -96 180 1 0 0 0 1 0 0 0 1 3039.dat
1 14 -160 -96 180 1 0 0 0 1 0 0 0 1 3039.dat
1 14 10 -96 210 0 0 1 0 1 0 -1 0 0 3004.dat
1 14 -170 -96 210 0 0 1 0 1 0 -1 0 0 3004.dat
1 14 10 -96 260 0 0 1 0 1 0 -1 0 0 3622.dat
1 14 -170 -96 260 0 0 1 0 1 0 -1 0 0 3622.dat
1 14 -80 -96 300 -1 0 0 0 1 0 0 0 -1 4477.dat
1 0 -130 -68 60 0 0 1 0 1 0 -1 0 0 3962a.dat
1 4 -190 -80 160 -1 0 0 0 1 0 0 0 -1 4599a.dat
1 4 -190 -56 160 -1 0 0 0 1 0 0 0 -1 3062b.dat
1 4 40 -56 100 1 0 0 0 1 0 0 0 1 Siege.ldr
1 14 10 -104 210 0 0 1 0 1 0 -1 0 0 3710.dat
1 14 -170 -104 210 0 0 1 0 1 0 -1 0 0 3710.dat
1 14 -170 -104 280 0 0 1 0 1 0 -1 0 0 3623.dat
1 7 -170 -112 300 0 0 1 0 1 0 -1 0 0 3957a.dat
1 14 10 -104 280 0 0 1 0 1 0 -1 0 0 3623.dat
1 0 10 -112 180 0 0 1 0 1 0 -1 0 0 3024.dat
1 0 -170 -112 180 0 0 1 0 1 0 -1 0 0 3024.dat
1 14 0 -80 10 0 0 1 0 1 0 -1 0 0 3022.dat
1 14 -160 -80 10 0 0 1 0 1 0 -1 0 0 3022.dat
1 14 -130 -72 -70 0 0 1 0 1 0 -1 0 0 3023.dat
1 14 -30 -72 -70 0 0 1 0 1 0 -1 0 0 3023.dat
1 14 10 -104 50 0 0 -1 0 1 0 1 0 0 4623.dat
1 14 -170 -104 50 0 0 1 0 1 0 -1 0 0 4623.dat
1 14 20 -33.971 -39.437 1 0 0 0 0.857167 -0.515038 0 0.515038 0.857167 Volant.ldr
1 0 10 -136 180 0 0 1 0 1 0 -1 0 0 3062b.dat
1 0 -170 -136 180 0 0 1 0 1 0 -1 0 0 3062b.dat
1 0 -170 -160 180 0 0 1 0 1 0 -1 0 0 3062b.dat
1 0 10 -160 180 0 0 1 0 1 0 -1 0 0 3062b.dat
1 14 0 -104 20 -1 0 0 0 1 0 0 0 -1 3004.dat
1 14 -160 -104 20 -1 0 0 0 1 0 0 0 -1 3004.dat
1 14 -130 -96 -70 0 0 1 0 1 0 -1 0 0 3004.dat
1 14 -30 -96 -70 0 0 1 0 1 0 -1 0 0 3004.dat
1 14 -10 -104 0 0 0 -1 0 1 0 1 0 0 3040b.dat
1 14 -150 -104 0 0 0 1 0 1 0 -1 0 0 3040b.dat
1 14 -150 -96 -50 0 0 1 0 1 0 -1 0 0 3037.dat
1 14 -10 -96 -50 0 0 -1 0 1 0 1 0 0 3037.dat
1 14 -10 -64 -120 0 0 -1 0 1 0 1 0 0 3665.dat
1 14 -150 -64 -120 0 0 1 0 1 0 -1 0 0 3665.dat
1 0 -80 -56 -100 1 0 0 0 1 0 0 0 1 3710.dat
1 0 -80 -64 -100 1 0 0 0 1 0 0 0 1 3710.dat
1 0 -80 -88 -100 1 0 0 0 1 0 0 0 1 3004.dat
1 14 -40 -88 -100 1 0 0 0 1 0 0 0 1 3700.dat
1 7 -40 -78 -110 0 0 1 0 1 0 -1 0 0 4274.dat
1 0 -40 -78 -118 -0.707107 0 0.707107 0.707107 0 0.707107 0 1 0 4032a.dat
1 15 -40 -78 -126 -0.707107 0 0.707107 0.707107 0 0.707107 0 1 0 4150.dat
1 14 -120 -88 -100 1 0 0 0 1 0 0 0 1 3700.dat
1 7 -120 -78 -110 0 0 1 0 1 0 -1 0 0 4274.dat
1 0 -120 -78 -118 -0.707107 0 0.707107 0.707107 0 0.707107 0 1 0 4032a.dat
1 15 -120 -78 -126 -0.707107 0 0.707107 0.707107 0 0.707107 0 1 0 4150.dat
1 7 -80 -96 -100 1 0 0 0 1 0 0 0 1 4175.dat
1 14 -40 -96 -100 1 0 0 0 1 0 0 0 1 3023.dat
1 14 -120 -96 -100 1 0 0 0 1 0 0 0 1 3023.dat
1 14 -80 -104 -100 1 0 0 0 1 0 0 0 1 3710.dat
1 14 -80 -112 0 1 0 0 0 1 0 0 0 1 3460.dat
1 14 -80 -104 -50 1 0 0 0 1 0 0 0 1 3035.dat
1 47 -80 -176 40 1 0 0 0 1 0 0 0 1 2694.dat
1 0 -80 -64 -140 1 0 0 0 1 0 0 0 1 4873.dat
1 14 -170 -184 50 0 0 1 0 1 0 -1 0 0 3023.dat
1 14 10 -184 50 0 0 1 0 1 0 -1 0 0 3023.dat
1 14 -80 -184 40 -1 0 0 0 1 0 0 0 -1 3460.dat
1 14 -50 -112 -20 -1 0 0 0 1 0 0 0 -1 3623.dat
1 14 -110 -112 -20 -1 0 0 0 1 0 0 0 -1 3623.dat
1 14 -80 -112 -50 -1 0 0 0 1 0 0 0 -1 3020.dat
1 14 -80 -112 -90 -1 0 0 0 1 0 0 0 -1 3022.dat
1 0 -110 -120 0 0.642788 0 -0.766044 0 1 0 0.766044 0 0.642788 4592.dat
1 0 -110 -120 0 0.642788 0.541675 -0.541675 0 0.707107 0.707107 0.766044 -0.454519 0.454519 4593.dat
1 0 -30 -120 0 0.642788 0 -0.766044 0 1 0 0.766044 0 0.642788 4592.dat
1 0 -30 -120 0 0.642788 0.541675 -0.541675 0 0.707107 0.707107 0.766044 -0.454519 0.454519 4593.dat
1 7 30 -70 47 1 0 0 0 1 0 0 0 1 3959.dat
1 7 -190 -70 47 1 0 0 0 1 0 0 0 1 3959.dat
1 7 51.243 -112 55.806 0 -0.382683 0.92388 1 0 0 0 0.92388 0.382683 4081b.dat
1 7 48.181 -112 63.197 0 -0.382683 0.92388 1 0 0 0 0.92388 0.382683 3794a.dat
1 7 -211.243 -112 55.806 0 0.382683 -0.92388 -1 0 0 0 0.92388 0.382683 4081b.dat
1 7 -208.181 -112 63.197 0 0.382683 -0.92388 -1 0 0 0 0.92388 0.382683 3794a.dat
1 7 -110 -168 150 1 0 0 0 1 0 0 0 1 Light.ldr
1 0 -160 -126.354 259.144 -1 0 0 0 0.599024 -0.800731 0 -0.800731 -0.599024 Hinge.ldr
1 0 -20 -126.354 259.144 -1 0 0 0 0.599024 -0.800731 0 -0.800731 -0.599024 Hinge.ldr
1 15 -80 -78 320 1 0 0 0 -1 0 0 0 -1 2695.dat
1 15 10 10 230 0 0 -1 0 -1 0 -1 0 0 2695.dat
1 15 -170 10 230 0 0 1 0 -1 0 1 0 0 2695.dat
1 7 30 -123 160 0 0 -1 0 1 0 1 0 0 556.dat
1 7 -30 4 -170 1 0 0 0 0 -1 0 1 0 197905a.dat
1 14 0 -52 310 -1 0 0 0 0 -1 0 -1 0 197905b.dat
1 14 20 -84 240 0 -1 0 0 0 -1 1 0 0 197905c.dat
1 14 -180 -84 240 0 1 0 0 0 -1 -1 0 0 197905d.dat
0
0 FILE Direction.ldr
0 Direction
0 ROTATION CENTER 0 0 0 1 "Custom" 
0 ROTATION CONFIG 0 0
1 7 0 0 40 1 0 0 0 1 0 0 0 1 4442.dat
1 7 0 -32 40 1 0 0 0 1 0 0 0 1 4442.dat
1 7 -70 -24 40 1 0 0 0 1 0 0 0 1 4261.dat
1 7 70 -24 40 1 0 0 0 1 0 0 0 1 4261.dat
1 7 -80 -14 40 1 0 0 0 1 0 0 0 1 3673.dat
1 7 80 -14 40 1 0 0 0 1 0 0 0 1 3673.dat
1 7 -70 -24 80 0 -1 0 1 0 0 0 0 1 3749.dat
1 7 70 -24 80 0 -1 0 1 0 0 0 0 1 3749.dat
1 7 0 -40 80 1 0 0 0 1 0 0 0 1 4442.dat
1 7 0 -48 80 1 0 0 0 1 0 0 0 1 3710.dat
1 7 0 -56 80 1 0 0 0 1 0 0 0 1 3743.dat
1 15 90 -14 40 0 0 -1 0 1 0 1 0 0 2695.dat
1 15 -90 -14 40 0 0 1 0 1 0 -1 0 0 2695.dat
1 256 90 -14 40 0 0 -1 0 1 0 1 0 0 2696.dat
1 256 -90 -14 40 0 0 1 0 1 0 -1 0 0 2696.dat
0
0 FILE Treuil.ldr
0 Treuil
0 ROTATION CENTER 0 0 0 1 "Custom" 
0 ROTATION CONFIG 0 0
1 14 -90 0 0 1 0 0 0 1 0 0 0 1 4209.dat
1 0 -90 22 -10 1 0 0 0 0 -1 0 1 0 4208.dat
1 7 -120 48 -50 1 0 0 0 1 0 0 0 1 4085a.dat
1 7 -117.989 24 -76.927 0 -0.953717 0.300706 1 0 0 0 0.300706 0.953717 3127a.dat
0 MLCAD BTG Corde
1 256 -117.959 11.4142 -10.9562 -0.9998 0.0027 0.0414 0.0016 -0.9783 0.4142 -0.0208 -0.2071 -1.9562 LS60.dat
0 MLCAD BTG Corde
1 256 -117.925 11.8047 -12.2808 -0.9997 -0.0071 0.023 0.0128 -0.9657 0.2594 -0.0204 -0.2597 -0.9655 LS60.dat
0 MLCAD BTG Corde
1 256 -117.891 12.2394 -13.604 -0.9996 -0.0172 0.024 0.0236 -0.9548 0.2962 -0.0179 -0.2966 -0.9548 LS60.dat
0 MLCAD BTG Corde
1 256 -117.858 12.7055 -14.9203 -0.9993 -0.0277 0.0242 0.034 -0.946 0.3224 -0.0139 -0.323 -0.9463 LS60.dat
0 MLCAD BTG Corde
1 256 -117.825 13.1936 -16.227 -0.999 -0.0383 0.0236 0.044 -0.9388 0.3415 -0.0091 -0.3422 -0.9396 LS60.dat
0 MLCAD BTG Corde
1 256 -117.793 13.7115 -17.5673 -0.9985 -0.0493 0.0225 0.0541 -0.9333 0.3551 -0.0035 -0.3558 -0.9346 LS60.dat
0 MLCAD BTG Corde
1 256 -117.765 14.2217 -18.8548 -0.998 -0.0601 0.021 0.0636 -0.9291 0.3643 0.0024 -0.3649 -0.931 LS60.dat
0 MLCAD BTG Corde
1 256 -117.739 14.7526 -20.1777 -0.9973 -0.0713 0.0191 0.0733 -0.9261 0.37 0.0087 -0.3704 -0.9288 LS60.dat
0 MLCAD BTG Corde
1 256 -117.717 15.2668 -21.4525 -0.9965 -0.0822 0.0168 0.0825 -0.9242 0.3728 0.0152 -0.3729 -0.9278 LS60.dat
0 MLCAD BTG Corde
1 256 -117.699 15.7954 -22.767 -0.9955 -0.0934 0.014 0.0919 -0.9233 0.373 0.0219 -0.3726 -0.9277 LS60.dat
0 MLCAD BTG Corde
1 256 -117.685 16.3185 -24.0815 -0.9945 -0.1046 0.0109 0.1012 -0.9232 0.3707 0.0287 -0.3697 -0.9287 LS60.dat
0 MLCAD BTG Corde
1 256 -117.677 16.8165 -25.3565 -0.9933 -0.1155 0.0074 0.1102 -0.9241 0.366 0.0354 -0.3643 -0.9306 LS60.dat
0 MLCAD BTG Corde
1 256 -117.675 17.3201 -26.6801 -0.9919 -0.1267 0.0033 0.1195 -0.9258 0.3587 0.0424 -0.3562 -0.9335 LS60.dat
0 MLCAD BTG Corde
1 256 -117.68 17.8097 -28.0128 -0.9904 -0.1379 -0.0013 0.1288 -0.9283 0.3489 0.0493 -0.3454 -0.9372 LS60.dat
0 MLCAD BTG Corde
1 256 -117.692 18.2653 -29.3146 -0.9889 -0.1487 -0.0065 0.1379 -0.9317 0.3361 0.056 -0.3314 -0.9418 LS60.dat
0 MLCAD BTG Corde
1 256 -117.713 18.7143 -30.6745 -0.9871 -0.1598 -0.0125 0.1475 -0.9359 0.3199 0.0628 -0.3139 -0.9474 LS60.dat
0 MLCAD BTG Corde
1 256 -117.744 19.1206 -32.0079 -0.9852 -0.1704 -0.0194 0.1568 -0.9409 0.3001 0.0694 -0.2926 -0.9537 LS60.dat
0 MLCAD BTG Corde
1 256 -117.788 19.4923 -33.3602 -0.9831 -0.1807 -0.0274 0.1664 -0.9468 0.2754 0.0757 -0.2662 -0.9609 LS60.dat
0 MLCAD BTG Corde
1 256 -117.845 19.8212 -34.7326 -0.981 -0.1907 -0.0366 0.1762 -0.9533 0.2455 0.0817 -0.2343 -0.9687 LS60.dat
0 MLCAD BTG Corde
1 256 -117.917 20.0836 -36.0791 -0.9787 -0.1998 -0.0476 0.1859 -0.9603 0.2082 0.0873 -0.1949 -0.9769 LS60.dat
0 MLCAD BTG Corde
1 256 -118.011 20.2876 -37.4894 -0.9762 -0.2082 -0.0606 0.1962 -0.9671 0.1616 0.0923 -0.1459 -0.985 LS60.dat
0 MLCAD BTG Corde
1 256 -118.126 20.3939 -38.8656 -0.9737 -0.2148 -0.0763 0.2065 -0.973 0.103 0.0964 -0.0845 -0.9918 LS60.dat
0 MLCAD BTG Corde
1 256 -118.273 20.3935 -40.2911 -0.971 -0.2193 -0.0952 0.2175 -0.9756 0.0291 0.0993 -0.0076 -0.995 LS60.dat
0 MLCAD BTG Corde
1 256 -118.449 20.2478 -41.6534 -0.9684 -0.2197 -0.1177 0.2282 -0.9715 -0.0638 0.1003 0.0886 -0.991 LS60.dat
0 MLCAD BTG Corde
1 256 -118.668 19.9243 -43.0171 -0.966 -0.2147 -0.1442 0.239 -0.9541 -0.1805 0.0988 0.2088 -0.973 LS60.dat
0 MLCAD BTG Corde
1 256 -118.928 19.391 -44.2908 -0.964 -0.2015 -0.1736 0.2489 -0.9137 -0.3212 0.0939 0.3529 -0.931 LS60.dat
0 MLCAD BTG Corde
1 256 -119.233 18.6258 -45.4672 -0.9627 -0.1798 -0.2023 0.257 -0.8416 -0.4751 0.0849 0.5094 -0.8563 LS60.dat
0 MLCAD BTG Corde
1 256 -119.537 17.7712 -46.5017 -0.9625 -0.1643 -0.2157 0.2614 -0.7736 -0.5773 0.072 0.612 -0.7876 LS60.dat
0 MLCAD BTG Corde
1 256 -119.838 16.8925 -47.569 -0.9625 -0.167 -0.2138 0.265 -0.7481 -0.6084 0.0584 0.6422 -0.7643 LS60.dat
0 MLCAD BTG Corde
1 256 -120.13 16.0079 -48.5936 -0.9621 -0.172 -0.2117 0.2689 -0.729 -0.6296 0.046 0.6626 -0.7476 LS60.dat
0 MLCAD BTG Corde
1 256 -120.43 15.073 -49.6444 -0.9613 -0.1792 -0.2094 0.2735 -0.7141 -0.6444 0.0341 0.6767 -0.7355 LS60.dat
0 MLCAD BTG Corde
1 256 -120.716 14.1569 -50.6498 -0.9602 -0.1872 -0.2072 0.2783 -0.7029 -0.6546 0.0231 0.6862 -0.727 LS60.dat
0 MLCAD BTG Corde
1 256 -120.999 13.2348 -51.6463 -0.959 -0.196 -0.2049 0.2833 -0.6941 -0.6618 0.0126 0.6927 -0.7212 LS60.dat
0 MLCAD BTG Corde
1 256 -121.287 12.2795 -52.6699 -0.9574 -0.2058 -0.2026 0.2888 -0.6874 -0.6664 0.0021 0.6965 -0.7175 LS60.dat
0 MLCAD BTG Corde
1 256 -121.562 11.3571 -53.6538 -0.9557 -0.2157 -0.2002 0.2942 -0.6825 -0.669 -0.0077 0.6983 -0.7157 LS60.dat
0 MLCAD BTG Corde
1 256 -121.841 10.4064 -54.6685 -0.9537 -0.2265 -0.1978 0.3002 -0.679 -0.67 -0.0174 0.6983 -0.7156 LS60.dat
0 MLCAD BTG Corde
1 256 -122.115 9.4608 -55.6825 -0.9516 -0.2376 -0.1952 0.3063 -0.6769 -0.6693 -0.0269 0.6967 -0.7169 LS60.dat
0 MLCAD BTG Corde
1 256 -122.385 8.5216 -56.6984 -0.9492 -0.249 -0.1925 0.3127 -0.6761 -0.6672 -0.036 0.6935 -0.7196 LS60.dat
0 MLCAD BTG Corde
1 256 -122.65 7.5897 -57.7188 -0.9466 -0.2607 -0.1897 0.3193 -0.6764 -0.6637 -0.0447 0.6888 -0.7236 LS60.dat
0 MLCAD BTG Corde
1 256 -122.901 6.6974 -58.7126 -0.9439 -0.2724 -0.1867 0.3259 -0.678 -0.6588 -0.0529 0.6827 -0.7288 LS60.dat
0 MLCAD BTG Corde
1 256 -123.157 5.7837 -59.7508 -0.9409 -0.2847 -0.1833 0.3331 -0.6808 -0.6523 -0.0609 0.6749 -0.7354 LS60.dat
0 MLCAD BTG Corde
1 256 -123.408 4.8814 -60.8026 -0.9377 -0.2974 -0.1797 0.3407 -0.6848 -0.6442 -0.0685 0.6652 -0.7435 LS60.dat
0 MLCAD BTG Corde
1 256 -123.654 3.9922 -61.8711 -0.9342 -0.3105 -0.1757 0.3486 -0.6902 -0.6341 -0.0756 0.6536 -0.753 LS60.dat
0 MLCAD BTG Corde
1 256 -123.894 3.1184 -62.9593 -0.9305 -0.3239 -0.1712 0.3571 -0.6968 -0.622 -0.0822 0.6399 -0.764 LS60.dat
0 MLCAD BTG Corde
1 256 -124.119 2.2928 -64.0348 -0.9266 -0.3375 -0.1662 0.3658 -0.7052 -0.6074 -0.0878 0.6236 -0.7768 LS60.dat
0 MLCAD BTG Corde
1 256 -124.345 1.461 -65.1734 -0.9222 -0.3518 -0.1604 0.3754 -0.7151 -0.5896 -0.0927 0.604 -0.7916 LS60.dat
0 MLCAD BTG Corde
1 256 -124.554 0.6857 -66.3044 -0.9177 -0.3663 -0.1538 0.3854 -0.7269 -0.5684 -0.0964 0.5809 -0.8082 LS60.dat
0 MLCAD BTG Corde
1 256 -124.752 -0.0531 -67.4691 -0.9128 -0.3814 -0.1459 0.3963 -0.7411 -0.5419 -0.0986 0.5525 -0.8277 LS60.dat
0 MLCAD BTG Corde
1 256 -124.944 -0.7716 -68.7106 -0.9074 -0.3976 -0.1364 0.4085 -0.7576 -0.5092 -0.0991 0.5177 -0.8498 LS60.dat
0 MLCAD BTG Corde
1 256 -125.113 -1.4053 -69.9515 -0.9017 -0.4139 -0.1251 0.4213 -0.7763 -0.4689 -0.097 0.4755 -0.8743 LS60.dat
0 MLCAD BTG Corde
1 256 -125.26 -1.962 -71.233 -0.8956 -0.4308 -0.111 0.4353 -0.7972 -0.4183 -0.0917 0.423 -0.9015 LS60.dat
0 MLCAD BTG Corde
1 256 -125.381 -2.42 -72.555 -0.870804 -0.490752 0.0286554 0.4503 -0.8197 -0.354 -0.19725 0.295371 -0.934757 LS60.dat
0 MLCAD BTG Corde
1 256 -125.093 -2.751 -73.911 -0.752131 -0.538794 0.379495 0.4658 -0.842 -0.2722 -0.466167 0.0279731 -0.884283 LS60.dat
0 MLCAD BTG Corde
1 256 -124.761 -2.542 -74.541 -0.616847 -0.467454 0.633237 0.4811 -0.8607 -0.1667 -0.622881 -0.201834 -0.755741 LS60.dat
0 MLCAD BTG Corde
1 256 -123.413 -2.491 -75.622 -0.409768 -0.197778 0.89053 0.4425 -0.8967 0.0044 -0.797687 -0.395909 -0.454953 LS60.dat
0 MLCAD BTG Corde
1 256 -122.254 -2.5329 -76.1824 -0.3954 0.0003 0.9185 0.39 -0.9053 0.1682 -0.8316 -0.4248 -0.3578 LS60.dat
0 MLCAD BTG Corde
1 256 -120.798 -2.219 -76.803 -0.414367 0.236634 0.878837 0.385413 -0.829105 0.404989 -0.824477 -0.506503 -0.252309 LS60.dat
0 MLCAD BTG Corde
1 256 -119.201 -2.373 -76.699 0.196375 -0.0407015 0.979692 0.46505 -0.875764 -0.129589 -0.863229 -0.481032 0.153026 LS60.dat
0 MLCAD BTG Corde
1 256 -118.012 -2.985 -76.005 0.7982 -0.2866 0.5298 0.0473 -0.8469 -0.5296 -0.6005 -0.4478 0.6625 LS60.dat
0 MLCAD BTG Corde
1 256 -117.34 -3.3517 -74.9396 0.9415 -0.1097 0.3188 -0.0584 -0.9844 -0.166 -0.332 -0.1377 0.9332 LS60.dat
0 MLCAD BTG Corde
1 256 -117.131 -3.25 -73.669 0.985229 -0.0417577 -0.16613 -0.0423 -0.9991 0 0.165953 -0.00703873 0.986065 LS60.dat
0 MLCAD BTG Corde
1 256 -117.743 -2.875 -72.358 0.75807 -0.0236339 -0.651734 -0.0311 -0.9995 0 0.651472 -0.0202783 0.758432 LS60.dat
0 MLCAD BTG Corde
1 256 -118.21 -2.875 -71.669 0.722334 -0.0144703 -0.691337 -0.02 -0.9998 0 0.691189 -0.0138673 0.722469 LS60.dat
0 MLCAD BTG Corde
1 256 -118.957 -2.875 -70.918 0.511564 -0.00462453 -0.859286 -0.009 -1 0 0.859189 -0.00778548 0.511542 LS60.dat
0 MLCAD BTG Corde
1 256 -119.974 -2.954 -70.6036 0.3747 0.0345 -0.9265 -0.0056 -0.9992 -0.0395 0.9271 -0.02 0.3742 LS60.dat
0 MLCAD BTG Corde
1 256 -120.854 -3.227 -70.404 0.109047 0.148329 -0.982894 0.0085 -0.9889 -0.1483 0.993996 -0.00786048 0.109087 LS60.dat
0 MLCAD BTG Corde
1 256 -122.152 -3.628 -70.409 -0.0297444 0.244728 -0.969132 0.0007 -0.9696 -0.2448 0.999504 0.00798351 -0.0286931 LS60.dat
0 MLCAD BTG Corde
1 256 -123.481 -4.055 -70.577 -0.276141 0.324217 -0.904779 -0.0856609 -0.945899 -0.31284 0.957341 0.0088932 -0.288956 LS60.dat
0 MLCAD BTG Corde
1 256 -124.33 -4.057 -71.014 -0.562903 0.2383 -0.791399 -0.2751 -0.957 -0.0924 0.779323 -0.165696 -0.604267 LS60.dat
0 MLCAD BTG Corde
1 256 -124.956 -4 -72.257 -0.925519 0.258338 -0.276668 -0.2689 -0.9632 0 0.266498 -0.0744503 -0.960961 LS60.dat
0 MLCAD BTG Corde
1 256 -125.152 -4 -72.924 -0.95919 0.256326 0.119572 -0.2582 -0.9661 0 -0.115471 0.0309006 -0.992849 LS60.dat
0 MLCAD BTG Corde
1 256 -124.693 -4 -74.4566 -0.7686 0.1872 0.6117 -0.2366 -0.9716 0 -0.5944 0.1447 -0.7911 LS60.dat
0 MLCAD BTG Corde
1 256 -123.284 -4 -75.3361 -0.3507 0.0817 0.9329 -0.2269 -0.9739 0 -0.9086 0.2117 -0.36 LS60.dat
0 MLCAD BTG Corde
1 256 -122.012 -4 -75.9326 -0.3961 0.0877 0.914 -0.216 -0.9764 0 -0.8924 0.1975 -0.4057 LS60.dat
0 MLCAD BTG Corde
1 256 -120.729 -4 -76.4944 -0.394 0.0826 0.9154 -0.2052 -0.9787 0 -0.8959 0.1878 -0.4026 LS60.dat
0 MLCAD BTG Corde
1 256 -119.395 -4 -76.9301 -0.3319 0.0657 0.941 -0.1942 -0.981 0 -0.9231 0.1828 -0.3383 LS60.dat
0 MLCAD BTG Corde
1 256 -118.048 -4.0081 -77.3209 -0.2924 0.0506 0.955 -0.1834 -0.983 -0.004 -0.9386 0.1763 -0.2967 LS60.dat
0 MLCAD BTG Corde
1 256 -116.679 -4.0637 -77.6717 -0.2634 0.0178 0.9645 -0.1728 -0.9845 -0.029 -0.9491 0.1743 -0.2624 LS60.dat
0 MLCAD BTG Corde
1 256 -115.31 -4.2044 -77.9342 -0.2207 -0.0415 0.9745 -0.1642 -0.9832 -0.079 -0.9614 0.1775 -0.2102 LS60.dat
0 MLCAD BTG Corde
1 256 -113.93 -4.4996 -78.0682 -0.1569 -0.1457 0.9768 -0.1613 -0.972 -0.1709 -0.9744 0.1844 -0.129 LS60.dat
0 MLCAD BTG Corde
1 256 -112.621 -5.0245 -78.0252 -0.0745 -0.3055 0.9493 -0.1708 -0.934 -0.3139 -0.9825 0.1855 -0.0174 LS60.dat
0 MLCAD BTG Corde
1 256 -111.448 -5.7801 -77.8272 0.0013 -0.4827 0.8758 -0.1917 -0.8596 -0.4736 -0.9815 0.1673 0.0936 LS60.dat
0 MLCAD BTG Corde
1 256 -110.387 -6.682 -77.5595 0.0452 -0.6112 0.7902 -0.2067 -0.7796 -0.5912 -0.9774 0.1366 0.1615 LS60.dat
0 MLCAD BTG Corde
1 256 -109.402 -7.6422 -77.2843 0.0626 -0.6807 0.7298 -0.2067 -0.7243 -0.6578 -0.9764 0.1097 0.1861 LS60.dat
0 MLCAD BTG Corde
1 256 -108.438 -8.6407 -77.0193 0.0677 -0.7143 0.6966 -0.1962 -0.6941 -0.6927 -0.9782 0.0897 0.1872 LS60.dat
0 MLCAD BTG Corde
1 256 -107.501 -9.6401 -76.7769 0.0681 -0.7294 0.6807 -0.1808 -0.68 -0.7106 -0.9812 0.0747 0.1782 LS60.dat
0 MLCAD BTG Corde
1 256 -106.555 -10.6482 -76.5401 0.0714 -0.7332 1.3524 -0.1681 -0.6771 -1.4329 -0.9832 0.0625 0.3432 LS60.dat
0 MLCAD BTG Corde
1 256 -117.992 11.0966 -7.0023 1 0.0001 0.0082 -0.0001 -0.9988 0.0966 -0.0041 0.0483 1.9977 LS60.dat
0 MLCAD BTG Corde
1 256 -117.966 11.4274 -5.1548 0.9999 -0.003 0.0131 -0.0051 -0.9857 0.1684 -0.0124 0.1685 0.9856 LS60.dat
0 MLCAD BTG Corde
1 256 -117.922 12.0691 -3.4567 0.9997 -0.0037 0.0234 -0.0114 -0.9416 0.3366 -0.0207 0.3368 0.9414 LS60.dat
0 MLCAD BTG Corde
1 256 -117.859 13.1326 -1.8925 0.9995 -0.0011 0.0327 -0.019 -0.8347 0.5504 -0.0267 0.5507 0.8342 LS60.dat
0 MLCAD BTG Corde
1 256 -117.79 14.5638 -0.7045 0.9993 0.0044 0.0369 -0.025 -0.6548 0.7554 -0.0275 0.7558 0.6543 LS60.dat
0 MLCAD BTG Corde
1 256 -117.727 16.2348 0.0932 0.9994 0.0092 0.034 -0.0263 -0.4492 0.893 -0.0235 0.8934 0.4487 LS60.dat
0 MLCAD BTG Corde
1 256 -117.678 18.0473 0.5892 0.9996 0.0108 0.0267 -0.0227 -0.2758 0.9609 -0.0177 0.9611 0.2755 LS60.dat
0 MLCAD BTG Corde
1 256 -117.644 19.9369 0.8711 0.9998 0.0094 0.0182 -0.0165 -0.1535 0.988 -0.0121 0.9881 0.1533 LS60.dat
0 MLCAD BTG Corde
1 256 -117.628 21.7611 0.9836 0.9999 0.0066 0.0098 -0.0093 -0.0696 0.9975 -0.0073 0.9976 0.0695 LS60.dat
0 MLCAD BTG Corde
1 256 -117.624 23.6626 0.9945 1 0.0028 0.0023 -0.0023 -0.0089 1 -0.0028 1 0.0089 LS60.dat
0 MLCAD BTG Corde
1 256 -117.611 25.5247 0.8351 1 -0.0009 0.0066 -0.0065 0.0792 0.9968 0.0014 0.9969 -0.0791 LS60.dat
0 MLCAD BTG Corde
1 256 -117.58 27.3673 0.4192 0.9999 -0.0035 0.0161 -0.0149 0.2124 0.9771 0.0068 0.9772 -0.2124 LS60.dat
0 MLCAD BTG Corde
1 256 -117.53 29.0211 -0.3305 0.9996 -0.0034 0.0263 -0.0228 0.3949 0.9184 0.0135 0.9187 -0.3947 LS60.dat
0 MLCAD BTG Corde
1 256 -117.464 30.4892 -1.5091 0.9994 0.0003 0.0346 -0.0275 0.6134 0.7893 0.021 0.7898 -0.6131 LS60.dat
0 MLCAD BTG Corde
1 256 -117.396 31.56 -3.0222 0.9993 0.006 0.0367 -0.0267 0.8032 0.595 0.0259 0.5956 -0.8028 LS60.dat
0 MLCAD BTG Corde
1 256 -117.337 32.2616 -4.7413 0.9994 0.01 0.0323 -0.0219 0.9187 0.3944 0.0257 0.3948 -0.9184 LS60.dat
0 MLCAD BTG Corde
1 256 -117.292 32.6938 -6.5805 0.9996 0.0106 0.0245 -0.0161 0.9711 0.2381 0.0213 0.2384 -0.9709 LS60.dat
0 MLCAD BTG Corde
1 256 -117.264 32.9073 -8.393 0.9998 0.0089 0.0159 -0.0108 0.9917 0.1277 0.0146 0.1279 -0.9917 LS60.dat
0 MLCAD BTG Corde
1 256 -117.25 33.0002 -10.3068 1 0.0056 0.0076 -0.0059 0.9986 0.0518 0.0073 0.0518 -0.9986 LS60.dat
0 MLCAD BTG Corde
1 256 -117.248 32.9759 -12.1105 1 0.0019 0.002 -0.0019 1 -0.0071 0.002 -0.0071 -1 LS60.dat
0 MLCAD BTG Corde
1 256 -117.231 32.7618 -13.9651 1 -0.0017 0.0087 0.0026 0.9942 -0.1075 0.0085 -0.1075 -0.9942 LS60.dat
0 MLCAD BTG Corde
1 256 -117.194 32.2597 -15.794 0.9998 -0.0037 0.0188 0.0084 0.9665 -0.2567 0.0172 -0.2568 -0.9663 LS60.dat
0 MLCAD BTG Corde
1 256 -117.138 31.3738 -17.4763 0.9996 -0.0027 0.0291 0.0157 0.8899 -0.4558 0.0247 -0.4561 -0.8896 LS60.dat
0 MLCAD BTG Corde
1 256 -117.069 30.0868 -18.8372 0.9994 0.0019 0.036 0.0228 0.7391 -0.6733 0.0279 -0.6736 -0.7385 LS60.dat
0 MLCAD BTG Corde
1 256 -117.003 28.5031 -19.7941 0.9993 0.0075 0.036 0.0264 0.536 -0.8438 0.0256 -0.8442 -0.5354 LS60.dat
0 MLCAD BTG Corde
1 256 -116.947 26.7424 -20.4076 0.9995 0.0105 0.0302 0.0247 0.3442 -0.9386 0.0203 -0.9388 -0.3437 LS60.dat
0 MLCAD BTG Corde
1 256 -116.906 24.8794 -20.7755 0.9997 0.0102 0.022 0.0195 0.2017 -0.9793 0.0145 -0.9794 -0.2014 LS60.dat
0 MLCAD BTG Corde
1 256 -116.883 23.06 -20.9494 0.9999 0.008 0.0136 0.0127 0.1045 -0.9944 0.0094 -0.9945 -0.1044 LS60.dat
0 MLCAD BTG Corde
1 256 -116.875 21.2395 -21.0026 1 0.0047 0.0055 0.0053 0.036 -0.9993 0.0049 -0.9993 -0.036 LS60.dat
0 MLCAD BTG Corde
1 256 -116.87 19.3556 -20.9384 1 0.0008 0.0028 0.0028 -0.03 -0.9995 0.0007 -0.9995 0.0301 LS60.dat
0 MLCAD BTG Corde
1 256 -116.847 17.5068 -20.6524 0.9999 -0.0024 0.0115 0.011 -0.145 -0.9894 -0.0041 -0.9894 0.1449 LS60.dat
0 MLCAD BTG Corde
1 256 -116.805 15.6996 -20.0583 0.9998 -0.0039 0.0216 0.0194 -0.3043 -0.9524 -0.0103 -0.9526 0.3042 LS60.dat
0 MLCAD BTG Corde
1 256 -116.747 14.1648 -19.1015 0.9995 -0.0019 0.0312 0.0259 -0.5085 -0.8607 -0.0175 -0.8611 0.5082 LS60.dat
0 MLCAD BTG Corde
1 256 -116.678 12.9082 -17.7224 0.9993 0.0035 0.0367 0.0278 -0.7252 -0.688 -0.0242 -0.6885 0.7248 LS60.dat
0 MLCAD BTG Corde
1 256 -116.611 12 -16.0143 0.9994 0.0087 0.0348 0.0243 -0.8786 -0.477 -0.0264 -0.4776 0.8782 LS60.dat
0 MLCAD BTG Corde
1 256 -116.559 11.4596 -14.2199 0.9995 0.0107 0.0281 0.0186 -0.9535 -0.3007 -0.0236 -0.3011 0.9533 LS60.dat
0 MLCAD BTG Corde
1 256 -116.525 11.1725 -12.4258 0.9998 0.0099 0.0197 0.0131 -0.9851 -0.1713 -0.0177 -0.1715 0.985 LS60.dat
0 MLCAD BTG Corde
1 256 -116.504 11.0233 -10.5126 0.9999 0.0071 0.0112 0.008 -0.9966 -0.0816 -0.0106 -0.0817 0.9966 LS60.dat
0 MLCAD BTG Corde
1 256 -116.5 10.9982 -8.6974 1 0.0036 0.0032 0.0036 -0.9998 -0.0201 -0.0032 -0.0201 0.9998 LS60.dat
0 MLCAD BTG Corde
1 256 -116.49 11.1171 -6.8269 1 -0.0002 0.0049 -0.0005 -0.9983 0.0582 -0.0049 0.0582 0.9983 LS60.dat
0 MLCAD BTG Corde
1 256 -116.463 11.4753 -4.9801 0.9999 -0.0032 0.0141 -0.0057 -0.9832 0.1826 -0.0133 0.1826 0.9831 LS60.dat
0 MLCAD BTG Corde
1 256 -116.417 12.1524 -3.2952 0.9997 -0.0036 0.0243 -0.0121 -0.9346 0.3556 -0.0215 0.3558 0.9343 LS60.dat
0 MLCAD BTG Corde
1 256 -116.352 13.2548 -1.7616 0.9994 -0.0007 0.0334 -0.0197 -0.8204 0.5715 -0.027 0.5718 0.8199 LS60.dat
0 MLCAD BTG Corde
1 256 -116.284 14.7146 -0.6128 0.9993 0.005 0.0369 -0.0254 -0.6353 0.7719 -0.0273 0.7723 0.6347 LS60.dat
0 MLCAD BTG Corde
1 256 -116.222 16.4025 0.1519 0.9994 0.0095 0.0335 -0.0261 -0.4307 0.9021 -0.023 0.9024 0.4302 LS60.dat
0 MLCAD BTG Corde
1 256 -116.174 18.2249 0.6239 0.9996 0.0108 0.0259 -0.0222 -0.2619 0.9648 -0.0172 0.965 0.2616 LS60.dat
0 MLCAD BTG Corde
1 256 -116.142 20.119 0.8883 0.9998 0.0092 0.0174 -0.0159 -0.1438 0.9895 -0.0116 0.9896 0.1437 LS60.dat
0 MLCAD BTG Corde
1 256 -116.127 21.9432 0.9891 0.9999 0.0063 0.009 -0.0086 -0.063 0.998 -0.0068 0.998 0.0629 LS60.dat
0 MLCAD BTG Corde
1 256 -116.124 23.842 0.9884 1 0.0024 0.0021 -0.002 -0.0028 1 -0.0025 1 0.0028 LS60.dat
0 MLCAD BTG Corde
1 256 -116.109 25.7008 0.8076 1 -0.0012 0.0074 -0.0073 0.0902 0.9959 0.0019 0.9959 -0.0902 LS60.dat
0 MLCAD BTG Corde
1 256 -116.076 27.5397 0.3615 0.9998 -0.0036 0.017 -0.0158 0.2281 0.9735 0.0074 0.9736 -0.228 LS60.dat
0 MLCAD BTG Corde
1 256 -116.025 29.1756 -0.4252 0.9996 -0.0032 0.0273 -0.0235 0.415 0.9095 0.0142 0.9098 -0.4148 LS60.dat
0 MLCAD BTG Corde
1 256 -115.958 30.609 -1.6409 0.9994 0.0008 0.0351 -0.0277 0.6338 0.773 0.0216 0.7735 -0.6335 LS60.dat
0 MLCAD BTG Corde
1 256 -115.89 31.6413 -3.1787 0.9993 0.0065 0.0366 -0.0264 0.8176 0.5751 0.0261 0.5757 -0.8172 LS60.dat
0 MLCAD BTG Corde
1 256 -115.832 32.3126 -4.9124 0.9994 0.0102 0.0316 -0.0214 0.9259 0.377 0.0254 0.3775 -0.9257 LS60.dat
0 MLCAD BTG Corde
1 256 -115.788 32.7227 -6.7601 0.9997 0.0105 0.0236 -0.0156 0.9741 0.2255 0.0207 0.2258 -0.974 LS60.dat
0 MLCAD BTG Corde
1 256 -115.762 32.9214 -8.5754 0.9998 0.0086 0.0151 -0.0103 0.9928 0.119 0.0139 0.1192 -0.9928 LS60.dat
0 MLCAD BTG Corde
1 256 -115.75 33.0001 -10.4886 1 0.0052 0.0066 -0.0055 0.999 0.0445 0.0064 0.0445 -0.999 LS60.dat
0 MLCAD BTG Corde
1 256 -115.746 32.9593 -12.378 1 0.0014 0.0022 -0.0013 0.9998 -0.018 0.0022 -0.018 -0.9998 LS60.dat
0 MLCAD BTG Corde
1 256 -115.727 32.7168 -14.2302 0.9999 -0.0021 0.0099 0.0033 0.9925 -0.1224 0.0095 -0.1224 -0.9924 LS60.dat
0 MLCAD BTG Corde
1 256 -115.689 32.1931 -15.9633 0.9998 -0.0037 0.0198 0.009 0.9618 -0.2736 0.018 -0.2737 -0.9616 LS60.dat
0 MLCAD BTG Corde
1 256 -115.631 31.2676 -17.6222 0.9995 -0.0024 0.03 0.0164 0.8789 -0.4767 0.0252 -0.477 -0.8786 LS60.dat
0 MLCAD BTG Corde
1 256 -115.563 29.9465 -18.9457 0.9993 0.0025 0.0363 0.0234 0.7211 -0.6925 0.0279 -0.6929 -0.7205 LS60.dat
0 MLCAD BTG Corde
1 256 -115.497 28.3416 -19.8657 0.9993 0.0079 0.0357 0.0265 0.5163 -0.856 0.0252 -0.8564 -0.5158 LS60.dat
0 MLCAD BTG Corde
1 256 -115.443 26.5684 -20.4517 0.9995 0.0107 0.0294 0.0243 0.3282 -0.9443 0.0197 -0.9446 -0.3278 LS60.dat
0 MLCAD BTG Corde
1 256 -115.403 24.6986 -20.7995 0.9997 0.0101 0.0211 0.0188 0.1903 -0.9815 0.014 -0.9817 -0.1901 LS60.dat
0 MLCAD BTG Corde
1 256 -115.382 22.8772 -20.956 0.9999 0.0077 0.0126 0.0118 0.0948 -0.9954 0.0089 -0.9955 -0.0947 LS60.dat
0 MLCAD BTG Corde
1 256 -115.374 20.9682 -21.0057 1 0.0041 0.0045 0.0044 0.0292 -0.9996 0.0043 -0.9996 -0.0291 LS60.dat
0 MLCAD BTG Corde
1 256 -115.368 19.1787 -20.9219 1 0.0005 0.0034 0.0034 -0.0388 -0.9992 0.0003 -0.9992 0.0388 LS60.dat
0 MLCAD BTG Corde
1 256 -115.344 17.3312 -20.6103 0.9999 -0.0027 0.0124 0.0118 -0.1583 -0.9873 -0.0046 -0.9874 0.1583 LS60.dat
0 MLCAD BTG Corde
1 256 -115.299 15.5382 -19.9712 0.9997 -0.0038 0.0229 0.0204 -0.3274 -0.9447 -0.011 -0.9449 0.3273 LS60.dat
0 MLCAD BTG Corde
1 256 -115.237 13.9592 -18.9272 0.9995 -0.0013 0.0324 0.0265 -0.5402 -0.8411 -0.0186 -0.8415 0.5399 LS60.dat
0 MLCAD BTG Corde
1 256 -115.168 12.7517 -17.5108 0.9993 0.0041 0.0369 0.0276 -0.7472 -0.664 -0.0248 -0.6645 0.7468 LS60.dat
0 MLCAD BTG Corde
1 256 -115.105 11.9372 -15.8485 0.9994 0.0091 0.0343 0.0238 -0.8886 -0.458 -0.0263 -0.4586 0.8883 LS60.dat
0 MLCAD BTG Corde
1 256 -115.055 11.4221 -14.0432 0.9996 0.0107 0.0273 0.0181 -0.9581 -0.286 -0.0231 -0.2864 0.9578 LS60.dat
0 MLCAD BTG Corde
1 256 -115.022 11.1523 -12.2442 0.9998 0.0097 0.0188 0.0126 -0.9869 -0.161 -0.017 -0.1612 0.9868 LS60.dat
0 MLCAD BTG Corde
1 256 -115.003 11.0164 -10.3302 0.9999 0.0068 0.0104 0.0075 -0.9972 -0.0745 -0.0098 -0.0746 0.9972 LS60.dat
0 MLCAD BTG Corde
1 256 -114.999 11.001 -8.5172 1 0.0032 0.0027 0.0032 -0.9999 -0.0146 -0.0027 -0.0147 0.9999 LS60.dat
0 MLCAD BTG Corde
1 256 -114.988 11.1399 -6.6513 1 -0.0005 0.0057 -0.0009 -0.9977 0.0685 -0.0057 0.0685 0.9976 LS60.dat
0 MLCAD BTG Corde
1 256 -114.958 11.5344 -4.8076 0.9999 -0.0033 0.0153 -0.0063 -0.9795 0.2012 -0.0144 0.2013 0.9794 LS60.dat
0 MLCAD BTG Corde
1 256 -114.909 12.2742 -3.0528 0.9997 -0.0036 0.0256 -0.013 -0.925 0.3797 -0.0223 0.3799 0.9248 LS60.dat
0 MLCAD BTG Corde
1 256 -114.846 13.3804 -1.6343 0.9994 -0.0002 0.034 -0.0203 -0.8054 0.5924 -0.0273 0.5927 0.805 LS60.dat
0 MLCAD BTG Corde
1 256 -114.777 14.8749 -0.5343 0.9993 0.0057 0.0368 -0.0257 -0.6106 0.7915 -0.027 0.7919 0.6101 LS60.dat
0 MLCAD BTG Corde
1 256 -114.714 16.6524 0.2436 0.9994 0.0098 0.0327 -0.0259 -0.4079 0.9127 -0.0223 0.913 0.4074 LS60.dat
0 MLCAD BTG Corde
1 256 -114.671 18.4032 0.6568 0.9996 0.0107 0.0251 -0.0216 -0.2484 0.9684 -0.0166 0.9686 0.2481 LS60.dat
0 MLCAD BTG Corde
1 256 -114.64 20.3013 0.9041 0.9998 0.009 0.0165 -0.0152 -0.1345 0.9908 -0.0111 0.9909 0.1344 LS60.dat
0 MLCAD BTG Corde
1 256 -114.626 22.1252 0.9937 0.9999 0.0059 0.0082 -0.0078 -0.0566 0.9984 -0.0064 0.9984 0.0565 LS60.dat
0 MLCAD BTG Corde
1 256 -114.623 24.0211 0.9805 1 0.0021 0.002 -0.002 0.0037 1 -0.0021 1 -0.0037 LS60.dat
0 MLCAD BTG Corde
1 256 -114.607 25.877 0.7777 1 -0.0015 0.0083 -0.0081 0.1016 0.9948 0.0023 0.9948 -0.1016 LS60.dat
0 MLCAD BTG Corde
1 256 -114.572 27.7111 0.3004 0.9998 -0.0037 0.0181 -0.0166 0.2442 0.9696 0.008 0.9697 -0.2441 LS60.dat
0 MLCAD BTG Corde
1 256 -114.519 29.3274 -0.5238 0.9996 -0.0029 0.0282 -0.0241 0.4354 0.8999 0.0149 0.9002 -0.4352 LS60.dat
0 MLCAD BTG Corde
1 256 -114.451 30.725 -1.7757 0.9994 0.0014 0.0356 -0.0278 0.6539 0.756 0.0222 0.7565 -0.6536 LS60.dat
0 MLCAD BTG Corde
1 256 -114.384 31.7193 -3.337 0.9993 0.007 0.0363 -0.026 0.8313 0.5552 0.0263 0.5558 -0.8309 LS60.dat
0 MLCAD BTG Corde
1 256 -114.327 32.3613 -5.0845 0.9995 0.0104 0.0309 -0.0209 0.9327 0.3602 0.0251 0.3606 -0.9324 LS60.dat
0 MLCAD BTG Corde
1 256 -114.285 32.75 -6.9401 0.9997 0.0104 0.0228 -0.015 0.9769 0.2132 0.0201 0.2135 -0.9767 LS60.dat
0 MLCAD BTG Corde
1 256 -114.26 32.9341 -8.7579 0.9999 0.0083 0.0142 -0.0099 0.9938 0.1106 0.0132 0.1107 -0.9938 LS60.dat
0 MLCAD BTG Corde
1 256 -114.25 33.002 -10.6699 1 0.0049 0.0058 -0.0051 0.9992 0.0387 0.0056 0.0388 -0.9992 LS60.dat
0 MLCAD BTG Corde
1 256 -114.245 32.9458 -12.5557 1 0.001 0.0026 -0.001 0.9997 -0.0259 0.0026 -0.0259 -0.9997 LS60.dat
0 MLCAD BTG Corde
1 256 -114.224 32.6792 -14.4063 0.9999 -0.0023 0.0108 0.0038 0.9908 -0.135 0.0104 -0.135 -0.9908 LS60.dat
0 MLCAD BTG Corde
1 256 -114.184 32.1228 -16.1311 0.9998 -0.0038 0.0208 0.0097 0.9567 -0.291 0.0188 -0.2912 -0.9565 LS60.dat
0 MLCAD BTG Corde
1 256 -114.125 31.1578 -17.7651 0.9995 -0.0021 0.0308 0.0171 0.8672 -0.4977 0.0257 -0.498 -0.8668 LS60.dat
0 MLCAD BTG Corde
1 256 -114.056 29.8037 -19.0503 0.9993 0.003 0.0366 0.0239 0.7026 -0.7112 0.0278 -0.7116 -0.7021 LS60.dat
0 MLCAD BTG Corde
1 256 -113.991 28.1786 -19.9343 0.9993 0.0084 0.0353 0.0265 0.4968 -0.8675 0.0248 -0.8678 -0.4963 LS60.dat
0 MLCAD BTG Corde
1 256 -113.939 26.3935 -20.4936 0.9995 0.0107 0.0287 0.0239 0.3126 -0.9496 0.0192 -0.9498 -0.3122 LS60.dat
0 MLCAD BTG Corde
1 256 -113.901 24.5174 -20.8218 0.9997 0.01 0.0203 0.0182 0.1793 -0.9836 0.0134 -0.9837 -0.1791 LS60.dat
0 MLCAD BTG Corde
1 256 -113.881 22.6947 -20.9652 0.9999 0.0074 0.0118 0.0111 0.0873 -0.9961 0.0084 -0.9962 -0.0872 LS60.dat
0 MLCAD BTG Corde
1 256 -113.874 20.7876 -21.0051 1 0.0038 0.0037 0.0036 0.024 -0.9997 0.0039 -0.9997 -0.024 LS60.dat
0 MLCAD BTG Corde
1 256 -113.867 19.0023 -20.9034 1 0.0001 0.0041 0.0041 -0.0483 -0.9988 -0.0001 -0.9988 0.0483 LS60.dat
0 MLCAD BTG Corde
1 256 -113.841 17.1561 -20.5652 0.9999 -0.0029 0.0134 0.0127 -0.1722 -0.985 -0.0051 -0.9851 0.1721 LS60.dat
0 MLCAD BTG Corde
1 256 -113.794 15.3757 -19.8898 0.9997 -0.0037 0.0239 0.0211 -0.3462 -0.9379 -0.0117 -0.9381 0.346 LS60.dat
0 MLCAD BTG Corde
1 256 -113.731 13.8266 -18.8067 0.9995 -0.0009 0.0331 0.0269 -0.5613 -0.8272 -0.0193 -0.8276 0.561 LS60.dat
0 MLCAD BTG Corde
1 256 -113.662 12.6582 -17.3611 0.9993 0.0047 0.0369 0.0274 -0.7641 -0.6445 -0.0252 -0.6451 0.7637 LS60.dat
0 MLCAD BTG Corde
1 256 -113.6 11.8771 -15.6815 0.9994 0.0094 0.0338 0.0233 -0.898 -0.4394 -0.0262 -0.4399 0.8977 LS60.dat
0 MLCAD BTG Corde
1 256 -113.551 11.3866 -13.8658 0.9996 0.0107 0.0265 0.0175 -0.9622 -0.2717 -0.0226 -0.2721 0.962 LS60.dat
0 MLCAD BTG Corde
1 256 -113.52 11.1335 -12.0624 0.9998 0.0095 0.018 0.0121 -0.9885 -0.151 -0.0163 -0.1512 0.9884 LS60.dat
0 MLCAD BTG Corde
1 256 -113.502 11.0104 -10.148 0.9999 0.0065 0.0096 0.0071 -0.9977 -0.0677 -0.0091 -0.0678 0.9977 LS60.dat
0 MLCAD BTG Corde
1 256 -113.499 11.0055 -8.3374 1 0.0028 0.0023 0.0029 -1 -0.0089 -0.0023 -0.0089 1 LS60.dat
0 MLCAD BTG Corde
1 256 -113.486 11.165 -6.4753 1 -0.0009 0.0066 -0.0014 -0.9969 0.0791 -0.0065 0.0792 0.9968 LS60.dat
0 MLCAD BTG Corde
1 256 -113.454 11.589 -4.6345 0.9999 -0.0034 0.0163 -0.0068 -0.9763 0.2164 -0.0152 0.2165 0.9762 LS60.dat
0 MLCAD BTG Corde
1 256 -113.403 12.367 -2.8967 0.9996 -0.0034 0.0266 -0.0137 -0.9166 0.3995 -0.023 0.3997 0.9163 LS60.dat
0 MLCAD BTG Corde
1 256 -113.339 13.5195 -1.5189 0.9994 0.0005 0.0347 -0.0211 -0.7857 0.6182 -0.0276 0.6186 0.7852 LS60.dat
0 MLCAD BTG Corde
1 256 -113.268 15.1002 -0.3989 0.9993 0.0063 0.0367 -0.026 -0.5857 0.8101 -0.0266 0.8105 0.5851 LS60.dat
0 MLCAD BTG Corde
1 256 -113.209 16.8232 0.2956 0.9994 0.01 0.0321 -0.0256 -0.3903 0.9204 -0.0217 0.9207 0.3898 LS60.dat
0 MLCAD BTG Corde
1 256 -113.167 18.582 0.6878 0.9996 0.0107 0.0243 -0.0211 -0.2354 0.9717 -0.0161 0.9718 0.2351 LS60.dat
0 MLCAD BTG Corde
1 256 -113.138 20.4837 0.9186 0.9998 0.0087 0.0157 -0.0145 -0.1255 0.992 -0.0106 0.9921 0.1254 LS60.dat
0 MLCAD BTG Corde
1 256 -113.126 22.307 0.9974 1 0.0056 0.0074 -0.0071 -0.0504 0.9987 -0.006 0.9987 0.0504 LS60.dat
0 MLCAD BTG Corde
1 256 -113.122 24.1997 0.9708 1 0.0018 0.002 -0.002 0.0106 0.9999 -0.0017 0.9999 -0.0106 LS60.dat
0 MLCAD BTG Corde
1 256 -113.104 26.0532 0.7453 1 -0.0018 0.0092 -0.0089 0.1135 0.9935 0.0028 0.9935 -0.1135 LS60.dat
0 MLCAD BTG Corde
1 256 -113.067 27.8812 0.2357 0.9998 -0.0038 0.0191 -0.0174 0.2608 0.9652 0.0086 0.9654 -0.2606 LS60.dat
0 MLCAD BTG Corde
1 256 -113.013 29.4763 -0.6262 0.9996 -0.0027 0.0291 -0.0247 0.4561 0.8896 0.0157 0.8899 -0.4558 LS60.dat
0 MLCAD BTG Corde
