0 FILE 5590 - Complete.ldr
0 5590 - Whirl N' Wheel Super Truck
0 Name: 5590 - Complete.ldr
0 Author: MLCad
0 Unofficial Model
0 ROTATION CENTER 0 -115 200 1 "Trailer Pivot" 
0 ROTATION CONFIG 1 1
1 16 0 0 0 1 0 0 0 1 0 0 0 1 Truck.ldr
1 16 -403.051 -72 603.05 0.707107 0 -0.707107 0 1 0 0.707107 0 0.707107 Trailer.ldr
1 16 -321.734 -156 521.733 0.707107 0 -0.707107 0 1 0 0.707107 0 0.707107 Helicopter.Ldr
0 
0
0 FILE Truck.ldr
0 Name: Truck.ldr
0 ROTATION CENTER 0 0 0 1 "Custom" 
0 ROTATION CONFIG 0 0
1 0 0 0 0 0 0 1 0 1 0 -1 0 0 3035.dat
1 7 0 0 -200 1 0 0 0 1 0 0 0 1 3832.dat
1 7 0 0 -90 1 0 0 0 1 0 0 0 1 4442.dat
1 0 0 -8 40 1 0 0 0 1 0 0 0 1 3032.dat
1 7 0 -24 -100 0 0 -1 0 1 0 1 0 0 3006.dat
1 0 60 -24 -180 1 0 0 0 1 0 0 0 1 3001.dat
1 0 -60 -24 -180 1 0 0 0 1 0 0 0 1 3001.dat
1 7 0 -24 -210 1 0 0 0 1 0 0 0 1 3009.dat
1 7 0 -16 40 1 0 0 0 1 0 0 0 1 3832.dat
1 7 0 -16 10 1 0 0 0 1 0 0 0 1 4477.dat
1 0 30 -24 -80 0 0 1 0 1 0 -1 0 0 3702.dat
1 0 -30 -24 -80 0 0 -1 0 1 0 1 0 0 3702.dat
1 7 40 -14 -20 1 0 0 0 1 0 0 0 1 4274.dat
1 7 -40 -14 -20 -1 0 0 0 1 0 0 0 -1 4274.dat
1 7 70 -24 -90 0.933581 0 0.358368 0 1 0 -0.358368 0 0.933581 4261.dat
1 7 -70 -24 -90 0.933581 0 0.358368 0 1 0 -0.358368 0 0.933581 4261.dat
1 7 84.3346 -24 -52.6566 0 -0.933581 0.358368 1 0 0 0 0.358368 0.933581 3749.dat
1 7 -55.6651 -24 -52.6565 0 0.933581 -0.358368 1 0 0 0 -0.358368 -0.933581 3749.dat
1 0 88.6715 -14 -97.1672 -0.933581 0 0.358368 0 -1 0 0.358368 0 0.933581 3705.dat
1 0 -88.6714 -14 -82.8324 -0.933581 0 0.358368 0 -1 0 0.358368 0 0.933581 3705.dat
1 7 55.9962 -14 -84.6243 -0.358368 0 -0.933581 0 -1 0 -0.933581 0 0.358368 4265a.dat
1 7 -55.9961 -14 -95.3753 0.358368 0 0.933581 0 -1 0 0.933581 0 -0.358368 4265a.dat
1 7 88.6715 -14 -97.1672 -0.358368 0 -0.933581 0 -1 0 -0.933581 0 0.358368 3713.dat
1 7 -88.6714 -14 -82.8324 0.358368 0 0.933581 0 -1 0 0.933581 0 -0.358368 3713.dat
1 7 70 -24 -210 1 0 0 0 1 0 0 0 1 4070.dat
1 7 -70 -24 -210 1 0 0 0 1 0 0 0 1 4070.dat
1 7 90 -24 -210 0 0 -1 0 1 0 1 0 0 3665.dat
1 7 -90 -24 -210 0 0 1 0 1 0 -1 0 0 3665.dat
1 47 70 -14 -224 0 0 -1 -1 0 0 0 1 0 4073.dat
1 47 -70 -14 -224 0 0 1 1 0 0 0 1 0 4073.dat
1 0 0 -24 60 0 0 -1 0 1 0 1 0 0 3709b.dat
1 0 0 -16 80 0 0 -1 0 1 0 1 0 0 3022.dat
1 0 40 -32 70 1 0 0 0 1 0 0 0 1 3004.dat
1 0 -40 -32 70 1 0 0 0 1 0 0 0 1 3004.dat
1 0 0 -48 50 1 0 0 0 1 0 0 0 1 3004.dat
1 0 50 -40 30 0 0 -1 0 1 0 1 0 0 3622.dat
1 0 -50 -40 30 0 0 1 0 1 0 -1 0 0 3622.dat
1 7 20 -32 -60 0 0 -1 0 1 0 1 0 0 3068b.dat
1 7 -20 -32 -60 0 0 1 0 1 0 -1 0 0 3068b.dat
1 0 0 -32 -20 -1 0 0 0 1 0 0 0 -1 3020.dat
1 0 20 -32 -130 0 0 1 0 1 0 -1 0 0 3021.dat
1 0 -20 -32 -130 0 0 -1 0 1 0 1 0 0 3021.dat
1 0 0 -32 -180 1 0 0 0 1 0 0 0 1 3832.dat
1 7 60 -32 -210 1 0 0 0 1 0 0 0 1 3666.dat
1 7 -60 -32 -210 1 0 0 0 1 0 0 0 1 3666.dat
1 7 0 -32 -90 1 0 0 0 1 0 0 0 1 4442.dat
1 0 0 -40 -200 1 0 0 0 1 0 0 0 1 3832.dat
1 7 90 -40 -170 1 0 0 0 1 0 0 0 1 3623.dat
1 7 -90 -40 -170 1 0 0 0 1 0 0 0 1 3623.dat
1 0 0 -40 -100 1 0 0 0 1 0 0 0 1 3020.dat
1 0 30 -48 -100 0 0 1 0 1 0 -1 0 0 3023.dat
1 0 -30 -48 -100 0 0 -1 0 1 0 1 0 0 3023.dat
1 0 0 -40 -30 -1 0 0 0 1 0 0 0 -1 3023.dat
1 0 0 -48 -30 -1 0 0 0 1 0 0 0 -1 3023.dat
1 0 30 -40 60 0 0 -1 0 1 0 1 0 0 4477.dat
1 0 -30 -40 60 0 0 1 0 1 0 -1 0 0 4477.dat
1 0 30 -32 140 0 0 -1 0 1 0 1 0 0 3023.dat
1 0 -30 -32 140 0 0 1 0 1 0 -1 0 0 3023.dat
1 0 30 -32 250 0 0 -1 0 1 0 1 0 0 3623.dat
1 0 -30 -32 250 0 0 1 0 1 0 -1 0 0 3623.dat
1 0 30 -40 280 0 0 -1 0 1 0 1 0 0 3666.dat
1 0 -30 -40 280 0 0 1 0 1 0 -1 0 0 3666.dat
1 7 50 -48 10 0 0 -1 0 1 0 1 0 0 4073.dat
1 7 -50 -48 10 0 0 1 0 1 0 -1 0 0 4073.dat
1 0 30 -64 200 0 0 -1 0 1 0 1 0 0 3895.dat
1 0 -30 -64 200 0 0 1 0 1 0 -1 0 0 3895.dat
1 0 30 -24 200 0 0 -1 0 1 0 1 0 0 3702.dat
1 0 -30 -24 200 0 0 1 0 1 0 -1 0 0 3702.dat
1 0 20 -54 140 1 0 0 0 0 1 0 -1 0 2780.dat
1 0 -20 -54 140 1 0 0 0 0 1 0 -1 0 2780.dat
1 0 20 -54 260 1 0 0 0 0 1 0 -1 0 2780.dat
1 0 -20 -54 260 1 0 0 0 0 1 0 -1 0 2780.dat
1 0 10 -34 270 0 0 -1 1 0 0 0 -1 0 3701.dat
1 0 -10 -34 270 0 0 1 -1 0 0 0 -1 0 3701.dat
1 0 10 -34 130 0 0 1 1 0 0 0 1 0 3701.dat
1 0 -10 -34 130 0 0 -1 -1 0 0 0 1 0 3701.dat
1 0 0 -34 122 0 0 1 1 0 0 0 1 0 3020.dat
1 0 0 -34 278 0 0 -1 1 0 0 0 -1 0 3020.dat
1 0 30 0 250 0 0 1 0 1 0 -1 0 0 3623.dat
1 0 -30 0 250 0 0 -1 0 1 0 1 0 0 3623.dat
1 0 80 -48 -170 -1 0 0 0 1 0 0 0 -1 3023.dat
1 0 -80 -48 -170 -1 0 0 0 1 0 0 0 -1 3023.dat
1 46 90 -48 -210 -1 0 0 0 1 0 0 0 -1 3024.dat
1 46 -90 -48 -210 -1 0 0 0 1 0 0 0 -1 3024.dat
1 46 70 -48 -210 -1 0 0 0 1 0 0 0 -1 3024.dat
1 46 -70 -48 -210 -1 0 0 0 1 0 0 0 -1 3024.dat
1 0 0 -56 -170 -1 0 0 0 1 0 0 0 -1 3009.dat
1 0 0 -64 -210 -1 0 0 0 1 0 0 0 -1 3009.dat
1 0 30 -72 -100 0 0 -1 0 1 0 1 0 0 3004.dat
1 0 -30 -72 -100 0 0 1 0 1 0 -1 0 0 3004.dat
1 0 80 -64 -190 1 0 0 0 1 0 0 0 1 3004.dat
1 0 -80 -64 -190 1 0 0 0 1 0 0 0 1 3004.dat
1 0 30 -56 -140 0 0 -1 0 1 0 1 0 0 3660.dat
1 0 -30 -56 -140 0 0 1 0 1 0 -1 0 0 3660.dat
1 0 80 -72 -170 -1 0 0 0 1 0 0 0 -1 3660.dat
1 0 -80 -72 -170 -1 0 0 0 1 0 0 0 -1 3660.dat
1 0 30 -64 20 0 0 1 0 1 0 -1 0 0 3894.dat
1 0 -30 -64 20 0 0 -1 0 1 0 1 0 0 3894.dat
1 0 0 -72 -30 -1 0 0 0 1 0 0 0 -1 3700.dat
1 0 0 -72 50 -1 0 0 0 1 0 0 0 -1 3700.dat
1 7 40 -54 -20 1 0 0 0 1 0 0 0 1 4274.dat
1 7 -40 -54 -20 -1 0 0 0 1 0 0 0 -1 4274.dat
1 7 14.3349 -41.9921 -52.6567 1 0 0 0 1 0 0 0 1 4442.dat
1 7 14.3349 -49.9921 -52.6567 1 0 0 0 1 0 0 0 1 3743.dat
1 0 0 -62 -10 0 0 -1 0 1 0 1 0 0 3707.dat
1 7 0 -62 -50 1 0 0 0 1 0 0 0 1 3647.dat
1 7 0 -62 64 -1 0 0 0 1 0 0 0 -1 4143.dat
1 0 0 -14 260 1 0 0 0 0 1 0 -1 0 3708.dat
1 0 0 -14 140 1 0 0 0 0 1 0 -1 0 3708.dat
1 7 44 -14 140 0 0 1 -1 0 0 0 -1 0 4143.dat
1 7 -44 -14 140 0 0 -1 1 0 0 0 -1 0 4143.dat
1 7 44 -14 260 0 0 1 -1 0 0 0 -1 0 4143.dat
1 7 -44 -14 260 0 0 -1 1 0 0 0 -1 0 4143.dat
1 7 0 -62 30 1 0 0 0 -1 0 0 0 -1 3713.dat
1 7 50 -72 10 1 0 0 0 1 0 0 0 1 3062b.dat
1 7 -50 -72 10 1 0 0 0 1 0 0 0 1 3062b.dat
1 0 48 -34 -20 0 -1 0 1 0 0 0 0 1 3623.dat
1 0 -48 -34 -20 0 1 0 -1 0 0 0 0 1 3623.dat
1 0 0 -64 -160 1 0 0 0 1 0 0 0 1 3032.dat
1 7 70 -40 20 0 0 -1 0 1 0 1 0 0 3066.dat
1 7 -70 -40 20 0 0 1 0 1 0 -1 0 0 3066.dat
1 0 80 -64 -10 -1 0 0 0 1 0 0 0 -1 3004.dat
1 0 -80 -64 -10 -1 0 0 0 1 0 0 0 -1 3004.dat
1 47 80 -72 -210 -1 0 0 0 1 0 0 0 -1 3065.dat
1 47 -80 -72 -210 -1 0 0 0 1 0 0 0 -1 3065.dat
1 7 90 -40 0 0 0 -1 0 1 0 1 0 0 3039.dat
1 7 -90 -40 0 0 0 1 0 1 0 -1 0 0 3039.dat
1 7 90 -40 40 0 0 -1 0 1 0 1 0 0 3039.dat
1 7 -90 -40 40 0 0 1 0 1 0 -1 0 0 3039.dat
1 0 30 -88 230 -1 0 0 0 1 0 0 0 -1 4286.dat
1 0 -30 -88 230 -1 0 0 0 1 0 0 0 -1 4286.dat
1 0 30 -88 170 1 0 0 0 1 0 0 0 1 4286.dat
1 0 -30 -88 170 1 0 0 0 1 0 0 0 1 4286.dat
1 0 0 -72 200 1 0 0 0 1 0 0 0 1 3034.dat
1 0 0 -72 -190 1 0 0 0 1 0 0 0 1 3460.dat
1 0 0 -72 -130 1 0 0 0 1 0 0 0 1 3666.dat
1 0 30 -72 60 0 0 1 0 1 0 -1 0 0 3666.dat
1 0 -30 -72 60 0 0 -1 0 1 0 1 0 0 3666.dat
1 0 30 -80 200 0 0 -1 0 1 0 1 0 0 3023.dat
1 0 -30 -80 200 0 0 1 0 1 0 -1 0 0 3023.dat
1 0 90 -72 -190 0 0 -1 0 1 0 1 0 0 4081a.dat
1 0 -90 -72 -190 0 0 1 0 1 0 -1 0 0 4081a.dat
1 7 80 -16 -10 -1 0 0 0 1 0 0 0 -1 3023.dat
1 7 -80 -16 -10 -1 0 0 0 1 0 0 0 -1 3023.dat
1 7 110 -16 20 0 0 1 0 1 0 -1 0 0 3710.dat
1 7 -110 -16 20 0 0 -1 0 1 0 1 0 0 3710.dat
1 7 50 -80 10 0 0 1 0 1 0 -1 0 0 4073.dat
1 7 -50 -80 10 0 0 -1 0 1 0 1 0 0 4073.dat
1 7 40 -72 -210 1 0 0 0 1 0 0 0 1 4175.dat
1 7 -40 -72 -210 1 0 0 0 1 0 0 0 1 4175.dat
1 7 0 -72 -210 1 0 0 0 1 0 0 0 1 4175.dat
1 7 50 -58 30 1 0 0 0 1 0 0 0 1 752.dat
1 7 -50 -58 30 1 0 0 0 1 0 0 0 1 752.dat
1 0 0 -80 -130 1 0 0 0 1 0 0 0 1 3666.dat
1 0 0 -80 -90 1 0 0 0 1 0 0 0 1 3666.dat
1 0 0 -80 -200 1 0 0 0 1 0 0 0 1 3795.dat
1 0 60 -72 -20 1 0 0 0 1 0 0 0 1 3020.dat
1 0 -60 -72 -20 1 0 0 0 1 0 0 0 1 3020.dat
1 7 60 -48 50 1 0 0 0 1 0 0 0 1 3023.dat
1 7 -60 -48 50 1 0 0 0 1 0 0 0 1 3023.dat
1 46 110 -70 -180 1 0 0 0 0 1 0 -1 0 4073.dat
1 46 -110 -70 -180 1 0 0 0 0 1 0 -1 0 4073.dat
1 46 110 -70 -200 1 0 0 0 0 -1 0 1 0 4073.dat
1 46 -110 -70 -200 1 0 0 0 0 -1 0 1 0 4073.dat
1 7 50 -72 50 1 0 0 0 1 0 0 0 1 3062b.dat
1 7 -50 -72 50 1 0 0 0 1 0 0 0 1 3062b.dat
1 7 20 -88 -160 1 0 0 0 1 0 0 0 1 3001.dat
1 7 -70 -104 -170 1 0 0 0 1 0 0 0 1 3005.dat
1 0 80 -80 200 0 0 -1 0 1 0 1 0 0 3832.dat
1 0 -80 -80 200 0 0 1 0 1 0 -1 0 0 3832.dat
1 0 80 -80 -120 0 0 -1 0 1 0 1 0 0 3832.dat
1 0 -80 -80 -120 0 0 1 0 1 0 -1 0 0 3832.dat
1 0 0 -80 0 0 0 -1 0 1 0 1 0 0 3031.dat
1 0 70 -88 150 0 0 -1 0 1 0 1 0 0 3623.dat
1 0 -70 -88 150 0 0 1 0 1 0 -1 0 0 3623.dat
1 0 70 -88 250 0 0 -1 0 1 0 1 0 0 3623.dat
1 0 -70 -88 250 0 0 1 0 1 0 -1 0 0 3623.dat
1 0 30 -80 110 -1 0 0 0 1 0 0 0 -1 2420.dat
1 0 -30 -80 110 0 0 1 0 1 0 -1 0 0 2420.dat
1 0 50 -80 -10 0 0 1 0 1 0 -1 0 0 2420.dat
1 0 -50 -80 -10 -1 0 0 0 1 0 0 0 -1 2420.dat
1 0 90 -80 -10 0 0 -1 0 1 0 1 0 0 4085a.dat
1 0 -90 -80 -10 0 0 1 0 1 0 -1 0 0 4085a.dat
1 7 30 -80 70 0 0 -1 0 1 0 1 0 0 4081a.dat
1 7 -30 -80 70 0 0 1 0 1 0 -1 0 0 4081a.dat
1 7 0 -80 50 1 0 0 0 1 0 0 0 1 3666.dat
1 7 50 -78 96 1 0 0 0 0 1 0 -1 0 4599.dat
1 7 -50 -78 96 1 0 0 0 0 1 0 -1 0 4599.dat
1 7 100 -88 -50 1 0 0 0 1 0 0 0 1 3023.dat
1 7 -100 -88 -50 1 0 0 0 1 0 0 0 1 3023.dat
1 7 50 -88 0 0 0 1 0 1 0 -1 0 0 3023.dat
1 7 -50 -88 0 0 0 -1 0 1 0 1 0 0 3023.dat
1 7 100 -88 -110 0 0 1 0 1 0 -1 0 0 3021.dat
1 7 -100 -88 -110 0 0 -1 0 1 0 1 0 0 3021.dat
1 7 0 -88 -80 0 0 1 0 1 0 -1 0 0 3958.dat
1 0 90 -88 -70 0 0 -1 0 1 0 1 0 0 3024.dat
1 0 -90 -88 -70 0 0 1 0 1 0 -1 0 0 3024.dat
1 0 90 -88 -20 0 0 -1 0 1 0 1 0 0 3023.dat
1 0 -90 -88 -20 0 0 1 0 1 0 -1 0 0 3023.dat
1 0 30 -88 40 0 0 -1 0 1 0 1 0 0 3666.dat
1 0 -30 -88 40 0 0 1 0 1 0 -1 0 0 3666.dat
1 0 0 -88 10 0 0 -1 0 1 0 1 0 0 3021.dat
1 0 50 -88 200 1 0 0 0 1 0 0 0 1 3021.dat
1 0 -50 -88 200 1 0 0 0 1 0 0 0 1 3021.dat
1 0 0 -76 80 0 0 -1 -1 0 0 0 1 0 3706.dat
1 7 0 -77 80 -1 0 0 0 0 -1 0 -1 0 4143.dat
1 0 0 -104 -190 -1 0 0 0 1 0 0 0 -1 3009.dat
1 0 0 -88 -210 -1 0 0 0 1 0 0 0 -1 3666.dat
1 0 90 -96 -80 0 0 -1 0 1 0 1 0 0 3666.dat
1 0 -90 -96 -80 0 0 1 0 1 0 -1 0 0 3666.dat
1 0 0 -96 -10 1 0 0 0 1 0 0 0 1 3666.dat
1 7 0 -96 -120 0 0 1 0 1 0 -1 0 0 3795.dat
1 7 40 -96 -80 0 0 1 0 1 0 -1 0 0 3022.dat
1 7 -40 -96 -80 0 0 -1 0 1 0 1 0 0 3022.dat
1 7 40 -96 -150 1 0 0 0 1 0 0 0 1 3023.dat
1 0 90 -96 -10 -1 0 0 0 1 0 0 0 -1 4081a.dat
1 0 0 -88 80 0 0 -1 0 1 0 1 0 0 3709b.dat
1 7 0 -97 80 0 1 0 0 0 -1 -1 0 0 4265a.dat
0 Assembly 1
1 0 0 -112 200 0 0 1 0 1 0 -1 0 0 3403.dat
0 Assembly 1
1 0 0 -112 200 0 0 1 0 1 0 -1 0 0 3404.dat
1 7 110 -84 -10 1 0 0 0 0 1 0 -1 0 3959.dat
1 7 -110 -84 -10 1 0 0 0 0 1 0 -1 0 3959.dat
1 0 70 -104 -190 1 0 0 0 1 0 0 0 1 3063.dat
1 0 -70 -104 -190 0 0 1 0 1 0 -1 0 0 3063.dat
1 0 0 -112 -210 1 0 0 0 1 0 0 0 1 3009.dat
1 0 0 -104 -10 1 0 0 0 1 0 0 0 1 3666.dat
1 0 -90 -96 -10 -1 0 0 0 1 0 0 0 -1 4081a.dat
1 0 90 -104 -30 0 0 -1 0 1 0 1 0 0 3623.dat
1 0 -90 -104 -30 0 0 1 0 1 0 -1 0 0 3623.dat
1 7 0 -104 -140 0 0 -1 0 1 0 1 0 0 3020.dat
1 7 0 -104 -80 -1 0 0 0 1 0 0 0 -1 3034.dat
1 7 100 -94 10 0 -1 0 -1 0 0 0 0 -1 4073.dat
1 7 -100 -94 10 0 1 0 1 0 0 0 0 -1 4073.dat
1 7 70 -104 -10 -1 0 0 0 1 0 0 0 -1 4287.dat
1 7 -70 -104 -10 -1 0 0 0 1 0 0 0 -1 4287.dat
1 7 0 -107 80 0 -1 0 0 0 1 -1 0 0 4185.dat
1 7 20 -111 80 0 -1 0 1 0 0 0 0 1 4274.dat
1 7 -20 -111 80 0 1 0 1 0 0 0 0 -1 4274.dat
1 7 0 -121 80 0 -1 0 0 0 -1 1 0 0 2695.dat
1 256 0 -121 80 0 -1 0 0 0 -1 1 0 0 2696.dat
1 0 0 -128 -10 1 0 0 0 1 0 0 0 1 3004.dat
1 0 60 -128 -10 1 0 0 0 1 0 0 0 1 3010.dat
1 0 -60 -128 -10 1 0 0 0 1 0 0 0 1 3010.dat
1 4 90 -128 -40 0 0 -1 0 1 0 1 0 0 3004.dat
1 4 -90 -128 -40 0 0 1 0 1 0 -1 0 0 3004.dat
1 0 10 -112 -110 -1 0 0 0 1 0 0 0 -1 4592.dat
1 0 -10 -112 -110 -1 0 0 0 1 0 0 0 -1 4592.dat
1 7 10 -112 -110 1 0 0 0 0.923879 0.382683 0 -0.382683 0.923879 4593.dat
1 7 -10 -112 -110 1 0 0 0 0.923879 0.382683 0 -0.382683 0.923879 4593.dat
1 7 40 -120 -210 1 0 0 0 1 0 0 0 1 4175.dat
1 7 -40 -120 -210 1 0 0 0 1 0 0 0 1 4175.dat
1 7 0 -120 -210 1 0 0 0 1 0 0 0 1 4175.dat
1 4 50 -112 -80 0 0 1 0 1 0 -1 0 0 3023.dat
1 4 -50 -112 -80 0 0 -1 0 1 0 1 0 0 3023.dat
1 0 10 -112 -160 0 0 1 0 1 0 -1 0 0 3023.dat
1 0 -40 -112 -160 -1 0 0 0 1 0 0 0 -1 3020.dat
1 0 40 -120 -150 1 0 0 0 1 0 0 0 1 3937.dat
1 0 40 -120 -150 1 0 0 0 1 0 0 0 1 3938.dat
1 0 40 -144 -150 1 0 0 0 1 0 0 0 1 3700.dat
1 7 40 -134 -140 0 0 -1 0 1 0 1 0 0 3749.dat
1 7 40 -134 -135 1 0 0 0 1 0 0 0 1 4265a.dat
1 7 40 -134 -125 1 0 0 0 1 0 0 0 1 4185.dat
1 4 70 -128 -190 1 0 0 0 1 0 0 0 1 3063.dat
1 4 -70 -128 -190 0 0 1 0 1 0 -1 0 0 3063.dat
1 4 0 -128 -210 1 0 0 0 1 0 0 0 1 3666.dat
1 4 90 -136 -40 0 0 1 0 1 0 -1 0 0 3023.dat
1 4 -90 -136 -40 0 0 1 0 1 0 -1 0 0 3023.dat
1 0 0 -128 -190 -1 0 0 0 1 0 0 0 -1 3009.dat
1 0 -50 -136 -170 -1 0 0 0 1 0 0 0 -1 3622.dat
1 0 -70 -152 -10 -1 0 0 0 1 0 0 0 -1 3622.dat
1 0 70 -152 -10 -1 0 0 0 1 0 0 0 -1 3622.dat
1 0 0 -152 -10 -1 0 0 0 1 0 0 0 -1 3010.dat
1 0 0 -136 -170 -1 0 0 0 1 0 0 0 -1 3039pc4.dat
1 43 90 -128 -160 0 0 1 0 1 0 -1 0 0 6268b.dat
1 43 -90 -128 -160 0 0 -1 0 1 0 1 0 0 6268b.dat
1 0 60 -160 -10 1 0 0 0 1 0 0 0 1 3710.dat
1 0 -60 -160 -10 1 0 0 0 1 0 0 0 1 3710.dat
1 0 90 -136 -160 0 0 -1 0 1 0 1 0 0 4623.dat
1 0 -90 -136 -160 0 0 1 0 1 0 -1 0 0 4623.dat
1 0 0 -136 -190 1 0 0 0 1 0 0 0 1 4477.dat
1 0 0 -136 -210 1 0 0 0 1 0 0 0 1 3460.dat
1 4 90 -144 -30 1 0 0 0 1 0 0 0 1 3024.dat
1 4 -90 -144 -30 1 0 0 0 1 0 0 0 1 3024.dat
1 4 90 -144 -50 0 0 -1 0 1 0 1 0 0 4085a.dat
1 4 -90 -144 -50 0 0 1 0 1 0 -1 0 0 4085a.dat
1 7 10 -160 -10 -1 0 0 0 1 0 0 0 -1 4081a.dat
1 7 -10 -160 -10 -1 0 0 0 1 0 0 0 -1 4081a.dat
1 7 30 -158 10 0 -1 0 -1 0 0 0 0 -1 752.dat
1 7 -30 -158 10 0 1 0 1 0 0 0 0 -1 752.dat
1 0 -60 -144 -170 -1 0 0 0 1 0 0 0 -1 3023.dat
1 0 -10 -144 -170 -1 0 0 0 1 0 0 0 -1 3623.dat
1 43 40 -208 -10 -1 0 0 0 1 0 0 0 -1 6268b.dat
1 43 0 -208 -10 -1 0 0 0 1 0 0 0 -1 6268b.dat
1 43 -40 -208 -10 -1 0 0 0 1 0 0 0 -1 6268b.dat
1 7 80 -112 20 -1 0 0 0 1 0 0 0 -1 3022.dat
1 7 -80 -112 20 -1 0 0 0 1 0 0 0 -1 3022.dat
1 7 131.243 -146 -154.194 0 -0.382683 0.923879 1 0 0 0 0.923879 0.382683 4081a.dat
1 7 -131.243 -146 -154.194 0 0.382683 -0.923879 -1 0 0 0 0.923879 0.382683 4081a.dat
1 7 128.182 -146 -146.803 0 -0.382683 0.923879 1 0 0 0 0.923879 0.382683 4740.dat
1 7 -128.182 -146 -146.803 0 0.382683 -0.923879 -1 0 0 0 0.923879 0.382683 4740.dat
1 7 110 -96 -50 1 0 0 0 1 0 0 0 1 3957a.dat
1 7 -110 -96 -50 1 0 0 0 1 0 0 0 1 3957a.dat
1 4 70 -112 -80 0 0 -1 0 1 0 1 0 0 4275a.dat
1 4 -70 -112 -80 0 0 -1 0 1 0 1 0 0 4275a.dat
1 4 30 -112 -80 0 0 -1 0 1 0 1 0 0 4275a.dat
1 4 -30 -112 -80 0 0 -1 0 1 0 1 0 0 4275a.dat
1 4 30 -137.814 -44.7937 0 0 1 0.953717 0.300706 0 -0.300706 0.953717 0 4276b.dat
1 4 -30 -137.814 -44.7937 0 0 1 0.953717 0.300706 0 -0.300706 0.953717 0 4276b.dat
1 4 70 -137.814 -44.7937 0 0 1 0.953717 0.300706 0 -0.300706 0.953717 0 4276b.dat
1 4 -70 -137.814 -44.7937 0 0 1 0.953717 0.300706 0 -0.300706 0.953717 0 4276b.dat
1 4 50 -159.294 -46.4093 1 0 0 0 0.300706 -0.953717 0 0.953717 0.300706 3021.dat
1 4 -50 -159.294 -46.4093 1 0 0 0 0.300706 -0.953717 0 0.953717 0.300706 3021.dat
1 4 50 -120 -80 1 0 0 0 1 0 0 0 1 3021.dat
1 4 -50 -120 -80 1 0 0 0 1 0 0 0 1 3021.dat
1 4 50 -130.683 -55.4305 1 0 0 0 0.300706 -0.953717 0 0.953717 0.300706 3623.dat
1 4 -50 -130.683 -55.4305 1 0 0 0 0.300706 -0.953717 0 0.953717 0.300706 3623.dat
1 4 50 -166.426 -35.7725 1 0 0 0 0.300706 -0.953717 0 0.953717 0.300706 3623.dat
1 4 -50 -166.426 -35.7725 1 0 0 0 0.300706 -0.953717 0 0.953717 0.300706 3623.dat
1 0 80 -184 -10 1 0 0 0 1 0 0 0 1 3004.dat
1 0 -80 -184 -10 1 0 0 0 1 0 0 0 1 3004.dat
1 4 80 -208 -10 1 0 0 0 1 0 0 0 1 3004.dat
1 4 -80 -208 -10 1 0 0 0 1 0 0 0 1 3004.dat
1 7 80 -136 20 1 0 0 0 1 0 0 0 1 3941.dat
1 7 -80 -136 20 1 0 0 0 1 0 0 0 1 3941.dat
1 7 80 -160 20 1 0 0 0 1 0 0 0 1 3941.dat
1 7 -80 -160 20 1 0 0 0 1 0 0 0 1 3941.dat
1 7 80 -184 20 1 0 0 0 1 0 0 0 1 3941.dat
1 7 -80 -184 20 1 0 0 0 1 0 0 0 1 3941.dat
1 7 80 -208 20 1 0 0 0 1 0 0 0 1 3941.dat
1 7 -80 -208 20 1 0 0 0 1 0 0 0 1 3941.dat
1 7 90 -216 20 0 0 -1 0 1 0 1 0 0 3023.dat
1 7 -90 -216 20 0 0 1 0 1 0 -1 0 0 3023.dat
1 7 70 -216 10 0 0 -1 0 1 0 1 0 0 3623.dat
1 7 -70 -216 10 0 0 1 0 1 0 -1 0 0 3623.dat
1 4 90 -216 -10 0 0 -1 0 1 0 1 0 0 4081a.dat
1 4 -90 -216 -10 0 0 1 0 1 0 -1 0 0 4081a.dat
1 4 0 -216 -10 1 0 0 0 1 0 0 0 1 3666.dat
1 0 90 -216 -130 1 0 0 0 1 0 0 0 1 4181.dat
1 0 -90 -216 -130 1 0 0 0 1 0 0 0 1 4182.dat
1 43 90 -216 -130 1 0 0 0 1 0 0 0 1 4183.dat
1 43 -90 -216 -70 -1 0 0 0 1 0 0 0 -1 4183.dat
1 4 90 -216 -40 0 0 -1 0 1 0 1 0 0 4035.dat
1 4 -90 -216 -40 0 0 1 0 1 0 -1 0 0 4035.dat
1 43 90 -216 -40 0 0 -1 0 1 0 1 0 0 4036.dat
1 43 -90 -216 -40 0 0 1 0 1 0 -1 0 0 4036.dat
1 43 0 -208 -170 1 0 0 0 1 0 0 0 1 2694.dat
1 7 105.476 -14 -103.618 -0.358368 0 0.933581 0 1 0 -0.933581 0 -0.358368 2695.dat
1 7 -105.476 -14 -76.3818 0.358368 0 -0.933581 0 1 0 0.933581 0 0.358368 2695.dat
1 7 55 -14 140 0 0 -1 0 1 0 1 0 0 2695.dat
1 7 -55 -14 140 0 0 1 0 1 0 -1 0 0 2695.dat
1 7 55 -14 260 0 0 -1 0 1 0 1 0 0 2695.dat
1 7 -55 -14 260 0 0 1 0 1 0 -1 0 0 2695.dat
1 7 73 -14 260 0 0 1 0 1 0 -1 0 0 3713.dat
1 7 -73 -14 260 0 0 -1 0 1 0 1 0 0 3713.dat
1 7 73 -14 140 0 0 1 0 1 0 -1 0 0 3713.dat
1 7 -73 -14 140 0 0 -1 0 1 0 1 0 0 3713.dat
1 7 117.613 -14 -108.277 -0.358368 0 0.933581 0 1 0 -0.933581 0 -0.358368 4265a.dat
1 7 -117.613 -14 -71.723 0.358368 0 -0.933581 0 1 0 0.933581 0 0.358368 4265a.dat
1 256 105.476 -14 -103.618 -0.358368 0 0.933581 0 1 0 -0.933581 0 -0.358368 2696.dat
1 256 -105.476 -14 -76.3818 0.358368 0 -0.933581 0 1 0 0.933581 0 0.358368 2696.dat
1 256 55 -14 140 0 0 -1 0 1 0 1 0 0 2696.dat
1 256 -55 -14 140 0 0 1 0 1 0 -1 0 0 2696.dat
1 256 55 -14 260 0 0 -1 0 1 0 1 0 0 2696.dat
1 256 -55 -14 260 0 0 1 0 1 0 -1 0 0 2696.dat
1 0 30 8 280 0 0 -1 0 1 0 1 0 0 3666.dat
1 0 -30 8 280 0 0 1 0 1 0 -1 0 0 3666.dat
1 7 0 0 330 1 0 0 0 1 0 0 0 1 4477.dat
1 7 0 -32 330 1 0 0 0 1 0 0 0 1 4477.dat
1 0 0 -216 -150 1 0 0 0 1 0 0 0 1 4477.dat
1 0 0 -216 -180 1 0 0 0 1 0 0 0 1 3832.dat
1 46 110 -214 -20 1 0 0 0 0 -1 0 1 0 4073.dat
1 46 -110 -214 -20 1 0 0 0 0 -1 0 1 0 4073.dat
1 46 110 -214 0 1 0 0 0 0 1 0 -1 0 4073.dat
1 46 -110 -214 0 1 0 0 0 0 1 0 -1 0 4073.dat
1 7 80 -240 20 1 0 0 0 1 0 0 0 1 3941.dat
1 7 -80 -240 20 1 0 0 0 1 0 0 0 1 3941.dat
1 7 70 -8 20 0 0 -1 0 1 0 1 0 0 3010.dat
1 7 -70 -8 20 0 0 1 0 1 0 -1 0 0 3010.dat
1 7 0 -24 330 1 0 0 0 1 0 0 0 1 3010.dat
1 7 50 -24 330 -1 0 0 0 1 0 0 0 -1 4070.dat
1 7 -50 -24 330 -1 0 0 0 1 0 0 0 -1 4070.dat
1 7 70 -24 330 -1 0 0 0 1 0 0 0 -1 4070.dat
1 7 -70 -24 330 -1 0 0 0 1 0 0 0 -1 4070.dat
1 7 90 -24 330 -1 0 0 0 1 0 0 0 -1 4070.dat
1 7 -90 -24 330 -1 0 0 0 1 0 0 0 -1 4070.dat
1 36 90 -14 344 -1 0 0 0 0 -1 0 -1 0 4073.dat
1 36 -90 -14 344 -1 0 0 0 0 -1 0 -1 0 4073.dat
1 36 70 -14 344 -1 0 0 0 0 -1 0 -1 0 4073.dat
1 36 -70 -14 344 -1 0 0 0 0 -1 0 -1 0 4073.dat
1 47 50 -14 344 -1 0 0 0 0 -1 0 -1 0 4073.dat
1 47 -50 -14 344 -1 0 0 0 0 -1 0 -1 0 4073.dat
1 7 90 -8 0 0 0 -1 0 1 0 1 0 0 3660.dat
1 7 -90 -8 0 0 0 1 0 1 0 -1 0 0 3660.dat
1 7 90 -8 40 0 0 -1 0 1 0 1 0 0 3660.dat
1 7 -90 -8 40 0 0 1 0 1 0 -1 0 0 3660.dat
1 0 80 -235 20 0 0 -1 1 0 0 0 -1 0 3704.dat
1 0 -80 -235 20 0 0 1 -1 0 0 0 -1 0 3704.dat
1 0 0 -224 -100 0 0 -1 0 1 0 1 0 0 3832.dat
1 0 60 -224 -80 0 0 -1 0 1 0 1 0 0 3035.dat
1 0 -60 -224 -80 0 0 1 0 1 0 -1 0 0 3035.dat
1 0 80 -232 -40 0 0 -1 0 1 0 1 0 0 3020.dat
1 0 -80 -232 -40 0 0 1 0 1 0 -1 0 0 3020.dat
1 0 0 -232 -60 -1 0 0 0 1 0 0 0 -1 3795.dat
1 0 0 -232 -130 1 0 0 0 1 0 0 0 1 2419.dat
1 0 0 -232 -90 1 0 0 0 1 0 0 0 1 4477.dat
1 0 20 -232 -30 1 0 0 0 1 0 0 0 1 3794b.dat
1 0 -20 -232 -30 1 0 0 0 1 0 0 0 1 3794b.dat
1 0 20 -232 -10 1 0 0 0 1 0 0 0 1 3794b.dat
1 0 -20 -232 -10 1 0 0 0 1 0 0 0 1 3794b.dat
1 0 50 -232 -20 0 0 -1 0 1 0 1 0 0 3794b.dat
1 0 -50 -232 -20 0 0 1 0 1 0 -1 0 0 3794b.dat
1 0 20 -240 -20 0 0 -1 0 1 0 1 0 0 3023.dat
1 0 -20 -240 -20 0 0 1 0 1 0 -1 0 0 3023.dat
1 7 10 -232 -170 0 0 -1 0 1 0 1 0 0 4081a.dat
1 7 -10 -232 -170 0 0 1 0 1 0 -1 0 0 4081a.dat
1 47 30 -230 -180 0 0 -1 -1 0 0 0 1 0 4073.dat
1 47 -30 -230 -180 0 0 1 1 0 0 0 1 0 4073.dat
1 0 70 -256 -70 1 0 0 0 1 0 0 0 1 3040a.dat
1 0 -70 -256 -70 1 0 0 0 1 0 0 0 1 3040a.dat
1 0 70 -256 -50 0 0 -1 0 1 0 1 0 0 4070.dat
1 0 -70 -256 -50 0 0 1 0 1 0 -1 0 0 4070.dat
1 0 -20 -264 -20 0 0 -1 0 1 0 1 0 0 3004.dat
1 7 89.9533 -246 -50 0 -1 0 1 0 0 0 0 1 4349.dat
1 7 -89.9533 -246 -50 0 1 0 -1 0 0 0 0 1 4349.dat
1 0 20 -264 -20 0 0 1 0 1 0 -1 0 0 3700.dat
1 0 0 -251.244 -10.3874 0 0 -1 0.961262 -0.275638 0 -0.275638 -0.961262 0 2458.dat
1 0 20 -272 -20 0 0 1 0 1 0 -1 0 0 3069a.dat
1 0 -20 -272 -20 0 0 1 0 1 0 -1 0 0 3069a.dat
1 0 0 -257.859 -33.4577 0 0 -1 0.961262 -0.275638 0 -0.275638 -0.961262 0 3938.dat
1 7 80 -264 20 0 0 1 0 1 0 -1 0 0 3062b.dat
1 7 -80 -264 20 0 0 1 0 1 0 -1 0 0 3062b.dat
1 7 -80 -288 20 0 0 1 0 1 0 -1 0 0 3062b.dat
1 7 80 -288 20 0 0 1 0 1 0 -1 0 0 3062b.dat
1 0 80 -312 20 -1 0 0 0 1 0 0 0 -1 3665.dat
1 0 -80 -312 20 -1 0 0 0 1 0 0 0 -1 3665.dat
1 7 50 -240 -20 -1 0 0 0 1 0 0 0 -1 3957a.dat
1 7 -50 -240 -20 -1 0 0 0 1 0 0 0 -1 3957a.dat
1 0 0 -263.372 -52.6829 -1 0 0 0 0.275638 0.961262 0 0.961262 -0.275638 2440.dat
1 7 50 -144 -210 0 0 1 0 1 0 -1 0 0 4592.dat
1 7 -30 -144 -210 0 0 1 0 1 0 -1 0 0 4592.dat
1 7 -30 -144 -210 0 1 0 0 0 -1 -1 0 0 4593.dat
1 7 50 -144 -210 0 1 0 0 0 -1 -1 0 0 4593.dat
1 7 90 -14 140 0 0 -1 0 1 0 1 0 0 2695.dat
1 256 90 -14 140 0 0 -1 0 1 0 1 0 0 2696.dat
1 7 108 -14 140 0 0 1 0 1 0 -1 0 0 3713.dat
1 7 90 -14 260 0 0 -1 0 1 0 1 0 0 2695.dat
1 256 90 -14 260 0 0 -1 0 1 0 1 0 0 2696.dat
1 7 108 -14 260 0 0 1 0 1 0 -1 0 0 3713.dat
1 7 -90 -14 260 0 0 1 0 1 0 -1 0 0 2695.dat
1 256 -90 -14 260 0 0 1 0 1 0 -1 0 0 2696.dat
1 7 -108 -14 260 0 0 -1 0 1 0 1 0 0 3713.dat
1 7 -90 -14 140 0 0 1 0 1 0 -1 0 0 2695.dat
1 256 -90 -14 140 0 0 1 0 1 0 -1 0 0 2696.dat
1 7 -108 -14 140 0 0 -1 0 1 0 1 0 0 3713.dat
0 WORLD  507.6962 283.6446 -400.5417 0.756806 0.06359762 -0.6505495 -0.5127763 0.6749743 -0.5305421 0.4053645 0.7350953 0.5434296
0 CENTRE  0 0 0
0 LOOKAT  480 296 0
0 ZOOM  68
0 ROTANGLE 0
0 SYNTH BEGIN HOSE_FLEXIBLE_8.5L 7
0 SYNTH SHOW
0 MLCAD HIDE 1 2 50 -58 30 1 0 0 0 1 0 0 0 1 LS100.dat
0 MLCAD HIDE 1 2 56 -129.178 13.079 0.996195 0.0868241 -0.00759612 -0.0871557 0.992404 -0.0868241 0 0.0871557 0.996195 LS100.dat
0 MLCAD HIDE 1 2 35 -158 10 0 1 0 -1 0 0 0 0 1 LS100.dat
0 SYNTH SYNTHESIZED BEGIN
1 7 50 -58 30 0.9999 0.0129 0.0001 0.0129 -0.9997 -0.0216 0.0001 -0.0216 0.9998 755.dat
1 7 50.1524 -64.9588 29.7433 0.9994 0.0338 -0.0039 0.0335 -0.9978 -0.0572 0.0058 -0.057 0.9984 756.dat
1 7 50.2774 -67.2497 29.5302 0.9988 0.0495 -0.0056 0.0489 -0.9952 -0.0847 0.0098 -0.0843 0.9964 756.dat
1 7 50.4402 -69.5549 29.2502 0.9978 0.0654 -0.0068 0.0642 -0.9915 -0.1129 0.0142 -0.1122 0.9936 756.dat
1 7 50.6381 -71.8326 28.9065 0.9967 0.081 -0.0076 0.0791 -0.9868 -0.1414 0.0189 -0.1403 0.9899 756.dat
1 7 50.8707 -74.0959 28.4981 0.9953 0.0961 -0.0079 0.0934 -0.981 -0.1699 0.0241 -0.1684 0.9854 756.dat
1 7 51.1359 -76.341 28.0266 0.9938 0.1105 -0.0078 0.1068 -0.9744 -0.198 0.0294 -0.1959 0.9802 756.dat
1 7 51.4329 -78.5827 27.4915 0.9923 0.1239 -0.0074 0.1191 -0.967 -0.2252 0.035 -0.2226 0.9743 756.dat
1 7 51.7563 -80.8018 26.9 0.9907 0.1359 -0.0068 0.1299 -0.9593 -0.2509 0.0406 -0.2477 0.968 756.dat
1 7 52.1018 -82.9982 26.2574 0.9892 0.1463 -0.0061 0.139 -0.9515 -0.2746 0.046 -0.2708 0.9615 756.dat
1 7 52.4648 -85.1731 25.5695 0.988 0.1547 -0.0056 0.1461 -0.9439 -0.2961 0.0511 -0.2917 0.9552 756.dat
1 7 52.843 -87.3456 24.8374 0.9869 0.161 -0.0054 0.1511 -0.9371 -0.3147 0.0557 -0.3098 0.9492 756.dat
1 7 53.2282 -89.502 24.0736 0.9863 0.1649 -0.0056 0.1538 -0.9313 -0.3302 0.0596 -0.3249 0.9439 756.dat
1 7 53.6149 -91.6464 23.2857 0.986 0.1664 -0.0063 0.1542 -0.9268 -0.3424 0.0628 -0.3366 0.9395 756.dat
1 7 53.9972 -93.7836 22.4814 0.9862 0.1655 -0.0076 0.1523 -0.9239 -0.3509 0.0651 -0.3449 0.9364 756.dat
1 7 54.3697 -95.9183 21.6689 0.9867 0.162 -0.0097 0.148 -0.9228 -0.3558 0.0665 -0.3497 0.9345 756.dat
1 7 54.7267 -98.0555 20.8562 0.9877 0.156 -0.0123 0.1414 -0.9233 -0.357 0.0671 -0.3509 0.934 756.dat
1 7 55.063 -100.2 20.0511 0.9889 0.1477 -0.0156 0.1327 -0.9256 -0.3545 0.0668 -0.3485 0.9349 756.dat
1 7 55.3734 -102.356 19.2615 0.9904 0.1371 -0.0195 0.1218 -0.9294 -0.3483 0.0658 -0.3426 0.9372 756.dat
1 7 55.6536 -104.527 18.4944 0.9919 0.1245 -0.0237 0.1092 -0.9345 -0.3387 0.0643 -0.3334 0.9406 756.dat
1 7 55.8969 -106.699 17.763 0.9935 0.11 -0.0281 0.0949 -0.9406 -0.3259 0.0623 -0.3211 0.945 756.dat
1 7 56.1043 -108.908 17.0615 0.9951 0.0938 -0.0327 0.0791 -0.9474 -0.31 0.0601 -0.3059 0.9502 756.dat
1 7 56.2689 -111.12 16.407 0.9964 0.0764 -0.0372 0.0623 -0.9545 -0.2916 0.0578 -0.2882 0.9558 756.dat
1 7 56.3908 -113.354 15.7983 0.9975 0.058 -0.0415 0.0446 -0.9615 -0.271 0.0556 -0.2685 0.9617 756.dat
1 7 56.467 -115.589 15.2443 0.9982 0.0389 -0.0455 0.0264 -0.9682 -0.2486 0.0537 -0.247 0.9675 756.dat
1 7 56.4989 -117.86 14.7384 0.9986 0.0194 -0.049 0.0079 -0.9744 -0.2248 0.0521 -0.2241 0.9732 756.dat
1 7 56.4852 -120.127 14.2915 0.9986 -0.0001 -0.0521 -0.0106 -0.9797 -0.2002 0.051 -0.2005 0.9784 756.dat
1 7 56.4271 -122.405 13.9003 0.9983 -0.0194 -0.0547 -0.0287 -0.9841 -0.1751 0.0505 -0.1764 0.983 756.dat
1 7 56.3255 -124.69 13.5656 0.9976 -0.0383 -0.0568 -0.0465 -0.9876 -0.1498 0.0504 -0.1521 0.9871 756.dat
1 7 56.1813 -126.994 13.2843 0.9967 -0.0567 -0.0585 -0.0636 -0.9902 -0.1247 0.0508 -0.128 0.9905 756.dat
1 7 55.9973 -129.295 13.0584 0.9955 -0.0742 -0.0597 -0.08 -0.9918 -0.1001 0.0518 -0.1044 0.9932 756.dat
1 7 55.7866 -131.584 12.8649 0.9943 -0.0874 -0.0612 -0.0923 -0.9922 -0.0834 0.0534 -0.0886 0.9946 756.dat
1 7 55.565 -133.884 12.6539 0.9935 -0.0937 -0.0642 -0.0989 -0.9915 -0.0846 0.0557 -0.0904 0.9943 756.dat
1 7 55.3168 -136.169 12.4375 0.9923 -0.1043 -0.0672 -0.11 -0.9902 -0.0863 0.0575 -0.093 0.994 756.dat
1 7 55.0247 -138.461 12.214 0.9902 -0.121 -0.0702 -0.1269 -0.988 -0.0875 0.0588 -0.0955 0.9937 756.dat
1 7 54.6724 -140.734 11.986 0.9867 -0.1452 -0.0731 -0.1514 -0.9845 -0.0881 0.0592 -0.098 0.9934 756.dat
1 7 54.2342 -142.998 11.7522 0.9809 -0.1792 -0.076 -0.1856 -0.9787 -0.0878 0.0586 -0.1002 0.9932 756.dat
1 7 53.6798 -145.236 11.5145 0.971 -0.2256 -0.0786 -0.2321 -0.9689 -0.0864 0.0567 -0.1021 0.9932 756.dat
1 7 52.9701 -147.432 11.2745 0.9543 -0.2879 -0.0807 -0.2943 -0.9521 -0.0833 0.0529 -0.1032 0.9933 756.dat
1 7 52.0601 -149.543 11.0369 0.9255 -0.3698 -0.0819 -0.3758 -0.9234 -0.0781 0.0468 -0.103 0.9936 756.dat
1 7 50.8926 -151.537 10.8059 0.8771 -0.4734 -0.0813 -0.4788 -0.8751 -0.0701 0.038 -0.1005 0.9942 756.dat
1 7 49.4314 -153.334 10.5918 0.8 -0.5949 -0.0779 -0.5994 -0.7982 -0.0595 0.0268 -0.0943 0.9952 756.dat
1 7 47.6766 -154.855 10.4056 0.69 -0.7204 -0.0706 -0.7237 -0.6886 -0.047 0.0148 -0.0835 0.9964 756.dat
1 7 45.6889 -156.038 10.2569 0.5552 -0.8296 -0.0598 -0.8317 -0.5541 -0.0347 0.0044 -0.069 0.9976 756.dat
1 7 43.5299 -156.902 10.1458 0.4149 -0.9087 -0.0469 -0.9099 -0.4142 -0.0242 -0.0026 -0.0528 0.9986 756.dat
1 7 41.2795 -157.482 10.0697 0.2878 -0.9571 -0.0341 -0.9577 -0.2874 -0.0164 -0.0059 -0.0374 0.9993 756.dat
1 7 38.9857 -157.831 10.023 0.1822 -0.983 -0.0225 -0.9832 -0.182 -0.0107 -0.0064 -0.0241 0.9997 756.dat
1 7 36.6819 -157.997 10.0005 0.0973 -0.9952 -0.0125 -0.9952 -0.0973 -0.0064 -0.0051 -0.0131 0.9999 756.dat
1 7 34.3559 -158.019 9.9974 0.0293 -0.9996 -0.0039 -0.9996 -0.0293 -0.003 -0.0028 -0.004 1 756.dat
1 7 30.0022 -158.146 9.98 0.0293 0.9996 -0.004 -0.9996 0.0293 -0.0001 0.0001 0.004 1 755.dat
0 SYNTH SYNTHESIZED END
0 SYNTH END
0 SYNTH BEGIN HOSE_FLEXIBLE_8.5L 7
0 SYNTH SHOW
0 MLCAD HIDE 1 5 -50 -58 30 1 0 0 0 1 0 0 0 1 LS100.dat
0 MLCAD HIDE 1 5 -56 -129 13 0.996195 -0.0868241 0.00759612 0.0871557 0.992404 -0.0868241 0 0.0871557 0.996195 LS100.dat
0 MLCAD HIDE 1 5 -35 -158 10 0 -1 0 1 0 0 0 0 1 LS100.dat
0 SYNTH SYNTHESIZED BEGIN
1 7 -50 -58 30 0.9999 -0.0129 -0.0001 -0.0129 -0.9997 -0.0217 -0.0001 -0.0217 0.9998 755.dat
1 7 -50.1523 -64.9507 29.7421 0.9994 -0.0338 0.0038 -0.0335 -0.9978 -0.0575 -0.0057 -0.0574 0.9983 756.dat
1 7 -50.2781 -67.2551 29.5265 0.9988 -0.0496 0.0054 -0.049 -0.9952 -0.0853 -0.0096 -0.0849 0.9963 756.dat
1 7 -50.4409 -69.5557 29.2449 0.9978 -0.0655 0.0065 -0.0643 -0.9914 -0.1137 -0.0139 -0.113 0.9935 756.dat
1 7 -50.6391 -71.8287 28.8987 0.9967 -0.0812 0.0071 -0.0793 -0.9866 -0.1425 -0.0186 -0.1415 0.9898 756.dat
1 7 -50.8736 -74.105 28.4846 0.9953 -0.0964 0.0073 -0.0938 -0.9807 -0.1713 -0.0237 -0.1699 0.9852 756.dat
1 7 -51.1393 -76.3449 28.0097 0.9938 -0.1109 0.0071 -0.1073 -0.974 -0.1997 -0.029 -0.1977 0.9798 756.dat
1 7 -51.4368 -78.581 27.4707 0.9922 -0.1244 0.0065 -0.1196 -0.9665 -0.2271 -0.0346 -0.2245 0.9738 756.dat
1 7 -51.7608 -80.7941 26.875 0.9906 -0.1364 0.0058 -0.1305 -0.9586 -0.253 -0.0401 -0.2499 0.9674 756.dat
1 7 -52.107 -82.9841 26.2275 0.9892 -0.1468 0.005 -0.1397 -0.9507 -0.277 -0.0455 -0.2733 0.9608 756.dat
1 7 -52.4733 -85.1692 25.5294 0.9879 -0.1552 0.0044 -0.1469 -0.943 -0.2987 -0.0505 -0.2944 0.9543 756.dat
1 7 -52.852 -87.3346 24.7921 0.9869 -0.1615 0.004 -0.1519 -0.936 -0.3174 -0.055 -0.3127 0.9483 756.dat
1 7 -53.2377 -89.4837 24.0229 0.9862 -0.1654 0.0041 -0.1547 -0.9301 -0.333 -0.0589 -0.3278 0.9429 756.dat
1 7 -53.6247 -91.6207 23.2295 0.986 -0.1669 0.0047 -0.1551 -0.9256 -0.3452 -0.062 -0.3396 0.9385 756.dat
1 7 -54.0102 -93.767 22.4139 0.9861 -0.1659 0.006 -0.1531 -0.9227 -0.3538 -0.0642 -0.3479 0.9353 756.dat
1 7 -54.3826 -95.8944 21.5965 0.9867 -0.1623 0.0079 -0.1487 -0.9216 -0.3585 -0.0655 -0.3526 0.9335 756.dat
1 7 -54.7393 -98.0246 20.7791 0.9877 -0.1563 0.0106 -0.1421 -0.9222 -0.3596 -0.0659 -0.3536 0.9331 756.dat
1 7 -55.0776 -100.179 19.9637 0.9889 -0.1478 0.0138 -0.1332 -0.9246 -0.3568 -0.0655 -0.351 0.9341 756.dat
1 7 -55.387 -102.328 19.1704 0.9904 -0.1371 0.0176 -0.1223 -0.9286 -0.3504 -0.0644 -0.3449 0.9364 756.dat
1 7 -55.6657 -104.494 18.4007 0.992 -0.1242 0.0218 -0.1095 -0.9339 -0.3405 -0.0626 -0.3354 0.94 756.dat
1 7 -55.9096 -106.677 17.6611 0.9936 -0.1096 0.0262 -0.095 -0.9401 -0.3273 -0.0605 -0.3228 0.9445 756.dat
1 7 -56.113 -108.864 16.964 0.9952 -0.0933 0.0307 -0.0792 -0.9471 -0.3112 -0.0581 -0.3072 0.9499 756.dat
1 7 -56.2771 -111.089 16.3034 0.9965 -0.0756 0.0352 -0.0621 -0.9543 -0.2924 -0.0557 -0.2892 0.9557 756.dat
1 7 -56.3962 -113.318 15.695 0.9976 -0.0571 0.0394 -0.0443 -0.9615 -0.2714 -0.0533 -0.269 0.9617 756.dat
1 7 -56.4706 -115.567 15.1374 0.9983 -0.0378 0.0433 -0.0259 -0.9683 -0.2486 -0.0513 -0.247 0.9676 756.dat
1 7 -56.4996 -117.834 14.6333 0.9987 -0.0183 0.0467 -0.0073 -0.9744 -0.2245 -0.0496 -0.2239 0.9734 756.dat
1 7 -56.4829 -120.098 14.1889 0.9988 0.0013 0.0497 0.0112 -0.9798 -0.1996 -0.0484 -0.1999 0.9786 756.dat
1 7 -56.4216 -122.39 13.7973 0.9984 0.0207 0.0522 0.0295 -0.9843 -0.1742 -0.0478 -0.1754 0.9833 756.dat
1 7 -56.3172 -124.671 13.4661 0.9977 0.0396 0.0542 0.0472 -0.9877 -0.1487 -0.0476 -0.151 0.9874 756.dat
1 7 -56.1704 -126.97 13.1885 0.9968 0.0578 0.0557 0.0644 -0.9903 -0.1235 -0.048 -0.1267 0.9908 756.dat
1 7 -55.984 -129.266 12.9667 0.9955 0.0753 0.0568 0.0807 -0.9918 -0.0988 -0.0489 -0.1029 0.9935 756.dat
1 7 -55.7722 -131.568 12.772 0.9944 0.0877 0.0583 0.0923 -0.9922 -0.0833 -0.0505 -0.0882 0.9948 756.dat
1 7 -55.5525 -133.851 12.5637 0.9937 0.0936 0.0612 0.0985 -0.9915 -0.0845 -0.0527 -0.09 0.9945 756.dat
1 7 -55.304 -136.146 12.3488 0.9925 0.1041 0.0641 0.1094 -0.9903 -0.0857 -0.0545 -0.0921 0.9943 756.dat
1 7 -55.0127 -138.438 12.129 0.9904 0.1206 0.0669 0.1262 -0.9882 -0.0865 -0.0557 -0.0941 0.994 756.dat
1 7 -54.6617 -140.712 11.9057 0.987 0.1447 0.0697 0.1505 -0.9848 -0.0867 -0.0561 -0.0961 0.9938 756.dat
1 7 -54.225 -142.976 11.6779 0.9813 0.1785 0.0724 0.1844 -0.9791 -0.0861 -0.0556 -0.0978 0.9937 756.dat
1 7 -53.6726 -145.214 11.4472 0.9715 0.2248 0.0749 0.2308 -0.9693 -0.0843 -0.0536 -0.0992 0.9936 756.dat
1 7 -52.9648 -147.41 11.2154 0.9548 0.2871 0.0769 0.293 -0.9527 -0.081 -0.05 -0.0999 0.9937 756.dat
1 7 -52.0537 -149.531 10.9859 0.9262 0.369 0.0779 0.3746 -0.9241 -0.0756 -0.0441 -0.0993 0.9941 756.dat
1 7 -50.8884 -151.527 10.7646 0.8779 0.4726 0.0773 0.4775 -0.876 -0.0678 -0.0357 -0.0964 0.9947 756.dat
1 7 -49.4302 -153.326 10.5603 0.8012 0.5938 0.0739 0.5979 -0.7995 -0.0573 -0.0251 -0.0901 0.9956 756.dat
1 7 -47.6838 -154.842 10.384 0.6914 0.7194 0.0669 0.7224 -0.69 -0.0452 -0.0136 -0.0796 0.9967 756.dat
1 7 -45.6908 -156.033 10.2423 0.5563 0.829 0.0565 0.831 -0.5553 -0.0333 -0.0038 -0.0655 0.9978 756.dat
1 7 -43.5334 -156.899 10.1373 0.416 0.9083 0.0443 0.9094 -0.4153 -0.0233 0.0028 -0.0499 0.9987 756.dat
1 7 -41.2846 -157.48 10.0656 0.2888 0.9569 0.0321 0.9574 -0.2884 -0.0158 0.0058 -0.0353 0.9994 756.dat
1 7 -38.9923 -157.83 10.0218 0.1828 0.9829 0.0212 0.9831 -0.1826 -0.0103 0.0062 -0.0227 0.9997 756.dat
1 7 -36.6798 -157.998 10.0004 0.0977 0.9951 0.0118 0.9952 -0.0977 -0.0062 0.005 -0.0123 0.9999 756.dat
1 7 -34.3651 -158.019 9.9976 0.0295 0.9996 0.0037 0.9996 -0.0295 -0.0029 0.0028 -0.0038 1 756.dat
1 7 -30.0022 -158.148 9.9812 0.0295 -0.9996 0.0038 0.9996 0.0295 -0.0001 -0.0001 0.0038 1 755.dat
0 SYNTH SYNTHESIZED END
0 SYNTH END
0 
0
0 FILE Trailer.ldr
0 Name: Trailer.ldr
0 ROTATION CENTER 0 0 0 1 "Custom" 
0 ROTATION CONFIG -2 0
1 0 0 0 0 1 0 0 0 1 0 0 0 1 3009.dat
1 0 50 0 -170 0 0 1 0 1 0 -1 0 0 3703.dat
1 0 -50 0 -170 0 0 -1 0 1 0 1 0 0 3703.dat
1 0 50 0 170 0 0 1 0 1 0 -1 0 0 3703.dat
1 0 -50 0 170 0 0 -1 0 1 0 1 0 0 3703.dat
1 0 40 10 -270 -1 0 0 0 1 0 0 0 -1 2780.dat
1 0 -40 10 -270 -1 0 0 0 1 0 0 0 -1 2780.dat
1 7 30 18.7674 -252.024 -1 0 0 0 -0.898794 0.438371 0 0.438371 0.898794 3651.dat
1 7 -30 18.7674 -252.024 -1 0 0 0 -0.898794 0.438371 0 0.438371 0.898794 3651.dat
1 0 30 31.9186 -225.06 0 0 -1 -0.438371 -0.898794 0 -0.898794 0.438371 0 3705.dat
1 0 -30 31.9186 -225.06 0 0 1 0.438371 -0.898794 0 0.898794 0.438371 0 3705.dat
1 7 30 35.8639 -216.971 1 0 0 0 0.898794 0.438371 0 -0.438371 0.898794 4265a.dat
1 7 -30 35.8639 -216.971 1 0 0 0 0.898794 0.438371 0 -0.438371 0.898794 4265a.dat
1 0 0 -8 0 1 0 0 0 1 0 0 0 1 3710.dat
1 0 80 -8 10 0 0 -1 0 1 0 1 0 0 3030.dat
1 0 -80 -8 10 0 0 1 0 1 0 -1 0 0 3030.dat
1 0 80 -8 -190 0 0 -1 0 1 0 1 0 0 3030.dat
1 0 -80 -8 -190 0 0 1 0 1 0 -1 0 0 3030.dat
1 0 80 -8 210 0 0 -1 0 1 0 1 0 0 3030.dat
1 0 -80 -8 210 0 0 1 0 1 0 -1 0 0 3030.dat
1 7 70 -8 330 1 0 0 0 1 0 0 0 1 3021.dat
1 7 -70 -8 330 1 0 0 0 1 0 0 0 1 3021.dat
1 7 0 -16 250 1 0 0 0 1 0 0 0 1 3033.dat
1 7 0 -16 130 1 0 0 0 1 0 0 0 1 3033.dat
1 7 0 -16 10 1 0 0 0 1 0 0 0 1 3033.dat
1 7 0 -16 -110 1 0 0 0 1 0 0 0 1 3033.dat
1 7 0 -16 -230 1 0 0 0 1 0 0 0 1 3033.dat
1 7 70 -24 -250 0 0 1 0 1 0 -1 0 0 3794b.dat
1 7 -70 -24 -250 0 0 -1 0 1 0 1 0 0 3794b.dat
1 7 90 -24 -250 0 0 1 0 1 0 -1 0 0 3794b.dat
1 7 -90 -24 -250 0 0 -1 0 1 0 1 0 0 3794b.dat
1 7 80 -24 100 1 0 0 0 1 0 0 0 1 3069b.dat
1 7 -80 -24 100 1 0 0 0 1 0 0 0 1 3069b.dat
1 0 0 -32 320 1 0 0 0 1 0 0 0 1 3008.dat
1 0 110 -32 320 -1 0 0 0 1 0 0 0 -1 2357.dat
1 0 -110 -32 320 0 0 1 0 1 0 -1 0 0 2357.dat
1 0 110 -32 210 0 0 -1 0 1 0 1 0 0 3009.dat
1 0 -110 -32 210 0 0 1 0 1 0 -1 0 0 3009.dat
1 0 110 -32 70 0 0 -1 0 1 0 1 0 0 3009.dat
1 0 -110 -32 70 0 0 1 0 1 0 -1 0 0 3009.dat
1 0 110 -32 -70 0 0 -1 0 1 0 1 0 0 3009.dat
1 0 -110 -32 -70 0 0 1 0 1 0 -1 0 0 3009.dat
1 0 110 -32 -210 0 0 -1 0 1 0 1 0 0 3009.dat
1 0 -110 -32 -210 0 0 1 0 1 0 -1 0 0 3009.dat
1 0 90 -32 -300 1 0 0 0 1 0 0 0 1 3063.dat
1 0 -90 -32 -300 0 0 1 0 1 0 -1 0 0 3063.dat
1 7 20 -32 100 1 0 0 0 1 0 0 0 1 4531.dat
1 7 -20 -32 100 -1 0 0 0 1 0 0 0 -1 4531.dat
1 7 80 -32 100 -1 0 0 0 1 0 0 0 -1 4275b.dat
1 7 -80 -32 100 1 0 0 0 1 0 0 0 1 4275b.dat
1 7 80 -32 -250 -1 0 0 0 1 0 0 0 -1 3023.dat
1 7 -80 -32 -250 -1 0 0 0 1 0 0 0 -1 3023.dat
1 0 110 -16 -280 0 0 1 0 1 0 -1 0 0 3024.dat
1 0 -110 -16 -280 0 0 -1 0 1 0 1 0 0 3024.dat
1 0 110 -16 -140 0 0 1 0 1 0 -1 0 0 3024.dat
1 0 -110 -16 -140 0 0 -1 0 1 0 1 0 0 3024.dat
1 0 110 -16 0 0 0 1 0 1 0 -1 0 0 3024.dat
1 0 -110 -16 0 0 0 -1 0 1 0 1 0 0 3024.dat
1 0 110 -16 140 0 0 1 0 1 0 -1 0 0 3024.dat
1 0 -110 -16 140 0 0 -1 0 1 0 1 0 0 3024.dat
1 0 110 -16 280 0 0 1 0 1 0 -1 0 0 3024.dat
1 0 -110 -16 280 0 0 -1 0 1 0 1 0 0 3024.dat
1 7 110 -24 280 0 0 1 0 1 0 -1 0 0 3024.dat
1 7 -110 -24 280 0 0 -1 0 1 0 1 0 0 3024.dat
1 7 110 -24 140 0 0 1 0 1 0 -1 0 0 3024.dat
1 7 -110 -24 140 0 0 -1 0 1 0 1 0 0 3024.dat
1 7 110 -24 0 0 0 1 0 1 0 -1 0 0 3024.dat
1 7 -110 -24 0 0 0 -1 0 1 0 1 0 0 3024.dat
1 7 110 -24 -140 0 0 1 0 1 0 -1 0 0 3024.dat
1 7 -110 -24 -140 0 0 -1 0 1 0 1 0 0 3024.dat
1 7 110 -24 -280 0 0 1 0 1 0 -1 0 0 3024.dat
1 7 -110 -24 -280 0 0 -1 0 1 0 1 0 0 3024.dat
1 7 110 -32 -280 0 0 -1 0 1 0 1 0 0 4081a.dat
1 7 -110 -32 -280 0 0 1 0 1 0 -1 0 0 4081a.dat
1 7 110 -32 -140 0 0 -1 0 1 0 1 0 0 4081a.dat
1 7 -110 -32 -140 0 0 1 0 1 0 -1 0 0 4081a.dat
1 7 110 -32 0 0 0 -1 0 1 0 1 0 0 4081a.dat
1 7 -110 -32 0 0 0 1 0 1 0 -1 0 0 4081a.dat
1 7 110 -32 140 0 0 -1 0 1 0 1 0 0 4081a.dat
1 7 -110 -32 140 0 0 1 0 1 0 -1 0 0 4081a.dat
1 7 110 -32 280 0 0 -1 0 1 0 1 0 0 4081a.dat
1 7 -110 -32 280 0 0 1 0 1 0 -1 0 0 4081a.dat
1 0 90 -8 -300 0 0 1 0 1 0 -1 0 0 2420.dat
1 0 -90 -8 -300 -1 0 0 0 1 0 0 0 -1 2420.dat
1 7 80 -40 -250 1 0 0 0 1 0 0 0 1 3794b.dat
1 7 -80 -40 -250 1 0 0 0 1 0 0 0 1 3794b.dat
1 7 80 -40 100 1 0 0 0 1 0 0 0 1 3794b.dat
1 7 -80 -40 100 1 0 0 0 1 0 0 0 1 3794b.dat
1 0 110 -40 290 0 0 -1 0 1 0 1 0 0 3710.dat
1 0 -110 -40 290 0 0 1 0 1 0 -1 0 0 3710.dat
1 0 110 -40 170 0 0 -1 0 1 0 1 0 0 3460.dat
1 0 -110 -40 170 0 0 1 0 1 0 -1 0 0 3460.dat
1 0 110 -40 -10 0 0 -1 0 1 0 1 0 0 4477.dat
1 0 -110 -40 -10 0 0 1 0 1 0 -1 0 0 4477.dat
1 0 110 -40 -210 0 0 -1 0 1 0 1 0 0 4477.dat
1 0 -110 -40 -210 0 0 1 0 1 0 -1 0 0 4477.dat
1 0 0 -40 320 -1 0 0 0 1 0 0 0 -1 4477.dat
1 0 -20 -8 170 0 0 -1 0 1 0 1 0 0 3007.dat
1 0 20 -8 170 0 0 1 0 1 0 -1 0 0 3007.dat
1 0 -30 24 110 -1 0 0 0 1 0 0 0 -1 3002.dat
1 0 30 24 110 -1 0 0 0 1 0 0 0 -1 3002.dat
1 0 -30 24 230 -1 0 0 0 1 0 0 0 -1 3002.dat
1 0 30 24 230 -1 0 0 0 1 0 0 0 -1 3002.dat
1 0 -70 0 40 -1 0 0 0 1 0 0 0 -1 3005.dat
1 0 70 0 40 -1 0 0 0 1 0 0 0 -1 3005.dat
1 0 0 16 110 -1 0 0 0 1 0 0 0 -1 3020.dat
1 0 0 16 230 -1 0 0 0 1 0 0 0 -1 3020.dat
1 0 -50 24 -20 0 0 1 0 1 0 -1 0 0 3623.dat
1 0 50 24 -20 0 0 -1 0 1 0 1 0 0 3623.dat
1 0 -50 24 -100 0 0 1 0 1 0 -1 0 0 3623.dat
1 0 50 24 -100 0 0 -1 0 1 0 1 0 0 3623.dat
1 0 -50 24 -180 0 0 1 0 1 0 -1 0 0 3623.dat
1 0 50 24 -180 0 0 -1 0 1 0 1 0 0 3623.dat
1 0 -50 24 -260 0 0 1 0 1 0 -1 0 0 3623.dat
1 0 50 24 -260 0 0 -1 0 1 0 1 0 0 3623.dat
1 0 -110 -8 320 0 0 1 0 1 0 -1 0 0 4081a.dat
1 0 110 -8 320 0 0 -1 0 1 0 1 0 0 4081a.dat
1 46 -130 -6 310 0 0 1 1 0 0 0 1 0 4073.dat
1 46 130 -6 310 0 0 -1 -1 0 0 0 1 0 4073.dat
1 46 -130 -6 330 0 0 -1 1 0 0 0 -1 0 4073.dat
1 46 130 -6 330 0 0 1 -1 0 0 0 -1 0 4073.dat
1 0 -70 0 320 0 0 1 0 1 0 -1 0 0 4287.dat
1 0 70 0 320 0 0 -1 0 1 0 1 0 0 4287.dat
1 0 -70 0 20 0 0 1 0 1 0 -1 0 0 4287.dat
1 0 70 0 20 0 0 -1 0 1 0 1 0 0 4287.dat
1 0 -70 0 -60 0 0 1 0 1 0 -1 0 0 4287.dat
1 0 70 0 -60 0 0 -1 0 1 0 1 0 0 4287.dat
1 0 -70 0 -140 0 0 1 0 1 0 -1 0 0 4287.dat
1 0 70 0 -140 0 0 -1 0 1 0 1 0 0 4287.dat
1 0 -70 0 -220 0 0 1 0 1 0 -1 0 0 4287.dat
1 0 70 0 -220 0 0 -1 0 1 0 1 0 0 4287.dat
1 0 -70 0 -300 0 0 1 0 1 0 -1 0 0 4287.dat
1 0 70 0 -300 0 0 -1 0 1 0 1 0 0 4287.dat
1 0 -100 0 40 -1 0 0 0 1 0 0 0 -1 3660.dat
1 0 100 0 40 -1 0 0 0 1 0 0 0 -1 3660.dat
