0 Untitled
0 Name: 6381-1.ldr
0 Author: Strikeman
0 Reproduction of official Model 6381-1
0 ROTATION CENTER 0 0 0 1 "Custom" 
0 ROTATION CONFIG 0 0
1 7 0 0 0 1 0 0 0 1 0 0 0 1 425p01.dat
1 15 20 -23 60 0 0 -1 0 1 0 1 0 0 2441.dat
1 1 110 -15 60 0 0 -1 0 1 0 1 0 0 3020.dat
1 15 -61.7 -65.7 60 0 -0.406737 -0.913546 0 0.913546 -0.406737 1 0 0 3020.dat
1 4 100 -23 60 0 0 -1 0 1 0 1 0 0 3710.dat
1 4 20 -23 30 1 0 0 0 1 0 0 0 1 3623.dat
1 4 20 -23 90 1 0 0 0 1 0 0 0 1 3623.dat
1 15 -40 -31 60 1 0 0 0 1 0 0 0 1 3021.dat
1 4 -30 -39 60 1 0 0 0 1 0 0 0 1 3022.dat
1 1 120 -23 60 0 0 1 0 1 0 -1 0 0 3069b.dat
1 1 60 -47 60 0 0 -1 0 1 0 1 0 0 3298p55.dat
1 15 -290 -24 150 1 0 0 0 1 0 0 0 1 3005.dat
1 15 290 -24 150 1 0 0 0 1 0 0 0 1 3005.dat
1 15 -100 -24 150 1 0 0 0 1 0 0 0 1 3004.dat
1 15 100 -24 150 1 0 0 0 1 0 0 0 1 3004.dat
1 1 310 -24 160 0 0 -1 0 1 0 1 0 0 3004.dat
1 1 310 -24 -160 0 0 -1 0 1 0 1 0 0 3004.dat
1 1 310 -72 190 -1 0 0 0 1 0 0 0 -1 4460.dat
1 1 310 -72 -190 1 0 0 0 1 0 0 0 1 4460.dat
1 1 -240 -24 200 1 0 0 0 1 0 0 0 1 3003.dat
1 15 170 -24 -280 0 0 1 0 1 0 -1 0 0 3010.dat
1 15 30 -24 -280 0 0 1 0 1 0 -1 0 0 3010.dat
1 1 -30 -8 -230 0 0 1 0 1 0 -1 0 0 3623.dat
1 1 -90 -8 -230 0 0 1 0 1 0 -1 0 0 3623.dat
1 1 310 -48 160 0 0 -1 0 1 0 1 0 0 3004.dat
1 1 310 -72 160 0 0 -1 0 1 0 1 0 0 3004.dat
1 1 310 -48 -160 0 0 -1 0 1 0 1 0 0 3004.dat
1 1 310 -72 -160 0 0 -1 0 1 0 1 0 0 3004.dat
1 1 -60 -16 -230 -1 0 0 0 1 0 0 0 -1 3710.dat
1 0 30 -32 -250 -1 0 0 0 1 0 0 0 -1 4073.dat
1 0 30 -40 -250 -1 0 0 0 1 0 0 0 -1 4073.dat
1 0 170 -40 -250 -1 0 0 0 1 0 0 0 -1 4073.dat
1 0 170 -32 -250 -1 0 0 0 1 0 0 0 -1 4073.dat
1 4 150 -24 -310 -1 0 0 0 1 0 0 0 -1 3062b.dat
1 14 0 -24 -300 -1 0 0 0 1 0 0 0 -1 3941.dat
1 15 0 -56 -300 -1 0 0 0 1 0 0 0 -1 3941.dat
1 15 100 -104 -290 -1 0 0 0 1 0 0 0 -1 3460.dat
1 4 310 -96 150 -1 0 0 0 1 0 0 0 -1 3005.dat
1 4 310 -192 150 -1 0 0 0 1 0 0 0 -1 2339.dat
1 4 310 -192 -150 1 0 0 0 1 0 0 0 1 2339.dat
1 4 310 -96 -150 -1 0 0 0 1 0 0 0 -1 3005.dat
1 4 150 -48 -310 1 0 0 0 1 0 0 0 1 4599a.dat
1 0 0 -80 -300 1 0 0 0 1 0 0 0 1 4599a.dat
1 15 -290 -32 150 0 0 -1 0 1 0 1 0 0 4081a.dat
1 15 -90 -32 150 0 0 -1 0 1 0 1 0 0 4081a.dat
1 15 110 -32 150 0 0 -1 0 1 0 1 0 0 4081a.dat
1 15 290 -32 150 0 0 1 0 1 0 -1 0 0 4081a.dat
1 15 90 -32 150 0 0 1 0 1 0 -1 0 0 4081a.dat
1 15 -110 -32 150 0 0 1 0 1 0 -1 0 0 4081a.dat
1 4 310 -144 -170 1 0 0 0 1 0 0 0 1 4460.dat
1 4 310 -144 170 -1 0 0 0 1 0 0 0 -1 4460.dat
1 15 30 -96 -290 1 0 0 0 1 0 0 0 1 4460.dat
1 15 170 -96 -290 1 0 0 0 1 0 0 0 1 4460.dat
1 4 0 -32 -300 1 0 0 0 1 0 0 0 1 4032a.dat
1 1 -80 -24 -230 -1 0 0 0 1 0 0 0 -1 4623.dat
1 15 -80 -40 -208 -1 0 0 0 0 1 0 1 0 4624.dat
1 0 -80 -40 -208 -1 0 0 0 0 1 0 1 0 3641.dat
1 15 -30 -18 30 -1 0 0 0 -1 0 0 0 1 4624.dat
1 0 -30 -18 30 -1 0 0 0 -1 0 0 0 1 3641.dat
1 15 -30 -18 90 1 0 0 0 -1 0 0 0 -1 4624.dat
1 0 -30 -18 90 -1 0 0 0 -1 0 0 0 1 3641.dat
1 15 70 -18 90 1 0 0 0 -1 0 0 0 -1 4624.dat
1 0 70 -18 90 -1 0 0 0 -1 0 0 0 1 3641.dat
1 15 70 -18 30 -1 0 0 0 -1 0 0 0 1 4624.dat
1 0 70 -18 30 -1 0 0 0 -1 0 0 0 1 3641.dat
1 15 -40 -40 -208 -1 0 0 0 0 1 0 1 0 4624.dat
1 0 -40 -40 -208 -1 0 0 0 0 1 0 1 0 3641.dat
1 1 -40 -24 -230 -1 0 0 0 1 0 0 0 -1 4623.dat
1 4 -200 -30 140 -1 0 0 0 0 1 0 1 0 4162.dat
1 4 0 -30 140 -1 0 0 0 0 1 0 1 0 4162.dat
1 4 200 -30 140 -1 0 0 0 0 1 0 1 0 4162.dat
1 4 310 -168 150 -1 0 0 0 1 0 0 0 -1 3040b.dat
1 4 310 -168 -150 1 0 0 0 1 0 0 0 1 3040b.dat
1 4 310 -192 130 -1 0 0 0 1 0 0 0 -1 3040b.dat
1 4 310 -192 -130 1 0 0 0 1 0 0 0 1 3040b.dat
1 1 -60 -56 -250 1 0 0 0 1 0 0 0 1 4083.dat
1 0 -50 -72 -250 0.5 0 -0.866025 0 1 0 0.866025 0 0.5 4522.dat
1 0 -70 -68 -250 0.5 0 -0.866025 0 1 0 0.866025 0 0.5 4006.dat
1 1 -180 -48 -310 1 0 0 0 1 0 0 0 1 4083.dat
1 15 -191.343 -72 -311.343 0.707107 0.707107 0 0 0 -1 -0.707107 0.707107 0 3900.dat
1 14 -197 -72 -317 0.707107 0.707107 0 0 0 -1 -0.707107 0.707107 0 3070bp02.dat
1 14 -177 -72 -317 0.707107 0.707107 0 0 0 -1 -0.707107 0.707107 0 3070bp03.dat
1 15 -171.343 -72 -311.343 0.707107 0.707107 0 0 0 -1 -0.707107 0.707107 0 3900.dat
1 4 310 -192 0 0 0 -1 0 1 0 1 0 0 4477.dat
1 0 30 -48 -250 0 0 -1 0 1 0 1 0 0 3957a.dat
1 4 310 -224 -90 0 0 -1 0 1 0 1 0 0 3957a.dat
1 4 310 -224 90 0 0 -1 0 1 0 1 0 0 3957a.dat
1 14 310 -312 90 -0.707107 0 0.707107 0 1 0 -0.707107 0 -0.707107 4495a.dat
1 14 310 -312 -90 -0.707107 0 0.707107 0 1 0 -0.707107 0 -0.707107 4495a.dat
1 0 170 -48 -250 0 0 -1 0 1 0 1 0 0 3957a.dat
1 15 40 -128 -290 1 0 0 0 1 0 0 0 1 3937.dat
1 15 160 -128 -290 1 0 0 0 1 0 0 0 1 3937.dat
1 15 160 -127.8 -292.6 1 0 0 0 0.965926 -0.258819 0 0.258819 0.965926 3938.dat
1 15 40 -127.8 -292.6 1 0 0 0 0.965926 -0.258819 0 0.258819 0.965926 3938.dat
1 4 40 -140.741 -244.304 1 0 0 0 0.965926 -0.258819 0 0.258819 0.965926 3020.dat
1 4 180 -140.741 -244.304 1 0 0 0 0.965926 -0.258819 0 0.258819 0.965926 3020.dat
1 4 100 -148.468 -246.374 1 0 0 0 0.965926 -0.258819 0 0.258819 0.965926 3958.dat
1 4 10 -148.468 -246.374 0 0 1 0.258819 0.965926 0 -0.965926 0.258819 0 2419.dat
1 4 190 -148.468 -246.374 0 0 -1 -0.258819 0.965926 0 0.965926 0.258819 0 2419.dat
1 4 310 -184 0 0 0 -1 0 1 0 1 0 0 3666.dat
1 15 310 -216 0 0 0 -1 0 1 0 1 0 0 3008.dat
1 15 310 -216 -90 1 0 0 0 1 0 0 0 1 4286.dat
1 15 310 -216 90 -1 0 0 0 1 0 0 0 -1 4286.dat
1 0 160 -120 220 -1 0 0 0 1 0 0 0 -1 4476.dat
1 0 -40 -120 220 -1 0 0 0 1 0 0 0 -1 4476.dat
1 15 288 -224 30 0 1 0 1 0 0 0 0 -1 3023.dat
1 15 288 -224 -30 0 1 0 1 0 0 0 0 -1 3023.dat
1 15 288 -214 0 0 1 0 0 0 -1 -1 0 0 3794a.dat
1 1 280 -224 30 0 1 0 1 0 0 0 0 -1 3069bp06.dat
1 1 280 -224 -30 0 1 0 1 0 0 0 0 -1 3069bp06.dat
1 15 280 -214 0 0 1 0 1 0 0 0 0 -1 3623.dat
1 34 272 -194 0 0 1 0 1 0 0 0 0 -1 4073.dat
1 36 272 -214 0 0 1 0 1 0 0 0 0 -1 4073.dat
1 1 272 -234 0 0 1 0 0 0 -1 -1 0 0 3070bp05.dat
1 15 310 -224 0 0 0 1 0 1 0 -1 0 0 2436a.dat
1 1 -240 -32 200 0 0 1 0 1 0 -1 0 0 3680.dat
1 7 -240 -32 200 0.5 0 0.866025 0 1 0 -0.866025 0 0.5 3679.dat
1 4 60 -128 220 1 0 0 0 1 0 0 0 1 3029.dat
1 15 40 -152 190 1 0 0 0 1 0 0 0 1 3660.dat
1 15 80 -152 190 1 0 0 0 1 0 0 0 1 3660.dat
1 15 10 -152 250 1 0 0 0 1 0 0 0 1 3005.dat
1 15 110 -152 250 1 0 0 0 1 0 0 0 1 3005.dat
1 15 10 -176 250 1 0 0 0 1 0 0 0 1 3005.dat
1 15 110 -176 250 1 0 0 0 1 0 0 0 1 3005.dat
1 15 10 -200 250 1 0 0 0 1 0 0 0 1 3005.dat
1 15 110 -200 250 1 0 0 0 1 0 0 0 1 3005.dat
1 15 10 -224 250 1 0 0 0 1 0 0 0 1 3005.dat
1 15 110 -224 250 1 0 0 0 1 0 0 0 1 3005.dat
1 15 10 -248 250 1 0 0 0 1 0 0 0 1 3005.dat
1 15 110 -248 250 1 0 0 0 1 0 0 0 1 3005.dat
1 1 60 -176 170 -1 0 0 0 1 0 0 0 -1 3039p23.dat
1 34 70 -184 170 -1 0 0 0 1 0 0 0 -1 4073.dat
1 15 -20 -176 190 -1 0 0 0 1 0 0 0 -1 3185.dat
1 15 140 -176 190 -1 0 0 0 1 0 0 0 -1 3185.dat
1 41 60 -248 170 1 0 0 0 1 0 0 0 1 4872.dat
1 0 60 -256 200 1 0 0 0 1 0 0 0 1 3958.dat
1 0 19.808 -256 130.378 1 0 0 0 1 0 0 0 1 3023.dat
1 0 99.807 -256 130.379 1 0 0 0 1 0 0 0 1 3023.dat
1 0 59.808 -256 130.378 1 0 0 0 1 0 0 0 1 3794a.dat
1 0 -225 -48 174.019 0.866025 0 -0.5 0 1 0 0.5 0 0.866025 3794a.dat
1 0 -235 -48 191.34 0.866025 0 -0.5 0 1 0 0.5 0 0.866025 3794a.dat
1 0 -230 -56 182.679 0.5 0 0.866025 0 1 0 -0.866025 0 0.5 3023.dat
1 0 -230 -72 182.679 0.5 0 0.866025 0 1 0 -0.866025 0 0.5 4531.dat
1 0 -230 -72 182.679 0.5 0 0.866025 0 1 0 -0.866025 0 0.5 4275b.dat
1 0 -230 -96 182.679 0.5 0 0.866025 0 1 0 -0.866025 0 0.5 3004.dat
1 0 -230 -112 182.679 0.866025 0 -0.5 0 1 0 0.5 0 0.866025 4595.dat
1 0 -212 -102 151.502 0.866025 0.5 0 0 0 1 0.5 -0.866025 0 4589.dat
1 15 -245.588 -92 173.68 0 0.866025 -0.5 -1 0 0 0 0.5 0.866025 4150p00.dat
1 36 -209.412 -102 183.019 0 -0.866025 0.5 -1 0 0 0 -0.5 -0.866025 4073.dat
1 0 -219.411 -102 200.339 0 -0.866025 0.5 -1 0 0 0 -0.5 -0.866025 4592.dat
1 7 -217.679 -102 201.34 0 0.5 0.866025 -1 0 0 0 -0.866025 0.5 4593.dat
1 0 -230 -120 182.679 0.5 0 0.866025 0 1 0 -0.866025 0 0.5 2412b.dat
1 15 59.806 -264 110.379 1 0 0 0 1 0 0 0 1 3963.dat
1 1 -270.768 0 -240.117 0 0 -1 0 1 0 1 0 0 4629c01.dat
1 1 -240 -40 200 -0.5 0 -0.866025 0 1 0 0.866025 0 -0.5 3020.dat
1 4 -256.376 -137 226.606 0.866025 0 -0.5 0 1 0 0.5 0 0.866025 4485.dat
1 14 -256.376 -137 226.606 0.866025 0 -0.5 0 1 0 0.5 0 0.866025 3626bp01.dat
1 15 -256.376 -113 226.606 0.866025 0 -0.5 0 1 0 0.5 0 0.866025 973p1d.dat
1 15 -255.51 -81 227.106 0.866025 0 -0.5 0 1 0 0.5 0 0.866025 3815.dat
1 1 -269.844 -104 218.83 0.853035 -0.147224 -0.5 0.17 0.985 0 0.4925 -0.085 0.866025 3818.dat
1 1 -242.908 -104 234.382 0.853035 0.510929 0.103086 -0.17 0.0858484 0.981252 0.4925 -0.855322 0.160156 3819.dat
1 14 -271.882 -86.404 205.736 0.853035 -0.457588 -0.249412 0.17 0.696395 -0.696395 0.4925 0.552185 0.672375 3820.dat
1 14 -229.95 -113.401 219.244 0.853035 0.434109 -0.288345 -0.17 0.75444 0.63305 0.4925 -0.491482 0.717942 3820.dat
1 15 -256.376 -69 226.606 0.866025 0 -0.5 0 1 0 0.5 0 0.866025 3816.dat
1 15 -256.376 -69 226.606 0.866025 0 -0.5 0 1 0 0.5 0 0.866025 3817.dat
1 0 -20 -224 230 1 0 0 0 1 0 0 0 1 3901.dat
1 14 -20 -224 230 1 0 0 0 1 0 0 0 1 3626bp01.dat
1 1 -20 -200 230 1 0 0 0 1 0 0 0 1 973p18.dat
1 7 -20 -168 230 1 0 0 0 1 0 0 0 1 3815.dat
1 1 -35.552 -191 230 0.985 -0.130228 -0.109274 0.17 0.754554 0.633146 0 -0.642788 0.766044 3818.dat
1 1 -4.448 -191 230 0.985 0.159748 0.0581434 -0.17 0.925597 0.33689 0 -0.34202 0.939693 3819.dat
1 14 -41.9894 -184.263 210.034 0.985 -0.169328 0.0148142 0.17 0.981104 -0.0858354 0 0.0871426 0.996044 3820.dat
1 14 3.07093 -177.996 213.885 0.985 0.154049 -0.0718343 -0.17 0.892578 -0.416216 0 0.422554 0.906171 3820.dat
1 7 -20 -156 230 1 0 0 0 1 0 0 0 1 3816.dat
1 7 -20 -156 230 1 0 0 0 1 0 0 0 1 3817.dat
1 4 240 -96 180 0.939693 0 0.34202 0 1 0 -0.34202 0 0.939693 4485.dat
1 14 240 -96 180 0.939693 0 0.34202 0 1 0 -0.34202 0 0.939693 3626bp01.dat
1 15 240 -72 180 1 0 0 0 1 0 0 0 1 973p1c.dat
1 4 240 -40 180 1 0 0 0 1 0 0 0 1 3815.dat
1 15 224.448 -63 180 0.985 -0.17 0 0.17 0.985 0 0 0 1 3818.dat
1 15 255.552 -63 180 0.985 0 0.17 -0.17 0 0.985 0 -1 0 3819.dat
1 14 216.137 -45.404 169.679 0.985 -0.12019 0.12019 0.17 0.696395 -0.696395 0 0.707 0.707 3820.dat
1 14 258.919 -74.05 161.239 0.985 0.12019 0.12019 -0.17 0.696395 0.696395 0 -0.707 0.707 3820.dat
1 4 240 -28 180 1 0 0 0 1 0 0 0 1 3816.dat
1 4 240 -28 180 1 0 0 0 1 0 0 0 1 3817.dat
1 1 0 -47 30 0 0 -1 0 1 0 1 0 0 4286.dat
1 1 0 -47 90 0 0 -1 0 1 0 1 0 0 4286.dat
1 15 40 -23 60 0 0 -1 0 1 0 1 0 0 3829c01.dat
1 4 -60 -55 60 0 0 -1 0 1 0 1 0 0 3937.dat
1 4 -55.819 -54.323 59.999 0 -0.406737 -0.913546 0 0.913546 -0.406737 1 0 0 3938.dat
1 0 -40 -47 60 0 0 1 0 1 0 -1 0 0 3839a.dat
1 1 -20 -71 60 0 0 1 0 1 0 -1 0 0 2432.dat
1 4 20 -23 -60 0 0 -1 0 1 0 1 0 0 2441.dat
1 4 110 -15 -60 0 0 -1 0 1 0 1 0 0 3020.dat
1 15 -61.7 -65.7 -60 0 -0.406737 -0.913546 0 0.913546 -0.406737 1 0 0 3020.dat
1 15 100 -23 -60 0 0 -1 0 1 0 1 0 0 3710.dat
1 15 20 -23 -90 1 0 0 0 1 0 0 0 1 3623.dat
1 15 20 -23 -30 1 0 0 0 1 0 0 0 1 3623.dat
1 15 -40 -31 -60 1 0 0 0 1 0 0 0 1 3021.dat
1 4 -30 -39 -60 1 0 0 0 1 0 0 0 1 3022.dat
1 4 60 -47 -60 0 0 -1 0 1 0 1 0 0 3298p56.dat
1 15 120 -23 -60 0 0 1 0 1 0 -1 0 0 3069b.dat
1 15 -30 -18 -90 -1 0 0 0 -1 0 0 0 1 4624.dat
1 0 -30 -18 -90 -1 0 0 0 -1 0 0 0 1 3641.dat
1 15 -30 -18 -30 1 0 0 0 -1 0 0 0 -1 4624.dat
1 0 -30 -18 -30 -1 0 0 0 -1 0 0 0 1 3641.dat
1 15 70 -18 -30 1 0 0 0 -1 0 0 0 -1 4624.dat
1 0 70 -18 -30 -1 0 0 0 -1 0 0 0 1 3641.dat
1 15 70 -18 -90 -1 0 0 0 -1 0 0 0 1 4624.dat
1 0 70 -18 -90 -1 0 0 0 -1 0 0 0 1 3641.dat
1 4 0 -47 -90 0 0 -1 0 1 0 1 0 0 4286.dat
1 4 0 -47 -30 0 0 -1 0 1 0 1 0 0 4286.dat
1 15 40 -23 -60 0 0 -1 0 1 0 1 0 0 3829c01.dat
1 4 -60 -55 -60 0 0 -1 0 1 0 1 0 0 3937.dat
1 4 -55.819 -54.323 -60.001 0 -0.406737 -0.913546 0 0.913546 -0.406737 1 0 0 3938.dat
1 0 -40 -47 -60 0 0 1 0 1 0 -1 0 0 3839a.dat
1 15 -20 -71 -60 0 0 1 0 1 0 -1 0 0 2432.dat
1 14 0 -95 -60 0 0 -1 0 1 0 1 0 0 3626bp01.dat
1 1 0 -95 -60 0 0 -1 0 1 0 1 0 0 3842b.dat
1 1 0 -71 -60 0 0 -1 0 1 0 1 0 0 973p0a.dat
1 1 0 -39 -60 0 0 -1 0 1 0 1 0 0 3815.dat
1 1 0 -62 -75.552 0 0.766044 -0.642788 0.17 0.633146 0.754554 0.985 -0.109274 -0.130228 3818.dat
1 1 0 -62 -44.448 0 0.766044 -0.642788 -0.17 0.633146 0.754554 0.985 0.109274 0.130228 3819.dat
1 14 21.006 -58.793 -81.38 0 0.0871426 -0.996044 0.17 0.981104 0.0858354 0.985 -0.169328 -0.0148142 3820.dat
1 14 21.006 -58.793 -38.62 0 0.0871426 -0.996044 -0.17 0.981104 0.0858354 0.985 0.169328 0.0148142 3820.dat
1 1 0 -27 -60 0 0.999848 -0.0174524 0 0.0174524 0.999848 1 0 0 3816.dat
1 1 0 -27 -60 0 0.999848 -0.0174524 0 0.0174524 0.999848 1 0 0 3817.dat
1 4 0 -95 60 0 0 -1 0 1 0 1 0 0 3842b.dat
1 14 0 -95 60 0 0 -1 0 1 0 1 0 0 3626bp01.dat
1 15 0 -71 60 0 0 -1 0 1 0 1 0 0 973p14.dat
1 15 0 -39 60 0 0 -1 0 1 0 1 0 0 3815.dat
1 15 0 -62 44.448 0 0.766044 -0.642788 0.17 0.633146 0.754554 0.985 -0.109274 -0.130228 3818.dat
1 15 0 -62 75.552 0 0.766044 -0.642788 -0.17 0.633146 0.754554 0.985 0.109274 0.130228 3819.dat
1 14 21.006 -58.793 38.62 0 0.0871426 -0.996044 0.17 0.981104 0.0858354 0.985 -0.169328 -0.0148142 3820.dat
1 14 21.006 -58.793 81.38 0 0.0871426 -0.996044 -0.17 0.981104 0.0858354 0.985 0.169328 0.0148142 3820.dat
1 15 0 -27 60 0 0.999848 -0.0174524 0 0.0174524 0.999848 1 0 0 3816.dat
1 15 0 -27 60 0 0.999848 -0.0174524 0 0.0174524 0.999848 1 0 0 3817.dat
0 
0 
0
