0 FILE Untitled.ldr
0 Untitled
0 Name: Untitled.ldr
0 Author: marco
0 Unofficial Model
0 ROTATION CENTER 0 0 0 1 "Custom" 
0 ROTATION CONFIG 0 0
1 0 -94 119 0 1 0 0 0 1 0 0 0 1 station.ldr
1 0 -314 47 190 1 0 0 0 1 0 0 0 1 f4.ldr
1 0 -560 47 131 1 0 0 0 1 0 0 0 1 f4.ldr
1 0 -480 -49 -30 0 0 -1 0 1 0 1 0 0 truck.ldr
1 0 -20 95 -150 -1 0 0 0 1 0 0 0 -1 blu.ldr
1 0 -130 95 70 0 0 1 0 1 0 -1 0 0 red.ldr
1 0 -990 95 230 1 0 0 0 1 0 0 0 1 cart.ldr
0
0 FILE station.ldr
0 STATION.LDR
0 Name: C:\DOCUMENTS AND SETTINGS\MARCO\DESKTOP\INCO\6393 BIG RIG TRUCK SHOP\STATION.LDR
0 ROTATION CENTER 0 0 0 1 "Custom" 
0 ROTATION CONFIG 0 0
1 7 0 0 0 0 0 1 0 1 0 -1 0 0 2360p01.dat
1 7 -640 0 0 0 0 1 0 1 0 -1 0 0 80547.dat
1 1 -320 -24 320 -1 0 0 0 1 0 0 0 -1 3831.dat
1 1 -320 -24 320 -1 0 0 0 1 0 0 0 -1 3830.dat
1 4 -470 -24 300 0 0 1 0 1 0 -1 0 0 3004.dat
1 4 -650 -24 260 0 0 1 0 1 0 -1 0 0 3009.dat
1 4 -810 -24 260 0 0 1 0 1 0 -1 0 0 3009.dat
1 1 -170 -24 310 0 0 1 0 1 0 -1 0 0 30071.dat
1 1 -160 -24 210 1 0 0 0 1 0 0 0 1 3004.dat
1 1 -50 -24 210 0 0 1 0 1 0 -1 0 0 30071.dat
1 1 -100 -24 260 0 0 1 0 1 0 -1 0 0 3941.dat
1 1 50 -24 210 0 0 1 0 1 0 -1 0 0 30071.dat
1 1 160 -24 210 1 0 0 0 1 0 0 0 1 3004.dat
1 15 150 -24 260 0 0 -1 0 1 0 1 0 0 3010.dat
1 15 50 -24 260 0 0 -1 0 1 0 1 0 0 3010.dat
1 1 170 -24 190 0 0 1 0 1 0 -1 0 0 30071.dat
1 1 170 -24 300 0 0 1 0 1 0 -1 0 0 3004.dat
1 14 -60 -8 260 0 0 1 0 1 0 -1 0 0 4079.dat
1 14 -140 -8 260 0 0 -1 0 1 0 1 0 0 4079.dat
1 1 -370 -24 310 0 0 1 0 1 0 -1 0 0 30071.dat
1 1 -270 -24 310 0 0 1 0 1 0 -1 0 0 30071.dat
1 4 -640 -24 190 1 0 0 0 1 0 0 0 1 3004.dat
1 4 -540 -24 190 1 0 0 0 1 0 0 0 1 925.dat
1 15 -570 -24 240 0 0 -1 0 1 0 1 0 0 3010.dat
1 4 -810 -48 260 0 0 1 0 1 0 -1 0 0 3009.dat
1 4 -650 -48 240 0 0 1 0 1 0 -1 0 0 3009.dat
1 4 -560 -48 190 1 0 0 0 1 0 0 0 1 925.dat
1 4 -470 -48 190 1 0 0 0 1 0 0 0 1 30071.dat
1 4 -650 -48 310 1 0 0 0 1 0 0 0 1 30071.dat
1 47 -570 -48 240 0 0 -1 0 1 0 1 0 0 3066.dat
1 15 -570 -56 230 0 0 -1 0 1 0 1 0 0 3623.dat
1 15 -570 -56 270 -1 0 0 0 1 0 0 0 -1 4085a.dat
1 4 -470 -48 300 0 0 1 0 1 0 -1 0 0 3660.dat
1 4 -490 -56 300 0 0 1 0 1 0 -1 0 0 3794b.dat
1 1 -370 -48 310 0 0 -1 0 1 0 1 0 0 4286.dat
1 1 -270 -48 310 0 0 1 0 1 0 -1 0 0 4286.dat
1 47 50 -48 260 0 0 -1 0 1 0 1 0 0 3066.dat
1 1 -170 -48 310 0 0 1 0 1 0 -1 0 0 30071.dat
1 1 -50 -48 210 0 0 1 0 1 0 -1 0 0 30071.dat
1 1 50 -48 210 0 0 1 0 1 0 -1 0 0 30071.dat
1 1 -150 -48 210 0 0 1 0 1 0 -1 0 0 30071.dat
1 1 -170 -24 190 0 0 1 0 1 0 -1 0 0 30071.dat
1 1 -170 -48 200 0 0 -1 0 1 0 1 0 0 3004.dat
1 1 170 -24 250 0 0 1 0 1 0 -1 0 0 3622.dat
1 15 50 -56 260 0 0 -1 0 1 0 1 0 0 3710.dat
1 1 150 -48 210 0 0 1 0 1 0 -1 0 0 30071.dat
1 1 170 -48 310 0 0 1 0 1 0 -1 0 0 30071.dat
1 1 170 -48 240 0 0 1 0 1 0 -1 0 0 3009.dat
1 4 150 -48 270 0 0 -1 0 1 0 1 0 0 6264.dat
1 4 150 -48 250 0 0 -1 0 1 0 1 0 0 6264.dat
1 4 -490 -56 300 0 0 1 0 1 0 -1 0 0 3794a.dat
1 1 -170 -72 310 0 0 1 0 1 0 -1 0 0 30071.dat
1 1 -270 -72 310 0 0 1 0 1 0 -1 0 0 30071.dat
1 1 -370 -72 310 0 0 1 0 1 0 -1 0 0 30071.dat
1 1 -50 -72 210 0 0 1 0 1 0 -1 0 0 30071.dat
1 1 -170 -72 190 0 0 1 0 1 0 -1 0 0 30071.dat
1 1 50 -72 210 0 0 1 0 1 0 -1 0 0 30071.dat
1 1 170 -72 190 0 0 1 0 1 0 -1 0 0 30071.dat
1 1 160 -72 210 1 0 0 0 1 0 0 0 1 3004.dat
1 1 170 -72 300 0 0 1 0 1 0 -1 0 0 3004.dat
1 1 -160 -72 210 1 0 0 0 1 0 0 0 1 3004.dat
1 4 -810 -72 260 0 0 1 0 1 0 -1 0 0 3009.dat
1 4 -650 -72 260 0 0 1 0 1 0 -1 0 0 3009.dat
1 4 -630 -72 190 1 0 0 0 1 0 0 0 1 3622.dat
1 4 -490 -72 190 1 0 0 0 1 0 0 0 1 3622.dat
1 4 -470 -72 300 0 0 -1 0 1 0 1 0 0 3065.dat
1 0 -490 -80 300 0 0 1 0 1 0 -1 0 0 3040p33.dat
1 0 -570 -54 290 0 0 1 0 1 0 -1 0 0 3962a.dat
1 4 -810 -96 210 1 0 0 0 1 0 0 0 1 30071.dat
1 4 -810 -96 310 1 0 0 0 1 0 0 0 1 30071.dat
1 4 -810 -120 310 1 0 0 0 1 0 0 0 1 30071.dat
1 4 -810 -120 210 1 0 0 0 1 0 0 0 1 30071.dat
1 4 -810 -120 260 0 0 -1 0 1 0 1 0 0 3185.dat
1 4 -650 -96 310 1 0 0 0 1 0 0 0 1 30071.dat
1 4 -650 -96 240 0 0 1 0 1 0 -1 0 0 3009.dat
1 4 -620 -96 190 1 0 0 0 1 0 0 0 1 3004.dat
1 4 -490 -96 190 1 0 0 0 1 0 0 0 1 3622.dat
1 4 -490 -120 190 1 0 0 0 1 0 0 0 1 3622.dat
1 4 -470 -96 300 0 0 -1 0 1 0 1 0 0 3065.dat
1 4 -470 -120 300 0 0 -1 0 1 0 1 0 0 3065.dat
1 4 -650 -120 260 0 0 -1 0 1 0 1 0 0 3065.dat
1 4 -630 -120 190 1 0 0 0 1 0 0 0 1 3622.dat
1 4 -650 -120 220 0 0 1 0 1 0 -1 0 0 3660.dat
1 4 -650 -120 300 0 0 1 0 1 0 -1 0 0 3660.dat
1 0 -490 -88 300 0 0 1 0 1 0 -1 0 0 3069b.dat
1 15 -560 -120 190 1 0 0 0 1 0 0 0 1 3853.dat
1 47 -560 -120 190 1 0 0 0 1 0 0 0 1 3855.dat
1 15 -520 -120 178 0 0 -1 0 1 0 1 0 0 3856.dat
1 15 -600 -120 178 0 0 1 0 1 0 -1 0 0 3856.dat
1 1 -370 -96 310 0 0 1 0 1 0 -1 0 0 30071.dat
1 1 -270 -96 310 0 0 1 0 1 0 -1 0 0 30071.dat
1 1 -270 -120 310 0 0 1 0 1 0 -1 0 0 4287.dat
1 1 -370 -120 310 0 0 -1 0 1 0 1 0 0 4287.dat
1 1 -170 -96 310 0 0 1 0 1 0 -1 0 0 30071.dat
1 1 -170 -120 310 0 0 1 0 1 0 -1 0 0 30071.dat
1 1 -170 -96 200 0 0 -1 0 1 0 1 0 0 3004.dat
1 1 -150 -96 210 0 0 1 0 1 0 -1 0 0 30071.dat
1 1 -160 -120 210 1 0 0 0 1 0 0 0 1 3004.dat
1 1 -170 -120 190 0 0 1 0 1 0 -1 0 0 30071.dat
1 1 -50 -96 210 0 0 1 0 1 0 -1 0 0 30071.dat
1 1 50 -96 210 0 0 1 0 1 0 -1 0 0 30071.dat
1 1 170 -72 250 0 0 1 0 1 0 -1 0 0 3622.dat
1 15 -470 -120 270 -1 0 0 0 1 0 0 0 -1 3861.dat
1 1 -50 -120 210 1 0 0 0 1 0 0 0 1 4070.dat
1 1 50 -120 210 1 0 0 0 1 0 0 0 1 4070.dat
1 1 170 -96 240 0 0 1 0 1 0 -1 0 0 3009.dat
1 1 170 -96 310 0 0 1 0 1 0 -1 0 0 30071.dat
1 1 150 -96 210 0 0 1 0 1 0 -1 0 0 30071.dat
1 1 170 -120 190 0 0 1 0 1 0 -1 0 0 30071.dat
1 1 160 -120 210 1 0 0 0 1 0 0 0 1 3004.dat
1 1 170 -120 250 0 0 1 0 1 0 -1 0 0 3622.dat
1 1 170 -120 300 0 0 1 0 1 0 -1 0 0 3004.dat
1 46 50 -110 196 1 0 0 0 0 -1 0 1 0 4073.dat
1 46 -50 -110 196 1 0 0 0 0 -1 0 1 0 4073.dat
1 15 -100 -120 210 1 0 0 0 1 0 0 0 1 2493a.dat
1 15 100 -120 210 1 0 0 0 1 0 0 0 1 2493a.dat
1 15 -170 -120 260 0 0 1 0 1 0 -1 0 0 2493a.dat
1 47 -174 -120 260 0 0 -1 0 1 0 1 0 0 2494d01.dat
1 47 -100 -120 210 -1 0 0 0 1 0 0 0 -1 2494d01.dat
1 47 100 -120 210 -1 0 0 0 1 0 0 0 -1 2494d01.dat
1 15 30 -120 210 0 0 -1 0 1 0 1 0 0 4343c02.dat
1 4 -650 -144 240 0 0 1 0 1 0 -1 0 0 3009.dat
1 4 -650 -144 310 1 0 0 0 1 0 0 0 1 30071.dat
1 4 -560 -144 190 1 0 0 0 1 0 0 0 1 3008.dat
1 4 -470 -144 240 0 0 1 0 1 0 -1 0 0 3009.dat
1 1 -420 -144 310 1 0 0 0 1 0 0 0 1 3009.dat
1 1 -220 -144 310 1 0 0 0 1 0 0 0 1 3009.dat
1 1 -170 -144 240 0 0 -1 0 1 0 1 0 0 3009.dat
1 1 -320 -144 320 -1 0 0 0 1 0 0 0 -1 3830.dat
1 1 -320 -144 320 -1 0 0 0 1 0 0 0 -1 3831.dat
1 1 -120 -144 210 -1 0 0 0 1 0 0 0 -1 3010.dat
1 1 120 -144 210 -1 0 0 0 1 0 0 0 -1 3010.dat
1 1 0 -144 210 -1 0 0 0 1 0 0 0 -1 3008.dat
1 1 170 -144 240 0 0 1 0 1 0 -1 0 0 3009.dat
1 1 170 -144 310 0 0 1 0 1 0 -1 0 0 30071.dat
1 1 170 -168 190 0 0 1 0 1 0 -1 0 0 30071.dat
1 1 170 -168 230 -1 0 0 0 1 0 0 0 -1 2357.dat
1 1 -170 -168 230 0 0 1 0 1 0 -1 0 0 2357.dat
1 1 -170 -168 190 0 0 1 0 1 0 -1 0 0 30071.dat
1 1 170 -168 280 0 0 1 0 1 0 -1 0 0 3010.dat
1 1 -170 -168 280 0 0 1 0 1 0 -1 0 0 3010.dat
1 4 -210 -152 310 1 0 0 0 1 0 0 0 1 3623.dat
1 4 -280 -152 310 1 0 0 0 1 0 0 0 1 3710.dat
1 4 -380 -152 310 1 0 0 0 1 0 0 0 1 3666.dat
1 1 -560 -152 260 1 0 0 0 1 0 0 0 1 3028.dat
1 1 -740 -127 260 1 0 0 0 1 0 0 0 1 3036a.dat
1 1 170 -192 250 -1 0 0 0 1 0 0 0 -1 2357.dat
1 1 -170 -192 250 0 0 1 0 1 0 -1 0 0 2357.dat
1 1 -170 -192 290 0 0 1 0 1 0 -1 0 0 3622.dat
1 1 170 -192 290 0 0 1 0 1 0 -1 0 0 3622.dat
1 1 170 -192 210 1 0 0 0 1 0 0 0 1 3040b.dat
1 1 -170 -192 210 1 0 0 0 1 0 0 0 1 3040b.dat
1 4 -80 -168 210 1 0 0 0 1 0 0 0 1 4445.dat
1 4 80 -168 210 1 0 0 0 1 0 0 0 1 4445.dat
1 4 0 -192 230 1 0 0 0 1 0 0 0 1 4445.dat
1 4 120 -192 230 1 0 0 0 1 0 0 0 1 3037.dat
1 4 -120 -192 230 1 0 0 0 1 0 0 0 1 3037.dat
1 1 170 -216 230 1 0 0 0 1 0 0 0 1 3040b.dat
1 1 -170 -216 230 1 0 0 0 1 0 0 0 1 3040b.dat
1 1 170 -216 270 -1 0 0 0 1 0 0 0 -1 2357.dat
1 1 -170 -216 270 0 0 1 0 1 0 -1 0 0 2357.dat
1 1 -170 -216 300 0 0 -1 0 1 0 1 0 0 3660.dat
1 1 -300 -8 200 -1 0 0 0 1 0 0 0 -1 3022.dat
1 1 -300 -8 -200 -1 0 0 0 1 0 0 0 -1 3022.dat
1 15 -310 -32 190 0 0 1 0 1 0 -1 0 0 4070.dat
1 15 -290 -32 -190 0 0 -1 0 1 0 1 0 0 4070.dat
0 MLCAD FLEXHOSE 0 0 11 0 1 0 0 0 1 0 0 0 1  -260 -70 -220  0 -30 0 -290 -32 -190 -150 0 0 150 LS60.dat LS60.dat 0
0 MLCAD SKIP_BEGIN
1 0 -260 -59 -220 -0.243298 -0.0316722 0.969434 0 -0.999467 -0.0326534 0.969952 -0.00794448 0.243168 LS60.dat
1 0 -259.977 -58.2891 -219.994 -0.244338 -0.0948347 0.965042 0 -0.995206 -0.097799 0.96969 -0.0238961 0.243167 LS60.dat
1 0 -259.91 -57.5818 -219.977 -0.245516 -0.156951 0.956602 0 -0.986806 -0.161906 0.969392 -0.0397506 0.242277 LS60.dat
1 0 -259.798 -56.8801 -219.949 -0.246743 -0.2171 0.94445 0 -0.974583 -0.224027 0.969081 -0.0552772 0.240472 LS60.dat
1 0 -259.644 -56.1859 -219.91 -0.248008 -0.274509 0.929052 0 -0.959013 -0.283361 0.968758 -0.0702758 0.237843 LS60.dat
1 0 -259.448 -55.501 -219.86 -0.249306 -0.328585 0.910977 0 -0.940679 -0.339299 0.968425 -0.0845891 0.234517 LS60.dat
1 0 -259.212 -54.8269 -219.799 -0.250634 -0.378941 0.890835 0 -0.920206 -0.391434 0.968082 -0.0981067 0.230635 LS60.dat
1 0 -258.94 -54.165 -219.728 -0.25199 -0.425374 0.869229 0 -0.898214 -0.439558 0.96773 -0.110764 0.226341 LS60.dat
1 0 -258.632 -53.5162 -219.648 -0.253372 -0.467848 0.846712 0 -0.875273 -0.483629 0.967369 -0.122538 0.221769 LS60.dat
1 0 -258.293 -52.8813 -219.559 -0.254778 -0.506455 0.823766 0 -0.851879 -0.523739 0.967 -0.133437 0.21704 LS60.dat
1 0 -257.924 -52.2608 -219.462 -0.256207 -0.54138 0.800791 0 -0.828443 -0.560074 0.966622 -0.143495 0.212253 LS60.dat
1 0 -257.528 -51.6552 -219.357 -0.257658 -0.572864 0.778099 0 -0.805289 -0.592882 0.966236 -0.152761 0.207489 LS60.dat
1 0 -257.108 -51.0646 -219.245 -0.25913 -0.601184 0.755929 0 -0.782663 -0.622446 0.965843 -0.161294 0.202811 LS60.dat
1 0 -256.666 -50.489 -219.127 -0.260621 -0.626625 0.73445 0 -0.760741 -0.649056 0.965441 -0.169158 0.198265 LS60.dat
1 0 -256.204 -49.9282 -219.002 -0.262133 -0.64947 0.713776 0 -0.739639 -0.673003 0.965032 -0.176416 0.193884 LS60.dat
1 0 -255.725 -49.3821 -218.872 -0.263663 -0.669986 0.693974 0 -0.719432 -0.694563 0.964615 -0.183131 0.189688 LS60.dat
1 0 -255.23 -48.8503 -218.736 -0.265213 -0.688425 0.67508 0 -0.700153 -0.713993 0.96419 -0.18936 0.18569 LS60.dat
1 0 -254.72 -48.3325 -218.596 -0.266782 -0.705014 0.657102 0 -0.681813 -0.731527 0.963757 -0.195158 0.181895 LS60.dat
1 0 -254.199 -47.8282 -218.452 -0.268371 -0.719959 0.640028 0 -0.664402 -0.747376 0.963316 -0.200574 0.178306 LS60.dat
1 0 -253.666 -47.3369 -218.304 -0.26998 -0.733444 0.623836 0 -0.647895 -0.76173 0.962866 -0.205652 0.174918 LS60.dat
1 0 -253.125 -46.8582 -218.152 -0.271609 -0.745631 0.608492 0 -0.63226 -0.774756 0.962408 -0.210431 0.171728 LS60.dat
1 0 -252.574 -46.3915 -217.996 -0.27326 -0.756666 0.593958 0 -0.617458 -0.786604 0.96194 -0.214948 0.168727 LS60.dat
1 0 -252.016 -45.9364 -217.838 -0.274934 -0.766673 0.580193 0 -0.603448 -0.797402 0.961463 -0.219233 0.165908 LS60.dat
1 0 -251.452 -45.4923 -217.677 -0.276631 -0.775765 0.567154 0 -0.590186 -0.807267 0.960976 -0.223315 0.163264 LS60.dat
1 0 -250.882 -45.0588 -217.513 -0.278352 -0.784039 0.5548 0 -0.577629 -0.8163 0.960479 -0.227219 0.160784 LS60.dat
1 0 -250.308 -44.6354 -217.346 -0.2801 -0.79158 0.543089 0 -0.565735 -0.824587 0.959971 -0.230967 0.158462 LS60.dat
1 0 -249.729 -44.2215 -217.177 -0.281874 -0.798464 0.53198 0 -0.554463 -0.832209 0.959451 -0.234578 0.156289 LS60.dat
1 0 -249.146 -43.8168 -217.006 -0.283677 -0.804756 0.521436 0 -0.543774 -0.839231 0.95892 -0.238071 0.154256 LS60.dat
1 0 -248.56 -43.4207 -216.832 -0.28551 -0.810514 0.511421 0 -0.533633 -0.845716 0.958376 -0.241461 0.152358 LS60.dat
1 0 -247.971 -43.0329 -216.657 -0.287376 -0.815789 0.5019 0 -0.524004 -0.851716 0.957818 -0.244763 0.150586 LS60.dat
1 0 -247.379 -42.6529 -216.479 -0.289275 -0.820625 0.492844 0 -0.514856 -0.857277 0.957246 -0.247989 0.148935 LS60.dat
1 0 -246.785 -42.2804 -216.3 -0.291211 -0.825062 0.484221 0 -0.506158 -0.862441 0.956659 -0.251152 0.147399 LS60.dat
1 0 -246.19 -41.915 -216.119 -0.293184 -0.829134 0.476005 0 -0.497884 -0.867244 0.956056 -0.254262 0.145972 LS60.dat
1 0 -245.592 -41.5562 -215.936 -0.295198 -0.832872 0.46817 0 -0.490006 -0.871719 0.955436 -0.25733 0.144649 LS60.dat
1 0 -244.993 -41.2038 -215.75 -0.297255 -0.836302 0.460693 0 -0.482503 -0.875894 0.954798 -0.260364 0.143427 LS60.dat
1 0 -244.393 -40.8574 -215.564 -0.299358 -0.839449 0.453553 0 -0.475352 -0.879796 0.954141 -0.263374 0.1423 LS60.dat
1 0 -243.791 -40.5166 -215.375 -0.301509 -0.842334 0.446729 0 -0.468532 -0.883446 0.953463 -0.266367 0.141267 LS60.dat
1 0 -243.188 -40.1813 -215.184 -0.303711 -0.844974 0.440203 0 -0.462027 -0.886866 0.952764 -0.269351 0.140323 LS60.dat
1 0 -242.584 -39.8511 -214.992 -0.305968 -0.847387 0.433958 0 -0.455818 -0.890073 0.952042 -0.272334 0.139466 LS60.dat
1 0 -241.979 -39.5257 -214.797 -0.308283 -0.849586 0.427978 0 -0.44989 -0.893084 0.951295 -0.275323 0.138694 LS60.dat
1 0 -241.373 -39.2048 -214.601 -0.31066 -0.851584 0.42225 0 -0.44423 -0.895913 0.950521 -0.278325 0.138005 LS60.dat
1 0 -240.767 -38.8882 -214.402 -0.313104 -0.853392 0.416759 0 -0.438824 -0.898573 0.949719 -0.281347 0.137397 LS60.dat
1 0 -240.159 -38.5757 -214.202 -0.315618 -0.855019 0.411495 0 -0.433661 -0.901076 0.948886 -0.284396 0.136871 LS60.dat
1 0 -239.55 -38.267 -214 -0.318207 -0.856474 0.406445 0 -0.42873 -0.903433 0.948021 -0.287478 0.136425 LS60.dat
1 0 -238.94 -37.9618 -213.795 -0.320876 -0.857762 0.401599 0 -0.424021 -0.905652 0.947121 -0.290602 0.136058 LS60.dat
1 0 -238.33 -37.66 -213.588 -0.323632 -0.858891 0.396949 0 -0.419527 -0.907743 0.946183 -0.293774 0.135772 LS60.dat
1 0 -237.718 -37.3613 -213.379 -0.326479 -0.859864 0.392486 0 -0.415239 -0.909712 0.945204 -0.297002 0.135567 LS60.dat
1 0 -237.106 -37.0655 -213.167 -0.329425 -0.860685 0.388201 0 -0.411151 -0.911567 0.944182 -0.300293 0.135444 LS60.dat
1 0 -236.492 -36.7725 -212.953 -0.332478 -0.861356 0.384088 0 -0.407257 -0.913314 0.943111 -0.303656 0.135404 LS60.dat
1 0 -235.878 -36.482 -212.737 -0.335644 -0.861879 0.380142 0 -0.403552 -0.914957 0.941989 -0.3071 0.13545 LS60.dat
1 0 -235.263 -36.1938 -212.517 -0.338933 -0.862254 0.376354 0 -0.400032 -0.916501 0.940811 -0.310632 0.135584 LS60.dat
1 0 -234.646 -35.9078 -212.295 -0.342354 -0.86248 0.372722 0 -0.396694 -0.917951 0.939571 -0.314264 0.13581 LS60.dat
1 0 -234.028 -35.6237 -212.07 -0.345917 -0.862556 0.369241 0 -0.393536 -0.919309 0.938265 -0.318005 0.136131 LS60.dat
1 0 -233.41 -35.3414 -211.842 -0.349636 -0.862478 0.365905 0 -0.390555 -0.92058 0.936886 -0.321868 0.136552 LS60.dat
1 0 -232.79 -35.0607 -211.611 -0.353522 -0.862242 0.362713 0 -0.387752 -0.921764 0.935426 -0.325863 0.137079 LS60.dat
1 0 -232.169 -34.7814 -211.376 -0.357589 -0.861843 0.359662 0 -0.385127 -0.922864 0.933879 -0.330006 0.137717 LS60.dat
1 0 -231.547 -34.5034 -211.138 -0.361855 -0.861273 0.356748 0 -0.382681 -0.923881 0.932234 -0.334311 0.138475 LS60.dat
1 0 -230.923 -34.2265 -210.896 -0.366336 -0.860524 0.353971 0 -0.380417 -0.924815 0.930482 -0.338793 0.13936 LS60.dat
1 0 -230.299 -33.9505 -210.65 -0.371054 -0.859585 0.351329 0 -0.378338 -0.925667 0.928611 -0.343473 0.140384 LS60.dat
1 0 -229.674 -33.6752 -210.4 -0.376031 -0.858443 0.348821 0 -0.37645 -0.926437 0.926607 -0.348369 0.141557 LS60.dat
1 0 -229.047 -33.4005 -210.146 -0.381292 -0.857083 0.346447 0 -0.374759 -0.927122 0.924455 -0.353504 0.142893 LS60.dat
1 0 -228.42 -33.1263 -209.887 -0.386867 -0.855485 0.344208 0 -0.373273 -0.927722 0.922135 -0.358905 0.144407 LS60.dat
1 0 -227.792 -32.8522 -209.624 -0.392789 -0.853629 0.342103 0 -0.372001 -0.928232 0.919628 -0.3646 0.146118 LS60.dat
1 0 -227.163 -32.5782 -209.355 -0.399097 -0.851487 0.340134 0 -0.370957 -0.92865 0.916909 -0.370621 0.148048 LS60.dat
1 0 -226.534 -32.3041 -209.082 -0.405833 -0.84903 0.338301 0 -0.370154 -0.92897 0.913947 -0.377007 0.150221 LS60.dat
1 0 -225.905 -32.0298 -208.802 -0.413049 -0.846219 0.336607 0 -0.36961 -0.929187 0.910709 -0.383799 0.152667 LS60.dat
1 0 -225.275 -31.7549 -208.517 -0.420802 -0.84301 0.335052 0 -0.369344 -0.929293 0.907152 -0.391048 0.155421 LS60.dat
1 0 -224.647 -31.4794 -208.225 -0.429162 -0.839349 0.333636 0 -0.369383 -0.929277 0.903228 -0.39881 0.158525 LS60.dat
1 0 -224.019 -31.2031 -207.927 -0.438208 -0.835171 0.332361 0 -0.369753 -0.92913 0.898874 -0.407152 0.162029 LS60.dat
1 0 -223.392 -30.9258 -207.621 -0.448034 -0.830395 0.331225 0 -0.370491 -0.928836 0.894016 -0.41615 0.165993 LS60.dat
1 0 -222.768 -30.6473 -207.308 -0.458753 -0.824923 0.330222 0 -0.371636 -0.928379 0.888564 -0.425897 0.170489 LS60.dat
1 0 -222.147 -30.3674 -206.988 -0.470498 -0.818635 0.329345 0 -0.373238 -0.927736 0.882401 -0.436498 0.175608 LS60.dat
1 0 -221.529 -30.0859 -206.658 -0.483428 -0.811377 0.328578 0 -0.375353 -0.926882 0.875384 -0.448081 0.181456 LS60.dat
1 0 -220.917 -29.8026 -206.32 -0.497737 -0.802958 0.327895 0 -0.378053 -0.925784 0.867328 -0.460797 0.188171 LS60.dat
1 0 -220.311 -29.5174 -205.973 -0.513659 -0.793132 0.327254 0 -0.381418 -0.924403 0.857994 -0.474828 0.195919 LS60.dat
1 0 -219.714 -29.23 -205.615 -0.531479 -0.781583 0.326585 0 -0.385546 -0.922688 0.847071 -0.49039 0.20491 LS60.dat
1 0 -219.126 -28.9402 -205.246 -0.551546 -0.767896 0.32578 0 -0.390556 -0.920579 0.834145 -0.507742 0.215409 LS60.dat
1 0 -218.552 -28.648 -204.866 -0.574287 -0.751524 0.324664 0 -0.396582 -0.917999 0.818654 -0.527195 0.227752 LS60.dat
1 0 -217.993 -28.353 -204.474 -0.600222 -0.731732 0.322959 0 -0.403783 -0.914855 0.799833 -0.549116 0.242359 LS60.dat
1 0 -217.453 -28.0553 -204.069 -0.629979 -0.70752 0.320222 0 -0.412332 -0.911034 0.776612 -0.573932 0.25976 LS60.dat
1 0 -216.937 -27.7546 -203.651 -0.664289 -0.677516 0.315739 0 -0.422407 -0.906406 0.747475 -0.602116 0.280601 LS60.dat
1 0 -216.45 -27.4509 -203.218 -0.703952 -0.639816 0.30836 0 -0.434159 -0.900836 0.710247 -0.634146 0.305627 LS60.dat
1 0 -215.998 -27.1443 -202.77 -0.749701 -0.591772 0.296234 0 -0.447634 -0.894217 0.661777 -0.670395 0.335592 LS60.dat
1 0 -215.589 -26.8348 -202.307 -0.801849 -0.52974 0.276431 0 -0.462625 -0.886554 0.597527 -0.710882 0.370955 LS60.dat
1 0 -215.232 -26.5227 -201.827 -0.85948 -0.448886 0.24453 0 -0.478374 -0.878156 0.511169 -0.754758 0.411153 LS60.dat
1 0 -214.937 -26.2084 -201.331 -0.91882 -0.343365 0.194604 0 -0.493072 -0.869989 0.394678 -0.799363 0.453044 LS60.dat
1 0 -214.717 -25.8923 -200.819 -0.97071 -0.207623 0.120895 0 -0.503192 -0.864175 0.240256 -0.838863 0.488453 LS60.dat
1 0 -214.586 -25.5755 -200.291 -0.998933 -0.0399193 0.023244 0 -0.503188 -0.864177 0.0461935 -0.863254 0.502651 LS60.dat
1 0 -214.561 -25.2591 -199.748 -0.984718 0.152125 -0.0847889 0 -0.486849 -0.873486 -0.174158 -0.860137 0.479409 LS60.dat
1 0 -214.659 -24.9447 -199.192 -0.920454 0.348808 -0.176346 0 -0.451184 -0.892431 -0.390851 -0.821442 0.415294 LS60.dat
1 0 -214.899 -24.6341 -198.627 -0.819238 0.525583 -0.229373 0 -0.399984 -0.916522 -0.573454 -0.750849 0.327682 LS60.dat
1 0 -215.299 -24.3299 -198.056 -0.705056 0.666349 -0.242641 0 -0.342157 -0.939643 -0.709151 -0.662501 0.24124 LS60.dat
1 0 -215.874 -24.0347 -197.484 -0.59673 0.768867 -0.229691 0 -0.28624 -0.958158 -0.802442 -0.571761 0.170808 LS60.dat
1 0 -216.635 -23.7513 -196.918 -0.50285 0.839729 -0.204932 0 -0.237087 -0.971488 -0.864373 -0.488513 0.119219 LS60.dat
1 0 -217.587 -23.4826 -196.364 -0.424977 0.887622 -0.177544 0 -0.196137 -0.980577 -0.905204 -0.416723 0.0833537 LS60.dat
1 0 -218.726 -23.2308 -195.83 -0.361553 0.919892 -0.151911 0 -0.162934 -0.986637 -0.932351 -0.356722 0.0589092 LS60.dat
1 0 -220.041 -22.9979 -195.32 -0.310148 0.941814 -0.129595 0 -0.136317 -0.990665 -0.950688 -0.307252 0.0422783 LS60.dat
1 0 -221.513 -22.7849 -194.839 -0.268392 0.956916 -0.110807 0 -0.115028 -0.993362 -0.96331 -0.26661 0.0308724 LS60.dat
1 0 -223.118 -22.5919 -194.392 -0.234274 0.967496 -0.0952218 0 -0.0979476 -0.995192 -0.972171 -0.233147 0.0229466 LS60.dat
1 0 -224.83 -22.4186 -193.98 -0.206177 0.975043 -0.0823521 0 -0.0841604 -0.996452 -0.978515 -0.205446 0.0173519 LS60.dat
1 0 -226.623 -22.2639 -193.602 -0.182834 0.980525 -0.071713 0 -0.0729425 -0.997336 -0.983144 -0.182347 0.0133363 LS60.dat
1 0 -228.472 -22.1263 -193.258 -0.16326 0.984577 -0.0628788 0 -0.0637339 -0.997967 -0.986583 -0.162928 0.0104052 LS60.dat
1 0 -230.356 -22.0044 -192.946 -0.146694 0.987624 -0.0554975 0 -0.0561044 -0.998425 -0.989182 -0.146463 0.00823016 LS60.dat
1 0 -232.256 -21.8964 -192.664 -0.132546 0.989951 -0.0492853 0 -0.049724 -0.998763 -0.991177 -0.132382 0.00659072 LS60.dat
1 0 -234.159 -21.8009 -192.41 -0.120358 0.991754 -0.0440171 0 -0.0443394 -0.999017 -0.992731 -0.12024 0.00533662 LS60.dat
1 0 -236.052 -21.7162 -192.181 -0.109772 0.993171 -0.0395151 0 -0.0397554 -0.999209 -0.993957 -0.109685 0.00436403 LS60.dat
1 0 -237.926 -21.6412 -191.974 -0.100506 0.994298 -0.0356389 0 -0.0358203 -0.999358 -0.994936 -0.100442 0.00360016 LS60.dat
1 0 -239.775 -21.5746 -191.787 -0.0923369 0.995205 -0.0322774 0 -0.0324159 -0.999474 -0.995728 -0.0922883 0.00299318 LS60.dat
1 0 -241.593 -21.5154 -191.618 -0.0850865 0.995941 -0.0293423 0 -0.029449 -0.999566 -0.996374 -0.0850496 0.00250572 LS60.dat
1 0 -243.378 -21.4626 -191.466 -0.0786118 0.996546 -0.0267628 0 -0.0268459 -0.99964 -0.996905 -0.0785835 0.00211041 LS60.dat
1 0 -245.126 -21.4155 -191.328 -0.0727968 0.997046 -0.0244823 0 -0.0245475 -0.999699 -0.997347 -0.0727748 0.00178698 LS60.dat
1 0 -246.836 -21.3734 -191.203 -0.0675466 0.997463 -0.0224547 0 -0.0225061 -0.999747 -0.997716 -0.0675295 0.00152021 LS60.dat
1 0 -248.507 -21.3357 -191.09 -0.0627834 0.997814 -0.0206425 0 -0.0206833 -0.999786 -0.998027 -0.06277 0.00129857 LS60.dat
1 0 -250.14 -21.3019 -190.987 -0.0584426 0.99811 -0.0190149 0 -0.0190475 -0.999819 -0.998291 -0.058432 0.00111319 LS60.dat
1 0 -251.733 -21.2714 -190.894 -0.0544704 0.998361 -0.0175464 0 -0.0175725 -0.999846 -0.998515 -0.0544619 0.000957182 LS60.dat
1 0 -253.288 -21.2441 -190.809 -0.0508213 0.998576 -0.0162159 0 -0.0162369 -0.999868 -0.998708 -0.0508146 0.000825182 LS60.dat
1 0 -254.805 -21.2194 -190.732 -0.0474574 0.998761 -0.0150057 0 -0.0150226 -0.999887 -0.998873 -0.047452 0.000712932 LS60.dat
1 0 -256.284 -21.1972 -190.662 -0.0443459 0.99892 -0.0139007 0 -0.0139144 -0.999903 -0.999016 -0.0443416 0.000617047 LS60.dat
1 0 -257.728 -21.1771 -190.598 -0.0414593 0.999057 -0.0128885 0 -0.0128996 -0.999917 -0.99914 -0.0414558 0.000534806 LS60.dat
1 0 -259.135 -21.1589 -190.539 -0.0387735 0.999176 -0.0119582 0 -0.0119672 -0.999928 -0.999248 -0.0387707 0.000464009 LS60.dat
1 0 -260.508 -21.1424 -190.486 -0.036268 0.99928 -0.0111006 0 -0.0111079 -0.999938 -0.999342 -0.0362658 0.000402862 LS60.dat
1 0 -261.848 -21.1275 -190.437 -0.0339249 0.999371 -0.0103079 0 -0.0103138 -0.999947 -0.999424 -0.0339231 0.000349895 LS60.dat
1 0 -263.155 -21.1141 -190.393 -0.0317285 0.999451 -0.00957316 0 -0.00957799 -0.999954 -0.999497 -0.0317271 0.000303895 LS60.dat
1 0 -264.43 -21.1018 -190.352 -0.0296653 0.99952 -0.00889051 0 -0.00889442 -0.99996 -0.99956 -0.0296641 0.000263855 LS60.dat
1 0 -265.675 -21.0908 -190.316 -0.0277231 0.999582 -0.00825475 0 -0.00825792 -0.999966 -0.999616 -0.0277221 0.000228935 LS60.dat
1 0 -266.891 -21.0807 -190.282 -0.0258914 0.999635 -0.00766136 0 -0.00766393 -0.999971 -0.999665 -0.0258906 0.00019843 LS60.dat
1 0 -268.077 -21.0716 -190.251 -0.0241607 0.999683 -0.00710638 0 -0.00710845 -0.999975 -0.999708 -0.0241601 0.000171745 LS60.dat
1 0 -269.237 -21.0634 -190.223 -0.0225228 0.999725 -0.00658629 0 -0.00658796 -0.999978 -0.999746 -0.0225223 0.000148379 LS60.dat
1 0 -270.369 -21.0559 -190.198 -0.0209701 0.999762 -0.00609801 0 -0.00609935 -0.999981 -0.99978 -0.0209697 0.000127904 LS60.dat
1 0 -271.476 -21.0492 -190.174 -0.0194961 0.999794 -0.00563879 0 -0.00563986 -0.999984 -0.99981 -0.0194957 0.000109955 LS60.dat
1 0 -272.557 -21.0431 -190.153 -0.0180946 0.999823 -0.00520617 0 -0.00520702 -0.999986 -0.999836 -0.0180944 9.42189e-005 LS60.dat
1 0 -273.615 -21.0376 -190.134 -0.0167604 0.999848 -0.00479797 0 -0.00479864 -0.999988 -0.99986 -0.0167602 8.0427e-005 LS60.dat
1 0 -274.649 -21.0326 -190.117 -0.0154885 0.99987 -0.00441223 0 -0.00441276 -0.99999 -0.99988 -0.0154883 6.83471e-005 LS60.dat
1 0 -275.66 -21.0281 -190.101 -0.0142746 0.99989 -0.00404721 0 -0.00404762 -0.999992 -0.999898 -0.0142745 5.77782e-005 LS60.dat
1 0 -276.649 -21.0241 -190.087 -0.0131147 0.999907 -0.00370131 0 -0.00370163 -0.999993 -0.999914 -0.0131146 4.85457e-005 LS60.dat
1 0 -277.618 -21.0205 -190.074 -0.0120051 0.999922 -0.00337311 0 -0.00337336 -0.999994 -0.999928 -0.012005 4.04975e-005 LS60.dat
1 0 -278.565 -21.0173 -190.063 -0.0109426 0.999935 -0.00306133 0 -0.00306151 -0.999995 -0.99994 -0.0109425 3.35008e-005 LS60.dat
1 0 -279.493 -21.0145 -190.053 -0.00992407 0.999947 -0.00276478 0 -0.00276491 -0.999996 -0.999951 -0.00992403 2.74392e-005 LS60.dat
1 0 -280.402 -21.012 -190.044 -0.00894683 0.999957 -0.0024824 0 -0.0024825 -0.999997 -0.99996 -0.0089468 2.22105e-005 LS60.dat
1 0 -281.292 -21.0098 -190.036 -0.00800832 0.999965 -0.00221324 0 -0.00221331 -0.999998 -0.999968 -0.0080083 1.77249e-005 LS60.dat
1 0 -282.163 -21.0079 -190.029 -0.00710622 0.999973 -0.00195639 0 -0.00195644 -0.999998 -0.999975 -0.00710621 1.39029e-005 LS60.dat
1 0 -283.018 -21.0062 -190.023 -0.00623838 0.999979 -0.00171107 0 -0.0017111 -0.999999 -0.999981 -0.00623837 1.06745e-005 LS60.dat
1 0 -283.855 -21.0047 -190.017 -0.00540284 0.999984 -0.00147652 0 -0.00147654 -0.999999 -0.999985 -0.00540283 7.97749e-006 LS60.dat
1 0 -284.676 -21.0035 -190.013 -0.00459776 0.999989 -0.00125206 0 -0.00125208 -0.999999 -0.999989 -0.00459775 5.75674e-006 LS60.dat
1 0 -285.481 -21.0025 -190.009 -0.00382146 0.999992 -0.00103708 0 -0.00103709 -0.999999 -0.999993 -0.00382146 3.96321e-006 LS60.dat
1 0 -286.27 -21.0017 -190.006 -0.00307238 0.999995 -0.000831008 0 -0.000831012 -1 -0.999995 -0.00307238 2.55318e-006 LS60.dat
1 0 -287.045 -21.0011 -190.004 -0.00234907 0.999997 -0.000633302 0 -0.000633304 -1 -0.999997 -0.00234907 1.48768e-006 LS60.dat
1 0 -287.804 -21.0006 -190.002 -0.00165019 0.999999 -0.000443479 0 -0.000443479 -1 -0.999999 -0.00165019 7.31824e-007 LS60.dat
1 0 -288.55 -21.0003 -190.001 -0.000974472 0.999999 -0.000261087 0 -0.000261087 -1 -1 -0.000974472 2.54422e-007 LS60.dat
1 0 -289.282 -21.0001 -190 -0.000320762 1 -8.57078e-005 0 -8.57078e-005 -1 -1 -0.000320762 2.74918e-008 LS60.dat
0 MLCAD SKIP_END
0 MLCAD FLEXHOSE 0 -600 11 0 -1 0 0 0 1 0 0 0 -1  -260 -70 -220  0 -30 0 -290 -32 -190 -150 0 0 150 LS60.dat LS60.dat 0
0 MLCAD SKIP_BEGIN
1 0 -340 -59 220 0.243298 0.0316722 -0.969434 0 -0.999467 -0.0326534 -0.969952 0.00794448 -0.243168 LS60.dat
1 0 -340.023 -58.2891 219.994 0.244338 0.0948347 -0.965042 0 -0.995206 -0.097799 -0.96969 0.0238961 -0.243167 LS60.dat
1 0 -340.09 -57.5818 219.977 0.245516 0.156951 -0.956602 0 -0.986806 -0.161906 -0.969392 0.0397506 -0.242277 LS60.dat
1 0 -340.202 -56.8801 219.949 0.246743 0.2171 -0.94445 0 -0.974583 -0.224027 -0.969081 0.0552772 -0.240472 LS60.dat
1 0 -340.356 -56.1859 219.91 0.248008 0.274509 -0.929052 0 -0.959013 -0.283361 -0.968758 0.0702758 -0.237843 LS60.dat
1 0 -340.552 -55.501 219.86 0.249306 0.328585 -0.910977 0 -0.940679 -0.339299 -0.968425 0.0845891 -0.234517 LS60.dat
1 0 -340.788 -54.8269 219.799 0.250634 0.378941 -0.890835 0 -0.920206 -0.391434 -0.968082 0.0981067 -0.230635 LS60.dat
1 0 -341.06 -54.165 219.728 0.25199 0.425374 -0.869229 0 -0.898214 -0.439558 -0.96773 0.110764 -0.226341 LS60.dat
1 0 -341.368 -53.5162 219.648 0.253372 0.467848 -0.846712 0 -0.875273 -0.483629 -0.967369 0.122538 -0.221769 LS60.dat
1 0 -341.707 -52.8813 219.559 0.254778 0.506455 -0.823766 0 -0.851879 -0.523739 -0.967 0.133437 -0.21704 LS60.dat
1 0 -342.076 -52.2608 219.462 0.256207 0.54138 -0.800791 0 -0.828443 -0.560074 -0.966622 0.143495 -0.212253 LS60.dat
1 0 -342.472 -51.6552 219.357 0.257658 0.572864 -0.778099 0 -0.805289 -0.592882 -0.966236 0.152761 -0.207489 LS60.dat
1 0 -342.892 -51.0646 219.245 0.25913 0.601184 -0.755929 0 -0.782663 -0.622446 -0.965843 0.161294 -0.202811 LS60.dat
1 0 -343.334 -50.489 219.127 0.260621 0.626625 -0.73445 0 -0.760741 -0.649056 -0.965441 0.169158 -0.198265 LS60.dat
1 0 -343.796 -49.9282 219.002 0.262133 0.64947 -0.713776 0 -0.739639 -0.673003 -0.965032 0.176416 -0.193884 LS60.dat
1 0 -344.275 -49.3821 218.872 0.263663 0.669986 -0.693974 0 -0.719432 -0.694563 -0.964615 0.183131 -0.189688 LS60.dat
1 0 -344.77 -48.8503 218.736 0.265213 0.688425 -0.67508 0 -0.700153 -0.713993 -0.96419 0.18936 -0.18569 LS60.dat
1 0 -345.28 -48.3325 218.596 0.266782 0.705014 -0.657102 0 -0.681813 -0.731527 -0.963757 0.195158 -0.181895 LS60.dat
1 0 -345.801 -47.8282 218.452 0.268371 0.719959 -0.640028 0 -0.664402 -0.747376 -0.963316 0.200574 -0.178306 LS60.dat
1 0 -346.334 -47.3369 218.304 0.26998 0.733444 -0.623836 0 -0.647895 -0.76173 -0.962866 0.205652 -0.174918 LS60.dat
1 0 -346.875 -46.8582 218.152 0.271609 0.745631 -0.608492 0 -0.63226 -0.774756 -0.962408 0.210431 -0.171728 LS60.dat
1 0 -347.426 -46.3915 217.996 0.27326 0.756666 -0.593958 0 -0.617458 -0.786604 -0.96194 0.214948 -0.168727 LS60.dat
1 0 -347.984 -45.9364 217.838 0.274934 0.766673 -0.580193 0 -0.603448 -0.797402 -0.961463 0.219233 -0.165908 LS60.dat
1 0 -348.548 -45.4923 217.677 0.276631 0.775765 -0.567154 0 -0.590186 -0.807267 -0.960976 0.223315 -0.163264 LS60.dat
1 0 -349.118 -45.0588 217.513 0.278352 0.784039 -0.5548 0 -0.577629 -0.8163 -0.960479 0.227219 -0.160784 LS60.dat
1 0 -349.692 -44.6354 217.346 0.2801 0.79158 -0.543089 0 -0.565735 -0.824587 -0.959971 0.230967 -0.158462 LS60.dat
1 0 -350.271 -44.2215 217.177 0.281874 0.798464 -0.53198 0 -0.554463 -0.832209 -0.959451 0.234578 -0.156289 LS60.dat
1 0 -350.854 -43.8168 217.006 0.283677 0.804756 -0.521436 0 -0.543774 -0.839231 -0.95892 0.238071 -0.154256 LS60.dat
1 0 -351.44 -43.4207 216.832 0.28551 0.810514 -0.511421 0 -0.533633 -0.845716 -0.958376 0.241461 -0.152358 LS60.dat
1 0 -352.029 -43.0329 216.657 0.287376 0.815789 -0.5019 0 -0.524004 -0.851716 -0.957818 0.244763 -0.150586 LS60.dat
1 0 -352.621 -42.6529 216.479 0.289275 0.820625 -0.492844 0 -0.514856 -0.857277 -0.957246 0.247989 -0.148935 LS60.dat
1 0 -353.215 -42.2804 216.3 0.291211 0.825062 -0.484221 0 -0.506158 -0.862441 -0.956659 0.251152 -0.147399 LS60.dat
1 0 -353.81 -41.915 216.119 0.293184 0.829134 -0.476005 0 -0.497884 -0.867244 -0.956056 0.254262 -0.145972 LS60.dat
1 0 -354.408 -41.5562 215.936 0.295198 0.832872 -0.46817 0 -0.490006 -0.871719 -0.955436 0.25733 -0.144649 LS60.dat
1 0 -355.007 -41.2038 215.75 0.297255 0.836302 -0.460693 0 -0.482503 -0.875894 -0.954798 0.260364 -0.143427 LS60.dat
1 0 -355.607 -40.8574 215.564 0.299358 0.839449 -0.453553 0 -0.475352 -0.879796 -0.954141 0.263374 -0.1423 LS60.dat
1 0 -356.209 -40.5166 215.375 0.301509 0.842334 -0.446729 0 -0.468532 -0.883446 -0.953463 0.266367 -0.141267 LS60.dat
1 0 -356.812 -40.1813 215.184 0.303711 0.844974 -0.440203 0 -0.462027 -0.886866 -0.952764 0.269351 -0.140323 LS60.dat
1 0 -357.416 -39.8511 214.992 0.305968 0.847387 -0.433958 0 -0.455818 -0.890073 -0.952042 0.272334 -0.139466 LS60.dat
1 0 -358.021 -39.5257 214.797 0.308283 0.849586 -0.427978 0 -0.44989 -0.893084 -0.951295 0.275323 -0.138694 LS60.dat
1 0 -358.627 -39.2048 214.601 0.31066 0.851584 -0.42225 0 -0.44423 -0.895913 -0.950521 0.278325 -0.138005 LS60.dat
1 0 -359.233 -38.8882 214.402 0.313104 0.853392 -0.416759 0 -0.438824 -0.898573 -0.949719 0.281347 -0.137397 LS60.dat
1 0 -359.841 -38.5757 214.202 0.315618 0.855019 -0.411495 0 -0.433661 -0.901076 -0.948886 0.284396 -0.136871 LS60.dat
1 0 -360.45 -38.267 214 0.318207 0.856474 -0.406445 0 -0.42873 -0.903433 -0.948021 0.287478 -0.136425 LS60.dat
1 0 -361.06 -37.9618 213.795 0.320876 0.857762 -0.401599 0 -0.424021 -0.905652 -0.947121 0.290602 -0.136058 LS60.dat
1 0 -361.67 -37.66 213.588 0.323632 0.858891 -0.396949 0 -0.419527 -0.907743 -0.946183 0.293774 -0.135772 LS60.dat
1 0 -362.282 -37.3613 213.379 0.326479 0.859864 -0.392486 0 -0.415239 -0.909712 -0.945204 0.297002 -0.135567 LS60.dat
1 0 -362.894 -37.0655 213.167 0.329425 0.860685 -0.388201 0 -0.411151 -0.911567 -0.944182 0.300293 -0.135444 LS60.dat
1 0 -363.508 -36.7725 212.953 0.332478 0.861356 -0.384088 0 -0.407257 -0.913314 -0.943111 0.303656 -0.135404 LS60.dat
1 0 -364.122 -36.482 212.737 0.335644 0.861879 -0.380142 0 -0.403552 -0.914957 -0.941989 0.3071 -0.13545 LS60.dat
1 0 -364.737 -36.1938 212.517 0.338933 0.862254 -0.376354 0 -0.400032 -0.916501 -0.940811 0.310632 -0.135584 LS60.dat
1 0 -365.354 -35.9078 212.295 0.342354 0.86248 -0.372722 0 -0.396694 -0.917951 -0.939571 0.314264 -0.13581 LS60.dat
1 0 -365.972 -35.6237 212.07 0.345917 0.862556 -0.369241 0 -0.393536 -0.919309 -0.938265 0.318005 -0.136131 LS60.dat
1 0 -366.59 -35.3414 211.842 0.349636 0.862478 -0.365905 0 -0.390555 -0.92058 -0.936886 0.321868 -0.136552 LS60.dat
1 0 -367.21 -35.0607 211.611 0.353522 0.862242 -0.362713 0 -0.387752 -0.921764 -0.935426 0.325863 -0.137079 LS60.dat
1 0 -367.831 -34.7814 211.376 0.357589 0.861843 -0.359662 0 -0.385127 -0.922864 -0.933879 0.330006 -0.137717 LS60.dat
1 0 -368.453 -34.5034 211.138 0.361855 0.861273 -0.356748 0 -0.382681 -0.923881 -0.932234 0.334311 -0.138475 LS60.dat
1 0 -369.077 -34.2265 210.896 0.366336 0.860524 -0.353971 0 -0.380417 -0.924815 -0.930482 0.338793 -0.13936 LS60.dat
1 0 -369.701 -33.9505 210.65 0.371054 0.859585 -0.351329 0 -0.378338 -0.925667 -0.928611 0.343473 -0.140384 LS60.dat
1 0 -370.326 -33.6752 210.4 0.376031 0.858443 -0.348821 0 -0.37645 -0.926437 -0.926607 0.348369 -0.141557 LS60.dat
1 0 -370.953 -33.4005 210.146 0.381292 0.857083 -0.346447 0 -0.374759 -0.927122 -0.924455 0.353504 -0.142893 LS60.dat
1 0 -371.58 -33.1263 209.887 0.386867 0.855485 -0.344208 0 -0.373273 -0.927722 -0.922135 0.358905 -0.144407 LS60.dat
1 0 -372.208 -32.8522 209.624 0.392789 0.853629 -0.342103 0 -0.372001 -0.928232 -0.919628 0.3646 -0.146118 LS60.dat
1 0 -372.837 -32.5782 209.355 0.399097 0.851487 -0.340134 0 -0.370957 -0.92865 -0.916909 0.370621 -0.148048 LS60.dat
1 0 -373.466 -32.3041 209.082 0.405833 0.84903 -0.338301 0 -0.370154 -0.92897 -0.913947 0.377007 -0.150221 LS60.dat
1 0 -374.095 -32.0298 208.802 0.413049 0.846219 -0.336607 0 -0.36961 -0.929187 -0.910709 0.383799 -0.152667 LS60.dat
1 0 -374.725 -31.7549 208.517 0.420802 0.84301 -0.335052 0 -0.369344 -0.929293 -0.907152 0.391048 -0.155421 LS60.dat
1 0 -375.353 -31.4794 208.225 0.429162 0.839349 -0.333636 0 -0.369383 -0.929277 -0.903228 0.39881 -0.158525 LS60.dat
1 0 -375.981 -31.2031 207.927 0.438208 0.835171 -0.332361 0 -0.369753 -0.92913 -0.898874 0.407152 -0.162029 LS60.dat
1 0 -376.608 -30.9258 207.621 0.448034 0.830395 -0.331225 0 -0.370491 -0.928836 -0.894016 0.41615 -0.165993 LS60.dat
1 0 -377.232 -30.6473 207.308 0.458753 0.824923 -0.330222 0 -0.371636 -0.928379 -0.888564 0.425897 -0.170489 LS60.dat
1 0 -377.853 -30.3674 206.988 0.470498 0.818635 -0.329345 0 -0.373238 -0.927736 -0.882401 0.436498 -0.175608 LS60.dat
1 0 -378.471 -30.0859 206.658 0.483428 0.811377 -0.328578 0 -0.375353 -0.926882 -0.875384 0.448081 -0.181456 LS60.dat
1 0 -379.083 -29.8026 206.32 0.497737 0.802958 -0.327895 0 -0.378053 -0.925784 -0.867328 0.460797 -0.188171 LS60.dat
1 0 -379.689 -29.5174 205.973 0.513659 0.793132 -0.327254 0 -0.381418 -0.924403 -0.857994 0.474828 -0.195919 LS60.dat
1 0 -380.286 -29.23 205.615 0.531479 0.781583 -0.326585 0 -0.385546 -0.922688 -0.847071 0.49039 -0.20491 LS60.dat
1 0 -380.874 -28.9402 205.246 0.551546 0.767896 -0.32578 0 -0.390556 -0.920579 -0.834145 0.507742 -0.215409 LS60.dat
1 0 -381.448 -28.648 204.866 0.574287 0.751524 -0.324664 0 -0.396582 -0.917999 -0.818654 0.527195 -0.227752 LS60.dat
1 0 -382.007 -28.353 204.474 0.600222 0.731732 -0.322959 0 -0.403783 -0.914855 -0.799833 0.549116 -0.242359 LS60.dat
1 0 -382.547 -28.0553 204.069 0.629979 0.70752 -0.320222 0 -0.412332 -0.911034 -0.776612 0.573932 -0.25976 LS60.dat
1 0 -383.063 -27.7546 203.651 0.664289 0.677516 -0.315739 0 -0.422407 -0.906406 -0.747475 0.602116 -0.280601 LS60.dat
1 0 -383.55 -27.4509 203.218 0.703952 0.639816 -0.30836 0 -0.434159 -0.900836 -0.710247 0.634146 -0.305627 LS60.dat
1 0 -384.002 -27.1443 202.77 0.749701 0.591772 -0.296234 0 -0.447634 -0.894217 -0.661777 0.670395 -0.335592 LS60.dat
1 0 -384.411 -26.8348 202.307 0.801849 0.52974 -0.276431 0 -0.462625 -0.886554 -0.597527 0.710882 -0.370955 LS60.dat
1 0 -384.768 -26.5227 201.827 0.85948 0.448886 -0.24453 0 -0.478374 -0.878156 -0.511169 0.754758 -0.411153 LS60.dat
1 0 -385.063 -26.2084 201.331 0.91882 0.343365 -0.194604 0 -0.493072 -0.869989 -0.394678 0.799363 -0.453044 LS60.dat
1 0 -385.283 -25.8923 200.819 0.97071 0.207623 -0.120895 0 -0.503192 -0.864175 -0.240256 0.838863 -0.488453 LS60.dat
1 0 -385.414 -25.5755 200.291 0.998933 0.0399193 -0.023244 0 -0.503188 -0.864177 -0.0461935 0.863254 -0.502651 LS60.dat
1 0 -385.439 -25.2591 199.748 0.984718 -0.152125 0.0847889 0 -0.486849 -0.873486 0.174158 0.860137 -0.479409 LS60.dat
1 0 -385.341 -24.9447 199.192 0.920454 -0.348808 0.176346 0 -0.451184 -0.892431 0.390851 0.821442 -0.415294 LS60.dat
1 0 -385.101 -24.6341 198.627 0.819238 -0.525583 0.229373 0 -0.399984 -0.916522 0.573454 0.750849 -0.327682 LS60.dat
1 0 -384.701 -24.3299 198.056 0.705056 -0.666349 0.242641 0 -0.342157 -0.939643 0.709151 0.662501 -0.24124 LS60.dat
1 0 -384.126 -24.0347 197.484 0.59673 -0.768867 0.229691 0 -0.28624 -0.958158 0.802442 0.571761 -0.170808 LS60.dat
1 0 -383.365 -23.7513 196.918 0.50285 -0.839729 0.204932 0 -0.237087 -0.971488 0.864373 0.488513 -0.119219 LS60.dat
1 0 -382.413 -23.4826 196.364 0.424977 -0.887622 0.177544 0 -0.196137 -0.980577 0.905204 0.416723 -0.0833537 LS60.dat
1 0 -381.274 -23.2308 195.83 0.361553 -0.919892 0.151911 0 -0.162934 -0.986637 0.932351 0.356722 -0.0589092 LS60.dat
1 0 -379.959 -22.9979 195.32 0.310148 -0.941814 0.129595 0 -0.136317 -0.990665 0.950688 0.307252 -0.0422783 LS60.dat
1 0 -378.487 -22.7849 194.839 0.268392 -0.956916 0.110807 0 -0.115028 -0.993362 0.96331 0.26661 -0.0308724 LS60.dat
1 0 -376.882 -22.5919 194.392 0.234274 -0.967496 0.0952218 0 -0.0979476 -0.995192 0.972171 0.233147 -0.0229466 LS60.dat
1 0 -375.17 -22.4186 193.98 0.206177 -0.975043 0.0823521 0 -0.0841604 -0.996452 0.978515 0.205446 -0.0173519 LS60.dat
1 0 -373.377 -22.2639 193.602 0.182834 -0.980525 0.071713 0 -0.0729425 -0.997336 0.983144 0.182347 -0.0133363 LS60.dat
1 0 -371.528 -22.1263 193.258 0.16326 -0.984577 0.0628788 0 -0.0637339 -0.997967 0.986583 0.162928 -0.0104052 LS60.dat
1 0 -369.644 -22.0044 192.946 0.146694 -0.987624 0.0554975 0 -0.0561044 -0.998425 0.989182 0.146463 -0.00823016 LS60.dat
1 0 -367.744 -21.8964 192.664 0.132546 -0.989951 0.0492853 0 -0.049724 -0.998763 0.991177 0.132382 -0.00659072 LS60.dat
1 0 -365.841 -21.8009 192.41 0.120358 -0.991754 0.0440171 0 -0.0443394 -0.999017 0.992731 0.12024 -0.00533662 LS60.dat
1 0 -363.948 -21.7162 192.181 0.109772 -0.993171 0.0395151 0 -0.0397554 -0.999209 0.993957 0.109685 -0.00436403 LS60.dat
1 0 -362.074 -21.6412 191.974 0.100506 -0.994298 0.0356389 0 -0.0358203 -0.999358 0.994936 0.100442 -0.00360016 LS60.dat
1 0 -360.225 -21.5746 191.787 0.0923369 -0.995205 0.0322774 0 -0.0324159 -0.999474 0.995728 0.0922883 -0.00299318 LS60.dat
1 0 -358.407 -21.5154 191.618 0.0850865 -0.995941 0.0293423 0 -0.029449 -0.999566 0.996374 0.0850496 -0.00250572 LS60.dat
1 0 -356.622 -21.4626 191.466 0.0786118 -0.996546 0.0267628 0 -0.0268459 -0.99964 0.996905 0.0785835 -0.00211041 LS60.dat
