0 FILE Untitled.ldr
0 Untitled
0 Name: Untitled.ldr
0 Author: MLCad
0 Unofficial Model
0 ROTATION CENTER 0 0 0 1 "Custom" 
0 ROTATION CONFIG 0 0
1 0 -40 96 0 1 0 0 0 1 0 0 0 1 6394__base.ldr
1 0 630 -40 -260 1 0 0 0 1 0 0 0 1 f1.ldr
1 0 450 -16 -160 1 0 0 0 1 0 0 0 1 moto.ldr
1 0 -264.2 -282.8 179.4 1 0 0 0 1 0 0 0 1 6394_b.ldr
1 0 -170 -392 179.4 1 0 0 0 1 0 0 0 1 f5.ldr
1 0 -180 -40 -50.6 1 0 0 0 1 0 0 0 1 f3.ldr
1 0 -268.022 73.2 -126.129 0.707107 0 -0.707107 0 1 0 0.707107 0 0.707107 6394_c.ldr
1 0 72.889 73.2 -210.982 0.707107 0 0.707107 0 1 0 -0.707107 0 0.707107 6394_d.ldr
1 0 700.319 -15.4 -157.261 0.707107 0 0.707107 0 1 0 -0.707107 0 0.707107 6394_a.ldr
1 0 -67.316 -39.6 -298.682 0.707107 0 -0.707107 0 1 0 0.707107 0 0.707107 f2.ldr
1 0 551.543 -40 -298.682 0.707107 0 -0.707107 0 1 0 0.707107 0 0.707107 f4.ldr
0
0 FILE 6394__base.ldr
0 Name: 6394__base.ldr
0 ROTATION CENTER 0 0 0 1 "Custom" 
0 ROTATION CONFIG 0 0
1 7 -30 -64 -30 1 0 0 0 1 0 0 0 1 6100p04.dat
1 7 610 -64 -30 1 0 0 0 1 0 0 0 1 6100p04.dat
1 14 290 -88 290 -1 0 0 0 1 0 0 0 -1 3831.dat
1 14 290 -88 290 -1 0 0 0 1 0 0 0 -1 3830.dat
1 14 300 -88 80 0 0 -1 0 1 0 1 0 0 3622.dat
1 14 300 -88 30 0 0 -1 0 1 0 1 0 0 3004.dat
1 14 270 -88 20 -1 0 0 0 1 0 0 0 -1 3004.dat
1 14 260 -72 -30 0 0 1 0 1 0 -1 0 0 3069b.dat
1 14 280 -88 -30 0 0 -1 0 1 0 1 0 0 3660.dat
1 14 720 -88 120 0 0 -1 0 1 0 1 0 0 3005.dat
1 14 720 -88 220 0 0 -1 0 1 0 1 0 0 3005.dat
1 14 900 -88 170 0 0 -1 0 1 0 1 0 0 3009.dat
1 14 70 -88 280 -1 0 0 0 1 0 0 0 -1 3004.dat
1 14 70 -88 20 -1 0 0 0 1 0 0 0 -1 3004.dat
1 14 -130 -88 280 -1 0 0 0 1 0 0 0 -1 3004.dat
1 14 -340 -88 20 -1 0 0 0 1 0 0 0 -1 3005.dat
1 14 -330 -88 280 -1 0 0 0 1 0 0 0 -1 3004.dat
1 14 -320 -88 250 0 0 1 0 1 0 -1 0 0 3004.dat
1 4 -320 -96 280 -1 0 0 0 1 0 0 0 -1 2420.dat
1 4 -320 -96 240 -1 0 0 0 1 0 0 0 -1 3024.dat
1 15 -340 -120 280 -1 0 0 0 1 0 0 0 -1 3005.dat
1 15 -320 -120 260 0 0 1 0 1 0 -1 0 0 3622.dat
1 15 -320 -144 240 1 0 0 0 1 0 0 0 1 4070.dat
1 1 -320 -128 260 0 0 -1 0 1 0 1 0 0 4085a.dat
1 1 -320 -136 260 0 0 1 0 1 0 -1 0 0 4085a.dat
1 1 -320 -144 260 0 0 1 0 1 0 -1 0 0 3024.dat
1 15 -330 -144 280 -1 0 0 0 1 0 0 0 -1 3004.dat
1 15 -320 -168 260 0 0 1 0 1 0 -1 0 0 3622.dat
1 15 -340 -168 280 -1 0 0 0 1 0 0 0 -1 3005.dat
1 7 -320 -134 210 -1 0 0 0 0 1 0 1 0 4599.dat
1 15 -330 -178 260 0 1 0 0 0 1 1 0 0 4070.dat
1 15 -330 -178 240 0 1 0 0 0 1 1 0 0 4070.dat
1 15 -330 -192 280 -1 0 0 0 1 0 0 0 -1 3004.dat
1 15 -320 -192 250 0 0 1 0 1 0 -1 0 0 3023.dat
1 15 -320 -216 240 0 0 1 0 1 0 -1 0 0 3005.dat
1 15 -320 -216 280 -1 0 0 0 1 0 0 0 -1 2357.dat
1 15 -338 -188 250 0 1 0 0 0 -1 -1 0 0 3068bp60.dat
1 6 -342.75 -128 260 1 0 0 0 -1 0 0 0 -1 3852.dat
1 4 -340 -96 20 -1 0 0 0 1 0 0 0 -1 3024.dat
1 4 -120 -96 20 -1 0 0 0 1 0 0 0 -1 3024.dat
1 14 -120 -88 20 -1 0 0 0 1 0 0 0 -1 3005.dat
1 4 -130 -96 280 -1 0 0 0 1 0 0 0 -1 3023.dat
1 4 70 -96 280 -1 0 0 0 1 0 0 0 -1 3023.dat
1 4 70 -96 20 -1 0 0 0 1 0 0 0 -1 3023.dat
1 4 720 -96 120 -1 0 0 0 1 0 0 0 -1 3024.dat
1 4 720 -96 220 -1 0 0 0 1 0 0 0 -1 3024.dat
1 4 270 -96 20 -1 0 0 0 1 0 0 0 -1 3023.dat
1 4 300 -96 90 0 0 1 0 1 0 -1 0 0 3023.dat
1 4 300 -96 40 0 0 1 0 1 0 -1 0 0 3623.dat
1 4 290 -96 280 1 0 0 0 1 0 0 0 1 3710.dat
1 4 290 -96 -30 0 0 1 0 1 0 -1 0 0 2422.dat
1 4 900 -96 170 0 0 1 0 1 0 -1 0 0 3666.dat
1 15 320 -72 80 0 0 1 0 1 0 -1 0 0 3623.dat
1 15 430 -72 110 1 0 0 0 1 0 0 0 1 3033.dat
1 15 430 -72 230 1 0 0 0 1 0 0 0 1 3033.dat
1 1 -140 -88 20 1 0 0 0 1 0 0 0 1 3040b.dat
1 1 -320 -88 20 1 0 0 0 1 0 0 0 1 3040b.dat
1 1 -310 -72 50 1 0 0 0 1 0 0 0 1 2460.dat
1 1 -150 -72 50 1 0 0 0 1 0 0 0 1 2460.dat
1 1 -310 -152 50 0 1 0 -1 0 0 0 0 1 2475.dat
1 1 -150 -152 50 0 -1 0 -1 0 0 0 0 -1 2475.dat
1 7 -262 -152 50 0 1 0 -1 0 0 0 0 1 2497.dat
1 73 -262 -175 50 -1 0 0 0 -1 0 0 0 1 2498.dat
1 73 -262 -129 50 -1 0 0 0 -1 0 0 0 1 2498.dat
1 73 -262 -83 50 -1 0 0 0 -1 0 0 0 1 2498.dat
1 7 -198 -152 50 0 1 0 -1 0 0 0 0 1 2497.dat
1 73 -198 -175 50 -1 0 0 0 -1 0 0 0 1 2498.dat
1 73 -198 -129 50 -1 0 0 0 -1 0 0 0 1 2498.dat
1 73 -198 -83 50 -1 0 0 0 -1 0 0 0 1 2498.dat
1 6 -300 -169.65 260 0 0 -1 0 1 0 1 0 0 3836.dat
1 15 -340 -216 20 -1 0 0 0 1 0 0 0 -1 2453.dat
1 15 -120 -216 20 -1 0 0 0 1 0 0 0 -1 2453.dat
1 1 -140 -208 20 -1 0 0 0 1 0 0 0 -1 2453.dat
1 1 -320 -208 20 -1 0 0 0 1 0 0 0 -1 2453.dat
1 15 -130 -216 280 -1 0 0 0 1 0 0 0 -1 2454.dat
1 15 70 -216 280 -1 0 0 0 1 0 0 0 -1 2454.dat
1 15 70 -216 20 -1 0 0 0 1 0 0 0 -1 2454.dat
1 15 270 -216 20 -1 0 0 0 1 0 0 0 -1 2454.dat
1 15 720 -216 220 -1 0 0 0 1 0 0 0 -1 2453.dat
1 15 720 -216 120 -1 0 0 0 1 0 0 0 -1 2453.dat
1 15 900 -120 170 0 0 -1 0 1 0 1 0 0 3009.dat
1 15 300 -120 30 0 0 -1 0 1 0 1 0 0 3004.dat
1 15 270 -120 280 -1 0 0 0 1 0 0 0 -1 3004.dat
1 15 310 -120 280 -1 0 0 0 1 0 0 0 -1 3004.dat
1 15 310 -144 280 -1 0 0 0 1 0 0 0 -1 3004.dat
1 15 270 -144 280 -1 0 0 0 1 0 0 0 -1 3004.dat
1 15 270 -168 280 -1 0 0 0 1 0 0 0 -1 3004.dat
1 15 310 -168 280 -1 0 0 0 1 0 0 0 -1 3004.dat
1 15 310 -192 280 -1 0 0 0 1 0 0 0 -1 3004.dat
1 15 270 -192 280 -1 0 0 0 1 0 0 0 -1 3004.dat
1 15 290 -216 290 -1 0 0 0 1 0 0 0 -1 3831.dat
1 15 290 -216 290 -1 0 0 0 1 0 0 0 -1 3830.dat
1 14 390 -96 180 1 0 0 0 1 0 0 0 1 3660.dat
1 14 350 -96 180 -1 0 0 0 1 0 0 0 -1 3039.dat
1 1 -150 -240 50 0 0 1 0 1 0 -1 0 0 2476b.dat
1 1 -310 -240 50 0 0 1 0 1 0 -1 0 0 2476b.dat
1 1 -320 -232 20 1 0 0 0 1 0 0 0 1 3665.dat
1 1 -140 -232 20 1 0 0 0 1 0 0 0 1 3665.dat
1 15 -340 -240 20 1 0 0 0 1 0 0 0 1 3005.dat
1 15 -320 -240 250 0 0 -1 0 1 0 1 0 0 3004.dat
1 15 -230 -224 280 -1 0 0 0 1 0 0 0 -1 4477.dat
1 15 -170 -232 280 -1 0 0 0 1 0 0 0 -1 3710.dat
1 15 -290 -232 280 -1 0 0 0 1 0 0 0 -1 3710.dat
1 15 -230 -240 280 -1 0 0 0 1 0 0 0 -1 4477.dat
1 15 -340 -240 280 -1 0 0 0 1 0 0 0 -1 3005.dat
1 15 -230 -232 280 -1 0 0 0 1 0 0 0 -1 2436a.dat
1 36 -200 -222 302 1 0 0 0 0 1 0 -1 0 6141.dat
1 36 -260 -222 302 1 0 0 0 0 1 0 -1 0 6141.dat
1 15 -120 -240 150 0 0 -1 0 1 0 1 0 0 4217.dat
1 15 60 -240 150 0 0 -1 0 1 0 1 0 0 4217.dat
1 15 80 -240 150 0 0 1 0 1 0 -1 0 0 4217.dat
1 15 260 -240 150 0 0 1 0 1 0 -1 0 0 4217.dat
1 15 280 -240 20 0 0 1 0 1 0 -1 0 0 3005.dat
1 15 300 -120 80 0 0 -1 0 1 0 1 0 0 3622.dat
1 15 300 -144 100 0 0 -1 0 1 0 1 0 0 3005.dat
1 15 300 -144 50 0 0 -1 0 1 0 1 0 0 3010.dat
1 15 280 -120 -30 0 0 -1 0 1 0 1 0 0 3039.dat
1 15 280 -240 -30 0 0 1 0 1 0 -1 0 0 2454.dat
1 15 280 -240 280 0 0 1 0 1 0 -1 0 0 3005.dat
1 14 370 -120 180 -1 0 0 0 1 0 0 0 -1 3010.dat
1 15 310 -224 280 1 0 0 0 1 0 0 0 1 3023.dat
1 15 900 -144 190 0 0 -1 0 1 0 1 0 0 3010.dat
1 15 900 -128 130 0 0 -1 0 1 0 1 0 0 3023.dat
1 15 900 -136 140 0 0 1 0 1 0 -1 0 0 4085a.dat
1 15 900 -136 120 0 0 1 0 1 0 -1 0 0 4085a.dat
1 15 900 -144 130 0 0 -1 0 1 0 1 0 0 3023.dat
1 0 880 -144 140 -1 0 0 0 1 0 0 0 -1 4006.dat
1 0 880 -146 120 -1 0 0 0 1 0 0 0 -1 4522.dat
1 1 -230 -248 0 -1 0 0 0 1 0 0 0 -1 4477.dat
1 1 -300 -248 40 0 0 1 0 1 0 -1 0 0 3623.dat
1 1 -160 -248 40 0 0 1 0 1 0 -1 0 0 3623.dat
1 1 -140 -248 90 0 0 1 0 1 0 -1 0 0 3460.dat
1 1 -320 -248 90 0 0 1 0 1 0 -1 0 0 3460.dat
1 1 -310 -256 30 0 0 1 0 1 0 -1 0 0 3020.dat
1 1 -150 -256 30 0 0 1 0 1 0 -1 0 0 3020.dat
1 1 -320 -240 100 0 0 1 0 1 0 -1 0 0 3623.dat
1 1 -140 -240 100 0 0 1 0 1 0 -1 0 0 3623.dat
1 1 -140 -240 20 -1 0 0 0 1 0 0 0 -1 2420.dat
1 1 -320 -240 20 0 0 1 0 1 0 -1 0 0 2420.dat
1 1 -270 -256 0 1 0 0 0 1 0 0 0 1 3023.dat
1 1 -190 -256 0 1 0 0 0 1 0 0 0 1 3023.dat
1 1 -230 -256 0 1 0 0 0 1 0 0 0 1 2436a.dat
1 1 -320 -240 150 0 0 -1 0 1 0 1 0 0 2458.dat
1 1 -140 -240 150 0 0 1 0 1 0 -1 0 0 2458.dat
1 1 -230 -230 150 -1 0 0 0 1 0 0 0 -1 2475.dat
1 7 -230 -182 150 -1 0 0 0 -1 0 0 0 1 2497.dat
1 73 -253 -182 150 0 -1 0 1 0 0 0 0 1 2498.dat
1 73 -207 -182 150 0 -1 0 1 0 0 0 0 1 2498.dat
1 73 -161 -182 150 0 -1 0 1 0 0 0 0 1 2498.dat
1 15 -320 -264 20 0 0 1 0 1 0 -1 0 0 3024.dat
1 7 -30 -248 90 1 0 0 0 1 0 0 0 1 3033.dat
1 7 -30 -248 210 1 0 0 0 1 0 0 0 1 3033.dat
1 7 170 -248 110 1 0 0 0 1 0 0 0 1 3030.dat
1 7 170 -248 210 1 0 0 0 1 0 0 0 1 3033.dat
1 15 280 -248 -10 0 0 1 0 1 0 -1 0 0 3710.dat
1 15 300 -168 20 0 0 -1 0 1 0 1 0 0 3005.dat
1 15 300 -168 90 0 0 -1 0 1 0 1 0 0 3004.dat
1 15 310 -154 60 0 -1 0 0 0 1 -1 0 0 4070.dat
1 15 310 -154 40 0 -1 0 0 0 1 -1 0 0 4070.dat
1 15 300 -168 50 0 0 1 0 1 0 -1 0 0 3023.dat
1 4 400 -144 180 -1 0 0 0 1 0 0 0 -1 3062b.dat
0 Assembly 1
1 15 380 -104 160 -1 0 0 0 1 0 0 0 -1 4592.dat
0 Assembly 1
1 0 380 -104 160 -1 0 0 0 0.999504 0.0350591 0 0.0350591 -0.999504 4593.dat
0 Assembly 2
1 15 400 -104 160 -1 0 0 0 1 0 0 0 -1 4592.dat
0 Assembly 2
1 0 400 -104 160 -1 0 0 0 0.999504 0.0350591 0 0.0350591 -0.999504 4593.dat
1 15 -320 -264 119 0 0 1 0 1 0 -1 0 0 752.dat
1 15 -140 -264 120 0 0 1 0 1 0 -1 0 0 752.dat
1 15 -185 -250 50 0 0 1 0 1 0 -1 0 0 752.dat
1 15 -275 -250 50 0 0 1 0 1 0 -1 0 0 752.dat
1 15 -320 -264 119 0.837611 -0.0116653 -0.546143 0 1 -0.0213546 0.546268 0.0178868 0.83742 756.dat
1 15 -319.968 -266.723 118.951 0.837611 -0.0364317 -0.545052 0 0.997774 -0.066692 0.546268 0.0558619 0.835746 754.dat
1 15 -319.868 -269.468 118.798 0.837611 -0.0635137 -0.542563 0 0.993218 -0.116268 0.546268 0.0973877 0.83193 754.dat
1 15 -319.692 -272.22 118.528 0.837611 -0.0929908 -0.538295 0 0.985404 -0.170229 0.546268 0.142586 0.825385 754.dat
1 15 -319.433 -274.964 118.131 0.837611 -0.124861 -0.531807 0 0.973527 -0.228571 0.546268 0.191454 0.815437 754.dat
1 15 -319.084 -277.682 117.596 0.837611 -0.159007 -0.522614 0 0.956699 -0.291078 0.546268 0.24381 0.801341 754.dat
1 15 -318.64 -280.354 116.915 0.837611 -0.195159 -0.510217 0 0.934006 -0.357258 0.546268 0.299243 0.782333 754.dat
1 15 -318.096 -282.957 116.081 0.837611 -0.232868 -0.494147 0 0.904587 -0.426288 0.546268 0.357064 0.757692 754.dat
1 15 -317.45 -285.47 115.089 0.837611 -0.271493 -0.474025 0 0.867752 -0.496997 0.546268 0.41629 0.726839 754.dat
1 15 -316.699 -287.87 113.938 0.837611 -0.310222 -0.449634 0 0.823103 -0.567893 0.546268 0.475673 0.689439 754.dat
1 15 -315.845 -290.135 112.629 0.837611 -0.348118 -0.420978 0 0.770644 -0.637266 0.546268 0.533781 0.645499 754.dat
1 15 -314.892 -292.245 111.168 0.837611 -0.384214 -0.388315 0 0.71085 -0.703343 0.546268 0.589128 0.595416 754.dat
1 15 -313.844 -294.183 109.561 0.837611 -0.417608 -0.352154 0 0.644654 -0.764474 0.546268 0.640332 0.539969 754.dat
1 15 -312.71 -295.935 107.821 0.837611 -0.447562 -0.313204 0 0.573352 -0.819309 0.546268 0.686262 0.480246 754.dat
1 15 -311.496 -297.489 105.961 0.837611 -0.47357 -0.272286 0 0.498448 -0.86692 0.546268 0.726141 0.417505 754.dat
1 15 -310.213 -298.84 103.994 0.837611 -0.495377 -0.23024 0 0.421479 -0.906838 0.546268 0.759577 0.353035 754.dat
1 15 -308.872 -299.981 101.937 0.837611 -0.512957 -0.18784 0 0.34386 -0.939021 0.546268 0.786534 0.288021 754.dat
1 15 -307.481 -300.913 99.805 0.837611 -0.52647 -0.145732 0 0.266778 -0.963758 0.546268 0.807254 0.223456 754.dat
1 15 -306.052 -301.637 97.613 0.837611 -0.536196 -0.104415 0 0.191143 -0.981562 0.546268 0.822167 0.160103 754.dat
1 15 -304.594 -302.157 95.378 0.837611 -0.542478 -0.0642342 0 0.117587 -0.993063 0.546268 0.8318 0.0984925 754.dat
1 15 -303.116 -302.477 93.112 0.837611 -0.545677 -0.0254018 0 0.0465005 -0.998918 0.546268 0.836705 0.0389494 754.dat
1 15 -301.627 -302.604 90.829 0.837611 -0.546136 0.0119766 0 -0.0219243 -1 0.546268 0.837409 -0.0183641 754.dat
1 15 -300.135 -302.544 88.54 0.837611 -0.544166 0.0478742 0 -0.0876388 -0.996152 0.546268 0.834388 -0.0734072 754.dat
1 15 -298.645 -302.304 86.256 0.837611 -0.54003 0.0823184 0 -0.150692 -0.988581 0.546268 0.828046 -0.126222 754.dat
1 15 -297.166 -301.892 83.987 0.837611 -0.533946 0.115369 0 -0.211195 -0.977444 0.546268 0.818717 -0.176899 754.dat
1 15 -295.702 -301.312 81.742 0.837611 -0.526089 0.147101 0 -0.269284 -0.963061 0.546268 0.80667 -0.225555 754.dat
1 15 -294.258 -300.574 79.529 0.837611 -0.516593 0.177595 0 -0.325107 -0.945677 0.546268 0.792109 -0.272313 754.dat
1 15 -292.84 -299.681 77.355 0.837611 -0.505559 0.206926 0 -0.378799 -0.925479 0.546268 0.775191 -0.317286 754.dat
1 15 -291.452 -298.641 75.226 0.837611 -0.493062 0.235157 0 -0.430479 -0.902601 0.546268 0.756028 -0.360573 754.dat
1 15 -290.098 -297.459 73.15 0.837611 -0.479154 0.262336 0 -0.480234 -0.877141 0.546268 0.734702 -0.402249 754.dat
1 15 -288.782 -296.14 71.133 0.837611 -0.463874 0.288496 0 -0.528122 -0.849169 0.546268 0.711273 -0.44236 754.dat
1 15 -287.508 -294.69 69.179 0.837611 -0.447251 0.313647 0 -0.574164 -0.81874 0.546268 0.685786 -0.480926 754.dat
1 15 -286.279 -293.112 67.295 0.837611 -0.429315 0.337783 0 -0.618347 -0.785905 0.546268 0.658282 -0.517934 754.dat
1 15 -285.099 -291.413 65.485 0.837611 -0.410093 0.360877 0 -0.660624 -0.750717 0.546268 0.628809 -0.553345 754.dat
1 15 -283.972 -289.596 63.756 0.837611 -0.389624 0.382886 0 -0.700913 -0.713247 0.546268 0.597423 -0.587092 754.dat
1 15 -282.9 -287.668 62.113 0.837611 -0.367959 0.403751 0 -0.739108 -0.673587 0.546268 0.564203 -0.619085 754.dat
1 15 -281.886 -285.632 60.559 0.837611 -0.345165 0.423402 0 -0.775081 -0.631861 0.546268 0.529254 -0.649216 754.dat
1 15 -280.935 -283.496 59.1 0.837611 -0.321333 0.441762 0 -0.808691 -0.588234 0.546268 0.492711 -0.677368 754.dat
1 15 -280.048 -281.265 57.741 0.837611 -0.296573 0.458752 0 -0.839793 -0.542907 0.546268 0.454745 -0.703419 754.dat
1 15 -279.229 -278.945 56.485 0.837611 -0.27102 0.474296 0 -0.868249 -0.49613 0.546268 0.415563 -0.727254 754.dat
1 15 -278.48 -276.544 55.336 0.837611 -0.244831 0.48833 0 -0.893939 -0.448188 0.546268 0.375407 -0.748773 754.dat
1 15 -277.802 -274.07 54.296 0.837611 -0.218183 0.500804 0 -0.916774 -0.399406 0.546268 0.334547 -0.7679 754.dat
1 15 -277.198 -271.53 53.37 0.837611 -0.191267 0.511689 0 -0.9367 -0.350134 0.546268 0.293276 -0.784589 754.dat
1 15 -276.668 -268.934 52.557 0.837611 -0.164284 0.520979 0 -0.953707 -0.300738 0.546268 0.251901 -0.798835 754.dat
1 15 -276.212 -266.291 51.859 0.837611 -0.137434 0.528697 0 -0.967835 -0.251587 0.546268 0.210732 -0.810669 754.dat
1 15 -275.832 -263.611 51.275 0.837611 -0.110913 0.534889 0 -0.979171 -0.203038 0.546268 0.170067 -0.820164 754.dat
1 15 -275.525 -260.903 50.805 0.837611 -0.0849048 0.539629 0 -0.987847 -0.155427 0.546268 0.130187 -0.827431 754.dat
1 15 -275.291 -258.179 50.446 0.837611 -0.0595726 0.54301 0 -0.994036 -0.109054 0.546268 0.0913447 -0.832615 754.dat
1 15 -275.127 -255.447 50.195 0.837611 -0.0350572 0.545142 0 -0.997939 -0.0641758 0.546268 0.0537543 -0.835884 754.dat
1 15 -275.031 -252.717 50.048 0.837611 -0.0114729 0.546147 0 -1 -0.0210023 0.546268 0.0175918 -0.837426 754.dat
1 15 -140 -264 119 0.837611 0.0116653 0.546143 0 1 -0.0213546 -0.546268 0.0178868 0.83742 756.dat
1 15 -140.032 -266.723 118.951 0.837611 0.0364317 0.545052 0 0.997774 -0.066692 -0.546268 0.0558619 0.835746 754.dat
1 15 -140.132 -269.468 118.798 0.837611 0.0635137 0.542563 0 0.993218 -0.116268 -0.546268 0.0973877 0.83193 754.dat
1 15 -140.308 -272.22 118.528 0.837611 0.0929908 0.538295 0 0.985404 -0.170229 -0.546268 0.142586 0.825385 754.dat
1 15 -140.567 -274.964 118.131 0.837611 0.124861 0.531807 0 0.973527 -0.228571 -0.546268 0.191454 0.815437 754.dat
1 15 -140.916 -277.682 117.596 0.837611 0.159007 0.522614 0 0.956699 -0.291078 -0.546268 0.24381 0.801341 754.dat
1 15 -141.36 -280.354 116.915 0.837611 0.195159 0.510217 0 0.934006 -0.357258 -0.546268 0.299243 0.782333 754.dat
1 15 -141.904 -282.957 116.081 0.837611 0.232868 0.494147 0 0.904587 -0.426288 -0.546268 0.357064 0.757692 754.dat
1 15 -142.55 -285.47 115.089 0.837611 0.271493 0.474025 0 0.867752 -0.496997 -0.546268 0.41629 0.726839 754.dat
1 15 -143.301 -287.87 113.938 0.837611 0.310222 0.449634 0 0.823103 -0.567893 -0.546268 0.475673 0.689439 754.dat
1 15 -144.155 -290.135 112.629 0.837611 0.348118 0.420978 0 0.770644 -0.637266 -0.546268 0.533781 0.645499 754.dat
1 15 -145.108 -292.245 111.168 0.837611 0.384214 0.388315 0 0.71085 -0.703343 -0.546268 0.589128 0.595416 754.dat
1 15 -146.156 -294.183 109.561 0.837611 0.417608 0.352154 0 0.644654 -0.764474 -0.546268 0.640332 0.539969 754.dat
1 15 -147.29 -295.935 107.821 0.837611 0.447562 0.313204 0 0.573352 -0.819309 -0.546268 0.686262 0.480246 754.dat
1 15 -148.504 -297.489 105.961 0.837611 0.47357 0.272286 0 0.498448 -0.86692 -0.546268 0.726141 0.417505 754.dat
1 15 -149.787 -298.84 103.994 0.837611 0.495377 0.23024 0 0.421479 -0.906838 -0.546268 0.759577 0.353035 754.dat
1 15 -151.128 -299.981 101.937 0.837611 0.512957 0.18784 0 0.34386 -0.939021 -0.546268 0.786534 0.288021 754.dat
1 15 -152.519 -300.913 99.805 0.837611 0.52647 0.145732 0 0.266778 -0.963758 -0.546268 0.807254 0.223456 754.dat
1 15 -153.948 -301.637 97.613 0.837611 0.536196 0.104415 0 0.191143 -0.981562 -0.546268 0.822167 0.160103 754.dat
1 15 -155.406 -302.157 95.378 0.837611 0.542478 0.0642342 0 0.117587 -0.993063 -0.546268 0.8318 0.0984925 754.dat
1 15 -156.884 -302.477 93.112 0.837611 0.545677 0.0254018 0 0.0465005 -0.998918 -0.546268 0.836705 0.0389494 754.dat
1 15 -158.373 -302.604 90.829 0.837611 0.546136 -0.0119766 0 -0.0219243 -1 -0.546268 0.837409 -0.0183641 754.dat
1 15 -159.865 -302.544 88.54 0.837611 0.544166 -0.0478742 0 -0.0876388 -0.996152 -0.546268 0.834388 -0.0734072 754.dat
1 15 -161.355 -302.304 86.256 0.837611 0.54003 -0.0823184 0 -0.150692 -0.988581 -0.546268 0.828046 -0.126222 754.dat
1 15 -162.834 -301.892 83.987 0.837611 0.533946 -0.115369 0 -0.211195 -0.977444 -0.546268 0.818717 -0.176899 754.dat
1 15 -164.298 -301.312 81.742 0.837611 0.526089 -0.147101 0 -0.269284 -0.963061 -0.546268 0.80667 -0.225555 754.dat
1 15 -165.742 -300.574 79.529 0.837611 0.516593 -0.177595 0 -0.325107 -0.945677 -0.546268 0.792109 -0.272313 754.dat
1 15 -167.16 -299.681 77.355 0.837611 0.505559 -0.206926 0 -0.378799 -0.925479 -0.546268 0.775191 -0.317286 754.dat
1 15 -168.548 -298.641 75.226 0.837611 0.493062 -0.235157 0 -0.430479 -0.902601 -0.546268 0.756028 -0.360573 754.dat
1 15 -169.902 -297.459 73.15 0.837611 0.479154 -0.262336 0 -0.480234 -0.877141 -0.546268 0.734702 -0.402249 754.dat
1 15 -171.218 -296.14 71.133 0.837611 0.463874 -0.288496 0 -0.528122 -0.849169 -0.546268 0.711273 -0.44236 754.dat
1 15 -172.492 -294.69 69.179 0.837611 0.447251 -0.313647 0 -0.574164 -0.81874 -0.546268 0.685786 -0.480926 754.dat
1 15 -173.721 -293.112 67.295 0.837611 0.429315 -0.337783 0 -0.618347 -0.785905 -0.546268 0.658282 -0.517934 754.dat
1 15 -174.901 -291.413 65.485 0.837611 0.410093 -0.360877 0 -0.660624 -0.750717 -0.546268 0.628809 -0.553345 754.dat
1 15 -176.028 -289.596 63.756 0.837611 0.389624 -0.382886 0 -0.700913 -0.713247 -0.546268 0.597423 -0.587092 754.dat
1 15 -177.1 -287.668 62.113 0.837611 0.367959 -0.403751 0 -0.739108 -0.673587 -0.546268 0.564203 -0.619085 754.dat
1 15 -178.114 -285.632 60.559 0.837611 0.345165 -0.423402 0 -0.775081 -0.631861 -0.546268 0.529254 -0.649216 754.dat
1 15 -179.065 -283.496 59.1 0.837611 0.321333 -0.441762 0 -0.808691 -0.588234 -0.546268 0.492711 -0.677368 754.dat
1 15 -179.952 -281.265 57.741 0.837611 0.296573 -0.458752 0 -0.839793 -0.542907 -0.546268 0.454745 -0.703419 754.dat
1 15 -180.771 -278.945 56.485 0.837611 0.27102 -0.474296 0 -0.868249 -0.49613 -0.546268 0.415563 -0.727254 754.dat
1 15 -181.52 -276.544 55.336 0.837611 0.244831 -0.48833 0 -0.893939 -0.448188 -0.546268 0.375407 -0.748773 754.dat
1 15 -182.198 -274.07 54.296 0.837611 0.218183 -0.500804 0 -0.916774 -0.399406 -0.546268 0.334547 -0.7679 754.dat
1 15 -182.802 -271.53 53.37 0.837611 0.191267 -0.511689 0 -0.9367 -0.350134 -0.546268 0.293276 -0.784589 754.dat
1 15 -183.332 -268.934 52.557 0.837611 0.164284 -0.520979 0 -0.953707 -0.300738 -0.546268 0.251901 -0.798835 754.dat
1 15 -183.788 -266.291 51.859 0.837611 0.137434 -0.528697 0 -0.967835 -0.251587 -0.546268 0.210732 -0.810669 754.dat
1 15 -184.168 -263.611 51.275 0.837611 0.110913 -0.534889 0 -0.979171 -0.203038 -0.546268 0.170067 -0.820164 754.dat
1 15 -184.475 -260.903 50.805 0.837611 0.0849048 -0.539629 0 -0.987847 -0.155427 -0.546268 0.130187 -0.827431 754.dat
1 15 -184.709 -258.179 50.446 0.837611 0.0595726 -0.54301 0 -0.994036 -0.109054 -0.546268 0.0913447 -0.832615 754.dat
1 15 -184.873 -255.447 50.195 0.837611 0.0350572 -0.545142 0 -0.997939 -0.0641758 -0.546268 0.0537543 -0.835884 754.dat
1 15 -184.969 -252.717 50.048 0.837611 0.0114729 -0.546147 0 -1 -0.0210023 -0.546268 0.0175918 -0.837426 754.dat
1 15 -320 -264 280 -1 0 0 0 1 0 0 0 -1 2357.dat
1 15 -320 -264 240 -1 0 0 0 1 0 0 0 -1 3005.dat
1 15 -320 -288 250 0 0 -1 0 1 0 1 0 0 3004.dat
1 15 -330 -288 280 -1 0 0 0 1 0 0 0 -1 3004.dat
1 15 -340 -312 280 -1 0 0 0 1 0 0 0 -1 3005.dat
1 15 -320 -312 260 0 0 1 0 1 0 -1 0 0 3622.dat
1 15 -330 -336 280 -1 0 0 0 1 0 0 0 -1 3004.dat
1 15 -330 -322 260 0 1 0 0 0 1 1 0 0 4070.dat
1 15 -330 -322 240 0 1 0 0 0 1 1 0 0 4070.dat
1 15 -320 -336 250 0 0 -1 0 1 0 1 0 0 3023.dat
1 15 -320 -360 260 0 0 -1 0 1 0 1 0 0 3622.dat
1 15 -340 -360 280 -1 0 0 0 1 0 0 0 -1 3005.dat
1 15 -330 -384 280 -1 0 0 0 1 0 0 0 -1 3004.dat
1 15 -320 -384 250 0 0 1 0 1 0 -1 0 0 3004.dat
1 15 -338 -332 250 0 1 0 0 0 -1 -1 0 0 3068bpt1.dat
1 15 -340 -264 20 1 0 0 0 1 0 0 0 1 3005.dat
1 15 -120 -264 20 1 0 0 0 1 0 0 0 1 3005.dat
1 15 -140 -264 20 0 0 1 0 1 0 -1 0 0 3024.dat
1 15 70 -264 20 1 0 0 0 1 0 0 0 1 3004.dat
1 15 70 -264 280 1 0 0 0 1 0 0 0 1 3004.dat
1 7 80 -248 50 0 0 -1 0 1 0 1 0 0 3023.dat
1 4 290 -256 -30 0 0 1 0 1 0 -1 0 0 2422.dat
1 7 260 -248 50 0 0 -1 0 1 0 1 0 0 3023.dat
1 15 270 -264 280 1 0 0 0 1 0 0 0 1 3004.dat
1 7 320 -192 100 -1 0 0 0 1 0 0 0 -1 2453.dat
1 15 300 -192 80 0 0 -1 0 1 0 1 0 0 3622.dat
1 15 300 -192 30 0 0 -1 0 1 0 1 0 0 3004.dat
1 0 420 -192 270 0 0 1 0 1 0 -1 0 0 2454.dat
1 7 420 -192 130 0 0 -1 0 1 0 1 0 0 2493a.dat
1 7 420 -192 130 0 0 -1 0 1 0 1 0 0 4347c01.dat
1 7 420 -192 210 0 0 -1 0 1 0 1 0 0 4347c01.dat
1 0 340 -192 100 0 0 1 0 1 0 -1 0 0 4343c01.dat
1 14 400 -136 88 0 0 1 1 0 0 0 1 0 30039.dat
1 15 900 -192 220 0 0 -1 0 1 0 1 0 0 3005.dat
1 15 900 -192 120 0 0 -1 0 1 0 1 0 0 3005.dat
1 1 910 -178 200 0 -1 0 0 0 1 -1 0 0 4070.dat
1 1 910 -178 180 0 -1 0 0 0 1 -1 0 0 4070.dat
1 1 910 -178 160 0 -1 0 0 0 1 -1 0 0 4070.dat
1 1 910 -178 140 0 -1 0 0 0 1 -1 0 0 4070.dat
1 15 900 -192 170 0 0 -1 0 1 0 1 0 0 3710.dat
1 15 900 -216 170 0 0 -1 0 1 0 1 0 0 3009.dat
1 15 900 -240 170 0 0 -1 0 1 0 1 0 0 3009.dat
1 15 720 -240 170 0 0 -1 0 1 0 1 0 0 3009.dat
1 15 900 -168 170 0 0 -1 0 1 0 1 0 0 3009.dat
1 7 420 -200 280 0 0 1 0 1 0 -1 0 0 3024.dat
1 7 300 -200 100 0 0 1 0 1 0 -1 0 0 3024.dat
1 7 370 -200 100 1 0 0 0 1 0 0 0 1 3666.dat
1 7 420 -200 190 0 0 -1 0 1 0 1 0 0 3460.dat
1 0 500 -96 110 0 0 -1 0 1 0 1 0 0 3004.dat
1 0 500 -120 110 0 0 -1 0 1 0 1 0 0 3004.dat
1 1 470 -120 260 -1 0 0 0 1 0 0 0 -1 4083.dat
1 1 470 -120 220 -1 0 0 0 1 0 0 0 -1 4083.dat
1 4 170 -296 260 1 0 0 0 1 0 0 0 1 2486.dat
1 15 260 -264 20 0 0 1 0 1 0 -1 0 0 3005.dat
1 15 280 -256 10 0 0 1 0 1 0 -1 0 0 3023.dat
1 15 280 -264 -10 0 0 1 0 1 0 -1 0 0 3710.dat
1 4 -30 -296 260 1 0 0 0 1 0 0 0 1 2486.dat
1 4 260 -296 150 0 0 -1 0 1 0 1 0 0 2486.dat
1 4 -120 -296 150 0 0 -1 0 1 0 1 0 0 2486.dat
1 4 -30 -296 40 -1 0 0 0 1 0 0 0 -1 2486.dat
1 15 318 -164 50 0 -1 0 0 0 -1 1 0 0 3068bp60.dat
1 15 -330 -384 20 -1 0 0 0 1 0 0 0 -1 2454.dat
1 15 -130 -384 20 -1 0 0 0 1 0 0 0 -1 2454.dat
1 15 70 -384 20 -1 0 0 0 1 0 0 0 -1 2454.dat
1 15 270 -384 20 -1 0 0 0 1 0 0 0 -1 2454.dat
1 15 280 -384 -30 0 0 1 0 1 0 -1 0 0 2454.dat
1 15 70 -384 280 -1 0 0 0 1 0 0 0 -1 2454.dat
1 15 -130 -264 280 1 0 0 0 1 0 0 0 1 3004.dat
1 15 -130 -384 280 -1 0 0 0 1 0 0 0 -1 2454.dat
1 15 270 -384 280 -1 0 0 0 1 0 0 0 -1 2454.dat
1 0 310 -224 100 -1 0 0 0 1 0 0 0 -1 3004.dat
1 0 370 -224 100 -1 0 0 0 1 0 0 0 -1 3010.dat
1 0 420 -224 130 0 0 1 0 1 0 -1 0 0 3010.dat
1 0 420 -224 230 0 0 1 0 1 0 -1 0 0 3009.dat
1 0 500 -136 120 -1 0 0 0 1 0 0 0 -1 4085a.dat
1 0 500 -136 100 1 0 0 0 1 0 0 0 1 4085a.dat
1 0 500 -128 110 0 0 1 0 1 0 -1 0 0 3023.dat
1 15 490 -72 10 1 0 0 0 1 0 0 0 1 3031.dat
1 0 490 -80 -40 0 0 -1 0 1 0 1 0 0 3021.dat
1 15 490 -72 -70 1 0 0 0 1 0 0 0 1 4859.dat
1 14 490 -88 -50 0 0 -1 0 1 0 1 0 0 3020.dat
1 14 490 -96 -50 0 0 -1 0 1 0 1 0 0 3020.dat
1 4 490 -104 -50 0 0 -1 0 1 0 1 0 0 3020.dat
1 15 500 -112 -20 -1 0 0 0 1 0 0 0 -1 4085a.dat
1 15 480 -112 -40 1 0 0 0 1 0 0 0 1 2420.dat
1 15 490 -112 -70 1 0 0 0 1 0 0 0 1 3068b.dat
1 15 490 -136 -20 1 0 0 0 1 0 0 0 1 3039p32.dat
1 15 710 -72 90 -1 0 0 0 1 0 0 0 -1 4859.dat
1 15 730 -248 170 0 0 -1 0 1 0 1 0 0 3020.dat
1 15 890 -248 170 0 0 -1 0 1 0 1 0 0 3020.dat
1 15 900 -248 220 0 0 -1 0 1 0 1 0 0 3024.dat
1 15 900 -248 120 0 0 -1 0 1 0 1 0 0 3024.dat
1 15 720 -248 120 0 0 -1 0 1 0 1 0 0 3024.dat
1 15 720 -248 220 0 0 -1 0 1 0 1 0 0 3024.dat
1 0 466 -96 240 0 0 1 0 1 0 -1 0 0 3641.dat
1 0 485 -96 240 0 0 1 0 1 0 -1 0 0 3641.dat
1 7 485 -96 240 0 0 -1 0 1 0 1 0 0 4624.dat
1 7 466 -96 240 0 0 1 0 1 0 -1 0 0 4624.dat
1 15 -320 -408 150 0 0 -1 0 1 0 1 0 0 4217.dat
1 15 -340 -408 20 0 0 -1 0 1 0 1 0 0 3005.dat
1 15 -340 -408 280 0 0 -1 0 1 0 1 0 0 3005.dat
1 15 -140 -408 150 0 0 -1 0 1 0 1 0 0 4217.dat
1 15 60 -408 150 0 0 -1 0 1 0 1 0 0 4217.dat
1 15 -120 -408 150 0 0 1 0 1 0 -1 0 0 4217.dat
1 15 80 -408 150 0 0 1 0 1 0 -1 0 0 4217.dat
1 15 260 -408 150 0 0 1 0 1 0 -1 0 0 4217.dat
1 15 280 -408 280 0 0 -1 0 1 0 1 0 0 3005.dat
1 15 280 -408 20 0 0 -1 0 1 0 1 0 0 3005.dat
1 15 280 -408 -30 0 0 -1 0 1 0 1 0 0 3660.dat
1 0 300 -232 190 0 0 1 0 1 0 -1 0 0 4477.dat
1 15 710 -72 10 1 0 0 0 1 0 0 0 1 3031.dat
1 0 710 -80 -40 0 0 -1 0 1 0 1 0 0 3021.dat
1 15 710 -72 -70 1 0 0 0 1 0 0 0 1 4859.dat
1 14 710 -88 -60 0 0 -1 0 1 0 1 0 0 3021.dat
1 14 710 -88 -10 0 0 -1 0 1 0 1 0 0 3022.dat
1 4 710 -104 -70 0 0 -1 0 1 0 1 0 0 3022.dat
1 4 710 -104 -10 0 0 -1 0 1 0 1 0 0 3022.dat
1 4 720 -104 -40 0 0 -1 0 1 0 1 0 0 4085a.dat
1 4 700 -104 -40 0 0 1 0 1 0 -1 0 0 4085a.dat
1 14 710 -96 -80 -1 0 0 0 1 0 0 0 -1 3023.dat
1 14 710 -96 -30 0 0 1 0 1 0 -1 0 0 3020.dat
1 15 710 -112 -70 1 0 0 0 1 0 0 0 1 3068b.dat
1 4 500 -144 80 0 0 1 0 1 0 -1 0 0 4599.dat
1 4 500 -120 80 0 0 1 0 1 0 -1 0 0 3062b.dat
1 6 500 -132 137.25 0 0 -1 0 1 0 1 0 0 3852.dat
1 0 500 -102 0 1 0 0 0 1 0 0 0 1 752.dat
0 MLCAD FLEXHOSE 0 0 0 -60 0 0 1 0 1 0 -1 0 0  -60 -102 500  0 50 0 -40 -152 480 0 50 0 50 756.dat 754.dat 0
0 MLCAD SKIP_BEGIN
1 0 500 -102 0 0.707107 0.00423908 0.707094 0 0.999982 -0.00599496 -0.707107 0.00423908 0.707094 756.dat
1 0 499.993 -103.601 -0.0068 0.707107 0.0126043 0.706994 0 0.999841 -0.0178252 -0.707107 0.0126043 0.706994 754.dat
1 0 499.973 -105.203 -0.027 0.707107 0.0208129 0.7068 0 0.999567 -0.0294338 -0.707107 0.0208129 0.7068 754.dat
1 0 499.94 -106.807 -0.0604 0.707107 0.0288814 0.706517 0 0.999166 -0.0408445 -0.707107 0.0288814 0.706517 754.dat
1 0 499.893 -108.414 -0.1068 0.707107 0.0368265 0.706147 0 0.998643 -0.0520806 -0.707107 0.0368265 0.706147 754.dat
1 0 499.834 -110.027 -0.1663 0.707107 0.0446647 0.705695 0 0.998003 -0.0631655 -0.707107 0.0446647 0.705695 754.dat
1 0 499.761 -111.645 -0.2387 0.707107 0.0524125 0.705162 0 0.997249 -0.0741225 -0.707107 0.0524125 0.705162 754.dat
1 0 499.676 -113.272 -0.3242 0.707107 0.0600865 0.704549 0 0.996383 -0.0849751 -0.707107 0.0600865 0.704549 754.dat
1 0 499.577 -114.907 -0.4229 0.707107 0.0677037 0.703858 0 0.995406 -0.0957474 -0.707107 0.0677037 0.703858 754.dat
1 0 499.465 -116.554 -0.5349 0.707107 0.0752814 0.703088 0 0.994317 -0.106464 -0.707107 0.0752814 0.703088 754.dat
1 0 499.34 -118.213 -0.6605 0.707107 0.0828377 0.702238 0 0.993114 -0.11715 -0.707107 0.0828377 0.702238 754.dat
1 0 499.2 -119.888 -0.8001 0.707107 0.0903917 0.701305 0 0.991796 -0.127833 -0.707107 0.0903917 0.701305 754.dat
1 0 499.046 -121.579 -0.9543 0.707107 0.0979633 0.700288 0 0.990357 -0.138541 -0.707107 0.0979633 0.700288 754.dat
1 0 498.877 -123.289 -1.1234 0.707107 0.105574 0.699181 0 0.988791 -0.149305 -0.707107 0.105574 0.699181 754.dat
1 0 498.692 -125.021 -1.3083 0.707107 0.113249 0.697979 0 0.987091 -0.160158 -0.707107 0.113249 0.697979 754.dat
1 0 498.49 -126.776 -1.5098 0.707107 0.121012 0.696675 0 0.985247 -0.171137 -0.707107 0.121012 0.696675 754.dat
1 0 498.271 -128.559 -1.7287 0.707107 0.128894 0.69526 0 0.983246 -0.182283 -0.707107 0.128894 0.69526 754.dat
1 0 498.034 -130.371 -1.9662 0.707107 0.136927 0.693722 0 0.981072 -0.193645 -0.707107 0.136927 0.693722 754.dat
1 0 497.776 -132.216 -2.2237 0.707107 0.145151 0.692048 0 0.978704 -0.205275 -0.707107 0.145151 0.692048 754.dat
1 0 497.497 -134.097 -2.5028 0.707107 0.15361 0.69022 0 0.976119 -0.217238 -0.707107 0.15361 0.69022 754.dat
1 0 497.195 -136.019 -2.8052 0.707107 0.162358 0.688215 0 0.973283 -0.229609 -0.707107 0.162358 0.688215 754.dat
1 0 496.867 -137.986 -3.1332 0.707107 0.17146 0.686004 0 0.970156 -0.242481 -0.707107 0.17146 0.686004 754.dat
1 0 496.511 -140.001 -3.4894 0.707107 0.180995 0.68355 0 0.966686 -0.255965 -0.707107 0.180995 0.68355 754.dat
1 0 496.123 -142.069 -3.8767 0.707107 0.191063 0.680805 0 0.962803 -0.270204 -0.707107 0.191063 0.680805 754.dat
1 0 495.701 -144.197 -4.2989 0.707107 0.201792 0.677702 0 0.958415 -0.285377 -0.707107 0.201792 0.677702 754.dat
1 0 495.24 -146.388 -4.7603 0.707107 0.213349 0.674153 0 0.953396 -0.30172 -0.707107 0.213349 0.674153 754.dat
1 0 494.734 -148.649 -5.2661 0.707107 0.225956 0.670033 0 0.947569 -0.31955 -0.707107 0.225956 0.670033 754.dat
1 0 494.177 -150.983 -5.8227 0.707107 0.239921 0.66516 0 0.940678 -0.3393 -0.707107 0.239921 0.66516 754.dat
1 0 493.562 -153.394 -6.4377 0.707107 0.255679 0.659263 0 0.932339 -0.361585 -0.707107 0.255679 0.659263 754.dat
1 0 492.88 -155.883 -7.1202 0.707107 0.273866 0.651918 0 0.921951 -0.387306 -0.707107 0.273866 0.651918 754.dat
1 0 492.119 -158.444 -7.8809 0.707107 0.295453 0.642423 0 0.908524 -0.417834 -0.707107 0.295453 0.642423 754.dat
1 0 491.268 -161.06 -8.7318 0.707107 0.321977 0.629548 0 0.890316 -0.455344 -0.707107 0.321977 0.629548 754.dat
1 0 490.315 -163.697 -9.6853 0.707107 0.355975 0.610968 0 0.864039 -0.503424 -0.707107 0.355975 0.610968 754.dat
1 0 489.25 -166.282 -10.7503 0.707107 0.401751 0.58189 0 0.822917 -0.568161 -0.707107 0.401751 0.58189 754.dat
1 0 488.075 -168.688 -11.9252 0.707107 0.466422 0.531461 0 0.751599 -0.659621 -0.707107 0.466422 0.531461 754.dat
1 0 486.816 -170.717 -13.1838 0.707107 0.558873 0.433199 0 0.612636 -0.790365 -0.707107 0.558873 0.433199 754.dat
1 0 485.537 -172.118 -14.4626 0.707107 0.669353 0.227961 0 0.322386 -0.946608 -0.707107 0.669353 0.227961 754.dat
1 0 484.333 -172.698 -15.667 0.707107 0.696179 -0.123833 0 -0.175127 -0.984546 -0.707107 0.696179 -0.123833 754.dat
1 0 483.288 -172.436 -16.712 0.707107 0.553825 -0.439634 0 -0.621736 -0.783226 -0.707107 0.553825 -0.439634 754.dat
1 0 482.44 -171.483 -17.5603 0.707107 0.387608 -0.591405 0 -0.836373 -0.548161 -0.707107 0.387608 -0.591405 754.dat
1 0 481.779 -170.058 -18.2207 0.707107 0.271622 -0.652856 0 -0.923278 -0.384132 -0.707107 0.271622 -0.652856 754.dat
1 0 481.277 -168.35 -18.7232 0.707107 0.195548 -0.67953 0 -0.961001 -0.276546 -0.707107 0.195548 -0.67953 754.dat
1 0 480.899 -166.493 -19.1011 0.707107 0.143741 -0.692343 0 -0.979121 -0.203281 -0.707107 0.143741 -0.692343 754.dat
1 0 480.617 -164.574 -19.3829 0.707107 0.106664 -0.699016 0 -0.988557 -0.150845 -0.707107 0.106664 -0.699016 754.dat
1 0 480.409 -162.646 -19.5909 0.707107 0.0789322 -0.702687 0 -0.99375 -0.111627 -0.707107 0.0789322 -0.702687 754.dat
1 0 480.258 -160.742 -19.7421 0.707107 0.0574245 -0.704771 0 -0.996697 -0.0812106 -0.707107 0.0574245 -0.704771 754.dat
1 0 480.151 -158.88 -19.8494 0.707107 0.0402455 -0.705961 0 -0.998379 -0.0569157 -0.707107 0.0402455 -0.705961 754.dat
1 0 480.078 -157.071 -19.9223 0.707107 0.0261904 -0.706622 0 -0.999314 -0.0370389 -0.707107 0.0261904 -0.706622 754.dat
1 0 480.032 -155.32 -19.9682 0.707107 0.0144616 -0.706959 0 -0.999791 -0.0204518 -0.707107 0.0144616 -0.706959 754.dat
1 0 480.007 -153.63 -19.9926 0.707107 0.00451153 -0.707092 0 -0.99998 -0.00638026 -0.707107 0.00451153 -0.707092 754.dat
0 MLCAD SKIP_END
1 0 480 -152 -20 1 0 0 0 1 0 0 0 1 752.dat
1 15 710 -112 0 1 0 0 0 1 0 0 0 1 3069b.dat
1 7 710 -128 -40 0 0 -1 0 1 0 1 0 0 3044p37.dat
1 15 710 -128 -20 1 0 0 0 1 0 0 0 1 3004.dat
1 15 710 -152 -20 1 0 0 0 1 0 0 0 1 3004pt3.dat
1 7 680 -110 -40 -1 0 0 0 1 0 0 0 -1 4210a.dat
1 7 740 -112 -40 -1 0 0 0 1 0 0 0 -1 4210a.dat
0 MLCAD FLEXHOSE 0 0 0 -60 0 0 1 0 1 0 -1 0 0  -40 -170 720  0 0 -50 -20 -112 740 100 0 0 100 LS60.dat LS60.dat 0
0 MLCAD SKIP_BEGIN
1 0 720 -170 -20 -0.0125078 -0.99988 0.00909674 0 -0.00909746 -0.999959 0.999922 -0.0125073 0.000113789 LS60.dat
1 0 721.153 -169.99 -19.9856 -0.0384268 -0.998868 0.0280454 0 -0.0280661 -0.999606 0.999261 -0.0384116 0.00107849 LS60.dat
1 0 722.313 -169.957 -19.941 -0.0657625 -0.996673 0.0481408 0 -0.0482453 -0.998836 0.997835 -0.065686 0.00317273 LS60.dat
1 0 723.476 -169.901 -19.8643 -0.094522 -0.993106 0.06933 0 -0.0696418 -0.997572 0.995523 -0.0942925 0.00658268 LS60.dat
1 0 724.639 -169.819 -19.7539 -0.124691 -0.987966 0.0915199 0 -0.0922398 -0.995737 0.992196 -0.124159 0.0115015 LS60.dat
1 0 725.8 -169.711 -19.6081 -0.15623 -0.981053 0.114572 0 -0.115996 -0.99325 0.987721 -0.155176 0.0181221 LS60.dat
1 0 726.954 -169.574 -19.4255 -0.189073 -0.972175 0.138298 0 -0.140838 -0.990033 0.981963 -0.187188 0.0266287 LS60.dat
1 0 728.099 -169.408 -19.2051 -0.22312 -0.961158 0.162457 0 -0.166659 -0.986015 0.974791 -0.22 0.0371849 LS60.dat
1 0 729.23 -169.212 -18.9461 -0.258243 -0.947856 0.186761 0 -0.193318 -0.981136 0.96608 -0.253371 0.0499229 LS60.dat
1 0 730.345 -168.985 -18.6482 -0.294276 -0.932166 0.210874 0 -0.220644 -0.975354 0.95572 -0.287024 0.0649304 LS60.dat
1 0 731.439 -168.726 -18.3112 -0.331028 -0.914036 0.234432 0 -0.248439 -0.968648 0.943621 -0.32065 0.0822402 LS60.dat
1 0 732.51 -168.435 -17.9354 -0.368277 -0.893475 0.257049 0 -0.276481 -0.961019 0.929716 -0.353922 0.101822 LS60.dat
1 0 733.555 -168.111 -17.5216 -0.405781 -0.870556 0.278341 0 -0.304541 -0.952499 0.91397 -0.386506 0.123577 LS60.dat
1 0 734.57 -167.756 -17.0709 -0.443283 -0.845417 0.297944 0 -0.332385 -0.943144 0.896382 -0.418079 0.14734 LS60.dat
1 0 735.554 -167.37 -16.5844 -0.480519 -0.818255 0.315532 0 -0.359792 -0.933033 0.876984 -0.44834 0.172887 LS60.dat
1 0 736.504 -166.952 -16.064 -0.51723 -0.789317 0.330835 0 -0.386558 -0.922265 0.855846 -0.477023 0.19994 LS60.dat
1 0 737.418 -166.504 -15.5115 -0.553169 -0.758887 0.34365 0 -0.412511 -0.910953 0.833069 -0.503911 0.228188 LS60.dat
1 0 738.295 -166.027 -14.929 -0.588106 -0.72727 0.353849 0 -0.437508 -0.899215 0.808784 -0.528834 0.257301 LS60.dat
1 0 739.134 -165.522 -14.3187 -0.621841 -0.69478 0.361378 0 -0.461446 -0.887168 0.783143 -0.551678 0.286946 LS60.dat
1 0 739.935 -164.991 -13.6829 -0.654204 -0.661722 0.366254 0 -0.484259 -0.874925 0.756318 -0.572379 0.316804 LS60.dat
1 0 740.697 -164.433 -13.0239 -0.685059 -0.628381 0.368553 0 -0.505915 -0.862583 0.728488 -0.59092 0.346582 LS60.dat
1 0 741.42 -163.851 -12.3442 -0.714306 -0.595018 0.368402 0 -0.526414 -0.850228 0.699833 -0.607323 0.376021 LS60.dat
1 0 742.104 -163.246 -11.6461 -0.74188 -0.561857 0.365965 0 -0.545782 -0.837927 0.670533 -0.621641 0.404905 LS60.dat
1 0 742.749 -162.619 -10.9318 -0.767746 -0.52909 0.361428 0 -0.564067 -0.825729 0.640754 -0.63395 0.43306 LS60.dat
1 0 743.357 -161.971 -10.2035 -0.791898 -0.496869 0.354991 0 -0.58133 -0.813668 0.610653 -0.644342 0.460354 LS60.dat
1 0 743.928 -161.303 -9.4633 -0.814356 -0.465314 0.346854 0 -0.597647 -0.801759 0.580366 -0.652918 0.486697 LS60.dat
1 0 744.462 -160.617 -8.7134 -0.835157 -0.434513 0.337211 0 -0.613098 -0.790007 0.550011 -0.65978 0.512034 LS60.dat
1 0 744.961 -159.912 -7.9555 -0.854356 -0.404525 0.326244 0 -0.627769 -0.778399 0.519688 -0.66503 0.536339 LS60.dat
1 0 745.426 -159.191 -7.1914 -0.872018 -0.375386 0.314118 0 -0.641746 -0.766917 0.489474 -0.668766 0.559614 LS60.dat
1 0 745.858 -158.454 -6.423 -0.888215 -0.347111 0.300977 0 -0.655113 -0.755531 0.459427 -0.671074 0.581881 LS60.dat
1 0 746.256 -157.701 -5.6518 -0.903026 -0.319699 0.286944 0 -0.667953 -0.744203 0.429586 -0.672035 0.603179 LS60.dat
1 0 746.624 -156.933 -4.8794 -0.916528 -0.293135 0.272119 0 -0.680347 -0.73289 0.399971 -0.671714 0.623557 LS60.dat
1 0 746.961 -156.151 -4.1072 -0.928799 -0.267392 0.256581 0 -0.692369 -0.721543 0.370584 -0.670169 0.643072 LS60.dat
1 0 747.268 -155.355 -3.3367 -0.939915 -0.242438 0.240384 0 -0.704092 -0.710108 0.34141 -0.667441 0.661787 LS60.dat
1 0 747.547 -154.546 -2.5693 -0.949945 -0.218232 0.223561 0 -0.715584 -0.698526 0.312418 -0.663561 0.679766 LS60.dat
1 0 747.798 -153.723 -1.8064 -0.958954 -0.19473 0.206123 0 -0.726909 -0.686733 0.28356 -0.658546 0.697073 LS60.dat
1 0 748.022 -152.887 -1.0492 -0.967001 -0.171885 0.188055 0 -0.738128 -0.674661 0.254773 -0.652398 0.71377 LS60.dat
1 0 748.219 -152.038 -0.2992 -0.974134 -0.149647 0.169321 0 -0.749296 -0.662235 0.225973 -0.645105 0.729915 LS60.dat
1 0 748.391 -151.177 0.4423 -0.980392 -0.127965 0.149857 0 -0.760468 -0.649375 0.197059 -0.636642 0.745557 LS60.dat
1 0 748.538 -150.303 1.1738 -0.985803 -0.106788 0.129572 0 -0.771693 -0.635995 0.167906 -0.626966 0.760737 LS60.dat
1 0 748.661 -149.417 1.894 -0.990381 -0.0860633 0.108342 0 -0.783016 -0.622001 0.138365 -0.616018 0.775485 LS60.dat
1 0 748.76 -148.518 2.6012 -0.994123 -0.0657403 0.086004 0 -0.79448 -0.60729 0.108252 -0.603721 0.789812 LS60.dat
1 0 748.835 -147.607 3.2938 -0.997005 -0.0457679 0.0623484 0 -0.806122 -0.591749 0.0773435 -0.589976 0.803708 LS60.dat
1 0 748.888 -146.683 3.9701 -0.99897 -0.0260967 0.0371076 0 -0.817974 -0.575256 0.0453653 -0.574664 0.817131 LS60.dat
1 0 748.918 -145.746 4.6281 -0.999928 -0.00667845 0.00994032 0 -0.830057 -0.557678 0.0119755 -0.557638 0.829998 LS60.dat
1 0 748.925 -144.797 5.2658 -0.99973 0.0125323 -0.0195911 0 -0.842388 -0.538871 -0.0232566 -0.538725 0.84216 LS60.dat
1 0 748.911 -143.835 5.881 -0.998145 0.0315778 -0.0520508 0 -0.854966 -0.518684 -0.0608806 -0.517721 0.85338 LS60.dat
1 0 748.875 -142.86 6.4711 -0.994824 0.0504953 -0.0881735 0 -0.867775 -0.496958 -0.101609 -0.494386 0.863283 LS60.dat
1 0 748.818 -141.873 7.0334 -0.989229 0.0693153 -0.128924 0 -0.880772 -0.473541 -0.146376 -0.46844 0.871285 LS60.dat
1 0 748.739 -140.874 7.5649 -0.980518 0.0880584 -0.175584 0 -0.893884 -0.448299 -0.196428 -0.439565 0.876469 LS60.dat
1 0 748.639 -139.862 8.0623 -0.967354 0.106731 -0.22986 0 -0.906993 -0.421146 -0.253431 -0.407397 0.877383 LS60.dat
1 0 748.519 -138.839 8.5219 -0.947547 0.125321 -0.294024 0 -0.919923 -0.392098 -0.319617 -0.371532 0.87167 LS60.dat
1 0 748.378 -137.805 8.9397 -0.917426 0.14379 -0.371017 0 -0.932424 -0.361366 -0.397906 -0.331527 0.85543 LS60.dat
1 0 748.217 -136.759 9.3114 -0.870707 0.162061 -0.464334 0 -0.944147 -0.329524 -0.491802 -0.286919 0.822075 LS60.dat
1 0 748.036 -135.704 9.6319 -0.796636 0.180012 -0.577032 0 -0.954626 -0.297806 -0.604459 -0.237243 0.76049 LS60.dat
1 0 747.835 -134.641 9.8962 -0.677894 0.19746 -0.708144 0 -0.963253 -0.268595 -0.735159 -0.182079 0.652984 LS60.dat
1 0 747.616 -133.57 10.0986 -0.492255 0.21415 -0.843697 0 -0.969264 -0.246022 -0.870451 -0.121106 0.477126 LS60.dat
1 0 747.378 -132.495 10.233 -0.229567 0.229744 -0.945789 0 -0.971741 -0.236048 -0.973293 -0.054189 0.22308 LS60.dat
1 0 747.123 -131.416 10.2932 0.0757257 0.243822 -0.966859 0 -0.969643 -0.244524 -0.997129 0.0185167 -0.0734269 LS60.dat
1 0 746.852 -130.337 10.2726 0.352717 0.255894 -0.900061 0 -0.961881 -0.27347 -0.93573 0.0964575 -0.339272 LS60.dat
