0 FILE 6395.ldr
0 6395 Victory Lap Raceway
0 Name: 6395.ldr
0 Author: ClydeBum
0 Unofficial Model
0 Missing 973pb06c01 (printing)
0 Missing String element
0 ROTATION CENTER 0 0 0 1 "Custom" 
0 ROTATION CONFIG 0 0
1 0 0 0 0 1 0 0 0 1 0 0 0 1 6395_raceway.ldr
1 0 -250 -24 60 0 0 1 0 1 0 -1 0 0 6395_race1.ldr
1 0 -160 -24 -60 0 0 1 0 1 0 -1 0 0 6395_race2.ldr
1 0 210 -24 60 0 0 1 0 1 0 -1 0 0 6395_race3.ldr
1 0 160 -24 -60 0 0 1 0 1 0 -1 0 0 6395_race4.ldr
1 0 360 -8 -260 0 0 1 0 1 0 -1 0 0 6395_repair.ldr
1 0 241 -13 197 1 0 0 0 1 0 0 0 1 6395_wagon_yel.ldr
1 0 -131 -13 178 -1 0 0 0 1 0 0 0 -1 6395_wagon_blue.ldr
1 0 -170 -21 -300 0 0 -1 0 1 0 1 0 0 doc012_strecher.ldr
1 0 200 -238 237 1 0 0 0 1 0 0 0 1 hor002.ldr
1 0 110 -238 237 1 0 0 0 1 0 0 0 1 ovr013.ldr
1 0 0 -72 207 1 0 0 0 1 0 0 0 1 jred003.ldr
1 0 -440 -72 197 1 0 0 0 1 0 0 0 1 shell005_b.ldr
1 0 490 -72 210 1 0 0 0 1 0 0 0 1 shell005.ldr
1 1 0 0 -220 1 0 0 0 1 0 0 0 1 6395 Camera Slide Setup.ldr
1 1 -420 -24 270 1 0 0 0 1 0 0 0 1 6395_tool_blue.ldr
1 1 260 -24 270 1 0 0 0 1 0 0 0 1 6395_tool_yel.ldr
1 1 350 0 220 0 0 1 0 1 0 -1 0 0 4629up.dat
1 1 -350 0 220 0 0 1 0 1 0 -1 0 0 4629down.dat
1 1 -240 -24 260 1 0 0 0 1 0 0 0 1 6395_gashose.ldr
1 1 440 -24 260 1 0 0 0 1 0 0 0 1 6395_gashose.ldr
1 1 470 -237 268 1 0 0 0 1 0 0 0 1 trn070.ldr
0
0 FILE 6395_repair.ldr
0 6395_repair
0 Name: 6395_repair.ldr
0 Author: ClydeBum
0 Unofficial Model
0 ROTATION CENTER 0 0 0 1 "Custom" 
0 ROTATION CONFIG 0 0
1 0 0 -27 10 0 0 -1 0 1 0 1 0 0 3034.dat
1 0 0 -27 110 -1 0 0 0 1 0 0 0 -1 3730.dat
1 14 0 -43 90 -1 0 0 0 1 0 0 0 -1 4211.dat
1 14 0 -43 -50 -1 0 0 0 1 0 0 0 -1 3788.dat
1 14 0 -35 20 -1 0 0 0 1 0 0 0 -1 3710.dat
1 14 0 -35 -10 -1 0 0 0 1 0 0 0 -1 3020.dat
1 14 0 -43 60 -1 0 0 0 1 0 0 0 -1 3710.dat
1 14 -30 -43 10 0 0 -1 0 1 0 1 0 0 3710.dat
1 14 30 -43 10 0 0 -1 0 1 0 1 0 0 3710.dat
1 14 0 -43 120 1 0 0 0 1 0 0 0 1 3023.dat
1 36 -30 -43 120 1 0 0 0 1 0 0 0 1 3024.dat
1 36 30 -43 120 1 0 0 0 1 0 0 0 1 3024.dat
1 14 0 -43 -60 1 0 0 0 1 0 0 0 1 2436a.dat
1 14 0 -33 -82 1 0 0 0 0 -1 0 1 0 3710.dat
1 47 30 -33 -90 1 0 0 0 0 -1 0 1 0 3024.dat
1 47 -30 -33 -90 1 0 0 0 0 -1 0 1 0 3024.dat
1 14 0 -33 -90 1 0 0 0 0 -1 0 1 0 2412b.dat
1 15 0 -43 20 1 0 0 0 1 0 0 0 1 3023.dat
1 15 0 -51 20 1 0 0 0 1 0 0 0 1 3023.dat
1 4 0 -51 60 1 0 0 0 1 0 0 0 1 3023.dat
1 4 -30 -51 -10 0 0 1 0 1 0 -1 0 0 3460.dat
1 4 30 -51 -10 0 0 1 0 1 0 -1 0 0 3460.dat
1 4 0 -43 -40 1 0 0 0 1 0 0 0 1 3829c01.dat
1 4 0 -51 -70 1 0 0 0 1 0 0 0 1 3022.dat
1 4 -30 -51 100 0 0 1 0 1 0 -1 0 0 3623.dat
1 4 30 -51 100 0 0 1 0 1 0 -1 0 0 3623.dat
1 4 0 -51 120 -1 0 0 0 1 0 0 0 -1 3023.dat
1 15 0 -75 -60 1 0 0 0 1 0 0 0 1 3037.dat
1 15 30 -75 -40 1 0 0 0 1 0 0 0 1 3822p60.dat
1 15 -30 -75 -40 1 0 0 0 1 0 0 0 1 3821p60.dat
1 15 0 -75 20 1 0 0 0 1 0 0 0 1 3010.dat
1 15 0 -99 110 -1 0 0 0 1 0 0 0 -1 4209.dat
1 0 0 -76 116 -1 0 0 0 0 -1 0 -1 0 4208.dat
1 15 -20 -99 60 0 0 1 0 1 0 -1 0 0 4532.dat
1 15 20 -99 60 0 0 -1 0 1 0 1 0 0 4532.dat
1 15 38 -95 36 0.965926 0 0.258819 0 1 0 -0.258819 0 0.965926 4533.dat
1 15 -33 -95 84 -0.965926 0 -0.258819 0 1 0 0.258819 0 -0.965926 4533.dat
1 15 -30 -123 70 0 0 -1 0 1 0 1 0 0 3010.dat
1 15 30 -123 70 0 0 -1 0 1 0 1 0 0 3010.dat
1 15 0 -123 120 -1 0 0 0 1 0 0 0 -1 3004pt3.dat
1 15 -30 -123 120 -1 0 0 0 1 0 0 0 -1 4070.dat
1 15 30 -123 120 -1 0 0 0 1 0 0 0 -1 4070.dat
1 36 30 -113 134 -1 0 0 0 0 -1 0 -1 0 30039.dat
1 36 -30 -113 134 -1 0 0 0 0 -1 0 -1 0 30039.dat
1 15 0 -123 20 1 0 0 0 1 0 0 0 1 4214.dat
1 15 0 -131 70 1 0 0 0 1 0 0 0 1 3031.dat
1 15 0 -147 120 1 0 0 0 1 0 0 0 1 3937.dat
1 15 30 -131 120 1 0 0 0 1 0 0 0 1 4592.dat
1 15 -30 -131 120 1 0 0 0 1 0 0 0 1 4592.dat
1 0 -30 -131 120 1 0 0 0 0.707107 0.707107 0 -0.707107 0.707107 4593.dat
1 0 30 -131 120 1 0 0 0 0.707107 0.707107 0 -0.707107 0.707107 4593.dat
1 41 0 -123 -40 1 0 0 0 1 0 0 0 1 3823.dat
1 15 0 -131 -10 1 0 0 0 1 0 0 0 1 2349.dat
1 41 0 -127 6 -1 0 0 0 1 0 0 0 -1 2348b.dat
1 46 -30 -139 -40 1 0 0 0 1 0 0 0 1 6141.dat
1 46 -10 -139 -40 1 0 0 0 1 0 0 0 1 6141.dat
1 46 10 -139 -40 1 0 0 0 1 0 0 0 1 6141.dat
1 46 30 -139 -40 1 0 0 0 1 0 0 0 1 6141.dat
1 0 0 -19 -50 1 0 0 0 1 0 0 0 1 4600.dat
1 0 0 -19 90 1 0 0 0 1 0 0 0 1 4600.dat
0 WRITE
1 15 30 -14 -50 0 0 -1 0 1 0 1 0 0 4624.dat
1 0 30 -14 -50 0 0 1 0 1 0 -1 0 0 3641.dat
1 15 30 -14 90 0 0 -1 0 1 0 1 0 0 4624.dat
1 0 30 -14 90 0 0 1 0 1 0 -1 0 0 3641.dat
1 15 -30 -14 90 0 0 1 0 1 0 -1 0 0 4624.dat
1 0 -30 -14 90 0 0 -1 0 1 0 1 0 0 3641.dat
1 15 -30 -14 -50 0 0 1 0 1 0 -1 0 0 4624.dat
1 0 -30 -14 -50 0 0 -1 0 1 0 1 0 0 3641.dat
1 0 0 -144 113 1 0 0 0 0.707107 -0.707107 0 0.707107 0.707107 3938.dat
1 4 0 -149.586 107.409 1 0 0 0 0.707107 -0.707107 0 0.707107 0.707107 2431.dat
1 1 0 -24.229 279.342 1 0 0 0 0.997564 -0.0697565 0 0.0697565 0.997564 817c02.dat
1 0 51 -14.253 280.039 0 0 1 0.0697565 0.997564 0 -0.997564 0.0697565 0 3641.dat
1 0 -51 -14.253 280.039 0 0 1 0.0697565 0.997564 0 -0.997564 0.0697565 0 3641.dat
1 7 10 -26 190 0.669131 -0.0518392 -0.741335 0 0.997564 -0.0697565 0.743145 0.0466762 0.667501 4081a.dat
1 0 30 -78 60 0 0 -1 0 1 0 1 0 0 Wheel (Wh).ldr
1 0 -21 -75 59 -0.937422 0.266457 -0.224144 0.25 0.0669873 -0.965926 -0.242362 -0.961516 -0.12941 Fire Ex.ldr
0 WRITE minifigure_trc002
1 1 0 -115 0 1 0 0 0 1 0 0 0 1 4485.dat
1 14 0 -115 0 1 0 0 0 1 0 0 0 1 3626bp01.dat
1 15 0 -91 0 1 0 0 0 1 0 0 0 1 973.dat
1 1 0 -59 0 1 0 0 0 1 0 0 0 1 3815.dat
1 14 -15.552 -82 0 0.985 -0.120208 -0.120208 0.17 0.6965 0.6965 0 -0.707107 0.707107 3818.dat
1 14 15.552 -82 0 0.985 0.120208 0.120208 -0.17 0.6965 0.6965 0 -0.707107 0.707107 3819.dat
1 14 -21.6886 -77.0055 -20.5641 0.985 -0.169974 0 0.17 0.984851 0 0 0 0.999849 3820.dat
1 14 21.6886 -77.0055 -20.5641 0.985 0.169974 0 -0.17 0.984851 0 0 0 0.999849 3820.dat
1 1 0 -47 0 1 0 0 0 0 1 0 -1 0 3816.dat
1 1 0 -47 0 1 0 0 0 0 1 0 -1 0 3817.dat
0
0 FILE 6395_race1.ldr
0 6395_race1
0 Name: 6395_race1.ldr
0 Author: ClydeBum
0 Unofficial Model
0 ROTATION CENTER 0 0 0 1 "Custom" 
0 ROTATION CONFIG 0 0
1 14 0 0 20 1 0 0 0 1 0 0 0 1 2441.dat
1 14 0 8 -70 1 0 0 0 1 0 0 0 1 3020.dat
1 4 0 0 -60 1 0 0 0 1 0 0 0 1 3710.dat
1 4 30 0 20 0 0 1 0 1 0 -1 0 0 3623.dat
1 4 -30 0 20 0 0 1 0 1 0 -1 0 0 3623.dat
1 4 0 -8 70 0 0 1 0 1 0 -1 0 0 3022.dat
1 4 0 0 -80 -1 0 0 0 1 0 0 0 -1 3069b.dat
1 4 0 -16 80 0 0 -1 0 1 0 1 0 0 3021.dat
1 15 0 -24 -20 1 0 0 0 1 0 0 0 1 3298p54.dat
1 15 30 -24 40 1 0 0 0 1 0 0 0 1 4286.dat
1 15 -30 -24 40 1 0 0 0 1 0 0 0 1 4286.dat
1 0 0 -24 60 -1 0 0 0 1 0 0 0 -1 3839b.dat
1 7 0 -24 80 -1 0 0 0 1 0 0 0 -1 2412b.dat
1 14 0 0 0 1 0 0 0 1 0 0 0 1 3829c01.dat
1 14 0 -24 110 1 0 0 0 1 0 0 0 1 3020.dat
1 15 0 -32 110 1 0 0 0 1 0 0 0 1 3068b.dat
1 15 30 -48 110 0 0 1 0 1 0 -1 0 0 4865a.dat
1 15 -30 -48 110 0 0 -1 0 1 0 1 0 0 4865a.dat
1 0 0 -56 60 1 0 0 0 1 0 0 0 1 2432.dat
1 15 -30 5 -30 0 0 1 0 1 0 -1 0 0 4624.dat
1 0 -30 5 -30 0 0 -1 0 1 0 1 0 0 3641.dat
1 15 -30 5 70 0 0 1 0 1 0 -1 0 0 4624.dat
1 0 -30 5 70 0 0 -1 0 1 0 1 0 0 3641.dat
1 15 30 5 70 0 0 -1 0 1 0 1 0 0 4624.dat
1 0 30 5 70 0 0 1 0 1 0 -1 0 0 3641.dat
1 15 30 5 -30 0 0 -1 0 1 0 1 0 0 4624.dat
1 0 30 5 -30 0 0 1 0 1 0 -1 0 0 3641.dat
0 WRITE minifigure_zip002
1 4 0 -4 40 1 0 0 0 0 1 0 -1 0 3817.dat
1 4 0 -2 40 1 0 0 0 0 1 0 -1 0 3816.dat
1 4 0 -14 40 1 0 0 0 1 0 0 0 1 3815.dat
1 4 0 -46 40 1 0 0 0 1 0 0 0 1 973p0a.dat
1 14 0 -70 40 1 0 0 0 1 0 0 0 1 3626bp01.dat
1 4 -15.552 -37 40 0.985 -0.130228 -0.109274 0.17 0.754554 0.633146 0 -0.642788 0.766044 3818.dat
1 4 15.552 -37 40 0.985 0.130228 0.109274 -0.17 0.754554 0.633146 0 -0.642788 0.766044 3819.dat
1 14 -21.9894 -30.2625 20.0343 0.985 -0.169328 0.0148142 0.17 0.981104 -0.0858354 0 0.0871426 0.996044 3820.dat
1 14 21.9894 -30.2625 20.0343 0.985 0.169328 -0.0148142 -0.17 0.981104 -0.0858354 0 0.0871426 0.996044 3820.dat
1 4 0 -70 40 1 0 0 0 1 0 0 0 1 2446.dat
1 47 0 -70 40 1 0 0 0 1 0 0 0 1 2447.dat
0
0 FILE 6395_race2.ldr
0 6395_race2
0 Name: 6395_race2.ldr
0 Author: ClydeBum
0 Unofficial Model
0 ROTATION CENTER 0 0 0 1 "Custom" 
0 ROTATION CONFIG 0 0
1 4 0 0 20 1 0 0 0 1 0 0 0 1 2441.dat
1 4 0 8 -70 1 0 0 0 1 0 0 0 1 3020.dat
1 1 0 0 -60 1 0 0 0 1 0 0 0 1 3710.dat
1 1 30 0 20 0 0 1 0 1 0 -1 0 0 3623.dat
1 1 -30 0 20 0 0 1 0 1 0 -1 0 0 3623.dat
1 4 0 -8 70 0 0 1 0 1 0 -1 0 0 3022.dat
1 1 0 0 -80 -1 0 0 0 1 0 0 0 -1 3069b.dat
1 4 0 -16 80 0 0 -1 0 1 0 1 0 0 3021.dat
1 1 0 -24 -20 1 0 0 0 1 0 0 0 1 3298p55.dat
1 15 30 -24 40 1 0 0 0 1 0 0 0 1 4286.dat
1 15 -30 -24 40 1 0 0 0 1 0 0 0 1 4286.dat
1 0 0 -24 60 -1 0 0 0 1 0 0 0 -1 3839b.dat
1 7 0 -24 80 -1 0 0 0 1 0 0 0 -1 2412b.dat
1 15 0 0 0 1 0 0 0 1 0 0 0 1 3829c01.dat
1 1 0 -24 110 1 0 0 0 1 0 0 0 1 3020.dat
1 15 0 -32 110 1 0 0 0 1 0 0 0 1 3068b.dat
1 15 30 -48 110 0 0 1 0 1 0 -1 0 0 4865a.dat
1 15 -30 -48 110 0 0 -1 0 1 0 1 0 0 4865a.dat
1 0 0 -56 60 1 0 0 0 1 0 0 0 1 2432.dat
1 15 -30 5 -30 0 0 1 0 1 0 -1 0 0 4624.dat
1 0 -30 5 -30 0 0 -1 0 1 0 1 0 0 3641.dat
1 15 -30 5 70 0 0 1 0 1 0 -1 0 0 4624.dat
1 0 -30 5 70 0 0 -1 0 1 0 1 0 0 3641.dat
1 15 30 5 70 0 0 -1 0 1 0 1 0 0 4624.dat
1 0 30 5 70 0 0 1 0 1 0 -1 0 0 3641.dat
1 15 30 5 -30 0 0 -1 0 1 0 1 0 0 4624.dat
1 0 30 5 -30 0 0 1 0 1 0 -1 0 0 3641.dat
0 WRITE minifigure_zip004
1 1 0 -2 40 1 0 0 0 0 1 0 -1 0 3816.dat
1 1 0 -4 40 1 0 0 0 0 1 0 -1 0 3817.dat
1 1 0 -14 40 1 0 0 0 1 0 0 0 1 3815.dat
1 1 0 -46 40 1 0 0 0 1 0 0 0 1 973p0a.dat
1 14 0 -70 40 1 0 0 0 1 0 0 0 1 3626bp01.dat
1 1 -15.552 -37 40 0.985 -0.130228 -0.109274 0.17 0.754554 0.633146 0 -0.642788 0.766044 3818.dat
1 1 15.552 -37 40 0.985 0.130228 0.109274 -0.17 0.754554 0.633146 0 -0.642788 0.766044 3819.dat
1 14 -21.9894 -30.2625 20.0343 0.985 -0.169328 0.0148142 0.17 0.981104 -0.0858354 0 0.0871426 0.996044 3820.dat
1 14 21.9894 -30.2625 20.0343 0.985 0.169328 -0.0148142 -0.17 0.981104 -0.0858354 0 0.0871426 0.996044 3820.dat
1 1 0 -70 40 1 0 0 0 1 0 0 0 1 2446.dat
1 47 0 -70 40 1 0 0 0 1 0 0 0 1 2447.dat
0
0 FILE 6395_race3.ldr
0 6395_race3
0 Name: 6395_race3.ldr
0 Author: ClydeBum
0 Unofficial Model
0 ROTATION CENTER 0 0 0 1 "Custom" 
0 ROTATION CONFIG 0 0
1 4 0 0 20 1 0 0 0 1 0 0 0 1 2441.dat
1 4 0 8 -70 1 0 0 0 1 0 0 0 1 3020.dat
1 14 0 0 -60 1 0 0 0 1 0 0 0 1 3710.dat
1 14 30 0 20 0 0 1 0 1 0 -1 0 0 3623.dat
1 14 -30 0 20 0 0 1 0 1 0 -1 0 0 3623.dat
1 4 0 -8 70 0 0 1 0 1 0 -1 0 0 3022.dat
1 14 0 0 -80 -1 0 0 0 1 0 0 0 -1 3069b.dat
1 4 0 -16 80 0 0 -1 0 1 0 1 0 0 3021.dat
1 4 0 -24 -20 1 0 0 0 1 0 0 0 1 3298p56.dat
1 4 30 -24 40 1 0 0 0 1 0 0 0 1 4286.dat
1 4 -30 -24 40 1 0 0 0 1 0 0 0 1 4286.dat
1 0 0 -24 60 -1 0 0 0 1 0 0 0 -1 3839b.dat
1 7 0 -24 80 -1 0 0 0 1 0 0 0 -1 2412b.dat
1 14 0 0 0 1 0 0 0 1 0 0 0 1 3829c01.dat
1 14 0 -24 110 1 0 0 0 1 0 0 0 1 3020.dat
1 4 0 -32 110 1 0 0 0 1 0 0 0 1 3068b.dat
1 4 30 -48 110 0 0 1 0 1 0 -1 0 0 4865a.dat
1 4 -30 -48 110 0 0 -1 0 1 0 1 0 0 4865a.dat
1 14 0 -56 60 1 0 0 0 1 0 0 0 1 2432.dat
1 14 -30 5 -30 0 0 1 0 1 0 -1 0 0 4624.dat
1 0 -30 5 -30 0 0 -1 0 1 0 1 0 0 3641.dat
1 14 -30 5 70 0 0 1 0 1 0 -1 0 0 4624.dat
1 0 -30 5 70 0 0 -1 0 1 0 1 0 0 3641.dat
1 14 30 5 70 0 0 -1 0 1 0 1 0 0 4624.dat
1 0 30 5 70 0 0 1 0 1 0 -1 0 0 3641.dat
1 14 30 5 -30 0 0 -1 0 1 0 1 0 0 4624.dat
1 0 30 5 -30 0 0 1 0 1 0 -1 0 0 3641.dat
0 WRITE minifigure_s006
1 15 0 -2 40 1 0 0 0 0 1 0 -1 0 3816.dat
1 15 0 -4 40 1 0 0 0 0 1 0 -1 0 3817.dat
1 15 0 -14 40 1 0 0 0 1 0 0 0 1 3815.dat
1 15 0 -46 40 1 0 0 0 1 0 0 0 1 973p14.dat
1 14 0 -70 40 1 0 0 0 1 0 0 0 1 3626bp01.dat
1 15 -15.552 -37 40 0.985 -0.130228 -0.109274 0.17 0.754554 0.633146 0 -0.642788 0.766044 3818.dat
1 15 15.552 -37 40 0.985 0.130228 0.109274 -0.17 0.754554 0.633146 0 -0.642788 0.766044 3819.dat
1 14 -21.9894 -30.2625 20.0343 0.985 -0.169328 0.0148142 0.17 0.981104 -0.0858354 0 0.0871426 0.996044 3820.dat
1 14 21.9894 -30.2625 20.0343 0.985 0.169328 -0.0148142 -0.17 0.981104 -0.0858354 0 0.0871426 0.996044 3820.dat
1 15 0 -70 40 1 0 0 0 1 0 0 0 1 2446.dat
1 47 0 -70 40 1 0 0 0 1 0 0 0 1 2447.dat
0
0 FILE 6395_race4.ldr
0 6395_race4
0 Name: 6395_race4.ldr
0 Author: ClydeBum
0 Unofficial Model
0 ROTATION CENTER 0 0 0 1 "Custom" 
0 ROTATION CONFIG 0 0
1 0 0 0 20 1 0 0 0 1 0 0 0 1 2441.dat
1 0 0 8 -70 1 0 0 0 1 0 0 0 1 3020.dat
1 14 0 0 -60 1 0 0 0 1 0 0 0 1 3710.dat
1 14 30 0 20 0 0 1 0 1 0 -1 0 0 3623.dat
1 14 -30 0 20 0 0 1 0 1 0 -1 0 0 3623.dat
1 0 0 -8 70 0 0 1 0 1 0 -1 0 0 3022.dat
1 14 0 0 -80 -1 0 0 0 1 0 0 0 -1 3069b.dat
1 0 0 -16 80 0 0 -1 0 1 0 1 0 0 3021.dat
1 0 0 -24 -20 1 0 0 0 1 0 0 0 1 3298p57.dat
1 0 30 -24 40 1 0 0 0 1 0 0 0 1 4286.dat
1 0 -30 -24 40 1 0 0 0 1 0 0 0 1 4286.dat
1 0 0 -24 60 -1 0 0 0 1 0 0 0 -1 3839b.dat
1 7 0 -24 80 -1 0 0 0 1 0 0 0 -1 2412b.dat
1 0 0 0 0 1 0 0 0 1 0 0 0 1 3829c01.dat
1 14 0 -24 110 1 0 0 0 1 0 0 0 1 3020.dat
1 0 0 -32 110 1 0 0 0 1 0 0 0 1 3068b.dat
1 0 30 -48 110 0 0 1 0 1 0 -1 0 0 4865a.dat
1 0 -30 -48 110 0 0 -1 0 1 0 1 0 0 4865a.dat
1 14 0 -56 60 1 0 0 0 1 0 0 0 1 2432.dat
1 14 -30 5 -30 0 0 1 0 1 0 -1 0 0 4624.dat
1 0 -30 5 -30 0 0 -1 0 1 0 1 0 0 3641.dat
1 14 -30 5 70 0 0 1 0 1 0 -1 0 0 4624.dat
1 0 -30 5 70 0 0 -1 0 1 0 1 0 0 3641.dat
1 14 30 5 70 0 0 -1 0 1 0 1 0 0 4624.dat
1 0 30 5 70 0 0 1 0 1 0 -1 0 0 3641.dat
1 14 30 5 -30 0 0 -1 0 1 0 1 0 0 4624.dat
1 0 30 5 -30 0 0 1 0 1 0 -1 0 0 3641.dat
0 WRITE minifigure_zip003
1 0 0 -2 40 1 0 0 0 0 1 0 -1 0 3816.dat
1 0 0 -4 40 1 0 0 0 0 1 0 -1 0 3817.dat
1 0 0 -14 40 1 0 0 0 1 0 0 0 1 3815.dat
1 0 0 -46 40 1 0 0 0 1 0 0 0 1 973p0a.dat
1 14 0 -70 40 1 0 0 0 1 0 0 0 1 3626bp01.dat
1 0 -15.552 -37 40 0.985 -0.130228 -0.109274 0.17 0.754554 0.633146 0 -0.642788 0.766044 3818.dat
1 0 15.552 -37 40 0.985 0.130228 0.109274 -0.17 0.754554 0.633146 0 -0.642788 0.766044 3819.dat
1 14 -21.9894 -30.2625 20.0343 0.985 -0.169328 0.0148142 0.17 0.981104 -0.0858354 0 0.0871426 0.996044 3820.dat
1 14 21.9894 -30.2625 20.0343 0.985 0.169328 -0.0148142 -0.17 0.981104 -0.0858354 0 0.0871426 0.996044 3820.dat
1 0 0 -70 40 1 0 0 0 1 0 0 0 1 2446.dat
1 47 0 -70 40 1 0 0 0 1 0 0 0 1 2447.dat
0
0 FILE 6395_raceway.ldr
0 6395_raceway
0 Name: 6395_raceway.ldr
0 Author: ClydeBum
0 Unofficial Model
0 ROTATION CENTER 0 0 0 1 "Custom" 
0 ROTATION CONFIG 0 0
1 7 -320 0 0 -1 0 0 0 1 0 0 0 -1 425p01.dat
1 7 320 0 0 -1 0 0 0 1 0 0 0 -1 425p01.dat
1 15 -70 -136 250 -1 0 0 0 1 0 0 0 -1 2467.dat
1 15 -210 -136 250 0 0 -1 0 1 0 1 0 0 2467.dat
1 15 -470 -136 250 -1 0 0 0 1 0 0 0 -1 2467.dat
1 15 -610 -136 250 0 0 -1 0 1 0 1 0 0 2467.dat
1 15 210 -136 250 -1 0 0 0 1 0 0 0 -1 2467.dat
1 15 70 -136 250 0 0 -1 0 1 0 1 0 0 2467.dat
1 15 610 -136 250 -1 0 0 0 1 0 0 0 -1 2467.dat
1 15 470 -136 250 0 0 -1 0 1 0 1 0 0 2467.dat
1 15 -470 -136 -290 -1 0 0 0 1 0 0 0 -1 2467.dat
1 15 -610 -136 -290 0 0 -1 0 1 0 1 0 0 2467.dat
1 15 0 -24 310 1 0 0 0 1 0 0 0 1 3009.dat
1 15 -430 -24 -260 0 0 -1 0 1 0 1 0 0 3004.dat
1 15 -360 -8 -260 0 0 -1 0 1 0 1 0 0 3022.dat
1 15 -360 -16 -260 0 0 -1 0 1 0 1 0 0 3022.dat
0 STEP
1 15 -330 -24 -290 0 0 -1 0 1 0 1 0 0 3040b.dat
1 15 -330 -24 -230 0 0 -1 0 1 0 1 0 0 3040b.dat
1 15 -430 -32 -260 0 0 1 0 1 0 -1 0 0 3023.dat
0 STEP
1 4 -350 -24 -260 0 0 -1 0 1 0 1 0 0 3710.dat
1 15 -370 -40 -260 0 0 1 0 1 0 -1 0 0 3660.dat
1 15 -430 -56 -260 0 0 1 0 1 0 -1 0 0 3004.dat
0 STEP
1 15 -430 -64 -260 0 0 1 0 1 0 -1 0 0 3023.dat
1 15 -350 -48 -290 0 0 -1 0 1 0 1 0 0 3040b.dat
1 15 -350 -48 -230 0 0 -1 0 1 0 1 0 0 3040b.dat
1 4 -370 -48 -260 0 0 -1 0 1 0 1 0 0 3710.dat
1 15 -390 -64 -260 0 0 1 0 1 0 -1 0 0 3660.dat
0 STEP
1 15 -370 -72 -290 0 0 -1 0 1 0 1 0 0 3040b.dat
1 15 -370 -72 -230 0 0 -1 0 1 0 1 0 0 3040b.dat
1 4 -390 -72 -260 0 0 -1 0 1 0 1 0 0 3710.dat
1 15 -420 -88 -260 0 0 -1 0 1 0 1 0 0 3003.dat
0 STEP
1 15 -390 -96 -290 0 0 -1 0 1 0 1 0 0 3040b.dat
1 15 -390 -96 -230 0 0 -1 0 1 0 1 0 0 3040b.dat
1 4 -410 -96 -260 0 0 -1 0 1 0 1 0 0 3710.dat
1 15 -430 -112 -260 0 0 1 0 1 0 -1 0 0 3660.dat
0 STEP
1 15 -410 -120 -290 0 0 -1 0 1 0 1 0 0 3040b.dat
1 15 -410 -120 -230 0 0 -1 0 1 0 1 0 0 3040b.dat
1 4 -430 -120 -260 0 0 -1 0 1 0 1 0 0 3710.dat
1 15 -450 -136 -260 0 0 -1 0 1 0 1 0 0 3004.dat
0 STEP
1 15 -430 -144 -290 0 0 -1 0 1 0 1 0 0 3040b.dat
1 15 -430 -144 -230 0 0 -1 0 1 0 1 0 0 3040b.dat
1 4 -450 -144 -270 -1 0 0 0 1 0 0 0 -1 2420.dat
1 4 -450 -144 -250 0 0 -1 0 1 0 1 0 0 2420.dat
1 15 0 -72 310 1 0 0 0 1 0 0 0 1 2486.dat
1 15 -610 -160 -260 0 0 1 0 1 0 -1 0 0 3010.dat
1 15 -610 -160 280 0 0 1 0 1 0 -1 0 0 3010.dat
1 15 610 -160 280 0 0 1 0 1 0 -1 0 0 3010.dat
1 15 -470 -160 290 0 0 -1 0 1 0 1 0 0 3622.dat
1 15 -210 -160 290 0 0 -1 0 1 0 1 0 0 3622.dat
1 15 -70 -160 290 0 0 -1 0 1 0 1 0 0 3622.dat
1 15 70 -160 290 0 0 -1 0 1 0 1 0 0 3622.dat
1 15 210 -160 290 0 0 -1 0 1 0 1 0 0 3622.dat
1 15 470 -160 290 0 0 -1 0 1 0 1 0 0 3622.dat
1 15 -540 -160 250 1 0 0 0 1 0 0 0 1 3747a.dat
1 15 -140 -160 250 1 0 0 0 1 0 0 0 1 3747a.dat
1 15 140 -160 250 1 0 0 0 1 0 0 0 1 3747a.dat
1 15 540 -160 250 1 0 0 0 1 0 0 0 1 3747a.dat
0 STEP
1 15 -470 -144 -290 0 0 -1 0 1 0 1 0 0 3024.dat
1 15 -470 -144 -230 0 0 -1 0 1 0 1 0 0 3024.dat
1 15 -540 -160 -290 1 0 0 0 1 0 0 0 1 3009.dat
1 15 -470 -152 -260 0 0 -1 0 1 0 1 0 0 3710.dat
1 15 -470 -160 -260 0 0 -1 0 1 0 1 0 0 3710.dat
1 15 -450 -168 -290 0 0 -1 0 1 0 1 0 0 3040b.dat
1 15 -450 -168 -230 0 0 -1 0 1 0 1 0 0 3040b.dat
1 15 -580 -160 250 1 0 0 0 1 0 0 0 1 3004.dat
1 15 -340 -160 250 1 0 0 0 1 0 0 0 1 2465.dat
1 15 340 -160 250 1 0 0 0 1 0 0 0 1 2465.dat
1 15 580 -160 250 1 0 0 0 1 0 0 0 1 3004.dat
1 15 0 -160 250 1 0 0 0 1 0 0 0 1 3008.dat
1 15 -100 -160 250 1 0 0 0 1 0 0 0 1 3004.dat
1 15 100 -160 250 1 0 0 0 1 0 0 0 1 3004.dat
1 4 -510 -160 220 0 0 1 0 1 0 -1 0 0 3010.dat
1 4 -170 -160 220 0 0 1 0 1 0 -1 0 0 3010.dat
1 4 170 -160 220 0 0 1 0 1 0 -1 0 0 3010.dat
1 4 510 -160 220 0 0 1 0 1 0 -1 0 0 3010.dat
1 4 -510 -168 190 1 0 0 0 1 0 0 0 1 4081b.dat
1 4 -170 -168 190 1 0 0 0 1 0 0 0 1 4081b.dat
1 4 170 -168 190 1 0 0 0 1 0 0 0 1 4081b.dat
1 4 510 -168 190 1 0 0 0 1 0 0 0 1 4081b.dat
0 STEP
1 4 -540 -168 -260 1 0 0 0 1 0 0 0 1 3035.dat
1 4 -380 -168 260 1 0 0 0 1 0 0 0 1 3026.dat
1 4 380 -168 260 1 0 0 0 1 0 0 0 1 3026.dat
1 4 0 -168 260 1 0 0 0 1 0 0 0 1 3456.dat
1 14 460 -176 260 -1 0 0 0 1 0 0 0 -1 3680.dat
1 7 460 -176 260 -1 0 0 0 1 0 0 0 -1 3679.dat
0 STEP
1 15 -490 -192 -230 0 0 -1 0 1 0 1 0 0 4286.dat
1 15 -490 -192 -290 0 0 -1 0 1 0 1 0 0 4286.dat
1 15 -510 -192 -230 -1 0 0 0 1 0 0 0 -1 4287.dat
1 15 -610 -192 -230 -1 0 0 0 1 0 0 0 -1 4287.dat
1 15 -560 -192 -230 -1 0 0 0 1 0 0 0 -1 3010.dat
1 15 -560 -192 -290 -1 0 0 0 1 0 0 0 -1 3009.dat
1 15 -610 -192 -260 0 0 -1 0 1 0 1 0 0 3004.dat
1 15 -610 -192 210 1 0 0 0 1 0 0 0 1 4287.dat
1 15 -510 -192 210 1 0 0 0 1 0 0 0 1 4287.dat
1 15 -560 -192 230 -1 0 0 0 1 0 0 0 -1 3009.dat
1 14 460 -184 260 1 0 0 0 1 0 0 0 1 4079.dat
1 4 580 -192 210 1 0 0 0 1 0 0 0 1 3010.dat
1 15 520 -192 210 1 0 0 0 1 0 0 0 1 3660.dat
1 15 480 -192 210 1 0 0 0 1 0 0 0 1 3660p01.dat
1 15 440 -192 210 1 0 0 0 1 0 0 0 1 3660p01.dat
1 15 400 -192 210 1 0 0 0 1 0 0 0 1 3660.dat
1 4 370 -192 210 1 0 0 0 1 0 0 0 1 3005.dat
1 4 280 -192 210 1 0 0 0 1 0 0 0 1 3008.dat
1 15 180 -192 210 1 0 0 0 1 0 0 0 1 3004pt3.dat
1 15 100 -192 210 1 0 0 0 1 0 0 0 1 3009pt1.dat
1 4 20 -192 210 1 0 0 0 1 0 0 0 1 3004.dat
1 4 -80 -192 210 1 0 0 0 1 0 0 0 1 3008.dat
1 15 -180 -192 210 1 0 0 0 1 0 0 0 1 3004pt3.dat
1 15 -260 -192 210 1 0 0 0 1 0 0 0 1 3009pt1.dat
1 4 -400 -192 210 1 0 0 0 1 0 0 0 1 3008.dat
1 4 -490 -192 210 1 0 0 0 1 0 0 0 1 3005.dat
1 15 -160 -192 300 1 0 0 0 1 0 0 0 1 3007.dat
1 15 20 -192 300 1 0 0 0 1 0 0 0 1 3006.dat
0 STEP
1 4 -560 -200 0 0 0 -1 0 1 0 1 0 0 3026.dat
1 4 -610 -224 -210 1 0 0 0 1 0 0 0 1 3040b.dat
1 4 -510 -224 -210 1 0 0 0 1 0 0 0 1 3040b.dat
1 4 -510 -224 210 -1 0 0 0 1 0 0 0 -1 3040b.dat
1 4 -610 -224 210 -1 0 0 0 1 0 0 0 -1 3040b.dat
1 4 -610 -224 0 0 0 -1 0 1 0 1 0 0 3010.dat
1 4 -610 -224 -120 0 0 -1 0 1 0 1 0 0 3008.dat
1 4 -610 -224 120 0 0 -1 0 1 0 1 0 0 3008.dat
1 4 -510 -208 -30 0 0 -1 0 1 0 1 0 0 3024.dat
1 4 -510 -208 30 0 0 -1 0 1 0 1 0 0 3024.dat
0 STEP
1 4 -610 -248 -170 1 0 0 0 1 0 0 0 1 4286.dat
1 4 -610 -248 170 -1 0 0 0 1 0 0 0 -1 4286.dat
1 4 -610 -248 0 0 0 -1 0 1 0 1 0 0 2465.dat
1 15 -510 -224 -140 0 0 -1 0 1 0 1 0 0 3009pt1.dat
1 15 -510 -224 -60 0 0 -1 0 1 0 1 0 0 3004pt3.dat
1 15 -510 -224 100 0 0 -1 0 1 0 1 0 0 3009pt1.dat
1 15 -510 -224 180 0 0 -1 0 1 0 1 0 0 3004pt3.dat
0 STEP
1 0 -470 -336 0 0 0 1 0 1 0 -1 0 0 2448.dat
1 4 -510 -216 0 0 0 1 0 1 0 -1 0 0 3710.dat
1 4 -510 -224 0 0 0 1 0 1 0 -1 0 0 3710.dat
1 4 -510 -248 -170 1 0 0 0 1 0 0 0 1 4286.dat
1 4 -510 -248 170 -1 0 0 0 1 0 0 0 -1 4286.dat
1 4 -510 -248 -120 0 0 -1 0 1 0 1 0 0 3633.dat
1 4 -510 -248 -40 0 0 -1 0 1 0 1 0 0 3633.dat
1 4 -510 -248 40 0 0 -1 0 1 0 1 0 0 3633.dat
1 4 -510 -248 120 0 0 -1 0 1 0 1 0 0 3633.dat
0 STEP
1 15 530 -288 310 1 0 0 0 1 0 0 0 1 2453.dat
1 15 390 -288 310 1 0 0 0 1 0 0 0 1 2453.dat
1 15 -140 -216 310 1 0 0 0 1 0 0 0 1 3008.dat
1 15 20 -216 310 1 0 0 0 1 0 0 0 1 3008.dat
1 14 420 -216 190 -1 0 0 0 1 0 0 0 -1 3039p11.dat
1 1 500 -216 190 -1 0 0 0 1 0 0 0 -1 3039p23.dat
0 
1 4 580 -216 210 1 0 0 0 1 0 0 0 1 3633.dat
1 4 340 -216 210 1 0 0 0 1 0 0 0 1 3633.dat
1 4 260 -216 210 1 0 0 0 1 0 0 0 1 3633.dat
1 4 180 -216 210 1 0 0 0 1 0 0 0 1 3633.dat
1 4 100 -216 210 1 0 0 0 1 0 0 0 1 3633.dat
1 4 20 -216 210 1 0 0 0 1 0 0 0 1 3633.dat
1 4 -60 -216 210 1 0 0 0 1 0 0 0 1 3633.dat
1 4 -140 -216 210 1 0 0 0 1 0 0 0 1 3633.dat
1 4 -220 -216 210 1 0 0 0 1 0 0 0 1 3633.dat
1 4 -300 -216 210 1 0 0 0 1 0 0 0 1 3633.dat
1 4 -380 -216 210 1 0 0 0 1 0 0 0 1 3633.dat
1 4 -460 -216 210 1 0 0 0 1 0 0 0 1 3633.dat
0 STEP
1 0 -470 -344 0 0 0 -1 0 1 0 1 0 0 2436a.dat
1 0 -448 -304 0 0 -1 0 0 0 -1 1 0 0 6395 Scoreboard.ldr
1 15 -180 -352 310 -1 0 0 0 1 0 0 0 -1 2466.dat
1 15 -120 -352 310 -1 0 0 0 1 0 0 0 -1 2466.dat
1 15 -60 -352 310 -1 0 0 0 1 0 0 0 -1 2466.dat
1 15 0 -352 310 -1 0 0 0 1 0 0 0 -1 2466.dat
1 15 60 -352 310 -1 0 0 0 1 0 0 0 -1 2466.dat
1 41 500 -288 190 1 0 0 0 1 0 0 0 1 4872.dat
1 41 420 -288 190 1 0 0 0 1 0 0 0 1 4872.dat
0 STEP
1 15 -460 -352 0 0 0 -1 0 1 0 1 0 0 3680.dat
1 15 -460 -352 0 0.258819 0 -0.965926 0 1 0 0.965926 0 0.258819 6395 Scoreboard Top.ldr
1 15 -140 -360 280 1 0 0 0 1 0 0 0 1 3035.dat
1 15 20 -360 280 1 0 0 0 1 0 0 0 1 3035.dat
1 1 40 -368 250 1 0 0 0 1 0 0 0 1 3666.dat
1 1 -120 -368 250 1 0 0 0 1 0 0 0 1 4477.dat
1 15 390 -296 240 0 0 1 0 1 0 -1 0 0 3460.dat
1 15 530 -296 240 0 0 1 0 1 0 -1 0 0 3460.dat
1 15 460 -296 150 -1 0 0 0 1 0 0 0 -1 3460.dat
1 15 460 -296 180 -1 0 0 0 1 0 0 0 -1 3022.dat
1 15 -10 -24 150 1 0 0 0 1 0 0 0 1 4070.dat
1 15 10 -24 150 1 0 0 0 1 0 0 0 1 4070.dat
1 15 0 -14 136 1 0 0 0 0 -1 0 1 0 2431p02.dat
1 15 70 -24 210 0.707107 0 -0.707107 0 1 0 0.707107 0 0.707107 4070.dat
1 15 65.757 -14 185.958 0.707107 -0.707107 0 0 0 -1 0.707107 0.707107 0 2431p02.dat
1 15 -570 -24 210 0.707107 0 -0.707107 0 1 0 0.707107 0 0.707107 4070.dat
1 15 -574.243 -14 185.958 0.707107 -0.707107 0 0 0 -1 0.707107 0.707107 0 2431p02.dat
1 15 570 -24 210 0.707107 0 0.707107 0 1 0 -0.707107 0 0.707107 4070.dat
1 15 574.243 -14 185.958 0.707107 0.707107 0 0 0 -1 -0.707107 0.707107 0 2431p02.dat
1 15 -70 -24 210 0.707107 0 0.707107 0 1 0 -0.707107 0 0.707107 4070.dat
1 15 -65.757 -14 185.958 0.707107 0.707107 0 0 0 -1 -0.707107 0.707107 0 2431p02.dat
0 STEP
1 1 460 -304 160 -1 0 0 0 1 0 0 0 -1 3034.dat
1 1 460 -304 190 -1 0 0 0 1 0 0 0 -1 3460.dat
1 1 460 -304 260 -1 0 0 0 1 0 0 0 -1 3036.dat
0 STEP
1 1 460 -312 170 -1 0 0 0 1 0 0 0 -1 3794a.dat
1 1 460 -312 150 -1 0 0 0 1 0 0 0 -1 3794a.dat
0 STEP
1 1 460 -320 100 0 0 -1 0 1 0 1 0 0 3460.dat
1 15 460 -328 130 0 0 -1 0 1 0 1 0 0 3024.dat
1 15 460 -344 150 -1 0 0 0 1 0 0 0 -1 3040b.dat
1 15 460 -352 130 1 0 0 0 1 0 0 0 1 3963.dat
1 15 460 -312 30 0 0 -1 0 1 0 1 0 0 3005p03.dat
1 15 460 -312 50 0 0 -1 0 1 0 1 0 0 3005p03.dat
0 
1 15 -498 -166 170 0 -1 0 0 0 1 -1 0 0 2420.dat
1 36 -490 -166 170 0 -1 0 0 0 1 -1 0 0 6141.dat
1 34 -490 -146 170 0 -1 0 0 0 1 -1 0 0 6141.dat
1 14 -490 -166 150 0 -1 0 0 0 -1 1 0 0 3070bp01.dat
0 
1 15 -158 -166 170 0 -1 0 0 0 1 -1 0 0 2420.dat
1 36 -150 -166 170 0 -1 0 0 0 1 -1 0 0 6141.dat
1 34 -150 -146 170 0 -1 0 0 0 1 -1 0 0 6141.dat
1 14 -150 -166 150 0 -1 0 0 0 -1 1 0 0 3070bp02.dat
0 
1 15 182 -166 170 0 -1 0 0 0 1 -1 0 0 2420.dat
1 36 190 -166 170 0 -1 0 0 0 1 -1 0 0 6141.dat
1 34 190 -146 170 0 -1 0 0 0 1 -1 0 0 6141.dat
1 14 190 -166 150 0 -1 0 0 0 -1 1 0 0 3070bp03.dat
0 
1 15 522 -166 170 0 -1 0 0 0 1 -1 0 0 2420.dat
1 36 530 -166 170 0 -1 0 0 0 1 -1 0 0 6141.dat
1 34 530 -146 170 0 -1 0 0 0 1 -1 0 0 6141.dat
1 14 530 -166 150 0 -1 0 0 0 -1 1 0 0 3070bp04.dat
0 
1 15 520 -48 -150 1 0 0 0 1 0 0 0 1 2486.dat
1 4 520 -56 -150 1 0 0 0 1 0 0 0 1 3460.dat
1 15 360 -48 -150 1 0 0 0 1 0 0 0 1 2486.dat
1 4 360 -56 -150 1 0 0 0 1 0 0 0 1 3460.dat
1 15 200 -48 -150 1 0 0 0 1 0 0 0 1 2486.dat
1 4 200 -56 -150 1 0 0 0 1 0 0 0 1 3460.dat
1 15 40 -48 -150 1 0 0 0 1 0 0 0 1 2486.dat
1 4 40 -56 -150 1 0 0 0 1 0 0 0 1 3460.dat
1 15 -120 -48 -150 1 0 0 0 1 0 0 0 1 2486.dat
1 4 -120 -56 -150 1 0 0 0 1 0 0 0 1 3460.dat
1 15 -280 -48 -150 1 0 0 0 1 0 0 0 1 2486.dat
1 4 -280 -56 -150 1 0 0 0 1 0 0 0 1 3460.dat
1 15 -440 -48 -150 1 0 0 0 1 0 0 0 1 2486.dat
1 4 -440 -56 -150 1 0 0 0 1 0 0 0 1 3460.dat
0 STEP
1 15 530 -312 170 1 0 0 0 1 0 0 0 1 3957a.dat
1 14 530 -393 170 0 0 1 0 1 0 -1 0 0 4495a.dat
1 15 390 -312 170 1 0 0 0 1 0 0 0 1 3957a.dat
1 14 390 -393 170 0 0 1 0 1 0 -1 0 0 4495a.dat
0 
1 15 70 -376 250 1 0 0 0 1 0 0 0 1 3957a.dat
1 14 70 -457 250 0 0 1 0 1 0 -1 0 0 4495a.dat
1 15 -190 -376 250 1 0 0 0 1 0 0 0 1 3957a.dat
1 14 -190 -457 250 0 0 1 0 1 0 -1 0 0 4495a.dat
0 
1 15 -510 -256 170 0 0 -1 0 1 0 1 0 0 3957a.dat
1 14 -510 -337 170 0 0 1 0 1 0 -1 0 0 4495a.dat
1 15 -510 -256 -170 0 0 -1 0 1 0 1 0 0 3957a.dat
1 14 -510 -337 -170 0 0 1 0 1 0 -1 0 0 4495a.dat
0 
0
0 FILE 6395 Camera Slide Setup.ldr
0 6395 Camera Slide Setup
0 Name: 6395 Camera Slide Setup.ldr
0 Author: ClydeBum
0 Unofficial Model
0 ROTATION CENTER 0 0 0 1 "Custom" 
0 ROTATION CONFIG 0 0
1 0 110 -48 0 0 0 -1 0 1 0 1 0 0 4083.dat
1 0 -110 -48 0 0 0 -1 0 1 0 1 0 0 4083.dat
1 0 0 -56 0 1 0 0 0 1 0 0 0 1 2445.dat
1 0 80 -64 10 1 0 0 0 1 0 0 0 1 2431.dat
1 0 -80 -64 -10 1 0 0 0 1 0 0 0 1 2431.dat
1 0 -40 -64 10 1 0 0 0 1 0 0 0 1 4162.dat
1 0 40 -64 -10 1 0 0 0 1 0 0 0 1 4162.dat
1 0 -20 -56 0 1 0 0 0 1 0 0 0 1 6395 Camera Slide Base.ldr
0
0 FILE 6395 Camera Slide Base.ldr
0 6395 Camera Slide Base
0 Name: 6395 Camera Slide Base.ldr
0 Author: ClydeTheBum
0 Unofficial Model
0 ROTATION CENTER 0 0 0 1 "Custom" 
0 ROTATION CONFIG 0 0
1 14 0 0 0 1 0 0 0 1 0 0 0 1 4871.dat
1 0 0 8 0 1 0 0 0 1 0 0 0 1 3068b.dat
1 14 0 -8 30 1 0 0 0 1 0 0 0 1 3023.dat
1 14 0 -8 -30 1 0 0 0 1 0 0 0 1 3023.dat
1 14 0 -16 0 0 0 -1 0 1 0 1 0 0 3020.dat
1 14 0 -24 0 0 0 -1 0 1 0 1 0 0 3680.dat
1 14 0 -24 0 -1 0 0 0 1 0 0 0 -1 6395 Camera Seat.ldr
0
0 FILE 6395 Camera Seat.ldr
0 6395 Camera Seat
0 Name: 6395 Camera Seat.ldr
0 Author: ClydeTheBum
0 Unofficial Model
0 ROTATION CENTER 15 -35.9686 -48.2197 1 "Camera" 
0 ROTATION CONFIG 0 1
1 7 0 0 0 1 0 0 0 1 0 0 0 1 3679.dat
1 14 0 -8 0 0 0 -1 0 1 0 1 0 0 3020.dat
1 14 0 -16 20 1 0 0 0 1 0 0 0 1 4079.dat
1 0 0 -16 -10 1 0 0 0 1 0 0 0 1 3794a.dat
1 0 0 -16 -30 1 0 0 0 1 0 0 0 1 3794a.dat
1 0 0 -24 -10 -1 0 0 0 1 0 0 0 -1 2420.dat
1 0 -20 -32 -10 -1 0 0 0 1 0 0 0 -1 4592.dat
1 7 -20 -32 -10 -1 0 0 0 0.965926 0.258819 0 0.258819 -0.965926 4593.dat
1 0 10 -40 -20 0 0 1 0 1 0 -1 0 0 4531.dat
1 0 15 -47.166 -22.005 0 0 1 0.258819 0.965926 0 -0.965926 0.258819 0 6395 Camera Top.ldr
1 0 0 -88 11 1 0 0 0 1 0 0 0 1 but014.ldr
0
0 FILE 6395 Camera Top.ldr
0 6395 Camera Top
0 Name: 6395 Camera Top.ldr
0 Author: ClydeTheBum
0 Unofficial Model
0 ROTATION CENTER 0 0 0 1 "Custom" 
0 ROTATION CONFIG 0 0
1 0 0 0 0 1 0 0 0 1 0 0 0 1 4275b.dat
1 0 0 -24 0 1 0 0 0 1 0 0 0 1 3004.dat
1 0 0 -40 0 0 0 -1 0 1 0 1 0 0 4595.dat
1 15 0 -40 -19 -1 0 0 0 0 1 0 1 0 4150p00.dat
1 15 10 -31 18 -1 0 0 0 0 -1 0 -1 0 3070bp08.dat
1 36 -10 -31 16 -1 0 0 0 0 -1 0 -1 0 6141.dat
1 0 36 -30 0 0 1 0 0 0 -1 -1 0 0 4589.dat
0
0 FILE 6395 Scoreboard.ldr
0 6395 Scoreboard
0 Name: 6395 Scoreboard.ldr
0 Author: ClydeTheBum
0 Unofficial Model
0 ROTATION CENTER 0 0 0 1 "Custom" 
0 ROTATION CONFIG 0 0
1 0 0 0 0 1 0 0 0 1 0 0 0 1 3032.dat
1 15 0 -8 0 0 0 1 0 1 0 -1 0 0 3020.dat
1 15 -40 -8 30 -1 0 0 0 1 0 0 0 -1 3069bp25.dat
1 15 -40 -8 -30 -1 0 0 0 1 0 0 0 -1 3069bp25.dat
1 15 -40 -8 -10 -1 0 0 0 1 0 0 0 -1 3069bp08.dat
1 15 -40 -8 10 1 0 0 0 1 0 0 0 1 3069bp08.dat
1 15 40 -8 20 -1 0 0 0 1 0 0 0 -1 3068bp18.dat
1 15 40 -8 -20 0 0 1 0 1 0 -1 0 0 3068bp18.dat
1 15 20 -16 0 0 0 -1 0 1 0 1 0 0 2429.dat
1 34 -10 -16 -30 0 0 -1 0 1 0 1 0 0 6141.dat
1 34 -10 -16 -10 0 0 -1 0 1 0 1 0 0 6141.dat
1 36 -10 -16 10 0 0 -1 0 1 0 1 0 0 6141.dat
1 36 -10 -16 30 0 0 -1 0 1 0 1 0 0 6141.dat
1 1 10 -16 30 1 0 0 0 1 0 0 0 1 3070bp05.dat
1 9 40 -16 -20 1 0 0 0 1 0 0 0 1 6395 Scoreboard Hinge.ldr
0
0 FILE 6395 Scoreboard Hinge.ldr
0 6395 Scoreboard Hinge
0 Name: 6395 Scoreboard Hinge.ldr
0 Author: ClydeTheBum
0 Unofficial Model
0 ROTATION CENTER 0 0 0 1 "Custom" 
0 ROTATION CONFIG 0 0
1 15 0 -8 0 -1 0 0 0 1 0 0 0 -1 3068bp18.dat
1 15 10 0 0 0 0 -1 0 1 0 1 0 0 3023.dat
1 15 -20 0 20 0 0 1 0 1 0 -1 0 0 2430.dat
0
0 FILE Fire Ex.ldr
0 Fire Ex
0 Name: Fire Ex.ldr
0 Author: ClydeTheBum
0 Unofficial Model
0 ROTATION CENTER 0 0 0 1 "Custom" 
0 ROTATION CONFIG 0 0
1 4 0 0 0 1 0 0 0 1 0 0 0 1 3062b.dat
1 4 0 -24 0 1 0 0 0 1 0 0 0 1 4599a.dat
0
0 FILE Wheel (Wh).ldr
0 Wheel (Wh)
0 Name: Wheel (Wh).ldr
0 Author: ClydeTheBum
0 Unofficial Model
0 ROTATION CENTER 0 0 0 1 "Custom" 
0 ROTATION CONFIG 0 0
1 15 0 0 0 1 0 0 0 1 0 0 0 1 4624.dat
1 0 0 0 0 -1 0 0 0 1 0 0 0 -1 3641.dat
0
0 FILE 6395_wagon_blue.ldr
0 6395_wagon_blue
0 Name: 6395_wagon_blue.ldr
0 Author: ClydeTheBum
0 Unofficial Model
0 ROTATION CENTER 0 0 0 1 "Custom" 
0 ROTATION CONFIG 0 0
1 1 0 -8 0 1 0 0 0 1 0 0 0 1 3022.dat
1 1 0 -16 0 1 0 0 0 1 0 0 0 1 3020.dat
1 1 0 -40 10 1 0 0 0 1 0 0 0 1 4865a.dat
1 1 0 -40 -10 -1 0 0 0 1 0 0 0 -1 4865a.dat
1 1 -30 -40 0 0 0 1 0 1 0 -1 0 0 4865a.dat
1 1 30 -48 0 0 0 1 0 1 0 -1 0 0 2432.dat
1 1 -10 0 -10 0 0 1 0 1 0 -1 0 0 4081b.dat
1 1 -10 0 10 0 0 1 0 1 0 -1 0 0 4081b.dat
1 1 10 0 10 0 0 -1 0 1 0 1 0 0 4081b.dat
1 1 10 0 -10 0 0 -1 0 1 0 1 0 0 4081b.dat
1 0 -30 2 -22 0 0 -1 -1 0 0 0 1 0 6141.dat
1 0 30 2 -22 0 0 -1 -1 0 0 0 1 0 6141.dat
1 0 30 2 18 0 0 1 -1 0 0 0 -1 0 6141.dat
1 0 -30 2 18 0 0 1 -1 0 0 0 -1 0 6141.dat
1 14 1 -38 8 1 0 0 0 1 0 0 0 1 4624.dat
1 0 1 -38 8 -1 0 0 0 1 0 0 0 -1 3641.dat
1 14 1 -38 -8 1 0 0 0 1 0 0 0 1 4624.dat
1 0 1 -38 -8 -1 0 0 0 1 0 0 0 -1 3641.dat
0
0 FILE 6395_wagon_yel.ldr
0 6395_wagon_yel.ldr
0 Name: 6395_wagon_yel.ldr
0 Author: ClydeTheBum
0 Unofficial Model
0 ROTATION CENTER 0 0 0 1 "Custom" 
0 ROTATION CONFIG 0 0
1 14 0 -8 0 1 0 0 0 1 0 0 0 1 3022.dat
1 14 0 -16 0 1 0 0 0 1 0 0 0 1 3020.dat
1 14 0 -40 10 1 0 0 0 1 0 0 0 1 4865a.dat
1 14 0 -40 -10 -1 0 0 0 1 0 0 0 -1 4865a.dat
1 14 -30 -40 0 0 0 1 0 1 0 -1 0 0 4865a.dat
1 14 30 -48 0 0 0 1 0 1 0 -1 0 0 2432.dat
1 14 -10 0 -10 0 0 1 0 1 0 -1 0 0 4081b.dat
1 14 -10 0 10 0 0 1 0 1 0 -1 0 0 4081b.dat
1 14 10 0 10 0 0 -1 0 1 0 1 0 0 4081b.dat
1 14 10 0 -10 0 0 -1 0 1 0 1 0 0 4081b.dat
1 0 -30 2 -22 0 0 -1 -1 0 0 0 1 0 6141.dat
1 0 30 2 -22 0 0 -1 -1 0 0 0 1 0 6141.dat
1 0 30 2 18 0 0 1 -1 0 0 0 -1 0 6141.dat
1 0 -30 2 18 0 0 1 -1 0 0 0 -1 0 6141.dat
1 15 1 -38 8 1 0 0 0 1 0 0 0 1 4624.dat
1 0 1 -38 8 -1 0 0 0 1 0 0 0 -1 3641.dat
1 15 1 -38 -8 1 0 0 0 1 0 0 0 1 4624.dat
1 0 1 -38 -8 -1 0 0 0 1 0 0 0 -1 3641.dat
0
0 FILE 6395 Scoreboard Top.ldr
0 6395 Scoreboard Top
0 Name: 6395 Scoreboard Top.ldr
0 Author: ClydeTheBum
0 Unofficial Model
0 ROTATION CENTER 0 0 0 1 "Custom" 
0 ROTATION CONFIG 0 0
1 7 0 0 0 1 0 0 0 1 0 0 0 1 3679.dat
1 7 0 -8 0 1 0 0 0 1 0 0 0 1 6141.dat
1 7 0 -32 0 1 0 0 0 1 0 0 0 1 4733.dat
1 15 0 -40 0 1 0 0 0 1 0 0 0 1 30039.dat
1 14 0 -23 -18 1 0 0 0 0 -1 0 1 0 3070bp01.dat
1 14 18 -23 0 0 -1 0 0 0 -1 1 0 0 3070bp02.dat
1 14 0 -23 18 -1 0 0 0 0 -1 0 -1 0 3070bp03.dat
1 14 -18 -23 0 0 1 0 0 0 -1 -1 0 0 3070bp04.dat
0
0 FILE 6395_tool_blue.ldr
0 6395_tool_blue
0 Name: 6395_tool_blue.ldr
0 Author: ClydeTheBum
0 Unofficial Model
0 ROTATION CENTER 0 0 0 1 "Custom" 
0 ROTATION CONFIG 0 0
1 1 10 0 0 1 0 0 0 1 0 0 0 1 2357.dat
1 1 -10 0 0 0 0 -1 0 1 0 1 0 0 2357.dat
1 0 0 -8 30 1 0 0 0 1 0 0 0 1 4600.dat
1 1 0 -24 0 1 0 0 0 1 0 0 0 1 3010.dat
1 1 -30 -32 0 1 0 0 0 1 0 0 0 1 4085c.dat
1 1 -10 -32 0 1 0 0 0 1 0 0 0 1 4085c.dat
1 1 10 -32 0 1 0 0 0 1 0 0 0 1 4085c.dat
1 1 30 -32 0 1 0 0 0 1 0 0 0 1 4085c.dat
1 1 -20 -56 0 1 0 0 0 1 0 0 0 1 4865a.dat
1 1 20 -56 0 1 0 0 0 1 0 0 0 1 4865a.dat
1 1 -30 -16 -20 0 0 -1 0 1 0 1 0 0 Fire Ex.ldr
1 0 30 -28 -20 0 0 -1 0 1 0 1 0 0 3962b.dat
1 0 10 -40 -20 0 0 1 0 1 0 -1 0 0 4522.dat
1 0 -10 -35 -20 0 0 1 0 1 0 -1 0 0 4006.dat
1 15 30 -3 30 0 0 -1 0 1 0 1 0 0 4624.dat
1 0 30 -3 30 0 0 1 0 1 0 -1 0 0 3641.dat
0
0 FILE 6395_tool_yel.ldr
0 6395_tool_yel
0 Name: 6395_tool_yel.ldr
0 Author: ClydeTheBum
0 Unofficial Model
0 ROTATION CENTER 0 0 0 1 "Custom" 
0 ROTATION CONFIG 0 0
1 14 10 0 0 1 0 0 0 1 0 0 0 1 2357.dat
1 14 -10 0 0 0 0 -1 0 1 0 1 0 0 2357.dat
1 0 0 -8 30 1 0 0 0 1 0 0 0 1 4600.dat
1 14 0 -24 0 1 0 0 0 1 0 0 0 1 3010.dat
1 14 -30 -32 0 1 0 0 0 1 0 0 0 1 4085c.dat
1 14 -10 -32 0 1 0 0 0 1 0 0 0 1 4085c.dat
1 14 10 -32 0 1 0 0 0 1 0 0 0 1 4085c.dat
1 14 30 -32 0 1 0 0 0 1 0 0 0 1 4085c.dat
1 14 -20 -56 0 1 0 0 0 1 0 0 0 1 4865a.dat
1 14 20 -56 0 1 0 0 0 1 0 0 0 1 4865a.dat
1 14 -30 -16 -20 0 0 -1 0 1 0 1 0 0 Fire Ex.ldr
1 0 30 -28 -20 0 0 -1 0 1 0 1 0 0 3962b.dat
1 0 10 -40 -20 0 0 1 0 1 0 -1 0 0 4522.dat
1 0 -10 -35 -20 0 0 1 0 1 0 -1 0 0 4006.dat
1 15 30 -3 30 0 0 -1 0 1 0 1 0 0 4624.dat
1 0 30 -3 30 0 0 1 0 1 0 -1 0 0 3641.dat
0
0 FILE 6395_gashose.ldr
0 6395_gashose
0 Name: 6395_gashose.ldr
0 Author: ClydeTheBum
0 Unofficial Model
0 ROTATION CENTER 0 0 0 1 "Custom" 
0 ROTATION CONFIG 0 0
1 14 0 0 0 1 0 0 0 1 0 0 0 1 3941.dat
1 4 0 -8 0 1 0 0 0 1 0 0 0 1 4032a.dat
1 15 0 -32 0 1 0 0 0 1 0 0 0 1 3941.dat
1 0 0 -48 0 1 0 0 0 1 0 0 0 1 752.dat
1 0 -50 0 -10 1 0 0 0 1 0 0 0 1 4599a.dat
1 0 -50 -16 -10 1 0 0 0 1 0 0 0 1 752.dat
0 MLCAD BTG hose_1
1 0 0 -48 0 0.196116 0.0375359 0.979862 0 0.999267 -0.0382793 -0.980581 0.00750719 0.195972 756.dat
0 MLCAD BTG hose_1
1 0 -0.0782007 -50.0818 -0.0156401 0.196116 0.108525 0.974557 0 0.993857 -0.110675 -0.980581 0.0217051 0.194911 754.dat
0 MLCAD BTG hose_1
1 0 -0.304649 -52.1556 -0.0609299 0.196116 0.173785 0.965058 0 0.98417 -0.177226 -0.980581 0.0347569 0.193012 754.dat
0 MLCAD BTG hose_1
1 0 -0.667697 -54.2116 -0.133539 0.196116 0.233918 0.952271 0 0.97113 -0.23855 -0.980581 0.0467835 0.190454 754.dat
0 MLCAD BTG hose_1
1 0 -1.15669 -56.2417 -0.231339 0.196116 0.289598 0.936841 0 0.955394 -0.295333 -0.980581 0.0579195 0.187368 754.dat
0 MLCAD BTG hose_1
1 0 -1.76215 -58.2391 -0.35243 0.196116 0.341501 0.919193 0 0.937397 -0.348264 -0.980581 0.0683001 0.183839 754.dat
0 MLCAD BTG hose_1
1 0 -2.47577 -60.198 -0.495154 0.196116 0.39027 0.899571 0 0.917386 -0.397999 -0.980581 0.0780539 0.179914 754.dat
0 MLCAD BTG hose_1
1 0 -3.29046 -62.113 -0.658092 0.196116 0.4365 0.87807 0 0.895459 -0.445144 -0.980581 0.0873 0.175614 754.dat
0 MLCAD BTG hose_1
1 0 -4.20024 -63.9794 -0.840047 0.196116 0.480733 0.854654 0 0.87158 -0.490254 -0.980581 0.0961466 0.170931 754.dat
0 MLCAD BTG hose_1
1 0 -5.20014 -65.7922 -1.04003 0.196116 0.52346 0.829173 0 0.845594 -0.533826 -0.980581 0.104692 0.165835 754.dat
0 MLCAD BTG hose_1
1 0 -6.28614 -67.5466 -1.25723 0.196116 0.56512 0.80136 0 0.81723 -0.576312 -0.980581 0.113024 0.160272 754.dat
0 MLCAD BTG hose_1
1 0 -7.45501 -69.2369 -1.491 0.196116 0.606106 0.770827 0 0.786092 -0.618109 -0.980581 0.121221 0.154165 754.dat
0 MLCAD BTG hose_1
1 0 -8.70424 -70.8571 -1.74085 0.196116 0.646755 0.737053 0 0.751649 -0.659563 -0.980581 0.129351 0.147411 754.dat
0 MLCAD BTG hose_1
1 0 -10.0318 -72.4 -2.00637 0.196116 0.687342 0.699357 0 0.713207 -0.700954 -0.980581 0.137468 0.139871 754.dat
0 MLCAD BTG hose_1
1 0 -11.4363 -73.8573 -2.28726 0.196116 0.728051 0.656871 0 0.66988 -0.74247 -0.980581 0.14561 0.131374 754.dat
0 MLCAD BTG hose_1
1 0 -12.9162 -75.219 -2.58325 0.196116 0.768934 0.608505 0 0.620556 -0.784162 -0.980581 0.153787 0.121701 754.dat
0 MLCAD BTG hose_1
1 0 -14.4705 -76.4733 -2.8941 0.196116 0.809832 0.552912 0 0.563861 -0.825869 -0.980581 0.161966 0.110582 754.dat
0 MLCAD BTG hose_1
1 0 -16.0975 -77.6062 -3.21951 0.196116 0.850254 0.488473 0 0.498147 -0.867093 -0.980581 0.170051 0.0976947 754.dat
0 MLCAD BTG hose_1
1 0 -17.7954 -78.6009 -3.55908 0.196116 0.889206 0.413341 0 0.421526 -0.906816 -0.980581 0.177841 0.0826681 754.dat
0 MLCAD BTG hose_1
1 0 -19.5613 -79.438 -3.91226 0.196116 0.92495 0.325585 0 0.332033 -0.943268 -0.980581 0.18499 0.065117 754.dat
0 MLCAD BTG hose_1
1 0 -21.3908 -80.0948 -4.27816 0.196116 0.954755 0.223563 0 0.227991 -0.973663 -0.980581 0.190951 0.0447126 754.dat
0 MLCAD BTG hose_1
1 0 -23.2778 -80.5454 -4.65555 0.196116 0.974771 0.106587 0 0.108698 -0.994075 -0.980581 0.194954 0.0213174 754.dat
0 MLCAD BTG hose_1
1 0 -25.2131 -80.7612 -5.04263 0.196116 0.980284 -0.024101 0 -0.0245783 -0.999698 -0.980581 0.196057 -0.0048202 754.dat
0 MLCAD BTG hose_1
1 0 -27.1846 -80.7118 -5.43693 0.196116 0.966705 -0.164376 0 -0.167632 -0.98585 -0.980581 0.193341 -0.0328753 754.dat
0 MLCAD BTG hose_1
1 0 -29.176 -80.3665 -5.8352 0.196116 0.931272 -0.307037 0 -0.313118 -0.949714 -0.980581 0.186254 -0.0614074 754.dat
0 MLCAD BTG hose_1
1 0 -31.1667 -79.6971 -6.23334 0.196116 0.874752 -0.443112 0 -0.451887 -0.892075 -0.980581 0.17495 -0.0886224 754.dat
0 MLCAD BTG hose_1
1 0 -33.1323 -78.6817 -6.62646 0.196116 0.801838 -0.564441 0 -0.575619 -0.817718 -0.980581 0.160368 -0.112888 754.dat
0 MLCAD BTG hose_1
1 0 -35.0457 -77.3082 -7.00913 0.196116 0.719681 -0.666031 0 -0.679221 -0.733933 -0.980581 0.143936 -0.133206 754.dat
0 MLCAD BTG hose_1
1 0 -36.8786 -75.5782 -7.37573 0.196116 0.635512 -0.746768 0 -0.761557 -0.648098 -0.980581 0.127102 -0.149354 754.dat
0 MLCAD BTG hose_1
1 0 -38.6051 -73.5094 -7.72102 0.196116 0.554871 -0.808491 0 -0.824502 -0.565859 -0.980581 0.110974 -0.161698 754.dat
0 MLCAD BTG hose_1
1 0 -40.2033 -71.1345 -8.04066 0.196116 0.481049 -0.854476 0 -0.871398 -0.490576 -0.980581 0.0962099 -0.170895 754.dat
0 MLCAD BTG hose_1
1 0 -41.6582 -68.4991 -8.33163 0.196116 0.415431 -0.888232 0 -0.905822 -0.423658 -0.980581 0.0830861 -0.177646 754.dat
0 MLCAD BTG hose_1
1 0 -42.9621 -65.656 -8.59242 0.196116 0.358122 -0.912845 0 -0.930923 -0.365215 -0.980581 0.0716245 -0.182569 754.dat
0 MLCAD BTG hose_1
1 0 -44.1145 -62.6603 -8.8229 0.196116 0.308537 -0.930776 0 -0.949209 -0.314648 -0.980581 0.0617075 -0.186155 754.dat
0 MLCAD BTG hose_1
1 0 -45.1208 -59.5644 -9.02416 0.196116 0.26579 -0.943872 0 -0.962564 -0.271054 -0.980581 0.053158 -0.188774 754.dat
0 MLCAD BTG hose_1
1 0 -45.9904 -56.4151 -9.19809 0.196116 0.22893 -0.953483 0 -0.972366 -0.233464 -0.980581 0.045786 -0.190697 754.dat
0 MLCAD BTG hose_1
1 0 -46.7352 -53.2516 -9.34705 0.196116 0.197062 -0.960575 0 -0.979598 -0.200965 -0.980581 0.0394125 -0.192115 754.dat
0 MLCAD BTG hose_1
