0 FILE 6509 - Red Devil Racer.ldr
0 Red Devil Racer
0 Name: 6509 - Red Devil Racer
0 Author: Tomas Kralicek [RabbiT_CZ]
0 !LICENSE Redistributable under CCAL version 2.0 : see CAreadme.txt
1 4 0 0 0 1 0 0 0 1 0 0 0 1 2441.dat
0 STEP
1 15 30 0 0 0 0 -1 0 1 0 1 0 0 3623.dat
1 15 -30 0 0 0 0 -1 0 1 0 1 0 0 3623.dat
1 15 0 0 20 -1 0 0 0 1 0 0 0 -1 3023.dat
0 STEP
1 4 0 8 -70 -1 0 0 0 1 0 0 0 -1 3022.dat
0 STEP
1 4 20 -8 20 -1 0 0 0 1 0 0 0 -1 3794a.dat
1 4 -20 -8 20 -1 0 0 0 1 0 0 0 -1 3794a.dat
1 15 0 -8 40 -1 0 0 0 1 0 0 0 -1 3794a.dat
1 15 0 -8 60 -1 0 0 0 1 0 0 0 -1 3794a.dat
0 STEP
1 4 30 -24 -10 0 0 -1 0 1 0 1 0 0 4865a.dat
1 4 -30 -24 -10 0 0 1 0 1 0 -1 0 0 4865a.dat
1 0 0 -16 50 0 0 1 0 1 0 -1 0 0 3023.dat
1 4 0 0 -90 1 0 0 0 1 0 0 0 1 u8200.dat
0 STEP
1 0 0 -32 50 -1 0 0 0 1 0 0 0 -1 4595.dat
1 14 -18 -22 50 0 1 0 0 0 -1 -1 0 0 2412a.dat
1 14 18 -22 50 0 -1 0 0 0 1 -1 0 0 2412a.dat
1 4 -20 -32 20 0 0 1 0 1 0 -1 0 0 3005.dat
1 4 20 -32 20 0 0 1 0 1 0 -1 0 0 3005.dat
1 4 0 -24 -60 1 0 0 0 1 0 0 0 1 3298p56.dat
1 15 0 -8 -40 1 0 0 0 1 0 0 0 1 3829c01.dat
0 STEP
1 4 0 -40 30 1 0 0 0 1 0 0 0 1 3021.dat
1 4 0 -40 60 1 0 0 0 1 0 0 0 1 3070b.dat
1 4 0 -48 30 0 0 -1 0 1 0 1 0 0 4276b.dat
1 4 -0.073 -57.464 75.321 1 -0.001 -0.004 -0.001 0.866 -0.5 0.004 0.5 0.866 2452.dat
0 STEP
1 15 0 -72 20 -1 0 0 0 1 0 0 0 -1 3040b.dat
1 4 -0.065 -64.392 71.321 -1 -0.001 0.004 0.001 0.866 0.5 -0.004 0.5 -0.866 2431.dat
1 15 30 5 -50 0 0 -1 0 1 0 1 0 0 4624.dat
1 256 30 5 -50 0 0 -1 0 1 0 1 0 0 3641.dat
1 256 30 5 50 0 0 -1 0 1 0 1 0 0 3641.dat
1 15 30 5 50 0 0 -1 0 1 0 1 0 0 4624.dat
1 256 -30 5 -50 0 0 1 0 1 0 -1 0 0 3641.dat
1 15 -30 5 -50 0 0 1 0 1 0 -1 0 0 4624.dat
1 256 -30 5 50 0 0 1 0 1 0 -1 0 0 3641.dat
1 15 -30 5 50 0 0 1 0 1 0 -1 0 0 4624.dat
0 STEP
1 43 0 -13 -2 1 0 0 0 1 0 0 0 1 6509 - Minifig.ldr
0 FILE 6509 - Minifig.ldr
0 Minifig
0 Name: 6509 - Minifig.ldr
0 Author: Tomas Kralicek [RabbiT_CZ]
0 !LICENSE Redistributable under CCAL version 2.0 : see CAreadme.txt
1 15 0 0 0 1 0 0 0 1 0 0 0 1 3815.dat
1 15 0 12 0 1 0 0 0 0 1 0 -1 0 3817.dat
1 15 0 12 0 1 0 0 0 0 1 0 -1 0 3816.dat
1 15 0 -32 0 1 0 0 0 1 0 0 0 1 973p14.dat
1 15 -15.552 -23 0 0.985 -0.12 -0.12 0.17 0.697 0.697 0 -0.707 0.707 3818.dat
1 15 15.552 -23 0 0.985 0.12 0.12 -0.17 0.697 0.697 0 -0.707 0.707 3819.dat
1 14 -21.56 -17.578 -20.342 0.985 0.17 0 -0.17 0.985 0 0 0 1 3820.dat
1 14 21.56 -17.578 -20.342 0.968 -0.251 0 0.251 0.968 0 0 0 1 3820.dat
1 14 0 -56 0 0.866 0 -0.5 0 1 0 0.5 0 0.866 3626bp01.dat
1 0 0 -56 0 0.866 0 -0.5 0 1 0 0.5 0 0.866 2446.dat
1 43 0 -56 0 0.866 0 -0.5 0 1 0 0.5 0 0.866 2447.dat
