0 FILE Untitled.ldr
0 Untitled
0 Name: Untitled.ldr
0 Author: marco
0 Unofficial Model
0 ROTATION CENTER 0 0 0 1 "Custom" 
0 ROTATION CONFIG 0 0
1 0 8 49 0 1 0 0 0 1 0 0 0 1 6543 marina.ldr
1 0 560 16 -950 1 0 0 0 1 0 0 0 1 6543 c2.ldr
1 0 540 16 -580 1 0 0 0 1 0 0 0 1 6543 c1.ldr
1 0 -40.2 -47 -160.2 1 0 0 0 1 0 0 0 1 6543 a.ldr
1 0 -140 -38.4 -150 0 0 -1 0 1 0 1 0 0 6543 truck.ldr
1 0 187 -34 -25 1 0 0 0 1 0 0 0 1 6543 b.ldr
1 0 -70 30 -670 0 0.0348995 -0.999391 0 0.999391 0.0348995 1 0 0 6543 off1.ldr
1 0 -240.133 30.3808 -830 0 0.0348995 -0.999391 0 0.999391 0.0348995 1 0 0 6543 off2.ldr
1 0 750.763 12.088 -320.006 1 0 0 0 0.999391 0.0348995 0 -0.0348995 0.999391 6543 boat.ldr
1 0 -560 15.673 -100.419 1 0 0 0 0.999391 0.0348995 0 -0.0348995 0.999391 6543 plane.ldr
0
0 FILE 6543 marina.ldr
0 6543 marina
0 ROTATION CENTER 0 0 0 1 "Custom" 
0 ROTATION CONFIG 0 0
1 15 -83.552 -106.697 -390.333 1 0 0 0 1 0 0 0 1 4485.dat
1 14 371.366 -143.523 49.9992 1 0 0 0 1 0 0 0 1 2610.dat
1 1 341.367 -424.023 129.999 0 0 1 0 1 0 -1 0 0 4495a.dat
1 15 721.366 -243.698 -30.0011 1 0 0 0 1 0 0 0 1 3960.dat
1 1 601.366 -424.023 129.999 0 0 1 0 1 0 -1 0 0 4495a.dat
1 15 721.366 -122.966 -30.0011 1 0 0 0 -1 0 0 0 -1 2723.dat
1 4 781.367 -239.523 29.9992 0 0 1 0 1 0 -1 0 0 2546p01.dat
1 4 721.366 -118.698 -30.0011 1 0 0 0 1 0 0 0 1 4095.dat
1 0 621.947 -177.209 49.999 0 0.580236 -0.814448 0 0.814448 0.580236 1 0 0 4593.dat
1 4 621.241 -175.523 50.1242 0 0 -1 0 1 0 1 0 0 4592.dat
1 47 641.366 -167.523 69.9991 0 0 1 0 1 0 -1 0 0 3899.dat
1 47 641.366 -167.523 89.999 0 0 1 0 1 0 -1 0 0 3899.dat
1 15 271.366 -183.523 -540.001 1 0 0 0 1 0 0 0 1 3021.dat
1 15 271.366 -175.523 -550.001 1 0 0 0 1 0 0 0 1 3622.dat
1 15 291.366 -175.523 -530.001 -1 0 0 0 1 0 0 0 -1 4070.dat
1 36 271.366 -175.523 -530.001 1 0 0 0 1 0 0 0 1 3062b.dat
1 15 271.366 -151.523 -540.001 1 0 0 0 1 0 0 0 1 3021.dat
1 15 251.366 -175.523 -530.001 -1 0 0 0 1 0 0 0 -1 4070.dat
1 7 241.366 -95.5235 -340.001 0 0 -1 0 1 0 1 0 0 2412b.dat
1 1 301.366 -119.523 -340 0 0 -1 0 1 0 1 0 0 2432.dat
1 7 281.366 -95.5235 -340 0 0 -1 0 1 0 1 0 0 2412b.dat
1 7 261.366 -95.5235 -340 0 0 -1 0 1 0 1 0 0 2412b.dat
1 14 781.366 -135.523 -80.0009 0 0 -1 0 1 0 1 0 0 3004.dat
1 4 781.366 -135.523 -20.0009 0 0 -1 0 1 0 1 0 0 3633.dat
1 14 781.366 -111.523 -20.0009 0 0 -1 0 1 0 1 0 0 3009.dat
1 14 781.366 -231.523 29.9991 1 0 0 0 1 0 0 0 1 2453.dat
1 14 781.366 -239.523 79.9991 0 0 -1 0 1 0 1 0 0 3666.dat
1 4 731.366 -135.523 -90.0007 1 0 0 0 1 0 0 0 1 3633.dat
1 14 711.366 -111.523 -90.0007 1 0 0 0 1 0 0 0 1 3008.dat
1 14 671.366 -135.523 -90.0007 -1 0 0 0 1 0 0 0 -1 3004.dat
1 7 731.366 -87.5235 19.9993 0 0 -1 0 1 0 1 0 0 3028.dat
1 15 721.366 -111.523 -30.0009 1 0 0 0 1 0 0 0 1 3062b.dat
1 7 711.366 -79.5235 -90.0007 1 0 0 0 1 0 0 0 1 3308.dat
1 7 781.366 -79.5235 29.9989 1 0 0 0 1 0 0 0 1 3005.dat
1 7 781.366 -55.5235 49.9991 0 0 1 0 1 0 -1 0 0 2357.dat
1 15 911.366 -239.523 99.9994 1 0 0 0 1 0 0 0 1 4740.dat
1 34 911.366 -231.523 99.9995 1 0 0 0 1 0 0 0 1 3062b.dat
1 15 911.366 -207.523 99.9995 1 0 0 0 1 0 0 0 1 3062b.dat
1 4 911.366 -183.523 99.9995 1 0 0 0 1 0 0 0 1 3062b.dat
1 15 911.366 -159.523 99.9995 1 0 0 0 1 0 0 0 1 3062b.dat
1 4 911.366 -135.524 99.9995 1 0 0 0 1 0 0 0 1 3062b.dat
1 15 911.366 -111.523 99.9994 1 0 0 0 1 0 0 0 1 3942b.dat
1 7 851.366 -63.5235 79.9993 1 0 0 0 1 0 0 0 1 3035.dat
1 7 921.366 -55.5235 79.9994 0 0 -1 0 1 0 1 0 0 3010.dat
1 14 781.366 -231.523 129.999 1 0 0 0 1 0 0 0 1 2453.dat
1 7 781.366 -79.5235 79.9992 0 0 -1 0 1 0 1 0 0 3710.dat
1 0 791.366 -71.5235 79.9994 0 0 -1 0 1 0 1 0 0 3020.dat
1 7 611.366 -87.5235 19.9993 0 0 -1 0 1 0 1 0 0 3028.dat
1 14 611.366 -279.523 89.9992 1 0 0 0 1 0 0 0 1 3039.dat
1 14 611.366 -303.524 109.999 1 0 0 0 1 0 0 0 1 3039.dat
1 14 611.366 -327.523 129.999 1 0 0 0 1 0 0 0 1 3039.dat
1 14 621.366 -255.523 89.9987 1 0 0 0 1 0 0 0 1 3024.dat
1 15 711.366 -295.523 89.9987 1 0 0 0 1 0 0 0 1 3009.dat
1 15 711.366 -271.523 89.9987 1 0 0 0 1 0 0 0 1 3009.dat
1 2 711.366 -247.523 89.9987 1 0 0 0 1 0 0 0 1 4477.dat
1 2 621.366 -239.523 89.9987 1 0 0 0 1 0 0 0 1 3024.dat
1 14 621.366 -207.523 29.9989 1 0 0 0 1 0 0 0 1 2453.dat
1 14 621.366 -231.524 79.999 0 0 -1 0 1 0 1 0 0 3009.dat
1 14 621.366 -303.524 129.999 1 0 0 0 1 0 0 0 1 3005.dat
1 14 621.366 -279.523 119.999 0 0 -1 0 1 0 1 0 0 3004.dat
1 15 601.616 -343.523 130.249 1 0 0 0 1 0 0 0 1 3957a.dat
1 14 551.366 -335.523 129.999 1 0 0 0 1 0 0 0 1 3460.dat
1 4 551.366 -327.523 129.999 1 0 0 0 1 0 0 0 1 6159.dat
1 14 621.366 -255.524 109.999 1 0 0 0 1 0 0 0 1 3005.dat
1 15 551.366 -263.523 -0.00123175 1 0 0 0 1 0 0 0 1 4515p02.dat
1 2 511.366 -247.523 49.9987 1 0 0 0 1 0 0 0 1 4477.dat
1 15 391.366 -263.523 -0.0011185 1 0 0 0 1 0 0 0 1 4515p02.dat
1 14 471.366 -239.523 39.9988 1 0 0 0 1 0 0 0 1 4282.dat
1 43 571.366 -227.024 28.2489 -1 0 0 0 1 0 0 0 -1 57895.dat
1 4 571.366 -231.523 29.999 1 0 0 0 1 0 0 0 1 57894.dat
1 4 611.366 -135.524 -90.0007 1 0 0 0 1 0 0 0 1 3633.dat
1 14 571.366 -111.524 -90.0007 1 0 0 0 1 0 0 0 1 3009.dat
1 14 551.366 -135.524 -90.0006 -1 0 0 0 1 0 0 0 -1 3004.dat
1 7 551.366 -79.5235 -90.0007 1 0 0 0 1 0 0 0 1 3308.dat
1 14 621.366 -255.523 129.999 1 0 0 0 1 0 0 0 1 3024.dat
1 2 711.366 -247.523 129.999 1 0 0 0 1 0 0 0 1 4477.dat
1 1 641.366 -135.523 59.9991 0 0 -1 0 1 0 1 0 0 4864a.dat
1 2 621.366 -239.523 129.999 1 0 0 0 1 0 0 0 1 3024.dat
1 4 621.366 -167.523 49.9993 0 0 -1 0 1 0 1 0 0 4599.dat
1 1 631.366 -143.523 79.9993 0 0 -1 0 1 0 1 0 0 3020.dat
1 14 471.366 -255.523 69.9991 1 0 0 0 1 0 0 0 1 2465.dat
1 4 471.366 -327.523 129.999 1 0 0 0 1 0 0 0 1 6159.dat
1 7 781.366 -79.5235 129.999 1 0 0 0 1 0 0 0 1 3005.dat
1 7 781.366 -55.5235 109.999 1 0 0 0 1 0 0 0 1 2357.dat
1 2 371.366 -247.523 49.9988 1 0 0 0 1 0 0 0 1 3710.dat
1 1 641.366 -135.523 99.9993 0 0 -1 0 1 0 1 0 0 4864a.dat
1 0 551.366 -79.5235 29.9993 1 0 0 0 1 0 0 0 1 2465.dat
1 0 691.366 -55.5235 79.9991 0 0 1 0 1 0 -1 0 0 2456.dat
1 14 711.366 -111.523 129.999 1 0 0 0 1 0 0 0 1 3008.dat
1 4 391.366 -327.523 129.999 1 0 0 0 1 0 0 0 1 6159.dat
1 7 491.366 -87.5235 19.9993 0 0 -1 0 1 0 1 0 0 3028.dat
1 14 431.366 -135.524 -90.0007 -1 0 0 0 1 0 0 0 -1 3004.dat
1 14 431.366 -111.524 -90.0008 1 0 0 0 1 0 0 0 1 3008.dat
1 4 491.366 -135.524 -90.0008 1 0 0 0 1 0 0 0 1 3633.dat
1 4 371.366 -135.524 -90.0008 1 0 0 0 1 0 0 0 1 3633.dat
1 1 541.366 -135.523 59.9991 0 0 -1 0 1 0 1 0 0 4864a.dat
1 7 391.366 -79.5235 -90.0007 1 0 0 0 1 0 0 0 1 3308.dat
1 0 521.366 -167.523 69.9991 0 0 -1 0 1 0 1 0 0 3040p33.dat
1 1 531.366 -143.523 79.9993 0 0 -1 0 1 0 1 0 0 3020.dat
1 15 341.616 -343.523 130.249 1 0 0 0 1 0 0 0 1 3957a.dat
1 14 391.366 -335.523 129.999 1 0 0 0 1 0 0 0 1 3460.dat
1 14 621.366 -207.523 129.999 1 0 0 0 1 0 0 0 1 2453.dat
1 15 321.366 -247.523 49.9988 1 0 0 0 1 0 0 0 1 3024.dat
1 4 371.366 -231.523 29.9988 1 0 0 0 1 0 0 0 1 57894.dat
1 43 371.366 -227.024 28.2488 -1 0 0 0 1 0 0 0 -1 57895.dat
1 14 331.366 -279.523 89.9992 1 0 0 0 1 0 0 0 1 3039.dat
1 14 331.366 -303.523 109.999 1 0 0 0 1 0 0 0 1 3039.dat
1 14 331.366 -327.523 129.999 1 0 0 0 1 0 0 0 1 3039.dat
1 1 541.366 -135.523 99.9993 0 0 -1 0 1 0 1 0 0 4864a.dat
1 14 321.366 -231.523 29.9988 1 0 0 0 1 0 0 0 1 2453.dat
1 7 371.366 -87.5235 19.9991 0 0 -1 0 1 0 1 0 0 3028.dat
1 0 451.366 -79.5235 -560.001 1 0 0 0 1 0 0 0 1 3003.dat
1 0 451.366 -55.5235 -560.001 1 0 0 0 1 0 0 0 1 3003.dat
1 7 391.366 -87.5235 -560.001 1 0 0 0 1 0 0 0 1 3034.dat
1 0 291.366 -79.5235 -560.001 1 0 0 0 1 0 0 0 1 2456.dat
1 0 341.366 -55.5235 -560.001 0 0 -1 0 1 0 1 0 0 3004.dat
1 0 241.366 -55.5235 -560.001 0 0 -1 0 1 0 1 0 0 3004.dat
1 7 271.366 -87.5235 -460 0 0 -1 0 1 0 1 0 0 3029.dat
1 15 281.366 -143.523 -540.001 0 0 -1 0 1 0 1 0 0 3794a.dat
1 15 271.366 -135.523 -540.001 1 0 0 0 1 0 0 0 1 3003.dat
1 15 261.366 -143.523 -540.001 0 0 -1 0 1 0 1 0 0 3794a.dat
1 4 271.366 -111.524 -540.001 1 0 0 0 1 0 0 0 1 3022.dat
1 2 271.366 -103.524 -540 1 0 0 0 1 0 0 0 1 3022.dat
1 15 271.366 -95.5235 -540 1 0 0 0 1 0 0 0 1 3022.dat
1 1 301.366 -119.523 -560 0 0 -1 0 1 0 1 0 0 2432.dat
1 0 291.366 -79.5235 -340.001 1 0 0 0 1 0 0 0 1 2456.dat
1 0 451.366 -79.5235 -340.001 1 0 0 0 1 0 0 0 1 3003.dat
1 0 451.366 -55.5235 -340.001 1 0 0 0 1 0 0 0 1 3003.dat
1 7 391.365 -87.5235 -340.001 1 0 0 0 1 0 0 0 1 3034.dat
1 0 341.366 -55.5235 -340.001 0 0 -1 0 1 0 1 0 0 3004.dat
1 0 241.366 -55.5235 -340.001 0 0 -1 0 1 0 1 0 0 3004.dat
1 7 271.366 -87.5235 -220.001 0 0 -1 0 1 0 1 0 0 3029.dat
1 14 321.366 -135.523 -90.0005 1 0 0 0 1 0 0 0 1 3005.dat
1 14 331.365 -111.524 -90.0008 1 0 0 0 1 0 0 0 1 3023.dat
1 14 331.365 -103.524 -90.0008 1 0 0 0 1 0 0 0 1 3023.dat
1 7 291.365 -95.5235 -80.0005 0 0 1 0 1 0 -1 0 0 2639.dat
1 1 301.366 -127.524 -120.001 0 0 -1 0 1 0 1 0 0 2432.dat
1 0 321.366 -79.5235 -50.0008 -1 0 0 0 1 0 0 0 -1 2357.dat
1 0 321.366 -55.5235 -50.0008 -1 0 0 0 1 0 0 0 -1 2357.dat
1 14 321.366 -303.523 129.999 1 0 0 0 1 0 0 0 1 3005.dat
1 14 321.366 -279.523 119.999 0 0 -1 0 1 0 1 0 0 3004.dat
1 14 321.366 -255.523 109.999 0 0 -1 0 1 0 1 0 0 3622.dat
1 15 371.366 -143.523 49.9992 1 0 0 0 1 0 0 0 1 3062b.dat
1 15 371.366 -119.524 49.9992 1 0 0 0 1 0 0 0 1 3794a.dat
1 15 371.366 -111.524 49.9992 1 0 0 0 1 0 0 0 1 3004.dat
1 14 321.366 -111.523 29.9989 1 0 0 0 1 0 0 0 1 3005.dat
1 0 551.366 -79.5235 129.999 1 0 0 0 1 0 0 0 1 2465.dat
1 4 321.366 -231.523 79.9991 0 0 1 0 1 0 -1 0 0 57894.dat
1 43 316.616 -227.024 79.999 0 0 1 0 1 0 -1 0 0 57895.dat
1 15 451.366 -135.524 129.999 1 0 0 0 1 0 0 0 1 3039pc6.dat
1 1 451.366 -111.524 129.999 1 0 0 0 1 0 0 0 1 3004.dat
1 0 411.366 -55.5235 79.9991 0 0 1 0 1 0 -1 0 0 2456.dat
1 14 321.366 -231.523 129.999 1 0 0 0 1 0 0 0 1 2453.dat
1 1 371.366 -135.523 129.999 1 0 0 0 1 0 0 0 1 4083.dat
1 0 331.366 -79.5235 99.9992 1 0 0 0 1 0 0 0 1 3003.dat
1 0 321.366 -55.5235 89.999 1 0 0 0 1 0 0 0 1 3622.dat
1 0 301.366 -79.5235 89.9992 1 0 0 0 1 0 0 0 1 3005.dat
1 14 321.366 -111.523 129.999 1 0 0 0 1 0 0 0 1 3005.dat
1 7 -88.634 -87.5235 -570.001 1 0 0 0 1 0 0 0 1 3009.dat
1 7 -168.634 -63.5235 -570.001 1 0 0 0 1 0 0 0 1 2465.dat
1 7 -168.634 -87.5235 -570.001 1 0 0 0 1 0 0 0 1 3004.dat
1 7 -28.6341 -39.5235 -560.001 0 0 -1 0 1 0 1 0 0 2639.dat
1 7 -168.634 -39.5235 -560.001 1 0 0 0 1 0 0 0 1 3034.dat
1 0 -228.634 -95.5235 -570.001 1 0 0 0 1 0 0 0 1 2431.dat
1 7 -248.634 -87.5235 -570.001 1 0 0 0 1 0 0 0 1 3009.dat
1 7 -18.6341 -87.5235 -500.001 0 0 -1 0 1 0 1 0 0 3008.dat
1 7 -18.6342 -63.5235 -400.001 0 0 -1 0 1 0 1 0 0 2465.dat
1 7 -308.634 -39.5235 -560.001 1 0 0 0 1 0 0 0 1 2639.dat
1 7 -18.6342 -87.5235 -340.001 0 0 -1 0 1 0 1 0 0 3009.dat
1 7 -28.6342 -39.5235 -340.001 0 0 -1 0 1 0 1 0 0 4282.dat
1 0 -68.6342 -119.523 -340.001 1 0 0 0 1 0 0 0 1 3403.dat
1 0 -68.6339 -119.523 -340.001 0.77994 0 0.625855 0 1 0 -0.625855 0 0.77994 3404.dat
1 7 -68.6342 -95.5235 -260.001 0 0 -1 0 1 0 1 0 0 3027.dat
1 7 151.366 -87.5235 19.9991 0 0 -1 0 1 0 1 0 0 2617.dat
1 7 -168.634 -87.524 19.999 0 0 1 0 1 0 -1 0 0 2642.dat
1 0 -138.634 -111.524 -410.001 0 0 1 0 1 0 -1 0 0 3040b.dat
1 7 -168.634 -87.5235 -410.001 1 0 0 0 1 0 0 0 1 2465.dat
1 0 -228.634 -95.5235 -410.001 1 0 0 0 1 0 0 0 1 2431.dat
1 0 -318.634 -111.524 -410.001 0 0 -1 0 1 0 1 0 0 3040b.dat
1 7 -18.6342 -63.5235 -230.001 1 0 0 0 1 0 0 0 1 3005.dat
1 7 -318.634 -87.5235 -500.001 0 0 -1 0 1 0 1 0 0 3008.dat
1 7 -318.634 -63.5235 -400 0 0 -1 0 1 0 1 0 0 2465.dat
1 7 -18.6342 -87.5235 -200.001 0 0 -1 0 1 0 1 0 0 3009.dat
1 7 -168.634 -87.5235 -270.001 1 0 0 0 1 0 0 0 1 2465.dat
1 0 -138.634 -111.524 -270.001 0 0 1 0 1 0 -1 0 0 3040b.dat
1 7 -318.634 -87.5235 -340 0 0 -1 0 1 0 1 0 0 3009.dat
1 7 -28.6342 -63.5235 -180.001 0 0 -1 0 1 0 1 0 0 3001.dat
1 0 -228.634 -95.5235 -270.001 1 0 0 0 1 0 0 0 1 2431.dat
1 7 -38.6341 -87.5235 -160.001 0 0 -1 0 1 0 1 0 0 3004.dat
1 7 -308.634 -39.5235 -340 0 0 -1 0 1 0 1 0 0 4282.dat
1 1 -68.634 -127.524 -130.001 -1 0 0 0 1 0 0 0 -1 2432.dat
1 7 -28.6342 -39.5235 -120.001 0 0 1 0 1 0 -1 0 0 2639.dat
1 0 -318.634 -111.524 -270.001 0 0 -1 0 1 0 1 0 0 3040b.dat
1 7 -48.6341 -87.5235 -120.001 1 0 0 0 1 0 0 0 1 3034.dat
1 1 151.366 -87.5235 -130.001 1 0 0 0 1 0 0 0 1 4175.dat
1 7 291.366 -39.5235 -120.001 1 0 0 0 1 0 0 0 1 3022.dat
1 7 -318.634 -63.5235 -230.001 1 0 0 0 1 0 0 0 1 3005.dat
1 0 331.366 -79.5235 149.999 0 0 -1 0 1 0 1 0 0 3002.dat
1 0 331.366 -55.5235 139.999 0 0 -1 0 1 0 1 0 0 3001.dat
1 7 -318.634 -87.5235 -200 0 0 -1 0 1 0 1 0 0 3009.dat
1 8 291.366 -135.523 159.999 0 0 -1 0 1 0 1 0 0 2439.dat
1 7 311.366 -87.5235 159.999 1 0 0 0 1 0 0 0 1 3020.dat
1 7 -308.634 -63.5235 -180 0 0 -1 0 1 0 1 0 0 3001.dat
1 7 -298.634 -87.5235 -160.001 0 0 -1 0 1 0 1 0 0 3004.dat
1 7 -308.634 -95.5235 -140 0 0 -1 0 1 0 1 0 0 3020.dat
1 7 291.366 -39.5236 159.999 1 0 0 0 1 0 0 0 1 3022.dat
1 7 -308.634 -87.5235 -120.001 1 0 0 0 1 0 0 0 1 3022.dat
1 7 -308.634 -39.5235 -140 0 0 -1 0 1 0 1 0 0 3020.dat
1 1 -208.634 -87.5235 -130 1 0 0 0 1 0 0 0 1 4175.dat
1 15 261.367 -231.524 199.999 0 0 -1 0 1 0 1 0 0 3009.dat
1 4 191.367 -255.524 179.999 1 0 0 0 1 0 0 0 1 4515.dat
1 15 151.366 -231.524 149.999 1 0 0 0 1 0 0 0 1 6111.dat
1 4 261.366 -207.524 229.999 1 0 0 0 1 0 0 0 1 4073.dat
1 1 261.366 -199.524 229.999 0 0 1 0 1 0 -1 0 0 4085c.dat
1 4 249.366 -189.74 209.874 0 1 0 0 0 -1 -1 0 0 4592.dat
1 0 246.866 -190.615 209.999 0 0 -1 0 -1 0 -1 0 0 4593.dat
1 1 261.366 -191.524 229.999 1 0 0 0 1 0 0 0 1 4081b.dat
1 1 261.366 -183.524 229.999 1 0 0 0 1 0 0 0 1 3062b.dat
1 1 261.366 -159.524 229.999 1 0 0 0 1 0 0 0 1 3062b.dat
1 4 31.3661 -255.524 179.999 1 0 0 0 1 0 0 0 1 4515.dat
1 1 261.366 -135.524 229.999 0 0 1 0 1 0 -1 0 0 3665.dat
1 15 261.366 -207.524 249.999 1 0 0 0 1 0 0 0 1 2453.dat
1 15 61.3661 -207.524 149.999 1 0 0 0 1 0 0 0 1 2453.dat
1 15 241.616 -303.524 250.249 1 0 0 0 1 0 0 0 1 3957a.dat
1 15 191.366 -295.524 249.999 1 0 0 0 1 0 0 0 1 3008.dat
1 4 241.366 -271.524 249.999 1 0 0 0 1 0 0 0 1 3623.dat
1 2 191.366 -263.524 249.999 1 0 0 0 1 0 0 0 1 3460.dat
1 4 251.366 -255.524 249.999 1 0 0 0 1 0 0 0 1 3023.dat
1 4 251.366 -247.524 249.999 1 0 0 0 1 0 0 0 1 3023.dat
1 4 111.366 -271.524 249.999 1 0 0 0 1 0 0 0 1 4477.dat
1 4 111.366 -239.523 239.999 1 0 0 0 1 0 0 0 1 4282.dat
1 4 111.366 -255.524 249.999 1 0 0 0 1 0 0 0 1 3023.dat
1 4 111.366 -247.524 249.999 1 0 0 0 1 0 0 0 1 3023.dat
1 15 11.3659 -231.524 149.999 1 0 0 0 1 0 0 0 1 57894.dat
1 43 11.366 -227.024 145.25 1 0 0 0 1 0 0 0 1 57895.dat
1 15 -18.3837 -303.524 250.249 1 0 0 0 1 0 0 0 1 3957a.dat
1 0 -260 -486 -188.751 1 0 0 0 0 -1 0 1 0 LS61.dat
1 0 -260 -466 -188.751 1 0 0 0 0 -1 0 1 0 LS61.dat
1 0 -260 -446 -188.751 1 0 0 0 0 -1 0 1 0 LS61.dat
1 0 -260 -426 -188.751 1 0 0 0 0 -1 0 1 0 LS61.dat
1 7 -260 -376.2 -189.551 0 1 0 1 0 0 0 0 -1 3127a.dat
1 15 31.3663 -295.524 249.999 1 0 0 0 1 0 0 0 1 3008.dat
1 2 31.3664 -263.524 249.999 1 0 0 0 1 0 0 0 1 3460.dat
1 15 -38.634 -231.524 199.999 0 0 -1 0 1 0 1 0 0 3009.dat
1 15 -38.634 -207.524 149.999 1 0 0 0 1 0 0 0 1 2453.dat
1 14 121.366 -119.524 139.999 0 0 -1 0 1 0 1 0 0 3937.dat
1 14 111.366 -95.5235 139.999 1 0 0 0 1 0 0 0 1 3022.dat
1 14 101.366 -119.524 139.999 0 0 1 0 1 0 -1 0 0 3937.dat
1 7 111.366 -87.5235 199.999 1 0 0 0 1 0 0 0 1 3027.dat
1 15 251.366 -207.524 149.999 1 0 0 0 1 0 0 0 1 2454.dat
1 1 261.366 -111.524 219.999 0 0 -1 0 1 0 1 0 0 3004.dat
1 1 61.3661 -111.524 169.999 1 0 0 0 1 0 0 0 1 3005.dat
1 1 41.366 -143.524 169.999 0 0 1 0 1 0 -1 0 0 4070.dat
1 4 27.3662 -133.524 169.999 0 1 0 -1 0 0 0 0 1 4073.dat
1 0 19.3662 -133.649 169.874 0 1 0 0 0 -1 -1 0 0 4592.dat
1 0 17.8663 -133.524 169.999 0 1 0 0 0 -1 -1 0 0 4593.dat
1 1 11.3663 -119.524 169.999 1 0 0 0 1 0 0 0 1 3666.dat
1 4 -18.6336 -271.524 249.999 1 0 0 0 1 0 0 0 1 3623.dat
1 4 -28.6336 -255.524 249.999 1 0 0 0 1 0 0 0 1 3023.dat
1 1 -38.6338 -127.524 169.999 0 0 -1 0 1 0 1 0 0 2555.dat
1 4 -28.6336 -247.524 249.999 1 0 0 0 1 0 0 0 1 3023.dat
1 1 -38.6339 -111.524 169.999 1 0 0 0 1 0 0 0 1 3005.dat
1 7 -8.63397 -39.5236 159.999 1 0 0 0 1 0 0 0 1 3020.dat
1 0 111.366 -79.5236 249.999 1 0 0 0 1 0 0 0 1 2465.dat
1 0 251.366 -55.5236 249.999 1 0 0 0 1 0 0 0 1 3004.dat
1 1 11.3662 -135.524 249.999 1 0 0 0 1 0 0 0 1 4083.dat
1 15 -38.6339 -207.524 249.999 1 0 0 0 1 0 0 0 1 2453.dat
1 4 -38.634 -135.524 229.999 0 0 1 0 1 0 -1 0 0 4599.dat
1 4 -38.634 -111.524 229.999 1 0 0 0 1 0 0 0 1 3062b.dat
1 15 -188.634 -199.524 170 -1 0 0 0 1 0 0 0 -1 4215b.dat
1 1 -188.634 -127.524 169.999 1 0 0 0 1 0 0 0 1 4083.dat
1 0 -28.634 -55.5236 249.999 1 0 0 0 1 0 0 0 1 3004.dat
1 6 -288.634 -87.5235 160 1 0 0 0 1 0 0 0 1 2563.dat
1 7 -308.634 -39.5236 159.999 1 0 0 0 1 0 0 0 1 3022.dat
1 2 711.367 -247.523 49.9991 1 0 0 0 1 0 0 0 1 4477.dat
1 0 -318.634 -111.523 -570.001 0 0 -1 0 1 0 1 0 0 3040b.dat
1 0 -138.634 -111.523 -570.001 0 0 1 0 1 0 -1 0 0 3040b.dat
1 2 291.366 -165.523 -513.551 -1 0 0 0 1 0 0 0 -1 4210a.dat
0 MLCAD FLEXHOSE 2 541.8 0 -1039.2 -1 0 0 0 1 0 0 0 -1  291 -165 -513  0 0 50 250 -165 -533 0 0 50 50 LS60.dat LS60.dat 0
0 MLCAD SKIP_BEGIN
1 2 250.8 -165 -526.2 0.999953 0.00969787 5.93823e-019 0 6.12323e-017 -1 -0.00969787 0.999953 6.12295e-017 LS60.dat
1 2 250.817 -165 -524.437 -0.999567 -0.0294366 -4.72411e-016 0 1.60484e-014 -1 0.0294366 -0.999567 -1.60415e-014 LS60.dat
1 2 250.869 -165 -522.658 -0.998762 -0.0497506 7.8128e-016 0 -1.57039e-014 -1 0.0497506 -0.998762 1.56845e-014 LS60.dat
1 2 250.959 -165 -520.863 -0.997501 -0.0706592 1.09394e-015 0 -1.54819e-014 -1 0.0706592 -0.997501 1.54432e-014 LS60.dat
1 2 251.087 -165 -519.054 -0.995742 -0.0921839 -1.43847e-015 0 1.56044e-014 -1 0.0921839 -0.995742 -1.55379e-014 LS60.dat
1 2 251.256 -165 -517.231 0.993441 0.114349 7.00187e-018 0 6.12323e-017 -1 -0.114349 0.993441 6.08307e-017 LS60.dat
1 2 251.467 -165 -515.395 -0.990546 -0.137183 -2.07973e-015 0 1.51603e-014 -1 0.137183 -0.990546 -1.50169e-014 LS60.dat
1 2 251.723 -165 -513.549 -0.987 -0.160717 7.27018e-015 0 -4.52359e-014 -1 0.160717 -0.987 4.46478e-014 LS60.dat
1 2 252.025 -165 -511.693 -0.982741 -0.184988 -2.76339e-015 0 1.49382e-014 -1 0.184988 -0.982741 -1.46804e-014 LS60.dat
1 2 252.376 -165 -509.829 0.977693 0.210038 1.28611e-017 0 6.12323e-017 -1 -0.210038 0.977693 5.98664e-017 LS60.dat
1 2 252.778 -165 -507.958 0.971774 0.235914 1.44456e-017 0 6.12323e-017 -1 -0.235914 0.971774 5.9504e-017 LS60.dat
1 2 253.233 -165 -506.082 -0.964885 -0.262673 -7.65667e-015 0 2.91491e-014 -1 0.262673 -0.964885 -2.81255e-014 LS60.dat
1 2 253.744 -165 -504.204 -0.956912 -0.290378 4.17322e-015 0 -1.43717e-014 -1 0.290378 -0.956912 1.37524e-014 LS60.dat
1 2 254.314 -165 -502.326 0.947719 0.319105 1.95395e-017 0 6.12323e-017 -1 -0.319105 0.947719 5.80311e-017 LS60.dat
1 2 254.946 -165 -500.451 -0.937146 -0.348938 -9.93877e-015 0 2.84829e-014 -1 0.348938 -0.937146 -2.66927e-014 LS60.dat
1 2 255.642 -165 -498.582 -0.924997 -0.379976 1.60917e-014 0 -4.23493e-014 -1 0.379976 -0.924997 3.91729e-014 LS60.dat
1 2 256.405 -165 -496.723 0.911034 0.412332 2.5248e-017 0 6.12323e-017 -1 -0.412332 0.911034 5.57847e-017 LS60.dat
1 2 257.24 -165 -494.879 -0.894965 -0.446136 -1.24101e-014 0 2.78168e-014 -1 0.446136 -0.894965 -2.48951e-014 LS60.dat
1 2 258.148 -165 -493.056 -0.876428 -0.481533 6.59967e-015 0 -1.37055e-014 -1 0.481533 -0.876428 1.20119e-014 LS60.dat
1 2 259.135 -165 -491.261 -0.854965 -0.518686 -7.17239e-015 0 1.3828e-014 -1 0.518686 -0.854965 -1.18225e-014 LS60.dat
1 2 260.202 -165 -489.502 -0.829997 -0.557768 7.6445e-015 0 -1.37055e-014 -1 0.557768 -0.829997 1.13756e-014 LS60.dat
1 2 261.353 -165 -487.789 0.800784 0.598953 3.66753e-017 0 6.12323e-017 -1 -0.598953 0.800784 4.90339e-017 LS60.dat
1 2 262.59 -165 -486.135 0.766372 0.642397 3.93355e-017 0 6.12323e-017 -1 -0.642397 0.766372 4.69267e-017 LS60.dat
1 2 263.916 -165 -484.554 -0.725526 -0.688195 1.89063e-014 0 -2.74723e-014 -1 0.688195 -0.725526 1.99319e-014 LS60.dat
1 2 265.33 -165 -483.063 -0.676655 -0.7363 -1.03451e-014 0 1.405e-014 -1 0.7363 -0.676655 -9.50703e-015 LS60.dat
1 2 266.83 -165 -481.684 0.617727 0.786393 4.81527e-017 0 6.12323e-017 -1 -0.786393 0.617727 3.78249e-017 LS60.dat
1 2 268.414 -165 -480.44 -0.546222 -0.837641 -1.19549e-014 0 1.42721e-014 -1 0.837641 -0.546222 -7.79573e-015 LS60.dat
1 2 270.072 -165 -479.359 0.459195 0.888335 5.43948e-017 0 6.12323e-017 -1 -0.888335 0.459195 2.81176e-017 LS60.dat
1 2 271.794 -165 -478.469 0.353621 0.935389 5.72761e-017 0 6.12323e-017 -1 -0.935389 0.353621 2.1653e-017 LS60.dat
1 2 273.563 -165 -477.8 0.227255 0.973835 5.96302e-017 0 6.12323e-017 -1 -0.973835 0.227255 1.39154e-017 LS60.dat
1 2 275.355 -165 -477.382 0.0802297 0.996776 6.1035e-017 0 6.12323e-017 -1 -0.996776 0.0802297 4.91265e-018 LS60.dat
1 2 277.144 -165 -477.238 0.0829624 -0.996553 -6.10213e-017 0 6.12323e-017 -1 0.996553 0.0829624 5.07998e-018 LS60.dat
1 2 278.9 -165 -477.384 0.252474 -0.967604 -5.92486e-017 0 6.12323e-017 -1 0.967604 0.252474 1.54596e-017 LS60.dat
1 2 280.591 -165 -477.825 0.414993 -0.909825 -5.57107e-017 0 6.12323e-017 -1 0.909825 0.414993 2.5411e-017 LS60.dat
1 2 282.188 -165 -478.554 0.558386 -0.829581 -5.07972e-017 0 6.12323e-017 -1 0.829581 0.558386 3.41913e-017 LS60.dat
1 2 283.668 -165 -479.55 0.67587 -0.737021 -4.51295e-017 0 6.12323e-017 -1 0.737021 0.67587 4.13851e-017 LS60.dat
1 2 285.013 -165 -480.783 0.766757 -0.641937 -3.93073e-017 0 6.12323e-017 -1 0.641937 0.766757 4.69503e-017 LS60.dat
1 2 286.215 -165 -482.219 0.834377 -0.551194 -3.37509e-017 0 6.12323e-017 -1 0.551194 0.834377 5.10909e-017 LS60.dat
1 2 287.272 -165 -483.818 0.883513 -0.468407 -6.78916e-015 0 1.44941e-014 -1 0.468407 0.883513 1.28057e-014 LS60.dat
1 2 288.187 -165 -485.544 0.918767 -0.3948 5.58627e-015 0 -1.41496e-014 -1 0.3948 0.918767 -1.30002e-014 LS60.dat
1 2 288.968 -165 -487.363 0.943906 -0.330213 -2.02197e-017 0 6.12323e-017 -1 0.330213 0.943906 5.77976e-017 LS60.dat
1 2 289.626 -165 -489.244 0.961775 -0.273842 -1.6768e-017 0 6.12323e-017 -1 0.273842 0.961775 5.88917e-017 LS60.dat
1 2 290.173 -165 -491.164 0.974436 -0.224665 -1.37568e-017 0 6.12323e-017 -1 0.224665 0.974436 5.9667e-017 LS60.dat
1 2 290.62 -165 -493.102 0.983361 -0.181662 -1.11236e-017 0 6.12323e-017 -1 0.181662 0.983361 6.02135e-017 LS60.dat
1 2 290.978 -165 -495.043 0.989591 -0.143909 -8.81191e-018 0 6.12323e-017 -1 0.143909 0.989591 6.0595e-017 LS60.dat
1 2 291.259 -165 -496.972 0.993864 -0.110606 -6.77268e-018 0 6.12323e-017 -1 0.110606 0.993864 6.08566e-017 LS60.dat
1 2 291.471 -165 -498.882 0.996708 -0.0810771 -4.96454e-018 0 6.12323e-017 -1 0.0810771 0.996708 6.10308e-017 LS60.dat
1 2 291.624 -165 -500.764 0.9985 -0.0547574 -3.35292e-018 0 6.12323e-017 -1 0.0547574 0.9985 6.11405e-017 LS60.dat
1 2 291.726 -165 -502.613 0.999514 -0.0311784 -1.90912e-018 0 6.12323e-017 -1 0.0311784 0.999514 6.12026e-017 LS60.dat
1 2 291.782 -165 -504.426 0.99995 -0.00995085 -6.09314e-019 0 6.12323e-017 -1 0.00995085 0.99995 6.12293e-017 LS60.dat
0 MLCAD SKIP_END
1 47 641.367 -167.523 109.999 0 0 1 0 1 0 -1 0 0 3899.dat
1 0 381.367 -167.523 119.999 0 0 -1 0 1 0 1 0 0 2412b.dat
1 0 381.367 -159.523 119.999 0 0 -1 0 1 0 1 0 0 3004.dat
1 0 381.367 -135.523 109.999 0 0 -1 0 1 0 1 0 0 2433.dat
1 4 -23.0284 -190.838 -379.802 -0.714756 0.625855 0.312136 0.400206 0 0.916425 0.573549 0.779939 -0.250472 2637.dat
1 7 -31.2257 -189.523 -389.251 0.77994 0 0.625855 0 1 0 -0.625855 0 0.77994 32123a.dat
1 0 -21.8379 -189.523 -377.552 -0.625854 0 0.77994 0 1 0 -0.77994 0 -0.625854 3705.dat
1 7 -12.4501 -189.523 -365.853 0.77994 0 0.625855 0 1 0 -0.625855 0 0.77994 32123a.dat
1 0 -76.4334 -231.523 -333.742 -0.625855 0 0.77994 0 1 0 -0.77994 0 -0.625855 2432.dat
1 4 -56.2122 -199.523 -388.433 0.779939 0 0.625855 0 1 0 -0.625855 0 0.779939 3701.dat
1 0 -21.8378 -175.523 -377.552 0.625855 0 -0.77994 0 1 0 0.77994 0 0.625855 3709b.dat
1 4 -64.0114 -167.523 -382.175 0.625855 0 -0.77994 0 1 0 0.77994 0 0.625855 4287.dat
1 4 -18.6609 -199.523 -341.637 0.779939 0 0.625855 0 1 0 -0.625855 0 0.779939 3701.dat
1 4 -26.4602 -167.523 -335.378 0.625855 0 -0.77994 0 1 0 0.77994 0 0.625855 4287.dat
1 0 -68.6342 -175.523 -340.001 0.779939 0 0.625855 0 1 0 -0.625855 0 0.779939 3031.dat
1 4 -45.236 -167.523 -358.776 0.625855 0 -0.77994 0 1 0 0.77994 0 0.625855 3700.dat
1 4 -45.2358 -143.523 -358.777 0.625855 0 -0.77994 0 1 0 0.77994 0 0.625855 3010.dat
1 4 -90.4914 -199.523 -335.283 0.779939 0 0.625855 0 1 0 -0.625855 0 0.779939 3700.dat
1 4 -77.9744 -199.523 -319.685 0.779939 0 0.625855 0 1 0 -0.625855 0 0.779939 3700.dat
1 4 -92.0323 -167.523 -321.225 0.625855 0 -0.77994 0 1 0 0.77994 0 0.625855 3010.dat
1 4 -68.484 -167.523 -339.635 -0.625855 0 0.77994 0 1 0 -0.77994 0 -0.625855 73037.dat
1 4 -92.0321 -143.523 -321.225 0.625855 0 -0.77994 0 1 0 0.77994 0 0.625855 3010.dat
1 4 -183.918 -487.451 -247.493 -0.625855 -0.127505 0.769447 0 0.986547 0.16348 -0.77994 0.102315 -0.617435 2638.dat
1 4 -95.7361 -227.205 -318.254 -0.724987 0.625855 0.287576 0.368716 0 0.929542 0.581759 0.779939 -0.230763 59807.dat
1 7 -130.101 -338.286 -290.678 -0.625854 0.287575 0.724988 0 0.929543 -0.368714 -0.77994 -0.230762 -0.581758 3673.dat
1 4 -95.7362 -227.205 -318.254 0.724987 -0.625855 0.287575 -0.368714 0 0.929543 -0.581759 -0.77994 -0.230761 59807.dat
1 7 -95.5921 -226.74 -318.369 -0.625854 0.287575 0.724988 0 0.929543 -0.368714 -0.77994 -0.230762 -0.581758 3673.dat
1 0 -96.7503 -189.523 -343.083 0.625854 0 -0.77994 0 1 0 0.77994 0 0.625854 2780.dat
1 0 -71.7159 -189.523 -311.885 0.625854 0 -0.77994 0 1 0 0.77994 0 0.625854 2780.dat
1 8 291.366 -143.523 159.999 1 0 0 0 1 0 0 0 1 4740.dat
1 4 130.421 -133.896 129.999 0.937403 -0.348246 0 0.348246 0.937403 0 0 0 1 4073.dat
1 1 127.635 -126.397 139.999 0 -0.348246 -0.937403 0 0.937403 -0.348246 1 0 0 3710.dat
1 4 130.421 -133.896 109.999 0.937403 -0.348246 0 0.348246 0.937403 0 0 0 1 4073.dat
1 4 130.421 -133.896 149.999 0.937403 -0.348246 0 0.348246 0.937403 0 0 0 1 4073.dat
1 14 124.849 -118.898 139.999 0 -0.348246 -0.937403 0 0.937403 -0.348246 1 0 0 3938.dat
1 4 130.421 -133.896 169.999 0.937403 -0.348246 0 0.348246 0.937403 0 0 0 1 4073.dat
1 0 241.421 -188.774 229.999 -1 0 0 0 -1 0 0 0 1 2433.dat
1 0 241.296 -180.774 229.874 0 0 -1 0 -1 0 -1 0 0 4592.dat
1 0 241.422 -179.274 229.999 0 0 -1 0 -1 0 -1 0 0 4593.dat
1 4 93.021 -134.148 109.999 0.947085 0.320983 0 -0.320983 0.947085 0 0 0 1 4073.dat
1 1 95.5888 -126.571 139.999 0 0.320983 -0.947085 0 0.947085 0.320983 1 0 0 3710.dat
1 4 93.0208 -134.148 129.999 0.947085 0.320983 0 -0.320983 0.947085 0 0 0 1 4073.dat
1 14 98.1566 -118.994 139.999 0 0.320983 -0.947085 0 0.947085 0.320983 1 0 0 3938.dat
1 4 93.021 -134.148 149.999 0.947085 0.320983 0 -0.320983 0.947085 0 0 0 1 4073.dat
1 4 93.0212 -134.148 169.999 0.947085 0.320983 0 -0.320983 0.947085 0 0 0 1 4073.dat
1 2 241.367 -386.024 249.999 0 0 1 0 1 0 -1 0 0 4495a.dat
1 4 -18.6335 -386.023 249.999 0 0 1 0 1 0 -1 0 0 4495a.dat
1 0 61.3663 -143.524 169.999 -1 0 0 0 1 0 0 0 -1 3040b.dat
1 0 -22.6338 -133.724 169.999 0 -1 0 -1 0 0 0 0 -1 2433.dat
1 0 1.36642 -150.383 249.999 0 0 1 0 1 0 -1 0 0 4006.dat
1 0 21.3665 -159.524 249.999 0 0 1 0 1 0 -1 0 0 4522.dat
1 2 -281.055 -312.611 185.794 0.689892 0 0.723913 -0.171634 0.971487 0.163568 -0.703272 -0.237093 0.670221 2518.dat
1 2 -288.294 -322.019 180.988 0.723913 0 -0.689891 0.163568 0.971487 0.171634 0.67022 -0.237093 0.703272 4032a.dat
1 2 -281.395 -308.191 170.162 -0.723913 0 0.689892 -0.163568 0.971487 -0.171634 -0.670221 -0.237093 -0.703272 2518.dat
1 6 -288.634 -293.844 174.116 0.707107 0 0.707106 -0.16765 0.971487 0.16765 -0.686945 -0.237093 0.686945 2566.dat
1 2 -295.201 -304.92 183.566 0.723913 0 -0.689891 0.163568 0.971487 0.171634 0.67022 -0.237093 0.703272 2518.dat
1 2 -295.533 -315.882 172.389 -0.689891 0 -0.723913 0.171634 0.971487 -0.163568 0.703272 -0.237093 -0.670221 2518.dat
1 6 -288.634 -255.519 164.763 1 0 0 0 0.971487 0.237093 0 -0.237093 0.971487 6135.dat
1 6 -288.634 -222.003 156.583 1 0 0 0 0.971487 0.237093 0 -0.237093 0.971487 6135.dat
1 6 -288.634 -187.629 154.056 1 0 0 0 0.998087 0.061831 0 -0.061831 0.998087 6135.dat
1 6 -288.634 -153.147 154.856 1 0 0 0 0.999576 -0.0291306 0 0.0291306 0.999576 6135.dat
1 6 -288.634 -118.999 159.668 1 0 0 0 0.989109 -0.147187 0 0.147187 0.989109 6135.dat
1 0 -256.05 -317.123 -185.333 1 0 0 0 1 0 0 0 1 2376.dat
1 1 -256.05 -309.123 -185.333 0 0 -1 0 1 0 1 0 0 3795.dat
1 15 272.2 -164.2 -560.333 0.7 0 0 0 0 -0.7 0 0.7 0 168185a.dat
1 15 2.2 -284.2 239.867 1 0 0 0 0 -1 0 1 0 168185.dat
1 15 270 -124.2 -560.4 -1 0 0 0 0 1 0 1 0 170876a.dat
0 
0
0 FILE 6543 truck.ldr
0 6543 truck
0 ROTATION CENTER 0 0 0 1 "Custom" 
0 ROTATION CONFIG 0 0
1 15 110.836 -60.594 -45.332 1 0 0 0 0.0189932 0.99982 0 -0.99982 0.0189932 2873.dat
1 15 141.086 -18.023 -113.857 0 0 -1 0 1 0 1 0 0 4624.dat
1 0 141.086 -18.023 -113.857 0 0 1 0 1 0 -1 0 0 3641.dat
1 15 140.836 -79.523 -153.857 0 0 1 0 1 0 -1 0 0 4865a.dat
1 4 140.836 -55.523 -153.857 0 0 -1 0 1 0 1 0 0 3023.dat
1 15 140.836 -79.523 -73.857 0 0 1 0 1 0 -1 0 0 4865a.dat
1 4 140.836 -55.523 -73.857 0 0 -1 0 1 0 1 0 0 3023.dat
1 4 110.836 -55.523 -113.857 1 0 0 0 1 0 0 0 1 4211.dat
1 15 140.836 -79.523 -113.857 0 0 1 0 1 0 -1 0 0 4865a.dat
1 36 140.836 -31.523 -63.857 0 0 -1 0 1 0 1 0 0 3024.dat
1 2 110.836 -39.523 -63.857 -1 0 0 0 1 0 0 0 -1 4315.dat
1 2 110.836 -39.523 -83.857 -1 0 0 0 1 0 0 0 -1 3710.dat
1 0 110.836 -31.523 -83.857 0 0 -1 0 1 0 1 0 0 3021.dat
1 2 110.836 -39.523 -113.857 0 0 -1 0 1 0 1 0 0 3022.dat
1 15 80.836 -79.523 -73.857 0 0 -1 0 1 0 1 0 0 4865a.dat
1 4 80.836 -55.523 -73.857 0 0 -1 0 1 0 1 0 0 3023.dat
1 36 80.836 -31.523 -63.857 0 0 -1 0 1 0 1 0 0 3024.dat
1 15 80.836 -79.523 -113.857 0 0 -1 0 1 0 1 0 0 4865a.dat
1 0 110.836 -23.523 -113.857 -1 0 0 0 1 0 0 0 -1 4600.dat
1 2 110.836 -39.523 -153.857 -1 0 0 0 1 0 0 0 -1 3020.dat
1 15 110.836 -79.523 -183.857 -1 0 0 0 1 0 0 0 -1 3010.dat
1 15 110.904 -127.523 -183.768 1 0 0 0 1 0 0 0 1 4214.dat
1 15 110.904 -135.6 -213.968 1 0 0 0 1 0 0 0 1 2349.dat
1 43 111.104 -132 -230.168 1 0 0 0 1 0 0 0 1 2348b.dat
1 15 110.836 -55.523 -183.857 -1 0 0 0 1 0 0 0 -1 3023.dat
1 4 110.836 -47.523 -173.857 0 0 -1 0 1 0 1 0 0 3022.dat
1 2 110.836 -39.523 -183.857 -1 0 0 0 1 0 0 0 -1 3710.dat
1 0 110.836 -31.523 -193.857 0 0 -1 0 1 0 1 0 0 3034.dat
1 4 140.836 -55.523 -203.857 0 0 -1 0 1 0 1 0 0 3623.dat
1 4 140.836 -47.523 -193.857 0 0 -1 0 1 0 1 0 0 3710.dat
1 2 110.836 -39.523 -213.857 -1 0 0 0 1 0 0 0 -1 3020.dat
1 4 80.836 -55.523 -203.857 0 0 -1 0 1 0 1 0 0 3623.dat
1 4 80.836 -47.523 -193.857 0 0 -1 0 1 0 1 0 0 3710.dat
1 43 110.836 -127.523 -243.857 1 0 0 0 1 0 0 0 1 3823.dat
1 15 110.836 -79.523 -263.856 1 0 0 0 1 0 0 0 1 3037.dat
1 4 110.836 -55.523 -253.857 -1 0 0 0 1 0 0 0 -1 3788.dat
1 15 110.836 -55.523 -243.857 1 0 0 0 1 0 0 0 1 3829a.dat
1 0 110.836 -82.514 -243.051 1 0 0 0 0.57357 0.819157 0 -0.819157 0.57357 3828.dat
1 2 110.836 -39.523 -253.857 0 0 -1 0 1 0 1 0 0 3022.dat
1 4 110.836 -55.523 -263.856 1 0 0 0 1 0 0 0 1 2436a.dat
1 46 140.836 -45.523 -293.856 0 0 -1 -1 0 0 0 1 0 30039.dat
1 4 110.836 -45.523 -285.856 -1 0 0 0 0 1 0 1 0 3710.dat
1 0 110.836 -23.523 -253.857 -1 0 0 0 1 0 0 0 -1 4600.dat
1 2 110.836 -45.523 -293.856 -1 0 0 0 0 1 0 1 0 2412b.dat
1 46 80.836 -45.523 -293.856 0 0 -1 -1 0 0 0 1 0 30039.dat
1 15 80.836 -79.523 -153.857 0 0 -1 0 1 0 1 0 0 4865a.dat
1 4 80.836 -55.523 -153.857 0 0 -1 0 1 0 1 0 0 3023.dat
1 15 80.586 -18.023 -113.857 0 0 1 0 1 0 -1 0 0 4624.dat
1 0 80.586 -18.023 -113.857 0 0 -1 0 1 0 1 0 0 3641.dat
1 15 140.836 -79.523 -243.857 1 0 0 0 1 0 0 0 1 3822.dat
1 15 80.836 -79.523 -243.857 1 0 0 0 1 0 0 0 1 3821.dat
1 15 141.086 -18.023 -253.857 0 0 -1 0 1 0 1 0 0 4624.dat
1 0 141.086 -18.023 -253.857 0 0 1 0 1 0 -1 0 0 3641.dat
1 15 80.586 -18.023 -253.857 0 0 1 0 1 0 -1 0 0 4624.dat
1 0 80.586 -18.023 -253.857 0 0 -1 0 1 0 1 0 0 3641.dat
1 15 151.386 -68 -111.168 0 -1 0 0 0 -1 1 0 0 168185a.dat
1 15 70.586 -68 -111.168 0 1 0 0 0 -1 -1 0 0 168185a.dat
0 
0
0 FILE 6543 plane.ldr
0 6543 plane
0 ROTATION CENTER 0 0 0 1 "Custom" 
0 ROTATION CONFIG 0 0
1 15 17.312 -176.376 -213.458 1 0 0 0 1 0 0 0 1 2446.dat
1 14 17.312 -176.376 -213.458 1 0 0 0 1 0 0 0 1 3626bp04.dat
1 43 17.312 -173.957 -207.066 1 0 0 0 0.704267 0.709935 0 -0.709935 0.704267 2447.dat
1 6 17.312 -148.626 -213.458 1 0 0 0 1 0 0 0 1 973.dat
1 6 1.812 -139.376 -213.458 0.983255 -0.137365 -0.119751 0.182235 0.741158 0.646124 0 -0.657127 0.75378 3818.dat
1 6 32.812 -139.376 -213.458 0.983255 0.137365 0.119751 -0.182235 0.74116 0.646121 0 -0.657125 0.753782 3819.dat
1 14 -4.639 -133.382 -230.53 0.984808 -0.173648 0 0.173648 0.984808 0 0 0 1 3820.dat
1 14 39.261 -133.385 -230.53 0.984808 0.173648 0 -0.173648 0.984808 0 0 0 1 3820.dat
1 14 17.312 -148.626 -213.458 1 0 0 0 1 0 0 0 1 2610.dat
1 15 17.312 -116.626 -213.458 1 0 0 0 1 0 0 0 1 3815.dat
1 15 17.312 -104.751 -213.583 1 0 0 0 0 1 0 -1 0 3816.dat
1 15 17.312 -104.751 -213.583 1 0 0 0 0 1 0 -1 0 3817.dat
1 0 17.312 -130.992 -250.777 1 0 0 0 0.57357 0.819157 0 -0.819157 0.57357 3828.dat
1 15 17.312 -104.001 -251.583 1 0 0 0 1 0 0 0 1 3829a.dat
1 0 47.312 -136.001 -221.583 0 0 1 0 1 0 -1 0 0 4865a.dat
1 0 17.312 -120.001 -291.583 -1 0 0 0 1 0 0 0 -1 3710.dat
1 0 -12.688 -136.001 -221.583 0 0 -1 0 1 0 1 0 0 4865a.dat
1 4 17.312 -160.001 -81.583 -1 0 0 0 1 0 0 0 -1 3474.dat
1 0 17.312 -152.001 -91.583 -1 0 0 0 1 0 0 0 -1 3023.dat
1 36 27.312 -144.001 -91.583 -1 0 0 0 1 0 0 0 -1 3024.dat
1 36 7.312 -144.001 -91.583 -1 0 0 0 1 0 0 0 -1 3024.dat
1 0 17.312 -136.001 -131.583 -1 0 0 0 1 0 0 0 -1 3747a.dat
1 0 17.312 -144.001 -131.583 1 0 0 0 1 0 0 0 1 3587.dat
1 4 17.312 -136.001 -151.583 -1 0 0 0 1 0 0 0 -1 3023.dat
1 4 17.312 -112.001 -141.583 -1 0 0 0 1 0 0 0 -1 4859.dat
1 0 17.312 -136.001 -191.583 -1 0 0 0 1 0 0 0 -1 2399.dat
1 4 17.312 -160.001 -171.583 1 0 0 0 1 0 0 0 1 2432.dat
1 0 17.312 -104.001 -191.583 -1 0 0 0 1 0 0 0 -1 4855.dat
1 43 17.312 -168.001 -251.583 1 0 0 0 1 0 0 0 1 2437.dat
1 0 17.312 -136.001 -271.583 -1 0 0 0 1 0 0 0 -1 3023.dat
1 4 17.312 -128.001 -271.583 -1 0 0 0 1 0 0 0 -1 3023.dat
1 0 17.312 -120.001 -271.583 -1 0 0 0 1 0 0 0 -1 3004.dat
1 4 17.312 -96.001 -281.583 0 0 1 0 1 0 -1 0 0 3832.dat
1 36 207.312 -120.001 -251.583 -1 0 0 0 1 0 0 0 -1 4073.dat
1 4 127.312 -112.001 -261.583 0 0 -1 0 1 0 1 0 0 2413.dat
1 0 47.312 -136.001 -261.583 0 0 1 0 1 0 -1 0 0 4865a.dat
1 0 17.312 -104.001 -241.583 0 0 -1 0 1 0 1 0 0 4854.dat
1 34 -172.688 -120.001 -251.583 -1 0 0 0 1 0 0 0 -1 4073.dat
1 4 -92.688 -112.001 -261.583 0 0 1 0 1 0 -1 0 0 2413.dat
1 0 -12.688 -136.001 -261.583 0 0 -1 0 1 0 1 0 0 4865a.dat
1 4 17.312 -80.001 -221.583 1 0 0 0 1 0 0 0 1 3479.dat
1 0 17.312 -88.001 -301.583 -1 0 0 0 1 0 0 0 -1 3795.dat
1 0 47.312 -104.001 -301.583 0 0 1 0 1 0 -1 0 0 3023.dat
1 4 47.312 -96.001 -301.583 0 0 1 0 1 0 -1 0 0 3023.dat
1 0 -12.688 -104.001 -301.583 0 0 1 0 1 0 -1 0 0 3023.dat
1 4 -12.688 -96.001 -301.583 0 0 1 0 1 0 -1 0 0 3023.dat
1 4 57.312 -80.001 -301.583 -1 0 0 0 1 0 0 0 -1 3479.dat
1 4 -22.688 -80.001 -301.583 -1 0 0 0 1 0 0 0 -1 3479.dat
1 14 17.312 -32.001 -261.583 -1 0 0 0 1 0 0 0 -1 3032.dat
1 0 17.312 -104.001 -361.583 0 0 -1 0 1 0 1 0 0 4854.dat
1 0 47.312 -128.001 -321.583 0 0 1 0 1 0 -1 0 0 3710.dat
1 7 47.312 -120.001 -321.583 0 0 -1 0 1 0 1 0 0 2540.dat
1 0 17.312 -152.001 -341.583 0 0 1 0 1 0 -1 0 0 3795.dat
1 0 27.312 -152.001 -341.583 0 0 -1 0 1 0 1 0 0 2875.dat
1 0 7.312 -152.001 -341.583 0 0 1 0 1 0 -1 0 0 2875.dat
1 0 -12.688 -128.001 -321.583 0 0 1 0 1 0 -1 0 0 3710.dat
1 7 -12.688 -120.001 -321.583 0 0 1 0 1 0 -1 0 0 2540.dat
1 4 47.312 -112.001 -341.583 0 0 1 0 1 0 -1 0 0 3710.dat
1 4 -12.688 -112.001 -341.583 0 0 1 0 1 0 -1 0 0 3710.dat
1 7 47.312 -120.001 -361.583 0 0 -1 0 1 0 1 0 0 2540.dat
1 7 -12.688 -120.001 -361.583 0 0 1 0 1 0 -1 0 0 2540.dat
1 0 17.312 -128.001 -371.583 -1 0 0 0 1 0 0 0 -1 3710.dat
1 14 77.312 -24.001 -301.583 0 0 1 0 1 0 -1 0 0 3001.dat
1 14 87.312 -32.001 -191.583 -1 0 0 0 1 0 0 0 -1 30039.dat
1 14 77.312 -24.001 -231.583 -1 0 0 0 1 0 0 0 -1 3747a.dat
1 14 67.312 -32.001 -201.577 0 0 1 0 1 0 -1 0 0 3069b.dat
1 14 87.312 -32.001 -281.583 0 0 1 0 1 0 -1 0 0 4162.dat
1 14 -42.688 -24.001 -301.583 0 0 1 0 1 0 -1 0 0 3001.dat
1 14 -52.688 -32.001 -191.583 -1 0 0 0 1 0 0 0 -1 30039.dat
1 14 -42.688 -24.001 -231.583 -1 0 0 0 1 0 0 0 -1 3747a.dat
1 14 -32.688 -32.001 -201.577 0 0 1 0 1 0 -1 0 0 3069b.dat
1 14 -52.688 -32.001 -281.583 0 0 1 0 1 0 -1 0 0 4162.dat
1 14 67.312 -32.001 -341.583 0 0 1 0 1 0 -1 0 0 2431.dat
1 0 17.312 -104.001 -391.583 -1 0 0 0 1 0 0 0 -1 3023.dat
1 4 17.312 -96.001 -391.583 -1 0 0 0 1 0 0 0 -1 3023.dat
1 14 -32.688 -32.001 -341.583 0 0 1 0 1 0 -1 0 0 2431.dat
1 14 77.312 -24.001 -351.583 1 0 0 0 1 0 0 0 1 3660.dat
1 14 87.312 -32.001 -371.583 -1 0 0 0 1 0 0 0 -1 30039.dat
1 14 -42.688 -24.001 -351.583 1 0 0 0 1 0 0 0 1 3660.dat
1 14 -52.688 -32.001 -371.583 -1 0 0 0 1 0 0 0 -1 30039.dat
1 4 47.312 -112.001 -201.583 0 0 1 0 1 0 -1 0 0 3023.dat
1 4 -12.688 -112.001 -201.583 0 0 1 0 1 0 -1 0 0 3023.dat
1 14 -42.688 -24.001 -251.583 1 0 0 0 1 0 0 0 1 3004.dat
1 14 77.312 -24.001 -251.583 1 0 0 0 1 0 0 0 1 3004.dat
1 0 -2.688 -128.001 -391.583 -1 0 0 0 1 0 0 0 -1 3700.dat
1 0 37.312 -128.001 -391.583 -1 0 0 0 1 0 0 0 -1 3700.dat
1 0 37.312 -118.001 -401.583 0 0 -1 0 1 0 1 0 0 2780.dat
1 0 -2.688 -118.001 -401.583 0 0 -1 0 1 0 1 0 0 2780.dat
1 4 16.812 -118.501 -437.633 -1 0 0 0 1 0 0 0 -1 4266.dat
1 0 17.312 -118.001 -446.883 0 0 -1 0 1 0 1 0 0 3705.dat
1 7 17.312 -118.001 -437.883 -1 0 0 0 1 0 0 0 -1 4185.dat
1 7 17.312 -118.001 -453.883 -1 0 0 0 1 0 0 0 -1 4265a.dat
1 7 17.312 -118.001 -480.083 -1 0 0 0 1 0 0 0 -1 4265a.dat
1 0 17.312 -118.501 -467.183 1 0 0 0 1 0 0 0 1 4617b.dat
1 14 17.312 -138.501 -442.883 -1 0 0 0 0 -1 0 -1 0 4073.dat
1 14 34.812 -128.501 -442.883 -1 0 0 0 0 -1 0 -1 0 4073.dat
1 14 -0.188 -128.501 -442.883 -1 0 0 0 0 -1 0 -1 0 4073.dat
1 14 34.812 -108.501 -442.883 -1 0 0 0 0 -1 0 -1 0 4073.dat
1 14 -0.188 -108.501 -442.883 -1 0 0 0 0 -1 0 -1 0 4073.dat
1 14 17.312 -98.501 -442.883 -1 0 0 0 0 -1 0 -1 0 4073.dat
0 
0
0 FILE 6543 off1.ldr
0 6543 off1
0 ROTATION CENTER 0 0 0 1 "Custom" 
0 ROTATION CONFIG 0 0
1 1 -19.666 -78.858 -147.62 -1 0 0 0 0.956087 -0.293083 0 -0.293083 -0.956087 4073.dat
1 4 -49.666 -71.209 -149.965 -1 0 0 0 0.956087 -0.293083 0 -0.293083 -0.956087 3710.dat
1 1 -39.666 -78.858 -147.62 -1 0 0 0 0.956087 -0.293083 0 -0.293083 -0.956087 4073.dat
1 1 -59.666 -78.858 -147.62 -1 0 0 0 0.956087 -0.293083 0 -0.293083 -0.956087 4073.dat
1 1 -79.666 -78.858 -147.62 -1 0 0 0 0.956087 -0.293083 0 -0.293083 -0.956087 4073.dat
1 14 -49.666 -63.561 -152.309 -1 0 0 0 0.956087 -0.293083 0 -0.293083 -0.956087 3938.dat
1 14 -49.666 -64 -155.24 -1 0 0 0 1 0 0 0 -1 3937.dat
1 14 -49.666 -40 -165.24 -1 0 0 0 1 0 0 0 -1 3022.dat
1 14 -49.666 -64 -175.24 1 0 0 0 1 0 0 0 1 3937.dat
1 1 -19.666 -78.961 -182.515 -1 0 0 0 0.960064 0.279782 0 0.279782 -0.960064 4073.dat
1 4 -49.666 -71.281 -180.276 -1 0 0 0 0.960064 0.279782 0 0.279782 -0.960064 3710.dat
1 1 -39.666 -78.961 -182.515 -1 0 0 0 0.960064 0.279782 0 0.279782 -0.960064 4073.dat
1 1 -59.666 -78.961 -182.515 -1 0 0 0 0.960064 0.279782 0 0.279782 -0.960064 4073.dat
1 1 -79.666 -78.961 -182.515 -1 0 0 0 0.960064 0.279782 0 0.279782 -0.960064 4073.dat
1 14 -49.666 -63.6 -178.038 -1 0 0 0 0.960064 0.279782 0 0.279782 -0.960064 3938.dat
1 1 -49.666 -112.376 -257.115 1 0 0 0 1 0 0 0 1 2446.dat
1 14 -49.666 -112.375 -257.115 1 0 0 0 1 0 0 0 1 3626bp05.dat
1 43 -49.666 -109.487 -250.293 1 0 0 0 0.645647 0.763636 0 -0.763636 0.645647 2447.dat
1 14 -49.666 -84.625 -257.115 1 0 0 0 1 0 0 0 1 2610.dat
1 1 -49.666 -84.625 -257.115 1 0 0 0 1 0 0 0 1 973.dat
1 1 -65.166 -75.375 -257.115 0.983255 -0.137365 -0.119751 0.182235 0.741158 0.646124 0 -0.657127 0.75378 3818.dat
1 1 -34.166 -75.375 -257.115 0.983255 0.137365 0.119751 -0.182235 0.74116 0.646121 0 -0.657125 0.753782 3819.dat
1 14 -71.616 -69.381 -274.187 0.984808 -0.173648 0 0.173648 0.984808 0 0 0 1 3820.dat
1 14 -27.716 -69.385 -274.187 0.984808 0.173648 0 -0.173648 0.984808 0 0 0 1 3820.dat
