0 6595 Surf Shark
0 Author: marco
0 ROTATION CENTER 0 0 0 1 "Custom" 
0 ROTATION CONFIG 0 0
1 15 292.4 -113.145 -490.636 1 0 0 0 1 0 0 0 1 6075.dat
1 14 546.756 -82.02 -329.579 -1 0 0 0 0.374607 0.927184 0 0.927184 -0.374607 2610.dat
1 14 546.756 -119.028 -313.333 -1 0 0 0 0.374607 0.927184 0 0.927184 -0.374607 2610.dat
1 1 555 -321.445 -170.635 0 0 1 0 1 0 -1 0 0 4495a.dat
1 15 555.25 -240.945 -170.385 1 0 0 0 1 0 0 0 1 3957a.dat
1 15 555 -232.945 -170.635 -1 0 0 0 1 0 0 0 -1 2420.dat
1 15 555 -224.945 -180.635 0 0 -1 0 1 0 1 0 0 3023.dat
1 4 555 -216.945 -180.635 0 0 -1 0 1 0 1 0 0 3023.dat
1 2 535 -216.945 -180.635 0 0 1 0 1 0 -1 0 0 2518.dat
1 15 405 -208.945 -180.635 1 0 0 0 1 0 0 0 1 4282.dat
1 15 405 -280.945 -170.635 -1 0 0 0 1 0 0 0 -1 4215b.dat
1 15 405 -248 -181.035 -1 0 0 0 0 1 0 1 0 s10.dat
1 4 555 -200.945 -180.635 0 0 -1 0 1 0 1 0 0 3004.dat
1 15 555 -176.945 -180.635 0 0 -1 0 1 0 1 0 0 3023.dat
1 4 555 -168.945 -220.635 0 0 -1 0 1 0 1 0 0 3666.dat
1 4 555 -160.945 -180.635 0 0 -1 0 1 0 1 0 0 3023.dat
1 15 555 -152.945 -180.636 0 0 -1 0 1 0 1 0 0 2454.dat
1 15 475 -200.945 -190.636 1 0 0 0 1 0 0 0 1 2453.dat
1 2 275 -216.945 -180.635 0 0 1 0 1 0 -1 0 0 2518.dat
1 15 475 -80.9449 -190.636 0 0 -1 0 1 0 1 0 0 3622.dat
1 4 475 -56.9449 -180.636 0 0 -1 0 1 0 1 0 0 3004.dat
1 14 405 -32.9449 -220.636 1 0 0 0 1 0 0 0 1 3027.dat
1 7 545 -160.945 -270.635 1 0 0 0 1 0 0 0 1 2540.dat
1 15 545 -152.945 -270.635 -1 0 0 0 1 0 0 0 -1 2454.dat
1 1 405 -88.9449 -220.636 1 0 0 0 1 0 0 0 1 3034.dat
1 15 405 -80.9449 -210.636 1 0 0 0 1 0 0 0 1 3009.dat
1 15 375.125 -120.945 -210.511 1 0 0 0 1 0 0 0 1 4592.dat
1 0 375 -122.541 -211.064 1 0 0 0 0.903545 0.428492 0 -0.428492 0.903545 4593.dat
1 14 375 -112.945 -210.636 1 0 0 0 1 0 0 0 1 4599.dat
1 4 405 -56.9449 -210.636 1 0 0 0 1 0 0 0 1 3008.dat
1 7 255 -136.945 -500.636 0 0 -1 0 1 0 1 0 0 4596.dat
1 15 255 -160.945 -500.636 0 0 1 0 1 0 -1 0 0 4865a.dat
1 15 255 -128.945 -460.636 0 0 -1 0 1 0 1 0 0 3009.dat
1 7 255 -104.945 -500.636 0 0 -1 0 1 0 1 0 0 4596.dat
1 7 255 -136.945 -420.636 0 0 -1 0 1 0 1 0 0 4596.dat
1 7 255 -104.945 -460.636 0 0 -1 0 1 0 1 0 0 3023.dat
1 15 255 -160.945 -420.636 0 0 1 0 1 0 -1 0 0 4865a.dat
1 15 255 -96.9449 -460.636 0 0 -1 0 1 0 1 0 0 3009.dat
1 7 255 -64.9449 -500.636 0 0 -1 0 1 0 1 0 0 4596.dat
1 7 255 -72.9449 -510.636 0 0 1 0 1 0 -1 0 0 4085c.dat
1 7 255 -72.9449 -490.636 0 0 1 0 1 0 -1 0 0 4085c.dat
1 15 255 -56.9449 -500.636 0 0 -1 0 1 0 1 0 0 3004.dat
1 7 255 -72.9449 -470.635 0 0 1 0 1 0 -1 0 0 4085c.dat
1 7 255 -104.945 -420.635 0 0 -1 0 1 0 1 0 0 4596.dat
1 7 255 -64.9449 -460.635 0 0 -1 0 1 0 1 0 0 3023.dat
1 7 255 -72.9449 -450.635 0 0 1 0 1 0 -1 0 0 4085c.dat
1 7 255 -72.9449 -430.635 0 0 1 0 1 0 -1 0 0 4085c.dat
1 7 255 -64.9449 -420.635 0 0 -1 0 1 0 1 0 0 4596.dat
1 14 305 -32.9449 -400.636 0 0 -1 0 1 0 1 0 0 3028.dat
1 7 255 -72.9449 -410.635 0 0 1 0 1 0 -1 0 0 4085c.dat
1 15 255 -56.9449 -320.635 0 0 -1 0 1 0 1 0 0 2465.dat
1 15 255 -88.9449 -300.635 0 0 -1 0 1 0 1 0 0 4865a.dat
1 15 255 -64.9449 -300.635 0 0 1 0 1 0 -1 0 0 4623.dat
1 15 355.125 -120.945 -210.51 1 0 0 0 1 0 0 0 1 4592.dat
1 0 355 -122.541 -211.064 1 0 0 0 0.903545 0.428492 0 -0.428492 0.903545 4593.dat
1 4 355 -112.945 -210.636 1 0 0 0 1 0 0 0 1 4599.dat
1 15 335 -200.945 -190.636 1 0 0 0 1 0 0 0 1 2453.dat
1 15 255.25 -240.945 -170.385 1 0 0 0 1 0 0 0 1 3957a.dat
1 15 255 -232.945 -170.635 0 0 1 0 1 0 -1 0 0 2420.dat
1 15 255 -224.945 -180.635 0 0 1 0 1 0 -1 0 0 4623.dat
1 4 255 -216.945 -180.635 0 0 -1 0 1 0 1 0 0 3023.dat
1 4 255 -200.945 -180.636 0 0 -1 0 1 0 1 0 0 3004.dat
1 15 335 -80.9449 -190.636 0 0 -1 0 1 0 1 0 0 3622.dat
1 4 335 -56.9449 -180.636 0 0 -1 0 1 0 1 0 0 3004.dat
1 15 255 -176.945 -180.636 0 0 -1 0 1 0 1 0 0 2454.dat
1 2 280.471 -224.945 -179.006 0.547143 0 0.837039 0 1 0 -0.837039 0 0.547143 2518.dat
1 1 255 -323.445 -170.635 0 0 1 0 1 0 -1 0 0 4495a.dat
1 47 475 -104.945 -170.636 0 0 -1 0 1 0 1 0 0 3899.dat
1 0 544.25 -159.145 -290.635 -1 0 0 0 0.39788 0.917437 0 0.917437 -0.39788 6020.dat
1 15 235.054 -163.195 -510.636 -1 0 0 0 -1 0 0 0 1 4095.dat
1 4 235.055 -163.195 -430.636 1 0 0 0 -1 0 0 0 -1 4095.dat
1 4 235.055 -219.195 -410.636 1 0 0 0 0 1 0 -1 0 476.dat
1 15 235.055 -219.195 -450.636 1 0 0 0 0 1 0 -1 0 476.dat
1 15 235.055 -219.195 -490.636 1 0 0 0 0 1 0 -1 0 476.dat
1 47 335 -104.945 -170.636 0 0 1 0 1 0 -1 0 0 3899.dat
1 15 235.055 -163.195 -470.635 -1 0 0 0 -1 0 0 0 1 4095.dat
1 2 529.533 -224.945 -179.009 -0.546671 0 0.837348 0 1 0 -0.837348 0 -0.546671 2518.dat
1 4 292.4 -145.145 -490.636 1 0 0 0 1 0 0 0 1 6075.dat
1 1 292.4 -73.1449 -490.636 1 0 0 0 1 0 0 0 1 6075.dat
1 1 430 -120 -420 0 0 -1 0 1 0 1 0 0 4485.dat
1 14 430 -120 -420 0 0 -1 0 1 0 1 0 0 3626bp03.dat
1 15 430 -96 -420 0 0 -1 0 1 0 1 0 0 973p2e.dat
1 14 430 -86.75 -435.5 0 0.657126 -0.753781 0.182236 0.741158 0.646123 0.983255 -0.137365 -0.119752 3818.dat
1 14 430 -86.75 -404.5 0 0.657126 -0.75378 -0.182236 0.741158 0.646123 0.983255 0.137366 0.119752 3819.dat
1 14 447.072 -80.7565 -441.95 0 0 -1 0.173648 0.984808 0 0.984808 -0.173648 0 3820.dat
1 14 447.072 -80.76 -398.05 0 0 -1 -0.173648 0.984808 0 0.984808 0.173648 0 3820.dat
1 15 430 -64 -420 0 0 -1 0 1 0 1 0 0 3815.dat
1 15 430 -52 -420 0 0 -1 0 1 0 1 0 0 3816.dat
1 15 430 -52 -420 0 0 -1 0 1 0 1 0 0 3817.dat
1 0 430 -123.75 -500 0 0 -1 0 1 0 1 0 0 3901.dat
1 14 430 -123.75 -500 0 0 -1 0 1 0 1 0 0 3626bp04.dat
1 0 430 -96 -500 0 0 -1 0 1 0 1 0 0 973.dat
1 14 430 -86.75 -515.5 0 0.657126 -0.753781 0.182236 0.741158 0.646123 0.983255 -0.137365 -0.119752 3818.dat
1 14 430 -86.75 -484.5 0 0.657126 -0.75378 -0.182236 0.741158 0.646123 0.983255 0.137366 0.119752 3819.dat
1 14 447.072 -80.7565 -521.95 0 0 -1 0.173648 0.984808 0 0.984808 -0.173648 0 3820.dat
1 14 447.072 -80.76 -478.051 0 0 -1 -0.173648 0.984808 0 0.984808 0.173648 0 3820.dat
1 14 430 -96 -500 0 0 -1 0 1 0 1 0 0 2610.dat
1 0 430 -64 -500 0 0 -1 0 1 0 1 0 0 3815.dat
1 14 430 -52 -500 0 0 -1 0 1 0 1 0 0 3816.dat
1 14 430 -52 -500 0 0 -1 0 1 0 1 0 0 3817.dat
1 4 430 -120 -580 0 0 -1 0 1 0 1 0 0 6093a.dat
1 14 430 -120 -580 0 0 -1 0 1 0 1 0 0 3626bp02.dat
1 14 430 -96 -580 0 0 -1 0 1 0 1 0 0 973p2c.dat
1 14 430 -86.75 -595.5 0 0.657126 -0.753781 0.182236 0.741158 0.646123 0.983255 -0.137365 -0.119752 3818.dat
1 14 430 -86.75 -564.5 0 0.657126 -0.75378 -0.182236 0.741158 0.646123 0.983255 0.137366 0.119752 3819.dat
1 14 447.072 -80.7565 -601.95 0 0 -1 0.173648 0.984808 0 0.984808 -0.173648 0 3820.dat
1 14 447.072 -80.76 -558.05 0 0 -1 -0.173648 0.984808 0 0.984808 0.173648 0 3820.dat
1 4 430 -64 -580 0 0 -1 0 1 0 1 0 0 3815.dat
1 4 430 -52 -580 0 0 -1 0 1 0 1 0 0 3816.dat
1 4 430 -52 -580 0 0 -1 0 1 0 1 0 0 3817.dat
0
