0 Stock Car
0 Name: 6634.dat

0 ROTATION CENTER 0 0 0 1 "Custom" 
0 ROTATION CONFIG 0 0
1 4 110 -61 -32 1 0 0 0 0.997564 -0.0697565 0 0.0697565 0.997564 3842a.dat
1 14 110 -61 -32 1 0 0 0 0.997564 -0.0697565 0 0.0697565 0.997564 3626bp01.dat
1 15 110 -37.059 -30.328 1 0 0 0 0.997564 -0.0697565 0 0.0697565 0.997564 973p14.dat
1 15 110 -5.136 -28.093 1 0 0 0 0.997564 -0.0697565 0 0.0697565 0.997564 3815.dat
1 15 94.4 -28.116 -29.7 0.984373 -0.06783 -0.159963 0.173173 0.447869 0.877578 0.0121094 -0.891028 0.453305 3818.dat
1 15 125.6 -28.116 -29.7 0.984373 0.0774587 0.155519 -0.173173 0.500553 0.848569 -0.0121094 -0.861723 0.506912 3819.dat
1 14 89.779 -29.205 -51.088 0.861841 0.502161 -0.0651438 -0.461598 0.833475 0.303832 0.208038 -0.230899 0.950531 3820.dat
1 14 130.447 -27.922 -51.067 0.896975 -0.437727 0.0551884 0.412558 0.877174 0.246047 -0.156065 -0.196999 0.967624 3820.dat
1 15 110 6.834 -27.258 1 0 0 0 0.0697565 0.997564 0 -0.997564 0.0697565 3816.dat
1 15 110 6.834 -27.258 1 0 0 0 0.0697565 0.997564 0 -0.997564 0.0697565 3817.dat
1 4 110 0.41 -35.725 1 0 0 0 0.997564 -0.0697565 0 0.0697565 0.997564 4212b.dat
1 14 140 8.39 -35.168 0 0 -1 -0.0697565 0.997564 0 0.997564 0.0697565 0 3710.dat
1 14 80 8.39 -35.168 0 0 -1 -0.0697565 0.997564 0 0.997564 0.0697565 0 3710.dat
1 14 110 14.668 -124.948 -1 0 0 0 0.997564 0.0697565 0 0.0697565 -0.997564 3710.dat
1 14 110 3.508 34.66 0 0 1 0.0697565 0.997564 0 -0.997564 0.0697565 0 3021.dat
1 0 110 12.184 25.245 1 0 0 0 0.997564 -0.0697565 0 0.0697565 0.997564 4600.dat
1 0 110 12.575 -95.02 1 0 0 0 0.997564 -0.0697565 0 0.0697565 0.997564 4600.dat
1 4 110 -5.478 -66.21 1 0 0 0 0.997564 -0.0697565 0 0.0697565 0.997564 3829a.dat
1 0 110 -31.43 -68.036 0 0 1 -0.756197 0.654344 0 -0.654344 -0.756197 0 3828.dat
1 15 110 -11.366 -96.694 1 0 0 0 0.997564 -0.0697565 0 0.0697565 0.997564 3788.dat
1 15 110 -19.737 23.013 1 0 0 0 0.997564 -0.0697565 0 0.0697565 0.997564 3788.dat
1 15 100 -17.253 -127.18 1 0 0 0 0.997564 -0.0697565 0 0.0697565 0.997564 4070.dat
1 46 100 -6.301 -140.449 0 0 1 0.997564 -0.0697565 0 0.0697565 0.997564 0 6141.dat
1 15 120 -17.253 -127.18 1 0 0 0 0.997564 -0.0697565 0 0.0697565 0.997564 4070.dat
1 46 120 -6.301 -140.449 0 0 1 0.997564 -0.0697565 0 0.0697565 0.997564 0 6141.dat
1 15 80 -29.81 52.381 -1 0 0 0 0.997564 0.0697565 0 0.0697565 -0.997564 4070.dat
1 36 80 -20.811 67.043 0 0 -1 0.997564 0.0697565 0 0.0697565 -0.997564 0 3024.dat
1 15 140 -29.81 52.381 -1 0 0 0 0.997564 0.0697565 0 0.0697565 -0.997564 4070.dat
1 36 140 -20.811 67.043 0 0 -1 0.997564 0.0697565 0 0.0697565 -0.997564 0 3024.dat
0 STEP
1 15 80 -17.253 -127.18 1 0 0 0 0.997564 -0.0697565 0 0.0697565 0.997564 4070.dat
1 47 80 -6.301 -140.449 0 0 1 0.997564 -0.0697565 0 0.0697565 0.997564 0 3024.dat
1 15 80 -27.717 22.456 0 0 1 0.0697565 0.997564 0 -0.997564 0.0697565 0 3023s99.dat
1 15 140 -27.717 22.456 0 0 -1 -0.0697565 0.997564 0 0.997564 0.0697565 0 3023s99.dat
1 15 110 -19.348 -97.253 -1 0 0 0 0.997564 0.0697565 0 0.0697565 -0.997564 3020.dat
1 15 80 -25.625 -7.473 0 0 1 0.0697565 0.997564 0 -0.997564 0.0697565 0 3005s99.dat
1 15 140 -17.253 -127.18 1 0 0 0 0.997564 -0.0697565 0 0.0697565 0.997564 4070.dat
1 47 140 -6.301 -140.449 0 0 1 0.997564 -0.0697565 0 0.0697565 0.997564 0 3024.dat
1 15 140 -25.625 -7.473 0 0 -1 -0.0697565 0.997564 0 0.997564 0.0697565 0 3005s99.dat
1 15 110 -29.81 52.381 -1 0 0 0 0.997564 0.0697565 0 0.0697565 -0.997564 3004.dat
1 15 140 -21.439 -67.327 1 0 0 0 0.997564 -0.0697565 0 0.0697565 0.997564 3822s99.dat
1 15 80 -21.439 -67.327 1 0 0 0 0.997564 -0.0697565 0 0.0697565 0.997564 3821s99.dat
1 43 110 -69.322 -70.676 1 0 0 0 0.997564 -0.0697565 0 0.0697565 0.997564 3823.dat
1 43 110 -74.9 9.13 -1 0 0 0 0.997564 0.0697565 0 0.0697565 -0.997564 3823.dat
0 STEP
1 15 110 -82.884 8.573 1 0 0 0 0.997564 -0.0697565 0 0.0697565 0.997564 4315.dat
1 15 110 -79.395 -41.306 1 0 0 0 0.997564 -0.0697565 0 0.0697565 0.997564 4213.dat
1 15 142 17.564 -94.673 0 0 -1 -0.446197 0.894934 0 0.894934 0.446197 0 4624.dat
1 0 142 17.564 -94.673 0 0 -1 -0.446197 0.894934 0 0.894934 0.446197 0 3641.dat
1 15 78 17.564 -94.673 0 0 1 -0.438371 0.898794 0 -0.898794 -0.438371 0 4624.dat
1 0 78 17.564 -94.673 0 0 1 -0.438371 0.898794 0 -0.898794 -0.438371 0 3641.dat
1 15 78 17.172 25.594 0 0 1 -0.0174463 1.00046 0 -1.00046 -0.0174463 0 4624.dat
1 0 78 17.172 25.594 0 0 1 -0.0174463 1.00046 0 -1.00046 -0.0174463 0 3641.dat
1 15 142 17.172 25.594 0 0 -1 0.438371 0.898794 0 0.898794 -0.438371 0 4624.dat
1 0 142 17.172 25.594 0 0 -1 0.438371 0.898794 0 0.898794 -0.438371 0 3641.dat
0 WORLD  -112.7967 75.20538 -166.1096 -0.3453883 0.06784955 0.9360065 0.2166908 0.9761915 0.009196839 -0.9130985 0.2060007 -0.3518731
0 CENTRE  0 0 0
0 LOOKAT  -43 71 0
0 ZOOM  44
0
