0 LEGO 6677 Motocross Racing
0 Name: 6677.ldr
0 Author: Briqunullus
0 Released 1986
0 ROTATION CENTER 0 0 0 1 "Custom" 
0 ROTATION CONFIG 0 0
1 0 25 0 35 0 0 1 0 1 0 -1 0 0 3034.dat
0 STEP
1 0 25 -8 35 -1 0 0 0 1 0 0 0 -1 u8200.dat
1 0 25 -8 -15 0 0 -1 0 1 0 1 0 0 3021.dat
1 0 25 -8 75 0 0 -1 0 1 0 1 0 0 3022.dat
1 0 25 -8 115 -1 0 0 0 1 0 0 0 -1 3730.dat
0 STEP
1 14 -5 -16 35 0 0 -1 0 1 0 1 0 0 3710.dat
1 14 55 -16 35 0 0 -1 0 1 0 1 0 0 3710.dat
1 14 25 -16 125 1 0 0 0 1 0 0 0 1 3710.dat
0 STEP
1 14 25 -24 95 1 0 0 0 1 0 0 0 1 3788.dat
1 14 25 -24 -25 1 0 0 0 1 0 0 0 1 3788.dat
1 0 25 -16 25 1 0 0 0 1 0 0 0 1 3829c01.dat
0 STEP
1 14 25 -24 5 1 0 0 0 1 0 0 0 1 3710.dat
1 7 25 -24 -15 1 0 0 0 1 0 0 0 1 3023.dat
1 104021008 -5 -24 125 1 0 0 0 1 0 0 0 1 3024.dat
1 104021008 55 -24 125 1 0 0 0 1 0 0 0 1 3024.dat
0 STEP
1 104021008 -5 -32 125 1 0 0 0 1 0 0 0 1 3024.dat
1 104021008 55 -32 125 1 0 0 0 1 0 0 0 1 3024.dat
1 14 -5 -32 95 0 0 1 0 1 0 -1 0 0 3023.dat
1 14 55 -32 95 0 0 1 0 1 0 -1 0 0 3023.dat
1 14 -5 -32 -5 0 0 1 0 1 0 -1 0 0 3023.dat
1 14 55 -32 -5 0 0 1 0 1 0 -1 0 0 3023.dat
1 104022015 -5 -32 -35 0 0 1 0 1 0 -1 0 0 3024.dat
1 104022015 55 -32 -35 0 0 1 0 1 0 -1 0 0 3024.dat
1 7 25 -32 -15 -1 0 0 0 1 0 0 0 -1 3794b.dat
0 STEP
1 14 -5 -40 -15 0 0 -1 0 1 0 1 0 0 3623.dat
1 14 55 -40 -15 0 0 -1 0 1 0 1 0 0 3623.dat
1 14 -5 -40 105 0 0 -1 0 1 0 1 0 0 3623.dat
1 14 55 -40 105 0 0 -1 0 1 0 1 0 0 3623.dat
1 14 25 -40 125 1 0 0 0 1 0 0 0 1 3004.dat
1 14 55 -40 25 1 0 0 0 1 0 0 0 1 3822.dat
1 14 -5 -40 25 1 0 0 0 1 0 0 0 1 3821.dat
1 0 25 -40 -35 1 0 0 0 1 0 0 0 1 3937.dat
1 0 25 -40 -35 1 0 0 0 1 0 0 0 1 3938.dat
0 STEP
1 14 25 -48 -25 1 0 0 0 1 0 0 0 1 3068b.dat
1 104020958 25 -88 25 1 0 0 0 1 0 0 0 1 3823.dat
1 104020958 25 -88 105 -1 0 0 0 1 0 0 0 -1 3823.dat
0 STEP
1 15 25 -88 85 1 0 0 0 1 0 0 0 1 4214.dat
1 15 25 -96 55 1 0 0 0 1 0 0 0 1 2349.dat
1 104020958 25 -92 40 1 0 0 0 1 0 0 0 1 2348a.dat
1 15 25 -96 105 1 0 0 0 1 0 0 0 1 3710.dat
1 0 25 8 -25 1 0 0 0 1 0 0 0 1 122c01.dat
1 0 25 8 95 1 0 0 0 1 0 0 0 1 122c01.dat
1 0 -5 13 -25 0 0 1 0 1 0 -1 0 0 4084.dat
1 0 -5 13 95 0 0 1 0 1 0 -1 0 0 4084.dat
1 0 55 13 -25 0 0 -1 0 1 0 1 0 0 4084.dat
1 0 55 13 95 0 0 -1 0 1 0 1 0 0 4084.dat
0 STEP
1 0 25 8 245 0 0 1 0 1 0 -1 0 0 3034.dat
0 STEP
1 14 25 0 295 -1 0 0 0 1 0 0 0 -1 3710.dat
1 14 25 0 235 -1 0 0 0 1 0 0 0 -1 3710.dat
1 14 25 0 215 -1 0 0 0 1 0 0 0 -1 3023.dat
0 STEP
1 14 25 0 185 1 0 0 0 1 0 0 0 1 4859.dat
1 14 15 0 315 0 0 1 0 1 0 -1 0 0 4081a.dat
1 14 35 0 315 0 0 -1 0 1 0 1 0 0 4081a.dat
1 104021008 55 2 325 0 0 -1 1 0 0 0 -1 0 4073.dat
1 104021008 -5 2 325 0 0 -1 1 0 0 0 -1 0 4073.dat
1 14 25 -8 265 1 0 0 0 1 0 0 0 1 3787.dat
0 STEP
1 14 25 -8 185 1 0 0 0 1 0 0 0 1 3731.dat
1 0 15 -8 265 0 0 1 0 1 0 -1 0 0 3794b.dat
1 0 35 -8 265 0 0 1 0 1 0 -1 0 0 3794b.dat
1 0 25 -16 265 -1 0 0 0 1 0 0 0 -1 3794b.dat
0 STEP
1 0 25 16 265 -1 0 0 0 1 0 0 0 -1 122c01.dat
1 0 55 21 264 0 0 -1 0 1 0 1 0 0 3641.dat
1 0 -5 21 264 0 0 -1 0 1 0 1 0 0 3641.dat
1 15 35 -104 105 1 0 0 0 1 0 0 0 1 4592c01.dat
1 1 25 -67 300 1 0 0 0 1 0 0 0 1 4719c01.dat
1 15 23.173 -71 209.619 1 0 0 0 0 -1 0 1 0 3070bp03.dat
0 STEP
1 15 110 0 50 0.707107 0 -0.707107 0 1 0 0.707107 0 0.707107 3815c01.dat
1 15 110 -32 50 0.707107 0 -0.707107 0 1 0 0.707107 0 0.707107 973p14.dat
1 14 110 -56 50 0.707107 0 -0.707107 0 1 0 0.707107 0 0.707107 3626bp01.dat
1 0 110 -56 50 0.707107 0 -0.707107 0 1 0 0.707107 0 0.707107 3842b.dat
1 15 121.78 -25.38 61.59 0.683013 -0.19506 -0.703879 -0.258819 0.836516 -0.482963 0.683013 0.512047 0.520866 3819.dat
1 14 90.255 -6.589 34.113 0.683013 -0.73038 -0.00623601 0.258819 0.25 -0.933013 0.683013 0.635646 0.359789 3820.dat
1 14 128.885 -6.673 69.644 0.683013 -0.635646 -0.359789 -0.258819 0.25 -0.933013 0.683013 0.73038 0.00623601 3820.dat
1 15 98.581 -24.284 39.099 0.683013 -0.512047 -0.520866 0.258819 0.836516 -0.482963 0.683013 0.19506 0.703879 3818.dat
0
