0 6812 Grid Trekkor
0 Name: 6812_Grid_Trekkor.ldr
0 Author: LEGO
0 bassfoundation@yahoo.com
0 !COLOUR SandBlue CODE 64 VALUE #88A2B5 EDGE 0 ALPHA 255
0 !COLOUR Chrome CODE 65 VALUE #A1A29B EDGE 0 ALPHA 255
0 !COLOUR Silver CODE 66 VALUE #C7C7C7 EDGE 0 ALPHA 255
0 !COLOUR Gold CODE 67 VALUE #BBBD39 EDGE 0 ALPHA 255
0 ROTATION CENTER 0 0 0 1 "Custom" 
0 ROTATION CONFIG 0 0
1 0 0 -2.453 12.033 0 0 1 0.173648 0.984808 0 -0.984808 0.173648 0 3020.dat
1 15 0 6.23 -37.206 1 0 0 0 0.984808 -0.173648 0 0.173648 0.984808 2540.dat
1 0 0 -31.298 37.411 1 0 0 0 0.984808 -0.173648 0 0.173648 0.984808 4865a.dat
1 0 0 -20.879 -21.678 1 0 0 0 0.984808 -0.173648 0 0.173648 0.984808 3039.dat
1 0 0 12.372 -25.969 1 0 0 0 0.984808 -0.173648 0 0.173648 0.984808 122c02.dat
1 15 0 1.953 33.12 1 0 0 0 0.984808 -0.173648 0 0.173648 0.984808 3022.dat
1 0 0 9.831 34.508 1 0 0 0 0.984808 -0.173648 0 0.173648 0.984808 122c02.dat
1 0 -10 -28.757 -23.067 1 0 0 0 0.984808 -0.173648 0 0.173648 0.984808 3024.dat
1 0 10 -28.757 -23.067 0 0 -1 -0.173648 0.984808 0 0.984808 0.173648 0 6019.dat
1 15 0 -36.636 -24.457 -1 0 0 0 0.984808 0.173648 0 0.173648 -0.984808 3069bp68.dat
1 42 30 -26.093 -26.659 -1 0 0 0 0.173648 -0.984808 0 -0.984808 -0.173648 2569.dat
1 0 0 -7.152 -53.044 -1 0 0 0 -0.0871557 -0.996195 0 -0.996195 0.0871557 6019.dat
1 42 0 -7.85 -61.013 -1 0 0 0 -0.0871557 -0.996195 0 -0.996195 0.0871557 4740.dat
1 0 40 18.28 -24.927 0 0 -1 0.984808 0.173648 0 0.173648 -0.984808 0 4288.dat
1 0 40 15.741 35.551 0 0 -1 0.984808 0.173648 0 0.173648 -0.984808 0 4288.dat
1 0 -40 18.28 -24.927 0 0 1 0.984808 -0.173648 0 0.173648 0.984808 0 4288.dat
1 0 -40 15.741 35.551 0 0 1 0.984808 -0.173648 0 0.173648 0.984808 0 4288.dat
1 0 0 -24.523 16.266 1 0 0 0 0.984808 -0.173648 0 0.173648 0.984808 fig_BlacktronII_jetpack.ldr
1 42 26 -70 -8 1 0 0 0 0.0871557 -0.996195 0 0.996195 0.0871557 4073.dat
1 42 -26 -70 -8 1 0 0 0 0.0871557 -0.996195 0 0.996195 0.0871557 4073.dat
0
