0 Name : Super nova 2
0 File : 6832-1.ldr
0 Author : Legobsession
0 Official Model
0 ROTATION CENTER 0 0 0 1 "Custom" 
0 ROTATION CONFIG 0 0
0 MLCAD BTG Vaisseau
1 15 -160 -8 0 0 0 -1 0 1 0 1 0 0 3832.dat
0 MLCAD BTG Vaisseau
1 0 -160 -16 10 1 0 0 0 1 0 0 0 1 3023.dat
0 MLCAD BTG Vaisseau
1 0 -160 -32 -90 1 0 0 0 1 0 0 0 1 3747.dat
0 MLCAD BTG Vaisseau
1 0 -160 -40 -40 -1 0 0 0 1 0 0 0 -1 2397.dat
0 MLCAD BTG Vaisseau
1 0 -160 -40 -130 1 0 0 0 1 0 0 0 1 3839B.dat
0 MLCAD BTG Vaisseau
1 42 -134 -34 -164 1 0 0 0 0 -1 0 1 0 4589.dat
0 MLCAD BTG Vaisseau
1 42 -186 -34 -164 1 0 0 0 0 -1 0 1 0 4589.dat
0 MLCAD BTG Vaisseau
1 15 -160 -48 -90 1 0 0 0 1 0 0 0 1 3069BP68.dat
0 MLCAD BTG Vaisseau
1 15 -160 -40 80 0 0 1 0 1 0 -1 0 0 3069BP68.dat
0 MLCAD BTG Vaisseau
1 15 -160 -48 -130 1 0 0 0 1 0 0 0 1 3023.dat
0 MLCAD BTG Vaisseau
1 0 -160 -58.998 -148.913 -1 0 0 0 0.0174524 0.999848 0 0.999848 -0.0174524 2432.dat
0 MLCAD BTG Vaisseau
1 15 -160 -40 30 1 0 0 0 1 0 0 0 1 3023.dat
0 MLCAD BTG Vaisseau
1 0 -160 -32 20 1 0 0 0 1 0 0 0 1 3022.dat
0 MLCAD BTG Vaisseau
1 0 -160 -64 30 1 0 0 0 1 0 0 0 1 3937.dat
0 MLCAD BTG Vaisseau
1 15 -160 -54.566 20.159 1 0 0 0 0.0348995 -0.999391 0 0.999391 0.0348995 3938.dat
0 MLCAD BTG Vaisseau
1 42 -160 -58.357 -116.518 -1 0 0 0 0.0348991 0.999391 0 0.999391 -0.0348991 2466.dat
0 MLCAD BTG Vaisseau
1 15 -160 -24 80 1 0 0 0 1 0 0 0 1 3956.dat
0 MLCAD BTG Vaisseau
1 0 -160 -44 60 -1 0 0 0 0 1 0 1 0 4345A.dat
0 MLCAD BTG Vaisseau
1 0 -160 -44 108 -1 0 0 0 0 1 0 1 0 4591.dat
0 MLCAD BTG Vaisseau
1 42 -160 -44 156 -1 0 0 0 0 1 0 1 0 4740.dat
0 MLCAD BTG Vaisseau
1 0 -160 -44 60 -1 0 0 0 0 1 0 1 0 4346P68.dat
0 MLCAD BTG Vaisseau
1 15 -205.568 -37.495 90 0 -0.258819 0.965926 0 0.965926 0.258819 -1 0 0 30244.dat
0 MLCAD BTG Vaisseau
1 15 -114.343 -36.788 90 0 0.258819 0.965926 0 0.965926 -0.258819 -1 0 0 30244.dat
0 MLCAD BTG Vaisseau
1 0 -82.259 -36.571 110 -0.965926 0.258819 0 0.258819 0.965926 0 0 0 -1 3935.dat
0 MLCAD BTG Vaisseau
1 0 -232.173 -1.524 20 0 0.5 0.866025 0 0.866025 -0.5 -1 0 0 2450.dat
0 MLCAD BTG Vaisseau
1 0 -86.173 -1.524 20 0.866025 -0.5 0 0.5 0.866025 0 0 0 1 2450.dat
0 MLCAD BTG Vaisseau
1 0 -150 -16 40 0 0 -1 0 1 0 1 0 0 2452.dat
0 MLCAD BTG Vaisseau
1 0 -150 -16 80 0 0 -1 0 1 0 1 0 0 2452.dat
0 MLCAD BTG Vaisseau
1 0 -170 -16 80 0 0 1 0 1 0 -1 0 0 2452.dat
0 MLCAD BTG Vaisseau
1 0 -170 -16 40 0 0 1 0 1 0 -1 0 0 2452.dat
0 MLCAD BTG Vaisseau
1 0 -219.294 -0.242 40 0.866025 0.5 0 -0.5 0.866025 0 0 0 1 4276a.dat
0 MLCAD BTG Vaisseau
1 0 -100.294 -0.242 40 -0.866025 -0.5 0 -0.5 0.866025 0 0 0 -1 4276a.dat
0 MLCAD BTG Vaisseau
1 0 -100.452 -24.011 80 -0.965926 0.258819 0 0.258819 0.965926 0 0 0 -1 4276a.dat
0 MLCAD BTG Vaisseau
1 0 -219.452 -24.011 80 0.965926 -0.258819 0 0.258819 0.965926 0 0 0 1 4276a.dat
0 MLCAD BTG Vaisseau
1 0 -236.669 -36.952 109.482 -0.965926 -0.258819 0 -0.258819 0.965926 0 0 0 -1 3936.dat
0 GROUP 35 Vaisseau
0 MLCAD BTG Pilote
1 0 -160.981 -84.967 -30.969 1 0 0 0 1 0 0 0 1 2446.dat
0 MLCAD BTG Pilote
1 42 -160.981 -84.967 -30.969 1 0 0 0 1 0 0 0 1 2447.dat
0 MLCAD BTG Pilote
1 14 -160.981 -84.967 -30.969 1 0 0 0 1 0 0 0 1 3626BP01.dat
0 MLCAD BTG Pilote
1 15 -160.981 -60.967 -30.969 1 0 0 0 1 0 0 0 1 973P51.dat
0 MLCAD BTG Pilote
1 0 -160.981 -28.967 -30.969 1 0 0 0 1 0 0 0 1 3815.dat
0 MLCAD BTG Pilote
1 0 -176.533 -51.967 -30.969 0.985 -0.11594 -0.12433 0.17 0.671768 0.720383 0 -0.731354 0.681998 3818.dat
0 MLCAD BTG Pilote
1 0 -145.429 -51.967 -30.969 0.985 0.139256 0.097508 -0.17 0.806865 0.564973 0 -0.573576 0.819152 3819.dat
0 MLCAD BTG Pilote
1 0 -182.547 -47.683 -51.729 0.999533 0.00375339 -0.00593202 -0.00349613 0.998819 0.0343708 0.00605932 -0.0343641 0.99924 3820.dat
0 MLCAD BTG Pilote
1 0 -138.701 -43.544 -50.184 0.985 0.167392 -0.0295157 -0.17 0.969889 -0.171018 0 0.173622 0.984659 3820.dat
0 MLCAD BTG Pilote
1 0 -182.523 -60.696 -63.432 0.999533 0.00220524 -0.00666238 -0.00349613 0.977172 -0.208374 0.00605932 0.208483 0.977579 3959.dat
0 MLCAD BTG Pilote
1 15 -160.981 -16.967 -30.969 1 0 0 0 0.0174524 0.999848 0 -0.999848 0.0174524 3816.dat
0 MLCAD BTG Pilote
1 15 -160.981 -16.967 -30.969 1 0 0 0 0.0174524 0.999848 0 -0.999848 0.0174524 3817.dat
0 GROUP 12 Pilote
0
