0 6833 Beacon Tracer
0 Name: 6833_Beacon_Tracer.ldr
0 Author: LEGO
0 bassfoundation@yahoo.com
0 ROTATION CENTER 0 0 0 1 "Custom" 
0 ROTATION CONFIG 0 0
1 4 0 -3.583 3.215 -1 0 0 0 0.965926 0.258819 0 0.258819 -0.965926 4732.dat
1 4 -10 6.807 -66.471 1 0 0 0 0.965926 -0.258819 0 0.258819 0.965926 4081b.dat
1 4 10 6.807 -66.471 1 0 0 0 0.965926 -0.258819 0 0.258819 0.965926 4081b.dat
1 4 0 -24.251 49.44 1 0 0 0 0.965926 -0.258819 0 0.258819 0.965926 3023.dat
1 4 0 -29.428 68.759 -1 0 0 0 0.965926 0.258819 0 0.258819 -0.965926 3839b.dat
1 4 10 -31.979 47.37 0 0 -1 -0.258819 0.965926 0 0.965926 0.258819 0 2420.dat
1 4 -10 -37.155 66.688 -1 0 0 0 0.965926 0.258819 0 0.258819 -0.965926 4085a.dat
1 4 0 -19.001 -31.975 -1 0 0 0 0.965926 0.258819 0 0.258819 -0.965926 3937.dat
1 4 0 -16.375 -72.682 -1 0 0 0 0.965926 0.258819 0 0.258819 -0.965926 3937.dat
1 0 0 -11.493 -61.546 -1 0 0 0 0.5 -0.866025 0 -0.866025 -0.5 3938.dat
1 0 0 -18.335 -24.194 -1 0 0 0 0.866025 -0.5 0 -0.5 -0.866025 3938.dat
1 0 0 -60.337 60.477 1 0 0 0 0.965926 -0.258819 0 0.258819 0.965926 3039.dat
1 15 0 -25.263 -20.194 -1 0 0 0 0.866025 -0.5 0 -0.5 -0.866025 3069bp68.dat
1 42 -38 13.915 -85.272 0 1 0 -0.965926 0 -0.258819 -0.258819 0 0.965926 4589.dat
1 42 38 13.915 -85.272 0 -1 0 0.965926 0 -0.258819 0.258819 0 0.965926 4589.dat
1 0 0 19.674 -52.67 1 0 0 0 0.965926 -0.258819 0 0.258819 0.965926 4600.dat
1 0 0 16.974 50.134 1 0 0 0 0.965926 -0.258819 0 0.258819 0.965926 4600.dat
1 42 -10 -34.604 88.077 1 0 0 0 0.965926 -0.258819 0 0.258819 0.965926 2569.dat
1 42 0 -79.493 56.233 1 0 0 0 0.5 0.866025 0 -0.866025 0.5 2466p68.dat
1 0 0 -68.065 58.406 1 0 0 0 0.965926 -0.258819 0 0.258819 0.965926 2412b.dat
1 7 30 24.503 -51.376 0 0 -1 -0.258819 0.965926 0 0.965926 0.258819 0 4624.dat
1 7 -30 24.503 -51.376 0 0 1 0.258819 0.965926 0 -0.965926 0.258819 0 4624.dat
1 7 30 21.804 51.428 0 0 -1 -0.258819 0.965926 0 0.965926 0.258819 0 4624.dat
1 7 -30 21.804 51.428 0 0 1 0.258819 0.965926 0 -0.965926 0.258819 0 4624.dat
1 0 0 -83.493 63.162 1 0 0 0 0.5 0.866025 0 -0.866025 0.5 4590.dat
1 42 -30 -86.833 88.946 1 0 0 0 0.5 0.866025 0 -0.866025 0.5 4589.dat
1 42 30 -86.833 88.946 1 0 0 0 0.5 0.866025 0 -0.866025 0.5 4589.dat
1 0 40 24.503 -51.376 0 0 -1 -0.258819 0.965926 0 0.965926 0.258819 0 4288.dat
1 0 -40 24.503 -51.376 0 0 1 0.258819 0.965926 0 -0.965926 0.258819 0 4288.dat
1 0 40 21.804 51.428 0 0 -1 -0.258819 0.965926 0 0.965926 0.258819 0 4288.dat
1 0 -40 21.804 51.428 0 0 1 0.258819 0.965926 0 -0.965926 0.258819 0 4288.dat
1 42 27 -30.62 96.392 0 0 1 0.965926 -0.258819 0 0.258819 0.965926 0 4740.dat
1 42 -27 -30.62 96.392 0 0 1 0.965926 -0.258819 0 0.258819 0.965926 0 4740.dat
1 42 0 -1.79 11.977 1 0 0 0 0.965926 -0.258819 0 0.258819 0.965926 fig_mtron_recline1.ldr
1 0 -28 -14 -12 0.25 -0.258819 -0.933013 -0.42495 0.836516 -0.345916 0.87001 0.482963 0.0991439 3962a.dat
0
