0 6861 Super Vehicle
0 Name: 6861_Super Vehicle.ldr
0 Author: LEGO
0 bassfoundation@yahoo.com
0 !COLOUR SandBlue CODE 64 VALUE #88A2B5 EDGE 0 ALPHA 255
0 !COLOUR Chrome CODE 65 VALUE #A1A29B EDGE 0 ALPHA 255
0 !COLOUR Silver CODE 66 VALUE #C7C7C7 EDGE 0 ALPHA 255
0 !COLOUR Gold CODE 67 VALUE #BBBD39 EDGE 0 ALPHA 255
0 ROTATION CENTER 0 0 0 1 "Custom" 
0 ROTATION CONFIG 0 0
1 0 0 25.468 -12.902 0 0 1 -0.173648 0.984808 0 -0.984808 -0.173648 0 3795.dat
1 0 0 11.576 -91.686 -1 0 0 0 0.984808 -0.173648 0 -0.173648 -0.984808 3832.dat
1 15 -40 -10.323 -77.671 -1 0 0 0 0.984808 -0.173648 0 -0.173648 -0.984808 3004.dat
1 15 40 -10.323 -77.671 -1 0 0 0 0.984808 -0.173648 0 -0.173648 -0.984808 3004.dat
1 0 0 -5.113 -48.127 0 0 -1 0.173648 0.984808 0 0.984808 -0.173648 0 3007.dat
1 0 80 -12.06 -87.519 1 0 0 0 0.984808 0.173648 0 -0.173648 0.984808 4730.dat
1 0 -80 -12.06 -87.519 -1 0 0 0 0.984808 -0.173648 0 -0.173648 -0.984808 4730.dat
1 0 -40 -13.796 -97.367 1 0 0 0 0.984808 0.173648 0 -0.173648 0.984808 3747b.dat
1 15 40 -13.796 -97.367 1 0 0 0 0.984808 0.173648 0 -0.173648 0.984808 3747b.dat
1 0 0 10.515 40.507 -1 0 0 0 0.984808 -0.173648 0 -0.173648 -0.984808 3660.dat
1 0 60 -19.938 -86.129 -1 0 0 0 0.984808 -0.173648 0 -0.173648 -0.984808 3020.dat
1 0 -40 -19.938 -86.129 -1 0 0 0 0.984808 -0.173648 0 -0.173648 -0.984808 3795.dat
1 0 -40 -2.574 12.351 1 0 0 0 0.984808 0.173648 0 -0.173648 0.984808 3934.dat
1 0 40 -2.574 12.351 1 0 0 0 0.984808 0.173648 0 -0.173648 0.984808 3933.dat
1 15 0 -28.62 -135.37 1 0 0 0 0.984808 0.173648 0 -0.173648 0.984808 2419.dat
1 15 0 -26.208 16.519 0 0 1 -0.173648 0.984808 0 -0.984808 -0.173648 0 3007.dat
1 0 -50 -5.371 134.696 0 0 1 -0.173648 0.984808 0 -0.984808 -0.173648 0 3009.dat
1 0 -30 25.21 169.92 1 0 0 0 0.984808 0.173648 0 -0.173648 0.984808 3021.dat
1 0 -20 1.576 174.088 1 0 0 0 0.984808 0.173648 0 -0.173648 0.984808 4730.dat
1 0 0 11.424 172.351 0 0 -1 0.173648 0.984808 0 0.984808 -0.173648 0 2593.dat
1 0 -30 -6.303 175.477 1 0 0 0 0.984808 0.173648 0 -0.173648 0.984808 3021.dat
1 0 -50 -14.181 176.866 0 0 1 -0.173648 0.984808 0 -0.984808 -0.173648 0 3023.dat
1 0 -50 -22.06 178.256 0 0 1 -0.173648 0.984808 0 -0.984808 -0.173648 0 3023.dat
1 0 50 -5.371 134.696 0 0 1 -0.173648 0.984808 0 -0.984808 -0.173648 0 3009.dat
1 0 50 -22.06 178.256 0 0 1 -0.173648 0.984808 0 -0.984808 -0.173648 0 3004.dat
1 15 0 -23.668 76.997 0 0 1 -0.173648 0.984808 0 -0.984808 -0.173648 0 3022.dat
1 15 -10 -31.29 -104.436 0 0 1 -0.173648 0.984808 0 -0.984808 -0.173648 0 3023.dat
1 15 10 -31.29 -104.436 0 0 1 -0.173648 0.984808 0 -0.984808 -0.173648 0 3023.dat
1 0 0 -39.972 -153.677 0 0 1 -0.173648 0.984808 0 -0.984808 -0.173648 0 3021.dat
1 0 40 -34.762 -124.133 0 0 1 -0.173648 0.984808 0 -0.984808 -0.173648 0 3795.dat
1 0 -40 -34.762 -124.133 0 0 1 -0.173648 0.984808 0 -0.984808 -0.173648 0 3795.dat
1 15 -50 -53.188 -90.421 0 0 1 -0.173648 0.984808 0 -0.984808 -0.173648 0 3005.dat
1 15 50 -53.188 -90.421 0 0 1 -0.173648 0.984808 0 -0.984808 -0.173648 0 3005.dat
1 0 0 -53.188 -90.421 -1 0 0 0 0.984808 -0.173648 0 -0.173648 -0.984808 3010.dat
1 0 -40 -49.715 -70.725 -1 0 0 0 0.984808 -0.173648 0 -0.173648 -0.984808 3660.dat
1 0 40 -49.715 -70.725 -1 0 0 0 0.984808 -0.173648 0 -0.173648 -0.984808 3660.dat
1 0 0 -27.141 57.3 1 0 0 0 0.984808 0.173648 0 -0.173648 0.984808 4475.dat
1 0 -40 -56.661 -110.117 1 0 0 0 0.984808 0.173648 0 -0.173648 0.984808 3039.dat
1 0 0 -56.661 -110.117 1 0 0 0 0.984808 0.173648 0 -0.173648 0.984808 3039.dat
1 0 40 -56.661 -110.117 1 0 0 0 0.984808 0.173648 0 -0.173648 0.984808 3039.dat
1 15 10 -49.587 -162.136 0 0 -1 0.173648 0.984808 0 0.984808 -0.173648 0 3069bp68.dat
1 15 -10 -49.587 -162.136 0 0 1 -0.173648 0.984808 0 -0.984808 -0.173648 0 3069bp68.dat
1 15 0 -55.986 31.924 1 0 0 0 0.984808 0.173648 0 -0.173648 0.984808 3298.dat
1 0 0 -49.04 71.315 0 0 1 -0.173648 0.984808 0 -0.984808 -0.173648 0 3002.dat
1 0 -50 -29.939 179.645 0 0 1 -0.173648 0.984808 0 -0.984808 -0.173648 0 2452.dat
1 0 -100 -29.939 179.645 1 0 0 0 0.984808 0.173648 0 -0.173648 0.984808 4276b.dat
1 0 -100 -22.06 178.256 -1 0 0 0 0.984808 -0.173648 0 -0.173648 -0.984808 4276b.dat
1 0 -150 -22.06 178.256 0 0 -1 0.173648 0.984808 0 0.984808 -0.173648 0 2452.dat
1 0 -150 -29.939 179.645 0 0 -1 0.173648 0.984808 0 0.984808 -0.173648 0 4590.dat
1 0 -100 -37.817 181.034 -1 0 0 0 0.984808 -0.173648 0 -0.173648 -0.984808 4276b.dat
1 0 -150 -37.817 181.034 0 0 -1 0.173648 0.984808 0 0.984808 -0.173648 0 2452.dat
1 15 -100 -45.696 182.423 1 0 0 0 0.984808 0.173648 0 -0.173648 0.984808 2412b.dat
1 42 -160 -43.027 151.489 1 0 0 0 0.984808 0.173648 0 -0.173648 0.984808 4073.dat
1 15 -150 -47.432 172.575 1 0 0 0 0.984808 0.173648 0 -0.173648 0.984808 2555.dat
1 15 -160 -48.365 213.356 1 0 0 0 0.984808 0.173648 0 -0.173648 0.984808 4070.dat
1 0 50 -29.939 179.645 0 0 -1 0.173648 0.984808 0 0.984808 -0.173648 0 2452.dat
1 0 100 -29.939 179.645 -1 0 0 0 0.984808 -0.173648 0 -0.173648 -0.984808 4276b.dat
1 0 100 -22.06 178.256 1 0 0 0 0.984808 0.173648 0 -0.173648 0.984808 4276b.dat
1 0 150 -22.06 178.256 0 0 1 -0.173648 0.984808 0 -0.984808 -0.173648 0 2452.dat
1 0 150 -29.939 179.645 0 0 1 -0.173648 0.984808 0 -0.984808 -0.173648 0 4590.dat
1 0 100 -37.817 181.034 1 0 0 0 0.984808 0.173648 0 -0.173648 0.984808 4276b.dat
1 0 150 -37.817 181.034 0 0 1 -0.173648 0.984808 0 -0.984808 -0.173648 0 2452.dat
1 15 100 -45.696 182.423 -1 0 0 0 0.984808 -0.173648 0 -0.173648 -0.984808 2412b.dat
1 42 160 -43.027 151.489 -1 0 0 0 0.984808 -0.173648 0 -0.173648 -0.984808 4073.dat
1 15 150 -47.432 172.575 -1 0 0 0 0.984808 -0.173648 0 -0.173648 -0.984808 2555.dat
1 15 160 -40.486 211.967 1 0 0 0 0.984808 0.173648 0 -0.173648 0.984808 4070.dat
1 0 0 -51.709 102.25 1 0 0 0 0.984808 0.173648 0 -0.173648 0.984808 4475.dat
1 0 40 -98.723 -72.238 0 0 1 -0.173648 0.984808 0 -0.984808 -0.173648 0 2434.dat
1 0 -40 -98.723 -72.238 0 0 1 -0.173648 0.984808 0 -0.984808 -0.173648 0 2434.dat
1 0 0 -80.554 76.872 1 0 0 0 0.984808 0.173648 0 -0.173648 0.984808 3298.dat
1 0 10 -77.081 96.568 0 0 -1 0.173648 0.984808 0 0.984808 -0.173648 0 3040b.dat
1 0 -10 -77.081 96.568 0 0 1 -0.173648 0.984808 0 -0.984808 -0.173648 0 3040b.dat
1 0 -50 -63.189 175.353 1 0 0 0 0.984808 0.173648 0 -0.173648 0.984808 4286.dat
1 0 50 -63.189 175.353 1 0 0 0 0.984808 0.173648 0 -0.173648 0.984808 4286.dat
1 0 84 -84.235 -105.255 0 -1 0 -0.984808 0 -0.173648 0.173648 0 -0.984808 3937.dat
1 0 -84 -84.235 -105.255 0 1 0 0.984808 0 -0.173648 -0.173648 0 -0.984808 3937.dat
1 0 108 -72.081 -36.318 0 -1 0 0.984808 0 0.173648 -0.173648 0 0.984808 3479.dat
1 0 116 -72.081 -36.318 0 -1 0 -0.173648 0 0.984808 -0.984808 0 -0.173648 3956.dat
1 0 136 -91.776 -32.845 1 0 0 0 0.984808 0.173648 0 -0.173648 0.984808 4229.dat
1 42 136 -74.68 -85.616 1 0 0 0 0.173648 -0.984808 0 0.984808 0.173648 4073.dat
1 0 -108 -72.081 -36.318 0 1 0 -0.984808 0 0.173648 0.173648 0 0.984808 3479.dat
1 0 -116 -72.081 -36.318 0 1 0 0.173648 0 0.984808 0.984808 0 -0.173648 3956.dat
1 0 -136 -91.776 -32.845 1 0 0 0 0.984808 0.173648 0 -0.173648 0.984808 4229.dat
1 42 -136 -74.68 -85.616 1 0 0 0 0.173648 -0.984808 0 0.984808 0.173648 4073.dat
1 0 0 -76.277 147.198 1 0 0 0 0.984808 0.173648 0 -0.173648 0.984808 4475.dat
1 0 0 -106.601 -70.849 0 0 1 -0.173648 0.984808 0 -0.984808 -0.173648 0 2539.dat
1 0 30 -92.476 -2.259 0 -1 0 -0.642788 0 0.766044 -0.766044 0 -0.642788 3959.dat
1 42 30 -110.86 13.167 0 0 -1 -0.642788 -0.766044 0 -0.766044 0.642788 0 4740.dat
1 0 -30 -92.476 -2.259 0 1 0 0.642788 0 0.766044 0.766044 0 -0.642788 3959.dat
1 42 -30 -110.86 13.167 0 0 -1 -0.642788 -0.766044 0 -0.766044 0.642788 0 4740.dat
1 0 0 -114.48 -69.46 0 0 1 -0.173648 0.984808 0 -0.984808 -0.173648 0 3795.dat
1 0 0 -105.122 121.821 1 0 0 0 0.984808 0.173648 0 -0.173648 0.984808 3298.dat
1 0 10 -101.649 141.518 0 0 -1 0.173648 0.984808 0 0.984808 -0.173648 0 3040b.dat
1 0 -10 -101.649 141.518 0 0 1 -0.173648 0.984808 0 -0.984808 -0.173648 0 3040b.dat
1 0 0 -118.885 -48.374 1 0 0 0 0.984808 0.173648 0 -0.173648 0.984808 3956.dat
1 0 0 -144.833 -80.354 1 0 0 0 0.173648 -0.984808 0 0.984808 0.173648 4859.dat
1 15 0 -136.373 -89.969 1 0 0 0 0.173648 -0.984808 0 0.984808 0.173648 2412b.dat
1 15 0 -156.07 -86.496 1 0 0 0 0.173648 -0.984808 0 0.984808 0.173648 3069bp13.dat
1 15 0 -142.054 -64.597 -1 0 0 0 0.173648 0.984808 0 0.984808 -0.173648 4345b.dat
1 0 0 -142.054 -64.597 -1 0 0 0 0.173648 0.984808 0 0.984808 -0.173648 4346p60.dat
1 0 0 -133.719 -17.327 -1 0 0 0 0.173648 0.984808 0 0.984808 -0.173648 3479.dat
1 15 -10 -111.264 133.059 0 0 -1 0.173648 0.984808 0 0.984808 -0.173648 0 3023.dat
1 15 10 -111.264 133.059 0 0 -1 0.173648 0.984808 0 0.984808 -0.173648 0 3023.dat
1 0 0 -35.566 -174.762 1 0 0 0 0.984808 0.173648 0 -0.173648 0.984808 3710.dat
1 15 50 -33.83 -164.914 0 0 1 -0.173648 0.984808 0 -0.984808 -0.173648 0 4276b.dat
1 15 -50 -33.83 -164.914 0 0 1 -0.173648 0.984808 0 -0.984808 -0.173648 0 4276b.dat
1 0 -50 -56.994 -215.662 0 0 1 0.819152 -0.573576 0 0.573576 0.819152 0 4275b.dat
1 0 50 -56.994 -215.662 0 0 1 0.819152 -0.573576 0 0.573576 0.819152 0 4275b.dat
1 15 0 -25.951 -166.303 -1 0 0 0 0.984808 -0.173648 0 -0.173648 -0.984808 3795.dat
1 0 20 -56.994 -215.662 -1 0 0 0 -0.573576 0.819152 0 0.819152 0.573576 3022.dat
1 0 -20 -56.994 -215.662 -1 0 0 0 -0.573576 0.819152 0 0.819152 0.573576 3022.dat
1 0 -40 -60.598 -227.952 -1 0 0 0 -0.573576 0.819152 0 0.819152 0.573576 2412b.dat
1 15 -40 -44.213 -216.48 -1 0 0 0 -0.573576 0.819152 0 0.819152 0.573576 2412b.dat
1 0 0 -60.598 -227.952 -1 0 0 0 -0.573576 0.819152 0 0.819152 0.573576 2412b.dat
1 15 0 -44.213 -216.48 -1 0 0 0 -0.573576 0.819152 0 0.819152 0.573576 2412b.dat
1 0 40 -60.598 -227.952 -1 0 0 0 -0.573576 0.819152 0 0.819152 0.573576 2412b.dat
1 15 40 -44.213 -216.48 -1 0 0 0 -0.573576 0.819152 0 0.819152 0.573576 2412b.dat
1 0 0 -53.391 -203.374 -1 0 0 0 -0.573576 0.819152 0 0.819152 0.573576 3666.dat
1 42 40 -69.776 -214.845 -1 0 0 0 -0.573576 0.819152 0 0.819152 0.573576 2466.dat
1 42 0 -69.776 -214.845 -1 0 0 0 -0.573576 0.819152 0 0.819152 0.573576 2466.dat
1 42 -40 -69.776 -214.845 -1 0 0 0 -0.573576 0.819152 0 0.819152 0.573576 2466.dat
1 0 40 -66.171 -202.557 -1 0 0 0 -0.573576 0.819152 0 0.819152 0.573576 4032a.dat
1 0 0 -66.171 -202.557 -1 0 0 0 -0.573576 0.819152 0 0.819152 0.573576 4032a.dat
1 0 -40 -66.171 -202.557 -1 0 0 0 -0.573576 0.819152 0 0.819152 0.573576 4032a.dat
1 0 40 -74.859 -174.457 1 0 0 0 -0.819152 0.573576 0 -0.573576 -0.819152 2516.dat
1 0 0 -147.782 -103.442 1 0 0 0 -0.573576 -0.819152 0 0.819152 -0.573576 3666.dat
1 0 0 -88.095 149.282 -1 0 0 0 0.173648 0.984808 0 0.984808 -0.173648 3956.dat
1 15 0 -86.706 157.161 -1 0 0 0 0.173648 0.984808 0 0.984808 -0.173648 4591.dat
1 0 0 -141.041 148.463 1 0 0 0 0.984808 0.173648 0 -0.173648 0.984808 3937.dat
1 15 0 -132.929 136.879 1 0 0 0 0.173648 -0.984808 0 0.984808 0.173648 3938.dat
1 15 -10 -137.097 113.244 1 0 0 0 0.173648 -0.984808 0 0.984808 0.173648 4589.dat
1 15 10 -137.097 113.244 1 0 0 0 0.173648 -0.984808 0 0.984808 0.173648 4589.dat
1 42 108 -92.918 -154.496 0 -1 0 0.984808 0 0.173648 -0.173648 0 0.984808 2418a.dat
1 0 116 -92.918 -154.496 0 -1 0 0.984808 0 0.173648 -0.173648 0 0.984808 4032a.dat
1 0 124 -92.918 -154.496 0 -1 0 0.984808 0 0.173648 -0.173648 0 0.984808 4032a.dat
1 15 132 -92.918 -154.496 0 -1 0 -0.984808 0 -0.173648 0.173648 0 -0.984808 4150p04.dat
1 42 -108 -92.918 -154.496 0 1 0 -0.984808 0 0.173648 0.173648 0 0.984808 2418a.dat
1 0 -116.001 -92.918 -154.496 0 1 0 -0.984808 0 0.173648 0.173648 0 0.984808 4032a.dat
1 0 -124 -92.918 -154.496 0 1 0 -0.984808 0 0.173648 0.173648 0 0.984808 4032a.dat
1 15 -132 -92.918 -154.496 0 1 0 0.984808 0 -0.173648 -0.173648 0 -0.984808 4150p04.dat
1 42 150 -52.763 182.654 0 0 1 0.984808 0.173648 0 -0.173648 0.984808 0 2569.dat
1 42 -150 -52.763 182.654 0 0 1 0.984808 0.173648 0 -0.173648 0.984808 0 2569.dat
1 42 160 -28.901 220.079 0 0 1 0.984808 0.173648 0 -0.173648 0.984808 0 3960.dat
1 42 -160 -28.901 220.079 0 0 1 0.984808 0.173648 0 -0.173648 0.984808 0 3960.dat
1 0 -100 -2.212 -89.255 0 0 1 0.984808 0.173648 0 -0.173648 0.984808 0 2593.dat
1 0 100 -2.212 -89.255 0 0 -1 0.984808 -0.173648 0 -0.173648 -0.984808 0 2593.dat
1 15 40 -61 -152 1 0 0 0 0.984808 0.173648 0 -0.173648 0.984808 fig_blacktronII.ldr
1 15 -40 -61 -152 1 0 0 0 0.984808 0.173648 0 -0.173648 0.984808 fig_blacktronII.ldr
1 15 223 -61 -43 0.965926 0 0.258819 0 1 0 -0.258819 0 0.965926 6861_jetpack.ldr
0
