0 6862 Secret Space Voyager
0 Name: 6862_Secret_Space_Voyager.ldr
0 Author: LEGO
0 bassfoundation@yahoo.com
0 !COLOUR SandBlue CODE 64 VALUE #88A2B5 EDGE 0 ALPHA 255
0 !COLOUR Chrome CODE 65 VALUE #A1A29B EDGE 0 ALPHA 255
0 !COLOUR Silver CODE 66 VALUE #C7C7C7 EDGE 0 ALPHA 255
0 !COLOUR Gold CODE 67 VALUE #BBBD39 EDGE 0 ALPHA 255
0 ROTATION CENTER 0 0 0 1 "Custom" 
0 ROTATION CONFIG 0 0
1 4 0 0 0 0 0 1 0 1 0 -1 0 0 3832.dat
1 4 -30 0 70 0 0 1 0 1 0 -1 0 0 3024.dat
1 4 30 0 70 0 0 1 0 1 0 -1 0 0 3024.dat
1 4 0 0 120 -1 0 0 0 1 0 0 0 -1 6104.dat
1 0 10 -24 220 0 0 -1 0 1 0 1 0 0 2465.dat
1 0 -10 -24 220 0 0 -1 0 1 0 1 0 0 2465.dat
1 4 30 -24 80 0 0 -1 0 1 0 1 0 0 3039.dat
1 4 -30 -24 80 0 0 1 0 1 0 -1 0 0 3039.dat
1 4 -10 -24 50 0 0 1 0 1 0 -1 0 0 3665.dat
1 4 10 -24 50 0 0 -1 0 1 0 1 0 0 3665.dat
1 0 0 -32 50 1 0 0 0 1 0 0 0 1 3069b.dat
1 4 0 -32 90 0 0 1 0 1 0 -1 0 0 3021.dat
1 4 30 -24 120 0 0 -1 0 1 0 1 0 0 3747b.dat
1 4 -30 -24 120 0 0 1 0 1 0 -1 0 0 3747b.dat
1 4 0 -24 20 0 0 1 0 1 0 -1 0 0 4871.dat
1 4 0 -24 -40 0 0 1 0 1 0 -1 0 0 4854.dat
1 4 0 -24 -90 1 0 0 0 1 0 0 0 1 4855.dat
1 4 30 -32 20 0 0 1 0 1 0 -1 0 0 3666.dat
1 4 -30 -32 20 0 0 1 0 1 0 -1 0 0 3666.dat
1 0 100 -32 100 0 0 -1 0 1 0 1 0 0 3934.dat
1 0 100 -32 -80 0 0 -1 0 1 0 1 0 0 3934.dat
1 0 -100 -32 100 0 0 1 0 1 0 -1 0 0 3933.dat
1 0 -100 -32 -80 0 0 1 0 1 0 -1 0 0 3933.dat
1 4 0 -32 -90 -1 0 0 0 1 0 0 0 -1 3004.dat
1 0 0 -40 120 -1 0 0 0 1 0 0 0 -1 3034.dat
1 0 40 -40 20 0 0 -1 0 1 0 1 0 0 3034.dat
1 0 -40 -40 20 0 0 -1 0 1 0 1 0 0 3034.dat
1 7 0 -40 80 0 0 -1 0 1 0 1 0 0 3022.dat
1 4 -30 -40 -80 0 0 -1 0 1 0 1 0 0 3023.dat
1 4 30 -40 -80 0 0 -1 0 1 0 1 0 0 3023.dat
1 0 0 8 -80 0 0 -1 0 1 0 1 0 0 4032a.dat
1 4 0 8 120 0 0 -1 0 1 0 1 0 0 3031.dat
1 4 0 0 320 -1 0 0 0 1 0 0 0 -1 4859.dat
1 0 0 0 380 -1 0 0 0 1 0 0 0 -1 3597.dat
1 0 0 -60 400 1 0 0 0 0 -1 0 1 0 3315.dat
1 4 -50 8 60 0 0 -1 0 1 0 1 0 0 3023.dat
1 4 50 8 60 0 0 -1 0 1 0 1 0 0 3023.dat
1 7 0 8 340 -1 0 0 0 1 0 0 0 -1 4859.dat
1 0 0 8 400 -1 0 0 0 1 0 0 0 -1 4032a.dat
1 0 50 -40 -80 0 0 -1 0 1 0 1 0 0 4623.dat
1 0 -50 -40 -80 0 0 1 0 1 0 -1 0 0 4623.dat
1 4 -170 -40 130 0 0 1 0 1 0 -1 0 0 4081b.dat
1 4 170 -40 130 0 0 -1 0 1 0 1 0 0 4081b.dat
1 0 -150 -40 130 -1 0 0 0 1 0 0 0 -1 4085a.dat
1 0 150 -40 130 -1 0 0 0 1 0 0 0 -1 4085a.dat
1 4 0 -48 -140 1 0 0 0 1 0 0 0 1 2336p68.dat
1 4 30 -64 80 0 0 -1 0 1 0 1 0 0 3039.dat
1 4 -30 -64 80 0 0 1 0 1 0 -1 0 0 3039.dat
1 4 0 -64 90 0 0 1 0 1 0 -1 0 0 3002.dat
1 4 -60 -88 120 0 0 1 0 1 0 -1 0 0 4345b.dat
1 4 60 -88 120 0 0 -1 0 1 0 1 0 0 4345b.dat
1 7 60 -88 120 0 0 -1 0 1 0 1 0 0 4346p68.dat
1 7 -60 -88 120 0 0 1 0 1 0 -1 0 0 4346p68.dat
1 4 0 -48 -90 -1 0 0 0 1 0 0 0 -1 3666.dat
1 4 70 -48 -50 1 0 0 0 1 0 0 0 1 2450.dat
1 4 -70 -48 -50 0 0 1 0 1 0 -1 0 0 2450.dat
1 4 -160 -48 130 -1 0 0 0 1 0 0 0 -1 3069b.dat
1 4 160 -48 130 -1 0 0 0 1 0 0 0 -1 3069b.dat
1 4 50 -48 20 0 0 -1 0 1 0 1 0 0 4315.dat
1 7 135.684 -36.589 19.999 0 -0.965926 0.258819 0 0.258819 0.965926 -1 0 0 2582p68.dat
1 7 140.861 -17.27 19.999 0 -0.965926 -0.258819 0 0.258819 -0.965926 1 0 0 2540.dat
1 0 130.545 -24.859 20 0.258819 -0.965926 0 0.965926 0.258819 0 0 0 1 4229.dat
1 42 105.431 -18.13 -27.999 0.258819 0 0.965926 0.965926 0 -0.258819 0 1 0 4073.dat
1 0 163.283 2.885 16 0 0 1 1 0 0 0 1 0 4085a.dat
1 0 163.282 2.884 -8 0 0 1 1 0 0 0 1 0 4589.dat
1 42 163.282 2.884 24 0 0 1 1 0 0 0 1 0 4589.dat
1 4 146 -29 20 0 -0.965926 -0.258819 0 0.258819 -0.965926 1 0 0 3068bp68.dat
1 4 -50 -48 20 0 0 1 0 1 0 -1 0 0 4315.dat
1 7 -137 -37 20 0 0.965926 -0.258819 0 0.258819 0.965926 1 0 0 2582p68.dat
1 0 -130.861 -25.27 20 0.258819 0.965926 0 -0.965926 0.258819 0 0 0 1 4229.dat
1 7 -141.176 -17.681 20 0 0.965926 0.258819 0 0.258819 -0.965926 -1 0 0 2540.dat
1 42 -105.747 -18.541 -28 -0.258819 0 0.965926 0.965926 0 0.258819 0 1 0 4073.dat
1 0 -163.597 2.473 16 0 0 -1 -1 0 0 0 1 0 4085a.dat
1 0 -163.597 2.473 -8 0 0 -1 -1 0 0 0 1 0 4589.dat
1 42 -163.597 2.473 24 0 0 -1 -1 0 0 0 1 0 4589.dat
1 4 -146.316 -29.411 20 0 0.965926 0.258819 0 0.258819 -0.965926 -1 0 0 3068bp68.dat
1 4 50 -112 120 0 0 -1 0 1 0 1 0 0 3039p68.dat
1 4 -50 -112 120 0 0 1 0 1 0 -1 0 0 3039p68.dat
1 15 0 -56 -90 -1 0 0 0 1 0 0 0 -1 3069bp68.dat
1 15 30 -48 10 0 0 1 0 1 0 -1 0 0 3070bp06.dat
1 0 10 -64 -110 0 0 -1 0 1 0 1 0 0 4070.dat
1 0 -10 -64 -110 0 0 1 0 1 0 -1 0 0 4070.dat
1 0 -150 -37 149 0 0 1 0 1 0 -1 0 0 3962a.dat
1 0 150 -37 149 0 0 1 0 1 0 -1 0 0 3962a.dat
1 4 -190 -38 142 0 0 1 -1 0 0 0 -1 0 4073.dat
1 4 190 -38 142 0 0 1 -1 0 0 0 -1 0 4073.dat
1 0 0 -72 -130 -1 0 0 0 1 0 0 0 -1 3004.dat
1 4 0 -112 80 -1 0 0 0 1 0 0 0 -1 2434.dat
1 4 0 -72 -110 -1 0 0 0 1 0 0 0 -1 2412b.dat
1 4 -30 -72 -70 0 0 1 0 1 0 -1 0 0 3045.dat
1 4 30 -72 -70 1 0 0 0 1 0 0 0 1 3045.dat
1 0 50 -72 -40 0 0 -1 0 1 0 1 0 0 3937.dat
1 0 50 -72 40 0 0 -1 0 1 0 1 0 0 3937.dat
1 0 -50 -72 -40 0 0 1 0 1 0 -1 0 0 3937.dat
1 0 -50 -72 40 0 0 1 0 1 0 -1 0 0 3937.dat
1 4 55 -71 -40 0 -0.5 0.866025 0 0.866025 0.5 -1 0 0 3938.dat
1 4 55 -71 40 0 -0.5 0.866025 0 0.866025 0.5 -1 0 0 3938.dat
1 4 -55 -70.287 40 0 0.5 0.866025 0 0.866025 -0.5 -1 0 0 3938.dat
1 4 -55 -70.287 -40 0 0.5 0.866025 0 0.866025 -0.5 -1 0 0 3938.dat
1 0 0 -92 108 1 0 0 0 0 1 0 -1 0 2609.dat
1 0 0 -92 114 1 0 0 0 -1 0 0 0 -1 2959c01.dat
1 0 0 -92 114 1 0 0 0 -1 0 0 0 -1 2959.dat
1 4 59 -77.928 0 0 -0.5 -0.866025 0 0.866025 -0.5 1 0 0 3666.dat
1 0 63 -84.857 20 0 -0.5 -0.866025 0 0.866025 -0.5 1 0 0 3023.dat
1 7 71 -98.713 20 -0.866025 -0.5 0 -0.5 0.866025 0 0 0 -1 4595.dat
1 4 -59 -77.216 0 0 0.5 -0.866025 0 0.866025 0.5 1 0 0 3666.dat
1 0 -63 -84.143 20 0 0.5 -0.866025 0 0.866025 0.5 1 0 0 3023.dat
1 7 -71 -98 20 -0.866025 0.5 0 0.5 0.866025 0 0 0 -1 4595.dat
1 42 0 -124 56 1 0 0 0 1 0 0 0 1 2507.dat
1 4 0 -128 70 1 0 0 0 1 0 0 0 1 4315.dat
1 4 0 -128 110 1 0 0 0 1 0 0 0 1 2419.dat
1 4 0 -120 90 1 0 0 0 1 0 0 0 1 2419.dat
1 4 0 -120 130 1 0 0 0 1 0 0 0 1 3666.dat
1 4 0 -89.999 407.999 1 0 0 0 0 -1 0 1 0 3023.dat
1 4 0 -29.999 408 1 0 0 0 0 -1 0 1 0 3023.dat
1 4 0 -59.999 408 1 0 0 0 0 -1 0 1 0 3022.dat
1 4 0 -80.001 416 0 0 1 1 0 0 0 1 0 3795.dat
1 0 0 -130 407.999 1 0 0 0 0 -1 0 1 0 4590.dat
1 4 0 -110 392 1 0 0 0 0 -1 0 1 0 3004.dat
1 4 0 -110 383.999 1 0 0 0 0 -1 0 1 0 3023.dat
1 4 0 -130 384 1 0 0 0 0 -1 0 1 0 3700.dat
1 4 0 -120.001 376 1 0 0 0 0 -1 0 1 0 3068b.dat
1 0 0 -148 393.999 1 0 0 0 1 0 0 0 1 2476a.dat
1 0 0 -156 394 1 0 0 0 1 0 0 0 1 2609.dat
1 0 0 -162 394 1 0 0 0 0 -1 0 1 0 2959c01.dat
1 0 0 -162 394 1 0 0 0 0 -1 0 1 0 2959.dat
1 0 0 -80 392 1 0 0 0 0 -1 0 1 0 2609.dat
1 0 0 -80 386.001 1 0 0 0 -1 0 0 0 -1 2959c01.dat
1 0 0 -80 386.001 1 0 0 0 -1 0 0 0 -1 2959.dat
1 0 92 -37 -120 0 -1 0 1 0 0 0 0 1 2340.dat
1 0 -92 -37 -120 0 1 0 -1 0 0 0 0 1 2340.dat
1 7 -108 -37 -120 0 1 0 -1 0 0 0 0 1 4595.dat
1 7 108 -37 -120 0 -1 0 1 0 0 0 0 1 4595.dat
1 42 -98 -37 -156 0 0 -1 1 0 0 0 -1 0 4589.dat
1 42 98 -37 -156 0 0 -1 1 0 0 0 -1 0 4589.dat
1 4 -30 -136 120 0 0 -1 0 1 0 1 0 0 3023.dat
1 4 30 -136 120 0 0 -1 0 1 0 1 0 0 3023.dat
1 4 0 -136 100 0 0 -1 0 1 0 1 0 0 3020.dat
1 0 0 -144 140 1 0 0 0 1 0 0 0 1 6104.dat
1 0 0 -152 140 1 0 0 0 1 0 0 0 1 3020.dat
1 0 0 -160 140 1 0 0 0 1 0 0 0 1 3022.dat
1 4 0 -168 130 1 0 0 0 1 0 0 0 1 3794b.dat
1 4 0 -168 150 1 0 0 0 1 0 0 0 1 3794b.dat
1 4 0 -168 110 1 0 0 0 1 0 0 0 1 3298p68.dat
1 4 0 -176 110 1 0 0 0 1 0 0 0 1 3794b.dat
1 4 -50 -216 220 1 0 0 0 1 0 0 0 1 2340.dat
1 4 50 -216 220 1 0 0 0 1 0 0 0 1 2340.dat
1 0 50 -232 220 1 0 0 0 1 0 0 0 1 4595.dat
1 0 -50 -232 220 1 0 0 0 1 0 0 0 1 4595.dat
1 42 -192 -38 118 1 0 0 0 0 -1 0 1 0 2569.dat
1 42 192 -38 118 1 0 0 0 0 -1 0 1 0 2569.dat
1 42 -192 -38 150 -1 0 0 0 0 -1 0 -1 0 4740.dat
1 42 192 -38 150 -1 0 0 0 0 -1 0 -1 0 4740.dat
1 42 50 -223 184 -1 0 0 0 0 -1 0 -1 0 4740.dat
1 42 -50 -223 184 -1 0 0 0 0 -1 0 -1 0 4740.dat
1 4 0 -176 140 0 0 -1 0 1 0 1 0 0 4276b.dat
1 4 0 -174.769 189.281 1 0 0 0 0.99863 0.052336 0 -0.052336 0.99863 2452.dat
1 0 0 -192 120 0 0 -1 0 1 0 1 0 0 4531.dat
1 4 0 -192 120 0 0 -1 0 1 0 1 0 0 4275b.dat
1 0 0 -166.256 198.849 0 0 -1 0.052336 0.99863 0 0.99863 -0.052336 0 4032a.dat
1 0 0 -170.059 279.158 0 0 -1 0.052336 0.99863 0 0.99863 -0.052336 0 3034.dat
1 0 0 -158.931 338.657 0 0 -1 0.052336 0.99863 0 0.99863 -0.052336 0 4032a.dat
1 0 0 -179.094 259.603 0 0 -1 0.052336 0.99863 0 0.99863 -0.052336 0 3034.dat
1 0 0 -190.363 350.316 -1 0 0 0 0.99863 -0.052336 0 -0.052336 -0.99863 2458.dat
1 0 0 -183.421 329.928 -1 0 0 0 0.99863 -0.052336 0 -0.052336 -0.99863 3023.dat
1 4 0 -185.514 289.982 1 0 0 0 0.99863 0.052336 0 -0.052336 0.99863 2419.dat
1 0 -10 -192.98 300.386 0 0 1 -0.052336 0.99863 0 -0.99863 -0.052336 0 3023.dat
1 0 10 -192.98 300.386 0 0 1 -0.052336 0.99863 0 -0.99863 -0.052336 0 3023.dat
1 0 0 -191.409 330.343 -1 0 0 0 0.99863 -0.052336 0 -0.052336 -0.99863 3839b.dat
1 0 0 -199.923 320.777 0 0 -1 0.052336 0.99863 0 0.99863 -0.052336 0 3020.dat
1 4 0 -188.317 370.237 -1 0 0 0 0.99863 -0.052336 0 -0.052336 -0.99863 2607.dat
1 0 0 -177.969 395.732 -1 0 0 0 -0.052336 -0.99863 0 -0.99863 0.052336 2959c01.dat
1 0 0 -177.969 395.732 -1 0 0 0 -0.052336 -0.99863 0 -0.99863 0.052336 2959.dat
1 0 0 -245.762 363.234 1 0 0 0 0.99863 0.052336 0 -0.052336 0.99863 3479.dat
1 4 0 -269.207 374.477 1 0 0 0 0.99863 0.052336 0 -0.052336 0.99863 3937.dat
1 0 0 -259.745 363.966 1 0 0 0 0.052336 -0.99863 0 0.99863 0.052336 3938.dat
1 42 10 -260.999 340 1 0 0 0 0.052336 -0.99863 0 0.99863 0.052336 4589.dat
1 42 -10 -260.999 340 1 0 0 0 0.052336 -0.99863 0 0.99863 0.052336 4589.dat
1 0 0 -196 120 -1 0 0 0 -1 0 0 0 1 2516.dat
1 42 0 -204 92 -1 0 0 0 0 1 0 1 0 4740.dat
1 0 0 -204 68 -1 0 0 0 0 1 0 1 0 4589.dat
1 15 0 -220 110 -1 0 0 0 1 0 0 0 -1 3070bpc2.dat
1 4 0 -30 -48 1 0 0 0 1 0 0 0 1 fig_mtron.ldr
1 4 0 -30 28 1 0 0 0 1 0 0 0 1 fig_mtron.ldr
1 42 0 -50 254 1 0 0 0 1 0 0 0 1 6862_rover.ldr
1 0 66 -91 -18 1 0 0 0 0 -1 0 1 0 752.dat
1 0 34 -55 -110 0 -1 0 0 0 -1 1 0 0 752.dat
1 0 -66 -91 -18 1 0 0 0 0 -1 0 1 0 752.dat
1 0 -34 -55 -110 0 1 0 0 0 -1 -1 0 0 752.dat
1 0 66 -91 -18 0.930369 -0.366604 0.00382372 0 -0.0104295 -0.999946 0.366624 0.930319 -0.00970331 756.dat
1 0 66.9253 -90.9737 -20.3482 0.93418 -0.356627 0.0111482 0 -0.0312449 -0.999512 0.356802 0.933724 -0.0291884 754.dat
1 0 67.8276 -90.8946 -22.7106 0.938043 -0.34605 0.018015 0 -0.0519885 -0.998648 0.346519 0.936774 -0.0487674 754.dat
1 0 68.7052 -90.7628 -25.0861 0.941954 -0.334854 0.0243866 0 -0.0726351 -0.997359 0.335741 0.939466 -0.0684189 754.dat
1 0 69.5562 -90.5782 -27.4737 0.94591 -0.323019 0.0302241 0 -0.0931606 -0.995651 0.32443 0.941796 -0.0881216 754.dat
1 0 70.3788 -90.3409 -29.8722 0.949904 -0.31052 0.0354866 0 -0.113542 -0.993533 0.312541 0.943761 -0.107854 754.dat
1 0 71.1712 -90.0512 -32.2806 0.95393 -0.297332 0.0401309 0 -0.133757 -0.991014 0.300028 0.945358 -0.127595 754.dat
1 0 71.9315 -89.7092 -34.6978 0.957979 -0.283426 0.0441113 0 -0.153785 -0.988104 0.286838 0.946583 -0.147322 754.dat
1 0 72.6576 -89.3152 -37.1228 0.962039 -0.268768 0.0473784 0 -0.173603 -0.984816 0.272912 0.947431 -0.167013 754.dat
1 0 73.3474 -88.8696 -39.5546 0.966096 -0.25332 0.0498793 0 -0.193193 -0.981161 0.258184 0.947895 -0.186643 754.dat
1 0 73.9988 -88.3728 -41.992 0.970131 -0.237041 0.0515566 0 -0.212532 -0.977154 0.242583 0.947967 -0.206184 754.dat
1 0 74.6095 -87.8253 -44.4341 0.974121 -0.219882 0.0523478 0 -0.231599 -0.972811 0.226027 0.947636 -0.225606 754.dat
1 0 75.1769 -87.2276 -46.8796 0.978038 -0.20179 0.0521848 0 -0.250373 -0.96815 0.208429 0.946887 -0.244874 754.dat
1 0 75.6986 -86.5804 -49.3274 0.981845 -0.182705 0.0509931 0 -0.268827 -0.963188 0.189687 0.945701 -0.263947 754.dat
1 0 76.1717 -85.8843 -51.7762 0.985497 -0.162558 0.0486914 0 -0.286937 -0.95795 0.169694 0.944056 -0.282775 754.dat
1 0 76.5932 -85.1402 -54.2246 0.988938 -0.141276 0.0451909 0 -0.30467 -0.952458 0.148327 0.941922 -0.3013 754.dat
1 0 76.9602 -84.3489 -56.671 0.992099 -0.118774 0.0403957 0 -0.321993 -0.946742 0.125455 0.939262 -0.319449 754.dat
1 0 77.2691 -83.5115 -59.1137 0.994893 -0.0949599 0.0342021 0 -0.338864 -0.940835 0.100932 0.936031 -0.337134 754.dat
1 0 77.5163 -82.6292 -61.5508 0.997214 -0.0697336 0.0265003 0 -0.355235 -0.934777 0.0745992 0.932172 -0.354245 754.dat
1 0 77.698 -81.7033 -63.9803 0.998928 -0.0429849 0.0171756 0 -0.371048 -0.928614 0.0462893 0.927618 -0.370651 754.dat
1 0 77.8101 -80.7356 -66.3995 0.999875 -0.0145956 0.00611159 0 -0.386234 -0.922401 0.0158235 0.922285 -0.386186 754.dat
1 0 77.8482 -79.7279 -68.8059 0.999856 0.0155591 -0.0068049 0 -0.400709 -0.916205 -0.0169822 0.916073 -0.400651 754.dat
1 0 77.8076 -78.6823 -71.1963 0.998631 0.0476093 -0.0216765 0 -0.414372 -0.910108 -0.0523117 0.908862 -0.413804 754.dat
1 0 77.6834 -77.6013 -73.5672 0.995911 0.081686 -0.0385844 0 -0.427101 -0.904204 -0.0903402 0.900507 -0.425355 754.dat
1 0 77.4705 -76.488 -75.9146 0.991353 0.117916 -0.0575733 0 -0.438751 -0.898608 -0.131221 0.890838 -0.434958 754.dat
1 0 77.1635 -75.3456 -78.2342 0.984556 0.156415 -0.0786314 0 -0.44915 -0.893456 -0.175067 0.879658 -0.442213 754.dat
1 0 76.7569 -74.178 -80.5208 0.975063 0.197275 -0.101664 0 -0.458092 -0.888905 -0.22193 0.866738 -0.446668 754.dat
1 0 76.2452 -72.9898 -82.769 0.962363 0.240551 -0.126465 0 -0.465341 -0.885132 -0.271769 0.851818 -0.447826 754.dat
1 0 75.6228 -71.7859 -84.9728 0.945914 0.286245 -0.152679 0 -0.470625 -0.882333 -0.324418 0.834611 -0.44517 754.dat
1 0 74.8846 -70.5721 -87.1253 0.92517 0.33428 -0.179773 0 -0.473642 -0.880718 -0.379554 0.814813 -0.438199 754.dat
1 0 74.0254 -69.3548 -89.2195 0.899624 0.384478 -0.207008 0 -0.474066 -0.880489 -0.436665 0.79211 -0.426482 754.dat
1 0 73.0409 -68.1409 -91.2478 0.868874 0.436537 -0.233438 0 -0.471561 -0.881833 -0.495033 0.766202 -0.409728 754.dat
1 0 71.9274 -66.938 -93.2022 0.832686 0.490003 -0.257936 0 -0.465802 -0.884889 -0.553745 0.736835 -0.387867 754.dat
1 0 70.6823 -65.7544 -95.0745 0.791068 0.544267 -0.279256 0 -0.456504 -0.889722 -0.611728 0.703831 -0.361126 754.dat
1 0 69.3042 -64.5985 -96.8567 0.744322 0.598565 -0.29615 0 -0.443457 -0.896296 -0.667821 0.667133 -0.330075 754.dat
1 0 67.7931 -63.479 -98.5409 0.693061 0.652003 -0.307503 0 -0.426567 -0.904456 -0.720879 0.626843 -0.295637 754.dat
1 0 66.1509 -62.4046 -100.12 0.638184 0.703614 -0.312486 0 -0.405888 -0.913923 -0.769884 0.583251 -0.259031 754.dat
1 0 64.3811 -61.3837 -101.587 0.580803 0.752429 -0.310675 0 -0.381644 -0.924309 -0.814045 0.536841 -0.22166 754.dat
1 0 62.4892 -60.4241 -102.937 0.522133 0.797563 -0.302111 0 -0.354231 -0.935158 -0.852864 0.488277 -0.184956 754.dat
1 0 60.4826 -59.5329 -104.165 0.463381 0.838298 -0.287289 0 -0.324196 -0.94599 -0.886159 0.438354 -0.150226 754.dat
1 0 58.3703 -58.716 -105.27 0.405638 0.874145 -0.267073 0 -0.292192 -0.95636 -0.914034 0.387936 -0.118524 754.dat
1 0 56.1626 -57.978 -106.249 0.34981 0.904874 -0.242562 0 -0.258921 -0.965899 -0.936821 0.337881 -0.0905729 754.dat
1 0 53.8713 -57.3224 -107.105 0.296578 0.930504 -0.214951 0 -0.225078 -0.974341 -0.955009 0.288968 -0.0667529 754.dat
1 0 51.5086 -56.7509 -107.839 0.246402 0.951269 -0.185399 0 -0.191297 -0.981532 -0.969168 0.241852 -0.0471359 754.dat
1 0 49.0872 -56.2639 -108.454 0.199542 0.967562 -0.154938 0 -0.158118 -0.98742 -0.979889 0.197032 -0.0315512 754.dat
1 0 46.6199 -55.8607 -108.957 0.156091 0.979875 -0.124424 0 -0.125968 -0.992034 -0.987743 0.154847 -0.0196624 754.dat
1 0 44.1189 -55.5392 -109.352 0.116015 0.98874 -0.094515 0 -0.0951576 -0.995462 -0.993248 0.115488 -0.0110397 754.dat
1 0 41.5961 -55.2964 -109.647 0.0791925 0.994693 -0.0656865 0 -0.0658934 -0.997827 -0.996859 0.0790203 -0.00521826 754.dat
1 0 39.0623 -55.1286 -109.848 0.0454447 0.998234 -0.0382512 0 -0.0382908 -0.999267 -0.998967 0.0454113 -0.00174011 754.dat
1 0 36.5273 -55.0313 -109.963 0.0145593 0.999817 -0.0123919 0 -0.0123932 -0.999923 -0.999894 0.0145582 -0.000180437 754.dat
1 0 -66 -91 -18 0.929887 0.367828 -0.00361538 0 -0.0098285 -0.999952 -0.367846 0.929842 -0.00913939 756.dat
1 0 -66.8704 -90.9767 -20.2003 0.932789 0.360265 -0.0106949 0 -0.0296731 -0.99956 -0.360424 0.932378 -0.0276788 754.dat
1 0 -67.7269 -90.9062 -22.417 0.935826 0.352024 -0.0175564 0 -0.0498107 -0.998759 -0.352462 0.934665 -0.0466141 754.dat
1 0 -68.5675 -90.7873 -24.6488 0.939002 0.343062 -0.0241504 0 -0.0702226 -0.997531 -0.343911 0.936684 -0.0659392 754.dat
1 0 -69.39 -90.6189 -26.8946 0.942318 0.333333 -0.0304222 0 -0.0908889 -0.995861 -0.334718 0.938418 -0.0856462 754.dat
1 0 -70.1923 -90.4001 -29.1532 0.945775 0.322786 -0.036311 0 -0.111787 -0.993732 -0.324822 0.939847 -0.105726 754.dat
1 0 -70.9719 -90.1301 -31.4232 0.949372 0.311367 -0.0417492 0 -0.132894 -0.99113 -0.314153 0.940952 -0.126166 754.dat
1 0 -71.7264 -89.8081 -33.7033 0.953106 0.299019 -0.0466616 0 -0.154183 -0.988042 -0.302637 0.941709 -0.146953 754.dat
1 0 -72.4532 -89.4334 -35.9922 0.95697 0.285677 -0.0509645 0 -0.175626 -0.984457 -0.290188 0.942096 -0.168069 754.dat
1 0 -73.1495 -89.0053 -38.2884 0.960954 0.271275 -0.0545643 0 -0.197191 -0.980365 -0.276708 0.942086 -0.189491 754.dat
1 0 -73.8123 -88.5235 -40.5903 0.965043 0.255737 -0.0573566 0 -0.218843 -0.97576 -0.26209 0.941651 -0.211193 754.dat
1 0 -74.4386 -87.9876 -42.8963 0.969216 0.238983 -0.0592248 0 -0.240543 -0.970638 -0.246213 0.940758 -0.233138 754.dat
1 0 -75.025 -87.3973 -45.2047 0.973441 0.220925 -0.0600386 0 -0.262249 -0.965 -0.228938 0.939371 -0.255284 754.dat
1 0 -75.568 -86.7527 -47.5136 0.977677 0.201466 -0.0596527 0 -0.283909 -0.958851 -0.210112 0.937447 -0.277571 754.dat
1 0 -76.0639 -86.0539 -49.821 0.981868 0.180503 -0.0579056 0 -0.305468 -0.952202 -0.189563 0.934937 -0.29993 754.dat
1 0 -76.5086 -85.3013 -52.1246 0.98594 0.157922 -0.0546186 0 -0.326861 -0.945073 -0.1671 0.931785 -0.322265 754.dat
1 0 -76.898 -84.4953 -54.4222 0.989793 0.133603 -0.0495953 0 -0.348011 -0.937491 -0.142511 0.927922 -0.344459 754.dat
1 0 -77.2276 -83.6369 -56.7111 0.9933 0.107414 -0.0426227 0 -0.36883 -0.929497 -0.115562 0.92327 -0.366359 754.dat
1 0 -77.4925 -82.7271 -58.9884 0.996295 0.0792205 -0.0334731 0 -0.389213 -0.921148 -0.086002 0.917735 -0.387771 754.dat
1 0 -77.6879 -81.7676 -61.251 0.998564 0.0488781 -0.0219097 0 -0.409037 -0.912518 -0.053564 0.911208 -0.40845 754.dat
1 0 -77.8083 -80.76 -63.4955 0.999838 0.0162425 -0.00769534 0 -0.428156 -0.903705 -0.0179732 0.903559 -0.428087 754.dat
1 0 -77.8482 -79.7069 -65.718 0.999779 -0.0188286 0.00939283 0 -0.446397 -0.894835 0.0210414 0.894637 -0.446298 754.dat
1 0 -77.802 -78.611 -67.9144 0.997967 -0.0564672 0.0295414 0 -0.463556 -0.886068 0.0637278 0.884267 -0.462614 754.dat
1 0 -77.6637 -77.4757 -70.08 0.9939 -0.0967853 0.0528693 0 -0.479393 -0.877601 0.110284 0.872247 -0.476468 754.dat
1 0 -77.4273 -76.305 -72.21 0.986984 -0.139861 0.0793858 0 -0.493629 -0.869672 0.160821 0.858352 -0.487204 754.dat
1 0 -77.087 -75.1037 -74.299 0.976545 -0.185722 0.108937 0 -0.505947 -0.862565 0.215314 0.842333 -0.49408 754.dat
1 0 -76.6367 -73.877 -76.3411 0.961857 -0.234323 0.141149 0 -0.515988 -0.856596 0.273551 0.823923 -0.496307 754.dat
1 0 -76.071 -72.6313 -78.3303 0.942191 -0.285521 0.175365 0 -0.52336 -0.852111 0.335075 0.802852 -0.493106 754.dat
1 0 -75.3846 -71.3732 -80.2603 0.91689 -0.339053 0.210607 0 -0.527653 -0.84946 0.39914 0.778862 -0.4838 754.dat
1 0 -74.5732 -70.1104 -82.1243 0.88547 -0.39451 0.24557 0 -0.528453 -0.848963 0.464697 0.751731 -0.467929 754.dat
1 0 -73.633 -68.8511 -83.9157 0.84773 -0.451325 0.278675 0 -0.525378 -0.850869 0.530428 0.721307 -0.445378 754.dat
1 0 -72.5616 -67.6039 -85.628 0.803848 -0.508769 0.308191 0 -0.518113 -0.855312 0.594835 0.687541 -0.416484 754.dat
1 0 -71.3578 -66.3779 -87.2549 0.754429 -0.565977 0.332426 0 -0.506452 -0.862268 0.656381 0.65052 -0.382082 754.dat
1 0 -70.0218 -65.1824 -88.7905 0.700484 -0.621983 0.349941 0 -0.490342 -0.87153 0.713668 0.610493 -0.343477 754.dat
1 0 -68.5556 -64.0265 -90.2296 0.643333 -0.675795 0.359755 0 -0.469908 -0.882716 0.765586 0.56788 -0.302307 754.dat
1 0 -66.9629 -62.9191 -91.5679 0.584453 -0.72647 0.361464 0 -0.445467 -0.895298 0.811428 0.52326 -0.260354 754.dat
1 0 -65.2491 -61.8682 -92.8023 0.525309 -0.773197 0.355271 0 -0.417517 -0.908669 0.850912 0.477332 -0.219325 754.dat
1 0 -63.4214 -60.8813 -93.9306 0.46721 -0.815365 0.3419 0 -0.3867 -0.922206 0.884147 0.430863 -0.18067 754.dat
1 0 -61.4884 -59.9645 -94.9521 0.411213 -0.852601 0.322451 0 -0.353744 -0.935342 0.911539 0.384625 -0.145464 754.dat
1 0 -59.4599 -59.1229 -95.8672 0.358089 -0.88478 0.298223 0 -0.319404 -0.947619 0.933688 0.339332 -0.114375 754.dat
1 0 -57.3467 -58.36 -96.6777 0.308324 -0.911998 0.270548 0 -0.284404 -0.958704 0.951282 0.295591 -0.0876885 754.dat
1 0 -55.1603 -57.6782 -97.3863 0.262164 -0.934531 0.24067 0 -0.249393 -0.968402 0.965023 0.25388 -0.0653819 754.dat
1 0 -52.9124 -57.0783 -97.997 0.219666 -0.952779 0.209664 0 -0.214913 -0.976633 0.975575 0.214534 -0.0472091 754.dat
1 0 -50.6146 -56.56 -98.5144 0.18075 -0.967213 0.178403 0 -0.18139 -0.983411 0.983529 0.177752 -0.0327863 754.dat
1 0 -48.2782 -56.1218 -98.9437 0.145243 -0.978331 0.147556 0 -0.149138 -0.988816 0.989396 0.143619 -0.0216613 754.dat
1 0 -45.9142 -55.7615 -99.2908 0.112921 -0.986619 0.117608 0 -0.118365 -0.99297 0.993604 0.112127 -0.0133659 754.dat
1 0 -43.5325 -55.4757 -99.5615 0.0835308 -0.992533 0.0888841 0 -0.0891958 -0.996014 0.996505 0.0831978 -0.00745059 754.dat
1 0 -41.1424 -55.2609 -99.7618 0.0568141 -0.996484 0.0615843 0 -0.061684 -0.998096 0.998385 0.0567059 -0.00350452 754.dat
1 0 -38.7522 -55.113 -99.8978 0.0325176 -0.998829 0.0358127 0 -0.0358316 -0.999358 0.999471 0.0324968 -0.00116516 754.dat
1 0 -36.3692 -55.0275 -99.9754 0.0104016 -0.999879 0.0116024 0 -0.011603 -0.999933 0.999946 0.0104009 -0.000120689 754.dat
0
