0 6895 Spy Trak 1
0 Name: 6895_Spy_Trak_I.ldr
0 Author: LEGO
0 bassfoundation@yahoo.com
0 !COLOUR SandBlue CODE 64 VALUE #88A2B5 EDGE 0 ALPHA 255
0 !COLOUR Chrome CODE 65 VALUE #A1A29B EDGE 0 ALPHA 255
0 !COLOUR Silver CODE 66 VALUE #C7C7C7 EDGE 0 ALPHA 255
0 !COLOUR Gold CODE 67 VALUE #BBBD39 EDGE 0 ALPHA 255
0 ROTATION CENTER 0 0 0 1 "Custom" 
0 ROTATION CONFIG 0 0
1 1 0 0 0 1 0 0 0 0.999391 -0.0348995 0 0.0348995 0.999391 3032.dat
1 0 0 7.995 0.28 1 0 0 0 0.999391 -0.0348995 0 0.0348995 0.999391 3022.dat
1 1 -40 -7.995 -0.28 -1 0 0 0 0.999391 0.0348995 0 0.0348995 -0.999391 3639.dat
1 1 -40 -12.183 119.648 1 0 0 0 0.999391 -0.0348995 0 0.0348995 0.999391 3640.dat
1 1 40 -7.995 -0.28 -1 0 0 0 0.999391 0.0348995 0 0.0348995 -0.999391 3639.dat
1 1 40 -12.183 119.648 1 0 0 0 0.999391 -0.0348995 0 0.0348995 0.999391 3640.dat
1 0 -40 -15.991 -0.558 1 0 0 0 0.999391 -0.0348995 0 0.0348995 0.999391 3639.dat
1 0 -40 -11.802 -120.485 -1 0 0 0 0.999391 0.0348995 0 0.0348995 -0.999391 3640.dat
1 0 40 -15.991 -0.558 1 0 0 0 0.999391 -0.0348995 0 0.0348995 0.999391 3639.dat
1 0 40 -11.802 -120.485 -1 0 0 0 0.999391 0.0348995 0 0.0348995 -0.999391 3640.dat
1 0 30 -3.807 -120.206 0 0 -1 -0.0348995 0.999391 0 0.999391 0.0348995 0 3747b.dat
1 0 -30 -3.807 -120.206 0 0 1 0.0348995 0.999391 0 -0.999391 0.0348995 0 3747b.dat
1 0 50 -4.188 119.927 -1 0 0 0 0.999391 0.0348995 0 0.0348995 -0.999391 3021.dat
1 1 50 3.812 119.927 0 0 -1 -0.0348995 0.999391 0 0.999391 0.0348995 0 3023.dat
1 0 -50 -4.188 119.927 -1 0 0 0 0.999391 0.0348995 0 0.0348995 -0.999391 3021.dat
1 1 -50 3.812 119.927 0 0 -1 -0.0348995 0.999391 0 0.999391 0.0348995 0 3023.dat
1 0 80 -11.802 -120.485 1 0 0 0 0.999391 -0.0348995 0 0.0348995 0.999391 2444.dat
1 1 80 -12.183 119.648 1 0 0 0 0.999391 -0.0348995 0 0.0348995 0.999391 2444.dat
1 0 -80 -11.802 -120.485 -1 0 0 0 0.999391 0.0348995 0 0.0348995 -0.999391 2444.dat
1 1 -80 -12.183 119.648 -1 0 0 0 0.999391 0.0348995 0 0.0348995 -0.999391 2444.dat
1 0 0 -23.985 -0.838 -1 0 0 0 0.999391 0.0348995 0 0.0348995 -0.999391 3032.dat
1 0 30 -20.845 -90.783 0 0 1 0.0348995 0.999391 0 -0.999391 0.0348995 0 2420.dat
1 0 -30 -20.845 -90.783 -1 0 0 0 0.999391 0.0348995 0 0.0348995 -0.999391 2420.dat
1 0 70 -19.797 -120.765 -1 0 0 0 0.999391 0.0348995 0 0.0348995 -0.999391 3021.dat
1 0 -70 -19.797 -120.765 -1 0 0 0 0.999391 0.0348995 0 0.0348995 -0.999391 3021.dat
1 0 60 -20.178 119.368 -1 0 0 0 0.999391 0.0348995 0 0.0348995 -0.999391 3020.dat
1 0 -60 -20.178 119.368 -1 0 0 0 0.999391 0.0348995 0 0.0348995 -0.999391 3020.dat
1 1 40 -28.174 119.089 -1 0 0 0 0.999391 0.0348995 0 0.0348995 -0.999391 3680c01.dat
1 1 -40.001 -28.174 119.089 -1 0 0 0 0.999391 0.0348995 0 0.0348995 -0.999391 3680c01.dat
1 1 40 -28.491 -101.056 -1 0 0 0 0.999391 0.0348995 0 0.0348995 -0.999391 3680c01.dat
1 1 -40 -28.491 -101.056 -1 0 0 0 0.999391 0.0348995 0 0.0348995 -0.999391 3680c01.dat
1 7 100 -1.808 -120.136 -1 0 0 0 0.999391 0.0348995 0 0.0348995 -0.999391 3673.dat
1 7 -100 -1.808 -120.136 -1 0 0 0 0.999391 0.0348995 0 0.0348995 -0.999391 3673.dat
1 7 100 -2.19 119.997 -1 0 0 0 0.999391 0.0348995 0 0.0348995 -0.999391 3673.dat
1 7 -100 -2.19 119.997 -1 0 0 0 0.999391 0.0348995 0 0.0348995 -0.999391 3673.dat
1 0 0 -33.028 28.865 -1 0 0 0 0.999391 0.0348995 0 0.0348995 -0.999391 3666.dat
1 0 0 -41.022 28.585 -1 0 0 0 0.999391 0.0348995 0 0.0348995 -0.999391 3666.dat
1 0 0 -30.934 -31.099 -1 0 0 0 0.999391 0.0348995 0 0.0348995 -0.999391 3666.dat
1 0 0 -38.928 -31.378 -1 0 0 0 0.999391 0.0348995 0 0.0348995 -0.999391 3666.dat
1 0 0 -36.168 118.81 -1 0 0 0 0.999391 0.0348995 0 0.0348995 -0.999391 3795.dat
1 1 0 -36.834 -91.341 -1 0 0 0 0.999391 0.0348995 0 0.0348995 -0.999391 2419.dat
1 0 0 -43.465 98.543 -1 0 0 0 0.999391 0.0348995 0 0.0348995 -0.999391 3031.dat
1 0 0 -45.909 168.5 -1 0 0 0 0.999391 0.0348995 0 0.0348995 -0.999391 3710.dat
1 0 30 -52.159 118.252 0 0 -1 -0.0348995 0.999391 0 0.999391 0.0348995 0 3666.dat
1 0 -30 -52.159 118.252 0 0 -1 -0.0348995 0.999391 0 0.999391 0.0348995 0 3666.dat
1 0 0 -61.898 167.942 1 0 0 0 0.999391 -0.0348995 0 0.0348995 0.999391 2431.dat
1 0 0 -59.107 87.991 1 0 0 0 0.999391 -0.0348995 0 0.0348995 0.999391 2431.dat
1 0 0 -44.132 -111.608 1 0 0 0 0.999391 -0.0348995 0 0.0348995 0.999391 3023.dat
1 0 0 -44.83 -91.62 1 0 0 0 0.999391 -0.0348995 0 0.0348995 0.999391 3794b.dat
1 0 0 -61.518 -72.191 1 0 0 0 0.999391 -0.0348995 0 0.0348995 0.999391 3700.dat
1 0 0 -66.404 67.723 1 0 0 0 0.999391 -0.0348995 0 0.0348995 0.999391 3700.dat
1 0 0 -53.967 -1.884 0 0 1 0.0348995 0.999391 0 -0.999391 0.0348995 0 3707.dat
1 0 -30 -60.471 -102.173 0 0 1 0.0348995 0.999391 0 -0.999391 0.0348995 0 3039.dat
1 0 30 -60.471 -102.173 0 0 -1 -0.0348995 0.999391 0 0.999391 0.0348995 0 3039.dat
1 0 30 -62.914 -32.215 0 0 -1 -0.0348995 0.999391 0 0.999391 0.0348995 0 3040b.dat
1 0 30 -65.008 27.748 0 0 -1 -0.0348995 0.999391 0 0.999391 0.0348995 0 3040b.dat
1 0 -30 -62.914 -32.215 0 0 1 0.0348995 0.999391 0 -0.999391 0.0348995 0 3040b.dat
1 0 -30 -65.008 27.748 0 0 1 0.0348995 0.999391 0 -0.999391 0.0348995 0 3040b.dat
1 0 0 -73.004 27.469 -1 0 0 0 0.999391 0.0348995 0 0.0348995 -0.999391 3710.dat
1 0 0 -70.909 -32.494 -1 0 0 0 0.999391 0.0348995 0 0.0348995 -0.999391 3710.dat
1 0 0 -49.684 -181.845 -1 0 0 0 0.999391 0.0348995 0 0.0348995 -0.999391 4732.dat
1 0 0 -60.122 -112.166 -1 0 0 0 0.999391 0.0348995 0 0.0348995 -0.999391 3023.dat
1 0 20 -68.815 -92.458 0 0 -1 -0.0348995 0.999391 0 0.999391 0.0348995 0 3021.dat
1 0 -20 -68.815 -92.458 0 0 -1 -0.0348995 0.999391 0 0.999391 0.0348995 0 3021.dat
1 0 -30 -63.961 -2.234 0 0 -1 -0.0348995 0.999391 0 0.999391 0.0348995 0 3660.dat
1 0 30 -63.961 -2.234 0 0 1 0.0348995 0.999391 0 -0.999391 0.0348995 0 3660.dat
1 0 0 -71.956 -2.513 -1 0 0 0 0.999391 0.0348995 0 0.0348995 -0.999391 3034.dat
1 1 -70 -79.602 -12.786 -1 0 0 0 0.999391 0.0348995 0 0.0348995 -0.999391 3024.dat
1 1 70 -79.602 -12.786 -1 0 0 0 0.999391 0.0348995 0 0.0348995 -0.999391 3024.dat
1 1 30 -79.951 -2.792 0 0 -1 -0.0348995 0.999391 0 0.999391 0.0348995 0 3023.dat
1 1 -30 -79.951 -2.792 0 0 -1 -0.0348995 0.999391 0 0.999391 0.0348995 0 3023.dat
1 0 0 -96.291 6.644 1 0 0 0 0.999391 -0.0348995 0 0.0348995 0.999391 3700.dat
1 0 0 -95.593 -13.344 1 0 0 0 0.999391 -0.0348995 0 0.0348995 0.999391 3700.dat
1 0 -90 -80.3 7.202 0 0 1 0.0348995 0.999391 0 -0.999391 0.0348995 0 3963.dat
1 0 90 -80.3 7.202 0 0 -1 -0.0348995 0.999391 0 0.999391 0.0348995 0 3963.dat
1 0 30 -103.936 -3.629 0 0 -1 -0.0348995 0.999391 0 0.999391 0.0348995 0 3298p53.dat
1 0 -30 -103.936 -3.629 0 0 1 0.0348995 0.999391 0 -0.999391 0.0348995 0 3298p53.dat
1 0 0 -103.936 -3.629 0 0 1 0.0348995 0.999391 0 -0.999391 0.0348995 0 3022.dat
1 1 0 -111.932 -3.909 -1 0 0 0 0.999391 0.0348995 0 0.0348995 -0.999391 3020.dat
1 0 0 -96.989 26.631 1 0 0 0 0.999391 -0.0348995 0 0.0348995 0.999391 2458.dat
1 0 0 -94.895 -33.332 -1 0 0 0 0.999391 0.0348995 0 0.0348995 -0.999391 2458.dat
1 0 10 -56.632 -212.106 -0.866025 0 -0.5 -0.0174497 0.999391 0.0302239 0.499695 0.0348995 -0.865498 4592.dat
1 0 10 -56.632 -212.106 -0.866025 -0.17101 -0.469846 -0.0174497 0.949457 -0.313411 0.499695 -0.263223 -0.825238 4593.dat
1 0 -10 -56.632 -212.106 -0.866025 0 0.5 0.0174497 0.999391 0.0302239 -0.499695 0.0348995 -0.865498 4592.dat
1 0 -10 -56.632 -212.106 -0.866025 0.17101 0.469846 0.0174497 0.949457 -0.313411 -0.499695 -0.263223 -0.825238 4593.dat
1 1 0 -93.149 -83.301 -1 0 0 0 0.999391 0.0348995 0 0.0348995 -0.999391 3001.dat
1 1 -10 -102.89 -33.611 0 0 1 0.0348995 0.999391 0 -0.999391 0.0348995 0 4085a.dat
1 1 10 -102.89 -33.611 0 0 -1 -0.0348995 0.999391 0 0.999391 0.0348995 0 4085a.dat
1 1 10 -104.984 26.352 0 0 -1 -0.0348995 0.999391 0 0.999391 0.0348995 0 4081b.dat
1 1 -10 -104.984 26.352 0 0 1 0.0348995 0.999391 0 -0.999391 0.0348995 0 4081b.dat
1 36 30 -103.403 38.414 0 0 1 -0.999391 0.0348995 0 -0.0348995 -0.999391 0 4073.dat
1 36 -30 -103.403 38.414 0 0 1 -0.999391 0.0348995 0 -0.0348995 -0.999391 0 4073.dat
1 0 0 -102.502 184.535 -1 0 0 0 -0.0348995 0.999391 0 0.999391 0.0348995 SpacePoliceI_cell_fig.ldr
1 0 0 -112.979 26.073 -1 0 0 0 0.999391 0.0348995 0 0.0348995 -0.999391 30244.dat
1 0 0 -110.884 -33.89 -1 0 0 0 0.999391 0.0348995 0 0.0348995 -0.999391 30244.dat
1 0 29 -98.892 -33.472 -1 0 0 0 0.999391 0.0348995 0 0.0348995 -0.999391 3962a.dat
1 0 -34 -121.878 -34.274 0 1 0 0.0348995 0 -0.999391 -0.999391 0 -0.0348995 4735.dat
1 1 0 -116.786 -94.134 -1 0 0 0 0.999391 0.0348995 0 0.0348995 -0.999391 3037.dat
1 0 0 -54.888 -262.075 0 0 -1 -0.0348995 0.999391 0 0.999391 0.0348995 0 3020.dat
1 0 0 -62.184 -282.342 1 0 0 0 0.999391 -0.0348995 0 0.0348995 0.999391 4859.dat
1 0 100 -1.808 -120.136 0 0 -1 -0.0348995 0.999391 0 0.999391 0.0348995 0 2515.dat
1 0 100 -2.19 119.997 0 0 -1 -0.0348995 0.999391 0 0.999391 0.0348995 0 2515.dat
1 0 -100 -1.808 -120.136 0 0 1 0.0348995 0.999391 0 -0.999391 0.0348995 0 2515.dat
1 0 -100 -2.19 119.997 0 0 1 0.0348995 0.999391 0 -0.999391 0.0348995 0 2515.dat
1 0 0 -124.781 -94.412 1 0 0 0 0.999391 -0.0348995 0 0.0348995 0.999391 4315.dat
1 36 0 -120.295 -108.264 1 0 0 0 0.999391 -0.0348995 0 0.0348995 0.999391 2507.dat
1 0 0 -46.965 -173.745 1 0 0 0 0.999391 -0.0348995 0 0.0348995 0.999391 fig_spacepoliceI_recline1.ldr
0
