0 6898 Ice-Sat V
0 Name: 6898_Ice-Sat_V.ldr
0 Author: LEGO
0 bassfoundation@yahoo.com
0 ROTATION CENTER 0 0 0 1 "Custom" 
0 ROTATION CONFIG 0 0
1 1 0 0 0 0 0 -1 0 1 0 1 0 0 2445.dat
1 0 0 8 -100 -1 0 0 0 1 0 0 0 -1 2817.dat
1 0 0 8 -40 -1 0 0 0 1 0 0 0 -1 2817.dat
1 0 0 8 20 -1 0 0 0 1 0 0 0 -1 2817.dat
1 0 0 8 80 -1 0 0 0 1 0 0 0 -1 2817.dat
1 7 -20 18 80 -1 0 0 0 1 0 0 0 -1 3673.dat
1 7 20 18 80 -1 0 0 0 1 0 0 0 -1 3673.dat
1 7 -20 18 20 -1 0 0 0 1 0 0 0 -1 3673.dat
1 7 20 18 20 -1 0 0 0 1 0 0 0 -1 3673.dat
1 7 -20 18 -40 -1 0 0 0 1 0 0 0 -1 3673.dat
1 7 20 18 -40 -1 0 0 0 1 0 0 0 -1 3673.dat
1 7 -20 18 -100 -1 0 0 0 1 0 0 0 -1 3673.dat
1 7 20 18 -100 -1 0 0 0 1 0 0 0 -1 3673.dat
1 1 0 -8 -90 0 0 -1 0 1 0 1 0 0 3021.dat
1 15 0 -16 -70 1 0 0 0 1 0 0 0 1 3023.dat
1 15 0 -16 -160 1 0 0 0 1 0 0 0 1 4732.dat
1 1 0 -8 -230 1 0 0 0 1 0 0 0 1 3839a.dat
1 15 0 0 -230 -1 0 0 0 1 0 0 0 -1 3023.dat
1 15 0 8 -230 -1 0 0 0 1 0 0 0 -1 3023.dat
1 1 0 16 -180 0 0 -1 0 1 0 1 0 0 3795.dat
1 1 0 -24 100 0 0 -1 0 1 0 1 0 0 3001.dat
1 1 0 0 -170 -1 0 0 0 1 0 0 0 -1 2419.dat
1 1 0 -24 -100 0 0 -1 0 1 0 1 0 0 3020.dat
1 15 0 -32 110 1 0 0 0 1 0 0 0 1 4590.dat
1 15 -30 -8 -180 0 0 -1 0 1 0 1 0 0 3069bp61.dat
1 15 30 -8 -180 0 0 1 0 1 0 -1 0 0 3069bp61.dat
1 15 0 -32 -20 0 0 -1 0 1 0 1 0 0 3029.dat
1 1 -50 -24 -190 1 0 0 0 1 0 0 0 1 4070.dat
1 1 50 -24 -190 1 0 0 0 1 0 0 0 1 4070.dat
1 1 30 -40 -50 0 0 -1 0 1 0 1 0 0 4085a.dat
1 1 -30 -40 -50 0 0 1 0 1 0 -1 0 0 4085a.dat
1 1 0 -40 -50 1 0 0 0 1 0 0 0 1 3023.dat
1 1 0 -40 80 0 0 1 0 1 0 -1 0 0 3020.dat
1 1 0 -56 -90 -1 0 0 0 1 0 0 0 -1 3039.dat
1 1 30 -40 -20 0 0 1 0 1 0 -1 0 0 2412b.dat
1 1 -30 -40 -20 0 0 1 0 1 0 -1 0 0 2412b.dat
1 1 -30 -56 -130 -1 0 0 0 1 0 0 0 -1 2462.dat
1 1 30 -56 -130 0 0 -1 0 1 0 1 0 0 2462.dat
1 1 0 -48 -50 -1 0 0 0 1 0 0 0 -1 3710.dat
1 0 0 -46 130 1 0 0 0 1 0 0 0 1 3149ec01.dat
1 0 -50 -20 -46 1 0 0 0 0 1 0 -1 0 4735.dat
1 38 -50 -14 -204 0 0 1 1 0 0 0 1 0 4073.dat
1 38 50 -14 -204 0 0 1 1 0 0 0 1 0 4073.dat
1 1 0 -64 -110 -1 0 0 0 1 0 0 0 -1 2419.dat
1 1 0 -64 100 0 0 1 0 1 0 -1 0 0 3034.dat
1 1 50 -64 -150 0 0 -1 0 1 0 1 0 0 4085a.dat
1 1 -50 -64 -150 0 0 1 0 1 0 -1 0 0 4085a.dat
1 15 0 -24 -210 1 0 0 0 1 0 0 0 1 3829c01.dat
1 15 -50 -72 -140 0 0 1 0 1 0 -1 0 0 2412b.dat
1 15 0 -72 40 0 0 1 0 1 0 -1 0 0 3022.dat
1 15 50 -72 -140 0 0 -1 0 1 0 1 0 0 4276b.dat
1 15 50 -97.799 -91.463 0 0 -1 0.515038 0.857167 0 0.857167 -0.515038 0 2433.dat
1 15 -10 -72 140 0 0 1 0 1 0 -1 0 0 4315.dat
1 15 10 -72 140 0 0 -1 0 1 0 1 0 0 4315.dat
1 38 13.336 -140.174 140 0 -0.207912 -0.978147 0 0.978147 -0.207912 1 0 -0 2582.dat
1 38 -13.185 -140.549 140 0 0.207912 0.978147 0 0.978147 -0.207912 -1 0 0 2582.dat
1 0 -11.522 -132.725 140.001 0 0.207912 0.978147 0 0.978147 -0.207912 -1 0 0 3710.dat
1 0 11.673 -132.35 139.999 0 -0.207912 -0.978147 0 0.978147 -0.207912 1 0 -0 3710.dat
1 0 0 -80 170 -1 0 0 0 1 0 0 0 -1 3023.dat
1 0 0 -80 110 -1 0 0 0 1 0 0 0 -1 3023.dat
1 1 0 -96 40 0 0 1 0 1 0 -1 0 0 4871.dat
1 1 0 -88 -120 0 0 1 0 1 0 -1 0 0 4871.dat
1 15 0 -80 -130 1 0 0 0 1 0 0 0 1 3023.dat
1 1 0 -80 -110 -1 0 0 0 1 0 0 0 -1 88072.dat
1 15 0 -88 -120 -1 0 0 0 1 0 0 0 -1 3022.dat
1 1 0 -96 -120 -1 0 0 0 1 0 0 0 -1 3020.dat
1 38 2 -84 -90 0 0 1 0 -1 0 1 0 0 6120.dat
1 38 2 -91 -90 0 0 1 0 1 0 -1 0 0 6120.dat
1 15 0 -104 -130 1 0 0 0 1 0 0 0 1 4315.dat
1 15 0 -104 -110 1 0 0 0 1 0 0 0 1 3023.dat
1 15 -30 -104 50 1 0 0 0 1 0 0 0 1 4073.dat
1 15 30 -104 50 1 0 0 0 1 0 0 0 1 4073.dat
1 15 -30 -104 30 1 0 0 0 1 0 0 0 1 4073.dat
1 15 30 -104 30 1 0 0 0 1 0 0 0 1 4073.dat
1 15 15 -148 140 0 -0.207912 -0.978147 0 0.978147 -0.207912 1 0 -0 3069bp13.dat
1 15 -14.849 -148.375 140 0 0.207912 0.978147 0 0.978147 -0.207912 -1 0 0 3069bp13.dat
1 38 0 -100 -144 1 0 0 0 0.951057 0.309017 0 -0.309017 0.951057 2483.dat
1 15 70 -76 -150 -1 0 0 0 1 0 0 0 -1 2433.dat
1 1 -63 -80 -160 0 -1 0 -1 0 0 0 0 -1 2516.dat
1 38 -79 -81 -136 0 1 0 -1 0 0 0 0 1 6117.dat
1 38 70 -100 -150 -1 0 0 0 1 0 0 0 -1 4589.dat
1 0 0 -112 -120 0 0 1 0 1 0 -1 0 0 3680c01.dat
1 0 0 -120 -120 0 0 1 0 1 0 -1 0 0 3022.dat
1 1 0 -128 -110 -1 0 0 0 1 0 0 0 -1 2452.dat
1 15 0 -128 -130 -1 0 0 0 1 0 0 0 -1 3839b.dat
1 1 0 -136 -120 1 0 0 0 1 0 0 0 1 3068bp61.dat
1 1 0.336 -173.244 36.873 -0.00924837 0.0148005 -0.999848 0.766055 0.642769 0.00242891 0.642708 -0.765916 -0.0172826 3623.dat
1 15 0.403 -193.711 30.156 -0.00924837 0.0148005 -0.999848 0.766055 0.642769 0.00242891 0.642708 -0.765916 -0.0172826 4073.dat
1 15 0.218 -178.389 43.009 -0.00924837 0.0148005 -0.999848 0.766055 0.642769 0.00242891 0.642708 -0.765916 -0.0172826 4073.dat
1 1 0.193 -191.195 42.708 0.00924837 0.0148005 0.999848 -0.766055 0.642769 -0.00242891 -0.642708 -0.765916 0.0172826 4276b.dat
1 15 0.166 -203.996 42.407 -0.00924837 0.0148005 -0.999848 0.766055 0.642769 0.00242891 0.642708 -0.765916 -0.0172826 4073.dat
1 15 -0.019 -188.674 55.259 -0.00924837 0.0148005 -0.999848 0.766055 0.642769 0.00242891 0.642708 -0.765916 -0.0172826 4073.dat
1 1 0 -171.192 -37.316 0 0 1 0.62932 0.777146 0 -0.777146 0.62932 0 4504.dat
1 1 -0.204 -173.351 68.111 -0.999848 0.0148005 0.00924837 0.00242891 0.642769 -0.766055 -0.0172826 -0.765916 -0.642708 2607.dat
1 1 -0.123 -193.178 60.623 0.00924837 0.0148005 0.999848 -0.766055 0.642769 -0.00242891 -0.642708 -0.765916 0.0172826 3623.dat
1 15 0 -164.046 -57.264 0 0 1 0.62932 0.777146 0 -0.777146 0.62932 0 2412b.dat
1 15 0 -189.217 -26.178 0 0 1 0.62932 0.777146 0 -0.777146 0.62932 0 2412b.dat
1 0 0 -147 79 -1 0 0 0 0 -1 0 -1 0 73092.dat
1 0 0 -147 79 -1 0 0 0 0 -1 0 -1 0 2959.dat
1 38 50 -104.657 -87.343 0 0 1 -0.515038 0.857167 0 -0.857167 -0.515038 0 2569.dat
1 15 30 18 20 0 0 -1 0 1 0 1 0 0 6118.dat
1 15 30 18 80 0 0 -1 0 1 0 1 0 0 6118.dat
1 15 30 18 -40 0 0 -1 0 1 0 1 0 0 6118.dat
1 15 30 18 -100 0 0 -1 0 1 0 1 0 0 6118.dat
1 15 -30 18 -40 0 0 1 0 1 0 -1 0 0 6118.dat
1 15 -30 18 -100 0 0 1 0 1 0 -1 0 0 6118.dat
1 15 -30 18 20 0 0 1 0 1 0 -1 0 0 6118.dat
1 15 -30 18 80 0 0 1 0 1 0 -1 0 0 6118.dat
1 0 50 -20 -50 -1 0 0 0 1 0 0 0 -1 3957a.dat
1 15 50 -84 -50 -1 0 0 0 1 0 0 0 -1 4740.dat
1 0 50 -108 -50 -1 0 0 0 1 0 0 0 -1 4733.dat
1 38 50 -116 -50 -1 0 0 0 1 0 0 0 -1 4740.dat
1 15 50 -98 -68 -1 0 0 0 0 1 0 1 0 4592.dat
1 0 50 -98 -68 -1 0 0 0 -0.965926 0.258819 0 0.258819 0.965926 4593.dat
1 15 50 -98 -32 1 0 0 0 0 1 0 -1 0 4592.dat
1 0 50 -98 -32 1 0 0 0 -0.965926 0.258819 0 -0.258819 -0.965926 4593.dat
1 15 68 -98 -50 0 -1 0 0 0 1 -1 0 0 4592.dat
1 0 68 -98 -50 0 -0.258819 -0.965926 0 -0.965926 0.258819 -1 0 0 4593.dat
1 15 32 -98 -50 0 1 0 0 0 1 1 0 0 4592.dat
1 0 32 -98 -50 0 0.258819 0.965926 0 -0.965926 0.258819 1 0 0 4593.dat
1 15 0 -21 -172 1 0 0 0 1 0 0 0 1 fig_iceplanet1.ldr
1 15 -37 -106 76 0 0 1 0 1 0 -1 0 0 iceplanet_rocket2.ldr
0
