0 FILE Warp Wing Fighter.ldr
0 Warp Wing Fighter
0 Name: Warp Wing Fighter.ldr
0 Author: LDraw
0 Unofficial Model
0 ROTATION CENTER 0 0 0 1 "Custom" 
0 ROTATION CONFIG 0 0
1 0 564.976 16 255.3 -0.92388 0 0.382683 0 1 0 -0.382683 0 -0.92388 Pilot.ldr
1 0 472.588 16 217.032 -0.92388 0 0.382683 0 1 0 -0.382683 0 -0.92388 Robot.ldr
1 0 256.294 -181.894 108.516 -0.853553 0.180194 -0.488852 0.382683 0.853553 -0.353553 0.353553 -0.488852 -0.797511 Part 1.ldr
0
0 FILE Pilot.ldr
0 Pilot
0 Name: Pilot.ldr
0 Author: LDraw
0 Unofficial Model
0 ROTATION CENTER 0 0 0 1 "Custom" 
0 ROTATION CONFIG 0 0
1 7 0 -30 0 1 0 0 0 1 0 0 0 1 30120p02.dat
1 38 0 -26 0 1 0 0 0 1 0 0 0 1 3626bp6y.dat
1 0 0 0 0 1 0 0 0 1 0 0 0 1 30121.dat
1 7 0 0 0 1 0 0 0 1 0 0 0 1 973p54.dat
1 4 0 32 0 1 0 0 0 1 0 0 0 1 3815c6v.dat
1 4 -15.552 9 0 0.985 -0.17 0 0.17 0.985 0 0 0 1 3818.dat
1 4 15.552 9 0 0.985 0.17 0 -0.17 0.985 0 0 0 1 3819.dat
1 0 -23.8634 26.5956 -10.321 0.985 -0.12019 0.12019 0.17 0.696395 -0.696395 0 0.707 0.707 3820.dat
1 0 23.8634 26.5956 -10.321 0.985 0.12019 -0.12019 -0.17 0.696395 -0.696395 0 0.707 0.707 3820.dat
0
0 FILE Robot.ldr
0 Robot
0 Name: Robot.ldr
0 Author: LDraw
0 Unofficial Model
0 ROTATION CENTER 0 0 0 1 "Custom" 
0 ROTATION CONFIG 0 0
1 4 0 -24 0 1 0 0 0 1 0 0 0 1 3626bp6w.dat
1 0 0 0 0 1 0 0 0 1 0 0 0 1 973p6w.dat
1 0 0 32 0 1 0 0 0 1 0 0 0 1 3815c6w.dat
1 4 -15.552 9 0 0.985 -0.17 0 0.17 0.985 0 0 0 1 3818.dat
1 4 15.552 9 0 0.985 0.17 0 -0.17 0.985 0 0 0 1 3819.dat
1 0 -23.8634 26.5956 -10.321 0.985 -0.12019 0.12019 0.17 0.696395 -0.696395 0 0.707 0.707 3820.dat
1 0 23.8634 26.5956 -10.321 0.985 0.12019 -0.12019 -0.17 0.696395 -0.696395 0 0.707 0.707 3820.dat
0
0 FILE Part 1.ldr
0 Part 1
0 Name: Part 1.ldr
0 Author: LDraw
0 Unofficial Model
0 ROTATION CENTER 0 0 0 1 "Custom" 
0 ROTATION CONFIG 0 0
1 0 -110 8 0 0 0 -1 0 1 0 1 0 0 3032.dat
1 0 -140 -48 0 0 0 -1 0 1 0 1 0 0 3004.dat
1 0 -110 -64 0 -1 0 0 0 1 0 0 0 -1 3020.dat
1 0 -90 -96 0 -1 0 0 0 1 0 0 0 -1 3022.dat
1 7 -80 -104 0 0 0 1 0 1 0 -1 0 0 3023.dat
1 7 -110 -112 10 -1 0 0 0 1 0 0 0 -1 4531.dat
1 7 -110 -112 -10 -1 0 0 0 1 0 0 0 -1 4531.dat
1 7 -110 -56 0 -1 0 0 0 1 0 0 0 -1 3020.dat
1 4 30 -48 -30 -1 0 0 0 1 0 0 0 -1 3004.dat
1 4 30 -48 30 -1 0 0 0 1 0 0 0 -1 3004.dat
1 0 30 -72 -30 -1 0 0 0 1 0 0 0 -1 3004.dat
1 0 30 -72 30 -1 0 0 0 1 0 0 0 -1 3004.dat
1 0 -110 -24 -130 -1 0 0 0 1 0 0 0 -1 3004.dat
1 0 -90 -48 -40 0 0 -1 0 1 0 1 0 0 3003.dat
1 0 -90 -48 40 0 0 -1 0 1 0 1 0 0 3003.dat
1 0 -130 -56 -40 0 0 -1 0 1 0 1 0 0 3003.dat
1 0 -130 -56 40 0 0 -1 0 1 0 1 0 0 3003.dat
1 0 -110 -48 80 -1 0 0 0 1 0 0 0 -1 3001.dat
1 4 -110 -88 0 -1 0 0 0 1 0 0 0 -1 3001.dat
1 0 36 -56 1 -1 0 0 0 1 0 0 0 -1 3069bp51.dat
1 0 36 -64 1 -1 0 0 0 1 0 0 0 -1 3069bp51.dat
1 0 -110 -48 -80 -1 0 0 0 1 0 0 0 -1 3001.dat
1 0 -150 -4 40 0 -1 0 0 0 1 -1 0 0 3956.dat
1 0 -158 -5 40 0 -1 0 0 0 1 -1 0 0 6233.dat
1 0 -158 -5 -40 0 -1 0 0 0 1 -1 0 0 6233.dat
1 0 -158 -65 0 0 -1 0 0 0 1 -1 0 0 6233.dat
1 0 -150 -64 0 0 -1 0 0 0 1 -1 0 0 3956.dat
1 0 -150 -4 -40 0 -1 0 0 0 1 -1 0 0 3956.dat
1 0 30 -40 0 0 0 -1 0 1 0 1 0 0 3003.dat
1 42 30 -88 0 0 0 -1 0 1 0 1 0 0 4345b.dat
1 42 30 -88 0 0 0 -1 0 1 0 1 0 0 4346.dat
1 42 54 -100 0 0 0 -1 0 1 0 1 0 0 2507p6u.dat
1 0 80 -48 -50 -1 0 0 0 1 0 0 0 -1 3622.dat
1 0 80 -48 50 -1 0 0 0 1 0 0 0 -1 3622.dat
1 0 -80 -48 0 0 0 -1 0 1 0 1 0 0 3039.dat
1 0 30 -48 -50 1 0 0 0 1 0 0 0 1 3039.dat
1 0 30 -62 -64 1 0 0 0 0 -1 0 1 0 3794b.dat
1 0 30 -62 64 -1 0 0 0 0 -1 0 -1 0 3794b.dat
1 0 30 -48 50 -1 0 0 0 1 0 0 0 -1 3039.dat
1 7 30 -96 -30 1 0 0 0 1 0 0 0 1 3039.dat
1 7 30 -96 30 -1 0 0 0 1 0 0 0 -1 3039.dat
1 0 -40 -24 0 0 0 -1 0 1 0 1 0 0 2412b.dat
1 0 320 -24 0 0 0 -1 0 1 0 1 0 0 2412b.dat
1 0 -110 -80 130 -1 0 0 0 1 0 0 0 -1 2412b.dat
1 0 -10 -112 10 -1 0 0 0 1 0 0 0 -1 2412b.dat
1 0 -10 -112 -10 -1 0 0 0 1 0 0 0 -1 2412b.dat
1 0 -50 -112 -10 -1 0 0 0 1 0 0 0 -1 3069bp21.dat
1 0 -50 -112 10 1 0 0 0 1 0 0 0 1 3069bp21.dat
1 0 -80 -112 0 0 0 1 0 1 0 -1 0 0 3069bp51.dat
1 7 30 -112 -10 1 0 0 0 1 0 0 0 1 3069b.dat
1 7 30 -112 10 1 0 0 0 1 0 0 0 1 3023.dat
1 0 -110 -80 -130 -1 0 0 0 1 0 0 0 -1 2412b.dat
1 0 150 -48 -30 -1 0 0 0 1 0 0 0 -1 4865b.dat
1 0 110 -48 -30 -1 0 0 0 1 0 0 0 -1 4865b.dat
1 0 70 -48 -30 -1 0 0 0 1 0 0 0 -1 4865b.dat
1 0 70 -48 30 1 0 0 0 1 0 0 0 1 4865b.dat
1 0 110 -48 30 1 0 0 0 1 0 0 0 1 4865b.dat
1 0 150 -48 30 1 0 0 0 1 0 0 0 1 4865b.dat
1 7 190 0 120 0 0 -1 0 1 0 1 0 0 3795.dat
1 7 -110 -16 -50 1 0 0 0 1 0 0 0 1 3660.dat
1 7 -110 -16 50 -1 0 0 0 1 0 0 0 -1 3660.dat
1 7 -140 -16 50 -1 0 0 0 1 0 0 0 -1 4287.dat
1 7 -110 -24 80 -1 0 0 0 1 0 0 0 -1 30119.dat
1 7 -110 -24 -80 1 0 0 0 1 0 0 0 1 30119.dat
1 7 -110 -56 -80 -1 0 0 0 1 0 0 0 -1 30118p6v.dat
1 7 -110 -56 80 1 0 0 0 1 0 0 0 1 30118p6v.dat
1 7 -110 -80 -30 1 0 0 0 1 0 0 0 1 3297.dat
1 7 -110 -80 30 -1 0 0 0 1 0 0 0 -1 3297.dat
1 7 -130 -104 30 -1 0 0 0 1 0 0 0 -1 3937.dat
1 7 -90 -104 30 -1 0 0 0 1 0 0 0 -1 3937.dat
1 7 -90 -104 -30 1 0 0 0 1 0 0 0 1 3937.dat
1 7 -130 -104 -30 1 0 0 0 1 0 0 0 1 3937.dat
1 7 -120 -112.794 47.912 -1 0 0 0 0.707107 -0.707107 0 -0.707107 -0.707107 Part 3.ldr
1 7 -120 -112.385 -48.385 -1 0 0 0 0.707107 0.707107 0 0.707107 -0.707107 Part 2.ldr
1 7 -80 -16 50 -1 0 0 0 1 0 0 0 -1 4287.dat
1 7 -80 -16 -50 1 0 0 0 1 0 0 0 1 4287.dat
1 7 -140 -16 -50 1 0 0 0 1 0 0 0 1 4287.dat
1 7 140 -16 -110 0 0 1 0 1 0 -1 0 0 2462.dat
1 7 210 16 0 0 0 1 0 1 0 -1 0 0 4032b.dat
1 7 30 16 0 0 0 1 0 1 0 -1 0 0 4032b.dat
1 0 30 24 0 0 0 1 0 1 0 -1 0 0 3940.dat
1 0 130 24 -60 0 0 1 0 1 0 -1 0 0 3940.dat
1 0 210 24 0 0 0 1 0 1 0 -1 0 0 3940.dat
1 0 130 24 60 0 0 1 0 1 0 -1 0 0 3940.dat
1 0 -110 24 40 0 0 1 0 1 0 -1 0 0 3940.dat
1 0 -110 24 -40 0 0 1 0 1 0 -1 0 0 3940.dat
1 7 130 16 -60 0 0 1 0 1 0 -1 0 0 4032b.dat
1 7 130 16 60 0 0 1 0 1 0 -1 0 0 4032b.dat
1 7 -110 16 40 0 0 1 0 1 0 -1 0 0 4032b.dat
1 7 -110 16 -40 0 0 1 0 1 0 -1 0 0 4032b.dat
1 7 140 -16 110 -1 0 0 0 1 0 0 0 -1 2462.dat
1 7 100 -16 -70 0 0 1 0 1 0 -1 0 0 4070.dat
1 7 -60 -16 -30 1 0 0 0 1 0 0 0 1 4070.dat
1 7 -60 -16 30 -1 0 0 0 1 0 0 0 -1 4070.dat
1 7 20 -72 50 -1 0 0 0 1 0 0 0 -1 4070.dat
1 7 40 -72 50 -1 0 0 0 1 0 0 0 -1 4070.dat
1 7 40 -72 -50 1 0 0 0 1 0 0 0 1 4070.dat
1 7 20 -72 -50 1 0 0 0 1 0 0 0 1 4070.dat
0 LPUB PLI BEGIN SUB 73590b.dat 0
0 SYNTH BEGIN PLI_HOSE_FLEXIBLE_8.5L_WITH_TABS 0
0 1 22 -60 -6 50 -1 0 0 0 0 -1 0 -1 0 LS02.dat
0 1 22 -90 -56 130 0 1 0 0 0 -1 -1 0 0 LS02.dat
0 SYNTH SHOW
0 SYNTH SYNTHESIZED BEGIN
1 0 -60 -6 50 -1 -0.0006 0 0 -0.0671 -0.9977 -0.0006 0.9977 -0.0671 755.dat
1 0 -60.0105 -6.7375 56.9079 -0.9997 -0.0027 0.0258 -0.025 -0.1573 -0.9872 -0.0067 0.9875 -0.1572 756.dat
1 0 -60.0238 -7.2356 59.016 -0.9992 -0.0052 0.04 -0.038 -0.2099 -0.977 -0.0135 0.9777 -0.2095 756.dat
1 0 -60.0444 -7.827 61.1045 -0.9985 -0.0083 0.0544 -0.0505 -0.2552 -0.9656 -0.0219 0.9668 -0.2544 756.dat
1 0 -60.0731 -8.4994 63.1705 -0.9976 -0.0119 0.0688 -0.0623 -0.2946 -0.9536 -0.0316 0.9556 -0.2931 756.dat
1 0 -60.1108 -9.2421 65.2121 -0.9964 -0.0159 0.0834 -0.0736 -0.3289 -0.9415 -0.0424 0.9442 -0.3265 756.dat
1 0 -60.1584 -10.0462 67.2283 -0.995 -0.0202 0.098 -0.0842 -0.3589 -0.9296 -0.054 0.9331 -0.3554 756.dat
1 0 -60.2164 -10.904 69.2186 -0.9933 -0.025 0.1126 -0.0943 -0.3855 -0.9179 -0.0663 0.9224 -0.3806 756.dat
1 0 -60.2859 -11.8141 71.195 -0.9914 -0.03 0.1272 -0.104 -0.4092 -0.9065 -0.0793 0.912 -0.4026 756.dat
1 0 -60.3671 -12.7662 73.146 -0.9892 -0.0354 0.1419 -0.1131 -0.4303 -0.8956 -0.0927 0.902 -0.4217 756.dat
1 0 -60.4607 -13.7555 75.0724 -0.9868 -0.041 0.1566 -0.1218 -0.4492 -0.8851 -0.1066 0.8925 -0.4383 756.dat
1 0 -60.5672 -14.7783 76.9754 -0.9841 -0.047 0.1712 -0.13 -0.4663 -0.875 -0.1209 0.8834 -0.4528 756.dat
1 0 -60.688 -15.8375 78.8675 -0.9811 -0.0532 0.1858 -0.1378 -0.4818 -0.8654 -0.1356 0.8747 -0.4654 756.dat
1 0 -60.8231 -16.9244 80.7384 -0.9779 -0.0598 0.2004 -0.1451 -0.496 -0.8561 -0.1506 0.8663 -0.4763 756.dat
1 0 -60.9742 -18.0434 82.6009 -0.9743 -0.0668 0.2151 -0.1522 -0.5089 -0.8473 -0.166 0.8582 -0.4857 756.dat
1 0 -61.1405 -19.1796 84.4341 -0.9705 -0.074 0.2296 -0.1587 -0.5207 -0.8388 -0.1816 0.8505 -0.4936 756.dat
1 0 -61.3246 -20.3448 86.2614 -0.9663 -0.0817 0.2441 -0.1649 -0.5316 -0.8308 -0.1976 0.843 -0.5002 756.dat
1 0 -61.5265 -21.5311 88.0734 -0.9618 -0.0898 0.2585 -0.1707 -0.5416 -0.8231 -0.2139 0.8358 -0.5056 756.dat
1 0 -61.7463 -22.7306 89.8607 -0.957 -0.0983 0.2728 -0.176 -0.5508 -0.8159 -0.2304 0.8288 -0.5099 756.dat
1 0 -61.9861 -23.9494 91.6356 -0.9519 -0.1073 0.287 -0.1809 -0.5593 -0.809 -0.2473 0.822 -0.513 756.dat
1 0 -62.2474 -25.1868 93.3992 -0.9464 -0.1168 0.3011 -0.1853 -0.5672 -0.8025 -0.2645 0.8153 -0.5152 756.dat
1 0 -62.5317 -26.4424 95.1528 -0.9405 -0.1269 0.3152 -0.1894 -0.5744 -0.7963 -0.2821 0.8087 -0.5162 756.dat
1 0 -62.839 -27.7082 96.887 -0.9342 -0.1376 0.329 -0.1929 -0.5811 -0.7906 -0.3 0.8021 -0.5163 756.dat
1 0 -63.1725 -28.9912 98.6133 -0.9275 -0.1489 0.3428 -0.196 -0.5872 -0.7854 -0.3182 0.7956 -0.5154 756.dat
1 0 -63.5304 -30.2757 100.312 -0.9204 -0.161 0.3563 -0.1984 -0.5927 -0.7806 -0.3369 0.7891 -0.5136 756.dat
1 0 -63.9209 -31.5841 102.014 -0.9127 -0.174 0.3697 -0.2004 -0.5977 -0.7762 -0.3561 0.7826 -0.5107 756.dat
1 0 -64.3396 -32.8926 103.69 -0.9046 -0.1879 0.3827 -0.2017 -0.6022 -0.7725 -0.3756 0.7759 -0.5068 756.dat
1 0 -64.7915 -34.2081 105.349 -0.8958 -0.2029 0.3955 -0.2023 -0.6061 -0.7692 -0.3958 0.7691 -0.5019 756.dat
1 0 -65.2817 -35.5376 107.002 -0.8863 -0.219 0.4079 -0.2023 -0.6094 -0.7667 -0.4165 0.762 -0.4958 756.dat
1 0 -65.8081 -36.8638 108.629 -0.8762 -0.2365 0.4199 -0.2014 -0.612 -0.7648 -0.4379 0.7546 -0.4886 756.dat
1 0 -66.3797 -38.2016 110.248 -0.8652 -0.2555 0.4315 -0.1996 -0.614 -0.7637 -0.46 0.7468 -0.4802 756.dat
1 0 -66.9942 -39.5324 111.837 -0.8532 -0.2762 0.4425 -0.1968 -0.6151 -0.7635 -0.483 0.7385 -0.4705 756.dat
1 0 -67.6628 -40.8705 113.415 -0.8401 -0.2988 0.4527 -0.193 -0.6153 -0.7643 -0.507 0.7294 -0.4592 756.dat
1 0 -68.3868 -42.2045 114.97 -0.8256 -0.3238 0.4621 -0.1879 -0.6144 -0.7663 -0.532 0.7195 -0.4464 756.dat
1 0 -69.1713 -43.5304 116.497 -0.8096 -0.3512 0.4703 -0.1815 -0.6122 -0.7696 -0.5582 0.7084 -0.4319 756.dat
1 0 -70.0224 -44.8434 117.992 -0.7916 -0.3816 0.4772 -0.1735 -0.6084 -0.7744 -0.5859 0.6958 -0.4154 756.dat
1 0 -70.952 -46.1456 119.457 -0.7712 -0.4155 0.4822 -0.1637 -0.6026 -0.7811 -0.6151 0.6813 -0.3967 756.dat
1 0 -71.9681 -47.4291 120.886 -0.7479 -0.4534 0.4849 -0.1519 -0.5942 -0.7899 -0.6462 0.6644 -0.3755 756.dat
1 0 -73.0793 -48.6837 122.268 -0.7207 -0.4957 0.4846 -0.1379 -0.5825 -0.8011 -0.6794 0.6442 -0.3514 756.dat
1 0 -74.3013 -49.9047 123.598 -0.6888 -0.543 0.4802 -0.1216 -0.5665 -0.815 -0.7146 0.6198 -0.3242 756.dat
1 0 -75.6354 -51.0682 124.852 -0.6511 -0.5955 0.4706 -0.1028 -0.5451 -0.832 -0.752 0.5901 -0.2937 756.dat
1 0 -77.0971 -52.1623 126.019 -0.6059 -0.6532 0.4541 -0.0817 -0.5166 -0.8523 -0.7913 0.5535 -0.2597 756.dat
1 0 -78.7007 -53.1703 127.083 -0.5516 -0.7156 0.4286 -0.0588 -0.4792 -0.8757 -0.8321 0.5082 -0.2222 756.dat
1 0 -80.4476 -54.0641 128.017 -0.4864 -0.7808 0.3921 -0.0352 -0.4309 -0.9017 -0.873 0.4524 -0.1821 756.dat
1 0 -82.3411 -54.821 128.8 -0.4099 -0.8452 0.3429 -0.013 -0.3704 -0.9288 -0.912 0.3852 -0.1409 756.dat
1 0 -84.3443 -55.4044 129.398 -0.3231 -0.9039 0.2803 0.0053 -0.298 -0.9546 -0.9463 0.3069 -0.1011 756.dat
1 0 -86.455 -55.807 129.807 -0.2293 -0.9512 0.2064 0.0167 -0.2158 -0.9763 -0.9732 0.2204 -0.0654 756.dat
1 0 -88.6103 -56.0142 130.015 -0.1343 -0.983 0.1254 0.0195 -0.1291 -0.9914 -0.9907 0.1307 -0.0365 756.dat
1 0 -90.7845 -56.0332 130.034 -0.0431 -0.9982 0.0416 0.0133 -0.0423 -0.999 -0.999 0.0425 -0.0151 756.dat
1 0 -94.991 -56.2113 130.213 -0.0425 0.9982 0.0423 -0.0011 0.0423 -0.9991 -0.9991 -0.0425 -0.0007 755.dat
0 SYNTH SYNTHESIZED END
0 SYNTH END
0 LPUB PLI END
0 LPUB PLI BEGIN SUB 73590b.dat 0
0 SYNTH BEGIN PLI_HOSE_FLEXIBLE_8.5L_WITH_TABS 0
0 1 14 30 -64 -74 1 0 0 0 0 -1 0 1 0 LS02.dat
0 1 14 130 -46 -150 0 -1 0 0 0 -1 1 0 0 LS02.dat
0 SYNTH SHOW
0 SYNTH SYNTHESIZED BEGIN
1 0 30 -64 -74 0.9955 0.095 0.0012 -0.0012 0.0243 -0.9997 0.095 -0.9952 -0.0243 755.dat
1 0 31.0719 -63.7273 -80.8439 0.9726 0.2322 0.0116 -0.0021 0.0589 -0.9983 0.2325 -0.9709 -0.0578 756.dat
1 0 31.9604 -63.5033 -83.3796 0.9473 0.3198 0.0209 -0.0052 0.0806 -0.9967 0.3204 -0.944 -0.0781 756.dat
1 0 33.0365 -63.2339 -85.8424 0.92 0.3907 0.0303 -0.0088 0.0979 -0.9952 0.3917 -0.9153 -0.0935 756.dat
1 0 34.2635 -62.9287 -88.2268 0.893 0.4483 0.0394 -0.0122 0.1116 -0.9937 0.4499 -0.8869 -0.1051 756.dat
1 0 35.6178 -62.5942 -90.544 0.8672 0.4956 0.0479 -0.0153 0.1225 -0.9923 0.4977 -0.8598 -0.1138 756.dat
1 0 37.067 -62.2385 -92.7769 0.843 0.5351 0.0557 -0.0179 0.1314 -0.9912 0.5377 -0.8345 -0.1204 756.dat
1 0 38.6169 -61.8608 -94.9673 0.8203 0.5685 0.0629 -0.0201 0.1386 -0.9901 0.5716 -0.8109 -0.1252 756.dat
1 0 40.2336 -61.4695 -97.0865 0.7993 0.5969 0.0695 -0.0219 0.1446 -0.9892 0.6005 -0.7892 -0.1287 756.dat
1 0 41.9135 -61.0657 -99.149 0.7797 0.6216 0.0756 -0.0233 0.1495 -0.9885 0.6257 -0.769 -0.1311 756.dat
1 0 43.6567 -60.6497 -101.168 0.7613 0.6433 0.0812 -0.0244 0.1536 -0.9878 0.6479 -0.7501 -0.1327 756.dat
1 0 45.4551 -60.2238 -103.146 0.7441 0.6624 0.0864 -0.0252 0.157 -0.9873 0.6676 -0.7325 -0.1335 756.dat
1 0 47.291 -59.7922 -105.07 0.728 0.6795 0.0912 -0.0257 0.1599 -0.9868 0.6851 -0.716 -0.1338 756.dat
1 0 49.17 -59.3539 -106.954 0.7127 0.695 0.0956 -0.0259 0.1622 -0.9864 0.701 -0.7005 -0.1336 756.dat
1 0 51.0877 -58.9101 -108.801 0.6981 0.709 0.0997 -0.026 0.1642 -0.9861 0.7155 -0.6858 -0.133 756.dat
1 0 53.041 -58.4618 -110.611 0.6842 0.7219 0.1035 -0.0258 0.1658 -0.9858 0.7288 -0.6719 -0.1321 756.dat
1 0 55.027 -58.0099 -112.386 0.671 0.7337 0.107 -0.0255 0.1671 -0.9856 0.7411 -0.6586 -0.1308 756.dat
1 0 57.0319 -57.5577 -114.118 0.6582 0.7448 0.1103 -0.0251 0.1681 -0.9854 0.7525 -0.6458 -0.1293 756.dat
1 0 59.0782 -57.1004 -115.829 0.6458 0.7551 0.1134 -0.0245 0.1689 -0.9853 0.7631 -0.6335 -0.1276 756.dat
1 0 61.1407 -56.6439 -117.499 0.6337 0.7648 0.1162 -0.0239 0.1695 -0.9852 0.7732 -0.6216 -0.1256 756.dat
1 0 63.231 -56.1858 -119.141 0.622 0.774 0.1188 -0.0231 0.1698 -0.9852 0.7827 -0.61 -0.1235 756.dat
1 0 65.3489 -55.7266 -120.756 0.6105 0.7827 0.1212 -0.0223 0.1699 -0.9852 0.7917 -0.5988 -0.1212 756.dat
1 0 67.482 -55.2691 -122.335 0.5992 0.7911 0.1234 -0.0214 0.1699 -0.9852 0.8003 -0.5877 -0.1187 756.dat
1 0 69.6432 -54.811 -123.89 0.588 0.7991 0.1254 -0.0204 0.1696 -0.9853 0.8086 -0.5768 -0.1161 756.dat
1 0 71.8203 -54.3551 -125.412 0.5769 0.8069 0.1272 -0.0194 0.1692 -0.9854 0.8166 -0.566 -0.1133 756.dat
1 0 74.0267 -53.899 -126.912 0.5658 0.8144 0.1288 -0.0184 0.1686 -0.9855 0.8243 -0.5552 -0.1104 756.dat
1 0 76.2378 -53.4481 -128.372 0.5547 0.8218 0.1302 -0.0173 0.1678 -0.9857 0.8319 -0.5445 -0.1073 756.dat
1 0 78.4803 -52.9975 -129.811 0.5436 0.829 0.1314 -0.0162 0.1669 -0.9858 0.8392 -0.5337 -0.1042 756.dat
1 0 80.7424 -52.55 -131.221 0.5323 0.8361 0.1323 -0.0151 0.1657 -0.9861 0.8464 -0.5229 -0.1009 756.dat
1 0 83.0122 -52.1085 -132.595 0.5209 0.8432 0.1331 -0.014 0.1643 -0.9863 0.8535 -0.5119 -0.0974 756.dat
1 0 85.3174 -51.668 -133.948 0.5092 0.8502 0.1336 -0.0129 0.1628 -0.9866 0.8605 -0.5007 -0.0939 756.dat
1 0 87.6328 -51.2341 -135.265 0.4973 0.8572 0.1338 -0.0118 0.161 -0.9869 0.8675 -0.4892 -0.0902 756.dat
1 0 89.9595 -50.8073 -136.545 0.4851 0.8642 0.1338 -0.0108 0.1589 -0.9872 0.8744 -0.4774 -0.0864 756.dat
1 0 92.3124 -50.3854 -137.797 0.4723 0.8713 0.1335 -0.0098 0.1566 -0.9876 0.8814 -0.4652 -0.0825 756.dat
1 0 94.6794 -49.9717 -139.011 0.4591 0.8784 0.1328 -0.0088 0.154 -0.988 0.8884 -0.4524 -0.0784 756.dat
1 0 97.0756 -49.5644 -140.193 0.4451 0.8857 0.1318 -0.0078 0.151 -0.9885 0.8954 -0.439 -0.0742 756.dat
1 0 99.4882 -49.1669 -141.336 0.4304 0.8932 0.1303 -0.007 0.1476 -0.989 0.9026 -0.4248 -0.0698 756.dat
1 0 101.918 -48.7805 -142.435 0.4148 0.9008 0.1283 -0.0062 0.1438 -0.9896 0.9099 -0.4097 -0.0652 756.dat
1 0 104.381 -48.404 -143.496 0.398 0.9087 0.1258 -0.0054 0.1395 -0.9902 0.9174 -0.3934 -0.0605 756.dat
1 0 106.849 -48.0438 -144.501 0.3799 0.9169 0.1226 -0.0048 0.1346 -0.9909 0.925 -0.3758 -0.0556 756.dat
1 0 109.35 -47.6975 -145.458 0.36 0.9254 0.1187 -0.0043 0.1289 -0.9917 0.9329 -0.3565 -0.0504 756.dat
1 0 111.871 -47.37 -146.354 0.3381 0.9342 0.1137 -0.004 0.1223 -0.9925 0.9411 -0.3351 -0.0451 756.dat
1 0 114.426 -47.0624 -147.189 0.3135 0.9435 0.1076 -0.0037 0.1145 -0.9934 0.9496 -0.311 -0.0394 756.dat
1 0 116.998 -46.7811 -147.945 0.2856 0.9531 0.1 -0.0037 0.1054 -0.9944 0.9583 -0.2837 -0.0336 756.dat
1 0 119.599 -46.5293 -148.615 0.2535 0.9631 0.0905 -0.0037 0.0945 -0.9955 0.9673 -0.252 -0.0275 756.dat
1 0 122.226 -46.3143 -149.183 0.2156 0.9733 0.0785 -0.0038 0.0812 -0.9967 0.9765 -0.2146 -0.0212 756.dat
1 0 124.887 -46.1442 -149.627 0.1701 0.9834 0.0632 -0.0039 0.0648 -0.9979 0.9854 -0.1695 -0.0148 756.dat
1 0 127.569 -46.032 -149.918 0.1141 0.9925 0.0432 -0.0037 0.0439 -0.999 0.9935 -0.1138 -0.0086 756.dat
1 0 130.268 -45.9956 -150.011 0.0426 0.999 0.0164 -0.0025 0.0165 -0.9999 0.9991 -0.0425 -0.0032 756.dat
1 0 134.995 -45.9173 -150.213 0.0425 -0.999 0.0166 0.0008 -0.0165 -0.9999 0.9991 0.0425 0.0001 755.dat
0 SYNTH SYNTHESIZED END
0 SYNTH END
0 LPUB PLI END
0 LPUB PLI BEGIN SUB 73590b.dat 0
0 SYNTH BEGIN PLI_HOSE_FLEXIBLE_8.5L_WITH_TABS 0
0 1 2 -60 -6 -50 1 0 0 0 0 -1 0 1 0 LS02.dat
0 1 2 -90 -56 -130 0 1 0 0 0 -1 -1 0 0 LS02.dat
0 SYNTH SHOW
0 SYNTH SYNTHESIZED BEGIN
1 0 -60 -6 -50 1 -0.0006 0 -0 -0.0671 -0.9977 -0.0006 -0.9977 0.0671 755.dat
1 0 -60.0105 -6.7375 -56.9079 0.9997 -0.0027 0.0258 0.025 -0.1573 -0.9872 -0.0067 -0.9875 0.1572 756.dat
1 0 -60.0238 -7.2356 -59.016 0.9992 -0.0052 0.04 0.038 -0.2099 -0.977 -0.0135 -0.9777 0.2095 756.dat
1 0 -60.0444 -7.827 -61.1045 0.9985 -0.0083 0.0544 0.0505 -0.2552 -0.9656 -0.0219 -0.9668 0.2544 756.dat
1 0 -60.0731 -8.4994 -63.1705 0.9976 -0.0119 0.0688 0.0623 -0.2946 -0.9536 -0.0316 -0.9556 0.2931 756.dat
1 0 -60.1108 -9.2421 -65.2121 0.9964 -0.0159 0.0834 0.0736 -0.3289 -0.9415 -0.0424 -0.9442 0.3265 756.dat
1 0 -60.1584 -10.0462 -67.2283 0.995 -0.0202 0.098 0.0842 -0.3589 -0.9296 -0.054 -0.9331 0.3554 756.dat
1 0 -60.2164 -10.904 -69.2186 0.9933 -0.025 0.1126 0.0943 -0.3855 -0.9179 -0.0663 -0.9224 0.3806 756.dat
1 0 -60.2859 -11.8141 -71.195 0.9914 -0.03 0.1272 0.104 -0.4092 -0.9065 -0.0793 -0.912 0.4026 756.dat
1 0 -60.3671 -12.7662 -73.146 0.9892 -0.0354 0.1419 0.1131 -0.4303 -0.8956 -0.0927 -0.902 0.4217 756.dat
1 0 -60.4607 -13.7555 -75.0724 0.9868 -0.041 0.1566 0.1218 -0.4492 -0.8851 -0.1066 -0.8925 0.4383 756.dat
1 0 -60.5672 -14.7783 -76.9754 0.9841 -0.047 0.1712 0.13 -0.4663 -0.875 -0.1209 -0.8834 0.4528 756.dat
1 0 -60.688 -15.8375 -78.8675 0.9811 -0.0532 0.1858 0.1378 -0.4818 -0.8654 -0.1356 -0.8747 0.4654 756.dat
1 0 -60.8231 -16.9244 -80.7384 0.9779 -0.0598 0.2004 0.1451 -0.496 -0.8561 -0.1506 -0.8663 0.4763 756.dat
1 0 -60.9742 -18.0434 -82.6009 0.9743 -0.0668 0.2151 0.1522 -0.5089 -0.8473 -0.166 -0.8582 0.4857 756.dat
1 0 -61.1405 -19.1796 -84.4341 0.9705 -0.074 0.2296 0.1587 -0.5207 -0.8388 -0.1816 -0.8505 0.4936 756.dat
1 0 -61.3246 -20.3448 -86.2614 0.9663 -0.0817 0.2441 0.1649 -0.5316 -0.8308 -0.1976 -0.843 0.5002 756.dat
1 0 -61.5265 -21.5311 -88.0734 0.9618 -0.0898 0.2585 0.1707 -0.5416 -0.8231 -0.2139 -0.8358 0.5056 756.dat
1 0 -61.7463 -22.7306 -89.8607 0.957 -0.0983 0.2728 0.176 -0.5508 -0.8159 -0.2304 -0.8288 0.5099 756.dat
1 0 -61.9861 -23.9494 -91.6356 0.9519 -0.1073 0.287 0.1809 -0.5593 -0.809 -0.2473 -0.822 0.513 756.dat
1 0 -62.2474 -25.1868 -93.3992 0.9464 -0.1168 0.3011 0.1853 -0.5672 -0.8025 -0.2645 -0.8153 0.5152 756.dat
1 0 -62.5317 -26.4424 -95.1528 0.9405 -0.1269 0.3152 0.1894 -0.5744 -0.7963 -0.2821 -0.8087 0.5162 756.dat
1 0 -62.839 -27.7082 -96.887 0.9342 -0.1376 0.329 0.1929 -0.5811 -0.7906 -0.3 -0.8021 0.5163 756.dat
1 0 -63.1725 -28.9912 -98.6133 0.9275 -0.1489 0.3428 0.196 -0.5872 -0.7854 -0.3182 -0.7956 0.5154 756.dat
1 0 -63.5304 -30.2757 -100.312 0.9204 -0.161 0.3563 0.1984 -0.5927 -0.7806 -0.3369 -0.7891 0.5136 756.dat
1 0 -63.9209 -31.5841 -102.014 0.9127 -0.174 0.3697 0.2004 -0.5977 -0.7762 -0.3561 -0.7826 0.5107 756.dat
1 0 -64.3396 -32.8926 -103.69 0.9046 -0.1879 0.3827 0.2017 -0.6022 -0.7725 -0.3756 -0.7759 0.5068 756.dat
1 0 -64.7915 -34.2081 -105.349 0.8958 -0.2029 0.3955 0.2023 -0.6061 -0.7692 -0.3958 -0.7691 0.5019 756.dat
1 0 -65.2817 -35.5376 -107.002 0.8863 -0.219 0.4079 0.2023 -0.6094 -0.7667 -0.4165 -0.762 0.4958 756.dat
1 0 -65.8081 -36.8638 -108.629 0.8762 -0.2365 0.4199 0.2014 -0.612 -0.7648 -0.4379 -0.7546 0.4886 756.dat
1 0 -66.3797 -38.2016 -110.248 0.8652 -0.2555 0.4315 0.1996 -0.614 -0.7637 -0.46 -0.7468 0.4802 756.dat
1 0 -66.9942 -39.5324 -111.837 0.8532 -0.2762 0.4425 0.1968 -0.6151 -0.7635 -0.483 -0.7385 0.4705 756.dat
1 0 -67.6628 -40.8705 -113.415 0.8401 -0.2988 0.4527 0.193 -0.6153 -0.7643 -0.507 -0.7294 0.4592 756.dat
1 0 -68.3868 -42.2045 -114.97 0.8256 -0.3238 0.4621 0.1879 -0.6144 -0.7663 -0.532 -0.7195 0.4464 756.dat
1 0 -69.1713 -43.5304 -116.497 0.8096 -0.3512 0.4703 0.1815 -0.6122 -0.7696 -0.5582 -0.7084 0.4319 756.dat
1 0 -70.0224 -44.8434 -117.992 0.7916 -0.3816 0.4772 0.1735 -0.6084 -0.7744 -0.5859 -0.6958 0.4154 756.dat
1 0 -70.952 -46.1456 -119.457 0.7712 -0.4155 0.4822 0.1637 -0.6026 -0.7811 -0.6151 -0.6813 0.3967 756.dat
1 0 -71.9681 -47.4291 -120.886 0.7479 -0.4534 0.4849 0.1519 -0.5942 -0.7899 -0.6462 -0.6644 0.3755 756.dat
1 0 -73.0793 -48.6837 -122.268 0.7207 -0.4957 0.4846 0.1379 -0.5825 -0.8011 -0.6794 -0.6442 0.3514 756.dat
1 0 -74.3013 -49.9047 -123.598 0.6888 -0.543 0.4802 0.1216 -0.5665 -0.815 -0.7146 -0.6198 0.3242 756.dat
1 0 -75.6354 -51.0682 -124.852 0.6511 -0.5955 0.4706 0.1028 -0.5451 -0.832 -0.752 -0.5901 0.2937 756.dat
1 0 -77.0971 -52.1623 -126.019 0.6059 -0.6532 0.4541 0.0817 -0.5166 -0.8523 -0.7913 -0.5535 0.2597 756.dat
1 0 -78.7007 -53.1703 -127.083 0.5516 -0.7156 0.4286 0.0588 -0.4792 -0.8757 -0.8321 -0.5082 0.2222 756.dat
1 0 -80.4476 -54.0641 -128.017 0.4864 -0.7808 0.3921 0.0352 -0.4309 -0.9017 -0.873 -0.4524 0.1821 756.dat
1 0 -82.3411 -54.821 -128.8 0.4099 -0.8452 0.3429 0.013 -0.3704 -0.9288 -0.912 -0.3852 0.1409 756.dat
1 0 -84.3443 -55.4044 -129.398 0.3231 -0.9039 0.2803 -0.0053 -0.298 -0.9546 -0.9463 -0.3069 0.1011 756.dat
1 0 -86.455 -55.807 -129.807 0.2293 -0.9512 0.2064 -0.0167 -0.2158 -0.9763 -0.9732 -0.2204 0.0654 756.dat
1 0 -88.6103 -56.0142 -130.015 0.1343 -0.983 0.1254 -0.0195 -0.1291 -0.9914 -0.9907 -0.1307 0.0365 756.dat
1 0 -90.7845 -56.0332 -130.034 0.0431 -0.9982 0.0416 -0.0133 -0.0423 -0.999 -0.999 -0.0425 0.0151 756.dat
1 0 -94.991 -56.2113 -130.213 0.0425 0.9982 0.0423 0.0011 0.0423 -0.9991 -0.9991 0.0425 0.0007 755.dat
0 SYNTH SYNTHESIZED END
0 SYNTH END
0 LPUB PLI END
0 LPUB PLI BEGIN SUB 73590b.dat 0
0 SYNTH BEGIN PLI_HOSE_FLEXIBLE_8.5L_WITH_TABS 0
0 1 25 30 -64 74 -1 0 0 0 0 -1 0 -1 0 LS02.dat
0 1 25 130 -46 150 0 -1 0 0 0 -1 1 0 0 LS02.dat
0 SYNTH SHOW
0 SYNTH SYNTHESIZED BEGIN
1 0 30 -64 74 -0.9955 0.095 0.0012 0.0012 0.0243 -0.9997 0.095 0.9952 0.0243 755.dat
1 0 31.0719 -63.7273 80.8439 -0.9726 0.2322 0.0116 0.0021 0.0589 -0.9983 0.2325 0.9709 0.0578 756.dat
1 0 31.9604 -63.5033 83.3796 -0.9473 0.3198 0.0209 0.0052 0.0806 -0.9967 0.3204 0.944 0.0781 756.dat
1 0 33.0365 -63.2339 85.8424 -0.92 0.3907 0.0303 0.0088 0.0979 -0.9952 0.3917 0.9153 0.0935 756.dat
1 0 34.2635 -62.9287 88.2268 -0.893 0.4483 0.0394 0.0122 0.1116 -0.9937 0.4499 0.8869 0.1051 756.dat
1 0 35.6178 -62.5942 90.544 -0.8672 0.4956 0.0479 0.0153 0.1225 -0.9923 0.4977 0.8598 0.1138 756.dat
1 0 37.067 -62.2385 92.7769 -0.843 0.5351 0.0557 0.0179 0.1314 -0.9912 0.5377 0.8345 0.1204 756.dat
1 0 38.6169 -61.8608 94.9673 -0.8203 0.5685 0.0629 0.0201 0.1386 -0.9901 0.5716 0.8109 0.1252 756.dat
1 0 40.2336 -61.4695 97.0865 -0.7993 0.5969 0.0695 0.0219 0.1446 -0.9892 0.6005 0.7892 0.1287 756.dat
1 0 41.9135 -61.0657 99.149 -0.7797 0.6216 0.0756 0.0233 0.1495 -0.9885 0.6257 0.769 0.1311 756.dat
1 0 43.6567 -60.6497 101.168 -0.7613 0.6433 0.0812 0.0244 0.1536 -0.9878 0.6479 0.7501 0.1327 756.dat
1 0 45.4551 -60.2238 103.146 -0.7441 0.6624 0.0864 0.0252 0.157 -0.9873 0.6676 0.7325 0.1335 756.dat
1 0 47.291 -59.7922 105.07 -0.728 0.6795 0.0912 0.0257 0.1599 -0.9868 0.6851 0.716 0.1338 756.dat
1 0 49.17 -59.3539 106.954 -0.7127 0.695 0.0956 0.0259 0.1622 -0.9864 0.701 0.7005 0.1336 756.dat
1 0 51.0877 -58.9101 108.801 -0.6981 0.709 0.0997 0.026 0.1642 -0.9861 0.7155 0.6858 0.133 756.dat
1 0 53.041 -58.4618 110.611 -0.6842 0.7219 0.1035 0.0258 0.1658 -0.9858 0.7288 0.6719 0.1321 756.dat
1 0 55.027 -58.0099 112.386 -0.671 0.7337 0.107 0.0255 0.1671 -0.9856 0.7411 0.6586 0.1308 756.dat
1 0 57.0319 -57.5577 114.118 -0.6582 0.7448 0.1103 0.0251 0.1681 -0.9854 0.7525 0.6458 0.1293 756.dat
1 0 59.0782 -57.1004 115.829 -0.6458 0.7551 0.1134 0.0245 0.1689 -0.9853 0.7631 0.6335 0.1276 756.dat
1 0 61.1407 -56.6439 117.499 -0.6337 0.7648 0.1162 0.0239 0.1695 -0.9852 0.7732 0.6216 0.1256 756.dat
1 0 63.231 -56.1858 119.141 -0.622 0.774 0.1188 0.0231 0.1698 -0.9852 0.7827 0.61 0.1235 756.dat
1 0 65.3489 -55.7266 120.756 -0.6105 0.7827 0.1212 0.0223 0.1699 -0.9852 0.7917 0.5988 0.1212 756.dat
1 0 67.482 -55.2691 122.335 -0.5992 0.7911 0.1234 0.0214 0.1699 -0.9852 0.8003 0.5877 0.1187 756.dat
1 0 69.6432 -54.811 123.89 -0.588 0.7991 0.1254 0.0204 0.1696 -0.9853 0.8086 0.5768 0.1161 756.dat
1 0 71.8203 -54.3551 125.412 -0.5769 0.8069 0.1272 0.0194 0.1692 -0.9854 0.8166 0.566 0.1133 756.dat
1 0 74.0267 -53.899 126.912 -0.5658 0.8144 0.1288 0.0184 0.1686 -0.9855 0.8243 0.5552 0.1104 756.dat
1 0 76.2378 -53.4481 128.372 -0.5547 0.8218 0.1302 0.0173 0.1678 -0.9857 0.8319 0.5445 0.1073 756.dat
1 0 78.4803 -52.9975 129.811 -0.5436 0.829 0.1314 0.0162 0.1669 -0.9858 0.8392 0.5337 0.1042 756.dat
1 0 80.7424 -52.55 131.221 -0.5323 0.8361 0.1323 0.0151 0.1657 -0.9861 0.8464 0.5229 0.1009 756.dat
1 0 83.0122 -52.1085 132.595 -0.5209 0.8432 0.1331 0.014 0.1643 -0.9863 0.8535 0.5119 0.0974 756.dat
1 0 85.3174 -51.668 133.948 -0.5092 0.8502 0.1336 0.0129 0.1628 -0.9866 0.8605 0.5007 0.0939 756.dat
1 0 87.6328 -51.2341 135.265 -0.4973 0.8572 0.1338 0.0118 0.161 -0.9869 0.8675 0.4892 0.0902 756.dat
1 0 89.9595 -50.8073 136.545 -0.4851 0.8642 0.1338 0.0108 0.1589 -0.9872 0.8744 0.4774 0.0864 756.dat
1 0 92.3124 -50.3854 137.797 -0.4723 0.8713 0.1335 0.0098 0.1566 -0.9876 0.8814 0.4652 0.0825 756.dat
1 0 94.6794 -49.9717 139.011 -0.4591 0.8784 0.1328 0.0088 0.154 -0.988 0.8884 0.4524 0.0784 756.dat
1 0 97.0756 -49.5644 140.193 -0.4451 0.8857 0.1318 0.0078 0.151 -0.9885 0.8954 0.439 0.0742 756.dat
1 0 99.4882 -49.1669 141.336 -0.4304 0.8932 0.1303 0.007 0.1476 -0.989 0.9026 0.4248 0.0698 756.dat
1 0 101.918 -48.7805 142.435 -0.4148 0.9008 0.1283 0.0062 0.1438 -0.9896 0.9099 0.4097 0.0652 756.dat
1 0 104.381 -48.404 143.496 -0.398 0.9087 0.1258 0.0054 0.1395 -0.9902 0.9174 0.3934 0.0605 756.dat
1 0 106.849 -48.0438 144.501 -0.3799 0.9169 0.1226 0.0048 0.1346 -0.9909 0.925 0.3758 0.0556 756.dat
1 0 109.35 -47.6975 145.458 -0.36 0.9254 0.1187 0.0043 0.1289 -0.9917 0.9329 0.3565 0.0504 756.dat
1 0 111.871 -47.37 146.354 -0.3381 0.9342 0.1137 0.004 0.1223 -0.9925 0.9411 0.3351 0.0451 756.dat
1 0 114.426 -47.0624 147.189 -0.3135 0.9435 0.1076 0.0037 0.1145 -0.9934 0.9496 0.311 0.0394 756.dat
1 0 116.998 -46.7811 147.945 -0.2856 0.9531 0.1 0.0037 0.1054 -0.9944 0.9583 0.2837 0.0336 756.dat
1 0 119.599 -46.5293 148.615 -0.2535 0.9631 0.0905 0.0037 0.0945 -0.9955 0.9673 0.252 0.0275 756.dat
1 0 122.226 -46.3143 149.183 -0.2156 0.9733 0.0785 0.0038 0.0812 -0.9967 0.9765 0.2146 0.0212 756.dat
1 0 124.887 -46.1442 149.627 -0.1701 0.9834 0.0632 0.0039 0.0648 -0.9979 0.9854 0.1695 0.0148 756.dat
1 0 127.569 -46.032 149.918 -0.1141 0.9925 0.0432 0.0037 0.0439 -0.999 0.9935 0.1138 0.0086 756.dat
1 0 130.268 -45.9956 150.011 -0.0426 0.999 0.0164 0.0025 0.0165 -0.9999 0.9991 0.0425 0.0032 756.dat
1 0 134.995 -45.9173 150.213 -0.0425 -0.999 0.0166 -0.0008 -0.0165 -0.9999 0.9991 -0.0425 -0.0001 755.dat
0 SYNTH SYNTHESIZED END
0 SYNTH END
0 LPUB PLI END
1 7 -20 -16 -40 0 0 1 0 1 0 -1 0 0 6565.dat
1 7 -20 -16 40 0 0 1 0 1 0 -1 0 0 6564.dat
1 0 140 -48 -60 0 0 1 0 1 0 -1 0 0 6565.dat
1 0 200 -48 0 0 0 -1 0 1 0 1 0 0 2419.dat
1 0 180 -56 70 0 0 -1 0 1 0 1 0 0 2450.dat
1 0 180 -56 -70 1 0 0 0 1 0 0 0 1 2450.dat
1 0 140 -48 60 0 0 1 0 1 0 -1 0 0 6564.dat
1 7 100 -16 70 0 0 1 0 1 0 -1 0 0 4070.dat
1 7 190 0 -120 0 0 -1 0 1 0 1 0 0 3795.dat
1 7 330 0 0 0 0 -1 0 1 0 1 0 0 3022.dat
1 7 250 0 0 0 0 -1 0 1 0 1 0 0 3020.dat
1 0 250 -8 0 0 0 -1 0 1 0 1 0 0 3020.dat
1 0 90 8 0 0 0 1 0 1 0 -1 0 0 6219.dat
1 0 290 8 -40 0 0 -1 0 1 0 1 0 0 3934.dat
1 0 290 8 40 0 0 -1 0 1 0 1 0 0 3933.dat
1 4 -50 -16 0 1 0 0 0 1 0 0 0 1 3006.dat
1 7 170 -16 0 1 0 0 0 1 0 0 0 1 3001.dat
1 7 180 -40 0 0 0 1 0 1 0 -1 0 0 3298p6u.dat
1 7 100 0 0 0 0 -1 0 1 0 1 0 0 4598.dat
1 7 90 -16 -40 1 0 0 0 1 0 0 0 1 3007.dat
1 7 10 -24 60 0 0 1 0 1 0 -1 0 0 3935.dat
1 7 10 -24 -60 0 0 1 0 1 0 -1 0 0 3936.dat
1 7 -90 -56 -40 0 0 1 0 1 0 -1 0 0 3022.dat
1 7 -90 -56 40 0 0 1 0 1 0 -1 0 0 3022.dat
1 7 110 -24 -100 0 0 1 0 1 0 -1 0 0 6106.dat
1 7 130 -32 -100 1 0 0 0 1 0 0 0 1 3068bp54.dat
1 7 130 -32 100 -1 0 0 0 1 0 0 0 -1 3068bp54.dat
1 0 180 -24 -150 0 0 1 0 1 0 -1 0 0 3024.dat
1 4 280 -24 -110 0 0 1 0 1 0 -1 0 0 4592.dat
1 0 280 -24 -110 0 -1 0 0 0 1 -1 0 0 4593.dat
1 4 280 -24 110 0 0 1 0 1 0 -1 0 0 4592.dat
1 0 280 -24 110 0 -1 0 0 0 1 -1 0 0 4593.dat
1 0 180 -24 150 0 0 1 0 1 0 -1 0 0 3024.dat
1 7 170 -48 0 1 0 0 0 1 0 0 0 1 30117p6v.dat
1 7 170 -48 0 0 0 -1 0 1 0 1 0 0 30117p6u.dat
1 7 110 -24 100 -1 0 0 0 1 0 0 0 -1 6106.dat
1 7 90 -16 40 1 0 0 0 1 0 0 0 1 3007.dat
1 4 70 -6 -70 0 1 0 -1 0 0 0 0 1 3062b.dat
1 4 70 -6 70 0 1 0 -1 0 0 0 0 1 3062b.dat
1 0 46 -6 -70 0 1 0 -1 0 0 0 0 1 4589.dat
1 0 46 -6 70 0 1 0 -1 0 0 0 0 1 4589.dat
1 4 190 -8 -150 1 0 0 0 1 0 0 0 1 3023.dat
1 4 40 -96 0 0 0 -1 0 1 0 1 0 0 3023.dat
1 4 -110 64 -210 1 0 0 0 1 0 0 0 1 3023.dat
1 4 -110 0 -130 1 0 0 0 1 0 0 0 1 3023.dat
1 4 -110 -32 -130 1 0 0 0 1 0 0 0 1 3023.dat
1 7 -110 -40 -130 1 0 0 0 1 0 0 0 1 4175.dat
1 0 -110 -48 -130 -1 0 0 0 1 0 0 0 -1 3475a.dat
1 0 -110 -24 130 1 0 0 0 1 0 0 0 1 3004.dat
1 4 -110 0 130 -1 0 0 0 1 0 0 0 -1 3023.dat
1 4 -110 -32 130 -1 0 0 0 1 0 0 0 -1 3023.dat
1 7 -110 -40 130 -1 0 0 0 1 0 0 0 -1 4175.dat
1 0 -110 -48 130 1 0 0 0 1 0 0 0 1 3475a.dat
1 4 160 -32 -150 1 0 0 0 1 0 0 0 1 3623.dat
1 7 150 -40 -150 1 0 0 0 1 0 0 0 1 3023.dat
1 7 150 -40 150 1 0 0 0 1 0 0 0 1 3023.dat
1 4 160 -32 150 1 0 0 0 1 0 0 0 1 3623.dat
1 4 -110 40 -210 1 0 0 0 1 0 0 0 1 2540.dat
1 4 -110 40 210 -1 0 0 0 1 0 0 0 -1 2540.dat
1 4 -110 -136 -210 1 0 0 0 1 0 0 0 1 2540.dat
1 4 -110 -136 210 -1 0 0 0 1 0 0 0 -1 2540.dat
1 4 20 -96 0 0 0 1 0 1 0 -1 0 0 2540.dat
1 0 40 -104 0 0 0 -1 0 1 0 1 0 0 4315.dat
1 0 20 -104 0 0 0 -1 0 1 0 1 0 0 3710.dat
1 0 -110 56 -210 1 0 0 0 1 0 0 0 1 3023.dat
1 0 -110 24 -210 0 0 1 0 1 0 -1 0 0 4595.dat
1 0 -110 -64 -130 0 0 1 0 1 0 -1 0 0 4595.dat
1 0 -110 -64 130 0 0 1 0 1 0 -1 0 0 4595.dat
1 0 150 -56 150 0 0 -1 0 1 0 1 0 0 4595.dat
1 0 150 -56 -150 0 0 -1 0 1 0 1 0 0 4595.dat
1 0 -110 24 210 0 0 1 0 1 0 -1 0 0 4595.dat
1 42 -66 34 210 0 -1 0 0 0 1 -1 0 0 4589.dat
1 42 186 -46 -150 0 1 0 0 0 1 1 0 0 4073.dat
1 42 186 -46 150 0 1 0 0 0 1 1 0 0 4073.dat
1 42 -146 34 209 0 -1 0 0 0 1 -1 0 0 4740.dat
1 42 -206 -5 40 0 -1 0 0 0 1 -1 0 0 4740.dat
1 42 -206 -65 0 0 -1 0 0 0 1 -1 0 0 4740.dat
1 42 -206 -5 -40 0 -1 0 0 0 1 -1 0 0 4740.dat
1 42 -58 34 209 0 -1 0 0 0 1 -1 0 0 2569.dat
1 4 -110 64 210 1 0 0 0 1 0 0 0 1 3023.dat
1 0 -110 56 210 1 0 0 0 1 0 0 0 1 3023.dat
1 4 110 -24 -30 1 0 0 0 1 0 0 0 1 3666.dat
1 4 110 -24 30 1 0 0 0 1 0 0 0 1 3666.dat
1 4 -130 -24 0 0 0 -1 0 1 0 1 0 0 3795.dat
1 4 -90 -24 0 0 0 -1 0 1 0 1 0 0 3795.dat
1 4 -60 -24 -30 1 0 0 0 1 0 0 0 1 2420.dat
1 0 -30 -32 30 1 0 0 0 1 0 0 0 1 4625.dat
1 0 -30 -32 -30 -1 0 0 0 1 0 0 0 -1 4625.dat
1 42 -30 -104 10 -1 0 0 0 1 0 0 0 -1 2582p6u.dat
1 42 -30 -104 -10 1 0 0 0 1 0 0 0 1 2582p6u.dat
1 4 -60 -24 30 0 0 1 0 1 0 -1 0 0 2420.dat
1 4 190 -8 150 1 0 0 0 1 0 0 0 1 3023.dat
1 4 320 -8 0 0 0 -1 0 1 0 1 0 0 3023.dat
1 4 250 -32 0 0 0 -1 0 1 0 1 0 0 3001.dat
1 42 -66 34 -210 0 -1 0 0 0 1 -1 0 0 4589.dat
1 0 -146 -54 -130 0 -1 0 0 0 1 -1 0 0 4588.dat
1 0 -74 -54 -130 0 -1 0 0 0 1 -1 0 0 750.dat
1 0 -60 -6 -52 -1 0 0 0 0 1 0 1 0 750.dat
1 0 -60 -6 52 1 0 0 0 0 1 0 -1 0 750.dat
1 0 30 -62 80 1 0 0 0 0 1 0 -1 0 750.dat
1 0 30 -62 -80 -1 0 0 0 0 1 0 1 0 750.dat
1 0 -74 -54 130 0 -1 0 0 0 1 -1 0 0 750.dat
1 0 114 -48 150 0 1 0 0 0 1 1 0 0 750.dat
1 0 114 -48 -150 0 1 0 0 0 1 1 0 0 750.dat
1 0 -146 -54 130 0 -1 0 0 0 1 -1 0 0 4588.dat
1 42 -146 34 -211 0 -1 0 0 0 1 -1 0 0 4740.dat
1 0 -110 -152 -210 0 0 1 0 1 0 -1 0 0 4595.dat
1 0 -110 -152 210 0 0 1 0 1 0 -1 0 0 4595.dat
1 42 -146 -142 209 0 -1 0 0 0 1 -1 0 0 4740.dat
1 42 -146 -142 -211 0 -1 0 0 0 1 -1 0 0 4740.dat
1 42 -58 34 -211 0 -1 0 0 0 1 -1 0 0 2569.dat
0 
1 42 0 0 0 1 0 0 0 1 0 0 0 1 Part 4.ldr
0
0 FILE Part 2.ldr
0 Part 2
0 Name: Part 2.ldr
0 Author: LDraw
0 Unofficial Model
0 ROTATION CENTER 0 0 0 1 "Custom" 
0 ROTATION CONFIG 0 0
1 0 -30 16 0 1 0 0 0 1 0 0 0 1 3938.dat
1 0 10 16 0 1 0 0 0 1 0 0 0 1 3938.dat
1 0 30 -64 0 1 0 0 0 1 0 0 0 1 3475a.dat
1 7 30 -56 0 0 0 1 0 1 0 -1 0 0 2340.dat
0
0 FILE Part 3.ldr
0 Part 3
0 Name: Part 3.ldr
0 Author: LDraw
0 Unofficial Model
0 ROTATION CENTER 0 0 0 1 "Custom" 
0 ROTATION CONFIG 0 0
1 0 -30 16 0 1 0 0 0 1 0 0 0 1 3938.dat
1 0 10 16 0 1 0 0 0 1 0 0 0 1 3938.dat
1 0 30 -64 0 -1 0 0 0 1 0 0 0 -1 3475a.dat
1 7 30 -56 0 0 0 1 0 1 0 -1 0 0 2340.dat
0
0 FILE Part 4.ldr
0 Part 4
0 Name: Part 4.ldr
0 Author: LDraw
0 Unofficial Model
0 ROTATION CENTER 0 0 0 1 "Custom" 
0 ROTATION CONFIG 0 0
1 7 -110 -112 10 -1 0 0 0 1 0 0 0 -1 4275b.dat
1 7 -110 -112 -10 -1 0 0 0 1 0 0 0 -1 4275b.dat
1 0 -50 -120 0 -1 0 0 0 1 0 0 0 -1 3034.dat
1 0 -70 -168 0 0 0 1 0 1 0 -1 0 0 4746.dat
1 0 -113 -189 0 0 -0.707107 -0.707107 0 0.707107 -0.707107 1 0 0 30034.dat
1 0 -70 -184 0 0 0 1 0 1 0 -1 0 0 4150.dat
1 0 -60 -184 -30 0 0 -1 0 1 0 1 0 0 3959.dat
1 0 -60 -184 30 0 0 -1 0 1 0 1 0 0 3959.dat
1 4 -60 -176 -10 1 0 0 0 1 0 0 0 1 4085b.dat
1 4 -60 -176 10 -1 0 0 0 1 0 0 0 -1 4085b.dat
1 4 -80 -176 0 0 0 1 0 1 0 -1 0 0 2540.dat
1 42 -30 -148 0 0 1 0 0 0 -1 -1 0 0 4740.dat
1 42 -22 -148 0 0 1 0 0 0 -1 -1 0 0 4740.dat
1 42 -36 -184 30 0 1 0 0 0 -1 -1 0 0 4073.dat
1 42 -36 -184 -30 0 1 0 0 0 -1 -1 0 0 4073.dat
1 0 20 -152 0 0 0 1 0 1 0 -1 0 0 2432.dat
1 0 0 -128 0 0 0 -1 0 1 0 1 0 0 3069bp21.dat
0
0
