0 6923 Particle Ionizer
0 Name: 6923_Particle_Ionizer.ldr
0 Author: LEGO
0 bassfoundation@yahoo.com
0 ROTATION CENTER 0 0 0 1 "Custom" 
0 ROTATION CONFIG 0 0
1 4 0 0 60 0 0 1 0 1 0 -1 0 0 4871.dat
1 4 0 0 140 0 0 1 0 1 0 -1 0 0 4871.dat
1 4 0 0 -100 0 0 1 0 1 0 -1 0 0 4854.dat
1 4 0 0 -150 1 0 0 0 1 0 0 0 1 4855.dat
1 4 -30 -8 -100 0 0 1 0 1 0 -1 0 0 3666.dat
1 4 30 -8 -100 0 0 1 0 1 0 -1 0 0 3666.dat
1 4 -30 -8 100 0 0 1 0 1 0 -1 0 0 3666.dat
1 4 30 -8 100 0 0 1 0 1 0 -1 0 0 3666.dat
1 4 -30 -16 -110 0 0 1 0 1 0 -1 0 0 3024.dat
1 4 30 -16 -110 0 0 1 0 1 0 -1 0 0 3024.dat
1 4 0 -8 -200 1 0 0 0 1 0 0 0 1 4859.dat
1 0 -10 -8 60 0 0 1 0 1 0 -1 0 0 2465.dat
1 0 10 -8 60 0 0 1 0 1 0 -1 0 0 2465.dat
1 7 0 -16 -190 -1 0 0 0 1 0 0 0 -1 2540.dat
1 7 0 -17 -164 0 0 -1 -0.866025 -0.5 0 -0.5 0.866025 0 2555.dat
1 4 -50 -16 -150 0 0 1 0 1 0 -1 0 0 2450.dat
1 4 50 -16 -150 1 0 0 0 1 0 0 0 1 2450.dat
1 4 0 -16 -20 0 0 1 0 1 0 -1 0 0 3035.dat
1 0 0 -16 80 -1 0 0 0 1 0 0 0 -1 3034.dat
1 0 0 -16 160 -1 0 0 0 1 0 0 0 -1 3036.dat
1 7 0 -16 -220 1 0 0 0 1 0 0 0 1 4859.dat
1 0 0 24 -140 1 0 0 0 1 0 0 0 1 4032a.dat
1 0 0 24 -80 1 0 0 0 1 0 0 0 1 4032a.dat
1 0 0 24 60 1 0 0 0 1 0 0 0 1 4032a.dat
1 0 0 24 140 1 0 0 0 1 0 0 0 1 4032a.dat
1 0 60 -8 180 1 0 0 0 1 0 0 0 1 4229.dat
1 0 -60 -8 180 1 0 0 0 1 0 0 0 1 4229.dat
1 0 0 -24 40 0 0 1 0 1 0 -1 0 0 3034.dat
1 0 0 -24 -60 -1 0 0 0 1 0 0 0 -1 3034.dat
1 0 -30 -24 -100 0 0 -1 0 1 0 1 0 0 3023.dat
1 0 30 -24 -100 0 0 -1 0 1 0 1 0 0 3023.dat
1 4 0 -24 130 1 0 0 0 1 0 0 0 1 3710.dat
1 4 -70 -24 180 0 0 1 0 1 0 -1 0 0 2419.dat
1 4 70 -24 180 0 0 -1 0 1 0 1 0 0 2419.dat
1 4 -10 -24 180 0 0 -1 0 1 0 1 0 0 2431.dat
1 4 10 -24 180 0 0 -1 0 1 0 1 0 0 2431.dat
1 15 0 -24 -190 -1 0 0 0 1 0 0 0 -1 3069bp68.dat
1 0 -30 -48 100 0 0 1 0 1 0 -1 0 0 2432.dat
1 4 70 -24 100 0 0 1 0 1 0 -1 0 0 3069b.dat
1 4 -70 -24 100 0 0 1 0 1 0 -1 0 0 3069b.dat
1 0 0 -24 -200 1 0 0 0 1 0 0 0 1 4475.dat
1 0 30 -24 50 1 0 0 0 1 0 0 0 1 3024.dat
1 0 -30 -24 50 1 0 0 0 1 0 0 0 1 3024.dat
1 4 -70 -48 180 0 0 1 0 1 0 -1 0 0 3039p68.dat
1 4 70 -48 180 0 0 -1 0 1 0 1 0 0 3039p68.dat
1 0 -70 -48 210 -1 0 0 0 1 0 0 0 -1 4070.dat
1 0 70 -48 210 -1 0 0 0 1 0 0 0 -1 4070.dat
1 4 0 -48 10 -1 0 0 0 1 0 0 0 -1 3004.dat
1 4 0 -32 80 -1 0 0 0 1 0 0 0 -1 3068b.dat
1 0 50 -56 180 0 0 1 0 1 0 -1 0 0 2432.dat
1 0 -50 -56 180 0 0 -1 0 1 0 1 0 0 2432.dat
1 4 0 -32 130 1 0 0 0 1 0 0 0 1 3666.dat
1 0 0 -48 50 1 0 0 0 1 0 0 0 1 3633.dat
1 0 70 -38 240 1 0 0 0 0 1 0 -1 0 4589.dat
1 0 -70 -38 240 1 0 0 0 0 1 0 -1 0 4589.dat
1 0 70 -32 -60 0 0 1 0 1 0 -1 0 0 3069b.dat
1 0 -70 -32 -60 0 0 1 0 1 0 -1 0 0 3069b.dat
1 0 -10 -56 10 0 0 1 0 1 0 -1 0 0 4085a.dat
1 0 10 -56 10 0 0 -1 0 1 0 1 0 0 4085a.dat
1 0 -70 -48 150 0 0 -1 0 1 0 1 0 0 3005.dat
1 0 70 -48 150 0 0 -1 0 1 0 1 0 0 3005.dat
1 4 0 -56 130 1 0 0 0 1 0 0 0 1 3004.dat
1 4 0 -64 130 1 0 0 0 1 0 0 0 1 3023.dat
1 4 0 -72 130 1 0 0 0 1 0 0 0 1 3023.dat
1 4 0 -64 10 1 0 0 0 1 0 0 0 1 3023.dat
1 4 0 -72 10 1 0 0 0 1 0 0 0 1 3023.dat
1 4 0 -72 -40 0 0 1 0 1 0 -1 0 0 2434.dat
1 0 68 -52 -60 0 -1 0 -1 0 0 0 0 -1 3479.dat
1 0 -68 -52 -60 0 1 0 1 0 0 0 0 -1 3479.dat
1 0 70 -72 160 0 0 -1 0 1 0 1 0 0 3937.dat
1 0 70 -72 200 0 0 -1 0 1 0 1 0 0 3937.dat
1 0 -70 -72 160 0 0 1 0 1 0 -1 0 0 3937.dat
1 0 -70 -72 200 0 0 1 0 1 0 -1 0 0 3937.dat
1 4 79.999 -61.999 160 0 -1 0 0 0 1 -1 0 0 3938.dat
1 4 80 -62 200 0 -1 0 0 0 1 -1 0 0 3938.dat
1 4 -80 -62 160 0 1 0 0 0 -1 -1 0 0 3938.dat
1 4 -80 -62 200 0 1 0 0 0 -1 -1 0 0 3938.dat
1 0 30 -51 10 -1 0 0 0 1 0 0 0 -1 3962a.dat
1 0 -30 -63 10 -1 0 0 0 1 0 0 0 -1 4006.dat
1 4 0 -80 40 0 0 -1 0 1 0 1 0 0 3832.dat
1 0 -152 -62 220 0 1 0 -1 0 0 0 0 1 2340.dat
1 0 152 -62 220 0 -1 0 1 0 0 0 0 1 2340.dat
1 4 76 -62 -60 0 -1 0 0 0 1 -1 0 0 2419.dat
1 4 -76 -62 -60 0 1 0 0 0 1 1 0 0 2419.dat
1 0 -84 -42 -60 0 1 0 0 0 1 1 0 0 2412b.dat
1 0 84 -42 -60 0 -1 0 0 0 1 -1 0 0 2412b.dat
1 4 84 -72 -60 0 -1 0 0 0 -1 1 0 0 3068bp68.dat
1 4 -84 -72 -60 0 1 0 0 0 -1 -1 0 0 3068bp68.dat
1 4 0 -80 -70 1 0 0 0 1 0 0 0 1 4315.dat
1 42 0 -76 -84 1 0 0 0 1 0 0 0 1 2507.dat
1 0 168 -62 220 0 -1 0 -1 0 0 0 0 -1 4595.dat
1 0 -168 -62 220 0 1 0 1 0 0 0 0 -1 4595.dat
1 4 -10 -88 80 0 0 1 0 1 0 -1 0 0 4315.dat
1 7 -70 -27 80 0 0.866025 0.5 0 -0.5 0.866025 1 0 0 2582p68.dat
1 4 -132.354 9 40 0.5 0.866025 0 0.866025 -0.5 0 0 0 -1 2340.dat
1 7 -146.21 17 40 0.5 0.866025 0 0.866025 -0.5 0 0 0 -1 4595.dat
1 42 -137.05 12.866 -4 -0.866025 0 0.5 0.5 0 0.866025 0 1 0 4589.dat
1 42 158 -62 256 0 0 -1 -1 0 0 0 1 0 4740.dat
1 42 -158 -62 256 0 0 1 1 0 0 0 1 0 4740.dat
1 42 -158 -62 176 0 0 1 1 0 0 0 1 0 4589.dat
1 42 158 -62 176 0 0 -1 -1 0 0 0 1 0 4589.dat
1 4 10 -88 80 0 0 -1 0 1 0 1 0 0 4315.dat
1 7 70 -27 80 0 -0.866025 -0.5 0 -0.5 0.866025 -1 0 0 2582p68.dat
1 4 132.354 9 40 0.5 -0.866025 0 -0.866025 -0.5 0 0 0 -1 2340.dat
1 7 146.21 17 40 0.5 -0.866025 0 -0.866025 -0.5 0 0 0 -1 4595.dat
1 42 137.05 12.866 -4 -0.866025 0 -0.5 -0.5 0 0.866025 0 1 0 4589.dat
1 4 0 -104 -10 0 0 -1 0 1 0 1 0 0 3002.dat
1 4 0 -104 -50 1 0 0 0 1 0 0 0 1 3039p05.dat
1 7 0 -112 -40 1 0 0 0 1 0 0 0 1 3022.dat
1 7 -10 -112 0 0 0 1 0 1 0 -1 0 0 2540.dat
1 7 10 -112 0 0 0 -1 0 1 0 1 0 0 2540.dat
1 7 0 -96 60 0 0 -1 0 1 0 1 0 0 3680c01.dat
1 4 -10 -120 70 1 0 0 0 1 0 0 0 1 4070.dat
1 4 10 -120 70 1 0 0 0 1 0 0 0 1 4070.dat
1 4 30 -104 -70 -1 0 0 0 1 0 0 0 -1 4070.dat
1 4 -30 -104 -70 -1 0 0 0 1 0 0 0 -1 4070.dat
1 4 0 -104 50 1 0 0 0 1 0 0 0 1 3069b.dat
1 4 0 -110 80 -1 0 0 0 0 1 0 1 0 2452.dat
1 0 0 -134 54 0 0 -1 0 1 0 1 0 0 4276b.dat
1 0 10 -130 10 0 0 -1 0 1 0 1 0 0 752.dat
1 0 -10 -130 10 0 0 -1 0 1 0 1 0 0 752.dat
1 0 30 -94 -46 0 0 -1 1 0 0 0 -1 0 752.dat
1 0 -30 -94 -46 0 0 -1 1 0 0 0 -1 0 752.dat
1 0 0 -150 54 0 0 1 0 1 0 -1 0 0 4531.dat
1 4 0 -150 54 0 0 1 0 1 0 -1 0 0 4275b.dat
1 4 0 -158 94 0 0 -1 0 1 0 1 0 0 3666.dat
1 4 0 -150 124 1 0 0 0 1 0 0 0 1 4287.dat
1 4 0 -150 144 -1 0 0 0 1 0 0 0 -1 2607.dat
1 0 0 -141 170 -1 0 0 0 0 -1 0 -1 0 2959c01.dat
1 0 0 -141 170 -1 0 0 0 0 -1 0 -1 0 2959.dat
1 4 0 -126 134 0 0 1 0 1 0 -1 0 0 3023.dat
1 0 0 -144 -10 -1 0 0 0 1 0 0 0 -1 2432.dat
1 0 10 -137.564 -34.329 -1 0 0 0 0.965926 0.258819 0 0.258819 -0.965926 6019.dat
1 0 -10 -137.564 -34.329 -1 0 0 0 0.965926 0.258819 0 0.258819 -0.965926 6019.dat
1 0 0 -127.249 -41.918 -1 0 0 0 0.965926 0.258819 0 0.258819 -0.965926 3022.dat
1 0 0 -132.388 -53.648 1 0 0 0 0.965926 -0.258819 0 0.258819 0.965926 4590.dat
1 0 0 -142.704 -46.059 1 0 0 0 0.965926 -0.258819 0 0.258819 0.965926 2460.dat
1 0 0 -167.818 -52.788 1 0 0 0 0.965926 -0.258819 0 0.258819 0.965926 4733.dat
1 7 0 -170.134 -1.645 1 0 0 0 0.258819 0.965926 0 -0.965926 0.258819 2343.dat
1 7 0 -144.252 -98.238 -1 0 0 0 -0.258819 0.965926 0 0.965926 0.258819 2343.dat
1 4 0 -8 -230 1 0 0 0 1 0 0 0 1 2452.dat
1 4 0 0 -280 0 0 1 0 -1 0 1 0 0 4276b.dat
1 0 0 3 -280 1 0 0 0 1 0 0 0 1 2516.dat
1 4 0 12 -325 1 0 0 0 0 -1 0 1 0 4589.dat
1 42 0 -139.334 -116.59 -1 0 0 0 -0.258819 0.965926 0 0.965926 0.258819 4589.dat
1 42 0 -175.051 16.708 1 0 0 0 0.258819 0.965926 0 -0.965926 0.258819 4589.dat
1 42 18 -157.193 -49.941 0 -1 0 0.258819 0 0.965926 -0.965926 0 0.258819 2569.dat
1 42 -18 -157.193 -49.941 0 1 0 -0.258819 0 0.965926 0.965926 0 0.258819 2569.dat
1 0 0 -191 -59 1 0 0 0 0.965926 -0.258819 0 0.258819 0.965926 4589.dat
1 0 1 -32 180 -1 0 0 0 1 0 0 0 -1 6923_container.ldr
1 0 0 -5 -132 1 0 0 0 1 0 0 0 1 fig_mtron_recline1.ldr
0 MLCAD FLEXHOSE 0 0 0 0 1 0 0 0 1 0 0 0 1  10 -130 10  -35 60 20 30 -94 -46 -10 0 -70 50 756.dat 754.dat 0
0 MLCAD SKIP_BEGIN
1 0 10 -130 10 0.490462 -0.489556 -0.720959 0 0.827298 -0.561763 0.871462 0.275524 0.405759 756.dat
1 0 11.0098 -131.706 9.43168 0.478286 -0.501349 -0.721035 0 0.821034 -0.570879 0.878204 0.273044 0.392689 754.dat
1 0 12.0948 -133.483 8.84077 0.464517 -0.51525 -0.720237 0 0.813309 -0.581832 0.885564 0.270271 0.377796 754.dat
1 0 13.2634 -135.328 8.22778 0.448843 -0.531874 -0.718088 0 0.80358 -0.595197 0.893611 0.26715 0.360681 754.dat
1 0 14.5251 -137.234 7.59407 0.430873 -0.552094 -0.713821 0 0.791014 -0.611798 0.902413 0.263607 0.340826 754.dat
1 0 15.89 -139.19 6.94234 0.410129 -0.577168 -0.706167 0 0.774282 -0.632841 0.912028 0.259546 0.317555 754.dat
1 0 17.3689 -141.174 6.27731 0.386035 -0.608954 -0.69293 0 0.751157 -0.660124 0.922484 0.254831 0.289973 754.dat
1 0 18.9717 -143.151 5.60661 0.35794 -0.650214 -0.670149 0 0.717701 -0.696351 0.933744 0.249252 0.256894 754.dat
1 0 20.7052 -145.064 4.94208 0.325205 -0.704957 -0.630299 0 0.666529 -0.745479 0.945644 0.242433 0.216759 754.dat
1 0 22.569 -146.826 4.30111 0.287453 -0.778158 -0.558428 0 0.583035 -0.812447 0.957795 0.23354 0.167595 754.dat
1 0 24.5473 -148.309 3.70738 0.245143 -0.871512 -0.424702 0 0.438069 -0.898941 0.969487 0.220369 0.107389 754.dat
1 0 26.5976 -149.339 3.18896 0.200604 -0.963089 -0.179495 0 0.183219 -0.983072 0.979672 0.197208 0.0367544 754.dat
1 0 28.6401 -149.728 2.77071 0.15936 -0.967532 0.196177 0 -0.198716 -0.980057 0.987221 0.156182 -0.0316674 754.dat
1 0 30.5636 -149.333 2.46022 0.130892 -0.813703 0.566352 0 -0.571267 -0.820764 0.991397 0.107431 -0.0747742 754.dat
1 0 32.2578 -148.143 2.23654 0.128024 -0.602356 0.787894 0 -0.794431 -0.607354 0.991771 0.0777556 -0.101706 754.dat
1 0 33.6581 -146.297 2.05579 0.165568 -0.431782 0.886652 0 -0.89906 -0.437825 0.986198 0.0724898 -0.148856 754.dat
1 0 34.7592 -144.004 1.87092 0.258757 -0.311605 0.914301 0 -0.946538 -0.322592 0.965942 0.083473 -0.244924 754.dat
1 0 35.596 -141.462 1.64677 0.416384 -0.226833 0.880438 0 -0.968378 -0.249489 0.909189 0.103883 -0.403217 754.dat
1 0 36.2161 -138.814 1.36275 0.619279 -0.164692 0.767705 0 -0.977755 -0.209753 0.785171 0.129895 -0.605502 754.dat
1 0 36.6647 -136.152 1.00899 0.806063 -0.117107 0.580128 0 -0.980228 -0.197873 0.591829 0.159498 -0.790126 754.dat
1 0 36.9784 -133.526 0.581694 0.924189 -0.0791913 0.373635 0 -0.978268 -0.207342 0.381935 0.191623 -0.904105 754.dat
1 0 37.1857 -130.964 0.0799782 0.978172 -0.0479433 0.202189 0 -0.973019 -0.230724 0.207795 0.225688 -0.951781 754.dat
1 0 37.3081 -128.481 -0.495938 0.996645 -0.0214633 0.0789831 0 -0.965004 -0.262236 0.0818474 0.261356 -0.961766 754.dat
1 0 37.3614 -126.082 -1.14568 0.999988 0.00148741 -0.0047571 0 -0.954433 -0.298424 -0.00498421 0.29842 -0.954422 754.dat
1 0 37.3578 -123.768 -1.86915 0.997923 0.0217378 -0.060643 0 -0.94135 -0.337432 -0.0644213 0.336731 -0.939395 754.dat
1 0 37.3063 -121.539 -2.66675 0.994434 0.0398527 -0.0975286 0 -0.925698 -0.378264 -0.105357 0.376158 -0.920546 754.dat
1 0 37.2139 -119.391 -3.53936 0.991015 0.05622 -0.121359 0 -0.907366 -0.420341 -0.133749 0.416564 -0.899214 754.dat
1 0 37.0858 -117.324 -4.4884 0.988151 0.071105 -0.136019 0 -0.886215 -0.463275 -0.153483 0.457786 -0.875714 754.dat
1 0 36.9262 -115.335 -5.51571 0.985937 0.0846846 -0.144069 0 -0.862096 -0.506744 -0.167115 0.499618 -0.849973 754.dat
1 0 36.7385 -113.424 -6.62349 0.984327 0.0970709 -0.147233 0 -0.834877 -0.550436 -0.176353 0.54181 -0.821792 754.dat
1 0 36.5251 -111.589 -7.81416 0.983231 0.108327 -0.146705 0 -0.804456 -0.594013 -0.182365 0.584052 -0.790966 754.dat
1 0 36.2885 -109.831 -9.09024 0.982555 0.118482 -0.143345 0 -0.770786 -0.637095 -0.185972 0.625981 -0.757339 754.dat
1 0 36.0303 -108.152 -10.4541 0.982215 0.127538 -0.137796 0 -0.733896 -0.679262 -0.187759 0.667181 -0.720844 754.dat
1 0 35.7524 -106.553 -11.9079 0.982139 0.135484 -0.130564 0 -0.693912 -0.72006 -0.188156 0.707199 -0.681518 754.dat
1 0 35.4564 -105.037 -13.4531 0.982268 0.142304 -0.122065 0 -0.651069 -0.759019 -0.187484 0.74556 -0.639524 754.dat
1 0 35.1439 -103.607 -15.0902 0.982552 0.147986 -0.112657 0 -0.605722 -0.795677 -0.185988 0.781794 -0.595153 754.dat
1 0 34.8168 -102.268 -16.8185 0.982952 0.152533 -0.102658 0 -0.558343 -0.82961 -0.183861 0.815467 -0.548825 754.dat
1 0 34.4769 -101.024 -18.6358 0.983436 0.155965 -0.0923513 0 -0.509507 -0.860466 -0.181256 0.846214 -0.501068 754.dat
1 0 34.1263 -99.8786 -20.5376 0.983976 0.158327 -0.0819926 0 -0.459862 -0.887991 -0.178298 0.873762 -0.452493 754.dat
1 0 33.7675 -98.8365 -22.5177 0.984552 0.159691 -0.0718038 0 -0.410093 -0.912044 -0.175091 0.897954 -0.403758 754.dat
1 0 33.403 -97.9005 -24.5673 0.985145 0.16015 -0.0619715 0 -0.360882 -0.932612 -0.171722 0.918758 -0.355521 754.dat
1 0 33.0356 -97.0724 -26.6754 0.985742 0.159818 -0.0526431 0 -0.312859 -0.9498 -0.168265 0.936257 -0.308398 754.dat
1 0 32.6679 -96.3527 -28.8292 0.98633 0.158817 -0.0439254 0 -0.266571 -0.963815 -0.164779 0.95064 -0.262927 754.dat
1 0 32.3028 -95.7399 -31.0144 0.986903 0.157276 -0.035886 0 -0.222455 -0.974943 -0.161318 0.962174 -0.219542 754.dat
1 0 31.943 -95.2309 -33.2161 0.987452 0.155317 -0.0285563 0 -0.180827 -0.983515 -0.15792 0.971174 -0.178558 754.dat
1 0 31.5907 -94.8207 -35.419 0.987974 0.153055 -0.0219375 0 -0.14188 -0.989884 -0.15462 0.97798 -0.140174 754.dat
1 0 31.2479 -94.5031 -37.6089 0.988467 0.15059 -0.016007 0 -0.1057 -0.994398 -0.151439 0.982929 -0.104481 754.dat
1 0 30.9165 -94.2704 -39.7724 0.988928 0.148006 -0.0107257 0 -0.0722784 -0.997384 -0.148394 0.986342 -0.0714781 754.dat
1 0 30.5975 -94.1146 -41.8981 0.989359 0.145371 -0.00604362 0 -0.0415378 -0.999137 -0.145497 0.988505 -0.0410958 754.dat
1 0 30.2918 -94.0273 -43.9765 0.989759 0.142738 -0.0019056 0 -0.0133492 -0.999911 -0.14275 0.989671 -0.0132124 754.dat
0 MLCAD SKIP_END
0 MLCAD FLEXHOSE 0 0 0 0 1 0 0 0 1 0 0 0 1  -10 -130 10  35 60 20 -30 -94 -46 10 0 -70 50 756.dat 754.dat 0
0 MLCAD SKIP_BEGIN
1 0 -10 -130 10 0.490462 0.489556 0.720959 0 0.827298 -0.561763 -0.871462 0.275524 0.405759 756.dat
1 0 -11.0098 -131.706 9.43168 0.478286 0.501349 0.721035 0 0.821034 -0.570879 -0.878204 0.273044 0.392689 754.dat
1 0 -12.0948 -133.483 8.84077 0.464517 0.51525 0.720237 0 0.813309 -0.581832 -0.885564 0.270271 0.377796 754.dat
1 0 -13.2634 -135.328 8.22778 0.448843 0.531874 0.718088 0 0.80358 -0.595197 -0.893611 0.26715 0.360681 754.dat
1 0 -14.5251 -137.234 7.59407 0.430873 0.552094 0.713821 0 0.791014 -0.611798 -0.902413 0.263607 0.340826 754.dat
1 0 -15.89 -139.19 6.94234 0.410129 0.577168 0.706167 0 0.774282 -0.632841 -0.912028 0.259546 0.317555 754.dat
1 0 -17.3689 -141.174 6.27731 0.386035 0.608954 0.69293 0 0.751157 -0.660124 -0.922484 0.254831 0.289973 754.dat
1 0 -18.9717 -143.151 5.60661 0.35794 0.650214 0.670149 0 0.717701 -0.696351 -0.933744 0.249252 0.256894 754.dat
1 0 -20.7052 -145.064 4.94208 0.325205 0.704957 0.630299 0 0.666529 -0.745479 -0.945644 0.242433 0.216759 754.dat
1 0 -22.569 -146.826 4.30111 0.287453 0.778158 0.558428 0 0.583035 -0.812447 -0.957795 0.23354 0.167595 754.dat
1 0 -24.5473 -148.309 3.70738 0.245143 0.871512 0.424702 0 0.438069 -0.898941 -0.969487 0.220369 0.107389 754.dat
1 0 -26.5976 -149.339 3.18896 0.200604 0.963089 0.179495 0 0.183219 -0.983072 -0.979672 0.197208 0.0367544 754.dat
1 0 -28.6401 -149.728 2.77071 0.15936 0.967532 -0.196177 0 -0.198716 -0.980057 -0.987221 0.156182 -0.0316674 754.dat
1 0 -30.5636 -149.333 2.46022 0.130892 0.813703 -0.566352 0 -0.571267 -0.820764 -0.991397 0.107431 -0.0747742 754.dat
1 0 -32.2578 -148.143 2.23654 0.128024 0.602356 -0.787894 0 -0.794431 -0.607354 -0.991771 0.0777556 -0.101706 754.dat
1 0 -33.6581 -146.297 2.05579 0.165568 0.431782 -0.886652 0 -0.89906 -0.437825 -0.986198 0.0724898 -0.148856 754.dat
1 0 -34.7592 -144.004 1.87092 0.258757 0.311605 -0.914301 0 -0.946538 -0.322592 -0.965942 0.083473 -0.244924 754.dat
1 0 -35.596 -141.462 1.64677 0.416384 0.226833 -0.880438 0 -0.968378 -0.249489 -0.909189 0.103883 -0.403217 754.dat
1 0 -36.2161 -138.814 1.36275 0.619279 0.164692 -0.767705 0 -0.977755 -0.209753 -0.785171 0.129895 -0.605502 754.dat
1 0 -36.6647 -136.152 1.00899 0.806063 0.117107 -0.580128 0 -0.980228 -0.197873 -0.591829 0.159498 -0.790126 754.dat
1 0 -36.9784 -133.526 0.581694 0.924189 0.0791913 -0.373635 0 -0.978268 -0.207342 -0.381935 0.191623 -0.904105 754.dat
1 0 -37.1857 -130.964 0.0799782 0.978172 0.0479433 -0.202189 0 -0.973019 -0.230724 -0.207795 0.225688 -0.951781 754.dat
1 0 -37.3081 -128.481 -0.495938 0.996645 0.0214633 -0.0789831 0 -0.965004 -0.262236 -0.0818474 0.261356 -0.961766 754.dat
1 0 -37.3614 -126.082 -1.14568 0.999988 -0.00148741 0.0047571 0 -0.954433 -0.298424 0.00498421 0.29842 -0.954422 754.dat
1 0 -37.3578 -123.768 -1.86915 0.997923 -0.0217378 0.060643 0 -0.94135 -0.337432 0.0644213 0.336731 -0.939395 754.dat
1 0 -37.3063 -121.539 -2.66675 0.994434 -0.0398527 0.0975286 0 -0.925698 -0.378264 0.105357 0.376158 -0.920546 754.dat
1 0 -37.2139 -119.391 -3.53936 0.991015 -0.05622 0.121359 0 -0.907366 -0.420341 0.133749 0.416564 -0.899214 754.dat
1 0 -37.0858 -117.324 -4.4884 0.988151 -0.071105 0.136019 0 -0.886215 -0.463275 0.153483 0.457786 -0.875714 754.dat
1 0 -36.9262 -115.335 -5.51571 0.985937 -0.0846846 0.144069 0 -0.862096 -0.506744 0.167115 0.499618 -0.849973 754.dat
1 0 -36.7385 -113.424 -6.62349 0.984327 -0.0970709 0.147233 0 -0.834877 -0.550436 0.176353 0.54181 -0.821792 754.dat
1 0 -36.5251 -111.589 -7.81416 0.983231 -0.108327 0.146705 0 -0.804456 -0.594013 0.182365 0.584052 -0.790966 754.dat
1 0 -36.2885 -109.831 -9.09024 0.982555 -0.118482 0.143345 0 -0.770786 -0.637095 0.185972 0.625981 -0.757339 754.dat
1 0 -36.0303 -108.152 -10.4541 0.982215 -0.127538 0.137796 0 -0.733896 -0.679262 0.187759 0.667181 -0.720844 754.dat
1 0 -35.7524 -106.553 -11.9079 0.982139 -0.135484 0.130564 0 -0.693912 -0.72006 0.188156 0.707199 -0.681518 754.dat
1 0 -35.4564 -105.037 -13.4531 0.982268 -0.142304 0.122065 0 -0.651069 -0.759019 0.187484 0.74556 -0.639524 754.dat
1 0 -35.1439 -103.607 -15.0902 0.982552 -0.147986 0.112657 0 -0.605722 -0.795677 0.185988 0.781794 -0.595153 754.dat
1 0 -34.8168 -102.268 -16.8185 0.982952 -0.152533 0.102658 0 -0.558343 -0.82961 0.183861 0.815467 -0.548825 754.dat
1 0 -34.4769 -101.024 -18.6358 0.983436 -0.155965 0.0923513 0 -0.509507 -0.860466 0.181256 0.846214 -0.501068 754.dat
1 0 -34.1263 -99.8786 -20.5376 0.983976 -0.158327 0.0819926 0 -0.459862 -0.887991 0.178298 0.873762 -0.452493 754.dat
1 0 -33.7675 -98.8365 -22.5177 0.984552 -0.159691 0.0718038 0 -0.410093 -0.912044 0.175091 0.897954 -0.403758 754.dat
1 0 -33.403 -97.9005 -24.5673 0.985145 -0.16015 0.0619715 0 -0.360882 -0.932612 0.171722 0.918758 -0.355521 754.dat
1 0 -33.0356 -97.0724 -26.6754 0.985742 -0.159818 0.0526431 0 -0.312859 -0.9498 0.168265 0.936257 -0.308398 754.dat
1 0 -32.6679 -96.3527 -28.8292 0.98633 -0.158817 0.0439254 0 -0.266571 -0.963815 0.164779 0.95064 -0.262927 754.dat
1 0 -32.3028 -95.7399 -31.0144 0.986903 -0.157276 0.035886 0 -0.222455 -0.974943 0.161318 0.962174 -0.219542 754.dat
1 0 -31.943 -95.2309 -33.2161 0.987452 -0.155317 0.0285563 0 -0.180827 -0.983515 0.15792 0.971174 -0.178558 754.dat
1 0 -31.5907 -94.8207 -35.419 0.987974 -0.153055 0.0219375 0 -0.14188 -0.989884 0.15462 0.97798 -0.140174 754.dat
1 0 -31.2479 -94.5031 -37.6089 0.988467 -0.15059 0.016007 0 -0.1057 -0.994398 0.151439 0.982929 -0.104481 754.dat
1 0 -30.9165 -94.2704 -39.7724 0.988928 -0.148006 0.0107257 0 -0.0722784 -0.997384 0.148394 0.986342 -0.0714781 754.dat
1 0 -30.5975 -94.1146 -41.8981 0.989359 -0.145371 0.00604362 0 -0.0415378 -0.999137 0.145497 0.988505 -0.0410958 754.dat
1 0 -30.2918 -94.0273 -43.9765 0.989759 -0.142738 0.0019056 0 -0.0133492 -0.999911 0.14275 0.989671 -0.0132124 754.dat
0 MLCAD SKIP_END
0
