0 6959 Lunar Launch Site
0 Name: 6959_Lunar_Launch_Site.ldr
0 Author: LEGO
0 bassfoundation@yahoo.com
0 !COLOUR SandBlue CODE 64 VALUE #88A2B5 EDGE 0 ALPHA 255
0 !COLOUR Chrome CODE 65 VALUE #A1A29B EDGE 0 ALPHA 255
0 !COLOUR Silver CODE 66 VALUE #C7C7C7 EDGE 0 ALPHA 255
0 !COLOUR Gold CODE 67 VALUE #BBBD39 EDGE 0 ALPHA 255
0 ROTATION CENTER 0 0 0 1 "Custom" 
0 ROTATION CONFIG 0 0
1 0 0 0 0 0 0 1 0 1 0 -1 0 0 2552.dat
1 0 -320 -72 260 0 0 1 0 1 0 -1 0 0 2449.dat
1 0 -320 -72 240 0 0 1 0 1 0 -1 0 0 2449.dat
1 0 -200 -120 320 0 0 1 0 1 0 -1 0 0 2453.dat
1 0 -100 -120 320 0 0 1 0 1 0 -1 0 0 2453.dat
1 0 -320 -120 110 0 0 1 0 1 0 -1 0 0 2454.dat
1 0 -290 -96 250 -1 0 0 0 1 0 0 0 -1 2456.dat
1 0 -310 -120 260 -1 0 0 0 1 0 0 0 -1 3004.dat
1 0 -240 -120 250 0 0 -1 0 1 0 1 0 0 3004.dat
1 0 -340 -120 250 0 0 1 0 1 0 -1 0 0 3747b.dat
1 4 -150 -144 320 -1 0 0 0 1 0 0 0 -1 3009.dat
1 0 -320 -144 170 0 0 -1 0 1 0 1 0 0 3008.dat
1 0 -240 -144 260 0 0 -1 0 1 0 1 0 0 3005.dat
1 0 -370 -144 240 1 0 0 0 1 0 0 0 1 3004.dat
1 0 -330 -144 260 1 0 0 0 1 0 0 0 1 3008.dat
1 0 70 -120 -300 1 0 0 0 1 0 0 0 1 2454.dat
1 4 -250 -152 230 1 0 0 0 1 0 0 0 1 3031.dat
1 4 150 -152 -180 1 0 0 0 1 0 0 0 1 3710.dat
1 4 -10 -152 -180 1 0 0 0 1 0 0 0 1 3710.dat
1 4 -40 -152 -70 0 0 1 0 1 0 -1 0 0 4477.dat
1 4 180 -152 -70 0 0 1 0 1 0 -1 0 0 4477.dat
1 4 180 -152 60 0 0 1 0 1 0 -1 0 0 3623.dat
1 4 180 -152 110 0 0 1 0 1 0 -1 0 0 3023.dat
1 0 70 -128 -300 1 0 0 0 1 0 0 0 1 3839b.dat
1 33 44 -122 -314 1 0 0 0 0 1 0 -1 0 4589.dat
1 33 96 -122 -314 1 0 0 0 0 1 0 -1 0 4589.dat
1 4 70 -136 -300 1 0 0 0 1 0 0 0 1 3023.dat
1 4 70 -144 -310 1 0 0 0 1 0 0 0 1 4859.dat
1 4 -310 -152 170 0 0 1 0 1 0 -1 0 0 2401.dat
1 4 -60 -152 -10 0 0 1 0 1 0 -1 0 0 2431.dat
1 0 10 -160 -180 -1 0 0 0 1 0 0 0 -1 3069b.dat
1 0 130 -160 -180 -1 0 0 0 1 0 0 0 -1 3069b.dat
1 0 80 -152 -250 0 0 -1 0 1 0 1 0 0 4162.dat
1 0 60 -152 -250 0 0 -1 0 1 0 1 0 0 4162.dat
1 0 -220 -160 100 0 0 -1 0 1 0 1 0 0 3024.dat
1 0 -400 -176 250 0 0 -1 0 1 0 1 0 0 3004.dat
1 0 -220 -176 210 0 0 -1 0 1 0 1 0 0 3009.dat
1 4 -80 -168 50 0 0 -1 0 1 0 1 0 0 3009.dat
1 4 -330 -152 290 1 0 0 0 1 0 0 0 1 3034.dat
1 0 -250 -176 270 0 0 1 0 1 0 -1 0 0 3830.dat
1 0 -250 -176 270 1 0 0 0 1 0 0 0 1 3831.dat
1 0 -350 -176 280 1 0 0 0 1 0 0 0 1 3009.dat
1 0 -270 -176 300 1 0 0 0 1 0 0 0 1 3004.dat
1 0 -390 -176 300 1 0 0 0 1 0 0 0 1 3004.dat
1 33 -330 -248 280 1 0 0 0 1 0 0 0 1 4215b.dat
1 0 -270 -248 280 -1 0 0 0 1 0 0 0 -1 3684.dat
1 0 -390 -248 280 -1 0 0 0 1 0 0 0 -1 3684.dat
1 0 -330 -256 280 -1 0 0 0 1 0 0 0 -1 3460.dat
1 0 -390 -264 280 1 0 0 0 1 0 0 0 1 3069bp21.dat
1 0 -330 -264 280 -1 0 0 0 1 0 0 0 -1 2452.dat
1 0 -330 -290 296 0 0 1 1 0 0 0 1 0 4276b.dat
1 4 -330 -300 304 -1 0 0 0 0 1 0 1 0 3794b.dat
1 4 -330 -280 304 -1 0 0 0 0 1 0 1 0 3794b.dat
1 0 -330 -290 312 -1 0 0 0 0 1 0 1 0 4285a.dat
1 0 -340 -272 280 0 0 1 0 1 0 -1 0 0 4085a.dat
1 0 -320 -272 280 0 0 -1 0 1 0 1 0 0 4085a.dat
1 33 -360 -264 280 0 0 -1 0 1 0 1 0 0 2569.dat
1 33 -300 -264 280 0 0 -1 0 1 0 1 0 0 2569.dat
1 4 -10 -168 200 1 0 0 0 1 0 0 0 1 4873.dat
1 4 110 -168 200 1 0 0 0 1 0 0 0 1 4873.dat
1 42 -329 -290 320 -1 0 0 0 0 1 0 1 0 4740.dat
1 4 -220 -184 200 0 0 -1 0 1 0 1 0 0 4592c01.dat
1 42 -220 -184 220 0 0 -1 0 1 0 1 0 0 4073.dat
1 0 -230 -184 250 0 0 -1 0 1 0 1 0 0 3022.dat
1 0 -230 -232 250 0 0 1 0 1 0 -1 0 0 4345b.dat
1 0 -230 -232 250 0 0 1 0 1 0 -1 0 0 4346p61.dat
1 0 -230 -256 250 0 0 1 0 1 0 -1 0 0 3003.dat
1 0 -220 -264 250 0 0 1 0 1 0 -1 0 0 3023.dat
1 0 -250 -264 270 1 0 0 0 1 0 0 0 1 2429.dat
1 0 -250 -264 270 0 0 1 0 1 0 -1 0 0 2430.dat
1 0 50 -144 150 -1 0 0 0 1 0 0 0 -1 3029.dat
1 0 -60 -152 150 0 0 -1 0 1 0 1 0 0 3710.dat
1 0 -60 -160 50 0 0 -1 0 1 0 1 0 0 4477.dat
1 0 -60 -160 170 0 0 -1 0 1 0 1 0 0 3023.dat
1 0 -60 -168 -30 0 0 1 0 1 0 -1 0 0 88072.dat
1 0 -60 -168 110 0 0 1 0 1 0 -1 0 0 4162.dat
1 0 -40 -152 150 0 0 1 0 1 0 -1 0 0 2431.dat
1 0 -20 -152 130 0 0 1 0 1 0 -1 0 0 2431.dat
1 0 0 -152 150 0 0 1 0 1 0 -1 0 0 2431.dat
1 0 20 -152 150 0 0 1 0 1 0 -1 0 0 2431.dat
1 0 40 -152 150 0 0 1 0 1 0 -1 0 0 2431.dat
1 0 60 -152 150 0 0 1 0 1 0 -1 0 0 2431.dat
1 0 80 -152 150 0 0 1 0 1 0 -1 0 0 2431.dat
1 0 100 -152 150 0 0 1 0 1 0 -1 0 0 2431.dat
1 0 120 -152 130 0 0 1 0 1 0 -1 0 0 2431.dat
1 0 140 -152 150 0 0 1 0 1 0 -1 0 0 2431.dat
1 0 -20 -152 180 0 0 1 0 1 0 -1 0 0 3070b.dat
1 0 120 -152 180 0 0 1 0 1 0 -1 0 0 3070b.dat
1 0 70 -144 -10 -1 0 0 0 1 0 0 0 -1 3832.dat
1 4 160 -152 -10 0 0 -1 0 1 0 1 0 0 3069b.dat
1 4 -20 -152 -10 0 0 -1 0 1 0 1 0 0 3069b.dat
1 4 70 -152 -10 1 0 0 0 1 0 0 0 1 3020.dat
1 0 10 -168 -10 1 0 0 0 1 0 0 0 1 3003.dat
1 0 130 -168 -10 1 0 0 0 1 0 0 0 1 3003.dat
1 0 70 -160 -110 0 0 1 0 1 0 -1 0 0 3029.dat
1 0 50 -168 -20 0 0 1 0 1 0 -1 0 0 3021.dat
1 0 90 -168 -20 0 0 1 0 1 0 -1 0 0 3021.dat
1 0 70 -168 -220 -1 0 0 0 1 0 0 0 -1 3069bp21.dat
1 0 70 -168 -120 -1 0 0 0 1 0 0 0 -1 3069b.dat
1 0 -60 -176 -30 0 0 1 0 1 0 -1 0 0 3069bp06.dat
1 0 70 -176 -10 -1 0 0 0 1 0 0 0 -1 3035.dat
1 0 -30 -160 -90 0 0 -1 0 1 0 1 0 0 3832.dat
1 0 170 -160 -30 0 0 -1 0 1 0 1 0 0 4282.dat
1 0 70 -168 -170 1 0 0 0 1 0 0 0 1 3795.dat
1 0 20 -176 -170 0 0 1 0 1 0 -1 0 0 3023.dat
1 0 120 -176 -170 0 0 1 0 1 0 -1 0 0 3023.dat
1 0 120 -184 -170 0 0 1 0 1 0 -1 0 0 3069b.dat
1 0 20 -184 -170 0 0 1 0 1 0 -1 0 0 3069b.dat
1 0 -230 -312 250 0 0 1 0 1 0 -1 0 0 3940.dat
1 0 -230 -360 250 0 0 1 0 1 0 -1 0 0 3940.dat
1 0 -230 -384 250 0 0 1 0 1 0 -1 0 0 3003.dat
1 0 -150 -384 270 0 0 1 0 1 0 -1 0 0 2681.dat
1 0 -150 -408 280 -1 0 0 0 1 0 0 0 -1 3660.dat
1 0 -230 -408 240 -1 0 0 0 1 0 0 0 -1 3004.dat
1 0 -190 -408 260 -1 0 0 0 1 0 0 0 -1 3009.dat
1 0 -30 -176 200 1 0 0 0 1 0 0 0 1 2412b.dat
1 0 130 -176 200 1 0 0 0 1 0 0 0 1 2412b.dat
1 0 90 -176 200 1 0 0 0 1 0 0 0 1 3069bp28.dat
1 0 10 -176 200 -1 0 0 0 1 0 0 0 -1 3069bp28.dat
1 4 70 -176 -180 -1 0 0 0 1 0 0 0 -1 3069b.dat
1 4 70 -176 -160 -1 0 0 0 1 0 0 0 -1 2431.dat
1 0 -230 -160 70 0 0 -1 0 1 0 1 0 0 2429c01.dat
1 0 -240 -168 10 0 0 -1 0 1 0 1 0 0 3666.dat
1 0 -240 -160 -10 0 0 1 0 1 0 -1 0 0 3839b.dat
1 33 -256 -154 16 0 -1 0 0 0 1 -1 0 0 4589.dat
1 33 -256 -154 -36 0 -1 0 0 0 1 -1 0 0 4589.dat
1 0 -230 -168 90 0 0 1 0 1 0 -1 0 0 3022.dat
1 0 -230 -176 80 -1 0 0 0 1 0 0 0 -1 3023.dat
1 0 -230 -176 100 1 0 0 0 1 0 0 0 1 3069bp28.dat
1 0 160 -168 60 1 0 0 0 1 0 0 0 1 3024.dat
1 0 180 -168 60 0 0 -1 0 1 0 1 0 0 4085a.dat
1 4 -150 -416 280 0 0 -1 0 1 0 1 0 0 3021.dat
1 4 -190 -416 260 1 0 0 0 1 0 0 0 1 3023.dat
1 0 -230 -432 250 1 0 0 0 1 0 0 0 1 3003.dat
1 33 -200 -440 260 1 0 0 0 1 0 0 0 1 4589.dat
1 33 -180 -440 260 1 0 0 0 1 0 0 0 1 4589.dat
1 0 -150 -440 260 1 0 0 0 1 0 0 0 1 3004.dat
1 0 140 -200 10 0 0 -1 0 1 0 1 0 0 3004.dat
1 0 170 -168 20 0 0 -1 0 1 0 1 0 0 3021.dat
1 0 -70 -176 50 0 0 -1 0 1 0 1 0 0 3795.dat
1 0 170 -176 30 0 0 -1 0 1 0 1 0 0 3020.dat
1 0 -70 -200 20 1 0 0 0 1 0 0 0 1 3039.dat
1 0 170 -200 20 1 0 0 0 1 0 0 0 1 3039.dat
1 0 -70 -200 50 1 0 0 0 1 0 0 0 1 4730.dat
1 0 170 -200 50 -1 0 0 0 1 0 0 0 -1 4730.dat
1 0 -70 -208 40 0 0 -1 0 1 0 1 0 0 3021.dat
1 0 170 -208 40 0 0 -1 0 1 0 1 0 0 3021.dat
1 0 -30 -176 70 0 0 -1 0 1 0 1 0 0 3020.dat
1 0 130 -176 70 0 0 -1 0 1 0 1 0 0 3020.dat
1 4 -40 -200 50 0 0 -1 0 1 0 1 0 0 3700.dat
1 4 140 -200 50 0 0 -1 0 1 0 1 0 0 3700.dat
1 8 50 -320 70 -1 0 0 0 1 0 0 0 -1 6082.dat
1 4 10 -320 50 -1 0 0 0 1 0 0 0 -1 3022.dat
1 0 -60 -224 100 0 0 1 0 1 0 -1 0 0 2357.dat
1 0 -50 -232 90 0 0 1 0 1 0 -1 0 0 3022.dat
1 4 90 -320 50 -1 0 0 0 1 0 0 0 -1 3022.dat
1 4 20 -328 40 1 0 0 0 1 0 0 0 1 4081b.dat
1 4 80 -328 40 1 0 0 0 1 0 0 0 1 4081b.dat
1 0 -20 -344 50 0 0 1 0 1 0 -1 0 0 3004.dat
1 0 120 -344 50 0 0 1 0 1 0 -1 0 0 3004.dat
1 8 50 -320 -10 1 0 0 0 1 0 0 0 1 6082.dat
1 0 0 -320 10 0 0 1 0 1 0 -1 0 0 3023.dat
1 0 100 -320 10 0 0 1 0 1 0 -1 0 0 3023.dat
1 0 -150 -424 290 -1 0 0 0 1 0 0 0 -1 3176.dat
1 4 -150 -432 300 -1 0 0 0 1 0 0 0 -1 3069b.dat
1 0 -150 -448 280 -1 0 0 0 1 0 0 0 -1 3004.dat
1 33 -240 -440 240 0 0 1 0 1 0 -1 0 0 2409.dat
1 0 -190 -448 260 -1 0 0 0 1 0 0 0 -1 3666.dat
1 0 130 -328 10 0 0 1 0 1 0 -1 0 0 3022.dat
1 0 140 -328 70 0 0 1 0 1 0 -1 0 0 3710.dat
1 0 150 -336 30 0 0 -1 0 1 0 1 0 0 2429c01.dat
1 0 120 -336 10 0 0 1 0 1 0 -1 0 0 3023.dat
1 0 130 -344 10 0 0 1 0 1 0 -1 0 0 3022.dat
1 0 140 -336 100 -1 0 0 0 1 0 0 0 -1 2420.dat
1 0 140 -344 60 0 0 -1 0 1 0 1 0 0 3623.dat
1 0 130 -344 100 -1 0 0 0 1 0 0 0 -1 3069bp06.dat
1 0 -20 -344 10 0 0 -1 0 1 0 1 0 0 3004.dat
1 8 50 -488 60 -1 0 0 0 1 0 0 0 -1 6083.dat
1 0 -150 -488 320 0 -1 0 -1 0 0 0 0 -1 3707.dat
1 0 -150 -440 320 -1 0 0 0 1 0 0 0 -1 4032a.dat
1 0 -150 -456 290 -1 0 0 0 1 0 0 0 -1 3176.dat
1 0 -150 -456 260 -1 0 0 0 1 0 0 0 -1 3023.dat
1 0 -150 -568 320 -1 0 0 0 1 0 0 0 -1 3941.dat
1 0 -160 -576 320 0 0 1 0 1 0 -1 0 0 4596.dat
1 0 -140 -576 320 0 0 -1 0 1 0 1 0 0 4596.dat
1 0 -150 -584 330 -1 0 0 0 1 0 0 0 -1 4596.dat
1 0 -150 -584 310 1 0 0 0 1 0 0 0 1 4596.dat
1 4 -150 -592 320 1 0 0 0 1 0 0 0 1 3022.dat
1 0 -150 -600 320 1 0 0 0 1 0 0 0 1 4285a.dat
1 33 -150 -624 320 1 0 0 0 1 0 0 0 1 4589.dat
1 33 -70 -574 320 0 1 0 0 0 1 1 0 0 4740.dat
1 33 -230 -574 320 0 -1 0 0 0 1 -1 0 0 4740.dat
1 33 -150.001 -582 240 1 0 0 0 0 1 0 -1 0 4740.dat
1 33 -150 -582 400 -1 0 0 0 0 1 0 1 0 4740.dat
1 8 50 -488 0 1 0 0 0 1 0 0 0 1 6083.dat
1 4 -140 -464 270 0 0 1 0 1 0 -1 0 0 3794b.dat
1 4 -160 -464 270 0 0 1 0 1 0 -1 0 0 3794b.dat
1 0 200 -170 60 1 0 0 0 1 0 0 0 1 3959.dat
1 42 199 -170 36 1 0 0 0 0 1 0 -1 0 4073.dat
1 33 100 -400 -20 1 0 0 0 1 0 0 0 1 2569.dat
1 0 80 -424 -20 0 0 -1 0 1 0 1 0 0 4085a.dat
1 0 -150 -480 270 0 0 -1 0 1 0 1 0 0 4595.dat
1 0 -188 -470 270 0 1 0 0 0 1 1 0 0 752.dat
1 0 -260 -458 260 0 0 -1 0 1 0 1 0 0 752.dat
1 0 60 -290 28 1 0 0 0 0 -1 0 1 0 6959_rocket.ldr
1 0 70 -208 -170 1 0 0 0 1 0 0 0 1 6959_flyer.ldr
1 0 -90 -112 -218 1 0 0 0 1 0 0 0 1 fig_Spyrius_robot_standing.ldr
1 0 -156 -28 -367 0.707107 0 -0.707107 0 1 0 0.707107 0 0.707107 6959_rover.ldr
1 0 -260 -458 260 0.722103 0.179768 0.66802 0 0.965646 -0.259861 -0.691786 0.187646 0.697296 756.dat
1 0 -260.342 -459.837 259.643 0.759791 0.151368 0.632302 0 0.972521 -0.232815 -0.650167 0.17689 0.738913 754.dat
1 0 -260.639 -461.743 259.296 0.813368 0.117291 0.569803 0 0.979464 -0.201618 -0.58175 0.16399 0.796664 754.dat
1 0 -260.875 -463.713 258.967 0.890048 0.0759737 0.449491 0 0.986015 -0.166658 -0.455866 0.148333 0.877601 754.dat
1 0 -261.03 -465.735 258.662 0.981181 0.0254101 0.191412 0 0.991303 -0.131596 -0.193091 0.12912 0.972648 754.dat
1 0 -261.083 -467.795 258.394 0.943866 -0.0368625 -0.328266 0 0.993754 -0.111593 0.330329 0.105329 0.93797 754.dat
1 0 -261.006 -469.871 258.174 0.554836 -0.113592 -0.824169 0 0.990635 -0.136536 0.83196 0.0757549 0.54964 754.dat
1 0 -260.77 -471.929 258.017 0.185876 -0.207184 -0.960482 0 0.977517 -0.210858 0.982573 0.0391935 0.181697 754.dat
1 0 -260.346 -473.93 257.936 -0.015839 -0.318254 -0.947873 0 0.947992 -0.318294 0.999875 -0.00504146 -0.0150153 754.dat
1 0 -259.709 -475.826 257.946 -0.125735 -0.443309 -0.887506 0 0.894606 -0.446856 0.992064 -0.0561855 -0.112484 754.dat
1 0 -258.846 -477.569 258.056 -0.19031 -0.572828 -0.797276 0 0.812119 -0.583492 0.981724 -0.111044 -0.154554 754.dat
1 0 -257.756 -479.115 258.267 -0.230564 -0.692713 -0.683366 0 0.702288 -0.711893 0.973057 -0.164137 -0.161922 754.dat
1 0 -256.455 -480.433 258.575 -0.256573 -0.790339 -0.556358 0 0.575627 -0.817712 0.966525 -0.209803 -0.14769 754.dat
1 0 -254.973 -481.512 258.969 -0.273649 -0.860501 -0.429714 0 0.446767 -0.89465 0.96183 -0.24482 -0.122257 754.dat
1 0 -253.348 -482.356 259.431 -0.284831 -0.905706 -0.313956 0 0.327523 -0.944843 0.958578 -0.26912 -0.0932885 754.dat
1 0 -251.618 -482.982 259.945 -0.291968 -0.932173 -0.214027 0 0.223777 -0.97464 0.956428 -0.284564 -0.0653358 754.dat
1 0 -249.816 -483.414 260.495 -0.296238 -0.946167 -0.130427 0 0.136556 -0.990632 0.955114 -0.293463 -0.0404532 754.dat
1 0 -247.971 -483.681 261.068 -0.298414 -0.952459 -0.0614008 0 0.064332 -0.997929 0.954437 -0.297796 -0.0191976 754.dat
1 0 -246.103 -483.807 261.652 -0.299013 -0.954239 -0.00451026 0 0.0047265 -0.999989 0.954249 -0.299009 -0.00141328 754.dat
1 0 -244.228 -483.816 262.239 -0.298387 -0.953494 0.0425933 0 -0.0446262 -0.999004 0.954445 -0.29809 0.0133159 754.dat
1 0 -242.356 -483.729 262.825 -0.296781 -0.951427 0.0818969 0 -0.0857608 -0.996316 0.954946 -0.295688 0.0254522 754.dat
1 0 -240.493 -483.561 263.403 -0.294361 -0.948751 0.114989 0 -0.12032 -0.992735 0.955694 -0.292222 0.0354175 754.dat
1 0 -238.644 -483.326 263.973 -0.291241 -0.945885 0.143109 0 -0.149594 -0.988748 0.95665 -0.287964 0.0435679 754.dat
1 0 -236.811 -483.036 264.531 -0.287498 -0.943072 0.167212 0 -0.174583 -0.984642 0.957781 -0.283083 0.0501924 754.dat
1 0 -234.993 -482.7 265.077 -0.283182 -0.940452 0.188037 0 -0.196062 -0.980591 0.959066 -0.277686 0.0555213 754.dat
1 0 -233.191 -482.324 265.609 -0.278317 -0.938105 0.206152 0 -0.214632 -0.976695 0.960489 -0.271831 0.0597358 754.dat
1 0 -231.403 -481.915 266.127 -0.272914 -0.936074 0.221999 0 -0.230759 -0.973011 0.962038 -0.265549 0.0629776 754.dat
1 0 -229.628 -481.477 266.63 -0.266967 -0.934381 0.235923 0 -0.244809 -0.969571 0.963706 -0.258844 0.0653558 754.dat
1 0 -227.863 -481.015 267.119 -0.260456 -0.93304 0.248191 0 -0.257064 -0.966394 0.965486 -0.251703 0.0669537 754.dat
1 0 -226.107 -480.531 267.593 -0.253348 -0.932056 0.259011 0 -0.267746 -0.96349 0.967375 -0.244098 0.0678328 754.dat
1 0 -224.357 -480.028 268.051 -0.245597 -0.931433 0.26854 0 -0.277025 -0.960863 0.969372 -0.235985 0.0680366 754.dat
1 0 -222.611 -479.509 268.494 -0.237144 -0.931177 0.276899 0 -0.285029 -0.958519 0.971474 -0.227307 0.0675931 754.dat
1 0 -220.866 -478.975 268.92 -0.227912 -0.931291 0.28417 0 -0.291851 -0.956464 0.973682 -0.217989 0.0665162 754.dat
1 0 -219.12 -478.428 269.328 -0.217804 -0.931786 0.290407 0 -0.29755 -0.954706 0.975993 -0.207939 0.0648075 754.dat
1 0 -217.371 -477.869 269.719 -0.206702 -0.932672 0.29563 0 -0.302155 -0.953259 0.978404 -0.197041 0.0624562 754.dat
1 0 -215.615 -477.3 270.09 -0.19446 -0.933963 0.299831 0 -0.305666 -0.952139 0.98091 -0.185153 0.0594399 754.dat
1 0 -213.85 -476.723 270.439 -0.180897 -0.935675 0.302966 0 -0.308048 -0.951371 0.983502 -0.1721 0.0557248 754.dat
1 0 -212.074 -476.138 270.766 -0.165785 -0.937828 0.304949 0 -0.309228 -0.950988 0.986162 -0.15766 0.0512656 754.dat
1 0 -210.285 -475.548 271.067 -0.148843 -0.940439 0.305648 0 -0.309091 -0.951033 0.988861 -0.141555 0.046006 754.dat
1 0 -208.48 -474.955 271.339 -0.129712 -0.943522 0.304862 0 -0.307459 -0.951561 0.991552 -0.123429 0.0398812 754.dat
1 0 -206.658 -474.361 271.577 -0.107937 -0.94708 0.302306 0 -0.304082 -0.952646 0.994158 -0.102826 0.0328218 754.dat
1 0 -204.817 -473.77 271.777 -0.0829322 -0.95109 0.297575 0 -0.298603 -0.954377 0.996555 -0.0791486 0.0247638 754.dat
1 0 -202.957 -473.186 271.932 -0.0539384 -0.955476 0.290096 0 -0.290519 -0.956869 0.998544 -0.051612 0.0156701 754.dat
1 0 -201.077 -472.615 272.033 -0.0199651 -0.960065 0.279062 0 -0.279118 -0.960257 0.999801 -0.0191716 0.00557261 754.dat
1 0 -199.18 -472.063 272.071 0.0202845 -0.964492 0.263331 0 -0.263385 -0.964691 0.999794 0.0195683 -0.00534265 754.dat
1 0 -197.27 -471.541 272.032 0.0685008 -0.96803 0.241299 0 -0.241867 -0.970309 0.997651 0.066467 -0.0165681 754.dat
1 0 -195.355 -471.063 271.901 0.126846 -0.969271 0.210768 0 -0.212485 -0.977164 0.991922 0.123949 -0.0269528 754.dat
1 0 -193.447 -470.645 271.657 0.197953 -0.965547 0.168918 0 -0.172328 -0.98504 0.980211 0.194992 -0.034113 754.dat
1 0 -191.565 -470.309 271.277 0.284669 -0.951977 0.112712 0 -0.117576 -0.993064 0.958626 0.282694 -0.0334703 754.dat
1 0 -189.737 -470.083 270.734 0.389155 -0.92028 0.040542 0 -0.0440113 -0.999031 0.921172 0.388778 -0.0171272 754.dat
0
