1  15 538 -24 -488 0 0 1 0 1 0 -1 0 0 973P51.dat
1  0 538 -15.0359 -503.6003 0 0 1 -0.173652 0.9848069 0 -0.9848069 -0.173652 0 981.dat
1  0 538 -15.0359 -472.3996 0 0 1 0.173651 0.9848069 0 -0.9848069 0.173651 0 982.dat
1  0 538 8 -488 0 0 1 0 1 0 -1 0 0 970.dat
1  15 538 20 -488 0 0 1 0 1 0 -1 0 0 971.dat
1  15 538 20 -488 0 0 1 0 1 0 -1 0 0 972.dat
1  0 538 -24 -488 0 0 1 0 1 0 -1 0 0 3838.dat
1  14 538 -46 -488 0 0 1 0 1 0 -1 0 0 3626AP01.dat
1  0 538 -46 -488 0 0 1 0 1 0 -1 0 0 2446.dat
1  42 538 -45 -488 0 0 1 0 1 0 -1 0 0 2447.dat
1  0 528.7106 2.807178 -464.1762 0 0.7071063 0.7071067 0.173651 0.6963636 -0.6963635 -0.9848067 0.1227898 -0.1227898 983.dat
1  0 528.7106 2.807175 -511.8238 0.1736313 0.6854571 0.7071065 0.002657651 0.7176838 -0.6963635 -0.9848066 0.1227898 0.1227908 983.dat
1  0 380 -84 -297 0 0 1 0 1 0 -1 0 0 2446.dat
1  15 380 -56 -297 0 0 1 0 1 0 -1 0 0 973P51.dat
1  0 380 -24 -297 0 0 1 0 1 0 -1 0 0 970.dat
1  14 380 -84 -297 0 0 1 0 1 0 -1 0 0 3626AP01.dat
1  0 380 -47.03589 -312.6003 0 0 1 -0.173652 0.9848069 0 -0.9848069 -0.173652 0 981.dat
1  0 380 -47.03589 -281.3995 0 0 1 0.173651 0.9848069 0 -0.9848069 0.173651 0 982.dat
1  15 380 -12 -297 0 -0.9238794 0.3826835 0 0.3826835 0.9238794 -1 0 0 971.dat
1  15 380 -12 -297 0 -0.9238794 0.3826835 0 0.3826835 0.9238794 -1 0 0 972.dat
1  0 370.7106 -29.19282 -320.8238 0.1736313 0.6854572 0.7071066 0.002657651 0.7176839 -0.6963635 -0.9848066 0.1227898 0.1227908 983.dat
1  0 370.7106 -29.19282 -273.1761 0 0.7071063 0.7071068 0.173651 0.6963637 -0.6963635 -0.9848068 0.1227898 -0.1227898 983.dat
1  42 381 -83 -296 0 0 1 0 1 0 -1 0 0 2447.dat
1  15 380 -57 -297 0 0 1 0 1 0 -1 0 0 4736.dat
1  0 373.5424 -3.1663 -297 0.9570688 0.2926091 0 -0.2926091 0.9570688 0 0 0 1 3795.dat
1  15 332.9188 0.8815117 -297 0.9570688 0.2926091 0 -0.2926091 0.9570688 0 0 0 1 3022.dat
1  0 419.0549 -25.4533 -297 0 0.2926091 0.9570688 0 0.9570688 -0.2926091 -1 0 0 3839B.dat
1  0 337.6005 16.19461 -297 0 0.2926091 0.9570688 0 0.9570688 -0.2926091 -1 0 0 4600.dat
1  0 423.7367 -10.14021 -297 0 0.2926091 -0.9570688 0 0.9570688 0.2926091 1 0 0 2540.dat
1  15 426.0776 -2.483656 -297 0 0.2926091 -0.9570688 0 0.9570688 0.2926091 1 0 0 3023.dat
1  15 428.4185 5.172893 -297 0 0.2926091 -0.9570688 0 0.9570688 0.2926091 1 0 0 3023.dat
1  0 404.5953 -4.288023 -297 0 0.2926091 0.9570688 0 0.9570688 -0.2926091 -1 0 0 3660.dat
1  0 421.1886 15.75554 -297 0 0.2926091 0.9570688 0 0.9570688 -0.2926091 -1 0 0 4600.dat
1  0 330.5779 -6.775042 -297 0 0.2926091 0.9570688 0 0.9570688 -0.2926091 -1 0 0 4859.dat
1  0 318.6664 -11.5055 -297 0 0.2926091 0.9570688 0 0.9570688 -0.2926091 -1 0 0 30244.dat
1  15 337.8077 -17.35768 -297 0 0.2926091 0.9570688 0 0.9570688 -0.2926091 -1 0 0 3069BP68.dat
1  15 339.0636 20.97995 -327 0.9570688 0.2926091 0 -0.2926091 0.9570688 0 0 0 1 4624.dat
1  15 422.6517 20.54088 -327 0.9570688 0.2926091 0 -0.2926091 0.9570688 0 0 0 1 4624.dat
1  15 339.0636 20.97995 -267 -0.9570688 0.2926091 0 0.2926091 0.9570688 0 0 0 -1 4624.dat
1  15 422.6517 20.54088 -267 -0.9570688 0.2926091 0 0.2926091 0.9570688 0 0 0 -1 4624.dat
1  0 422.6517 20.54088 -327 0.9570688 0.2926091 0 -0.2926091 0.9570688 0 0 0 1 3641.dat
1  0 339.0636 20.97995 -327 0.9570688 0.2926091 0 -0.2926091 0.9570688 0 0 0 1 3641.dat
1  0 339.0636 20.97995 -267 -0.9570687 0.2926091 0 0.2926091 0.9570687 0 0 0 -1 3641.dat
1  0 422.6517 20.54088 -267 -0.9570688 0.2926091 0 0.2926091 0.9570688 0 0 0 -1 3641.dat
1  15 640.9488 -83.66463 -298 0 0.2926091 0.9570689 0 0.9570689 -0.2926091 -1 0 0 3069BP68.dat
1  0 724.3297 -50.55141 -298 0 0.2926091 0.9570689 0 0.9570689 -0.2926091 -1 0 0 4600.dat
1  0 707.7364 -70.59496 -298 0 0.2926091 0.9570689 0 0.9570689 -0.2926091 -1 0 0 3660.dat
1  15 731.5596 -61.13406 -298 0 0.2926091 -0.9570689 0 0.9570689 0.2926091 1 0 0 3023.dat
1  15 729.2187 -68.7906 -298 0 0.2926091 -0.9570689 0 0.9570689 0.2926091 1 0 0 3023.dat
1  0 726.8778 -76.44715 -298 0 0.2926091 -0.9570689 0 0.9570689 0.2926091 1 0 0 2540.dat
1  0 621.8074 -77.81245 -298 0 0.2926091 0.9570689 0 0.9570689 -0.2926091 -1 0 0 30244.dat
1  0 633.719 -73.08199 -298 0 0.2926091 0.9570689 0 0.9570689 -0.2926091 -1 0 0 4859.dat
1  15 636.0599 -65.42544 -298 0.9570689 0.2926091 0 -0.2926091 0.9570689 0 0 0 1 3022.dat
1  0 640.7416 -50.11234 -298 0 0.2926091 0.9570689 0 0.9570689 -0.2926091 -1 0 0 4600.dat
1  0 722.196 -91.76024 -298 0 0.2926091 0.9570689 0 0.9570689 -0.2926091 -1 0 0 3839B.dat
1  0 676.6835 -69.47325 -298 0.9570688 0.2926091 0 -0.2926091 0.9570688 0 0 0 1 3795.dat
1  0 642.2047 -45.32699 -328 0.9570689 0.2926091 0 -0.2926091 0.9570689 0 0 0 1 3641.dat
1  15 642.2047 -45.32699 -328 0.9570687 0.2926091 0 -0.2926091 0.9570687 0 0 0 1 4624.dat
1  0 725.7928 -45.76606 -328 0.9570689 0.2926091 0 -0.2926091 0.9570689 0 0 0 1 3641.dat
1  15 725.7928 -45.76606 -328 0.9570689 0.2926091 0 -0.2926091 0.9570689 0 0 0 1 4624.dat
1  0 642.2047 -45.32699 -268 -0.9570689 0.2926091 0 0.2926091 0.9570689 0 0 0 -1 3641.dat
1  15 642.2047 -45.32699 -268 -0.9570689 0.2926091 0 0.2926091 0.9570689 0 0 0 -1 4624.dat
1  0 725.7928 -45.76606 -268 -0.9570689 0.2926091 0 0.2926091 0.9570689 0 0 0 -1 3641.dat
1  15 725.7928 -45.76606 -268 -0.9570689 0.2926091 0 0.2926091 0.9570689 0 0 0 -1 4624.dat
0 GROUP -1
1  15 690 0 -100 1 0 0 0 1 0 0 0 1 3795.dat
0 GROUP -1
1  15 720 -24 -100 0 0 -1 0 1 0 1 0 0 3004.dat
0 GROUP -1
1  15 700 -24 -100 0 0 1 0 1 0 -1 0 0 3039.dat
0 GROUP -1
1  15 740 -24 -100 0 0 -1 0 1 0 1 0 0 3747.dat
0 GROUP -1
1  0 730 -72 -100 -1 0 0 0 1 0 0 0 -1 2434.dat
0 GROUP -1
1  0 700 -52 -144 0 0 1 1 0 0 0 1 0 3937.dat
0 GROUP -1
1  0 700 -52 -56 0 0 1 -1 0 0 0 -1 0 3937.dat
0 GROUP -1
1  0 770 -52 -32 0 0 1 -1 0 0 0 -1 0 3479.dat
0 GROUP -1
1  0 770 -52 -168 0 0 1 1 0 0 0 1 0 3479.dat
0 GROUP -1
1  0 750 -80 -100 -1 0 0 0 1 0 0 0 -1 3020.dat
0 GROUP -1
1  0 780 -48 -100 0 0 1 0 1 0 -1 0 0 3004.dat
0 GROUP -1
1  15 730 8 -100 1 0 0 0 1 0 0 0 1 4032.dat
0 GROUP -1
1  15 650 8 -110 -1 0 0 0 1 0 0 0 -1 4275B.dat
0 GROUP -1
1  15 650 8 -90 -1 0 0 0 1 0 0 0 -1 4275B.dat
0 GROUP -1
1  0 595.6412 -5.962387 -90 0.7193397 0.6946582 0 0.6946582 -0.7193397 0 0 0 -1 4276B.dat
0 GROUP -1
1  0 595.6412 -5.962387 -110 0.7193397 0.6946582 0 0.6946582 -0.7193397 0 0 0 -1 4276B.dat
0 GROUP -1
1  0 608.3917 -4.770523 -100 0 0.6946582 -0.7193397 0 -0.7193397 -0.6946582 -1 0 0 3023.dat
0 GROUP -1
1  0 770 -128 -100 0 0 1 0 1 0 -1 0 0 3479.dat
0 GROUP -1
1  42 594.0049 -18.6637 -100 0 0.6946582 0.7193397 0 -0.7193397 0.6946582 1 0 0 2466.dat
0 GROUP -1
1  0 606.7557 -17.47182 -100 0 0.6946582 0.7193397 0 -0.7193397 0.6946582 1 0 0 4032.dat
0 GROUP -1
1  15 631.9608 -32.05607 -100 0 -0.7193397 -0.6946582 0 -0.6946582 0.7193397 -1 0 0 2516.dat
0 GROUP -1
1  0 700 -96 -100 0 0 1 0 1 0 -1 0 0 3004.dat
0 GROUP -1
1  15 780 -52 -176 0 0 1 1 0 0 0 1 0 30244.dat
0 GROUP -1
1  15 780 -52 -24 0 0 -1 1 0 0 0 -1 0 30244.dat
0 GROUP -1
1  15 700 -104 -100 0 0 1 0 1 0 -1 0 0 30244.dat
0 GROUP -1
1  0 658.2499 -75 -100.25 0 0 1 0 1 0 -1 0 0 2446.dat
0 GROUP -1
1  15 658.2499 -53 -100.25 0 0 1 0 1 0 -1 0 0 973P51.dat
0 GROUP -1
1  0 658.2499 -21 -100.2499 0 0 1 0 1 0 -1 0 0 970.dat
0 GROUP -1
1  14 658.2499 -75 -100.2499 0 0 1 0 1 0 -1 0 0 3626AP01.dat
0 GROUP -1
1  0 658.2499 -44.0359 -115.8503 0 0 1 -0.173652 0.9848068 0 -0.9848068 -0.173652 0 981.dat
0 GROUP -1
1  0 658.2499 -44.0359 -84.6495 0 0 1 0.173651 0.9848068 0 -0.9848068 0.173651 0 982.dat
0 GROUP -1
1  15 658.2499 -9 -100.2499 0 -1 0 0 0 1 -1 0 0 971.dat
0 GROUP -1
1  15 658.2499 -9 -100.2499 0 -1 0 0 0 1 -1 0 0 972.dat
0 GROUP -1
1  0 648.9606 -26.19282 -124.0738 0.1736313 0.6854572 0.7071065 0.002657651 0.7176839 -0.6963634 -0.9848065 0.1227898 0.1227908 983.dat
0 GROUP -1
1  0 648.9606 -26.19282 -76.42609 0 0.7071062 0.7071068 0.173651 0.6963636 -0.6963634 -0.9848067 0.1227898 -0.1227898 983.dat
0 GROUP -1
1  0 658.2499 -53 -100.2499 0 0 1 0 1 0 -1 0 0 3838.dat
0 GROUP -1
1  15 687.4276 -114.6367 -90 0 0.6946582 0.7193397 0 -0.7193397 0.6946582 1 0 0 4073.dat
0 GROUP -1
1  15 687.4276 -114.6367 -110 0 0.6946582 0.7193397 0 -0.7193397 0.6946582 1 0 0 4073.dat
0 GROUP -1
1  42 650 -52 -168 0 0 1 1 0 0 0 1 0 2418B.dat
0 GROUP -1
1  42 650 -52 -32 0 0 1 -1 0 0 0 -1 0 2418B.dat
0 GROUP -1
1  0 760 -52 -176 0 0 1 1 0 0 0 1 0 3839B.dat
0 GROUP -1
1  0 760 -52 -24 0 0 1 -1 0 0 0 -1 0 3839B.dat
0 GROUP -1
1  0 780 -72 -100 0 0 1 0 1 0 -1 0 0 3700.dat
0 GROUP -1
1  0 810 8 -300 0 0 -1 0 1 0 1 0 0 3036.dat
0 GROUP -1
1  0 860 0 -160 0 0 -1 0 1 0 1 0 0 3460.dat
0 GROUP -1
1  0 860 0 -440 0 0 -1 0 1 0 1 0 0 3460.dat
0 GROUP -1
1  0 770 0 -160 -1 0 0 0 1 0 0 0 -1 3933.dat
0 GROUP -1
1  0 770 0 -440 1 0 0 0 1 0 0 0 1 3934.dat
0 GROUP -1
1  15 840 0 -300 0 0 -1 0 1 0 1 0 0 3023.dat
0 GROUP -1
1  15 830 0 -360 0 0 -1 0 1 0 1 0 0 3022.dat
0 GROUP -1
1  15 830 0 -240 0 0 -1 0 1 0 1 0 0 3022.dat
0 GROUP -1
1  15 840 -24 -300 0 0 -1 0 1 0 1 0 0 3004.dat
0 GROUP -1
1  15 830 -24 -250 -1 0 0 0 1 0 0 0 -1 3004.dat
0 GROUP -1
1  15 830 -24 -350 -1 0 0 0 1 0 0 0 -1 3004.dat
0 GROUP -1
1  0 710 -24 -370 -1 0 0 0 1 0 0 0 -1 2465.dat
0 GROUP -1
1  0 710 -24 -230 -1 0 0 0 1 0 0 0 -1 2465.dat
0 GROUP -1
1  0 530 0 -230 -1 0 0 0 1 0 0 0 -1 3666.dat
0 GROUP -1
1  0 530 0 -370 -1 0 0 0 1 0 0 0 -1 3666.dat
0 GROUP -1
1  0 550 8 -400 0 0 1 0 1 0 -1 0 0 3936.dat
0 GROUP -1
1  0 550 8 -200 0 0 1 0 1 0 -1 0 0 3935.dat
0 GROUP -1
1  15 560 0 -210 1 0 0 0 1 0 0 0 1 3623.dat
0 GROUP -1
1  15 560 0 -390 1 0 0 0 1 0 0 0 1 3623.dat
0 GROUP -1
1  15 560 0 -410 1 0 0 0 1 0 0 0 1 3024.dat
0 GROUP -1
1  15 560 0 -190 1 0 0 0 1 0 0 0 1 3024.dat
0 GROUP -1
1  0 580 0 -410 1 0 0 0 1 0 0 0 1 6019.dat
0 GROUP -1
1  0 580 0 -190 -1 0 0 0 1 0 0 0 -1 6019.dat
0 GROUP -1
1  0 570 -24 -210 -1 0 0 0 1 0 0 0 -1 3039.dat
0 GROUP -1
1  0 570 -24 -390 1 0 0 0 1 0 0 0 1 3039.dat
0 GROUP -1
1  0 830 8 -500 -1 0 0 0 1 0 0 0 -1 3020.dat
0 GROUP -1
1  0 830 8 -100 -1 0 0 0 1 0 0 0 -1 3020.dat
0 GROUP -1
1  15 770 -16 -350 -1 0 0 0 1 0 0 0 -1 2458.dat
0 GROUP -1
1  15 770 -16 -250 1 0 0 0 1 0 0 0 1 2458.dat
0 GROUP -1
1  15 770 -24 -250 1 0 0 0 1 0 0 0 1 3023.dat
0 GROUP -1
1  0 770 -24 -350 1 0 0 0 1 0 0 0 1 3023.dat
0 GROUP -1
1  15 769.651 -15.99391 -320 0 0.03489943 0.9993908 0 0.9993908 -0.03489943 -1 0 0 2444.dat
0 GROUP -1
1  15 769.651 -15.99391 -280 0 0.03489943 -0.9993908 0 0.9993908 0.03489943 1 0 0 2444.dat
0 GROUP -1
1  0 709.4084 -21.89505 -300 -0.9993908 0.03489943 0 0.03489943 0.9993908 0 0 0 -1 3029.dat
0 GROUP -1
1  0 599.1962 -26.05124 -280 -0.9993908 0.03489943 0 0.03489943 0.9993908 0 0 0 -1 3021.dat
0 GROUP -1
1  0 599.1962 -26.05124 -320 -0.9993908 0.03489943 0 0.03489943 0.9993908 0 0 0 -1 3021.dat
0 GROUP -1
1  15 649.1658 -27.79623 -330 -0.9993908 0.03489943 0 0.03489943 0.9993908 0 0 0 -1 30244.dat
0 GROUP -1
1  15 649.1658 -27.79623 -270 -0.9993908 0.03489943 0 0.03489943 0.9993908 0 0 0 -1 30244.dat
0 GROUP -1
1  0 709.1292 -29.89017 -270 -0.9993908 0.03489943 0 0.03489943 0.9993908 0 0 0 -1 2431.dat
0 GROUP -1
1  0 709.1292 -29.89017 -330 -0.9993908 0.03489943 0 0.03489943 0.9993908 0 0 0 -1 2431.dat
0 GROUP -1
1  0 739.1109 -30.93718 -300 0 0.03489943 0.9993908 0 0.9993908 -0.03489943 -1 0 0 3023.dat
0 GROUP -1
1  0 578.9291 -33.34839 -300 0 0.03489943 0.9993908 0 0.9993908 -0.03489943 -1 0 0 3023.dat
0 GROUP -1
1  0 668.8743 -36.48933 -290 0.9993908 0.03489943 0 -0.03489943 0.9993908 0 0 0 1 4162.dat
0 GROUP -1
1  0 668.8743 -36.48933 -310 0.9993908 0.03489943 0 -0.03489943 0.9993908 0 0 0 1 4162.dat
0 GROUP -1
1  0 588.9232 -33.69737 -330 -0.9993908 0.03489943 0 0.03489943 0.9993908 0 0 0 -1 2431.dat
0 GROUP -1
1  0 588.9232 -33.69737 -270 -0.9993908 0.03489943 0 0.03489943 0.9993908 0 0 0 -1 2431.dat
0 GROUP -1
1  0 578.65 -41.3435 -300 0 0.03489943 0.9993908 0 0.9993908 -0.03489943 -1 0 0 3069B.dat
0 GROUP -1
1  0 520 -8 -230 -1 0 0 0 1 0 0 0 -1 3024.dat
0 GROUP -1
1  0 520 -8 -370 -1 0 0 0 1 0 0 0 -1 3024.dat
0 GROUP -1
1  15 520 -16 -370 -1 0 0 0 1 0 0 0 -1 4073.dat
0 GROUP -1
1  15 520 -16 -230 -1 0 0 0 1 0 0 0 -1 4073.dat
0 GROUP -1
1  0 540 -24 -230 -1 0 0 0 1 0 0 0 -1 3040A.dat
0 GROUP -1
1  0 540 -24 -370 1 0 0 0 1 0 0 0 1 3040A.dat
0 GROUP -1
1  0 560 -32 -210 -1 0 0 0 1 0 0 0 -1 2450.dat
0 GROUP -1
1  0 560 -32 -390 0 0 1 0 1 0 -1 0 0 2450.dat
0 GROUP -1
1  0 670 -48 -370 -1 0 0 0 1 0 0 0 -1 3660.dat
0 GROUP -1
1  0 670 -48 -230 1 0 0 0 1 0 0 0 1 3660.dat
0 GROUP -1
1  0 840 -32 -300 0 0 -1 0 1 0 1 0 0 3839B.dat
0 GROUP -1
1  0 830 -48 -360 -1 0 0 0 1 0 0 0 -1 3001.dat
0 GROUP -1
1  0 830 -48 -240 -1 0 0 0 1 0 0 0 -1 3001.dat
0 GROUP -1
1  0 780 -48 -240 0 0 1 0 1 0 -1 0 0 3039.dat
0 GROUP -1
1  0 780 -48 -360 0 0 1 0 1 0 -1 0 0 3039.dat
0 GROUP -1
1  0 830 -48 -500 1 0 0 0 1 0 0 0 1 2434.dat
0 GROUP -1
1  0 830 -48 -100 1 0 0 0 1 0 0 0 1 2434.dat
0 GROUP -1
1  15 550 16 -380 0 0 -1 0 1 0 1 0 0 4229.dat
0 GROUP -1
1  15 550 16 -220 0 0 -1 0 1 0 1 0 0 4229.dat
0 GROUP -1
1  15 830 16 -100 0 0 -1 0 1 0 1 0 0 4229.dat
0 GROUP -1
1  15 830 16 -500 0 0 -1 0 1 0 1 0 0 4229.dat
0 GROUP -1
1  15 830 16 -360 0 0 -1 0 1 0 1 0 0 4229.dat
0 GROUP -1
1  15 830 16 -240 0 0 -1 0 1 0 1 0 0 4229.dat
0 GROUP -1
1  0 520 -32 -370 0.7071068 0 0.7071067 0 1 0 -0.7071067 0 0.7071068 4735.dat
0 GROUP -1
1  0 520 -32 -230 -0.7071067 0 0.7071068 0 1 0 -0.7071068 0 -0.7071067 4735.dat
0 GROUP -1
1  0 670 -52 -250 1 0 0 0 1 0 0 0 1 3023.dat
0 GROUP -1
1  0 670 -52 -350 1 0 0 0 1 0 0 0 1 3023.dat
0 GROUP -1
1  0 660 -56 -370 1 0 0 0 1 0 0 0 1 4081B.dat
0 GROUP -1
1  0 660 -56 -230 -1 0 0 0 1 0 0 0 -1 4081B.dat
0 GROUP -1
1  0 770 -56 -230 -1 0 0 0 1 0 0 0 -1 4477.dat
0 GROUP -1
1  0 770 -56 -370 -1 0 0 0 1 0 0 0 -1 4477.dat
0 GROUP -1
1  15 850 -64 -350 -1 0 0 0 1 0 0 0 -1 4531.dat
0 GROUP -1
1  15 850 -64 -250 -1 0 0 0 1 0 0 0 -1 4531.dat
0 GROUP -1
1  0 801.6152 -84.04163 -250 0.7071068 -0.7071068 0 0.7071068 0.7071068 0 0 0 1 4275B.dat
0 GROUP -1
1  0 801.6152 -84.04163 -350 0.7071068 -0.7071068 0 0.7071068 0.7071068 0 0 0 1 4275B.dat
0 GROUP -1
1  15 840 -56 -300 0 0 -1 0 1 0 1 0 0 3004.dat
0 GROUP -1
1  0 820 -72 -500 0 0 -1 0 1 0 1 0 0 3298.dat
0 GROUP -1
1  0 820 -72 -100 0 0 -1 0 1 0 1 0 0 3298.dat
0 GROUP -1
1  0 800 -72 -100 0 0 -1 0 1 0 1 0 0 3700.dat
0 GROUP -1
1  0 800 -72 -500 0 0 -1 0 1 0 1 0 0 3700.dat
0 GROUP -1
1  0 790 -62 -500 -1 0 0 0 1 0 0 0 -1 3673.dat
0 GROUP -1
1  0 790 -62 -100 -1 0 0 0 1 0 0 0 -1 3673.dat
0 GROUP -1
1  0 670 -64 -240 -1 0 0 0 1 0 0 0 -1 3022.dat
0 GROUP -1
1  0 670 -64 -360 -1 0 0 0 1 0 0 0 -1 3022.dat
0 GROUP -1
1  15 648 -54 -210 0 1 0 1 0 0 0 0 -1 4073.dat
0 GROUP -1
1  15 648 -54 -390 0 1 0 1 0 0 0 0 -1 4073.dat
0 GROUP -1
1  0 550 -40 -230 -1 0 0 0 1 0 0 0 -1 3710.dat
0 GROUP -1
1  0 550 -40 -370 -1 0 0 0 1 0 0 0 -1 3710.dat
0 GROUP -1
1  0 860 -80 -370 0 0 -1 0 1 0 1 0 0 2357.dat
0 GROUP -1
1  0 860 -80 -230 -1 0 0 0 1 0 0 0 -1 2357.dat
0 GROUP -1
1  0 820 -80 -230 0 0 1 0 1 0 -1 0 0 3040B.dat
0 GROUP -1
1  0 820 -80 -370 0 0 1 0 1 0 -1 0 0 3040B.dat
0 GROUP -1
1  15 810 -80 -100 0 0 -1 0 1 0 1 0 0 4859.dat
0 GROUP -1
1  15 810 -80 -500 0 0 -1 0 1 0 1 0 0 4859.dat
0 GROUP -1
1  0 800.2009 -96.76953 -300 0 -0.7071068 -0.7071068 0 0.7071068 -0.7071068 1 0 0 3666.dat
0 GROUP -1
1  0 860 -88 -300 0 0 1 0 1 0 -1 0 0 3666.dat
0 GROUP -1
1  0 860 -80 -300 0 0 1 0 1 0 -1 0 0 3023.dat
0 GROUP -1
1  0 850 -72 -300 0 0 1 0 1 0 -1 0 0 3022.dat
0 GROUP -1
1  0 860 -64 -300 0 0 -1 0 1 0 1 0 0 2443.dat
0 GROUP -1
1  42 922 -28 -300 0 -1 0 0 0 -1 1 0 0 2418A.dat
0 GROUP -1
1  15 530 -48 -370 -1 0 0 0 1 0 0 0 -1 3069BP06.dat
0 GROUP -1
1  15 530 -48 -230 -1 0 0 0 1 0 0 0 -1 3069BP06.dat
0 GROUP -1
1  15 670 -72 -230 -1 0 0 0 1 0 0 0 -1 30244.dat
0 GROUP -1
1  15 670 -72 -370 -1 0 0 0 1 0 0 0 -1 30244.dat
0 GROUP -1
1  0 670 -72 -350 -1 0 0 0 1 0 0 0 -1 3023.dat
0 GROUP -1
1  0 670 -72 -250 -1 0 0 0 1 0 0 0 -1 3023.dat
0 GROUP -1
1  0 850 -88 -440 1 0 0 0 1 0 0 0 1 3933.dat
0 GROUP -1
1  0 850 -88 -160 -1 0 0 0 1 0 0 0 -1 3934.dat
0 GROUP -1
1  15 801.6152 -84.04163 -290 -0.7071068 -0.7071068 0 -0.7071068 0.7071068 0 0 0 -1 4276B.dat
0 GROUP -1
1  15 801.6152 -84.04163 -310 -0.7071068 -0.7071068 0 -0.7071068 0.7071068 0 0 0 -1 4276B.dat
0 GROUP -1
1  0 748.724 -111.5752 -290 0.9848077 -0.1736483 0 0.1736483 0.9848077 0 0 0 1 4275B.dat
0 GROUP -1
1  42 803.0294 -71.31372 -300 0 -0.7071068 0.7071068 0 0.7071068 0.7071068 -1 0 0 2408.dat
0 GROUP -1
1  0 829.8995 -55.75739 -280 -0.7071068 -0.7071068 0 -0.7071068 0.7071068 0 0 0 -1 3068B.dat
0 GROUP -1
1  0 829.8995 -55.75739 -320 -0.7071068 -0.7071068 0 -0.7071068 0.7071068 0 0 0 -1 3068B.dat
0 GROUP -1
1  15 831.3137 -43.02948 -300 0 -0.7071068 0.7071068 0 0.7071068 0.7071068 -1 0 0 3710.dat
0 GROUP -1
1  0 808.6863 -76.97058 -270 -0.7071068 -0.7071068 0 -0.7071068 0.7071068 0 0 0 -1 3024.dat
0 GROUP -1
1  0 808.6863 -76.97058 -330 -0.7071068 -0.7071068 0 -0.7071068 0.7071068 0 0 0 -1 3024.dat
0 GROUP -1
1  0 818.5858 -44.44366 -270 0.7071068 -0.7071068 0 0.7071068 0.7071068 0 0 0 1 3023.dat
0 GROUP -1
1  0 818.5858 -44.44366 -320 0.7071068 -0.7071068 0 0.7071068 0.7071068 0 0 0 1 3022.dat
0 GROUP -1
1  0 818.5858 -44.44366 -290 0.7071068 -0.7071068 0 0.7071068 0.7071068 0 0 0 1 3839B.dat
0 GROUP -1
1  0 820 -31.71576 -300 0 -0.7071068 -0.7071068 0 0.7071068 -0.7071068 1 0 0 3710.dat
0 GROUP -1
1  0 748.724 -111.5751 -310 0.9848077 -0.1736483 0 0.1736483 0.9848077 0 0 0 1 4275B.dat
0 GROUP -1
1  0 750.1132 -119.4537 -300 0.9848077 -0.1736483 0 0.1736483 0.9848077 0 0 0 1 2460.dat
0 GROUP -1
1  0 870 -28 -640 0 0 1 1 0 0 0 1 0 4476.dat
0 GROUP -1
1  0 890 -28 -616 0 1 0 -1 0 0 0 0 1 3956.dat
0 GROUP -1
1  15 898 -28 -616 0 1 0 -1 0 0 0 0 1 4591.dat
0 GROUP -1
1  0 870 -28 40 0 0 1 -1 0 0 0 -1 0 4476.dat
0 GROUP -1
1  0 890 -28 16 0 1 0 1 0 0 0 0 -1 3956.dat
0 GROUP -1
1  15 898 -28 16 0 1 0 1 0 0 0 0 -1 4591.dat
0 GROUP -1
1  0 752.2565 -127.0912 -300 0.9848077 -0.1736483 0 0.1736483 0.9848077 0 0 0 1 4285B.dat
0 GROUP -1
1  0 753.6456 -134.9696 -300 0 -0.1736483 -0.9848077 0 0.9848076 -0.1736483 1 0 0 3709B.dat
0 GROUP -1
1  15 755.0348 -142.8481 -270 -0.9848078 -0.1736483 0 -0.1736483 0.9848077 0 0 0 -1 4596.dat
0 GROUP -1
1  15 755.0348 -142.8481 -330 0.9848078 -0.1736483 0 0.1736483 0.9848077 0 0 0 1 4596.dat
0 GROUP -1
1  0 766.272 -148.9901 -330 0 -0.1736483 -0.9848078 0 0.9848078 -0.1736483 1 0 0 2555.dat
0 GROUP -1
1  0 766.272 -148.9901 -270 0 -0.1736483 -0.9848078 0 0.9848078 -0.1736483 1 0 0 2555.dat
0 GROUP -1
1  0 510.2872 9.443636 -300 0 -0.7071068 0.7071068 0 0.7071068 0.7071068 -1 0 0 3795.dat
0 GROUP -1
1  42 588 2 -430 0 1 0 -1 0 0 0 0 1 2569.dat
0 GROUP -1
1  42 590 2 -170 0 1 0 -1 0 0 0 0 1 2569.dat
0 GROUP -1
1  0 770 -128 -500 0 0 1 0 1 0 -1 0 0 3479.dat
0 GROUP -1
1  0 780 -72 -500 0 0 1 0 1 0 -1 0 0 3700.dat
0 GROUP -1
1  0 780 -48 -500 0 0 1 0 1 0 -1 0 0 3004.dat
0 GROUP -1
1  0 750 -80 -500 -1 0 0 0 1 0 0 0 -1 3020.dat
0 GROUP -1
1  0 700 -52 -456 0 0 1 -1 0 0 0 -1 0 3937.dat
0 GROUP -1
1  0 760 -52 -424 0 0 1 -1 0 0 0 -1 0 3839B.dat
0 GROUP -1
1  15 780 -52 -424 0 0 -1 1 0 0 0 -1 0 30244.dat
0 GROUP -1
1  0 770 -52 -432 0 0 1 -1 0 0 0 -1 0 3479.dat
0 GROUP -1
1  0 760 -52 -576 0 0 1 1 0 0 0 1 0 3839B.dat
0 GROUP -1
1  15 780 -52 -576 0 0 1 1 0 0 0 1 0 30244.dat
0 GROUP -1
1  0 770 -52 -568 0 0 1 1 0 0 0 1 0 3479.dat
0 GROUP -1
1  0 700 -52 -544 0 0 1 1 0 0 0 1 0 3937.dat
0 GROUP -1
1  15 700 -104 -500 0 0 1 0 1 0 -1 0 0 30244.dat
0 GROUP -1
1  0 700 -96 -500 0 0 1 0 1 0 -1 0 0 3004.dat
0 GROUP -1
1  0 730 -72 -500 -1 0 0 0 1 0 0 0 -1 2434.dat
0 GROUP -1
1  15 740 -24 -500 0 0 -1 0 1 0 1 0 0 3747.dat
0 GROUP -1
1  15 700 -24 -500 0 0 1 0 1 0 -1 0 0 3039.dat
0 GROUP -1
1  15 720 -24 -500 0 0 -1 0 1 0 1 0 0 3004.dat
0 GROUP -1
1  15 650 8 -490 -1 0 0 0 1 0 0 0 -1 4275B.dat
0 GROUP -1
1  15 650 8 -510 -1 0 0 0 1 0 0 0 -1 4275B.dat
0 GROUP -1
1  15 730 8 -500 1 0 0 0 1 0 0 0 1 4032.dat
0 GROUP -1
1  15 690 0 -500 1 0 0 0 1 0 0 0 1 3795.dat
0 GROUP -1
1  42 650 -52 -432 0 0 1 -1 0 0 0 -1 0 2418B.dat
0 GROUP -1
1  42 650 -52 -568 0 0 1 1 0 0 0 1 0 2418B.dat
0 GROUP -1
1  15 631.9608 -32.05607 -500 0 -0.7193397 -0.6946582 0 -0.6946582 0.7193397 -1 0 0 2516.dat
0 GROUP -1
1  0 606.7557 -17.47182 -500 0 0.6946582 0.7193397 0 -0.7193397 0.6946582 1 0 0 4032.dat
0 GROUP -1
1  0 608.3917 -4.770523 -500 0 0.6946582 -0.7193397 0 -0.7193397 -0.6946582 -1 0 0 3023.dat
0 GROUP -1
1  42 594.0049 -18.6637 -500 0 0.6946582 0.7193397 0 -0.7193397 0.6946582 1 0 0 2466.dat
0 GROUP -1
1  0 595.6412 -5.962387 -510 0.7193397 0.6946582 0 0.6946582 -0.7193397 0 0 0 -1 4276B.dat
0 GROUP -1
1  0 595.6412 -5.962387 -490 0.7193397 0.6946582 0 0.6946582 -0.7193397 0 0 0 -1 4276B.dat
0 GROUP -1
1  15 687.4276 -114.6367 -490 0 0.6946582 0.7193397 0 -0.7193397 0.6946582 1 0 0 4073.dat
0 GROUP -1
1  15 687.4276 -114.6367 -510 0 0.6946582 0.7193397 0 -0.7193397 0.6946582 1 0 0 4073.dat
0 GROUP -1
1  0 658.2499 -53 -500.2499 0 0 1 0 1 0 -1 0 0 3838.dat
0 GROUP -1
1  15 658.2499 -53 -500.25 0 0 1 0 1 0 -1 0 0 973P51.dat
0 GROUP -1
1  0 658.2499 -21 -500.2499 0 0 1 0 1 0 -1 0 0 970.dat
0 GROUP -1
1  0 658.2499 -75 -500.25 0 0 1 0 1 0 -1 0 0 2446.dat
0 GROUP -1
1  14 658.2499 -75 -500.2499 0 0 1 0 1 0 -1 0 0 3626AP01.dat
0 GROUP -1
1  0 658.2499 -44.0359 -515.8503 0 0 1 -0.173652 0.9848068 0 -0.9848068 -0.173652 0 981.dat
0 GROUP -1
1  0 658.2499 -44.0359 -484.6495 0 0 1 0.173651 0.9848068 0 -0.9848068 0.173651 0 982.dat
0 GROUP -1
1  15 658.2499 -9 -500.2499 0 -1 0 0 0 1 -1 0 0 971.dat
0 GROUP -1
1  15 658.2499 -9 -500.2499 0 -1 0 0 0 1 -1 0 0 972.dat
0 GROUP -1
1  0 648.9606 -26.19282 -524.0738 0.1736313 0.6854572 0.7071065 0.002657651 0.7176839 -0.6963634 -0.9848065 0.1227898 0.1227908 983.dat
0 GROUP -1
1  0 648.9606 -26.19282 -476.4261 0 0.7071062 0.7071068 0.173651 0.6963636 -0.6963634 -0.9848067 0.1227898 -0.1227898 983.dat
0 WORLD  -552 6 0 0.7596617 -0.0474506 -0.648585 -0.3835389 0.7727278 -0.5057569 0.525178 0.6329616 0.5688124
0 ZOOM  50
