0 6988 Alpha Centauri Outpost
0 Name: 6988_Alpha_Centauri_Outpost.ldr
0 Author: LEGO
0 bassfoundation@yahoo.com
0 !COLOUR SandBlue CODE 64 VALUE #88A2B5 EDGE 0 ALPHA 255
0 !COLOUR Chrome CODE 65 VALUE #A1A29B EDGE 0 ALPHA 255
0 !COLOUR Silver CODE 66 VALUE #C7C7C7 EDGE 0 ALPHA 255
0 !COLOUR Gold CODE 67 VALUE #BBBD39 EDGE 0 ALPHA 255
0 ROTATION CENTER 0 0 0 1 "Custom" 
0 ROTATION CONFIG 0 0
1 0 330 0 -10 0 0 1 0 1 0 -1 0 0 2552.dat
1 0 230 -72 -310 -1 0 0 0 1 0 0 0 -1 2449.dat
1 0 250 -72 -310 -1 0 0 0 1 0 0 0 -1 2449.dat
1 0 550 -72 -310 -1 0 0 0 1 0 0 0 -1 2449.dat
1 0 570 -72 -310 -1 0 0 0 1 0 0 0 -1 2449.dat
1 15 260 -192 -140 0 0 1 0 1 0 -1 0 0 3940.dat
1 15 540 -192 -140 0 0 1 0 1 0 -1 0 0 3940.dat
1 15 80 -120 240 0 0 1 0 1 0 -1 0 0 3940.dat
1 15 20 -120 240 0 0 1 0 1 0 -1 0 0 4476.dat
1 15 560 -120 240 0 0 1 0 1 0 -1 0 0 3940.dat
1 0 570 -144 240 0 0 1 0 1 0 -1 0 0 3039p10.dat
1 0 570 -152 240 0 0 -1 0 1 0 1 0 0 3839b.dat
1 42 590 -146 214 0 1 0 0 0 1 1 0 0 4740.dat
1 42 590 -146 266 0 1 0 0 0 1 1 0 0 4740.dat
1 0 400 -152 230 1 0 0 0 1 0 0 0 1 3666.dat
1 15 240 -192 -220 1 0 0 0 1 0 0 0 1 4476.dat
1 15 560 -192 -220 1 0 0 0 1 0 0 0 1 4476.dat
1 0 260 -200 -140 1 0 0 0 1 0 0 0 1 3022.dat
1 0 540 -200 -140 1 0 0 0 1 0 0 0 1 3022.dat
1 0 570 -200 -260 0 0 1 0 1 0 -1 0 0 3666.dat
1 0 230 -200 -260 0 0 1 0 1 0 -1 0 0 3666.dat
1 0 60 -128 240 -1 0 0 0 1 0 0 0 -1 3020.dat
1 0 290 -168 210 -1 0 0 0 1 0 0 0 -1 2462.dat
1 0 510 -168 210 0 0 -1 0 1 0 1 0 0 2462.dat
1 0 400 -144 -140 1 0 0 0 1 0 0 0 1 3030.dat
1 0 400 -168 -110 1 0 0 0 1 0 0 0 1 3004.dat
1 0 400 -168 -180 0 0 1 0 1 0 -1 0 0 2456.dat
1 0 400 -192 -140 0 0 1 0 1 0 -1 0 0 3001.dat
1 0 400 -192 -200 0 0 1 0 1 0 -1 0 0 3003.dat
1 0 400 -192 -230 -1 0 0 0 1 0 0 0 -1 3700.dat
1 0 400 -200 -220 -1 0 0 0 1 0 0 0 -1 4282.dat
1 0 540 -224 -130 -1 0 0 0 1 0 0 0 -1 3660.dat
1 0 260 -224 -130 -1 0 0 0 1 0 0 0 -1 3660.dat
1 0 400 -208 -120 0 0 -1 0 1 0 1 0 0 5306.dat
1 0 280 -144 100 0 0 -1 0 1 0 1 0 0 3034.dat
1 0 270 -168 140 0 0 -1 0 1 0 1 0 0 3010.dat
1 0 530 -168 140 0 0 -1 0 1 0 1 0 0 3010.dat
1 0 10 -128 240 0 0 1 0 1 0 -1 0 0 3839b.dat
1 15 400 -24 -60 -1 0 0 0 1 0 0 0 -1 3001.dat
1 15 400 -24 60 -1 0 0 0 1 0 0 0 -1 3001.dat
1 0 400 -80 0 1 0 0 0 1 0 0 0 1 4760c01.dat
1 0 400 -96 -60 0 0 1 0 1 0 -1 0 0 5306.dat
1 0 400 -224 -110 -1 0 0 0 1 0 0 0 -1 4771.dat
1 0 80 -136 230 -1 0 0 0 1 0 0 0 -1 3023.dat
1 0 80 -136 250 -1 0 0 0 1 0 0 0 -1 4175.dat
1 0 240 -208 -220 -1 0 0 0 1 0 0 0 -1 4151a.dat
1 0 560 -208 -220 -1 0 0 0 1 0 0 0 -1 4151a.dat
1 0 240 -52 -320 -1 0 0 0 0 -1 0 -1 0 3940.dat
1 0 560 -52 -320 -1 0 0 0 0 -1 0 -1 0 3940.dat
1 0 280 -384 40 -1 0 0 0 1 0 0 0 -1 2681.dat
1 0 520 -384 39 -1 0 0 0 1 0 0 0 -1 2681.dat
1 0 280 -408 50 -1 0 0 0 1 0 0 0 -1 3004.dat
1 0 520 -408 50 -1 0 0 0 1 0 0 0 -1 3004.dat
1 0 400 -408 30 -1 0 0 0 1 0 0 0 -1 2465.dat
1 0 80 -144 240 1 0 0 0 1 0 0 0 1 3022.dat
1 15 320 -248 -110 1 0 0 0 1 0 0 0 1 2500c01.dat
1 15 480 -248 -110 1 0 0 0 1 0 0 0 1 2500c01.dat
1 0 240 -216 -270 1 0 0 0 1 0 0 0 1 3460.dat
1 0 560 -216 -270 1 0 0 0 1 0 0 0 1 3460.dat
1 42 240 -208 -310 1 0 0 0 1 0 0 0 1 2466.dat
1 42 560 -208 -310 1 0 0 0 1 0 0 0 1 2466.dat
1 42 240 -52 -368 1 0 0 0 0 1 0 -1 0 3960.dat
1 42 560 -52 -368 1 0 0 0 0 1 0 -1 0 3960.dat
1 15 90 -168 220 0 0 1 0 1 0 -1 0 0 3633.dat
1 15 90 -168 140 0 0 1 0 1 0 -1 0 0 3633.dat
1 15 230 -216 -300 0 0 1 0 1 0 -1 0 0 2412b.dat
1 15 250 -216 -300 0 0 1 0 1 0 -1 0 0 2412b.dat
1 15 550 -216 -300 0 0 1 0 1 0 -1 0 0 2412b.dat
1 15 570 -216 -300 0 0 1 0 1 0 -1 0 0 2412b.dat
1 15 230 -216 -220 0 0 1 0 1 0 -1 0 0 2412b.dat
1 15 250 -216 -220 0 0 1 0 1 0 -1 0 0 2412b.dat
1 15 550 -216 -220 0 0 1 0 1 0 -1 0 0 2412b.dat
1 15 570 -216 -220 0 0 1 0 1 0 -1 0 0 2412b.dat
1 36 280 -238 -120 0 0 1 1 0 0 0 1 0 4770.dat
1 36 320 -238 -120 0 0 1 1 0 0 0 1 0 4770.dat
1 36 360 -238 -120 0 0 1 1 0 0 0 1 0 4770.dat
1 36 440 -238 -120 0 0 1 1 0 0 0 1 0 4770.dat
1 36 480 -238 -120 0 0 1 1 0 0 0 1 0 4770.dat
1 36 520 -238 -120 0 0 1 1 0 0 0 1 0 4770.dat
1 0 400 -256 -110 -1 0 0 0 1 0 0 0 -1 3710.dat
1 0 280 -432 40 -1 0 0 0 1 0 0 0 -1 3003.dat
1 0 520 -432 40 -1 0 0 0 1 0 0 0 -1 3003.dat
1 0 250 -432 30 0 0 1 0 1 0 -1 0 0 4287.dat
1 0 550 -432 30 0 0 -1 0 1 0 1 0 0 4287.dat
1 0 240 -456 30 1 0 0 0 1 0 0 0 1 3010.dat
1 0 560 -456 30 1 0 0 0 1 0 0 0 1 3010.dat
1 0 510 -456 50 0 0 1 0 1 0 -1 0 0 2357.dat
1 0 290 -456 50 -1 0 0 0 1 0 0 0 -1 2357.dat
1 0 400 -80 10 -1 0 0 0 1 0 0 0 -1 4784.dat
1 0 90 -168 90 0 0 -1 0 1 0 1 0 0 3040p01.dat
1 0 70 -152 250 0 0 1 0 1 0 -1 0 0 4085a.dat
1 0 70 -152 230 0 0 1 0 1 0 -1 0 0 4085a.dat
1 42 50 -136 250 0 0 1 0 1 0 -1 0 0 2569.dat
1 42 50 -136 230 0 0 1 0 1 0 -1 0 0 2569.dat
1 0 330 -160 220 0 0 1 0 1 0 -1 0 0 4531.dat
1 0 470 -160 220 0 0 1 0 1 0 -1 0 0 4531.dat
1 15 470 -160 160 0 0 -1 0 1 0 1 0 0 4275b.dat
1 15 330 -160 160 0 0 -1 0 1 0 1 0 0 4275b.dat
1 15 330 -160 80 0 0 -1 0 1 0 1 0 0 3666.dat
1 15 470 -160 80 0 0 -1 0 1 0 1 0 0 3666.dat
1 0 400 -168 100 0 0 -1 0 1 0 1 0 0 4151a.dat
1 15 400 -176 100 -1 0 0 0 1 0 0 0 -1 4150p04.dat
1 15 400 -200 30 1 0 0 0 1 0 0 0 1 2432.dat
1 15 400 -256 -140 1 0 0 0 1 0 0 0 1 4345b.dat
1 0 400 -256 -140 1 0 0 0 1 0 0 0 1 4346p60.dat
1 15 400 -416 30 1 0 0 0 1 0 0 0 1 2436a.dat
1 15 280 -436 60 -1 0 0 0 0 1 0 1 0 3956.dat
1 15 520 -436 60 -1 0 0 0 0 1 0 1 0 3956.dat
1 15 230 -464 30 -1 0 0 0 1 0 0 0 -1 3623.dat
1 15 570 -464 30 -1 0 0 0 1 0 0 0 -1 3623.dat
1 0 510 -472 50 0 0 1 0 1 0 -1 0 0 4081b.dat
1 0 290 -472 50 0 0 -1 0 1 0 1 0 0 4081b.dat
1 0 530 -472 50 0 0 -1 0 1 0 1 0 0 4085a.dat
1 0 270 -472 50 0 0 1 0 1 0 -1 0 0 4085a.dat
1 42 370 -432 30 0 0 1 0 1 0 -1 0 0 4589.dat
1 42 430 -432 30 0 0 1 0 1 0 -1 0 0 4589.dat
1 36 390 -406 8 0 0 1 1 0 0 0 1 0 4073.dat
1 36 410 -406 8 0 0 1 1 0 0 0 1 0 4073.dat
1 0 400 -264 -130 1 0 0 0 1 0 0 0 1 3839b.dat
1 0 400 -160 230 -1 0 0 0 1 0 0 0 -1 4162.dat
1 0 30 -152 240 0 0 1 0 1 0 -1 0 0 3039p10.dat
1 42 -10 -122 266 0 -1 0 0 0 1 -1 0 0 4740.dat
1 42 -10 -122 214 0 -1 0 0 0 1 -1 0 0 4740.dat
1 0 400 -272 -120 1 0 0 0 1 0 0 0 1 3022.dat
1 42 240 -472 10 1 0 0 0 1 0 0 0 1 2408p01.dat
1 42 560 -472 10 1 0 0 0 1 0 0 0 1 2408p01.dat
1 0 280 -436 66 1 0 0 0 0 -1 0 1 0 3961.dat
1 42 280 -436 76 1 0 0 0 0 -1 0 1 0 4589.dat
1 0 520 -436 66 1 0 0 0 0 -1 0 1 0 3961.dat
1 42 520 -436 76 1 0 0 0 0 -1 0 1 0 4589.dat
1 0 -320 0 0 1 0 0 0 1 0 0 0 1 6099p02.dat
1 36 -470 -24 -270 -1 0 0 0 1 0 0 0 -1 4589.dat
1 34 -530 -24 -210 -1 0 0 0 1 0 0 0 -1 4589.dat
1 36 -590 -24 -150 -1 0 0 0 1 0 0 0 -1 4589.dat
1 36 -590 -24 150 -1 0 0 0 1 0 0 0 -1 4589.dat
1 34 -530 -24 210 -1 0 0 0 1 0 0 0 -1 4589.dat
1 36 -470 -24 260 -1 0 0 0 1 0 0 0 -1 4589.dat
1 36 -170 -24 270 -1 0 0 0 1 0 0 0 -1 4589.dat
1 34 -110 -24 210 -1 0 0 0 1 0 0 0 -1 4589.dat
1 36 -50 -24 150 -1 0 0 0 1 0 0 0 -1 4589.dat
1 36 -50 -24 -150 -1 0 0 0 1 0 0 0 -1 4589.dat
1 34 -110 -24 -210 -1 0 0 0 1 0 0 0 -1 4589.dat
1 36 -170 -24 -270 -1 0 0 0 1 0 0 0 -1 4589.dat
1 0 0 -48 -240 -1 0 0 0 1 0 0 0 -1 3940.dat
1 15 0 -56 -230 -1 0 0 0 1 0 0 0 -1 4596.dat
1 15 0 -56 -250 1 0 0 0 1 0 0 0 1 4596.dat
1 0 10 -80 -240 0 0 1 0 1 0 -1 0 0 3039p10.dat
1 42 10 -104 -230 0 0 1 0 1 0 -1 0 0 4589.dat
1 42 10 -104 -250 0 0 1 0 1 0 -1 0 0 4589.dat
1 42 0 -54 -320 0 0 1 -1 0 0 0 -1 0 4740.dat
1 42 0 -54 -160 0 0 -1 -1 0 0 0 1 0 4740.dat
1 36 210 -496 30 0 0 -1 0 1 0 1 0 0 4589.dat
1 36 590 -496 30 0 0 -1 0 1 0 1 0 0 4589.dat
1 42 250 -464 50 0 0 -1 0 1 0 1 0 0 2569.dat
1 42 550 -464 50 0 0 -1 0 1 0 1 0 0 2569.dat
1 0 280 -496 50 1 0 0 0 1 0 0 0 1 3298.dat
1 0 520 -496 50 1 0 0 0 1 0 0 0 1 3298.dat
1 0 280 -504 50 1 0 0 0 1 0 0 0 1 2452.dat
1 0 280 -525 49 0 0 -1 0.866025 -0.5 0 -0.5 -0.866025 0 4276b.dat
1 15 280 -529 42.072 0 0 -1 0.866025 -0.5 0 -0.5 -0.866025 0 3938.dat
1 0 280 -539 24.751 1 0 0 0 0.5 -0.866025 0 0.866025 0.5 2440p69.dat
1 0 400 -192 -250 -1 0 0 0 1 0 0 0 -1 2458.dat
1 0 400 -192 -270 1 0 0 0 1 0 0 0 1 2458.dat
1 0 400 -200 -260 1 0 0 0 1 0 0 0 1 3022.dat
1 0 430 -168 -250 0 0 -1 0 1 0 1 0 0 2420.dat
1 0 370 -168 -250 1 0 0 0 1 0 0 0 1 2420.dat
1 0 370 -168 -270 0 0 1 0 1 0 -1 0 0 2420.dat
1 0 430 -168 -270 -1 0 0 0 1 0 0 0 -1 2420.dat
1 0 400 -160 -260 -1 0 0 0 1 0 0 0 -1 3022.dat
1 15 430 -176 -260 0 0 -1 0 1 0 1 0 0 2412b.dat
1 15 370 -176 -260 0 0 -1 0 1 0 1 0 0 2412b.dat
1 15 310 -470 28 1 0 0 0 0 -1 0 1 0 752.dat
1 15 370 -406 -3 1 0 0 0 0 -1 0 1 0 752.dat
1 15 490 -470 28 1 0 0 0 0 -1 0 1 0 752.dat
1 15 430 -406 -3 1 0 0 0 0 -1 0 1 0 752.dat
1 15 310 -470 28 0.999984 -0.00559378 3.3377e-005 0 -0.0059667 -0.999982 0.00559388 0.999967 -0.0059666 756.dat
1 15 310.022 -469.976 24.0093 0.999854 -0.0170666 0.000310738 0 -0.0182044 -0.999834 0.0170694 0.999689 -0.0182017 754.dat
1 15 310.091 -469.903 19.9669 0.999578 -0.0290262 0.000899119 0 -0.0309613 -0.999521 0.0290401 0.999099 -0.0309482 754.dat
1 15 310.21 -469.776 15.8741 0.999137 -0.0415047 0.00183928 0 -0.0442716 -0.99902 0.0415454 0.998157 -0.0442334 754.dat
1 15 310.382 -469.592 11.7326 0.998507 -0.0545377 0.00317803 0 -0.0581735 -0.998306 0.0546302 0.996816 -0.0580866 754.dat
1 15 310.612 -469.348 7.5443 0.997662 -0.0681649 0.00496937 0 -0.0727092 -0.997353 0.0683458 0.995021 -0.0725392 754.dat
1 15 310.902 -469.038 3.31146 0.99657 -0.0824309 0.00727602 0 -0.0879263 -0.996127 0.0827514 0.99271 -0.0876247 754.dat
1 15 311.257 -468.66 -0.963191 0.995195 -0.0973856 0.0101712 0 -0.103878 -0.99459 0.0979153 0.989811 -0.103379 754.dat
1 15 311.681 -468.207 -5.27638 0.99349 -0.113085 0.0137412 0 -0.120624 -0.992698 0.113917 0.986236 -0.119839 754.dat
1 15 312.179 -467.675 -9.62421 0.991402 -0.129594 0.0180879 0 -0.138234 -0.9904 0.13085 0.981884 -0.137045 754.dat
1 15 312.757 -467.059 -14.002 0.988864 -0.146984 0.0233332 0 -0.156783 -0.987633 0.148825 0.976634 -0.155037 754.dat
1 15 313.42 -466.352 -18.404 0.985792 -0.165339 0.0296236 0 -0.176361 -0.984326 0.167971 0.97034 -0.173855 754.dat
1 15 314.173 -465.549 -22.8235 0.982083 -0.184751 0.0371369 0 -0.197068 -0.98039 0.188447 0.962824 -0.193537 754.dat
1 15 315.023 -464.643 -27.2521 0.977607 -0.205331 0.0460907 0 -0.21902 -0.97572 0.210441 0.953871 -0.214115 754.dat
1 15 315.976 -463.626 -31.6796 0.972193 -0.227202 0.0567538 0 -0.242348 -0.970189 0.234183 0.943211 -0.235609 754.dat
1 15 317.039 -462.492 -36.0939 0.96562 -0.250504 0.0694615 0 -0.267205 -0.96364 0.259956 0.93051 -0.258018 754.dat
1 15 318.22 -461.232 -40.4799 0.957597 -0.2754 0.0846356 0 -0.29376 -0.955879 0.288112 0.915347 -0.281303 754.dat
1 15 319.525 -459.84 -44.8191 0.947726 -0.302068 0.102811 0 -0.322206 -0.94667 0.319085 0.897183 -0.305363 754.dat
1 15 320.963 -458.306 -49.0894 0.935462 -0.330707 0.124673 0 -0.352754 -0.935716 0.353427 0.875327 -0.329988 754.dat
1 15 322.54 -456.624 -53.2633 0.920038 -0.361523 0.151099 0 -0.385624 -0.922656 0.391828 0.848879 -0.354789 754.dat
1 15 324.263 -454.787 -57.308 0.900353 -0.394712 0.183214 0 -0.421026 -0.907048 0.435161 0.816663 -0.379072 754.dat
1 15 326.136 -452.789 -61.1836 0.874787 -0.430424 0.222446 0 -0.459119 -0.888375 0.484507 0.777139 -0.401631 754.dat
1 15 328.162 -450.627 -64.8426 0.840919 -0.468682 0.270542 0 -0.499928 -0.866067 0.541162 0.728292 -0.420399 754.dat
1 15 330.342 -448.302 -68.2296 0.795057 -0.509249 0.329469 0 -0.543199 -0.839604 0.606535 0.667533 -0.431874 754.dat
1 15 332.67 -445.819 -71.2808 0.731569 -0.551384 0.400976 0 -0.588143 -0.808757 0.681767 0.591662 -0.430267 754.dat
1 15 335.134 -443.19 -73.9253 0.642064 -0.593477 0.485323 0 -0.633043 -0.774117 0.766651 0.497033 -0.406454 754.dat
1 15 337.716 -440.436 -76.088 0.51514 -0.632581 0.578335 0 -0.674753 -0.738043 0.857106 0.380195 -0.347592 754.dat
1 15 340.389 -437.585 -77.6942 0.339066 -0.664063 0.666374 0 -0.708334 -0.705877 0.940763 0.239339 -0.240172 754.dat
1 15 343.115 -434.677 -78.6768 0.111582 -0.681933 0.722853 0 -0.727395 -0.686219 0.993755 0.0765694 -0.081164 754.dat
1 15 345.851 -431.759 -78.984 -0.145446 -0.68051 0.718159 0 -0.725877 -0.687824 0.989366 -0.100041 0.105576 754.dat
1 15 348.547 -428.883 -78.5876 -0.388347 -0.657188 0.645981 0 -0.701 -0.713161 0.921513 -0.276954 0.272231 754.dat
1 15 351.155 -426.101 -77.4886 -0.581822 -0.614349 0.532971 0 -0.655306 -0.755363 0.813316 -0.439487 0.381271 754.dat
1 15 353.63 -423.462 -75.7182 -0.718786 -0.558434 0.414124 0 -0.595663 -0.803235 0.695232 -0.577354 0.428154 754.dat
1 15 355.936 -421.002 -73.3339 -0.810324 -0.496902 0.310587 0 -0.530028 -0.84798 0.585983 -0.687138 0.429494 754.dat
1 15 358.049 -418.748 -70.4123 -0.870579 -0.435671 0.228653 0 -0.464716 -0.88546 0.492028 -0.770863 0.404572 754.dat
1 15 359.955 -416.715 -67.0396 -0.910526 -0.378297 0.166835 0 -0.403517 -0.914972 0.413452 -0.833106 0.367413 754.dat
1 15 361.651 -414.905 -63.3036 -0.937442 -0.326366 0.121197 0 -0.348124 -0.937449 0.348143 -0.878803 0.326346 754.dat
1 15 363.143 -413.314 -59.2874 -0.955913 -0.280224 0.0877735 0 -0.298906 -0.954283 0.293649 -0.912211 0.285728 754.dat
1 15 364.44 -411.931 -55.0652 -0.96881 -0.239576 0.0633256 0 -0.255547 -0.966797 0.247804 -0.936642 0.247577 754.dat
1 15 365.556 -410.74 -50.7008 -0.977947 -0.203856 0.0454144 0 -0.217446 -0.976072 0.208853 -0.954547 0.212651 754.dat
1 15 366.507 -409.726 -46.2475 -0.984492 -0.172434 0.0322663 0 -0.18393 -0.982939 0.175427 -0.967696 0.181078 754.dat
1 15 367.309 -408.87 -41.7487 -0.989216 -0.144708 0.0226074 0 -0.154355 -0.988015 0.146463 -0.977361 0.152691 754.dat
1 15 367.977 -408.158 -37.2388 -0.992636 -0.12014 0.0155239 0 -0.12815 -0.991755 0.121139 -0.984451 0.127206 754.dat
1 15 368.525 -407.573 -32.7453 -0.995106 -0.0982688 0.0103576 0 -0.10482 -0.994491 0.0988131 -0.989624 0.104307 754.dat
1 15 368.968 -407.101 -28.2891 -0.996876 -0.0787026 0.00663045 0 -0.0839494 -0.99647 0.0789814 -0.993357 0.0836872 754.dat
1 15 369.316 -406.729 -23.8865 -0.998123 -0.0611142 0.00399243 0 -0.0651884 -0.997873 0.0612444 -0.996 0.0650661 754.dat
1 15 369.582 -406.445 -19.5494 -0.998974 -0.0452295 0.00218463 0 -0.0482448 -0.998836 0.0452822 -0.997811 0.0481953 754.dat
1 15 369.776 -406.239 -15.2868 -0.999524 -0.0308194 0.00101371 0 -0.0328741 -0.99946 0.0308361 -0.998984 0.0328584 754.dat
1 15 369.905 -406.102 -11.1051 -0.999843 -0.017692 0.000333933 0 -0.0188714 -0.999822 0.0176951 -0.999665 0.0188685 754.dat
1 15 369.977 -406.024 -7.00854 -0.999984 -0.00568552 3.44808e-005 0 -0.00606456 -0.999982 0.00568563 -0.999965 0.00606446 754.dat
1 15 490 -470 28 0.999984 0.00559378 -3.3377e-005 0 -0.0059667 -0.999982 -0.00559388 0.999967 -0.0059666 756.dat
1 15 489.978 -469.976 24.0093 0.999854 0.0170666 -0.000310738 0 -0.0182044 -0.999834 -0.0170694 0.999689 -0.0182017 754.dat
1 15 489.909 -469.903 19.9669 0.999578 0.0290262 -0.000899119 0 -0.0309613 -0.999521 -0.0290401 0.999099 -0.0309482 754.dat
1 15 489.79 -469.776 15.8741 0.999137 0.0415047 -0.00183928 0 -0.0442716 -0.99902 -0.0415454 0.998157 -0.0442334 754.dat
1 15 489.618 -469.592 11.7326 0.998507 0.0545377 -0.00317803 0 -0.0581735 -0.998306 -0.0546302 0.996816 -0.0580866 754.dat
1 15 489.388 -469.348 7.5443 0.997662 0.0681649 -0.00496937 0 -0.0727092 -0.997353 -0.0683458 0.995021 -0.0725392 754.dat
1 15 489.098 -469.038 3.31146 0.99657 0.0824309 -0.00727602 0 -0.0879263 -0.996127 -0.0827514 0.99271 -0.0876247 754.dat
1 15 488.743 -468.66 -0.963191 0.995195 0.0973856 -0.0101712 0 -0.103878 -0.99459 -0.0979153 0.989811 -0.103379 754.dat
1 15 488.319 -468.207 -5.27638 0.99349 0.113085 -0.0137412 0 -0.120624 -0.992698 -0.113917 0.986236 -0.119839 754.dat
1 15 487.821 -467.675 -9.62421 0.991402 0.129594 -0.0180879 0 -0.138234 -0.9904 -0.13085 0.981884 -0.137045 754.dat
1 15 487.243 -467.059 -14.002 0.988864 0.146984 -0.0233332 0 -0.156783 -0.987633 -0.148825 0.976634 -0.155037 754.dat
1 15 486.58 -466.352 -18.404 0.985792 0.165339 -0.0296236 0 -0.176361 -0.984326 -0.167971 0.97034 -0.173855 754.dat
1 15 485.827 -465.549 -22.8235 0.982083 0.184751 -0.0371369 0 -0.197068 -0.98039 -0.188447 0.962824 -0.193537 754.dat
1 15 484.977 -464.643 -27.2521 0.977607 0.205331 -0.0460907 0 -0.21902 -0.97572 -0.210441 0.953871 -0.214115 754.dat
1 15 484.024 -463.626 -31.6796 0.972193 0.227202 -0.0567538 0 -0.242348 -0.970189 -0.234183 0.943211 -0.235609 754.dat
1 15 482.961 -462.492 -36.0939 0.96562 0.250504 -0.0694615 0 -0.267205 -0.96364 -0.259956 0.93051 -0.258018 754.dat
1 15 481.78 -461.232 -40.4799 0.957597 0.2754 -0.0846356 0 -0.29376 -0.955879 -0.288112 0.915347 -0.281303 754.dat
1 15 480.475 -459.84 -44.8191 0.947726 0.302068 -0.102811 0 -0.322206 -0.94667 -0.319085 0.897183 -0.305363 754.dat
1 15 479.037 -458.306 -49.0894 0.935462 0.330707 -0.124673 0 -0.352754 -0.935716 -0.353427 0.875327 -0.329988 754.dat
1 15 477.46 -456.624 -53.2633 0.920038 0.361523 -0.151099 0 -0.385624 -0.922656 -0.391828 0.848879 -0.354789 754.dat
1 15 475.737 -454.787 -57.308 0.900353 0.394712 -0.183214 0 -0.421026 -0.907048 -0.435161 0.816663 -0.379072 754.dat
1 15 473.864 -452.789 -61.1836 0.874787 0.430424 -0.222446 0 -0.459119 -0.888375 -0.484507 0.777139 -0.401631 754.dat
1 15 471.838 -450.627 -64.8426 0.840919 0.468682 -0.270542 0 -0.499928 -0.866067 -0.541162 0.728292 -0.420399 754.dat
1 15 469.658 -448.302 -68.2296 0.795057 0.509249 -0.329469 0 -0.543199 -0.839604 -0.606535 0.667533 -0.431874 754.dat
1 15 467.33 -445.819 -71.2808 0.731569 0.551384 -0.400976 0 -0.588143 -0.808757 -0.681767 0.591662 -0.430267 754.dat
1 15 464.866 -443.19 -73.9253 0.642064 0.593477 -0.485323 0 -0.633043 -0.774117 -0.766651 0.497033 -0.406454 754.dat
1 15 462.284 -440.436 -76.088 0.51514 0.632581 -0.578335 0 -0.674753 -0.738043 -0.857106 0.380195 -0.347592 754.dat
1 15 459.611 -437.585 -77.6942 0.339066 0.664063 -0.666374 0 -0.708334 -0.705877 -0.940763 0.239339 -0.240172 754.dat
1 15 456.885 -434.677 -78.6768 0.111582 0.681933 -0.722853 0 -0.727395 -0.686219 -0.993755 0.0765694 -0.081164 754.dat
1 15 454.149 -431.759 -78.984 -0.145446 0.68051 -0.718159 0 -0.725877 -0.687824 -0.989366 -0.100041 0.105576 754.dat
1 15 451.453 -428.883 -78.5876 -0.388347 0.657188 -0.645981 0 -0.701 -0.713161 -0.921513 -0.276954 0.272231 754.dat
1 15 448.845 -426.101 -77.4886 -0.581822 0.614349 -0.532971 0 -0.655306 -0.755363 -0.813316 -0.439487 0.381271 754.dat
1 15 446.37 -423.462 -75.7182 -0.718786 0.558434 -0.414124 0 -0.595663 -0.803235 -0.695232 -0.577354 0.428154 754.dat
1 15 444.064 -421.002 -73.3339 -0.810324 0.496902 -0.310587 0 -0.530028 -0.84798 -0.585983 -0.687138 0.429494 754.dat
1 15 441.951 -418.748 -70.4123 -0.870579 0.435671 -0.228653 0 -0.464716 -0.88546 -0.492028 -0.770863 0.404572 754.dat
1 15 440.045 -416.715 -67.0396 -0.910526 0.378297 -0.166835 0 -0.403517 -0.914972 -0.413452 -0.833106 0.367413 754.dat
1 15 438.349 -414.905 -63.3036 -0.937442 0.326366 -0.121197 0 -0.348124 -0.937449 -0.348143 -0.878803 0.326346 754.dat
1 15 436.857 -413.314 -59.2874 -0.955913 0.280224 -0.0877735 0 -0.298906 -0.954283 -0.293649 -0.912211 0.285728 754.dat
1 15 435.56 -411.931 -55.0652 -0.96881 0.239576 -0.0633256 0 -0.255547 -0.966797 -0.247804 -0.936642 0.247577 754.dat
1 15 434.444 -410.74 -50.7008 -0.977947 0.203856 -0.0454144 0 -0.217446 -0.976072 -0.208853 -0.954547 0.212651 754.dat
1 15 433.493 -409.726 -46.2475 -0.984492 0.172434 -0.0322663 0 -0.18393 -0.982939 -0.175427 -0.967696 0.181078 754.dat
1 15 432.691 -408.87 -41.7487 -0.989216 0.144708 -0.0226074 0 -0.154355 -0.988015 -0.146463 -0.977361 0.152691 754.dat
1 15 432.023 -408.158 -37.2388 -0.992636 0.12014 -0.0155239 0 -0.12815 -0.991755 -0.121139 -0.984451 0.127206 754.dat
1 15 431.475 -407.573 -32.7453 -0.995106 0.0982688 -0.0103576 0 -0.10482 -0.994491 -0.0988131 -0.989624 0.104307 754.dat
1 15 431.032 -407.101 -28.2891 -0.996876 0.0787026 -0.00663045 0 -0.0839494 -0.99647 -0.0789814 -0.993357 0.0836872 754.dat
1 15 430.684 -406.729 -23.8865 -0.998123 0.0611142 -0.00399243 0 -0.0651884 -0.997873 -0.0612444 -0.996 0.0650661 754.dat
1 15 430.418 -406.445 -19.5494 -0.998974 0.0452295 -0.00218463 0 -0.0482448 -0.998836 -0.0452822 -0.997811 0.0481953 754.dat
1 15 430.224 -406.239 -15.2868 -0.999524 0.0308194 -0.00101371 0 -0.0328741 -0.99946 -0.0308361 -0.998984 0.0328584 754.dat
1 15 430.095 -406.102 -11.1051 -0.999843 0.017692 -0.000333933 0 -0.0188714 -0.999822 -0.0176951 -0.999665 0.0188685 754.dat
1 15 430.023 -406.024 -7.00854 -0.999984 0.00568552 -3.44808e-005 0 -0.00606456 -0.999982 -0.00568563 -0.999965 0.00606446 754.dat
1 0 500 -256 -269 1 0 0 0 1 0 0 0 1 fig_blacktronII_standing-arm.ldr
1 15 476 -298 -298 0 0.173648 0.984808 0.173648 0.969846 -0.17101 -0.984808 0.17101 -0.0301537 4360.dat
1 0 -60 -43 -250 1 0 0 0 1 0 0 0 1 fig_blacktronII_standing-arm.ldr
1 15 -81 -73 -282 0.992575 0.0718415 -0.0981523 -0.0861858 0.984809 -0.150743 0.0858317 0.158083 0.983688 3959.dat
1 42 -78.089 -68.15 -306.222 0.992575 0.0718415 -0.0981523 0.0858317 0.158083 0.983688 0.0861858 -0.984809 0.150743 4740.dat
1 0 463.428 -292.29 -276.684 0 0.984808 -0.173648 0.173648 -0.17101 -0.969846 -0.984808 -0.0301537 -0.17101 2412b.dat
1 42 477.215 -285.655 -328.316 -0.981061 0.0858316 -0.173648 0.185494 0.158083 -0.969846 -0.0557927 -0.983689 -0.17101 4589.dat
1 0 400 -120 -380 1 0 0 0 1 0 0 0 1 6988_cockpit.ldr
1 0 -311.643 -64 32.803 0.707107 0 0.707107 0 1 0 -0.707107 0 0.707107 6988_flyer.ldr
1 0 -220.617 -23 -173.534 -0.5 0 -0.866025 0 1 0 0.866025 0 -0.5 6988_rover.ldr
0
