0 FILE 6990.ldr
0 6990
0 Name: 6990.ldr
0 Author: ClydeBum
0 Unofficial Model
0 ROTATION CENTER 0 0 0 1 "Custom" 
0 ROTATION CONFIG 0 0
0 GHOST 1 0 0 0 0 1 0 0 0 1 0 0 0 1 30145.dat
1 0 -1068 -240 560 0 0 1 0 1 0 -1 0 0 6990_mono1.ldr
1 0 -510 -240 560 0 0 -1 0 1 0 1 0 0 6990_mono2.ldr
1 0 -560 64 500 1 0 0 0 1 0 0 0 1 6990_base1.ldr
1 0 220 72 -280 1 0 0 0 1 0 0 0 1 6990_base2.ldr
1 0 -300 16 -230 1 0 0 0 1 0 0 0 1 6990_cargoship.ldr
1 0 -640 -56 -560 1 0 0 0 1 0 0 0 1 2680.dat
1 0 320 -56 560 1 0 0 0 1 0 0 0 1 2680.dat
1 7 1360 48 400 1 0 0 0 1 0 0 0 1 2672.dat
1 7 1360 48 -400 0 0 1 0 1 0 -1 0 0 2672.dat
1 7 160 48 -560 -1 0 0 0 1 0 0 0 -1 2774c01.dat
1 7 240 24 -680 -1 0 0 0 1 0 0 0 -1 3941.dat
1 7 240 16 -680 0 0 1 0 1 0 -1 0 0 4150p04.dat
1 7 640 48 -560 1 0 0 0 1 0 0 0 1 2671.dat
1 7 0 64 -560 -1 0 0 0 -1 0 0 0 1 2678.dat
1 7 -1280 -200 -560 1 0 0 0 1 0 0 0 1 2678.dat
1 7 960 64 560 -1 0 0 0 -1 0 0 0 1 2678.dat
1 7 -320 -200 560 1 0 0 0 1 0 0 0 1 2678.dat
1 7 -480 -200 560 1 0 0 0 1 0 0 0 1 2774c01.dat
1 7 -560 -224 680 1 0 0 0 1 0 0 0 1 3941.dat
1 7 -560 -232 680 0 0 -1 0 1 0 1 0 0 4150p04.dat
1 7 -1680 -200 -400 -1 0 0 0 1 0 0 0 -1 2672.dat
1 7 -1680 -200 400 0 0 -1 0 1 0 1 0 0 2672.dat
1 7 -960 -200 560 -1 0 0 0 1 0 0 0 -1 2671.dat
1 0 -320 -176 560 -1 0 0 0 1 0 0 0 -1 2681.dat
1 0 -640 -176 560 -1 0 0 0 1 0 0 0 -1 2681.dat
1 0 -1280 -176 560 -1 0 0 0 1 0 0 0 -1 2681.dat
1 0 -1680 -176 400 -1 0 0 0 1 0 0 0 -1 2681.dat
1 0 -1840 -176 0 -1 0 0 0 1 0 0 0 -1 2681.dat
1 0 -1280 -176 -560 -1 0 0 0 1 0 0 0 -1 2681.dat
1 0 -1680 -176 -400 -1 0 0 0 1 0 0 0 -1 2681.dat
1 7 320 58 -600 -1 0 0 0 0 1 0 1 0 3710.dat
1 7 320 58 -520 -1 0 0 0 0 -1 0 -1 0 3710.dat
1 7 960 58 -600 -1 0 0 0 0 1 0 1 0 3710.dat
1 7 960 58 -520 -1 0 0 0 0 -1 0 -1 0 3710.dat
1 7 0 58 -600 -1 0 0 0 0 1 0 1 0 3710.dat
1 7 0 58 -520 -1 0 0 0 0 -1 0 -1 0 3710.dat
1 7 960 58 520 -1 0 0 0 0 1 0 1 0 3710.dat
1 7 960 58 600 -1 0 0 0 0 -1 0 -1 0 3710.dat
1 7 1480 58 0 0 1 0 0 0 1 1 0 0 3710.dat
1 7 1560 58 0 0 -1 0 0 0 -1 1 0 0 3710.dat
1 7 -640 -190 600 1 0 0 0 0 1 0 -1 0 3710.dat
1 7 -640 -190 520 1 0 0 0 0 -1 0 1 0 3710.dat
1 7 -1280 -190 600 1 0 0 0 0 1 0 -1 0 3710.dat
1 7 -1280 -190 520 1 0 0 0 0 -1 0 1 0 3710.dat
1 7 -320 -190 600 1 0 0 0 0 1 0 -1 0 3710.dat
1 7 -320 -190 520 1 0 0 0 0 -1 0 1 0 3710.dat
1 7 -1280 -190 -520 1 0 0 0 0 1 0 -1 0 3710.dat
1 7 -1280 -190 -600 1 0 0 0 0 -1 0 1 0 3710.dat
1 7 -1800 -190 0 0 -1 0 0 0 1 -1 0 0 3710.dat
1 7 -1880 -190 0 0 1 0 0 0 -1 -1 0 0 3710.dat
0 Type in the comment
1 7 -640 -68 -520 0.913545 0 -0.406737 0.406737 0 0.913545 0 -1 0 3710.dat
1 7 -640 -68 -600 0.913545 0 0.406737 0.406737 0 -0.913545 0 1 0 3710.dat
1 7 320 -68 600 0.913545 0 -0.406737 0.406737 0 0.913545 0 -1 0 3710.dat
1 7 320 -68 520 0.913545 0 0.406737 0.406737 0 -0.913545 0 1 0 3710.dat
1 0 -1840 -200 0 1 0 0 0 1 0 0 0 1 6990_track_br.ldr
1 0 -1281 -190 -496 1 0 0 0 0 1 0 -1 0 6990_track_st.ldr
1 0 -1281 -190 496 -1 0 0 0 0 1 0 1 0 6990_track_st.ldr
0
0 FILE 6990_mono1.ldr
0 6990_mono1
0 Name: 6990_mono1.ldr
0 Author: ClydeBum
0 ROTATION CENTER 0 0 0 1 "Custom" 
0 ROTATION CONFIG 0 0
1 0 0 0 0 0 0 -1 0 1 0 1 0 0 2687.dat
1 15 0 -8 -150 -1 0 0 0 1 0 0 0 -1 3023.dat
1 15 0 -8 150 -1 0 0 0 1 0 0 0 -1 3023.dat
1 15 0 -8 90 -1 0 0 0 1 0 0 0 -1 3023.dat
1 15 0 -8 190 -1 0 0 0 1 0 0 0 -1 3710.dat
1 15 -30 -8 120 0 0 1 0 1 0 -1 0 0 3710.dat
1 15 30 -8 120 0 0 1 0 1 0 -1 0 0 3710.dat
1 15 0 -8 50 -1 0 0 0 1 0 0 0 -1 3710.dat
1 15 0 -8 20 -1 0 0 0 1 0 0 0 -1 3068b.dat
1 15 0 -8 -20 -1 0 0 0 1 0 0 0 -1 3068b.dat
1 15 0 -16 50 -1 0 0 0 1 0 0 0 -1 3069b.dat
1 15 0 -16 190 -1 0 0 0 1 0 0 0 -1 3069b.dat
0 Unofficial Model
1 15 30 -16 120 0 0 -1 0 1 0 1 0 0 3023.dat
1 15 -30 -16 120 0 0 -1 0 1 0 1 0 0 3023.dat
1 15 0 -16 150 -1 0 0 0 1 0 0 0 -1 3710.dat
1 15 0 -16 90 -1 0 0 0 1 0 0 0 -1 3710.dat
1 15 30 -16 190 0 0 -1 0 1 0 1 0 0 4081b.dat
1 15 -30 -16 190 0 0 1 0 1 0 -1 0 0 4081b.dat
1 15 -30 -16 50 0 0 1 0 1 0 -1 0 0 4081b.dat
1 15 30 -16 50 0 0 -1 0 1 0 1 0 0 4081b.dat
1 15 30 -24 -50 0 0 -1 0 1 0 1 0 0 3665.dat
1 15 -30 -24 -50 0 0 1 0 1 0 -1 0 0 3665.dat
1 15 0 -24 -50 1 0 0 0 1 0 0 0 1 3004.dat
1 0 0 -24 150 -1 0 0 0 1 0 0 0 -1 3069b.dat
1 0 0 -24 90 -1 0 0 0 1 0 0 0 -1 3069b.dat
1 15 -30 -24 120 0 0 1 0 1 0 -1 0 0 4162.dat
1 15 30 -24 120 0 0 1 0 1 0 -1 0 0 4162.dat
1 15 0 -16 -150 -1 0 0 0 1 0 0 0 -1 2342.dat
1 15 0 -56 -142 -1 0 0 0 0.927184 -0.374607 0 -0.374607 -0.927184 3070bpc2.dat
1 15 30 -24 -120 0 0 1 0 1 0 -1 0 0 3009.dat
1 15 -30 -24 -120 0 0 1 0 1 0 -1 0 0 3009.dat
1 15 0 -24 -190 1 0 0 0 1 0 0 0 1 3010.dat
1 15 30 -24 20 0 0 -1 0 1 0 1 0 0 3937.dat
1 15 30 -24 -20 0 0 -1 0 1 0 1 0 0 3937.dat
1 15 -30 -24 20 0 0 1 0 1 0 -1 0 0 3937.dat
1 15 -30 -24 -20 0 0 1 0 1 0 -1 0 0 3937.dat
1 0 0 -32 -50 1 0 0 0 1 0 0 0 1 3023.dat
1 0 30 -32 -80 0 0 -1 0 1 0 1 0 0 3023.dat
1 0 -30 -32 -170 0 0 -1 0 1 0 1 0 0 3623.dat
1 0 30 -32 -170 0 0 -1 0 1 0 1 0 0 3623.dat
1 0 -30 -32 -120 0 0 1 0 1 0 -1 0 0 2436b.dat
1 0 30 -32 -120 0 0 -1 0 1 0 1 0 0 2436b.dat
0 STEP
1 15 0 -32 -190 1 0 0 0 1 0 0 0 1 2436b.dat
1 36 -30 -22 -212 1 0 0 0 0 -1 0 1 0 3024.dat
1 36 30 -22 -212 1 0 0 0 0 -1 0 1 0 3024.dat
1 15 0 -22 -212 1 0 0 0 0 -1 0 1 0 3794b.dat
1 15 0 -22 -220 1 0 0 0 0 -1 0 1 0 4740.dat
1 33 0 -22 -228 1 0 0 0 0 -1 0 1 0 4073.dat
1 15 0 -22 -236 1 0 0 0 0 -1 0 1 0 4740.dat
1 33 0 -22 -244 1 0 0 0 0 -1 0 1 0 4073.dat
1 15 0 -22 -252 1 0 0 0 0 -1 0 1 0 4740.dat
0 WRITE
0 MLCAD BTG hose_1
1 15 -30 -22 -230 1 0 0 0 0 -1 0 1 0 752.dat
0 MLCAD BTG hose_1
1 15 30 -22 -230 1 0 0 0 0 -1 0 1 0 752.dat
0 MLCAD BTG hose_1
1 15 29.98 -22 -231.138 0.999974 0.00716906 0 0 0 -1 -0.00716906 0.999974 0 754.dat
0 MLCAD BTG hose_1
1 15 -30 -22 -228.276 0.999974 -0.00716906 0 0 0 -1 0.00716906 0.999974 0 756.dat
0 MLCAD BTG hose_1
1 15 30 -22 -228.276 0.999974 -0.00716906 0 0 0 -1 0.00716906 0.999974 0 756.dat
0 MLCAD BTG hose_1
1 15 -29.98 -22 -231.138 0.999756 -0.022075 0 0 0 -1 0.022075 0.999756 0 754.dat
0 MLCAD BTG hose_1
1 15 -29.915 -22 -234.054 0.999279 -0.03797 0 0 0 -1 0.03797 0.999279 0 754.dat
0 MLCAD BTG hose_1
1 15 -29.802 -22 -237.022 0.998489 -0.0549591 0 0 0 -1 0.0549591 0.998489 0 754.dat
0 MLCAD BTG hose_1
1 15 -29.636 -22 -240.043 0.99732 -0.0731632 0 0 0 -1 0.0731632 0.99732 0 754.dat
0 MLCAD BTG hose_1
1 15 -29.411 -22 -243.114 0.995692 -0.0927217 0 0 0 -1 0.0927217 0.995692 0 754.dat
0 MLCAD BTG hose_1
1 15 -29.12 -22 -246.233 0.993504 -0.113796 0 0 0 -1 0.113796 0.993504 0 754.dat
0 MLCAD BTG hose_1
1 15 -28.758 -22 -249.398 0.99063 -0.136574 0 0 0 -1 0.136574 0.99063 0 754.dat
0 MLCAD BTG hose_1
1 15 -28.316 -22 -252.603 0.986909 -0.161276 0 0 0 -1 0.161276 0.986909 0 754.dat
0 MLCAD BTG hose_1
1 15 -27.786 -22 -255.844 0.982139 -0.188159 0 0 0 -1 0.188159 0.982139 0 754.dat
0 MLCAD BTG hose_1
1 15 -27.16 -22 -259.114 0.976055 -0.217523 0 0 0 -1 0.217523 0.976055 0 754.dat
0 MLCAD BTG hose_1
1 15 -26.427 -22 -262.403 0.968317 -0.249725 0 0 0 -1 0.249725 0.968317 0 754.dat
0 MLCAD BTG hose_1
1 15 -25.576 -22 -265.701 0.958474 -0.28518 0 0 0 -1 0.28518 0.958474 0 754.dat
0 MLCAD BTG hose_1
1 15 -24.597 -22 -268.991 0.94593 -0.324372 0 0 0 -1 0.324372 0.94593 0 754.dat
0 MLCAD BTG hose_1
1 15 -23.478 -22 -272.257 0.929883 -0.367855 0 0 0 -1 0.367855 0.929883 0 754.dat
0 MLCAD BTG hose_1
1 15 -22.205 -22 -275.474 0.909251 -0.416248 0 0 0 -1 0.416248 0.909251 0 754.dat
0 MLCAD BTG hose_1
1 15 -20.767 -22 -278.616 0.88256 -0.470199 0 0 0 -1 0.470199 0.88256 0 754.dat
0 MLCAD BTG hose_1
1 15 -19.152 -22 -281.646 0.847804 -0.53031 0 0 0 -1 0.53031 0.847804 0 754.dat
0 MLCAD BTG hose_1
1 15 -17.352 -22 -284.523 0.802274 -0.596955 0 0 0 -1 0.596955 0.802274 0 754.dat
0 MLCAD BTG hose_1
1 15 -15.361 -22 -287.199 0.742411 -0.669945 0 0 0 -1 0.669945 0.742411 0 754.dat
0 MLCAD BTG hose_1
1 15 -13.179 -22 -289.618 0.663788 -0.747921 0 0 0 -1 0.747921 0.663788 0 754.dat
0 MLCAD BTG hose_1
1 15 -10.812 -22 -291.718 0.561546 -0.827445 0 0 0 -1 0.827445 0.561546 0 754.dat
0 MLCAD BTG hose_1
1 15 -8.277 -22 -293.438 0.431728 -0.902004 0 0 0 -1 0.902004 0.431728 0 754.dat
0 MLCAD BTG hose_1
1 15 -5.603 -22 -294.718 0.273876 -0.961765 0 0 0 -1 0.961765 0.273876 0 754.dat
0 MLCAD BTG hose_1
1 15 -2.828 -22 -295.509 0.0941022 -0.995563 0 0 0 -1 0.995563 0.0941022 0 754.dat
0 MLCAD BTG hose_1
1 15 0 -22 -295.776 0.0941022 0.995563 0 0 0 -1 -0.995563 0.0941022 0 754.dat
0 MLCAD BTG hose_1
1 15 2.828 -22 -295.509 0.273876 0.961765 0 0 0 -1 -0.961765 0.273876 0 754.dat
0 MLCAD BTG hose_1
1 15 5.603 -22 -294.718 0.431728 0.902004 0 0 0 -1 -0.902004 0.431728 0 754.dat
0 MLCAD BTG hose_1
1 15 8.277 -22 -293.438 0.561546 0.827445 0 0 0 -1 -0.827445 0.561546 0 754.dat
0 MLCAD BTG hose_1
1 15 10.812 -22 -291.718 0.663788 0.747921 0 0 0 -1 -0.747921 0.663788 0 754.dat
0 MLCAD BTG hose_1
1 15 13.179 -22 -289.618 0.742411 0.669945 0 0 0 -1 -0.669945 0.742411 0 754.dat
0 MLCAD BTG hose_1
1 15 15.361 -22 -287.199 0.802274 0.596955 0 0 0 -1 -0.596955 0.802274 0 754.dat
0 MLCAD BTG hose_1
1 15 17.352 -22 -284.523 0.847804 0.53031 0 0 0 -1 -0.53031 0.847804 0 754.dat
0 MLCAD BTG hose_1
1 15 19.152 -22 -281.646 0.88256 0.470199 0 0 0 -1 -0.470199 0.88256 0 754.dat
0 MLCAD BTG hose_1
1 15 20.767 -22 -278.616 0.909251 0.416248 0 0 0 -1 -0.416248 0.909251 0 754.dat
0 MLCAD BTG hose_1
1 15 22.205 -22 -275.474 0.929883 0.367855 0 0 0 -1 -0.367855 0.929883 0 754.dat
0 MLCAD BTG hose_1
1 15 23.478 -22 -272.257 0.94593 0.324372 0 0 0 -1 -0.324372 0.94593 0 754.dat
0 MLCAD BTG hose_1
1 15 24.597 -22 -268.991 0.958474 0.28518 0 0 0 -1 -0.28518 0.958474 0 754.dat
0 MLCAD BTG hose_1
1 15 25.577 -22 -265.701 0.968317 0.249725 0 0 0 -1 -0.249725 0.968317 0 754.dat
0 MLCAD BTG hose_1
1 15 26.427 -22 -262.403 0.976055 0.217523 0 0 0 -1 -0.217523 0.976055 0 754.dat
0 MLCAD BTG hose_1
1 15 27.16 -22 -259.114 0.982139 0.188159 0 0 0 -1 -0.188159 0.982139 0 754.dat
0 MLCAD BTG hose_1
1 15 27.786 -22 -255.844 0.986909 0.161276 0 0 0 -1 -0.161276 0.986909 0 754.dat
0 MLCAD BTG hose_1
1 15 28.316 -22 -252.603 0.99063 0.136574 0 0 0 -1 -0.136574 0.99063 0 754.dat
0 MLCAD BTG hose_1
1 15 28.758 -22 -249.398 0.993504 0.113796 0 0 0 -1 -0.113796 0.993504 0 754.dat
0 MLCAD BTG hose_1
1 15 29.12 -22 -246.233 0.995692 0.0927217 0 0 0 -1 -0.0927217 0.995692 0 754.dat
0 MLCAD BTG hose_1
1 15 29.411 -22 -243.114 0.99732 0.0731632 0 0 0 -1 -0.0731632 0.99732 0 754.dat
0 MLCAD BTG hose_1
1 15 29.636 -22 -240.043 0.998489 0.0549591 0 0 0 -1 -0.0549591 0.998489 0 754.dat
0 MLCAD BTG hose_1
1 15 29.802 -22 -237.022 0.999279 0.03797 0 0 0 -1 -0.03797 0.999279 0 754.dat
0 MLCAD BTG hose_1
1 15 29.915 -22 -234.054 0.999756 0.022075 0 0 0 -1 -0.022075 0.999756 0 754.dat
0 GROUP 53 hose_1
0 STEP
1 15 -52 -22 -120 0 1 0 0 0 -1 -1 0 0 3023.dat
1 0 -68 -22 -120 0 1 0 1 0 0 0 0 -1 4595.dat
1 36 -58 -22 -84 0 0 1 1 0 0 0 1 0 4073.dat
1 36 -58 -22 -164 0 0 1 1 0 0 0 1 0 4589.dat
0 STEP
1 15 52 -22 -120 0 -1 0 0 0 1 -1 0 0 3023.dat
1 0 68 -22 -120 0 -1 0 -1 0 0 0 0 -1 4595.dat
1 36 58 -22 -84 0 0 -1 -1 0 0 0 1 0 4073.dat
1 36 58 -22 -164 0 0 -1 -1 0 0 0 1 0 4589.dat
0 STEP
1 0 -30 -32 -80 0 0 -1 0 1 0 1 0 0 3023.dat
1 33 -50 -14 162 0 0 1 1 0 0 0 1 0 4589.dat
1 33 50 -14 162 0 0 1 1 0 0 0 1 0 4589.dat
1 33 -50 -14 78 0 0 1 -1 0 0 0 -1 0 4589.dat
1 33 50 -14 78 0 0 1 -1 0 0 0 -1 0 4589.dat
1 15 30 -14 0 0 0 -1 0 1 0 1 0 0 6990_mono1_open.ldr
1 15 -30 -14 0 0 0 1 0 1 0 -1 0 0 6990_mono1_open.ldr
1 15 -10 -56 -70 0 0 -1 0 1 0 1 0 0 2357.dat
1 15 10 -56 -70 1 0 0 0 1 0 0 0 1 2357.dat
1 15 -30 -56 -100 0 0 -1 0 1 0 1 0 0 30010.dat
1 15 -30 -56 -140 0 0 -1 0 1 0 1 0 0 30010.dat
1 15 30 -56 -140 0 0 1 0 1 0 -1 0 0 30010.dat
1 15 30 -56 -100 0 0 1 0 1 0 -1 0 0 30010.dat
1 15 0 -56 -170 1 0 0 0 1 0 0 0 1 3037.dat
1 15 -30 -96 -50 0 0 1 0 1 0 -1 0 0 4460.dat
1 15 30 -96 -50 0 0 -1 0 1 0 1 0 0 4460.dat
1 15 0 -80 -50 -1 0 0 0 1 0 0 0 -1 3004.dat
1 15 0 -88 -40 -1 0 0 0 1 0 0 0 -1 3022.dat
1 15 0 -96 -50 -1 0 0 0 1 0 0 0 -1 3023.dat
1 15 0 -96 -30 -1 0 0 0 1 0 0 0 -1 3069b.dat
1 15 0 -104 -50 1 0 0 0 1 0 0 0 1 4315.dat
1 33 0 -100 -64 1 0 0 0 1 0 0 0 1 4474.dat
1 15 0 -24 120 1 0 0 0 1 0 0 0 1 6990_box1.ldr
1 15 0 -56 30 1 0 0 0 0 -1 0 1 0 6990_mini.ldr
1 0 0 0 -120 0 0 -1 0 1 0 1 0 0 2686c01.dat
1 0 0 -96 279 0 0 1 0 1 0 -1 0 0 2684c01.dat
1 33 0 -106 280 0 0 -1 0 1 0 1 0 0 6141.dat
1 33 0 -114 280 0 0 -1 0 1 0 1 0 0 4740.dat
1 33 0 -122 280 0 0 -1 0 1 0 1 0 0 6141.dat
1 0 0 -22 332 0 0 1 -1 0 0 0 -1 0 5306.dat
0 
1 0 0 -55 -112 1 0 0 0 1 0 0 0 1 sp014-sit.ldr
0 SYNTH BEGIN ELECTRIC_POWER_FUNCTIONS_CABLE 0
0 SYNTH SHOW
1 1 0 -38 327 -1 0 0 0 1 0 0 0 -1 LS07.dat
1 1 0 -55 327 -1 0 0 0 1 0 0 0 -1 LS07.dat
1 1 0 -72 325 -1 0 0 0 0.965926 0.258819 0 0.258819 -0.965926 LS07.dat
1 1 0 -101 316 -1 0 0 0 0.913545 0.406736 0 0.406736 -0.913545 LS07.dat
1 1 0 -125 322 -1 0 0 0 0.573576 -0.819152 0 -0.819152 -0.573576 LS07.dat
1 1 0 -123 365 -1 0 0 0 -0.309017 -0.951056 0 -0.951056 0.309017 LS07.dat
1 1 0 -115 418 -1 0 0 0 0 -1 0 -1 0 LS07.dat
1 1 0 -115 390 -1 0 0 0 0 -1 0 -1 0 LS07.dat
0 SYNTH SYNTHESIZED BEGIN
0 MLCAD BTG wire
1 0 0 -38 327 0 0 -1 0 -17 0 1 0 0 LS70.dat
0 MLCAD BTG wire
1 0 0 -55 327 0 0 -1 -0.007 -8.1763 0 1 -0.057 0 LS70.dat
0 MLCAD BTG wire
1 0 0 -61.9537 326.952 0 0 -1 -0.0749 -2.8877 0 0.9972 -0.2168 0 LS70.dat
0 MLCAD BTG wire
1 0 0 -63.7195 326.819 0 0 -1 -0.1371 -3.168 0 0.9906 -0.4383 0 LS70.dat
0 MLCAD BTG wire
1 0 0 -65.1887 326.616 0 0 -1 -0.2308 -7.0608 0 0.973 -1.6749 0 LS70.dat
0 MLCAD BTG wire
1 0 0 -72 325 0 0 -1 -0.2465 -19.1267 0 0.9691 -4.8648 0 LS70.dat
0 MLCAD BTG wire
1 0 0 -89.6074 320.522 0 0 -1 -0.33 -4.5243 0 0.944 -1.5814 0 LS70.dat
0 MLCAD BTG wire
1 0 0 -93.1188 319.294 0 0 -1 -0.3857 -8.569 0 0.9226 -3.5817 0 LS70.dat
0 MLCAD BTG wire
1 0 0 -101 316 0 0 -1 -0.3871 -3.334 0 0.922 -1.3999 0 LS70.dat
0 MLCAD BTG wire
1 0 0 -103.524 314.94 0 0 -1 -0.3417 -2.8973 0 0.9398 -1.0533 0 LS70.dat
0 MLCAD BTG wire
1 0 0 -105.51 314.218 0 0 -1 -0.2906 -2.5782 0 0.9569 -0.7829 0 LS70.dat
0 MLCAD BTG wire
1 0 0 -107.141 313.723 0 0 -1 -0.2375 -2.1803 0 0.9714 -0.533 0 LS70.dat
0 MLCAD BTG wire
1 0 0 -108.388 313.418 0 0 -1 -0.1853 -1.9918 0 0.9827 -0.3756 0 LS70.dat
0 MLCAD BTG wire
1 0 0 -109.434 313.221 0 0 -1 -0.1325 -1.8719 0 0.9912 -0.2502 0 LS70.dat
0 MLCAD BTG wire
1 0 0 -110.353 313.098 0 0 -1 -0.0794 -1.7671 0 0.9968 -0.1407 0 LS70.dat
0 MLCAD BTG wire
1 0 0 -111.159 313.034 0 0 -1 -0.0259 -1.7284 0 0.9997 -0.0447 0 LS70.dat
0 MLCAD BTG wire
1 0 0 -111.909 313.014 0 0 -1 0.0285 -1.688 0 0.9996 0.0482 0 LS70.dat
0 MLCAD BTG wire
1 0 0 -112.607 313.034 0 0 -1 0.0835 -1.659 0 0.9965 0.139 0 LS70.dat
0 MLCAD BTG wire
1 0 0 -113.27 313.09 0 0 -1 0.1387 -1.6241 0 0.9903 0.2275 0 LS70.dat
0 MLCAD BTG wire
1 0 0 -113.903 313.178 0 0 -1 0.1936 -1.5947 0 0.9811 0.3146 0 LS70.dat
0 MLCAD BTG wire
1 0 0 -114.509 313.298 0 0 -1 0.2482 -1.5939 0 0.9687 0.4084 0 LS70.dat
0 MLCAD BTG wire
1 0 0 -115.11 313.452 0 0 -1 0.3029 -1.5901 0 0.953 0.5055 0 LS70.dat
0 MLCAD BTG wire
1 0 0 -115.711 313.643 0 0 -1 0.3574 -1.5508 0 0.934 0.5934 0 LS70.dat
0 MLCAD BTG wire
1 0 0 -116.317 313.875 0 0 -1 0.4093 -1.4422 0 0.9124 0.647 0 LS70.dat
0 MLCAD BTG wire
1 0 0 -116.892 314.133 0 0 -1 0.4569 -1.3821 0 0.8895 0.71 0 LS70.dat
0 MLCAD BTG wire
1 0 0 -117.443 314.416 0 0 -1 0.5025 -1.3905 0 0.8646 0.8081 0 LS70.dat
0 MLCAD BTG wire
1 0 0 -118.028 314.756 0 0 -1 0.5465 -1.3616 0 0.8374 0.8886 0 LS70.dat
0 MLCAD BTG wire
1 0 0 -118.621 315.143 0 0 -1 0.5885 -1.3733 0 0.8085 0.9997 0 LS70.dat
0 MLCAD BTG wire
1 0 0 -119.249 315.6 0 0 -1 0.6292 -1.4056 0 0.7773 1.1377 0 LS70.dat
0 MLCAD BTG wire
1 0 0 -119.929 316.15 0 0 -1 0.6686 -1.4418 0 0.7436 1.2965 0 LS70.dat
0 MLCAD BTG wire
1 0 0 -120.687 316.833 0 0 -1 0.7057 -1.4608 0 0.7085 1.4551 0 LS70.dat
0 MLCAD BTG wire
1 0 0 -121.496 317.638 0 0 -1 0.741 -1.9408 0 0.6715 2.1418 0 LS70.dat
0 MLCAD BTG wire
1 0 0 -122.469 318.712 0 0 -1 0.7924 -2.8915 0 0.61 3.7563 0 LS70.dat
0 MLCAD BTG wire
1 0 0 -125 322 0 0 -1 0.8326 -2.3145 0 0.5538 3.4795 0 LS70.dat
0 MLCAD BTG wire
1 0 0 -126.815 324.728 0 0 -1 0.8593 -1.6868 0 0.5114 2.8343 0 LS70.dat
0 MLCAD BTG wire
1 0 0 -128.048 326.801 0 0 -1 0.8835 -1.3244 0 0.4685 2.4977 0 LS70.dat
0 MLCAD BTG wire
1 0 0 -128.946 328.495 0 0 -1 0.906 -1.1095 0 0.4232 2.3752 0 LS70.dat
0 MLCAD BTG wire
1 0 0 -129.663 330.029 0 0 -1 0.9266 -0.8716 0 0.3759 2.1482 0 LS70.dat
0 MLCAD BTG wire
1 0 0 -130.192 331.332 0 0 -1 0.9445 -0.7067 0 0.3285 2.0321 0 LS70.dat
0 MLCAD BTG wire
1 0 0 -130.598 332.5 0 0 -1 0.96 -0.5743 0 0.28 1.9687 0 LS70.dat
0 MLCAD BTG wire
1 0 0 -130.913 333.579 0 0 -1 0.9731 -0.4568 0 0.2303 1.9305 0 LS70.dat
0 MLCAD BTG wire
1 0 0 -131.155 334.605 0 0 -1 0.9837 -0.3409 0 0.1797 1.8661 0 LS70.dat
0 MLCAD BTG wire
1 0 0 -131.333 335.574 0 0 -1 0.9916 -0.2386 0 0.1296 1.8252 0 LS70.dat
0 MLCAD BTG wire
1 0 0 -131.452 336.484 0 0 -1 0.9969 -0.1477 0 0.0786 1.8732 0 LS70.dat
0 MLCAD BTG wire
1 0 0 -131.526 337.432 0 0 -1 0.9996 -0.0493 0 0.0271 1.8156 0 LS70.dat
0 MLCAD BTG wire
1 0 0 -131.551 338.341 0 0 -1 0.9997 0.0429 0 -0.0233 1.8411 0 LS70.dat
0 MLCAD BTG wire
1 0 0 -131.529 339.27 0 0 -1 0.9973 0.1398 0 -0.0739 1.8855 0 LS70.dat
0 MLCAD BTG wire
1 0 0 -131.457 340.251 0 0 -1 0.9923 0.2436 0 -0.1241 1.9477 0 LS70.dat
0 MLCAD BTG wire
1 0 0 -131.328 341.277 0 0 -1 0.9846 0.3772 0 -0.1751 2.1209 0 LS70.dat
0 MLCAD BTG wire
1 0 0 -131.113 342.489 0 0 -1 0.9743 0.5095 0 -0.2254 2.202 0 LS70.dat
0 MLCAD BTG wire
1 0 0 -130.809 343.803 0 0 -1 0.9616 0.8846 0 -0.2744 3.0996 0 LS70.dat
0 MLCAD BTG wire
1 0 0 -130.325 345.497 0 0 -1 0.9361 7.5628 0 -0.3516 20.1354 0 LS70.dat
0 MLCAD BTG wire
1 0 0 -123 365 0 0 -1 0.9556 5.3725 0 -0.2946 17.429 0 LS70.dat
0 MLCAD BTG wire
1 0 0 -117.938 381.423 0 0 -1 0.9712 1.4108 0 -0.2381 5.7537 0 LS70.dat
0 MLCAD BTG wire
1 0 0 -116.751 386.261 0 0 -1 0.9824 0.8368 0 -0.187 4.3966 0 LS70.dat
0 MLCAD BTG wire
1 0 0 -116.089 389.742 0 0 -1 0.9907 0.7373 0 -0.1359 5.3765 0 LS70.dat
0 MLCAD BTG wire
1 0 0 -115.623 393.139 0 0 -1 0.9997 0.6335 0 -0.0251 25.2753 0 LS70.dat
0 MLCAD BTG wire
1 0 0 -115 418 0 -0 1 1 0 0 0 -28 -0 LS70.dat
0 GROUP 116 wire
0 SYNTH SYNTHESIZED END
0 MLCAD BTG wire
1 0 0 -38 327 0 0 -1 0 -17 0 1 0 0 LS70.dat
0 MLCAD BTG wire
1 0 0 -55 327 0 0 -1 -0.007 -8.1763 0 1 -0.057 0 LS70.dat
0 MLCAD BTG wire
1 0 0 -61.9537 326.952 0 0 -1 -0.0749 -2.8877 0 0.9972 -0.2168 0 LS70.dat
0 MLCAD BTG wire
1 0 0 -63.7195 326.819 0 0 -1 -0.1371 -3.168 0 0.9906 -0.4383 0 LS70.dat
0 MLCAD BTG wire
1 0 0 -65.1887 326.616 0 0 -1 -0.2308 -7.0608 0 0.973 -1.6749 0 LS70.dat
0 MLCAD BTG wire
1 0 0 -72 325 0 0 -1 -0.2465 -19.1267 0 0.9691 -4.8648 0 LS70.dat
0 MLCAD BTG wire
1 0 0 -89.6074 320.522 0 0 -1 -0.33 -4.5243 0 0.944 -1.5814 0 LS70.dat
0 MLCAD BTG wire
1 0 0 -93.1188 319.294 0 0 -1 -0.3857 -8.569 0 0.9226 -3.5817 0 LS70.dat
0 MLCAD BTG wire
1 0 0 -101 316 0 0 -1 -0.3871 -3.334 0 0.922 -1.3999 0 LS70.dat
0 MLCAD BTG wire
1 0 0 -103.524 314.94 0 0 -1 -0.3417 -2.8973 0 0.9398 -1.0533 0 LS70.dat
0 MLCAD BTG wire
1 0 0 -105.51 314.218 0 0 -1 -0.2906 -2.5782 0 0.9569 -0.7829 0 LS70.dat
0 MLCAD BTG wire
1 0 0 -107.141 313.723 0 0 -1 -0.2375 -2.1803 0 0.9714 -0.533 0 LS70.dat
0 MLCAD BTG wire
1 0 0 -108.388 313.418 0 0 -1 -0.1853 -1.9918 0 0.9827 -0.3756 0 LS70.dat
0 MLCAD BTG wire
1 0 0 -109.434 313.221 0 0 -1 -0.1325 -1.8719 0 0.9912 -0.2502 0 LS70.dat
0 MLCAD BTG wire
1 0 0 -110.353 313.098 0 0 -1 -0.0794 -1.7671 0 0.9968 -0.1407 0 LS70.dat
0 MLCAD BTG wire
1 0 0 -111.159 313.034 0 0 -1 -0.0259 -1.7284 0 0.9997 -0.0447 0 LS70.dat
0 MLCAD BTG wire
1 0 0 -111.909 313.014 0 0 -1 0.0285 -1.688 0 0.9996 0.0482 0 LS70.dat
0 MLCAD BTG wire
1 0 0 -112.607 313.034 0 0 -1 0.0835 -1.659 0 0.9965 0.139 0 LS70.dat
0 MLCAD BTG wire
1 0 0 -113.27 313.09 0 0 -1 0.1387 -1.6241 0 0.9903 0.2275 0 LS70.dat
0 MLCAD BTG wire
1 0 0 -113.903 313.178 0 0 -1 0.1936 -1.5947 0 0.9811 0.3146 0 LS70.dat
0 MLCAD BTG wire
1 0 0 -114.509 313.298 0 0 -1 0.2482 -1.5939 0 0.9687 0.4084 0 LS70.dat
0 MLCAD BTG wire
1 0 0 -115.11 313.452 0 0 -1 0.3029 -1.5901 0 0.953 0.5055 0 LS70.dat
0 MLCAD BTG wire
1 0 0 -115.711 313.643 0 0 -1 0.3574 -1.5508 0 0.934 0.5934 0 LS70.dat
0 MLCAD BTG wire
1 0 0 -116.317 313.875 0 0 -1 0.4093 -1.4422 0 0.9124 0.647 0 LS70.dat
0 MLCAD BTG wire
1 0 0 -116.892 314.133 0 0 -1 0.4569 -1.3821 0 0.8895 0.71 0 LS70.dat
0 MLCAD BTG wire
1 0 0 -117.443 314.416 0 0 -1 0.5025 -1.3905 0 0.8646 0.8081 0 LS70.dat
0 MLCAD BTG wire
1 0 0 -118.028 314.756 0 0 -1 0.5465 -1.3616 0 0.8374 0.8886 0 LS70.dat
0 MLCAD BTG wire
1 0 0 -118.621 315.143 0 0 -1 0.5885 -1.3733 0 0.8085 0.9997 0 LS70.dat
0 MLCAD BTG wire
1 0 0 -119.249 315.6 0 0 -1 0.6292 -1.4056 0 0.7773 1.1377 0 LS70.dat
0 MLCAD BTG wire
1 0 0 -119.929 316.15 0 0 -1 0.6686 -1.4418 0 0.7436 1.2965 0 LS70.dat
0 MLCAD BTG wire
1 0 0 -120.687 316.833 0 0 -1 0.7057 -1.4608 0 0.7085 1.4551 0 LS70.dat
0 MLCAD BTG wire
1 0 0 -121.496 317.638 0 0 -1 0.741 -1.9408 0 0.6715 2.1418 0 LS70.dat
0 MLCAD BTG wire
1 0 0 -122.469 318.712 0 0 -1 0.7924 -2.8915 0 0.61 3.7563 0 LS70.dat
0 MLCAD BTG wire
1 0 0 -125 322 0 0 -1 0.8326 -2.3145 0 0.5538 3.4795 0 LS70.dat
0 MLCAD BTG wire
1 0 0 -126.815 324.728 0 0 -1 0.8593 -1.6868 0 0.5114 2.8343 0 LS70.dat
0 MLCAD BTG wire
1 0 0 -128.048 326.801 0 0 -1 0.8835 -1.3244 0 0.4685 2.4977 0 LS70.dat
0 MLCAD BTG wire
1 0 0 -128.946 328.495 0 0 -1 0.906 -1.1095 0 0.4232 2.3752 0 LS70.dat
0 MLCAD BTG wire
1 0 0 -129.663 330.029 0 0 -1 0.9266 -0.8716 0 0.3759 2.1482 0 LS70.dat
0 MLCAD BTG wire
1 0 0 -130.192 331.332 0 0 -1 0.9445 -0.7067 0 0.3285 2.0321 0 LS70.dat
0 MLCAD BTG wire
1 0 0 -130.598 332.5 0 0 -1 0.96 -0.5743 0 0.28 1.9687 0 LS70.dat
0 MLCAD BTG wire
1 0 0 -130.913 333.579 0 0 -1 0.9731 -0.4568 0 0.2303 1.9305 0 LS70.dat
0 MLCAD BTG wire
1 0 0 -131.155 334.605 0 0 -1 0.9837 -0.3409 0 0.1797 1.8661 0 LS70.dat
0 MLCAD BTG wire
1 0 0 -131.333 335.574 0 0 -1 0.9916 -0.2386 0 0.1296 1.8252 0 LS70.dat
0 MLCAD BTG wire
1 0 0 -131.452 336.484 0 0 -1 0.9969 -0.1477 0 0.0786 1.8732 0 LS70.dat
0 MLCAD BTG wire
1 0 0 -131.526 337.432 0 0 -1 0.9996 -0.0493 0 0.0271 1.8156 0 LS70.dat
0 MLCAD BTG wire
1 0 0 -131.551 338.341 0 0 -1 0.9997 0.0429 0 -0.0233 1.8411 0 LS70.dat
0 MLCAD BTG wire
1 0 0 -131.529 339.27 0 0 -1 0.9973 0.1398 0 -0.0739 1.8855 0 LS70.dat
0 MLCAD BTG wire
1 0 0 -131.457 340.251 0 0 -1 0.9923 0.2436 0 -0.1241 1.9477 0 LS70.dat
0 MLCAD BTG wire
1 0 0 -131.328 341.277 0 0 -1 0.9846 0.3772 0 -0.1751 2.1209 0 LS70.dat
0 MLCAD BTG wire
1 0 0 -131.113 342.489 0 0 -1 0.9743 0.5095 0 -0.2254 2.202 0 LS70.dat
0 MLCAD BTG wire
1 0 0 -130.809 343.803 0 0 -1 0.9616 0.8846 0 -0.2744 3.0996 0 LS70.dat
0 MLCAD BTG wire
1 0 0 -130.325 345.497 0 0 -1 0.9361 7.5628 0 -0.3516 20.1354 0 LS70.dat
0 MLCAD BTG wire
1 0 0 -123 365 0 0 -1 0.9556 5.3725 0 -0.2946 17.429 0 LS70.dat
0 MLCAD BTG wire
1 0 0 -117.938 381.423 0 0 -1 0.9712 1.4108 0 -0.2381 5.7537 0 LS70.dat
0 MLCAD BTG wire
1 0 0 -116.751 386.261 0 0 -1 0.9824 0.8368 0 -0.187 4.3966 0 LS70.dat
0 MLCAD BTG wire
1 0 0 -116.089 389.742 0 0 -1 0.9907 0.7373 0 -0.1359 5.3765 0 LS70.dat
0 MLCAD BTG wire
1 0 0 -115.623 393.139 0 0 -1 0.9997 0.6335 0 -0.0251 25.2753 0 LS70.dat
0 MLCAD BTG wire
1 0 0 -115 418 0 -0 1 1 0 0 0 -28 -0 LS70.dat
0 SYNTH END
0
0 FILE 6990_mono1_open.ldr
0 6990_mono1_open
0 Name: 6990_mono1_open.ldr
0 Author: ClydeBum
0 Unofficial Model
0 ROTATION CENTER 0 0 0 1 "Custom" 
0 ROTATION CONFIG 0 0
1 15 -20 -10 0 1 0 0 0 1 0 0 0 1 3938.dat
1 15 20 -10 0 1 0 0 0 1 0 0 0 1 3938.dat
1 0 0 -18 0 1 0 0 0 1 0 0 0 1 3710.dat
1 15 0 -26 0 1 0 0 0 1 0 0 0 1 3710.dat
1 15 0 -34 0 1 0 0 0 1 0 0 0 1 3710.dat
1 33 -20 -82 0 -1 0 0 0 1 0 0 0 -1 4864a.dat
1 33 20 -82 0 -1 0 0 0 1 0 0 0 -1 4864a.dat
1 15 -30 -90 0 1 0 0 0 1 0 0 0 1 2420.dat
1 15 30 -90 0 0 0 -1 0 1 0 1 0 0 2420.dat
0 
0 
0
0 FILE 6990_mini.ldr
0 6990_mini
0 Name: 6990_mini.ldr
0 Author: ClydeBum
0 Unofficial Model
0 ROTATION CENTER 0 0 0 1 "Custom" 
0 ROTATION CONFIG 0 0
1 15 0 0 20 1 0 0 0 1 0 0 0 1 4032a.dat
1 15 0 0 -20 1 0 0 0 1 0 0 0 1 4032a.dat
1 0 0 -8 0 0 0 -1 0 1 0 1 0 0 3020.dat
1 15 -10 -32 30 -1 0 0 0 1 0 0 0 -1 4070.dat
1 15 10 -32 30 -1 0 0 0 1 0 0 0 -1 4070.dat
1 15 0 -16 -30 -1 0 0 0 1 0 0 0 -1 2342.dat
1 36 -10 -22 60 -1 0 0 0 0 -1 0 -1 0 3062b.dat
1 36 10 -22 60 -1 0 0 0 0 -1 0 -1 0 3062b.dat
0
0 FILE 6990_box1.ldr
0 6990_box1
0 Name: 6990_box1.ldr
0 Author: ClydeBum
0 Unofficial Model
0 ROTATION CENTER 0 0 0 1 "Custom" 
0 ROTATION CONFIG 0 0
1 0 0 -8 0 0 0 1 0 1 0 -1 0 0 3035.dat
1 0 0 0 60 0 0 1 0 1 0 -1 0 0 3022.dat
1 0 0 0 -60 0 0 1 0 1 0 -1 0 0 3022.dat
1 0 0 0 0 0 0 1 0 1 0 -1 0 0 3022.dat
1 15 -30 -16 0 0 0 1 0 1 0 -1 0 0 3710.dat
1 15 30 -16 0 0 0 1 0 1 0 -1 0 0 3710.dat
1 15 0 -32 70 1 0 0 0 1 0 0 0 1 3004.dat
1 15 0 -32 -70 1 0 0 0 1 0 0 0 1 3004.dat
1 15 30 -32 60 0 0 -1 0 1 0 1 0 0 3937.dat
1 15 -30 -32 60 0 0 1 0 1 0 -1 0 0 3937.dat
1 15 -30 -32 -60 0 0 1 0 1 0 -1 0 0 3937.dat
1 15 30 -32 -60 0 0 -1 0 1 0 1 0 0 3937.dat
1 15 30 -40 20 0 0 1 0 1 0 -1 0 0 30010.dat
1 15 30 -40 -20 0 0 1 0 1 0 -1 0 0 30010.dat
1 15 -30 -40 -20 0 0 -1 0 1 0 1 0 0 30010.dat
1 15 -30 -40 20 0 0 -1 0 1 0 1 0 0 30010.dat
1 15 0 -56 70 1 0 0 0 1 0 0 0 1 3004.dat
1 15 0 -56 -70 1 0 0 0 1 0 0 0 1 3004.dat
1 15 0 -64 70 1 0 0 0 1 0 0 0 1 3023.dat
1 15 0 -64 -70 1 0 0 0 1 0 0 0 1 3023.dat
1 15 0 -72 70 1 0 0 0 1 0 0 0 1 3069b.dat
1 15 0 -72 -70 1 0 0 0 1 0 0 0 1 3069b.dat
1 0 -10 -15 -24 0 0 1 1 0 0 0 1 0 4006.dat
1 0 -8.858 -18.644 40.459 -0.914156 0.366688 -0.167907 -0.14567 0.0874983 0.985 0.376324 0.925643 -0.0265939 3962b.dat
1 15 -30 -22 0 -1 0 0 0 1 0 0 0 -1 6990_boxR.ldr
1 15 30 -22 0 -1 0 0 0 1 0 0 0 -1 6990_boxL.ldr
0
0 FILE 6990_boxL.ldr
0 6990_boxL
0 Name: 6990_boxL.ldr
0 Author: ClydeBum
0 Unofficial Model
0 ROTATION CENTER 0 0 0 1 "Custom" 
0 ROTATION CONFIG 0 0
1 15 0 -10 60 0 0 1 0 1 0 -1 0 0 3938.dat
1 15 0 -10 -60 0 0 1 0 1 0 -1 0 0 3938.dat
1 15 0 -18 60 0 0 1 0 1 0 -1 0 0 3023.dat
1 15 0 -18 -60 0 0 1 0 1 0 -1 0 0 3023.dat
1 15 0 -26 -60 0 0 1 0 1 0 -1 0 0 3023.dat
1 15 0 -26 60 0 0 1 0 1 0 -1 0 0 3023.dat
1 15 0 -50 0 0 0 1 0 1 0 -1 0 0 3008.dat
1 15 10 -58 0 0 0 1 0 1 0 -1 0 0 3034.dat
1 0 20 -66 0 0 0 1 0 1 0 -1 0 0 3069b.dat
1 15 0 -66 0 0 0 -1 0 1 0 1 0 0 3069bp06.dat
0
0 FILE 6990_boxR.ldr
0 6990_boxR
0 Name: 6990_boxR.ldr
0 Author: ClydeBum
0 Unofficial Model
0 ROTATION CENTER 0 0 0 1 "Custom" 
0 ROTATION CONFIG 0 0
1 15 0 -10 60 0 0 1 0 1 0 -1 0 0 3938.dat
1 15 0 -10 -60 0 0 1 0 1 0 -1 0 0 3938.dat
1 15 0 -18 60 0 0 1 0 1 0 -1 0 0 3023.dat
1 15 0 -18 -60 0 0 1 0 1 0 -1 0 0 3023.dat
1 15 0 -26 -60 0 0 1 0 1 0 -1 0 0 3023.dat
1 15 0 -26 60 0 0 1 0 1 0 -1 0 0 3023.dat
1 15 0 -50 0 0 0 1 0 1 0 -1 0 0 3008.dat
1 15 -10 -58 0 0 0 1 0 1 0 -1 0 0 3034.dat
1 0 -20 -66 0 0 0 1 0 1 0 -1 0 0 3069b.dat
1 15 0 -66 0 0 0 -1 0 1 0 1 0 0 3069bp06.dat
0
0 FILE 6990_mono2.ldr
0 6990_mono2
0 Name: 6990_mono2.ldr
0 Author: ClydeBum
0 Unofficial Model
0 ROTATION CENTER 0 0 0 1 "Custom" 
0 ROTATION CONFIG 0 0
1 0 0 0 0 0 0 -1 0 1 0 1 0 0 2687.dat
1 15 0 -8 -150 -1 0 0 0 1 0 0 0 -1 3023.dat
1 15 0 -8 150 -1 0 0 0 1 0 0 0 -1 3023.dat
1 15 0 -8 90 -1 0 0 0 1 0 0 0 -1 3023.dat
1 15 0 -8 190 -1 0 0 0 1 0 0 0 -1 3710.dat
1 15 -30 -8 120 0 0 1 0 1 0 -1 0 0 3710.dat
1 15 30 -8 120 0 0 1 0 1 0 -1 0 0 3710.dat
1 15 0 -8 50 -1 0 0 0 1 0 0 0 -1 3710.dat
1 0 0 -8 -40 -1 0 0 0 1 0 0 0 -1 3022.dat
1 15 0 -16 50 -1 0 0 0 1 0 0 0 -1 3069b.dat
1 15 0 -16 190 -1 0 0 0 1 0 0 0 -1 3069b.dat
0 Unofficial Model
1 15 30 -16 120 0 0 -1 0 1 0 1 0 0 3023.dat
1 15 -30 -16 120 0 0 -1 0 1 0 1 0 0 3023.dat
1 15 0 -16 150 -1 0 0 0 1 0 0 0 -1 3710.dat
1 15 0 -16 90 -1 0 0 0 1 0 0 0 -1 3710.dat
1 15 30 -16 190 0 0 -1 0 1 0 1 0 0 4081b.dat
1 15 -30 -16 190 0 0 1 0 1 0 -1 0 0 4081b.dat
1 15 -30 -16 50 0 0 1 0 1 0 -1 0 0 4081b.dat
1 15 30 -16 50 0 0 -1 0 1 0 1 0 0 4081b.dat
1 15 30 -24 30 0 0 -1 0 1 0 1 0 0 3665.dat
1 15 -30 -24 30 0 0 1 0 1 0 -1 0 0 3665.dat
1 15 0 -24 30 1 0 0 0 1 0 0 0 1 3004.dat
1 0 0 -24 150 -1 0 0 0 1 0 0 0 -1 3069b.dat
1 0 0 -24 90 -1 0 0 0 1 0 0 0 -1 3069b.dat
1 15 -30 -24 120 0 0 1 0 1 0 -1 0 0 4162.dat
1 15 30 -24 120 0 0 1 0 1 0 -1 0 0 4162.dat
1 15 0 -16 -150 -1 0 0 0 1 0 0 0 -1 2342.dat
1 15 0 -56 -142 -1 0 0 0 0.927184 -0.374607 0 -0.374607 -0.927184 3070bp06.dat
1 15 30 -24 -120 0 0 1 0 1 0 -1 0 0 3009.dat
1 15 -30 -24 -120 0 0 1 0 1 0 -1 0 0 3009.dat
1 15 0 -24 -190 1 0 0 0 1 0 0 0 1 3010.dat
1 15 30 -24 -20 0 0 -1 0 1 0 1 0 0 3010.dat
1 15 -30 -24 -20 0 0 -1 0 1 0 1 0 0 3010.dat
1 0 0 -32 30 1 0 0 0 1 0 0 0 1 3023.dat
1 0 -30 -32 -170 0 0 -1 0 1 0 1 0 0 3623.dat
1 0 30 -32 -170 0 0 -1 0 1 0 1 0 0 3623.dat
1 0 30 -32 -40 0 0 -1 0 1 0 1 0 0 3666.dat
1 0 -30 -32 -40 0 0 -1 0 1 0 1 0 0 3666.dat
1 0 -30 -32 -120 0 0 1 0 1 0 -1 0 0 2436b.dat
1 0 30 -32 -120 0 0 -1 0 1 0 1 0 0 2436b.dat
0 STEP
1 15 0 -32 -190 1 0 0 0 1 0 0 0 1 2436b.dat
1 36 -30 -22 -212 1 0 0 0 0 -1 0 1 0 3024.dat
1 36 30 -22 -212 1 0 0 0 0 -1 0 1 0 3024.dat
1 15 0 -22 -212 1 0 0 0 0 -1 0 1 0 3794b.dat
1 15 0 -22 -220 1 0 0 0 0 -1 0 1 0 4740.dat
1 33 0 -22 -228 1 0 0 0 0 -1 0 1 0 4073.dat
1 15 0 -22 -236 1 0 0 0 0 -1 0 1 0 4740.dat
1 33 0 -22 -244 1 0 0 0 0 -1 0 1 0 4073.dat
1 15 0 -22 -252 1 0 0 0 0 -1 0 1 0 4740.dat
0 STEP
0 MLCAD BTG hose_1
1 15 -30 -22 -230 1 0 0 0 0 -1 0 1 0 752.dat
0 MLCAD BTG hose_1
1 15 30 -22 -230 1 0 0 0 0 -1 0 1 0 752.dat
0 MLCAD BTG hose_1
1 15 29.98 -22 -231.138 0.999974 0.00716906 0 0 0 -1 -0.00716906 0.999974 0 754.dat
0 MLCAD BTG hose_1
1 15 -30 -22 -228.276 0.999974 -0.00716906 0 0 0 -1 0.00716906 0.999974 0 756.dat
0 MLCAD BTG hose_1
1 15 30 -22 -228.276 0.999974 -0.00716906 0 0 0 -1 0.00716906 0.999974 0 756.dat
0 MLCAD BTG hose_1
1 15 -29.98 -22 -231.138 0.999756 -0.022075 0 0 0 -1 0.022075 0.999756 0 754.dat
0 MLCAD BTG hose_1
1 15 -29.915 -22 -234.054 0.999279 -0.03797 0 0 0 -1 0.03797 0.999279 0 754.dat
0 MLCAD BTG hose_1
1 15 -29.802 -22 -237.022 0.998489 -0.0549591 0 0 0 -1 0.0549591 0.998489 0 754.dat
0 MLCAD BTG hose_1
1 15 -29.636 -22 -240.043 0.99732 -0.0731632 0 0 0 -1 0.0731632 0.99732 0 754.dat
0 MLCAD BTG hose_1
1 15 -29.411 -22 -243.114 0.995692 -0.0927217 0 0 0 -1 0.0927217 0.995692 0 754.dat
0 MLCAD BTG hose_1
1 15 -29.12 -22 -246.233 0.993504 -0.113796 0 0 0 -1 0.113796 0.993504 0 754.dat
0 MLCAD BTG hose_1
1 15 -28.758 -22 -249.398 0.99063 -0.136574 0 0 0 -1 0.136574 0.99063 0 754.dat
0 MLCAD BTG hose_1
1 15 -28.316 -22 -252.603 0.986909 -0.161276 0 0 0 -1 0.161276 0.986909 0 754.dat
0 MLCAD BTG hose_1
1 15 -27.786 -22 -255.844 0.982139 -0.188159 0 0 0 -1 0.188159 0.982139 0 754.dat
0 MLCAD BTG hose_1
1 15 -27.16 -22 -259.114 0.976055 -0.217523 0 0 0 -1 0.217523 0.976055 0 754.dat
0 MLCAD BTG hose_1
1 15 -26.427 -22 -262.403 0.968317 -0.249725 0 0 0 -1 0.249725 0.968317 0 754.dat
0 MLCAD BTG hose_1
1 15 -25.576 -22 -265.701 0.958474 -0.28518 0 0 0 -1 0.28518 0.958474 0 754.dat
0 MLCAD BTG hose_1
1 15 -24.597 -22 -268.991 0.94593 -0.324372 0 0 0 -1 0.324372 0.94593 0 754.dat
0 MLCAD BTG hose_1
1 15 -23.478 -22 -272.257 0.929883 -0.367855 0 0 0 -1 0.367855 0.929883 0 754.dat
0 MLCAD BTG hose_1
1 15 -22.205 -22 -275.474 0.909251 -0.416248 0 0 0 -1 0.416248 0.909251 0 754.dat
0 MLCAD BTG hose_1
1 15 -20.767 -22 -278.616 0.88256 -0.470199 0 0 0 -1 0.470199 0.88256 0 754.dat
0 MLCAD BTG hose_1
1 15 -19.152 -22 -281.646 0.847804 -0.53031 0 0 0 -1 0.53031 0.847804 0 754.dat
0 MLCAD BTG hose_1
1 15 -17.352 -22 -284.523 0.802274 -0.596955 0 0 0 -1 0.596955 0.802274 0 754.dat
0 MLCAD BTG hose_1
1 15 -15.361 -22 -287.199 0.742411 -0.669945 0 0 0 -1 0.669945 0.742411 0 754.dat
0 MLCAD BTG hose_1
1 15 -13.179 -22 -289.618 0.663788 -0.747921 0 0 0 -1 0.747921 0.663788 0 754.dat
0 MLCAD BTG hose_1
1 15 -10.812 -22 -291.718 0.561546 -0.827445 0 0 0 -1 0.827445 0.561546 0 754.dat
0 MLCAD BTG hose_1
1 15 -8.277 -22 -293.438 0.431728 -0.902004 0 0 0 -1 0.902004 0.431728 0 754.dat
0 MLCAD BTG hose_1
1 15 -5.603 -22 -294.718 0.273876 -0.961765 0 0 0 -1 0.961765 0.273876 0 754.dat
0 MLCAD BTG hose_1
1 15 -2.828 -22 -295.509 0.0941022 -0.995563 0 0 0 -1 0.995563 0.0941022 0 754.dat
0 MLCAD BTG hose_1
1 15 0 -22 -295.776 0.0941022 0.995563 0 0 0 -1 -0.995563 0.0941022 0 754.dat
0 MLCAD BTG hose_1
1 15 2.828 -22 -295.509 0.273876 0.961765 0 0 0 -1 -0.961765 0.273876 0 754.dat
0 MLCAD BTG hose_1
1 15 5.603 -22 -294.718 0.431728 0.902004 0 0 0 -1 -0.902004 0.431728 0 754.dat
0 MLCAD BTG hose_1
1 15 8.277 -22 -293.438 0.561546 0.827445 0 0 0 -1 -0.827445 0.561546 0 754.dat
0 MLCAD BTG hose_1
1 15 10.812 -22 -291.718 0.663788 0.747921 0 0 0 -1 -0.747921 0.663788 0 754.dat
0 MLCAD BTG hose_1
1 15 13.179 -22 -289.618 0.742411 0.669945 0 0 0 -1 -0.669945 0.742411 0 754.dat
0 MLCAD BTG hose_1
1 15 15.361 -22 -287.199 0.802274 0.596955 0 0 0 -1 -0.596955 0.802274 0 754.dat
0 MLCAD BTG hose_1
1 15 17.352 -22 -284.523 0.847804 0.53031 0 0 0 -1 -0.53031 0.847804 0 754.dat
0 MLCAD BTG hose_1
1 15 19.152 -22 -281.646 0.88256 0.470199 0 0 0 -1 -0.470199 0.88256 0 754.dat
0 MLCAD BTG hose_1
1 15 20.767 -22 -278.616 0.909251 0.416248 0 0 0 -1 -0.416248 0.909251 0 754.dat
0 MLCAD BTG hose_1
1 15 22.205 -22 -275.474 0.929883 0.367855 0 0 0 -1 -0.367855 0.929883 0 754.dat
0 MLCAD BTG hose_1
1 15 23.478 -22 -272.257 0.94593 0.324372 0 0 0 -1 -0.324372 0.94593 0 754.dat
0 MLCAD BTG hose_1
1 15 24.597 -22 -268.991 0.958474 0.28518 0 0 0 -1 -0.28518 0.958474 0 754.dat
0 MLCAD BTG hose_1
1 15 25.577 -22 -265.701 0.968317 0.249725 0 0 0 -1 -0.249725 0.968317 0 754.dat
0 MLCAD BTG hose_1
1 15 26.427 -22 -262.403 0.976055 0.217523 0 0 0 -1 -0.217523 0.976055 0 754.dat
0 MLCAD BTG hose_1
1 15 27.16 -22 -259.114 0.982139 0.188159 0 0 0 -1 -0.188159 0.982139 0 754.dat
0 MLCAD BTG hose_1
1 15 27.786 -22 -255.844 0.986909 0.161276 0 0 0 -1 -0.161276 0.986909 0 754.dat
0 MLCAD BTG hose_1
1 15 28.316 -22 -252.603 0.99063 0.136574 0 0 0 -1 -0.136574 0.99063 0 754.dat
0 MLCAD BTG hose_1
1 15 28.758 -22 -249.398 0.993504 0.113796 0 0 0 -1 -0.113796 0.993504 0 754.dat
0 MLCAD BTG hose_1
1 15 29.12 -22 -246.233 0.995692 0.0927217 0 0 0 -1 -0.0927217 0.995692 0 754.dat
0 MLCAD BTG hose_1
1 15 29.411 -22 -243.114 0.99732 0.0731632 0 0 0 -1 -0.0731632 0.99732 0 754.dat
0 MLCAD BTG hose_1
1 15 29.636 -22 -240.043 0.998489 0.0549591 0 0 0 -1 -0.0549591 0.998489 0 754.dat
0 MLCAD BTG hose_1
1 15 29.802 -22 -237.022 0.999279 0.03797 0 0 0 -1 -0.03797 0.999279 0 754.dat
0 MLCAD BTG hose_1
1 15 29.915 -22 -234.054 0.999756 0.022075 0 0 0 -1 -0.022075 0.999756 0 754.dat
0 GROUP 53 hose_1
0 STEP
1 15 -52 -22 -120 0 1 0 0 0 -1 -1 0 0 3023.dat
1 0 -68 -22 -120 0 1 0 1 0 0 0 0 -1 4595.dat
1 36 -58 -22 -84 0 0 1 1 0 0 0 1 0 4073.dat
1 36 -58 -22 -164 0 0 1 1 0 0 0 1 0 4589.dat
0 STEP
1 15 52 -22 -120 0 -1 0 0 0 1 -1 0 0 3023.dat
1 0 68 -22 -120 0 -1 0 -1 0 0 0 0 -1 4595.dat
1 36 58 -22 -84 0 0 -1 -1 0 0 0 1 0 4073.dat
1 36 58 -22 -164 0 0 -1 -1 0 0 0 1 0 4589.dat
0 STEP
1 33 -50 -14 162 0 0 1 1 0 0 0 1 0 4589.dat
1 33 50 -14 162 0 0 1 1 0 0 0 1 0 4589.dat
1 33 -50 -14 78 0 0 1 -1 0 0 0 -1 0 4589.dat
1 33 50 -14 78 0 0 1 -1 0 0 0 -1 0 4589.dat
1 15 -10 -56 10 0 0 -1 0 1 0 1 0 0 2357.dat
1 15 10 -56 10 1 0 0 0 1 0 0 0 1 2357.dat
1 15 -30 -56 -20 0 0 -1 0 1 0 1 0 0 30010.dat
1 15 -30 -56 -60 0 0 -1 0 1 0 1 0 0 30010.dat
1 15 -30 -56 -100 0 0 -1 0 1 0 1 0 0 30010.dat
1 15 -30 -56 -140 0 0 -1 0 1 0 1 0 0 30010.dat
1 15 30 -56 -20 0 0 1 0 1 0 -1 0 0 30010.dat
1 15 30 -56 -60 0 0 1 0 1 0 -1 0 0 30010.dat
1 15 30 -56 -100 0 0 1 0 1 0 -1 0 0 30010.dat
1 15 30 -56 -140 0 0 1 0 1 0 -1 0 0 30010.dat
1 15 0 -56 -170 1 0 0 0 1 0 0 0 1 3037.dat
1 15 -30 -96 30 0 0 1 0 1 0 -1 0 0 4460.dat
1 15 30 -96 30 0 0 -1 0 1 0 1 0 0 4460.dat
1 15 0 -80 30 -1 0 0 0 1 0 0 0 -1 3004.dat
1 15 0 -88 30 -1 0 0 0 1 0 0 0 -1 3023.dat
1 15 0 -96 30 -1 0 0 0 1 0 0 0 -1 3023.dat
1 15 0 -104 30 1 0 0 0 1 0 0 0 1 4315.dat
1 15 0 -24 120 1 0 0 0 1 0 0 0 1 6990_battery.ldr
1 33 0 -100 16 1 0 0 0 1 0 0 0 1 2337.dat
1 33 0 -100 -64 1 0 0 0 1 0 0 0 1 4474.dat
1 0 0 0 -120 0 0 -1 0 1 0 1 0 0 2686c01.dat
1 0 0 -55 -112 1 0 0 0 1 0 0 0 1 sp014-sit.ldr
0
0 FILE 6990_battery.ldr
0 6990_battery
0 Name: 6990_battery.ldr
0 Author: ClydeBum
0 Unofficial Model
0 ROTATION CENTER 0 0 0 1 "Custom" 
0 ROTATION CONFIG 0 0
1 0 0 -8 0 0 0 1 0 1 0 -1 0 0 3035.dat
1 0 0 0 60 0 0 1 0 1 0 -1 0 0 3022.dat
1 0 0 0 -60 0 0 1 0 1 0 -1 0 0 3022.dat
1 0 0 0 0 0 0 1 0 1 0 -1 0 0 3022.dat
1 15 -30 -16 0 0 0 1 0 1 0 -1 0 0 3460.dat
1 15 30 -16 0 0 0 1 0 1 0 -1 0 0 3460.dat
1 15 30 -24 0 0 0 1 0 1 0 -1 0 0 3460.dat
1 15 -30 -24 0 0 0 1 0 1 0 -1 0 0 3460.dat
1 15 0 -80 0 -1 0 0 0 1 0 0 0 -1 4760p01c01.dat
1 15 -30 -88 0 0 0 1 0 1 0 -1 0 0 3069bp06.dat
1 15 30 -88 0 0 0 1 0 1 0 -1 0 0 3069bp06.dat
1 15 0 -96 -30 -1 0 0 0 1 0 0 0 -1 73666.dat
1 36 0 -96 -30 -1 0 0 0 1 0 0 0 -1 4770.dat
1 0 0 -96 0 0 0 -1 0 1 0 1 0 0 5306.dat
0
0 FILE 6990_base1.ldr
0 6990_base1
0 Name: 6990_base1.ldr
0 Author: ClydeBum
0 Unofficial Model
0 ROTATION CENTER 0 0 0 1 "Custom" 
0 ROTATION CONFIG 0 0
1 7 0 0 0 1 0 0 0 1 0 0 0 1 3857.dat
1 0 -80 -240 60 -1 0 0 0 1 0 0 0 -1 2681.dat
1 0 240 -240 60 -1 0 0 0 1 0 0 0 -1 2681.dat
1 0 200 -24 140 -1 0 0 0 1 0 0 0 -1 3941.dat
1 0 200 -24 -100 -1 0 0 0 1 0 0 0 -1 3941.dat
1 0 200 -24 -140 -1 0 0 0 1 0 0 0 -1 3941.dat
1 0 140 -24 -100 -1 0 0 0 1 0 0 0 -1 3003.dat
1 0 -200 -24 140 -1 0 0 0 1 0 0 0 -1 3941.dat
1 0 -200 -24 100 -1 0 0 0 1 0 0 0 -1 3941.dat
1 0 -200 -24 -100 -1 0 0 0 1 0 0 0 -1 3941.dat
1 0 -200 -24 -140 -1 0 0 0 1 0 0 0 -1 3941.dat
1 0 140 -32 -100 -1 0 0 0 1 0 0 0 -1 3068b.dat
1 0 0 -24 140 -1 0 0 0 1 0 0 0 -1 3941.dat
1 0 0 -24 100 -1 0 0 0 1 0 0 0 -1 3941.dat
1 0 0 -24 -100 -1 0 0 0 1 0 0 0 -1 3941.dat
1 0 0 -24 -140 -1 0 0 0 1 0 0 0 -1 3941.dat
1 15 -200 -144 160 1 0 0 0 1 0 0 0 1 4476.dat
1 15 -200 -144 -160 -1 0 0 0 1 0 0 0 -1 4476.dat
1 15 0 -144 -160 -1 0 0 0 1 0 0 0 -1 4476.dat
1 15 200 -144 -160 -1 0 0 0 1 0 0 0 -1 4476.dat
1 0 200 -16 100 -1 0 0 0 1 0 0 0 -1 4032a.dat
1 0 200 -24 100 -1 0 0 0 1 0 0 0 -1 4032a.dat
1 15 0 -144 160 1 0 0 0 1 0 0 0 1 4476.dat
1 15 200 -144 160 1 0 0 0 1 0 0 0 1 4476.dat
1 0 -200 -168 160 1 0 0 0 1 0 0 0 1 3003.dat
1 0 -200 -168 -160 1 0 0 0 1 0 0 0 1 3003.dat
1 0 0 -168 160 1 0 0 0 1 0 0 0 1 3003.dat
1 0 0 -168 -160 1 0 0 0 1 0 0 0 1 3003.dat
1 0 200 -168 160 1 0 0 0 1 0 0 0 1 3003.dat
1 0 200 -168 -160 1 0 0 0 1 0 0 0 1 3003.dat
1 15 -200 -216 160 1 0 0 0 1 0 0 0 1 3940.dat
1 0 -200 -224 160 1 0 0 0 1 0 0 0 1 4032a.dat
1 15 -200 -216 -160 1 0 0 0 1 0 0 0 1 3940.dat
1 0 -200 -224 -160 1 0 0 0 1 0 0 0 1 4032a.dat
1 15 0 -216 -160 1 0 0 0 1 0 0 0 1 3940.dat
1 0 0 -224 -160 1 0 0 0 1 0 0 0 1 4032a.dat
1 15 0 -216 160 1 0 0 0 1 0 0 0 1 3940.dat
1 0 0 -224 160 1 0 0 0 1 0 0 0 1 4032a.dat
1 15 200 -216 160 1 0 0 0 1 0 0 0 1 3940.dat
1 0 200 -224 160 1 0 0 0 1 0 0 0 1 4032a.dat
1 15 200 -216 -160 1 0 0 0 1 0 0 0 1 3940.dat
1 0 200 -224 -160 1 0 0 0 1 0 0 0 1 4032a.dat
1 15 -100 -232 160 1 0 0 0 1 0 0 0 1 3832.dat
1 15 -100 -232 -160 1 0 0 0 1 0 0 0 1 3832.dat
1 15 100 -232 -160 1 0 0 0 1 0 0 0 1 3832.dat
1 15 100 -232 160 1 0 0 0 1 0 0 0 1 3832.dat
0 STEP
1 15 -210 -232 160 0 0 1 0 1 0 -1 0 0 4596.dat
1 15 -280 -230 160 0 -1 0 0 0 -1 1 0 0 4740.dat
1 15 -288 -230 160 0 -1 0 0 0 -1 1 0 0 4740.dat
1 36 -296 -230 160 0 -1 0 0 0 -1 1 0 0 4073.dat
