0 FILE untitled model.ldr
0 untitled model
0 Name: 
0 Author: 
0 Unofficial Model
1 8 0 -8 0 1 0 0 0 1 0 -0 0 1 3021.dat
1 8 -40 -32 0 0 0 -1 0 1 0 1 0 0 2342.dat
1 8 -30 -80 0 -0 -0.707107 0.707107 -0 0.707107 0.707107 -1 0 -0 30031.dat
1 8 38 -66 0 0 1 -0 0 -0 -1 -1 0 -0 3747.dat
1 19 0 -16 0 0 0 1 0 1 0 -1 0 0 4598.dat
1 19 -220 -8 0 0 0 1 0 1 0 -1 0 0 3958.dat
1 19 -220 -56 0 0 0 1 0 1 0 -1 0 0 3003.dat
1 19 -220 -88 0 0 0 1 0 1 0 -1 0 0 3003.dat
1 19 -220 -168 0 0 0 1 0 1 0 -1 0 0 3003.dat
1 19 -220 -112 0 0 0 1 0 1 0 -1 0 0 3941.dat
1 19 -230 -136 10 -1 0 0 0 1 0 -0 0 -1 4070.dat
1 19 -210 -136 10 -1 -0 0 -0 1 -0 -0 -0 -1 4070.dat
1 19 -210 -136 -10 1 0 -0 -0 1 -0 0 0 1 4070.dat
1 19 -230 -136 -10 1 0 -0 -0 1 -0 0 0 1 4070.dat
1 8 -220 -32 0 0 0 1 0 1 0 -1 0 0 3003.dat
1 8 -220 -126 -24 -1 0 0 0 0 1 0 1 -0 3794.dat
1 8 -190 -52 0 0 0 1 -1 0 0 0 -1 0 6016.dat
1 6 -250 -52 0 0 0 1 -1 0 0 0 -1 0 6016.dat
1 8 -250 -132 0 0 0 1 -1 0 0 0 -1 0 6016.dat
1 6 -190 -132 0 0 0 1 -1 0 0 0 -1 0 6016.dat
1 7 -220 -126 -48 -1 0 0 0 0 1 0 1 -0 4599.dat
1 7 -220 -126 48 1 0 -0 0 0 1 0 -1 0 4599.dat
1 8 -170 -16 -50 0 0 1 0 1 0 -1 0 0 2569.dat
1 8 -270 -16 -50 0 0 1 0 1 0 -1 0 0 2569.dat
1 8 -270 -16 50 0 0 1 0 1 0 -1 0 0 2569.dat
1 8 -170 -16 50 0 0 1 0 1 0 -1 0 0 2569.dat
1 7 -230 -64 10 0 0 1 0 1 0 -1 0 0 6019.dat
1 7 -230 -144 10 0 0 1 0 1 0 -1 0 0 6019.dat
1 7 -230 -64 -10 0 0 1 0 1 0 -1 0 0 6019.dat
1 7 -230 -144 -10 0 0 1 0 1 0 -1 0 0 6019.dat
1 7 -220 -192 0 -1 0 0 0 1 0 -0 0 -1 4599.dat
1 7 -210 -64 -10 -0 0 -1 0 1 0 1 0 -0 6019.dat
1 7 -210 -144 -10 0 0 -1 0 1 0 1 0 0 6019.dat
1 7 -210 -64 10 0 0 -1 0 1 0 1 0 0 6019.dat
1 7 -210 -144 10 0 0 -1 0 1 0 1 0 0 6019.dat
1 6 -20 -24 0 1 0 -0 0 1 0 0 0 1 3021.dat
1 19 -33 -73 0 -0.927184 -0.374606 0 -0.374606 0.927184 -0 0 -0 -1 2555.dat
1 8 -220 -126 24 1 0 -0 0 0 1 0 -1 0 3794.dat
1 6 -340 -100 10 1 0 0 0 1 0 0 0 1 30114.dat
1 14 -340 -100 10 1 0 0 0 1 0 0 0 1 3626BPS9.dat
1 6 -340 -74 10 1 0 0 0 1 0 0 0 1 522.dat
1 19 -340 -72 10 1 0 0 0 1 0 0 0 1 973PS6.dat
1 19 -324.600006 -64 10 0.985435 0.170055 0 -0.170055 0.985435 0 0 0 1 3819.dat
1 14 -316.441772 -46.127014 0 0.985435 0.120247 -0.120247 -0.170055 0.696808 -0.696808 0 0.707107 0.707107 3820.dat
1 19 -355.399994 -64 10 0.985435 -0.170055 0 0.170055 0.985435 0 0 0 1 3818.dat
1 14 -363.558228 -46.127014 0 0.985435 -0.120247 0.120247 0.170055 0.696808 -0.696808 0 0.707107 0.707107 3820.dat
1 35 -363.06012 -49.013287 -24.391571 0.985435 -0.085027 0.147272 0.170055 0.492717 -0.853411 0 0.866025 0.5 577c01.dat
1 6 -340 -40 10 1 0 0 0 1 0 0 0 1 970.dat
1 6 -340 -28 10 1 0 0 0 1 0 0 0 1 3817.dat
1 6 -340 -28 10 1 0 0 0 1 0 0 0 1 3816.dat
1 0 -30 -100 -50 1 0 0 0 1 0 0 0 1 3626BPS8.dat
1 0 -30 -74 -50 1 0 0 0 1 0 0 0 1 522.dat
1 0 -30 -72 -50 1 0 0 0 1 0 0 0 1 973PS2.dat
1 0 -14.6 -64 -50 0.985435 0.170055 0 -0.170055 0.985435 0 0 0 1 3819.dat
1 0 -6.441788 -46.127014 -60 0.985435 0.120247 -0.120247 -0.170055 0.696808 -0.696808 0 0.707107 0.707107 3820.dat
1 0 -45.400002 -64 -50 0.985435 -0.170055 0 0.170055 0.985435 0 0 0 1 3818.dat
1 0 -53.558212 -46.127014 -60 0.511938 -0.850564 0.120247 0.653788 0.294993 -0.696808 0.557208 0.435338 0.707107 3820.dat
1 36 -38.951485 -41.250816 -79.141418 0.493637 -0.79046 0.362624 0.692113 0.104594 -0.71417 0.526595 0.603517 0.598719 577c02.dat
1 0 -30 -40 -50 1 0 0 0 1 0 0 0 1 970.dat
1 0 -30 -28 -50 1 0 0 0 1 0 0 0 1 3817.dat
1 0 -30 -28 -50 1 0 0 0 1 0 0 0 1 3816.dat
0 NOFILE
0 FILE untitled minifigure.ldr
0 untitled model
0 Name: 
0 Author: 
0 Unofficial Model

0 NOFILE
0 FILE untitled minifigure copy.ldr
0 untitled model
0 Name: 
0 Author: 
0 Unofficial Model

0 NOFILE