0 FILE Jedi Defense I.ldr
0 Jedi Defense I
0 Name: Jedi Defense I.ldr
0 Author: R Paluczak
0 Unofficial Model
0 ROTATION CENTER 0 0 0 1 "Custom" 
0 ROTATION CONFIG 0 0
1 0 120 -8 340 0 0 1 0 1 0 -1 0 0 Obi-Wan Kenobi.ldr
1 0 -20 16 560 1 0 0 0 1 0 0 0 1 Droideka.ldr
1 0 -310 16 450 1 0 0 0 1 0 0 0 1 Droideka.ldr
0
0 FILE Obi-Wan Kenobi.ldr
0 Obi-Wan Kenobi
0 Name: Obi-Wan Kenobi.ldr
0 Author: R Paluczak
0 Unofficial Model
0 ROTATION CENTER 0 0 0 1 "Custom" 
0 ROTATION CONFIG 0 0
1 6 0 -26 0 1 0 0 0 1 0 0 0 1 3901.dat
1 14 0 -26 0 1 0 0 0 1 0 0 0 1 3626bps2.dat
1 6 0 -2 0 1 0 0 0 1 0 0 0 1 522.dat
1 19 0 0 0 1 0 0 0 1 0 0 0 1 973pr4.dat
1 6 0 32 0 1 0 0 0 1 0 0 0 1 3815.dat
1 19 -15.552 9 0 0.985 -0.17 0 0.17 0.985 0 0 0 1 3818.dat
1 19 15.552 9 0 0.985 0.17 0 -0.17 0.985 0 0 0 1 3819.dat
1 14 -23.8634 26.5956 -10.321 0.985 -0.12019 0.12019 0.17 0.696395 -0.696395 0 0.707 0.707 3820.dat
1 14 23.8634 26.5956 -10.321 0.985 0.12019 -0.12019 -0.17 0.696395 -0.696395 0 0.707 0.707 3820.dat
1 43 -23.1951 22.7236 -33.8217 0.985 -0.0874983 0.14567 0.17 0.506976 -0.844031 0 0.856884 0.514696 577c01.dat
1 6 0 44 0 1 0 0 0 1 0 0 0 1 3816.dat
1 6 0 44 0 1 0 0 0 1 0 0 0 1 3817.dat
0
0 FILE Droideka.ldr
0 Droideka
0 Name: Droideka.ldr
0 Author: R Paluczak
0 Unofficial Model
0 ROTATION CENTER 0 0 0 1 "Custom" 
0 ROTATION CONFIG 0 0
1 6 50 16 0 0 0 -1 0 1 0 1 0 0 2540.dat
1 6 30 16 0 0 0 1 0 1 0 -1 0 0 2540.dat
1 6 40 8 10 -1 0 0 0 1 0 0 0 -1 2540.dat
1 6 50 -76 19 1 0 0 0 -1 0 0 0 -1 Droideka Part 3.ldr
1 8 40 8 -10 -1 0 0 0 1 0 0 0 -1 3794b.dat
1 7 40 0 -10 0 0 1 0 1 0 -1 0 0 2555.dat
1 7 40 -49.417 47.783 0 0 1 0.382683 0.92388 0 -0.92388 0.382683 0 Droideka Part 2.ldr
1 7 71.962 18.39 0 0 0.980785 0.19509 0 0.19509 -0.980785 -1 0 0 30377.dat
1 7 8.962 18.39 0 0 -0.980785 -0.19509 0 0.19509 -0.980785 1 0 0 30377.dat
1 7 39.962 10.39 30 1 0 0 0 0.19509 -0.980785 0 0.980785 0.19509 30377.dat
1 47 40 24 0 0 0 1 0 1 0 -1 0 0 3941.dat
0
0 FILE Droideka Part 2.ldr
0 Droideka Part 2
0 Name: Droideka Part 2.ldr
0 Author: R Paluczak
0 Unofficial Model
0 ROTATION CENTER 0 0 0 1 "Custom" 
0 ROTATION CONFIG 0 0
1 6 50 16 0 0 0 -1 0 1 0 1 0 0 2540.dat
1 6 30 16 0 0 0 1 0 1 0 -1 0 0 2540.dat
1 0 40 24 10 -1 0 0 0 1 0 0 0 -1 4623.dat
1 7 40 18 32 0 0 -1 -1 0 0 0 1 0 30377.dat
1 7 40 18 -32 0 0 -1 1 0 0 0 -1 0 30377.dat
1 0 40 24 -10 1 0 0 0 1 0 0 0 1 4623.dat
1 8 59.767 -1.978 -70 0 0.864713 -0.502266 0 -0.502266 -0.864713 -1 0 0 30132.dat
1 8 59.767 -1.978 70 0 0.864713 -0.502266 0 -0.502266 -0.864713 -1 0 0 30132.dat
1 8 75.607 -10.736 76 0 0.502266 0.864713 0 0.864713 -0.502266 -1 0 0 30162.dat
1 8 75.607 -10.736 -76 0 0.502266 0.864713 0 0.864713 -0.502266 -1 0 0 30162.dat
0
0 FILE Droideka Part 3.ldr
0 Droideka Part 3
0 Name: Droideka Part 3.ldr
0 Author: R Paluczak
0 Unofficial Model
0 ROTATION CENTER 0 0 0 1 "Custom" 
0 ROTATION CONFIG 0 0
1 8 -10 -9 17 1 0 0 0 0 -1 0 1 0 30375.dat
1 7 -10 -47 -27 -1 0 0 0 1 0 0 0 -1 30377.dat
1 7 6 -47 -27 -1 0 0 0 1 0 0 0 -1 30377.dat
1 7 -26 -47 -27 -1 0 0 0 1 0 0 0 -1 30377.dat
1 6 -10 -24 0 -1 0 0 0 1 0 0 0 -1 4081b.dat
1 7 2 -22 20 0 -1 0 -0.92388 0 0.382683 -0.382683 0 -0.92388 4592.dat
1 0 3 -22 20 0 0 1 -0.92388 0.382683 0 -0.382683 -0.92388 0 4593.dat
1 7 -22 -22 20 0 1 0 0.92388 0 0.382683 0.382683 0 -0.92388 4592.dat
1 0 -23 -22 20 0 0 -1 0.92388 0.382683 0 0.382683 -0.92388 0 4593.dat
0
0
