0
1  7 -520 0 0 -1 0 0 0 1 0 0 0 -1 3020.dat
1  8 -470 0 0 0 0 1 0 1 0 -1 0 0 3710.dat
1  15 -550 -24 0 0 0 1 0 1 0 -1 0 0 3660.dat
1  7 -500 -24 0 1 0 0 0 1 0 0 0 1 3001.dat
1  8 -360 0 -30 1 0 0 0 1 0 0 0 1 4477.dat
1  8 -360 0 30 1 0 0 0 1 0 0 0 1 4477.dat
1  8 -250 0 0 0 0 1 0 1 0 -1 0 0 3710.dat
1  15 -440 -24 40 0 0 1 0 1 0 -1 0 0 43720.dat
1  15 -440 -24 -40 0 0 1 0 1 0 -1 0 0 43721.dat
1  320 -320 -24 30 -1 0 0 0 1 0 0 0 -1 4445.dat
1  320 -320 -24 -30 1 0 0 0 1 0 0 0 1 4445.dat
1  15 -540 -48 -10 1 0 0 0 1 0 0 0 1 30414.dat
1  15 -540 -48 10 -1 0 0 0 1 0 0 0 -1 30414.dat
1  27 -490 -48 0 0 0 -1 0 1 0 1 0 0 3004.dat
1  19 -470 -48 -30 1 0 0 0 1 0 0 0 1 2357.dat
1  19 -470 -48 30 0 0 1 0 1 0 -1 0 0 2357.dat
1  15 -340 -48 -30 1 0 0 0 1 0 0 0 1 6111.dat
1  15 -340 -48 30 1 0 0 0 1 0 0 0 1 6111.dat
1  15 -580 -38 -28 1 0 0 0 0 -1 0 1 0 4162.dat
1  15 -580 -38 28 1 0 0 0 0 1 0 -1 0 4162.dat
1  7 -360 -56 -30 1 0 0 0 1 0 0 0 1 4477.dat
1  7 -360 -56 30 1 0 0 0 1 0 0 0 1 4477.dat
1  7 -540 -56 0 1 0 0 0 1 0 0 0 1 3035.dat
1  14 -530 -80 0 0 0 -1 0 1 0 1 0 0 30363.dat
1  320 -540 -80 -30 1 0 0 0 1 0 0 0 1 3010.dat
1  320 -540 -80 30 1 0 0 0 1 0 0 0 1 3010.dat
1  15 -400 -80 30 1 0 0 0 1 0 0 0 1 2730.dat
1  15 -400 -80 -30 1 0 0 0 1 0 0 0 1 2730.dat
1  8 -340 -70 -20 0 0 -1 0 1 0 1 0 0 32002.dat
1  8 -380 -70 -20 0 0 -1 0 1 0 1 0 0 32002.dat
1  8 -380 -70 20 0 0 1 0 1 0 -1 0 0 32002.dat
1  8 -340 -70 20 0 0 1 0 1 0 -1 0 0 32002.dat
1  47 -360 -48 0 1 0 0 0 1 0 0 0 1 6588.dat
1  0 -360 -70 0 0 0 -1 0 1 0 1 0 0 3707.dat
1  7 -360 -70 0 -1 0 0 0 1 0 0 0 -1 3648B.dat
1  0 -315 -30 0 -1 0 0 0 1 0 0 0 -1 3708.dat
1  7 -362 -30 0 0 0 1 0 1 0 -1 0 0 4716.dat
1  0 -320 -70 -40 0 0 -1 0 1 0 1 0 0 3673.dat
1  0 -320 -70 40 0 0 -1 0 1 0 1 0 0 3673.dat
1  14 -454 -30 0 0 1 0 0 0 1 1 0 0 30367.dat
1  8 -430 -30 0 0 1 0 0 0 1 1 0 0 4032.dat
1  320 -250 -8 0 0 0 1 0 1 0 -1 0 0 3023.dat
1  320 -250 -16 0 0 0 1 0 1 0 -1 0 0 3023.dat
1  8 -250 -40 0 0 0 1 0 1 0 -1 0 0 3700.dat
1  7 -250 -48 0 0 0 -1 0 1 0 1 0 0 4623.dat
1  8 -250 -56 0 0 0 -1 0 1 0 1 0 0 3710.dat
1  0 -420 -70 -30 0 0 -1 0 1 0 1 0 0 32556.dat
1  0 -420 -70 30 0 0 1 0 1 0 -1 0 0 32556.dat
1  8 -197 -30 0 0 0 1 0 1 0 -1 0 0 6538A.dat
1  0 -157 -30 0 1 0 0 0 1 0 0 0 1 3705.dat
1  4 -157 -30 0 1 0 0 0 1 0 0 0 1 41732.dat
1  7 -127 -30 0 0 0 -1 0 1 0 1 0 0 4019.dat
1  15 -380 -80 -50 1 0 0 0 1 0 0 0 1 2730.dat
1  15 -380 -80 50 1 0 0 0 1 0 0 0 1 2730.dat
1  15 -280 -80 30 0 0 -1 0 1 0 1 0 0 41763.dat
1  15 -280 -80 -30 0 0 -1 0 1 0 1 0 0 41763.dat
1  228 -450 -72 9 0 0 -1 0 1 0 1 0 0 3062B.dat
1  228 -450 -72 -11 0 0 -1 0 1 0 1 0 0 3062B.dat
1  7 -360 -70 -70 -1 0 0 0 1 0 0 0 -1 4019.dat
1  7 -360 -70 70 -1 0 0 0 1 0 0 0 -1 4019.dat
1  1 -300 -70 -60 0 0 1 0 1 0 -1 0 0 3749.dat
1  8 -300 -70 -80 1 0 0 0 1 0 0 0 1 6538A.dat
1  1 -300 -70 -100 0 0 -1 0 1 0 1 0 0 3749.dat
1  1 -300 -70 60 0 0 -1 0 1 0 1 0 0 3749.dat
1  8 -300 -70 80 1 0 0 0 1 0 0 0 1 6538A.dat
1  1 -300 -70 100 0 0 1 0 1 0 -1 0 0 3749.dat
1  8 -460 -70 50 0 0 1 0 1 0 -1 0 0 32054.dat
1  8 -460 -70 -50 0 0 -1 0 1 0 1 0 0 32054.dat
1  320 -620 -80 -20 -1 0 0 0 1 0 0 0 -1 3831.dat
1  320 -620 -80 20 1 0 0 0 1 0 0 0 1 3830.dat
1  320 -620 -80 -20 -0.9860132 0 -0.1666666 0 1 0 0.1666666 0 -0.9860132 3830.dat
1  320 -620 -80 20 0.9860132 0 -0.1666667 0 1 0 0.1666667 0 0.9860132 3831.dat
1  15 -680.8274 -56 19.86013 0.9860132 0 -0.1666667 0 1 0 0.1666667 0 0.9860132 3666.dat
1  15 -680.8274 -56 -19.86013 0.9860132 0 0.1666666 0 1 0 -0.1666666 0 0.9860132 3666.dat
1  320 -738.3215 -80 0 -0.9860132 0 -0.1666666 0 1 0 0.1666666 0 -0.9860132 3831.dat
1  320 -738.3215 -80 0 0.9860132 0 -0.1666667 0 1 0 0.1666667 0 0.9860132 3830.dat
1  320 -680.8274 -64 -19.86013 -0.9860132 0 -0.1666666 0 1 0 0.1666666 0 -0.9860132 3023.dat
1  320 -680.8274 -64 19.86013 -0.9860132 0 0.1666667 0 1 0 -0.1666667 0 -0.9860132 3023.dat
1  15 -680.8274 -72 19.86013 -0.9860132 0 0.1666667 0 1 0 -0.1666667 0 -0.9860132 44728.dat
1  15 -680.8274 -72 -19.86013 0.9860132 0 0.1666666 0 1 0 -0.1666666 0 0.9860132 44728.dat
1  320 -680.8274 -80 19.86013 -0.9860132 0 0.1666667 0 1 0 -0.1666667 0 -0.9860132 3023.dat
1  320 -680.8274 -80 -19.86013 -0.9860132 0 -0.1666666 0 1 0 0.1666666 0 -0.9860132 3023.dat
1  19 -680.8274 -88 19.86013 -0.9860132 0 0.1666667 0 1 0 -0.1666667 0 -0.9860132 6636.dat
1  19 -680.8274 -88 -19.86013 -0.9860132 0 -0.1666666 0 1 0 0.1666666 0 -0.9860132 6636.dat
1  1 -460 -70 -80 0 0 -1 0 1 0 1 0 0 3749.dat
1  1 -460 -70 80 0 0 1 0 1 0 -1 0 0 3749.dat
1  320 -743.6549 -62 -31.55241 0.9860132 0.166667 0 0 0 -1 -0.166667 0.9860132 0 3460.dat
1  15 -743.6549 -22 -31.55241 0 0.166667 -0.9860132 -1 0 0 0 0.9860132 0.166667 50304.dat
1  320 -823.8693 -52 -26.10715 0 0.166667 -0.9860132 -1 0 0 0 0.9860132 0.166667 3068B.dat
1  320 -823.8693 -12 -26.10715 0 0.166667 -0.9860132 -1 0 0 0 0.9860132 0.166667 3068B.dat
1  320 -784.4287 -32 -32.77383 0.9860132 0.166667 0 0 0 -1 -0.166667 0.9860132 0 41770.dat
1  320 -842.2562 -32 -14.88571 -0.9860132 0.166667 0 0 0 1 0.166667 0.9860132 0 41770.dat
1  320 -743.6548 -62 31.55241 0.9860124 0.166667 0 0 0 1 0.1666669 -0.9860132 0 3460.dat
1  320 -823.8691 -12 26.10717 0 0.166667 -0.9860124 1 0 0 0 -0.9860132 -0.1666669 3068B.dat
1  320 -784.4286 -32 32.77384 -0.9860124 0.166667 0 0 0 -1 -0.1666669 -0.9860132 0 41769.dat
1  320 -842.2561 -32 14.88572 0.9860124 0.166667 0 0 0 1 0.1666669 -0.9860132 0 41769.dat
1  320 -823.8691 -52 26.10717 0 0.166667 -0.9860124 1 0 0 0 -0.9860132 -0.1666669 3068B.dat
1  15 -743.6548 -22 31.55241 0 0.166667 -0.9860124 1 0 0 0 -0.9860132 -0.1666669 50305.dat
1  7 -260 -88 0 0 0 -1 0 1 0 1 0 0 3958.dat
1  7 -190 -88 0 0 0 -1 0 1 0 1 0 0 3710.dat
1  7 -360 -88 40 -1 0 0 0 1 0 0 0 -1 3020.dat
1  7 -360 -88 -40 -1 0 0 0 1 0 0 0 -1 3020.dat
1  7 -480 -88 -40 -1 0 0 0 1 0 0 0 -1 3020.dat
1  7 -480 -88 40 -1 0 0 0 1 0 0 0 -1 3020.dat
1  7 -420 -88 0 0 0 1 0 1 0 -1 0 0 3795.dat
1  320 -530 -88 0 0 0 -1 0 1 0 1 0 0 3023.dat
1  15 -440 -112 50 -1 0 0 0 1 0 0 0 -1 3937.dat
1  15 -240 -112 50 -1 0 0 0 1 0 0 0 -1 3937.dat
1  15 -240 -112 -50 1 0 0 0 1 0 0 0 1 3937.dat
1  15 -440 -112 -50 1 0 0 0 1 0 0 0 1 3937.dat
1  0 -440 -112 -50 1 0 0 0 1 0 0 0 1 3938.dat
1  0 -440 -112 50 -1 0 0 0 1 0 0 0 -1 3938.dat
1  0 -240 -112 50 -1 0 0 0 1 0 0 0 -1 3938.dat
1  0 -240 -112 -50 1 0 0 0 1 0 0 0 1 3938.dat
1  15 -340 -96 50 1 0 0 0 1 0 0 0 1 4162.dat
1  15 -340 -96 -50 1 0 0 0 1 0 0 0 1 4162.dat
1  15 -210 -112 -50 0 0 -1 0 1 0 1 0 0 4287.dat
1  15 -210 -112 50 0 0 -1 0 1 0 1 0 0 4287.dat
1  15 -200 -112 -30 0 0 -1 0 1 0 1 0 0 41763.dat
1  15 -200 -112 30 0 0 -1 0 1 0 1 0 0 41763.dat
1  14 -200 -112 0 1 0 0 0 1 0 0 0 1 4730.dat
1  19 -230 -112 -10 1 0 0 0 1 0 0 0 1 3040B.dat
1  19 -230 -112 10 -1 0 0 0 1 0 0 0 -1 3040B.dat
1  15 -310 -112 0 0 0 1 0 1 0 -1 0 0 3659.dat
1  15 -370 -112 0 0 0 1 0 1 0 -1 0 0 3659.dat
1  15 -470 -112 0 0 0 1 0 1 0 -1 0 0 3659.dat
1  15 -490 -112 0 0 0 1 0 1 0 -1 0 0 3659.dat
1  15 -530 -112 0 0 0 -1 0 1 0 1 0 0 2877.dat
1  15 -610 -88 0 0 0 -1 0 1 0 1 0 0 3710.dat
1  15 -560 -104 -30 -1 0 0 0 1 0 0 0 -1 30413.dat
1  15 -560 -104 30 1 0 0 0 1 0 0 0 1 30413.dat
1  15 -510 -112 -50 0 0 1 0 1 0 -1 0 0 3040B.dat
1  15 -510 -112 50 0 0 1 0 1 0 -1 0 0 3040B.dat
1  15 -480 -112 -50 1 0 0 0 1 0 0 0 1 2877.dat
1  15 -480 -112 50 -1 0 0 0 1 0 0 0 -1 2877.dat
1  8 -490 -120 30 0 0 1 0 1 0 -1 0 0 2420.dat
1  8 -490 -120 -30 1 0 0 0 1 0 0 0 1 2420.dat
1  8 -190 -120 30 -1 0 0 0 1 0 0 0 -1 2420.dat
1  8 -190 -120 -30 0 0 -1 0 1 0 1 0 0 2420.dat
1  19 -610 -96 30 0 0 -1 0 1 0 1 0 0 3024.dat
1  19 -610 -96 -30 0 0 -1 0 1 0 1 0 0 3024.dat
1  7 -340 -120 0 1 0 0 0 1 0 0 0 1 3020.dat
1  2 -340 -120 30 1 0 0 0 1 0 0 0 1 2431.dat
1  2 -340 -120 -30 1 0 0 0 1 0 0 0 1 2431.dat
1  7 -530 -136 0 0 0 -1 0 1 0 1 0 0 3048.dat
1  15 -490 -120 -60 0 0 1 0 1 0 -1 0 0 43723.dat
1  15 -490 -120 60 0 0 1 0 1 0 -1 0 0 43722.dat
1  15 -190 -120 -60 0 0 -1 0 1 0 1 0 0 43722.dat
1  15 -190 -120 60 0 0 -1 0 1 0 1 0 0 43723.dat
1  15 -130 -120 -40 0 0 -1 0 1 0 1 0 0 43722.dat
1  15 -130 -120 40 0 0 -1 0 1 0 1 0 0 43723.dat
1  15 -700 -96 0 -1 0 0 0 1 0 0 0 -1 3832.dat
1  2 -640 -104 0 0 0 1 0 1 0 -1 0 0 4859.dat
1  2 -700 -104 10 1 0 0 0 1 0 0 0 1 2431.dat
1  2 -700 -104 -10 1 0 0 0 1 0 0 0 1 2431.dat
1  15 -790 -88 0 1 0 0 0 1 0 0 0 1 3021.dat
1  320 -800 -80 0 1 0 0 0 1 0 0 0 1 3020.dat
1  0 -210 -136 0 0 0 1 0 1 0 -1 0 0 3039PC3.dat
1  0 -610 -120 0 0 0 -1 0 1 0 1 0 0 3039PC5.dat
1  8 -340 -128 0 1 0 0 0 1 0 0 0 1 3022.dat
1  14 -370 -128 0 0 0 -1 0 1 0 1 0 0 3794.dat
1  14 -310 -128 0 0 0 -1 0 1 0 1 0 0 3794.dat
1  15 -490 -144 0 0 0 1 0 1 0 -1 0 0 3937.dat
1  0 -490 -144 0 0 0 1 0 1 0 -1 0 0 3938.dat
1  15 -190 -144 0 0 0 -1 0 1 0 1 0 0 3937.dat
1  0 -190 -144 0 0 0 -1 0 1 0 1 0 0 3938.dat
1  8 -170 -112 0 0 0 -1 0 1 0 1 0 0 3700.dat
1  8 -160 -88 0 0 0 -1 0 1 0 1 0 0 3022.dat
1  7 -150 -112 0 0 0 -1 0 1 0 1 0 0 3747.dat
1  19 -150 -136 0 0 0 1 0 1 0 -1 0 0 3039.dat
1  15 -130 -136 0 0 0 -1 0 1 0 1 0 0 3298.dat
1  7 -140 -144 0 0 0 -1 0 1 0 1 0 0 3679.dat
1  0 -140 -144 0 0 0 -1 0 1 0 1 0 0 3680.dat
1  15 -130 -168 0 0 0 -1 0 1 0 1 0 0 3937.dat
1  0 -123.7068 -165.7715 0 0 -0.6293203 -0.7771459 0 0.7771459 -0.6293203 1 0 0 3938.dat
1  7 -118.6722 -171.9886 0 0 -0.6293203 -0.7771459 0 0.7771459 -0.6293203 1 0 0 3794.dat
1  0 -113.6377 -178.2058 0 0 -0.6293203 -0.7771459 0 0.7771459 -0.6293203 1 0 0 3957.dat
1  41 -58.25749 -246.5946 0 0 -0.6293203 -0.7771459 0 0.7771459 -0.6293203 1 0 0 4589.dat
1  15 -490 -144 -30 1 0 0 0 1 0 0 0 1 3038.dat
1  15 -490 -144 30 -1 0 0 0 1 0 0 0 -1 3038.dat
1  7 -340 -136 0 1 0 0 0 1 0 0 0 1 4150.dat
1  15 -200 -144 30 0 0 -1 0 1 0 1 0 0 41748.dat
1  15 -200 -144 -30 0 0 -1 0 1 0 1 0 0 41747.dat
1  15 -760 -104 0 0 0 1 0 1 0 -1 0 0 3068BPS1.dat
1  15 -340 -120 60 -1 0 0 0 1 0 0 0 -1 2445.dat
1  15 -280 -144 30 -1 0 0 0 1 0 0 0 -1 6208.dat
1  15 -400 -144 30 -1 0 0 0 1 0 0 0 -1 6208.dat
1  15 -340 -152 30 -1 0 0 0 1 0 0 0 -1 3710.dat
1  15 -340 -176 30 -1 0 0 0 1 0 0 0 -1 2877.dat
1  15 -350 -176 30 -1 0 0 0 1 0 0 0 -1 54200.dat
1  15 -330 -176 30 -1 0 0 0 1 0 0 0 -1 54200.dat
1  8 -480 -152 0 0 0 1 0 1 0 -1 0 0 3022.dat
1  15 -340 -176 0 1 0 0 0 1 0 0 0 1 30361PS1.dat
1  15 -360 -176 0 0 0 -1 0 1 0 1 0 0 30362.dat
1  15 -320 -176 0 0 0 1 0 1 0 -1 0 0 30362.dat
1  15 -340 -210 0 1 0 0 0 1 0 0 0 1 30367PS1.dat
1  8 -200 -152 0 0 0 1 0 1 0 -1 0 0 3022.dat
1  15 -340 -120 -60 1 0 0 0 1 0 0 0 1 2445.dat
1  15 -400 -144 -30 1 0 0 0 1 0 0 0 1 6208.dat
1  15 -280 -144 -30 1 0 0 0 1 0 0 0 1 6208.dat
1  15 -340 -152 -30 1 0 0 0 1 0 0 0 1 3710.dat
1  15 -340 -176 -30 1 0 0 0 1 0 0 0 1 2877.dat
1  15 -330 -176 -30 1 0 0 0 1 0 0 0 1 54200.dat
1  15 -350 -176 -30 1 0 0 0 1 0 0 0 1 54200.dat
1  40 -450 -152 0 0 0 1 0 1 0 -1 0 0 30384.dat
1  40 -610 -104 0 0 0 1 0 1 0 -1 0 0 30384.dat
1  40 -230 -152 0 0 0 -1 0 1 0 1 0 0 30384.dat
1  7 -400 -70 -230 -1 0 0 0 -1 0 0 0 1 4519.dat
1  7 -400 -70 -210 -1 0 0 0 -1 0 0 0 1 32039.dat
1  0 -400 -70 -120 0 0 1 0 -1 0 1 0 0 3737.dat
1  7 -400 -70 -190 0 1 0 -1 0 0 0 0 1 3713.dat
1  4 -419 -70 -230 0 1 0 -1 0 0 0 0 1 32474.dat
1  4 -381 -70 -230 0 -1 0 -1 0 0 0 0 -1 32474.dat
1  15 -380 -70 -170 0 0 1 -1 0 0 0 -1 0 40490.dat
1  7 -400 -70 -150 0 1 0 -1 0 0 0 0 1 3713.dat
1  0 -420 -70 -160 0 1 0 0 0 1 1 0 0 3673.dat
1  0 -380 -70 -160 0 1 0 0 0 1 1 0 0 3673.dat
1  0 -340 -70 -180 0 1 0 0 0 1 1 0 0 3673.dat
1  0 -320 -70 -160 0 1 0 0 0 1 1 0 0 3673.dat
1  0 -300 -70 -150 0 1 0 0 0 1 1 0 0 32556.dat
1  0 -460 -70 -170 0 1 0 0 0 1 1 0 0 32556.dat
1  15 -300 -70 -150 0 0 -1 1 0 0 0 -1 0 32523.dat
1  15 -380 -70 -150 -1 0 0 0 -1 0 0 0 1 32184.dat
1  15 -420 -70 -150 -1 0 0 0 -1 0 0 0 1 32184.dat
1  7 -400 -50 -150 -1 0 0 0 -1 0 0 0 1 4519.dat
1  7 -400 -90 -150 -1 0 0 0 -1 0 0 0 1 4519.dat
1  8 -400 -90 -150 -1 0 0 0 -0.9659258 0.258819 0 0.258819 0.9659258 32013.dat
1  8 -400 -50 -150 -1 0 0 0 -0.9659258 -0.258819 0 -0.258819 0.9659258 32013.dat
1  0 -460 -70 -120 0 0 -1 0 1 0 1 0 0 41531.dat
1  0 -400 -70 -120 0 -1 0 0 0 -1 1 0 0 30361.dat
1  8 -366 -70 -120 0 -1 0 0 0 -1 1 0 0 3941.dat
1  8 -342 -70 -120 0 -1 0 0 0 -1 1 0 0 3941.dat
1  15 -300 -70 -120 0 -1 0 0 0 -1 1 0 0 30361.dat
1  8 -266 -70 -120 0 -1 0 0 0 -1 1 0 0 3941.dat
1  8 -242 -70 -120 0 -1 0 0 0 -1 1 0 0 3941.dat
1  15 -530 -70 -120 0 0 -1 -1 0 0 0 1 0 30324.dat
1  7 -535 -70 -120 0 0 1 -1 0 0 0 -1 0 32123.dat
1  0 -500 -70 -120 -1 0 0 0 0 -1 0 -1 0 3707.dat
1  320 -560 -70 -120 0 0 1 -1 0 0 0 -1 0 32439.dat
1  8 -592 -70 -120 0 1 0 -1 0 0 0 0 1 4589.dat
1  8 -448 -70 -120 0 1 0 -1 0 0 0 0 1 4032.dat
1  0 -351 -70 -120 -1 0 0 0 0 -1 0 -1 0 3705.dat
1  8 -259 -70 -120 1 0 0 0 0 -1 0 1 0 6587.dat
1  57 -221 -70 -120 0 -1 0 0 0 -1 1 0 0 4740.dat
1  8 -197 -70 -120 0 -1 0 0 0 -1 1 0 0 4589.dat
1  7 -400 -70 -90 0 -1 0 -1 0 0 0 0 -1 3713.dat
1  7 -400 -70 -70 0 -1 0 -1 0 0 0 0 -1 4019.dat
1  15 -400 -100.3528 -188.637 0 0 -1 -0.258819 -0.9659258 0 -0.9659258 0.258819 0 6536.dat
1  7 -400 -100.3528 -188.637 0 -1 0 0.258819 0 -0.9659258 0.9659258 0 0.258819 4519.dat
1  0 -410 -119.6713 -183.4606 1 0 0 0 0 1 0 -1 0 6628.dat
1  7 -400 -39.64722 -188.637 0 -1 0 0.258819 0 0.9659258 -0.9659258 0 0.258819 4519.dat
1  15 -400 -39.64722 -188.637 0 0 -1 -0.258819 0.9659258 0 0.9659258 0.258819 0 6536.dat
1  8 -400 -29.29447 -227.274 0 -1 0 0.258819 0 0.9659258 -0.9659258 0 0.258819 32054.dat
1  8 -400 -110.7055 -227.274 0 -1 0 -0.258819 0 0.9659258 -0.9659258 0 -0.258819 32054.dat
1  19 -460 -80 -200 0 0 -1 0 1 0 1 0 0 2444.dat
1  19 -340 -80 -200 0 0 -1 0 1 0 1 0 0 2444.dat
1  15 -460 -72 -320 0 0 -1 0 1 0 1 0 0 2445.dat
1  320 -440 -64 -480 0 0 -1 0 1 0 1 0 0 3035.dat
1  15 -400 -72 -400 1 0 0 0 1 0 0 0 1 6179.dat
1  320 -370 -64 -480 1 0 0 0 1 0 0 0 1 50305.dat
1  15 -330 -72 -320 1 0 0 0 1 0 0 0 1 47397.dat
1  320 -340 -80 -230 1 0 0 0 1 0 0 0 1 3023.dat
1  320 -460 -80 -230 1 0 0 0 1 0 0 0 1 3023.dat
1  320 -460 -56 -560 0 0 1 0 1 0 -1 0 0 51739.dat
1  320 -430 -56 -550 0 0 1 0 1 0 -1 0 0 30357.dat
1  0 -470 -48 -550 0 0 1 0 1 0 -1 0 0 4070.dat
1  0 -450 -48 -550 0 0 -1 0 1 0 1 0 0 4287.dat
1  0 -552 -38 -550 0 -1 0 0 0 -1 1 0 0 3957.dat
1  41 -560 -38 -550 0 -1 0 0 0 -1 1 0 0 4073.dat
1  15 -330 -88 -200 0 0 -1 0 1 0 1 0 0 2431.dat
1  15 -350 -88 -200 0 0 -1 0 1 0 1 0 0 2431.dat
1  15 -450 -88 -200 0 0 -1 0 1 0 1 0 0 2431.dat
1  15 -470 -88 -200 0 0 -1 0 1 0 1 0 0 2431.dat
1  0 -400 -122.953 -234.3451 0 0 1 -0.258819 0.9659258 0 -0.9659258 -0.258819 0 2817.dat
1  15 -370 -151.3859 -309.5486 1 0 0 0 0.9659258 0.258819 0 -0.258819 0.9659258 47397.dat
1  15 -430 -151.3859 -309.5486 1 0 0 0 0.9659258 0.258819 0 -0.258819 0.9659258 47398.dat
1  15 -400 -130.6432 -201.2262 1 0 0 0 0.9659258 0.258819 0 -0.258819 0.9659258 2431.dat
1  15 -400 -174.6424 -365.4336 1 0 0 0 0.9659258 0.258819 0 -0.258819 0.9659258 4150PS6.dat
1  320 -400 -169.5404 -408.2117 1 0 0 0 0.9659258 0.258819 0 -0.258819 0.9659258 3176.dat
1  0 -400 -17.04702 -234.3451 0 0 -1 0.258819 -0.9659258 0 -0.9659258 -0.258819 0 2817.dat
1  15 -430 11.38592 -309.5486 -1 0 0 0 -0.9659258 -0.258819 0 -0.258819 0.9659258 47397.dat
1  15 -370 11.38592 -309.5486 -1 0 0 0 -0.9659258 -0.258819 0 -0.258819 0.9659258 47398.dat
1  15 -400 -9.356773 -201.2262 -1 0 0 0 -0.9659258 -0.258819 0 -0.258819 0.9659258 2431.dat
1  320 -400 29.5404 -408.2117 -1 0 0 0 -0.9659258 -0.258819 0 -0.258819 0.9659258 3176.dat
1  0 -510 -24 -550 0 0 1 0 1 0 -1 0 0 4070.dat
1  0 -490 -24 -550 0 0 -1 0 1 0 1 0 0 4287.dat
1  0 -652 -14 -550 0 0 -1 0 1 0 1 0 0 3849.dat
1  8 -500 0 -550 -1 0 0 0 1 0 0 0 -1 3023.dat
1  8 -500 -32 -550 -1 0 0 0 1 0 0 0 -1 30244.dat
1  0 -662 -14 -550 0 -1 0 -1 0 0 0 0 -1 3062B.dat
1  0 -686 -14 -550 0 -1 0 -1 0 0 0 0 -1 3062B.dat
1  8 -708 -14 -550 0 -1 0 -1 0 0 0 0 -1 4073.dat
1  41 -716 -14 -550 0 -1 0 -1 0 0 0 0 -1 4589.dat
1  0 -460 -70 120 0 0 -1 0 1 0 1 0 0 41531.dat
1  7 -535 -70 120 0 0 1 -1 0 0 0 -1 0 32123.dat
1  0 -500 -70 120 -1 0 0 0 0 -1 0 -1 0 3707.dat
1  8 -592 -70 120 0 1 0 -1 0 0 0 0 1 4589.dat
1  8 -448 -70 120 0 1 0 -1 0 0 0 0 1 4032.dat
1  15 -380 -70 170 0 0 1 -1 0 0 0 -1 0 40490.dat
1  0 -380 -70 160 0 -1 0 0 0 1 -1 0 0 3673.dat
1  0 -420 -70 160 0 -1 0 0 0 1 -1 0 0 3673.dat
1  0 -340 -70 180 0 -1 0 0 0 1 -1 0 0 3673.dat
1  0 -320 -70 160 0 1 0 0 0 1 1 0 0 3673.dat
1  0 -300 -70 150 0 1 0 0 0 1 1 0 0 32556.dat
1  0 -460 -70 170 0 1 0 0 0 1 1 0 0 32556.dat
1  320 -560 -70 120 0 0 1 -1 0 0 0 -1 0 32439.dat
1  15 -530 -70 120 0 0 -1 -1 0 0 0 1 0 30324.dat
1  7 -400 -70 230 1 0 0 0 -1 0 0 0 -1 4519.dat
1  7 -400 -70 210 1 0 0 0 -1 0 0 0 -1 32039.dat
1  0 -400 -70 120 0 0 -1 0 -1 0 -1 0 0 3737.dat
1  7 -400 -70 190 0 -1 0 -1 0 0 0 0 -1 3713.dat
1  4 -381 -70 230 0 -1 0 -1 0 0 0 0 -1 32474.dat
1  4 -419 -70 230 0 1 0 -1 0 0 0 0 1 32474.dat
1  7 -400 -70 150 0 -1 0 -1 0 0 0 0 -1 3713.dat
1  7 -400 -70 90 0 1 0 -1 0 0 0 0 1 3713.dat
1  7 -400 -70 70 0 1 0 -1 0 0 0 0 1 4019.dat
1  15 -380 -70 150 1 0 0 0 -1 0 0 0 -1 32184.dat
1  15 -420 -70 150 1 0 0 0 -1 0 0 0 -1 32184.dat
1  7 -400 -50 150 1 0 0 0 -1 0 0 0 -1 4519.dat
1  7 -400 -90 150 1 0 0 0 -1 0 0 0 -1 4519.dat
1  41 -560 -38 550 0 -1 0 0 0 -1 1 0 0 4073.dat
1  0 -552 -38 550 0 -1 0 0 0 -1 1 0 0 3957.dat
1  320 -460 -56 560 0 0 1 0 1 0 -1 0 0 51739.dat
1  320 -430 -56 550 1 0 0 0 1 0 0 0 1 30357.dat
1  320 -440 -64 480 0 0 1 0 1 0 -1 0 0 3035.dat
1  15 -400 -72 400 -1 0 0 0 1 0 0 0 -1 6179.dat
1  19 -340 -80 200 0 0 1 0 1 0 -1 0 0 2444.dat
1  320 -340 -80 230 -1 0 0 0 1 0 0 0 -1 3023.dat
1  19 -460 -80 200 0 0 1 0 1 0 -1 0 0 2444.dat
1  320 -460 -80 230 -1 0 0 0 1 0 0 0 -1 3023.dat
1  15 -330 -88 200 0 0 1 0 1 0 -1 0 0 2431.dat
1  15 -350 -88 200 0 0 1 0 1 0 -1 0 0 2431.dat
1  15 -450 -88 200 0 0 1 0 1 0 -1 0 0 2431.dat
1  15 -470 -88 200 0 0 1 0 1 0 -1 0 0 2431.dat
1  0 -470 -48 550 0 0 1 0 1 0 -1 0 0 4070.dat
1  0 -450 -48 550 0 0 -1 0 1 0 1 0 0 4287.dat
1  0 -490 -24 550 0 0 -1 0 1 0 1 0 0 4287.dat
1  0 -510 -24 550 0 0 1 0 1 0 -1 0 0 4070.dat
1  0 -652 -14 550 0 0 -1 0 1 0 1 0 0 3849.dat
1  8 -500 -32 550 -1 0 0 0 1 0 0 0 -1 30244.dat
1  8 -500 0 550 -1 0 0 0 1 0 0 0 -1 3023.dat
1  0 -662 -14 550 0 -1 0 -1 0 0 0 0 -1 3062B.dat
1  0 -686 -14 550 0 -1 0 -1 0 0 0 0 -1 3062B.dat
1  8 -708 -14 550 0 -1 0 -1 0 0 0 0 -1 4073.dat
1  41 -716 -14 550 0 -1 0 -1 0 0 0 0 -1 4589.dat
1  15 -300 -70 150 0 0 -1 1 0 0 0 -1 0 32523.dat
1  15 -300 -70 120 0 -1 0 0 0 -1 1 0 0 30361.dat
1  8 -266 -70 120 0 -1 0 0 0 -1 1 0 0 3941.dat
1  8 -242 -70 120 0 -1 0 0 0 -1 1 0 0 3941.dat
1  8 -259 -70 120 1 0 0 0 0 -1 0 1 0 6587.dat
1  57 -221 -70 120 0 -1 0 0 0 -1 1 0 0 4740.dat
1  8 -197 -70 120 0 -1 0 0 0 -1 1 0 0 4589.dat
1  0 -400 -70 120 0 -1 0 0 0 -1 1 0 0 30361.dat
1  8 -366 -70 120 0 -1 0 0 0 -1 1 0 0 3941.dat
1  8 -342 -70 120 0 -1 0 0 0 -1 1 0 0 3941.dat
1  0 -351 -70 120 -1 0 0 0 0 -1 0 -1 0 3705.dat
1  8 -400 -50 150 1 0 0 0 -0.9659256 -0.2588189 0 0.2588189 -0.9659256 32013.dat
1  7 -400 -39.64724 188.637 0 1 0 0.2588189 0 0.9659256 0.9659256 0 -0.2588189 4519.dat
1  15 -400 -39.64724 188.637 0 0 1 -0.2588189 0.9659256 0 -0.9659256 -0.2588189 0 6536.dat
1  8 -400 -29.29449 227.2741 0 1 0 0.2588189 0 0.9659256 0.9659256 0 -0.2588189 32054.dat
1  8 -400 -90 150 1 0 0 0 -0.9659256 0.2588189 0 -0.2588189 -0.9659256 32013.dat
1  7 -400 -100.3528 188.637 0 1 0 0.2588189 0 -0.9659256 -0.9659256 0 -0.2588189 4519.dat
1  8 -400 -110.7055 227.2741 0 1 0 -0.2588189 0 0.9659256 0.9659256 0 0.2588189 32054.dat
1  15 -400 -100.3528 188.637 0 0 1 -0.2588189 -0.9659256 0 0.9659256 -0.2588189 0 6536.dat
1  0 -400 -17.04704 234.3451 0 0 1 0.2588189 -0.9659256 0 0.9659256 0.2588189 0 2817.dat
1  15 -370 11.38589 309.5486 1 0 0 0 -0.9659256 -0.2588189 0 0.2588189 -0.9659256 47397.dat
1  15 -430 11.38589 309.5486 1 0 0 0 -0.9659256 -0.2588189 0 0.2588189 -0.9659256 47398.dat
1  15 -400 -9.356796 201.2262 1 0 0 0 -0.9659256 -0.2588189 0 0.2588189 -0.9659256 2431.dat
1  320 -400 29.54037 408.2116 1 0 0 0 -0.9659256 -0.2588189 0 0.2588189 -0.9659256 3176.dat
1  0 -400 -122.953 234.3451 0 0 -1 -0.2588189 0.9659256 0 0.9659256 0.2588189 0 2817.dat
1  15 -430 -151.3859 309.5486 -1 0 0 0 0.9659256 0.2588189 0 0.2588189 -0.9659256 47397.dat
1  15 -370 -151.3859 309.5486 -1 0 0 0 0.9659256 0.2588189 0 0.2588189 -0.9659256 47398.dat
1  15 -400 -130.6432 201.2262 -1 0 0 0 0.9659256 0.2588189 0 0.2588189 -0.9659256 2431.dat
1  15 -400 -174.6424 365.4336 -1 0 0 0 0.9659256 0.2588189 0 0.2588189 -0.9659256 4150PS6.dat
1  320 -400 -169.5404 408.2116 -1 0 0 0 0.9659256 0.2588189 0 0.2588189 -0.9659256 3176.dat
0 GROUP -1
1  0 -410 -20.32871 -183.4606 1 0 0 0 0 1 0 -1 0 6628.dat
1  15 -460 -72 320 0 0 1 0 1 0 -1 0 0 2445.dat
1  15 -330 -72 320 -1 0 0 0 1 0 0 0 -1 47398.dat
1  320 -370 -64 480 -1 0 0 0 1 0 0 0 -1 50304.dat
1  0 -410 -119.6713 183.4606 1 0 0 0 0 1 0 -1 0 6628.dat
1  0 -410 -20.32873 183.4606 1 0 0 0 0 1 0 -1 0 6628.dat
0 WORLD  -32.00351 -91.12483 -33.56892 0.6275115 -0.1259056 -0.7683597 -0.5286087 0.6556624 -0.5391476 0.5716661 0.7444834 0.3448806
0 CENTRE  0 0 0
0 LOOKAT  -426 98 0
0 ZOOM  50
