0 FILE Corporate Alliance Tank Droid.ldr
0 Corporate Alliance Tank Droid
0 Name: Corporate Alliance Tank Droid.ldr
0 Author: R Paluczak
0 Unofficial Model
0 ROTATION CENTER 0 0 0 1 "Custom" 
0 ROTATION CONFIG 0 0
1 0 560 56 -200 0 0 1 0 1 0 -1 0 0 Part 1.ldr
1 0 360 48 -170 0 0 1 0 1 0 -1 0 0 Part 2.ldr
1 0 360 48 -350 0 0 1 0 1 0 -1 0 0 Part 3.ldr
1 0 380 40 -490 0 0 1 0 1 0 -1 0 0 Jango Fett.ldr
1 0 440 24 -550 0 0 1 0 1 0 -1 0 0 Battle Droid.ldr
1 0 190 40 -370 1 0 0 0 1 0 0 0 1 Clone.ldr
0
0 FILE Jango Fett.ldr
0 Jango Fett
0 Name: Jango Fett.ldr
0 Author: R Paluczak
0 Unofficial Model
0 ROTATION CENTER 0 0 0 1 "Custom" 
0 ROTATION CONFIG 0 0
1 72 0 -24 0 1 0 0 0 1 0 0 0 1 87610.dat
1 78 0 -25 0 1 0 0 0 1 0 0 0 1 3626bp01.dat
1 71 0 0 0 1 0 0 0 1 0 0 0 1 3838.dat
1 72 0 0 0 1 0 0 0 1 0 0 0 1 973psj.dat
1 379 0 32 0 1 0 0 0 1 0 0 0 1 3815.dat
1 379 -15.552 9 0 0.985 -0.17 0 0.17 0.985 0 0 0 1 3818.dat
1 379 15.552 9 0 0.985 0.17 0 -0.17 0.985 0 0 0 1 3819.dat
1 272 -23.8634 26.5956 -10.321 0.985 -0.12019 0.12019 0.17 0.696395 -0.696395 0 0.707 0.707 3820.dat
1 272 23.8634 26.5956 -10.321 0.985 0.12019 -0.12019 -0.17 0.696395 -0.696395 0 0.707 0.707 3820.dat
1 71 -24.7701 31.8492 -18.3978 0.985 -0.0874983 0.14567 0.17 0.506976 -0.844031 0 0.856884 0.514696 58367.dat
1 71 24.7701 31.8492 -18.3978 0.985 0.0874983 -0.14567 -0.17 0.506976 -0.844031 0 0.856884 0.514696 58367.dat
1 379 0 44 0 1 0 0 0 1 0 0 0 1 3816.dat
1 379 0 44 0 1 0 0 0 1 0 0 0 1 3817.dat
0
0 FILE Battle Droid.ldr
0 Battle Droid
0 Name: Battle Droid.ldr
0 Author: R Paluczak
0 Unofficial Model
0 ROTATION CENTER 0 0 0 1 "Custom" 
0 ROTATION CONFIG 0 0
1 335 0 8 0 1 0 0 0 1 0 0 0 1 30378.dat
1 335 0 40 0 1 0 0 0 1 0 0 0 1 30375.dat
1 335 16 8 0 1 0 0 0 1 0 0 0 1 30377.dat
1 335 -16 8 0 1 0 0 0 1 0 0 0 1 59230.dat
1 0 -16 48 0 1 0 0 0 0 -1 0 1 0 58247.dat
1 335 0 12 16 0 0 -1 1 0 0 0 -1 0 3023.dat
1 335 0 78 0 1 0 0 0 1 0 0 0 1 30376.dat
0 
0
0 FILE Clone.ldr
0 Clone
0 Name: Clone.ldr
0 Author: R Paluczak
0 Unofficial Model
0 ROTATION CENTER 0 0 0 1 "Custom" 
0 ROTATION CONFIG 0 0
1 15 0 -24 0 1 0 0 0 1 0 0 0 1 30408p01.dat
1 78 0 -24 0 1 0 0 0 1 0 0 0 1 3626bp01.dat
1 15 0 0 0 1 0 0 0 1 0 0 0 1 973psu.dat
1 0 0 32 0 1 0 0 0 1 0 0 0 1 3815.dat
1 15 -15.552 9 0 0.985 -0.17 0 0.155782 0.902617 0.400349 -0.0680593 -0.394344 0.916363 3818.dat
1 15 15.552 9 0 0.985 0.17 0 -0.17 0.985 0 0 0 1 3819.dat
1 0 -23.863 20.991 -16.504 0.985 -0.12019 0.12019 0.155782 0.921197 -0.355104 -0.0680593 0.369067 0.92667 3820.dat
1 0 23.8634 26.5956 -10.321 0.985 0.12019 -0.12019 -0.17 0.696395 -0.696395 0 0.707 0.707 3820.dat
1 0 -24.683 10.55 -34.781 0.985 -0.0874983 0.14567 0.155782 0.807626 -0.56738 -0.0680593 0.582249 0.809555 57899.dat
1 0 -33.843 37.75 -100.197 -0.122494 0.228863 0.965058 0.381621 0.908533 -0.166625 -0.915689 0.348023 -0.19854 32054.dat
1 15 0 44 0 1 0 0 0 1 0 0 0 1 3816.dat
1 15 0 44 0 1 0 0 0 1 0 0 0 1 3817.dat
0 
0
0 FILE Part 1.ldr
0 Part 1
0 Name: Part 1.ldr
0 Author: R Paluczak
0 Unofficial Model
0 ROTATION CENTER 0 0 0 1 "Custom" 
0 ROTATION CONFIG 0 0
1 0 30 32 0 0 0 -1 0 1 0 1 0 0 3832.dat
1 0 30 8 90 -1 0 0 0 1 0 0 0 -1 32064b.dat
1 0 45 18 150 0 -1 0 -1 0 0 0 0 -1 32449.dat
1 0 15 18 150 0 -1 0 -1 0 0 0 0 -1 32449.dat
1 0 45 18 -150 0 -1 0 -1 0 0 0 0 -1 32449.dat
1 0 55 18 -150 0 -1 0 -1 0 0 0 0 -1 32449.dat
1 0 90 18 -180 1 0 0 0 -1 0 0 0 -1 32054.dat
1 0 30 -70 -80 1 0 0 0 -1 0 0 0 -1 3708.dat
1 0 141 -70 -80 0 0 1 0 -1 0 1 0 0 32138.dat
1 0 141 -60 -110 0 1 0 0 0 1 1 0 0 62462.dat
1 0 141 -60 -150 0 1 0 -1 0 0 0 0 1 59443.dat
1 0 141 -80 -195 0 0 1 -1 0 0 0 -1 0 63965.dat
1 0 141 -60 -251 0 0 1 -1 0 0 0 -1 0 63965.dat
1 0 141 -60 -227 0 0 1 -1 0 0 0 -1 0 4589.dat
1 0 141 -60 15 0 0 1 -1 0 0 0 -1 0 4589.dat
1 71 141 -60 -9 0 0 1 0 -1 0 1 0 0 61184.dat
1 0 141 -100 -94 0 0 -1 -1 0 0 0 1 0 4589.dat
1 71 141 -100 -70 0 0 -1 0 -1 0 -1 0 0 61184.dat
1 0 141 -80 -60 1 0 0 0 0 -1 0 1 0 32523.dat
1 0 -81 -70 -80 0 0 1 0 -1 0 1 0 0 32138.dat
1 0 -81 -60 -110 0 1 0 0 0 1 1 0 0 62462.dat
1 0 -81 -60 -150 0 1 0 -1 0 0 0 0 1 59443.dat
1 0 -81 -80 -195 0 0 1 -1 0 0 0 -1 0 63965.dat
1 0 -81 -60 -251 0 0 1 -1 0 0 0 -1 0 63965.dat
1 0 -81 -60 -227 0 0 1 -1 0 0 0 -1 0 4589.dat
1 0 -81 -60 15 0 0 1 -1 0 0 0 -1 0 4589.dat
1 71 -81 -60 -9 0 0 1 0 -1 0 1 0 0 61184.dat
1 0 -81 -100 -94 0 0 -1 -1 0 0 0 1 0 4589.dat
1 71 -81 -100 -70 0 0 -1 0 -1 0 -1 0 0 61184.dat
1 0 -81 -80 -60 1 0 0 0 0 -1 0 1 0 32523.dat
1 1 141 -60 -130 0 1 0 0 0 -1 -1 0 0 3749.dat
1 71 -57 -70 -80 0 1 0 0 0 -1 -1 0 0 2825.dat
1 71 116 -70 -80 0 -1 0 0 0 -1 1 0 0 2825.dat
1 71 -40 -130 -80 0 -1 0 -1 0 0 0 0 -1 4697b.dat
1 71 -29 -168 -80 1 0 0 0 -1 0 0 0 -1 4697b.dat
1 71 -29 -188 -62 1 0 0 0 0 1 0 -1 0 4592.dat
1 0 -29 -188 -61 1 0 0 0 0.980785 0.19509 0 -0.19509 0.980785 4593.dat
1 71 88 -188 -62 1 0 0 0 0 1 0 -1 0 4592.dat
1 0 88 -188 -61 1 0 0 0 0.980785 0.19509 0 -0.19509 0.980785 4593.dat
1 0 -40 -130 -93 0 0.55557 0.83147 0 -0.83147 0.55557 1 0 0 30377.dat
1 0 -40 -130 -67 0 0.55557 0.83147 0 -0.83147 0.55557 1 0 0 30377.dat
1 71 88 -168 -80 -1 0 0 0 -1 0 0 0 1 4697b.dat
1 0 99 -130 -67 0 -0.55557 -0.83147 0 -0.83147 0.55557 -1 0 0 30377.dat
1 0 99 -130 -93 0 -0.55557 -0.83147 0 -0.83147 0.55557 -1 0 0 30377.dat
1 71 99 -130 -80 0 1 0 -1 0 0 0 0 1 4697b.dat
1 14 15 -70 -80 0 0 1 0 -1 0 1 0 0 32123b.dat
1 14 -5 -70 -80 0 0 1 0 -1 0 1 0 0 32123b.dat
1 14 45 -70 -80 0 0 1 0 -1 0 1 0 0 32123b.dat
1 14 65 -70 -80 0 0 1 0 -1 0 1 0 0 32123b.dat
1 4 30 -70 -100 0 0 1 0 -1 0 1 0 0 3713.dat
1 0 -30 18 -180 -1 0 0 0 1 0 0 0 -1 32054.dat
1 0 15 18 -150 0 -1 0 -1 0 0 0 0 -1 32449.dat
1 0 15 -100 -100 0 -1 0 0 0 -1 1 0 0 32449.dat
1 0 45 -100 -100 0 -1 0 0 0 -1 1 0 0 32449.dat
1 0 5 18 -150 0 -1 0 -1 0 0 0 0 -1 32449.dat
1 72 30 8 70 -1 0 0 0 1 0 0 0 -1 3700.dat
1 72 30 -64 10 1 0 0 0 1 0 0 0 1 3039.dat
1 72 -29 -206 -100 0 0 -1 0 1 0 1 0 0 63864.dat
1 72 -47 -188 -90 0 1 0 0 0 1 1 0 0 3069b.dat
1 57 -29 -188 -126 1 0 0 0 0 1 0 -1 0 4073.dat
1 72 30 -16 90 -1 0 0 0 1 0 0 0 -1 3747b.dat
1 72 20 -40 110 -1 0 0 0 1 0 0 0 -1 50950.dat
1 72 40 -40 110 -1 0 0 0 1 0 0 0 -1 50950.dat
1 72 20 -64 70 -1 0 0 0 1 0 0 0 -1 50950.dat
1 72 40 -64 70 -1 0 0 0 1 0 0 0 -1 50950.dat
1 72 20 -80 30 -1 0 0 0 1 0 0 0 -1 50950.dat
1 72 40 -80 30 -1 0 0 0 1 0 0 0 -1 50950.dat
1 71 30 -24 100 -1 0 0 0 1 0 0 0 -1 3022.dat
1 57 30 -32 90 -1 0 0 0 1 0 0 0 -1 3023.dat
1 57 30 -48 50 -1 0 0 0 1 0 0 0 -1 3023.dat
1 57 40 0 20 0 0 1 0 1 0 -1 0 0 3023.dat
1 57 20 0 20 0 0 1 0 1 0 -1 0 0 3023.dat
1 57 40 -32 20 0 0 1 0 1 0 -1 0 0 3023.dat
1 57 20 -32 20 0 0 1 0 1 0 -1 0 0 3023.dat
1 0 30 8 -90 1 0 0 0 1 0 0 0 1 32064b.dat
1 72 30 -16 -10 1 0 0 0 1 0 0 0 1 3700.dat
1 72 30 -40 50 1 0 0 0 1 0 0 0 1 3700.dat
1 72 30 8 -70 1 0 0 0 1 0 0 0 1 3700.dat
1 72 30 18 -120 1 0 0 0 0 -1 0 1 0 6553.dat
1 72 30 18 120 -1 0 0 0 0 -1 0 -1 0 6553.dat
1 72 30 18 160 0 0 1 0 1 0 -1 0 0 3648b.dat
1 19 57 18 160 0 0 -1 0 1 0 1 0 0 6589.dat
1 19 3 18 160 0 0 1 0 1 0 -1 0 0 6589.dat
1 72 30 18 -160 0 0 1 0 1 0 -1 0 0 3648b.dat
1 72 30 -110 -100 0 0 1 0 1 0 -1 0 0 3648b.dat
1 4 30 18 120 -1 0 0 0 0 -1 0 -1 0 32062.dat
1 4 60 18 -180 -1 0 0 0 0 -1 0 -1 0 32062.dat
1 4 30 -40 -80 0 0 -1 1 0 0 0 -1 0 32062.dat
1 4 5 -70 -80 0 1 0 1 0 0 0 0 -1 41677.dat
1 4 55 -70 -80 0 1 0 1 0 0 0 0 -1 41677.dat
1 71 30 -50 -80 1 0 0 0 0 1 0 -1 0 32039.dat
1 4 0 18 -180 -1 0 0 0 0 -1 0 -1 0 32062.dat
1 71 30 18 160 -1 0 0 0 0 -1 0 -1 0 32073.dat
1 71 65 18 160 0 -1 0 0 0 -1 1 0 0 60474.dat
1 71 89 18 160 0 -1 0 0 0 -1 1 0 0 4740.dat
1 72 81 18 160 0 -1 0 0 0 -1 1 0 0 30065.dat
1 71 -5 18 160 0 1 0 0 0 -1 -1 0 0 60474.dat
1 71 -29 18 160 0 1 0 0 0 -1 -1 0 0 4740.dat
1 72 -21 18 160 0 1 0 0 0 -1 -1 0 0 30065.dat
1 71 30 18 -120 -1 0 0 0 0 -1 0 -1 0 4519.dat
1 71 30 -70 -100 -1 0 0 0 0 -1 0 -1 0 4519.dat
1 71 30 -110 -100 -1 0 0 0 0 -1 0 -1 0 4519.dat
1 71 30 18 -160 -1 0 0 0 0 -1 0 -1 0 4519.dat
1 72 40 8 40 0 0 1 0 1 0 -1 0 0 3700.dat
1 72 58 18 40 0 -1 0 1 0 0 0 0 1 2555.dat
1 72 58 -6 60 0 -1 0 0.980785 0 0.19509 -0.19509 0 0.980785 2555.dat
1 72 58 -30 70 0 -1 0 0.92388 0 0.382683 -0.382683 0 0.92388 2555.dat
1 71 64 18 10 0 0 1 -1 0 0 0 -1 0 87618.dat
1 72 2 18 40 0 1 0 -1 0 0 0 0 1 2555.dat
1 71 -4 18 10 0 0 -1 1 0 0 0 -1 0 87618.dat
1 72 2 -6.147 60.424 0 1 0 -0.980785 0 0.19509 0.19509 0 0.980785 2555.dat
1 72 2 -30.147 70.424 0 1 0 -0.92388 0 0.382683 0.382683 0 0.92388 2555.dat
1 71 -4 -14 20 0 0 -1 0.980785 -0.19509 0 -0.19509 -0.980785 0 87618.dat
1 71 -4 -46 30 0 0 -1 0.92388 -0.382683 0 -0.382683 -0.92388 0 87618.dat
1 71 64 -14 20 0 0 1 -0.980785 -0.19509 0 0.19509 -0.980785 0 87618.dat
1 71 64 -46 30 0 0 1 -0.92388 -0.382683 0 0.382683 -0.92388 0 87618.dat
1 71 30 8 -30 0 0 1 0 1 0 -1 0 0 3002.dat
1 71 30 -40 -40 0 0 1 0 1 0 -1 0 0 32001.dat
1 0 -39 -188 -90 0 1 0 -1 0 0 0 0 1 4595.dat
1 72 88 -206 -100 0 0 -1 0 1 0 1 0 0 63864.dat
1 72 106 -188 -90 0 -1 0 0 0 -1 1 0 0 3069b.dat
1 57 88 -188 -126 1 0 0 0 0 1 0 -1 0 4073.dat
1 0 98 -188 -90 0 -1 0 1 0 0 0 0 1 4595.dat
1 71 20 8 10 0 0 1 0 1 0 -1 0 0 87087.dat
1 71 40 8 10 0 0 -1 0 1 0 1 0 0 87087.dat
1 71 20 -40 70 0 0 1 0 1 0 -1 0 0 87087.dat
1 71 40 -40 70 0 0 -1 0 1 0 1 0 0 87087.dat
1 71 20 -56 30 0 0 1 0 1 0 -1 0 0 87087.dat
1 71 40 -56 30 0 0 -1 0 1 0 1 0 0 87087.dat
1 72 20 8 40 0 0 1 0 1 0 -1 0 0 3700.dat
1 71 50 18 40 1 0 0 0 1 0 0 0 1 4274.dat
1 71 10 18 40 -1 0 0 0 1 0 0 0 -1 4274.dat
1 72 40 -16 60 0 0 1 0 1 0 -1 0 0 3700.dat
1 72 20 -16 60 0 0 1 0 1 0 -1 0 0 3700.dat
1 71 50 -6 60 1 0 0 0 1 0 0 0 1 4274.dat
1 71 10 -6 60 -1 0 0 0 1 0 0 0 -1 4274.dat
1 72 40 -24 20 0 0 1 0 1 0 -1 0 0 3700.dat
1 72 30 -16 -60 0 0 1 0 1 0 -1 0 0 3001.dat
1 1 30 -24 -20 0 0 1 0 1 0 -1 0 0 4032b.dat
1 1 30 -24 -80 0 0 1 0 1 0 -1 0 0 4032b.dat
1 1 30 -32 -20 0 0 1 0 1 0 -1 0 0 4032b.dat
1 1 30 -32 -80 0 0 1 0 1 0 -1 0 0 4032b.dat
1 1 78 -70 -80 0 -1 0 0 0 1 -1 0 0 4032b.dat
1 1 94 -70 -80 0 -1 0 0 0 1 -1 0 0 4032b.dat
1 71 102 -70 -80 0 -1 0 0 0 1 -1 0 0 45729.dat
1 72 86 -70 -80 0 -1 0 0 0 1 -1 0 0 50990.dat
1 1 -35 -70 -80 0 1 0 0 0 1 1 0 0 4032b.dat
1 71 -43 -70 -80 0 1 0 0 0 1 1 0 0 45729.dat
1 72 -27 -70 -80 0 1 0 0 0 1 1 0 0 50990.dat
1 1 -18 -70 -80 0 1 0 0 0 1 1 0 0 4032b.dat
1 72 20 -24 20 0 0 1 0 1 0 -1 0 0 3700.dat
1 71 50 -14 20 1 0 0 0 1 0 0 0 1 4274.dat
1 71 10 -14 20 -1 0 0 0 1 0 0 0 -1 4274.dat
0 SYNTH BEGIN TECHNIC_CHAIN_TREAD 0
0 SYNTH SHOW
0 SYNTH SYNTHESIZED BEGIN
1 0 30 48 144 -1 0 0 0 -1 0 0 0 1 3873.dat
1 0 30 48 128 -1 0 0 0 -1 0 0 0 1 3873.dat
1 0 30 48 112 -1 0 0 0 -1 0 0 0 1 3873.dat
1 0 30 48 96 -1 0 0 0 -1 0 0 0 1 3873.dat
1 0 30 48 80 -1 0 0 0 -1 0 0 0 1 3873.dat
1 0 30 48 64 -1 0 0 0 -1 0 0 0 1 3873.dat
1 0 30 48 48 -1 0 0 0 -1 0 0 0 1 3873.dat
1 0 30 48 32 -1 0 0 0 -1 0 0 0 1 3873.dat
1 0 30 48 16 -1 0 0 0 -1 0 0 0 1 3873.dat
1 0 30 48 0 -1 0 0 0 -1 0 0 0 1 3873.dat
1 0 30 48 -16 -1 0 0 0 -1 0 0 0 1 3873.dat
1 0 30 48 -32 -1 0 0 0 -1 0 0 0 1 3873.dat
1 0 30 48 -48 -1 0 0 0 -1 0 0 0 1 3873.dat
1 0 30 48 -64 -1 0 0 0 -1 0 0 0 1 3873.dat
1 0 30 48 -80 -1 0 0 0 -1 0 0 0 1 3873.dat
1 0 30 48 -96 -1 0 0 0 -1 0 0 0 1 3873.dat
1 0 30 48 -112 -1 0 0 0 -1 0 0 0 1 3873.dat
1 0 30 48 -128 -1 0 0 0 -1 0 0 0 1 3873.dat
1 0 30 48 -144 -1 0 0 0 -1 0 0 0 1 3873.dat
1 0 30 48 -160 -1 0 0 0 -1 0 0 0 1 3873.dat
1 0 30 48 160 -1 0 0 0 -0.9595 -0.2817 0 -0.2817 0.9595 3873.dat
1 0 30 43.2376 176.219 -1 0 0 0 -0.6549 -0.7557 0 -0.7557 0.6549 3873.dat
1 0 30 30.4624 187.289 -1 0 0 0 -0.1423 -0.9898 0 -0.9898 0.1423 3873.dat
1 0 30 13.7306 189.695 -1 0 0 0 0.4154 -0.9096 0 -0.9096 -0.4154 3873.dat
1 0 30 -1.6458 182.673 -1 0 0 0 0.8413 -0.5406 0 -0.5406 -0.8413 3873.dat
1 0 30 -9.2204 -180.373 -1 0 0 0 0.4244 0.9055 0 0.9055 -0.4244 3873.dat
1 0 30 -23.4426 -173.706 -1 0 0 0 0.4244 0.9055 0 0.9055 -0.4244 3873.dat
1 0 30 -37.6648 -167.04 -1 0 0 0 0.4244 0.9055 0 0.9055 -0.4244 3873.dat
1 0 30 -51.887 -160.373 -1 0 0 0 0.4244 0.9055 0 0.9055 -0.4244 3873.dat
1 0 30 -66.1092 -153.706 -1 0 0 0 0.4244 0.9055 0 0.9055 -0.4244 3873.dat
1 0 30 -80.3315 -147.04 -1 0 0 0 0.4244 0.9055 0 0.9055 -0.4244 3873.dat
1 0 30 -94.5537 -140.373 -1 0 0 0 0.4244 0.9055 0 0.9055 -0.4244 3873.dat
1 0 30 -108.776 -133.706 -1 0 0 0 0.4244 0.9055 0 0.9055 -0.4244 3873.dat
1 0 30 -122.998 -127.04 -1 0 0 0 0.4244 0.9055 0 0.9055 -0.4244 3873.dat
1 0 30 5.267 -187.164 -1 0 0 0 0.1521 0.9884 0 0.9884 -0.1521 3873.dat
1 0 30 21.9741 -189.736 -1 0 0 0 -0.4064 0.9137 0 0.9137 0.4064 3873.dat
1 0 30 37.4195 -182.867 -1 0 0 0 -0.8358 0.549 0 0.549 0.8358 3873.dat
1 0 30 46.6994 -168.738 -1 0 0 0 -1 0.0099 0 0.0099 1 3873.dat
1 0 30 -129.848 -72.3947 -1 0 0 0 0.8972 -0.4417 0 -0.4417 -0.8972 3873.dat
1 0 30 -122.737 -57.9503 -1 0 0 0 0.8972 -0.4417 0 -0.4417 -0.8972 3873.dat
1 0 30 -115.626 -43.5059 -1 0 0 0 0.8972 -0.4417 0 -0.4417 -0.8972 3873.dat
1 0 30 -108.515 -29.0614 -1 0 0 0 0.8972 -0.4417 0 -0.4417 -0.8972 3873.dat
1 0 30 -101.404 -14.617 -1 0 0 0 0.8972 -0.4417 0 -0.4417 -0.8972 3873.dat
1 0 30 -94.2926 -0.1725 -1 0 0 0 0.8972 -0.4417 0 -0.4417 -0.8972 3873.dat
1 0 30 -87.1815 14.2719 -1 0 0 0 0.8972 -0.4417 0 -0.4417 -0.8972 3873.dat
1 0 30 -80.0704 28.7164 -1 0 0 0 0.8972 -0.4417 0 -0.4417 -0.8972 3873.dat
1 0 30 -72.9593 43.1608 -1 0 0 0 0.8972 -0.4417 0 -0.4417 -0.8972 3873.dat
1 0 30 -65.8482 57.6052 -1 0 0 0 0.8972 -0.4417 0 -0.4417 -0.8972 3873.dat
1 0 30 -58.7371 72.0497 -1 0 0 0 0.8972 -0.4417 0 -0.4417 -0.8972 3873.dat
1 0 30 -51.6259 86.4941 -1 0 0 0 0.8972 -0.4417 0 -0.4417 -0.8972 3873.dat
1 0 30 -44.5148 100.939 -1 0 0 0 0.8972 -0.4417 0 -0.4417 -0.8972 3873.dat
1 0 30 -37.4037 115.383 -1 0 0 0 0.8972 -0.4417 0 -0.4417 -0.8972 3873.dat
1 0 30 -30.2926 129.827 -1 0 0 0 0.8972 -0.4417 0 -0.4417 -0.8972 3873.dat
1 0 30 -23.1815 144.272 -1 0 0 0 0.8972 -0.4417 0 -0.4417 -0.8972 3873.dat
1 0 30 -16.0704 158.716 -1 0 0 0 0.8972 -0.4417 0 -0.4417 -0.8972 3873.dat
1 0 30 -8.9593 173.161 -1 0 0 0 0.8972 -0.4417 0 -0.4417 -0.8972 3873.dat
1 0 30 -136.915 -86.7495 -1 0 0 0 0.9853 -0.171 0 -0.171 -0.9853 3873.dat
1 0 30 -139.806 -103.404 -1 0 0 0 0.9213 0.3888 0 0.3888 -0.9213 3873.dat
1 0 30 -133.234 -118.978 -1 0 0 0 0.5649 0.8252 0 0.8252 -0.5649 3873.dat
0 SYNTH SYNTHESIZED END
0 SYNTH END
0
0 FILE Part 2.ldr
0 Part 2
0 Name: Part 2.ldr
0 Author: R Paluczak
0 Unofficial Model
0 ROTATION CENTER 0 0 0 1 "Custom" 
0 ROTATION CONFIG 0 0
1 72 -30 24 0 1 0 0 0 1 0 0 0 1 3747b.dat
1 0 -30 48 50 0 0 -1 0 1 0 1 0 0 3795.dat
1 0 -30 40 70 0 0 -1 0 1 0 1 0 0 3795.dat
1 71 -30 16 -10 1 0 0 0 1 0 0 0 1 3022.dat
1 71 -30 -8 -10 -1 0 0 0 1 0 0 0 -1 93606.dat
1 71 -20 16 30 0 0 -1 0 1 0 1 0 0 32000.dat
1 71 -20 8 70 0 0 -1 0 1 0 1 0 0 92593.dat
1 71 -40 8 70 0 0 -1 0 1 0 1 0 0 92593.dat
1 71 -30 56 10 0 0 -1 0 1 0 1 0 0 2654.dat
1 71 -30 56 50 0 0 -1 0 1 0 1 0 0 2654.dat
1 71 -30 56 90 0 0 -1 0 1 0 1 0 0 2654.dat
1 72 -40 16 30 0 0 1 0 1 0 -1 0 0 2877.dat
1 72 -40 16 70 0 0 1 0 1 0 -1 0 0 2877.dat
1 72 -20 16 70 0 0 -1 0 1 0 1 0 0 2877.dat
1 72 -30 16 100 -1 0 0 0 1 0 0 0 -1 3039.dat
1 57 -30 8 -20 1 0 0 0 1 0 0 0 1 3023.dat
1 0 -30 10 -46 1 0 0 0 0 -1 0 1 0 85984.dat
1 72 -40 0 -40 1 0 0 0 1 0 0 0 1 4070.dat
1 72 -20 0 -40 1 0 0 0 1 0 0 0 1 4070.dat
0
0 FILE Part 3.ldr
0 Part 3
0 Name: Part 3.ldr
0 Author: R Paluczak
0 Unofficial Model
0 ROTATION CENTER 0 0 0 1 "Custom" 
0 ROTATION CONFIG 0 0
1 72 -30 24 0 1 0 0 0 1 0 0 0 1 3747b.dat
1 0 -30 48 50 0 0 -1 0 1 0 1 0 0 3795.dat
1 0 -30 40 70 0 0 -1 0 1 0 1 0 0 3795.dat
1 71 -30 16 -10 1 0 0 0 1 0 0 0 1 3022.dat
1 71 -30 -8 -10 -1 0 0 0 1 0 0 0 -1 93606.dat
1 71 -40 16 30 0 0 -1 0 1 0 1 0 0 32000.dat
1 71 -20 8 70 0 0 -1 0 1 0 1 0 0 92593.dat
1 71 -40 8 70 0 0 -1 0 1 0 1 0 0 92593.dat
1 71 -30 56 10 0 0 -1 0 1 0 1 0 0 2654.dat
1 71 -30 56 50 0 0 -1 0 1 0 1 0 0 2654.dat
1 71 -30 56 90 0 0 -1 0 1 0 1 0 0 2654.dat
1 72 -20 16 30 0 0 -1 0 1 0 1 0 0 2877.dat
1 72 -40 16 70 0 0 1 0 1 0 -1 0 0 2877.dat
1 72 -20 16 70 0 0 -1 0 1 0 1 0 0 2877.dat
1 72 -30 16 100 -1 0 0 0 1 0 0 0 -1 3039.dat
1 57 -30 8 -20 1 0 0 0 1 0 0 0 1 3023.dat
1 0 -30 10 -46 1 0 0 0 0 -1 0 1 0 85984.dat
1 72 -40 0 -40 1 0 0 0 1 0 0 0 1 4070.dat
1 72 -20 0 -40 1 0 0 0 1 0 0 0 1 4070.dat
0 
0
0
