0 FILE Umbarran MHC.ldr
0 Umbarran MHC
0 Name: Umbarran MHC.ldr
0 Author: LDraw
0 Unofficial Model
0 ROTATION CENTER 0 0 0 1 "Custom" 
0 ROTATION CONFIG 0 0
1 0 -530 -8 130 0 0 1 0 1 0 -1 0 0 Umbarran.ldr
1 0 -530 -8 40 0 0 1 0 1 0 -1 0 0 Umbarran.ldr
1 0 -530 -8 240 0 0 1 0 1 0 -1 0 0 Ahsoka.ldr
1 0 -530 -8 370 0 0 1 0 1 0 -1 0 0 Clone.ldr
1 0 -180 -53 280 1 0 0 0 1 0 0 0 1 Part 1.ldr
0
0 FILE Umbarran.ldr
0 Umbarran
0 Name: Umbarran.ldr
0 Author: LDraw
0 Unofficial Model
0 ROTATION CENTER 0 0 0 1 "Custom" 
0 ROTATION CONFIG 0 0
1 15 0 -22 0 1 0 0 0 1 0 0 0 1 87781.dat
1 40 0 -22 1 1 0 0 0 1 0 0 0 1 2447.dat
1 31 0 -24 0 1 0 0 0 1 0 0 0 1 3626bp01.dat
1 72 0 0 0 1 0 0 0 1 0 0 0 1 973.dat
1 15 0 32 0 1 0 0 0 1 0 0 0 1 3815.dat
1 15 -15.552 9 0 0.985 -0.17 0 0.17 0.985 0 0 0 1 3818.dat
1 15 15.552 9 0 0.985 0.17 0 -0.17 0.985 0 0 0 1 3819.dat
1 72 -23.8634 26.5956 -10.321 0.985 -0.12019 0.12019 0.17 0.696395 -0.696395 0 0.707 0.707 3820.dat
1 72 23.8634 26.5956 -10.321 0.985 0.12019 -0.12019 -0.17 0.696395 -0.696395 0 0.707 0.707 3820.dat
1 72 0 44 0 1 0 0 0 1 0 0 0 1 3816.dat
1 72 0 44 0 1 0 0 0 1 0 0 0 1 3817.dat
1 0 -24.6826 31.3422 -19.2547 0.985 -0.0874983 0.14567 0.17 0.506976 -0.844031 0 0.856884 0.514696 58247.dat
0
0 FILE Ahsoka.ldr
0 Ahsoka
0 Name: Ahsoka.ldr
0 Author: LDraw
0 Unofficial Model
0 ROTATION CENTER 0 0 0 1 "Custom" 
0 ROTATION CONFIG 0 0
1 15 0 -24 0 1 0 0 0 1 0 0 0 1 61195.dat
1 25 0 -24 0 1 0 0 0 1 0 0 0 1 3626bp01.dat
1 70 0 0 0 1 0 0 0 1 0 0 0 1 973.dat
1 320 0 32 0 1 0 0 0 1 0 0 0 1 3815.dat
1 25 -15.552 9 0 0.985 -0.17 0 0.17 0.985 0 0 0 1 3818.dat
1 25 15.552 9 0 0.985 0.17 0 -0.15706 0.910021 -0.382683 -0.0650562 0.376943 0.92388 3819.dat
1 70 -23.8634 26.5956 -10.321 0.985 -0.12019 0.12019 0.17 0.696395 -0.696395 0 0.707 0.707 3820.dat
1 70 23.863 29.206 -2.802 0.985 0.12019 -0.12019 -0.15706 0.372828 -0.913942 -0.0650562 0.919682 0.386684 3820.dat
1 42 -23.1951 22.7236 -33.8217 0.985 -0.0874983 0.14567 0.17 0.506976 -0.844031 0 0.856884 0.514696 577bc01.dat
1 42 27.195 38.782 13.611 -0.975078 -0.113173 -0.188415 0.203146 -0.135751 -0.968893 0.0841458 -0.983714 0.155774 577bc01.dat
1 308 0 44 0 1 0 0 0 1 0 0 0 1 3816.dat
1 308 0 44 0 1 0 0 0 1 0 0 0 1 3817.dat
0
0 FILE Clone.ldr
0 Clone
0 Name: Clone.ldr
0 Author: LDraw
0 Unofficial Model
0 ROTATION CENTER 0 0 0 1 "Custom" 
0 ROTATION CONFIG 0 0
1 15 0 -24 0 1 0 0 0 1 0 0 0 1 11217.dat
1 78 0 -24 0 1 0 0 0 1 0 0 0 1 3626bp01.dat
1 15 0 0 0 1 0 0 0 1 0 0 0 1 973.dat
1 0 0 32 0 1 0 0 0 1 0 0 0 1 3815.dat
1 191 -15.552 9 0 0.985 -0.17 0 0.17 0.985 0 0 0 1 3818.dat
1 191 15.552 9 0 0.985 0.17 0 -0.17 0.985 0 0 0 1 3819.dat
1 0 -23.8634 26.5956 -10.321 0.985 -0.12019 0.12019 0.17 0.696395 -0.696395 0 0.707 0.707 3820.dat
1 0 23.8634 26.5956 -10.321 0.985 0.12019 -0.12019 -0.17 0.696395 -0.696395 0 0.707 0.707 3820.dat
1 15 0 44 0 1 0 0 0 1 0 0 0 1 3816.dat
1 15 0 44 0 1 0 0 0 1 0 0 0 1 3817.dat
1 0 -23.1951 22.7236 -33.8217 0.985 -0.0874983 0.14567 0.17 0.506976 -0.844031 0 0.856884 0.514696 57899.dat
0
0 FILE Part 1.ldr
0 Part 1
0 Name: Part 1.ldr
0 Author: LDraw
0 Unofficial Model
0 ROTATION CENTER 0 0 0 1 "Custom" 
0 ROTATION CONFIG 0 0
1 72 0 32 0 1 0 0 0 1 0 0 0 1 3738.dat
1 72 0 32 30 1 0 0 0 1 0 0 0 1 3460.dat
1 72 0 32 -30 1 0 0 0 1 0 0 0 1 3460.dat
1 72 -70 0 -20 0 0 1 0 1 0 -1 0 0 44728.dat
1 72 -70 0 20 0 0 1 0 1 0 -1 0 0 44728.dat
1 71 0 0 0 0 0 1 0 1 0 -1 0 0 3709b.dat
1 71 0 -112 0 0 0 1 0 1 0 -1 0 0 3709b.dat
1 71 0 -128 0 0 0 -1 0 1 0 1 0 0 3709b.dat
1 71 46.194 74 -19.134 0.92388 0 0.382683 0 1 0 -0.382683 0 0.92388 Part 9.ldr
1 71 89.311 -76.602 0 -0.577145 -0.816642 0 -0.816642 0.577145 0 0 0 -1 Part 4.ldr
1 71 -113.572 -69.538 0 -0.58425 0.811574 0 0.811574 0.58425 0 0 0 -1 Part 3.ldr
1 71 63.256 -139.214 20 0 -0.45399 0.891007 0 0.891007 0.45399 -1 0 0 Part 2.ldr
1 71 -63.256 -139.214 -20 0 0.45399 -0.891007 0 0.891007 0.45399 1 0 0 Part 2.ldr
1 71 0 -56 0 0 0 1 0 1 0 -1 0 0 3709b.dat
1 71 -30 -80 30 0 0 1 0 1 0 -1 0 0 4073.dat
1 71 -30 -80 -30 0 0 1 0 1 0 -1 0 0 4073.dat
1 71 30 -80 30 0 0 1 0 1 0 -1 0 0 4073.dat
1 71 30 -80 -30 0 0 1 0 1 0 -1 0 0 4073.dat
1 43 -30 -88 30 0 0 1 0 1 0 -1 0 0 4073.dat
1 43 -30 -88 -30 0 0 1 0 1 0 -1 0 0 4073.dat
1 43 30 -88 30 0 0 1 0 1 0 -1 0 0 4073.dat
1 43 30 -88 -30 0 0 1 0 1 0 -1 0 0 4073.dat
1 71 -80 -8 0 0 0 1 0 1 0 -1 0 0 3031.dat
1 71 80 -8 0 0 0 1 0 1 0 -1 0 0 3031.dat
1 71 0 -16 -30 1 0 0 0 1 0 0 0 1 60479.dat
1 71 0 -24 0 1 0 0 0 1 0 0 0 1 64799.dat
1 71 0 -48 30 1 0 0 0 1 0 0 0 1 2877.dat
1 71 0 -48 -30 -1 0 0 0 1 0 0 0 -1 2877.dat
1 71 0 -88 30 1 0 0 0 1 0 0 0 1 2877.dat
1 71 0 -88 -30 -1 0 0 0 1 0 0 0 -1 2877.dat
1 71 -20 -96 -30 -1 0 0 0 1 0 0 0 -1 60478.dat
1 71 20 -96 -30 1 0 0 0 1 0 0 0 1 60478.dat
1 71 -20 -96 30 -1 0 0 0 1 0 0 0 -1 60478.dat
1 71 20 -96 30 1 0 0 0 1 0 0 0 1 60478.dat
1 71 0 -54 -68 -1 0 0 0 0 1 0 1 0 2877.dat
1 71 0 -54 68 1 0 0 0 0 1 0 -1 0 2877.dat
1 71 30 -56 0 0 0 -1 0 1 0 1 0 0 2432.dat
1 71 -30 -56 0 0 0 1 0 1 0 -1 0 0 2432.dat
1 71 0 -16 30 1 0 0 0 1 0 0 0 1 60479.dat
1 71 -100 -24 30 -1 0 0 0 1 0 0 0 -1 92280.dat
1 71 -100 -24 -30 -1 0 0 0 1 0 0 0 -1 92280.dat
1 71 -110 -30 -30 -0.811574 -0.58425 0 -0.58425 0.811574 0 0 0 -1 Her.dat
1 71 100 -24 -30 1 0 0 0 1 0 0 0 1 92280.dat
1 71 100 -24 30 1 0 0 0 1 0 0 0 1 92280.dat
1 272 110 -16 0 0 0 -1 0 1 0 1 0 0 3023.dat
1 272 -110 -16 0 0 0 -1 0 1 0 1 0 0 3023.dat
1 272 -110 -16 10 0 0 1 0 1 0 -1 0 0 54200.dat
1 272 -110 -16 -10 0 0 1 0 1 0 -1 0 0 54200.dat
1 272 110 -16 -10 0 0 -1 0 1 0 1 0 0 54200.dat
1 272 110 -16 10 0 0 -1 0 1 0 1 0 0 54200.dat
1 320 0 -8 30 1 0 0 0 1 0 0 0 1 3710.dat
1 320 0 -8 -30 1 0 0 0 1 0 0 0 1 3710.dat
1 320 30 -72 -30 0 0 -1 0 1 0 1 0 0 60481.dat
1 320 30 -72 30 0 0 -1 0 1 0 1 0 0 60481.dat
1 320 -30 -72 30 0 0 1 0 1 0 -1 0 0 60481.dat
1 320 -30 -72 -30 0 0 1 0 1 0 -1 0 0 60481.dat
1 320 0 -14 -68 1 0 0 0 0 -1 0 1 0 3009.dat
1 320 0 -14 68 -1 0 0 0 0 -1 0 -1 0 3009.dat
1 71 -92 20 0 0 1 0 0 0 -1 -1 0 0 3709b.dat
1 71 -140 30 0 0 1 0 0 0 -1 -1 0 0 4073.dat
1 71 -132 30 30 0 1 0 0 0 -1 -1 0 0 4073.dat
1 71 -132 30 -30 0 1 0 0 0 -1 -1 0 0 4073.dat
1 47 -140 30 -30 0 1 0 0 0 -1 -1 0 0 3070b.dat
1 47 -140 30 30 0 1 0 0 0 -1 -1 0 0 3070b.dat
1 47 -148 30 0 0 1 0 0 0 -1 -1 0 0 3070b.dat
1 71 -124 10 0 0 1 0 0 0 -1 -1 0 0 2431.dat
1 320 116 10 0 0 -1 0 0 0 -1 1 0 0 2431.dat
1 71 -116 20 0 0 1 0 0 0 -1 -1 0 0 3003.dat
1 320 -116 10 -30 0 1 0 -1 0 0 0 0 1 3040b.dat
1 320 -124 30 0 0 1 0 0 0 1 1 0 0 3710.dat
1 320 -132 30 0 0 1 0 0 0 1 1 0 0 3794a.dat
1 320 -116 30 -30 0 1 0 0 0 -1 -1 0 0 4070.dat
1 320 -116 30 30 0 1 0 0 0 -1 -1 0 0 4070.dat
1 320 -116 10 30 0 1 0 1 0 0 0 0 -1 3040b.dat
1 71 0 23 -70 0 0 1 0 1 0 -1 0 0 32065.dat
1 71 0 13 -70 0 0 1 0 1 0 -1 0 0 32065.dat
1 71 0 28 -70 0 0 -1 -1 0 0 0 1 0 32054.dat
1 71 60 28 -70 0 -0.707107 -0.707107 -1 0 0 0 0.707107 -0.707107 32054.dat
1 71 60 28 -70 0 0 1 -1 0 0 0 -1 0 32054.dat
1 71 0 28 70 0 0 1 -1 0 0 0 -1 0 32054.dat
1 71 -60 28 70 0 0 1 -1 0 0 0 -1 0 32054.dat
1 71 60 28 70 0 0 1 -1 0 0 0 -1 0 32054.dat
1 72 70 0 20 0 0 -1 0 1 0 1 0 0 44728.dat
1 72 70 0 -20 0 0 -1 0 1 0 1 0 0 44728.dat
1 15 50 0 -30 0 0 -1 0 1 0 1 0 0 2420.dat
1 15 50 0 30 -1 0 0 0 1 0 0 0 -1 2420.dat
1 15 -50 0 30 0 0 1 0 1 0 -1 0 0 2420.dat
1 15 -50 0 -30 1 0 0 0 1 0 0 0 1 2420.dat
1 71 -60 8 10 1 0 0 0 1 0 0 0 1 3700.dat
1 0 0 8 30 1 0 0 0 1 0 0 0 1 3702.dat
1 0 0 8 -30 1 0 0 0 1 0 0 0 1 3702.dat
1 0 0 18 131 0 0 1 0.267238 0.96363 0 -0.96363 0.267238 0 Part 6.ldr
1 0 -103.134 18 113.134 0.68139 -0.188966 0.707107 0.267238 0.96363 0 -0.68139 0.188966 0.707107 Part 6.ldr
1 0 103.134 18 113.134 -0.68139 0.188966 0.707107 0.267238 0.96363 0 -0.68139 0.188966 -0.707107 Part 6.ldr
1 71 60 28 -70 0 -0.707107 -0.707107 -1 0 0 0 0.707107 -0.707107 32054.dat
1 0 0 18 -131 0 0 -1 0.267238 0.96363 0 0.96363 -0.267238 0 Part 6.ldr
1 0 103.134 18 -113.134 -0.68139 0.188966 -0.707107 0.267238 0.96363 0 0.68139 -0.188966 -0.707107 Part 6.ldr
1 0 -103.134 18 -113.134 0.68139 -0.188966 -0.707107 0.267238 0.96363 0 0.68139 -0.188966 0.707107 Part 6.ldr
1 0 -40 40 -20 1 0 0 0 1 0 0 0 1 3176.dat
1 0 -40 40 20 -1 0 0 0 1 0 0 0 -1 3176.dat
1 0 40 40 20 -1 0 0 0 1 0 0 0 -1 3176.dat
1 0 40 40 -20 1 0 0 0 1 0 0 0 1 3176.dat
1 0 70 -16 -10 1 0 0 0 1 0 0 0 1 63864.dat
1 0 70 -16 10 1 0 0 0 1 0 0 0 1 63864.dat
1 0 -70 -16 -10 1 0 0 0 1 0 0 0 1 63864.dat
1 0 -60 -24 -30 1 0 0 0 1 0 0 0 1 2436b.dat
1 0 -60 -24 30 -1 0 0 0 1 0 0 0 -1 2436b.dat
1 0 0 -64 -30 1 0 0 0 1 0 0 0 1 2436b.dat
1 72 0 -104 -30 1 0 0 0 1 0 0 0 1 44728.dat
1 72 -70 -4 84 -1 0 0 0 0 -1 0 -1 0 Part 5.ldr
1 72 70 -4 -84 1 0 0 0 0 -1 0 1 0 Part 5.ldr
1 72 -10 -120 -30 0 0 1 0 1 0 -1 0 0 61252.dat
1 72 10 -120 -30 0 0 -1 0 1 0 1 0 0 61252.dat
1 72 -10 -120 30 0 0 1 0 1 0 -1 0 0 61252.dat
1 72 10 -120 30 0 0 -1 0 1 0 1 0 0 61252.dat
1 72 0 -104 30 -1 0 0 0 1 0 0 0 -1 44728.dat
1 0 0 -64 30 -1 0 0 0 1 0 0 0 -1 2436b.dat
1 40 -80 -32 30 -1 0 0 0 1 0 0 0 -1 3069b.dat
1 40 -80 -32 -30 -1 0 0 0 1 0 0 0 -1 3069b.dat
1 40 80 -32 30 -1 0 0 0 1 0 0 0 -1 3069b.dat
1 40 80 -32 -30 -1 0 0 0 1 0 0 0 -1 3069b.dat
1 0 60 -24 -30 1 0 0 0 1 0 0 0 1 2436b.dat
1 0 60 -24 30 -1 0 0 0 1 0 0 0 -1 2436b.dat
1 0 -70 -16 10 1 0 0 0 1 0 0 0 1 63864.dat
1 0 -106 37 30 0 0 1 0 -1 0 1 0 0 58247.dat
1 0 -60 18 -50 0 1 0 -1 0 0 0 0 1 92907.dat
1 0 -60 18 50 0 1 0 1 0 0 0 0 -1 92907.dat
1 0 60 18 -50 0 -1 0 1 0 0 0 0 1 92907.dat
1 1 -40 38 -50 0 -1 0 -1 0 0 0 0 -1 43093.dat
1 0 60 18 50 0 -1 0 -1 0 0 0 0 -1 92907.dat
1 4 40 18 -70 0 -1 0 -1 0 0 0 0 -1 32062.dat
1 4 40 18 70 0 -1 0 -1 0 0 0 0 -1 32062.dat
1 4 -40 18 70 0 -1 0 -1 0 0 0 0 -1 32062.dat
1 4 -40 18 -70 0 -1 0 -1 0 0 0 0 -1 32062.dat
1 1 -60 18 30 0 0 -1 0 1 0 1 0 0 6558.dat
1 71 -60 8 -10 -1 0 0 0 1 0 0 0 -1 3700.dat
1 1 -60 18 -30 0 1 0 0 0 -1 -1 0 0 6558.dat
1 71 60 8 10 1 0 0 0 1 0 0 0 1 3700.dat
1 1 60 18 30 0 0 -1 0 1 0 1 0 0 6558.dat
1 71 60 8 -10 -1 0 0 0 1 0 0 0 -1 3700.dat
1 1 60 18 -30 0 0 1 0 1 0 -1 0 0 6558.dat
1 71 0 23 70 0 0 1 0 1 0 -1 0 0 32065.dat
1 71 0 13 70 0 0 1 0 1 0 -1 0 0 32065.dat
1 320 108 10 30 0 -1 0 -1 0 0 0 0 -1 3040b.dat
1 320 108 10 10 0 -1 0 0 0 -1 1 0 0 3040b.dat
1 320 108 10 -10 0 -1 0 0 0 -1 1 0 0 3040b.dat
1 320 108 10 -30 0 -1 0 1 0 0 0 0 1 3040b.dat
1 0 -106 37 -30 0 0 1 0 -1 0 1 0 0 58247.dat
1 1 -40 38 50 0 -1 0 -1 0 0 0 0 -1 43093.dat
1 1 40 38 -50 0 -1 0 -1 0 0 0 0 -1 43093.dat
1 1 40 38 50 0 -1 0 -1 0 0 0 0 -1 43093.dat
0
0 FILE Part 2.ldr
0 Part 2
0 Name: Part 2.ldr
0 Author: LDraw
0 Unofficial Model
0 ROTATION CENTER 0 0 0 1 "Custom" 
0 ROTATION CONFIG 0 0
1 71 40 32 0 1 0 0 0 1 0 0 0 1 48336.dat
1 71 0 32 0 1 0 0 0 1 0 0 0 1 48336.dat
1 71 20 24 0 1 0 0 0 1 0 0 0 1 2431.dat
0
0 FILE Part 3.ldr
0 Part 3
0 Name: Part 3.ldr
0 Author: LDraw
0 Unofficial Model
0 ROTATION CENTER 0 0 0 1 "Custom" 
0 ROTATION CONFIG 0 0
1 71 -20 16 0 1 0 0 0 1 0 0 0 1 64799.dat
1 71 0 24 30 1 0 0 0 1 0 0 0 1 60478.dat
1 71 0 24 -30 1 0 0 0 1 0 0 0 1 60478.dat
1 43 -50 24 -30 1 0 0 0 1 0 0 0 1 4073.dat
1 43 -50 24 30 1 0 0 0 1 0 0 0 1 4073.dat
1 43 -20 16 0 1 0 0 0 1 0 0 0 1 86500.dat
0
0 FILE Part 4.ldr
0 Part 4
0 Name: Part 4.ldr
0 Author: LDraw
0 Unofficial Model
0 ROTATION CENTER 0 0 0 1 "Custom" 
0 ROTATION CONFIG 0 0
1 72 -0 -0 0 1 0 0 0 1 0 0 0 1 3031.dat
1 72 20 -8 30 1 0 0 0 1 0 0 0 1 3023.dat
1 72 20 -16 30 1 0 0 0 1 0 0 0 1 3023.dat
1 72 20 -8 -30 1 0 0 0 1 0 0 0 1 3023.dat
1 72 20 -16 -30 1 0 0 0 1 0 0 0 1 3023.dat
1 72 -20 0 -30 0 0 1 0 1 0 -1 0 0 61409.dat
1 72 -20 0 30 0 0 1 0 1 0 -1 0 0 61409.dat
1 320 20 -24 -30 1 0 0 0 1 0 0 0 1 2412b.dat
1 320 20 -24 30 1 0 0 0 1 0 0 0 1 2412b.dat
1 71 -20 8 -30 -1 0 0 0 1 0 0 0 -1 60478.dat
1 71 30 -8 10 0 0 -1 0 1 0 1 0 0 4592.dat
1 0 30 -8 10 0 0 -1 0 1 0 1 0 0 4593.dat
1 71 -20 8 30 -1 0 0 0 1 0 0 0 -1 60478.dat
1 43 30 8 30 -1 0 0 0 1 0 0 0 -1 4073.dat
1 43 30 8 -30 -1 0 0 0 1 0 0 0 -1 4073.dat
0
0 FILE Part 5.ldr
0 Part 5
0 Name: Part 5.ldr
0 Author: LDraw
0 Unofficial Model
0 ROTATION CENTER 0 0 0 1 "Custom" 
0 ROTATION CONFIG 0 0
1 72 -70 16 0 -1 0 0 0 1 0 0 0 -1 95188.dat
1 72 -70 16 0 0 0 -1 0 1 0 1 0 0 95188.dat
1 72 -30 8 40 0 0 -1 0 1 0 1 0 0 30565.dat
1 72 -110 8 40 -1 0 0 0 1 0 0 0 -1 30565.dat
1 71 -70 0 30 -1 0 0 0 1 0 0 0 -1 2419.dat
1 71 -70 -8 20 -1 0 0 0 1 0 0 0 -1 87079.dat
0
0 FILE Part 6.ldr
0 Part 6
0 Name: Part 6.ldr
0 Author: LDraw
0 Unofficial Model
0 ROTATION CENTER 0 0 0 1 "Custom" 
0 ROTATION CONFIG 0 0
1 72 -40 8 0 1 0 0 0 1 0 0 0 1 3020.dat
1 72 -73.502 11.658 0 0.382683 0.92388 0 -0.92388 0.382683 0 0 0 1 Part 7.ldr
1 272 -40 -24 0 1 0 0 0 1 0 0 0 1 3020.dat
1 72 -60 -8 10 -1 0 0 0 1 0 0 0 -1 44302.dat
1 72 -60 -8 -10 -1 0 0 0 1 0 0 0 -1 44302.dat
1 71 -60 -16 10 -1 0 0 0 1 0 0 0 -1 99781.dat
1 71 -60 -16 -10 1 0 0 0 1 0 0 0 1 99781.dat
1 71 -10 -24 0 0 0 -1 0 1 0 1 0 0 85984.dat
1 71 -30 -40 0 0 0 1 0 1 0 -1 0 0 47456.dat
1 71 -70 -6 -32 1 0 0 0 0 -1 0 1 0 98138.dat
1 71 -70 -6 32 -1 0 0 0 0 -1 0 -1 0 98138.dat
1 0 -60 0 0 1 0 0 0 1 0 0 0 1 3022.dat
1 0 -20 -16 0 0 0 -1 0 1 0 1 0 0 2904.dat
0
0 FILE Part 7.ldr
0 Part 7
0 Name: Part 7.ldr
0 Author: LDraw
0 Unofficial Model
0 ROTATION CENTER 0 0 0 1 "Custom" 
0 ROTATION CONFIG 0 0
1 72 -50 -16 0 1 0 0 0 1 0 0 0 1 3002.dat
1 72 -40 -32 -10 1 0 0 0 1 0 0 0 1 44728.dat
1 72 -40 -32 10 -1 0 0 0 1 0 0 0 -1 44728.dat
1 71 -60 -24 10 -1 0 0 0 1 0 0 0 -1 60478.dat
1 71 -60 -24 -10 -1 0 0 0 1 0 0 0 -1 60478.dat
1 71 -107.976 19.963 0 0 0.615661 -0.788011 0 0.788011 0.615661 1 0 0 Part 8.ldr
1 71 -60 -32 0 0 0 1 0 1 0 -1 0 0 30602.dat
1 71 -20 -32 0 0 0 -1 0 1 0 1 0 0 30602.dat
1 272 -70 -32 0 0 0 1 0 1 0 -1 0 0 3023.dat
1 272 -10 -32 0 0 0 1 0 1 0 -1 0 0 3023.dat
1 71 -20 -24 -10 1 0 0 0 1 0 0 0 1 44301.dat
1 71 -40 -12 -32 1 0 0 0 0 -1 0 1 0 51739.dat
1 71 -40 -12 32 -1 0 0 0 0 -1 0 -1 0 51739.dat
1 71 -20 -24 10 1 0 0 0 1 0 0 0 1 44301.dat
0
0 FILE Part 8.ldr
0 Part 8
0 Name: Part 8.ldr
0 Author: LDraw
0 Unofficial Model
0 ROTATION CENTER 0 0 0 1 "Custom" 
0 ROTATION CONFIG 0 0
1 0 0 16 0 1 0 0 0 1 0 0 0 1 2540.dat
1 0 0 -32 -10 1 0 0 0 1 0 0 0 1 3022.dat
1 0 0 -8 0 1 0 0 0 1 0 0 0 1 3660.dat
1 272 0 -48 -20 1 0 0 0 1 0 0 0 1 2412b.dat
1 71 -10 -16 -10 0 0 1 0 1 0 -1 0 0 99781.dat
1 71 10 -16 -10 0 0 -1 0 1 0 1 0 0 99781.dat
1 71 32 -6 -20 0 -1 0 0 0 -1 1 0 0 3024.dat
1 71 48 -6 -20 0 -1 0 0 0 -1 1 0 0 4740.dat
1 43 40 -6 -20 0 -1 0 0 0 -1 1 0 0 4073.dat
1 71 -32 -6 -20 0 1 0 0 0 -1 -1 0 0 3024.dat
1 71 -48 -6 -20 0 1 0 0 0 -1 -1 0 0 4740.dat
1 43 -40 -6 -20 0 1 0 0 0 -1 -1 0 0 4073.dat
1 71 0 -40 0 -1 0 0 0 1 0 0 0 -1 3794a.dat
1 320 0 -40 0 1 0 0 0 1 0 0 0 1 54200.dat
1 71 -10 -48 -20 0 0 1 0 1 0 -1 0 0 6091.dat
1 71 10 -48 -20 0 0 -1 0 1 0 1 0 0 6091.dat
1 72 -10 -24 -10 0 0 1 0 1 0 -1 0 0 63868.dat
1 72 10 -24 -10 0 0 1 0 1 0 -1 0 0 63868.dat
0
0 FILE Part 9.ldr
0 Part 9
0 Name: Part 9.ldr
0 Author: LDraw
0 Unofficial Model
0 ROTATION CENTER 0 0 0 1 "Custom" 
0 ROTATION CONFIG 0 0
1 0 0 8 0 1 0 0 0 1 0 0 0 1 3705.dat
1 0 -50 -124 0 0 1 0 -1 0 0 0 0 1 3708.dat
1 71 -50 -246 0 0 -1 0 0 0 1 -1 0 0 30552.dat
1 71 -26.111 -276.719 0 0.92388 0.382683 0 -0.382683 0.92388 0 0 0 1 30386.dat
1 71 -0.565 -268.961 0 0 -1 0 1 0 0 0 0 1 Part 10.ldr
1 72 -60 -216 0 0 1 0 0 0 1 1 0 0 32064b.dat
1 19 -50 -29 0 0 -1 0 0 0 1 -1 0 0 6589.dat
1 0 -50 8 0 0 0 -1 0 1 0 1 0 0 32014.dat
1 72 40 8 0 0 0 -1 0 1 0 1 0 0 59443.dat
1 71 -60 -226 0 0 1 0 0 0 1 1 0 0 30602.dat
0
0 FILE Part 10.ldr
0 Part 10
0 Name: Part 10.ldr
0 Author: LDraw
0 Unofficial Model
0 ROTATION CENTER 0 0 0 1 "Custom" 
0 ROTATION CONFIG 0 0
1 0 -40 -16 0 1 0 0 0 1 0 0 0 1 40902.dat
1 0 -40 38 0 0 0 1 0 -1 0 1 0 0 6553.dat
1 72 -40 78 0 0 1 0 0 0 -1 -1 0 0 32074c01.dat
1 71 -64 78 0 0 1 0 0 0 -1 -1 0 0 57028a.dat
1 4 -40 38 0 0 0 1 0 -1 0 1 0 0 32062.dat
1 71 -40 -40 10 1 0 0 0 1 0 0 0 1 32064b.dat
1 71 -40 -40 -10 1 0 0 0 1 0 0 0 1 32064b.dat
1 71 -50 -64 0 0 0 1 0 1 0 -1 0 0 48336.dat
1 71 -64 -28 0 0 1 0 0 0 1 1 0 0 30602.dat
1 71 -40 -30 0 0 0 -1 0 1 0 1 0 0 32073.dat
1 72 -50 -48 0 0 0 1 0 1 0 -1 0 0 44728.dat
1 72 -40 -56 0 0 0 1 0 1 0 -1 0 0 3022.dat
0 MLCAD BTG Group name
1 72 -72.296 -67.542 -10 -0.92388 -0.382683 0 0.382683 -0.92388 0 0 0 1 2555.dat
0 MLCAD BTG Group name
1 72 -72.296 -67.542 10 -0.92388 -0.382683 0 0.382683 -0.92388 0 0 0 1 2555.dat
0 MLCAD BTG Group name
1 320 -75.357 -74.935 0 0 -0.382683 0.92388 0 -0.92388 -0.382683 1 0 0 3023.dat
0 MLCAD BTG Group name
1 43 -78.419 -82.325 10 0 -0.382683 0.92388 0 -0.92388 -0.382683 1 0 0 4073.dat
0 MLCAD BTG Group name
1 43 -78.419 -82.325 -10 0 -0.382683 0.92388 0 -0.92388 -0.382683 1 0 0 4073.dat
0 GROUP 5 Group name
1 72 -50 -88 0 0 0 -1 0 1 0 1 0 0 3039.dat
1 33 -30 -48 0 0 0 1 0 1 0 -1 0 0 3023.dat
1 33 -30 -64 0 0 0 1 0 1 0 -1 0 0 3023.dat
1 71 -40 13 0 0 1 0 0 0 -1 -1 0 0 32123a.dat
1 71 -40 -30 52 -1 0 0 0 0 -1 0 -1 0 30367a.dat
1 71 -40 -30 -52 1 0 0 0 0 -1 0 1 0 30367a.dat
1 71 -40 -30 28 -1 0 0 0 0 -1 0 -1 0 62743.dat
1 71 -40 -30 -28 1 0 0 0 0 -1 0 1 0 62743.dat
0
0
