0 FILE Mos Eisley Cantina.ldr
0 Mos Eisley Cantina
0 Name: Mos Eisley Cantina.ldr
0 Author: LDraw
0 Unofficial Model
0 ROTATION CENTER 0 0 0 1 "Custom" 
0 ROTATION CONFIG 0 0
1 0 -740 32 -530 0 0 1 0 1 0 -1 0 0 Part 2.ldr
1 0 -570 24 170 0.707107 0 0.707107 0 1 0 -0.707107 0 0.707107 Part 1.ldr
1 0 -795 -8 -270 0 0 1 0 1 0 -1 0 0 Bith.ldr
1 0 -795 -8 -350 0 0 1 0 1 0 -1 0 0 Bith 2.ldr
1 0 -795 -8 -440 0 0 1 0 1 0 -1 0 0 Bith 3.ldr
1 0 -857 -8 -170 0 0 1 0 1 0 -1 0 0 Greedo.ldr
1 0 -867 -8 -80 0 0 1 0 1 0 -1 0 0 Han.ldr
1 0 -787 -8 110 0 0 1 0 1 0 -1 0 0 Luke.ldr
1 0 -787 -8 180 0 0 1 0 1 0 -1 0 0 Obi-Wan.ldr
1 0 -825 -8 -1139 0 0 1 0 1 0 -1 0 0 Sandtrooper.ldr
1 0 -938 51 -908 0 0 1 0 1 0 -1 0 0 Part 3.ldr
1 0 -754 -8 -1032 0 0 1 0 1 0 -1 0 0 Part 5.ldr
0
0 FILE Bith.ldr
0 Bith
0 Name: Bith.ldr
0 Author: LDraw
0 Unofficial Model
0 ROTATION CENTER 0 0 0 1 "Custom" 
0 ROTATION CONFIG 0 0
1 19 0 -24 0 1 0 0 0 1 0 0 0 1 3626bp01.dat
1 0 0 0 0 1 0 0 0 1 0 0 0 1 973.dat
1 72 0 32 0 1 0 0 0 1 0 0 0 1 3815.dat
1 0 -15.552 9 0 0.985 -0.17 0 0.17 0.985 0 0 0 1 3818.dat
1 0 15.552 9 0 0.985 0.17 0 -0.17 0.985 0 0 0 1 3819.dat
1 19 -23.8634 26.5956 -10.321 -0.985 0.12019 0.12019 -0.17 -0.696395 -0.696395 0 -0.707 0.707 3820.dat
1 19 23.8634 26.5956 -10.321 0.985 0.12019 -0.12019 -0.17 0.696395 -0.696395 0 0.707 0.707 3820.dat
1 0 -27.8585 49.7438 -6.39008 -0.985 0.14567 0.0874983 -0.17 -0.844031 -0.506976 0 -0.514696 0.856884 577b.dat
1 0 -19.406 3.674 -35.224 0.985 -0.14567 -0.0874983 0.0751891 0.834922 -0.544286 0.152468 0.529344 0.833683 4599b.dat
1 72 0 44 0 1 0 0 0 1 0 0 0 1 3816.dat
1 72 0 44 0 1 0 0 0 1 0 0 0 1 3817.dat
0
0 FILE Bith 2.ldr
0 Bith 2
0 Name: Bith 2.ldr
0 Author: LDraw
0 Unofficial Model
0 ROTATION CENTER 0 0 0 1 "Custom" 
0 ROTATION CONFIG 0 0
1 19 0 -24 0 1 0 0 0 1 0 0 0 1 3626bp01.dat
1 0 0 0 0 1 0 0 0 1 0 0 0 1 973.dat
1 72 0 32 0 1 0 0 0 1 0 0 0 1 3815.dat
1 0 -15.552 9 0 0.985 -0.17 0 0.17 0.985 0 0 0 1 3818.dat
1 0 15.552 9 0 0.985 0.17 0 -0.17 0.985 0 0 0 1 3819.dat
1 19 23.8634 26.5956 -10.321 0.985 0.12019 -0.12019 -0.17 0.696395 -0.696395 0 0.707 0.707 3820.dat
1 72 0 44 0 1 0 0 0 1 0 0 0 1 3816.dat
1 72 0 44 0 1 0 0 0 1 0 0 0 1 3817.dat
1 0 -23.9826 27.2864 -26.1097 0.985 -0.0874983 0.14567 0.17 0.506976 -0.844031 0 0.856884 0.514696 64644.dat
1 0 -22.5966 23.5153 -33.7788 0.985 -0.0874983 0.14567 0.17 0.506976 -0.844031 0 0.856884 0.514696 4592.dat
1 0 -22.554 24.971 -33.278 0.971875 -0.219804 0.0790152 0.145461 0.834163 0.5312 -0.182825 -0.504765 0.842676 4593.dat
1 19 -23.8634 26.5956 -10.321 0.985 -0.12019 0.12019 0.17 0.696395 -0.696395 0 0.707 0.707 3820.dat
0
0 FILE Bith 3.ldr
0 Bith 3
0 Name: Bith 3.ldr
0 Author: LDraw
0 Unofficial Model
0 ROTATION CENTER 0 0 0 1 "Custom" 
0 ROTATION CONFIG 0 0
1 19 0 -24 0 1 0 0 0 1 0 0 0 1 3626bp01.dat
1 0 0 0 0 1 0 0 0 1 0 0 0 1 973.dat
1 72 0 32 0 1 0 0 0 1 0 0 0 1 3815.dat
1 0 -15.552 9 0 0.985 -0.17 0 0.17 0.985 0 0 0 1 3818.dat
1 0 15.552 9 0 0.985 0.17 0 -0.17 0.985 0 0 0 1 3819.dat
1 19 23.8634 26.5956 -10.321 0.985 0.12019 -0.12019 -0.17 0.696395 -0.696395 0 0.707 0.707 3820.dat
1 72 0 44 0 1 0 0 0 1 0 0 0 1 3816.dat
1 72 0 44 0 1 0 0 0 1 0 0 0 1 3817.dat
1 19 -23.8634 26.5956 -10.321 0.985 -0.12019 0.12019 0.17 0.696395 -0.696395 0 0.707 0.707 3820.dat
0
0 FILE Greedo.ldr
0 Greedo
0 Name: Greedo.ldr
0 Author: LDraw
0 Unofficial Model
0 ROTATION CENTER 0 0 0 1 "Custom" 
0 ROTATION CONFIG 0 0
1 378 0 0 0 1 0 0 0 1 0 0 0 1 47545p01.dat
1 84 0 0 0 1 0 0 0 1 0 0 0 1 973.dat
1 322 0 32 0 1 0 0 0 1 0 0 0 1 3815.dat
1 322 -15.552 9 0 0.985 -0.17 0 0.17 0.985 0 0 0 1 3818.dat
1 322 15.552 9 0 0.985 0.17 0 -0.17 0.985 0 0 0 1 3819.dat
1 378 -23.8634 26.5956 -10.321 0.985 -0.12019 0.12019 0.17 0.696395 -0.696395 0 0.707 0.707 3820.dat
1 378 23.8634 26.5956 -10.321 0.985 0.12019 -0.12019 -0.17 0.696395 -0.696395 0 0.707 0.707 3820.dat
1 322 0 44 0 1 0 0 0 1 0 0 0 1 3816.dat
1 322 0 44 0 1 0 0 0 1 0 0 0 1 3817.dat
1 0 -25.5 35 -12 -0.105839 -0.0687329 0.992005 0.831965 0.540285 0.126199 -0.544639 0.838671 0 92738.dat
0
0 FILE Han.ldr
0 Han
0 Name: Han.ldr
0 Author: LDraw
0 Unofficial Model
0 ROTATION CENTER 0 0 0 1 "Custom" 
0 ROTATION CONFIG 0 0
1 0 -25.5 35 -12 -0.105839 -0.0687329 0.992005 0.831965 0.540285 0.126199 -0.544639 0.838671 0 92738.dat
1 70 0 -24 0 1 0 0 0 1 0 0 0 1 3901.dat
1 78 0 -24 0 1 0 0 0 1 0 0 0 1 3626bp01.dat
1 0 0 0 0 1 0 0 0 1 0 0 0 1 973pr5.dat
1 272 0 32 0 1 0 0 0 1 0 0 0 1 3815ps5.dat
1 19 -15.552 9 0 0.985 -0.17 0 0.17 0.985 0 0 0 1 3818.dat
1 19 15.552 9 0 0.985 0.17 0 -0.17 0.985 0 0 0 1 3819.dat
1 78 -23.8634 26.5956 -10.321 0.985 -0.12019 0.12019 0.17 0.696395 -0.696395 0 0.707 0.707 3820.dat
1 78 23.8634 26.5956 -10.321 0.985 0.12019 -0.12019 -0.17 0.696395 -0.696395 0 0.707 0.707 3820.dat
1 272 0 44 0 1 0 0 0 1 0 0 0 1 3816ps5.dat
1 272 0 44 0 1 0 0 0 1 0 0 0 1 3817.dat
0
0 FILE Luke.ldr
0 Luke
0 Name: Luke.ldr
0 Author: LDraw
0 Unofficial Model
0 ROTATION CENTER 0 0 0 1 "Custom" 
0 ROTATION CONFIG 0 0
1 19 0 -24 0 1 0 0 0 1 0 0 0 1 92746.dat
1 78 0 -24 0 1 0 0 0 1 0 0 0 1 3626bp01.dat
1 15 0 0 0 1 0 0 0 1 0 0 0 1 973.dat
1 15 0 32 0 1 0 0 0 1 0 0 0 1 3815.dat
1 15 -15.552 9 0 0.985 -0.17 0 0.17 0.985 0 0 0 1 3818.dat
1 15 15.552 9 0 0.985 0.17 0 -0.17 0.985 0 0 0 1 3819.dat
1 78 -23.8634 26.5956 -10.321 0.985 -0.12019 0.12019 0.17 0.696395 -0.696395 0 0.707 0.707 3820.dat
1 78 23.8634 26.5956 -10.321 0.985 0.12019 -0.12019 -0.17 0.696395 -0.696395 0 0.707 0.707 3820.dat
1 43 -23.1951 22.7236 -33.8217 0.985 -0.0874983 0.14567 0.17 0.506976 -0.844031 0 0.856884 0.514696 577bc01.dat
1 72 23.0259 36.4359 -19.7696 0.366346 -0.92587 -0.0874983 -0.815952 -0.274791 -0.506976 0.44574 0.257348 -0.856884 30304.dat
1 15 0 44 0 1 0 0 0 1 0 0 0 1 3816ps0.dat
1 15 0 44 0 1 0 0 0 1 0 0 0 1 3817ps0.dat
0
0 FILE Obi-Wan.ldr
0 Obi-Wan
0 Name: Obi-Wan.ldr
0 Author: LDraw
0 Unofficial Model
0 ROTATION CENTER 0 0 0 1 "Custom" 
0 ROTATION CONFIG 0 0
1 71 0 -24 0 1 0 0 0 1 0 0 0 1 3901.dat
1 78 0 -24 0 1 0 0 0 1 0 0 0 1 3626bp01.dat
1 308 0 0 0 1 0 0 0 1 0 0 0 1 973.dat
1 19 0 32 0 1 0 0 0 1 0 0 0 1 3815.dat
1 308 -15.552 9 0 0.985 -0.17 0 0.17 0.985 0 0 0 1 3818.dat
1 308 15.552 9 0 0.985 0.17 0 -0.17 0.985 0 0 0 1 3819.dat
1 78 -23.8634 26.5956 -10.321 0.985 -0.12019 0.12019 0.17 0.696395 -0.696395 0 0.707 0.707 3820.dat
1 78 23.8634 26.5956 -10.321 0.985 0.12019 -0.12019 -0.17 0.696395 -0.696395 0 0.707 0.707 3820.dat
1 43 -23.1951 22.7236 -33.8217 0.985 -0.0874983 0.14567 0.17 0.506976 -0.844031 0 0.856884 0.514696 577bc01.dat
1 19 0 44 0 1 0 0 0 1 0 0 0 1 3816.dat
1 19 0 44 0 1 0 0 0 1 0 0 0 1 3817.dat
0
0 FILE Sandtrooper.ldr
0 Sandtrooper
0 Name: Sandtrooper.ldr
0 Author: LDraw
0 Unofficial Model
0 ROTATION CENTER 0 0 0 1 "Custom" 
0 ROTATION CONFIG 0 0
1 15 0 -24 0 1 0 0 0 1 0 0 0 1 30408p01.dat
1 78 0 -27 0 1 0 0 0 1 0 0 0 1 3626bp01.dat
1 71 0 0 0 -1 0 0 0 1 0 0 0 -1 42446.dat
1 15 0 0 0 1 0 0 0 1 0 0 0 1 973psk.dat
1 0 0 32 0 1 0 0 0 1 0 0 0 1 3815.dat
1 0 0 9 21 -1 0 0 0 0 -1 0 -1 0 2540.dat
1 0 -10 9 29 -1 0 0 0 0 -1 0 -1 0 2555.dat
1 0 10 9 29 -1 0 0 0 0 -1 0 -1 0 2555.dat
1 71 -10 -8 35 -0.707107 0 0.707107 0 1 0 -0.707107 0 -0.707107 577b.dat
1 71 10 -8 35 -0.707107 0 0.707107 0 1 0 -0.707107 0 -0.707107 577b.dat
1 15 -15.552 9 0 0.985 -0.17 0 0.17 0.985 0 0 0 1 3818.dat
1 15 15.552 9 0 0.985 0.17 0 -0.15706 0.910021 -0.382683 -0.0650562 0.376943 0.92388 3819.dat
1 0 -23.863 26.596 -10.321 0.985 -0.12019 0.12019 0.17 0.696395 -0.696395 0 0.707 0.707 3820.dat
1 0 23.863 29.206 -2.802 0.985 0.12019 -0.12019 -0.15706 0.372828 -0.913942 -0.0650562 0.919682 0.386684 3820.dat
1 71 23.195 34.622 -25.996 0.985 0.0874983 -0.14567 -0.15706 0.140469 -0.976748 -0.0650562 0.985669 0.152521 577b.dat
1 0 22.32 33.524 -34.817 0.985 0.0874983 -0.14567 -0.15706 0.140469 -0.976748 -0.0650562 0.985669 0.152521 2569.dat
1 0 27.32 40.93 12.629 0.982157 -0.0955893 0.15914 -0.171583 -0.139117 0.974498 -0.071072 -0.985109 -0.153453 2569.dat
1 15 0 44 0 1 0 0 0 1 0 0 0 1 3816.dat
1 15 0 44 0 1 0 0 0 1 0 0 0 1 3817.dat
0
0 FILE Part 1.ldr
0 Part 1
0 Name: Part 1.ldr
0 Author: LDraw
0 Unofficial Model
0 ROTATION CENTER 0 0 0 1 "Custom" 
0 ROTATION CONFIG 0 0
1 71 40 24 0 0 0 -1 0 1 0 1 0 0 3032.dat
1 71 -130 0 70 0 0 -1 0 1 0 1 0 0 3005.dat
1 71 -130 0 -70 0 0 -1 0 1 0 1 0 0 3005.dat
1 71 10 -8 0 0 0 -1 0 1 0 1 0 0 4865b.dat
1 71 -160 0 -70 -1 0 0 0 1 0 0 0 -1 4865b.dat
1 71 -140 12 -71 0 -100 0 1 0 0 0 0 -1 LS50.dat
1 71 -240 12 -71 0 -10.8385 -0.0236 1 0 0 0 0.2563 -0.9997 LS51.dat
1 71 -250.238 12 -70.7579 0 -8.4051 -0.0737 1 0 0 0 0.621 -0.9973 LS51.dat
1 71 -258.041 12 -70.1814 0 -6.8932 -0.1238 1 0 0 0 0.8597 -0.9923 LS51.dat
1 71 -264.334 12 -69.3965 0 -5.7221 -0.1736 1 0 0 0 1.0086 -0.9848 LS51.dat
1 71 -269.462 12 -68.4927 0 -4.9463 -0.2229 1 0 0 0 1.1311 -0.9748 LS51.dat
1 71 -273.818 12 -67.4964 0 -4.2906 -0.2718 1 0 0 0 1.2118 -0.9624 LS51.dat
1 71 -277.531 12 -66.4479 0 -3.7673 -0.3196 1 0 0 0 1.2707 -0.9476 LS51.dat
1 71 -280.731 12 -65.3684 0 -3.3956 -0.3665 1 0 0 0 1.3374 -0.9304 LS51.dat
1 71 -283.562 12 -64.2537 0 -3.1479 -0.4131 1 0 0 0 1.4279 -0.9107 LS51.dat
1 71 -286.147 12 -63.0807 0 -2.8675 -0.4594 1 0 0 0 1.483 -0.8882 LS51.dat
1 71 -288.469 12 -61.8799 0 -2.5994 -0.5042 1 0 0 0 1.5178 -0.8636 LS51.dat
1 71 -290.543 12 -60.669 0 -2.3855 -0.5474 1 0 0 0 1.5603 -0.8369 LS51.dat
1 71 -292.417 12 -59.4433 0 -2.2394 -0.5893 1 0 0 0 1.6335 -0.8079 LS51.dat
1 71 -294.164 12 -58.1694 0 -2.0506 -0.6296 1 0 0 0 1.6618 -0.7769 LS51.dat
1 71 -295.738 12 -56.8937 0 -1.9583 -0.6685 1 0 0 0 1.7603 -0.7437 LS51.dat
1 71 -297.242 12 -55.5414 0 -1.765 -0.7055 1 0 0 0 1.7568 -0.7087 LS51.dat
1 71 -298.582 12 -54.2079 0 -1.6687 -0.74 1 0 0 0 1.8361 -0.6726 LS51.dat
1 71 -299.845 12 -52.8184 0 -1.5711 -0.7729 1 0 0 0 1.9138 -0.6345 LS51.dat
1 71 -301.029 12 -51.3762 0 -1.495 -0.8042 1 0 0 0 2.0226 -0.5944 LS51.dat
1 71 -302.16 12 -49.8457 0 -1.382 -0.8334 1 0 0 0 2.0843 -0.5526 LS51.dat
1 71 -303.207 12 -48.2673 0 -1.2877 -0.8603 1 0 0 0 2.1733 -0.5097 LS51.dat
1 71 -304.186 12 -46.6144 0 -1.2002 -0.8849 1 0 0 0 2.2806 -0.4657 LS51.dat
1 71 -305.099 12 -44.8788 0 -1.1459 -0.9077 1 0 0 0 2.4782 -0.4197 LS51.dat
1 71 -305.985 12 -42.9636 0 -1.0278 -0.9281 1 0 0 0 2.5628 -0.3722 LS51.dat
1 71 -306.786 12 -40.9665 0 -0.9258 -0.9459 1 0 0 0 2.6977 -0.3246 LS51.dat
1 71 -307.513 12 -38.8462 0 -0.8371 -0.9611 1 0 0 0 2.9143 -0.2761 LS51.dat
1 71 -308.18 12 -36.5246 0 -0.7317 -0.9741 1 0 0 0 3.1494 -0.2263 LS51.dat
1 71 -308.772 12 -33.9796 0 -0.7228 -0.9845 1 0 0 0 4.0514 -0.1756 LS51.dat
1 71 -309.273 12 -31.1685 0 -0.7668 -0.9975 1 0 0 0 10.7254 -0.0713 LS51.dat
1 71 -310 12 -21 0 0 -1 1 0 0 0 40 0 LS51.dat
1 71 -310 12 19 0 0.1036 -0.9997 1 0 0 0 4.298 0.0241 LS51.dat
1 71 -309.911 12 22.7022 0 0.2929 -0.9973 1 0 0 0 3.9631 0.0737 LS51.dat
1 71 -309.663 12 26.0622 0 0.456 -0.9923 1 0 0 0 3.653 0.1239 LS51.dat
1 71 -309.282 12 29.1069 0 0.6036 -0.9847 1 0 0 0 3.4078 0.1744 LS51.dat
1 71 -308.786 12 31.9064 0 0.7248 -0.9744 1 0 0 0 3.1406 0.2249 LS51.dat
1 71 -308.199 12 34.4519 0 0.8207 -0.9617 1 0 0 0 2.8787 0.2742 LS51.dat
1 71 -307.547 12 36.7401 0 0.9467 -0.9464 1 0 0 0 2.7737 0.323 LS51.dat
1 71 -306.799 12 38.9299 0 1.0204 -0.9285 1 0 0 0 2.5522 0.3712 LS51.dat
1 71 -306.005 12 40.9167 0 1.1123 -0.9085 1 0 0 0 2.4182 0.4179 LS51.dat
1 71 -305.148 12 42.7794 0 1.2122 -0.886 1 0 0 0 2.3166 0.4636 LS51.dat
1 71 -304.222 12 44.549 0 1.3119 -0.861 1 0 0 0 2.221 0.5086 LS51.dat
1 71 -303.221 12 46.2442 0 1.3683 -0.834 1 0 0 0 2.0683 0.5517 LS51.dat
1 71 -302.189 12 47.8038 0 1.4996 -0.8049 1 0 0 0 2.034 0.5934 LS51.dat
1 71 -301.053 12 49.3452 0 1.571 -0.7736 1 0 0 0 1.9178 0.6337 LS51.dat
1 71 -299.87 12 50.7888 0 1.7185 -0.7402 1 0 0 0 1.8918 0.6724 LS51.dat
1 71 -298.568 12 52.2225 0 1.8153 -0.7045 1 0 0 0 1.8021 0.7097 LS51.dat
1 71 -297.184 12 53.5961 0 1.9078 -0.6677 1 0 0 0 1.7109 0.7445 LS51.dat
1 71 -295.731 12 54.8991 0 2.0985 -0.6289 1 0 0 0 1.6974 0.7775 LS51.dat
1 71 -294.11 12 56.2108 0 2.209 -0.5883 1 0 0 0 1.6072 0.8086 LS51.dat
1 71 -292.39 12 57.4617 0 2.3877 -0.5468 1 0 0 0 1.5592 0.8373 LS51.dat
1 71 -290.516 12 58.686 0 2.638 -0.5033 1 0 0 0 1.5366 0.8641 LS51.dat
1 71 -288.409 12 59.9131 0 2.8447 -0.4584 1 0 0 0 1.4672 0.8888 LS51.dat
1 71 -286.107 12 61.1003 0 3.1178 -0.4125 1 0 0 0 1.412 0.9109 LS51.dat
1 71 -283.542 12 62.2619 0 3.416 -0.366 1 0 0 0 1.3432 0.9306 LS51.dat
1 71 -280.688 12 63.3841 0 3.8229 -0.3186 1 0 0 0 1.2851 0.9479 LS51.dat
1 71 -277.441 12 64.4758 0 4.3465 -0.2703 1 0 0 0 1.2203 0.9628 LS51.dat
1 71 -273.679 12 65.5319 0 4.9736 -0.2212 1 0 0 0 1.1282 0.9752 LS51.dat
1 71 -269.296 12 66.526 0 5.7995 -0.1717 1 0 0 0 1.0106 0.9852 LS51.dat
1 71 -264.095 12 67.4323 0 7.2886 -0.1216 1 0 0 0 0.8929 0.9926 LS51.dat
1 71 -257.729 12 68.2122 0 18.2608 -0.0444 1 0 0 0 0.8114 0.999 LS51.dat
1 71 -140 12 69 0 -100 0 1 0 0 0 0 1 LS50.dat
1 71 -140 4 -71 0 -100 0 1 0 0 0 0 -1 LS50.dat
1 71 -240 4 -71 0 -10.8385 -0.0236 1 0 0 0 0.2563 -0.9997 LS51.dat
1 71 -250.238 4 -70.7579 0 -8.4051 -0.0737 1 0 0 0 0.621 -0.9973 LS51.dat
1 71 -258.041 4 -70.1814 0 -6.8932 -0.1238 1 0 0 0 0.8597 -0.9923 LS51.dat
1 71 -264.334 4 -69.3965 0 -5.7221 -0.1736 1 0 0 0 1.0086 -0.9848 LS51.dat
1 71 -269.462 4 -68.4927 0 -4.9463 -0.2229 1 0 0 0 1.1311 -0.9748 LS51.dat
1 71 -273.818 4 -67.4964 0 -4.2906 -0.2718 1 0 0 0 1.2118 -0.9624 LS51.dat
1 71 -277.531 4 -66.4479 0 -3.7673 -0.3196 1 0 0 0 1.2707 -0.9476 LS51.dat
1 71 -280.731 4 -65.3684 0 -3.3956 -0.3665 1 0 0 0 1.3374 -0.9304 LS51.dat
1 71 -283.562 4 -64.2537 0 -3.1479 -0.4131 1 0 0 0 1.4279 -0.9107 LS51.dat
1 71 -286.147 4 -63.0807 0 -2.8675 -0.4594 1 0 0 0 1.483 -0.8882 LS51.dat
1 71 -288.469 4 -61.8799 0 -2.5994 -0.5042 1 0 0 0 1.5178 -0.8636 LS51.dat
1 71 -290.543 4 -60.669 0 -2.3855 -0.5474 1 0 0 0 1.5603 -0.8369 LS51.dat
1 71 -292.417 4 -59.4433 0 -2.2394 -0.5893 1 0 0 0 1.6335 -0.8079 LS51.dat
1 71 -294.164 4 -58.1694 0 -2.0506 -0.6296 1 0 0 0 1.6618 -0.7769 LS51.dat
1 71 -295.738 4 -56.8937 0 -1.9583 -0.6685 1 0 0 0 1.7603 -0.7437 LS51.dat
1 71 -297.242 4 -55.5414 0 -1.765 -0.7055 1 0 0 0 1.7568 -0.7087 LS51.dat
1 71 -298.582 4 -54.2079 0 -1.6687 -0.74 1 0 0 0 1.8361 -0.6726 LS51.dat
1 71 -299.845 4 -52.8184 0 -1.5711 -0.7729 1 0 0 0 1.9138 -0.6345 LS51.dat
1 71 -301.029 4 -51.3762 0 -1.495 -0.8042 1 0 0 0 2.0226 -0.5944 LS51.dat
1 71 -302.16 4 -49.8457 0 -1.382 -0.8334 1 0 0 0 2.0843 -0.5526 LS51.dat
1 71 -303.207 4 -48.2673 0 -1.2877 -0.8603 1 0 0 0 2.1733 -0.5097 LS51.dat
1 71 -304.186 4 -46.6144 0 -1.2002 -0.8849 1 0 0 0 2.2806 -0.4657 LS51.dat
1 71 -305.099 4 -44.8788 0 -1.1459 -0.9077 1 0 0 0 2.4782 -0.4197 LS51.dat
1 71 -305.985 4 -42.9636 0 -1.0278 -0.9281 1 0 0 0 2.5628 -0.3722 LS51.dat
1 71 -306.786 4 -40.9665 0 -0.9258 -0.9459 1 0 0 0 2.6977 -0.3246 LS51.dat
1 71 -307.513 4 -38.8462 0 -0.8371 -0.9611 1 0 0 0 2.9143 -0.2761 LS51.dat
1 71 -308.18 4 -36.5246 0 -0.7317 -0.9741 1 0 0 0 3.1494 -0.2263 LS51.dat
1 71 -308.772 4 -33.9796 0 -0.7228 -0.9845 1 0 0 0 4.0514 -0.1756 LS51.dat
1 71 -309.273 4 -31.1685 0 -0.7668 -0.9975 1 0 0 0 10.7254 -0.0713 LS51.dat
1 71 -310 4 -21 0 0 -1 1 0 0 0 40 0 LS51.dat
1 71 -310 4 19 0 0.1036 -0.9997 1 0 0 0 4.298 0.0241 LS51.dat
1 71 -309.911 4 22.7022 0 0.2929 -0.9973 1 0 0 0 3.9631 0.0737 LS51.dat
1 71 -309.663 4 26.0622 0 0.456 -0.9923 1 0 0 0 3.653 0.1239 LS51.dat
1 71 -309.282 4 29.1069 0 0.6036 -0.9847 1 0 0 0 3.4078 0.1744 LS51.dat
1 71 -308.786 4 31.9064 0 0.7248 -0.9744 1 0 0 0 3.1406 0.2249 LS51.dat
1 71 -308.199 4 34.4519 0 0.8207 -0.9617 1 0 0 0 2.8787 0.2742 LS51.dat
1 71 -307.547 4 36.7401 0 0.9467 -0.9464 1 0 0 0 2.7737 0.323 LS51.dat
1 71 -306.799 4 38.9299 0 1.0204 -0.9285 1 0 0 0 2.5522 0.3712 LS51.dat
1 71 -306.005 4 40.9167 0 1.1123 -0.9085 1 0 0 0 2.4182 0.4179 LS51.dat
1 71 -305.148 4 42.7794 0 1.2122 -0.886 1 0 0 0 2.3166 0.4636 LS51.dat
1 71 -304.222 4 44.549 0 1.3119 -0.861 1 0 0 0 2.221 0.5086 LS51.dat
1 71 -303.221 4 46.2442 0 1.3683 -0.834 1 0 0 0 2.0683 0.5517 LS51.dat
1 71 -302.189 4 47.8038 0 1.4996 -0.8049 1 0 0 0 2.034 0.5934 LS51.dat
1 71 -301.053 4 49.3452 0 1.571 -0.7736 1 0 0 0 1.9178 0.6337 LS51.dat
1 71 -299.87 4 50.7888 0 1.7185 -0.7402 1 0 0 0 1.8918 0.6724 LS51.dat
1 71 -298.568 4 52.2225 0 1.8153 -0.7045 1 0 0 0 1.8021 0.7097 LS51.dat
1 71 -297.184 4 53.5961 0 1.9078 -0.6677 1 0 0 0 1.7109 0.7445 LS51.dat
1 71 -295.731 4 54.8991 0 2.0985 -0.6289 1 0 0 0 1.6974 0.7775 LS51.dat
1 71 -294.11 4 56.2108 0 2.209 -0.5883 1 0 0 0 1.6072 0.8086 LS51.dat
1 71 -292.39 4 57.4617 0 2.3877 -0.5468 1 0 0 0 1.5592 0.8373 LS51.dat
1 71 -290.516 4 58.686 0 2.638 -0.5033 1 0 0 0 1.5366 0.8641 LS51.dat
1 71 -288.409 4 59.9131 0 2.8447 -0.4584 1 0 0 0 1.4672 0.8888 LS51.dat
1 71 -286.107 4 61.1003 0 3.1178 -0.4125 1 0 0 0 1.412 0.9109 LS51.dat
1 71 -283.542 4 62.2619 0 3.416 -0.366 1 0 0 0 1.3432 0.9306 LS51.dat
1 71 -280.688 4 63.3841 0 3.8229 -0.3186 1 0 0 0 1.2851 0.9479 LS51.dat
1 71 -277.441 4 64.4758 0 4.3465 -0.2703 1 0 0 0 1.2203 0.9628 LS51.dat
1 71 -273.679 4 65.5319 0 4.9736 -0.2212 1 0 0 0 1.1282 0.9752 LS51.dat
1 71 -269.296 4 66.526 0 5.7995 -0.1717 1 0 0 0 1.0106 0.9852 LS51.dat
1 71 -264.095 4 67.4323 0 7.2886 -0.1216 1 0 0 0 0.8929 0.9926 LS51.dat
1 71 -257.729 4 68.2122 0 18.2608 -0.0444 1 0 0 0 0.8114 0.999 LS51.dat
1 71 -140 4 69 0 -100 0 1 0 0 0 0 1 LS50.dat
1 71 -310 0 0 0 0 -1 0 1 0 1 0 0 4865b.dat
1 71 -160 0 70 1 0 0 0 1 0 0 0 1 4865b.dat
1 71 -180 0 0 1 0 0 0 1 0 0 0 1 3001.dat
1 0 -180 0 50 1 0 0 0 1 0 0 0 1 3008.dat
1 0 -180 0 -50 1 0 0 0 1 0 0 0 1 3008.dat
1 0 -90 -8 0 0 0 -1 0 1 0 1 0 0 3039.dat
1 0 -270 0 30 -1 0 0 0 1 0 0 0 -1 85080.dat
1 0 -270 0 -30 0 0 1 0 1 0 -1 0 0 85080.dat
1 71 -260 0 0 1 0 0 0 1 0 0 0 1 3001.dat
1 71 70 -8 0 0 0 1 0 1 0 -1 0 0 4865b.dat
1 71 70 -8 40 0 0 -1 0 1 0 1 0 0 44728.dat
1 71 70 -8 -40 0 0 -1 0 1 0 1 0 0 44728.dat
1 71 40 -8 50 -1 0 0 0 1 0 0 0 -1 3023.dat
1 71 40 -8 -50 -1 0 0 0 1 0 0 0 -1 3023.dat
1 71 -110 -8 0 0 0 1 0 1 0 -1 0 0 3023.dat
1 92 -40 24 0 0 0 -1 0 1 0 1 0 0 3035.dat
1 92 -120 24 0 0 0 -1 0 1 0 1 0 0 3035.dat
1 92 -200 24 0 0 0 -1 0 1 0 1 0 0 3035.dat
1 92 -280 24 40 -1 0 0 0 1 0 0 0 -1 30565.dat
1 92 -280 24 -40 0 0 1 0 1 0 -1 0 0 30565.dat
1 92 -200 -8 0 0 0 -1 0 1 0 1 0 0 3035.dat
1 92 -280 -8 40 -1 0 0 0 1 0 0 0 -1 30565.dat
1 92 -280 -8 -40 0 0 1 0 1 0 -1 0 0 30565.dat
1 92 -120 8 0 0 0 -1 0 1 0 1 0 0 3020.dat
1 92 -120 0 0 0 0 -1 0 1 0 1 0 0 3020.dat
1 92 -140 -8 20 0 0 -1 0 1 0 1 0 0 3020.dat
1 92 40 -16 20 -1 0 0 0 1 0 0 0 -1 3020.dat
1 92 40 -16 -20 -1 0 0 0 1 0 0 0 -1 3020.dat
1 47 -110 -32 0 0 0 1 0 1 0 -1 0 0 62360.dat
1 47 40 -8 0 0 0 1 0 1 0 -1 0 0 2654.dat
1 47 60 32 0 0 0 1 0 1 0 -1 0 0 2654.dat
1 47 0 32 -40 0 0 1 0 1 0 -1 0 0 2654.dat
1 47 0 32 40 0 0 1 0 1 0 -1 0 0 2654.dat
1 47 -80 32 60 0 0 1 0 1 0 -1 0 0 2654.dat
1 47 -80 32 -60 0 0 1 0 1 0 -1 0 0 2654.dat
1 47 -160 32 60 0 0 1 0 1 0 -1 0 0 2654.dat
1 47 -160 32 -60 0 0 1 0 1 0 -1 0 0 2654.dat
1 47 -240 32 0 0 0 1 0 1 0 -1 0 0 2654.dat
1 47 -300 32 0 0 0 1 0 1 0 -1 0 0 2654.dat
1 320 20 12 -68 0 0 1 -1 0 0 0 -1 0 3003.dat
1 71 20 12 -60 0 0 1 -1 0 0 0 -1 0 2460.dat
1 71 20 12 -116 0 0 1 -1 0 0 0 -1 0 u9017.dat
1 320 20 12 68 0 0 1 1 0 0 0 1 0 3003.dat
1 71 20 12 60 0 0 1 1 0 0 0 1 0 2460.dat
1 72 20 12 116 0 0 1 1 0 0 0 1 0 u9017.dat
1 72 -140 -8 -40 0 0 -1 0 1 0 1 0 0 3068b.dat
1 72 70 0 -50 1 0 0 0 1 0 0 0 1 87087.dat
1 72 50 0 -50 1 0 0 0 1 0 0 0 1 87087.dat
1 72 84 12 50 0 -1 0 0 0 -1 1 0 0 61409.dat
1 72 84 12 30 0 -1 0 0 0 -1 1 0 0 61409.dat
1 72 84 12 -30 0 -1 0 0 0 -1 1 0 0 61409.dat
1 72 84 12 -50 0 -1 0 0 0 -1 1 0 0 61409.dat
1 72 -10 0 -70 1 0 0 0 1 0 0 0 1 87087.dat
1 72 50 0 50 -1 0 0 0 1 0 0 0 -1 87087.dat
1 72 -10 0 70 -1 0 0 0 1 0 0 0 -1 87087.dat
1 72 70 0 50 -1 0 0 0 1 0 0 0 -1 87087.dat
1 320 70 0 30 -1 0 0 0 1 0 0 0 -1 3062b.dat
1 320 -20 16 10 -1 0 0 0 1 0 0 0 -1 4477.dat
1 320 -80 -8 -70 -1 0 0 0 1 0 0 0 -1 4162.dat
1 320 -80 -8 70 -1 0 0 0 1 0 0 0 -1 4162.dat
1 1 -130 16 30 0 0 1 0 1 0 -1 0 0 2420.dat
1 1 -130 16 -30 1 0 0 0 1 0 0 0 1 2420.dat
1 320 -20 16 -10 -1 0 0 0 1 0 0 0 -1 4477.dat
1 320 70 0 -30 -1 0 0 0 1 0 0 0 -1 3062b.dat
1 320 -30 0 70 -1 0 0 0 1 0 0 0 -1 3062b.dat
1 320 -30 0 -70 -1 0 0 0 1 0 0 0 -1 3062b.dat
1 320 -80 0 70 -1 0 0 0 1 0 0 0 -1 30413.dat
1 320 -80 0 -70 1 0 0 0 1 0 0 0 1 30413.dat
1 320 10 0 -30 0 0 1 0 1 0 -1 0 0 3040b.dat
1 320 -90 0 -30 1 0 0 0 1 0 0 0 1 3040b.dat
1 0 -90 -8 -30 1 0 0 0 1 0 0 0 1 4073.dat
1 0 -90 -8 30 1 0 0 0 1 0 0 0 1 4073.dat
1 0 -250 -16 30 1 0 0 0 1 0 0 0 1 4073.dat
1 0 -250 -16 50 1 0 0 0 1 0 0 0 1 4073.dat
1 0 -90 -8 30 0 0 1 0 1 0 -1 0 0 54200.dat
1 0 -90 -8 -30 0 0 1 0 1 0 -1 0 0 54200.dat
1 320 50 10 -84 0 0 -1 -1 0 0 0 1 0 3040b.dat
1 320 -90 0 30 -1 0 0 0 1 0 0 0 -1 3040b.dat
1 320 10 0 30 0 0 1 0 1 0 -1 0 0 3040b.dat
1 320 10 -8 40 0 0 1 0 1 0 -1 0 0 3069b.dat
1 320 10 -8 -40 0 0 1 0 1 0 -1 0 0 3069b.dat
1 320 -110 -8 40 0 0 1 0 1 0 -1 0 0 3069b.dat
1 320 -100 -16 10 1 0 0 0 1 0 0 0 1 3069b.dat
1 320 -100 -16 -10 1 0 0 0 1 0 0 0 1 3069b.dat
1 320 -180 -16 -50 1 0 0 0 1 0 0 0 1 3069b.dat
1 320 -180 -16 50 1 0 0 0 1 0 0 0 1 3069b.dat
1 320 -250 -24 40 0 0 -1 0 1 0 1 0 0 3069b.dat
1 320 10 -24 0 0 0 -1 0 1 0 1 0 0 3069b.dat
1 320 90 -32 0 0 0 -1 0 1 0 1 0 0 3069b.dat
1 72 80 -24 0 1 0 0 0 1 0 0 0 1 10247.dat
1 72 100 -68 0 0 0 1 0 -1 0 1 0 0 u9017.dat
1 72 110 -36 0 0 0 1 0 -1 0 1 0 0 32530.dat
1 71 90 -36 0 0 0 1 0 -1 0 1 0 0 3023.dat
1 0 100 -14 0 1 0 0 0 1 0 0 0 1 2780.dat
1 320 30 -24 0 0 0 -1 0 1 0 1 0 0 3794b.dat
1 320 50 -24 0 0 0 -1 0 1 0 1 0 0 3794b.dat
1 320 70 -32 0 0 0 -1 0 1 0 1 0 0 3794b.dat
1 320 50 -48 0 0 0 1 0 1 0 -1 0 0 50950.dat
1 320 40 -16 -50 1 0 0 0 1 0 0 0 1 2431.dat
1 320 -210 -16 0 0 0 -1 0 1 0 1 0 0 2431.dat
1 320 40 -16 50 1 0 0 0 1 0 0 0 1 2431.dat
1 0 -70 16 40 0 0 1 0 1 0 -1 0 0 3829c01.dat
1 0 -40 16 40 0 0 1 0 1 0 -1 0 0 4079.dat
1 0 -40 16 -40 0 0 1 0 1 0 -1 0 0 4079.dat
1 320 -110 -8 -40 0 0 1 0 1 0 -1 0 0 3069b.dat
1 320 -10 10 80 0 0 1 -1 0 0 0 -1 0 54200.dat
1 320 -10 10 -80 0 0 1 1 0 0 0 1 0 54200.dat
1 320 50 10 -84 0 0 -1 -1 0 0 0 1 0 54200.dat
1 320 50 10 84 0 0 -1 1 0 0 0 -1 0 3040b.dat
1 320 50 10 84 0 0 -1 1 0 0 0 -1 0 54200.dat
1 0 20 0 50 -1 0 0 0 1 0 0 0 -1 3700.dat
1 0 20 0 -50 -1 0 0 0 1 0 0 0 -1 3700.dat
0 
0 
0
0 FILE Part 2.ldr
0 Part 2
0 Name: Part 2.ldr
0 Author: LDraw
0 Unofficial Model
0 ROTATION CENTER 0 0 0 1 "Custom" 
0 ROTATION CONFIG 0 0
1 28 -140 24 60 0 0 1 0 1 0 -1 0 0 3020.dat
1 28 -330 8 40 0 0 -1 0 1 0 1 0 0 32028.dat
1 28 50 8 40 0 0 1 0 1 0 -1 0 0 32028.dat
1 28 50 24 60 0 0 1 0 1 0 -1 0 0 3710.dat
1 19 -40 -144 30 -1 0 0 0 1 0 0 0 -1 3710.dat
1 19 -40 -128 130 -1 0 0 0 1 0 0 0 -1 3710.dat
1 19 -240 -128 130 -1 0 0 0 1 0 0 0 -1 3710.dat
1 19 -240 -144 30 -1 0 0 0 1 0 0 0 -1 3710.dat
1 19 -240 -152 30 -1 0 0 0 1 0 0 0 -1 3710.dat
1 19 -320 -144 30 -1 0 0 0 1 0 0 0 -1 3023.dat
1 19 -240 -160 30 -1 0 0 0 1 0 0 0 -1 3023.dat
1 19 40 -144 30 -1 0 0 0 1 0 0 0 -1 3023.dat
1 28 -330 24 60 0 0 1 0 1 0 -1 0 0 3710.dat
1 28 -446.066 8 27.071 0.707107 0 -0.707107 0 1 0 0.707107 0 0.707107 Part 6.ldr
1 28 50 -128 100 0 0 1 0 1 0 -1 0 0 3710.dat
1 28 -330 -128 100 0 0 1 0 1 0 -1 0 0 3710.dat
1 28 -330 -136 30 1 0 0 0 1 0 0 0 1 2420.dat
1 28 50 -136 30 0 0 -1 0 1 0 1 0 0 2420.dat
1 320 -140 -32 60 0 0 1 0 1 0 -1 0 0 3020.dat
1 320 -150 -32 120 0 0 1 0 1 0 -1 0 0 3023.dat
1 320 -330 -32 40 0 0 1 0 1 0 -1 0 0 3023.dat
1 320 50 -32 40 0 0 1 0 1 0 -1 0 0 3023.dat
1 71 -330 -40 40 0 0 1 0 1 0 -1 0 0 3023.dat
1 71 50 -40 40 0 0 1 0 1 0 -1 0 0 3023.dat
1 320 -140 -128 50 1 0 0 0 1 0 0 0 1 3023.dat
1 71 -140 -136 50 1 0 0 0 1 0 0 0 1 3023.dat
1 19 -330 -48 40 0 0 1 0 1 0 -1 0 0 3023.dat
1 19 50 -48 40 0 0 1 0 1 0 -1 0 0 3023.dat
1 320 -130 -32 120 0 0 1 0 1 0 -1 0 0 3023.dat
1 70 -300 -48 110 1 0 0 0 1 0 0 0 1 92690.dat
1 47 -300 -56 110 1 0 0 0 1 0 0 0 1 4073.dat
1 71 -140 -40 80 0 0 1 0 1 0 -1 0 0 3795.dat
1 19 -140 -48 80 0 0 1 0 1 0 -1 0 0 3795.dat
1 19 -140 0 100 0 0 1 0 1 0 -1 0 0 3001.dat
1 19 -140 -24 80 0 0 1 0 1 0 -1 0 0 3001.dat
1 28 -140 -96 100 0 0 1 0 1 0 -1 0 0 3001.dat
1 28 -140 -120 60 0 0 1 0 1 0 -1 0 0 3001.dat
1 28 -140 -128 100 0 0 1 0 1 0 -1 0 0 3020.dat
1 28 -330 -120 60 0 0 1 0 1 0 -1 0 0 3010.dat
1 28 -140 -144 30 1 0 0 0 1 0 0 0 1 3010.dat
1 28 -330 -152 60 -1 0 0 0 1 0 0 0 -1 61678.dat
1 28 -280 -168 30 0 0 1 0 1 0 -1 0 0 61678.dat
1 28 -200 -168 30 0 0 -1 0 1 0 1 0 0 61678.dat
1 19 -40 -152 30 -1 0 0 0 1 0 0 0 -1 3710.dat
1 19 -40 -160 30 -1 0 0 0 1 0 0 0 -1 3023.dat
1 28 -80 -168 30 0 0 1 0 1 0 -1 0 0 61678.dat
1 28 0 -168 30 0 0 -1 0 1 0 1 0 0 61678.dat
1 28 -150 -152 60 -1 0 0 0 1 0 0 0 -1 61678.dat
1 28 -130 -152 60 -1 0 0 0 1 0 0 0 -1 61678.dat
1 28 50 -152 60 -1 0 0 0 1 0 0 0 -1 61678.dat
1 28 -280 -144 130 0 0 1 0 1 0 -1 0 0 61678.dat
1 28 -80 -144 130 0 0 1 0 1 0 -1 0 0 61678.dat
1 28 0 -144 130 0 0 -1 0 1 0 1 0 0 61678.dat
1 28 -200 -144 130 0 0 -1 0 1 0 1 0 0 61678.dat
1 28 50 -120 60 0 0 1 0 1 0 -1 0 0 3010.dat
1 19 -140 -24 130 1 0 0 0 1 0 0 0 1 3009.dat
1 19 -140 -72 130 1 0 0 0 1 0 0 0 1 3009.dat
1 19 -240 -120 130 1 0 0 0 1 0 0 0 1 3009.dat
1 19 -330 -120 130 0 0 1 0 1 0 -1 0 0 2357.dat
1 19 50 -120 130 -1 0 0 0 1 0 0 0 -1 2357.dat
1 19 -40 -120 130 1 0 0 0 1 0 0 0 1 3009.dat
1 19 -240 -96 130 -1 0 0 0 1 0 0 0 -1 60808.dat
1 19 -330 -96 100 0 0 1 0 1 0 -1 0 0 60808.dat
1 19 60 16 20 0 0 -1 0 1 0 1 0 0 2430.dat
1 19 60 -128 20 0 0 -1 0 1 0 1 0 0 2430.dat
1 19 173.764 16 59.469 -0.92388 0 -0.382683 0 1 0 0.382683 0 -0.92388 Prt 7.ldr
1 19 -340 16 20 0 0 1 0 1 0 -1 0 0 2429.dat
1 19 -330 0 40 0 0 1 0 1 0 -1 0 0 3023.dat
1 19 50 0 40 0 0 1 0 1 0 -1 0 0 3023.dat
1 19 -40 -136 130 1 0 0 0 1 0 0 0 1 3023.dat
1 19 -240 -136 130 1 0 0 0 1 0 0 0 1 3023.dat
1 19 50 -96 100 0 0 -1 0 1 0 1 0 0 60808.dat
1 19 -40 -96 130 -1 0 0 0 1 0 0 0 -1 60808.dat
1 19 -100 -48 130 1 0 0 0 1 0 0 0 1 30237b.dat
1 19 -120 -120 130 -1 0 0 0 1 0 0 0 -1 30237b.dat
1 19 -160 -120 130 -1 0 0 0 1 0 0 0 -1 30237b.dat
1 19 -300 -48 150 -1 0 0 0 1 0 0 0 -1 30237b.dat
1 19 -300 -48 130 1 0 0 0 1 0 0 0 1 30237b.dat
1 19 20 -48 150 -1 0 0 0 1 0 0 0 -1 30237b.dat
1 19 20 -48 130 1 0 0 0 1 0 0 0 1 30237b.dat
1 19 -180 -48 130 1 0 0 0 1 0 0 0 1 30237b.dat
1 19 -140 -24 30 1 0 0 0 1 0 0 0 1 2877.dat
1 19 -330 -24 40 0 0 -1 0 1 0 1 0 0 2877.dat
1 19 50 -24 40 0 0 1 0 1 0 -1 0 0 2877.dat
1 19 -180 -96 130 -1 0 0 0 1 0 0 0 -1 2877.dat
1 19 -300 -24 150 -1 0 0 0 1 0 0 0 -1 2877.dat
1 19 -300 -24 130 1 0 0 0 1 0 0 0 1 2877.dat
1 19 20 -24 150 -1 0 0 0 1 0 0 0 -1 2877.dat
1 19 20 -24 130 1 0 0 0 1 0 0 0 1 2877.dat
1 19 -140 -120 110 -1 0 0 0 1 0 0 0 -1 2877.dat
1 19 -100 -96 130 -1 0 0 0 1 0 0 0 -1 2877.dat
1 19 -140 0 40 0 0 1 0 1 0 -1 0 0 3003.dat
1 19 -300 0 140 0 0 1 0 1 0 -1 0 0 3003.dat
1 19 20 0 140 -1 0 0 0 1 0 0 0 -1 3003.dat
1 19 -300 -72 140 0 0 1 0 1 0 -1 0 0 3003.dat
1 19 20 -72 140 -1 0 0 0 1 0 0 0 -1 3003.dat
1 19 20 -96 130 -1 0 0 0 1 0 0 0 -1 3039.dat
1 19 -300 -96 130 -1 0 0 0 1 0 0 0 -1 3039.dat
1 19 -140 -72 100 0 0 1 0 1 0 -1 0 0 3003.dat
1 19 -150 -72 70 0 0 1 0 1 0 -1 0 0 87087.dat
1 19 -130 -72 70 0 0 -1 0 1 0 1 0 0 87087.dat
1 19 -150 -72 50 0 0 1 0 1 0 -1 0 0 87087.dat
1 19 -150 -96 50 0 0 1 0 1 0 -1 0 0 3062b.dat
1 19 -330 -96 50 0 0 1 0 1 0 -1 0 0 3062b.dat
1 19 50 -96 50 0 0 1 0 1 0 -1 0 0 3062b.dat
1 19 -130 -96 50 0 0 1 0 1 0 -1 0 0 3062b.dat
1 19 -130 -72 50 0 0 -1 0 1 0 1 0 0 87087.dat
1 71 -100 0 130 1 0 0 0 1 0 0 0 1 3700.dat
1 71 -120 -112 150 1 0 0 0 1 0 0 0 1 63965.dat
1 71 -300 24 150 1 0 0 0 1 0 0 0 1 3023.dat
1 71 20 24 150 1 0 0 0 1 0 0 0 1 3023.dat
1 71 -180 0 130 1 0 0 0 1 0 0 0 1 3700.dat
1 71 -310 -128 30 1 0 0 0 1 0 0 0 1 4073.dat
1 71 30 -128 30 1 0 0 0 1 0 0 0 1 4073.dat
1 28 -140 24 120 1 0 0 0 1 0 0 0 1 3020.dat
1 28 -260 24 120 1 0 0 0 1 0 0 0 1 3034.dat
1 28 -20 24 120 1 0 0 0 1 0 0 0 1 3034.dat
1 43 -112 -62 70 0 -1 0 1 0 0 0 0 1 98138.dat
1 43 -168 -62 70 0 1 0 1 0 0 0 0 -1 98138.dat
1 36 -112 -62 50 0 -1 0 1 0 0 0 0 1 98138.dat
1 19 -330 -72 50 0 0 -1 0 1 0 1 0 0 87087.dat
1 19 -150 -144 30 0 0 -1 0 1 0 1 0 0 2339.dat
1 19 50 -144 30 0 0 -1 0 1 0 1 0 0 2339.dat
1 19 -130 -144 30 0 0 1 0 1 0 -1 0 0 2339.dat
1 19 -330 -144 30 0 0 1 0 1 0 -1 0 0 2339.dat
1 36 -312 -62 50 0 -1 0 1 0 0 0 0 1 98138.dat
1 36 -168 -62 50 0 1 0 1 0 0 0 0 -1 98138.dat
1 19 50 -72 50 0 0 1 0 1 0 -1 0 0 87087.dat
1 36 32 -62 50 0 1 0 1 0 0 0 0 -1 98138.dat
1 70 -180 -48 110 1 0 0 0 1 0 0 0 1 92690.dat
1 47 -180 -56 110 1 0 0 0 1 0 0 0 1 4073.dat
1 70 -100 -48 110 1 0 0 0 1 0 0 0 1 92690.dat
1 47 -100 -56 110 1 0 0 0 1 0 0 0 1 4073.dat
1 70 20 -48 110 1 0 0 0 1 0 0 0 1 92690.dat
1 47 20 -56 110 1 0 0 0 1 0 0 0 1 4073.dat
1 47 -50 16 60 -1 0 0 0 1 0 0 0 -1 Par 4.ldr
0
0 FILE Part 3.ldr
0 Part 3
0 Name: Part 3.ldr
0 Author: LDraw
0 Unofficial Model
0 ROTATION CENTER 0 0 0 1 "Custom" 
0 ROTATION CONFIG 0 0
1 71 -30 8 0 -1 0 0 0 -1 0 0 0 1 2819.dat
1 71 -30 -26 0 -1 0 0 0 -1 0 0 0 1 57585.dat
1 71 -64.641 -36 -20 0 -0.5 -0.866025 -1 0 0 0 0.866025 -0.5 4274.dat
1 71 -64.641 -40 -20 -0.5 0 -0.866025 0 1 0 0.866025 0 -0.5 63965.dat
1 15 -64.641 -26 -20 0 0.5 -0.866025 1 0 0 0 -0.866025 -0.5 32013.dat
1 71 -30 -126 0 1 0 0 0 1 0 0 0 1 57585.dat
1 71 -30 -142 0 0 1 0 -1 0 0 0 0 1 4519.dat
1 71 -30 -146 0 0 1 0 0 0 -1 -1 0 0 42610.dat
1 71 -64.641 -116 -20 0 0.5 -0.866025 1 0 0 0 -0.866025 -0.5 4274.dat
1 15 -64.641 -126 -20 0 -0.5 -0.866025 -1 0 0 0 0.866025 -0.5 32013.dat
1 71 4.641 -36 -20 0 -0.5 0.866025 -1 0 0 0 -0.866025 -0.5 4274.dat
1 71 4.641 -40 -20 -0.5 0 0.866025 0 1 0 -0.866025 0 -0.5 63965.dat
1 15 4.641 -26 -20 0 0.5 0.866025 1 0 0 0 0.866025 -0.5 32013.dat
1 71 4.641 -116 -20 0 0.5 0.866025 1 0 0 0 0.866025 -0.5 4274.dat
1 15 4.641 -126 -20 0 -0.5 0.866025 -1 0 0 0 -0.866025 -0.5 32013.dat
1 71 -30 -36 40 0 1 0 -1 0 0 0 0 1 4274.dat
1 71 -30 -40 40 1 0 0 0 1 0 0 0 1 63965.dat
1 71 -30 -280 0 -1 0 0 0 -1 0 0 0 1 63965.dat
1 15 -30 -26 40 0 -1 0 1 0 0 0 0 1 32013.dat
1 71 -30 -116 40 0 -1 0 1 0 0 0 0 1 4274.dat
1 71 -30 -284 0 0 -0.707107 -0.707107 1 0 0 0 -0.707107 0.707107 4274.dat
1 15 -30 -296 0 0 -0.707107 -0.707107 1 0 0 0 -0.707107 0.707107 32034.dat
1 15 -30 -126 40 0 1 0 -1 0 0 0 0 1 32013.dat
1 19 -30 -60 0 1 0 0 0 1 0 0 0 1 6143.dat
1 19 -30 -108 0 1 0 0 0 1 0 0 0 1 6143.dat
1 15 -30 -180 0 1 0 0 0 1 0 0 0 1 4589.dat
1 72 -30 -116 0 1 0 0 0 1 0 0 0 1 15535.dat
1 71 -30 -84 0 1 0 0 0 1 0 0 0 1 92947.dat
1 0 -30 -56 0 0 -1 0 1 0 0 0 0 1 3706.dat
0
0 FILE Par 4.ldr
0 Part 4
0 Name: Par 4.ldr
0 Author: LDraw
0 Unofficial Model
0 ROTATION CENTER 0 0 0 1 "Custom" 
0 ROTATION CONFIG 0 0
1 28 -10 8 0 1 0 0 0 1 0 0 0 1 3035.dat
1 28 90 8 -180 1 0 0 0 1 0 0 0 1 3035.dat
1 72 50 -16 -150 1 0 0 0 1 0 0 0 1 32064b.dat
1 72 50 -16 -170 1 0 0 0 1 0 0 0 1 32064b.dat
1 19 90 -16 -160 1 0 0 0 1 0 0 0 1 3003.dat
1 19 90 -16 -190 1 0 0 0 1 0 0 0 1 3009.dat
1 72 130 -16 -170 1 0 0 0 1 0 0 0 1 32064b.dat
1 72 130 -16 -150 1 0 0 0 1 0 0 0 1 32064b.dat
1 72 250 -24 -10 1 0 0 0 1 0 0 0 1 2412b.dat
1 72 120 -24 -20 0 0 -1 0 1 0 1 0 0 2412b.dat
1 71 50 -16 -30 1 0 0 0 1 0 0 0 1 3700.dat
1 71 60 -16 10 0 0 -1 0 1 0 1 0 0 3622.dat
1 71 -10 -16 0 0 0 -1 0 1 0 1 0 0 92947.dat
1 15 -10 -24 0 0 0 -1 0 1 0 1 0 0 4032b.dat
1 47 0 -48 -10 0 0 -1 0 1 0 1 0 0 3062b.dat
1 71 260 -48 10 0 0 -1 0 1 0 1 0 0 4073.dat
1 297 260 -48 -30 0 0 -1 0 1 0 1 0 0 98138.dat
1 71 -80 -16 0 0 0 1 0 1 0 -1 0 0 2653.dat
1 71 260 -16 0 0 0 -1 0 1 0 1 0 0 2653.dat
1 70 -50 -16 30 1 0 0 0 1 0 0 0 1 3004.dat
1 70 -50 -16 -30 1 0 0 0 1 0 0 0 1 3004.dat
1 70 20 -16 -30 0 0 -1 0 1 0 1 0 0 3005.dat
1 70 60 -24 0 0 0 -1 0 1 0 1 0 0 3710.dat
1 70 -80 -24 0 0 0 -1 0 1 0 1 0 0 3710.dat
1 70 -70 -16 30 0 0 -1 0 1 0 1 0 0 11477.dat
1 70 -70 -16 -30 0 0 -1 0 1 0 1 0 0 11477.dat
1 70 50 -16 -30 0 0 1 0 1 0 -1 0 0 11477.dat
1 70 50 -16 30 0 0 1 0 1 0 -1 0 0 11477.dat
1 70 60 -24 10 0 0 1 0 1 0 -1 0 0 54200.dat
1 70 60 -24 -10 0 0 1 0 1 0 -1 0 0 54200.dat
1 70 -80 -24 -10 0 0 -1 0 1 0 1 0 0 54200.dat
1 70 -80 -24 10 0 0 -1 0 1 0 1 0 0 54200.dat
1 70 30 -16 30 1 0 0 0 1 0 0 0 1 3004.dat
1 70 -50 0 0 1 0 0 0 1 0 0 0 1 3068b.dat
1 70 30 0 0 1 0 0 0 1 0 0 0 1 3068b.dat
1 72 50 -6 -100 0 0 -1 0 1 0 1 0 0 55013.dat
1 71 130 -16 -30 1 0 0 0 1 0 0 0 1 3700.dat
1 71 120 -16 -10 -1 0 0 0 1 0 0 0 -1 3040b.dat
1 71 160 -16 -10 -1 0 0 0 1 0 0 0 -1 2357.dat
1 71 150 -32 20 -1 0 0 0 1 0 0 0 -1 3022.dat
1 71 240 -16 -30 0 0 -1 0 1 0 1 0 0 2357.dat
1 0 150 0 20 0 0 -1 0 1 0 1 0 0 87580.dat
1 0 150 -40 20 0 0 -1 0 1 0 1 0 0 87580.dat
1 36 150 -24 20 0 0 -1 0 1 0 1 0 0 3062b.dat
1 36 260 -40 -30 0 0 -1 0 1 0 1 0 0 3062b.dat
1 47 260 -40 10 0 0 -1 0 1 0 1 0 0 3062b.dat
1 71 50 -40 -150 -1 0 0 0 1 0 0 0 -1 4865b.dat
1 71 90 -40 -150 -1 0 0 0 1 0 0 0 -1 4865b.dat
1 71 90 -40 -190 -1 0 0 0 1 0 0 0 -1 4865b.dat
1 71 140 -40 -190 -1 0 0 0 1 0 0 0 -1 91501.dat
1 71 40 -40 -190 0 0 -1 0 1 0 1 0 0 91501.dat
1 15 90 -28 -178 0 0.988362 -0.152123 -1 0 0 0 0.152123 0.988362 92691.dat
1 40 70 -24 -170 -1 0 0 0 1 0 0 0 -1 3069b.dat
1 40 110 -24 -170 -1 0 0 0 1 0 0 0 -1 3069b.dat
1 71 130 -40 -150 -1 0 0 0 1 0 0 0 -1 4865b.dat
1 72 130 -6 -100 0 0 -1 0 1 0 1 0 0 55013.dat
1 28 190 8 0 1 0 0 0 1 0 0 0 1 3035.dat
0
0 FILE Part 5.ldr
0 Part 5
0 Name: Part 5.ldr
0 Author: LDraw
0 Unofficial Model
0 ROTATION CENTER 0 0 0 1 "Custom" 
0 ROTATION CONFIG 0 0
1 330 -10 -48 0 1 0 0 0 1 0 0 0 1 76442.dat
1 70 -10 -56 0 0 0 -1 0 1 0 1 0 0 3031.dat
1 70 -10 -72 -30 -1 0 0 0 1 0 0 0 -1 3794b.dat
1 70 20 -56 -20 -1 0 0 0 1 0 0 0 -1 11477.dat
1 70 -40 -56 -20 -1 0 0 0 1 0 0 0 -1 11477.dat
1 70 -40 -56 20 1 0 0 0 1 0 0 0 1 11477.dat
1 70 20 -56 20 1 0 0 0 1 0 0 0 1 11477.dat
1 70 -10 -96 -30 -1 0 0 0 1 0 0 0 -1 4589.dat
1 72 10 -64 30 1 0 0 0 1 0 0 0 1 60478.dat
1 71 49.501 -44.288 30 0 -0.92388 0.382683 0 0.382683 0.92388 -1 0 0 61252.dat
1 70 56.892 -47.349 30 0 -0.92388 0.382683 0 0.382683 0.92388 -1 0 0 3070b.dat
1 71 -69.501 -44.288 30 0 0.92388 -0.382683 0 0.382683 0.92388 1 0 0 61252.dat
1 70 -76.892 -47.349 30 0 0.92388 -0.382683 0 0.382683 0.92388 1 0 0 3070b.dat
1 71 -69.501 -44.288 -30 0 0.92388 -0.382683 0 0.382683 0.92388 1 0 0 61252.dat
1 70 -76.892 -47.349 -30 0 0.92388 -0.382683 0 0.382683 0.92388 1 0 0 2555.dat
1 71 49.501 -44.288 -30 0 -0.92388 0.382683 0 0.382683 0.92388 -1 0 0 61252.dat
1 70 56.892 -47.349 -30 0 -0.92388 0.382683 0 0.382683 0.92388 -1 0 0 2555.dat
1 0 -66.144 -88.978 -31.851 0.92388 0.0877112 0.372496 0.382683 -0.211754 -0.899285 0 0.973379 -0.2292 57899.dat
1 72 -10 -72 30 1 0 0 0 1 0 0 0 1 2412b.dat
1 72 10 -64 -30 1 0 0 0 1 0 0 0 1 60478.dat
1 72 -30 -64 -30 -1 0 0 0 1 0 0 0 -1 60478.dat
1 72 -30 -64 30 -1 0 0 0 1 0 0 0 -1 60478.dat
1 330 -10 -18 68 1 0 0 0 1 0 0 0 1 30456.dat
1 330 -10 -6 -68 1 0 0 0 1 0 0 0 1 30459.dat
0
0 FILE Part 6.ldr
0 Part 6
0 Name: Part 6.ldr
0 Author: LDraw
0 Unofficial Model
0 ROTATION CENTER 0 0 0 1 "Custom" 
0 ROTATION CONFIG 0 0
1 28 -10 16 0 1 0 0 0 1 0 0 0 1 41539.dat
1 19 70 8 -80 0 0 -1 0 1 0 1 0 0 2430.dat
1 19 70 -136 -80 0 0 -1 0 1 0 1 0 0 2430.dat
1 19 60 -8 -60 0 0 -1 0 1 0 1 0 0 3023.dat
1 19 60 -56 -60 0 0 -1 0 1 0 1 0 0 3023.dat
1 19 60 -136 -20 0 0 -1 0 1 0 1 0 0 3023.dat
1 19 60 -152 0 0 0 -1 0 1 0 1 0 0 3023.dat
1 28 60 -160 40 -1 0 0 0 1 0 0 0 -1 61678.dat
1 28 60 -160 -40 1 0 0 0 1 0 0 0 1 61678.dat
1 19 60 -136 40 0 0 -1 0 1 0 1 0 0 3710.dat
1 19 60 -144 0 0 0 -1 0 1 0 1 0 0 3710.dat
1 19 60 -56 60 0 0 -1 0 1 0 1 0 0 3023.dat
1 19 60 -80 60 0 0 1 0 1 0 -1 0 0 2877.dat
1 19 60 -80 -60 0 0 1 0 1 0 -1 0 0 2877.dat
1 71 60 0 -60 0 0 -1 0 1 0 1 0 0 3023.dat
1 71 60 -48 -60 0 0 -1 0 1 0 1 0 0 3023.dat
1 71 50 -40 -50 -1 0 0 0 1 0 0 0 -1 3023.dat
1 71 -10 -40 -50 -1 0 0 0 1 0 0 0 -1 3023.dat
1 71 -80 -40 30 0 0 1 0 1 0 -1 0 0 3623.dat
1 71 10 -56 70 0 0 -1 0 -1 0 -1 0 0 4589.dat
1 71 -20 -56 60 0 0 -1 0 -1 0 -1 0 0 4589.dat
1 297 -36 -76 80 0 0 -1 0 -1 0 -1 0 0 4589.dat
1 71 40 -56 60 0 0 -1 0 -1 0 -1 0 0 4589.dat
1 71 -20 -112 60 0 0 -1 0 1 0 1 0 0 4589.dat
1 71 40 -112 60 0 0 -1 0 1 0 1 0 0 4589.dat
1 0 -20 -84 60 0 0 -1 -1 0 0 0 1 0 32062.dat
1 0 40 -84 60 0 0 -1 -1 0 0 0 1 0 32062.dat
1 43 10 -80 70 0 0 -1 0 -1 0 -1 0 0 4073.dat
1 47 -80 -64 30 -0.382683 0 -0.92388 0 1 0 0.92388 0 -0.382683 3899.dat
1 71 20 -40 -50 1 0 0 0 1 0 0 0 1 61252.dat
0 SYNTH BEGIN TECHNIC_FLEX-SYSTEM_HOSE 80
0 1 71 24 -38 -70 0 1 0 -1 0 0 0 0 1 LS02.dat
0 1 71 -70 -38 -47 0 0.707107 0.707107 -1 0 0 0 -0.707107 0.707107 LS02.dat
0 1 71 -99 -38 74 0 0 1 -1 0 0 0 -1 0 LS02.dat
0 SYNTH SHOW
0 SYNTH SYNTHESIZED BEGIN
1 80 24 -38 -70 0 -41.189 -0.004 -1 0 0 0 -0.1652 1 LS50.dat
1 80 -16.2569 -38 -70.1612 -0 -7.0684 0.0737 -1 0 -0.0002 -0.0002 0.5222 0.9973 LS51.dat
1 80 -22.7184 -38 -69.6839 -0 -5.5924 0.1242 -1 0 -0.0002 -0.0002 0.6998 0.9923 LS51.dat
1 80 -27.7078 -38 -69.0595 -0 -4.8532 0.1742 -1 0 -0.0002 -0.0002 0.8588 0.9847 LS51.dat
1 80 -31.9639 -38 -68.3064 -0 -4.3222 0.2238 -1 0 -0.0002 -0.0002 0.9924 0.9746 LS51.dat
1 80 -35.6969 -38 -67.4493 -0.0001 -4.0334 0.2726 -1 0 -0.0002 -0.0002 1.1427 0.9621 LS51.dat
1 80 -39.1472 -38 -66.4717 -0.0001 -3.812 0.3208 -1 0 -0.0002 -0.0002 1.2913 0.9471 LS51.dat
1 80 -42.3849 -38 -65.3749 -0.0001 -3.6791 0.3683 -1 0 -0.0003 -0.0002 1.4574 0.9297 LS51.dat
1 80 -45.5 -38 -64.141 -0.0001 -3.582 0.4148 -1 0 -0.0003 -0.0002 1.633 0.9099 LS51.dat
1 80 -48.5332 -38 -62.7582 -0.0001 -3.5112 0.46 -1 0 -0.0003 -0.0002 1.8191 0.8879 LS51.dat
1 80 -51.5116 -38 -61.215 -0.0001 -3.5099 0.5038 -1 0 -0.0003 -0.0002 2.0472 0.8638 LS51.dat
1 80 -54.5017 -38 -59.471 -0.0002 -3.5749 0.5465 -1 0 -0.0003 -0.0003 2.333 0.8374 LS51.dat
1 80 -57.5721 -38 -57.4672 -0.0002 -3.6463 0.5879 -1 0 -0.0003 -0.0003 2.6498 0.809 LS51.dat
1 80 -60.7312 -38 -55.1714 -0.0002 -3.9526 0.6277 -1 0 -0.0003 -0.0003 3.1874 0.7784 LS51.dat
1 80 -64.0573 -38 -52.4892 -0.0002 -6.4582 0.6785 -1 0 -0.0003 -0.0003 5.9653 0.7346 LS51.dat
1 80 -70 -38 -47 0 -2.697 0.7247 -1 0 0 0 2.8362 0.6891 LS51.dat
1 80 -72.2821 -38 -44.6001 0 -2.6332 0.7583 -1 0 0 0 3.0632 0.6519 LS51.dat
1 80 -74.5222 -38 -41.9942 0 -2.5623 0.7901 -1 0 0 0 3.303 0.6129 LS51.dat
1 80 -76.7149 -38 -39.1677 0 -2.5007 0.8199 -1 0 0 0 3.5817 0.5725 LS51.dat
1 80 -78.8707 -38 -36.08 0 -2.4336 0.8476 -1 0 0 0 3.8879 0.5306 LS51.dat
1 80 -80.9856 -38 -32.7013 0 -2.3666 0.8731 -1 0 0 0 4.2389 0.4875 LS51.dat
1 80 -83.0592 -38 -28.9871 0 -2.3191 0.8965 -1 0 0 0 4.6915 0.4431 LS51.dat
1 80 -85.1114 -38 -24.8357 0 -2.2555 0.9176 -1 0 0 0 5.2056 0.3976 LS51.dat
1 80 -87.1273 -38 -20.1832 0 -2.1893 0.9364 -1 0 0 0 5.8408 0.351 LS51.dat
1 80 -89.1048 -38 -14.9075 0 -2.1114 0.9528 -1 0 0 0 6.6297 0.3035 LS51.dat
1 80 -91.0325 -38 -8.8547 0 -2.02 0.9669 -1 0 0 0 7.66 0.255 LS51.dat
1 80 -92.8984 -38 -1.7793 0 -1.8775 0.9786 -1 0 0 0 8.9212 0.2059 LS51.dat
1 80 -94.6514 -38 6.5498 0 -1.8212 0.9877 -1 0 0 0 11.5048 0.1564 LS51.dat
1 80 -99.0199 -38 74.4239 0 2.7519 0.9989 -1 0 0 0 -57.6622 0.0477 LS50.dat
0 SYNTH SYNTHESIZED END
0 SYNTH END
1 72 0 -40 -30 0 0 1 0 1 0 -1 0 0 4085c.dat
1 0 -20 -56 -10 0 0 1 0.975342 -0.220697 0 0.220697 0.975342 0 92738.dat
1 72 0 -64 -50 -1 0 0 0 1 0 0 0 -1 3040b.dat
1 71 -80 -40 70 0 0 1 0 1 0 -1 0 0 61252.dat
1 71 -59.858 -40 -30.995 0.707107 0 0.707107 0 1 0 -0.707107 0 0.707107 61252.dat
1 71 60 -32 60 0 0 -1 0 1 0 1 0 0 87552.dat
1 15 -80 -8 50 0 0 -1 0 1 0 1 0 0 3622.dat
1 15 20 -8 -50 -1 0 0 0 1 0 0 0 -1 3622.dat
