0 FILE Shadow Troopers.ldr
0 Shadow Troopers
0 Name: Shadow Troopers.ldr
0 Author: LDraw
0 Unofficial Model
0 ROTATION CENTER 0 0 0 1 "Custom" 
0 ROTATION CONFIG 0 0
1 0 -270.965 -8 -87.871 0 0 1 0 1 0 -1 0 0 Shadow Guard.ldr
1 0 -270.965 -8 -197.871 0 0 1 0 1 0 -1 0 0 Shadow Stormtrooper.ldr
1 0 -160.965 -8 -137.871 0 0 1 0 1 0 -1 0 0 Shadow Guard.ldr
1 0 -209.418 -87.383 61.547 0.853553 0.473087 0.218254 -0.382683 0.853553 -0.353553 -0.353553 0.218254 0.909596 Part 1.ldr
1 0 -160.965 -8 -247.871 0 0 1 0 1 0 -1 0 0 Shadow Stormtrooper.ldr
0
0 FILE Shadow Guard.ldr
0 Shadow Guard
0 Name: Shadow Guard.ldr
0 Author: LDraw
0 Unofficial Model
0 ROTATION CENTER 0 0 0 1 "Custom" 
0 ROTATION CONFIG 0 0
1 0 0 -24 0 1 0 0 0 1 0 0 0 1 30561.dat
1 4 0 -26 0 1 0 0 0 1 0 0 0 1 3626b.dat
1 0 0 -2 0 1 0 0 0 1 0 0 0 1 522.dat
1 0 0 0 0 1 0 0 0 1 0 0 0 1 973.dat
1 0 0 32 0 1 0 0 0 1 0 0 0 1 3815.dat
1 0 -15.552 9 0 0.985 -0.17 0 0.120208 0.6965 -0.707107 0.120208 0.6965 0.707107 3818.dat
1 0 15.552 9 0 0.985 0.17 0 -0.17 0.985 0 0 0 1 3819.dat
1 0 -23.863 28.74 5.144 -0.985 0.12019 0.12019 -0.120208 0.00749887 -0.99235 -0.120208 -0.99235 0.00749887 3820.dat
1 0 23.8634 26.5956 -10.321 0.985 0.12019 -0.12019 -0.17 0.696395 -0.696395 0 0.707 0.707 3820.dat
0 MLCAD BTG Group name
1 71 -26.547 40.232 15.645 -0.985 0.14567 0.0874983 -0.120208 -0.232875 -0.964394 -0.120208 -0.960765 0.247423 64644.dat
0 MLCAD BTG Group name
1 71 -35.517 54.6 75.133 -0.985 0.14567 0.0874983 -0.120208 -0.232875 -0.964394 -0.120208 -0.960765 0.247423 87994.dat
0 MLCAD BTG Group name
1 36 -22.831 34.266 -8.773 -0.985 0.14567 0.0874983 -0.120208 -0.232875 -0.964394 -0.120208 -0.960765 0.247423 30374.dat
0 GROUP 3 Group name
1 0 0 44 0 1 0 0 0 1 0 0 0 1 3816.dat
1 0 0 44 0 1 0 0 0 1 0 0 0 1 3817.dat
0
0 FILE Shadow Stormtrooper.ldr
0 Shadow Stormtrooper
0 Name: Shadow Stormtrooper.ldr
0 Author: LDraw
0 Unofficial Model
0 ROTATION CENTER 0 0 0 1 "Custom" 
0 ROTATION CONFIG 0 0
1 148 0 -24 0 1 0 0 0 1 0 0 0 1 30408p01.dat
1 78 0 -24 0 1 0 0 0 1 0 0 0 1 3626bp01.dat
1 148 0 0 0 1 0 0 0 1 0 0 0 1 973psk.dat
1 0 0 32 0 1 0 0 0 1 0 0 0 1 3815.dat
1 148 -15.552 9 0 0.985 -0.17 0 0.17 0.985 0 0 0 1 3818.dat
1 148 15.552 9 0 0.985 0.17 0 -0.17 0.985 0 0 0 1 3819.dat
1 0 -23.8634 26.5956 -10.321 0.985 -0.12019 0.12019 0.17 0.696395 -0.696395 0 0.707 0.707 3820.dat
1 0 23.8634 26.5956 -10.321 0.985 0.12019 -0.12019 -0.17 0.696395 -0.696395 0 0.707 0.707 3820.dat
1 36 -24.6826 36.3422 -14.2547 0.985 -0.0874983 0.14567 0.17 0.506976 -0.844031 0 0.856884 0.514696 15391c02.dat
1 148 0 44 0 1 0 0 0 1 0 0 0 1 3816.dat
1 148 0 44 0 1 0 0 0 1 0 0 0 1 3817.dat
0
0 FILE Part 1.ldr
0 Part 1
0 Name: Part 1.ldr
0 Author: LDraw
0 Unofficial Model
0 ROTATION CENTER 0 0 0 1 "Custom" 
0 ROTATION CONFIG 0 0
1 0 10 32 0 1 0 0 0 1 0 0 0 1 3795.dat
1 0 -60 16 0 0 0 1 0 1 0 -1 0 0 99206.dat
1 0 -50 -8 0 0 0 1 0 1 0 -1 0 0 30602.dat
1 0 -70 12 0 0 1 0 0 0 1 1 0 0 30602.dat
1 0 -60 -8 10 0 0 1 0 1 0 -1 0 0 87087.dat
1 0 -60 -8 -10 0 0 1 0 1 0 -1 0 0 87087.dat
1 0 60 8 0 0 0 -1 0 1 0 1 0 0 3747b.dat
1 0 40 0 0 0 0 1 0 1 0 -1 0 0 11215.dat
1 0 -120 10 -30 0 1 0 0.92388 0 0.382683 0.382683 0 -0.92388 44676.dat
1 0 -120 10 30 0 1 0 -0.92388 0 0.382683 0.382683 0 0.92388 44676.dat
1 72 20 16 0 0 0 1 0 1 0 -1 0 0 3023.dat
1 72 -40 16 0 0 0 1 0 1 0 -1 0 0 3023.dat
1 72 -40 0 0 0 0 1 0 1 0 -1 0 0 3023.dat
1 72 100 -32 0 0 0 1 0 1 0 -1 0 0 3023.dat
1 72 80 -56 0 0 0 1 0 1 0 -1 0 0 2432.dat
1 72 20 -40 0 0 0 1 0 1 0 -1 0 0 2432.dat
1 72 100 -40 -10 1 0 0 0 1 0 0 0 1 60897.dat
1 72 100 -40 10 -1 0 0 0 1 0 0 0 -1 60897.dat
1 0 120 -32 0 0 0 1 0 1 0 -1 0 0 3794b.dat
1 0 100 -48 0 0 0 1 0 1 0 -1 0 0 3794b.dat
1 0 100 -64 0 0 0 -1 0 1 0 1 0 0 6091.dat
1 0 100 -80 0 0 0 -1 0 1 0 1 0 0 6005.dat
1 0 100 -80 0 0 0 -1 0 1 0 1 0 0 3070b.dat
1 0 140 -32 0 0 0 1 0 1 0 -1 0 0 3794b.dat
1 71 10 8 0 0 0 1 0 1 0 -1 0 0 3022.dat
1 71 50 -8 0 1 0 0 0 1 0 0 0 1 3832.dat
1 71 110 -24 -10 1 0 0 0 1 0 0 0 1 44568.dat
1 71 110 -24 10 -1 0 0 0 1 0 0 0 -1 44568.dat
1 71 110 -27.149 64.605 -1 0 0 0 0.92388 -0.382683 0 -0.382683 -0.92388 Part 2.ldr
1 71 110 -27.149 -65.395 1 0 0 0 0.92388 -0.382683 0 0.382683 0.92388 Part 3.ldr
1 71 -30 8 -10 1 0 0 0 1 0 0 0 1 60470a.dat
1 71 -30 8 10 -1 0 0 0 1 0 0 0 -1 60470a.dat
1 72 50 0 0 0 0 1 0 1 0 -1 0 0 2397.dat
1 72 -112 10 -30 0 -1 0 0.382683 0 0.92388 -0.92388 0 0.382683 63965.dat
1 72 -112 10 30 0 -1 0 -0.707107 0 0.707107 -0.707107 0 -0.707107 63965.dat
1 72 110 -16 0 1 0 0 0 1 0 0 0 1 3020.dat
1 36 -20 24 0 0 0 1 0 1 0 -1 0 0 2412b.dat
1 36 -20 0 0 0 0 1 0 1 0 -1 0 0 2412b.dat
1 36 100 -64 0 0 0 1 0 1 0 -1 0 0 4073.dat
1 36 0 0 0 0 0 1 0 1 0 -1 0 0 2412b.dat
1 36 20 0 0 0 0 1 0 1 0 -1 0 0 2412b.dat
0
0 FILE Part 2.ldr
0 Part 2
0 Name: Part 2.ldr
0 Author: LDraw
0 Unofficial Model
0 ROTATION CENTER 0 0 0 1 "Custom" 
0 ROTATION CONFIG 0 0
1 71 0 16 0 1 0 0 0 1 0 0 0 1 44570.dat
1 36 -30 8 0 0 0 -1 0 1 0 1 0 0 2412b.dat
1 71 20 42 -40 1 0 0 0 1 0 0 0 1 61184.dat
1 36 44 42 -40 0 -1 0 1 0 0 0 0 1 4589.dat
1 72 0 24 -30 1 0 0 0 1 0 0 0 1 2419.dat
1 0 0 8 -20 0 0 -1 0 1 0 1 0 0 87079.dat
1 0 0 32 -40 -1 0 0 0 1 0 0 0 -1 2817.dat
1 0 -10 8 -50 1 0 0 0 1 0 0 0 1 6091.dat
1 0 10 8 -50 1 0 0 0 1 0 0 0 1 6091.dat
0
0 FILE Part 3.ldr
0 Part 3
0 Name: Part 3.ldr
0 Author: LDraw
0 Unofficial Model
0 ROTATION CENTER 0 0 0 1 "Custom" 
0 ROTATION CONFIG 0 0
1 71 0 16 0 1 0 0 0 1 0 0 0 1 44570.dat
1 36 30 8 0 0 0 -1 0 1 0 1 0 0 2412b.dat
1 71 -20 42 -40 -1 0 0 0 1 0 0 0 -1 61184.dat
1 36 -44 42 -40 0 1 0 1 0 0 0 0 -1 4589.dat
1 72 0 24 -30 1 0 0 0 1 0 0 0 1 2419.dat
1 0 0 8 -20 0 0 -1 0 1 0 1 0 0 87079.dat
1 0 0 32 -40 -1 0 0 0 1 0 0 0 -1 2817.dat
1 0 -10 8 -50 1 0 0 0 1 0 0 0 1 6091.dat
1 0 10 8 -50 1 0 0 0 1 0 0 0 1 6091.dat
0
0
