0 FILE Hailfire Droid.ldr
0 Hailfire Droid
0 Name: Hailfire Droid.ldr
0 Author: LDraw
0 Unofficial Model
0 ROTATION CENTER 0 0 0 1 "Custom" 
0 ROTATION CONFIG 0 0
1 0 -314 24 114 0 0 1 0 1 0 -1 0 0 Lieutenant.ldr
1 0 -314 16 -26 0 0 1 0 1 0 -1 0 0 Super Battle Droid.ldr
1 0 -314 16 -126 0 0 1 0 1 0 -1 0 0 Super Battle Droid.ldr
1 0 -200 13 344 1 0 0 0 1 0 0 0 1 Part 1.ldr
0
0 FILE Lieutenant.ldr
0 Lieutenant
0 Name: Lieutenant.ldr
0 Author: LDraw
0 Unofficial Model
0 ROTATION CENTER 0 0 0 1 "Custom" 
0 ROTATION CONFIG 0 0
1 15 0 -24 0 1 0 0 0 1 0 0 0 1 61189.dat
1 78 0 -24 0 1 0 0 0 1 0 0 0 1 3626bp01.dat
1 15 0 0 0 1 0 0 0 1 0 0 0 1 973psu.dat
1 0 0 32 0 1 0 0 0 1 0 0 0 1 3815.dat
1 321 -15.552 9 0 0.985 -0.17 0 0.17 0.985 0 0 0 1 3818.dat
1 321 15.552 9 0 0.985 0.17 0 -0.17 0.985 0 0 0 1 3819.dat
1 0 -23.8634 26.5956 -10.321 0.985 -0.12019 0.12019 0.17 0.696395 -0.696395 0 0.707 0.707 3820.dat
1 0 23.8634 26.5956 -10.321 0.985 0.12019 -0.12019 -0.17 0.696395 -0.696395 0 0.707 0.707 3820.dat
1 0 -24.6826 31.3422 -19.2547 0.985 -0.0874983 0.14567 0.17 0.506976 -0.844031 0 0.856884 0.514696 58247.dat
1 15 0 44 0 1 0 0 0 1 0 0 0 1 3816.dat
1 15 0 44 0 1 0 0 0 1 0 0 0 1 3817.dat
0
0 FILE Super Battle Droid.ldr
0 Super Battle Droid
0 Name: Super Battle Droid.ldr
0 Author: LDraw
0 Unofficial Model
0 ROTATION CENTER 0 0 0 1 "Custom" 
0 ROTATION CONFIG 0 0
1 148 -40 16 0 1 0 0 0 1 0 0 0 1 41889.dat
1 148 -50 80 0 1 0 0 0 1 0 0 0 1 42687.dat
1 148 -63 -32 0 1 0 0 0 1 0 0 0 1 41890.dat
1 148 -17 -32 0 -1 0 0 0 1 0 0 0 -1 41890.dat
0
0 FILE Part 1.ldr
0 Part 1
0 Name: Part 1.ldr
0 Author: LDraw
0 Unofficial Model
0 ROTATION CENTER 0 0 0 1 "Custom" 
0 ROTATION CONFIG 0 0
1 71 -10 24 0 1 0 0 0 1 0 0 0 1 32001.dat
1 71 -86 42 -10 0 -1 0 1 0 0 0 0 1 30374.dat
1 71 -158 42 -10 1 0 0 0 1 0 0 0 1 3673.dat
1 71 -105 42 -10 0 -1 0 1 0 0 0 0 1 41677.dat
1 72 -70 42 -10 0 -1 0 1 0 0 0 0 1 11090.dat
1 71 -86 42 10 0 -1 0 1 0 0 0 0 1 30374.dat
1 71 -158 42 10 1 0 0 0 1 0 0 0 1 3673.dat
1 72 -70 42 10 0 -1 0 1 0 0 0 0 1 11090.dat
1 71 -50 0 0 1 0 0 0 1 0 0 0 1 4032b.dat
1 71 -50 22 0 0 1 0 -1 0 0 0 0 1 4519.dat
1 72 -50 42 0 0 1 0 0 0 -1 -1 0 0 99021.dat
1 71 -50 -8 0 1 0 0 0 1 0 0 0 1 4032b.dat
1 71 -10 -56 0 1 0 0 0 1 0 0 0 1 4032b.dat
1 71 20 0 0 0 0 1 0 1 0 -1 0 0 30386.dat
1 71 0 -10.719 -6.11 1 0 0 0 0.92388 -0.382683 0 0.382683 0.92388 Part 3.ldr
1 71 20 -10.719 6.11 -1 0 0 0 0.92388 -0.382683 0 -0.382683 -0.92388 Part 3.ldr
1 71 0 0 0 0 0 -1 0 1 0 1 0 0 30386.dat
1 72 40 0 0 0 0 -1 0 1 0 1 0 0 3747b.dat
1 72 -50 16 0 -1 0 0 0 1 0 0 0 -1 3709b.dat
1 72 -10 -48 0 -1 0 0 0 1 0 0 0 -1 3709b.dat
1 72 70 -40 10 -1 0 0 0 1 0 0 0 -1 32064b.dat
1 72 70 -40 -10 -1 0 0 0 1 0 0 0 -1 32064b.dat
1 72 0 -30 28 -1 0 0 0 0 -1 0 -1 0 3623.dat
1 70 -10 -30 36 -1 0 0 0 0 -1 0 -1 0 2412b.dat
1 70 30 -30 20 0 0 -1 1 0 0 0 -1 0 11477.dat
1 36 -40 -30 20 0 0 1 -1 0 0 0 -1 0 54200.dat
1 72 0 -30 -28 -1 0 0 0 0 1 0 1 0 3623.dat
1 70 -10 -30 -36 -1 0 0 0 0 1 0 1 0 2412b.dat
1 70 30 -30 -20 0 0 -1 -1 0 0 0 1 0 11477.dat
1 36 -40 -30 -20 0 0 1 1 0 0 0 1 0 54200.dat
1 36 -61 -30 0 0 1 0 1 0 0 0 0 -1 58176.dat
1 70 20 -8 0 -1 0 0 0 1 0 0 0 -1 3021.dat
1 70 80 -16 0 0 0 1 0 1 0 -1 0 0 3023.dat
1 70 80 -48 0 0 0 1 0 1 0 -1 0 0 2412b.dat
1 70 -40 -16 0 0 0 1 0 1 0 -1 0 0 3023.dat
1 70 40 -40 0 0 0 1 0 1 0 -1 0 0 3700.dat
1 70 -60 -40 0 0 0 1 0 1 0 -1 0 0 3700.dat
1 1 -70 -30 0 -1 0 0 0 1 0 0 0 -1 4274.dat
1 0 70 -30 0 0 0 1 0 1 0 -1 0 0 3705.dat
1 0 70 -73.896 100.397 0 0 1 0.92388 0.382683 0 -0.382683 0.92388 0 Part 5.ldr
1 0 70 -73.896 -100.397 0 0 -1 0.92388 0.382683 0 0.382683 -0.92388 0 Part 2.ldr
1 70 -80 -8 10 0 0 1 0 1 0 -1 0 0 2921.dat
1 70 -100 -4 10 0.92388 0 0.382683 0 -1 0 0.382683 0 -0.92388 30259.dat
1 70 -100 -4 -10 -0.92388 0 0.382683 0 -1 0 0.382683 0 0.92388 30259.dat
1 70 -80 -8 -10 0 0 1 0 1 0 -1 0 0 2921.dat
1 484 50 -16 0 0 0 -1 0 1 0 1 0 0 43719.dat
1 484 30 -64 0 0 0 -1 0 1 0 1 0 0 47753.dat
1 484 -50 -64 0 0 0 1 0 1 0 -1 0 0 47753.dat
1 484 -70 -16 0 0 0 1 0 1 0 -1 0 0 43719.dat
1 0 -20 -16 0 0 0 1 0 1 0 -1 0 0 11215.dat
1 0 -10 -40 -10 1 0 0 0 1 0 0 0 1 30414.dat
1 0 -10 -40 10 -1 0 0 0 1 0 0 0 -1 30414.dat
1 0 70 -8 0 0 0 -1 0 1 0 1 0 0 3731.dat
0
0 FILE Part 2.ldr
0 Part 2
0 Name: Part 2.ldr
0 Author: LDraw
0 Unofficial Model
0 ROTATION CENTER 0 0 0 1 "Custom" 
0 ROTATION CONFIG 0 0
1 71 20 -30 0 1 0 0 0 1 0 0 0 1 4519.dat
1 72 20 -40 0 0 0 -1 0 1 0 1 0 0 32064b.dat
1 71 10 -40 -30 -1 0 0 0 1 0 0 0 -1 2877.dat
1 71 10 -40 30 -1 0 0 0 1 0 0 0 -1 11211.dat
1 36 0 -30 32 -1 0 0 0 0 -1 0 -1 0 58176.dat
1 36 20 -30 32 -1 0 0 0 0 -1 0 -1 0 58176.dat
1 72 0 -40 0 0 0 -1 0 1 0 1 0 0 32064b.dat
1 36 0 -64 0 -1 0 0 0 1 0 0 0 -1 15400c01.dat
1 36 20 -64 0 -1 0 0 0 1 0 0 0 -1 15400c01.dat
1 70 10 -16 0 0 0 -1 0 1 0 1 0 0 3020.dat
1 70 10 -72 0 0 0 -1 0 1 0 1 0 0 3020.dat
1 0 60 -30 0 0 0 1 0 1 0 -1 0 0 32015.dat
0
0 FILE Part 3.ldr
0 Part 3
0 Name: Part 3.ldr
0 Author: LDraw
0 Unofficial Model
0 ROTATION CENTER 0 0 0 1 "Custom" 
0 ROTATION CONFIG 0 0
1 72 0 10 -40 -1 0 0 0 1 0 0 0 -1 30552.dat
1 72 20 10 -40 -1 0 0 0 1 0 0 0 -1 30553.dat
1 0 0 10 -70 0 0 -1 0 1 0 1 0 0 18651.dat
1 0 20 10 -70 0 0 -1 0 1 0 1 0 0 18651.dat
1 71 20 10 -75 0 0 -1 -1 0 0 0 1 0 41677.dat
1 71 20 -22 -96 1 0 0 0 0 1 0 -1 0 Part 4.ldr
0 
0 
0
0 FILE Part 4.ldr
0 Part 4
0 Name: Part 4.ldr
0 Author: LDraw
0 Unofficial Model
0 ROTATION CENTER 0 0 0 1 "Custom" 
0 ROTATION CONFIG 0 0
1 70 -10 8 0 -1 0 0 0 1 0 0 0 -1 2445.dat
1 70 -146 40 -10 0 1 0 1 0 0 0 0 -1 47457.dat
1 70 126 40 -10 0 -1 0 -1 0 0 0 0 -1 47457.dat
1 71 -10 16 0 1 0 0 0 1 0 0 0 1 3176.dat
1 71 -10 64 0 -1 0 0 0 -1 0 0 0 1 3176.dat
1 70 -70 -8 -10 1 0 0 0 1 0 0 0 1 2431.dat
1 70 50 -8 -10 1 0 0 0 1 0 0 0 1 2431.dat
1 484 -100 0 10 -1 0 0 0 1 0 0 0 -1 2450.dat
1 484 80 0 10 0 0 -1 0 1 0 1 0 0 2450.dat
1 72 -60 0 -10 0 0 -1 0 1 0 1 0 0 4073.dat
1 72 40 0 -10 0 0 -1 0 1 0 1 0 0 4073.dat
1 72 -40 0 0 0 0 -1 0 1 0 1 0 0 11458.dat
1 72 -10 -6 -10 1 0 0 0 0 1 0 -1 0 42003.dat
1 28 -10 34 -30 0 0 1 -1 0 0 0 -1 0 15462.dat
1 71 -10 11 -30 1 0 0 0 0 1 0 -1 0 32123a.dat
1 71 -10 69 -30 1 0 0 0 0 1 0 -1 0 32123a.dat
1 71 -10 29 -30 1 0 0 0 0 1 0 -1 0 32123a.dat
1 71 -10 42 -30 1 0 0 0 -1 0 0 0 -1 4032b.dat
1 71 -10 -6 12 -1 0 0 0 1 0 0 0 -1 41678.dat
1 72 20 0 0 0 0 -1 0 1 0 1 0 0 11458.dat
1 72 110 30 0 0 -1 0 0 0 1 -1 0 0 44728.dat
1 72 -130 30 0 0 1 0 0 0 1 1 0 0 44728.dat
1 70 -10 72 0 1 0 0 0 -1 0 0 0 -1 2445.dat
1 484 80 80 10 1 0 0 0 -1 0 0 0 -1 2450.dat
1 484 -100 80 10 0 0 1 0 -1 0 1 0 0 2450.dat
1 72 -10 80 0 1 0 0 0 -1 0 0 0 -1 51739.dat
1 72 -130 50 0 0 1 0 0 0 -1 -1 0 0 44728.dat
1 72 110 50 0 0 -1 0 0 0 -1 1 0 0 44728.dat
1 1 -30 -6 10 1 0 0 0 1 0 0 0 1 43093.dat
1 1 10 -6 10 -1 0 0 0 1 0 0 0 -1 43093.dat
1 47 -10 50 -30 -1 0 0 0 -1 0 0 0 1 50990.dat
0
0 FILE Part 5.ldr
0 Part 5
0 Name: Part 5.ldr
0 Author: LDraw
0 Unofficial Model
0 ROTATION CENTER 0 0 0 1 "Custom" 
0 ROTATION CONFIG 0 0
1 71 20 -30 0 1 0 0 0 1 0 0 0 1 4519.dat
1 72 20 -40 0 0 0 -1 0 1 0 1 0 0 32064b.dat
1 71 10 -40 30 1 0 0 0 1 0 0 0 1 2877.dat
1 71 10 -40 -30 1 0 0 0 1 0 0 0 1 11211.dat
1 36 20 -30 -32 1 0 0 0 0 -1 0 1 0 58176.dat
1 36 0 -30 -32 1 0 0 0 0 -1 0 1 0 58176.dat
1 72 0 -40 0 0 0 -1 0 1 0 1 0 0 32064b.dat
1 36 20 -64 0 1 0 0 0 1 0 0 0 1 15400c01.dat
1 36 0 -64 0 1 0 0 0 1 0 0 0 1 15400c01.dat
1 70 10 -16 0 0 0 1 0 1 0 -1 0 0 3020.dat
1 70 10 -72 0 0 0 1 0 1 0 -1 0 0 3020.dat
1 0 60 -30 0 0 0 1 0 1 0 -1 0 0 32015.dat
0
0
