0 FILE Geonosis Troopers.ldr
0 Geonosis Troopers
0 Name: Geonosis Troopers.ldr
0 Author: LDraw
0 Unofficial Model
0 ROTATION CENTER 0 0 0 1 "Custom" 
0 ROTATION CONFIG 0 0
1 0 -53 8 426 0 0 1 0 1 0 -1 0 0 Clone.ldr
1 0 -53 8 336 0 0 1 0 1 0 -1 0 0 Clone 2.ldr
1 0 -181 8 131 0 0 1 0 1 0 -1 0 0 Clone 2.ldr
1 0 20 -83 230 0.707107 0 0.707107 0 1 0 -0.707107 0 0.707107 Part 1.ldr
1 0 -181 8 221 0 0 1 0 1 0 -1 0 0 Clone.ldr
0
0 FILE Clone.ldr
0 Clone
0 Name: Clone.ldr
0 Author: LDraw
0 Unofficial Model
0 ROTATION CENTER 0 0 0 1 "Custom" 
0 ROTATION CONFIG 0 0
1 84 0 -24 0 1 0 0 0 1 0 0 0 1 11217.dat
1 78 0 -24 0 1 0 0 0 1 0 0 0 1 3626bp01.dat
1 84 0 0 0 1 0 0 0 1 0 0 0 1 973.dat
1 70 0 32 0 1 0 0 0 1 0 0 0 1 3815.dat
1 84 -15.552 9 0 0.985 -0.17 0 0.17 0.985 0 0 0 1 3818.dat
1 84 15.552 9 0 0.985 0.17 0 -0.17 0.985 0 0 0 1 3819.dat
1 0 -23.8634 26.5956 -10.321 0.985 -0.12019 0.12019 0.17 0.696395 -0.696395 0 0.707 0.707 3820.dat
1 0 23.8634 26.5956 -10.321 0.985 0.12019 -0.12019 -0.17 0.696395 -0.696395 0 0.707 0.707 3820.dat
1 33 -24.6826 36.3422 -13.2547 0.985 -0.0874983 0.14567 0.17 0.506976 -0.844031 0 0.856884 0.514696 15391c02.dat
1 84 0 44 0 1 0 0 0 1 0 0 0 1 3816.dat
1 84 0 44 0 1 0 0 0 1 0 0 0 1 3817.dat
0
0 FILE Clone 2.ldr
0 Clone 2
0 Name: Clone 2.ldr
0 Author: LDraw
0 Unofficial Model
0 ROTATION CENTER 0 0 0 1 "Custom" 
0 ROTATION CONFIG 0 0
1 84 0 -24 0 1 0 0 0 1 0 0 0 1 15308.dat
1 78 0 -24 0 1 0 0 0 1 0 0 0 1 3626bp01.dat
1 84 0 0 0 1 0 0 0 1 0 0 0 1 973.dat
1 70 0 32 0 1 0 0 0 1 0 0 0 1 3815.dat
1 84 -15.552 9 0 0.985 -0.17 0 0.17 0.985 0 0 0 1 3818.dat
1 84 15.552 9 0 0.985 0.17 0 -0.17 0.985 0 0 0 1 3819.dat
1 0 -23.8634 26.5956 -10.321 0.985 -0.12019 0.12019 0.17 0.696395 -0.696395 0 0.707 0.707 3820.dat
1 0 23.8634 26.5956 -10.321 0.985 0.12019 -0.12019 -0.17 0.696395 -0.696395 0 0.707 0.707 3820.dat
1 33 -24.6826 36.3422 -13.2547 0.985 -0.0874983 0.14567 0.17 0.506976 -0.844031 0 0.856884 0.514696 15391c02.dat
1 84 0 44 0 1 0 0 0 1 0 0 0 1 3816.dat
1 84 0 44 0 1 0 0 0 1 0 0 0 1 3817.dat
0
0 FILE Part 1.ldr
0 Part 1
0 Name: Part 1.ldr
0 Author: LDraw
0 Unofficial Model
0 ROTATION CENTER 0 0 0 1 "Custom" 
0 ROTATION CONFIG 0 0
1 0 -10 8 0 1 0 0 0 1 0 0 0 1 3795.dat
1 0 -10 -8 10 1 0 0 0 1 0 0 0 1 3666.dat
1 0 -10 -80 10 1 0 0 0 1 0 0 0 1 2432.dat
1 0 -10 -48 70 -1 0 0 0 1 0 0 0 -1 85984.dat
1 0 -20 -32 90 -1 0 0 0 1 0 0 0 -1 2569.dat
1 484 -10 0 10 1 0 0 0 1 0 0 0 1 3023.dat
1 484 -10 -16 10 1 0 0 0 1 0 0 0 1 3023.dat
1 71 -60 0 0 0 0 -1 0 1 0 1 0 0 44302.dat
1 71 -60 33.543 32.243 0 0 -1 -0.92388 -0.382683 0 -0.382683 0.92388 0 30386.dat
1 71 -60 99.8 24.589 0 0 -1 -0.92388 0.382683 0 0.382683 0.92388 0 30387.dat
1 71 40 99.8 24.589 0 0 -1 -0.92388 0.382683 0 0.382683 0.92388 0 30387.dat
1 72 40 147.82 -5.307 -1 0 0 0 1 0 0 0 -1 44567.dat
1 72 -60 147.82 -5.307 -1 0 0 0 1 0 0 0 -1 44567.dat
1 72 -70 139.823 -35.307 1 0 0 0 1 0 0 0 1 61678.dat
1 72 50 139.823 -35.307 1 0 0 0 1 0 0 0 1 61678.dat
1 0 -60 155.821 -15.306 -1 0 0 0 1 0 0 0 -1 3176.dat
1 0 40 155.821 -15.306 -1 0 0 0 1 0 0 0 -1 3176.dat
1 71 40 33.543 32.243 0 0 -1 -0.92388 -0.382683 0 -0.382683 0.92388 0 30386.dat
1 71 40 0 0 0 0 -1 0 1 0 1 0 0 44302.dat
1 71 -10 -32 30 1 0 0 0 1 0 0 0 1 76766.dat
1 71 -10 24 0 0 0 -1 0 1 0 1 0 0 2817.dat
1 71 -10 -24 -20 0 0 -1 0 1 0 1 0 0 3020.dat
1 71 -10 -56 -50 1 0 0 0 1 0 0 0 1 4865b.dat
1 72 -10 -40 0 0 0 -1 0 1 0 1 0 0 3020.dat
1 484 -10 -48 40 0 0 -1 0 1 0 1 0 0 3020.dat
1 484 -60 80.939 31.318 1 0 0 0 0.382683 -0.92388 0 0.92388 0.382683 61409.dat
1 484 -50 155.821 -25.305 1 0 0 0 1 0 0 0 1 54200.dat
1 484 30 155.821 -25.305 1 0 0 0 1 0 0 0 1 54200.dat
1 484 40 80.939 31.318 1 0 0 0 0.382683 -0.92388 0 0.92388 0.382683 61409.dat
1 72 0 -40 70 1 0 0 0 1 0 0 0 1 4073.dat
1 72 -20 -40 70 -1 0 0 0 1 0 0 0 -1 4085d.dat
1 72 0 -40 50 0 0 -1 0 1 0 1 0 0 4085d.dat
1 72 -20 -40 50 0 0 1 0 1 0 -1 0 0 4085d.dat
1 72 -20 -32 -40 0 0 1 0 1 0 -1 0 0 63868.dat
1 72 0 -32 -40 0 0 1 0 1 0 -1 0 0 63868.dat
1 72 -10 -50 -72 0 0 1 1 0 0 0 1 0 Part 2.ldr
1 72 -10 -32 0 0 0 1 0 1 0 -1 0 0 3022.dat
1 71 -10 -16 -10 1 0 0 0 1 0 0 0 1 3700.dat
1 0 -10 -6 -30 0 0 -1 0 1 0 1 0 0 32054.dat
1 4 -10 -6 -60 0 0 -1 0 1 0 1 0 0 32062.dat
1 0 -10 -6 -80 -1 0 0 0 1 0 0 0 -1 59443.dat
1 72 -10 34 -3 0 0 1 0 -1 0 1 0 0 59426.dat
1 71 -10 34 50 -1 0 0 0 1 0 0 0 -1 59443.dat
1 14 -10 34 25 -1 0 0 0 1 0 0 0 -1 32123a.dat
1 0 -10 14 -40 0 0 -1 0 1 0 1 0 0 2780.dat
1 33 -10 54 -82 0 0 1 -1 0 0 0 -1 0 4073.dat
1 33 -27.321 44 -82 0.866025 0 0.5 -0.5 0 0.866025 0 -1 0 4073.dat
1 33 -27.321 24 -82 0.866025 0 -0.5 0.5 0 0.866025 0 -1 0 4073.dat
1 33 -10 14 -82 0 0 -1 1 0 0 0 -1 0 4073.dat
1 33 7.321 24 -82 -0.866025 0 -0.5 0.5 0 -0.866025 0 -1 0 4073.dat
1 33 7.321 44 -82 -0.866025 0 0.5 -0.5 0 -0.866025 0 -1 0 4073.dat
1 72 -10 14 -30 1 0 0 0 0 1 0 -1 0 32523.dat
0
0 FILE Part 2.ldr
0 Part 2
0 Name: Part 2.ldr
0 Author: LDraw
0 Unofficial Model
0 ROTATION CENTER 0 0 0 1 "Custom" 
0 ROTATION CONFIG 0 0
1 72 -10 16 0 1 0 0 0 1 0 0 0 1 3022.dat
1 71 -10 8 -10 1 0 0 0 1 0 0 0 1 60470b.dat
1 71 -10 8 10 -1 0 0 0 1 0 0 0 -1 60470b.dat
1 71 0 15.466 -69.066 -1 0 0 0 0.382683 0.92388 0 0.92388 -0.382683 Part 3.ldr
1 71 -20 15.467 69.066 1 0 0 0 0.382683 0.92388 0 -0.92388 0.382683 Part 4.ldr
1 71 0 0 0 0 0 -1 0 1 0 1 0 0 48336.dat
1 484 -10 8 0 0 0 1 0 1 0 -1 0 0 15068.dat
1 0 -20 24 0 0 0 1 0 1 0 -1 0 0 6134.dat
0
0 FILE Part 3.ldr
0 Part 3
0 Name: Part 3.ldr
0 Author: LDraw
0 Unofficial Model
0 ROTATION CENTER 0 0 0 1 "Custom" 
0 ROTATION CONFIG 0 0
1 71 10 32 0 1 0 0 0 1 0 0 0 1 48336.dat
1 71 10 24 10 1 0 0 0 1 0 0 0 1 4150.dat
1 484 0 32 30 0 0 1 0 1 0 -1 0 0 43722.dat
1 72 10 40 10 1 0 0 0 1 0 0 0 1 3022.dat
0
0 FILE Part 4.ldr
0 Part 4
0 Name: Part 4.ldr
0 Author: LDraw
0 Unofficial Model
0 ROTATION CENTER 0 0 0 1 "Custom" 
0 ROTATION CONFIG 0 0
1 71 10 32 0 1 0 0 0 1 0 0 0 1 48336.dat
1 71 10 24 10 1 0 0 0 1 0 0 0 1 4150.dat
1 484 20 32 30 0 0 -1 0 1 0 1 0 0 43723.dat
1 72 10 40 10 1 0 0 0 1 0 0 0 1 3022.dat
0
0
