0 FILE Ezra Speeder Bike.ldr
0 Ezra Speeder Bike
0 Name: Ezra Speeder Bike.ldr
0 Author: LDraw
0 Unofficial Model
0 ROTATION CENTER 0 0 0 1 "Custom" 
0 ROTATION CONFIG 0 0
1 0 -206.807 8 460.981 0 0 1 0 1 0 -1 0 0 Ezra.ldr
1 0 -206.807 8 360.981 0 0 1 0 1 0 -1 0 0 Sabine.ldr
1 0 -206.807 8 260.981 0 0 1 0 1 0 -1 0 0 Stormtrooper.ldr
1 0 87.087 -123.123 293.894 0.853553 0.180194 0.488852 -0.0205981 0.949224 -0.313925 -0.520598 0.257883 0.813925 Part 1.ldr
1 0 105.551 -13.167 49.838 0.653281 0.382683 0.653281 0.0205981 0.853553 -0.520598 -0.756835 0.353553 0.549728 Part 2.ldr
0
0 FILE Ezra.ldr
0 Ezra
0 Name: Ezra.ldr
0 Author: LDraw
0 Unofficial Model
0 ROTATION CENTER 0 0 0 1 "Custom" 
0 ROTATION CONFIG 0 0
1 0 0 -24 0 1 0 0 0 1 0 0 0 1 88283.dat
1 78 0 -24 0 1 0 0 0 1 0 0 0 1 3626bp01.dat
1 28 0 0 0 1 0 0 0 1 0 0 0 1 973.dat
1 484 0 32 0 1 0 0 0 1 0 0 0 1 3815.dat
1 484 -15.552 9 0 0.985 -0.17 0 0.17 0.985 0 0 0 1 3818.dat
1 484 15.552 9 0 0.985 0.17 0 -0.17 0.985 0 0 0 1 3819.dat
1 78 -23.8634 26.5956 -10.321 0.985 -0.12019 0.12019 0.17 0.696395 -0.696395 0 0.707 0.707 3820.dat
1 78 23.8634 26.5956 -10.321 -0.985 -0.12019 -0.12019 0.17 -0.696395 -0.696395 0 -0.707 0.707 3820.dat
1 0 -23.7201 25.7655 -28.6804 0.14567 -0.0874983 -0.985 -0.844031 0.506976 -0.17 0.514696 0.856884 0 4006.dat
1 71 25.6156 36.7485 -20.1449 -0.0874983 0.985 0.14567 -0.506976 -0.17 0.844031 0.856884 0 0.514696 30162.dat
1 43 23.188 24.15 -34.42 -0.506976 -0.17 0.844031 -0.373116 -0.839851 -0.393132 0.776331 -0.514661 0.362738 30374.dat
1 484 0 44 0 1 0 0 0 1 0 0 0 1 3816.dat
1 484 0 44 0 1 0 0 0 1 0 0 0 1 3817.dat
0
0 FILE Sabine.ldr
0 Sabine
0 Name: Sabine.ldr
0 Author: LDraw
0 Unofficial Model
0 ROTATION CENTER 0 0 0 1 "Custom" 
0 ROTATION CONFIG 0 0
1 272 0 -24 0 1 0 0 0 1 0 0 0 1 90396.dat
1 78 0 -24 0 1 0 0 0 1 0 0 0 1 3626bp01.dat
1 72 0 0 0 1 0 0 0 1 0 0 0 1 973.dat
1 28 0 32 0 1 0 0 0 1 0 0 0 1 3815.dat
1 78 -15.552 9 0 0.985 -0.17 0 0.17 0.985 0 0 0 1 3818.dat
1 78 15.552 9 0 0.985 0.17 0 -0.17 0.985 0 0 0 1 3819.dat
1 0 -23.8634 26.5956 -10.321 0.985 -0.12019 0.12019 0.17 0.696395 -0.696395 0 0.707 0.707 3820.dat
1 0 23.8634 26.5956 -10.321 0.985 0.12019 -0.12019 -0.17 0.696395 -0.696395 0 0.707 0.707 3820.dat
1 0 -23.1951 22.7236 -33.8217 0.985 -0.0874983 0.14567 0.17 0.506976 -0.844031 0 0.856884 0.514696 55707a.dat
1 0 23.1951 22.7236 -33.8217 0.985 0.0874983 -0.14567 -0.17 0.506976 -0.844031 0 0.856884 0.514696 55707a.dat
1 28 0 44 0 1 0 0 0 1 0 0 0 1 3816.dat
1 28 0 44 0 1 0 0 0 1 0 0 0 1 3817.dat
0
0 FILE Stormtrooper.ldr
0 Stormtrooper
0 Name: Stormtrooper.ldr
0 Author: LDraw
0 Unofficial Model
0 ROTATION CENTER 0 0 0 1 "Custom" 
0 ROTATION CONFIG 0 0
1 15 0 -24 0 1 0 0 0 1 0 0 0 1 30408p01.dat
1 78 0 -24 0 1 0 0 0 1 0 0 0 1 3626bp01.dat
1 15 0 0 0 1 0 0 0 1 0 0 0 1 973psk.dat
1 0 0 32 0 1 0 0 0 1 0 0 0 1 3815.dat
1 15 -15.552 9 0 0.985 -0.17 0 0.17 0.985 0 0 0 1 3818.dat
1 15 15.552 9 0 0.985 0.17 0 -0.17 0.985 0 0 0 1 3819.dat
1 0 -23.8634 26.5956 -10.321 0.985 -0.12019 0.12019 0.17 0.696395 -0.696395 0 0.707 0.707 3820.dat
1 0 23.8634 26.5956 -10.321 0.985 0.12019 -0.12019 -0.17 0.696395 -0.696395 0 0.707 0.707 3820.dat
1 0 -24.6826 31.3422 -19.2547 0.985 -0.0874983 0.14567 0.17 0.506976 -0.844031 0 0.856884 0.514696 58247.dat
1 15 0 44 0 1 0 0 0 1 0 0 0 1 3816.dat
1 15 0 44 0 1 0 0 0 1 0 0 0 1 3817.dat
0
0 FILE Part 1.ldr
0 Part 1
0 Name: Part 1.ldr
0 Author: LDraw
0 Unofficial Model
0 ROTATION CENTER 0 0 0 1 "Custom" 
0 ROTATION CONFIG 0 0
1 0 0 0 0 0 0 -1 0 1 0 1 0 0 11215.dat
1 71 -40 -40 0 0 0 -1 0 1 0 1 0 0 11215.dat
1 71 -30 -57 -34 0 0 1 -0.382683 -0.92388 0 0.92388 -0.382683 0 58367.dat
1 71 -30 -57 35 0 0 1 0.382683 -0.92388 0 0.92388 0.382683 0 58367.dat
1 71 -80 -54 0 -0.92388 -0.382683 0 0.382683 -0.92388 0 0 0 1 4697b.dat
1 71 -240 9.728 -45.556 -1 0 0 0 0.707107 0.707107 0 0.707107 -0.707107 11476.dat
1 288 -260 11.142 -58.284 0 0 1 0.707107 0.707107 0 -0.707107 0.707107 0 41770.dat
1 72 -230 15.385 -39.899 -1 0 0 0 0.707107 0.707107 0 0.707107 -0.707107 4073.dat
1 71 -240 9.728 45.444 1 0 0 0 0.707107 0.707107 0 -0.707107 0.707107 11476.dat
1 288 -260 11.142 58.172 0 0 1 -0.707107 0.707107 0 -0.707107 -0.707107 0 41769.dat
1 72 -230 15.385 39.787 1 0 0 0 0.707107 0.707107 0 -0.707107 0.707107 4073.dat
1 71 86 0 0 0 -1 0 0 0 -1 1 0 0 3022.dat
1 71 60 -56 0 0 0 -1 0 1 0 1 0 0 2412b.dat
1 71 -98 -2 0 0 1 0 0 0 1 1 0 0 2412b.dat
1 71 -282 1 0 0 1 0 0 0 1 1 0 0 2412b.dat
1 0 -80 -8 0 0 0 1 0 1 0 -1 0 0 99206.dat
1 0 60 -40 0 0 0 -1 0 1 0 1 0 0 99206.dat
1 0 -50 8 -10 1 0 0 0 1 0 0 0 1 30414.dat
1 47 -70 32 0 1 0 0 0 1 0 0 0 1 2654.dat
1 47 50 32 -40 1 0 0 0 1 0 0 0 1 2654.dat
1 47 50 32 40 1 0 0 0 1 0 0 0 1 2654.dat
1 35 -60 18 -20 0 0 1 1 0 0 0 1 0 15391c02.dat
1 35 -60 18 20 0 0 1 -1 0 0 0 -1 0 15391c02.dat
1 0 -50 8 10 -1 0 0 0 1 0 0 0 -1 30414.dat
1 0 60 24 40 0 0 -1 0 1 0 1 0 0 99780.dat
1 0 60 24 -40 0 0 -1 0 1 0 1 0 0 99780.dat
1 0 74 22 -40 0 -1 0 0 0 -1 1 0 0 85984.dat
1 19 20 16 0 0 0 -1 0 1 0 1 0 0 3023.dat
1 288 0 -8 0 0 0 -1 0 1 0 1 0 0 3023.dat
1 288 -240 3 0 0 0 -1 0 1 0 1 0 0 3023.dat
1 288 20 -36 28 1 0 0 0 0 1 0 -1 0 11477.dat
1 288 40 -46 20 1 0 0 0 0 1 0 -1 0 54200.dat
1 288 60 -48 0 0 0 -1 0 1 0 1 0 0 3023.dat
1 19 60 -24 0 0 0 -1 0 1 0 1 0 0 3023.dat
1 19 20 -32 0 0 0 -1 0 1 0 1 0 0 3023.dat
1 0 74 22 40 0 -1 0 0 0 -1 1 0 0 85984.dat
1 0 40 24 -40 0 0 1 0 1 0 -1 0 0 99780.dat
1 0 -260 3 0 0 0 1 0 1 0 -1 0 0 99780.dat
1 0 -240 -5 0 0 0 1 0 1 0 -1 0 0 18649.dat
1 72 -260 -5 0 0 0 1 0 1 0 -1 0 0 3839b.dat
1 0 20 -16 28 0 0 1 -1 0 0 0 -1 0 99780.dat
1 25 20 -26 36 0 0 1 -1 0 0 0 -1 0 3024.dat
1 288 20 -46 28 0 0 1 -1 0 0 0 -1 0 3024.dat
1 0 40 24 40 0 0 1 0 1 0 -1 0 0 99780.dat
1 0 18 22 -40 0 1 0 0 0 1 1 0 0 85984.dat
1 25 18 22 -40 0 1 0 0 0 1 1 0 0 3023.dat
1 288 82 -16 30 0 -1 0 -1 0 0 0 0 -1 3023.dat
1 72 6 -16 30 0 1 0 0 0 1 1 0 0 61409.dat
1 0 60 -16 28 0 0 -1 1 0 0 0 -1 0 99780.dat
1 288 40 -16 28 0 0 -1 1 0 0 0 -1 0 3023.dat
1 288 50 -16 28 1 0 0 0 0 1 0 -1 0 15068.dat
1 72 20 -6 44 -1 0 0 0 0 -1 0 -1 0 4073.dat
1 71 40 -6 36 -1 0 0 0 0 -1 0 -1 0 3623.dat
1 72 82 -16 30 0 -1 0 0 0 1 -1 0 0 61409.dat
1 288 20 -36 -28 -1 0 0 0 0 1 0 1 0 11477.dat
1 288 40 -46 -20 -1 0 0 0 0 1 0 1 0 54200.dat
1 0 20 -16 -28 0 0 1 1 0 0 0 1 0 99780.dat
1 25 20 -26 -36 0 0 1 1 0 0 0 1 0 3024.dat
1 288 20 -46 -28 0 0 1 1 0 0 0 1 0 3024.dat
1 288 82 -16 -30 0 -1 0 1 0 0 0 0 1 3023.dat
1 72 6 -16 -30 0 1 0 0 0 1 1 0 0 61409.dat
1 0 60 -16 -28 0 0 -1 -1 0 0 0 1 0 99780.dat
1 288 40 -16 -28 0 0 -1 -1 0 0 0 1 0 3023.dat
1 288 50 -16 -28 -1 0 0 0 0 1 0 1 0 15068.dat
1 72 20 -6 -44 -1 0 0 0 0 1 0 1 0 4073.dat
1 71 40 -6 -36 -1 0 0 0 0 1 0 1 0 3623.dat
1 72 82 -16 -30 0 -1 0 0 0 1 -1 0 0 61409.dat
1 0 18 22 40 0 1 0 0 0 1 1 0 0 85984.dat
1 25 18 22 40 0 1 0 0 0 1 1 0 0 3023.dat
1 71 50 16 0 0 0 1 0 1 0 -1 0 0 3020.dat
1 19 10 -24 0 1 0 0 0 1 0 0 0 1 3020.dat
1 71 50 16 -50 1 0 0 0 1 0 0 0 1 99207.dat
1 71 30 -16 -10 1 0 0 0 1 0 0 0 1 11211.dat
1 71 -220 -13 0 0 0 -1 0 1 0 1 0 0 11211.dat
1 71 30 -16 10 -1 0 0 0 1 0 0 0 -1 11211.dat
1 19 30 -56 -10 1 0 0 0 1 0 0 0 1 11211.dat
1 19 20 -56 0 0 0 1 0 1 0 -1 0 0 85984.dat
1 19 30 -56 10 -1 0 0 0 1 0 0 0 -1 11211.dat
1 72 60 -16 10 -1 0 0 0 1 0 0 0 -1 87087.dat
1 72 60 -16 -10 1 0 0 0 1 0 0 0 1 87087.dat
1 72 -70 -32 -10 1 0 0 0 1 0 0 0 1 32064b.dat
1 72 -124 -3 -10 0 1 0 -1 0 0 0 0 1 63965.dat
1 72 -70 -22 -25 0 0 -1 -1 0 0 0 1 0 6632.dat
1 72 -70 -22 25 0 0 -1 -1 0 0 0 1 0 6632.dat
1 71 -70 -22 0 0 0 -1 0 1 0 1 0 0 4519.dat
1 71 -110 -22 0 0 0 -1 0 1 0 1 0 0 4519.dat
1 80 -110 -22 -10 0 0 1 0 1 0 -1 0 0 53586.dat
1 80 -110 -22 10 0 0 1 0 1 0 -1 0 0 53586.dat
1 72 40 -64 10 1 0 0 0 1 0 0 0 1 2555.dat
1 72 -80 -48 10 1 0 0 0 1 0 0 0 1 2555.dat
1 72 -80 -48 -10 1 0 0 0 1 0 0 0 1 2555.dat
1 72 -60 -48 -10 1 0 0 0 1 0 0 0 1 4081b.dat
1 72 -60 -48 10 -1 0 0 0 1 0 0 0 -1 4081b.dat
1 25 40 -64 -10 1 0 0 0 1 0 0 0 1 3070b.dat
1 72 -70 -32 10 1 0 0 0 1 0 0 0 1 32064b.dat
1 71 50 16 50 -1 0 0 0 1 0 0 0 -1 99207.dat
1 288 40 8 0 -1 0 0 0 1 0 0 0 -1 3021.dat
1 288 -40 -8 0 -1 0 0 0 1 0 0 0 -1 3021.dat
1 288 -240 11 0 -1 0 0 0 1 0 0 0 -1 3021.dat
1 288 -230 -29 0 0 0 1 0 1 0 -1 0 0 93606.dat
1 288 -50 -40 0 0 0 -1 0 1 0 1 0 0 15068.dat
1 288 -87.655 -72.478 0 0 0.382683 -0.92388 0 0.92388 0.382683 1 0 0 43898.dat
1 288 78 -10 0 0 -1 0 -1 0 0 0 0 -1 3021.dat
1 288 78 -20 0 0 -1 0 0 0 1 -1 0 0 15068.dat
1 288 50 8 -40 -1 0 0 0 1 0 0 0 -1 3068b.dat
1 288 50 8 40 -1 0 0 0 1 0 0 0 -1 3068b.dat
1 288 50 4 -72 -1 0 0 0 0 1 0 1 0 51739.dat
1 288 50 4 72 1 0 0 0 0 1 0 -1 0 51739.dat
1 72 -124 -3 10 0 1 0 -1 0 0 0 0 1 63965.dat
0
0 FILE Part 2.ldr
0 Part 2
0 Name: Part 2.ldr
0 Author: LDraw
0 Unofficial Model
0 ROTATION CENTER 0 0 0 1 "Custom" 
0 ROTATION CONFIG 0 0
1 0 0 0 0 0 0 -1 0 1 0 1 0 0 11215.dat
1 15 -40 -40 0 0 0 -1 0 1 0 1 0 0 11215.dat
1 71 -30 -57 -34 0 0 1 -0.382683 -0.92388 0 0.92388 -0.382683 0 58367.dat
1 71 -30 -57 35 0 0 1 0.382683 -0.92388 0 0.92388 0.382683 0 58367.dat
1 71 -80 -54 0 -0.92388 -0.382683 0 0.382683 -0.92388 0 0 0 1 4697b.dat
1 71 -240 9.728 -45.556 -1 0 0 0 0.707107 0.707107 0 0.707107 -0.707107 11476.dat
1 15 -260 11.142 -58.284 0 0 1 0.707107 0.707107 0 -0.707107 0.707107 0 41770.dat
1 72 -230 15.385 -39.899 -1 0 0 0 0.707107 0.707107 0 0.707107 -0.707107 4073.dat
1 71 -240 9.728 45.444 1 0 0 0 0.707107 0.707107 0 -0.707107 0.707107 11476.dat
1 15 -260 11.142 58.172 0 0 1 -0.707107 0.707107 0 -0.707107 -0.707107 0 41769.dat
1 72 -230 15.385 39.787 1 0 0 0 0.707107 0.707107 0 -0.707107 0.707107 4073.dat
1 71 86 0 0 0 -1 0 0 0 -1 1 0 0 3022.dat
1 0 60 -56 0 0 0 -1 0 1 0 1 0 0 2412b.dat
1 0 -98 -2 0 0 1 0 0 0 1 1 0 0 2412b.dat
1 0 -282 1 0 0 1 0 0 0 1 1 0 0 2412b.dat
1 0 -80 -8 0 0 0 1 0 1 0 -1 0 0 99206.dat
1 0 60 -40 0 0 0 -1 0 1 0 1 0 0 99206.dat
1 0 -50 8 -10 1 0 0 0 1 0 0 0 1 30414.dat
1 47 -70 32 0 1 0 0 0 1 0 0 0 1 2654.dat
1 47 50 32 -40 1 0 0 0 1 0 0 0 1 2654.dat
1 47 50 32 40 1 0 0 0 1 0 0 0 1 2654.dat
1 36 -60 18 -20 0 0 1 1 0 0 0 1 0 15391c02.dat
1 36 -60 18 20 0 0 1 -1 0 0 0 -1 0 15391c02.dat
1 0 -50 8 10 -1 0 0 0 1 0 0 0 -1 30414.dat
1 72 60 24 40 0 0 -1 0 1 0 1 0 0 99780.dat
1 72 60 24 -40 0 0 -1 0 1 0 1 0 0 99780.dat
1 19 20 16 0 0 0 -1 0 1 0 1 0 0 3023.dat
1 15 0 -8 0 0 0 -1 0 1 0 1 0 0 3023.dat
1 15 -240 3 0 0 0 -1 0 1 0 1 0 0 3023.dat
1 15 20 -36 28 1 0 0 0 0 1 0 -1 0 11477.dat
1 15 40 -46 20 1 0 0 0 0 1 0 -1 0 54200.dat
1 15 60 -48 0 0 0 -1 0 1 0 1 0 0 3023.dat
1 19 60 -24 0 0 0 -1 0 1 0 1 0 0 3023.dat
1 19 20 -32 0 0 0 -1 0 1 0 1 0 0 3023.dat
1 0 74 22 40 0 -1 0 0 0 -1 1 0 0 85984.dat
1 72 40 24 -40 0 0 1 0 1 0 -1 0 0 99780.dat
1 0 -260 3 0 0 0 1 0 1 0 -1 0 0 99780.dat
1 0 -240 -5 0 0 0 1 0 1 0 -1 0 0 18649.dat
1 72 -260 -5 0 0 0 1 0 1 0 -1 0 0 3839b.dat
1 15 20 -16 28 0 0 1 -1 0 0 0 -1 0 99780.dat
1 15 20 -46 28 0 0 1 -1 0 0 0 -1 0 3024.dat
1 72 40 24 40 0 0 1 0 1 0 -1 0 0 99780.dat
1 15 82 -16 30 0 -1 0 -1 0 0 0 0 -1 3023.dat
1 72 6 -16 30 0 1 0 0 0 1 1 0 0 61409.dat
1 15 60 -16 28 0 0 -1 1 0 0 0 -1 0 99780.dat
1 72 40 -16 28 0 0 -1 1 0 0 0 -1 0 3023.dat
1 15 50 -16 28 1 0 0 0 0 1 0 -1 0 15068.dat
1 72 20 -6 44 -1 0 0 0 0 -1 0 -1 0 4073.dat
1 71 40 -6 36 -1 0 0 0 0 -1 0 -1 0 3623.dat
1 72 82 -16 30 0 -1 0 0 0 1 -1 0 0 61409.dat
1 15 20 -36 -28 -1 0 0 0 0 1 0 1 0 11477.dat
1 15 40 -46 -20 -1 0 0 0 0 1 0 1 0 54200.dat
1 15 20 -16 -28 0 0 1 1 0 0 0 1 0 99780.dat
1 15 20 -46 -28 0 0 1 1 0 0 0 1 0 3024.dat
1 15 82 -16 -30 0 -1 0 1 0 0 0 0 1 3023.dat
1 72 6 -16 -30 0 1 0 0 0 1 1 0 0 61409.dat
1 15 60 -16 -28 0 0 -1 -1 0 0 0 1 0 99780.dat
1 72 40 -16 -28 0 0 -1 -1 0 0 0 1 0 3023.dat
1 15 50 -16 -28 -1 0 0 0 0 1 0 1 0 15068.dat
1 72 20 -6 -44 -1 0 0 0 0 1 0 1 0 4073.dat
1 72 20 -26 36 -1 0 0 0 0 -1 0 -1 0 4073.dat
1 72 20 -26 -37 -1 0 0 0 0 1 0 1 0 4073.dat
1 71 40 -6 -36 -1 0 0 0 0 1 0 1 0 3623.dat
1 72 82 -16 -30 0 -1 0 0 0 1 -1 0 0 61409.dat
1 0 74 22 -40 0 -1 0 0 0 -1 1 0 0 85984.dat
1 0 18 22 -40 0 1 0 0 0 1 1 0 0 85984.dat
1 15 18 22 -40 0 1 0 0 0 1 1 0 0 3023.dat
1 0 18 22 40 0 1 0 0 0 1 1 0 0 85984.dat
1 15 18 22 40 0 1 0 0 0 1 1 0 0 3023.dat
1 71 50 16 0 0 0 1 0 1 0 -1 0 0 3020.dat
1 19 10 -24 0 1 0 0 0 1 0 0 0 1 3020.dat
1 71 50 16 -50 1 0 0 0 1 0 0 0 1 99207.dat
1 71 30 -16 -10 1 0 0 0 1 0 0 0 1 11211.dat
1 71 -220 -13 0 0 0 -1 0 1 0 1 0 0 11211.dat
1 71 30 -16 10 -1 0 0 0 1 0 0 0 -1 11211.dat
1 19 30 -56 -10 1 0 0 0 1 0 0 0 1 11211.dat
1 19 20 -56 0 0 0 1 0 1 0 -1 0 0 85984.dat
1 19 30 -56 10 -1 0 0 0 1 0 0 0 -1 11211.dat
1 72 60 -16 10 -1 0 0 0 1 0 0 0 -1 87087.dat
1 72 60 -16 -10 1 0 0 0 1 0 0 0 1 87087.dat
1 72 -70 -32 -10 1 0 0 0 1 0 0 0 1 32064b.dat
1 72 -124 -3 -10 0 1 0 -1 0 0 0 0 1 63965.dat
1 72 -70 -22 -25 0 0 -1 -1 0 0 0 1 0 6632.dat
1 72 -70 -22 25 0 0 -1 -1 0 0 0 1 0 6632.dat
1 71 -70 -22 0 0 0 -1 0 1 0 1 0 0 4519.dat
1 71 -110 -22 0 0 0 -1 0 1 0 1 0 0 4519.dat
1 80 -110 -22 -10 0 0 1 0 1 0 -1 0 0 53586.dat
1 80 -110 -22 10 0 0 1 0 1 0 -1 0 0 53586.dat
1 72 40 -64 10 1 0 0 0 1 0 0 0 1 2555.dat
1 72 -80 -48 10 1 0 0 0 1 0 0 0 1 2555.dat
1 72 -80 -48 -10 1 0 0 0 1 0 0 0 1 2555.dat
1 72 -60 -48 -10 1 0 0 0 1 0 0 0 1 4081b.dat
1 72 -60 -48 10 -1 0 0 0 1 0 0 0 -1 4081b.dat
1 71 40 -64 -10 1 0 0 0 1 0 0 0 1 3070b.dat
1 72 -70 -32 10 1 0 0 0 1 0 0 0 1 32064b.dat
1 71 50 16 50 -1 0 0 0 1 0 0 0 -1 99207.dat
1 15 40 8 0 -1 0 0 0 1 0 0 0 -1 3021.dat
1 15 -40 -8 0 -1 0 0 0 1 0 0 0 -1 3021.dat
1 15 -240 11 0 -1 0 0 0 1 0 0 0 -1 3021.dat
1 15 -230 -29 0 0 0 1 0 1 0 -1 0 0 93606.dat
1 15 -50 -40 0 0 0 -1 0 1 0 1 0 0 15068.dat
1 15 -87.655 -72.478 0 0 0.382683 -0.92388 0 0.92388 0.382683 1 0 0 43898.dat
1 15 78 -10 0 0 -1 0 -1 0 0 0 0 -1 3021.dat
1 15 78 -20 0 0 -1 0 0 0 1 -1 0 0 15068.dat
1 15 50 8 -40 -1 0 0 0 1 0 0 0 -1 3068b.dat
1 15 50 8 40 -1 0 0 0 1 0 0 0 -1 3068b.dat
1 15 50 4 -72 -1 0 0 0 0 1 0 1 0 51739.dat
1 15 50 4 72 1 0 0 0 0 1 0 -1 0 51739.dat
1 72 -124 -3 10 0 1 0 -1 0 0 0 0 1 63965.dat
0
0
