0 FILE Pirate Tank.ldr
0 Pirate Tank
0 Name: Pirate Tank.ldr
0 Author: LDraw
0 Unofficial Model
0 ROTATION CENTER 0 0 0 1 "Custom" 
0 ROTATION CONFIG 0 0
1 0 -427.522 0 191.802 0 0 1 0 1 0 -1 0 0 Obi-Wan Kenobi.ldr
1 0 -447.522 0 41.802 0 0 1 0 1 0 -1 0 0 Turk Falso.ldr
1 0 -467.522 0 -98.198 0 0 1 0 1 0 -1 0 0 Hondo Ohnaka.ldr
1 0 -217.86 32 289.662 0.382683 0 -0.92388 0 1 0 0.92388 0 0.382683 Part 1.ldr
0
0 FILE Obi-Wan Kenobi.ldr
0 Obi-Wan Kenobi
0 Name: Obi-Wan Kenobi.ldr
0 Author: LDraw
0 Unofficial Model
0 ROTATION CENTER 0 0 0 1 "Custom" 
0 ROTATION CONFIG 0 0
1 484 0 -24 0 1 0 0 0 1 0 0 0 1 62810.dat
1 78 0 -24 0 1 0 0 0 1 0 0 0 1 3626bps9.dat
1 19 0 0 0 1 0 0 0 1 0 0 0 1 973.dat
1 19 0 32 0 1 0 0 0 1 0 0 0 1 3815.dat
1 15 -15.552 9 0 0.985 -0.17 0 0.17 0.985 0 0 0 1 3818.dat
1 15 15.552 9 0 0.985 0.17 0 -0.17 0.985 0 0 0 1 3819.dat
1 0 -23.8634 26.5956 -10.321 0.985 -0.12019 0.12019 0.17 0.696395 -0.696395 0 0.707 0.707 3820.dat
1 0 23.8634 26.5956 -10.321 0.985 0.12019 -0.12019 -0.17 0.696395 -0.696395 0 0.707 0.707 3820.dat
1 43 -23.1951 22.7236 -33.8217 0.985 -0.0874983 0.14567 0.17 0.506976 -0.844031 0 0.856884 0.514696 577bc01.dat
1 15 0 44 0 1 0 0 0 1 0 0 0 1 3816.dat
1 15 0 44 0 1 0 0 0 1 0 0 0 1 3817.dat
0
0 FILE Turk Falso.ldr
0 Turk Falso
0 Name: Turk Falso.ldr
0 Author: LDraw
0 Unofficial Model
0 ROTATION CENTER 0 0 0 1 "Custom" 
0 ROTATION CONFIG 0 0
1 72 0 -24 0 1 0 0 0 1 0 0 0 1 3626bp01.dat
1 1 0 0 0 1 0 0 0 1 0 0 0 1 973.dat
1 28 0 32 0 1 0 0 0 1 0 0 0 1 3815.dat
1 288 -15.552 9 0 0.985 -0.17 0 0.17 0.985 0 0 0 1 3818.dat
1 288 15.552 9 0 0.985 0.17 0 -0.17 0.985 0 0 0 1 3819.dat
1 72 -23.8634 26.5956 -10.321 0.985 -0.12019 0.12019 0.17 0.696395 -0.696395 0 0.707 0.707 3820.dat
1 72 23.8634 26.5956 -10.321 0.985 0.12019 -0.12019 -0.17 0.696395 -0.696395 0 0.707 0.707 3820.dat
1 72 -24.6826 31.3422 -19.2547 0.985 -0.0874983 0.14567 0.17 0.506976 -0.844031 0 0.856884 0.514696 30132.dat
1 72 24.6826 31.3422 -19.2547 0.985 0.0874983 -0.14567 -0.17 0.506976 -0.844031 0 0.856884 0.514696 30132.dat
1 28 0 44 0 1 0 0 0 1 0 0 0 1 3816.dat
1 28 0 44 0 1 0 0 0 1 0 0 0 1 3817.dat
0
0 FILE Hondo Ohnaka.ldr
0 Hondo Ohnaka
0 Name: Hondo Ohnaka.ldr
0 Author: LDraw
0 Unofficial Model
0 ROTATION CENTER 0 0 0 1 "Custom" 
0 ROTATION CONFIG 0 0
1 0 0 -26 0 1 0 0 0 1 0 0 0 1 2543.dat
1 72 0 -26 0 1 0 0 0 1 0 0 0 1 3626bp01.dat
1 0 0 -2 0 1 0 0 0 1 0 0 0 1 2526.dat
1 320 0 0 0 1 0 0 0 1 0 0 0 1 973.dat
1 28 0 32 0 1 0 0 0 1 0 0 0 1 3815.dat
1 320 -15.552 9 0 0.985 -0.17 0 0.17 0.985 0 0 0 1 3818.dat
1 320 15.552 9 0 0.985 0.17 0 -0.17 0.985 0 0 0 1 3819.dat
1 72 -23.8634 26.5956 -10.321 0.985 -0.12019 0.12019 0.17 0.696395 -0.696395 0 0.707 0.707 3820.dat
1 72 23.8634 26.5956 -10.321 0.985 0.12019 -0.12019 -0.17 0.696395 -0.696395 0 0.707 0.707 3820.dat
1 72 -24.7701 31.8492 -18.3978 0.985 -0.0874983 0.14567 0.17 0.506976 -0.844031 0 0.856884 0.514696 2530.dat
1 28 0 44 0 1 0 0 0 1 0 0 0 1 3816.dat
1 28 0 44 0 1 0 0 0 1 0 0 0 1 3817.dat
0
0 FILE Part 1.ldr
0 Part 1
0 Name: Part 1.ldr
0 Author: LDraw
0 Unofficial Model
0 ROTATION CENTER 0 0 0 1 "Custom" 
0 ROTATION CONFIG 0 0
1 71 -30 0 0 1 0 0 0 1 0 0 0 1 32018.dat
1 71 -30 0 -140 1 0 0 0 1 0 0 0 1 32018.dat
1 71 -230 0 -20 1 0 0 0 1 0 0 0 1 32018.dat
1 4 -350 0 -40 -1 0 0 0 1 0 0 0 -1 30541.dat
1 4 -350 0 -100 -1 0 0 0 1 0 0 0 -1 30541.dat
1 4 -370 -10 -110 1 0 0 0 0 -1 0 1 0 Part 13.ldr
1 4 -450 -10 -30 -1 0 0 0 0 -1 0 -1 0 Part 14.ldr
1 71 -350 24 -70 0 0 -1 0 1 0 1 0 0 3795.dat
1 71 30 -8 -10 -1 0 0 0 1 0 0 0 -1 3795.dat
1 71 30 -8 -130 -1 0 0 0 1 0 0 0 -1 3795.dat
1 72 80 -32 -20 -1 0 0 0 1 0 0 0 -1 3062b.dat
1 72 80 -32 -120 -1 0 0 0 1 0 0 0 -1 3062b.dat
1 72 30 -32 -10 -1 0 0 0 1 0 0 0 -1 3001.dat
1 72 -120 -32 -10 0 0 1 0 1 0 -1 0 0 32000.dat
1 72 -120 -32 -130 0 0 1 0 1 0 -1 0 0 32000.dat
1 72 -20 -32 -10 0 0 1 0 1 0 -1 0 0 32000.dat
1 72 -20 -32 -130 0 0 1 0 1 0 -1 0 0 32000.dat
1 72 -300 -56 -70 0 0 1 0 1 0 -1 0 0 32000.dat
1 71 -320 -56 -60 0 0 1 0 1 0 -1 0 0 6541.dat
1 71 -320 -56 -80 0 0 1 0 1 0 -1 0 0 6541.dat
1 72 30 -32 -130 -1 0 0 0 1 0 0 0 -1 3001.dat
1 72 -190 -32 -70 0 0 1 0 1 0 -1 0 0 3001.dat
1 72 -240 -48 -70 1 0 0 0 1 0 0 0 1 3021.dat
1 71 -260 -72 -70 0 0 -1 0 1 0 1 0 0 4865b.dat
1 71 -140 -32 -70 1 0 0 0 1 0 0 0 1 3002.dat
1 71 70 -56 -140 1 0 0 0 1 0 0 0 1 3747b.dat
1 71 40 -56 -10 0 0 1 0 1 0 -1 0 0 30363.dat
1 71 40 -56 -130 0 0 1 0 1 0 -1 0 0 30363.dat
1 71 -200 -56 -70 0 0 1 0 1 0 -1 0 0 3004.dat
1 71 70 -56 0 -1 0 0 0 1 0 0 0 -1 3747b.dat
1 71 -340 -24 -70 0 0 1 0 1 0 -1 0 0 47457.dat
1 71 -300 -72 -70 0 0 1 0 1 0 -1 0 0 47457.dat
1 71 -330 -46 -80 -1 0 0 0 1 0 0 0 -1 61184.dat
1 71 -330 -46 -60 -1 0 0 0 1 0 0 0 -1 61184.dat
1 0 -354 -46 -60 0 1 0 1 0 0 0 0 -1 3062b.dat
1 0 -354 -46 -80 0 1 0 1 0 0 0 0 -1 3062b.dat
1 15 -270 -32 -60 1 0 0 0 1 0 0 0 1 3455.dat
1 15 -270 -32 -80 1 0 0 0 1 0 0 0 1 3455.dat
1 0 -250 -40 -80 1 0 0 0 1 0 0 0 1 2431.dat
1 0 -120 -88 -70 0 0 -1 0 1 0 1 0 0 2431.dat
1 0 -150 -88 -40 -1 0 0 0 1 0 0 0 -1 3069b.dat
1 0 -150 -88 -100 -1 0 0 0 1 0 0 0 -1 3069b.dat
1 0 -210 -88 -70 0 0 1 0 1 0 -1 0 0 48183.dat
1 15 -210 -96 -70 0 0 1 0 1 0 -1 0 0 3680.dat
1 15 -213.827 -112 -60.761 -0.382683 0 -0.92388 0 1 0 0.92388 0 -0.382683 Part 16.ldr
1 0 -250 -40 -60 1 0 0 0 1 0 0 0 1 2431.dat
1 72 80 -32 0 0 0 -1 0 1 0 1 0 0 3040b.dat
1 72 80 -32 -140 0 0 -1 0 1 0 1 0 0 3040b.dat
1 71 -310 -8 -140 0 0 1 0 1 0 -1 0 0 50305.dat
1 71 -310 -8 0 0 0 1 0 1 0 -1 0 0 50304.dat
1 71 -170 -8 -70 0 0 1 0 1 0 -1 0 0 3033.dat
1 71 -190 -16 20 -1 0 0 0 1 0 0 0 -1 2436b.dat
1 71 -190 -16 -160 1 0 0 0 1 0 0 0 1 2436b.dat
1 71 -240 14 66 -1 0 0 0 0 -1 0 -1 0 Part 9.ldr
1 71 -220 14 -206 1 0 0 0 0 -1 0 1 0 Part 10.ldr
1 71 -311.543 14 37.758 0.92388 0.382683 0 0 0 1 0.382683 -0.92388 0 Part 12.ldr
1 71 -311.543 14 -177.758 0.92388 0.382683 0 0 0 -1 -0.382683 0.92388 0 Part 11.ldr
1 71 -250 -16 20 -1 0 0 0 1 0 0 0 -1 44728.dat
1 71 -250 -16 -160 1 0 0 0 1 0 0 0 1 44728.dat
1 70 -350 -8 -70 0 0 1 0 1 0 -1 0 0 3031.dat
1 70 70 -56 -70 0 0 1 0 1 0 -1 0 0 2456.dat
1 72 50 -80 -100 -1 0 0 0 1 0 0 0 -1 2743.dat
1 72 50 -80 -40 -1 0 0 0 1 0 0 0 -1 2743.dat
1 72 60 -96 -40 -1 0 0 0 1 0 0 0 -1 6091.dat
1 72 60 -96 -100 1 0 0 0 1 0 0 0 1 6091.dat
1 1 70 -70 -90 0 -0.92388 0.382683 0 -0.382683 -0.92388 1 0 0 43093.dat
1 1 70 -70 -50 0 -0.382683 0.92388 0 0.92388 0.382683 -1 0 0 43093.dat
1 0 70 -70 -70 0 -0.92388 -0.382683 0 -0.382683 0.92388 -1 0 0 41678.dat
1 71 68.415 -92.304 -60 -0.92388 0 -0.382683 -0.382683 0 0.92388 0 1 0 61184.dat
1 71 68.415 -92.304 -80 -0.92388 0 -0.382683 -0.382683 0 0.92388 0 1 0 61184.dat
1 0 46.242 -101.489 -60 0 0.92388 -0.382683 0 0.382683 0.92388 1 0 0 3062b.dat
1 0 46.242 -101.489 -80 0 0.92388 -0.382683 0 0.382683 0.92388 1 0 0 3062b.dat
1 70 60 -64 -10 1 0 0 0 1 0 0 0 1 3021.dat
1 70 60 -64 -130 1 0 0 0 1 0 0 0 1 3021.dat
1 70 60 -72 -160 1 0 0 0 1 0 0 0 1 2420.dat
1 70 60 -72 20 0 0 1 0 1 0 -1 0 0 2420.dat
1 72 60 -64 -170 0 0 1 0 1 0 -1 0 0 30383.dat
1 72 80 -64 -170 0 0 1 0 1 0 -1 0 0 30383.dat
1 72 80 -64 30 0 0 -1 0 1 0 1 0 0 30383.dat
1 72 60 -64 30 0 0 -1 0 1 0 1 0 0 30383.dat
1 72 50 -96 -196 1 0 0 0 1 0 0 0 1 Part 15.ldr
1 72 50 -96 56 1 0 0 0 1 0 0 0 1 Part 17.ldr
1 70 -190 -32 -130 1 0 0 0 1 0 0 0 1 2456.dat
1 70 -230 -56 -70 1 0 0 0 1 0 0 0 1 3068b.dat
1 70 -190 -32 -10 1 0 0 0 1 0 0 0 1 2456.dat
1 70 -130 -56 -70 0 0 1 0 1 0 -1 0 0 2456.dat
1 70 -130 -56 0 -1 0 0 0 1 0 0 0 -1 3298.dat
1 70 -170 -56 -40 -1 0 0 0 1 0 0 0 -1 3298.dat
1 70 -200 -56 -40 -1 0 0 0 1 0 0 0 -1 4286.dat
1 70 -200 -56 -100 1 0 0 0 1 0 0 0 1 4286.dat
1 28 -230 -56 -100 0 0 1 0 1 0 -1 0 0 41750.dat
1 28 -230 -56 -40 0 0 1 0 1 0 -1 0 0 41749.dat
1 28 0 -8 -190 1 0 0 0 1 0 0 0 1 47753.dat
1 28 0 -8 50 -1 0 0 0 1 0 0 0 -1 47753.dat
1 71 -120 -80 -70 0 0 1 0 1 0 -1 0 0 3004.dat
1 71 -170 -80 -100 1 0 0 0 1 0 0 0 1 3004.dat
1 71 -220 -80 -90 0 0 1 0 1 0 -1 0 0 6565.dat
1 71 -220 -80 -50 0 0 1 0 1 0 -1 0 0 6564.dat
1 71 -170 -80 -40 1 0 0 0 1 0 0 0 1 3004.dat
1 70 -170 -56 -100 1 0 0 0 1 0 0 0 1 3298.dat
1 70 -130 -80 -40 -1 0 0 0 1 0 0 0 -1 3298.dat
1 70 -130 -80 -100 1 0 0 0 1 0 0 0 1 3298.dat
1 70 -130 -56 -140 1 0 0 0 1 0 0 0 1 3298.dat
1 70 -130 -32 -170 1 0 0 0 1 0 0 0 1 3003.dat
1 70 -130 -32 30 1 0 0 0 1 0 0 0 1 3003.dat
1 0 100 -8 -140 -1 0 0 0 1 0 0 0 -1 4081b.dat
1 0 100 -8 0 1 0 0 0 1 0 0 0 1 4081b.dat
1 0 60 -80 10 0 0 -1 0 1 0 1 0 0 2412b.dat
1 0 60 -80 -150 0 0 -1 0 1 0 1 0 0 2412b.dat
1 19 -100 24 -10 0 0 -1 0 1 0 1 0 0 3023.dat
1 19 80 24 -10 0 0 -1 0 1 0 1 0 0 3023.dat
1 19 -100 24 -130 0 0 -1 0 1 0 1 0 0 3023.dat
0 MLCAD BTG Group name
1 19 -290 10 -110 0 0 -1 0 1 0 1 0 0 3749.dat
0 MLCAD BTG Group name
1 14 -290 10 -95 -1 0 0 0 1 0 0 0 -1 32123a.dat
0 MLCAD BTG Group name
1 0 -290 10 -100 -1 0 0 0 0 -1 0 -1 0 2723.dat
0 GROUP 3 Group name
1 19 -290 10 -30 0 0 1 0 1 0 -1 0 0 3749.dat
1 14 -290 10 -45 1 0 0 0 1 0 0 0 1 32123a.dat
1 0 -290 10 -40 1 0 0 0 0 -1 0 1 0 2723.dat
0 MLCAD BTG Group name2
1 19 50 10 -110 0 0 -1 0 1 0 1 0 0 3749.dat
0 MLCAD BTG Group name2
1 14 50 10 -95 -1 0 0 0 1 0 0 0 -1 32123a.dat
0 MLCAD BTG Group name2
1 0 50 10 -100 -1 0 0 0 0 -1 0 -1 0 2723.dat
0 MLCAD BTG Group name2
1 19 50 10 -30 0 0 1 0 1 0 -1 0 0 3749.dat
0 MLCAD BTG Group name2
1 14 50 10 -45 1 0 0 0 1 0 0 0 1 32123a.dat
0 MLCAD BTG Group name2
1 0 50 10 -40 1 0 0 0 0 -1 0 1 0 2723.dat
0 GROUP 6 Group name2
1 19 80 24 -130 0 0 -1 0 1 0 1 0 0 3023.dat
1 72 30 0 -20 1 0 0 0 1 0 0 0 1 3894.dat
1 71 -230 0 -120 1 0 0 0 1 0 0 0 1 32018.dat
1 72 30 0 -120 1 0 0 0 1 0 0 0 1 3894.dat
1 72 0 0 -160 1 0 0 0 1 0 0 0 1 32000.dat
1 72 0 0 20 1 0 0 0 1 0 0 0 1 32000.dat
1 70 0 24 50 0 0 1 0 1 0 -1 0 0 3020.dat
1 70 0 24 -190 0 0 1 0 1 0 -1 0 0 3020.dat
1 0 -10 16 -210 0 0 1 0 1 0 -1 0 0 63868.dat
1 0 -10 -33.726 126.238 1 0 0 0 0.333807 0.942641 0 -0.942641 0.333807 Part 7.ldr
1 0 -10 -33.953 -265.786 -1 0 0 0 0.34202 0.939693 0 0.939693 -0.34202 Part 8.ldr
1 0 10 16 -210 0 0 1 0 1 0 -1 0 0 63868.dat
1 0 10 16 70 0 0 -1 0 1 0 1 0 0 63868.dat
1 0 -10 16 70 0 0 -1 0 1 0 1 0 0 63868.dat
1 0 -150 10 -10 0 0 1 0 1 0 -1 0 0 4459.dat
1 0 -110 10 -10 0 0 1 0 1 0 -1 0 0 4459.dat
1 0 30 10 -10 0 0 1 0 1 0 -1 0 0 4459.dat
1 0 -150 10 -130 0 0 1 0 1 0 -1 0 0 4459.dat
1 0 -110 10 -130 0 0 1 0 1 0 -1 0 0 4459.dat
1 0 30 10 -130 0 0 1 0 1 0 -1 0 0 4459.dat
1 0 10 10 10 0 0 1 0 1 0 -1 0 0 4459.dat
1 0 -10 10 10 0 0 1 0 1 0 -1 0 0 4459.dat
1 0 10 10 -30 0 0 1 0 1 0 -1 0 0 4459.dat
1 0 -10 -50 -40 1 0 0 0 0 1 0 -1 0 32140.dat
1 0 -10 10 -30 0 0 1 0 1 0 -1 0 0 4459.dat
1 0 -10 -10 -50 0 0 1 0 1 0 -1 0 0 4459.dat
1 0 -10 -50 -100 1 0 0 0 0 1 0 -1 0 32140.dat
1 0 -68 6 -32 0 0 1 1 0 0 0 1 0 Part 4.ldr
1 0 -10 -10 -88 0 0 1 0 1 0 -1 0 0 4459.dat
1 0 -19.235 7.741 -76 0.887011 0 0.461749 0.461749 0 -0.887011 0 1 0 Part 3.ldr
1 0 -10 -50 -70 0 0 1 0 1 0 -1 0 0 3705.dat
1 0 -70 -22 0 1 0 0 0 0.798636 -0.601815 0 0.601815 0.798636 3706.dat
1 0 -54.722 -50.339 -46 -0.891007 0 0.45399 -0.45399 0 -0.891007 0 -1 0 Part 2.ldr
1 0 10 10 -110 0 0 1 0 1 0 -1 0 0 4459.dat
1 0 -10 10 -110 0 0 1 0 1 0 -1 0 0 4459.dat
1 0 10 10 -150 0 0 1 0 1 0 -1 0 0 4459.dat
1 0 -10 10 -150 0 0 1 0 1 0 -1 0 0 4459.dat
1 0 -70 -22 -140 1 0 0 0 0.601815 -0.798636 0 0.798636 0.601815 3706.dat
1 0 -80 -63.696 -161.599 1 0 0 0 0.601815 -0.798636 0 0.798636 0.601815 Part 6.ldr
1 0 -60 -63.719 21.43 -1 0 0 0 0.601815 -0.798636 0 -0.798636 -0.601815 Part 5.ldr
0
0 FILE Part 2.ldr
0 Part 2
0 Name: Part 2.ldr
0 Author: LDraw
0 Unofficial Model
0 ROTATION CENTER 0 0 0 1 "Custom" 
0 ROTATION CONFIG 0 0
1 0 -40 24 0 1 0 0 0 1 0 0 0 1 32140.dat
1 4 -40 24 40 0 1 0 -1 0 0 0 0 1 32062.dat
1 4 -40 24 0 0 1 0 -1 0 0 0 0 1 32062.dat
1 19 -40 4 -20 0 -1 0 1 0 0 0 0 1 3749.dat
1 19 -40 44 -20 0 1 0 -1 0 0 0 0 1 3749.dat
1 71 -40 9 10 1 0 0 0 1 0 0 0 1 32449.dat
1 71 -40 39 10 1 0 0 0 1 0 0 0 1 32449.dat
0
0 FILE Part 3.ldr
0 Part 3
0 Name: Part 3.ldr
0 Author: LDraw
0 Unofficial Model
0 ROTATION CENTER 0 0 0 1 "Custom" 
0 ROTATION CONFIG 0 0
1 15 0 16 0 1 0 0 0 1 0 0 0 1 32523.dat
1 15 0 -4 0 1 0 0 0 1 0 0 0 1 32523.dat
1 0 0 6 0 0 -1 0 1 0 0 0 0 1 2780.dat
1 19 0 -14 -20 0 1 0 -1 0 0 0 0 1 3749.dat
1 19 0 26 -20 0 -1 0 1 0 0 0 0 1 3749.dat
0
0 FILE Part 4.ldr
0 Part 4
0 Name: Part 4.ldr
0 Author: LDraw
0 Unofficial Model
0 ROTATION CENTER 0 0 0 1 "Custom" 
0 ROTATION CONFIG 0 0
1 72 0 -8 0 1 0 0 0 1 0 0 0 1 60484.dat
1 0 0 -18 0 0 1 0 -1 0 0 0 0 1 2780.dat
1 0 -10 -38 0 0 1 0 -1 0 0 0 0 1 2817.dat
1 72 0 -68 0 -1 0 0 0 -1 0 0 0 1 60484.dat
1 0 0 -58 0 0 -1 0 1 0 0 0 0 1 2780.dat
1 19 0 2 40 0 -1 0 1 0 0 0 0 1 3749.dat
1 19 0 -78 40 0 1 0 -1 0 0 0 0 1 3749.dat
0
0 FILE Part 5.ldr
0 Part 5
0 Name: Part 5.ldr
0 Author: LDraw
0 Unofficial Model
0 ROTATION CENTER 0 0 0 1 "Custom" 
0 ROTATION CONFIG 0 0
1 71 10 24 10 -1 0 0 0 1 0 0 0 -1 6179.dat
1 71 30 32 40 -1 0 0 0 1 0 0 0 -1 48336.dat
1 71 -10 32 40 -1 0 0 0 1 0 0 0 -1 3004.dat
1 72 0 32 10 0 0 1 0 1 0 -1 0 0 32000.dat
1 72 30 63.357 87.244 -1 0 0 0 0.642788 -0.766044 0 -0.766044 -0.642788 30350.dat
1 72 20 32 10 0 0 1 0 1 0 -1 0 0 32000.dat
1 1 -10 42 0 -1 0 0 0 1 0 0 0 -1 4274.dat
1 1 30 42 0 1 0 0 0 1 0 0 0 1 4274.dat
1 15 -20 42 0 0 -1 0 1 0 0 0 0 1 32523.dat
1 15 40 42 0 0 -1 0 1 0 0 0 0 1 32523.dat
1 0 -20 42 20 1 0 0 0 1 0 0 0 1 32054.dat
1 19 30 40 40 -1 0 0 0 1 0 0 0 -1 3023.dat
1 19 30 48 40 -1 0 0 0 1 0 0 0 -1 3023.dat
1 19 10 56 30 -1 0 0 0 1 0 0 0 -1 2654.dat
1 71 10 16 -20 -1 0 0 0 1 0 0 0 -1 2431.dat
0
0 FILE Part 6.ldr
0 Part 6
0 Name: Part 6.ldr
0 Author: LDraw
0 Unofficial Model
0 ROTATION CENTER 0 0 0 1 "Custom" 
0 ROTATION CONFIG 0 0
1 71 10 24 10 -1 0 0 0 1 0 0 0 -1 6179.dat
1 71 30 32 40 -1 0 0 0 1 0 0 0 -1 48336.dat
1 71 -10 32 40 -1 0 0 0 1 0 0 0 -1 3004.dat
1 72 0 32 10 0 0 1 0 1 0 -1 0 0 32000.dat
1 72 30 63.357 87.244 -1 0 0 0 0.642788 -0.766044 0 -0.766044 -0.642788 30350.dat
1 72 20 32 10 0 0 1 0 1 0 -1 0 0 32000.dat
1 1 -10 42 0 -1 0 0 0 1 0 0 0 -1 4274.dat
1 1 30 42 0 1 0 0 0 1 0 0 0 1 4274.dat
1 15 -20 42 0 0 -1 0 1 0 0 0 0 1 32523.dat
1 15 40 42 0 0 -1 0 1 0 0 0 0 1 32523.dat
1 0 40 42 20 -1 0 0 0 1 0 0 0 -1 32054.dat
1 19 30 40 40 -1 0 0 0 1 0 0 0 -1 3023.dat
1 19 30 48 40 -1 0 0 0 1 0 0 0 -1 3023.dat
1 19 10 56 30 -1 0 0 0 1 0 0 0 -1 2654.dat
1 71 10 16 -20 -1 0 0 0 1 0 0 0 -1 2431.dat
0
0 FILE Part 7.ldr
0 Part 7
0 Name: Part 7.ldr
0 Author: LDraw
0 Unofficial Model
0 ROTATION CENTER 0 0 0 1 "Custom" 
0 ROTATION CONFIG 0 0
1 72 10 32 0 1 0 0 0 1 0 0 0 1 2419.dat
1 71 10 40 20 -1 0 0 0 1 0 0 0 -1 48336.dat
1 71 40 24 20 0 0 1 0 1 0 -1 0 0 2555.dat
1 71 20 24 0 0 0 1 0 1 0 -1 0 0 2555.dat
1 0 -20 24 10 0 0 1 0 1 0 -1 0 0 2412b.dat
1 0 0 18 0 0 -0.446198 -0.894934 -1 0 0 0 0.894934 -0.446198 30088.dat
1 0 20 18 20 0 -0.446198 -0.894934 -1 0 0 0 0.894934 -0.446198 30088.dat
1 19 10 48 10 -1 0 0 0 1 0 0 0 -1 2654.dat
1 70 40 40 0 0 0 -1 0 1 0 1 0 0 2420.dat
1 70 -20 40 0 1 0 0 0 1 0 0 0 1 2420.dat
0
0 FILE Part 8.ldr
0 Part 8
0 Name: Part 8.ldr
0 Author: LDraw
0 Unofficial Model
0 ROTATION CENTER 0 0 0 1 "Custom" 
0 ROTATION CONFIG 0 0
1 72 10 32 0 1 0 0 0 1 0 0 0 1 2419.dat
1 71 10 40 20 -1 0 0 0 1 0 0 0 -1 48336.dat
1 71 -20 24 20 0 0 1 0 1 0 -1 0 0 2555.dat
1 71 0 24 0 0 0 1 0 1 0 -1 0 0 2555.dat
1 0 40 24 10 0 0 1 0 1 0 -1 0 0 2412b.dat
1 0 20 18 0 0 0.446198 0.894934 1 0 0 0 0.894934 -0.446198 30088.dat
1 0 0 18 20 0 0.446198 0.894934 1 0 0 0 0.894934 -0.446198 30088.dat
1 19 10 48 10 -1 0 0 0 1 0 0 0 -1 2654.dat
1 70 40 40 0 0 0 -1 0 1 0 1 0 0 2420.dat
1 70 -20 40 0 1 0 0 0 1 0 0 0 1 2420.dat
0
0 FILE Part 9.ldr
0 Part 9
0 Name: Part 9.ldr
0 Author: LDraw
0 Unofficial Model
0 ROTATION CENTER 0 0 0 1 "Custom" 
0 ROTATION CONFIG 0 0
1 72 -10 16 0 1 0 0 0 1 0 0 0 1 3710.dat
1 70 -30 8 10 1 0 0 0 1 0 0 0 1 3068b.dat
1 70 0 16 40 0 0 -1 0 1 0 1 0 0 2450.dat
1 70 -60 16 40 0 0 -1 0 1 0 1 0 0 2450.dat
1 72 -30 24 20 1 0 0 0 1 0 0 0 1 3666.dat
1 71 10 24 0 1 0 0 0 1 0 0 0 1 44302.dat
0
0 FILE Part 10.ldr
0 Part 10
0 Name: Part 10.ldr
0 Author: LDraw
0 Unofficial Model
0 ROTATION CENTER 0 0 0 1 "Custom" 
0 ROTATION CONFIG 0 0
1 72 -10 16 0 -1 0 0 0 1 0 0 0 -1 3710.dat
1 70 10 8 10 1 0 0 0 1 0 0 0 1 3068b.dat
1 70 40 16 40 -1 0 0 0 1 0 0 0 -1 2450.dat
1 70 -20 16 40 -1 0 0 0 1 0 0 0 -1 2450.dat
1 72 10 24 20 1 0 0 0 1 0 0 0 1 3666.dat
1 71 -30 24 0 -1 0 0 0 1 0 0 0 -1 44302.dat
0
0 FILE Part 11.ldr
0 Part 11
0 Name: Part 11.ldr
0 Author: LDraw
0 Unofficial Model
0 ROTATION CENTER 0 0 0 1 "Custom" 
0 ROTATION CONFIG 0 0
1 72 0 8 0 1 0 0 0 1 0 0 0 1 44301.dat
1 72 -20 0 0 1 0 0 0 1 0 0 0 1 3710.dat
1 72 -20 16 0 1 0 0 0 1 0 0 0 1 3710.dat
1 70 -40 8 10 1 0 0 0 1 0 0 0 1 3022.dat
1 70 -40 -8 10 1 0 0 0 1 0 0 0 1 3068b.dat
1 70 -10 0 40 -1 0 0 0 1 0 0 0 -1 2450.dat
1 70 -70 0 40 -1 0 0 0 1 0 0 0 -1 2450.dat
0
0 FILE Part 12.ldr
0 Part 12
0 Name: Part 12.ldr
0 Author: LDraw
0 Unofficial Model
0 ROTATION CENTER 0 0 0 1 "Custom" 
0 ROTATION CONFIG 0 0
1 72 0 8 0 1 0 0 0 1 0 0 0 1 44301.dat
1 72 -20 0 0 1 0 0 0 1 0 0 0 1 3710.dat
1 72 -20 16 0 1 0 0 0 1 0 0 0 1 3710.dat
1 70 -40 8 -10 1 0 0 0 1 0 0 0 1 3022.dat
1 70 -40 -8 -10 1 0 0 0 1 0 0 0 1 3068b.dat
1 70 -10 0 -40 0 0 1 0 1 0 -1 0 0 2450.dat
1 70 -70 0 -40 0 0 1 0 1 0 -1 0 0 2450.dat
0
0 FILE Part 13.ldr
0 Part 13
0 Name: Part 13.ldr
0 Author: LDraw
0 Unofficial Model
0 ROTATION CENTER 0 0 0 1 "Custom" 
0 ROTATION CONFIG 0 0
1 72 -30 8 0 0 0 -1 0 1 0 1 0 0 30357.dat
1 72 -40 0 0 0 0 -1 0 1 0 1 0 0 3021.dat
1 72 -80 0 0 -1 0 0 0 1 0 0 0 -1 43723.dat
1 71 -40 8 -20 1 0 0 0 1 0 0 0 1 44302.dat
1 19 -40 16 -10 1 0 0 0 1 0 0 0 1 2654.dat
1 0 -60 -8 -20 1 0 0 0 1 0 0 0 1 3069b.dat
0
0 FILE Part 14.ldr
0 Part 14
0 Name: Part 14.ldr
0 Author: LDraw
0 Unofficial Model
0 ROTATION CENTER 0 0 0 1 "Custom" 
0 ROTATION CONFIG 0 0
1 72 -50 8 0 1 0 0 0 1 0 0 0 1 30357.dat
1 72 -40 0 0 0 0 -1 0 1 0 1 0 0 3021.dat
1 72 0 0 0 -1 0 0 0 1 0 0 0 -1 43722.dat
1 71 -40 8 -20 -1 0 0 0 1 0 0 0 -1 44302.dat
1 19 -40 16 -10 1 0 0 0 1 0 0 0 1 2654.dat
1 0 -20 -8 -20 1 0 0 0 1 0 0 0 1 3069b.dat
0
0 FILE Part 15.ldr
0 Part 15
0 Name: Part 15.ldr
0 Author: LDraw
0 Unofficial Model
0 ROTATION CENTER 0 0 0 1 "Custom" 
0 ROTATION CONFIG 0 0
1 72 20 8 0 1 0 0 0 1 0 0 0 1 3666.dat
1 72 70 -16 0 0 0 -1 0 1 0 1 0 0 6541.dat
1 72 0 0 0 1 0 0 0 1 0 0 0 1 3710.dat
1 70 10 -34 -18 0 0 -1 -1 0 0 0 1 0 30357.dat
1 70 50 -64 -18 -1 0 0 0 0 1 0 1 0 3021.dat
1 15 20 -24 -26 -1 0 0 0 0 1 0 1 0 3020.dat
0 MLCAD BTG Group name
1 15 20 -24 26 1 0 0 0 0 1 0 -1 0 3020.dat
1 70 60 -14 -18 0 0 1 1 0 0 0 1 0 3021.dat
1 70 -20 -4 -18 0 0 1 1 0 0 0 1 0 3022.dat
0 MLCAD BTG Group name
1 70 10 -34 18 -1 0 0 0 0 -1 0 -1 0 30357.dat
0 MLCAD BTG Group name
1 70 10 -24 34 0 0 1 -1 0 0 0 -1 0 45677.dat
0 MLCAD BTG Group name
1 70 30 -24 34 0 0 -1 1 0 0 0 -1 0 45677.dat
1 70 30 -24 -34 0 0 -1 -1 0 0 0 1 0 45677.dat
1 70 10 -24 -34 0 0 1 1 0 0 0 1 0 45677.dat
0 MLCAD BTG Group name
1 70 50 -64 18 1 0 0 0 0 1 0 -1 0 3021.dat
0 MLCAD BTG Group name
1 70 60 -14 18 0 0 -1 1 0 0 0 -1 0 3021.dat
0 MLCAD BTG Group name
1 70 -20 -4 18 0 0 -1 1 0 0 0 -1 0 3022.dat
0 MLCAD BTG Group name
1 71 30 -4 18 0 0 -1 1 0 0 0 -1 0 44302.dat
0 MLCAD BTG Group name
1 71 10 -4 18 0 0 -1 1 0 0 0 -1 0 44302.dat
0 GROUP 9 Group name
1 72 0 -40 0 1 0 0 0 1 0 0 0 1 3710.dat
1 72 -52 -24 0 0 1 0 -1 0 0 0 0 1 3710.dat
1 15 -30 -24 0 0 0 1 0 1 0 -1 0 0 4070.dat
1 0 0 -24 0 1 0 0 0 1 0 0 0 1 52107.dat
1 0 40 -24 0 1 0 0 0 1 0 0 0 1 52107.dat
1 0 20 -64 0 1 0 0 0 1 0 0 0 1 52107.dat
1 0 40 -88 0 1 0 0 0 1 0 0 0 1 2412b.dat
1 0 -60 -24 0 0 1 0 -1 0 0 0 0 1 2412b.dat
1 71 -60 -54 0 0 1 0 0 0 1 1 0 0 2555.dat
1 71 89 -46 0 0 0 -1 -0.707107 0.707107 0 0.707107 0.707107 0 32187.dat
1 71 89 -6 0 0 0 -1 -0.707107 0.707107 0 0.707107 0.707107 0 32187.dat
1 71 -60 6 0 0 1 0 0 0 1 1 0 0 2555.dat
1 71 -66 16 0 0 0 1 0 -1 0 1 0 0 30374.dat
1 0 80 -88 0 1 0 0 0 1 0 0 0 1 2412b.dat
1 0 -20 -88 0 0 0 1 0 1 0 -1 0 0 61678.dat
1 0 80 -6 0 1 0 0 0 1 0 0 0 1 2780.dat
1 0 70 -24 0 1 0 0 0 1 0 0 0 1 4073.dat
1 72 70 -56 0 0 0 -1 0 1 0 1 0 0 6541.dat
1 0 80 -46 0 1 0 0 0 1 0 0 0 1 2780.dat
1 0 70 -64 0 1 0 0 0 1 0 0 0 1 4073.dat
1 0 -44 -14 0 0 1 0 -1 0 0 0 0 1 4073.dat
1 15 -30 -64 0 0 0 1 0 1 0 -1 0 0 4070.dat
1 0 -44 -54 0 0 1 0 -1 0 0 0 0 1 4073.dat
1 72 20 -32 0 1 0 0 0 1 0 0 0 1 3666.dat
1 72 40 -72 0 1 0 0 0 1 0 0 0 1 3666.dat
1 72 60 -80 0 1 0 0 0 1 0 0 0 1 3666.dat
0
0 FILE Part 17.ldr
0 Part 17
0 Name: Part 17.ldr
0 Author: LDraw
0 Unofficial Model
0 ROTATION CENTER 0 0 0 1 "Custom" 
0 ROTATION CONFIG 0 0
1 72 20 8 0 1 0 0 0 1 0 0 0 1 3666.dat
1 72 70 -16 0 0 0 -1 0 1 0 1 0 0 6541.dat
1 72 0 0 0 1 0 0 0 1 0 0 0 1 3710.dat
1 70 10 -34 -18 0 0 -1 -1 0 0 0 1 0 30357.dat
1 70 50 -64 -18 -1 0 0 0 0 1 0 1 0 3021.dat
1 15 20 -24 -26 -1 0 0 0 0 1 0 1 0 3020.dat
1 15 20 -24 26 1 0 0 0 0 1 0 -1 0 3020.dat
1 70 60 -14 -18 0 0 1 1 0 0 0 1 0 3021.dat
1 70 -20 -4 -18 0 0 1 1 0 0 0 1 0 3022.dat
1 70 10 -34 18 -1 0 0 0 0 -1 0 -1 0 30357.dat
1 70 10 -24 34 0 0 1 -1 0 0 0 -1 0 45677.dat
1 70 30 -24 34 0 0 -1 1 0 0 0 -1 0 45677.dat
1 70 30 -24 -34 0 0 -1 -1 0 0 0 1 0 45677.dat
1 70 10 -24 -34 0 0 1 1 0 0 0 1 0 45677.dat
1 70 50 -64 18 1 0 0 0 0 1 0 -1 0 3021.dat
1 70 60 -14 18 0 0 -1 1 0 0 0 -1 0 3021.dat
1 70 -20 -4 18 0 0 -1 1 0 0 0 -1 0 3022.dat
1 71 10 -4 -18 0 0 1 1 0 0 0 1 0 44302.dat
1 71 30 -4 -18 0 0 1 1 0 0 0 1 0 44302.dat
1 72 0 -40 0 1 0 0 0 1 0 0 0 1 3710.dat
1 72 -52 -24 0 0 1 0 -1 0 0 0 0 1 3710.dat
1 15 -30 -24 0 0 0 1 0 1 0 -1 0 0 4070.dat
1 0 0 -24 0 1 0 0 0 1 0 0 0 1 52107.dat
1 0 40 -24 0 1 0 0 0 1 0 0 0 1 52107.dat
1 0 20 -64 0 1 0 0 0 1 0 0 0 1 52107.dat
1 0 40 -88 0 1 0 0 0 1 0 0 0 1 2412b.dat
1 0 -60 -24 0 0 1 0 -1 0 0 0 0 1 2412b.dat
1 71 -60 -54 0 0 1 0 0 0 1 1 0 0 2555.dat
1 71 89 -46 0 0 0 -1 -0.707107 0.707107 0 0.707107 0.707107 0 32187.dat
1 71 89 -6 0 0 0 -1 -0.707107 0.707107 0 0.707107 0.707107 0 32187.dat
1 71 -60 6 0 0 1 0 0 0 1 1 0 0 2555.dat
1 71 -66 16 0 0 0 1 0 -1 0 1 0 0 30374.dat
1 0 80 -88 0 1 0 0 0 1 0 0 0 1 2412b.dat
1 0 -20 -88 0 0 0 1 0 1 0 -1 0 0 61678.dat
1 0 80 -6 0 1 0 0 0 1 0 0 0 1 2780.dat
1 0 70 -24 0 1 0 0 0 1 0 0 0 1 4073.dat
1 72 70 -56 0 0 0 -1 0 1 0 1 0 0 6541.dat
1 0 80 -46 0 1 0 0 0 1 0 0 0 1 2780.dat
1 0 70 -64 0 1 0 0 0 1 0 0 0 1 4073.dat
1 0 -44 -14 0 0 1 0 -1 0 0 0 0 1 4073.dat
1 15 -30 -64 0 0 0 1 0 1 0 -1 0 0 4070.dat
1 0 -44 -54 0 0 1 0 -1 0 0 0 0 1 4073.dat
1 72 20 -32 0 1 0 0 0 1 0 0 0 1 3666.dat
1 72 40 -72 0 1 0 0 0 1 0 0 0 1 3666.dat
1 72 60 -80 0 1 0 0 0 1 0 0 0 1 3666.dat
0
0 FILE Part 16.ldr
0 Part 16
0 Name: Part 16.ldr
0 Author: LDraw
0 Unofficial Model
0 ROTATION CENTER 0 0 0 1 "Custom" 
0 ROTATION CONFIG 0 0
1 71 -10 16 0 1 0 0 0 1 0 0 0 1 3679.dat
1 72 -10 -8 10 -1 0 0 0 1 0 0 0 -1 3937.dat
1 72 -30 -1.827 19.238 -1 0 0 0 0.382683 -0.92388 0 -0.92388 -0.382683 Part 18.ldr
0
0 FILE Part 18.ldr
0 Part 18
0 Name: Part 18.ldr
0 Author: LDraw
0 Unofficial Model
0 ROTATION CENTER 0 0 0 1 "Custom" 
0 ROTATION CONFIG 0 0
1 0 -20 0 0 1 0 0 0 1 0 0 0 1 6134.dat
1 0 -20 -120 10 1 0 0 0 1 0 0 0 1 3062b.dat
1 0 -20 -36 10 0 0 1 1 0 0 0 1 0 62462.dat
1 0 -20 -56 10 0 0 1 1 0 0 0 1 0 2780.dat
1 71 -20 -96 10 0 -1 0 -1 0 0 0 0 -1 61184.dat
1 72 -20 -8 10 1 0 0 0 1 0 0 0 1 41854.dat
1 72 -20 -16 10 1 0 0 0 1 0 0 0 1 2460.dat
0
0
