0 FILE Imperial V-Wing.ldr
0 Imperial V-Wing
0 Name: Imperial V-Wing.ldr
0 Author: LDraw
0 Unofficial Model
0 ROTATION CENTER 0 0 0 1 "Custom" 
0 ROTATION CONFIG 0 0
1 0 20 -32 -184 0.707107 0 0.707107 0 1 0 -0.707107 0 0.707107 Part 1.ldr
1 0 54 104 -104 0.382683 0 0.92388 0 1 0 -0.92388 0 0.382683 Astromech.ldr
1 0 54 80 -204 0.382683 0 0.92388 0 1 0 -0.92388 0 0.382683 Pilot.ldr
0
0 FILE Pilot.ldr
0 Pilot
0 Name: Pilot.ldr
0 Author: LDraw
0 Unofficial Model
0 ROTATION CENTER 0 0 0 1 "Custom" 
0 ROTATION CONFIG 0 0
1 0 0 -24 0 1 0 0 0 1 0 0 0 1 30408p02.dat
1 0 0 -24 0 1 0 0 0 1 0 0 0 1 3626bp01.dat
1 0 0 0 0 1 0 0 0 1 0 0 0 1 973psk.dat
1 0 0 32 0 1 0 0 0 1 0 0 0 1 3815.dat
1 0 -15.552 9 0 0.985 -0.17 0 0.17 0.985 0 0 0 1 3818.dat
1 0 15.552 9 0 0.985 0.17 0 -0.17 0.985 0 0 0 1 3819.dat
1 0 -23.8634 26.5956 -10.321 0.985 -0.12019 0.12019 0.17 0.696395 -0.696395 0 0.707 0.707 3820.dat
1 0 23.8634 26.5956 -10.321 0.985 0.12019 -0.12019 -0.17 0.696395 -0.696395 0 0.707 0.707 3820.dat
1 0 -24.6826 31.3422 -19.2547 0.985 -0.0874983 0.14567 0.17 0.506976 -0.844031 0 0.856884 0.514696 58247.dat
1 0 0 44 0 1 0 0 0 1 0 0 0 1 3816.dat
1 0 0 44 0 1 0 0 0 1 0 0 0 1 3817.dat
0
0 FILE Astromech.ldr
0 Astromech
0 Name: Astromech.ldr
0 Author: LDraw
0 Unofficial Model
0 ROTATION CENTER 0 0 0 1 "Custom" 
0 ROTATION CONFIG 0 0
1 135 10 -34 0 1 0 0 0 1 0 0 0 1 30367bps4.dat
1 135 10 0 0 1 0 0 0 1 0 0 0 1 30361dps3.dat
1 135 30 0 0 0 0 1 0 1 0 -1 0 0 30362.dat
1 135 -10 0 0 0 0 -1 0 1 0 1 0 0 30362.dat
0
0 FILE Part 1.ldr
0 Part 1
0 Name: Part 1.ldr
0 Author: LDraw
0 Unofficial Model
0 ROTATION CENTER 0 0 0 1 "Custom" 
0 ROTATION CONFIG 0 0
1 71 30 8 0 1 0 0 0 1 0 0 0 1 3795.dat
1 47 70 16 0 1 0 0 0 1 0 0 0 1 6143.dat
1 71 -70 -32 0 1 0 0 0 1 0 0 0 1 3795.dat
1 72 0 -40 0 1 0 0 0 1 0 0 0 1 3021.dat
1 72 140 -72 -20 1 0 0 0 1 0 0 0 1 3021.dat
1 72 140 -72 20 1 0 0 0 1 0 0 0 1 3021.dat
1 72 160 -88 -30 0 0 -1 0 1 0 1 0 0 2420.dat
1 72 160 -88 30 -1 0 0 0 1 0 0 0 -1 2420.dat
1 70 140 -80 0 1 0 0 0 1 0 0 0 1 3021.dat
1 0 100 -64 -50 0 0 1 0 1 0 -1 0 0 4286.dat
1 0 10 -48 50 0 0 1 0 1 0 -1 0 0 61678.dat
1 0 10 -48 -50 0 0 1 0 1 0 -1 0 0 61678.dat
1 0 100 -64 50 0 0 1 0 1 0 -1 0 0 4286.dat
1 0 180 -88 10 -1 0 0 0 1 0 0 0 -1 4286.dat
1 0 180 -88 -10 1 0 0 0 1 0 0 0 1 4286.dat
1 71 130 -16 0 1 0 0 0 1 0 0 0 1 4032b.dat
1 71 -290 -24 20 0 0 1 0 1 0 -1 0 0 41769.dat
1 71 70 -40 -40 0 0 1 0 1 0 -1 0 0 41769.dat
1 71 50 -24 50 0 0 -1 0 1 0 1 0 0 54384.dat
1 71 50 -24 -50 0 0 -1 0 1 0 1 0 0 54383.dat
1 71 120 -56 -20 0 0 -1 0 1 0 1 0 0 3009.dat
1 71 150 -24 0 0 0 1 0 1 0 -1 0 0 3031.dat
1 71 150 -64 0 0 0 1 0 1 0 -1 0 0 3032.dat
1 71 190 -28 0 0 1 0 0 0 1 1 0 0 3956.dat
1 71 -290 -24 -20 0 0 1 0 1 0 -1 0 0 41770.dat
1 71 -130 -24 -50 0 0 1 0 1 0 -1 0 0 47397.dat
1 71 -130 -24 50 0 0 1 0 1 0 -1 0 0 47398.dat
1 71 70 -40 40 0 0 1 0 1 0 -1 0 0 41770.dat
1 71 140 -80 -40 0 0 1 0 1 0 -1 0 0 92280.dat
1 71 160 -80 -40 0 0 1 0 1 0 -1 0 0 92280.dat
1 71 160 -80 40 0 0 -1 0 1 0 1 0 0 92280.dat
1 71 140 -80 40 0 0 -1 0 1 0 1 0 0 92280.dat
1 71 170 -135.043 -66.487 1 0 0 0 0.382683 -0.92388 0 0.92388 0.382683 Part 2.ldr
1 71 170 -135.043 66.487 1 0 0 0 0.382683 0.92388 0 -0.92388 0.382683 Part 3.ldr
1 71 130 -88 10 -1 0 0 0 1 0 0 0 -1 92280.dat
1 71 190 -104 0 -1 0 0 0 1 0 0 0 -1 4150.dat
1 71 130 -88 -10 -1 0 0 0 1 0 0 0 -1 92280.dat
1 40 120 -94 0 0 0 1 0 1 0 -1 0 0 92579.dat
1 70 30 -8 0 1 0 0 0 1 0 0 0 1 2445.dat
1 70 100 -32 0 0 0 1 0 1 0 -1 0 0 3039.dat
1 70 100 -64 0 0 0 1 0 1 0 -1 0 0 2432.dat
1 70 -130 -24 0 1 0 0 0 1 0 0 0 1 2445.dat
1 0 -250 -16 0 1 0 0 0 1 0 0 0 1 3020.dat
1 0 170 -96 0 1 0 0 0 1 0 0 0 1 3020.dat
1 0 198 -48 0 0 1 0 -1 0 0 0 0 1 3020.dat
1 0 206 -28 0 0 1 0 -1 0 0 0 0 1 6143.dat
1 0 206 -68 0 0 1 0 -1 0 0 0 0 1 6143.dat
1 42 230 -28 0 0 1 0 -1 0 0 0 0 1 4740.dat
1 42 230 -68 0 0 1 0 -1 0 0 0 0 1 4740.dat
1 0 -10 -48 0 0 0 1 0 1 0 -1 0 0 45301.dat
1 0 20 -32 -50 0 0 1 0 1 0 -1 0 0 4073.dat
1 0 20 -32 50 0 0 1 0 1 0 -1 0 0 4073.dat
1 0 110 -32 -40 1 0 0 0 1 0 0 0 1 3034.dat
1 0 130 -72 -50 1 0 0 0 1 0 0 0 1 3710.dat
1 0 130 -72 50 1 0 0 0 1 0 0 0 1 3710.dat
1 0 110 -32 40 1 0 0 0 1 0 0 0 1 3034.dat
1 72 170 -56 50 1 0 0 0 1 0 0 0 1 32000.dat
1 72 130 -56 50 1 0 0 0 1 0 0 0 1 32000.dat
1 72 170 -56 -50 1 0 0 0 1 0 0 0 1 32000.dat
1 72 140 -46 -65 0 0 1 1 0 0 0 1 0 32056.dat
1 72 130 -46 -112 -1 0 0 0 0 1 0 1 0 Part 4.ldr
1 72 130 -46 113 -1 0 0 0 0 -1 0 -1 0 Part 4.ldr
1 14 140 -56 -50 1 0 0 0 1 0 0 0 1 6541.dat
1 4 140 -46 0 0 0 -1 0 1 0 1 0 0 32062.dat
1 14 140 -46 -20 -1 0 0 0 1 0 0 0 -1 59443.dat
1 14 140 -46 20 -1 0 0 0 1 0 0 0 -1 59443.dat
1 71 140 -46 70 0 0 1 0 1 0 -1 0 0 32073.dat
1 71 140 -46 -70 0 0 1 0 1 0 -1 0 0 32073.dat
1 71 140 -46 -75 1 0 0 0 1 0 0 0 1 32123a.dat
1 1 180 -46 60 0 0 -1 0 1 0 1 0 0 43093.dat
1 0 180 -46 70 -1 0 0 0 1 0 0 0 -1 32269.dat
1 0 140 -46 70 -1 0 0 0 1 0 0 0 -1 32270.dat
1 0 -170 -16 0 1 0 0 0 1 0 0 0 1 60474.dat
1 0 10 -32 0 1 0 0 0 1 0 0 0 1 6143.dat
1 0 170 -48 0 1 0 0 0 1 0 0 0 1 6143.dat
1 0 30 -16 0 -1 0 0 0 1 0 0 0 -1 4854.dat
1 0 -30 -16 0 0 0 1 0 1 0 -1 0 0 43713.dat
1 0 -50 -16 0 1 0 0 0 1 0 0 0 1 3020.dat
1 0 90 -16 0 0 0 -1 0 1 0 1 0 0 43713.dat
0
0 FILE Part 2.ldr
0 Part 2
0 Name: Part 2.ldr
0 Author: LDraw
0 Unofficial Model
0 ROTATION CENTER 0 0 0 1 "Custom" 
0 ROTATION CONFIG 0 0
1 0 20 32 0 1 0 0 0 1 0 0 0 1 3666.dat
1 0 -20 32 -20 1 0 0 0 1 0 0 0 1 48336.dat
1 72 0 40 -10 1 0 0 0 1 0 0 0 1 2654.dat
1 71 40 32 -30 0 0 -1 0 1 0 1 0 0 41769.dat
1 71 0 24 -10 -1 0 0 0 1 0 0 0 -1 87079.dat
0
0 FILE Part 3.ldr
0 Part 3
0 Name: Part 3.ldr
0 Author: LDraw
0 Unofficial Model
0 ROTATION CENTER 0 0 0 1 "Custom" 
0 ROTATION CONFIG 0 0
1 0 20 32 0 1 0 0 0 1 0 0 0 1 3666.dat
1 0 -20 32 20 -1 0 0 0 1 0 0 0 -1 48336.dat
1 72 0 40 10 1 0 0 0 1 0 0 0 1 2654.dat
1 71 40 32 30 0 0 -1 0 1 0 1 0 0 41770.dat
1 71 0 24 10 -1 0 0 0 1 0 0 0 -1 87079.dat
0
0 FILE Part 4.ldr
0 Part 4
0 Name: Part 4.ldr
0 Author: LDraw
0 Unofficial Model
0 ROTATION CENTER 0 0 0 1 "Custom" 
0 ROTATION CONFIG 0 0
1 0 -10 0 0 1 0 0 0 1 0 0 0 1 6222.dat
1 0 -10 -16 0 1 0 0 0 1 0 0 0 1 60474.dat
1 0 42 2 -10 0 -1 0 1 0 0 0 0 1 4073.dat
1 0 66 2 -10 0 -1 0 1 0 0 0 0 1 4589.dat
1 0 -102 2 10 0 1 0 1 0 0 0 0 -1 60481.dat
1 0 -102 2 -10 0 1 0 -1 0 0 0 0 1 60481.dat
1 0 -126 2 0 0 1 0 0 0 -1 -1 0 0 3048.dat
1 0 42 2 10 0 -1 0 1 0 0 0 0 1 4073.dat
1 0 66 2 10 0 -1 0 1 0 0 0 0 1 4589.dat
1 71 -40 -8 0 0 0 1 0 1 0 -1 0 0 2436b.dat
1 71 20 -8 0 0 0 -1 0 1 0 1 0 0 2436b.dat
1 71 -10 -24 0 0 0 -1 0 1 0 1 0 0 4150.dat
1 71 -10 24 0 0 0 -1 0 1 0 1 0 0 4032b.dat
1 14 -10 -8 0 1 0 0 0 1 0 0 0 1 3022.dat
1 0 -10 -8 30 -1 0 0 0 1 0 0 0 -1 48336.dat
1 0 -20 -14.976 75.366 0 0 1 -0.382683 0.92388 0 -0.92388 -0.382683 0 Part 5.ldr
1 0 0 -14.976 -75.366 0 0 -1 -0.382683 0.92388 0 0.92388 0.382683 0 Part 6.ldr
1 0 -10 -8 -30 1 0 0 0 1 0 0 0 1 48336.dat
0
0 FILE Part 5.ldr
0 Part 5
0 Name: Part 5.ldr
0 Author: LDraw
0 Unofficial Model
0 ROTATION CENTER 0 0 0 1 "Custom" 
0 ROTATION CONFIG 0 0
1 0 -10 16 0 1 0 0 0 1 0 0 0 1 63868.dat
1 0 -10 16 20 1 0 0 0 1 0 0 0 1 63868.dat
1 71 -50 8 0 0 0 1 0 1 0 -1 0 0 54384.dat
0
0 FILE Part 6.ldr
0 Part 6
0 Name: Part 6.ldr
0 Author: LDraw
0 Unofficial Model
0 ROTATION CENTER 0 0 0 1 "Custom" 
0 ROTATION CONFIG 0 0
1 0 -10 16 0 1 0 0 0 1 0 0 0 1 63868.dat
1 0 -10 16 20 1 0 0 0 1 0 0 0 1 63868.dat
1 71 -50 8 20 0 0 1 0 1 0 -1 0 0 54383.dat
0
0
