0 FILE 7948.ldr
0 7948
0 Name: 7948.ldr
0 Author: ClydeBum
0 Unofficial Model
0 ROTATION CENTER 0 0 0 1 "Custom" 
0 ROTATION CONFIG 0 0
1 0 0 0 0 1 0 0 0 1 0 0 0 1 7948_outpost.ldr
1 0 0 -192 0 1 0 0 0 1 0 0 0 1 7948_outpost_win.ldr
1 0 0 -424 10 1 0 0 0 1 0 0 0 1 cas449.ldr
1 0 17 -66 -139 1 0 0 0 1 0 0 0 1 cas447.ldr
1 0 90 -66 -570 -1 0 0 0 1 0 0 0 -1 cas455.ldr
1 0 -60 -34 -480 -1 0 0 0 1 0 0 0 -1 7948_catapult.ldr
1 0 40 -2 -620 -1 0 0 0 1 0 0 0 -1 7948_log.ldr
1 0 -60 -106 -600 -1 0 0 0 1 0 0 0 -1 7948_log.ldr
0 WRITE Need Sticker for Set 7948 - (91062/4586368)
0
0 FILE 7948_outpost.ldr
0 7948_outpost
0 Name: 7948_outpost.ldr
0 Author: ClydeBum
0 Unofficial Model
0 ROTATION CENTER 0 0 0 1 "Custom" 
0 ROTATION CONFIG 0 0
1 10 0 0 40 1 0 0 0 1 0 0 0 1 3030.dat
0 STEP
1 71 -80 -48 70 1 0 0 0 1 0 0 0 1 3245a.dat
1 71 80 -48 70 1 0 0 0 1 0 0 0 1 3245a.dat
1 71 -80 -96 70 1 0 0 0 1 0 0 0 1 3245a.dat
1 71 80 -96 70 1 0 0 0 1 0 0 0 1 3245a.dat
0 STEP
1 70 -90 -8 40 0 0 -1 0 1 0 1 0 0 3069b.dat
1 70 90 -8 40 0 0 -1 0 1 0 1 0 0 3069b.dat
1 70 0 -8 0 0 0 -1 0 1 0 1 0 0 3068b.dat
0 STEP
1 10 0 0 -40 1 0 0 0 1 0 0 0 1 3030.dat
1 72 -90 -120 70 1 0 0 0 1 0 0 0 1 3005.dat
1 72 90 -120 70 1 0 0 0 1 0 0 0 1 3005.dat
0 STEP
1 72 -50 -120 -10 1 0 0 0 1 0 0 0 1 2453.dat
1 72 50 -120 -10 1 0 0 0 1 0 0 0 1 2453.dat
1 0 0 -144 70 1 0 0 0 1 0 0 0 1 3308.dat
0 STEP
1 71 -70 -144 -10 0 0 1 0 1 0 -1 0 0 87421.dat
1 71 70 -144 -10 1 0 0 0 1 0 0 0 1 87421.dat
0 STEP
1 71 90 -144 40 0 0 -1 0 1 0 1 0 0 3659.dat
1 71 -90 -144 40 0 0 -1 0 1 0 1 0 0 3659.dat
1 70 -50 -144 -20 0 0 -1 0 1 0 1 0 0 3660.dat
1 70 50 -144 -20 0 0 1 0 1 0 -1 0 0 3660.dat
0 
1 72 -50 -24 -50 0 0 1 0 1 0 -1 0 0 3005.dat
1 72 50 -24 -50 0 0 1 0 1 0 -1 0 0 3005.dat
1 72 -50 -48 -50 0 0 1 0 1 0 -1 0 0 3005.dat
1 72 50 -48 -50 0 0 1 0 1 0 -1 0 0 3005.dat
1 0 -50 -72 -50 1 0 0 0 1 0 0 0 1 60475.dat
1 0 50 -72 -50 1 0 0 0 1 0 0 0 1 60475.dat
1 72 -50 -96 -50 0 0 1 0 1 0 -1 0 0 3005.dat
1 72 50 -96 -50 0 0 1 0 1 0 -1 0 0 3005.dat
0 STEP
1 71 0 -144 -50 1 0 0 0 1 0 0 0 1 3307.dat
1 72 0 -152 40 1 0 0 0 1 0 0 0 1 3029.dat
0 STEP
1 72 80 -152 -40 1 0 0 0 1 0 0 0 1 30503.dat
1 72 -80 -152 -40 0 0 1 0 1 0 -1 0 0 30503.dat
1 71 -80 -176 70 1 0 0 0 1 0 0 0 1 3010.dat
1 71 80 -176 70 1 0 0 0 1 0 0 0 1 3010.dat
0 STEP
1 70 0 -152 -40 1 0 0 0 1 0 0 0 1 3031.dat
1 70 -50 -160 40 0 0 -1 0 1 0 1 0 0 3069b.dat
1 70 50 -160 40 0 0 -1 0 1 0 1 0 0 3069b.dat
0 STEP
1 71 110 -176 20 0 0 -1 0 1 0 1 0 0 3010.dat
1 71 -110 -176 20 0 0 -1 0 1 0 1 0 0 3010.dat
1 71 0 -176 0 -1 0 0 0 1 0 0 0 -1 2456.dat
0 STEP
1 0 50 -72 -70 0 0 1 0 1 0 -1 0 0 3848.dat
1 0 -50 -72 -70 0 0 -1 0 1 0 1 0 0 3848.dat
1 72 -30 -176 -30 -1 0 0 0 1 0 0 0 -1 3005.dat
1 72 30 -176 -30 -1 0 0 0 1 0 0 0 -1 3005.dat
1 70 0 -160 -40 -1 0 0 0 1 0 0 0 -1 3068b.dat
0 STEP
1 71 -70 -176 -30 0 0 1 0 1 0 -1 0 0 2462.dat
1 71 70 -176 -30 1 0 0 0 1 0 0 0 1 2462.dat
1 71 0 -176 -70 1 0 0 0 1 0 0 0 1 3009.dat
0 STEP
1 70 -20 -184 0 -1 0 0 0 1 0 0 0 -1 3068b.dat
1 70 20 -184 0 -1 0 0 0 1 0 0 0 -1 3068b.dat
1 70 -30 -176 -30 1 0 0 0 1 0 0 0 1 54200.dat
1 70 30 -176 -30 1 0 0 0 1 0 0 0 1 54200.dat
0 STEP
1 72 50 -248 70 0 0 -1 0 1 0 1 0 0 4460.dat
1 72 -50 -248 70 0 0 1 0 1 0 -1 0 0 4460.dat
1 71 -110 -200 70 0 0 -1 0 1 0 1 0 0 3040b.dat
1 71 110 -200 70 0 0 1 0 1 0 -1 0 0 3040b.dat
0 STEP
1 71 110 -200 -10 0 0 1 0 1 0 -1 0 0 3040b.dat
1 71 -110 -200 -10 0 0 -1 0 1 0 1 0 0 3040b.dat
1 71 -50 -200 -70 -1 0 0 0 1 0 0 0 -1 3040b.dat
1 71 50 -200 -70 -1 0 0 0 1 0 0 0 -1 3040b.dat
0 STEP
1 72 0 -184 -70 1 0 0 0 1 0 0 0 1 2540.dat
1 15 20 -182 -90 0 -1 0 0 0 1 -1 0 0 2335p4l.dat
1 4 -110 -200 70 0 0 1 0 1 0 -1 0 0 54200.dat
1 4 -110 -200 -10 0 0 1 0 1 0 -1 0 0 54200.dat
1 4 -50 -200 -70 1 0 0 0 1 0 0 0 1 54200.dat
1 4 50 -200 -70 1 0 0 0 1 0 0 0 1 54200.dat
1 4 110 -200 -10 0 0 -1 0 1 0 1 0 0 54200.dat
1 4 110 -200 70 0 0 -1 0 1 0 1 0 0 54200.dat
0 STEP
1 71 -50 -200 0 0 0 -1 0 1 0 1 0 0 3004.dat
1 71 50 -200 0 0 0 -1 0 1 0 1 0 0 3004.dat
1 71 -50 -248 0 0 0 -1 0 1 0 1 0 0 3245a.dat
1 71 50 -248 0 0 0 -1 0 1 0 1 0 0 3245a.dat
1 72 -50 -272 -10 0 0 -1 0 1 0 1 0 0 3005.dat
1 72 50 -272 -10 0 0 -1 0 1 0 1 0 0 3005.dat
0 STEP
1 72 -50 -296 40 0 0 -1 0 1 0 1 0 0 6182.dat
1 72 50 -296 40 0 0 -1 0 1 0 1 0 0 6182.dat
0 STEP
1 71 0 -320 -10 -1 0 0 0 1 0 0 0 -1 3307.dat
1 71 -50 -320 40 0 0 1 0 1 0 -1 0 0 3010.dat
1 71 50 -320 40 0 0 1 0 1 0 -1 0 0 3010.dat
0 STEP
1 0 0 -344 70 1 0 0 0 1 0 0 0 1 3455.dat
0 STEP
1 70 -50 -344 40 0 0 1 0 1 0 -1 0 0 3660.dat
1 70 50 -344 40 0 0 -1 0 1 0 1 0 0 3660.dat
0 STEP
1 70 -30 -344 -10 1 0 0 0 1 0 0 0 1 3665.dat
1 70 30 -344 -10 1 0 0 0 1 0 0 0 1 3665.dat
1 71 -50 -344 0 0 0 -1 0 1 0 1 0 0 3004.dat
1 71 50 -344 0 0 0 -1 0 1 0 1 0 0 3004.dat
1 71 0 -344 -10 1 0 0 0 1 0 0 0 1 3004.dat
0 STEP
1 72 -40 -352 20 0 0 -1 0 1 0 1 0 0 3032.dat
1 72 40 -352 20 0 0 -1 0 1 0 1 0 0 3032.dat
0 STEP
1 71 -70 -376 20 0 0 -1 0 1 0 1 0 0 3009.dat
1 71 0 -376 -30 1 0 0 0 1 0 0 0 1 3009.dat
1 71 70 -376 20 0 0 1 0 1 0 -1 0 0 3009.dat
0 STEP
1 71 -70 -400 60 0 0 1 0 1 0 -1 0 0 3004.dat
1 71 -70 -400 -20 0 0 1 0 1 0 -1 0 0 3004.dat
1 71 0 -400 -30 1 0 0 0 1 0 0 0 1 3004.dat
1 71 70 -400 -20 0 0 -1 0 1 0 1 0 0 3004.dat
1 71 70 -400 60 0 0 -1 0 1 0 1 0 0 3004.dat
0 STEP
1 4 -70 -424 -20 0 0 1 0 1 0 -1 0 0 3048.dat
1 4 70 -424 -20 0 0 -1 0 1 0 1 0 0 3048.dat
1 0 0 -408 -30 -1 0 0 0 1 0 0 0 -1 3794b.dat
0 STEP
1 0 -70 -408 70 -1 0 0 0 1 0 0 0 -1 3957a.dat
1 297 -70 -464 70 0.173648 0 0.984808 0 1 0 -0.984808 0 0.173648 4495b.dat
1 4 -70 -488 70 0.139173 0 0.990268 0 1 0 -0.990268 0 0.139173 4495b.dat
1 70 0 -416 -30 1 0 0 0 1 0 0 0 1 2570.dat
0
0 FILE 7948_outpost_win.ldr
0 7948_outpost_win
0 Name: 7948_outpost_win.ldr
0 Author: ClydeBum
0 Unofficial Model
0 ROTATION CENTER 0 0 0 1 "Custom" 
0 ROTATION CONFIG 0 0
1 72 0 0 0 1 0 0 0 1 0 0 0 1 3020.dat
1 72 -30 -24 10 1 0 0 0 1 0 0 0 1 3040b.dat
1 72 30 -24 10 1 0 0 0 1 0 0 0 1 3040b.dat
1 71 -10 -24 10 1 0 0 0 1 0 0 0 1 3040b.dat
1 71 10 -24 10 1 0 0 0 1 0 0 0 1 3040b.dat
1 71 0 -88 10 1 0 0 0 1 0 0 0 1 30044.dat
1 0 0 -64 5 1 0 0 0 1 0 0 0 1 30045.dat
1 72 -30 -48 10 1 0 0 0 1 0 0 0 1 3005.dat
1 72 30 -48 10 1 0 0 0 1 0 0 0 1 3005.dat
1 72 0 -96 10 1 0 0 0 1 0 0 0 1 6182.dat
1 71 0 -120 10 1 0 0 0 1 0 0 0 1 3010.dat
1 4 0 -128 10 1 0 0 0 1 0 0 0 1 2431.dat
0
0 FILE cas449.ldr
0 cas449
0 Name: cas449.ldr
0 Author: ClydeBum
0 Unofficial Model
0 ROTATION CENTER 0 0 0 1 "Custom" 
0 ROTATION CONFIG 0 0
1 80 0 -27 0 1 0 0 0 1 0 0 0 1 3844.dat
1 14 0 -27 0 1 0 0 0 1 0 0 0 1 3626cpm2.dat
1 70 0 0 0 -1 0 0 0 1 0 0 0 -1 4498.dat
1 4 0 0 0 1 0 0 0 1 0 0 0 1 973p4l.dat
1 0 0 32 0 1 0 0 0 1 0 0 0 1 3815.dat
1 71 -15.552 9 0 0.985 -0.17 0 0.17 0.985 0 0 0 1 3818.dat
1 71 15.552 9 0 0.985 0.17 0 -0.17 0.985 0 0 0 1 3819.dat
1 14 -23.8634 26.5956 -10.321 0.985 -0.12019 0.12019 0.17 0.696395 -0.696395 0 0.707 0.707 3820.dat
1 14 23.8634 26.5956 -10.321 0.985 0.12019 -0.12019 -0.17 0.696395 -0.696395 0 0.707 0.707 3820.dat
1 71 0 44 0 1 0 0 0 1 0 0 0 1 3816.dat
1 71 0 44 0 1 0 0 0 1 0 0 0 1 3817.dat
0
0 FILE cas447.ldr
0 cas447
0 Name: cas447.ldr
0 Author: ClydeBum
0 Unofficial Model
0 ROTATION CENTER 0 0 0 1 "Custom" 
0 ROTATION CONFIG 0 0
1 80 0 -24 0 1 0 0 0 1 0 0 0 1 30273.dat
1 14 0 -24 0 1 0 0 0 1 0 0 0 1 3626cpm2.dat
1 72 0 0 0 1 0 0 0 1 0 0 0 1 973p4l.dat
1 0 0 32 0 1 0 0 0 1 0 0 0 1 3815.dat
1 4 -15.552 9 0 0.985 -0.17 0 0.17 0.985 0 0 0 1 3818.dat
1 4 15.552 9 0 0.985 0.17 0 -0.17 0.985 0 0 0 1 3819.dat
1 14 -23.8634 26.5956 -10.321 0.985 -0.12019 0.12019 0.17 0.696395 -0.696395 0 0.707 0.707 3820.dat
1 14 23.8634 26.5956 -10.321 0.985 0.12019 -0.12019 -0.17 0.696395 -0.696395 0 0.707 0.707 3820.dat
1 135 -21.4451 12.5841 -50.9594 -0.14567 -0.0874983 0.985 0.844031 0.506976 0.17 -0.514696 0.856884 0 4497.dat
1 71 0 44 0 1 0 0 0 1 0 0 0 1 3816.dat
1 71 0 44 0 1 0 0 0 1 0 0 0 1 3817.dat
0
0 FILE cas455.ldr
0 cas455
0 Name: cas455.ldr
0 Author: ClydeBum
0 Unofficial Model
0 ROTATION CENTER 0 0 0 1 "Custom" 
0 ROTATION CONFIG 0 0
1 148 0 -24 0 1 0 0 0 1 0 0 0 1 30273.dat
1 14 0 -24 0 1 0 0 0 1 0 0 0 1 3626bp81.dat
1 288 0 0 0 1 0 0 0 1 0 0 0 1 973.dat
1 0 0 32 0 1 0 0 0 1 0 0 0 1 3815.dat
1 0 -15.552 9 0 0.985 -0.17 0 0.17 0.985 0 0 0 1 3818.dat
1 0 15.552 9 0 0.985 0.17 0 -0.17 0.985 0 0 0 1 3819.dat
1 14 -23.8634 26.5956 -10.321 0.985 -0.12019 0.12019 0.17 0.696395 -0.696395 0 0.707 0.707 3820.dat
1 14 23.8634 26.5956 -10.321 0.985 0.12019 -0.12019 -0.17 0.696395 -0.696395 0 0.707 0.707 3820.dat
1 148 -21.4451 12.5841 -50.9594 -0.14567 -0.0874983 0.985 0.844031 0.506976 0.17 -0.514696 0.856884 0 4497.dat
0 MLCAD BTG torch
1 308 26 38 -12 0.987688 -0.12969 -0.087477 0 -0.559193 0.829038 -0.156434 -0.818831 -0.552308 64644.dat
0 MLCAD BTG torch
1 38 21.979 20.667 -37.382 0.987688 0.12969 0.087477 0 0.559193 -0.829038 -0.156434 0.818831 0.552308 64647.dat
0 GROUP 2 torch
1 0 0 44 0 1 0 0 0 1 0 0 0 1 3816.dat
1 0 0 44 0 1 0 0 0 1 0 0 0 1 3817.dat
0 
0
0 FILE 7948_catapult.ldr
0 7948_catapult
0 Name: 7948_catapult.ldr
0 Author: ClydeBum
0 Unofficial Model
0 ROTATION CENTER 0 0 0 1 "Custom" 
0 ROTATION CONFIG 0 0
1 0 0 0 0 0 0 -1 0 1 0 1 0 0 3034.dat
0 STEP
1 0 0 -8 0 -1 0 0 0 1 0 0 0 -1 3795.dat
1 70 0 -8 60 -1 0 0 0 1 0 0 0 -1 30157.dat
1 70 0 -8 -60 -1 0 0 0 1 0 0 0 -1 30157.dat
0 STEP
1 0 -40 0 0 -1 0 0 0 1 0 0 0 -1 4032a.dat
1 0 40 0 0 -1 0 0 0 1 0 0 0 -1 4032a.dat
0 STEP
1 0 0 -16 0 0 0 -1 0 1 0 1 0 0 3034.dat
1 288 -30 -16 -70 1 0 0 0 1 0 0 0 1 49673.dat
1 288 30 -16 -70 1 0 0 0 1 0 0 0 1 49673.dat
0 STEP
1 288 -30 -16 0 0 0 -1 0 1 0 1 0 0 3666.dat
1 288 30 -16 0 0 0 -1 0 1 0 1 0 0 3666.dat
0 STEP
1 0 50 -32 0 0 0 -1 0 1 0 1 0 0 32064a.dat
1 0 -50 -32 0 0 0 -1 0 1 0 1 0 0 32064a.dat
0 STEP
1 70 -30 -40 10 -1 0 0 0 1 0 0 0 -1 4286.dat
1 70 -30 -40 -10 1 0 0 0 1 0 0 0 1 4286.dat
1 70 30 -40 -10 1 0 0 0 1 0 0 0 1 4286.dat
1 70 30 -40 10 -1 0 0 0 1 0 0 0 -1 4286.dat
0 STEP
1 70 50 -40 0 0 0 1 0 1 0 -1 0 0 3023.dat
1 70 -50 -40 0 0 0 1 0 1 0 -1 0 0 3023.dat
0 STEP
1 71 65 -22 0 0 0 -1 0 1 0 1 0 0 3846p4k.dat
1 71 -65 -22 0 0 0 1 0 1 0 -1 0 0 3846p4k.dat
0 STEP
1 70 30 -64 0 0 0 -1 0 1 0 1 0 0 3039.dat
1 70 -30 -64 0 0 0 1 0 1 0 -1 0 0 3039.dat
0 STEP
1 0 -30 -88 0 0 0 -1 0 1 0 1 0 0 32064a.dat
1 0 0 -78 0 -1 0 0 0 1 0 0 0 -1 3705.dat
1 14 -15 -78 0 0 0 1 0 1 0 -1 0 0 32123b.dat
1 0 0 -88 0 1 0 0 0 1 0 0 0 1 30275.dat
1 72 0 -96 -60 0 0 -1 0 1 0 1 0 0 3069b.dat
1 14 15 -78 0 0 0 1 0 1 0 -1 0 0 32123b.dat
1 0 30 -88 0 0 0 -1 0 1 0 1 0 0 32064a.dat
1 288 -30 -88 10 -1 0 0 0 1 0 0 0 -1 54200.dat
1 288 -30 -88 -10 1 0 0 0 1 0 0 0 1 54200.dat
1 288 30 -88 -10 1 0 0 0 1 0 0 0 1 54200.dat
1 288 30 -88 10 -1 0 0 0 1 0 0 0 -1 54200.dat
0 STEP
1 288 66 2 60 0 -1 0 0 0 -1 1 0 0 7948_catwheel.ldr
1 288 -66 2 60 0 1 0 0 0 -1 -1 0 0 7948_catwheel.ldr
1 288 66 2 -60 0 -1 0 0 0 -1 1 0 0 7948_catwheel.ldr
1 288 -66 2 -60 0 1 0 0 0 -1 -1 0 0 7948_catwheel.ldr
0
0 FILE 7948_catwheel.ldr
0 7948_catwheel
0 Name: 7948_catwheel.ldr
0 Author: ClydeBum
0 Unofficial Model
0 ROTATION CENTER 0 0 0 1 "Custom" 
0 ROTATION CONFIG 0 0
1 0 0 0 0 1 0 0 0 1 0 0 0 1 87081.dat
1 288 -10 0 10 -1 0 0 0 1 0 0 0 -1 54200.dat
1 297 -10 0 -10 0 0 1 0 1 0 -1 0 0 54200.dat
1 288 10 0 -10 1 0 0 0 1 0 0 0 1 54200.dat
1 297 10 0 10 0 0 -1 0 1 0 1 0 0 54200.dat
0
0 FILE 7948_log.ldr
0 7948_log
0 Name: 7948_log.ldr
0 Author: ClydeBum
0 Unofficial Model
0 ROTATION CENTER 0 0 0 1 "Custom" 
0 ROTATION CONFIG 0 0
1 0 0 0 0 1 0 0 0 1 0 0 0 1 4032a.dat
1 70 0 -24 0 1 0 0 0 1 0 0 0 1 3941.dat
1 0 0 -32 0 1 0 0 0 1 0 0 0 1 4032a.dat
0
0
