0 FILE 8063 - Tractor with Trailer.ldr
0 Tractor with Trailer
0 Name: 8063 - Tractor with Trailer.ldr
0 Author: Tomas Kralicek [RabbiT_CZ]
0 !LICENSE Redistributable under CCAL version 2.0 : see CAreadme.txt
1 71 0 0 0 1 0 0 0 1 0 0 0 1 8063 - Tractor.ldr
1 71 -20 60 861 1 0 0 0 1 0 0 0 1 8063 - Trailer.ldr




0 FILE 8063 - Tractor.ldr
0 Tractor
0 Name: 8063 - Tractor.ldr
0 Author: Tomas Kralicek [RabbiT_CZ]
0 !LICENSE Redistributable under CCAL version 2.0 : see CAreadme.txt
1 0 0 0 0 0 -1 0 1 0 0 0 0 1 32278.dat
1 0 0 0 120 1 0 0 0 1 0 0 0 1 32054.dat
1 0 10 0 140 1 0 0 0 1 0 0 0 1 2780.dat
1 1 0 0 -140 1 0 0 0 1 0 0 0 1 6558.dat
1 1 0 0 -120 1 0 0 0 1 0 0 0 1 6558.dat
0 STEP
1 0 20 0 -100 0 -1 0 -1 0 0 0 0 -1 32140.dat
1 0 10 -20 -160 1 0 0 0 1 0 0 0 1 2780.dat
1 1 10 0 -100 1 0 0 0 1 0 0 0 1 43093.dat
1 0 20 0 80 0 1 0 0 0 1 1 0 0 32009.dat
1 71 60 0 160 1 0 0 0 0 1 0 -1 0 44294.dat
1 0 10 -140 80 1 0 0 0 1 0 0 0 1 2780.dat
0 STEP
1 0 0 -40 -240 0 -1 0 1 0 0 0 0 1 32526.dat
1 0 10 -40 -220 1 0 0 0 1 0 0 0 1 2780.dat
1 0 0 -80 160 0 -1 0 1 0 0 0 0 1 32009.dat
0 STEP
1 71 0 -80 0 1 0 0 0 1 0 0 0 1 32073.dat
1 0 15 -80 -40 0 -1 0 1 0 0 0 0 1 32056.dat
1 0 25 -80 -40 0 -1 0 1 0 0 0 0 1 32056.dat
1 1 10 -80 -40 1 0 0 0 1 0 0 0 1 43093.dat
1 0 10 -80 -20 1 0 0 0 1 0 0 0 1 2780.dat
1 0 0 -80 -100 0 -1 0 1 0 0 0 0 1 40490.dat
1 71 10 -80 -100 1 0 0 0 1 0 0 0 1 4274.dat
0 STEP
1 72 20 0 -160 -1 0 0 0 1 0 0 0 -1 6587.dat
1 71 60 0 -160 0 0 -1 0 1 0 1 0 0 32034.dat
1 71 20 0 -20 1 0 0 0 1 0 0 0 1 4519.dat
1 71 60 0 -20 0 0 -1 0 1 0 1 0 0 32034.dat
1 71 20 0 -20 0 0 -1 0 1 0 1 0 0 3713.dat
1 71 100 0 -20 0 0 1 0 1 0 -1 0 0 3713.dat
1 71 100 0 -20 -1 0 0 0 1 0 0 0 -1 4519.dat
1 71 60 0 -40 0 0 1 0 1 0 -1 0 0 32073.dat
1 0 60 0 0 -1 0 0 0 1 0 0 0 -1 32270.dat
1 71 60 0 -40 0 1 0 1 0 0 0 0 -1 3713.dat
1 72 60 0 -60 0 1 0 1 0 0 0 0 -1 6542a.dat
1 19 60 0 -90 0 1 0 1 0 0 0 0 -1 6538b.dat
1 4 60 0 -80 0.707 0.707 0 0.707 -0.707 0 0 0 -1 6539.dat
1 0 60 0 -150 0 0 -1 0 -1 0 -1 0 0 3706.dat
1 71 60 0 -120 0 1 0 1 0 0 0 0 -1 3713.dat
1 71 60 0 -140 0 1 0 1 0 0 0 0 -1 3713.dat
1 71 60 0 -180 -1 0 0 0 1 0 0 0 -1 4019.dat
0 STEP
1 19 10 0 20 1 0 0 0 -1 0 0 0 -1 3749.dat
1 71 30 0 20 0 0 -1 0 -1 0 -1 0 0 59443.dat
1 71 80 0 20 -1 0 0 0 -1 0 0 0 1 32073.dat
1 71 60 0 20 0 0 1 0 1 0 -1 0 0 3713.dat
1 0 80 0 20 0 0 -1 0 1 0 1 0 0 32270.dat
1 71 100 0 20 0 0 1 0 1 0 -1 0 0 3713.dat
1 71 40 0 160 0 0 1 0 1 0 -1 0 0 3713.dat
0 STEP
1 71 20 -80 -120 -1 0 0 0 1 0 0 0 -1 4519.dat
1 0 25 -80 -160 0 -1 0 1 0 0 0 0 1 32056.dat
1 0 15 -80 -160 0 -1 0 1 0 0 0 0 1 32056.dat
1 0 -10 -40 -160 1 0 0 0 -1 0 0 0 -1 3706.dat
1 71 -20 -40 -160 0 0 1 0 1 0 -1 0 0 3713.dat
1 0 10 -80 -140 1 0 0 0 1 0 0 0 1 2780.dat
1 71 60 0 160 -1 0 0 0 0 1 0 1 0 6536.dat
1 71 80 0 160 0 0 1 0 1 0 -1 0 0 3713.dat
0 STEP
1 71 60 -80 80 -1 0 0 0 0 1 0 1 0 44294.dat
1 71 60 -60 80 1 0 0 0 1 0 0 0 1 32073.dat
1 4 30 -40 -40 1 0 0 0 1 0 0 0 1 32062.dat
1 71 60 -40 -40 0 0 -1 0 1 0 1 0 0 32034.dat
1 71 35 -80 80 0 1 0 0 0 1 1 0 0 41677.dat
1 71 45 -80 80 0 1 0 0 0 1 1 0 0 41677.dat
1 71 60 -60 80 1 0 0 0 1 0 0 0 1 6536.dat
1 71 60 -40 -40 0 0 -1 0 1 0 1 0 0 4519.dat
1 71 60 -40 -60 -1 0 0 0 1 0 0 0 -1 4019.dat
1 71 60 -40 -10 -1 0 0 0 -1 0 0 0 1 59443.dat
1 4 60 -40 10 0 0 1 0 -1 0 1 0 0 32062.dat
1 71 60 -40 30 -1 0 0 0 -1 0 0 0 1 59443.dat
1 0 60 -40 90 0 0 1 0 -1 0 1 0 0 3706.dat
1 71 60 -40 55 1 0 0 0 -1 0 0 0 -1 32123b.dat
1 71 60 -40 65 1 0 0 0 -1 0 0 0 -1 32123b.dat
1 71 60 -40 100 1 0 0 0 -1 0 0 0 -1 3713.dat
1 4 90 -40 -40 1 0 0 0 -1 0 0 0 -1 32062.dat
0 STEP
1 0 60 -160 80 1 0 0 0 -1 0 0 0 -1 3737.dat
1 71 60 -80 100 1 0 0 0 0 -1 0 1 0 42003.dat
1 71 60 -160 100 1 0 0 0 0 -1 0 1 0 42003.dat
1 71 40 -160 80 0 0 1 0 1 0 -1 0 0 3713.dat
1 71 80 -160 80 0 0 1 0 1 0 -1 0 0 3713.dat
1 71 60 -130 120 0 1 0 1 0 0 0 0 -1 44294.dat
1 71 60 -65 120 -1 0 0 0 0 -1 0 -1 0 32123b.dat
1 71 60 -95 120 -1 0 0 0 0 -1 0 -1 0 32123b.dat
1 71 60 -120 120 -1 0 0 0 0 -1 0 -1 0 4716.dat
1 71 60 -145 120 -1 0 0 0 0 -1 0 -1 0 32123b.dat
1 71 60 -175 120 -1 0 0 0 0 -1 0 -1 0 32123b.dat
1 0 60 -190 120 0 -1 0 0 0 -1 1 0 0 32270.dat
0 STEP
1 71 60 -80 0 0 0 -1 0 1 0 1 0 0 32034.dat
1 71 120 -80 0 1 0 0 0 1 0 0 0 1 32073.dat
1 71 60 -80 20 0 0 1 0 1 0 -1 0 0 32073.dat
1 71 60 -80 -30 -1 0 0 0 -1 0 0 0 1 59443.dat
1 71 60 -80 20 0 0 -1 0 1 0 1 0 0 32034.dat
1 71 20 -80 20 -1 0 0 0 1 0 0 0 -1 4519.dat
1 71 100 -80 20 -1 0 0 0 1 0 0 0 -1 4519.dat
1 0 15 -120 20 0 1 0 1 0 0 0 0 -1 32056.dat
1 0 25 -120 20 0 1 0 1 0 0 0 0 -1 32056.dat
1 0 20 -120 0 1 0 0 0 1 0 0 0 1 32054.dat
1 1 -10 -120 0 1 0 0 0 1 0 0 0 1 43093.dat
1 1 30 -120 -20 -1 0 0 0 -1 0 0 0 1 43093.dat
1 14 60 -80 40 -1 0 0 0 -1 0 0 0 1 32072.dat
1 71 60 -80 60 0 1 0 1 0 0 0 0 -1 3713.dat
0 STEP
1 71 85 -80 80 0 1 0 0 0 1 1 0 0 41677.dat
1 71 75 -80 80 0 1 0 0 0 1 1 0 0 41677.dat
1 71 40 -120 80 0 0 1 -0.281 0.96 0 -0.96 -0.281 0 3713.dat
1 71 80 -120 80 0 0 1 -0.281 0.96 0 -0.96 -0.281 0 3713.dat
1 0 60 -120 80 1 0 0 0 -0.96 -0.281 0 0.281 -0.96 3737.dat
1 71 58 -120 80 0 0 1 0.281 -0.96 0 0.96 0.281 0 3650c.dat
0 STEP
1 0 10 -80 -80 1 0 0 0 -1 0 0 0 -1 3705.dat
1 4 45 -80 -80 0 -1 0 0 0 1 -1 0 0 6632.dat
1 4 35 -80 -80 0 -1 0 0 0 1 -1 0 0 6632.dat
1 71 60 -40 -80 -1 0 0 0 1 0 0 0 -1 4519.dat
1 4 60 -60 -80 -1 0 0 0 0 -1 0 -1 0 6641.dat
1 4 85 -80 -80 0 -1 0 0 0 1 -1 0 0 6632.dat
1 4 75 -80 -80 0 -1 0 0 0 1 -1 0 0 6632.dat
1 71 100 -80 -80 -1 0 0 0 1 0 0 0 -1 4519.dat
1 71 20 -80 -80 0 0 -1 1 0 0 0 -1 0 3713.dat
1 71 100 -80 -80 0 0 -1 1 0 0 0 -1 0 3713.dat
1 4 -20 -100 -80 1 0 0 0 0 -1 0 1 0 32039.dat
0 STEP
1 4 -20 -110 -80 0 1 0 1 0 0 0 0 -1 32062.dat
1 4 -20 -130 -80 -1 0 0 0 0 -1 0 -1 0 59443.dat
1 0 100 0 80 0 1 0 0 0 1 1 0 0 32009.dat
1 0 110 0 140 1 0 0 0 1 0 0 0 1 2780.dat
1 0 110 -140 80 1 0 0 0 1 0 0 0 1 2780.dat
1 71 60 -80 -120 0 0 -1 0 1 0 1 0 0 32034.dat
1 0 60 -80 -90 0 0 -1 0 -1 0 -1 0 0 3706.dat
1 71 60 -80 -140 -1 0 0 0 1 0 0 0 -1 4019.dat
0 STEP
1 4 30 -120 20 1 0 0 0 0 -1 0 1 0 32062.dat
1 71 60 -120 20 0 0 -1 -1 0 0 0 1 0 32034.dat
1 4 90 -120 20 1 0 0 0 0 1 0 -1 0 32062.dat
1 71 60 -120 20 0 0.707 0.707 1 0 0 0 0.707 -0.707 4519.dat
1 14 60 -100 20 -0.707 -0.707 0 0 0 -1 0.707 -0.707 0 32072.dat
1 71 60 -150 20 0.707 -0.707 0 0 0 1 -0.707 -0.707 0 59443.dat
1 0 10 -80 -180 1 0 0 0 1 0 0 0 1 2780.dat
1 1 10 -40 -180 1 0 0 0 0 -1 0 1 0 43093.dat
1 72 20 -40 -180 0 -1 0 0 0 -1 1 0 0 6629.dat
1 0 10 -60 -180 1 0 0 0 1 0 0 0 1 2780.dat
1 0 30 -140 -180 1 0 0 0 1 0 0 0 1 2780.dat
0 STEP
1 71 60 -40 -160 0 0 -1 0 1 0 1 0 0 32034.dat
1 0 60 -40 -170 0 0 -1 0 1 0 1 0 0 3705.dat
1 71 60 -40 -140 -1 0 0 0 1 0 0 0 -1 4019.dat
1 72 60 -40 -180 0 -1 0 1 0 0 0 0 1 6542a.dat
1 71 60 -40 -210 -1 0 0 0 -1 0 0 0 1 59443.dat
0 STEP
1 0 100 0 -100 0 -1 0 -1 0 0 0 0 -1 32140.dat
1 0 120 0 0 0 -1 0 1 0 0 0 0 1 32278.dat
1 1 120 0 -140 -1 0 0 0 -1 0 0 0 1 6558.dat
1 1 120 0 -120 -1 0 0 0 -1 0 0 0 1 6558.dat
1 0 110 -20 -160 1 0 0 0 1 0 0 0 1 2780.dat
1 0 120 0 120 -1 0 0 0 -1 0 0 0 1 32054.dat
1 1 110 0 -100 -1 0 0 0 -1 0 0 0 1 43093.dat
0 STEP
1 0 105 -80 -40 0 -1 0 1 0 0 0 0 1 32056.dat
1 0 95 -80 -40 0 -1 0 1 0 0 0 0 1 32056.dat
1 1 110 -80 -40 -1 0 0 0 -1 0 0 0 1 43093.dat
1 0 110 -80 -20 1 0 0 0 1 0 0 0 1 2780.dat
1 71 60 -80 -160 0 0 -1 0 1 0 1 0 0 32034.dat
1 71 20 -80 -160 -1 0 0 0 1 0 0 0 -1 4519.dat
0 STEP
1 71 100 -80 -160 -1 0 0 0 1 0 0 0 -1 4519.dat
1 0 105 -80 -160 0 -1 0 1 0 0 0 0 1 32056.dat
1 0 95 -80 -160 0 -1 0 1 0 0 0 0 1 32056.dat
1 0 130 -40 -160 1 0 0 0 -1 0 0 0 -1 3706.dat
1 71 100 -80 -120 -1 0 0 0 1 0 0 0 -1 4519.dat
1 0 110 -80 -140 1 0 0 0 1 0 0 0 1 2780.dat
0 STEP
1 1 60 -120 -80 1 0 0 0 1 0 0 0 1 8063 - Seat.ldr
0 STEP
1 0 35 -160 -180 0 1 0 1 0 0 0 0 -1 32056.dat
1 0 45 -160 -180 0 1 0 1 0 0 0 0 -1 32056.dat
1 71 60 -120 -180 1 0 0 0 1 0 0 0 1 32073.dat
1 0 85 -160 -180 0 1 0 1 0 0 0 0 -1 32056.dat
1 0 75 -160 -180 0 1 0 1 0 0 0 0 -1 32056.dat
1 71 60 -120 -180 0 0 -1 1 0 0 0 -1 0 3713.dat
1 0 90 -140 -180 1 0 0 0 1 0 0 0 1 2780.dat
1 0 105 -120 20 0 1 0 1 0 0 0 0 -1 32056.dat
1 0 95 -120 20 0 1 0 1 0 0 0 0 -1 32056.dat
1 0 100 -120 0 -1 0 0 0 -1 0 0 0 1 32054.dat
1 1 130 -120 0 -1 0 0 0 -1 0 0 0 1 43093.dat
1 1 90 -120 -20 1 0 0 0 1 0 0 0 1 43093.dat
0 STEP
1 0 120 -80 160 0 -1 0 1 0 0 0 0 1 32009.dat
1 71 60 -176 -132 1 0 0 0 0.8 -0.6 0 0.6 0.8 32073.dat
1 72 40 -176 -132 1 0 0 0 -0.8 0.6 0 -0.6 -0.8 32291.dat
1 71 60 -176 -132 1 0 0 0 0.8 -0.6 0 0.6 0.8 6536.dat
1 72 80 -176 -132 1 0 0 0 -0.8 0.6 0 -0.6 -0.8 32291.dat
1 71 90 -198 -136 0 -0.8 0.6 -0.6 -0.48 -0.64 0.8 -0.36 -0.48 4274.dat
1 71 30 -198 -136 0 -0.8 0.6 -0.6 -0.48 -0.64 0.8 -0.36 -0.48 4274.dat
1 72 60 -202.8 -129.6 -1 0 0 0 0.6 -0.8 0 -0.8 -0.6 2431pc0.dat
1 19 60 -166 -112 0 0 -1 -0.6 0.8 0 0.8 0.6 0 3749.dat
1 71 60 -180.4 -92.8 -1 0 0 0 0.6 -0.8 0 -0.8 -0.6 2819.dat
0 STEP
1 72 100 -40 -180 0 -1 0 0 0 -1 1 0 0 6629.dat
1 0 110 -60 -180 1 0 0 0 1 0 0 0 1 2780.dat
1 0 110 -80 -180 1 0 0 0 1 0 0 0 1 2780.dat
1 1 110 -40 -180 -1 0 0 0 0 -1 0 -1 0 43093.dat
0 STEP
1 0 120 -80 -100 0 -1 0 1 0 0 0 0 1 40490.dat
1 0 50 20 60 -1 0 0 0 -1 0 0 0 1 8063 - Differential.ldr
0 STEP
1 71 180 40 60 0 0 1 0 -1 0 1 0 0 8063 - Wheel Hub.ldr
1 71 -60 40 60 0 0 -1 0 -1 0 -1 0 0 8063 - Wheel Hub.ldr
0 STEP
1 0 60 60 100 0 0 1 1 0 0 0 1 0 40490.dat
1 0 60 60 20 0 0 1 1 0 0 0 1 0 40490.dat
0 STEP
1 71 60 -80 -200 -1 0 0 0 1 0 0 0 -1 8063 - Engine.ldr
0 STEP
1 71 60 -160 -220 -1 0 0 0 1 0 0 0 -1 4519.dat
1 0 120 -40 -240 0 -1 0 1 0 0 0 0 1 32526.dat
1 71 140 -40 -160 0 0 1 1 0 0 0 1 0 3713.dat
0 STEP
1 72 100 0 -160 1 0 0 0 1 0 0 0 1 6587.dat
1 72 100 -40 -240 1 0 0 0 1 0 0 0 1 6587.dat
1 71 60 -40 -240 0 0 -1 0 1 0 1 0 0 32034.dat
1 72 20 -40 -240 -1 0 0 0 1 0 0 0 -1 6587.dat
0 STEP
1 71 60 40 -340 1 0 0 0 1 0 0 0 1 8063 - Steering.ldr
0 STEP
1 4 25 -60 -400 0 1 0 0 0 -1 -1 0 0 32250.dat
1 4 15 -60 -400 0 1 0 0 0 -1 -1 0 0 32250.dat
1 1 20 -60 -420 1 0 0 0 0 -1 0 1 0 6558.dat
0 STEP
1 71 60 -60 -440 -1 0 0 0 0 -1 0 -1 0 44294.dat
1 71 60 -60 -400 -1 0 0 0 0 -1 0 -1 0 44294.dat
0 STEP
1 0 40 -60 -460 0 -1 0 1 0 0 0 0 1 2825.dat
1 0 45 -60 -440 0 -1 0 1 0 0 0 0 1 32056.dat
1 4 60 -20 -440 -1 0 0 0 0 1 0 1 0 32062.dat
0 STEP
1 71 60 -60 -400 1 0 0 0 1 0 0 0 1 6536.dat
1 0 60 -60 -440 1 0 0 0 -1 0 0 0 -1 32291.dat
1 71 50 -80 -450 0 -1 0 0 0 1 -1 0 0 4274.dat
1 71 70 -80 -450 0 -1 0 0 0 1 -1 0 0 4274.dat
0 STEP
1 0 60 -40 -500 0 -1 0 1 0 0 0 0 1 32140.dat
1 1 60 -40 -440 1 0 0 0 -1 0 0 0 -1 6558.dat
0 STEP
1 0 75 -60 -440 0 -1 0 1 0 0 0 0 1 32056.dat
1 0 80 -60 -460 0 1 0 -1 0 0 0 0 1 2825.dat
1 1 100 -60 -420 1 0 0 0 -1 0 0 0 -1 6558.dat
1 1 30 -60 -460 1 0 0 0 -1 0 0 0 -1 43093.dat
1 1 90 -60 -460 -1 0 0 0 -1 0 0 0 1 43093.dat
0 STEP
1 4 105 -60 -400 0 1 0 0 0 -1 -1 0 0 32250.dat
1 4 95 -60 -400 0 1 0 0 0 -1 -1 0 0 32250.dat
1 0 20 -140 -220 -1 0 0 0 0 1 0 1 0 6536.dat
1 1 20 -150 -200 0 0 -1 -1 0 0 0 1 0 43093.dat
1 0 20 -180 -200 0 0 -1 0 -1 0 -1 0 0 32014.dat
1 71 60 -180 -200 1 0 0 0 1 0 0 0 1 4519.dat
0 STEP
1 0 100 -180 -200 0 0 1 0 -1 0 1 0 0 32014.dat
1 0 100 -140 -220 -1 0 0 0 0 1 0 1 0 6536.dat
1 1 100 -150 -200 0 0 -1 -1 0 0 0 1 0 43093.dat
1 4 120 -60 -300 0 1 0 -1 0 0 0 0 1 32278.dat
1 4 0 -60 -300 0 1 0 -1 0 0 0 0 1 32278.dat
1 4 60 -140 -420 0 0 1 -1 0 0 0 -1 0 32523.dat
0 STEP
1 1 60 -180 -220 -1 0 0 0 -0.993 -0.122 0 -0.122 0.993 6558.dat
1 4 40 -172.688 -279.553 0 1 0 -0.993 0 -0.122 -0.122 0 0.993 32524.dat
1 4 80 -172.688 -279.553 0 1 0 -0.993 0 -0.122 -0.122 0 0.993 32524.dat
1 1 60 -165.376 -339.106 -1 0 0 0 -0.993 -0.122 0 -0.122 0.993 6558.dat
1 1 60 -167.813 -319.255 -1 0 0 0 -0.993 -0.122 0 -0.122 0.993 6558.dat
1 4 60 -162.938 -358.956 0 1 0 -0.993 0 -0.122 -0.122 0 0.993 32316.dat
1 1 60 -162.938 -358.956 -1 0 0 0 -0.993 -0.122 0 -0.122 0.993 6558.dat
1 1 60 -158.064 -398.658 -1 0 0 0 -0.993 -0.122 0 -0.122 0.993 6558.dat
1 4 40 -160.501 -378.807 0 1 0 -0.993 0 -0.122 -0.122 0 0.993 32523.dat
1 4 80 -160.501 -378.807 0 1 0 -0.993 0 -0.122 -0.122 0 0.993 32523.dat
1 0 60 -80 -458 -1 0 0 0 0 1 0 1 0 3623.dat
1 47 40 -80 -466 -1 0 0 0 0 1 0 1 0 3024.dat
1 47 60 -80 -466 -1 0 0 0 0 1 0 1 0 3024.dat
1 47 80 -80 -466 -1 0 0 0 0 1 0 1 0 3024.dat
0 STEP
1 0 100 -180 -220 0 1 0 0 0 1 1 0 0 32054.dat
1 0 20 -180 -220 0 1 0 0 0 1 1 0 0 32054.dat
1 0 20 -170 -220 1 0 0 0 0 -1 0 1 0 43857.dat
1 0 100 -170 -220 1 0 0 0 0 -1 0 1 0 43857.dat
1 0 100 -160 -230 0 0 -1 0 1 0 1 0 0 2780.dat
1 0 20 -160 -230 0 0 -1 0 1 0 1 0 0 2780.dat
1 0 0 -80 -230 0 0 -1 0 1 0 1 0 0 2780.dat
1 0 120 -80 -230 0 0 -1 0 1 0 1 0 0 2780.dat
1 4 120 -80 -240 -1 0 0 0 1 0 0 0 -1 64680.dat
1 4 0 -80 -240 -1 0 0 0 1 0 0 0 -1 64394.dat
1 0 100 -60 -460 1 0 0 0 0 1 0 -1 0 32013.dat
1 0 20 -60 -460 1 0 0 0 0 1 0 -1 0 32013.dat
1 4 100 -70 -460 0 0 1 0 1 0 -1 0 0 8063 - technicFlexAxle-1.ldr
1 4 20 -70 -460 0 0 1 0 1 0 -1 0 0 8063 - technicFlexAxle-1.ldr
1 71 60 -220 20 0 -0.707 -0.707 -1 0 0 0 0.707 -0.707 44294.dat
1 0 120 -220 80 0 1 0 0 0 1 1 0 0 32525.dat
1 0 130 -320 80 1 0 0 0 1 0 0 0 1 2780.dat
1 1 140 -300 80 1 0 0 0 -1 0 0 0 -1 6558.dat
0 STEP
1 71 140 0 -120 0 0 -1 0 -1 0 -1 0 0 32184.dat
1 0 140 -20 -140 0 0 1 0 1 0 -1 0 0 6536.dat
1 1 140 20 -130 0 0 1 0 -1 0 1 0 0 43093.dat
1 0 140 -20 -130 0 0 1 0 -1 0 1 0 0 3705.dat
1 0 140 -20 -100 0 0 1 1 0 0 0 1 0 32348.dat
1 0 140 -20 -160 0 0 1 1 0 0 0 1 0 32348.dat
1 4 236 28 -150 0 0.6 -0.8 0 0.8 0.6 1 0 0 32062.dat
1 4 236 28 -110 0 0.6 -0.8 0 0.8 0.6 1 0 0 32062.dat
1 1 212 -4 -150 0 0.6 -0.8 0 0.8 0.6 1 0 0 43093.dat
1 1 212 -4 -110 0 -0.6 0.8 0 0.8 0.6 -1 0 0 43093.dat
1 0 236 28 -130 -0.6 -0.8 0 -0.8 0.6 0 0 0 -1 59443.dat
1 0 212 -4 -130 -0.8 -0.6 0 -0.6 0.8 0 0 0 -1 59443.dat
1 0 140 -160 0 0 -1 0 0 0 -1 1 0 0 32009.dat
1 0 150 -160 60 1 0 0 0 1 0 0 0 1 2780.dat
1 0 150 -160 40 1 0 0 0 1 0 0 0 1 2780.dat
1 0 150 -100 0 1 0 0 0 1 0 0 0 1 2780.dat
1 1 130 0 0 1 0 0 0 1 0 0 0 1 43093.dat
0 STEP
1 0 160 -40 0 0 1 0 -1 0 0 0 0 1 32009.dat
1 0 170 -40 -60 1 0 0 0 1 0 0 0 1 2780.dat
1 0 170 -40 -140 1 0 0 0 1 0 0 0 1 2780.dat
1 0 180 -40 -120 0 1 0 -1 0 0 0 0 1 32524.dat
0 STEP
1 1 130 -60 -160 1 0 0 0 0.989 0.149 0 -0.149 0.989 43093.dat
1 0 140 -60 -160 1 0 0 0 -0.989 -0.149 0 0.149 -0.989 6536.dat
1 1 140 -81.263 -166.919 0 0.043 0.999 -0.149 0.988 -0.043 -0.989 -0.148 0.006 43093.dat
1 0 159.981 -83.604 -176.68 0 0.999 -0.043 -0.149 -0.043 -0.988 -0.989 0.006 0.148 42003.dat
1 71 179.963 -84.46 -176.551 -0.043 -0.965 0.259 -0.988 0.003 -0.155 0.148 -0.262 -0.954 4519.dat
1 0 178.664 -114.1 -172.1 0.965 -0.259 -0.043 -0.003 0.155 -0.988 0.262 0.954 0.148 59443.dat
1 4 177.799 -133.859 -169.133 0.043 -0.259 0.965 0.988 0.155 -0.003 -0.148 0.954 0.262 32062.dat
1 0 176.933 -153.619 -166.165 0.965 -0.259 -0.043 -0.003 0.155 -0.988 0.262 0.954 0.148 59443.dat
1 0 180.612 -69.64 -178.777 0.259 0.043 0.965 -0.155 0.988 -0.003 -0.954 -0.148 0.262 41677.dat
1 0 181.044 -59.76 -180.26 0.259 0.043 0.965 -0.155 0.988 -0.003 -0.954 -0.148 0.262 41677.dat
1 71 175.635 -183.259 -161.714 0.043 0.259 -0.965 0.988 -0.155 0.003 -0.148 -0.954 -0.262 4519.dat
0 STEP
1 0 0 -220 80 0 1 0 0 0 1 1 0 0 32525.dat
1 1 -20 -300 80 -1 0 0 0 -1 0 0 0 1 6558.dat
1 0 -10 -320 80 1 0 0 0 1 0 0 0 1 2780.dat
1 0 -10 -60 -200 1 0 0 0 1 0 0 0 1 2780.dat
1 1 0 -60 -220 1 0 0 0 1 0 0 0 1 6558.dat
1 0 -20 -80 -210 0 1 0 0 0 -1 -1 0 0 41678.dat
1 4 -20 -80 -210 0 1 0 0 0 -1 -1 0 0 32062.dat
1 0 -40 -80 -210 0 -1 0 0 0 1 -1 0 0 42003.dat
0 STEP
1 0 -20 -20 -140 0 0 1 0 1 0 -1 0 0 6536.dat
1 71 -20 0 -120 0 0 -1 0 -1 0 -1 0 0 32184.dat
1 0 -20 -20 -130 0 0 -1 0 -1 0 -1 0 0 3705.dat
1 0 -20 -20 -160 0 0 -1 1 0 0 0 -1 0 32348.dat
1 1 -92 -4 -150 0 0.6 -0.8 0 0.8 0.6 1 0 0 43093.dat
1 4 -116 28 -150 0 -0.6 0.8 0 0.8 0.6 -1 0 0 32062.dat
1 0 -116 28 -130 0.6 0.8 0 -0.8 0.6 0 0 0 1 59443.dat
1 0 -92 -4 -130 0.8 0.6 0 -0.6 0.8 0 0 0 1 59443.dat
1 1 -92 -4 -110 0 -0.6 0.8 0 0.8 0.6 -1 0 0 43093.dat
1 4 -116 28 -110 0 -0.6 0.8 0 0.8 0.6 -1 0 0 32062.dat
1 0 -20 -20 -100 0 0 -1 1 0 0 0 -1 0 32348.dat
1 1 -20 20 -130 0 0 -1 0 1 0 1 0 0 43093.dat
1 0 -20 -160 0 0 -1 0 0 0 -1 1 0 0 32009.dat
1 1 -10 0 0 -1 0 0 0 1 0 0 0 -1 43093.dat
1 0 -30 -160 60 1 0 0 0 1 0 0 0 1 2780.dat
1 0 -30 -160 40 1 0 0 0 1 0 0 0 1 2780.dat
1 0 -30 -100 0 1 0 0 0 1 0 0 0 1 2780.dat
0 STEP
1 0 -40 -40 0 0 1 0 -1 0 0 0 0 1 32009.dat
1 0 -50 -40 -60 -1 0 0 0 -1 0 0 0 1 2780.dat
1 0 -50 -40 -140 -1 0 0 0 -1 0 0 0 1 2780.dat
1 0 -60 -40 -120 0 -1 0 1 0 0 0 0 1 32524.dat
0 STEP
1 1 -10 -60 -160 -1 0 0 0 0.989 -0.149 0 -0.149 -0.989 43093.dat
1 0 -20 -60 -160 -1 0 0 0 -0.989 0.149 0 0.149 0.989 6536.dat
1 1 -20 -81.263 -166.919 0 -0.043 0.999 -0.149 0.988 0.043 -0.989 -0.148 -0.006 43093.dat
1 0 -39.981 -83.604 -176.68 0 -0.999 -0.043 -0.149 -0.043 0.988 -0.989 0.006 -0.148 42003.dat
1 0 -58.664 -114.1 -172.1 -0.965 -0.259 0.043 -0.003 -0.155 -0.988 0.262 -0.954 0.148 59443.dat
1 0 -56.933 -153.619 -166.165 -0.965 -0.259 0.043 -0.003 -0.155 -0.988 0.262 -0.954 0.148 59443.dat
1 71 -59.963 -84.46 -176.551 0.043 0.965 0.259 -0.988 0.003 0.155 0.148 -0.262 0.954 4519.dat
1 0 -61.044 -59.76 -180.26 0.259 -0.043 -0.965 0.155 0.988 -0.003 0.954 -0.148 0.262 41677.dat
1 0 -60.612 -69.64 -178.777 0.259 -0.043 -0.965 0.155 0.988 -0.003 0.954 -0.148 0.262 41677.dat
1 4 -57.799 -133.859 -169.133 -0.043 -0.259 -0.965 0.988 -0.155 -0.003 -0.148 -0.954 0.262 32062.dat
1 71 -55.635 -183.259 -161.714 -0.043 -0.259 -0.965 0.988 -0.155 -0.003 -0.148 -0.954 0.262 4519.dat
0 STEP
1 71 60 -290 20 0.707 -0.707 0 0 0 1 -0.707 -0.707 0 59443.dat
1 0 60 -330 20 0 0.707 -0.707 -1 0 0 0 0.707 0.707 3705.dat
1 0 60 -320 20 0 0 -1 1 0 0 0 -1 0 32034.dat
1 71 60 -335 20 0.707 0.707 0 0 0 1 0.707 -0.707 0 32123b.dat
1 0 60 -350 20 0.707 0.707 0 0 0 1 0.707 -0.707 0 32269.dat
1 4 30 -320 20 1 0 0 0 0 1 0 -1 0 32062.dat
1 4 90 -320 20 1 0 0 0 0 1 0 -1 0 32062.dat
1 0 110 -320 20 0 0 1 0 -1 0 1 0 0 59443.dat
1 0 10 -320 20 0 0 1 0 -1 0 1 0 0 59443.dat
1 4 130 -320 20 1 0 0 0 -1 0 0 0 -1 32062.dat
1 4 -10 -320 20 1 0 0 0 -1 0 0 0 -1 32062.dat
1 0 -80.561 -54.879 -175.759 -0.259 0.965 0.043 -0.155 0.003 -0.988 -0.954 -0.262 0.148 8063 - rigid3mmHose-1.ldr
1 0 200.561 -54.879 -175.759 0.259 0.965 -0.043 -0.155 -0.003 -0.988 -0.954 0.262 0.148 8063 - rigid3mmHose-1.ldr
1 72 190.175 -291.995 -140.151 -0.043 0.498 -0.866 -0.988 0.107 0.111 0.148 0.86 0.488 32002.dat
1 72 -70.175 -291.995 -140.151 0.043 0.502 -0.864 -0.988 0.15 0.038 0.148 0.852 0.503 32002.dat
1 0 156.335 -183.201 -166.957 -0.043 -0.259 -0.965 -0.988 0.155 0.003 0.148 0.954 -0.262 32039.dat
1 0 -36.335 -183.201 -166.957 0.043 -0.259 0.965 -0.988 -0.155 0.003 0.148 -0.954 -0.262 32039.dat
1 0 165 -181.64 -161.958 0 1 0 0.989 0 -0.149 -0.149 0 -0.989 8063 - technicFlexAxle-2.ldr
0 STEP
1 0 173.904 -222.778 -155.78 0.259 0.965 -0.043 -0.155 -0.003 -0.988 -0.954 0.262 0.148 32034.dat
1 72 171.091 -286.997 -146.136 0.043 -0.965 -0.259 0.988 0.003 0.155 -0.148 -0.262 0.954 59426.dat
1 0 171.74 -272.177 -148.361 0.043 0.965 0.259 0.988 -0.003 -0.155 -0.148 0.262 -0.954 62462.dat
1 0 228.344 -301.991 -128.181 -0.259 0.043 -0.965 0.155 0.988 0.003 0.954 -0.148 -0.262 2825.dat
1 1 228.776 -292.111 -129.665 -0.043 -0.259 -0.965 -0.988 0.155 0.003 0.148 0.954 -0.262 43093.dat
1 0 150.028 -310.841 -142.555 0 0.999 0.043 0.149 -0.043 0.988 0.989 0.006 -0.148 6536.dat
1 1 150.028 -309.356 -132.666 0 -0.043 -0.999 -0.149 -0.988 0.043 -0.989 0.148 -0.006 43093.dat
1 0 140.028 -327.649 -119.807 1 0 0 0 0.989 0.149 0 -0.149 0.989 32291.dat
1 0 140 -320 20 0 -1 0 1 0 0 0 0 1 32140.dat
1 0 -20 -320 20 0 -1 0 1 0 0 0 0 1 32140.dat
1 57 176.49 -224.323 -165.315 0.043 0.259 -0.965 0.988 -0.155 0.003 -0.148 -0.954 -0.262 6141.dat
1 0 -30 -320 40 1 0 0 0 0.999 0.047 0 -0.047 0.999 2780.dat
1 0 150 -320 40 1 0 0 0 0.999 0.047 0 -0.047 0.999 2780.dat
0 STEP
1 0 -53.904 -222.778 -155.78 -0.259 0.965 0.043 -0.155 0.003 -0.988 -0.954 -0.262 0.148 32034.dat
1 57 -56.49 -224.323 -165.315 -0.043 -0.259 -0.965 0.988 -0.155 -0.003 -0.148 -0.954 0.262 6141.dat
1 72 -51.091 -286.997 -146.136 -0.043 -0.965 0.259 0.988 -0.003 0.155 -0.148 0.262 0.954 59426.dat
1 0 -51.74 -272.177 -148.361 -0.043 -0.965 -0.259 0.988 -0.08 0.132 -0.148 -0.25 0.957 62462.dat
1 0 -108.344 -301.991 -128.181 -0.259 -0.043 0.965 -0.155 0.988 0.003 -0.954 -0.148 -0.262 2825.dat
1 0 -30.028 -310.841 -142.555 0 -0.999 -0.043 -0.149 -0.043 0.988 -0.989 0.006 -0.148 6536.dat
1 1 -30.028 -309.356 -132.666 0 0.043 -0.999 -0.149 -0.988 -0.043 -0.989 0.148 0.006 43093.dat
1 0 -20.028 -327.649 -119.807 1 0 0 0 0.989 0.149 0 -0.149 0.989 32291.dat
1 1 -108.776 -292.111 -129.665 0.043 0.259 -0.965 -0.988 0.155 -0.003 0.148 0.954 0.262 43093.dat
1 15 -40 -300 100 0 0 1 -1 0 0 0 -1 0 6536.dat
1 15 160 -300 100 0 0 1 -1 0 0 0 -1 0 6536.dat
1 1 -40 -310 100 0 0 1 1 0 0 0 1 0 43093.dat
1 1 160 -310 100 0 0 1 1 0 0 0 1 0 43093.dat
0 STEP
1 15 -40 -322.831 -19.933 0 1 0 -0.999 0 0.047 0.047 0 0.999 32525.dat
1 15 160 -322.831 -19.933 0 1 0 -0.999 0 0.047 0.047 0 0.999 32525.dat
1 0 170 -318.113 79.955 1 0 0 0 0.999 0.047 0 -0.047 0.999 2780.dat
1 0 -50 -318.113 79.955 1 0 0 0 0.999 0.047 0 -0.047 0.999 2780.dat
1 0 -50 -320.944 20.022 1 0 0 0 0.999 0.047 0 -0.047 0.999 2780.dat
1 0 140 -120 80 0 1 0 -0.96 0 0.281 0.281 0 0.96 32140.dat
1 0 -20 -120 80 0 1 0 -0.96 0 0.281 0.281 0 0.96 32140.dat
1 71 130 -122.34 143.202 1 0 0 0 -0.96 -0.281 0 0.281 -0.96 3673.dat
1 71 -10 -122.34 143.202 1 0 0 0 -0.96 -0.281 0 0.281 -0.96 3673.dat
0 STEP
1 72 140 8 296 0 -1 0 -1 0 0 0 0 -1 6629.dat
1 1 130 -40 160 1 0 0 0 0.8 -0.6 0 0.6 0.8 43093.dat
1 71 130 8 236 1 0 0 0 -0.815 0.58 0 -0.58 -0.815 3673.dat
0 STEP
1 72 -20 8 296 0 -1 0 -1 0 0 0 0 -1 6629.dat
1 71 -10 8 236 1 0 0 0 -0.815 0.58 0 -0.58 -0.815 3673.dat
1 72 -20.028 -327.649 -119.807 -1 0 0 0 0.149 0.989 0 0.989 -0.149 6587.dat
1 72 140 -327.549 -119.822 1 0 0 0 -0.66 -0.752 0 0.752 -0.66 6587.dat
1 71 110 -327.549 -119.822 0 0 1 -0.752 0.66 0 -0.66 -0.752 0 59443.dat
1 71 9.972 -327.649 -119.807 0 0 1 -0.149 0.989 0 -0.989 -0.149 0 59443.dat
1 71 60 -327.549 -119.822 1 0 0 0 -0.752 0.66 0 -0.66 -0.752 32073.dat
1 0 120 -57.17 189.601 0 -1 0 -0.58 0 -0.815 0.815 0 -0.58 40490.dat
1 1 -10 -40 160 -1 0 0 0 -0.8 -0.6 0 -0.6 0.8 43093.dat
1 0 0 -57.17 189.601 0 -1 0 -0.58 0 -0.815 0.815 0 -0.58 40490.dat
1 0 -40 -160 20 0 -1 0 1 0 0 0 0 1 6629.dat
1 0 160 -160 20 0 -1 0 1 0 0 0 0 1 6629.dat
1 1 170 -160 20 -1 0 0 0 1 0 0 0 -1 43093.dat
1 1 -50 -160 20 1 0 0 0 1 0 0 0 1 43093.dat
1 0 -50 -160 120 -1 0 0 0 -0.969 -0.246 0 -0.246 0.969 2780.dat
1 0 -50 -144 132 -1 0 0 0 -1 0 0 0 1 2780.dat
1 0 -50 -128 144 -1 0 0 0 -1 0 0 0 1 2780.dat
1 0 170 -128 144 -1 0 0 0 -1 0 0 0 1 2780.dat
1 0 170 -144 132 -1 0 0 0 -1 0 0 0 1 2780.dat
1 0 170 -160 120 -1 0 0 0 -0.969 -0.246 0 -0.246 0.969 2780.dat
1 0 180 -128 144 0 -1 0 -0.6 0 -0.8 0.8 0 -0.6 32523.dat
1 0 -60 -128 144 0 -1 0 -0.6 0 -0.8 0.8 0 -0.6 32523.dat
0 STEP
1 15 60 -320 100 0 0 -1 0 1 0 1 0 0 32525.dat
1 0 -20 -310 100 0 -0.999 -0.047 -1 0 0 0 0.047 -0.999 2780.dat
1 0 0 -310 100 0 -0.999 -0.047 -1 0 0 0 0.047 -0.999 2780.dat
1 0 -10 -300 120 1 0 0 0 1 0 0 0 1 41678.dat
1 4 -10 -300 120 1 0 0 0 1 0 0 0 1 32062.dat
1 0 -10 -300 120 1 0 0 0 -1 0 0 0 -1 32291.dat
1 47 -20 -320 130 1 0 0 0 0 -1 0 1 0 3024.dat
1 47 0 -320 130 1 0 0 0 0 -1 0 1 0 3024.dat
1 0 140 -310 100 0 -0.999 -0.047 -1 0 0 0 0.047 -0.999 2780.dat
1 0 120 -310 100 0 -0.999 -0.047 -1 0 0 0 0.047 -0.999 2780.dat
1 0 130 -300 120 1 0 0 0 1 0 0 0 1 41678.dat
1 4 130 -300 120 1 0 0 0 1 0 0 0 1 32062.dat
1 0 130 -300 120 1 0 0 0 -1 0 0 0 -1 32291.dat
1 47 140 -320 130 1 0 0 0 0 -1 0 1 0 3024.dat
1 47 120 -320 130 1 0 0 0 0 -1 0 1 0 3024.dat
1 0 -60 -155.09 100.612 0 0 -1 -0.969 -0.246 0 -0.246 0.969 0 6536.dat
1 71 -60 -174.478 95.702 0 0 -1 -0.969 -0.246 0 -0.246 0.969 0 4519.dat
1 0 -80 -174.478 95.702 0 -1 0 -0.969 0 0.246 -0.246 0 -0.969 42003.dat
1 0 -60 -203.559 88.336 -1 0 0 0 -0.246 0.969 0 0.969 0.246 59443.dat
1 0 -60 -261.723 73.606 0 0 -1 -0.969 -0.246 0 -0.246 0.969 0 3706.dat
1 15 -60 -313.101 60.593 0 0 -1 -0.969 -0.246 0 -0.246 0.969 0 6536.dat
1 0 180 -155.09 100.612 0 0 -1 -0.969 -0.246 0 -0.246 0.969 0 6536.dat
1 71 180 -174.478 95.702 0 0 -1 -0.969 -0.246 0 -0.246 0.969 0 4519.dat
1 0 180 -203.559 88.336 -1 0 0 0 -0.246 0.969 0 0.969 0.246 59443.dat
1 0 180 -261.723 73.606 0 0 -1 -0.969 -0.246 0 -0.246 0.969 0 3706.dat
1 15 180 -313.101 60.593 0 0 -1 -0.969 -0.246 0 -0.246 0.969 0 6536.dat
1 0 200 -174.478 95.702 0 1 0 -0.969 0 -0.246 -0.246 0 0.969 42003.dat
1 36 200 -176.933 105.396 -1 0 0 0 -0.246 0.969 0 0.969 0.246 6141.dat
1 36 -80 -176.933 105.396 -1 0 0 0 -0.246 0.969 0 0.969 0.246 6141.dat
1 57 220 -176.933 105.396 -1 0 0 0 -0.246 0.969 0 0.969 0.246 6141.dat
1 57 -100 -176.933 105.396 -1 0 0 0 -0.246 0.969 0 0.969 0.246 6141.dat
1 0 -60 -240 20 0 1 0 0 0 -1 -1 0 0 40490.dat
0 STEP
1 0 -60 -154 -210 1 0 0 0 1 0 0 0 1 6143.dat
1 1 -60 -90 -210 0 0 -1 -1 0 0 0 1 0 43093.dat
1 0 -60 -110 -210 -1 0 0 0 0 1 0 1 0 59443.dat
1 0 -60 -170 -210 0 0 1 1 0 0 0 1 0 3706.dat
1 0 -60 -178 -210 1 0 0 0 1 0 0 0 1 6143.dat
1 0 -60 -202 -210 1 0 0 0 1 0 0 0 1 6143.dat
1 0 -60 -230 -210 -1 0 0 0 0 1 0 1 0 59443.dat
1 4 -60 -250 -210 0 0 1 1 0 0 0 1 0 32062.dat
1 0 -60 -270 -210 -1 0 0 0 0 1 0 1 0 59443.dat
1 4 -60 -290 -210 0 0 1 1 0 0 0 1 0 32062.dat
1 0 -60 -320 -210 0 1 0 0 0 -1 -1 0 0 32015.dat
0 STEP
1 0 -40 -20 -340 1 0 0 0 1 0 0 0 1 8063 - 33299a.dat
1 0 -40 -50 -340 0 1 0 -1 0 0 0 0 1 3706.dat
1 0 -40 -100 -340 1 0 0 0 0 1 0 -1 0 32039.dat
1 0 -70 -120 -340 1 0 0 0 0 1 0 -1 0 3705.dat
1 71 -60 -120 -340 0 0 1 0 1 0 -1 0 0 3713.dat
1 4 -80 -120 -340 0 -1 0 1 0 0 0 0 1 32348.dat
1 4 -100 -120 -340 0 -1 0 1 0 0 0 0 1 32348.dat
1 4 -90 -72 -244 1 0 0 0 0.8 -0.6 0 0.6 0.8 32062.dat
0 STEP
1 0 180 -240 20 0 1 0 0 0 -1 -1 0 0 40490.dat
1 1 180 -320 20 -1 0 0 0 1 0 0 0 -1 6558.dat
1 0 190 -260 20 -1 0 0 0 1 0 0 0 -1 2780.dat
1 0 200 -260 20 -1 0 0 0 0 1 0 1 0 32013.dat
1 4 200 -290 20 0 0 -1 -1 0 0 0 1 0 32062.dat
1 0 200 -320 20 -1 0 0 0 0 1 0 1 0 32034.dat
1 71 200 -360 20 0 0 -1 -1 0 0 0 1 0 4519.dat
1 0 200 -353.944 20.022 1 0 0 0 -1 0 0 0 -1 4032a.dat
1 38 200 -361.944 20.022 1 0 0 0 -1 0 0 0 -1 6143.dat
1 0 200 -385.944 20.022 1 0 0 0 -1 0 0 0 -1 2654.dat
0 STEP
1 0 200 -40 -80 -1 0 0 0 0.866 -0.5 0 -0.5 -0.866 32054.dat
1 0 200 -112 156 -1 0 0 0 0.5 0.866 0 0.866 -0.5 32054.dat
1 1 230 -40 -80 -1 0 0 0 0.866 -0.5 0 -0.5 -0.866 43093.dat
1 1 230 -112 156 -1 0 0 0 0.5 0.866 0 0.866 -0.5 43093.dat
1 0 200 -40 -80 -1 0 0 0 0.5 0.866 0 0.866 -0.5 32013.dat
1 0 240 -40 -80 -1 0 0 0 0.5 0.866 0 0.866 -0.5 32013.dat
1 0 200 -112 156 -1 0 0 0 -0.866 0.5 0 0.5 0.866 32013.dat
1 0 240 -112 156 -1 0 0 0 -0.866 0.5 0 0.5 0.866 32013.dat
1 4 240 -48.66 -75 0 0 -1 0.5 0.866 0 0.866 -0.5 0 8063 - technicFlexAxle-3.ldr
1 4 200 -48.66 -75 0 0 -1 0.5 0.866 0 0.866 -0.5 0 8063 - technicFlexAxle-3.ldr
1 0 -80 -40 -80 1 0 0 0 0.866 0.5 0 -0.5 0.866 32054.dat
1 1 -110 -40 -80 1 0 0 0 0.866 0.5 0 -0.5 0.866 43093.dat
1 0 -80 -112 156 1 0 0 0 0.866 0.5 0 -0.5 0.866 32054.dat
1 1 -110 -112 156 1 0 0 0 0.866 0.5 0 -0.5 0.866 43093.dat
1 0 -80 -40 -80 -1 0 0 0 0.5 0.866 0 0.866 -0.5 32013.dat
1 0 -120 -40 -80 -1 0 0 0 0.5 0.866 0 0.866 -0.5 32013.dat
1 4 -120 -48.66 -75 0 0 -1 0.5 0.866 0 0.866 -0.5 0 8063 - technicFlexAxle-3.ldr
1 4 -80 -48.66 -75 0 0 -1 0.5 0.866 0 0.866 -0.5 0 8063 - technicFlexAxle-3.ldr
1 0 -80 -112 156 -1 0 0 0 -0.866 0.5 0 0.5 0.866 32013.dat
1 0 -120 -112 156 -1 0 0 0 -0.866 0.5 0 0.5 0.866 32013.dat
0 STEP
1 0 60 -40 -500 -1 0 0 0 0 1 0 1 0 3706.dat
1 0 60 -40 -480 -1 0 0 0 0 1 0 1 0 3706.dat
1 0 45 -40 -480 0 -1 0 0 0 1 -1 0 0 32250.dat
1 0 35 -40 -480 0 -1 0 0 0 1 -1 0 0 32250.dat
1 0 15 -40 -480 0 -1 0 0 0 1 -1 0 0 32250.dat
1 0 5 -40 -480 0 -1 0 0 0 1 -1 0 0 32250.dat
1 0 25 -40 -500 0 -1 0 1 0 0 0 0 1 41677.dat
0 STEP
1 0 95 -40 -500 0 -1 0 1 0 0 0 0 1 41677.dat
1 0 85 -40 -480 0 -1 0 0 0 1 -1 0 0 32250.dat
1 0 75 -40 -480 0 -1 0 0 0 1 -1 0 0 32250.dat
1 1 -10.028 -309.356 -132.666 0 0 1 -0.149 0.989 0 -0.989 -0.149 0 43093.dat
1 1 130.028 -309.356 -132.666 0 0 1 -0.149 0.989 0 -0.989 -0.149 0 43093.dat
1 15 19.972 -310.098 -137.611 0 0 1 0.989 0.149 0 -0.149 0.989 0 32449.dat
1 15 100.028 -310.098 -137.611 0 0 1 0.989 0.149 0 -0.149 0.989 0 32449.dat
1 15 19.972 -311.583 -147.5 0 0 1 0.989 0.149 0 -0.149 0.989 0 32449.dat
1 15 100.028 -311.583 -147.5 0 0 1 0.989 0.149 0 -0.149 0.989 0 32449.dat
1 4 49.972 -309.356 -132.666 0 0 1 0.149 -0.989 0 0.989 0.149 0 32062.dat
1 4 70.028 -309.356 -132.666 0 0 1 0.149 -0.989 0 0.989 0.149 0 32062.dat
1 0 50.028 -308.613 -127.722 0 0 1 -0.989 -0.149 0 0.149 -0.989 0 41677.dat
1 0 50.028 -307.128 -117.832 0 0 1 -0.989 -0.149 0 0.149 -0.989 0 41677.dat
1 71 9.972 -312.326 -152.444 0 0 1 -0.149 0.989 0 -0.989 -0.149 0 4274.dat
1 71 29.972 -312.326 -152.444 0 0 1 -0.149 0.989 0 -0.989 -0.149 0 4274.dat
1 71 110.028 -312.326 -152.444 0 0 1 -0.149 0.989 0 -0.989 -0.149 0 4274.dat
1 71 90.028 -312.326 -152.444 0 0 1 -0.149 0.989 0 -0.989 -0.149 0 4274.dat
1 0 59.97 -313.845 -160.306 -1 0 0.011 0.011 0.149 0.989 -0.002 0.989 -0.148 4477.dat
1 0 59.97 -315.033 -168.217 -1 0 0.011 0.011 0.149 0.989 -0.002 0.989 -0.148 6636.dat
1 47 -30.025 -314.04 -168.366 -1 0 0.011 0.011 0.149 0.989 -0.002 0.989 -0.148 3024.dat
1 47 -10.026 -314.261 -168.333 -1 0 0.011 0.011 0.149 0.989 -0.002 0.989 -0.148 3024.dat
1 47 129.966 -315.805 -168.101 -1 0 0.011 0.011 0.149 0.989 -0.002 0.989 -0.148 3024.dat
1 47 149.964 -316.025 -168.068 -1 0 0.011 0.011 0.149 0.989 -0.002 0.989 -0.148 3024.dat
0 STEP
1 0 160 -20 -340 1 0 0 0 1 0 0 0 1 8063 - 33299a.dat
1 0 160 -50 -340 0 1 0 -1 0 0 0 0 1 3706.dat
1 0 160 -100 -340 1 0 0 0 0 1 0 -1 0 32039.dat
1 0 190 -120 -340 -1 0 0 0 0 1 0 1 0 3705.dat
1 71 180 -120 -340 0 0 -1 0 1 0 1 0 0 3713.dat
1 4 220 -120 -340 0 -1 0 1 0 0 0 0 1 32348.dat
1 4 200 -120 -340 0 -1 0 1 0 0 0 0 1 32348.dat
1 4 210 -72 -244 1 0 0 0 0.8 -0.6 0 0.6 0.8 32062.dat
1 15 -49.057 -333.432 -139.163 0.043 -0.259 0.965 -0.988 -0.155 0.003 0.148 -0.954 -0.262 6536.dat
1 15 169.057 -333.432 -139.163 -0.043 0.259 0.965 -0.988 -0.155 -0.003 0.148 -0.954 0.262 6536.dat
1 71 -44.579 -336.494 -160.855 0.965 -0.066 0.254 0.003 0.97 0.243 -0.262 -0.234 0.936 4274.dat
1 71 164.579 -336.494 -160.855 -0.965 -0.061 0.255 0.003 0.97 0.242 -0.262 0.234 -0.936 4274.dat
1 15 -60.019 -336.54 -156.661 -0.066 -0.965 0.254 0.97 -0.003 0.243 -0.234 0.262 0.936 8063 - technicFlexAxle-4.ldr
1 0 115 -40 -480 0 -1 0 0 0 1 -1 0 0 32250.dat
1 0 105 -40 -480 0 -1 0 0 0 1 -1 0 0 32250.dat
0 STEP
1 0 60 20 -140 0 0 1 -1 0 0 0 -1 0 40490.dat
0 STEP
1 0 227.056 -270.806 -123.096 0.043 0.259 -0.965 0.988 -0.155 0.003 -0.148 -0.954 -0.262 2817.dat
1 0 -107.056 -270.806 -123.096 -0.043 -0.259 -0.965 0.988 -0.155 -0.003 -0.148 -0.954 0.262 2817.dat
1 0 -105.853 -249.81 -118.435 -0.043 -0.259 -0.965 0.988 -0.155 -0.003 -0.148 -0.954 0.262 3068b.dat
1 0 -104.555 -279.45 -113.984 -0.965 -0.259 0.043 -0.003 -0.155 -0.988 0.262 -0.954 0.148 3069b.dat
1 0 224.555 -279.45 -113.984 -0.965 0.259 -0.043 0.003 -0.155 -0.988 -0.262 -0.954 0.148 3069b.dat
1 0 225.853 -249.81 -118.435 0.043 0.259 -0.965 0.988 -0.155 0.003 -0.148 -0.954 -0.262 3068b.dat
1 71 60 0 180 0 -1 0 -1 0 0 0 0 -1 32073.dat
1 71 60 -40 180 -1 0 0 0 0 -1 0 -1 0 3713.dat
1 71 230 20 -340 0 0 -1 -1 0 0 0 1 0 41896.dat
1 71 230 20 60 0 0 -1 -1 0 0 0 1 0 44772.dat
1 256 230 20 -340 0 0 -1 -1 0 0 0 1 0 45982.dat
1 256 233 20 60 0 0 -1 -1 0 0 0 1 0 54120.dat
1 71 -112 20 -340 0 0 1 -1 0 0 0 -1 0 41896.dat
1 256 -112 20 -340 0 0 1 -1 0 0 0 -1 0 45982.dat
1 71 -110 20 60 0 0 1 -1 0 0 0 -1 0 44772.dat
1 256 -113 20 60 0 0 1 -1 0 0 0 -1 0 54120.dat

0 FILE 8063 - Seat.ldr
0 Seat
0 Name: 8063 - Seat.ldr
0 Author: Tomas Kralicek [RabbiT_CZ]
0 !LICENSE Redistributable under CCAL version 2.0 : see CAreadme.txt
1 71 0 0 0 1 0 0 0 1 0 0 0 1 32073.dat
1 1 -40 0 0 0 1 0 1 0 0 0 0 -1 41669.dat
0 STEP
1 1 -20 0 40 0 1 0 1 0 0 0 0 -1 32316.dat
1 1 0 0 40 1 0 0 0 0 -1 0 1 0 6558.dat
0 STEP
1 1 0 0 0 0 1 0 -1 0 0 0 0 1 32140.dat
0 STEP
1 1 20 0 40 0 1 0 1 0 0 0 0 -1 32316.dat
1 1 0 -20 60 1 0 0 0 0.174 -0.985 0 0.985 0.174 6558.dat
0 STEP
1 1 -20 -59.392 66.946 0 1 0 0.174 0 0.985 0.985 0 -0.174 32316.dat
1 1 40 0 0 0 -1 0 -1 0 0 0 0 -1 41669.dat
0 STEP
1 71 0 -59.392 66.946 1 0 0 0 0.985 0.174 0 -0.174 0.985 32073.dat
1 1 -5 -59.392 66.946 0 -1 0 0.174 0 -0.985 0.985 0 0.174 6632.dat
1 1 5 -59.392 66.946 0 -1 0 0.174 0 -0.985 0.985 0 0.174 6632.dat
1 1 0 -79.088 70.419 1 0 0 0 0.174 -0.985 0 0.985 0.174 6558.dat
0 STEP
1 1 20 -59.392 66.946 0 1 0 0.174 0 0.985 0.985 0 -0.174 32316.dat
1 1 -40 -59.392 66.946 0 1 0 0.174 0 0.985 0.985 0 -0.174 41669.dat
1 1 40 -59.392 66.946 0 -1 0 -0.174 0 0.985 -0.985 0 -0.174 41669.dat


0 FILE 8063 - Differential.ldr
0 Differential
0 Name: 8063 - Differential.ldr
0 Author: Tomas Kralicek [RabbiT_CZ]
0 !LICENSE Redistributable under CCAL version 2.0 : see CAreadme.txt
1 72 0 0 0 0 0 -1 0 1 0 1 0 0 6573.dat
1 19 0 17 0 0.259 -0.966 0 0 0 -1 0.966 0.259 0 6589.dat
0 STEP
1 19 17 0 0 0 0 -1 0 -1 0 -1 0 0 6589.dat
1 71 50 0 0 1 0 0 0 1 0 0 0 1 32073.dat
0 STEP
1 19 -17 0 0 0 0 1 0 -1 0 1 0 0 6589.dat
1 0 -60 0 0 1 0 0 0 -1 0 0 0 -1 3706.dat
0 STEP
1 71 -50 0 0 0 0 -1 0 -1 0 -1 0 0 3713.dat
1 71 -70 0 0 0 0 -1 0 -1 0 -1 0 0 3713.dat
1 71 50 0 0 0 0 -1 0 -1 0 -1 0 0 3713.dat
0 STEP
1 0 -85 20 0 0 -1 0 0 0 -1 1 0 0 2905.dat
1 0 -95 20 0 0 -1 0 0 0 -1 1 0 0 2905.dat
1 1 -100 20 40 1 0 0 0 0 -1 0 1 0 43093.dat
1 1 -100 20 -40 1 0 0 0 0 -1 0 1 0 43093.dat
1 4 -90 20 -20 1 0 0 0 0 -1 0 1 0 32054.dat
1 4 -90 20 20 1 0 0 0 0 -1 0 1 0 32054.dat
1 4 70 20 -20 -1 0 0 0 0 -1 0 -1 0 32054.dat
1 0 65 20 0 0 1 0 0 0 -1 -1 0 0 2905.dat
1 0 75 20 0 0 1 0 0 0 -1 -1 0 0 2905.dat
1 1 80 20 -40 -1 0 0 0 0 -1 0 -1 0 43093.dat
1 1 80 20 40 -1 0 0 0 0 -1 0 -1 0 43093.dat
1 4 70 20 20 -1 0 0 0 0 -1 0 -1 0 32054.dat
0 STEP
1 71 100 0 0 0 0 1 1 0 0 0 1 0 59443.dat
1 71 -120 0 0 0 0 1 1 0 0 0 1 0 59443.dat
0 STEP
1 0 -160 0 0 -1 0 0 0 0 -1 0 -1 0 3705.dat
1 0 140 0 0 -1 0 0 0 0 -1 0 -1 0 3705.dat


0 FILE 8063 - Wheel Hub.ldr
0 Wheel Hub
0 Name: 8063 - Wheel Hub.ldr
0 Author: Tomas Kralicek [RabbiT_CZ]
0 !LICENSE Redistributable under CCAL version 2.0 : see CAreadme.txt
1 71 0 0 0 1 0 0 0 1 0 0 0 1 4519.dat
1 71 -5 0 0 0 1 0 1 0 0 0 0 -1 41677.dat
1 71 5 0 0 0 1 0 1 0 0 0 0 -1 41677.dat
0 STEP
1 71 0 0 -20 -1 0 0 0 1 0 0 0 -1 32073.dat
0 STEP
1 0 -20 0 20 0 -1 0 -1 0 0 0 0 -1 32140.dat
1 71 -40 20 -20 1 0 0 0 1 0 0 0 1 42003.dat
1 0 -30 -20 -40 1 0 0 0 1 0 0 0 1 2780.dat
0 STEP
1 71 0 0 20 1 0 0 0 1 0 0 0 1 4519.dat
0 STEP
1 71 0 20 20 1 0 0 0 1 0 0 0 1 42003.dat
1 1 0 40 10 0 0 1 0 1 0 -1 0 0 43093.dat
1 71 0 40 -10 -1 0 0 0 1 0 0 0 -1 59443.dat
1 1 0 40 -30 0 0 -1 0 1 0 1 0 0 43093.dat
0 STEP
1 0 20 0 20 0 -1 0 -1 0 0 0 0 -1 32140.dat
0 STEP
1 0 30 -20 -40 1 0 0 0 1 0 0 0 1 2780.dat
1 71 40 20 -20 1 0 0 0 1 0 0 0 1 42003.dat


0 FILE 8063 - Engine.ldr
0 Engine
0 Name: 8063 - Engine.ldr
0 Author: Tomas Kralicek [RabbiT_CZ]
0 !LICENSE Redistributable under CCAL version 2.0 : see CAreadme.txt
1 0 0 0 0 0 0 1 0 1 0 -1 0 0 3705.dat
1 71 0 0 50 0 1 0 -1 0 0 0 0 1 2853.dat
1 72 0 0 70 0 1 0 -1 0 0 0 0 1 2854.dat
1 71 0 10 50 1 0 0 0 1 0 0 0 1 2852.dat
0 STEP
1 4 0 -10 90 0 0 1 0 1 0 -1 0 0 32062.dat
1 72 0 0 110 0 -1 0 -1 0 0 0 0 -1 2854.dat
1 71 0 -10 90 1 0 0 0 1 0 0 0 1 2852.dat
0 STEP
1 4 0 10 130 0 0 -1 0 -1 0 -1 0 0 32062.dat
1 72 0 0 150 0 1 0 1 0 0 0 0 -1 2854.dat
1 71 0 10 130 1 0 0 0 1 0 0 0 1 2852.dat
0 STEP
1 4 0 -10 170 0 0 -1 0 -1 0 -1 0 0 32062.dat
1 71 0 -10 170 1 0 0 0 1 0 0 0 1 2852.dat
1 71 0 -10 200 0 1 0 -1 0 0 0 0 1 2853.dat
0 STEP
1 14 0 -30 50 1 0 0 0 1 0 0 0 1 2851.dat
1 14 0 -50 90 1 0 0 0 1 0 0 0 1 2851.dat
1 14 0 -30 130 1 0 0 0 1 0 0 0 1 2851.dat
1 14 0 -50 170 1 0 0 0 1 0 0 0 1 2851.dat
0 STEP
1 71 0 -66 50 1 0 0 0 1 0 0 0 1 2850.dat
1 0 20 -40 70 0 0 1 0 1 0 -1 0 0 2780.dat
1 0 -20 -40 70 0 0 1 0 1 0 -1 0 0 2780.dat
1 71 0 -66 90 1 0 0 0 1 0 0 0 1 2850.dat
1 0 20 -40 110 0 0 1 0 1 0 -1 0 0 2780.dat
1 0 -20 -40 110 0 0 1 0 1 0 -1 0 0 2780.dat
1 71 0 -66 130 1 0 0 0 1 0 0 0 1 2850.dat
1 0 20 -40 150 0 0 1 0 1 0 -1 0 0 2780.dat
1 0 -20 -40 150 0 0 1 0 1 0 -1 0 0 2780.dat
1 71 0 -66 170 1 0 0 0 1 0 0 0 1 2850.dat
1 0 20 -40 190 0 0 1 0 1 0 -1 0 0 2780.dat
1 0 -20 -40 190 0 0 1 0 1 0 -1 0 0 2780.dat
1 0 -20 -40 30 0 0 1 0 1 0 -1 0 0 2780.dat
1 0 20 -40 30 0 0 1 0 1 0 -1 0 0 2780.dat
0 STEP
1 0 -20 -40 200 1 0 0 0 -1 0 0 0 -1 42003.dat
1 0 20 -40 200 1 0 0 0 -1 0 0 0 -1 42003.dat
1 71 0 -20 200 1 0 0 0 1 0 0 0 1 32073.dat
1 71 0 -20 200 1 0 0 0 1 0 0 0 1 6536.dat
1 0 20 -60 210 0 0 1 0 1 0 -1 0 0 2780.dat
1 0 -20 -60 210 0 0 1 0 1 0 -1 0 0 2780.dat
0 STEP
1 71 -20 -40 20 -1 0 0 0 1 0 0 0 -1 32184.dat
1 71 20 -40 20 -1 0 0 0 1 0 0 0 -1 32184.dat
1 71 0 -20 20 -1 0 0 0 1 0 0 0 -1 6536.dat
1 71 0 -20 20 -1 0 0 0 1 0 0 0 -1 44294.dat
1 71 0 -60 20 1 0 0 0 1 0 0 0 1 32073.dat
1 4 0 -40 20 0 1 0 0 0 -1 -1 0 0 32140.dat
1 0 -40 -20 20 0 1 0 0 0 1 1 0 0 32140.dat
1 0 40 -20 20 0 1 0 0 0 1 1 0 0 32140.dat
1 0 -60 -20 20 -1 0 0 0 1 0 0 0 -1 6536.dat
1 0 60 -20 20 -1 0 0 0 1 0 0 0 -1 6536.dat
1 0 -50 20 20 -1 0 0 0 1 0 0 0 -1 2780.dat
1 0 -50 40 20 -1 0 0 0 1 0 0 0 -1 2780.dat
0 STEP
1 71 0 0 0 -1 0 0 0 1 0 0 0 -1 3713.dat
1 71 0 0 -20 -1 0 0 0 1 0 0 0 -1 4019.dat


0 FILE 8063 - Steering.ldr
0 Steering
0 Name: 8063 - Steering.ldr
0 Author: Tomas Kralicek [RabbiT_CZ]
0 !LICENSE Redistributable under CCAL version 2.0 : see CAreadme.txt
1 0 0 0 0 0 0 1 0 1 0 -1 0 0 41239.dat
1 1 -40 -20 0 0 -1 0 -1 0 0 0 0 -1 6558.dat
1 1 40 -20 0 0 -1 0 -1 0 0 0 0 -1 6558.dat
0 STEP
1 71 -120 -20 20 -1 0 0 0 0 -1 0 -1 0 48989.dat
1 71 120 -20 20 -1 0 0 0 0 -1 0 -1 0 48989.dat
1 0 -110 -20 40 -1 0 0 0 0 -1 0 -1 0 2780.dat
1 0 110 -20 40 -1 0 0 0 0 -1 0 -1 0 2780.dat
1 0 -100 -20 20 0 -1 0 -1 0 0 0 0 -1 32523.dat
1 0 100 -20 20 0 -1 0 -1 0 0 0 0 -1 32523.dat
1 72 147 -20 0 1 0 0 0 -1 0 0 0 -1 59426.dat
1 72 -147 -20 0 -1 0 0 0 1 0 0 0 -1 59426.dat
1 71 -140 -20 0 0 0 -1 -1 0 0 0 1 0 3713.dat
1 71 140 -20 0 0 0 1 -1 0 0 0 -1 0 3713.dat
0 STEP
1 71 -40 -20 0 -1 0 0 0 0 1 0 1 0 32184.dat
1 71 40 -20 0 -1 0 0 0 0 1 0 1 0 32184.dat
1 71 0 -20 -20 -1 0 0 0 0 1 0 1 0 32073.dat
1 71 0 -20 20 -1 0 0 0 0 1 0 1 0 32073.dat
1 0 -25 -20 60 0 -1 0 -1 0 0 0 0 -1 32056.dat
1 0 -15 -20 60 0 -1 0 -1 0 0 0 0 -1 32056.dat
1 0 15 -20 60 0 -1 0 -1 0 0 0 0 -1 32056.dat
1 0 25 -20 60 0 -1 0 -1 0 0 0 0 -1 32056.dat
1 71 0 -20 20 0 0 1 -1 0 0 0 -1 0 3713.dat
1 71 0 -60 60 -1 0 0 0 0 -1 0 -1 0 4519.dat
1 71 0 -60 60 -1 0 0 0 -1 0 0 0 1 6536.dat
1 71 -20 -40 -20 -1 0 0 0 -1 0 0 0 1 32184.dat
1 71 20 -40 -20 -1 0 0 0 -1 0 0 0 1 32184.dat
1 71 0 -60 -20 -1 0 0 0 0 -1 0 -1 0 4519.dat
1 71 0 -60 -20 -1 0 0 0 -1 0 0 0 1 6536.dat
1 71 0 -20 -20 0 0 1 -1 0 0 0 -1 0 3713.dat
0 STEP
1 0 0 -40 0 0 0 1 0 1 0 -1 0 0 41239.dat
1 0 60 -40 0 0 -1 0 1 0 0 0 0 1 32054.dat
1 0 -60 -40 0 0 -1 0 1 0 0 0 0 1 32054.dat
0 STEP
1 0 0 -40 40 0 0 1 0 1 0 -1 0 0 41239.dat
1 71 20 -50 40 0 0 -1 -1 0 0 0 1 0 4274.dat
1 71 40 -50 40 0 0 -1 -1 0 0 0 1 0 4274.dat
1 71 -20 -50 40 0 0 -1 -1 0 0 0 1 0 4274.dat
1 71 -40 -50 40 0 0 -1 -1 0 0 0 1 0 4274.dat
1 1 -80 -30 40 0 0 -1 1 0 0 0 -1 0 43093.dat
