0 FILE Clone Turbo Tank.ldr
0 Clone Turbo Tank
0 Name: Clone Turbo Tank.ldr
0 Author: LDraw
0 Unofficial Model
0 ROTATION CENTER 0 0 0 1 "Custom" 
0 ROTATION CONFIG 0 0
1 0 -408.549 0 591.443 0.707107 0 0.707107 0 1 0 -0.707107 0 0.707107 Clone 1.ldr
1 0 -232.48 0 338.202 0.92388 0 0.382683 0 1 0 -0.382683 0 0.92388 Clone 2.ldr
1 0 -480.674 0 384.774 0.707107 0 0.707107 0 1 0 -0.707107 0 0.707107 Anakin.ldr
1 0 -452.206 0 281.05 0.92388 0 0.382683 0 1 0 -0.382683 0 0.92388 Aayla.ldr
1 0 -204.903 0 154.064 0.707107 0 0.707107 0 1 0 -0.707107 0 0.707107 Ahsoka.ldr
1 0 -174.668 0 -282.909 -0.382683 0 0.92388 0 1 0 -0.92388 0 -0.382683 Cad Bane.ldr
1 0 -277.525 64 26.159 -0.707107 0 -0.707107 0 -1 0 -0.707107 0 0.707107 Part 1.ldr
1 0 -534.525 58 545.159 0 0 1 0 1 0 -1 0 0 Part 2.ldr
1 0 -209.552 -67 -114.023 0.92388 0 -0.382683 0 1 0 0.382683 0 0.92388 Part 3.ldr
1 0 78.317 -154 404.842 0.382683 0 0.92388 0 1 0 -0.92388 0 0.382683 Part 9.ldr
0
0 FILE Clone 1.ldr
0 Clone 1
0 Name: Clone 1.ldr
0 Author: LDraw
0 Unofficial Model
0 ROTATION CENTER 0 0 0 1 "Custom" 
0 ROTATION CONFIG 0 0
1 15 0 -27 0 1 0 0 0 1 0 0 0 1 30408p01.dat
1 78 0 -27 0 1 0 0 0 1 0 0 0 1 3626bp01.dat
1 0 0 0 0 -1 0 0 0 1 0 0 0 -1 61190b.dat
1 15 0 0 0 1 0 0 0 1 0 0 0 1 973psu.dat
1 0 0 32 0 1 0 0 0 1 0 0 0 1 3815.dat
1 15 -15.552 9 0 0.985 -0.17 0 0.17 0.985 0 0 0 1 3818.dat
1 15 15.552 9 0 0.985 0.17 0 -0.17 0.985 0 0 0 1 3819.dat
1 0 -23.8634 26.5956 -10.321 0.985 -0.12019 0.12019 0.17 0.696395 -0.696395 0 0.707 0.707 3820.dat
1 0 23.8634 26.5956 -10.321 0.985 0.12019 -0.12019 -0.17 0.696395 -0.696395 0 0.707 0.707 3820.dat
1 15 0 44 0 1 0 0 0 1 0 0 0 1 3816.dat
1 15 0 44 0 1 0 0 0 1 0 0 0 1 3817.dat
0
0 FILE Clone 2.ldr
0 Clone 2
0 Name: Clone 2.ldr
0 Author: LDraw
0 Unofficial Model
0 ROTATION CENTER 0 0 0 1 "Custom" 
0 ROTATION CONFIG 0 0
1 15 0 -24 0 1 0 0 0 1 0 0 0 1 30408p01.dat
1 78 0 -24 0 1 0 0 0 1 0 0 0 1 3626bp01.dat
1 15 0 0 0 1 0 0 0 1 0 0 0 1 973psu.dat
1 0 0 32 0 1 0 0 0 1 0 0 0 1 3815.dat
1 15 -15.552 9 0 0.985 -0.17 0 0.17 0.985 0 0 0 1 3818.dat
1 15 15.552 9 0 0.985 0.17 0 -0.17 0.985 0 0 0 1 3819.dat
1 0 -23.8634 26.5956 -10.321 0.985 -0.12019 0.12019 0.17 0.696395 -0.696395 0 0.707 0.707 3820.dat
1 0 23.8634 26.5956 -10.321 0.985 0.12019 -0.12019 -0.17 0.696395 -0.696395 0 0.707 0.707 3820.dat
1 15 0 44 0 1 0 0 0 1 0 0 0 1 3816.dat
1 15 0 44 0 1 0 0 0 1 0 0 0 1 3817.dat
0
0 FILE Anakin.ldr
0 Anakin
0 Name: Anakin.ldr
0 Author: LDraw
0 Unofficial Model
0 ROTATION CENTER 0 0 0 1 "Custom" 
0 ROTATION CONFIG 0 0
1 70 0 -24 0 1 0 0 0 1 0 0 0 1 10048.dat
1 78 0 -24 0 1 0 0 0 1 0 0 0 1 3626bp01.dat
1 0 0 0 0 1 0 0 0 1 0 0 0 1 973.dat
1 0 0 32 0 1 0 0 0 1 0 0 0 1 3815.dat
1 70 -15.552 9 0 0.985 -0.17 0 0.17 0.985 0 0 0 1 3818.dat
1 70 15.552 9 0 0.985 0.17 0 -0.17 0.985 0 0 0 1 3819.dat
1 0 -23.8634 26.5956 -10.321 0.985 -0.12019 0.12019 0.17 0.696395 -0.696395 0 0.707 0.707 3820.dat
1 0 23.8634 26.5956 -10.321 0.985 0.12019 -0.12019 -0.17 0.696395 -0.696395 0 0.707 0.707 3820.dat
1 43 -23.1951 22.7236 -33.8217 0.985 -0.0874983 0.14567 0.17 0.506976 -0.844031 0 0.856884 0.514696 577bc01.dat
1 0 0 44 0 1 0 0 0 1 0 0 0 1 3816.dat
1 0 0 44 0 1 0 0 0 1 0 0 0 1 3817.dat
0
0 FILE Aayla.ldr
0 Aayla
0 Name: Aayla.ldr
0 Author: LDraw
0 Unofficial Model
0 ROTATION CENTER 0 0 0 1 "Custom" 
0 ROTATION CONFIG 0 0
1 73 0 -24 0 1 0 0 0 1 0 0 0 1 3625.dat
1 73 0 -24 0 1 0 0 0 1 0 0 0 1 3626bp01.dat
1 73 0 0 0 1 0 0 0 1 0 0 0 1 973.dat
1 308 0 32 0 1 0 0 0 1 0 0 0 1 3815.dat
1 73 -15.552 9 0 0.985 -0.17 0 0.17 0.985 0 0 0 1 3818.dat
1 308 15.552 9 0 0.985 0.17 0 -0.17 0.985 0 0 0 1 3819.dat
1 72 -23.8634 26.5956 -10.321 0.985 -0.12019 0.12019 0.17 0.696395 -0.696395 0 0.707 0.707 3820.dat
1 72 23.8634 26.5956 -10.321 0.985 0.12019 -0.12019 -0.17 0.696395 -0.696395 0 0.707 0.707 3820.dat
1 43 -23.1951 22.7236 -33.8217 0.985 -0.0874983 0.14567 0.17 0.506976 -0.844031 0 0.856884 0.514696 577bc01.dat
1 308 0 44 0 1 0 0 0 1 0 0 0 1 3816.dat
1 308 0 44 0 1 0 0 0 1 0 0 0 1 3817.dat
0
0 FILE Ahsoka.ldr
0 Ahsoka
0 Name: Ahsoka.ldr
0 Author: LDraw
0 Unofficial Model
0 ROTATION CENTER 0 0 0 1 "Custom" 
0 ROTATION CONFIG 0 0
1 15 0 -24 0 1 0 0 0 1 0 0 0 1 93249.dat
1 25 0 -24 0 1 0 0 0 1 0 0 0 1 3626bp01.dat
1 25 0 0 0 1 0 0 0 1 0 0 0 1 973.dat
1 70 0 32 0 1 0 0 0 1 0 0 0 1 3815.dat
1 25 -15.552 9 0 0.985 -0.17 0 0.17 0.985 0 0 0 1 3818.dat
1 25 15.552 9 0 0.985 0.17 0 -0.17 0.985 0 0 0 1 3819.dat
1 70 -23.8634 26.5956 -10.321 0.985 -0.12019 0.12019 0.17 0.696395 -0.696395 0 0.707 0.707 3820.dat
1 70 23.8634 26.5956 -10.321 0.985 0.12019 -0.12019 -0.17 0.696395 -0.696395 0 0.707 0.707 3820.dat
1 42 -23.1951 22.7236 -33.8217 0.985 -0.0874983 0.14567 0.17 0.506976 -0.844031 0 0.856884 0.514696 577bc01.dat
1 71 0 44 0 1 0 0 0 1 0 0 0 1 3816.dat
1 71 0 44 0 1 0 0 0 1 0 0 0 1 3817.dat
0
0 FILE Cad Bane.ldr
0 Cad Bane
0 Name: Cad Bane.ldr
0 Author: LDraw
0 Unofficial Model
0 ROTATION CENTER 0 0 0 1 "Custom" 
0 ROTATION CONFIG 0 0
1 308 0 -24 0 1 0 0 0 1 0 0 0 1 61506.dat
1 1 0 -24 0 1 0 0 0 1 0 0 0 1 3626bp01.dat
1 308 0 0 0 1 0 0 0 1 0 0 0 1 973.dat
1 72 0 32 0 1 0 0 0 1 0 0 0 1 3815.dat
1 308 -15.552 9 0 0.985 -0.17 0 0.17 0.985 0 0 0 1 3818.dat
1 308 15.552 9 0 0.985 0.17 0 -0.17 0.985 0 0 0 1 3819.dat
1 72 -23.8634 26.5956 -10.321 0.985 -0.12019 0.12019 0.17 0.696395 -0.696395 0 0.707 0.707 3820.dat
1 72 23.8634 26.5956 -10.321 0.985 0.12019 -0.12019 -0.17 0.696395 -0.696395 0 0.707 0.707 3820.dat
1 0 -24.6826 31.3422 -19.2547 0.985 -0.0874983 0.14567 0.17 0.506976 -0.844031 0 0.856884 0.514696 61190a.dat
1 0 24.6826 31.3422 -19.2547 0.985 0.0874983 -0.14567 -0.17 0.506976 -0.844031 0 0.856884 0.514696 61190a.dat
1 72 0 44 0 1 0 0 0 1 0 0 0 1 3816.dat
1 72 0 44 0 1 0 0 0 1 0 0 0 1 3817.dat
0
0 FILE Part 1.ldr
0 Part 1
0 Name: Part 1.ldr
0 Author: LDraw
0 Unofficial Model
0 ROTATION CENTER 0 0 0 1 "Custom" 
0 ROTATION CONFIG 0 0
1 72 -10 16 0 1 0 0 0 1 0 0 0 1 3020.dat
1 71 -10 -8 0 1 0 0 0 1 0 0 0 1 87079.dat
1 71 10 34 -20 0 -1 0 0 0 -1 1 0 0 3069b.dat
1 71 10 34 20 0 -1 0 0 0 -1 1 0 0 3069b.dat
1 72 -10 8 0 1 0 0 0 1 0 0 0 1 3020.dat
1 2 -30 0 -10 1 0 0 0 1 0 0 0 1 32028.dat
1 2 -30 0 10 -1 0 0 0 1 0 0 0 -1 32028.dat
1 2 20 24 0 0 0 -1 0 1 0 1 0 0 32028.dat
1 0 -20 24 0 0 0 -1 0 1 0 1 0 0 2436b.dat
1 0 -38.025 53.987 -30 0 -0.211325 -0.977416 0 -0.977416 0.211325 -1 0 0 57899.dat
1 0 34.308 39.385 -10 0 0.211325 0.977416 0 -0.977416 0.211325 1 0 0 58247.dat
1 0 34.308 39.385 10 0 0.211325 0.977416 0 -0.977416 0.211325 1 0 0 58247.dat
1 0 -38.025 53.987 30 0 -0.211325 -0.977416 0 -0.977416 0.211325 -1 0 0 57899.dat
1 0 2 34 -10 0 -1 0 0 0 -1 1 0 0 60897.dat
1 0 2 34 10 0 -1 0 0 0 -1 1 0 0 60897.dat
1 0 2 34 30 0 -1 0 0 0 -1 1 0 0 60897.dat
1 0 2 34 -30 0 -1 0 0 0 -1 1 0 0 60897.dat
1 2 -40 24 0 0 0 1 0 1 0 -1 0 0 32028.dat
1 19 -30 32 0 0 0 1 0 1 0 -1 0 0 2654.dat
1 2 10 0 -10 1 0 0 0 1 0 0 0 1 32028.dat
1 2 10 0 10 -1 0 0 0 1 0 0 0 -1 32028.dat
0
0 FILE Part 2.ldr
0 Part 2
0 Name: Part 2.ldr
0 Author: LDraw
0 Unofficial Model
0 ROTATION CENTER 0 0 0 1 "Custom" 
0 ROTATION CONFIG 0 0
1 2 -2 -6 0 0 1 0 0 0 -1 -1 0 0 32028.dat
1 2 -34 -6 0 0 1 0 0 0 -1 -1 0 0 32028.dat
1 0 -26 -6 0 0 1 0 0 0 -1 -1 0 0 52107.dat
1 0 10 -8 -30 -1 0 0 0 1 0 0 0 -1 4081b.dat
1 71 10 -16 -30 0 0 1 0 1 0 -1 0 0 2555.dat
0 MLCAD BTG Group name
1 72 10 -47.419 47.023 1 0 0 0 0.382683 -0.92388 0 0.92388 0.382683 3022.dat
0 MLCAD BTG Group name
1 0 10 -41.243 35.806 1 0 0 0 0.382683 -0.92388 0 0.92388 0.382683 2540.dat
0 MLCAD BTG Group name
1 71 0 -44.304 28.415 1 0 0 0 0.382683 -0.92388 0 0.92388 0.382683 4592.dat
0 MLCAD BTG Group name
1 71 20 -44.304 28.415 1 0 0 0 0.382683 -0.92388 0 0.92388 0.382683 4592.dat
0 MLCAD BTG Group name
1 0 20 -44.304 28.415 1 0 0 0 0.92388 -0.382683 0 0.382683 0.92388 4593.dat
0 MLCAD BTG Group name
1 0 0 -44.304 28.415 1 0 0 0 0.92388 -0.382683 0 0.382683 0.92388 4593.dat
0 MLCAD BTG Group name
1 19 10 -59.721 43.46 1 0 0 0 0.382683 -0.92388 0 0.92388 0.382683 3710.dat
0 MLCAD BTG Group name
1 0 -10 -62.782 36.068 -1 0 0 0 0.382683 0.92388 0 0.92388 -0.382683 3069bps6.dat
0 MLCAD BTG Group name
1 0 30 -62.782 36.068 -1 0 0 0 0.382683 0.92388 0 0.92388 -0.382683 3069bps6.dat
0 GROUP 9 Group name
1 71 10 -16 30 0 0 1 0 1 0 -1 0 0 2555.dat
1 72 78 -16 0 0 -1 0 0 0 1 -1 0 0 98282.dat
1 71 86 -16 0 0 -1 0 0 0 1 -1 0 0 3068b.dat
1 72 -58 -16 0 0 1 0 0 0 1 1 0 0 98282.dat
1 71 -66 -16 0 0 1 0 0 0 1 1 0 0 3068b.dat
1 0 10 -8 30 1 0 0 0 1 0 0 0 1 4081b.dat
1 2 22 -6 0 0 -1 0 0 0 -1 1 0 0 32028.dat
1 2 54 -6 0 0 -1 0 0 0 -1 1 0 0 32028.dat
1 0 46 -6 0 0 -1 0 0 0 -1 1 0 0 52107.dat
0
0 FILE Part 3.ldr
0 Part 3
0 Name: Part 3.ldr
0 Author: LDraw
0 Unofficial Model
0 ROTATION CENTER 0 0 0 1 "Custom" 
0 ROTATION CONFIG 0 0
1 72 -20 8 0 0 0 -1 0 1 0 1 0 0 3020.dat
1 72 -37.5 106 -30 1 0 0 0 1 0 0 0 1 Part 7.ldr
1 72 -37.5 106 30 1 0 0 0 1 0 0 0 1 Part 8.ldr
1 72 38.11 22.829 -30 0.382683 -0.92388 0 0.92388 0.382683 0 0 0 1 Part 4.ldr
1 72 38.11 22.829 30 0.382683 -0.92388 0 0.92388 0.382683 0 0 0 1 Part 5.ldr
1 72 10 118.989 -30 -0.382683 -0.92388 0 0.92388 -0.382683 0 0 0 1 Part 6.ldr
1 72 10 118.989 30 -0.382683 -0.92388 0 0.92388 -0.382683 0 0 0 1 Part 6.ldr
1 72 -20 0 30 1 0 0 0 1 0 0 0 1 44301.dat
1 72 -20 0 -30 1 0 0 0 1 0 0 0 1 44301.dat
1 72 -20 -8 0 0 0 -1 0 1 0 1 0 0 3020.dat
1 72 -30 -24 0 0 0 1 0 1 0 -1 0 0 44728.dat
1 72 -68 6 -10 0 1 0 0 0 -1 -1 0 0 61252.dat
1 72 -68 6 10 0 1 0 0 0 -1 -1 0 0 61252.dat
1 72 -84 -14 10 0 1 0 0 0 1 1 0 0 61252.dat
1 72 -84 -14 -10 0 1 0 0 0 1 1 0 0 61252.dat
1 72 -92 6 0 0 1 0 0 0 -1 -1 0 0 47458.dat
1 72 -87.31 -60.378 0 0 0.860742 -0.509041 0 0.509041 0.860742 1 0 0 47458.dat
1 71 -73.544 -52.233 0 0 0.860742 0.509041 0 0.509041 -0.860742 -1 0 0 48336.dat
1 72 -52 -34 0 0 -1 0 0 0 1 -1 0 0 61252.dat
1 72 -30 -16 -30 1 0 0 0 1 0 0 0 1 42446.dat
1 72 -30 -16 30 -1 0 0 0 1 0 0 0 -1 42446.dat
1 0 -20 -16 0 0 0 -1 0 1 0 1 0 0 4032b.dat
1 0 -30 -16 -30 0 0 -1 0 1 0 1 0 0 4073.dat
1 0 -30 -16 30 0 0 -1 0 1 0 1 0 0 4073.dat
1 0 -60 6 10 0 1 0 0 0 1 1 0 0 4073.dat
1 0 -60 6 -10 0 1 0 0 0 1 1 0 0 4073.dat
1 0 -60 -14 10 0 1 0 0 0 1 1 0 0 4073.dat
1 0 -60 -14 -10 0 1 0 0 0 1 1 0 0 4073.dat
1 0 -54 -54 0 0 -0.382683 0.92388 0 0.92388 0.382683 -1 0 0 30031.dat
1 71 -10 0 0 -1 0 0 0 1 0 0 0 -1 3021.dat
1 71 -10 -32 0 -1 0 0 0 1 0 0 0 -1 3021.dat
1 71 -56 46 0 0 -1 0 0 0 -1 1 0 0 47905.dat
1 71 -66 26 0 -1 0 0 0 1 0 0 0 -1 4697b.dat
1 71 -80 46 0 1 0 0 0 0 -1 0 1 0 61184.dat
1 71 -52 -4 0 0 1 0 0 0 1 1 0 0 3176.dat
1 71 10 -64 0 0 0 1 0 1 0 -1 0 0 2432.dat
1 2 10 -8 0 0 0 -1 0 1 0 1 0 0 32028.dat
1 2 10 -16 0 0 0 -1 0 1 0 1 0 0 32028.dat
1 2 10 -24 0 0 0 -1 0 1 0 1 0 0 32028.dat
1 2 -76 -4 0 0 1 0 0 0 -1 -1 0 0 48183.dat
1 71 -68 -14 0 0 1 0 0 0 1 1 0 0 32028.dat
1 2 -30 -6 -51 0 0 -1 -1 0 0 0 1 0 4740.dat
1 2 -30 -6 51 0 0 1 -1 0 0 0 -1 0 4740.dat
1 71 -10 -8 30 0 0 -1 0 1 0 1 0 0 54200.dat
1 71 -84 -14 10 0 1 0 0 0 -1 -1 0 0 54200.dat
1 71 -84 -14 -10 0 1 0 0 0 -1 -1 0 0 54200.dat
1 71 -10 -8 -30 0 0 -1 0 1 0 1 0 0 54200.dat
1 0 -10 -24 10 0 0 -1 0 1 0 1 0 0 4073.dat
1 0 -10 -24 -10 0 0 -1 0 1 0 1 0 0 4073.dat
0
0 FILE Part 4.ldr
0 Part 4
0 Name: Part 4.ldr
0 Author: LDraw
0 Unofficial Model
0 ROTATION CENTER 0 0 0 1 "Custom" 
0 ROTATION CONFIG 0 0
1 71 0 32 0 -1 0 0 0 1 0 0 0 -1 32028.dat
1 71 0 16 0 -1 0 0 0 1 0 0 0 -1 44302.dat
1 71 -10 26 -21 -1 0 0 0 0 1 0 1 0 4073.dat
1 72 0 24 0 1 0 0 0 1 0 0 0 1 44301.dat
1 72 -10 16 0 1 0 0 0 1 0 0 0 1 42446.dat
0
0 FILE Part 5.ldr
0 Part 5
0 Name: Part 5.ldr
0 Author: LDraw
0 Unofficial Model
0 ROTATION CENTER 0 0 0 1 "Custom" 
0 ROTATION CONFIG 0 0
1 71 0 32 0 1 0 0 0 1 0 0 0 1 32028.dat
1 71 0 16 0 -1 0 0 0 1 0 0 0 -1 44302.dat
1 71 -10 26 21 1 0 0 0 0 1 0 -1 0 4073.dat
1 72 0 24 0 1 0 0 0 1 0 0 0 1 44301.dat
1 72 -10 16 0 -1 0 0 0 1 0 0 0 -1 42446.dat
0
0 FILE Part 6.ldr
0 Part 6
0 Name: Part 6.ldr
0 Author: LDraw
0 Unofficial Model
0 ROTATION CENTER 0 0 0 1 "Custom" 
0 ROTATION CONFIG 0 0
1 71 -50 8 0 0 0 1 0 1 0 -1 0 0 30553.dat
1 71 -10 8 0 0 0 -1 0 1 0 1 0 0 30553.dat
1 4 -30 8 0 -1 0 0 0 1 0 0 0 -1 32062.dat
0
0 FILE Part 7.ldr
0 Part 7
0 Name: Part 7.ldr
0 Author: LDraw
0 Unofficial Model
0 ROTATION CENTER 0 0 0 1 "Custom" 
0 ROTATION CONFIG 0 0
1 71 20 16 0 1 0 0 0 1 0 0 0 1 44300.dat
1 72 20 24 -10 0 0 1 0 1 0 -1 0 0 43723.dat
0
0 FILE Part 8.ldr
0 Part 8
0 Name: Part 8.ldr
0 Author: LDraw
0 Unofficial Model
0 ROTATION CENTER 0 0 0 1 "Custom" 
0 ROTATION CONFIG 0 0
1 71 20 16 0 1 0 0 0 1 0 0 0 1 44300.dat
1 72 20 24 10 0 0 1 0 1 0 -1 0 0 43722.dat
0
0 FILE Part 9.ldr
0 Part 9
0 Name: Part 9.ldr
0 Author: LDraw
0 Unofficial Model
0 ROTATION CENTER 0 0 0 1 "Custom" 
0 ROTATION CONFIG 0 0
1 72 -20 8 0 1 0 0 0 1 0 0 0 1 32018.dat
1 72 -300 8 0 1 0 0 0 1 0 0 0 1 32018.dat
1 0 -490 8 -60 1 0 0 0 1 0 0 0 1 6541.dat
1 0 -490 8 0 1 0 0 0 1 0 0 0 1 6541.dat
1 72 -460 8 -20 1 0 0 0 1 0 0 0 1 3894.dat
1 0 410 8 -30 0 0 -1 0 1 0 1 0 0 2412b.dat
1 0 230 -128 -30 0 0 -1 0 1 0 1 0 0 2412b.dat
1 0 340 0 -100 -1 0 0 0 1 0 0 0 -1 2412b.dat
1 0 340 0 40 -1 0 0 0 1 0 0 0 -1 2412b.dat
1 72 400 64 -30 0 0 -1 0 1 0 1 0 0 3020.dat
1 72 160 0 -30 0 0 -1 0 1 0 1 0 0 3795.dat
1 72 160 -136 -50 -1 0 0 0 1 0 0 0 -1 3795.dat
1 72 160 -136 -10 -1 0 0 0 1 0 0 0 -1 3795.dat
1 72 -440 64 -30 0 0 -1 0 1 0 1 0 0 3020.dat
1 72 380 8 -30 0 0 -1 0 1 0 1 0 0 3022.dat
1 72 330 8 -30 0 0 1 0 1 0 -1 0 0 3660.dat
1 72 -370 8 -30 0 0 -1 0 1 0 1 0 0 3660.dat
1 72 -460 8 0 -1 0 0 0 1 0 0 0 -1 3660.dat
1 72 -460 8 -60 1 0 0 0 1 0 0 0 1 3660.dat
1 72 -510 8 -60 0 0 1 0 1 0 -1 0 0 3676.dat
1 72 -510 8 0 -1 0 0 0 1 0 0 0 -1 3676.dat
1 72 -460 8 -40 1 0 0 0 1 0 0 0 1 3894.dat
1 72 -200 -168 -140 1 0 0 0 1 0 0 0 1 3894.dat
1 72 -200 -168 80 1 0 0 0 1 0 0 0 1 3894.dat
1 71 -440 32 -30 1 0 0 0 1 0 0 0 1 3035.dat
1 71 -440 0 -30 1 0 0 0 1 0 0 0 1 3033.dat
1 71 -200 -176 -30 0 0 -1 0 1 0 1 0 0 2445.dat
1 71 -120 -176 -30 0 0 1 0 1 0 -1 0 0 6178.dat
1 72 -90 -184 -30 0 0 1 0 1 0 -1 0 0 2419.dat
1 0 -100 -192 -30 0 0 1 0 1 0 -1 0 0 3680.dat
1 0 -114.142 -208 -15.857 0.707107 0 0.707107 0 1 0 -0.707107 0 0.707107 Part 26.ldr
1 71 -280 -176 -30 0 0 -1 0 1 0 1 0 0 6178.dat
1 71 -320 -184 -30 0 0 -1 0 1 0 1 0 0 60474.dat
1 71 -320 -200 -30 0 0 -1 0 1 0 1 0 0 3960.dat
1 71 -200 -192 70 0 0 -1 0 1 0 1 0 0 3068b.dat
1 71 -200 -192 -130 0 0 -1 0 1 0 1 0 0 3068b.dat
1 71 -210 -184 70 0 0 -1 0 1 0 1 0 0 44302.dat
1 71 -210 -184 -130 0 0 1 0 1 0 -1 0 0 44302.dat
1 71 -210 -162 -166 0 0 1 -1 0 0 0 -1 0 44300.dat
1 71 -210 -162 106 0 0 -1 -1 0 0 0 1 0 44300.dat
1 19 -190 -184 -130 0 0 -1 0 1 0 1 0 0 3023.dat
1 19 -190 -184 70 0 0 -1 0 1 0 1 0 0 3023.dat
1 71 -370 -74 -140 0 0 -1 -1 0 0 0 1 0 3702.dat
1 71 -510 -32 -30 0 0 1 0 1 0 -1 0 0 3039.dat
0 MLCAD HIDE 1 71 -350 -168 -90 0 0 1 0 1 0 -1 0 0 3039.dat
1 71 -350 -168 30 0 0 1 0 1 0 -1 0 0 3039.dat
1 71 230 -112 -30 0 0 -1 0 1 0 1 0 0 3039.dat
1 71 230 -112 60 -1 0 0 0 1 0 0 0 -1 3685.dat
1 71 230 -112 -120 0 0 1 0 1 0 -1 0 0 3685.dat
1 71 210 -112 -80 1 0 0 0 1 0 0 0 1 4460b.dat
1 71 210 -112 20 -1 0 0 0 1 0 0 0 -1 4460b.dat
1 71 110 -112 -80 1 0 0 0 1 0 0 0 1 4460b.dat
1 71 110 -112 20 -1 0 0 0 1 0 0 0 -1 4460b.dat
1 0 -490 -32 -30 0 0 -1 0 1 0 1 0 0 3039ps3.dat
1 71 320 0 -30 1 0 0 0 1 0 0 0 1 3035.dat
1 71 350 -8 -40 0 0 -1 0 1 0 1 0 0 4592.dat
1 71 350 -8 -20 0 0 -1 0 1 0 1 0 0 4592.dat
1 0 350 -8 -20 0 0.707107 -0.707107 0 0.707107 0.707107 1 0 0 4593.dat
1 0 350 -8 -40 0 0.707107 -0.707107 0 0.707107 0.707107 1 0 0 4593.dat
1 71 -490 -8 -60 0 0 1 0 1 0 -1 0 0 4592.dat
1 71 -490 -8 -80 0 0 1 0 1 0 -1 0 0 4592.dat
1 0 -490 -8 -80 0 -0.707107 0.707107 0 0.707107 0.707107 -1 0 0 4593.dat
1 0 -490 -8 -60 0 -0.707107 0.707107 0 0.707107 0.707107 -1 0 0 4593.dat
1 71 380 32 -30 1 0 0 0 1 0 0 0 1 3032.dat
1 71 120 64 -30 1 0 0 0 1 0 0 0 1 3032.dat
1 71 -160 64 -30 1 0 0 0 1 0 0 0 1 3032.dat
1 71 100 40 -60 1 0 0 0 1 0 0 0 1 3009.dat
1 71 100 40 0 1 0 0 0 1 0 0 0 1 3009.dat
1 71 -140 40 -60 1 0 0 0 1 0 0 0 1 3009.dat
1 71 -20 0 -60 1 0 0 0 1 0 0 0 1 3069b.dat
1 71 -20 0 0 1 0 0 0 1 0 0 0 1 3069b.dat
1 71 -140 40 0 1 0 0 0 1 0 0 0 1 3009.dat
1 71 -210 40 0 0 0 1 0 1 0 -1 0 0 3665.dat
1 71 -210 40 -60 0 0 1 0 1 0 -1 0 0 3665.dat
1 71 390 40 0 0 0 1 0 1 0 -1 0 0 3665.dat
1 71 390 40 -60 0 0 1 0 1 0 -1 0 0 3665.dat
1 71 170 40 -60 0 0 -1 0 1 0 1 0 0 3665.dat
1 71 170 40 0 0 0 -1 0 1 0 1 0 0 3665.dat
1 71 -430 40 -60 0 0 -1 0 1 0 1 0 0 3665.dat
1 71 -460 48 -50 0 0 -1 0 1 0 1 0 0 4032b.dat
1 71 -470 56 -50 0 0 -1 0 1 0 1 0 0 3938.dat
1 71 -470 56 -10 0 0 -1 0 1 0 1 0 0 3938.dat
1 71 430 56 -50 0 0 -1 0 1 0 1 0 0 3938.dat
1 71 430 56 -10 0 0 -1 0 1 0 1 0 0 3938.dat
1 71 -460 48 -10 0 0 -1 0 1 0 1 0 0 4032b.dat
1 71 -460 40 -50 0 0 -1 0 1 0 1 0 0 4032b.dat
1 71 -460 40 -10 0 0 -1 0 1 0 1 0 0 4032b.dat
1 71 420 48 -50 0 0 -1 0 1 0 1 0 0 4032b.dat
1 71 420 48 -10 0 0 -1 0 1 0 1 0 0 4032b.dat
1 71 420 40 -50 0 0 -1 0 1 0 1 0 0 4032b.dat
1 71 420 40 -10 0 0 -1 0 1 0 1 0 0 4032b.dat
1 71 -430 40 0 0 0 -1 0 1 0 1 0 0 3665.dat
1 4 400 24 -30 1 0 0 0 1 0 0 0 1 3020.dat
1 19 370 16 -30 0 0 -1 0 1 0 1 0 0 3023.dat
1 19 340 0 -80 -1 0 0 0 1 0 0 0 -1 3023.dat
1 19 340 0 20 -1 0 0 0 1 0 0 0 -1 3023.dat
1 19 190 0 -30 0 0 -1 0 1 0 1 0 0 3023.dat
1 19 130 0 -30 0 0 -1 0 1 0 1 0 0 3023.dat
1 19 190 -8 -30 0 0 -1 0 1 0 1 0 0 3710.dat
1 19 130 -8 -30 0 0 -1 0 1 0 1 0 0 3710.dat
1 19 110 -24 -30 0 0 -1 0 1 0 1 0 0 3023.dat
1 19 110 -32 -30 0 0 -1 0 1 0 1 0 0 3023.dat
1 19 -490 -8 -30 0 0 -1 0 1 0 1 0 0 3023.dat
1 19 210 -24 -30 0 0 -1 0 1 0 1 0 0 3023.dat
1 19 210 -32 -30 0 0 -1 0 1 0 1 0 0 3023.dat
1 0 130 -32 -30 0 0 -1 0 1 0 1 0 0 2653.dat
1 0 190 -32 -30 0 0 1 0 1 0 -1 0 0 2653.dat
1 19 10 0 -30 0 0 -1 0 1 0 1 0 0 3710.dat
1 19 -50 0 -30 0 0 -1 0 1 0 1 0 0 3710.dat
1 19 10 -64 -30 0 0 -1 0 1 0 1 0 0 3710.dat
1 19 230 -120 -30 0 0 -1 0 1 0 1 0 0 3710.dat
1 19 -350 -152 -30 0 0 -1 0 1 0 1 0 0 3710.dat
1 19 -350 -168 -30 0 0 -1 0 1 0 1 0 0 3710.dat
1 19 -50 -152 -90 0 0 -1 0 1 0 1 0 0 3023.dat
1 19 -50 -152 30 0 0 -1 0 1 0 1 0 0 3023.dat
1 19 -50 -168 -90 0 0 -1 0 1 0 1 0 0 3023.dat
1 19 -50 -168 30 0 0 -1 0 1 0 1 0 0 3023.dat
1 71 -50 -160 30 0 0 -1 0 1 0 1 0 0 48336.dat
1 71 -50 -160 -90 0 0 -1 0 1 0 1 0 0 48336.dat
1 71 44.623 -160.693 -80 0 -0.313992 -0.949425 0 0.949425 -0.313992 1 0 0 Part 23.ldr
1 71 -350 -160 -30 0 0 1 0 1 0 -1 0 0 48336.dat
1 72 -350 -160 -60 0 0 1 0 1 0 -1 0 0 61252.dat
1 72 -469.015 -150.251 -140 0 0.492424 0.870356 0 0.870356 -0.492424 -1 0 0 Part 32.ldr
1 72 -350 -160 0 0 0 1 0 1 0 -1 0 0 61252.dat
1 71 -370 -54 -148 0 0 1 1 0 0 0 1 0 48336.dat
1 71 -390 -54 -146 0 0.348572 0.937282 1 0 0 0 0.937282 -0.348572 Her.dat
1 71 -306.343 -74 -179.246 -0.937282 0.348572 0 0 0 1 0.348572 0.937282 0 Part 30.ldr
1 72 -370 -4 -148 0 0 1 1 0 0 0 1 0 61252.dat
1 72 -370 -24 -148 0 0 1 1 0 0 0 1 0 61252.dat
1 19 190 -128 -30 0 0 -1 0 1 0 1 0 0 3710.dat
1 19 -50 -120 -30 0 0 -1 0 1 0 1 0 0 3710.dat
1 19 10 -120 -30 0 0 -1 0 1 0 1 0 0 3710.dat
1 19 130 -128 -30 0 0 -1 0 1 0 1 0 0 3710.dat
1 71 210 -120 0 0 0 -1 0 1 0 1 0 0 2420.dat
1 71 210 -120 -60 -1 0 0 0 1 0 0 0 -1 2420.dat
1 71 110 -120 -60 0 0 1 0 1 0 -1 0 0 2420.dat
1 71 110 -120 0 1 0 0 0 1 0 0 0 1 2420.dat
1 71 230 -120 40 0 0 -1 0 1 0 1 0 0 63864.dat
1 71 -320 -80 -30 0 0 -1 0 1 0 1 0 0 87079.dat
1 71 160 -128 -80 -1 0 0 0 1 0 0 0 -1 6636.dat
1 71 190 -144 -60 0 0 1 0 1 0 -1 0 0 2555.dat
1 71 130 -144 -60 0 0 1 0 1 0 -1 0 0 2555.dat
1 71 190 -144 0 0 0 1 0 1 0 -1 0 0 2555.dat
1 71 130 -144 0 0 0 1 0 1 0 -1 0 0 2555.dat
1 71 119 -144 0 0 -1 0 0 0 1 -1 0 0 63965.dat
1 71 119 -144 -60 0 -1 0 0 0 1 -1 0 0 63965.dat
1 71 -350 -176 -30 0 0 1 0 1 0 -1 0 0 6636.dat
0 MLCAD BTG Group name2
1 71 -20 41 -10 0 0 1 -1 0 0 0 -1 0 6636.dat
0 MLCAD BTG Group name2
1 71 -10 81 -28 1 0 0 0 0 1 0 -1 0 4274.dat
0 MLCAD BTG Group name2
1 19 -20 -159 -28 1 0 0 0 0 1 0 -1 0 32556.dat
0 MLCAD BTG Group name2
1 71 -20 -119 -10 0 0 1 -1 0 0 0 -1 0 6636.dat
1 71 -50 -176 10 0 0 1 0 1 0 -1 0 0 3069b.dat
1 71 -50 -176 -70 0 0 1 0 1 0 -1 0 0 3069b.dat
0 MLCAD BTG Group name2
1 71 -20 -39 -10 0 0 1 -1 0 0 0 -1 0 3069b.dat
1 71 160 -128 20 -1 0 0 0 1 0 0 0 -1 6636.dat
1 71 230 -120 -100 0 0 -1 0 1 0 1 0 0 63864.dat
1 71 -50 -176 60 0 0 -1 0 1 0 1 0 0 63864.dat
1 71 -50 -176 -120 0 0 -1 0 1 0 1 0 0 63864.dat
1 71 -370 -74 -156 0 0 1 1 0 0 0 1 0 3069b.dat
1 71 -370 -24 -156 0 0 -1 -1 0 0 0 1 0 63864.dat
1 71 -350 -176 60 0 0 -1 0 1 0 1 0 0 63864.dat
1 71 -350 -176 -120 0 0 -1 0 1 0 1 0 0 63864.dat
1 19 -50 -64 -30 0 0 -1 0 1 0 1 0 0 3710.dat
1 19 -310 -56 -30 0 0 -1 0 1 0 1 0 0 3023.dat
1 19 -310 -64 -30 0 0 -1 0 1 0 1 0 0 3023.dat
1 19 -30 -74 88 0 0 -1 1 0 0 0 -1 0 3023.dat
1 19 -30 -134 88 0 0 -1 1 0 0 0 -1 0 3023.dat
1 0 -310 -72 -30 0 0 -1 0 1 0 1 0 0 2436b.dat
1 0 -288 -62 -50 0 -1 0 0 0 1 -1 0 0 3069bps6.dat
1 0 -288 -62 -10 0 -1 0 0 0 1 -1 0 0 3069bps6.dat
1 19 -20 -32 0 -1 0 0 0 1 0 0 0 -1 3710.dat
1 19 -20 -32 -60 -1 0 0 0 1 0 0 0 -1 3710.dat
1 19 50 64 -30 0 0 -1 0 1 0 1 0 0 3710.dat
1 19 410 56 -30 0 0 -1 0 1 0 1 0 0 3710.dat
1 19 -90 64 -30 0 0 -1 0 1 0 1 0 0 3710.dat
1 19 -450 56 -30 0 0 -1 0 1 0 1 0 0 3710.dat
1 14 350 8 -30 0 0 -1 0 1 0 1 0 0 2877.dat
1 14 -390 8 -30 0 0 -1 0 1 0 1 0 0 2877.dat
1 14 340 8 -90 0 0 -1 0 1 0 1 0 0 10247.dat
1 14 340 8 30 0 0 1 0 1 0 -1 0 0 10247.dat
1 320 430 16 -30 0 0 -1 0 1 0 1 0 0 2431.dat
1 320 60 0 0 -1 0 0 0 1 0 0 0 -1 2431.dat
1 320 60 0 -60 -1 0 0 0 1 0 0 0 -1 2431.dat
1 320 -290 0 -30 0 0 1 0 1 0 -1 0 0 2431.dat
1 4 -320 0 -30 0 0 1 0 1 0 -1 0 0 3020.dat
1 28 410 16 -20 0 0 -1 0 1 0 1 0 0 2420.dat
1 28 410 16 -40 -1 0 0 0 1 0 0 0 -1 2420.dat
1 71 420 24 0 1 0 0 0 1 0 0 0 1 63868.dat
1 71 420 24 -60 1 0 0 0 1 0 0 0 1 63868.dat
1 71 430.504 -41.26 -20 0 -0.952129 -0.305695 0 0.305695 -0.952129 1 0 0 Part 20.ldr
1 71 450 26 -60 -0.305695 0.952129 0 -0.952129 -0.305695 0 0 0 1 Her.dat
1 71 220 -128 0 1 0 0 0 1 0 0 0 1 63868.dat
1 71 220 -128 -60 1 0 0 0 1 0 0 0 1 63868.dat
1 71 272.695 -140.454 -30 0 -0.165048 0.986286 0 0.986286 0.165048 -1 0 0 Part 21.ldr
1 71 250 -126 -60 0.986286 -0.165048 0 0.165048 0.986286 0 0 0 1 Her.dat
1 71 190 0 -70 0 0 1 0 1 0 -1 0 0 63868.dat
1 71 160 -48.989 -99.57 0 0 -1 -0.978867 0.204496 0 0.204496 0.978867 0 Part 11.ldr
1 71 160 -48.989 40.43 0 0 1 -0.978867 0.204496 0 -0.204496 -0.978867 0 Part 11.ldr
1 71 130 0 -70 0 0 1 0 1 0 -1 0 0 63868.dat
1 71 130 0 10 0 0 -1 0 1 0 1 0 0 63868.dat
1 71 190 0 10 0 0 -1 0 1 0 1 0 0 63868.dat
1 71 -520 -8 -20 -1 0 0 0 1 0 0 0 -1 63868.dat
1 71 -520 -8 -40 -1 0 0 0 1 0 0 0 -1 63868.dat
1 71 -553.217 -37.792 -10 0 0.968583 -0.24869 0 0.24869 0.968583 1 0 0 Part 31.ldr
1 71 410 16 -60 0 0 -1 0 1 0 1 0 0 54200.dat
1 71 410 16 0 0 0 -1 0 1 0 1 0 0 54200.dat
1 0 -180 32 -30 1 0 0 0 1 0 0 0 1 3030.dat
1 0 100 -112 -60 1 0 0 0 1 0 0 0 1 3703.dat
1 0 -200 -168 -120 1 0 0 0 1 0 0 0 1 3703.dat
1 0 -330 -184 -140 1 0 0 0 1 0 0 0 1 4073.dat
1 0 -310 -184 -140 1 0 0 0 1 0 0 0 1 4073.dat
1 0 -330 -184 -100 1 0 0 0 1 0 0 0 1 4073.dat
1 0 -330 -184 80 1 0 0 0 1 0 0 0 1 4073.dat
1 0 -310 -184 80 1 0 0 0 1 0 0 0 1 4073.dat
1 0 -330 -184 40 1 0 0 0 1 0 0 0 1 4073.dat
1 72 -330 -192 40 1 0 0 0 1 0 0 0 1 43898.dat
1 72 -330 -192 -100 1 0 0 0 1 0 0 0 1 43898.dat
1 0 -370 -84 -148 1 0 0 0 0 -1 0 1 0 4073.dat
1 71 -370 -74 80 0 0 -1 1 0 0 0 -1 0 3702.dat
1 71 -370 -54 88 0 0 1 -1 0 0 0 -1 0 48336.dat
1 72 -370 -24 88 0 0 1 -1 0 0 0 -1 0 61252.dat
1 72 -446.868 -74 66.761 0.93606 0.351842 0 0 0 1 0.351842 -0.93606 0 Part 29.ldr
1 72 -370 -4 88 0 0 1 -1 0 0 0 -1 0 61252.dat
1 71 -30 -74 80 0 0 -1 1 0 0 0 -1 0 3702.dat
1 71 -30 -74 96 0 0 -1 1 0 0 0 -1 0 4162.dat
1 72 -30 -104 88 0 0 -1 1 0 0 0 -1 0 61252.dat
1 72 33.843 -74 87.322 0.92388 -0.382683 0 0 0 1 -0.382683 -0.92388 0 Part 25.ldr
1 72 33.843 -74 -147.178 0.92388 -0.382683 0 0 0 -1 0.382683 0.92388 0 Part 24.ldr
1 72 -30 -44 88 0 0 -1 1 0 0 0 -1 0 61252.dat
1 19 -30 -74 -148 0 0 -1 -1 0 0 0 1 0 3023.dat
1 19 -30 -134 -148 0 0 -1 -1 0 0 0 1 0 3023.dat
1 19 -30 -14 -148 0 0 -1 -1 0 0 0 1 0 3023.dat
1 71 -30 -74 -140 0 0 -1 -1 0 0 0 1 0 3702.dat
1 71 -30 -74 -156 0 0 -1 -1 0 0 0 1 0 4162.dat
1 72 -30 -44 -148 0 0 -1 -1 0 0 0 1 0 61252.dat
1 72 -30 -104 -148 0 0 -1 -1 0 0 0 1 0 61252.dat
1 71 -370 -74 96 0 0 1 -1 0 0 0 -1 0 3069b.dat
1 71 -370 -24 96 0 0 -1 1 0 0 0 -1 0 63864.dat
1 0 -370 -84 88 1 0 0 0 0 1 0 -1 0 4073.dat
1 0 -200 -168 60 1 0 0 0 1 0 0 0 1 3703.dat
1 0 -50 -168 -140 0 0 -1 0 1 0 1 0 0 6541.dat
1 0 -50 -168 80 0 0 -1 0 1 0 1 0 0 6541.dat
1 0 -350 -168 -140 0 0 -1 0 1 0 1 0 0 6541.dat
1 0 -350 -168 80 0 0 -1 0 1 0 1 0 0 6541.dat
1 0 110 -128 -60 1 0 0 0 1 0 0 0 1 4073.dat
1 0 110 -128 0 1 0 0 0 1 0 0 0 1 4073.dat
1 0 100 -112 0 1 0 0 0 1 0 0 0 1 3703.dat
1 0 140 32 -30 1 0 0 0 1 0 0 0 1 3030.dat
1 0 250 -24 0 0 0 -1 0 1 0 1 0 0 4286.dat
1 0 340 -8 10 0 0 -1 0 1 0 1 0 0 4079.dat
1 0 340 -8 -70 0 0 -1 0 1 0 1 0 0 4079.dat
1 0 -460 -8 -70 0 0 1 0 1 0 -1 0 0 4079.dat
1 0 -460 -8 10 0 0 1 0 1 0 -1 0 0 4079.dat
1 0 250 -24 -60 0 0 -1 0 1 0 1 0 0 4286.dat
1 0 -370 -24 -60 0 0 1 0 1 0 -1 0 0 4286.dat
1 0 -370 -24 0 0 0 1 0 1 0 -1 0 0 4286.dat
1 46 250 -32 -60 0 0 -1 0 1 0 1 0 0 4073.dat
1 46 250 -40 -60 0 0 -1 0 1 0 1 0 0 4073.dat
1 46 250 -32 0 0 0 -1 0 1 0 1 0 0 4073.dat
1 46 250 -40 0 0 0 -1 0 1 0 1 0 0 4073.dat
1 72 260 8 0 1 0 0 0 1 0 0 0 1 32018.dat
1 72 -20 8 -60 1 0 0 0 1 0 0 0 1 32018.dat
1 71 230 -16 -30 0 0 -1 0 1 0 1 0 0 3895.dat
1 71 250 -34.282 -146.614 0 0 -1 -0.927184 0.374607 0 0.374607 0.927184 0 Part 18.ldr
0 MLCAD BTG Group name
1 72 270 -79.085 -79.972 0 -1 0 -0.998537 0 -0.0540788 0.0540788 0 -0.998537 32523.dat
1 71 250 -71.371 71.63 0 0 -1 0.927184 0.374607 0 0.374607 -0.927184 0 Part 10.ldr
1 71 -350 -208 80 0 0 -1 0 1 0 1 0 0 4286.dat
1 72 -350 -208 80 0 0 1 0 1 0 -1 0 0 42446.dat
1 46 -371 -198 80 0 1 0 1 0 0 0 0 -1 4073.dat
1 71 -350 -208 -140 0 0 -1 0 1 0 1 0 0 4286.dat
1 72 -350 -208 -140 0 0 1 0 1 0 -1 0 0 42446.dat
1 46 -371 -198 -140 0 1 0 1 0 0 0 0 -1 4073.dat
1 71 210 -16 -30 0 0 -1 0 1 0 1 0 0 3895.dat
1 71 -50 -24 -30 0 0 -1 0 1 0 1 0 0 3895.dat
1 71 -350 -24 -30 0 0 -1 0 1 0 1 0 0 3895.dat
1 71 -200 -57.679 -190.102 -1 0 0 0 0.045363 0.998971 0 0.998971 -0.045363 Part 27.ldr
1 71 -200 -58.098 129.872 1 0 0 0 0.0505929 0.998719 0 -0.998719 0.0505929 Part 28.ldr
1 71 -50 -144 -30 0 0 -1 0 1 0 1 0 0 3895.dat
1 71 -350 -144 -30 0 0 -1 0 1 0 1 0 0 3895.dat
1 71 110 -16 -30 0 0 -1 0 1 0 1 0 0 3702.dat
1 71 10 -24 -30 0 0 -1 0 1 0 1 0 0 3010.dat
1 71 10 -88 -30 0 0 -1 0 1 0 1 0 0 3010.dat
1 71 -50 -88 -30 0 0 -1 0 1 0 1 0 0 3010.dat
1 71 230 -88 -70 0 0 -1 0 1 0 1 0 0 3010.dat
1 71 230 -88 10 0 0 -1 0 1 0 1 0 0 3010.dat
1 4 250 -88 -10 0 0 -1 0 1 0 1 0 0 32000.dat
1 4 250 -88 -50 0 0 -1 0 1 0 1 0 0 32000.dat
1 71 230 -40 -30 0 0 -1 0 1 0 1 0 0 3010.dat
1 71 220 -40 -110 0 0 -1 0 1 0 1 0 0 3001.dat
1 71 -360 -48 -30 0 0 -1 0 1 0 1 0 0 3001.dat
1 71 240 -64 -30 0 0 -1 0 1 0 1 0 0 3001.dat
1 71 -320 -48 -10 0 0 -1 0 1 0 1 0 0 4345b.dat
1 71 -320 -48 -50 0 0 -1 0 1 0 1 0 0 4345b.dat
1 71 -320 -48 -50 0 0 -1 0 1 0 1 0 0 4346.dat
1 71 -320 -48 -10 0 0 -1 0 1 0 1 0 0 4346.dat
1 71 220 -40 50 0 0 -1 0 1 0 1 0 0 3001.dat
1 71 110 -40 -90 0 0 -1 0 1 0 1 0 0 3004.dat
1 71 -50 -72 -130 0 0 -1 0 1 0 1 0 0 3245a.dat
1 71 -50 -120 -130 0 0 -1 0 1 0 1 0 0 3245a.dat
1 71 -50 -72 70 0 0 -1 0 1 0 1 0 0 3245a.dat
1 71 -50 -120 70 0 0 -1 0 1 0 1 0 0 3245a.dat
1 71 -350 -72 -130 0 0 -1 0 1 0 1 0 0 3245a.dat
1 71 -350 -120 -130 0 0 -1 0 1 0 1 0 0 3245a.dat
1 71 -350 -72 70 0 0 -1 0 1 0 1 0 0 3245a.dat
1 71 -350 -120 70 0 0 -1 0 1 0 1 0 0 3245a.dat
1 71 110 -40 30 0 0 -1 0 1 0 1 0 0 3004.dat
1 71 230 -64 -90 0 0 -1 0 1 0 1 0 0 3004.dat
1 71 230 -64 30 0 0 -1 0 1 0 1 0 0 3004.dat
1 71 230 -112 -90 0 0 -1 0 1 0 1 0 0 3004.dat
1 71 230 -112 30 0 0 -1 0 1 0 1 0 0 3004.dat
1 71 120 -40 -30 0 0 -1 0 1 0 1 0 0 3068b.dat
1 71 -500 -40 -30 0 0 -1 0 1 0 1 0 0 3068b.dat
1 71 200 -40 -30 0 0 -1 0 1 0 1 0 0 3068b.dat
1 72 -300 8 -60 1 0 0 0 1 0 0 0 1 32018.dat
0 MLCAD BTG Group name2
1 72 -20 -39 -18 0 0 1 -1 0 0 0 -1 0 32018.dat
0 MLCAD BTG Group name2
1 72 -20 41 -42 0 0 1 -1 0 0 0 -1 0 3666.dat
0 MLCAD BTG Group name2
1 72 -20 -119 -42 0 0 1 -1 0 0 0 -1 0 3666.dat
0 MLCAD BTG Group name2
1 19 -20 -39 -42 0 0 1 -1 0 0 0 -1 0 3023.dat
0 GROUP 9 Group name2
1 72 -20 -56 -60 1 0 0 0 1 0 0 0 1 3701.dat
1 72 10 -144 -30 0 0 -1 0 1 0 1 0 0 3701.dat
1 72 -50 -168 -60 -1 0 0 0 1 0 0 0 -1 3040b.dat
1 72 -50 -168 0 1 0 0 0 1 0 0 0 1 3040b.dat
1 72 -20 -56 0 1 0 0 0 1 0 0 0 1 3701.dat
1 72 -340 -72 -60 1 0 0 0 1 0 0 0 1 3701.dat
1 72 -340 -72 0 1 0 0 0 1 0 0 0 1 3701.dat
1 72 260 8 -60 1 0 0 0 1 0 0 0 1 32018.dat
1 14 -180 8 -20 1 0 0 0 1 0 0 0 1 2730.dat
1 14 140 8 -20 1 0 0 0 1 0 0 0 1 2730.dat
1 14 -180 8 -40 1 0 0 0 1 0 0 0 1 2730.dat
1 14 140 8 -40 1 0 0 0 1 0 0 0 1 2730.dat
1 0 -140 18 -10 0 0 -1 0 1 0 1 0 0 2780.dat
1 0 -120 18 -10 0 0 -1 0 1 0 1 0 0 2780.dat
1 0 -100 18 -10 0 0 -1 0 1 0 1 0 0 2780.dat
1 0 -200 18 -30 0 0 -1 0 1 0 1 0 0 2780.dat
1 0 -180 18 -10 0 0 -1 0 1 0 1 0 0 2780.dat
1 0 -260 18 -10 0 0 -1 0 1 0 1 0 0 2780.dat
1 0 -160 18 -30 0 0 -1 0 1 0 1 0 0 2780.dat
1 0 120 18 -30 0 0 -1 0 1 0 1 0 0 2780.dat
1 0 140 18 -10 0 0 -1 0 1 0 1 0 0 2780.dat
1 0 220 18 -10 0 0 -1 0 1 0 1 0 0 2780.dat
1 0 160 18 -30 0 0 -1 0 1 0 1 0 0 2780.dat
1 0 60 18 -10 0 0 -1 0 1 0 1 0 0 2780.dat
1 0 80 18 -10 0 0 -1 0 1 0 1 0 0 2780.dat
1 0 100 18 -10 0 0 -1 0 1 0 1 0 0 2780.dat
1 0 -140 18 -50 0 0 -1 0 1 0 1 0 0 2780.dat
1 0 -120 18 -50 0 0 -1 0 1 0 1 0 0 2780.dat
1 0 -100 18 -50 0 0 -1 0 1 0 1 0 0 2780.dat
1 0 -180 18 -50 0 0 -1 0 1 0 1 0 0 2780.dat
1 0 -260 18 -50 0 0 -1 0 1 0 1 0 0 2780.dat
1 0 -420 18 -50 0 0 -1 0 1 0 1 0 0 2780.dat
1 0 -420 18 -10 0 0 -1 0 1 0 1 0 0 2780.dat
1 0 -440 18 -30 0 0 -1 0 1 0 1 0 0 2780.dat
1 0 -480 18 -30 0 0 -1 0 1 0 1 0 0 2780.dat
1 0 140 18 -50 0 0 -1 0 1 0 1 0 0 2780.dat
1 0 220 -6 -110 -1 0 0 0 1 0 0 0 -1 2780.dat
1 0 220 -6 50 -1 0 0 0 1 0 0 0 -1 2780.dat
1 0 -40 -14 70 -1 0 0 0 1 0 0 0 -1 2780.dat
1 0 -40 -14 -130 -1 0 0 0 1 0 0 0 -1 2780.dat
1 0 240 -6 70 -1 0 0 0 0.927184 0.374607 0 0.374607 -0.927184 2780.dat
1 0 240 -6 -130 -1 0 0 0 0.927184 -0.374607 0 -0.374607 -0.927184 2780.dat
1 0 260 -78 -60 -1 0 0 0 0.998537 -0.0540788 0 -0.0540788 -0.998537 2780.dat
0 MLCAD BTG Group name
1 0 260 -80.17 -99.941 -1 0 0 0 0.998537 -0.0540788 0 -0.0540788 -0.998537 2780.dat
0 GROUP 2 Group name
1 72 270 -79.085 20.028 0 1 0 -0.998537 0 -0.0540788 -0.0540788 0 0.998537 32523.dat
1 0 260 -80.17 39.997 1 0 0 0 0.998537 -0.0540788 0 0.0540788 0.998537 2780.dat
1 0 260 -78 0 -1 0 0 0 1 0 0 0 -1 2780.dat
1 71 -40 -46 -50 0 0 1 0 1 0 -1 0 0 3673.dat
1 71 -40 -46 -10 0 0 1 0 1 0 -1 0 0 3673.dat
1 71 0 -46 -50 0 0 1 0 1 0 -1 0 0 3673.dat
1 71 0 -46 -10 0 0 1 0 1 0 -1 0 0 3673.dat
1 71 -40 -102 -50 0 0 1 0 1 0 -1 0 0 3673.dat
1 71 -40 -102 -10 0 0 1 0 1 0 -1 0 0 3673.dat
1 71 0 -102 -50 0 0 1 0 1 0 -1 0 0 3673.dat
1 71 0 -102 -10 0 0 1 0 1 0 -1 0 0 3673.dat
1 0 -360 -14 70 -1 0 0 0 1 0 0 0 -1 2780.dat
1 0 -360 -14 -130 -1 0 0 0 1 0 0 0 -1 2780.dat
1 0 -40 -134 70 -1 0 0 0 1 0 0 0 -1 2780.dat
1 0 -160 -158 70 0 0 1 0 1 0 -1 0 0 2780.dat
1 0 -240 -158 70 0 0 1 0 1 0 -1 0 0 2780.dat
1 0 -160 -158 -130 0 0 1 0 1 0 -1 0 0 2780.dat
1 0 -240 -158 -130 0 0 1 0 1 0 -1 0 0 2780.dat
1 0 -40 -134 -130 -1 0 0 0 1 0 0 0 -1 2780.dat
1 0 -360 -134 70 -1 0 0 0 1 0 0 0 -1 2780.dat
1 0 -360 -134 -130 -1 0 0 0 1 0 0 0 -1 2780.dat
1 0 220 18 -50 0 0 -1 0 1 0 1 0 0 2780.dat
1 0 340 18 -70 0 0 -1 0 1 0 1 0 0 2780.dat
1 0 340 18 10 0 0 -1 0 1 0 1 0 0 2780.dat
1 0 380 18 -70 0 0 -1 0 1 0 1 0 0 2780.dat
1 0 380 18 -90 0 0 -1 0 1 0 1 0 0 62462.dat
1 0 -40 -46 -30 0 0 -1 0 1 0 1 0 0 62462.dat
1 0 0 -46 -30 0 0 -1 0 1 0 1 0 0 62462.dat
1 0 -40 -102 -30 0 0 -1 0 1 0 1 0 0 62462.dat
1 0 0 -102 -30 0 0 -1 0 1 0 1 0 0 62462.dat
1 0 380 18 30 0 0 -1 0 1 0 1 0 0 62462.dat
1 72 380 18 -110 0 0 1 0 1 0 -1 0 0 32002.dat
1 72 380 18 50 0 0 -1 0 1 0 1 0 0 32002.dat
1 0 380 18 10 0 0 -1 0 1 0 1 0 0 2780.dat
1 0 -490 18 -70 0 0 -1 0 1 0 1 0 0 2780.dat
1 0 -490 18 10 0 0 -1 0 1 0 1 0 0 2780.dat
1 0 60 18 -50 0 0 -1 0 1 0 1 0 0 2780.dat
1 0 80 18 -50 0 0 -1 0 1 0 1 0 0 2780.dat
1 0 100 18 -50 0 0 -1 0 1 0 1 0 0 2780.dat
1 71 -490 18 -120 0 0 -1 1 0 0 0 -1 0 3957a.dat
1 71 -490 18 60 0 0 1 1 0 0 0 1 0 3957a.dat
1 71 -596 38 -112 0 -1 0 1 0 0 0 0 1 3957a.dat
1 71 -604 38 -112 1 0 0 0 1 0 0 0 1 4274.dat
1 71 -596 38 -94 0 -1 0 1 0 0 0 0 1 3957a.dat
1 71 -604 38 -94 1 0 0 0 1 0 0 0 1 4274.dat
1 71 -490 18 -103 0 1 0 1 0 0 0 0 -1 32123a.dat
1 148 -490 20 -94 -1 0 0 0 1 0 0 0 -1 53989.dat
1 148 -490 20 -112 -1 0 0 0 1 0 0 0 -1 53989.dat
1 71 -596 38 34 0 -1 0 1 0 0 0 0 1 3957a.dat
1 71 -604 38 34 1 0 0 0 1 0 0 0 1 4274.dat
1 71 -596 38 52 0 -1 0 1 0 0 0 0 1 3957a.dat
1 71 -604 38 52 1 0 0 0 1 0 0 0 1 4274.dat
1 71 -490 18 43 0 1 0 1 0 0 0 0 -1 32123a.dat
1 148 -490 20 52 -1 0 0 0 1 0 0 0 -1 53989.dat
1 148 -490 20 34 -1 0 0 0 1 0 0 0 -1 53989.dat
1 19 -30 -14 88 0 0 -1 1 0 0 0 -1 0 3023.dat
1 19 -10 102 45 0 0 -1 0 1 0 1 0 0 Part 12.ldr
1 19 -330 40 -30 -1 0 0 0 1 0 0 0 -1 Part 13.ldr
1 19 290 40 -30 1 0 0 0 1 0 0 0 1 Part 16.ldr
0
0 FILE Part 10.ldr
0 Part 10
0 Name: Part 10.ldr
0 Author: LDraw
0 Unofficial Model
0 ROTATION CENTER 0 0 0 1 "Custom" 
0 ROTATION CONFIG 0 0
1 72 20 16 0 1 0 0 0 1 0 0 0 1 3894.dat
1 72 -10 8 0 1 0 0 0 1 0 0 0 1 61252.dat
1 72 50 8 0 1 0 0 0 1 0 0 0 1 61252.dat
1 19 20 8 0 1 0 0 0 1 0 0 0 1 3023.dat
1 71 20 0 0 1 0 0 0 1 0 0 0 1 6636.dat
1 0 -30 8 0 1 0 0 0 1 0 0 0 1 4073.dat
1 0 70 8 0 1 0 0 0 1 0 0 0 1 4073.dat
1 0 20 8.137 -152.564 0 0 -1 -0.182236 0.983255 0 0.983255 0.182236 0 Part 17.ldr
0
0 FILE Part 11.ldr
0 Part 11
0 Name: Part 11.ldr
0 Author: LDraw
0 Unofficial Model
0 ROTATION CENTER 0 0 0 1 "Custom" 
0 ROTATION CONFIG 0 0
1 72 -50 10 0 1 0 0 0 1 0 0 0 1 30042.dat
1 71 50 8 20 0 0 -1 0 1 0 1 0 0 32028.dat
1 71 50 8 -20 0 0 -1 0 1 0 1 0 0 32028.dat
1 71 -30 -8 -30 0 0 1 0 1 0 -1 0 0 2555.dat
1 71 -30 -8 30 0 0 1 0 1 0 -1 0 0 2555.dat
1 71 40 -8 30 1 0 0 0 1 0 0 0 1 3794a.dat
1 71 50 -8 10 0.382683 0 -0.92388 0 1 0 0.92388 0 0.382683 4592.dat
1 71 50 -8 -10 -0.382683 0 -0.92388 0 1 0 0.92388 0 -0.382683 4592.dat
1 0 50 -8 10 0.382683 0.92388 0 0 0 1 0.92388 -0.382683 0 4593.dat
1 0 50 -8 -10 -0.382683 0.92388 0 0 0 1 0.92388 0.382683 0 4593.dat
1 71 7 -14 30 1 0 0 0 1 0 0 0 1 4274.dat
1 71 -65 -14 30 -1 0 0 0 1 0 0 0 -1 4274.dat
1 71 -69 -14 30 0 1 0 -1 0 0 0 0 1 30374.dat
1 71 7 -14 -30 1 0 0 0 1 0 0 0 1 4274.dat
1 71 -65 -14 -30 -1 0 0 0 1 0 0 0 -1 4274.dat
1 71 -69 -14 -30 0 1 0 -1 0 0 0 0 1 30374.dat
1 71 40 -8 -30 1 0 0 0 1 0 0 0 1 3794a.dat
1 71 0 -16 -10 1 0 0 0 1 0 0 0 1 3794a.dat
1 0 0 -8 0 1 0 0 0 1 0 0 0 1 4032b.dat
1 71 0 -16 10 1 0 0 0 1 0 0 0 1 3794a.dat
0
0 FILE Part 12.ldr
0 Part 12
0 Name: Part 12.ldr
0 Author: LDraw
0 Unofficial Model
0 ROTATION CENTER 0 0 0 1 "Custom" 
0 ROTATION CONFIG 0 0
1 4 -40 24 0 0 -1 0 1 0 0 0 0 1 41677.dat
1 4 -75 24 0 -1 0 0 0 -1 0 0 0 1 6536.dat
1 4 -75 -236 60 0 0 -1 0 -1 0 -1 0 0 32054.dat
1 4 -75 -236 -40 0 0 1 0 -1 0 1 0 0 32054.dat
1 4 -75 24 20 -1 0 0 0 -1 0 0 0 1 6536.dat
1 1 -75 4 -20 0 0 -1 0 -1 0 -1 0 0 6558.dat
1 1 -35 -60 -30 1 0 0 0 -1 0 0 0 -1 43093.dat
1 1 -35 -60 -10 1 0 0 0 -1 0 0 0 -1 43093.dat
1 1 -115 -60 -10 -1 0 0 0 -1 0 0 0 1 43093.dat
1 1 -115 -60 -30 -1 0 0 0 -1 0 0 0 1 43093.dat
1 1 -75 4 40 0 0 1 0 -1 0 1 0 0 6558.dat
1 0 -75 -116 -40 -1 0 0 0 0 -1 0 -1 0 41239.dat
1 0 -75 -116 60 -1 0 0 0 0 -1 0 -1 0 41239.dat
1 72 -75 -6 -20 1 0 0 0 1 0 0 0 1 3701.dat
1 0 135 44 30 0 -1 0 1 0 0 0 0 1 4032b.dat
1 71 143 44 30 0 -1 0 1 0 0 0 0 1 44375a.dat
1 71 -75 -38 10 1 0 0 0 1 0 0 0 1 32324.dat
1 71 -25 -80 -30 1 0 0 0 -1 0 0 0 -1 42003.dat
1 1 -215 4 20 0 0 -1 0 1 0 1 0 0 43093.dat
1 71 -215 24 30 0 0 -1 0 1 0 1 0 0 42003.dat
1 1 -195 4 20 0 0 -1 0 1 0 1 0 0 43093.dat
1 71 -195 24 30 0 0 -1 0 1 0 1 0 0 42003.dat
1 1 45 4 20 0 0 -1 0 1 0 1 0 0 43093.dat
1 71 45 24 30 0 0 -1 0 1 0 1 0 0 42003.dat
1 1 65 4 20 0 0 -1 0 1 0 1 0 0 43093.dat
1 71 65 24 30 0 0 -1 0 1 0 1 0 0 42003.dat
1 71 -25 -80 -10 1 0 0 0 -1 0 0 0 -1 42003.dat
1 71 -125 -80 -30 1 0 0 0 -1 0 0 0 -1 42003.dat
1 71 -125 -100 10 -0.767165 -0.64145 0 -0.64145 0.767165 0 0 0 -1 4255.dat
1 71 -125 -80 -10 1 0 0 0 -1 0 0 0 -1 42003.dat
1 19 -75 -14 -20 1 0 0 0 1 0 0 0 1 3710.dat
1 19 -75 -14 40 1 0 0 0 1 0 0 0 1 3710.dat
1 19 -45 -46 10 0 0 -1 0 1 0 1 0 0 3710.dat
1 19 -105 -46 10 0 0 -1 0 1 0 1 0 0 3710.dat
1 72 -105 -70 10 0 0 -1 0 1 0 1 0 0 3894.dat
1 72 -45 -70 10 0 0 -1 0 1 0 1 0 0 3894.dat
1 72 -75 -6 40 1 0 0 0 1 0 0 0 1 3701.dat
1 4 -110 24 0 0 -1 0 1 0 0 0 0 1 41677.dat
1 0 -95 24 10 0 -1 0 1 0 0 0 0 1 43857.dat
1 0 -55 24 10 0 -1 0 1 0 0 0 0 1 43857.dat
1 0 -75 24 0 -1 0 0 0 -1 0 0 0 1 3705.dat
1 72 -240 44 30 -1 0 0 0 -1 0 0 0 1 32209.dat
1 72 90 44 30 1 0 0 0 -1 0 0 0 -1 32209.dat
1 72 79 44 30 0 0 1 0 -1 0 1 0 0 2903.dat
1 72 113 44 30 0 0 1 0 -1 0 1 0 0 2903.dat
1 0 -285 44 30 0 1 0 1 0 0 0 0 -1 4032b.dat
1 71 -293 44 30 0 1 0 1 0 0 0 0 -1 44375a.dat
1 72 -229 44 30 0 0 -1 0 -1 0 -1 0 0 2903.dat
1 72 -263 44 30 0 0 -1 0 -1 0 -1 0 0 2903.dat
1 0 -95 4 10 0 0 -1 0 -1 0 -1 0 0 3705.dat
1 0 -205 24 30 1 0 0 0 -1 0 0 0 -1 2780.dat
1 0 55 24 30 1 0 0 0 -1 0 0 0 -1 2780.dat
1 0 -25 -80 -20 0 0 -1 0 -1 0 -1 0 0 2780.dat
1 0 -125 -80 -20 0 0 -1 0 -1 0 -1 0 0 2780.dat
1 14 -95 4 25 1 0 0 0 -1 0 0 0 -1 32123b.dat
1 14 -55 4 25 1 0 0 0 -1 0 0 0 -1 32123b.dat
1 14 -95 4 -5 1 0 0 0 -1 0 0 0 -1 32123b.dat
1 14 -55 4 -5 1 0 0 0 -1 0 0 0 -1 32123b.dat
1 71 -155 4 10 0 0 1 -1 0 0 0 -1 0 32524.dat
1 72 -195 -16 30 0 0 1 1 0 0 0 1 0 32140.dat
1 72 -195 -16 -10 0 0 1 1 0 0 0 1 0 32140.dat
1 72 45 -16 -10 0 0 -1 1 0 0 0 -1 0 32140.dat
1 72 45 -16 30 0 0 -1 1 0 0 0 -1 0 32140.dat
1 71 5 4 10 0 0 1 -1 0 0 0 -1 0 32524.dat
1 19 -135 4 10 0 0 1 0 1 0 -1 0 0 32556.dat
1 19 -125 -100 -10 0 0 1 0 1 0 -1 0 0 32556.dat
1 19 -25 -100 -10 0 0 1 0 1 0 -1 0 0 32556.dat
1 28 -195 -16 12 0 0 -1 0 1 0 1 0 0 6587.dat
1 0 -159.794 -58.257 10 -0.768284 -0.64011 0 -0.64011 0.768284 0 0 0 -1 731.dat
1 71 -25 -100 10 0.767165 0.64145 0 -0.64145 0.767165 0 0 0 1 4255.dat
1 0 9.794 -58.257 10 0.768284 0.64011 0 -0.64011 0.768284 0 0 0 1 731.dat
1 28 45 -16 12 0 0 -1 0 1 0 1 0 0 6587.dat
1 19 -15 4 10 0 0 1 0 1 0 -1 0 0 32556.dat
1 0 -55 4 10 0 0 -1 0 -1 0 -1 0 0 3705.dat
1 0 -75 24 20 -1 0 0 0 -1 0 0 0 1 3705.dat
0
0 FILE Part 13.ldr
0 Part 13
0 Name: Part 13.ldr
0 Author: LDraw
0 Unofficial Model
0 ROTATION CENTER 0 0 0 1 "Custom" 
0 ROTATION CONFIG 0 0
1 71 -10 8 0 1 0 0 0 1 0 0 0 1 32324.dat
1 71 -10 -42 -50 1 0 0 0 0 -1 0 1 0 32524.dat
1 71 -10 -42 50 1 0 0 0 0 -1 0 1 0 32524.dat
1 4 -10 -102 50 0 1 0 0 0 -1 -1 0 0 32054.dat
1 4 -10 -102 -50 0 -1 0 0 0 -1 1 0 0 32054.dat
1 1 30 18 20 1 0 0 0 1 0 0 0 1 43093.dat
1 1 30 18 -20 1 0 0 0 1 0 0 0 1 43093.dat
1 1 -50 18 -20 -1 0 0 0 1 0 0 0 -1 43093.dat
1 1 -50 18 20 -1 0 0 0 1 0 0 0 -1 43093.dat
1 71 -40 -24 0 0 0 -1 0 1 0 1 0 0 3004.dat
1 71 -20 -24 0 0 0 -1 0 1 0 1 0 0 3039.dat
1 0 -30 -32 -10 -1 0 0 0 1 0 0 0 -1 2412b.dat
1 0 -30 -32 10 -1 0 0 0 1 0 0 0 -1 2412b.dat
1 72 -10 0 20 1 0 0 0 1 0 0 0 1 3020.dat
1 72 -10 0 -20 1 0 0 0 1 0 0 0 1 3020.dat
1 72 60 18 -20 0 0 1 0 -1 0 1 0 0 32192.dat
