0 FILE 8229_b.ldr
0 8229_B
0 Name: 8229_b.ldr
0 Author: marco
0 ROTATION CENTER 0 0 0 1 "Custom" 
0 ROTATION CONFIG 0 0
1 8 30 -87.992 70 -1 0 0 0 1 0 0 0 -1 32002.dat
1 7 10 -8.242 -50 0 0 -1 0 1 0 1 0 0 6538b.dat
1 0 70 -8.242 -50 1 0 0 0 1 0 0 0 1 3706.dat
1 0 -50.25 -8.242 -50 1 0 0 0 1 0 0 0 1 3706.dat
1 0 -15 -8.242 -10 0 -1 0 -1 0 0 0 0 -1 6632.dat
1 0 35 -8.24201 -10 0 -1 0 -1 0 0 0 0 -1 6632.dat
1 0 45 -8.24201 -10 0 -1 0 -1 0 0 0 0 -1 6632.dat
1 0 -25 -8.242 -10 0 -1 0 -1 0 0 0 0 -1 6632.dat
1 7 -30 -8.242 -10 1 0 0 0 1 0 0 0 1 3749.dat
1 7 50 -8.24201 -10 -1 0 0 0 1 0 0 0 -1 3749.dat
1 7 80 -8.24201 -50 0 0 -1 0 1 0 1 0 0 3713.dat
1 7 -60 -8.242 -50 0 0 1 0 1 0 -1 0 0 3713.dat
1 7 120 -8.242 -50 0 0 1 0 1 0 -1 0 0 3713.dat
1 7 -100 -8.242 -50 0 0 -1 0 1 0 1 0 0 3713.dat
1 4 -40 -18.242 70 0 0 -1 0 1 0 1 0 0 32018.dat
1 4 -40 -50.242 170 0 0 1 0 1 0 -1 0 0 2744.dat
1 4 -20 -58.242 190 1 0 0 0 1 0 0 0 1 3021.dat
1 4 10 -66.242 190 1 0 0 0 1 0 0 0 1 3738.dat
1 4 40 -58.242 190 1 0 0 0 1 0 0 0 1 3021.dat
1 4 60 -50.242 170 0 0 1 0 1 0 -1 0 0 2744.dat
1 4 60 -18.242 70 0 0 -1 0 1 0 1 0 0 32018.dat
1 7 -40 -74.242 190 0 0 -1 0 1 0 1 0 0 2412b.dat
1 7 60 -74.242 190 0 0 -1 0 1 0 1 0 0 2412b.dat
1 4 10 -26.242 0 1 0 0 0 1 0 0 0 1 3666.dat
1 4 10 -50.242 0 1 0 0 0 1 0 0 0 1 3700.dat
1 4 10 -26.242 -20 1 0 0 0 1 0 0 0 1 3666.dat
1 4 10 -50.242 -20 1 0 0 0 1 0 0 0 1 3660.dat
1 4 10 -58.242 -40 1 0 0 0 1 0 0 0 1 3023.dat
1 1 10 -58.242 -20 1 0 0 0 1 0 0 0 1 2717.dat
1 1 -58.8 68.5 3.6 0 0 -1 -0.0784591 0.996917 0 0.996917 0.0784591 0 8229 figure.ldr
1 4 30 -58.242 -10 1 0 0 0 1 0 0 0 1 2444.dat
1 4 -10 -58.242 -10 -1 0 0 0 1 0 0 0 -1 2444.dat
1 4 10 -26.242 200 1 0 0 0 1 0 0 0 1 3666.dat
1 4 10 -26.242 20 1 0 0 0 1 0 0 0 1 3666.dat
1 0 10 -66.242 50 0 0 -1 0 1 0 1 0 0 6588.dat
1 4 10 -26.242 80 1 0 0 0 1 0 0 0 1 3666.dat
1 4 60 -34.242 50 0 0 -1 0 1 0 1 0 0 3710.dat
1 4 60 -58.242 30 0 0 -1 0 1 0 1 0 0 3894.dat
1 0 60 -66.242 50 0 0 -1 0 1 0 1 0 0 3023.dat
1 4 70 -74.242 50 1 0 0 0 1 0 0 0 1 2444.dat
1 4 60 -98.242 50 0 0 -1 0 1 0 1 0 0 3700.dat
1 4 -40 -34.242 50 0 0 -1 0 1 0 1 0 0 3710.dat
1 4 -40 -58.242 30 0 0 -1 0 1 0 1 0 0 3894.dat
1 0 -40 -66.242 50 0 0 -1 0 1 0 1 0 0 3023.dat
1 4 -50 -74.242 50 -1 0 0 0 1 0 0 0 -1 2444.dat
1 4 -40 -98.242 50 0 0 -1 0 1 0 1 0 0 3700.dat
1 15 -80 -8.242 190 0 0 -1 -1 0 0 0 1 0 32007.dat
1 15 -80 -8.242 -50 0 0 -1 -1 0 0 0 1 0 32007.dat
1 15 100 -8.74201 190 0 0 1 -1 0 0 0 -1 0 32007.dat
1 0 100 -8.74201 70 0 0 1 0 1 0 -1 0 0 71372.dat
1 0 -80 -8.74201 70 0 0 1 0 1 0 -1 0 0 71372.dat
1 15 100 -8.242 -50 0 0 1 -1 0 0 0 -1 0 32007.dat
1 0 40 -207.992 70 0 1 0 0 0 -1 -1 0 0 32009.dat
1 0 50 -47.992 70 1 0 0 0 1 0 0 0 1 32062.dat
1 7 50 -207.992 -10 -1 0 0 0 1 0 0 0 -1 3749.dat
1 0 -20 -207.992 70 0 1 0 0 0 -1 -1 0 0 32009.dat
1 0 -30 -48.242 70 1 0 0 0 1 0 0 0 1 32062.dat
1 7 -30 -207.992 -10 1 0 0 0 1 0 0 0 1 3749.dat
1 0 50 -48.242 -10 1 0 0 0 1 0 0 0 1 2780.dat
1 0 -30 -80.242 -10 1 0 0 0 1 0 0 0 1 2780.dat
1 7 -40 -73.9304 -28.978 0 0 -1 -0.948899 -0.31558 0 -0.31558 0.948899 0 6536.dat
1 0 -40.501 -139.393 -50.7055 0 0 1 0.948324 -0.317304 0 0.317304 0.948324 0 3707.dat
1 7 -40 -208.242 -10 1 0 0 0 -0.997564 -0.0697569 0 0.0697569 -0.997564 32016.dat
1 0 -40 -204.755 39.8433 0 0 -1 0.0697566 0.997564 0 0.997564 -0.0697566 0 3705.dat
1 0 -40 -198.724 -38.4846 0 0 1 0.317304 0.948324 0 -0.948324 0.317304 0 32062.dat
1 7 -40 -189.23 -66.7409 0 -1 0 -0.948324 0 0.317304 -0.317304 0 -0.948324 32014.dat
1 0 9.49989 -189.704 -66.8996 1 0 0 0 0.948324 -0.317303 0 0.317303 0.948324 3705.dat
1 7 60 -189.229 -66.7409 0 1 0 0.948324 0 0.317303 0.317303 0 -0.948324 32014.dat
1 0 60.5 -199.223 -38.4498 0 0 1 0.317304 0.948324 0 -0.948324 0.317304 0 32062.dat
1 7 60 -208.268 -9.84148 1 0 0 0 -0.997564 -0.069756 0 0.069756 -0.997564 32016.dat
1 0 60 -204.755 39.8433 0 0 -1 0.0697566 0.997564 0 0.997564 -0.0697566 0 3705.dat
1 7 60 -203.639 55.8043 0 0 -1 0.0697518 0.997564 0 0.997564 -0.0697518 0 6536.dat
1 7 -40 -203.57 56.8019 0 0 1 -0.0697518 0.997564 0 -0.997564 -0.0697518 0 6536.dat
1 0 50 -80.242 -10 1 0 0 0 1 0 0 0 1 2780.dat
1 0 30 -207.992 30 1 0 0 0 1 0 0 0 1 32062.dat
1 7 10 -208.242 30 0 0 -1 0 1 0 1 0 0 6538b.dat
1 0 -10 -207.992 30 1 0 0 0 1 0 0 0 1 32062.dat
1 0 10 -8.74201 190 1 0 0 0 1 0 0 0 1 3708.dat
1 7 80 -8.242 190 0 0 -1 0 1 0 1 0 0 4019.dat
1 7 -62 -8.24201 190 0 0 -1 0 1 0 1 0 0 4019.dat
1 7 120 -8.242 190 0 0 1 0 1 0 -1 0 0 3713.dat
1 7 -100 -8.24201 190 0 0 -1 0 1 0 1 0 0 3713.dat
1 0 -30 -48.242 -10 1 0 0 0 1 0 0 0 1 2780.dat
1 0 -30 -48.242 50 1 0 0 0 1 0 0 0 1 2780.dat
1 0 -25 -48.242 50 0 1 0 0 0 1 1 0 0 32017.dat
1 7 10 -88.242 50 0 0 -1 0 1 0 1 0 0 3648b.dat
1 0 10 -88.242 50 1 0 0 0 1 0 0 0 1 3707.dat
1 4 80 -88.242 -110 0 1 0 1 0 0 0 0 -1 32009.dat
1 0 80 -8.742 -109.25 1 0 0 0 1 0 0 0 1 32062.dat
1 7 100 -8.24199 -170 0 -1 0 1 0 0 0 0 1 2825.dat
1 0 70 -8.74199 -170 1 0 0 0 1 0 0 0 1 3706.dat
1 7 120 -8.24199 -190 1 0 0 0 -1 0 0 0 -1 32039.dat
1 4 -60 -88.242 -110 0 1 0 1 0 0 0 0 -1 32009.dat
1 0 -60 -8.742 -109.25 1 0 0 0 1 0 0 0 1 32062.dat
1 7 -80 -8.242 -170 0 1 0 -1 0 0 0 0 1 2825.dat
1 0 -50 -8.742 -170 1 0 0 0 1 0 0 0 1 3706.dat
1 7 -100 -8.242 -190 1 0 0 0 -1 0 0 0 -1 32039.dat
1 0 -100 -8.742 -209.5 0 0 1 0 1 0 -1 0 0 4519.dat
1 0 120 -8.74198 -209.5 0 0 1 0 1 0 -1 0 0 4519.dat
1 7 60 -8.24199 -170 0 1 0 -1 0 0 0 0 1 2825.dat
1 7 -40 -8.242 -170 0 -1 0 1 0 0 0 0 1 2825.dat
1 7 40 -8.24199 -190 1 0 0 0 -1 0 0 0 -1 32039.dat
1 7 -20 -8.242 -190 1 0 0 0 -1 0 0 0 -1 32039.dat
1 7 10 -8.242 -170 0 0 -1 0 1 0 1 0 0 6538b.dat
1 0 -20 -8.742 -199.5 0 0 1 0 1 0 -1 0 0 32062.dat
1 0 40 -8.74198 -199.5 0 0 1 0 1 0 -1 0 0 32062.dat
1 0 45 -48.242 50 0 1 0 0 0 1 1 0 0 32017.dat
1 7 80 -8.242 50 0 0 -1 0 1 0 1 0 0 3713.dat
1 0 10 -8.242 50 1 0 0 0 1 0 0 0 1 3707.dat
1 7 -60 -8.242 50 0 0 1 0 1 0 -1 0 0 3713.dat
1 0 50 -48.242 50 1 0 0 0 1 0 0 0 1 2780.dat
1 7 10 -48.242 50 1 0 0 0 1 0 0 0 1 4716.dat
1 0 10 -48.242 70 0 0 1 0 1 0 -1 0 0 3706.dat
1 7 10 -48.242 15 -1 0 0 0 1 0 0 0 -1 4265a.dat
1 7 10 -48.242 90 1 0 0 0 1 0 0 0 1 3713.dat
1 7 10 -48.242 112 0 0 -1 1 0 0 0 -1 0 2907.dat
1 7 60 -73.9304 -28.978 0 0 -1 -0.948899 -0.31558 0 -0.31558 0.948899 0 6536.dat
1 0 60.5 -139.443 -50.0825 0 0 1 0.948324 -0.317304 0 0.317304 0.948324 0 3707.dat
1 0 49.5 -184.222 53.9454 1 0 0 0 0.997564 0.0697518 0 -0.0697518 0.997564 2780.dat
1 8 -10 -88.242 70 1 0 0 0 1 0 0 0 1 32002.dat
1 0 -29.5001 -184.152 54.9429 -1 0 0 0 0.997564 -0.0697518 0 -0.0697518 -0.997564 2780.dat
0 Assembly 2
0 Assembly 2
0 Assembly 2
0 Assembly 2
0 Assembly 2
0 Assembly 2
0 Assembly 2
0 Assembly 2
0 Assembly 2
0 Assembly 2
0 Assembly 2
0 Assembly 2
0 Assembly 2
0 Assembly 2
0 Assembly 2
0 Assembly 2
0 Assembly 2
0 Assembly 2
0 Assembly 2
0 Assembly 2
0 Assembly 2
0 Assembly 2
0 Assembly 2
0 Assembly 2
0 Assembly 2
0 Assembly 2
0 Assembly 2
0 Assembly 2
0 Assembly 2
0 Assembly 2
0 Assembly 2
0 Assembly 2
0 Assembly 2
0 Assembly 2

0
0 FILE 8229 figure.ldr
0 8229-2-17.LDR
0 Name: C:\LDRAW\PROJECTS\TECHNIC\ACTION FIGURE.L3B
0 WORLD  -101.46 100.9673 587.6357 0.5895194 -0.0257649 -0.8073391 -0.2853245 0.9284143 -0.2379749 0.7556767 0.370646 0.5399647
0 CENTRE  70 -32 -149
0 LOOKAT  -36 17 748
0 ZOOM  60
0 ROTANGLE 0
0 ROTATION CENTER 0 0 0 1 "Custom" 
0 ROTATION CONFIG 0 0
1 0 -14.6736 -144.159 -53 0 -0.956892 -0.292534 0 -0.292534 0.956892 -1 0 0 2709.dat
1 0 -52.9492 -155.86 -58 0 -0.588129 0.809519 0 0.809519 0.588129 -1 0 0 2704.dat
1 0 -9.70051 -160.426 -68 0 -0.292534 0.956892 0 0.956892 0.292534 -1 0 0 2699.dat
1 0 -14.6735 -144.158 -83 0.0118905 -0.965281 -0.263268 -0.033358 -0.263525 0.96471 -0.999378 -0.00268918 -0.0353345 2703.dat
1 0 -53.3442 -154.533 -78.1106 0.0118905 -0.659776 0.75218 -0.0333579 0.751553 0.659755 -0.999378 -0.0329362 -0.0130734 2704.dat
1 0 -79.7353 -124.47 -79.428 0.0118905 -0.659776 0.75218 -0.0333579 0.751553 0.659755 -0.999378 -0.0329362 -0.0130733 2706.dat
1 0 -76.4744 -123.479 -58 0 -0.588129 0.809519 0 0.809519 0.588129 -1 0 0 2706.dat
1 0 -9.70051 -160.426 -68 0 -0.292534 0.956892 0 0.956892 0.292534 -1 0 0 2710.dat
1 0 3.75604 -204.443 -41.8 0.241148 -0.0872254 0.966602 -0.0211018 -0.9968 -0.0845829 0.970886 0 -0.241922 2700.dat
1 0 3.75604 -204.443 -41.8 0.241148 -0.0872254 0.966602 -0.0211018 -0.9968 -0.0845829 0.970886 0 -0.241922 2705.dat
1 0 3.75604 -204.443 -41.8 0.9968 -0.0872254 0 -0.0872254 -0.9968 0 0 0 -1 2701.dat
1 14 -58.301 -199.012 -114.441 -0.308028 -0.0872256 0.947436 0.0269542 -0.996799 -0.082906 0.951635 0 0.309017 2702.dat
1 0 3.75604 -204.443 -94.2 -0.996799 -0.0872256 0 0.0872256 -0.996799 0 0 0 1 2701.dat
1 0 -25.6145 -201.873 -103.78 0.308028 -0.0872256 -0.947436 -0.0269542 -0.996799 0.082906 -0.951635 0 -0.309017 2705.dat
1 0 3.75604 -204.443 -94.2 0.308028 0.0872256 0.947436 -0.0269542 0.996799 -0.082906 -0.951635 0 0.309017 2700.dat
1 0 -26.2086 -201.821 -34.3004 0.241148 -0.0872254 0.966602 -0.0211018 -0.9968 -0.0845829 0.970886 0 -0.241922 2701.dat
1 0 -25.6145 -201.873 -103.78 0.308028 0.0872256 0.947436 -0.0269542 0.996799 -0.082906 -0.951635 0 0.309017 2700.dat
1 0 -26.2086 -201.821 -34.3004 0.241148 -0.0872254 0.966602 -0.0211018 -0.9968 -0.0845829 0.970886 0 -0.241922 2705.dat
1 0 -26.2086 -201.821 -34.3004 0.241148 -0.0872254 0.966602 -0.0211018 -0.9968 -0.0845829 0.970886 0 -0.241922 2700.dat
1 14 -59.5564 -198.903 -25.9541 -0.241148 0.0872254 0.966602 0.0211018 0.9968 -0.0845829 -0.970886 0 -0.241922 2702.dat
1 6 10.983 -252.287 -68 0 -0.147883 0.98962 0 0.98962 0.147883 -1 0 0 2708.dat
1 0 3.75604 -204.443 -94.2 0.308028 -0.0872256 -0.947436 -0.0269542 -0.996799 0.082906 -0.951635 0 -0.309017 2705.dat
1 0 -25.6145 -201.873 -103.78 0.308028 0.0872256 0.947436 -0.0269542 0.996799 -0.082906 -0.951635 0 0.309017 2701.dat
1 14 4.77 -210.723 -68 0 -0.147883 0.98962 0 0.98962 0.147883 -1 0 0 2707p01.dat
1 7 -9.70051 -160.426 -68 0 -0.292534 0.956892 0 0.956892 0.292534 -1 0 0 2698p01.dat
0
0
