0 FILE Main.ldr
0 Untitled
0 Name: Main.ldr
0 Author: MLCad
0 Unofficial Model
0 ROTATION CENTER 0 0 0 1 "Custom" 
0 ROTATION CONFIG 0 0
1 7 0 0 0 1 0 0 0 1 0 0 0 1 chassis.ldr
1 7 0 0 0 1 0 0 0 1 0 0 0 1 flex.ldr
1 7 0 0 0 1 0 0 0 1 0 0 0 1 steer.ldr
1 7 0 0 0 1 0 0 0 1 0 0 0 1 engine.ldr
1 7 0 0 0 1 0 0 0 1 0 0 0 1 nozzle.ldr
1 7 0 16.628 -22.022 1 0 0 0 0.984808 0.173648 0 -0.173648 0.984808 action.ldr
0
0 FILE chassis.ldr
0 8230_B.LDR
0 ROTATION CENTER 0 0 0 1 "Custom" 
0 ROTATION CONFIG 0 0
1 15 -40 -24 -90 1 0 0 0 1 0 0 0 1 3700.dat
1 0 -60 -56 -90 -1 0 0 0 1 0 0 0 -1 3700.dat
1 0 -20 -56 -90 -1 0 0 0 1 0 0 0 -1 3700.dat
1 0 -40 -80 -90 1 0 0 0 1 0 0 0 1 3701.dat
1 0 -70 -24 -40 0 0 -1 0 1 0 1 0 0 3703.dat
1 0 -40 -32 40 1 0 0 0 1 0 0 0 1 3709b.dat
1 7 -40 -72 0 -1 0 0 0 1 0 0 0 -1 6585.dat
1 7 -40 -32 -30 1 0 0 0 1 0 0 0 1 3710.dat
1 0 -70 -80 0 0 0 -1 0 1 0 1 0 0 3710.dat
1 15 -70 -104 60 0 0 -1 0 1 0 1 0 0 3703.dat
1 0 -80 -80 100 1 0 0 0 1 0 0 0 1 3022.dat
1 7 -70 -72 100 0 0 -1 0 1 0 1 0 0 3023.dat
1 0 -70 -64 100 0 0 -1 0 1 0 1 0 0 3700.dat
1 7 -70 -40 80 0 0 -1 0 1 0 1 0 0 3710.dat
1 0 -90 -32 100 1 0 0 0 1 0 0 0 1 3021.dat
1 0 -110 -24 100 0 0 -1 0 1 0 1 0 0 3700.dat
1 0 -90 0 100 1 0 0 0 1 0 0 0 1 3021.dat
1 7 -90 -24 100 0 0 -1 0 1 0 1 0 0 3700.dat
1 15 -40 -112 0 -1 0 0 0 1 0 0 0 -1 3709b.dat
1 15 -10 -104 60 0 0 -1 0 1 0 1 0 0 3703.dat
1 0 -10 -80 0 0 0 -1 0 1 0 1 0 0 3710.dat
1 0 0 -80 100 1 0 0 0 1 0 0 0 1 3022.dat
1 7 -10 -72 100 0 0 -1 0 1 0 1 0 0 3023.dat
1 0 -10 -64 100 0 0 -1 0 1 0 1 0 0 3700.dat
1 7 -10 -40 80 0 0 -1 0 1 0 1 0 0 3710.dat
1 0 10 -32 100 1 0 0 0 1 0 0 0 1 3021.dat
1 0 30 -24 100 0 0 -1 0 1 0 1 0 0 3700.dat
1 0 10 0 100 1 0 0 0 1 0 0 0 1 3021.dat
1 7 10 -24 100 0 0 -1 0 1 0 1 0 0 3700.dat
1 0 -10 -24 -40 0 0 -1 0 1 0 1 0 0 3703.dat
1 7 -10 -32 -60 0 0 -1 0 1 0 1 0 0 3069b.dat
1 7 -40 0 60 1 0 0 0 1 0 0 0 1 3709b.dat
1 0 -10 -32 -170 -1 0 0 0 1 0 0 0 -1 2420.dat
1 15 10 -104 100 0 0 1 0 1 0 -1 0 0 3700.dat
1 7 -40 -80 0 0 0 -1 0 1 0 1 0 0 3709b.dat
1 7 -70 -32 -60 0 0 -1 0 1 0 1 0 0 3069b.dat
1 0 -70 -32 -170 0 0 1 0 1 0 -1 0 0 2420.dat
1 15 -80 -128 170 1 0 0 0 1 0 0 0 1 6564.dat
1 15 0 -128 170 1 0 0 0 1 0 0 0 1 6565.dat
1 7 -40 0 -170 1 0 0 0 1 0 0 0 1 3710.dat
1 0 -40 -32 -130 1 0 0 0 1 0 0 0 1 3710.dat
1 4 -40 -32 -150 1 0 0 0 1 0 0 0 1 2717.dat
1 7 -40 -32 -150 1 0 0 0 1 0 0 0 1 3710.dat
1 0 -30 -24 -140 0 0 -1 0 1 0 1 0 0 3701.dat
1 7 0 -94 160 1 0 0 0 0 -1 0 1 0 3749.dat
1 15 5 -94 200 0 -1 0 -1 0 0 0 0 -1 6632.dat
1 0 -40 -94 200 1 0 0 0 1 0 0 0 1 3737.dat
1 15 -85 -94 200 0 -1 0 -1 0 0 0 0 -1 6632.dat
1 7 -80 -94 160 -1 0 0 0 0 -1 0 -1 0 3749.dat
1 15 10 -34 200 0 1 0 0 0 -1 -1 0 0 2825.dat
1 15 -90 -34 200 0 -1 0 0 0 -1 1 0 0 2825.dat
1 0 -40 -34 200 1 0 0 0 1 0 0 0 1 3737.dat
1 0 -50 -24 -140 0 0 -1 0 1 0 1 0 0 3701.dat
1 15 0 -112 110 1 0 0 0 1 0 0 0 1 3023.dat
1 15 0 -112 90 1 0 0 0 1 0 0 0 1 3023.dat
1 0 -40 -128 210 1 0 0 0 1 0 0 0 1 3701.dat
1 15 -10 -136 210 -1 0 0 0 1 0 0 0 -1 2420.dat
1 15 -70 -136 210 0 0 1 0 1 0 -1 0 0 2420.dat
1 7 -20 -118 220 0 -1 0 0 0 -1 1 0 0 3749.dat
1 7 -20 -118 230 0 0 1 0 -1 0 1 0 0 6536.dat
1 7 -60 -118 220 0 -1 0 0 0 -1 1 0 0 3749.dat
1 7 -60 -118 230 0 0 1 0 -1 0 1 0 0 6536.dat
1 0 10 -14 -180 -1 0 0 0 1 0 0 0 -1 6558.dat
1 7 0 -14 -60 1 0 0 0 1 0 0 0 1 4274.dat
1 0 0 -14 40 1 0 0 0 1 0 0 0 1 2780.dat
1 15 10 -54 30 0 0 -1 -1 0 0 0 1 0 3894.dat
1 0 0 -94 40 1 0 0 0 1 0 0 0 1 2780.dat
1 0 -10 -14 -140 -1 0 0 0 1 0 0 0 -1 6558.dat
1 15 10 -84.0236 -100.041 0 0 1 0.800355 0.599527 0 -0.599527 0.800355 0 2730.dat
1 15 -40 -144.845 -64.477 1 0 0 0 0.599527 -0.800355 0 0.800355 0.599527 3666.dat
1 15 -40 -141.838 -76.4753 1 0 0 0 0.599527 -0.800355 0 0.800355 0.599527 3068b.dat
1 15 -90 -84.2238 -99.6412 0 0 1 0.800355 0.599527 0 -0.599527 0.800355 0 2730.dat
1 0 -70 -14 -140 1 0 0 0 1 0 0 0 1 6558.dat
1 7 -100 -142.257 -43.6755 -1 0 0 0 0 -1 0 -1 0 3749.dat
1 0 -90 -94.2356 -79.6471 -1 0 0 0 1 0 0 0 -1 6558.dat
1 0 -120 -94.2002 -89.5998 1 0 0 0 0 -1 0 1 0 2444.dat
1 15 -120 -94 -98 1 0 0 0 0 -1 0 1 0 4150.dat
1 7 20 -142.057 -44.0753 1 0 0 0 0 -1 0 1 0 3749.dat
1 0 10 -94.0354 -80.0469 1 0 0 0 1 0 0 0 1 6558.dat
1 0 40 -94.2357 -89.6471 -1 0 0 0 0 1 0 1 0 2444.dat
1 15 40 -94 -98 1 0 0 0 0 -1 0 1 0 4150.dat
1 0 -80 -14 40 1 0 0 0 1 0 0 0 1 2780.dat
1 0 -90 -54 30 0 0 -1 -1 0 0 0 1 0 3894.dat
1 0 -80 -94 40 1 0 0 0 1 0 0 0 1 2780.dat
1 7 -80 -14 -60 -1 0 0 0 1 0 0 0 -1 4274.dat
1 0 -90 -14 -180 1 0 0 0 1 0 0 0 1 6558.dat
1 7 0 -54 -140 1 0 0 0 -0.78801 -0.615662 0 0.615662 -0.78801 3749.dat
1 7 10 -54 -140 1 0 0 0 0.78801 0.615662 0 -0.615662 0.78801 6536.dat
1 7 -80 -54 -140 -1 0 0 0 -0.615662 -0.78801 0 -0.78801 0.615662 3749.dat
1 7 -90 -54 -140 1 0 0 0 0.78801 0.615662 0 -0.615662 0.78801 6536.dat
1 0 10 -50.547 -168.065 0 0 1 -0.615662 0.78801 0 -0.78801 -0.615662 0 6558.dat
1 0 -90 -50.4608 -168.768 0 0 1 -0.615662 0.78801 0 -0.78801 -0.615662 0 6558.dat
1 7 35 -142.457 -43.5757 0 0 -1 0 1 0 1 0 0 4265a.dat
1 7 -115 -142.221 -43.6284 0 0 1 0 -1 0 1 0 0 4265a.dat
1 7 -40 -32 -90 1 0 0 0 1 0 0 0 1 4442.dat
1 7 -40 0 -90 1 0 0 0 1 0 0 0 1 4442.dat
1 7 -110 -153.356 -60.2419 -1 0 0 0 0.830678 -0.556752 0 -0.556752 -0.830679 4273b.dat
1 7 30 -153.592 -60.1893 1 0 0 0 -0.830679 -0.556752 0 0.556752 -0.830679 4273b.dat
1 7 30 -31.2312 -190.153 1 0 0 0 -0.507651 -0.861563 0 0.861563 -0.507651 3651.dat
1 7 -110 -31.2312 -190.153 1 0 0 0 -0.507651 -0.861563 0 0.861563 -0.507651 3651.dat
0
0 FILE engine.ldr
0 8230_B.LDR
0 ROTATION CENTER 0 0 0 1 "Custom" 
0 ROTATION CONFIG 0 0
1 0 20 -14 100 1 0 0 0 1 0 0 0 1 3706.dat
1 7 -30 -14 100 0 0 -1 0 1 0 1 0 0 3713.dat
1 15 81 -14 100 0 0 -1 0 1 0 1 0 0 6580.dat
1 0 81 -14 100 0 0 -1 0 1 0 1 0 0 6579.dat
1 7 -30 -94 100 0 0 -1 0 1 0 1 0 0 3647.dat
1 0 0 -94 100 1 0 0 0 1 0 0 0 1 3705.dat
1 7 44 -94 100 0 -1 0 0 0 1 -1 0 0 2819.dat
1 7 -50 -14 100 0 0 -1 0 1 0 1 0 0 4019.dat
1 0 -100 -14 100 1 0 0 0 1 0 0 0 1 3706.dat
1 15 -161 -14 100 0 0 1 0 1 0 -1 0 0 6580.dat
1 0 -161 -14 100 0 0 1 0 1 0 -1 0 0 6579.dat
1 0 -40 -54 100 1 0 0 0 -0.597633 0.80177 0 -0.80177 -0.597633 3705.dat
1 7 -50 -54 100 0 0 -1 0.80177 -0.597632 0 -0.597633 -0.80177 0 4019.dat
1 7 -29 -54 100 0 0 -1 0.801771 -0.597632 0 -0.597632 -0.801771 0 3650c.dat
1 7 55 -14 100 0 0 -1 0 1 0 1 0 0 4265a.dat
1 7 45 -14 100 0 0 1 0 -1 0 1 0 0 4265a.dat
1 7 -125 -14 100 0 0 -1 0 1 0 1 0 0 4265a.dat
1 7 -135 -14 100 0 0 1 0 -1 0 1 0 0 4265a.dat
0
0 FILE nozzle.ldr
0 8230_B.LDR
0 ROTATION CENTER 0 0 0 1 "Custom" 
0 ROTATION CONFIG 0 0
1 0 -40.4999 -138.5 230 -1 0 0 0 1 0 0 0 -1 6558.dat
1 7 -39.4999 -156.2 238.812 0 0 1 -0.465606 0.884992 0 -0.884992 -0.465606 0 6536.dat
1 8 -40.001 -164.547 222.497 0 1 0 0.465607 0 0.884992 0.884992 0 -0.465607 6587.dat
1 7 -39.4999 -178.317 197.275 0 -1 0 -0.884992 0 -0.465606 0.465606 0 -0.884992 6538b.dat
1 7 -40 -187.861 179.133 0 -1 0 0.465606 0 -0.884992 0.884992 0 0.465606 3749.dat
0
0 FILE steer.ldr
0 8230_B.LDR
0 ROTATION CENTER 0 0 0 1 "Custom" 
0 ROTATION CONFIG 0 0
1 7 -70 -32 -60 0 0 -1 0 1 0 1 0 0 3069b.dat
1 8 -130 -14 -90 1 0 0 0 1 0 0 0 1 6587.dat
1 15 -161 -14 -90 0 0 1 0 1 0 -1 0 0 6580.dat
1 0 -161 -14.5 -90 0 0 1 0 1 0 -1 0 0 6579.dat
1 8 50 -14 -90 -1 0 0 0 1 0 0 0 -1 6587.dat
1 15 81 -14 -90 0 0 -1 0 1 0 1 0 0 6580.dat
1 0 81 -14.5 -90 0 0 -1 0 1 0 1 0 0 6579.dat
1 7 -39.8557 -71.5 -0.478705 0.957439 0.288637 0 0 0 1 0.288637 -0.957439 0 6589.dat
1 0 -40 -121 0 0 -0.957439 -0.288637 1 0 0 0 -0.288637 0.957439 3706.dat
1 15 -40 -179 0 -0.957439 0 -0.288637 0 -1 0 -0.288637 0 0.957439 2654.dat
1 33 -40 -155 0 -0.957439 0 -0.288637 0 -1 0 -0.288637 0 0.957439 6143.dat
1 15 -40 -147 0 -0.957439 0 -0.288637 0 -1 0 -0.288637 0 0.957439 4032a.dat
1 7 -40 -54 -50 1 0 0 0 1 0 0 0 1 3647.dat
1 8 -40 -54 -32 0 0 1 0 1 0 -1 0 0 6587.dat
1 7 -40 -54 -17 1 0 0 0 1 0 0 0 1 6589.dat
1 7 -40 -42 -50 1 0 0 0 1 0 0 0 1 6630.dat
1 7 30 -22 -50 0 0 1 1 0 0 0 1 0 3749.dat
1 7 -110 -22 -50 0 0 1 1 0 0 0 1 0 3749.dat
1 7 -135 -14 -90 0 0 1 0 -1 0 1 0 0 4265a.dat
1 7 -125 -14 -90 0 0 -1 0 1 0 1 0 0 4265a.dat
1 7 45 -14 -90 0 0 1 0 -1 0 1 0 0 4265a.dat
1 7 55 -14 -90 0 0 -1 0 1 0 1 0 0 4265a.dat
1 7 -40 -89 0 -0.288636 -0.957439 0 0 0 -1 0.957439 -0.288636 0 4265a.dat
1 7 -110 -24 -90 1 0 0 0 1 0 0 0 1 4261.dat
1 7 30 -24 -90 1 0 0 0 1 0 0 0 1 4261.dat
0
0 FILE action.ldr
0 8230_B.LDR
0 ROTATION CENTER 0 0 0 1 "Custom" 
0 ROTATION CONFIG 0 0
1 0 -55 -51 -128.9 0.998017 -0.0573717 0.0258972 -0.0253923 0.00950994 0.999633 -0.0575965 -0.998307 0.00803549 2709.dat
1 0 -52.305 -50.746 -169.121 0.998017 -0.0402129 0.0484262 -0.00251628 0.743232 0.669029 -0.0628951 -0.667824 0.741657 2704.dat
1 0 -40 -67 -129.9 1 0 0 0 1 0 0 0 1 2699.dat
1 0 -25 -51 -128.9 1 0 0 0 0 1 0 -1 0 2703.dat
1 0 -30 -50.999 -168.903 1 0 0 0 0.75471 0.656058 0 -0.656058 0.75471 2704.dat
1 0 -30 -20.812 -195.142 1 0 0 0 0.75471 0.656058 0 -0.656058 0.75471 2706.dat
1 0 -53.914 -21.017 -195.832 0.998017 -0.0402129 0.0484262 -0.00251628 0.743232 0.669029 -0.0628951 -0.667824 0.741657 2706.dat
1 7 -40 -67 -130 1 0 0 0 1 0 0 0 1 2698p03.dat
1 0 -40 -67 -129.9 1 0 0 0 1 0 0 0 1 2710.dat
1 0 -66.2 -113 -129.9 0.891007 0 0.453991 0.0553275 0.992546 -0.108586 -0.450607 0.121869 0.884365 2700.dat
1 0 -66.2 -113 -129.9 0.906308 0 0.422618 0.0515042 0.992546 -0.110451 -0.419468 0.121869 0.899552 2705.dat
1 0 -66.2 -113 -129.9 0 0 1 0.121869 0.992546 0 -0.992546 0.121869 0 2701.dat
1 14 -3.3515 -110.773 -190.723 -0.9892 -0.00662801 0.146421 0.00918368 -1 0.0167851 0.146283 0.0179485 0.98908 2702.dat
1 0 -13.8 -113 -129.9 0 0 -1 -0.104528 0.994522 0 0.994522 0.104528 0 2701.dat
1 0 1.7 -110.194 -156.6 0.850114 0.165245 0.5 0.13846 -0.986222 0.0905241 0.50807 -0.00772588 -0.861281 2705.dat
1 0 -13.8 -113 -129.9 -0.866025 0 -0.5 0.0522641 -0.994522 -0.0905241 -0.497261 -0.104528 0.861281 2700.dat
1 0 -80.2737 -109.634 -157.315 -0.771634 0.445503 0.453991 -0.544188 -0.831906 -0.108586 0.329302 -0.330845 0.884365 2701.dat
1 0 1.7 -110.194 -156.6 0.975322 -0.165245 0.146421 0.164572 0.986222 0.0167851 -0.147177 0.00772588 0.98908 2700.dat
1 0 -80.2737 -109.634 -157.315 -0.771634 0.445503 0.453991 -0.544188 -0.831906 -0.108586 0.329302 -0.330845 0.884365 2705.dat
1 0 -80.2737 -109.634 -157.315 -0.870435 0.445503 -0.209449 -0.316026 -0.831906 -0.456135 -0.377451 -0.330845 0.864911 2700.dat
1 14 -73.0477 -93.897 -187.155 0.968055 -0.137846 -0.209449 0.027966 0.889471 -0.456135 0.249175 0.435706 0.864911 2702.dat
1 6 -40 -163 -129.9 1 0 0 0 1 0 0 0 1 2708.dat
1 1 -40 -151.192 -127.892 1 0 0 0 0.996004 0.0958876 0 -0.0958876 0.996004 2715.dat
1 39 -40 -151.192 -127.892 1 0 0 0 0.996004 0.0958876 0 -0.0958876 0.996004 2716.dat
1 0 -13.8 -113 -129.9 0.0174524 0 1 0.104512 0.994522 -0.00182427 -0.99437 0.104528 0.0173568 2705.dat
1 0 1.7 -110.194 -156.6 0.850114 -0.165245 -0.5 0.13846 0.986222 -0.0905241 0.50807 0.00772588 0.861281 2701.dat
1 14 -40 -121 -129.9 1 0 0 0 1 0 0 0 1 2707p02.dat
0 
0
0 FILE flex.ldr
0 8230_B
0 Name: flex.ldr
0 Author: marco
0 ROTATION CENTER 0 0 0 1 "Custom" 
0 ROTATION CONFIG 0 0
0 MLCAD FLEXHOSE 8 0 0.8 0 1 0 0 0 1 0 0 0 1  30 -154 -60  0 60 60 30 -31 -190 0 90 60 300 LS51.dat LS51.dat 0
0 MLCAD SKIP_BEGIN
1 8 30 -153.2 -60 1 -8.46761e-015 -8.36424e-015 0 0.702751 -0.711436 1.19021e-014 0.711436 0.702751 LS51.dat
1 8 30 -153.79 -60.597 1 1.2701e-014 1.224e-014 0 0.693917 -0.720055 -1.7639e-014 0.720055 0.693917 LS51.dat
1 8 30 -154.372 -61.2012 1 0 0 0 0.684913 -0.728625 0 0.728625 0.684913 LS51.dat
1 8 30 -154.947 -61.8127 1 -4.23369e-015 -3.88105e-015 0 0.67574 -0.73714 5.74341e-015 0.73714 0.67574 LS51.dat
1 8 30 -155.514 -62.4312 1 4.23381e-015 3.78413e-015 0 0.666402 -0.745593 -5.67845e-015 0.745593 0.666402 LS51.dat
1 8 30 -156.073 -63.0569 1 -1.2702e-014 -1.10665e-014 0 0.656899 -0.753978 1.68466e-014 0.753978 0.656899 LS51.dat
1 8 30 -156.624 -63.6895 1 8.46844e-015 7.19026e-015 0 0.647235 -0.762291 -1.11092e-014 0.762291 0.647235 LS51.dat
1 8 30 -157.167 -64.3291 1 1.27035e-014 1.05089e-014 0 0.637411 -0.770524 -1.64869e-014 0.770524 0.637411 LS51.dat
1 8 30 -157.702 -64.9756 1 -1.27045e-014 -1.02369e-014 0 0.627432 -0.778671 1.63156e-014 0.778671 0.627432 LS51.dat
1 8 30 -158.228 -65.6288 1 0 0 0 0.6173 -0.786728 0 0.786728 0.6173 LS51.dat
1 8 30 -158.746 -66.2888 1 -4.23556e-015 -3.23532e-015 0 0.60702 -0.794687 5.32985e-015 0.794687 0.60702 LS51.dat
1 8 30 -159.255 -66.9554 1 8.47192e-015 6.29785e-015 0 0.596594 -0.802543 -1.05563e-014 0.802543 0.596594 LS51.dat
1 8 30 -159.756 -67.6285 1 4.23637e-015 3.06387e-015 0 0.586027 -0.810292 -5.2282e-015 0.810292 0.586027 LS51.dat
1 8 30 -160.247 -68.308 1 -4.23679e-015 -2.98012e-015 0 0.575323 -0.817927 5.17991e-015 0.817927 0.575323 LS51.dat
1 8 30 -160.73 -68.9939 1 -8.4744e-015 -5.7953e-015 0 0.564486 -0.825442 1.02665e-014 0.825442 0.564486 LS51.dat
1 8 30 -161.203 -69.686 1 8.47522e-015 5.63285e-015 0 0.553523 -0.832834 -1.01764e-014 0.832834 0.553523 LS51.dat
1 8 30 -161.667 -70.3842 1 -8.47601e-015 -5.47282e-015 0 0.542437 -0.840097 1.00893e-014 0.840097 0.542437 LS51.dat
1 8 30 -162.122 -71.0884 1 0 0 0 0.531234 -0.847225 0 0.847225 0.531234 LS51.dat
1 8 30 -162.567 -71.7986 1 8.47748e-015 5.15982e-015 0 0.519919 -0.854216 -9.92428e-015 0.854216 0.519919 LS51.dat
1 8 30 -163.003 -72.5146 1 -4.23907e-015 -2.50336e-015 0 0.508497 -0.861064 4.92306e-015 0.861064 0.508497 LS51.dat
1 8 30 -163.429 -73.2362 1 -8.47873e-015 -4.85583e-015 0 0.496975 -0.867765 9.77077e-015 0.867765 0.496975 LS51.dat
1 8 30 -163.845 -73.9634 1 1.27189e-014 7.06062e-015 0 0.485358 -0.874315 -1.45472e-014 0.874315 0.485358 LS51.dat
1 8 30 -164.252 -74.6961 1 -8.4797e-015 -4.56044e-015 0 0.473653 -0.880712 9.62823e-015 0.880712 0.473653 LS51.dat
1 8 30 -164.649 -75.4341 1 0 0 0 0.461864 -0.886951 0 0.886951 0.461864 LS51.dat
1 8 30 -165.036 -76.1772 1 4.24017e-015 2.13663e-015 0 0.449999 -0.893029 -4.74808e-015 0.893029 0.449999 LS51.dat
1 8 30 -165.413 -76.9255 1 -4.24026e-015 -2.06632e-015 0 0.438064 -0.898944 4.71694e-015 0.898944 0.438064 LS51.dat
1 8 30 -165.78 -77.6787 1 0 0 0 0.426064 -0.904693 0 0.904693 0.426064 LS51.dat
1 8 30 -166.137 -78.4367 1 4.2403e-015 1.92856e-015 0 0.414007 -0.910274 -4.65827e-015 0.910274 0.414007 LS51.dat
1 8 30 -166.484 -79.1993 1 -4.24025e-015 -1.86106e-015 0 0.401898 -0.915685 4.63069e-015 0.915685 0.401898 LS51.dat
1 8 30 -166.821 -79.9665 1 4.24014e-015 1.79447e-015 0 0.389743 -0.920924 -4.60423e-015 0.920924 0.389743 LS51.dat
1 8 30 -167.147 -80.7382 1 8.47997e-015 3.4575e-015 0 0.37755 -0.925989 -9.15774e-015 0.925989 0.37755 LS51.dat
1 8 30 -167.464 -81.514 1 -1.27193e-014 -4.9917e-015 0 0.365324 -0.930881 1.36638e-014 0.930881 0.365324 LS51.dat
1 8 30 -167.77 -82.2941 1 8.47903e-015 3.19977e-015 0 0.353071 -0.935597 -9.0627e-015 0.935597 0.353071 LS51.dat
1 8 30 -168.066 -83.0781 1 -4.2392e-015 -1.5367e-015 0 0.340797 -0.940137 4.50913e-015 0.940137 0.340797 LS51.dat
1 8 30 -168.351 -83.866 1 -4.23884e-015 -1.47432e-015 0 0.328509 -0.944501 4.48792e-015 0.944501 0.328509 LS51.dat
1 8 30 -168.627 -84.6576 1 4.23843e-015 1.41274e-015 0 0.316213 -0.948688 -4.46767e-015 0.948688 0.316213 LS51.dat
1 8 30 -168.892 -85.4528 1 -4.23797e-015 -1.35192e-015 0 0.303913 -0.9527 4.44838e-015 0.9527 0.303913 LS51.dat
1 8 30 -169.146 -86.2515 1 8.47493e-015 2.58373e-015 0 0.291616 -0.956535 -8.86003e-015 0.956535 0.291616 LS51.dat
1 8 30 -169.391 -87.0534 1 4.23692e-015 1.23255e-015 0 0.279328 -0.960196 -4.41255e-015 0.960196 0.279328 LS51.dat
1 8 30 -169.625 -87.8586 1 -1.2709e-014 -3.52187e-015 0 0.267053 -0.963682 1.31879e-014 0.963682 0.267053 LS51.dat
1 8 30 -169.849 -88.6667 1 4.23569e-015 1.11608e-015 0 0.254797 -0.966995 -4.38026e-015 0.966995 0.254797 LS51.dat
1 8 30 -170.063 -89.4778 1 0 0 0 0.242564 -0.970135 0 0.970135 0.242564 LS51.dat
1 8 30 -170.266 -90.2917 1 -8.46863e-015 -2.00476e-015 0 0.230361 -0.973105 8.70269e-015 0.973105 0.230361 LS51.dat
1 8 30 -170.46 -91.1081 1 8.46715e-015 1.89306e-015 0 0.218191 -0.975906 -8.67619e-015 0.975906 0.218191 LS51.dat
1 8 30 -170.643 -91.9271 1 -8.46561e-015 -1.78267e-015 0 0.206058 -0.97854 8.65127e-015 0.97854 0.206058 LS51.dat
1 8 30 -170.816 -92.7484 1 8.46401e-015 1.67354e-015 0 0.193968 -0.981008 -8.62788e-015 0.981008 0.193968 LS51.dat
1 8 30 -170.978 -93.5719 1 0 0 0 0.181925 -0.983312 0 0.983312 0.181925 LS51.dat
1 8 30 -171.131 -94.3976 1 0 0 0 0.169931 -0.985456 0 0.985456 0.169931 LS51.dat
1 8 30 -171.274 -95.2252 1 4.22947e-015 6.76721e-016 0 0.157992 -0.98744 -4.28327e-015 0.98744 0.157992 LS51.dat
1 8 30 -171.407 -96.0546 1 4.22859e-015 6.2454e-016 0 0.14611 -0.989268 -4.27446e-015 0.989268 0.14611 LS51.dat
1 8 30 -171.529 -96.8858 1 -1.26831e-014 -1.71876e-015 0 0.134288 -0.990942 1.2799e-014 0.990942 0.134288 LS51.dat
1 8 30 -171.642 -97.7185 1 1.26804e-014 1.56553e-015 0 0.122531 -0.992465 -1.27766e-014 0.992465 0.122531 LS51.dat
1 8 30 -171.745 -98.5527 1 -4.22587e-015 -4.713e-016 0 0.11084 -0.993838 4.25207e-015 0.993838 0.11084 LS51.dat
1 8 30 -171.838 -99.3882 1 4.22495e-015 4.21274e-016 0 0.0992191 -0.995066 -4.2459e-015 0.995066 0.0992191 LS51.dat
1 8 30 -171.922 -100.225 1 -1.68961e-014 -1.48701e-015 0 0.08767 -0.99615 1.69614e-014 0.99615 0.08767 LS51.dat
1 8 30 -171.996 -101.063 1 4.2231e-015 3.22718e-016 0 0.0761953 -0.997093 -4.23541e-015 0.997093 0.0761953 LS51.dat
1 8 30 -172.06 -101.902 1 8.44435e-015 5.48323e-016 0 0.0647972 -0.997898 -8.46213e-015 0.997898 0.0647972 LS51.dat
1 8 30 -172.114 -102.741 1 -4.22125e-015 -2.26066e-016 0 0.0534777 -0.998569 4.2273e-015 0.998569 0.0534777 LS51.dat
1 8 30 -172.159 -103.582 1 0 0 0 0.0422384 -0.999108 0 0.999108 0.0422384 LS51.dat
1 8 30 -172.195 -104.423 1 4.21944e-015 1.31208e-016 0 0.0310812 -0.999517 -4.22148e-015 0.999517 0.0310812 LS51.dat
1 8 30 -172.221 -105.264 1 -4.21855e-015 -8.44187e-017 0 0.0200073 -0.9998 4.21939e-015 0.9998 0.0200073 LS51.dat
1 8 30 -172.238 -106.106 1 -4.21767e-015 -3.80373e-017 0 0.0090182 -0.999959 4.21784e-015 0.999959 0.0090182 LS51.dat
1 8 30 -172.245 -106.949 1 8.43361e-015 -1.58976e-017 0 -0.00188503 -0.999998 -8.43363e-015 0.999998 -0.00188503 LS51.dat
1 8 30 -172.244 -107.791 1 -1.26479e-014 1.60659e-016 0 -0.0127014 -0.999919 1.26489e-014 0.999919 -0.0127014 LS51.dat
1 8 30 -172.233 -108.634 1 1.26454e-014 -2.96364e-016 0 -0.02343 -0.999725 -1.26489e-014 0.999725 -0.02343 LS51.dat
1 8 30 -172.213 -109.476 1 -4.21433e-015 1.43667e-016 0 -0.0340703 -0.999419 4.21678e-015 0.999419 -0.0340703 LS51.dat
1 8 30 -172.185 -110.319 1 4.21354e-015 -1.88202e-016 0 -0.0446215 -0.999004 -4.21775e-015 0.999004 -0.0446215 LS51.dat
1 8 30 -172.147 -111.161 1 -1.26384e-014 6.9722e-016 0 -0.0550832 -0.998482 1.26576e-014 0.998482 -0.0550832 LS51.dat
1 8 30 -172.1 -112.003 1 8.4241e-015 -5.52586e-016 0 -0.0654551 -0.997856 -8.44221e-015 0.997856 -0.0654551 LS51.dat
1 8 30 -172.045 -112.845 1 4.21134e-015 -3.19874e-016 0 -0.0757371 -0.997128 -4.22347e-015 0.997128 -0.0757371 LS51.dat
1 8 30 -171.981 -113.686 1 -4.21066e-015 3.63161e-016 0 -0.0859289 -0.996301 4.22629e-015 0.996301 -0.0859289 LS51.dat
1 8 30 -171.909 -114.527 1 -8.42002e-015 8.12334e-016 0 -0.0960306 -0.995378 8.45912e-015 0.995378 -0.0960306 LS51.dat
1 8 30 -171.828 -115.367 1 1.68376e-014 -1.79562e-015 0 -0.106042 -0.994362 -1.6933e-014 0.994362 -0.106042 LS51.dat
1 8 30 -171.738 -116.206 1 -8.41759e-015 9.82768e-016 0 -0.115964 -0.993253 8.47477e-015 0.993253 -0.115964 LS51.dat
1 8 30 -171.64 -117.044 1 0 -0 0 -0.125796 -0.992056 0 0.992056 -0.125796 LS51.dat
1 8 30 -171.534 -117.882 1 -1.26231e-014 1.72686e-015 0 -0.135539 -0.990772 1.27407e-014 0.990772 -0.135539 LS51.dat
1 8 30 -171.42 -118.718 1 2.10361e-014 -3.08701e-015 0 -0.145193 -0.989403 -2.12614e-014 0.989403 -0.145193 LS51.dat
1 8 30 -171.297 -119.554 1 -8.41349e-015 1.31794e-015 0 -0.154759 -0.987952 8.51609e-015 0.987952 -0.154759 LS51.dat
1 8 30 -171.167 -120.388 1 4.20631e-015 -7.00343e-016 0 -0.164237 -0.986421 -4.26422e-015 0.986421 -0.164237 LS51.dat
1 8 30 -171.028 -121.221 1 -4.20592e-015 7.41528e-016 0 -0.173628 -0.984811 4.27078e-015 0.984811 -0.173628 LS51.dat
1 8 30 -170.881 -122.053 1 0 -0 0 -0.182933 -0.983125 0 0.983125 -0.182933 LS51.dat
1 8 30 -170.727 -122.884 1 4.20522e-015 -8.23383e-016 0 -0.192152 -0.981365 -4.28507e-015 0.981365 -0.192152 LS51.dat
1 8 30 -170.564 -123.713 1 4.20492e-015 -8.64075e-016 0 -0.201285 -0.979533 -4.29278e-015 0.979533 -0.201285 LS51.dat
1 8 30 -170.394 -124.54 1 -2.10233e-014 4.52312e-015 0 -0.210335 -0.977629 2.15044e-014 0.977629 -0.210335 LS51.dat
1 8 30 -170.216 -125.367 1 2.10221e-014 -4.72522e-015 0 -0.219302 -0.975657 -2.15466e-014 0.975657 -0.219302 LS51.dat
1 8 30 -170.031 -126.191 1 -8.40846e-015 1.97068e-015 0 -0.228186 -0.973618 8.63631e-015 0.973618 -0.228186 LS51.dat
1 8 30 -169.838 -127.014 1 8.40813e-015 -2.05106e-015 0 -0.236989 -0.971512 -8.65468e-015 0.971512 -0.236989 LS51.dat
1 8 30 -169.638 -127.835 1 -8.40787e-015 2.13124e-015 0 -0.245711 -0.969343 8.67378e-015 0.969343 -0.245711 LS51.dat
1 8 30 -169.43 -128.654 1 4.20383e-015 -1.10562e-015 0 -0.254354 -0.967111 -4.34679e-015 0.967111 -0.254354 LS51.dat
1 8 30 -169.215 -129.471 1 4.20377e-015 -1.14555e-015 0 -0.262918 -0.964818 -4.35706e-015 0.964818 -0.262918 LS51.dat
1 8 30 -168.993 -130.287 1 -8.40746e-015 2.37082e-015 0 -0.271406 -0.962465 8.73534e-015 0.962465 -0.271406 LS51.dat
1 8 30 -168.764 -131.1 1 0 -0 0 -0.279816 -0.960054 0 0.960054 -0.279816 LS51.dat
1 8 30 -168.527 -131.911 1 8.4075e-015 -2.52994e-015 0 -0.288152 -0.957585 -8.7799e-015 0.957585 -0.288152 LS51.dat
1 8 30 -168.284 -132.721 1 -1.26114e-014 3.91409e-015 0 -0.296413 -0.95506 1.32048e-014 0.95506 -0.296413 LS51.dat
1 8 30 -168.033 -133.528 1 0 -0 0 -0.304601 -0.95248 0 0.95248 -0.304601 LS51.dat
1 8 30 -167.776 -134.333 1 8.40801e-015 -2.76816e-015 0 -0.312717 -0.949846 -8.85197e-015 0.949846 -0.312717 LS51.dat
1 8 30 -167.512 -135.135 1 0 -0 0 -0.320763 -0.94716 0 0.94716 -0.320763 LS51.dat
1 8 30 -167.241 -135.936 1 -4.20432e-015 1.46346e-015 0 -0.328738 -0.944421 4.45174e-015 0.944421 -0.328738 LS51.dat
1 8 30 -166.963 -136.734 1 8.40902e-015 -3.00633e-015 0 -0.336645 -0.941632 -8.93027e-015 0.941632 -0.336645 LS51.dat
1 8 30 -166.678 -137.53 1 0 -0 0 -0.344484 -0.938792 0 0.938792 -0.344484 LS51.dat
1 8 30 -166.387 -138.323 1 -8.40996e-015 3.16536e-015 0 -0.352257 -0.935903 8.98593e-015 0.935903 -0.352257 LS51.dat
1 8 30 -166.09 -139.113 1 -4.20525e-015 1.62251e-015 0 -0.359965 -0.932966 4.5074e-015 0.932966 -0.359965 LS51.dat
1 8 30 -165.786 -139.902 1 1.26166e-014 -4.98718e-015 0 -0.367608 -0.929981 -1.35666e-014 0.929981 -0.367608 LS51.dat
1 8 30 -165.475 -140.687 1 -8.41173e-015 3.4047e-015 0 -0.375189 -0.926949 9.07465e-015 0.926949 -0.375189 LS51.dat
1 8 30 -165.158 -141.47 1 4.20621e-015 -1.74239e-015 0 -0.382707 -0.92387 -4.55281e-015 0.92387 -0.382707 LS51.dat
1 8 30 -164.835 -142.251 1 -1.26197e-014 5.34758e-015 0 -0.390164 -0.920745 1.3706e-014 0.920745 -0.390164 LS51.dat
1 8 30 -164.505 -143.028 1 4.20695e-015 -1.82276e-015 0 -0.397562 -0.917575 -4.58485e-015 0.917575 -0.397562 LS51.dat
1 8 30 -164.17 -143.803 1 8.4147e-015 -3.72623e-015 0 -0.404901 -0.914361 -9.20282e-015 0.914361 -0.404901 LS51.dat
1 8 30 -163.828 -144.575 1 -8.41554e-015 3.80719e-015 0 -0.412182 -0.911102 9.23666e-015 0.911102 -0.412182 LS51.dat
1 8 30 -163.48 -145.344 1 8.41642e-015 -3.88842e-015 0 -0.419407 -0.907798 -9.27124e-015 0.907798 -0.419407 LS51.dat
1 8 30 -163.126 -146.111 1 -8.41733e-015 3.96995e-015 0 -0.426576 -0.904452 9.30655e-015 0.904452 -0.426576 LS51.dat
1 8 30 -162.766 -146.874 1 4.20913e-015 -2.0259e-015 0 -0.43369 -0.901062 -4.6713e-015 0.901062 -0.43369 LS51.dat
1 8 30 -162.399 -147.635 1 0 -0 0 -0.440751 -0.897629 0 0.897629 -0.440751 LS51.dat
1 8 30 -162.028 -148.392 1 4.21012e-015 -2.10828e-015 0 -0.44776 -0.894154 -4.7085e-015 0.894154 -0.44776 LS51.dat
1 8 30 -161.65 -149.147 1 -1.26319e-014 6.44925e-015 0 -0.454717 -0.890636 1.4183e-014 0.890636 -0.454717 LS51.dat
1 8 30 -161.266 -149.898 1 4.21117e-015 -2.19144e-015 0 -0.461623 -0.887076 -4.74724e-015 0.887076 -0.461623 LS51.dat
1 8 30 -160.877 -150.647 1 0 -0 0 -0.46848 -0.883474 0 0.883474 -0.46848 LS51.dat
1 8 30 -160.481 -151.392 1 0 -0 0 -0.475288 -0.87983 0 0.87983 -0.475288 LS51.dat
1 8 30 -160.081 -152.134 1 -8.42564e-015 4.63573e-015 0 -0.482048 -0.876145 9.61673e-015 0.876145 -0.482048 LS51.dat
1 8 30 -159.674 -152.873 1 1.26402e-014 -7.08152e-015 0 -0.488762 -0.872417 -1.44887e-014 0.872417 -0.488762 LS51.dat
1 8 30 -159.262 -153.609 1 -8.42795e-015 4.80685e-015 0 -0.49543 -0.868648 9.70238e-015 0.868648 -0.49543 LS51.dat
1 8 30 -158.844 -154.341 1 8.42913e-015 -4.89325e-015 0 -0.502053 -0.864837 -9.74649e-015 0.864837 -0.502053 LS51.dat
1 8 30 -158.421 -155.07 1 0 -0 0 -0.508631 -0.860984 0 0.860984 -0.508631 LS51.dat
1 8 30 -157.992 -155.796 1 -4.21576e-015 2.53395e-015 0 -0.515167 -0.85709 4.91869e-015 0.85709 -0.515167 LS51.dat
1 8 30 -157.558 -156.518 1 1.26491e-014 -7.73429e-015 0 -0.52166 -0.853154 -1.48263e-014 0.853154 -0.52166 LS51.dat
1 8 30 -157.119 -157.237 1 -8.43398e-015 5.24517e-015 0 -0.528111 -0.849176 9.93196e-015 0.849176 -0.528111 LS51.dat
1 8 30 -156.674 -157.952 1 -4.21761e-015 2.66744e-015 0 -0.534521 -0.845155 4.99033e-015 0.845155 -0.534521 LS51.dat
1 8 30 -156.223 -158.664 1 4.21823e-015 -2.71267e-015 0 -0.540891 -0.841093 -5.01518e-015 0.841093 -0.540891 LS51.dat
1 8 30 -155.768 -159.373 1 8.43771e-015 -5.51657e-015 0 -0.547222 -0.836988 -1.0081e-014 0.836988 -0.547222 LS51.dat
1 8 30 -155.307 -160.077 1 4.21949e-015 -2.80431e-015 0 -0.553514 -0.83284 -5.06638e-015 0.83284 -0.553514 LS51.dat
1 8 30 -154.841 -160.779 1 -1.68805e-014 1.14031e-014 0 -0.559768 -0.828649 2.03711e-014 0.828649 -0.559768 LS51.dat
1 8 30 -154.37 -161.476 1 4.22075e-015 -2.89766e-015 0 -0.565985 -0.824416 -5.11968e-015 0.824416 -0.565985 LS51.dat
1 8 30 -153.893 -162.17 1 0 -0 0 -0.572165 -0.820139 0 0.820139 -0.572165 LS51.dat
1 8 30 -153.412 -162.86 1 8.44402e-015 -5.98572e-015 0 -0.578309 -0.815818 -1.03504e-014 0.815818 -0.578309 LS51.dat
1 8 30 -152.925 -163.547 1 -1.68906e-014 1.21648e-014 0 -0.584418 -0.811453 2.08152e-014 0.811453 -0.584418 LS51.dat
1 8 30 -152.433 -164.23 1 4.22327e-015 -3.09006e-015 0 -0.590492 -0.807043 -5.23302e-015 0.807043 -0.590492 LS51.dat
1 8 30 -151.937 -164.908 1 1.26717e-014 -9.41836e-015 0 -0.596532 -0.802589 -1.57885e-014 0.802589 -0.596532 LS51.dat
1 8 30 -151.435 -165.584 1 -8.44905e-015 6.37883e-015 0 -0.602539 -0.79809 1.05866e-014 0.79809 -0.602539 LS51.dat
1 8 30 -150.928 -166.255 1 -4.22515e-015 3.23996e-015 0 -0.608512 -0.793545 5.3244e-015 0.793545 -0.608512 LS51.dat
1 8 30 -150.417 -166.922 1 8.45153e-015 -6.58222e-015 0 -0.614453 -0.788954 -1.07123e-014 0.788954 -0.614453 LS51.dat
1 8 30 -149.9 -167.585 1 -4.22638e-015 3.34289e-015 0 -0.620361 -0.784316 5.38862e-015 0.784316 -0.620361 LS51.dat
1 8 30 -149.379 -168.245 1 0 -0 0 -0.626239 -0.779631 0 0.779631 -0.626239 LS51.dat
1 8 30 -148.852 -168.9 1 8.45519e-015 -6.89689e-015 0 -0.632085 -0.774899 -1.09113e-014 0.774899 -0.632085 LS51.dat
1 8 30 -148.321 -169.551 1 -4.22819e-015 3.50227e-015 0 -0.6379 -0.770119 5.49031e-015 0.770119 -0.6379 LS51.dat
1 8 30 -147.785 -170.198 1 -4.22878e-015 3.55682e-015 0 -0.643685 -0.765291 5.52572e-015 0.765291 -0.643685 LS51.dat
1 8 30 -147.244 -170.841 1 4.22937e-015 -3.61214e-015 0 -0.64944 -0.760413 -5.56194e-015 0.760413 -0.64944 LS51.dat
1 8 30 -146.699 -171.48 1 -8.45989e-015 7.3365e-015 0 -0.655165 -0.755486 1.11979e-014 0.755486 -0.655165 LS51.dat
1 8 30 -146.148 -172.114 1 0 -0 0 -0.660861 -0.750508 0 0.750508 -0.660861 LS51.dat
1 8 30 -145.593 -172.745 1 4.23108e-015 -3.78297e-015 0 -0.666528 -0.74548 -5.67564e-015 0.74548 -0.666528 LS51.dat
1 8 30 -145.034 -173.371 1 0 -0 0 -0.672166 -0.7404 0 0.7404 -0.672166 LS51.dat
1 8 30 -144.47 -173.992 1 0 -0 0 -0.677776 -0.735268 0 0.735268 -0.677776 LS51.dat
1 8 30 -143.901 -174.609 1 -8.46542e-015 7.92362e-015 0 -0.683357 -0.730084 1.15951e-014 0.730084 -0.683357 LS51.dat
1 8 30 -143.327 -175.222 1 8.46647e-015 -8.04673e-015 0 -0.688911 -0.724846 -1.16804e-014 0.724846 -0.688911 LS51.dat
1 8 30 -142.749 -175.83 1 0 -0 0 -0.694436 -0.719554 0 0.719554 -0.694436 LS51.dat
1 8 30 -142.166 -176.434 1 4.23425e-015 -4.14963e-015 0 -0.699934 -0.714208 -5.9286e-015 0.714208 -0.699934 LS51.dat
1 8 30 -141.579 -177.034 1 -4.23474e-015 4.21442e-015 0 -0.705404 -0.708806 5.97448e-015 0.708806 -0.705404 LS51.dat
1 8 30 -140.987 -177.628 1 -4.23522e-015 4.28038e-015 0 -0.710846 -0.703347 6.02153e-015 0.703347 -0.710846 LS51.dat
1 8 30 -140.391 -178.218 1 4.23569e-015 -4.34755e-015 0 -0.716261 -0.697832 -6.06979e-015 0.697832 -0.716261 LS51.dat
1 8 30 -139.79 -178.803 1 0 -0 0 -0.721648 -0.69226 0 0.69226 -0.721648 LS51.dat
1 8 30 -139.185 -179.384 1 4.23659e-015 -4.48574e-015 0 -0.727008 -0.686629 -6.17013e-015 0.686629 -0.727008 LS51.dat
1 8 30 -138.575 -179.96 1 -4.23702e-015 4.55686e-015 0 -0.73234 -0.680939 6.22232e-015 0.680939 -0.73234 LS51.dat
1 8 30 -137.961 -180.531 1 0 -0 0 -0.737645 -0.675189 0 0.675189 -0.737645 LS51.dat
1 8 30 -137.343 -181.097 1 8.47568e-015 -9.40687e-015 0 -0.742921 -0.669379 -1.2662e-014 0.669379 -0.742921 LS51.dat
1 8 30 -136.72 -181.658 1 -8.47645e-015 9.55804e-015 0 -0.74817 -0.663507 1.27752e-014 0.663507 -0.74817 LS51.dat
1 8 30 -136.093 -182.214 1 0 -0 0 -0.75339 -0.657573 0 0.657573 -0.75339 LS51.dat
1 8 30 -135.461 -182.765 1 -4.23896e-015 4.93511e-015 0 -0.758583 -0.651577 6.50569e-015 0.651577 -0.758583 LS51.dat
1 8 30 -134.825 -183.312 1 0 -0 0 -0.763747 -0.645516 0 0.645516 -0.763747 LS51.dat
1 8 30 -134.185 -183.852 1 4.23962e-015 -5.09824e-015 0 -0.768881 -0.639391 -6.63072e-015 0.639391 -0.768881 LS51.dat
1 8 30 -133.541 -184.388 1 0 -0 0 -0.773987 -0.633201 0 0.633201 -0.773987 LS51.dat
1 8 30 -132.892 -184.919 1 0 -0 0 -0.779064 -0.626945 0 0.626945 -0.779064 LS51.dat
1 8 30 -132.24 -185.444 1 0 -0 0 -0.78411 -0.620622 0 0.620622 -0.78411 LS51.dat
1 8 30 -131.583 -185.964 1 -4.24076e-015 5.44827e-015 0 -0.789126 -0.614231 6.90417e-015 0.614231 -0.789126 LS51.dat
1 8 30 -130.922 -186.479 1 4.241e-015 -5.54127e-015 0 -0.794112 -0.607771 -6.97794e-015 0.607771 -0.794112 LS51.dat
1 8 30 -130.256 -186.988 1 0 -0 0 -0.799066 -0.601243 0 0.601243 -0.799066 LS51.dat
1 8 30 -129.587 -187.491 1 -4.24142e-015 5.73461e-015 0 -0.803989 -0.594644 7.13269e-015 0.594644 -0.803989 LS51.dat
1 8 30 -128.914 -187.99 1 4.2416e-015 -5.83518e-015 0 -0.808879 -0.587975 -7.21391e-015 0.587975 -0.808879 LS51.dat
1 8 30 -128.236 -188.482 1 0 -0 0 -0.813736 -0.581234 0 0.581234 -0.813736 LS51.dat
1 8 30 -127.555 -188.969 1 0 -0 0 -0.81856 -0.574421 0 0.574421 -0.81856 LS51.dat
1 8 30 -126.869 -189.45 1 0 -0 0 -0.82335 -0.567534 0 0.567534 -0.82335 LS51.dat
1 8 30 -126.179 -189.925 1 0 -0 0 -0.828104 -0.560574 0 0.560574 -0.828104 LS51.dat
1 8 30 -125.486 -190.395 1 0 -0 0 -0.832823 -0.553539 0 0.553539 -0.832823 LS51.dat
1 8 30 -124.788 -190.858 1 0 -0 0 -0.837505 -0.546429 0 0.546429 -0.837505 LS51.dat
1 8 30 -124.087 -191.316 1 0 -0 0 -0.84215 -0.539244 0 0.539244 -0.84215 LS51.dat
1 8 30 -123.382 -191.768 1 -4.24229e-015 6.75247e-015 0 -0.846756 -0.531981 7.97451e-015 0.531981 -0.846756 LS51.dat
1 8 30 -122.673 -192.213 1 0 -0 0 -0.851323 -0.524641 0 0.524641 -0.851323 LS51.dat
1 8 30 -121.96 -192.652 1 4.24224e-015 -7.01963e-015 0 -0.85585 -0.517224 -8.20193e-015 0.517224 -0.85585 LS51.dat
1 8 30 -121.243 -193.086 1 -4.24217e-015 7.16008e-015 0 -0.860336 -0.509728 8.32242e-015 0.509728 -0.860336 LS51.dat
1 8 30 -120.523 -193.512 1 0 -0 0 -0.864779 -0.502153 0 0.502153 -0.864779 LS51.dat
1 8 30 -119.798 -193.933 1 4.24196e-015 -7.45609e-015 0 -0.869179 -0.494498 -8.57832e-015 0.494498 -0.869179 LS51.dat
1 8 30 -119.07 -194.347 1 0 -0 0 -0.873534 -0.486763 0 0.486763 -0.873534 LS51.dat
1 8 30 -118.339 -194.755 1 0 -0 0 -0.877843 -0.478948 0 0.478948 -0.877843 LS51.dat
1 8 30 -117.603 -195.156 1 0 -0 0 -0.882106 -0.471052 0 0.471052 -0.882106 LS51.dat
1 8 30 -116.865 -195.551 1 0 -0 0 -0.88632 -0.463074 0 0.463074 -0.88632 LS51.dat
1 8 30 -116.122 -195.938 1 -4.24096e-015 8.29975e-015 0 -0.890484 -0.455015 9.3205e-015 0.455015 -0.890484 LS51.dat
1 8 30 -115.376 -196.32 1 4.24067e-015 -8.48943e-015 0 -0.894597 -0.446873 -9.48966e-015 0.446873 -0.894597 LS51.dat
1 8 30 -114.627 -196.694 1 4.24036e-015 -8.68719e-015 0 -0.898658 -0.438649 -9.66685e-015 0.438649 -0.898658 LS51.dat
1 8 30 -113.874 -197.061 1 -4.24001e-015 8.89362e-015 0 -0.902665 -0.430343 9.85262e-015 0.430343 -0.902665 LS51.dat
1 8 30 -113.117 -197.422 1 0 -0 0 -0.906617 -0.421954 0 0.421954 -0.906617 LS51.dat
1 8 30 -112.358 -197.776 1 0 -0 0 -0.910512 -0.413483 0 0.413483 -0.910512 LS51.dat
1 8 30 -111.595 -198.122 1 0 -0 0 -0.914348 -0.404928 0 0.404928 -0.914348 LS51.dat
1 8 30 -110.828 -198.462 1 0 -0 0 -0.918125 -0.396291 0 0.396291 -0.918125 LS51.dat
1 8 30 -110.059 -198.794 1 0 -0 0 -0.92184 -0.387571 0 0.387571 -0.92184 LS51.dat
1 8 30 -109.286 -199.119 1 0 -0 0 -0.925491 -0.378769 0 0.378769 -0.925491 LS51.dat
1 8 30 -108.51 -199.436 1 -4.23665e-015 1.06416e-014 0 -0.929078 -0.369884 1.1454e-014 0.369884 -0.929078 LS51.dat
1 8 30 -107.731 -199.746 1 4.23603e-015 -1.09457e-014 0 -0.932598 -0.360918 -1.17368e-014 0.360918 -0.932598 LS51.dat
1 8 30 -106.949 -200.049 1 0 -0 0 -0.936049 -0.351869 0 0.351869 -0.936049 LS51.dat
1 8 30 -106.163 -200.344 1 0 -0 0 -0.93943 -0.34274 0 0.34274 -0.93943 LS51.dat
1 8 30 -105.375 -200.632 1 0 -0 0 -0.94274 -0.33353 0 0.33353 -0.94274 LS51.dat
1 8 30 -104.584 -200.912 1 0 -0 0 -0.945975 -0.32424 0 0.32424 -0.945975 LS51.dat
1 8 30 -103.79 -201.184 1 0 -0 0 -0.949135 -0.31487 0 0.31487 -0.949135 LS51.dat
1 8 30 -102.994 -201.448 1 0 -0 0 -0.952217 -0.305422 0 0.305422 -0.952217 LS51.dat
1 8 30 -102.194 -201.705 1 0 -0 0 -0.95522 -0.295897 0 0.295897 -0.95522 LS51.dat
1 8 30 -101.392 -201.953 1 0 -0 0 -0.958142 -0.286295 0 0.286295 -0.958142 LS51.dat
1 8 30 -100.587 -202.193 1 0 -0 0 -0.96098 -0.276617 0 0.276617 -0.96098 LS51.dat
1 8 30 -99.78 -202.426 1 0 -0 0 -0.963734 -0.266865 0 0.266865 -0.963734 LS51.dat
1 8 30 -98.97 -202.65 1 0 -0 0 -0.966401 -0.25704 0 0.25704 -0.966401 LS51.dat
1 8 30 -98.1577 -202.866 1 0 -0 0 -0.968979 -0.247143 0 0.247143 -0.968979 LS51.dat
1 8 30 -97.343 -203.074 1 0 -0 0 -0.971467 -0.237175 0 0.237175 -0.971467 LS51.dat
1 8 30 -96.5261 -203.273 1 0 -0 0 -0.973862 -0.227139 0 0.227139 -0.973862 LS51.dat
1 8 30 -95.7068 -203.465 1 0 -0 0 -0.976164 -0.217036 0 0.217036 -0.976164 LS51.dat
1 8 30 -94.8854 -203.647 1 0 -0 0 -0.978369 -0.206868 0 0.206868 -0.978369 LS51.dat
1 8 30 -94.0619 -203.821 1 0 -0 0 -0.980476 -0.196637 0 0.196637 -0.980476 LS51.dat
1 8 30 -93.2364 -203.987 1 0 -0 0 -0.982485 -0.186344 0 0.186344 -0.982485 LS51.dat
1 8 30 -92.409 -204.144 1 4.21693e-015 -2.35869e-014 0 -0.984392 -0.175992 -2.39609e-014 0.175992 -0.984392 LS51.dat
1 8 30 -91.5796 -204.292 1 4.21554e-015 -2.51072e-014 0 -0.986196 -0.165584 -2.54587e-014 0.165584 -0.986196 LS51.dat
1 8 30 -90.7485 -204.432 1 -8.4282e-015 5.36757e-014 0 -0.987896 -0.15512 5.43334e-014 0.15512 -0.987896 LS51.dat
1 8 30 -89.9157 -204.562 1 0 -0 0 -0.98949 -0.144605 0 0.144605 -0.98949 LS51.dat
1 8 30 -89.0812 -204.684 1 0 -0 0 -0.990976 -0.134039 0 0.134039 -0.990976 LS51.dat
1 8 30 -88.2451 -204.797 1 0 -0 0 -0.992354 -0.123427 0 0.123427 -0.992354 LS51.dat
1 8 30 -87.4076 -204.902 1 0 -0 0 -0.993621 -0.11277 0 0.11277 -0.993621 LS51.dat
1 8 30 -86.5687 -204.997 1 0 -0 0 -0.994777 -0.102072 0 0.102072 -0.994777 LS51.dat
1 8 30 -85.7286 -205.083 1 0 -0 0 -0.99582 -0.091336 0 0.091336 -0.99582 LS51.dat
1 8 30 -84.8872 -205.16 1 0 -0 0 -0.996749 -0.080564 0 0.080564 -0.996749 LS51.dat
1 8 30 -84.0446 -205.228 1 4.20142e-015 -6.00805e-014 0 -0.997564 -0.0697596 -6.02272e-014 0.0697596 -0.997564 LS51.dat
1 8 30 -83.2011 -205.287 1 -4.19971e-015 7.11471e-014 0 -0.998262 -0.058926 7.12709e-014 0.058926 -0.998262 LS51.dat
1 8 30 -82.3566 -205.337 1 0 -0 0 -0.998844 -0.0480665 0 0.0480665 -0.998844 LS51.dat
1 8 30 -81.5113 -205.378 1 0 -0 0 -0.999308 -0.0371844 0 0.0371844 -0.999308 LS51.dat
1 8 30 -80.6653 -205.409 1 -4.19445e-015 1.59532e-013 0 -0.999655 -0.0262831 1.59587e-013 0.0262831 -0.999655 LS51.dat
1 8 30 -79.8186 -205.431 1 4.19266e-015 -2.72819e-013 0 -0.999882 -0.0153661 -2.72851e-013 0.0153661 -0.999882 LS51.dat
1 8 30 -78.9713 -205.445 1 4.19087e-015 -9.44506e-013 0 -0.99999 -0.00443706 -9.44515e-013 0.00443706 -0.99999 LS51.dat
1 8 30 -78.1236 -205.448 -1 -4.18959e-015 6.44482e-013 0 -0.999979 -0.00650057 6.44496e-013 -0.00650057 0.999979 LS51.dat
1 8 30 -77.2755 -205.443 1 -0 0 0 -0.999848 0.0174431 0 -0.0174431 -0.999848 LS51.dat
1 8 30 -76.4272 -205.428 1 -0 0 0 -0.999597 0.0283868 0 -0.0283868 -0.999597 LS51.dat
1 8 30 -75.5787 -205.404 1 -0 0 0 -0.999226 0.0393281 0 -0.0393281 -0.999226 LS51.dat
1 8 30 -74.7301 -205.37 -1 4.16792e-015 -8.28174e-014 0 -0.998736 -0.050263 -8.29222e-014 -0.050263 0.998736 LS51.dat
1 8 30 -73.8816 -205.328 -1 -4.19212e-015 6.83838e-014 0 -0.998126 -0.0611879 6.85122e-014 -0.0611879 0.998126 LS51.dat
1 8 30 -73.0333 -205.276 1 -0 0 0 -0.997397 0.0720991 0 -0.0720991 -0.997397 LS51.dat
1 8 30 -72.1852 -205.214 1 -0 0 0 -0.99655 0.0829925 0 -0.0829925 -0.99655 LS51.dat
1 8 30 -71.3375 -205.144 1 -0 0 0 -0.995585 0.0938646 0 -0.0938646 -0.995585 LS51.dat
1 8 30 -70.4903 -205.064 1 -0 0 0 -0.994503 0.104712 0 -0.104712 -0.994503 LS51.dat
1 8 30 -69.6436 -204.975 1 -0 0 0 -0.993304 0.115529 0 -0.115529 -0.993304 LS51.dat
1 8 30 -68.7976 -204.876 1 -0 0 0 -0.99199 0.126315 0 -0.126315 -0.99199 LS51.dat
1 8 30 -67.9524 -204.769 1 -0 0 0 -0.990562 0.137063 0 -0.137063 -0.990562 LS51.dat
1 8 30 -67.108 -204.652 -1 4.11621e-015 -2.75493e-014 0 -0.989021 -0.147772 -2.78552e-014 -0.147772 0.989021 LS51.dat
1 8 30 -66.2647 -204.526 -1 -4.17065e-015 2.59912e-014 0 -0.987369 -0.158437 2.63237e-014 -0.158437 0.987369 LS51.dat
1 8 30 -65.4224 -204.391 1 -0 0 0 -0.985607 0.169054 0 -0.169054 -0.985607 LS51.dat
1 8 30 -64.5814 -204.247 1 -0 0 0 -0.983736 0.179621 0 -0.179621 -0.983736 LS51.dat
1 8 30 -63.7417 -204.093 1 -0 0 0 -0.981758 0.190133 0 -0.190133 -0.981758 LS51.dat
1 8 30 -62.9034 -203.931 1 -0 0 0 -0.979676 0.200587 0 -0.200587 -0.979676 LS51.dat
1 8 30 -62.0666 -203.76 1 -0 0 0 -0.97749 0.210981 0 -0.210981 -0.97749 LS51.dat
1 8 30 -61.2314 -203.579 -1 -4.15491e-015 1.83087e-014 0 -0.975204 -0.221309 1.87742e-014 -0.221309 0.975204 LS51.dat
1 8 30 -60.398 -203.39 -1 4.08517e-015 -1.71616e-014 0 -0.972818 -0.231571 -1.76411e-014 -0.231571 0.972818 LS51.dat
1 8 30 -59.5664 -203.192 1 -0 0 0 -0.970336 0.241762 0 -0.241762 -0.970336 LS51.dat
1 8 30 -58.7367 -202.986 1 -0 0 0 -0.967759 0.251879 0 -0.251879 -0.967759 LS51.dat
1 8 30 -57.9091 -202.77 1 -0 0 0 -0.96509 0.26192 0 -0.26192 -0.96509 LS51.dat
1 8 30 -57.0836 -202.546 1 -0 0 0 -0.962331 0.271881 0 -0.271881 -0.962331 LS51.dat
1 8 30 -56.2603 -202.313 1 -0 0 0 -0.959485 0.281761 0 -0.281761 -0.959485 LS51.dat
1 8 30 -55.4394 -202.072 -1 -4.17897e-015 1.37106e-014 0 -0.956554 -0.291556 1.43333e-014 -0.291556 0.956554 LS51.dat
1 8 30 -54.6209 -201.823 -1 4.11055e-015 -1.30104e-014 0 -0.95354 -0.301265 -1.36443e-014 -0.301265 0.95354 LS51.dat
1 8 30 -53.8049 -201.565 1 -0 0 0 -0.950448 0.310884 0 -0.310884 -0.950448 LS51.dat
1 8 30 -52.9916 -201.299 1 -0 0 0 -0.947278 0.320413 0 -0.320413 -0.947278 LS51.dat
1 8 30 -52.1809 -201.025 1 -0 0 0 -0.944034 0.329847 0 -0.329847 -0.944034 LS51.dat
