0 FILE 8232_b.ldr
0 Name: 8232_b.ldr
0 Author: marco

1 1 20 -8 -120 0 0 1 0 1 0 -1 0 0 3709b.dat
1 1 30 -32 -100 0 0 1 0 1 0 -1 0 0 3701.dat
1 4 10 -32 -200 0 0 1 0 1 0 -1 0 0 3895.dat
1 7 10 -8 -280 0 0 1 0 1 0 -1 0 0 3460.dat
1 7 10 -32 -360 0 0 1 0 1 0 -1 0 0 2743.dat
1 7 10 -56 -310 1 0 0 0 1 0 0 0 1 4286.dat
1 1 60 -32 -150 1 0 0 0 1 0 0 0 1 3701.dat
1 7 60 -8 -140 -1 0 0 0 1 0 0 0 -1 4032a.dat
1 4 60 -32 -130 -1 0 0 0 1 0 0 0 -1 3700.dat
1 4 60 -56 -150 1 0 0 0 1 0 0 0 1 3701.dat
1 4 60 -56 -130 -1 0 0 0 1 0 0 0 -1 3894.dat
1 7 60 -64 -130 -1 0 0 0 1 0 0 0 -1 3710.dat
1 7 110 -64 -130 -1 0 0 0 1 0 0 0 -1 4073.dat
1 7 10 -64 -130 -1 0 0 0 1 0 0 0 -1 4073.dat
1 7 60 -66 -150 -1 0 0 0 1 0 0 0 -1 6630.dat
1 4 60 -88 -130 -1 0 0 0 1 0 0 0 -1 3894.dat
1 7 90 -112 -130 -1 0 0 0 1 0 0 0 -1 3062b.dat
1 4 110 -32 -200 0 0 1 0 1 0 -1 0 0 3895.dat
1 7 110 -8 -280 0 0 1 0 1 0 -1 0 0 3460.dat
1 1 90 -32 -100 0 0 1 0 1 0 -1 0 0 3701.dat
1 1 100 -8 -120 0 0 1 0 1 0 -1 0 0 3709b.dat
1 7 110 -32 -360 0 0 1 0 1 0 -1 0 0 2743.dat
1 7 110 -56 -310 1 0 0 0 1 0 0 0 1 4286.dat
1 7 70 -112 -160 0 0 1 0 1 0 -1 0 0 3659.dat
1 7 60 -120 -140 0 0 1 0 1 0 -1 0 0 3709b.dat
1 7 50 -112 -160 0 0 1 0 1 0 -1 0 0 3659.dat
1 7 60 -144 -160 -1 0 0 0 1 0 0 0 -1 3062b.dat
1 7 60 -144 -140 -1 0 0 0 1 0 0 0 -1 3062b.dat
1 7 60 -144 -120 -1 0 0 0 1 0 0 0 -1 3062b.dat
1 7 60 -40 -190 -1 0 0 0 1 0 0 0 -1 3666.dat
1 4 60 -48 -190 -1 0 0 0 1 0 0 0 -1 3023.dat
1 4 60 -72 -190 -1 0 0 0 1 0 0 0 -1 3700.dat
1 4 60 -80 -190 -1 0 0 0 1 0 0 0 -1 3023.dat
1 7 60 -88 -190 -1 0 0 0 1 0 0 0 -1 3666.dat
1 0 60 -46.5 -55 -1 0 0 0 0 -1 0 -1 0 2905.dat
1 0 20 -46.5 -40 0 0 -1 0 1 0 1 0 0 3705.dat
1 0 60 -46.5 -45 -1 0 0 0 0 -1 0 -1 0 2905.dat
1 0 100 -46.5 -40 0 0 -1 0 1 0 1 0 0 3705.dat
1 7 20 -46.5 -30 -1 0 0 0 1 0 0 0 -1 3713.dat
1 7 100 -46.5 -30 -1 0 0 0 1 0 0 0 -1 3713.dat
1 4 60 -46.5 -15 -1 0 0 0 0 -1 0 -1 0 2905.dat
1 7 60 -46 -10 -1 0 0 0 0 1 0 1 0 4073.dat
1 4 60 -56 -70 -1 0 0 0 1 0 0 0 -1 3894.dat
1 7 100 -64 -70 -1 0 0 0 1 0 0 0 -1 3023.dat
1 7 40 -64 -70 -1 0 0 0 1 0 0 0 -1 3710.dat
1 1 60 -8 -70 -1 0 0 0 1 0 0 0 -1 3710.dat
1 4 60 -32 -70 -1 0 0 0 1 0 0 0 -1 3660.dat
1 1 60 -88 -70 1 0 0 0 1 0 0 0 1 3701.dat
1 4 110 -88 -70 -1 0 0 0 1 0 0 0 -1 4287.dat
1 4 110 -112 -120 0 0 1 0 1 0 -1 0 0 3702.dat
1 4 110 -112 -30 0 0 1 0 1 0 -1 0 0 3665.dat
1 4 60 -120 -40 -1 0 0 0 1 0 0 0 -1 32001.dat
1 4 10 -144 -60 0 0 1 0 1 0 -1 0 0 2743.dat
1 0 60 -152 -40 -1 0 0 0 1 0 0 0 -1 4282.dat
1 4 110 -144 -60 0 0 1 0 1 0 -1 0 0 2743.dat
1 4 60 -144 -50 -1 0 0 0 1 0 0 0 -1 3660.dat
1 7 -30 -116 -41 1 0 0 0 1 0 0 0 1 4869.dat
1 14 210 -160 -40 0 0 1 0 1 0 -1 0 0 3069b.dat
1 14 -90 -160 -40 0 0 1 0 1 0 -1 0 0 3069b.dat
1 4 10 -112 -30 0 0 -1 0 1 0 1 0 0 3665.dat
1 7 150 -118 -41 1 0 0 0 1 0 0 0 1 4869.dat
1 4 10 -88 -70 -1 0 0 0 1 0 0 0 -1 4287.dat
1 4 10 -112 -120 0 0 1 0 1 0 -1 0 0 3702.dat
1 7 90 -112 -60 0 0 1 0 1 0 -1 0 0 3700.dat
1 7 30 -112 -60 0 0 1 0 1 0 -1 0 0 3700.dat
1 7 30 -112 -140 0 0 1 0 1 0 -1 0 0 3701.dat
1 0 60 -86.5 -20 0 0.302614 -0.953113 0 0.953113 0.302614 1 0 0 3705.dat
1 7 60 -86.5 -30 -0.953113 0.302614 0 0.302614 0.953113 0 0 0 -1 3647.dat
1 7 60 -86.5 -7 0.953113 0.302614 0 -0.302614 0.953113 0 0 0 1 6589.dat
1 7 60 -46 -120 0 0 -1 0 1 0 1 0 0 3749.dat
1 4 110 -60 -190 0 -1 0 -1 0 0 0 0 -1 75535.dat
1 7 110 -80 -190 0 0 1 -1 0 0 0 -1 0 4274.dat
1 4 10 -60 -190 0 -1 0 -1 0 0 0 0 -1 75535.dat
1 7 10 -80 -190 0 0 1 -1 0 0 0 -1 0 4274.dat
1 0 20 -22 -360 -1 0 0 0 1 0 0 0 -1 2780.dat
1 0 30 -42 -360 0 0 1 0 1 0 -1 0 0 6536.dat
1 0 30 -42 -360 0 0 1 0 1 0 -1 0 0 4519.dat
1 0 30.501 -42.5 -340 0 0 1 0 1 0 -1 0 0 6536.dat
1 0 30.501 -42.5 -400 -1 0 0 0 1 0 0 0 -1 32013.dat
1 0 20 -22 -340 -1 0 0 0 1 0 0 0 -1 2780.dat
1 0 20.001 -42 -400 -1 0 0 0 1 0 0 0 -1 2780.dat
1 0 100.001 -42.5 -400 -1 0 0 0 1 0 0 0 -1 2780.dat
1 0 90.501 -42.5 -340 0 0 1 0 1 0 -1 0 0 6536.dat
1 0 90.501 -42.5 -360 0 0 1 0 1 0 -1 0 0 4519.dat
1 0 90.501 -42.5 -360 0 0 1 0 1 0 -1 0 0 6536.dat
1 0 90.501 -42.5 -400 -1 0 0 0 1 0 0 0 -1 32013.dat
1 0 100 -22 -340 -1 0 0 0 1 0 0 0 -1 2780.dat
1 0 100.001 -22 -360 -1 0 0 0 1 0 0 0 -1 2780.dat
1 0 60 -62 -190 0 0 1 0 1 0 -1 0 0 4519.dat
1 7 60 -62 -170 -1 0 0 0 1 0 0 0 -1 4019.dat
1 7 60 -62 -208.2 -1 0 0 0 1 0 0 0 -1 3650c.dat
1 0 100 -78 -140 0 0 -1 0 1 0 1 0 0 6628.dat
1 0 20 -78 -140 0 0 -1 0 1 0 1 0 0 6628.dat
1 0 20 -102 -160 -1 0 0 0 1 0 0 0 -1 2780.dat
1 0 10 -22 -120 1 0 0 0 1 0 0 0 1 6558.dat
1 0 60 -22 -100 -1 0 0 0 1 0 0 0 -1 3707.dat
1 7 43 -22 -100 0 0 1 0 1 0 -1 0 0 6589.dat
1 7 -20 -22 -100 0 0 1 0 1 0 -1 0 0 6538b.dat
1 7 140 -22 -100 0 0 1 0 1 0 -1 0 0 6538b.dat
1 0 -50 -22 -100 -1 0 0 0 1 0 0 0 -1 4519.dat
1 0 170 -22 -100 -1 0 0 0 1 0 0 0 -1 4519.dat
1 14 -50 -22 -100 0 0 -1 0 1 0 1 0 0 3482.dat
1 14 170.25 -22 -100 0 0 1 0 1 0 -1 0 0 3482.dat
1 0 -48.619 -22.5 -100 0 0 1 0 1 0 -1 0 0 61254.dat
1 0 168.619 -22.5 -100 0 0 -1 0 1 0 1 0 0 61254.dat
1 4 -70 -32 -160 0 0 1 0 1 0 -1 0 0 3702.dat
1 7 -70 -40 -150 -1 0 0 0 1 0 0 0 -1 4073.dat
1 4 -70 -56 -90 1 0 0 0 1 0 0 0 1 4286.dat
1 0 -70 -22 -220 -1 0 0 0 1 0 0 0 -1 6558.dat
1 4 -90 -32 -300 0 0 1 0 1 0 -1 0 0 3895.dat
1 4 -90 -40 -360 0 0 1 0 1 0 -1 0 0 3710.dat
1 4 -50 -32 -300 0 0 1 0 1 0 -1 0 0 3895.dat
1 4 -50 -8 -420 0 0 1 0 1 0 -1 0 0 3710.dat
1 4 -50 -32 -460 0 0 1 0 1 0 -1 0 0 2743.dat
1 4 -70 -40 -430 0 0 1 0 1 0 -1 0 0 2450.dat
1 0 -40 -22 -200 -1 0 0 0 1 0 0 0 -1 2780.dat
1 0 -20 -22 -200 -1 0 0 0 1 0 0 0 -1 75535.dat
1 0 0 -22 -200 -1 0 0 0 1 0 0 0 -1 2780.dat
1 0 -40 -22 -260 -1 0 0 0 1 0 0 0 -1 2780.dat
1 0 -20 -22 -260 -1 0 0 0 1 0 0 0 -1 75535.dat
1 0 10 -22 -260 1 0 0 0 1 0 0 0 1 6558.dat
1 0 20 -22 -280 -1 0 0 0 1 0 0 0 -1 2780.dat
1 0 100 -22 -280 -1 0 0 0 1 0 0 0 -1 2780.dat
1 0 110 -22 -260 -1 0 0 0 1 0 0 0 -1 6558.dat
1 0 140 -22 -260 1 0 0 0 1 0 0 0 1 75535.dat
1 0 160 -22 -260 -1 0 0 0 1 0 0 0 -1 2780.dat
1 4 210 -32 -300 0 0 1 0 1 0 -1 0 0 3895.dat
1 4 210 -40 -360 0 0 1 0 1 0 -1 0 0 3710.dat
1 4 170 -32 -300 0 0 1 0 1 0 -1 0 0 3895.dat
1 4 170 -8 -420 0 0 1 0 1 0 -1 0 0 3710.dat
1 4 170 -32 -460 0 0 1 0 1 0 -1 0 0 2743.dat
1 4 190 -40 -430 1 0 0 0 1 0 0 0 1 2450.dat
1 0 160 -22 -300 -1 0 0 0 1 0 0 0 -1 2780.dat
1 0 140 -22 -300 1 0 0 0 1 0 0 0 1 75535.dat
1 0 120 -22 -300 -1 0 0 0 1 0 0 0 -1 2780.dat
1 0 160 -22 -200 -1 0 0 0 1 0 0 0 -1 2780.dat
1 0 140 -22 -200 1 0 0 0 1 0 0 0 1 75535.dat
1 0 120 -22 -200 -1 0 0 0 1 0 0 0 -1 2780.dat
1 0 190 -22 -220 1 0 0 0 1 0 0 0 1 6558.dat
1 4 190.25 -32 -160 0 0 1 0 1 0 -1 0 0 3702.dat
1 4 190 -56 -90 1 0 0 0 1 0 0 0 1 4286.dat
1 0 200 -22 -200 -1 0 0 0 1 0 0 0 -1 2780.dat
1 0 190 -22 -400 1 0 0 0 1 0 0 0 1 6558.dat
1 7 180 -22 -360 1 0 0 0 1 0 0 0 1 3749.dat
1 14 190 -22 -360 0 0 1 0 1 0 -1 0 0 3482.dat
1 0 188.619 -22.5 -360 0 0 -1 0 1 0 1 0 0 61254.dat
1 7 180 -22 -460 1 0 0 0 0 1 0 -1 0 4274.dat
1 36 188 -22 -460 0 -1 0 1 0 0 0 0 1 4073.dat
1 0 -40 -22 -300 -1 0 0 0 1 0 0 0 -1 2780.dat
1 0 -20 -22 -300 -1 0 0 0 1 0 0 0 -1 75535.dat
1 0 0 -22 -300 -1 0 0 0 1 0 0 0 -1 2780.dat
1 7 -60 -22 -360 -1 0 0 0 1 0 0 0 -1 3749.dat
1 14 -70 -22 -360 0 0 -1 0 1 0 1 0 0 3482.dat
1 0 -68.619 -22.5 -360 0 0 1 0 1 0 -1 0 0 61254.dat
1 0 -70 -22 -400 -1 0 0 0 1 0 0 0 -1 6558.dat
1 7 -60 -22 -460 -1 0 0 0 0 -1 0 -1 0 4274.dat
1 34 -68 -22 -460 0 1 0 1 0 0 0 0 -1 4073.dat
1 0 -80 -22 -200 -1 0 0 0 1 0 0 0 -1 2780.dat
1 0 60 -22 -154 0 -0.217986 -0.975952 0 0.975952 -0.217986 1 0 0 3705.dat
1 7 60 -22 -118 0.975952 -0.217986 0 0.217986 0.975952 0 0 0 1 6589.dat
1 7 60 -22 -170 -0.975952 -0.217984 0 -0.217984 0.975952 0 0 0 -1 4019.dat
1 0 80 -78 -100 0 0.374607 -0.927184 0 0.927184 0.374607 1 0 0 3706.dat
1 7 80 -78 -150 -0.927185 0.374604 0 0.374604 0.927185 0 0 0 -1 3647.dat
1 7 80 -78 -90 -0.927184 0.374606 0 0.374606 0.927184 0 0 0 -1 4019.dat
1 15 58.6833 -84.7524 -110 0.987719 0.156238 0 -0.156238 0.987719 0 0 0 1 3701.dat
1 7 40.679 -71.787 -100 0 0.0650957 -0.997879 0 0.997879 0.0650957 1 0 0 3749.dat
1 7 40.569 -71.757 -90 -0.997879 0.0650984 0 0.0650984 0.997879 0 0 0 -1 4019.dat
1 0 80 -46 -140 0 0 -1 0 1 0 1 0 0 2780.dat
1 0 40 -46 -140 0 0 -1 0 1 0 1 0 0 2780.dat
1 0 80 -46.5 -60 0 0 -1 0 1 0 1 0 0 2780.dat
1 7 60 -46 -30.5 1 0 0 0 1 0 0 0 1 3650c.dat
1 0 60 -46 -60 0 0 -1 0 1 0 1 0 0 3705.dat
1 7 60 -46 -90 -1 0 0 0 1 0 0 0 -1 3647.dat
1 0 40 -46.5 -60 0 0 -1 0 1 0 1 0 0 2780.dat
1 0 130 -56 -150 0 0 -1 1 0 0 0 -1 0 32062.dat
1 7 130 -46 -150.5 -1 0 0 0 0 -1 0 -1 0 3713.dat
1 0 100 -102 -60 -1 0 0 0 1 0 0 0 -1 2780.dat
1 0 120 -22 -120 -1 0 0 0 1 0 0 0 -1 2780.dat
1 0 -10 -56 -150 0 0 -1 1 0 0 0 -1 0 32062.dat
1 7 -10 -46 -150.5 -1 0 0 0 0 -1 0 -1 0 3713.dat
1 8 120 -102 -100 1 0 0 0 1 0 0 0 1 32002.dat
1 0 20 -102 -120 -1 0 0 0 1 0 0 0 -1 2780.dat
1 0 20 -102 -60 -1 0 0 0 1 0 0 0 -1 2780.dat
1 14 2.786 -68.43 18.75 -0.298253 0 0.954487 -0.954487 0 -0.298253 0 -1 0 30039.dat
1 0 21.876 -74.395 10.75 -0.954487 0 -0.298253 0.298253 0 -0.954487 0 -1 0 3623.dat
1 14 72.72 -145.136 18.75 -0.978332 0 0.207043 -0.207043 0 -0.978332 0 -1 0 30039.dat
1 0 68.579 -125.569 10.75 -0.207043 0 -0.978332 0.978332 0 -0.207043 0 -1 0 3623.dat
1 0 89.545 -59.535 10.75 0.738976 0 -0.673732 0.673732 0 0.738976 0 -1 0 3623.dat
1 14 104.325 -46.0604 18.75 -0.738976 0 0.673732 -0.673732 0 -0.738976 0 -1 0 30039.dat
1 0 60.028 -86.4123 18.75 0.302614 0 -0.953113 0.953113 0 0.302614 0 -1 0 2712.dat
1 7 60 -86.5 5 0.302614 -0.953113 0 0.953113 0.302614 0 0 0 1 4265a.dat
1 7 -10 -71 -150.5 -1 0 0 0 0 -1 0 -1 0 4265a.dat
1 7 130 -71 -150.5 -1 0 0 0 0 -1 0 -1 0 4265a.dat
1 1 60 0 -270 1 0 0 0 1 0 0 0 1 2717.dat
1 0 150 -118 -40 1 0 0 0 1 0 0 0 1 4868.dat
1 0 -30 -118 -40 1 0 0 0 1 0 0 0 1 4868.dat

1 0 -100 148.4 -19.7 1 0 0 0 0.994522 0.104528 0 -0.104528 0.994522 8232 man.ldr
1 0 0 -0.1 0.1 1 0 0 0 1 0 0 0 1 cockpit.ldr
0
0 FILE 8232 man.ldr
0 Name: 8232 man.ldr
0 Author: marco
0 Begin work:    09/03/2014
0 Last change:    09/03/2014
0 GROUPLIST 1
0 GR ACTION 1 0 False
0 GR ACTION_FIGURE 2 0 False
0 ENDGROUP
0 WORLD  260.6575 240.8808 -294.223 0.560944 -0.02105168 0.8275844 0.3214528 0.9267661 -0.1943056 -0.7628953 0.3750242 0.526633
0 CENTRE  150 -147 -501
0 LOOKAT  158 170 -729
0 ZOOM  42
0 ROTANGLE 0
0 ROTATION CENTER 0 0 0 1 "Custom" 
0 ROTATION CONFIG 0 0
1 1 145.828 -140.39 -262.449 0.998523 -0.0515972 0.0169869 -0.0234429 -0.127212 0.991598 -0.049003 -0.990532 -0.128236 2709.dat
1 1 148.757 -145.596 -302.315 0.998523 0.00115917 0.0543092 -0.0434212 0.617786 0.785147 -0.0326415 -0.786344 0.616923 2704.dat
1 1 160.828 -157.39 -262.449 1 0 0 0 1 0 0 0 1 2699.dat
1 1 175.828 -140.39 -262.449 1 0 0 0 -0.139173 0.990471 0 -0.990268 -0.139199 2703.dat
1 1 170.828 -145.802 -301.922 1 0 0 0 0.636078 0.771625 0 -0.771625 0.636078 2704.dat
1 0 170.828 -120.357 -332.787 1 0 0 0 0.636078 0.771625 0 -0.771625 0.636078 2706.dat
1 0 148.803 -120.886 -333.768 0.998523 0.00115917 0.0543092 -0.0434212 0.617962 0.785147 -0.0326415 -0.786558 0.616923 2706.dat
1 1 160.828 -157.39 -262.449 1 0 0 0 1 0 0 0 1 2710.dat
1 1 134.629 -203.39 -262.447 -0.838671 0 0.544639 -0.221525 -0.913545 -0.341118 0.497553 -0.406737 0.766164 2700.dat
1 1 134.629 -203.39 -262.447 0 0 1 -0.406737 -0.913545 0 0.913545 -0.406737 0 2705.dat
1 1 134.629 -203.39 -262.447 0 0 1 -0.406737 -0.913545 0 0.913545 -0.406737 0 2701.dat
1 14 187.044 -187.846 -315.17 -0.856026 -0.0455281 0.514924 -0.0900955 -0.967728 -0.235342 0.509021 -0.247851 0.824298 2702.dat
1 1 187.028 -203.39 -262.449 0 0 -1 0.292372 -0.956305 0 -0.956305 -0.292372 0 2701.dat
1 1 204.809 -195.965 -286.732 0.819027 0.014296 0.573577 -0.150982 -0.959086 0.239497 0.553533 -0.282754 -0.783359 2705.dat
1 1 187.028 -203.39 -262.448 0.819152 0 -0.573577 -0.167698 0.956305 -0.239497 0.548514 0.292372 0.783359 2700.dat
1 1 117.745 -192.815 -286.198 -0.836627 -0.058503 0.544639 -0.15726 -0.926773 -0.341118 0.524713 -0.371039 0.766164 2701.dat
1 1 204.809 -195.965 -286.732 0.857116 -0.014296 0.514924 0.157381 0.959086 -0.235342 -0.490492 0.282754 0.824298 2700.dat
1 1 117.745 -192.815 -286.198 -0.976703 -0.058503 -0.206467 0.130008 -0.926773 -0.352406 -0.170731 -0.371039 0.912788 2705.dat
1 1 117.745 -192.815 -286.198 -0.742616 -0.058503 -0.667157 0.288793 -0.926773 -0.240189 -0.604251 -0.371039 0.705132 2700.dat
1 14 140.762 -184.528 -310.526 0.742616 0.0585026 -0.667157 -0.288793 0.926773 -0.240189 0.604251 0.371038 0.705132 2702.dat
1 14 160.828 -211.39 -262.449 1 0 0 0 1 0 0 0 1 2707p02.dat
1 0 160.828 -253.39 -262.448 1 0 0 0 1 0 0 0 1 2708.dat
1 1 160.828 -241.39 -262.448 1 0 0 0 1 0 0 0 1 2715.dat
1 39 160.828 -241.39 -262.448 1 0 0 0 1 0 0 0 1 2716.dat
1 1 187.028 -203.39 -262.448 0.819152 0 0.573577 -0.167698 -0.956305 0.239497 0.548514 -0.292372 -0.783359 2705.dat
1 1 204.809 -195.965 -286.732 0.819027 -0.014296 -0.573577 -0.150982 0.959086 -0.239497 0.553533 0.282754 0.783359 2701.dat
1 15 160.828 -157.39 -262.449 1 0 0 0 1 0 0 0 1 2698p03.dat
0 
0 
0
0 FILE cockpit.ldr
0 New Model
0 Name: cockpit.ldr
0 Author: MLCad
0 Unofficial Model
0 ROTATION CENTER 0 0 0 1 "Custom" 
0 ROTATION CONFIG 0 0
1 0 110.001 -88.97 -322.925 0 0 1 -0.516331 -0.856389 0 0.856389 -0.516331 0 3707.dat
1 7 110.001 -63.1534 -365.744 -1 0 0 0 -0.856389 -0.516331 0 -0.516331 0.856389 3713.dat
1 0 110.001 -143.898 -186.522 -1 0 0 0 -0.988792 -0.149298 0 -0.149298 0.988792 32015.dat
1 0 110.001 -73.4801 -348.617 0 0 1 -0.516329 -0.856391 0 0.856391 -0.516329 0 32013.dat
1 7 110.001 -81.225 -335.771 1 0 0 0 0.856389 -0.516331 0 0.516331 0.85639 4265a.dat
1 0 10.001 -88.4697 -322.925 0 0 1 -0.516331 -0.856389 0 0.856389 -0.516331 0 3707.dat
1 7 10.001 -63.1534 -365.744 -1 0 0 0 -0.856389 -0.516331 0 -0.516331 0.856389 3713.dat
1 0 10.001 -144.398 -186.522 -1 0 0 0 -0.988792 -0.149298 0 -0.149298 0.988792 32015.dat
1 0 40.001 -144.398 -186.522 0 0 1 0 1 0 -1 0 0 6538b.dat
1 0 80.251 -143.898 -186.522 0 0 1 0 1 0 -1 0 0 6538b.dat
1 7 100.251 -143.898 -186.522 -1 0 0 0 1 0 0 0 -1 3749.dat
1 0 110.001 -139.419 -216.186 0 0 1 0.149296 0.988793 0 -0.988793 0.149296 0 32062.dat
1 0 110.001 -135.44 -245.85 1 0 0 0 -0.988792 0.149302 0 -0.149302 -0.988792 32016.dat
1 0 60.001 -73.908 -348.875 -1 0 0 0 -0.856389 -0.516331 0 -0.516331 0.856389 3705.dat
1 0 10.001 -73.48 -348.617 0 0 -1 0.516333 -0.856388 0 -0.856388 -0.516333 0 32013.dat
1 0 70.001 -73.48 -348.617 1 0 0 0 0.856389 -0.516331 0 0.516331 0.856389 6536.dat
1 7 10.001 -81.225 -335.771 1 0 0 0 0.856389 -0.516331 0 0.516331 0.85639 4265a.dat
1 0 10.001 -135.44 -245.85 1 0 0 0 -0.988792 0.149302 0 -0.149302 -0.988792 32016.dat
1 0 10.001 -140.347 -216.444 0 0 -1 -0.149302 0.988792 0 0.988792 0.149302 0 32062.dat
1 7 20.001 -143.903 -186.448 1 0 0 0 1 0 0 0 1 3749.dat
1 0 60.251 -143.898 -186.522 1 0 0 0 1 0 0 0 1 32062.dat
1 0 110.001 -42.5 -400 1 0 0 0 -0.856391 0.516328 0 -0.516328 -0.856391 32013.dat
1 0 50.001 -73.48 -348.617 1 0 0 0 0.856389 -0.516331 0 0.516331 0.856389 6536.dat
1 7 70.001 -61.9435 -329.985 0 0 -1 -0.516331 0.856389 0 0.856389 0.516331 0 4274.dat
1 7 60.001 -65.9047 -322.447 -1 0 0 0 0.516331 -0.856389 0 -0.856389 -0.516331 3069b.dat
1 0 10.001 -42.5 -400 1 0 0 0 -0.856391 0.516328 0 -0.516328 -0.856391 32013.dat
1 7 50.001 -61.9435 -329.985 0 0 -1 -0.516331 0.856389 0 0.856389 0.516331 0 4274.dat
0
0
