0 FILE 8235_b.ldr
0 8235_B
0 Name: 8235_b.ldr
0 Author: marco
0 ROTATION CENTER 0 0 0 1 "Custom" 
0 ROTATION CONFIG 0 0
1 0 0 -23.1487 -220 1 0 0 0 1 0 0 0 1 2780.dat
1 0 20 -41.1487 -190 1 0 0 0 1 0 0 0 1 3710.dat
1 4 20 -97.1487 -80 0 0 -1 0 1 0 1 0 0 3709b.dat
1 4 20 -89.1487 -80 1 0 0 0 1 0 0 0 1 6585.dat
1 14 20 -49.1487 -80 1 0 0 0 1 0 0 0 1 3031.dat
1 14 50 -41.1487 -80 0 0 -1 0 1 0 1 0 0 3710.dat
1 14 -10 -41.1487 -80 0 0 -1 0 1 0 1 0 0 3710.dat
1 14 50 -57.1487 -200 0 0 -1 0 1 0 1 0 0 3710.dat
1 14 50 -49.1487 -200 0 0 -1 0 1 0 1 0 0 3710.dat
1 14 50 -41.1487 -220 0 0 -1 0 1 0 1 0 0 3023.dat
1 0 50 -33.1487 -80 0 0 -1 0 1 0 1 0 0 3703.dat
1 14 50 -41.1487 -140 0 0 -1 0 1 0 1 0 0 3069b.dat
1 36 60 -23.1487 -140 0 1 0 -1 0 0 0 0 1 4073.dat
1 0 -10 -33.1487 -80 0 0 -1 0 1 0 1 0 0 3703.dat
1 14 -10 -57.1487 -200 0 0 -1 0 1 0 1 0 0 3710.dat
1 14 -10 -49.1487 -200 0 0 -1 0 1 0 1 0 0 3710.dat
1 14 -10 -41.1487 -220 0 0 -1 0 1 0 1 0 0 3023.dat
1 14 -10 -41.1487 -140 0 0 -1 0 1 0 1 0 0 3069b.dat
1 36 -20 -23.1487 -140 0 -1 0 1 0 0 0 0 1 4073.dat
1 14 20 -41.1487 40 1 0 0 0 1 0 0 0 1 3709b.dat
1 14 50 -113.149 -80 0 0 -1 0 1 0 1 0 0 3701.dat
1 14 -10 -113.149 -80 0 0 -1 0 1 0 1 0 0 3701.dat
1 14 20 -121.149 -80 -1 0 0 0 1 0 0 0 -1 3709b.dat
1 4 20 -41.1487 50 1 0 0 0 1 0 0 0 1 2717.dat
1 4 -10 8 110 1 0 0 0 1 0 0 0 1 8235 figure.ldr
1 4 0 0 0 1 0 0 0 1 0 0 0 1 capote.ldr
1 14 20 -41.1487 70 1 0 0 0 1 0 0 0 1 3666.dat
1 14 -30 -73.1487 160 0 0 -1 0 1 0 1 0 0 3700.dat
1 14 -30 -49.1487 160 0 0 -1 0 1 0 1 0 0 3710.dat
1 14 -50 -41.1487 160 1 0 0 0 1 0 0 0 1 3021.dat
1 14 -30 -33.1487 80 0 0 -1 0 1 0 1 0 0 3895.dat
1 14 -70 -33.1487 160 0 0 -1 0 1 0 1 0 0 3700.dat
1 14 -50 -9.1487 160 1 0 0 0 1 0 0 0 1 3021.dat
1 14 20 -41.1487 130 1 0 0 0 1 0 0 0 1 3666.dat
1 14 20 -41.1487 190 1 0 0 0 1 0 0 0 1 3666.dat
1 14 70 -73.1487 160 0 0 -1 0 1 0 1 0 0 3700.dat
1 14 70 -49.1487 160 0 0 -1 0 1 0 1 0 0 3710.dat
1 14 90 -41.1487 160 1 0 0 0 1 0 0 0 1 3021.dat
1 14 70 -33.1487 80 0 0 -1 0 1 0 1 0 0 3895.dat
1 14 110 -33.1487 160 0 0 -1 0 1 0 1 0 0 3700.dat
1 14 90 -9.14869 160 1 0 0 0 1 0 0 0 1 3021.dat
1 0 -20 -63.1487 160 1 0 0 0 1 0 0 0 1 2780.dat
1 0 60 -63.1487 160 1 0 0 0 1 0 0 0 1 2780.dat
1 7 120 -23.1487 160 1 0 0 0 1 0 0 0 1 3749.dat
1 0 60 -23.1487 160 1 0 0 0 1 0 0 0 1 2780.dat
1 0 -20 -23.1487 160 1 0 0 0 1 0 0 0 1 2780.dat
1 7 -80 -23.1487 160 -1 0 0 0 1 0 0 0 -1 3749.dat
1 0 40 -23.1487 -220 1 0 0 0 1 0 0 0 1 2780.dat
1 14 30 -28.7204 -241.655 0 0 -1 -0.655976 -0.754782 0 -0.754782 0.655976 0 3701.dat
1 7 50 -49.5103 -250.519 0 0 1 -0.655976 0.754782 0 -0.754782 -0.655976 0 3713.dat
1 0 20 -49.5104 -250.519 1 0 0 0 0.754782 0.655976 0 -0.655976 0.754782 3737.dat
1 7 -10 -49.5103 -250.519 0 0 -1 0.655976 0.754782 0 0.754782 -0.655976 0 3713.dat
1 14 70 -85.9962 -178.625 0 0 -1 -0.33845 0.940984 0 0.940984 0.33845 0 2730.dat
1 0 60 -103.178 -99.8308 1 0 0 0 1 0 0 0 1 2780.dat
1 14 10 -28.7204 -241.655 0 0 -1 -0.655976 -0.754782 0 -0.754782 0.655976 0 3701.dat
1 14 -30 -86.1907 -178.724 0 0 -1 -0.340996 0.940065 0 0.940065 0.340996 0 2730.dat
1 0 -20 -103.149 -100 1 0 0 0 1 0 0 0 1 2780.dat
1 7 60 -23.1487 -60 1 0 0 0 1 0 0 0 1 4274.dat
1 7 90 -63.2487 -60 0 -1 0 0 0 1 -1 0 0 6553.dat
1 7 60 -103.149 -60 1 0 0 0 1 0 0 0 1 4274.dat
1 7 -20 -23.1487 -60 -1 0 0 0 1 0 0 0 -1 4274.dat
1 7 -50 -63.2487 -60 0 1 0 0 0 1 1 0 0 6553.dat
1 7 -20 -103.149 -60 -1 0 0 0 1 0 0 0 -1 4274.dat
1 0 60 -23.1487 -20 1 0 0 0 1 0 0 0 1 2780.dat
1 0 -20 -23.1487 -20 1 0 0 0 1 0 0 0 1 2780.dat
1 0 60 -23.1487 60 1 0 0 0 1 0 0 0 1 2780.dat
1 0 -20 -23.1487 60 1 0 0 0 1 0 0 0 1 2780.dat
1 14 -28.5 -63.2487 -60 0 1 0 1 0 0 0 0 -1 2711.dat
1 14 67.5 -63.2487 -60 0 -1 0 1 0 0 0 0 1 2711.dat
1 7 85 -49.5103 -250.519 0 0 1 -0.655976 0.754782 0 -0.754782 -0.655976 0 4265a.dat
1 7 -45 -49.5104 -250.519 0 0 -1 -0.655976 -0.754782 0 -0.754782 0.655976 0 4265a.dat
1 7 20 -41.1487 -170 1 0 0 0 1 0 0 0 1 4442.dat
1 7 20 -9.14869 -170 1 0 0 0 1 0 0 0 1 4442.dat
1 14 133 -23.1487 160 0 0 -1 0 1 0 1 0 0 6582.dat
1 14 -93 -23.1487 160 0 0 1 0 1 0 -1 0 0 6582.dat
1 0 -93 -23.1487 160 0 0 1 0 1 0 -1 0 0 6581.dat
1 0 133 -23.1487 160 0 0 -1 0 1 0 1 0 0 6581.dat

1 0 -2 -0.1487 -0.3 1 0 0 0 1 0 0 0 1 steer.ldr
1 14 -10 -83.1487 170 0 0 -1 1 0 0 0 -1 0 3701.dat
1 14 50 -83.1498 170.034 0 0 -1 1 0 0 0 -1 0 3701.dat
1 14 20 -81.1487 160 0 0 -1 0 1 0 1 0 0 6588.dat
0
0 FILE 8235 figure.ldr
0 8235 FRONT END LOADER.L3B
0 Name: C:\LDRAW\L3B\TECHNIC\8235 FRONT END LOADER.L3B
0 WORLD  -31.55192 25.75739 -10.36993 0.861482 -0.1220852 0.4928924 0.1736461 0.9829754 -0.0600264 -0.47717 0.1372989 0.8680161
0 CENTRE  42 -66 -69
0 LOOKAT  -10 -98 24
0 ZOOM  52
0 ROTANGLE 0
0 ROTATION CENTER 0 0 0 1 "Custom" 
0 ROTATION CONFIG 0 0
1 1 14.9981 -66.0005 -50 1 -0.0180714 -0.00961784 0.0067885 -0.150593 0.988809 -0.0193143 -0.988432 -0.150471 2709.dat
1 1 19.2753 -71.9902 -89.6335 1 -0.018244 0.00929211 0.00678849 0.723414 0.690542 -0.0193143 -0.690173 0.723563 2704.dat
1 1 29.9981 -83 -50 1 0 0 0 1 0 0 0 1 2699.dat
1 1 45 -66.0005 -50 0.999441 -0.00304724 -0.0332576 0.0325134 -0.139042 0.989775 -0.00762774 -0.990913 -0.1387 2703.dat
1 1 39.881 -71.7256 -89.5987 0.999441 -0.0298273 -0.015035 0.0325134 0.765869 0.6422 -0.00762774 -0.64287 0.76673 2704.dat
1 0 38.6883 -41.0905 -115.313 0.999441 -0.0298273 -0.015035 0.0325134 0.765869 0.6422 -0.00762774 -0.64287 0.76673 2706.dat
1 0 18.5463 -43.0536 -117.24 1 -0.018244 0.00929211 0.00678849 0.723414 0.690542 -0.0193143 -0.690173 0.723563 2706.dat
1 1 30 -83.001 -50 1 0 0 0 1 0 0 0 1 2698p01.dat
1 1 30 -83.001 -50 1 0 0 0 1 0 0 0 1 2710.dat
1 7 3.79999 -129 -50 -0.945518 0 0.325568 -0.0897388 -0.961261 -0.26062 0.312956 -0.275637 0.908891 2700.dat
1 7 3.79999 -129 -50 -0.945518 0 0.325568 -0.0897388 -0.961261 -0.26062 0.312956 -0.275637 0.908891 2705.dat
1 7 3.79999 -129 -50 0 0 1 -0.275637 -0.961261 0 0.961261 -0.275637 0 2701.dat
1 14 68.6392 -154.167 -86.9207 -0.9169 -0.390416 -0.0828899 0.0239166 -0.261055 0.965027 -0.398401 0.882851 0.248699 2702.dat
1 7 56.2 -129 -50 0 0 -1 0.275637 -0.961262 0 -0.961262 -0.275637 0 2701.dat
1 7 65.7795 -120.873 -78.3407 -0.0828898 0.947437 0.309017 0.965027 -0.00107321 0.262147 0.248699 0.319939 -0.914214 2705.dat
1 7 56.2 -129 -50 0.951056 0 -0.309017 -0.0851767 0.961262 -0.262147 0.297046 0.275637 0.914214 2700.dat
1 7 -6.29269 -120.921 -78.1756 -0.945518 0 0.325568 -0.0897388 -0.961261 -0.26062 0.312956 -0.275637 0.908891 2701.dat
1 7 65.7795 -120.874 -78.3406 0.309017 -0.947437 -0.0828899 0.262147 0.00107319 0.965027 -0.914214 -0.319939 0.248699 2700.dat
1 7 -6.29269 -120.921 -78.1756 -0.945518 0 0.325568 -0.0897388 -0.961261 -0.26062 0.312956 -0.275637 0.908891 2705.dat
1 7 -6.29269 -120.921 -78.1755 -0.970296 0 -0.241922 0.0666827 -0.961261 -0.26745 -0.23255 -0.275637 0.932708 2700.dat
1 14 2.05368 -111.694 -110.354 0.970296 0 -0.241922 -0.0666827 0.961261 -0.26745 0.23255 0.275637 0.932708 2702.dat
1 14 30 -137 -50 1 0 0 0 1 0 0 0 1 2707p04.dat
1 6 30 -179 -50 1 0 0 0 1 0 0 0 1 2708.dat
1 7 56.2 -129 -50 0.951056 0 0.309017 -0.0851767 -0.961262 0.262147 0.297046 -0.275637 -0.914214 2705.dat
1 7 65.7795 -120.873 -78.3407 -0.0828898 -0.947437 -0.309017 0.965027 0.00107321 -0.262147 0.248699 -0.319939 0.914214 2701.dat
0 
0 
0
0 FILE steer.ldr
0 New Model
0 Name: steer.ldr
0 Author: MLCad
0 Unofficial Model
0 ROTATION CENTER 0 0 0 1 "Custom" 
0 ROTATION CONFIG 0 0
1 14 131 -23.1487 -170 0 0 -1 0 1 0 1 0 0 6582.dat
1 0 -91 -23.6487 -170 0 0 1 0 1 0 -1 0 0 6581.dat
1 0 131 -23.1487 -170 0 0 -1 0 1 0 1 0 0 6581.dat
1 8 110 -23.1487 -170 -1 0 0 0 1 0 0 0 -1 6587.dat
1 7 90 -33.1487 -170 1 0 0 0 1 0 0 0 1 4261.dat
1 7 -50 -33.1487 -170 1 0 0 0 1 0 0 0 1 4261.dat
1 14 -91 -23.6487 -170 0 0 1 0 1 0 -1 0 0 6582.dat
1 8 -70 -23.1487 -170 1 0 0 0 1 0 0 0 1 6587.dat
1 7 -70 -23.6487 -170 0 0 -1 0 1 0 1 0 0 3713.dat
1 7 110 -23.1487 -170 0 0 1 0 1 0 -1 0 0 3713.dat
1 7 90 -33.149 -130 0 0 -1 1 0 0 0 -1 0 3749.dat
1 7 20 -57.1487 -130 1 0 0 0 1 0 0 0 1 3743.dat
1 7 20 -71.1487 -130 -1 0 0 0 1 0 0 0 -1 3647.dat
1 7 20 -71.1487 -98 1 0 0 0 1 0 0 0 1 6589.dat
1 7 20 -71.1487 -25 -1 0 0 0 1 0 0 0 -1 4185.dat
1 7 20 -71.1487 -35 1 0 0 0 1 0 0 0 1 4265a.dat
1 7 20 -49.1487 -130 1 0 0 0 1 0 0 0 1 4442.dat
1 0 20 -117.149 -80 0 -0.973298 -0.229544 1 0 0 0 -0.229544 0.973298 3705.dat
1 7 19.5133 -88.1487 -80.1148 0.973298 0.229544 0 0 0 1 0.229544 -0.973298 0 6589.dat
1 0 19.5133 -145.149 -80.1148 -0.973298 0 -0.229544 0 -1 0 -0.229544 0 0.973298 4032a.dat
1 0 20 -153.149 -80 -0.973298 0 -0.229544 0 -1 0 -0.229544 0 0.973298 2654.dat
1 0 20 -71.1487 -80 0 0 -1 0 1 0 1 0 0 3706.dat
1 7 -50 -33.149 -130 0 0 -1 1 0 0 0 -1 0 3749.dat
1 7 19.5133 -106.149 -80.1148 0.973298 -0.229544 0 0 0 -1 0.229544 0.973298 0 4265a.dat
0
0 FILE capote.ldr
0 New Model
0 Name: capote.ldr
0 Author: MLCad
0 Unofficial Model
0 ROTATION CENTER 0 0 0 1 "Custom" 
0 ROTATION CONFIG 0 0
1 0 90 -127.709 138.289 0 0 1 0.0689484 0.99762 0 -0.99762 0.0689484 0 4275a.dat
1 7 19 -103.15 160.034 0 0 -1 -0.0689484 0.99762 0 0.99762 0.0689484 0 3648b.dat
1 0 90 -146.553 91.4365 0 0 -1 0.7405 0.672056 0 0.672056 -0.7405 0 4276b.dat
1 0 90 -151.93 97.3605 0 0 1 -0.7405 0.672056 0 -0.672056 -0.7405 0 4275a.dat
1 0 20 -63.1487 176 0 0 -1 0 1 0 1 0 0 3706.dat
1 7 20 -63.1487 225 1 0 0 0 1 0 0 0 1 6575.dat
1 7 20.4999 -43.6487 230 0 0 1 0 1 0 -1 0 0 3749.dat
1 0 -50 -152.404 98.0007 0 0 1 -0.7405 0.672056 0 -0.672056 -0.7405 0 4275a.dat
1 0 20 -43.1487 240 -1 0 0 0 1 0 0 0 -1 6221.dat
1 0 -50 -144.871 10.1952 0 0 -1 -0.437949 0.899 0 0.899 0.437949 0 4504.dat
1 0 90 -144.871 10.1952 0 0 -1 -0.437949 0.899 0 0.899 0.437949 0 4504.dat
1 14 90 -106.231 59.5826 0 0 -1 -0.0689484 0.99762 0 0.99762 0.0689484 0 3895.dat
1 0 90 -116.677 -21.3302 0 0 1 0.0689484 0.99762 0 -0.99762 0.0689484 0 4531.dat
1 14 110 -103.15 160.034 0 -1 0 -0.99762 0 0.0689467 -0.0689467 0 -0.99762 2825.dat
1 7 100 -99.0129 100.177 1 0 0 0 0.99762 -0.0689484 0 0.0689484 0.99762 3749.dat
1 0 -50 -127.709 138.289 0 0 1 0.0689484 0.99762 0 -0.99762 0.0689484 0 4275a.dat
1 0 -50 -146.553 91.4365 0 0 -1 0.7405 0.672056 0 0.672056 -0.7405 0 4276b.dat
1 14 90 -119.728 138.841 0 0 -1 -0.0689484 0.99762 0 0.99762 0.0689484 0 3023.dat
1 0 20 -103.149 160 1 0 0 0 0.99762 -0.0689484 0 0.0689484 0.99762 3737.dat
1 7 70 -103.15 160.034 0 0 1 0.0689484 0.99762 0 -0.99762 0.0689484 0 3713.dat
1 14 -70 -103.15 160.034 0 1 0 0.99762 0 0.0689493 0.0689493 0 -0.99762 2825.dat
1 14 -50 -106.231 59.5826 0 0 -1 -0.0689484 0.99762 0 0.99762 0.0689484 0 3895.dat
1 0 -50 -116.677 -21.3302 0 0 1 0.0689484 0.99762 0 -0.99762 0.0689484 0 4531.dat
1 7 20 -63.1487 200 1 0 0 0 1 0 0 0 1 3713.dat
1 7 20 -63.1487 215 1 0 0 0 1 0 0 0 1 4265a.dat
1 7 -30 -103.15 160.034 0 0 -1 -0.0689484 0.99762 0 0.99762 0.0689484 0 3713.dat
1 7 -60 -99.0129 100.177 -1 0 0 0 0.99762 0.0689484 0 0.0689484 -0.99762 3749.dat
1 8 20 -63.1487 160 0 1 0 1 0 0 0 0 -1 4716.dat
1 7 20 -63.1487 125 -1 0 0 0 1 0 0 0 -1 4265a.dat
1 14 -50 -119.728 138.841 0 0 -1 -0.0689484 0.99762 0 0.99762 0.0689484 0 3023.dat
0
0
