0 FILE 8245 - Main.ldr
0 Main
0 Name: 8245 - Main.ldr
0 Author: Philippe Hurbain [Philo]
0 !LDRAW_ORG Unofficial_Model
0 !LICENSE Redistributable under CCAL version 2.0 : see CAreadme.txt
0 !THEME Technic / Competition
1 16 0 0 0 1 0 0 0 1 0 0 0 1 8245 - Vehicle.ldr
1 16 0 0 0 1 0 0 0 1 0 0 0 1 8245 - Figure.ldr
1 16 -464 41 -976 -1 0 0 0 1 0 0 0 -1 8245 - Target.ldr


0 FILE 8245 - Vehicle.ldr
0 Vehicle
0 Name: 8245 - Vehicle.ldr
0 Author: Philippe Hurbain [Philo]
0 !LDRAW_ORG Unofficial_Model
0 !LICENSE Redistributable under CCAL version 2.0 : see CAreadme.txt
0 !THEME Technic / Competition
1 0 -388.4 48 -62 1 0 0 0 -0.668392 -0.743808 0 0.743808 -0.668392 3705.dat
1 0 -373.4 48 -62 0 -1 0 -0.668392 0 -0.743808 0.743808 0 -0.668392 6632.dat
1 0 -388.4 18.923 -89.468 1 0 0 0 -0.668392 -0.743808 0 0.743808 -0.668392 3705.dat
1 7 -388.4 48 -62 0 0 1 0.743808 -0.668392 0 0.668392 0.743808 0 3713.dat
1 7 -368.4 6.648 -123.074 -1 0 0 0 -0.96363 -0.267238 0 -0.267238 0.96363 3749.dat
1 7 -388.4 6.648 -123.074 0 0 1 -0.267238 -0.96363 0 0.96363 -0.267238 0 6538b.dat
1 0 -378.4 15.704 -202.56 -1 0 0 0 -0.993572 -0.113203 0 -0.113203 0.993572 32073.dat
1 0 -348.4 13.44 -182.688 0 1 0 -0.993572 0 -0.113203 -0.113203 0 0.993572 32068.dat
1 0 -358.4 15.704 -202.56 0 -1 0 0.993572 0 -0.113203 0.113203 0 0.993572 6629.dat
1 3 -388.4 18.923 -89.468 0 1 0 -0.743808 0 -0.668392 -0.668392 0 0.743808 6629.dat
1 7 -338.4 1.24 -163.949 0 -1 0 0.993572 0 -0.113203 0.113203 0 0.993572 3673.dat
1 0 -378.4 15.704 -202.56 0 1 0 0.993572 0 0.113203 0.113203 0 -0.993572 2825.dat
1 0 -398.4 22.496 -262.174 -1 0 0 0 -0.993572 -0.113203 0 -0.113203 0.993572 4519.dat
1 0 -403.4 48.675 -62.733 0 -1 0 -0.668392 0 -0.743808 0.743808 0 -0.668392 6632.dat
1 0 -428.4 17.968 -222.431 -1 0 0 0 -0.993572 -0.113203 0 -0.113203 0.993572 3706.dat
1 7 -388.4 17.968 -222.431 0 0 -1 0.113203 -0.993572 0 -0.993572 -0.113203 0 3713.dat
1 0 -388.4 19.024 -284.263 -1 0 0 0 -0.814115 0.580703 0 0.580703 0.814115 32068.dat
1 7 -388.4 -8.873 -288.931 0 -1 0 0.814115 0 0.580703 -0.580703 0 0.814115 3749.dat
1 0 -398.4 15.704 -202.56 0 -1 0 -0.993572 0 0.113203 -0.113203 0 -0.993572 2825.dat
1 0 -418.4 15.704 -202.56 0 -1 0 0.993572 0 -0.113203 0.113203 0 0.993572 6629.dat
1 7 -418.4 17.968 -222.431 0 0 -1 0.113203 -0.993572 0 -0.993572 -0.113203 0 3713.dat
1 7 -433.4 17.968 -222.431 0 0 -1 0.113203 -0.993572 0 -0.993572 -0.113203 0 32123a.dat
1 0 -448.4 6.648 -123.074 -1 0 0 0 -0.96363 -0.267238 0 -0.267238 0.96363 3706.dat
1 0 -388.4 33.461 -75.734 -1 0 0 0 -0.993572 -0.113203 0 -0.113203 0.993572 3707.dat
1 7 -438.4 33.461 -75.734 0 0 -1 0.113203 -0.993572 0 -0.993572 -0.113203 0 3713.dat
1 7 -338.4 33.461 -75.734 0 0 1 -0.113203 -0.993572 0 0.993572 -0.113203 0 3713.dat
1 7 -433.4 6.648 -123.074 0 0 -1 0.267238 -0.96363 0 -0.96363 -0.267238 0 32123a.dat
1 0 -428.4 11.176 -162.817 -1 0 0 0 -0.993572 -0.113203 0 -0.113203 0.993572 2780.dat
1 14 -468.4 33.461 -75.734 0 0 1 -0.113203 -0.993572 0 0.993572 -0.113203 0 2994.dat
1 256 -468.4 33.799 -76.1 0 0 1 -0.113203 -0.993572 0 0.993572 -0.113203 0 6578.dat
1 14 -308.4 33.461 -75.734 0 0 -1 -0.113203 0.993572 0 0.993572 0.113203 0 2994.dat
1 256 -308.4 33.799 -76.1 0 0 -1 -0.113203 0.993572 0 0.993572 0.113203 0 6578.dat
1 0 -418.4 24.761 -282.045 -1 0 0 0 0.993572 0.113203 0 0.113203 -0.993572 32039.dat
1 0 -418.4 28.157 -311.852 0 0 1 0.113203 0.993572 0 -0.993572 0.113203 0 3705.dat
1 3 -418.4 28.157 -311.852 0 0 1 0.113203 0.993572 0 -0.993572 0.113203 0 75535.dat
1 0 -418.4 33.817 -361.531 -1 0 0 0 0.993572 0.113203 0 0.113203 -0.993572 32013.dat
1 7 -408.4 33.817 -361.531 1 0 0 0 0.993572 -0.113203 0 0.113203 0.993572 3749.dat
1 14 -388.4 33.817 -361.531 0 0 -1 -0.113203 0.993572 0 0.993572 0.113203 0 2994.dat
1 256 -388.4 33.817 -361.531 0 0 -1 -0.113203 0.993572 0 0.993572 0.113203 0 6578.dat
1 0 -388.4 -107.682 -20.393 -1 0 0 0 -0.993572 -0.113203 0 -0.113203 0.993572 32062.dat
1 3 -373.4 -103.153 -60.136 0 -1 0 0.993572 0 -0.113203 0.113203 0 0.993572 6632.dat
1 0 -388.4 -103.153 -60.136 -1 0 0 0 -0.993572 -0.113203 0 -0.113203 0.993572 32062.dat
1 0 -388.4 -103.153 -60.136 -1 0 0 0 -0.993572 -0.113203 0 -0.113203 0.993572 6536.dat
1 7 -388.4 -121.893 -72.336 0 -1 0 -0.113203 0 -0.993572 0.993572 0 -0.113203 3673.dat
1 3 -403.4 -103.153 -60.136 0 -1 0 0.993572 0 -0.113203 0.113203 0 0.993572 6632.dat
1 0 -443.4 -31.984 -133.446 0 -1 0 -0.259293 0 -0.965799 0.965799 0 -0.259293 32017.dat
1 0 -452.4 6.648 -123.074 0 -1 0 -0.267238 0 -0.96363 0.96363 0 -0.267238 6632.dat
1 8 -448.4 -70.616 -143.817 1 0 0 0 -0.199368 0.979925 0 -0.979925 -0.199368 32002.dat
1 8 -448.4 -12.668 -128.26 1 0 0 0 0.259293 0.965799 0 -0.965799 0.259293 32002.dat
1 0 -453.4 -32.731 -190.344 0 1 0 0.775446 0 0.631414 0.631414 0 -0.775446 32065.dat
1 3 -443.4 -32.731 -190.344 0 1 0 -0.534783 0 -0.844989 -0.844989 0 0.534783 32065.dat
1 8 -448.4 -32.731 -190.344 1 0 0 0 0.113203 0.993572 0 -0.993572 0.113203 32002.dat
1 8 -448.4 5.154 -236.871 1 0 0 0 0.113203 0.993572 0 -0.993572 0.113203 32002.dat
1 3 -463.4 -32.731 -190.344 0 1 0 -0.534783 0 -0.844989 -0.844989 0 0.534783 32065.dat
1 8 -448.4 -83.43 -158.257 1 0 0 0 -0.199368 0.979925 0 -0.979925 -0.199368 32002.dat
1 0 -453.4 -45.546 -204.784 0 1 0 0.775446 0 0.631414 0.631414 0 -0.775446 32065.dat
1 8 -448.4 -45.546 -204.784 1 0 0 0 0.113203 0.993572 0 -0.993572 0.113203 32002.dat
1 8 -448.4 -96.245 -172.697 1 0 0 0 -0.199368 0.979925 0 -0.979925 -0.199368 32002.dat
1 3 -463.4 -45.546 -204.784 0 1 0 -0.534783 0 -0.844989 -0.844989 0 0.534783 32065.dat
1 3 -443.4 -45.546 -204.784 0 1 0 -0.534783 0 -0.844989 -0.844989 0 0.534783 32065.dat
1 0 -453.4 -58.36 -219.224 0 1 0 0.775446 0 0.631414 0.631414 0 -0.775446 32065.dat
1 8 -448.4 -58.36 -219.224 1 0 0 0 0.113203 0.993572 0 -0.993572 0.113203 32002.dat
1 8 -448.4 -109.06 -187.137 1 0 0 0 -0.199368 0.979925 0 -0.979925 -0.199368 32002.dat
1 8 -448.4 -7.661 -251.311 1 0 0 0 0.113203 0.993572 0 -0.993572 0.113203 32002.dat
1 3 -463.4 -58.36 -219.224 0 1 0 -0.534783 0 -0.844989 -0.844989 0 0.534783 32065.dat
1 3 -443.4 -58.36 -219.224 0 1 0 -0.534783 0 -0.844989 -0.844989 0 0.534783 32065.dat
1 8 -448.4 -20.475 -265.75 1 0 0 0 0.113203 0.993572 0 -0.993572 0.113203 32002.dat
1 0 -463.4 -60.469 -266.468 0 -1 0 -0.0179431 0 -1 1 0 -0.0179431 32017.dat
1 8 -448.4 -100.462 -267.186 1 0 0 0 0.113203 0.993572 0 -0.993572 0.113203 32002.dat
1 14 -453.4 -103.13 -246.849 0 -1 0 -0.99521 0 0.0988243 -0.0988258 0 -0.99521 32133.dat
1 14 -453.4 -96.707 -311.538 0 -1 0 -0.99521 0 0.0988243 -0.0988258 0 -0.99521 32080.dat
1 256 -453.4 -97.102 -307.557 0 -1 0 -0.99521 0 0.0988243 -0.0988258 0 -0.99521 32134.dat
1 0 -443.4 -61.16 -266.036 0 -1 0 -0.0179431 0 -1 1 0 -0.0179431 32017.dat
1 0 -463.4 -31.984 -133.446 0 -1 0 -0.259293 0 -0.965799 0.965799 0 -0.259293 32017.dat
1 7 -478.4 6.648 -123.074 0 0 -1 0.113203 -0.993572 0 -0.993572 -0.113203 0 3713.dat
1 7 -478.4 17.968 -222.431 0 0 -1 0.113203 -0.993572 0 -0.993572 -0.113203 0 3713.dat
1 71 -498.4 6.648 -123.074 0 0 -1 0.113203 -0.993572 0 -0.993572 -0.113203 0 3482.dat
1 256 -498.4 6.648 -123.074 0 0 -1 0.113203 -0.993572 0 -0.993572 -0.113203 0 3483.dat

0 SYNTH BEGIN TECHNIC_RIBBED_HOSE 3
0 1 4 -388.4 -8.873 -288.931 0.814115 0 0.580703 -0.337216 0.814115 0.472759 -0.47276 -0.580703 0.662784 ls02.dat
0 1 4 -388.4 -121.893 -69.736 0.993572 0 -0.113203 0.112682 0.0958457 0.988998 0.0108501 -0.995396 0.0952296 ls02.dat
0 SYNTH SHOW
0 SYNTH SYNTHESIZED BEGIN
1 3 -388.4 -10.9047 -287.474 -0.5807 0 0.8141 -0.4744 0.8127 -0.3384 -0.6616 -0.5827 -0.4719 79.dat
1 3 -388.4 -15.3851 -284.245 -0.5807 0 0.8141 -0.478 -0.8095 -0.3409 -0.659 0.5871 -0.4701 80.dat
1 3 -388.4 -19.8472 -280.99 -0.5723 0 0.82 -0.4855 -0.8059 -0.3388 -0.6609 0.592 -0.4613 80.dat
1 3 -388.4 -24.2823 -277.711 -0.5636 0 0.826 -0.4935 -0.8019 -0.3368 -0.6624 0.5975 -0.452 80.dat
1 3 -388.4 -28.6818 -274.409 -0.5546 0 0.8321 -0.5023 -0.7972 -0.3348 -0.6634 0.6037 -0.4421 80.dat
1 3 -388.4 -33.0619 -271.065 -0.5452 0 0.8383 -0.5118 -0.792 -0.3329 -0.6639 0.6105 -0.4318 80.dat
1 3 -388.4 -37.413 -267.68 -0.5353 0 0.8446 -0.5222 -0.786 -0.331 -0.6639 0.6183 -0.4208 80.dat
1 3 -388.4 -41.7246 -264.253 -0.5251 0 0.851 -0.5335 -0.7791 -0.3292 -0.663 0.6269 -0.4091 80.dat
1 3 -388.4 -46.0109 -260.764 -0.5144 0 0.8576 -0.5459 -0.7712 -0.3274 -0.6614 0.6366 -0.3967 80.dat
1 3 -388.4 -50.2346 -257.232 -0.5032 0 0.8642 -0.5594 -0.7622 -0.3257 -0.6587 0.6473 -0.3835 80.dat
1 3 -388.4 -54.4081 -253.636 -0.4915 0 0.8709 -0.5742 -0.7519 -0.3241 -0.6548 0.6593 -0.3695 80.dat
1 3 -388.4 -58.5176 -249.973 -0.4793 0 0.8776 -0.5903 -0.74 -0.3224 -0.6494 0.6726 -0.3547 80.dat
1 3 -388.4 -62.5723 -246.219 -0.4666 0 0.8844 -0.6079 -0.7263 -0.3208 -0.6424 0.6874 -0.3389 80.dat
1 3 -388.4 -66.5323 -242.394 -0.4534 0 0.8913 -0.6271 -0.7107 -0.319 -0.6334 0.7035 -0.3222 80.dat
1 3 -388.4 -70.4049 -238.472 -0.4397 0 0.8982 -0.6477 -0.6928 -0.3171 -0.6222 0.7212 -0.3046 80.dat
1 3 -388.4 -74.1722 -234.449 -0.4254 0 0.905 -0.6699 -0.6723 -0.3149 -0.6085 0.7402 -0.286 80.dat
1 3 -388.4 -77.817 -230.321 -0.4107 0 0.9118 -0.6935 -0.6492 -0.3124 -0.5919 0.7606 -0.2666 80.dat
1 3 -388.4 -81.3422 -226.061 -0.3956 0 0.9184 -0.7183 -0.6231 -0.3095 -0.5722 0.7822 -0.2465 80.dat
1 3 -388.4 -84.7103 -221.686 -0.3802 0 0.9249 -0.744 -0.5941 -0.3058 -0.5495 0.8044 -0.2259 80.dat
1 3 -388.4 -87.9072 -217.195 -0.3644 0 0.9312 -0.77 -0.5624 -0.3013 -0.5238 0.8268 -0.205 80.dat
1 3 -388.4 -90.9217 -212.582 -0.3485 0 0.9373 -0.7958 -0.5283 -0.2959 -0.4952 0.8491 -0.1841 80.dat
1 3 -388.4 -93.7452 -207.846 -0.3323 0 0.9432 -0.821 -0.4922 -0.2893 -0.4643 0.8705 -0.1636 80.dat
1 3 -388.4 -96.3732 -202.984 -0.316 0 0.9487 -0.8449 -0.455 -0.2814 -0.4317 0.8905 -0.1438 80.dat
1 3 -388.4 -98.7912 -198.022 -0.2996 0 0.9541 -0.867 -0.4174 -0.2722 -0.3983 0.9087 -0.125 80.dat
1 3 -388.4 -101.005 -192.962 -0.2829 0 0.9591 -0.887 -0.3805 -0.2616 -0.365 0.9248 -0.1077 80.dat
1 3 -388.4 -103.013 -187.833 -0.2661 0 0.964 -0.9047 -0.3451 -0.2497 -0.3326 0.9386 -0.0918 80.dat
1 3 -388.4 -104.828 -182.64 -0.2491 0 0.9685 -0.9202 -0.3117 -0.2367 -0.3019 0.9502 -0.0776 80.dat
1 3 -388.4 -106.466 -177.389 -0.2319 0 0.9727 -0.9336 -0.281 -0.2225 -0.2733 0.9597 -0.0651 80.dat
1 3 -388.4 -107.943 -172.086 -0.2144 0 0.9767 -0.945 -0.253 -0.2075 -0.2471 0.9675 -0.0542 80.dat
1 3 -388.4 -109.275 -166.738 -0.1968 0 0.9804 -0.9546 -0.228 -0.1916 -0.2235 0.9737 -0.0449 80.dat
1 3 -388.4 -110.478 -161.352 -0.179 0 0.9838 -0.9628 -0.2058 -0.1752 -0.2025 0.9786 -0.0369 80.dat
1 3 -388.4 -111.566 -155.937 -0.1611 0 0.9869 -0.9696 -0.1865 -0.1583 -0.1841 0.9824 -0.0301 80.dat
1 3 -388.4 -112.555 -150.502 -0.1432 0 0.9897 -0.9753 -0.1699 -0.1411 -0.1681 0.9855 -0.0243 80.dat
1 3 -388.4 -113.457 -145.056 -0.1253 0 0.9921 -0.98 -0.1556 -0.1238 -0.1544 0.9878 -0.0195 80.dat
1 3 -388.4 -114.284 -139.607 -0.1075 0 0.9942 -0.9839 -0.1435 -0.1064 -0.1426 0.9897 -0.0154 80.dat
1 3 -388.4 -115.052 -134.132 -0.0899 0 0.996 -0.9871 -0.1332 -0.0891 -0.1327 0.9911 -0.012 80.dat
1 3 -388.4 -115.765 -128.671 -0.0724 0 0.9974 -0.9896 -0.1247 -0.0718 -0.1244 0.9922 -0.009 80.dat
1 3 -388.4 -116.434 -123.2 -0.0552 0 0.9985 -0.9915 -0.1176 -0.0548 -0.1175 0.9931 -0.0065 80.dat
1 3 -388.4 -117.068 -117.727 -0.0383 0 0.9993 -0.993 -0.1119 -0.0381 -0.1118 0.9937 -0.0043 80.dat
1 3 -388.4 -117.672 -112.258 -0.0217 0 0.9998 -0.994 -0.1072 -0.0216 -0.1072 0.9942 -0.0023 80.dat
1 3 -388.4 -118.254 -106.77 -0.0054 0 1 -0.9946 -0.1035 -0.0054 -0.1035 0.9946 -0.0006 80.dat
1 3 -388.4 -118.82 -101.268 0.0106 0 0.9999 -0.9949 -0.1007 0.0106 -0.1007 0.9949 0.0011 80.dat
1 3 -388.4 -119.369 -95.7925 0.0264 0 0.9997 -0.9948 -0.0986 0.0262 -0.0985 0.9951 0.0026 80.dat
1 3 -388.4 -119.907 -90.3165 0.0417 0 0.9991 -0.9944 -0.0971 0.0415 -0.097 0.9953 0.004 80.dat
1 3 -388.4 -120.442 -84.8152 0.0566 0 0.9984 -0.9938 -0.0962 0.0563 -0.096 0.9954 0.0054 80.dat
1 3 -388.4 -120.971 -79.3265 0.0713 0 0.9975 -0.9929 -0.0957 0.071 -0.0955 0.9954 0.0068 80.dat
1 3 -388.4 -121.5 -73.8252 0.0856 0 0.9963 -0.9918 -0.0957 0.0852 -0.0953 0.9954 0.0082 79.dat
0 SYNTH SYNTHESIZED END
0 SYNTH END


0 FILE 8245 - Figure.ldr
0 Figure
0 Name: 8245 - Figure.ldr
0 Author: Philippe Hurbain [Philo]
0 !LDRAW_ORG Unofficial_Model
0 !LICENSE Redistributable under CCAL version 2.0 : see CAreadme.txt
0 !THEME Technic / Competition
1 7 -374.7 -9.84 -165.037 1 0 0 0 0.130526 0.991445 0 -0.991445 0.130526 2703.dat
1 0 -404.7 -9.84 -165.037 1 0 0 0 0.130526 0.991445 0 -0.991445 0.130526 2709.dat
1 0 -399.7 -4.62 -204.695 1 0 0 0 0.130526 0.991445 0 -0.991445 0.130526 2704.dat
1 7 -379.7 -4.62 -204.695 1 0 0 0 0.130526 0.991445 0 -0.991445 0.130526 2704.dat
1 0 -379.7 0.601 -244.353 1 0 0 0 0.130526 0.991445 0 -0.991445 0.130526 2706.dat
1 0 -399.7 0.601 -244.353 1 0 0 0 0.130526 0.991445 0 -0.991445 0.130526 2706.dat
1 0 -389.7 -20.189 -151.55 1 0 0 0 0.608761 0.793353 0 -0.793353 0.608761 2699.dat
1 3 -389.7 -20.189 -151.55 1 0 0 0 0.608761 0.793353 0 -0.793353 0.608761 2698.dat
1 0 -389.7 -20.189 -151.55 1 0 0 0 0.608761 0.793353 0 -0.793353 0.608761 2710.dat
1 14 -389.7 -53.061 -108.709 1 0 0 0 0.866025 0.5 0 -0.5 0.866025 2707p03.dat
1 3 -389.7 -80.776 -92.709 1 0 0 0 0.866025 0.5 0 -0.5 0.866025 8245 - 2715.dat
1 40 -389.7 -80.776 -92.709 1 0 0 0 0.866025 0.5 0 -0.5 0.866025 2716.dat
1 0 -389.7 -89.435 -87.709 1 0 0 0 0.866025 0.5 0 -0.5 0.866025 2708.dat
1 7 -363.5 -48.191 -115.056 0 0 -1 -0.608761 0.793353 0 0.793353 0.608761 0 2701.dat
1 7 -363.5 -48.191 -115.056 0.793354 0 -0.608761 -0.37059 0.793353 -0.482963 0.482963 0.608761 0.62941 2705.dat
1 7 -363.5 -48.191 -115.056 0.793354 0 -0.608761 -0.37059 0.793353 -0.482963 0.482963 0.608761 0.62941 2700.dat
1 7 -344.628 -33.221 -134.568 0.793354 0 -0.608761 -0.37059 0.793353 -0.482963 0.482963 0.608761 0.62941 2701.dat
1 7 -344.628 -33.221 -134.568 0.965926 0 -0.258818 -0.157559 0.793353 -0.588019 0.205334 0.608761 0.766321 2705.dat
1 7 -344.628 -33.221 -134.568 0.965926 0 -0.258818 -0.157559 0.793353 -0.588019 0.205334 0.608761 0.766321 2700.dat
1 14 -335.7 -12.933 -161.005 -0.965926 0 -0.258818 0.157559 -0.793353 -0.588019 -0.205334 -0.608761 0.766321 2702.dat
1 0 -415.9 -48.191 -115.056 0 0 1 0 -0.999999 0 0.999999 0 0 2701.dat
1 0 -415.9 -48.191 -115.056 -0.92388 0 0.382683 0 -0.999999 0 0.382683 0 0.92388 2705.dat
1 0 -415.9 -48.191 -115.056 -0.92388 0 0.382683 0 -0.999999 0 0.382683 0 0.92388 2700.dat
1 0 -427.763 -48.191 -143.696 -0.92388 0 0.382683 0 -0.999999 0 0.382683 0 0.92388 2701.dat
1 0 -427.763 -48.191 -143.696 -1 0 0 0 -0.999999 0 0 0 1 2705.dat
1 0 -427.763 -48.191 -143.696 -1 0 0 0 -0.999999 0 0 0 1 2700.dat
1 14 -427.763 -48.19 -178.196 1 0 0 0 0.999999 0 0 0 1 2702.dat


0 FILE 8245 - Target.ldr
0 Target
0 Name: 8245 - Target.ldr
0 Author: Philippe Hurbain [Philo]
0 !LDRAW_ORG Unofficial_Model
0 !LICENSE Redistributable under CCAL version 2.0 : see CAreadme.txt
0 !THEME Technic / Competition

1 0 0 2.79196 0.0487366 0 1 0 -0.999391 0 -0.0348995 -0.0348995 0 0.999391 6629.dat
1 0 -20 2.79196 0.0487366 -1 0 0 0 -0.999391 -0.0348995 0 -0.0348995 0.999391 4519.dat
1 0 -20 -49.9251 134.291 -1 0 0 0 -0.576439 -0.81714 0 -0.81714 0.576439 4519.dat
1 22 -20 8.37588 -159.854 0 -1 0 -0.999391 0 0.0348995 -0.0348995 0 -0.999391 32009.dat
1 22 -20 -180.668 226.521 0 1 0 -0.576438 0 -0.81714 -0.81714 0 0.576438 32009.dat
1 0 -20 -0.69799 99.9878 -1 0 0 0 -0.999391 -0.0348995 0 -0.0348995 0.999391 4519.dat
1 0 -20 5.58392 -79.9025 -1 0 0 0 -0.999391 -0.0348995 0 -0.0348995 0.999391 4519.dat
1 7 0 5.58392 -79.9025 0 0 -1 -0.0348995 0.999391 0 0.999391 0.0348995 0 3713.dat
1 7 -40 5.58392 -79.9025 0 0 1 -0.0348995 -0.999391 0 0.999391 -0.0348995 0 3713.dat
1 7 -20 -0.69799 99.9878 0 0 1 -0.0348995 -0.999391 0 0.999391 -0.0348995 0 3713.dat
1 0 -20 -71.5754 -162.646 -1 0 0 0 -0.999391 -0.0348995 0 -0.0348995 0.999391 3705.dat
1 0 -40 2.79196 0.0487366 0 1 0 -0.999391 0 -0.0348995 -0.0348995 0 0.999391 6629.dat
1 22 -35 -31.5998 -161.25 0 1 0 -0.999391 0 -0.0348995 -0.0348995 0 0.999391 32056.dat
1 0 -20 -31.5998 -161.25 -1 0 0 0 -0.999391 -0.0348995 0 -0.0348995 0.999391 32062.dat
1 0 -20 -32.9957 -121.274 -1 0 0 0 -0.999391 -0.0348995 0 -0.0348995 0.999391 32062.dat
1 0 -20 -52.9836 -121.972 -1 0 0 0 0.0348995 -0.999391 0 -0.999391 -0.0348995 32039.dat
1 7 -20 -62.9775 -122.321 0 0 -1 0.999391 0.0348995 0 0.0348995 -0.999391 0 2736.dat
1 22 -5 -31.5998 -161.25 0 1 0 -0.999391 0 -0.0348995 -0.0348995 0 0.999391 32056.dat
1 0 -20 -82.6107 157.348 -1 0 0 0 -0.999391 -0.0348995 0 -0.0348995 0.999391 4519.dat
1 0 -20 -147.982 203.464 -1 0 0 0 -0.999391 -0.0348995 0 -0.0348995 0.999391 4519.dat
1 7 0 -82.6107 157.348 0 0 -1 -0.0348995 0.999391 0 0.999391 0.0348995 0 3713.dat
1 7 0 -147.982 203.464 0 0 -1 -0.0348995 0.999391 0 0.999391 0.0348995 0 3713.dat
1 7 -40 -147.982 203.464 0 0 1 0.0348995 0.999391 0 -0.999391 0.0348995 0 3713.dat
1 7 -40 -82.6107 157.348 0 0 1 0.0348995 0.999391 0 -0.999391 0.0348995 0 3713.dat
1 0 -20 -51.5876 -161.948 -1 0 0 0 -0.999391 -0.0348995 0 -0.0348995 0.999391 3706.dat
1 0 10 -11.6119 -160.552 0 1 0 -0.999391 0 -0.0348995 -0.0348995 0 0.999391 32009.dat
1 7 30 -51.5876 -161.948 0 0 -1 -0.0348995 0.999391 0 0.999391 0.0348995 0 3713.dat
1 0 -20 -10.216 -200.527 -1 0 0 0 0.93358 -0.358368 0 -0.358368 -0.93358 3706.dat
1 7 30 -10.216 -200.527 0 0 -1 0.358368 0.93358 0 0.93358 -0.358368 0 3648a.dat
1 22 -20 -10.216 -200.527 1 0 0 0 0.93358 0.358368 0 -0.358368 0.93358 32012.dat
1 7 10 0 80 1 0 0 0 1 0 0 0 1 3749.dat
1 7 -50 0 80 -1 0 0 0 -1 0 0 0 1 3749.dat
1 0 -10 -91.5632 -163.344 -1 0 0 0 -0.999391 -0.0348995 0 -0.0348995 0.999391 32073.dat
1 0 0 -6.72601 -300.467 -1 0 0 0 -0.999391 -0.0348995 0 -0.0348995 0.999391 2780.dat
1 0 -20 -6.72601 -300.467 -1 0 0 0 -0.999391 -0.0348995 0 -0.0348995 0.999391 75535.dat
1 0 -40 -6.72601 -300.467 -1 0 0 0 -0.999391 -0.0348995 0 -0.0348995 0.999391 2780.dat
1 0 -20 -126.893 -303.172 0 1 0 -0.981627 0 0.190809 0.190809 0 0.981627 6629.dat
1 14 -35 -121.228 -190.176 0 -1 0 0.670816 0 0.741624 -0.741623 0 0.670816 99773.dat
1 7 -40 -148.061 -160.511 1 0 0 0 -0.670816 -0.741624 0 0.741623 -0.670816 3749.dat
1 14 -5 -121.228 -190.176 0 -1 0 0.670816 0 0.741624 -0.741623 0 0.670816 99773.dat
1 7 0 -148.061 -160.511 -1 0 0 0 -0.670816 0.741624 0 0.741623 0.670816 3749.dat
1 0 -20 -126.893 -303.172 1 0 0 0 -0.190809 0.981627 0 -0.981627 -0.190809 3705.dat
1 0 -20 -123.077 -283.539 1 0 0 0 0.190809 -0.981627 0 0.981627 0.190809 32062.dat
1 0 -20 -115.444 -244.274 1 0 0 0 0.190809 -0.981627 0 0.981627 0.190809 32062.dat
1 22 -35 -115.444 -244.274 0 1 0 -0.190809 0 -0.981627 -0.981627 0 0.190809 32056.dat
1 22 -5 -115.444 -244.274 0 1 0 -0.190809 0 -0.981627 -0.981627 0 0.190809 32056.dat
1 0 -20 -154.709 -236.642 1 0 0 0 0.190809 -0.981627 0 0.981627 0.190809 32062.dat
1 0 10 -121.228 -190.176 0 0 -1 -0.741624 -0.670816 0 -0.670816 0.741623 0 32039.dat
1 0 -50 -11.6119 -160.552 0 1 0 -0.999391 0 -0.0348995 -0.0348995 0 0.999391 32009.dat
1 7 -70 -10.216 -200.527 0 0 1 -0.358368 0.93358 0 -0.933581 -0.358368 0 3713.dat
1 7 -70 -51.5876 -161.948 0 0 1 -0.0348995 -0.999391 0 0.999391 -0.0348995 0 3713.dat
1 7 30 -91.5632 -163.344 -1 0 0 0 -0.670816 0.741624 0 0.741624 0.670816 32014.dat
1 0 30 -72.1095 -184.851 0 1 0 -0.670816 0 0.741623 0.741624 0 0.670816 32062.dat
1 0 30 -113.812 -183.468 0 1 0 -0.741623 0 -0.670816 -0.670816 0 0.741623 32062.dat
1 0 -25 -121.228 -190.176 -1 0 0 0 -0.670816 0.741624 0 0.741623 0.670816 3705.dat
1 7 30 -58.0224 -200.425 0 1 0 0.741623 0 0.670816 0.670816 0 -0.741624 6538b.dat
1 7 -61 -121.228 -190.176 0 0 1 0.741624 -0.670816 0 0.670816 0.741623 0 6538b.dat
1 0 0 -8.81998 -240.503 -1 0 0 0 -0.999391 -0.0348995 0 -0.0348995 0.999391 3707.dat
1 7 -80 -8.81998 -240.503 0 0 1 -0.0348995 -0.999391 0 0.999391 -0.0348995 0 6538b.dat
1 7 30 -8.81998 -240.503 0 0 1 -0.0348995 -0.999391 0 0.999391 -0.0348995 0 3647.dat
1 7 50 -8.81998 -240.503 0 0 -1 -0.0348995 0.999391 0 0.999391 0.0348995 0 3713.dat
1 0 -101 -8.81998 -240.503 -1 0 0 0 -0.999391 -0.0348995 0 -0.0348995 0.999391 32062.dat
1 0 -20 -226.782 161.15 1 0 0 0 0.576439 -0.817139 0 0.81714 0.576438 4519.dat
1 0 -60 0 80 0 0 -1 0 -1 0 -1 0 0 3482.dat
1 256 -60 0 80 0 0 -1 0 -1 0 -1 0 0 3483.dat
1 0 19 0 80 0 0 -1 0 -1 0 -1 0 0 3482.dat
1 256 19 0 80 0 0 -1 0 -1 0 -1 0 0 3483.dat
1 14 0 -226.782 161.15 1 0 0 0 -0.576439 0.817139 0 -0.81714 -0.576438 6553.dat
1 14 -40 -226.782 161.15 1 0 0 0 -0.576439 0.817139 0 -0.81714 -0.576438 6553.dat
1 0 -60 -6.02802 -320.454 -1 0 0 0 -0.999391 -0.0348995 0 -0.0348995 0.999391 32062.dat
1 0 20 -6.02802 -320.454 -1 0 0 0 -0.999391 -0.0348995 0 -0.0348995 0.999391 32062.dat
1 0 -69 -26.0158 -321.152 -1 0 0 0 0.0348995 -0.999391 0 -0.999391 -0.0348995 32039.dat
1 0 30 -26.0158 -321.152 -1 0 0 0 0.0348995 -0.999391 0 -0.999391 -0.0348995 32039.dat
1 0 30 -55.9976 -322.199 0 0 -1 0.999391 0.0348995 0 0.0348995 -0.999391 0 3705.dat
1 0 -69 -55.9976 -322.199 0 0 -1 0.999391 0.0348995 0 0.0348995 -0.999391 0 3705.dat
1 7 10 -46.0037 -321.85 0 0 -1 0.999391 0.0348995 0 0.0348995 -0.999391 0 32039.dat
1 7 -49 -46.0037 -321.85 0 0 1 0.999391 -0.0348995 0 0.0348995 0.999391 0 32039.dat
1 0 -20 -46.0037 -321.85 -1 0 0 0 0.0348995 -0.999391 0 -0.999391 -0.0348995 3705.dat
1 7 -5 -46.0037 -321.85 0 0 -1 0.999391 0.0348995 0 0.0348995 -0.999391 0 32123b.dat
1 7 -34 -46.0037 -321.85 0 0 -1 0.999391 0.0348995 0 0.0348995 -0.999391 0 32123b.dat
1 7 -19 -45.3057 -341.838 0 0 1 0.999391 -0.0348995 0 0.0348995 0.999391 0 6536.dat
1 0 -19 -35.3118 -341.489 0 0 -1 0.999391 0.0348995 0 0.0348995 -0.999391 0 3705.dat
1 7 -19 -65.2935 -342.536 0 1 0 -0.0348995 0 0.999391 0.999391 0 0.0348995 3713.dat
1 0 -19 -30.3148 -341.315 -1 0 0 0 -0.999391 -0.0348995 0 -0.0348995 0.999391 6632.dat
1 0 -19 -20.3209 -340.966 -1 0 0 0 -0.999391 -0.0348995 0 -0.0348995 0.999391 6632.dat
1 0 -19 -5.33003 -340.442 0 0 -1 0.999391 0.0348995 0 0.0348995 -0.999391 0 6536.dat
1 0 -19 -4.63204 -360.43 1 0 0 0 0.0348995 0.999391 0 -0.999391 0.0348995 6558.dat
1 0 -49 -4.63204 -360.43 1 0 0 0 0.0348995 0.999391 0 -0.999391 0.0348995 75535.dat
1 0 11 -4.63204 -360.43 -1 0 0 0 -0.0348995 0.999391 0 0.999391 0.0348995 75535.dat
1 7 30 -85.9793 -323.246 0 1 0 -0.0348995 0 0.999391 0.999391 0 0.0348995 3713.dat
1 22 -132.413 -62.436 -424.363 0.848971 0 -0.528438 0.0184422 -0.999391 0.0296287 -0.528116 -0.0348995 -0.848454 32009.dat
1 0 -64.4949 -60.9607 -466.612 0 0.848971 -0.528438 0.999391 0.0184422 0.0296287 0.0348995 -0.528116 -0.848454 4519.dat
1 14 -64.4949 -40.9729 -465.914 0 0.848971 -0.528438 0.999391 0.0184422 0.0296287 0.0348995 -0.528116 -0.848454 6553.dat
1 14 -64.4949 -80.9485 -467.31 0 0.848971 -0.528438 0.999391 0.0184422 0.0296287 0.0348995 -0.528116 -0.848454 6553.dat
1 22 93.4126 -62.436 -424.363 -0.848971 0 0.528438 0.0184422 0.999391 0.0296287 -0.528116 0.0348995 -0.848454 32009.dat
1 0 25.4949 -60.9607 -466.612 0 -0.848971 0.528438 -0.999391 0.0184422 0.0296287 -0.0348995 -0.528116 -0.848454 4519.dat
1 14 25.4949 -80.9485 -467.31 0 -0.848971 0.528438 -0.999391 0.0184422 0.0296287 -0.0348995 -0.528116 -0.848454 6553.dat
1 14 25.4949 -40.9728 -465.914 0 -0.848971 0.528438 -0.999391 0.0184422 0.0296287 -0.0348995 -0.528116 -0.848454 6553.dat
1 7 -69 -85.9793 -323.246 0 1 0 -0.0348995 0 0.999391 0.999391 0 0.0348995 3713.dat
1 0 -20 -94.3955 -219.841 1 0 0 0 0.670817 0.741623 0 -0.741623 0.670817 3705.dat
1 0 -70 -94.3955 -219.841 0 0 -1 -0.670816 0.741622 0 0.741622 0.670817 0 32014.dat
1 0 30 -94.3955 -219.841 0 0 1 0.670817 0.741622 0 -0.741623 0.670816 0 32014.dat
1 0 30 -117.386 -240.637 0 0 1 0.741622 -0.670816 0 0.670817 0.741622 0 32062.dat
1 0 -70 -118.128 -241.308 0 0 1 0.741622 -0.670816 0 0.670817 0.741622 0 32062.dat
1 7 -70 -87.6873 -227.258 0 0 1 0.670817 0.741622 0 -0.741622 0.670816 0 3749.dat
1 7 30 -87.6873 -227.258 0 0 1 0.670817 0.741622 0 -0.741622 0.670816 0 3749.dat
1 0 -79.5688 -75.3928 -339.866 0 0.848972 -0.528438 0.999391 0.0184422 0.0296286 0.0348995 -0.528116 -0.848454 2780.dat
1 0 40.5688 -75.3928 -339.866 0 -0.848972 0.528438 -0.999391 0.0184422 0.0296286 -0.0348995 -0.528116 -0.848454 2780.dat
1 0 30 -82.3208 -233.19 0 0 1 0.741622 -0.670816 0 0.670817 0.741622 0 4032a.dat
1 0 30 -76.9543 -239.124 0 0 1 0.741622 -0.670816 0 0.670817 0.741622 0 4032a.dat
1 0 30 -71.5877 -245.057 0 0 1 0.741622 -0.670816 0 0.670817 0.741622 0 4150.dat
1 0 -70 -82.3208 -233.191 0 0 1 0.741622 -0.670816 0 0.670817 0.741622 0 4032a.dat
1 0 -70 -76.9543 -239.124 0 0 1 0.741622 -0.670816 0 0.670817 0.741622 0 4032a.dat
1 0 -70 -71.5878 -245.057 0 0 1 0.741622 -0.670816 0 0.670817 0.741622 0 4150.dat
1 0 -70 -122.577 -245.332 1 0 0 0 0.741623 -0.670817 0 0.670817 0.741623 4032a.dat
1 0 -70 -128.51 -250.699 1 0 0 0 0.741623 -0.670817 0 0.670817 0.741623 4032a.dat
1 0 -70 -134.443 -256.065 1 0 0 0 0.741623 -0.670817 0 0.670817 0.741623 4150.dat
1 0 30 -122.577 -245.332 1 0 0 0 0.741623 -0.670817 0 0.670817 0.741623 4032a.dat
1 0 30 -128.51 -250.699 1 0 0 0 0.741623 -0.670817 0 0.670817 0.741623 4032a.dat
1 0 30 -134.443 -256.065 1 0 0 0 0.741623 -0.670817 0 0.670817 0.741623 4150.dat
1 7 -40 -145.436 -310.664 0 0 1 0.374607 0.927184 0 -0.927184 0.374607 0 6536.dat
1 7 0 -145.436 -310.664 0 0 1 0.374607 0.927184 0 -0.927184 0.374607 0 6536.dat
1 7 0 -149.183 -301.392 0 0 1 0.374607 0.927184 0 -0.927184 0.374607 0 3749.dat
1 7 -40 -149.183 -301.392 0 0 1 0.374607 0.927184 0 -0.927184 0.374607 0 3749.dat
1 7 -55 -126.893 -303.172 0 0 1 -0.981627 -0.190809 0 0.190809 -0.981627 0 32123b.dat
1 7 15 -126.893 -303.172 0 0 1 -0.981627 -0.190809 0 0.190809 -0.981627 0 32123b.dat
1 0 -120 -8.81998 -240.503 0 0 1 -0.0348995 -0.999391 0 0.999391 -0.0348995 0 2994.dat
1 256 -120 -8.81998 -240.503 0 0 1 -0.0348995 -0.999391 0 0.999391 -0.0348995 0 6578.dat
1 0 80 -8.81998 -240.503 0 0 -1 -0.0348995 0.999391 0 0.999391 0.0348995 0 2994.dat
1 256 80 -8.81998 -240.503 0 0 -1 -0.0348995 0.999391 0 0.999391 0.0348995 0 6578.dat
1 256 -20 -174.342 -232.825 1 0 0 0 0.190809 -0.981627 0 0.981627 0.190809 32039.dat
1 256 -20 -212.625 -225.384 0 0 -1 0.190809 0.981627 0 0.981627 -0.190809 0 6553.dat
1 256 -20 -212.625 -225.384 0 0 -1 0.190809 0.981627 0 0.981627 -0.190809 0 32062.dat
1 15 -20 -214.343 -234.219 0 0 -1 0.981627 -0.190809 0 -0.190809 -0.981627 0 2723.dat
0 SYNTH BEGIN TECHNIC_RIBBED_HOSE 0
0 1 15 -40 -148.061 -160.511 0 1 0 0.670816 0 -0.741623 -0.741624 0 -0.670816 LS05.dat
0 1 15 -55 -148.061 -160.511 0 1 0 0.670816 0 -0.741623 -0.741624 0 -0.670816 LS05.dat
0 1 15 -40 -157.183 -281.392 0 0 1 0.927184 -0.374607 0 0.374607 0.927184 0 LS05.dat
0 1 15 -40 -149.183 -301.392 0 0 1 0.927184 -0.374607 0 0.374607 0.927184 0 LS05.dat
0 SYNTH SHOW
0 SYNTH SYNTHESIZED BEGIN
1 0 -42.5 -148.061 -160.511 0 1 0 0.7416 0 0.6708 0.6708 0 -0.7416 79.dat
1 0 -48.0013 -148.061 -160.511 0 -1 0 0.7416 0 0.6708 0.6708 0 -0.7416 80.dat
1 0 -53.4994 -148.105 -160.602 -0.0375 -0.9992 0.0151 0.7415 -0.0177 0.6707 0.6699 -0.0364 -0.7415 80.dat
1 0 -58.975 -148.316 -161.043 -0.1356 -0.9891 0.0569 0.7399 -0.0629 0.6697 0.6589 -0.1329 -0.7404 80.dat
1 0 -64.3236 -148.83 -162.157 -0.2861 -0.9496 0.1284 0.7317 -0.13 0.6691 0.6186 -0.2853 -0.732 80.dat
1 0 -69.2293 -149.786 -164.321 -0.5053 -0.8219 0.2632 0.7134 -0.2262 0.6633 0.4856 -0.5229 -0.7006 80.dat
1 0 -73.0025 -151.263 -167.868 -0.6819 -0.5221 0.5123 0.7133 -0.3194 0.6239 0.1621 -0.7908 -0.5902 80.dat
1 0 -74.9785 -153.087 -172.562 -0.5658 -0.1613 0.8086 0.8001 -0.3445 0.4911 -0.1993 -0.9248 -0.324 80.dat
1 0 -75.2548 -154.927 -177.697 -0.3198 0.0833 0.9438 0.8876 -0.3222 0.3292 -0.3315 -0.943 -0.0291 80.dat
1 0 -74.445 -156.624 -182.86 -0.1874 0.2237 0.9565 0.9238 -0.2908 0.249 -0.3338 -0.9303 0.1521 80.dat
1 0 -73.0051 -158.15 -187.947 -0.1598 0.3068 0.9383 0.934 -0.2606 0.2443 -0.3194 -0.9154 0.2449 80.dat
1 0 -71.1836 -159.517 -192.968 -0.1915 0.3585 0.9137 0.9295 -0.2327 0.2861 -0.3152 -0.9041 0.2887 80.dat
1 0 -69.126 -160.733 -197.929 -0.2561 0.3916 0.8838 0.9115 -0.2066 0.3557 -0.3218 -0.8966 0.3041 80.dat
1 0 -66.914 -161.81 -202.864 -0.338 0.4126 0.8459 0.8795 -0.1815 0.4399 -0.335 -0.8927 0.3015 80.dat
1 0 -64.6127 -162.747 -207.773 -0.4268 0.425 0.7983 0.8338 -0.1568 0.5293 -0.3501 -0.8915 0.2874 80.dat
1 0 -62.2558 -163.549 -212.691 -0.5143 0.4307 0.7416 0.777 -0.1319 0.6155 -0.3629 -0.8928 0.2668 80.dat
1 0 -59.8798 -164.212 -217.622 -0.5955 0.4311 0.6779 0.7125 -0.1065 0.6935 -0.3712 -0.896 0.2437 80.dat
1 0 -57.5199 -164.732 -222.562 -0.6672 0.4266 0.6107 0.6447 -0.0801 0.7603 -0.3732 -0.9009 0.2216 80.dat
1 0 -55.1903 -165.105 -227.545 -0.7285 0.4176 0.5431 0.5774 -0.0524 0.8148 -0.3687 -0.9071 0.203 80.dat
1 0 -52.9255 -165.319 -232.558 -0.7804 0.404 0.4772 0.5129 -0.0229 0.8582 -0.3576 -0.9145 0.1894 80.dat
1 0 -50.7436 -165.366 -237.619 -0.8241 0.3858 0.4147 0.4527 0.0087 0.8916 -0.3404 -0.9225 0.1818 80.dat
1 0 -48.6777 -165.233 -242.719 -0.8612 0.3626 0.3561 0.397 0.0427 0.9168 -0.3172 -0.931 0.1807 80.dat
1 0 -46.755 -164.907 -247.861 -0.8931 0.3339 0.3016 0.3454 0.0794 0.9351 -0.2883 -0.9392 0.1863 80.dat
1 0 -45 -164.37 -253.059 -0.9206 0.2993 0.2509 0.2969 0.1192 0.9474 -0.2537 -0.9467 0.1986 80.dat
1 0 -43.4526 -163.606 -258.293 -0.9445 0.2582 0.2033 0.2498 0.162 0.9547 -0.2135 -0.9524 0.2175 80.dat
1 0 -42.1497 -162.599 -263.549 -0.9647 0.2102 0.1587 0.2027 0.2077 0.957 -0.1682 -0.9553 0.243 80.dat
1 0 -41.1305 -161.336 -268.802 -0.981 0.1553 0.1164 0.1537 0.2559 0.9544 -0.1184 -0.9541 0.2749 80.dat
1 0 -40.4286 -159.799 -274.047 -0.9927 0.0936 0.076 0.1013 0.3059 0.9467 -0.0653 -0.9475 0.3131 80.dat
1 0 -40.1425 -157.949 -279.216 -1 0.0019 0 0.0007 0.3724 0.9281 -0.0018 -0.9281 0.3724 80.dat
1 0 -40.1188 -155.916 -284.328 -1 0.0072 0 0.0026 0.3662 0.9305 -0.0067 -0.9305 0.3662 80.dat
1 0 -40.0707 -153.911 -289.451 -0.9999 0.0106 0 0.0038 0.3622 0.9321 -0.0099 -0.932 0.3622 80.dat
1 0 -40.0241 -151.905 -294.573 -1 0.0059 0 0.0022 0.3676 0.93 -0.0055 -0.9299 0.3676 79.dat
0 SYNTH SYNTHESIZED END
0 SYNTH SYNTHESIZED BEGIN
0 SYNTH SYNTHESIZED END
0 SYNTH SYNTHESIZED BEGIN
0 SYNTH SYNTHESIZED END
0 SYNTH END
1 0 2.5 -148.061 -160.511 0 -1 0 0.7416 0 0.6708 0.6708 0 -0.7416 79.dat
1 0 8.001 -148.061 -160.511 0 1 0 0.7416 0 0.6708 0.6708 0 -0.7416 80.dat
1 0 13.499 -148.105 -160.602 0.0375 0.9992 -0.0151 0.7415 -0.0177 0.6707 0.6699 -0.0364 -0.7415 80.dat
1 0 18.975 -148.316 -161.043 0.1356 0.9891 -0.0569 0.7399 -0.0629 0.6697 0.6589 -0.1329 -0.7404 80.dat
1 0 24.324 -148.83 -162.157 0.2861 0.9496 -0.1284 0.7317 -0.13 0.6691 0.6186 -0.2853 -0.732 80.dat
1 0 29.229 -149.786 -164.321 0.5053 0.8219 -0.2632 0.7134 -0.2262 0.6633 0.4856 -0.5229 -0.7006 80.dat
1 0 33.003 -151.263 -167.868 0.6819 0.5221 -0.5123 0.7133 -0.3194 0.6239 0.1621 -0.7908 -0.5902 80.dat
1 0 34.979 -153.087 -172.562 0.5658 0.1613 -0.8086 0.8001 -0.3445 0.4911 -0.1993 -0.9248 -0.324 80.dat
1 0 35.255 -154.927 -177.697 0.3198 -0.0833 -0.9438 0.8876 -0.3222 0.3292 -0.3315 -0.943 -0.0291 80.dat
1 0 34.445 -156.624 -182.86 0.1874 -0.2237 -0.9565 0.9238 -0.2908 0.249 -0.3338 -0.9303 0.1521 80.dat
1 0 33.005 -158.15 -187.947 0.1598 -0.3068 -0.9383 0.934 -0.2606 0.2443 -0.3194 -0.9154 0.2449 80.dat
1 0 31.184 -159.517 -192.968 0.1915 -0.3585 -0.9137 0.9295 -0.2327 0.2861 -0.3152 -0.9041 0.2887 80.dat
1 0 29.126 -160.733 -197.929 0.2561 -0.3916 -0.8838 0.9115 -0.2066 0.3557 -0.3218 -0.8966 0.3041 80.dat
1 0 26.914 -161.81 -202.864 0.338 -0.4126 -0.8459 0.8795 -0.1815 0.4399 -0.335 -0.8927 0.3015 80.dat
1 0 24.613 -162.747 -207.773 0.4268 -0.425 -0.7983 0.8338 -0.1568 0.5293 -0.3501 -0.8915 0.2874 80.dat
1 0 22.256 -163.549 -212.691 0.5143 -0.4307 -0.7416 0.777 -0.1319 0.6155 -0.3629 -0.8928 0.2668 80.dat
1 0 19.88 -164.212 -217.622 0.5955 -0.4311 -0.6779 0.7125 -0.1065 0.6935 -0.3712 -0.896 0.2437 80.dat
1 0 17.52 -164.732 -222.562 0.6672 -0.4266 -0.6107 0.6447 -0.0801 0.7603 -0.3732 -0.9009 0.2216 80.dat
1 0 15.19 -165.105 -227.545 0.7285 -0.4176 -0.5431 0.5774 -0.0524 0.8148 -0.3687 -0.9071 0.203 80.dat
1 0 12.926 -165.319 -232.558 0.7804 -0.404 -0.4772 0.5129 -0.0229 0.8582 -0.3576 -0.9145 0.1894 80.dat
1 0 10.744 -165.366 -237.619 0.8241 -0.3858 -0.4147 0.4527 0.0087 0.8916 -0.3404 -0.9225 0.1818 80.dat
1 0 8.678 -165.233 -242.719 0.8612 -0.3626 -0.3561 0.397 0.0427 0.9168 -0.3172 -0.931 0.1807 80.dat
1 0 6.755 -164.907 -247.861 0.8931 -0.3339 -0.3016 0.3454 0.0794 0.9351 -0.2883 -0.9392 0.1863 80.dat
1 0 5 -164.37 -253.059 0.9206 -0.2993 -0.2509 0.2969 0.1192 0.9474 -0.2537 -0.9467 0.1986 80.dat
1 0 3.453 -163.606 -258.293 0.9445 -0.2582 -0.2033 0.2498 0.162 0.9547 -0.2135 -0.9524 0.2175 80.dat
1 0 2.15 -162.599 -263.549 0.9647 -0.2102 -0.1587 0.2027 0.2077 0.957 -0.1682 -0.9553 0.243 80.dat
1 0 1.131 -161.336 -268.802 0.981 -0.1553 -0.1164 0.1537 0.2559 0.9544 -0.1184 -0.9541 0.2749 80.dat
1 0 0.429 -159.799 -274.047 0.9927 -0.0936 -0.076 0.1013 0.3059 0.9467 -0.0653 -0.9475 0.3131 80.dat
1 0 0.143 -157.949 -279.216 1 -0.0019 0 0.0007 0.3724 0.9281 -0.0018 -0.9281 0.3724 80.dat
1 0 0.119 -155.916 -284.328 1 -0.0072 0 0.0026 0.3662 0.9305 -0.0067 -0.9305 0.3662 80.dat
1 0 0.071 -153.911 -289.451 0.9999 -0.0106 0 0.0038 0.3622 0.9321 -0.0099 -0.932 0.3622 80.dat
1 0 0.024 -151.905 -294.573 1 -0.0059 0 0.0022 0.3676 0.93 -0.0055 -0.9299 0.3676 79.dat
0 SYNTH BEGIN FIBER_OPTICS_CABLE 15
0 1 15 -20 -66.9775 -129.321 0 1 0 0.999391 0 0.0348995 0.0348995 0 -0.999391 LS05.dat
0 1 15 -26 -66.978 -124.321 0.0348995 0 -0.999391 0.999391 0 0.0348995 0 -1 0 LS05.dat
0 1 15 -44 -73.9775 157.679 0 0 -1 0.99939 0.0348995 0 0.0348995 -0.999391 0 LS05.dat
0 1 15 -37 -153.978 196.679 0 0 -1 0.649448 0.760406 0 0.760405 -0.649448 0 LS05.dat
0 1 15 -38 -140.978 211.679 0 0 -1 -0.649447 -0.760406 0 -0.760405 0.649448 0 LS05.dat
0 1 15 -38 -6.97786 119.679 0 0 -1 -0.649447 -0.760406 0 -0.760405 0.649448 0 LS05.dat
0 1 15 -38 13.0222 98.6794 0 0 -1 -0.999657 -0.0436293 0 -0.0436293 0.999657 0 LS05.dat
0 1 15 -38 14.0222 -77.3207 0 0 -1 -1 0 0 0 1 0 LS05.dat
0 1 15 -35 2.522 -125.321 -0.0181719 -0.067348 -0.997564 -0.965473 0.260505 0 0.25987 0.963121 -0.0697565 LS05.dat
0 1 15 -23 -12.9778 -189.321 0 0 -1 -1 0 0 0 1 0 LS05.dat
0 1 15 -23 -12.9778 -239.321 0 0 -1 -1 0 0 0 1 0 LS05.dat
0 SYNTH SHOW
0 SYNTH SYNTHESIZED BEGIN
1 15 -20 -66.9775 -129.321 0.0014 -0.9493 -0.0399 1.9988 0 0.0698 0.0698 0.019 -1.9984 4-4cyli.dat
1 15 -20.7577 -66.9775 -129.306 0.0047 -0.953 -0.1356 1.9988 0 0.0699 0.0697 0.0648 -1.9942 4-4cyli.dat
1 15 -21.4928 -66.9775 -129.256 0.0085 -0.779 -0.2443 1.9988 0 0.0699 0.0694 0.0959 -1.9838 4-4cyli.dat
1 15 -22.0531 -66.9775 -129.187 0.0122 -0.6808 -0.3532 1.9988 0 0.07 0.0689 0.1222 -1.9673 4-4cyli.dat
1 15 -22.5139 -66.9776 -129.104 0.0161 -0.6028 -0.4626 1.9988 0 0.07 0.0681 0.1434 -1.9445 4-4cyli.dat
1 15 -22.8945 -66.9776 -129.014 0.0199 -0.5587 -0.5729 1.9988 0 0.07 0.0671 0.1671 -1.9149 4-4cyli.dat
1 15 -23.2295 -66.9776 -128.913 0.0238 -0.4981 -0.6837 1.9988 0 0.07 0.0659 0.1813 -1.8782 4-4cyli.dat
1 15 -23.5166 -66.9776 -128.809 0.0275 -0.4318 -0.788 1.9988 0 0.0701 0.0645 0.1852 -1.8369 4-4cyli.dat
1 15 -23.7482 -66.9777 -128.709 0.0309 -0.3973 -0.8869 1.9988 0 0.0701 0.0629 0.1967 -1.7912 4-4cyli.dat
1 15 -23.961 -66.9777 -128.604 0.0341 -0.3289 -0.9779 1.9988 0 0.0701 0.0612 0.1845 -1.7432 4-4cyli.dat
1 15 -24.127 -66.9777 -128.511 0.0369 -0.324 -1.0583 1.9988 -0.0001 0.0701 0.0596 0.2022 -1.6956 4-4cyli.dat
1 15 -24.2748 -66.9777 -128.419 0.04 -0.3539 -1.1449 1.9988 0 0.0701 0.0575 0.2473 -1.6384 4-4cyli.dat
1 15 -24.4467 -66.9777 -128.299 0.0431 -0.3122 -1.2341 1.9988 0 0.0701 0.0553 0.2451 -1.5723 4-4cyli.dat
1 15 -24.5916 -66.9778 -128.185 0.046 -0.2955 -1.316 1.9988 0 0.0701 0.0529 0.2584 -1.5044 4-4cyli.dat
1 15 -24.7275 -66.9778 -128.066 0.0488 -0.276 -1.3938 1.9988 0 0.0701 0.0504 0.2685 -1.4326 4-4cyli.dat
1 15 -24.8529 -66.9778 -127.944 0.0513 -0.2575 -1.4672 1.9988 0 0.0701 0.0477 0.2783 -1.3574 4-4cyli.dat
1 15 -24.9711 -66.9778 -127.816 0.0537 -0.2383 -1.5349 1.9988 0 0.0701 0.0451 0.2856 -1.2803 4-4cyli.dat
1 15 -25.0777 -66.9778 -127.689 0.0559 -0.2337 -1.5986 1.9988 -0.0001 0.0701 0.0423 0.3114 -1.1998 4-4cyli.dat
1 15 -25.1844 -66.9779 -127.546 0.0581 -0.2151 -1.6599 1.9988 0 0.0701 0.0392 0.3206 -1.1135 4-4cyli.dat
1 15 -25.2867 -66.9779 -127.394 0.0601 -0.1931 -1.7141 1.9988 0 0.0701 0.0362 0.3219 -1.0281 4-4cyli.dat
1 15 -25.3752 -66.9779 -127.246 0.0618 -0.1902 -1.7641 1.9988 0 0.0701 0.0332 0.357 -0.9397 4-4cyli.dat
1 15 -25.4689 -66.9779 -127.07 0.0635 -0.1685 -1.81 1.9988 0 0.0702 0.0298 0.3597 -0.848 4-4cyli.dat
1 15 -25.5514 -66.9779 -126.894 0.0649 -0.1589 -1.8506 1.9988 0 0.0702 0.0266 0.3895 -0.7552 4-4cyli.dat
1 15 -25.634 -66.9779 -126.692 0.0662 -0.1402 -1.8864 1.9988 0 0.0702 0.0233 0.4003 -0.6607 4-4cyli.dat
1 15 -25.7077 -66.9779 -126.482 0.0673 -0.1301 -1.9173 1.9988 0 0.0702 0.02 0.4417 -0.5649 4-4cyli.dat
1 15 -25.7797 -66.978 -126.237 0.0682 -0.1133 -1.9438 1.9988 0 0.0702 0.0165 0.4728 -0.4657 4-4cyli.dat
1 15 -25.8453 -66.978 -125.964 0.069 -0.0946 -1.9651 1.9988 0 0.0702 0.0129 0.5086 -0.3655 4-4cyli.dat
1 15 -25.9029 -66.978 -125.654 0.0696 -0.0904 -1.981 1.9988 0 0.0703 0.0094 0.674 -0.2658 4-4cyli.dat
1 15 -25.9496 -66.978 -125.305 0.0702 -0.0601 -1.9962 1.9988 0 0.0703 0.0036 1.1754 -0.1021 4-4cyli.dat
1 15 -26 -66.978 -124.321 0.0692 -0.1044 -1.9974 1.9986 -0.0386 0.0703 0.0298 2.8275 -0.0728 4-4cyli.dat
1 15 -26.1002 -67.015 -121.608 0.0664 -6.3347 -1.9949 1.9982 -2.3635 0.0695 0.0517 99.488 -0.1254 4-4cyli.dat
1 15 -32.4342 -69.3782 -22.1273 0.0006 -11.582 -1.9959 1.9993 -4.609 0.0039 0.0512 180.03 -0.1283 4-4cyli.dat
1 15 -44 -73.9775 157.679 0.0001 0.0009 -2 1.9962 -0.0202 -0.0002 0.1228 0.3289 0.0052 4-4cyli.dat
1 15 -43.9997 -73.9845 157.792 0.0005 0.0027 -1.9999 1.9867 -0.039 -0.0013 0.2299 0.3365 0.0158 4-4cyli.dat
1 15 -43.9987 -73.9987 157.915 0.0015 0.0044 -1.9998 1.9716 -0.0566 -0.0029 0.3358 0.3325 0.0261 4-4cyli.dat
1 15 -43.9971 -74.0198 158.039 0.003 0.0063 -1.9997 1.9512 -0.0756 -0.005 0.4393 0.3357 0.0362 4-4cyli.dat
1 15 -43.9946 -74.0499 158.173 0.005 0.008 -1.9995 1.9259 -0.0936 -0.0076 0.5392 0.3342 0.0459 4-4cyli.dat
1 15 -43.9914 -74.0874 158.307 0.0075 0.0105 -1.9992 1.8955 -0.1194 -0.0108 0.6381 0.3547 0.0556 4-4cyli.dat
1 15 -43.9868 -74.1391 158.46 0.0106 0.0126 -1.9989 1.8591 -0.1411 -0.0145 0.7373 0.3555 0.0652 4-4cyli.dat
1 15 -43.981 -74.2039 158.624 0.0141 0.0149 -1.9985 1.8187 -0.1644 -0.0186 0.8319 0.3592 0.0744 4-4cyli.dat
1 15 -43.9738 -74.2832 158.797 0.0179 0.0178 -1.9981 1.774 -0.1944 -0.0231 0.9234 0.3731 0.0832 4-4cyli.dat
1 15 -43.9647 -74.3834 158.989 0.0222 0.021 -1.9977 1.7248 -0.2273 -0.0281 1.0122 0.3869 0.0917 4-4cyli.dat
1 15 -43.9532 -74.5076 159.2 0.0269 0.0251 -1.9972 1.6713 -0.2705 -0.0334 1.0982 0.411 0.0999 4-4cyli.dat
1 15 -43.9386 -74.6652 159.44 0.0321 0.0304 -1.9967 1.6129 -0.3255 -0.0393 1.1822 0.4433 0.1078 4-4cyli.dat
1 15 -43.9197 -74.8682 159.716 0.0376 0.0368 -1.9961 1.5498 -0.3933 -0.0457 1.2637 0.4812 0.1155 4-4cyli.dat
1 15 -43.8951 -75.131 160.038 0.0435 0.0448 -1.9955 1.4828 -0.4761 -0.0524 1.3414 0.5248 0.1227 4-4cyli.dat
1 15 -43.8631 -75.4705 160.412 0.0496 0.0555 -1.9949 1.4129 -0.5882 -0.0595 1.4147 0.5855 0.1293 4-4cyli.dat
1 15 -43.8213 -75.9145 160.854 0.0559 0.0721 -1.9943 1.3392 -0.7621 -0.0669 1.4844 0.6848 0.1355 4-4cyli.dat
1 15 -43.7635 -76.5255 161.403 0.0623 0.0943 -1.9936 1.2623 -0.9945 -0.0747 1.5501 0.8061 0.141 4-4cyli.dat
