0 FILE Main.ldr
0 Untitled
0 Name: Main.ldr
0 Author: MLCad
0 Unofficial Model
0 ROTATION CENTER 0 0 0 1 "Custom" 
0 ROTATION CONFIG 0 0
1 7 0 0 0 1 0 0 0 1 0 0 0 1 chassis.ldr
1 7 0 0 0 1 0 0 0 1 0 0 0 1 steer.ldr
1 7 0 0 0 1 0 0 0 1 0 0 0 1 flex.ldr
1 7 0 0 0 1 0 0 0 1 0 0 0 1 forks.ldr
1 7 0 0 0 1 0 0 0 1 0 0 0 1 action.ldr
0
0 FILE chassis.ldr
0 8248_B.LDR
0 ROTATION CENTER 0 0 0 1 "Custom" 
0 ROTATION CONFIG 0 0
1 0 -143.642 -37.734 -20 -1 0 0 0 0.237415 0.971408 0 0.971408 -0.237415 32013.dat
1 0 -183.642 -47.353 -20.461 1 0 0 0 1 0.00259433 0 -0.00259433 1 4519.dat
1 7 -143.642 -47.353 -20.461 0 0 1 -1 -0.00259426 0 0.00259452 -1 0 2853.dat
1 7 -223.642 -47.353 -20.461 0 0 -1 -1 0.0025943 0 0.0025943 1 0 2853.dat
1 0 -153.642 -24.898 123.469 0 0 1 -0.00315773 1 0 -1 -0.00315773 0 2730.dat
1 7 -153.642 -33.119 43.469 0 0 -1 0 1 0 1 0 0 3069b.dat
1 0 -143.642 -15.119 53.437 0 -1 0 1 0 0.00315743 -0.0031574 0 1 32069.dat
1 7 -153.642 -32.993 83.469 0 0 -1 0 1 0 1 0 0 3069b.dat
1 0 -263.642 -195.145 204.007 -0.0031577 1 0 -0.00315782 0 -1 -1 -0.00315769 0.00315782 32068.dat
1 0 -183.642 -175.145 203.928 1 0 0 0 1 0.00315773 0 -0.00315773 1 3707.dat
1 7 -183.642 -174.845 203.928 1 0 0 0 -0.00315768 1 0 -1 -0.0031577 6536.dat
1 7 -213.642 -174.845 203.928 0 0 -1 0 1 0 1 0 0 3713.dat
1 0 -123.642 -194.845 204.007 -0.0031577 1 0 -0.00315782 0 -1 -1 -0.00315769 0.00315782 32068.dat
1 7 -153.642 -174.845 203.928 0 0 1 -0.00315773 1 0 -1 -0.00315773 0 3713.dat
1 7 -168.642 -174.845 203.928 0 0 -1 0 1 0 1 0 0 32123a.dat
1 7 -198.642 -174.845 203.928 0 0 -1 0 1 0 1 0 0 32123a.dat
1 0 -133.642 -175.098 123.928 0 -1 0 0.00315775 0 -1 1 0 0.00315775 32009.dat
1 0 -181.642 -14.898 123.437 1 0 0 0 1 0.00315773 0 -0.00315773 1 3706.dat
1 0 -168.642 -14.772 163.437 0 -1 0 -1 0 -0.0031577 0.00315769 0 -1 6632.dat
1 0 -198.642 -14.772 163.437 0 -1 0 -1 0 -0.0031577 0.00315769 0 -1 6632.dat
1 7 -183.642 -14.898 123.437 0 0 1 -0.00315773 1 0 -1 -0.00315773 0 3713.dat
1 0 -233.642 -175.098 123.928 0 -1 0 0.00315775 0 -1 1 0 0.00315775 32009.dat
1 0 -183.642 -14.772 163.437 1 0 0 0 1 0.00315773 0 -0.00315773 1 3707.dat
1 7 -183.642 -14.772 163.437 -1 0 0 0 0.00315771 1 0 1 -0.00315773 6536.dat
1 14 -113.642 -94.772 163.69 0 -1 0 1 0 0.00315773 -0.00315776 0 1 32009.dat
1 14 -253.642 -94.772 163.69 0 -1 0 1 0 0.00315773 -0.00315776 0 1 32009.dat
1 0 -213.642 -24.898 123.437 0 0 -1 0 1 0 1 0 0 2730.dat
1 0 -223.642 -14.93 53.437 0 1 0 1 0 -0.00315802 -0.00315799 0 -1 32069.dat
1 7 -213.642 -32.898 43.437 0 0 -1 0 1 0 1 0 0 3069b.dat
1 7 -213.642 -32.898 83.437 0 0 -1 0 1 0 1 0 0 3069b.dat
1 0 -183.642 -32.8664 133.494 -1 0 0 0 1 -0.00315773 0 -0.00315773 -1 3710.dat
1 7 -203.642 -14.898 103.437 1 0 0 0 1 0.00315773 0 -0.00315773 1 3749.dat
1 14 -193.642 -14.9615 103.438 0 -1 0 -1 0 -0.00315755 0.00315765 0 -1 6629.dat
1 0 -183.642 -63.3914 -32.4104 1 0 0 0 0.80189 -0.597472 0 0.597472 0.80189 3706.dat
1 14 -173.642 -15.0616 103.737 0 -1 0 -1 0 -0.00315744 0.00315748 0 -1 6629.dat
1 7 -163.642 -14.961 103.437 -1 0 0 0 1 -0.00315773 0 -0.00315773 -1 3749.dat
1 14 -153.642 -63.491 -32.111 0 -1 0 0.80189 0 -0.597472 0.597472 0 0.80189 2825.dat
1 14 -213.642 -63.491 -32.111 0 1 0 -0.80189 0 -0.597472 -0.597472 0 0.80189 2825.dat
1 0 -183.642 -99.3383 16.0034 1 0 0 0 0.80189 -0.597472 0 0.597472 0.80189 3706.dat
1 7 -143.642 -99.739 15.704 0 0 1 0.597472 0.80189 0 -0.80189 0.597472 0 3713.dat
1 7 -223.642 -99.739 15.704 0 0 -1 0.80189 0.597472 0 0.597472 -0.80189 0 3713.dat
1 0 -183.642 -32.93 113.494 -1 0 0 0 1 -0.00315773 0 -0.00315773 -1 3710.dat
1 0 -133.642 -24.772 303.437 0 0 -1 0 1 0 1 0 0 3703.dat
1 0 -133.642 -32.772 323.437 0 0 -1 0 1 0 1 0 0 3023.dat
1 7 -133.642 -32.772 293.437 0 0 -1 0 1 0 1 0 0 4073.dat
1 7 -113.642 -0.803577 403.437 -1 0 0 0 1 -0.00315773 0 -0.00315773 -1 3021.dat
1 0 -93.642 -24.361 403.544 0 0 1 -0.00315773 1 0 -1 -0.00315773 0 3700.dat
1 7 -113.642 -32.014 403.492 -1 0 0 0 1 -0.00315773 0 -0.00315773 -1 3021.dat
1 14 -133.642 -40.33 303.468 0 0 -1 0 1 0 1 0 0 3023.dat
1 14 -133.642 -64.361 343.493 0 0 -1 0 1 0 1 0 0 2744.dat
1 0 -133.642 -72.33 263.518 0 0 -1 0 1 0 1 0 0 4162.dat
1 14 -133.642 -64.361 223.493 0 0 -1 0 1 0 1 0 0 3702.dat
1 0 -233.642 -24.772 303.437 0 0 -1 0 1 0 1 0 0 3703.dat
1 0 -233.642 -32.772 323.437 0 0 -1 0 1 0 1 0 0 3023.dat
1 7 -233.642 -32.772 293.437 0 0 -1 0 1 0 1 0 0 4073.dat
1 7 -253.642 -0.803577 403.437 -1 0 0 0 1 -0.00315773 0 -0.00315773 -1 3021.dat
1 0 -273.642 -24.362 403.544 0 0 1 -0.00315773 1 0 -1 -0.00315773 0 3700.dat
1 7 -253.642 -32.7404 403.462 -1 0 0 0 1 -0.00315773 0 -0.00315773 -1 3021.dat
1 14 -233.642 -40.33 303.468 0 0 -1 0 1 0 1 0 0 3023.dat
1 14 -233.642 -64.362 343.493 0 0 -1 0 1 0 1 0 0 2744.dat
1 0 -233.642 -72.33 263.518 0 0 -1 0 1 0 1 0 0 4162.dat
1 14 -233.642 -64.362 223.493 0 0 -1 0 1 0 1 0 0 3702.dat
1 7 -123.642 -54.33 283.518 1 0 0 0 1 0.00315773 0 -0.00315773 1 3749.dat
1 14 -118.642 -54.4782 323.595 0 1 0 0.00259433 0 1 1 0 -0.00259433 2905.dat
1 7 -243.642 -54.33 283.518 -1 0 0 0 1 -0.00203092 0 -0.00203092 -1 3749.dat
1 14 -248.642 -54.4782 323.595 0 1 0 0.00259433 0 1 1 0 -0.00259433 2905.dat
1 0 -193.642 -40.93 123.494 0 0 -1 0 1 0 1 0 0 3023.dat
1 0 -183.642 -64.93 113.57 -1 0 0 0 1 -0.00315773 0 -0.00315773 -1 3700.dat
1 7 -193.642 -72.898 113.595 0 0 -1 0 1 0 1 0 0 4073.dat
1 7 -173.642 -72.898 113.595 0 0 -1 0 1 0 1 0 0 4073.dat
1 1 -183.642 -72.93 113.595 1 0 0 0 1 0.00315773 0 -0.00315773 1 2717.dat
1 0 -183.642 -64.93 133.57 -1 0 0 0 1 -0.00315773 0 -0.00315773 -1 3700.dat
1 7 -193.642 -72.867 133.62 0 0 -1 0 1 0 1 0 0 4073.dat
1 7 -173.642 -72.8668 133.62 0 0 -1 0 1 0 1 0 0 4073.dat
1 0 -173.642 -40.93 123.494 0 0 -1 0 1 0 1 0 0 3023.dat
1 14 -183.642 -40.33 333.493 -1 0 0 0 1 -0.00315773 0 -0.00315773 -1 3666.dat
1 14 -183.642 -0.771999 433.437 -1 0 0 0 1 -0.00315773 0 -0.00315773 -1 3666.dat
1 0 -183.642 -24.33 433.544 -1 0 0 0 1 -0.00315773 0 -0.00315773 -1 3700.dat
1 14 -183.642 -32.772 433.462 -1 0 0 0 1 -0.00315773 0 -0.00315773 -1 3666.dat
1 14 -183.642 -99.739 15.704 -1 0 0 0 1 -0.00315773 0 -0.00315773 -1 75535.dat
1 0 -123.642 -14.289 323.459 1 0 0 0 1 0.00315773 0 -0.00315773 1 2780.dat
1 0 -243.642 -14.772 323.437 1 0 0 0 1 0.00315773 0 -0.00315773 1 2780.dat
1 7 -183.642 -15.3757 3.738 1 0 0 0 1 0.00315773 0 -0.00315773 1 3673.dat
1 0 -203.642 -15.025 83.438 1 0 0 0 1 0.00315773 0 -0.00315773 1 2780.dat
1 0 -223.642 -14.898 183.437 1 0 0 0 1 0.00315773 0 -0.00315773 1 2780.dat
1 0 -223.642 -14.898 203.437 1 0 0 0 1 0.00315773 0 -0.00315773 1 2780.dat
1 0 -143.642 -14.772 203.437 1 0 0 0 1 0.00315773 0 -0.00315773 1 2780.dat
1 0 -233.642 -94.898 123.689 -1 0 0 0 1 -0.00315773 0 -0.00315773 -1 6558.dat
1 7 -83.642 -14.014 403.435 1 0 0 0 1 0.00315773 0 -0.00315773 1 3749.dat
1 14 -62.642 -14.014 403.436 0 0 -1 0 1 0 1 0 0 6580.dat
1 0 -62.642 -14.014 403.436 0 0 -1 0 1 0 1 0 0 6579.dat
1 7 -283.642 -14.014 403.436 -1 0 0 0 1 -0.00315773 0 -0.00315773 -1 3749.dat
1 14 -306.642 -14.014 403.436 0 0 1 0 1 0 -1 0 0 6580.dat
1 0 -306.642 -14.014 403.436 0 0 1 0 1 0 -1 0 0 6579.dat
1 0 -123.642 -54.772 163.563 1 0 0 0 1 0.00315773 0 -0.00315773 1 2780.dat
1 0 -243.642 -54.33 163.518 1 0 0 0 1 0.00315773 0 -0.00315773 1 2780.dat
1 0 -253.626 -215.129 194.039 0 0 -1 0 1 0 1 0 0 2780.dat
1 0 -223.642 -37.353 -20.4869 -1 0 0 0 0.237415 0.971408 0 0.971408 -0.237415 32013.dat
1 7 -223.642 -66.9952 -13.3625 0 -1 0 0.971408 0 0.237417 -0.237417 0 0.971408 3749.dat
1 0 -133.642 -94.898 123.689 1 0 0 0 1 0.00315773 0 -0.00315773 1 6558.dat
1 0 -163.642 -15.0243 83.437 1 0 0 0 1 0.00315773 0 -0.00315773 1 2780.dat
1 0 -143.642 -14.772 183.437 1 0 0 0 1 0.00315773 0 -0.00315773 1 2780.dat
1 7 -143.642 -66.876 -12.8775 0 -1 0 0.971408 0 0.237417 -0.237417 0 0.971408 3749.dat
1 0 -253.626 -215.129 189.038 1 0.00231404 0 0 0.00734277 -1 0.0023141 -1 -0.00734276 80.dat
1 0 -113.626 -214.629 194.053 0 0 -1 0 1 0 1 0 0 2780.dat
0
0 FILE flex.ldr
0 8248_B.LDR
0 ROTATION CENTER 0 0 0 1 "Custom" 
0 ROTATION CONFIG 0 0
1 0 -143.642 -70 -12.358 -0.996319 -0.0183402 -0.0837425 0 0.976848 -0.213936 0.0857273 -0.213149 -0.973251 80.dat
1 0 -143.547 -75.0775 -11.25 -0.980102 -0.0497546 -0.19216 0 0.968076 -0.250657 0.198497 -0.245669 -0.948813 80.dat
1 0 -143.283 -80.2154 -9.946 -0.965155 -0.0749937 -0.250703 0 0.958054 -0.286587 0.261679 -0.276601 -0.924671 80.dat
1 0 -142.878 -85.3803 -8.455 -0.95468 -0.0955123 -0.281891 0 0.947111 -0.320906 0.297633 -0.306363 -0.904188 80.dat
1 0 -142.357 -90.5459 -6.784 -0.948186 -0.112334 -0.297193 0 0.935409 -0.353567 0.317715 -0.335247 -0.886942 80.dat
1 0 -141.739 -95.691 -4.94 -0.94468 -0.126193 -0.302747 0 0.923025 -0.384741 0.327995 -0.363457 -0.871962 80.dat
1 0 -141.041 -100.799 -2.929 -0.943305 -0.13763 -0.302048 0 0.909985 -0.414642 0.331926 -0.391134 -0.858394 80.dat
1 0 -140.276 -105.855 -0.756 -0.943424 -0.147048 -0.297201 0 0.896292 -0.443464 0.33159 -0.418375 -0.845583 80.dat
1 0 -139.457 -110.849 1.576 -0.944573 -0.154753 -0.289542 0 0.881935 -0.471371 0.328303 -0.445244 -0.833051 80.dat
1 0 -138.594 -115.771 4.06 -0.946422 -0.160979 -0.279949 0 0.866895 -0.49849 0.322933 -0.471782 -0.820449 80.dat
1 0 -137.694 -120.613 6.696 -0.948735 -0.165912 -0.269027 0 0.851154 -0.524916 0.316073 -0.498006 -0.807519 80.dat
1 0 -136.767 -125.369 9.478 -0.951341 -0.169698 -0.257201 0 0.834692 -0.550718 0.308139 -0.52392 -0.794077 80.dat
1 0 -135.819 -130.032 12.405 -0.954118 -0.172453 -0.244782 0 0.817493 -0.575938 0.29943 -0.549513 -0.779985 80.dat
1 0 -134.856 -134.598 15.474 -0.956976 -0.174275 -0.232002 0 0.799547 -0.600603 0.290166 -0.574763 -0.765148 80.dat
1 0 -133.883 -139.061 18.683 -0.95985 -0.175242 -0.219038 0 0.780848 -0.624721 0.280513 -0.599639 -0.749497 80.dat
1 0 -132.905 -143.419 22.029 -0.962693 -0.175423 -0.206029 0 0.761396 -0.648287 0.270594 -0.624102 -0.732991 80.dat
1 0 -131.927 -147.666 25.5108 -0.965472 -0.174875 -0.193088 0 0.741199 -0.671285 0.260508 -0.648107 -0.715607 80.dat
1 0 -130.951 -151.8 29.1256 -0.968161 -0.17365 -0.180304 0 0.720272 -0.693692 0.250328 -0.671605 -0.69734 80.dat
1 0 -129.983 -155.818 32.8715 -0.970745 -0.171796 -0.167753 0 0.698639 -0.715474 0.240114 -0.694543 -0.6782 80.dat
1 0 -129.024 -159.715 36.746 -0.973211 -0.169354 -0.155499 0 0.676332 -0.736597 0.229915 -0.716864 -0.658213 80.dat
1 0 -128.079 -163.49 40.7466 -0.975553 -0.166368 -0.143593 0 0.65339 -0.757022 0.219766 -0.738515 -0.637416 80.dat
1 0 -127.15 -167.138 44.8706 -0.977766 -0.162876 -0.132082 0 0.629861 -0.776708 0.2097 -0.759438 -0.615856 80.dat
1 0 -126.24 -170.658 49.115 -0.979849 -0.158918 -0.121004 0 0.605802 -0.795615 0.199742 -0.779583 -0.593594 80.dat
1 0 -125.351 -174.048 53.4765 -0.981801 -0.154532 -0.110391 0 0.581276 -0.813707 0.189911 -0.798898 -0.570697 80.dat
1 0 -124.485 -177.304 57.9515 -0.983625 -0.149758 -0.100269 0 0.556352 -0.830947 0.180225 -0.81734 -0.547242 80.dat
1 0 -123.645 -180.424 62.5359 -0.985323 -0.144634 -0.0906592 0 0.531105 -0.847306 0.170699 -0.83487 -0.52331 80.dat
1 0 -122.833 -183.407 67.2252 -0.986898 -0.139201 -0.0815778 0 0.505615 -0.862759 0.161344 -0.851455 -0.498991 80.dat
1 0 -122.05 -186.251 72.0148 -0.988354 -0.133496 -0.0730358 0 0.479965 -0.877288 0.152169 -0.867071 -0.474375 80.dat
1 0 -121.298 -188.955 76.8991 -0.989696 -0.12756 -0.0650393 0 0.454237 -0.890881 0.143184 -0.881701 -0.449557 80.dat
1 0 -120.578 -191.517 81.8726 -0.990928 -0.121429 -0.0575901 0 0.428517 -0.903534 0.134394 -0.895337 -0.42463 80.dat
1 0 -119.893 -193.938 86.9292 -0.992055 -0.115143 -0.0506856 0 0.402888 -0.915249 0.125806 -0.907977 -0.399687 80.dat
1 0 -119.242 -196.215 92.0622 -0.993082 -0.108738 -0.0443192 0 0.377432 -0.926037 0.117423 -0.919631 -0.374821 80.dat
1 0 -118.626 -198.35 97.2647 -0.994014 -0.102249 -0.0384806 0 0.352225 -0.935915 0.10925 -0.930313 -0.350116 80.dat
1 0 -118.048 -200.344 102.53 -0.994857 -0.095709 -0.033156 0 0.32734 -0.944907 0.101289 -0.940047 -0.325656 80.dat
1 0 -117.506 -202.196 107.849 -0.995615 -0.0891497 -0.0283288 0 0.302845 -0.95304 0.0935425 -0.948861 -0.301517 80.dat
1 0 -117.002 -203.909 113.215 -0.996294 -0.0826004 -0.0239798 0 0.2788 -0.960349 0.0860108 -0.95679 -0.277766 80.dat
1 0 -116.535 -205.484 118.621 -0.996899 -0.0760876 -0.0200875 0 0.255259 -0.966873 0.0786945 -0.963874 -0.254467 80.dat
1 0 -116.106 -206.924 124.057 -0.997434 -0.0696355 -0.016629 0 0.23227 -0.972651 0.0715935 -0.970155 -0.231674 80.dat
1 0 -115.714 -208.23 129.516 -0.997904 -0.0632656 -0.0135801 0 0.209872 -0.977729 0.0647067 -0.97568 -0.209432 80.dat
1 0 -115.36 -209.408 134.989 -0.998315 -0.0569969 -0.0109158 0 0.188098 -0.98215 0.0580327 -0.980495 -0.187781 80.dat
1 0 -115.041 -210.459 140.469 -0.998669 -0.0508455 -0.00861067 0 0.166972 -0.985962 0.0515695 -0.98465 -0.16675 80.dat
1 0 -114.758 -211.388 145.948 -0.998973 -0.0448253 -0.00663922 0 0.146515 -0.989208 0.0453143 -0.988192 -0.146365 80.dat
1 0 -114.51 -212.199 151.417 -0.999229 -0.0389475 -0.00497626 0 0.126738 -0.991936 0.0392641 -0.991171 -0.126641 80.dat
1 0 -114.296 -212.896 156.871 -0.999442 -0.0332213 -0.00359713 0 0.107649 -0.994189 0.0334154 -0.993634 -0.107589 80.dat
1 0 -114.114 -213.485 162.3 -0.999614 -0.0276536 -0.00247792 0 0.0892483 -0.996009 0.0277643 -0.995625 -0.0892139 80.dat
1 0 -113.964 -213.969 167.7 -1 -0.0222494 -0.00159567 0 0.0715336 -0.997438 0.0223066 -0.99719 -0.0715158 80.dat
1 0 -113.844 -214.353 173.063 -1 -0.0170123 -0.000928509 0 0.0544976 -0.998514 0.0170376 -0.998369 -0.0544897 80.dat
1 0 -113.754 -214.644 178.384 -1 -0.0119439 -0.00045575 0 0.0381299 -0.999273 0.0119526 -0.999201 -0.0381272 80.dat
1 0 -113.691 -214.845 183.657 -1 -0.00704469 0 0 0.0224169 -1 0.00704646 -1 -0.0224164 80.dat
1 0 -223.642 -70 -12.358 0.996319 0.0183402 0.0837425 0 0.976848 -0.213936 0.0857273 -0.213149 -0.973251 80.dat
1 0 -223.737 -75.0775 -11.25 0.980102 0.0497546 0.19216 0 0.968076 -0.250657 0.198497 -0.245669 -0.948813 80.dat
1 0 -224.001 -80.2154 -9.946 0.965155 0.0749937 0.250703 0 0.958054 -0.286587 0.261679 -0.276601 -0.924671 80.dat
1 0 -224.406 -85.3803 -8.455 0.95468 0.0955123 0.281891 0 0.947111 -0.320906 0.297633 -0.306363 -0.904188 80.dat
1 0 -224.927 -90.5459 -6.784 0.948186 0.112334 0.297193 0 0.935409 -0.353567 0.317715 -0.335247 -0.886942 80.dat
1 0 -225.545 -95.691 -4.94 0.94468 0.126193 0.302747 0 0.923025 -0.384741 0.327995 -0.363457 -0.871962 80.dat
1 0 -226.243 -100.799 -2.929 0.943305 0.13763 0.302048 0 0.909985 -0.414642 0.331926 -0.391134 -0.858394 80.dat
1 0 -227.008 -105.855 -0.756 0.943424 0.147048 0.297201 0 0.896292 -0.443464 0.33159 -0.418375 -0.845583 80.dat
1 0 -227.827 -110.849 1.576 0.944573 0.154753 0.289542 0 0.881935 -0.471371 0.328303 -0.445244 -0.833051 80.dat
1 0 -228.69 -115.771 4.06 0.946422 0.160979 0.279949 0 0.866895 -0.49849 0.322933 -0.471782 -0.820449 80.dat
1 0 -229.59 -120.613 6.696 0.948735 0.165912 0.269027 0 0.851154 -0.524916 0.316073 -0.498006 -0.807519 80.dat
1 0 -230.517 -125.369 9.478 0.951341 0.169698 0.257201 0 0.834692 -0.550718 0.308139 -0.52392 -0.794077 80.dat
1 0 -231.465 -130.032 12.405 0.954118 0.172453 0.244782 0 0.817493 -0.575938 0.29943 -0.549513 -0.779985 80.dat
1 0 -232.428 -134.598 15.474 0.956976 0.174275 0.232002 0 0.799547 -0.600603 0.290166 -0.574763 -0.765148 80.dat
1 0 -233.401 -139.061 18.683 0.95985 0.175242 0.219038 0 0.780848 -0.624721 0.280513 -0.599639 -0.749497 80.dat
1 0 -234.379 -143.419 22.029 0.962693 0.175423 0.206029 0 0.761396 -0.648287 0.270594 -0.624102 -0.732991 80.dat
1 0 -235.357 -147.666 25.5108 0.965472 0.174875 0.193088 0 0.741199 -0.671285 0.260508 -0.648107 -0.715607 80.dat
1 0 -236.333 -151.8 29.1256 0.968161 0.17365 0.180304 0 0.720272 -0.693692 0.250328 -0.671605 -0.69734 80.dat
1 0 -237.301 -155.818 32.8715 0.970745 0.171796 0.167753 0 0.698639 -0.715474 0.240114 -0.694543 -0.6782 80.dat
1 0 -238.26 -159.715 36.746 0.973211 0.169354 0.155499 0 0.676332 -0.736597 0.229915 -0.716864 -0.658213 80.dat
1 0 -239.205 -163.49 40.7466 0.975553 0.166368 0.143593 0 0.65339 -0.757022 0.219766 -0.738515 -0.637416 80.dat
1 0 -240.134 -167.138 44.8706 0.977766 0.162876 0.132082 0 0.629861 -0.776708 0.2097 -0.759438 -0.615856 80.dat
1 0 -241.044 -170.658 49.115 0.979849 0.158918 0.121004 0 0.605802 -0.795615 0.199742 -0.779583 -0.593594 80.dat
1 0 -241.933 -174.048 53.4765 0.981801 0.154532 0.110391 0 0.581276 -0.813707 0.189911 -0.798898 -0.570697 80.dat
1 0 -242.799 -177.304 57.9515 0.983625 0.149758 0.100269 0 0.556352 -0.830947 0.180225 -0.81734 -0.547242 80.dat
1 0 -243.639 -180.424 62.5359 0.985323 0.144634 0.0906592 0 0.531105 -0.847306 0.170699 -0.83487 -0.52331 80.dat
1 0 -244.451 -183.407 67.2252 0.986898 0.139201 0.0815778 0 0.505615 -0.862759 0.161344 -0.851455 -0.498991 80.dat
1 0 -245.234 -186.251 72.0148 0.988354 0.133496 0.0730358 0 0.479965 -0.877288 0.152169 -0.867071 -0.474375 80.dat
1 0 -245.986 -188.955 76.8991 0.989696 0.12756 0.0650393 0 0.454237 -0.890881 0.143184 -0.881701 -0.449557 80.dat
1 0 -246.706 -191.517 81.8726 0.990928 0.121429 0.0575901 0 0.428517 -0.903534 0.134394 -0.895337 -0.42463 80.dat
1 0 -247.392 -193.938 86.9292 0.992055 0.115143 0.0506856 0 0.402888 -0.915249 0.125806 -0.907977 -0.399687 80.dat
1 0 -248.042 -196.215 92.0622 0.993082 0.108738 0.0443192 0 0.377432 -0.926037 0.117423 -0.919631 -0.374821 80.dat
1 0 -248.658 -198.35 97.2647 0.994014 0.102249 0.0384806 0 0.352225 -0.935915 0.10925 -0.930313 -0.350116 80.dat
1 0 -249.236 -200.344 102.53 0.994857 0.095709 0.033156 0 0.32734 -0.944907 0.101289 -0.940047 -0.325656 80.dat
1 0 -249.778 -202.196 107.849 0.995615 0.0891497 0.0283288 0 0.302845 -0.95304 0.0935425 -0.948861 -0.301517 80.dat
1 0 -250.282 -203.909 113.215 0.996294 0.0826004 0.0239798 0 0.2788 -0.960349 0.0860108 -0.95679 -0.277766 80.dat
1 0 -250.749 -205.484 118.621 0.996899 0.0760876 0.0200875 0 0.255259 -0.966873 0.0786945 -0.963874 -0.254467 80.dat
1 0 -251.178 -206.924 124.057 0.997434 0.0696355 0.016629 0 0.23227 -0.972651 0.0715935 -0.970155 -0.231674 80.dat
1 0 -251.57 -208.23 129.516 0.997904 0.0632656 0.0135801 0 0.209872 -0.977729 0.0647067 -0.97568 -0.209432 80.dat
1 0 -251.924 -209.408 134.989 0.998315 0.0569969 0.0109158 0 0.188098 -0.98215 0.0580327 -0.980495 -0.187781 80.dat
1 0 -252.243 -210.459 140.469 0.998669 0.0508455 0.00861067 0 0.166972 -0.985962 0.0515695 -0.98465 -0.16675 80.dat
1 0 -252.526 -211.388 145.948 0.998973 0.0448253 0.00663922 0 0.146515 -0.989208 0.0453143 -0.988192 -0.146365 80.dat
1 0 -252.774 -212.199 151.417 0.999229 0.0389475 0.00497626 0 0.126738 -0.991936 0.0392641 -0.991171 -0.126641 80.dat
1 0 -252.988 -212.896 156.871 0.999442 0.0332213 0.00359713 0 0.107649 -0.994189 0.0334154 -0.993634 -0.107589 80.dat
1 0 -253.17 -213.485 162.3 0.999614 0.0276536 0.00247792 0 0.0892483 -0.996009 0.0277643 -0.995625 -0.0892139 80.dat
1 0 -253.32 -213.969 167.7 1 0.0222494 0.00159567 0 0.0715336 -0.997438 0.0223066 -0.99719 -0.0715158 80.dat
1 0 -253.44 -214.353 173.063 1 0.0170123 0.000928509 0 0.0544976 -0.998514 0.0170376 -0.998369 -0.0544897 80.dat
1 0 -253.53 -214.644 178.384 1 0.0119439 0.00045575 0 0.0381299 -0.999273 0.0119526 -0.999201 -0.0381272 80.dat
1 0 -253.593 -214.845 183.657 1 0.00704469 0 0 0.0224169 -1 0.00704646 -1 -0.0224164 80.dat
0
0 FILE steer.ldr
0 8248_B.LDR
0 ROTATION CENTER 0 0 0 1 "Custom" 
0 ROTATION CONFIG 0 0
1 7 -183.642 -54.764 166.063 1 0 0 0 1 0.00315773 0 -0.00315773 1 6589.dat
1 0 -183.642 -54.9138 123.563 0 0 -1 0 1 0 1 0 0 32073.dat
1 7 -183.642 -54.9608 153.563 1 0 0 0 1 0.00315773 0 -0.00315773 1 3713.dat
1 7 -183.642 -54.9292 93.563 -1 0 0 0 1 -0.00315773 0 -0.00315773 -1 3647.dat
1 0 -183.642 -245.209 184.165 -0.237886 0 -0.971293 0.00306673 1 -0.000752426 0.971288 -0.00315768 -0.237885 4150.dat
1 46 -183.642 -237.209 184.14 -0.237886 0 -0.971293 0.00306673 1 -0.000752426 0.971288 -0.00315768 -0.237885 6143.dat
1 0 -183.642 -213.209 184.063 -0.237886 0 -0.971293 0.00306673 1 -0.000752426 0.971288 -0.00315768 -0.237885 4032a.dat
1 0 -183.642 -117.209 183.76 0 -0.971293 -0.237886 1 -0.00075237 0.00306644 -0.00315732 -0.237885 0.971288 3708.dat
1 7 -183.642 -195.209 184.007 -0.237887 -0.971293 0 0.00306709 -0.000752465 -1 0.971288 -0.237885 0.00315804 3713.dat
1 7 -183.642 -73.209 183.622 0.971293 0.237886 0 0.000752116 -0.00306682 1 0.237885 -0.971288 -0.00315773 6589.dat
1 7 -183.642 -160.209 183.897 -0.237887 -0.971293 0 0.00306677 -0.00075243 -1 0.971288 -0.237885 0.00315775 32123a.dat
1 0 -183.642 -95.209 183.691 0 -1 0 -1 0 -0.00315729 0.00315725 0 -1 75535.dat
1 0 -183.642 -135.209 183.818 0 -1 0 -1 0 -0.00315729 0.00315725 0 -1 75535.dat
1 7 -253.642 -24.8668 73.5006 -1 0 0 0 1 -0.00315776 0 -0.00315776 -1 32068.dat
1 7 -253.639 -25.493 93.471 0 -1 0 1 0 0.00315733 -0.0031573 0 1 3749.dat
1 72 -273.639 -15.6192 53.439 1 0 0 0 1 0.00315782 0 -0.00315782 1 6587.dat
1 7 -268.639 -15.62 53.439 0 0 -1 0 1 0 1 0 0 32123a.dat
1 7 -278.639 -15.62 53.439 0 0 -1 0 1 0 1 0 0 32123a.dat
1 14 -304.639 -15.62 53.439 0 0 1 0 1 0 -1 0 0 6580.dat
1 0 -304.639 -15.62 53.439 0 0 1 0 1 0 -1 0 0 6579.dat
1 7 -183.639 -40.493 93.5184 -1 0 0 0 1 -0.00315773 0 -0.00315773 -1 6630.dat
1 7 -113.642 -25.0558 73.4686 -1 0 0 0 1 -0.00315776 0 -0.00315776 -1 32068.dat
1 7 -113.644 -26.493 93.4732 0 -1 0 1 0 0.00315733 -0.0031574 0 1 3749.dat
1 72 -93.644 -15.619 53.4384 -1 0 0 0 1 -0.00315765 0 -0.00315765 -1 6587.dat
1 7 -98.644 -15.619 53.439 0 0 -1 0 1 0 1 0 0 32123a.dat
1 7 -88.644 -15.619 53.439 0 0 -1 0 1 0 1 0 0 32123a.dat
1 14 -62.644 -15.619 53.439 0 0 -1 0 1 0 1 0 0 6580.dat
1 0 -62.644 -15.619 53.439 0 0 -1 0 1 0 1 0 0 6579.dat
0
0 FILE forks.ldr
0 8248_B.LDR
0 ROTATION CENTER 0 0 0 1 "Custom" 
0 ROTATION CONFIG 0 0
0 MLCAD BTG lev1
1 0 -183.642 -54.33 363.518 1 0 0 0 1 0.00315773 0 -0.00315773 1 3707.dat
0 MLCAD BTG lev1
1 7 -273.642 -54.365 323.862 0 0 1 0.595091 0.803658 0 -0.803658 0.595091 0 3713.dat
0 MLCAD BTG lev1
1 0 -183.642 -54.365 323.862 1 0 0 0 0.803659 -0.59509 0 0.59509 0.803659 3708.dat
0 MLCAD BTG lev1
1 0 -112.642 -102.585 288.157 0 1 0 -0.59509 0 0.803659 0.803659 0 0.59509 2825.dat
0 MLCAD BTG lev1
1 0 -254.642 -102.585 288.157 0 -1 0 0.59509 0 0.803659 -0.803659 0 0.59509 2825.dat
0 MLCAD BTG lev1
1 7 -93.642 -54.365 323.862 0 0 -1 -0.803659 -0.59509 0 -0.59509 0.803659 0 3713.dat
0 MLCAD BTG lev1
1 7 -238.642 -102.917 287.75 0 0 -1 -0.595091 0.803659 0 0.803659 0.595091 0 32123a.dat
0 MLCAD BTG lev1
1 0 -183.642 -102.584 288.156 1 0 0 0 0.803659 -0.59509 0 0.59509 0.803659 3707.dat
0 MLCAD BTG lev1
1 7 -128.642 -102.519 288.153 0 0 -1 -0.59509 0.803659 0 0.803659 0.59509 0 32123a.dat
0 MLCAD BTG lev1
1 0 -73.642 -54.365 323.862 0 1 0 0.803659 0 0.59509 0.59509 0 -0.803659 2825.dat
0 MLCAD BTG lev1
1 0 -293.642 -54.365 323.862 0 -1 0 -0.803659 0 0.59509 -0.59509 0 -0.803659 2825.dat
0 GROUP 11 lev1
0 MLCAD BTG lev2
1 1 -138.642 -99.7445 338.076 0 -1 0 -0.998459 0 -0.055489 0.0554891 0 -0.998459 32063.dat
0 MLCAD BTG lev5
1 7 -143.642 -101.997 326.788 1 0 0 0 0.420444 -0.907318 0 0.907318 0.420444 3673.dat
0 MLCAD BTG lev2
1 0 -128.642 -100.762 346.659 0 1 0 -0.998459 0 0.0554896 0.0554896 0 0.998459 32017.dat
0 MLCAD BTG lev5
1 0 -213.642 -110.577 305.957 0 0 -1 -0.782501 -0.622649 0 -0.622649 0.782501 0 2730.dat
0 MLCAD BTG lev5
1 7 -203.642 -180.141 264.338 1 0 0 0 -0.622317 -0.782765 0 0.782765 -0.622317 3673.dat
0 MLCAD BTG lev4
1 0 -193.642 -232.013 373.007 0 0 -1 -0.354248 0.935151 0 0.935151 0.354248 0 32018.dat
0 MLCAD BTG lev4
1 0 -183.642 -186.537 282.834 1 0 0 0 0.935151 -0.354248 0 0.354248 0.935151 2780.dat
0 MLCAD BTG lev4
1 0 -173.642 -231.234 372.793 0 0 -1 -0.354248 0.935151 0 0.935151 0.354248 0 32018.dat
0 MLCAD BTG lev4
1 0 -183.642 -257.307 469.851 1 0 0 0 0.935151 -0.354248 0 0.354248 0.935151 2780.dat
0 MLCAD BTG lev5
1 7 -163.642 -179.373 264.117 1 0 0 0 0.268764 -0.963206 0 0.963206 0.268764 3673.dat
0 MLCAD BTG lev4
1 7 -163.642 -264.392 488.554 1 0 0 0 0.935151 -0.354248 0 0.354248 0.935151 3673.dat
0 MLCAD BTG lev4
1 0 -163.642 -207.713 338.929 1 0 0 0 0.934578 -0.355757 0 0.355757 0.934578 2780.dat
0 MLCAD BTG lev3
1 14 -158.642 -152.748 362.988 0 -1 0 -0.400987 0 -0.916084 0.916084 0 -0.400987 32065.dat
0 MLCAD BTG lev4
1 7 -203.642 -264.471 488.568 1 0 0 0 0.935151 -0.354249 0 0.354249 0.935151 3673.dat
0 MLCAD BTG lev4
1 0 -203.642 -207.792 338.943 1 0 0 0 0.934579 -0.355756 0 0.355756 0.934579 2780.dat
0 GROUP 8 lev4
0 MLCAD BTG lev3
1 14 -208.642 -152.541 362.509 0 -1 0 -0.393005 0 -0.919536 0.919536 0 -0.393005 32065.dat
0 MLCAD BTG lev3
1 7 -223.642 -97.3688 386.59 1 0 0 0 -0.598523 0.801106 0 -0.801106 -0.598523 3673.dat
0 MLCAD BTG lev2
1 1 -228.642 -101.295 336.953 0 -1 0 -0.998008 0 -0.0630909 0.0630909 0 -0.998008 32063.dat
0 MLCAD BTG lev5
1 7 -223.642 -101.891 326.603 1 0 0 0 -0.623652 -0.781702 0 0.781702 -0.623652 3673.dat
0 MLCAD BTG lev2
1 0 -238.642 -100.64 346.556 0 1 0 -0.998008 0 0.0630916 0.0630916 0 0.998008 32017.dat
0 GROUP 4 lev2
0 MLCAD BTG lev3
1 14 -218.642 -152.812 362.873 0 -1 0 -0.393005 0 -0.919536 0.919536 0 -0.393005 32065.dat
0 MLCAD BTG lev5
1 0 -203.642 -70.5904 351.509 1 0 0 0 -0.622649 -0.782501 0 0.782501 -0.622649 2780.dat
0 MLCAD BTG lev5
1 14 -183.642 -70.602 351.502 -1 0 0 0 -0.622208 0.782852 0 0.782852 0.622208 75535.dat
0 MLCAD BTG lev5
1 0 -163.642 -70.601 351.502 1 0 0 0 -0.622649 -0.782501 0 0.782501 -0.622649 2780.dat
0 MLCAD BTG lev3
1 7 -143.642 -98.6676 386.696 1 0 0 0 0.140716 0.99005 0 -0.99005 0.140715 3673.dat
0 MLCAD BTG lev3
1 14 -148.642 -153.415 362.753 0 -1 0 -0.400987 0 -0.916084 0.916084 0 -0.400987 32065.dat
0 GROUP 6 lev3
0 MLCAD BTG lev5
1 0 -153.642 -111.326 306.318 0 0 -1 -0.782501 -0.622649 0 -0.622649 0.782501 0 2730.dat
0 GROUP 9 lev5
0 MLCAD BTG forks_
1 14 -133.642 -154.51 447.938 0 0 1 -0.00315773 1 0 -1 -0.00315773 0 32064a.dat
0 MLCAD BTG forks_
1 14 -133.642 -130.51 447.862 0 0 1 -0.00315773 1 0 -1 -0.00315773 0 3023.dat
0 MLCAD BTG forks_
1 14 -133.642 -122.51 447.837 0 0 1 -0.00315773 1 0 -1 -0.00315773 0 3023.dat
0 MLCAD BTG forks_
1 72 -151.642 -144.51 447.906 1 0 0 0 1 0.00259442 0 -0.00259442 1 6587.dat
0 MLCAD BTG forks_
1 14 -133.642 -114.51 447.812 -1 0 0 0 1 -0.00315773 0 -0.00315773 -1 2823.dat
0 MLCAD BTG forks_
1 7 -183.642 -144.51 447.906 0 0 1 -0.00315773 1 0 -1 -0.00315773 0 6538b.dat
0 MLCAD BTG forks_
1 72 -215.642 -145.01 447.908 -1 0 0 0 1 -0.00372105 0 -0.00372105 -1 6587.dat
0 MLCAD BTG forks_
1 14 -233.642 -154.51 447.938 0 0 1 -0.00315773 1 0 -1 -0.00315773 0 32064a.dat
0 MLCAD BTG forks_
1 14 -233.642 -130.51 447.862 0 0 1 -0.00315773 1 0 -1 -0.00315773 0 3023.dat
0 MLCAD BTG forks_
1 14 -233.642 -122.51 447.837 0 0 1 -0.00315773 1 0 -1 -0.00315773 0 3023.dat
0 MLCAD BTG forks_
1 14 -233.642 -114.51 447.812 -1 0 0 0 1 -0.00315773 0 -0.00315773 -1 2823.dat
0 MLCAD BTG forks_
1 7 -163.642 -264.211 528.375 1 0 0 0 1 0.00315773 0 -0.00315773 1 3749.dat
0 MLCAD BTG forks_
1 0 -153.642 -264.509 448.375 0 -1 0 0.00372116 0 -1 1 0 0.00372116 32009.dat
0 MLCAD BTG forks_
1 7 -143.642 -104.51 447.779 -1 0 0 0 1 -0.00259433 0 -0.00259433 -1 3749.dat
0 MLCAD BTG forks_
1 7 -203.642 -264.211 528.375 -1 0 0 0 1 -0.00315773 0 -0.00315773 -1 3749.dat
0 MLCAD BTG forks_
1 0 -213.642 -264.509 448.375 0 -1 0 0.00372116 0 -1 1 0 0.00372116 32009.dat
0 MLCAD BTG forks_
1 7 -223.642 -104.51 447.779 1 0 0 0 1 0.00372114 0 -0.00372114 1 3749.dat
0 MLCAD BTG forks_
1 14 -183.642 -264.211 528.375 1 0 0 0 1 0.00259433 0 -0.00259433 1 75535.dat
0 GROUP 18 forks_
0
0 FILE action.ldr
0 8248_B.LDR
0 ROTATION CENTER 0 0 0 1 "Custom" 
0 ROTATION CONFIG 0 0
1 0 -198.541 -90.6714 118.242 0.999004 -0.0190859 0.040336 -0.0399908 0.01814 0.99904 -0.0197982 -0.999657 0.0173587 2709.dat
1 0 -194.309 -90.1552 78.1948 0.999052 0.0131184 0.0415278 -0.0423543 0.514581 0.8564 -0.0101338 -0.857347 0.514648 2704.dat
1 7 -183.542 -107.671 118.295 1 0 0 0 1 0.00315773 0 -0.00315773 1 2699.dat
1 0 -168.542 -90.6714 118.242 1 0 0 0 0.0142949 1 0 -1 0.0142949 2703.dat
1 0 -173.542 -90.0997 78.2415 1 0 0 0 0.497265 0.867604 0 -0.867604 0.497265 2704.dat
1 0 -173.542 -70.2091 43.5411 1 0 0 0 0.497265 0.867604 0 -0.867604 0.497265 2706.dat
1 0 -193.777 -69.5631 43.8625 0.999052 0.0131184 0.0415278 -0.0423543 0.514581 0.8564 -0.0101338 -0.857347 0.514648 2706.dat
1 7 -183.542 -107.671 118.295 1 0 0 0 1 0.00315773 0 -0.00315773 1 2698p01.dat
1 7 -183.542 -107.671 118.295 1 0 0 0 1 0.00315773 0 -0.00315773 1 2710.dat
1 0 -209.742 -153.671 118.44 -0.978147 0 0.207912 -0.0531774 -0.966743 -0.25018 0.200997 -0.255769 0.945617 2700.dat
1 14 -141.496 -123.035 62.7572 -0.970296 0 -0.241922 0.116618 -0.87615 -0.467729 -0.21196 -0.482048 0.850125 2702.dat
1 0 -157.342 -153.671 118.44 0 0 -1 0.482048 -0.87615 0 -0.87615 -0.482048 0 2701.dat
1 0 -149.842 -139.172 92.0866 0.970296 0 0.241922 -0.116618 -0.87615 0.467729 0.21196 -0.482048 -0.850125 2705.dat
1 0 -157.342 -153.671 118.44 0.970296 0 -0.241922 -0.116618 0.87615 -0.467729 0.21196 0.482048 0.850125 2700.dat
1 0 -216.187 -145.916 89.1263 -0.978147 0 0.207912 -0.0531774 -0.966743 -0.25018 0.200997 -0.255769 0.945617 2701.dat
1 0 -149.842 -139.172 92.0866 0.970296 0 -0.241922 -0.116618 0.87615 -0.467729 0.21196 0.482048 0.850125 2700.dat
1 0 -216.187 -145.916 89.1263 -0.978147 0 0.207912 -0.0531774 -0.966743 -0.25018 0.200997 -0.255769 0.945617 2705.dat
1 0 -216.187 -145.916 89.1263 -0.978147 0 0.207912 -0.0531774 -0.966743 -0.25018 0.200997 -0.255769 0.945617 2700.dat
1 14 -223.36 -137.285 56.5025 0.978147 0 0.207912 0.0531774 0.966743 -0.25018 -0.200997 0.255769 0.945617 2702.dat
1 0 -183.542 -202.896 110.437 1 0 0 0 0.981568 -0.191136 0 0.191136 0.981568 2708.dat
1 0 -149.842 -139.172 92.0866 0.970296 0 -0.241922 -0.116618 0.87615 -0.467729 0.21196 0.482048 0.850125 2701.dat
1 14 -183.542 -161.671 118.466 1 0 0 0 0.981568 -0.191136 0 0.191136 0.981568 2707p01.dat
1 0 -209.742 -153.671 118.44 -0.978147 0 0.207912 -0.0531774 -0.966743 -0.25018 0.200997 -0.255769 0.945617 2705.dat
1 0 -209.742 -153.671 118.44 0 0 1 -0.255769 -0.966743 0 0.966743 -0.255769 0 2701.dat
1 0 -157.342 -153.671 118.44 0.970296 0 0.241922 -0.116618 -0.87615 0.467729 0.21196 -0.482048 -0.850125 2705.dat
0
0
