0 FILE 8448 - Super Car - Convertible.L3B.ldr
0 8448 - SUPER CAR.L3B
0 Name: 8448 - Super Car - Convertible.L3B.ldr
0 Author: EdmanZA

0 ROTATION CENTER 0 0 0 1 "Custom" 
0 ROTATION CONFIG 0 0
1 0 0 0 70 1 0 0 0 1 0 0 0 1 3703.dat
1 0 -140 10 80 0 0 1 0 1 0 -1 0 0 2780.dat
1 0 -120 10 80 0 0 1 0 1 0 -1 0 0 2780.dat
1 0 -80 10 80 0 0 1 0 1 0 -1 0 0 2780.dat
1 0 140 10 80 0 0 1 0 1 0 -1 0 0 2780.dat
1 0 80 10 80 0 0 1 0 1 0 -1 0 0 2780.dat
1 0 100 10 60 0 0 1 0 1 0 -1 0 0 2780.dat
1 0 120 10 60 0 0 1 0 1 0 -1 0 0 2780.dat
1 0 -260 0 90 1 0 0 0 1 0 0 0 1 3703.dat
1 0 -400 10 80 0 0 1 0 1 0 -1 0 0 2780.dat
1 0 -380 10 100 0 0 1 0 1 0 -1 0 0 2780.dat
1 0 -360 10 80 0 0 1 0 1 0 -1 0 0 2780.dat
1 0 -260 10 80 0 0 1 0 1 0 -1 0 0 2780.dat
1 0 -220 10 100 0 0 1 0 1 0 -1 0 0 2780.dat
1 0 -460 0 70 -1 0 0 0 1 0 0 0 -1 3895.dat
1 0 -440 10 70 0 0 -1 0 1 0 1 0 0 6558.dat
1 0 -560 10 80 0 0 -1 0 1 0 1 0 0 2780.dat
1 0 -580 0 90 1 0 0 0 1 0 0 0 1 3703.dat
1 0 60 0 90 1 0 0 0 1 0 0 0 1 3703.dat
1 0 -440 0 50 1 0 0 0 1 0 0 0 1 3700.dat
1 0 80 0 50 1 0 0 0 1 0 0 0 1 3894.dat
1 4 40 10 50 0 0 -1 0 1 0 1 0 0 32054.dat
1 4 -720 10 90 0 0 -1 0 1 0 1 0 0 32054.dat
1 0 -720 10 0 0 0 -1 0 1 0 1 0 0 3707.dat
1 0 40 10 20 0 0 -1 0 1 0 1 0 0 32062.dat
1 7 40 10 -10 1 0 0 0 1 0 0 0 1 32034.dat
1 0 40 10 -50 0 0 1 0 1 0 -1 0 0 4519.dat
1 15 13 10 -10 -1 0 0 0 1 0 0 0 -1 32209.dat
1 7 -40 10 -10 0 0 -1 0 1 0 1 0 0 6538b.dat
1 7 53 10 -10 0 0 -1 0 1 0 1 0 0 32198.dat
1 0 80 10 0 0 0 -1 0 1 0 1 0 0 3706.dat
1 7 80 10 30 -1 0 0 0 1 0 0 0 -1 4019.dat
1 7 80 10 -37 -1 0 0 0 1 0 0 0 -1 32198.dat
1 0 200 10 0 0 0 -1 0 1 0 1 0 0 3737.dat
1 4 -720 10 -90 0 0 1 0 1 0 -1 0 0 32054.dat
1 0 280 10 70 -1 0 0 0 0 1 0 1 0 32009.dat
1 0 280 10 -70 -1 0 0 0 0 1 0 1 0 32009.dat
1 7 200 10 50 0 1 0 0 0 1 1 0 0 6553.dat
1 7 200 10 -50 0 1 0 0 0 1 1 0 0 6553.dat
1 0 80 0 -50 1 0 0 0 1 0 0 0 1 3894.dat
1 0 120 10 -60 0 0 1 0 1 0 -1 0 0 2780.dat
1 0 100 10 -60 0 0 1 0 1 0 -1 0 0 2780.dat
1 0 0 0 -70 1 0 0 0 1 0 0 0 1 3703.dat
1 0 140 10 -80 0 0 1 0 1 0 -1 0 0 2780.dat
1 0 80 10 -80 0 0 1 0 1 0 -1 0 0 2780.dat
1 0 -140 10 -80 0 0 1 0 1 0 -1 0 0 2780.dat
1 0 -120 10 -80 0 0 1 0 1 0 -1 0 0 2780.dat
1 0 -80 10 -80 0 0 1 0 1 0 -1 0 0 2780.dat
1 0 60 0 -90 1 0 0 0 1 0 0 0 1 3703.dat
1 0 -260 0 -90 1 0 0 0 1 0 0 0 1 3703.dat
1 0 -220 10 -100 0 0 1 0 1 0 -1 0 0 2780.dat
1 0 -260 10 -80 0 0 1 0 1 0 -1 0 0 2780.dat
1 0 -360 10 -80 0 0 1 0 1 0 -1 0 0 2780.dat
1 0 -400 10 -80 0 0 1 0 1 0 -1 0 0 2780.dat
1 0 -380 10 -100 0 0 1 0 1 0 -1 0 0 2780.dat
1 0 -460 0 -70 -1 0 0 0 1 0 0 0 -1 3895.dat
1 0 -440 10 -70 0 0 1 0 1 0 -1 0 0 6558.dat
1 0 -440 0 -50 1 0 0 0 1 0 0 0 1 3700.dat
1 0 -560 10 -80 0 0 -1 0 1 0 1 0 0 2780.dat
1 0 -580 0 -90 1 0 0 0 1 0 0 0 1 3703.dat
1 0 40 -8 -70 0 0 1 0 1 0 -1 0 0 3021.dat
1 0 40 -8 70 0 0 1 0 1 0 -1 0 0 3021.dat
1 0 120 -8 -70 0 0 1 0 1 0 -1 0 0 3021.dat
1 0 120 -8 70 0 0 1 0 1 0 -1 0 0 3021.dat
1 0 -100 -8 -80 -1 0 0 0 1 0 0 0 -1 2639.dat
1 0 -100 -8 80 0 0 -1 0 1 0 1 0 0 2639.dat
1 0 -560 -8 0 0 0 -1 0 1 0 1 0 0 3832.dat
1 0 -680 -8 -80 1 0 0 0 1 0 0 0 1 3832.dat
1 0 -680 -8 80 -1 0 0 0 1 0 0 0 -1 3832.dat
1 0 -440 -8 -50 -1 0 0 0 1 0 0 0 -1 32028.dat
1 0 -440 -8 50 1 0 0 0 1 0 0 0 1 32028.dat
1 0 -240 -8 -90 -1 0 0 0 1 0 0 0 -1 3710.dat
1 0 -240 -8 90 1 0 0 0 1 0 0 0 1 3710.dat
1 0 -420 -8 -80 -1 0 0 0 1 0 0 0 -1 3709b.dat
1 0 -420 -8 80 1 0 0 0 1 0 0 0 1 3709b.dat
1 0 -760 -16 0 0 0 -1 0 1 0 1 0 0 3832.dat
1 7 -660 -16 -80 0 0 -1 0 1 0 1 0 0 3022.dat
1 7 -660 -16 80 0 0 -1 0 1 0 1 0 0 3022.dat
1 7 -610 -16 -80 0 0 -1 0 1 0 1 0 0 3023.dat
1 7 -610 -16 80 0 0 -1 0 1 0 1 0 0 3023.dat
1 7 -550 -16 -80 0 0 -1 0 1 0 1 0 0 3023.dat
1 7 -550 -16 80 0 0 -1 0 1 0 1 0 0 3023.dat
1 7 -440 -16 -70 0 0 -1 0 1 0 1 0 0 3021.dat
1 7 -440 -16 70 0 0 -1 0 1 0 1 0 0 3021.dat
1 7 -240 -16 -90 1 0 0 0 1 0 0 0 1 3710.dat
1 7 -240 -16 90 -1 0 0 0 1 0 0 0 -1 3710.dat
1 0 160 -80 90 -1 0 0 0 1 0 0 0 -1 3703.dat
1 0 -320 -8 -160 0 0 1 0 1 0 -1 0 0 3738.dat
1 0 -320 -8 160 0 0 1 0 1 0 -1 0 0 3738.dat
1 0 -180 -8 -160 0 0 1 0 1 0 -1 0 0 3738.dat
1 0 -180 -8 160 0 0 1 0 1 0 -1 0 0 3738.dat
1 0 -180 -16 -70 -1 0 0 0 1 0 0 0 -1 6087.dat
1 0 -180 -16 70 1 0 0 0 1 0 0 0 1 6087.dat
1 0 -320 -16 -70 -1 0 0 0 1 0 0 0 -1 6087.dat
1 0 -320 -16 70 1 0 0 0 1 0 0 0 1 6087.dat
1 0 -180 24 0 0 0 -1 0 1 0 1 0 0 32001.dat
1 0 -320 24 0 0 0 -1 0 1 0 1 0 0 32001.dat
1 7 -310 0 -40 0 0 1 0 1 0 -1 0 0 3039.dat
1 7 -190 0 -40 0 0 -1 0 1 0 1 0 0 3039.dat
1 7 -190 0 0 0 0 -1 0 1 0 1 0 0 32000.dat
1 7 -310 0 0 0 0 -1 0 1 0 1 0 0 32000.dat
1 0 -140 10 -10 1 0 0 0 1 0 0 0 1 3737.dat
1 0 -290 10 -10 1 0 0 0 1 0 0 0 1 4519.dat
1 7 -250 10 -10 0 0 1 -1 0 0 0 -1 0 32034.dat
1 7 -290 10 -10 0 0 -1 0 1 0 1 0 0 4019.dat
1 7 -210 10 -10 0 0 -1 0 1 0 1 0 0 3648.dat
1 7 -190 0 40 0 0 -1 0 1 0 1 0 0 3700.dat
1 7 -310 0 40 0 0 -1 0 1 0 1 0 0 3700.dat
1 0 -250 10 40 1 0 0 0 1 0 0 0 1 3707.dat
1 7 -175 10 40 0 0 -1 0 1 0 1 0 0 32123a.dat
1 7 -210 10 40 0 0 -1 0 1 0 1 0 0 4019.dat
1 7 -230 10 40 0 0 -1 0 1 0 1 0 0 4019.dat
1 7 -130 -16 0 0 0 -1 0 1 0 1 0 0 4477.dat
1 7 30 -16 0 0 0 -1 0 1 0 1 0 0 4477.dat
1 7 -390 -16 0 0 0 -1 0 1 0 1 0 0 4477.dat
1 0 -310 -8 0 0 0 -1 0 1 0 1 0 0 3666.dat
1 0 -190 -8 0 0 0 -1 0 1 0 1 0 0 3666.dat
1 7 -190 -16 0 0 0 -1 0 1 0 1 0 0 3666.dat
1 7 -310 -16 0 0 0 -1 0 1 0 1 0 0 3666.dat
1 0 -410 -16 -140 0 0 -1 0 1 0 1 0 0 3460.dat
1 0 -410 -16 140 0 0 -1 0 1 0 1 0 0 3460.dat
1 0 -100 -16 -140 0 0 -1 0 1 0 1 0 0 3738.dat
1 0 -100 -16 140 0 0 -1 0 1 0 1 0 0 3738.dat
1 0 -100 -40 -90 1 0 0 0 1 0 0 0 1 32018.dat
1 0 -100 -40 90 -1 0 0 0 1 0 0 0 -1 32018.dat
1 0 -400 -40 -90 1 0 0 0 1 0 0 0 1 3703.dat
1 0 -400 -40 90 -1 0 0 0 1 0 0 0 -1 3703.dat
1 0 -760 -40 -90 1 0 0 0 1 0 0 0 1 2730.dat
1 0 -760 -40 90 -1 0 0 0 1 0 0 0 -1 2730.dat
1 0 -720 -30 -100 0 0 -1 0 1 0 1 0 0 2780.dat
1 0 -720 -30 100 0 0 -1 0 1 0 1 0 0 2780.dat
1 0 -380 -30 -100 0 0 -1 0 1 0 1 0 0 2780.dat
1 0 -380 -30 100 0 0 -1 0 1 0 1 0 0 2780.dat
1 0 -220 -30 -100 0 0 -1 0 1 0 1 0 0 2780.dat
1 0 -220 -30 100 0 0 -1 0 1 0 1 0 0 2780.dat
1 8 -260 -30 -80 0 0 -1 0 1 0 1 0 0 32002.dat
1 8 -260 -30 80 0 0 1 0 1 0 -1 0 0 32002.dat
1 7 -760 -30 -100 0 0 1 0 1 0 -1 0 0 3749.dat
1 7 -760 -30 100 0 0 -1 0 1 0 1 0 0 3749.dat
1 0 -720 -30 -115 -1 0 0 0 0 1 0 1 0 2905.dat
1 0 -720 -30 115 1 0 0 0 0 1 0 -1 0 2905.dat
1 0 -720 -30 -105 -1 0 0 0 0 1 0 1 0 2905.dat
1 0 -720 -30 105 1 0 0 0 0 1 0 -1 0 2905.dat
1 0 -260 -30 -75 -1 0 0 0 0 1 0 1 0 32017.dat
1 0 -260 -30 75 1 0 0 0 0 1 0 -1 0 32017.dat
1 0 -230 -10 -110 0 1 0 -1 0 0 0 0 1 3701.dat
1 0 -230 -10 110 0 1 0 1 0 0 0 0 -1 3701.dat
1 0 -280 0 -230 1 0 0 0 1 0 0 0 1 3894.dat
1 0 -280 0 230 -1 0 0 0 1 0 0 0 -1 3894.dat
1 0 -380 0 -210 1 0 0 0 1 0 0 0 1 2730.dat
1 0 -380 0 210 -1 0 0 0 1 0 0 0 -1 2730.dat
1 0 -180 0 -210 1 0 0 0 1 0 0 0 1 2730.dat
1 0 -180 0 210 -1 0 0 0 1 0 0 0 -1 2730.dat
1 0 -240 10 -220 0 0 -1 0 1 0 1 0 0 2780.dat
1 0 -239.995 10 220 -0.000345306 0 -1 0 1 0 1 0 -0.000345306 2780.dat
1 0 -260 10 -220 0 0 -1 0 1 0 1 0 0 2780.dat
1 0 -260 10 220 0 0 -1 0 1 0 1 0 0 2780.dat
1 0 -300 10 -220 0 0 -1 0 1 0 1 0 0 2780.dat
1 0 -300 10 220 0 0 -1 0 1 0 1 0 0 2780.dat
1 0 -320 10 -220 0 0 -1 0 1 0 1 0 0 2780.dat
1 0 -320 10 220 0 0 -1 0 1 0 1 0 0 2780.dat
1 0 -440 -8 -210 1 0 0 0 1 0 0 0 1 3710.dat
1 0 -440 -8 210 -1 0 0 0 1 0 0 0 -1 3710.dat
1 0 -120 -8 -210 1 0 0 0 1 0 0 0 1 3710.dat
1 0 -120 -8 210 -1 0 0 0 1 0 0 0 -1 3710.dat
1 7 -430 -16 -210 1 0 0 0 1 0 0 0 1 4073.dat
1 7 -430 -16 210 -1 0 0 0 1 0 0 0 -1 4073.dat
1 0 -400 -40 -210 1 0 0 0 1 0 0 0 1 2744.dat
1 0 -400 -40 210 1 0 0 0 1 0 0 0 1 2744.dat
1 0 -120 -40 -210 -1 0 0 0 1 0 0 0 -1 2744.dat
1 0 -120 -40 210 -1 0 0 0 1 0 0 0 -1 2744.dat
1 8 -680 -30 -92 0 0 1 0 1 0 -1 0 0 6587.dat
1 8 -680 -30 92 0 0 1 0 -1 0 1 0 0 6587.dat
1 0 -380 -30 -190 0 0 -1 0 1 0 1 0 0 6558.dat
1 0 -380 -30 190 0 0 1 0 1 0 -1 0 0 6558.dat
1 0 -380 10 -190 0 0 -1 0 1 0 1 0 0 6558.dat
1 0 -380 10 190 0 0 1 0 1 0 -1 0 0 6558.dat
1 0 -140 10 -200 0 0 -1 0 1 0 1 0 0 2780.dat
1 0 -140 10 200 0 0 -1 0 1 0 1 0 0 2780.dat
1 0 -140 -30 -200 0 0 -1 0 1 0 1 0 0 2780.dat
1 0 -140 -30 200 0 0 -1 0 1 0 1 0 0 2780.dat
1 0 -150 -10 -190 0 1 0 1 0 0 0 0 -1 3701.dat
1 0 -150 -10 190 0 1 0 -1 0 0 0 0 1 3701.dat
1 0 -370 -10 -190 0 -1 0 1 0 0 0 0 1 3701.dat
1 0 -370 -10 190 0 -1 0 -1 0 0 0 0 -1 3701.dat
1 0 -380 30 -170 1 0 0 0 0 -1 0 1 0 6629.dat
1 0 -380 30 -110 1 0 0 0 0 -1 0 1 0 6629.dat
1 0 -380 30 110 1 0 0 0 0 -1 0 1 0 6629.dat
1 0 -380 30 170 1 0 0 0 0 -1 0 1 0 6629.dat
1 1 -680 -30 70 0 0 -1 0 -1 0 -1 0 0 6536.dat
1 1 -680 -30 -70 0 0 -1 0 -1 0 -1 0 0 6536.dat
1 7 -690 -50 -70 -1 0 0 0 -1 0 0 0 1 3749.dat
1 7 -690 -50 70 -1 0 0 0 -1 0 0 0 1 3749.dat
1 0 150 -8 0 0 0 -1 0 1 0 1 0 0 4477.dat
1 7 100 -16 -50 1 0 0 0 1 0 0 0 1 3666.dat
1 7 100 -16 50 1 0 0 0 1 0 0 0 1 3666.dat
1 0 100 -16 -80 1 0 0 0 1 0 0 0 1 32001.dat
1 0 100 -16 80 1 0 0 0 1 0 0 0 1 32001.dat
1 0 150 -40 60 0 0 1 0 1 0 -1 0 0 32000.dat
1 0 150 -40 -60 0 0 1 0 1 0 -1 0 0 32000.dat
1 7 150 -40 -90 0 0 1 0 1 0 -1 0 0 6541.dat
1 7 150 -40 90 0 0 1 0 1 0 -1 0 0 6541.dat
1 7 150 -16 -30 0 0 1 0 1 0 -1 0 0 4073.dat
1 7 150 -40 -30 0 0 1 0 1 0 -1 0 0 3062b.dat
1 7 150 -48 -30 0 0 1 0 1 0 -1 0 0 4073.dat
1 0 130 -40 -80 0 0 1 0 1 0 -1 0 0 32000.dat
1 0 90 -40 -80 0 0 1 0 1 0 -1 0 0 32000.dat
1 0 130 -40 80 0 0 1 0 1 0 -1 0 0 32000.dat
1 0 90 -40 80 0 0 1 0 1 0 -1 0 0 32000.dat
1 7 70 -40 -90 0 0 1 0 1 0 -1 0 0 6541.dat
1 0 70 -40 -60 0 0 1 0 1 0 -1 0 0 32000.dat
1 0 70 -40 60 0 0 1 0 1 0 -1 0 0 32000.dat
1 7 70 -40 90 0 0 1 0 1 0 -1 0 0 6541.dat
1 0 70 -30 -70 1 0 0 0 1 0 0 0 1 6558.dat
1 0 70 -30 -90 1 0 0 0 1 0 0 0 1 6558.dat
1 0 70 -30 90 1 0 0 0 1 0 0 0 1 6558.dat
1 0 70 -30 70 1 0 0 0 1 0 0 0 1 6558.dat
1 0 150 -30 90 -1 0 0 0 1 0 0 0 -1 6558.dat
1 0 150 -30 70 -1 0 0 0 1 0 0 0 -1 6558.dat
1 0 150 -30 -70 -1 0 0 0 1 0 0 0 -1 6558.dat
1 0 150 -30 -90 -1 0 0 0 1 0 0 0 -1 6558.dat
1 7 170 -30 -50 0 1 0 1 0 0 0 0 -1 32140.dat
1 7 170 -30 50 0 -1 0 1 0 0 0 0 1 32140.dat
1 0 160 -30 -110 -1 0 0 0 0 -1 0 -1 0 2780.dat
1 0 160 -30 110 -1 0 0 0 0 -1 0 -1 0 2780.dat
1 0 150 -10 -110 0 1 0 0 0 -1 -1 0 0 6629.dat
1 0 150 -10 110 0 -1 0 0 0 -1 1 0 0 6629.dat
1 0 120 -10 -110 -1 0 0 0 0 -1 0 -1 0 3707.dat
1 0 120 -10 110 -1 0 0 0 0 -1 0 -1 0 3707.dat
1 0 135 -5.29526 -149.722 0 -1 0 -0.993059 0 0.117618 -0.117618 0 -0.993059 32017.dat
1 0 135 -5.29518 149.722 0 -1 0 -0.993059 0 -0.117621 0.117621 0 -0.993059 32017.dat
1 7 120 -10 -110 -1 0 0 0 1 0 0 0 -1 6536.dat
1 7 100 -10 -110 -1 0 0 0 1 0 0 0 -1 6536.dat
1 7 120 -10 110 -1 0 0 0 1 0 0 0 -1 6536.dat
1 7 100 -10 110 -1 0 0 0 1 0 0 0 -1 6536.dat
1 7 110 -30 -50 0 0 1 0 -1 0 1 0 0 32034.dat
1 7 110 -30 50 0 0 1 0 -1 0 1 0 0 32034.dat
1 0 110 -30 40 0 0 1 0 -1 0 1 0 0 3705.dat
1 0 110 -30 -40 0 0 1 0 -1 0 1 0 0 3705.dat
1 8 110 -30 0 1 0 0 0 1 0 0 0 1 6573.dat
1 7 110 -13 0 -1 0 0 0 0 -1 0 -1 0 6589.dat
1 7 110 -30 17 -1 0 0 0 1 0 0 0 -1 6589.dat
1 7 110 -30 -17 1 0 0 0 1 0 0 0 1 6589.dat
0 Assembly 1
1 7 110 -30 -70 1 0 0 0 1 0 0 0 1 3712.dat
0 Assembly 1
1 7 110 -26.4713 -129.792 0 1 0 0.993058 0 0.117623 0.117623 0 -0.993058 3712.dat
0 Assembly 1
1 7 110 -30 -100 1 0 0 0 0.993058 -0.117623 0 0.117623 0.993058 3326b.dat
0 Assembly 2
1 7 110 -30 70 -1 0 0 0 1 0 0 0 -1 3712.dat
0 Assembly 2
1 7 110 -26.4713 129.792 0 -1 0 0.993058 0 0.117623 -0.117623 0 0.993058 3712.dat
0 Assembly 2
1 7 110 -30 100 -1 0 0 0 0.993058 -0.117623 0 -0.117623 -0.993058 3326b.dat
1 0 110 -25.2951 -139.722 0 0 -1 -0.117623 0.993058 0 0.993058 0.117623 0 32062.dat
1 0 110 -25.2951 139.722 0 0 -1 0.117623 0.993058 0 0.993058 -0.117623 0 32062.dat
0 Assembly 3
1 7 110 -24.1188 -149.653 0 1 0 -0.993058 0 -0.117623 -0.117623 0 0.993058 3712.dat
0 Assembly 3
1 7 110 -20.5902 -209.445 -1 0 0 0 1 0 0 0 -1 3712.dat
0 Assembly 3
1 7 110 -20.5902 -179.445 0 1 0 -0.993058 0 -0.117623 -0.117623 0 0.993058 3326b.dat
0 Assembly 4
1 7 110 -24.1189 149.653 0 1 0 0.993058 0 -0.117623 -0.117623 0 -0.993058 3712.dat
0 Assembly 4
1 7 110 -20.5902 209.445 -1 0 0 0 -1 0 0 0 1 3712.dat
0 Assembly 4
1 7 110 -20.5902 179.445 0 1 0 0.993058 0 -0.117623 -0.117623 0 -0.993058 3326b.dat
1 0 110 -20.5902 -239.445 0 -1 0 0 0 -1 1 0 0 3705.dat
1 0 110 -20.5902 239.445 0 -1 0 0 0 -1 1 0 0 3705.dat
1 8 152 -30 50 1 0 0 0 0 1 0 -1 0 6587.dat
1 8 152 -30 -50 1 0 0 0 0 1 0 -1 0 6587.dat
1 7 110 -48 50 1 0 0 0 1 0 0 0 1 32124.dat
1 7 110 -48 -50 1 0 0 0 1 0 0 0 1 32124.dat
1 7 110 -20.5902 -229.445 -1 0 0 0 1 0 0 0 -1 32184.dat
1 7 110 -20.5902 229.445 1 0 0 0 1 0 0 0 1 32184.dat
1 0 110 -0.590237 -229.445 -1 0 0 0 1 0 0 0 -1 4519.dat
1 0 110 -0.590191 229.445 1 0 0 0 1 0 0 0 1 4519.dat
1 0 110 -40.5902 -229.445 -1 0 0 0 1 0 0 0 -1 4519.dat
1 0 110 -40.5902 229.445 1 0 0 0 1 0 0 0 1 4519.dat
1 0 90 -0.590237 -229.445 0 1 0 -1 0 0 0 0 1 2825.dat
1 0 90 -0.590191 229.445 0 1 0 1 0 0 0 0 -1 2825.dat
1 0 90 -40.5902 -229.445 0 1 0 -1 0 0 0 0 1 2825.dat
1 0 90 -40.5902 229.445 0 1 0 1 0 0 0 0 -1 2825.dat
1 0 130 -40.5902 -229.445 0 -1 0 1 0 0 0 0 1 2825.dat
1 0 130 -40.5902 229.445 0 -1 0 -1 0 0 0 0 -1 2825.dat
1 0 130 -0.590237 -229.445 0 -1 0 1 0 0 0 0 1 2825.dat
1 0 130 -0.590191 229.445 0 -1 0 -1 0 0 0 0 -1 2825.dat
1 0 110 -40.5902 -189.445 -1 0 0 0 1 0 0 0 -1 6558.dat
1 0 110 -40.5902 189.445 -1 0 0 0 1 0 0 0 -1 6558.dat
1 0 110 -0.590237 -189.445 -1 0 0 0 1 0 0 0 -1 6558.dat
1 0 110 -0.59019 189.445 -1 0 0 0 1 0 0 0 -1 6558.dat
1 0 135 -45.2951 149.722 0 -1 0 -0.993058 0 -0.117623 0.117623 0 -0.993058 32017.dat
1 0 135 -45.2951 -149.722 0 -1 0 -0.993058 0 0.117622 -0.117622 0 -0.993058 32017.dat
1 0 85 -5.29277 149.722 0 -1 0 -0.993065 0 -0.117565 0.117565 0 -0.993065 32017.dat
1 0 85 -5.29333 -149.722 0 -1 0 -0.993053 0 0.117667 -0.117667 0 -0.993053 32017.dat
1 0 110 -50 -110 -1 0 0 0 0 1 0 1 0 32073.dat
1 0 110 -90 -110 -1 0 0 0 0 1 0 1 0 32073.dat
1 0 110 -90 110 -1 0 0 0 0 1 0 1 0 32073.dat
1 0 110 -50 110 -1 0 0 0 0 1 0 1 0 32073.dat
1 0 110 -146 158 -1 0 0 0 0 1 0 1 0 32073.dat
1 0 110 -146 -158 -1 0 0 0 0 1 0 1 0 32073.dat
1 8 110 -146 -158 0 0 1 -0.285863 0.958271 0 -0.958271 -0.285863 0 731c01.dat
1 8 110 -146 158 1 0 0 0 0.958271 -0.285863 0 0.285863 0.958271 731c01.dat
1 7 120 -70 -110 -1 0 0 0 1 0 0 0 -1 32184.dat
1 7 100 -70 -110 -1 0 0 0 1 0 0 0 -1 32184.dat
1 7 120 -70 110 -1 0 0 0 1 0 0 0 -1 32184.dat
1 7 100 -70 110 -1 0 0 0 1 0 0 0 -1 32184.dat
1 7 130 -146 158 0 0 -1 0 1 0 1 0 0 3713.dat
1 7 90 -146 158 0 0 1 0 1 0 -1 0 0 3713.dat
1 7 90 -146 -158 0 0 1 0 1 0 -1 0 0 3713.dat
1 7 130 -146 -158 0 0 -1 0 1 0 1 0 0 3713.dat
1 0 85 -45.2951 -149.722 0 -1 0 -0.993058 0 0.117622 -0.117622 0 -0.993058 32017.dat
1 0 85 -45.2951 149.722 0 -1 0 -0.993058 0 -0.117623 0.117623 0 -0.993058 32017.dat
1 0 70 -10 110 0 -1 0 0 0 -1 1 0 0 6629.dat
1 0 70 -10 -110 0 1 0 0 0 -1 -1 0 0 6629.dat
1 0 60 -30 -110 1 0 0 0 1 0 0 0 1 2780.dat
1 0 60 -30 110 1 0 0 0 1 0 0 0 1 2780.dat
1 7 50 -30 -50 0 1 0 1 0 0 0 0 -1 32140.dat
1 7 50 -30 50 0 -1 0 1 0 0 0 0 1 32140.dat
1 8 68 -30 50 -1 0 0 0 0 -1 0 -1 0 6587.dat
1 8 68 -30 -50 -1 0 0 0 0 -1 0 -1 0 6587.dat
1 0 80 -48 90 -1 0 0 0 1 0 0 0 -1 3460.dat
1 0 80 -48 -90 -1 0 0 0 1 0 0 0 -1 3460.dat
1 0 30 -56 -90 -1 0 0 0 1 0 0 0 -1 3623.dat
1 0 30 -56 90 -1 0 0 0 1 0 0 0 -1 3623.dat
1 0 70 -56 0 0 0 -1 0 1 0 1 0 0 4477.dat
1 0 150 -56 0 0 0 -1 0 1 0 1 0 0 4477.dat
1 0 160 -80 -90 -1 0 0 0 1 0 0 0 -1 3703.dat
1 0 280 -70 -80 0 0 1 0 1 0 -1 0 0 2780.dat
1 0 280 -70 80 0 0 1 0 1 0 -1 0 0 2780.dat
1 4 100 -70 -90 0 0 1 0 1 0 -1 0 0 32054.dat
1 4 120 -70 -90 0 0 1 0 1 0 -1 0 0 32054.dat
1 4 100 -70 90 0 0 -1 0 1 0 1 0 0 32054.dat
1 4 120 -70 90 0 0 -1 0 1 0 1 0 0 32054.dat
1 0 180 -70 80 0 0 1 0 1 0 -1 0 0 2780.dat
1 0 200 -70 80 0 0 1 0 1 0 -1 0 0 2780.dat
1 0 180 -70 -80 0 0 1 0 1 0 -1 0 0 2780.dat
1 0 200 -70 -80 0 0 1 0 1 0 -1 0 0 2780.dat
1 0 20 -70 -100 0 0 1 0 1 0 -1 0 0 2780.dat
1 0 20 -30 -100 0 0 1 0 1 0 -1 0 0 2780.dat
1 0 20 10 -100 0 0 1 0 1 0 -1 0 0 2780.dat
1 0 20 10 100 0 0 1 0 1 0 -1 0 0 2780.dat
1 0 20 -30 100 0 0 1 0 1 0 -1 0 0 2780.dat
1 0 20 -70 100 0 0 1 0 1 0 -1 0 0 2780.dat
1 0 20 -30 -105 -1 0 0 0 0 1 0 1 0 32017.dat
1 0 20 -30 -115 -1 0 0 0 0 1 0 1 0 32017.dat
1 0 20 -30 105 -1 0 0 0 0 1 0 1 0 32017.dat
1 0 20 -30 115 -1 0 0 0 0 1 0 1 0 32017.dat
1 1 200 -50 70 -1 0 0 0 -1 0 0 0 1 6536.dat
1 1 180 -50 70 -1 0 0 0 -1 0 0 0 1 6536.dat
1 1 180 -50 -70 -1 0 0 0 -1 0 0 0 1 6536.dat
1 1 200 -50 -70 -1 0 0 0 -1 0 0 0 1 6536.dat
1 8 198 -50 -70 -1 0 0 0 0 -1 0 -1 0 6587.dat
1 8 198 -50 70 -1 0 0 0 0 -1 0 -1 0 6587.dat
1 4 100 10 -110 0 0 1 0 -1 0 1 0 0 32054.dat
1 4 120 10 -110 0 0 1 0 -1 0 1 0 0 32054.dat
1 4 120 10 110 0 0 -1 0 -1 0 -1 0 0 32054.dat
1 4 100 10 110 0 0 -1 0 -1 0 -1 0 0 32054.dat
1 0 -650 -40 0 0 0 1 0 1 0 -1 0 0 32018.dat
1 0 -640 -30 -100 -1 0 0 0 1 0 0 0 -1 2780.dat
1 0 -640 -30 100 -1 0 0 0 1 0 0 0 -1 2780.dat
1 7 -640 -30 -60 1 0 0 0 1 0 0 0 1 3749.dat
1 7 -640 -30 60 1 0 0 0 1 0 0 0 1 3749.dat
1 0 -635 -30 -120 0 -1 0 1 0 0 0 0 1 2905.dat
1 0 -635 -30 120 0 -1 0 -1 0 0 0 0 -1 2905.dat
1 0 -625 -30 -120 0 1 0 -1 0 0 0 0 1 6632.dat
1 0 -625 -30 80 0 1 0 -1 0 0 0 0 1 6632.dat
1 0 -620 -30 -120 -1 0 0 0 -1 0 0 0 1 3705.dat
1 0 -620 -30 -80 -1 0 0 0 -1 0 0 0 1 3705.dat
1 0 -620 -30 80 -1 0 0 0 -1 0 0 0 1 3705.dat
1 0 -620 -30 120 -1 0 0 0 -1 0 0 0 1 3705.dat
1 0 -610 -70 120 -1 0 0 0 -1 0 0 0 1 4519.dat
1 0 -610 -70 -120 -1 0 0 0 -1 0 0 0 1 4519.dat
1 8 -610 -8.51223 -169.978 -1 0 0 0 -0.999557 -0.0297555 0 -0.0297555 0.999557 32195.dat
1 7 -610 -26.7269 -229.951 0 0 -1 0 1 0 1 0 0 32186.dat
1 8 -620 -7.61956 -199.965 1 0 0 0 0.999557 -0.0297555 0 0.0297555 0.999557 6587.dat
1 8 -610 -7.62 -199.965 0 0 1 0.363809 -0.931473 0 0.931473 0.363809 0 731c01.dat
1 8 -610 -7.62 199.965 0 0 1 -0.363809 -0.931473 0 0.931473 -0.363809 0 731c01.dat
1 7 -635 -7.61956 -199.965 0 0 1 0.0297555 0.999557 0 -0.999557 0.0297555 0 32123a.dat
1 0 -610 -8.80978 -159.982 -1 0 0 0 1 0 0 0 -1 32062.dat
1 7 -610 -28.8098 -159.982 -1 0 0 0 1 0 0 0 -1 32184.dat
1 8 -610 -48.7824 -169.987 1 0 0 0 0.999413 -0.034258 0 0.034258 0.999413 32195.dat
1 0 -610 -49.125 -159.992 -1 0 0 0 1 0 0 0 -1 32062.dat
1 8 -630 -50 -120 -1 0 0 0 1 0 0 0 -1 32002.dat
1 8 -630 -10 -120 -1 0 0 0 1 0 0 0 -1 32002.dat
1 8 -590 -10 -120 1 0 0 0 0.999557 -0.0297555 0 0.0297555 0.999557 32002.dat
1 8 -590 -50.4953 -120.016 1 0 0 0 0.999413 -0.034258 0 0.034258 0.999413 32002.dat
1 7 -615 -60 -120 0 -1 0 0 0 1 -1 0 0 32063.dat
1 7 -605 -60 -120 0 -1 0 0 0 1 -1 0 0 32063.dat
1 8 -590 -50 120 1 0 0 0 0.999577 0.0290943 0 -0.0290943 0.999577 32002.dat
1 8 -610 -48.5453 169.979 -1 0 0 0 0.999577 -0.0290943 0 -0.0290943 -0.999577 32195.dat
1 8 -630 -50 120 -1 0 0 0 1 0 0 0 -1 32002.dat
1 0 -610 -48.8362 159.983 1 0 0 0 1 0 0 0 1 32062.dat
1 0 -610 -8.779 159.981 1 0 0 0 1 0 0 0 1 32062.dat
1 7 -610 -28.779 159.981 1 0 0 0 1 0 0 0 1 32184.dat
1 7 -610 -26.7996 229.953 0 0 -1 0 1 0 1 0 0 32186.dat
1 7 -605 -60 120 0 1 0 0 0 1 1 0 0 32063.dat
1 7 -615 -60 120 0 1 0 0 0 1 1 0 0 32063.dat
1 8 -610 -8.63114 169.982 1 0 0 0 -0.999534 -0.0305251 0 0.0305251 -0.999534 32195.dat
1 8 -590 -10 120 1 0 0 0 1 0 0 0 1 32002.dat
1 8 -630 -10 120 -1 0 0 0 1 0 0 0 -1 32002.dat
1 8 -620 -7.71538 199.968 1 0 0 0 0.999534 0.0305251 0 -0.0305251 0.999534 6587.dat
1 7 -635 -7.71538 199.968 0 0 1 -0.0305251 0.999534 0 -0.999534 -0.0305251 0 32123a.dat
1 0 -600 -30 -40 1 0 0 0 0.800408 -0.599456 0 0.599456 0.800408 3706.dat
1 0 -600 -30 40 1 0 0 0 0.800167 0.599778 0 -0.599778 0.800167 3706.dat
1 0 -630 -30 40 0 -1 0 0.599778 0 -0.800167 0.800167 0 0.599778 6629.dat
1 0 -630 -30 -40 0 1 0 0.599456 0 -0.800408 -0.800408 0 -0.599456 6629.dat
1 0 -610 -40 0 0 0 1 0 1 0 -1 0 0 2730.dat
1 0 -610 -110.054 -119.946 -1 0 0 0 1 0 0 0 -1 6558.dat
1 0 -610 -110.022 119.978 -1 0 0 0 1 0 0 0 -1 6558.dat
1 0 -610 -110.082 -159.946 1 0 0 0 1 0 0 0 1 4519.dat
1 0 -610 -110.033 159.978 1 0 0 0 1 0 0 0 1 4519.dat
1 0 -590 -30 40 0 -1 0 0.599778 0 -0.800167 0.800167 0 0.599778 6629.dat
1 0 -590 -30 -40 0 1 0 0.599456 0 -0.800408 -0.800408 0 -0.599456 6629.dat
1 0 -595 -30 -120 0 -1 0 1 0 0 0 0 1 6632.dat
1 0 -595 -30 80 0 -1 0 1 0 0 0 0 1 6632.dat
1 0 -585 -30 120 0 -1 0 -1 0 0 0 0 -1 2905.dat
1 0 -585 -30 -120 0 -1 0 1 0 0 0 0 1 2905.dat
1 0 -550 -40 0 0 0 -1 0 1 0 1 0 0 3702.dat
1 0 -570 -30 -60 -1 0 0 0 1 0 0 0 -1 32073.dat
1 0 -570 -30 60 -1 0 0 0 1 0 0 0 -1 32073.dat
1 7 -570 -30 -60 0 0 -1 0.993058 0.117623 0 0.117623 -0.993058 0 3647.dat
1 7 -570 -30 60 0 0 -1 0.993058 0.117623 0 0.117623 -0.993058 0 3647.dat
1 7 -530 -30 60 0 0 -1 0.993058 0.117623 0 0.117623 -0.993058 0 3713.dat
0 Assembly 6
1 7 -530 -30 -60 0 0 -1 0.993058 0.117623 0 0.117623 -0.993058 0 3712.dat
0 Assembly 6
1 7 -477.517 -47.4824 -69.427 -0.309017 0.585529 0.749443 0.111866 0.804918 -0.582746 -0.944455 -0.096241 -0.314234 3712.dat
0 Assembly 6
1 7 -500 -30 -60 0 -0.309017 -0.951056 0.993058 0.111866 -0.0363475 0.117623 -0.944455 0.306872 3326b.dat
1 0 -600 -48 0 1 0 0 0 1 0 0 0 1 32001.dat
1 8 -570 -26.7996 229.953 -1 -0.0193392 0.000585885 -0.0193453 1 -0.0135205 -0.000324248 -0.0135293 -1 2739a.dat
1 8 -570 -26.7269 -229.951 1 0.00844176 0.00362173 -0.00837871 1 -0.0171055 -0.00376533 0.0170744 1 2739a.dat
1 0 -375.9 -71.9816 -130 0.961262 0.275637 0 -0.275637 0.961262 0 0 0 1 3705.dat
1 0 -347.062 -80.2507 -130 0 0.275637 -0.961262 0 0.961262 0.275637 1 0 0 32039.dat
1 7 -366.288 -74.738 -130 0 0.275637 0.961262 0 0.961262 -0.275637 -1 0 0 3713.dat
1 7 -385.513 -69.2252 -130 -0.961262 0.275637 0 0.275637 0.961262 0 0 0 -1 6536.dat
1 0 -327.837 -85.7635 -120 0 0.275637 0.961262 0 0.961262 -0.275637 -1 0 0 3705.dat
1 0 -380 -50 -120 0 0 1 0 1 0 -1 0 0 2780.dat
1 7 -327.837 -85.7635 -110 0.961262 0.275637 0 -0.275637 0.961262 0 0 0 1 3713.dat
1 0 -338.863 -124.214 -145 0.961262 0 0.275637 -0.275637 0 0.961262 0 -1 0 32056.dat
1 0 -338.863 -124.214 -155 0.961262 0 0.275637 -0.275637 0 0.961262 0 -1 0 32056.dat
1 0 -300.412 -135.239 -120 0 0.275637 0.961262 0 0.961262 -0.275637 -1 0 0 3705.dat
1 7 -300.412 -135.239 -135 0.961262 0.275637 0 -0.275637 0.961262 0 0 0 1 32123a.dat
1 7 -300.412 -135.239 -105 0.961262 0.275637 0 -0.275637 0.961262 0 0 0 1 32123a.dat
1 7 -300.412 -135.239 -120 0 -0.275637 -0.961262 0 -0.961262 0.275637 -1 0 0 6536.dat
1 0 -338.863 -124.214 -85 0.961262 0 0.275637 -0.275637 0 0.961262 0 -1 0 32056.dat
1 0 -338.863 -124.214 -95 0.961262 0 0.275637 -0.275637 0 0.961262 0 -1 0 32056.dat
1 0 -305.925 -154.465 -120 0.961262 0 0.275637 -0.275637 0 0.961262 0 -1 0 4519.dat
0 Assembly 8
1 7 -376.774 -123.512 -110.73 0.601815 -0.246792 -0.759548 0.798635 0.185971 0.57236 0 -0.951056 0.309017 3712.dat
0 Assembly 8
1 7 -325.15 -148.952 -120 0 0.275637 0.961262 0 0.961262 -0.275637 -1 0 0 3712.dat
0 Assembly 8
1 7 -353.988 -140.683 -120 0.601815 0 -0.798636 0.798636 0 0.601815 0 -1 0 3326b.dat
1 0 -284.777 -160.529 -120 0 -0.961262 -0.275637 0 0.275637 -0.961262 1 0 0 2741.dat
1 0 -429.943 -83.4468 -89.0983 0.759548 0.246792 -0.601815 -0.57236 -0.185971 -0.798635 -0.309017 0.951056 0 3707.dat
1 7 -570 -18 0 0 0 1 0 1 0 -1 0 0 32185.dat
1 7 -569.941 -16.1517 129.953 0 0 1 1 0 0 0 1 0 2736.dat
1 7 -570 -16 -130 0 0 1 1 0 0 0 1 0 2736.dat
1 7 -570 -3 -130 1 0 0 0 0 -1 0 1 0 32123a.dat
1 7 -569.941 -3.15167 129.953 1 0 0 0 0 -1 0 1 0 32123a.dat
1 0 -332 -106 -130 0 -0.866025 0.5 0 0.5 0.866025 -1 0 0 32073.dat
1 0 -332 -106 140 0 -0.866025 0.5 0 0.5 0.866025 -1 0 0 3705.dat
1 0 -332 -106 140 0 -0.866025 0.5 0 0.5 0.866025 -1 0 0 75535.dat
1 7 -530 -48 70 1 0 0 0 1 0 0 0 1 2450.dat
1 7 -530 -48 -70 0 0 -1 0 1 0 1 0 0 2450.dat
1 7 -550 -56 0 0 0 -1 0 1 0 1 0 0 4477.dat
1 7 -530 -56 90 0 0 -1 0 1 0 1 0 0 4073.dat
1 7 -530 -56 -90 0 0 -1 0 1 0 1 0 0 4073.dat
1 0 -720 -48 -90 1 0 0 0 1 0 0 0 1 3460.dat
1 0 -720 -48 90 1 0 0 0 1 0 0 0 1 3460.dat
1 0 -540 -80 90 1 0 0 0 1 0 0 0 1 3700.dat
1 0 -540 -80 -90 1 0 0 0 1 0 0 0 1 3700.dat
1 0 -540 -70 -100 0 0 1 0 1 0 -1 0 0 2780.dat
1 0 -540 -30 -115 -1 0 0 0 0 1 0 1 0 32017.dat
1 0 -540 -30 -105 -1 0 0 0 0 1 0 1 0 32017.dat
1 0 -540 -30 -100 0 0 1 0 1 0 -1 0 0 2780.dat
1 0 -540 10 -100 0 0 1 0 1 0 -1 0 0 2780.dat
1 0 -540 -30 105 -1 0 0 0 0 1 0 1 0 32017.dat
1 0 -540 -30 115 -1 0 0 0 0 1 0 1 0 32017.dat
1 0 -540 -70 100 0 0 1 0 1 0 -1 0 0 2780.dat
1 0 -540 -30 100 0 0 1 0 1 0 -1 0 0 2780.dat
1 0 -540 10 100 0 0 1 0 1 0 -1 0 0 2780.dat
1 0 -610 10 -120 1 0 0 0 0 -1 0 1 0 4519.dat
1 7 -620 10 -120 1 0 0 0 0 -1 0 1 0 6553.dat
1 7 -600 10 -120 1 0 0 0 0 -1 0 1 0 6553.dat
1 0 -610 10 120 -1 0 0 0 0 -1 0 -1 0 4519.dat
1 7 -600 10 120 -1 0 0 0 0 -1 0 -1 0 6553.dat
1 7 -620 10 120 -1 0 0 0 0 -1 0 -1 0 6553.dat
1 8 -610 -26.7269 -249.951 0 0 -1 0 1 0 1 0 0 6587.dat
1 8 -610 -26.7996 197.953 0 0 -1 0 1 0 1 0 0 6587.dat
1 8 -610 -26.7996 249.953 0 0 1 0 1 0 -1 0 0 6587.dat
1 496 -610 -26.7269 -240.951 1 0 0 0 1 0 0 0 1 32197.dat
1 496 110 -20.5902 240.445 -1 0 0 0 1 0 0 0 -1 32197.dat
1 496 -610 -26.7996 240.953 -1 0 0 0 1 0 0 0 -1 32197.dat
1 496 110 -20.5902 -240.445 1 0 0 0 1 0 0 0 1 32197.dat
1 256 -604 -20.5902 -242.445 1 0 0 0 1 0 0 0 1 32196.dat
1 256 110 -20.5902 -240.445 1 0 0 0 1 0 0 0 1 32196.dat
1 256 110 -20.5902 240.445 1 0 0 0 1 0 0 0 1 32196.dat
1 256 -610 -26.7996 240.953 1 0 0 0 1 0 0 0 1 32196.dat
1 256 -210 -30 0 1 0 0 0 1 0 0 0 1 32073.dat
1 7 -160 -30 0 0 0 -1 0 1 0 1 0 0 6538b.dat
1 0 -190 -40 0 0 0 -1 0 1 0 1 0 0 3702.dat
1 7 -200 -30 60 1 0 0 0 1 0 0 0 1 3673.dat
1 7 -210 -30 0 0 0 -1 0 1 0 1 0 0 3713.dat
1 8 -230 -30 0 0 0 -1 0 1 0 1 0 0 6542.dat
1 7 -210 -40 50 0 0 -1 0 1 0 1 0 0 32000.dat
1 0 -340 -30 0 -1 0 0 0 1 0 0 0 -1 3707.dat
1 7 -255 -30 0 0 0 1 0 1 0 -1 0 0 6539.dat
1 8 -290 -30 0 0 0 1 0 1 0 -1 0 0 6542.dat
1 7 -260 -30 0 0 0 -1 0 1 0 1 0 0 6538a.dat
1 0 -220 -30 40 1 0 0 0 1 0 0 0 1 3705.dat
1 7 -260 -30 40 0 0 -1 0 1 0 1 0 0 6538a.dat
1 7 -260 -30 40 0 0 1 0 1 0 -1 0 0 6539.dat
1 8 -230 -30 40 0 0 -1 0 1 0 1 0 0 6542.dat
1 8 -290 -30 40 0 0 1 0 1 0 -1 0 0 6542.dat
1 0 -340 -30 40 -1 0 0 0 1 0 0 0 -1 3707.dat
1 0 -220 -30 -40 1 0 0 0 1 0 0 0 1 3705.dat
1 8 -210 -30 -40 0 0 -1 0 1 0 1 0 0 6542.dat
1 7 -260 -30 -40 0 0 -1 0 1 0 1 0 0 6538a.dat
1 7 -249 -30 -40 0 0 1 0 1 0 -1 0 0 6539.dat
1 8 -290 -30 -40 0 0 1 0 1 0 -1 0 0 6542.dat
1 0 -340 -30 -40 -1 0 0 0 1 0 0 0 -1 3707.dat
1 8 -230 -30 -40 0 0 -1 0 1 0 1 0 0 32187.dat
1 0 -310 -40 0 0 0 -1 0 1 0 1 0 0 3702.dat
1 7 -330 -30 -40 0 0 -1 0 1 0 1 0 0 3713.dat
1 7 -330 -30 40 0 0 -1 0 1 0 1 0 0 32270.dat
1 7 -330 -30 0 0 0 -1 0 1 0 1 0 0 32269.dat
1 7 -350 -30 0 0 0 -1 0 1 0 1 0 0 32270.dat
1 7 -350 -30 -40 0 0 -1 0 1 0 1 0 0 32269.dat
1 7 -370 -30 0 0 0 -1 0 1 0 1 0 0 3648.dat
1 0 -390 -40 0 0 0 -1 0 1 0 1 0 0 3894.dat
1 7 -410 -30 0 0 0 -1 0 1 0 1 0 0 4019.dat
1 0 -130 -30 0 -1 0 0 0 1 0 0 0 -1 4519.dat
1 0 -130 -40 0 0 0 -1 0 1 0 1 0 0 3894.dat
1 7 -110 -30 0 0 0 -1 0 1 0 1 0 0 3648.dat
1 0 -390 -48 0 0 0 -1 0 1 0 1 0 0 4477.dat
1 0 -310 -48 0 0 0 -1 0 1 0 1 0 0 4477.dat
1 0 -180 -48 0 0 0 -1 0 1 0 1 0 0 3832.dat
1 7 -190 -56 40 0 0 -1 0 1 0 1 0 0 3794.dat
1 7 -170 -56 40 0 0 -1 0 1 0 1 0 0 3794.dat
1 7 -190 -56 0 0 0 -1 0 1 0 1 0 0 3794.dat
1 7 -170 -56 0 0 0 -1 0 1 0 1 0 0 3794.dat
1 7 -190 -56 -40 0 0 -1 0 1 0 1 0 0 3794.dat
1 7 -170 -56 -40 0 0 -1 0 1 0 1 0 0 3794.dat
1 7 -310 -56 40 0 0 -1 0 1 0 1 0 0 3794.dat
1 7 -310 -56 0 0 0 -1 0 1 0 1 0 0 3794.dat
1 7 -310 -56 -40 0 0 -1 0 1 0 1 0 0 3794.dat
1 7 -170 -80 0 0 0 -1 0 1 0 1 0 0 6541.dat
1 7 -170 -80 -30 0 0 -1 0 1 0 1 0 0 32000.dat
1 7 -170 -80 30 0 0 -1 0 1 0 1 0 0 32000.dat
1 0 -160 -70 20 -1 0 0 0 1 0 0 0 -1 2780.dat
1 0 -160 -70 0 -1 0 0 0 1 0 0 0 -1 2780.dat
1 0 -160 -70 -20 -1 0 0 0 1 0 0 0 -1 2780.dat
1 1 -155 -70 0 0 -1 0 -1 0 0 0 0 -1 32017.dat
1 1 -145 -70 0 0 -1 0 -1 0 0 0 0 -1 32017.dat
1 7 -310 -80 10 0 0 -1 0 1 0 1 0 0 32000.dat
1 7 -310 -80 -20 0 0 -1 0 1 0 1 0 0 6541.dat
1 0 -310 -70 -20 1 0 0 0 1 0 0 0 1 6558.dat
1 0 -310 -70 0 1 0 0 0 1 0 0 0 1 6558.dat
1 0 -310 -70 20 1 0 0 0 1 0 0 0 1 6558.dat
1 7 -290 -80 -10 0 0 -1 0 1 0 1 0 0 32000.dat
1 7 -290 -80 20 0 0 -1 0 1 0 1 0 0 6541.dat
1 1 -335 -70 0 0 -1 0 -1 0 0 0 0 -1 32017.dat
1 1 -325 -70 0 0 -1 0 -1 0 0 0 0 -1 32017.dat
1 7 -200 -80 0 0 0 -1 0 1 0 1 0 0 3002.dat
1 0 -190 -80 40 0 0 1 0 1 0 -1 0 0 4287.dat
1 0 -190 -80 -40 0 0 1 0 1 0 -1 0 0 4287.dat
1 0 -310 -80 -40 0 0 -1 0 1 0 1 0 0 3665.dat
1 0 -310 -80 40 0 0 -1 0 1 0 1 0 0 3665.dat
1 7 -300 -88 0 1 0 0 0 1 0 0 0 1 3023.dat
1 7 -200 -88 0 1 0 0 0 1 0 0 0 1 3710.dat
1 7 -180 -88 -30 1 0 0 0 1 0 0 0 1 3022.dat
1 7 -180 -88 30 1 0 0 0 1 0 0 0 1 3022.dat
1 7 -260 -88 -30 0 0 1 0 1 0 -1 0 0 6631.dat
1 7 -260 -88 30 0 0 -1 0 1 0 1 0 0 6631.dat
1 7 -290 -96 -10 0 0 -1 0 1 0 1 0 0 2431.dat
1 7 -230 -96 -10 0 0 -1 0 1 0 1 0 0 2431.dat
1 0 -260 -70 0 0 0.422618 -0.906308 0 0.906308 0.422618 1 0 0 3707.dat
1 7 -260 -70 -60 0.906308 0.422618 0 -0.422618 0.906308 0 0 0 1 3713.dat
1 0 -400 -56 90 1 0 0 0 1 0 0 0 1 3023.dat
1 0 -400 -56 -90 1 0 0 0 1 0 0 0 1 3023.dat
1 7 -410 -48 -90 1 0 0 0 1 0 0 0 1 4073.dat
1 7 -410 -48 90 1 0 0 0 1 0 0 0 1 4073.dat
1 0 -380 -80 -90 1 0 0 0 1 0 0 0 1 2744.dat
1 0 -380 -80 90 1 0 0 0 1 0 0 0 1 2744.dat
1 4 -380 -70 90 0 0 -1 0 1 0 1 0 0 32054.dat
1 4 -380 -70 -90 0 0 1 0 1 0 -1 0 0 32054.dat
1 7 -260 -70 60 -0.906308 0.422618 0 0.422618 0.906308 0 0 0 -1 3713.dat
1 7 -268.452 -88.1261 -30 0 0.906308 -0.422618 0 -0.422618 -0.906308 -1 0 0 6641.dat
1 8 -276.482 -105.346 -30 -0.422618 0 0.906308 -0.906308 0 -0.422618 0 -1 0 6587.dat
0 STEP
1 0 -470 -90 0 -1 0 0 0 1 0 0 0 -1 32073.dat
1 7 -530 -90 0 0 0 -1 0 1 0 1 0 0 2853.dat
1 8 -550.2 -90 0 0 0 -1 0 1 0 1 0 0 2854.dat
1 7 -530.2 -90 -10 0 0 -1 -0.866025 0.5 0 0.5 0.866025 0 2852.dat
1 7 -530.2 -90 -10 0 0 1 -0.963525 0.267617 0 -0.267617 -0.963525 0 2852.dat
1 0 -570.2 -90 10 1 0 0 0 1 0 0 0 1 32062.dat
1 8 -590.2 -90 0 0 0 1 0 -1 0 1 0 0 2854.dat
1 7 -570.2 -90 10 0 0 1 -0.866025 0.5 0 -0.5 -0.866025 0 2852.dat
1 7 -570.2 -90 10 0 0 -1 -0.963525 0.267617 0 0.267617 0.963525 0 2852.dat
1 0 -610.2 -90 -10 -1 0 0 0 0 -1 0 -1 0 32062.dat
1 8 -630.2 -90 0 0 0 -1 0 1 0 1 0 0 2854.dat
1 7 -610.2 -90 -10 0 0 -1 -0.866025 0.5 0 0.5 0.866025 0 2852.dat
1 7 -610.2 -90 -10 0 0 1 -0.963525 0.267617 0 -0.267617 -0.963525 0 2852.dat
1 7 -650.4 -90 0 0 0 1 0 1 0 -1 0 0 2853.dat
1 7 -650 -90 10 0 0 1 -0.866025 0.5 0 -0.5 -0.866025 0 2852.dat
1 7 -650 -90 10 0 0 -1 -0.963525 0.267617 0 0.267617 0.963525 0 2852.dat
1 0 -700.2 -90 0 -1 0 0 0 1 0 0 0 -1 3705.dat
1 14 -530.2 -110 -44.641 1 0 0 0 0.5 -0.866025 0 0.866025 0.5 2851.dat
1 14 -570.2 -100.705 -28.541 1 0 0 0 0.5 -0.866025 0 0.866025 0.5 2851.dat
1 14 -610.2 -110 -44.641 1 0 0 0 0.5 -0.866025 0 0.866025 0.5 2851.dat
1 14 -650 -100.705 -28.541 1 0 0 0 0.5 -0.866025 0 0.866025 0.5 2851.dat
1 14 -650 -110 44.641 -1 0 0 0 0.5 -0.866025 0 -0.866025 -0.5 2851.dat
1 14 -610.2 -100.705 28.541 -1 0 0 0 0.5 -0.866025 0 -0.866025 -0.5 2851.dat
1 14 -570.2 -110 44.641 -1 0 0 0 0.5 -0.866025 0 -0.866025 -0.5 2851.dat
1 14 -530.2 -100.705 28.541 -1 0 0 0 0.5 -0.866025 0 -0.866025 -0.5 2851.dat
1 47 -530.2 -120.5 -62.8275 0 0 -1 -0.866025 0.5 0 0.5 0.866025 0 32061.dat
1 0 -550.2 -124.821 -30.3109 1 0 0 0 0.5 -0.866025 0 0.866025 0.5 2780.dat
1 0 -550.2 -90.1795 -50.3109 1 0 0 0 0.5 -0.866025 0 0.866025 0.5 2780.dat
1 47 -570.2 -120.205 -62.316 0 0 -1 -0.866025 0.5 0 0.5 0.866025 0 32061.dat
1 0 -590.2 -124.525 -29.7993 1 0 0 0 0.5 -0.866025 0 0.866025 0.5 2780.dat
1 0 -590.2 -89.8845 -49.7993 1 0 0 0 0.5 -0.866025 0 0.866025 0.5 2780.dat
1 47 -610 -120.5 -62.8275 0 0 -1 -0.866025 0.5 0 0.5 0.866025 0 32061.dat
1 0 -630 -124.821 -30.3109 1 0 0 0 0.5 -0.866025 0 0.866025 0.5 2780.dat
1 0 -630 -90.1795 -50.3109 1 0 0 0 0.5 -0.866025 0 0.866025 0.5 2780.dat
1 47 -650 -120.205 -62.316 0 0 -1 -0.866025 0.5 0 0.5 0.866025 0 32061.dat
1 0 -510.2 -90.1795 -50.3109 1 0 0 0 0.5 -0.866025 0 0.866025 0.5 2780.dat
1 0 -680 -89.8845 -49.7993 -1 0 0 0 0.5 0.866025 0 0.866025 -0.5 6558.dat
1 7 -670 -124.525 -29.7993 -1 0 0 0 0.5 0.866025 0 0.866025 -0.5 3673.dat
1 7 -510.2 -124.821 -30.3109 -1 0 0 0 0.5 0.866025 0 0.866025 -0.5 3673.dat
1 0 -590 -124.641 30 -1 0 0 0 0.5 -0.866025 0 -0.866025 -0.5 2780.dat
1 47 -610 -120.205 62.316 0 0 1 -0.866025 0.5 0 -0.5 -0.866025 0 32061.dat
1 0 -590 -89.8845 49.7993 -1 0 0 0 0.5 -0.866025 0 -0.866025 -0.5 2780.dat
1 47 -650 -120.5 62.8275 0 0 1 -0.866025 0.5 0 -0.5 -0.866025 0 32061.dat
1 0 -630 -124.525 29.7993 -1 0 0 0 0.5 -0.866025 0 -0.866025 -0.5 2780.dat
1 0 -630 -89.8845 49.7993 -1 0 0 0 0.5 -0.866025 0 -0.866025 -0.5 2780.dat
1 0 -510 -90 50 -1 0 0 0 0.5 -0.866025 0 -0.866025 -0.5 2780.dat
1 7 -670 -124.821 30.3108 1 0 0 0 0.5 0.866025 0 -0.866025 0.5 3673.dat
1 47 -570.2 -120.5 62.8275 0 0 1 -0.866025 0.5 0 -0.5 -0.866025 0 32061.dat
1 0 -550.2 -124.821 30.3108 -1 0 0 0 0.5 -0.866025 0 -0.866025 -0.5 2780.dat
1 0 -550.2 -90.1795 50.3108 -1 0 0 0 0.5 -0.866025 0 -0.866025 -0.5 2780.dat
1 47 -530.2 -120.205 62.316 0 0 1 -0.866025 0.5 0 -0.5 -0.866025 0 32061.dat
1 0 -680 -90.1795 50.3108 -1 0 0 0 0.5 -0.866025 0 -0.866025 -0.5 6558.dat
1 7 -510.2 -124.525 29.7993 1 0 0 0 0.5 0.866025 0 -0.866025 0.5 3673.dat
1 0 -500 -100 0 0 0 1 0 1 0 -1 0 0 3701.dat
1 0 -680.2 -100 0 0 0 1 0 1 0 -1 0 0 3701.dat
1 0 -680.2 -76 0 0 0 1 0 1 0 -1 0 0 3666.dat
1 0 -680.2 -108 0 0 0 1 0 1 0 -1 0 0 3666.dat
1 0 -500 -108 0 0 0 1 0 1 0 -1 0 0 3666.dat
1 0 -500 -76 0 0 0 1 0 1 0 -1 0 0 3666.dat
1 0 -500 -116 0 0 0 1 0 1 0 -1 0 0 2431.dat
1 0 -680.2 -116 0 0 0 1 0 1 0 -1 0 0 2431.dat
1 0 -680.2 -100 50 0 0 1 0 1 0 -1 0 0 6541.dat
1 0 -680.2 -100 -50 0 0 1 0 1 0 -1 0 0 6541.dat
1 0 -500 -100 -50 0 0 1 0 1 0 -1 0 0 6541.dat
1 0 -500 -100 50 0 0 1 0 1 0 -1 0 0 6541.dat
1 0 -490 -90 -20 1 0 0 0 0 -1 0 1 0 2780.dat
1 0 -490 -90 20 1 0 0 0 0 -1 0 1 0 2780.dat
1 7 -480 -70 -20 0 0 -1 0 -1 0 -1 0 0 6536.dat
1 7 -480 -70 20 0 0 -1 0 -1 0 -1 0 0 6536.dat
1 0 -480 -70 0 0 0 -1 0 -1 0 -1 0 0 32073.dat
1 7 -480 -70 -40 0 1 0 0 0 -1 -1 0 0 6553.dat
1 7 -480 -70 40 0 1 0 0 0 -1 -1 0 0 6553.dat
1 7 -700 -69.8845 -49.7993 0 0 -1 0 -1 0 -1 0 0 6536.dat
1 7 -700 -70.1795 50.3108 0 0 -1 0 -1 0 -1 0 0 6536.dat
1 0 -700 -70.1795 0.310837 0 0 -1 0 -1 0 -1 0 0 3707.dat
1 7 -700 -70 -70 0 0 1 0 1 0 -1 0 0 6536.dat
1 7 -700 -70 70 0 0 1 0 1 0 -1 0 0 6536.dat
1 7 -700.2 -90 0 0 0 -1 0 1 0 1 0 0 3713.dat
1 7 -715.2 -90 0 0 0 -1 0 1 0 1 0 0 32123a.dat
1 7 -430 -70 40 0 0 1 0 1 0 -1 0 0 6538b.dat
1 7 -430 -70 -40 0 0 1 0 1 0 -1 0 0 6538b.dat
1 7 -420 -90 0 0 0 1 0 1 0 -1 0 0 6538b.dat
1 15 -373 -70 40 1 0 0 0 1 0 0 0 1 32209.dat
1 15 -373 -70 -40 1 0 0 0 1 0 0 0 1 32209.dat
1 7 -390 -70 -20 1 0 0 0 1 0 0 0 1 32039.dat
1 7 -390 -70 20 -1 0 0 0 1 0 0 0 -1 32039.dat
1 0 -390 -70 0 0 0 -1 0 1 0 1 0 0 4519.dat
1 7 -390 -70 0 0 0 -1 0 -1 0 -1 0 0 6536.dat
1 0 -390 -90 0 1 0 0 0 1 0 0 0 1 4519.dat
1 7 -370 -90 0 0 0 -1 0 1 0 1 0 0 3648b.dat
1 0 -500.2 -144.525 29.7993 0 0 -1 0 1 0 1 0 0 6536.dat
1 0 -500.2 -144.821 -30.3109 0 0 -1 0 1 0 1 0 0 6536.dat
1 0 -680 -144.821 30.3108 0 0 -1 0 1 0 1 0 0 6536.dat
1 0 -680 -144.525 -29.7993 0 0 -1 0 1 0 1 0 0 6536.dat
1 0 -500 -144.641 10 0 0 1 0 -1 0 1 0 0 32016.dat
1 0 -500 -144.641 -10 0 0 1 0 -1 0 1 0 0 32016.dat
1 0 -590 -144.641 10 1 0 0 0 -1 0 0 0 -1 3707.dat
1 0 -590 -144.641 -10 1 0 0 0 -1 0 0 0 -1 3707.dat
1 7 -540 -144.641 -30 -1 0 0 0 1 0 0 0 -1 32126.dat
1 7 -540 -144.641 30 -1 0 0 0 -1 0 0 0 1 32126.dat
1 0 -550 -154.641 0 0 0 -1 0 1 0 1 0 0 32000.dat
1 7 -570 -144.641 30 -1 0 0 0 -1 0 0 0 1 32039.dat
1 7 -570 -144.641 -30 1 0 0 0 -1 0 0 0 -1 32039.dat
1 0 -590 -154.641 0 0 0 -1 0 1 0 1 0 0 32000.dat
1 7 -610 -144.641 -30 1 0 0 0 -1 0 0 0 -1 32039.dat
1 7 -610 -144.641 30 -1 0 0 0 -1 0 0 0 1 32039.dat
1 0 -630 -154.641 0 0 0 -1 0 1 0 1 0 0 32000.dat
1 7 -640 -144.641 -30 1 0 0 0 -1 0 0 0 -1 32126.dat
1 7 -640 -144.641 30 1 0 0 0 1 0 0 0 1 32126.dat
1 0 -680 -144.641 -10 0 0 -1 0 -1 0 -1 0 0 32016.dat
1 0 -680 -144.641 10 0 0 -1 0 -1 0 -1 0 0 32016.dat
1 0 -580 -162.641 -10 -1 0 0 0 1 0 0 0 -1 4162.dat
1 0 -580 -162.641 10 -1 0 0 0 1 0 0 0 -1 4162.dat
1 0 -500.2 -144.525 -0.200695 0 0 1 0 1 0 -1 0 0 3705.dat
1 0 -680 -144.821 0.310837 0 0 1 0 1 0 -1 0 0 3705.dat
1 14 -728.2 -90 0 0 1 0 0 0 1 1 0 0 2712.dat
1 0 -720 -72 -90 -1 0 0 0 1 0 0 0 -1 32064a.dat
1 0 -720 -72 90 -1 0 0 0 1 0 0 0 -1 32064a.dat
1 0 -720 -62 80 0 0 -1 0 1 0 1 0 0 32062.dat
1 0 -720 -62 -80 0 0 -1 0 1 0 1 0 0 32062.dat
1 1 -720 -62 -70 0 0 1 0 1 0 -1 0 0 6536.dat
1 1 -720 -62 70 0 0 1 0 1 0 -1 0 0 6536.dat
1 0 -160 -30 -110 0 0 -1 0 1 0 1 0 0 6558.dat
1 0 -160 -30 110 0 0 1 0 1 0 -1 0 0 6558.dat
1 0 -180 -30 -115 0 0 1 -1 0 0 0 -1 0 32056.dat
1 0 -180 -30 -105 0 0 1 -1 0 0 0 -1 0 6632.dat
1 0 -140 -30 -110 0 0 1 0 1 0 -1 0 0 4519.dat
1 0 -180 -30 -110 0 0 1 0 1 0 -1 0 0 4519.dat
1 0 -180 -30 -135 0 0 1 -1 0 0 0 -1 0 6632.dat
1 0 -140 -30 135 0 0 -1 -1 0 0 0 1 0 6632.dat
1 0 -180 -30 110 0 0 -1 0 1 0 1 0 0 4519.dat
1 0 -140 -30 110 0 0 -1 0 1 0 1 0 0 4519.dat
1 0 -140 -30 105 0 0 -1 -1 0 0 0 1 0 6632.dat
1 0 -180 -70 -120 0 0 -1 0 1 0 1 0 0 32062.dat
1 0 -180 -30 -125 0 0 1 -1 0 0 0 -1 0 32056.dat
1 15 -220 -70 -105 0 0 1 -1 0 0 0 -1 0 6632.dat
1 15 -220 -70 -135 0 0 1 -1 0 0 0 -1 0 6632.dat
1 0 -220 -70 -120 0 0 1 0 -1 0 1 0 0 3706.dat
1 15 -232.711 -76.1995 -90 -0.945519 0.325568 0 0.325568 0.945519 0 0 0 -1 32000.dat
1 15 -232.711 -76.1995 -150 -0.945519 0.325568 0 0.325568 0.945519 0 0 0 -1 32000.dat
1 0 -238.91 -63.4886 -140 0 0.325568 -0.945519 0 0.945519 0.325568 1 0 0 2780.dat
1 0 -238.91 -63.4886 -100 0 0.325568 -0.945519 0 0.945519 0.325568 1 0 0 2780.dat
1 15 -238.91 -63.4886 -120 0 0.325568 -0.945519 0 0.945519 0.325568 1 0 0 75535.dat
1 0 -200 -70 -120 0 0.217401 0.976082 0 -0.976082 0.217401 1 0 0 3706.dat
1 15 -121.913 -52.608 -90 -0.976082 0 -0.217401 -0.217401 0 0.976082 0 1 0 32009.dat
1 0 -160.957 -61.304 -100 0 -0.217401 -0.976082 0 0.976082 -0.217401 1 0 0 2780.dat
1 0 -113.217 -91.6513 -100 0 -0.217401 -0.976082 0 0.976082 -0.217401 1 0 0 2780.dat
1 0 -87.1293 -208.781 -120 0 -0.217401 -0.976082 0 0.976082 -0.217401 1 0 0 3705.dat
1 15 -87.1293 -208.781 -110 0 0.217401 0.976082 0 -0.976082 0.217401 1 0 0 6536.dat
1 15 -87.1293 -208.781 -130 0 0.217401 0.976082 0 -0.976082 0.217401 1 0 0 6536.dat
1 15 -160.957 -61.304 -120 0 -0.217401 -0.976082 0 0.976082 -0.217401 1 0 0 75535.dat
1 0 -160.957 -61.304 -140 0 -0.217401 -0.976082 0 0.976082 -0.217401 1 0 0 2780.dat
1 15 -113.217 -91.6513 -120 0 -0.217401 -0.976082 0 0.976082 -0.217401 1 0 0 75535.dat
1 0 -113.217 -91.6513 -140 0 -0.217401 -0.976082 0 0.976082 -0.217401 1 0 0 2780.dat
1 15 -121.913 -52.608 -150 -0.976082 0 -0.217401 -0.217401 0 0.976082 0 1 0 32009.dat
1 15 -100 -150 -170 -0.800001 0 -0.599999 -0.599999 0 0.800001 0 1 0 6629.dat
1 0 -100 -150 -120 0 -0.800001 0.599999 0 -0.599999 -0.800001 1 0 0 3706.dat
1 15 -100 -150 -70 -0.800001 0 -0.599999 -0.599999 0 0.800001 0 1 0 6629.dat
1 15 -100 -150 -120 0 -0.217401 -0.976082 0 0.976082 -0.217401 1 0 0 75535.dat
1 0 -180 -30 115 0 0 1 -1 0 0 0 -1 0 32056.dat
1 0 -180 -30 125 0 0 1 -1 0 0 0 -1 0 32056.dat
1 0 -180 -70 120 0 0 -1 0 1 0 1 0 0 32062.dat
1 15 -220 -70 135 0 0 1 -1 0 0 0 -1 0 6632.dat
1 15 -220 -70 105 0 0 1 -1 0 0 0 -1 0 6632.dat
1 0 -220 -70 120 0 0 1 0 -1 0 1 0 0 3706.dat
1 15 -100 -150 70 -0.800001 0 -0.599999 -0.599999 0 0.800001 0 1 0 6629.dat
