0 FILE Main.ldr
0 Untitled
0 Name: Main.ldr
0 Author: MLCad
0 Unofficial Model
0 ROTATION CENTER 0 0 0 1 "Custom" 
0 ROTATION CONFIG 0 0
1 7 0 0 0 1 0 0 0 1 0 0 0 1 chassis.ldr
1 7 -40 -12 -35 1 0 0 0 1 0 0 0 1 Seated_figure.ldr
1 7 0 0 0 1 0 0 0 1 0 0 0 1 steer.ldr
1 7 0 0 0 1 0 0 0 1 0 0 0 1 wheel.ldr
1 7 -80 0 120 -1 0 0 0 1 0 0 0 -1 wheel.ldr
0
0 FILE chassis.ldr
0 CHASSIS
0 ROTATION CENTER 0 0 0 1 "Custom" 
0 ROTATION CONFIG 0 0
1 0 -40 -14 0 1 0 0 0 1 0 0 0 1 3706.dat
1 15 -50 -24 -40 0 0 -1 0 1 0 1 0 0 3895.dat
1 15 -40 0 60 1 0 0 0 1 0 0 0 1 3020.dat
1 15 -30 -24 -40 0 0 -1 0 1 0 1 0 0 3895.dat
1 15 -40 -32 10 0 0 -1 0 1 0 1 0 0 3021.dat
1 15 -10 -24 60 0 0 -1 0 1 0 1 0 0 3700.dat
1 15 -70 -24 60 0 0 -1 0 1 0 1 0 0 3700.dat
1 15 -40 -32 60 1 0 0 0 1 0 0 0 1 3020.dat
1 15 -40 -40 80 1 0 0 0 1 0 0 0 1 3022.dat
1 15 -40 -48 80 1 0 0 0 1 0 0 0 1 3022.dat
1 15 -50 -56 20 0 0 -1 0 1 0 1 0 0 3701.dat
1 15 -30 -56 20 0 0 -1 0 1 0 1 0 0 3701.dat
1 7 -40 -56 10 1 0 0 0 1 0 0 0 1 2717.dat
1 15 -40 -64 60 1 0 0 0 1 0 0 0 1 3022.dat
1 15 -20 -56 -150 1 0 0 0 1 0 0 0 1 3937.dat
1 15 -60 -56 -150 1 0 0 0 1 0 0 0 1 3937.dat
1 15 -40 -93.5 90 1 0 0 0 1 0 0 0 1 3482.dat
1 0 -40 -93.5 90 -1 0 0 0 1 0 0 0 -1 56897.dat
1 0 -40 -93.5 70 0 0 1 0 1 0 -1 0 0 4519.dat
1 15 -30 -56 70 0 0 -1 0 1 0 1 0 0 60897.dat
1 4 -10 -96.5 70 0 -1 0 1 0 0 0 0 1 2714.dat
1 4 -10 -237 70 0 -1 0 1 0 0 0 0 1 2714.dat
1 15 -50 -56 70 0 0 1 0 1 0 -1 0 0 60897.dat
1 15 -60 -54.5246 -155.228 1 0 0 0 0.852461 -0.52279 0 0.52279 0.852461 3938.dat
1 15 -40 -74.9837 -167.775 -1 0 0 0 0.852462 0.52279 0 0.52279 -0.852461 3701.dat
1 15 -20 -54.5246 -155.228 1 0 0 0 0.852461 -0.52279 0 0.52279 0.852461 3938.dat
1 0 -40 -14 40 1 0 0 0 1 0 0 0 1 2780.dat
1 7 -40 -74 60 0 1 0 0 0 1 1 0 0 3651.dat
1 7 0 -34 0 1 0 0 0 0 -1 0 1 0 4273b.dat
1 7 -80 -34 0 -1 0 0 0 0 -1 0 -1 0 4273b.dat
1 7 -40 -93.5 45 -1 0 0 0 1 0 0 0 -1 4265a.dat
1 7 -40 -93.5 75 1 0 0 0 1 0 0 0 1 4265a.dat
1 7 -15 -14 0 0 0 1 0 1 0 -1 0 0 4265a.dat
1 7 -65 -14 0 0 0 -1 0 1 0 1 0 0 4265a.dat
1 7 7 -14 -30 0 -1 0 0 0 -1 1 0 0 4263.dat
1 7 -87 -14 -30 0 1 0 0 0 -1 -1 0 0 4263.dat
1 7 -40 -32 -150 1 0 0 0 1 0 0 0 1 4262.dat
1 7 -40 0 -150 1 0 0 0 1 0 0 0 1 4262.dat
0
0 FILE wheel.ldr
0 wheel
0 ROTATION CENTER 0 0 0 1 "Custom" 
0 ROTATION CONFIG 0 0
1 7 -1.3411e-005 -14.5 59.5 1 0 0 0 0 1 0 -1 0 3749.dat
1 15 9.99998 -14 60 0 0 -1 0 1 0 1 0 0 3482.dat
1 0 11.375 -14.5 60 0 0 -1 0 1 0 1 0 0 56897.dat
0
0 FILE steer.ldr
0 STEER
0 ROTATION CENTER 0 0 0 1 "Custom" 
0 ROTATION CONFIG 0 0
1 0 -40 -14 -60 1 0 0 0 1 0 0 0 1 3706.dat
1 0 -80 -61.6405 -77.7337 0 0 1 0.93789 -0.346934 0 0.346934 0.93789 0 3705.dat
1 7 -70 -108.535 -95.0804 1 0 0 0 -0.852462 0.52279 0 -0.52279 -0.852462 3749.dat
1 7 -40 -118.738 -77.3008 -1 0 0 0 0.852462 0.52279 0 0.52279 -0.852462 3713.dat
1 0 -40 -92.5986 -119.924 0 0 1 0.52279 0.852462 0 -0.852462 0.52279 0 3707.dat
1 7 -40 -56.0033 -179.596 1 0 0 0 0.852462 -0.522789 0 0.522789 0.852462 3713.dat
1 7 -40 -130.762 -57.6942 1 0 0 0 0.852462 -0.522789 0 0.522789 0.852462 4185.dat
1 7 -40 -76.9149 -145.498 -1 0 0 0 0.852462 0.52279 0 0.52279 -0.852462 3713.dat
1 7 -40 -87.3707 -128.449 1 0 0 0 0.852462 -0.522789 0 0.522789 0.852462 4019.dat
1 7 -40 -97.8265 -111.399 -1 0 0 0 0.852462 0.52279 0 0.52279 -0.852462 3713.dat
1 7 -10 -109.135 -94.8728 -1 0 0 0 -0.52279 0.852461 0 0.852461 0.52279 3749.dat
1 0 0 -61.221 -77.8157 0 0 1 0.93789 -0.346934 0 0.346934 0.93789 0 3705.dat
1 7 10 -24 -110.055 0 0 1 1 0 0 0 1 0 3749.dat
1 7 -90 -24 -110.055 0 0 1 1 0 0 0 1 0 3749.dat
1 7 -40 -48 -110 1 0 0 0 1 0 0 0 1 3710.dat
1 7 -40 -56 -110 1 0 0 0 1 0 0 0 1 3710.dat
1 7 -40 -64 -110 1 0 0 0 1 0 0 0 1 3743.dat
1 0 -100 -14 -150 1 0 0 0 1 0 0 0 1 2780.dat
1 15 -110 -24 -150 0 0 -1 0 1 0 1 0 0 3700.dat
1 15 -110 0 -150 0 0 -1 0 1 0 1 0 0 3004.dat
1 15 30 -24 -150 0 0 -1 0 1 0 1 0 0 3700.dat
1 15 30 0 -150 0 0 -1 0 1 0 1 0 0 3004.dat
1 0 20 -14 -150 1 0 0 0 1 0 0 0 1 2780.dat
1 7 -90 -24 -150 1 0 0 0 1 0 0 0 1 4261.dat
1 7 10 -24 -150 1 0 0 0 1 0 0 0 1 4261.dat
1 7 -40 -40 -110 1 0 0 0 1 0 0 0 1 4262.dat
1 7 0 -90.2121 -87.2465 -1 0 0 0 -0.346936 0.937889 0 0.937889 0.346936 3651.dat
1 7 -80 -90.3769 -87.9341 -1 0 0 0 -0.346937 0.937889 0 0.937889 0.346937 3651.dat
1 7 -60 -109.135 -94.8728 0 0 -1 -0.52279 0.852462 0 0.852462 0.52279 0 4273b.dat
1 7 -20 -108.97 -94.1852 0 0 1 0.52279 0.852462 0 -0.852461 0.52279 0 4273b.dat
1 7 -80 -33.8508 -66.3877 -1 0 0 0 0.346934 -0.93789 0 -0.93789 -0.346934 4273b.dat
1 7 0 -32.7578 -66.9387 1 0 0 0 -0.346934 -0.93789 0 0.93789 -0.346934 4273b.dat
1 14 -109.999 16 -149.999 0 0 1 0 1 0 -1 0 0 2713.dat
1 14 30.001 16 -149.999 0 0 1 0 1 0 -1 0 0 2713.dat
1 7 15 -14 -60 0 0 1 0 1 0 -1 0 0 4265a.dat
1 7 -15 -14 -60 0 0 -1 0 1 0 1 0 0 4265a.dat
1 7 -65 -14 -60 0 0 1 0 1 0 -1 0 0 4265a.dat
1 7 -95 -14 -60 0 0 -1 0 1 0 1 0 0 4265a.dat
0
0 FILE Seated_figure.ldr
0 Name: Seated_figure
0 !LDRAW_ORG Model
0 !LICENSE Redistributable under CCAL version 2.0 : see CAreadme.txt
0 ROTATION CENTER 0 0 0 1 "Custom" 
0 ROTATION CONFIG 0 0
0 BFC CERTIFY CCW
1 15 0 -80.741 52.952 1 0 0 0 0.984808 0.173648 0 -0.173648 0.984808 2699.dat
1 15 0 -80.741 52.952 1 0 0 0 0.984808 0.173648 0 -0.173648 0.984808 2698p04.dat
1 15 0 -80.741 52.952 1 0 0 0 0.984808 0.173648 0 -0.173648 0.984808 2710.dat
1 15 15 -64 50 1 0 0 0 -0.165048 0.986286 0 -0.986286 -0.165048 2703.dat
1 15 -15 -64 50 1 0 0 0 -0.165048 0.986286 0 -0.986286 -0.165048 2709.dat
1 15 -10 -70.602 10.551 1 0 0 0 0.70091 0.71325 0 -0.71325 0.70091 2704.dat
1 15 10 -70.602 10.551 1 0 0 0 0.70091 0.713251 0 -0.713251 0.70091 2704.dat
1 0 10 -42.567 -17.983 1 0 0 0 0.374607 0.927184 0 -0.927184 0.374607 2706.dat
1 0 -10 -42.581 -17.925 1 0 0 0 0.374607 0.927184 0 -0.927184 0.374607 2706.dat
1 14 0 -133.921 62.33 1 0 0 0 1 0 0 0 1 2707p06.dat
1 15 0 -161.421 62.33 1 0 0 0 0.968148 0.25038 0 -0.25038 0.968148 2715.dat
1 47 0 -161.421 62.33 1 0 0 0 0.968148 0.25038 0 -0.25038 0.968148 2716.dat
1 0 0 -175.921 62.329 1 0 0 0 1 0 0 0 1 2708.dat
1 1 26.2 -126.043 60.94 0 0 -1 -0.737277 0.67559 0 0.67559 0.737277 0 2701.dat
1 1 26.2 -126.043 60.94 0 0 -1 -0.737277 0.67559 0 0.67559 0.737277 0 2705.dat
1 1 26.2 -126.043 60.94 0.939693 0 -0.34202 -0.252164 0.67559 -0.692814 0.231065 0.737277 0.634847 2700.dat
1 1 36.802 -104.567 41.26 0.939693 0 -0.34202 -0.252164 0.67559 -0.692814 0.231065 0.737277 0.634847 2701.dat
1 1 36.802 -104.567 41.26 0.939693 0 -0.34202 -0.252164 0.67559 -0.692814 0.231065 0.737277 0.634847 2705.dat
1 1 36.802 -104.567 41.26 0.996195 0 0.0871557 0.064258 0.67559 -0.734472 -0.0588816 0.737277 0.673019 2700.dat
1 14 33.797 -79.224 18.039 -0.996195 0 0.0871557 -0.064258 -0.67559 -0.734472 0.0588816 -0.737277 0.673019 2702.dat
1 1 -26.2 -126.043 60.94 0 0 1 -0.422618 -0.906308 0 0.906308 -0.422618 0 2701.dat
1 1 -26.2 -126.043 60.94 0 0 1 -0.422618 -0.906308 0 0.906308 -0.422618 0 2705.dat
1 1 -26.2 -126.043 60.94 -0.965926 0 0.258819 -0.109382 -0.906308 -0.408218 0.23457 -0.422618 0.875426 2700.dat
1 1 -34.223 -113.388 33.804 -0.965926 0 0.258819 -0.109382 -0.906308 -0.408218 0.23457 -0.422618 0.875426 2701.dat
1 1 -34.223 -113.388 33.804 -0.965926 0 0.258819 -0.109382 -0.906308 -0.408218 0.23457 -0.422618 0.875426 2705.dat
1 1 -34.223 -113.388 33.804 -0.965926 0 -0.258819 0.109382 -0.906308 -0.408218 -0.23457 -0.422618 0.875426 2700.dat
1 14 -25.295 -99.305 3.598 0.965926 0 -0.258819 -0.109382 0.906308 -0.408218 0.23457 0.422618 0.875426 2702.dat
0 
0 
0 
0 
0 
0
0
