0 FILE 8640 - main.ldr
0 main
0 Name: 8640 - main.ldr
0 Author: Philippe Hurbain [Philo]
0 !LICENSE Redistributable under CCAL version 2.0 : see CAreadme.txt

1 1 -10 -76 10 0 0 1 0 1 0 -1 0 0 3702.dat
1 0 0 -66 -50 -1 0 0 0 1 0 0 0 -1 3737.dat
1 1 10 -76 10 0 0 1 0 1 0 -1 0 0 3702.dat
1 7 -30 -64.604 -50.024 0 0 1 -0.035 0.999 0 -0.999 -0.035 0 3713.dat
1 7 30 -64.604 -50.024 0 0 -1 -0.035 -0.999 0 -0.999 0.035 0 3713.dat
1 7 30 -66 70 0 0 -1 0 -1 0 -1 0 0 3713.dat
1 7 -30 -66 70 0 0 1 0 1 0 -1 0 0 3713.dat
1 0 0 -66 70 -1 0 0 0 1 0 0 0 -1 3737.dat
1 0 20 -66 50 1 0 0 0 1 0 0 0 1 4459.dat
1 0 -20 -66 50 1 0 0 0 1 0 0 0 1 4459.dat
1 7 -50 -66 70 0 0 -1 0 -1 0 -1 0 0 3713.dat
1 7 50 -66 70 0 0 1 0 1 0 -1 0 0 3713.dat
1 7 0 -186 270 0.707 0.707 0 -0.707 0.707 0 0 0 1 3712.dat
1 7 0 -186 210 0.707 0.707 0 0.707 -0.707 0 0 0 -1 3712.dat
1 7 0 -186 240 0.707 0.707 0 -0.707 0.707 0 0 0 1 3326b.dat
0 STEP
1 15 0 -52 -50 1 0 0 0 1 0 0 0 1 3958.dat
1 15 -50 -76 -70 0 0 1 0 1 0 -1 0 0 3894.dat
1 0 -60 -66 -110 1 0 0 0 0.997 -0.079 0 0.079 0.997 4459.dat
1 15 0 -52 -120 -1 0 0 0 1 0 0 0 -1 3666.dat
0 STEP
1 1 30 -126 60 0 0 1 -1 0 0 0 -1 0 3702.dat
1 1 -30 -126 60 0 0 1 -1 0 0 0 -1 0 3702.dat
1 7 40 -146 50 -1 0 0 0 1 0 0 0 -1 3673.dat
1 7 -40 -146 50 -1 0 0 0 1 0 0 0 -1 3673.dat
1 0 0 -66 -90 -1 0 0 0 0.97 -0.242 0 -0.242 -0.97 3706.dat
1 7 -30 -66 -90 0 0 -1 -0.208 -0.978 0 -0.978 0.208 0 3713.dat
1 7 30 -66 -90 0 0 1 0.208 -0.978 0 0.978 0.208 0 3713.dat
1 7 15 -66 -90 0 0 1 0 -1 0 1 0 0 8640 - 4265a.dat
1 7 -15 -66 -90 0 0 -1 0 1 0 1 0 0 8640 - 4265a.dat
1 7 0 -85.406 -85.162 1 0 0 0 0.242 -0.97 0 0.97 0.242 3651.dat
1 0 0 -114.515 -77.904 0 1 0 0.97 0 -0.242 -0.242 0 -0.97 3705.dat
1 7 0 -70.355 -107.465 0 0 1 0.97 0.242 0 -0.242 0.97 0 3024.dat
0 STEP
1 15 50 -76 -70 0 0 1 0 1 0 -1 0 0 3894.dat
1 0 60 -66 -110 1 0 0 0 1 0 0 0 1 4459.dat
1 15 50 -76 0 -1 0 0 0 1 0 0 0 -1 4287a.dat
1 15 -50 -76 0 -1 0 0 0 1 0 0 0 -1 4287a.dat
0 STEP
1 15 50 -84 10 0 0 -1 0 1 0 1 0 0 3710.dat
1 15 50 -108 40 -1 0 0 0 1 0 0 0 -1 3665a.dat
1 15 50 -108 20 1 0 0 0 1 0 0 0 1 4286.dat
1 4 50 -132 60 -1 0 0 0 1 0 0 0 -1 3665a.dat
1 4 50 -132 40 1 0 0 0 1 0 0 0 1 3040b.dat
1 15 50 -156 80 -1 0 0 0 1 0 0 0 -1 3665a.dat
1 15 50 -156 50 0 0 -1 0 1 0 1 0 0 3700.dat
1 15 50 -164 70 0 0 -1 0 1 0 1 0 0 3710.dat
1 15 50 -172 50 0 0 -1 0 1 0 1 0 0 3023.dat
1 15 50 -172 100 0 0 -1 0 1 0 1 0 0 3623.dat
1 15 -50 -84 10 0 0 -1 0 1 0 1 0 0 3710.dat
1 15 -50 -108 40 -1 0 0 0 1 0 0 0 -1 3665a.dat
1 15 -50 -108 20 1 0 0 0 1 0 0 0 1 4286.dat
1 4 -50 -132 60 -1 0 0 0 1 0 0 0 -1 3665a.dat
1 4 -50 -132 40 1 0 0 0 1 0 0 0 1 3040b.dat
1 15 -50 -156 80 -1 0 0 0 1 0 0 0 -1 3665a.dat
1 15 -50 -156 50 0 0 -1 0 1 0 1 0 0 3700.dat
1 15 -50 -164 70 0 0 -1 0 1 0 1 0 0 3710.dat
1 15 -50 -172 50 0 0 -1 0 1 0 1 0 0 3023.dat
1 15 -50 -172 100 0 0 -1 0 1 0 1 0 0 3623.dat
0 STEP
1 15 0 -100 50 1 0 0 0 1 0 0 0 1 8640 - cabinback.ldr
0 STEP
1 15 -50 -196 90 0 0 1 0 1 0 -1 0 0 3894.dat
1 15 50 -196 90 0 0 1 0 1 0 -1 0 0 3894.dat
1 7 0 -76 -40 1 0 0 0 1 0 0 0 1 2717.dat
1 0 60 -186 90 -1 0 0 0 1 0 0 0 -1 3705.dat
1 7 70 -186 90 0 0 -1 0 -1 0 -1 0 0 3713.dat
1 7 30 -186 90 0 0 -1 0.259 -0.966 0 -0.966 -0.259 0 4019.dat
0 STEP
1 15 -50 -220 80 -1 0 0 0 1 0 0 0 -1 4286.dat
1 15 50 -220 80 -1 0 0 0 1 0 0 0 -1 4286.dat
1 15 50 -220 50 0 0 -1 0 1 0 1 0 0 3700.dat
1 15 -50 -220 50 0 0 -1 0 1 0 1 0 0 3700.dat
1 0 0 -186 50 1 0 0 0 0.707 -0.707 0 0.707 0.707 3707.dat
1 7 65 -186 50 0 0 1 -0.707 -0.707 0 0.707 -0.707 0 8640 - 4265a.dat
1 7 -65 -186 50 0 0 -1 0.707 -0.707 0 -0.707 -0.707 0 8640 - 4265a.dat
0 STEP
1 15 -110 -24.116 0.133 1 0 0 0 1 0 0 0 1 8640 - float1.ldr
1 14 110 -24.116 0.133 1 0 0 0 1 0 0 0 1 8640 - float2.ldr
0 STEP
1 7 30 -196 290 1 0 0 0 1 0 0 0 1 8640 - tail.ldr
1 0 60 -210 50 1 0 0 0 1 0 0 0 1 4459.dat
1 0 -60 -210 50 1 0 0 0 1 0 0 0 1 4459.dat
1 15 0 -228 40 -1 0 0 0 1 0 0 0 -1 3666.dat
1 7 90 -66 70 0 0 -1 0 -1 0 -1 0 0 3713.dat
1 7 90 -66 -50 0 0 -1 0 -1 0 -1 0 0 3713.dat
1 7 -90 -66 -50 0 0 1 0 -1 0 1 0 0 3713.dat
1 7 -90 -66 70 0 0 1 0 -1 0 1 0 0 3713.dat
0 STEP
1 15 0 -236 110 0 0 1 0 1 0 -1 0 0 3709b.dat
1 15 0 -236 50 0 0 1 0 1 0 -1 0 0 3022.dat
1 15 0 -244 70 0 0 1 0 1 0 -1 0 0 3709b.dat
1 7 0 -218 90 0.259 -0.966 0 0 0 1 -0.966 -0.259 0 4019.dat
1 7 0 -258 90 0 -1 0 0 0 1 -1 0 0 3713.dat
1 0 0 -234 90 0 1 0 1 0 0 0 0 -1 3737.dat
1 7 0 -285 90 1 0 0 0 0 1 0 -1 0 8640 - 4265a.dat
0 STEP
1 7 -70 -244.798 -45.686 1 0 0 0 0.997 -0.079 0 0.079 0.997 8640 - cabin1.ldr
0 STEP
1 7 70 -244.798 -45.686 1 0 0 0 0.997 -0.079 0 0.079 0.997 8640 - cabin2.ldr
0 STEP
1 7 0 -298 90 0 0 -1 0 1 0 1 0 0 8640 - rotor.ldr
1 7 0 -303 90 -1 0 0 0 0 -1 0 -1 0 8640 - 4265a.dat
1 0 68 -186 430 0 -1 0 -0.707 0 -0.707 0.707 0 -0.707 2711.dat
1 0 60 -214.284 458.284 0 -1 0 -0.707 0 -0.707 0.707 0 -0.707 3623.dat
1 0 60 -157.716 401.716 0 -1 0 -0.707 0 -0.707 0.707 0 -0.707 3623.dat
1 14 68 -143.574 387.574 0 -1 0 -0.707 0 -0.707 0.707 0 -0.707 3070b.dat
1 14 68 -228.426 472.426 0 -1 0 -0.707 0 -0.707 0.707 0 -0.707 3070b.dat
1 14 -10 -104 20 -0.079 0 -0.997 0 1 0 0.997 0 -0.079 2714a.dat
1 14 10 -104 20 -0.079 0 -0.997 0 1 0 0.997 0 -0.079 2714a.dat
1 4 96.972 -57.544 32.132 0 0.5 -0.866 0 0.866 0.5 1 0 0 2713.dat
1 4 108.877 -36.705 32.132 0 -0.5 0.866 0 -0.866 -0.5 1 0 0 2713.dat
1 7 90 -186 90 0 0 1 0 -1 0 1 0 0 3736.dat
1 7 100 -186 120 -1 0 0 0 1 0 0 0 -1 3673.dat
0 STEP
1 0 -210 -298 90 1 0 0 0 1 0 0 0 1 3460.dat
1 0 -270 -290 90 1 0 0 0 1 0 0 0 1 3666.dat
1 14 -310 -298 90 1 0 0 0 1 0 0 0 1 3069b.dat
1 14 125 -306 -126.506 -0.5 0 -0.866 0 1 0 0.866 0 -0.5 3069b.dat
1 0 75 -306 -39.904 -0.5 0 -0.866 0 1 0 0.866 0 -0.5 3460.dat
1 0 105 -298 -91.865 -0.5 0 -0.866 0 1 0 0.866 0 -0.5 3666.dat
1 14 155 -298 358.468 -0.5 0 0.866 0 1 0 -0.866 0 -0.5 3069b.dat
1 0 105 -298 271.865 -0.5 0 0.866 0 1 0 -0.866 0 -0.5 3460.dat
1 0 135 -290 323.827 -0.5 0 0.866 0 1 0 -0.866 0 -0.5 3666.dat
0 STEP
1 0 92 -125 -30 1 0 0 0 1 0 0 0 1 8640 - figure.ldr
0 FILE 8640 - cabinback.ldr
0 cabinback
0 Name: 8640 - cabinback.ldr
0 Author: Philippe Hurbain [Philo]
0 !LICENSE Redistributable under CCAL version 2.0 : see CAreadme.txt

1 15 0 0 0 1 0 0 0 1 0 0 0 1 3003.dat
1 4 0 -24 10 0 0 1 0 1 0 -1 0 0 3002.dat
1 15 0 0 30 -1 0 0 0 1 0 0 0 -1 3660.dat
1 4 0 -24 50 -1 0 0 0 1 0 0 0 -1 3660.dat
1 15 0 -32 -10 1 0 0 0 1 0 0 0 1 3023.dat
1 15 0 -32 40 0 0 1 0 1 0 -1 0 0 3020.dat
0 STEP
1 15 0 -40 60 0 0 1 0 1 0 -1 0 0 3709b.dat
1 15 0 -40 0 0 0 1 0 1 0 -1 0 0 3022.dat
1 15 0 -64 90 -1 0 0 0 1 0 0 0 -1 3660.dat
1 15 0 -64 0 1 0 0 0 1 0 0 0 1 3003.dat
1 15 0 -72 10 1 0 0 0 1 0 0 0 1 3023.dat
1 7 -10 -72 -10 1 0 0 0 1 0 0 0 1 4085a.dat
1 7 10 -72 -10 1 0 0 0 1 0 0 0 1 4085a.dat
0 STEP
1 15 -10 -96 0 0 0 1 0 1 0 -1 0 0 3700.dat
1 15 10 -96 0 0 0 1 0 1 0 -1 0 0 3700.dat
1 15 0 -72 90 -1 0 0 0 1 0 0 0 -1 3666.dat
1 15 0 -120 -10 -1 0 0 0 1 0 0 0 -1 3039.dat
0 FILE 8640 - float1.ldr
0 float1
0 Name: 8640 - float1.ldr
0 Author: Philippe Hurbain [Philo]
0 !LICENSE Redistributable under CCAL version 2.0 : see CAreadme.txt

1 14 0 0 0 0 0 1 0 1 0 -1 0 0 3895.dat
1 7 10 10 -100 1 0 0 0 -1 0 0 0 -1 3673.dat
1 7 10 10 100 1 0 0 0 -1 0 0 0 -1 3673.dat
1 14 20 0 0 0 0 1 0 1 0 -1 0 0 3895.dat
1 0 30 10 -80 -1 0 0 0 0.831 -0.556 0 -0.556 -0.831 4459.dat
1 0 30 10 40 -1 0 0 0 0.867 -0.499 0 -0.499 -0.867 4459.dat
1 14 10 0 -130 1 0 0 0 1 0 0 0 1 3747a.dat
0 STEP
1 14 10 -8 -100 0 0 1 0 1 0 -1 0 0 u8201.dat
1 14 10 -8 10 0 0 1 0 1 0 -1 0 0 3021.dat
1 14 10 -8 80 0 0 1 0 1 0 -1 0 0 3020.dat
1 7 40 -7.333 -70.022 1 0 0 0 0.499 -0.867 0 0.867 0.499 3651.dat
1 0 40 -16 -65.033 0 1 0 0.867 0 -0.499 -0.499 0 -0.867 3704.dat
1 0 40 -16 54.967 0 1 0 0.867 0 -0.499 -0.499 0 -0.867 3704.dat
1 7 40 -24.667 59.956 -1 0 0 0 0.499 0.867 0 0.867 -0.499 3651.dat
1 7 40 -24.667 -60.044 1 0 0 0 -0.499 0.867 0 -0.867 -0.499 4273a.dat
1 7 40 -7.333 49.978 1 0 0 0 0.499 -0.867 0 0.867 0.499 4273a.dat
0 STEP
1 7 40 0.022 22.667 -1 0 0 0 0.867 -0.499 0 -0.499 -0.867 4273a.dat
1 0 40 -15.942 -5.067 0 0 -1 0.499 0.867 0 0.867 -0.499 0 3705.dat
1 7 40 -31.907 -32.8 -1 0 0 0 -0.867 0.499 0 0.499 0.867 4273a.dat
0 FILE 8640 - float2.ldr
0 float2
0 Name: 8640 - float2.ldr
0 Author: Philippe Hurbain [Philo]
0 !LICENSE Redistributable under CCAL version 2.0 : see CAreadme.txt

1 14 0 0 0 0 0 -1 0 1 0 1 0 0 3895.dat
1 7 -10 10 -100 1 0 0 0 -1 0 0 0 -1 3673.dat
1 7 -10 10 100 1 0 0 0 -1 0 0 0 -1 3673.dat
1 14 -20 0 0 0 0 -1 0 1 0 1 0 0 3895.dat
1 0 -30 10 -80 -1 0 0 0 0.831 -0.556 0 -0.556 -0.831 4459.dat
1 0 -30 10 40 -1 0 0 0 0.867 -0.499 0 -0.499 -0.867 4459.dat
1 14 -10 0 -130 1 0 0 0 1 0 0 0 1 3747a.dat
0 STEP
1 14 -10 -8 -100 0 0 -1 0 1 0 1 0 0 3034.dat
1 14 -10 -8 30 0 0 -1 0 1 0 1 0 0 3021.dat
1 7 -40 -7.333 49.978 1 0 0 0 0.499 -0.867 0 0.867 0.499 3651.dat
1 0 -40 -16 -65.033 0 -1 0 -0.867 0 -0.499 0.499 0 -0.867 3704.dat
1 0 -40 -16 54.967 0 -1 0 -0.867 0 -0.499 0.499 0 -0.867 3704.dat
1 7 -40 -24.667 59.956 -1 0 0 0 0.499 0.867 0 0.867 -0.499 3651.dat
1 7 -40 -24.667 -60.044 -1 0 0 0 0.499 0.867 0 0.867 -0.499 4273a.dat
1 7 -40 -7.333 -70.022 -1 0 0 0 -0.499 -0.867 0 -0.867 0.499 4273a.dat
0 STEP
1 7 -40 0.022 22.667 1 0 0 0 -0.867 -0.499 0 0.499 -0.867 4273a.dat
1 0 -40 -15.942 -5.067 0 0 1 -0.499 0.867 0 -0.867 -0.499 0 3705.dat
1 7 -40 -31.907 -32.8 1 0 0 0 0.867 0.499 0 -0.499 0.867 4273a.dat
1 14 -10 -8 100 0 0 -1 0 1 0 1 0 0 3022.dat
1 14 -10 -8 -10 1 0 0 0 1 0 0 0 1 4275a.dat
1 14 -10 -8 70 1 0 0 0 1 0 0 0 1 4275a.dat
1 14 1.536 -27.981 -10 0.5 0.866 0 0.866 -0.5 0 0 0 -1 4276a.dat
1 14 1.536 -27.98 70 0.5 0.866 0 0.866 -0.5 0 0 0 -1 4276a.dat
0 FILE 8640 - tail.ldr
0 tail
0 Name: 8640 - tail.ldr
0 Author: Philippe Hurbain [Philo]
0 !LICENSE Redistributable under CCAL version 2.0 : see CAreadme.txt

1 15 0 0 0 0 0 1 0 1 0 -1 0 0 3703.dat
1 15 -30 24 -120 -1 0 0 0 1 0 0 0 -1 3020.dat
1 15 -20 24 110 -1 0 0 0 1 0 0 0 -1 3623.dat
1 15 -60 0 -130 0 0 -1 0 1 0 1 0 0 3622.dat
1 0 10 10 140 1 0 0 0 0.707 -0.707 0 0.707 0.707 3705.dat
1 7 20 10 140 0 0 -1 -0.707 -0.707 0 -0.707 0.707 0 3713.dat
1 7 -13 10 140 0 0 1 0.707 0.707 0 -0.707 0.707 0 4143.dat
0 STEP
1 15 -30 0 -110 -1 0 0 0 1 0 0 0 -1 3700.dat
1 15 -30 0 110 -1 0 0 0 1 0 0 0 -1 3700.dat
1 0 -30 10 -130 0 0.707 0.707 0 -0.707 0.707 1 0 0 3706.dat
1 0 -30 10 50 0 0.707 0.707 0 -0.707 0.707 1 0 0 3707.dat
1 7 -30 10 123 -0.707 0.707 0 0.707 0.707 0 0 0 -1 4143.dat
1 7 -30 10 -95 -0.707 0.707 0 -0.707 -0.707 0 0 0 1 8640 - 4265a.dat
0 STEP
1 15 -30 -8 -120 -1 0 0 0 1 0 0 0 -1 3020.dat
1 15 -20 -8 110 -1 0 0 0 1 0 0 0 -1 3623.dat
1 15 0 -8 140 0 0 -1 0 1 0 1 0 0 3023.dat
1 15 -30 0 -150 -1 0 0 0 1 0 0 0 -1 3700.dat
1 15 0 -32 130 1 0 0 0 1 0 0 0 1 3040b.dat
1 15 0 -32 150 -1 0 0 0 1 0 0 0 -1 3665a.dat
0 STEP
1 15 0 -56 150 1 0 0 0 1 0 0 0 1 3040b.dat
1 36 0 -56 170 1 0 0 0 1 0 0 0 1 3062b.dat
1 15 0 -64 160 0 0 -1 0 1 0 1 0 0 3023.dat
1 15 -30 -8 -150 1 0 0 0 1 0 0 0 1 3666.dat
1 15 -30 -32 -150 -1 0 0 0 1 0 0 0 -1 3039.dat
1 7 -30 10 -165 -0.707 0.707 0 0.707 0.707 0 0 0 -1 8640 - 4265a.dat
1 7 -30 10 -178 -0.707 0.707 0 0.707 0.707 0 0 0 -1 3650a.dat
0 FILE 8640 - cabin1.ldr
0 cabin1
0 Name: 8640 - cabin1.ldr
0 Author: Philippe Hurbain [Philo]
0 !LICENSE Redistributable under CCAL version 2.0 : see CAreadme.txt

1 0 0 0 0 0 0 1 0 1 0 -1 0 0 3705.dat
1 7 0 0 30 1 0 0 0 -1 0 0 0 -1 4273a.dat
1 7 0 14.142 64.142 -1 0 0 0 -0.707 0.707 0 0.707 0.707 4273a.dat
1 0 0 21.213 71.213 0 1 0 0.707 0 0.707 0.707 0 -0.707 3704.dat
1 7 0 28.284 78.284 -1 0 0 0 0.707 -0.707 0 -0.707 -0.707 3651.dat
1 7 0 14.142 -64.142 1 0 0 0 -0.707 0.707 0 -0.707 -0.707 4273a.dat
1 7 0 0 -30 -1 0 0 0 -1 0 0 0 1 4273a.dat
1 0 0 35.355 -85.355 0 -1 0 -0.707 0 -0.707 0.707 0 -0.707 3705.dat
1 7 0 56.569 -106.569 -1 0 0 0 -0.707 -0.707 0 -0.707 0.707 4273a.dat
1 7 0 90.711 -120.711 1 0 0 0 0 1 0 -1 0 4273a.dat
1 0 0 100.711 -120.711 0 0 1 -1 0 0 0 -1 0 3704.dat
1 7 0 110.711 -120.711 -1 0 0 0 0 -1 0 -1 0 4273a.dat
1 7 0 144.853 -106.569 1 0 0 0 0.707 0.707 0 -0.707 0.707 4273a.dat
1 0 0 151.924 -99.497 0 -1 0 -0.707 0 0.707 -0.707 0 -0.707 3704.dat
1 7 0 158.995 -92.426 -1 0 0 0 0.707 -0.707 0 -0.707 -0.707 3651.dat
0 STEP
1 7 10 70.711 -120.711 1 0 0 0 0.707 -0.707 0 0.707 0.707 4274.dat
1 7 10 0 -50 1 0 0 0 0.707 -0.707 0 0.707 0.707 4274.dat
1 7 8 0 50 0 -1 0 0 0 -1 1 0 0 2714a.dat
1 7 8 130.711 -120.711 0 -1 0 0 0 -1 1 0 0 2714a.dat
0 FILE 8640 - cabin2.ldr
0 cabin2
0 Name: 8640 - cabin2.ldr
0 Author: Philippe Hurbain [Philo]
0 !LICENSE Redistributable under CCAL version 2.0 : see CAreadme.txt

1 0 0 0 0 0 0 1 0 1 0 -1 0 0 3705.dat
1 7 0 0 30 1 0 0 0 -1 0 0 0 -1 4273a.dat
1 7 0 14.142 64.142 -1 0 0 0 -0.707 0.707 0 0.707 0.707 4273a.dat
1 0 0 21.213 71.213 0 1 0 0.707 0 0.707 0.707 0 -0.707 3704.dat
1 7 0 28.284 78.284 -1 0 0 0 0.707 -0.707 0 -0.707 -0.707 3651.dat
1 7 0 14.142 -64.142 1 0 0 0 -0.707 0.707 0 -0.707 -0.707 4273a.dat
1 7 0 0 -30 -1 0 0 0 -1 0 0 0 1 4273a.dat
1 0 0 35.355 -85.355 0 -1 0 -0.707 0 -0.707 0.707 0 -0.707 3705.dat
1 7 0 56.569 -106.569 -1 0 0 0 -0.707 -0.707 0 -0.707 0.707 4273a.dat
1 7 0 90.711 -120.711 1 0 0 0 0 1 0 -1 0 4273a.dat
1 0 0 100.711 -120.711 0 0 1 -1 0 0 0 -1 0 3704.dat
1 7 0 110.711 -120.711 -1 0 0 0 0 -1 0 -1 0 4273a.dat
1 7 0 144.853 -106.569 1 0 0 0 0.707 0.707 0 -0.707 0.707 4273a.dat
1 0 0 151.924 -99.497 0 -1 0 -0.707 0 0.707 -0.707 0 -0.707 3704.dat
1 7 0 158.995 -92.426 -1 0 0 0 0.707 -0.707 0 -0.707 -0.707 3651.dat
0 STEP
1 7 10 70.711 -120.711 1 0 0 0 0.707 -0.707 0 0.707 0.707 4274.dat
1 7 10 0 -50 1 0 0 0 0.707 -0.707 0 0.707 0.707 4274.dat
1 7 10 0 50 1 0 0 0 0.707 -0.707 0 0.707 0.707 4274.dat
1 7 10 130.711 -120.711 1 0 0 0 0.707 -0.707 0 0.707 0.707 4274.dat
0 FILE 8640 - rotor.ldr
0 rotor
0 Name: 8640 - rotor.ldr
0 Author: Philippe Hurbain [Philo]
0 !LICENSE Redistributable under CCAL version 2.0 : see CAreadme.txt

1 7 0 0 0 1 0 0 0 1 0 0 0 1 2712.dat
1 0 0 8 110 0 0 1 0 1 0 -1 0 0 4477.dat
1 0 -95.263 8 -55 -0.866 0 0.5 0 1 0 -0.5 0 -0.866 4477.dat
1 0 95.263 8 -55 -0.866 0 -0.5 0 1 0 0.5 0 -0.866 4477.dat
1 0 77.942 0 -45 -0.866 0 -0.5 0 1 0 0.5 0 -0.866 3710.dat
1 0 0 0 90 0 0 1 0 1 0 -1 0 0 3710.dat
1 0 -77.942 0 -45 -0.866 0 0.5 0 1 0 -0.5 0 -0.866 3710.dat
1 0 -34.641 -8 -20 -0.866 0 0.5 0 1 0 -0.5 0 -0.866 3623.dat
1 0 0 -8 40 0 0 1 0 1 0 -1 0 0 3623.dat
1 0 34.641 -8 -20 -0.866 0 -0.5 0 1 0 0.5 0 -0.866 3623.dat
0 FILE 8640 - figure.ldr
0 figure
0 Name: 8640 - figure.ldr
0 Author: Philippe Hurbain [Philo]
0 !LICENSE Redistributable under CCAL version 2.0 : see CAreadme.txt

1 1 -92 10 -3 1 0 0 0 0.961 0.276 0 -0.276 0.961 2699.dat
1 4 -92 10 -3 1 0 0 0 0.961 0.276 0 -0.276 0.961 2698p01.dat
1 1 -92 10 -3 1 0 0 0 0.961 0.276 0 -0.276 0.961 2710.dat
1 1 -77 26.341 -7.686 0.985 0.174 0 0 0 1 0.174 -0.985 0 2703.dat
1 1 -107 26.341 -7.686 0.985 -0.174 0 0 0 1 -0.174 -0.985 0 2709.dat
1 1 -109.022 26.341 -47.946 0.985 -0.147 0.092 0 0.53 0.848 -0.174 -0.835 0.522 2704.dat
1 1 -74.978 26.341 -47.946 0.985 0.142 -0.1 0 0.574 0.819 0.174 -0.807 0.565 2704.dat
1 0 -69.288 49.285 -80.215 0.985 0.142 -0.1 0 0.574 0.819 0.174 -0.807 0.565 2706.dat
1 0 -114.912 47.538 -81.353 0.985 -0.147 0.092 0 0.53 0.848 -0.174 -0.835 0.522 2706.dat
1 14 -92 -41.908 11.884 1 0 0 0 0.999 -0.035 0 0.035 0.999 2707p06.dat
1 0 -92 -83.883 10.419 1 0 0 0 0.999 -0.035 0 0.035 0.999 2708.dat
1 1 -65.8 -34.218 9.679 0 0 -1 -0.326 0.946 0 0.946 0.326 0 2701.dat
1 1 -65.8 -34.218 9.679 0.326 0 -0.946 -0.308 0.946 -0.106 0.894 0.326 0.308 2705.dat
1 1 -65.8 -34.218 9.679 0.975 0 -0.224 -0.073 0.946 -0.317 0.212 0.326 0.922 2700.dat
1 1 -58.858 -24.382 -18.887 0.975 0 -0.224 -0.073 0.946 -0.317 0.212 0.326 0.922 2701.dat
1 1 -58.858 -24.382 -18.887 0.702 0 0.712 0.232 0.946 -0.229 -0.673 0.326 0.664 2705.dat
1 1 -58.858 -24.382 -18.887 0.702 0 0.712 0.232 0.946 -0.229 -0.673 0.326 0.664 2700.dat
1 15 -92 -74.888 10.733 1 0 0 0 0.999 -0.035 0 0.035 0.999 8640 - 2715.dat
1 14 -83.419 -16.494 -41.796 -0.546 -0.442 0.712 0.415 -0.881 -0.229 0.728 0.171 0.664 2702.dat
1 1 -118.2 -34.218 9.679 0 0 1 -0.695 -0.719 0 0.719 -0.695 0 2701.dat
1 1 -118.2 -34.218 9.679 -0.922 0 0.386 -0.268 -0.719 -0.641 0.278 -0.695 0.664 2705.dat
1 1 -118.2 -34.218 9.679 -0.922 0 0.386 -0.268 -0.719 -0.641 0.278 -0.695 0.664 2700.dat
1 1 -130.169 -14.353 -10.891 -0.922 0 0.386 -0.268 -0.719 -0.641 0.278 -0.695 0.664 2701.dat
1 1 -130.169 -14.353 -10.891 -0.922 0 0.386 -0.268 -0.719 -0.641 0.278 -0.695 0.664 2705.dat
1 1 -130.169 -14.353 -10.891 -0.977 0 -0.213 0.148 -0.719 -0.679 -0.153 -0.695 0.703 2700.dat
1 14 -122.827 9.063 -35.14 0.977 0 -0.213 -0.148 0.719 -0.679 0.153 0.695 0.703 2702.dat
1 47 -92 -74.888 10.733 1 0 0 0 0.999 -0.035 0 0.035 0.999 2716.dat
0 FILE 8640 - 4265a.dat
0 4265a
0 Name: 8640 - 4265a.dat
0 Author: James Jessiman
0 !LDRAW_ORG Unofficial_Part
0 !LICENSE Redistributable under CCAL version 2.0 : see CAreadme.txt

0 BFC CERTIFY CCW

0 !KEYWORDS small pulley, half-bushing, ring, round

0 !HISTORY 1999-07-05 [PTadmin] Official Update 1999-05
0 !HISTORY 2004-06-20 [guyvivan] Made BFC compliant, use Torus primitive
0 !HISTORY 2005-12-28 [PTadmin] Official Update 2005-01
0 !HISTORY 2007-07-04 [PTadmin] Header formatted for Contributor Agreement
0 !HISTORY 2008-07-01 [PTadmin] Official Update 2008-01
0 !HISTORY 2018-10-01 [mkennedy] Moved inner edgelines from bushloc2 to main part, Used a 4-4cylo

1 16 0 0 -5 1 0 0 0 0 1 0 8 0 axlehole.dat
1 16 0 0 -5 1 0 0 0 0 1 0 1 0 axlehol2.dat
1 16 0 0 -5 3 0 0 0 0 3 0 1 0 4-4ring2.dat
1 16 0 0 -5 9 0 0 0 0 9 0 2.5 0 4-4cylo.dat
1 16 0 0 2.5 9 0 0 0 0 9 0 1 0 4-4edge.dat
1 16 0 0 2.5 9 0 0 0 0 9 0 0.5 0 4-4cyli.dat
1 16 0 0 3 -1 0 0 0 0 1 0 1 0 8640 - bushloc2.dat

2 24 6 0 3 5.77 1.15 3
2 24 2.3 5.54 3 3.27 4.89 3
2 24 4.24 4.24 3 4.89 3.27 3
2 24 2 5.602 3 1.15 5.77 3
2 24 5.602 2 3 5.54 2.3 3

2 24 0 -6 3 1.15 -5.77 3
2 24 5.54 -2.3 3 4.89 -3.27 3
2 24 4.24 -4.24 3 3.27 -4.89 3
2 24 5.602 -2 3 5.77 -1.15 3
2 24 2 -5.602 3 2.3 -5.54 3

2 24 -6 0 3 -5.77 -1.15 3
2 24 -2.3 -5.54 3 -3.27 -4.89 3
2 24 -4.24 -4.24 3 -4.89 -3.27 3
2 24 -2 -5.602 3 -1.15 -5.77 3
2 24 -5.602 -2 3 -5.54 -2.3 3

2 24 0 6 3 -1.15 5.77 3
2 24 -5.54 2.3 3 -4.89 3.27 3
2 24 -4.24 4.24 3 -3.27 4.89 3
2 24 -5.602 2 3 -5.77 1.15 3
2 24 -2 5.602 3 -2.3 5.54 3
0 BFC INVERTNEXT
1 16 0 0 0 9 0 0 0 0 -9 0 10 0 t04i2500.dat
0 BFC INVERTNEXT
1 16 0 0 0 0 0 -9 -9 0 0 0 10 0 t04i2500.dat
0 BFC INVERTNEXT
1 16 0 0 0 -9 0 0 0 0 9 0 10 0 t04i2500.dat
0 BFC INVERTNEXT
1 16 0 0 0 0 0 9 9 0 0 0 10 0 t04i2500.dat
0 BFC INVERTNEXT
1 16 0 0 0 -9 0 0 0 0 -9 0 -10 0 t04i2500.dat
0 BFC INVERTNEXT
1 16 0 0 0 0 0 9 -9 0 0 0 -10 0 t04i2500.dat
0 BFC INVERTNEXT
1 16 0 0 0 9 0 0 0 0 9 0 -10 0 t04i2500.dat
0 BFC INVERTNEXT
1 16 0 0 0 0 0 -9 9 0 0 0 -10 0 t04i2500.dat
0 FILE 8640 - 2715.dat
0 2715
0 Name: 8640 - 2715.dat
0 Author: Philippe Hurbain [Philo]
0 !LDRAW_ORG Unofficial_Part
0 !LICENSE Redistributable under CCAL version 2.0 : see CAreadme.txt

0 !HELP Position over head: Y=-33, Z=1
0 BFC CERTIFY CCW

0 !CATEGORY Figure

0 // Needs Work: Collides with 2716 visor in up position
1 16 0 0 0 1 0 0 0 1 0 0 0 1 s\8640 - 2715s01.dat
1 16 0 0 0 -1 0 0 0 1 0 0 0 1 s\8640 - 2715s01.dat
0 // Top patternable area
3 16 19.299999 -11.6 -10 16.299999 -22.299999 0 15 -20.6 -10
4 16 16.299999 -22.299999 0 19.299999 -11.6 -10 20.6 -11.6 -3.4 20.6 -13 0
3 16 15 -20.6 -10 15 -11.6 -17 19.299999 -11.6 -10
3 16 15 -20.6 -10 8.8 -20.6 -17 15 -11.6 -17
3 16 8.8 -20.6 -17 8.8 -11.6 -21.9 15 -11.6 -17
3 16 0 -22.299999 -18.4 8.8 -11.6 -21.9 8.8 -20.6 -17
3 16 0 -11.6 -24 8.8 -11.6 -21.9 0 -22.299999 -18.4
3 16 16.299999 -22.299999 0 19.299999 -11.6 10 15 -20.6 10
4 16 20.6 -13 0 20.6 -11.6 3.4 19.299999 -11.6 10 16.299999 -22.299999 0
3 16 15 -11.6 17 15 -20.6 10 19.299999 -11.6 10
3 16 8.8 -20.6 17 15 -20.6 10 15 -11.6 17
3 16 8.8 -11.6 21.9 8.8 -20.6 17 15 -11.6 17
3 16 8.8 -11.6 21.9 0 -22.299999 18.4 8.8 -20.6 17
3 16 0 -11.6 24 0 -22.299999 18.4 8.8 -11.6 21.9
3 16 -15 -20.6 -10 -16.299999 -22.299999 0 -19.299999 -11.6 -10
4 16 -20.6 -13 0 -20.6 -11.6 -3.4 -19.299999 -11.6 -10 -16.299999 -22.299999 0
3 16 -19.299999 -11.6 -10 -15 -11.6 -17 -15 -20.6 -10
3 16 -15 -11.6 -17 -8.8 -20.6 -17 -15 -20.6 -10
3 16 -15 -11.6 -17 -8.8 -11.6 -21.9 -8.8 -20.6 -17
3 16 -8.8 -20.6 -17 -8.8 -11.6 -21.9 0 -22.299999 -18.4
3 16 0 -22.299999 -18.4 -8.8 -11.6 -21.9 0 -11.6 -24
3 16 -15 -20.6 10 -19.299999 -11.6 10 -16.299999 -22.299999 0
4 16 -16.299999 -22.299999 0 -19.299999 -11.6 10 -20.6 -11.6 3.4 -20.6 -13 0
3 16 -19.299999 -11.6 10 -15 -20.6 10 -15 -11.6 17
3 16 -15 -11.6 17 -15 -20.6 10 -8.8 -20.6 17
3 16 -15 -11.6 17 -8.8 -20.6 17 -8.8 -11.6 21.9
3 16 -8.8 -20.6 17 0 -22.299999 18.4 -8.8 -11.6 21.9
3 16 -8.8 -11.6 21.9 0 -22.299999 18.4 0 -11.6 24
3 16 16.299999 -22.299999 0 8.8 -27.129999 0 8.8 -25.17 -10
3 16 16.299999 -22.299999 0 8.8 -25.17 -10 15 -20.6 -10
3 16 8.8 -25.17 -10 8.8 -20.6 -17 15 -20.6 -10
3 16 8.8 -20.6 -17 8.8 -25.17 -10 0 -22.299999 -18.4
3 16 8.8 -25.17 -10 0 -27.129999 -10 0 -22.299999 -18.4
3 16 8.8 -27.129999 0 0 -28.879999 0 0 -27.129999 -10
3 16 8.8 -27.129999 0 0 -27.129999 -10 8.8 -25.17 -10
3 16 16.299999 -22.299999 0 15 -20.6 10 8.8 -25.17 10
3 16 16.299999 -22.299999 0 8.8 -25.17 10 8.8 -27.129999 0
3 16 8.8 -20.6 17 8.8 -25.17 10 15 -20.6 10
3 16 0 -27.129999 10 8.8 -25.17 10 0 -22.299999 18.4
3 16 8.8 -25.17 10 8.8 -20.6 17 0 -22.299999 18.4
3 16 8.8 -27.129999 0 8.8 -25.17 10 0 -27.129999 10
3 16 8.8 -27.129999 0 0 -27.129999 10 0 -28.879999 0
3 16 -15 -20.6 -10 -8.8 -25.17 -10 -16.299999 -22.299999 0
3 16 -8.8 -25.17 -10 -8.8 -27.129999 0 -16.299999 -22.299999 0
3 16 -15 -20.6 -10 -8.8 -20.6 -17 -8.8 -25.17 -10
3 16 0 -22.299999 -18.4 0 -27.129999 -10 -8.8 -25.17 -10
3 16 0 -22.299999 -18.4 -8.8 -25.17 -10 -8.8 -20.6 -17
3 16 0 -27.129999 -10 0 -28.879999 0 -8.8 -27.129999 0
3 16 -8.8 -25.17 -10 0 -27.129999 -10 -8.8 -27.129999 0
3 16 -8.8 -27.129999 0 -8.8 -25.17 10 -16.299999 -22.299999 0
3 16 -8.8 -25.17 10 -15 -20.6 10 -16.299999 -22.299999 0
3 16 -15 -20.6 10 -8.8 -25.17 10 -8.8 -20.6 17
3 16 0 -22.299999 18.4 -8.8 -20.6 17 -8.8 -25.17 10
3 16 0 -22.299999 18.4 -8.8 -25.17 10 0 -27.129999 10
3 16 0 -27.129999 10 -8.8 -25.17 10 -8.8 -27.129999 0
3 16 0 -28.879999 0 0 -27.129999 10 -8.8 -27.129999 0
5 24 19.299999 -11.6 -10 16.299999 -22.299999 0 15 -20.6 -10 20.6 -11.6 -3.4
5 24 16.299999 -22.299999 0 15 -20.6 -10 19.299999 -11.6 -10 8.8 -25.17 -10
5 24 15 -20.6 -10 19.299999 -11.6 -10 16.299999 -22.299999 0 15 -11.6 -17
5 24 20.6 -13 0 16.299999 -22.299999 0 19.299999 -11.6 -10 20.6 -11.6 3.4
5 24 15 -20.6 -10 15 -11.6 -17 19.299999 -11.6 -10 8.8 -20.6 -17
5 24 15 -20.6 -10 8.8 -20.6 -17 15 -11.6 -17 8.8 -25.17 -10
5 24 8.8 -20.6 -17 15 -11.6 -17 15 -20.6 -10 8.8 -11.6 -21.9
5 24 8.8 -20.6 -17 8.8 -11.6 -21.9 15 -11.6 -17 0 -22.299999 -18.4
5 24 0 -22.299999 -18.4 8.8 -11.6 -21.9 8.8 -20.6 -17 0 -11.6 -24
5 24 8.8 -20.6 -17 0 -22.299999 -18.4 8.8 -11.6 -21.9 8.8 -25.17 -10
5 24 0 -22.299999 -18.4 0 -11.6 -24 8.8 -11.6 -21.9 -8.8 -11.6 -21.9
5 24 16.299999 -22.299999 0 19.299999 -11.6 10 15 -20.6 10 20.6 -13 0
5 24 19.299999 -11.6 10 15 -20.6 10 16.299999 -22.299999 0 15 -11.6 17
5 24 15 -20.6 10 16.299999 -22.299999 0 19.299999 -11.6 10 8.8 -25.17 10
5 24 15 -11.6 17 15 -20.6 10 19.299999 -11.6 10 8.8 -20.6 17
5 24 8.8 -20.6 17 15 -20.6 10 15 -11.6 17 8.8 -25.17 10
5 24 15 -11.6 17 8.8 -20.6 17 15 -20.6 10 8.8 -11.6 21.9
5 24 8.8 -11.6 21.9 8.8 -20.6 17 15 -11.6 17 0 -22.299999 18.4
5 24 8.8 -11.6 21.9 0 -22.299999 18.4 8.8 -20.6 17 0 -11.6 24
5 24 0 -22.299999 18.4 8.8 -20.6 17 8.8 -11.6 21.9 8.8 -25.17 10
5 24 0 -11.6 24 0 -22.299999 18.4 8.8 -11.6 21.9 -8.8 -11.6 21.9
5 24 -15 -20.6 -10 -16.299999 -22.299999 0 -19.299999 -11.6 -10 -8.8 -25.17 -10
5 24 -16.299999 -22.299999 0 -19.299999 -11.6 -10 -15 -20.6 -10 -20.6 -13 0
5 24 -19.299999 -11.6 -10 -15 -20.6 -10 -16.299999 -22.299999 0 -15 -11.6 -17
5 24 -16.299999 -22.299999 0 -20.6 -13 0 -20.6 -11.6 -3.4 -19.299999 -11.6 10
5 24 -15 -11.6 -17 -15 -20.6 -10 -19.299999 -11.6 -10 -8.8 -20.6 -17
5 24 -15 -11.6 -17 -8.8 -20.6 -17 -15 -20.6 -10 -8.8 -11.6 -21.9
5 24 -8.8 -20.6 -17 -15 -20.6 -10 -15 -11.6 -17 -8.8 -25.17 -10
5 24 -8.8 -11.6 -21.9 -8.8 -20.6 -17 -15 -11.6 -17 0 -22.299999 -18.4
5 24 -8.8 -11.6 -21.9 0 -22.299999 -18.4 -8.8 -20.6 -17 0 -11.6 -24
5 24 0 -22.299999 -18.4 -8.8 -20.6 -17 -8.8 -11.6 -21.9 -8.8 -25.17 -10
5 24 -15 -20.6 10 -19.299999 -11.6 10 -16.299999 -22.299999 0 -15 -11.6 17
5 24 -19.299999 -11.6 10 -16.299999 -22.299999 0 -15 -20.6 10 -20.6 -11.6 3.4
5 24 -16.299999 -22.299999 0 -15 -20.6 10 -19.299999 -11.6 10 -8.8 -25.17 10
5 24 -15 -20.6 10 -15 -11.6 17 -19.299999 -11.6 10 -8.8 -20.6 17
5 24 -15 -20.6 10 -8.8 -20.6 17 -15 -11.6 17 -8.8 -25.17 10
5 24 -8.8 -20.6 17 -15 -11.6 17 -15 -20.6 10 -8.8 -11.6 21.9
5 24 -8.8 -20.6 17 -8.8 -11.6 21.9 -15 -11.6 17 0 -22.299999 18.4
5 24 -8.8 -20.6 17 0 -22.299999 18.4 -8.8 -11.6 21.9 -8.8 -25.17 10
5 24 0 -22.299999 18.4 -8.8 -11.6 21.9 -8.8 -20.6 17 0 -11.6 24
5 24 16.299999 -22.299999 0 8.8 -27.129999 0 8.8 -25.17 -10 8.8 -25.17 10
5 24 8.8 -27.129999 0 8.8 -25.17 -10 16.299999 -22.299999 0 0 -27.129999 -10
5 24 8.8 -25.17 -10 16.299999 -22.299999 0 8.8 -27.129999 0 15 -20.6 -10
5 24 8.8 -25.17 -10 15 -20.6 -10 16.299999 -22.299999 0 8.8 -20.6 -17
5 24 8.8 -25.17 -10 8.8 -20.6 -17 15 -20.6 -10 0 -22.299999 -18.4
5 24 8.8 -25.17 -10 0 -22.299999 -18.4 8.8 -20.6 -17 0 -27.129999 -10
5 24 8.8 -25.17 -10 0 -27.129999 -10 0 -22.299999 -18.4 8.8 -27.129999 0
5 24 0 -27.129999 -10 0 -22.299999 -18.4 8.8 -25.17 -10 -8.8 -25.17 -10
5 24 8.8 -27.129999 0 0 -28.879999 0 0 -27.129999 -10 0 -27.129999 10
5 24 0 -28.879999 0 0 -27.129999 -10 8.8 -27.129999 0 -8.8 -27.129999 0
5 24 0 -27.129999 -10 8.8 -27.129999 0 0 -28.879999 0 8.8 -25.17 -10
5 24 15 -20.6 10 8.8 -25.17 10 16.299999 -22.299999 0 8.8 -20.6 17
5 24 8.8 -25.17 10 16.299999 -22.299999 0 15 -20.6 10 8.8 -27.129999 0
5 24 8.8 -25.17 10 8.8 -27.129999 0 16.299999 -22.299999 0 0 -27.129999 10
5 24 8.8 -20.6 17 8.8 -25.17 10 15 -20.6 10 0 -22.299999 18.4
5 24 0 -27.129999 10 8.8 -25.17 10 0 -22.299999 18.4 8.8 -27.129999 0
5 24 8.8 -25.17 10 0 -22.299999 18.4 0 -27.129999 10 8.8 -20.6 17
5 24 0 -22.299999 18.4 0 -27.129999 10 8.8 -25.17 10 -8.8 -25.17 10
5 24 0 -27.129999 10 8.8 -27.129999 0 8.8 -25.17 10 0 -28.879999 0
5 24 0 -27.129999 10 0 -28.879999 0 8.8 -27.129999 0 -8.8 -27.129999 0
5 24 -15 -20.6 -10 -8.8 -25.17 -10 -16.299999 -22.299999 0 -8.8 -20.6 -17
5 24 -8.8 -25.17 -10 -16.299999 -22.299999 0 -15 -20.6 -10 -8.8 -27.129999 0
5 24 -8.8 -25.17 -10 -8.8 -27.129999 0 -16.299999 -22.299999 0 0 -27.129999 -10
5 24 -8.8 -27.129999 0 -16.299999 -22.299999 0 -8.8 -25.17 -10 -8.8 -25.17 10
5 24 -8.8 -20.6 -17 -8.8 -25.17 -10 -15 -20.6 -10 0 -22.299999 -18.4
5 24 0 -27.129999 -10 -8.8 -25.17 -10 0 -22.299999 -18.4 -8.8 -27.129999 0
5 24 -8.8 -25.17 -10 0 -22.299999 -18.4 0 -27.129999 -10 -8.8 -20.6 -17
5 24 0 -28.879999 0 -8.8 -27.129999 0 0 -27.129999 -10 0 -27.129999 10
5 24 -8.8 -27.129999 0 0 -27.129999 -10 0 -28.879999 0 -8.8 -25.17 -10
5 24 -8.8 -27.129999 0 -8.8 -25.17 10 -16.299999 -22.299999 0 0 -27.129999 10
5 24 -8.8 -25.17 10 -16.299999 -22.299999 0 -8.8 -27.129999 0 -15 -20.6 10
5 24 -8.8 -25.17 10 -15 -20.6 10 -16.299999 -22.299999 0 -8.8 -20.6 17
5 24 -8.8 -25.17 10 -8.8 -20.6 17 -15 -20.6 10 0 -22.299999 18.4
5 24 -8.8 -25.17 10 0 -22.299999 18.4 -8.8 -20.6 17 0 -27.129999 10
5 24 -8.8 -25.17 10 0 -27.129999 10 0 -22.299999 18.4 -8.8 -27.129999 0
5 24 -8.8 -27.129999 0 0 -27.129999 10 -8.8 -25.17 10 0 -28.879999 0
0 FILE 8640 - bushloc2.dat
0 bushloc2
0 Name: 8640 - bushloc2.dat
0 Author: James Jessiman
0 !LDRAW_ORG Unofficial_Primitive
0 !LICENSE Redistributable under CCAL version 2.0 : see CAreadme.txt

0 BFC CERTIFY CCW

0 !HISTORY 2002-08-31 [izanette] Modified with WINDZ for BFC compliance
0 !HISTORY 2003-08-01 [PTadmin] Official Update 2003-02
0 !HISTORY 2007-06-24 [PTadmin] Header formatted for Contributor Agreement
0 !HISTORY 2008-07-01 [PTadmin] Official Update 2008-01
0 !HISTORY 2008-12-16 [mkennedy] used rect primitives, matched up to 16 segment cyli
0 !HISTORY 2012-03-30 [PTadmin] Official Update 2012-01
0 !HISTORY 2018-10-01 [mkennedy] Removed inner edgelines.
0 !HISTORY 2018-10-09 [MagFors] Increased precision

2 24 9 0 0 8.6576 0 -1.7221
2 24 8.3151 0 -3.4443 7.3395 0 -4.9041
2 24 6.3639 0 -6.3639 4.9041 0 -7.3395
2 24 3.4443 0 -8.3151 1.7221 0 -8.6576

1 16 7.21465 1 -1.4351 0 -1 -1.44295 1 0 0 0 0 0.287 rect3.dat
1 16 6.92925 1 -2.87025 1.38585 1 0 0 0 -1 -0.57405 0 0 rect.dat
1 16 6.11625 1 -4.08675 1.22325 -1 0 0 0 1 -0.81735 0 0 rect2p.dat
1 16 5.30325 1 -5.30325 1.06065 1 0 0 0 -1 -1.06065 0 0 rect2p.dat
1 16 4.08675 1 -6.11625 0 -1 -0.81735 1 0 0 0 0 1.22325 rect3.dat
1 16 2.87025 1 -6.92925 0.57405 1 0 0 0 -1 -1.38585 0 0 rect2p.dat
1 16 1.4351 1 -7.21465 0 -1 -0.287 1 0 0 0 0 1.44295 rect3.dat
1 16 0 1 -7.5 0 1 0 -1 0 0 0 0 1.5 rect3.dat

1 16 8.48635 1 -2.5832 0 -1 0.17125 1 0 0 0 0 0.8611 rect2a.dat
1 16 5.65755 1 -1.72215 0 1 -0.11415 1 0 0 0 0 -0.57405 rect1.dat
1 16 6.8517 1 -5.634 -0.4878 -1 0 0 0 1 -0.7299 0 0 rect3.dat
1 16 4.1742 1 -7.8273 -0.7299 -1 0 0 0 1 -0.4878 0 0 rect3.dat
1 16 4.5678 1 -3.756 0.3252 1 0 0 0 1 0.4866 0 0 rect3.dat
1 16 2.7828 1 -5.2182 0 1 -0.4866 1 0 0 0 0 -0.3252 rect2a.dat
1 16 0.57405 1 -5.88585 0 1 -0.57405 1 0 0 0 0 -0.11415 rect1.dat
1 16 0.86105 1 -8.8288 -0.86105 -1 0 0 0 1 -0.1712 0 0 rect3.dat

4 16 6 0 0 9 0 0 8.6576 0 -1.7221 5.7717 0 -1.1481
4 16 5.7717 2 -1.1481 8.6576 2 -1.7221 8.3151 2 -3.4443 5.5434 2 -2.2962
4 16 8.3151 0 -3.4443 7.3395 0 -4.9041 4.893 0 -3.2694 5.5434 0 -2.2962
4 16 4.893 2 -3.2694 7.3395 2 -4.9041 6.3639 2 -6.3639 4.2426 2 -4.2426

4 16 4.2426 0 -4.2426 6.3639 0 -6.3639 4.9041 0 -7.3395 3.2694 0 -4.893
4 16 3.2694 2 -4.893 4.9041 2 -7.3395 3.4443 2 -8.3151 2.2962 2 -5.5434
4 16 2.2962 0 -5.5434 3.4443 0 -8.3151 1.7221 0 -8.6576 1.1481 0 -5.7717
4 16 1.1481 2 -5.7717 1.7221 2 -8.6576 0 2 -9 0 2 -6

2 24 0 0 -9 -1.7221 0 -8.6576
2 24 -3.4443 0 -8.3151 -4.9041 0 -7.3395
2 24 -6.3639 0 -6.3639 -7.3395 0 -4.9041
2 24 -8.3151 0 -3.4443 -8.6576 0 -1.7221

1 16 -1.4351 1 -7.21465 0 -1 0.287 1 0 0 0 0 1.44295 rect3.dat
1 16 -2.87025 1 -6.92925 -0.57405 1 0 0 0 -1 -1.38585 0 0 rect.dat
1 16 -4.08675 1 -6.11625 0 -1 0.81735 1 0 0 0 0 1.22325 rect3.dat
1 16 -5.30325 1 -5.30325 0 1 1.06065 -1 0 0 0 0 1.06065 rect3.dat
1 16 -6.11625 1 -4.08675 0 -1 1.22325 1 0 0 0 0 0.81735 rect3.dat
1 16 -6.92925 1 -2.87025 -1.38585 1 0 0 0 -1 -0.57405 0 0 rect.dat
1 16 -7.21465 1 -1.4351 -1.44295 -1 0 0 0 1 -0.287 0 0 rect2p.dat
1 16 -7.5 1 0 0 0 1.5 -1 0 0 0 -1 0 rect3.dat

1 16 -2.5832 1 -8.48635 0 1 0.8611 1 0 0 0 0 -0.17125 rect2a.dat
1 16 -1.72215 1 -5.65755 0 -1 -0.57405 1 0 0 0 0 0.11415 rect1.dat
1 16 -5.634 1 -6.8517 -0.7299 1 0 0 0 1 0.4878 0 0 rect3.dat
1 16 -7.8273 1 -4.1742 0 1 0.4878 1 0 0 0 0 -0.7299 rect2a.dat
1 16 -3.756 1 -4.5678 0 -1 -0.4866 1 0 0 0 0 0.3252 rect1.dat
1 16 -5.2182 1 -2.7828 0 -1 -0.3252 1 0 0 0 0 0.4866 rect1.dat
1 16 -5.88585 1 -0.57405 0.11415 -1 0 0 0 1 -0.57405 0 0 rect2a.dat
1 16 -8.8288 1 -0.86105 -0.1712 1 0 0 0 1 0.86105 0 0 rect3.dat

4 16 0 0 -6 0 0 -9 -1.7221 0 -8.6576 -1.1481 0 -5.7717
4 16 -1.1481 2 -5.7717 -1.7221 2 -8.6576 -3.4443 2 -8.3151 -2.2962 2 -5.5434
4 16 -3.4443 0 -8.3151 -4.9041 0 -7.3395 -3.2694 0 -4.893 -2.2962 0 -5.5434
4 16 -3.2694 2 -4.893 -4.9041 2 -7.3395 -6.3639 2 -6.3639 -4.2426 2 -4.2426

4 16 -4.2426 0 -4.2426 -6.3639 0 -6.3639 -7.3395 0 -4.9041 -4.893 0 -3.2694
4 16 -4.893 2 -3.2694 -7.3395 2 -4.9041 -8.3151 2 -3.4443 -5.5434 2 -2.2962
4 16 -5.5434 0 -2.2962 -8.3151 0 -3.4443 -8.6576 0 -1.7221 -5.7717 0 -1.1481
4 16 -5.7717 2 -1.1481 -8.6576 2 -1.7221 -9 2 0 -6 2 0

2 24 -9 0 0 -8.6576 0 1.7221
2 24 -8.3151 0 3.4443 -7.3395 0 4.9041
2 24 -6.3639 0 6.3639 -4.9041 0 7.3395
2 24 -3.4443 0 8.3151 -1.7221 0 8.6576

1 16 -7.21465 1 1.4351 -1.44295 1 0 0 0 1 0.287 0 0 rect2p.dat
1 16 -6.92925 1 2.87025 0 -1 -1.38585 1 0 0 0 0 0.57405 rect3.dat
1 16 -6.11625 1 4.08675 0 1 -1.22325 -1 0 0 0 0 0.81735 rect.dat
1 16 -5.30325 1 5.30325 -1.06065 -1 0 0 0 -1 1.06065 0 0 rect.dat
1 16 -4.08675 1 6.11625 -0.81735 1 0 0 0 1 1.22325 0 0 rect2p.dat
1 16 -2.87025 1 6.92925 0 -1 -0.57405 1 0 0 0 0 1.38585 rect3.dat
1 16 -1.4351 1 7.21465 0 1 -0.287 -1 0 0 0 0 1.44295 rect.dat
1 16 0 1 7.5 0 -1 0 0 0 -1 1.5 0 0 rect.dat

1 16 -8.48635 1 2.5832 0 1 -0.17125 1 0 0 0 0 -0.8611 rect2a.dat
1 16 -5.65755 1 1.72215 -0.11415 -1 0 0 0 1 -0.57405 0 0 rect3.dat
1 16 -6.8517 1 5.634 0 1 -0.4878 1 0 0 0 0 -0.7299 rect1.dat
1 16 -4.1742 1 7.8273 0 1 -0.7299 1 0 0 0 0 -0.4878 rect2a.dat
1 16 -4.5678 1 3.756 0 -1 0.3252 1 0 0 0 0 0.4866 rect1.dat
1 16 -2.7828 1 5.2182 -0.4866 -1 0 0 0 1 -0.3252 0 0 rect3.dat
1 16 -0.57405 1 5.88585 0 -1 0.57405 1 0 0 0 0 0.11415 rect1.dat
1 16 -0.86105 1 8.8288 0 1 -0.86105 1 0 0 0 0 -0.1712 rect1.dat

4 16 -6 0 0 -9 0 0 -8.6576 0 1.7221 -5.7717 0 1.1481
4 16 -5.7717 2 1.1481 -8.6576 2 1.7221 -8.3151 2 3.4443 -5.5434 2 2.2962
4 16 -8.3151 0 3.4443 -7.3395 0 4.9041 -4.893 0 3.2694 -5.5434 0 2.2962
4 16 -4.893 2 3.2694 -7.3395 2 4.9041 -6.3639 2 6.3639 -4.2426 2 4.2426

4 16 -4.2426 0 4.2426 -6.3639 0 6.3639 -4.9041 0 7.3395 -3.2694 0 4.893
4 16 -3.2694 2 4.893 -4.9041 2 7.3395 -3.4443 2 8.3151 -2.2962 2 5.5434
4 16 -2.2962 0 5.5434 -3.4443 0 8.3151 -1.7221 0 8.6576 -1.1481 0 5.7717
4 16 -1.1481 2 5.7717 -1.7221 2 8.6576 0 2 9 0 2 6

2 24 0 0 9 1.7221 0 8.6576
2 24 3.4443 0 8.3151 4.9041 0 7.3395
2 24 6.3639 0 6.3639 7.3395 0 4.9041
2 24 8.3151 0 3.4443 8.6576 0 1.7221

1 16 1.4351 1 7.21465 0 1 0.287 -1 0 0 0 0 1.44295 rect.dat
1 16 2.87025 1 6.92925 0 -1 0.57405 1 0 0 0 0 1.38585 rect3.dat
1 16 4.08675 1 6.11625 0 1 0.81735 -1 0 0 0 0 1.22325 rect.dat
1 16 5.30325 1 5.30325 0 -1 1.06065 1 0 0 0 0 1.06065 rect3.dat
1 16 6.11625 1 4.08675 0 1 1.22325 -1 0 0 0 0 0.81735 rect.dat
1 16 6.92925 1 2.87025 0 -1 -1.38585 -1 0 0 0 0 -0.57405 rect3.dat
1 16 7.21465 1 1.4351 0 1 1.44295 -1 0 0 0 0 0.287 rect.dat
1 16 7.5 1 0 0 0 -1.5 -1 0 0 0 1 0 rect3.dat

1 16 2.5832 1 8.48635 0 -1 -0.8611 1 0 0 0 0 0.17125 rect1.dat
1 16 1.72215 1 5.65755 0 1 0.57405 1 0 0 0 0 -0.11415 rect2a.dat
1 16 5.634 1 6.8517 0 -1 -0.7299 1 0 0 0 0 0.4878 rect1.dat
1 16 7.8273 1 4.1742 0.4878 -1 0 0 0 1 -0.7299 0 0 rect2a.dat
1 16 3.756 1 4.5678 0 1 0.4866 1 0 0 0 0 -0.3252 rect2a.dat
1 16 5.2182 1 2.7828 0 1 0.3252 1 0 0 0 0 -0.4866 rect1.dat
1 16 5.88585 1 0.57405 0 1 0.11415 1 0 0 0 0 -0.57405 rect1.dat
1 16 8.8288 1 0.86105 0.1712 -1 0 0 0 1 -0.86105 0 0 rect2a.dat

4 16 0 0 6 0 0 9 1.7221 0 8.6576 1.1481 0 5.7717
4 16 1.1481 2 5.7717 1.7221 2 8.6576 3.4443 2 8.3151 2.2962 2 5.5434
4 16 3.4443 0 8.3151 4.9041 0 7.3395 3.2694 0 4.893 2.2962 0 5.5434
4 16 3.2694 2 4.893 4.9041 2 7.3395 6.3639 2 6.3639 4.2426 2 4.2426

4 16 4.2426 0 4.2426 6.3639 0 6.3639 7.3395 0 4.9041 4.893 0 3.2694
4 16 4.893 2 3.2694 7.3395 2 4.9041 8.3151 2 3.4443 5.5434 2 2.2962
4 16 5.5434 0 2.2962 8.3151 0 3.4443 8.6576 0 1.7221 5.7717 0 1.1481
4 16 5.7717 2 1.1481 8.6576 2 1.7221 9 2 0 6 2 0
0 FILE s\8640 - 3660s01.dat
0 3660s01
0 Name: s\8640 - 3660s01.dat
0 Author: Orion Pobursky [OrionP]
0 !LDRAW_ORG Unofficial_Subpart
0 !LICENSE Redistributable under CCAL version 2.0 : see CAreadme.txt

0 !HELP Uncomment for front face
0 BFC CERTIFY CW

0 !HISTORY 2004-09-15 [PTadmin] Official Update 2004-03
0 !HISTORY 2007-08-31 [PTadmin] Header formatted for Contributor Agreement
0 !HISTORY 2008-07-01 [PTadmin] Official Update 2008-01
0 !HISTORY 2008-10-09 [mkennedy] Made use of stud2s and more box and rect primitives.
0 !HISTORY 2010-07-05 [PTadmin] Official Update 2010-02
0 !HISTORY 2018-04-20 [rockford] Rotated studs

0 // 4 16  20 24 -10  20  4 -30 -20  4 -30 -20 24 -10
0 BFC INVERTNEXT
1 16 0 24 0 16 0 0 0 -20 0 0 0 6 box5.dat
1 16 0 4 0 1 0 0 0 -5 0 0 0 1 stud3.dat
4 16 -20 24 10 -16 24 6 16 24 6 20 24 10
4 16 -20 24 -10 -16 24 -6 -16 24 6 -20 24 10
4 16 20 24 -10 16 24 -6 -16 24 -6 -20 24 -10
4 16 20 24 10 16 24 6 16 24 -6 20 24 -10
2 24 20 24 -10 20 24 10
2 24 20 24 -10 -20 24 -10
2 24 -20 24 -10 -20 24 10
2 24 20 4 -30 20 24 -10
2 24 -20 4 -30 -20 24 -10
2 24 20 0 -30 20 0 10
2 24 -20 0 -30 -20 0 10
2 24 -18 0 -10 -18 0 -26
2 24 18 0 -26 18 0 -10
0 BFC INVERTNEXT
1 16 0 10 -18 18 0 0 0 2 -8 0 0 -8 box2-5.dat
4 16 20 24 10 20 24 -10 20 4 -30 20 0 10
3 16 20 0 10 20 4 -30 20 0 -30
1 16 0 12 10 20 0 0 0 0 12 0 -1 0 rect.dat
4 16 -20 24 10 -20 0 10 -20 4 -30 -20 24 -10
3 16 -20 0 -30 -20 4 -30 -20 0 10
1 16 0 2 -30 20 0 0 0 0 2 0 1 0 rect.dat
4 16 18 4 -26 18 20 -10 18 0 -10 18 0 -26
4 16 -18 4 -26 -18 0 -26 -18 0 -10 -18 20 -10
1 16 0 10 -10 18 0 0 0 0 -10 0 1 0 rect3.dat
4 16 -20 0 10 20 0 10 18 0 -10 -18 0 -10
4 16 -20 0 -30 -20 0 10 -18 0 -10 -18 0 -26
4 16 20 0 -30 -20 0 -30 -18 0 -26 18 0 -26
4 16 20 0 10 20 0 -30 18 0 -26 18 0 -10
1 16 10 0 0 0 0 -1 0 1 0 -1 0 0 stud.dat
1 16 10 4 -20 1 0 0 0 2 0 0 0 1 stud2a.dat
1 16 10 4 -20 0 0 1 0 6 0 -1 0 0 stud2s.dat
1 16 -10 0 0 0 0 -1 0 1 0 -1 0 0 stud.dat
1 16 -10 4 -20 1 0 0 0 2 0 0 0 1 stud2a.dat
1 16 -10 4 -20 0 0 1 0 6 0 -1 0 0 stud2s.dat
0 
0 LDCad info for "~Slope Brick 45  2 x  2 Inverted Without Front Face"
0 Author: Roland Melkert [roland]
0 !LICENSE Free for non-commercial use.

0 !LDCAD SNAP_CYL [gender=F] [caps=one] [secs=S 6 20] [grid=C 2 1 20 0]
0 !LDCAD SNAP_CYL [gender=M] [caps=one] [secs=R 6 4] [grid=C 2 1 20 0]
0 FILE s\8640 - 2715s01.dat
0 2715s01
0 Name: s\8640 - 2715s01.dat
0 Author: Philippe Hurbain [Philo]
0 !LDRAW_ORG Unofficial_Subpart
0 !LICENSE Redistributable under CCAL version 2.0 : see CAreadme.txt

0 BFC CERTIFY CCW

0 !HISTORY 2018-03-23 [cwdee] Use t04ounit instead of duplicate r04o1000
0 !HISTORY 2018-03-26 [cwdee] Revert to r04o1000

2 24 18.5 16.799999 2.5 17.1 14.5 9.6
2 24 17.1 14.5 9.6 13.1 12.5 15.6
2 24 7.1 11.1 19.6 13.1 12.5 15.6
2 24 0 10.7 21 7.1 11.1 19.6
2 24 17.1 20.9 -9.6 18.5 18.5 -2.5
2 24 13.1 22.9 -15.6 17.1 20.9 -9.6
2 24 7.1 24.200001 -19.6 13.1 22.9 -15.6
2 24 0 24.700001 -21 7.1 24.200001 -19.6
2 24 18.5 18.5 -2.5 18.5 16.799999 2.5
2 24 20 14 11 16.299999 11.8 17.6
2 24 8.8 9.9 23.299999 16.299999 11.8 17.6
2 24 0 9.2 25.4 8.8 9.9 23.299999
2 24 19.4 21.299999 -11 21.200001 19.1 -4.3
2 24 21.200001 19.1 -4.3 22.1 18 -1
2 24 18.700001 21.700001 -12 19.200001 21.4 -11.2
2 24 19.200001 21.4 -11.2 19.4 21.299999 -11
2 24 15 23.1 -16.200001 18.700001 21.700001 -12
2 24 12.7 23.700001 -18 15 23.1 -16.200001
2 24 8.8 24.4 -20.299999 12.7 23.700001 -18
2 24 4.6 24.700001 -21.200001 8.8 24.4 -20.299999
2 24 0 25 -22.1 4.6 24.700001 -21.200001
2 24 21.200001 15.2 7.4 21.1 14.7 9
2 24 22.1 18 -1 21.200001 15.2 7.4
2 24 21.1 14.7 9 20 14 11
3 16 8.8 9.9 23.299999 7.1 11.1 19.6 0 10.7 21
3 16 8.8 9.9 23.299999 0 10.7 21 0 9.2 25.4
3 16 13.1 12.5 15.6 7.1 11.1 19.6 8.8 9.9 23.299999
3 16 13.1 12.5 15.6 8.8 9.9 23.299999 16.299999 11.8 17.6
4 16 13.1 12.5 15.6 16.299999 11.8 17.6 20 14 11 17.1 14.5 9.6
3 16 21.1 14.7 9 17.1 14.5 9.6 20 14 11
3 16 21.200001 15.2 7.4 17.1 14.5 9.6 21.1 14.7 9
3 16 21.200001 15.2 7.4 18.5 16.799999 2.5 17.1 14.5 9.6
3 16 22.1 18 -1 18.5 16.799999 2.5 21.200001 15.2 7.4
4 16 18.5 16.799999 2.5 22.1 18 -1 21.200001 19.1 -4.3 18.5 18.5 -2.5
