0 FILE Main.ldr
0 Untitled
0 Name: Main.ldr
0 Author: marco
0 Unofficial Model
0 ROTATION CENTER 0 0 0 1 "Custom" 
0 ROTATION CONFIG 0 0
1 7 0 0 0 -1 0 0 0 1 0 0 0 -1 chassis.ldr
1 7 0 0 0 -1 0 0 0 1 0 0 0 -1 steer.ldr
1 7 0 0 0 -1 0 0 0 1 0 0 0 -1 roof.ldr
1 7 0 0 0 -1 0 0 0 1 0 0 0 -1 crane.ldr
1 7 0 0 0 -1 0 0 0 1 0 0 0 -1 winch.ldr
1 7 0 0 0 -1 0 0 0 1 0 0 0 -1 wheel.ldr
1 7 0 0 -120 -1 0 0 0 1 0 0 0 -1 wheel.ldr
1 7 80 0 -120 1 0 0 0 1 0 0 0 1 wheel.ldr
1 7 80 0 0 1 0 0 0 1 0 0 0 1 wheel.ldr
1 7 280 -48 -190 0 0 -1 0 1 0 1 0 0 figure1.ldr
1 7 302.9 -56 -270.9 0 0 -1 0 1 0 1 0 0 figure2.ldr
0
0 FILE chassis.ldr
0 CHASSIS
0 ROTATION CENTER 0 0 0 1 "Custom" 
0 ROTATION CONFIG 0 0
1 1 10 2.17931 220 0 0 1 0 1 0 -1 0 0 3703.dat
1 7 -40 -5.82069 80 1 0 0 0 1 0 0 0 1 3832.dat
1 1 -130 2.1793 80 0 0 -1 0 1 0 1 0 0 3894.dat
1 1 -110 26.1793 80 1 0 0 0 1 0 0 0 1 3021.dat
1 1 -90 2.17931 220 0 0 1 0 1 0 -1 0 0 3703.dat
1 1 -90 -5.82069 120 0 0 -1 0 1 0 1 0 0 3023.dat
1 7 -90 -13.8207 100 0 0 -1 0 1 0 1 0 0 3710.dat
1 1 -90 -37.8207 120 0 0 -1 0 1 0 1 0 0 3700.dat
1 7 -90 -5.82069 320 0 0 -1 0 1 0 1 0 0 3069b.dat
1 4 -40 26.1793 260 1 0 0 0 1 0 0 0 1 3034.dat
1 4 -110 2.17931 260 0 0 -1 0 1 0 1 0 0 3700.dat
1 15 -40 -5.82069 260 1 0 0 0 1 0 0 0 1 3034.dat
1 4 30 2.17931 260 0 0 -1 0 1 0 1 0 0 3700.dat
1 15 -40 -5.82069 200 1 0 0 0 1 0 0 0 1 3030.dat
1 15 -120 -13.8207 220 1 0 0 0 1 0 0 0 1 3020.dat
1 15 -150 -85.8207 240 0 0 -1 0 1 0 1 0 0 4215b.dat
1 15 -150 -93.8207 240 0 0 -1 0 1 0 1 0 0 3710.dat
1 15 -150 -117.821 340 0 0 -1 0 1 0 1 0 0 3895.dat
1 7 -150 -93.8207 450 1 0 0 0 1 0 0 0 1 3062b.dat
1 7 -150 -69.8207 450 1 0 0 0 1 0 0 0 1 3062b.dat
1 7 -150 -45.8207 450 1 0 0 0 1 0 0 0 1 3062b.dat
1 15 -120 -21.8207 450 1 0 0 0 1 0 0 0 1 3894.dat
1 15 -100 -93.8207 450 -1 0 0 0 1 0 0 0 -1 6556.dat
1 15 -150 -125.821 240 0 0 -1 0 1 0 1 0 0 3710.dat
1 15 40 -13.8207 220 1 0 0 0 1 0 0 0 1 3020.dat
1 15 70 -85.8207 240 0 0 1 0 1 0 -1 0 0 4215b.dat
1 15 70 -93.8207 240 0 0 -1 0 1 0 1 0 0 3710.dat
1 15 70 -117.821 340 0 0 -1 0 1 0 1 0 0 3895.dat
1 7 70 -93.8207 450 1 0 0 0 1 0 0 0 1 3062b.dat
1 7 70 -69.8207 450 1 0 0 0 1 0 0 0 1 3062b.dat
1 7 70 -45.8207 450 1 0 0 0 1 0 0 0 1 3062b.dat
1 15 40 -21.8207 450 1 0 0 0 1 0 0 0 1 3894.dat
1 15 20 -93.8207 450 -1 0 0 0 1 0 0 0 -1 6556.dat
1 15 70 -125.821 240 0 0 -1 0 1 0 1 0 0 3710.dat
1 4 -40 -29.8207 220 1 0 0 0 1 0 0 0 1 3001.dat
1 4 -40 -53.8207 210 1 0 0 0 1 0 0 0 1 3701.dat
1 4 -40 -61.8207 210 1 0 0 0 1 0 0 0 1 3710.dat
1 4 -40 -85.8207 210 1 0 0 0 1 0 0 0 1 3004.dat
1 15 -40 -93.8207 240 0 0 -1 0 1 0 1 0 0 3709b.dat
1 15 -40 -117.821 210 1 0 0 0 1 0 0 0 1 3895.dat
1 15 -40 -101.821 280 0 0 -1 0 1 0 1 0 0 3709b.dat
1 4 -40 -109.821 340 1 0 0 0 1 0 0 0 1 3035.dat
1 0 -100 -109.821 330 -1 0 0 0 1 0 0 0 -1 2717.dat
1 0 20 -109.821 330 -1 0 0 0 1 0 0 0 -1 2717.dat
1 15 -40 -101.821 360 1 0 0 0 1 0 0 0 1 3832.dat
1 7 30 -93.8207 350 1 0 0 0 1 0 0 0 1 3024.dat
1 0 30 -85.8207 350 1 0 0 0 1 0 0 0 1 3024.dat
1 7 30 -77.8207 350 1 0 0 0 1 0 0 0 1 3024.dat
1 15 -40 -69.8207 360 1 0 0 0 1 0 0 0 1 3832.dat
1 0 -40 -77.8207 370 1 0 0 0 1 0 0 0 1 3023.dat
1 0 -40 -85.8207 370 1 0 0 0 1 0 0 0 1 3023.dat
1 15 -40 -93.8207 340 0 0 -1 0 1 0 1 0 0 3795.dat
1 15 -40 -61.8207 360 1 0 0 0 1 0 0 0 1 3832.dat
1 4 -40 -53.8207 350 1 0 0 0 1 0 0 0 1 3702.dat
1 1 -40 -29.8207 350 1 0 0 0 1 0 0 0 1 3009.dat
1 7 -110 -77.8207 350 1 0 0 0 1 0 0 0 1 3024.dat
1 0 -110 -85.8207 350 1 0 0 0 1 0 0 0 1 3024.dat
1 7 -110 -93.8207 350 1 0 0 0 1 0 0 0 1 3024.dat
1 1 -70 -93.8207 380 0 0 -1 0 1 0 1 0 0 3009.dat
1 1 -10 -93.8207 380 0 0 -1 0 1 0 1 0 0 3009.dat
1 1 -130 -5.82069 20 0 0 -1 0 1 0 1 0 0 3710.dat
1 15 -40 -13.8207 -20 1 0 0 0 1 0 0 0 1 3030.dat
1 15 50 -85.8207 -20 0 0 1 0 1 0 -1 0 0 4215b.dat
1 15 -40 -93.8207 -20 1 0 0 0 1 0 0 0 1 3030.dat
1 15 -130 -85.8207 -20 0 0 -1 0 1 0 1 0 0 4215b.dat
1 15 -130 -117.821 0 0 0 -1 0 1 0 1 0 0 3894.dat
1 15 50 -117.821 0 0 0 -1 0 1 0 1 0 0 3894.dat
1 1 50 -5.82069 20 0 0 -1 0 1 0 1 0 0 3710.dat
1 4 50 2.17931 0 0 0 -1 0 1 0 1 0 0 3700.dat
1 1 50 26.1793 20 0 0 -1 0 1 0 1 0 0 3710.dat
1 1 50 2.1793 80 0 0 -1 0 1 0 1 0 0 3894.dat
1 7 50 -5.82069 130 1 0 0 0 1 0 0 0 1 3024.dat
1 15 50 -13.8207 100 0 0 -1 0 1 0 1 0 0 3460.dat
1 1 50 -37.8207 40 0 0 1 0 1 0 -1 0 0 3700.dat
1 7 50 -5.82069 110 1 0 0 0 1 0 0 0 1 3024.dat
1 1 30 26.1793 80 1 0 0 0 1 0 0 0 1 3021.dat
1 4 -130 2.1793 0 0 0 1 0 1 0 -1 0 0 3700.dat
1 1 -130 26.1793 20 0 0 -1 0 1 0 1 0 0 3710.dat
1 15 -130 -13.8207 100 0 0 -1 0 1 0 1 0 0 3460.dat
1 7 -130 -5.82069 110 1 0 0 0 1 0 0 0 1 3024.dat
1 7 -130 -5.82069 130 1 0 0 0 1 0 0 0 1 3024.dat
1 1 -130 -37.8207 40 0 0 1 0 1 0 -1 0 0 3700.dat
1 7 10 -13.8207 100 0 0 -1 0 1 0 1 0 0 3710.dat
1 1 10 -5.82069 120 0 0 -1 0 1 0 1 0 0 3023.dat
1 1 10 -37.8207 120 0 0 -1 0 1 0 1 0 0 3700.dat
1 7 10 -5.82069 320 0 0 -1 0 1 0 1 0 0 3069b.dat
1 15 -70 -117.821 440 0 0 -1 0 1 0 1 0 0 3700.dat
1 15 -10 -117.821 440 0 0 -1 0 1 0 1 0 0 3700.dat
1 1 -10 2.17931 400 0 0 -1 0 1 0 1 0 0 3894.dat
1 1 -40 -21.8207 410 1 0 0 0 1 0 0 0 1 3701.dat
1 1 -40 -45.8207 410 1 0 0 0 1 0 0 0 1 3701.dat
1 0 -40 -69.8207 410 1 0 0 0 1 0 0 0 1 3702.dat
1 15 -40 -5.82069 150 1 0 0 0 1 0 0 0 1 4477.dat
1 1 -70 2.17931 400 0 0 -1 0 1 0 1 0 0 3894.dat
1 0 0 12.1793 360 -1 0 0 0 1 0 0 0 -1 2780.dat
1 0 20 12.1793 120 -1 0 0 0 1 0 0 0 -1 2780.dat
1 15 10 -108.321 110.5 0 0 -1 -1 0 0 0 1 0 3700.dat
1 1 20 -108.321 102.5 1 0 0 0 0 -1 0 1 0 3022.dat
1 15 30 -48.3207 110.5 0 0 -1 -1 0 0 0 1 0 3702.dat
1 1 20 -108.321 134.5 1 0 0 0 0 -1 0 1 0 3022.dat
1 0 20 -27.8207 120 -1 0 0 0 1 0 0 0 -1 2780.dat
1 0 -100 12.1793 120 -1 0 0 0 1 0 0 0 -1 2780.dat
1 15 -110 -47.8207 110 0 0 -1 -1 0 0 0 1 0 3702.dat
1 0 -100 -27.8207 120 -1 0 0 0 1 0 0 0 -1 2780.dat
1 0 -120 12.1793 260 -1 0 0 0 1 0 0 0 -1 2780.dat
1 15 -130 -127.821 250 0 0 -1 -1 0 0 0 1 0 3703.dat
1 0 -140 -208.321 260.5 -1 0 0 0 1 0 0 0 -1 2780.dat
1 15 -150 -151.75 153.435 0 0 -1 -0.537525 0.843248 0 0.843248 0.537525 0 3703.dat
1 0 -140 -68.1425 41.0244 -1 0 0 0 1 0 0 0 -1 2780.dat
1 15 -110 -48.3207 30.5001 0 0 -1 -1 0 0 0 1 0 3702.dat
1 1 -120 -68.3207 54.5001 1 0 0 0 0 -1 0 1 0 3022.dat
1 1 -130 -68.3207 30.5001 0 0 1 1 0 0 0 1 0 3700.dat
1 15 -40 -58.3207 22.5001 1 0 0 0 0 -1 0 1 0 4477.dat
1 15 30 -48.3207 30.5001 0 0 -1 -1 0 0 0 1 0 3702.dat
1 1 40 -68.3207 54.5001 1 0 0 0 0 -1 0 1 0 3022.dat
1 1 50 -68.3206 30.5001 0 0 1 1 0 0 0 1 0 3700.dat
1 0 -120 12.1793 40 -1 0 0 0 1 0 0 0 -1 2780.dat
1 0 -120 -107.821 40 -1 0 0 0 1 0 0 0 -1 2780.dat
1 7 -120 -27.8207 40 1 0 0 0 1 0 0 0 1 3673.dat
1 0 40 12.1793 40 -1 0 0 0 1 0 0 0 -1 2780.dat
1 7 40 -27.8207 40 1 0 0 0 1 0 0 0 1 3673.dat
1 0 60 -68.3206 40.5001 -1 0 0 0 1 0 0 0 -1 2780.dat
1 15 70 -151.507 152.679 0 0 -1 -0.537525 0.843248 0 0.843248 0.537525 0 3703.dat
1 0 60 -207.656 259.513 -1 0 0 0 1 0 0 0 -1 2780.dat
1 15 50 -127.821 250 0 0 -1 -1 0 0 0 1 0 3703.dat
1 15 -40 -278.321 242.5 1 0 0 0 0 -1 0 1 0 4477.dat
1 15 -40 -278.321 250.5 1 0 0 0 0 -1 0 1 0 3702.dat
1 15 -40 -278.321 274.5 1 0 0 0 0 -1 0 1 0 4477.dat
1 0 40 12.1793 260 -1 0 0 0 1 0 0 0 -1 2780.dat
1 0 60 -107.821 260 -1 0 0 0 1 0 0 0 -1 2780.dat
1 0 40 -107.821 40 -1 0 0 0 1 0 0 0 -1 2780.dat
1 0 -140 -107.821 260 -1 0 0 0 1 0 0 0 -1 2780.dat
1 7 -100 -59.8207 420 0 0 -1 0 1 0 1 0 0 3749.dat
1 0 -100 -59.8207 444 1 0 0 0 0 1 0 -1 0 6143.dat
1 14 -100 -60.3207 452 1 0 0 0 0 1 0 -1 0 4150.dat
1 4 -130 -117.821 450 1 0 0 0 1 0 0 0 1 3665.dat
1 0 -140 -11.8207 460 0 0 1 0 1 0 -1 0 0 2780.dat
1 15 -40 -21.8207 470 1 0 0 0 1 0 0 0 1 3895.dat
1 0 60 -11.8207 460 0 0 1 0 1 0 -1 0 0 2780.dat
1 4 50 -117.821 450 1 0 0 0 1 0 0 0 1 3665.dat
1 0 -40 -107.821 440 1 0 0 0 1 0 0 0 1 3707.dat
1 7 -90 -107.821 440 0 0 1 0 1 0 -1 0 0 3713.dat
1 7 10 -107.821 440 0 0 -1 0 1 0 1 0 0 3713.dat
1 15 -50 -47.8207 450 0 0 1 -1 0 0 0 -1 0 3702.dat
1 0 -60 12.1793 440 -1 0 0 0 1 0 0 0 -1 2780.dat
1 15 -30 -47.8207 450 0 0 1 -1 0 0 0 -1 0 3702.dat
1 0 -20 12.1793 440 -1 0 0 0 1 0 0 0 -1 2780.dat
1 7 20 -59.8207 420 0 0 -1 0 1 0 1 0 0 3749.dat
1 0 20 -59.8207 444 1 0 0 0 0 1 0 -1 0 6143.dat
1 14 20 -60.3207 452 1 0 0 0 0 1 0 -1 0 4150.dat
1 7 -40 -5.82069 350 1 0 0 0 1 0 0 0 1 2719.dat
1 7 -40 26.1793 350 1 0 0 0 1 0 0 0 1 2719.dat
0
0 FILE steer.ldr
0 STEER
0 ROTATION CENTER 0 0 0 1 "Custom" 
0 ROTATION CONFIG 0 0
1 7 -40 -165.821 260 0.988972 -0.148106 0 0 0 1 -0.148106 -0.988972 0 3326b.dat
1 7 -40.4945 -115.821 260.074 0.148108 -0.988971 0 0 0 -1 0.988971 0.148108 0 3713.dat
1 0 -40.4945 -105.821 260.074 0 0.988971 0.148107 -1 0 0 0 -0.148107 0.988971 3705.dat
1 7 -39.5055 -73.8207 259.926 0.148108 0.988971 0 0 0 1 0.988971 -0.148108 0 3648b.dat
1 7 -40 -334.321 260 0.988972 -0.148105 0 0 0 1 -0.148105 -0.988972 0 3736.dat
1 0 -40 -263.821 260 0 -0.148106 0.988972 -1 0 0 0 -0.988972 -0.148106 3707.dat
1 7 -40.0741 -298.321 259.505 0.148108 -0.988971 0 0 0 -1 0.988971 0.148108 0 3713.dat
1 7 50 2.17929 310.055 0 1 0 1 0 0 0 0 -1 3749.dat
1 7 -40 -21.8207 310 1 0 0 0 1 0 0 0 1 3710.dat
1 7 -40 -29.8207 310 1 0 0 0 1 0 0 0 1 3743.dat
1 7 -130 2.17929 310.055 0 1 0 1 0 0 0 0 -1 3749.dat
1 7 -40 -43.8207 290.5 -1 0 0 0 1 0 0 0 -1 3650c.dat
1 0 -40 -43.8207 279.5 0 0 1 0 1 0 -1 0 0 3707.dat
1 7 -40 -43.8207 310 1 0 0 0 1 0 0 0 1 3647.dat
1 7 -40 -43.8207 230 -1 0 0 0 1 0 0 0 -1 3713.dat
1 7 -40 -43.8207 330 1 0 0 0 1 0 0 0 1 3647.dat
1 7 -140 12.1793 350 1 0 0 0 1 0 0 0 1 3673.dat
1 0 -149.5 11.6793 350 0 0 1 0 1 0 -1 0 0 2696.dat
1 15 -150 12.1793 350 0 0 1 -1 0 0 0 -1 0 2695.dat
1 0 69.5 11.6793 350 0 0 -1 0 1 0 1 0 0 2696.dat
1 15 69.5 11.6793 350 0 0 -1 -1 0 0 0 1 0 2695.dat
1 7 60 11.6793 350 1 0 0 0 1 0 0 0 1 3673.dat
1 7 -40 -13.8207 310 1 0 0 0 1 0 0 0 1 2719.dat
1 7 -130 2.17931 350 -1 0 0 0 1 0 0 0 -1 4261.dat
1 7 50 2.17931 350 -1 0 0 0 1 0 0 0 -1 4261.dat
1 7 -40 -195.821 260 -0.988972 -0.148105 0 0 0 -1 0.148105 -0.988972 0 3712.dat
1 7 -40 -135.821 260 0.148106 0.988972 0 0 0 1 0.988972 -0.148106 0 3712.dat
0
0 FILE roof.ldr
0 ROOF
0 ROTATION CENTER 0 0 0 1 "Custom" 
0 ROTATION CONFIG 0 0
1 7 80 -107.821 440 1 0 0 0 1 0 0 0 1 3749.dat
1 15 -40 -285.821 360 1 0 0 0 1 0 0 0 1 3034.dat
1 15 -40 -277.821 340 1 0 0 0 1 0 0 0 1 3030.dat
1 15 -40 -285.821 320 1 0 0 0 1 0 0 0 1 3034.dat
1 15 -140 -285.821 340 0 0 -1 0 1 0 1 0 0 3020.dat
1 15 60 -285.821 340 0 0 -1 0 1 0 1 0 0 3020.dat
1 15 70 -277.821 320 0 0 -1 0 1 0 1 0 0 3702.dat
1 15 -150 -277.821 320 0 0 -1 0 1 0 1 0 0 3702.dat
1 0 -140 -267.821 260 -1 0 0 0 1 0 0 0 -1 2780.dat
1 7 80 -267.821 360 1 0 0 0 1 0 0 0 1 3749.dat
1 7 -160 -267.821 360 -1 0 0 0 1 0 0 0 -1 3749.dat
1 0 60 -267.821 260 -1 0 0 0 1 0 0 0 -1 2780.dat
1 7 -160 -107.821 440 -1 0 0 0 1 0 0 0 -1 3749.dat
1 7 94 -267.821 360 0 0 1 0 1 0 -1 0 0 4265a.dat
1 7 94 -107.821 440 0 0 1 0 1 0 -1 0 0 4265a.dat
1 7 -174 -107.821 440 0 0 -1 0 1 0 1 0 0 4265a.dat
1 7 -174 -267.821 360 0 0 -1 0 1 0 1 0 0 4265a.dat
1 7 -169 -188.34 399.793 0 1 0 -0.894662 0 -0.446744 -0.446744 0 0.894662 2719.dat
1 7 89 -187.301 400.207 0 -1 0 -0.894662 0 0.446744 -0.446744 0 -0.894662 2719.dat
0
0 FILE crane.ldr
0 CRANE
0 ROTATION CENTER 0 0 0 1 "Custom" 
0 ROTATION CONFIG 0 0
1 7 -197 -67.8207 120 0 0 -1 0 1 0 1 0 0 4185.dat
1 0 -82 -67.8207 120 1 0 0 0 1 0 0 0 1 3708.dat
1 7 -130 -67.8207 120 0 0 -1 0 1 0 1 0 0 3647.dat
1 4 -70 -128.134 110.117 0 0 -1 0.616775 0.787139 0 0.787139 -0.616775 0 3894.dat
1 4 -70 -133.914 63.8285 0 0 -1 0.616775 0.787139 0 0.787139 -0.616775 0 3666.dat
1 4 -70 -214.483 -0.0827837 0 0 -1 0.616775 0.787139 0 0.787139 -0.616775 0 3702.dat
1 4 -40 -257.786 -42.377 1 0 0 0 0.787139 0.616775 0 -0.616775 0.787139 3020.dat
1 4 -40 -232.598 -62.1138 1 0 0 0 0.787139 0.616775 0 -0.616775 0.787139 3020.dat
1 1 -40 -257.657 -55.1825 1 0 0 0 0.787139 0.616775 0 -0.616775 0.787139 3700.dat
1 4 -40 -258.045 -16.7658 0 0 -1 0.616775 0.787139 0 0.787139 -0.616775 0 3738.dat
1 4 -40 -264.083 -37.4427 1 0 0 0 0.787139 0.616775 0 -0.616775 0.787139 3020.dat
1 4 -40 -202.406 41.2712 1 0 0 0 0.787139 0.616775 0 -0.616775 0.787139 3020.dat
1 4 -40 -202.276 28.4656 1 0 0 0 0.787139 0.616775 0 -0.616775 0.787139 3710.dat
1 4 -40 -177.088 8.72878 1 0 0 0 0.787139 0.616775 0 -0.616775 0.787139 3710.dat
1 4 -40 -195.979 23.5314 1 0 0 0 0.787139 0.616775 0 -0.616775 0.787139 3700.dat
1 4 -70 -146.767 99.3081 0 0 -1 0.616776 0.787139 0 0.787139 -0.616776 0 3460.dat
1 4 -40 -226.301 -67.048 0 0 -1 0.616775 0.787139 0 0.787139 -0.616775 0 3022.dat
1 4 -40 -232.339 -87.7249 0 0 -1 0.616776 0.787139 0 0.787139 -0.616776 0 3709b.dat
1 4 -10 -214.483 -0.0827878 0 0 -1 0.616775 0.787139 0 0.787139 -0.616775 0 3702.dat
1 4 -10 -146.767 99.3081 0 0 -1 0.616776 0.787139 0 0.787139 -0.616776 0 3460.dat
1 4 -10 -128.134 110.117 0 0 -1 0.616775 0.787139 0 0.787139 -0.616775 0 3894.dat
1 4 -10 -133.914 63.8285 0 0 -1 0.616775 0.787139 0 0.787139 -0.616775 0 3666.dat
1 0 0 -107.927 119.692 -1 0 0 0 1 0 0 0 -1 2780.dat
1 0 -100 -107.927 119.692 -1 0 0 0 0.787139 -0.616775 0 -0.616775 -0.787139 3705.dat
1 7 -130 -107.927 119.692 0 0 1 -0.787139 -0.616776 0 0.616776 -0.787139 0 3648b.dat
1 0 -80 -144.934 72.4634 -1 0 0 0 0.787139 -0.616776 0 -0.616776 -0.787139 2780.dat
1 0 0 -169.605 40.9778 -1 0 0 0 0.787139 -0.616776 0 -0.616776 -0.787139 2780.dat
1 0 10 -130.248 10.1391 0 0 -1 0.787139 -0.616776 0 -0.616776 -0.787139 0 3705.dat
1 7 -39.517 -175.486 -157.846 0.258148 0.966105 0 0.59587 -0.159219 0.78714 0.76046 -0.203198 -0.616775 3647.dat
1 0 -40 -222.635 -120.738 0 -0.258148 -0.966105 0.787139 -0.59587 0.15922 -0.616776 -0.760459 0.203199 3708.dat
1 0 -40.1291 -152.09 -176.628 0.966105 0.258148 0 -0.15922 0.59587 -0.787139 -0.203199 0.76046 0.616775 4716.dat
1 7 -40 -178.856 29.1707 1 0 0 0 0.787139 0.616775 0 -0.616775 0.787139 4265a.dat
1 0 -40 -188.108 17.3636 0 0 -1 0.616776 0.787139 0 0.787139 -0.616776 0 3708.dat
1 7 -40.1291 -302.434 -58.8233 0.966105 0.258149 0 -0.15922 0.59587 -0.787139 -0.203199 0.760459 0.616775 4265a.dat
1 7 -40.129 -132.412 -192.047 0.966105 -0.258148 0 -0.159219 -0.59587 0.787139 -0.203199 -0.76046 -0.616775 4265a.dat
1 7 10 -153.862 28.6423 -1 0 0 0 0.616775 0.787139 0 0.787139 -0.616775 3651.dat
1 7 -90 -132.598 88.2062 1 0 0 0 0.787137 0.616778 0 -0.616778 0.787137 3651.dat
1 0 -90 -126.43 96.0776 0 0 1 -0.616776 0.787139 0 -0.787139 -0.616776 0 3704.dat
1 7 -85 -107.927 119.692 0 0 -1 0.616776 0.787139 0 0.787139 -0.616776 0 4265a.dat
1 7 -90 -120.263 103.949 1 0 0 0 -0.787139 -0.616776 0 0.616776 -0.787139 4273b.dat
1 7 -40 -257.804 -71.5831 1 0 0 0 0.787139 0.616775 0 -0.616775 0.787139 4143.dat
1 7 -40.129 -256.78 -94.5963 0.966105 -0.258149 0 -0.15922 -0.59587 0.78714 -0.203199 -0.760459 -0.616775 4143.dat
1 7 -90 -67.8207 120 0 0 -1 0 1 0 1 0 0 3713.dat
1 7 -40 -126.824 96.3858 -1 0 0 0 0.787139 -0.616776 0 -0.616776 -0.787139 3712.dat
0
0 FILE winch.ldr
0 WINCH
0 ROTATION CENTER 0 0 0 1 "Custom" 
0 ROTATION CONFIG 0 0
1 0 -80.0635 -108.817 219.5 0 0.127074 -0.991893 0 0.991893 0.127074 1 0 0 3705.dat
1 7 -79.9364 -107.825 190 -0.127074 0.991893 0 -0.991893 -0.127074 0 0 0 1 3648b.dat
1 7 -40 -108.321 120.012 1 0 0 0 1 0 0 0 1 3326b.dat
1 0 -40 -108.38 180 0 0 -1 0 1 0 1 0 0 3705.dat
1 7 -40 -107.821 190 1 0 0 0 1 0 0 0 1 3647.dat
1 7 -203 -107.821 240 0 0 -1 0 1 0 1 0 0 4185.dat
1 0 -148 -107.821 240 1 0 0 0 1 0 0 0 1 3706.dat
1 7 -110 -107.821 240 0 0 1 0 1 0 -1 0 0 3713.dat
1 7 -130 -107.821 240 0 0 1 0 1 0 -1 0 0 3713.dat
1 7 -40 -108.392 149.988 0 1 0 -1 0 -0.00238012 -0.00238012 0 1 3712.dat
1 7 -97 -107.821 240 0 0 -1 0 -1 0 -1 0 0 4143.dat
1 7 -79.9364 -107.825 223 0.991893 -0.127072 0 -0.127072 -0.991893 0 0 0 -1 4143.dat
0
0 FILE wheel.ldr
0 WHEEL
0 ROTATION CENTER 0 0 0 1 "Custom" 
0 ROTATION CONFIG 0 0
1 0 69.5 11.6793 0 0 0 -1 0 1 0 1 0 0 2696.dat
1 15 69.5 11.6793 0 0 0 -1 -1 0 0 0 1 0 2695.dat
1 7 60 11.6793 0 1 0 0 0 1 0 0 0 1 3673.dat
0
0 FILE figure1.ldr
0 Untitled
0 Name: figure1.ldr
0 ROTATION CENTER 0 0 0 1 "Custom" 
0 ROTATION CONFIG 0 0
1 4 0 0 0 1 0 0 0 1 0 0 0 1 2699.dat
1 4 0 0 0 1 0 0 0 1 0 0 0 1 2698p05.dat
1 4 0 0 0 1 0 0 0 1 0 0 0 1 2710.dat
1 4 15 17 0 0.996195 0.0868241 -0.00759612 -0.0871557 0.992404 -0.0868241 0 0.0871557 0.996195 2703.dat
1 4 -15 17 0 0.996195 -0.084186 -0.0225576 0.0871557 0.96225 0.257834 0 -0.258819 0.965926 2709.dat
1 4 -13.387 55.927 -10.353 0.996195 -0.0858317 -0.0151344 0.0871557 0.98106 0.172987 0 -0.173648 0.984808 2704.dat
1 4 13.492 57.132 3.486 0.996195 0.084186 -0.0225576 -0.0871557 0.96225 -0.257834 0 0.258819 0.965926 2704.dat
1 0 16.86 95.623 13.839 1 0 0 0 1 0 0 0 1 2706.dat
1 0 -16.82 95.169 -17.298 1 0 0 0 1 0 0 0 1 2706.dat
1 14 0 -54 0 0.939693 0 -0.34202 0 1 0 0.34202 0 0.939693 2707p06.dat
1 6 0 -96 0 0.939693 0 -0.34202 0 1 0 0.34202 0 0.939693 2708.dat
0 WRITE Type in the comment
1 0 26 -46 0 0 0 -1 1 0 0 0 -1 0 2701.dat
1 0 26 -46 0 0 0 -1 1 0 0 0 -1 0 2705.dat
1 0 26 -46 0 0.793353 0 -0.608761 0.608761 0 0.793353 0 -1 0 2700.dat
1 0 44.871 -70.594 0 0.793353 0 -0.608761 0.608761 0 0.793353 0 -1 0 2701.dat
1 0 44.871 -70.594 0 0.793353 0 -0.608761 0.608761 0 0.793353 0 -1 0 2705.dat
1 0 44.871 -70.594 0 0.991445 0 0.130526 -0.130526 0 0.991445 0 -1 0 2700.dat
1 14 40.369 -104.799 0 -0.991445 0 0.130526 0.130526 0 0.991445 0 1 0 2702.dat
1 0 -26 -46 0 0 0 1 -0.906308 -0.422618 0 0.422618 -0.906308 0 2701.dat
1 0 -26 -46 0 0 0 1 -0.906308 -0.422618 0 0.422618 -0.906308 0 2705.dat
1 0 -26 -46 0 -0.92388 0 0.382683 -0.346829 -0.422618 -0.83732 0.161729 -0.906308 0.390449 2700.dat
1 0 -37.863 -20.043 -12.103 -0.92388 0 0.382683 -0.346829 -0.422618 -0.83732 0.161729 -0.906308 0.390449 2701.dat
1 0 -37.863 -20.043 -12.103 -0.999049 0 0.0436188 -0.0395321 -0.422618 -0.905445 0.0184341 -0.906308 0.422216 2705.dat
1 0 -37.863 -20.043 -12.103 -0.999049 0 0.0436188 -0.0395321 -0.422618 -0.905445 0.0184341 -0.906308 0.422216 2700.dat
1 14 -39.369 11.194 -26.67 0.999049 0 0.0436188 0.0395321 0.422618 -0.905445 -0.0184341 0.906308 0.422216 2702.dat
0 
0
0 FILE figure2.ldr
0 Action figure.ldr
0 ROTATION CENTER 0 0 0 1 "Custom" 
0 ROTATION CONFIG 0 0
1 15 189 24 26 0.997564 -0.0697565 0 0.0697565 0.997564 0 0 0 1 2709.dat
1 15 191.197 64.252 26 0.997564 -0.0697565 0 0.0697565 0.997564 0 0 0 1 2704.dat
1 15 204 7 26 1 0 0 0 1 0 0 0 1 2699.dat
1 15 219 24 26 0.996195 0.0871557 0 -0.0871557 0.996195 0 0 0 1 2703.dat
1 15 217.505 64.285 26 0.996195 0.0871557 0 -0.0871557 0.996195 0 0 0 1 2704.dat
1 0 220.989 104.131 26 0.999391 0.0348995 0 -0.0348995 0.999391 0 0 0 1 2706.dat
1 0 188.409 104.153 26 0.999657 -0.0261769 0 0.0261769 0.999657 0 0 0 1 2706.dat
1 15 204 7 26 1 0 0 0 1 0 0 0 1 2698p04.dat
1 15 204 7 26 1 0 0 0 1 0 0 0 1 2710.dat
1 1 177.8 -39 26 -0.96363 0 0.267238 -0.267238 0 -0.96363 0 -1 0 2700.dat
1 1 177.8 -39 26 0 0 1 -1 0 0 0 -1 0 2705.dat
1 1 177.8 -39 26 0 0 1 -1 0 0 0 -1 0 2701.dat
1 1 230.4 -39 26 0 0 -1 -1 0 0 0 1 0 2701.dat
1 14 249.896 23.47 26 -0.953717 0 -0.300706 0.300706 0 -0.953717 0 -1 0 2702.dat
1 1 239.522 -9.439 26 0.953717 0 0.300706 -0.300706 0 0.953717 0 -1 0 2705.dat
1 1 230.2 -39 26 0.953717 0 -0.300706 -0.300706 0 -0.953717 0 1 0 2700.dat
1 1 169.515 -9.132 26 -0.96363 0 0.267238 -0.267238 0 -0.96363 0 -1 0 2701.dat
1 1 239.522 -9.439 26 0.953717 0 -0.300706 -0.300706 0 -0.953717 0 1 0 2700.dat
1 1 169.515 -9.132 26 -0.96363 0 0.267238 -0.267238 0 -0.96363 0 -1 0 2705.dat
1 1 169.515 -9.132 26 -0.96363 0 0.267238 -0.267238 0 -0.96363 0 -1 0 2700.dat
1 14 160.296 24.119 26 0.96363 0 0.267238 0.267238 0 -0.96363 0 1 0 2702.dat
1 14 204 -47 26 1 0 0 0 1 0 0 0 1 2707p06.dat
1 6 204 -89 26 1 0 0 0 1 0 0 0 1 2708.dat
1 15 204 -77 26 1 0 0 0 1 0 0 0 1 2715.dat
1 39 204 -77 26 1 0 0 0 1 0 0 0 1 2716.dat
1 1 230.2 -39 26 0.953717 0 0.300706 -0.300706 0 0.953717 0 -1 0 2705.dat
1 1 239.522 -9.439 26 0.953717 0 -0.300706 -0.300706 0 -0.953717 0 1 0 2701.dat
0 WORLD  -605.0569 -137.6756 442.2542 0.9903402 0.04708382 0.1303884 0.01622956 0.8947139 -0.4463415 -0.137676 0.4441468 0.8853071
0 CENTRE  230 -39 26
0 LOOKAT  -519 -99 0
0 ROTANGLE 0
0 ZOOM  8
0 
0
0
