0 FILE Main.ldr
0 Untitled
0 Name: Main.ldr
0 Author: marco
0 Unofficial Model
0 ROTATION CENTER 0 0 0 1 "Custom" 
0 ROTATION CONFIG 0 0
1 7 0 0 0 1 0 0 0 0.894934 0.446198 0 -0.446198 0.894934 total.ldr
0
0 FILE total.ldr
0 New Model
0 Name: total.ldr
0 Author: MLCad
0 Unofficial Model
0 ROTATION CENTER 0 0 0 1 "Custom" 
0 ROTATION CONFIG 0 0
1 7 0 0 0 1 0 0 0 1 0 0 0 1 A.ldr
1 7 0 0 0 1 0 0 0 1 0 0 0 1 B.ldr
1 7 0 0 0 1 0 0 0 1 0 0 0 1 C.ldr
0
0 FILE A.ldr
0 A
0 ROTATION CENTER 0 0 0 1 "Custom" 
0 ROTATION CONFIG 0 0
1 7 -270 48.133 -171.076 -1 0 0 0 0.965926 0.258818 0 0.258818 -0.965926 3673.dat
1 0 -260 30.5979 -51.5411 0 0 1 0.258818 0.965926 0 -0.965926 0.258818 0 4276b.dat
1 15 -290 38.4738 -173.664 1 0 0 0 0.965926 -0.258819 0 0.258819 0.965926 2904.dat
1 0 -290 20.3936 -137.097 0 0 -1 -0.258818 0.965926 0 0.965926 0.258818 0 3034.dat
1 15 -290 15.3287 -210.924 -1 0 0 0 0.965926 0.258818 0 0.258818 -0.965926 3298.dat
1 0 -290 -18.3548 -54.3051 1 0 0 0 0.965926 -0.258818 0 0.258818 0.965926 3710.dat
1 0 -290 -8.0392 -61.8938 1 0 0 0 0.965926 -0.258818 0 0.258818 0.965926 3022.dat
1 7 -270 59.0678 -157.793 0 0 -1 -0.258818 0.965926 0 0.965926 0.258818 0 3021.dat
1 15 -260 28.1211 -135.027 0 0 -1 -0.258818 0.965926 0 0.965926 0.258818 0 3894.dat
1 0 -260 46.1269 -109.497 0 0 -1 -0.258818 0.965926 0 0.965926 0.258818 0 4275a.dat
1 36 -260 1.0653 -26.3254 0 0 1 -0.965926 0.258818 0 -0.258818 -0.965926 0 3024.dat
1 0 -290 -2.89997 -50.164 -1 0 0 0 0.965926 0.258818 0 0.258818 -0.965926 2436a.dat
1 15 -290 10.0038 -67.412 1 0 0 0 0.965926 -0.258818 0 0.258818 0.965926 3701.dat
1 15 -290 4.82744 -48.0934 1 0 0 0 0.965926 -0.258818 0 0.258818 0.965926 3701.dat
1 7 -310 59.0678 -157.793 0 0 -1 -0.258818 0.965926 0 0.965926 0.258818 0 3021.dat
1 15 -320 28.1211 -135.027 0 0 -1 -0.258818 0.965926 0 0.965926 0.258818 0 3894.dat
1 15 -290 66.7952 -155.722 -1 0 0 0 0.965926 0.258818 0 0.258818 -0.965926 3747a.dat
1 36 -320 1.06529 -26.3254 0 0 1 -0.965926 0.258818 0 -0.258818 -0.965926 0 3024.dat
1 0 -320 46.1269 -109.497 0 0 -1 -0.258818 0.965926 0 0.965926 0.258818 0 4275a.dat
1 0 -290 72.0087 -206.089 1 0 0 0 0.965926 -0.258819 0 0.258819 0.965926 3022.dat
1 0 -290 71.9716 -175.041 1 0 0 0 0.965926 -0.258819 0 0.258819 0.965926 3747a.dat
1 0 -320 30.5979 -51.5411 0 0 1 0.258818 0.965926 0 -0.965926 0.258818 0 4276b.dat
1 7 -310 48.133 -171.076 -1 0 0 0 0.965926 0.258818 0 0.258818 -0.965926 3673.dat
1 0 -260 10.0409 -98.4603 0 0 -1 -0.258818 0.965926 0 0.965926 0.258818 0 4262.dat
1 0 -320 10.0409 -98.4603 0 0 -1 -0.258818 0.965926 0 0.965926 0.258818 0 4262.dat
0
0 FILE B.ldr
0 B
0 ROTATION CENTER 0 0 0 1 "Custom" 
0 ROTATION CONFIG 0 0
1 15 -290 78.0009 -280 -1 0 0 0 1 0 0 0 -1 3176.dat
1 0 -290 46.0009 -290 1 0 0 0 1 0 0 0 1 3700.dat
1 15 -290 30.0009 -280 -1 0 0 0 1 0 0 0 -1 3176.dat
1 0 -320.5 76.0008 -290 0 0 1 1 0 0 0 1 0 3706.dat
1 7 -320 88.0009 -289.5 0 -1 0 0 0 -1 1 0 0 3713.dat
1 0 -260.354 76.0009 -289.646 0 0 1 1 0 0 0 1 0 3706.dat
1 7 -260 88.0009 -289.5 0 -1 0 0 0 -1 1 0 0 3713.dat
1 7 -291 146.484 -289.871 0 0 -1 -0.258818 0.965926 0 0.965926 0.258818 0 4185.dat
1 0 -291 146.484 -289.87 0 0 -1 0 1 0 1 0 0 2815.dat
1 0 -290 146.001 -289.5 1 0 0 0 0.965926 -0.258819 0 0.258819 0.965926 3705.dat
1 0 -290 58.0009 -250 0 0 1 -1 0 0 0 -1 0 3705.dat
1 0 -290 39.0009 -289.5 -1 0 0 0 1 0 0 0 -1 4263.dat
1 0 -290 70.0009 -290 -1 0 0 0 1 0 0 0 -1 4263.dat
1 7 -281 146.484 -289.871 0 0 -1 -0.258818 0.965926 0 0.965926 0.258818 0 4265a.dat
1 7 -301 146.484 -289.871 0 0 1 0.258819 0.965926 0 -0.965926 0.258819 0 4265a.dat
1 7 -290 25.0009 -250.5 0 -1 0 0 0 -1 1 0 0 4265a.dat
1 7 -290 91.0009 -250.5 0 1 0 0 0 1 1 0 0 4265a.dat
1 7 -260 24.0009 -289.5 0 -1 0 0 0 1 -1 0 0 4265a.dat
1 7 -320 23.0009 -289.5 0 -1 0 0 0 1 -1 0 0 4265a.dat
1 0 -239.14 28.0009 -268.433 -0.707107 0 0.707107 0 1 0 -0.707107 0 -0.707107 3704.dat
1 0 -341.567 28.0009 -269.14 0.707107 0 0.707107 0 1 0 -0.707107 0 0.707107 3704.dat
1 7 -245.858 28.5009 -275.858 0 0.707107 0.707107 -1 0 0 0 -0.707107 0.707107 4273b.dat
1 7 -334.142 28.5009 -275.858 0 0.707107 -0.707107 -1 0 0 0 0.707107 0.707107 4273b.dat
1 7 -260 126.484 -289.871 -1 0 0 0 0 -1 0 -1 0 3651.dat
1 7 -320 126.484 -289.871 -1 0 0 0 0 -1 0 -1 0 3651.dat
0
0 FILE C.ldr
0 Untitled
0 ROTATION CENTER 0 0 0 1 "Custom" 
0 ROTATION CONFIG 0 0
1 0 -337.5 26.9446 -93.931 0 0 1 0.258818 0.965926 0 -0.965926 0.258818 0 2696.dat
1 15 -338 26.9446 -93.931 0 0 1 -0.965926 0.258818 0 -0.258818 -0.965926 0 2695.dat
1 7 -358 26.9276 -93.8015 0 0 1 0.258818 0.965926 0 -0.965926 0.258818 0 3713.dat
1 0 -290 26.9276 -93.8016 1 0 0 0 0.965926 -0.258819 0 0.258819 0.965926 3707.dat
1 7 -222 26.9276 -93.8015 0 0 -1 -0.258818 0.965926 0 0.965926 0.258818 0 3713.dat
1 0 -242.5 26.9446 -93.931 0 0 -1 -0.258818 0.965926 0 0.965926 0.258818 0 2696.dat
1 15 -242 26.9446 -93.931 0 0 -1 -0.965926 -0.258818 0 -0.258818 0.965926 0 2695.dat
0
0
