0 FILE Main.ldr
0 Untitled
0 Name: Main.ldr
0 Author: marco
0 ROTATION CENTER 0 0 0 1 "Custom" 
0 ROTATION CONFIG 0 0
1 7 0 0 0 1 0 0 0 1 0 0 0 1 car.ldr
1 7 0 0 0 1 0 0 0 1 0 0 0 1 steer.ldr
0 Unofficial Model
0
0 FILE car.ldr
0 CAR
0 ROTATION CENTER 0 0 0 1 "Custom" 
0 ROTATION CONFIG 0 0
1 0 110 -32 -60.0024 0 0 -1 0 1 0 1 0 0 3895.dat
1 0 80.0051 -7.99602 19.9981 1 0 0 0 1 0 0 0 1 3031.dat
1 0 50.0088 -31.9929 -60.0015 0 0 -1 0 1 0 1 0 0 3895.dat
1 0 80.0052 -7.9959 -60 1 0 0 0 1 0 0 0 1 3031.dat
1 0 50.0051 -39.9958 30 1 0 0 0 1 0 0 0 1 3024.dat
1 0 70.0091 -47.9925 30.0007 0 0 -1 0 1 0 1 0 0 2420.dat
1 0 70.009 -71.9925 30 0 0 1 0 1 0 -1 0 0 4070.dat
1 0 80.0094 -79.9922 40.0008 1 0 0 0 1 0 0 0 1 3022.dat
1 0 90.009 -71.9926 30.0008 0 0 -1 0 1 0 1 0 0 4070.dat
1 7 104.01 -61.9923 40 0 -1 0 0 0 -1 1 0 0 2412b.dat
1 0 90.0099 -71.9919 49.999 0 0 -1 0 1 0 1 0 0 4070.dat
1 0 90.0099 -47.9919 30 1 0 0 0 1 0 0 0 1 2420.dat
1 0 90.0051 -39.996 39.9976 1 0 0 0 1 0 0 0 1 3021.dat
1 0 70.0088 -31.9929 59.9981 0 0 -1 0 1 0 1 0 0 3894.dat
1 0 70.0105 -39.9914 109.999 0 0 1 0 1 0 -1 0 0 4081b.dat
1 0 70.0105 -39.9914 79.9994 0 0 -1 0 1 0 1 0 0 3023.dat
1 0 70.0091 -71.9925 50 0 0 1 0 1 0 -1 0 0 4070.dat
1 7 56.009 -61.9921 40.0012 0 1 0 0 0 -1 -1 0 0 2412b.dat
1 0 80.0051 -39.9958 0 1 0 0 0 1 0 0 0 1 3020.dat
1 4 80.0073 -39.9941 -10.0007 1 0 0 0 1 0 0 0 1 2717.dat
1 0 70.0118 -47.9903 90 0 0 -1 0 1 0 1 0 0 3623.dat
1 0 80.0051 -39.9958 -110 1 0 0 0 1 0 0 0 1 3710.dat
1 7 40.0051 -21.9958 0.000438442 1 0 0 0 1 0 0 0 1 3673.dat
1 0 30.0077 -41.9935 -10 0 0 1 1 0 0 0 1 0 3701.dat
1 7 40.0077 -61.9941 -0.000704765 1 0 0 0 1 0 0 0 1 3673.dat
1 7 130.003 -21.9976 -100.004 0 0 -1 0 1 0 1 0 0 3713.dat
1 0 80.0051 -21.9958 -100 1 0 0 0 1 0 0 0 1 3707.dat
1 7 30.0033 -21.9972 -100.001 0 0 1 0 1 0 -1 0 0 3713.dat
1 0 149.51 -22.4924 -30.0041 0 0 1 0 1 0 -1 0 0 3706.dat
1 7 149.51 -32.4924 39.9959 0 0 -1 -1 0 0 0 1 0 4274.dat
1 0 80.0051 -21.9958 40 1 0 0 0 1 0 0 0 1 3706.dat
1 7 10.0097 -32.4924 40.4959 0 0 -1 -1 0 0 0 1 0 4274.dat
1 0 9.50967 -22.4924 -30.0041 0 0 1 0 1 0 -1 0 0 3706.dat
1 0 80.0009 -22.4994 -154.514 0 0 -1 1 0 0 0 -1 0 731.dat
1 7 80.0033 -21.9974 -100.001 0 0 1 -1 0 0 0 -1 0 4255.dat
1 7 59.9984 -22.0014 -209.513 0 0 1 0 1 0 -1 0 0 3713.dat
1 0 79.9984 -22.0014 -209.513 1 0 0 0 1 0 0 0 1 3705.dat
1 7 99.9984 -22.0015 -209.514 0 0 -1 0 1 0 1 0 0 3713.dat
1 7 120.008 -61.9938 -0.000704765 1 0 0 0 1 0 0 0 1 3673.dat
1 0 130.008 -41.9938 -10.0017 0 0 1 1 0 0 0 1 0 3701.dat
1 7 120.008 -22.4938 0.496839 1 0 0 0 1 0 0 0 1 3673.dat
1 7 80.0105 -21.9914 99.9994 1 0 0 0 1 0 0 0 1 3749.dat
1 14 90.0124 -21.9901 99.9986 0 0 -1 0 1 0 1 0 0 3482.dat
1 0 90.0124 -21.9901 99.9977 0 0 -1 0 1 0 1 0 0 2346.dat
1 0 80.0051 -7.99578 -170 1 0 0 0 1 0 0 0 1 4442.dat
1 0 80.0051 -39.9958 -130 1 0 0 0 1 0 0 0 1 2792.dat
1 7 65.0033 -21.9973 -100.001 0 0 -1 0 1 0 1 0 0 4265a.dat
1 7 95.0033 -21.9975 -100.001 0 0 1 0 -1 0 1 0 0 4265a.dat
1 7 155.003 -21.9977 -100.001 0 0 1 0 1 0 -1 0 0 4265a.dat
1 7 5.00331 -21.9971 -100.001 0 0 -1 0 1 0 1 0 0 4265a.dat
1 7 10.0097 -21.9924 -80.0041 -1 0 0 0 -1 0 0 0 1 4273b.dat
1 7 150.01 -21.9924 -80.0041 1 0 0 0 1 0 0 0 1 4273b.dat
1 7 150.01 -21.9924 19.9959 0 1 0 1 0 0 0 0 -1 4273b.dat
1 7 130.01 -21.9924 39.9959 0 0 -1 -1 0 0 0 1 0 4273b.dat
1 7 30.0097 -21.9924 39.9959 0 0 1 -1 0 0 0 -1 0 4273b.dat
1 7 10.0096 -21.9924 19.9959 0 1 0 1 0 0 0 0 -1 4273b.dat
1 0 50.0105 -37.9914 87.9994 0 0 1 1 0 0 0 1 0 752.dat
0 MLCAD FLEXHOSE 14 0 0 0 1 0 0 0 1 0 0 0 1  50 -38 88  0 0 60 70 -66 110 0 70 0 40 756.dat 754.dat 0
0 MLCAD SKIP_BEGIN
1 14 50 -38 88 0.999984 -0.0056468 -0.000155683 0 0.0275596 -0.99962 0.00564895 0.999604 0.0275592 756.dat
1 14 50.0161 -38.0786 85.1495 0.99982 -0.0188889 -0.00173834 0 0.0916428 -0.995792 0.0189687 0.995613 0.0916263 754.dat
1 14 50.0719 -38.3495 82.2068 0.999335 -0.0359041 -0.00630205 0 0.172882 -0.984943 0.036453 0.984288 0.172767 754.dat
1 14 50.1806 -38.8725 79.2287 0.998194 -0.0577415 -0.0165504 0 0.275534 -0.961291 0.0600665 0.959556 0.275036 754.dat
1 14 50.3566 -39.7125 76.3034 0.995668 -0.0851366 -0.0373736 0 0.401959 -0.915658 0.0929786 0.911691 0.400218 754.dat
1 14 50.6136 -40.9261 73.551 0.990083 -0.117515 -0.0769851 0 0.54799 -0.836485 0.140486 0.828189 0.542555 754.dat
1 14 50.9601 -42.5417 71.1092 0.977301 -0.151765 -0.147815 0 0.697723 -0.716367 0.211854 0.700107 0.681886 754.dat
1 14 51.3951 -44.5418 69.1023 0.946066 -0.18257 -0.267633 0 0.826093 -0.563534 0.323974 0.53314 0.781539 754.dat
1 14 51.9075 -46.8603 67.606 0.862446 -0.205521 -0.462545 0 0.913852 -0.406048 0.506149 0.350194 0.788148 754.dat
1 14 52.4792 -49.4024 66.6318 0.627185 -0.219843 -0.7472 0 0.959338 -0.282259 0.77887 0.177029 0.601683 754.dat
1 14 53.091 -52.0718 66.1392 0.122198 -0.22756 -0.966066 0 0.973361 -0.229278 0.992506 0.0280173 0.118943 754.dat
1 14 53.7266 -54.7904 66.061 -0.37813 -0.231213 -0.896414 0 0.968309 -0.249757 0.925752 -0.0944407 -0.366147 754.dat
1 14 54.3743 -57.5032 66.3256 -0.640177 -0.232699 -0.732137 0 0.953021 -0.302903 0.768227 -0.193912 -0.610103 754.dat
1 14 55.0269 -60.1761 66.8694 -0.763164 -0.233168 -0.602672 0 0.932633 -0.360826 0.646205 -0.275369 -0.711752 754.dat
1 14 55.6804 -62.7899 67.6412 -0.827125 -0.233259 -0.511327 0 0.909804 -0.415039 0.562019 -0.343289 -0.752521 754.dat
1 14 56.333 -65.3353 68.6016 -0.86445 -0.233319 -0.445295 0 0.885775 -0.464115 0.502718 -0.401204 -0.765708 754.dat
1 14 56.9846 -67.8089 69.722 -0.888338 -0.233534 -0.39537 0 0.861016 -0.508578 0.45919 -0.45179 -0.764873 754.dat
1 14 57.6359 -70.2102 70.982 -0.904747 -0.234012 -0.355909 0 0.835566 -0.54939 0.42595 -0.497058 -0.755976 754.dat
1 14 58.2884 -72.5399 72.3679 -0.916653 -0.234825 -0.323428 0 0.809207 -0.587524 0.399685 -0.538555 -0.741761 754.dat
1 14 58.9439 -74.799 73.8714 -0.925673 -0.236027 -0.295669 0 0.781523 -0.623876 0.378324 -0.577505 -0.723435 754.dat
1 14 59.6047 -76.987 75.4882 -0.932751 -0.237676 -0.271081 0 0.751916 -0.659259 0.36052 -0.614925 -0.701351 754.dat
1 14 60.2732 -79.1017 77.2176 -0.938468 -0.239834 -0.248511 0 0.719557 -0.694434 0.345367 -0.651704 -0.675281 754.dat
1 14 60.9517 -81.1374 79.0614 -0.943198 -0.242576 -0.227013 0 0.683297 -0.730141 0.332232 -0.688667 -0.644484 754.dat
1 14 61.6429 -83.0844 81.0236 -0.947193 -0.245986 -0.205708 0 0.641508 -0.767116 0.320664 -0.726607 -0.607632 754.dat
1 14 62.3491 -84.9261 83.1097 -0.950628 -0.250152 -0.183659 0 0.591811 -0.806077 0.310333 -0.766279 -0.562592 754.dat
1 14 63.0724 -86.6373 85.3253 -0.953625 -0.255125 -0.159718 0 0.530633 -0.847602 0.300996 -0.808295 -0.506025 754.dat
1 14 63.8138 -88.1793 87.6742 -0.956274 -0.260815 -0.132346 0 0.452507 -0.891761 0.292472 -0.852768 -0.432721 754.dat
1 14 64.5725 -89.4957 90.1551 -0.958636 -0.266725 -0.0993716 0 0.34912 -0.937078 0.284635 -0.898317 -0.334679 754.dat
1 14 65.3445 -90.5062 92.7552 -0.960753 -0.271297 -0.0578854 0 0.208668 -0.977986 0.277404 -0.939604 -0.200479 754.dat
1 14 66.12 -91.1027 95.441 -0.96265 -0.270702 -0.00495746 0 0.0183103 -0.999832 0.270747 -0.962489 -0.0176264 754.dat
1 14 66.881 -91.1541 98.1464 -0.964336 -0.257994 0.0591183 0 -0.223357 -0.974737 0.264681 -0.939974 0.215391 754.dat
1 14 67.5997 -90.5319 100.765 -0.965808 -0.226916 0.125392 0 -0.48366 -0.875256 0.259257 -0.84533 0.467122 754.dat
1 14 68.2429 -89.161 103.161 -0.967065 -0.181273 0.178677 0 -0.701989 -0.712187 0.25453 -0.688731 0.678869 754.dat
1 14 68.7816 -87.075 105.208 -0.968111 -0.134067 0.211631 0 -0.844758 -0.535149 0.250523 -0.518083 0.817819 754.dat
1 14 69.2026 -84.422 106.835 -0.968965 -0.094629 0.22837 0 -0.923829 -0.382805 0.247199 -0.370924 0.895158 754.dat
1 14 69.5113 -81.408 108.045 -0.969656 -0.0647238 0.235751 0 -0.964318 -0.264747 0.244474 -0.256713 0.935056 754.dat
1 14 69.7249 -78.2263 108.892 -0.970215 -0.0426414 0.238463 0 -0.984386 -0.176026 0.242246 -0.170783 0.955066 754.dat
1 14 69.8637 -75.0211 109.448 -0.97067 -0.0262268 0.238981 0 -0.994032 -0.109089 0.240415 -0.10589 0.964877 754.dat
1 14 69.9465 -71.8846 109.782 -0.971042 -0.0137861 0.23851 0 -0.998334 -0.0577043 0.238908 -0.0560333 0.969424 754.dat
1 14 69.9881 -68.8691 109.951 -0.97133 -0.00414028 0.237701 0 -0.999848 -0.0174154 0.237737 -0.0169161 0.971182 754.dat
0 MLCAD SKIP_END
1 0 70.0118 -65.9903 110 0 0 -1 0 1 0 1 0 0 752.dat
0
0 FILE steer.ldr
0 STEER
0 ROTATION CENTER 0 0 0 1 "Custom" 
0 ROTATION CONFIG 0 0
1 14 170 -22.0004 -170.006 0 0 -1 0 1 0 1 0 0 3482.dat
1 0 170 -22 -170.006 0 0 -1 0 1 0 1 0 0 2346.dat
1 7 160 -22 -170.006 1 0 0 0 1 0 0 0 1 3749.dat
1 7 150 -32 -130.005 0 1 0 1 0 0 0 0 -1 3749.dat
1 7 10 -32 -129.998 0 1 0 1 0 0 0 0 -1 3749.dat
1 7 80.5008 -96.8915 -84.3934 -1 0 0 0 -0.894938 -0.44619 0 -0.44619 0.894938 4185.dat
1 0 80.5008 -81.2748 -115.716 0 0 -1 0.44619 -0.894938 0 -0.894938 -0.446189 0 3705.dat
1 7 80.5008 -70.1201 -138.09 -1 0 0 0 -0.894938 -0.44619 0 -0.44619 0.894938 3647.dat
1 7 0 -21.9997 -169.998 -1 0 0 0 1 0 0 0 -1 3749.dat
1 14 -10 -21.9997 -169.998 0 0 -1 0 1 0 1 0 0 3482.dat
1 0 -10 -22 -169.998 0 0 1 0 1 0 -1 0 0 2346.dat
1 7 10 -32 -169.998 1 0 0 0 1 0 0 0 1 4261.dat
1 7 150 -32 -170.005 1 0 0 0 1 0 0 0 1 4261.dat
1 7 80.5 -54 -130.055 1 0 0 0 1 0 0 0 1 2790a.dat
1 7 80.5008 -54 -130.056 1 0 0 0 0.895486 -0.446454 0 0.446454 0.895486 2791a.dat
0
0
