0 FILE Main.ldr
0 Untitled
0 Name: Main.ldr
0 Author: MLCad
0 Unofficial Model
0 ROTATION CENTER 0 0 0 1 "Custom" 
0 ROTATION CONFIG 0 0
1 7 0 0 0 1 0 0 0 1 0 0 0 1 A.ldr
1 7 0 0 0 1 0 0 0 1 0 0 0 1 C.ldr
1 7 0 0 0 1 0 0 0 1 0 0 0 1 D.ldr
1 7 0 0 0 1 0 0 0 1 0 0 0 1 B.ldr
0
0 FILE A.ldr
0 A
0 ROTATION CENTER 0 0 0 1 "Custom" 
0 ROTATION CONFIG 0 0
1 36 134.377 -262.362 -151.238 -0.0102848 -1 -0.0027228 -1 0.0102409 0.0156374 -0.0156086 0.00288302 -1 30039.dat
1 0 40.4297 -101.579 -10.1754 -1 0.0102587 0 0.0102587 1 0.00491156 0 0.00491156 -1 2780.dat
1 0 59.0272 -207.234 -120.752 1 0.010266 0.00283828 -0.0102519 1 -0.00493769 -0.00288878 0.00490832 1 3701.dat
1 0 59.2738 -183.234 -120.634 1 0.0102705 0.0028395 -0.0102563 1 -0.00493984 -0.00289005 0.00491044 1 3010.dat
1 0 59.5203 -159.236 -120.516 1 0.0102705 0.0028395 -0.0102563 1 -0.00493984 -0.00289005 0.00491043 1 3710.dat
1 0 88.504 -255.489 -131.074 0.00284021 0.0102728 -1 -0.00494097 1 0.0102587 1 0.00491156 0.00289078 3794a.dat
1 0 88.5862 -247.489 -131.035 0.00284021 0.0102728 -1 -0.00494099 1 0.0102587 1 0.00491157 0.00289078 3023.dat
1 0 68.6683 -239.285 -130.938 1 0.0102615 0.00283706 -0.0102475 1 -0.00493556 -0.00288752 0.00490621 1 3021.dat
1 0 88.7523 -231.492 -130.957 0.00284021 0.0102728 -1 -0.00494099 1 0.0102587 1 0.00491157 0.00289078 3700.dat
1 0 48.5874 -247.08 -130.919 1 0.0102615 0.00283706 -0.0102475 1 -0.00493557 -0.00288752 0.00490622 1 3021.dat
1 0 88.9687 -207.441 -140.838 1 0.0102615 0.00283706 -0.0102475 1 -0.00493556 -0.00288752 0.00490621 1 3005.dat
1 0 28.5062 -254.875 -130.901 0.00284021 0.0102728 -1 -0.00494099 1 0.0102587 1 0.00491157 0.00289078 3794a.dat
1 0 28.6705 -238.875 -130.822 0.00284021 0.0102728 -1 -0.00494099 1 0.0102587 1 0.00491157 0.00289078 3023.dat
1 0 89.2153 -183.443 -140.721 -0.00284008 0.0102728 1 0.00494099 1 -0.0102587 -1 0.00491157 -0.00289065 3040b.dat
1 0 28.7523 -230.877 -130.783 0.00284021 0.0102728 -1 -0.00494099 1 0.0102587 1 0.00491157 0.00289078 3700.dat
1 0 28.9721 -206.826 -140.665 1 0.0102705 0.00283949 -0.0102563 1 -0.00493984 -0.00289004 0.00491044 1 3005.dat
1 0 59.4618 -159.137 -140.516 1 0.0102705 0.00283949 -0.0102563 1 -0.00493984 -0.00289004 0.00491044 1 3710.dat
1 0 29.217 -182.831 -140.547 0.00284009 0.0102728 -1 -0.00494098 1 0.0102587 1 0.00491157 0.00289066 3040b.dat
1 0 89.6309 -151.594 -110.564 0.00284021 0.0102728 -1 -0.004941 1 0.0102587 1 0.00491158 0.00289078 2744.dat
1 0 89.8189 -127.496 -130.446 0.00284021 0.0102728 -1 -0.00494099 1 0.0102587 1 0.00491157 0.00289078 3023.dat
1 0 89.9579 -119.596 -110.407 0.00284021 0.0102728 -1 -0.00494099 1 0.0102587 1 0.00491157 0.00289078 3710.dat
1 0 90.0401 -111.597 -110.367 0.00284021 0.0102728 -1 -0.00494098 1 0.0102587 1 0.00491156 0.00289078 3895.dat
1 14 59.56 -118.753 -200.363 1 0.0171282 0.00316572 -0.0171124 1 -0.00494345 -0.00324989 0.00488852 1 2717.dat
1 4 59.5283 -118.703 -210.363 1 0.0171282 0.00316572 -0.0171124 1 -0.00494344 -0.00324989 0.00488852 1 3795.dat
1 0 109.602 -111.46 -230.486 0.00316694 0.0171351 -1 -0.00494546 1 0.0171193 1 0.00489049 0.00325118 3702.dat
1 4 59.7043 -118.738 -180.309 1 0.0171282 0.00316572 -0.0171124 1 -0.00494345 -0.00324989 0.00488852 1 3666.dat
1 0 29.9461 -110.684 -110.227 0.00284021 0.0102728 -1 -0.00494097 1 0.0102587 1 0.00491155 0.00289078 3895.dat
1 0 29.6309 -150.979 -110.39 0.00284021 0.0102728 -1 -0.00494098 1 0.0102587 1 0.00491156 0.00289078 2744.dat
1 0 29.8223 -126.881 -130.272 0.00284021 0.0102728 -1 -0.00494098 1 0.0102587 1 0.00491156 0.00289078 3023.dat
1 0 29.9613 -118.982 -110.233 0.00284021 0.0102728 -1 -0.00494098 1 0.0102587 1 0.00491156 0.00289078 3710.dat
1 0 9.60528 -109.749 -230.161 0.00284021 0.0102728 -1 -0.00494096 1 0.0102587 1 0.00491155 0.00289078 3702.dat
1 0 60.1568 -119.636 -40.4066 -1 0.0102587 0 0.0102587 1 0.00491159 0 0.00491159 -1 3710.dat
1 0 70.5525 -112.281 69.7182 0.00284021 0.0102728 -1 -0.00494099 1 0.0102587 1 0.00491157 0.00289078 3895.dat
1 0 60.7548 -120.673 169.677 1 0.0102616 0.00283706 -0.0102475 1 -0.00493555 -0.00288752 0.0049062 1 3034.dat
1 0 130.78 -113.291 149.513 -0.00284008 0.0102728 1 0.00494097 1 -0.0102587 -1 0.00491155 -0.00289065 2743.dat
1 0 50.5529 -112.076 69.7182 0.00284021 0.0102728 -1 -0.00494098 1 0.0102587 1 0.00491156 0.00289078 3895.dat
1 0 61.0841 -88.673 169.834 1 0.0102616 0.00283706 -0.0102475 1 -0.00493555 -0.00288752 0.0049062 1 3034.dat
1 0 -9.2198 -111.859 149.917 -0.00284008 0.0102728 1 0.00494098 1 -0.0102587 -1 0.00491156 -0.00289065 2743.dat
1 0 148.285 -164.023 159.213 0.00284017 1 0.0102728 -0.00494066 -0.0102587 1 1 -0.00289071 0.00491128 3934.dat
1 0 140.873 -103.892 149.53 0.0102703 1 -0.00284829 1 -0.0102562 0.00492299 0.0048935 -0.00289867 -1 3794a.dat
1 0 140.93 -103.991 169.53 0.0102701 1 -0.00284829 1 -0.0102558 0.00492299 0.0048935 -0.00289867 -1 3794a.dat
1 0 -27.7051 -162.218 159.721 -0.00284005 -1 0.0102729 0.00494133 0.0102589 1 -1 0.00289069 0.00491198 3933.dat
1 0 -19.1176 -102.25 149.993 0.0102728 -1 0.00284013 1 0.0102587 -0.00494097 0.00491155 0.00289071 1 3794a.dat
1 0 -19.0608 -102.349 169.993 0.0102728 -1 0.00284013 1 0.0102587 -0.00494098 0.00491156 0.0028907 1 3794a.dat
1 0 60.4859 -101.883 9.80889 -1 0.0102587 0 0.0102587 1 0.00491156 0 0.00491156 -1 2780.dat
1 0 19.8634 -100.385 -210.149 -1 0.0103095 0.0051681 0.0103095 0.598298 0.801208 0.00516795 0.801208 -0.598364 2780.dat
1 0 19.9766 -100.581 -170.09 -1 0.0102322 0.00124731 0.0102322 0.970668 0.240208 0.00124714 0.240208 -0.97072 2780.dat
1 0 40.3735 -101.48 -30.1304 -1 0.0102587 0 0.0102587 1 0.00491156 0 0.00491156 -1 2780.dat
1 0 20.0894 -100.781 -130.159 -1 0.0102587 0 0.0102587 1 0.00491156 0 0.00491156 -1 2780.dat
1 0 8.30117 -260.924 -180.374 -0.0102728 0.00284005 -1 -1 -0.00494093 0.0102587 -0.00491158 1 0.00289068 3700.dat
1 0 8.36934 -261.042 -156.375 0.0102728 0.00284018 1 1 -0.00494103 -0.0102587 0.00491166 1 -0.00289071 3023.dat
1 4 8.28932 -271.082 -148.424 0.0102728 0.00284018 1 1 -0.00494103 -0.0102587 0.00491166 1 -0.00289071 3623.dat
1 0 9.23659 -181.121 -139.982 -0.0102728 0.0028401 -1 -1 -0.00494104 0.0102587 -0.00491163 1 0.00289068 3895.dat
1 0 18.8567 -220.773 -130.748 -1 0.0102587 0 0.0102587 1 0.00491156 0 0.00491156 -1 2780.dat
1 7 -1.67043 -260.87 -170.389 -1 0.0102587 0 0.0102587 1 0.00491156 0 0.00491156 -1 4274.dat
1 7 -1.55683 -261.073 -130.389 -1 0.0102587 0 0.0102587 1 0.00491156 0 0.00491156 -1 3749.dat
1 7 -10.832 -259.979 -230.84 -1 0.0103284 0.00239132 0.0103284 0.898198 0.43947 0.00239115 0.43947 -0.898254 4274.dat
1 0 19.6785 -140.778 -130.356 -1 0.0102587 0 0.0102587 1 0.00491156 0 0.00491156 -1 2780.dat
1 7 18.2377 -281.278 -130.458 -1 0.0102587 0 0.0102587 1 0.00491156 0 0.00491156 -1 3673.dat
1 4 88.0238 -297.938 -146.56 -0.0106458 -0.000514344 -1 -0.948258 -0.317336 0.0102589 -0.317324 0.948313 0.00289072 2743.dat
1 4 88.1343 -285.917 -150.973 -1 -0.000503167 0.0106533 0.0102623 -0.317337 0.948257 0.00290355 0.948313 0.317325 2420.dat
1 0 58.1464 -277.993 -173.646 -1 -0.000503305 0.0106531 0.0102622 -0.317337 0.948257 0.00290336 0.948313 0.317324 3701.dat
1 4 28.1363 -285.301 -150.8 0.0106456 -0.000514081 1 0.948258 -0.317336 -0.0102584 0.317324 0.948313 -0.00289062 2420.dat
1 4 28.0271 -297.322 -146.387 -0.0106457 -0.000514239 -1 -0.948258 -0.317336 0.0102587 -0.317323 0.948313 0.00289068 2743.dat
1 0 58.1179 -295.764 -120.54 -1 -0.000503302 0.0106531 0.0102622 -0.317337 0.948257 0.00290335 0.948313 0.317324 3710.dat
1 0 58.1319 -288.148 -143.3 1 -0.000514189 -0.0106458 -0.0102587 -0.317336 -0.948258 -0.00289072 0.948313 -0.317324 3700.dat
1 85 58.0368 -290.649 -167.336 -0.010646 -0.00051421 -1 -0.948258 -0.317336 0.010259 -0.317324 0.948313 0.00289085 32062.dat
1 0 58.2217 -316.404 -184.918 -0.000514516 0.0106458 -1 -0.317336 0.948258 0.0102588 0.948313 0.317324 0.00289041 4519.dat
1 0 58.4284 -233.668 -233.854 0.00981643 0.0041364 1 0.992355 0.122989 -0.0102506 -0.123024 0.992399 -0.00289742 3706.dat
1 7 58.9234 -183.927 -239.012 1 0.00413648 -0.00981581 -0.0102501 0.122989 -0.992355 -0.00289762 0.992399 0.123024 3713.dat
1 7 98.2315 -282.249 -130.716 -1 0.0102587 0 0.0102587 1 0.00491156 0 0.00491156 -1 3673.dat
1 0 108.296 -261.95 -180.663 -0.0102728 0.00284005 -1 -1 -0.00494093 0.0102587 -0.00491158 1 0.00289068 3700.dat
1 0 108.364 -262.068 -156.664 0.0102728 0.00284018 1 1 -0.00494103 -0.0102587 0.00491166 1 -0.00289071 3023.dat
1 4 108.284 -272.108 -148.713 0.0102728 0.00284018 1 1 -0.00494103 -0.0102587 0.00491166 1 -0.00289071 3623.dat
1 0 109.231 -182.147 -140.271 -0.0102728 0.0028401 -1 -1 -0.00494104 0.0102587 -0.00491163 1 0.00289068 3895.dat
1 0 99.6751 -141.599 -130.5 -1 0.0102587 0 0.0102587 1 0.00491156 0 0.00491156 -1 2780.dat
1 0 100.086 -101.601 -130.304 -1 0.0102587 0 0.0102587 1 0.00491156 0 0.00491156 -1 2780.dat
1 7 118.44 -261.797 -131.19 1 0.0102616 0.00283677 -0.0102475 1 -0.00493556 -0.00288723 0.00490621 1 3749.dat
1 7 128.157 -261.405 -231.219 1 0.0103999 0.00225043 -0.0102424 0.998066 -0.0613112 -0.00288372 0.0612847 0.998116 4274.dat
1 7 118.324 -262.101 -170.692 1 0.0102705 0.00283951 -0.0102563 1 -0.00493982 -0.00289006 0.00491042 1 4274.dat
1 0 98.8533 -221.593 -130.893 -1 0.0102587 0 0.0102587 1 0.00491156 0 0.00491156 -1 2780.dat
1 0 60.8836 -102.574 149.809 -1 0.0102587 0 0.0102587 1 0.00491156 0 0.00491156 -1 2780.dat
1 7 39.1583 -197.079 -110.645 0.00283988 0.0102728 -1 -0.00492982 1 0.0102587 1 0.00490041 0.00289034 3749.dat
1 0 99.7412 -197.851 -80.823 -0.00283984 0.0102728 1 0.00494095 1 -0.0102587 -1 0.00491154 -0.00289041 4519.dat
1 0 59.6702 -197.317 -105.707 1 0.00284036 -0.0102728 -0.0102587 -0.00492005 -1 -0.00289072 1 -0.00489063 2905.dat
1 0 19.2384 -197.522 -80.59 -0.00283972 0.0102728 1 0.00494096 1 -0.0102587 -1 0.00491155 -0.00289029 4519.dat
1 7 -6.43135 -216.811 -70.6156 -0.0102728 1 0.00284037 -1 -0.0102587 -0.00492014 -0.00489072 -0.00289073 1 2850.dat
1 0 99.3587 -237.898 -71.0189 -0.00283984 0.0102728 1 0.00494095 1 -0.0102587 -1 0.00491154 -0.00289041 3705.dat
1 0 59.2877 -237.364 -95.9032 1 -0.00284035 0.0102728 -0.0102587 0.00492014 1 -0.00289071 -1 0.00489072 2905.dat
1 0 59.4297 -237.611 -45.9033 1 -0.00284035 0.0102728 -0.0102587 0.00492014 1 -0.00289071 -1 0.00489072 2905.dat
1 0 18.8559 -237.567 -70.7831 -0.00283972 0.0102728 1 0.00494096 1 -0.0102587 -1 0.00491155 -0.00289029 3705.dat
1 0 59.148 -198.281 -110.709 -0.00283992 0.0102728 1 0.00492982 1 -0.0102587 -1 0.00490041 -0.00289038 2780.dat
1 7 125.564 -218.167 -70.996 0.0102728 -1 0.00284034 1 0.0102588 -0.00492014 0.00489072 0.0028907 1 2850.dat
1 7 79.1583 -197.488 -110.761 0.00283988 0.0102728 -1 -0.00492982 1 0.0102587 1 0.00490041 0.00289034 3749.dat
1 0 99.9724 -101.508 -170.353 -1 -0.017411 -0.00191409 0.0172103 -0.956195 -0.292223 0.00325767 -0.292211 0.956349 2780.dat
1 0 99.8588 -101.309 -210.419 -1 0.0171582 0.00766689 0.0171583 0.666997 0.744863 0.00766673 0.744863 -0.667174 2780.dat
1 0 58.6363 -148.225 -326.211 1 0.0155673 -0.00771765 -0.0170685 0.796867 -0.603913 -0.00325137 0.603954 0.797013 3707.dat
1 0 98.6476 -148.907 -326.341 0.00772927 -1 0.0155825 0.603913 0.0170876 0.796867 -0.797013 0.00325132 0.603954 2825.dat
1 0 59.5758 -100.31 -290.137 -1 0.0170994 0.00574746 0.0170994 0.796842 0.603946 0.0057473 0.603946 -0.797004 3706.dat
1 7 59.5825 -100.411 -289.962 -0.00771983 0.0155703 -1 -0.603913 0.796867 0.0170722 0.797013 0.603954 0.00325142 3713.dat
1 0 18.6476 -147.542 -326.081 -0.00772934 1 0.0155826 -0.603913 -0.0170876 0.796867 0.797013 -0.00325116 0.603954 2825.dat
1 0 118.007 -188.299 -316.417 0.0155478 -1 0.00324239 0.962926 0.0158466 0.269299 -0.269317 -0.00106481 0.963051 4519.dat
1 7 127.385 -226.974 -305.634 1 0.0158517 0.000704435 -0.0158316 0.993658 0.111324 0.0010647 -0.111321 0.993784 4274.dat
1 0 117.092 -243.175 -268.72 0.00756331 -1 0.0138642 0.423657 0.0157628 0.905686 -0.905791 -0.000976278 0.423723 4519.dat
1 0 79.9901 -71.5304 -317.224 0.0102838 0.0140101 1 0.732002 0.681089 -0.0170724 -0.681225 0.732067 -0.00325119 4519.dat
1 0 60.4075 -41.9089 -344.408 1 0.0140107 -0.0102836 -0.0170727 0.681088 -0.732002 -0.00325182 0.732067 0.681225 4519.dat
1 15 60.4245 -41.2279 -343.676 -0.0102836 0.0140107 -1 -0.732002 0.681088 0.0170727 0.681225 0.732067 0.00325182 3482.dat
1 0 60.4245 -41.2279 -343.676 -0.0102836 0.0140107 -1 -0.732002 0.681088 0.0170727 0.681225 0.732067 0.00325182 3483.dat
1 0 39.9961 -71.5288 -317.826 0.010284 0.0140104 1 0.732003 0.681088 -0.0170728 -0.681224 0.732068 -0.00325131 4519.dat
1 0 -1.97146 -185.982 -315.064 0.0155477 -1 0.00324244 0.962926 0.0158465 0.269299 -0.269317 -0.00106474 0.963051 4519.dat
1 7 -12.5934 -224.341 -304.258 -1 0.0157801 0.00185709 0.0157801 0.972557 0.23213 0.00185691 0.23213 -0.972683 4274.dat
1 0 -2.91464 -242.658 -269.062 0.00780455 -1 0.0137302 0.439399 0.0157631 0.898154 -0.898258 -0.000976636 0.439467 4519.dat
1 0 80.3712 -101.89 -30.2489 -1 0.0102587 0 0.0102587 1 0.00491156 0 0.00491156 -1 2780.dat
1 0 80.428 -101.989 -10.2489 -1 0.0102587 0 0.0102587 1 0.00491156 0 0.00491156 -1 2780.dat
1 34 -16.6084 -260.312 -150.821 0.0103198 1 -0.00277911 1 -0.0103059 0.00494546 0.00491654 -0.00282996 -1 30039.dat
1 7 126.299 -261.632 -181.213 0.00283249 -1 -0.0102545 -0.00494074 0.0102409 -1 1 0.00288302 -0.00491145 4262.dat
1 7 -8.69222 -260.247 -180.835 -0.00279467 1 -0.010323 0.00494557 -0.0103094 -1 -1 -0.00284541 -0.00491648 4262.dat
1 7 79.2027 -197.568 -94.7612 1 0.0102705 0.00283933 -0.0102563 1 -0.00493982 -0.00288988 0.00491042 1 4265a.dat
1 7 99.4581 -238.071 -36.0189 1 0.0102616 0.00283706 -0.0102475 1 -0.00493554 -0.00288752 0.00490619 1 4265a.dat
1 7 18.9575 -237.742 -35.7867 1 0.0102616 0.00283706 -0.0102475 1 -0.00493554 -0.00288752 0.00490619 1 4265a.dat
1 7 131.441 -261.93 -131.228 -0.00284001 0.0102776 1 0.00494386 1 -0.0102627 -1 0.00491513 -0.00289064 4265a.dat
1 7 -13.5525 -260.443 -130.844 0.00283997 0.0102595 -1 -0.00494183 1 0.0102446 1 0.00491314 0.00289048 4265a.dat
1 7 39.202 -197.153 -95.6456 1 0.0102705 0.0028395 -0.0102563 1 -0.00493983 -0.00289005 0.00491043 1 4265a.dat
1 7 57.7307 -313.704 -191.396 -1 0.0102587 0.00167099 0.0102588 0.948261 0.317324 0.00167081 0.317324 -0.948316 4265a.dat
1 7 42.7487 -302.443 -224.562 -0.000514141 0.0106458 -1 -0.317336 0.948258 0.0102587 0.948313 0.317323 0.00289077 4265a.dat
1 7 72.7487 -302.751 -224.612 0.000514234 0.0106458 1 0.317353 0.948258 -0.0102599 -0.948367 0.317323 -0.00289105 4265a.dat
1 7 133.648 -149.505 -326.455 0.00771737 0.0155259 1 0.604002 0.796868 -0.0170391 -0.797134 0.603953 -0.00322938 4265a.dat
1 7 -16.3524 -146.945 -325.967 0.0155613 0.00771141 -1 0.796988 0.603913 0.0170613 0.604044 -0.797013 0.00325093 4265a.dat
1 7 34.5826 -99.9832 -289.83 0.00772015 0.0155702 1 0.604002 0.796867 -0.0170761 -0.797135 0.603954 -0.00325394 4265a.dat
1 7 84.5826 -100.838 -290.118 -0.00772035 0.0155699 -1 -0.604002 0.796867 0.0170759 0.797135 0.603954 0.00325358 4265a.dat
1 0 57.7479 -302.597 -224.605 -1 0.0102588 0.001671 0.0102588 0.948261 0.317324 0.00167083 0.317324 -0.948316 3704.dat
1 7 57.7169 -322.272 -165.791 -0.0106487 -1 0.000511366 -0.948257 0.0102617 0.317358 -0.317326 0.00289472 -0.948366 3651.dat
1 7 -2.16204 -166.85 -320.933 1 0.00771362 -0.0155459 -0.017054 0.269228 -0.962925 -0.00324323 0.963046 0.269319 3651.dat
1 7 117.82 -168.898 -321.323 1 0.00771361 -0.0155459 -0.017054 0.269228 -0.962926 -0.00324322 0.963046 0.269319 3651.dat
1 7 40.1988 -56.2075 -330.719 1 0.0140033 -0.0102835 -0.0170728 0.68109 -0.732001 -0.0032475 0.732066 0.681226 3651.dat
1 7 80.1989 -56.8925 -330.846 1 0.0140067 -0.0102806 -0.017073 0.681093 -0.732107 -0.00325182 0.732062 0.681334 3651.dat
1 7 39.8047 -85.4878 -303.47 -1 0.0170722 0.00743459 0.0170722 0.681038 0.73205 0.00743443 0.73205 -0.681211 4273b.dat
1 7 79.7845 -86.1705 -303.599 1 -0.0140102 0.0102834 -0.0170722 -0.681089 0.732001 -0.00325152 -0.732066 -0.681226 4273b.dat
1 7 117.198 -207.415 -310.55 -1 0.00324291 0.0155483 0.0158472 0.269299 0.962926 -0.00106445 0.963051 -0.269316 4273b.dat
1 7 116.736 -235.147 -287.048 1 0.0138643 -0.00762954 -0.015791 0.905686 -0.423655 0.00103629 0.423722 0.905791 4273b.dat
1 7 116.418 -252.94 -249.005 1 -0.0138644 0.00751185 -0.0157412 -0.905686 0.423657 0.000929618 -0.423723 -0.905791 4273b.dat
1 7 57.9417 -283.162 -226.71 -1 0.00412035 0.00982273 0.010255 0.122989 0.992355 0.00288076 0.992399 -0.123024 4273b.dat
1 7 57.7385 -308.944 -205.621 1 0.0106458 -0.000514184 -0.0102587 0.948258 -0.317336 -0.00289072 0.317323 0.948313 4273b.dat
1 7 57.9303 -300.131 -170.509 -0.000514186 1 0.0106461 -0.317336 -0.010259 0.948258 0.948313 -0.0028908 0.317324 4273b.dat
1 7 -3.57943 -251.868 -249.081 -1 0.0137027 0.00779289 0.0157332 0.898155 0.439397 -0.000978314 0.439465 -0.898259 4273b.dat
1 7 -2.27519 -204.888 -310.087 1 -0.00324222 0.0155477 -0.0158464 -0.2693 0.962926 0.00106497 -0.963051 -0.269317 4273b.dat
1 7 -3.25171 -233.413 -286.808 -1 -0.0137545 -0.00780221 0.0157839 -0.898153 -0.439399 -0.000963851 -0.439467 0.898258 4273b.dat
0
0 FILE B.ldr
0 B
0 Name: C:\LDRAW\PROJECTS\TECHNIC\8836 SKY RANGERS\B.LDR
0 Author: LEGO Digital Designer 4.3
0 WORLD  83.07809 -38.92231 -68.26843 -0.7774503 0.07454021 0.6245091 0.1115317 0.9935541 0.02025668 -0.6189731 0.08539978 -0.7807572
0 CENTRE  0 0 0
0 LOOKAT  -47 -122 78
0 ZOOM  50
0 ROTANGLE 0
0 ROTATION CENTER 0 0 0 1 "Custom" 
0 ROTATION CONFIG 0 0
1 0 60.8732 -44.7309 -58.9023 1 0.0104056 0.00230743 -0.0102589 0.998356 -0.0563957 -0.00289047 0.0563688 0.998406 3708.dat
1 15 -49.1268 -43.6024 -58.5843 0.00230771 0.0104054 -1 -0.0563899 0.998356 0.0102587 0.998406 0.056363 0.00289067 3482.dat
1 7 150.873 -45.6542 -59.1625 0.00230804 0.0104054 -1 -0.0563891 0.998356 0.0102587 0.998406 0.0563622 0.002891 3713.dat
1 0 -49.1205 -43.6024 -58.5843 0.00291445 0.010252 -1 0.0023042 1 0.0102587 1 -0.00233396 0.00289067 3483.dat
1 7 -29.1269 -43.8076 -58.6421 -0.0023081 0.0104054 1 0.0563916 0.998356 -0.0102587 -0.998406 0.0563647 -0.00289108 3713.dat
1 7 110.873 -45.2438 -59.0468 -0.0023081 0.0104054 1 0.0563916 0.998356 -0.0102587 -0.998406 0.0563647 -0.00289108 3713.dat
1 15 170.873 -45.8593 -59.2203 -0.00230778 0.0104054 1 0.0563941 0.998356 -0.0102587 -0.998406 0.0563672 -0.00289079 3482.dat
1 7 10.8732 -44.218 -58.7578 0.00230804 0.0104054 -1 -0.0563891 0.998356 0.0102587 0.998406 0.0563622 0.002891 3713.dat
1 0 170.867 -45.8593 -59.2203 0.00291457 0.010252 -1 0.00230418 1 0.0102587 1 -0.00233395 0.00289079 3483.dat
1 0 130.505 -72.5807 -90.1488 0.00724904 0.00781329 -1 0.455784 0.890031 0.0102586 0.890061 -0.455832 0.0028907 3894.dat
1 0 60.288 -81.2485 -130.363 1 0.0102616 0.00283677 -0.0102475 1 -0.00493557 -0.00288723 0.00490622 1 3737.dat
1 7 150.293 -82.1151 -130.393 0.00284045 0.0102728 -1 -0.00494096 1 0.0102587 1 0.00491154 0.00289102 3713.dat
1 7 -29.7068 -80.2705 -129.873 -0.00284032 0.0102728 1 0.00494097 1 -0.0102587 -1 0.00491155 -0.00289089 3713.dat
1 0 -9.49495 -71.1444 -89.7701 0.00724904 0.00781329 -1 0.455784 0.890031 0.0102586 0.890061 -0.455832 0.0028907 3894.dat
1 0 60.3005 -93.253 -84.7921 0.00227879 0.0104117 1 0.470727 0.88222 -0.0102586 -0.882276 0.470723 -0.00289064 731.dat
1 7 59.5432 -141.299 -110.443 0.00227873 0.0104117 1 0.470727 0.882219 -0.0102586 -0.882276 0.470724 -0.0028907 4255.dat
1 0 59.7345 -141.288 -110.428 1 0.0102705 0.0028392 -0.0102564 1 -0.00493986 -0.00288975 0.00491046 1 3705.dat
1 7 44.7336 -141.134 -110.385 0.00284021 0.0102728 -1 -0.00494098 1 0.0102587 1 0.00491156 0.00289078 4265a.dat
1 7 74.7336 -141.442 -110.471 -0.00284008 0.0102728 1 0.00494096 1 -0.0102587 -1 0.00491155 -0.00289065 4265a.dat
0
0 FILE C.ldr
0 C
0 ROTATION CENTER 0 0 0 1 "Custom" 
0 ROTATION CONFIG 0 0
1 7 56.7435 -369.863 -160.627 0.000514198 -0.999943 0.0106459 0.317337 0.0102588 0.948258 -0.948313 0.00289081 0.317324 4185.dat
1 0 57.701 -329.251 -146.51 -0.010646 -0.00051444 -0.999943 -0.948258 -0.317336 0.0102591 -0.317324 0.948313 0.00289072 3706.dat
1 7 57.4348 -352.958 -154.443 0.999943 -0.000514189 -0.0106458 -0.0102587 -0.317336 -0.948258 -0.00289072 0.948313 -0.317324 4185.dat
1 7 57.5418 -343.358 -151.518 -0.999943 0.000525494 -0.010659 0.0102749 0.317336 -0.948257 0.0028842 -0.948313 -0.317324 4265a.dat
1 7 58.4141 -310.133 -140.639 0.000514043 0.999943 -0.0106458 0.317337 -0.0102587 -0.948258 -0.948313 -0.00289082 -0.317324 3713.dat
1 7 58.2864 -277.097 -129.057 -0.999943 -0.000498052 0.0106604 0.0102674 -0.317336 0.948258 0.00291064 0.948313 0.317324 4265a.dat
1 4 57.0453 -473.728 139.421 0.999943 0.0106459 -0.000514224 -0.0102588 0.948258 -0.317336 -0.00289071 0.317324 0.948313 3023.dat
1 0 57.2076 -418.541 -0.287101 0.000514216 0.0106459 0.999943 0.317337 0.948258 -0.0102588 -0.948313 0.317324 -0.00289071 4282.dat
1 4 57.3718 -272.219 -462.757 0.999943 0.0106459 -0.000514105 -0.0102588 0.948257 -0.317337 -0.00289083 0.317324 0.948313 3023.dat
1 0 57.3799 -312.233 -317.972 -0.000514126 0.0106459 -0.999943 -0.317337 0.948258 0.0102588 0.948313 0.317324 0.00289081 4282.dat
0
0 FILE D.ldr
0 D
0 Author: LEGO Digital Designer 4.3
0 ROTATION CENTER 0 0 0 1 "Custom" 
0 ROTATION CONFIG 0 0
1 7 59.2511 -217.801 -5.7991 0.999943 0.010266 0.00283828 -0.0102519 0.999935 -0.00493768 -0.00288879 0.00490831 0.999984 4265a.dat
1 0 59.18 -217.677 -30.7987 -0.00283972 0.0102728 0.999943 0.00494096 0.999935 -0.0102587 -0.999984 0.00491154 -0.00289029 4519.dat
1 7 59.1801 -217.677 -30.7987 0.999943 0.0102546 0.00283526 -0.0102404 0.999935 -0.00495115 -0.00288585 0.00492183 0.999984 3713.dat
1 7 59.2317 -218.276 -10.8014 -0.0103331 -0.999943 -0.00287403 -0.999943 0.0103248 0.002904 -0.00287416 0.00290388 -0.999992 2952.dat
1 7 48.9767 -217.729 -100.775 -0.999947 0.0102587 2.51751e-005 0.0102587 0.999936 0.00489083 2.50002e-005 0.00489083 -0.999988 2853.dat
1 7 59.0613 -217.98 -70.8023 0.999943 -0.0102728 -0.00283931 -0.0102588 -0.999935 0.00490974 -0.00288956 -0.00488033 -0.999984 2853.dat
1 7 49.0619 -217.877 -70.7733 -0.010273 0.999943 0.00284037 -0.999935 -0.0102589 -0.00492014 -0.00489072 -0.00289073 0.999984 2852.dat
1 8 9.09306 -217.467 -70.6578 -0.0102729 0.999943 0.00284037 -0.999935 -0.0102588 -0.00492014 -0.00489072 -0.00289073 0.999984 2851.dat
1 7 49.0619 -217.877 -70.7734 -0.0102735 -0.999943 -0.00286114 -0.999943 0.0102655 0.0028908 -0.00286126 0.00289068 -0.999992 2852.dat
1 8 89.0308 -218.287 -70.8889 -0.0102737 -0.999943 -0.00286114 -0.999943 0.0102657 0.0028908 -0.00286126 0.00289068 -0.999992 2851.dat
0
0
