0 FILE 8839 BModel.ldr
0 Untitled
0 Name: 8839 BModel.ldr
0 Author: MLCad
0 Unofficial Model
0 ROTATION CENTER 0 0 0 1 "Custom" 
0 ROTATION CONFIG 0 0
1 7 0 0 0 -1 0 0 0 1 0 0 0 -1 8839_B chassis.ldr
1 7 0 0 0 -1 0 0 0 1 0 0 0 -1 8839_B cockpit.ldr
1 7 0 0 0 -1 0 0 0 1 0 0 0 -1 8839_B rudder.ldr
1 7 0 0 0 -1 0 0 0 1 0 0 0 -1 8839_B seat.ldr
1 7 0 0 0 -1 0 0 0 1 0 0 0 -1 8839_B steer.ldr
1 7 0 0 0 -1 0 0 0 1 0 0 0 -1 8839_B prop.ldr
0
0 FILE 8839_B chassis.ldr
0 8839_B
0 ROTATION CENTER 0 0 0 1 "Custom" 
0 ROTATION CONFIG 0 0
1 0 -103.431 -43.0415 103.832 -1 0 0 0 0.599024 0.800731 0 0.800731 -0.599024 2780.dat
1 4 -13.4313 -108.841 143.431 0 0 -1 0 1 0 1 0 0 3023.dat
1 4 -103.431 -68.841 243.431 0 0 -1 0 1 0 1 0 0 2429.dat
1 4 -103.431 -68.841 243.431 0.748956 0 -0.66262 0 1 0 0.66262 0 0.748956 2430.dat
1 0 -113.431 -60.841 213.431 0 0 -1 0 1 0 1 0 0 2420.dat
1 4 -103.431 -100.841 243.431 0 0 -1 0 1 0 1 0 0 2429.dat
1 4 -103.431 -100.841 243.431 0.748956 0 -0.66262 0 1 0 0.66262 0 0.748956 2430.dat
1 4 -113.431 -92.841 83.4314 0 0 -1 0 1 0 1 0 0 3703.dat
1 4 -113.431 -68.841 143.431 0 0 -1 0 1 0 1 0 0 3023.dat
1 0 -83.4313 -60.841 143.431 1 0 0 0 1 0 0 0 1 3709b.dat
1 0 -113.431 -52.841 83.4313 0 0 -1 0 1 0 1 0 0 3703.dat
1 0 -103.431 -28.841 143.431 1 0 0 0 1 0 0 0 1 3709b.dat
1 0 -133.431 -52.841 143.431 0 0 -1 0 1 0 1 0 0 3895.dat
1 0 -123.431 -28.841 263.431 0 0 -1 0 1 0 1 0 0 2429.dat
1 0 -123.431 -28.841 263.431 0.748956 0 -0.66262 0 1 0 0.66262 0 0.748956 2430.dat
1 0 -123.431 -60.841 263.431 0 0 -1 0 1 0 1 0 0 2429.dat
1 0 -123.431 -60.841 263.431 0.748956 0 -0.66262 0 1 0 0.66262 0 0.748956 2430.dat
1 4 -43.4313 -68.841 143.431 1 0 0 0 1 0 0 0 1 3795.dat
1 0 -33.4313 -60.841 163.431 0 0 -1 0 1 0 1 0 0 3710.dat
1 0 -33.4313 -52.841 203.431 0 0 -1 0 1 0 1 0 0 2744.dat
1 7 -13.4313 -92.841 153.431 1 0 0 0 1 0 0 0 1 3005.dat
1 0 -43.4314 -52.841 133.431 1 0 0 0 1 0 0 0 1 3701.dat
1 4 16.5687 -100.841 153.431 1 0 0 0 1 0 0 0 1 3710.dat
1 0 -33.4313 -28.841 163.431 0 0 -1 0 1 0 1 0 0 3710.dat
1 4 16.5687 -100.841 123.431 1 0 0 0 1 0 0 0 1 3709b.dat
1 7 16.5688 -92.841 133.431 1 0 0 0 1 0 0 0 1 3701.dat
1 4 16.5687 -60.841 153.431 1 0 0 0 1 0 0 0 1 3710.dat
1 7 46.5688 -92.841 153.431 1 0 0 0 1 0 0 0 1 3005.dat
1 0 16.5687 -52.841 153.431 -1 0 0 0 1 0 0 0 -1 3895.dat
1 4 76.5686 -68.841 143.431 1 0 0 0 1 0 0 0 1 3795.dat
1 0 66.5686 -60.841 163.431 0 0 -1 0 1 0 1 0 0 3710.dat
1 0 66.5685 -52.841 203.431 0 0 -1 0 1 0 1 0 0 2744.dat
1 0 66.5686 -28.841 163.431 0 0 -1 0 1 0 1 0 0 3710.dat
1 0 116.569 -60.841 143.431 1 0 0 0 1 0 0 0 1 3709b.dat
1 0 76.5686 -52.841 133.431 1 0 0 0 1 0 0 0 1 3701.dat
1 4 146.569 -68.841 143.431 0 0 -1 0 1 0 1 0 0 3023.dat
1 4 136.569 -100.841 243.431 0 0 1 0 1 0 -1 0 0 2430.dat
1 4 136.569 -100.841 243.431 0.748956 0 0.66262 0 1 0 -0.66262 0 0.748956 2429.dat
1 4 146.569 -92.841 83.4314 0 0 -1 0 1 0 1 0 0 3703.dat
1 4 136.569 -68.841 243.431 0 0 1 0 1 0 -1 0 0 2430.dat
1 4 136.569 -68.841 243.431 0.748956 0 0.66262 0 1 0 -0.66262 0 0.748956 2429.dat
1 0 146.569 -60.841 213.431 1 0 0 0 1 0 0 0 1 2420.dat
1 0 136.569 -28.841 143.431 1 0 0 0 1 0 0 0 1 3709b.dat
1 0 166.569 -52.841 143.431 0 0 -1 0 1 0 1 0 0 3895.dat
1 0 156.569 -28.841 263.431 0 0 1 0 1 0 -1 0 0 2430.dat
1 0 156.569 -28.841 263.432 0.748956 0 0.66262 0 1 0 -0.66262 0 0.748956 2429.dat
1 0 156.569 -60.841 263.431 0 0 1 0 1 0 -1 0 0 2430.dat
1 0 156.569 -60.841 263.431 0.748956 0 0.66262 0 1 0 -0.66262 0 0.748956 2429.dat
1 0 146.569 -52.841 83.4313 0 0 -1 0 1 0 1 0 0 3703.dat
1 4 46.5687 -108.841 143.431 0 0 -1 0 1 0 1 0 0 3023.dat
1 0 136.569 -42.841 103.431 -1 0 0 0 1 0 0 0 -1 2780.dat
1 36 -93.4313 -189.555 -49.4471 1 0 0 0 0.800732 0.599023 0 -0.599023 0.800732 4073.dat
1 15 -93.4313 -153.198 -14.2027 0 0 1 -0.599024 0.800732 0 -0.800732 -0.599024 0 3460.dat
1 15 -93.4313 -110.85 29.0491 0 0 -1 0.599023 0.800732 0 0.800732 -0.599023 0 3895.dat
1 15 -93.4313 -127.574 -33.3714 0 0 1 -0.599023 0.800732 0 -0.800732 -0.599023 0 3460.dat
1 0 -93.4313 -73.6622 38.6945 1 0 0 0 0.800732 0.599023 0 -0.599023 0.800732 2420.dat
1 0 -43.4313 -99.2856 57.8632 1 0 0 0 0.800732 0.599023 0 -0.599023 0.800732 3666.dat
1 0 16.5687 -92.8797 53.071 1 0 0 0 0.800732 0.599023 0 -0.599023 0.800732 2730.dat
1 0 76.5687 -99.2856 57.8631 1 0 0 0 0.800732 0.599023 0 -0.599023 0.800732 3666.dat
1 34 126.569 -189.555 -49.4472 1 0 0 0 0.800732 0.599023 0 -0.599023 0.800732 4073.dat
1 15 126.569 -153.198 -14.2027 0 0 1 -0.599024 0.800732 0 -0.800732 -0.599024 0 3460.dat
1 15 126.569 -110.851 29.049 0 0 -1 0.599024 0.800732 0 0.800732 -0.599024 0 3895.dat
1 0 126.569 -73.6623 38.6943 0 0 -1 0.599023 0.800732 0 0.800732 -0.599023 0 2420.dat
1 15 126.569 -127.574 -33.3714 0 0 1 -0.599023 0.800732 0 -0.800732 -0.599023 0 3460.dat
1 15 16.5687 -188.724 -75.0461 -1 0 0 0 0.800732 -0.599023 0 -0.599023 -0.800732 3895.dat
1 0 126.569 -162.841 -56.5687 1 0 0 0 1 0 0 0 1 3705.dat
1 15 146.569 -172.841 -156.569 0 0 -1 0 1 0 1 0 0 3895.dat
1 7 146.569 -180.841 -266.569 0 0 -1 0 1 0 1 0 0 2420.dat
1 7 146.569 -148.841 -266.569 0 0 -1 0 1 0 1 0 0 2420.dat
1 15 16.5685 -172.841 -266.569 -1 0 0 0 1 0 0 0 -1 3895.dat
1 15 -113.431 -172.841 -156.569 0 0 -1 0 1 0 1 0 0 3895.dat
1 7 -113.431 -180.841 -266.569 1 0 0 0 1 0 0 0 1 2420.dat
1 7 -113.431 -148.841 -266.569 1 0 0 0 1 0 0 0 1 2420.dat
1 0 -103.432 -162.841 -236.569 -1 0 0 0 1 0 0 0 -1 2780.dat
1 7 -93.4315 -93.341 -251.069 1 0 0 0 0 1 0 -1 0 2420.dat
1 7 -93.4315 -103.341 -227.069 0 0 1 -1 0 0 0 -1 0 3702.dat
1 0 -103.432 -83.341 -237.069 -1 0 0 0 1 0 0 0 -1 2780.dat
1 0 -133.432 -52.841 -136.569 0 0 -1 0 1 0 1 0 0 3703.dat
1 0 -123.432 -60.841 -296.568 0 0 -1 0 1 0 1 0 0 2430.dat
1 0 -123.432 -60.841 -296.568 -1 0 0 0 1 0 0 0 -1 2429.dat
1 0 -123.432 -28.841 -296.569 0 0 -1 0 1 0 1 0 0 2430.dat
1 0 -123.432 -28.841 -296.569 -1 0 0 0 1 0 0 0 -1 2429.dat
1 0 -113.432 -52.841 -196.569 0 0 -1 0 1 0 1 0 0 3895.dat
1 0 -113.432 -60.841 -246.569 -1 0 0 0 1 0 0 0 -1 2420.dat
1 4 -113.432 -92.841 -176.569 0 0 -1 0 1 0 1 0 0 2730.dat
1 4 -113.432 -68.841 -276.569 0 0 -1 0 1 0 1 0 0 3710.dat
1 4 -113.432 -92.841 -306.569 1 0 0 0 1 0 0 0 1 2357.dat
1 0 -103.431 -60.841 -96.5686 0 0 -1 0 1 0 1 0 0 2430.dat
1 0 -103.431 -60.841 -96.5686 -1 0 0 0 1 0 0 0 -1 2429.dat
1 4 -113.431 -68.841 -76.5686 0 0 -1 0 1 0 1 0 0 3023.dat
1 0 -103.431 -28.841 -96.5686 -1 0 0 0 1 0 0 0 -1 2429.dat
1 0 -103.431 -28.841 -96.5686 0 0 -1 0 1 0 1 0 0 2430.dat
1 0 16.5686 -52.841 -106.569 -1 0 0 0 1 0 0 0 -1 3895.dat
1 0 136.569 -60.841 -96.5687 -1 0 0 0 1 0 0 0 -1 2430.dat
1 0 136.569 -60.841 -96.5687 0 0 1 0 1 0 -1 0 0 2429.dat
1 0 136.569 -28.841 -96.5686 -1 0 0 0 1 0 0 0 -1 2430.dat
1 0 136.569 -28.841 -96.5686 0 0 1 0 1 0 -1 0 0 2429.dat
1 4 146.569 -68.841 -76.5687 0 0 -1 0 1 0 1 0 0 3023.dat
1 4 146.569 -92.841 -176.569 0 0 -1 0 1 0 1 0 0 2730.dat
1 4 146.569 -68.841 -276.569 0 0 -1 0 1 0 1 0 0 3710.dat
1 4 146.569 -92.841 -306.569 0 0 -1 0 1 0 1 0 0 2357.dat
1 0 146.569 -60.841 -246.569 0 0 1 0 1 0 -1 0 0 2420.dat
1 0 146.569 -52.841 -196.569 0 0 -1 0 1 0 1 0 0 3895.dat
1 0 156.569 -60.841 -296.569 0 0 1 0 1 0 -1 0 0 2429.dat
1 0 156.569 -60.841 -296.569 -1 0 0 0 1 0 0 0 -1 2430.dat
1 0 166.569 -52.841 -136.569 0 0 -1 0 1 0 1 0 0 3703.dat
1 0 156.569 -28.841 -296.569 0 0 1 0 1 0 -1 0 0 2429.dat
1 0 156.569 -28.841 -296.569 -1 0 0 0 1 0 0 0 -1 2430.dat
1 0 156.569 -82.841 -136.569 -1 0 0 0 1 0 0 0 -1 2780.dat
1 7 156.569 -82.841 -256.569 0 -1 0 -1 0 0 0 0 -1 59807.dat
1 7 156.569 -83.3409 3.43134 1 0 0 0 1 0 0 0 1 4274.dat
1 0 156.569 -82.841 -256.569 -1 0 0 0 1 0 0 0 -1 2780.dat
1 0 136.569 -42.841 -236.569 -1 0 0 0 1 0 0 0 -1 2780.dat
1 7 126.569 -102.841 -226.569 0 0 1 -1 0 0 0 -1 0 3702.dat
1 7 126.569 -93.341 -251.069 0 0 -1 1 0 0 0 -1 0 2420.dat
1 0 136.569 -162.841 -236.569 -1 0 0 0 1 0 0 0 -1 2780.dat
1 0 136.569 -82.841 -236.569 -1 0 0 0 1 0 0 0 -1 2780.dat
1 4 -73.4315 -68.841 -306.568 1 0 0 0 1 0 0 0 1 3623.dat
1 0 -63.4315 -60.841 -306.568 1 0 0 0 1 0 0 0 1 3023.dat
1 4 16.5685 -92.841 -306.568 -1 0 0 0 1 0 0 0 -1 2730.dat
1 0 16.5685 -52.841 -306.569 -1 0 0 0 1 0 0 0 -1 3895.dat
1 0 96.5685 -60.841 -306.569 1 0 0 0 1 0 0 0 1 3023.dat
1 4 106.569 -68.841 -306.569 1 0 0 0 1 0 0 0 1 3623.dat
1 0 156.569 -42.841 3.4314 -1 0 0 0 1 0 0 0 -1 2780.dat
1 0 156.569 -42.841 -56.5686 -1 0 0 0 1 0 0 0 -1 2780.dat
1 0 156.569 -42.841 -96.5687 -1 0 0 0 1 0 0 0 -1 2780.dat
1 0 156.569 -42.841 -276.569 -1 0 0 0 1 0 0 0 -1 2780.dat
1 0 -123.432 -82.841 -136.569 -1 0 0 0 1 0 0 0 -1 2780.dat
1 7 -123.432 -82.841 -256.569 0 1 0 1 0 0 0 0 -1 59807.dat
1 0 -123.432 -83.3411 -256.569 -1 0 0 0 1 0 0 0 -1 2780.dat
1 7 -123.431 -83.3411 3.43134 -1 0 0 0 1 0 0 0 -1 4274.dat
1 0 -103.432 -42.841 -236.569 -1 0 0 0 1 0 0 0 -1 2780.dat
1 0 -123.432 -42.841 -276.568 -1 0 0 0 1 0 0 0 -1 2780.dat
1 0 -123.431 -42.841 -96.5686 -1 0 0 0 1 0 0 0 -1 2780.dat
1 0 -123.431 -42.841 3.4314 -1 0 0 0 1 0 0 0 -1 2780.dat
1 0 -123.431 -42.841 -56.5686 -1 0 0 0 1 0 0 0 -1 2780.dat
1 4 106.569 -144.876 -32.2926 0 0 -1 -0.800731 0.599024 0 0.599024 0.800731 0 3700.dat
1 4 106.569 -149.668 -38.6984 0 0 -1 -0.800731 0.599024 0 0.599024 0.800731 0 3023.dat
1 15 106.569 -184.846 -52.5956 0 0 -1 -0.800731 0.599024 0 0.599024 0.800731 0 3701.dat
1 4 106.569 -154.46 -45.1043 0 0 -1 -0.800731 0.599024 0 0.599024 0.800731 0 3023.dat
1 0 116.569 -138.885 -24.2853 -1 0 0 0 0.599024 0.800731 0 0.800731 -0.599024 2780.dat
1 0 -83.4313 -138.785 -24.9851 -1 0 0 0 0.599024 0.800731 0 0.800731 -0.599024 2780.dat
1 4 -73.4313 -144.876 -32.2925 0 0 -1 -0.800731 0.599024 0 0.599024 0.800731 0 3700.dat
1 4 -73.4313 -149.668 -38.6984 0 0 -1 -0.800731 0.599024 0 0.599024 0.800731 0 3023.dat
1 15 -73.4313 -184.851 -52.3413 0 0 -1 -0.800731 0.599024 0 0.599024 0.800731 0 3701.dat
1 4 -73.4313 -154.46 -45.1042 0 0 -1 -0.800731 0.599024 0 0.599024 0.800731 0 3023.dat
1 4 113.237 -92.841 277.426 -0.748956 0 -0.66262 0 1 0 0.66262 0 -0.748956 3701.dat
1 4 76.652 -100.841 296.441 0.748956 0 0.66262 0 1 0 -0.66262 0 0.748956 2430.dat
1 4 76.6521 -100.841 296.441 1 0 0 0 1 0 0 0 1 2429.dat
1 4 76.6521 -68.841 296.441 0.748956 0 0.66262 0 1 0 -0.66262 0 0.748956 2430.dat
1 4 76.6521 -68.841 296.441 1 0 0 0 1 0 0 0 1 2429.dat
1 4 16.652 -92.841 306.441 1 0 0 0 1 0 0 0 1 3894.dat
1 4 -43.3479 -100.841 296.441 1 0 0 0 1 0 0 0 1 2430.dat
1 4 -43.5148 -100.841 296.441 0.748956 0 -0.66262 0 1 0 0.66262 0 0.748956 2429.dat
1 4 -43.3479 -68.841 296.441 1 0 0 0 1 0 0 0 1 2430.dat
1 4 -43.348 -68.841 296.441 0.748956 0 -0.66262 0 1 0 0.66262 0 0.748956 2429.dat
1 4 16.652 -100.841 306.441 1 0 0 0 1 0 0 0 1 3023.dat
1 4 16.652 -68.841 286.441 0 0 -1 0 1 0 1 0 0 3021.dat
1 4 6.65205 -76.841 276.441 0 0 -1 0 1 0 1 0 0 3794a.dat
1 0 16.652 -60.841 316.441 1 0 0 0 1 0 0 0 1 3709b.dat
1 0 -23.348 -52.841 326.441 1 0 0 0 1 0 0 0 1 3701.dat
1 0 -63.5147 -60.841 316.441 1 0 0 0 1 0 0 0 1 2430.dat
1 0 -63.5147 -60.841 316.441 0.748956 0 -0.66262 0 1 0 0.66262 0 0.748956 2429.dat
1 0 -63.5147 -28.841 316.441 1 0 0 0 1 0 0 0 1 2430.dat
1 0 -63.5147 -28.841 316.441 0.748956 0 -0.66262 0 1 0 0.66262 0 0.748956 2429.dat
1 0 -3.34795 -52.841 306.441 1 0 0 0 1 0 0 0 1 3039.dat
1 4 26.652 -76.841 276.441 0 0 -1 0 1 0 1 0 0 3794a.dat
1 0 16.652 -28.841 316.441 1 0 0 0 1 0 0 0 1 3709b.dat
1 0 16.652 -28.841 276.441 1 0 0 0 1 0 0 0 1 2429.dat
1 0 16.652 -28.841 276.441 1 0 0 0 1 0 0 0 1 2430.dat
1 0 36.652 -52.841 306.441 1 0 0 0 1 0 0 0 1 3039.dat
1 0 56.6521 -52.841 326.441 1 0 0 0 1 0 0 0 1 3701.dat
1 0 96.6521 -60.841 316.441 1 0 0 0 1 0 0 0 1 2429.dat
1 0 96.652 -60.841 316.441 0.748956 0 0.66262 0 1 0 -0.66262 0 0.748956 2430.dat
1 0 96.6521 -28.841 316.441 1 0 0 0 1 0 0 0 1 2429.dat
1 0 96.652 -28.841 316.441 0.748956 0 0.66262 0 1 0 -0.66262 0 0.748956 2430.dat
1 4 -80.0992 -92.841 277.426 0.748956 0 -0.66262 0 1 0 0.66262 0 0.748956 3701.dat
1 7 -58.4939 -82.841 283.188 0.66262 0 0.748956 0 1 0 -0.748956 0 0.66262 4274.dat
1 0 -100.099 -52.841 297.426 0.748956 0 -0.66262 0 1 0 0.66262 0 0.748956 3701.dat
1 0 133.237 -52.841 297.426 -0.748956 0 -0.66262 0 1 0 0.66262 0 -0.748956 3701.dat
1 7 91.6311 -82.841 283.189 -0.662622 0 0.748954 0 1 0 -0.748954 0 -0.662622 4274.dat
1 7 36.5687 -82.841 123.431 0 0 1 0 1 0 -1 0 0 3749.dat
1 7 -3.43123 -82.841 123.431 0 0 -1 0 -1 0 -1 0 0 3749.dat
1 0 136.569 -42.841 -36.5686 -1 0 0 0 1 0 0 0 -1 2780.dat
1 4 126.569 -62.841 -26.5686 0 0 1 -1 0 0 0 -1 0 3701.dat
1 0 136.569 -83.341 -37.0686 -1 0 0 0 1 0 0 0 -1 2780.dat
1 0 76.5686 -42.841 143.431 0 0 1 0 1 0 -1 0 0 2780.dat
1 0 156.569 -42.841 223.431 -1 0 0 0 1 0 0 0 -1 2780.dat
1 0 -103.431 -82.841 -36.5686 -1 0 0 0 1 0 0 0 -1 2780.dat
1 4 -93.4313 -62.841 -26.5686 0 0 1 -1 0 0 0 -1 0 3701.dat
1 0 -103.431 -42.841 -36.5686 -1 0 0 0 1 0 0 0 -1 2780.dat
1 0 -123.431 -42.841 223.431 -1 0 0 0 1 0 0 0 -1 2780.dat
1 0 -123.431 -42.841 43.4314 -1 0 0 0 1 0 0 0 -1 2780.dat
1 0 -43.4313 -42.841 143.431 0 0 1 0 1 0 -1 0 0 2780.dat
1 0 156.569 -42.841 43.4314 -1 0 0 0 1 0 0 0 -1 2780.dat
1 7 161.569 -162.841 -56.5687 0 0 1 0 1 0 -1 0 0 4265a.dat
1 7 91.5685 -162.841 -56.5687 0 0 -1 0 1 0 1 0 0 4265a.dat
1 7 36.5688 -82.841 113.431 1 0 0 0 1 0 0 0 1 4273b.dat
1 7 -3.43126 -83.841 113.431 -1 0 0 0 -1 0 0 0 1 4273b.dat
0
0 FILE 8839_B cockpit.ldr
0 8839_B COCKPIT
0 ROTATION CENTER 0 0 0 1 "Custom" 
0 ROTATION CONFIG 0 0
1 0 -73.4313 -123.548 96.9593 0 0 1 0.0869563 0.996212 0 -0.996212 0.0869563 0 3707.dat
1 7 -63.4315 -131.374 186.618 -1 0 0 0 -0.821149 0.570714 0 0.570714 0.821149 3749.dat
1 15 -53.4314 -150.914 175.281 0 0 1 -0.570714 0.821149 0 -0.821149 -0.570714 0 3895.dat
1 15 16.5685 -99.5902 261.391 1 0 0 0 0.821149 0.570714 0 -0.570714 0.821149 3738.dat
1 15 86.5686 -150.092 174.71 0 0 1 -0.570714 0.821149 0 -0.821149 -0.570714 0 3895.dat
1 0 76.5686 -107.638 218.272 -1 0 0 0 0.570714 0.821149 0 0.821149 -0.570714 2780.dat
1 7 56.5686 -122.602 197.618 1 0 0 0 0.570714 -0.821149 0 0.821149 0.570714 3068b.dat
1 7 16.5686 -118.036 204.187 1 0 0 0 0.570714 -0.821149 0 0.821149 0.570714 3795.dat
1 7 -23.4314 -122.602 197.618 1 0 0 0 0.570714 -0.821149 0 0.821149 0.570714 3068b.dat
1 7 16.5686 -122.602 197.618 1 0 0 0 0.570714 -0.821149 0 0.821149 0.570714 3068b.dat
1 7 66.5686 -113.471 210.756 0 0 -1 -0.821149 0.570714 0 0.570714 0.821149 0 3700.dat
1 7 16.5686 -121.682 216.463 1 0 0 0 0.570714 -0.821149 0 0.821149 0.570714 3701.dat
1 7 -33.4314 -113.471 210.756 0 0 -1 -0.821149 0.570714 0 0.570714 0.821149 0 3700.dat
1 0 -43.4314 -107.638 218.272 -1 0 0 0 0.570714 0.821149 0 0.821149 -0.570714 2780.dat
1 7 96.5686 -130.467 185.426 1 0 0 0 0.821149 0.570714 0 -0.570714 0.821149 3749.dat
1 0 106.569 -122.552 97.0463 0 0 1 0.0869583 0.996212 0 -0.996212 0.0869583 0 3707.dat
1 7 116.569 -114.726 7.38725 -1 0 0 0 -0.924379 -0.381475 0 -0.381475 0.924379 3749.dat
1 7 76.5686 -198.952 86.888 -1 0 0 0 0.999391 0.0348995 0 0.0348995 -0.999391 3673.dat
1 15 66.5686 -206.763 26.878 0 0 1 0.0348995 0.999391 0 -0.999391 0.0348995 0 3702.dat
1 15 86.5686 -195.175 -32.7539 0 -1 0 0.999391 0 -0.0348994 0.0348994 0 0.999391 2825.dat
1 7 76.5686 -196.769 27.227 1 0 0 0 0.999391 -0.0348889 0 0.0348889 0.999391 3749.dat
1 0 16.5686 -194.676 -32.7365 1 0 0 0 0.999391 -0.0348923 0 0.0348923 0.999391 3737.dat
1 7 -54.4314 -194.675 -32.7365 0 0 1 0 1 0 -1 0 0 3650c.dat
1 15 16.5686 -216.503 76.5683 1 0 0 0 0.999391 -0.0348957 0 0.0348957 0.999391 3666.dat
1 15 -33.4314 -206.763 26.8779 0 0 1 0.0348995 0.999391 0 -0.999391 0.0348995 0 3702.dat
1 15 16.5686 -212.315 -43.3586 1 0 0 0 0.999391 -0.0348923 0 0.0348923 0.999391 3666.dat
1 7 -43.4314 -198.952 86.888 -1 0 0 0 0.821149 -0.570714 0 -0.570714 -0.821149 3673.dat
1 7 -83.4313 -115.722 7.3002 1 0 0 0 -0.924379 -0.381475 0 0.381475 -0.924379 3749.dat
1 7 -53.4313 -162.651 -56.6452 0 0 -1 -0.139172 0.990268 0 0.990268 0.139172 0 3647.dat
1 0 -93.4313 -162.651 -56.6453 1 0 0 0 0.990268 -0.139172 0 0.139172 0.990268 3706.dat
1 7 -138.431 -162.651 -56.6453 0 0 -1 -0.139171 0.990268 0 0.990268 0.139171 0 4185.dat
1 7 -148.431 -162.651 -56.6453 0 0 -1 -0.139171 0.990268 0 0.990268 0.139171 0 4185.dat
1 7 -153.431 -170.143 -75.189 -1 0 0 0 1 0 0 0 -1 3673.dat
1 7 101.569 -115.686 7.15293 0 0 1 0.381475 0.924379 0 -0.924379 0.381474 0 4265a.dat
1 7 -67.4313 -115.686 7.53439 0 0 -1 0.381474 0.92438 0 0.92438 -0.381474 0 4265a.dat
1 7 -79.4315 -131.288 185.997 0 0 1 -0.570712 0.82115 0 -0.821151 -0.570712 0 4265a.dat
1 7 111.569 -130.467 185.426 0 0 -1 0.570712 0.821151 0 0.821151 -0.570712 0 4265a.dat
1 0 17.0685 -115.85 223.979 0 0 1 -0.821149 -0.570714 0 0.570714 -0.821149 0 3704.dat
1 7 17.0686 -76.5981 245.411 1 0 0 0 -0.821149 -0.570713 0 0.570714 -0.821149 4261.dat
1 7 -128.431 -162.651 -56.6453 0 0 -1 -0.139169 0.990269 0 0.990269 0.139169 0 4265a.dat
1 7 -73.4313 -128.639 166.781 -1 0 0 0 0.996212 0.0869579 0 0.0869579 -0.996212 4273b.dat
1 7 -73.4313 -117.425 27.4586 1 0 0 0 0.996212 -0.0869577 0 0.0869577 0.996212 4273b.dat
1 7 106.569 -116.465 27.3115 -1 0 0 0 -0.996212 -0.0869586 0 -0.0869586 0.996212 4273b.dat
1 7 106.569 -128.639 166.781 1 0 0 0 -0.996212 0.0869583 0 -0.0869583 -0.996212 4273b.dat
0
0 FILE 8839_B prop.ldr
0 8839_B PROP
0 ROTATION CENTER 0 0 0 1 "Custom" 
0 ROTATION CONFIG 0 0
1 7 -63.4313 -232.633 -149.6 0 1 -0.00518271 1 0 -0.00518255 -0.00518259 -0.00518268 -1 3326b.dat
1 0 -63.4313 -198.986 -105.459 0 0 1 -0.599024 0.800732 0 -0.800732 -0.599024 0 3705.dat
1 7 -63.4313 -192.697 -97.0509 1 0 0 0 0.800732 0.599023 0 -0.599023 0.800732 3647.dat
1 7 96.5688 -231.933 -149.473 0 1 -0.00518278 1 0 -0.00518263 -0.00518266 -0.00518275 -1 3326b.dat
1 0 96.5687 -198.986 -105.459 0 0 1 -0.599023 0.800732 0 -0.800732 -0.599023 0 3705.dat
1 7 96.5687 -192.697 -97.0509 1 0 0 0 0.800732 0.599023 0 -0.599023 0.800732 3647.dat
1 0 -63.4315 -193.341 -196.569 0 0 1 -1 0 0 0 -1 0 4519.dat
1 7 -63.4314 -232.841 -216.569 -1 0 0 0 1 0 0 0 -1 3713.dat
1 0 -63.4315 -233.341 -206.569 0 0 1 0 1 0 -1 0 0 3705.dat
1 7 96.5686 -232.84 -216.569 -1 0 0 0 1 0 0 0 -1 3713.dat
1 0 96.5685 -232.84 -206.569 0 0 1 0 1 0 -1 0 0 3705.dat
1 0 96.5684 -193.341 -196.569 0 0 1 -1 0 0 0 -1 0 4519.dat
1 7 -63.4313 -201.682 -109.062 -1 0 0 0 0.800732 -0.599023 0 -0.599023 -0.800732 4265a.dat
1 7 96.5687 -201.682 -109.062 -1 0 0 0 0.800732 -0.599024 0 -0.599024 -0.800732 4265a.dat
1 7 -63.4313 -206.474 -115.468 1 0 0 0 0.800732 0.599023 0 -0.599023 0.800732 4143.dat
1 7 96.5687 -205.875 -114.667 1 0 0 0 0.800732 0.599023 0 -0.599023 0.800732 4143.dat
1 7 96.5683 -213.341 -197.069 0 1 0 0 0 1 1 0 0 3651.dat
1 7 -63.4316 -212.84 -196.569 0 1 0 0 0 1 1 0 0 3651.dat
1 7 -63.5868 -232.788 -179.6 0 1 -0.00518271 1 0 -0.00518255 -0.00518259 -0.00518268 -1 3712.dat
1 7 96.4133 -232.088 -179.525 0 1 -0.00518271 1 0 -0.00518255 -0.00518259 -0.00518268 -1 3712.dat
1 7 96.5688 -213.962 -125.477 1 0 0 0 0.800731 0.599023 0 -0.599023 0.800732 3712.dat
1 7 -63.4312 -214.662 -125.552 1 0 0 0 0.800731 0.599023 0 -0.599023 0.800732 3712.dat
1 14 96.5685 -232.84 -237.569 -1 0 0 0 1 0 0 0 -1 6041.dat
1 14 -63.4315 -233.341 -238.569 -1 0 0 0 1 0 0 0 -1 6041.dat
0
0 FILE 8839_B rudder.ldr
0 8839_B TIMONE
0 ROTATION CENTER 0 0 0 1 "Custom" 
0 ROTATION CONFIG 0 0
1 0 16.5685 -137.341 -237.069 0 0 1 -1 0 0 0 -1 0 3707.dat
1 7 16.5685 -203.341 -237.069 1 0 0 0 0 1 0 -1 0 3713.dat
1 7 16.5685 -113.341 -237.069 -1 0 0 0 1 0 0 0 -1 2825.dat
1 7 96.5685 -93.341 -219.069 1 0 0 0 0 1 0 -1 0 3710.dat
1 7 16.5685 -93.3411 -227.069 1 0 0 0 0 1 0 -1 0 2730.dat
1 7 -63.4315 -93.3411 -219.069 1 0 0 0 0 1 0 -1 0 3710.dat
1 0 96.5685 -143.341 -237.069 0 0 1 -1 0 0 0 -1 0 3706.dat
1 7 96.5686 -113.341 -237.069 -1 0 0 0 1 0 0 0 -1 2825.dat
1 7 16.5685 -173.341 -227.069 -1 0 0 0 0 -1 0 -1 0 2730.dat
1 7 -93.4315 -173.341 -179.069 1 0 0 0 0 1 0 -1 0 2420.dat
1 7 -93.4315 -163.341 -187.069 0 0 -1 1 0 0 0 -1 0 3700.dat
1 7 -93.4314 -173.341 -211.069 1 0 0 0 0 1 0 -1 0 2420.dat
1 7 -93.4315 -173.341 -219.069 1 0 0 0 0 1 0 -1 0 2420.dat
1 7 16.5684 -173.341 -171.069 1 0 0 0 0 1 0 -1 0 3023.dat
1 7 16.5685 -173.341 -147.069 -1 0 0 0 0 -1 0 -1 0 3700.dat
1 7 16.5684 -173.341 -179.069 1 0 0 0 0 1 0 -1 0 3710.dat
1 7 16.5685 -173.341 -187.069 -1 0 0 0 0 -1 0 -1 0 2730.dat
1 0 16.5686 -237.341 -157.069 1 0 0 0 0 1 0 -1 0 4288.dat
1 0 16.5686 -193.341 -157.069 0 0 1 -1 0 0 0 -1 0 3706.dat
1 7 16.5686 -203.341 -157.069 -1 0 0 0 0 -1 0 -1 0 3713.dat
1 7 16.5686 -223.341 -157.069 1 0 0 0 0 1 0 -1 0 3713.dat
1 7 6.56847 -153.341 -197.069 0 1 0 0 0 1 1 0 0 3894.dat
1 7 30.5685 -143.341 -197.069 0 1 0 0 0 1 1 0 0 3022.dat
1 7 -1.43153 -143.341 -197.069 0 1 0 0 0 1 1 0 0 3022.dat
1 7 7.06858 -123.341 -186.569 0 1 0 -1 0 0 0 0 1 3700.dat
1 0 17.0686 -123.341 -196.569 0 -0.163367 0.986565 0 0.986566 0.163367 -1 0 0 4519.dat
1 7 7.06853 -123.341 -206.569 0 1 0 -1 0 0 0 0 1 3700.dat
1 0 16.5686 -163.341 -197.069 0 0 1 -1 0 0 0 -1 0 2780.dat
1 7 -63.4315 -193.341 -196.569 0 0 1 0 1 0 -1 0 0 2825.dat
1 7 -3.43146 -183.341 -197.069 0 -1 0 -1 0 0 0 0 -1 3749.dat
1 7 76.5685 -183.341 -197.069 0 1 0 -1 0 0 0 0 1 4274.dat
1 7 126.569 -163.341 -187.069 0 0 -1 1 0 0 0 -1 0 3700.dat
1 7 126.569 -173.341 -179.069 0 0 -1 1 0 0 0 -1 0 2420.dat
1 7 126.569 -173.341 -211.069 0 0 -1 1 0 0 0 -1 0 2420.dat
1 7 126.569 -173.341 -219.069 0 0 -1 1 0 0 0 -1 0 2420.dat
1 0 136.569 -163.341 -197.069 -1 0 0 0 0 -1 0 -1 0 2780.dat
1 7 36.5685 -183.341 -197.069 0 -1 0 -1 0 0 0 0 -1 3749.dat
1 7 96.5685 -193.341 -197.069 0 0 -1 0 1 0 1 0 0 2825.dat
1 7 -43.4315 -183.341 -196.569 0 1 0 -1 0 0 0 0 1 4274.dat
1 0 -103.431 -163.341 -197.069 -1 0 0 0 0 -1 0 -1 0 2780.dat
1 0 -63.4315 -143.341 -237.069 0 0 1 -1 0 0 0 -1 0 3706.dat
1 7 -63.4315 -113.341 -237.069 -1 0 0 0 1 0 0 0 -1 2825.dat
1 4 36.5686 -42.8411 -236.569 0 0 -1 0 1 0 1 0 0 3482.dat
1 0 36.5686 -42.8411 -236.569 0 0 -1 0 1 0 1 0 0 56897.dat
1 0 16.5685 -42.8411 -236.569 1 0 0 0 1 0 0 0 1 4519.dat
1 0 -3.43146 -42.8411 -236.569 0 0 1 0 1 0 -1 0 0 56897.dat
1 4 -3.43146 -42.8411 -236.569 0 0 -1 0 1 0 1 0 0 3482.dat
1 7 96.5686 -113.341 -277.069 0 -1 0 1 0 0 0 0 1 4274.dat
1 7 16.5685 -123.341 -286.569 -1 0 0 0 0 1 0 1 0 2730.dat
1 7 -63.9316 -113.341 -276.569 0 -1 0 1 0 0 0 0 1 4274.dat
1 7 16.5685 -113.341 -277.069 0 -1 0 1 0 0 0 0 1 4274.dat
1 7 16.5686 -63.3411 -236.569 1 0 0 0 0 -1 0 1 0 3651.dat
1 7 16.5685 -78.341 -237.069 1 0 0 0 0 1 0 -1 0 4265a.dat
1 7 16.5688 -139.341 -157.069 -1 0 0 0 0 -1 0 -1 0 4143.dat
1 7 17.0686 -123.341 -172.569 -0.986565 -0.163367 0 -0.163368 0.986565 0 0 0 -1 4143.dat
1 7 16.5685 -140.341 -237.069 1 0 0 0 0 -1 0 1 0 4143.dat
1 7 17.0686 -123.341 -220.569 -0.986565 0.163367 0 -0.163367 -0.986565 0 0 0 1 4143.dat
1 7 16.5685 -127.341 -237.069 1 0 0 0 0 1 0 -1 0 4265a.dat
1 7 96.5685 -158.341 -237.069 1 0 0 0 0 1 0 -1 0 4265a.dat
1 7 -63.4315 -158.341 -237.069 1 0 0 0 0 1 0 -1 0 4265a.dat
1 7 16.5685 -191.341 -197.069 0 0 -1 0 1 0 1 0 0 2711.dat
1 4 96.5686 -233.341 -237.069 -1 0 0 0 0 -1 0 -1 0 2745.dat
1 4 -63.4314 -233.341 -237.069 -1 0 0 0 0 -1 0 -1 0 2745.dat
0
0 FILE 8839_B seat.ldr
0 8839_B SEAT
0 ROTATION CENTER 0 0 0 1 "Custom" 
0 ROTATION CONFIG 0 0
1 7 -13.4313 -121.285 82.4526 -1 0 0 0 0.960597 0.277944 0 0.277944 -0.960597 4274.dat
1 7 -3.43135 -143.276 86.4997 0 0 1 -0.960597 0.277944 0 -0.277944 -0.960597 0 3701.dat
1 4 16.5687 -136.235 96.3446 1 0 0 0 0.277944 0.960597 0 -0.960597 0.277944 3623.dat
1 7 36.5687 -143.617 85.8804 0 0 1 -0.960597 0.277944 0 -0.277944 -0.960597 0 3701.dat
1 4 16.5687 -117.023 101.903 1 0 0 0 0.277944 0.960597 0 -0.960597 0.277944 3623.dat
1 7 46.5687 -121.626 81.8333 1 0 0 0 0.960597 -0.277944 0 0.277944 0.960597 4274.dat
1 7 -23.4312 -82.8608 93.5703 0 1 0 0.277944 0 -0.960597 -0.960597 0 -0.277943 2825.dat
1 0 16.5687 -140.977 76.7546 1 0 0 0 0.960597 -0.277944 0 0.277944 0.960597 3705.dat
1 0 16.5687 -83.3411 93.4313 1 0 0 0 0.960597 -0.277944 0 0.277944 0.960597 3706.dat
1 7 16.5688 -82.8608 93.5703 0 0 -1 -0.277944 0.960598 0 0.960597 0.277944 0 3713.dat
1 7 56.5688 -82.8606 93.5702 0 -1 0 -0.277943 0 -0.960597 0.960597 0 -0.277943 2825.dat
1 4 16.5688 -174.659 85.2269 1 0 0 0 0.277944 0.960597 0 -0.960597 0.277944 3623.dat
1 4 16.5688 -155.447 90.7857 1 0 0 0 0.277944 0.960597 0 -0.960597 0.277944 3623.dat
1 7 41.5688 -82.8607 93.5703 0 0 -1 -0.277943 0.960598 0 0.960598 0.277943 0 4265a.dat
1 7 -8.43129 -82.8608 93.5703 0 0 1 -0.277943 -0.960598 0 0.960597 -0.277943 0 4265a.dat
0
0 FILE 8839_B steer.ldr
0 8839_B STEER
0 ROTATION CENTER 0 0 0 1 "Custom" 
0 ROTATION CONFIG 0 0
1 7 16.5686 -43.341 103.431 0 -1 0 -0.803825 0 -0.594865 0.594865 0 -0.803825 3326b.dat
1 0 16.5687 -127.605 -8.37141 0 0 1 0.599024 -0.800732 0 0.800732 0.599024 0 3708.dat
1 7 16.5687 -193.497 -96.4519 1 0 0 0 0.800732 0.599023 0 -0.599023 0.800732 3647.dat
1 0 16.5686 -42.841 153.431 0 0 1 0 1 0 -1 0 0 4519.dat
1 7 16.5686 -42.841 173.431 1 0 0 0 1 0 0 0 1 4019.dat
1 7 -22.933 -187.074 -88.7685 0 0.996661 0.0816492 -0.599024 0.0653792 -0.798058 -0.800732 -0.0489098 0.597024 3749.dat
1 7 -22.933 -193.064 -96.7759 0.996661 -0.0816493 0 0.0653792 0.798058 0.599023 -0.0489098 -0.597023 0.800732 3648b.dat
1 7 57.067 -187.074 -88.7685 0 0.996661 0.0816492 -0.599024 0.0653792 -0.798058 -0.800732 -0.0489098 0.597024 3749.dat
1 7 57.067 -193.064 -96.7759 0.996661 -0.0816493 0 0.0653792 0.798058 0.599023 -0.0489098 -0.597023 0.800732 3648b.dat
1 7 126.569 -42.8472 203.353 0 0 1 -0.156435 0.987688 0 -0.987688 -0.156435 0 3713.dat
1 0 96.5685 -42.8472 203.353 1 0 0 0 0.987688 0.156434 0 -0.156434 0.987688 3707.dat
1 7 86.5685 -42.8472 203.353 0 0 1 -0.156435 0.987688 0 -0.987688 -0.156435 0 3713.dat
1 7 34.5685 -42.8472 203.353 0 0 -1 0.156435 0.987688 0 0.987688 -0.156435 0 3650c.dat
1 4 106.569 -42.8472 203.353 0 0 -1 0.156435 0.987688 0 0.987688 -0.156435 0 3482.dat
1 0 106.569 -42.8472 203.353 0 0 -1 0.156435 0.987688 0 0.987688 -0.156435 0 56897.dat
1 4 -73.4313 -42.841 203.431 0 0 -1 0 1 0 1 0 0 3482.dat
1 0 -63.4313 -42.841 203.431 1 0 0 0 1 0 0 0 1 3707.dat
1 7 -53.4313 -42.841 203.431 0 0 -1 0 1 0 1 0 0 3713.dat
1 7 -93.4313 -42.841 203.431 0 0 -1 0 1 0 1 0 0 3713.dat
1 0 -73.4313 -42.841 203.431 0 0 1 0 1 0 -1 0 0 56897.dat
1 7 16.5687 -61.2962 79.4302 0 -1 0 -0.800731 0 -0.599024 0.599024 0 -0.800731 3712.dat
1 7 16.5686 -43.341 133.431 1 0 0 0 1 0 0 0 1 3712.dat
1 7 16.5687 -94.6585 35.6688 1 0 0 0 0.800732 0.599023 0 -0.599023 0.800732 4265a.dat
1 7 16.5687 -103.644 23.6579 -1 0 0 0 0.800732 -0.599023 0 -0.599023 -0.800732 3650a.dat
0
0
