0 FILE Main.ldr
0 Untitled
0 Name: Main.ldr
0 Author: marco
0 Unofficial Model
0 ROTATION CENTER 0 0 0 1 "Custom" 
0 ROTATION CONFIG 0 0
1 7 0 0 0 1 0 0 0 1 0 0 0 1 chassis.ldr
1 7 0 0 0 1 0 0 0 1 0 0 0 1 engine.ldr
1 7 0 0 0 1 0 0 0 1 0 0 0 1 steer.ldr
1 7 39.8 -65.8 0 1 0 0 0 1 0 0 0 1 figure.ldr
0
0 FILE chassis.ldr
0 CHASSIS
0 ROTATION CENTER 0 0 0 1 "Custom" 
0 ROTATION CONFIG 0 0
1 14 -150 -276.381 96.6143 0 0 1 0.958262 0.28589 0 -0.28589 0.958262 0 3701.dat
1 0 -140 -254.357 100.479 1 0 0 0 1 0 0 0 1 2780.dat
1 0 -80 -72 -70 1 0 0 0 1 0 0 0 1 3023.dat
1 0 -70 -88 -70 0 0 -1 0 1 0 1 0 0 2420.dat
1 0 -20 -80 -60 1 0 0 0 1 0 0 0 1 3795.dat
1 0 30 -88 -70 1 0 0 0 1 0 0 0 1 2420.dat
1 0 -20 -96 -70 1 0 0 0 1 0 0 0 1 3666.dat
1 14 -80 -104 -70 1 0 0 0 1 0 0 0 1 3023.dat
1 14 -20 -128 -70 1 0 0 0 1 0 0 0 1 3895.dat
1 14 40 -104 -70 1 0 0 0 1 0 0 0 1 3023.dat
1 14 -100 -152 -70 1 0 0 0 1 0 0 0 1 3700.dat
1 14 60 -152 -70 1 0 0 0 1 0 0 0 1 3700.dat
1 14 -50 -152 -70 1 0 0 0 1 0 0 0 1 4070.dat
1 14 10 -152 -70 1 0 0 0 1 0 0 0 1 4070.dat
1 14 -20 -160 -70 1 0 0 0 1 0 0 0 1 3460.dat
1 14 -20 -8 -20 1 0 0 0 1 0 0 0 1 3958.dat
1 14 -70 -32 80 0 0 -1 0 1 0 1 0 0 3895.dat
1 0 -20 -40 80 1 0 0 0 1 0 0 0 1 3795.dat
1 14 30 -32 80 0 0 -1 0 1 0 1 0 0 3895.dat
1 7 30 -40 20 0 0 -1 0 1 0 1 0 0 3069b.dat
1 0 30 -40 -30 0 0 -1 0 1 0 1 0 0 3623.dat
1 0 -60 -48 70 0 0 -1 0 1 0 1 0 0 3021.dat
1 0 -20 -32 50 1 0 0 0 1 0 0 0 1 3701.dat
1 0 20 -48 70 0 0 -1 0 1 0 1 0 0 3021.dat
1 0 -70 -40 -30 0 0 -1 0 1 0 1 0 0 3623.dat
1 0 -60 -32 -50 1 0 0 0 1 0 0 0 1 3700.dat
1 0 0 -32 -50 1 0 0 0 1 0 0 0 1 3701.dat
1 0 60 -32 -70 1 0 0 0 1 0 0 0 1 3894.dat
1 0 -20 -40 -70 1 0 0 0 1 0 0 0 1 3666.dat
1 0 -80 -32 -70 1 0 0 0 1 0 0 0 1 3702.dat
1 7 -70 -40 20 0 0 -1 0 1 0 1 0 0 3069b.dat
1 0 -70 -48 -40 0 0 -1 0 1 0 1 0 0 3710.dat
1 0 30 -48 -40 0 0 -1 0 1 0 1 0 0 3710.dat
1 14 40 -40 170 0 0 -1 0 1 0 1 0 0 3021.dat
1 0 50 -32 300 0 0 -1 0 1 0 1 0 0 3703.dat
1 14 40 -48 170 0 0 -1 0 1 0 1 0 0 3021.dat
1 14 -80 -40 170 0 0 -1 0 1 0 1 0 0 3021.dat
1 0 -90 -32 300 0 0 -1 0 1 0 1 0 0 3703.dat
1 14 -80 -48 170 0 0 -1 0 1 0 1 0 0 3021.dat
1 0 -20 -56 90 1 0 0 0 1 0 0 0 1 3666.dat
1 0 -20 -56 50 1 0 0 0 1 0 0 0 1 3666.dat
1 0 -70 -72 -50 -1 0 0 0 1 0 0 0 -1 4286.dat
1 0 30 -72 -50 -1 0 0 0 1 0 0 0 -1 4286.dat
1 0 -90 -40 350 0 0 -1 0 1 0 1 0 0 3623.dat
1 0 50 -40 350 0 0 -1 0 1 0 1 0 0 3623.dat
1 0 -20 -80 50 -1 0 0 0 1 0 0 0 -1 3702.dat
1 7 -20 -80 90 1 0 0 0 1 0 0 0 1 3700.dat
1 0 20 -80 90 1 0 0 0 1 0 0 0 1 3700.dat
1 0 -60 -80 90 1 0 0 0 1 0 0 0 1 3700.dat
1 0 -80 -88 80 0 0 -1 0 1 0 1 0 0 3709b.dat
1 0 40 -88 80 0 0 -1 0 1 0 1 0 0 3709b.dat
1 0 50 -112 60 0 0 -1 0 1 0 1 0 0 3700.dat
1 0 -90 -112 60 0 0 -1 0 1 0 1 0 0 3700.dat
1 0 30 -112 80 0 0 -1 0 1 0 1 0 0 3701.dat
1 0 -70 -112 80 0 0 -1 0 1 0 1 0 0 3701.dat
1 4 -80 -120 50 0 0 -1 0 1 0 1 0 0 3021.dat
1 4 40 -120 50 0 0 -1 0 1 0 1 0 0 3021.dat
1 14 30 -120 110 0 0 -1 0 1 0 1 0 0 3623.dat
1 14 -70 -120 110 0 0 -1 0 1 0 1 0 0 3623.dat
1 4 -80 -120 50 1 0 0 0 1 0 0 0 1 2717.dat
1 4 40 -120 50 1 0 0 0 1 0 0 0 1 2717.dat
1 0 -20 -72 190 1 0 0 0 1 0 0 0 1 3702.dat
1 7 -19.726 -47.8023 190.003 1 0 0 0 1 0 0 0 1 3710.dat
1 7 -19.726 -39.8023 190.003 1 0 0 0 1 0 0 0 1 3710.dat
1 0 -19.726 -31.8023 190.003 1 0 0 0 1 0 0 0 1 3701.dat
1 0 40 -72 -70 1 0 0 0 1 0 0 0 1 3023.dat
1 0 -120 -64 -70 1 0 0 0 1 0 0 0 1 3710.dat
1 14 -140 -56 -70 1 0 0 0 1 0 0 0 1 3023.dat
1 14 -20 -56 -70 1 0 0 0 1 0 0 0 1 4477.dat
1 0 -20 -64 -70 1 0 0 0 1 0 0 0 1 3666.dat
1 0 80 -64 -70 1 0 0 0 1 0 0 0 1 3710.dat
1 14 100 -56 -70 1 0 0 0 1 0 0 0 1 3023.dat
1 0 -20 -40 130 1 0 0 0 1 0 0 0 1 3666.dat
1 0 -20 -32 130 1 0 0 0 1 0 0 0 1 3701.dat
1 0 -20 -8 130 1 0 0 0 1 0 0 0 1 3666.dat
1 0 -20 -48 130 1 0 0 0 1 0 0 0 1 3710.dat
1 0 -20 -72 130 1 0 0 0 1 0 0 0 1 3701.dat
1 0 -20 -80 130 1 0 0 0 1 0 0 0 1 3710.dat
1 0 -20 -88 130 1 0 0 0 1 0 0 0 1 3460.dat
1 14 -20 -112 130 1 0 0 0 1 0 0 0 1 3895.dat
1 14 90 -120 130 -1 0 0 0 1 0 0 0 -1 2420.dat
1 14 -130 -120 130 0 0 1 0 1 0 -1 0 0 2420.dat
1 14 -110 -128 130 0 0 1 0 1 0 -1 0 0 3024.dat
1 14 70 -128 130 0 0 1 0 1 0 -1 0 0 3024.dat
1 0 -20 -120 100 0 0 -1 0 1 0 1 0 0 3709b.dat
1 0 -20 -128 130 1 0 0 0 1 0 0 0 1 3023.dat
1 14 -130 -152 20 0 0 -1 0 1 0 1 0 0 2730.dat
1 14 -140 -128 60 0 0 -1 0 1 0 1 0 0 3738.dat
1 14 100 -128 60 0 0 -1 0 1 0 1 0 0 3738.dat
1 14 90 -152 20 0 0 -1 0 1 0 1 0 0 2730.dat
1 14 -20 -152 130 1 0 0 0 1 0 0 0 1 3895.dat
1 14 -130 -160 -70 1 0 0 0 1 0 0 0 1 2420.dat
1 14 90 -160 -70 0 0 -1 0 1 0 1 0 0 2420.dat
1 14 90 -160 120 0 0 -1 0 1 0 1 0 0 3023.dat
1 15 90 -208 120 0 0 1 0 1 0 -1 0 0 4864a.dat
1 14 90 -232 110 1 0 0 0 1 0 0 0 1 3005.dat
1 14 90 -240 130 -1 0 0 0 1 0 0 0 -1 2420.dat
1 14 -20 -232 130 1 0 0 0 1 0 0 0 1 3895.dat
1 14 -130 -240 130 0 0 1 0 1 0 -1 0 0 2420.dat
1 14 -130 -160 120 0 0 -1 0 1 0 1 0 0 3023.dat
1 15 -130 -208 120 0 0 -1 0 1 0 1 0 0 4864a.dat
1 14 -130 -232 110 1 0 0 0 1 0 0 0 1 3005.dat
1 14 -20 -240 130 1 0 0 0 1 0 0 0 1 3023.dat
1 14 -20 -264 130 1 0 0 0 1 0 0 0 1 3895.dat
1 14 -20 -272 130 -1 0 0 0 1 0 0 0 -1 3023.dat
1 14 -20 -280 60 0 0 -1 0 1 0 1 0 0 3738.dat
1 14 90 -264 40 0 0 -1 0 1 0 1 0 0 3702.dat
1 14 -20 -272 -20 1 0 0 0 1 0 0 0 1 2445.dat
1 14 -130 -264 40 0 0 -1 0 1 0 1 0 0 3702.dat
1 0 -20 -48 370 1 0 0 0 1 0 0 0 1 3460.dat
1 0 -40 -40 350 0 0 -1 0 1 0 1 0 0 3021.dat
1 0 -20 -32 370 1 0 0 0 1 0 0 0 1 3701.dat
1 0 0 -40 350 0 0 -1 0 1 0 1 0 0 3021.dat
1 7 -40 -72 330 1 0 0 0 1 0 0 0 1 3700.dat
1 0 -20 -48 330 1 0 0 0 1 0 0 0 1 3460.dat
1 7 0 -72 330 1 0 0 0 1 0 0 0 1 3700.dat
1 0 -20 -32 330 1 0 0 0 1 0 0 0 1 3701.dat
1 14 -20 -8 370 1 0 0 0 1 0 0 0 1 4477.dat
1 14 -20 -8 330 1 0 0 0 1 0 0 0 1 4477.dat
1 14 -110 -32 360 0 0 -1 0 1 0 1 0 0 3702.dat
1 14 -130 -272 120 0 0 -1 0 1 0 1 0 0 3023.dat
1 14 90 -272 120 0 0 -1 0 1 0 1 0 0 3023.dat
1 14 70 -32 360 0 0 -1 0 1 0 1 0 0 3702.dat
1 7 -60 -22 -80 0 0 1 0 1 0 -1 0 0 3749.dat
1 0 -20 -23 -110 -1 0 0 0 0 -1 0 -1 0 3706.dat
1 14 40 -82.5 -110.5 0 -1 0 0 0 1 -1 0 0 2825.dat
1 14 -81 -82.5 -110.5 0 1 0 0 0 1 1 0 0 2825.dat
1 0 -20 -82.5 -110 1 0 0 0 1 0 0 0 1 3708.dat
1 7 20 -22 -80 0 0 1 0 1 0 -1 0 0 3749.dat
1 0 -20 -42.5 -110 1 0 0 0 1 0 0 0 1 3708.dat
1 0 40 -22 440 -1 0 0 0 1 0 0 0 -1 2780.dat
1 0 30 -32 460 0 0 -1 0 1 0 1 0 0 3702.dat
1 14 -20 -8 530 1 0 0 0 1 0 0 0 1 4477.dat
1 0 -20 -32 530 1 0 0 0 1 0 0 0 1 3701.dat
1 0 -120 -32 530 1 0 0 0 1 0 0 0 1 3701.dat
1 0 80 -32 530 1 0 0 0 1 0 0 0 1 3701.dat
1 0 -20 -40 530 1 0 0 0 1 0 0 0 1 4162.dat
1 0 -70 -32 460 0 0 -1 0 1 0 1 0 0 3702.dat
1 0 -80 -22 400 -1 0 0 0 1 0 0 0 -1 2780.dat
1 0 -80 -22 440 -1 0 0 0 1 0 0 0 -1 2780.dat
1 0 40 -22 400 -1 0 0 0 1 0 0 0 -1 2780.dat
1 0 60 -22 340 -1 0 0 0 1 0 0 0 -1 2780.dat
1 0 60 -22 380 -1 0 0 0 1 0 0 0 -1 2780.dat
1 0 80 -22 300 -1 0 0 0 1 0 0 0 -1 2780.dat
1 14 90 -50.4759 246.25 0 0 -1 0.3165 0.948593 0 0.948592 -0.3165 0 3702.dat
1 0 80 -60.0057 186.011 -1 0 0 0 0.939693 0.342018 0 0.342018 -0.939693 2780.dat
1 0 70 -44.2443 202.728 0 0 -1 0.939693 0.342018 0 0.342018 -0.939693 0 3701.dat
1 0 60 -22 200 -1 0 0 0 1 0 0 0 -1 2780.dat
1 0 -120 -22 300 -1 0 0 0 1 0 0 0 -1 2780.dat
1 14 -130 -50.5746 246.302 0 0 -1 0.318242 0.948009 0 0.948009 -0.318242 0 3702.dat
1 0 -120 -60.2151 186.08 -1 0 0 0 1 0 0 0 -1 2780.dat
1 0 -110 -44.2141 202.557 0 0 -1 0.939693 0.342018 0 0.342018 -0.939693 0 3701.dat
1 0 -100 -22.329 199.53 -1 0 0 0 1 0 0 0 -1 2780.dat
1 0 60 -22 -60 0 0 1 0 1 0 -1 0 0 2780.dat
1 14 70 -82 -50 0 -1 0 1 0 0 0 0 1 3702.dat
1 0 60 -142 -60 0 0 1 0 1 0 -1 0 0 2780.dat
1 0 -100 -22 -60 0 0 1 0 1 0 -1 0 0 2780.dat
1 14 -110 -82 -50 0 1 0 1 0 0 0 0 -1 3702.dat
1 0 -100 -142 -60 0 0 1 0 1 0 -1 0 0 2780.dat
1 7 -140 -22 -80 0 0 1 0 1 0 -1 0 0 4274.dat
1 0 -130 -22 -88 1 0 0 0 0 -1 0 1 0 3710.dat
1 7 100 -22 -80 0 0 1 0 1 0 -1 0 0 4274.dat
1 0 90 -22 -88 1 0 0 0 0 -1 0 1 0 3710.dat
1 0 -100 -22 380 -1 0 0 0 1 0 0 0 -1 2780.dat
1 0 -100 -22 340 -1 0 0 0 1 0 0 0 -1 2780.dat
1 0 -20 -22 140 0 0 1 0 1 0 -1 0 0 2780.dat
1 0 -30 -82 150 0 1 0 1 0 0 0 0 -1 3702.dat
1 0 -20 -62 140 0 0 1 0 1 0 -1 0 0 2780.dat
1 0 -20 -142 140 0 0 1 0 1 0 -1 0 0 2780.dat
1 0 40 -22 180 -1 0 0 0 1 0 0 0 -1 2780.dat
1 0 40 -22 160 -1 0 0 0 1 0 0 0 -1 2780.dat
1 0 -80 -22 180 -1 0 0 0 1 0 0 0 -1 2780.dat
1 0 -80 -22 160 -1 0 0 0 1 0 0 0 -1 2780.dat
1 0 80 -222 140 0 0 1 0 1 0 -1 0 0 2780.dat
1 0 90 -182 150 0 -1 0 -1 0 0 0 0 -1 3894.dat
1 0 80 -142 140 0 0 1 0 1 0 -1 0 0 2780.dat
1 0 -120 -80 -70 1 0 0 0 1 0 0 0 1 3710.dat
1 0 -120 -96 -70 1 0 0 0 1 0 0 0 1 3710.dat
1 0 80 -96 -70 1 0 0 0 1 0 0 0 1 3710.dat
1 0 80 -80 -70 1 0 0 0 1 0 0 0 1 3710.dat
1 0 80 -142 60 1 0 0 0 1 0 0 0 1 2780.dat
1 14 -130 -280 130 -1 0 0 0 1 0 0 0 -1 60897.dat
1 0 -129.65 -272 150.35 1 0 0 0 1 0 0 0 1 2569.dat
1 0 -140 -142 -60 1 0 0 0 1 0 0 0 1 2780.dat
1 14 -150 -201.869 -49.2407 0 0 -1 -0.941761 0.336282 0 0.336282 0.941761 0 3702.dat
1 0 -140 -254 -20 1 0 0 0 1 0 0 0 1 2780.dat
1 0 -120 -142 60 1 0 0 0 1 0 0 0 1 2780.dat
1 0 -120 -142 40 1 0 0 0 1 0 0 0 1 2780.dat
1 0 100 -142 -60 1 0 0 0 1 0 0 0 1 2780.dat
1 14 110 -201.869 -49.2407 0 0 -1 -0.941761 0.336282 0 0.336282 0.941761 0 3702.dat
1 0 100 -254 -20 1 0 0 0 1 0 0 0 1 2780.dat
1 0 80 -142 40 1 0 0 0 1 0 0 0 1 2780.dat
1 0 -120 -142 140 0 0 1 0 1 0 -1 0 0 2780.dat
1 0 -130 -182 150 0 1 0 -1 0 0 0 0 1 3894.dat
1 0 -120 -222 140 0 0 1 0 1 0 -1 0 0 2780.dat
1 0 -0.274124 -61.7916 320.003 0 1 0 0 0 1 1 0 0 2780.dat
1 7 32.9136 -65.033 300.003 -0.673819 -0.738896 0 -0.738896 0.67382 0 0 0 -1 2850.dat
1 0 26.3092 -32.4004 279.992 0 0.996195 0.0871555 0 -0.0871554 0.996195 1 0 0 2780.dat
1 7 32.9117 -65.0796 260 -0.673819 -0.738896 0 -0.738896 0.67382 0 0 0 -1 2850.dat
1 0 -0.643566 -61.9562 279.991 0 0.996195 0.0871555 0 -0.0871554 0.996195 1 0 0 2780.dat
1 0 -0.64368 -61.9593 239.992 0 0.996195 0.0871555 0 -0.0871554 0.996195 1 0 0 2780.dat
1 7 32.9115 -65.0827 220.003 -0.673819 -0.738896 0 -0.738896 0.67382 0 0 0 -1 2850.dat
1 0 26.3091 -32.4034 239.992 0 0.996195 0.0871555 0 -0.0871554 0.996195 1 0 0 2780.dat
1 0 0.273979 -61.8023 200.003 0 1 0 0 0 1 1 0 0 2780.dat
1 7 26.3092 -32.4004 319.992 0 0 -1 0 1 0 1 0 0 4274.dat
1 0 -40 -62 320 0 1 0 0 0 1 1 0 0 2780.dat
1 7 -71.9133 -65.0331 300.003 0.673822 0.738894 0 -0.738894 0.673822 0 0 0 1 2850.dat
1 0 -39.3562 -61.9562 280.015 0 0.996195 -0.0871555 0 0.0871556 0.996195 1 0 0 2780.dat
1 7 -71.9153 -64.9926 260.003 0.673822 0.738894 0 -0.738894 0.673822 0 0 0 1 2850.dat
1 0 -39.3563 -61.9593 240.015 0 0.996195 -0.0871555 0 0.0871556 0.996195 1 0 0 2780.dat
1 7 -71.9152 -64.9956 220.003 0.673822 0.738894 0 -0.738894 0.673822 0 0 0 1 2850.dat
1 0 -66.3092 -32.4035 240.015 0 0.996195 -0.0871555 0 0.0871556 0.996195 1 0 0 2780.dat
1 0 -39.3566 -61.9623 200.015 0 1 0 0 0 1 1 0 0 2780.dat
1 0 -66.3091 -32.4005 280.015 0 0.996195 -0.0871555 0 0.0871556 0.996195 1 0 0 2780.dat
1 7 -66.3091 -32.4005 320.015 0 0 -1 0 1 0 1 0 0 4274.dat
1 0 -19.726 -61.8023 180.003 0 1 0 0 0 1 1 0 0 2780.dat
1 0 -9.22601 -42.3038 170.003 0 -1 0 1 0 0 0 0 1 3701.dat
1 0 100 -254 100 1 0 0 0 1 0 0 0 1 2780.dat
1 14 110 -276.024 96.1352 0 0 1 0.958262 0.28589 0 -0.28589 0.958262 0 3701.dat
1 0 100 -292.688 111.915 1 0 0 0 0.958262 0.285891 0 -0.285891 0.958262 2780.dat
1 0 80 -298.003 103.043 1 0 0 0 0.565132 -0.825001 0 0.825001 0.565132 2444.dat
1 14 60 -302.72 96.9981 1 0 0 0 0.565132 -0.825001 0 0.825001 0.565132 3031.dat
1 0 -140 -292.688 111.915 1 0 0 0 0.958262 0.285891 0 -0.285891 0.958262 2780.dat
1 0 -120 -298.003 103.043 -1 0 0 0 0.565132 0.825001 0 0.825001 -0.565132 2444.dat
1 14 -100 -302.72 96.9981 1 0 0 0 0.565132 -0.825001 0 0.825001 0.565132 3031.dat
1 7 40 -22 10 0 1 0 0 0 1 1 0 0 3023.dat
1 7 -80 -22 10 0 -1 0 0 0 1 -1 0 0 3023.dat
1 7 -20 -8 50 1 0 0 0 1 0 0 0 1 2719.dat
1 7 -20 -40 50 1 0 0 0 1 0 0 0 1 2719.dat
1 15 -20 -142 -84 1 0 0 0 0 -1 0 1 0 2431pt0.dat
1 7 -56 -22.5 -110.5 0 0 -1 0 1 0 1 0 0 4265a.dat
1 7 15 -22.5 -110.5 0 0 1 0 1 0 -1 0 0 4265a.dat
1 7 -133 -82 -110 0 0 -1 0 1 0 1 0 0 4265a.dat
1 7 -135 -42 -110 0 0 -1 0 1 0 1 0 0 4265a.dat
1 7 -86 -42 -110 0 0 -1 0 1 0 1 0 0 4265a.dat
1 7 44 -42 -110 0 0 1 0 1 0 -1 0 0 4265a.dat
1 7 95 -42 -110 0 0 1 0 1 0 -1 0 0 4265a.dat
1 7 95 -82 -110 0 0 1 0 1 0 -1 0 0 4265a.dat
1 7 -60 -22 -90 1 0 0 0 1 0 0 0 1 4273b.dat
1 7 20 -22 -90 -1 0 0 0 -1 0 0 0 1 4273b.dat
1 15 -150 -12.5 -96 1 0 0 0 0 -1 0 1 0 4150p01.dat
1 15 -110 -12.5 -96 1 0 0 0 0 -1 0 1 0 4150p01.dat
1 15 70 -12.5 -96 1 0 0 0 0 -1 0 1 0 4150p01.dat
1 15 110 -12.5 -96 1 0 0 0 0 -1 0 1 0 4150p01.dat
0 
0
0 FILE steer.ldr
0 STEER
0 Name: C:\USERS\USER\DESKTOP\POLAR\STEER.LDR
0 Author: LEGO Digital Designer 4.3
0 WORLD  -311.6109 -197.6492 144.9585 0.7563697 -0.05837468 0.6515295 0.2188746 0.961188 -0.1679743 -0.6164379 0.2696573 0.7397877
0 CENTRE  0 0 0
0 LOOKAT  -262 -310 232
0 ZOOM  58
0 ROTANGLE 0
0 ROTATION CENTER 0 0 0 1 "Custom" 
0 ROTATION CONFIG 0 0
1 7 70 -34 10 0 0 1 1 0 0 0 1 0 3749.dat
1 0 90 -22 50 1 0 0 0 1 0 0 0 1 3705.dat
1 7 90 -22 50 0 0 1 0 1 0 -1 0 0 3713.dat
1 0 -20 -70 60 0 0 1 0 1 0 -1 0 0 3706.dat
1 7 -20 -70 70 -1 0 0 0 1 0 0 0 -1 3713.dat
1 7 -20 -70 30 1 0 0 0 1 0 0 0 1 3647.dat
1 7 -20 -70 111 -1 0 0 0 1 0 0 0 -1 3650c.dat
1 7 -20 -70 10 1 0 0 0 1 0 0 0 1 3647.dat
1 0 -19.9453 -214 80.497 0 0.10943 0.993995 1 0 0 0 0.993995 -0.10943 3708.dat
1 46 -19.9453 -334 80.497 0.993995 0 0.109429 0 1 0 -0.109429 0 0.993995 6143.dat
1 7 -19.9453 -104 80.497 0.993995 -0.10943 0 0 0 1 -0.10943 -0.993995 0 3648b.dat
1 14 -20 -342 80 0.993995 0 0.109429 0 1 0 -0.109429 0 0.993995 4150.dat
1 14 -20 -310 80 0.993995 0 0.109429 0 1 0 -0.109429 0 0.993995 4032a.dat
1 7 -20 -56 10 1 0 0 0 1 0 0 0 1 3743.dat
1 7 -110 -34 10 0 0 1 1 0 0 0 1 0 3749.dat
1 0 -130 -22 50 -1 0 0 0 1 0 0 0 -1 3705.dat
1 7 -130 -22 50 0 0 -1 0 1 0 1 0 0 3713.dat
1 7 -20 -48 10 1 0 0 0 1 0 0 0 1 2719.dat
1 7 -19.9453 -129 80.497 0.993995 0.109431 0 0 0 -1 -0.109431 0.993995 0 4265a.dat
1 7 55 -22 50 0 0 -1 0 1 0 1 0 0 4265a.dat
1 7 -95 -22 50 0 0 1 0 1 0 -1 0 0 4265a.dat
1 7 -19.9453 -289 80.497 0.993995 0.109431 0 0 0 -1 -0.109431 0.993995 0 4265a.dat
1 7 70 -32 50 -1 0 0 0 1 0 0 0 -1 4261.dat
1 7 -110 -32 50 -1 0 0 0 1 0 0 0 -1 4261.dat
0 Assembly 3
1 15 113 -22 50 0 0 -1 0 1 0 1 0 0 4266.dat
0 Assembly 3
1 256 113 -22 50 0 0 -1 0 1 0 1 0 0 4267.dat
0 Assembly 5
1 15 -153 -22 50 0 0 1 0 1 0 -1 0 0 4266.dat
0 Assembly 5
1 256 -153 -22 50 0 0 1 0 1 0 -1 0 0 4267.dat
0
0 FILE engine.ldr
0 ENGINE
0 Name: C:\USERS\USER\DESKTOP\POLAR\ENGINE.LDR
0 Author: LEGO Digital Designer 4.3
0 WORLD  204.9408 -212.8684 228.2389 0.083484 -0.06773136 0.9942085 0.3823361 0.9235072 0.0308093 -0.9202435 0.3775478 0.1029957
0 CENTRE  -20 -23 190
0 LOOKAT  465 -188 344
0 ZOOM  56
0 ROTANGLE 0
0 ROTATION CENTER 0 0 0 1 "Custom" 
0 ROTATION CONFIG 0 0
1 8 5.84507 -40.1941 259.998 0 -0.748524 -0.663108 0 0.663108 -0.748524 1 0 0 2851.dat
1 7 -30.0217 -22.4861 259.998 0.4427 -0.89667 0 0.89667 0.4427 0 0 0 1 2852.dat
1 7 -20 -22.5068 220 -1 0 0 0 -1 0 0 0 1 2853.dat
1 7 -20 -22.5068 240 1 0 0 0 -1 0 0 0 -1 2854.dat
1 7 -20 -22.5053 280 1 0 0 0 1 0 0 0 1 2854.dat
1 7 -20 -22.5053 300 -1 0 0 0 1 0 0 0 -1 2853.dat
1 0 -20 -22.0038 350 0 0 1 0 1 0 -1 0 0 3705.dat
1 7 -10 -22.0038 300 -0.4427 0.89667 0 0.89667 0.4427 0 0 0 -1 2852.dat
1 8 -45.8668 -40.2103 300 0 0.738893 0.673823 0 0.673823 -0.738893 -1 0 0 2851.dat
1 7 -10 -22.5068 220 -0.4427 0.89667 0 0.89667 0.4427 0 0 0 -1 2852.dat
1 8 -45.8668 -40.2148 220 0 0.738893 0.673823 0 0.673823 -0.738893 -1 0 0 2851.dat
1 7 -30 -22.5053 260 -0.729105 0.684402 0 0.684402 0.729105 0 0 0 -1 2852.dat
1 8 -57.3761 -51.6695 260 0 0.736926 0.675974 0 0.675974 -0.736926 -1 0 0 2851.dat
1 7 -10 -22.0038 300 0.729105 -0.684402 0 0.684402 0.729105 0 0 0 1 2852.dat
1 8 17.3761 -51.6665 300 0 -0.748524 -0.663108 0 0.663108 -0.748524 1 0 0 2851.dat
1 7 -10 -22.5068 220 0.729105 -0.684402 0 0.684402 0.729105 0 0 0 1 2852.dat
1 8 17.3761 -51.671 220 0 -0.748524 -0.663108 0 0.663108 -0.748524 1 0 0 2851.dat
1 0 60 -22 420 -1 0 0 0 1 0 0 0 -1 3707.dat
1 7 90 -22 420 0 0 1 0 1 0 -1 0 0 3713.dat
1 0 -100.5 -22 420 -1 0 0 0 1 0 0 0 -1 3707.dat
1 7 -130.5 -22 420 0 0 -1 0 1 0 1 0 0 3713.dat
1 7 -20.5 -22 420 0 0 -1 -1 0 0 0 1 0 73071.dat
1 7 -20 -22.5023 382 -1 0 0 0 1 0 0 0 -1 4143.dat
1 7 -36.5 -22 420 0 0 -1 0 1 0 1 0 0 4143.dat
1 7 -20.5 -22 436 0.977593 0.210502 0 -0.210502 0.977593 0 0 0 1 4143.dat
1 7 -4 -22 420 0 0 1 0 1 0 -1 0 0 4143.dat
1 0 -20 -22.5068 190 0 0 1 0 1 0 -1 0 0 3704.dat
1 0 -30 -22.5053 260 0 0 1 0 1 0 -1 0 0 3704.dat
0 Assembly 2
1 15 113 -22 420 0 0 -1 0 1 0 1 0 0 4266.dat
0 Assembly 2
1 256 113 -22 420 0 0 -1 0 1 0 1 0 0 4267.dat
0 Assembly 4
1 15 -153.5 -22 420 0 0 1 0 1 0 -1 0 0 4266.dat
0 Assembly 4
1 256 -153.5 -22 420 0 0 1 0 1 0 -1 0 0 4267.dat
0
0 FILE figure.ldr
0 Name: figure.ldr
0 ROTATION CENTER 0 0 0 1 "Custom" 
0 ROTATION CONFIG 0 0
1 15 0 -80.741 52.952 1 0 0 0 0.984808 0.173648 0 -0.173648 0.984808 2699.dat
1 15 0 -80.741 52.952 1 0 0 0 0.984808 0.173648 0 -0.173648 0.984808 2698.dat
1 15 0 -80.741 52.952 1 0 0 0 0.984808 0.173648 0 -0.173648 0.984808 2710.dat
1 15 15 -64 50 1 0 0 0 0 1 0 -1 0 2703.dat
1 15 -15 -64 50 1 0 0 0 0 1 0 -1 0 2709.dat
1 15 -10 -64 10 1 0 0 0 0.902586 0.430511 0 -0.430511 0.902586 2704.dat
1 15 10 -64 10 1 0 0 0 0.902586 0.430511 0 -0.430511 0.902586 2704.dat
1 0 10 -27.897 -7.219 1 0 0 0 0.902586 0.430511 0 -0.430511 0.902586 2706.dat
1 0 -10 -27.897 -7.219 1 0 0 0 0.902586 0.430511 0 -0.430511 0.902586 2706.dat
1 14 0 -133.921 62.33 1 0 0 0 1 0 0 0 1 2707p06.dat
1 0 0 -175.921 62.329 1 0 0 0 1 0 0 0 1 2708.dat
1 4 0 -164.143 61.619 1 0 0 0 0.979925 0.199368 0 -0.199368 0.979925 2715.dat
1 47 0 -164.143 61.619 1 0 0 0 0.979925 0.199368 0 -0.199368 0.979925 2716.dat
1 1 26.2 -126.043 60.94 0 0 -1 -0.139173 0.990268 0 0.990268 0.139173 0 2701.dat
1 1 26.2 -126.043 60.94 0 0 -1 -0.139173 0.990268 0 0.990268 0.139173 0 2705.dat
1 1 26.2 -126.043 60.94 0.939693 0 -0.34202 -0.0476005 0.990268 -0.13078 0.338691 0.139173 0.930547 2700.dat
1 1 36.802 -121.99 32.098 0.939693 0 -0.34202 -0.0476005 0.990268 -0.13078 0.338691 0.139173 0.930547 2701.dat
1 1 36.802 -121.99 32.098 0.939693 0 -0.34202 -0.0476005 0.990268 -0.13078 0.338691 0.139173 0.930547 2705.dat
1 1 36.802 -121.99 32.098 0.996195 0 0.0871557 0.0121297 0.990268 -0.138644 -0.0863076 0.139173 0.9865 2700.dat
1 14 33.797 -117.205 -1.946 -0.996195 0 0.0871557 -0.0121297 -0.990268 -0.138644 0.0863076 -0.139173 0.9865 2702.dat
1 1 -26.2 -126.043 60.94 0 0 1 -0.139173 -0.990268 0 0.990268 -0.139173 0 2701.dat
1 1 -26.2 -126.043 60.94 0 0 1 -0.139173 -0.990268 0 0.990268 -0.139173 0 2705.dat
1 1 -26.2 -126.043 60.94 -0.965926 0 0.258819 -0.0360209 -0.990268 -0.134431 0.256301 -0.139173 0.956525 2700.dat
1 1 -34.223 -121.875 31.29 -0.965926 0 0.258819 -0.0360209 -0.990268 -0.134431 0.256301 -0.139173 0.956525 2701.dat
1 1 -34.223 -121.875 31.29 -0.965926 0 0.258819 -0.0360209 -0.990268 -0.134431 0.256301 -0.139173 0.956525 2705.dat
1 1 -34.223 -121.875 31.29 -0.965926 0 -0.258819 0.0360209 -0.990268 -0.134431 -0.256301 -0.139173 0.956525 2700.dat
1 14 -25.295 -117.237 -1.716 0.965926 0 -0.258819 -0.0360209 0.990268 -0.134431 0.256301 0.139173 0.956525 2702.dat
0 
0 
0 
0 
0
0
