0 FILE Main.ldr
0 Untitled
0 Name: Main.ldr
0 Author: MLCad
0 Unofficial Model
0 ROTATION CENTER 0 0 0 1 "Custom" 
0 ROTATION CONFIG 0 0
1 7 0 0 0 0.999924 0.0087262 0.00872654 -0.00841668 0.999355 -0.0348982 -0.00902544 0.0348221 0.999353 chassis.ldr
1 7 0.572 3.061 1.731 0.999963 0.00865039 0 -0.00865005 0.999925 -0.0087262 -7.58173e-005 0.00872587 0.999962 hose.ldr
1 7 41.472 3.061 2.031 -0.999809 0.00865038 0 -0.00865005 0.999925 -0.0087262 -0.0175276 0.00872587 0.999962 hose.ldr
1 7 0 0 0 0.999924 0.0087262 0.00872654 -0.00841668 0.999355 -0.0348982 -0.00902544 0.0348221 0.999353 spoiler.dat
1 7 0 0 0 0.999924 0.0087262 0.00872654 -0.00841668 0.999355 -0.0348982 -0.00902544 0.0348221 0.999353 steer.ldr
1 7 0 0 0 0.999924 0.0087262 0.00872654 -0.00841668 0.999355 -0.0348982 -0.00902544 0.0348221 0.999353 engine.ldr
0
0 FILE chassis.ldr
0 CHASSIS
0 ROTATION CENTER 0 0 0 1 "Custom" 
0 ROTATION CONFIG 0 0
1 4 51.2264 -115.292 28.0137 0.0110977 -1 0.00641477 -0.901528 -0.00722981 0.432661 -0.432579 -0.0105846 -0.901534 2825.dat
1 0 21.6066 -89.0981 -26.1796 1 0.00641482 -0.0110983 0.00723062 0.43266 0.901528 0.0105849 -0.901534 0.432578 3705.dat
1 4 -8.76705 -115.725 27.3786 -0.0110981 1 0.00641461 0.901528 0.00723058 0.43266 0.432578 0.0105847 -0.901534 2825.dat
1 0 21.9972 -62.9222 -80.7225 1 0.00641482 -0.0110983 0.00723062 0.43266 0.901528 0.0105849 -0.901534 0.432578 3705.dat
1 4 -8.00282 -63.1391 -81.04 -0.0110981 -1 -0.00641486 0.901528 -0.00723037 -0.43266 0.432578 -0.0105848 0.901534 2825.dat
1 4 51.9972 -62.7053 -80.4049 0.0110979 1 -0.00641484 -0.901528 0.00723025 -0.43266 -0.432578 0.0105848 0.901534 2825.dat
1 0 20.5102 -62.7456 59.9827 1 -0.00723026 -0.0105806 0.00722821 1 0 0.010582 0 1 3706.dat
1 0 33.7553 -72.5289 -240.158 -0.0105834 -0.00723239 -1 0 1 -0.00723034 1 0 -0.0105848 3895.dat
1 0 22.7548 -80.6012 -140.264 -0.0105834 -0.00723239 -1 0 1 -0.00723034 1 0 -0.0105848 3709b.dat
1 0 22.5234 -48.6012 -140.264 -0.0105834 -0.00723239 -1 0 1 -0.00723034 1 0 -0.0105848 3795.dat
1 0 13.9677 -72.6974 -260.372 -0.0105834 -0.00723239 -1 0 1 -0.00723034 1 0 -0.0105848 2730.dat
1 0 11.6393 -72.6974 -40.3719 -0.0105834 -0.00723239 -1 0 1 -0.00723034 1 0 -0.0105848 3895.dat
1 0 31.4277 -72.5527 -20.1602 -0.0105834 -0.00723239 -1 0 1 -0.00723034 1 0 -0.0105848 2730.dat
1 0 23.9205 -80.5966 -250.263 1 -0.00723041 -0.0105805 0.00722836 1 0 0.0105819 0 1 3023.dat
1 4 21.2457 -120.663 29.7133 1 -0.00723041 -0.0105805 0.00722836 1 0 0.0105819 0 1 3700.dat
1 0 1.01426 -88.808 29.5053 -1 -0.00723241 0.0105847 -0.00723035 1 0 -0.0105861 0 -1 3023.dat
1 0 41.0143 -88.5188 29.9286 -1 -0.00723241 0.0105847 -0.00723035 1 0 -0.0105861 0 -1 3023.dat
1 0 20.9572 -80.6476 29.7247 1 -0.00723041 -0.0105805 0.00722836 1 0 0.0105819 0 1 3710.dat
1 0 20.7258 -48.6476 29.7244 1 -0.00723041 -0.0105805 0.00722836 1 0 0.0105819 0 1 3710.dat
1 0 -9.99371 -80.9014 119.397 -0.0105834 -0.00723239 -1 0 1 -0.00723034 1 0 -0.0105848 3023.dat
1 0 -10.054 -72.8814 119.407 -0.0105834 -0.00723239 -1 0 1 -0.00723034 1 0 -0.0105848 3895.dat
1 0 19.3515 -48.6848 159.715 1 -0.00723041 -0.0105805 0.00722836 1 0 0.0105819 0 1 3709b.dat
1 0 49.946 -72.4778 120.035 -0.0105834 -0.00723239 -1 0 1 -0.00723034 1 0 -0.0105848 3895.dat
1 0 50.0014 -80.4676 120.033 -0.0105834 -0.00723239 -1 0 1 -0.00723034 1 0 -0.0105848 3023.dat
1 0 19.4069 -56.6944 159.717 1 -0.00723041 -0.0105805 0.00722836 1 0 0.0105819 0 1 4032a.dat
1 0 -30.6074 -113.064 199.176 -0.0105834 -0.00723239 -1 0 1 -0.00723034 1 0 -0.0105848 3700.dat
1 0 -30.7809 -89.0638 199.176 -0.0105834 -0.00723239 -1 0 1 -0.00723034 1 0 -0.0105848 3023.dat
1 0 -20.8405 -80.9739 199.292 1 -0.00723041 -0.0105805 0.00722836 1 0 0.0105819 0 1 3022.dat
1 0 69.3845 -112.341 200.234 -0.0105834 -0.00723239 -1 0 1 -0.00723034 1 0 -0.0105848 3700.dat
1 0 69.2109 -88.3408 200.234 -0.0105834 -0.00723239 -1 0 1 -0.00723034 1 0 -0.0105848 3023.dat
1 0 59.1546 -80.3955 200.139 1 -0.00723041 -0.0105805 0.00722836 1 0 0.0105819 0 1 3022.dat
1 0 -21.0718 -48.9739 199.292 1 -0.00723041 -0.0105805 0.00722836 1 0 0.0105819 0 1 3022.dat
1 0 58.9233 -48.3955 200.139 1 -0.00723041 -0.0105805 0.00722836 1 0 0.0105819 0 1 3022.dat
1 0 -32.3792 -73.0654 339.186 -0.0105834 -0.00723239 -1 0 1 -0.00723034 1 0 -0.0105848 3703.dat
1 0 18.104 -192.532 349.684 1 -0.00723041 -0.0105805 0.00722836 1 0 0.0105819 0 1 6541.dat
1 0 17.9304 -168.532 349.684 1 -0.00723041 -0.0105805 0.00722836 1 0 0.0105819 0 1 3794a.dat
1 0 17.8725 -160.533 349.688 1 -0.00723041 -0.0105805 0.00722836 1 0 0.0105819 0 1 3023.dat
1 0 17.8147 -152.534 349.689 1 -0.00723041 -0.0105805 0.00722836 1 0 0.0105819 0 1 3701.dat
1 0 17.6411 -128.534 349.69 1 -0.00723041 -0.0105805 0.00722836 1 0 0.0105819 0 1 3710.dat
1 0 17.5832 -120.534 349.694 1 -0.00723041 -0.0105805 0.00722836 1 0 0.0105819 0 1 3666.dat
1 0 -12.4746 -112.751 349.378 1 -0.00723041 -0.0105805 0.00722836 1 0 0.0105819 0 1 6541.dat
1 0 17.5254 -112.534 349.695 1 -0.00723041 -0.0105805 0.00722836 1 0 0.0105819 0 1 3700.dat
1 0 47.5254 -112.318 350.013 1 -0.00723041 -0.0105805 0.00722836 1 0 0.0105819 0 1 6541.dat
1 1 17.3543 -88.5346 349.697 1 -0.00723041 -0.0105805 0.00722836 1 0 0.0105819 0 1 3666.dat
1 0 -32.4303 -81.0994 349.171 0.0105834 -0.00723239 1 0 1 0.00723034 -1 0 0.0105848 4081b.dat
1 0 67.5697 -80.3764 350.229 -0.0105834 -0.00723239 -1 0 1 -0.00723034 1 0 -0.0105848 4081b.dat
1 0 67.6143 -72.3424 340.244 -0.0105834 -0.00723239 -1 0 1 -0.00723034 1 0 -0.0105848 3703.dat
1 0 -32.7438 -81.0973 379.174 -0.0105834 -0.00723239 -1 0 1 -0.00723034 1 0 -0.0105848 3023.dat
1 0 67.2481 -80.3743 380.233 -0.0105834 -0.00723239 -1 0 1 -0.00723034 1 0 -0.0105848 3023.dat
1 0 -32.9398 -113.099 419.171 -0.0105834 -0.00723239 -1 0 1 -0.00723034 1 0 -0.0105848 3702.dat
1 0 -33.8501 -89.1149 489.163 0.0105831 -0.00723239 1 0 1 0.00723034 -1 0 0.0105846 2420.dat
1 0 -33.8021 -81.0973 479.174 -0.0105834 -0.00723239 -1 0 1 -0.00723034 1 0 -0.0105848 3023.dat
1 0 67.0602 -112.376 420.229 -0.0105834 -0.00723239 -1 0 1 -0.00723034 1 0 -0.0105848 3702.dat
1 0 66.1418 -88.3918 490.222 -1 -0.00723241 0.0105847 -0.00723035 1 0 -0.0105861 0 -1 2420.dat
1 0 66.1897 -80.3743 480.233 -0.0105834 -0.00723239 -1 0 1 -0.00723034 1 0 -0.0105848 3023.dat
1 1 20.1195 -96.6841 119.712 1 -0.00723043 -0.0105805 0.00722838 1 0 0.0105819 0 1 3020.dat
1 1 -0.0375766 -88.824 129.478 -1 -0.00774653 0.00845558 -0.00774306 1 0.000442585 -0.00845876 0.000377083 -1 2452.dat
1 1 39.8955 -88.4676 130.032 -1 0 0 0 1 0 0 0 -1 2452.dat
1 0 19.8949 -182.701 199.694 1 -0.00723024 -0.0105806 0.00722819 1 0 0.010582 0 1 4519.dat
1 7 19.8949 -182.701 199.694 -0.0105831 -0.00723239 -1 0 1 -0.00723034 1 0 -0.0105845 3713.dat
1 0 -0.105097 -182.845 199.482 0.0105834 -1 -0.00723239 0 -0.00723035 1 -1 -0.0105848 0 2825.dat
1 0 39.8949 -182.556 199.906 -0.0105833 1 -0.00723236 0 0.00723043 1 1 0.0105848 0 2825.dat
1 0 19.4661 -123.201 199.694 1 -0.00723024 -0.0105806 0.00722819 1 0 0.010582 0 1 3705.dat
1 7 19.4609 -122.702 199.703 -0.0105831 -0.00723239 -1 0 1 -0.00723034 1 0 -0.0105845 3713.dat
1 7 9.02697 -62.7743 199.598 -0.0105833 -1 0.00723245 0 -0.00723034 -1 1 -0.0105848 0 2825.dat
1 7 29.027 -62.6298 199.809 0.0105836 1 0.00723234 0 0.00723036 -1 -1 0.0105849 0 2825.dat
1 0 19.031 -62.7359 199.703 1 -0.00723024 -0.0105806 0.00722819 1 0 0.010582 0 1 3706.dat
1 0 19.7554 -163.201 199.694 1 -0.00723024 -0.0105806 0.00722819 1 0 0.010582 0 1 3705.dat
1 0 -10.6837 -102.919 199.386 -0.0105833 -1 0.00723245 0 -0.00723034 -1 1 -0.0105848 0 2825.dat
1 0 49.3163 -102.485 200.021 0.0105836 1 0.00723234 0 0.00723036 -1 -1 0.0105849 0 2825.dat
1 0 19.3203 -102.703 199.705 1 -0.00723024 -0.0105806 0.00722819 1 0 0.010582 0 1 3706.dat
1 7 -30.6903 -136.876 249.175 1 -0.00723041 -0.0105805 0.00722836 1 0 0.0105819 0 1 4081b.dat
1 7 19.2519 -128.515 249.705 1 -0.00723041 -0.0105805 0.00722836 1 0 0.0105819 0 1 3666.dat
1 7 69.3056 -136.153 250.235 1 -0.00723041 -0.0105805 0.00722836 1 0 0.0105819 0 1 4081b.dat
1 7 19.4214 -152.515 249.706 1 -0.00723041 -0.0105805 0.00722836 1 0 0.0105819 0 1 3701.dat
1 7 19.1899 -120.515 249.706 1 -0.00723041 -0.0105805 0.00722836 1 0 0.0105819 0 1 3710.dat
1 7 -10.8679 -112.732 249.39 1 -0.00723041 -0.0105805 0.00722836 1 0 0.0105819 0 1 6541.dat
1 7 19.1321 -112.515 249.707 1 -0.00723041 -0.0105805 0.00722836 1 0 0.0105819 0 1 3700.dat
1 7 49.1321 -112.298 250.025 1 -0.00723041 -0.0105805 0.00722836 1 0 0.0105819 0 1 6541.dat
1 0 18.961 -88.515 249.708 1 -0.00723041 -0.0105805 0.00722836 1 0 0.0105819 0 1 3710.dat
1 0 18.632 -80.7359 249.703 1 -0.00723041 -0.0105805 0.00722836 1 0 0.0105819 0 1 3666.dat
1 0 17.4397 -120.753 389.692 1 -0.00723041 -0.0105805 0.00722836 1 0 0.0105819 0 1 3666.dat
1 0 17.3778 -112.746 389.693 1 -0.00723041 -0.0105805 0.00722836 1 0 0.0105819 0 1 3701.dat
1 1 17.2082 -88.745 389.7 1 -0.00723041 -0.0105805 0.00722836 1 0 0.0105819 0 1 3666.dat
1 0 16.3813 -120.753 489.692 1 -0.00723041 -0.0105805 0.00722836 1 0 0.0105819 0 1 3666.dat
1 0 16.3234 -112.77 489.692 1 -0.00723041 -0.0105805 0.00722836 1 0 0.0105819 0 1 3701.dat
1 0 16.0723 -48.7359 469.703 1 -0.00723041 -0.0105805 0.00722836 1 0 0.0105819 0 1 3666.dat
1 0 37.8482 -142.389 339.902 -0.0105838 0.995196 0.0973273 0 -0.0973343 0.995252 1 0.0105184 0.00118541 2780.dat
1 7 71.2156 -146.011 320.254 -0.681298 -0.731929 0.0105803 -0.731969 0.681338 0 -0.00731608 -0.00764458 -1 2850.dat
1 0 65.1597 -113.264 300.183 -0.0105838 0.995196 0.0973273 0 -0.0973343 0.995252 1 0.0105184 0.00118541 2780.dat
1 7 71.6388 -146.005 280.258 -0.681301 -0.731927 0.0105844 -0.731967 0.68134 0 -0.00730066 -0.00766448 -1 2850.dat
1 0 39.2432 -142.369 259.914 -0.010584 1 -0.00723151 0 0.00723037 1 1 0.0105849 0 2780.dat
1 0 37.9078 -142.543 299.89 -0.0105838 0.995196 0.0973273 0 -0.0973343 0.995252 1 0.0105184 0.00118541 2780.dat
1 7 65.5829 -113.258 260.184 0.0105834 -0.00723239 1 0 1 0.00723034 -1 0 0.0105848 4274.dat
1 0 -0.756812 -142.659 259.491 -0.010584 1 -0.00723151 0 0.00723037 1 1 0.0105849 0 2780.dat
1 7 -33.0715 -146.703 279.151 0.691816 0.721997 -0.010584 -0.722038 0.691853 0 0.00720979 0.00775008 1 2850.dat
1 7 -28.0634 -113.935 259.217 0.0105834 -0.00723239 1 0 1 0.00723034 -1 0 0.0105848 4274.dat
1 0 -0.814111 -142.817 299.505 -0.0105841 0.993684 -0.111711 0 0.111716 0.99374 1 0.0105353 -0.00102754 2780.dat
1 7 -33.4977 -146.657 319.149 0.691816 0.721997 -0.0105839 -0.722038 0.691853 0 0.0072098 0.00775003 1 2850.dat
1 0 -28.4865 -113.942 299.214 -0.0105841 0.993684 -0.111711 0 0.111716 0.99374 1 0.0105353 -0.00102754 2780.dat
1 0 -1.23724 -142.823 339.503 -0.0105841 0.993684 -0.111711 0 0.111716 0.99374 1 0.0105353 -0.00102754 2780.dat
1 1 -0.0465709 -114.115 157.157 -0.00514513 -0.00886137 1 0.925856 0.377791 0.00811189 -0.377843 0.925849 0.00626062 4276b.dat
1 1 0.0339135 -129.095 146.231 -0.000699616 -0.00350333 -1 -0.927359 0.374173 -0.00066201 0.374173 0.927352 -0.00351059 3623.dat
1 1 20.0339 -135.638 157.391 1 -0.00350331 -0.000699513 0.000662151 0.374173 -0.927359 0.00351057 0.927352 0.374173 3021.dat
1 1 40.0337 -129.068 146.371 -0.000699372 -0.00350337 -1 -0.927359 0.374173 -0.000662261 0.374173 0.927352 -0.00351054 3623.dat
1 1 19.9752 -107.698 146.132 1 -0.00815856 0.00626888 0.0088765 0.375967 -0.926591 0.00520276 0.926597 0.376019 3623.dat
1 1 39.993 -113.8 157.495 0.000699227 -0.00350315 1 0.927359 0.374173 0.000662305 -0.374173 0.927352 0.00351028 4276b.dat
1 0 24.7429 -62.5965 -340.263 -1 -0.00723239 0.0105847 -0.00723034 1 0 -0.0105861 0 -1 2780.dat
1 0 40.7195 -62.5076 39.9353 -1 -0.00723239 0.0105847 -0.00723034 1 0 -0.0105861 0 -1 2780.dat
1 0 17.6365 -142.534 359.69 -0.010584 1 -0.00723151 0 0.00723037 1 1 0.0105849 0 2780.dat
1 0 18.2706 -183.031 374.697 1 0.0105834 -0.00723239 0.00723034 0 1 0.0105848 -1 0 2905.dat
1 7 -1.67033 -182.675 321.474 -1 -0.0105829 -0.0105849 -0.0105828 0 1 -0.010585 1 0 6135.dat
1 0 -1.98427 -183.168 351.475 -0.0105838 -0.00723239 -1 0 1 -0.00723034 1 0 -0.0105852 3705.dat
1 7 -1.96671 -182.674 349.474 1 -0.00723052 -0.0105804 0.00722847 1 0 0.0105818 0 1 3713.dat
1 0 18.3764 -183.03 364.69 1 0.0105834 -0.00723239 0.00723034 0 1 0.0105848 -1 0 2905.dat
1 7 38.3263 -182.386 321.897 -1 -0.0105829 -0.0105849 -0.0105828 0 1 -0.010585 1 0 6135.dat
1 0 38.0124 -182.879 351.899 -0.0105838 -0.00723239 -1 0 1 -0.00723034 1 0 -0.0105852 3705.dat
1 7 38.03 -182.385 349.897 1 -0.00723052 -0.0105804 0.00722847 1 0 0.0105818 0 1 3713.dat
1 0 17.9295 -183.035 359.684 -0.010584 1 -0.00723151 0 0.00723037 1 1 0.0105849 0 2780.dat
1 0 -21.1806 -63.025 219.28 -1 -0.00723239 0.0105847 -0.00723034 1 0 -0.0105861 0 -1 2780.dat
1 0 58.8128 -62.3955 220.139 -1 -0.00723239 0.0105847 -0.00723034 1 0 -0.0105861 0 -1 2780.dat
1 0 76.4829 -62.302 440.338 -1 -0.00723239 0.0105847 -0.00723034 1 0 -0.0105861 0 -1 2780.dat
1 0 96.3306 -62.6842 455.045 1 -0.0105834 0.0072324 0.00723035 0 -1 0.0105848 1 0 3022.dat
1 0 86.5846 -62.7565 430.939 0.00723244 -0.0105834 -1 -1 0 -0.00723033 0 1 -0.0105848 3700.dat
1 0 96.6701 -62.6786 423.046 1 -0.0105834 0.00723244 0.00723039 0 -1 0.0105848 1 0 3022.dat
1 0 106.729 -82.6119 431.151 0.00723244 -0.0105834 -1 -1 0 -0.00723033 0 1 -0.0105848 3701.dat
1 0 106.619 -102.606 455.149 0.00723244 -0.0105834 -1 -1 0 -0.00723033 0 1 -0.0105848 3023.dat
1 0 86.754 -62.7491 414.942 0.00723244 -0.0105834 -1 -1 0 -0.00723033 0 1 -0.0105848 3023.dat
1 0 87.0088 -62.7472 390.942 0.00723244 -0.0105834 -1 -1 0 -0.00723033 0 1 -0.0105848 3700.dat
1 0 76.9062 -62.302 400.338 -1 -0.00723239 0.0105847 -0.00723034 1 0 -0.0105861 0 -1 2780.dat
1 1 50.2709 -88.4676 100.032 -0.0105834 -0.00723239 -1 0 1 -0.00723034 1 0 -0.0105848 3023.dat
1 1 20.4346 -96.6796 89.7143 1 -0.00723043 -0.0105805 0.00722838 1 0 0.0105819 0 1 3710.dat
1 1 -9.72415 -88.9014 99.3967 -0.0105834 -0.00723239 -1 0 1 -0.00723034 1 0 -0.0105848 3023.dat
1 1 50.3891 -104.46 100.031 -0.0105834 -0.00723239 -1 0 1 -0.00723034 1 0 -0.0105848 3023.dat
1 1 -9.61091 -104.894 99.3961 -0.0105834 -0.00723239 -1 0 1 -0.00723034 1 0 -0.0105848 3023.dat
1 0 -12.6503 -102.751 359.379 -0.010584 1 -0.00723151 0 0.00723037 1 1 0.0105849 0 2780.dat
1 0 17.386 -122.536 369.693 1 -0.00723026 -0.0105806 0.00722821 1 0 0.010582 0 1 3705.dat
1 7 17.3861 -122.536 369.693 -0.0105831 -0.00723239 -1 0 1 -0.00723034 1 0 -0.0105845 3713.dat
1 7 -12.1081 -123.249 369.385 -1 -0.00722506 0.0105848 -0.00722308 1 0 -0.0105861 0 -1 6536.dat
1 7 47.386 -122.319 370.01 -1 -0.00722506 0.0105848 -0.00722308 1 0 -0.0105861 0 -1 6536.dat
1 0 47.8539 -102.815 359.516 -0.010584 1 -0.00723151 0 0.00723037 1 1 0.0105849 0 2780.dat
1 0 23.0495 -62.5965 -180.263 -1 -0.00723239 0.0105847 -0.00723034 1 0 -0.0105861 0 -1 2780.dat
1 7 -20.3884 -143.492 199.283 -1 -0.00723239 0.0105847 -0.00723034 1 0 -0.0105861 0 -1 3673.dat
1 0 -29.9773 -123.609 147.345 0.00309752 -0.0124239 1 0.664083 0.747624 0.00723206 -0.747653 0.664006 0.0105663 3707.dat
1 7 -30.1427 -158.016 185.891 -0.00310974 -0.0124239 -1 -0.664083 0.747624 -0.00722388 0.747653 0.664006 -0.0105754 6536.dat
1 0 -43.509 -63.1696 439.068 -1 -0.00723239 0.0105847 -0.00723034 1 0 -0.0105861 0 -1 2780.dat
1 0 -63.6563 -63.8411 453.351 1 -0.0105834 0.0072324 0.00723035 0 -1 0.0105848 1 0 3022.dat
1 0 -53.4023 -63.7687 429.457 0.00723244 -0.0105834 -1 -1 0 -0.00723033 0 1 -0.0105848 3700.dat
1 0 -73.2576 -83.9134 429.246 0.00723244 -0.0105834 -1 -1 0 -0.00723033 0 1 -0.0105848 3701.dat
1 0 -73.3662 -103.907 453.244 0.00723244 -0.0105834 -1 -1 0 -0.00723033 0 1 -0.0105848 3023.dat
1 0 -63.3184 -63.8355 421.353 1 -0.0105834 0.0072324 0.00723035 0 -1 0.0105848 1 0 3022.dat
1 0 -53.233 -63.7613 413.46 0.00723244 -0.0105834 -1 -1 0 -0.00723033 0 1 -0.0105848 3023.dat
1 0 -52.9798 -63.7595 389.46 0.00723244 -0.0105834 -1 -1 0 -0.00723033 0 1 -0.0105848 3700.dat
1 0 -43.0857 -63.1696 399.068 -1 -0.00723239 0.0105847 -0.00723034 1 0 -0.0105861 0 -1 2780.dat
1 7 60.2945 -62.3956 80.1389 1 -0.00723026 -0.0105806 0.00722821 1 0 0.010582 0 1 3749.dat
1 7 -19.7006 -62.9739 79.2922 -1 -0.0072324 0.0105847 -0.00723034 1 0 -0.0105861 0 -1 3749.dat
1 7 59.6076 -142.911 200.117 -1 -0.00723239 0.0105847 -0.00723034 1 0 -0.0105861 0 -1 3673.dat
1 0 70.0095 -124.962 149.235 0.00309762 -0.0124239 1 0.664083 0.747624 0.00723195 -0.747653 0.664006 0.0105664 3707.dat
1 7 69.8508 -157.292 186.949 -0.00310957 -0.012424 -1 -0.664083 0.747624 -0.00722403 0.747653 0.664006 -0.0105753 6536.dat
1 0 22.6262 -62.6476 -140.275 -1 -0.00723239 0.0105847 -0.00723034 1 0 -0.0105861 0 -1 2780.dat
1 7 21.1445 -62.6476 -0.275294 -1 -0.00723239 0.0105847 -0.00723034 1 0 -0.0105861 0 -1 3673.dat
1 0 40.9312 -62.5076 19.9353 -1 -0.00723239 0.0105847 -0.00723034 1 0 -0.0105861 0 -1 2780.dat
1 0 0.72276 -62.8293 39.5039 -1 -0.00723239 0.0105847 -0.00723034 1 0 -0.0105861 0 -1 2780.dat
1 0 0.934428 -62.8293 19.5039 -1 -0.00723239 0.0105847 -0.00723034 1 0 -0.0105861 0 -1 2780.dat
1 0 22.2029 -62.6476 -100.275 -1 -0.00723239 0.0105847 -0.00723034 1 0 -0.0105861 0 -1 2780.dat
1 0 24.3241 -48.5966 -310.263 1 -0.00723041 -0.0105805 0.00722836 1 0 0.0105819 0 1 4442.dat
1 0 21.0738 -96.6635 29.7182 1 -0.00723041 -0.0105805 0.00722836 1 0 0.0105819 0 1 4263.dat
1 4 67.86 -87.8639 44.4711 -0.01171 -1 -0.00521225 0.851087 -0.007231 -0.525019 0.524894 -0.0105854 0.851171 4263.dat
1 4 -27.14 -88.5506 43.4658 -0.0117101 1 0.00521238 0.851087 0.00723022 0.525017 0.524894 0.0105851 -0.851172 4263.dat
1 0 61.2217 -114.769 28.3358 1 0.011098 0.00641452 0.00723048 -0.901528 0.432661 0.0105846 -0.432579 -0.901534 3704.dat
1 0 -18.7746 -115.563 27.9398 1 0.011098 0.00641452 0.00723048 -0.901528 0.432661 0.0105846 -0.432579 -0.901534 3704.dat
1 7 -34.7001 -63.0734 79.1372 -0.00723243 -0.0105813 1 1 0 0.0071557 0 1 0.0105833 4265a.dat
1 7 -29.766 -77.1235 95.0093 -1 0.00117674 -0.00309703 0.0011769 -0.747656 -0.664085 -0.00309697 -0.664085 0.747651 4273b.dat
1 7 70.2287 -75.7364 95.3201 1 -0.00117686 -0.00309723 -0.00117693 0.747659 -0.664082 0.00309721 0.664082 0.747653 4273b.dat
1 0 24.1323 -80.5243 -270.157 1 -0.00723041 -0.0105805 0.00722836 1 0 0.0105819 0 1 2792.dat
1 7 24.1323 -94.5243 -270.157 1 -0.00723041 -0.0105805 0.00722836 1 0 0.0105819 0 1 2791a.dat
1 7 75.2937 -62.3205 80.2641 -0.00723243 0.0105823 -1 1 0 -0.0071557 0 -1 -0.0105843 4265a.dat
1 7 73.1146 -114.235 28.757 -0.0110981 -0.00641492 1 0.901528 -0.432661 0.0072303 0.432579 0.901534 0.0105849 4265a.dat
1 7 72.3087 -62.2735 60.3025 -0.00723243 -0.0105833 1 1 0 0.00723043 0 1 0.0105848 4265a.dat
1 7 -31.9746 -115.672 27.781 -0.0110981 0.006415 -1 0.901528 0.432697 -0.00723201 0.432578 -0.901608 -0.0105858 4265a.dat
1 7 -32.6913 -63.0614 59.1491 -0.00723243 0.0105823 -1 1 0 -0.0071557 0 -1 -0.0105843 4265a.dat
1 7 -1.80798 -182.675 334.474 1 0.00722485 0.010583 0.00722836 -1 0 0.0105819 0 -1 4265a.dat
1 7 38.1887 -182.385 334.897 1 0.00722485 0.010583 0.00722836 -1 0 0.0105819 0 -1 4265a.dat
1 7 37.6702 -182.386 383.897 1 -0.00723041 -0.0105805 0.00722836 1 0 0.0105819 0 1 4265a.dat
1 7 -2.32652 -182.675 383.474 1 -0.00723041 -0.0105805 0.00722836 1 0 0.0105819 0 1 4265a.dat
0
0 FILE engine.ldr
0 ENGINE
0 ROTATION CENTER 0 0 0 1 "Custom" 
0 ROTATION CONFIG 0 0
1 7 -93.2146 -103.554 438.529 -0.0105831 -0.00723239 -1 0 1 -0.00723034 1 0 -0.0105845 3713.dat
1 0 -65.2162 -103.351 438.825 1 -0.00723026 -0.0105806 0.00722821 1 0 0.010582 0 1 3707.dat
1 7 -53.2161 -103.264 438.952 0.0105831 -0.00723239 1 0 1 0.00723034 -1 0 0.0105846 3713.dat
1 7 -135.216 -103.857 438.084 0.0105736 -0.00723226 1 0 1 0.00723307 -1 0 0.0105731 3713.dat
1 0 96.2749 -102.183 440.534 1 -0.00723026 -0.0105806 0.00722821 1 0 0.010582 0 1 3707.dat
1 7 86.7689 -102.252 440.434 -0.0105831 -0.00723239 -1 0 1 -0.00723034 1 0 -0.0105845 3713.dat
1 7 126.769 -101.963 440.857 0.0105831 -0.00723239 1 0 1 0.00723034 -1 0 0.0105846 3713.dat
1 7 166.769 -101.674 441.28 -0.0105675 -0.00721878 -1 0 1 -0.00721878 1 0 -0.0105675 3713.dat
1 8 45.2836 -122.283 319.974 -0.010584 -0.73193 -0.681298 0 0.681338 -0.731969 1 -0.00764064 -0.00732571 2851.dat
1 8 -21.9013 -135.128 319.283 0.010584 0.721997 0.691816 0 0.691853 -0.722038 -1 0.00774999 0.00720993 2851.dat
1 8 -9.92623 -124.052 279.409 0.010584 0.721997 0.691816 0 0.691853 -0.722038 -1 0.00775005 0.0072099 2851.dat
1 7 18.9987 -102.722 229.705 1 -0.00723041 -0.0105805 0.00722836 1 0 0.0105819 0 1 3648b.dat
1 0 18.8928 -102.722 239.705 0.0105837 -0.00723239 1 0 1 0.00723034 -1 0 0.0105851 4519.dat
1 7 18.4694 -102.725 279.704 -1 0.00722636 -0.010584 -0.00722512 -1 0 -0.0105848 0 1 2853.dat
1 7 18.2616 -103.229 299.702 1 0.00723034 0.0105848 0.00723034 -1 0 0.0105848 0 -1 2854.dat
1 71 18.0498 -103.232 319.701 1 0.00723034 0.0105848 0.00723034 -1 0 0.0105848 0 -1 2853.dat
1 0 17.5206 -103.235 369.7 0.0105844 -0.00723159 1 0 1 0.00723034 -1 0 0.0105852 3705.dat
1 7 28.4731 -103.156 279.808 -0.480053 0.877176 0.0105863 0.877225 0.480079 0 -0.00494969 0.0093591 -1 2852.dat
1 7 28.4731 -103.156 279.808 0.701935 -0.712163 -0.010584 0.712202 0.701975 0 0.00754091 -0.00742828 1 2852.dat
1 7 8.04981 -103.307 319.594 -0.709847 0.704276 0.0105873 0.704317 0.709886 0 -0.00740397 0.0075695 -1 2852.dat
1 7 8.04979 -103.307 319.594 0.467841 -0.883749 -0.010584 0.883798 0.467868 0 0.00508993 -0.00928102 1 2852.dat
1 8 56.9586 -131.235 280.105 -0.0105839 -0.731929 -0.681298 0 0.681338 -0.731969 1 -0.0076407 -0.00732558 2851.dat
1 15 156.769 -101.746 441.173 0.0105789 0.00722519 -1 0 -1 -0.007226 -1 0 -0.0105019 2998.dat
1 15 -125.216 -103.785 438.189 -0.0105849 0.00722259 1 0 -1 0.00722421 1 0 0.0106608 2998.dat
1 7 16.8822 -102.774 440.193 0.00722866 -0.0105847 -1 -1 0 -0.00723037 0 1 -0.0105848 73071.dat
1 7 16.6141 -102.76 455.693 0.976559 0.215014 -0.0106802 -0.215263 0.976608 -0.000443873 0.0103344 0.00250262 1 4143.dat
1 7 17.1779 -102.743 401.697 -1 -0.00722661 0.0107307 -0.00722759 1 0 -0.0106563 0 -1 4143.dat
1 7 -1.21618 -102.888 439.502 -0.0105821 -0.00723239 -1 0 1 -0.00715565 1 0 -0.0105841 4143.dat
1 7 34.7689 -102.628 439.884 0.010582 -0.00723239 1 0 1 0.00715565 -1 0 0.010584 4143.dat
1 0 156.769 -101.746 441.173 0.0105789 0.00722519 -1 0 -1 -0.007226 -1 0 -0.0105019 2997.dat
1 0 -125.216 -103.785 438.189 -0.0105849 0.00722259 1 0 -1 0.00722421 1 0 0.0106608 2997.dat
0
0 FILE steer.ldr
0 STEER
0 ROTATION CENTER 0 0 0 1 "Custom" 
0 ROTATION CONFIG 0 0
1 7 24.3483 -110.593 -270.269 1 -0.00723041 -0.0105805 0.00722836 1 0 0.0105819 0 1 3647.dat
1 0 23.8615 -110.593 -224.268 0.0105837 -0.00723239 1 0 1 0.00723034 -1 0 0.0105851 3707.dat
1 7 22.9936 -110.604 -142.271 1 -0.00723041 -0.0105805 0.00722836 1 0 0.0105819 0 1 6538b.dat
1 85 22.7819 -110.623 -122.276 0.0105837 -0.00723239 1 0 1 0.00723034 -1 0 0.0105851 32062.dat
1 7 22.5703 -110.628 -102.277 1 -0.00723041 -0.0105805 0.00722836 1 0 0.0105819 0 1 6538b.dat
1 0 21.7236 -110.632 -22.2779 0.0105837 -0.00723239 1 0 1 0.00723034 -1 0 0.0105851 3707.dat
1 7 20.9617 -110.651 49.7177 1 -0.00723041 -0.0105805 0.00722836 1 0 0.0105819 0 1 4019.dat
1 7 104.419 -62.0092 -309.412 1 0.00723034 0.0105845 0.00723034 -1 0 0.0105845 0 -1 3749.dat
1 7 109.425 -62.9705 -309.359 -0.0105677 -0.00721872 -1 0 1 -0.00721872 1 0 -0.0105677 4185.dat
1 0 109.418 -61.9705 -309.359 -0.0105677 -0.0072188 -1 0 1 -0.0072188 1 0 -0.0105677 2815.dat
1 7 -55.5697 -63.166 -311.105 -1 0.00722676 -0.0105831 -0.00722471 -1 0 -0.0105845 0 1 3749.dat
1 7 -60.5617 -64.1997 -311.159 -0.0105677 -0.00721872 -1 0 1 -0.00721872 1 0 -0.0105677 4185.dat
1 0 -60.5684 -63.1997 -311.159 -0.0105677 -0.0072188 -1 0 1 -0.0072188 1 0 -0.0105677 2815.dat
1 7 23.7311 -94.198 -271.011 1 -0.00722418 0 0.00722418 1 0 0 0 1 2790a.dat
1 7 -45.4893 -74.0917 -311 1 -0.00723239 -0.0105845 0.00715566 1 0 0.0105832 0 1 4261.dat
1 7 94.4976 -73.0794 -309.518 1 -0.00723239 -0.0105845 0.00715566 1 0 0.0105832 0 1 4261.dat
1 0 -45.891 -77.0917 -271 0.00723224 -1 0.0105793 -1 -0.00722996 0 0 -0.0105808 -1 3704.dat
1 0 93.6083 -76.0923 -271.011 0.00723123 -1 0.0105793 -1 -0.00722896 0 0 -0.0105808 -1 3704.dat
1 7 -46.2977 -90.1037 -271.011 1 -0.0105834 0.0072324 0.00723035 0 -1 0.0105848 1 0 4265a.dat
1 7 93.7023 -89.0923 -271.011 1 -0.0105834 0.0072324 0.00723035 0 -1 0.0105848 1 0 4265a.dat
0
0 FILE spoiler.dat
0 spoiler
0 ROTATION CENTER 0 0 0 1 "Custom" 
0 ROTATION CONFIG 0 0
1 0 -2.7595 -239.262 510.593 -0.00708892 0.0106116 -1 1 -0.00380578 -0.00712976 -0.00388124 -1 -0.0105842 3707.dat
1 7 -3.59273 -153.417 508.983 -1 0.0105761 0.00719064 -0.00718926 0 -1 -0.010577 -1 0 6538b.dat
1 7 -3.95246 -103.418 508.949 0.0105845 0.00721607 -1 0 -1 -0.00721459 -1 0 -0.0105853 6553.dat
1 7 -3.85705 -102.92 499.478 -0.0105832 0.00721934 1 0 -1 0.00721736 1 0 0.0105846 3749.dat
1 7 7.79236 -330 510 0 -0.0017475 -1 0.860909 0.508758 -0.00096215 0.508759 -0.860908 0.00146128 3713.dat
1 0 17.7923 -329.991 509.986 1 -0.00174746 0 0.000962782 0.508758 0.860909 -0.00146082 -0.860908 0.508759 3706.dat
1 7 27.7924 -329.981 509.972 0 -0.00170148 -1 0.860911 0.508755 -0.000938878 0.508756 -0.86091 0.00142156 3713.dat
1 4 -92.2891 -335.752 450.635 -0.00174372 0 1 0.479822 0.877366 0.00096263 -0.877364 0.479822 -0.00146101 2450.dat
1 4 -42.2368 -343.079 480.721 1 0 0.00174376 0.000962589 0.877366 -0.479821 -0.00146107 0.479822 0.877365 3032.dat
1 4 -42.2729 -326.464 467.013 1 0 0.00174382 0.000962615 0.877366 -0.479821 -0.00146112 0.479822 0.877365 2444.dat
1 0 17.7271 -326.406 466.925 1 0 0.00174346 0.000962443 0.877366 -0.479821 -0.0014608 0.479822 0.877365 2817.dat
1 4 127.711 -335.54 450.313 1 0 0.00174376 0.000962589 0.877366 -0.479821 -0.00146107 0.479822 0.877364 2450.dat
1 4 77.7629 -342.964 480.546 1 0 0.00174376 0.000962588 0.877366 -0.479821 -0.00146107 0.479822 0.877365 3032.dat
1 4 77.727 -326.348 466.837 -1 -0.000962623 0 -0.000962579 0.877365 0.479822 0 0.479822 -0.877366 2444.dat
1 4 -92.2129 -364.541 503.248 -1 -0.000962653 0 -0.00096261 0.877365 0.479822 0 0.479822 -0.877366 2450.dat
1 4 127.814 -364.329 502.955 0.00174382 0 -1 -0.479821 0.877366 -0.000962587 0.877364 0.479822 0.00146114 2450.dat
1 4 17.8318 -369.233 511.89 1 0 0.00174376 0.000962588 0.877366 -0.479821 -0.00146107 0.479822 0.877365 3034.dat
1 4 -52.2031 -345.666 502.122 -0.00174373 0 1 0.479822 0.877366 0.00096263 -0.877364 0.479822 -0.00146101 2452.dat
1 4 17.7969 -345.599 502.019 1 0 0.00174376 0.000962588 0.877366 -0.479821 -0.00146107 0.479822 0.877365 3795.dat
1 4 87.7967 -345.531 501.917 0.00174382 0 -1 -0.479821 0.877366 -0.000962587 0.877364 0.479822 0.00146114 2452.dat
1 4 -42.2042 -338.611 505.96 1 0 0.00174382 0.000962615 0.877366 -0.479821 -0.00146112 0.479822 0.877365 2444.dat
1 4 77.813 -338.496 505.77 -1 -0.000962623 0 -0.000962579 0.877365 0.479822 0 0.479822 -0.877366 2444.dat
1 0 17.7258 -317.632 471.723 1 -0.00152839 0.000851423 0.000962815 0.887093 0.461589 -0.00146078 -0.461588 0.887093 3706.dat
1 0 37.5512 -220.702 420.236 -0.00152796 0.000851704 1 0.887093 0.461589 0.000962387 -0.461588 0.887093 -0.00146079 3737.dat
1 0 -2.44327 -220.279 421.181 -0.001528 0.000851872 1 0.887093 0.461589 0.00096244 -0.461588 0.887093 -0.00146089 3737.dat
1 0 37.2677 -233.226 509.89 -0.00713377 0.0105826 -1 1 0 -0.0071318 0 -1 -0.0105839 3707.dat
1 7 36.4026 -153.126 509.38 -1 0.0105621 0.00725187 -0.00724971 0 -1 -0.0105636 -1 0 6538b.dat
1 7 36.0404 -103.128 509.393 0.0105829 0.00728286 -1 0 -1 -0.00728032 -1 0 -0.0105846 6553.dat
1 7 36.1397 -102.63 499.901 -0.0105837 0.00727527 1 0 -1 0.00727372 1 0 0.0105849 3749.dat
1 7 -2.58381 -138.667 378.715 -1 0.0127355 0.00152393 -0.00723034 -0.461534 -0.887093 -0.0105943 -0.887031 0.461588 4273b.dat
1 7 37.4191 -140.402 379.58 1 -0.0127272 0.00152832 0.00723034 0.461531 -0.887095 0.0105848 0.887033 0.461585 4273b.dat
1 7 37.8216 -309.959 509.957 -1 0.00146091 0.00146125 0.00146104 0 1 0.00146113 1 0 4273b.dat
1 7 -2.22727 -310.01 509.939 1 -0.00145385 -0.000980566 0.000975006 -0.00382028 1 -0.00145759 -1 -0.00381885 4273b.dat
1 7 37.6879 -299.192 462.204 -1 -0.000962657 -0.000584171 -0.000962566 0.461588 0.887094 -0.000584321 0.887094 -0.461589 4273b.dat
1 7 -2.30575 -300.118 462.724 1 -0.000851781 -0.00152839 0.00096265 -0.46159 0.887093 -0.0014611 -0.887093 -0.461588 4273b.dat
1 7 52.7922 -329.957 509.935 0 -0.0017015 1 -0.860912 0.508755 0.000865713 -0.508757 -0.860909 -0.0014649 4265a.dat
1 7 -17.2075 -330.024 510.037 0 -0.00174746 -1 0.860909 0.508758 -0.00096254 0.508759 -0.860908 0.00146107 4265a.dat
1 7 52.7234 -317.594 471.201 0.000851691 0.00152832 1 0.461589 -0.887094 0.00096269 0.887093 0.461589 -0.00146097 4265a.dat
1 7 -17.2764 -317.661 471.303 0.000851822 -0.0015284 -1 0.46159 0.887093 -0.000962681 0.887093 -0.461588 0.00146115 4265a.dat
0
0 FILE hose.ldr
0 New Model
0 Name: hose.ldr
0 Author: MLCad
0 Unofficial Model
0 ROTATION CENTER 0 0 0 1 "Custom" 
0 ROTATION CONFIG 0 0
1 0 90.103 -90.569 324.694 -1 0 0 0 -0.0348995 0.999391 0 0.999391 0.0348995 752.dat
0 MLCAD FLEXHOSE 14 0 0 0 1 0 0 0 1 0 0 0 1  90 -90.6 324.7  0 0 50 92 -142.7 224.8 -50 0 0 50 756.dat 754.dat 0
0 MLCAD SKIP_BEGIN
1 14 90 -90.6 324.7 0.99985 -0.0172987 -0.000301521 0 0.0174276 -0.999848 0.0173014 0.999698 0.017425 756.dat
1 14 90.0439 -90.6442 322.162 0.998716 -0.0505994 -0.0026024 0 0.0513635 -0.99868 0.0506662 0.997397 0.0512976 754.dat
1 14 90.1723 -90.7745 319.632 0.996623 -0.0818197 -0.00687873 0 0.0837763 -0.996485 0.0821084 0.99312 0.0834934 754.dat
1 14 90.3796 -90.9868 317.116 0.993755 -0.11085 -0.0127806 0 0.114538 -0.993419 0.111584 0.987215 0.113823 754.dat
1 14 90.6601 -91.2766 314.618 0.990279 -0.137655 -0.0199731 0 0.143592 -0.989637 0.139096 0.980017 0.142196 754.dat
1 14 91.0078 -91.6394 312.142 0.986347 -0.162258 -0.0281506 0 0.170939 -0.985282 0.164682 0.971829 0.168605 754.dat
1 14 91.4171 -92.0706 309.691 0.982092 -0.184726 -0.0370444 0 0.196623 -0.980479 0.188404 0.96292 0.193101 754.dat
1 14 91.8824 -92.5659 307.265 0.977628 -0.205152 -0.0464258 0 0.220718 -0.975338 0.210339 0.953518 0.215781 754.dat
1 14 92.3986 -93.1212 304.866 0.973054 -0.223646 -0.0561038 0 0.243321 -0.969946 0.230576 0.94381 0.236764 754.dat
1 14 92.9609 -93.7329 302.493 0.968452 -0.240324 -0.0659228 0 0.264536 -0.964376 0.249202 0.933951 0.25619 754.dat
1 14 93.5648 -94.3977 300.146 0.963888 -0.255303 -0.0757575 0 0.284475 -0.958683 0.266306 0.924064 0.274203 754.dat
1 14 94.2066 -95.1128 297.823 0.959423 -0.268694 -0.0855083 0 0.303251 -0.952911 0.281972 0.914244 0.290946 754.dat
1 14 94.8825 -95.8756 295.524 0.955102 -0.2806 -0.0950965 0 0.320972 -0.947089 0.296277 0.904567 0.306561 754.dat
1 14 95.5893 -96.6842 293.245 0.950969 -0.291113 -0.10446 0 0.337744 -0.941238 0.309287 0.895088 0.321183 754.dat
1 14 96.3242 -97.5368 290.985 0.947058 -0.300314 -0.113549 0 0.353665 -0.935372 0.321064 0.885851 0.334941 754.dat
1 14 97.0845 -98.4321 288.743 0.943402 -0.30827 -0.122324 0 0.368831 -0.929496 0.331653 0.876888 0.347956 754.dat
1 14 97.8678 -99.3693 286.515 0.94003 -0.315035 -0.13075 0 0.38333 -0.923611 0.341091 0.868223 0.360342 754.dat
1 14 98.6719 -100.348 284.299 0.936973 -0.320651 -0.138798 0 0.397244 -0.917713 0.349403 0.859872 0.372207 754.dat
1 14 99.4946 -101.367 282.092 0.934258 -0.325143 -0.146437 0 0.410652 -0.911792 0.356597 0.851849 0.383655 754.dat
1 14 100.334 -102.427 279.893 0.931917 -0.328521 -0.153637 0 0.423627 -0.905837 0.362671 0.844165 0.394785 754.dat
1 14 101.188 -103.529 277.698 0.929984 -0.330779 -0.160362 0 0.43624 -0.89983 0.367601 0.836827 0.405696 754.dat
1 14 102.055 -104.672 275.505 0.928495 -0.331892 -0.166571 0 0.448559 -0.893753 0.371346 0.829845 0.416485 754.dat
1 14 102.933 -105.858 273.311 0.927493 -0.331814 -0.17221 0 0.46065 -0.887582 0.373841 0.823226 0.42725 754.dat
1 14 103.818 -107.087 271.114 0.927028 -0.330477 -0.177213 0 0.472578 -0.881289 0.374992 0.816979 0.438093 754.dat
1 14 104.71 -108.362 268.91 0.927158 -0.327779 -0.181494 0 0.484408 -0.874842 0.374672 0.811117 0.449122 754.dat
1 14 105.603 -109.683 266.698 0.927949 -0.323586 -0.184939 0 0.496205 -0.868205 0.372706 0.805651 0.460453 754.dat
1 14 106.496 -111.052 264.476 0.929482 -0.317718 -0.187397 0 0.508036 -0.861336 0.368866 0.800596 0.472211 754.dat
1 14 107.384 -112.471 262.239 0.931849 -0.309938 -0.188669 0 0.519969 -0.854185 0.362846 0.795971 0.484533 754.dat
1 14 108.26 -113.941 259.988 0.935154 -0.299936 -0.188482 0 0.532073 -0.846699 0.354241 0.791794 0.49757 754.dat
1 14 109.119 -115.465 257.721 0.939514 -0.287303 -0.186467 0 0.544415 -0.838816 0.34251 0.78808 0.511486 754.dat
1 14 109.952 -117.044 255.436 0.945051 -0.271502 -0.182116 0 0.557059 -0.830473 0.326924 0.784839 0.526449 754.dat
1 14 110.748 -118.677 253.134 0.951872 -0.25182 -0.17472 0 0.570054 -0.821607 0.306497 0.782065 0.542618 754.dat
1 14 111.495 -120.367 250.817 0.960035 -0.227312 -0.163288 0 0.583418 -0.812172 0.279882 0.779713 0.560101 754.dat
1 14 112.174 -122.109 248.487 0.969466 -0.196711 -0.146425 0 0.597104 -0.802164 0.245225 0.77767 0.578872 754.dat
1 14 112.764 -123.902 246.153 0.979798 -0.158328 -0.122183 0 0.61094 -0.791677 0.199991 0.775683 0.598598 754.dat
1 14 113.24 -125.738 243.822 0.990043 -0.109938 -0.087908 0 0.62451 -0.781017 0.140763 0.773241 0.618292 754.dat
1 14 113.569 -127.604 241.511 0.998003 -0.0486904 -0.0402296 0 0.636948 -0.770907 0.06316 0.769368 0.635676 754.dat
1 14 113.712 -129.485 239.24 0.999286 0.0288173 0.0244265 0 0.6466 -0.762829 -0.0377769 0.762284 0.646139 754.dat
1 14 113.629 -131.354 237.037 0.986138 0.126019 0.107942 0 0.650534 -0.759477 -0.165929 0.748949 0.641516 754.dat
1 14 113.275 -133.179 234.935 0.947358 0.24492 0.20622 0 0.644083 -0.764956 -0.320176 0.724687 0.610177 754.dat
1 14 112.613 -134.921 232.975 0.872241 0.383307 0.303762 0 0.621093 -0.783737 -0.489076 0.683607 0.541743 754.dat
1 14 111.615 -136.538 231.195 0.759612 0.531639 0.374632 0 0.576024 -0.817433 -0.650376 0.620932 0.437555 754.dat
1 14 110.274 -137.99 229.63 0.623579 0.673353 0.39717 0 0.508046 -0.86133 -0.78176 0.537108 0.316807 754.dat
1 14 108.609 -139.247 228.301 0.485821 0.7917 0.37039 0 0.423759 -0.905775 -0.874059 0.440044 0.205871 754.dat
1 14 106.656 -140.292 227.216 0.362527 0.878314 0.311671 0 0.334421 -0.942424 -0.931973 0.341655 0.121237 754.dat
1 14 104.472 -141.124 226.366 0.259927 0.934966 0.241404 0 0.249996 -0.968247 -0.965628 0.251674 0.0649809 754.dat
1 14 102.115 -141.754 225.731 0.177491 0.968784 0.173071 0 0.175864 -0.984415 -0.984122 0.174725 0.0312142 754.dat
1 14 99.6434 -142.203 225.286 0.112014 0.987303 0.112629 0 0.113342 -0.993556 -0.993707 0.111292 0.0126959 754.dat
1 14 97.1081 -142.494 225 0.0599218 0.996311 0.0614359 0 0.0615464 -0.998104 -0.998203 0.0598082 0.00368797 754.dat
1 14 94.5499 -142.652 224.846 0.0181325 0.999659 0.0188133 0 0.0188164 -0.999823 -0.999836 0.0181293 0.000341189 754.dat
0 MLCAD SKIP_END
1 0 92.303 -142.669 224.794 0 -1 0 1 0 0 0 0 1 752.dat
0
0
