0 FILE 9469 - main.ldr
0 main
0 Name: 9469 - main.ldr
0 Author: Philippe Hurbain [Philo]
0 !LDRAW_ORG Unofficial_Model
0 !LICENSE Redistributable under CCAL version 2.0 : see CAreadme.txt

0 !THEME The Hobbit and the Lord of the Rings / The Lord of the Rings

1 28 0 0 0 0 0 -1 0 1 0 1 0 0 3795.dat
1 70 0 -8 -20 1 0 0 0 1 0 0 0 1 30157.dat
1 19 0 -8 50 1 0 0 0 1 0 0 0 1 3710.dat
1 28 -10 -8 20 0 0 -1 0 1 0 1 0 0 3023.dat
1 28 10 -8 20 0 0 -1 0 1 0 1 0 0 3023.dat
1 19 0 -8 -60 1 0 0 0 1 0 0 0 1 3020.dat
0 STEP
1 70 0 -16 -40 0 0 -1 0 1 0 1 0 0 3832.dat
1 19 30 -16 -20 0 0 -1 0 1 0 1 0 0 3460.dat
1 19 -30 -16 -20 0 0 -1 0 1 0 1 0 0 3460.dat
0 STEP
1 71 20 -24 50 1 0 0 0 1 0 0 0 1 92280.dat
1 71 20 -24 -50 1 0 0 0 1 0 0 0 1 92280.dat
1 71 -20 -24 -50 -1 0 0 0 1 0 0 0 -1 92280.dat
1 71 -20 -24 50 -1 0 0 0 1 0 0 0 -1 92280.dat
1 28 20 -24 -90 1 0 0 0 1 0 0 0 1 3023.dat
1 28 -20 -24 -90 1 0 0 0 1 0 0 0 1 3023.dat
1 19 20 -24 0 0 0 -1 0 1 0 1 0 0 3020.dat
1 19 -20 -24 0 0 0 -1 0 1 0 1 0 0 3020.dat
1 71 -10 -32 40 0 0 -1 0 1 0 1 0 0 92280.dat
1 71 10 -32 40 0 0 -1 0 1 0 1 0 0 92280.dat
1 28 0 -32 10 1 0 0 0 1 0 0 0 1 3023.dat
1 28 0 -32 -10 1 0 0 0 1 0 0 0 1 3023.dat
0 STEP
1 70 0 -40 20 1 0 0 0 1 0 0 0 1 87580.dat
1 70 0 -32 -40 1 0 0 0 1 0 0 0 1 87580.dat
0 STEP
1 71 -50.0868 -54.4237 0 0.3584 0.9336 0 0.9336 -0.3584 0 0 0 -1 9469 - sidepanel.ldr
1 71 50.088 -54.424 1 -0.3584 -0.9336 0 0.9336 -0.3584 0 0 0 1 9469 - sidepanel.ldr
0 STEP
1 71 -10 -68 52 0 0 -1 1 0 0 0 -1 0 60478.dat
1 71 10 -68 52 0 0 -1 1 0 0 0 -1 0 60478.dat
1 28 0 -68 60 -1 0 0 0 0 -1 0 -1 0 51739.dat
1 70 0 -80 20 -1 0 0 0 1 0 0 0 -1 2489.dat
1 28 0 -64 -20 -1 0 0 0 1 0 0 0 -1 92590.dat
1 72 0 -40 -180 -1 0 0 0 1 0 0 0 -1 2397.dat
1 28 0 -48 -130 -1 0 0 0 1 0 0 0 -1 4865b.dat
0 STEP
1 19 0 -32 -100 1 0 0 0 1 0 0 0 1 3020.dat
1 70 0 -40 -110 1 0 0 0 1 0 0 0 1 3794b.dat
1 308 0 -40 -90 1 0 0 0 1 0 0 0 1 3069b.dat
1 28 30 -56 -100 0 0 1 0 1 0 -1 0 0 4865b.dat
1 28 -30 -56 -100 0 0 -1 0 1 0 1 0 0 4865b.dat
1 70 40 2 -20 0 0 -1 0 1 0 1 0 0 33211.dat
1 70 -40 2 -20 0 0 1 0 1 0 -1 0 0 33211.dat
0 STEP
1 70 0 -32 -230 1 0 0 0 1 0 0 0 1 3023.dat
1 70 0 -24 -230 1 0 0 0 1 0 0 0 1 3004.dat
1 70 0 0 -230 1 0 0 0 1 0 0 0 1 10509p01.dat
0 STEP
1 15 0.133 -63.2013 -45 0.1053 -0.2364 0.9659 0.9841 0.1645 -0.067 -0.143 0.9576 0.25 3069bp0c.dat
1 4 -3.867 -109.2013 17 0.866 -0.483 -0.1294 0 -0.2588 0.9659 -0.5 -0.8365 -0.2241 98136.dat
1 4 -18.867 -137.2013 -66 0.9659 0.2588 0 -0.2588 0.9659 0 0 0 1 9469 - fireworks1.ldr
1 4 20.133 -143.2013 6 -0.8365 -0.2241 -0.5 -0.2588 0.9659 0 0.483 0.1294 -0.866 9469 - fireworks2.ldr
1 25 34.133 -70.2013 32 -0.8365 -0.2241 -0.5 0.1585 0.7745 -0.6124 0.5245 -0.5915 -0.6124 33172c02.dat
1 308 66.3483 16.5708 -186.6381 0.7071 0 -0.7071 0 1 0 0.7071 0 0.7071 9469 - gandalf.ldr
1 308 46.3483 32.5708 -274.6381 -0.7071 0 -0.7071 0 1 0 0.7071 0 -0.7071 9469 - frodo.ldr

0 FILE 9469 - sidepanel.ldr
0 sidepanel
0 Name: 9469 - sidepanel.ldr
0 Author: Philippe Hurbain [Philo]
0 !LDRAW_ORG Unofficial_Model
0 !LICENSE Redistributable under CCAL version 2.0 : see CAreadme.txt
0 !THEME The Hobbit and the Lord of the Rings / The Lord of the Rings
1 28 0 0 0 0 0 -1 0 1 0 1 0 0 3795.dat
1 71 0 8 -50 1 0 0 0 1 0 0 0 1 60478.dat
1 71 0 8 50 1 0 0 0 1 0 0 0 1 60478.dat
0 STEP
1 19 10 16 50 -1 0 0 0 1 0 0 0 -1 4081b.dat
1 19 -18 18 70 0 1 0 1 0 0 0 0 -1 3005.dat
1 19 38 18 70 0 -1 0 -1 0 0 0 0 -1 3005.dat
1 19 -26 18 70 0 1 0 -1 0 0 0 0 1 4073.dat
1 19 10 16 -50 1 0 0 0 1 0 0 0 1 4081b.dat
1 19 -18 18 -70 0 1 0 1 0 0 0 0 -1 3005.dat
1 19 38 18 -70 0 -1 0 -1 0 0 0 0 -1 3005.dat
1 19 -26 18 -70 0 1 0 -1 0 0 0 0 1 4073.dat

0 FILE 9469 - fireworks1.ldr
0 fireworks1
0 Name: 9469 - fireworks1.ldr
0 Author: Philippe Hurbain [Philo]
0 !LDRAW_ORG Unofficial_Model
0 !LICENSE Redistributable under CCAL version 2.0 : see CAreadme.txt
0 !THEME The Hobbit and the Lord of the Rings / The Lord of the Rings
0 AUTHOR Philippe Hurbain [Philo]
1 14 0 8 80 1 0 0 0 1 0 0 0 1 30374.dat
1 15 0 0 80 1 0 0 0 1 0 0 0 1 59900.dat

0 FILE 9469 - fireworks2.ldr
0 fireworks2
0 Name: 9469 - fireworks2.ldr
0 Author: Philippe Hurbain [Philo]
0 !LDRAW_ORG Unofficial_Model
0 !LICENSE Redistributable under CCAL version 2.0 : see CAreadme.txt
0 !THEME The Hobbit and the Lord of the Rings / The Lord of the Rings
0 AUTHOR Philippe Hurbain [Philo]
1 71 0 0 0 1 0 0 0 1 0 0 0 1 30374.dat
1 2 0 -8 0 1 0 0 0 1 0 0 0 1 59900.dat
1 2 0 16 0 1 0 0 0 1 0 0 0 1 3062b.dat

0 FILE 9469 - gandalf.ldr
0 gandalf
0 Name: 9469 - gandalf.ldr
0 Author: Philippe Hurbain [Philo]
0 !LDRAW_ORG Unofficial_Model
0 !LICENSE Redistributable under CCAL version 2.0 : see CAreadme.txt
0 !THEME The Hobbit and the Lord of the Rings / The Lord of the Rings
1 72 0 12 0 1 0 0 0 1 0 0 0 1 3817.dat
1 72 0 12 0 1 0 0 0 1 0 0 0 1 3816.dat
1 72 0 0 0 1 0 0 0 1 0 0 0 1 3815.dat
1 72 0 -32 0 1 0 0 0 1 0 0 0 1 973pm1.dat
1 72 15.552 -23 0 0.9855 0 0.1699 -0.1699 0 0.9855 0 -1 0 3819.dat
1 72 -15.552 -23 0 0.9855 -0.0849 -0.1471 0.1699 0.4927 0.8534 0 -0.866 0.5 3818.dat
1 78 18.8001 -33.5897 -18.8839 0.9688 -0.2168 0.1201 0.0732 0.7135 0.6968 -0.2368 -0.6663 0.7071 3820.dat
1 78 -20.6292 -22.98 -21.2959 0.999 -0.002 -0.044 0.0132 0.9668 0.2551 0.042 -0.2554 0.9659 3820.dat
1 72 0 -34 0.1161 1 0 0 0 1 0 0 0 1 522.dat
1 71 0 -34 0.1161 1 0 0 0 1 0 0 0 1 10052.dat
1 78 0 -58 0.1161 1 0 0 0 1 0 0 0 1 3626cpm1.dat
1 71 0 -61 0.1161 1 0 0 0 1 0 0 0 1 6131.dat
1 70 -18.3124 -68.5321 -30.2131 0.9942 0.0512 0.0941 0.0516 -0.9987 -0.0025 0.0938 0.0074 -0.9956 63965.dat

0 FILE 9469 - frodo.ldr
0 frodo
0 Name: 9469 - frodo.ldr
0 Author: Philippe Hurbain [Philo]
0 !LDRAW_ORG Unofficial_Model
0 !LICENSE Redistributable under CCAL version 2.0 : see CAreadme.txt
0 !THEME The Hobbit and the Lord of the Rings / The Lord of the Rings
1 308 0 0 0 1 0 0 0 1 0 0 0 1 41879b.dat
1 378 0 -32 0 1 0 0 0 1 0 0 0 1 973pm2.dat
1 78 0 -56 0 1 0 0 0 1 0 0 0 1 3626cpm2.dat
1 378 15.552 -23 0 0.9855 0.1596 0.0581 -0.1699 0.926 0.337 0 -0.342 0.9397 3819.dat
1 378 -15.552 -23 0 0.9855 -0.1699 0 0.1699 0.9855 0 0 0 1 3818.dat
1 78 22.9197 -9.6937 -15.7465 0.9801 -0.1849 -0.0718 0.139 0.8985 -0.4165 0.1415 0.3982 0.9063 3820.dat
1 78 -23.6875 -5.2401 -9.8839 0.9688 -0.2168 0.1201 0.2378 0.6767 -0.6968 0.0698 0.7037 0.7071 3820.dat
1 70 -14.2686 -2.4109 -29.8934 0.9983 -0.0554 0.0203 -0.0101 0.1788 0.9838 -0.0581 -0.9823 0.178 33009c01.dat
1 308 0 -56 -2 1 0 0 0 1 0 0 0 1 10048.dat

