0 FILE R2D2 Part 3.ldr
0 R2D2 Part 3
0 Name: R2D2 Part 3.ldr
0 Author: R Paluczak
0 Unofficial Model
0 ROTATION CENTER 0 0 0 1 "Custom" 
0 ROTATION CONFIG 0 0
1 15 -321.85 -16 24.268 0 0 1 0.91706 0.398749 0 -0.398749 0.91706 0 3703.dat
1 15 -388.85 108.329 169.588 0 1 0 -0.941176 0 -0.337917 -0.337917 0 0.941176 R2D2 Part 6.ldr
1 15 -72.85 121.844 131.942 0 -1 0 -0.941176 0 0.337917 -0.337917 0 -0.941176 R2D2 Part 6.ldr
1 15 -420.85 204.035 157.588 0 0 1 0 1 0 -1 0 0 R2D2 Part 5.ldr
1 15 -300.85 204.035 157.588 0 0 1 0 1 0 -1 0 0 R2D2 Part 7.ldr
1 15 -141.85 -16 24.268 0 0 1 0.91706 0.398749 0 -0.398749 0.91706 0 3703.dat
1 7 -321.85 -156.75 76.743 0 0 1 0.91706 0.398749 0 -0.398749 0.91706 0 2420.dat
1 7 -141.85 -0.849 8.956 0 0 1 0.91706 0.398749 0 -0.398749 0.91706 0 3023.dat
1 7 -321.85 -0.849 8.956 0 0 1 0.91706 0.398749 0 -0.398749 0.91706 0 3023.dat
1 7 -141.85 109.198 -38.894 0 0 1 0.91706 0.398749 0 -0.398749 0.91706 0 3023.dat
1 7 -321.85 109.198 -38.894 0 0 1 0.91706 0.398749 0 -0.398749 0.91706 0 3023.dat
1 7 -141.85 -156.75 76.743 -1 0 0 0 0.398749 0.91706 0 0.91706 -0.398749 2420.dat
1 7 -321.85 -159.939 69.407 0 0 1 0.91706 0.398749 0 -0.398749 0.91706 0 2420.dat
1 7 -141.85 106.008 -46.229 0 0 1 0.91706 0.398749 0 -0.398749 0.91706 0 3023.dat
1 7 -141.85 -22.38 9.594 0 0 1 0.91706 0.398749 0 -0.398749 0.91706 0 3710.dat
1 7 -321.85 -22.38 9.594 0 0 1 0.91706 0.398749 0 -0.398749 0.91706 0 3710.dat
1 7 -321.85 106.008 -46.229 0 0 1 0.91706 0.398749 0 -0.398749 0.91706 0 3023.dat
1 7 -141.85 -159.939 69.407 -1 0 0 0 0.398749 0.91706 0 0.91706 -0.398749 2420.dat
1 7 -231.85 -37.531 24.907 -1 0 0 0 0.398749 0.91706 0 0.91706 -0.398749 3832.dat
1 7 -351.85 -117.196 57.365 -1 0 0 0 0.91706 -0.398749 0 -0.398749 -0.91706 3022.dat
1 0 -131.85 -122.059 81.289 1 0 0 0 0.398749 -0.91706 0 0.91706 0.398749 4459.dat
1 0 -331.85 -122.059 81.289 1 0 0 0 0.398749 -0.91706 0 0.91706 0.398749 4459.dat
1 0 -291.85 -124.451 125.946 0 -0.707107 -0.707107 -0.91706 0.281958 -0.281958 0.398749 0.64846 -0.64846 4459.dat
1 0 -171.85 -124.451 125.946 0 0.707107 -0.707107 -0.91706 0.281958 0.281958 0.398749 0.64846 0.64846 4459.dat
1 0 -139.85 -164.725 8.243 0 -0.801254 -0.598325 -0.91706 0.238582 -0.319499 0.398749 0.5487 -0.734798 4519.dat
1 0 -323.85 -164.725 8.243 0 -0.601815 -0.798636 -0.91706 0.318455 -0.239973 0.398749 0.732397 -0.551901 4519.dat
1 1 -311.737 -189.43 1.58 0 -0.798636 0.601815 -0.91706 -0.239973 -0.318455 0.398749 -0.551901 -0.732397 32039.dat
1 1 -311.737 -152.748 -14.368 0 -0.798636 0.601815 -0.91706 -0.239973 -0.318455 0.398749 -0.551901 -0.732397 32039.dat
1 1 -151.737 -152.748 -14.368 0 0.798636 -0.601815 0.91706 -0.239973 -0.318455 -0.398749 -0.551901 -0.732397 32039.dat
1 1 -151.737 -189.43 1.58 0 0.798636 -0.601815 0.91706 -0.239973 -0.318455 -0.398749 -0.551901 -0.732397 32039.dat
1 15 -231.85 -153.559 84.081 1 0 0 0 0.398749 -0.91706 0 0.91706 0.398749 3702.dat
1 15 -301.85 -175.887 82.885 0 1 0 -0.398749 0 -0.91706 -0.91706 0 0.398749 3701.dat
1 15 -161.85 -175.887 82.885 0 -1 0 0.398749 0 -0.91706 0.91706 0 0.398749 3701.dat
1 15 -321.85 -31.951 -12.414 0 0 1 0.91706 0.398749 0 -0.398749 0.91706 0 3703.dat
1 15 -461.85 -217.475 90.062 -1 0 0 0 0.91706 -0.398749 0 -0.398749 -0.91706 R2D2 Part 8.ldr
1 15 -321.85 -168.104 175.809 0 0 1 -0.0174524 -0.999847 0 0.999847 -0.0174524 0 R2D2 Part 4.ldr
1 15 -141.85 -74.12 177.447 0 0 -1 -0.0174524 0.999847 0 0.999847 0.0174524 0 R2D2 Part 4.ldr
1 15 -120.92 79.669 -6.493 1 0 0 0 0.398749 -0.91706 0 0.91706 0.398749 6536.dat
1 15 -120.92 116.351 -22.444 1 0 0 0 0.398749 -0.91706 0 0.91706 0.398749 6536.dat
1 15 -340.92 79.669 -6.493 1 0 0 0 0.398749 -0.91706 0 0.91706 0.398749 6536.dat
1 15 -340.92 116.351 -22.444 1 0 0 0 0.398749 -0.91706 0 0.91706 0.398749 6536.dat
1 15 -156.385 130.32 34.762 -0.731354 0.681998 0 -0.271946 -0.291627 -0.91706 -0.625433 -0.670696 0.398749 32188.dat
1 15 -305.455 130.32 34.762 -0.731354 -0.681998 0 0.271946 -0.291627 -0.91706 0.625433 -0.670696 0.398749 32189.dat
1 7 -305.75 -156.034 -21.925 -0.601815 0.798636 0 0.318455 0.239973 0.91706 0.732397 0.551901 -0.398749 3749.dat
1 7 -305.75 -192.717 -5.975 -0.601815 0.798636 0 0.318455 0.239973 0.91706 0.732397 0.551901 -0.398749 3749.dat
1 7 -157.75 -192.717 -5.975 0.601815 -0.798636 0 0.318455 0.239973 -0.91706 0.732397 0.551901 0.398749 3749.dat
1 1 -304.713 -193.59 -7.986 0 -0.6251 0.7806 0.91706 0.311264 0.249258 -0.398749 0.715857 0.573254 79.dat
1 1 -301.281 -195.304 -11.928 0 0.6228 0.7823 0.91706 -0.311941 0.248341 -0.398749 -0.717416 0.571145 80.dat
1 1 -297.853 -197.019 -15.873 0 0.6235 0.7818 0.91706 -0.311742 0.24862 -0.398749 -0.716958 0.571787 80.dat
1 1 -294.405 -198.73 -19.806 0 0.6306 0.7761 0.91706 -0.309469 0.251451 -0.398749 -0.71173 0.578298 80.dat
1 1 -290.903 -200.428 -23.711 0 0.6407 0.7678 0.91706 -0.30616 0.255479 -0.398749 -0.704119 0.58756 80.dat
1 1 -287.343 -202.105 -27.567 0 0.6524 0.7579 0.91706 -0.302212 0.260144 -0.398749 -0.69504 0.59829 80.dat
1 1 -283.711 -203.76 -31.374 0 0.6658 0.7461 0.91706 -0.297507 0.265487 -0.398749 -0.684219 0.610579 80.dat
1 1 -280.002 -205.384 -35.113 0 0.6813 0.732 0.91706 -0.291884 0.271668 -0.398749 -0.671288 0.624793 80.dat
1 1 -276.198 -206.979 -38.778 0 0.6992 0.7149 0.91706 -0.285066 0.278805 -0.398749 -0.655606 0.641208 80.dat
1 1 -272.293 -208.529 -42.343 0 0.72 0.694 0.91706 -0.276732 0.287099 -0.398749 -0.63644 0.660283 80.dat
1 1 -268.268 -210.027 -45.787 0 0.744 0.6681 0.91706 -0.266404 0.296669 -0.398749 -0.612688 0.682293 80.dat
1 1 -264.101 -211.462 -49.088 0 0.7719 0.6357 0.91706 -0.253485 0.307794 -0.398749 -0.582975 0.707879 80.dat
1 1 -259.772 -212.817 -52.202 0 0.804 0.5946 0.91706 -0.237096 0.320594 -0.398749 -0.545284 0.737316 80.dat
1 1 -255.243 -214.072 -55.09 0 0.8405 0.5418 0.91706 -0.216042 0.335149 -0.398749 -0.496863 0.770789 80.dat
1 1 -250.514 -215.194 -57.671 0 0.8807 0.4737 0.91706 -0.188887 0.351178 -0.398749 -0.434411 0.807655 80.dat
1 1 -245.558 -216.148 -59.863 0 0.9224 0.3861 0.91706 -0.153957 0.367806 -0.398749 -0.354077 0.845896 80.dat
1 1 -240.379 -216.887 -61.562 0 0.9612 0.2759 0.91706 -0.110015 0.383278 -0.398749 -0.253017 0.881478 80.dat
1 1 -235.018 -217.359 -62.65 0 0.9897 0.1434 0.91706 -0.0571806 0.394642 -0.398749 -0.131506 0.907614 80.dat
1 1 -229.532 -217.528 -63.038 0 1 -0.0041 0.91706 0.00163487 0.398749 -0.398749 0.00375995 0.91706 80.dat
1 1 -224.06 -217.371 -62.677 0 0.9883 -0.1525 0.91706 0.0608092 0.394084 -0.398749 0.139852 0.90633 80.dat
1 1 -218.691 -216.901 -61.596 0 0.9577 -0.2878 0.91706 0.11476 0.381882 -0.398749 0.26393 0.878268 80.dat
1 1 -213.517 -216.155 -59.881 0 0.9159 -0.4014 0.91706 0.160058 0.365214 -0.398749 0.368108 0.839935 80.dat
1 1 -208.578 -215.182 -57.642 0 0.8706 -0.492 0.91706 0.196185 0.347151 -0.398749 0.451194 0.798393 80.dat
1 1 -203.883 -214.029 -54.991 0 0.8268 -0.5624 0.91706 0.224256 0.329686 -0.398749 0.515755 0.758225 80.dat
1 1 -199.421 -212.737 -52.021 0 0.787 -0.6169 0.91706 0.245988 0.313816 -0.398749 0.565734 0.721726 80.dat
1 1 -195.174 -211.34 -48.807 0 0.7518 -0.6593 0.91706 0.262895 0.29978 -0.398749 0.604618 0.689446 80.dat
1 1 -191.107 -209.857 -45.399 0 0.7212 -0.6927 0.91706 0.276213 0.287578 -0.398749 0.635248 0.661384 80.dat
1 1 -187.202 -208.31 -41.839 0 0.6946 -0.7194 0.91706 0.28686 0.276971 -0.398749 0.659733 0.63699 80.dat
1 1 -183.427 -206.705 -38.147 0 0.6715 -0.741 0.91706 0.295473 0.26776 -0.398749 0.679542 0.615806 80.dat
1 1 -179.776 -205.06 -34.362 0 0.6515 -0.7587 0.91706 0.302531 0.259785 -0.398749 0.695773 0.597465 80.dat
1 1 -176.234 -203.38 -30.5 0 0.634 -0.7733 0.91706 0.308353 0.252807 -0.398749 0.709163 0.581416 80.dat
1 1 -172.784 -201.672 -26.569 0 0.6188 -0.7856 0.91706 0.313257 0.246746 -0.398749 0.720442 0.567477 80.dat
1 1 -169.462 -199.92 -22.543 0 0.5845 -0.8114 0.91706 0.323545 0.233069 -0.398749 0.744103 0.536022 80.dat
1 1 -166.37 -198.107 -18.373 0 0.5348 -0.845 0.91706 0.336943 0.213251 -0.398749 0.774916 0.490444 80.dat
1 1 -163.478 -196.241 -14.081 0 0.5149 -0.8573 0.91706 0.341848 0.205316 -0.398749 0.786196 0.472194 80.dat
1 1 -160.522 -194.391 -9.829 0 0.5641 -0.8257 0.91706 0.329247 0.224934 -0.398749 0.757217 0.517314 79.dat
1 1 -304.713 -156.908 -23.936 0 -0.6251 0.7806 0.91706 0.311264 0.249258 -0.398749 0.715857 0.573254 79.dat
1 1 -301.281 -158.623 -27.877 0 0.6228 0.7823 0.91706 -0.311941 0.248341 -0.398749 -0.717416 0.571145 80.dat
1 1 -297.853 -160.338 -31.822 0 0.6235 0.7818 0.91706 -0.311742 0.24862 -0.398749 -0.716958 0.571787 80.dat
1 1 -294.405 -162.047 -35.755 0 0.6306 0.7761 0.91706 -0.309469 0.251451 -0.398749 -0.71173 0.578298 80.dat
1 1 -290.903 -163.745 -39.661 0 0.6407 0.7678 0.91706 -0.30616 0.255479 -0.398749 -0.704119 0.58756 80.dat
1 1 -287.343 -165.423 -43.518 0 0.6524 0.7579 0.91706 -0.302212 0.260144 -0.398749 -0.69504 0.59829 80.dat
1 1 -283.711 -167.077 -47.324 0 0.6658 0.7461 0.91706 -0.297507 0.265487 -0.398749 -0.684219 0.610579 80.dat
1 1 -280.002 -168.703 -51.063 0 0.6813 0.732 0.91706 -0.291884 0.271668 -0.398749 -0.671288 0.624793 80.dat
1 1 -276.198 -170.297 -54.728 0 0.6992 0.7149 0.91706 -0.285066 0.278805 -0.398749 -0.655606 0.641208 80.dat
1 1 -272.293 -171.847 -58.293 0 0.72 0.694 0.91706 -0.276732 0.287099 -0.398749 -0.63644 0.660283 80.dat
1 1 -268.268 -173.345 -61.738 0 0.744 0.6681 0.91706 -0.266404 0.296669 -0.398749 -0.612688 0.682293 80.dat
1 1 -264.101 -174.78 -65.038 0 0.7719 0.6357 0.91706 -0.253485 0.307794 -0.398749 -0.582975 0.707879 80.dat
1 1 -259.772 -176.133 -68.152 0 0.804 0.5946 0.91706 -0.237096 0.320594 -0.398749 -0.545284 0.737316 80.dat
1 1 -255.243 -177.39 -71.041 0 0.8405 0.5418 0.91706 -0.216042 0.335149 -0.398749 -0.496863 0.770789 80.dat
1 1 -250.514 -178.512 -73.622 0 0.8807 0.4737 0.91706 -0.188887 0.351178 -0.398749 -0.434411 0.807655 80.dat
1 1 -245.558 -179.465 -75.813 0 0.9224 0.3861 0.91706 -0.153957 0.367806 -0.398749 -0.354077 0.845896 80.dat
1 1 -240.379 -180.203 -77.511 0 0.9612 0.2759 0.91706 -0.110015 0.383278 -0.398749 -0.253017 0.881478 80.dat
1 1 -235.018 -180.677 -78.601 0 0.9897 0.1434 0.91706 -0.0571806 0.394642 -0.398749 -0.131506 0.907614 80.dat
1 1 -229.532 -180.846 -78.989 0 1 -0.0041 0.91706 0.00163487 0.398749 -0.398749 0.00375995 0.91706 80.dat
1 1 -224.06 -180.689 -78.626 0 0.9883 -0.1525 0.91706 0.0608092 0.394084 -0.398749 0.139852 0.90633 80.dat
1 1 -218.691 -180.219 -77.546 0 0.9577 -0.2878 0.91706 0.11476 0.381882 -0.398749 0.26393 0.878268 80.dat
1 1 -213.517 -179.473 -75.831 0 0.9159 -0.4014 0.91706 0.160058 0.365214 -0.398749 0.368108 0.839935 80.dat
1 1 -208.578 -178.5 -73.592 0 0.8706 -0.492 0.91706 0.196185 0.347151 -0.398749 0.451194 0.798393 80.dat
1 1 -203.883 -177.347 -70.941 0 0.8268 -0.5624 0.91706 0.224256 0.329686 -0.398749 0.515755 0.758225 80.dat
1 1 -199.421 -176.055 -67.97 0 0.787 -0.6169 0.91706 0.245988 0.313816 -0.398749 0.565734 0.721726 80.dat
1 1 -195.174 -174.658 -64.758 0 0.7518 -0.6593 0.91706 0.262895 0.29978 -0.398749 0.604618 0.689446 80.dat
1 1 -191.107 -173.175 -61.348 0 0.7212 -0.6927 0.91706 0.276213 0.287578 -0.398749 0.635248 0.661384 80.dat
1 1 -187.202 -171.628 -57.789 0 0.6946 -0.7194 0.91706 0.28686 0.276971 -0.398749 0.659733 0.63699 80.dat
1 1 -183.427 -170.023 -54.098 0 0.6715 -0.741 0.91706 0.295473 0.26776 -0.398749 0.679542 0.615806 80.dat
1 1 -179.776 -168.377 -50.312 0 0.6515 -0.7587 0.91706 0.302531 0.259785 -0.398749 0.695773 0.597465 80.dat
1 1 -176.234 -166.698 -46.45 0 0.634 -0.7733 0.91706 0.308353 0.252807 -0.398749 0.709163 0.581416 80.dat
1 1 -172.784 -164.988 -42.52 0 0.6188 -0.7856 0.91706 0.313257 0.246746 -0.398749 0.720442 0.567477 80.dat
1 1 -169.462 -163.238 -38.493 0 0.5845 -0.8114 0.91706 0.323545 0.233069 -0.398749 0.744103 0.536022 80.dat
1 1 -166.37 -161.425 -34.322 0 0.5348 -0.845 0.91706 0.336943 0.213251 -0.398749 0.774916 0.490444 80.dat
1 1 -163.478 -159.559 -30.031 0 0.5149 -0.8573 0.91706 0.341848 0.205316 -0.398749 0.786196 0.472194 80.dat
1 1 -160.522 -157.709 -25.778 0 0.5641 -0.8257 0.91706 0.329247 0.224934 -0.398749 0.757217 0.517314 79.dat
1 7 -157.75 -156.034 -21.925 0.601815 -0.798636 0 0.318455 0.239973 -0.91706 0.732397 0.551901 0.398749 3749.dat
1 1 -321.85 45.402 -35.144 1 0 0 0 0.0697561 -0.997564 0 0.997564 0.0697561 32054.dat
1 1 -190.484 154.072 64.309 0 0.681998 0.731354 -0.91706 -0.291627 0.271946 0.398749 -0.670696 0.625433 32054.dat
1 1 -271.355 154.072 64.309 0 -0.681998 0.731354 -0.91706 -0.291627 -0.271946 0.398749 -0.670696 -0.625433 32054.dat
1 1 -141.85 45.402 -35.144 -1 0 0 0 0.398749 0.91706 0 0.91706 -0.398749 32054.dat
1 15 -341.85 -139.205 66.935 0 0 1 -0.398749 0.91706 0 -0.91706 -0.398749 0 3701.dat
1 15 -361.85 -139.205 66.935 0 0 1 -0.398749 0.91706 0 -0.91706 -0.398749 0 3700.dat
1 15 -121.85 -139.205 66.935 0 0 1 -0.398749 0.91706 0 -0.91706 -0.398749 0 3701.dat
1 15 -101.85 -139.205 66.935 0 0 1 -0.398749 0.91706 0 -0.91706 -0.398749 0 3700.dat
1 15 -141.85 -31.951 -12.414 0 0 1 0.91706 0.398749 0 -0.398749 0.91706 0 3703.dat
1 0 -131.85 -138.01 44.605 1 0 0 0 0.398749 -0.91706 0 0.91706 0.398749 4459.dat
1 0 -171.85 -165.522 56.568 0 0 -1 -0.91706 0.398749 0 0.398749 0.91706 0 32556.dat
1 0 -340.92 105.985 3.873 0 -0.681998 0.731354 -0.91706 -0.291627 -0.271946 0.398749 -0.670696 -0.625433 32556.dat
1 0 -120.92 105.985 3.873 0 0.681998 0.731354 -0.91706 -0.291627 0.271946 0.398749 -0.670696 0.625433 32556.dat
1 0 -361.85 -130.034 62.947 1 0 0 0 0.398749 -0.91706 0 0.91706 0.398749 32556.dat
1 0 -291.85 -165.522 56.568 0 0 -1 -0.91706 0.398749 0 0.398749 0.91706 0 32556.dat
1 0 -171.85 -149.571 93.251 0 0 -1 -0.91706 0.398749 0 0.398749 0.91706 0 32556.dat
1 0 -291.85 -149.571 93.251 0 0 -1 -0.91706 0.398749 0 0.398749 0.91706 0 32556.dat
1 0 -331.85 -138.01 44.605 1 0 0 0 0.398749 -0.91706 0 0.91706 0.398749 4459.dat
1 0 -311.85 -119.668 36.63 1 0 0 0 -0.999847 0.0174524 0 -0.0174524 -0.999847 4459.dat
1 0 -151.85 -119.668 36.63 1 0 0 0 0.398749 -0.91706 0 0.91706 0.398749 4459.dat
1 15 -231.85 -169.509 47.398 1 0 0 0 0.398749 -0.91706 0 0.91706 0.398749 3702.dat
1 0 -230.92 135.751 72.332 -1 0 0 0 -0.398749 -0.91706 0 -0.91706 0.398749 4519.dat
1 15 -190.92 135.751 72.332 0 0 1 0.91706 0.398749 0 -0.398749 0.91706 0 32014.dat
1 15 -270.92 135.751 72.332 0 0 -1 -0.91706 0.398749 0 0.398749 0.91706 0 32014.dat
1 15 -201.85 143.764 -62.07 0 0 1 0.997564 0.0697561 0 -0.0697561 0.997564 0 R2-D2.ldr
1 15 -171.85 -107.306 140.3 1 0 0 0 -0.91706 -0.398749 0 0.398749 -0.91706 32271.dat
1 15 -291.85 -107.306 140.3 -1 0 0 0 0.91706 -0.398749 0 -0.398749 -0.91706 32271.dat
1 15 -305.993 -127.982 142.903 -0.707107 0.707107 0 -0.281958 -0.281958 -0.91706 -0.64846 -0.64846 0.398749 6536.dat
1 7 -298.922 -125.163 149.388 -0.707107 0.707107 0 -0.281958 -0.281958 -0.91706 -0.64846 -0.64846 0.398749 3749.dat
1 7 -164.778 -125.163 149.388 0.707107 -0.707107 0 -0.281958 -0.281958 0.91706 -0.64846 -0.64846 -0.398749 3749.dat
1 15 -157.707 -127.982 142.903 -0.707107 -0.707107 0 0.281958 -0.281958 -0.91706 0.64846 -0.64846 0.398749 6536.dat
1 15 -116.85 43.012 9.513 0 1 0 0.91706 0 -0.398749 -0.398749 0 -0.91706 6632.dat
1 15 -126.85 43.012 9.513 0 1 0 0.91706 0 -0.398749 -0.398749 0 -0.91706 6632.dat
1 7 -131.85 43.012 9.513 1 0 0 0 -0.91706 -0.398749 0 0.398749 -0.91706 3749.dat
1 7 -131.85 27.061 -27.168 1 0 0 0 -0.91706 -0.398749 0 0.398749 -0.91706 3749.dat
1 15 -346.85 43.012 9.513 0 -1 0 -0.91706 0 -0.398749 0.398749 0 -0.91706 6632.dat
1 15 -336.85 43.012 9.513 0 -1 0 -0.91706 0 -0.398749 0.398749 0 -0.91706 6632.dat
1 7 -331.85 43.012 9.513 -1 0 0 0 0.91706 -0.398749 0 -0.398749 -0.91706 3749.dat
1 7 -331.85 27.061 -27.168 -1 0 0 0 0.91706 -0.398749 0 -0.398749 -0.91706 3749.dat
1 7 -130.92 79.669 -6.493 1 0 0 0 0.91706 0.398749 0 -0.398749 0.91706 3749.dat
1 7 -176.844 139.068 54.882 0 0.731354 -0.681998 -0.91706 0.271946 0.291627 0.398749 0.625433 0.670696 3749.dat
1 7 -284.996 139.068 54.882 0 0.731354 0.681998 -0.91706 -0.271946 0.291627 0.398749 -0.625433 0.670696 3749.dat
1 7 -130.92 116.351 -22.444 1 0 0 0 0.91706 0.398749 0 -0.398749 0.91706 3749.dat
1 7 -330.92 116.351 -22.444 -1 0 0 0 -0.91706 0.398749 0 0.398749 0.91706 3749.dat
1 7 -330.92 79.669 -6.493 -1 0 0 0 -0.91706 0.398749 0 0.398749 0.91706 3749.dat
1 15 -341.85 63.744 -43.119 -1 0 0 0 -0.398749 -0.91706 0 -0.91706 0.398749 6536.dat
1 15 -341.85 100.425 -59.069 -1 0 0 0 -0.398749 -0.91706 0 -0.91706 0.398749 6536.dat
1 15 -121.85 63.744 -43.119 -1 0 0 0 -0.398749 -0.91706 0 -0.91706 0.398749 6536.dat
1 15 -121.85 100.425 -59.069 -1 0 0 0 -0.398749 -0.91706 0 -0.91706 0.398749 6536.dat
1 15 -306.385 68.115 -108.299 0.731354 -0.681998 0 0.271946 0.291627 -0.91706 0.625433 0.670696 0.398749 32188.dat
1 15 -157.315 68.115 -108.299 0.731354 0.681998 0 -0.271946 0.291627 -0.91706 -0.625433 0.670696 0.398749 32189.dat
1 1 -272.286 62.705 -145.821 0 -0.681998 -0.731354 -0.91706 0.291627 -0.271946 0.398749 0.670696 -0.625433 32054.dat
1 1 -191.415 62.705 -145.821 0 0.681998 -0.731354 -0.91706 0.291627 0.271946 0.398749 0.670696 0.625433 32054.dat
1 0 -121.85 74.11 -69.435 0 0.681998 -0.731354 -0.91706 0.291627 0.271946 0.398749 0.670696 0.625433 32556.dat
1 0 -341.85 74.11 -69.435 0 -0.681998 -0.731354 -0.91706 0.291627 -0.271946 0.398749 0.670696 -0.625433 32556.dat
1 0 -231.85 44.343 -137.894 1 0 0 0 0.398749 -0.91706 0 0.91706 0.398749 4519.dat
1 15 -271.85 44.343 -137.894 0 0 -1 0.91706 -0.398749 0 -0.398749 -0.91706 0 32014.dat
1 15 -191.85 44.343 -137.894 0 0 1 -0.91706 -0.398749 0 0.398749 -0.91706 0 32014.dat
1 7 -331.85 63.744 -43.119 -1 0 0 0 0.91706 -0.398749 0 -0.398749 -0.91706 3749.dat
1 7 -285.926 59.368 -128.419 0 -0.731354 0.681998 -0.91706 -0.271946 -0.291627 0.398749 -0.625433 -0.670696 3749.dat
1 7 -177.774 59.368 -128.419 0 -0.731354 -0.681998 -0.91706 0.271946 -0.291627 0.398749 0.625433 -0.670696 3749.dat
1 7 -331.85 100.425 -59.069 -1 0 0 0 0.91706 -0.398749 0 -0.398749 -0.91706 3749.dat
1 7 -131.85 100.425 -59.069 1 0 0 0 -0.91706 -0.398749 0 0.398749 -0.91706 3749.dat
1 7 -131.85 63.744 -43.119 1 0 0 0 -0.91706 -0.398749 0 0.398749 -0.91706 3749.dat
1 7 -111.85 -117.196 57.365 -1 0 0 0 0.91706 -0.398749 0 -0.398749 -0.91706 3022.dat
1 7 -351.85 -150.529 60.954 -1 0 0 0 0.91706 -0.398749 0 -0.398749 -0.91706 2412b.dat
1 7 -351.85 -142.554 79.295 -1 0 0 0 0.91706 -0.398749 0 -0.398749 -0.91706 2412b.dat
1 7 -111.85 -150.529 60.954 -1 0 0 0 0.91706 -0.398749 0 -0.398749 -0.91706 2412b.dat
1 7 -111.85 -142.554 79.295 -1 0 0 0 0.91706 -0.398749 0 -0.398749 -0.91706 2412b.dat
1 15 -297.154 -124.458 151.009 0 -0.7071 0.7071 -0.91706 -0.281955 -0.281955 0.398749 -0.648453 -0.648453 79.dat
1 15 -293.264 -122.907 154.576 0 0.7072 0.707 -0.91706 0.281916 -0.281995 0.398749 0.648361 -0.648545 80.dat
1 15 -289.374 -121.356 158.143 0 0.7072 0.707 -0.91706 0.281916 -0.281995 0.398749 0.648361 -0.648545 80.dat
1 15 -285.461 -119.815 161.687 0 0.7166 0.6975 -0.91706 0.278127 -0.285744 0.398749 0.639649 -0.657165 80.dat
1 15 -281.463 -118.304 165.161 0 0.737 0.6759 -0.91706 0.269514 -0.293878 0.398749 0.619841 -0.675873 80.dat
1 15 -277.352 -116.847 168.512 0 0.7597 0.6503 -0.91706 0.259307 -0.30293 0.398749 0.596364 -0.696691 80.dat
1 15 -273.1 -115.449 171.73 0 0.7848 0.6197 -0.91706 0.247105 -0.312938 0.398749 0.568302 -0.719709 80.dat
1 15 -268.703 -114.122 174.779 0 0.8126 0.5829 -0.91706 0.232431 -0.324023 0.398749 0.534554 -0.745203 80.dat
1 15 -264.147 -112.885 177.625 0 0.8427 0.5384 -0.91706 0.214686 -0.336026 0.398749 0.493745 -0.772807 80.dat
1 15 -259.419 -111.755 180.224 0 0.8748 0.4845 -0.91706 0.193194 -0.348826 0.398749 0.444316 -0.802244 80.dat
1 15 -254.525 -110.757 182.52 0 0.9077 0.4195 -0.91706 0.167275 -0.361945 0.398749 0.384707 -0.832415 80.dat
1 15 -249.45 -109.914 184.457 0 0.9398 0.3418 -0.91706 0.136292 -0.374744 0.398749 0.313451 -0.861853 80.dat
1 15 -244.203 -109.254 185.975 0 0.9681 0.2506 -0.91706 0.0999265 -0.386029 0.398749 0.229815 -0.887806 80.dat
1 15 -238.813 -108.806 187.004 0 0.9891 0.1471 -0.91706 0.058656 -0.394403 0.398749 0.1349 -0.907064 80.dat
1 15 -233.339 -108.594 187.492 0 0.9994 0.0353 -0.91706 0.0140758 -0.39851 0.398749 0.0323722 -0.91651 80.dat
1 15 -227.843 -108.632 187.407 0 0.9969 -0.0792 -0.91706 -0.0315809 -0.397513 0.398749 -0.0726312 -0.914217 80.dat
1 15 -222.388 -108.915 186.753 0 0.9819 -0.1897 -0.91706 -0.0756427 -0.391532 0.398749 -0.173966 -0.900461 80.dat
1 15 -217.046 -109.433 185.565 0 0.9569 -0.2905 -0.91706 -0.115837 -0.381563 0.398749 -0.266406 -0.877535 80.dat
1 15 -211.848 -110.158 183.894 0 0.9255 -0.3787 -0.91706 -0.151006 -0.369042 0.398749 -0.347291 -0.848739 80.dat
1 15 -206.834 -111.066 181.809 0 0.8912 -0.4535 -0.91706 -0.180833 -0.355365 0.398749 -0.415887 -0.817284 80.dat
1 15 -202.006 -112.125 179.372 0 0.8567 -0.5159 -0.91706 -0.205715 -0.341608 0.398749 -0.473111 -0.785645 80.dat
1 15 -197.371 -113.308 176.648 0 0.8234 -0.5674 -0.91706 -0.22625 -0.32833 0.398749 -0.52034 -0.755107 80.dat
1 15 -192.91 -114.598 173.682 0 0.7924 -0.61 -0.91706 -0.243237 -0.315969 0.398749 -0.559407 -0.726678 80.dat
1 15 -188.622 -115.972 170.524 0 0.764 -0.6452 -0.91706 -0.257273 -0.304644 0.398749 -0.591687 -0.700634 80.dat
1 15 -184.484 -117.417 167.202 0 0.7382 -0.6746 -0.91706 -0.268996 -0.294357 0.398749 -0.618649 -0.676974 80.dat
1 15 -180.499 -118.928 163.727 0 0.7078 -0.7064 -0.91706 -0.281676 -0.282235 0.398749 -0.647811 -0.649095 80.dat
1 15 -176.601 -120.476 160.166 0 0.7097 -0.7046 -0.91706 -0.280959 -0.282992 0.398749 -0.646161 -0.650838 80.dat
1 15 -172.695 -122.021 156.613 0 0.7104 -0.7038 -0.91706 -0.28064 -0.283271 0.398749 -0.645427 -0.651479 80.dat
1 15 -168.791 -123.567 153.059 0 0.7086 -0.7056 -0.91706 -0.281357 -0.282554 0.398749 -0.647078 -0.649829 79.dat
0
0 FILE R2-D2.ldr
0 R2D2
0 Name: R2-D2.ldr
0 Author: R Paluczak
0 Unofficial Model
0 ROTATION CENTER 0 0 0 1 "Custom" 
0 ROTATION CONFIG 0 0
1 15 30 8 0 1 0 0 0 1 0 0 0 1 3894.dat
1 15 -70 49 -30 0 0 -1 0 1 0 1 0 0 3701.dat
1 15 -60 -30 20 -1 0 0 0 1 0 0 0 -1 3701.dat
1 15 -80 20 -105 0 0 -1 -1 0 0 0 1 0 32056.dat
1 15 -80 20 -95 0 0 -1 -1 0 0 0 1 0 32056.dat
1 15 -80 20 45 0 0 -1 -1 0 0 0 1 0 6632.dat
1 15 -80 20 35 0 0 -1 -1 0 0 0 1 0 6632.dat
1 15 -60 -30 -80 -1 0 0 0 1 0 0 0 -1 3701.dat
1 15 -40 -6 20 -1 0 0 0 1 0 0 0 -1 3023.dat
1 15 -40 2 20 -1 0 0 0 1 0 0 0 -1 3023.dat
1 15 -40 -6 -80 -1 0 0 0 1 0 0 0 -1 3023.dat
1 15 -40 2 -80 -1 0 0 0 1 0 0 0 -1 3023.dat
1 15 30 8 -60 1 0 0 0 1 0 0 0 1 3894.dat
1 15 -20 32 -60 1 0 0 0 1 0 0 0 1 2420.dat
1 15 -20 40 -30 0 0 -1 0 1 0 1 0 0 3710.dat
1 7 0 40 -60 0 0 -1 0 1 0 1 0 0 4073.dat
1 7 0 40 0 0 0 -1 0 1 0 1 0 0 4073.dat
1 7 -20 -8 -10 0 0 -1 0 1 0 1 0 0 3794b.dat
1 7 -20 -8 -50 0 0 -1 0 1 0 1 0 0 3794b.dat
1 7 -20 -32 -50 0 0 -1 0 1 0 1 0 0 6541.dat
1 7 -20 -32 -10 0 0 -1 0 1 0 1 0 0 6541.dat
1 7 -80 20 30 0 0 -1 0 1 0 1 0 0 3749.dat
1 7 -120 20 30 0 0 -1 0 1 0 1 0 0 3749.dat
1 7 -120 20 -90 0 0 1 0 1 0 -1 0 0 3749.dat
1 7 -80 20 -90 0 0 1 0 1 0 -1 0 0 3749.dat
1 7 -80 -20 -90 0 0 1 0 1 0 -1 0 0 3749.dat
1 8 -30 -22 -10 -1 0 0 0 1 0 0 0 -1 32002.dat
1 0 -50 -22 -10 -1 0 0 0 1 0 0 0 -1 4459.dat
1 0 -50 -22 -50 -1 0 0 0 1 0 0 0 -1 4459.dat
1 0 -50 58 -10 -1 0 0 0 1 0 0 0 -1 4459.dat
1 0 -50 58 -50 -1 0 0 0 1 0 0 0 -1 4459.dat
1 7 -55 18 -10 0 1 0 0 0 -1 -1 0 0 32017.dat
1 7 -55 18 -50 0 1 0 0 0 -1 -1 0 0 32017.dat
1 7 84 58 -90 0 1 0 1 0 0 0 0 -1 R2D2 Part 2.ldr
1 0 -10 48 -50 -1 0 0 0 1 0 0 0 -1 2444.dat
1 0 -10 48 -10 -1 0 0 0 1 0 0 0 -1 2444.dat
1 15 -20 32 0 0 0 1 0 1 0 -1 0 0 2420.dat
1 15 -20 0 -60 1 0 0 0 1 0 0 0 1 2420.dat
1 15 -20 0 0 0 0 1 0 1 0 -1 0 0 2420.dat
1 15 -20 8 -30 0 0 -1 0 1 0 1 0 0 3700.dat
1 0 10 18 -20 0 0 -1 0 1 0 1 0 0 32073.dat
1 0 70 18 -20 0 0 -1 0 1 0 1 0 0 32073.dat
1 0 -40 18 -30 -1 0 0 0 1 0 0 0 -1 3705.dat
1 7 70 18 20 -1 0 0 0 1 0 0 0 -1 3648b.dat
1 7 10 18 20 -1 0 0 0 1 0 0 0 -1 3648b.dat
1 7 70 18 -28 -1 0 0 0 1 0 0 0 -1 56897.dat
1 7 70 18 -20 -1 0 0 0 1 0 0 0 -1 3482.dat
1 7 10 18 -35 -1 0 0 0 1 0 0 0 -1 32123a.dat
1 7 10 18 -47 1 0 0 0 1 0 0 0 1 6589.dat
1 7 -7 18 -30 0 0 1 0 1 0 -1 0 0 6589.dat
1 7 10 18 -20 -1 0 0 0 1 0 0 0 -1 3713.dat
1 7 70 18 -40 -1 0 0 0 1 0 0 0 -1 3713.dat
1 8 -30 -22 -50 -1 0 0 0 1 0 0 0 -1 32002.dat
1 8 -30 58 -10 -1 0 0 0 1 0 0 0 -1 32002.dat
1 8 -30 58 -50 -1 0 0 0 1 0 0 0 -1 32002.dat
1 1 -40 18 -30 0 1 0 0 0 1 1 0 0 76421.dat
1 1 -170 114 -160 0 0 -1 0 1 0 1 0 0 Scout Micro.ldr
0
0 FILE Scout Micro.ldr
0 Scout Micro
0 Name: Scout Micro.ldr
0 Author: R Paluczak
0 Unofficial Model
0 ROTATION CENTER 0 0 0 1 "Custom" 
0 ROTATION CONFIG 0 0
1 1 130 -152 0 1 0 0 0 1 0 0 0 1 332.dat
1 7 130 -152 0 1 0 0 0 1 0 0 0 1 32346.dat
1 8 130 -72 40 1 0 0 0 1 0 0 0 1 32344.dat
1 8 130 -152 0 1 0 0 0 1 0 0 0 1 32277.dat
1 1 150 -160 -10 1 0 0 0 1 0 0 0 1 334.dat
1 1 130 -160 -30 1 0 0 0 1 0 0 0 1 334.dat
1 1 110 -160 -10 1 0 0 0 1 0 0 0 1 334.dat
1 41 130 -152 0 1 0 0 0 1 0 0 0 1 32345.dat
1 15 130 -152 0 1 0 0 0 1 0 0 0 1 32276.dat
0
0 FILE R2D2 Part 2.ldr
0 R2D2 Part 2
0 Name: R2D2 Part 2.ldr
0 Author: R Paluczak
0 Unofficial Model
0 ROTATION CENTER 0 0 0 1 "Custom" 
0 ROTATION CONFIG 0 0
1 15 -40 -14 -5 1 0 0 0 0 -1 0 1 0 2905.dat
1 15 -40 -14 -15 1 0 0 0 0 -1 0 1 0 2905.dat
1 7 -80 -24 -30 1 0 0 0 1 0 0 0 1 32064a.dat
1 7 -90 -24 -70 0 0 -1 0 1 0 1 0 0 3623.dat
1 7 10 -24 -70 0 0 -1 0 1 0 1 0 0 3623.dat
1 15 -100 0 -30 1 0 0 0 1 0 0 0 1 3710.dat
1 15 -110 -24 -59 0 0 1 0 1 0 -1 0 0 3037.dat
1 15 30 -24 -59 0 0 -1 0 1 0 1 0 0 3037.dat
1 15 -90 -48 -50 -1 0 0 0 1 0 0 0 -1 3045.dat
1 15 -90 -48 -70 0 0 1 0 1 0 -1 0 0 3045.dat
1 15 10 -48 -70 1 0 0 0 1 0 0 0 1 3045.dat
1 15 10 -48 -50 0 0 -1 0 1 0 1 0 0 3045.dat
1 15 20 0 -30 1 0 0 0 1 0 0 0 1 3710.dat
1 7 0 -24 -30 1 0 0 0 1 0 0 0 1 32064a.dat
1 0 -80 -14 -20 0 1 0 0 0 -1 -1 0 0 32062.dat
1 0 0 -14 -20 0 1 0 0 0 -1 -1 0 0 32062.dat
1 0 -40 -54 -20 0 1 0 0 0 -1 -1 0 0 4459.dat
1 0 -40 -34 -20 0 1 0 0 0 -1 -1 0 0 4459.dat
0
0 FILE R2D2 Part 4.ldr
0 R2D2 Part 4
0 Name: R2D2 Part 4.ldr
0 Author: R Paluczak
0 Unofficial Model
0 ROTATION CENTER 0 0 0 1 "Custom" 
0 ROTATION CONFIG 0 0
1 7 -190 -46 165 0 0 -1 -1 0 0 0 1 0 32063.dat
1 7 -190 -46 155 0 0 -1 -1 0 0 0 1 0 32063.dat
1 1 -240 -46 160 0 0 -1 0 -1 0 -1 0 0 32054.dat
0 
0
0 FILE R2D2 Part 5.ldr
0 R2D2 Part 5
0 Name: R2D2 Part 5.ldr
0 Author: R Paluczak
0 Unofficial Model
0 ROTATION CENTER 0 0 0 1 "Custom" 
0 ROTATION CONFIG 0 0
1 15 0 24 0 1 0 0 0 1 0 0 0 1 4477.dat
1 15 0 24 60 1 0 0 0 1 0 0 0 1 4477.dat
1 15 80 16 30 0 0 -1 0 1 0 1 0 0 3020.dat
1 15 -70 0 30 0 0 1 0 1 0 -1 0 0 3037.dat
1 15 -50 -24 30 0 0 1 0 1 0 -1 0 0 3037.dat
1 15 0 0 60 1 0 0 0 1 0 0 0 1 3894.dat
1 15 0 0 0 1 0 0 0 1 0 0 0 1 3894.dat
1 15 0 -40 0 1 0 0 0 1 0 0 0 1 3701.dat
1 15 0 -30 -20 -1 0 0 0 0 1 0 1 0 32175.dat
1 15 70 -8 50 0 0 -1 0 1 0 1 0 0 3039.dat
1 15 50 -40 50 0 0 -1 0 1 0 1 0 0 3039.dat
1 15 50 -48 30 0 0 -1 0 1 0 1 0 0 2412b.dat
1 15 50 -8 30 0 0 -1 0 1 0 1 0 0 3710.dat
1 15 60 -16 40 0 0 -1 0 1 0 1 0 0 3021.dat
1 15 70 -8 0 0 0 -1 0 1 0 1 0 0 3040b.dat
1 15 50 -32 0 0 0 -1 0 1 0 1 0 0 3040b.dat
1 7 70 -8 20 0 0 -1 0 1 0 1 0 0 6541.dat
1 7 -30 -8 0 0 0 -1 0 1 0 1 0 0 4073.dat
1 7 -30 -16 0 0 0 -1 0 1 0 1 0 0 4073.dat
1 7 30 -8 0 0 0 -1 0 1 0 1 0 0 4073.dat
1 7 30 -16 0 0 0 -1 0 1 0 1 0 0 4073.dat
1 7 -2 -40 80 0 -1 0 0 0 -1 1 0 0 4073.dat
1 7 6 -40 80 0 -1 0 0 0 -1 1 0 0 4073.dat
1 7 -2 20 80 0 -1 0 0 0 -1 1 0 0 4073.dat
1 7 6 20 80 0 -1 0 0 0 -1 1 0 0 4073.dat
1 7 80 2 20 1 0 0 0 1 0 0 0 1 4274.dat
1 7 50 -40 20 0 0 -1 0 1 0 1 0 0 6541.dat
1 7 60 -30 20 1 0 0 0 1 0 0 0 1 4274.dat
1 8 20 10 -10 0 0 1 0 1 0 -1 0 0 32002.dat
1 8 -20 10 -10 0 0 1 0 1 0 -1 0 0 32002.dat
1 8 0 -30 -10 0 0 1 0 1 0 -1 0 0 32002.dat
1 0 0 10 30 0 0 1 0 1 0 -1 0 0 3705.dat
1 0 0 -50 60 1 0 0 0 1 0 0 0 1 4519.dat
1 0 -20 10 70 0 0 1 0 1 0 -1 0 0 4459.dat
1 0 20 -10 90 0 0 1 0 1 0 -1 0 0 4459.dat
1 7 -20 -10 90 0 0 -1 0 1 0 1 0 0 3749.dat
1 0 112.032 -26.023 110 0 0.284015 -0.95882 0 0.95882 0.284015 1 0 0 4459.dat
1 7 124 -42.05 110 0 0.801254 0.598325 0 0.598325 -0.801254 -1 0 0 3749.dat
1 7 -20 -10 100 0 0 1 -1 0 0 0 -1 0 32271.dat
1 7 141.909 -66.087 114 0.801254 0 0.598325 0.598325 0 -0.801254 0 1 0 32063.dat
1 7 141.909 -66.087 124 0.801254 0 0.598325 0.598325 0 -0.801254 0 1 0 32063.dat
1 0 20 10 80 0 0 1 0 1 0 -1 0 0 6558.dat
1 0 20 -30 80 0 0 1 0 1 0 -1 0 0 6558.dat
1 7 40 10 90 0 0 1 0 1 0 -1 0 0 32126.dat
1 7 40 10 110 0 0 1 0 -1 0 1 0 0 32126.dat
1 0 -20 -30 70 0 0 1 0 1 0 -1 0 0 4459.dat
1 0 0 -70 50 0 0 1 0 1 0 -1 0 0 4459.dat
1 7 0 10 40 1 0 0 0 1 0 0 0 1 3713.dat
1 7 0 10 28 1 0 0 0 1 0 0 0 1 56897.dat
1 7 0 10 20 1 0 0 0 1 0 0 0 1 3482.dat
1 0 171.825 -106.149 109 0 -0.801254 0.598325 0 -0.598325 -0.801254 1 0 0 4459.dat
1 15 -10 -10 80 0 -1 0 1 0 0 0 0 1 3701.dat
1 15 30 -10 80 0 -1 0 1 0 0 0 0 1 3701.dat
1 7 20 -50 60 1 0 0 0 1 0 0 0 1 6536.dat
1 7 -20 -50 60 1 0 0 0 1 0 0 0 1 6536.dat
1 15 0 -50 60 -1 0 0 0 -1 0 0 0 1 6536.dat
1 7 100 2 20 0 -1 0 1 0 0 0 0 1 LS40.dat
1 7 100 2 20 -0.0022 2.509 -0.0249 1 0.0056 -0 -0 0.0625 0.9997 LS41.dat
1 7 101.301 2.0029 20.0324 -0.0065 2.4242 -0.075 1 0.0162 0.0017 -0.0022 0.1823 0.9972 LS41.dat
1 7 102.525 2.0111 20.1244 -0.0106 2.3508 -0.1247 0.9999 0.0263 0.0031 -0.0045 0.2955 0.9922 LS41.dat
1 7 103.684 2.024 20.2701 -0.0145 2.2914 -0.1741 0.9999 0.036 0.0042 -0.0068 0.405 0.9847 LS41.dat
1 7 104.79 2.0414 20.4655 -0.0182 2.2402 -0.2231 0.9998 0.0456 0.005 -0.0093 0.5126 0.9748 LS41.dat
1 7 105.855 2.063 20.7092 -0.0217 2.1839 -0.2717 0.9997 0.0548 0.0056 -0.0119 0.6163 0.9624 LS41.dat
1 7 106.877 2.0887 20.9977 -0.025 2.1371 -0.3196 0.9996 0.0641 0.0059 -0.0146 0.7206 0.9475 LS41.dat
1 7 107.869 2.1184 21.3322 -0.0281 2.0867 -0.3669 0.9995 0.0731 0.0059 -0.0174 0.8224 0.9303 LS41.dat
1 7 108.829 2.152 21.7106 -0.0311 2.0459 -0.4132 0.9993 0.0825 0.0057 -0.0204 0.9279 0.9106 LS41.dat
1 7 109.769 2.1899 22.1368 -0.0338 1.9937 -0.4587 0.9992 0.0914 0.0053 -0.0234 1.0287 0.8886 LS41.dat
1 7 110.686 2.232 22.6101 -0.0362 1.9382 -0.5029 0.999 0.1002 0.0047 -0.0265 1.1272 0.8643 LS41.dat
1 7 111.579 2.2782 23.1295 -0.0384 1.8916 -0.5458 0.9988 0.1095 0.0039 -0.0297 1.2316 0.8379 LS41.dat
1 7 112.458 2.3291 23.7019 -0.0404 1.8408 -0.5872 0.9986 0.1187 0.003 -0.033 1.335 0.8094 LS41.dat
1 7 113.321 2.3847 24.3275 -0.0422 1.7962 -0.6272 0.9984 0.1285 0.0019 -0.0364 1.4462 0.7788 LS41.dat
1 7 114.176 2.4458 25.0156 -0.0436 1.7453 -0.6656 0.9983 0.1384 0.0006 -0.0398 1.5566 0.7463 LS41.dat
1 7 115.019 2.5127 25.7673 -0.0449 1.6981 -0.7024 0.9981 0.149 -0.0007 -0.0433 1.6758 0.7118 LS41.dat
1 7 115.856 2.5861 26.5939 -0.0458 1.6378 -0.7373 0.9979 0.1589 -0.0022 -0.0468 1.7882 0.6755 LS41.dat
1 7 116.684 2.6664 27.4973 -0.0464 1.5748 -0.7702 0.9977 0.1691 -0.0037 -0.0503 1.9028 0.6378 LS41.dat
1 7 117.495 2.7536 28.4783 -0.0467 1.5285 -0.8011 0.9975 0.182 -0.0052 -0.0538 2.0473 0.5985 LS41.dat
1 7 118.304 2.8499 29.5619 -0.0467 1.4799 -0.8301 0.9973 0.1961 -0.0068 -0.0573 2.2056 0.5576 LS41.dat
1 7 119.11 2.9567 30.7629 -0.0463 1.4229 -0.8572 0.9971 0.2108 -0.0084 -0.0608 2.3719 0.515 LS41.dat
1 7 119.911 3.0753 32.097 -0.0456 1.3472 -0.8821 0.9969 0.2247 -0.01 -0.0643 2.5279 0.471 LS41.dat
1 7 120.694 3.2059 33.5667 -0.0445 1.2644 -0.9046 0.9967 0.2391 -0.0114 -0.0677 2.6899 0.4262 LS41.dat
1 7 121.449 3.3487 35.1728 -0.043 1.1951 -0.9247 0.9966 0.259 -0.0128 -0.071 2.9142 0.3804 LS41.dat
1 7 122.186 3.5085 36.971 -0.041 1.1066 -0.9427 0.9964 0.2793 -0.014 -0.0741 3.1426 0.3332 LS41.dat
1 7 122.893 3.6868 38.9765 -0.0386 0.9964 -0.9583 0.9963 0.299 -0.0151 -0.0771 3.3637 0.2852 LS41.dat
1 7 123.548 3.8834 41.1886 -0.0358 0.8747 -0.9715 0.9962 0.3211 -0.0159 -0.0799 3.6123 0.2367 LS41.dat
1 7 124.14 4.1007 43.6332 -0.0324 0.735 -0.9821 0.9961 0.345 -0.0164 -0.0824 3.8816 0.1874 LS41.dat
1 7 124.651 4.3409 46.3352 -0.0285 0.5699 -0.9903 0.996 0.3682 -0.0167 -0.0846 4.1425 0.1377 LS41.dat
1 7 125.058 4.6033 49.2877 -0.0242 0.3819 -0.996 0.996 0.3926 -0.0166 -0.0864 4.4165 0.0876 LS41.dat
1 7 125.336 4.8899 52.5117 -0.0194 0.1662 -0.9992 0.9959 0.4105 -0.0162 -0.0878 4.6186 0.0374 LS41.dat
1 7 125.46 5.1944 55.9374 -0.0142 -0.0687 -0.9998 0.996 0.4303 -0.0154 -0.0887 4.8411 -0.0128 LS41.dat
1 7 125.408 5.5186 59.5837 -0.0087 -0.3209 -0.9979 0.996 0.4424 -0.0143 -0.0891 4.9768 -0.0631 LS41.dat
1 7 125.164 5.8548 63.3664 -0.0029 -0.5836 -0.9935 0.996 0.4505 -0.013 -0.0889 5.0676 -0.1132 LS41.dat
1 7 124.717 6.1998 67.2473 0.0029 -0.8348 -0.9865 0.9961 0.4461 -0.0115 -0.0881 5.0189 -0.1631 LS41.dat
1 7 124.078 6.5412 71.0888 0.0086 -1.0819 -0.9771 0.9962 0.4405 -0.01 -0.0867 4.9553 -0.2124 LS41.dat
1 7 123.252 6.8775 74.872 0.0142 -1.3029 -0.9652 0.9963 0.4262 -0.0085 -0.0847 4.7949 -0.2615 LS41.dat
1 7 122.264 7.2007 78.5083 0.0194 -1.4882 -0.9507 0.9964 0.405 -0.0071 -0.0822 4.5559 -0.3099 LS41.dat
1 7 121.148 7.5045 81.9256 0.0241 -1.639 -0.9339 0.9966 0.3801 -0.0058 -0.0793 4.2767 -0.3574 LS41.dat
1 7 119.938 7.7851 85.0826 0.0283 -1.7717 -0.9148 0.9967 0.3562 -0.0048 -0.0761 4.0075 -0.404 LS41.dat
1 7 118.651 8.0438 87.9929 0.032 -1.8631 -0.8933 0.9969 0.3288 -0.0041 -0.0725 3.6992 -0.4495 LS41.dat
1 7 117.329 8.2772 90.618 0.035 -1.9581 -0.8695 0.997 0.3061 -0.0035 -0.0687 3.4441 -0.494 LS41.dat
1 7 115.968 8.4899 93.0118 0.0375 -2.0108 -0.8433 0.9972 0.2804 -0.0032 -0.0648 3.154 -0.5374 LS41.dat
1 7 114.604 8.6801 95.1515 0.0393 -2.049 -0.8152 0.9974 0.2562 -0.0031 -0.0607 2.8827 -0.5792 LS41.dat
1 7 113.251 8.8493 97.0543 0.0407 -2.0924 -0.7851 0.9976 0.2356 -0.0031 -0.0566 2.6507 -0.6194 LS41.dat
1 7 111.904 9.001 98.7609 0.0415 -2.1155 -0.7529 0.9978 0.215 -0.0033 -0.0524 2.4192 -0.6581 LS41.dat
1 7 110.579 9.1357 100.276 0.0418 -2.1455 -0.719 0.998 0.1972 -0.0035 -0.0483 2.2183 -0.695 LS41.dat
1 7 109.272 9.2558 101.628 0.0417 -2.1782 -0.6831 0.9982 0.181 -0.0038 -0.0442 2.0363 -0.7303 LS41.dat
1 7 107.974 9.3637 102.842 0.0411 -2.1866 -0.6455 0.9984 0.1642 -0.0041 -0.0401 1.8472 -0.7638 LS41.dat
1 7 106.707 9.4588 103.912 0.0401 -2.2217 -0.6063 0.9985 0.1505 -0.0044 -0.0361 1.6932 -0.7952 LS41.dat
1 7 105.447 9.5441 104.872 0.0388 -2.2394 -0.5655 0.9987 0.1364 -0.0046 -0.0322 1.5347 -0.8248 LS41.dat
1 7 104.202 9.62 105.725 0.0371 -2.2491 -0.5233 0.9989 0.1227 -0.0048 -0.0284 1.3806 -0.8521 LS41.dat
1 7 102.98 9.6867 106.475 0.0351 -2.284 -0.4799 0.9991 0.111 -0.0048 -0.0247 1.2489 -0.8773 LS41.dat
1 7 101.76 9.746 107.142 0.0327 -2.3184 -0.435 0.9992 0.0995 -0.0048 -0.0211 1.1195 -0.9004 LS41.dat
1 7 100.536 9.7985 107.733 0.03 -2.3249 -0.3889 0.9994 0.0872 -0.0046 -0.0176 0.9811 -0.9213 LS41.dat
1 7 99.3243 9.844 108.245 0.0271 -2.3358 -0.3421 0.9995 0.0756 -0.0042 -0.0144 0.8502 -0.9396 LS41.dat
1 7 98.1163 9.883 108.684 0.0239 -2.3457 -0.2948 0.9997 0.0643 -0.0037 -0.0113 0.7235 -0.9555 LS41.dat
1 7 96.9159 9.916 109.055 0.0205 -2.3906 -0.2469 0.9998 0.0541 -0.003 -0.0083 0.6088 -0.969 LS41.dat
1 7 95.6984 9.9435 109.365 0.0168 -2.444 -0.1978 0.9998 0.0438 -0.0021 -0.0055 0.4931 -0.9802 LS41.dat
1 7 94.4524 9.9659 109.616 0.0128 -3.3507 -0.1478 0.9999 0.0445 -0.001 -0.0029 0.5006 -0.989 LS41.dat
1 7 93.1804 9.9827 109.806 0.0054 -4.3739 -0.0609 1 0.0237 0.0002 -0.0002 0.2669 -0.9981 LS41.dat
1 7 70 10 110 0 20 0 -1 0 0 0 0 -1 LS41.dat
1 7 70 10 110 0 -1 0 1 0 0 0 0 -1 LS40.dat
1 7 80 -30 20 0 -1 0 1 0 0 0 0 1 LS40.dat
1 7 80 -30 20 -0.0124 2.6839 -0.0218 0.9999 0.0334 -0.0001 -0.0001 0.0584 0.9998 LS41.dat
1 7 81.477 -29.9816 20.0321 -0.0365 2.6354 -0.0659 0.9992 0.0988 0.0126 -0.0151 0.1728 0.9977 LS41.dat
1 7 82.9104 -29.9279 20.1261 -0.0592 2.5908 -0.1105 0.9978 0.1624 0.0239 -0.0306 0.2841 0.9936 LS41.dat
1 7 84.3098 -29.8402 20.2796 -0.0805 2.5437 -0.1552 0.9957 0.224 0.0338 -0.0468 0.3921 0.9873 LS41.dat
1 7 85.6716 -29.7203 20.4895 -0.1005 2.5273 -0.2 0.9929 0.288 0.0424 -0.0635 0.5039 0.9789 LS41.dat
1 7 87.0194 -29.5667 20.7582 -0.1192 2.5104 -0.2452 0.9896 0.353 0.0497 -0.081 0.6178 0.9682 LS41.dat
1 7 88.3626 -29.3778 21.0888 -0.1365 2.4668 -0.2905 0.9857 0.4148 0.0559 -0.0992 0.7258 0.9552 LS41.dat
1 7 89.6844 -29.1556 21.4777 -0.1523 2.4345 -0.3353 0.9813 0.4784 0.061 -0.118 0.8373 0.9401 LS41.dat
1 7 90.9944 -28.8982 21.9282 -0.1664 2.4068 -0.3798 0.9764 0.5441 0.065 -0.1373 0.9522 0.9228 LS41.dat
1 7 92.301 -28.6028 22.4452 -0.1789 2.371 -0.4237 0.9712 0.6094 0.0681 -0.1571 1.0664 0.9032 LS41.dat
1 7 93.6001 -28.2689 23.0295 -0.1897 2.3388 -0.467 0.9657 0.6772 0.0703 -0.1775 1.1851 0.8815 LS41.dat
1 7 94.8989 -27.8928 23.6876 -0.1986 2.302 -0.5094 0.9598 0.7458 0.0717 -0.1982 1.3052 0.8575 LS41.dat
1 7 96.1923 -27.4738 24.4209 -0.2056 2.2855 -0.551 0.9537 0.8245 0.0724 -0.2193 1.4429 0.8314 LS41.dat
1 7 97.497 -27.0031 25.2445 -0.2107 2.2588 -0.5918 0.9474 0.9049 0.0725 -0.2408 1.5835 0.8028 LS41.dat
1 7 98.8158 -26.4748 26.1691 -0.2135 2.1998 -0.6314 0.941 0.9759 0.0722 -0.2627 1.7079 0.772 LS41.dat
1 7 100.12 -25.8961 27.1818 -0.2142 2.1665 -0.6696 0.9345 1.0626 0.0715 -0.2844 1.8596 0.7393 LS41.dat
1 7 101.433 -25.2525 28.3082 -0.2126 2.1245 -0.7065 0.9279 1.1519 0.0705 -0.3062 2.0159 0.7042 LS41.dat
1 7 102.743 -24.5421 29.5514 -0.2086 2.0956 -0.742 0.9214 1.2577 0.0693 -0.3279 2.2011 0.6668 LS41.dat
1 7 104.066 -23.7478 30.9414 -0.202 2.0354 -0.7761 0.9149 1.3556 0.0682 -0.3495 2.3723 0.6269 LS41.dat
1 7 105.38 -22.8727 32.4728 -0.1926 1.9589 -0.8084 0.9086 1.4518 0.0672 -0.3707 2.5407 0.5848 LS41.dat
1 7 106.671 -21.9156 34.1477 -0.1806 1.8744 -0.8385 0.9025 1.5519 0.0665 -0.3911 2.7157 0.5408 LS41.dat
1 7 107.927 -20.8758 35.9674 -0.1659 1.7996 -0.8667 0.8966 1.675 0.066 -0.4105 2.9312 0.4944 LS41.dat
1 7 109.16 -19.7287 37.9747 -0.1482 1.6815 -0.8928 0.8911 1.7745 0.066 -0.4289 3.1053 0.4457 LS41.dat
1 7 110.326 -18.4976 40.1292 -0.128 1.5656 -0.9164 0.8859 1.8949 0.0663 -0.4458 3.3161 0.3948 LS41.dat
1 7 111.434 -17.1574 42.4745 -0.1048 1.3924 -0.9374 0.8812 1.9613 0.0673 -0.461 3.4323 0.3418 LS41.dat
1 7 112.426 -15.7589 44.922 -0.0797 1.2255 -0.9553 0.877 2.0486 0.0685 -0.4739 3.585 0.2875 LS41.dat
1 7 113.309 -14.2842 47.5027 -0.0526 1.0305 -0.9703 0.8733 2.1053 0.0699 -0.4843 3.6844 0.2314 LS41.dat
1 7 114.054 -12.7608 50.1687 -0.024 0.8189 -0.9821 0.8702 2.1365 0.0714 -0.492 3.7388 0.1743 LS41.dat
1 7 114.648 -11.2108 52.881 0.0054 0.5955 -0.9905 0.8679 2.1312 0.0728 -0.4968 3.7295 0.1165 LS41.dat
1 7 115.079 -9.671 55.5757 0.0347 0.3758 -0.9956 0.8662 2.1231 0.0736 -0.4985 3.7154 0.0586 LS41.dat
1 7 115.349 -8.1451 58.2461 0.0638 0.156 -0.9973 0.8653 2.0777 0.0739 -0.4972 3.636 0.0006 LS41.dat
1 7 115.46 -6.6643 60.8375 0.0918 -0.0523 -0.9957 0.8652 2.0007 0.0733 -0.493 3.5012 -0.0567 LS41.dat
1 7 115.423 -5.2605 63.2941 0.118 -0.2466 -0.991 0.8659 1.936 0.0716 -0.4862 3.3879 -0.113 LS41.dat
1 7 115.253 -3.9244 65.6323 0.1424 -0.4263 -0.9833 0.8673 1.8537 0.0688 -0.4769 3.2441 -0.1685 LS41.dat
1 7 114.964 -2.6667 67.8332 0.1648 -0.5808 -0.9727 0.8696 1.7413 0.0652 -0.4655 3.0472 -0.2227 LS41.dat
1 7 114.579 -1.5115 69.8549 0.1846 -0.7182 -0.9596 0.8725 1.6403 0.0606 -0.4524 2.8706 -0.2747 LS41.dat
1 7 114.116 -0.4543 71.705 0.2017 -0.856 -0.944 0.8761 1.5709 0.0548 -0.4378 2.7491 -0.3253 LS41.dat
1 7 113.576 0.5368 73.4394 0.2167 -0.9658 -0.9259 0.8804 1.473 0.0484 -0.4219 2.5777 -0.3746 LS41.dat
1 7 112.983 1.4401 75.0202 0.2292 -1.0707 -0.9056 0.8851 1.3908 0.0415 -0.4049 2.434 -0.4221 LS41.dat
1 7 112.346 2.2683 76.4695 0.2394 -1.1695 -0.8831 0.8904 1.3153 0.0339 -0.3872 2.3018 -0.468 LS41.dat
1 7 111.665 3.0338 77.8092 0.2474 -1.2431 -0.8585 0.896 1.2265 0.0262 -0.3687 2.1464 -0.5122 LS41.dat
