0  ROTATION CONFIG 0 0
0 Name: 9754 Dark Side Developers Kit.ldr
0 Author: LEGO Digital Designer 4.3

1  7 275.003 -578.074 -781.826 1 0 0 0 -1 0 0 0 -1 32013.dat
1  7 275.003 -578.074 -751.826 0 0 1 0 1 0 -1 0 0 3749.dat
1  0 265.003 -578.074 -781.826 1 0 0 0 -0.242961 -0.970036 0 0.970036 -0.242961 2780.dat
1  7 245.003 -515.141 -845.506 1 0 0 0 -0.909583 -0.415522 0 0.415522 -0.909583 3749.dat
1  8 255.003 -592.074 -723.517 0 1 0 0.975158 0 0.221511 0.221511 0 -0.975158 6629.dat
1  7 245.003 -592.074 -723.517 1 0 0 0 -0.975158 0.22151 0 -0.22151 -0.975158 3749.dat
1  7 185.003 -559.335 -870.789 1 0 0 0 0.419731 -0.907649 0 0.907649 0.419731 3666.dat
1  7 185.003 -555.977 -863.528 -1 0 0 0 0.419731 0.907649 0 0.907649 -0.419731 3298.dat
1  0 185.003 -582.209 -824.955 1 0 0 0 0.419731 -0.907649 0 0.907649 0.419731 3666.dat
1  7 235.003 -541.182 -879.184 1 0 0 0 0.419731 -0.907649 0 0.907649 0.419731 3040B.dat
1  0 185.003 -522.032 -861.598 1 0 0 0 0.419731 -0.907649 0 0.907649 0.419731 3795.dat
1  7 185.003 -516.313 -873.056 1 0 0 0 0.419731 -0.907649 0 0.907649 0.419731 3710.dat
1  7 235.003 -555.977 -863.528 -1 0 0 0 0.419731 0.907649 0 0.907649 -0.419731 4286.dat
1  8 235.003 -518.674 -854.336 0 0 1 0.907649 0.419731 0 -0.419731 0.907649 0 3894.dat
1  7 135.003 -541.182 -879.184 1 0 0 0 0.419731 -0.907649 0 0.907649 0.419731 3040B.dat
1  8 135.003 -518.674 -854.337 0 0 1 0.907649 0.419731 0 -0.419731 0.907649 0 3894.dat
1  7 135.003 -555.977 -863.528 -1 0 0 0 0.419731 0.907649 0 0.907649 -0.419731 4286.dat
1  7 215.003 -478.381 -882.003 1 0 0 0 -1 0 0 0 -1 32039.dat
1  0 185.003 -478.171 -862.05 1 0 0 0 1 0 0 0 1 3707.dat
1  8 255.003 -478.171 -702.05 0 1 0 -1 0 0 0 0 1 32009.dat
1  7 155.003 -478.171 -882.05 1 0 0 0 -1 0 0 0 -1 32039.dat
1  0 183.003 -557.881 -702.503 1 0 0 0 1 0 0 0 1 3737.dat
1  7 215.003 -557.881 -702.503 0 0 -1 0 1 0 1 0 0 3713.dat
1  0 195.003 -557.881 -702.503 -1 0 0 0 -1 0 0 0 1 6536.dat
1  0 175.003 -557.881 -702.503 -1 0 0 0 -1 0 0 0 1 6536.dat
1  7 155.003 -557.881 -702.503 0 0 1 0 1 0 -1 0 0 3713.dat
1  8 115.003 -477.881 -702.503 0 1 0 -1 0 0 0 0 1 32009.dat
1  8 235.003 -580.096 -705.055 0 0 -1 0.83754 0.546376 0 0.546375 -0.83754 0 3701.dat
1  7 125.003 -514.477 -845.26 -1 0 0 0 -0.415522 -0.909583 0 -0.909583 0.415522 3749.dat
1  8 115.003 -591.41 -723.271 0 1 0 0.975158 0 0.221511 0.221511 0 -0.975158 6629.dat
1  7 125.003 -591.827 -724.18 -1 0 0 0 0.975158 0.22151 0 0.22151 -0.975158 3749.dat
1  8 135.003 -580.096 -705.055 0 0 -1 0.83754 0.546375 0 0.546375 -0.83754 0 3701.dat
1  0 115.003 -477.881 -802.503 -1 0 0 0 1 0 0 0 -1 6558.dat
1  7 95.003 -477.881 -802.503 -1 0 0 0 1 0 0 0 -1 32013.dat
1  7 95.003 -477.881 -771.503 0 0 1 0 1 0 -1 0 0 3749.dat
1  7 95.0029 -578.384 -781.991 1 0 0 0 -1 0 0 0 -1 32013.dat
1  7 95.0028 -578.384 -751.991 0 0 1 0 1 0 -1 0 0 3749.dat
1  0 105.003 -578.5364 -782.6895 1 0 0 0 -0.242961 -0.970036 0 0.970036 -0.242961 2780.dat
1  8 235.003 -487.881 -782.503 0 0 1 0 1 0 -1 0 0 3701.dat
1  0 185.003 -495.881 -762.503 1 0 0 0 1 0 0 0 1 3795.dat
1  8 135.003 -487.881 -782.503 0 0 1 0 1 0 -1 0 0 3701.dat
1  0 125.003 -477.88 -762.503 1 0 0 0 -0.242961 -0.970036 0 0.970036 -0.242961 2780.dat
1  0 255.003 -477.881 -802.503 1 0 0 0 1 0 0 0 1 6558.dat
1  7 275.003 -477.881 -802.503 -1 0 0 0 1 0 0 0 -1 32013.dat
1  7 275.003 -477.881 -771.503 0 0 1 0 1 0 -1 0 0 3749.dat
1  0 245.003 -477.881 -762.503 1 0 0 0 -0.242961 -0.970036 0 0.970036 -0.242961 2780.dat
1  0 245.003 -550.783 -828.47 1 0 0 0 -0.242961 -0.970036 0 0.970036 -0.242961 2780.dat
1  36 215.003 -478.381 -872.003 1 0 0 0 0 1 0 -1 0 30374.dat
1  0 195.003 -577.881 -702.503 0 0 -1 0 1 0 1 0 0 6558.dat
1  0 195.003 -577.756 -672.503 0 0 1 0 1 0 -1 0 0 75535.dat
1  0 185.003 -577.881 -652.504 0 0 1 -1 0 0 0 -1 0 32069.dat
1  0 175.003 -577.881 -672.504 0 0 1 0 1 0 -1 0 0 75535.dat
1  0 175.003 -577.881 -702.503 0 0 -1 0 1 0 1 0 0 6558.dat
1  0 185.003 -557.756 -722.503 -1 0 0 0 -1 0 0 0 1 32291.dat
1  0 185.003 -557.881 -722.504 1 0 0 0 1 0 0 0 1 32062.dat
1  0 200.003 -518.381 -722.504 0 -1 0 0 0 -1 1 0 0 6632.dat
1  0 170.003 -558.381 -722.504 0 1 0 0 0 1 1 0 0 6632.dat
1  0 185.003 -517.881 -722.504 1 0 0 0 1 0 0 0 1 32062.dat
1  0 185.003 -518.38 -703.004 -1 0 0 0 -1 0 0 0 1 32039.dat
1  0 185.003 -517.881 -673.504 0 0 1 0 1 0 -1 0 0 3705.dat
1  7 185.003 -518.38 -667.004 1 0 0 0 1 0 0 0 1 32123A.dat
1  7 185.003 -518.38 -637.004 1 0 0 0 1 0 0 0 1 32123A.dat
1  7 184.503 -606.381 -622.507 0 -1 0 0 0 1 -1 0 0 3713.dat
1  8 184.503 -588.381 -622.507 0 1 0 1 0 0 0 0 -1 6587.dat
1  8 235.003 -538.381 -632.007 0 0 -1 -1 0 0 0 1 0 3702.dat
1  0 225.003 -578.381 -622.007 1 0 0 0 1 0 0 0 1 4519.dat
1  0 220.003 -578.381 -622.007 0 -1 0 0 0 1 -1 0 0 6632.dat
1  7 225.003 -538.381 -622.007 -1 0 0 0 1 0 0 0 -1 3749.dat
1  0 185.003 -578.381 -622.007 0 0 -1 -1 0 0 0 1 0 32034.dat
1  0 145.003 -577.881 -622.507 1 0 0 0 1 0 0 0 1 4519.dat
1  0 150.003 -578.381 -622.007 0 -1 0 0 0 1 -1 0 0 6632.dat
1  7 145.003 -537.881 -622.507 1 0 0 0 1 0 0 0 1 3749.dat
1  8 135.003 -538.381 -632.007 0 0 -1 -1 0 0 0 1 0 3702.dat
1  8 115.003 -597.881 -622.507 1 0 0 0 1 0 0 0 1 32054.dat
1  7 85.003 -598.381 -622.007 1 0 0 0 1 0 0 0 1 3749.dat
1  8 115.003 -598.381 -622.007 -1 0 0 0 0.715691 0.698417 0 0.698417 -0.715691 32013.dat
1  0 115.003 -666.3248 -552.369 0 0 -1 0.698415 -0.715693 0 -0.715694 -0.698415 0 3707.dat
1  8 115.003 -729.6843 -487.9558 1 0 0 0 -1 -0.0122069 0 0.0122069 -1 32192.dat
1  0 115.003 -729.4309 -438.305 0 0 -1 -0.0121967 -1 0 -1 0.0121967 0 3705.dat
1  8 115.003 -728.711 -398.08 -1 0 0 0 -1 0.0122171 0 0.0122171 1 6538B.dat
1  0 115.003 -728.478 -338.078 0 0 -1 -0.0121967 -1 0 -1 0.0121967 0 3706.dat
1  8 115.003 -727.6229 -268.08 -1 0 0 0 -1 0.0122171 0 0.0122171 1 32192.dat
1  0 115.003 -663.2089 -205.2267 0 0 1 0.715692 -0.698416 0 0.698416 0.715692 0 3707.dat
1  8 115.003 -598.2957 -142.3806 1 0 0 0 0.698413 0.715694 0 -0.715694 0.698413 32013.dat
1  7 245.004 -727.621 -268.09 -1 0 0 0 -1 0.012217 0 0.012217 1 3749.dat
1  8 225.004 -727.621 -268.09 0 0 1 0.0122261 -1 0 1 0.0122261 0 6538B.dat
1  0 185.004 -727.621 -268.09 -1 0 0 0 -1 0.012217 0 0.012217 1 3705.dat
1  8 145.003 -727.621 -268.09 0 0 1 0.0122261 -1 0 1 0.0122261 0 6538B.dat
1  7 125.003 -727.622 -268.085 1 0 0 0 -1 -0.0122264 0 0.0122264 -1 3749.dat
1  8 255.003 -598.38 -622.507 -1 0 0 0 0.715693 0.698415 0 0.698415 -0.715693 32013.dat
1  0 255.003 -666.825 -552.369 0 0 -1 0.698415 -0.715693 0 -0.715693 -0.698415 0 3707.dat
1  8 255.003 -729.6833 -487.9559 1 0 0 0 -1 -0.0122069 0 0.0122069 -1 32192.dat
1  0 255.003 -729.4309 -438.305 0 0 -1 -0.0121968 -1 0 -1 0.0121968 0 3705.dat
1  8 255.003 -728.711 -398.08 -1 0 0 0 -1 0.0122171 0 0.0122171 1 6538B.dat
1  0 255.003 -728.478 -338.078 0 0 -1 -0.0121968 -1 0 -1 0.0121968 0 3706.dat
1  8 255.003 -727.6229 -268.08 -1 0 0 0 -1 0.0122171 0 0.0122171 1 32192.dat
1  0 255.003 -663.2089 -205.2267 0 0 1 0.715692 -0.698416 0 0.698416 0.715692 0 3707.dat
1  8 255.003 -598.2957 -142.3806 1 0 0 0 0.698413 0.715694 0 -0.715694 0.698413 32013.dat
1  0 250.144 -749.101 -437.836 0 0.970036 -0.242962 -0.0124357 -0.242941 -0.969961 -1 0.00321104 0.0120156 2780.dat
1  7 245.003 -730.041 -488.305 -1 0 0 0 -1 0.012217 0 0.012217 1 3749.dat
1  8 225.003 -729.809 -488.08 0 0 -1 -0.0122163 -1 0 -1 0.0122163 0 6538B.dat
1  0 186.003 -730.309 -488.074 1 0 0 0 -1 -0.0122167 0 0.0122167 -1 3705.dat
1  8 144.753 -730.309 -488.074 0 0 -1 -0.0122163 -1 0 -1 0.0122163 0 6538B.dat
1  7 125.003 -730.041 -488.305 1 0 0 0 -1 -0.0122167 0 0.0122167 -1 3749.dat
1  7 285.003 -597.88 -142.507 -1 0 0 0 1 0 0 0 -1 3749.dat
1  8 255.003 -598.523 -142.151 -1 0 0 0 1 0 0 0 -1 32054.dat
1  8 295.003 -597.915 -182.507 0 1 0 -1 0 0.00087823 0.00087823 0 1 32316.dat
1  7 305.003 -597.915 -182.507 -1 0 0 0 1 0.00633788 0 0.00633788 -1 3673.dat
1  8 315.003 -457.916 -182.3199 0 -1 0 0.00133657 0 1 -1 0 0.00133663 32278.dat
1  0 325.003 -577.916 -182.4774 -1 0 0 0 1 0 0 0 -1 2780.dat
1  0 335.003 -578.416 -181.98 -1 0 0 0 0 -1 0 -1 0 32013.dat
1  7 335.003 -548.916 -182.48 0 -1 0 -1 0 0 0 0 -1 3749.dat
1  7 335.503 -408.416 -182.213 0 1 0 1 0 0 0 0 -1 3749.dat
1  0 335.503 -398.416 -182.213 1 0 0 0 0 -1 0 1 0 32039.dat
1  7 325.003 -377.916 -182.2101 1 0 0 0 1 0 0 0 1 3749.dat
1  0 315.003 -317.916 -182.1299 -1 0 0 0 1 0.00122619 0 0.00122619 -1 32062.dat
1  0 330.003 -318.416 -181.633 0 -1 0 0.00122603 0 1 -1 0 0.00122605 32250.dat
1  0 315.003 -317.8669 -222.132 -1 0 0 0 1 0.00122619 0 0.00122619 -1 32062.dat
1  0 300.003 -318.501 -181.632 0 -1 0 0.00122613 0 1 -1 0 0.00122615 32250.dat
1  0 315.003 -238 -182.0339 1 0 0 0 1 0 0 0 1 32062.dat
1  8 315.003 -178.501 -191.534 0 0 -1 -1 0 0 0 1 0 3895.dat
1  0 315.003 -98 -182.034 -1 0 0 0 1 0 0 0 -1 6558.dat
1  7 330.003 -78 -182.084 0 0 -1 0 1 0 1 0 0 32123A.dat
1  0 313.003 -78 -182.034 1 0 0 0 1 0 0 0 1 3705.dat
1  7 300.003 -78 -182.084 0 0 -1 0 1 0 1 0 0 32123A.dat
1  7 325.003 -48 -182.083 0 0 -1 0 1 0 1 0 0 3701.dat
1  7 315.003 -24 -182.083 0 0 -1 0 1 0 1 0 0 3832.dat
1  7 305.003 -48 -182.083 0 0 -1 0 1 0 1 0 0 3701.dat
1  7 315.003 -48 -232.083 1 0 0 0 1 0 0 0 1 3298.dat
1  7 315.003 -16 -262.083 1 0 0 0 1 0 0 0 1 4032A.dat
1  0 315.003 -8 -262.083 1 0 0 0 1 0 0 0 1 2654.dat
1  0 345.003 -88 -182.084 0 0 1 0 1 0 -1 0 0 32333.dat
1  7 345.003 -24 -182.083 0 0 -1 0 1 0 1 0 0 3023.dat
1  7 315.003 -16 -182.083 1 0 0 0 1 0 0 0 1 3832.dat
1  7 365.003 -40 -182.083 0 0 -1 0 1 0 1 0 0 3298.dat
1  0 395.003 -8 -182.083 1 0 0 0 1 0 0 0 1 2654.dat
1  0 285.003 -88 -182.084 0 0 1 0 1 0 -1 0 0 32333.dat
1  7 285.003 -24 -182.083 0 0 -1 0 1 0 1 0 0 3023.dat
1  7 315.003 -48 -132.083 -1 0 0 0 1 0 0 0 -1 3298.dat
1  7 265.003 -40 -182.083 0 0 1 0 1 0 -1 0 0 3298.dat
1  7 315.003 -16 -102.083 1 0 0 0 1 0 0 0 1 4032A.dat
1  0 235.003 -8 -182.083 1 0 0 0 1 0 0 0 1 2654.dat
1  0 315.003 -8 -102.083 1 0 0 0 1 0 0 0 1 2654.dat
1  0 295.003 -38 -202.083 1 0 0 0 1 0 0 0 1 2780.dat
1  0 335.003 -38 -162.083 1 0 0 0 1 0 0 0 1 2780.dat
1  0 335.003 -38 -202.083 1 0 0 0 1 0 0 0 1 2780.dat
1  0 295.003 -38 -162.083 1 0 0 0 1 0 0 0 1 2780.dat
1  8 315.003 -458.452 -221.8192 0 -1 0 0.00133724 0 1 -1 0 0.00133734 32278.dat
1  7 305.003 -477.951 -222.3457 -1 0 0 0 1 0 0 0 -1 3673.dat
1  8 325.003 -497.951 -222.3725 1 0 0 0 1 0 0 0 1 32002.dat
1  7 330.003 -538.452 -221.874 0 1 0 0 0 -1 -1 0 0 32017.dat
1  8 325.003 -577.701 -222.373 1 0 0 0 1 0 0 0 1 32002.dat
1  7 305.003 -597.9501 -222.507 -1 0 0 0 1 0 0 0 -1 3673.dat
1  8 235.004 -538.173 -132.508 0 0 1 -1 0 0 0 -1 0 3702.dat
1  0 255.003 -477.88 -142.507 -1 0 0 0 1 0 0 0 -1 32054.dat
1  7 115.003 -487.88 -222.507 0 0 -1 0 1 0 1 0 0 2730.dat
1  8 185.003 -495.88 -302.507 1 0 0 0 1 0 0 0 1 3034.dat
1  7 145.003 -503.88 -292.507 1 0 0 0 1 0 0 0 1 3023.dat
1  8 185.003 -527.88 -292.507 1 0 0 0 1 0 0 0 1 3894.dat
1  7 225.003 -503.88 -292.507 1 0 0 0 1 0 0 0 1 3023.dat
1  7 255.003 -487.88 -222.507 0 0 -1 0 1 0 1 0 0 2730.dat
1  7 255.003 -495.88 -132.507 1 0 0 0 1 0 0 0 1 4073.dat
1  7 255.003 -503.88 -132.507 1 0 0 0 1 0 0 0 1 4073.dat
1  7 255.003 -527.88 -182.507 0 0 -1 0 1 0 1 0 0 3894.dat
1  7 255.003 -503.88 -232.507 1 0 0 0 1 0 0 0 1 4073.dat
1  7 255.003 -495.88 -232.507 1 0 0 0 1 0 0 0 1 4073.dat
1  8 185.003 -463.88 -302.507 1 0 0 0 1 0 0 0 1 3034.dat
1  7 255.003 -455.88 -302.507 0 0 -1 0 1 0 1 0 0 3023.dat
1  7 115.003 -455.88 -302.507 0 0 -1 0 1 0 1 0 0 3023.dat
1  7 115.003 -495.88 -132.507 1 0 0 0 1 0 0 0 1 4073.dat
1  7 115.003 -503.88 -132.507 1 0 0 0 1 0 0 0 1 4073.dat
1  7 115.003 -527.88 -182.507 0 0 -1 0 1 0 1 0 0 3894.dat
1  7 115.003 -503.88 -232.507 1 0 0 0 1 0 0 0 1 4073.dat
1  7 115.003 -495.88 -232.507 1 0 0 0 1 0 0 0 1 4073.dat
1  0 235.003 -517.88 -182.507 -1 0 0 0 1 0 0 0 -1 4519.dat
1  0 235.003 -517.88 -182.507 0 -1 0 0 0 1 -1 0 0 32140.dat
1  7 215.003 -503.88 -232.507 -1 0 0 0 1 0 0 0 -1 4073.dat
1  7 215.003 -495.88 -232.507 -1 0 0 0 1 0 0 0 -1 4073.dat
1  7 185.003 -527.88 -202.507 0 0 1 0 1 0 -1 0 0 32324.dat
1  7 155.003 -503.88 -232.507 -1 0 0 0 1 0 0 0 -1 4073.dat
1  7 215.003 -503.88 -172.507 -1 0 0 0 1 0 0 0 -1 4073.dat
1  7 155.003 -495.88 -232.507 -1 0 0 0 1 0 0 0 -1 4073.dat
1  7 215.003 -495.88 -172.507 -1 0 0 0 1 0 0 0 -1 4073.dat
1  7 185.003 -487.88 -202.507 0 0 -1 0 1 0 1 0 0 32324.dat
1  7 155.003 -503.88 -172.507 -1 0 0 0 1 0 0 0 -1 4073.dat
1  7 155.003 -495.88 -172.507 -1 0 0 0 1 0 0 0 -1 4073.dat
1  0 133.003 -517.88 -182.507 -1 0 0 0 1 0 0 0 -1 4519.dat
1  0 135.003 -517.88 -182.507 0 -1 0 0 0 1 -1 0 0 32140.dat
1  0 135.003 -517.88 -222.507 -1 0 0 0 1 0 0 0 -1 6558.dat
1  0 135.003 -457.88 -222.507 0 -1 0 0 0 -1 1 0 0 32140.dat
1  0 135.003 -477.88 -222.507 -1 0 0 0 1 0 0 0 -1 6558.dat
1  4 185.003 -477.881 -365.007 -1 0 0 0 1 0 0 0 -1 6589.dat
1  0 185.003 -477.881 -343.007 0 0 1 0 1 0 -1 0 0 4519.dat
1  7 185.003 -477.881 -337.007 1 0 0 0 1 0 0 0 1 32123A.dat
1  8 185.003 -477.881 -312.007 1 0 0 0 1 0 0 0 1 6538B.dat
1  0 185.003 -477.881 -262.257 0 0 -1 0 1 0 1 0 0 32073.dat
1  7 185.003 -477.881 -252.257 -1 0 0 0 1 0 0 0 -1 32269.dat
1  4 185.003 -477.881 -220.257 1 0 0 0 1 0 0 0 1 6589.dat
1  0 185.003 -495.881 -382.007 -1 0 0 0 1 0 0 0 -1 6585.dat
1  7 185.003 -503.881 -382.507 0 0 -1 0 1 0 1 0 0 3709B.dat
1  8 185.003 -511.881 -352.507 1 0 0 0 1 0 0 0 1 3023.dat
1  8 185.003 -511.881 -412.507 1 0 0 0 1 0 0 0 1 3023.dat
1  8 215.003 -487.881 -382.507 0 0 -1 0 1 0 1 0 0 3701.dat
1  8 155.003 -487.881 -382.507 0 0 -1 0 1 0 1 0 0 3701.dat
1  0 235.003 -477.881 -362.507 1 0 0 0 1 0 0 0 1 6558.dat
1  0 235.003 -477.881 -382.507 0 -1 0 -1 0 0 0 0 -1 32278.dat
1  0 245.003 -477.88 -302.507 1 0 0 0 1 0 0 0 1 2780.dat
1  0 245.003 -477.88 -242.507 1 0 0 0 1 0 0 0 1 2780.dat
1  0 245.003 -477.881 -342.507 -1 0 0 0 1 0 0 0 -1 2780.dat
1  8 255.003 -517.881 -342.507 0 1 0 0 0 -1 -1 0 0 32316.dat
1  0 245.002 -557.881 -342.507 -1 0 0 0 1 0 0 0 -1 2780.dat
1  0 245.003 -477.881 -522.507 1 0 0 0 1 0 0 0 1 2780.dat
1  0 135.003 -517.881 -582.507 1 0 0 0 1 0 0 0 1 4519.dat
1  0 135.003 -517.881 -582.507 0 1 0 0 0 1 1 0 0 32140.dat
1  7 255.003 -455.88 -462.507 0 0 -1 0 1 0 1 0 0 3023.dat
1  8 185.003 -463.88 -462.507 1 0 0 0 1 0 0 0 1 3034.dat
1  7 255.003 -487.88 -542.507 0 0 1 0 1 0 -1 0 0 2730.dat
1  7 255.003 -495.881 -632.507 -1 0 0 0 1 0 0 0 -1 4073.dat
1  7 255.003 -503.88 -632.507 -1 0 0 0 1 0 0 0 -1 4073.dat
1  7 255.003 -527.88 -582.507 0 0 1 0 1 0 -1 0 0 3894.dat
1  7 255.003 -503.88 -532.507 -1 0 0 0 1 0 0 0 -1 4073.dat
1  7 255.003 -495.88 -532.507 -1 0 0 0 1 0 0 0 -1 4073.dat
1  8 185.003 -495.881 -462.507 1 0 0 0 1 0 0 0 1 3034.dat
1  7 225.003 -503.88 -472.507 1 0 0 0 1 0 0 0 1 3023.dat
1  8 185.003 -527.88 -472.507 1 0 0 0 1 0 0 0 1 3894.dat
1  7 145.003 -503.88 -472.507 1 0 0 0 1 0 0 0 1 3023.dat
1  7 115.003 -487.88 -542.507 0 0 1 0 1 0 -1 0 0 2730.dat
1  7 115.003 -495.881 -532.507 -1 0 0 0 1 0 0 0 -1 4073.dat
1  7 115.003 -503.881 -532.507 -1 0 0 0 1 0 0 0 -1 4073.dat
1  7 115.003 -527.88 -582.507 0 0 1 0 1 0 -1 0 0 3894.dat
1  7 115.003 -503.88 -632.507 -1 0 0 0 1 0 0 0 -1 4073.dat
1  7 115.003 -495.88 -632.507 -1 0 0 0 1 0 0 0 -1 4073.dat
1  7 115.003 -455.88 -462.507 0 0 -1 0 1 0 1 0 0 3023.dat
1  7 215.003 -503.88 -592.507 1 0 0 0 1 0 0 0 1 4073.dat
1  7 215.003 -495.88 -592.507 1 0 0 0 1 0 0 0 1 4073.dat
1  7 185.003 -527.88 -562.507 0 0 -1 0 1 0 1 0 0 32324.dat
1  7 215.003 -503.88 -532.507 1 0 0 0 1 0 0 0 1 4073.dat
1  7 155.003 -503.88 -592.507 1 0 0 0 1 0 0 0 1 4073.dat
1  7 215.003 -495.88 -532.507 1 0 0 0 1 0 0 0 1 4073.dat
1  7 155.003 -495.88 -592.507 1 0 0 0 1 0 0 0 1 4073.dat
1  7 185.003 -487.88 -562.507 0 0 1 0 1 0 -1 0 0 32324.dat
1  7 155.003 -503.88 -532.507 1 0 0 0 1 0 0 0 1 4073.dat
1  7 155.003 -495.88 -532.507 1 0 0 0 1 0 0 0 1 4073.dat
1  0 237.003 -517.88 -582.507 1 0 0 0 1 0 0 0 1 4519.dat
1  0 235.003 -517.88 -582.507 0 1 0 0 0 1 1 0 0 32140.dat
1  7 105.003 -477.881 -482.507 -1 0 0 0 1 0 0 0 -1 3749.dat
1  0 135.003 -477.881 -542.507 -1 0 0 0 1 0 0 0 -1 6558.dat
1  0 135.003 -457.881 -542.507 0 1 0 0 0 -1 -1 0 0 32140.dat
1  0 135.003 -517.881 -542.507 -1 0 0 0 1 0 0 0 -1 6558.dat
1  4 184.9 -517.891 -612.507 0.978464 -0.206418 0 0.206418 0.978464 0 0 0 1 4019.dat
1  0 185.003 -517.88 -542.507 0 -0.206418 0.978464 0 0.978464 0.206418 -1 0 0 3707.dat
1  7 185.003 -517.88 -512.507 0.978464 -0.206418 0 0.206418 0.978464 0 0 0 1 32270.dat
1  7 185.003 -517.88 -492.507 -0.978464 -0.206418 0 -0.206418 0.978464 0 0 0 -1 3713.dat
1  7 275.003 -478.185 -562.967 0 0 1 -0.92066 0.390365 0 -0.390365 -0.92066 0 3713.dat
1  0 185.003 -477.881 -562.507 1 0 0 0 0.390364 0.92066 0 -0.92066 0.390364 3708.dat
1  0 300.003 -462.2664 -599.3334 0 1 0 -0.92066 0 -0.390365 -0.390365 0 0.92066 6632.dat
1  0 290.003 -462.2664 -599.3334 0 1 0 -0.92066 0 -0.390365 -0.390365 0 0.92066 6632.dat
1  4 167.003 -477.881 -562.507 0 0 1 -0.92066 0.390365 0 -0.390365 -0.92066 0 6589.dat
1  7 95.0029 -477.881 -562.507 0 0 -1 -0.390364 0.92066 0 0.92066 0.390364 0 3713.dat
1  0 70.003 -477.881 -562.507 0 1 0 -0.92066 0 -0.390365 -0.390365 0 0.920661 6632.dat
1  0 80.003 -477.881 -562.507 0 1 0 -0.92066 0 -0.390365 -0.390365 0 0.920661 6632.dat
1  0 235.003 -477.881 -582.507 1 0 0 0 1 0 0 0 1 6558.dat
1  0 115.003 -517.88 -622.507 1 0 0 0 1 0 0 0 1 32054.dat
1  0 255.003 -517.88 -622.507 -1 0 0 0 1 0 0 0 -1 32054.dat
1  0 125.003 -477.881 -522.507 1 0 0 0 1 0 0 0 1 2780.dat
1  0 135.003 -477.881 -382.507 0 -1 0 -1 0 0 0 0 -1 32278.dat
1  0 135.003 -477.881 -402.507 -1 0 0 0 1 0 0 0 -1 6558.dat
1  0 105.003 -477.881 -402.507 1 0 0 0 1 0 0 0 1 75535.dat
1  7 85.003 -477.881 -402.507 -1 0 0 0 1 0 0 0 -1 4274.dat
1  7 77.003 -467.881 -382.507 0 1 0 0 0 -1 -1 0 0 2419.dat
1  7 85.003 -477.881 -362.507 -1 0 0 0 1 0 0 0 -1 4274.dat
1  0 105.003 -478.381 -362.507 1 0 0 0 1 0 0 0 1 75535.dat
1  0 135.003 -477.881 -362.507 -1 0 0 0 1 0 0 0 -1 6558.dat
1  0 125.003 -477.881 -342.507 1 0 0 0 1 0 0 0 1 2780.dat
1  8 115.003 -517.881 -342.507 0 -1 0 0 0 -1 1 0 0 32316.dat
1  0 125.003 -557.881 -342.507 1 0 0 0 1 0 0 0 1 2780.dat
1  0 125.003 -477.881 -242.507 1 0 0 0 1 0 0 0 1 2780.dat
1  0 125.003 -477.881 -462.507 1 0 0 0 1 0 0 0 1 2780.dat
1  0 125.003 -477.881 -302.507 1 0 0 0 1 0 0 0 1 2780.dat
1  0 115.003 -477.881 -622.507 1 0 0 0 1 0 0 0 1 32054.dat
1  0 135.003 -477.881 -582.507 -1 0 0 0 1 0 0 0 -1 6558.dat
1  4 185.003 -477.881 -545.007 -1 0 0 0 1 0 0 0 -1 6589.dat
1  0 185.003 -477.88 -502.507 0 0 1 0 1 0 -1 0 0 32073.dat
1  7 185.003 -477.881 -512.507 1 0 0 0 1 0 0 0 1 32269.dat
1  8 185.003 -477.881 -452.507 1 0 0 0 1 0 0 0 1 6538B.dat
1  0 185.003 -477.881 -422.507 0 0 1 0 1 0 -1 0 0 4519.dat
1  7 185.003 -477.881 -427.507 1 0 0 0 1 0 0 0 1 32123A.dat
1  4 185.003 -477.881 -399.507 1 0 0 0 1 0 0 0 1 6589.dat
1  7 265.003 -477.881 -482.507 1 0 0 0 1 0 0 0 1 3749.dat
1  0 235.003 -517.88 -542.507 1 0 0 0 1 0 0 0 1 6558.dat
1  0 235.003 -457.88 -542.507 0 1 0 0 0 -1 -1 0 0 32140.dat
1  0 235.003 -477.881 -542.507 1 0 0 0 1 0 0 0 1 6558.dat
1  0 245.003 -477.881 -462.507 1 0 0 0 1 0 0 0 1 2780.dat
1  0 255.003 -477.881 -622.507 -1 0 0 0 1 0 0 0 -1 32054.dat
1  0 235.003 -477.881 -402.507 1 0 0 0 1 0 0 0 1 6558.dat
1  0 265.003 -477.881 -402.507 1 0 0 0 1 0 0 0 1 75535.dat
1  7 285.003 -477.881 -402.507 1 0 0 0 1 0 0 0 1 4274.dat
1  7 293.003 -467.881 -382.507 0 -1 0 0 0 -1 1 0 0 2419.dat
1  7 285.003 -477.881 -362.507 1 0 0 0 1 0 0 0 1 4274.dat
1  0 265.003 -477.881 -362.507 1 0 0 0 1 0 0 0 1 75535.dat
1  4 184.603 -495.381 -382.807 0.599492 -0.800381 0 0 0 1 -0.800381 -0.599492 0 6589.dat
1  8 185.003 -475.881 -382.507 0 0.80038 -0.599493 -1 0 0 0 0.599493 0.80038 6587.dat
1  0 135.003 -477.88 -182.507 -1 0 0 0 1 0 0 0 -1 6558.dat
1  0 115.003 -477.88 -142.507 1 0 0 0 1 0 0 0 1 32054.dat
1  8 135.003 -537.88 -132.507 0 0 1 -1 0 0 0 -1 0 3702.dat
1  8 115.003 -598.523 -142.151 1 0 0 0 1 0 0 0 1 32054.dat
1  7 85.0026 -598.173 -142.508 1 0 0 0 1 0 0 0 1 3749.dat
1  8 75.0026 -589.5985 -181.6402 0 1 0 -0.9783302 0 -0.2070526 -0.2070526 0 0.9783302 32316.dat
1  7 65.0027 -581.3156 -220.7734 -1 0 0 0 0.9781476 0.2079117 0 0.2079117 -0.9781476 3673.dat
1  8 55.0028 -444.4146 -191.4831 0 -1 0 0.2092197 0 0.9778696 -0.9778696 0 0.2092198 32278.dat
1  8 45.0028 -561.759 -216.5894 -1 0 0 0 0.9781476 0.2079117 0 0.2079117 -0.9781476 32002.dat
1  7 40.0027 -523.227 -207.8886 0 1 0 0.2079117 0 -0.9781476 -0.9781476 0 -0.2079117 32017.dat
1  8 45.0028 -483.2628 -199.9041 -1 0 0 0 0.9781476 0.2079117 0 0.2079117 -0.9781476 32002.dat
1  7 65.0027 -463.972 -195.6675 -1 0 0 0 0.9781476 0.2079117 0 0.2079117 -0.9781476 3673.dat
1  0 55.0029 -315.8775 -123.0758 -1 0 0 0 0.9778927 0.2091111 0 0.2091111 -0.9778927 32062.dat
1  0 70.0029 -315.8775 -123.0758 0 -1 0 0.209111 0 0.9778927 -0.9778927 0 0.209111 32250.dat
1  0 55.0028 -307.513 -162.1915 -1 0 0 0 0.9778927 0.2091111 0 0.2091111 -0.9778927 32062.dat
1  0 40.0029 -315.8775 -123.0758 0 -1 0 0.209111 0 0.9778927 -0.9778927 0 0.209111 32250.dat
1  0 55.0029 -237.6461 -106.3469 1 0 0 0 0.9781476 -0.2079117 0 0.2079117 0.9781476 32062.dat
1  8 55.0028 -177.4719 -103.2699 0 0 -1 -0.9781476 -0.2079117 0 -0.2079117 0.9781476 0 3895.dat
1  7 70.0029 -81.14222 -73.08215 0 0 -1 -0.2079117 0.9781476 0 0.9781476 0.2079117 0 32123A.dat
1  0 53.0029 -81.14222 -73.08215 1 0 0 0 0.9781476 -0.2079117 0 0.2079117 0.9781476 3705.dat
1  7 40.0029 -81.73524 -72.69703 0 0 -1 -0.2079117 0.9781476 0 0.9781476 0.2079117 0 32123A.dat
1  7 65.0028 -51.27128 -74.26115 0 0 -1 0.03489949 0.9993908 0 0.9993908 -0.03489949 0 3701.dat
1  7 55.0026 -27.2859 -75.09874 0 0 -1 0.03489949 0.9993908 0 0.9993908 -0.03489949 0 3832.dat
1  7 45.0027 -51.27128 -74.26115 0 0 -1 0.03489949 0.9993908 0 0.9993908 -0.03489949 0 3701.dat
1  7 55.0028 -53.01626 -124.2307 1 0 0 0 0.9993908 0.03489949 0 -0.03489949 0.9993908 3298.dat
1  7 55.0028 -22.08274 -155.3292 1 0 0 0 0.9993908 0.03489949 0 -0.03489949 0.9993908 4032A.dat
1  0 55.0028 -14.08761 -155.6084 1 0 0 0 0.9993908 0.03489949 0 -0.03489949 0.9993908 2654.dat
1  0 85.0026 -91.72916 -72.34804 0 0 1 -0.03489949 0.9993908 0 -0.9993908 -0.03489949 0 32333.dat
1  7 85.0026 -27.2859 -75.09874 0 0 -1 0.03489949 0.9993908 0 0.9993908 -0.03489949 0 3023.dat
1  7 55.0027 -19.29078 -75.37794 1 0 0 0 0.9993908 0.03489949 0 -0.03489949 0.9993908 3832.dat
1  7 105.003 -43.27615 -74.54034 0 0 -1 0.03489949 0.9993908 0 0.9993908 -0.03489949 0 3298.dat
1  0 135.003 -11.29565 -75.65713 1 0 0 0 0.9993908 0.03489949 0 -0.03489949 0.9993908 2654.dat
1  0 25.0029 -91.24691 -72.86515 0 0 1 -0.03489949 0.9993908 0 -0.9993908 -0.03489949 0 32333.dat
1  7 25.0026 -27.2859 -75.09874 0 0 -1 0.03489949 0.9993908 0 0.9993908 -0.03489949 0 3023.dat
1  7 55.0026 -49.52631 -24.29159 -1 0 0 0 0.9993908 -0.03489949 0 -0.03489949 -0.9993908 3298.dat
1  7 5.00278 -43.27615 -74.54034 0 0 1 -0.03489949 0.9993908 0 -0.9993908 -0.03489949 0 3298.dat
1  7 55.0028 -16.49881 4.573339 1 0 0 0 0.9993908 0.03489949 0 -0.03489949 0.9993908 4032A.dat
1  0 55.0028 -8.503689 4.294142 1 0 0 0 0.9993908 0.03489949 0 -0.03489949 0.9993908 2654.dat
1  0 -24.9972 -11.29565 -75.65713 1 0 0 0 0.9993908 0.03489949 0 -0.03489949 0.9993908 2654.dat
1  0 75.0027 -40.57938 -54.62232 1 0 0 0 0.9993908 0.03489949 0 -0.03489949 0.9993908 2780.dat
1  0 35.0028 -40.57938 -54.62232 1 0 0 0 0.9993908 0.03489949 0 -0.03489949 0.9993908 2780.dat
1  0 35.0028 -41.97536 -94.59795 1 0 0 0 0.9993908 0.03489949 0 -0.03489949 0.9993908 2780.dat
1  0 75.0027 -41.97536 -94.59795 1 0 0 0 0.9993908 0.03489949 0 -0.03489949 0.9993908 2780.dat
1  0 55.0029 -100.7052 -77.24038 -1 0 0 0 0.9781476 0.2079117 0 0.2079117 -0.9781476 6558.dat
1  8 55.0026 -452.7793 -152.3664 0 -1 0 0.2092191 0 0.9778697 -0.9778697 0 0.2092191 32278.dat
1  0 45.0025 -570.1237 -177.4727 -1 0 0 0 0.9781476 0.2079117 0 0.2079117 -0.9781476 2780.dat
1  0 35.0024 -570.6344 -177.0707 -1 0 0 0 0.2079117 -0.9781476 0 -0.9781476 -0.2079117 32013.dat
1  7 35.0024 -541.6751 -171.4263 0 -1 0 -0.9781476 0 0.2079117 -0.2079117 0 -0.9781476 3749.dat
1  7 35.5025 -404.3008 -141.9536 0 1 0 0.9781476 0 0.2079117 0.2079117 0 -0.9781476 3749.dat
1  0 35.5025 -394.5193 -139.8745 1 0 0 0 -0.2079117 -0.9781476 0 0.9781476 -0.2079117 32039.dat
1  7 45.0025 -374.5497 -135.6288 -1 0 0 0 0.9781476 0.2079117 0 0.2079117 -0.9781476 3749.dat
1  7 65.0026 -589.681 -181.657 -1 0 0 0 0.9768299 0.2141111 0 0.2141111 -0.9768299 3673.dat
1  0 115.003 -517.88 -142.507 1 0 0 0 1 0 0 0 1 32054.dat
1  7 185.106 -517.891 -252.507 -0.978464 0.206418 0 0.206418 0.978464 0 0 0 -1 32270.dat
1  0 185.003 -517.88 -222.507 0 0.206418 -0.978464 0 0.978464 0.206418 1 0 0 3707.dat
1  7 185.003 -517.88 -272.507 0.978464 0.206418 0 -0.206418 0.978464 0 0 0 1 3648.dat
1  4 185.003 -517.88 -152.507 -0.978464 0.206418 0 0.206418 0.978464 0 0 0 -1 4019.dat
1  0 235.003 -477.88 -182.507 1 0 0 0 1 0 0 0 1 6558.dat
1  0 290.003 -463.621 -165.326 0 1 0 0.924762 0 -0.380546 -0.380546 0 -0.924762 6632.dat
1  0 185.003 -477.88 -202.507 -1 0 0 0 0.380545 0.924762 0 0.924762 -0.380545 3708.dat
1  0 300.003 -477.88 -202.507 0 -1 0 0.924762 0 0.380545 -0.380545 0 0.924762 6632.dat
1  7 275.003 -477.88 -202.507 0 0 1 -0.380545 0.924762 0 -0.924762 -0.380545 0 3713.dat
1  4 203.003 -477.88 -202.507 0 0 -1 -0.924762 0.380545 0 0.380545 0.924762 0 6589.dat
1  7 95.0028 -477.88 -202.507 0 0 -1 -0.924762 0.380545 0 0.380545 0.924762 0 3713.dat
1  0 70.0029 -493.1018 -239.4975 0 -1 0 0.924762 0 0.380545 -0.380545 0 0.924762 6632.dat
1  0 80.0029 -493.1018 -239.4975 0 -1 0 0.924762 0 0.380545 -0.380545 0 0.924762 6632.dat
1  0 235.003 -477.88 -222.507 1 0 0 0 1 0 0 0 1 6558.dat
1  0 235.003 -457.88 -222.507 0 -1 0 0 0 -1 1 0 0 32140.dat
1  0 235.003 -517.881 -222.507 1 0 0 0 1 0 0 0 1 6558.dat
1  0 255.003 -517.88 -142.507 -1 0 0 0 1 0 0 0 -1 32054.dat
1  7 285.003 -597.88 -622.507 -1 0 0 0 1 0 0 0 -1 3749.dat
1  8 255.003 -598.38 -622.507 -1 0 0 0 1 0 0 0 -1 32054.dat
1  8 295.038 -597.915 -582.511 0 -1 -0.000878081 -1 0 0.000878204 -0.000878204 0.00087808 -1 32316.dat
1  7 305.038 -597.915 -582.5066 1 0 0 0 1 0.00633823 0 -0.00633823 1 3673.dat
1  8 315.003 -457.916 -582.6891 0 1 0 0.00133682 0 1 1 0 -0.0013367 32278.dat
1  7 334.503 -408.416 -582.801 0 -1 0 1 0 0 0 0 1 3749.dat
1  0 334.503 -398.416 -582.801 -1 0 0 0 0 -1 0 -1 0 32039.dat
1  7 325.003 -377.916 -582.804 1 0 0 0 1 0 0 0 1 3749.dat
1  0 335.003 -578.416 -582.534 1 0 0 0 0 -1 0 1 0 32013.dat
1  7 335.003 -548.416 -582.534 0 1 0 -1 0 0 0 0 1 3749.dat
1  0 325.003 -578.416 -582.534 1 0 0 0 1 0 0 0 1 2780.dat
1  0 315.003 -317.916 -582.8842 1 0 0 0 1 0 0 0 1 32062.dat
1  0 330.003 -318.416 -583.381 0 1 0 0.00122627 0 1 1 0 -0.00122621 32250.dat
1  0 315.003 -317.951 -542.882 1 0 0 0 1 0 0 0 1 32062.dat
1  0 300.003 -318.501 -583.381 0 1 0 0.00122612 0 1 1 0 -0.00122611 32250.dat
1  0 315.003 -238 -582.9801 1 0 0 0 1 0 0 0 1 32062.dat
1  8 315.003 -178.501 -593.479 0 0 -1 -1 0 0 0 1 0 3895.dat
1  7 330.003 -78 -582.98 0 0 -1 0 1 0 1 0 0 32123A.dat
1  0 313.003 -78 -582.979 1 0 0 0 1 0 0 0 1 3705.dat
1  7 300.003 -78 -582.98 0 0 -1 0 1 0 1 0 0 32123A.dat
1  7 325.003 -48 -582.979 0 0 -1 0 1 0 1 0 0 3701.dat
1  7 315.003 -24 -582.979 0 0 -1 0 1 0 1 0 0 3832.dat
1  7 305.003 -48 -582.979 0 0 -1 0 1 0 1 0 0 3701.dat
1  7 315.003 -48 -632.979 1 0 0 0 1 0 0 0 1 3298.dat
1  7 315.003 -16 -662.979 1 0 0 0 1 0 0 0 1 4032A.dat
1  0 315.003 -8 -662.979 1 0 0 0 1 0 0 0 1 2654.dat
1  0 345.003 -88 -582.98 0 0 1 0 1 0 -1 0 0 32333.dat
1  7 345.003 -24 -582.979 0 0 -1 0 1 0 1 0 0 3023.dat
1  7 315.003 -16 -582.979 1 0 0 0 1 0 0 0 1 3832.dat
1  7 365.003 -40 -582.979 0 0 -1 0 1 0 1 0 0 3298.dat
1  0 395.003 -8 -582.979 1 0 0 0 1 0 0 0 1 2654.dat
1  0 285.003 -88 -582.98 0 0 1 0 1 0 -1 0 0 32333.dat
1  7 285.003 -24 -582.979 0 0 -1 0 1 0 1 0 0 3023.dat
1  7 315.003 -48 -532.979 -1 0 0 0 1 0 0 0 -1 3298.dat
1  7 265.003 -40 -582.979 0 0 1 0 1 0 -1 0 0 3298.dat
1  7 315.003 -16 -502.979 1 0 0 0 1 0 0 0 1 4032A.dat
1  0 315.003 -8 -502.979 1 0 0 0 1 0 0 0 1 2654.dat
1  0 235.003 -8 -582.979 1 0 0 0 1 0 0 0 1 2654.dat
1  0 295.003 -38 -602.979 1 0 0 0 1 0 0 0 1 2780.dat
1  0 335.003 -38 -562.979 1 0 0 0 1 0 0 0 1 2780.dat
1  0 295.003 -38 -562.979 1 0 0 0 1 0 0 0 1 2780.dat
1  0 335.003 -38 -602.979 1 0 0 0 1 0 0 0 1 2780.dat
1  8 315.003 -458.452 -543.1937 0 1 0 0.00133753 0 1 1 0 -0.00133737 32278.dat
1  7 305.003 -477.951 -542.6683 1 0 0 0 1 0 0 0 1 3673.dat
1  8 325.003 -497.951 -542.6415 1 0 0 0 1 0 0 0 1 32002.dat
1  7 330.003 -538.452 -543.14 0 -1 0 0 0 -1 1 0 0 32017.dat
1  8 325.003 -577.701 -542.641 1 0 0 0 1 0 0 0 1 32002.dat
1  7 305.003 -597.951 -542.5078 1 0 0 0 1 0 0 0 1 3673.dat
1  0 315.003 -98 -582.979 -1 0 0 0 1 0 0 0 -1 6558.dat
1  0 119.67 -749.144 -437.84 0 -0.972519 -0.232825 -0.0122168 -0.232808 0.972446 -1 0.00284434 -0.0118809 2780.dat
1  8 75.00207 -588.9175 -583.5314 0 -1 -0.0008558341 -0.9745677 0 -0.2240954 0.2240952 0.000878168 -0.9745676 32316.dat
1  7 65.03721 -588.9189 -583.5323 1 0 0 0 0.9729443 0.2311268 0 -0.2311268 0.9729443 3673.dat
1  8 54.97445 -452.551 -615.202 0 1 0 0.2262534 0 0.9740694 0.9740694 0 -0.2262534 32278.dat
1  0 54.9466 -316.1813 -646.8774 1 0 0 0 0.9743701 0.224951 0 -0.224951 0.9743701 32062.dat
1  0 69.94682 -316.7782 -647.2491 0 1 0 0.2261457 0 0.9740943 0.9740943 0 -0.2261456 32250.dat
1  0 54.94581 -307.2168 -607.8926 1 0 0 0 0.9743701 0.224951 0 -0.224951 0.9743701 32062.dat
1  0 39.94673 -316.8661 -647.2296 0 1 0 0.2261457 0 0.9740943 0.9740942 0 -0.2261457 32250.dat
1  0 54.93092 -238.3351 -664.9481 1 0 0 0 0.9743701 0.224951 0 -0.224951 0.9743701 32062.dat
1  8 54.9193 -182.7228 -688.5623 0 0 -1 -0.9743701 0.224951 0 0.224951 0.9743701 0 3895.dat
1  7 69.89931 -82.43268 -700.9395 0 0 -1 0.224951 0.9743701 0 0.9743701 -0.224951 0 32123A.dat
1  0 52.89931 -82.43604 -700.9391 1 0 0 0 0.9743701 0.224951 0 -0.224951 0.9743701 3705.dat
1  7 39.8994 -82.81332 -700.3392 0 0 -1 0.224951 0.9743701 0 0.9743701 -0.224951 0 32123A.dat
1  7 64.89329 -52.43364 -700.9405 0 0 -1 0 1 0 1 0 0 3701.dat
1  7 54.88835 -28.43562 -700.9407 0 0 -1 0 1 0 1 0 0 3832.dat
1  7 44.89319 -52.4376 -700.941 0 0 -1 0 1 0 1 0 0 3701.dat
1  7 54.89441 -52.43561 -750.9407 1 0 0 0 1 0 0 0 1 3298.dat
1  7 54.88877 -20.43562 -780.9408 1 0 0 0 1 0 0 0 1 4032A.dat
1  0 54.88718 -12.43561 -780.9407 1 0 0 0 1 0 0 0 1 2654.dat
1  0 84.90107 -92.9297 -700.4401 0 0 1 0 1 0 -1 0 0 32333.dat
1  7 84.88834 -28.4297 -700.9401 0 0 -1 0 1 0 1 0 0 3023.dat
1  7 54.88687 -20.43562 -700.9407 1 0 0 0 1 0 0 0 1 3832.dat
1  7 104.8919 -44.42574 -700.9396 0 0 -1 0 1 0 1 0 0 3298.dat
1  0 134.8856 -12.41981 -700.939 1 0 0 0 1 0 0 0 1 2654.dat
1  0 24.90137 -92.94154 -700.4415 0 0 1 0 1 0 -1 0 0 32333.dat
1  7 24.88834 -28.44155 -700.9414 0 0 -1 0 1 0 1 0 0 3023.dat
1  7 54.88631 -52.43762 -650.9408 -1 0 0 0 1 0 0 0 -1 3298.dat
1  7 4.891685 -44.44551 -700.9419 0 0 1 0 1 0 -1 0 0 3298.dat
1  7 54.88517 -20.43561 -620.9408 1 0 0 0 1 0 0 0 1 4032A.dat
1  0 54.88358 -12.43562 -620.9408 1 0 0 0 1 0 0 0 1 2654.dat
1  0 -25.11462 -12.45142 -700.9425 1 0 0 0 1 0 0 0 1 2654.dat
1  0 34.89086 -42.43957 -680.9412 1 0 0 0 1 0 0 0 1 2780.dat
1  0 74.89076 -42.43167 -680.9403 1 0 0 0 1 0 0 0 1 2780.dat
1  0 34.89176 -42.43957 -720.9412 1 0 0 0 1 0 0 0 1 2780.dat
1  0 74.89166 -42.43166 -720.9403 1 0 0 0 1 0 0 0 1 2780.dat
1  8 54.97347 -444.187 -576.5906 0 1 0 0.2262541 0 0.9740692 0.9740692 0 -0.2262541 32278.dat
1  8 44.98116 -482.5514 -567.1669 -1 0 0 0 0.9743701 -0.224951 0 -0.224951 -0.9743701 32002.dat
1  7 39.98928 -522.1275 -558.5418 0 -1 0 0.224951 0 -0.9743701 0.9743701 0 0.224951 32017.dat
1  8 44.99712 -560.257 -549.2256 -1 0 0 0 0.9743701 -0.224951 0 -0.224951 -0.9743701 32002.dat
1  7 64.97731 -463.066 -571.6924 1 0 0 0 0.9743701 0.224951 0 -0.224951 0.9743701 3673.dat
1  7 65.07143 -579.9551 -544.5496 1 0 0 0 0.9743701 0.224951 0 -0.224951 0.9743701 3673.dat
1  0 54.90326 -101.923 -696.4402 -1 0 0 0 0.9743701 -0.224951 0 -0.224951 -0.9743701 6558.dat
1  0 44.99826 -569.4413 -588.0513 1 0 0 0 0.9743701 0.224951 0 -0.224951 0.9743701 2780.dat
1  0 34.99837 -570.0433 -588.423 1 0 0 0 0.224951 -0.9743701 0 0.9743701 0.224951 32013.dat
1  7 34.99253 -541.186 -594.5721 0 1 0 -0.9743701 0 0.224951 0.224951 0 0.9743701 3749.dat
1  7 35.95868 -404.7859 -626.059 0 -1 0 0.9723697 0 0.2334458 -0.2334459 0 0.9723693 3749.dat
1  0 35.9587 -394.0898 -628.6276 -1 0 0 0 -0.2335712 -0.9729656 0 -0.9729656 0.2335712 32039.dat
1  7 44.95865 -374.6274 -633.302 -1 0 0 0 0.9743701 -0.224951 0 -0.224951 -0.9743701 3749.dat
1  0 125.003 -550.783 -828.471 1 0 0 0 -0.242961 -0.970036 0 0.970036 -0.242961 2780.dat
1  0 185.003 -478.171 -862.05 1 0 0 0 1 0 0 0 1 75535.dat
1  36 155.003 -477.881 -872.503 1 0 0 0 0 1 0 -1 0 30374.dat
1  4 325.003 -278 -582.979 -1 0 0 0 1 0 0 0 -1 32054.dat
1  4 325.003 -278 -182.034 -1 0 0 0 1 0 0 0 -1 32054.dat
1  4 45.0028 -276.7718 -114.6645 1 0 0 0 0.9781476 -0.2079117 0 0.2079117 0.9781476 32054.dat
1  4 44.93872 -277.3116 -655.9488 1 0 0 0 0.9743701 0.224951 0 -0.224951 0.9743701 32054.dat
1  0 184.864 -557.9 -282.507 0 -0.277282 0.960789 0 0.960789 0.277282 -1 0 0 32062.dat
1  7 184.864 -557.9 -272.507 0.960789 -0.277282 0 0.277282 0.960789 0 0 0 1 3647.dat
1  7 125.002 -597.881 -482.507 -1 0 0 0 1 0 0 0 -1 3749.dat
1  7 245.002 -597.881 -482.507 1 0 0 0 1 0 0 0 1 3749.dat
1  8 266.002 -537.881 -482.507 -1 0 0 0 0 -1 0 -1 0 32311.dat
1  504 335.003 -483.816 -582.534 0 0 -1 -1 0 0 0 1 0 71944.dat
1  504 334.503 -478.816 -182.48 0 0 -1 -1 0 0 0 1 0 71944.dat
1  504 35.0024 -477.9977 -157.8913 0 0 -1 -0.9781476 -0.2079117 0 -0.2079117 0.9781476 0 71944.dat
1  504 34.97967 -477.7542 -609.2155 0 0 -1 -0.9743701 0.224951 0 0.224951 0.9743701 0 71944.dat
1  8 105.002 -537.881 -482.507 1 0 0 0 0 -1 0 1 0 32311.dat
1  8 185.003 -495.881 -462.507 1 0 0 0 1 0 0 0 1 3034.dat
0 Assembly 1
1  7 185.002 -615.881 -392.507 -1 0 0 0 1 0 0 0 -1 32276.dat
0 Assembly 1
1  0 185.003 -615.88 -392.507 -1 0 0 0 1 0 0 0 -1 32277.dat
0 Assembly 1
1  0 185.003 -535.88 -432.507 -1 0 0 0 1 0 0 0 -1 32344.dat
0 Assembly 1
1  36 185.002 -615.881 -392.507 -1 0 0 0 1 0 0 0 -1 32345.dat
0 Assembly 1
1  4 185.002 -620.881 -362.507 -1 0 0 0 1 0 0 0 -1 334.dat
0 Assembly 1
1  4 205.002 -623.881 -382.507 -1 0 0 0 1 0 0 0 -1 334.dat
0 Assembly 1
1  4 165.002 -623.881 -382.507 -1 0 0 0 1 0 0 0 -1 334.dat
0 Assembly 1
1  1 184.864 -615.9 -392.507 -1 0 0 0 1 0 0 0 -1 332.dat
0 Assembly 1
1  7 185.002 -615.881 -392.507 -1 0 0 0 1 0 0 0 -1 32346.dat
1  7 275.064 -528.074 -751.826 -1 0.0012163 0 0.0012163 1 0 0 0 -1 22749.dat
1  7 94.8612 -528.384 -751.991 -1 -0.0028307 0 -0.0028307 1 0 0 0 -1 32191.dat
1  7 108.044 -700.2636 -458.4364 -0.972558 -0.232658 0.00140156 -0.232658 0.972486 -0.0118818 0.00140139 -0.0118818 -1 32191.dat
1  7 261.9617 -700.2636 -458.4364 -0.972558 0.232658 -0.00140138 0.232658 0.972486 -0.0118817 -0.00140155 -0.0118817 -1 22749.dat
1  7 262.291 -699.8525 -418.443 0.970045 0.242924 0 -0.242908 0.96997 0.0124263 0.00282836 -0.0120997 1 22973.dat
1  7 108.023 -699.7803 -418.4364 0.972555 -0.232675 0 0.232658 0.972482 0.0122169 -0.00284233 -0.0118798 1 32188.dat
1  0 185.003 -518.38 -672.004 -1 0 0 0 1 0 0 0 -1 2994.dat
1  0 185.003 -518.38 -642.004 -1 0 0 0 1 0 0 0 -1 2994.dat
1  8 56.9745 -450.0041 -606.4974 0 1 0 0.3350667 0 0.9421952 0.9421952 0 -0.3350667 32278.dat

0 WORLD  607.0316 -192.1578 286.5108 0.5437673 -0.01451373 0.8391085 0.3935862 0.8874847 -0.2397054 -0.7412192 0.4606073 0.4882992
0 CENTRE  135 -478 -382
0 LOOKAT  232 -358 0
0 ZOOM  70
0 ROTANGLE 0
