0 FILE Untitled.ldr
0 Untitled
0 Name: Untitled.ldr
0 Author: LDraw
0 Unofficial Model
0 ROTATION CENTER 0 0 0 1 "Custom" 
0 ROTATION CONFIG 0 0
1 0 69 -246 0 0 0 1 0 1 0 -1 0 0 AT-AP Complete.ldr
1 0 19 -19 315 0 0 1 0 1 0 -1 0 0 Clone.ldr
1 0 -71 -19 5 0 0 1 0 1 0 -1 0 0 Clone.ldr
0
0 FILE Clone.ldr
0 Clone
0 Name: Clone.ldr
0 Author: LDraw
0 Unofficial Model
0 ROTATION CENTER 0 0 0 1 "Custom" 
0 ROTATION CONFIG 0 0
1 15 0 -24 0 1 0 0 0 1 0 0 0 1 30408p01.dat
1 0 0 -24 0 1 0 0 0 1 0 0 0 1 3626bp01.dat
1 15 0 0 0 1 0 0 0 1 0 0 0 1 973psu.dat
1 15 0 32 0 1 0 0 0 1 0 0 0 1 3815.dat
1 15 -15.552 9 0 0.985 -0.17 0 0.17 0.985 0 0 0 1 3818.dat
1 15 15.552 9 0 0.985 0.17 0 -0.17 0.985 0 0 0 1 3819.dat
1 0 -23.8634 26.5956 -10.321 0.985 -0.12019 0.12019 0.17 0.696395 -0.696395 0 0.707 0.707 3820.dat
1 0 23.8634 26.5956 -10.321 0.985 0.12019 -0.12019 -0.17 0.696395 -0.696395 0 0.707 0.707 3820.dat
1 15 0 44 0 1 0 0 0 1 0 0 0 1 3816.dat
1 15 0 44 0 1 0 0 0 1 0 0 0 1 3817.dat
0
0 FILE AT-AP Complete.ldr
0 AT-AP Complete
0 Name: AT-AP Complete.ldr
0 Author: LDraw
0 Unofficial Model
0 ROTATION CENTER 0 0 0 1 "Custom" 
0 ROTATION CONFIG 0 0
1 0 20 -16 0 1 0 0 0 0.986286 -0.165048 0 0.165048 0.986286 Part 1.ldr
0
0 FILE Part 1.ldr
0 Part 1
0 Name: Part 1.ldr
0 Author: LDraw
0 Unofficial Model
0 ROTATION CENTER 0 0 0 1 "Custom" 
0 ROTATION CONFIG 0 0
1 71 -30 24 0 -1 0 0 0 1 0 0 0 -1 32531.dat
1 71 60 16 160 0 0 -1 0 1 0 1 0 0 Part 5.ldr
1 71 -200 16 160 0 0 -1 0 1 0 1 0 0 Part 7.ldr
1 71 -301.969 -206 -43.745 -0.292372 0.956305 0 0 0 1 0.956305 0.292372 0 Part 12.ldr
1 71 -40 -8 -30 0 0 -1 0 1 0 1 0 0 60475b.dat
1 71 -40 -8 -50 0 0 -1 0 1 0 1 0 0 60475b.dat
1 27 -40 -16 -40 0 0 -1 0 1 0 1 0 0 3069b.dat
1 71 -60 34 0 0 1 0 0 0 -1 -1 0 0 32526.dat
1 71 -120 34 0 0 1 0 0 0 -1 -1 0 0 32526.dat
1 72 -90 24 50 -1 0 0 0 1 0 0 0 -1 3894.dat
1 72 -80 -6 120 0 1 0 -1 0 0 0 0 1 32009.dat
1 72 -100 -6 120 0 1 0 -1 0 0 0 0 1 32009.dat
1 0 -60 16 60 0 0 1 0 1 0 -1 0 0 32530.dat
1 0 -120 16 60 0 0 1 0 1 0 -1 0 0 32530.dat
1 0 -60 16 -40 0 0 1 0 1 0 -1 0 0 32530.dat
1 0 -100 -56 -80 0 0 1 0 1 0 -1 0 0 2730.dat
1 0 -80 -56 -80 0 0 1 0 1 0 -1 0 0 2730.dat
1 0 -90 -32 -80 1 0 0 0 1 0 0 0 1 3709b.dat
1 0 -90 -24 -120 0 0 -1 0 1 0 1 0 0 3709b.dat
1 72 -90 -32 -120 1 0 0 0 1 0 0 0 1 4032b.dat
1 72 -90 -64 -80 1 0 0 0 1 0 0 0 1 4032b.dat
1 72 -90 -88 -110 -1 0 0 0 1 0 0 0 -1 2432.dat
1 19 -90 -88 -70 -1 0 0 0 1 0 0 0 -1 30137.dat
1 19 -170 16 0 0 0 1 0 1 0 -1 0 0 3035.dat
1 0 -170 -8 -70 -1 0 0 0 1 0 0 0 -1 3937.dat
1 71 -170 -5.826 -63.774 1 0 0 0 0.782608 0.622515 0 -0.622515 0.782608 6134.dat
1 71 -170 -18.348 -53.814 -1 0 0 0 0.782608 -0.622515 0 -0.622515 -0.782608 3069bpc2.dat
1 72 -170 -18.312 -66.619 0 0 1 -0.622515 0.782608 0 -0.782608 -0.622515 0 30503.dat
1 0 -170 8 20 1 0 0 0 1 0 0 0 1 4079.dat
1 19 -10 16 0 0 0 1 0 1 0 -1 0 0 3035.dat
1 19 118.664 -76 -53.647 0.300706 -0.953717 0 0 0 -1 0.953717 0.300706 0 Part 11.ldr
1 0 -10 8 20 1 0 0 0 1 0 0 0 1 4079.dat
1 0 -120 -112 150 0 0 -1 0 1 0 1 0 0 Part 3.ldr
1 0 -10 -56 130 -1 0 0 0 0 -1 0 -1 0 Part 15.ldr
1 0 -170 -56 130 1 0 0 0 0 1 0 -1 0 Part 16.ldr
1 0 -20 -47.5 -30 0 -0.978148 0.207912 0 -0.207912 -0.978148 1 0 0 57899.dat
1 0 -20 -47.5 -50 0 -0.978148 0.207912 0 -0.207912 -0.978148 1 0 0 57899.dat
1 320 -170 8 -10 1 0 0 0 1 0 0 0 1 3794a.dat
1 71 -170 0 -10 1 0 0 0 1 0 0 0 1 4592.dat
1 0 -170 0 -10 1 0 0 0 0.92388 0.382683 0 -0.382683 0.92388 4593.dat
1 320 -90 -96 -70 -1 0 0 0 1 0 0 0 -1 2431.dat
1 15 -90 -88 -40 -1 0 0 0 1 0 0 0 -1 4150.dat
1 42 -90 -80 -40 -1 0 0 0 1 0 0 0 -1 6143.dat
1 72 -90 -32 -160 0 0 1 0 1 0 -1 0 0 2444.dat
1 71 -90 -22 -260 0 0 1 0 1 0 -1 0 0 2714.dat
1 72 -90 -22 -306 0 0 1 -1 0 0 0 -1 0 4589.dat
1 0 -120 16 -40 0 0 1 0 1 0 -1 0 0 32530.dat
1 72 -90 44 90 1 0 0 0 -1 0 0 0 -1 32064b.dat
1 72 -90 34 110 0 0 1 0 -1 0 1 0 0 6587.dat
1 71 -90 44 110 1 0 0 0 -1 0 0 0 -1 3700.dat
1 15 -90 60 90 1 0 0 0 -1 0 0 0 -1 47457.dat
1 15 -80 76 60 1 0 0 0 -1 0 0 0 -1 Part 8.ldr
1 15 -54 116.641 -8.711 0 -1 0 0.190809 0 -0.981627 0.981627 0 0.190809 Part 9.ldr
1 72 -90 24 -50 -1 0 0 0 1 0 0 0 -1 3894.dat
1 72 -110 34 -90 -1 0 0 0 1 0 0 0 -1 32013.dat
1 72 -140 1.704 -141.118 0 0 -1 -0.91706 -0.398749 0 -0.398749 0.91706 0 Part 10.ldr
1 1 -90 34 -90 -1 0 0 0 0.91706 0.398749 0 0.398749 -0.91706 6558.dat
1 1 -110 34 -60 0 0 1 0 1 0 -1 0 0 43093.dat
1 1 -70 34 -60 0 0 1 0 1 0 -1 0 0 43093.dat
1 71 -150 24 0 -1 0 0 0 1 0 0 0 -1 32531.dat
1 71 -120 -56 -80 0 0 -1 0 1 0 1 0 0 3700.dat
1 71 -60 -56 -80 0 0 -1 0 1 0 1 0 0 3700.dat
1 71 -60 -64 -80 0 0 -1 0 1 0 1 0 0 4623.dat
1 71 -120 -64 -80 0 0 1 0 1 0 -1 0 0 4623.dat
1 71 -90 24 100 0 0 1 0 1 0 -1 0 0 32324.dat
1 71 -90 48 20 0 0 1 0 1 0 -1 0 0 3795.dat
1 0 -90 34 20 -1 0 0 0 1 0 0 0 -1 2780.dat
1 0 -50 34 40 0 0 1 0 1 0 -1 0 0 2780.dat
1 0 -70 -6 60 1 0 0 0 1 0 0 0 1 2780.dat
1 0 -110 -6 60 1 0 0 0 1 0 0 0 1 2780.dat
1 0 -90 -6 80 1 0 0 0 1 0 0 0 1 2780.dat
1 0 -90 -6 -20 1 0 0 0 1 0 0 0 1 2780.dat
1 0 -110 -6 0 1 0 0 0 1 0 0 0 1 2780.dat
1 0 -70 -6 0 1 0 0 0 1 0 0 0 1 2780.dat
1 0 -70 -46 0 1 0 0 0 1 0 0 0 1 2780.dat
1 0 -110 -46 0 1 0 0 0 1 0 0 0 1 2780.dat
1 0 -70 -46 -40 1 0 0 0 1 0 0 0 1 2780.dat
1 0 -110 -46 -40 1 0 0 0 1 0 0 0 1 2780.dat
1 0 -70 -46 -80 1 0 0 0 1 0 0 0 1 2780.dat
1 0 -90 -46 -160 1 0 0 0 1 0 0 0 1 2780.dat
1 0 -110 -46 -80 1 0 0 0 1 0 0 0 1 2780.dat
1 0 -110 34 0 1 0 0 0 1 0 0 0 1 2780.dat
1 0 -70 34 0 1 0 0 0 1 0 0 0 1 2780.dat
1 1 -70 -6 -40 -1 0 0 0 1 0 0 0 -1 43093.dat
1 1 -110 -6 -40 1 0 0 0 1 0 0 0 1 43093.dat
1 1 -70 -86 120 -1 0 0 0 1 0 0 0 -1 43093.dat
1 1 -110 -86 120 1 0 0 0 1 0 0 0 1 43093.dat
1 1 -60 -46 -140 1 0 0 0 1 0 0 0 1 6558.dat
1 1 -120 -46 -140 -1 0 0 0 0.829038 0.559193 0 0.559193 -0.829038 6558.dat
1 0 -130 34 40 0 0 1 0 1 0 -1 0 0 2780.dat
1 0 -50 34 -40 0 0 1 0 1 0 -1 0 0 2780.dat
1 0 -130 34 -40 0 0 1 0 1 0 -1 0 0 2780.dat
1 0 -70 34 60 0 0 1 0 1 0 -1 0 0 2780.dat
1 0 -110 34 60 0 0 1 0 1 0 -1 0 0 2780.dat
1 0 -90 34 -20 -1 0 0 0 1 0 0 0 -1 2780.dat
1 72 -70 34 -90 -1 0 0 0 1 0 0 0 -1 32013.dat
1 72 -80 -74.189 -159.012 1 0 0 0 0.829038 -0.559193 0 0.559193 0.829038 Part 2.ldr
0
0 FILE Part 2.ldr
0 Part 2
0 Name: Part 2.ldr
0 Author: LDraw
0 Unofficial Model
0 ROTATION CENTER 0 0 0 1 "Custom" 
0 ROTATION CONFIG 0 0
1 71 -10 0 0 1 0 0 0 1 0 0 0 1 3795.dat
1 71 -10 -8 0 1 0 0 0 1 0 0 0 1 3795.dat
1 0 30 -8 -50 1 0 0 0 1 0 0 0 1 30414.dat
1 0 -50 -8 -50 1 0 0 0 1 0 0 0 1 30414.dat
1 0 -50 -40 30 -1 0 0 0 1 0 0 0 -1 3937.dat
1 72 -10 -24 -10 1 0 0 0 1 0 0 0 1 2412b.dat
1 72 -10 -24 -30 1 0 0 0 1 0 0 0 1 2412b.dat
1 72 -10 -24 10 1 0 0 0 1 0 0 0 1 2412b.dat
1 72 -70 2 -92 -1 0 0 0 0 1 0 1 0 2432.dat
1 72 50 2 -92 -1 0 0 0 0 1 0 1 0 2432.dat
1 72 -10 2 -68 -1 0 0 0 0 1 0 1 0 3710.dat
1 71 -10 -16 0 0 0 -1 0 1 0 1 0 0 3032.dat
1 71 -80 -16 0 -1 0 0 0 1 0 0 0 -1 54384.dat
1 71 -50 -40 10 1 0 0 0 1 0 0 0 1 3298.dat
1 71 30 -24 40 1 0 0 0 1 0 0 0 1 3068b.dat
1 71 -50 -38.194 48.89 1 0 0 0 0.793353 0.608761 0 -0.608761 0.793353 3068b.dat
1 71 -50 -37.933 36.085 1 0 0 0 0.793353 0.608761 0 -0.608761 0.793353 6134.dat
1 71 60 -16 0 -1 0 0 0 1 0 0 0 -1 54383.dat
1 71 -60 8 0 0 0 -1 0 1 0 1 0 0 32529.dat
1 71 -40 8 0 0 0 -1 0 1 0 1 0 0 32529.dat
1 71 20 8 0 0 0 -1 0 1 0 1 0 0 32529.dat
1 71 40 8 0 0 0 -1 0 1 0 1 0 0 32529.dat
0
0 FILE Part 3.ldr
0 Part 3
0 Name: Part 3.ldr
0 Author: LDraw
0 Unofficial Model
0 ROTATION CENTER 0 0 0 1 "Custom" 
0 ROTATION CONFIG 0 0
1 72 -70 26 0 0 0 1 1 0 0 0 1 0 32316.dat
1 72 -110 16 -20 -1 0 0 0 1 0 0 0 -1 3894.dat
1 72 -110 16 -40 -1 0 0 0 1 0 0 0 -1 3894.dat
1 71 -150 8 -30 -1 0 0 0 1 0 0 0 -1 3832.dat
1 71 -230 0 -30 0 0 1 0 1 0 -1 0 0 3795.dat
1 71 -130 0 -30 1 0 0 0 1 0 0 0 1 41539.dat
1 71 -235.752 -50.919 -30 0.93358 -0.358368 0 0.358368 0.93358 0 0 0 1 Part 17.ldr
1 71 -60 -24 -80 0 0 1 0 1 0 -1 0 0 50955.dat
1 71 -60 -24 20 0 0 1 0 1 0 -1 0 0 50956.dat
1 72 -210 -8 0 1 0 0 0 1 0 0 0 1 3710.dat
1 72 -70 -32 0 -1 0 0 0 1 0 0 0 -1 2432.dat
1 72 -70 -32 -60 1 0 0 0 1 0 0 0 1 2432.dat
1 72 -210 -8 -60 1 0 0 0 1 0 0 0 1 3710.dat
1 0 -230 -16 -60 1 0 0 0 1 0 0 0 1 32530.dat
1 0 -230 -16 0 1 0 0 0 1 0 0 0 1 32530.dat
1 320 -190 -16 -60 1 0 0 0 1 0 0 0 1 3794a.dat
1 320 -190 -16 0 1 0 0 0 1 0 0 0 1 3794a.dat
1 72 -70 26 -60 0 0 1 1 0 0 0 1 0 32316.dat
1 0 -70 26 -50 0 0 1 0 -1 0 1 0 0 2780.dat
1 0 -110 26 -50 0 0 1 0 -1 0 1 0 0 2780.dat
1 0 -70 26 -10 0 0 1 0 -1 0 1 0 0 2780.dat
1 0 -90 26 -30 0 0 1 0 -1 0 1 0 0 2780.dat
1 0 -110 26 -10 0 0 1 0 -1 0 1 0 0 2780.dat
0
0 FILE Part 4.ldr
0 Part 4
0 Name: Part 4.ldr
0 Author: LDraw
0 Unofficial Model
0 ROTATION CENTER 0 0 0 1 "Custom" 
0 ROTATION CONFIG 0 0
1 0 -20 40 0 0.97437 0.224951 0 -0.224951 0.97437 0 0 0 1 3709b.dat
1 72 -21.799 32.205 0 0 0.224951 0.97437 0 0.97437 -0.224951 -1 0 0 3738.dat
1 72 -88.203 55.749 20 0 0.224951 0.97437 0 0.97437 -0.224951 -1 0 0 43722.dat
1 72 -88.203 55.749 -20 0 0.224951 0.97437 0 0.97437 -0.224951 -1 0 0 43723.dat
1 72 48.203 24.251 -20 0 0.224951 -0.97437 0 0.97437 0.224951 1 0 0 43722.dat
1 72 48.203 24.251 20 0 0.224951 -0.97437 0 0.97437 0.224951 1 0 0 43723.dat
1 71 -20 40 60 -0.97437 0.224951 0 0.224951 0.97437 0 0 0 -1 51739.dat
1 71 -70.519 43.453 0 -0.97437 0.224951 0 0.224951 0.97437 0 0 0 -1 3021.dat
1 71 38.184 -180.511 0 0 1 0 1 0 0 0 0 -1 3702.dat
1 71 48 -181 -38 0 0 1 1 0 0 0 1 0 6636.dat
1 19 47 -81 -38 0 0 1 1 0 0 0 1 0 4073.dat
1 72 47 -81 -46 0 0 1 1 0 0 0 1 0 43898.dat
1 72 14.184 -220.512 0 0 1 0 0 0 -1 -1 0 0 42022.dat
1 72 38.188 -160.512 -20 0 1 0 -1 0 0 0 0 1 47905.dat
1 0 48.187 -200.511 -10 0 1 0 0 0 1 1 0 0 2780.dat
1 0 48.185 -240.514 -10 0 1 0 0 0 1 1 0 0 2780.dat
1 27 38.182 -110.512 0 0 1 0 0 0 1 1 0 0 54200.dat
1 27 6.182 -220.511 0 0 1 0 1 0 0 0 0 -1 3069b.dat
1 27 -9.318 -40.511 -38 -0.814116 0 0.580703 0.580703 0 0.814116 0 1 0 3069b.dat
1 71 62.185 -200.512 0 0 1 0 0 0 -1 -1 0 0 42023.dat
1 71 62.185 -230.512 0 0 1 0 0 0 1 1 0 0 3665.dat
1 71 26.922 20.957 0 -0.97437 0.224951 0 0.224951 0.97437 0 0 0 -1 3021.dat
1 71 -34.397 -22.359 20 -0.580703 0 0.814116 -0.814116 0 -0.580703 0 -1 0 6629.dat
1 71 -34.397 -22.359 -20 -0.580703 0 0.814116 -0.814116 0 -0.580703 0 -1 0 6629.dat
1 71 -25.398 16.615 0 -0.97437 0.224951 0 0.224951 0.97437 0 0 0 -1 44375a.dat
1 71 -25.398 16.615 0 0.224951 0.97437 0 0.97437 -0.224951 0 0 0 -1 4519.dat
1 71 -34.397 -22.359 0 0 0.814116 -0.580703 0 -0.580703 -0.814116 -1 0 0 4519.dat
1 71 48.152 -140.457 0 0 0.999848 0.0174524 0 0.0174524 -0.999848 -1 0 0 4519.dat
1 1 30.732 -68.815 0 0 0.814116 -0.580703 0 -0.580703 -0.814116 -1 0 0 6558.dat
1 1 48.041 -120.536 0 0 0.707107 -0.707107 0 -0.707107 -0.707107 -1 0 0 6558.dat
1 1 -17.988 -34.278 -30 0 0.707107 -0.707107 0 -0.707107 -0.707107 -1 0 0 4274.dat
1 1 -2.134 -45.634 -30 0 0.707107 -0.707107 0 -0.707107 -0.707107 -1 0 0 4274.dat
1 1 47.253 -80.643 -30 0 0.707107 -0.707107 0 -0.707107 -0.707107 -1 0 0 4274.dat
1 71 -1.832 -45.587 0 0.814116 0 -0.580703 -0.580703 0 -0.814116 0 1 0 4519.dat
1 72 30.732 -68.815 0 0 0.580703 0.814116 0 0.814116 -0.580703 -1 0 0 32013.dat
1 1 -23.599 24.41 0 -0.97437 0.224951 0 0.224951 0.97437 0 0 0 -1 4032b.dat
1 72 -27.2 8.822 0 -0.97437 0.224951 0 0.224951 0.97437 0 0 0 -1 4032b.dat
1 71 -34.397 -22.359 0 0 -0.97437 -0.224951 0 0.224951 -0.97437 1 0 0 32015.dat
1 71 -20 40 -60 0.97437 0.224951 0 -0.224951 0.97437 0 0 0 1 51739.dat
0
0 FILE Part 5.ldr
0 Part 5
0 Name: Part 5.ldr
0 Author: LDraw
0 Unofficial Model
0 ROTATION CENTER 0 0 0 1 "Custom" 
0 ROTATION CONFIG 0 0
1 71 -20 18 0 0 0 -1 1 0 0 0 -1 0 44224.dat
1 71 -20 18 -26 -0.92388 0 -0.382683 -0.382683 0 0.92388 0 1 0 3960.dat
1 71 -120 8 20 1 0 0 0 1 0 0 0 1 3702.dat
1 71 -171.499 258.317 20 0.92388 -0.382683 0 0.382683 0.92388 0 0 0 1 Part 4.ldr
1 71 -170 38 0 1 0 0 0 0 1 0 -1 0 41678.dat
1 71 -170 38 0 1 0 0 0 0 1 0 -1 0 6536.dat
1 4 -170 38 0 1 0 0 0 0 1 0 -1 0 32062.dat
1 71 -180 32 20 0 0 -1 0 1 0 1 0 0 42023.dat
1 72 -60 -16 20 0 0 1 0 1 0 -1 0 0 42022.dat
1 0 -60 18 10 0 0 1 0 1 0 -1 0 0 2780.dat
1 0 -80 18 10 0 0 1 0 1 0 -1 0 0 2780.dat
1 0 -100 18 10 0 0 1 0 1 0 -1 0 0 2780.dat
1 0 -140 18 30 0 0 1 0 1 0 -1 0 0 2780.dat
1 0 -170 28 -20 0 0 1 -1 0 0 0 -1 0 2780.dat
1 1 -180 18 20 0 0 -1 0 1 0 1 0 0 6558.dat
1 1 -160 18 20 0 0 -1 0 1 0 1 0 0 6558.dat
1 1 -20 18 -10 0 0 -1 0 -1 0 -1 0 0 4274.dat
1 1 -42.96 73.434 -10 0 0.92388 0.382683 0 0.382683 -0.92388 -1 0 0 4274.dat
1 72 -20 18 0 -0.92388 0 -0.382683 -0.382683 0 0.92388 0 1 0 44225.dat
0
0 FILE Part 6.ldr
0 Part 6
0 Name: Part 6.ldr
0 Author: LDraw
0 Unofficial Model
0 ROTATION CENTER 0 0 0 1 "Custom" 
0 ROTATION CONFIG 0 0
1 0 -20 40 0 0.97437 0.224951 0 -0.224951 0.97437 0 0 0 1 3709b.dat
1 72 -21.799 32.205 0 0 0.224951 0.97437 0 0.97437 -0.224951 -1 0 0 3738.dat
1 72 -88.203 55.749 20 0 0.224951 0.97437 0 0.97437 -0.224951 -1 0 0 43722.dat
1 72 -88.203 55.749 -20 0 0.224951 0.97437 0 0.97437 -0.224951 -1 0 0 43723.dat
1 72 48.203 24.251 -20 0 0.224951 -0.97437 0 0.97437 0.224951 1 0 0 43722.dat
1 72 48.203 24.251 20 0 0.224951 -0.97437 0 0.97437 0.224951 1 0 0 43723.dat
1 71 -20 40 60 -0.97437 0.224951 0 0.224951 0.97437 0 0 0 -1 51739.dat
1 71 -70.519 43.453 0 -0.97437 0.224951 0 0.224951 0.97437 0 0 0 -1 3021.dat
1 71 38.184 -180.511 0 0 1 0 1 0 0 0 0 -1 3702.dat
1 71 48 -181 38 0 0 -1 1 0 0 0 -1 0 6636.dat
1 19 47 -81 38 0 0 -1 1 0 0 0 -1 0 4073.dat
1 72 47 -81 50 0 0 -1 1 0 0 0 -1 0 43898.dat
1 72 14.184 -220.512 0 0 1 0 0 0 -1 -1 0 0 42022.dat
1 72 38.188 -160.512 20 0 1 0 -1 0 0 0 0 1 47905.dat
1 0 48.187 -200.511 10 0 1 0 0 0 1 1 0 0 2780.dat
1 0 48.185 -240.514 10 0 1 0 0 0 1 1 0 0 2780.dat
1 27 38.182 -110.512 0 0 1 0 0 0 1 1 0 0 54200.dat
1 27 6.182 -220.511 0 0 1 0 1 0 0 0 0 -1 3069b.dat
1 27 -9.318 -40.511 38 0.814116 0 0.580703 -0.580703 0 0.814116 0 -1 0 3069b.dat
1 71 62.185 -200.512 0 0 1 0 0 0 -1 -1 0 0 42023.dat
1 71 62.185 -230.512 0 0 1 0 0 0 1 1 0 0 3665.dat
1 71 26.922 20.957 0 -0.97437 0.224951 0 0.224951 0.97437 0 0 0 -1 3021.dat
1 71 -34.397 -22.359 20 -0.580703 0 0.814116 -0.814116 0 -0.580703 0 -1 0 6629.dat
1 71 -34.397 -22.359 -20 -0.580703 0 0.814116 -0.814116 0 -0.580703 0 -1 0 6629.dat
1 71 -25.398 16.615 0 -0.97437 0.224951 0 0.224951 0.97437 0 0 0 -1 44375a.dat
1 71 -25.398 16.615 0 0.224951 0.97437 0 0.97437 -0.224951 0 0 0 -1 4519.dat
1 71 -34.397 -22.359 0 0 0.814116 -0.580703 0 -0.580703 -0.814116 -1 0 0 4519.dat
1 71 48.152 -140.457 0 0 0.999848 0.0174524 0 0.0174524 -0.999848 -1 0 0 4519.dat
1 1 30.732 -68.815 0 0 0.814116 -0.580703 0 -0.580703 -0.814116 -1 0 0 6558.dat
1 1 48.041 -120.536 0 0 0.707107 -0.707107 0 -0.707107 -0.707107 -1 0 0 6558.dat
1 1 -17.988 -34.278 30 0 -0.707107 0.707107 0 -0.707107 -0.707107 1 0 0 4274.dat
1 1 -2.134 -45.634 30 0 -0.707107 0.707107 0 -0.707107 -0.707107 1 0 0 4274.dat
1 1 47.253 -80.643 30 0 -0.707107 0.707107 0 -0.707107 -0.707107 1 0 0 4274.dat
1 71 -1.832 -45.587 0 0.814116 0 -0.580703 -0.580703 0 -0.814116 0 1 0 4519.dat
1 72 30.732 -68.815 0 0 0.580703 0.814116 0 0.814116 -0.580703 -1 0 0 32013.dat
1 1 -23.599 24.41 0 -0.97437 0.224951 0 0.224951 0.97437 0 0 0 -1 4032b.dat
1 72 -27.2 8.822 0 -0.97437 0.224951 0 0.224951 0.97437 0 0 0 -1 4032b.dat
1 71 -34.397 -22.359 0 0 -0.97437 -0.224951 0 0.224951 -0.97437 1 0 0 32015.dat
1 71 -20 40 -60 0.97437 0.224951 0 -0.224951 0.97437 0 0 0 1 51739.dat
0
0 FILE Part 7.ldr
0 Part 7
0 Name: Part 7.ldr
0 Author: LDraw
0 Unofficial Model
0 ROTATION CENTER 0 0 0 1 "Custom" 
0 ROTATION CONFIG 0 0
1 71 -20 18 40 0 0 -1 -1 0 0 0 1 0 44224.dat
1 71 -20 18 64 -0.382683 0 -0.92388 0.92388 0 -0.382683 0 -1 0 3960.dat
1 71 -120 8 20 1 0 0 0 1 0 0 0 1 3702.dat
1 71 -171.499 258.317 20 0.92388 -0.382683 0 0.382683 0.92388 0 0 0 1 Part 6.ldr
1 71 -170 38 40 1 0 0 0 0 1 0 -1 0 41678.dat
1 72 -170 38 40 -1 0 0 0 0 1 0 1 0 6536.dat
1 4 -170 38 40 1 0 0 0 0 1 0 -1 0 32062.dat
1 71 -180 32 20 0 0 -1 0 1 0 1 0 0 42023.dat
1 72 -60 -16 20 0 0 1 0 1 0 -1 0 0 42022.dat
1 0 -60 18 30 0 0 1 0 1 0 -1 0 0 2780.dat
1 0 -80 18 30 0 0 1 0 1 0 -1 0 0 2780.dat
1 0 -100 18 30 0 0 1 0 1 0 -1 0 0 2780.dat
1 0 -140 18 10 0 0 1 0 1 0 -1 0 0 2780.dat
1 0 -170 28 60 0 0 1 -1 0 0 0 -1 0 2780.dat
1 1 -180 18 20 0 0 1 0 1 0 -1 0 0 6558.dat
1 1 -160 18 20 0 0 1 0 1 0 -1 0 0 6558.dat
1 1 -20 18 50 0 0 1 0 -1 0 1 0 0 4274.dat
1 1 -42.96 73.434 50 0 -0.92388 -0.382683 0 0.382683 -0.92388 1 0 0 4274.dat
1 72 -20 18 40 0.92388 0 -0.382683 0.382683 0 0.92388 0 -1 0 44225.dat
0
0 FILE Part 8.ldr
0 Part 8
0 Name: Part 8.ldr
0 Author: LDraw
0 Unofficial Model
0 ROTATION CENTER 0 0 0 1 "Custom" 
0 ROTATION CONFIG 0 0
1 0 -10 8 0 1 0 0 0 1 0 0 0 1 3709b.dat
1 72 -10 0 0 0 0 1 0 1 0 -1 0 0 3738.dat
1 1 -10 -8 0 0 0 1 0 1 0 -1 0 0 4032b.dat
1 72 -10 -24 0 0 0 1 0 1 0 -1 0 0 4032b.dat
1 72 -10 -54 0 1 0 0 0 0 -1 0 1 0 32013.dat
1 71 -60 0 0 -1 0 0 0 1 0 0 0 -1 3021.dat
1 71 40 0 0 -1 0 0 0 1 0 0 0 -1 3021.dat
1 71 -10 8 -60 1 0 0 0 1 0 0 0 1 51739.dat
1 71 -10 -16 0 1 0 0 0 1 0 0 0 1 44375a.dat
1 71 -10 -14 0 0 1 0 -1 0 0 0 0 1 4519.dat
1 71 -70 8 0 0 0 1 0 1 0 -1 0 0 51739.dat
1 71 -10 8 60 -1 0 0 0 1 0 0 0 -1 51739.dat
1 71 50 8 0 0 0 -1 0 1 0 1 0 0 51739.dat
0
0 FILE Part 9.ldr
0 Part 9
0 Name: Part 9.ldr
0 Author: LDraw
0 Unofficial Model
0 ROTATION CENTER 0 0 0 1 "Custom" 
0 ROTATION CONFIG 0 0
1 71 10 16 0 0 0 1 0 1 0 -1 0 0 32524.dat
1 1 -30 6 0 0 0 1 -1 0 0 0 -1 0 4274.dat
1 71 50 -2 0 0 0 1 0 1 0 -1 0 0 4740.dat
1 19 -30 -2 0 0 0 1 0 1 0 -1 0 0 4073.dat
1 72 -30 -10 0 0 0 1 0 1 0 -1 0 0 43898.dat
1 71 50 74 0 0 0 1 0 -1 0 1 0 0 4740.dat
1 19 -30 74 0 0 0 1 0 -1 0 1 0 0 4073.dat
1 72 -30 82 0 0 0 1 0 -1 0 1 0 0 43898.dat
1 1 -50 36 0 0 0 1 -1 0 0 0 -1 0 6558.dat
1 1 70 36 0 0 0 1 -1 0 0 0 -1 0 6558.dat
1 1 50 6 0 0 0 1 -1 0 0 0 -1 0 4274.dat
1 1 -30 66 0 0 0 1 1 0 0 0 1 0 4274.dat
1 1 50 66 0 0 0 1 1 0 0 0 1 0 4274.dat
1 71 10 56 0 0 0 1 0 1 0 -1 0 0 32524.dat
0
0 FILE Part 10.ldr
0 Part 10
0 Name: Part 10.ldr
0 Author: LDraw
0 Unofficial Model
0 ROTATION CENTER 0 0 0 1 "Custom" 
0 ROTATION CONFIG 0 0
1 72 -90 24 -50 -1 0 0 0 1 0 0 0 -1 3894.dat
1 72 -50 0 -50 0 0 1 0 1 0 -1 0 0 42022.dat
0
0 FILE Part 11.ldr
0 Part 11
0 Name: Part 11.ldr
0 Author: LDraw
0 Unofficial Model
0 ROTATION CENTER 0 0 0 1 "Custom" 
0 ROTATION CONFIG 0 0
1 72 20 70.77 -7.774 -1 0 0 0 0.707107 -0.707107 0 -0.707107 -0.707107 30041.dat
1 72 50 -8 -110 0 0 1 0 1 0 -1 0 0 Part 13.ldr
1 40 20 60.87 16.267 1 0 0 0 0.707107 0.707107 0 -0.707107 0.707107 4865b.dat
1 40 0 46.728 2.124 -1 0 0 0 0.707107 -0.707107 0 -0.707107 -0.707107 30413.dat
1 72 70 77.841 -14.846 -1 0 0 0 0.707107 -0.707107 0 -0.707107 -0.707107 30042.dat
1 72 -40 46.728 -54.444 -1 0 0 0 0.707107 -0.707107 0 -0.707107 -0.707107 3710.dat
1 72 -20 52.385 -60.101 -1 0 0 0 0.707107 -0.707107 0 -0.707107 -0.707107 3460.dat
1 72 -80 100.468 -3.532 -1 0 0 0 0.707107 0.707107 0 0.707107 -0.707107 3023.dat
1 72 -80 148.551 -14.846 -1 0 0 0 -0.707107 0.707107 0 0.707107 0.707107 2432.dat
1 72 -80 106.125 2.125 -1 0 0 0 0.707107 0.707107 0 0.707107 -0.707107 3023.dat
1 0 -80 111.782 7.782 -1 0 0 0 0.707107 0.707107 0 0.707107 -0.707107 52107.dat
1 0 -80 83.498 -20.502 -1 0 0 0 0.707107 0.707107 0 0.707107 -0.707107 30414.dat
1 27 -60 86.326 19.096 -1 0 0 0 0.707107 -0.707107 0 -0.707107 -0.707107 3069b.dat
1 27 -60 29.757 -37.473 -1 0 0 0 0.707107 -0.707107 0 -0.707107 -0.707107 3069b.dat
1 72 -140 29.757 -37.473 -1 0 0 0 0.707107 -0.707107 0 -0.707107 -0.707107 2412b.dat
1 19 -100 50.97 -16.26 -1 0 0 0 0.707107 -0.707107 0 -0.707107 -0.707107 4150.dat
1 19 -90 46.728 -54.444 -1 0 0 0 0.707107 -0.707107 0 -0.707107 -0.707107 4073.dat
1 71 -120 70.77 -7.774 -1 0 0 0 0.707107 -0.707107 0 -0.707107 -0.707107 6106.dat
1 71 -20 41.071 -48.787 -1 0 0 0 0.707107 -0.707107 0 -0.707107 -0.707107 4510.dat
1 71 40 46.728 -54.444 1 0 0 0 0.707107 0.707107 0 -0.707107 0.707107 44568.dat
0
0 FILE Part 12.ldr
0 Part 12
0 Name: Part 12.ldr
0 Author: LDraw
0 Unofficial Model
0 ROTATION CENTER 0 0 0 1 "Custom" 
0 ROTATION CONFIG 0 0
1 72 20 70.77 137.774 -1 0 0 0 0.707107 0.707107 0 0.707107 -0.707107 30041.dat
1 72 40 -8 220 0 0 1 0 1 0 -1 0 0 Part 14.ldr
1 40 20 60.87 113.733 -1 0 0 0 0.707107 0.707107 0 0.707107 -0.707107 4865b.dat
1 40 0 46.728 127.876 1 0 0 0 0.707107 -0.707107 0 0.707107 0.707107 30413.dat
1 72 70 77.841 144.846 -1 0 0 0 0.707107 0.707107 0 0.707107 -0.707107 30042.dat
1 72 -40 46.728 184.444 -1 0 0 0 0.707107 0.707107 0 0.707107 -0.707107 3710.dat
1 72 -20 52.385 190.101 -1 0 0 0 0.707107 0.707107 0 0.707107 -0.707107 3460.dat
1 72 -80 100.468 133.532 1 0 0 0 0.707107 0.707107 0 -0.707107 0.707107 3023.dat
1 72 -80 148.551 144.846 1 0 0 0 -0.707107 0.707107 0 -0.707107 -0.707107 2432.dat
1 72 -80 106.125 127.875 1 0 0 0 0.707107 0.707107 0 -0.707107 0.707107 3023.dat
1 0 -80 111.782 122.218 1 0 0 0 0.707107 0.707107 0 -0.707107 0.707107 52107.dat
1 0 -80 83.498 150.502 1 0 0 0 0.707107 0.707107 0 -0.707107 0.707107 30414.dat
1 27 -60 29.756 167.473 -1 0 0 0 0.707107 0.707107 0 0.707107 -0.707107 3069b.dat
1 27 -60 86.326 110.904 -1 0 0 0 0.707107 0.707107 0 0.707107 -0.707107 3069b.dat
1 72 -140 29.756 167.473 -1 0 0 0 0.707107 0.707107 0 0.707107 -0.707107 2412b.dat
1 19 -100 50.97 146.26 -1 0 0 0 0.707107 0.707107 0 0.707107 -0.707107 4150.dat
1 19 -90 46.728 184.444 -1 0 0 0 0.707107 0.707107 0 0.707107 -0.707107 4073.dat
1 71 -120 70.77 137.774 0 0 1 0.707107 0.707107 0 -0.707107 0.707107 0 6106.dat
1 71 -20 41.072 178.788 1 0 0 0 0.707107 -0.707107 0 0.707107 0.707107 4510.dat
1 71 40 46.728 184.444 -1 0 0 0 0.707107 0.707107 0 0.707107 -0.707107 44568.dat
0
0 FILE Part 13.ldr
0 Part 13
0 Name: Part 13.ldr
0 Author: LDraw
0 Unofficial Model
0 ROTATION CENTER 0 0 0 1 "Custom" 
0 ROTATION CONFIG 0 0
1 72 -10 24 0 0 0 -1 0 1 0 1 0 0 30503.dat
1 1 -10 32 -20 0 0 -1 0 1 0 1 0 0 4032b.dat
1 72 -10 32 10 -1 0 0 0 1 0 0 0 -1 30365.dat
1 72 -10 40 -10 -1 0 0 0 1 0 0 0 -1 3023.dat
1 72 -10 48 -20 1 0 0 0 1 0 0 0 1 2444.dat
1 71 -10 40 -30 -1 0 0 0 1 0 0 0 -1 44302.dat
1 71 -20 56 -10 0 0 1 0 1 0 -1 0 0 3623.dat
0
0 FILE Part 14.ldr
0 Part 14
0 Name: Part 14.ldr
0 Author: LDraw
0 Unofficial Model
0 ROTATION CENTER 0 0 0 1 "Custom" 
0 ROTATION CONFIG 0 0
1 72 -10 24 0 -1 0 0 0 1 0 0 0 -1 30503.dat
1 1 -10 32 -20 0 0 -1 0 1 0 1 0 0 4032b.dat
1 72 -10 32 10 1 0 0 0 1 0 0 0 1 30365.dat
1 72 -10 40 -10 -1 0 0 0 1 0 0 0 -1 3023.dat
1 72 -10 48 -20 -1 0 0 0 1 0 0 0 -1 2444.dat
1 71 -10 40 -30 1 0 0 0 1 0 0 0 1 44302.dat
1 71 0 56 -10 0 0 1 0 1 0 -1 0 0 3623.dat
0
0 FILE Part 15.ldr
0 Part 15
0 Name: Part 15.ldr
0 Author: LDraw
0 Unofficial Model
0 ROTATION CENTER 0 0 0 1 "Custom" 
0 ROTATION CONFIG 0 0
1 72 -13.898 34.677 0 0.92388 0.382683 0 -0.382683 0.92388 0 0 0 1 3031.dat
1 71 -35.437 34.94 0 0 0.382683 -0.92388 0 0.92388 0.382683 1 0 0 41862.dat
1 71 -20.021 19.895 0 0 0.382683 -0.92388 0 0.92388 0.382683 1 0 0 4150ps4.dat
1 71 1.518 19.633 -10 0.92388 0.382683 0 -0.382683 0.92388 0 0 0 1 44302.dat
1 71 1.518 19.633 10 0.92388 0.382683 0 -0.382683 0.92388 0 0 0 1 44302.dat
1 0 50.001 10 10 0 0 1 0 1 0 -1 0 0 41532.dat
1 0 50.001 10 -10 0 0 1 0 1 0 -1 0 0 41532.dat
1 72 -66.269 65.029 0 -0.92388 0.382683 0 0.382683 0.92388 0 0 0 -1 30503.dat
0
0 FILE Part 16.ldr
0 Part 16
0 Name: Part 16.ldr
0 Author: LDraw
0 Unofficial Model
0 ROTATION CENTER 0 0 0 1 "Custom" 
0 ROTATION CONFIG 0 0
1 72 -13.898 34.677 0 0.92388 0.382683 0 -0.382683 0.92388 0 0 0 1 3031.dat
1 71 -35.437 34.94 0 0 0.382683 -0.92388 0 0.92388 0.382683 1 0 0 41862.dat
1 71 -20.021 19.895 0 0 0.382683 -0.92388 0 0.92388 0.382683 1 0 0 4150ps4.dat
1 71 1.518 19.633 -10 0.92388 0.382683 0 -0.382683 0.92388 0 0 0 1 44302.dat
1 71 1.518 19.633 10 0.92388 0.382683 0 -0.382683 0.92388 0 0 0 1 44302.dat
1 0 50.001 10 10 0 0 1 0 1 0 -1 0 0 41532.dat
1 0 50.001 10 -10 0 0 1 0 1 0 -1 0 0 41532.dat
1 72 -66.269 65.029 0 0 0.382683 0.92388 0 0.92388 -0.382683 -1 0 0 30503.dat
0
0 FILE Part 17.ldr
0 Part 17
0 Name: Part 17.ldr
0 Author: LDraw
0 Unofficial Model
0 ROTATION CENTER 0 0 0 1 "Custom" 
0 ROTATION CONFIG 0 0
1 72 10 0 0 -1 0 0 0 1 0 0 0 -1 48169.dat
1 0 -80 10 0 0 0 1 0 1 0 -1 0 0 59443.dat
1 0 -170 -54 0 0 0 1 0 1 0 -1 0 0 59443.dat
1 72 -308 9.473 0 0 1 0 0.707107 0 -0.707107 -0.707107 0 -0.707107 4588.dat
1 72 -332 9.071 0 0 1 0 0.707107 0 -0.707107 -0.707107 0 -0.707107 4589.dat
1 72 -260 9.473 0 0 -1 0 0.707107 0 -0.707107 0.707107 0 0.707107 4588.dat
1 0 30 24 0 -1 0 0 0 1 0 0 0 -1 2654.dat
1 0 90 -40 0 -1 0 0 0 1 0 0 0 -1 3680.dat
1 0 170 -56 0 0 0 1 0 1 0 -1 0 0 4079.dat
1 0 140 -56 0 0 0 1 0 1 0 -1 0 0 3829c01.dat
1 0 110 -72 -10 1 0 0 0 1 0 0 0 1 2877.dat
1 0 110 -72 10 -1 0 0 0 1 0 0 0 -1 2877.dat
1 0 80 -80 0 0 0 -1 0 1 0 1 0 0 2877.dat
1 0 80 -56 0 0 0 1 0 1 0 -1 0 0 44567.dat
1 71 90 -40 0 -1 0 0 0 1 0 0 0 -1 3679.dat
1 71 130 -48 0 -1 0 0 0 1 0 0 0 -1 3795.dat
1 71 0 -40 0 -1 0 0 0 1 0 0 0 -1 3623.dat
1 320 10 -72 0 -1 0 0 0 1 0 0 0 -1 2431.dat
1 72 90 -32 -10 0 0 1 0 1 0 -1 0 0 41748.dat
1 72 90 -96 0 0 0 -1 0 1 0 1 0 0 47753.dat
1 72 30 -64 0 1 0 0 0 1 0 0 0 1 30365.dat
1 72 -10 -64 0 0 0 1 0 1 0 -1 0 0 30359a.dat
1 4 -150 -54 0 1 0 0 0 1 0 0 0 1 32062.dat
1 72 90 -32 10 0 0 1 0 1 0 -1 0 0 41747.dat
1 320 50 -8 10 -1 0 0 0 1 0 0 0 -1 3666.dat
1 320 50 -8 -10 -1 0 0 0 1 0 0 0 -1 3666.dat
1 72 40 0 0 0 0 -1 0 1 0 1 0 0 3747a.dat
1 0 10 10 -20 0 0 -1 0 1 0 1 0 0 2780.dat
1 0 10 10 20 0 0 -1 0 1 0 1 0 0 2780.dat
1 0 -20 10 0 -1 0 0 0 1 0 0 0 -1 2780.dat
1 1 -60 10 0 -1 0 0 0 1 0 0 0 -1 43093.dat
1 1 -100 10 0 1 0 0 0 1 0 0 0 1 43093.dat
1 71 -40 10 0 1 0 0 0 -1 0 0 0 -1 62462.dat
1 0 -140 10 0 -1 0 0 0 1 0 0 0 -1 2780.dat
1 71 -160 10 0 1 0 0 0 -1 0 0 0 -1 62462.dat
1 0 -180 10 0 -1 0 0 0 1 0 0 0 -1 2780.dat
1 0 -220 10 0 -1 0 0 0 1 0 0 0 -1 2780.dat
1 4 -288 9.473 0 0 -1 0 -1 0 0 0 0 -1 4095.dat
1 71 -200 10 0 1 0 0 0 -1 0 0 0 -1 62462.dat
1 71 -240 10 0 1 0 0 0 -1 0 0 0 -1 62462.dat
1 71 -120 10 0 1 0 0 0 -1 0 0 0 -1 62462.dat
0
0
