0 Untitled
0 Name: Chrome Stormie.ldr
0 Author: LDraw
0 Unofficial Model
0 ROTATION CENTER 0 0 0 1 "Custom" 
0 ROTATION CONFIG 0 0
1 383 0 -24 0 0 0 1 0 1 0 -1 0 0 30408p01.dat
1 0 0 -24 0 0 0 1 0 1 0 -1 0 0 3626b.dat
1 383 0 0 0 0 0 1 0 1 0 -1 0 0 973psk.dat
1 383 0 32 0 0 0 1 0 1 0 -1 0 0 3815.dat
1 383 0 9 15.552 0 0 1 0.17 0.985 0 -0.985 0.17 0 3818.dat
1 383 0 9 -15.552 0 0 1 -0.17 0.985 0 -0.985 -0.17 0 3819.dat
1 0 -10.321 26.596 23.863 0 0.707 0.707 0.17 0.696395 -0.696395 -0.985 0.12019 -0.12019 3820.dat
1 0 -10.321 26.596 -23.863 0 0.707 0.707 -0.17 0.696395 -0.696395 -0.985 -0.12019 0.12019 3820.dat
1 0 -19.255 31.342 24.683 0 0.856884 0.514696 0.17 0.506976 -0.844031 -0.985 0.0874983 -0.14567 58247.dat
1 383 0 44 0 0 0 1 0 1 0 -1 0 0 3816.dat
1 383 0 44 0 0 0 1 0 1 0 -1 0 0 3817.dat
0
