0 FILE Cloud City.ldr
0 Cloud City
0 Name: Cloud City.ldr
0 Author: R Paluczak
0 Unofficial Model
0 ROTATION CENTER 0 0 0 1 "Custom" 
0 ROTATION CONFIG 0 0
1 0 -20 104 0 0 0 1 0 1 0 -1 0 0 Dining Hall.ldr
1 0 -190 88 -520 0 0 -1 0 1 0 1 0 0 Boba Fett.ldr
1 0 300 88 -320 1 0 0 0 1 0 0 0 1 Han Solo.ldr
1 0 20 88 -340 1 0 0 0 1 0 0 0 1 Princess Leia.ldr
1 0 160 88 -350 1 0 0 0 1 0 0 0 1 Lando Calrissian.ldr
1 0 -310 88 -320 0 0 -1 0 1 0 1 0 0 Stormtrooper.ldr
1 0 -410 88 -330 0 0 -1 0 1 0 1 0 0 Stormtrooper.ldr
1 0 -140 88 -370 0 0 -1 0 1 0 1 0 0 Darth Vader.ldr
1 0 230 88 -540 1 0 0 0 1 0 0 0 1 Luke Skywalker.ldr
1 0 150 112 10 1 0 0 0 1 0 0 0 1 Carbonite Chamber.ldr
1 0 -420 104 10 0 0 -1 0 1 0 1 0 0 Duel Chamber.ldr
1 0 210 88 650 1 0 0 0 1 0 0 0 1 Landing Platform.ldr
1 0 -750 120 -50 1 0 0 0 1 0 0 0 1 Weathervane.ldr
0
0 FILE Luke Skywalker.ldr
0 Luke Skywalker
0 Name: Luke Skywalker.ldr
0 Author: R Paluczak
0 Unofficial Model
0 ROTATION CENTER 0 0 0 1 "Custom" 
0 ROTATION CONFIG 0 0
1 19 0 -24 0 1 0 0 0 1 0 0 0 1 3901.dat
1 14 0 -24 0 1 0 0 0 1 0 0 0 1 3626bps3.dat
1 19 0 0 0 1 0 0 0 1 0 0 0 1 973psa.dat
1 6 0 32 0 1 0 0 0 1 0 0 0 1 3815.dat
1 19 -15.552 9 0 0.985 -0.17 0 0.17 0.985 0 0 0 1 3818.dat
1 19 15.552 9 0 0.985 0.17 0 -0.17 0.985 0 0 0 1 3819.dat
1 14 -23.8634 26.5956 -10.321 0.985 -0.12019 0.12019 0.17 0.696395 -0.696395 0 0.707 0.707 3820.dat
1 14 23.8634 26.5956 -10.321 0.985 0.12019 -0.12019 -0.17 0.696395 -0.696395 0 0.707 0.707 3820.dat
1 43 -23.1951 22.7236 -33.8217 0.985 -0.0874983 0.14567 0.17 0.506976 -0.844031 0 0.856884 0.514696 577c01.dat
1 19 0 44 0 1 0 0 0 1 0 0 0 1 3816.dat
1 19 0 44 0 1 0 0 0 1 0 0 0 1 3817.dat
0
0 FILE Darth Vader.ldr
0 Darth Vader
0 Name: Darth Vader.ldr
0 Author: R Paluczak
0 Unofficial Model
0 ROTATION CENTER 0 0 0 1 "Custom" 
0 ROTATION CONFIG 0 0
1 0 0 -26 0 1 0 0 0 1 0 0 0 1 30368.dat
1 7 0 -26 0 1 0 0 0 1 0 0 0 1 3626bps7.dat
1 0 0 -2 0 1 0 0 0 1 0 0 0 1 522.dat
1 0 0 0 0 1 0 0 0 1 0 0 0 1 973ps7.dat
1 0 0 32 0 1 0 0 0 1 0 0 0 1 3815.dat
1 0 -15.552 9 0 0.985 -0.17 0 0.17 0.985 0 0 0 1 3818.dat
1 0 15.552 9 0 0.985 0.17 0 -0.17 0.985 0 0 0 1 3819.dat
1 0 -23.8634 26.5956 -10.321 0.985 -0.12019 0.12019 0.17 0.696395 -0.696395 0 0.707 0.707 3820.dat
1 0 23.8634 26.5956 -10.321 0.985 0.12019 -0.12019 -0.17 0.696395 -0.696395 0 0.707 0.707 3820.dat
1 36 -23.1951 22.7236 -33.8217 0.985 -0.0874983 0.14567 0.17 0.506976 -0.844031 0 0.856884 0.514696 577c01.dat
1 0 0 44 0 1 0 0 0 1 0 0 0 1 3816.dat
1 0 0 44 0 1 0 0 0 1 0 0 0 1 3817.dat
0
0 FILE Stormtrooper.ldr
0 Stormtrooper
0 Name: Stormtrooper.ldr
0 Author: R Paluczak
0 Unofficial Model
0 ROTATION CENTER 0 0 0 1 "Custom" 
0 ROTATION CONFIG 0 0
1 15 0 -24 0 1 0 0 0 1 0 0 0 1 30408p01.dat
1 14 0 -24 0 1 0 0 0 1 0 0 0 1 3626b.dat
1 15 0 0 0 1 0 0 0 1 0 0 0 1 973psk.dat
1 0 0 32 0 1 0 0 0 1 0 0 0 1 3815.dat
1 15 -15.552 9 0 0.985 -0.17 0 0.17 0.985 0 0 0 1 3818.dat
1 15 15.552 9 0 0.985 0.17 0 -0.17 0.985 0 0 0 1 3819.dat
1 0 -23.8634 26.5956 -10.321 0.985 -0.12019 0.12019 0.17 0.696395 -0.696395 0 0.707 0.707 3820.dat
1 0 23.8634 26.5956 -10.321 0.985 0.12019 -0.12019 -0.17 0.696395 -0.696395 0 0.707 0.707 3820.dat
1 0 -23.545 24.752 -30.394 -0.995261 -0.0917896 -0.0124039 -0.0596823 0.533365 0.843176 -0.0708383 0.840254 -0.536116 4349.dat
1 38 -23.291 47.515 -45.562 0.98445 -0.0216016 0.171745 0.0822479 -0.814316 -0.573831 0.152378 0.579096 -0.799839 4073.dat
1 15 0 44 0 1 0 0 0 1 0 0 0 1 3816.dat
1 15 0 44 0 1 0 0 0 1 0 0 0 1 3817.dat
0
0 FILE Lando Calrissian.ldr
0 Lando Calrissian
0 Name: Lando Calrissian.ldr
0 Author: R Paluczak
0 Unofficial Model
0 ROTATION CENTER 0 0 0 1 "Custom" 
0 ROTATION CONFIG 0 0
1 0 0 -26 0 1 0 0 0 1 0 0 0 1 3901.dat
1 6 0 -26 0 1 0 0 0 1 0 0 0 1 3626bpa3.dat
1 14 0 -2 0 1 0 0 0 1 0 0 0 1 522.dat
1 73 0 0 0 1 0 0 0 1 0 0 0 1 973psc.dat
1 73 0 -2 1 1 0 0 0 1 0 0 0 1 522.dat
1 0 0 32 0 1 0 0 0 1 0 0 0 1 3815.dat
1 73 -15.552 9 0 0.985 -0.17 0 0.17 0.985 0 0 0 1 3818.dat
1 73 15.552 9 0 0.985 0.17 0 -0.17 0.985 0 0 0 1 3819.dat
1 6 -23.8634 26.5956 -10.321 0.985 -0.12019 0.12019 0.17 0.696395 -0.696395 0 0.707 0.707 3820.dat
1 6 23.8634 26.5956 -10.321 0.985 0.12019 -0.12019 -0.17 0.696395 -0.696395 0 0.707 0.707 3820.dat
1 0 0 44 0 1 0 0 0 1 0 0 0 1 3816.dat
1 0 0 44 0 1 0 0 0 1 0 0 0 1 3817.dat
1 0 -23.545 24.752 -30.394 -0.995261 -0.0917896 -0.0124039 -0.0596823 0.533365 0.843176 -0.0708383 0.840254 -0.536116 4349.dat
1 43 -23.291 47.515 -45.562 0.98445 -0.0216016 0.171745 0.0822479 -0.814316 -0.573831 0.152378 0.579096 -0.799839 4073.dat
0
0 FILE Han Solo.ldr
0 Han Solo
0 Name: Han Solo.ldr
0 Author: R Paluczak
0 Unofficial Model
0 ROTATION CENTER 0 0 0 1 "Custom" 
0 ROTATION CONFIG 0 0
1 6 0 -24 0 1 0 0 0 1 0 0 0 1 3901.dat
1 14 0 -24 0 1 0 0 0 1 0 0 0 1 3626bps5.dat
1 0 0 0 0 1 0 0 0 1 0 0 0 1 973ps5.dat
1 6 0 32 0 1 0 0 0 1 0 0 0 1 3815ps5.dat
1 19 -15.552 9 0 0.985 -0.17 0 0.17 0.985 0 0 0 1 3818.dat
1 19 15.552 9 0 0.985 0.17 0 -0.17 0.985 0 0 0 1 3819.dat
1 14 -23.8634 26.5956 -10.321 0.985 -0.12019 0.12019 0.17 0.696395 -0.696395 0 0.707 0.707 3820.dat
1 14 23.8634 26.5956 -10.321 0.985 0.12019 -0.12019 -0.17 0.696395 -0.696395 0 0.707 0.707 3820.dat
1 6 0 44 0 1 0 0 0 1 0 0 0 1 3816ps5.dat
1 6 0 44 0 1 0 0 0 1 0 0 0 1 3817.dat
1 0 -23.545 24.752 -30.394 -0.995261 -0.0917896 -0.0124039 -0.0596823 0.533365 0.843176 -0.0708383 0.840254 -0.536116 4349.dat
1 43 -23.291 47.515 -45.562 0.98445 -0.0216016 0.171745 0.0822479 -0.814316 -0.573831 0.152378 0.579096 -0.799839 4073.dat
0
0 FILE Boba Fett.ldr
0 Boba Fett
0 Name: Boba Fett.ldr
0 Author: R Paluczak
0 Unofficial Model
0 ROTATION CENTER 0 0 0 1 "Custom" 
0 ROTATION CONFIG 0 0
1 0 0 -24 0 1 0 0 0 1 0 0 0 1 3626b.dat
1 7 0 0 0 1 0 0 0 1 0 0 0 1 973psb.dat
1 6 0 32 0 1 0 0 0 1 0 0 0 1 3815.dat
1 7 -15.552 9 0 0.985 -0.17 0 0.17 0.985 0 0 0 1 3818.dat
1 7 15.552 9 0 0.985 0.17 0 -0.17 0.985 0 0 0 1 3819.dat
1 8 -23.8634 26.5956 -10.321 0.985 -0.12019 0.12019 0.17 0.696395 -0.696395 0 0.707 0.707 3820.dat
1 8 23.8634 26.5956 -10.321 0.985 0.12019 -0.12019 -0.17 0.696395 -0.696395 0 0.707 0.707 3820.dat
1 7 0 44 0 1 0 0 0 1 0 0 0 1 3816.dat
1 7 0 44 0 1 0 0 0 1 0 0 0 1 3817.dat
1 2 0 -22 0 1 0 0 0 1 0 0 0 1 87610.dat
1 0 -23.545 24.752 -30.394 -0.995261 -0.0917896 -0.0124039 -0.0596823 0.533365 0.843176 -0.0708383 0.840254 -0.536116 4349.dat
1 38 -23.291 47.515 -45.562 0.98445 -0.0216016 0.171745 0.0822479 -0.814316 -0.573831 0.152378 0.579096 -0.799839 4073.dat
0
0 FILE Princess Leia.ldr
0 Princess Leia
0 Name: Princess Leia.ldr
0 Author: R Paluczak
0 Unofficial Model
0 ROTATION CENTER 0 0 0 1 "Custom" 
0 ROTATION CONFIG 0 0
1 6 0 -24 0 1 0 0 0 1 0 0 0 1 30475.dat
1 14 0 -24 0 1 0 0 0 1 0 0 0 1 3626bp08.dat
1 15 0 0 0 1 0 0 0 1 0 0 0 1 973prd.dat
1 6 0 32 0 1 0 0 0 1 0 0 0 1 3815.dat
1 6 -15.552 9 0 0.985 -0.17 0 0.17 0.985 0 0 0 1 3818.dat
1 6 15.552 9 0 0.985 0.17 0 -0.17 0.985 0 0 0 1 3819.dat
1 14 -23.8634 26.5956 -10.321 0.985 -0.12019 0.12019 0.17 0.696395 -0.696395 0 0.707 0.707 3820.dat
1 14 23.8634 26.5956 -10.321 0.985 0.12019 -0.12019 -0.17 0.696395 -0.696395 0 0.707 0.707 3820.dat
1 6 0 44 0 1 0 0 0 1 0 0 0 1 3816.dat
1 6 0 44 0 1 0 0 0 1 0 0 0 1 3817.dat
0 
0
0 FILE Han in Carbonite.ldr
0 Han in Carbonite
0 Name: Han in Carbonite.ldr
0 Author: R Paluczak
0 Unofficial Model
0 ROTATION CENTER 0 0 0 1 "Custom" 
0 ROTATION CONFIG 0 0
1 0 -10 -40 0 1 0 0 0 1 0 0 0 1 2454ps5.dat
1 7 -10 -48 0 1 0 0 0 1 0 0 0 1 3069bps1.dat
0
0 FILE Dining Hall.ldr
0 Dining Hall
0 Name: Dining Hall.ldr
0 Author: R Paluczak
0 Unofficial Model
0 ROTATION CENTER 0 0 0 1 "Custom" 
0 ROTATION CONFIG 0 0
1 8 -10 0 0 1 0 0 0 1 0 0 0 1 4204.dat
1 15 140 -8 40 0 0 -1 0 1 0 1 0 0 2431.dat
1 15 140 -8 -200 0 0 -1 0 1 0 1 0 0 2431.dat
1 15 140 -8 -80 0 0 -1 0 1 0 1 0 0 4162.dat
1 15 -140 -8 -80 0 0 -1 0 1 0 1 0 0 4162.dat
1 15 -130 -24 20 0 0 -1 0 1 0 1 0 0 3003.dat
0 MLCAD BTG Door
1 15 -125 -36 -100 0 1 0 0 0 -1 -1 0 0 3660.dat
0 MLCAD BTG Door
1 15 -125 -36 -60 0 1 0 0 0 -1 -1 0 0 3660.dat
1 15 -120 -72 20 0 0 -1 0 1 0 1 0 0 3004.dat
1 15 -120 -96 20 0 0 -1 0 1 0 1 0 0 3009.dat
1 47 100 -24 -80 0 0 -1 0 1 0 1 0 0 3065.dat
1 47 0 -24 -80 0 0 -1 0 1 0 1 0 0 3065.dat
1 47 80 -56 -90 0 0 -1 0 1 0 1 0 0 3062b.dat
1 47 20 -56 -70 0 0 -1 0 1 0 1 0 0 3062b.dat
1 36 -80 -24 10 0 0 -1 0 1 0 1 0 0 3062b.dat
1 36 -80 -48 10 0 0 -1 0 1 0 1 0 0 3062b.dat
1 47 -80 -56 10 0 0 -1 0 1 0 1 0 0 4073.dat
1 6 -80 -68 10 0 0 -1 0 1 0 1 0 0 3741a.dat
1 6 -80 -80 10 0 0 1 0 1 0 -1 0 0 3741a.dat
1 47 20 -64 -70 0 0 -1 0 1 0 1 0 0 4073.dat
1 47 80 -64 -90 0 0 -1 0 1 0 1 0 0 4073.dat
1 15 -120 -96 -180 0 0 -1 0 1 0 1 0 0 3009.dat
1 15 -120 -72 -180 0 0 -1 0 1 0 1 0 0 3004.dat
1 15 -120 -72 60 0 0 -1 0 1 0 1 0 0 3684.dat
1 15 -120 -72 -20 0 0 -1 0 1 0 1 0 0 3684.dat
1 15 50 -32 -80 1 0 0 0 1 0 0 0 1 3795.dat
1 15 -120 -72 -220 0 0 -1 0 1 0 1 0 0 3684.dat
1 19 -120 -48 20 0 0 -1 0 1 0 1 0 0 30136.dat
1 19 -120 -120 -20 0 0 -1 0 1 0 1 0 0 30136.dat
1 19 -120 -120 -140 0 0 -1 0 1 0 1 0 0 30136.dat
1 15 -120 -144 20 0 0 -1 0 1 0 1 0 0 3009.dat
1 15 -120 -144 -180 0 0 -1 0 1 0 1 0 0 3009.dat
1 15 -120 -168 -200 0 0 -1 0 1 0 1 0 0 30414.dat
1 15 -120 -240 -80 0 0 -1 0 1 0 1 0 0 30414.dat
1 15 -120 -248 -80 0 0 -1 0 1 0 1 0 0 6636.dat
1 15 -102 -220 -60 0 -1 0 0 0 -1 1 0 0 4150.dat
1 15 -102 -220 -100 0 -1 0 0 0 -1 1 0 0 4150.dat
1 15 -102 -148 -180 0 -1 0 0 0 -1 1 0 0 4150.dat
1 15 -102 -148 -220 0 -1 0 0 0 -1 1 0 0 4150.dat
1 15 -102 -148 60 0 -1 0 0 0 -1 1 0 0 4150.dat
1 15 -102 -148 20 0 -1 0 0 0 -1 1 0 0 4150.dat
1 15 -130 -192 -180 0 0 -1 0 1 0 1 0 0 3003.dat
1 15 -130 -216 40 0 0 -1 0 1 0 1 0 0 3001.dat
1 15 -130 -216 -200 0 0 -1 0 1 0 1 0 0 3001.dat
1 15 -130 -192 20 0 0 -1 0 1 0 1 0 0 3003.dat
1 15 -120 -192 50 0 0 -1 0 1 0 1 0 0 2357.dat
1 15 -120 -192 -210 -1 0 0 0 1 0 0 0 -1 2357.dat
1 15 -120 -168 40 0 0 -1 0 1 0 1 0 0 30414.dat
1 19 -120 -168 -20 0 0 -1 0 1 0 1 0 0 30136.dat
1 19 -120 -168 -140 0 0 -1 0 1 0 1 0 0 30136.dat
1 19 -120 -120 -200 0 0 -1 0 1 0 1 0 0 30137.dat
1 19 -140 -120 -230 0 0 -1 0 1 0 1 0 0 3062b.dat
1 19 -160 -168 -130 0 0 -1 0 1 0 1 0 0 3062b.dat
1 19 -160 -192 -150 0 0 -1 0 1 0 1 0 0 3062b.dat
1 19 -160 -168 -30 0 0 -1 0 1 0 1 0 0 3062b.dat
1 19 -160 -192 -10 0 0 -1 0 1 0 1 0 0 3062b.dat
1 19 -140 -120 70 0 0 -1 0 1 0 1 0 0 3062b.dat
1 19 -120 -120 40 0 0 -1 0 1 0 1 0 0 30137.dat
1 19 -140 -120 20 0 0 -1 0 1 0 1 0 0 30136.dat
1 19 -140 -120 -180 0 0 -1 0 1 0 1 0 0 30136.dat
1 19 -120 -48 -190 0 0 -1 0 1 0 1 0 0 3062b.dat
1 19 -120 -48 -170 -1 0 0 0 1 0 0 0 -1 6541.dat
1 19 -120 -38 -160 0 0 -1 0 1 0 1 0 0 3749.dat
1 7 -120 -38 -150 -1 0 0 0 1 0 0 0 -1 3713.dat
1 19 -120 -192 -10 0 0 1 0 1 0 -1 0 0 6541.dat
1 19 -120 -192 -150 0 0 1 0 1 0 -1 0 0 6541.dat
1 19 -120 -216 -10 0 0 1 0 1 0 -1 0 0 3062b.dat
1 19 -120 -216 -80 0 0 1 0 1 0 -1 0 0 3307.dat
1 8 -160 -216 -80 0 0 1 0 1 0 -1 0 0 3307.dat
1 8 -150 -240 -230 -1 0 0 0 1 0 0 0 -1 30363.dat
1 8 -160 -240 -50 -1 0 0 0 1 0 0 0 -1 4286.dat
1 15 -120 -240 -30 -1 0 0 0 1 0 0 0 -1 4286.dat
1 15 -120 -240 -130 1 0 0 0 1 0 0 0 1 4286.dat
1 7 -160 -240 -80 0 0 1 0 1 0 -1 0 0 3039.dat
1 7 -160 -248 -80 0 0 1 0 1 0 -1 0 0 2431.dat
1 42 -180 -216 -90 0 0 1 0 1 0 -1 0 0 4073.dat
1 42 -180 -216 -70 0 0 1 0 1 0 -1 0 0 4073.dat
1 8 -150 -240 70 1 0 0 0 1 0 0 0 1 30363.dat
1 8 -160 -240 -110 1 0 0 0 1 0 0 0 1 4286.dat
1 19 -120 -216 -150 0 0 1 0 1 0 -1 0 0 3062b.dat
1 7 -130 -182 -150 1 0 0 0 1 0 0 0 1 4459.dat
1 19 -130 -182 -10 -1 0 0 0 1 0 0 0 -1 3749.dat
1 7 -140 -182 -10 0 0 1 0 1 0 -1 0 0 3713.dat
1 7 -140 -96 70 0 0 1 0 1 0 -1 0 0 4460.dat
1 7 -140 -96 -230 0 0 1 0 1 0 -1 0 0 4460.dat
1 7 -140 -96 -180 0 0 1 0 1 0 -1 0 0 3684.dat
1 7 -140 -96 20 0 0 1 0 1 0 -1 0 0 3684.dat
1 15 -120 -72 -130 0 0 -1 0 1 0 1 0 0 4460.dat
1 15 -130 -24 -180 0 0 -1 0 1 0 1 0 0 3003.dat
1 15 -50 -24 -180 0 0 -1 0 1 0 1 0 0 3003.dat
1 8 -130 48 -80 1 0 0 0 1 0 0 0 1 3031.dat
1 8 -130 48 60 1 0 0 0 1 0 0 0 1 3022.dat
1 8 -130 48 -220 1 0 0 0 1 0 0 0 1 3022.dat
1 8 130 48 60 1 0 0 0 1 0 0 0 1 3022.dat
1 8 130 48 -80 1 0 0 0 1 0 0 0 1 3022.dat
1 8 10 48 -80 1 0 0 0 1 0 0 0 1 3022.dat
1 8 130 48 -220 1 0 0 0 1 0 0 0 1 3022.dat
1 8 130 24 -230 1 0 0 0 1 0 0 0 1 3700.dat
1 7 -160 24 -80 0 0 -1 0 1 0 1 0 0 3701.dat
1 8 -10 0 -160 1 0 0 0 1 0 0 0 1 4204.dat
1 8 130 24 70 -1 0 0 0 1 0 0 0 -1 2458.dat
1 8 -150 -24 -230 1 0 0 0 1 0 0 0 1 3700.dat
1 8 -160 -24 0 0 0 -1 0 1 0 1 0 0 3010.dat
1 8 -160 -24 -160 0 0 -1 0 1 0 1 0 0 3010.dat
1 8 -140 -144 -200 0 0 -1 0 1 0 1 0 0 3010.dat
1 8 -160 -216 -180 0 0 -1 0 1 0 1 0 0 3010.dat
1 8 -160 -216 20 0 0 -1 0 1 0 1 0 0 3010.dat
1 8 -160 -216 70 0 0 -1 0 1 0 1 0 0 3005.dat
1 8 -160 -216 -230 0 0 -1 0 1 0 1 0 0 3005.dat
1 7 -140 -168 -190 0 0 -1 0 1 0 1 0 0 3622.dat
1 7 -140 -168 30 0 0 -1 0 1 0 1 0 0 3622.dat
1 7 -160 -192 -190 0 0 -1 0 1 0 1 0 0 3622.dat
1 7 -140 -168 70 0 0 1 0 1 0 -1 0 0 3665.dat
1 7 -140 -168 -230 0 0 1 0 1 0 -1 0 0 3665.dat
1 7 -160 -192 30 0 0 -1 0 1 0 1 0 0 3622.dat
1 8 -140 -144 40 0 0 -1 0 1 0 1 0 0 3010.dat
1 8 -160 -144 50 0 0 -1 0 1 0 1 0 0 3005.dat
1 8 -160 -144 -210 0 0 -1 0 1 0 1 0 0 3005.dat
1 8 -160 -168 20 0 0 -1 0 1 0 1 0 0 3659.dat
1 8 -160 -168 -180 0 0 -1 0 1 0 1 0 0 3659.dat
1 8 -160 -144 -140 0 0 -1 0 1 0 1 0 0 2454.dat
1 8 -160 -144 -20 0 0 -1 0 1 0 1 0 0 2454.dat
1 8 -150 -120 -210 -1 0 0 0 1 0 0 0 -1 2454.dat
1 8 -150 -120 50 -1 0 0 0 1 0 0 0 -1 2454.dat
1 8 -150 -24 70 -1 0 0 0 1 0 0 0 -1 2458.dat
1 8 -150 -192 -230 1 0 0 0 1 0 0 0 1 3700.dat
1 8 -150 -192 70 -1 0 0 0 1 0 0 0 -1 2458.dat
1 0 130 24 -80 0 0 -1 0 1 0 1 0 0 3001.dat
1 0 10 24 -80 0 0 -1 0 1 0 1 0 0 3001.dat
1 0 -130 24 0 0 0 -1 0 1 0 1 0 0 3007.dat
1 0 -130 24 -160 0 0 -1 0 1 0 1 0 0 3007.dat
1 0 -50 -112 -180 0 0 -1 -1 0 0 0 1 0 3708.dat
1 0 130 24 40 0 0 -1 0 1 0 1 0 0 3003.dat
1 0 130 24 -200 0 0 -1 0 1 0 1 0 0 3003.dat
1 15 -50 -48 -180 0 0 -1 0 1 0 1 0 0 30516c01.dat
1 15 -50 -80 -180 1 0 0 0 1 0 0 0 1 6222.dat
1 15 -50 -208 -180 1 0 0 0 -1 0 0 0 -1 3941.dat
1 15 -50 -232 -180 1 0 0 0 -1 0 0 0 -1 2654.dat
1 15 -50 -104 -180 1 0 0 0 0 -1 0 1 0 4716.dat
1 15 -50 -144 -180 1 0 0 0 0 -1 0 1 0 4716.dat
1 15 -50 -184 -180 1 0 0 0 0 -1 0 1 0 4716.dat
1 0 -50 -70 -140 0 0 1 0 1 0 -1 0 0 6628.dat
1 0 -50 -70 -220 0 0 -1 0 1 0 1 0 0 6628.dat
1 0 -90 -70 -180 1 0 0 0 1 0 0 0 1 6628.dat
1 0 -10 -70 -180 -1 0 0 0 1 0 0 0 -1 6628.dat
1 19 -50 -56 -180 0 0 -1 0 1 0 1 0 0 4032a.dat
1 19 30 -8 -140 0 0 -1 0 1 0 1 0 0 4032a.dat
1 19 90 -8 -140 0 0 -1 0 1 0 1 0 0 4032a.dat
1 19 30 -8 -20 0 0 -1 0 1 0 1 0 0 4032a.dat
1 19 90 -8 -20 0 0 -1 0 1 0 1 0 0 4032a.dat
1 15 90 -16 -20 1 0 0 0 1 0 0 0 1 4079.dat
1 15 30 -16 -20 1 0 0 0 1 0 0 0 1 4079.dat
1 15 30 -16 -140 -1 0 0 0 1 0 0 0 -1 4079.dat
1 15 90 -16 -140 -1 0 0 0 1 0 0 0 -1 4079.dat
1 7 -40 -56 -150 0 0 -1 0 1 0 1 0 0 4073.dat
1 7 -80 -56 -170 0 0 -1 0 1 0 1 0 0 4073.dat
1 7 -80 -56 -190 0 0 -1 0 1 0 1 0 0 4073.dat
1 7 -20 -56 -170 0 0 -1 0 1 0 1 0 0 4073.dat
1 7 -20 -56 -190 0 0 -1 0 1 0 1 0 0 4073.dat
1 7 -60 -56 -210 -1 0 0 0 1 0 0 0 -1 4073.dat
1 7 -40 -56 -210 -1 0 0 0 1 0 0 0 -1 4073.dat
1 0 -60 -56 -150 -1 0 0 0 1 0 0 0 -1 572a.dat
0 MLCAD BTG Door
1 0 -133 -36 -110 0 1 0 1 0 0 0 0 -1 572a.dat
0 MLCAD BTG Door
1 19 -141 -126 -80 0 1 0 1 0 0 0 0 -1 3028.dat
0 MLCAD BTG Door
1 15 -133 -26 -70 0 1 0 0 0 -1 -1 0 0 3021.dat
0 MLCAD BTG Door
1 8 -149 -186 -130 0 1 0 1 0 0 0 0 -1 6636.dat
0 MLCAD BTG Door
1 8 -149 -66 -130 0 1 0 1 0 0 0 0 -1 6636.dat
0 MLCAD BTG Door
1 8 -149 -186 -30 0 1 0 1 0 0 0 0 -1 6636.dat
0 MLCAD BTG Door
1 8 -149 -66 -30 0 1 0 1 0 0 0 0 -1 6636.dat
0 MLCAD BTG Door
1 8 -165 -76 -80 0 1 0 0 0 -1 -1 0 0 30363.dat
0 MLCAD BTG Door
1 8 -165 -56 -50 0 1 0 0 0 -1 -1 0 0 4286.dat
0 MLCAD BTG Door
1 8 -165 -56 -110 0 1 0 0 0 -1 -1 0 0 4286.dat
0 GROUP 12 Door
0 SYNTH BEGIN STRING_41L 0
0 1 0 -60 -52 -151 0 1 0 1 0 0 0 0 -1 LS04.dat
0 1 0 -70 -52 -151 0.19509 0.980785 0 0.980785 -0.19509 0 0 0 -1 LS04.dat
0 1 0 -113 -32 -151 0.19509 0.980785 0 0.980785 -0.19509 0 0 0 -1 LS04.dat
0 1 0 -118 -30 -151 0 1 0 1 0 0 0 0 -1 LS04.dat
0 1 0 -123 -30 -151 -0.55557 0.83147 0 0.83147 0.55557 0 0 0 -1 LS04.dat
0 1 0 -128 -34 -152 -0.980785 0.191342 0.0380602 0.19509 0.96194 0.191342 0 0.19509 -0.980785 LS04.dat
0 1 0 -134 -183 -158 -0.999269 -0.00381925 0.0380462 -0.00367658 0.999986 0.00381925 -0.0380602 0.00367658 -0.999269 LS04.dat
0 1 0 -134 -190 -152 -0.999269 -0.00381925 0.0380462 -0.0380602 0.00367658 -0.999269 0.00367658 -0.999986 -0.00381925 LS04.dat
0 1 0 -133 -190 -143 -0.999269 -0.00381925 0.0380462 -0.00381925 -0.980054 -0.198694 0.0380462 -0.198694 0.979323 LS04.dat
0 1 0 -132 -38 -112 -0.999269 -0.00381925 0.0380462 -0.00381925 -0.980054 -0.198694 0.0380462 -0.198694 0.979323 LS04.dat
0 SYNTH SHOW
0 SYNTH SYNTHESIZED BEGIN
1 0 -61.9998 -52.0272 -151 -0.0136 0 -1.9998 0.9999 0 -0.0272 0 1 0 LS60.dat
1 0 -62.98 -52.1032 -151 -0.0449 0 -0.999 0.999 -0.001 -0.0449 0.001 1 0 LS60.dat
1 0 -64.0068 -52.2212 -151 -0.0807 0.0002 -0.9967 0.9967 -0.002 -0.0807 0.002 1 0 LS60.dat
1 0 -65.0325 -52.3645 -151 -0.1106 0.0003 -0.9939 0.9939 -0.003 -0.1106 0.003 1 0 LS60.dat
1 0 -66.0535 -52.4781 -151 -0.1106 0.0004 -0.9939 0.9939 -0.004 -0.1106 0.004 1 0 LS60.dat
1 0 -67.0914 -52.4888 -151 -0.0587 0.0003 -0.9983 0.9983 -0.005 -0.0587 0.005 1 0 LS60.dat
1 0 -68.1165 -52.384 -151 0.0237 -0.0001 -0.9997 0.9997 -0.006 0.0237 0.006 1 0 LS60.dat
1 0 -69.135 -52.2114 -151 0.0978 -0.0007 -0.9952 0.9952 -0.007 0.0978 0.007 1 0 LS60.dat
1 0 -70.1537 -52.0042 -151 0.1507 -0.0012 -0.9886 0.9885 -0.0079 0.1507 0.008 1 0 LS60.dat
1 0 -71.1607 -51.7732 -151 0.1884 -0.0017 -0.9821 0.982 -0.0088 0.1885 0.009 1 0 LS60.dat
1 0 -72.1898 -51.4641 -151 0.242 -0.0024 -0.9703 0.9702 -0.0098 0.242 0.0101 0.9999 0 LS60.dat
1 0 -73.1193 -51.1291 -151 0.2902 -0.0032 -0.957 0.9569 -0.0105 0.2902 0.011 0.9999 0 LS60.dat
1 0 -74.1106 -50.7494 -151 0.3262 -0.0039 -0.9453 0.9452 -0.0114 0.3262 0.012 0.9999 0 LS60.dat
1 0 -75.0559 -50.3623 -151 0.3532 -0.0046 -0.9355 0.9354 -0.0122 0.3533 0.013 0.9999 0 LS60.dat
1 0 -76.0005 -49.9565 -151 0.3746 -0.0053 -0.9272 0.9271 -0.013 0.3747 0.014 0.9999 0 LS60.dat
1 0 -76.9415 -49.5358 -151 0.3919 -0.0059 -0.92 0.9199 -0.0138 0.392 0.0151 0.9999 0 LS60.dat
1 0 -77.8767 -49.1037 -151 0.4061 -0.0065 -0.9138 0.9137 -0.0147 0.4062 0.0161 0.9999 0 LS60.dat
1 0 -78.805 -48.6627 -151 0.4179 -0.0071 -0.9085 0.9083 -0.0155 0.418 0.0171 0.9999 0 LS60.dat
1 0 -79.7256 -48.2151 -151 0.4278 -0.0077 -0.9038 0.9037 -0.0163 0.4279 0.0181 0.9998 0 LS60.dat
1 0 -80.6381 -47.762 -151 0.4364 -0.0083 -0.8997 0.8996 -0.0171 0.4365 0.0191 0.9998 0 LS60.dat
1 0 -81.5904 -47.2819 -151 0.4437 -0.0089 -0.8961 0.896 -0.018 0.4438 0.0201 0.9998 0 LS60.dat
1 0 -82.4869 -46.8225 -151 0.4499 -0.0095 -0.893 0.8928 -0.0188 0.45 0.0211 0.9998 0 LS60.dat
1 0 -83.423 -46.3374 -151 0.4552 -0.0101 -0.8903 0.8901 -0.0197 0.4553 0.0221 0.9998 0 LS60.dat
1 0 -84.3049 -45.875 -151 0.4597 -0.0106 -0.888 0.8878 -0.0205 0.4598 0.0231 0.9997 0 LS60.dat
1 0 -85.2266 -45.3877 -151 0.4636 -0.0112 -0.886 0.8857 -0.0213 0.4638 0.0241 0.9997 0 LS60.dat
1 0 -86.1418 -44.9 -151 0.467 -0.0117 -0.8842 0.8839 -0.0222 0.4671 0.0251 0.9997 0 LS60.dat
1 0 -87.0514 -44.4123 -151 0.4697 -0.0123 -0.8827 0.8824 -0.023 0.4699 0.0261 0.9997 0 LS60.dat
1 0 -87.956 -43.9248 -151 0.472 -0.0128 -0.8815 0.8812 -0.0239 0.4722 0.0271 0.9996 0 LS60.dat
1 0 -88.8564 -43.4375 -151 0.4739 -0.0133 -0.8805 0.8801 -0.0248 0.4741 0.0281 0.9996 0 LS60.dat
1 0 -89.7532 -42.9506 -151 0.4754 -0.0138 -0.8797 0.8793 -0.0256 0.4756 0.0291 0.9996 0 LS60.dat
1 0 -90.692 -42.4401 -151 0.4765 -0.0144 -0.8791 0.8787 -0.0265 0.4767 0.0301 0.9995 0 LS60.dat
1 0 -91.5841 -41.9544 -151 0.4772 -0.0149 -0.8787 0.8782 -0.0274 0.4775 0.0311 0.9995 0 LS60.dat
1 0 -92.4752 -41.4696 -151 0.4775 -0.0153 -0.8785 0.878 -0.0282 0.4778 0.0321 0.9995 0 LS60.dat
1 0 -93.4103 -40.9611 -151 0.4775 -0.0158 -0.8785 0.878 -0.0291 0.4778 0.0332 0.9994 0 LS60.dat
1 0 -94.3012 -40.4776 -151 0.4772 -0.0163 -0.8787 0.8781 -0.03 0.4775 0.0342 0.9994 0 LS60.dat
1 0 -95.1936 -39.9952 -151 0.4763 -0.0167 -0.8791 0.8786 -0.0309 0.4766 0.0351 0.9994 0 LS60.dat
1 0 -96.1327 -39.4895 -151 0.4751 -0.0172 -0.8798 0.8792 -0.0318 0.4754 0.0362 0.9993 0 LS60.dat
1 0 -97.03 -39.0089 -151 0.4735 -0.0176 -0.8806 0.88 -0.0327 0.4738 0.0372 0.9993 0 LS60.dat
1 0 -97.9309 -38.5296 -151 0.4715 -0.018 -0.8817 0.881 -0.0337 0.4718 0.0382 0.9993 0 LS60.dat
1 0 -98.8362 -38.0515 -151 0.4691 -0.0184 -0.883 0.8823 -0.0346 0.4694 0.0392 0.9992 0 LS60.dat
1 0 -99.7468 -37.5752 -151 0.4661 -0.0187 -0.8845 0.8838 -0.0355 0.4665 0.0402 0.9992 0 LS60.dat
1 0 -100.663 -37.1011 -151 0.4626 -0.0191 -0.8864 0.8856 -0.0365 0.463 0.0412 0.9992 0 LS60.dat
1 0 -101.587 -36.6295 -151 0.4585 -0.0194 -0.8885 0.8877 -0.0375 0.4589 0.0422 0.9991 0 LS60.dat
1 0 -102.518 -36.1609 -151 0.4537 -0.0196 -0.8909 0.8901 -0.0385 0.4541 0.0432 0.9991 0 LS60.dat
1 0 -103.411 -35.7202 -151 0.4482 -0.0198 -0.8937 0.8929 -0.0395 0.4486 0.0442 0.999 0 LS60.dat
1 0 -104.359 -35.2607 -151 0.4417 -0.02 -0.897 0.896 -0.0405 0.4421 0.0452 0.999 0 LS60.dat
1 0 -105.27 -34.8312 -151 0.434 -0.0201 -0.9007 0.8997 -0.0416 0.4345 0.0462 0.9989 0 LS60.dat
1 0 -106.238 -34.3865 -151 0.425 -0.0201 -0.905 0.9039 -0.0427 0.4255 0.0472 0.9989 0 LS60.dat
1 0 -107.169 -33.9746 -151 0.4146 -0.02 -0.9098 0.9087 -0.0439 0.4151 0.0482 0.9988 0 LS60.dat
1 0 -108.11 -33.5754 -151 0.4022 -0.0198 -0.9153 0.9142 -0.045 0.4027 0.0492 0.9988 0 LS60.dat
1 0 -109.062 -33.1927 -151 0.3873 -0.0195 -0.9217 0.9206 -0.0463 0.3878 0.0502 0.9987 0 LS60.dat
1 0 -110.024 -32.8312 -151 0.369 -0.0189 -0.9292 0.928 -0.0476 0.3695 0.0512 0.9987 0 LS60.dat
1 0 -110.996 -32.4989 -151 0.3457 -0.0181 -0.9382 0.9369 -0.049 0.3461 0.0522 0.9986 0 LS60.dat
1 0 -112.027 -32.1863 -151 0.3158 -0.0168 -0.9487 0.9473 -0.0505 0.3163 0.0533 0.9986 0 LS60.dat
1 0 -113.013 -31.9421 -151 0.2778 -0.0151 -0.9605 0.9591 -0.0521 0.2783 0.0542 0.9985 0 LS60.dat
1 0 -113.999 -31.7699 -151 0.2253 -0.0125 -0.9742 0.9727 -0.0538 0.2256 0.0552 0.9985 0 LS60.dat
1 0 -114.973 -31.4151 -151 0.2862 -0.0161 -0.958 0.9565 -0.0539 0.2866 0.0562 0.9984 0 LS60.dat
1 0 -115.793 -30.7325 -151 0.4804 -0.0275 -0.8766 0.8752 -0.0502 0.4812 0.0572 0.9984 0 LS60.dat
1 0 -116.56 -30.0218 -151 0.5878 -0.0343 -0.8083 0.8069 -0.0471 0.5888 0.0582 0.9983 0 LS60.dat
1 0 -117.588 -29.7406 -151 0.4247 -0.0252 -0.905 0.9034 -0.0536 0.4254 0.0592 0.9982 0 LS60.dat
1 0 -118.684 -29.8623 -151 0.1465 -0.0088 -0.9892 0.9874 -0.0596 0.1468 0.0602 0.9982 0 LS60.dat
1 0 -119.718 -29.9077 -151 0.0489 -0.003 -0.9988 0.9969 -0.0612 0.049 0.0612 0.9981 0 LS60.dat
1 0 -120.71 -29.5479 -151 0.2033 -0.0127 -0.979 0.9771 -0.0609 0.2037 0.0622 0.9981 0 LS60.dat
1 0 -121.678 -29.1843 -151 0.2804 -0.0178 -0.9597 0.9578 -0.0607 0.281 0.0632 0.998 0 LS60.dat
1 0 -122.747 -29.4006 -151 0.0282 -0.0018 -0.9996 0.9975 -0.0642 0.0282 0.0642 0.9979 0 LS60.dat
1 0 -123.616 -30.1937 -151 -0.3817 0.025 -0.9239 0.922 -0.0603 -0.3826 0.0652 0.9979 0 LS60.dat
1 0 -124.417 -30.8736 -151.012 -0.5253 0.0294 -0.8504 0.8484 -0.0591 -0.5261 0.0657 0.9978 -0.0061 LS60.dat
1 0 -125.388 -31.2438 -151.081 -0.4413 -0.0032 -0.8974 0.8947 -0.0783 -0.4397 0.0688 0.9969 -0.0374 LS60.dat
1 0 -126.377 -31.5363 -151.216 -0.3655 -0.0526 -0.9293 0.9278 -0.101 -0.3592 0.075 0.9935 -0.0857 LS60.dat
1 0 -127.301 -31.9332 -151.442 -0.3874 -0.1148 -0.9147 0.919 -0.1268 -0.3733 0.0731 0.9853 -0.1546 LS60.dat
1 0 -127.978 -32.7316 -151.752 -0.6005 -0.1689 -0.7816 0.7992 -0.1584 -0.5798 0.0259 0.9728 -0.2301 LS60.dat
1 0 -128.206 -33.8349 -152.018 -0.8495 -0.1831 -0.4947 0.5234 -0.1756 -0.8338 -0.0658 0.9673 -0.245 LS60.dat
1 0 -128.258 -34.9038 -152.205 -0.947 -0.1789 -0.267 0.2968 -0.1683 -0.94 -0.1232 0.9694 -0.2125 LS60.dat
1 0 -128.297 -35.9396 -152.302 -0.9742 -0.1688 -0.1501 0.1724 -0.1265 -0.9769 -0.1459 0.9775 -0.1523 LS60.dat
1 0 -128.393 -37.0677 -152.398 -0.9801 -0.1634 -0.1128 0.1294 -0.0948 -0.9871 -0.1506 0.982 -0.114 LS60.dat
1 0 -128.471 -38.0351 -152.476 -0.9821 -0.1611 -0.0972 0.1114 -0.0814 -0.9904 -0.1516 0.9836 -0.0979 LS60.dat
1 0 -128.553 -39.087 -152.559 -0.9834 -0.1593 -0.0871 0.0997 -0.0729 -0.9923 -0.1517 0.9845 -0.0875 LS60.dat
1 0 -128.636 -40.1914 -152.643 -0.9842 -0.1577 -0.0806 0.0922 -0.0674 -0.9935 -0.1513 0.9852 -0.0809 LS60.dat
1 0 -128.7 -41.0985 -152.707 -0.9848 -0.1565 -0.0757 0.0865 -0.0633 -0.9942 -0.1508 0.9856 -0.0758 LS60.dat
1 0 -128.779 -42.2484 -152.786 -0.9853 -0.1552 -0.0718 0.082 -0.06 -0.9948 -0.1501 0.9861 -0.0718 LS60.dat
1 0 -128.839 -43.1748 -152.846 -0.9857 -0.1541 -0.0687 0.0783 -0.0574 -0.9953 -0.1494 0.9864 -0.0686 LS60.dat
1 0 -128.914 -44.334 -152.921 -0.986 -0.1528 -0.0661 0.0753 -0.0552 -0.9956 -0.1485 0.9867 -0.0659 LS60.dat
1 0 -128.97 -45.2591 -152.977 -0.9863 -0.1518 -0.0638 0.0727 -0.0534 -0.9959 -0.1478 0.987 -0.0637 LS60.dat
1 0 -129.039 -46.409 -153.047 -0.9867 -0.1506 -0.0619 0.0704 -0.0518 -0.9962 -0.1468 0.9872 -0.0617 LS60.dat
1 0 -129.093 -47.3221 -153.1 -0.9869 -0.1496 -0.0603 0.0685 -0.0504 -0.9964 -0.146 0.9875 -0.06 LS60.dat
1 0 -129.158 -48.4532 -153.165 -0.9872 -0.1484 -0.0588 0.0668 -0.0492 -0.9966 -0.145 0.9877 -0.0585 LS60.dat
1 0 -129.208 -49.349 -153.215 -0.9874 -0.1475 -0.0576 0.0653 -0.0482 -0.9967 -0.1443 0.9879 -0.0572 LS60.dat
1 0 -129.269 -50.4564 -153.276 -0.9876 -0.1464 -0.0564 0.064 -0.0473 -0.9968 -0.1433 0.9881 -0.056 LS60.dat
1 0 -129.316 -51.3323 -153.323 -0.9878 -0.1455 -0.0554 0.0627 -0.0464 -0.9969 -0.1425 0.9883 -0.055 LS60.dat
1 0 -129.374 -52.4141 -153.38 -0.988 -0.1444 -0.0544 0.0615 -0.0456 -0.9971 -0.1415 0.9885 -0.0539 LS60.dat
1 0 -129.43 -53.4814 -153.436 -0.9882 -0.1433 -0.0534 0.0604 -0.0449 -0.9972 -0.1405 0.9887 -0.053 LS60.dat
1 0 -129.484 -54.5341 -153.49 -0.9884 -0.1423 -0.0527 0.0595 -0.0442 -0.9972 -0.1395 0.9888 -0.0522 LS60.dat
1 0 -129.537 -55.5724 -153.543 -0.9886 -0.1412 -0.0519 0.0585 -0.0436 -0.9973 -0.1386 0.989 -0.0514 LS60.dat
1 0 -129.588 -56.5966 -153.594 -0.9888 -0.1402 -0.0511 0.0576 -0.043 -0.9974 -0.1376 0.9892 -0.0506 LS60.dat
1 0 -129.638 -57.6068 -153.644 -0.989 -0.1392 -0.0505 0.0569 -0.0425 -0.9975 -0.1367 0.9894 -0.0499 LS60.dat
1 0 -129.687 -58.6034 -153.692 -0.9891 -0.1382 -0.0499 0.0562 -0.042 -0.9975 -0.1358 0.9895 -0.0493 LS60.dat
1 0 -129.735 -59.5868 -153.739 -0.9893 -0.1372 -0.0492 0.0554 -0.0415 -0.9976 -0.1349 0.9897 -0.0487 LS60.dat
1 0 -129.79 -60.7498 -153.795 -0.9895 -0.1361 -0.0486 0.0547 -0.0411 -0.9977 -0.1338 0.9898 -0.0481 LS60.dat
1 0 -129.836 -61.7053 -153.84 -0.9897 -0.1351 -0.0482 0.0542 -0.0407 -0.9977 -0.1329 0.99 -0.0476 LS60.dat
1 0 -129.88 -62.6488 -153.884 -0.9898 -0.1342 -0.0477 0.0536 -0.0404 -0.9977 -0.132 0.9901 -0.0472 LS60.dat
1 0 -129.932 -63.7656 -153.935 -0.99 -0.1331 -0.0472 0.0529 -0.04 -0.9978 -0.1309 0.9903 -0.0466 LS60.dat
1 0 -129.982 -64.8663 -153.986 -0.9901 -0.132 -0.0467 0.0524 -0.0396 -0.9978 -0.1299 0.9905 -0.0461 LS60.dat
1 0 -130.024 -65.7716 -154.027 -0.9903 -0.1311 -0.0462 0.0518 -0.0392 -0.9979 -0.129 0.9906 -0.0456 LS60.dat
1 0 -130.072 -66.8443 -154.075 -0.9904 -0.1301 -0.0458 0.0513 -0.0389 -0.9979 -0.128 0.9907 -0.0452 LS60.dat
1 0 -130.12 -67.9027 -154.122 -0.9906 -0.129 -0.0454 0.0508 -0.0386 -0.998 -0.127 0.9909 -0.0448 LS60.dat
1 0 -130.166 -68.9472 -154.168 -0.9908 -0.128 -0.045 0.0502 -0.0383 -0.998 -0.126 0.991 -0.0444 LS60.dat
1 0 -130.212 -69.9785 -154.213 -0.9909 -0.127 -0.0446 0.0498 -0.038 -0.998 -0.125 0.9912 -0.044 LS60.dat
1 0 -130.256 -70.9972 -154.257 -0.991 -0.126 -0.0443 0.0494 -0.0378 -0.9981 -0.1241 0.9913 -0.0437 LS60.dat
1 0 -130.3 -72.0037 -154.301 -0.9912 -0.125 -0.044 0.049 -0.0375 -0.9981 -0.1231 0.9914 -0.0433 LS60.dat
1 0 -130.343 -72.9985 -154.343 -0.9913 -0.124 -0.0437 0.0487 -0.0373 -0.9981 -0.1222 0.9916 -0.0431 LS60.dat
1 0 -130.386 -73.9822 -154.385 -0.9914 -0.1231 -0.0435 0.0484 -0.0372 -0.9981 -0.1212 0.9917 -0.0428 LS60.dat
1 0 -130.434 -75.1164 -154.433 -0.9916 -0.1219 -0.0432 0.0481 -0.037 -0.9982 -0.1201 0.9918 -0.0426 LS60.dat
1 0 -130.475 -76.0775 -154.474 -0.9917 -0.121 -0.043 0.0478 -0.0369 -0.9982 -0.1192 0.992 -0.0423 LS60.dat
1 0 -130.522 -77.1865 -154.521 -0.9919 -0.1199 -0.043 0.0477 -0.0369 -0.9982 -0.1181 0.9921 -0.0423 LS60.dat
1 0 -130.562 -78.127 -154.56 -0.992 -0.119 -0.043 0.0477 -0.037 -0.9982 -0.1172 0.9922 -0.0423 LS60.dat
1 0 -130.607 -79.213 -154.605 -0.9921 -0.118 -0.043 0.0476 -0.037 -0.9982 -0.1162 0.9923 -0.0423 LS60.dat
1 0 -130.646 -80.1347 -154.643 -0.9922 -0.1171 -0.043 0.0476 -0.037 -0.9982 -0.1153 0.9924 -0.0423 LS60.dat
1 0 -130.69 -81.1999 -154.687 -0.9923 -0.116 -0.0427 0.0473 -0.0369 -0.9982 -0.1142 0.9926 -0.0421 LS60.dat
1 0 -130.733 -82.2547 -154.729 -0.9925 -0.115 -0.0425 0.047 -0.0367 -0.9982 -0.1132 0.9927 -0.0418 LS60.dat
1 0 -130.775 -83.2995 -154.771 -0.9926 -0.114 -0.0422 0.0467 -0.0365 -0.9982 -0.1122 0.9928 -0.0416 LS60.dat
1 0 -130.817 -84.3349 -154.813 -0.9927 -0.113 -0.042 0.0464 -0.0364 -0.9983 -0.1112 0.9929 -0.0414 LS60.dat
1 0 -130.858 -85.3613 -154.854 -0.9928 -0.112 -0.0418 0.0461 -0.0362 -0.9983 -0.1103 0.9931 -0.0411 LS60.dat
1 0 -130.899 -86.3792 -154.894 -0.993 -0.111 -0.0415 0.0458 -0.036 -0.9983 -0.1093 0.9932 -0.0409 LS60.dat
1 0 -130.94 -87.389 -154.934 -0.9931 -0.11 -0.0415 0.0457 -0.0361 -0.9983 -0.1083 0.9933 -0.0409 LS60.dat
1 0 -130.979 -88.3913 -154.973 -0.9932 -0.109 -0.0413 0.0454 -0.0359 -0.9983 -0.1073 0.9934 -0.0406 LS60.dat
1 0 -131.018 -89.3863 -155.012 -0.9933 -0.108 -0.041 0.0451 -0.0357 -0.9983 -0.1064 0.9935 -0.0404 LS60.dat
1 0 -131.063 -90.515 -155.056 -0.9934 -0.1069 -0.041 0.0451 -0.0358 -0.9983 -0.1053 0.9936 -0.0404 LS60.dat
1 0 -131.102 -91.4958 -155.094 -0.9935 -0.106 -0.041 0.0451 -0.0358 -0.9983 -0.1043 0.9937 -0.0404 LS60.dat
1 0 -131.14 -92.4706 -155.132 -0.9936 -0.105 -0.0408 0.0448 -0.0357 -0.9984 -0.1034 0.9938 -0.0401 LS60.dat
1 0 -131.182 -93.5777 -155.174 -0.9938 -0.1039 -0.0405 0.0444 -0.0355 -0.9984 -0.1023 0.9939 -0.0399 LS60.dat
1 0 -131.219 -94.5408 -155.21 -0.9939 -0.103 -0.0403 0.0441 -0.0353 -0.9984 -0.1014 0.9941 -0.0397 LS60.dat
1 0 -131.261 -95.6353 -155.252 -0.994 -0.1019 -0.0401 0.0438 -0.0351 -0.9984 -0.1004 0.9942 -0.0394 LS60.dat
1 0 -131.298 -96.5881 -155.288 -0.9941 -0.101 -0.0401 0.0438 -0.0352 -0.9984 -0.0994 0.9943 -0.0394 LS60.dat
1 0 -131.339 -97.6718 -155.329 -0.9942 -0.0999 -0.0401 0.0438 -0.0352 -0.9984 -0.0984 0.9944 -0.0394 LS60.dat
1 0 -131.38 -98.7503 -155.369 -0.9943 -0.0989 -0.0398 0.0435 -0.0351 -0.9984 -0.0973 0.9945 -0.0392 LS60.dat
1 0 -131.415 -99.6902 -155.404 -0.9944 -0.098 -0.0395 0.0431 -0.0348 -0.9985 -0.0964 0.9946 -0.0388 LS60.dat
1 0 -131.455 -100.76 -155.444 -0.9945 -0.0969 -0.0392 0.0428 -0.0346 -0.9985 -0.0954 0.9947 -0.0386 LS60.dat
1 0 -131.495 -101.827 -155.483 -0.9946 -0.0959 -0.039 0.0425 -0.0344 -0.9985 -0.0944 0.9948 -0.0383 LS60.dat
1 0 -131.534 -102.889 -155.522 -0.9947 -0.0948 -0.0387 0.0421 -0.0343 -0.9985 -0.0934 0.9949 -0.0381 LS60.dat
1 0 -131.569 -103.817 -155.556 -0.9948 -0.0939 -0.0387 0.0421 -0.0343 -0.9985 -0.0925 0.995 -0.0381 LS60.dat
1 0 -131.608 -104.874 -155.595 -0.9949 -0.0929 -0.0387 0.0421 -0.0344 -0.9985 -0.0914 0.9951 -0.0381 LS60.dat
1 0 -131.647 -105.929 -155.633 -0.995 -0.0919 -0.0385 0.0418 -0.0342 -0.9985 -0.0904 0.9952 -0.0378 LS60.dat
1 0 -131.685 -106.982 -155.671 -0.9951 -0.0908 -0.0385 0.0418 -0.0342 -0.9985 -0.0894 0.9953 -0.0378 LS60.dat
1 0 -131.724 -108.033 -155.71 -0.9952 -0.0898 -0.0385 0.0417 -0.0343 -0.9985 -0.0884 0.9954 -0.0378 LS60.dat
1 0 -131.757 -108.953 -155.742 -0.9953 -0.0889 -0.0383 0.0414 -0.0341 -0.9986 -0.0875 0.9955 -0.0376 LS60.dat
1 0 -131.796 -110.002 -155.78 -0.9954 -0.0879 -0.0383 0.0414 -0.0341 -0.9986 -0.0865 0.9955 -0.0376 LS60.dat
1 0 -131.834 -111.051 -155.818 -0.9955 -0.0869 -0.0383 0.0414 -0.0341 -0.9986 -0.0854 0.9956 -0.0376 LS60.dat
1 0 -131.872 -112.1 -155.856 -0.9956 -0.0859 -0.0383 0.0413 -0.0342 -0.9986 -0.0844 0.9957 -0.0376 LS60.dat
1 0 -131.91 -113.15 -155.893 -0.9957 -0.0848 -0.0383 0.0413 -0.0342 -0.9986 -0.0834 0.9958 -0.0376 LS60.dat
1 0 -131.947 -114.199 -155.93 -0.9957 -0.0838 -0.0383 0.0413 -0.0343 -0.9986 -0.0824 0.9959 -0.0376 LS60.dat
1 0 -131.98 -115.119 -155.963 -0.9958 -0.0829 -0.0383 0.0412 -0.0343 -0.9986 -0.0815 0.996 -0.0376 LS60.dat
1 0 -132.018 -116.171 -156 -0.9959 -0.0819 -0.0383 0.0412 -0.0344 -0.9986 -0.0805 0.996 -0.0376 LS60.dat
1 0 -132.055 -117.225 -156.037 -0.996 -0.0809 -0.0383 0.0412 -0.0344 -0.9986 -0.0794 0.9961 -0.0376 LS60.dat
1 0 -132.093 -118.281 -156.074 -0.9961 -0.0798 -0.0383 0.0411 -0.0344 -0.9986 -0.0784 0.9962 -0.0376 LS60.dat
1 0 -132.13 -119.34 -156.11 -0.9962 -0.0788 -0.0381 0.0409 -0.0342 -0.9986 -0.0774 0.9963 -0.0373 LS60.dat
1 0 -132.162 -120.269 -156.143 -0.9962 -0.0779 -0.0381 0.0408 -0.0343 -0.9986 -0.0765 0.9964 -0.0373 LS60.dat
1 0 -132.199 -121.333 -156.18 -0.9963 -0.0769 -0.0381 0.0408 -0.0343 -0.9986 -0.0755 0.9965 -0.0373 LS60.dat
1 0 -132.236 -122.402 -156.216 -0.9964 -0.0758 -0.0377 0.0404 -0.0341 -0.9986 -0.0744 0.9965 -0.037 LS60.dat
1 0 -132.273 -123.474 -156.252 -0.9965 -0.0748 -0.0374 0.0401 -0.0339 -0.9986 -0.0734 0.9966 -0.0368 LS60.dat
1 0 -132.305 -124.416 -156.285 -0.9966 -0.0738 -0.0374 0.04 -0.0339 -0.9986 -0.0725 0.9967 -0.0368 LS60.dat
1 0 -132.343 -125.497 -156.321 -0.9966 -0.0728 -0.0374 0.04 -0.034 -0.9986 -0.0714 0.9968 -0.0368 LS60.dat
1 0 -132.375 -126.447 -156.354 -0.9967 -0.0719 -0.0374 0.04 -0.034 -0.9986 -0.0705 0.9968 -0.0368 LS60.dat
1 0 -132.413 -127.539 -156.391 -0.9968 -0.0708 -0.0374 0.0399 -0.034 -0.9986 -0.0694 0.9969 -0.0368 LS60.dat
1 0 -132.446 -128.499 -156.423 -0.9969 -0.0699 -0.0374 0.0399 -0.0341 -0.9986 -0.0685 0.997 -0.0368 LS60.dat
1 0 -132.483 -129.603 -156.461 -0.9969 -0.0688 -0.0374 0.0398 -0.0341 -0.9986 -0.0674 0.997 -0.0368 LS60.dat
1 0 -132.516 -130.575 -156.493 -0.997 -0.0679 -0.0374 0.0398 -0.0342 -0.9986 -0.0665 0.9971 -0.0368 LS60.dat
1 0 -132.554 -131.692 -156.531 -0.9971 -0.0668 -0.0374 0.0398 -0.0342 -0.9986 -0.0654 0.9972 -0.0368 LS60.dat
1 0 -132.587 -132.677 -156.564 -0.9971 -0.0658 -0.0374 0.0397 -0.0342 -0.9986 -0.0644 0.9972 -0.0368 LS60.dat
1 0 -132.62 -133.668 -156.596 -0.9972 -0.0648 -0.0374 0.0397 -0.0343 -0.9986 -0.0635 0.9973 -0.0368 LS60.dat
1 0 -132.654 -134.666 -156.63 -0.9973 -0.0639 -0.0374 0.0397 -0.0343 -0.9986 -0.0625 0.9974 -0.0368 LS60.dat
1 0 -132.691 -135.816 -156.667 -0.9973 -0.0627 -0.0372 0.0394 -0.0341 -0.9986 -0.0614 0.9974 -0.0365 LS60.dat
1 0 -132.725 -136.831 -156.7 -0.9974 -0.0617 -0.0372 0.0394 -0.0342 -0.9986 -0.0604 0.9975 -0.0365 LS60.dat
1 0 -132.759 -137.854 -156.734 -0.9975 -0.0608 -0.0372 0.0393 -0.0342 -0.9986 -0.0594 0.9976 -0.0365 LS60.dat
1 0 -132.792 -138.886 -156.767 -0.9975 -0.0597 -0.0369 0.039 -0.034 -0.9987 -0.0584 0.9976 -0.0363 LS60.dat
1 0 -132.826 -139.927 -156.8 -0.9976 -0.0587 -0.0367 0.0387 -0.0339 -0.9987 -0.0574 0.9977 -0.036 LS60.dat
1 0 -132.86 -140.978 -156.834 -0.9977 -0.0577 -0.0364 0.0384 -0.0337 -0.9987 -0.0564 0.9978 -0.0358 LS60.dat
1 0 -132.889 -141.886 -156.863 -0.9977 -0.0568 -0.0364 0.0384 -0.0337 -0.9987 -0.0555 0.9978 -0.0358 LS60.dat
1 0 -132.924 -142.957 -156.898 -0.9978 -0.0558 -0.0364 0.0383 -0.0338 -0.9987 -0.0545 0.9979 -0.0358 LS60.dat
1 0 -132.959 -144.038 -156.933 -0.9978 -0.0547 -0.0364 0.0383 -0.0338 -0.9987 -0.0534 0.9979 -0.0358 LS60.dat
1 0 -132.988 -144.974 -156.962 -0.9979 -0.0538 -0.0362 0.038 -0.0336 -0.9987 -0.0525 0.998 -0.0356 LS60.dat
1 0 -133.023 -146.078 -156.997 -0.998 -0.0527 -0.0359 0.0377 -0.0334 -0.9987 -0.0514 0.9981 -0.0354 LS60.dat
1 0 -133.054 -147.035 -157.027 -0.998 -0.0518 -0.0359 0.0377 -0.0335 -0.9987 -0.0505 0.9981 -0.0354 LS60.dat
1 0 -133.089 -148.163 -157.063 -0.9981 -0.0507 -0.0359 0.0376 -0.0335 -0.9987 -0.0494 0.9982 -0.0354 LS60.dat
1 0 -133.12 -149.142 -157.093 -0.9981 -0.0497 -0.0356 0.0373 -0.0333 -0.9987 -0.0485 0.9982 -0.0351 LS60.dat
1 0 -133.151 -150.131 -157.124 -0.9982 -0.0487 -0.0356 0.0373 -0.0334 -0.9987 -0.0475 0.9983 -0.0351 LS60.dat
1 0 -133.188 -151.3 -157.16 -0.9982 -0.0476 -0.0356 0.0373 -0.0334 -0.9987 -0.0464 0.9983 -0.0351 LS60.dat
1 0 -133.219 -152.315 -157.191 -0.9983 -0.0466 -0.0354 0.037 -0.0332 -0.9988 -0.0454 0.9984 -0.0349 LS60.dat
1 0 -133.25 -153.342 -157.223 -0.9983 -0.0456 -0.0351 0.0367 -0.0331 -0.9988 -0.0444 0.9984 -0.0347 LS60.dat
1 0 -133.281 -154.382 -157.254 -0.9984 -0.0446 -0.0348 0.0363 -0.0328 -0.9988 -0.0434 0.9985 -0.0343 LS60.dat
1 0 -133.308 -155.259 -157.281 -0.9984 -0.0437 -0.0345 0.0359 -0.0326 -0.9988 -0.0425 0.9985 -0.0341 LS60.dat
1 0 -133.34 -156.325 -157.313 -0.9985 -0.0427 -0.0343 0.0356 -0.0324 -0.9988 -0.0415 0.9986 -0.0339 LS60.dat
1 0 -133.372 -157.405 -157.345 -0.9986 -0.0416 -0.034 0.0354 -0.0322 -0.9989 -0.0405 0.9986 -0.0337 LS60.dat
1 0 -133.405 -158.5 -157.378 -0.9986 -0.0405 -0.0337 0.035 -0.0321 -0.9989 -0.0394 0.9987 -0.0334 LS60.dat
1 0 -133.432 -159.425 -157.405 -0.9987 -0.0396 -0.0334 0.0346 -0.0318 -0.9989 -0.0385 0.9987 -0.0331 LS60.dat
1 0 -133.464 -160.549 -157.438 -0.9987 -0.0385 -0.033 0.0342 -0.0315 -0.9989 -0.0374 0.9988 -0.0328 LS60.dat
1 0 -133.492 -161.499 -157.466 -0.9988 -0.0376 -0.0327 0.0339 -0.0313 -0.9989 -0.0365 0.9988 -0.0326 LS60.dat
1 0 -133.52 -162.461 -157.494 -0.9988 -0.0366 -0.0325 0.0336 -0.0312 -0.9989 -0.0356 0.9988 -0.0324 LS60.dat
1 0 -133.554 -163.632 -157.528 -0.9988 -0.0355 -0.0325 0.0336 -0.0312 -0.9989 -0.0344 0.9989 -0.0324 LS60.dat
1 0 -133.583 -164.622 -157.557 -0.9989 -0.0345 -0.0325 0.0335 -0.0312 -0.9989 -0.0335 0.9989 -0.0324 LS60.dat
1 0 -133.612 -165.625 -157.586 -0.9989 -0.0335 -0.0325 0.0335 -0.0313 -0.9989 -0.0325 0.9989 -0.0324 LS60.dat
1 0 -133.64 -166.641 -157.615 -0.999 -0.0325 -0.0322 0.0332 -0.0311 -0.999 -0.0315 0.999 -0.0321 LS60.dat
1 0 -133.669 -167.671 -157.644 -0.999 -0.0315 -0.0319 0.0329 -0.0309 -0.999 -0.0305 0.999 -0.0319 LS60.dat
1 0 -133.698 -168.714 -157.673 -0.999 -0.0305 -0.0317 0.0326 -0.0307 -0.999 -0.0295 0.9991 -0.0317 LS60.dat
1 0 -133.726 -169.771 -157.702 -0.9991 -0.0295 -0.0313 0.0322 -0.0305 -0.999 -0.0285 0.9991 -0.0314 LS60.dat
1 0 -133.755 -170.842 -157.732 -0.9991 -0.0284 -0.0308 0.0317 -0.0301 -0.999 -0.0275 0.9991 -0.031 LS60.dat
1 0 -133.783 -171.925 -157.761 -0.9992 -0.0273 -0.0305 0.0313 -0.0299 -0.9991 -0.0264 0.9992 -0.0307 LS60.dat
1 0 -133.806 -172.801 -157.784 -0.9992 -0.0265 -0.0302 0.031 -0.0297 -0.9991 -0.0256 0.9992 -0.0305 LS60.dat
1 0 -133.835 -173.906 -157.814 -0.9992 -0.0254 -0.0298 0.0306 -0.0294 -0.9991 -0.0245 0.9992 -0.0302 LS60.dat
1 0 -133.863 -175.022 -157.843 -0.9993 -0.0243 -0.0293 0.03 -0.0291 -0.9991 -0.0234 0.9993 -0.0298 LS60.dat
1 0 -133.884 -175.921 -157.865 -0.9993 -0.0234 -0.0288 0.0295 -0.0287 -0.9992 -0.0226 0.9993 -0.0294 LS60.dat
1 0 -133.911 -177.049 -157.893 -0.9994 -0.0223 -0.0281 0.0288 -0.0282 -0.9992 -0.0215 0.9994 -0.0289 LS60.dat
1 0 -133.931 -177.954 -157.915 -0.9994 -0.0214 -0.0274 0.028 -0.0277 -0.9992 -0.0206 0.9994 -0.0283 LS60.dat
1 0 -133.956 -179.082 -157.941 -0.9994 -0.0203 -0.0264 0.027 -0.027 -0.9993 -0.0195 0.9994 -0.0275 LS60.dat
1 0 -133.973 -179.978 -157.961 -0.9995 -0.0194 -0.0252 0.0257 -0.0261 -0.9993 -0.0187 0.9995 -0.0266 LS60.dat
1 0 -133.993 -181.08 -157.983 -0.9996 -0.0183 -0.0234 0.0239 -0.0247 -0.9994 -0.0177 0.9995 -0.0252 LS60.dat
1 0 -134.009 -182.149 -158.002 -0.9996 -0.0172 -0.0209 0.0213 -0.0229 -0.9995 -0.0167 0.9996 -0.0232 LS60.dat
1 0 -134.018 -183.162 -158.016 -0.9997 -0.0161 -0.017 0.0173 -0.0199 -0.9997 -0.0158 0.9997 -0.0202 LS60.dat
