0 FILE Droid Tr-Fighter 10.ldr
0 Droid Tri-Fighter 10
0 Name: Droid Tr-Fighter 10.ldr
0 Author: LDraw
0 Unofficial Model
0 ROTATION CENTER 0 0 0 1 "Custom" 
0 ROTATION CONFIG 0 0
1 0 -753.347 24 -85.181 0 0 1 0 1 0 -1 0 0 Rocket Battle Droid.ldr
1 0 -753.347 24 -135.181 0 0 1 0 1 0 -1 0 0 Rocket Battle Droid Commander.ldr
1 0 -753.347 24 -185.181 0 0 1 0 1 0 -1 0 0 Rocket Battle Droid.ldr
1 0 -464.264 -94 289.083 0.92388 0.382683 0 0 0 -1 -0.382683 0.92388 0 Part 1.ldr
0
0 FILE Rocket Battle Droid.ldr
0 Rocket Battle Droid
0 Name: Rocket Battle Droid.ldr
0 Author: LDraw
0 Unofficial Model
0 ROTATION CENTER 0 0 0 1 "Custom" 
0 ROTATION CONFIG 0 0
1 72 -10 47 0 1 0 0 0 1 0 0 0 1 30376.dat
1 72 -10 -10 15 1 0 0 0 0 1 0 -1 0 4073.dat
1 72 -10 -10 19 -1 0 0 0 0 -1 0 -1 0 30162.dat
1 72 6 -24 0 1 0 0 0 1 0 0 0 1 30377.dat
1 72 -26 -24 0 1 0 0 0 0.92388 0.382683 0 -0.382683 0.92388 59230.dat
1 0 -26 12.955 -15.307 1 0 0 0 0.382683 -0.92388 0 0.92388 0.382683 58247.dat
1 484 -10 -24 0 1 0 0 0 1 0 0 0 1 30378.dat
1 484 -10 8 0 1 0 0 0 1 0 0 0 1 30375.dat
0
0 FILE Rocket Battle Droid Commander.ldr
0 Rocket Battle Droid Commander
0 Name: Rocket Battle Droid Commander.ldr
0 Author: LDraw
0 Unofficial Model
0 ROTATION CENTER 0 0 0 1 "Custom" 
0 ROTATION CONFIG 0 0
1 72 -10 47 0 1 0 0 0 1 0 0 0 1 30376.dat
1 72 -10 -10 15 1 0 0 0 0 1 0 -1 0 4073.dat
1 72 -10 -10 19 -1 0 0 0 0 -1 0 -1 0 30162.dat
1 72 6 -24 0 1 0 0 0 1 0 0 0 1 30377.dat
1 72 -26 -24 0 1 0 0 0 0.92388 0.382683 0 -0.382683 0.92388 59230.dat
1 0 -26 12.955 -15.307 1 0 0 0 0.382683 -0.92388 0 0.92388 0.382683 58247.dat
1 484 -10 -24 0 1 0 0 0 1 0 0 0 1 30378ps1.dat
1 484 -10 8 0 1 0 0 0 1 0 0 0 1 30375.dat
0
0 FILE Part 1.ldr
0 Part 1
0 Name: Part 1.ldr
0 Author: LDraw
0 Unofficial Model
0 ROTATION CENTER 0 0 0 1 "Custom" 
0 ROTATION CONFIG 0 0
1 71 0 16 0 1 0 0 0 1 0 0 0 1 32125.dat
1 71 0 -8 0 1 0 0 0 1 0 0 0 1 32125.dat
1 71 0 -296 0 1 0 0 0 1 0 0 0 1 32125.dat
1 71 0 -320 0 1 0 0 0 1 0 0 0 1 32125.dat
1 71 0 -387 0 1 0 0 0 -1 0 0 0 -1 63965.dat
1 71 0 -508 0 1 0 0 0 -1 0 0 0 -1 63965.dat
1 36 0 -527 0 1 0 0 0 1 0 0 0 1 4589.dat
1 72 0 48 0 1 0 0 0 -1 0 0 0 -1 4589.dat
1 0 0 21 0 0 -1 0 -1 0 0 0 0 -1 32062.dat
1 71 0 -370 0 1 0 0 0 -1 0 0 0 -1 57585.dat
1 71 -17.321 -370 10 0.5 0.866025 0 0 0 1 0.866025 -0.5 0 2825.dat
1 0 0 -340 0 1 0 0 0 0 1 0 -1 0 59443.dat
1 0 0 -395 0 1 0 0 0 1 0 0 0 1 4032b.dat
1 72 0 -443 0 1 0 0 0 1 0 0 0 1 3942c.dat
1 0 -25.981 -310 15 0.866025 -0.5 0 0 0 1 -0.5 -0.866025 0 32062.dat
1 0 25.981 -310 15 -0.866025 -0.5 0 0 0 1 -0.5 0.866025 0 32062.dat
1 36 -25.981 -310 15 0.5 0.866025 0 0 0 1 0.866025 -0.5 0 41669.dat
1 71 17.321 -370 10 0.5 -0.866025 0 0 0 1 -0.866025 -0.5 0 2825.dat
1 36 25.981 -310 15 0.5 -0.866025 0 0 0 1 -0.866025 -0.5 0 41669.dat
1 71 0 -40 0 1 0 0 0 1 0 0 0 1 32125.dat
1 71 0 -72 10 0 0 1 0 1 0 -1 0 0 Part 2.ldr
0 MLCAD BTG Group name6
1 71 60.622 -40 -35 0.866025 0 0.5 0 1 0 -0.5 0 0.866025 44302.dat
1 71 111.097 -52.142 -64.142 -0.612372 -0.612372 0.5 0.707107 -0.707107 0 0.353553 0.353553 0.866025 30386.dat
1 71 120.895 -40.829 -69.799 0.5 -0.612372 0.612372 0 -0.707107 -0.707107 0.866025 0.353553 -0.353553 4595.dat
1 71 154.09 -98.194 -88.964 0.5 -0.800103 0.331414 0 -0.382683 -0.92388 0.866025 0.46194 -0.191342 4595.dat
1 71 165.746 -165.859 -95.694 0.5 -0.866025 0 0 0 -1 0.866025 0.5 0 4595.dat
0 MLCAD BTG Group name4
1 0 122.085 -218.218 -70.486 0.331414 -0.800103 0.5 0.92388 0.382683 0 -0.191342 0.46194 0.866025 52107.dat
0 MLCAD BTG Group name4
1 71 154.09 -233.525 -88.964 0.5 -0.800103 -0.331414 0 0.382683 -0.92388 0.866025 0.46194 0.191342 4595.dat
0 MLCAD BTG Group name5
1 71 120.724 -291.019 -69.7 0.5 -0.612372 -0.612372 0 0.707107 -0.707107 0.866025 0.353553 0.353553 4595.dat
0 MLCAD BTG Group name5
1 272 102.354 -298.088 -59.094 -0.5 0.612372 0.612372 0 0.707107 -0.707107 -0.866025 -0.353553 -0.353553 54200.dat
1 71 141.289 -104.316 -81.573 -0.331414 -0.800103 0.5 0.92388 -0.382683 0 0.191342 0.46194 0.866025 30386.dat
1 71 81.703 -86.083 -47.171 -0.612372 -0.612372 0.5 0.707107 -0.707107 0 0.353553 0.353553 0.866025 3062b.dat
1 71 102.884 -122.685 -59.4 -0.331414 -0.800103 0.5 0.92388 -0.382683 0 0.191342 0.46194 0.866025 3062b.dat
1 71 110.32 -165.859 -63.693 0 -0.866025 -0.5 -1 0 0 0 0.5 -0.866025 3062b.dat
0 MLCAD BTG Group name4
1 71 102.883 -209.033 -59.4 0.331414 -0.800103 0.5 0.92388 0.382683 0 -0.191342 0.46194 0.866025 3062b.dat
0 MLCAD BTG Group name5
1 71 81.532 -245.762 -47.073 0.612372 -0.612372 0.5 0.707107 0.707107 0 -0.353553 0.353553 0.866025 3062b.dat
1 71 151.89 -165.859 -87.694 0 -0.866025 0.5 1 0 0 0 0.5 0.866025 30386.dat
0 MLCAD BTG Group name4
1 71 141.289 -227.403 -81.573 0.331414 -0.800103 0.5 0.92388 0.382683 0 -0.191342 0.46194 0.866025 30386.dat
0 MLCAD BTG Group name5
1 71 110.926 -279.705 -64.043 0.612372 -0.612372 0.5 0.707107 0.707107 0 -0.353553 0.353553 0.866025 30386.dat
0 MLCAD BTG Group name6
1 72 17.321 8 -10 -0.5 0 0.866025 0 1 0 -0.866025 0 -0.5 4073.dat
0 MLCAD BTG Group name6
1 72 34.641 8 -20 -0.5 0 0.866025 0 1 0 -0.866025 0 -0.5 4073.dat
0 MLCAD BTG Group name6
1 72 43.301 0 -25 0.866025 0 0.5 0 1 0 -0.5 0 0.866025 3710.dat
1 72 160.49 -95.132 -92.659 -0.331414 -0.800103 0.5 0.92388 -0.382683 0 0.191342 0.46194 0.866025 2412b.dat
1 72 172.674 -165.858 -99.694 0 -0.866025 0.5 1 0 0 0 0.5 0.866025 2412b.dat
0 MLCAD BTG Group name5
1 72 125.621 -296.674 -72.527 0.612372 -0.612372 0.5 0.707107 0.707107 0 -0.353553 0.353553 0.866025 2412b.dat
0 MLCAD BTG Group name4
1 72 160.488 -236.587 -92.658 -0.331414 -0.800103 -0.5 -0.92388 0.382683 0 0.191342 0.46194 -0.866025 30383.dat
0 MLCAD BTG Group name4
1 72 161.978 -258.121 -93.519 0.5 -0.866025 0 0 0 -1 0.866025 0.5 0 30553.dat
0 MLCAD BTG Group name4
1 71 162.843 -289.122 -94.018 0 -0.866025 0.5 1 0 0 0 0.5 0.866025 4519.dat
0 MLCAD BTG Group name4
1 36 162.844 -331.121 -94.018 0.866025 0 0.5 0 1 0 -0.5 0 0.866025 4589.dat
0 MLCAD BTG Group name6
1 72 47.622 -22 -57.517 0.866025 0.5 0 0 0 -1 -0.5 0.866025 0 47456.dat
0 MLCAD BTG Group name6
1 72 73.622 -22 -12.483 -0.866025 -0.5 0 0 0 -1 0.5 -0.866025 0 47456.dat
0 MLCAD BTG Group name6
1 272 60.622 -8 -35 0.866025 0 0.5 0 1 0 -0.5 0 0.866025 3023.dat
0 MLCAD BTG Group name6
1 272 43.301 -48 -25 0.866025 0 0.5 0 1 0 -0.5 0 0.866025 2431.dat
0 MLCAD BTG Group name5
1 272 111.352 -255.661 -43.505 0.612372 -0.5 0.612372 -0.707107 0 0.707107 -0.353553 -0.866025 -0.353553 2431.dat
1 272 111.524 -76.184 -43.604 0.612372 -0.5 -0.612372 0.707107 0 0.707107 -0.353553 -0.866025 0.353553 2431.dat
0 MLCAD BTG Group name4
1 272 131.085 -218.218 -54.897 0.800103 -0.5 0.331414 -0.382683 0 0.92388 -0.46194 -0.866025 -0.191342 87079.dat
1 272 131.086 -113.501 -54.898 0.800103 -0.5 -0.331414 0.382683 0 0.92388 -0.46194 -0.866025 0.191342 87079.dat
0 MLCAD BTG Group name5
1 272 92.981 -276.876 -32.898 -0.612372 -0.5 0.612372 -0.707107 0 -0.707107 0.353553 -0.866025 -0.353553 41770.dat
1 0 140.106 -185.86 -60.106 0 -0.5 0.866025 -1 0 0 0 -0.866025 -0.5 41770.dat
1 0 140.106 -145.86 -60.106 0 -0.5 0.866025 -1 0 0 0 -0.866025 -0.5 41769.dat
1 272 93.153 -54.97 -32.997 0.612372 -0.5 0.612372 -0.707107 0 0.707107 -0.353553 -0.866025 -0.353553 41769.dat
1 272 93.524 -76.184 -74.781 0.612372 0.5 0.612372 0.707107 0 -0.707107 -0.353553 0.866025 -0.353553 2431.dat
0 MLCAD BTG Group name5
1 272 93.352 -255.661 -74.681 0.612372 0.5 -0.612372 -0.707107 0 -0.707107 -0.353553 0.866025 0.353553 2431.dat
1 272 113.086 -113.501 -86.075 0.800103 0.5 0.331414 0.382683 0 -0.92388 -0.46194 0.866025 -0.191342 87079.dat
0 MLCAD BTG Group name4
1 272 113.086 -218.218 -86.074 0.800103 0.5 -0.331414 -0.382683 0 -0.92388 -0.46194 0.866025 0.191342 87079.dat
0 GROUP 10 Group name4
1 272 75.153 -54.97 -64.174 -0.612372 0.5 0.612372 0.707107 0 0.707107 0.353553 0.866025 -0.353553 41770.dat
1 0 122.106 -145.86 -91.282 0 0.5 0.866025 1 0 0 0 0.866025 -0.5 41770.dat
1 0 122.106 -185.86 -91.282 0 0.5 0.866025 1 0 0 0 0.866025 -0.5 41769.dat
0 MLCAD BTG Group name5
1 272 74.981 -276.876 -64.075 0.612372 0.5 0.612372 0.707107 0 -0.707107 -0.353553 0.866025 -0.353553 41769.dat
0 MLCAD BTG Group name6
1 272 17.321 -32 -10 0.866025 0 0.5 0 1 0 -0.5 0 0.866025 3062b.dat
0 MLCAD BTG Group name6
1 272 69.282 -32 -40 0.866025 0 0.5 0 1 0 -0.5 0 0.866025 3062b.dat
0 MLCAD BTG Group name6
1 0 43.301 -32 -25 0.866025 0 0.5 0 1 0 -0.5 0 0.866025 52107.dat
0 GROUP 11 Group name6
1 0 0 8 70 0 0 -1 0 1 0 1 0 0 52107.dat
1 38 0 32 70 0 0 -1 0 1 0 1 0 0 4740.dat
0 MLCAD BTG Group name5
1 0 96.228 -262.734 -55.557 0.612372 -0.612372 0.5 0.707107 0.707107 0 -0.353553 0.353553 0.866025 52107.dat
0 GROUP 10 Group name5
1 0 -70.428 -301.499 -40.661 0.5 0.331414 0.800103 0 0.92388 -0.382683 -0.866025 0.191342 0.46194 30554a.dat
1 0 70.428 -301.499 -40.661 0.5 -0.331414 -0.800103 0 0.92388 -0.382683 0.866025 0.191342 0.46194 30554a.dat
1 0 131.105 -165.859 -75.694 0 -0.866025 0.5 1 0 0 0 0.5 0.866025 52107.dat
1 0 122.086 -113.501 -70.487 -0.331414 -0.800103 0.5 0.92388 -0.382683 0 0.191342 0.46194 0.866025 52107.dat
1 0 96.401 -69.113 -55.657 -0.612372 -0.612372 0.5 0.707107 -0.707107 0 0.353553 0.353553 0.866025 52107.dat
1 71 -60.622 -40 -35 -0.866025 0 0.5 0 1 0 -0.5 0 -0.866025 44302.dat
1 71 -111.097 -52.142 -64.142 0.612372 0.612372 0.5 0.707107 -0.707107 0 0.353553 0.353553 -0.866025 30386.dat
1 71 -120.895 -40.829 -69.799 0.5 0.612372 -0.612372 0 -0.707107 -0.707107 -0.866025 0.353553 -0.353553 4595.dat
1 71 -154.09 -98.194 -88.964 0.5 0.800103 -0.331414 0 -0.382683 -0.92388 -0.866025 0.46194 -0.191342 4595.dat
1 71 -165.746 -165.859 -95.693 0.5 0.866025 0 0 0 -1 -0.866025 0.5 0 4595.dat
1 0 -122.085 -218.218 -70.486 -0.331414 0.800103 0.5 0.92388 0.382683 0 -0.191342 0.46194 -0.866025 52107.dat
1 71 -154.09 -233.525 -88.964 0.5 0.800103 0.331414 0 0.382683 -0.92388 -0.866025 0.46194 0.191342 4595.dat
1 71 -120.724 -291.019 -69.7 0.5 0.612372 0.612372 0 0.707107 -0.707107 -0.866025 0.353553 0.353553 4595.dat
1 272 -102.354 -298.088 -59.094 -0.5 -0.612372 -0.612372 0 0.707107 -0.707107 0.866025 -0.353553 -0.353553 54200.dat
1 71 -141.289 -104.316 -81.573 0.331414 0.800103 0.5 0.92388 -0.382683 0 0.191342 0.46194 -0.866025 30386.dat
1 71 -81.703 -86.083 -47.171 0.612372 0.612372 0.5 0.707107 -0.707107 0 0.353553 0.353553 -0.866025 3062b.dat
1 71 -102.884 -122.685 -59.4 0.331414 0.800103 0.5 0.92388 -0.382683 0 0.191342 0.46194 -0.866025 3062b.dat
1 71 -110.32 -165.859 -63.693 0 0.866025 -0.5 -1 0 0 0 0.5 0.866025 3062b.dat
1 71 -102.883 -209.033 -59.399 -0.331414 0.800103 0.5 0.92388 0.382683 0 -0.191342 0.46194 -0.866025 3062b.dat
1 71 -81.532 -245.762 -47.072 -0.612372 0.612372 0.5 0.707107 0.707107 0 -0.353553 0.353553 -0.866025 3062b.dat
1 71 -151.89 -165.859 -87.694 0 0.866025 0.5 1 0 0 0 0.5 -0.866025 30386.dat
1 71 -141.289 -227.403 -81.573 -0.331414 0.800103 0.5 0.92388 0.382683 0 -0.191342 0.46194 -0.866025 30386.dat
1 71 -110.926 -279.705 -64.043 -0.612372 0.612372 0.5 0.707107 0.707107 0 -0.353553 0.353553 -0.866025 30386.dat
1 72 -17.321 8 -10 -0.5 0 -0.866025 0 1 0 0.866025 0 -0.5 4073.dat
1 72 -34.641 8 -20 -0.5 0 -0.866025 0 1 0 0.866025 0 -0.5 4073.dat
1 72 -43.301 0 -25 -0.866025 0 0.5 0 1 0 -0.5 0 -0.866025 3710.dat
1 72 -160.49 -95.132 -92.659 0.331414 0.800103 0.5 0.92388 -0.382683 0 0.191342 0.46194 -0.866025 2412b.dat
1 72 -172.674 -165.858 -99.693 0 0.866025 0.5 1 0 0 0 0.5 -0.866025 2412b.dat
1 72 -125.621 -296.674 -72.527 -0.612372 0.612372 0.5 0.707107 0.707107 0 -0.353553 0.353553 -0.866025 2412b.dat
1 72 -160.488 -236.587 -92.658 0.331414 0.800103 -0.5 -0.92388 0.382683 0 0.191342 0.46194 0.866025 30383.dat
1 72 -161.979 -258.121 -93.518 0.5 0.866025 0 0 0 -1 -0.866025 0.5 0 30553.dat
1 71 -162.843 -289.122 -94.017 0 0.866025 0.5 1 0 0 0 0.5 -0.866025 4519.dat
1 36 -162.844 -331.121 -94.018 -0.866025 0 0.5 0 1 0 -0.5 0 -0.866025 4589.dat
1 72 -73.622 -22 -12.483 -0.866025 0.5 0 0 0 -1 -0.5 -0.866025 0 47456.dat
1 72 -47.622 -22 -57.517 0.866025 -0.5 0 0 0 -1 0.5 0.866025 0 47456.dat
1 272 -60.622 -8 -35 -0.866025 0 0.5 0 1 0 -0.5 0 -0.866025 3023.dat
1 272 -43.301 -48 -25 -0.866025 0 0.5 0 1 0 -0.5 0 -0.866025 2431.dat
1 272 -93.352 -255.661 -74.681 -0.612372 -0.5 -0.612372 -0.707107 0 0.707107 -0.353553 0.866025 -0.353553 2431.dat
1 272 -93.524 -76.184 -74.781 -0.612372 -0.5 0.612372 0.707107 0 0.707107 -0.353553 0.866025 0.353553 2431.dat
1 272 -113.085 -218.218 -86.074 -0.800103 -0.5 -0.331414 -0.382683 0 0.92388 -0.46194 0.866025 -0.191342 87079.dat
1 272 -113.086 -113.501 -86.075 -0.800103 -0.5 0.331414 0.382683 0 0.92388 -0.46194 0.866025 0.191342 87079.dat
1 272 -74.981 -276.876 -64.075 0.612372 -0.5 -0.612372 -0.707107 0 -0.707107 0.353553 0.866025 -0.353553 41770.dat
1 0 -122.106 -185.86 -91.282 0 -0.5 -0.866025 -1 0 0 0 0.866025 -0.5 41770.dat
1 0 -122.106 -145.86 -91.282 0 -0.5 -0.866025 -1 0 0 0 0.866025 -0.5 41769.dat
1 272 -75.153 -54.97 -64.174 -0.612372 -0.5 -0.612372 -0.707107 0 0.707107 -0.353553 0.866025 -0.353553 41769.dat
1 272 -111.524 -76.184 -43.604 -0.612372 0.5 -0.612372 0.707107 0 -0.707107 -0.353553 -0.866025 -0.353553 2431.dat
1 272 -111.352 -255.661 -43.505 -0.612372 0.5 0.612372 -0.707107 0 -0.707107 -0.353553 -0.866025 0.353553 2431.dat
1 272 -131.086 -113.501 -54.898 -0.800103 0.5 -0.331414 0.382683 0 -0.92388 -0.46194 -0.866025 -0.191342 87079.dat
1 272 -131.085 -218.218 -54.898 -0.800103 0.5 0.331414 -0.382683 0 -0.92388 -0.46194 -0.866025 0.191342 87079.dat
1 272 -93.153 -54.97 -32.997 0.612372 0.5 -0.612372 0.707107 0 0.707107 0.353553 -0.866025 -0.353553 41770.dat
1 0 -140.106 -145.86 -60.106 0 0.5 -0.866025 1 0 0 0 -0.866025 -0.5 41770.dat
1 0 -140.106 -185.86 -60.106 0 0.5 -0.866025 1 0 0 0 -0.866025 -0.5 41769.dat
1 272 -92.981 -276.876 -32.898 -0.612372 0.5 -0.612372 0.707107 0 -0.707107 -0.353553 -0.866025 -0.353553 41769.dat
1 272 -17.321 -32 -10 -0.866025 0 0.5 0 1 0 -0.5 0 -0.866025 3062b.dat
1 272 -69.282 -32 -40 -0.866025 0 0.5 0 1 0 -0.5 0 -0.866025 3062b.dat
1 0 -43.301 -32 -25 -0.866025 0 0.5 0 1 0 -0.5 0 -0.866025 52107.dat
1 0 -96.228 -262.734 -55.557 -0.612372 0.612372 0.5 0.707107 0.707107 0 -0.353553 0.353553 -0.866025 52107.dat
1 0 -131.105 -165.859 -75.693 0 0.866025 0.5 1 0 0 0 0.5 -0.866025 52107.dat
1 0 -122.086 -113.501 -70.486 0.331414 0.800103 0.5 0.92388 -0.382683 0 0.191342 0.46194 -0.866025 52107.dat
1 0 -96.401 -69.113 -55.657 0.612372 0.612372 0.5 0.707107 -0.707107 0 0.353553 0.353553 -0.866025 52107.dat
1 71 0 -40 70 0 0 -1 0 1 0 1 0 0 44302.dat
1 71 0 -52.142 128.284 0 0 -1 0.707107 -0.707107 0 -0.707107 -0.707107 0 30386.dat
1 71 0 -40.829 139.598 -1 0 0 0 -0.707107 -0.707107 0 -0.707107 0.707107 4595.dat
1 71 0 -98.194 177.928 -1 0 0 0 -0.382683 -0.92388 0 -0.92388 0.382683 4595.dat
1 71 0 -165.859 191.387 -1 0 0 0 0 -1 0 -1 0 4595.dat
1 0 0 -218.218 140.972 0 0 -1 0.92388 0.382683 0 0.382683 -0.92388 0 52107.dat
1 71 0 -233.525 177.928 -1 0 0 0 0.382683 -0.92388 0 -0.92388 -0.382683 4595.dat
1 71 0 -291.019 139.4 -1 0 0 0 0.707107 -0.707107 0 -0.707107 -0.707107 4595.dat
1 272 0 -298.088 118.188 1 0 0 0 0.707107 -0.707107 0 0.707107 0.707107 54200.dat
1 71 0 -104.316 163.146 0 0 -1 0.92388 -0.382683 0 -0.382683 -0.92388 0 30386.dat
1 71 0 -86.083 94.343 0 0 -1 0.707107 -0.707107 0 -0.707107 -0.707107 0 3062b.dat
1 71 0 -122.685 118.8 0 0 -1 0.92388 -0.382683 0 -0.382683 -0.92388 0 3062b.dat
1 71 0 -165.859 127.387 0 0 1 -1 0 0 0 -1 0 3062b.dat
1 71 0 -209.033 118.799 0 0 -1 0.92388 0.382683 0 0.382683 -0.92388 0 3062b.dat
1 71 0 -245.762 94.145 0 0 -1 0.707107 0.707107 0 0.707107 -0.707107 0 3062b.dat
1 71 0 -165.859 175.388 0 0 -1 1 0 0 0 -1 0 30386.dat
1 71 0 -227.403 163.147 0 0 -1 0.92388 0.382683 0 0.382683 -0.92388 0 30386.dat
1 71 0 -279.705 128.086 0 0 -1 0.707107 0.707107 0 0.707107 -0.707107 0 30386.dat
1 72 0 8 20 1 0 0 0 1 0 0 0 1 4073.dat
1 72 0 8 40 1 0 0 0 1 0 0 0 1 4073.dat
1 72 0 -304 20 1 0 0 0 1 0 0 0 1 4073.dat
1 72 0 -304 40 1 0 0 0 1 0 0 0 1 4073.dat
1 72 0 -312 30 0 0 -1 0 1 0 1 0 0 44301.dat
1 72 0 -344 20 -1 0 0 0 1 0 0 0 -1 3040b.dat
1 72 -17.321 -304 -10 -0.5 0 -0.866025 0 1 0 0.866025 0 -0.5 4073.dat
1 72 -34.641 -304 -20 -0.5 0 -0.866025 0 1 0 0.866025 0 -0.5 4073.dat
1 72 -25.981 -312 -15 -0.866025 0 0.5 0 1 0 -0.5 0 -0.866025 44301.dat
1 72 -17.321 -344 -10 0.5 0 0.866025 0 1 0 -0.866025 0 0.5 3040b.dat
1 72 17.321 -304 -10 -0.5 0 0.866025 0 1 0 -0.866025 0 -0.5 4073.dat
1 72 34.641 -304 -20 -0.5 0 0.866025 0 1 0 -0.866025 0 -0.5 4073.dat
1 72 25.981 -312 -15 0.866025 0 0.5 0 1 0 -0.5 0 0.866025 44301.dat
1 72 17.321 -344 -10 0.5 0 -0.866025 0 1 0 0.866025 0 0.5 3040b.dat
1 72 0 0 50 0 0 -1 0 1 0 1 0 0 3710.dat
1 72 0 -95.132 185.318 0 0 -1 0.92388 -0.382683 0 -0.382683 -0.92388 0 2412b.dat
1 72 -125.847 -35.265 -72.658 0.612372 0.612372 0.5 0.707107 -0.707107 0 0.353553 0.353553 -0.866025 50947.dat
1 72 125.847 -35.265 -72.658 -0.612372 -0.612372 0.5 0.707107 -0.707107 0 0.353553 0.353553 0.866025 50947.dat
1 72 0 -165.858 199.387 0 0 -1 1 0 0 0 -1 0 2412b.dat
1 72 0 -296.674 145.055 0 0 -1 0.707107 0.707107 0 0.707107 -0.707107 0 2412b.dat
1 72 0 -236.587 185.316 0 0 1 -0.92388 0.382683 0 -0.382683 -0.92388 0 30383.dat
1 72 0 -258.121 187.037 -1 0 0 0 0 -1 0 -1 0 30553.dat
1 71 0 -289.122 188.035 0 0 -1 1 0 0 0 -1 0 4519.dat
1 36 0 -331.121 188.036 0 0 -1 0 1 0 1 0 0 4589.dat
1 72 26 -22 70 0 -1 0 0 0 -1 1 0 0 47456.dat
1 72 -26 -22 70 0 1 0 0 0 -1 -1 0 0 47456.dat
1 272 0 -8 70 0 0 -1 0 1 0 1 0 0 3023.dat
1 272 0 -48 50 0 0 -1 0 1 0 1 0 0 2431.dat
1 272 -18 -255.661 118.186 0 1 0 -0.707107 0 0.707107 0.707107 0 0.707107 2431.dat
1 272 -18 -76.184 118.385 0 1 0 0.707107 0 0.707107 0.707107 0 -0.707107 2431.dat
1 272 -18 -218.218 140.972 0 1 0 -0.382683 0 0.92388 0.92388 0 0.382683 87079.dat
1 272 -18 -113.501 140.973 0 1 0 0.382683 0 0.92388 0.92388 0 -0.382683 87079.dat
1 272 -18 -276.876 96.973 0 1 0 -0.707107 0 -0.707107 -0.707107 0 0.707107 41770.dat
1 0 -18 -185.86 151.388 0 1 0 -1 0 0 0 0 1 41770.dat
1 0 -18 -145.86 151.388 0 1 0 -1 0 0 0 0 1 41769.dat
1 272 -18 -54.97 97.171 0 1 0 -0.707107 0 0.707107 0.707107 0 0.707107 41769.dat
1 272 18 -76.184 118.385 0 -1 0 0.707107 0 -0.707107 0.707107 0 0.707107 2431.dat
1 272 18 -255.661 118.186 0 -1 0 -0.707107 0 -0.707107 0.707107 0 -0.707107 2431.dat
1 272 18 -113.501 140.973 0 -1 0 0.382683 0 -0.92388 0.92388 0 0.382683 87079.dat
1 272 18 -218.218 140.972 0 -1 0 -0.382683 0 -0.92388 0.92388 0 -0.382683 87079.dat
1 272 18 -54.97 97.171 0 -1 0 0.707107 0 0.707107 -0.707107 0 0.707107 41770.dat
1 0 18 -145.86 151.388 0 -1 0 1 0 0 0 0 1 41770.dat
1 0 18 -185.86 151.388 0 -1 0 1 0 0 0 0 1 41769.dat
1 272 18 -276.876 96.973 0 -1 0 0.707107 0 -0.707107 0.707107 0 0.707107 41769.dat
1 272 0 -32 20 0 0 -1 0 1 0 1 0 0 3062b.dat
1 272 0 -32 80 0 0 -1 0 1 0 1 0 0 3062b.dat
1 0 0 -32 50 0 0 -1 0 1 0 1 0 0 52107.dat
1 0 0 8 70 0 0 -1 0 1 0 1 0 0 52107.dat
1 38 0 32 70 0 0 -1 0 1 0 1 0 0 4740.dat
1 0 0 -262.734 111.115 0 0 -1 0.707107 0.707107 0 0.707107 -0.707107 0 52107.dat
1 0 0 -301.499 81.323 -1 0 0 0 0.92388 -0.382683 0 -0.382683 -0.92388 30554a.dat
1 0 0 -165.859 151.387 0 0 -1 1 0 0 0 -1 0 52107.dat
1 0 0 -113.501 140.973 0 0 -1 0.92388 -0.382683 0 -0.382683 -0.92388 0 52107.dat
1 0 0 -69.113 111.314 0 0 -1 0.707107 -0.707107 0 -0.707107 -0.707107 0 52107.dat
1 0 0 -301.499 81.323 -1 0 0 0 0.92388 -0.382683 0 -0.382683 -0.92388 30554a.dat
1 72 0 -35.265 145.316 0 0 -1 0.707107 -0.707107 0 -0.707107 -0.707107 0 50947.dat
0
0 FILE Part 2.ldr
0 Part 2
0 Name: Part 2.ldr
0 Author: LDraw
0 Unofficial Model
0 ROTATION CENTER 0 0 0 1 "Custom" 
0 ROTATION CONFIG 0 0
1 0 10 16 0 1 0 0 0 1 0 0 0 1 4032b.dat
1 71 10 -8 0 1 0 0 0 1 0 0 0 1 30390.dat
1 272 0 -8 -30 1 0 0 0 1 0 0 0 1 54200.dat
1 272 20 -8 -30 1 0 0 0 1 0 0 0 1 54200.dat
1 272 20 -8 30 -1 0 0 0 1 0 0 0 -1 54200.dat
1 272 0 -8 30 -1 0 0 0 1 0 0 0 -1 54200.dat
1 71 50 -8 0 1 0 0 0 1 0 0 0 1 2817.dat
1 72 -20 -8 0 0 0 -1 0 1 0 1 0 0 3700.dat
1 72 60 -16 0 0 0 -1 0 1 0 1 0 0 32530.dat
1 72 100 -71 -40 -0.707107 0 -0.707107 0 1 0 0.707107 0 -0.707107 4588.dat
1 72 100 -155 -40.4264 -0.707107 0 -0.707107 0 1 0 0.707107 0 -0.707107 3062b.dat
1 72 100 -131 -40.4264 -0.707107 0 -0.707107 0 1 0 0.707107 0 -0.707107 3062b.dat
1 72 100 -179 -40.4264 -0.707107 0 -0.707107 0 1 0 0.707107 0 -0.707107 4589.dat
1 72 70 -18 0 1 0 0 0 1 0 0 0 1 32002.dat
1 1 70 2 0 1 0 0 0 1 0 0 0 1 43093.dat
1 0 75 2 0 0 -1 0 0 0 -1 1 0 0 6632.dat
1 0 100 -38 0 0 -1 0 0 0 -1 1 0 0 6553.dat
1 71 100 2 0 0 0 1 1 0 0 0 1 0 2853.dat
1 71 100 -38 0 0 0 1 0 -1 0 1 0 0 4519.dat
1 71 10 42 0 0 0 1 1 0 0 0 1 0 4519.dat
1 71 100 -38 -40 0 -1 0 -1 0 0 0 0 -1 32013.dat
1 71 100 -48 -40 0 -1 0 -1 0 0 0 0 -1 61184.dat
1 71 100 -151 -40 0 0 -1 0 -1 0 -1 0 0 63965.dat
1 72 100 -71 40 -0.707107 0 -0.707107 0 1 0 0.707107 0 -0.707107 4588.dat
1 72 100 -155 39.5736 -0.707107 0 -0.707107 0 1 0 0.707107 0 -0.707107 3062b.dat
1 72 100 -131 39.5736 -0.707107 0 -0.707107 0 1 0 0.707107 0 -0.707107 3062b.dat
1 72 100 -179 39.5736 -0.707107 0 -0.707107 0 1 0 0.707107 0 -0.707107 4589.dat
1 71 100 -48 40 0 -1 0 -1 0 0 0 0 -1 61184.dat
1 71 100 -151 40 0 0 -1 0 -1 0 -1 0 0 63965.dat
1 71 100 -38 40 0 1 0 -1 0 0 0 0 1 32013.dat
1 72 10 -16 -10 -1 0 0 0 1 0 0 0 -1 44822.dat
1 72 10 -16 10 -1 0 0 0 1 0 0 0 -1 44822.dat
1 40 10 -24 10 -1 0 0 0 1 0 0 0 -1 50747.dat
1 40 10 -24 -10 1 0 0 0 1 0 0 0 1 50747.dat
0 
0
0
