0 FILE Droid Tri-Fighter.ldr
0 Droid Tri-Fighter
0 Name: Droid Tri-Fighter.ldr
0 Author: LDraw
0 Unofficial Model
0 ROTATION CENTER 0 0 0 1 "Custom" 
0 ROTATION CONFIG 0 0
1 0 94.938 -82.29 -110 0 1 0 0.382683 0 -0.92388 -0.92388 0 -0.382683 Part 3.ldr
1 0 -175.062 110 64.938 0 0 1 0 1 0 -1 0 0 Security Droid.ldr
1 0 -175.062 104 4.938 0 0 1 0 1 0 -1 0 0 Battle Droid.ldr
1 0 -175.062 88 -65.062 0 0 1 0 1 0 -1 0 0 Palpy.ldr
0
0 FILE Palpy.ldr
0 Palpy
0 Name: Palpy.ldr
0 Author: LDraw
0 Unofficial Model
0 ROTATION CENTER 0 0 0 1 "Custom" 
0 ROTATION CONFIG 0 0
1 15 0 -24 0 1 0 0 0 1 0 0 0 1 92081.dat
1 78 0 -24 0 1 0 0 0 1 0 0 0 1 3626bp01.dat
1 72 0 0 0 1 0 0 0 1 0 0 0 1 973.dat
1 72 0 32 0 1 0 0 0 1 0 0 0 1 3815.dat
1 72 -15.552 9 0 0.985 -0.085 -0.147224 0.17 0.4925 0.853035 0 -0.866025 0.5 3818.dat
1 72 15.552 9 0 0.985 0.133962 0.104662 -0.17 0.776191 0.606427 0 -0.615661 0.788011 3819.dat
1 78 -20.7492 8.55162 -21.408 0.985 -0.164183 -0.0439926 0.17 0.951293 0.254898 0 -0.25878 0.96578 3820.dat
1 78 22.107 16.4192 -19.6835 0.985 0.168707 -0.0207147 -0.17 0.97751 -0.120023 0 0.121851 0.992396 3820.dat
1 496 0.53301 26.293 -18.3836 0.985 -0.169903 -0.00294063 0.17 0.98444 0.0170383 0 -0.0172978 0.999431 61482.dat
1 72 0 44 0 1 0 0 0 1 0 0 0 1 3816.dat
1 72 0 44 0 1 0 0 0 1 0 0 0 1 3817.dat
0
0 FILE Battle Droid.ldr
0 Battle Droid
0 Name: Battle Droid.ldr
0 Author: LDraw
0 Unofficial Model
0 ROTATION CENTER 0 0 0 1 "Custom" 
0 ROTATION CONFIG 0 0
1 19 17 -24 0 1 0 0 0 1 0 0 0 1 30377.dat
1 19 -17 -24 0 1 0 0 0 1 0 0 0 1 59230.dat
1 0 -17 16 0 1 0 0 0 0 -1 0 1 0 58247.dat
1 19 0 -24 0 1 0 0 0 1 0 0 0 1 30378.dat
1 19 0 48 0 1 0 0 0 1 0 0 0 1 30376.dat
1 19 0 8 0 1 0 0 0 1 0 0 0 1 30375.dat
0
0 FILE Security Droid.ldr
0 Security Droid
0 Name: Security Droid.ldr
0 Author: LDraw
0 Unofficial Model
0 ROTATION CENTER 0 0 0 1 "Custom" 
0 ROTATION CONFIG 0 0
1 19 17 -24 0 1 0 0 0 1 0 0 0 1 30377.dat
1 19 -17 -24 0 1 0 0 0 1 0 0 0 1 59230.dat
1 0 -17 16 0 1 0 0 0 0 -1 0 1 0 58247.dat
1 19 0 -24 0 1 0 0 0 1 0 0 0 1 30378.dat
1 19 0 48 0 1 0 0 0 1 0 0 0 1 30376.dat
1 320 0 8 0 1 0 0 0 1 0 0 0 1 30375ps2.dat
0 
0
0 FILE Part 1.ldr
0 Part 1
0 Name: Part 1.ldr
0 Author: LDraw
0 Unofficial Model
0 ROTATION CENTER 0 0 0 1 "Custom" 
0 ROTATION CONFIG 0 0
1 0 -10 8 0 0 0 -1 0 1 0 1 0 0 15071.dat
1 0 -10 -21.817 0.184 -1 0 0 0 0.707107 0.707107 0 0.707107 -0.707107 32014.dat
1 4 -10 -43.029 21.397 0 0 1 0.707107 0.707107 0 -0.707107 0.707107 0 32062.dat
1 4 -10 -43.029 -21.03 0 0 1 0.707107 -0.707107 0 0.707107 0.707107 0 32062.dat
1 71 10 -32 0 0 0 1 0 1 0 -1 0 0 4733.dat
1 71 -10 -2 18 -0.92388 0 0.382683 -0.382683 0 -0.92388 0 -1 0 4592.dat
1 0 -10 -2 18 -0.92388 0.364972 0.115075 -0.382683 -0.88112 -0.277816 0 -0.300706 0.953717 4593.dat
1 71 10 -2 18 -0.92388 0 -0.382683 0.382683 0 -0.92388 0 -1 0 4592.dat
1 0 10 -2 18 -0.92388 -0.364972 -0.115075 0.382683 -0.88112 -0.277816 0 -0.300706 0.953717 4593.dat
1 71 10 -2 -18 0.92388 0 -0.382683 -0.382683 0 -0.92388 0 1 0 4592.dat
1 0 10 -2 -18 0.92388 -0.364972 -0.115075 -0.382683 -0.88112 -0.277816 0 0.300706 -0.953717 4593.dat
1 71 -10 -2 -18 0.92388 0 0.382683 0.382683 0 -0.92388 0 1 0 4592.dat
1 0 -10 -2 -18 0.92388 0.364972 0.115075 0.382683 -0.88112 -0.277816 0 0.300706 -0.953717 4593.dat
1 72 28 -12 0 0 -1 0 1 0 0 0 0 1 63868.dat
1 72 -10 -59.999 38.367 0 0 -1 0.707107 0.707107 0 0.707107 -0.707107 0 30367c.dat
1 72 -10 -60 -38 0 0 -1 -0.707107 0.707107 0 0.707107 0.707107 0 30367c.dat
1 72 26 18 10 -0.224951 0 -0.97437 0.97437 0 -0.224951 0 -1 0 30229.dat
1 36 36 -22 0 0 -1 0 1 0 0 0 0 1 4073.dat
1 36 36 -2 0 0 -1 0 1 0 0 0 0 1 4073.dat
1 40 10 8 0 0 0 -1 0 1 0 1 0 0 4589.dat
0 
0
0 FILE Part 2.ldr
0 Part 2
0 Name: Part 2.ldr
0 Author: LDraw
0 Unofficial Model
0 ROTATION CENTER 0 0 0 1 "Custom" 
0 ROTATION CONFIG 0 0
1 71 50.71 -72.478 0 0.707107 -0.707107 0 0.707107 0.707107 0 0 0 1 30386.dat
1 71 -1.463 -107.339 0 0.92388 -0.382683 0 0.382683 0.92388 0 0 0 1 30386.dat
1 71 -63.007 -119.582 0 1 0 0 0 1 0 0 0 1 30386.dat
0 MLCAD BTG Group name4
1 71 -124.55 -107.34 0 0.92388 0.382683 0 -0.382683 0.92388 0 0 0 1 30386.dat
0 MLCAD BTG Group name4
1 71 -115.365 -85.166 0 0.92388 0.382683 0 -0.382683 0.92388 0 0 0 1 52107.dat
1 71 -63.005 -95.581 0 1 0 0 0 1 0 0 0 1 52107.dat
1 71 -10.646 -85.167 0 -0.92388 -0.382683 0 -0.382683 0.92388 0 0 0 -1 52107.dat
1 71 33.785 -55.206 0 0.707107 -0.707107 0 0.707107 0.707107 0 0 0 1 52107.dat
0 MLCAD BTG Group name4
1 0 -130.673 -122.121 0 0 0.382683 -0.92388 0 0.92388 0.382683 1 0 0 4595.dat
1 0 -63.008 -135.581 0 0 0 -1 0 1 0 1 0 0 4595.dat
1 0 -63 -160 0 -1 0 0 0 1 0 0 0 -1 3622.dat
1 0 -63.007 -115.581 19 0 0 1 -1 0 0 0 -1 0 87079.dat
1 0 -63.007 -115.581 -18 0 0 -1 -1 0 0 0 1 0 87079.dat
1 0 4.659 -122.122 0 0 -0.382683 -0.92388 0 0.92388 -0.382683 1 0 0 4595.dat
1 0 62.025 -83.792 0 0 -0.707107 -0.707107 0 0.707107 -0.707107 1 0 0 4595.dat
1 0 86.065 -93.692 0 0.707107 -0.707107 0 0.707107 0.707107 0 0 0 1 3622.dat
0 MLCAD BTG Group name4
1 272 -139.858 -144.295 0 0.92388 0.382683 0 -0.382683 0.92388 0 0 0 1 3010.dat
1 272 13.845 -144.295 0 0.92388 -0.382683 0 0.382683 0.92388 0 0 0 1 3010.dat
1 0 -124.5 -159.339 0 -0.92388 0.382683 0 0.382683 0.92388 0 0 0 -1 30383.dat
1 72 -146.035 -161.057 0 0 0 -1 0 1 0 1 0 0 30553.dat
1 4 -166.034 -161.056 0 -1 0 0 0 1 0 0 0 -1 32062.dat
1 36 -198.036 -161.056 0 0 1 0 1 0 0 0 0 -1 4589.dat
1 272 4.659 -122.122 18 -0.92388 0 0.382683 -0.382683 0 -0.92388 0 -1 0 3020.dat
1 72 -10.646 -85.167 18 -0.92388 0 0.382683 -0.382683 0 -0.92388 0 -1 0 51739.dat
1 72 -2.994 -103.644 26 0.382683 0 0.92388 -0.92388 0 0.382683 0 -1 0 87079.dat
1 272 4.659 -122.122 -18 0.92388 0 0.382683 0.382683 0 -0.92388 0 1 0 3020.dat
1 272 62.025 -55.507 18 -0.707107 0 0.707107 -0.707107 0 -0.707107 0 -1 0 41769.dat
1 272 62.025 -55.507 -18 0.707107 0 0.707107 0.707107 0 -0.707107 0 1 0 41770.dat
1 72 -10.646 -85.167 -18 0.92388 0 0.382683 0.382683 0 -0.92388 0 1 0 51739.dat
1 72 -2.994 -103.644 -26 0.382683 0 -0.92388 -0.92388 0 -0.382683 0 1 0 87079.dat
1 72 40.812 -76.721 18 0.707107 0 0.707107 -0.707107 0 0.707107 0 -1 0 2431.dat
1 72 40.812 -76.721 -18 0.707107 0 -0.707107 -0.707107 0 -0.707107 0 1 0 2431.dat
0 MLCAD BTG Group name4
1 272 -130.673 -122.121 18 -0.92388 0 -0.382683 0.382683 0 -0.92388 0 -1 0 3020.dat
0 MLCAD BTG Group name4
1 72 -115.365 -85.166 18 -0.92388 0 -0.382683 0.382683 0 -0.92388 0 -1 0 51739.dat
0 MLCAD BTG Group name4
1 72 -123.019 -103.644 26 -0.382683 0 0.92388 -0.92388 0 -0.382683 0 -1 0 87079.dat
0 MLCAD BTG Group name4
1 272 -130.673 -122.121 -18 0.92388 0 -0.382683 -0.382683 0 -0.92388 0 1 0 3020.dat
0 MLCAD BTG Group name4
1 72 -115.365 -85.166 -18 0.92388 0 -0.382683 -0.382683 0 -0.92388 0 1 0 51739.dat
0 MLCAD BTG Group name5
1 71 -176.723 -72.478 0 0.707107 0.707107 0 -0.707107 0.707107 0 0 0 1 30386.dat
0 MLCAD BTG Group name5
1 71 -159.753 -55.507 0 -0.707107 0.707107 0 0.707107 0.707107 0 0 0 -1 52107.dat
0 MLCAD BTG Group name5
1 0 -188.037 -83.792 0 0 0.707107 -0.707107 0 0.707107 0.707107 1 0 0 4595.dat
0 MLCAD BTG Group name5
1 272 -219.15 -86.62 0 0.707107 0.707107 0 -0.707107 0.707107 0 0 0 1 3010.dat
0 MLCAD BTG Group name5
1 72 -188.037 -55.507 18 -0.707107 0 -0.707107 0.707107 0 -0.707107 0 -1 0 30503.dat
0 MLCAD BTG Group name5
1 72 -188.037 -55.507 -18 0.707107 0 0.707107 0.707107 0 -0.707107 0 1 0 30503.dat
0 MLCAD BTG Group name4
1 72 -123.019 -103.644 -26 -0.382683 0 -0.92388 -0.92388 0 0.382683 0 1 0 87079.dat
0 GROUP 10 Group name4
0 MLCAD BTG Group name5
1 272 -195.109 -62.578 0 0 0.707107 -0.707107 0 -0.707107 -0.707107 -1 0 0 54200.dat
0 GROUP 7 Group name5
1 0 -183.213 -25.716 0 0 0.92388 0.382683 0 -0.382683 0.92388 1 0 0 30554a.dat
1 72 -175.559 2.761 0 0 1 0 0 0 1 1 0 0 30552.dat
0
0 FILE Part 3.ldr
0 Part 3
0 Name: Part 3.ldr
0 Author: LDraw
0 Unofficial Model
0 ROTATION CENTER 0 0 0 1 "Custom" 
0 ROTATION CONFIG 0 0
1 71 -10 16 0 1 0 0 0 1 0 0 0 1 32125.dat
1 71 -10 -40 0 1 0 0 0 1 0 0 0 1 32125.dat
1 71 10 -284 0 1 0 0 0 1 0 0 0 1 Part 4.ldr
1 71 -10 -84 -30 1 0 0 0 1 0 0 0 1 3701.dat
1 71 -10 -84 30 1 0 0 0 1 0 0 0 1 3701.dat
1 71 20 -92 0 0 0 -1 0 1 0 1 0 0 3710.dat
1 71 -10 -40 -55 0 0 1 -1 0 0 0 -1 0 92280.dat
1 71 -10 -80 -55 0 0 1 -1 0 0 0 -1 0 92280.dat
1 36 -10 -60 -63 1 0 0 0 0 1 0 -1 0 15400c01.dat
1 71 -40 -92 0 0 0 -1 0 1 0 1 0 0 3710.dat
1 272 -10 -92 30 -1 0 0 0 1 0 0 0 -1 3023.dat
1 71 -10 -92 -30 1 0 0 0 1 0 0 0 1 2540.dat
1 71 -10 -52 -30 1 0 0 0 1 0 0 0 1 2540.dat
1 72 -10 48 0 -1 0 0 0 -1 0 0 0 1 4589.dat
1 72 24.641 8 -20 0.866025 0 0.5 0 1 0 -0.5 0 0.866025 3623.dat
1 72 24.641 -24 -20 0.866025 0 0.5 0 1 0 -0.5 0 0.866025 3623.dat
1 0 33.301 -32 -25 0.866025 0 0.5 0 1 0 -0.5 0 0.866025 44302.dat
1 0 21.009 -94.701 -17.903 0 -0.866025 0.5 1 0 0 0 0.5 0.866025 Part 2.ldr
1 0 -10 -24 0 0 0.866025 0.5 -1 0 0 0 -0.5 0.866025 3706.dat
1 0 -10 -52 0 0 0 -1 0 1 0 1 0 0 4032b.dat
1 0 -10 -92 0 0 0 -1 0 1 0 1 0 0 4032b.dat
1 0 -30 -100 20 1 0 0 0 1 0 0 0 1 92582.dat
1 0 10 -100 20 -1 0 0 0 1 0 0 0 -1 92582.dat
1 0 -30 -100 -20 1 0 0 0 1 0 0 0 1 92582.dat
1 0 10 -100 -20 -1 0 0 0 1 0 0 0 -1 92582.dat
1 40 -20 -106 0 0 0 1 0 1 0 -1 0 0 50747.dat
1 40 0 -106 0 0 0 -1 0 1 0 1 0 0 50747.dat
1 0 -10 -60 0 0 0 -1 0 1 0 1 0 0 3709b.dat
1 72 -10 -84 0 0 0 1 0 1 0 -1 0 0 30390.dat
1 272 41.962 16 -30 0.866025 0 0.5 0 1 0 -0.5 0 0.866025 3024.dat
1 272 24.302 4 -40.588 0 0.5 0.866025 1 0 0 0 0.866025 -0.5 3020.dat
1 272 16.301 -6 -54.445 0.866025 0.5 0 0 0 -1 -0.5 0.866025 0 47456.dat
1 72 24.302 -26 -40.588 -0.866025 0.5 0 0 0 1 0.5 0.866025 0 85984.dat
1 272 42.301 4 -9.412 0 -0.5 -0.866025 1 0 0 0 -0.866025 0.5 3020.dat
1 272 50.301 -6 4.445 -0.866025 -0.5 0 0 0 -1 0.5 -0.866025 0 47456.dat
1 72 42.301 -26 -9.412 0.866025 -0.5 0 0 0 1 -0.5 -0.866025 0 85984.dat
1 272 7.321 -32 -10 0.866025 0 0.5 0 1 0 -0.5 0 0.866025 3024.dat
1 272 7.321 -16 -10 0.866025 0 0.5 0 1 0 -0.5 0 0.866025 3062b.dat
1 71 33.301 -16 -25 -0.866025 0 -0.5 0 1 0 0.5 0 -0.866025 52107.dat
1 71 33.301 24 -25 0.866025 0 0.5 0 1 0 -0.5 0 0.866025 52107.dat
1 38 33.301 48 -25 0.866025 0 0.5 0 1 0 -0.5 0 0.866025 4740.dat
1 72 -44.641 8 -20 -0.866025 0 0.5 0 1 0 -0.5 0 -0.866025 3623.dat
1 72 -44.641 -24 -20 -0.866025 0 0.5 0 1 0 -0.5 0 -0.866025 3623.dat
1 0 -53.301 -32 -25 -0.866025 0 0.5 0 1 0 -0.5 0 -0.866025 44302.dat
1 0 -41.009 -94.701 -17.903 0 0.866025 0.5 1 0 0 0 0.5 -0.866025 Part 2.ldr
1 0 -10 -24 0 0 -0.866025 0.5 -1 0 0 0 -0.5 -0.866025 3706.dat
1 272 -61.962 16 -30 -0.866025 0 0.5 0 1 0 -0.5 0 -0.866025 3024.dat
1 272 -62.301 4 -9.412 0 0.5 -0.866025 1 0 0 0 -0.866025 -0.5 3020.dat
1 272 -70.301 -6 4.445 -0.866025 0.5 0 0 0 -1 -0.5 -0.866025 0 47456.dat
1 72 -62.301 -26 -9.412 0.866025 0.5 0 0 0 1 0.5 -0.866025 0 85984.dat
1 272 -44.301 4 -40.588 0 -0.5 0.866025 1 0 0 0 0.866025 0.5 3020.dat
1 272 -36.301 -6 -54.445 0.866025 -0.5 0 0 0 -1 0.5 0.866025 0 47456.dat
1 72 -44.301 -26 -40.588 -0.866025 -0.5 0 0 0 1 -0.5 0.866025 0 85984.dat
1 272 -27.321 -32 -10 -0.866025 0 0.5 0 1 0 -0.5 0 -0.866025 3024.dat
1 272 -27.321 -16 -10 -0.866025 0 0.5 0 1 0 -0.5 0 -0.866025 3062b.dat
1 71 -53.301 -16 -25 0.866025 0 -0.5 0 1 0 0.5 0 0.866025 52107.dat
1 71 -53.301 24 -25 -0.866025 0 0.5 0 1 0 -0.5 0 -0.866025 52107.dat
1 38 -53.301 48 -25 -0.866025 0 0.5 0 1 0 -0.5 0 -0.866025 4740.dat
1 72 -10 8 40 0 0 -1 0 1 0 1 0 0 3623.dat
1 72 -10 -24 40 0 0 -1 0 1 0 1 0 0 3623.dat
1 0 -10 -32 50 0 0 -1 0 1 0 1 0 0 44302.dat
1 0 -10 -94.701 35.806 0 0 -1 1 0 0 0 -1 0 Part 2.ldr
1 272 -10 16 60 0 0 -1 0 1 0 1 0 0 3024.dat
1 272 8 4 50 0 -1 0 1 0 0 0 0 1 3020.dat
1 272 24 -6 50 0 -1 0 0 0 -1 1 0 0 47456.dat
1 72 8 -26 50 0 -1 0 0 0 1 -1 0 0 85984.dat
1 272 -28 4 50 0 1 0 1 0 0 0 0 -1 3020.dat
1 272 -44 -6 50 0 1 0 0 0 -1 -1 0 0 47456.dat
1 72 -28 -26 50 0 1 0 0 0 1 1 0 0 85984.dat
1 272 -10 -32 20 0 0 -1 0 1 0 1 0 0 3024.dat
1 272 -10 -16 20 0 0 -1 0 1 0 1 0 0 3062b.dat
1 71 -10 -16 50 0 0 1 0 1 0 -1 0 0 52107.dat
1 71 -10 24 50 0 0 -1 0 1 0 1 0 0 52107.dat
1 38 -10 48 50 0 0 -1 0 1 0 1 0 0 4740.dat
0
0 FILE Part 4.ldr
0 Part 4
0 Name: Part 4.ldr
0 Author: LDraw
0 Unofficial Model
0 ROTATION CENTER 0 0 0 1 "Custom" 
0 ROTATION CONFIG 0 0
1 71 -20 14 0 1 0 0 0 1 0 0 0 1 57585.dat
1 71 -20 32 0 -1 0 0 0 1 0 0 0 -1 32125.dat
1 72 -20 2 0 0 1 0 1 0 0 0 0 -1 87083.dat
1 0 -20 -4 0 -1 0 0 0 1 0 0 0 -1 4032b.dat
1 72 -20 -52 0 -1 0 0 0 1 0 0 0 -1 3942c.dat
1 72 -20 -95 0 1 0 0 0 -1 0 0 0 -1 4589.dat
1 36 -20 -174 0 -1 0 0 0 1 0 0 0 -1 4589.dat
1 0 -20 -118 0 -1 0 0 0 1 0 0 0 -1 30374.dat
1 0 -20 -119 0 1 0 0 0 -1 0 0 0 -1 577b.dat
1 72 -20 24 -30 0 0 1 0 1 0 -1 0 0 2412b.dat
1 72 -45.981 24 15 0.866025 0 0.5 0 1 0 -0.5 0 0.866025 3794b.dat
1 36 -45.981 16 15 0.866025 0 0.5 0 1 0 -0.5 0 0.866025 3024.dat
1 36 -45.981 16 15 -0.5 0 0.866025 0 1 0 -0.866025 0 -0.5 54200.dat
1 72 5.981 24 15 -0.866025 0 0.5 0 1 0 -0.5 0 -0.866025 3794b.dat
1 36 5.981 16 15 -0.866025 0 0.5 0 1 0 -0.5 0 -0.866025 3024.dat
1 36 5.981 16 15 -0.5 0 -0.866025 0 1 0 0.866025 0 -0.5 54200.dat
0
0
