0 FILE Echo Base.ldr
0 Echo Base
0 Name: Echo Base.ldr
0 Author: LDraw
0 Unofficial Model
0 ROTATION CENTER 0 0 0 1 "Custom" 
0 ROTATION CONFIG 0 0
1 0 -779 32 231 0 0 1 0 1 0 -1 0 0 Part 1.ldr
1 0 -888 -16 307 0.707107 0 0.707107 0 1 0 -0.707107 0 0.707107 Rebel.ldr
1 0 -904 -16 -54 0.707107 0 0.707107 0 1 0 -0.707107 0 0.707107 Rebel 2.ldr
1 0 -653.73 -16 -376.574 -0.382683 0 0.92388 0 1 0 -0.92388 0 -0.382683 Snowtrooper.ldr
1 0 -758 -16 -504.674 -0.707107 0 0.707107 0 1 0 -0.707107 0 -0.707107 Snowtrooper 2.ldr
1 0 -739 -16 445 0 0 1 0 1 0 -1 0 0 Han Solo.ldr
1 0 -359 -32 420 0 0 1 0 1 0 -1 0 0 Taun-Taun.ldr
1 0 -689.428 24 -242.809 -0.92388 0 0.382683 0 1 0 -0.382683 0 -0.92388 E-Web.ldr
0
0 FILE Rebel.ldr
0 Rebel
0 Name: Rebel.ldr
0 Author: LDraw
0 Unofficial Model
0 ROTATION CENTER 0 0 0 1 "Custom" 
0 ROTATION CONFIG 0 0
1 15 0 -27 0 1 0 0 0 1 0 0 0 1 30171.dat
1 15 0 -16 0 1 0 0 0 0.707107 0.707107 0 -0.707107 0.707107 30170.dat
1 78 0 -27 0 1 0 0 0 1 0 0 0 1 3626bp01.dat
1 15 0 0 0 1 0 0 0 1 0 0 0 1 2524.dat
1 19 0 0 0 1 0 0 0 1 0 0 0 1 973.dat
1 71 0 32 0 1 0 0 0 1 0 0 0 1 3815.dat
1 71 -15.552 9 0 0.985 -0.17 0 0.17 0.985 0 0 0 1 3818.dat
1 71 15.552 9 0 0.985 0.17 0 -0.17 0.985 0 0 0 1 3819.dat
1 15 -23.8634 26.5956 -10.321 0.985 -0.12019 0.12019 0.17 0.696395 -0.696395 0 0.707 0.707 3820.dat
1 15 23.8634 26.5956 -10.321 0.985 0.12019 -0.12019 -0.17 0.696395 -0.696395 0 0.707 0.707 3820.dat
1 0 -24.6826 31.3422 -19.2547 0.985 -0.0874983 0.14567 0.17 0.506976 -0.844031 0 0.856884 0.514696 58247.dat
1 15 0 44 0 1 0 0 0 1 0 0 0 1 3816.dat
1 15 0 44 0 1 0 0 0 1 0 0 0 1 3817.dat
0
0 FILE Rebel 2.ldr
0 Rebel 2
0 Name: Rebel 2.ldr
0 Author: LDraw
0 Unofficial Model
0 ROTATION CENTER 0 0 0 1 "Custom" 
0 ROTATION CONFIG 0 0
1 15 0 -27 0 1 0 0 0 1 0 0 0 1 30171.dat
1 15 0 -16 0 1 0 0 0 0.707107 0.707107 0 -0.707107 0.707107 30170.dat
1 78 0 -27 0 1 0 0 0 1 0 0 0 1 3626bp01.dat
1 15 0 0 0 1 0 0 0 1 0 0 0 1 2524.dat
1 19 0 0 0 1 0 0 0 1 0 0 0 1 973.dat
1 71 0 32 0 1 0 0 0 1 0 0 0 1 3815.dat
1 71 -15.552 9 0 0.985 -0.17 0 0.17 0.985 0 0 0 1 3818.dat
1 71 15.552 9 0 0.985 0.17 0 -0.17 0.985 0 0 0 1 3819.dat
1 15 -23.8634 26.5956 -10.321 0.985 -0.12019 0.12019 0.17 0.696395 -0.696395 0 0.707 0.707 3820.dat
1 15 23.8634 26.5956 -10.321 0.985 0.12019 -0.12019 -0.17 0.696395 -0.696395 0 0.707 0.707 3820.dat
1 0 -20.7161 25.7899 -32.4449 0.985 -0.0874983 0.14567 0.17 0.506976 -0.844031 0 0.856884 0.514696 57899.dat
1 15 0 44 0 1 0 0 0 1 0 0 0 1 3816.dat
1 15 0 44 0 1 0 0 0 1 0 0 0 1 3817.dat
0
0 FILE Snowtrooper.ldr
0 Snowtrooper
0 Name: Snowtrooper.ldr
0 Author: LDraw
0 Unofficial Model
0 ROTATION CENTER 0 0 0 1 "Custom" 
0 ROTATION CONFIG 0 0
1 15 0 -24 0 1 0 0 0 1 0 0 0 1 44360.dat
1 0 0 -24 0 1 0 0 0 1 0 0 0 1 3626b.dat
1 15 0 0 0 1 0 0 0 1 0 0 0 1 973.dat
1 71 0 32 0 1 0 0 0 1 0 0 0 1 3815.dat
1 15 -15.552 9 0 0.985 -0.17 0 0.17 0.985 0 0 0 1 3818.dat
1 15 15.552 9 0 0.985 0.17 0 -0.17 0.985 0 0 0 1 3819.dat
1 15 -23.8634 26.5956 -10.321 0.985 -0.12019 0.12019 0.17 0.696395 -0.696395 0 0.707 0.707 3820.dat
1 15 23.8634 26.5956 -10.321 0.985 0.12019 -0.12019 -0.17 0.696395 -0.696395 0 0.707 0.707 3820.dat
1 0 -24.6826 31.3422 -19.2547 0.985 -0.0874983 0.14567 0.17 0.506976 -0.844031 0 0.856884 0.514696 58247.dat
1 15 0 44 0 1 0 0 0 1 0 0 0 1 3816.dat
1 15 0 44 0 1 0 0 0 1 0 0 0 1 3817.dat
0
0 FILE Snowtrooper 2.ldr
0 Snowtrooper 2
0 Name: Snowtrooper 2.ldr
0 Author: LDraw
0 Unofficial Model
0 ROTATION CENTER 0 0 0 1 "Custom" 
0 ROTATION CONFIG 0 0
1 15 0 -24 0 1 0 0 0 1 0 0 0 1 44360.dat
1 0 0 -24 0 1 0 0 0 1 0 0 0 1 3626b.dat
1 15 0 0 0 1 0 0 0 1 0 0 0 1 973.dat
1 71 0 32 0 1 0 0 0 1 0 0 0 1 3815.dat
1 15 -15.552 9 0 0.985 -0.17 0 0.17 0.985 0 0 0 1 3818.dat
1 15 15.552 9 0 0.985 0.17 0 -0.17 0.985 0 0 0 1 3819.dat
1 15 -23.8634 26.5956 -10.321 0.985 -0.12019 0.12019 0.17 0.696395 -0.696395 0 0.707 0.707 3820.dat
1 15 23.8634 26.5956 -10.321 0.985 0.12019 -0.12019 -0.17 0.696395 -0.696395 0 0.707 0.707 3820.dat
1 15 0 44 0 1 0 0 0 1 0 0 0 1 3816.dat
1 15 0 44 0 1 0 0 0 1 0 0 0 1 3817.dat
0
0 FILE Han Solo.ldr
0 Han Solo
0 Name: Han Solo.ldr
0 Author: LDraw
0 Unofficial Model
0 ROTATION CENTER 0 0 0 1 "Custom" 
0 ROTATION CONFIG 0 0
1 272 0 -24 0 1 0 0 0 1 0 0 0 1 30287p01.dat
1 78 0 -24 0 1 0 0 0 1 0 0 0 1 3626bps5.dat
1 272 0 0 0 1 0 0 0 1 0 0 0 1 973.dat
1 272 0 32 0 1 0 0 0 1 0 0 0 1 3815.dat
1 272 -15.552 9 0 0.985 -0.17 0 0.17 0.985 0 0 0 1 3818.dat
1 272 15.552 9 0 0.985 0.17 0 -0.17 0.985 0 0 0 1 3819.dat
1 78 -23.8634 26.5956 -10.321 0.985 -0.12019 0.12019 0.17 0.696395 -0.696395 0 0.707 0.707 3820.dat
1 78 23.8634 26.5956 -10.321 0.985 0.12019 -0.12019 -0.17 0.696395 -0.696395 0 0.707 0.707 3820.dat
1 72 -29.7826 31.5062 -17.5409 0.985 0.14567 0.0874983 0.17 -0.844031 -0.506976 0 0.514696 -0.856884 30304.dat
1 19 0 44 0 1 0 0 0 1 0 0 0 1 3816ps5.dat
1 19 0 44 0 1 0 0 0 1 0 0 0 1 3817.dat
0
0 FILE Taun-Taun.ldr
0 Taun-Taun
0 Name: Taun-Taun.ldr
0 Author: LDraw
0 Unofficial Model
0 ROTATION CENTER 0 0 0 1 "Custom" 
0 ROTATION CONFIG 0 0
1 71 70 -56 -270 1 0 0 0 1 0 0 0 1 30457c01.dat
1 19 100 -56 -370 1 0 0 0 1 0 0 0 1 86057.dat
1 19 40 -56 -370 1 0 0 0 1 0 0 0 1 86058.dat
1 72 70 -48 -370 1 0 0 0 0.92388 -0.382683 0 0.382683 0.92388 86059.dat
1 70 70 -28 -296 1 0 0 0 1 0 0 0 1 4491b.dat
0
0 FILE E-Web.ldr
0 E-Web
0 Name: E-Web.ldr
0 Author: LDraw
0 Unofficial Model
0 ROTATION CENTER 0 0 0 1 "Custom" 
0 ROTATION CONFIG 0 0
1 72 10 0 0 0 0 1 0 1 0 -1 0 0 4733.dat
1 0 110 0 150 1 0 0 0 1 0 0 0 1 4070.dat
1 0 10 -16 10 1 0 0 0 1 0 0 0 1 4595.dat
1 71 10 -6 -10 1 0 0 0 0 1 0 -1 0 30374.dat
1 0 10 -6 -46 1 0 0 0 1 0 0 0 1 59443.dat
1 0 10 -6 -70 1 0 0 0 0 1 0 -1 0 4740.dat
1 72 10 -6 -78 1 0 0 0 0 1 0 -1 0 3062b.dat
1 0 10 -6 44 1 0 0 0 1 0 0 0 1 30031.dat
1 0 110 24 160 0 0 -1 0 1 0 1 0 0 3023.dat
1 72 110 -8 160 0 0 -1 0 1 0 1 0 0 2412b.dat
1 72 10 -24 10 0 0 -1 0 1 0 1 0 0 2412b.dat
1 72 -8 -6 20 0 1 0 0 0 1 1 0 0 4073.dat
1 72 28 -6 20 0 -1 0 0 0 -1 1 0 0 4073.dat
1 72 10 -6 38 0 0 -1 1 0 0 0 -1 0 2555.dat
1 0 110 0 170 0 0 -1 0 1 0 1 0 0 3005.dat
1 0 28 10 0 0 -1 0 0 0 1 -1 0 0 4592.dat
1 0 110 10 132 0 0 1 1 0 0 0 1 0 2488.dat
1 0 28 10 0 0 -0.848048 -0.529919 0 -0.529919 0.848048 -1 0 0 4593.dat
1 0 10 10 -18 -1 0 0 0 0 1 0 1 0 4592.dat
1 0 10 10 24 1 0 0 0 0 1 0 -1 0 48729.dat
1 0 10 10 -18 -1 0 0 0 -0.529919 0.848048 0 0.848048 0.529919 4593.dat
1 47 10 24 0 1 0 0 0 1 0 0 0 1 4740.dat
1 0 -8 10 0 0 1 0 0 0 1 1 0 0 4592.dat
1 0 -8 10 0 0 0.848048 0.529919 0 -0.529919 0.848048 1 0 0 4593.dat
0
0 FILE Part 1.ldr
0 Part 1
0 Name: Part 1.ldr
0 Author: LDraw
0 Unofficial Model
0 ROTATION CENTER 0 0 0 1 "Custom" 
0 ROTATION CONFIG 0 0
1 15 -30 16 0 1 0 0 0 1 0 0 0 1 2639.dat
1 15 210 16 0 0 0 -1 0 1 0 1 0 0 2639.dat
1 15 250 -144 0 0 0 -1 0 1 0 1 0 0 3022.dat
1 15 250 -144 40 0 0 -1 0 1 0 1 0 0 3022.dat
1 15 290 -144 -10 -1 0 0 0 1 0 0 0 -1 3023.dat
1 15 310 -144 20 1 0 0 0 1 0 0 0 1 2429.dat
1 15 310 -144 20 -1 0 0 0 1 0 0 0 -1 2430.dat
1 15 290 -144 50 -1 0 0 0 1 0 0 0 -1 3023.dat
1 15 270 -152 50 -1 0 0 0 1 0 0 0 -1 2431.dat
1 15 270 -152 30 -1 0 0 0 1 0 0 0 -1 2431.dat
1 72 270 16 20 0 0 -1 0 1 0 1 0 0 3031.dat
1 15 90 16 -40 1 0 0 0 1 0 0 0 1 3958.dat
1 15 90 -16 0 1 0 0 0 1 0 0 0 1 3068b.dat
1 15 290 -16 40 1 0 0 0 1 0 0 0 1 3068b.dat
1 15 250 -16 40 1 0 0 0 1 0 0 0 1 3068b.dat
1 71 270 -16 0 1 0 0 0 1 0 0 0 1 3020.dat
1 71 251.521 -176 12.346 -0.92388 0 0.382683 0 1 0 -0.382683 0 -0.92388 Part 2.ldr
1 71 270 -152 0 1 0 0 0 1 0 0 0 1 3020.dat
1 0 270 -160 20 1 0 0 0 1 0 0 0 1 61485.dat
1 72 150 -16 10 1 0 0 0 1 0 0 0 1 2412b.dat
1 72 30 -16 10 1 0 0 0 1 0 0 0 1 2412b.dat
1 15 -30 -40 40 1 0 0 0 1 0 0 0 1 3068b.dat
1 15 0 -32 -20 0 0 1 0 1 0 -1 0 0 3678b.dat
1 15 180 -32 -20 0 0 -1 0 1 0 1 0 0 3678b.dat
1 15 30 -32 -50 1 0 0 0 1 0 0 0 1 3678b.dat
1 15 60 -8 -50 1 0 0 0 1 0 0 0 1 3040b.dat
1 15 60 -32 -50 0 0 -1 0 1 0 1 0 0 3005.dat
1 15 90 -56 -50 -1 0 0 0 1 0 0 0 -1 3009.dat
1 15 160 -56 -30 0 0 1 0 1 0 -1 0 0 2357.dat
1 15 20 -56 -30 -1 0 0 0 1 0 0 0 -1 2357.dat
1 19 120 -32 -50 1 0 0 0 1 0 0 0 1 4070.dat
1 19 300 -8 -10 1 0 0 0 1 0 0 0 1 4070.dat
1 19 240 -8 -10 1 0 0 0 1 0 0 0 1 4070.dat
0 SYNTH BEGIN HOSE_FLEXIBLE_12L 0
0 1 19 240 2 0 1 0 0 0 0 -1 0 1 0 LS02.dat
0 1 19 240 2 -20 1 0 0 0 0 -1 0 1 0 LS02.dat
0 1 19 200 -10 -110 0 0.95882 0.284015 0 0.284015 -0.95882 -1 0 0 LS02.dat
0 1 19 120 -22 -60 -1 0 0 0 0 -1 0 -1 0 LS02.dat
0 1 19 120 -22 -40 -1 0 0 0 0 -1 0 -1 0 LS02.dat
0 SYNTH SHOW
0 SYNTH SYNTHESIZED BEGIN
1 0 240 2 0 1 0 0 0 0 -1 0 -1 0 759.dat
1 0 239.998 1.9994 -16.9529 0.9997 -0.0007 0.0237 0.0237 -0.0002 -0.9997 -0.0007 -1 0.0002 758.dat
1 0 239.893 1.9668 -24.1318 0.9988 -0.0341 0.036 0.0357 -0.0105 -0.9993 -0.0344 -0.9994 0.0093 758.dat
1 0 239.52 1.8522 -31.2759 0.9959 -0.0766 0.0488 0.0471 -0.0236 -0.9986 -0.0777 -0.9968 0.0199 758.dat
1 0 238.862 1.65 -38.3998 0.9917 -0.1131 0.0617 0.0581 -0.0347 -0.9977 -0.1149 -0.993 0.0278 758.dat
1 0 237.953 1.3716 -45.4574 0.9862 -0.1475 0.0747 0.0688 -0.0451 -0.9966 -0.1504 -0.988 0.0343 758.dat
1 0 236.788 1.0159 -52.5457 0.9793 -0.1821 0.088 0.0791 -0.0555 -0.9953 -0.1861 -0.9817 0.04 758.dat
1 0 235.379 0.587 -59.5235 0.9706 -0.2185 0.1013 0.0888 -0.0664 -0.9938 -0.2239 -0.9736 0.0451 758.dat
1 0 233.696 0.0759 -66.4549 0.9591 -0.2585 0.115 0.0978 -0.0784 -0.9921 -0.2655 -0.9628 0.0499 758.dat
1 0 231.709 -0.5257 -73.2962 0.9438 -0.3042 0.129 0.1057 -0.092 -0.9901 -0.3131 -0.9482 0.0547 758.dat
1 0 229.365 -1.2338 -80.0359 0.9226 -0.3581 0.1435 0.1118 -0.108 -0.9878 -0.3692 -0.9274 0.0596 758.dat
1 0 226.606 -2.065 -86.581 0.8918 -0.4235 0.1589 0.115 -0.1274 -0.9852 -0.4375 -0.8969 0.0649 758.dat
1 0 223.338 -3.0466 -92.8326 0.8445 -0.5059 0.1757 0.1133 -0.1518 -0.9819 -0.5234 -0.8491 0.0708 758.dat
1 0 219.391 -4.229 -98.6877 0.767 -0.6113 0.1949 0.1027 -0.1829 -0.9778 -0.6333 -0.77 0.0774 758.dat
1 0 214.632 -5.6506 -103.781 0.6346 -0.7414 0.2181 0.0758 -0.2211 -0.9723 -0.7691 -0.6336 0.0842 758.dat
1 0 208.945 -7.3444 -107.607 0.4136 -0.8765 0.2463 0.0225 -0.2606 -0.9652 -0.9102 -0.4048 0.0881 758.dat
1 0 202.44 -9.2721 -109.581 0.1171 -0.9545 0.2741 -0.0527 -0.2816 -0.9581 -0.9917 -0.0977 0.0833 758.dat
1 0 195.614 -11.1776 -109.783 -0.0466 -0.9662 0.2536 -0.0854 -0.249 -0.9647 -0.9953 0.0667 0.0709 758.dat
1 0 188.687 -12.8505 -109.079 -0.125 -0.967 0.2221 -0.0916 -0.2117 -0.973 -0.9879 0.142 0.0622 758.dat
1 0 181.816 -14.2742 -107.88 -0.1899 -0.9615 0.1985 -0.0926 -0.1837 -0.9786 -0.9774 0.2043 0.0542 758.dat
1 0 174.968 -15.5219 -106.251 -0.2481 -0.952 0.1795 -0.0908 -0.1616 -0.9827 -0.9645 0.2601 0.0464 758.dat
1 0 168.17 -16.6279 -104.224 -0.3029 -0.9389 0.1634 -0.0873 -0.1434 -0.9858 -0.949 0.3128 0.0386 758.dat
1 0 161.532 -17.6029 -101.837 -0.3572 -0.922 0.1493 -0.083 -0.1278 -0.9883 -0.9303 0.3654 0.0309 758.dat
1 0 154.972 -18.4801 -99.0466 -0.4135 -0.9003 0.1363 -0.0782 -0.1141 -0.9904 -0.9072 0.4202 0.0233 758.dat
1 0 148.652 -19.2537 -95.8796 -0.4738 -0.8718 0.1242 -0.0734 -0.1014 -0.9921 -0.8776 0.4792 0.0159 758.dat
1 0 142.527 -19.943 -92.2509 -0.541 -0.8335 0.1123 -0.0687 -0.0892 -0.9936 -0.8382 0.5452 0.009 758.dat
1 0 136.723 -20.5449 -88.1224 -0.6175 -0.7801 0.1004 -0.0644 -0.077 -0.9949 -0.7839 0.6209 0.0026 758.dat
1 0 131.387 -21.0559 -83.4253 -0.7062 -0.7025 0.0881 -0.0606 -0.064 -0.9961 -0.7054 0.7088 -0.0026 758.dat
1 0 126.679 -21.4727 -78.0266 -0.8062 -0.5868 0.0753 -0.0572 -0.0494 -0.9971 -0.5889 0.8082 -0.0063 758.dat
1 0 123.028 -21.7719 -71.9832 -0.9078 -0.4149 0.0619 -0.0534 -0.0323 -0.9981 -0.4161 0.9093 -0.0071 758.dat
1 0 120.762 -21.9451 -65.2391 -0.9827 -0.1789 0.0484 -0.0468 -0.0129 -0.9988 -0.1793 0.9838 -0.0043 758.dat
1 0 120.016 -21.9989 -58.1966 -0.9993 -0.0039 0.036 -0.036 -0.0003 -0.9994 -0.0039 1 -0.0001 758.dat
1 0 120 -22 -51.0467 -0.9997 -0.0001 0.0238 -0.0238 -0 -0.9997 -0.0001 1 -0 758.dat
1 0 119.998 -22.0002 -50 -1 0.0001 -0 0 0 -1 -0.0001 -1 -0 759.dat
0 SYNTH SYNTHESIZED END
0 SYNTH END
1 70 100 16 -10 -1 0 0 0 1 0 0 0 -1 54200.dat
1 70 80 16 -10 -1 0 0 0 1 0 0 0 -1 54200.dat
1 15 0 -56 -30 0 0 1 0 1 0 -1 0 0 54200.dat
1 15 100 -56 -50 0 0 1 0 1 0 -1 0 0 54200.dat
1 15 20 -56 -50 0 0 -1 0 1 0 1 0 0 54200.dat
1 15 180 -56 -30 0 0 -1 0 1 0 1 0 0 54200.dat
1 70 40 -8 0 0 0 1 0 1 0 -1 0 0 3700.dat
1 70 90 -8 0 1 0 0 0 1 0 0 0 1 30157.dat
1 70 140 -8 0 0 0 1 0 1 0 -1 0 0 3700.dat
1 15 90 -32 -50 1 0 0 0 1 0 0 0 1 3678b.dat
1 15 150 -32 -50 1 0 0 0 1 0 0 0 1 3678b.dat
1 15 120 -8 -50 1 0 0 0 1 0 0 0 1 3040b.dat
1 15 20 -8 10 0 0 1 0 1 0 -1 0 0 3040b.dat
1 15 240 -8 20 0 0 1 0 1 0 -1 0 0 3039.dat
1 15 270 -8 -10 1 0 0 0 1 0 0 0 1 3039.dat
1 15 300 -8 20 0 0 -1 0 1 0 1 0 0 3039.dat
1 15 270 -8 50 -1 0 0 0 1 0 0 0 -1 3039.dat
1 15 270 -136 20 1 0 0 0 1 0 0 0 1 85941.dat
1 15 270 -136 20 -1 0 0 0 1 0 0 0 -1 85941.dat
1 15 160 -8 10 0 0 -1 0 1 0 1 0 0 3040b.dat
1 15 -10 16 -60 0 0 1 0 1 0 -1 0 0 30503.dat
1 15 190 16 -60 1 0 0 0 1 0 0 0 1 30503.dat
1 72 -30 8 40 0 0 1 0 1 0 -1 0 0 61780.dat
0
0 FILE Part 2.ldr
0 Part 2
0 Name: Part 2.ldr
0 Author: LDraw
0 Unofficial Model
0 ROTATION CENTER 0 0 0 1 "Custom" 
0 ROTATION CONFIG 0 0
1 71 -20 8 0 1 0 0 0 1 0 0 0 1 60474.dat
1 71 -20 -14 100 0 0 1 0 -1 0 1 0 0 62462.dat
1 71 -20 -14 171 0 0 1 0 -1 0 1 0 0 62462.dat
1 71 -20 -14 120 0 0 1 1 0 0 0 1 0 577b.dat
1 71 -50 -13 59 0 0 1 0 -1 0 1 0 0 61184.dat
1 71 10 -13 59 0 0 1 0 -1 0 1 0 0 61184.dat
1 15 -50 -14 84 0 0 1 -1 0 0 0 -1 0 4589.dat
1 15 10 -14 84 0 0 1 -1 0 0 0 -1 0 4589.dat
1 15 -20 0 -40 1 0 0 0 1 0 0 0 1 32059.dat
1 15 -20 -14 -95 0 0 -1 -1 0 0 0 1 0 32449.dat
1 43 -50 -14 -40 0 0 1 -1 0 0 0 -1 0 58176.dat
1 43 10 -14 -40 0 0 1 -1 0 0 0 -1 0 58176.dat
1 15 -20 0 40 -1 0 0 0 1 0 0 0 -1 32059.dat
1 15 48 -14 0 0 -1 0 0 0 -1 1 0 0 3023.dat
1 15 64 -14 -30 0 -1 0 1 0 0 0 0 1 50950.dat
1 15 64 -14 30 0 -1 0 -1 0 0 0 0 -1 50950.dat
1 15 -88 -14 0 0 1 0 0 0 1 1 0 0 3023.dat
1 15 -104 -14 -30 0 1 0 -1 0 0 0 0 1 50950.dat
1 15 -104 -14 30 0 1 0 1 0 0 0 0 -1 50950.dat
1 15 -70 -24 50 0 0 1 0 1 0 -1 0 0 3005.dat
1 15 -70 -32 0 0 0 1 0 1 0 -1 0 0 6636.dat
1 15 -20 -32 60 0 0 1 0 1 0 -1 0 0 3068b.dat
1 15 -20 -48 -4 0 0 1 0 1 0 -1 0 0 3960.dat
1 15 -10 -24 -4 1 0 0 0 0.224951 0.97437 0 -0.97437 0.224951 30377.dat
1 15 -30 -24 -4 1 0 0 0 0.224951 0.97437 0 -0.97437 0.224951 30377.dat
1 71 -20 -24 -4 0 0 -1 0 -1 0 -1 0 0 4697b.dat
1 15 30 -32 0 0 0 1 0 1 0 -1 0 0 6636.dat
1 15 10 -32 0 0 0 1 0 1 0 -1 0 0 6636.dat
1 15 -50 -32 0 0 0 1 0 1 0 -1 0 0 6636.dat
1 15 -70 -24 -50 -1 0 0 0 1 0 0 0 -1 3005.dat
1 15 30 -24 50 -1 0 0 0 1 0 0 0 -1 3005.dat
1 15 30 -24 -50 -1 0 0 0 1 0 0 0 -1 3005.dat
1 15 -20 -24 70 -1 0 0 0 1 0 0 0 -1 2458.dat
1 71 30 -24 0 0 0 -1 0 1 0 1 0 0 30414.dat
1 71 -50 -24 -50 -1 0 0 0 1 0 0 0 -1 6541.dat
1 71 10 -24 -50 -1 0 0 0 1 0 0 0 -1 6541.dat
1 71 -50 -24 50 -1 0 0 0 1 0 0 0 -1 6541.dat
1 71 10 -24 50 -1 0 0 0 1 0 0 0 -1 6541.dat
1 19 -20 -24 50 1 0 0 0 1 0 0 0 1 3039.dat
1 72 -20 -32 -50 1 0 0 0 1 0 0 0 1 2432.dat
1 72 -50 -14 -70 0 0 -1 0 1 0 1 0 0 6587.dat
1 72 10 -14 -70 0 0 -1 0 1 0 1 0 0 6587.dat
1 71 -70 -24 0 0 0 1 0 1 0 -1 0 0 30414.dat
0 
0 
0
0
