0 FILE Ewok Attack.ldr
0 Ewok Attack
0 Name: Ewok Attack.ldr
0 Author: R Paluczak
0 Unofficial Model
0 ROTATION CENTER 0 0 0 1 "Custom" 
0 ROTATION CONFIG 0 0
1 0 111 37 -70 1 0 0 0 1 0 0 0 1 Paploo.ldr
1 0 -52 37 20 1 0 0 0 1 0 0 0 1 Wicket.ldr
1 0 -85 21 -90 1 0 0 0 1 0 0 0 1 Scout Trooper.ldr
1 0 -247 21 0 1 0 0 0 1 0 0 0 1 Stormtrooper.ldr
1 0 92.1 81 195.9 1 0 0 0 1 0 0 0 1 Catapult.ldr
1 0 -410 76 350 0.258819 0 -0.965926 0 1 0 0.965926 0 0.258819 Speeder Bike.ldr
1 0 -269.394 -132 394.178 1 0 0 0 1 0 0 0 1 Glider.ldr
0
0 FILE Paploo.ldr
0 Paploo
0 Name: Paploo.ldr
0 Author: R Paluczak
0 Unofficial Model
0 ROTATION CENTER 0 0 0 1 "Custom" 
0 ROTATION CONFIG 0 0
1 6 0 0 0 1 0 0 0 1 0 0 0 1 64805.dat
1 6 0 0 0 1 0 0 0 1 0 0 0 1 973.dat
1 6 0 32 0 1 0 0 0 1 0 0 0 1 41879.dat
1 6 -15.552 9 0 0.985 -0.17 0 0.17 0.985 0 0 0 1 3818.dat
1 6 15.552 9 0 0.985 0.17 0 -0.17 0.985 0 0 0 1 3819.dat
1 6 -23.8634 26.5956 -10.321 0.985 -0.12019 0.12019 0.17 0.696395 -0.696395 0 0.707 0.707 3820.dat
1 6 23.8634 26.5956 -10.321 0.985 0.12019 -0.12019 -0.17 0.696395 -0.696395 0 0.707 0.707 3820.dat
0
0 FILE Wicket.ldr
0 Wicket
0 Name: Wicket.ldr
0 Author: R Paluczak
0 Unofficial Model
0 ROTATION CENTER 0 0 0 1 "Custom" 
0 ROTATION CONFIG 0 0
1 19 0 0 0 1 0 0 0 1 0 0 0 1 64805.dat
1 6 0 0 0 1 0 0 0 1 0 0 0 1 973.dat
1 6 0 32 0 1 0 0 0 1 0 0 0 1 41879.dat
1 6 -15.552 9 0 0.985 -0.17 0 0.17 0.985 0 0 0 1 3818.dat
1 6 15.552 9 0 0.985 0.17 0 -0.17 0.985 0 0 0 1 3819.dat
1 6 -23.8634 26.5956 -10.321 0.985 -0.12019 0.12019 0.17 0.696395 -0.696395 0 0.707 0.707 3820.dat
1 6 23.8634 26.5956 -10.321 0.985 0.12019 -0.12019 -0.17 0.696395 -0.696395 0 0.707 0.707 3820.dat
1 0 -25.0326 33.3701 -15.8271 0.14567 -0.0874983 -0.985 -0.844031 0.506976 -0.17 0.514696 0.856884 0 4499.dat
0
0 FILE Scout Trooper.ldr
0 Scout Trooper
0 Name: Scout Trooper.ldr
0 Author: R Paluczak
0 Unofficial Model
0 ROTATION CENTER 0 0 0 1 "Custom" 
0 ROTATION CONFIG 0 0
1 15 0 -24 0 1 0 0 0 1 0 0 0 1 30369.dat
1 0 0 -24 0 1 0 0 0 1 0 0 0 1 3626bpse.dat
1 15 0 0 0 1 0 0 0 1 0 0 0 1 973pse.dat
1 0 0 32 0 1 0 0 0 1 0 0 0 1 3815.dat
1 15 -15.552 9 0 0.985 -0.17 0 0.17 0.985 0 0 0 1 3818.dat
1 15 15.552 9 0 0.985 0.17 0 -0.17 0.985 0 0 0 1 3819.dat
1 0 -23.8634 26.5956 -10.321 0.985 -0.12019 0.12019 0.17 0.696395 -0.696395 0 0.707 0.707 3820.dat
1 0 23.8634 26.5956 -10.321 0.985 0.12019 -0.12019 -0.17 0.696395 -0.696395 0 0.707 0.707 3820.dat
1 15 0 44 0 1 0 0 0 1 0 0 0 1 3816.dat
1 15 0 44 0 1 0 0 0 1 0 0 0 1 3817.dat
0
0 FILE Stormtrooper.ldr
0 Stormtrooper
0 Name: Stormtrooper.ldr
0 Author: R Paluczak
0 Unofficial Model
0 ROTATION CENTER 0 0 0 1 "Custom" 
0 ROTATION CONFIG 0 0
1 15 0 -24 0 1 0 0 0 1 0 0 0 1 30408p01.dat
1 14 0 -24 0 1 0 0 0 1 0 0 0 1 3626b.dat
1 15 0 0 0 1 0 0 0 1 0 0 0 1 973psk.dat
1 0 0 32 0 1 0 0 0 1 0 0 0 1 3815.dat
1 15 -15.552 9 0 0.985 -0.17 0 0.17 0.985 0 0 0 1 3818.dat
1 15 15.552 9 0 0.985 0.17 0 -0.17 0.985 0 0 0 1 3819.dat
1 0 -23.8634 26.5956 -10.321 0.985 -0.12019 0.12019 0.17 0.696395 -0.696395 0 0.707 0.707 3820.dat
1 0 23.8634 26.5956 -10.321 0.985 0.12019 -0.12019 -0.17 0.696395 -0.696395 0 0.707 0.707 3820.dat
1 0 -23.545 24.752 -30.394 -0.951437 0.306295 -0.00749356 0.135782 0.443697 0.885218 0.274693 0.841574 -0.463522 4349.dat
1 38 -24.061 48.23 -42.887 -0.891859 0.0434103 -0.449099 -0.242434 -0.885209 0.395269 -0.380706 0.462008 0.80037 6141.dat
1 15 0 44 0 1 0 0 0 1 0 0 0 1 3816.dat
1 15 0 44 0 1 0 0 0 1 0 0 0 1 3817.dat
0
0 FILE Glider.ldr
0 Glider
0 Name: Glider.ldr
0 Author: R Paluczak
0 Unofficial Model
0 ROTATION CENTER 0 0 0 1 "Custom" 
0 ROTATION CONFIG 0 0
1 6 -9.997 -16.02 0 0 -0.190809 0.981627 0 -0.981627 -0.190809 1 0 0 32016.dat
1 0 -20.461 -13.089 0 0 0.981627 -0.190809 0 -0.190809 -0.981627 -1 0 0 2614.dat
1 0 0.747 -13.282 0 0 -0.978148 0.207912 0 -0.207912 -0.978148 1 0 0 2614.dat
1 0 -9.9 -16 -40 0 -0.999391 0.0348995 0 -0.0348995 -0.999391 1 0 0 3706.dat
1 0 -9.9 40 -20 0 -1 0 -1 0 0 0 0 -1 32062.dat
1 47 -10.9 190 -30 -1 0 0 0 0 1 0 1 0 30359a.dat
1 47 -11 210.2 -20.2 -1 0 0 0 1 0 0 0 -1 3960.dat
1 0 -10.1 3.9 -20 1 0 0 0 0 -1 0 1 0 32174.dat
1 8 -10 5.9 -80.1 1 0 0 0 1 0 0 0 1 32530.dat
1 7 -10.1 -26.1 -40 1 0 0 0 1 0 0 0 1 32064a.dat
1 7 -10.1 -26.1 -60 1 0 0 0 1 0 0 0 1 32064a.dat
1 0 0 -34.1 -60 0 0 -1 0 1 0 1 0 0 6019.dat
1 0 0 -34.1 -40 0 0 -1 0 1 0 1 0 0 6019.dat
1 0 -20 -34.1 -40 0 0 1 0 1 0 -1 0 0 6019.dat
1 0 -20 -34.1 -60 0 0 1 0 1 0 -1 0 0 6019.dat
1 0 0 6.7 50 0 0 -1 0 1 0 1 0 0 6019.dat
1 0 -20 6.7 50 0 0 1 0 1 0 -1 0 0 6019.dat
1 6 -10 14.7 50 1 0 0 0 1 0 0 0 1 3023.dat
1 6 -10 -1.1 50 -1 0 0 0 1 0 0 0 -1 2436a.dat
1 6 -10 8.9 96 1 0 0 0 0 1 0 -1 0 2432.dat
1 6 -10 -42.1 -50 0 0 1 0 1 0 -1 0 0 3022.dat
1 6 -10 13.9 -80 -1 0 0 0 1 0 0 0 -1 3839b.dat
1 0 -36 20.2 -66.1 1 0 0 0 0 -1 0 1 0 4735.dat
1 0 15.9 20.2 -66.1 1 0 0 0 0 -1 0 1 0 4735.dat
1 0 20.938 7.161 33.9 -0.978148 0.207912 0 -0.207912 -0.978148 0 0 0 1 3849.dat
1 7 -9.9 -16.1 15 0 -1 0 1 0 0 0 0 1 32123b.dat
1 7 -9.9 -16.1 -95 0 -1 0 1 0 0 0 0 1 32123b.dat
1 7 0 7.9 80 0 -1 0 1 0 0 0 0 1 3062b.dat
1 7 -10 26 -20 1 0 0 0 1 0 0 0 1 32474.dat
1 0 -41.137 6.861 33.9 -0.97437 -0.224951 0 0.224951 -0.97437 0 0 0 1 3849.dat
0
0 FILE Catapult.ldr
0 Catapult
0 Name: Catapult.ldr
0 Author: R Paluczak
0 Unofficial Model
0 
0 ROTATION CENTER 0 0 0 1 "Custom" 
0 ROTATION CONFIG 0 0
1 8 -80.001 4 170 -1 0 0 0 1 0 0 0 -1 3034.dat
1 8 -80.001 -28 150 -1 0 0 0 1 0 0 0 -1 3034.dat
1 7 -120 -52 150 -1 0 0 0 1 0 0 0 -1 3003.dat
1 8 -110 -76 150 0 0 1 0 1 0 -1 0 0 3004.dat
1 8 -60 -76 150 -1 0 0 0 1 0 0 0 -1 6232.dat
1 7 -50 -52 150 -1 0 0 0 1 0 0 0 -1 3002.dat
1 7 23.999 -33.001 9.356 0 -1 0 -0.5 0 -0.866025 0.866025 0 -0.5 4733.dat
1 6 14 -16 -20.09 1 0 0 0 -0.5 -0.866025 0 0.866025 -0.5 3062b.dat
1 6 14.001 -62.446 -7.645 1 0 0 0 0.866025 -0.5 0 0.5 0.866025 3062b.dat
1 6 14 -50 38.8 1 0 0 0 0.5 0.866025 0 -0.866025 0.5 3062b.dat
1 6 13.999 -3.555 26.355 1 0 0 0 -0.866025 0.5 0 -0.5 -0.866025 3062b.dat
1 7 -184.001 -33.001 9.356 0 1 0 -0.866025 0 -0.5 -0.5 0 0.866025 4733.dat
1 6 -174.003 -3.555 26.356 -1 0 0 0 -0.866025 -0.5 0 -0.5 0.866025 3062b.dat
1 6 -174.003 -50.001 38.802 -1 0 0 0 0.5 -0.866025 0 -0.866025 -0.5 3062b.dat
1 6 -174.003 -62.444 -7.644 -1 0 0 0 0.866025 0.5 0 0.5 -0.866025 3062b.dat
1 6 -174.001 -16 -20.089 -1 0 0 0 -0.5 0.866025 0 0.866025 0.5 3062b.dat
1 7 -50 -12 -80 -1 0 0 0 1 0 0 0 -1 3941.dat
1 7 -100 -12 -100 -1 0 0 0 1 0 0 0 -1 3941.dat
1 8 -150 -28 180 -1 0 0 0 1 0 0 0 -1 6141.dat
1 8 -10 -28 180 -1 0 0 0 1 0 0 0 -1 6141.dat
1 8 -80 4 10 -1 0 0 0 1 0 0 0 -1 3034.dat
1 6 -10 -20 90 0 0 -1 0 1 0 1 0 0 6111.dat
1 6 -10 -52 160 -1 0 0 0 1 0 0 0 -1 3040b.dat
1 6 -130 -76 150 0 0 1 0 1 0 -1 0 0 3039.dat
1 6 -30 -76 150 0 0 -1 0 1 0 1 0 0 3039.dat
1 6 -120 -84 150 0 0 -1 0 1 0 1 0 0 3022.dat
1 6 -50 -84 150 -1 0 0 0 1 0 0 0 -1 3021.dat
1 6 -90 -75.8 147.4 -1 0 0 0 0.965926 0.258819 0 0.258819 -0.965926 30275.dat
1 2 -10 -52 140 0.866025 0 0.5 0 1 0 -0.5 0 0.866025 30176.dat
1 2 -150 -52 140 -0.866025 0 0.5 0 1 0 -0.5 0 -0.866025 30176.dat
1 6 -150 -52 160 -1 0 0 0 1 0 0 0 -1 3040b.dat
1 6 -150 -20 90 0 0 -1 0 1 0 1 0 0 6111.dat
1 6 -150 -44 10 0 0 -1 0 1 0 1 0 0 3700.dat
1 6 -10 -44 10 0 0 -1 0 1 0 1 0 0 3700.dat
1 7 0 -34 10 1 0 0 0 1 0 0 0 1 4274.dat
1 7 -160 -34 10 -1 0 0 0 1 0 0 0 -1 4274.dat
1 6 -40.001 -20 160 -1 0 0 0 1 0 0 0 -1 30136.dat
1 6 -120.001 -20 160 -1 0 0 0 1 0 0 0 -1 30136.dat
0
0 FILE Speeder Bike.ldr
0 Speeder Bike
0 Name: Speeder Bike.ldr
0 Author: R Paluczak
0 Unofficial Model
0 ROTATION CENTER 0 0 0 1 "Custom" 
0 ROTATION CONFIG 0 0
1 7 -100 -4 0 1 0 0 0 1 0 0 0 1 3023.dat
1 7 -100 -9.8 -153.901 1 0 0 0 0 1 0 -1 0 6141.dat
1 6 -100 -20 0 1 0 0 0 1 0 0 0 1 3023.dat
1 6 -100 -20 -20 -1 0 0 0 1 0 0 0 -1 3839b.dat
1 6 -100 -36 30 -1 0 0 0 1 0 0 0 -1 41862.dat
1 8 -100 -44 40 -1 0 0 0 1 0 0 0 -1 3794b.dat
1 0 -100 -68 -60 -1 0 0 0 1 0 0 0 -1 3794b.dat
1 0 -100 4 0 -1 0 0 0 1 0 0 0 -1 3710.dat
1 8 -130 12 2 1 0 0 0 1 0 0 0 1 6120.dat
1 8 -70 12 2 1 0 0 0 1 0 0 0 1 6120.dat
1 0 -100 -84 -60 1 0 0 0 1 0 0 0 1 30031.dat
1 0 -130 -12 -80 -1 0 0 0 -1 0 0 0 1 4349.dat
1 8 -100 -76 -60 0 0 1 0 1 0 -1 0 0 2555.dat
1 0 -100 -9.8 -145.9 0 0 1 -1 0 0 0 -1 0 2555.dat
1 8 -100 -44 40 1 0 0 0 1 0 0 0 1 2524.dat
1 8 -100 -44 20 -1 0 0 0 1 0 0 0 -1 2412b.dat
1 6 -100 -20 -60 0 0 1 0 1 0 -1 0 0 3021.dat
1 6 -100 -36 -60 0 0 1 0 1 0 -1 0 0 3021.dat
1 6 -100 -60 -20 -1 0 0 0 1 0 0 0 -1 2432.dat
1 6 -90 -60 -50 1 0 0 0 1 0 0 0 1 41748.dat
1 6 -109.9 -26 -270 -0.5 0 0.866025 0.866025 0 0.5 0 1 0 30259.dat
1 6 -110 -60 -50 1 0 0 0 1 0 0 0 1 41747.dat
1 6 -100 -4 -110 1 0 0 0 1 0 0 0 1 4032a.dat
1 8 -100 -12 -120 1 0 0 0 1 0 0 0 1 2540.dat
1 8 -100 -12 -50 0 0 -1 0 1 0 1 0 0 3795.dat
1 8 -100 -28 -10 0 0 -1 0 1 0 1 0 0 3795.dat
1 8 -90 -28 -80 0 0 -1 0 1 0 1 0 0 4085b.dat
1 8 -110 -28 -80 0 0 1 0 1 0 -1 0 0 4085b.dat
1 8 -90 -36 -110 1 0 0 0 1 0 0 0 1 30359a.dat
1 8 -110 -36 -110 1 0 0 0 1 0 0 0 1 30359a.dat
1 0 -109.987 -26.05 -249.999 0.866025 0 -0.5 0.5 0 0.866025 0 -1 0 2433.dat
1 6 -89.9 -26 -270 -0.5 0 -0.866025 -0.866025 0 0.5 0 1 0 30259.dat
1 0 -89.813 -26.05 -249.999 -0.866025 0 -0.5 0.5 0 -0.866025 0 -1 0 2433.dat
0 
0 
0
0
