0 FILE Final Duel I.ldr
0 Final Duel I
0 Name: Final Duel I.ldr
0 Author: LDraw
0 Unofficial Model
0 ROTATION CENTER 0 0 0 1 "Custom" 
0 ROTATION CONFIG 0 0
1 8 -50 8 0 1 0 0 0 1 0 0 0 1 3958.dat
1 8 -61.48 -32 -12.283 0.92388 0 -0.382683 0 1 0 0.382683 0 0.92388 3004.dat
1 8 -29.937 -32 -10.042 -0.382683 0 -0.92388 0 1 0 0.92388 0 -0.382683 3023.dat
1 8 -85.37 -32 -33.003 -0.382683 0 -0.92388 0 1 0 0.92388 0 -0.382683 3023.dat
1 0 -50 -16 40 1 0 0 0 1 0 0 0 1 2456.dat
1 0 -50 -144 30 1 0 0 0 1 0 0 0 1 6636.dat
1 0 -50 -24 -40 0.382683 0 0.92388 0 1 0 -0.92388 0 0.382683 4854.dat
1 7 -14.63 -32 -46.997 0.382683 0 0.92388 0 1 0 -0.92388 0 0.382683 3069bps1.dat
1 7 -70.063 -32 -69.958 -0.382683 0 -0.92388 0 1 0 0.92388 0 -0.382683 3069bps1.dat
1 0 -70.719 -104 -16.111 0.382683 0 0.92388 0 1 0 -0.92388 0 0.382683 4460b.dat
1 0 -52.243 -104 -8.457 -0.382683 0 -0.92388 0 1 0 0.92388 0 -0.382683 4460b.dat
1 0 -57.653 -112 -21.522 -0.382683 0 -0.92388 0 1 0 0.92388 0 -0.382683 3068b.dat
1 0 -100 -40 30 1 0 0 0 1 0 0 0 1 3005.dat
1 0 0 -40 30 1 0 0 0 1 0 0 0 1 3005.dat
1 0 -100 -136 30 1 0 0 0 1 0 0 0 1 3005.dat
1 0 0 -136 30 1 0 0 0 1 0 0 0 1 3005.dat
1 40 -50 -136 40 -1 0 0 0 1 0 0 0 -1 30366ps1.dat
1 0 -50 0 -40 1 0 0 0 1 0 0 0 1 3680.dat
1 7 -50 0 -40 0.382683 0 0.92388 0 1 0 -0.92388 0 0.382683 3679.dat
1 7 -155.474 -56 -42.752 0.92388 0 -0.382683 0 1 0 0.382683 0 0.92388 Darth Vader.ldr
1 7 65.328 -56 -27.06 1 0 0 0 1 0 0 0 1 Palpatine.ldr
0
0 FILE Darth Vader.ldr
0 Darth Vader
0 Name: Darth Vader.ldr
0 Author: LDraw
0 Unofficial Model
0 ROTATION CENTER 0 0 0 1 "Custom" 
0 ROTATION CONFIG 0 0
1 0 0 -26.5 0 1 0 0 0 1 0 0 0 1 30368.dat
1 7 0 -25 0 1 0 0 0 1 0 0 0 1 3626bps7.dat
1 0 0 -2 0 1 0 0 0 1 0 0 0 1 522.dat
1 0 0 0 0 1 0 0 0 1 0 0 0 1 973ps7.dat
1 0 0 32 0 1 0 0 0 1 0 0 0 1 3815.dat
1 0 -15.552 9 0 0.985 -0.17 0 0.17 0.985 0 0 0 1 3818.dat
1 0 15.552 9 0 0.985 0.17 0 -0.17 0.985 0 0 0 1 3819.dat
1 0 -23.8634 26.5956 -10.321 0.985 -0.12019 0.12019 0.17 0.696395 -0.696395 0 0.707 0.707 3820.dat
1 0 23.8634 26.5956 -10.321 0.985 0.12019 -0.12019 -0.17 0.696395 -0.696395 0 0.707 0.707 3820.dat
1 36 -23.1951 22.7236 -33.8217 0.985 -0.0874983 0.14567 0.17 0.506976 -0.844031 0 0.856884 0.514696 577bc01.dat
1 0 0 44 0 1 0 0 0 1 0 0 0 1 3816.dat
1 0 0 44 0 1 0 0 0 1 0 0 0 1 3817.dat
0
0 FILE Palpatine.ldr
0 Palpatine
0 Name: Palpatine.ldr
0 Author: LDraw
0 Unofficial Model
0 ROTATION CENTER 0 0 0 1 "Custom" 
0 ROTATION CONFIG 0 0
1 0 0 -27 0 1 0 0 0 1 0 0 0 1 30381.dat
1 14 0 -27 0 1 0 0 0 1 0 0 0 1 3626cpb9.dat
1 0 0 -2 0 1 0 0 0 1 0 0 0 1 522.dat
1 0 0 0 0 1 0 0 0 1 0 0 0 1 973pr2.dat
1 0 0 32 0 1 0 0 0 1 0 0 0 1 3815.dat
1 0 -15.552 9 0 0.985 -0.17 0 0.17 0.985 0 0 0 1 3818.dat
1 0 15.552 9 0 0.985 0.17 0 -0.17 0.985 0 0 0 1 3819.dat
1 14 -23.8634 26.5956 -10.321 0.985 -0.12019 0.12019 0.17 0.696395 -0.696395 0 0.707 0.707 3820.dat
1 14 23.8634 26.5956 -10.321 0.985 0.12019 -0.12019 -0.17 0.696395 -0.696395 0 0.707 0.707 3820.dat
1 0 -25.9951 38.9468 -6.40139 0.985 0.0874983 -0.14567 0.17 -0.506976 0.844031 0 -0.856884 -0.514696 30374.dat
1 0 0 44 0 1 0 0 0 1 0 0 0 1 3816.dat
1 0 0 44 0 1 0 0 0 1 0 0 0 1 3817.dat
0
0
