0 FILE General Greivous Chase.ldr
0 General Greivous Chase
0 Name: General Greivous Chase.ldr
0 Author: R Paluczak
0 Unofficial Model
0 ROTATION CENTER 0 0 0 1 "Custom" 
0 ROTATION CONFIG 0 0
1 0 -730.732 -72 -369.404 0 0 1 0 1 0 -1 0 0 Part 2.ldr
1 0 -575.068 56 155.664 0.707107 0 0.707107 0 1 0 -0.707107 0 0.707107 Part 1.ldr
1 0 -744.774 24 -150.703 0.382683 0 0.92388 0 1 0 -0.92388 0 0.382683 General Greivous.ldr
1 0 -761.666 46 36.862 0.382683 0 0.92388 0 1 0 -0.92388 0 0.382683 Obi-Wan Kenobi.ldr
0
0 FILE Obi-Wan Kenobi.ldr
0 Obi-Wan Kenobi
0 Name: Obi-Wan Kenobi.ldr
0 Author: R Paluczak
0 Unofficial Model
0 ROTATION CENTER 0 0 0 1 "Custom" 
0 ROTATION CONFIG 0 0
1 484 0 -26 0 1 0 0 0 1 0 0 0 1 3901.dat
1 78 0 -26 0 1 0 0 0 1 0 0 0 1 3626bps9.dat
1 70 0 -2 0 1 0 0 0 1 0 0 0 1 522.dat
1 19 0 0 0 1 0 0 0 1 0 0 0 1 973pr3.dat
1 19 0 32 0 1 0 0 0 1 0 0 0 1 3815.dat
1 19 -15.552 9 0 0.985 -0.17 0 0.17 0.985 0 0 0 1 3818.dat
1 19 15.552 9 0 0.985 0.17 0 -0.17 0.985 0 0 0 1 3819.dat
1 78 -23.8634 26.5956 -10.321 0.985 -0.12019 0.12019 0.17 0.696395 -0.696395 0 0.707 0.707 3820.dat
1 78 23.8634 26.5956 -10.321 0.985 0.12019 -0.12019 -0.17 0.696395 -0.696395 0 0.707 0.707 3820.dat
1 43 -23.1951 22.7236 -33.8217 0.985 -0.0874983 0.14567 0.17 0.506976 -0.844031 0 0.856884 0.514696 577c01.dat
1 484 0 44 0 1 0 0 0 1 0 0 0 1 3816.dat
1 484 0 44 0 1 0 0 0 1 0 0 0 1 3817.dat
0
0 FILE General Greivous.ldr
0 General Greivous
0 Name: General Greivous.ldr
0 Author: R Paluczak
0 Unofficial Model
0 ROTATION CENTER 0 0 0 1 "Custom" 
0 ROTATION CONFIG 0 0
1 70 0 -2 0 1 0 0 0 1 0 0 0 1 522.dat
1 15 0 40 0 1 0 0 0 1 0 0 0 1 87566.dat
1 15 0 0 0 1 0 0 0 0.382683 -0.92388 0 0.92388 0.382683 87567.dat
1 15 10 40 0 1 0 0 0 1 0 0 0 1 87569.dat
1 15 -10 40 0 1 0 0 0 1 0 0 0 1 87569.dat
1 15 20 8 0 0.980785 0.13795 0.13795 -0.19509 0.69352 0.69352 0 -0.707107 0.707107 87568.dat
1 43 25.518 35.74 -28.284 0.980785 0.13795 -0.13795 -0.19509 0.69352 -0.69352 0 0.707107 0.707107 577c03.dat
1 15 -20 8 0 0.980785 -0.13795 -0.13795 0.19509 0.69352 0.69352 0 -0.707107 0.707107 87568.dat
1 42 -25.518 35.74 -28.284 0.980785 -0.13795 0.13795 0.19509 0.69352 -0.69352 0 0.707107 0.707107 577c03.dat
1 15 23.121 23.693 0 -0.19509 0.906128 0.37533 -0.980785 -0.18024 -0.0746577 0 -0.382683 0.92388 87568.dat
1 42 59.364 16.483 -15.308 -0.19509 0.37533 -0.906128 -0.980785 -0.0746577 0.18024 0 0.92388 0.382683 577c03.dat
1 15 -23.121 23.693 0 -0.19509 -0.906128 -0.37533 0.980785 -0.18024 -0.0746577 0 -0.382683 0.92388 87568.dat
1 43 -59.364 16.483 -15.308 -0.19509 -0.37533 0.906128 0.980785 -0.0746577 0.18024 0 0.92388 0.382683 577c03.dat
0 
0
0 FILE Part 1.ldr
0 Part 1
0 Name: Part 1.ldr
0 Author: R Paluczak
0 Unofficial Model
0 ROTATION CENTER 0 0 0 1 "Custom" 
0 ROTATION CONFIG 0 0
1 19 -20 0 0 1 0 0 0 1 0 0 0 1 3020.dat
1 19 0 -24 -10 1 0 0 0 1 0 0 0 1 3660.dat
1 19 0 -24 10 -1 0 0 0 1 0 0 0 -1 3660.dat
1 19 -40 -24 -10 1 0 0 0 1 0 0 0 1 3660.dat
1 19 -40 -24 10 -1 0 0 0 1 0 0 0 -1 3660.dat
1 288 -20 -48 0 0 0 1 0 1 0 -1 0 0 3001.dat
1 288 -50 -48 0 0 0 1 0 1 0 -1 0 0 3701.dat
1 288 10 -48 0 0 0 1 0 1 0 -1 0 0 3701.dat
1 0 20 -38 -20 1 0 0 0 1 0 0 0 1 2780.dat
1 0 -60 -38 20 -1 0 0 0 1 0 0 0 -1 2780.dat
1 288 -20 -72 20 1 0 0 0 1 0 0 0 1 3001.dat
1 288 20 -72 0 0 0 1 0 1 0 -1 0 0 40373.dat
1 378 -120 -32 0 0 0 1 0 1 0 -1 0 0 40397.dat
1 378 80 -32 0 0 0 -1 0 1 0 1 0 0 40397.dat
1 288 20 -72 0 0 0 1 0 1 0 -1 0 0 40374.dat
1 288 -60 -72 0 0 0 -1 0 1 0 1 0 0 40373.dat
1 288 -60 -72 0 0 0 -1 0 1 0 1 0 0 40374.dat
1 288 -120 -40 0 0 0 1 0 1 0 -1 0 0 40375.dat
1 1 -180 -40 0 -1 0 0 0 1 0 0 0 -1 43093.dat
1 288 -180 -56 0 0 0 1 0 1 0 -1 0 0 51344.dat
1 288 80 -40 0 0 0 -1 0 1 0 1 0 0 40375.dat
1 288 140 -40 0 0 0 1 0 1 0 -1 0 0 40395.dat
1 288 279 -40 -61 -0.707107 0 0.707107 0 1 0 -0.707107 0 -0.707107 40378.dat
1 72 363.369 -75.563 -145 -0.5 -0.707107 0.5 -0.707107 0 -0.707107 0.5 -0.707107 -0.5 40379.dat
1 288 -20 -72 -20 1 0 0 0 1 0 0 0 1 3001.dat
1 72 -50 -80 -20 1 0 0 0 1 0 0 0 1 3021.dat
1 70 -30 -112 0 0 0 1 0 1 0 -1 0 0 2432.dat
1 70 -60 -120 0 -1 0 0 0 -1 0 0 0 1 30191c01.dat
1 70 -70 -88 30 0 0 1 0 1 0 -1 0 0 2555.dat
1 70 -70 -88 -30 0 0 1 0 1 0 -1 0 0 2555.dat
1 70 -40 -104 -30 1 0 0 0 1 0 0 0 1 4865b.dat
1 70 -40 -104 30 -1 0 0 0 1 0 0 0 -1 4865b.dat
1 72 -50 -80 20 1 0 0 0 1 0 0 0 1 3021.dat
1 72 10 -96 -10 1 0 0 0 1 0 0 0 1 3038.dat
1 72 10 -96 10 -1 0 0 0 1 0 0 0 -1 3038.dat
0
0 FILE Part 2.ldr
0 Part 2
0 Name: Part 2.ldr
0 Author: R Paluczak
0 Unofficial Model
0 ROTATION CENTER 0 0 0 1 "Custom" 
0 ROTATION CONFIG 0 0
1 0 30 16 0 1 0 0 0 1 0 0 0 1 3737.dat
1 0 -20 36 -20 0 0 -1 0 1 0 1 0 0 32062.dat
1 0 -20 36 20 0 0 -1 0 1 0 1 0 0 32062.dat
1 0 -40 -4 -10 0 0 -1 0 1 0 1 0 0 2780.dat
1 71 -40 -4 14 0.707107 0 -0.707107 -0.707107 0 -0.707107 0 1 0 4095.dat
1 72 -35.758 0.243 -118 0.707107 0.707107 0 0.707107 -0.707107 0 0 0 -1 30162.dat
1 72 -35.758 -28.243 -118 -0.707107 0.707107 0 0.707107 0.707107 0 0 0 -1 30162.dat
1 71 -40 -24 14 -0.707107 0 -0.707107 -0.707107 0 0.707107 0 1 0 4095.dat
1 0 -40 -24 -10 0 0 -1 0 1 0 1 0 0 2780.dat
1 135 -40 -4 0 1 0 0 0 -1 0 0 0 -1 42003.dat
1 0 42 36 -10 0 0 1 0 -1 0 1 0 0 2780.dat
1 72 42 30.001 -84 0 -1 0 -1 0 0 0 0 -1 30162.dat
1 72 42 61.999 -84 0 -1 0 -1 0 0 0 0 -1 30162.dat
1 71 42 56 -71 1 0 0 0 0 -1 0 1 0 30374.dat
1 71 42 36 -71 1 0 0 0 0 -1 0 1 0 30374.dat
1 0 42 56 -10 0 0 1 0 -1 0 1 0 0 2780.dat
1 135 42 36 0 -1 0 0 0 1 0 0 0 -1 42003.dat
1 135 -20 36 0 0 -1 0 0 0 -1 1 0 0 32174.dat
1 71 -5 16 0 0 0 -1 0 1 0 1 0 0 32123a.dat
1 71 89 16 0 0 0 -1 0 1 0 1 0 0 32123a.dat
1 71 22 16 0 0 0 -1 0 1 0 1 0 0 3713.dat
1 71 62 16 0 0 0 -1 0 1 0 1 0 0 3713.dat
1 47 4 16 0 0 1 0 0 0 1 1 0 0 50990.dat
1 47 80 16 0 0 -1 0 0 0 1 -1 0 0 50990.dat
1 379 -20 56 -30 -1 0 0 0 0 -1 0 -1 0 32174.dat
1 379 -20 56 30 -1 0 0 0 0 -1 0 -1 0 32174.dat
1 0 104 36 -20 0 0 -1 0 1 0 1 0 0 32062.dat
1 0 124 56 30 -1 0 0 0 1 0 0 0 -1 32062.dat
1 0 154 56 20 0 0 1 0 1 0 -1 0 0 32062.dat
1 0 104 36 20 0 0 -1 0 1 0 1 0 0 32062.dat
1 135 104 36 0 0 -1 0 0 0 -1 1 0 0 32174.dat
1 135 134 56 30 0 0 -1 0 -1 0 -1 0 0 32039.dat
1 379 104 56 -30 -1 0 0 0 0 -1 0 -1 0 32174.dat
1 379 104 56 30 -1 0 0 0 0 -1 0 -1 0 32174.dat
1 71 104 78 32 0 1 0 0 0 -1 -1 0 0 32476.dat
1 72 104 190 142 1 0 0 0 -1 0 0 0 -1 30228.dat
1 71 -20 78 32 0 1 0 0 0 -1 -1 0 0 32476.dat
1 72 -20 190 142 1 0 0 0 -1 0 0 0 -1 30228.dat
1 71 -20 78 -32 0 -1 0 0 0 -1 1 0 0 32476.dat
1 72 -20 190 -142 -1 0 0 0 -1 0 0 0 1 30228.dat
1 71 104 78 -32 0 -1 0 0 0 -1 1 0 0 32476.dat
1 71 154 56 12 1 0 0 0 0 -1 0 1 0 4032a.dat
1 71 154 56 4 1 0 0 0 0 -1 0 1 0 4032a.dat
1 72 154 56 -4 -1 0 0 0 0 1 0 1 0 3176.dat
1 379 154 76 -42 1 0 0 0 1 0 0 0 1 4598.dat
1 72 154 68 -62 1 0 0 0 1 0 0 0 1 2540.dat
1 72 154 32 -101 1 0 0 0 1 0 0 0 1 30031.dat
1 71 154 69 -83 1 0 0 0 -0.707107 0.707107 0 -0.707107 -0.707107 30377.dat
1 71 154 26 -4 -1 0 0 0 0 -1 0 -1 0 4073.dat
1 72 104 190 -142 -1 0 0 0 -1 0 0 0 1 30228.dat
0
0
