0 FILE Geonosian Cannon.ldr
0 Geonosian Cannon
0 Name: Geonosian Cannon.ldr
0 Author: LDraw
0 Unofficial Model
0 ROTATION CENTER 0 0 0 1 "Custom" 
0 ROTATION CONFIG 0 0
1 0 0 24 0 -0.92388 0 -0.382683 0 1 0 0.382683 0 -0.92388 Part 4.ldr
1 0 -70 8 -110 0 0 1 0 1 0 -1 0 0 Geo Zombie.ldr
1 0 -26 8 -220 0 0 1 0 1 0 -1 0 0 Geonosian.ldr
1 0 -130 8 390 0 0 1 0 1 0 -1 0 0 Clone.ldr
1 0 -100 8 300 0 0 1 0 1 0 -1 0 0 Bariss.ldr
0
0 FILE Bariss.ldr
0 Bariss
0 Name: Bariss.ldr
0 Author: LDraw
0 Unofficial Model
0 ROTATION CENTER 0 0 0 1 "Custom" 
0 ROTATION CONFIG 0 0
1 272 0 -27 0 1 0 0 0 1 0 0 0 1 30381.dat
1 19 0 -27 0 1 0 0 0 1 0 0 0 1 3626bp01.dat
1 272 0 -2 0 1 0 0 0 1 0 0 0 1 522.dat
1 0 0 0 0 1 0 0 0 1 0 0 0 1 973.dat
1 0 0 32 0 1 0 0 0 1 0 0 0 1 3815.dat
1 0 -15.552 9 0 0.985 -0.17 0 0.17 0.985 0 0 0 1 3818.dat
1 0 15.552 9 0 0.985 0.17 0 -0.17 0.985 0 0 0 1 3819.dat
1 19 -23.8634 26.5956 -10.321 0.985 -0.12019 0.12019 0.17 0.696395 -0.696395 0 0.707 0.707 3820.dat
1 19 23.8634 26.5956 -10.321 0.985 0.12019 -0.12019 -0.17 0.696395 -0.696395 0 0.707 0.707 3820.dat
1 43 -23.1951 22.7236 -33.8217 0.985 -0.0874983 0.14567 0.17 0.506976 -0.844031 0 0.856884 0.514696 577bc01.dat
1 0 0 44 0 1 0 0 0 1 0 0 0 1 3816.dat
1 0 0 44 0 1 0 0 0 1 0 0 0 1 3817.dat
0
0 FILE Clone.ldr
0 Clone
0 Name: Clone.ldr
0 Author: LDraw
0 Unofficial Model
0 ROTATION CENTER 0 0 0 1 "Custom" 
0 ROTATION CONFIG 0 0
1 15 0 -24 0 1 0 0 0 1 0 0 0 1 30408p01.dat
1 78 0 -24 0 1 0 0 0 1 0 0 0 1 3626bp01.dat
1 15 0 0 0 1 0 0 0 1 0 0 0 1 973.dat
1 0 0 32 0 1 0 0 0 1 0 0 0 1 3815.dat
1 15 -15.552 9 0 0.985 -0.17 0 0.17 0.985 0 0 0 1 3818.dat
1 15 15.552 9 0 0.985 0.17 0 -0.17 0.985 0 0 0 1 3819.dat
1 0 -23.8634 26.5956 -10.321 0.985 -0.12019 0.12019 0.17 0.696395 -0.696395 0 0.707 0.707 3820.dat
1 0 23.8634 26.5956 -10.321 0.985 0.12019 -0.12019 -0.17 0.696395 -0.696395 0 0.707 0.707 3820.dat
1 0 -24.6826 31.3422 -19.2547 0.985 -0.0874983 0.14567 0.17 0.506976 -0.844031 0 0.856884 0.514696 58247.dat
1 15 0 44 0 1 0 0 0 1 0 0 0 1 3816.dat
1 15 0 44 0 1 0 0 0 1 0 0 0 1 3817.dat
0
0 FILE Geonosian.ldr
0 Geonosian
0 Name: Geonosian.ldr
0 Author: LDraw
0 Unofficial Model
0 ROTATION CENTER 0 0 0 1 "Custom" 
0 ROTATION CONFIG 0 0
1 28 0 0 0 1 0 0 0 1 0 0 0 1 85947.dat
1 28 0 0 0 1 0 0 0 1 0 0 0 1 973.dat
1 0 0 32 0 1 0 0 0 1 0 0 0 1 3815.dat
1 28 -15.552 9 0 0.985 -0.17 0 0.17 0.985 0 0 0 1 3818.dat
1 28 15.552 9 0 0.985 0.17 0 -0.17 0.985 0 0 0 1 3819.dat
1 72 -23.8634 26.5956 -10.321 0.985 -0.12019 0.12019 0.17 0.696395 -0.696395 0 0.707 0.707 3820.dat
1 72 23.8634 26.5956 -10.321 0.985 0.12019 -0.12019 -0.17 0.696395 -0.696395 0 0.707 0.707 3820.dat
1 80 -24.5951 30.8352 -20.1115 0.985 -0.0874983 0.14567 0.17 0.506976 -0.844031 0 0.856884 0.514696 87993.dat
1 71 -27.42 45.777 -59.716 0.985 -0.0874983 0.14567 0.163617 0.720534 -0.672632 -0.0461449 0.687099 0.724476 42610.dat
1 42 -28.794 53.061 -67.251 0.985 -0.0874983 0.14567 -0.0461449 0.687099 0.724476 -0.163617 -0.720534 0.672632 4073.dat
1 28 0 44 0 1 0 0 0 1 0 0 0 1 3816.dat
1 28 0 44 0 1 0 0 0 1 0 0 0 1 3817.dat
0
0 FILE Geo Zombie.ldr
0 Geo Zombie
0 Name: Geo Zombie.ldr
0 Author: LDraw
0 Unofficial Model
0 ROTATION CENTER 0 0 0 1 "Custom" 
0 ROTATION CONFIG 0 0
1 72 0 0 0 1 0 0 0 1 0 0 0 1 85947.dat
1 72 0 0 0 1 0 0 0 1 0 0 0 1 973.dat
1 0 0 32 0 1 0 0 0 1 0 0 0 1 3815.dat
1 72 -15.552 9 0 0.985 -0.17 0 0.17 0.985 0 0 0 1 3818.dat
1 72 15.552 9 0 0.985 0.17 0 -0.17 0.985 0 0 0 1 3819.dat
1 72 -23.8634 26.5956 -10.321 0.985 -0.12019 0.12019 0.17 0.696395 -0.696395 0 0.707 0.707 3820.dat
1 72 23.8634 26.5956 -10.321 0.985 0.12019 -0.12019 -0.17 0.696395 -0.696395 0 0.707 0.707 3820.dat
1 80 -24.5951 30.8352 -20.1115 0.985 -0.0874983 0.14567 0.17 0.506976 -0.844031 0 0.856884 0.514696 87993.dat
1 71 -27.42 45.777 -59.716 0.985 -0.0874983 0.14567 0.163617 0.720534 -0.672632 -0.0461449 0.687099 0.724476 42610.dat
1 42 -28.794 53.061 -67.251 0.985 -0.0874983 0.14567 -0.0461449 0.687099 0.724476 -0.163617 -0.720534 0.672632 4073.dat
1 72 0 44 0 1 0 0 0 1 0 0 0 1 3816.dat
1 72 0 44 0 1 0 0 0 1 0 0 0 1 3817.dat
0
0 FILE Part 1.ldr
0 Part 1
0 Name: Part 1.ldr
0 Author: LDraw
0 Unofficial Model
0 ROTATION CENTER 0 0 0 1 "Custom" 
0 ROTATION CONFIG 0 0
1 70 -10 0 0 1 0 0 0 1 0 0 0 1 3032.dat
1 70 -10 -32 -20 1 0 0 0 1 0 0 0 1 3034.dat
1 70 -10 -104 -30 1 0 0 0 1 0 0 0 1 3023.dat
1 70 -10 -48 -20 0 0 -1 0 1 0 1 0 0 3020.dat
1 70 -10 -120 -20 -1 0 0 0 1 0 0 0 -1 47753.dat
1 70 -10 -76 28 -1 0 0 0 0 -1 0 -1 0 30165.dat
1 0 -10 -56 -30 0 0 -1 0 1 0 1 0 0 3021.dat
1 0 0 -76 36 -1 0 0 0 0 -1 0 -1 0 4592.dat
1 0 0 -76 36 -1 0 0 0 0.92388 -0.382683 0 -0.382683 -0.92388 4593.dat
1 0 -20 -76 36 -1 0 0 0 0 -1 0 -1 0 4592.dat
1 0 -20 -76 36 -1 0 0 0 0.92388 -0.382683 0 -0.382683 -0.92388 4593.dat
1 0 -10 -88 -30 0 0 -1 0 1 0 1 0 0 3021.dat
1 70 30 -32 40 0 0 -1 0 1 0 1 0 0 30565.dat
1 70 -50 -32 40 -1 0 0 0 1 0 0 0 -1 30565.dat
1 72 -10 -40 -10 1 0 0 0 1 0 0 0 1 3666.dat
1 72 -10 -96 -10 -1 0 0 0 1 0 0 0 -1 44728.dat
1 42 -20 -96 -30 -1 0 0 0 1 0 0 0 -1 4073.dat
1 42 0 -96 -30 -1 0 0 0 1 0 0 0 -1 4073.dat
1 72 -10 -40 -40 1 0 0 0 1 0 0 0 1 3795.dat
1 72 -10 -40 30 -1 0 0 0 1 0 0 0 -1 2419.dat
1 72 -10 8 30 1 0 0 0 1 0 0 0 1 4510.dat
1 72 -30 8 -20 1 0 0 0 1 0 0 0 1 2654.dat
1 72 10 8 -20 1 0 0 0 1 0 0 0 1 2654.dat
1 70 -60 -24 0 0 0 -1 0 1 0 1 0 0 3700.dat
1 70 -20 -80 -20 0 0 -1 0 1 0 1 0 0 3700.dat
1 70 0 -80 -20 0 0 -1 0 1 0 1 0 0 3700.dat
1 70 -10 -80 -50 -1 0 0 0 1 0 0 0 -1 3700.dat
1 71 -10 -112 -50 -1 0 0 0 1 0 0 0 -1 32064b.dat
1 70 40 -24 0 0 0 -1 0 1 0 1 0 0 3700.dat
1 72 -10 -24 30 -1 0 0 0 1 0 0 0 -1 3894.dat
1 72 -30 -14 60 0 0 1 0 1 0 -1 0 0 87083.dat
1 71 -10 -102 -110 0 0 1 0 1 0 -1 0 0 44294.dat
1 1 -10 -102 -198 0 0 -1 0 1 0 1 0 0 43093.dat
1 71 -10 -102 -208 -1 0 0 0 1 0 0 0 -1 42610.dat
1 71 -10 -102 -244 -0.707107 0.707107 0 -0.707107 -0.707107 0 0 0 1 32187.dat
1 71 -10 -102 -68 0 0 1 1 0 0 0 1 0 4032b.dat
1 71 -10 -102 -148 0 0 1 1 0 0 0 1 0 4032b.dat
1 71 -31.214 -123.213 -138 0.707107 -0.596368 -0.379928 -0.707107 -0.596368 -0.379928 0 0.5373 -0.843391 30377.dat
1 72 -61.962 -153.962 -97.089 0.707107 0.408103 -0.577453 -0.707107 0.408103 -0.577453 0 0.816642 0.577145 2540.dat
1 71 11.213 -123.214 -138 0.707107 0.596368 0.379928 0.707107 -0.596368 -0.379928 0 0.5373 -0.843391 30377.dat
1 72 41.962 -153.962 -97.089 0.707107 -0.408103 0.577453 0.707107 0.408103 -0.577453 0 0.816642 0.577145 2540.dat
1 71 -31.213 -80.786 -138 -0.707107 -0.596368 -0.379928 -0.707107 0.596368 0.379928 0 0.5373 -0.843391 30377.dat
1 72 -61.962 -50.038 -97.089 -0.707107 0.408103 -0.577453 -0.707107 -0.408103 0.577453 0 0.816642 0.577145 2540.dat
1 0 -10 -102 -140 -1 0 0 0 0 1 0 1 0 30033.dat
1 71 11.214 -80.787 -138 -0.707107 0.596368 0.379928 0.707107 0.596368 0.379928 0 0.5373 -0.843391 30377.dat
1 72 41.962 -50.038 -97.089 -0.707107 -0.408103 0.577453 0.707107 -0.408103 0.577453 0 0.816642 0.577145 2540.dat
1 484 -10 -102 -76 0 0 1 1 0 0 0 1 0 4032b.dat
1 484 -10 -102 -108 0 0 1 1 0 0 0 1 0 44375a.dat
1 484 -10 -102 -156 0 0 1 1 0 0 0 1 0 44375a.dat
1 484 -10 -102 -196 0 0 1 1 0 0 0 1 0 4032b.dat
1 72 -11 -102 -164 0 0 1 1 0 0 0 1 0 60474.dat
1 70 -10 -102 -84 0 0 1 1 0 0 0 1 0 3961.dat
1 484 -10 -102 -92 0 0 1 1 0 0 0 1 0 4032b.dat
1 70 -10 -102 -100 0 0 1 1 0 0 0 1 0 3961.dat
1 70 -10 -102 -132 0 0 1 1 0 0 0 1 0 6143.dat
1 70 -10 -102 -188 0 0 1 1 0 0 0 1 0 6143.dat
1 70 -10 -102 -219 0 0 -1 1 0 0 0 -1 0 4740.dat
1 70 -10 -102 -227 0 0 -1 1 0 0 0 -1 0 4740.dat
1 72 10 -14 60 0 0 1 0 1 0 -1 0 0 87083.dat
1 71 -10 -14 -40 0 0 1 0 1 0 -1 0 0 61184.dat
1 71 -30 -70 -20 0 -1 0 0 0 1 -1 0 0 4740.dat
1 71 10 -70 -20 0 1 0 0 0 1 1 0 0 4740.dat
1 71 -30 -14 -40 0 0 1 0 1 0 -1 0 0 61184.dat
1 71 10 -14 -40 0 0 1 0 1 0 -1 0 0 61184.dat
1 42 -30 -14 -64 0 0 1 1 0 0 0 1 0 4589.dat
1 42 10 -14 -64 0 0 1 1 0 0 0 1 0 4589.dat
1 42 -10 -102 -267 0 0 1 1 0 0 0 1 0 4073.dat
1 0 10 -14 100 1 0 0 0 1 0 0 0 1 59443.dat
1 0 -30 -14 100 1 0 0 0 1 0 0 0 1 59443.dat
1 72 -10 -24 -30 -1 0 0 0 1 0 0 0 -1 3894.dat
1 71 -10 -102 -260 0 0 1 0 1 0 -1 0 0 61184.dat
0
0 FILE Part 2.ldr
0 Part 2
0 Name: Part 2.ldr
0 Author: LDraw
0 Unofficial Model
0 ROTATION CENTER 0 0 0 1 "Custom" 
0 ROTATION CONFIG 0 0
1 0 20 24 0 1 0 0 0 1 0 0 0 1 2445.dat
1 0 10 -16 0 1 0 0 0 1 0 0 0 1 3021.dat
1 71 -20 0 -10 1 0 0 0 1 0 0 0 1 3701.dat
1 72 -20 -30 -30 1 0 0 0 0 1 0 -1 0 60484.dat
1 0 -40 10 -20 0 0 -1 0 1 0 1 0 0 2780.dat
1 0 -20 -30 -40 0 0 -1 0 1 0 1 0 0 2780.dat
1 0 0 10 -20 0 0 -1 0 1 0 1 0 0 2780.dat
1 484 40 0 10 0 0 -1 0 1 0 1 0 0 41748.dat
1 484 20 -8 0 0 0 -1 0 1 0 1 0 0 3022.dat
1 484 -20 -8 0 0 0 -1 0 1 0 1 0 0 3022.dat
1 484 40 0 -10 0 0 -1 0 1 0 1 0 0 41747.dat
1 484 -40 -24 -10 0 0 1 0 1 0 -1 0 0 61678.dat
1 484 -40 -24 10 0 0 1 0 1 0 -1 0 0 61678.dat
1 70 -20 0 10 -1 0 0 0 1 0 0 0 -1 3037.dat
1 70 -70 0 0 0 0 1 0 1 0 -1 0 0 47759.dat
1 70 50 -48 0 0 0 -1 0 1 0 1 0 0 3678b.dat
1 70 30 -48 0 0 0 1 0 1 0 -1 0 0 3039.dat
1 484 20 -24 0 0 0 -1 0 1 0 1 0 0 3022.dat
1 484 40 -56 0 0 0 -1 0 1 0 1 0 0 3022.dat
0
0 FILE Part 3.ldr
0 Part 3
0 Name: Part 3.ldr
0 Author: LDraw
0 Unofficial Model
0 ROTATION CENTER 0 0 0 1 "Custom" 
0 ROTATION CONFIG 0 0
1 0 20 24 0 1 0 0 0 1 0 0 0 1 2445.dat
1 0 10 -16 0 1 0 0 0 1 0 0 0 1 3021.dat
1 71 -20 0 10 -1 0 0 0 1 0 0 0 -1 3701.dat
1 72 -20 -30 30 -1 0 0 0 0 1 0 1 0 60484.dat
1 0 0 10 20 0 0 1 0 1 0 -1 0 0 2780.dat
1 0 -20 -30 40 0 0 1 0 1 0 -1 0 0 2780.dat
1 0 -40 10 20 0 0 1 0 1 0 -1 0 0 2780.dat
1 484 40 0 10 0 0 -1 0 1 0 1 0 0 41748.dat
1 484 20 -8 0 0 0 -1 0 1 0 1 0 0 3022.dat
1 484 -20 -8 0 0 0 -1 0 1 0 1 0 0 3022.dat
1 484 40 0 -10 0 0 -1 0 1 0 1 0 0 41747.dat
1 484 -40 -24 -10 0 0 1 0 1 0 -1 0 0 61678.dat
1 484 -40 -24 10 0 0 1 0 1 0 -1 0 0 61678.dat
1 70 -20 0 -10 1 0 0 0 1 0 0 0 1 3037.dat
1 70 -70 0 0 0 0 1 0 1 0 -1 0 0 47759.dat
1 70 50 -48 0 0 0 -1 0 1 0 1 0 0 3678b.dat
1 70 30 -48 0 0 0 1 0 1 0 -1 0 0 3039.dat
1 484 20 -24 0 0 0 -1 0 1 0 1 0 0 3022.dat
1 484 40 -56 0 0 0 -1 0 1 0 1 0 0 3022.dat
0
0 FILE Part 4.ldr
0 Part 4
0 Name: Part 4.ldr
0 Author: LDraw
0 Unofficial Model
0 ROTATION CENTER 0 0 0 1 "Custom" 
0 ROTATION CONFIG 0 0
1 0 -20 24 0 1 0 0 0 1 0 0 0 1 Part 2.ldr
1 0 -20 24 -200 1 0 0 0 1 0 0 0 1 Part 3.ldr
1 0 -34.642 6.934 -90 0 0.382683 -0.92388 0 0.92388 0.382683 1 0 0 Part 1.ldr
0
0
