0 FILE Home One.ldr
0 Home One
0 Name: Home One.ldr
0 Author: R Paluczak
0 Unofficial Model
0 ROTATION CENTER 0 0 0 1 "Custom" 
0 ROTATION CONFIG 0 0
1 0 90 8 -219 0.92388 0 0.382683 0 1 0 -0.382683 0 0.92388 A-Wing.ldr
1 0 20 8 130 1 0 0 0 1 0 0 0 1 Crix Madine.ldr
1 0 -340 8 -210 0 0 -1 0 1 0 1 0 0 Lando Calrissian.ldr
1 0 -400 8 50 0 0 -1 0 1 0 1 0 0 A-Wing Pilot.ldr
1 0 120 8 160 1 0 0 0 1 0 0 0 1 Admiral Ackbar.ldr
1 0 250 8 180 1 0 0 0 1 0 0 0 1 Mon Cal Officer.ldr
1 0 -520 8 20 0 0 -1 0 1 0 1 0 0 Mon Mothma.ldr
1 0 -170 64 890 1 0 0 0 1 0 0 0 1 Hangar.ldr
1 0 -730 48 610 1 0 0 0 1 0 0 0 1 Control Center.ldr
0
0 FILE A-Wing Pilot.ldr
0 A-Wing Pilot
0 Name: A-Wing Pilot.ldr
0 Author: R Paluczak
0 Unofficial Model
0 ROTATION CENTER 0 0 0 1 "Custom" 
0 ROTATION CONFIG 0 0
1 72 0 -24 0 1 0 0 0 1 0 0 0 1 2446.dat
1 46 0 -22.1 4.6 1 0 0 0 0.707107 0.707107 0 -0.707107 0.707107 2447.dat
1 78 0 -24 0 1 0 0 0 1 0 0 0 1 3626bp01.dat
1 2 0 0 0 1 0 0 0 1 0 0 0 1 973ps0.dat
1 0 0 32 0 1 0 0 0 1 0 0 0 1 3815.dat
1 2 -15.552 9 0 0.985 -0.17 0 0.17 0.985 0 0 0 1 3818.dat
1 2 15.552 9 0 0.985 0.17 0 -0.17 0.985 0 0 0 1 3819.dat
1 0 -23.8634 26.5956 -10.321 0.985 -0.12019 0.12019 0.17 0.696395 -0.696395 0 0.707 0.707 3820.dat
1 0 23.8634 26.5956 -10.321 0.985 0.12019 -0.12019 -0.17 0.696395 -0.696395 0 0.707 0.707 3820.dat
1 2 0 44 0 1 0 0 0 1 0 0 0 1 3816.dat
1 2 0 44 0 1 0 0 0 1 0 0 0 1 3817.dat
0
0 FILE Admiral Ackbar.ldr
0 Admiral Ackbar
0 Name: Admiral Ackbar.ldr
0 Author: R Paluczak
0 Unofficial Model
0 ROTATION CENTER 0 0 0 1 "Custom" 
0 ROTATION CONFIG 0 0
1 484 0 0 0 1 0 0 0 1 0 0 0 1 64808.dat
1 15 0 0 0 1 0 0 0 1 0 0 0 1 973.dat
1 15 0 32 0 1 0 0 0 1 0 0 0 1 3815.dat
1 15 -15.552 9 0 0.985 -0.17 0 0.17 0.985 0 0 0 1 3818.dat
1 15 15.552 9 0 0.985 0.17 0 -0.17 0.985 0 0 0 1 3819.dat
1 70 -23.8634 26.5956 -10.321 0.985 -0.12019 0.12019 0.17 0.696395 -0.696395 0 0.707 0.707 3820.dat
1 70 23.8634 26.5956 -10.321 0.985 0.12019 -0.12019 -0.17 0.696395 -0.696395 0 0.707 0.707 3820.dat
1 15 0 44 0 1 0 0 0 1 0 0 0 1 3816.dat
1 15 0 44 0 1 0 0 0 1 0 0 0 1 3817.dat
0
0 FILE Mon Cal Officer.ldr
0 Mon Cal Officer
0 Name: Mon Cal Officer.ldr
0 Author: R Paluczak
0 Unofficial Model
0 ROTATION CENTER 0 0 0 1 "Custom" 
0 ROTATION CONFIG 0 0
1 484 0 -24 0 1 0 0 0 1 0 0 0 1 3626bp01.dat
1 484 0 0 0 1 0 0 0 1 0 0 0 1 64808.dat
1 19 0 0 0 1 0 0 0 1 0 0 0 1 973.dat
1 19 0 32 0 1 0 0 0 1 0 0 0 1 3815.dat
1 19 -15.552 9 0 0.985 -0.17 0 0.17 0.985 0 0 0 1 3818.dat
1 19 15.552 9 0 0.985 0.17 0 -0.17 0.985 0 0 0 1 3819.dat
1 70 -23.8634 26.5956 -10.321 0.985 -0.12019 0.12019 0.17 0.696395 -0.696395 0 0.707 0.707 3820.dat
1 70 23.8634 26.5956 -10.321 0.985 0.12019 -0.12019 -0.17 0.696395 -0.696395 0 0.707 0.707 3820.dat
1 19 0 44 0 1 0 0 0 1 0 0 0 1 3816.dat
1 19 0 44 0 1 0 0 0 1 0 0 0 1 3817.dat
0
0 FILE Mon Mothma.ldr
0 Mon Mothma
0 Name: Mon Mothma.ldr
0 Author: R Paluczak
0 Unofficial Model
0 ROTATION CENTER 0 0 0 1 "Custom" 
0 ROTATION CONFIG 0 0
1 70 0 -26 0 1 0 0 0 1 0 0 0 1 4530.dat
1 78 0 -26 0 1 0 0 0 1 0 0 0 1 3626bp08.dat
1 15 0 -2 0 1 0 0 0 1 0 0 0 1 522.dat
1 15 0 32 0 1 0 0 0 1 0 0 0 1 3815.dat
1 15 -15.552 9 0 0.985 -0.17 0 0.17 0.985 0 0 0 1 3818.dat
1 15 15.552 9 0 0.985 0.17 0 -0.17 0.985 0 0 0 1 3819.dat
1 78 -23.8634 26.5956 -10.321 0.985 -0.12019 0.12019 0.17 0.696395 -0.696395 0 0.707 0.707 3820.dat
1 78 23.8634 26.5956 -10.321 0.985 0.12019 -0.12019 -0.17 0.696395 -0.696395 0 0.707 0.707 3820.dat
1 15 0 44 0 1 0 0 0 1 0 0 0 1 3816.dat
1 15 0 44 0 1 0 0 0 1 0 0 0 1 3817.dat
1 15 0 0 0 1 0 0 0 1 0 0 0 1 973pr1.dat
0
0 FILE Lando Calrissian.ldr
0 Lando Calrissian
0 Name: Lando Calrissian.ldr
0 Author: R Paluczak
0 Unofficial Model
0 ROTATION CENTER 0 0 0 1 "Custom" 
0 ROTATION CONFIG 0 0
1 0 0 -26 0 1 0 0 0 1 0 0 0 1 3901.dat
1 70 0 -26 0 1 0 0 0 1 0 0 0 1 3626bp01.dat
1 379 0 -2 0 1 0 0 0 1 0 0 0 1 522.dat
1 19 0 0 0 1 0 0 0 1 0 0 0 1 973.dat
1 379 0 32 0 1 0 0 0 1 0 0 0 1 3815.dat
1 19 -15.552 9 0 0.985 -0.17 0 0.17 0.985 0 0 0 1 3818.dat
1 19 15.552 9 0 0.985 0.17 0 -0.17 0.985 0 0 0 1 3819.dat
1 70 -23.8634 26.5956 -10.321 0.985 -0.12019 0.12019 0.17 0.696395 -0.696395 0 0.707 0.707 3820.dat
1 70 23.8634 26.5956 -10.321 0.985 0.12019 -0.12019 -0.17 0.696395 -0.696395 0 0.707 0.707 3820.dat
1 379 0 44 0 1 0 0 0 1 0 0 0 1 3816.dat
1 379 0 44 0 1 0 0 0 1 0 0 0 1 3817.dat
0
0 FILE Crix Madine.ldr
0 Crix Madine
0 Name: Crix Madine.ldr
0 Author: R Paluczak
0 Unofficial Model
0 ROTATION CENTER 0 0 0 1 "Custom" 
0 ROTATION CONFIG 0 0
1 28 0 -24 0 1 0 0 0 1 0 0 0 1 3901.dat
1 78 0 -24 0 1 0 0 0 1 0 0 0 1 3626bps9.dat
1 28 0 0 0 1 0 0 0 1 0 0 0 1 973.dat
1 28 0 32 0 1 0 0 0 1 0 0 0 1 3815.dat
1 379 -15.552 9 0 0.985 -0.17 0 0.17 0.985 0 0 0 1 3818.dat
1 379 15.552 9 0 0.985 0.17 0 -0.17 0.985 0 0 0 1 3819.dat
1 0 -23.8634 26.5956 -10.321 0.985 -0.12019 0.12019 0.17 0.696395 -0.696395 0 0.707 0.707 3820.dat
1 0 23.8634 26.5956 -10.321 0.985 0.12019 -0.12019 -0.17 0.696395 -0.696395 0 0.707 0.707 3820.dat
1 28 0 44 0 1 0 0 0 1 0 0 0 1 3816.dat
1 28 0 44 0 1 0 0 0 1 0 0 0 1 3817.dat
0
0 FILE A-Wing.ldr
0 A-Wing
0 Name: A-Wing.ldr
0 Author: R Paluczak
0 Unofficial Model
0 ROTATION CENTER 0 0 0 1 "Custom" 
0 ROTATION CONFIG 0 0
1 15 -60 32 0 0 0 -1 0 1 0 1 0 0 3035.dat
1 15 -140 32 0 0 0 -1 0 1 0 1 0 0 3035.dat
1 15 -150 32 -110 0 0 1 0 1 0 -1 0 0 2450.dat
1 15 -50 32 -110 1 0 0 0 1 0 0 0 1 2450.dat
1 4 -100 24 60 0 0 -1 0 1 0 1 0 0 3068b.dat
1 4 -100 24 20 0 0 -1 0 1 0 1 0 0 3068b.dat
1 4 -100 8 -30 0 0 -1 0 1 0 1 0 0 3002.dat
1 0 -130 8 -20 0 0 -1 0 1 0 1 0 0 6111.dat
1 0 -70 8 -20 0 0 -1 0 1 0 1 0 0 6111.dat
1 0 -100 2 80 0 0 -1 0 1 0 1 0 0 2780.dat
1 0 -120 2 100 0 0 -1 0 1 0 1 0 0 2780.dat
1 0 -80 2 100 0 0 -1 0 1 0 1 0 0 2780.dat
1 0 -100 2 89 0 0 -1 1 0 0 0 -1 0 32523.dat
1 0 -100 8 -80 0 0 1 0 1 0 -1 0 0 40902.dat
1 0 -100 38 -110 1 0 0 0 0 1 0 -1 0 30554.dat
1 288 -150 8 60 0 0 -1 0 1 0 1 0 0 3004.dat
1 288 -30 8 60 0 0 -1 0 1 0 1 0 0 3660.dat
1 288 -170 8 60 0 0 1 0 1 0 -1 0 0 3660.dat
1 288 -30 8 -20 0 0 -1 0 1 0 1 0 0 3660.dat
1 288 -170 8 -20 0 0 1 0 1 0 -1 0 0 3660.dat
1 288 -170 -2 60 -1 0 0 0 1 0 0 0 -1 30360.dat
1 71 -190 -16 60 0 0 1 0 1 0 -1 0 0 3069b.dat
0 MLCAD BTG 1
1 71 -66.181 -24.803 40 0 0.382683 0.92388 0 0.92388 -0.382683 -1 0 0 3710.dat
0 MLCAD BTG 1
1 15 -78.427 -54.368 40 0 0.382683 0.92388 0 0.92388 -0.382683 -1 0 0 3710.dat
0 MLCAD BTG 1
1 15 -90.673 -83.932 40 0 0.382683 -0.92388 0 0.92388 0.382683 1 0 0 6191.dat
0 MLCAD BTG 1
1 15 -69.243 -32.194 60 0 0.382683 -0.92388 0 0.92388 0.382683 1 0 0 60470b.dat
0 MLCAD BTG 1
1 15 -75.366 -46.976 60 0 0.382683 -0.92388 0 0.92388 0.382683 1 0 0 3023.dat
0 MLCAD BTG 1
1 15 -75.366 -46.976 20 0 0.382683 -0.92388 0 0.92388 0.382683 1 0 0 2877.dat
0 MLCAD BTG 1
1 0 -72.305 -39.585 60 0 0.382683 0.92388 0 0.92388 -0.382683 -1 0 0 32028.dat
0 GROUP 7 1
0 MLCAD BTG 2
1 71 -133.819 -24.803 40 0 -0.382683 0.92388 0 0.92388 0.382683 -1 0 0 3710.dat
0 MLCAD BTG 2
1 15 -121.573 -54.368 40 0 -0.382683 0.92388 0 0.92388 0.382683 -1 0 0 3710.dat
0 MLCAD BTG 2
1 15 -109.327 -83.932 40 0 -0.382683 0.92388 0 0.92388 0.382683 -1 0 0 6191.dat
0 MLCAD BTG 2
1 15 -130.757 -32.194 60 0 -0.382683 0.92388 0 0.92388 0.382683 -1 0 0 60470b.dat
0 MLCAD BTG 2
1 15 -124.634 -46.976 60 0 -0.382683 -0.92388 0 0.92388 -0.382683 1 0 0 3023.dat
0 MLCAD BTG 2
1 15 -124.634 -46.976 20 0 -0.382683 0.92388 0 0.92388 0.382683 -1 0 0 2877.dat
0 MLCAD BTG 2
1 0 -127.695 -39.585 60 0 -0.382683 -0.92388 0 0.92388 -0.382683 1 0 0 32028.dat
0 GROUP 7 2
1 71 -30 -40 60 0 0 1 0 1 0 -1 0 0 48336.dat
1 71 -30 40 70 1 0 0 0 1 0 0 0 1 4287.dat
1 71 -30 40 100 0 0 -1 0 1 0 1 0 0 3004.dat
1 71 -100 40 -40 0 0 -1 0 1 0 1 0 0 3022.dat
1 71 -100 48 -40 0 0 -1 0 1 0 1 0 0 3022.dat
1 71 -30 32 110 0 0 -1 0 1 0 1 0 0 3623.dat
1 71 -30 -40 110 0 0 -1 0 1 0 1 0 0 3623.dat
1 71 -30 -64 130 0 0 -1 0 1 0 1 0 0 3622.dat
1 71 -30 -64 80 0 0 -1 0 1 0 1 0 0 3004.dat
1 71 -30 -88 70 1 0 0 0 1 0 0 0 1 3040b.dat
1 71 -30 -64 50 1 0 0 0 1 0 0 0 1 3040b.dat
1 71 -30 -88 130 -1 0 0 0 1 0 0 0 -1 3040b.dat
1 71 -30 -88 100 0 0 -1 0 1 0 1 0 0 3004.dat
1 71 -30 -96 100 0 0 -1 0 1 0 1 0 0 2431.dat
1 71 -274.949 -21.997 -20 0.707107 0.707107 0 -0.707107 0.707107 0 0 0 1 4697b.dat
1 71 -170 -40 110 0 0 -1 0 1 0 1 0 0 3623.dat
1 71 -170 -64 130 0 0 -1 0 1 0 1 0 0 3622.dat
1 71 -170 -64 80 0 0 -1 0 1 0 1 0 0 3004.dat
1 71 -170 -88 70 1 0 0 0 1 0 0 0 1 3040b.dat
1 71 -170 -64 50 1 0 0 0 1 0 0 0 1 3040b.dat
1 71 -170 -88 130 -1 0 0 0 1 0 0 0 -1 3040b.dat
1 71 -170 -88 100 0 0 -1 0 1 0 1 0 0 3004.dat
1 71 -170 -96 100 0 0 -1 0 1 0 1 0 0 2431.dat
1 40 -100 -32 -90 1 0 0 0 1 0 0 0 1 30384.dat
1 71 -30 64 100 0 0 -1 0 1 0 1 0 0 3710.dat
1 71 -30 32 150 0 0 -1 0 1 0 1 0 0 3070b.dat
1 71 -30 -2 150 0 0 -1 1 0 0 0 -1 0 2819.dat
1 71 -30 -2 114 0 0 -1 0 -1 0 -1 0 0 4519.dat
1 71 -30 40 130 -1 0 0 0 1 0 0 0 -1 3665.dat
1 71 -170 40 70 1 0 0 0 1 0 0 0 1 4287.dat
1 71 -170 40 100 0 0 -1 0 1 0 1 0 0 3004.dat
1 71 -170 32 110 0 0 -1 0 1 0 1 0 0 3623.dat
1 71 -100 16 60 0 0 -1 0 1 0 1 0 0 3020.dat
1 4 -100 -8 30 0 0 -1 0 1 0 1 0 0 3623.dat
1 71 -100 -32 30 0 0 -1 0 1 0 1 0 0 4070.dat
1 37 -94 -22 30 0 -1 0 0 0 1 -1 0 0 54200.dat
1 71 -100 -32 10 0 0 1 0 1 0 -1 0 0 4070.dat
1 37 -106 -22 10 0 1 0 0 0 1 1 0 0 54200.dat
1 4 -100 -24 60 0 0 -1 0 1 0 1 0 0 3023.dat
1 4 -100 -32 60 0 0 -1 0 1 0 1 0 0 3023.dat
1 4 -100 -56 30 1 0 0 0 1 0 0 0 1 50950.dat
1 4 -100 -56 70 -1 0 0 0 1 0 0 0 -1 6541.dat
1 43 -100 -16 50 0 0 -1 0 1 0 1 0 0 4073.dat
1 43 -100 -40 50 0 0 -1 0 1 0 1 0 0 4073.dat
1 71 -100 -8 70 -1 0 0 0 1 0 0 0 -1 3700.dat
1 71 -100 8 40 0 0 -1 0 1 0 1 0 0 3022.dat
1 4 -100 -16 70 -1 0 0 0 1 0 0 0 -1 3794b.dat
1 4 -100 0 30 -1 0 0 0 1 0 0 0 -1 3794b.dat
1 4 -100 0 50 -1 0 0 0 1 0 0 0 -1 3794b.dat
1 71 -170 64 100 0 0 -1 0 1 0 1 0 0 3710.dat
1 71 -170 32 150 0 0 -1 0 1 0 1 0 0 3070b.dat
1 71 -170 40 130 -1 0 0 0 1 0 0 0 -1 3665.dat
1 71 -170 -40 60 0 0 -1 0 1 0 1 0 0 48336.dat
1 71 -40 -40 0 1 0 0 0 1 0 0 0 1 41770.dat
1 71 -160 -40 0 1 0 0 0 1 0 0 0 1 41769.dat
1 71 -20 8 -100 1 0 0 0 1 0 0 0 1 41765.dat
1 71 -180 8 -100 1 0 0 0 1 0 0 0 1 41764.dat
1 71 -150 8 -100 1 0 0 0 1 0 0 0 1 41763.dat
1 71 -130 8 -140 1 0 0 0 1 0 0 0 1 41763.dat
1 71 -70 8 -140 1 0 0 0 1 0 0 0 1 41763.dat
1 71 -50 8 -100 1 0 0 0 1 0 0 0 1 41763.dat
1 19 -100 0 -20 1 0 0 0 1 0 0 0 1 3832.dat
1 19 -100 -32 -10 1 0 0 0 1 0 0 0 1 2432.dat
1 4 -150 -8 -10 1 0 0 0 1 0 0 0 1 3623.dat
1 4 -50 -8 -10 1 0 0 0 1 0 0 0 1 3623.dat
1 15 0 -8 -50 1 0 0 0 1 0 0 0 1 3710.dat
1 15 50 3 -30 1 0 0 0 0 1 0 -1 0 30374.dat
1 15 -200 -8 -50 1 0 0 0 1 0 0 0 1 3710.dat
1 15 -150 -32 -20 0 0 -1 0 1 0 1 0 0 3004.dat
1 15 -130 -16 -160 0 0 -1 0 1 0 1 0 0 3023.dat
1 15 -70 -16 -160 0 0 -1 0 1 0 1 0 0 3023.dat
1 0 -130 -24 -160 0 0 -1 0 1 0 1 0 0 3023.dat
1 0 -70 -24 -160 0 0 -1 0 1 0 1 0 0 3023.dat
1 15 -30 -32 -20 0 0 -1 0 1 0 1 0 0 30363.dat
1 15 -170 -32 -20 0 0 1 0 1 0 -1 0 0 30363.dat
1 15 -50 -32 -20 0 0 -1 0 1 0 1 0 0 3004.dat
1 15 10 -8 -120 1 0 0 0 1 0 0 0 1 54384.dat
1 15 -50 -32 -50 1 0 0 0 1 0 0 0 1 42061.dat
1 15 -100 -32 -200 1 0 0 0 1 0 0 0 1 43719.dat
1 15 -150 -32 -50 1 0 0 0 1 0 0 0 1 42060.dat
1 15 -30 -8 -240 1 0 0 0 1 0 0 0 1 54384.dat
1 15 -210 -8 -120 1 0 0 0 1 0 0 0 1 54383.dat
1 15 -170 -8 -240 1 0 0 0 1 0 0 0 1 54383.dat
1 72 -200 -8 -20 -1 0 0 0 1 0 0 0 -1 2444.dat
1 72 0 -8 -20 1 0 0 0 1 0 0 0 1 2444.dat
1 72 -70 -8 -80 0 0 -1 0 1 0 1 0 0 3666.dat
1 72 -130 -8 -80 0 0 -1 0 1 0 1 0 0 3666.dat
1 72 -100 -32 -130 1 0 0 0 1 0 0 0 1 3937.dat
1 0 -100 -32 -130 1 0 0 0 1 0 0 0 1 6134.dat
1 0 -150 -8 -40 0 0 -1 0 1 0 1 0 0 3023.dat
1 0 -50 -8 -40 0 0 -1 0 1 0 1 0 0 3023.dat
1 4 -100 -8 -130 -1 0 0 0 1 0 0 0 -1 3023.dat
1 0 -100 -8 -160 -1 0 0 0 1 0 0 0 -1 3738.dat
1 0 -100 -24 -110 -1 0 0 0 1 0 0 0 -1 3039ps1.dat
1 19 -100 0 -60 1 0 0 0 1 0 0 0 1 3832.dat
1 19 -100 0 -100 1 0 0 0 1 0 0 0 1 3832.dat
1 72 -170 0 -200 1 0 0 0 1 0 0 0 1 50304.dat
1 72 -100 0 -200 0 0 -1 0 1 0 1 0 0 3035.dat
1 72 -250 3 -20 0 0 -1 0 1 0 1 0 0 32192.dat
1 1 -220 3 -20 -1 0 0 0 1 0 0 0 -1 43093.dat
1 71 -275 -22 -10 0 0 1 0 1 0 -1 0 0 4274.dat
1 71 -275 -22 -30 0 0 -1 0 1 0 1 0 0 4274.dat
1 71 75.051 -21.997 -20 -0.707107 -0.707107 0 -0.707107 0.707107 0 0 0 -1 4697b.dat
1 72 50.102 3 -20 0 0 1 0 1 0 -1 0 0 32192.dat
1 72 50 3 -54 0 0 1 1 0 0 0 1 0 6188.dat
1 43 50.1 3 -114 0 0 1 1 0 0 0 1 0 4073.dat
1 1 20.102 3 -20 1 0 0 0 1 0 0 0 1 43093.dat
1 71 75.102 -22 -30 0 0 -1 0 1 0 1 0 0 4274.dat
1 71 75.102 -22 -10 0 0 1 0 1 0 -1 0 0 4274.dat
1 71 50.102 3 -106 0 0 1 0 1 0 -1 0 0 4274.dat
1 71 50 3 -30 0 0 1 0 1 0 -1 0 0 61184.dat
1 15 -250 3 -30 1 0 0 0 0 1 0 -1 0 30374.dat
1 72 -250 3 -54 0 0 1 1 0 0 0 1 0 6188.dat
1 43 -249.9 3 -114 0 0 1 1 0 0 0 1 0 4073.dat
1 71 -249.898 3 -106 0 0 1 0 1 0 -1 0 0 4274.dat
1 71 -250 3 -30 0 0 1 0 1 0 -1 0 0 61184.dat
1 72 -30 0 -200 1 0 0 0 1 0 0 0 1 50305.dat
1 72 -100 64 -130 0 0 -1 0 1 0 1 0 0 44300.dat
1 72 -170 -32 60 0 0 1 0 1 0 -1 0 0 32064b.dat
1 42 -170 -2 120 1 0 0 0 0 1 0 -1 0 6143.dat
1 42 -30 -2 120 1 0 0 0 0 1 0 -1 0 6143.dat
1 42 -30 -2 160 -1 0 0 0 0 -1 0 -1 0 4740.dat
1 71 -170 -2 150 0 0 -1 1 0 0 0 -1 0 2819.dat
1 71 -170 -2 114 0 0 -1 0 -1 0 -1 0 0 4519.dat
1 42 -170 -2 160 -1 0 0 0 0 -1 0 -1 0 4740.dat
1 288 -30 -2 60 -1 0 0 0 1 0 0 0 -1 30360.dat
1 288 -30 -32 50 0 0 -1 0 1 0 1 0 0 3040b.dat
1 288 -70 -32 -10 1 0 0 0 1 0 0 0 1 3040b.dat
1 288 -130 -32 -10 1 0 0 0 1 0 0 0 1 3040b.dat
1 288 -130 -32 -70 -1 0 0 0 1 0 0 0 -1 50950.dat
1 288 -70 -32 -70 -1 0 0 0 1 0 0 0 -1 50950.dat
1 288 -130 -32 -120 0 0 1 0 1 0 -1 0 0 3004.dat
1 288 -70 -32 -120 0 0 1 0 1 0 -1 0 0 3004.dat
1 288 -120 -24 -200 1 0 0 0 1 0 0 0 1 44126.dat
1 288 -80 -24 -200 1 0 0 0 1 0 0 0 1 44126.dat
1 288 -30 -32 70 0 0 -1 0 1 0 1 0 0 3040b.dat
1 288 -50 8 60 0 0 -1 0 1 0 1 0 0 3004.dat
1 71 -100 -46 89 -1 0 0 0 1 0 0 0 -1 32187.dat
1 71 -80 2 110 -1 0 0 0 1 0 0 0 -1 42610.dat
1 71 -120 2 110 -1 0 0 0 1 0 0 0 -1 42610.dat
0 
0
0 FILE Hangar.ldr
0 Hangar
0 Name: Hangar.ldr
0 Author: R Paluczak
0 Unofficial Model
0 ROTATION CENTER 0 0 0 1 "Custom" 
0 ROTATION CONFIG 0 0
1 72 0 8 -120 0 0 -1 0 1 0 1 0 0 3033.dat
1 72 -30 -32 -100 0 0 -1 0 1 0 1 0 0 2431.dat
1 72 -30 -32 -220 0 0 -1 0 1 0 1 0 0 4162.dat
1 72 -180 -32 -220 0 0 -1 0 1 0 1 0 0 3068b.dat
1 72 -180 -32 -380 0 0 -1 0 1 0 1 0 0 3068b.dat
1 72 -180 -32 -520 0 0 -1 0 1 0 1 0 0 3068b.dat
1 72 180 -32 -220 0 0 -1 0 1 0 1 0 0 3068b.dat
1 72 180 -32 -380 0 0 -1 0 1 0 1 0 0 3068b.dat
1 72 180 -32 -520 0 0 -1 0 1 0 1 0 0 3068b.dat
1 72 -30 -32 -380 0 0 -1 0 1 0 1 0 0 4162.dat
1 36 -30 -32 -470 0 0 -1 0 1 0 1 0 0 4073.dat
1 72 30 -32 -220 0 0 -1 0 1 0 1 0 0 4162.dat
1 72 80 -32 10 -1 0 0 0 1 0 0 0 -1 4162.dat
1 72 -10 -370 -250 -1 0 0 0 1 0 0 0 -1 3666.dat
1 72 -50 -370 -250 0 0 1 0 1 0 -1 0 0 61409.dat
1 72 30 -370 -250 0 0 -1 0 1 0 1 0 0 61409.dat
1 72 -10 -394 -250 -1 0 0 0 1 0 0 0 -1 32064b.dat
1 72 -10 -402 -230 0 0 1 0 1 0 -1 0 0 3021.dat
1 0 -10 -426 -220 1 0 0 0 1 0 0 0 1 2584.dat
1 0 -10 -264 -432 1 0 0 0 0 -1 0 1 0 4595.dat
1 0 -40 -432 -220 0 0 -1 0 1 0 1 0 0 32270.dat
1 71 -10 -384 -250 0 0 1 0 1 0 -1 0 0 32073.dat
1 71 -10 -384 -370 0 0 1 0 1 0 -1 0 0 32073.dat
1 72 -10 -384 -300 0 -1 0 1 0 0 0 0 1 30553.dat
1 72 -10 -384 -430 0 1 0 1 0 0 0 0 -1 32013.dat
1 71 -10 -384 -320 0 1 0 1 0 0 0 0 -1 30552.dat
1 71 -10 -432 -220 1 0 0 0 1 0 0 0 1 2585.dat
1 72 -20 -432 -220 -1 0 0 0 1 0 0 0 -1 6587.dat
1 72 -10 -324 -250 0 0 -1 0 1 0 1 0 0 6587.dat
1 71 -10 -384 -230 1 0 0 0 0 1 0 -1 0 32140.dat
1 71 -10 -384 -270 1 0 0 0 0 1 0 -1 0 32140.dat
1 71 -10 -324 -250 1 0 0 0 0 1 0 -1 0 57585.dat
1 72 -10 -394 -210 -1 0 0 0 1 0 0 0 -1 32064b.dat
1 72 -80 -32 10 -1 0 0 0 1 0 0 0 -1 4162.dat
1 15 -150 -32 -10 -1 0 0 0 1 0 0 0 -1 4073.dat
1 15 -330 -144 -260 0 0 1 0 1 0 -1 0 0 2454.dat
1 15 150 -32 -10 -1 0 0 0 1 0 0 0 -1 4073.dat
1 72 30 -32 -380 0 0 -1 0 1 0 1 0 0 4162.dat
1 36 30 -32 -470 0 0 -1 0 1 0 1 0 0 4073.dat
1 36 -30 -48 -530 0 0 -1 0 1 0 1 0 0 4073.dat
1 36 30 -48 -530 0 0 -1 0 1 0 1 0 0 4073.dat
1 72 30 -32 -100 0 0 -1 0 1 0 1 0 0 2431.dat
1 72 0 -32 -50 -1 0 0 0 1 0 0 0 -1 2431.dat
1 72 0 -48 -550 -1 0 0 0 1 0 0 0 -1 2431.dat
1 72 -140 -16 -10 -1 0 0 0 1 0 0 0 -1 3660.dat
1 72 140 -16 -10 -1 0 0 0 1 0 0 0 -1 3660.dat
1 72 180 8 -190 0 0 -1 0 1 0 1 0 0 3021.dat
1 72 -180 8 -100 0 0 -1 0 1 0 1 0 0 4032b.dat
1 72 180 8 -100 0 0 -1 0 1 0 1 0 0 4032b.dat
1 72 -180 8 -190 0 0 -1 0 1 0 1 0 0 3021.dat
1 72 -30 -16 -140 0 0 -1 0 1 0 1 0 0 3894.dat
1 72 30 -16 -140 0 0 -1 0 1 0 1 0 0 3894.dat
1 72 0 -16 -40 -1 0 0 0 1 0 0 0 -1 3001.dat
1 71 -40 -16 -210 -1 0 0 0 1 0 0 0 -1 3700.dat
1 71 -180 -16 -210 -1 0 0 0 1 0 0 0 -1 3700.dat
1 71 180 -16 -210 -1 0 0 0 1 0 0 0 -1 3700.dat
1 71 40 -16 -210 -1 0 0 0 1 0 0 0 -1 3700.dat
1 0 -180 -6 -220 0 0 -1 0 1 0 1 0 0 2780.dat
1 0 180 -6 -220 0 0 -1 0 1 0 1 0 0 2780.dat
1 71 140 8 -10 -1 0 0 0 1 0 0 0 -1 3023.dat
1 71 -140 8 -10 -1 0 0 0 1 0 0 0 -1 3023.dat
1 71 120 -16 -180 -1 0 0 0 1 0 0 0 -1 3007.dat
1 71 120 -16 -100 -1 0 0 0 1 0 0 0 -1 3007.dat
1 71 -120 -16 -180 -1 0 0 0 1 0 0 0 -1 3007.dat
1 71 -100 -24 -200 -1 0 0 0 1 0 0 0 -1 3034.dat
1 71 0 -24 -20 0 0 1 0 1 0 -1 0 0 3020.dat
1 71 100 -24 -200 -1 0 0 0 1 0 0 0 -1 3034.dat
1 71 -40 -16 -550 -1 0 0 0 1 0 0 0 -1 3700.dat
1 71 0 -32 -550 -1 0 0 0 1 0 0 0 -1 3700.dat
1 71 40 -16 -550 -1 0 0 0 1 0 0 0 -1 3700.dat
1 72 0 8 -550 -1 0 0 0 1 0 0 0 -1 3666.dat
1 72 0 -8 -550 -1 0 0 0 1 0 0 0 -1 3023.dat
1 72 0 -40 -550 -1 0 0 0 1 0 0 0 -1 3023.dat
1 71 0 0 -550 -1 0 0 0 1 0 0 0 -1 3023.dat
1 72 -40 -24 -550 -1 0 0 0 1 0 0 0 -1 3023.dat
1 72 40 -24 -550 -1 0 0 0 1 0 0 0 -1 3023.dat
1 72 -30 -40 -540 0 0 1 0 1 0 -1 0 0 47457.dat
1 72 30 -40 -540 0 0 -1 0 1 0 1 0 0 47457.dat
1 71 -210 -24 -160 -1 0 0 0 1 0 0 0 -1 54384.dat
1 71 -170 -24 -40 -1 0 0 0 1 0 0 0 -1 54384.dat
1 71 210 -24 -160 -1 0 0 0 1 0 0 0 -1 54383.dat
1 71 -320 -144 -230 0 0 -1 0 1 0 1 0 0 30249.dat
1 71 320 -144 -230 0 0 1 0 1 0 -1 0 0 30249.dat
1 71 320 -144 -370 0 0 1 0 1 0 -1 0 0 30249.dat
1 71 330 -86 -210 1 0 0 0 0 -1 0 1 0 40490.dat
1 71 -330 -86 -210 1 0 0 0 0 -1 0 1 0 40490.dat
1 71 -320 -152 -500 0 0 1 0 1 0 -1 0 0 3020.dat
1 71 -330 -160 -440 0 0 1 0 1 0 -1 0 0 3710.dat
1 0 -320 -160 -490 1 0 0 0 1 0 0 0 1 30383.dat
1 0 -320 -160 -390 1 0 0 0 1 0 0 0 1 30383.dat
1 71 -320 -152 -340 0 0 1 0 1 0 -1 0 0 2445.dat
1 71 -330 -184 -260 0 0 1 0 1 0 -1 0 0 2431.dat
1 71 -330 -168 -440 0 0 1 0 1 0 -1 0 0 6636.dat
1 71 -281.714 -180.145 -440 0 -0.707107 -0.707107 0 -0.707107 0.707107 -1 0 0 2445.dat
1 71 -257.674 -170.242 -550 0 -0.707107 0.707107 0 -0.707107 -0.707107 1 0 0 3040b.dat
1 36 -252.016 -164.585 -530 0 -0.707107 0.707107 0 -0.707107 -0.707107 1 0 0 4073.dat
1 36 -252.016 -164.585 -330 0 -0.707107 0.707107 0 -0.707107 -0.707107 1 0 0 4073.dat
1 71 -293.03 -191.454 -500 0 -0.707107 -0.707107 0 -0.707107 0.707107 -1 0 0 2654.dat
1 71 -293.03 -191.454 -380 0 -0.707107 -0.707107 0 -0.707107 0.707107 -1 0 0 2654.dat
1 72 -264.745 -163.173 -330 -0.707107 -0.707107 0 0.707107 -0.707107 0 0 0 1 30526.dat
1 72 -264.745 -163.173 -530 0.707107 -0.707107 0 -0.707107 -0.707107 0 0 0 -1 30526.dat
1 72 -287.374 -185.799 -370 0.707107 -0.707107 0 -0.707107 -0.707107 0 0 0 -1 3023.dat
1 72 -287.374 -185.799 -510 0.707107 -0.707107 0 -0.707107 -0.707107 0 0 0 -1 3023.dat
1 72 -287.374 -185.799 -390 -0.707107 -0.707107 0 0.707107 -0.707107 0 0 0 1 44302.dat
1 72 -287.374 -185.799 -490 -0.707107 -0.707107 0 0.707107 -0.707107 0 0 0 1 44302.dat
1 71 330 -184 -260 0 0 1 0 1 0 -1 0 0 2431.dat
1 71 320 -152 -300 0 0 1 0 1 0 -1 0 0 3034.dat
1 71 330 -176 -290 1 0 0 0 1 0 0 0 1 3040b.dat
1 71 310 -176 -290 1 0 0 0 1 0 0 0 1 3040b.dat
0 MLCAD BTG Group name2
1 71 1.4 -353.2 -249 0 0 1 1 0 0 0 1 0 32278.dat
0 MLCAD BTG Group name2
1 71 161.4 -353.2 -249 0 0 1 -1 0 0 0 -1 0 32140.dat
0 MLCAD BTG Group name2
1 71 -158.6 -353.2 -249 0 0 -1 -1 0 0 0 1 0 32140.dat
0 MLCAD BTG Group name2
1 72 181.4 -353.2 -229 0 0 1 1 0 0 0 1 0 32524.dat
0 MLCAD BTG Group name
1 72 -274.164 -259.358 -250 -0.93358 0 -0.358368 -0.358368 0 0.93358 0 1 0 32525.dat
0 MLCAD BTG Group name
1 72 -286.33 -199.76 -220 0 -0.93358 -0.358368 0 -0.358368 0.93358 -1 0 0 2444.dat
0 MLCAD BTG Group name
1 72 -243.325 -311.791 -220 0 -0.93358 -0.358368 0 -0.358368 0.93358 -1 0 0 2444.dat
0 MLCAD BTG Group name
1 72 -243.325 -311.791 -190 0.358368 -0.93358 0 -0.93358 -0.358368 0 0 0 -1 3023.dat
0 MLCAD BTG Group name
1 71 -257.359 -252.908 -240 0.358368 -0.93358 0 -0.93358 -0.358368 0 0 0 -1 3036.dat
0 MLCAD BTG Group name
1 15 -249.892 -250.039 -190 0.358368 -0.93358 0 -0.93358 -0.358368 0 0 0 -1 4162.dat
0 MLCAD BTG Group name
1 15 -249.892 -250.039 -230 0.358368 -0.93358 0 -0.93358 -0.358368 0 0 0 -1 4162.dat
0 MLCAD BTG Group name
1 15 -249.892 -250.039 -270 0.358368 -0.93358 0 -0.93358 -0.358368 0 0 0 -1 4162.dat
0 MLCAD BTG Group name
1 72 -286.33 -199.76 -190 0.358368 -0.93358 0 -0.93358 -0.358368 0 0 0 -1 3023.dat
0 MLCAD BTG Group name2
1 0 -138.6 -353.2 -239 0 0 1 0 -1 0 1 0 0 2780.dat
0 MLCAD BTG Group name2
1 0 -118.6 -353.2 -239 0 0 1 0 -1 0 1 0 0 2780.dat
0 MLCAD BTG Group name2
1 0 -238.6 -353.2 -239 0 0 1 0 -1 0 1 0 0 2780.dat
0 MLCAD BTG Group name2
1 0 -218.6 -353.2 -239 0 0 1 0 -1 0 1 0 0 2780.dat
0 MLCAD BTG Group name2
1 0 -178.6 -353.2 -239 0 0 1 0 -1 0 1 0 0 2780.dat
0 MLCAD BTG Group name2
1 0 241.4 -353.2 -239 0 0 -1 0 1 0 1 0 0 2780.dat
0 MLCAD BTG Group name
1 0 -252.661 -315.372 -240 0 -0.93358 0.358368 0 -0.358368 -0.93358 1 0 0 2780.dat
0 MLCAD BTG Group name
1 0 -295.666 -203.342 -240 0 -0.93358 0.358368 0 -0.358368 -0.93358 1 0 0 2780.dat
0 GROUP 11 Group name
0 MLCAD BTG Group name3
1 72 276.063 -259.413 -250 0.936672 0 0.350207 -0.350207 0 0.936672 0 -1 0 32525.dat
0 MLCAD BTG Group name3
1 72 245.491 -312.031 -220 0 0.936672 -0.350207 0 -0.350207 -0.936672 -1 0 0 2444.dat
0 MLCAD BTG Group name3
1 72 287.516 -199.63 -220 0 0.936672 -0.350207 0 -0.350207 -0.936672 -1 0 0 2444.dat
0 MLCAD BTG Group name3
1 72 245.685 -312.112 -190 -0.350207 0.936672 0 -0.936672 -0.350207 0 0 0 1 3023.dat
0 MLCAD BTG Group name3
1 71 259.205 -253.109 -240 -0.350207 0.936672 0 -0.936672 -0.350207 0 0 0 1 3036.dat
0 MLCAD BTG Group name3
1 15 251.71 -250.304 -270 -0.350207 0.936672 0 -0.936672 -0.350207 0 0 0 1 4162.dat
0 MLCAD BTG Group name3
1 15 251.71 -250.304 -230 -0.350207 0.936672 0 -0.936672 -0.350207 0 0 0 1 4162.dat
0 MLCAD BTG Group name3
1 15 251.71 -250.304 -190 -0.350207 0.936672 0 -0.936672 -0.350207 0 0 0 1 4162.dat
0 MLCAD BTG Group name3
1 72 287.709 -199.71 -190 -0.350207 0.936672 0 -0.936672 -0.350207 0 0 0 1 3023.dat
0 MLCAD BTG Group name3
1 0 255.05 -315.611 -240 0 0.936672 -0.350207 0 -0.350207 -0.936672 -1 0 0 2780.dat
0 MLCAD BTG Group name3
1 0 297.077 -203.211 -240 0 0.936672 -0.350207 0 -0.350207 -0.936672 -1 0 0 2780.dat
0 GROUP 11 Group name3
1 1 -310 -166 -250 0 -0.93358 0.358368 0 -0.358368 -0.93358 1 0 0 6558.dat
1 1 310 -166 -250 0 -0.681998 0.731354 0 -0.731354 -0.681998 1 0 0 6558.dat
1 0 329.995 -165.981 -220 0 -0.71934 0.694658 0 -0.694658 -0.71934 1 0 0 2780.dat
1 0 -330.005 -165.981 -220 0 -0.71934 0.694658 0 -0.694658 -0.71934 1 0 0 2780.dat
1 0 -320.005 -165.981 -330 -1 0 0 0 -0.694658 -0.71934 0 -0.71934 0.694658 2780.dat
1 0 -330.02 -166.092 -280 0 -0.0174524 0.999848 0 -0.999848 -0.0174524 1 0 0 3705.dat
1 0 329.995 -5.98106 -220 0 -0.71934 0.694658 0 -0.694658 -0.71934 1 0 0 2780.dat
1 0 -330.005 -5.98106 -220 0 -0.71934 0.694658 0 -0.694658 -0.71934 1 0 0 2780.dat
0 MLCAD BTG Group name2
1 0 221.4 -353.2 -239 0 0 -1 0 1 0 1 0 0 2780.dat
0 MLCAD BTG Group name2
1 1 221.4 -373.2 -239 0 0 -1 0 1 0 1 0 0 43093.dat
0 MLCAD BTG Group name2
1 4 221.4 -373.2 -229 1 0 0 0 1 0 0 0 1 3713.dat
0 MLCAD BTG Group name2
1 1 -218.6 -373.2 -239 0 0 -1 0 1 0 1 0 0 43093.dat
0 MLCAD BTG Group name2
1 4 -218.6 -373.2 -229 1 0 0 0 1 0 0 0 1 3713.dat
0 MLCAD BTG Group name2
1 0 181.4 -353.2 -239 0 0 -1 0 1 0 1 0 0 2780.dat
0 MLCAD BTG Group name2
1 0 121.4 -353.2 -239 0 0 1 0 -1 0 1 0 0 2780.dat
0 MLCAD BTG Group name2
1 0 141.4 -353.2 -239 0 0 1 0 -1 0 1 0 0 2780.dat
1 71 170 -24 -40 -1 0 0 0 1 0 0 0 -1 54383.dat
1 71 220 -32 -520 -1 0 0 0 1 0 0 0 -1 3022.dat
1 71 230 -56 -510 -1 0 0 0 1 0 0 0 -1 4070.dat
1 71 230 -56 -530 1 0 0 0 1 0 0 0 1 4070.dat
1 71 290 -72 -530 1 0 0 0 1 0 0 0 1 4070.dat
1 0 290 -63 -528 1 0.006 -0 0 -0.015 -0.9999 -0.006 0.9999 -0.015 LS90.dat
1 0 289.854 -62.7145 -539.963 0.9993 -0.0208 0.0302 0.0309 0.0362 -0.9989 -0.0197 -0.9991 -0.0368 LS91.dat
1 0 289.7 -62.5214 -543.496 0.9983 -0.0369 0.0453 0.0471 0.0492 -0.9977 -0.0346 -0.9981 -0.0508 LS91.dat
1 0 289.458 -62.2873 -547.051 0.9964 -0.0589 0.0603 0.0638 0.0609 -0.9961 -0.055 -0.9964 -0.0644 LS91.dat
1 0 289.101 -62.0202 -550.586 0.9933 -0.0882 0.0749 0.0813 0.0709 -0.9942 -0.0823 -0.9936 -0.0776 LS91.dat
1 0 288.597 -61.7283 -554.088 0.988 -0.1265 0.0891 0.0995 0.079 -0.9919 -0.1185 -0.9888 -0.0906 LS91.dat
1 0 287.895 -61.4207 -557.571 0.9789 -0.1767 0.1028 0.1191 0.0842 -0.9893 -0.1661 -0.9807 -0.1035 LS91.dat
1 0 286.941 -61.1134 -560.999 0.9635 -0.2414 0.1159 0.1401 0.0856 -0.9864 -0.2283 -0.9666 -0.1163 LS91.dat
1 0 285.669 -60.8297 -564.313 0.9372 -0.3243 0.1281 0.1626 0.0815 -0.9833 -0.3085 -0.9424 -0.1291 LS91.dat
1 0 283.998 -60.5983 -567.462 0.8932 -0.4275 0.1394 0.1863 0.0698 -0.98 -0.4093 -0.9013 -0.142 LS91.dat
1 0 281.872 -60.4592 -570.324 0.8221 -0.5494 0.1496 0.2099 0.0481 -0.9766 -0.5293 -0.8342 -0.1548 LS91.dat
1 0 279.267 -60.4496 -572.8 0.7171 -0.6786 0.1589 0.2304 0.0157 -0.973 -0.6578 -0.7343 -0.1676 LS91.dat
1 0 276.281 -60.5961 -574.748 0.5817 -0.7961 0.1671 0.2446 -0.0247 -0.9693 -0.7758 -0.6047 -0.1804 LS91.dat
1 0 272.996 -60.8959 -576.194 0.4331 -0.8843 0.1743 0.2518 -0.067 -0.9655 -0.8655 -0.462 -0.1937 LS91.dat
1 0 269.587 -61.3254 -577.157 0.2926 -0.9391 0.1802 0.2537 -0.1054 -0.9615 -0.922 -0.327 -0.2075 LS91.dat
1 0 266.104 -61.8605 -577.741 0.1717 -0.9677 0.1844 0.2537 -0.1375 -0.9575 -0.9519 -0.2112 -0.2219 LS91.dat
1 0 262.61 -62.4774 -578.018 0.0726 -0.9797 0.1871 0.2537 -0.1633 -0.9534 -0.9646 -0.1167 -0.2366 LS91.dat
1 0 259.096 -63.1639 -578.057 -0.0073 -0.9821 0.1883 0.2549 -0.1839 -0.9493 -0.9669 -0.0411 -0.2517 LS91.dat
1 0 255.609 -63.8785 -578.095 -0.0339 -0.9804 0.1939 0.2651 -0.1959 -0.9441 -0.9636 -0.0194 -0.2666 LS91.dat
1 0 252.145 -64.5881 -578.394 0.0056 -0.9778 0.2093 0.2883 -0.1989 -0.9367 -0.9575 -0.0656 -0.2808 LS91.dat
1 0 248.679 -65.3129 -578.828 0.0385 -0.9737 0.2246 0.3104 -0.202 -0.9289 -0.9498 -0.1055 -0.2944 LS91.dat
1 0 245.241 -66.0498 -579.364 0.0636 -0.9689 0.2393 0.3308 -0.2057 -0.921 -0.9416 -0.1377 -0.3074 LS91.dat
1 0 241.82 -66.8045 -579.976 0.0807 -0.9641 0.253 0.3496 -0.2104 -0.913 -0.9334 -0.1621 -0.32 LS91.dat
1 0 238.402 -67.5842 -580.636 0.0895 -0.9599 0.2656 0.3666 -0.2162 -0.9049 -0.926 -0.1784 -0.3326 LS91.dat
1 0 235 -68.3912 -581.307 0.0893 -0.9568 0.2767 0.3816 -0.2237 -0.8968 -0.92 -0.1857 -0.3451 LS91.dat
1 0 231.603 -69.2357 -581.95 0.0784 -0.9552 0.2855 0.394 -0.2334 -0.889 -0.9158 -0.1822 -0.358 LS91.dat
1 0 228.202 -70.1299 -582.513 0.0541 -0.9551 0.2912 0.4028 -0.246 -0.8816 -0.9137 -0.165 -0.3714 LS91.dat
1 0 224.799 -71.0887 -582.917 0.011 -0.9563 0.2922 0.4062 -0.2628 -0.8752 -0.9137 -0.1284 -0.3856 LS91.dat
1 0 221.39 -72.1375 -583.041 -0.0605 -0.9565 0.2855 0.4007 -0.2853 -0.8707 -0.9142 -0.0617 -0.4005 LS91.dat
1 0 218.03 -73.3002 -582.683 -0.1775 -0.9476 0.2655 0.3787 -0.3148 -0.8703 -0.9083 0.0539 -0.4148 LS91.dat
1 0 214.888 -74.5842 -581.523 -0.3646 -0.9041 0.2229 0.3267 -0.3483 -0.8786 -0.872 0.2476 -0.4223 LS91.dat
1 0 212.363 -75.9064 -579.267 -0.6205 -0.7692 0.1526 0.2324 -0.3662 -0.901 -0.749 0.5236 -0.4061 LS91.dat
1 0 210.826 -77.0762 -576.14 -0.8443 -0.53 0.0791 0.126 -0.3399 -0.932 -0.5208 0.7769 -0.3538 LS91.dat
1 0 210.125 -78.0118 -572.725 -0.9547 -0.2958 0.0314 0.0575 -0.287 -0.9562 -0.2918 0.9111 -0.291 LS91.dat
1 0 209.899 -78.7908 -569.234 -0.9914 -0.1308 0.004 0.0276 -0.2389 -0.9706 -0.1279 0.9622 -0.2405 LS91.dat
1 0 209.973 -79.4665 -565.731 -0.9996 -0.023 -0.0144 0.0188 -0.2042 -0.9787 -0.0196 0.9787 -0.2046 LS91.dat
1 0 210.273 -80.1969 -562.265 -0.9981 0.0532 -0.0299 0.0184 -0.2053 -0.9785 0.0582 0.9772 -0.204 LS91.dat
1 0 210.943 -81.0138 -558.849 -0.9877 0.1492 -0.0471 0.0129 -0.2223 -0.9749 0.1559 0.9635 -0.2176 LS91.dat
1 0 212.157 -81.9047 -555.617 -0.9558 0.2864 -0.0666 -0.0051 -0.2429 -0.97 0.294 0.9268 -0.2336 LS91.dat
1 0 214.101 -82.8716 -552.74 -0.8774 0.471 -0.0908 -0.0416 -0.2632 -0.9638 0.4779 0.8419 -0.2506 LS91.dat
1 0 216.791 -83.8541 -550.534 -0.7282 0.6748 -0.1196 -0.0957 -0.2729 -0.9573 0.6786 0.6857 -0.2633 LS91.dat
1 0 219.983 -84.7767 -549.123 -0.5296 0.8353 -0.1478 -0.1508 -0.2642 -0.9526 0.8347 0.4822 -0.2659 LS91.dat
1 0 223.4 -85.6171 -548.339 -0.3441 0.9237 -0.1687 -0.1888 -0.2441 -0.9512 0.9198 0.2954 -0.2584 LS91.dat
1 0 226.866 -86.3783 -547.991 -0.2031 0.9622 -0.1812 -0.2083 -0.2233 -0.9522 0.9567 0.1556 -0.2458 LS91.dat
1 0 230.369 -87.0884 -547.927 -0.1026 0.9768 -0.1878 -0.2151 -0.2062 -0.9546 0.9712 0.0576 -0.2312 LS91.dat
1 0 233.859 -87.7799 -547.996 -0.0455 0.9802 -0.1926 -0.2114 -0.1979 -0.9572 0.9764 0.0028 -0.2162 LS91.dat
1 0 237.342 -88.5265 -548 -0.0414 0.9785 -0.202 -0.1966 -0.2062 -0.9586 0.9796 -0 -0.2009 LS91.dat
1 0 240.821 -89.3096 -548 -0.04 0.9764 -0.212 -0.1812 -0.2158 -0.9595 0.9826 -0 -0.1856 LS91.dat
1 0 244.276 -90.1188 -548 -0.0382 0.9745 -0.2212 -0.166 -0.2245 -0.9602 0.9854 -0 -0.1703 LS91.dat
1 0 247.737 -90.9442 -548 -0.0356 0.9732 -0.227 -0.1508 -0.2298 -0.9615 0.9879 -0 -0.1549 LS91.dat
1 0 251.196 -91.746 -548 -0.0317 0.9739 -0.2248 -0.1359 -0.227 -0.9644 0.9902 -0 -0.1395 LS91.dat
1 0 254.694 -92.4707 -548 -0.026 0.9777 -0.2082 -0.1213 -0.2098 -0.9702 0.9923 -0 -0.124 LS91.dat
1 0 258.199 -93.0463 -548 -0.0191 0.9844 -0.1749 -0.1069 -0.1759 -0.9786 0.9941 -0 -0.1086 LS91.dat
1 0 261.732 -93.4551 -548 -0.0123 0.9912 -0.132 -0.0923 -0.1326 -0.9869 0.9957 -0 -0.0931 LS91.dat
1 0 266 -93.9998 -548 0 1 0 0 0 -1 1 -0 0 LS90.dat
1 71 310 -72 -530 1 0 0 0 1 0 0 0 1 4070.dat
1 14 300 -72 -510 1 0 0 0 1 0 0 0 1 4083.dat
1 14 270 -112 -510 0 0 -1 0 1 0 1 0 0 6091.dat
1 14 270 -112 -530 0 0 -1 0 1 0 1 0 0 6091.dat
1 14 300 -72 -410 1 0 0 0 1 0 0 0 1 4083.dat
1 72 210 -56 -520 0 0 -1 0 1 0 1 0 0 2877.dat
1 72 300 -48 -530 -1 0 0 0 1 0 0 0 -1 2877.dat
1 72 300 -80 -460 0 0 1 0 1 0 -1 0 0 3035.dat
1 71 270 -88 -520 0 0 1 0 1 0 -1 0 0 3023.dat
1 71 270 -96 -520 0 0 1 0 1 0 -1 0 0 63868.dat
1 71 280 -88 -410 -1 0 0 0 1 0 0 0 -1 63868.dat
1 72 235.09 -58.821 -410 -0.480989 0 0.876727 0.876727 0 0.480989 0 1 0 62113.dat
1 71 270 -112 -520 0 0 1 0 1 0 -1 0 0 3069b.dat
1 72 220 -64 -520 0 0 -1 0 1 0 1 0 0 3068b.dat
1 19 -100 -24 -140 -1 0 0 0 1 0 0 0 -1 3035.dat
1 14 0 -22 -65 -1 0 0 0 1 0 0 0 -1 32123b.dat
1 14 0 -22 -695 -1 0 0 0 1 0 0 0 -1 32123b.dat
0 MLCAD HIDE 1 14 30 -88 -100 0 0 -1 0 1 0 1 0 0 2432.dat
1 14 8 -264 -422 0 -1 0 -1 0 0 0 0 -1 3069b.dat
1 14 -28 -264 -422 0 1 0 -1 0 0 0 0 1 3069b.dat
0 MLCAD HIDE 1 14 0 -88 -70 1 0 0 0 1 0 0 0 1 6191.dat
0 MLCAD HIDE 1 14 0 -88 -130 -1 0 0 0 1 0 0 0 -1 6191.dat
0 MLCAD HIDE 1 14 -30 -88 -100 0 0 1 0 1 0 -1 0 0 2432.dat
1 14 0 -22 -665 -1 0 0 0 1 0 0 0 -1 32123b.dat
1 0 0 -40 -100 -1 0 0 0 1 0 0 0 -1 6585.dat
1 0 0 -48 -100 -1 0 0 0 1 0 0 0 -1 61485.dat
1 71 0 -56 -100 -1 0 0 0 1 0 0 0 -1 60474.dat
1 72 0 -64 -100 -1 0 0 0 1 0 0 0 -1 4032b.dat
1 4 0 -51 -100 0 0 -1 -1 0 0 0 1 0 32062.dat
1 0 0 -22 -380 0 0 1 0 1 0 -1 0 0 50450.dat
1 0 0 -22 -680 -1 0 0 0 1 0 0 0 -1 32270.dat
1 19 0 -22 -83 -1 0 0 0 1 0 0 0 -1 6589.dat
1 19 0 -38 -100.6 -1 0 0 0 0 1 0 1 0 6589.dat
1 19 100 -24 -140 -1 0 0 0 1 0 0 0 -1 3035.dat
1 19 -80 -24 -40 -1 0 0 0 1 0 0 0 -1 3958.dat
1 19 80 -24 -40 -1 0 0 0 1 0 0 0 -1 3958.dat
1 71 -120 -16 -100 -1 0 0 0 1 0 0 0 -1 3007.dat
1 15 -50 -16 -50 0 0 1 0 1 0 -1 0 0 3622.dat
1 15 50 -16 -50 0 0 1 0 1 0 -1 0 0 3622.dat
1 15 -320 -24 -330 0 0 -1 0 1 0 1 0 0 Hanger Part 2.ldr
1 15 -330 -144 -460 0 0 1 0 1 0 -1 0 0 59350.dat
1 15 330 -144 -300 0 0 -1 0 1 0 1 0 0 59350.dat
1 15 320 -24 -430 0 0 1 0 1 0 -1 0 0 Hanger Part 2.ldr
1 72 320 -176 -230 1 0 0 0 1 0 0 0 1 32000.dat
1 72 320 -176 -270 1 0 0 0 1 0 0 0 1 32000.dat
1 72 -320 -176 -230 1 0 0 0 1 0 0 0 1 32000.dat
1 72 -320 -176 -270 1 0 0 0 1 0 0 0 1 32000.dat
1 72 -320 -176 -290 1 0 0 0 1 0 0 0 1 32000.dat
1 14 -330 -166 -330 -1 0 0 0 1 0 0 0 -1 32014.dat
1 71 -330 -196 -330 0 1 0 1 0 0 0 0 -1 2736.dat
1 71 -320 -144 -530 0 0 -1 0 1 0 1 0 0 30249.dat
0 MLCAD BTG Group name2
1 72 -178.6 -353.2 -229 0 0 1 1 0 0 0 1 0 32524.dat
0 GROUP 19 Group name2
1 76 -263.332 -177.901 -342.016 -0.7071 0 -0.7071 -0.7071 0 0.7071 0 -1 0 80.dat
1 76 -263.332 -177.901 -347.522 -0.7071 0 -0.7071 -0.7071 0 0.7071 0 -1 0 80.dat
1 76 -263.332 -177.901 -353.034 -0.7071 0 -0.7071 -0.7071 0 0.7071 0 -1 0 80.dat
1 76 -263.332 -177.901 -358.543 -0.7071 0 -0.7071 -0.7071 0 0.7071 0 -1 0 80.dat
1 76 -263.332 -177.901 -364.043 -0.7071 0 -0.7071 -0.7071 0 0.7071 0 -1 0 80.dat
1 76 -263.332 -177.901 -369.551 -0.7071 0 -0.7071 -0.7071 0 0.7071 0 -1 0 80.dat
1 76 -263.332 -177.901 -375.058 -0.7071 0 -0.7071 -0.7071 0 0.7071 0 -1 0 80.dat
1 76 -263.332 -177.901 -380.561 -0.7071 0 -0.7071 -0.7071 0 0.7071 0 -1 0 80.dat
1 76 -263.332 -177.901 -386.078 -0.7071 0 -0.7071 -0.7071 0 0.7071 0 -1 0 80.dat
1 76 -263.332 -177.901 -391.581 -0.7071 0 -0.7071 -0.7071 0 0.7071 0 -1 0 80.dat
1 76 -263.332 -177.901 -397.091 -0.7071 0 -0.7071 -0.7071 0 0.7071 0 -1 0 80.dat
1 76 -263.332 -177.901 -402.607 -0.7071 0 -0.7071 -0.7071 0 0.7071 0 -1 0 80.dat
1 76 -263.332 -177.901 -408.128 -0.7071 0 -0.7071 -0.7071 0 0.7071 0 -1 0 80.dat
1 76 -263.332 -177.901 -413.632 -0.7071 0 -0.7071 -0.7071 0 0.7071 0 -1 0 80.dat
1 76 -263.332 -177.901 -419.146 -0.7071 0 -0.7071 -0.7071 0 0.7071 0 -1 0 80.dat
1 76 -263.332 -177.901 -424.649 -0.7071 0 -0.7071 -0.7071 0 0.7071 0 -1 0 80.dat
1 76 -263.332 -177.901 -430.169 -0.7071 0 -0.7071 -0.7071 0 0.7071 0 -1 0 80.dat
1 76 -263.332 -177.901 -435.687 -0.7071 0 -0.7071 -0.7071 0 0.7071 0 -1 0 80.dat
1 76 -263.332 -177.901 -441.209 -0.7071 0 -0.7071 -0.7071 0 0.7071 0 -1 0 80.dat
1 76 -263.332 -177.901 -446.716 -0.7071 0 -0.7071 -0.7071 0 0.7071 0 -1 0 80.dat
1 76 -263.332 -177.901 -452.237 -0.7071 0 -0.7071 -0.7071 0 0.7071 0 -1 0 80.dat
1 76 -263.332 -177.901 -457.75 -0.7071 0 -0.7071 -0.7071 0 0.7071 0 -1 0 80.dat
1 76 -263.332 -177.901 -463.257 -0.7071 0 -0.7071 -0.7071 0 0.7071 0 -1 0 80.dat
1 76 -263.332 -177.901 -468.759 -0.7071 0 -0.7071 -0.7071 0 0.7071 0 -1 0 80.dat
1 76 -263.332 -177.901 -474.278 -0.7071 0 -0.7071 -0.7071 0 0.7071 0 -1 0 80.dat
1 76 -263.332 -177.901 -479.789 -0.7071 0 -0.7071 -0.7071 0 0.7071 0 -1 0 80.dat
1 76 -263.332 -177.901 -485.311 -0.7071 0 -0.7071 -0.7071 0 0.7071 0 -1 0 80.dat
1 76 -263.332 -177.901 -490.818 -0.7071 0 -0.7071 -0.7071 0 0.7071 0 -1 0 80.dat
1 76 -263.332 -177.901 -496.327 -0.7071 0 -0.7071 -0.7071 0 0.7071 0 -1 0 80.dat
1 76 -263.332 -177.901 -501.831 -0.7071 0 -0.7071 -0.7071 0 0.7071 0 -1 0 80.dat
1 76 -263.332 -177.901 -507.349 -0.7071 0 -0.7071 -0.7071 0 0.7071 0 -1 0 80.dat
1 76 -263.332 -177.901 -512.872 -0.7071 0 -0.7071 -0.7071 0 0.7071 0 -1 0 80.dat
1 76 -263.332 -177.901 -518.393 -0.7071 0 -0.7071 -0.7071 0 0.7071 0 -1 0 79.dat
1 76 -277.476 -163.758 -342.016 -0.7071 0 -0.7071 -0.7071 0 0.7071 0 -1 0 80.dat
1 76 -277.476 -163.758 -347.522 -0.7071 0 -0.7071 -0.7071 0 0.7071 0 -1 0 80.dat
1 76 -277.476 -163.758 -353.034 -0.7071 0 -0.7071 -0.7071 0 0.7071 0 -1 0 80.dat
1 76 -277.476 -163.758 -358.543 -0.7071 0 -0.7071 -0.7071 0 0.7071 0 -1 0 80.dat
1 76 -277.476 -163.758 -364.043 -0.7071 0 -0.7071 -0.7071 0 0.7071 0 -1 0 80.dat
1 76 -277.476 -163.758 -369.551 -0.7071 0 -0.7071 -0.7071 0 0.7071 0 -1 0 80.dat
1 76 -277.476 -163.758 -375.058 -0.7071 0 -0.7071 -0.7071 0 0.7071 0 -1 0 80.dat
1 76 -277.476 -163.758 -380.561 -0.7071 0 -0.7071 -0.7071 0 0.7071 0 -1 0 80.dat
1 76 -277.476 -163.758 -386.078 -0.7071 0 -0.7071 -0.7071 0 0.7071 0 -1 0 80.dat
1 76 -277.476 -163.758 -391.581 -0.7071 0 -0.7071 -0.7071 0 0.7071 0 -1 0 80.dat
1 76 -277.476 -163.758 -397.091 -0.7071 0 -0.7071 -0.7071 0 0.7071 0 -1 0 80.dat
1 76 -277.476 -163.758 -402.607 -0.7071 0 -0.7071 -0.7071 0 0.7071 0 -1 0 80.dat
1 76 -277.476 -163.758 -408.128 -0.7071 0 -0.7071 -0.7071 0 0.7071 0 -1 0 80.dat
1 76 -277.476 -163.758 -413.632 -0.7071 0 -0.7071 -0.7071 0 0.7071 0 -1 0 80.dat
1 76 -277.476 -163.758 -419.146 -0.7071 0 -0.7071 -0.7071 0 0.7071 0 -1 0 80.dat
1 76 -277.476 -163.758 -424.649 -0.7071 0 -0.7071 -0.7071 0 0.7071 0 -1 0 80.dat
1 76 -277.476 -163.758 -430.169 -0.7071 0 -0.7071 -0.7071 0 0.7071 0 -1 0 80.dat
1 76 -277.476 -163.758 -435.687 -0.7071 0 -0.7071 -0.7071 0 0.7071 0 -1 0 80.dat
1 76 -277.476 -163.758 -441.209 -0.7071 0 -0.7071 -0.7071 0 0.7071 0 -1 0 80.dat
1 76 -277.476 -163.758 -446.716 -0.7071 0 -0.7071 -0.7071 0 0.7071 0 -1 0 80.dat
1 76 -277.476 -163.758 -452.237 -0.7071 0 -0.7071 -0.7071 0 0.7071 0 -1 0 80.dat
1 76 -277.476 -163.758 -457.75 -0.7071 0 -0.7071 -0.7071 0 0.7071 0 -1 0 80.dat
1 76 -277.476 -163.758 -463.257 -0.7071 0 -0.7071 -0.7071 0 0.7071 0 -1 0 80.dat
1 76 -277.476 -163.758 -468.759 -0.7071 0 -0.7071 -0.7071 0 0.7071 0 -1 0 80.dat
1 76 -277.476 -163.758 -474.278 -0.7071 0 -0.7071 -0.7071 0 0.7071 0 -1 0 80.dat
1 76 -277.476 -163.758 -479.789 -0.7071 0 -0.7071 -0.7071 0 0.7071 0 -1 0 80.dat
1 76 -277.476 -163.758 -485.311 -0.7071 0 -0.7071 -0.7071 0 0.7071 0 -1 0 80.dat
1 76 -277.476 -163.758 -490.818 -0.7071 0 -0.7071 -0.7071 0 0.7071 0 -1 0 80.dat
1 76 -277.476 -163.758 -496.327 -0.7071 0 -0.7071 -0.7071 0 0.7071 0 -1 0 80.dat
1 76 -277.476 -163.758 -501.831 -0.7071 0 -0.7071 -0.7071 0 0.7071 0 -1 0 80.dat
1 76 -277.476 -163.758 -507.349 -0.7071 0 -0.7071 -0.7071 0 0.7071 0 -1 0 80.dat
1 76 -277.476 -163.758 -512.872 -0.7071 0 -0.7071 -0.7071 0 0.7071 0 -1 0 80.dat
1 76 -277.476 -163.758 -518.393 -0.7071 0 -0.7071 -0.7071 0 0.7071 0 -1 0 79.dat
1 0 310 -63 -528 0.9999 -0.0121 0 -0 -0.0005 -1 0.0121 0.9999 -0.0005 LS90.dat
1 0 310.218 -62.9885 -539.959 0.9995 0.0268 -0.0147 -0.0147 0.0017 -0.9999 0.0268 -0.9996 -0.0021 LS91.dat
1 0 310.34 -62.9769 -543.257 0.9992 0.0334 -0.0216 -0.0217 0.0029 -0.9998 0.0334 -0.9994 -0.0036 LS91.dat
1 0 310.471 -62.9596 -546.525 0.9989 0.0379 -0.0285 -0.0287 0.0045 -0.9996 0.0378 -0.9993 -0.0055 LS91.dat
1 0 310.607 -62.935 -549.811 0.9986 0.04 -0.0353 -0.0356 0.0064 -0.9993 0.0398 -0.9992 -0.0079 LS91.dat
1 0 310.737 -62.9013 -553.117 0.9983 0.0396 -0.0422 -0.0426 0.0089 -0.9991 0.0392 -0.9992 -0.0106 LS91.dat
1 0 310.851 -62.857 -556.399 0.9981 0.0364 -0.049 -0.0495 0.0119 -0.9987 0.0358 -0.9993 -0.0137 LS91.dat
1 0 310.939 -62.7999 -559.681 0.998 0.0299 -0.0559 -0.0563 0.0155 -0.9983 0.029 -0.9994 -0.0171 LS91.dat
1 0 310.987 -62.7269 -562.986 0.9978 0.0197 -0.0627 -0.0631 0.0198 -0.9978 0.0184 -0.9996 -0.021 LS91.dat
1 0 310.979 -62.6361 -566.266 0.9976 0.0052 -0.0696 -0.0697 0.0249 -0.9973 0.0035 -0.9997 -0.0252 LS91.dat
1 0 310.897 -62.5235 -569.542 0.997 -0.0145 -0.0765 -0.0761 0.0311 -0.9966 -0.0168 -0.9994 -0.0299 LS91.dat
1 0 310.719 -62.3841 -572.828 0.9957 -0.0406 -0.0836 -0.0821 0.0385 -0.9959 -0.0437 -0.9984 -0.035 LS91.dat
1 0 310.416 -62.2125 -576.115 0.9931 -0.0744 -0.0909 -0.0875 0.0473 -0.995 -0.0784 -0.9961 -0.0405 LS91.dat
