0 FILE Jango Fett.ldr
0 Jango Fett
0 Name: Jango Fett.ldr
0 Author: R Paluczak
0 Unofficial Model
0 ROTATION CENTER 0 0 0 1 "Custom" 
0 ROTATION CONFIG 0 0
1 0 0 -8 0 1 0 0 0 1 0 0 0 1 Torso.ldr
1 0 115.311 369.595 -115.642 -0.00235068 0.999977 -0.00646053 0.697929 0.00626737 0.71614 0.716163 -0.00282537 -0.697927 Right Arm.ldr
1 0 55 -24 9 1 0 0 0 1 0 0 0 1 Head.ldr
1 0 15 680 -70 1 0 0 0 0 -1 0 1 0 Right Leg.ldr
1 0 109 680 11 0.707107 -0.707107 0 0 0 -1 0.707107 0.707107 0 Left Leg.ldr
1 0 -188.877 367.269 -120.422 0 1 0 0.707107 0 0.707107 0.707107 0 -0.707107 Left Arm.ldr
0
0 FILE Right Leg.ldr
0 Right Leg
0 Name: Right Leg.ldr
0 Author: R Paluczak
0 Unofficial Model
0 ROTATION CENTER 0 0 0 1 "Custom" 
0 ROTATION CONFIG 0 0
1 0 -50 8 0 1 0 0 0 1 0 0 0 1 32291.dat
1 7 -50 -12 40 1 0 0 0 0 -1 0 1 0 32474.dat
1 7 -50 8 60 1 0 0 0 -1 0 0 0 -1 6536.dat
1 8 -90 8 320 1 0 0 0 -1 0 0 0 -1 6536.dat
1 8 -130 -20 400 -1 0 0 0 -1 0 0 0 1 Gun.ldr
1 8 -90 8 340 1 0 0 0 -1 0 0 0 -1 6536.dat
1 8 -105 8 340 0 0 -1 1 0 0 0 -1 0 6575.dat
1 7 -50 8 320 1 0 0 0 -1 0 0 0 -1 6536.dat
1 7 -55 8 160 0 -1 0 -1 0 0 0 0 -1 41677.dat
1 7 -55 -32 160 0 -1 0 -1 0 0 0 0 -1 41677.dat
1 7 -50 -32 200 0 0 -1 0 -1 0 -1 0 0 3713.dat
1 7 -50 8 400 0 0 -1 0 -1 0 -1 0 0 3713.dat
1 7 -65 8 280 0 0 -1 0 -1 0 -1 0 0 32123a.dat
1 7 -45 8 160 0 -1 0 -1 0 0 0 0 -1 41677.dat
1 7 -45 -32 160 0 -1 0 -1 0 0 0 0 -1 41677.dat
1 7 -55 48 460 0 -1 0 -1 0 0 0 0 -1 41677.dat
1 7 -45 48 460 0 -1 0 -1 0 0 0 0 -1 41677.dat
1 0 -50 8 0 1 0 0 0 1 0 0 0 1 4519.dat
1 0 -50 8 60 1 0 0 0 1 0 0 0 1 4519.dat
1 0 -50 -32 200 1 0 0 0 1 0 0 0 1 4519.dat
1 0 -50 8 280 1 0 0 0 1 0 0 0 1 4519.dat
1 7 -65 -32 280 0 0 -1 0 -1 0 -1 0 0 32123a.dat
1 0 -50 -32 280 1 0 0 0 1 0 0 0 1 4519.dat
1 7 -65 -32 320 0 0 -1 0 -1 0 -1 0 0 32123a.dat
1 7 -75 8 440 0 0 -1 0 -1 0 -1 0 0 32123a.dat
1 7 -25 8 440 0 0 -1 0 -1 0 -1 0 0 32123a.dat
1 7 -35 -32 280 0 0 -1 0 -1 0 -1 0 0 32123a.dat
1 7 -35 -32 320 0 0 -1 0 -1 0 -1 0 0 32123a.dat
1 7 -35 8 280 0 0 -1 0 -1 0 -1 0 0 32123a.dat
1 7 -35 8 320 0 0 -1 0 -1 0 -1 0 0 32123a.dat
1 7 -50 -32 280 0 -1 0 1 0 0 0 0 1 32348.dat
1 7 -65 8 320 0 0 -1 0 -1 0 -1 0 0 32123a.dat
1 0 -50 -32 320 1 0 0 0 1 0 0 0 1 4519.dat
1 0 -60 8 320 1 0 0 0 1 0 0 0 1 32073.dat
1 0 -40 8 400 1 0 0 0 1 0 0 0 1 3705.dat
1 7 -50 8 440 0 0 -1 0 -1 0 -1 0 0 3713.dat
1 0 -40 8 440 1 0 0 0 1 0 0 0 1 3705.dat
1 0 -50 48 440 1 0 0 0 1 0 0 0 1 32062.dat
1 0 -40 48 460 1 0 0 0 1 0 0 0 1 32062.dat
1 0 -50 8 140 1 0 0 0 1 0 0 0 1 32062.dat
1 0 -50 -32 140 1 0 0 0 1 0 0 0 1 32062.dat
1 0 -50 -12 160 1 0 0 0 1 0 0 0 1 32062.dat
1 0 -50 -32 160 1 0 0 0 1 0 0 0 1 32062.dat
1 0 -50 8 160 1 0 0 0 1 0 0 0 1 32062.dat
1 0 -90 8 340 1 0 0 0 1 0 0 0 1 32062.dat
1 0 -50 -12 140 -1 0 0 0 1 0 0 0 -1 32039.dat
1 0 -75 8 30 0 1 0 -1 0 0 0 0 1 32449.dat
1 0 -25 8 30 0 1 0 -1 0 0 0 0 1 32449.dat
1 0 -50 -12 90 0 1 0 0 0 -1 -1 0 0 3706.dat
1 110 -65 8 140 0 -1 0 -1 0 0 0 0 -1 32250.dat
1 110 -75 -32 280 0 1 0 1 0 0 0 0 -1 32250.dat
1 110 -25 -32 280 0 1 0 1 0 0 0 0 -1 32250.dat
1 110 -75 8 320 0 1 0 -1 0 0 0 0 1 32250.dat
1 110 -25 8 320 0 1 0 -1 0 0 0 0 1 32250.dat
1 110 -50 8 300 -1 0 0 0 0 1 0 1 0 32184.dat
1 110 -65 -32 160 0 -1 0 1 0 0 0 0 1 32249.dat
1 110 -65 8 440 0 -1 0 0 0 1 -1 0 0 32249.dat
1 110 -35 8 440 0 -1 0 0 0 1 -1 0 0 32249.dat
1 110 -35 -32 160 0 -1 0 1 0 0 0 0 1 32249.dat
1 110 -35 8 140 0 -1 0 -1 0 0 0 0 -1 32250.dat
1 0 -50 -12 40 1 0 0 0 0 1 0 -1 0 32475.dat
1 7 -60 28 -10 0 0 1 0 1 0 -1 0 0 4274.dat
1 7 -40 28 -10 0 0 1 0 1 0 -1 0 0 4274.dat
0
0 FILE Left Leg.ldr
0 Left Leg
0 Name: Left Leg.ldr
0 Author: R Paluczak
0 Unofficial Model
0 ROTATION CENTER 0 0 0 1 "Custom" 
0 ROTATION CONFIG 0 0
1 0 -50 8 0 1 0 0 0 1 0 0 0 1 32291.dat
1 7 -50 -12 40 1 0 0 0 0 -1 0 1 0 32474.dat
1 7 -50 8 60 1 0 0 0 -1 0 0 0 -1 6536.dat
1 8 -10 8 320 1 0 0 0 -1 0 0 0 -1 6536.dat
1 8 -110 8 320 0 0 -1 0 -1 0 -1 0 0 32192.dat
1 8 -10 8 340 1 0 0 0 -1 0 0 0 -1 6536.dat
1 8 5 8 340 0 0 -1 1 0 0 0 -1 0 6575.dat
1 7 -50 8 320 1 0 0 0 -1 0 0 0 -1 6536.dat
1 7 -55 8 160 0 -1 0 -1 0 0 0 0 -1 41677.dat
1 7 -55 -32 160 0 -1 0 -1 0 0 0 0 -1 41677.dat
1 7 -50 -32 200 0 0 -1 0 -1 0 -1 0 0 3713.dat
1 7 -50 8 400 0 0 -1 0 -1 0 -1 0 0 3713.dat
1 7 -65 8 280 0 0 -1 0 -1 0 -1 0 0 32123a.dat
1 7 -45 8 160 0 -1 0 -1 0 0 0 0 -1 41677.dat
1 7 -45 -32 160 0 -1 0 -1 0 0 0 0 -1 41677.dat
1 0 -50 8 0 1 0 0 0 1 0 0 0 1 4519.dat
1 0 -50 8 60 1 0 0 0 1 0 0 0 1 4519.dat
1 0 -50 -32 200 1 0 0 0 1 0 0 0 1 4519.dat
1 0 -50 8 280 1 0 0 0 1 0 0 0 1 4519.dat
1 7 -65 -32 280 0 0 -1 0 -1 0 -1 0 0 32123a.dat
1 0 -50 -32 280 1 0 0 0 1 0 0 0 1 4519.dat
1 7 -65 -32 320 0 0 -1 0 -1 0 -1 0 0 32123a.dat
1 7 -65 8 400 0 0 -1 0 -1 0 -1 0 0 32123a.dat
1 7 -35 -32 280 0 0 -1 0 -1 0 -1 0 0 32123a.dat
1 7 -35 -32 320 0 0 -1 0 -1 0 -1 0 0 32123a.dat
1 7 -35 8 280 0 0 -1 0 -1 0 -1 0 0 32123a.dat
1 7 -35 8 320 0 0 -1 0 -1 0 -1 0 0 32123a.dat
1 7 -50 -32 280 0 -1 0 1 0 0 0 0 1 32348.dat
1 7 -65 8 320 0 0 -1 0 -1 0 -1 0 0 32123a.dat
1 0 -50 -32 320 1 0 0 0 1 0 0 0 1 4519.dat
1 0 -40 8 320 1 0 0 0 1 0 0 0 1 32073.dat
1 0 -60 8 400 1 0 0 0 1 0 0 0 1 3705.dat
1 0 -50 8 140 1 0 0 0 1 0 0 0 1 32062.dat
1 0 -50 -32 140 1 0 0 0 1 0 0 0 1 32062.dat
1 0 -50 -12 160 1 0 0 0 1 0 0 0 1 32062.dat
1 0 -50 -32 160 1 0 0 0 1 0 0 0 1 32062.dat
1 0 -50 8 160 1 0 0 0 1 0 0 0 1 32062.dat
1 0 -10 8 340 1 0 0 0 1 0 0 0 1 32062.dat
1 0 -50 -12 140 -1 0 0 0 1 0 0 0 -1 32039.dat
1 0 -75 8 30 0 1 0 -1 0 0 0 0 1 32449.dat
1 0 -25 8 30 0 1 0 -1 0 0 0 0 1 32449.dat
1 0 -50 -12 90 0 1 0 0 0 -1 -1 0 0 3706.dat
1 110 -65 8 140 0 -1 0 -1 0 0 0 0 -1 32250.dat
1 110 -75 -32 280 0 1 0 1 0 0 0 0 -1 32250.dat
1 110 -25 -32 280 0 1 0 1 0 0 0 0 -1 32250.dat
1 110 -75 8 320 0 1 0 -1 0 0 0 0 1 32250.dat
1 110 -25 8 320 0 1 0 -1 0 0 0 0 1 32250.dat
1 110 -50 8 300 -1 0 0 0 0 1 0 1 0 32184.dat
1 110 -65 -32 160 0 -1 0 1 0 0 0 0 1 32249.dat
1 110 -35 8 440 0 -1 0 0 0 1 -1 0 0 32249.dat
1 110 -35 -32 160 0 -1 0 1 0 0 0 0 1 32249.dat
1 110 -35 8 140 0 -1 0 -1 0 0 0 0 -1 32250.dat
1 0 -50 -12 40 1 0 0 0 0 1 0 -1 0 32475.dat
1 7 -60 28 -10 0 0 1 0 1 0 -1 0 0 4274.dat
1 7 -40 28 -10 0 0 1 0 1 0 -1 0 0 4274.dat
1 8 -50 -20 400 -1 0 0 0 -1 0 0 0 1 Gun.ldr
0
0 FILE Torso.ldr
0 Torso
0 Name: Torso.ldr
0 Author: R Paluczak
0 Unofficial Model
0 ROTATION CENTER 0 0 0 1 "Custom" 
0 ROTATION CONFIG 0 0
1 8 -30 48 0 0 -1 0 -1 0 0 0 0 -1 6632.dat
1 8 0 48 0 0 -1 0 -1 0 0 0 0 -1 6632.dat
1 8 50 48 0 0 -1 0 -1 0 0 0 0 -1 6632.dat
1 8 10 48 -40 0 -1 0 -1 0 0 0 0 -1 6632.dat
1 8 40 48 -40 0 -1 0 -1 0 0 0 0 -1 6632.dat
1 8 25 63 -100 0 0 -1 0 -1 0 -1 0 0 32449.dat
1 8 25 73 -100 0 0 -1 0 -1 0 -1 0 0 32449.dat
1 8 25 48 -80 -1 0 0 0 0 -1 0 -1 0 32291.dat
1 8 10 48 40 0 -1 0 -1 0 0 0 0 -1 32056.dat
1 8 40 48 40 0 -1 0 -1 0 0 0 0 -1 32056.dat
1 8 26 -11 101 0 0 1 0 -1 0 1 0 0 6536.dat
1 484 0 8 40 0 -1 0 0 0 -1 1 0 0 41677.dat
1 484 50 8 40 0 -1 0 0 0 -1 1 0 0 41677.dat
1 8 -15 208 0 0 -1 0 0 0 1 -1 0 0 32009.dat
1 8 65 208 0 0 -1 0 0 0 1 -1 0 0 32009.dat
1 8 5 268 -40 0 1 0 0 0 -1 -1 0 0 32140.dat
1 8 25 268 -60 1 0 0 0 0 -1 0 1 0 32184.dat
1 8 25 248 -60 0 1 0 1 0 0 0 0 -1 32014.dat
1 110 25 288 -60 0 0.707107 -0.707107 1 0 0 0 -0.707107 -0.707107 32192.dat
1 8 45 268 -80 1 0 0 0 1 0 0 0 1 6536.dat
1 8 45 288 -90 0 1 0 0 0 -1 -1 0 0 32002.dat
1 8 5 288 -90 0 1 0 0 0 -1 -1 0 0 32002.dat
1 7 25 328 -100 1 0 0 0 0 -1 0 1 0 32175.dat
1 7 -95 32 -20 0 0 1 0 1 0 -1 0 0 32175.dat
1 8 5 268 -80 1 0 0 0 1 0 0 0 1 6536.dat
1 8 -15 48 -40 1 0 0 0 1 0 0 0 1 6536.dat
1 8 25 48 0 1 0 0 0 0 1 0 -1 0 6536.dat
1 7 -15 68 -30 0 0 -1 0 1 0 1 0 0 3749.dat
1 7 15 228 0 -1 0 0 0 0.19509 0.980785 0 0.980785 -0.19509 3673.dat
1 7 55 228 -40 1 0 0 0 1 0 0 0 1 3749.dat
1 7 -5 208 -60 -1 0 0 0 1 0 0 0 -1 3673.dat
1 8 45 268 -40 0 1 0 0 0 -1 -1 0 0 32140.dat
1 110 60 228 -40 0 1 0 0 0 1 1 0 0 32056.dat
1 110 70 228 -40 0 1 0 0 0 1 1 0 0 32056.dat
1 7 55 208 -60 -1 0 0 0 1 0 0 0 -1 3673.dat
1 7 -5 268 40 1 0 0 0 -1 0 0 0 -1 3749.dat
1 8 -15 68 -20 0 0 -1 0 -1 0 -1 0 0 6536.dat
1 8 -25 48 -20 1 0 0 0 -1 0 0 0 -1 32054.dat
1 0 -70 48 -20 1 0 0 0 -1 0 0 0 -1 4519.dat
1 7 -60 48 -20 0 0 1 0 -1 0 1 0 0 32123a.dat
1 7 -75 30 -20 0 1 0 0 0 1 1 0 0 33299.dat
1 7 145 32 -20 0 0 -1 0 1 0 1 0 0 32175.dat
1 0 120 48 -20 -1 0 0 0 -1 0 0 0 1 4519.dat
1 7 110 48 -20 0 0 -1 0 -1 0 -1 0 0 32123a.dat
1 7 125 30 -20 0 -1 0 0 0 1 -1 0 0 33299.dat
1 8 80 48 -40 0 1 0 -1 0 0 0 0 1 6632.dat
1 8 75 48 -20 -1 0 0 0 -1 0 0 0 1 32054.dat
1 8 65 48 -40 1 0 0 0 1 0 0 0 1 6536.dat
1 7 65 68 -30 0 0 -1 0 1 0 1 0 0 3749.dat
1 8 65 68 -20 0 0 -1 0 -1 0 -1 0 0 6536.dat
1 0 25 48 -40 1 0 0 0 -1 0 0 0 -1 3706.dat
1 0 25 48 -80 1 0 0 0 -1 0 0 0 -1 4519.dat
1 0 -25 178 -80 0 -1 0 -1 0 0 0 0 -1 4459.dat
1 0 -5 178 -80 0 -1 0 -1 0 0 0 0 -1 4459.dat
1 135 25 178 -80 0 1 0 0 0 -1 -1 0 0 32528.dat
1 135 25 178 -80 0 -1 0 0 0 -1 1 0 0 32527.dat
1 135 -29.81 58 -56.589 -0.868199 -0.496217 0 0 0 1 -0.496217 0.868199 0 32528.dat
1 135 79.811 58 -56.59 -0.868199 0.496217 0 0 0 1 0.496217 0.868199 0 32527.dat
1 0 55 178 -80 0 -1 0 -1 0 0 0 0 -1 4459.dat
1 0 75 178 -80 0 -1 0 -1 0 0 0 0 -1 4459.dat
1 0 25 268 -40 1 0 0 0 -1 0 0 0 -1 3705.dat
1 0 55 228 0 1 0 0 0 -1 0 0 0 -1 32062.dat
1 0 25 268 -80 1 0 0 0 0 1 0 -1 0 4519.dat
1 0 -5 208 -80 1 0 0 0 0 1 0 -1 0 32062.dat
1 0 55 208 -80 1 0 0 0 0 1 0 -1 0 32062.dat
1 6 25 208 -80 0 0 -1 0 1 0 1 0 0 32034.dat
1 6 25 208 -100 0 0 -1 0 1 0 1 0 0 6536.dat
1 7 25 208 -90 0 0 1 0 1 0 -1 0 0 3749.dat
1 6 -35 228 -40 0 0 -1 0 -1 0 -1 0 0 6536.dat
1 7 -35 228 -50 0 0 1 0 -1 0 1 0 0 3749.dat
1 6 85 228 -40 0 0 -1 0 -1 0 -1 0 0 6536.dat
1 7 85 228 -50 0 0 1 0 -1 0 1 0 0 3749.dat
1 0 -25 208 -40 1 0 0 0 1 0 0 0 1 2780.dat
1 0 25 228 -100 1 0 0 0 1 0 0 0 1 6558.dat
1 0 75 208 -40 1 0 0 0 1 0 0 0 1 2780.dat
1 0 35 58 -100 0 1 0 1 0 0 0 0 -1 2780.dat
1 0 15 58 -100 0 1 0 1 0 0 0 0 -1 2780.dat
1 8 -14.865 38 -82.67 0 -0.997564 -0.0697565 -1 0 0 0 0.0697565 -0.997564 32002.dat
1 8 25 33 -82.8 0 0 1 0 1 0 -1 0 0 32017.dat
1 8 64.965 38 -82.662 0 -0.997564 0.0697565 -1 0 0 0 -0.0697565 -0.997564 32002.dat
1 7 55 58 -100 0 0.868199 -0.496217 1 0 0 0 -0.496217 -0.868199 3749.dat
1 7 -5 58 -100 0 -0.496217 0.868199 1 0 0 0 0.868199 0.496217 3749.dat
1 0 25 48 -20 0 1 0 1 0 0 0 0 -1 32054.dat
1 0 25 268 -60 0 1 0 1 0 0 0 0 -1 6558.dat
1 0 25 48 0 1 0 0 0 -1 0 0 0 -1 3706.dat
1 0 25 48 40 1 0 0 0 -1 0 0 0 -1 3707.dat
1 0 85 88 60 1 0 0 0 -1 0 0 0 -1 32062.dat
1 0 105 128 40 1 0 0 0 -1 0 0 0 -1 32062.dat
1 7 115 128 40 1 0 0 0 1 0 0 0 1 6553.dat
1 0 -55 128 40 1 0 0 0 -1 0 0 0 -1 32062.dat
1 7 -65 128 40 1 0 0 0 1 0 0 0 1 6553.dat
1 8 -15 168 -60 1 0 0 0 0 1 0 -1 0 32291.dat
1 8 65 168 -60 1 0 0 0 0 1 0 -1 0 32291.dat
1 7 85 28 40 1 0 0 0 -1 0 0 0 -1 43093.dat
1 0 -35 88 60 1 0 0 0 -1 0 0 0 -1 32062.dat
1 7 -35 28 40 -1 0 0 0 -1 0 0 0 1 43093.dat
1 1 95 78 40 0 -1 0 0 0 -1 1 0 0 32307.dat
1 1 -45 78 40 0 1 0 0 0 1 1 0 0 32307.dat
1 1 75 88 60 0 1 0 0 0 -1 -1 0 0 32140.dat
1 1 -25 88 60 0 1 0 0 0 -1 -1 0 0 32140.dat
1 0 25 8 40 1 0 0 0 0 1 0 -1 0 4519.dat
1 0 25 -12 40 1 0 0 0 0 1 0 -1 0 3705.dat
1 0 25 -52 40 1 0 0 0 0 1 0 -1 0 32074c01.dat
1 0 36 -31 101 -1 0 0 0 1 0 0 0 -1 6628.dat
1 7 25 -53 64 1 0 0 0 0 1 0 -1 0 76110.dat
1 7 -10 -12 40 0 0 -1 0 -1 0 -1 0 0 32123a.dat
1 7 60 -12 40 0 0 -1 0 -1 0 -1 0 0 32123a.dat
1 7 25 8 40 0 0 -1 0 -1 0 -1 0 0 3713.dat
1 7 -5 48 40 0 0 -1 0 -1 0 -1 0 0 3713.dat
1 7 -25 48 40 0 0 -1 0 -1 0 -1 0 0 3713.dat
1 7 75 48 40 0 0 -1 0 -1 0 -1 0 0 3713.dat
1 7 55 48 40 0 0 -1 0 -1 0 -1 0 0 3713.dat
1 0 -6 168 -10 0 1 0 0 0 1 1 0 0 Torso Part 2.ldr
1 0 12 268 100 0 -1 0 0 0 -1 1 0 0 Torso Part 3.ldr
1 0 12 317.43 21.459 0 -1 0 0.887011 0 -0.461749 0.461749 0 0.887011 Torso Part 5.ldr
1 0 12 137.725 58.74 0 -1 0 -0.980785 0 -0.19509 0.19509 0 -0.980785 Torso Part 4.ldr
1 0 94 108.045 13.333 1 0 0 0 0.83147 0.55557 0 -0.55557 0.83147 Torso Part 6.ldr
1 7 55 139.112 16.63 1 0 0 0 0.480989 0.876727 0 -0.876727 0.480989 4274.dat
1 8 50 174.18 35.868 0 -1 0 0.480989 0 0.876727 -0.876727 0 0.480989 32017.dat
1 6 11.5 228.254 -100.374 0 1 0 0.9962 0 0.0872 0.0872 0 -0.9962 79.dat
1 6 5.9991 228.254 -100.374 0 -1 0 0.9962 0 0.0872 0.0872 0 -0.9962 80.dat
1 6 0.498 228.254 -100.374 0 -1 0 0.9962 0 0.0872 0.0872 0 -0.9962 80.dat
1 6 -4.9804 228.254 -100.044 0.0114 -0.9913 -0.1314 0.9963 0 0.0864 0.0856 0.1318 -0.9876 80.dat
1 6 -9.9813 228.254 -98.1856 0.0414 -0.8108 -0.5838 0.9975 0 0.0708 0.0574 0.5853 -0.8088 80.dat
1 6 -13.8234 228.254 -94.3625 0.0482 -0.5632 -0.8249 0.9983 0 0.0583 0.0329 0.8263 -0.5622 80.dat
1 6 -17.047 228.254 -89.9091 0.0553 -0.6136 -0.7877 0.9975 0 0.0701 0.043 0.7897 -0.612 80.dat
1 6 -20.8397 228.254 -85.9773 0.0541 -0.7807 -0.6226 0.9962 0 0.0866 0.0676 0.6249 -0.7777 80.dat
1 6 -25.3978 228.254 -82.9387 0.0387 -0.8855 -0.4631 0.9965 0 0.0832 0.0737 0.4647 -0.8824 80.dat
1 6 -30.2386 228.254 -80.3241 0.0359 -0.873 -0.4864 0.9973 0 0.0736 0.0643 0.4877 -0.8706 80.dat
1 6 -34.1248 228.254 -76.7042 0.0688 -0.5063 -0.8596 0.9968 0 0.0798 0.0404 0.8624 -0.5047 80.dat
1 6 -35.6585 228.254 -71.6164 0.0872 -0.0058 -0.9962 0.9962 0 0.0872 0.0005 1 -0.0058 80.dat
1 6 -35.7305 228.254 -66.1158 0.0871 -0.0219 -0.996 0.9962 0 0.0871 0.0019 0.9998 -0.0218 80.dat
1 6 -35.8619 228.254 -60.6167 0.0871 -0.0263 -0.9959 0.9962 0 0.0871 0.0023 0.9997 -0.0262 80.dat
1 6 -35.9665 228.254 -55.1165 0.0871 -0.0103 -0.9961 0.9962 0 0.0872 0.0009 0.9999 -0.0102 79.dat
1 6 37.5 228.254 -100.374 0 -1 0 -0.9962 0 -0.0872 0.0872 0 -0.9962 79.dat
1 6 43.001 228.254 -100.374 0 1 0 -0.9962 0 -0.0872 0.0872 0 -0.9962 80.dat
1 6 48.502 228.254 -100.374 0 1 0 -0.9962 0 -0.0872 0.0872 0 -0.9962 80.dat
1 6 53.98 228.254 -100.044 -0.0114 0.9913 0.1314 -0.9963 0 -0.0864 0.0856 0.1318 -0.9876 80.dat
1 6 58.981 228.254 -98.186 -0.0414 0.8108 0.5838 -0.9975 0 -0.0708 0.0574 0.5853 -0.8088 80.dat
1 6 62.823 228.254 -94.363 -0.0482 0.5632 0.8249 -0.9983 0 -0.0583 0.0329 0.8263 -0.5622 80.dat
1 6 66.047 228.254 -89.909 -0.0553 0.6136 0.7877 -0.9975 0 -0.0701 0.043 0.7897 -0.612 80.dat
1 6 69.84 228.254 -85.977 -0.0541 0.7807 0.6226 -0.9962 0 -0.0866 0.0676 0.6249 -0.7777 80.dat
1 6 74.398 228.254 -82.939 -0.0387 0.8855 0.4631 -0.9965 0 -0.0832 0.0737 0.4647 -0.8824 80.dat
1 6 79.239 228.254 -80.324 -0.0359 0.873 0.4864 -0.9973 0 -0.0736 0.0643 0.4877 -0.8706 80.dat
1 6 83.125 228.254 -76.704 -0.0688 0.5063 0.8596 -0.9968 0 -0.0798 0.0404 0.8624 -0.5047 80.dat
1 6 84.658 228.254 -71.616 -0.0872 0.0058 0.9962 -0.9962 0 -0.0872 0.0005 1 -0.0058 80.dat
1 6 84.731 228.254 -66.116 -0.0871 0.0219 0.996 -0.9962 0 -0.0871 0.0019 0.9998 -0.0218 80.dat
1 6 84.862 228.254 -60.617 -0.0871 0.0263 0.9959 -0.9962 0 -0.0871 0.0023 0.9997 -0.0262 80.dat
1 6 84.966 228.254 -55.117 -0.0871 0.0103 0.9961 -0.9962 0 -0.0872 0.0009 0.9999 -0.0102 79.dat
0 SYNTH BEGIN RUBBER_BAND 0
0 SYNTH SHOW
0 SYNTH END
0
0 FILE Torso Part 2.ldr
0 Torso Part 2
0 Name: Torso Part 2.ldr
0 Author: R Paluczak
0 Unofficial Model
0 ROTATION CENTER 0 0 0 1 "Custom" 
0 ROTATION CONFIG 0 0
1 8 0 16 0 0 0 1 0 1 0 -1 0 0 32449.dat
1 8 0 46 0 0 0 1 0 1 0 -1 0 0 32449.dat
1 7 30 31 0 0 1 0 1 0 0 0 0 -1 6536.dat
1 7 10 31 0 0 1 0 0 0 1 1 0 0 3713.dat
1 7 -50 21 0 0 1 0 0 0 1 1 0 0 3713.dat
1 7 -50 41 0 0 1 0 0 0 1 1 0 0 3713.dat
1 7 -10 31 0 1 0 0 0 1 0 0 0 1 32140.dat
1 7 10 6 0 0 1 0 0 0 1 1 0 0 32123a.dat
1 7 10 56 0 0 1 0 0 0 1 1 0 0 32123a.dat
1 7 -50 6 0 0 0 1 0 1 0 -1 0 0 41677.dat
1 7 -50 56 0 0 0 1 0 1 0 -1 0 0 41677.dat
1 7 50 31 -10 0 1 0 0 0 -1 -1 0 0 4274.dat
1 0 30 31 0 0 0 1 1 0 0 0 1 0 32062.dat
1 0 -10 31 0 0 0 1 1 0 0 0 1 0 32062.dat
1 0 10 32 0 0 0 1 1 0 0 0 1 0 32073.dat
1 0 -50 32 0 0 0 1 1 0 0 0 1 0 32073.dat
1 0 -30 32 -60 0 0 1 0 -1 0 1 0 0 32073.dat
1 0 -30 31 0 0 0 1 1 0 0 0 1 0 4519.dat
1 0 -30 31 -20 0 -1 0 -1 0 0 0 0 -1 32039.dat
1 0 -30 31 -100 0 -1 0 1 0 0 0 0 1 32039.dat
0
0 FILE Torso Part 3.ldr
0 Torso Part 3
0 Name: Torso Part 3.ldr
0 Author: R Paluczak
0 Unofficial Model
0 ROTATION CENTER 0 0 0 1 "Custom" 
0 ROTATION CONFIG 0 0
1 8 -80 32 0 1 0 0 0 1 0 0 0 1 32056.dat
1 0 -80 -24 40 0 0 1 -1 0 0 0 -1 0 3706.dat
1 8 -80 22 0 1 0 0 0 1 0 0 0 1 32056.dat
1 7 -60 -13 40 0 0 1 -1 0 0 0 -1 0 32039.dat
1 7 -80 -74 40 1 0 0 0 0 1 0 -1 0 3713.dat
1 7 -80 -28 40 0 0 -1 0 -1 0 -1 0 0 41677.dat
1 7 -80 -38 40 0 0 -1 0 -1 0 -1 0 0 41677.dat
0
0 FILE Torso Part 4.ldr
0 Torso Part 4
0 Name: Torso Part 4.ldr
0 Author: R Paluczak
0 Unofficial Model
0 ROTATION CENTER 0 0 0 1 "Custom" 
0 ROTATION CONFIG 0 0
1 0 -70 7 20 1 0 0 0 1 0 0 0 1 3705.dat
1 7 -90 7 20 1 0 0 0 0 -1 0 1 0 32291.dat
1 7 -105 7 20 0 0 1 1 0 0 0 1 0 32123a.dat
1 7 -75 7 20 0 0 1 1 0 0 0 1 0 32123a.dat
1 7 -60 7 20 0 0 1 1 0 0 0 1 0 3713.dat
1 110 -40 7 20 0 0 -1 1 0 0 0 -1 0 32039.dat
0
0 FILE Torso Part 5.ldr
0 Torso Part 5
0 Name: Torso Part 5.ldr
0 Author: R Paluczak
0 Unofficial Model
0 ROTATION CENTER 0 0 0 1 "Custom" 
0 ROTATION CONFIG 0 0
1 8 -80 -53 60 1 0 0 0 -1 0 0 0 -1 32523.dat
1 8 -80 -43 80 0 1 0 1 0 0 0 0 -1 32002.dat
0
0 FILE Torso Part 6.ldr
0 Torso Part 6
0 Name: Torso Part 6.ldr
0 Author: R Paluczak
0 Unofficial Model
0 ROTATION CENTER 0 0 0 1 "Custom" 
0 ROTATION CONFIG 0 0
1 0 -70 24 0 1 0 0 0 1 0 0 0 1 32073.dat
1 7 -90 24 0 0 0 -1 0 1 0 1 0 0 3713.dat
1 7 -80 24 40 1 0 0 0 1 0 0 0 1 2736.dat
1 7 -45 24 0 0 0 -1 0 1 0 1 0 0 32123a.dat
1 8 -70 24 20 1 0 0 0 0 1 0 -1 0 32184.dat
1 8 -55 24 40 0 -1 0 -1 0 0 0 0 -1 6632.dat
0 
0 
0 
0
0 FILE Head.ldr
0 Head
0 Name: Head.ldr
0 Author: R Paluczak
0 Unofficial Model
0 ROTATION CENTER 0 0 0 1 "Custom" 
0 ROTATION CONFIG 0 0
1 0 -30 24 0 1 0 0 0 1 0 0 0 1 3705.dat
1 0 -60 24 -50 0 0 -1 0 1 0 1 0 0 3705.dat
1 0 -80 24 -60 0 0 -1 0 1 0 1 0 0 4519.dat
1 0 -80 -56 -40 0 0 -1 0 1 0 1 0 0 4519.dat
1 0 -40 -56 -55 0 0 -1 0 1 0 1 0 0 3705.dat
1 0 -100 -86 -40 0 0 -1 -1 0 0 0 1 0 3706.dat
1 0 20 24 -60 0 0 -1 0 1 0 1 0 0 4519.dat
1 0 -30 4 -30 -1 0 0 0 0 1 0 1 0 32062.dat
1 0 -40 -16 -40 0 0 -1 0 -1 0 -1 0 0 4459.dat
1 0 -30 4 -30 -1 0 0 0 0 1 0 1 0 41678.dat
1 7 -80 -16 -60 0 0 -1 0 -1 0 -1 0 0 4274.dat
1 7 20 -16 -60 0 0 -1 0 -1 0 -1 0 0 4274.dat
1 7 -80 -36 -50 0 0 -1 0 -1 0 -1 0 0 4274.dat
1 7 20 -36 -50 0 0 -1 0 -1 0 -1 0 0 4274.dat
1 7 -40 -66 0 0 0 -1 -1 0 0 0 1 0 4274.dat
1 7 -20 -66 0 0 0 -1 -1 0 0 0 1 0 4274.dat
1 7 -40 -66 -100 0 0 -1 -1 0 0 0 1 0 4274.dat
0 SYNTH BEGIN TECHNIC_FLEX-SYSTEM_HOSE 7
0 1 7 -20 -46 -100 0 0 -1 0 -1 0 -1 0 0 LS02.dat
0 1 7 -20 -46 0 0 0 -1 0 1 0 1 0 0 LS02.dat
0 1 7 -20 -70 0 0 0 -1 0 1 0 1 0 0 LS02.dat
0 1 7 -20 -112 -50 0 0 -1 -1 0 0 0 1 0 LS02.dat
0 1 7 -20 -70 -100 0 0 -1 0 -1 0 -1 0 0 LS02.dat
0 SYNTH SHOW
0 SYNTH SYNTHESIZED BEGIN
1 7 -20 -46 0 0 0 -1 0 -24.0041 0 1 0 0 LS51.dat
1 7 -20 -70 0 0 0 -1 -0.0072 -1.4796 0 1 -0.0107 0 LS51.dat
1 7 -20 -71.3035 -0.0094 0 0 -1 -0.0219 -1.4349 0 0.9998 -0.0314 0 LS51.dat
1 7 -20 -72.5588 -0.0369 0 0 -1 -0.0369 -1.3986 0 0.9993 -0.0516 0 LS51.dat
1 7 -20 -73.7735 -0.0816 0 0 -1 -0.0522 -1.3705 0 0.9986 -0.0716 0 LS51.dat
1 7 -20 -74.9553 -0.1434 0 0 -1 -0.0679 -1.3407 0 0.9977 -0.0912 0 LS51.dat
1 7 -20 -76.1032 -0.2215 0 0 -1 -0.0839 -1.3094 0 0.9965 -0.1103 0 LS51.dat
1 7 -20 -77.216 -0.3152 0 0 -1 -0.1003 -1.2774 0 0.995 -0.1288 0 LS51.dat
1 7 -20 -78.2926 -0.4237 0 0 -1 -0.117 -1.2542 0 0.9931 -0.1478 0 LS51.dat
1 7 -20 -79.3415 -0.5473 0 0 -1 -0.1341 -1.2297 0 0.991 -0.1664 0 LS51.dat
1 7 -20 -80.3618 -0.6854 0 0 -1 -0.1515 -1.2041 0 0.9885 -0.1846 0 LS51.dat
1 7 -20 -81.3528 -0.8373 0 0 -1 -0.1693 -1.1783 0 0.9856 -0.2024 0 LS51.dat
1 7 -20 -82.3138 -1.0023 0 0 -1 -0.1873 -1.1607 0 0.9823 -0.2214 0 LS51.dat
1 7 -20 -83.2535 -1.1815 0 0 -1 -0.2057 -1.1328 0 0.9786 -0.2381 0 LS51.dat
1 7 -20 -84.162 -1.3725 0 0 -1 -0.2244 -1.1141 0 0.9745 -0.2565 0 LS51.dat
1 7 -20 -85.0481 -1.5766 0 0 -1 -0.2433 -1.0959 0 0.9699 -0.2749 0 LS51.dat
1 7 -20 -85.9114 -1.7931 0 0 -1 -0.2627 -1.0857 0 0.9649 -0.2956 0 LS51.dat
1 7 -20 -86.7602 -2.0242 0 0 -1 -0.2824 -1.0643 0 0.9593 -0.3132 0 LS51.dat
1 7 -20 -87.5853 -2.2671 0 0 -1 -0.3022 -1.0433 0 0.9532 -0.3308 0 LS51.dat
1 7 -20 -88.3863 -2.521 0 0 -1 -0.3223 -1.0315 0 0.9466 -0.3513 0 LS51.dat
1 7 -20 -89.1717 -2.7885 0 0 -1 -0.3428 -1.0174 0 0.9394 -0.3712 0 LS51.dat
1 7 -20 -89.941 -3.0692 0 0 -1 -0.3634 -0.9936 0 0.9316 -0.3875 0 LS51.dat
1 7 -20 -90.6854 -3.3596 0 0 -1 -0.384 -0.9791 0 0.9233 -0.4072 0 LS51.dat
1 7 -20 -91.4132 -3.6623 0 0 -1 -0.4049 -0.9636 0 0.9144 -0.4267 0 LS51.dat
1 7 -20 -92.1242 -3.9771 0 0 -1 -0.4258 -0.9471 0 0.9048 -0.4457 0 LS51.dat
1 7 -20 -92.818 -4.3037 0 0 -1 -0.4468 -0.9296 0 0.8946 -0.4643 0 LS51.dat
1 7 -20 -93.4944 -4.6415 0 0 -1 -0.4678 -0.9112 0 0.8838 -0.4823 0 LS51.dat
1 7 -20 -94.1534 -4.9903 0 0 -1 -0.4887 -0.8936 0 0.8725 -0.5006 0 LS51.dat
1 7 -20 -94.7946 -5.3495 0 0 -1 -0.5096 -0.883 0 0.8604 -0.523 0 LS51.dat
1 7 -20 -95.426 -5.7234 0 0 -1 -0.5304 -0.8619 0 0.8478 -0.5392 0 LS51.dat
1 7 -20 -96.0392 -6.1071 0 0 -1 -0.551 -0.8416 0 0.8345 -0.5556 0 LS51.dat
1 7 -20 -96.6344 -6.5 0 0 -1 -0.5713 -0.828 0 0.8207 -0.5764 0 LS51.dat
1 7 -20 -97.2189 -6.9069 0 0 -1 -0.5914 -0.8045 0 0.8063 -0.5901 0 LS51.dat
1 7 -20 -97.7851 -7.3222 0 0 -1 -0.6111 -0.7821 0 0.7915 -0.6038 0 LS51.dat
1 7 -20 -98.3331 -7.7453 0 0 -1 -0.6304 -0.7677 0 0.7762 -0.6235 0 LS51.dat
1 7 -20 -98.8701 -8.1814 0 0 -1 -0.6495 -0.7508 0 0.7604 -0.6413 0 LS51.dat
1 7 -20 -99.3957 -8.6304 0 0 -1 -0.668 -0.7264 0 0.7441 -0.6521 0 LS51.dat
1 7 -20 -99.9031 -9.0859 0 0 -1 -0.6861 -0.7085 0 0.7275 -0.6681 0 LS51.dat
1 7 -20 -100.399 -9.5536 0 0 -1 -0.7036 -0.6834 0 0.7106 -0.6767 0 LS51.dat
1 7 -20 -100.877 -10.0268 0 0 -1 -0.7205 -0.666 0 0.6934 -0.692 0 LS51.dat
1 7 -20 -101.343 -10.5114 0 0 -1 -0.7369 -0.6479 0 0.676 -0.7063 0 LS51.dat
1 7 -20 -101.798 -11.0071 0 0 -1 -0.7528 -0.6282 0 0.6582 -0.7185 0 LS51.dat
1 7 -20 -102.241 -11.5138 0 0 -1 -0.768 -0.6025 0 0.6404 -0.7226 0 LS51.dat
1 7 -20 -102.667 -12.0241 0 0 -1 -0.7826 -0.584 0 0.6225 -0.7341 0 LS51.dat
1 7 -20 -103.081 -12.5445 0 0 -1 -0.7966 -0.5652 0 0.6046 -0.7447 0 LS51.dat
1 7 -20 -103.483 -13.0746 0 0 -1 -0.8099 -0.5463 0 0.5865 -0.7544 0 LS51.dat
1 7 -20 -103.874 -13.6143 0 0 -1 -0.8227 -0.5274 0 0.5685 -0.7633 0 LS51.dat
1 7 -20 -104.253 -14.1631 0 0 -1 -0.8349 -0.5085 0 0.5505 -0.7712 0 LS51.dat
1 7 -20 -104.621 -14.7207 0 0 -1 -0.8464 -0.4898 0 0.5326 -0.7784 0 LS51.dat
1 7 -20 -104.977 -15.2868 0 0 -1 -0.8573 -0.4712 0 0.5147 -0.7848 0 LS51.dat
1 7 -20 -105.322 -15.8611 0 0 -1 -0.8677 -0.4527 0 0.4971 -0.7902 0 LS51.dat
1 7 -20 -105.655 -16.4432 0 0 -1 -0.8775 -0.4347 0 0.4797 -0.7952 0 LS51.dat
1 7 -20 -105.977 -17.0329 0 0 -1 -0.8866 -0.4169 0 0.4624 -0.7992 0 LS51.dat
1 7 -20 -106.289 -17.6296 0 0 -1 -0.8953 -0.4001 0 0.4455 -0.804 0 LS51.dat
1 7 -20 -106.589 -18.2331 0 0 -1 -0.9034 -0.3876 0 0.4287 -0.8168 0 LS51.dat
1 7 -20 -106.882 -18.8515 0 0 -1 -0.9111 -0.3704 0 0.4121 -0.8189 0 LS51.dat
1 7 -20 -107.165 -19.4762 0 0 -1 -0.9183 -0.3544 0 0.3958 -0.8221 0 LS51.dat
1 7 -20 -107.437 -20.1067 0 0 -1 -0.9251 -0.3422 0 0.3798 -0.8334 0 LS51.dat
1 7 -20 -107.701 -20.7516 0 0 -1 -0.9314 -0.3264 0 0.364 -0.8352 0 LS51.dat
1 7 -20 -107.956 -21.4018 0 0 -1 -0.9373 -0.3145 0 0.3486 -0.8456 0 LS51.dat
1 7 -20 -108.203 -22.0658 0 0 -1 -0.9428 -0.2994 0 0.3334 -0.8466 0 LS51.dat
1 7 -20 -108.439 -22.7346 0 0 -1 -0.9479 -0.2877 0 0.3185 -0.8562 0 LS51.dat
1 7 -20 -108.668 -23.4168 0 0 -1 -0.9527 -0.2734 0 0.304 -0.8567 0 LS51.dat
1 7 -20 -108.887 -24.1032 0 0 -1 -0.9571 -0.2623 0 0.2898 -0.8664 0 LS51.dat
1 7 -20 -109.099 -24.8026 0 0 -1 -0.9612 -0.2514 0 0.2758 -0.8761 0 LS51.dat
1 7 -20 -109.304 -25.5147 0 0 -1 -0.965 -0.2405 0 0.2621 -0.8853 0 LS51.dat
1 7 -20 -109.5 -26.2393 0 0 -1 -0.9686 -0.2296 0 0.2487 -0.8942 0 LS51.dat
1 7 -20 -109.69 -26.9763 0 0 -1 -0.9718 -0.2189 0 0.2356 -0.9029 0 LS51.dat
1 7 -20 -109.871 -27.7253 0 0 -1 -0.9749 -0.2082 0 0.2228 -0.911 0 LS51.dat
1 7 -20 -110.045 -28.4863 0 0 -1 -0.9776 -0.1978 0 0.2102 -0.9199 0 LS51.dat
1 7 -20 -110.211 -29.2589 0 0 -1 -0.9802 -0.1894 0 0.1979 -0.9377 0 LS51.dat
1 7 -20 -110.371 -30.0522 0 0 -1 -0.9826 -0.1788 0 0.1859 -0.945 0 LS51.dat
1 7 -20 -110.524 -30.8567 0 0 -1 -0.9847 -0.1685 0 0.1742 -0.9527 0 LS51.dat
1 7 -20 -110.668 -31.6722 0 0 -1 -0.9867 -0.16 0 0.1627 -0.9703 0 LS51.dat
1 7 -20 -110.806 -32.5077 0 0 -1 -0.9885 -0.1513 0 0.1515 -0.9873 0 LS51.dat
1 7 -20 -110.937 -33.3629 0 0 -1 -0.9901 -0.1425 0 0.1405 -1.0043 0 LS51.dat
1 7 -20 -111.061 -34.2377 0 0 -1 -0.9916 -0.1335 0 0.1297 -1.0204 0 LS51.dat
1 7 -20 -111.178 -35.1318 0 0 -1 -0.9929 -0.1244 0 0.1191 -1.0365 0 LS51.dat
1 7 -20 -111.288 -36.0449 0 0 -1 -0.9941 -0.1153 0 0.1089 -1.0527 0 LS51.dat
1 7 -20 -111.39 -36.9767 0 0 -1 -0.9951 -0.107 0 0.0988 -1.0776 0 LS51.dat
1 7 -20 -111.485 -37.9362 0 0 -1 -0.996 -0.0976 0 0.0889 -1.0932 0 LS51.dat
1 7 -20 -111.572 -38.9138 0 0 -1 -0.9969 -0.0889 0 0.0793 -1.1178 0 LS51.dat
1 7 -20 -111.652 -39.9185 0 0 -1 -0.9976 -0.08 0 0.0699 -1.1418 0 LS51.dat
1 7 -20 -111.725 -40.9498 0 0 -1 -0.9982 -0.0709 0 0.0607 -1.1658 0 LS51.dat
1 7 -20 -111.789 -42.0074 0 0 -1 -0.9987 -0.062 0 0.0516 -1.1982 0 LS51.dat
1 7 -20 -111.845 -43.1001 0 0 -1 -0.9991 -0.0524 0 0.0428 -1.2214 0 LS51.dat
1 7 -20 -111.893 -44.2182 0 0 -1 -0.9994 -0.0429 0 0.0342 -1.2535 0 LS51.dat
1 7 -20 -111.933 -45.3704 0 0 -1 -0.9997 -0.0334 0 0.0258 -1.2938 0 LS51.dat
1 7 -20 -111.964 -46.5653 0 0 -1 -0.9998 -0.0239 0 0.0176 -1.359 0 LS51.dat
1 7 -20 -111.985 -47.7933 0 0 -1 -1 -0.0152 0 0.0067 -2.2867 0 LS51.dat
1 7 -20 -112 -50 0 0 -1 -1 0.0054 0 -0.0039 -1.3974 0 LS51.dat
1 7 -20 -111.995 -51.3023 0 0 -1 -0.9999 0.016 0 -0.0118 -1.3588 0 LS51.dat
1 7 -20 -111.98 -52.5637 0 0 -1 -0.9998 0.0263 0 -0.0199 -1.3192 0 LS51.dat
1 7 -20 -111.956 -53.7834 0 0 -1 -0.9996 0.0361 0 -0.0282 -1.279 0 LS51.dat
1 7 -20 -111.923 -54.9608 0 0 -1 -0.9993 0.0458 0 -0.0367 -1.2476 0 LS51.dat
1 7 -20 -111.88 -56.1045 0 0 -1 -0.999 0.0552 0 -0.0453 -1.216 0 LS51.dat
1 7 -20 -111.83 -57.214 0 0 -1 -0.9985 0.0648 0 -0.0542 -1.1928 0 LS51.dat
1 7 -20 -111.771 -58.2979 0 0 -1 -0.998 0.0735 0 -0.0633 -1.1595 0 LS51.dat
1 7 -20 -111.705 -59.3466 0 0 -1 -0.9974 0.0826 0 -0.0726 -1.1359 0 LS51.dat
1 7 -20 -111.63 -60.3689 0 0 -1 -0.9966 0.0915 0 -0.082 -1.1113 0 LS51.dat
1 7 -20 -111.548 -61.3644 0 0 -1 -0.9958 0.1001 0 -0.0917 -1.0872 0 LS51.dat
1 7 -20 -111.459 -62.3327 0 0 -1 -0.9948 0.1094 0 -0.1016 -1.0714 0 LS51.dat
1 7 -20 -111.362 -63.2829 0 0 -1 -0.9937 0.1176 0 -0.1117 -1.0462 0 LS51.dat
1 7 -20 -111.259 -64.2053 0 0 -1 -0.9925 0.1266 0 -0.122 -1.0303 0 LS51.dat
1 7 -20 -111.147 -65.1089 0 0 -1 -0.9912 0.1356 0 -0.1325 -1.0142 0 LS51.dat
1 7 -20 -111.029 -65.9934 0 0 -1 -0.9897 0.1445 0 -0.1433 -0.9975 0 LS51.dat
1 7 -20 -110.904 -66.8586 0 0 -1 -0.988 0.1533 0 -0.1543 -0.9814 0 LS51.dat
1 7 -20 -110.772 -67.7042 0 0 -1 -0.9862 0.1636 0 -0.1656 -0.974 0 LS51.dat
1 7 -20 -110.632 -68.5393 0 0 -1 -0.9842 0.1723 0 -0.1772 -0.9572 0 LS51.dat
1 7 -20 -110.485 -69.3542 0 0 -1 -0.982 0.1827 0 -0.189 -0.9492 0 LS51.dat
1 7 -20 -110.33 -70.1582 0 0 -1 -0.9796 0.1913 0 -0.2011 -0.9315 0 LS51.dat
1 7 -20 -110.169 -70.9416 0 0 -1 -0.977 0.2019 0 -0.2135 -0.9239 0 LS51.dat
1 7 -20 -110 -71.7135 0 0 -1 -0.9741 0.2126 0 -0.2261 -0.9159 0 LS51.dat
1 7 -20 -109.824 -72.4737 0 0 -1 -0.971 0.2234 0 -0.2391 -0.9073 0 LS51.dat
1 7 -20 -109.64 -73.2219 0 0 -1 -0.9677 0.2343 0 -0.2523 -0.8988 0 LS51.dat
1 7 -20 -109.448 -73.958 0 0 -1 -0.964 0.2453 0 -0.2658 -0.8897 0 LS51.dat
1 7 -20 -109.248 -74.6816 0 0 -1 -0.9601 0.2564 0 -0.2796 -0.8804 0 LS51.dat
1 7 -20 -109.041 -75.3926 0 0 -1 -0.9559 0.2675 0 -0.2937 -0.8705 0 LS51.dat
1 7 -20 -108.827 -76.0909 0 0 -1 -0.9514 0.2789 0 -0.308 -0.8615 0 LS51.dat
1 7 -20 -108.605 -76.7761 0 0 -1 -0.9465 0.2936 0 -0.3227 -0.8611 0 LS51.dat
1 7 -20 -108.373 -77.457 0 0 -1 -0.9413 0.305 0 -0.3377 -0.8503 0 LS51.dat
1 7 -20 -108.133 -78.1244 0 0 -1 -0.9357 0.3168 0 -0.3529 -0.8401 0 LS51.dat
1 7 -20 -107.887 -78.7782 0 0 -1 -0.9297 0.3322 0 -0.3683 -0.8384 0 LS51.dat
1 7 -20 -107.629 -79.4269 0 0 -1 -0.9233 0.3442 0 -0.3841 -0.8275 0 LS51.dat
1 7 -20 -107.365 -80.0616 0 0 -1 -0.9165 0.3606 0 -0.4001 -0.826 0 LS51.dat
1 7 -20 -107.091 -80.6906 0 0 -1 -0.9092 0.3769 0 -0.4165 -0.8227 0 LS51.dat
1 7 -20 -106.805 -81.3136 0 0 -1 -0.9014 0.3892 0 -0.433 -0.8102 0 LS51.dat
1 7 -20 -106.513 -81.9219 0 0 -1 -0.8931 0.4065 0 -0.4498 -0.8072 0 LS51.dat
1 7 -20 -106.21 -82.5237 0 0 -1 -0.8844 0.4241 0 -0.4668 -0.8035 0 LS51.dat
1 7 -20 -105.896 -83.1186 0 0 -1 -0.875 0.4419 0 -0.4841 -0.7986 0 LS51.dat
1 7 -20 -105.571 -83.7063 0 0 -1 -0.8651 0.4602 0 -0.5016 -0.7937 0 LS51.dat
1 7 -20 -105.235 -84.2865 0 0 -1 -0.8546 0.4786 0 -0.5193 -0.7876 0 LS51.dat
1 7 -20 -104.887 -84.8587 0 0 -1 -0.8435 0.4972 0 -0.5371 -0.7808 0 LS51.dat
1 7 -20 -104.528 -85.4226 0 0 -1 -0.8318 0.516 0 -0.5551 -0.7733 0 LS51.dat
1 7 -20 -104.157 -85.978 0 0 -1 -0.8195 0.5347 0 -0.5731 -0.7646 0 LS51.dat
1 7 -20 -103.775 -86.5245 0 0 -1 -0.8066 0.5535 0 -0.5911 -0.7553 0 LS51.dat
1 7 -20 -103.381 -87.0617 0 0 -1 -0.7931 0.5721 0 -0.6091 -0.7449 0 LS51.dat
1 7 -20 -102.976 -87.5894 0 0 -1 -0.779 0.5909 0 -0.6271 -0.734 0 LS51.dat
1 7 -20 -102.559 -88.1072 0 0 -1 -0.7642 0.6102 0 -0.6449 -0.723 0 LS51.dat
1 7 -20 -102.131 -88.6149 0 0 -1 -0.7489 0.6358 0 -0.6627 -0.7185 0 LS51.dat
1 7 -20 -101.685 -89.1189 0 0 -1 -0.7328 0.6537 0 -0.6804 -0.7041 0 LS51.dat
1 7 -20 -101.227 -89.6118 0 0 -1 -0.7163 0.6714 0 -0.6978 -0.6893 0 LS51.dat
1 7 -20 -100.758 -90.0936 0 0 -1 -0.6993 0.6895 0 -0.7149 -0.6744 0 LS51.dat
1 7 -20 -100.277 -90.5638 0 0 -1 -0.6817 0.7143 0 -0.7317 -0.6654 0 LS51.dat
1 7 -20 -99.778 -91.0285 0 0 -1 -0.6635 0.7316 0 -0.7482 -0.6487 0 LS51.dat
1 7 -20 -99.2678 -91.481 0 0 -1 -0.6448 0.7553 0 -0.7643 -0.6372 0 LS51.dat
1 7 -20 -98.7393 -91.9268 0 0 -1 -0.6257 0.7715 0 -0.78 -0.6189 0 LS51.dat
1 7 -20 -98.1996 -92.3598 0 0 -1 -0.6062 0.7942 0 -0.7953 -0.6054 0 LS51.dat
1 7 -20 -97.6415 -92.7851 0 0 -1 -0.5864 0.8086 0 -0.81 -0.5853 0 LS51.dat
1 7 -20 -97.0725 -93.197 0 0 -1 -0.5662 0.83 0 -0.8243 -0.5702 0 LS51.dat
1 7 -20 -96.4853 -93.6004 0 0 -1 -0.5458 0.8425 0 -0.8379 -0.5488 0 LS51.dat
1 7 -20 -95.8875 -93.9898 0 0 -1 -0.5253 0.8638 0 -0.8509 -0.5332 0 LS51.dat
1 7 -20 -95.2717 -94.3699 0 0 -1 -0.5044 0.884 0 -0.8634 -0.5164 0 LS51.dat
1 7 -20 -94.6378 -94.7402 0 0 -1 -0.4835 0.9019 0 -0.8754 -0.4981 0 LS51.dat
1 7 -20 -93.986 -95.1002 0 0 -1 -0.4625 0.9109 0 -0.8866 -0.4751 0 LS51.dat
1 7 -20 -93.3247 -95.4452 0 0 -1 -0.4416 0.9284 0 -0.8972 -0.4569 0 LS51.dat
1 7 -20 -92.6458 -95.7792 0 0 -1 -0.4206 0.945 0 -0.9072 -0.4382 0 LS51.dat
1 7 -20 -91.9498 -96.1019 0 0 -1 -0.3998 0.9609 0 -0.9166 -0.4191 0 LS51.dat
1 7 -20 -91.2367 -96.4129 0 0 -1 -0.379 0.977 0 -0.9254 -0.4002 0 LS51.dat
1 7 -20 -90.5068 -96.7118 0 0 -1 -0.3583 1.0011 0 -0.9336 -0.3842 0 LS51.dat
1 7 -20 -89.7518 -97.0016 0 0 -1 -0.3378 1.0141 0 -0.9412 -0.3639 0 LS51.dat
1 7 -20 -88.9805 -97.2784 0 0 -1 -0.3174 1.0274 0 -0.9483 -0.3439 0 LS51.dat
1 7 -20 -88.1934 -97.5418 0 0 -1 -0.2973 1.0487 0 -0.9548 -0.3266 0 LS51.dat
1 7 -20 -87.3818 -97.7945 0 0 -1 -0.2775 1.0604 0 -0.9607 -0.3063 0 LS51.dat
1 7 -20 -86.5552 -98.0333 0 0 -1 -0.258 1.0811 0 -0.9662 -0.2887 0 LS51.dat
1 7 -20 -85.7049 -98.2603 0 0 -1 -0.2387 1.1009 0 -0.9711 -0.2706 0 LS51.dat
1 7 -20 -84.8313 -98.4751 0 0 -1 -0.2197 1.1199 0 -0.9756 -0.2522 0 LS51.dat
1 7 -20 -83.9348 -98.6769 0 0 -1 -0.201 1.1379 0 -0.9796 -0.2335 0 LS51.dat
1 7 -20 -83.0161 -98.8655 0 0 -1 -0.1827 1.1558 0 -0.9832 -0.2148 0 LS51.dat
1 7 -20 -82.0755 -99.0403 0 0 -1 -0.1648 1.1821 0 -0.9863 -0.1975 0 LS51.dat
1 7 -20 -81.1045 -99.2025 0 0 -1 -0.1472 1.1982 0 -0.9891 -0.1783 0 LS51.dat
1 7 -20 -80.1129 -99.35 0 0 -1 -0.1299 1.2232 0 -0.9915 -0.1603 0 LS51.dat
1 7 -20 -79.0921 -99.4837 0 0 -1 -0.113 1.248 0 -0.9936 -0.142 0 LS51.dat
1 7 -20 -78.0431 -99.603 0 0 -1 -0.0964 1.2814 0 -0.9953 -0.1241 0 LS51.dat
1 7 -20 -76.9571 -99.7082 0 0 -1 -0.0801 1.3137 0 -0.9968 -0.1056 0 LS51.dat
1 7 -20 -75.8353 -99.7984 0 0 -1 -0.0641 1.3441 0 -0.9979 -0.0864 0 LS51.dat
1 7 -20 -74.6786 -99.8727 0 0 -1 -0.0485 1.374 0 -0.9988 -0.0667 0 LS51.dat
1 7 -20 -73.4882 -99.9305 0 0 -1 -0.0332 1.4787 0 -0.9994 -0.0491 0 LS51.dat
1 7 -20 -69.8482 -100.002 0 0 -1 -0.0127 -2.4079 0 -0.9999 0.0305 0 LS50.dat
0 SYNTH SYNTHESIZED END
0 SYNTH SYNTHESIZED BEGIN
0 SYNTH SYNTHESIZED END
0 SYNTH SYNTHESIZED BEGIN
0 SYNTH SYNTHESIZED END
0 SYNTH SYNTHESIZED BEGIN
0 SYNTH SYNTHESIZED END
0 SYNTH SYNTHESIZED BEGIN
0 SYNTH SYNTHESIZED END
0 SYNTH SYNTHESIZED BEGIN
0 SYNTH SYNTHESIZED END
0 SYNTH SYNTHESIZED BEGIN
0 SYNTH SYNTHESIZED END
0 SYNTH SYNTHESIZED BEGIN
0 SYNTH SYNTHESIZED END
0 SYNTH SYNTHESIZED BEGIN
0 SYNTH SYNTHESIZED END
0 SYNTH END
0 SYNTH BEGIN TECHNIC_FLEX-SYSTEM_HOSE 7
0 1 7 -40 -46 -100 0 0 -1 0 -1 0 -1 0 0 LS02.dat
0 1 7 -40 -46 0 0 0 -1 0 1 0 1 0 0 LS02.dat
0 1 7 -40 -70 0 0 0 -1 0 1 0 1 0 0 LS02.dat
0 1 7 -40 -112 -50 0 0 -1 -1 0 0 0 1 0 LS02.dat
0 1 7 -40 -70 -100 0 0 -1 0 -1 0 -1 0 0 LS02.dat
0 SYNTH SHOW
0 SYNTH SYNTHESIZED BEGIN
1 7 -40 -46 0 0 0 -1 0 -24.0041 0 1 0 0 LS51.dat
1 7 -40 -70 0 0 0 -1 -0.0072 -1.4796 0 1 -0.0107 0 LS51.dat
1 7 -40 -71.3035 -0.0094 0 0 -1 -0.0219 -1.4349 0 0.9998 -0.0314 0 LS51.dat
1 7 -40 -72.5588 -0.0369 0 0 -1 -0.0369 -1.3986 0 0.9993 -0.0516 0 LS51.dat
1 7 -40 -73.7735 -0.0816 0 0 -1 -0.0522 -1.3705 0 0.9986 -0.0716 0 LS51.dat
1 7 -40 -74.9553 -0.1434 0 0 -1 -0.0679 -1.3407 0 0.9977 -0.0912 0 LS51.dat
1 7 -40 -76.1032 -0.2215 0 0 -1 -0.0839 -1.3094 0 0.9965 -0.1103 0 LS51.dat
1 7 -40 -77.216 -0.3152 0 0 -1 -0.1003 -1.2774 0 0.995 -0.1288 0 LS51.dat
1 7 -40 -78.2926 -0.4237 0 0 -1 -0.117 -1.2542 0 0.9931 -0.1478 0 LS51.dat
1 7 -40 -79.3415 -0.5473 0 0 -1 -0.1341 -1.2297 0 0.991 -0.1664 0 LS51.dat
1 7 -40 -80.3618 -0.6854 0 0 -1 -0.1515 -1.2041 0 0.9885 -0.1846 0 LS51.dat
1 7 -40 -81.3528 -0.8373 0 0 -1 -0.1693 -1.1783 0 0.9856 -0.2024 0 LS51.dat
1 7 -40 -82.3138 -1.0023 0 0 -1 -0.1873 -1.1607 0 0.9823 -0.2214 0 LS51.dat
1 7 -40 -83.2535 -1.1815 0 0 -1 -0.2057 -1.1328 0 0.9786 -0.2381 0 LS51.dat
1 7 -40 -84.162 -1.3725 0 0 -1 -0.2244 -1.1141 0 0.9745 -0.2565 0 LS51.dat
1 7 -40 -85.0481 -1.5766 0 0 -1 -0.2433 -1.0959 0 0.9699 -0.2749 0 LS51.dat
1 7 -40 -85.9114 -1.7931 0 0 -1 -0.2627 -1.0857 0 0.9649 -0.2956 0 LS51.dat
1 7 -40 -86.7602 -2.0242 0 0 -1 -0.2824 -1.0643 0 0.9593 -0.3132 0 LS51.dat
1 7 -40 -87.5853 -2.2671 0 0 -1 -0.3022 -1.0433 0 0.9532 -0.3308 0 LS51.dat
1 7 -40 -88.3863 -2.521 0 0 -1 -0.3223 -1.0315 0 0.9466 -0.3513 0 LS51.dat
1 7 -40 -89.1717 -2.7885 0 0 -1 -0.3428 -1.0174 0 0.9394 -0.3712 0 LS51.dat
1 7 -40 -89.941 -3.0692 0 0 -1 -0.3634 -0.9936 0 0.9316 -0.3875 0 LS51.dat
1 7 -40 -90.6854 -3.3596 0 0 -1 -0.384 -0.9791 0 0.9233 -0.4072 0 LS51.dat
1 7 -40 -91.4132 -3.6623 0 0 -1 -0.4049 -0.9636 0 0.9144 -0.4267 0 LS51.dat
1 7 -40 -92.1242 -3.9771 0 0 -1 -0.4258 -0.9471 0 0.9048 -0.4457 0 LS51.dat
1 7 -40 -92.818 -4.3037 0 0 -1 -0.4468 -0.9296 0 0.8946 -0.4643 0 LS51.dat
1 7 -40 -93.4944 -4.6415 0 0 -1 -0.4678 -0.9112 0 0.8838 -0.4823 0 LS51.dat
1 7 -40 -94.1534 -4.9903 0 0 -1 -0.4887 -0.8936 0 0.8725 -0.5006 0 LS51.dat
1 7 -40 -94.7946 -5.3495 0 0 -1 -0.5096 -0.883 0 0.8604 -0.523 0 LS51.dat
1 7 -40 -95.426 -5.7234 0 0 -1 -0.5304 -0.8619 0 0.8478 -0.5392 0 LS51.dat
1 7 -40 -96.0392 -6.1071 0 0 -1 -0.551 -0.8416 0 0.8345 -0.5556 0 LS51.dat
1 7 -40 -96.6344 -6.5 0 0 -1 -0.5713 -0.828 0 0.8207 -0.5764 0 LS51.dat
1 7 -40 -97.2189 -6.9069 0 0 -1 -0.5914 -0.8045 0 0.8063 -0.5901 0 LS51.dat
1 7 -40 -97.7851 -7.3222 0 0 -1 -0.6111 -0.7821 0 0.7915 -0.6038 0 LS51.dat
1 7 -40 -98.3331 -7.7453 0 0 -1 -0.6304 -0.7677 0 0.7762 -0.6235 0 LS51.dat
1 7 -40 -98.8701 -8.1814 0 0 -1 -0.6495 -0.7508 0 0.7604 -0.6413 0 LS51.dat
1 7 -40 -99.3957 -8.6304 0 0 -1 -0.668 -0.7264 0 0.7441 -0.6521 0 LS51.dat
1 7 -40 -99.9031 -9.0859 0 0 -1 -0.6861 -0.7085 0 0.7275 -0.6681 0 LS51.dat
1 7 -40 -100.399 -9.5536 0 0 -1 -0.7036 -0.6834 0 0.7106 -0.6767 0 LS51.dat
1 7 -40 -100.877 -10.0268 0 0 -1 -0.7205 -0.666 0 0.6934 -0.692 0 LS51.dat
1 7 -40 -101.343 -10.5114 0 0 -1 -0.7369 -0.6479 0 0.676 -0.7063 0 LS51.dat
1 7 -40 -101.798 -11.0071 0 0 -1 -0.7528 -0.6282 0 0.6582 -0.7185 0 LS51.dat
1 7 -40 -102.241 -11.5138 0 0 -1 -0.768 -0.6025 0 0.6404 -0.7226 0 LS51.dat
1 7 -40 -102.667 -12.0241 0 0 -1 -0.7826 -0.584 0 0.6225 -0.7341 0 LS51.dat
1 7 -40 -103.081 -12.5445 0 0 -1 -0.7966 -0.5652 0 0.6046 -0.7447 0 LS51.dat
1 7 -40 -103.483 -13.0746 0 0 -1 -0.8099 -0.5463 0 0.5865 -0.7544 0 LS51.dat
1 7 -40 -103.874 -13.6143 0 0 -1 -0.8227 -0.5274 0 0.5685 -0.7633 0 LS51.dat
1 7 -40 -104.253 -14.1631 0 0 -1 -0.8349 -0.5085 0 0.5505 -0.7712 0 LS51.dat
1 7 -40 -104.621 -14.7207 0 0 -1 -0.8464 -0.4898 0 0.5326 -0.7784 0 LS51.dat
1 7 -40 -104.977 -15.2868 0 0 -1 -0.8573 -0.4712 0 0.5147 -0.7848 0 LS51.dat
1 7 -40 -105.322 -15.8611 0 0 -1 -0.8677 -0.4527 0 0.4971 -0.7902 0 LS51.dat
1 7 -40 -105.655 -16.4432 0 0 -1 -0.8775 -0.4347 0 0.4797 -0.7952 0 LS51.dat
1 7 -40 -105.977 -17.0329 0 0 -1 -0.8866 -0.4169 0 0.4624 -0.7992 0 LS51.dat
1 7 -40 -106.289 -17.6296 0 0 -1 -0.8953 -0.4001 0 0.4455 -0.804 0 LS51.dat
1 7 -40 -106.589 -18.2331 0 0 -1 -0.9034 -0.3876 0 0.4287 -0.8168 0 LS51.dat
1 7 -40 -106.882 -18.8515 0 0 -1 -0.9111 -0.3704 0 0.4121 -0.8189 0 LS51.dat
1 7 -40 -107.165 -19.4762 0 0 -1 -0.9183 -0.3544 0 0.3958 -0.8221 0 LS51.dat
1 7 -40 -107.437 -20.1067 0 0 -1 -0.9251 -0.3422 0 0.3798 -0.8334 0 LS51.dat
1 7 -40 -107.701 -20.7516 0 0 -1 -0.9314 -0.3264 0 0.364 -0.8352 0 LS51.dat
1 7 -40 -107.956 -21.4018 0 0 -1 -0.9373 -0.3145 0 0.3486 -0.8456 0 LS51.dat
1 7 -40 -108.203 -22.0658 0 0 -1 -0.9428 -0.2994 0 0.3334 -0.8466 0 LS51.dat
1 7 -40 -108.439 -22.7346 0 0 -1 -0.9479 -0.2877 0 0.3185 -0.8562 0 LS51.dat
1 7 -40 -108.668 -23.4168 0 0 -1 -0.9527 -0.2734 0 0.304 -0.8567 0 LS51.dat
1 7 -40 -108.887 -24.1032 0 0 -1 -0.9571 -0.2623 0 0.2898 -0.8664 0 LS51.dat
1 7 -40 -109.099 -24.8026 0 0 -1 -0.9612 -0.2514 0 0.2758 -0.8761 0 LS51.dat
1 7 -40 -109.304 -25.5147 0 0 -1 -0.965 -0.2405 0 0.2621 -0.8853 0 LS51.dat
1 7 -40 -109.5 -26.2393 0 0 -1 -0.9686 -0.2296 0 0.2487 -0.8942 0 LS51.dat
1 7 -40 -109.69 -26.9763 0 0 -1 -0.9718 -0.2189 0 0.2356 -0.9029 0 LS51.dat
1 7 -40 -109.871 -27.7253 0 0 -1 -0.9749 -0.2082 0 0.2228 -0.911 0 LS51.dat
1 7 -40 -110.045 -28.4863 0 0 -1 -0.9776 -0.1978 0 0.2102 -0.9199 0 LS51.dat
1 7 -40 -110.211 -29.2589 0 0 -1 -0.9802 -0.1894 0 0.1979 -0.9377 0 LS51.dat
1 7 -40 -110.371 -30.0522 0 0 -1 -0.9826 -0.1788 0 0.1859 -0.945 0 LS51.dat
1 7 -40 -110.524 -30.8567 0 0 -1 -0.9847 -0.1685 0 0.1742 -0.9527 0 LS51.dat
1 7 -40 -110.668 -31.6722 0 0 -1 -0.9867 -0.16 0 0.1627 -0.9703 0 LS51.dat
1 7 -40 -110.806 -32.5077 0 0 -1 -0.9885 -0.1513 0 0.1515 -0.9873 0 LS51.dat
1 7 -40 -110.937 -33.3629 0 0 -1 -0.9901 -0.1425 0 0.1405 -1.0043 0 LS51.dat
1 7 -40 -111.061 -34.2377 0 0 -1 -0.9916 -0.1335 0 0.1297 -1.0204 0 LS51.dat
1 7 -40 -111.178 -35.1318 0 0 -1 -0.9929 -0.1244 0 0.1191 -1.0365 0 LS51.dat
1 7 -40 -111.288 -36.0449 0 0 -1 -0.9941 -0.1153 0 0.1089 -1.0527 0 LS51.dat
1 7 -40 -111.39 -36.9767 0 0 -1 -0.9951 -0.107 0 0.0988 -1.0776 0 LS51.dat
1 7 -40 -111.485 -37.9362 0 0 -1 -0.996 -0.0976 0 0.0889 -1.0932 0 LS51.dat
1 7 -40 -111.572 -38.9138 0 0 -1 -0.9969 -0.0889 0 0.0793 -1.1178 0 LS51.dat
1 7 -40 -111.652 -39.9185 0 0 -1 -0.9976 -0.08 0 0.0699 -1.1418 0 LS51.dat
1 7 -40 -111.725 -40.9498 0 0 -1 -0.9982 -0.0709 0 0.0607 -1.1658 0 LS51.dat
