0 FILE Jedi Knight Droid.ldr
0 Jedi Knight Droid
0 Name: Jedi Knight Droid.ldr
0 Author: R Paluczak
0 Unofficial Model
0 ROTATION CENTER 0 0 0 1 "Custom" 
0 ROTATION CONFIG 0 0
1 0 -110 56 0 0 0 -1 0 1 0 1 0 0 Scout Micro.ldr
1 0 -110 32 180 -1 0 0 0 1 0 0 0 -1 Jedi Knight Droid Part 1.ldr
1 7 10 -38 130 0 0 -1 0 1 0 1 0 0 94925.dat
1 0 0 -38 130 -1 0 0 0 1 0 0 0 -1 32062.dat
1 0 80 -58 130 0 -1 0 0 0 -1 1 0 0 Jedi Knight Droid Part 2.ldr
1 0 -340 -46 130 0 0 1 0 1 0 -1 0 0 Jedi Knight Droid Part 4.ldr
0
0 FILE Scout Micro.ldr
0 Scout Micro
0 Name: Scout Micro.ldr
0 Author: R Paluczak
0 Unofficial Model
0 ROTATION CENTER 0 0 0 1 "Custom" 
0 ROTATION CONFIG 0 0
1 1 130 -152 0 1 0 0 0 1 0 0 0 1 332.dat
1 7 130 -152 0 1 0 0 0 1 0 0 0 1 32346.dat
1 8 130 -72 40 1 0 0 0 1 0 0 0 1 32344.dat
1 8 130 -152 0 1 0 0 0 1 0 0 0 1 32277.dat
1 1 150 -160 -10 1 0 0 0 1 0 0 0 1 334.dat
1 1 130 -160 -30 1 0 0 0 1 0 0 0 1 334.dat
1 1 110 -160 -10 1 0 0 0 1 0 0 0 1 334.dat
1 41 130 -152 0 1 0 0 0 1 0 0 0 1 32345.dat
1 15 130 -152 0 1 0 0 0 1 0 0 0 1 32276.dat
0
0 FILE Jedi Knight Droid Part 1.ldr
0 Jedi Knight Droid Part 1
0 Name: Jedi Knight Droid Part 1.ldr
0 Author: R Paluczak
0 Unofficial Model
0 ROTATION CENTER 0 0 0 1 "Custom" 
0 ROTATION CONFIG 0 0
1 15 10 0 -20 1 0 0 0 1 0 0 0 1 3703.dat
1 15 -110 -8 -20 1 0 0 0 1 0 0 0 1 3710.dat
1 15 -110 -8 120 1 0 0 0 1 0 0 0 1 3710.dat
1 15 130 -8 -20 1 0 0 0 1 0 0 0 1 3710.dat
1 15 130 -8 120 1 0 0 0 1 0 0 0 1 3710.dat
1 7 -140 -16 120 1 0 0 0 1 0 0 0 1 4073.dat
1 7 -120 -16 120 1 0 0 0 1 0 0 0 1 4073.dat
1 7 140 -16 120 1 0 0 0 1 0 0 0 1 4073.dat
1 7 160 -16 120 1 0 0 0 1 0 0 0 1 4073.dat
1 7 -140 -16 -20 1 0 0 0 1 0 0 0 1 4073.dat
1 7 -90 -32 -20 1 0 0 0 1 0 0 0 1 3023.dat
1 15 -130 -56 -20 1 0 0 0 1 0 0 0 1 3023.dat
1 15 -130 -56 120 1 0 0 0 1 0 0 0 1 3023.dat
1 15 150 -56 -20 1 0 0 0 1 0 0 0 1 3023.dat
1 15 150 -56 120 1 0 0 0 1 0 0 0 1 3023.dat
1 7 110 -32 -20 1 0 0 0 1 0 0 0 1 3023.dat
1 7 -90 -32 120 1 0 0 0 1 0 0 0 1 3023.dat
1 7 -90 -32 90 1 0 0 0 1 0 0 0 1 3022.dat
1 7 -90 -32 10 1 0 0 0 1 0 0 0 1 3022.dat
1 7 -90 -40 20 1 0 0 0 1 0 0 0 1 2412b.dat
1 7 -90 -40 80 1 0 0 0 1 0 0 0 1 2412b.dat
1 7 110 -40 20 1 0 0 0 1 0 0 0 1 2412b.dat
1 7 110 -40 80 1 0 0 0 1 0 0 0 1 2412b.dat
1 7 110 -32 90 1 0 0 0 1 0 0 0 1 3022.dat
1 7 110 -32 10 1 0 0 0 1 0 0 0 1 3022.dat
1 7 110 -32 120 1 0 0 0 1 0 0 0 1 3023.dat
1 7 -120 -16 -20 1 0 0 0 1 0 0 0 1 4073.dat
1 7 140 -16 -20 1 0 0 0 1 0 0 0 1 4073.dat
1 7 160 -16 -20 1 0 0 0 1 0 0 0 1 4073.dat
1 7 -140 -48 120 1 0 0 0 1 0 0 0 1 4073.dat
1 7 -120 -48 120 1 0 0 0 1 0 0 0 1 4073.dat
1 7 140 -48 120 1 0 0 0 1 0 0 0 1 4073.dat
1 7 160 -48 120 1 0 0 0 1 0 0 0 1 4073.dat
1 7 -140 -48 -20 1 0 0 0 1 0 0 0 1 4073.dat
1 7 -120 -48 -20 1 0 0 0 1 0 0 0 1 4073.dat
1 7 140 -48 -20 1 0 0 0 1 0 0 0 1 4073.dat
1 7 160 -48 -20 1 0 0 0 1 0 0 0 1 4073.dat
1 15 -90 -16 50 0 0 -1 0 1 0 1 0 0 3034.dat
1 15 110 -16 50 0 0 -1 0 1 0 1 0 0 3034.dat
1 15 -90 -24 100 0 0 -1 0 1 0 1 0 0 3021.dat
1 15 110 -24 100 0 0 -1 0 1 0 1 0 0 3021.dat
1 15 -90 -24 0 0 0 -1 0 1 0 1 0 0 3021.dat
1 15 110 -24 0 0 0 -1 0 1 0 1 0 0 3021.dat
1 15 -90 -24 50 0 0 -1 0 1 0 1 0 0 3068b.dat
1 15 -90 -56 -20 -1 0 0 0 1 0 0 0 -1 3039.dat
1 15 110 -56 -20 -1 0 0 0 1 0 0 0 -1 3039.dat
1 15 110 -56 120 1 0 0 0 1 0 0 0 1 3039.dat
1 15 -90 -56 120 1 0 0 0 1 0 0 0 1 3039.dat
1 15 110 -24 50 0 0 -1 0 1 0 1 0 0 3068b.dat
1 15 10 0 120 1 0 0 0 1 0 0 0 1 3703.dat
1 15 -130 -40 120 1 0 0 0 1 0 0 0 1 3700.dat
1 1 150 -30 -20 0 0 -1 0 1 0 1 0 0 32054.dat
1 1 -130 -30 -20 0 0 -1 0 1 0 1 0 0 32054.dat
1 1 150 -70 -20 0 0 -1 0 1 0 1 0 0 32054.dat
1 1 -130 -70 -20 0 0 -1 0 1 0 1 0 0 32054.dat
1 1 -130 -30 120 0 0 1 0 1 0 -1 0 0 32054.dat
1 1 150 -30 120 0 0 1 0 1 0 -1 0 0 32054.dat
1 1 -130 -70 120 0 0 1 0 1 0 -1 0 0 32054.dat
1 1 150 -70 120 0 0 1 0 1 0 -1 0 0 32054.dat
1 15 -130 -40 -20 1 0 0 0 1 0 0 0 1 3700.dat
1 15 150 -40 120 1 0 0 0 1 0 0 0 1 3700.dat
1 15 150 -40 -20 1 0 0 0 1 0 0 0 1 3700.dat
1 8 -110 10 130 0 0 -1 0 1 0 1 0 0 32002.dat
1 8 130 10 130 0 0 -1 0 1 0 1 0 0 32002.dat
1 8 -110 10 -30 0 0 -1 0 -1 0 -1 0 0 32002.dat
1 8 130 10 -30 0 0 -1 0 -1 0 -1 0 0 32002.dat
1 15 10 -80 -20 1 0 0 0 1 0 0 0 1 3703.dat
1 15 10 -80 120 1 0 0 0 1 0 0 0 1 3703.dat
1 15 -110 -30 -35 1 0 0 0 0 -1 0 1 0 32017.dat
1 15 130 -30 -35 1 0 0 0 0 -1 0 1 0 32017.dat
1 15 -110 -30 135 1 0 0 0 0 -1 0 1 0 32017.dat
1 15 130 -30 135 1 0 0 0 0 -1 0 1 0 32017.dat
1 8 -110 -70 130 0 0 -1 0 1 0 1 0 0 32002.dat
1 8 130 -70 130 0 0 -1 0 1 0 1 0 0 32002.dat
1 8 -110 -70 -30 0 0 -1 0 -1 0 -1 0 0 32002.dat
1 8 130 -70 -30 0 0 -1 0 -1 0 -1 0 0 32002.dat
1 3 110 -70 -20 0 0 -1 0 1 0 1 0 0 32054.dat
1 3 70 -70 -20 0 0 -1 0 1 0 1 0 0 32054.dat
1 3 -50 -70 -20 0 0 -1 0 1 0 1 0 0 32054.dat
1 3 -90 -70 -20 0 0 -1 0 1 0 1 0 0 32054.dat
1 3 110 -70 120 0 0 -1 0 -1 0 -1 0 0 32054.dat
1 3 70 -70 120 0 0 -1 0 -1 0 -1 0 0 32054.dat
1 3 -50 -70 120 0 0 -1 0 -1 0 -1 0 0 32054.dat
1 3 -90 -70 120 0 0 -1 0 -1 0 -1 0 0 32054.dat
0
0 FILE Jedi Knight Droid Part 2.ldr
0 Jedi Knight Droid Part 2
0 Name: Jedi Knight Droid Part 2.ldr
0 Author: R Paluczak
0 Unofficial Model
0 ROTATION CENTER 0 0 0 1 "Custom" 
0 ROTATION CONFIG 0 0
1 0 0 50 20 0 1 0 -1 0 0 0 0 1 4519.dat
1 7 0 25 20 0 1 0 0 0 -1 -1 0 0 32123a.dat
1 7 -25 0 40 0 0 -1 0 1 0 1 0 0 32123a.dat
1 7 -15 -60 60 0 0 -1 0 1 0 1 0 0 32123a.dat
1 7 15 -60 60 0 0 -1 0 1 0 1 0 0 32123a.dat
1 7 -35 -20 60 0 0 -1 0 1 0 1 0 0 32123a.dat
1 7 35 -20 60 0 0 -1 0 1 0 1 0 0 32123a.dat
1 7 -25 -20 60 0 -1 0 0 0 -1 1 0 0 6632.dat
1 7 25 -20 60 0 -1 0 0 0 -1 1 0 0 6632.dat
1 7 0 -20 25 0 0 -1 -1 0 0 0 1 0 32017.dat
1 7 0 -60 25 0 0 -1 -1 0 0 0 1 0 32017.dat
1 7 40 -60 40 -1 0 0 0 1 0 0 0 -1 32039.dat
1 7 -40 -60 40 -1 0 0 0 1 0 0 0 -1 32039.dat
1 7 -50 20 0 -1 0 0 0 0 -1 0 -1 0 32039.dat
1 7 -40 -60 30 0 0 -1 0 1 0 1 0 0 3749.dat
1 7 40 -60 30 0 0 -1 0 1 0 1 0 0 3749.dat
1 7 25 0 40 0 0 -1 0 1 0 1 0 0 32123a.dat
1 7 0 55 20 0 1 0 0 0 -1 -1 0 0 32123a.dat
1 7 0 55 60 0 1 0 0 0 -1 -1 0 0 32123a.dat
1 7 0 70 20 0 1 0 0 0 -1 -1 0 0 4019.dat
1 7 0 -13 62 0 1 0 0 0 -1 -1 0 0 6589.dat
1 7 0 -40 40 0 1 0 1 0 0 0 0 -1 32269.dat
1 7 0 -40 -23 0 1 0 1 0 0 0 0 -1 6589.dat
1 7 0 70 60 0 1 0 0 0 -1 -1 0 0 4019.dat
1 15 -15 40 40 0 1 0 0 0 -1 -1 0 0 32056.dat
1 15 15 40 40 0 1 0 0 0 -1 -1 0 0 32056.dat
1 15 0 40 0 1 0 0 0 0 -1 0 1 0 6536.dat
1 15 0 40 40 1 0 0 0 0 -1 0 1 0 6536.dat
1 0 0 30 60 0 -1 0 1 0 0 0 0 1 32073.dat
1 15 0 0 40 1 0 0 0 0 -1 0 1 0 6536.dat
1 15 0 -60 60 1 0 0 0 1 0 0 0 1 6536.dat
1 15 0 -40 90 1 0 0 0 1 0 0 0 1 6538a.dat
1 7 -40 0 40 1 0 0 0 -1 0 0 0 -1 6536.dat
1 7 -50 0 0 0 0 1 -1 0 0 0 -1 0 6536.dat
1 7 40 0 40 1 0 0 0 -1 0 0 0 -1 6536.dat
1 7 30 40 60 0 1 0 1 0 0 0 0 -1 32140.dat
1 0 50 60 0 1 0 0 0 -1 0 0 0 -1 6558.dat
1 0 -40 -20 30 0 0 1 0 -1 0 1 0 0 2780.dat
1 0 40 -20 30 0 0 1 0 -1 0 1 0 0 2780.dat
1 0 -50 60 0 -1 0 0 0 1 0 0 0 -1 6558.dat
1 7 -30 40 60 0 1 0 1 0 0 0 0 -1 32140.dat
1 1 -50 60 60 0 1 0 -1 0 0 0 0 1 32009.dat
1 1 50 60 60 0 1 0 -1 0 0 0 0 1 32009.dat
1 1 -20 60 -100 0 0 -1 -1 0 0 0 1 0 6538a.dat
1 1 20 60 -100 0 0 -1 -1 0 0 0 1 0 6538a.dat
1 0 0 0 40 1 0 0 0 1 0 0 0 1 3706.dat
1 0 0 -60 60 1 0 0 0 1 0 0 0 1 3706.dat
1 0 0 -40 30 0 0 1 0 1 0 -1 0 0 3706.dat
1 0 -40 -20 60 1 0 0 0 1 0 0 0 1 32062.dat
1 0 -50 10 0 0 1 0 -1 0 0 0 0 1 32062.dat
1 0 40 -20 60 1 0 0 0 1 0 0 0 1 32062.dat
1 0 -40 60 -100 1 0 0 0 1 0 0 0 1 32062.dat
1 0 40 60 -100 1 0 0 0 1 0 0 0 1 32062.dat
1 0 0 60 -100 1 0 0 0 1 0 0 0 1 32062.dat
1 0 0 40 40 1 0 0 0 1 0 0 0 1 3706.dat
1 0 0 40 0 1 0 0 0 1 0 0 0 1 3706.dat
1 8 20 40 20 -1 0 0 0 1 0 0 0 -1 32002.dat
1 8 -20 40 20 1 0 0 0 -1 0 0 0 -1 32002.dat
1 8 -20 0 0 0 0 1 0 -1 0 1 0 0 32002.dat
1 8 20 0 0 0 0 1 0 -1 0 1 0 0 32002.dat
1 8 -20 -80 0 0 0 1 0 -1 0 1 0 0 32002.dat
1 8 20 -80 0 0 0 1 0 -1 0 1 0 0 32002.dat
0 
1 1 0 -40 10 1 0 0 0 0 1 0 -1 0 76421a.dat
1 1 -20 -42 -10 1 0 0 0 1 0 0 0 1 Jedi Knight Droid Part 3.ldr
0
0 FILE Jedi Knight Droid Part 3.ldr
0 Jedi Knight Droid Part 3
0 Name: Jedi Knight Droid Part 3.ldr
0 Author: R Paluczak
0 Unofficial Model
0 ROTATION CENTER 0 0 0 1 "Custom" 
0 ROTATION CONFIG 0 0
1 15 20 32 0 1 0 0 0 1 0 0 0 1 3701.dat
1 15 20 -8 0 1 0 0 0 1 0 0 0 1 3700.dat
1 15 -10 -8 -50 0 0 1 0 1 0 -1 0 0 3894.dat
1 0 30 2 -30 1 0 0 0 1 0 0 0 1 32073.dat
1 0 30 2 -90 1 0 0 0 1 0 0 0 1 32073.dat
1 7 10 2 -90 0 0 1 0 1 0 -1 0 0 3713.dat
1 7 30 2 -90 0 0 1 0 1 0 -1 0 0 3482.dat
1 7 30 2 -90 0 0 1 0 1 0 -1 0 0 56897.dat
1 7 30 2 -30 0 0 1 0 1 0 -1 0 0 3713.dat
1 7 70 2 -30 0 0 1 0 1 0 -1 0 0 3648b.dat
1 7 70 2 -90 0 0 1 0 1 0 -1 0 0 3648b.dat
1 7 3 2 -30 0 0 1 0 1 0 -1 0 0 6589.dat
1 7 15 2 -30 0 0 1 0 1 0 -1 0 0 32123a.dat
1 15 50 -8 -50 0 0 1 0 1 0 -1 0 0 3894.dat
1 15 20 24 0 1 0 0 0 1 0 0 0 1 3710.dat
1 15 -10 16 0 0 0 1 0 1 0 -1 0 0 2420.dat
1 15 50 16 0 -1 0 0 0 1 0 0 0 -1 2420.dat
1 15 -10 -16 0 0 0 1 0 1 0 -1 0 0 2420.dat
1 15 50 -16 0 -1 0 0 0 1 0 0 0 -1 2420.dat
1 7 40 -24 0 -1 0 0 0 1 0 0 0 -1 3794b.dat
1 7 0 -24 0 -1 0 0 0 1 0 0 0 -1 3794b.dat
1 7 0 -48 0 -1 0 0 0 1 0 0 0 -1 6541.dat
1 7 40 -48 0 -1 0 0 0 1 0 0 0 -1 6541.dat
0
0 FILE Jedi Knight Droid Part 4.ldr
0 Jedi Knight Droid Part 4
0 Name: Jedi Knight Droid Part 4.ldr
0 Author: R Paluczak
0 Unofficial Model
0 ROTATION CENTER 0 0 0 1 "Custom" 
0 ROTATION CONFIG 0 0
0 MLCAD BTG Group name
1 0 0 8 0 1 0 0 0 0.740218 0.672367 0 -0.672367 0.740218 3707.dat
1 0 0 -72 80 1 0 0 0 1 0 0 0 1 3706.dat
1 0 0 48 10 0 0 -1 0 1 0 1 0 0 3707.dat
1 0 -50 48 -40 0 0 -1 0 1 0 1 0 0 4519.dat
1 0 50 48 -40 0 0 -1 0 1 0 1 0 0 4519.dat
1 0 0 68 0 1 0 0 0 1 0 0 0 1 3706.dat
1 0 0 88 60 1 0 0 0 1 0 0 0 1 3705.dat
1 0 0 -2 60 0 1 0 -1 0 0 0 0 1 3705.dat
1 7 40 88 0 1 0 0 0 1 0 0 0 1 3749.dat
1 7 -40 88 0 -1 0 0 0 1 0 0 0 -1 3749.dat
1 7 -60 88 20 -1 0 0 0 1 0 0 0 -1 3749.dat
1 7 60 88 20 1 0 0 0 1 0 0 0 1 3749.dat
0 MLCAD BTG Group name
1 7 -20 -18.894 -29.608 1 0 0 0 0.740218 0.672367 0 -0.672367 0.740218 2736.dat
1 7 -20 50 -120 0 -1 0 1 0 0 0 0 1 2736.dat
0 MLCAD BTG Group name
1 7 20 -18.894 -29.608 -1 0 0 0 0.740218 -0.672367 0 -0.672367 -0.740218 2736.dat
1 7 40 -32 80 -1 0 0 0 1 0 0 0 -1 3749.dat
1 7 -40 -32 80 1 0 0 0 1 0 0 0 1 3749.dat
1 7 25 -32 80 0 0 1 0 1 0 -1 0 0 32123a.dat
1 7 -25 -32 80 0 0 1 0 1 0 -1 0 0 32123a.dat
1 8 40 28 80 -1 0 0 0 1 0 0 0 -1 32002.dat
1 8 -40 28 80 1 0 0 0 1 0 0 0 1 32002.dat
1 0 40 88 40 1 0 0 0 1 0 0 0 1 2780.dat
1 0 60 -12 80 1 0 0 0 1 0 0 0 1 2780.dat
0 MLCAD BTG Group name2
1 0 -39.788 -24.781 -24.119 0.108386 0.980785 -0.162212 -0.858848 0.0102102 -0.512129 -0.500633 0.194823 0.843452 6644.dat
0 MLCAD BTG Group name2
1 0 -19.998 37.7 -127.02 -0.980785 -0.108386 0.162212 -0.0102102 0.858848 0.512129 -0.194823 0.500633 -0.843452 6644.dat
0 MLCAD BTG Group name2
1 8 -34.759 -8.904 -50.265 0.980785 9.7327 0.108386 0.0102102 30.7278 -0.858848 0.194823 -50.6071 -0.500633 LS50.dat
0 MLCAD BTG Group name2
1 7 -34.759 -8.904 -50.265 0.980785 0.162212 0.108386 0.0102102 0.512129 -0.858848 0.194823 -0.843452 -0.500633 342.dat
0 MLCAD BTG Group name2
1 7 -34.759 -8.904 -50.265 1.96157 9.7327 0.216773 0.0204205 30.7278 -1.7177 0.389646 -50.6071 -1.00127 LS11.dat
0 MLCAD BTG Group name2
1 7 -25.027 21.824 -100.873 0.980785 -0.162212 0.108386 0.0102102 -0.512129 -0.858848 0.194823 0.843452 -0.500633 342.dat
0 GROUP 6 Group name2
1 0 40 68 -60 1 0 0 0 1 0 0 0 1 2780.dat
1 0 -40 68 -60 1 0 0 0 1 0 0 0 1 2780.dat
1 0 32.817 108 -285.837 0.777146 0 0.62932 0 -1 0 0.62932 0 -0.777146 2780.dat
1 0 -31.85 108 -286 -0.801254 0 -0.598325 0 1 0 0.598325 0 -0.801254 2780.dat
1 0 -31.85 68 -286 -0.801254 0 -0.598325 0 1 0 0.598325 0 -0.801254 2780.dat
1 0 -60 -12 80 1 0 0 0 1 0 0 0 1 2780.dat
1 1 50 88 80 0 -1 0 0 0 1 -1 0 0 32009.dat
1 1 -50 8 0 1 0 0 0 0 -1 0 1 0 32013.dat
1 1 50 8 0 1 0 0 0 0 -1 0 1 0 32013.dat
1 1 1 -42 60 0 -1 0 0 0 1 -1 0 0 6538a.dat
1 1 1 68 -80 0 0 1 0 1 0 -1 0 0 6538a.dat
1 15 -60 30 -120 0 1 0 0 0 -1 -1 0 0 6538a.dat
1 15 60 30 -120 0 1 0 0 0 -1 -1 0 0 6538a.dat
1 1 -50 88 80 0 -1 0 0 0 1 -1 0 0 32009.dat
1 0 0 68 -20 1 0 0 0 1 0 0 0 1 2780.dat
1 0 0 68 20 1 0 0 0 1 0 0 0 1 2780.dat
0 MLCAD BTG Group name
1 7 0 8 0 0 0 1 -0.672367 0.740218 0 -0.740218 -0.672367 0 3648b.dat
1 7 30 88 60 0 -1 0 -1 0 0 0 0 -1 32140.dat
1 7 50 68 -20 1 0 0 0 -1 0 0 0 -1 32039.dat
1 7 -50 68 -20 1 0 0 0 -1 0 0 0 -1 32039.dat
1 1 -50 48 -20 0 -1 0 -1 0 0 0 0 -1 32039.dat
1 1 50 48 -20 0 -1 0 -1 0 0 0 0 -1 32039.dat
1 7 -30 88 60 0 -1 0 -1 0 0 0 0 -1 32140.dat
1 7 0 48 80 1 0 0 0 1 0 0 0 1 94925.dat
1 7 0 48 43 1 0 0 0 1 0 0 0 1 6589.dat
1 7 0 31 60 1 0 0 0 0 1 0 -1 0 6589.dat
1 7 10 68 60 0 -1 0 0 0 -1 1 0 0 32068.dat
1 7 0 48 35 1 0 0 0 1 0 0 0 1 32123a.dat
1 7 15 88 60 0 0 -1 0 1 0 1 0 0 32123a.dat
1 7 -15 88 60 0 0 -1 0 1 0 1 0 0 32123a.dat
1 7 0 48 0 1 0 0 0 1 0 0 0 1 4716.dat
0 MLCAD BTG Group name
1 7 0 -21.608 26.894 0 0 1 -0.672367 0.740218 0 -0.740218 -0.672367 0 3713.dat
1 7 0 -12 60 -1 0 0 0 0 -1 0 -1 0 3713.dat
1 0 0 -82 60 0 1 0 -1 0 0 0 0 1 3705.dat
1 7 0 -92 60 -1 0 0 0 0 -1 0 -1 0 3713.dat
1 7 0 -112 60 -1 0 0 0 0 -1 0 -1 0 32269.dat
1 7 -35 -72 80 0 0 1 0 1 0 -1 0 0 32123a.dat
1 7 -45 8 60 0 0 1 0 1 0 -1 0 0 32123a.dat
1 7 45 8 60 0 0 1 0 1 0 -1 0 0 32123a.dat
1 7 0 23 60 0 1 0 0 0 -1 -1 0 0 32123a.dat
1 7 -20 -72 80 0 0 1 0 1 0 -1 0 0 3713.dat
1 7 0 -72 80 1 0 0 0 0 1 0 -1 0 6536.dat
1 7 50 48 -60 0 0 -1 0 1 0 1 0 0 6536.dat
1 15 50 68 -80 1 0 0 0 1 0 0 0 1 6536.dat
1 15 70 68 -80 1 0 0 0 1 0 0 0 1 6536.dat
1 15 -70 68 -80 1 0 0 0 1 0 0 0 1 6536.dat
1 15 -50 68 -80 1 0 0 0 1 0 0 0 1 6536.dat
1 15 -27.896 108 -263.991 0 -0.598325 0.801254 -1 0 0 0 -0.801254 -0.598325 6536.dat
1 15 -27.896 68 -263.991 0 -0.598325 0.801254 -1 0 0 0 -0.801254 -0.598325 6536.dat
1 0 -60 88 -90 0 0 1 1 0 0 0 1 0 32069.dat
1 0 60 88 -90 0 0 1 1 0 0 0 1 0 32069.dat
0 MLCAD BTG Link
1 0 33.279 -25.133 -24.407 -0.0267285 -0.99389 0.107092 0.851026 -0.0788276 -0.519173 0.524443 0.0772613 0.847933 6644.dat
0 MLCAD BTG Link
1 0 20.214 38.207 -127.857 -0.99389 -0.0267285 -0.107092 -0.0788276 0.851026 0.519173 0.0772613 0.524443 -0.847933 6644.dat
1 7 -50 48 -60 0 0 -1 0 1 0 1 0 0 6536.dat
1 7 -50 68 -40 -1 0 0 0 -1 0 0 0 1 6536.dat
1 7 50 68 -40 -1 0 0 0 -1 0 0 0 1 6536.dat
1 7 35 -72 80 0 0 -1 0 1 0 1 0 0 32123a.dat
1 7 20 -72 80 0 0 -1 0 1 0 1 0 0 3713.dat
0 MLCAD BTG Group name
1 7 70 8 0 0 0 -1 0.672367 0.740218 0 0.740218 -0.672367 0 3713.dat
0 MLCAD BTG Link
1 7 29.959 -9.038 -50.694 0.99389 -0.107092 0.0267285 0.0788276 0.519173 -0.851026 -0.0772613 -0.847933 -0.524443 342.dat
0 MLCAD BTG Link
1 7 29.959 -9.038 -50.694 1.98778 -6.42552 0.0534571 0.157655 31.1504 -1.70205 -0.154523 -50.876 -1.04889 LS11.dat
0 MLCAD BTG Link
1 7 23.534 22.112 -101.569 0.99389 0.107092 0.0267285 0.0788276 -0.519173 -0.851026 -0.0772613 0.847933 -0.524443 342.dat
0 MLCAD BTG Link
1 8 29.959 -9.038 -50.694 0.99389 -6.42552 0.0267285 0.0788276 31.1504 -0.851026 -0.0772613 -50.876 -0.524443 LS50.dat
0 GROUP 6 Link
0 MLCAD BTG Group name
1 7 -70 8 0 0 0 -1 0.672367 0.740218 0 0.740218 -0.672367 0 3713.dat
0 MLCAD BTG Group name
1 15 -15 8 0 0 1 0 -0.672367 0 -0.740218 -0.740218 0 0.672367 32056.dat
1 15 0 48 0 0 -1 0 0 0 1 -1 0 0 32166.dat
1 15 0 48 0 0 1 0 0 0 1 1 0 0 32166.dat
1 15 0 8 60 0 0 1 1 0 0 0 1 0 32034.dat
1 15 35 8 80 0 1 0 1 0 0 0 0 -1 2905.dat
1 15 -35 8 80 0 1 0 1 0 0 0 0 -1 2905.dat
0 MLCAD BTG Group name
1 15 15 8 0 0 1 0 -0.672367 0 -0.740218 -0.740218 0 0.672367 32056.dat
1 15 -35 68 -40 0 1 0 1 0 0 0 0 -1 6632.dat
1 15 -25 68 -40 0 1 0 1 0 0 0 0 -1 6632.dat
1 15 -60 55 -120 0 0 1 0 1 0 -1 0 0 6632.dat
1 15 -60 65 -120 0 0 1 0 1 0 -1 0 0 6632.dat
1 7 20 50 -120 0 1 0 1 0 0 0 0 -1 2736.dat
1 15 60 55 -120 0 0 -1 0 1 0 1 0 0 6632.dat
1 15 60 65 -120 0 0 -1 0 1 0 1 0 0 6632.dat
1 15 60 88 -120 -1 0 0 0 1 0 0 0 -1 32271.dat
1 15 -60 88 -120 1 0 0 0 -1 0 0 0 -1 32271.dat
1 15 25 68 -40 0 1 0 1 0 0 0 0 -1 6632.dat
1 15 35 68 -40 0 1 0 1 0 0 0 0 -1 6632.dat
0 MLCAD BTG Group name
1 0 0 -21.608 26.894 1 0 0 0 0.740218 0.672367 0 -0.672367 0.740218 32062.dat
0 GROUP 10 Group name
1 0 -50 38 0 0 1 0 -1 0 0 0 0 1 32062.dat
1 0 -40 68 -40 -1 0 0 0 -1 0 0 0 1 32062.dat
1 0 40 68 -40 -1 0 0 0 -1 0 0 0 1 32062.dat
1 0 -30 8 60 1 0 0 0 1 0 0 0 1 32062.dat
1 0 30 8 60 1 0 0 0 1 0 0 0 1 32062.dat
1 0 50 38 0 0 1 0 -1 0 0 0 0 1 32062.dat
1 0 -40 68 -80 1 0 0 0 1 0 0 0 1 3705.dat
1 0 -60 71 -120 0 -1 0 1 0 0 0 0 1 3705.dat
1 0 -27.896 88 -263.991 0 -0.598325 -0.801254 1 0 0 0 -0.801254 0.598325 4519.dat
1 0 32.817 68 -285.837 0.777146 0 0.62932 0 -1 0 0.62932 0 -0.777146 2780.dat
1 15 28 68 -264 0 0.62932 -0.777146 1 0 0 0 -0.777146 -0.62932 6536.dat
1 15 28 108 -264 0 0.62932 -0.777146 1 0 0 0 -0.777146 -0.62932 6536.dat
1 0 28 88 -264 0 0.62932 0.777146 -1 0 0 0 -0.777146 0.62932 4519.dat
1 0 60 71 -120 0 -1 0 1 0 0 0 0 1 3705.dat
1 0 40 68 -80 1 0 0 0 1 0 0 0 1 3705.dat
1 7 -70 88 20 0 0 1 0 1 0 -1 0 0 3482.dat
1 7 -70 88 20 0 0 1 0 1 0 -1 0 0 56897.dat
1 7 70.1 88 20 0 0 -1 0 1 0 1 0 0 3482.dat
1 7 70.1 88 20 0 0 -1 0 1 0 1 0 0 56897.dat
0 
0 
0
0
