0 FILE Millenium Falcon.ldr
0 Millenium Falcon
0 Name: Millenium Falcon.ldr
0 Author: R Paluczak
0 Unofficial Model
0 ROTATION CENTER 0 0 0 1 "Custom" 
0 ROTATION CONFIG 0 0
1 0 -430 64 -250 1 0 0 0 1 0 0 0 1 Han Solo.ldr
1 0 -160 64 -660 1 0 0 0 1 0 0 0 1 Darth Vader.ldr
1 0 -270 64 -620 1 0 0 0 1 0 0 0 1 Chewbacca.ldr
1 0 -340 64 -570 1 0 0 0 1 0 0 0 1 Princess Leia.ldr
1 0 -430 64 -530 1 0 0 0 1 0 0 0 1 Ben Kenobi.ldr
1 0 -490 64 -420 1 0 0 0 1 0 0 0 1 Luke Skywalker.ldr
1 0 -10 33 0 0 0 -1 0 1 0 1 0 0 Part 1.ldr
0
0 FILE Han Solo.ldr
0 Han Solo
0 Name: Han Solo.ldr
0 Author: R Paluczak
0 Unofficial Model
0 ROTATION CENTER 0 0 0 1 "Custom" 
0 ROTATION CONFIG 0 0
1 70 0 -24 0 1 0 0 0 1 0 0 0 1 3901.dat
1 78 0 -24 0 1 0 0 0 1 0 0 0 1 3626bps2.dat
1 0 0 0 0 1 0 0 0 1 0 0 0 1 973pr5.dat
1 1 0 32 0 1 0 0 0 1 0 0 0 1 3815ps5.dat
1 19 -15.552 9 0 0.985 -0.17 0 0.17 0.985 0 0 0 1 3818.dat
1 19 15.552 9 0 0.985 0.17 0 -0.17 0.985 0 0 0 1 3819.dat
1 78 -23.8634 26.5956 -10.321 0.985 -0.12019 0.12019 0.17 0.696395 -0.696395 0 0.707 0.707 3820.dat
1 78 23.8634 26.5956 -10.321 0.985 0.12019 -0.12019 -0.17 0.696395 -0.696395 0 0.707 0.707 3820.dat
1 0 -24.6826 31.3422 -19.2547 0.985 -0.0874983 0.14567 0.17 0.506976 -0.844031 0 0.856884 0.514696 58247.dat
1 1 0 44 0 1 0 0 0 1 0 0 0 1 3816ps5.dat
1 1 0 44 0 1 0 0 0 1 0 0 0 1 3817.dat
0 
0 
0 
0
0 FILE Darth Vader.ldr
0 Darth Vader
0 Name: Darth Vader.ldr
0 Author: R Paluczak
0 Unofficial Model
0 ROTATION CENTER 0 0 0 1 "Custom" 
0 ROTATION CONFIG 0 0
1 0 0 -26 0 1 0 0 0 1 0 0 0 1 30368.dat
1 71 0 -26 0 1 0 0 0 1 0 0 0 1 3626bps7.dat
1 0 0 -2 0 1 0 0 0 1 0 0 0 1 522.dat
1 0 0 0 0 1 0 0 0 1 0 0 0 1 973psz.dat
1 0 0 32 0 1 0 0 0 1 0 0 0 1 3815.dat
1 0 -15.552 9 0 0.985 -0.17 0 0.17 0.985 0 0 0 1 3818.dat
1 0 15.552 9 0 0.985 0.17 0 -0.17 0.985 0 0 0 1 3819.dat
1 0 -23.8634 26.5956 -10.321 0.985 -0.12019 0.12019 0.17 0.696395 -0.696395 0 0.707 0.707 3820.dat
1 0 23.8634 26.5956 -10.321 0.985 0.12019 -0.12019 -0.17 0.696395 -0.696395 0 0.707 0.707 3820.dat
1 36 -23.1951 22.7236 -33.8217 0.985 -0.0874983 0.14567 0.17 0.506976 -0.844031 0 0.856884 0.514696 577c01.dat
1 0 0 44 0 1 0 0 0 1 0 0 0 1 3816.dat
1 0 0 44 0 1 0 0 0 1 0 0 0 1 3817.dat
0
0 FILE Chewbacca.ldr
0 Chewbacca
0 Name: Chewbacca.ldr
0 Author: R Paluczak
0 Unofficial Model
0 ROTATION CENTER 0 0 0 1 "Custom" 
0 ROTATION CONFIG 0 0
1 70 0 0 0 1 0 0 0 1 0 0 0 1 30483p01.dat
1 70 0 0 0 1 0 0 0 1 0 0 0 1 973.dat
1 70 0 32 0 1 0 0 0 1 0 0 0 1 3815.dat
1 70 -15.552 9 0 0.985 -0.17 0 0.17 0.985 0 0 0 1 3818.dat
1 70 15.552 9 0 0.985 0.17 0 -0.17 0.985 0 0 0 1 3819.dat
1 70 -23.8634 26.5956 -10.321 0.985 -0.12019 0.12019 0.17 0.696395 -0.696395 0 0.707 0.707 3820.dat
1 70 23.8634 26.5956 -10.321 0.985 0.12019 -0.12019 -0.17 0.696395 -0.696395 0 0.707 0.707 3820.dat
1 72 -24.6826 31.3422 -19.2547 0.985 -0.0874983 0.14567 0.17 0.506976 -0.844031 0 0.856884 0.514696 2570.dat
1 70 0 44 0 1 0 0 0 1 0 0 0 1 3816.dat
1 70 0 44 0 1 0 0 0 1 0 0 0 1 3817.dat
0
0 FILE Princess Leia.ldr
0 Princess Leia
0 Name: Princess Leia.ldr
0 Author: R Paluczak
0 Unofficial Model
0 ROTATION CENTER 0 0 0 1 "Custom" 
0 ROTATION CONFIG 0 0
1 70 0 -24 0 1 0 0 0 1 0 0 0 1 30409.dat
1 15 0 0 0 1 0 0 0 1 0 0 0 1 973psy.dat
1 15 0 32 0 1 0 0 0 1 0 0 0 1 3815.dat
1 15 -15.552 9 0 0.985 -0.17 0 0.17 0.985 0 0 0 1 3818.dat
1 15 15.552 9 0 0.985 0.17 0 -0.17 0.985 0 0 0 1 3819.dat
1 78 -23.8634 26.5956 -10.321 0.985 -0.12019 0.12019 0.17 0.696395 -0.696395 0 0.707 0.707 3820.dat
1 78 23.8634 26.5956 -10.321 0.985 0.12019 -0.12019 -0.17 0.696395 -0.696395 0 0.707 0.707 3820.dat
1 0 -24.6826 31.3422 -19.2547 0.985 -0.0874983 0.14567 0.17 0.506976 -0.844031 0 0.856884 0.514696 58247.dat
1 15 0 44 0 1 0 0 0 1 0 0 0 1 3816.dat
1 15 0 44 0 1 0 0 0 1 0 0 0 1 3817.dat
1 78 0 -24 0 1 0 0 0 1 0 0 0 1 3626bpb366.dat
0
0 FILE Ben Kenobi.ldr
0 Ben Kenobi
0 Name: Ben Kenobi.ldr
0 Author: R Paluczak
0 Unofficial Model
0 ROTATION CENTER 0 0 0 1 "Custom" 
0 ROTATION CONFIG 0 0
1 70 0 -26 0 1 0 0 0 1 0 0 0 1 30381.dat
1 78 0 -26 0 1 0 0 0 1 0 0 0 1 3626bps4.dat
1 70 0 -2 0 1 0 0 0 1 0 0 0 1 522.dat
1 19 0 0 0 1 0 0 0 1 0 0 0 1 973ps6.dat
1 19 0 32 0 1 0 0 0 1 0 0 0 1 3815.dat
1 19 -15.552 9 0 0.985 -0.17 0 0.17 0.985 0 0 0 1 3818.dat
1 19 15.552 9 0 0.985 0.17 0 -0.17 0.985 0 0 0 1 3819.dat
1 78 -23.8634 26.5956 -10.321 0.985 -0.12019 0.12019 0.17 0.696395 -0.696395 0 0.707 0.707 3820.dat
1 78 23.8634 26.5956 -10.321 0.985 0.12019 -0.12019 -0.17 0.696395 -0.696395 0 0.707 0.707 3820.dat
1 43 -23.1951 22.7236 -33.8217 0.985 -0.0874983 0.14567 0.17 0.506976 -0.844031 0 0.856884 0.514696 577c01.dat
1 19 0 44 0 1 0 0 0 1 0 0 0 1 3816.dat
1 19 0 44 0 1 0 0 0 1 0 0 0 1 3817.dat
0
0 FILE Luke Skywalker.ldr
0 Luke Skywalker
0 Name: Luke Skywalker.ldr
0 Author: R Paluczak
0 Unofficial Model
0 ROTATION CENTER 0 0 0 1 "Custom" 
0 ROTATION CONFIG 0 0
1 19 0 -24 0 1 0 0 0 1 0 0 0 1 87991.dat
1 78 0 -24 0 1 0 0 0 1 0 0 0 1 3626bp01.dat
1 15 0 0 0 1 0 0 0 1 0 0 0 1 973ps3.dat
1 71 70 32 0 1 0 0 0 1 0 0 0 1 30370.dat
1 15 0 32 0 1 0 0 0 1 0 0 0 1 3815.dat
1 15 -15.552 9 0 0.985 -0.17 0 0.17 0.985 0 0 0 1 3818.dat
1 15 15.552 9 0 0.985 0.17 0 -0.17 0.985 0 0 0 1 3819.dat
1 78 -23.8634 26.5956 -10.321 0.985 -0.12019 0.12019 0.17 0.696395 -0.696395 0 0.707 0.707 3820.dat
1 78 23.8634 26.5956 -10.321 0.985 0.12019 -0.12019 -0.17 0.696395 -0.696395 0 0.707 0.707 3820.dat
1 43 -23.1951 22.7236 -33.8217 0.985 -0.0874983 0.14567 0.17 0.506976 -0.844031 0 0.856884 0.514696 577c01.dat
1 0 24.6826 31.3422 -19.2547 0.985 0.0874983 -0.14567 -0.17 0.506976 -0.844031 0 0.856884 0.514696 58247.dat
1 19 0 44 0 1 0 0 0 1 0 0 0 1 3816ps0.dat
1 19 0 44 0 1 0 0 0 1 0 0 0 1 3817ps0.dat
0
0 FILE Part 1.ldr
0 Part 1
0 Name: Part 1.ldr
0 Author: R Paluczak
0 Unofficial Model
0 ROTATION CENTER 0 0 0 1 "Custom" 
0 ROTATION CONFIG 0 0
1 71 -40 8 0 1 0 0 0 1 0 0 0 1 40345.dat
1 71 280 8 50 1 0 0 0 1 0 0 0 1 3894.dat
1 71 -400 8 50 1 0 0 0 1 0 0 0 1 3895.dat
1 71 -400 8 -50 1 0 0 0 1 0 0 0 1 3895.dat
1 71 -420 -62 -70 -1 0 0 0 0 1 0 1 0 32526.dat
1 71 -420 -62 70 -1 0 0 0 0 1 0 1 0 32526.dat
1 71 -390 38 70 -1 0 0 0 -1 0 0 0 1 32557.dat
1 71 -240 8 -170 1 0 0 0 1 0 0 0 1 3895.dat
1 71 -110 8 -200 0 0 -1 0 1 0 1 0 0 3895.dat
1 71 30 8 -200 0 0 -1 0 1 0 1 0 0 3895.dat
1 71 60 0 -160 0 0 -1 0 1 0 1 0 0 3027.dat
1 71 50 -70 28 0.83147 0 0.55557 -0.55557 0 0.83147 0 -1 0 4592.dat
1 0 50 -70 28 0.83147 -0.55557 0 -0.55557 -0.83147 0 0 0 -1 4593.dat
1 71 50 -70 -28 -0.83147 0 0.55557 0.55557 0 0.83147 0 1 0 4592.dat
1 0 50 -70 -28 -0.83147 -0.55557 0 0.55557 -0.83147 0 0 0 1 4593.dat
1 71 -70 0 -80 0 0 1 0 1 0 -1 0 0 63868.dat
1 71 -10 0 -80 0 0 1 0 1 0 -1 0 0 63868.dat
1 71 60 0 160 0 0 -1 0 1 0 1 0 0 3027.dat
1 71 -140 0 -160 0 0 -1 0 1 0 1 0 0 3027.dat
1 71 -140 0 160 0 0 -1 0 1 0 1 0 0 3027.dat
1 71 200 0 240 0 0 -1 0 1 0 1 0 0 30504.dat
1 71 200 0 -240 1 0 0 0 1 0 0 0 1 30504.dat
1 71 -280 0 -240 0 0 1 0 1 0 -1 0 0 30504.dat
1 71 -260 -56 220 -1 0 0 0 1 0 0 0 -1 6106.dat
1 70 -260 -8 -180 0 0 -1 0 1 0 1 0 0 4079.dat
1 70 -260 -8 -140 0 0 -1 0 1 0 1 0 0 4079.dat
1 70 -160 -8 -40 0 0 -1 0 1 0 1 0 0 4079.dat
1 70 -160 -8 40 0 0 -1 0 1 0 1 0 0 4079.dat
1 70 -180 -8 -220 -1 0 0 0 1 0 0 0 -1 4079.dat
1 70 -220 -8 -220 -1 0 0 0 1 0 0 0 -1 4079.dat
1 71 -280 0 240 0 0 1 0 1 0 -1 0 0 41539.dat
1 71 -160 32 120 0 0 1 0 1 0 -1 0 0 3958.dat
1 71 -310 32 0 0 0 1 0 1 0 -1 0 0 60479.dat
1 71 240 32 0 0 0 1 0 1 0 -1 0 0 3832.dat
1 71 -20 32 280 1 0 0 0 1 0 0 0 1 3832.dat
1 72 -120 32 310 1 0 0 0 1 0 0 0 1 3666.dat
1 72 -160 -8 310 1 0 0 0 1 0 0 0 1 3666.dat
1 72 -350 -8 120 0 0 1 0 1 0 -1 0 0 3666.dat
1 72 -350 -8 -120 0 0 1 0 1 0 -1 0 0 3666.dat
1 72 270 -8 120 0 0 1 0 1 0 -1 0 0 3666.dat
1 72 220 -8 40 0 0 1 0 1 0 -1 0 0 2460.dat
1 72 218.914 -22 59.579 0.548293 -0.836286 0 0 0 1 -0.836286 -0.548293 0 60208.dat
1 1 219 -32 59 0 0 1 -1 0 0 0 -1 0 3749.dat
1 135 219 -40 59 1 0 0 0 0 1 0 -1 0 62701.dat
1 72 218.914 -22 -60.421 0.548293 -0.836286 0 0 0 1 -0.836286 -0.548293 0 60208.dat
1 1 219 -32 -61 0 0 1 -1 0 0 0 -1 0 3749.dat
1 135 219 -40 -61 1 0 0 0 0 1 0 -1 0 62701.dat
1 72 180 -8 180 0 0 1 0 1 0 -1 0 0 61780.dat
1 0 180 -56 190 0 0 1 0 1 0 -1 0 0 4006.dat
1 0 180 -32 170 0 0 1 0 1 0 -1 0 0 55295.dat
1 72 220 -8 -40 0 0 1 0 1 0 -1 0 0 2460.dat
1 0 300 -8 0 0 0 1 0 1 0 -1 0 0 3032.dat
1 0 290 -56 0 0 0 -1 0 1 0 1 0 0 44728.dat
1 0 290 -56 40 0 0 -1 0 1 0 1 0 0 44728.dat
1 0 280 -64 40 0 0 -1 0 1 0 1 0 0 4150.dat
1 0 280 -64 -40 0 0 -1 0 1 0 1 0 0 4150.dat
1 0 290 -56 -40 0 0 -1 0 1 0 1 0 0 44728.dat
1 0 -40 -56 -330 1 0 0 0 1 0 0 0 1 44728.dat
1 0 0 -56 -330 1 0 0 0 1 0 0 0 1 44728.dat
1 0 -80 -56 -330 1 0 0 0 1 0 0 0 1 44728.dat
1 0 170 -8 -210 0 0 1 0 1 0 -1 0 0 2420.dat
1 0 -250 -8 -210 -1 0 0 0 1 0 0 0 -1 2420.dat
1 0 -250 -8 210 0 0 -1 0 1 0 1 0 0 2420.dat
1 0 -300 -24 200 -1 0 0 0 1 0 0 0 -1 87620.dat
1 0 -240 -24 260 -1 0 0 0 1 0 0 0 -1 87620.dat
1 0 160 -24 260 0 0 -1 0 1 0 1 0 0 87620.dat
1 0 220 -24 200 0 0 -1 0 1 0 1 0 0 87620.dat
1 0 190 -32 130 0 0 -1 0 1 0 1 0 0 4589.dat
1 0 -210 -24 -170 0 0 -1 0 1 0 1 0 0 4589.dat
1 0 -210 -40 -170 0 0 -1 0 1 0 1 0 0 4150ps3.dat
1 0 -210 -32 -170 0 0 -1 0 1 0 1 0 0 4032b.dat
1 0 220 -24 -200 1 0 0 0 1 0 0 0 1 87620.dat
1 0 160 -24 -260 1 0 0 0 1 0 0 0 1 87620.dat
1 0 -240 -24 -260 0 0 1 0 1 0 -1 0 0 87620.dat
1 0 -300 -24 -200 0 0 1 0 1 0 -1 0 0 87620.dat
1 0 170 -8 210 1 0 0 0 1 0 0 0 1 2420.dat
1 0 -350 -8 220 0 0 1 0 1 0 -1 0 0 2431.dat
1 0 -370 -24 20 0 0 -1 0 1 0 1 0 0 3039.dat
1 0 -370 -24 -20 0 0 -1 0 1 0 1 0 0 3039.dat
1 0 -250 -8 310 1 0 0 0 1 0 0 0 1 3623.dat
1 72 270 -8 -120 0 0 1 0 1 0 -1 0 0 3666.dat
1 72 280 -48 0 0 0 1 0 1 0 -1 0 0 3795.dat
1 72 -120 -32 0 0 0 1 0 1 0 -1 0 0 3795.dat
1 15 -110 -56 0 0 0 1 0 1 0 -1 0 0 3937.dat
1 72 -130 -40 0 0 0 1 0 1 0 -1 0 0 3069bp80.dat
1 0 -90 -56 0 0 0 1 0 1 0 -1 0 0 3460.dat
1 4 -90 -80 0 0 0 1 0 1 0 -1 0 0 3004.dat
0 MLCAD BTG Group name
1 4 -118.291 -51.593 0 0 0.829038 0.559193 0 0.559193 -0.829038 -1 0 0 6134.dat
0 MLCAD BTG Group name
1 0 -124.922 -56.065 0 0 0.829038 0.559193 0 0.559193 -0.829038 -1 0 0 3069bps6.dat
0 MLCAD BTG Group name
1 72 -113.731 -72.648 0 0 0.829038 0.559193 0 0.559193 -0.829038 -1 0 0 3069bpc1.dat
0 GROUP 3 Group name
1 0 -110 -56 40 0 0 1 0 1 0 -1 0 0 3039pc6.dat
1 0 -90 -80 -40 0 0 1 0 1 0 -1 0 0 3039pc6.dat
1 0 -110 -56 -40 0 0 1 0 1 0 -1 0 0 3039p70.dat
1 0 -90 -80 40 0 0 1 0 1 0 -1 0 0 3039p70.dat
1 0 10 -56 0 0 0 1 0 1 0 -1 0 0 3460.dat
1 0 -40 -88 70 1 0 0 0 1 0 0 0 1 3460.dat
1 0 -40 -88 -70 1 0 0 0 1 0 0 0 1 3460.dat
1 72 -60 -56 -70 1 0 0 0 1 0 0 0 1 4175.dat
1 72 -20 -56 -70 1 0 0 0 1 0 0 0 1 4175.dat
1 72 50 -88 0 0 0 -1 0 1 0 1 0 0 4175.dat
1 72 50 -80 -10 1 0 0 0 1 0 0 0 1 87087.dat
1 72 50 -80 10 -1 0 0 0 1 0 0 0 -1 87087.dat
1 72 -20 -56 70 -1 0 0 0 1 0 0 0 -1 4175.dat
1 72 30 -80 70 -1 0 0 0 1 0 0 0 -1 4085c.dat
1 72 30 -80 -70 1 0 0 0 1 0 0 0 1 4085c.dat
1 43 -110 -80 70 1 0 0 0 1 0 0 0 1 4073.dat
1 43 -110 -80 -70 1 0 0 0 1 0 0 0 1 4073.dat
1 72 -60 -56 70 -1 0 0 0 1 0 0 0 -1 4175.dat
1 72 -108 -102 0 0 1 0 0 0 -1 -1 0 0 30244.dat
1 72 -108 -102 -40 0 1 0 0 0 -1 -1 0 0 30244.dat
1 72 260 -64 0 1 0 0 0 1 0 0 0 1 3020.dat
1 72 80 -8 310 1 0 0 0 1 0 0 0 1 3666.dat
1 4 -140 -8 280 1 0 0 0 1 0 0 0 1 3020.dat
1 4 -300 -8 240 1 0 0 0 1 0 0 0 1 3020.dat
1 72 -160 -8 -310 1 0 0 0 1 0 0 0 1 3666.dat
1 19 -40 -16 -330 1 0 0 0 1 0 0 0 1 3666.dat
1 19 -40 -48 -330 1 0 0 0 1 0 0 0 1 3666.dat
1 72 80 -8 -310 1 0 0 0 1 0 0 0 1 3666.dat
1 72 30 -8 -260 0 0 -1 0 1 0 1 0 0 3023.dat
1 72 130 -8 -260 0 0 -1 0 1 0 1 0 0 3023.dat
1 72 140 -8 -230 -1 0 0 0 1 0 0 0 -1 3023.dat
1 72 140 -8 -130 -1 0 0 0 1 0 0 0 -1 3023.dat
1 71 -40 32 -280 1 0 0 0 1 0 0 0 1 3832.dat
1 71 -160 32 -120 0 0 1 0 1 0 -1 0 0 3958.dat
1 71 80 32 120 0 0 1 0 1 0 -1 0 0 3958.dat
1 71 80 32 -120 0 0 1 0 1 0 -1 0 0 3958.dat
1 71 -280 0 0 0 0 1 0 1 0 -1 0 0 92438.dat
1 71 -530 8 -50 0 0 1 0 1 0 -1 0 0 3665.dat
1 71 -530 8 50 0 0 1 0 1 0 -1 0 0 3665.dat
1 71 -460 0 0 1 0 0 0 1 0 0 0 1 3033.dat
1 71 -400 -24 50 1 0 0 0 1 0 0 0 1 6112.dat
1 71 -400 -24 -50 1 0 0 0 1 0 0 0 1 6112.dat
1 71 -580 -56 -160 0 0 1 0 1 0 -1 0 0 Part 31.ldr
1 71 -50 -88 12 0 0 1 1 0 0 0 1 0 Part 34.ldr
1 71 -580 -64 290 0 0 1 0 1 0 -1 0 0 Part 32.ldr
1 71 -505 -60 320 0 1 0 0 0 -1 -1 0 0 Part 33.ldr
1 71 -340 -48 -50 1 0 0 0 1 0 0 0 1 3009.dat
1 71 -110 -72 70 0 0 1 0 1 0 -1 0 0 4460.dat
1 71 -110 -72 -70 0 0 1 0 1 0 -1 0 0 4460.dat
1 71 30 -72 -70 0 0 -1 0 1 0 1 0 0 4460.dat
1 71 30 -72 70 0 0 -1 0 1 0 1 0 0 4460.dat
1 71 -340 -48 50 1 0 0 0 1 0 0 0 1 3009.dat
1 71 -300 -72 50 1 0 0 0 1 0 0 0 1 3004.dat
1 71 -300 -72 -50 1 0 0 0 1 0 0 0 1 3004.dat
1 71 -40 -24 -70 1 0 0 0 1 0 0 0 1 3009.dat
1 71 -40 -24 70 1 0 0 0 1 0 0 0 1 3009.dat
1 71 -260 -24 170 1 0 0 0 1 0 0 0 1 3009.dat
1 71 10 -24 0 0 0 -1 0 1 0 1 0 0 3009.dat
1 71 10 -32 -280 0 0 -1 0 1 0 1 0 0 3010.dat
1 71 -90 -32 -280 0 0 -1 0 1 0 1 0 0 3010.dat
1 71 10 -32 280 0 0 -1 0 1 0 1 0 0 3010.dat
1 71 -90 -32 280 0 0 -1 0 1 0 1 0 0 3010.dat
1 71 10 -56 -280 0 0 -1 0 1 0 1 0 0 3010.dat
1 71 -90 -56 -280 0 0 -1 0 1 0 1 0 0 3010.dat
1 71 -370 -48 0 0 0 -1 0 1 0 1 0 0 3010.dat
1 71 10 -56 280 0 0 -1 0 1 0 1 0 0 3010.dat
1 71 -90 -56 280 0 0 -1 0 1 0 1 0 0 3010.dat
1 71 -100 -24 0 0 0 -1 0 1 0 1 0 0 2456.dat
1 71 280 -40 0 0 0 -1 0 1 0 1 0 0 2456.dat
1 0 -130 -24 0 0 0 -1 0 1 0 1 0 0 3004.dat
1 71 -280 -16 -240 1 0 0 0 1 0 0 0 1 3068b.dat
1 71 200 -16 -240 1 0 0 0 1 0 0 0 1 3068b.dat
1 71 200 -16 240 1 0 0 0 1 0 0 0 1 3068b.dat
1 71 -280 -16 240 1 0 0 0 1 0 0 0 1 3068b.dat
1 71 -200 -16 310 1 0 0 0 1 0 0 0 1 3069b.dat
1 71 120 -16 310 1 0 0 0 1 0 0 0 1 3069b.dat
1 71 -200 -16 -310 1 0 0 0 1 0 0 0 1 3069b.dat
1 71 -40 -16 -350 1 0 0 0 1 0 0 0 1 6636.dat
1 19 -40 -16 330 -1 0 0 0 1 0 0 0 -1 3666.dat
1 19 270 -56 0 0 0 -1 0 1 0 1 0 0 3666.dat
1 19 -140 -32 280 -1 0 0 0 1 0 0 0 -1 3001.dat
1 71 -40 -48 -70 1 0 0 0 1 0 0 0 1 3009.dat
1 71 -40 -80 -70 1 0 0 0 1 0 0 0 1 3009.dat
1 71 -40 -40 -330 1 0 0 0 1 0 0 0 1 3009.dat
1 71 -40 -80 70 1 0 0 0 1 0 0 0 1 3009.dat
1 71 -40 -48 70 1 0 0 0 1 0 0 0 1 3009.dat
1 71 -260 -48 170 1 0 0 0 1 0 0 0 1 3009.dat
1 71 10 -48 0 0 0 -1 0 1 0 1 0 0 3009.dat
1 71 -90 -48 0 0 0 -1 0 1 0 1 0 0 3009.dat
1 71 -210 -48 260 0 0 -1 0 1 0 1 0 0 3245a.dat
1 71 50 -48 0 0 0 -1 0 1 0 1 0 0 3245a.dat
1 19 -140 -56 280 -1 0 0 0 1 0 0 0 -1 3001.dat
1 19 -320 -40 300 -1 0 0 0 1 0 0 0 -1 3003.dat
1 19 -320 -64 320 -1 0 0 0 1 0 0 0 -1 3003.dat
1 19 -350 -64 330 -1 0 0 0 1 0 0 0 -1 3062b.dat
1 19 -70 -136 70 -1 0 0 0 1 0 0 0 -1 3062b.dat
1 19 -10 -136 70 -1 0 0 0 1 0 0 0 -1 3062b.dat
1 19 -70 -136 -70 -1 0 0 0 1 0 0 0 -1 3062b.dat
1 19 -10 -136 -70 -1 0 0 0 1 0 0 0 -1 3062b.dat
1 19 -350 -64 270 -1 0 0 0 1 0 0 0 -1 3062b.dat
1 19 -320 -48 280 -1 0 0 0 1 0 0 0 -1 3022.dat
1 19 -320 -56 280 -1 0 0 0 1 0 0 0 -1 3022.dat
1 19 -320 -72 300 -1 0 0 0 1 0 0 0 -1 3022.dat
1 19 280 -16 0 0 0 -1 0 1 0 1 0 0 3795.dat
1 19 140 -16 -180 0 0 -1 0 1 0 1 0 0 3795.dat
1 19 130 -24 -260 0 0 -1 0 1 0 1 0 0 3023.dat
1 0 50 -56 0 0 0 -1 0 1 0 1 0 0 3023.dat
1 19 50 -24 -260 0 0 -1 0 1 0 1 0 0 3069b.dat
1 19 70 -24 -260 0 0 -1 0 1 0 1 0 0 3069b.dat
1 19 90 -24 -260 0 0 -1 0 1 0 1 0 0 3069b.dat
1 19 110 -24 -260 0 0 -1 0 1 0 1 0 0 3069b.dat
1 19 140 -24 -210 -1 0 0 0 1 0 0 0 -1 3069b.dat
1 19 140 -24 -190 -1 0 0 0 1 0 0 0 -1 3069b.dat
1 19 140 -24 -170 -1 0 0 0 1 0 0 0 -1 3069b.dat
1 19 140 -24 -150 -1 0 0 0 1 0 0 0 -1 3069b.dat
1 19 140 -24 -230 1 0 0 0 1 0 0 0 1 3023.dat
1 19 -40 -72 -350 1 0 0 0 1 0 0 0 1 3023.dat
1 19 -40 -112 -350 1 0 0 0 1 0 0 0 1 3023.dat
1 0 -40 -104 -350 1 0 0 0 1 0 0 0 1 3023.dat
1 14 -40 -96 -350 1 0 0 0 1 0 0 0 1 52107.dat
1 19 -40 -80 350 1 0 0 0 1 0 0 0 1 3023.dat
1 19 -40 -120 350 1 0 0 0 1 0 0 0 1 3023.dat
1 0 -40 -112 350 1 0 0 0 1 0 0 0 1 3023.dat
1 14 -40 -104 350 1 0 0 0 1 0 0 0 1 52107.dat
1 19 140 -48 -130 1 0 0 0 1 0 0 0 1 4865b.dat
1 19 30 -48 -260 0 0 -1 0 1 0 1 0 0 4865b.dat
1 19 80 -16 -260 -1 0 0 0 1 0 0 0 -1 3795.dat
1 19 240 -8 0 0 0 -1 0 1 0 1 0 0 3022.dat
1 15 240 -56 0 0 0 1 0 1 0 -1 0 0 4345b.dat
1 15 120 -46 208 0 -1 0 1 0 0 0 0 1 4733.dat
1 71 110 -20 208 0 -1 0 0 0 -1 1 0 0 86208.dat
1 15 110 -64 208 1 0 0 0 1 0 0 0 1 4740.dat
1 15 110 -28 208 1 0 0 0 -1 0 0 0 -1 4740.dat
1 15 240 -56 0 0 0 1 0 1 0 -1 0 0 4346.dat
1 71 -40 -16 350 -1 0 0 0 1 0 0 0 -1 6636.dat
1 71 330 -16 0 0 0 -1 0 1 0 1 0 0 6636.dat
1 71 336 -26 0 0 -1 0 0 0 1 -1 0 0 3009.dat
1 71 368 -66 -20 0 -1 0 0 0 1 -1 0 0 3004.dat
1 71 368 -26 0 0 -1 0 0 0 1 -1 0 0 3010.dat
1 71 376 -26 0 0 -1 0 0 0 1 -1 0 0 4162.dat
1 71 376 -66 0 0 -1 0 0 0 1 -1 0 0 4162.dat
1 320 368 -66 20 0 -1 0 0 0 1 -1 0 0 3004.dat
1 71 336 -56 0 0 -1 0 0 0 1 -1 0 0 2456.dat
1 71 368 -26 50 0 -1 0 -1 0 0 0 0 -1 3665.dat
1 71 368 -66 50 0 -1 0 -1 0 0 0 0 -1 3665.dat
1 71 368 -66 -50 0 -1 0 1 0 0 0 0 1 3665.dat
1 71 368 -26 -50 0 -1 0 1 0 0 0 0 1 3665.dat
1 71 344 -56 -30 0 -1 0 -1 0 0 0 0 -1 63868.dat
1 71 342 -86 -30 0.258819 -0.965926 0 -0.965926 -0.258819 0 0 0 -1 Her.dat
1 71 344 -56 30 0 -1 0 -1 0 0 0 0 -1 63868.dat
1 0 344 -56 -50 0 -1 0 -1 0 0 0 0 -1 3023.dat
1 0 344 -56 50 0 -1 0 -1 0 0 0 0 -1 3023.dat
1 0 344 -26 -40 0 -1 0 0 0 1 -1 0 0 3023.dat
1 0 344 -26 40 0 -1 0 0 0 1 -1 0 0 3023.dat
1 72 344 -46 0 0 -1 0 1 0 0 0 0 1 3021.dat
1 72 312 -46 0 0 -1 0 1 0 0 0 0 1 3021.dat
1 72 312 -26 40 0 -1 0 0 0 -1 1 0 0 60478.dat
1 72 312 -46 40 0 -1 0 0 0 -1 1 0 0 60478.dat
1 72 320.346 -36 116.573 0.350207 -0.936672 0 0 0 1 -0.936672 -0.350207 0 Part 11.ldr
1 72 242.588 -36 211.035 0.707107 -0.707107 0 0 0 1 -0.707107 -0.707107 0 Part 10.ldr
1 72 133.615 -36 338.493 0.936672 -0.350207 0 0 0 1 -0.350207 -0.936672 0 Part 20.ldr
1 72 312 -46 -40 0 -1 0 0 0 1 -1 0 0 60478.dat
1 72 299.332 -36 -172.771 -0.350207 -0.936672 0 0 0 1 -0.936672 0.350207 0 Part 9.ldr
1 72 171.876 -36 -281.745 -0.707107 -0.707107 0 0 0 1 -0.707107 0.707107 0 Part 8.ldr
1 72 77.415 -36 -359.503 -0.936672 -0.350207 0 0 0 1 -0.350207 0.936672 0 Part 19.ldr
1 72 312 -26 -40 0 -1 0 0 0 1 -1 0 0 60478.dat
1 71 120 -16 -310 1 0 0 0 1 0 0 0 1 3069b.dat
1 71 -350 -16 150 0 0 1 0 1 0 -1 0 0 3069b.dat
1 71 -350 -16 -170 0 0 1 0 1 0 -1 0 0 3069b.dat
1 71 270 -16 160 0 0 1 0 1 0 -1 0 0 3069b.dat
1 71 270 -16 -160 0 0 1 0 1 0 -1 0 0 3069b.dat
1 71 200 0 0 0 0 1 0 1 0 -1 0 0 92438.dat
1 71 274.903 -106.048 0 -0.965926 -0.258819 0 -0.258819 0.965926 0 0 0 -1 Part 16.ldr
1 19 -10 0 -50 0 0 -1 0 1 0 1 0 0 4073.dat
1 19 -40 0 70 -1 0 0 0 1 0 0 0 -1 3023.dat
1 19 -40 0 -80 -1 0 0 0 1 0 0 0 -1 3022.dat
1 19 200 -8 240 -1 0 0 0 1 0 0 0 -1 3022.dat
1 19 200 -8 -240 -1 0 0 0 1 0 0 0 -1 3022.dat
1 19 -280 -8 -240 -1 0 0 0 1 0 0 0 -1 3022.dat
1 19 -40 -36 -352 -1 0 0 0 0 1 0 1 0 3022.dat
1 72 -80 -46 -352 -1 0 0 0 0 1 0 1 0 60478.dat
1 72 -212.771 -36 -339.332 -0.936672 0.350207 0 0 0 1 0.350207 0.936672 0 Part 5.ldr
1 72 -330.231 -36 -248.647 -0.707107 0.707107 0 0 0 1 0.707107 0.707107 0 Part 6.ldr
1 72 -400.24 -36 -117.936 -0.358368 0.93358 0 0 0 1 0.93358 0.358368 0 Part 7.ldr
1 72 -80 -26 -352 -1 0 0 0 0 1 0 1 0 60478.dat
1 72 0 -26 -352 1 0 0 0 0 -1 0 1 0 60478.dat
1 72 0 -46 -352 1 0 0 0 0 -1 0 1 0 60478.dat
1 72 -40 -36 -360 1 0 0 0 0 -1 0 1 0 3795.dat
1 72 -330 -36 -80 1 0 0 0 0 -1 0 1 0 3021.dat
1 72 -330 -36 80 1 0 0 0 0 1 0 -1 0 3021.dat
1 0 -40 -56 330 -1 0 0 0 1 0 0 0 -1 44728.dat
1 0 -80 -56 330 -1 0 0 0 1 0 0 0 -1 44728.dat
1 0 0 -56 330 -1 0 0 0 1 0 0 0 -1 44728.dat
1 19 -40 -48 330 -1 0 0 0 1 0 0 0 -1 3666.dat
1 71 -40 -40 330 -1 0 0 0 1 0 0 0 -1 3009.dat
1 19 -40 -36 352 1 0 0 0 0 1 0 -1 0 3022.dat
1 72 0 -46 352 1 0 0 0 0 1 0 -1 0 60478.dat
1 72 -80 -46 352 -1 0 0 0 0 -1 0 -1 0 60478.dat
1 72 0 -26 352 1 0 0 0 0 1 0 -1 0 60478.dat
1 72 -80 -26 352 -1 0 0 0 0 -1 0 -1 0 60478.dat
1 72 -156.528 -36 360.551 0.938191 0.346117 0 0 0 1 0.346117 -0.938191 0 Part 2.ldr
1 72 -336.101 -36 254.877 0.707107 0.707107 0 0 0 1 0.707107 -0.707107 0 Part 3.ldr
1 72 -356.777 -36 187.385 0.354291 0.935135 0 0 0 1 0.935135 -0.354291 0 Part 4.ldr
1 19 -320 -36 72 1 0 0 0 0 1 0 -1 0 3022.dat
1 72 -360 -46 72 -1 0 0 0 0 -1 0 -1 0 60478.dat
1 72 -360 -26 72 -1 0 0 0 0 -1 0 -1 0 60478.dat
1 19 -320 -36 -72 1 0 0 0 0 -1 0 1 0 3022.dat
1 72 -360 -26 -72 -1 0 0 0 0 1 0 1 0 60478.dat
1 72 -360 -46 -72 -1 0 0 0 0 1 0 1 0 60478.dat
1 72 -40 -36 360 -1 0 0 0 0 -1 0 -1 0 3795.dat
1 19 -40 28 -30 -1 0 0 0 -1 0 0 0 1 3701.dat
1 19 -40 28 30 -1 0 0 0 -1 0 0 0 1 3701.dat
1 15 -10 0 70 -1 0 0 0 1 0 0 0 -1 6019.dat
1 15 -70 0 70 -1 0 0 0 1 0 0 0 -1 6019.dat
1 19 -70 0 -50 0 0 -1 0 1 0 1 0 0 4073.dat
1 19 -10 0 50 0 0 -1 0 1 0 1 0 0 4073.dat
1 19 128 -46 208 0 -1 0 -1 0 0 0 0 -1 4073.dat
1 19 96 -46 208 0 -1 0 -1 0 0 0 0 -1 4073.dat
1 19 110 -46 190 0 0 -1 -1 0 0 0 1 0 4073.dat
1 19 110 -46 226 0 0 -1 1 0 0 0 -1 0 4073.dat
1 19 190 -8 130 0 0 -1 0 1 0 1 0 0 4073.dat
1 19 -70 0 50 0 0 -1 0 1 0 1 0 0 4073.dat
1 72 -40 0 300 0 0 -1 0 1 0 1 0 0 3031.dat
1 72 -40 0 -300 0 0 -1 0 1 0 1 0 0 3031.dat
1 72 -320 -8 300 0 0 -1 0 1 0 1 0 0 3031.dat
1 72 -250 -96 280 0 0 -1 0 1 0 1 0 0 30244.dat
1 72 -290 -136 300 0 0 -1 0 1 0 1 0 0 30244.dat
1 72 -310 -144 300 0 0 -1 0 1 0 1 0 0 3839b.dat
1 15 -40 18 -96 -1 0 0 0 0 1 0 1 0 87609.dat
1 71 -40 28 -216 -1 0 0 0 0 1 0 1 0 3795.dat
1 0 -40 18 -240 1 0 0 0 0 -1 0 1 0 4865b.dat
1 0 0 18 -240 1 0 0 0 0 -1 0 1 0 4865b.dat
1 0 -80 18 -240 1 0 0 0 0 -1 0 1 0 4865b.dat
1 72 -90 18 -208 -1 0 0 0 0 1 0 1 0 2453.dat
1 72 10 18 -208 -1 0 0 0 0 1 0 1 0 2453.dat
1 72 -40 38 -208 1 0 0 0 0 -1 0 1 0 59350.dat
1 72 -330 -16 320 -1 0 0 0 1 0 0 0 -1 3021.dat
1 72 -330 -16 280 -1 0 0 0 1 0 0 0 -1 3021.dat
1 71 -330 -40 330 -1 0 0 0 1 0 0 0 -1 3622.dat
1 71 -330 -40 270 -1 0 0 0 1 0 0 0 -1 3622.dat
1 71 -350 -16 300 0 0 1 0 1 0 -1 0 0 85984.dat
1 72 -40 -8 300 0 0 -1 0 1 0 1 0 0 3958.dat
1 72 -40 -8 -300 0 0 -1 0 1 0 1 0 0 3958.dat
1 72 -40 -64 300 0 0 -1 0 1 0 1 0 0 3958.dat
1 71 -80 -88 330 0 0 -1 0 1 0 1 0 0 3002.dat
1 71 0 -88 330 0 0 -1 0 1 0 1 0 0 3002.dat
1 71 -70 -136 -340 0 0 1 0 1 0 -1 0 0 3678b.dat
1 71 -70 -136 -300 0 0 1 0 1 0 -1 0 0 3678b.dat
1 71 -70 -136 -260 0 0 1 0 1 0 -1 0 0 3678b.dat
1 71 -10 -136 -260 0 0 -1 0 1 0 1 0 0 3678b.dat
1 71 -70 -136 -220 0 0 1 0 1 0 -1 0 0 3678b.dat
1 71 -10 -136 -220 0 0 -1 0 1 0 1 0 0 3678b.dat
1 71 -10 -136 -300 0 0 -1 0 1 0 1 0 0 3678b.dat
1 71 -10 -136 -340 0 0 -1 0 1 0 1 0 0 3678b.dat
1 71 -70 -136 260 0 0 1 0 1 0 -1 0 0 3678b.dat
1 71 -70 -136 300 0 0 1 0 1 0 -1 0 0 3678b.dat
1 71 -70 -136 340 0 0 1 0 1 0 -1 0 0 3678b.dat
1 71 -10 -136 340 0 0 -1 0 1 0 1 0 0 3678b.dat
1 71 -10 -136 300 0 0 -1 0 1 0 1 0 0 3678b.dat
1 71 -10 -136 260 0 0 -1 0 1 0 1 0 0 3678b.dat
1 71 -70 -136 220 0 0 1 0 1 0 -1 0 0 3678b.dat
1 71 -10 -136 220 0 0 -1 0 1 0 1 0 0 3678b.dat
1 71 -10 -88 280 1 0 0 0 1 0 0 0 1 3002.dat
1 71 -80 -88 250 1 0 0 0 1 0 0 0 1 3747b.dat
1 71 -40 -88 250 1 0 0 0 1 0 0 0 1 3747b.dat
1 1 -40 -96 270 0 0 -1 0 1 0 1 0 0 3021.dat
1 1 -40 -96 -270 0 0 -1 0 1 0 1 0 0 3021.dat
1 71 0 -88 250 1 0 0 0 1 0 0 0 1 3747b.dat
1 71 50 -136 0 0 0 -1 0 1 0 1 0 0 3747b.dat
1 71 0 -88 -250 -1 0 0 0 1 0 0 0 -1 3747b.dat
1 71 -40 -88 -250 -1 0 0 0 1 0 0 0 -1 3747b.dat
1 71 -80 -88 -250 -1 0 0 0 1 0 0 0 -1 3747b.dat
1 71 -70 -88 280 1 0 0 0 1 0 0 0 1 3002.dat
1 71 0 -88 -330 0 0 1 0 1 0 -1 0 0 3002.dat
1 71 -80 -88 -330 0 0 1 0 1 0 -1 0 0 3002.dat
1 71 -70 -88 -280 -1 0 0 0 1 0 0 0 -1 3002.dat
1 71 -10 -88 -280 -1 0 0 0 1 0 0 0 -1 3002.dat
1 72 -260 -64 200 -1 0 0 0 1 0 0 0 -1 3032.dat
1 72 -310 -120 300 -1 0 0 0 1 0 0 0 -1 3021.dat
1 19 -310 -120 270 -1 0 0 0 1 0 0 0 -1 4073.dat
1 19 -310 -120 330 -1 0 0 0 1 0 0 0 -1 4073.dat
1 19 -330 -128 300 0 0 1 0 1 0 -1 0 0 3023.dat
1 19 -310 -136 300 0 0 1 0 1 0 -1 0 0 3023.dat
1 0 -240 -72 200 -1 0 0 0 1 0 0 0 -1 61485.dat
1 0 -225.857 -120 185.857 0.707107 0 0.707107 0 1 0 -0.707107 0 0.707107 Part 15.ldr
1 0 -220 -64 280 -1 0 0 0 1 0 0 0 -1 2445.dat
1 0 -310 -104 300 0 0 1 0 1 0 -1 0 0 3004.dat
1 0 -330 -72 270 -1 0 0 0 1 0 0 0 -1 3623.dat
1 0 -340 -80 270 1 0 0 0 1 0 0 0 1 44728.dat
1 0 -340 -80 330 -1 0 0 0 1 0 0 0 -1 44728.dat
1 0 -340 -120 270 1 0 0 0 1 0 0 0 1 44728.dat
1 0 -340 -120 330 -1 0 0 0 1 0 0 0 -1 44728.dat
1 71 -310 -80 310 0 0 -1 0 1 0 1 0 0 2420.dat
1 71 -310 -88 200 0 0 -1 0 1 0 1 0 0 3010.dat
1 71 -310 -96 200 0 0 -1 0 1 0 1 0 0 2431.dat
1 71 -250 -88 280 0 0 -1 0 1 0 1 0 0 3004.dat
1 71 -330 -104 300 0 0 1 0 1 0 -1 0 0 2458.dat
1 71 -350 -104 300 0 0 1 0 1 0 -1 0 0 3700.dat
1 72 -350 -112 300 0 0 1 0 1 0 -1 0 0 3023.dat
1 71 -350 -64 300 0 0 1 0 1 0 -1 0 0 3700.dat
1 72 -350 -72 300 0 0 1 0 1 0 -1 0 0 3023.dat
1 71 -350 -120 300 0 0 1 0 1 0 -1 0 0 93274.dat
1 71 -350 -80 300 0 0 1 0 1 0 -1 0 0 93274.dat
1 72 -350 -128 300 0 0 1 0 1 0 -1 0 0 3069b.dat
1 0 -350 -40 300 0 0 1 0 1 0 -1 0 0 2436a.dat
1 71 -350 -144 270 1 0 0 0 1 0 0 0 1 50950.dat
1 71 -350 -144 330 -1 0 0 0 1 0 0 0 -1 50950.dat
1 71 -330 -144 330 -1 0 0 0 1 0 0 0 -1 50950.dat
1 71 -290 -128 300 0 0 -1 0 1 0 1 0 0 2419.dat
1 71 -330 -144 270 1 0 0 0 1 0 0 0 1 50950.dat
1 71 -340 -60 352 0 0 -1 1 0 0 0 -1 0 3795.dat
1 71 -340 -60 360 0 0 -1 1 0 0 0 -1 0 3795.dat
1 71 -330 -30 384 -1 0 0 0 0 -1 0 -1 0 50950.dat
1 71 -350 -30 384 -1 0 0 0 0 -1 0 -1 0 50950.dat
1 71 -350 -90 384 1 0 0 0 0 1 0 -1 0 50950.dat
1 71 -330 -90 384 1 0 0 0 0 1 0 -1 0 50950.dat
1 72 -340 -70 368 1 0 0 0 0 1 0 -1 0 60478.dat
1 72 -342.982 -60 390.25 -0.710185 -0.704015 0 0 0 -1 0.704015 -0.710185 0 Part 12.ldr
1 72 -340 -50 368 1 0 0 0 0 1 0 -1 0 60478.dat
1 71 -330 -104 270 -1 0 0 0 1 0 0 0 -1 3622.dat
1 71 -330 -104 330 -1 0 0 0 1 0 0 0 -1 3622.dat
1 71 -310 -80 290 -1 0 0 0 1 0 0 0 -1 2420.dat
1 71 -330 -112 270 0 0 -1 0 1 0 1 0 0 2420.dat
1 71 -330 -112 330 -1 0 0 0 1 0 0 0 -1 2420.dat
1 71 -310 -112 300 0 0 1 0 1 0 -1 0 0 3710.dat
1 0 -330 -72 330 -1 0 0 0 1 0 0 0 -1 3623.dat
1 72 -380 -56 0 0 0 -1 0 1 0 1 0 0 3795.dat
1 72 -40 -64 -300 0 0 -1 0 1 0 1 0 0 3958.dat
1 72 -40 0 -160 0 0 1 0 1 0 -1 0 0 92099.dat
1 72 -40 0 140 0 0 -1 0 1 0 1 0 0 92099.dat
1 72 -40 8 180 0 0 -1 0 1 0 1 0 0 3035.dat
1 72 -40 36 30 -1 0 0 0 -1 0 0 0 1 3710.dat
1 72 -30 60 0 0 0 1 0 -1 0 1 0 0 3710.dat
1 72 -30 76 0 0 0 1 0 -1 0 1 0 0 3069b.dat
1 72 -70 68 0 0 0 1 0 -1 0 1 0 0 3069b.dat
1 72 -40 36 -30 -1 0 0 0 -1 0 0 0 1 3710.dat
1 71 -40 44 0 -1 0 0 0 -1 0 0 0 1 6177.dat
1 71 -40 52 -10 0 0 -1 0 -1 0 -1 0 0 3679.dat
1 71 -60 60 0 0 0 1 0 -1 0 1 0 0 51739.dat
1 71 -70 76 0 0 0 -1 0 -1 0 -1 0 0 48336.dat
1 71 -70 84 0 0 0 1 0 -1 0 1 0 0 44728.dat
1 71 -107 73 10 0 1 0 0 0 1 1 0 0 4589.dat
1 71 -163 73 10 0 1 0 0 0 1 1 0 0 30374.dat
1 71 -159 73 10 -1 0 0 0 0 1 0 1 0 4274.dat
1 71 -107 73 -10 0 1 0 0 0 1 1 0 0 4589.dat
1 71 -163 73 -10 0 1 0 0 0 1 1 0 0 30374.dat
1 71 -159 73 -10 -1 0 0 0 0 1 0 1 0 4274.dat
1 71 -107 53 10 0 1 0 0 0 1 1 0 0 4589.dat
1 71 -163 53 10 0 1 0 0 0 1 1 0 0 30374.dat
1 71 -159 53 10 -1 0 0 0 0 1 0 1 0 4274.dat
1 71 -107 53 -10 0 1 0 0 0 1 1 0 0 4589.dat
1 71 -163 53 -10 0 1 0 0 0 1 1 0 0 30374.dat
1 71 -159 53 -10 -1 0 0 0 0 1 0 1 0 4274.dat
1 71 -50 -240 0 0 0 1 0 1 0 -1 0 0 44728.dat
1 71 -87 -229 -10 0 1 0 0 0 -1 -1 0 0 4589.dat
1 71 -143 -229 -10 0 1 0 0 0 -1 -1 0 0 30374.dat
1 71 -139 -229 -10 -1 0 0 0 0 -1 0 -1 0 4274.dat
1 71 -87 -229 10 0 1 0 0 0 -1 -1 0 0 4589.dat
1 71 -143 -229 10 0 1 0 0 0 -1 -1 0 0 30374.dat
1 71 -139 -229 10 -1 0 0 0 0 -1 0 -1 0 4274.dat
1 71 -87 -209 -10 0 1 0 0 0 -1 -1 0 0 4589.dat
1 71 -143 -209 -10 0 1 0 0 0 -1 -1 0 0 30374.dat
1 71 -139 -209 -10 -1 0 0 0 0 -1 0 -1 0 4274.dat
1 71 -87 -209 10 0 1 0 0 0 -1 -1 0 0 4589.dat
1 71 -143 -209 10 0 1 0 0 0 -1 -1 0 0 30374.dat
1 71 -139 -209 10 -1 0 0 0 0 -1 0 -1 0 4274.dat
1 71 -40 68 10 -1 0 0 0 -1 0 0 0 1 92280.dat
1 71 -40 68 -10 -1 0 0 0 -1 0 0 0 1 92280.dat
1 0 -40 52 0 -1 0 0 0 -1 0 0 0 1 3680.dat
1 15 -40 0 250 -1 0 0 0 1 0 0 0 -1 92593.dat
1 4 -40 -8 -210 -1 0 0 0 1 0 0 0 -1 4623.dat
1 4 170 -24 -110 0.55557 0 -0.83147 0 1 0 0.83147 0 0.55557 3899.dat
1 4 -90 -88 40 0 0 -1 0 1 0 1 0 0 4623.dat
1 33 -90 -88 0 0 0 -1 0 1 0 1 0 0 3023.dat
1 33 -90 -88 -40 0 0 -1 0 1 0 1 0 0 3023.dat
1 33 -90 -112 40 0 0 -1 0 1 0 1 0 0 3065.dat
1 19 -90 -112 -20 0 0 1 0 1 0 -1 0 0 30414.dat
1 71 -90 -112 -70 1 0 0 0 1 0 0 0 1 3622.dat
1 71 -110 -136 70 0 0 1 0 1 0 -1 0 0 3665.dat
1 71 -110 -136 -70 0 0 1 0 1 0 -1 0 0 3665.dat
1 71 30 -136 -70 0 0 -1 0 1 0 1 0 0 3665.dat
1 71 30 -136 70 0 0 -1 0 1 0 1 0 0 3665.dat
1 71 10 -112 -70 1 0 0 0 1 0 0 0 1 3622.dat
1 71 -90 -112 70 1 0 0 0 1 0 0 0 1 3622.dat
1 71 10 -112 70 1 0 0 0 1 0 0 0 1 3622.dat
1 71 30 -112 0 1 0 0 0 1 0 0 0 1 3002.dat
1 71 10 -112 40 0 0 -1 0 1 0 1 0 0 3004.dat
1 71 -40 -136 -350 -1 0 0 0 1 0 0 0 -1 3004.dat
1 71 -40 -136 350 -1 0 0 0 1 0 0 0 -1 3004.dat
1 71 10 -112 -40 0 0 -1 0 1 0 1 0 0 3004.dat
1 71 10 -136 40 0 0 -1 0 1 0 1 0 0 3010.dat
1 71 10 -136 -40 0 0 -1 0 1 0 1 0 0 3010.dat
1 71 -90 -136 40 0 0 -1 0 1 0 1 0 0 3010.dat
1 71 -50 -136 140 0 0 -1 0 1 0 1 0 0 3308.dat
1 71 -30 -136 140 0 0 -1 0 1 0 1 0 0 3308.dat
1 71 -40 -144 180 0 0 -1 0 1 0 1 0 0 3029.dat
1 71 -40 -152 200 0 0 -1 0 1 0 1 0 0 4150ps4.dat
1 71 -40 -152 -200 0 0 -1 0 1 0 1 0 0 4150ps4.dat
1 71 -40 -152 -300 0 0 -1 0 1 0 1 0 0 4150ps4.dat
1 71 -40 -176 0 0 0 -1 0 1 0 1 0 0 48092.dat
1 71 -40 -184 0 0 0 -1 0 1 0 1 0 0 6177.dat
1 71 -80 -200 0 0 0 -1 0 1 0 1 0 0 4150.dat
1 320 -80 -192 0 -1 0 0 0 1 0 0 0 -1 3795.dat
1 0 -40 -200 0 -1 0 0 0 1 0 0 0 -1 3680.dat
1 71 -40 -200 0 -1 0 0 0 1 0 0 0 -1 3679.dat
1 72 -30 -208 0 -1 0 0 0 1 0 0 0 -1 3021.dat
1 72 -50 -224 0 0 0 1 0 1 0 -1 0 0 3069b.dat
1 72 -10 -232 0 0 0 1 0 1 0 -1 0 0 3069b.dat
1 71 -10 -216 0 0 0 1 0 1 0 -1 0 0 3710.dat
1 71 -50 -232 0 0 0 -1 0 1 0 1 0 0 48336.dat
1 71 -40 -216 0 0 0 1 0 1 0 -1 0 0 51739.dat
1 71 -20 -224 -10 -1 0 0 0 1 0 0 0 -1 92280.dat
1 71 -20 -224 10 -1 0 0 0 1 0 0 0 -1 92280.dat
1 71 -40 -176 0 1 0 0 0 1 0 0 0 1 48092.dat
1 71 -40 -176 0 0 0 1 0 1 0 -1 0 0 48092.dat
1 71 -40 -176 0 -1 0 0 0 1 0 0 0 -1 48092.dat
1 320 -10 -152 -240 0 0 -1 0 1 0 1 0 0 3069b.dat
1 71 -60 -144 330 0 0 -1 0 1 0 1 0 0 3021.dat
1 71 -20 -144 330 0 0 -1 0 1 0 1 0 0 3021.dat
1 71 -60 -144 -330 0 0 -1 0 1 0 1 0 0 3021.dat
1 71 -20 -144 -330 0 0 -1 0 1 0 1 0 0 3021.dat
1 19 -100 -144 0 0 0 -1 0 1 0 1 0 0 3832.dat
1 19 20 -144 0 0 0 -1 0 1 0 1 0 0 3832.dat
1 19 80 -144 0 0 0 -1 0 1 0 1 0 0 3022.dat
1 19 -140 -160 0 0 0 -1 0 1 0 1 0 0 3022.dat
1 0 -130 -144 0 0 0 -1 0 1 0 1 0 0 3460.dat
1 0 50 -144 0 0 0 -1 0 1 0 1 0 0 3460.dat
1 71 -40 -144 -180 0 0 -1 0 1 0 1 0 0 3029.dat
1 72 -40 -152 -80 -1 0 0 0 1 0 0 0 -1 3020.dat
1 72 40 -152 80 0 0 -1 0 1 0 1 0 0 30565.dat
1 72 -372 -100 260 0 1 0 -1 0 0 0 0 1 30565.dat
1 72 -372 -100 340 0 1 0 0 0 1 1 0 0 30565.dat
1 71 -396 -60 300 0 1 0 0 0 1 1 0 0 48092.dat
1 71 -396 -60 300 0 1 0 1 0 0 0 0 -1 48092.dat
1 71 -396 -60 300 0 1 0 0 0 -1 -1 0 0 48092.dat
1 71 -396 -60 300 0 1 0 -1 0 0 0 0 1 48092.dat
1 72 -372 -20 340 0 1 0 1 0 0 0 0 -1 30565.dat
1 72 -404 10 300 0 1 0 0 0 -1 -1 0 0 3023.dat
1 72 -404 -130 300 0 1 0 0 0 -1 -1 0 0 3023.dat
1 71 -412 10 300 0 1 0 0 0 -1 -1 0 0 3794b.dat
1 71 -412 -130 300 0 1 0 0 0 -1 -1 0 0 3794b.dat
1 71 -404 -60 370 0 1 0 -1 0 0 0 0 1 3794b.dat
1 71 -404 -60 230 0 1 0 -1 0 0 0 0 1 3794b.dat
1 72 -372 -20 260 0 1 0 0 0 -1 -1 0 0 30565.dat
1 0 -380 -80 300 0 1 0 0 0 -1 -1 0 0 2460.dat
1 19 -380 -60 270 0 1 0 -1 0 0 0 0 1 2431.dat
1 19 -380 -60 330 0 1 0 -1 0 0 0 0 1 2431.dat
1 0 -380 -40 300 0 1 0 0 0 -1 -1 0 0 2460.dat
1 72 -120 -152 80 -1 0 0 0 1 0 0 0 -1 30565.dat
1 72 -50 -46 -368 -1 0 0 0 0 1 0 1 0 30357.dat
1 72 -30 -46 -368 0 0 1 1 0 0 0 1 0 30357.dat
1 72 -30 -66 -368 1 0 0 0 0 -1 0 1 0 30357.dat
1 72 -50 -66 -368 0 0 -1 -1 0 0 0 1 0 30357.dat
1 71 -40 -106 -392 -1 0 0 0 0 1 0 1 0 3004.dat
1 71 -70 -86 -392 -1 0 0 0 0 1 0 1 0 3063.dat
1 71 -70 -26 -392 0 0 1 1 0 0 0 1 0 3063.dat
1 71 -10 -26 -392 1 0 0 0 0 -1 0 1 0 3063.dat
1 71 -10 -86 -392 0 0 -1 -1 0 0 0 1 0 3063.dat
1 71 -40 -76 -376 -1 0 0 0 0 1 0 1 0 51739.dat
1 71 -40 -36 -376 1 0 0 0 0 -1 0 1 0 51739.dat
1 320 -30 -56 -384 0 0 -1 -1 0 0 0 1 0 30244.dat
1 71 -40 -6 -392 -1 0 0 0 0 1 0 1 0 3004.dat
1 71 -90 -56 -392 0 0 1 1 0 0 0 1 0 3004.dat
1 71 10 -56 -392 0 0 1 1 0 0 0 1 0 3004.dat
1 72 -50 -66 368 -1 0 0 0 0 -1 0 -1 0 30357.dat
1 72 -30 -66 368 0 0 1 -1 0 0 0 -1 0 30357.dat
1 72 -30 -46 368 1 0 0 0 0 1 0 -1 0 30357.dat
1 72 -50 -46 368 0 0 -1 1 0 0 0 -1 0 30357.dat
1 71 -40 -6 392 -1 0 0 0 0 -1 0 -1 0 3004.dat
1 71 -70 -26 392 -1 0 0 0 0 -1 0 -1 0 3063.dat
1 71 -70 -86 392 0 0 1 -1 0 0 0 -1 0 3063.dat
1 71 -10 -86 392 1 0 0 0 0 1 0 -1 0 3063.dat
1 71 -10 -26 392 0 0 -1 1 0 0 0 -1 0 3063.dat
1 71 -40 -36 376 -1 0 0 0 0 -1 0 -1 0 51739.dat
1 71 -40 -76 376 1 0 0 0 0 1 0 -1 0 51739.dat
1 320 -30 -56 384 0 0 -1 1 0 0 0 -1 0 30244.dat
1 71 -40 -106 392 -1 0 0 0 0 -1 0 -1 0 3004.dat
1 71 -90 -56 392 0 0 1 -1 0 0 0 -1 0 3004.dat
1 71 10 -56 392 0 0 1 -1 0 0 0 -1 0 3004.dat
1 72 -120 -152 -80 0 0 1 0 1 0 -1 0 0 30565.dat
1 72 40 -152 -80 1 0 0 0 1 0 0 0 1 30565.dat
1 72 -40 -152 -110 -1 0 0 0 1 0 0 0 -1 3710.dat
1 72 -40 -152 80 1 0 0 0 1 0 0 0 1 3020.dat
1 72 -120 -152 0 1 0 0 0 1 0 0 0 1 3031.dat
1 72 -130 -184 0 0 0 1 0 1 0 -1 0 0 3039.dat
1 72 40 -152 0 1 0 0 0 1 0 0 0 1 3031.dat
1 72 -40 -152 110 1 0 0 0 1 0 0 0 1 3710.dat
1 71 -50 -136 -140 0 0 -1 0 1 0 1 0 0 3308.dat
1 71 -30 -136 -140 0 0 -1 0 1 0 1 0 0 3308.dat
1 71 -90 -136 -40 0 0 -1 0 1 0 1 0 0 3010.dat
1 33 10 -88 0 0 0 -1 0 1 0 1 0 0 3023.dat
1 33 10 -88 -40 0 0 -1 0 1 0 1 0 0 3023.dat
1 4 10 -88 40 0 0 1 0 1 0 -1 0 0 4623.dat
1 0 310 0 50 -1 0 0 0 1 0 0 0 -1 3623.dat
1 0 310 0 -50 -1 0 0 0 1 0 0 0 -1 3623.dat
1 71 -210 8 -280 0 0 -1 0 1 0 1 0 0 3700.dat
1 71 130 8 -280 0 0 -1 0 1 0 1 0 0 3700.dat
1 71 -40 18 -300 -1 0 0 0 1 0 0 0 -1 62462.dat
1 71 -80 8 -300 -1 0 0 0 1 0 0 0 -1 30000.dat
1 71 0 8 -300 -1 0 0 0 1 0 0 0 -1 30000.dat
1 71 160 8 -170 1 0 0 0 1 0 0 0 1 3895.dat
1 71 -240 8 170 1 0 0 0 1 0 0 0 1 3895.dat
1 71 -240 8 310 1 0 0 0 1 0 0 0 1 3895.dat
1 71 160 8 170 1 0 0 0 1 0 0 0 1 3895.dat
1 71 280 8 -50 1 0 0 0 1 0 0 0 1 3894.dat
1 1 322.415 -46 -202.82 0 -0.936672 0.350207 1 0 0 0 0.350207 0.936672 6541.dat
1 71 -460 -48 -50 1 0 0 0 1 0 0 0 1 3894.dat
1 71 -420 -72 -50 1 0 0 0 1 0 0 0 1 2458.dat
1 71 -420 -72 50 -1 0 0 0 1 0 0 0 -1 2458.dat
1 71 -480 -56 -50 1 0 0 0 1 0 0 0 1 3710.dat
1 71 -480 -56 50 1 0 0 0 1 0 0 0 1 3710.dat
1 71 -360 -64 50 1 0 0 0 1 0 0 0 1 3710.dat
1 71 -360 -72 50 1 0 0 0 1 0 0 0 1 3710.dat
1 72 -360 -80 50 1 0 0 0 1 0 0 0 1 3460.dat
1 72 -360 -80 -50 1 0 0 0 1 0 0 0 1 3460.dat
1 72 -450 -80 -50 0 0 1 0 1 0 -1 0 0 60477.dat
1 72 -450 -80 50 0 0 1 0 1 0 -1 0 0 60477.dat
1 71 -360 -64 -50 1 0 0 0 1 0 0 0 1 3710.dat
1 71 -360 -72 -50 1 0 0 0 1 0 0 0 1 3710.dat
1 71 -340 -56 -50 1 0 0 0 1 0 0 0 1 93274.dat
1 71 -340 -56 50 -1 0 0 0 1 0 0 0 -1 93274.dat
1 71 -460 -48 50 1 0 0 0 1 0 0 0 1 3894.dat
1 72 -200 8 70 1 0 0 0 1 0 0 0 1 3703.dat
1 72 -240 54 110 1 0 0 0 1 0 0 0 1 Part 14.ldr
1 72 160 54 -110 -1 0 0 0 1 0 0 0 -1 Part 14.ldr
1 72 -280 54 -110 -1 0 0 0 1 0 0 0 -1 Part 13.ldr
1 72 200 54 110 1 0 0 0 1 0 0 0 1 Part 13.ldr
1 72 120 8 70 1 0 0 0 1 0 0 0 1 3703.dat
1 72 -200 8 -70 1 0 0 0 1 0 0 0 1 3703.dat
1 72 120 8 -70 1 0 0 0 1 0 0 0 1 3703.dat
1 72 240 8 0 0 0 -1 0 1 0 1 0 0 6249.dat
1 72 240 8 -120 0 0 -1 0 1 0 1 0 0 6249.dat
1 72 240 8 120 0 0 -1 0 1 0 1 0 0 6249.dat
1 72 120 8 -120 0 0 -1 0 1 0 1 0 0 6249.dat
1 72 120 8 120 0 0 -1 0 1 0 1 0 0 6249.dat
1 72 -200 8 -120 0 0 -1 0 1 0 1 0 0 6249.dat
1 72 -160 8 -280 1 0 0 0 1 0 0 0 1 6249.dat
1 71 30 8 200 0 0 1 0 1 0 -1 0 0 3895.dat
1 71 -110 8 200 0 0 1 0 1 0 -1 0 0 3895.dat
1 71 -200 8 240 0 0 1 0 1 0 -1 0 0 32531.dat
1 71 -390 -52 300 0 0 1 0 1 0 -1 0 0 3700.dat
1 19 -390 -52 330 0 0 1 0 1 0 -1 0 0 3040b.dat
1 19 -390 -76 330 0 0 1 0 1 0 -1 0 0 3024.dat
1 19 -390 -76 270 0 0 1 0 1 0 -1 0 0 3024.dat
1 19 -390 -108 310 -1 0 0 0 1 0 0 0 -1 6091.dat
1 19 -390 -108 290 1 0 0 0 1 0 0 0 1 6091.dat
1 19 -390 -52 270 0 0 1 0 1 0 -1 0 0 3040b.dat
1 71 -390 -92 300 0 0 1 0 1 0 -1 0 0 3700.dat
1 71 -410 -100 300 0 0 1 0 1 0 -1 0 0 87544.dat
1 71 -400 -108 300 0 0 1 0 1 0 -1 0 0 3068b.dat
1 72 -390 -68 300 0 0 1 0 1 0 -1 0 0 3710.dat
1 72 -390 -60 300 0 0 1 0 1 0 -1 0 0 3710.dat
1 72 -470 -28 300 0 0 1 0 1 0 -1 0 0 3710.dat
1 72 -510 -36 300 0 0 1 0 1 0 -1 0 0 3023.dat
1 0 -510 -60 300 0 0 -1 0 1 0 1 0 0 3039p34.dat
1 71 -490 -36 310 0 0 1 0 1 0 -1 0 0 2420.dat
1 71 -470 -44 310 -0.55557 0 0.83147 0 1 0 -0.83147 0 -0.55557 4592c01.dat
1 72 -500 -28 300 0 0 1 0 1 0 -1 0 0 51739.dat
1 72 -420 -28 300 0 0 1 0 1 0 -1 0 0 3031.dat
1 72 -440 -20 300 1 0 0 0 1 0 0 0 1 3795.dat
1 4 -400 -12 300 1 0 0 0 1 0 0 0 1 54196.dat
1 71 130 8 280 0 0 1 0 1 0 -1 0 0 3700.dat
1 71 -40 10 300 1 0 0 0 1 0 0 0 1 62462.dat
1 71 0 8 300 1 0 0 0 1 0 0 0 1 30000.dat
1 71 -80 8 300 1 0 0 0 1 0 0 0 1 30000.dat
1 72 80 8 280 -1 0 0 0 1 0 0 0 -1 6249.dat
1 72 80 8 -280 1 0 0 0 1 0 0 0 1 6249.dat
1 72 -200 8 120 0 0 -1 0 1 0 1 0 0 6249.dat
1 72 -320 8 -120 0 0 -1 0 1 0 1 0 0 6249.dat
1 72 -320 8 120 0 0 -1 0 1 0 1 0 0 6249.dat
1 72 -320 8 0 0 0 -1 0 1 0 1 0 0 6249.dat
1 0 -100 18 -60 0 0 -1 0 1 0 1 0 0 2780.dat
1 0 260 18 60 0 0 -1 0 1 0 1 0 0 2780.dat
1 0 260 18 -60 0 0 -1 0 1 0 1 0 0 2780.dat
1 0 200 18 -80 0 0 -1 0 1 0 1 0 0 2780.dat
1 0 180 18 -80 0 0 -1 0 1 0 1 0 0 2780.dat
1 0 316.55 -46 -189.95 0.350207 -0.936672 0 0 0 -1 0.936672 0.350207 0 2780.dat
0 SYNTH BEGIN TECHNIC_RIBBED_HOSE 43
0 1 0 316.55 -46 -189.95 -0.936672 -0.350207 0 0 0 -1 0.350207 -0.936672 0 LS02.dat
0 1 0 358 -46 0 -1 0 0 0 0 -1 0 -1 0 LS02.dat
0 1 0 317.5 -46 187.95 -0.936672 0.350207 0 0 0 -1 -0.350207 -0.936672 0 LS02.dat
0 SYNTH SHOW
0 SYNTH SYNTHESIZED BEGIN
1 43 317.426 -46 -187.608 0 -0.3502 -0.9367 1 0 0 0 -0.9367 0.3502 79.dat
1 43 319.355 -46 -182.447 0 0.35 -0.9367 1 0 0 0 0.9367 0.35 80.dat
1 43 321.283 -46 -177.282 0 0.3494 -0.937 1 0 0 0 0.937 0.3494 80.dat
1 43 323.205 -46 -172.119 0 0.3483 -0.9374 1 0 0 0 0.9374 0.3483 80.dat
1 43 325.118 -46 -166.96 0 0.3466 -0.938 1 0 0 0 0.938 0.3466 80.dat
1 43 327.022 -46 -161.787 0 0.3443 -0.9389 1 0 0 0 0.9389 0.3443 80.dat
1 43 328.915 -46 -156.604 0 0.3413 -0.94 1 0 0 0 0.94 0.3413 80.dat
1 43 330.789 -46 -151.412 0 0.3375 -0.9413 1 0 0 0 0.9413 0.3375 80.dat
1 43 332.64 -46 -146.214 0 0.3328 -0.943 1 0 0 0 0.943 0.3328 80.dat
1 43 334.46 -46 -141.011 0 0.3271 -0.945 1 0 0 0 0.945 0.3271 80.dat
1 43 336.243 -46 -135.804 0 0.3204 -0.9473 1 0 0 0 0.9473 0.3204 80.dat
1 43 337.992 -46 -130.572 0 0.3126 -0.9499 1 0 0 0 0.9499 0.3126 80.dat
1 43 339.69 -46 -125.336 0 0.3037 -0.9528 1 0 0 0 0.9528 0.3037 80.dat
1 43 341.34 -46 -120.072 0 0.2936 -0.9559 1 0 0 0 0.9559 0.2936 80.dat
1 43 342.928 -46 -114.802 0 0.2822 -0.9593 1 0 0 0 0.9593 0.2822 80.dat
1 43 344.454 -46 -109.501 0 0.2698 -0.9629 1 0 0 0 0.9629 0.2698 80.dat
1 43 345.905 -46 -104.189 0 0.2563 -0.9666 1 0 0 0 0.9666 0.2563 80.dat
1 43 347.285 -46 -98.8409 0 0.2418 -0.9703 1 0 0 0 0.9703 0.2418 80.dat
1 43 348.581 -46 -93.4755 0 0.2265 -0.974 1 0 0 0 0.974 0.2265 80.dat
1 43 349.792 -46 -88.0907 0 0.2106 -0.9776 1 0 0 0 0.9776 0.2106 80.dat
1 43 350.914 -46 -82.684 0 0.1943 -0.9809 1 0 0 0 0.9809 0.1943 80.dat
1 43 351.943 -46 -77.2766 0 0.1779 -0.9841 1 0 0 0 0.9841 0.1779 80.dat
1 43 352.882 -46 -71.844 0 0.1614 -0.9869 1 0 0 0 0.9869 0.1614 80.dat
