0 FILE AT-AT.ldr
0 AT-AT
0 Name: AT-AT.ldr
0 Author: LDraw
0 Unofficial Model
0 ROTATION CENTER 0 0 0 1 "Custom" 
0 ROTATION CONFIG 0 0
1 71 40 32 0 0.707107 0 0.707107 0 1 0 -0.707107 0 0.707107 3020.dat
1 71 40 -48 0 0.707107 0 0.707107 0 1 0 -0.707107 0 0.707107 3020.dat
1 71 40 -64 0 -0.707107 0 -0.707107 0 1 0 0.707107 0 -0.707107 3068b.dat
1 71 32.929 -56 -7.071 0.707107 0 0.707107 0 1 0 -0.707107 0 0.707107 48336.dat
1 71 47.071 -56 7.071 -0.707107 0 -0.707107 0 1 0 0.707107 0 -0.707107 48336.dat
1 71 25.858 16 14.143 0.707107 0 0.707107 0 1 0 -0.707107 0 0.707107 3020.dat
1 71 4.645 24 35.355 0.707107 0 0.707107 0 1 0 -0.707107 0 0.707107 3021.dat
1 71 40 24 0 0.707107 0 -0.707107 0 1 0 0.707107 0 0.707107 3020.dat
1 71 40 8 0 0.707107 0 -0.707107 0 1 0 0.707107 0 0.707107 3031.dat
1 71 89.498 -16 -21.214 0.707107 0 -0.707107 0 1 0 0.707107 0 0.707107 6565.dat
1 71 61.213 -16 -49.498 0.707107 0 -0.707107 0 1 0 0.707107 0 0.707107 6564.dat
1 71 -9.498 -16 21.214 -0.707107 0 0.707107 0 1 0 -0.707107 0 -0.707107 6565.dat
1 71 18.787 -16 49.498 -0.707107 0 0.707107 0 1 0 -0.707107 0 -0.707107 6564.dat
1 71 89.498 -40 -21.214 0.707107 0 -0.707107 0 1 0 0.707107 0 0.707107 6565.dat
1 71 61.213 -40 -49.498 0.707107 0 -0.707107 0 1 0 0.707107 0 0.707107 6564.dat
1 71 -9.498 -40 21.214 -0.707107 0 0.707107 0 1 0 -0.707107 0 -0.707107 6565.dat
1 71 18.787 -40 49.498 -0.707107 0 0.707107 0 1 0 -0.707107 0 -0.707107 6564.dat
1 72 68.284 16 -28.284 0.707107 0 0.707107 0 1 0 -0.707107 0 0.707107 2444.dat
1 72 75.355 16 7.071 0.707107 0 0.707107 0 1 0 -0.707107 0 0.707107 60478.dat
1 72 47.071 16 35.355 -0.707107 0 -0.707107 0 1 0 0.707107 0 -0.707107 60478.dat
1 72 32.929 16 -35.355 0.707107 0 0.707107 0 1 0 -0.707107 0 0.707107 60478.dat
1 72 -2.427 8 42.426 0.707107 0 0.707107 0 1 0 -0.707107 0 0.707107 4032b.dat
1 72 -2.427 -48 42.426 -0.707107 0 0.707107 0 1 0 -0.707107 0 -0.707107 4859.dat
1 72 10.194 -15.836 -29.806 0.707107 0.683647 0.180628 0 0.255446 -0.966823 -0.707107 0.683647 0.180628 30350.dat
1 72 69.806 -15.836 29.806 -0.707107 -0.683647 -0.180628 0 0.255446 -0.966823 0.707107 -0.683647 -0.180628 30350.dat
1 72 82.427 -48 -42.426 0.707107 0 -0.707107 0 1 0 0.707107 0 0.707107 4859.dat
1 71 68.284 -56 -28.284 0.707107 0 -0.707107 0 1 0 0.707107 0 0.707107 51739.dat
1 71 11.716 -56 28.284 -0.707107 0 0.707107 0 1 0 -0.707107 0 -0.707107 51739.dat
1 72 82.427 8 -42.426 0.707107 0 0.707107 0 1 0 -0.707107 0 0.707107 4032b.dat
1 72 4.645 16 -7.071 -0.707107 0 -0.707107 0 1 0 0.707107 0 -0.707107 60478.dat
1 72 -12.326 48 9.9 0 0.707107 0.707107 -1 0 0 0 -0.707107 0.707107 Part 3.ldr
1 72 30.101 48 52.325 0 0.707107 0.707107 -1 0 0 0 -0.707107 0.707107 Part 3.ldr
1 72 92.326 48 -9.9 0 -0.707107 -0.707107 -1 0 0 0 0.707107 -0.707107 Part 3.ldr
1 72 49.899 48 -52.325 0 -0.707107 -0.707107 -1 0 0 0 0.707107 -0.707107 Part 3.ldr
1 72 -9.498 16 49.498 -0.707107 0 0.707107 0 1 0 -0.707107 0 -0.707107 44567.dat
1 72 61.213 24 -21.214 0.707107 0 -0.707107 0 1 0 0.707107 0 0.707107 3023.dat
1 72 -35.044 5.197 75.043 0.653282 0.270598 0.707107 -0.382683 0.92388 0 -0.653282 -0.270598 0.707107 Part 2.ldr
0
0 FILE Part 2.ldr
0 Part 2
0 Name: Part 2.ldr
0 Author: LDraw
0 Unofficial Model
0 ROTATION CENTER 0 0 0 1 "Custom" 
0 ROTATION CONFIG 0 0
1 71 -20 16 0 1 0 0 0 1 0 0 0 1 44302.dat
1 71 -50 23 0 -1 0 0 0 -1 0 0 0 1 4697b.dat
1 72 -50 23 -14 0 -1 0 -1 0 0 0 0 -1 48729.dat
1 72 -50 23 14 0 -1 0 -1 0 0 0 0 -1 48729.dat
1 71 -50 -8 0 0 0 1 0 1 0 -1 0 0 54200.dat
1 71 -20 -24 0 1 0 0 0 1 0 0 0 1 3794a.dat
1 71 -68 2 0 0 1 0 -1 0 0 0 0 1 3070b.dat
1 71 -30 -8 0 0 0 1 0 1 0 -1 0 0 4070.dat
1 71 -30 -8 18 0 0 1 -1 0 0 0 -1 0 43723.dat
1 71 -30 -8 -18 0 0 1 1 0 0 0 1 0 43722.dat
1 71 -30 2 -26 0 0 1 1 0 0 0 1 0 4592.dat
1 0 -30 2 -26 0 1 0 1 0 0 0 0 -1 4593.dat
1 71 -30 2 26 0 0 1 -1 0 0 0 -1 0 4592.dat
1 0 -30 2 26 0 1 0 -1 0 0 0 0 1 4593.dat
1 72 -10 -8 0 1 0 0 0 1 0 0 0 1 47905.dat
1 0 -60 2 0 0 1 0 -1 0 0 0 0 1 4733.dat
1 72 -20 -16 0 1 0 0 0 1 0 0 0 1 3023.dat
0
0 FILE Part 3.ldr
0 Part 3
0 Name: Part 3.ldr
0 Author: LDraw
0 Unofficial Model
0 ROTATION CENTER 0 0 0 1 "Custom" 
0 ROTATION CONFIG 0 0
1 71 -10 0 0 1 0 0 0 1 0 0 0 1 3623.dat
1 71 -10 -16 0 1 0 0 0 1 0 0 0 1 63864.dat
1 71 10 -8 0 0 0 -1 0 1 0 1 0 0 61252.dat
1 72 -20 -8 0 -1 0 0 0 1 0 0 0 -1 60478.dat
1 72 -80 0 0 -1 0 0 0 1 0 0 0 -1 60478.dat
1 72 -110 2 0 0 -1 0 -1 0 0 0 0 -1 48729.dat
1 71 -80 -8 0 1 0 0 0 1 0 0 0 1 63868.dat
1 71 -120 2 0 0 -1 0 1 0 0 0 0 1 4032b.dat
1 72 -128 2 0 0 -1 0 1 0 0 0 0 1 43898.dat
0 
0 
0
0
