0 FILE Republic Cruiser.ldr
0 Republic Cruiser
0 Name: Republic Cruiser.ldr
0 Author: R Paluczak
0 Unofficial Model
0 ROTATION CENTER 49.9456 34.0247 -560 1 "Custom" 
0 ROTATION CONFIG 0 0
1 0 20 36 0 1 0 0 0 1 0 0 0 1 Part 1.ldr
1 0 0 -36 -160 0 0 -1 0 1 0 1 0 0 Forward Hull.ldr
1 0 310 56 -350 0 0 -1 0 1 0 1 0 0 Qui-Gon Jin.ldr
1 0 220 56 -440 0 0 -1 0 1 0 1 0 0 Obi-Wan Kenobi.ldr
1 0 400 56 -540 0 0 -1 0 1 0 1 0 0 Pilot.ldr
1 0 390 60 -660 0 0 -1 0 1 0 1 0 0 Captain.ldr
1 0 380 132 -230 0 0 -1 0 1 0 1 0 0 R2-R7.ldr
1 0 0 -56 -500 -1 0 0 0 1 0 0 0 -1 Escape Pod.ldr
1 0 140 -132 -100 1 0 0 0 1 0 0 0 1 Top.ldr
1 0 120 -44 -30 0 0 -1 0 1 0 1 0 0 Interior 1.ldr
1 0 -120 -44 350 0 0 1 0 1 0 -1 0 0 Interior 2.ldr
1 0 40 -60 200 1 0 0 0 1 0 0 0 1 Engine Section.ldr
1 4 -30 -85.8 -100 1 0 0 0 1 0 0 0 1 32054.dat
1 4 -30 -85.8 -140 1 0 0 0 1 0 0 0 1 32054.dat
1 4 30 -85.8 -140 -1 0 0 0 1 0 0 0 -1 32054.dat
1 4 30 -85.8 -100 -1 0 0 0 1 0 0 0 -1 32054.dat
1 4 -30 -85.8 140 1 0 0 0 1 0 0 0 1 32054.dat
1 4 -30 -85.8 100 1 0 0 0 1 0 0 0 1 32054.dat
1 4 30 -85.8 100 -1 0 0 0 1 0 0 0 -1 32054.dat
1 4 30 -85.8 140 -1 0 0 0 1 0 0 0 -1 32054.dat
1 4 -30 -45.8 -140 1 0 0 0 1 0 0 0 1 32054.dat
1 4 30 -45.8 -140 -1 0 0 0 1 0 0 0 -1 32054.dat
1 4 -30 -45.8 140 1 0 0 0 1 0 0 0 1 32054.dat
1 4 30 -45.8 140 -1 0 0 0 1 0 0 0 -1 32054.dat
1 0 127.706 37.926 -560 0 -0.390731 0.920505 0 -0.920505 -0.390731 1 0 0 Lower Plate Left.ldr
1 0 -127.697 37.929 -40 0 0.390731 -0.920505 0 -0.920505 -0.390731 -1 0 0 Lower Panel Right.ldr
0
0 FILE Interior 1.ldr
0 Interior 1
0 Name: Interior 1.ldr
0 Author: R Paluczak
0 Unofficial Model
0 ROTATION CENTER 0 0 0 1 "Custom" 
0 ROTATION CONFIG 0 0
1 72 10 20 0 1 0 0 0 1 0 0 0 1 3456.dat
1 72 -90 -4 -50 1 0 0 0 1 0 0 0 1 30414.dat
1 0 -80 -12 -50 1 0 0 0 1 0 0 0 1 6141.dat
1 0 -80 -20 -40 0 0 -1 0 1 0 1 0 0 30244.dat
1 4 190 -10.1 10 -1 0 0 0 1 0 0 0 -1 41531.dat
1 4 190 -10.1 -30 -1 0 0 0 1 0 0 0 -1 41531.dat
1 0 150 -9.7 10 -1 0 0 0 1 0 0 0 -1 2780.dat
1 1 190 -9.7 0 0 0 1 0 1 0 -1 0 0 43093.dat
1 4 190 -10 -30 0 0 1 0 1 0 -1 0 0 32054.dat
1 320 190 -10.1 -50 1 0 0 0 1 0 0 0 1 60208.dat
1 0 150 -9.7 -30 -1 0 0 0 1 0 0 0 -1 2780.dat
1 0 -110 -2 29.9 0 1 0 1 0 0 0 0 -1 32006.dat
1 0 -95 -2 -10.1 0 1 0 1 0 0 0 0 -1 41677.dat
1 0 5.6 -2 -10 1 0 0 0 -1 0 0 0 -1 6536.dat
1 0 5.6 -2 -30 1 0 0 0 -1 0 0 0 -1 6536.dat
1 0 5.6 -22 0 1 0 0 0 0 1 0 -1 0 30374.dat
1 1 5.6 -21.9 -40 0 0 -1 0 -1 0 -1 0 0 4274.dat
1 70 5.6 -21.9 -64 0 0 -1 -1 0 0 0 1 0 3062b.dat
1 71 140 -28 -20 0 0 -1 0 1 0 1 0 0 2431.dat
1 71 -10 -12 -50 -1 0 0 0 1 0 0 0 -1 6636.dat
1 71 -54.3 -2 -10 -1 0 0 0 1 0 0 0 -1 44294.dat
1 71 -110.2 -2 40 0 0 1 0 -1 0 1 0 0 2853.dat
1 71 -54.3 -2 -30 -1 0 0 0 1 0 0 0 -1 44294.dat
1 42 -134.3 -2 -30 0 1 0 1 0 0 0 0 -1 6188.dat
1 42 -134.3 -2 -10 0 1 0 1 0 0 0 0 -1 6188.dat
1 71 90 -28 -50 -1 0 0 0 1 0 0 0 -1 30413.dat
1 71 -110 -28 -50 -1 0 0 0 1 0 0 0 -1 4865b.dat
1 320 -30 -44 30 -1 0 0 0 1 0 0 0 -1 3710.dat
1 19 -30 -44 10 1 0 0 0 1 0 0 0 1 2540.dat
1 71 -10 -36 30 0 0 -1 0 1 0 1 0 0 4532.dat
1 71 -50 -36 30 0 0 1 0 1 0 -1 0 0 4532.dat
1 71 -30.1 -42 70 -1 0 0 0 -0.587785 -0.809017 0 -0.809017 0.587785 30377.dat
1 19 -30 -44 50 -1 0 0 0 1 0 0 0 -1 2540.dat
1 71 -29.898 -42 -10 1 0 0 0 -0.656059 -0.75471 0 0.75471 -0.656059 30377.dat
1 72 -67 -28 53.9 -1 0 0 0 1 0 0 0 -1 4533.dat
1 72 6.9 4 53.9 1 0 0 0 -1 0 0 0 -1 4533.dat
1 71 -90 -4 -67.9 -1 0 0 0 0 1 0 1 0 4032b.dat
1 71 90 -4 -67.9 -1 0 0 0 0 1 0 1 0 4032b.dat
1 72 90 -4 -50 1 0 0 0 1 0 0 0 1 30414.dat
1 0 -30 -4 -50 -1 0 0 0 1 0 0 0 -1 2877.dat
1 0 30 -4 -50 -1 0 0 0 1 0 0 0 -1 2877.dat
1 70 0 -4 -50 -1 0 0 0 1 0 0 0 -1 3062b.dat
1 320 140 12 0 0 0 1 0 1 0 -1 0 0 3666.dat
1 320 120 12 20 0 0 1 0 1 0 -1 0 0 3710.dat
1 320 140 4 -20 0 0 1 0 1 0 -1 0 0 3710.dat
1 320 140 28 20 0 0 1 0 1 0 -1 0 0 3710.dat
1 320 -80 28 20 0 0 1 0 1 0 -1 0 0 3710.dat
1 71 10 28 20 0 0 1 0 1 0 -1 0 0 30157.dat
1 71 50 28 20 0 0 1 0 1 0 -1 0 0 30157.dat
1 320 110 28 -30 1 0 0 0 1 0 0 0 1 3710.dat
1 320 -50 28 -30 1 0 0 0 1 0 0 0 1 3710.dat
1 71 140 -20 -40 0 0 1 0 1 0 -1 0 0 32000.dat
1 71 140 -20 0 0 0 1 0 1 0 -1 0 0 32000.dat
1 14 120 4 20 0 0 1 0 1 0 -1 0 0 2431.dat
1 14 60 4 20 0 0 1 0 1 0 -1 0 0 2431.dat
1 14 -30 12 10 1 0 0 0 1 0 0 0 1 2431.dat
1 14 -30 12 50 1 0 0 0 1 0 0 0 1 2431.dat
1 14 20 -4 40 0 0 -1 0 1 0 1 0 0 4865b.dat
1 14 -80 -4 40 0 0 1 0 1 0 -1 0 0 4865b.dat
1 320 60 12 20 0 0 1 0 1 0 -1 0 0 3710.dat
1 4 -80 12 -20 0 0 1 0 1 0 -1 0 0 3023.dat
1 71 -80 -12 -20 0 0 1 0 1 0 -1 0 0 32000.dat
1 4 90 4 20 0 0 1 0 1 0 -1 0 0 3795.dat
1 4 90 -4 -20 1 0 0 0 1 0 0 0 1 48183.dat
1 4 80 -12 -20 0.866025 0 -0.5 0 1 0 0.5 0 0.866025 4592c01.dat
1 4 100 -12 -20 0.866025 0 0.5 0 1 0 -0.5 0 0.866025 4592c01.dat
1 0 90 -4 10 1 0 0 0 1 0 0 0 1 30244.dat
1 19 80 -4 40 0 0 1 0 1 0 -1 0 0 2540.dat
1 19 100 -4 40 0 0 -1 0 1 0 1 0 0 2540.dat
1 15 60 -4 20 0.965926 0 0.258819 0.258819 0 -0.965926 0 1 0 44676.dat
1 15 120 -4 20 0.965926 0 -0.258819 -0.258819 0 -0.965926 0 1 0 44676.dat
1 19 90 -12 50 -1 0 0 0 1 0 0 0 -1 2540.dat
1 71 90 -12 30 -1 0 0 0 1 0 0 0 -1 3023.dat
1 320 90 -20 29.999 1 0 0 0 1 0 0 0 1 3794b.dat
1 320 90 -20 50 1 0 0 0 1 0 0 0 1 3794b.dat
1 320 90 -44 50 1 0 0 0 1 0 0 0 1 50950.dat
0
0 FILE Interior 2.ldr
0 Interior 2
0 Name: Interior 2.ldr
0 Author: R Paluczak
0 Unofficial Model
0 ROTATION CENTER 0 0 0 1 "Custom" 
0 ROTATION CONFIG 0 0
1 72 370 20 0 1 0 0 0 1 0 0 0 1 3456.dat
1 72 470 -4 -50 1 0 0 0 1 0 0 0 1 30414.dat
1 0 460 -12 -50 1 0 0 0 1 0 0 0 1 6141.dat
1 0 460 -20 -40 0 0 -1 0 1 0 1 0 0 30244.dat
1 4 190 -10.1 10 -1 0 0 0 1 0 0 0 -1 41531.dat
1 4 190 -10.1 -30 -1 0 0 0 1 0 0 0 -1 41531.dat
1 0 230 -9.7 10 -1 0 0 0 1 0 0 0 -1 2780.dat
1 1 190 -9.7 0 0 0 1 0 1 0 -1 0 0 43093.dat
1 4 190 -10 -30 0 0 1 0 1 0 -1 0 0 32054.dat
1 320 190 -10.1 -50 1 0 0 0 1 0 0 0 1 60208.dat
1 0 230 -9.7 -30 -1 0 0 0 1 0 0 0 -1 2780.dat
1 0 490 -2 29.9 0 -1 0 -1 0 0 0 0 -1 32006.dat
1 0 475 -2 -10.1 0 1 0 1 0 0 0 0 -1 41677.dat
1 0 375.6 -2 -10 1 0 0 0 -1 0 0 0 -1 6536.dat
1 0 375.6 -2 -30 1 0 0 0 -1 0 0 0 -1 6536.dat
1 0 375.6 -22 0 1 0 0 0 0 1 0 -1 0 30374.dat
1 1 375.6 -21.9 -40 0 0 -1 0 -1 0 -1 0 0 4274.dat
1 70 375.6 -21.9 -64 0 0 -1 -1 0 0 0 1 0 3062b.dat
1 71 240 -28 -20 0 0 -1 0 1 0 1 0 0 2431.dat
1 71 390 -12 -50 -1 0 0 0 1 0 0 0 -1 6636.dat
1 71 435.7 -2 -10 -1 0 0 0 1 0 0 0 -1 44294.dat
1 71 489.8 -2 40 0 0 -1 0 1 0 1 0 0 2853.dat
1 71 435.7 -2 -30 -1 0 0 0 1 0 0 0 -1 44294.dat
1 42 515.7 -2 -30 0 -1 0 -1 0 0 0 0 -1 6188.dat
1 42 515.7 -2 -10 0 -1 0 -1 0 0 0 0 -1 6188.dat
1 71 290 -28 -50 -1 0 0 0 1 0 0 0 -1 30413.dat
1 71 410 -4 10 1 0 0 0 1 0 0 0 1 30413.dat
1 71 490 -28 -50 -1 0 0 0 1 0 0 0 -1 4865b.dat
1 71 470 -4 -67.9 -1 0 0 0 0 1 0 1 0 4032b.dat
1 71 290 -4 -67.9 -1 0 0 0 0 1 0 1 0 4032b.dat
1 72 290 -4 -50 1 0 0 0 1 0 0 0 1 30414.dat
1 0 350 -4 -50 -1 0 0 0 1 0 0 0 -1 2877.dat
1 0 410 -4 -50 -1 0 0 0 1 0 0 0 -1 2877.dat
1 70 380 -4 -50 -1 0 0 0 1 0 0 0 -1 3062b.dat
1 320 240 12 0 0 0 1 0 1 0 -1 0 0 3666.dat
1 320 380 12 40 0 0 1 0 1 0 -1 0 0 3794b.dat
1 320 440 12 40 0 0 1 0 1 0 -1 0 0 3794b.dat
1 320 240 4 -20 0 0 1 0 1 0 -1 0 0 3710.dat
1 320 240 28 20 0 0 1 0 1 0 -1 0 0 3710.dat
1 320 460 28 20 0 0 1 0 1 0 -1 0 0 3710.dat
1 71 330 28 20 0 0 1 0 1 0 -1 0 0 30157.dat
1 71 370 28 20 0 0 1 0 1 0 -1 0 0 30157.dat
1 320 430 28 -30 1 0 0 0 1 0 0 0 1 3710.dat
1 320 270 28 -30 1 0 0 0 1 0 0 0 1 3710.dat
1 71 240 -20 -40 0 0 1 0 1 0 -1 0 0 32000.dat
1 71 240 -20 0 0 0 1 0 1 0 -1 0 0 32000.dat
1 14 340 -4 40 0 0 -1 0 1 0 1 0 0 4865b.dat
1 14 460 -4 40 0 0 -1 0 1 0 1 0 0 4865b.dat
1 14 280 -4 40 0 0 1 0 1 0 -1 0 0 4865b.dat
1 14 360 -4 40 0 0 1 0 1 0 -1 0 0 4865b.dat
1 4 460 12 -20 0 0 1 0 1 0 -1 0 0 3023.dat
1 4 310 -4 0 0 0 1 0 1 0 -1 0 0 3003.dat
1 15 310 -28 -10 -1 0 0 0 1 0 0 0 -1 3039pc5.dat
1 71 460 -12 -20 0 0 1 0 1 0 -1 0 0 32000.dat
0
0 FILE Top.ldr
0 Top
0 Name: Top.ldr
0 Author: R Paluczak
0 Unofficial Model
0 ROTATION CENTER -169.96 -1.90028 190 1 "Custom" 
0 ROTATION CONFIG 0 0
1 320 -140.001 -12 80.001 0 0 -1 0 1 0 1 0 0 2445.dat
1 71 -140.001 -4 190 1 0 0 0 1 0 0 0 1 3023.dat
1 71 -140.001 -4 -30 1 0 0 0 1 0 0 0 1 3023.dat
1 71 -150.001 -4 0 0 0 1 0 1 0 -1 0 0 44567.dat
1 71 -150.001 -4 160 0 0 1 0 1 0 -1 0 0 44567.dat
1 71 -130.001 -4 160 0 0 -1 0 1 0 1 0 0 44567.dat
1 71 -130.001 -4 0 0 0 -1 0 1 0 1 0 0 44567.dat
1 71 -140.001 4 -10 0 0 -1 0 1 0 1 0 0 3021.dat
1 71 -140.001 4 170 0 0 -1 0 1 0 1 0 0 3021.dat
1 4 -159.999 -20 180 -1 0 0 0 1 0 0 0 -1 41770.dat
1 4 -120 -20 180.002 -1 0 0 0 1 0 0 0 -1 41769.dat
1 4 -140 -20 100 -1 0 0 0 1 0 0 0 -1 3031.dat
1 4 -140 -4 80 0 0 -1 0 1 0 1 0 0 3001.dat
1 4 -140 -20 0 0 0 -1 0 1 0 1 0 0 3032.dat
0 MLCAD BTG 1
1 4 -275.2 31.8 130 0 0.390731 -0.920505 0 0.920505 0.390731 1 0 0 3958.dat
0 MLCAD BTG 1
1 38 -216.842 15.719 70 0 0.390731 -0.920505 0 0.920505 0.390731 1 0 0 2654.dat
0 MLCAD BTG 1
1 38 -195.306 15.269 -10 0 0.390731 -0.920505 0 0.920505 0.390731 1 0 0 2654.dat
0 MLCAD BTG 1
1 38 -195.306 15.269 170 0 0.390731 -0.920505 0 0.920505 0.390731 1 0 0 2654.dat
0 MLCAD BTG 1
1 320 -201.558 0.54 70 0 0.390731 -0.920505 0 0.920505 0.390731 1 0 0 2445.dat
0 MLCAD BTG 1
1 320 -207.638 11.812 -40 0.920505 0.390731 0 -0.390731 0.920505 0 0 0 1 2450.dat
0 MLCAD BTG 1
1 71 -207.638 11.812 190 0.920505 0.390731 0 -0.390731 0.920505 0 0 0 1 3021.dat
0 MLCAD BTG 1
1 72 -198.432 7.903 160 0.920505 0.390731 0 -0.390731 0.920505 0 0 0 1 44302.dat
0 MLCAD BTG 1
1 72 -198.432 7.903 0 0.920505 0.390731 0 -0.390731 0.920505 0 0 0 1 44302.dat
0 MLCAD BTG 1
1 320 -223.094 0.991 190 0 0.390731 -0.920505 0 0.920505 0.390731 1 0 0 3068b.dat
0 MLCAD BTG 1
1 320 -223.094 0.991 70 0 0.390731 -0.920505 0 0.920505 0.390731 1 0 0 3068b.dat
0 MLCAD BTG 1
1 320 -223.094 0.991 -50 0 0.390731 -0.920505 0 0.920505 0.390731 1 0 0 3068b.dat
0 MLCAD BTG 1
1 4 -275.2 31.8 10 0 0.390731 -0.920505 0 0.920505 0.390731 1 0 0 3958.dat
0 MLCAD BTG 1
1 4 -256.79 23.984 -130 0 0.390731 0.920505 0 0.920505 -0.390731 -1 0 0 30504.dat
1 25 -170 -28 20 0 0 -1 0 1 0 1 0 0 3069b.dat
0 MLCAD BTG 1
1 25 -223.094 0.991 140 -0.920505 0.390731 0 0.390731 0.920505 0 0 0 -1 3069b.dat
1 25 -150 -28 20 0 0 -1 0 1 0 1 0 0 3069b.dat
1 15 -140 -52 -50 -1 0 0 0 1 0 0 0 -1 2432.dat
0 MLCAD BTG 1
1 15 -256.79 23.984 220 0 0.390731 0.920505 0 0.920505 -0.390731 -1 0 0 50304.dat
0 MLCAD BTG 1
1 15 -324.349 43.971 130 0 0.390731 0.920505 0 0.920505 -0.390731 -1 0 0 3460.dat
0 MLCAD BTG 1
1 15 -324.349 43.971 -10 0 0.390731 0.920505 0 0.920505 -0.390731 -1 0 0 6636.dat
0 GROUP 18 1
0 MLCAD BTG 2
1 4 -4.721 31.821 130 0 -0.390731 -0.920505 0 0.920505 -0.390731 1 0 0 3958.dat
0 MLCAD BTG 2
1 38 -63.076 15.74 70 0 -0.390731 -0.920505 0 0.920505 -0.390731 1 0 0 2654.dat
0 MLCAD BTG 2
1 38 -84.613 15.29 -10 0 -0.390731 -0.920505 0 0.920505 -0.390731 1 0 0 2654.dat
0 MLCAD BTG 2
1 38 -84.613 15.29 170 0 -0.390731 -0.920505 0 0.920505 -0.390731 1 0 0 2654.dat
0 MLCAD BTG 2
1 320 -78.359 0.56 70 0 -0.390731 -0.920505 0 0.920505 -0.390731 1 0 0 2445.dat
0 MLCAD BTG 2
1 320 -72.282 11.833 -40 0 -0.390731 0.920505 0 0.920505 0.390731 -1 0 0 2450.dat
0 MLCAD BTG 2
1 71 -72.282 11.833 190 0.920505 -0.390731 0 0.390731 0.920505 0 0 0 1 3021.dat
0 MLCAD BTG 2
1 72 -81.485 7.925 160 -0.920505 -0.390731 0 -0.390731 0.920505 0 0 0 -1 44302.dat
0 MLCAD BTG 2
1 72 -81.485 7.925 0 -0.920505 -0.390731 0 -0.390731 0.920505 0 0 0 -1 44302.dat
0 MLCAD BTG 2
1 320 -56.824 1.011 190 0 -0.390731 -0.920505 0 0.920505 -0.390731 1 0 0 3068b.dat
0 MLCAD BTG 2
1 320 -56.824 1.011 70 0 -0.390731 -0.920505 0 0.920505 -0.390731 1 0 0 3068b.dat
0 MLCAD BTG 2
1 320 -56.824 1.011 -50 0 -0.390731 -0.920505 0 0.920505 -0.390731 1 0 0 3068b.dat
0 MLCAD BTG 2
1 4 -4.721 31.821 10 0 -0.390731 -0.920505 0 0.920505 -0.390731 1 0 0 3958.dat
0 MLCAD BTG 2
1 4 -23.131 24.006 -130 0.920505 -0.390731 0 0.390731 0.920505 0 0 0 1 30504.dat
0 MLCAD BTG 2
1 25 -56.824 1.011 140 -0.920505 -0.390731 0 -0.390731 0.920505 0 0 0 -1 3069b.dat
0 MLCAD BTG 2
1 15 -23.131 24.006 220 0 -0.390731 -0.920505 0 0.920505 -0.390731 1 0 0 50305.dat
0 MLCAD BTG 2
1 15 44.431 43.991 130 0 -0.390731 0.920505 0 0.920505 0.390731 -1 0 0 3460.dat
0 MLCAD BTG 2
1 15 44.431 43.991 -10 0 -0.390731 0.920505 0 0.920505 0.390731 -1 0 0 6636.dat
0 GROUP 18 2
0
0 FILE Escape Pod.ldr
0 Escape Pod
0 Name: Escape Pod.ldr
0 Author: R Paluczak
0 Unofficial Model
0 ROTATION CENTER 0 0 0 1 "Custom" 
0 ROTATION CONFIG 0 0
1 320 0 48 -204 1 0 0 0 0 -1 0 1 0 48310.dat
1 71 -32.001 68 -50 0 1 0 1 0 0 0 0 -1 3023.dat
1 4 -56 58 -50 0 1 0 0 0 1 1 0 0 6541.dat
1 0 -80 68 -50 0 1 0 -1 0 0 0 0 1 52107.dat
1 4 -56 78 -50 0 1 0 0 0 1 1 0 0 6541.dat
1 1 -45.9 47.999 -50 0 1 0 -1 0 0 0 0 1 3749.dat
1 71 31.799 68 -50 0 -1 0 1 0 0 0 0 1 3023.dat
1 4 55.798 58 -50.002 0 -1 0 0 0 1 -1 0 0 6541.dat
1 0 79.798 68 -50 0 -1 0 -1 0 0 0 0 -1 52107.dat
1 4 55.798 78 -50.002 0 -1 0 0 0 1 -1 0 0 6541.dat
1 1 45.698 47.999 -50 0 -1 0 -1 0 0 0 0 -1 3749.dat
1 15 -10 68 -212 0 0 1 1 0 0 0 1 0 30244.dat
1 15 10 68 -212 0 0 1 1 0 0 0 1 0 30244.dat
1 320 0 48 104 -1 0 0 0 0 -1 0 -1 0 48310.dat
1 15 9.999 68 112.001 0 0 -1 1 0 0 0 -1 0 30244.dat
1 15 -9.999 68 112 0 0 -1 1 0 0 0 -1 0 30244.dat
1 0 -60 98 -50 0 1 0 -1 0 0 0 0 1 47905.dat
1 15 -60 98 -50 0 1 0 0 0 -1 -1 0 0 54200.dat
1 0 60 98 -50 0 -1 0 1 0 0 0 0 1 47905.dat
1 15 60 98 -50 0 -1 0 0 0 -1 1 0 0 54200.dat
1 4 0 59.4 -50.1 -1 0 0 0 0 -1 0 -1 0 32062.dat
1 4 0 79.4 -70.1 -1 0 0 0 0 -1 0 -1 0 32062.dat
1 0 0 79.4 -70 -1 0 0 0 0 -1 0 -1 0 41678.dat
1 0 0 79.4 -30 -1 0 0 0 0 -1 0 -1 0 41678.dat
0 MLCAD BTG Group name
1 320 0 47.9 -204 -1 0 0 0 0 1 0 1 0 48310.dat
0 MLCAD BTG Group name
1 71 32.001 27.9 -50 0 -1 0 -1 0 0 0 0 -1 3023.dat
0 MLCAD BTG Group name
1 4 56 37.9 -50 0 -1 0 0 0 -1 1 0 0 6541.dat
0 MLCAD BTG Group name
1 0 80 27.9 -50 0 -1 0 1 0 0 0 0 1 52107.dat
0 MLCAD BTG Group name
1 4 56 17.9 -50 0 -1 0 0 0 -1 1 0 0 6541.dat
0 MLCAD BTG Group name
1 71 -31.799 27.9 -50 0 1 0 -1 0 0 0 0 1 3023.dat
0 MLCAD BTG Group name
1 4 -55.798 37.9 -50.002 0 1 0 0 0 -1 -1 0 0 6541.dat
0 MLCAD BTG Group name
1 0 -79.798 27.9 -50 0 1 0 1 0 0 0 0 -1 52107.dat
0 MLCAD BTG Group name
1 4 -55.798 17.9 -50.002 0 1 0 0 0 -1 -1 0 0 6541.dat
0 MLCAD BTG Group name
1 15 10 27.9 -212 0 0 -1 -1 0 0 0 1 0 30244.dat
0 MLCAD BTG Group name
1 15 -10 27.9 -212 0 0 -1 -1 0 0 0 1 0 30244.dat
0 MLCAD BTG Group name
1 320 0 47.9 104 1 0 0 0 0 1 0 -1 0 48310.dat
0 MLCAD BTG Group name
1 15 -9.999 27.9 112.001 0 0 1 -1 0 0 0 -1 0 30244.dat
0 MLCAD BTG Group name
1 15 9.999 27.9 112 0 0 1 -1 0 0 0 -1 0 30244.dat
0 MLCAD BTG Group name
1 0 60 -2.1 -50 0 -1 0 1 0 0 0 0 1 47905.dat
0 MLCAD BTG Group name
1 15 60 -2.1 -50 0 -1 0 0 0 1 -1 0 0 54200.dat
0 MLCAD BTG Group name
1 0 -60 -2.1 -50 0 1 0 -1 0 0 0 0 1 47905.dat
0 MLCAD BTG Group name
1 15 -60 -2.1 -50 0 1 0 0 0 1 1 0 0 54200.dat
0 GROUP 18 Group name
1 4 0 79.4 -30.1 -1 0 0 0 0 -1 0 -1 0 32062.dat
1 4 0 99.4 -50.1 -1 0 0 0 0 -1 0 -1 0 32062.dat
1 1 -10 119.4 -40.1 0 -1 0 0 0 -1 1 0 0 4274.dat
1 1 10.001 119.4 -40.1 0 -1 0 0 0 -1 1 0 0 4274.dat
1 4 0 -40.6 -50.1 -1 0 0 0 -1 0 0 0 1 32291.dat
1 4 0 99.4 -50.1 -1 0 0 0 1 0 0 0 -1 32291.dat
1 4 0 -0.6 -50.1 -1 0 0 0 0 -1 0 -1 0 32062.dat
1 4 0 -40.6 -50.1 -1 0 0 0 0 -1 0 -1 0 32062.dat
1 72 -5.001 29.4 -50.1 0 -1 0 0 0 -1 1 0 0 32449.dat
1 72 5 29.4 -50.098 0 -1 0 0 0 -1 1 0 0 32449.dat
1 71 14.999 -0.6 -50.101 0 -1 0 0 0 -1 1 0 0 6632.dat
1 71 14.999 99.4 -50.101 0 -1 0 0 0 -1 1 0 0 6632.dat
1 71 5 79.4 -70.099 0 -1 0 1 0 0 0 0 1 6632.dat
1 71 -5 79.4 -70.1 0 -1 0 1 0 0 0 0 1 6632.dat
1 71 -14.999 -0.6 -50.101 0 -1 0 0 0 -1 1 0 0 6632.dat
1 71 -14.999 99.4 -50.101 0 -1 0 0 0 -1 1 0 0 6632.dat
1 72 -0.101 89.4 -90.1 -1 0 0 0 1 0 0 0 -1 30526.dat
1 71 0 89.4 -110.101 -1 0 0 0 1 0 0 0 -1 3023.dat
1 14 0 81.4 -100.101 -1 0 0 0 1 0 0 0 -1 3022.dat
1 1 0 73.4 -100.101 1 0 0 0 1 0 0 0 1 4079.dat
1 72 -0.101 89.4 -10.1 1 0 0 0 1 0 0 0 1 30526.dat
1 71 -0.202 89.4 9.901 1 0 0 0 1 0 0 0 1 3023.dat
1 14 -0.201 81.4 -0.1 1 0 0 0 1 0 0 0 1 3022.dat
1 1 -0.201 73.4 -0.1 -1 0 0 0 1 0 0 0 -1 4079.dat
0
0 FILE Part 1.ldr
0 Part 1
0 Name: Part 1.ldr
0 Author: R Paluczak
0 Unofficial Model
0 ROTATION CENTER 0 0 0 1 "Custom" 
0 ROTATION CONFIG 0 0
1 71 -20 -12 0 0 0 -1 0 1 0 1 0 0 40344.dat
1 4 -20 -44 100 0 0 -1 0 1 0 1 0 0 3032.dat
1 4 -20 -44 -100 0 0 -1 0 1 0 1 0 0 3032.dat
1 4 -20 -100 -80 0 0 -1 0 1 0 1 0 0 3031.dat
1 320 10 -108 -80 0 0 -1 0 1 0 1 0 0 3710.dat
1 320 -50 -108 -80 0 0 -1 0 1 0 1 0 0 3710.dat
1 0 -20 -108 -100 0 0 -1 0 1 0 1 0 0 3068b.dat
1 4 -20 -100 80 0 0 1 0 1 0 -1 0 0 3031.dat
1 320 -50 -108 80 0 0 1 0 1 0 -1 0 0 3710.dat
1 320 10 -108 80 0 0 1 0 1 0 -1 0 0 3710.dat
1 0 -20 -108 100 0 0 1 0 1 0 -1 0 0 3068b.dat
1 71 -20 -36 100 0 0 -1 0 1 0 1 0 0 2456.dat
1 71 -20 -36 -100 0 0 -1 0 1 0 1 0 0 2456.dat
1 71 -20 12 0 0 0 -1 0 1 0 1 0 0 4282.dat
1 71 0 -12 130 1 0 0 0 1 0 0 0 1 30365.dat
1 71 -40 -12 130 -1 0 0 0 1 0 0 0 -1 30365.dat
1 71 0 -12 150 1 0 0 0 1 0 0 0 1 30365.dat
1 71 -40 -12 150 -1 0 0 0 1 0 0 0 -1 30365.dat
1 71 0 -12 -150 1 0 0 0 1 0 0 0 1 30365.dat
1 71 -40 -12 -150 -1 0 0 0 1 0 0 0 -1 30365.dat
1 71 0 -12 -130 1 0 0 0 1 0 0 0 1 30365.dat
1 71 -40 -12 -130 -1 0 0 0 1 0 0 0 -1 30365.dat
1 4 -20 -12 70 1 0 0 0 1 0 0 0 1 3895.dat
1 4 -20 -12 110 1 0 0 0 1 0 0 0 1 3895.dat
1 4 -20 -12 -70 1 0 0 0 1 0 0 0 1 3895.dat
1 15 -100 -20 70 1 0 0 0 1 0 0 0 1 3710.dat
1 15 60 -20 70 1 0 0 0 1 0 0 0 1 3710.dat
0 MLCAD BTG Group name
1 15 -194.631 88.766 100 0 0 1 0 -1 0 1 0 0 30503.dat
0 MLCAD BTG Group name
1 15 -194.63 88.766 -100.001 -1 0 0 0 -1 0 0 0 1 30503.dat
1 15 -100 -20 -70 1 0 0 0 1 0 0 0 1 3710.dat
1 15 60 -20 -70 1 0 0 0 1 0 0 0 1 3710.dat
1 4 -20 -12 -110 1 0 0 0 1 0 0 0 1 3895.dat
1 320 60 -36 -110 1 0 0 0 1 0 0 0 1 3009.dat
1 71 80 -44 -110 1 0 0 0 1 0 0 0 1 2431.dat
1 320 60 -36 110 1 0 0 0 1 0 0 0 1 3009.dat
1 71 80 -44 110 1 0 0 0 1 0 0 0 1 2431.dat
1 320 -100 -36 110 -1 0 0 0 1 0 0 0 -1 3009.dat
1 71 -120 -44 110 -1 0 0 0 1 0 0 0 -1 2431.dat
1 320 -100 -36 -110 -1 0 0 0 1 0 0 0 -1 3009.dat
1 320 -20 -68 -110 -1 0 0 0 1 0 0 0 -1 3009.dat
1 320 -20 -68 90 -1 0 0 0 1 0 0 0 -1 3009.dat
1 320 -50 -68 0 0 0 1 0 1 0 -1 0 0 3009.dat
1 320 10 -68 0 0 0 1 0 1 0 -1 0 0 3009.dat
1 71 10 -92 0 0 0 1 0 1 0 -1 0 0 3703.dat
1 71 -50 -92 0 0 0 1 0 1 0 -1 0 0 3703.dat
1 71 10 -132 0 0 0 1 0 1 0 -1 0 0 3703.dat
1 15 10 -140 -60 0 0 1 0 1 0 -1 0 0 3460.dat
1 0 10 -172 -20 0 0 1 0 1 0 -1 0 0 6191.dat
1 0 -50 -172 -20 0 0 -1 0 1 0 1 0 0 6191.dat
1 0 -20 -172 -70 -1 0 0 0 1 0 0 0 -1 6191.dat
1 15 -50 -140 -60 0 0 1 0 1 0 -1 0 0 3460.dat
1 71 -50 -132 0 0 0 1 0 1 0 -1 0 0 3703.dat
1 71 -119.998 -44 -110 -1 0 0 0 1 0 0 0 -1 2431.dat
1 0 -40 -1.9 60 0 0 -1 0 1 0 1 0 0 2780.dat
1 0 0 -1.9 60 0 0 -1 0 1 0 1 0 0 2780.dat
1 0 -40 -1.9 -60 0 0 -1 0 1 0 1 0 0 2780.dat
1 0 -120 -1.9 -90 0 0 1 0 1 0 -1 0 0 6558.dat
1 0 80 -1.9 -90 0 -0.707107 0.707107 0 0.707107 0.707107 -1 0 0 6558.dat
1 0 80 -1.9 90 0 0 -1 0 1 0 1 0 0 6558.dat
1 0 -120 -1.9 90 0 0 -1 0 1 0 1 0 0 6558.dat
0 MLCAD BTG Group name
1 71 -174.632 80.77 -70 -1 0 0 0 -1 0 0 0 1 32529.dat
0 MLCAD BTG Group name
1 71 -174.632 80.77 -110 -1 0 0 0 -1 0 0 0 1 32529.dat
0 MLCAD BTG Group name
1 71 -174.632 80.77 110 -1 0 0 0 -1 0 0 0 1 32529.dat
0 MLCAD BTG Group name
1 71 -174.632 80.77 70 -1 0 0 0 -1 0 0 0 1 32529.dat
0 MLCAD BTG Group name
1 72 -132.276 12.171 90.001 0.707107 0 0.707107 0.707107 0 -0.707107 0 1 0 32524.dat
0 MLCAD BTG Group name
1 0 -174.631 54.669 90 0 0 1 0 -1 0 1 0 0 6558.dat
0 MLCAD BTG Group name
1 72 -132.276 12.171 -89.998 0.707107 0 0.707107 0.707107 0 -0.707107 0 1 0 32524.dat
1 72 30 -62 20 0 -1 0 0 0 -1 1 0 0 32524.dat
1 72 -70 -62 20 0 -1 0 0 0 -1 1 0 0 32524.dat
1 72 30 -62 -20 0 -1 0 0 0 -1 1 0 0 32524.dat
1 72 -70 -62 -20 0 -1 0 0 0 -1 1 0 0 32524.dat
0 MLCAD BTG Group name
1 0 -174.633 54.669 -90.002 0 0.707107 -0.707107 0 0.707107 0.707107 1 0 0 6558.dat
0 GROUP 10 Group name
1 15 156.569 88.766 -100 0 0 -1 0 -1 0 -1 0 0 30503.dat
1 15 156.568 88.766 100.003 1 0 0 0 -1 0 0 0 -1 30503.dat
1 71 136.57 80.77 70.001 1 0 0 0 -1 0 0 0 -1 32529.dat
1 71 136.568 80.77 109.998 1 0 0 0 -1 0 0 0 -1 32529.dat
1 71 136.572 80.77 -110 1 0 0 0 -1 0 0 0 -1 32529.dat
1 71 136.569 80.77 -70 1 0 0 0 -1 0 0 0 -1 32529.dat
1 72 94.214 12.171 -90.001 -0.707107 0 -0.707107 0.707107 0 -0.707107 0 -1 0 32524.dat
1 0 136.567 54.669 -89.999 0 0 -1 0 -1 0 -1 0 0 6558.dat
1 0 51.9 -30.3 -80.099 0 0 -1 0 -1 0 -1 0 0 6628.dat
1 0 51.9 -30.3 79.901 0 0 1 0 -1 0 1 0 0 6628.dat
1 0 -89.8 -30.3 -80.099 0 0 -1 0 -1 0 -1 0 0 6628.dat
1 0 -89.8 -30.3 79.901 0 0 1 0 -1 0 1 0 0 6628.dat
1 72 94.214 12.171 89.996 -0.707107 0 -0.707107 0.707107 0 -0.707107 0 -1 0 32524.dat
1 0 136.569 54.669 90.002 0 -0.707107 0.707107 0 0.707107 0.707107 -1 0 0 6558.dat
1 0 0 -1.9 -60 0 0 -1 0 1 0 1 0 0 2780.dat
1 0 -60 -1.9 -20 -1 0 0 0 1 0 0 0 -1 2780.dat
1 0 -60 -1.9 20 -1 0 0 0 1 0 0 0 -1 2780.dat
1 0 20 -1.9 -20 -1 0 0 0 1 0 0 0 -1 2780.dat
1 0 20 -1.9 20 -1 0 0 0 1 0 0 0 -1 2780.dat
1 0 -60 -81.9 -20 -1 0 0 0 1 0 0 0 -1 2780.dat
1 0 -60 -81.9 20 -1 0 0 0 1 0 0 0 -1 2780.dat
1 0 20 -81.9 -20 -1 0 0 0 1 0 0 0 -1 2780.dat
1 0 20 -81.9 20 -1 0 0 0 1 0 0 0 -1 2780.dat
1 0 -60 -121.9 -20 -1 0 0 0 1 0 0 0 -1 2780.dat
1 0 -60 -121.9 20 -1 0 0 0 1 0 0 0 -1 2780.dat
1 0 20 -121.9 -20 -1 0 0 0 1 0 0 0 -1 2780.dat
1 0 20 -121.9 20 -1 0 0 0 1 0 0 0 -1 2780.dat
0
0 FILE Lower Panel Right.ldr
0 Lower Panel Right
0 Name: Lower Panel Right.ldr
0 Author: R Paluczak
0 Unofficial Model
0 ROTATION CENTER 0 0 0 1 "Custom" 
0 ROTATION CONFIG 0 0
1 15 -190 16 0 -1 0 0 0 1 0 0 0 -1 50305.dat
1 15 -40 16 60 -1 0 0 0 1 0 0 0 -1 2445.dat
1 4 -40 16 -20 -1 0 0 0 1 0 0 0 -1 3958.dat
1 15 -40 24 40 -1 0 0 0 1 0 0 0 -1 3795.dat
1 71 110 48 -40 -1 0 0 0 1 0 0 0 -1 3021.dat
1 71 -180 48 -30 0 0 1 0 1 0 -1 0 0 3021.dat
1 4 -140 24 60 -1 0 0 0 1 0 0 0 -1 3020.dat
1 15 100 16 0 0 0 1 0 1 0 -1 0 0 3034.dat
1 4 -120 8 50 -1 0 0 0 1 0 0 0 -1 6636.dat
1 4 80 8 50 -1 0 0 0 1 0 0 0 -1 6636.dat
1 320 -40 8 40 -1 0 0 0 1 0 0 0 -1 3068b.dat
1 320 0 8 40 -1 0 0 0 1 0 0 0 -1 3068b.dat
1 320 120 8 -20 -1 0 0 0 1 0 0 0 -1 3068b.dat
1 320 -180 24 -10 -1 0 0 0 1 0 0 0 -1 3660.dat
1 320 130 24 -40 0 0 -1 0 1 0 1 0 0 3660.dat
1 19 -190 24 -40 0 0 1 0 1 0 -1 0 0 30364.dat
1 19 -170 24 -40 0 0 1 0 1 0 -1 0 0 30364.dat
1 19 90 24 -40 0 0 1 0 1 0 -1 0 0 30364.dat
1 19 110 24 -40 0 0 1 0 1 0 -1 0 0 30364.dat
1 4 200 16 0 0 0 -1 0 1 0 1 0 0 30504.dat
0
0 FILE Qui-Gon Jin.ldr
0 Qui-Gon Jin
0 Name: Qui-Gon Jin.ldr
0 Author: R Paluczak
0 Unofficial Model
0 ROTATION CENTER 0 0 0 1 "Custom" 
0 ROTATION CONFIG 0 0
1 70 0 -26 0 1 0 0 0 1 0 0 0 1 30381.dat
1 78 0 -26 0 1 0 0 0 1 0 0 0 1 3626bps9.dat
1 70 0 -2 0 1 0 0 0 1 0 0 0 1 522.dat
1 19 0 0 0 1 0 0 0 1 0 0 0 1 973pr3.dat
1 19 0 32 0 1 0 0 0 1 0 0 0 1 3815.dat
1 19 -15.552 9 0 0.985 -0.17 0 0.17 0.985 0 0 0 1 3818.dat
1 19 15.552 9 0 0.985 0.17 0 -0.17 0.985 0 0 0 1 3819.dat
1 78 -23.8634 26.5956 -10.321 0.985 -0.12019 0.12019 0.17 0.696395 -0.696395 0 0.707 0.707 3820.dat
1 78 23.8634 26.5956 -10.321 0.985 0.12019 -0.12019 -0.17 0.696395 -0.696395 0 0.707 0.707 3820.dat
1 42 -23.1951 22.7236 -33.8217 0.985 -0.0874983 0.14567 0.17 0.506976 -0.844031 0 0.856884 0.514696 577c01.dat
1 19 0 44 0 1 0 0 0 1 0 0 0 1 3816.dat
1 19 0 44 0 1 0 0 0 1 0 0 0 1 3817.dat
0
0 FILE Obi-Wan Kenobi.ldr
0 Obi-Wan Kenobi
0 Name: Obi-Wan Kenobi.ldr
0 Author: R Paluczak
0 Unofficial Model
0 ROTATION CENTER 0 0 0 1 "Custom" 
0 ROTATION CONFIG 0 0
1 70 0 -26 0 1 0 0 0 1 0 0 0 1 30381.dat
1 78 0 -26 0 1 0 0 0 1 0 0 0 1 3626bps2.dat
1 70 0 -2 0 1 0 0 0 1 0 0 0 1 522.dat
1 19 0 0 0 1 0 0 0 1 0 0 0 1 973pr4.dat
1 19 0 32 0 1 0 0 0 1 0 0 0 1 3815.dat
1 19 -15.552 9 0 0.985 -0.17 0 0.17 0.985 0 0 0 1 3818.dat
1 19 15.552 9 0 0.985 0.17 0 -0.17 0.985 0 0 0 1 3819.dat
1 78 -23.8634 26.5956 -10.321 0.985 -0.12019 0.12019 0.17 0.696395 -0.696395 0 0.707 0.707 3820.dat
1 78 23.8634 26.5956 -10.321 0.985 0.12019 -0.12019 -0.17 0.696395 -0.696395 0 0.707 0.707 3820.dat
1 42 -23.1951 22.7236 -33.8217 0.985 -0.0874983 0.14567 0.17 0.506976 -0.844031 0 0.856884 0.514696 577c01.dat
1 19 0 44 0 1 0 0 0 1 0 0 0 1 3816.dat
1 19 0 44 0 1 0 0 0 1 0 0 0 1 3817.dat
0
0 FILE Pilot.ldr
0 Pilot
0 Name: Pilot.ldr
0 Author: R Paluczak
0 Unofficial Model
0 ROTATION CENTER 0 0 0 1 "Custom" 
0 ROTATION CONFIG 0 0
1 1 0 -24 0 1 0 0 0 1 0 0 0 1 3624.dat
1 78 0 -24 0 1 0 0 0 1 0 0 0 1 3626bp01.dat
1 1 0 0 0 1 0 0 0 1 0 0 0 1 973.dat
1 272 0 32 0 1 0 0 0 1 0 0 0 1 3815.dat
1 1 -15.552 9 0 0.985 -0.17 0 0.17 0.985 0 0 0 1 3818.dat
1 1 15.552 9 0 0.985 0.17 0 -0.17 0.985 0 0 0 1 3819.dat
1 78 -23.8634 26.5956 -10.321 0.985 -0.12019 0.12019 0.17 0.696395 -0.696395 0 0.707 0.707 3820.dat
1 78 23.8634 26.5956 -10.321 0.985 0.12019 -0.12019 -0.17 0.696395 -0.696395 0 0.707 0.707 3820.dat
1 272 0 44 0 1 0 0 0 1 0 0 0 1 3816.dat
1 272 0 44 0 1 0 0 0 1 0 0 0 1 3817.dat
0
0 FILE Captain.ldr
0 Captain
0 Name: Captain.ldr
0 Author: R Paluczak
0 Unofficial Model
0 ROTATION CENTER 0 0 0 1 "Custom" 
0 ROTATION CONFIG 0 0
1 0 0 -24 0 1 0 0 0 1 0 0 0 1 3901.dat
1 78 0 -24 0 1 0 0 0 1 0 0 0 1 3626bp01.dat
1 1 0 0 0 1 0 0 0 1 0 0 0 1 973.dat
1 272 0 32 0 1 0 0 0 1 0 0 0 1 3815.dat
1 1 -15.552 9 0 0.985 -0.17 0 0.17 0.985 0 0 0 1 3818.dat
1 1 15.552 9 0 0.985 0.17 0 -0.17 0.985 0 0 0 1 3819.dat
1 78 -23.8634 26.5956 -10.321 0.985 -0.12019 0.12019 0.17 0.696395 -0.696395 0 0.707 0.707 3820.dat
1 78 23.8634 26.5956 -10.321 0.985 0.12019 -0.12019 -0.17 0.696395 -0.696395 0 0.707 0.707 3820.dat
1 272 0 44 0 1 0 0 0 1 0 0 0 1 3816.dat
1 272 0 44 0 1 0 0 0 1 0 0 0 1 3817.dat
0
0 FILE R2-R7.ldr
0 R2-R7
0 Name: R2-R7.ldr
0 Author: R Paluczak
0 Unofficial Model
0 ROTATION CENTER 0 0 0 1 "Custom" 
0 ROTATION CONFIG 0 0
1 15 -40 -78.1 0 1 0 0 0 1 0 0 0 1 30367bps7.dat
1 15 -40 -44 0 1 0 0 0 1 0 0 0 1 30361dps4.dat
1 15 -60.2 -44 0 0 0 -1 0 1 0 1 0 0 30362.dat
1 15 -20 -44 0 0 0 1 0 1 0 -1 0 0 30362.dat
0
0 FILE Lower Plate Left.ldr
0 Lower Plate Left
0 Name: Lower Plate Left.ldr
0 Author: R Paluczak
0 Unofficial Model
0 ROTATION CENTER 0 0 0 1 "Custom" 
0 ROTATION CONFIG 0 0
1 15 710 16 0 -1 0 0 0 1 0 0 0 -1 50304.dat
1 15 560 16 60 -1 0 0 0 1 0 0 0 -1 2445.dat
1 4 560 16 -20 -1 0 0 0 1 0 0 0 -1 3958.dat
1 15 560 24 40 -1 0 0 0 1 0 0 0 -1 3795.dat
1 71 410 48 -40 -1 0 0 0 1 0 0 0 -1 3021.dat
1 71 700 48 -30 0 0 1 0 1 0 -1 0 0 3021.dat
1 4 660 24 60 -1 0 0 0 1 0 0 0 -1 3020.dat
1 15 420 16 0 0 0 1 0 1 0 -1 0 0 3034.dat
1 4 640 8 50 -1 0 0 0 1 0 0 0 -1 6636.dat
1 4 440 8 50 -1 0 0 0 1 0 0 0 -1 6636.dat
1 320 520 8 40 -1 0 0 0 1 0 0 0 -1 3068b.dat
1 320 560 8 40 -1 0 0 0 1 0 0 0 -1 3068b.dat
1 320 400 8 -20 -1 0 0 0 1 0 0 0 -1 3068b.dat
1 320 700 24 -10 -1 0 0 0 1 0 0 0 -1 3660.dat
1 320 390 24 -40 0 0 1 0 1 0 -1 0 0 3660.dat
1 19 690 24 -40 0 0 1 0 1 0 -1 0 0 30364.dat
1 19 710 24 -40 0 0 1 0 1 0 -1 0 0 30364.dat
1 19 410 24 -40 0 0 1 0 1 0 -1 0 0 30364.dat
1 19 430 24 -40 0 0 1 0 1 0 -1 0 0 30364.dat
1 4 320 16 0 -1 0 0 0 1 0 0 0 -1 30504.dat
0
0 FILE Forward Hull.ldr
0 Forward Hull
0 Name: Forward Hull.ldr
0 Author: R Paluczak
0 Unofficial Model
0 ROTATION CENTER -60.0437 0 40.0169 1 "Custom" 
0 ROTATION CONFIG 0 0
1 4 -40 4 0 1 0 0 0 1 0 0 0 1 3031.dat
1 4 -140 -68 0 1 0 0 0 1 0 0 0 1 3029.dat
1 4 -270 -76 -50 0 0 1 0 1 0 -1 0 0 Cockpit.ldr
1 4 -200 -124 0 1 0 0 0 1 0 0 0 1 3032.dat
1 320 -210 -132 0 0 0 -1 0 1 0 1 0 0 3794b.dat
1 0 -210 -140 0 0 0 -1 0 1 0 1 0 0 6141.dat
1 15 -270 -134.3 -6 0 60 0 0 0 2 2 0 0 LS11.dat
1 15 -270 -134.3 -6 -0.1696 -1.3508 0 0 0 2 -1.9928 0.115 0 LS11.dat
1 15 -271.014 -134.3 -5.9137 -0.504 -1.3119 0 0 0 2 -1.9355 0.3416 0 LS11.dat
1 15 -271.999 -134.3 -5.6573 -0.8238 -1.2353 0 0 0 2 -1.8225 0.5584 0 LS11.dat
1 15 -272.926 -134.3 -5.2381 -1.1199 -1.1232 0 0 0 2 -1.657 0.7591 0 LS11.dat
1 15 -273.769 -134.3 -4.6682 -1.3839 -0.9787 0 0 0 2 -1.4439 0.938 0 LS11.dat
1 15 -274.504 -134.3 -3.964 -1.608 -0.8061 0 0 0 2 -1.1893 1.09 0 LS11.dat
1 15 -275.109 -134.3 -3.1458 -1.7859 -0.6103 0 0 0 2 -0.9004 1.2105 0 LS11.dat
1 15 -275.567 -134.3 -2.2371 -1.9123 -0.397 0 0 0 2 -0.5856 1.2962 0 LS11.dat
1 15 -275.865 -134.3 -1.2641 -1.9838 -0.1722 0 0 0 2 -0.254 1.3447 0 LS11.dat
1 15 -275.995 -134.3 -0.2546 -1.9982 0.0575 0 0 0 2 0.0849 1.3545 0 LS11.dat
1 15 -275.951 -134.3 0.7621 -1.9551 0.2856 0 0 0 2 0.4214 1.3252 0 LS11.dat
1 15 -275.737 -134.3 1.7569 -1.8558 0.5055 0 0 0 2 0.7457 1.2579 0 LS11.dat
1 15 -275.358 -134.3 2.7012 -1.7031 0.7108 0 0 0 2 1.0486 1.1544 0 LS11.dat
1 15 -274.824 -134.3 3.5678 -1.5013 0.8957 0 0 0 2 1.3213 1.0177 0 LS11.dat
1 15 -274.152 -134.3 4.3317 -1.2564 1.0548 0 0 0 2 1.5561 0.8517 0 LS11.dat
1 15 -273.36 -134.3 4.9711 -0.9754 1.1835 0 0 0 2 1.746 0.6612 0 LS11.dat
1 15 -272.471 -134.3 5.4674 -0.6663 1.2782 0 0 0 2 1.8858 0.4516 0 LS11.dat
1 15 -271.512 -134.3 5.8064 -0.338 1.3362 0 0 0 2 1.9712 0.2291 0 LS11.dat
1 15 -270.509 -134.3 5.9784 0 2.7077 0 0 0 2 2 0 0 LS11.dat
1 15 -210 -134.3 6 0 -60 0 0 0 2 -2 0 0 LS11.dat
1 15 -210 -134.3 6 0.1696 1.3508 0 0 0 2 1.9928 -0.115 0 LS11.dat
1 15 -208.986 -134.3 5.9137 0.504 1.3119 0 0 0 2 1.9355 -0.3416 0 LS11.dat
1 15 -208.001 -134.3 5.6573 0.8238 1.2353 0 0 0 2 1.8225 -0.5584 0 LS11.dat
1 15 -207.074 -134.3 5.2381 1.1199 1.1232 0 0 0 2 1.657 -0.7591 0 LS11.dat
1 15 -206.231 -134.3 4.6682 1.3839 0.9787 0 0 0 2 1.4439 -0.938 0 LS11.dat
1 15 -205.496 -134.3 3.964 1.608 0.8061 0 0 0 2 1.1893 -1.09 0 LS11.dat
1 15 -204.891 -134.3 3.1458 1.7859 0.6103 0 0 0 2 0.9004 -1.2105 0 LS11.dat
1 15 -204.433 -134.3 2.2371 1.9123 0.397 0 0 0 2 0.5856 -1.2962 0 LS11.dat
1 15 -204.135 -134.3 1.2641 1.9838 0.1722 0 0 0 2 0.254 -1.3447 0 LS11.dat
1 15 -204.005 -134.3 0.2546 1.9982 -0.0575 0 0 0 2 -0.0849 -1.3545 0 LS11.dat
1 15 -204.049 -134.3 -0.7621 1.9551 -0.2856 0 0 0 2 -0.4214 -1.3252 0 LS11.dat
1 15 -204.263 -134.3 -1.7569 1.8558 -0.5055 0 0 0 2 -0.7457 -1.2579 0 LS11.dat
1 15 -204.643 -134.3 -2.7012 1.7031 -0.7108 0 0 0 2 -1.0486 -1.1544 0 LS11.dat
1 15 -205.176 -134.3 -3.5678 1.5013 -0.8957 0 0 0 2 -1.3213 -1.0177 0 LS11.dat
1 15 -205.848 -134.3 -4.3317 1.2564 -1.0548 0 0 0 2 -1.5561 -0.8517 0 LS11.dat
1 15 -206.64 -134.3 -4.9711 0.9754 -1.1835 0 0 0 2 -1.746 -0.6612 0 LS11.dat
1 15 -207.529 -134.3 -5.4674 0.6663 -1.2782 0 0 0 2 -1.8858 -0.4516 0 LS11.dat
1 15 -208.488 -134.3 -5.8064 0.338 -1.3362 0 0 0 2 -1.9712 -0.2291 0 LS11.dat
1 15 -209.491 -134.3 -5.9784 0 -2.7077 0 0 0 2 -2 0 0 LS11.dat
1 4 -80 -28 0 0 0 -1 0 1 0 1 0 0 3020.dat
1 4 -80 -36 0 0 0 -1 0 1 0 1 0 0 3020.dat
1 4 103.846 0 169.394 0.819152 0 0.573576 0 1 0 -0.573576 0 0.819152 Insert Right.ldr
1 320 -60 -4 30 1 0 0 0 1 0 0 0 1 3666.dat
1 320 -60 -12 30 1 0 0 0 1 0 0 0 1 3666.dat
1 4 -110 -36 30 0 0 1 0 1 0 -1 0 0 4287.dat
1 4 -140 -60 30 0 0 1 0 1 0 -1 0 0 42023.dat
1 4 -140 -60 -30 0 0 1 0 1 0 -1 0 0 42023.dat
1 4 -110 -36 -30 0 0 1 0 1 0 -1 0 0 4287.dat
1 320 -60 -4 -30 1 0 0 0 1 0 0 0 1 3666.dat
1 320 -60 -12 -30 1 0 0 0 1 0 0 0 1 3666.dat
1 70 -10 -36 -30 1 0 0 0 1 0 0 0 1 3062b.dat
1 70 -10 -36 30 1 0 0 0 1 0 0 0 1 3062b.dat
1 70 -130 -92 -30 1 0 0 0 1 0 0 0 1 3062b.dat
1 70 -130 -92 30 1 0 0 0 1 0 0 0 1 3062b.dat
1 320 -60 -60 30 1 0 0 0 1 0 0 0 1 3009.dat
1 320 -60 -60 -30 1 0 0 0 1 0 0 0 1 3009.dat
1 320 -60 -92 30 1 0 0 0 1 0 0 0 1 3009.dat
1 320 -60 -92 -30 1 0 0 0 1 0 0 0 1 3009.dat
1 4 -220 -92 30 1 0 0 0 1 0 0 0 1 3010.dat
1 4 -220 -92 -30 1 0 0 0 1 0 0 0 1 3010.dat
1 4 -10 -116 0 0 0 -1 0 1 0 1 0 0 3010.dat
1 4 -40 -116 -30 1 0 0 0 1 0 0 0 1 2877.dat
1 4 -40 -116 30 -1 0 0 0 1 0 0 0 -1 2877.dat
1 4 -240 -116 -30 1 0 0 0 1 0 0 0 1 2877.dat
1 4 -240 -116 30 -1 0 0 0 1 0 0 0 -1 2877.dat
1 4 -140 -116 -30 -1 0 0 0 1 0 0 0 -1 3008.dat
1 15 -100 -140 -30 0 0 -1 0 1 0 1 0 0 42022.dat
1 15 -100 -140 30 0 0 -1 0 1 0 1 0 0 42022.dat
1 4 -140 -116 30 -1 0 0 0 1 0 0 0 -1 3008.dat
1 4 -160 -92 0 0 0 -1 0 1 0 1 0 0 3001.dat
1 15 -140 -148 0 0 0 -1 0 1 0 1 0 0 3001.dat
1 320 -250 -148 0 0 0 -1 0 1 0 1 0 0 3659.dat
1 4 -200 -148 30 -1 0 0 0 1 0 0 0 -1 3010.dat
1 4 -200 -148 -30 -1 0 0 0 1 0 0 0 -1 3010.dat
1 4 -240 -172 0 0 0 -1 0 1 0 1 0 0 43712.dat
1 4 -210 -116 0 0 0 -1 0 1 0 1 0 0 3700.dat
1 4 -250 -116 0 0 0 -1 0 1 0 1 0 0 3700.dat
1 71 -250 -92 0 0 0 -1 0 1 0 1 0 0 32000.dat
1 71 -250 -82 10 1 0 0 0 1 0 0 0 1 44294.dat
1 0 -250 -106 0 1 0 0 0 1 0 0 0 1 3707.dat
1 4 -150 -106 0 1 0 0 0 1 0 0 0 1 32062.dat
1 19 -170 -106 0 0 0 -1 0 1 0 1 0 0 6538b.dat
1 19 -130 -106 0 0 0 -1 0 1 0 1 0 0 6538b.dat
1 71 -250 -82 -10 1 0 0 0 1 0 0 0 1 44294.dat
1 14 -195 -82 10 0 0 1 0 1 0 -1 0 0 32123b.dat
1 14 -195 -106 0 0 0 1 0 1 0 -1 0 0 32123b.dat
1 14 -185 -82 10 0 0 1 0 1 0 -1 0 0 32123b.dat
1 14 -195 -82 -10 0 0 1 0 1 0 -1 0 0 32123b.dat
1 14 -185 -82 -10 0 0 1 0 1 0 -1 0 0 32123b.dat
1 71 -210 -92 0 0 0 -1 0 1 0 1 0 0 32000.dat
1 320 -10 -68 0 0 0 -1 0 1 0 1 0 0 3710.dat
1 320 -250 -60 0 0 0 -1 0 1 0 1 0 0 3710.dat
1 320 -130 -124 0 0 0 -1 0 1 0 1 0 0 3710.dat
1 0 -20 -60 -10 1 0 0 0 1 0 0 0 1 2730.dat
1 0 -20 -60 10 1 0 0 0 1 0 0 0 1 2730.dat
1 72 -60 -20 -40 1 0 0 0 1 0 0 0 1 2429.dat
1 72 -60 -20 40 -1 0 0 0 1 0 0 0 -1 2430.dat
1 71 -40 -20 10 1 0 0 0 1 0 0 0 1 3702.dat
1 14 20 -28 0 1 0 0 0 1 0 0 0 1 3022.dat
1 14 20 -36 0 1 0 0 0 1 0 0 0 1 3022.dat
1 71 -40 -20 -10 1 0 0 0 1 0 0 0 1 3702.dat
1 71 -33.786 0 27.17 0.819152 0 -0.573576 0 1 0 0.573576 0 0.819152 Insert Left.ldr
0
0 FILE Insert Left.ldr
0 Insert Left
0 Name: Insert Left.ldr
0 Author: R Paluczak
0 Unofficial Model
0 ROTATION CENTER 0 0 0 1 "Custom" 
0 ROTATION CONFIG 0 0
1 4 -50 -28 -70 0 0 -1 0 1 0 1 0 0 3623.dat
1 320 -32 -32 -80 0 -1 0 1 0 0 0 0 1 3068b.dat
1 72 -60 -20 -40 0 0 1 0 1 0 -1 0 0 2430.dat
1 0 -50 -20 -89.999 0 0 1 0 1 0 -1 0 0 6141.dat
1 0 -50 -12 -80 0 0 1 0 1 0 -1 0 0 52107.dat
1 0 -50 -52 -80 0 0 1 0 1 0 -1 0 0 52107.dat
1 71 -60 -2.001 -120 0 1 0 -1 0 0 0 0 1 3021.dat
1 320 -67.999 -2 -120 0 1 0 0 0 1 1 0 0 3666.dat
1 72 -68.001 -41.999 -120 0 1 0 -1 0 0 0 0 1 54384.dat
1 72 -68 37.999 -120.001 0 1 0 -1 0 0 0 0 1 54383.dat
1 0 -76 -12 -90 0 1 0 -1 0 0 0 0 1 30244.dat
1 0 -76 -12 -150 0 1 0 -1 0 0 0 0 1 30244.dat
1 71 -76 8.001 -120.001 0 1 0 0 0 1 1 0 0 4150ps4.dat
0
0 FILE Insert Right.ldr
0 Insert Right
0 Name: Insert Right.ldr
0 Author: R Paluczak
0 Unofficial Model
0 ROTATION CENTER 0 0 0 1 "Custom" 
0 ROTATION CONFIG 0 0
1 71 -60 -2.001 -120 0 1 0 -1 0 0 0 0 1 3021.dat
1 320 -67.999 -2 -120 0 1 0 0 0 1 1 0 0 3666.dat
1 72 -68.001 38.001 -120 0 1 0 1 0 0 0 0 -1 54384.dat
1 72 -68 -41.997 -120.001 0 1 0 1 0 0 0 0 -1 54383.dat
1 0 -76 -12 -90 0 1 0 -1 0 0 0 0 1 30244.dat
1 0 -76 -12 -150 0 1 0 -1 0 0 0 0 1 30244.dat
1 71 -76 8.001 -120.001 0 1 0 0 0 1 1 0 0 4150ps4.dat
1 4 -50 -28 -170 0 0 -1 0 1 0 1 0 0 3623.dat
1 72 -60 -20 -200 0 0 1 0 1 0 -1 0 0 2429.dat
1 0 -50 -20 -150 0 0 1 0 1 0 -1 0 0 6141.dat
1 0 -50 -12 -160 0 0 1 0 1 0 -1 0 0 52107.dat
1 0 -50 -52 -160 0 0 1 0 1 0 -1 0 0 52107.dat
1 320 -32 -32 -160 0 -1 0 1 0 0 0 0 1 3068b.dat
0
0 FILE Cockpit.ldr
0 Cockpit
0 Name: Cockpit.ldr
0 Author: R Paluczak
0 Unofficial Model
0 ROTATION CENTER 0 0 0 1 "Custom" 
0 ROTATION CONFIG 0 0
1 320 -50 8 0 1 0 0 0 1 0 0 0 1 3710.dat
1 320 -50 -80 0 1 0 0 0 1 0 0 0 1 3710.dat
1 0 -50 -80 -20 1 0 0 0 1 0 0 0 1 48336.dat
1 71 -50 -16 0 1 0 0 0 1 0 0 0 1 32000.dat
1 14 -50 -40 0 1 0 0 0 1 0 0 0 1 32064b.dat
1 71 -50 -16 -40 1 0 0 0 1 0 0 0 1 32000.dat
1 71 -50 0 -180 1 0 0 0 1 0 0 0 1 3023.dat
1 71 -20 -80 -30 0 0 -1 0 1 0 1 0 0 3023.dat
1 71 -80 -80 -30 0 0 -1 0 1 0 1 0 0 3023.dat
1 25 -80 -80 -70 0 0 -1 0 1 0 1 0 0 3069b.dat
1 25 -20 -80 -70 0 0 -1 0 1 0 1 0 0 3069b.dat
1 320 -50 -56 0 1 0 0 0 1 0 0 0 1 3794b.dat
1 320 -80 -72 -20 1 0 0 0 1 0 0 0 1 2357.dat
1 320 -50 -88 -10 1 0 0 0 1 0 0 0 1 3068b.dat
1 320 -20 -72 -20 0 0 -1 0 1 0 1 0 0 2357.dat
1 0 -50 -64 0 1 0 0 0 1 0 0 0 1 6141.dat
1 0 -50 0 -160 1 0 0 0 1 0 0 0 1 30244.dat
1 0 -50 0 -130 1 0 0 0 1 0 0 0 1 3068b.dat
1 4 -50 -16 -100 -1 0 0 0 1 0 0 0 -1 3039.dat
1 4 -50 -40 -30 -1 0 0 0 1 0 0 0 -1 3003.dat
1 0 -20 -24 -10 0 0 1 0 1 0 -1 0 0 2877.dat
1 0 -20 -48 -10 0 0 1 0 1 0 -1 0 0 2877.dat
1 0 -80 -24 -10 0 0 -1 0 1 0 1 0 0 2877.dat
1 4 -20 16 -210 0 0 -1 0 1 0 1 0 0 2877.dat
1 4 -20 64 -210 0 0 -1 0 1 0 1 0 0 2877.dat
1 0 -50 -24 -180 -1 0 0 0 1 0 0 0 -1 52107.dat
1 0 -50 16 -180 -1 0 0 0 1 0 0 0 -1 52107.dat
1 71 -50 -32 -180 -1 0 0 0 1 0 0 0 -1 3069bps1.dat
1 0 -80 -48 -10 0 0 -1 0 1 0 1 0 0 2877.dat
1 71 -50 -48 -20 0 0 -1 0 1 0 1 0 0 3021.dat
1 320 -80 16 -30 0 0 -1 0 1 0 1 0 0 3710.dat
1 320 -20 16 -30 0 0 -1 0 1 0 1 0 0 3710.dat
1 320 -20 -16 -220 0 0 -1 0 1 0 1 0 0 3005.dat
1 320 -20 40 -220 0 0 -1 0 1 0 1 0 0 3005.dat
1 320 -80 -16 -220 0 0 -1 0 1 0 1 0 0 3005.dat
1 4 -50 8 -110 0 0 -1 0 1 0 1 0 0 3035.dat
1 4 -50 -40 -220 -1 0 0 0 1 0 0 0 -1 3010.dat
1 4 -80 8 -210 0 0 -1 0 1 0 1 0 0 3023.dat
1 4 -20 88 -210 0 0 -1 0 1 0 1 0 0 3023.dat
1 4 -20 40 -200 -1 0 0 0 1 0 0 0 -1 4287.dat
1 4 -20 16 -170 -1 0 0 0 1 0 0 0 -1 42023.dat
1 4 -80 16 -210 0 0 1 0 1 0 -1 0 0 2877.dat
1 4 -80 64 -210 0 0 1 0 1 0 -1 0 0 2877.dat
1 320 -80 40 -220 0 0 -1 0 1 0 1 0 0 3005.dat
1 4 -80 88 -210 0 0 -1 0 1 0 1 0 0 3023.dat
1 4 -80 40 -200 -1 0 0 0 1 0 0 0 -1 4287.dat
1 4 -80 16 -170 -1 0 0 0 1 0 0 0 -1 42023.dat
1 4 -20 8 -210 0 0 -1 0 1 0 1 0 0 3023.dat
1 4 -80 0 -20 0 0 -1 0 1 0 1 0 0 3623.dat
1 4 -20 0 -20 0 0 -1 0 1 0 1 0 0 3623.dat
1 4 -20 -72 -40 1 0 0 0 1 0 0 0 1 2449.dat
1 4 -80 -72 -40 1 0 0 0 1 0 0 0 1 2449.dat
1 15 -80 -64 -80 -1 0 0 0 1 0 0 0 -1 4460.dat
1 15 -20 -64 -80 -1 0 0 0 1 0 0 0 -1 4460.dat
1 15 -20 -16 -150 0 0 1 0 1 0 -1 0 0 3009.dat
1 15 -20 -24 -130 0 0 1 0 1 0 -1 0 0 3710.dat
1 40 -20 -48 -130 0 0 1 0 1 0 -1 0 0 30413.dat
1 40 -80 -48 -130 0 0 -1 0 1 0 1 0 0 30413.dat
1 15 -80 -24 -130 0 0 1 0 1 0 -1 0 0 3710.dat
1 15 -50 -56 -100 -1 0 0 0 1 0 0 0 -1 2432.dat
1 15 -80 -16 -150 0 0 1 0 1 0 -1 0 0 3009.dat
1 15 -80 -40 -190 0 0 1 0 1 0 -1 0 0 3004.dat
1 15 -20 -40 -190 0 0 1 0 1 0 -1 0 0 3004.dat
1 72 -20 8 -20 0 0 -1 0 1 0 1 0 0 4081b.dat
1 72 -80 8 -20 0 0 1 0 1 0 -1 0 0 4081b.dat
1 0 -80 -72 -80 0 0 1 0 1 0 -1 0 0 6141.dat
1 0 -20 -72 -80 0 0 1 0 1 0 -1 0 0 6141.dat
1 0 -20 -88 -10 0 0 1 0 1 0 -1 0 0 30244.dat
1 0 -80 -88 -10 0 0 1 0 1 0 -1 0 0 30244.dat
1 15 -20 -48 -190 0 0 1 0 1 0 -1 0 0 30244.dat
1 15 -50 36 -198.1 0 0 1 1 0 0 0 1 0 3795.dat
1 0 -30 -48 -220 1 0 0 0 1 0 0 0 1 30244.dat
1 0 -50 86 -206.1 1 0 0 0 0 -1 0 1 0 30244.dat
1 0 -40 16 -206.1 0 0 -1 -1 0 0 0 1 0 30244.dat
1 0 -60 5.999 -206.1 0 0 -1 -1 0 0 0 1 0 6141.dat
1 0 -60 26 -206.101 0 0 -1 -1 0 0 0 1 0 6141.dat
1 71 -50 55.999 -206.099 0 0 -1 -1 0 0 0 1 0 4032b.dat
1 0 -70 -48 -220 1 0 0 0 1 0 0 0 1 30244.dat
1 15 -80 -48 -190 0 0 1 0 1 0 -1 0 0 30244.dat
1 15 0 -80 -210 1 0 0 0 1 0 0 0 1 Cockpit Roof.ldr
0
0 FILE Cockpit Roof.ldr
0 Cockpit Roof
0 Name: Cockpit Roof.ldr
0 Author: R Paluczak
0 Unofficial Model
0 ROTATION CENTER 0 0 0 1 "Custom" 
0 ROTATION CONFIG 0 0
1 4 -50 0 0 1 0 0 0 1 0 0 0 1 3034.dat
1 0 -120 -8 -10 1 0 0 0 1 0 0 0 1 6141.dat
1 0 40 -6.1 -40 1 0 0 0 0 -1 0 1 0 30374.dat
1 0 -60 -8 -10 1 0 0 0 1 0 0 0 1 6141.dat
1 0 -40 -8 -10 1 0 0 0 1 0 0 0 1 6141.dat
1 72 20 -8 -10 0 0 -1 0 1 0 1 0 0 4081b.dat
1 320 40 -6 -22.1 0 0 -1 1 0 0 0 -1 0 4740.dat
1 71 20 -8 20 0 0 -1 0 1 0 1 0 0 3023.dat
