0 FILE TIE Bomber and Asteroid Field.ldr
0 TIE Bomber and Asteroid Field
0 Name: TIE Bomber and Asteroid Field.ldr
0 Author: LDraw
0 Unofficial Model
0 ROTATION CENTER 0 0 0 1 "Custom" 
0 ROTATION CONFIG 0 0
1 0 -120 16 30 0 0 1 0 1 0 -1 0 0 Part 5.ldr
1 0 150 -132 -20 0 0 1 0 1 0 -1 0 0 Planet.ldr
1 0 -90 -40 30 0 0 1 0 1 0 -1 0 0 Pilot.ldr
1 0 -80 -24 -160 -0.382683 0 0.92388 0 1 0 -0.92388 0 -0.382683 Part 1.ldr
0
0 FILE Pilot.ldr
0 Pilot
0 Name: Pilot.ldr
0 Author: LDraw
0 Unofficial Model
0 ROTATION CENTER 0 0 0 1 "Custom" 
0 ROTATION CONFIG 0 0
1 0 0 -24 0 1 0 0 0 1 0 0 0 1 87556.dat
1 0 0 -24 0 1 0 0 0 1 0 0 0 1 3626bp01.dat
1 0 0 0 0 1 0 0 0 1 0 0 0 1 973psk.dat
1 0 -25 36 -12 -0.149584 -0.0697521 0.986286 0.833398 0.527865 0.163728 -0.532046 0.846459 -0.0208288 92738.dat
1 0 0 32 0 1 0 0 0 1 0 0 0 1 3815.dat
1 0 -15.552 9 0 0.985 -0.17 0 0.17 0.985 0 0 0 1 3818.dat
1 0 15.552 9 0 0.985 0.17 0 -0.17 0.985 0 0 0 1 3819.dat
1 0 -23.8634 26.5956 -10.321 0.985 -0.12019 0.12019 0.17 0.696395 -0.696395 0 0.707 0.707 3820.dat
1 0 23.8634 26.5956 -10.321 0.985 0.12019 -0.12019 -0.17 0.696395 -0.696395 0 0.707 0.707 3820.dat
1 0 0 44 0 1 0 0 0 1 0 0 0 1 3816.dat
1 0 0 44 0 1 0 0 0 1 0 0 0 1 3817.dat
0
0 FILE Part 1.ldr
0 Part 1
0 Name: Part 1.ldr
0 Author: LDraw
0 Unofficial Model
0 ROTATION CENTER 0 0 0 1 "Custom" 
0 ROTATION CONFIG 0 0
1 28 -10 10 0 0 0 1 0 1 0 -1 0 0 6587.dat
1 71 -10 10 -19 1 0 0 0 1 0 0 0 1 32138.dat
1 71 20 0 -5 0 0 -1 -1 0 0 0 1 0 Part 2.ldr
1 71 -40 20 -5 0 0 1 1 0 0 0 1 0 Part 3.ldr
1 71 -10 10 20 1 0 0 0 1 0 0 0 1 3713.dat
1 71 -10 0 0 1 0 0 0 1 0 0 0 1 6541.dat
1 71 -10 -8 0 1 0 0 0 1 0 0 0 1 98138.dat
1 47 -10 24 0 1 0 0 0 1 0 0 0 1 4073.dat
1 71 -10 10 -38 1 0 0 0 0 -1 0 1 0 98138.dat
0
0 FILE Part 2.ldr
0 Part 2
0 Name: Part 2.ldr
0 Author: LDraw
0 Unofficial Model
0 ROTATION CENTER 0 0 0 1 "Custom" 
0 ROTATION CONFIG 0 0
1 71 -10 8 0 1 0 0 0 1 0 0 0 1 92947.dat
1 71 -10 64 0 -1 0 0 0 -1 0 0 0 1 98100.dat
1 71 -10 0 0 1 0 0 0 1 0 0 0 1 3022.dat
1 71 -10 40 0 0 0 1 0 -1 0 1 0 0 63082.dat
1 71 -10 -32 0 1 0 0 0 1 0 0 0 1 4032b.dat
1 71 -10 -16 -10 1 0 0 0 1 0 0 0 1 60471.dat
1 71 -10 -24 10 1 0 0 0 1 0 0 0 1 32000.dat
1 72 -10 -8 -10 1 0 0 0 1 0 0 0 1 3023.dat
1 71 -10 -24 -10 1 0 0 0 1 0 0 0 1 3023.dat
1 71 -10 36 0 0 1 0 -1 0 0 0 0 1 4519.dat
1 71 -10 6 -36 0 0 -1 1 0 0 0 -1 0 Part 4.ldr
0
0 FILE Part 3.ldr
0 Part 3
0 Name: Part 3.ldr
0 Author: LDraw
0 Unofficial Model
0 ROTATION CENTER 0 0 0 1 "Custom" 
0 ROTATION CONFIG 0 0
1 71 -10 8 0 1 0 0 0 1 0 0 0 1 92947.dat
1 71 -10 64 0 -1 0 0 0 -1 0 0 0 1 98100.dat
1 71 -10 0 0 1 0 0 0 1 0 0 0 1 3022.dat
1 72 -10 -32 0 1 0 0 0 1 0 0 0 1 4032b.dat
1 72 -10 40 0 1 0 0 0 -1 0 0 0 -1 4032b.dat
1 47 -10 -40 0 1 0 0 0 1 0 0 0 1 4073.dat
1 47 -10 -48 0 1 0 0 0 1 0 0 0 1 4740.dat
1 71 -10 34 0 0 1 0 -1 0 0 0 0 1 4519.dat
1 71 -10 -16 -10 1 0 0 0 1 0 0 0 1 60471.dat
1 71 -10 6 -36 0 0 -1 1 0 0 0 -1 0 Part 4.ldr
1 71 -10 -24 10 1 0 0 0 1 0 0 0 1 32000.dat
1 72 -10 -8 -10 1 0 0 0 1 0 0 0 1 3023.dat
1 71 -10 -24 -10 1 0 0 0 1 0 0 0 1 3023.dat
0
0 FILE Part 4.ldr
0 Part 4
0 Name: Part 4.ldr
0 Author: LDraw
0 Unofficial Model
0 ROTATION CENTER 0 0 0 1 "Custom" 
0 ROTATION CONFIG 0 0
1 0 10 8 0 1 0 0 0 1 0 0 0 1 3795.dat
1 0 -30 0 0 1 0 0 0 1 0 0 0 1 4871.dat
1 0 10 0 0 1 0 0 0 1 0 0 0 1 4871.dat
1 0 50 0 0 1 0 0 0 1 0 0 0 1 4871.dat
1 0 10 -8 -30 1 0 0 0 1 0 0 0 1 6636.dat
1 0 10 -8 30 1 0 0 0 1 0 0 0 1 6636.dat
1 71 -10 0 0 -1 0 0 0 1 0 0 0 -1 92582.dat
0
0 FILE Part 5.ldr
0 Part 5
0 Name: Part 5.ldr
0 Author: LDraw
0 Unofficial Model
0 ROTATION CENTER 0 0 0 1 "Custom" 
0 ROTATION CONFIG 0 0
1 0 -0 24 0 1 0 0 0 1 0 0 0 1 6179.dat
1 0 -20 16 40 1 0 0 0 1 0 0 0 1 3022.dat
1 0 60 24 40 1 0 0 0 1 0 0 0 1 3022.dat
1 0 60 16 40 1 0 0 0 1 0 0 0 1 3795.dat
1 0 140 24 40 1 0 0 0 1 0 0 0 1 3795.dat
1 0 180 -8 40 1 0 0 0 1 0 0 0 1 87580.dat
1 0 180 0 40 1 0 0 0 1 0 0 0 1 6143.dat
1 71 0 24 50 1 0 0 0 1 0 0 0 1 3710.dat
0 
0
0 FILE Planet.ldr
0 Planet
0 Name: Planet.ldr
0 Author: LDraw
0 Unofficial Model
0 ROTATION CENTER 0 0 0 1 "Custom" 
0 ROTATION CONFIG 0 0
1 0 20 56 0 -1 0 0 0 -1 0 0 0 1 98107.dat
1 0 20 56 0 1 0 0 0 1 0 0 0 1 98107.dat
1 0 20 176 0 -1 0 0 0 -1 0 0 0 1 30033.dat
1 0 20 -64 0 1 0 0 0 1 0 0 0 1 2376.dat
0 
0
0
