0 FILE TIE Fighter.ldr
0 TIE Fighter
0 Name: TIE Fighter.ldr
0 Author: R Paluczak
0 Unofficial Model
0 ROTATION CENTER 0 0 0 1 "Custom" 
0 ROTATION CONFIG 0 0
1 0 20 80 0 0 0 1 0 1 0 -1 0 0 Part 3.ldr
1 38 -30 64 -10 0 0 1 0 1 0 -1 0 0 4073.dat
1 0 -30 90 -10 0 1 0 0 0 -1 -1 0 0 4349.dat
1 0 -80 48 -203 0 0 1 0 1 0 -1 0 0 Stormtrooper.ldr
1 0 0 48 -257 0 0 1 0 1 0 -1 0 0 TIE Pilot.ldr
1 0 60 -283 20 0 0 1 0 1 0 -1 0 0 Part 1.ldr
1 0 240 -192 -128 1 0 0 0 0 -1 0 1 0 Part 2.ldr
1 0 -200 -192 208 -1 0 0 0 0 -1 0 -1 0 Part 2.ldr
0
0 FILE Stormtrooper.ldr
0 Stormtrooper
0 Name: Stormtrooper.ldr
0 Author: R Paluczak
0 Unofficial Model
0 ROTATION CENTER 0 0 0 1 "Custom" 
0 ROTATION CONFIG 0 0
1 15 0 -24 0 1 0 0 0 1 0 0 0 1 30408p01.dat
1 14 0 -24 0 1 0 0 0 1 0 0 0 1 3626b.dat
1 15 0 0 0 1 0 0 0 1 0 0 0 1 973psk.dat
1 0 0 32 0 1 0 0 0 1 0 0 0 1 3815.dat
1 15 -15.552 9 0 0.985 -0.17 0 0.17 0.985 0 0 0 1 3818.dat
1 15 15.552 9 0 0.985 0.17 0 -0.17 0.985 0 0 0 1 3819.dat
1 0 -23.8634 26.5956 -10.321 0.985 -0.12019 0.12019 0.17 0.696395 -0.696395 0 0.707 0.707 3820.dat
1 0 23.8634 26.5956 -10.321 0.985 0.12019 -0.12019 -0.17 0.696395 -0.696395 0 0.707 0.707 3820.dat
1 15 0 44 0 1 0 0 0 1 0 0 0 1 3816.dat
1 15 0 44 0 1 0 0 0 1 0 0 0 1 3817.dat
0
0 FILE TIE Pilot.ldr
0 TIE Pilot
0 Name: TIE Pilot.ldr
0 Author: R Paluczak
0 Unofficial Model
0 ROTATION CENTER 0 0 0 1 "Custom" 
0 ROTATION CONFIG 0 0
1 0 0 -24 0 1 0 0 0 1 0 0 0 1 30408p02.dat
1 14 0 -24 0 1 0 0 0 1 0 0 0 1 3626b.dat
1 0 0 0 0 1 0 0 0 1 0 0 0 1 973psk.dat
1 0 0 32 0 1 0 0 0 1 0 0 0 1 3815.dat
1 0 -15.552 9 0 0.985 -0.17 0 0.17 0.985 0 0 0 1 3818.dat
1 0 15.552 9 0 0.985 0.17 0 -0.17 0.985 0 0 0 1 3819.dat
1 0 -23.8634 26.5956 -10.321 0.985 -0.12019 0.12019 0.17 0.696395 -0.696395 0 0.707 0.707 3820.dat
1 0 23.8634 26.5956 -10.321 0.985 0.12019 -0.12019 -0.17 0.696395 -0.696395 0 0.707 0.707 3820.dat
1 0 0 44 0 1 0 0 0 1 0 0 0 1 3816.dat
1 0 0 44 0 1 0 0 0 1 0 0 0 1 3817.dat
0
0 FILE Part 1.ldr
0 Part 1
0 Name: Part 1.ldr
0 Author: R Paluczak
0 Unofficial Model
0 ROTATION CENTER 0 0 0 1 "Custom" 
0 ROTATION CONFIG 0 0
1 1 -20 40 0 1 0 0 0 1 0 0 0 1 3020.dat
1 1 -20 -48 20 1 0 0 0 1 0 0 0 1 3020.dat
1 8 -30 -72 10 -1 0 0 0 1 0 0 0 -1 3046.dat
1 1 -30 -80 10 0 0 -1 0 1 0 1 0 0 2420.dat
1 1 -10 -80 10 1 0 0 0 1 0 0 0 1 2420.dat
1 8 -10 -72 10 0 0 -1 0 1 0 1 0 0 3046.dat
1 7 30 -72 -40 0 0 -1 0 1 0 1 0 0 3039.dat
1 7 -70 -72 -40 0 0 1 0 1 0 -1 0 0 3039.dat
1 1 -70 -72 -10 -1 0 0 0 1 0 0 0 -1 3040b.dat
1 1 30 -72 -10 -1 0 0 0 1 0 0 0 -1 3040b.dat
1 36 30 -48 10 1 0 0 0 1 0 0 0 1 4073.dat
1 36 10 26 -128 1 0 0 0 0 -1 0 1 0 4073.dat
1 36 -50 26 -128 1 0 0 0 0 -1 0 1 0 4073.dat
1 36 -70 -48 10 1 0 0 0 1 0 0 0 1 4073.dat
1 7 -80 -48 -30 0 0 -1 0 1 0 1 0 0 3021.dat
1 7 40 -48 -30 0 0 -1 0 1 0 1 0 0 3021.dat
1 7 -20 -30 56 0 0 -1 1 0 0 0 -1 0 3960.dat
1 1 -20 -30 64 0 0 -1 1 0 0 0 -1 0 4740.dat
1 0 -20 40 -60 1 0 0 0 1 0 0 0 1 6179.dat
1 0 -40 8 10 -1 0 0 0 1 0 0 0 -1 3660.dat
1 0 0 8 10 -1 0 0 0 1 0 0 0 -1 3660.dat
1 7 -20 16 -20 0 0 -1 0 1 0 1 0 0 30283.dat
1 8 -20 24 -30 -1 0 0 0 1 0 0 0 -1 3023.dat
1 8 -20 8 -50 1 0 0 0 1 0 0 0 1 3937.dat
1 0 -20 8 -50 1 0 0 0 1 0 0 0 1 3938.dat
1 7 -20 0 -50 1 0 0 0 1 0 0 0 1 3069bps1.dat
1 8 -70 8 -20 0 0 1 0 1 0 -1 0 0 3710.dat
1 8 -50 -16 10 0 0 -1 0 1 0 1 0 0 2357.dat
1 8 10 -16 10 1 0 0 0 1 0 0 0 1 2357.dat
1 19 -20 -16 30 1 0 0 0 1 0 0 0 1 3004.dat
1 19 -60 -40 10 1 0 0 0 1 0 0 0 1 3004.dat
1 19 20 -40 10 1 0 0 0 1 0 0 0 1 3004.dat
1 0 -20 -40 30 1 0 0 0 1 0 0 0 1 3701.dat
1 7 -20 -30 40 0 0 -1 0 1 0 1 0 0 4274.dat
1 0 -90 -40 -40 0 0 -1 0 1 0 1 0 0 3701.dat
1 0 -70 -80 -30 0 0 -1 0 1 0 1 0 0 3623.dat
1 0 30 -80 -30 0 0 -1 0 1 0 1 0 0 3623.dat
1 0 50 -40 -40 0 0 -1 0 1 0 1 0 0 3701.dat
1 8 80 -40 -60 -1 0 0 0 1 0 0 0 -1 30000.dat
1 8 80 -40 -20 -1 0 0 0 1 0 0 0 -1 30000.dat
1 8 -120 -40 -60 -1 0 0 0 1 0 0 0 -1 30000.dat
1 8 -120 -40 -20 -1 0 0 0 1 0 0 0 -1 30000.dat
1 1 80 -16 -40 -1 0 0 0 1 0 0 0 -1 3003.dat
1 1 -120 -16 -40 -1 0 0 0 1 0 0 0 -1 3003.dat
1 1 -120 -64 -40 -1 0 0 0 1 0 0 0 -1 3043.dat
1 1 80 -64 -40 -1 0 0 0 1 0 0 0 -1 3043.dat
1 7 -80 -16 -30 0 0 -1 0 1 0 1 0 0 3002.dat
1 1 -70 -40 -30 0 0 -1 0 1 0 1 0 0 3622.dat
1 1 30 -40 -30 0 0 -1 0 1 0 1 0 0 3622.dat
1 7 40 -16 -30 0 0 -1 0 1 0 1 0 0 3002.dat
1 8 30 8 -20 0 0 1 0 1 0 -1 0 0 3710.dat
1 8 10 48 -40 0 0 1 0 1 0 -1 0 0 3710.dat
1 8 -50 48 -40 0 0 1 0 1 0 -1 0 0 3710.dat
1 1 -20 24 -10 1 0 0 0 1 0 0 0 1 2412b.dat
1 1 -20 -88 30 1 0 0 0 1 0 0 0 1 2412b.dat
1 1 -50 -96 -40 0 0 -1 0 1 0 1 0 0 2412b.dat
1 1 10 -96 -40 0 0 -1 0 1 0 1 0 0 2412b.dat
1 7 -20 -88 10 1 0 0 0 1 0 0 0 1 4315.dat
1 7 -20 -88 -90 1 0 0 0 1 0 0 0 1 3023.dat
1 2 -20 -96 -50 1 0 0 0 1 0 0 0 1 3794b.dat
1 8 -20 -112 -50 1 0 0 0 1 0 0 0 1 3960ps2.dat
1 7 -20 48 -70 1 0 0 0 1 0 0 0 1 3023.dat
1 7 -20 48 -10 1 0 0 0 1 0 0 0 1 3023.dat
1 0 -20 -88 -40 1 0 0 0 1 0 0 0 1 4213.dat
1 0 -20 -96 -80 1 0 0 0 1 0 0 0 1 3068b.dat
1 40 -20 -80 -80 1 0 0 0 1 0 0 0 1 30366ps1.dat
0
0 FILE Part 2.ldr
0 Part 2
0 Name: Part 2.ldr
0 Author: R Paluczak
0 Unofficial Model
0 ROTATION CENTER 0 0 0 1 "Custom" 
0 ROTATION CONFIG 0 0
1 0 -120 -8 0 1 0 0 0 1 0 0 0 1 30355.dat
1 0 -320 -8 0 1 0 0 0 1 0 0 0 1 30356.dat
1 0 -220 -8 0 0 0 -1 0 1 0 1 0 0 3029.dat
1 1 -220 -16 -110 -1 0 0 0 1 0 0 0 -1 4477.dat
1 1 -340 -16 120 -1 0 0 0 1 0 0 0 -1 3020.dat
1 1 -250 -16 120 0 0 1 0 1 0 -1 0 0 2419.dat
1 1 -290 -16 120 0 0 1 0 1 0 -1 0 0 2412b.dat
1 1 -250 -16 40 0 0 1 0 1 0 -1 0 0 2412b.dat
1 1 -270 -16 0 0 0 1 0 1 0 -1 0 0 2412b.dat
1 1 -290 -16 -40 0 0 1 0 1 0 -1 0 0 2412b.dat
1 1 -310 -16 -80 0 0 1 0 1 0 -1 0 0 2412b.dat
1 1 -130 -16 -80 0 0 1 0 1 0 -1 0 0 2412b.dat
1 1 -150 -16 -40 0 0 1 0 1 0 -1 0 0 2412b.dat
1 1 -170 -16 0 0 0 1 0 1 0 -1 0 0 2412b.dat
1 1 -190 -16 40 0 0 1 0 1 0 -1 0 0 2412b.dat
1 0 -320 -8 240 -1 0 0 0 1 0 0 0 -1 30355.dat
1 0 -120 -8 240 -1 0 0 0 1 0 0 0 -1 30356.dat
1 0 -220 -8 240 0 0 1 0 1 0 -1 0 0 3029.dat
1 1 -220 -16 350 1 0 0 0 1 0 0 0 1 4477.dat
1 1 -100 -16 120 1 0 0 0 1 0 0 0 1 3020.dat
1 1 -340 0 120 -1 0 0 0 1 0 0 0 -1 3020.dat
1 1 -100 0 120 1 0 0 0 1 0 0 0 1 3020.dat
1 14 -220 0 120 1 0 0 0 1 0 0 0 1 3022.dat
1 7 -190 0 120 0 0 -1 0 1 0 1 0 0 3747a.dat
1 7 -250 0 120 0 0 1 0 1 0 -1 0 0 3747a.dat
1 7 -220 0 150 -1 0 0 0 1 0 0 0 -1 3747a.dat
1 7 -220 0 90 1 0 0 0 1 0 0 0 1 3747a.dat
1 8 -220 0 120 1 0 0 0 1 0 0 0 1 30373.dat
1 1 -190 -16 120 0 0 -1 0 1 0 1 0 0 2419.dat
1 7 -220 -24 120 0 0 -1 0 1 0 1 0 0 4150ps5.dat
1 1 -150 -16 120 0 0 -1 0 1 0 1 0 0 2412b.dat
1 1 -190 -16 200 0 0 -1 0 1 0 1 0 0 2412b.dat
1 1 -170 -16 240 0 0 -1 0 1 0 1 0 0 2412b.dat
1 1 -150 -16 280 0 0 -1 0 1 0 1 0 0 2412b.dat
1 1 -130 -16 320 0 0 -1 0 1 0 1 0 0 2412b.dat
1 1 -310 -16 320 0 0 -1 0 1 0 1 0 0 2412b.dat
1 1 -290 -16 280 0 0 -1 0 1 0 1 0 0 2412b.dat
1 1 -270 -16 240 0 0 -1 0 1 0 1 0 0 2412b.dat
1 1 -250 -16 200 0 0 -1 0 1 0 1 0 0 2412b.dat
0
0 FILE Part 3.ldr
0 Part 3
0 Name: Part 3.ldr
0 Author: R Paluczak
0 Unofficial Model
0 ROTATION CENTER 0 0 0 1 "Custom" 
0 ROTATION CONFIG 0 0
1 7 -40 32 0 1 0 0 0 1 0 0 0 1 3958.dat
1 8 -70 8 -30 1 0 0 0 1 0 0 0 1 2357.dat
1 8 -40 -208 0 0 0 -1 0 1 0 1 0 0 30517.dat
1 8 -40 -299 -30 0 0 -1 0 1 0 1 0 0 757.dat
1 8 -40 -80 -40 0 0 -1 0 1 0 1 0 0 750.dat
0 SYNTH BEGIN HOSE_FLEXIBLE_12L 7
0 1 8 -40 -64 -40 0 0 -1 0 1 0 1 0 0 LS02.dat
0 1 8 -40 -80 -40 0 0 -1 0 1 0 1 0 0 LS02.dat
0 1 8 -40 -283 -30 0 0 -1 0 1 0 1 0 0 LS02.dat
0 1 8 -40 -296 -30 0 0 -1 0 1 0 1 0 0 LS02.dat
0 SYNTH SHOW
0 SYNTH SYNTHESIZED BEGIN
1 7 -40 -64 -40 0 0 -1 0 -1 0 1 0 0 759.dat
1 7 -40 -80.955 -39.9747 0 0 -1 0.0084 -1 0 1 0.0084 0 758.dat
1 7 -40 -87.5588 -39.8584 0 0 -1 0.0287 -0.9996 0 0.9996 0.0287 0 758.dat
1 7 -40 -94.1857 -39.6397 0 0 -1 0.0382 -0.9993 0 0.9993 0.0382 0 758.dat
1 7 -40 -100.743 -39.3725 0 0 -1 0.0437 -0.999 0 0.999 0.0437 0 758.dat
1 7 -40 -107.363 -39.0719 0 0 -1 0.0473 -0.9989 0 0.9989 0.0473 0 758.dat
1 7 -40 -113.887 -38.7548 0 0 -1 0.05 -0.9988 0 0.9988 0.05 0 758.dat
1 7 -40 -120.519 -38.4172 0 0 -1 0.0519 -0.9987 0 0.9987 0.0519 0 758.dat
1 7 -40 -127.086 -38.0714 0 0 -1 0.0534 -0.9986 0 0.9986 0.0534 0 758.dat
1 7 -40 -133.663 -37.7164 0 0 -1 0.0546 -0.9985 0 0.9985 0.0546 0 758.dat
1 7 -40 -140.254 -37.3538 0 0 -1 0.0554 -0.9985 0 0.9985 0.0554 0 758.dat
1 7 -40 -146.793 -36.9885 0 0 -1 0.0561 -0.9984 0 0.9984 0.0561 0 758.dat
1 7 -40 -153.368 -36.617 0 0 -1 0.0566 -0.9984 0 0.9984 0.0566 0 758.dat
1 7 -40 -159.991 -36.2397 0 0 -1 0.0569 -0.9984 0 0.9984 0.0569 0 758.dat
1 7 -40 -166.538 -35.8648 0 0 -1 0.0569 -0.9984 0 0.9984 0.0569 0 758.dat
1 7 -40 -173.1 -35.4873 0 0 -1 0.0569 -0.9984 0 0.9984 0.0569 0 758.dat
1 7 -40 -179.694 -35.1067 0 0 -1 0.0569 -0.9984 0 0.9984 0.0569 0 758.dat
1 7 -40 -186.273 -34.7275 0 0 -1 0.0566 -0.9984 0 0.9984 0.0566 0 758.dat
1 7 -40 -192.856 -34.3482 0 0 -1 0.0562 -0.9984 0 0.9984 0.0562 0 758.dat
1 7 -40 -199.397 -33.9712 0 0 -1 0.0562 -0.9984 0 0.9984 0.0562 0 758.dat
1 7 -40 -205.982 -33.5943 0 0 -1 0.0559 -0.9984 0 0.9984 0.0559 0 758.dat
1 7 -40 -212.563 -33.2204 0 0 -1 0.0554 -0.9985 0 0.9985 0.0554 0 758.dat
1 7 -40 -219.157 -32.8493 0 0 -1 0.0548 -0.9985 0 0.9985 0.0548 0 758.dat
1 7 -40 -225.71 -32.4851 0 0 -1 0.0541 -0.9985 0 0.9985 0.0541 0 758.dat
1 7 -40 -232.307 -32.1247 0 0 -1 0.0531 -0.9986 0 0.9986 0.0531 0 758.dat
1 7 -40 -238.886 -31.7731 0 0 -1 0.0519 -0.9987 0 0.9987 0.0519 0 758.dat
1 7 -40 -245.453 -31.4321 0 0 -1 0.0501 -0.9987 0 0.9987 0.0501 0 758.dat
1 7 -40 -252.088 -31.1008 0 0 -1 0.0479 -0.9989 0 0.9989 0.0479 0 758.dat
1 7 -40 -258.623 -30.7919 0 0 -1 0.0448 -0.999 0 0.999 0.0448 0 758.dat
1 7 -40 -265.273 -30.5023 0 0 -1 0.0403 -0.9992 0 0.9992 0.0403 0 758.dat
1 7 -40 -271.822 -30.2552 0 0 -1 0.0331 -0.9995 0 0.9995 0.0331 0 758.dat
1 7 -40 -284 -30.0132 0 0 -1 -0.0007 1 0 1 0.0007 0 759.dat
0 SYNTH SYNTHESIZED END
0 SYNTH END
1 0 -40 -248 0 0 0 -1 -1 0 0 0 1 0 32073.dat
1 7 -40 -16 -40 0 0 -1 0 1 0 1 0 0 3941.dat
1 7 -40 -299 0 0 0 -1 0 1 0 1 0 0 3941.dat
1 1 -40 -307 0 1 0 0 0 1 0 0 0 1 3176.dat
1 0 -40 -315 0 1 0 0 0 1 0 0 0 1 4150.dat
1 8 -40 -64 -40 0 0 -1 0 1 0 1 0 0 3942a.dat
1 8 -10 8 -30 0 0 -1 0 1 0 1 0 0 2357.dat
1 8 -10 8 30 -1 0 0 0 1 0 0 0 -1 2357.dat
1 8 -70 8 30 0 0 1 0 1 0 -1 0 0 2357.dat
1 19 -40 8 -50 1 0 0 0 1 0 0 0 1 3004.dat
1 1 -40 0 30 1 0 0 0 1 0 0 0 1 2412b.dat
1 1 -70 0 0 0 0 -1 0 1 0 1 0 0 2412b.dat
1 1 -10 0 0 0 0 -1 0 1 0 1 0 0 2412b.dat
0 
0
0
