0 FILE 10174.ldr
0 Imperial AT-ST
0 Name: 10174.ldr
0 Author: Sebastian Sand
0 Unofficial Model
0 ROTATION CENTER 0 0 0 1 "Custom" 
0 ROTATION CONFIG 0 0
1 0 0 0 0 1 0 0 0 1 0 0 0 1 10174_0.ldr
0
0 FILE 10174_0.ldr
0 Imperial AT-ST
0 Name: 10174_0.ldr
0 Author: Sebastian Sand
0 Unofficial Model
0 ROTATION CENTER 0 0 0 1 "Custom" 
0 ROTATION CONFIG 0 0
1 0 -200 0 0 1 0 0 0 1 0 0 0 1 10174_1.ldr
1 0 0 -624 -54 1 0 0 0 1 0 0 0 1 10174_4.ldr
1 0 0 -698 46 1 0 0 0 1 0 0 0 1 10174_5.ldr
1 0 200 0 0 -1 0 0 0 1 0 0 0 1 10174_1.ldr
1 0 -395.606 0 -249.601 -0.866025 0 -0.5 0 1 0 -0.5 0 0.866025 10174_11.ldr
0
0 FILE 10174_1.ldr
0 Imperial AT-ST
0 Name: 10174_1.ldr
0 Author: Sebastian Sand
0 Unofficial Model
0 ROTATION CENTER 0 0 0 1 "Custom" 
0 ROTATION CONFIG 0 0
1 71 0 0 0 1 0 0 0 1 0 0 0 1 3032.dat
1 71 20 0 80 1 0 0 0 1 0 0 0 1 3032.dat
1 71 30 -8 -70 0 0 1 0 1 0 -1 0 0 2420.dat
1 71 -30 0 130 0 0 -1 0 1 0 1 0 0 2420.dat
1 71 50 0 130 1 0 0 0 1 0 0 0 1 2420.dat
1 71 80 -8 -20 1 0 0 0 1 0 0 0 1 41770.dat
1 71 -60 -8 -20 1 0 0 0 1 0 0 0 1 41769.dat
1 71 -60 -8 100 -1 0 0 0 1 0 0 0 -1 41770.dat
1 71 80 -8 100 -1 0 0 0 1 0 0 0 -1 41769.dat
1 71 -10 -8 -70 -1 0 0 0 1 0 0 0 -1 2420.dat
1 72 0 0 -70 1 0 0 0 1 0 0 0 1 2419.dat
1 72 10 -8 -40 0 0 1 0 1 0 -1 0 0 3710.dat
1 72 70 0 0 0 0 1 0 1 0 -1 0 0 3710.dat
1 72 70 -32 40 1 0 0 0 1 0 0 0 1 41748.dat
1 72 -50 -32 40 1 0 0 0 1 0 0 0 1 41747.dat
1 72 -60 -32 100 -1 0 0 0 1 0 0 0 -1 43721.dat
1 71 10 -117.129 161.355 0 -1 0 0.511293 0 -0.859407 0.859407 0 0.511293 41239.dat
1 71 10 -125.809 224.254 0 -1 0 0.601815 0 -0.798636 0.798636 0 0.601815 41239.dat
1 72 80 -32 100 -1 0 0 0 1 0 0 0 -1 43720.dat
1 72 -50 0 80 0 0 1 0 1 0 -1 0 0 3710.dat
1 4 40 -24 -10 1 0 0 0 1 0 0 0 1 3298.dat
1 72 10 -32 -30 1 0 0 0 1 0 0 0 1 4286.dat
1 72 -10 -56 70 0 0 1 0 1 0 -1 0 0 4286.dat
1 72 30 -56 70 0 0 -1 0 1 0 1 0 0 4286.dat
1 72 10 -64 60 1 0 0 0 1 0 0 0 1 42022.dat
1 72 30 -64 50 0 0 1 0 1 0 -1 0 0 6190.dat
1 72 -10 -64 50 0 0 1 0 1 0 -1 0 0 6190.dat
1 71 30 -56 40 1 0 0 0 1 0 0 0 1 41750.dat
1 71 -10 -56 40 1 0 0 0 1 0 0 0 1 41749.dat
1 71 -10 -80 90 0 0 1 0 1 0 -1 0 0 4599.dat
1 71 30 -80 90 0 0 -1 0 1 0 1 0 0 4599.dat
1 72 10 -32 -10 1 0 0 0 1 0 0 0 1 3062b.dat
1 0 10 -32 10 1 0 0 0 1 0 0 0 1 4073.dat
1 4 -20 -24 -10 1 0 0 0 1 0 0 0 1 3298.dat
1 19 10 -24 40 0 0 1 0 1 0 -1 0 0 3701.dat
1 19 30 -24 40 0 0 1 0 1 0 -1 0 0 3701.dat
1 71 -30 -24 80 0 0 1 0 1 0 -1 0 0 3702.dat
1 71 50 -24 80 0 0 1 0 1 0 -1 0 0 3702.dat
1 19 -10 -24 40 0 0 1 0 1 0 -1 0 0 3701.dat
1 0 40 -14 20 1 0 0 0 1 0 0 0 1 3673.dat
1 0 40 -14 60 1 0 0 0 1 0 0 0 1 3673.dat
1 0 40 -14 140 1 0 0 0 1 0 0 0 1 3673.dat
1 0 40 -14 120 1 0 0 0 1 0 0 0 1 3673.dat
1 0 -20 -14 20 1 0 0 0 1 0 0 0 1 3673.dat
1 0 -20 -14 60 1 0 0 0 1 0 0 0 1 3673.dat
1 0 -20 -14 140 1 0 0 0 1 0 0 0 1 3673.dat
1 0 -20 -14 120 1 0 0 0 1 0 0 0 1 3673.dat
1 72 80 -8 40 0 0 1 0 1 0 -1 0 0 3022.dat
1 72 50 -32 140 0 0 1 0 1 0 -1 0 0 3023.dat
1 72 -30 -32 140 0 0 1 0 1 0 -1 0 0 3023.dat
1 72 50 -32 40 0 0 1 0 1 0 -1 0 0 3023.dat
1 71 10 -32 40 -1 0 0 0 1 0 0 0 -1 3021.dat
1 71 40 -32 90 0 0 -1 0 1 0 1 0 0 3021.dat
1 71 -20 -32 90 0 0 -1 0 1 0 1 0 0 3021.dat
1 71 -10 -56 90 -1 0 0 0 1 0 0 0 -1 3675.dat
1 71 30 -56 90 0 0 -1 0 1 0 1 0 0 3675.dat
1 72 10 -40 40 0 0 -1 0 1 0 1 0 0 3710.dat
1 71 10 -40 -20 0 0 1 0 1 0 -1 0 0 44301.dat
1 72 10 -34.173 -59.239 -1 0 0 0 0.92388 0.382683 0 0.382683 -0.92388 482.dat
1 72 10 -3.559 -133.149 1 0 0 0 0.92388 -0.382683 0 0.382683 0.92388 482.dat
1 1 10 -26.52 -77.716 0 0 -1 -0.382683 0.92388 0 0.92388 0.382683 0 3749.dat
1 71 10 -28.105 -100.021 0 0 -1 -0.382683 0.92388 0 0.92388 0.382683 0 2817.dat
1 72 10 -1.731 -162.388 -1 0 0 0 1 0 0 0 -1 44567.dat
1 72 10 -1.732 -182.388 -1 0 0 0 1 0 0 0 -1 3023.dat
1 71 10 -17.731 -162.388 1 0 0 0 1 0 0 0 1 47457.dat
1 72 10 -42.624 -127.683 0 0 1 0.382683 0.92388 0 -0.92388 0.382683 0 30165.dat
1 72 10 -57.931 -90.728 0 0 1 0.382683 0.92388 0 -0.92388 0.382683 0 30165.dat
1 1 10 -11.212 -114.672 0 0 1 0.382683 0.92388 0 -0.92388 0.382683 0 3749.dat
1 72 -30 -32 40 0 0 1 0 1 0 -1 0 0 3023.dat
1 72 -60 -8 40 0 0 1 0 1 0 -1 0 0 3022.dat
1 72 -10 -109.837 212.219 0 -1 0 -0.601816 0 0.798637 -0.798637 0 -0.601816 32271.dat
1 72 30 -109.837 212.219 0 -1 0 -0.601816 0 0.798637 -0.798637 0 -0.601816 32271.dat
1 71 -5 -221.644 296.472 0 0 -1 -0.601816 -0.798637 0 -0.798637 0.601816 0 32123a.dat
1 71 25 -221.644 296.472 0 0 -1 -0.601816 -0.798637 0 -0.798637 0.601816 0 32123a.dat
1 0 10 -29.973 152.037 -1 0 0 0 0.601816 0.798637 0 0.798637 -0.601816 6558.dat
1 0 10 -93.864 200.182 -1 0 0 0 0.601816 0.798637 0 0.798637 -0.601816 6558.dat
1 1 -20 -77.892 188.144 -1 0 0 0 0.601816 0.798637 0 0.798637 -0.601816 4274.dat
1 1 -20 -45.945 164.072 -1 0 0 0 0.601816 0.798637 0 0.798637 -0.601816 4274.dat
1 1 40 -45.945 164.072 1 0 0 0 0.601816 -0.798637 0 0.798637 0.601816 4274.dat
1 1 20 -82.719 140.964 1 0 0 0 0.85896 0.512044 0 -0.512044 0.85896 4274.dat
1 1 20 -117.075 161.445 1 0 0 0 0.85896 0.512044 0 -0.512044 0.85896 4274.dat
1 1 20 -151.434 181.927 1 0 0 0 0.85896 0.512044 0 -0.512044 0.85896 4274.dat
1 1 0 -65.537 130.723 -1 0 0 0 0.85896 -0.512044 0 -0.512044 -0.85896 4274.dat
1 1 0 -99.896 151.204 -1 0 0 0 0.85896 -0.512044 0 -0.512044 -0.85896 4274.dat
1 1 0 -134.255 171.686 -1 0 0 0 0.85896 -0.512044 0 -0.512044 -0.85896 4274.dat
1 1 40 -77.892 188.144 1 0 0 0 0.601816 -0.798637 0 0.798637 0.601816 4274.dat
1 71 10 -14 100 1 0 0 0 0 1 0 -1 0 32073.dat
1 71 10 -14 40 1 0 0 0 0 1 0 -1 0 32073.dat
1 0 10 -221.644 296.472 -1 0 0 0 0.601816 0.798637 0 0.798637 -0.601816 32062.dat
1 71 -28 -69.906 182.128 0 1 0 -0.798637 0 0.601816 0.601816 0 0.798637 2431.dat
1 71 48 -69.906 182.128 0 -1 0 -0.798637 0 -0.601816 0.601816 0 -0.798637 2431.dat
1 72 28 -77.597 149.555 0 -1 0 0.512044 0 -0.85896 0.85896 0 0.512044 43723.dat
1 72 28 -129.133 180.274 0 -1 0 -0.512044 0 0.85896 -0.85896 0 -0.512044 43722.dat
1 72 36 -142.844 176.807 0 -1 0 0.85896 0 0.512044 -0.512044 0 0.85896 3023.dat
1 72 36 -74.127 135.842 0 -1 0 0.85896 0 0.512044 -0.512044 0 0.85896 3023.dat
1 72 36 -108.485 156.325 0 -1 0 0.85896 0 0.512044 -0.512044 0 0.85896 2412b.dat
1 72 -8 -129.133 180.274 0 1 0 0.512044 0 0.85896 0.85896 0 -0.512044 43723.dat
1 72 -16 -142.844 176.807 0 1 0 -0.85896 0 0.512044 0.512044 0 0.85896 44728.dat
1 72 -16 -74.127 135.842 0 1 0 -0.85896 0 0.512044 0.512044 0 0.85896 44728.dat
1 71 4 -154.109 157.911 0 0 -1 -0.85896 0.512044 0 0.512044 0.85896 0 3068b.dat
1 0 4 -85.392 116.945 0 0 -1 -0.85896 0.512044 0 0.512044 0.85896 0 4073.dat
1 72 4 -89.488 110.075 0 0 -1 -0.85896 0.512044 0 0.512044 0.85896 0 4740.dat
1 72 -8 -77.597 149.555 0 1 0 -0.512044 0 -0.85896 -0.85896 0 0.512044 43722.dat
1 72 -16 -108.485 156.325 0 1 0 -0.85896 0 0.512044 0.512044 0 0.85896 2412b.dat
1 0 10 -220.438 222.977 0 0 1 0.985996 -0.166768 0 0.166768 0.985996 0 10174_2.ldr
0
0 FILE 10174_2.ldr
0 Imperial AT-ST
0 Name: 10174_2.ldr
0 Author: Sebastian Sand
0 Unofficial Model
0 ROTATION CENTER 0 0 0 1 "Custom" 
0 ROTATION CONFIG 0 0
1 71 0 -10 -20 1 0 0 0 1 0 0 0 1 2730.dat
1 71 -200 -10 -20 1 0 0 0 1 0 0 0 1 2730.dat
1 71 -200 -10 20 1 0 0 0 1 0 0 0 1 2730.dat
1 72 -100 -10 40 1 0 0 0 1 0 0 0 1 3895.dat
1 71 -190 14 40 1 0 0 0 1 0 0 0 1 3623.dat
1 71 -220 30 40 1 0 0 0 1 0 0 0 1 3666.dat
1 71 -60 14 40 1 0 0 0 1 0 0 0 1 3666.dat
1 71 -220 22 40 1 0 0 0 1 0 0 0 1 3666.dat
1 72 -220 14 10 1 0 0 0 1 0 0 0 1 2445.dat
1 72 -150 22 10 0 0 -1 0 1 0 1 0 0 6134.dat
1 0 -147.411 22.341 10 0 -0.258819 0.965926 0 0.965926 0.258819 -1 0 0 3937.dat
1 72 -170.872 32.619 10 0 -0.258819 0.965926 0 0.965926 0.258819 -1 0 0 3023.dat
1 72 -163.283 42.935 0 0.965926 -0.258819 0 0.258819 0.965926 0 0 0 1 3023.dat
1 71 -66.69 68.817 20 0 -0.258819 0.965926 0 0.965926 0.258819 -1 0 0 42445.dat
1 71 -165.353 50.663 10 0 -0.258819 0.965926 0 0.965926 0.258819 -1 0 0 2817.dat
1 72 -167.942 60.322 30 -0.258819 0 0.965926 0.965926 0 0.258819 0 1 0 3062b.dat
1 72 -167.942 60.322 -10 -0.258819 0 -0.965926 0.965926 0 -0.258819 0 -1 0 3062b.dat
1 72 -350 14 10 0 0 1 0 1 0 -1 0 0 2540.dat
1 72 -330 22 10 0 0 1 0 1 0 -1 0 0 3660.dat
1 72 -310 22 10 0 0 -1 0 1 0 1 0 0 3660.dat
1 71 -340 6 10 0 0 1 0 1 0 -1 0 0 3068b.dat
1 71 0 -10 20 1 0 0 0 1 0 0 0 1 2730.dat
1 72 -180 0 0 0 0 1 -1 0 0 0 -1 0 32271.dat
1 19 -240 -10 0 1 0 0 0 1 0 0 0 1 3701.dat
1 0 0 0 0 0 0 -1 0 1 0 1 0 0 6558.dat
1 0 80 0 0 0 0 -1 0 1 0 1 0 0 6558.dat
1 0 -60 0 0 0 0 -1 0 1 0 1 0 0 6558.dat
1 0 -80 0 0 0 0 -1 0 1 0 1 0 0 6558.dat
1 0 -140 0 0 0 0 -1 0 1 0 1 0 0 6558.dat
1 0 -160 0 0 0 0 -1 0 1 0 1 0 0 6558.dat
1 0 -220 0 0 0 0 -1 0 1 0 1 0 0 6558.dat
1 0 -240 0 -30 0 0 -1 0 1 0 1 0 0 3673.dat
1 0 -260 0 -30 0 0 -1 0 1 0 1 0 0 3673.dat
1 0 -280 0 -30 0 0 -1 0 1 0 1 0 0 3673.dat
1 0 -240 0 30 0 0 -1 0 1 0 1 0 0 3673.dat
1 0 -200 0 30 0 0 -1 0 1 0 1 0 0 3673.dat
1 0 -120 0 30 0 0 -1 0 1 0 1 0 0 3673.dat
1 0 -20 0 30 0 0 -1 0 1 0 1 0 0 3673.dat
1 0 -40 0 30 0 0 -1 0 1 0 1 0 0 3673.dat
1 0 -260 0 30 0 0 -1 0 1 0 1 0 0 3673.dat
1 0 -280 0 30 0 0 -1 0 1 0 1 0 0 3673.dat
1 1 -180 0 -30 0 0 1 0 1 0 -1 0 0 4274.dat
1 1 -180 0 50 0 0 -1 0 1 0 1 0 0 4274.dat
1 1 -160 0 50 0 0 -1 0 1 0 1 0 0 4274.dat
1 1 -140 0 50 0 0 -1 0 1 0 1 0 0 4274.dat
1 1 0 0 50 0 0 -1 0 1 0 1 0 0 4274.dat
1 1 -200 0 -30 0 0 1 0 1 0 -1 0 0 4274.dat
1 1 -120 0 -30 0 0 1 0 1 0 -1 0 0 4274.dat
1 1 -20 0 -30 0 0 1 0 1 0 -1 0 0 4274.dat
1 1 60 0 30 0 0 -1 0 1 0 1 0 0 4274.dat
1 1 60 0 -30 0 0 1 0 1 0 -1 0 0 4274.dat
1 72 -180 -34 -20 0 0 1 0 1 0 -1 0 0 42022.dat
1 72 -180 -34 20 0 0 1 0 1 0 -1 0 0 42022.dat
1 72 -180 -34 40 0 0 1 0 1 0 -1 0 0 42022.dat
1 72 -140 -34 20 0 0 -1 0 1 0 1 0 0 42022.dat
1 71 50 -34 -20 0 0 1 0 1 0 -1 0 0 4286.dat
1 71 70 -34 -20 0 0 -1 0 1 0 1 0 0 3040b.dat
1 71 50 -34 20 0 0 1 0 1 0 -1 0 0 4286.dat
1 71 70 -34 20 0 0 -1 0 1 0 1 0 0 3040b.dat
1 71 70 14 -20 0 0 -1 0 1 0 1 0 0 3665.dat
1 71 -150 14 -20 0 0 -1 0 1 0 1 0 0 3665.dat
1 71 -150 14 40 0 0 -1 0 1 0 1 0 0 3665.dat
1 72 -310 38 -20 0 0 -1 0 1 0 1 0 0 3665.dat
1 72 -330 38 -20 0 0 1 0 1 0 -1 0 0 3665.dat
1 71 50 14 -20 0 0 1 0 1 0 -1 0 0 4287.dat
1 71 70 14 20 0 0 -1 0 1 0 1 0 0 3665.dat
1 71 50 14 20 0 0 1 0 1 0 -1 0 0 4287.dat
1 71 -70 0 -38 -1 0 0 0 0 1 0 1 0 4162.dat
1 71 -190 10 -38 -1 0 0 0 0 1 0 1 0 3020.dat
1 72 60 0 -38 -1 0 0 0 0 1 0 1 0 4740.dat
1 72 60 0 38 1 0 0 0 0 1 0 -1 0 4740.dat
1 71 -60 14 -20 -1 0 0 0 1 0 0 0 -1 3666.dat
1 71 -260 14 -20 -1 0 0 0 1 0 0 0 -1 6111.dat
1 72 -320 0 -40 0 0 1 -1 0 0 0 -1 0 44224.dat
1 72 -320 0 40 0 0 1 1 0 0 0 1 0 44224.dat
1 9 -320 0 -50 0 -1 0 0 0 1 -1 0 0 3749.dat
1 71 -320 0 -58 -1 0 0 0 0 1 0 1 0 4032a.dat
1 71 -320 0 -66 -1 0 0 0 0 1 0 1 0 45729.dat
1 0 -320 0 -74 -1 0 0 0 0 1 0 1 0 4073.dat
1 72 -320 0 -82 -1 0 0 0 0 1 0 1 0 4740.dat
1 71 -80 -18 -20 -1 0 0 0 1 0 0 0 -1 4162.dat
1 71 -80 -18 40 -1 0 0 0 1 0 0 0 -1 4162.dat
1 71 -70 0 58 -1 0 0 0 0 -1 0 -1 0 4162.dat
1 71 -210 10 58 -1 0 0 0 0 -1 0 -1 0 3795.dat
1 72 -20 -18 20 -1 0 0 0 1 0 0 0 -1 2412b.dat
1 0 -320 0 0 0.515039 0.857167 0 0.857167 -0.515039 0 0 0 -1 10174_3.ldr
0
0 FILE 10174_3.ldr
0 Imperial AT-ST
0 Name: 10174_3.ldr
0 Author: Sebastian Sand
0 Unofficial Model
0 ROTATION CENTER 0 0 0 1 "Custom" 
0 ROTATION CONFIG 0 0
1 72 -140 -10 20 1 0 0 0 1 0 0 0 1 3895.dat
1 72 -140 -10 -20 1 0 0 0 1 0 0 0 1 3895.dat
1 72 -160 14 -20 1 0 0 0 1 0 0 0 1 3710.dat
1 72 -272.111 3.226 -20 0 0.92388 0.382684 0 -0.382684 0.92388 1 0 0 3710.dat
1 72 -286.892 9.349 -20 0 0.92388 0.382684 0 -0.382684 0.92388 1 0 0 45677.dat
1 72 -279.501 6.288 -20 0 0.92388 -0.382684 0 -0.382684 -0.92388 -1 0 0 44567.dat
1 72 -140 22 -20 1 0 0 0 1 0 0 0 1 3023.dat
1 72 -160 30 -20 1 0 0 0 1 0 0 0 1 3023.dat
1 71 -180 22 -20 -1 0 0 0 1 0 0 0 -1 44301.dat
1 72 -220 24 -20 0 0 -1 0 1 0 1 0 0 482.dat
1 72 -260 24 -20 0 0 1 0 1 0 -1 0 0 482.dat
1 0 -240 24 -20 -1 0 0 0 1 0 0 0 -1 32062.dat
1 72 -90 -34 10 0 0 -1 0 1 0 1 0 0 30363.dat
1 72 -110 -34 20 1 0 0 0 1 0 0 0 1 47905.dat
1 72 -190 -34 20 1 0 0 0 1 0 0 0 1 47905.dat
1 72 -170 -34 20 1 0 0 0 1 0 0 0 1 3062b.dat
1 71 -190 -24 38 0 0 1 -1 0 0 0 -1 0 2555.dat
1 71 -110 -24 38 0 0 1 -1 0 0 0 -1 0 2555.dat
1 71 -130 0 54 -1 0 0 0 0 -1 0 -1 0 30413.dat
1 71 -140 -34 10 0 0 1 0 1 0 -1 0 0 6215.dat
1 71 -185 -24 44 0 -1 0 1 0 0 0 0 1 4095.dat
1 71 -210 -18 0 0 0 1 0 1 0 -1 0 0 3623.dat
1 72 -210 -42 0 0 0 1 0 1 0 -1 0 0 3622.dat
1 72 -210 -58 20 0 0 1 0 1 0 -1 0 0 6005.dat
1 72 -210 -58 -20 0 0 1 0 1 0 -1 0 0 6005.dat
1 72 -180 -58 20 0 0 -1 0 1 0 1 0 0 42022.dat
1 72 -180 -58 0 0 0 -1 0 1 0 1 0 0 42022.dat
1 71 -210 -58 0 0 0 1 0 1 0 -1 0 0 3623.dat
1 71 -200 -66 10 0 0 1 0 1 0 -1 0 0 3068b.dat
1 0 -60 0 0 0 0 1 0 1 0 -1 0 0 6558.dat
1 72 -100 0 0 0 0 -1 0 1 0 1 0 0 6587.dat
1 0 -80 0 -30 0 0 -1 0 1 0 1 0 0 3673.dat
1 0 -40 0 -30 0 0 -1 0 1 0 1 0 0 3673.dat
1 0 -40 0 30 0 0 -1 0 1 0 1 0 0 3673.dat
1 0 -80 0 30 0 0 -1 0 1 0 1 0 0 3673.dat
1 72 -140 0 0 0 0 -1 0 1 0 1 0 0 6587.dat
1 0 -240 0 -30 0 0 -1 0 1 0 1 0 0 3707.dat
1 71 -240 0 56 0 0 -1 1 0 0 0 -1 0 30065.dat
1 72 -240 0 64 0 0 -1 1 0 0 0 -1 0 4740.dat
1 71 -240 0 35 1 0 0 0 1 0 0 0 1 32123a.dat
1 71 -240 0 0 1 0 0 0 1 0 0 0 1 3713.dat
1 71 -240 0 -88 1 0 0 0 1 0 0 0 1 3713.dat
1 71 -240 0 -78 1 0 0 0 0 -1 0 1 0 4032a.dat
1 71 -140 -10 0 -1 0 0 0 1 0 0 0 -1 32064a.dat
1 71 0 0 -40 0 0 -1 -1 0 0 0 1 0 44225.dat
1 71 0 0 40 0 0 -1 1 0 0 0 -1 0 44225.dat
1 71 20.182 79.865 0 -0.798637 0 -0.601816 0.601816 0 -0.798637 0 -1 0 6629.dat
0
0 FILE 10174_4.ldr
0 Imperial AT-ST
0 Name: 10174_4.ldr
0 Author: Sebastian Sand
0 Unofficial Model
0 ROTATION CENTER 0 0 0 1 "Custom" 
0 ROTATION CONFIG 0 0
1 71 0 14 220 1 0 0 0 1 0 0 0 1 3036.dat
1 71 0 -42 220 1 0 0 0 1 0 0 0 1 3036.dat
1 72 0 -42 140 1 0 0 0 1 0 0 0 1 3034.dat
1 72 0 -42 60 1 0 0 0 1 0 0 0 1 3034.dat
1 72 0 -50 50 1 0 0 0 1 0 0 0 1 3710.dat
1 72 0 -50 150 1 0 0 0 1 0 0 0 1 3710.dat
1 0 0 -82 150 -1 0 0 0 1 0 0 0 -1 6191.dat
1 0 0 -82 50 1 0 0 0 1 0 0 0 1 6191.dat
1 0 50 -82 100 0 0 -1 0 1 0 1 0 0 6191.dat
1 0 -50 -82 100 0 0 1 0 1 0 -1 0 0 6191.dat
1 72 -50 -50 100 0 0 1 0 1 0 -1 0 0 3710.dat
1 72 50 -50 100 0 0 1 0 1 0 -1 0 0 3710.dat
1 72 0 -50 170 1 0 0 0 1 0 0 0 1 2412b.dat
1 72 0 -50 190 1 0 0 0 1 0 0 0 1 2412b.dat
1 72 0 -50 230 1 0 0 0 1 0 0 0 1 2412b.dat
1 72 0 -50 250 1 0 0 0 1 0 0 0 1 2412b.dat
1 71 0 -42 100 1 0 0 0 1 0 0 0 1 3738.dat
1 71 0 14 100 1 0 0 0 1 0 0 0 1 3036.dat
1 0 0 6 100 0 0 1 0 1 0 -1 0 0 3709b.dat
1 0 0 -34 100 0 0 1 0 1 0 -1 0 0 3709b.dat
1 72 -70 -10 270 0 0 1 0 1 0 -1 0 0 3665.dat
1 72 70 -10 270 0 0 -1 0 1 0 1 0 0 3665.dat
1 72 10 -34 250 0 0 -1 0 1 0 1 0 0 3665.dat
1 72 -70 -34 250 0 0 -1 0 1 0 1 0 0 3665.dat
1 72 -10 -34 250 0 0 1 0 1 0 -1 0 0 3665.dat
1 72 70 -34 250 0 0 1 0 1 0 -1 0 0 3665.dat
1 72 10 -10 250 0 0 -1 0 1 0 1 0 0 3040b.dat
1 72 -70 -10 250 0 0 -1 0 1 0 1 0 0 3040b.dat
1 72 70 -34 270 0 0 -1 0 1 0 1 0 0 3040b.dat
1 72 -70 -34 270 0 0 1 0 1 0 -1 0 0 3040b.dat
1 72 -10 -10 250 0 0 1 0 1 0 -1 0 0 3040b.dat
1 72 70 -10 250 0 0 1 0 1 0 -1 0 0 3040b.dat
1 72 0 -10 270 -1 0 0 0 1 0 0 0 -1 3700.dat
1 71 0 -34 270 -1 0 0 0 1 0 0 0 -1 3004.dat
1 71 0 -18 130 -1 0 0 0 1 0 0 0 -1 3004.dat
1 71 0 -18 70 -1 0 0 0 1 0 0 0 -1 3004.dat
1 71 -70 -34 80 0 0 1 0 1 0 -1 0 0 3004.dat
1 71 70 -34 80 0 0 1 0 1 0 -1 0 0 3004.dat
1 72 0 -10 50 1 0 0 0 1 0 0 0 1 30414.dat
1 72 -40 -34 50 1 0 0 0 1 0 0 0 1 30414.dat
1 72 40 -34 50 1 0 0 0 1 0 0 0 1 30414.dat
1 1 0 0 280 0 0 -1 0 1 0 1 0 0 4274.dat
1 72 0 0 288 0 0 -1 1 0 0 0 -1 0 4740.dat
1 72 40 6 270 1 0 0 0 1 0 0 0 1 2412b.dat
1 72 -40 6 270 1 0 0 0 1 0 0 0 1 2412b.dat
1 71 70 -34 220 0 0 -1 0 1 0 1 0 0 4864b.dat
1 71 -70 -34 220 0 0 1 0 1 0 -1 0 0 4864b.dat
1 71 -70 -10 120 0 0 1 0 1 0 -1 0 0 3702.dat
1 19 -90 -10 140 0 0 1 0 1 0 -1 0 0 3701.dat
1 19 -110 -10 140 0 0 1 0 1 0 -1 0 0 3701.dat
1 71 -130 -10 80 0 0 1 0 1 0 -1 0 0 2730.dat
1 71 -150 -10 80 0 0 1 0 1 0 -1 0 0 2730.dat
1 71 -140 14 0 0 0 1 0 1 0 -1 0 0 4032a.dat
1 71 140 14 0 0 0 1 0 1 0 -1 0 0 4032a.dat
1 72 -140 -18 0 0 0 1 0 1 0 -1 0 0 3022.dat
1 72 140 -18 0 0 0 1 0 1 0 -1 0 0 3022.dat
1 71 -130 -18 160 -1 0 0 0 1 0 0 0 -1 3021.dat
1 71 -110 14 160 -1 0 0 0 1 0 0 0 -1 3021.dat
1 71 0 22 160 -1 0 0 0 1 0 0 0 -1 3832.dat
1 71 110 14 160 -1 0 0 0 1 0 0 0 -1 3021.dat
1 71 130 -18 160 -1 0 0 0 1 0 0 0 -1 3021.dat
1 72 -130 -18 80 0 0 -1 0 1 0 1 0 0 6636.dat
1 72 -150 -26 60 0 0 -1 0 1 0 1 0 0 2431.dat
1 72 150 -26 60 0 0 -1 0 1 0 1 0 0 2431.dat
1 72 130 -18 80 0 0 -1 0 1 0 1 0 0 6636.dat
1 72 150 -18 60 0 0 -1 0 1 0 1 0 0 44567.dat
1 72 -150 -18 60 0 0 1 0 1 0 -1 0 0 44567.dat
1 0 -150 -18 30 0 0 1 0 1 0 -1 0 0 4073.dat
1 0 -150 -18 90 0 0 1 0 1 0 -1 0 0 4073.dat
1 0 150 -18 90 0 0 1 0 1 0 -1 0 0 4073.dat
1 0 150 -18 30 0 0 1 0 1 0 -1 0 0 4073.dat
1 0 140 -26 0 0 0 1 0 1 0 -1 0 0 4073.dat
1 0 140 -26 160 0 0 1 0 1 0 -1 0 0 4073.dat
1 0 -140 -26 160 0 0 1 0 1 0 -1 0 0 4073.dat
1 0 -140 -26 0 0 0 1 0 1 0 -1 0 0 4073.dat
1 72 -140 -34 0 0 0 1 0 1 0 -1 0 0 4740.dat
1 72 -140 -34 160 0 0 1 0 1 0 -1 0 0 4740.dat
1 72 140 -34 160 0 0 1 0 1 0 -1 0 0 4740.dat
1 72 140 -34 0 0 0 1 0 1 0 -1 0 0 4740.dat
1 71 150 -10 80 0 0 1 0 1 0 -1 0 0 2730.dat
1 71 130 -10 80 0 0 1 0 1 0 -1 0 0 2730.dat
1 0 -70 0 140 1 0 0 0 1 0 0 0 1 6558.dat
1 0 70 0 140 -1 0 0 0 1 0 0 0 -1 6558.dat
1 0 110 0 160 -1 0 0 0 1 0 0 0 -1 6558.dat
1 0 110 0 120 -1 0 0 0 1 0 0 0 -1 6558.dat
1 0 -110 0 160 1 0 0 0 1 0 0 0 1 6558.dat
1 0 -110 0 120 1 0 0 0 1 0 0 0 1 6558.dat
1 19 90 -10 140 0 0 1 0 1 0 -1 0 0 3701.dat
1 19 110 -10 140 0 0 1 0 1 0 -1 0 0 3701.dat
1 71 70 -10 120 0 0 1 0 1 0 -1 0 0 3702.dat
1 71 0 -34 190 1 0 0 0 1 0 0 0 1 3702.dat
1 72 -70 -34 140 0 0 1 0 1 0 -1 0 0 3037.dat
1 72 0 -26 130 -1 0 0 0 1 0 0 0 -1 3023.dat
1 72 0 -26 70 -1 0 0 0 1 0 0 0 -1 3023.dat
1 72 70 -34 140 0 0 -1 0 1 0 1 0 0 3037.dat
1 71 -60 -24 24 1 0 0 0 0 -1 0 1 0 47457.dat
1 71 60 -24 24 1 0 0 0 0 -1 0 1 0 47457.dat
1 71 0 -24 32 1 0 0 0 0 -1 0 1 0 3794a.dat
1 71 0 0 32 1 0 0 0 0 -1 0 1 0 3794a.dat
1 0 -50 -66 50 1 0 0 0 1 0 0 0 1 4070.dat
1 0 -70 -66 70 1 0 0 0 1 0 0 0 1 4070.dat
1 71 -70 -66 150 0 0 1 0 1 0 -1 0 0 4599.dat
1 71 -70 -66 170 0 0 1 0 1 0 -1 0 0 4599.dat
1 71 -70 -66 190 0 0 1 0 1 0 -1 0 0 4599.dat
1 71 -70 -66 210 0 0 1 0 1 0 -1 0 0 4599.dat
1 71 -70 -66 230 0 0 1 0 1 0 -1 0 0 4599.dat
1 71 70 -66 230 0 0 -1 0 1 0 1 0 0 4599.dat
1 71 70 -66 210 0 0 -1 0 1 0 1 0 0 4599.dat
1 71 70 -66 190 0 0 -1 0 1 0 1 0 0 4599.dat
1 71 70 -66 170 0 0 -1 0 1 0 1 0 0 4599.dat
1 71 70 -66 150 0 0 -1 0 1 0 1 0 0 4599.dat
1 0 70 -66 70 1 0 0 0 1 0 0 0 1 4070.dat
1 0 50 -66 50 1 0 0 0 1 0 0 0 1 4070.dat
0
0 FILE 10174_5.ldr
0 Imperial AT-ST
0 Name: 10174_5.ldr
0 Author: Sebastian Sand
0 Unofficial Model
0 ROTATION CENTER 0 0 0 1 "Custom" 
0 ROTATION CONFIG 0 0
1 0 0 -16 0 1 0 0 0 1 0 0 0 1 3404.dat
1 0 0 -40 0 1 0 0 0 1 0 0 0 1 6222.dat
1 71 0 -40 -160 1 0 0 0 1 0 0 0 1 3795.dat
1 71 -40 -88 40 0 0 -1 0 1 0 1 0 0 3795.dat
1 0 -40 -96 60 0 0 -1 0 1 0 1 0 0 3709b.dat
1 0 30 -120 40 0 0 -1 0 1 0 1 0 0 3937.dat
1 0 30 -120 80 0 0 -1 0 1 0 1 0 0 3937.dat
1 0 -30 -120 80 0 0 1 0 1 0 -1 0 0 3937.dat
1 0 -30 -120 40 0 0 1 0 1 0 -1 0 0 3937.dat
1 71 -31.908 -119.816 40 0 0.19081 -0.981627 0 0.981627 0.19081 1 0 0 6134.dat
1 71 -31.908 -119.816 80 0 0.19081 -0.981627 0 0.981627 0.19081 1 0 0 6134.dat
1 71 31.908 -119.816 80 0 -0.190809 0.981628 0 0.981628 0.190809 -1 0 0 6134.dat
1 71 31.908 -119.816 40 0 -0.190809 0.981628 0 0.981628 0.190809 -1 0 0 6134.dat
1 71 11.906 -71.816 -60 0 -0.190809 0.981627 0 0.981627 0.190809 -1 0 0 6134.dat
1 71 11.906 -71.816 -100 0 -0.190809 0.981627 0 0.981627 0.190809 -1 0 0 6134.dat
1 71 -11.908 -71.816 -100 0 0.190809 -0.981627 0 0.981627 0.190809 1 0 0 6134.dat
1 71 -11.908 -71.816 -60 0 0.190809 -0.981627 0 0.981627 0.190809 1 0 0 6134.dat
1 0 -10 -72 -60 0 0 1 0 1 0 -1 0 0 3937.dat
1 0 -10 -72 -100 0 0 1 0 1 0 -1 0 0 3937.dat
1 0 10 -72 -100 0 0 -1 0 1 0 1 0 0 3937.dat
1 0 40 -72 -130 1 0 0 0 1 0 0 0 1 3937.dat
1 0 0 -72 -130 1 0 0 0 1 0 0 0 1 3937.dat
1 0 0 -65.007 -139.537 1 0 0 0 0.300706 -0.953718 0 0.953718 0.300706 10174_6.ldr
1 0 -40 -72 -130 1 0 0 0 1 0 0 0 1 3937.dat
1 0 10 -72 -60 0 0 -1 0 1 0 1 0 0 3937.dat
1 0 40 -96 60 0 0 -1 0 1 0 1 0 0 3709b.dat
1 72 0 -104 70 1 0 0 0 1 0 0 0 1 30363.dat
1 72 -70 -104 70 1 0 0 0 1 0 0 0 1 4286.dat
1 72 -50 -104 60 0 0 1 0 1 0 -1 0 0 3023.dat
1 72 -50 -112 60 0 0 1 0 1 0 -1 0 0 2412b.dat
1 72 50 -112 60 0 0 1 0 1 0 -1 0 0 2412b.dat
1 71 -70 -112 90 0 0 1 0 1 0 -1 0 0 3623.dat
1 71 70 -112 90 0 0 1 0 1 0 -1 0 0 3623.dat
1 71 0 -112 90 0 0 1 0 1 0 -1 0 0 3021.dat
1 72 50 -104 60 0 0 1 0 1 0 -1 0 0 3023.dat
1 72 70 -104 70 1 0 0 0 1 0 0 0 1 4286.dat
1 72 -70 -104 100 0 0 -1 0 1 0 1 0 0 30365.dat
1 72 -10 -104 100 0 0 -1 0 1 0 1 0 0 30365.dat
1 72 10 -104 100 0 0 -1 0 1 0 1 0 0 30365.dat
1 72 70 -104 100 0 0 -1 0 1 0 1 0 0 30365.dat
1 0 0 -224 124 -1 0 0 0 0 -1 0 -1 0 10174_9.ldr
1 71 40 -88 40 0 0 -1 0 1 0 1 0 0 3795.dat
1 71 0 -80 -20 1 0 0 0 1 0 0 0 1 3795.dat
1 71 0 -48 -100 0 0 1 0 1 0 -1 0 0 3036.dat
1 71 -40 -64 -80 0 0 1 0 1 0 -1 0 0 3068b.dat
1 71 40 -64 -80 0 0 1 0 1 0 -1 0 0 3068b.dat
1 71 27.829 -101.319 -80 0 -0.190809 0.981627 0 0.981627 0.190809 -1 0 0 3068b.dat
1 71 -27.831 -101.321 -80 0 0.190809 0.981627 0 0.981627 -0.190809 -1 0 0 3068b.dat
1 71 -47.831 -149.32 60 0 0.19081 0.981627 0 0.981627 -0.19081 -1 0 0 3068b.dat
1 71 47.831 -149.32 60 0 -0.190809 0.981628 0 0.981628 0.190809 -1 0 0 3068b.dat
1 71 0 -80 60 -1 0 0 0 1 0 0 0 -1 3036.dat
1 71 0 -72 0 0 0 1 0 1 0 -1 0 0 3941.dat
1 71 -50 -72 0 0 0 1 0 1 0 -1 0 0 3010.dat
1 71 50 -72 0 0 0 1 0 1 0 -1 0 0 3010.dat
1 71 16.486 -95.375 -80 0 -0.190809 0.981627 0 0.981627 0.190809 -1 0 0 3010.dat
1 71 -16.488 -95.375 -80 0 0.190809 0.981627 0 0.981627 -0.190809 -1 0 0 3010.dat
1 71 -36.488 -143.375 60 0 0.19081 0.981627 0 0.981627 -0.19081 -1 0 0 3010.dat
1 71 36.487 -143.376 60 0 -0.190809 0.981628 0 0.981628 0.190809 -1 0 0 3010.dat
1 19 56.12 -139.56 60 0 -0.190809 0.981628 0 0.981628 0.190809 -1 0 0 3701.dat
1 1 64.028 -127.835 40 0.981628 -0.184308 -0.0493851 0.190809 0.948181 0.254064 0 -0.258819 0.965926 3749.dat
1 0 93.477 -122.111 40 0.0493851 -0.184308 0.981628 -0.254064 0.948181 0.190809 -0.965926 -0.258819 0 32014.dat
1 0 -93.477 -122.111 40 0.0493852 0.184309 -0.981627 0.254063 0.948179 0.19081 0.965926 -0.258819 0 32014.dat
1 71 -104.535 -179.001 55.529 -0.184309 0.0493852 -0.981627 -0.948179 0.254063 0.19081 0.258819 0.965926 0 32073.dat
1 0 -69.517 1.153 6.354 0.184309 0.982196 0.0363574 0.948179 -0.167941 -0.269728 -0.258819 0.0841862 -0.96225 10174_7.ldr
1 0 69.517 1.153 6.354 -0.184308 -0.982197 -0.0363577 0.948181 -0.167941 -0.269728 -0.258819 0.0841862 -0.96225 10174_8.ldr
1 71 104.536 -179.001 55.529 0.184308 -0.0493851 -0.981628 -0.948181 0.254064 -0.190809 0.258819 0.965926 0 32073.dat
1 72 107.301 -193.223 59.411 0.0493851 0.184308 -0.981628 -0.254064 -0.948181 -0.190809 -0.965926 0.258819 0 6632.dat
1 72 -68.035 -200.856 59.411 -0.0493852 -0.184309 -0.981627 -0.254063 -0.948179 0.19081 -0.965926 0.258819 0 6632.dat
1 72 -57.701 -202.581 -35.195 -0.0652606 -0.179302 -0.981627 -0.335736 -0.922428 0.190809 -0.939693 0.34202 0 6632.dat
1 72 96.965 -194.949 -35.195 0.0652603 0.179302 -0.981627 -0.335736 -0.922428 -0.190809 -0.939693 0.34202 0 6632.dat
1 71 58.596 -207.192 -33.486 -0.179302 0.0652603 -0.981627 0.922428 -0.335736 -0.190809 -0.34202 -0.939693 0 2736.dat
1 71 -58.597 -207.193 -33.485 0.179302 -0.0652606 -0.981627 0.922428 -0.335736 0.190809 -0.34202 -0.939693 0 2736.dat
1 1 -64.027 -127.835 40 -0.981627 0.184309 -0.0493852 0.19081 0.948179 -0.254063 0 -0.258819 -0.965926 3749.dat
1 19 -56.119 -139.559 60 0 0.19081 0.981627 0 0.981627 -0.19081 -1 0 0 3701.dat
1 1 44.027 -79.835 -80 0.981627 -0.179302 -0.0652603 0.190809 0.922428 0.335736 0 -0.34202 0.939693 3749.dat
1 0 73.477 -74.11 -80 0.0652603 -0.179302 0.981627 -0.335736 0.922428 0.190809 -0.939693 -0.34202 0 32014.dat
1 0 -73.477 -74.11 -80 0.0652606 0.179302 -0.981627 0.335736 0.922428 0.190809 0.939693 -0.34202 0 32014.dat
1 0 -89.614 -157.128 -49.218 -0.179302 0.0652606 -0.981627 -0.922428 0.335736 0.190809 0.34202 0.939693 0 3707.dat
1 0 89.613 -157.13 -49.218 0.179302 -0.0652603 -0.981627 -0.922428 0.335736 -0.190809 0.34202 0.939693 0 3707.dat
1 0 0 5 0 0 0 -1 -1 0 0 0 1 0 3707.dat
1 1 -44.028 -79.835 -80 -0.981627 0.179302 -0.0652606 0.190809 0.922428 -0.335736 0 -0.34202 -0.939693 3749.dat
1 19 -36.12 -91.559 -80 0 0.190809 0.981627 0 0.981627 -0.190809 -1 0 0 3701.dat
1 19 36.118 -91.559 -80 0 -0.190809 0.981627 0 0.981627 0.190809 -1 0 0 3701.dat
1 72 -40 -56 -80 0 0 1 0 1 0 -1 0 0 3022.dat
1 72 -30 -56 -170 1 0 0 0 1 0 0 0 1 50746.dat
1 72 30 -56 -170 1 0 0 0 1 0 0 0 1 50746.dat
1 72 0 -56 -170 -1 0 0 0 1 0 0 0 -1 3710.dat
1 72 40 -56 -80 0 0 1 0 1 0 -1 0 0 3022.dat
1 71 0 -48 40 1 0 0 0 1 0 0 0 1 3795.dat
1 0 0 -48 0 1 0 0 0 1 0 0 0 1 32001.dat
1 72 -40 -72 50 -1 0 0 0 1 0 0 0 -1 3747a.dat
1 72 0 -72 50 -1 0 0 0 1 0 0 0 -1 3747a.dat
1 72 40 -72 50 -1 0 0 0 1 0 0 0 -1 3747a.dat
1 71 -50 -40 -40 0 0 1 0 1 0 -1 0 0 4477.dat
1 71 50 -40 -40 0 0 1 0 1 0 -1 0 0 4477.dat
0
0 FILE 10174_6.ldr
0 Imperial AT-ST
0 Name: 10174_6.ldr
0 Author: Sebastian Sand
0 Unofficial Model
0 ROTATION CENTER 0 0 0 1 "Custom" 
0 ROTATION CONFIG 0 0
1 71 -40 0 0 1 0 0 0 1 0 0 0 1 6134.dat
1 71 0 0 0 1 0 0 0 1 0 0 0 1 6134.dat
1 71 40 0 0 1 0 0 0 1 0 0 0 1 6134.dat
1 71 60 -109.071 207.071 -1 0 0 0 0.707107 -0.707107 0 -0.707107 -0.707107 6134.dat
1 71 -60 -109.071 207.071 -1 0 0 0 0.707107 -0.707107 0 -0.707107 -0.707107 6134.dat
1 0 60 -112 200 -1 0 0 0 1 0 0 0 -1 3937.dat
1 0 -60 -112 200 -1 0 0 0 1 0 0 0 -1 3937.dat
1 71 0 -8 10 1 0 0 0 1 0 0 0 1 3795.dat
1 0 10 -32 20 0 0 1 0 1 0 -1 0 0 2357.dat
1 71 0 -80 20 -1 0 0 0 1 0 0 0 -1 3010.dat
1 71 0 -80 0 -1 0 0 0 1 0 0 0 -1 3009.dat
1 71 0 -88 210 -1 0 0 0 1 0 0 0 -1 3832.dat
1 71 0 -88 130 -1 0 0 0 1 0 0 0 -1 3795.dat
1 71 -70 -88 140 -1 0 0 0 1 0 0 0 -1 2420.dat
1 71 70 -88 140 0 0 1 0 1 0 -1 0 0 2420.dat
1 71 70 -104 140 0 0 1 0 1 0 -1 0 0 2420.dat
1 71 90 -104 190 0 0 1 0 1 0 -1 0 0 2431.dat
1 71 -90 -104 190 0 0 1 0 1 0 -1 0 0 2431.dat
1 71 0 -104 190 0 0 1 0 1 0 -1 0 0 3068b.dat
1 71 -70 -104 140 -1 0 0 0 1 0 0 0 -1 2420.dat
1 71 0 -104 70 0 0 -1 0 1 0 1 0 0 3036.dat
1 72 0 -88 170 -1 0 0 0 1 0 0 0 -1 3022.dat
1 72 -90 -88 170 0 0 -1 0 1 0 1 0 0 3023.dat
1 72 90 -88 170 0 0 -1 0 1 0 1 0 0 3023.dat
1 72 0 -80 220 1 0 0 0 1 0 0 0 1 3660.dat
1 72 0 -43.813 -97.543 1 0 0 0 0.382683 0.92388 0 -0.92388 0.382683 3660.dat
1 72 -10 -62.236 -79.197 1 0 0 0 0.382683 0.92388 0 -0.92388 0.382683 30359b.dat
1 71 0 -59.12 -60.588 1 0 0 0 0.382683 0.92388 0 -0.92388 0.382683 47457.dat
1 72 0 -62.182 -53.197 1 0 0 0 0.382683 0.92388 0 -0.92388 0.382683 3023.dat
1 72 0 -83.721 -53.46 1 0 0 0 0.382683 0.92388 0 -0.92388 0.382683 3710.dat
1 72 -20 -65.243 -45.806 -1 0 0 0 0.382683 -0.92388 0 -0.92388 -0.382683 44567.dat
1 72 20 -65.243 -45.806 -1 0 0 0 0.382683 -0.92388 0 -0.92388 -0.382683 44567.dat
1 71 0 -77.543 -42.242 -1 0 0 0 0.382683 -0.92388 0 -0.92388 -0.382683 3068b.dat
1 72 10 -62.236 -79.197 1 0 0 0 0.382683 0.92388 0 -0.92388 0.382683 30359b.dat
1 0 -10 -39.931 -80.782 0 0 1 0.382683 0.92388 0 -0.92388 0.382683 0 4085c.dat
1 0 10 -39.931 -80.782 0 0 -1 -0.382683 0.92388 0 0.92388 0.382683 0 4085c.dat
1 71 30 -32.54 -77.721 0 0 -1 0.382683 -0.92388 0 -0.92388 -0.382683 0 30374.dat
1 71 -30 -32.54 -77.721 0 0 -1 0.382683 -0.92388 0 -0.92388 -0.382683 0 30374.dat
1 72 -30 -69.496 -93.028 0 0 -1 0.382683 -0.92388 0 -0.92388 -0.382683 0 4589.dat
1 72 30 -69.496 -93.028 0 0 -1 0.382683 -0.92388 0 -0.92388 -0.382683 0 4589.dat
1 72 30 -91.669 -102.212 0 0 -1 0.382683 -0.92388 0 -0.92388 -0.382683 0 3062b.dat
1 72 -30 -91.669 -102.212 0 0 -1 0.382683 -0.92388 0 -0.92388 -0.382683 0 3062b.dat
1 72 0 -32.54 -77.721 1 0 0 0 0.92388 -0.382683 0 0.382683 0.92388 3023.dat
1 1 10 -187.752 -142.011 0 0 -1 0.92388 0.382683 0 0.382683 -0.92388 0 3749.dat
1 1 20 -46 -10 0 0 1 0 1 0 -1 0 0 3749.dat
1 1 -20 -46 -10 0 0 1 0 1 0 -1 0 0 3749.dat
1 72 -20 -46 -30 1 0 0 0 1 0 0 0 1 482.dat
1 72 20 -46 -30 1 0 0 0 1 0 0 0 1 482.dat
1 71 10 -206.23 -149.665 0 0 1 -0.92388 0.382683 0 -0.382683 -0.92388 0 75535.dat
1 71 -10 -206.23 -149.665 0 0 1 -0.92388 0.382683 0 -0.382683 -0.92388 0 75535.dat
1 1 -10 -187.752 -142.011 0 0 -1 0.92388 0.382683 0 0.382683 -0.92388 0 3749.dat
1 71 -90 -80 220 1 0 0 0 1 0 0 0 1 4287.dat
1 71 90 -80 220 1 0 0 0 1 0 0 0 1 4287.dat
1 71 -60 -96 220 -1 0 0 0 1 0 0 0 -1 3666.dat
1 71 0 -96 170 0 0 -1 0 1 0 1 0 0 3020.dat
1 71 0 -96 110 1 0 0 0 1 0 0 0 1 3020.dat
1 71 0 -96 10 1 0 0 0 1 0 0 0 1 3020.dat
1 71 0 -88 10 1 0 0 0 1 0 0 0 1 3020.dat
1 71 0 -43.867 -123.543 1 0 0 0 0.382683 0.92388 0 -0.92388 0.382683 3020.dat
1 71 30 -71.42 -57.024 0 0 1 -0.92388 0.382683 0 -0.382683 -0.92388 0 2362b.dat
1 71 -30 -71.42 -57.024 0 0 -1 0.92388 0.382683 0 0.382683 -0.92388 0 2362b.dat
1 71 -100 -96 170 1 0 0 0 1 0 0 0 1 41769.dat
1 72 -50 -96 150 0 0 1 0 1 0 -1 0 0 43722.dat
1 72 50 -96 150 0 0 -1 0 1 0 1 0 0 43723.dat
1 71 -50 -135.941 191.514 0 0 -1 0.707107 0.707107 0 0.707107 -0.707107 0 43722.dat
1 71 -50 -114.728 212.728 1 0 0 0 0.707107 0.707107 0 -0.707107 0.707107 3623.dat
1 71 50 -114.728 212.728 1 0 0 0 0.707107 0.707107 0 -0.707107 0.707107 3623.dat
1 71 50 -135.941 191.514 0 0 1 -0.707107 0.707107 0 -0.707107 -0.707107 0 43723.dat
1 71 -70 -96 10 1 0 0 0 1 0 0 0 1 47398.dat
1 71 70 -96 10 1 0 0 0 1 0 0 0 1 47397.dat
1 71 100 -96 170 1 0 0 0 1 0 0 0 1 41770.dat
1 71 60 -96 220 -1 0 0 0 1 0 0 0 -1 3666.dat
1 72 50 -80 20 -1 0 0 0 1 0 0 0 -1 3665.dat
1 72 -50 -80 20 -1 0 0 0 1 0 0 0 -1 3665.dat
1 71 -50 -88 20 0 0 -1 0 1 0 1 0 0 3623.dat
1 71 50 -88 20 0 0 -1 0 1 0 1 0 0 3623.dat
1 0 -10 -32 20 -1 0 0 0 1 0 0 0 -1 2357.dat
1 71 -50 -56 10 0 0 -1 0 1 0 1 0 0 3245a.dat
1 71 50 -56 10 0 0 -1 0 1 0 1 0 0 3245a.dat
1 19 0 -56 20 -1 0 0 0 1 0 0 0 -1 3701.dat
1 19 0 -56 0 -1 0 0 0 1 0 0 0 -1 3701.dat
1 0 0 -46 10 0 0 -1 0 1 0 1 0 0 3673.dat
0
0 FILE 10174_7.ldr
0 Imperial AT-ST
0 Name: 10174_7.ldr
0 Author: Sebastian Sand
0 Unofficial Model
0 ROTATION CENTER 0 0 0 1 "Custom" 
0 ROTATION CONFIG 0 0
1 71 0 -26 200 1 0 0 0 1 0 0 0 1 3036.dat
1 71 -220 -26 20 1 0 0 0 1 0 0 0 1 3036.dat
1 71 -170 -26 90 1 0 0 0 1 0 0 0 1 3623.dat
1 71 -130 -26 -10 0 0 1 0 1 0 -1 0 0 3623.dat
1 72 -220 -26 90 1 0 0 0 1 0 0 0 1 3023.dat
1 71 -180 -26 180 0 0 1 0 1 0 -1 0 0 3035.dat
1 71 -260 -26 110 0 0 1 0 1 0 -1 0 0 3021.dat
1 71 -100 -26 60 0 0 1 0 1 0 -1 0 0 3031.dat
1 71 -90 -26 180 0 0 1 0 1 0 -1 0 0 3460.dat
1 71 -230 -26 180 0 0 1 0 1 0 -1 0 0 3460.dat
1 71 -120 -26 180 0 0 1 0 1 0 -1 0 0 3738.dat
1 71 -120 -18 180 -1 0 0 0 1 0 0 0 -1 3738.dat
1 71 -200 -18 40 0 0 -1 0 1 0 1 0 0 3032.dat
1 71 -120 -18 100 0 0 -1 0 1 0 1 0 0 3032.dat
1 71 0 -34 160 1 0 0 0 1 0 0 0 1 3032.dat
1 71 -120 -34 60 0 0 1 0 1 0 -1 0 0 3032.dat
1 71 -220 -34 40 0 0 1 0 1 0 -1 0 0 3958.dat
1 71 -100 -34 140 1 0 0 0 1 0 0 0 1 3020.dat
1 71 -120 -34 240 1 0 0 0 1 0 0 0 1 3020.dat
1 0 -100 -34 180 1 0 0 0 1 0 0 0 1 3709b.dat
1 72 -60 -34 230 -1 0 0 0 1 0 0 0 -1 43722.dat
1 71 -180 -34 160 1 0 0 0 1 0 0 0 1 41769.dat
1 71 -220 -34 -50 0 0 1 0 1 0 -1 0 0 47397.dat
1 71 -240 -26 -70 0 0 1 0 1 0 -1 0 0 47397.dat
1 71 -280 -34 140 -1 0 0 0 1 0 0 0 -1 41770.dat
1 72 -180 -34 230 -1 0 0 0 1 0 0 0 -1 43723.dat
1 72 -300 -26 110 -1 0 0 0 1 0 0 0 -1 43723.dat
1 72 -180 -34 110 -1 0 0 0 1 0 0 0 -1 3023.dat
1 72 -120 -34 -10 -1 0 0 0 1 0 0 0 -1 3710.dat
1 71 -230 -34 110 -1 0 0 0 1 0 0 0 -1 3623.dat
1 71 -230 -34 150 0 0 -1 0 1 0 1 0 0 2450.dat
1 71 20 -26 110 0 0 -1 0 1 0 1 0 0 54383.dat
1 71 -90 -26 -40 1 0 0 0 1 0 0 0 1 54384.dat
1 71 -50 -34 60 1 0 0 0 1 0 0 0 1 54384.dat
1 71 -310 -34 40 -1 0 0 0 1 0 0 0 -1 54384.dat
1 71 -330 -26 20 -1 0 0 0 1 0 0 0 -1 54384.dat
1 71 -290 -18 100 -1 0 0 0 1 0 0 0 -1 54384.dat
1 72 -220 -18 -40 -1 0 0 0 1 0 0 0 -1 2445.dat
1 72 -140 -18 220 -1 0 0 0 1 0 0 0 -1 2445.dat
1 71 -300 -18 10 0 0 -1 0 1 0 1 0 0 3021.dat
1 71 -230 -18 180 1 0 0 0 1 0 0 0 1 3021.dat
1 71 -270 -26 200 -1 0 0 0 1 0 0 0 -1 54384.dat
1 72 -190 -10 20 0 0 -1 0 1 0 1 0 0 3894.dat
1 72 -170 -10 20 0 0 -1 0 1 0 1 0 0 3894.dat
1 0 -180 0 20 1 0 0 0 1 0 0 0 1 3673.dat
1 0 -180 0 60 1 0 0 0 1 0 0 0 1 3673.dat
1 0 -180 0 -20 1 0 0 0 1 0 0 0 1 3673.dat
1 0 -120 -10 100 0 0 1 0 1 0 -1 0 0 32324.dat
1 0 -120 -30 180 -0.965926 0 -0.258819 0 1 0 0.258819 0 -0.965926 10174_7b.ldr
0
0 FILE 10174_7b.ldr
0 Imperial AT-ST
0 Name: 10174_7b.ldr
0 Author: Sebastian Sand
0 Unofficial Model
0 ROTATION CENTER 0 0 0 1 "Custom" 
0 ROTATION CONFIG 0 0
1 0 0 0 0 0 -1 0 1 0 0 0 0 1 3706.dat
1 71 0 30 0 0 -1 0 0 0 1 -1 0 0 3713.dat
1 71 0 -24 0 1 0 0 0 1 0 0 0 1 4032a.dat
1 72 0 -32 0 1 0 0 0 1 0 0 0 1 3961.dat
1 71 0 -40 0 1 0 0 0 1 0 0 0 1 45729.dat
1 72 0 -70 0 0 -1 0 0 0 -1 1 0 0 32013.dat
1 72 0 -70 -8 0 1 0 0 0 -1 -1 0 0 6587.dat
1 71 0 -70 -34 1 0 0 0 0 -1 0 1 0 3941.dat
1 71 0 -70 -62 1 0 0 0 0 -1 0 1 0 4733.dat
1 72 0 -84 -52 1 0 0 0 1 0 0 0 1 30162.dat
1 72 0 -56 -52 -1 0 0 0 -1 0 0 0 1 30162.dat
1 72 14 -70 -52 0 -1 0 1 0 0 0 0 1 30162.dat
1 72 -14 -70 -52 0 1 0 -1 0 0 0 0 1 30162.dat
1 72 0 -70 34 -1 0 0 0 0 -1 0 -1 0 30367.dat
0
0 FILE 10174_8.ldr
0 Imperial AT-ST
0 Name: 10174_9.ldr
0 Author: Sebastian Sand
0 Unofficial Model
0 ROTATION CENTER 0 0 0 1 "Custom" 
0 ROTATION CONFIG 0 0
1 71 0 -26 200 1 0 0 0 1 0 0 0 1 3036.dat
1 71 -220 -26 20 1 0 0 0 1 0 0 0 1 3036.dat
1 71 -170 -26 90 1 0 0 0 1 0 0 0 1 3623.dat
1 71 -130 -26 -10 0 0 1 0 1 0 -1 0 0 3623.dat
1 72 -220 -26 90 1 0 0 0 1 0 0 0 1 3023.dat
1 71 -180 -26 180 0 0 1 0 1 0 -1 0 0 3035.dat
1 71 -260 -26 110 0 0 1 0 1 0 -1 0 0 3021.dat
1 71 -100 -26 60 0 0 1 0 1 0 -1 0 0 3031.dat
1 71 -90 -26 180 0 0 1 0 1 0 -1 0 0 3460.dat
1 71 -230 -26 180 0 0 1 0 1 0 -1 0 0 3460.dat
1 71 -120 -26 180 0 0 1 0 1 0 -1 0 0 3738.dat
1 71 -120 -18 180 -1 0 0 0 1 0 0 0 -1 3738.dat
1 71 -200 -18 40 0 0 -1 0 1 0 1 0 0 3032.dat
1 71 -120 -18 100 0 0 -1 0 1 0 1 0 0 3032.dat
1 71 0 -34 160 1 0 0 0 1 0 0 0 1 3032.dat
1 71 -120 -34 60 0 0 1 0 1 0 -1 0 0 3032.dat
1 71 -220 -34 40 0 0 1 0 1 0 -1 0 0 3958.dat
1 71 -100 -34 140 1 0 0 0 1 0 0 0 1 3020.dat
1 71 -120 -34 240 1 0 0 0 1 0 0 0 1 3020.dat
1 0 -100 -34 180 1 0 0 0 1 0 0 0 1 3709b.dat
1 72 -60 -34 230 -1 0 0 0 1 0 0 0 -1 43722.dat
1 71 -180 -34 160 1 0 0 0 1 0 0 0 1 41769.dat
1 71 -220 -34 -50 0 0 1 0 1 0 -1 0 0 47397.dat
1 71 -240 -26 -70 0 0 1 0 1 0 -1 0 0 47397.dat
1 71 -280 -34 140 -1 0 0 0 1 0 0 0 -1 41770.dat
1 72 -180 -34 230 -1 0 0 0 1 0 0 0 -1 43723.dat
1 72 -300 -26 110 -1 0 0 0 1 0 0 0 -1 43723.dat
1 72 -180 -34 110 -1 0 0 0 1 0 0 0 -1 3023.dat
1 72 -120 -34 -10 -1 0 0 0 1 0 0 0 -1 3710.dat
1 71 -230 -34 110 -1 0 0 0 1 0 0 0 -1 3623.dat
1 71 -230 -34 150 0 0 -1 0 1 0 1 0 0 2450.dat
1 71 20 -26 110 0 0 -1 0 1 0 1 0 0 54383.dat
1 71 -90 -26 -40 1 0 0 0 1 0 0 0 1 54384.dat
1 71 -50 -34 60 1 0 0 0 1 0 0 0 1 54384.dat
1 71 -310 -34 40 -1 0 0 0 1 0 0 0 -1 54384.dat
1 71 -330 -26 20 -1 0 0 0 1 0 0 0 -1 54384.dat
1 71 -290 -18 100 -1 0 0 0 1 0 0 0 -1 54384.dat
1 72 -220 -18 -40 -1 0 0 0 1 0 0 0 -1 2445.dat
1 72 -140 -18 220 -1 0 0 0 1 0 0 0 -1 2445.dat
1 71 -300 -18 10 0 0 -1 0 1 0 1 0 0 3021.dat
1 71 -230 -18 180 1 0 0 0 1 0 0 0 1 3021.dat
1 71 -270 -26 200 -1 0 0 0 1 0 0 0 -1 54384.dat
1 72 -190 -10 20 0 0 -1 0 1 0 1 0 0 3894.dat
1 72 -170 -10 20 0 0 -1 0 1 0 1 0 0 3894.dat
1 0 -180 0 20 1 0 0 0 1 0 0 0 1 3673.dat
1 0 -180 0 60 1 0 0 0 1 0 0 0 1 3673.dat
1 0 -180 0 -20 1 0 0 0 1 0 0 0 1 3673.dat
1 0 -120 -10 100 0 0 1 0 1 0 -1 0 0 32324.dat
1 0 -120 -30 180 0.258819 0 0.965926 0 1 0 0.965926 0 -0.258819 10174_8b.ldr
0
0 FILE 10174_8b.ldr
0 Imperial AT-ST
0 Name: 10174_8b.ldr
0 Author: Sebastian Sand
0 Unofficial Model
0 ROTATION CENTER 0 0 0 1 "Custom" 
0 ROTATION CONFIG 0 0
1 0 0 -4 0 0 -1 0 1 0 0 0 0 1 3706.dat
1 71 0 30 0 0 -1 0 0 0 1 -1 0 0 3713.dat
1 71 0 -94 14 1 0 0 0 0 -1 0 1 0 32064a.dat
1 0 0 -104 24 0 0 -1 -1 0 0 0 1 0 32062.dat
1 72 0 -124 24 0 1 0 0 0 1 1 0 0 482.dat
1 71 30 -136 24 -1 0 0 0 1 0 0 0 -1 44301.dat
1 71 30 -128 34 -1 0 0 0 1 0 0 0 -1 4032a.dat
1 72 20 -144 13 0 0 -1 0 1 0 1 0 0 45677.dat
1 71 0 -54 -10 1 0 0 0 0 -1 0 1 0 32064a.dat
1 72 0 -74 -18 -1 0 0 0 0 1 0 1 0 43722.dat
1 72 -10 -64 -26 0 0 -1 -1 0 0 0 1 0 2412b.dat
1 72 -10 -74 14 0 0 1 1 0 0 0 1 0 47905.dat
1 72 -44 -74 24 0 1 0 1 0 0 0 0 -1 3062b.dat
1 71 -44 -74 0 0 1 0 1 0 0 0 0 -1 4599.dat
1 71 96 -74 24 0 1 0 1 0 0 0 0 -1 4095.dat
1 71 96 -54 24 0 1 0 1 0 0 0 0 -1 4095.dat
1 72 116 -74 24 0 -1 0 -1 0 0 0 0 -1 4589.dat
1 72 68 -74 24 0 1 0 1 0 0 0 0 -1 4589.dat
1 72 -10 -74 -10 0 0 1 1 0 0 0 1 0 47905.dat
1 71 96 -74 0 0 1 0 1 0 0 0 0 -1 4095.dat
1 72 116 -74 0 0 -1 0 -1 0 0 0 0 -1 4589.dat
1 72 24 -94 0 0 -1 0 -1 0 0 0 0 -1 4589.dat
1 72 68 -74 0 0 1 0 1 0 0 0 0 -1 4589.dat
1 72 116 -54 24 0 -1 0 -1 0 0 0 0 -1 4589.dat
1 72 68 -54 24 0 1 0 1 0 0 0 0 -1 4589.dat
1 72 -44 -54 24 0 1 0 1 0 0 0 0 -1 3062b.dat
1 72 -10 -54 14 0 0 1 1 0 0 0 1 0 47905.dat
1 72 -44 -94 0 0 1 0 1 0 0 0 0 -1 3062b.dat
1 72 -10 -94 -10 0 0 1 1 0 0 0 1 0 47905.dat
1 71 0 -74 38 0 0 1 1 0 0 0 1 0 3021.dat
1 71 0 -24 0 1 0 0 0 1 0 0 0 1 4032a.dat
1 72 0 -32 0 1 0 0 0 1 0 0 0 1 3961.dat
1 71 0 -40 0 1 0 0 0 1 0 0 0 1 45729.dat
0
0 FILE 10174_9.ldr
0 Imperial AT-ST
0 Name: 10174_9.ldr
0 Author: Sebastian Sand
0 Unofficial Model
0 ROTATION CENTER 0 0 0 1 "Custom" 
0 ROTATION CONFIG 0 0
1 72 0 0 0 1 0 0 0 1 0 0 0 1 3030.dat
1 71 80 0 -70 0 0 1 0 1 0 -1 0 0 3021.dat
1 71 -80 0 -70 0 0 1 0 1 0 -1 0 0 3021.dat
1 71 -70 -16 20 -1 0 0 0 1 0 0 0 -1 3021.dat
1 71 70 -16 20 -1 0 0 0 1 0 0 0 -1 3021.dat
1 71 0 -16 -40 0 0 -1 0 1 0 1 0 0 3795.dat
1 72 50 -24 20 0 0 -1 0 1 0 1 0 0 45677.dat
1 72 -50 -24 20 0 0 1 0 1 0 -1 0 0 45677.dat
1 72 0 -40 0 0 0 1 0 1 0 -1 0 0 30367.dat
1 72 -40 -40 -120 0 0 1 0 1 0 -1 0 0 30165.dat
1 72 40 -40 -120 0 0 1 0 1 0 -1 0 0 30165.dat
1 71 0 -24 30 -1 0 0 0 1 0 0 0 -1 47457.dat
1 71 70 -40 -90 -1 0 0 0 1 0 0 0 -1 6231.dat
1 71 40 -40 -90 -1 0 0 0 1 0 0 0 -1 4865a.dat
1 71 10 -40 -90 0 0 -1 0 1 0 1 0 0 6231.dat
1 71 10 -40 -60 0 0 -1 0 1 0 1 0 0 4865a.dat
1 71 10 -40 -30 1 0 0 0 1 0 0 0 1 6231.dat
1 71 40 -40 -30 1 0 0 0 1 0 0 0 1 4865a.dat
1 71 70 -40 -30 0 0 1 0 1 0 -1 0 0 6231.dat
1 71 70 -40 -60 0 0 1 0 1 0 -1 0 0 4865a.dat
1 71 -10 -40 -90 -1 0 0 0 1 0 0 0 -1 6231.dat
1 71 -40 -40 -90 -1 0 0 0 1 0 0 0 -1 4865a.dat
1 71 -70 -40 -90 0 0 -1 0 1 0 1 0 0 6231.dat
1 71 -70 -40 -60 0 0 -1 0 1 0 1 0 0 4865a.dat
1 71 -90 -24 -50 0 0 -1 0 1 0 1 0 0 2555.dat
1 71 -104 -30 -50 0 1 0 1 0 0 0 0 -1 4349.dat
1 71 104 -30 -50 0 -1 0 -1 0 0 0 0 -1 4349.dat
1 71 90 -24 -50 0 0 -1 0 1 0 1 0 0 2555.dat
1 71 -70 -40 -30 1 0 0 0 1 0 0 0 1 6231.dat
1 71 -40 -40 -30 1 0 0 0 1 0 0 0 1 4865a.dat
1 71 -10 -40 -30 0 0 1 0 1 0 -1 0 0 6231.dat
1 71 -10 -40 -60 0 0 1 0 1 0 -1 0 0 4865a.dat
1 72 -30 -16 30 0 0 -1 0 1 0 1 0 0 6190.dat
1 72 30 -16 30 0 0 -1 0 1 0 1 0 0 6190.dat
1 0 -40 -16 -60 0 0 -1 0 1 0 1 0 0 3709b.dat
1 71 -80 -16 -60 0 0 -1 0 1 0 1 0 0 3020.dat
1 71 80 -16 -60 0 0 -1 0 1 0 1 0 0 3020.dat
1 71 0 -16 -110 1 0 0 0 1 0 0 0 1 4477.dat
1 0 40 -16 -60 0 0 -1 0 1 0 1 0 0 3709b.dat
1 71 0 0 -70 0 0 1 0 1 0 -1 0 0 3021.dat
1 71 0 -8 40 1 0 0 0 1 0 0 0 1 3032.dat
1 71 110 -8 -40 1 0 0 0 1 0 0 0 1 47397.dat
