0 1714 Surveilance Scooter
0 Name: 1714_Surveilance_Scooter.ldr
0 Author: LEGO
0 bassfoundation@yahoo.com
0 !COLOUR SandBlue CODE 64 VALUE #88A2B5 EDGE 0 ALPHA 255
0 !COLOUR Chrome CODE 65 VALUE #A1A29B EDGE 0 ALPHA 255
0 !COLOUR Silver CODE 66 VALUE #C7C7C7 EDGE 0 ALPHA 255
0 !COLOUR Gold CODE 67 VALUE #BBBD39 EDGE 0 ALPHA 255
0 ROTATION CENTER 0 0 0 1 "Custom" 
0 ROTATION CONFIG 0 0
1 0 0 0 0 1 0 0 0 1 0 0 0 1 2625.dat
1 4 -30 -8 -10 0 0 1 0 1 0 -1 0 0 2412b.dat
1 4 30 -8 -10 0 0 1 0 1 0 -1 0 0 2412b.dat
1 0 0 -24 60 1 0 0 0 1 0 0 0 1 3039.dat
1 4 30 -24 30 0 0 -1 0 1 0 1 0 0 3937.dat
1 0 40 -17 30 0 -0.965926 -0.258819 0 0.258819 -0.965926 1 0 0 3938.dat
1 0 55.455 -21.141 30 -0.258819 -0.965926 0 -0.965926 0.258819 0 0 0 -1 4595.dat
1 36 45.796 -18.553 66 -0.258819 0 -0.965926 -0.965926 0 0.258819 0 1 0 4589.dat
1 4 -30 -24 30 0 0 1 0 1 0 -1 0 0 3937.dat
1 0 -40 -17 30 0 0.965926 -0.258819 0 0.258819 0.965926 1 0 0 3938.dat
1 0 -55.455 -21.141 30 -0.258819 0.965926 0 0.965926 0.258819 0 0 0 -1 4595.dat
1 36 -45.796 -18.553 66 -0.258819 0 0.965926 0.965926 0 0.258819 0 1 0 4589.dat
1 0 0 -24 -20 1 0 0 0 1 0 0 0 1 3298.dat
1 0 0 -32 -20 1 0 0 0 1 0 0 0 1 3069bp28.dat
1 0 0 -21 18 1 0 0 0 1 0 0 0 1 fig_spyrius_recline2.ldr
1 0 -27 -43 7 0 0 -1 0 1 0 1 0 0 3962a.dat
1 0 38.361 -42.442 40 0.965926 0.258819 0 -0.258819 0.965926 0 0 0 1 3959.dat
1 42 38.361 -42.442 16 0.965926 0 0.258819 -0.258819 0 0.965926 0 -1 0 4073.dat
0
