0 FILE 1969 - Mini Robot.ldr
0 Mini Robot
0 Name: 1969 - Mini Robot.ldr
0 Author: Damien Roux [Darats]
0 !LDRAW_ORG Model
0 !LICENSE Redistributable under CCAL version 2.0 : see CAreadme.txt

0 !THEME Space / Space Police II

1 7 0 0 0 1 0 0 0 1 0 0 0 1 1969 - Robot.ldr
1 7 150 -50.81 0 0.866 0 0.5 0 1 0 -0.5 0 0.866 1969 - Minifig.ldr


0 FILE 1969 - Robot.ldr
0 Robot
0 Name: 1969 - Robot.ldr
0 Author: Damien Roux [Darats]
0 !LDRAW_ORG Model
0 !LICENSE Redistributable under CCAL version 2.0 : see CAreadme.txt

0 !THEME Space / Space Police II

1 7 0 0 0 1 0 0 0 1 0 0 0 1 4600.dat
1 7 0 0 60 1 0 0 0 1 0 0 0 1 4600.dat
1 4 0 -8 40 0 0 1 0 1 0 -1 0 0 3020.dat
1 4 0 -8 -10 -1 0 0 0 1 0 0 0 -1 3023.dat
1 0 0 -32 50 -1 0 0 0 1 0 0 0 -1 3039.dat
1 0 0 -32 30 1 0 0 0 1 0 0 0 1 3298p69.dat
1 0 0 -40 40 1 0 0 0 1 0 0 0 1 3022.dat
1 7 -10 -48 40 0 0 1 0 1 0 -1 0 0 2540.dat
1 7 10 -48 40 0 0 -1 0 1 0 1 0 0 2540.dat
1 4 0 -56 40 0 0 -1 0 1 0 1 0 0 3022.dat
1 7 0 -94 20 1 0 0 0 0 1 0 -1 0 4598.dat
1 0 0 -114 28 -1 0 0 0 0 -1 0 -1 0 4590.dat
1 7 30 -124 12 -1 0 0 0 0 -1 0 -1 0 4740.dat
1 7 -30 -124 12 -1 0 0 0 0 -1 0 -1 0 4740.dat
1 34 30 -124 4 -1 0 0 0 0 -1 0 -1 0 6141.dat
1 34 -30 -124 4 -1 0 0 0 0 -1 0 -1 0 6141.dat
1 7 30 -124 36 -1 0 0 0 1 0 0 0 -1 4593.dat
1 7 -30 -124 36 -1 0 0 0 1 0 0 0 -1 4593.dat
1 7 30 -124 36 -1 0 0 0 0 -1 0 -1 0 4592.dat
1 7 -30 -124 36 -1 0 0 0 0 -1 0 -1 0 4592.dat
1 7 30 5 0 0 0 -1 0 1 0 1 0 0 4624.dat
1 256 30 5 0 0 0 -1 0 1 0 1 0 0 3641.dat
1 7 30 5 60 0 0 -1 0 1 0 1 0 0 4624.dat
1 256 30 5 60 0 0 -1 0 1 0 1 0 0 3641.dat
1 7 -30 5 60 0 0 1 0 1 0 -1 0 0 4624.dat
1 256 -30 5 60 0 0 1 0 1 0 -1 0 0 3641.dat
1 256 -30 5 0 0 0 1 0 1 0 -1 0 0 3641.dat
1 7 -30 5 0 0 0 1 0 1 0 -1 0 0 4624.dat
1 0 30 -46 44 -0.5 0 0.866 -0.866 0 -0.5 0 -1 0 1969 - Robot - Arm.ldr
1 0 -30 -46 44 -0.2588 0 -0.9659 0.9659 0 -0.2588 0 -1 0 1969 - Robot - Arm.ldr
1 7 0 -74 12 1 0 0 0 0 1 0 -1 0 3660.dat


0 FILE 1969 - Robot - Arm.ldr
0 Robot - Arm
0 Name: 1969 - Robot - Arm.ldr
0 Author: Damien Roux [Darats]
0 !LDRAW_ORG Model
0 !LICENSE Redistributable under CCAL version 2.0 : see CAreadme.txt

0 !THEME Space / Space Police II

1 7 0 0 40 1 0 0 0 1 0 0 0 1 4735.dat
1 0 0 16 40 1 0 0 0 1 0 0 0 1 2433.dat


0 FILE 1969 - Minifig.ldr
0 Minifig
0 Name: 1969 - Minifig.ldr
0 Author: Damien Roux [Darats]
0 !LDRAW_ORG Model
0 !LICENSE Redistributable under CCAL version 2.0 : see CAreadme.txt

0 !THEME Space / Space Police II

1 0 0 -27 0 0.819152 0 0.573576 0 1 0 -0.573576 0 0.819152 1969 - Minifig - Helmet.ldr
1 14 0 -27 0 0.819152 0 0.573576 0 1 0 -0.573576 0 0.819152 3626bp69.dat
1 0 0 0 0 1 0 0 0 1 0 0 0 1 3838.dat
1 15 0 0 0 1 0 0 0 1 0 0 0 1 973p69.dat
1 15 0 32 0 1 0 0 0 1 0 0 0 1 3815.dat
1 2 -15.552 9 0 0.985 -0.167417 -0.0295202 0.17 0.970036 0.171043 0 -0.173648 0.984808 3818.dat
1 2 15.552 9 0 0.985 0.0118586 0.169586 -0.17 0.0687101 0.982601 0 -0.997564 0.0697565 3819.dat
1 0 -23.5102 24.5495 -13.422 0.98242 -0.156404 0.0974933 0.184054 0.803653 -0.564887 0.0100088 0.573402 0.819028 3820.dat
1 0 19.1462 -0.73635 -19.4353 0.99138 -0.0620225 0.111513 -0.0250527 0.762058 0.646121 -0.125163 -0.643908 0.754596 3820.dat
1 0 18.1757 -7.44699 -25.7846 0.123177 -0.0331756 -0.99138 0.442319 0.895558 0.0250527 0.887784 -0.441979 0.125163 3962a.dat
1 2 0 44 0 1 0 0 0 0.970296 0.241922 0 -0.241922 0.970296 3816.dat
1 2 0 44 0 1 0 0 0 0.97437 -0.224951 0 0.224951 0.97437 3817.dat


0 FILE 1969 - Minifig - Helmet.ldr
0 Minifig - Helmet
0 Name: 1969 - Minifig - Helmet.ldr
0 Author: Damien Roux [Darats]
0 !LDRAW_ORG Model
0 !LICENSE Redistributable under CCAL version 2.0 : see CAreadme.txt

0 !THEME Space / Space Police II

1 0 0 0 0 1 0 0 0 1 0 0 0 1 2446.dat
1 34 0 1.904 4.596 1 0 0 0 0.707107 0.707107 0 -0.707107 0.707107 2447.dat


