0 FILE 1974-1 Flyercracker USA
0 Untitled Model
0 Name:  1974-1 Flyercracker USA
0 Author:  Alexander McKenna-Klein
0 CustomBrick
0 NumOfBricks:  78
1 16 140 -10 182 0 0 -1 0 1 0 1 0 0 accessories.ldr
0 STUDIOSTEPDESC accessories.ldr
0 STEP
1 16 10 -36 110 0.985 0.168 -0.045 -0.174 0.951 -0.255 0 0.259 0.966 helicopter.ldr
0 STUDIOSTEPDESC helicopter.ldr
0 STEP
1 16 -40 -84 110 0.98481 0.16773 -0.04494 -0.17365 0.95125 -0.25489 0 0.25882 0.96593 minifig.ldr
0 STEP
0 NOFILE
0 FILE accessories.ldr
0 accessories.ldr
0 Name:  accessories.ldr
0 Author:
0 CustomBrick
0 NumOfBricks:  9
1 7 -10 -8 0 1 0 0 0 1 0 0 0 1 3020.dat
1 7 10 -32 10 1 0 0 0 1 0 0 0 1 3004.dat
0 STEP
1 4 0 -40 10 1 0 0 0 1 0 0 0 1 6141.dat
1 4 0 -48 10 1 0 0 0 1 0 0 0 1 6141.dat
1 7 20 -40 10 1 0 0 0 1 0 0 0 1 4085b.dat
0 STEP
1 0 -30 -32 0 1 0 0 0 1 0 0 0 1 3941.dat
1 0 -30 -56 0 1 0 0 0 1 0 0 0 1 3941.dat
0 STEP
1 4 0 -72 10 -1E-5 0 1 0 1 0 -1 0 -1E-5 4599a.dat
1 0 20 -53.07 -10 1E-5 0 -1 0 1 0 1 0 1E-5 4006.dat
0 STEP
0 NOFILE
0 FILE helicopter.ldr
0 helicopter.ldr
0 Name:  helicopter.ldr
0 Author:
0 CustomBrick
0 NumOfBricks:  60
1 15 -12.7616 -60.7451 35.118 1 0 0 0 1 0 0 0 1 3031.dat
1 15 17.2383 -68.7451 35.118 0 0 -1 0 1 0 1 0 0 2452.dat
1 1 95.2319 -104.0162 35.1179 -0.85629 0.51649 0 0.51649 0.85629 0 0 0 -1 4504.dat
1 1 187.2384 -140.7451 35.1179 -1 0 0 0 1 0 0 0 -1 4276b.dat
1 1 17.2384 -92.7451 65.118 -1 0 0 0 1 0 0 0 -1 2420.dat
0 STUDIOSTEPDESC helicopter.ldr
0 STEP
1 4 17.2384 -76.7452 35.1179 0 0 1 0 1 0 -1 0 0 3023.dat
1 4 17.2384 -84.7452 35.1179 0 0 1 0 1 0 -1 0 0 3023.dat
0 STEP
1 4 -2.7616 -84.7451 65.118 0 0 1 0 1 0 -1 0 0 4286.dat
1 4 -2.7616 -84.7451 5.118 0 0 1 0 1 0 -1 0 0 4286.dat
1 4 17.2384 -84.7452 5.118 0 0 -1 0 1 0 1 0 0 3665.dat
1 4 17.2384 -84.7451 65.118 0 0 -1 0 1 0 1 0 0 3665.dat
0 STEP
1 1 17.2384 -92.7451 5.118 0 0 -1 0 1 0 1 0 0 2420.dat
1 1 37.2384 -92.7452 35.1179 0 0 1 0 1 0 -1 0 0 3710.dat
0 STEP
1 15 27.2384 -100.7452 35.1179 1 0 0 0 1 0 0 0 1 3022.dat
1 15 27.2384 -108.7451 35.1179 1 0 0 0 1 0 0 0 1 3022.dat
0 STEP
1 15 27.2384 -132.7452 25.1179 1 0 0 0 1 0 0 0 1 3700.dat
1 15 27.2384 -132.7451 45.1179 1 0 0 0 1 0 0 0 1 3700.dat
1 15 17.2384 -140.7451 35.1179 0 0 1 0 1 0 -1 0 0 3023.dat
0 STEP
1 15 37.2384 -140.7451 35.1179 0 0 1 0 1 0 -1 0 0 3794a.dat
1 15 -2.7616 -116.7451 65.118 1 0 0 0 1 0 0 0 1 3005.dat
1 15 -2.7616 -140.7451 65.118 1 0 0 0 1 0 0 0 1 3005.dat
1 15 -2.7616 -116.7452 5.118 1 0 0 0 1 0 0 0 1 3005.dat
1 15 -2.7616 -140.7451 5.118 1 0 0 0 1 0 0 0 1 3005.dat
0 STEP
1 1 -12.7616 -28.7451 85.118 1 0 0 0 1 0 0 0 1 3460.dat
1 1 -12.7616 -28.7452 -14.882 1 0 0 0 1 0 0 0 1 3460.dat
1 15 -42.7616 -52.7451 35.118 0 0 1 0 1 0 -1 0 0 4873.dat
1 15 17.2384 -52.7451 35.118 0 0 1 0 1 0 -1 0 0 4873.dat
0 STEP
1 4 -38.7616 -37.7452 25.118 0 -1 0 0 0 -1 1 0 0 4599a.dat
1 4 -38.7616 -36.7451 45.1179 0 -1 0 0 0 -1 1 0 0 4599a.dat
1 46 -62.7616 -36.7451 45.118 0 -1 0 -1 0 0 0 0 -1 6141.dat
1 46 -62.7616 -37.7452 25.1179 0 -1 0 1 0 0 0 0 1 6141.dat
0 STEP
1 1 27.2384 -122.7452 7.1179 1 0 0 0 0 -1 0 1 0 2476a.dat
1 1 27.2384 -122.7451 63.118 1 0 0 0 0 1 0 -1 0 2476a.dat
0 STEP
1 4 27.2384 -122.7452 -16.882 1 0 0 0 0 -1 0 1 0 3941.dat
1 4 27.2384 -122.7452 87.118 1 0 0 0 0 1 0 -1 0 3941.dat
1 4 27.2384 -122.7452 -24.882 1 0 0 0 0 -1 0 1 0 4150.dat
1 4 27.2384 -122.7452 95.118 1 0 0 0 0 1 0 -1 0 4150.dat
1 1 127.2384 -148.7452 35.1179 1 0 0 0 1 0 0 0 1 4477.dat
1 1 -2.7616 -148.7452 45.1179 1 0 0 0 1 0 0 0 1 2420.dat
1 1 -2.7616 -148.7452 25.118 0 0 1 0 1 0 -1 0 0 2420.dat
1 36 217.2384 -140.7452 35.1179 1 0 0 0 1 0 0 0 1 3024.dat
0 STEP
1 4 7.2384 -156.7451 35.118 0 0 -1 0 1 0 1 0 0 3176.dat
1 15 -2.7616 -156.7451 65.118 1 0 0 0 1 0 0 0 1 3024.dat
1 15 -2.7616 -156.7452 5.118 1 0 0 0 1 0 0 0 1 3024.dat
0 STEP
1 15 -62.762 -60.7451 35.1182 0 0 1.00001 0 1 0 -1.00001 0 0 3710.dat
1 15 -62.762 -68.7452 45.1183 0 0 1.00001 0 1 0 -1.00001 0 0 4592c01.dat
1 15 -62.762 -68.7452 25.1181 0 0 1.00001 0 1 0 -1.00001 0 0 4592c01.dat
1 43 -16.7617 -160.7451 35.1182 0 0 1.00001 0 1 0 -1.00001 0 0 2483.dat
1 15 -2.7616 -164.7451 35.118 0 0 1 0 1 0 -1 0 0 4315.dat
1 15 17.2384 -164.7451 35.118 0 0 1 0 1 0 -1 0 0 4590.dat
0 STEP
1 36 27.2384 -172.7452 5.118 1 0 0 0 1 0 0 0 1 6141.dat
1 36 27.2384 -172.7451 65.118 1 0 0 0 1 0 0 0 1 6141.dat
1 1 7.2384 -172.7451 35.118 1 0 0 0 1 0 0 0 1 2460.dat
1 15 207.2384 -156.7452 25.1179 0 0 1 0 1 0 -1 0 0 4488.dat
1 0 207.2384 -151.7452 -1.8821 0.42262 0 0.90631 -0.90631 0 0.42262 0 -1 0 2421.dat
0 STEP
1 0 7.2384 -196.7451 35.118 1 0 0 0 1 0 0 0 1 2479.dat
1 7 -82.7616 -204.7451 35.118 1 0 0 0 1 0 0 0 1 4162.dat
1 7 97.2384 -204.7452 35.118 1 0 0 0 1 0 0 0 1 4162.dat
1 7 7.2384 -204.7451 -54.882 0 0 1 0 1 0 -1 0 0 4162.dat
1 7 7.2384 -204.7451 125.118 0 0 1 0 1 0 -1 0 0 4162.dat
0 STEP
0 NOFILE
0 FILE minifig.ldr
0 minifig.ldr
0 Name:  minifig.ldr
0 Author:
0 CustomBrick
0 NumOfBricks:  9
1 0 16.144 -27.699 20.636 0 0 1 0 1 0 -1 0 0 3815c01.dat Copy.ldr
1 1 16.1436 -59.6986 20.6362 0 0 1 0 1 0 -1 0 0 973p0a.dat
1 1 16.1437 -50.823 5.1645 0 -0.57357 0.81915 -0.17067 0.80713 0.56516 -0.98533 -0.13981 -0.09789 3819.dat
1 1 16.1436 -50.7914 36.2109 0 -0.64278 0.76604 0.1697 0.75493 0.63346 -0.98549 0.13 0.10908 3818.dat
1 14 -3.3467 -43.3141 42.5721 -0.01479 0.08589 0.99619 0.00064 0.9963 -0.08589 -0.99989 -0.00064 -0.01479 3820.dat
1 14 -2.9458 -41.9924 -1.4396 0.02964 0.1711 0.9848 -0.00256 0.98525 -0.1711 -0.99956 0.00255 0.02964 3820.dat
1 14 16.1435 -83.6985 20.6362 -0.69467 0 0.71933 0 1 0 -0.71933 0 -0.69466 3626ap01.dat
1 15 16.1435 -83.6985 20.6363 -0.69467 0 0.71933 0 1 0 -0.71933 0 -0.69466 2446.dat
1 43 20.3811 -79.9455 16.544 -0.69467 -0.65193 0.304 0 0.42262 0.90631 -0.71933 0.62958 -0.29358 2447.dat
0 NOFILE
0 FILE 3815c01.dat Copy.ldr
0 Hips and Legs
0 Name:  970c00
0 Author:  Steve Bliss [sbliss]
0 FlexibleBrick:  3815c01.dat
1 16 0 0 0 1 0 0 0 1 0 0 0 1 3815.dat
1 16 0 12 0 1 0 0 0 1E-5 1 0 -1 1E-5 3816.dat
1 16 0 12 0 1 0 0 0 0 1 0 -1 0 3817.dat
0 NOFILE