0 1992 Dragsters
0 Author: marco
0 ROTATION CENTER 0 0 0 1 "Custom" 
0 ROTATION CONFIG 0 0
1 4 -20 -27.7837 -41.0156 1 0 0 0 0.99863 -0.0523353 0 0.0523353 0.99863 4732.dat
1 15 -20 -23.4581 29.3072 0 0 -1 -0.052336 0.99863 0 0.99863 0.052336 0 3021.dat
1 0 -20 -32.4939 48.8611 -1 0 0 0 0.99863 0.052336 0 0.052336 -0.99863 2452.dat
1 7 -20 -39.9596 38.4561 1 0 0 0 0.99863 -0.0523353 0 0.0523353 0.99863 3022.dat
1 7 -30 -63.9267 37.2 0 0 1 0.052336 0.99863 0 -0.99863 0.052336 0 3660.dat
1 4 -50 -71.9157 36.7813 0 0 1 0.052336 0.99863 0 -0.99863 0.052336 0 3710.dat
1 0 -50 -79.3814 26.3764 1 0 0 0 0.99863 -0.0523353 0 0.0523353 0.99863 4073.dat
1 0 -50 -78.3347 6.40377 1 0 0 0 0.99863 -0.0523353 0 0.0523353 0.99863 4073.dat
1 0 -50 -80.4281 46.349 1 0 0 0 0.99863 -0.0523353 0 0.0523353 0.99863 4073.dat
1 7 -10 -63.9267 37.2 0 0 -1 -0.052336 0.99863 0 0.99863 0.052336 0 3660.dat
1 4 9.99999 -71.9157 36.7813 0 0 -1 -0.052336 0.99863 0 0.99863 0.052336 0 3710.dat
1 0 9.99999 -81.4748 66.3215 1 0 0 0 0.99863 -0.0523353 0 0.0523353 0.99863 4073.dat
1 0 9.99999 -80.4281 46.349 1 0 0 0 0.99863 -0.0523353 0 0.0523353 0.99863 4073.dat
1 0 9.99999 -78.3347 6.40377 1 0 0 0 0.99863 -0.0523353 0 0.0523353 0.99863 4073.dat
1 0 9.99999 -79.3814 26.3764 1 0 0 0 0.99863 -0.0523353 0 0.0523353 0.99863 4073.dat
1 0 -20 -15.9925 39.7122 1 0 0 0 0.99863 -0.0523353 0 0.0523353 0.99863 4600.dat
1 15 -20 -10.2355 -70.1371 1 0 0 0 0.99863 -0.0523353 0 0.0523353 0.99863 3829a.dat
1 0 -19.9993 -37.2308 -70.7446 1 0 0 0 0.615662 0.788011 0 -0.788011 0.615662 3828.dat
1 0 -20 -34.726 -61.4069 1 0 0 0 0.99863 -0.0523353 0 0.0523353 0.99863 2397.dat
1 4 -20 -69.2989 -13.1502 1 0 0 0 0.99863 -0.0523353 0 0.0523353 0.99863 2432.dat
1 4 -20 -18.3632 -220.769 0 0 -1 -0.052336 0.99863 0 0.99863 0.052336 0 3832.dat
1 0 -20 -6.18727 -300.241 1 0 0 0 0.99863 -0.0523353 0 0.0523353 0.99863 4600.dat
1 0 -50 -81.4748 66.3215 1 0 0 0 0.99863 -0.0523353 0 0.0523353 0.99863 4073.dat
1 4 -20 -49.134 -92.2032 1 0 0 0 0.99863 -0.0523353 0 0.0523353 0.99863 3298p56.dat
1 0 -20 -12.9732 -32.2284 1 0 0 0 0.052336 0.99863 0 -0.99863 0.052336 3816.dat
1 0 -20 -12.9732 -32.2284 1 0 0 0 0.0523359 0.99863 0 -0.99863 0.0523359 3817.dat
1 0 -20 -24.8385 -32.7251 1 0 0 0 0.998629 -0.0523376 0 0.0523376 0.998629 3815.dat
1 0 -20 -72.4391 46.7677 1 0 0 0 0.99863 -0.0523353 0 0.0523353 0.99863 3794a.dat
1 0 -20 -71.3924 26.7951 1 0 0 0 0.99863 -0.0523353 0 0.0523353 0.99863 3794a.dat
1 15 -52.75 -10.5 40 0 0 1 0 1 0 -1 0 0 6014.dat
1 0 -58.85 -10.5 40 0 0 -1 0 1 0 1 0 0 87697.dat
1 7 10.25 -0.694813 -299.953 0 0 -1 -0.052336 0.99863 0 0.99863 0.052336 0 4624.dat
1 0 9.75 -0.694813 -299.953 1 0 0 0 0.99863 -0.0523353 0 0.0523353 0.99863 3139.dat
1 7 -50.25 -0.694813 -299.953 0 0 1 0.052336 0.99863 0 -0.99863 0.052336 0 4624.dat
1 0 -50.75 -0.694815 -299.953 1 0 0 0 0.99863 -0.0523353 0 0.0523353 0.99863 3139.dat
1 15 12.75 -10.5 40 0 0 -1 -0.052336 0.99863 0 0.99863 0.052336 0 6014.dat
1 0 19.25 -10.5 40 0 0 -1 -0.052336 0.99863 0 0.99863 0.052336 0 87697.dat
1 4 -20 -112.384 44.6742 1 0 0 0 0.99863 -0.0523353 0 0.0523353 0.99863 6269.dat
1 4 -20 -111.338 24.7016 1 0 0 0 0.99863 -0.0523353 0 0.0523353 0.99863 6269.dat
1 0 -20 -56.7947 -34.3998 1 0 0 0 0.998629 -0.0523376 0 0.0523376 0.998629 973p0a.dat
1 0 -35.5 -47.5573 -33.9157 0.983255 -0.137366 -0.119752 0.181986 0.774534 0.605787 0.00953746 -0.617436 0.786563 3818.dat
1 0 -4.49999 -47.5573 -33.9157 0.983255 0.137366 0.119752 -0.181986 0.774534 0.605787 -0.00953754 -0.617437 0.786563 3819.dat
1 14 -41.9502 -40.6786 -50.6506 0.984808 -0.173648 0 0.17341 0.983458 -0.0523361 0.00908806 0.051541 0.99863 3820.dat
1 14 1.9495 -40.682 -50.6508 0.984808 0.173648 0 -0.17341 0.983458 -0.0523361 -0.0090881 0.051541 0.99863 3820.dat
1 14 -20 -80.7618 -35.6559 1 0 0 0 0.998629 -0.0523376 0 0.0523376 0.998629 3626bp01.dat
1 0 -20 -80.7627 -35.656 1 0 0 0 0.998629 -0.0523376 0 0.0523376 0.998629 2446.dat
1 43 -20 -80.7466 -34.9412 1 0 0 0 0.998629 -0.0523376 0 0.0523376 0.998629 2447.dat
1 15 140 -123.624 109.383 1 0 0 0 0.985599 -0.169101 0 0.169101 0.985599 2440.dat
1 15 140 -104.229 114.613 0 0 1 -0.169096 -0.9856 0 0.9856 -0.169096 0 3938.dat
1 0 140 -88.4598 117.318 0 0 -1 0.169099 -0.985599 0 -0.985599 -0.169099 0 4531.dat
1 7 140 -111.337 24.7016 1 0 0 0 0.99863 -0.0523353 0 0.0523353 0.99863 6269.dat
1 7 170.25 -0.694763 -299.953 0 0 -1 -0.052336 0.99863 0 0.99863 0.052336 0 4624.dat
1 0 169.75 -0.694762 -299.953 1 0 0 0 0.99863 -0.0523353 0 0.0523353 0.99863 3139.dat
1 7 109.75 -0.694763 -299.953 0 0 1 0.052336 0.99863 0 -0.99863 0.052336 0 4624.dat
1 0 109.25 -0.694765 -299.953 1 0 0 0 0.99863 -0.0523353 0 0.0523353 0.99863 3139.dat
1 7 140 -112.384 44.6742 1 0 0 0 0.99863 -0.0523353 0 0.0523353 0.99863 6269.dat
1 0 140 -72.439 46.7677 1 0 0 0 0.99863 -0.0523353 0 0.0523353 0.99863 3794a.dat
1 0 170 -78.3346 6.40377 1 0 0 0 0.99863 -0.0523353 0 0.0523353 0.99863 4073.dat
1 1 170 -71.9157 36.7813 0 0 -1 -0.052336 0.99863 0 0.99863 0.052336 0 3710.dat
1 0 170 -79.3813 26.3764 1 0 0 0 0.99863 -0.0523353 0 0.0523353 0.99863 4073.dat
1 0 170 -80.4281 46.349 1 0 0 0 0.99863 -0.0523353 0 0.0523353 0.99863 4073.dat
1 7 150 -63.9266 37.2 0 0 -1 -0.052336 0.99863 0 0.99863 0.052336 0 3660.dat
1 0 170 -81.4748 66.3215 1 0 0 0 0.99863 -0.0523353 0 0.0523353 0.99863 4073.dat
1 0 140 -57.229 82.618 -1 0 0 0 0.173648 0.984808 0 0.984808 -0.173648 2923.dat
1 0 -20 -57.229 82.618 -1 0 0 0 0.173648 0.984808 0 0.984808 -0.173648 2923.dat
1 7 140 -39.9595 38.4561 1 0 0 0 0.99863 -0.0523353 0 0.0523353 0.99863 3022.dat
1 0 110 -78.3346 6.40377 1 0 0 0 0.99863 -0.0523353 0 0.0523353 0.99863 4073.dat
1 1 110 -71.9157 36.7813 0 0 1 0.052336 0.99863 0 -0.99863 0.052336 0 3710.dat
1 0 110 -79.3813 26.3764 1 0 0 0 0.99863 -0.0523353 0 0.0523353 0.99863 4073.dat
1 0 110 -80.4281 46.349 1 0 0 0 0.99863 -0.0523353 0 0.0523353 0.99863 4073.dat
1 7 130 -63.9266 37.2 0 0 1 0.052336 0.99863 0 -0.99863 0.052336 0 3660.dat
1 0 110 -81.4748 66.3215 1 0 0 0 0.99863 -0.0523353 0 0.0523353 0.99863 4073.dat
1 0 140 -6.18723 -300.241 1 0 0 0 0.99863 -0.0523353 0 0.0523353 0.99863 4600.dat
1 1 140 -18.3631 -220.769 0 0 -1 -0.052336 0.99863 0 0.99863 0.052336 0 3832.dat
1 1 140 -49.1339 -92.2032 1 0 0 0 0.99863 -0.0523353 0 0.0523353 0.99863 3298p55.dat
1 0 140 -34.7259 -61.4069 1 0 0 0 0.99863 -0.0523353 0 0.0523353 0.99863 2397.dat
1 1 140 -69.2989 -13.1502 1 0 0 0 0.99863 -0.0523353 0 0.0523353 0.99863 2432.dat
1 1 140 -27.7836 -41.0156 1 0 0 0 0.99863 -0.0523353 0 0.0523353 0.99863 4732.dat
1 15 140 -10.2355 -70.1371 1 0 0 0 0.99863 -0.0523353 0 0.0523353 0.99863 3829a.dat
1 0 140.001 -37.2308 -70.7446 1 0 0 0 0.615662 0.788011 0 -0.788011 0.615662 3828.dat
1 15 140 -23.4581 29.3072 0 0 -1 -0.052336 0.99863 0 0.99863 0.052336 0 3021.dat
1 0 140 -15.9924 39.7122 1 0 0 0 0.99863 -0.0523353 0 0.0523353 0.99863 4600.dat
1 0 140 -32.4938 48.8611 -1 0 0 0 0.99863 0.052336 0 0.052336 -0.99863 2452.dat
1 15 140 -12.9732 -32.2285 1 0 0 0 0.052336 0.99863 0 -0.99863 0.052336 3816.dat
1 15 140 -12.9732 -32.2285 1 0 0 0 0.0523359 0.99863 0 -0.99863 0.0523359 3817.dat
1 15 140 -24.8385 -32.7251 1 0 0 0 0.998629 -0.0523376 0 0.0523376 0.998629 3815.dat
1 0 140 -71.3923 26.7951 1 0 0 0 0.99863 -0.0523353 0 0.0523353 0.99863 3794a.dat
1 0 179.25 -10.4999 40 0 0 -1 -0.052336 0.99863 0 0.99863 0.052336 0 87697.dat
1 15 172.75 -10.4999 40 0 0 -1 -0.0523359 0.99863 0 0.99863 0.0523359 0 6014.dat
1 0 101.75 -10.4999 40 0 0 -1 0 1 0 1 0 0 87697.dat
1 15 107.25 -10.4999 40 0 0 1 0 1 0 -1 0 0 6014.dat
1 15 140 -56.7946 -34.3999 1 0 0 0 0.998629 -0.0523376 0 0.0523376 0.998629 973p0b.dat
1 15 124.5 -47.5573 -33.9158 0.983255 -0.137366 -0.119752 0.181986 0.774534 0.605787 0.00953746 -0.617436 0.786563 3818.dat
1 15 155.5 -47.5573 -33.9158 0.983255 0.137366 0.119752 -0.181986 0.774534 0.605787 -0.00953754 -0.617437 0.786563 3819.dat
1 14 118.05 -40.6785 -50.6507 0.984808 -0.173648 0 0.17341 0.983458 -0.0523361 0.00908806 0.051541 0.99863 3820.dat
1 14 161.949 -40.682 -50.6508 0.984808 0.173648 0 -0.17341 0.983458 -0.0523361 -0.0090881 0.051541 0.99863 3820.dat
1 14 140 -80.7617 -35.6559 1 0 0 0 0.998629 -0.0523376 0 0.0523376 0.998629 3626bp01.dat
1 4 140 -80.7627 -35.656 1 0 0 0 0.998629 -0.0523376 0 0.0523376 0.998629 2446.dat
1 43 140 -80.7465 -34.9412 1 0 0 0 0.998629 -0.0523376 0 0.0523376 0.998629 2447.dat
1 15 -20 -123.624 109.383 1 0 0 0 0.985599 -0.169101 0 0.169101 0.985599 2440.dat
1 0 -20 -88.4598 117.318 0 0 -1 0.169099 -0.985599 0 -0.985599 -0.169099 0 4531.dat
1 15 -20 -104.229 114.613 0 0 1 -0.169096 -0.9856 0 0.9856 -0.169096 0 3938.dat
0
