0 FILE 21303 - WALL-E.ldr
0 WALL-E
0 Name: 21303 - WALL-E.ldr
0 Author: Damien Roux [Darats]
0 !LDRAW_ORG Model
0 !LICENSE Redistributable under CCAL version 2.0 : see CAreadme.txt

0 !THEME Ideas

1 0 0 0 0 1 0 0 0 1 0 0 0 1 21303 - Body.ldr
1 0 60 46 -115 0 0 -1 0 1 0 1 0 0 21303 - Track 1.ldr
1 0 60 46 95 0 0 -1 0 1 0 1 0 0 21303 - Track 2.ldr


0 FILE 21303 - Body.ldr
0 Body
0 Name: 21303 - Body.ldr
0 Author: Damien Roux [Darats]
0 !LDRAW_ORG Model
0 !LICENSE Redistributable under CCAL version 2.0 : see CAreadme.txt

0 !THEME Ideas

1 71 0 0 0 0 0 1 0 1 0 -1 0 0 3030.dat
1 71 80 0 0 0 0 1 0 1 0 -1 0 0 3030.dat
1 71 60 8 -80 -1 0 0 0 1 0 0 0 -1 3034.dat
1 71 60 8 80 -1 0 0 0 1 0 0 0 -1 3034.dat
1 25 130 0 80 0 0 -1 0 1 0 1 0 0 99207.dat
1 25 130 0 -80 0 0 -1 0 1 0 1 0 0 99207.dat
1 191 130 -24 -90 0 0 -1 0 1 0 1 0 0 2357.dat
1 191 90 -24 -70 0 0 1 0 1 0 -1 0 0 2357.dat
1 191 130 -24 90 -1 0 0 0 1 0 0 0 -1 2357.dat
1 191 90 -24 70 1 0 0 0 1 0 0 0 1 2357.dat
1 72 60 -24 -70 1 0 0 0 1 0 0 0 1 3700.dat
1 72 60 -24 -90 1 0 0 0 1 0 0 0 1 3700.dat
1 1 60 -14 -90 0 0 -1 0 1 0 1 0 0 6558.dat
1 72 60 -24 70 -1 0 0 0 1 0 0 0 -1 3700.dat
1 72 60 -24 90 -1 0 0 0 1 0 0 0 -1 3700.dat
1 1 60 -14 90 0 0 1 0 1 0 -1 0 0 6558.dat
1 191 30 -24 80 0 0 -1 0 1 0 1 0 0 3004.dat
1 191 30 -24 -80 0 0 -1 0 1 0 1 0 0 3004.dat
1 0 80 -8 50 1 0 0 0 1 0 0 0 1 3666.dat
1 0 80 -8 -50 1 0 0 0 1 0 0 0 1 3666.dat
1 191 0 -8 70 0 0 1 0 1 0 -1 0 0 3021.dat
1 191 0 -8 -70 0 0 1 0 1 0 -1 0 0 3021.dat
1 191 -30 -8 70 0 0 1 0 1 0 -1 0 0 3623.dat
1 191 -30 -8 -70 0 0 1 0 1 0 -1 0 0 3623.dat
1 191 20 -8 20 -1 0 0 0 1 0 0 0 -1 3795.dat
1 191 20 -8 -20 -1 0 0 0 1 0 0 0 -1 3795.dat
1 71 120 -8 20 0 0 1 0 1 0 -1 0 0 98286.dat
1 71 120 -8 -20 0 0 1 0 1 0 -1 0 0 98286.dat
1 0 160 2 -30 0 0 -1 0 1 0 1 0 0 32054.dat
1 0 160 2 30 0 0 1 0 1 0 -1 0 0 32054.dat
1 0 160 2 20 0 -1 0 1 0 0 0 0 1 21303 - Body - Door.ldr
1 71 80 -32 70 1 0 0 0 1 0 0 0 1 3666.dat
1 71 80 -32 -70 1 0 0 0 1 0 0 0 1 3666.dat
1 191 80 -32 -90 1 0 0 0 1 0 0 0 1 6636.dat
1 191 80 -32 90 1 0 0 0 1 0 0 0 1 6636.dat
1 191 10 -32 80 0 0 1 0 1 0 -1 0 0 3004.dat
1 191 10 -32 -80 0 0 1 0 1 0 -1 0 0 3004.dat
1 191 -10 -32 90 -1 0 0 0 1 0 0 0 -1 2357.dat
1 191 -10 -32 -90 0 0 -1 0 1 0 1 0 0 2357.dat
1 191 -30 -32 70 0 0 1 0 1 0 -1 0 0 3665.dat
1 191 -30 -32 -70 0 0 1 0 1 0 -1 0 0 3665.dat
1 70 -30 -32 40 0 0 1 0 1 0 -1 0 0 3660.dat
1 70 -30 -32 0 0 0 1 0 1 0 -1 0 0 3660.dat
1 70 -30 -32 -40 0 0 1 0 1 0 -1 0 0 3660.dat
1 72 -10 -16 0 0 0 1 0 1 0 -1 0 0 3069b.dat
1 72 40 -16 40 1 0 0 0 1 0 0 0 1 3795.dat
1 72 40 -16 -40 1 0 0 0 1 0 0 0 1 3795.dat
1 72 120 -16 0 0 0 -1 0 1 0 1 0 0 3795.dat
1 191 -30 -56 0 0 0 -1 0 1 0 1 0 0 3010.dat
1 191 -30 -56 70 0 0 1 0 1 0 -1 0 0 2357.dat
1 191 -30 -56 -70 1 0 0 0 1 0 0 0 1 2357.dat
1 72 30 -56 70 1 0 0 0 1 0 0 0 1 3622.dat
1 72 30 -56 -70 1 0 0 0 1 0 0 0 1 3622.dat
1 72 100 -56 70 -1 0 0 0 1 0 0 0 -1 30414.dat
1 72 100 -56 -70 1 0 0 0 1 0 0 0 1 30414.dat
1 191 0 -56 -90 1 0 0 0 1 0 0 0 1 3004.dat
1 191 0 -56 90 1 0 0 0 1 0 0 0 1 3004.dat
1 0 80 -46 -88 1 0 0 0 0 -1 0 1 0 3666.dat
1 72 80 -46 -96 1 0 0 0 0 -1 0 1 0 6636.dat
1 0 80 -46 88 -1 0 0 0 0 -1 0 -1 0 3666.dat
1 72 80 -46 96 -1 0 0 0 0 -1 0 -1 0 6636.dat
1 191 40 -64 80 -1 0 0 0 1 0 0 0 -1 3795.dat
1 191 40 -64 -80 -1 0 0 0 1 0 0 0 -1 3795.dat
1 72 120 -64 80 -1 0 0 0 1 0 0 0 -1 3022.dat
1 72 120 -64 -80 -1 0 0 0 1 0 0 0 -1 3022.dat
1 72 130 -72 80 0 0 -1 0 1 0 1 0 0 44728.dat
1 72 130 -72 -80 0 0 -1 0 1 0 1 0 0 44728.dat
1 191 100 -88 90 1 0 0 0 1 0 0 0 1 3004.dat
1 191 100 -88 -90 1 0 0 0 1 0 0 0 1 3004.dat
1 191 70 -88 90 0 0 1 0 1 0 -1 0 0 4286.dat
1 191 70 -88 -90 0 0 1 0 1 0 -1 0 0 4286.dat
1 72 60 -88 70 -1 0 0 0 1 0 0 0 -1 3009.dat
1 72 60 -88 -70 -1 0 0 0 1 0 0 0 -1 3009.dat
1 0 -10 -72 0 0 0 -1 0 1 0 1 0 0 3460.dat
1 0 -10 -80 0 0 0 -1 0 1 0 1 0 0 3460.dat
1 191 -10 -88 -90 0 0 -1 0 1 0 1 0 0 4287.dat
1 191 -10 -88 90 0 0 -1 0 1 0 1 0 0 4287.dat
1 0 10 -80 0 0 0 -1 0 1 0 1 0 0 87544.dat
1 72 130 -96 80 0 0 -1 0 1 0 1 0 0 3700.dat
1 72 130 -96 -80 0 0 -1 0 1 0 1 0 0 3700.dat
1 191 110 -96 70 0 0 -1 0 1 0 1 0 0 3024.dat
1 191 110 -96 -70 0 0 -1 0 1 0 1 0 0 3024.dat
1 72 130 -104 70 0 0 -1 0 1 0 1 0 0 2420.dat
1 72 130 -104 -70 -1 0 0 0 1 0 0 0 -1 2420.dat
1 72 130 -112 80 0 0 -1 0 1 0 1 0 0 44728.dat
1 72 130 -112 -80 0 0 -1 0 1 0 1 0 0 44728.dat
1 191 110 -112 70 0 0 -1 0 1 0 1 0 0 3024.dat
1 191 110 -112 -70 0 0 -1 0 1 0 1 0 0 3024.dat
1 191 -50 -40 0 0 0 -1 0 1 0 1 0 0 3666.dat
1 191 -50 -48 0 0 0 -1 0 1 0 1 0 0 3666.dat
1 191 -50 -56 0 0 0 -1 0 1 0 1 0 0 6636.dat
1 191 -50 -56 70 0 0 1 0 1 0 -1 0 0 3665.dat
1 191 -50 -56 -70 0 0 1 0 1 0 -1 0 0 3665.dat
1 71 -30 -80 -50 0 0 1 0 1 0 -1 0 0 3005.dat
1 71 -30 -80 50 0 0 1 0 1 0 -1 0 0 3005.dat
1 19 -40 -80 70 -1 0 0 0 1 0 0 0 -1 32000.dat
1 19 -40 -80 -70 -1 0 0 0 1 0 0 0 -1 32000.dat
1 191 -70 -80 70 0 0 1 0 1 0 -1 0 0 87087.dat
1 191 -70 -80 -70 0 0 1 0 1 0 -1 0 0 87087.dat
1 0 -50 -70 50 -0.2588 -0.9659 0 -0.9659 0.2588 0 0 0 -1 21303 - Body - Rear Arm 1.ldr
1 0 -50 -70 -50 -0.2588 -0.9659 0 -0.9659 0.2588 0 0 0 -1 21303 - Body - Rear Arm 2.ldr
1 72 -30 -80 0 0 0 1 0 1 0 -1 0 0 30414.dat
1 191 -40 -88 70 -1 0 0 0 1 0 0 0 -1 3710.dat
1 191 -40 -88 -70 -1 0 0 0 1 0 0 0 -1 3710.dat
1 191 -30 -88 -40 0 0 -1 0 1 0 1 0 0 3023.dat
1 191 -30 -88 40 0 0 -1 0 1 0 1 0 0 3023.dat
1 191 -10 -88 0 1 0 0 0 1 0 0 0 1 3021.dat
1 191 -30 -56 90 0 0 1 0 1 0 -1 0 0 3665.dat
1 191 -30 -80 90 -1 0 0 0 1 0 0 0 -1 87087.dat
1 191 -50 -80 90 -1 0 0 0 1 0 0 0 -1 87087.dat
1 191 -40 -88 90 -1 0 0 0 1 0 0 0 -1 3023.dat
1 191 -30 -56 -90 0 0 1 0 1 0 -1 0 0 3665.dat
1 191 -30 -80 -90 1 0 0 0 1 0 0 0 1 87087.dat
1 191 -50 -80 -90 1 0 0 0 1 0 0 0 1 87087.dat
1 191 -40 -88 -90 1 0 0 0 1 0 0 0 1 3023.dat
1 72 40 -112 70 1 0 0 0 1 0 0 0 1 3009.dat
1 72 40 -112 -70 1 0 0 0 1 0 0 0 1 3009.dat
1 191 -50 -112 -70 1 0 0 0 1 0 0 0 1 3622.dat
1 191 -50 -112 70 1 0 0 0 1 0 0 0 1 3622.dat
1 191 110 -112 90 0 0 1 0 1 0 -1 0 0 4286.dat
1 191 110 -112 -90 0 0 1 0 1 0 -1 0 0 4286.dat
1 191 -20 -112 90 -1 0 0 0 1 0 0 0 -1 3010.dat
1 191 -20 -112 -90 -1 0 0 0 1 0 0 0 -1 3010.dat
1 191 30 -112 -90 0 0 -1 0 1 0 1 0 0 4287.dat
1 191 30 -112 90 0 0 -1 0 1 0 1 0 0 4287.dat
1 71 -30 -96 0 0 0 -1 0 1 0 1 0 0 3666.dat
1 72 -30 -120 0 0 0 1 0 1 0 -1 0 0 30414.dat
1 1 -30 -120 -50 0 0 1 0 1 0 -1 0 0 87087.dat
1 1 -30 -120 50 0 0 1 0 1 0 -1 0 0 87087.dat
1 71 -48 -110 -50 0 1 0 0 0 1 1 0 0 98138.dat
1 71 -48 -110 50 0 1 0 0 0 1 1 0 0 98138.dat
1 191 -50 -136 -70 -1 0 0 0 1 0 0 0 -1 2357.dat
1 191 -50 -136 70 0 0 -1 0 1 0 1 0 0 2357.dat
1 191 0 -120 -80 1 0 0 0 1 0 0 0 1 3020.dat
1 191 0 -120 80 1 0 0 0 1 0 0 0 1 3020.dat
1 191 -30 -128 -60 0 0 1 0 1 0 -1 0 0 3710.dat
1 191 -30 -128 40 0 0 1 0 1 0 -1 0 0 3666.dat
1 71 -10 -128 40 0 0 -1 0 1 0 1 0 0 87552.dat
1 71 -10 -128 -40 0 0 -1 0 1 0 1 0 0 87552.dat
1 71 0 -96 0 0 0 -1 0 1 0 1 0 0 3022.dat
1 71 0 -104 0 0 0 -1 0 1 0 1 0 0 3022.dat
1 0 0 -128 10 1 0 0 0 1 0 0 0 1 30364.dat
1 0 0 -128 -10 1 0 0 0 1 0 0 0 1 30364.dat
1 191 -30 -136 80 0 0 1 0 1 0 -1 0 0 3023.dat
1 191 -30 -136 -80 0 0 1 0 1 0 -1 0 0 3023.dat
1 191 -20 -136 0 0 0 1 0 1 0 -1 0 0 3795.dat
1 191 80 -120 80 -1 0 0 0 1 0 0 0 -1 3020.dat
1 191 80 -120 -80 -1 0 0 0 1 0 0 0 -1 3020.dat
1 71 40 -128 70 -1 0 0 0 1 0 0 0 -1 3666.dat
1 71 40 -128 -70 -1 0 0 0 1 0 0 0 -1 3666.dat
1 191 40 -128 90 -1 0 0 0 1 0 0 0 -1 3666.dat
1 191 40 -128 -90 -1 0 0 0 1 0 0 0 -1 3666.dat
1 191 110 -128 80 0 0 -1 0 1 0 1 0 0 3023.dat
1 191 110 -128 -80 0 0 -1 0 1 0 1 0 0 3023.dat
1 191 152 -52 -90 0 -1 0 -1 0 0 0 0 -1 3710.dat
1 191 152 -52 90 0 -1 0 -1 0 0 0 0 -1 3710.dat
1 191 152 -102 90 0 -1 0 -1 0 0 0 0 -1 3024.dat
1 191 152 -102 -90 0 -1 0 -1 0 0 0 0 -1 3024.dat
1 72 152 -32 70 0 -1 0 -1 0 0 0 0 -1 3023.dat
1 72 152 -32 -70 0 -1 0 -1 0 0 0 0 -1 3023.dat
1 72 144 -92 -70 0 -1 0 -1 0 0 0 0 -1 85984.dat
1 72 144 -92 70 0 -1 0 1 0 0 0 0 1 85984.dat
1 72 144 -62 70 0 -1 0 1 0 0 0 0 1 50746.dat
1 72 144 -62 -70 0 -1 0 -1 0 0 0 0 -1 50746.dat
1 72 144 -12 -80 0 -1 0 0 0 -1 1 0 0 15068.dat
1 72 144 -12 80 0 -1 0 0 0 -1 1 0 0 15068.dat
1 72 160 -42 -80 0 -1 0 0 0 -1 1 0 0 2412b.dat
1 72 160 -42 80 0 -1 0 0 0 -1 1 0 0 2412b.dat
1 191 160 -62 -90 0 -1 0 0 0 -1 1 0 0 3070b.dat
1 191 160 -62 90 0 -1 0 0 0 -1 1 0 0 3070b.dat
1 191 160 -92 -90 0 -1 0 1 0 0 0 0 1 3069b.dat
1 191 160 -92 90 0 -1 0 1 0 0 0 0 1 3069b.dat
1 191 -30 -160 -50 0 0 1 0 1 0 -1 0 0 2357.dat
1 191 -30 -160 50 1 0 0 0 1 0 0 0 1 2357.dat
1 191 -30 -160 0 0 0 1 0 1 0 -1 0 0 3010.dat
1 191 -50 -160 -90 1 0 0 0 1 0 0 0 1 2357.dat
1 191 -50 -160 90 0 0 1 0 1 0 -1 0 0 2357.dat
1 72 -10 -160 0 0 0 1 0 1 0 -1 0 0 3700.dat
1 0 30 -118 0 0.7071 -0.7071 0 -0.7071 -0.7071 0 0 0 -1 21303 - Body - Neck.ldr
1 72 140 -120 0 0 0 -1 0 1 0 1 0 0 3832.dat
1 72 130 -128 0 0 0 -1 0 1 0 1 0 0 4477.dat
1 191 130 -136 0 0 0 -1 0 1 0 1 0 0 3666.dat
1 71 120 -144 0 0 0 -1 0 1 0 1 0 0 3022.dat
1 36 130 -144 50 0 0 -1 0 1 0 1 0 0 6141.dat
1 36 130 -144 -50 0 0 -1 0 1 0 1 0 0 6141.dat
1 72 150 -144 0 0 0 -1 0 1 0 1 0 0 30414.dat
1 71 150 -144 -50 1 0 0 0 1 0 0 0 1 6231.dat
1 71 150 -144 50 0 0 -1 0 1 0 1 0 0 6231.dat
1 72 60 -144 -30 -1 0 0 0 1 0 0 0 -1 4162.dat
1 72 60 -144 30 -1 0 0 0 1 0 0 0 -1 4162.dat
1 71 60 -136 80 -1 0 0 0 1 0 0 0 -1 3034.dat
1 71 60 -136 -80 -1 0 0 0 1 0 0 0 -1 3034.dat
1 0 150 -160 0 0 0 -1 0 1 0 1 0 0 99206.dat
1 191 130 -160 0 0 0 -1 0 1 0 1 0 0 3023.dat
1 191 110 -152 0 0 0 -1 0 1 0 1 0 0 3069b.dat
1 191 -50 -160 90 0 0 1 0 1 0 -1 0 0 50746.dat
1 191 -50 -160 -90 0 0 1 0 1 0 -1 0 0 50746.dat
1 191 -30 -168 80 0 0 1 0 1 0 -1 0 0 3023.dat
1 191 -30 -168 -80 0 0 1 0 1 0 -1 0 0 3023.dat
1 191 -20 -168 0 0 0 1 0 1 0 -1 0 0 3795.dat
1 71 -10 -160 -80 0 0 1 0 1 0 -1 0 0 32064a.dat
1 71 130 -160 -80 0 0 1 0 1 0 -1 0 0 32064a.dat
1 0 60 -150 -80 -1 0 0 0 1 0 0 0 -1 3707.dat
1 71 -10 -160 80 0 0 1 0 1 0 -1 0 0 32064a.dat
1 71 130 -160 80 0 0 1 0 1 0 -1 0 0 32064a.dat
1 0 60 -150 80 -1 0 0 0 1 0 0 0 -1 3707.dat
1 0 60 -150 80 -1 0 0 0 0.9962 -0.0872 0 -0.0872 -0.9962 21303 - Body - Arm 1.ldr
1 0 60 -150 -80 -1 0 0 0 -0.9962 -0.0872 0 -0.0872 0.9962 21303 - Body - Arm 2.ldr
1 71 60 -168 -80 -1 0 0 0 1 0 0 0 -1 3034.dat
1 71 60 -168 80 -1 0 0 0 1 0 0 0 -1 3034.dat
1 71 150 -168 -80 0 0 -1 0 1 0 1 0 0 87552.dat
1 71 150 -168 80 0 0 -1 0 1 0 1 0 0 87552.dat
1 71 130 -168 -30 0 0 1 0 1 0 -1 0 0 2357.dat
1 71 130 -168 30 1 0 0 0 1 0 0 0 1 2357.dat
1 71 140 -168 0 1 0 0 0 1 0 0 0 1 3022.dat
1 71 140 -176 0 0 0 1 0 1 0 -1 0 0 3832.dat
1 191 60 -176 80 -1 0 0 0 1 0 0 0 -1 3795.dat
1 191 60 -176 -80 -1 0 0 0 1 0 0 0 -1 3795.dat
1 191 -20 -176 60 0 0 -1 0 1 0 1 0 0 3020.dat
1 191 -20 -176 -60 0 0 -1 0 1 0 1 0 0 3020.dat
1 72 -10 -176 0 0 0 -1 0 1 0 1 0 0 3023.dat
1 71 -30 -176 0 0 0 1 0 1 0 -1 0 0 60470b.dat
1 191 -20 -184 0 0 0 1 0 1 0 -1 0 0 87079.dat
1 191 20 -184 -60 -1 0 0 0 1 0 0 0 -1 87079.dat
1 191 100 -184 -60 -1 0 0 0 1 0 0 0 -1 87079.dat
1 191 20 -184 60 -1 0 0 0 1 0 0 0 -1 87079.dat
1 191 100 -184 60 -1 0 0 0 1 0 0 0 -1 87079.dat
1 191 130 -184 0 0 0 -1 0 1 0 1 0 0 2431.dat
1 72 -30 -184 60 0 0 -1 0 1 0 1 0 0 3023.dat
1 72 -30 -184 -60 0 0 -1 0 1 0 1 0 0 3023.dat
1 72 60 -184 -90 1 0 0 0 1 0 0 0 1 4477.dat
1 72 60 -184 90 1 0 0 0 1 0 0 0 1 4477.dat
1 72 150 -184 40 0 0 1 0 1 0 -1 0 0 3710.dat
1 72 150 -184 -40 0 0 1 0 1 0 -1 0 0 3710.dat
1 72 -30 -192 70 0 0 1 0 1 0 -1 0 0 63864.dat
1 72 -30 -192 -70 0 0 1 0 1 0 -1 0 0 63864.dat
1 72 150 -192 70 0 0 1 0 1 0 -1 0 0 63864.dat
1 72 150 -192 -70 0 0 1 0 1 0 -1 0 0 63864.dat
1 72 60 -192 90 -1 0 0 0 1 0 0 0 -1 4162.dat
1 72 60 -192 -90 -1 0 0 0 1 0 0 0 -1 4162.dat
1 191 -70 -160 -70 0 0 1 0 1 0 -1 0 0 87087.dat
1 191 -70 -160 70 0 0 1 0 1 0 -1 0 0 87087.dat
1 191 -50 -184 -70 0 0 1 0 1 0 -1 0 0 3040b.dat
1 191 -50 -184 70 0 0 1 0 1 0 -1 0 0 3040b.dat
1 191 -40 -80 108 1 0 0 0 0 1 0 -1 0 14769.dat
1 191 -40 -80 -108 -1 0 0 0 0 1 0 1 0 14769.dat
1 72 -48 -100 0 0 1 0 0 0 1 1 0 0 3031.dat
1 191 -56 -80 0 0 1 0 0 0 1 1 0 0 3068b.dat
1 191 -56 -120 0 0 1 0 0 0 1 1 0 0 87079.dat
1 72 -56 -80 -30 0 1 0 -1 0 0 0 0 1 2412b.dat
1 72 -56 -80 30 0 1 0 -1 0 0 0 0 1 2412b.dat
1 191 -80 -140 70 0 1 0 0 0 1 1 0 0 11477.dat
1 191 -88 -110 70 0 1 0 -1 0 0 0 0 1 3623.dat
1 191 -80 -80 70 0 1 0 0 0 -1 -1 0 0 11477.dat
1 191 -96 -110 70 0 1 0 0 0 -1 -1 0 0 3070b.dat
1 191 -80 -140 -70 0 1 0 0 0 1 1 0 0 11477.dat
1 191 -88 -110 -70 0 1 0 -1 0 0 0 0 1 3623.dat
1 191 -80 -80 -70 0 1 0 0 0 -1 -1 0 0 11477.dat
1 191 -96 -110 -70 0 1 0 0 0 -1 -1 0 0 3070b.dat
1 191 -50 -174 0 -0.7771 0.6293 0 0.6293 0.7771 0 0 0 -1 21303 - Body - Backdoor.ldr
1 71 168 -154 -20 0 -1 0 1 0 0 0 0 1 3021.dat
1 71 168 -154 20 0 -1 0 1 0 0 0 0 1 3021.dat
1 72 176 -174 -20 0 -1 0 0 0 1 -1 0 0 2412b.dat
1 72 176 -154 -20 0 -1 0 0 0 1 -1 0 0 2412b.dat
1 72 176 -134 -10 0 -1 0 0 0 1 -1 0 0 3070b.dat
1 36 176 -134 -30 0 -1 0 0 0 1 -1 0 0 6141.dat
1 0 176 -174 20 0 -1 0 0 0 1 -1 0 0 3069b.dat
1 0 176 -144 20 0 -1 0 0 0 -1 1 0 0 3068bpc1.dat
1 72 100 8 0 0 0 1 0 1 0 -1 0 0 11203.dat
1 72 60 8 0 0 0 1 0 1 0 -1 0 0 3795.dat
1 72 60 16 70 1 0 0 0 1 0 0 0 1 3700.dat
1 72 60 16 90 1 0 0 0 1 0 0 0 1 3700.dat
1 72 60 16 -90 1 0 0 0 1 0 0 0 1 3700.dat
1 72 60 16 -70 1 0 0 0 1 0 0 0 1 3700.dat
1 1 60 26 -90 0 0 -1 0 1 0 1 0 0 6558.dat
1 1 60 26 90 0 0 1 0 1 0 -1 0 0 6558.dat
1 71 60 16 -50 1 0 0 0 1 0 0 0 1 11215.dat
1 71 60 16 50 -1 0 0 0 1 0 0 0 -1 11215.dat
1 71 60 24 0 0 0 1 0 1 0 -1 0 0 3709b.dat
1 0 150 -192 -10 0.866 0 -0.5 0 1 0 0.5 0 0.866 21303 - Body - Antenna.ldr


0 FILE 21303 - Body - Door.ldr
0 Body - Door
0 Name: 21303 - Body - Door.ldr
0 Author: Damien Roux [Darats]
0 !LDRAW_ORG Model
0 !LICENSE Redistributable under CCAL version 2.0 : see CAreadme.txt

0 !THEME Ideas

1 71 -40 -10 -20 0 0 1 0 1 0 -1 0 0 98286.dat
1 71 -40 -10 20 0 0 1 0 1 0 -1 0 0 98286.dat
1 72 -100 -10 -20 0 0 1 0 1 0 -1 0 0 3795.dat
1 71 -60 -18 -20 0 0 1 0 1 0 -1 0 0 3036.dat
1 72 -100 -10 -90 1 0 0 0 1 0 0 0 1 99780.dat
1 72 -60 -10 -90 1 0 0 0 1 0 0 0 1 99780.dat
1 72 -20 -10 -90 1 0 0 0 1 0 0 0 1 99780.dat
1 72 -20 -10 50 -1 0 0 0 1 0 0 0 -1 99780.dat
1 72 -60 -10 50 -1 0 0 0 1 0 0 0 -1 99780.dat
1 72 -100 -10 50 -1 0 0 0 1 0 0 0 -1 99780.dat
1 191 -80 -12 -112 -1 0 0 0 0 1 0 1 0 2431.dat
1 72 -20 -12 -112 -1 0 0 0 0 1 0 1 0 3069b.dat
1 191 -80 -12 72 -1 0 0 0 0 -1 0 -1 0 2431.dat
1 72 -20 -12 72 -1 0 0 0 0 -1 0 -1 0 3069b.dat
1 191 -110 -26 -20 0 0 1 0 1 0 -1 0 0 6636.dat
1 191 -80 -26 50 -1 0 0 0 1 0 0 0 -1 2431.dat
1 191 -80 -26 -90 -1 0 0 0 1 0 0 0 -1 2431.dat
1 191 -80 -26 20 -1 0 0 0 1 0 0 0 -1 3068b.dat
1 191 -80 -26 -20 -1 0 0 0 1 0 0 0 -1 3068b.dat
1 191 -80 -26 -60 -1 0 0 0 1 0 0 0 -1 3068b.dat
1 191 -50 -26 20 0 0 -1 0 1 0 1 0 0 3069b.dat
1 191 -50 -26 -20 0 0 -1 0 1 0 1 0 0 3069b.dat
1 191 -20 -26 40 0 0 -1 0 1 0 1 0 0 3068bp0d.dat
1 191 -20 -26 -20 0 0 -1 0 1 0 1 0 0 87079p08.dat
1 191 -50 -26 -70 1 0 0 0 1 0 0 0 1 14719.dat
1 191 -10 -26 -90 0 0 -1 0 1 0 1 0 0 14719.dat
1 71 -50 -10 -60 1 0 0 0 1 0 0 0 1 3021.dat
1 72 -60 -2 -20 1 0 0 0 1 0 0 0 1 3031.dat


0 FILE 21303 - Body - Rear Arm 1.ldr
0 Body - Rear Arm 1
0 Name: 21303 - Body - Rear Arm 1.ldr
0 Author: Damien Roux [Darats]
0 !LDRAW_ORG Model
0 !LICENSE Redistributable under CCAL version 2.0 : see CAreadme.txt

0 !THEME Ideas

1 71 20 0 0 0 0 1 0 1 0 -1 0 0 32039.dat
1 1 0 0 -10 0 0 -1 0 1 0 1 0 0 43093.dat
1 1 30 0 0 -1 0 0 0 1 0 0 0 -1 43093.dat
1 71 50 0 0 -1 0 0 0 1 0 0 0 -1 62462.dat


0 FILE 21303 - Body - Rear Arm 2.ldr
0 Body - Rear Arm 2
0 Name: 21303 - Body - Rear Arm 2.ldr
0 Author: Damien Roux [Darats]
0 !LDRAW_ORG Model
0 !LICENSE Redistributable under CCAL version 2.0 : see CAreadme.txt

0 !THEME Ideas

1 71 20 0 0 0 0 1 0 1 0 -1 0 0 32039.dat
1 1 0 0 10 0 0 1 0 1 0 -1 0 0 43093.dat
1 1 30 0 0 -1 0 0 0 1 0 0 0 -1 43093.dat
1 71 50 0 0 -1 0 0 0 1 0 0 0 -1 62462.dat


0 FILE 21303 - Body - Neck.ldr
0 Body - Neck
0 Name: 21303 - Body - Neck.ldr
0 Author: Damien Roux [Darats]
0 !LDRAW_ORG Model
0 !LICENSE Redistributable under CCAL version 2.0 : see CAreadme.txt

0 !THEME Ideas

1 71 50 -18 0 1 0 0 0 1 0 0 0 1 87079.dat
1 71 50 -10 -10 1 0 0 0 1 0 0 0 1 30387.dat
1 71 50 -10 10 1 0 0 0 1 0 0 0 1 30387.dat
1 71 50 14 0 1 0 0 0 1 0 0 0 1 3022.dat
1 71 50 22 0 1 0 0 0 1 0 0 0 1 2654.dat
1 0 100 0 0 0 -1 0 1 0 0 0 0 1 21303 - Body - Neck - 1.ldr

0 FILE 21303 - Body - Arm 1.ldr
0 Body - Arm 1
0 Name: 21303 - Body - Arm 1.ldr
0 Author: Damien Roux [Darats]
0 !LDRAW_ORG Model
0 !LICENSE Redistributable under CCAL version 2.0 : see CAreadme.txt

0 !THEME Ideas

1 72 0 0 20 0 1 0 -1 0 0 0 0 1 64276.dat
1 4 -10 0 20 -1 0 0 0 -1 0 0 0 1 32062.dat
1 0 -20 0 20 0 0 1 0 -1 0 1 0 0 45590.dat
1 0 0 0 -40 0.067 -0.25 -0.9659 -0.9659 -0.2588 0 -0.25 0.933 -0.2588 21303 - Body - Arm 1 - 1.ldr

0 FILE 21303 - Body - Backdoor.ldr
0 Body - Backdoor
0 Name: 21303 - Body - Backdoor.ldr
0 Author: Damien Roux [Darats]
0 !LDRAW_ORG Model
0 !LICENSE Redistributable under CCAL version 2.0 : see CAreadme.txt

0 !THEME Ideas

1 191 30 6 0 0 0 1 0 1 0 -1 0 0 3795.dat
1 191 30 -2 40 0 0 1 0 1 0 -1 0 0 3022.dat
1 191 30 -2 -40 0 0 1 0 1 0 -1 0 0 3022.dat
1 191 30 -2 10 -1 0 0 0 1 0 0 0 -1 60478.dat
1 191 30 -2 -10 -1 0 0 0 1 0 0 0 -1 60478.dat
1 191 40 -10 0 0 0 -1 0 1 0 1 0 0 6636.dat
1 191 20 -10 0 0 0 -1 0 1 0 1 0 0 3069b.dat
1 191 10 -10 40 0 0 -1 0 1 0 1 0 0 3068b.dat
1 191 10 -10 -40 0 0 -1 0 1 0 1 0 0 3068b.dat


0 FILE 21303 - Track 1.ldr
0 Track 1
0 Name: 21303 - Track 1.ldr
0 Author: Damien Roux [Darats]
0 !LDRAW_ORG Model
0 !LICENSE Redistributable under CCAL version 2.0 : see CAreadme.txt

0 !THEME Ideas

1 72 0 0 0 0 -1 0 0 0 -1 1 0 0 32250.dat
1 19 -5 0 40 1 0 0 0 0 -1 0 1 0 3749.dat
1 19 -5 -80 0 1 0 0 0 0 -1 0 1 0 3749.dat
1 72 10 0 0 0 -1 0 0 0 -1 1 0 0 32250.dat
1 0 -25 0 0 1 0 0 0 0 -1 0 1 0 3705.dat
1 71 0 -55.928 -31.944 0 0 1 0.5977 0.8016 0 -0.8016 0.5977 0 32123a.dat
1 71 0 -104.072 31.944 0 0 1 0.605 0.7962 0 -0.7962 0.605 0 32123a.dat
1 71 -55 -55.928 -31.944 0 1 0 0.6018 0 -0.7986 -0.7986 0 -0.6018 4740.dat
1 28 -17 -55.928 -31.944 -1 0 0 0 -0.6018 0.7986 0 0.7986 0.6018 6587.dat
1 71 -55 -104.072 31.944 0 1 0 0.6018 0 -0.7986 -0.7986 0 -0.6018 4740.dat
1 28 -17 -104.072 31.944 -1 0 0 0 -0.6115 0.7912 0 0.7912 0.6115 6587.dat
1 1 -5 -67.964 -15.972 1 0 0 0 0.6018 0.7986 0 -0.7986 0.6018 4274.dat
1 1 -5 -92.036 15.972 1 0 0 0 0.6018 0.7986 0 -0.7986 0.6018 4274.dat
1 72 -15 -80 0 0 1 0 0.7986 0 0.6018 0.6018 0 -0.7986 32316.dat
1 71 -55 0 -80 0 0 1 -0.5 -0.866 0 0.866 -0.5 0 3713.dat
1 28 -35 0 -80 1 0 0 0 -0.866 0.5 0 -0.5 -0.866 6587.dat
1 71 -60 0 80 0 0 -1 0.1607 -0.987 0 -0.987 -0.1607 0 4185.dat
1 71 -50 0 80 0 0 -1 0.1607 -0.987 0 -0.987 -0.1607 0 32123a.dat
1 28 -35 0 80 1 0 0 0 -0.987 0.1607 0 -0.1607 -0.987 6587.dat
1 71 -15 0 0 0 -1 0 -1 0 0 0 0 -1 40490.dat
1 72 -35 0 0 1 0 0 0 0 -1 0 1 0 6536.dat
1 71 -55 0 0 0 0 1 1 0 0 0 1 0 3713.dat
1 71 -35 10 20 0 0 1 1 0 0 0 1 0 4274.dat
1 71 -35 18 20 0 0 1 0 -1 0 1 0 0 98138.dat
1 0 -35 -104.072 31.944 0 0 -1 -0.6018 0.7986 0 0.7986 0.6018 0 57520.dat
1 0 -35 -55.928 -31.944 0 0 -1 -0.829012 0.559164 0 0.559164 0.829012 0 57520.dat
1 0 -35 0 -80 0 0 -1 0.5 -0.866025 0 -0.866025 -0.5 0 57520.dat
1 0 -35 0 80 0 0 -1 0.160743 -0.986996 0 -0.986996 -0.160743 0 57520.dat
1 0 -35 -131.7 43.7 1 0 0 0 0.992546 -0.121869 0 0.121869 0.992546 57518.dat
1 0 -35 -128.043 13.924 1 0 0 0 0.788011 -0.615661 0 0.615661 0.788011 57518.dat
1 0 -35 -109.574 -9.715 1 0 0 0 0.788011 -0.615661 0 0.615661 0.788011 57518.dat
1 0 -35 -91.103 -33.355 1 0 0 0 0.788011 -0.615661 0 0.615661 0.788011 57518.dat
1 0 -35 -72.639 -56.998 1 0 0 0 0.636078 -0.771625 0 0.771625 0.636078 57518.dat
1 0 -35 -49.484 -76.084 1 0 0 0 0.636078 -0.771625 0 0.771625 0.636078 57518.dat
1 0 -35 -26.334 -95.162 1 0 0 0 0.492424 -0.870356 0 0.870356 0.492424 57518.dat
1 0 -35 -0.226 -109.931 1 0 0 0 -0.492424 -0.870356 0 0.870356 -0.492424 57518.dat
1 0 -35 25.889 -95.159 1 0 0 0 -0.993572 -0.113203 0 0.113203 -0.993572 57518.dat
1 0 -35 29.286 -65.352 1 0 0 0 -1 0 0 0 -1 57518.dat
1 0 -35 29.281 -35.352 1 0 0 0 -1 0 0 0 -1 57518.dat
1 0 -35 29.284 -5.352 1 0 0 0 -1 0 0 0 -1 57518.dat
1 0 -35 29.288 24.645 1 0 0 0 -1 0 0 0 -1 57518.dat
1 0 -35 29.286 54.649 1 0 0 0 -1 0 0 0 -1 57518.dat
1 0 -35 29.285 84.65 1 0 0 0 -0.788011 0.615661 0 -0.615661 -0.788011 57518.dat
1 0 -35 10.813 108.287 1 0 0 0 0.165048 0.986286 0 -0.986286 0.165048 57518.dat
1 0 -35 -18.774 103.333 1 0 0 0 0.382683 0.92388 0 -0.92388 0.382683 57518.dat
1 0 -35 -49.494 91.265 1 0 0 0 0.382683 0.92388 0 -0.92388 0.382683 57518.dat
1 0 -35 -78.715 78.983 1 0 0 0 0.382683 0.92388 0 -0.92388 0.382683 57518.dat
1 0 -35 -108.093 66.035 1 0 0 0 0.688355 0.725374 0 -0.725374 0.688355 57518.dat


0 FILE 21303 - Track 2.ldr
0 Track 2
0 Name: 21303 - Track 2.ldr
0 Author: Damien Roux [Darats]
0 !LDRAW_ORG Model
0 !LICENSE Redistributable under CCAL version 2.0 : see CAreadme.txt

0 !THEME Ideas

1 72 20 0 0 0 -1 0 0 0 -1 1 0 0 32250.dat
1 19 25 0 40 -1 0 0 0 0 1 0 1 0 3749.dat
1 19 25 -80 0 -1 0 0 0 0 1 0 1 0 3749.dat
1 72 10 0 0 0 -1 0 0 0 -1 1 0 0 32250.dat
1 0 45 0 0 -1 0 0 0 0 1 0 1 0 3705.dat
1 71 20 -104.072 31.944 0 0 -1 -0.9205 0.3908 0 0.3908 0.9205 0 32123a.dat
1 71 20 -55.928 -31.944 0 0 -1 -0.4384 0.8988 0 0.8988 0.4384 0 32123a.dat
1 71 75 -104.072 31.944 0 -1 0 -0.6018 0 -0.7986 0.7986 0 -0.6018 4740.dat
1 28 37 -104.072 31.944 1 0 0 0 0.9205 0.3908 0 -0.3908 0.9205 6587.dat
1 71 75 -55.928 -31.944 0 -1 0 -0.6018 0 -0.7986 0.7986 0 -0.6018 4740.dat
1 28 37 -55.928 -31.944 1 0 0 0 0.4384 0.8988 0 -0.8988 0.4384 6587.dat
1 1 25 -92.036 15.972 -1 0 0 0 -0.6018 0.7986 0 0.7986 0.6018 4274.dat
1 1 25 -67.964 -15.972 -1 0 0 0 -0.6018 0.7986 0 0.7986 0.6018 4274.dat
1 72 35 -80 0 0 -1 0 0.7986 0 -0.6018 0.6018 0 0.7986 32316.dat
1 71 75 0 -80 0 0 -1 0.5 0.866 0 0.866 -0.5 0 3713.dat
1 28 55 0 -80 -1 0 0 0 0.866 -0.5 0 -0.5 -0.866 6587.dat
1 71 80 0 80 0 0 1 0 1 0 -1 0 0 4185.dat
1 71 70 0 80 0 0 1 0 1 0 -1 0 0 32123a.dat
1 28 55 0 80 -1 0 0 0 1 0 0 0 -1 6587.dat
1 71 35 0 0 0 1 0 1 0 0 0 0 -1 40490.dat
1 72 55 0 0 1 0 0 0 0 -1 0 1 0 6536.dat
1 71 75 0 0 0 0 -1 -1 0 0 0 1 0 3713.dat
1 71 55 10 20 0 0 1 1 0 0 0 1 0 4274.dat
1 71 55 18 20 0 0 1 0 -1 0 1 0 0 98138.dat
1 0 55 -104.072 31.944 0 0 1 0.390725 -0.920467 0 0.920467 0.390725 0 57520.dat
1 0 55 -55.928 -31.944 0 0 1 0.898765 -0.438346 0 0.438346 0.898765 0 57520.dat
1 0 55 0 -80 0 0 1 -0.5 0.866025 0 -0.866025 -0.5 0 57520.dat
1 0 55 0 80 0 0 1 -0.160742 -0.986996 0 0.986996 -0.160742 0 57520.dat
1 0 55 -131.7 43.7 1 0 0 0 0.992546 -0.121869 0 0.121869 0.992546 57518.dat
1 0 55 -128.043 13.924 1 0 0 0 0.788011 -0.615661 0 0.615661 0.788011 57518.dat
1 0 55 -109.574 -9.715 1 0 0 0 0.788011 -0.615661 0 0.615661 0.788011 57518.dat
1 0 55 -91.103 -33.355 1 0 0 0 0.788011 -0.615661 0 0.615661 0.788011 57518.dat
1 0 55 -72.639 -56.998 1 0 0 0 0.636078 -0.771625 0 0.771625 0.636078 57518.dat
1 0 55 -49.484 -76.084 1 0 0 0 0.636078 -0.771625 0 0.771625 0.636078 57518.dat
1 0 55 -26.334 -95.162 1 0 0 0 0.492424 -0.870356 0 0.870356 0.492424 57518.dat
1 0 55 -0.226 -109.931 1 0 0 0 -0.492424 -0.870356 0 0.870356 -0.492424 57518.dat
1 0 55 25.889 -95.159 1 0 0 0 -0.993572 -0.113203 0 0.113203 -0.993572 57518.dat
1 0 55 29.286 -65.352 1 0 0 0 -1 0 0 0 -1 57518.dat
1 0 55 29.281 -35.352 1 0 0 0 -1 0 0 0 -1 57518.dat
1 0 55 29.284 -5.352 1 0 0 0 -1 0 0 0 -1 57518.dat
1 0 55 29.288 24.645 1 0 0 0 -1 0 0 0 -1 57518.dat
1 0 55 29.286 54.649 1 0 0 0 -1 0 0 0 -1 57518.dat
1 0 55 29.285 84.65 1 0 0 0 -0.788011 0.615661 0 -0.615661 -0.788011 57518.dat
1 0 55 10.813 108.287 1 0 0 0 0.165048 0.986286 0 -0.986286 0.165048 57518.dat
1 0 55 -18.774 103.333 1 0 0 0 0.382683 0.92388 0 -0.92388 0.382683 57518.dat
1 0 55 -49.494 91.265 1 0 0 0 0.382683 0.92388 0 -0.92388 0.382683 57518.dat
1 0 55 -78.715 78.983 1 0 0 0 0.382683 0.92388 0 -0.92388 0.382683 57518.dat
1 0 55 -108.093 66.035 1 0 0 0 0.688355 0.725374 0 -0.725374 0.688355 57518.dat


0 FILE 21303 - Body - Antenna.ldr
0 Body - Antenna
0 Name: 21303 - Body - Antenna.ldr
0 Author: Damien Roux [Darats]
0 !LDRAW_ORG Model
0 !LICENSE Redistributable under CCAL version 2.0 : see CAreadme.txt

0 !THEME Ideas

1 0 -10 0 0 1 0 0 0 1 0 0 0 1 3023.dat
1 0 0 -8 0 0 0 1 0 1 0 -1 0 0 4592.dat
1 0 0 -8 0 0 0.7071 0.7071 0 0.7071 -0.7071 -1 0 0 4593.dat


0 FILE 21303 - Body - Neck - 1.ldr
0 Body - Neck - 1
0 Name: 21303 - Body - Neck - 1.ldr
0 Author: Damien Roux [Darats]
0 !LDRAW_ORG Model
0 !LICENSE Redistributable under CCAL version 2.0 : see CAreadme.txt
0 !THEME Ideas
1 72 70 -10 0 1 0 0 0 1 0 0 0 1 48171.dat
1 71 60 14 0 1 0 0 0 1 0 0 0 1 3021.dat
1 71 70 0 -20 1 0 0 0 0 1 0 -1 0 15573.dat
1 71 70 0 20 -1 0 0 0 0 1 0 1 0 15573.dat
1 71 30 -10 10 -1 0 0 0 1 0 0 0 -1 30365.dat
1 71 30 -10 -10 -1 0 0 0 1 0 0 0 -1 30365.dat
1 71 70 -18 0 -1 0 0 0 1 0 0 0 -1 3022.dat
1 71 30 -18 10 -1 0 0 0 1 0 0 0 -1 44728.dat
1 71 30 -18 -10 1 0 0 0 1 0 0 0 1 44728.dat
1 71 30 2 -32 -1 0 0 0 0 1 0 1 0 14769.dat
1 71 30 2 32 1 0 0 0 0 1 0 -1 0 14769.dat
1 71 50 -26 0 1 0 0 0 1 0 0 0 1 87580.dat
1 71 80 -26 0 0 0 1 0 1 0 -1 0 0 15573.dat
1 71 20 -26 0 0 0 1 0 1 0 -1 0 0 15573.dat
1 71 50 -34 0 -1 0 0 0 1 0 0 0 -1 2431.dat
1 0 110 0 0 0 0.7986 0.6018 0 0.6018 -0.7986 -1 0 0 21303 - Body - Neck - 2.ldr

0 FILE 21303 - Body - Neck - 2.ldr
0 Body - Neck - 2
0 Name: 21303 - Body - Neck - 2.ldr
0 Author: Damien Roux [Darats]
0 !LDRAW_ORG Model
0 !LICENSE Redistributable under CCAL version 2.0 : see CAreadme.txt
0 !THEME Ideas
1 72 0 0 0 0 -1 0 0 0 -1 1 0 0 47455.dat
1 0 0 0 30 0.2588 0 0.9659 -0.9659 0 0.2588 0 -1 0 21303 - Body - Neck - 3.ldr

0 FILE 21303 - Body - Neck - 3.ldr
0 Body - Neck - 3
0 Name: 21303 - Body - Neck - 3.ldr
0 Author: Damien Roux [Darats]
0 !LDRAW_ORG Model
0 !LICENSE Redistributable under CCAL version 2.0 : see CAreadme.txt

0 !THEME Ideas

1 72 0 0 0 0 0 1 0 1 0 -1 0 0 32523.dat
1 0 20 -10 0 0 0 1 -1 0 0 0 -1 0 2780.dat
1 1 -20 -10 0 0 0 1 -1 0 0 0 -1 0 43093.dat
1 71 -30 -20 0 0 1 0 0 0 -1 -1 0 0 32064a.dat
1 0 -6 -20 0 0 1 0 0 0 1 1 0 0 99207.dat
1 72 2 -20 0 0 1 0 0 0 1 1 0 0 3023.dat
1 72 -18 -42 0 0 0 -1 0 1 0 1 0 0 3068b.dat
1 0 50 -10 0 1 0 0 0 1 0 0 0 1 21303 - Head.ldr

0 FILE 21303 - Head.ldr
0 Head
0 Name: 21303 - Head.ldr
0 Author: Damien Roux [Darats]
0 !LDRAW_ORG Model
0 !LICENSE Redistributable under CCAL version 2.0 : see CAreadme.txt

0 !THEME Ideas

1 71 0 0 0 1 0 0 0 1 0 0 0 1 32000.dat
1 1 10 10 0 0 0 -1 0 1 0 1 0 0 6558.dat
1 1 -10 10 0 0 0 1 0 1 0 -1 0 0 6558.dat
1 71 -10 10 -20 0 1 0 -1 0 0 0 0 1 42003.dat
1 71 -10 10 20 0 1 0 -1 0 0 0 0 1 42003.dat
1 14 -30 -10 20 0 1 0 -1 0 0 0 0 1 4519.dat
1 14 -30 -10 -20 0 1 0 -1 0 0 0 0 1 4519.dat
1 72 -30 -5 20 1 0 0 0 -1 0 0 0 -1 6632.dat
1 71 0 -8 0 0 0 1 0 1 0 -1 0 0 3021.dat
1 72 -30 -15 20 -1 0 0 0 1 0 0 0 -1 6632.dat
1 72 0 -16 0 -1 0 0 0 1 0 0 0 -1 3023.dat
1 71 0 -16 20 -1 0 0 0 1 0 0 0 -1 60470b.dat
1 71 0 -16 -20 1 0 0 0 1 0 0 0 1 60470b.dat
1 71 0 -40 0 1 0 0 0 1 0 0 0 1 32000.dat
1 1 -10 -30 0 0 0 1 0 1 0 -1 0 0 6558.dat
1 1 10 -30 0 0 0 -1 0 1 0 1 0 0 6558.dat
1 71 -10 -30 20 0 1 0 -1 0 0 0 0 1 42003.dat
1 71 -10 -30 -20 0 1 0 -1 0 0 0 0 1 42003.dat
1 71 0 -48 0 1 0 0 0 1 0 0 0 1 3069b.dat
1 0 -10 -14 40 0 0 1 -0.5 0.866 0 -0.866 -0.5 0 21303 - Head - Eye 1.ldr
1 0 10 -14 -40 1 0 0 0 0.866 -0.5 0 0.5 0.866 21303 - Head - Eye 2.ldr


0 FILE 21303 - Head - Eye 1.ldr
0 Head - Eye 1
0 Name: 21303 - Head - Eye 1.ldr
0 Author: Damien Roux [Darats]
0 !LDRAW_ORG Model
0 !LICENSE Redistributable under CCAL version 2.0 : see CAreadme.txt

0 !THEME Ideas

1 71 -30 6 0 0 0 1 0 1 0 -1 0 0 3002.dat
1 191 -30 -2 20 1 0 0 0 1 0 0 0 1 60478.dat
1 191 -30 -2 0 1 0 0 0 1 0 0 0 1 60478.dat
1 71 -40 6 -40 1 0 0 0 1 0 0 0 1 3005.dat
1 71 -30 -2 -30 1 0 0 0 1 0 0 0 1 3022.dat
1 72 -20 6 -40 1 0 0 0 1 0 0 0 1 4070.dat
1 0 -20 16 -54 0 0 -1 -1 0 0 0 1 0 60897.dat
1 19 -30 -26 20 1 0 0 0 1 0 0 0 1 32000.dat
1 0 -40 -16 30 0 0 1 0 1 0 -1 0 0 2780.dat
1 191 -40 -10 -10 0 0 1 0 1 0 -1 0 0 3023.dat
1 72 -40 -18 -10 0 0 1 0 1 0 -1 0 0 3023.dat
1 71 -30 -10 -40 -1 0 0 0 1 0 0 0 -1 15573.dat
1 70 -20 -26 -10 0 0 -1 0 1 0 1 0 0 3660.dat
1 71 -40 -26 -10 0 0 1 0 1 0 -1 0 0 93274.dat
1 71 -20 -4 -86 1 0 0 0 0 -1 0 1 0 6091.dat
1 71 -20 -4 -86 1 0 0 0 0 -1 0 1 0 3070b.dat
1 70 -10 -18 -50 1 0 0 0 1 0 0 0 1 3021.dat
1 70 -20 -26 -40 1 0 0 0 1 0 0 0 1 15573.dat
1 70 -20 -26 -70 1 0 0 0 1 0 0 0 1 3068b.dat
1 70 10 -26 -60 0 0 1 0 1 0 -1 0 0 63864.dat
1 19 -50 -6 40 0 1 0 1 0 0 0 0 -1 32000.dat
1 71 -26 -6 60 0 1 0 0 0 -1 -1 0 0 3021.dat
1 71 -50 4 70 0 1 0 0 0 -1 -1 0 0 11211.dat
1 71 -50 -16 70 0 1 0 0 0 1 1 0 0 11211.dat
1 71 -58 -6 80 0 1 0 -1 0 0 0 0 1 3023.dat
1 71 -66 -6 80 0 1 0 -1 0 0 0 0 1 15573.dat
1 71 -18 4 70 0 1 0 0 0 1 1 0 0 32064a.dat
1 72 -12 -16 70 0 0 1 1 0 0 0 1 0 4070.dat
1 71 -2 -16 80 0 1 0 1 0 0 0 0 -1 3024.dat
1 71 20 -26 70 0 0 1 0 1 0 -1 0 0 44728.dat
1 71 20 -18 70 0 0 -1 0 1 0 1 0 0 11211.dat
1 71 -10 -34 30 0 0 -1 0 1 0 1 0 0 3032.dat
1 70 -10 -34 -40 1 0 0 0 1 0 0 0 1 3710.dat
1 70 -10 -42 -30 1 0 0 0 1 0 0 0 1 87079.dat
1 70 -10 -42 0 1 0 0 0 1 0 0 0 1 2431.dat
1 70 -10 -42 30 1 0 0 0 1 0 0 0 1 3068b.dat
1 70 -40 -42 30 0 0 1 0 1 0 -1 0 0 15573.dat
1 70 20 -42 30 0 0 1 0 1 0 -1 0 0 15573.dat
1 71 -40 -42 70 0 0 1 0 1 0 -1 0 0 15573.dat
1 71 20 -42 70 0 0 1 0 1 0 -1 0 0 15573.dat
1 71 -10 -42 80 -1 0 0 0 1 0 0 0 -1 15573.dat
1 72 -10 -50 40 -1 0 0 0 1 0 0 0 -1 87079.dat
1 72 -10 -50 80 -1 0 0 0 1 0 0 0 -1 87079.dat
1 72 38 -18 70 0 -1 0 1 0 0 0 0 1 3068b.dat
1 71 -30 30 -30 1 0 0 0 1 0 0 0 1 2654.dat
1 71 -30 30 10 1 0 0 0 1 0 0 0 1 2654.dat
1 71 -30 22 70 0 0 -1 0 -1 0 -1 0 0 3022.dat
1 72 -10 30 70 0 0 -1 0 -1 0 -1 0 0 47755.dat
1 72 -40 38 70 0 0 -1 0 -1 0 -1 0 0 3069b.dat
1 72 0 38 60 0 0 -1 0 -1 0 -1 0 0 50950.dat
1 72 0 38 80 0 0 -1 0 -1 0 -1 0 0 50950.dat
1 71 -54 4 -30 0 1 0 0 0 -1 -1 0 0 85984.dat
1 71 -54 -16 -30 0 1 0 0 0 1 1 0 0 85984.dat
1 71 -62 4 10 0 1 0 0 0 1 1 0 0 3069b.dat
1 72 -62 -16 10 0 1 0 0 0 1 1 0 0 2412b.dat
1 72 -74 -6 40 0 1 0 -1 0 0 0 0 1 3004.dat
1 72 -66 -6 40 0 1 0 0 0 -1 -1 0 0 93273.dat
1 72 -66 -36 60 0 1 0 0 0 -1 -1 0 0 3623.dat
1 72 -58 -36 60 0 1 0 0 0 -1 -1 0 0 3623.dat
1 72 -58 24 60 0 1 0 0 0 -1 -1 0 0 3623.dat
1 72 -66 24 60 0 1 0 0 0 -1 -1 0 0 3623.dat
1 72 -74 -6 70 0 1 0 1 0 0 0 0 -1 98282.dat
1 72 -66 -6 60 0 1 0 0 0 1 1 0 0 93273.dat
1 72 -66 -6 80 0 1 0 0 0 1 1 0 0 93273.dat
1 72 -12 -16 94 -1 0 0 0 0 1 0 1 0 43898.dat
1 0 -12 -16 102 -1 0 0 0 0 1 0 1 0 6141.dat
1 0 -12 -16 110 -1 0 0 0 0 1 0 1 0 2654.dat


0 FILE 21303 - Head - Eye 2.ldr
0 Head - Eye 2
0 Name: 21303 - Head - Eye 2.ldr
0 Author: Damien Roux [Darats]
0 !LDRAW_ORG Model
0 !LICENSE Redistributable under CCAL version 2.0 : see CAreadme.txt

0 !THEME Ideas

1 191 0 -2 -30 0 0 -1 0 1 0 1 0 0 60478.dat
1 191 -20 -2 -30 0 0 -1 0 1 0 1 0 0 60478.dat
1 71 -20 6 -30 1 0 0 0 1 0 0 0 1 3002.dat
1 71 -60 6 -40 1 0 0 0 1 0 0 0 1 3005.dat
1 71 -50 -2 -30 1 0 0 0 1 0 0 0 1 3022.dat
1 72 -60 6 -20 0 0 1 0 1 0 -1 0 0 4070.dat
1 0 -74 16 -20 0 1 0 1 0 0 0 0 -1 60897.dat
1 71 -60 -10 -30 0 0 -1 0 1 0 1 0 0 15573.dat
1 19 0 -26 -30 0 0 -1 0 1 0 1 0 0 32000.dat
1 0 10 -16 -40 1 0 0 0 1 0 0 0 1 2780.dat
1 191 -30 -10 -40 1 0 0 0 1 0 0 0 1 3023.dat
1 72 -30 -18 -40 1 0 0 0 1 0 0 0 1 3023.dat
1 71 -30 -26 -40 1 0 0 0 1 0 0 0 1 93274.dat
1 70 -30 -26 -20 -1 0 0 0 1 0 0 0 -1 3660.dat
1 71 -106 -4 -20 0 1 0 0 0 -1 -1 0 0 6091.dat
1 71 -106 -4 -20 0 1 0 0 0 -1 -1 0 0 3070b.dat
1 70 -70 -18 -10 0 0 -1 0 1 0 1 0 0 3021.dat
1 70 -90 -26 -20 0 0 -1 0 1 0 1 0 0 3068b.dat
1 70 -80 -26 10 1 0 0 0 1 0 0 0 1 63864.dat
1 70 -60 -26 -20 0 0 1 0 1 0 -1 0 0 15573.dat
1 19 20 -6 -50 0 0 -1 -1 0 0 0 1 0 32000.dat
1 71 40 -6 -26 -1 0 0 0 0 1 0 1 0 3021.dat
1 71 50 -16 -50 -1 0 0 0 0 1 0 1 0 11211.dat
1 71 50 4 -50 1 0 0 0 0 -1 0 1 0 11211.dat
1 71 60 -6 -58 0 0 1 1 0 0 0 1 0 3023.dat
1 71 60 -6 -66 0 0 1 1 0 0 0 1 0 15573.dat
1 71 50 4 -18 1 0 0 0 0 -1 0 1 0 32064a.dat
1 72 50 -16 -12 0 1 0 -1 0 0 0 0 1 4070.dat
1 71 60 -16 -2 1 0 0 0 0 -1 0 1 0 3024.dat
1 71 50 -26 20 1 0 0 0 1 0 0 0 1 44728.dat
1 71 50 -18 20 -1 0 0 0 1 0 0 0 -1 11211.dat
1 71 10 -34 -10 -1 0 0 0 1 0 0 0 -1 3032.dat
1 70 -60 -34 -10 0 0 -1 0 1 0 1 0 0 3710.dat
1 70 -50 -42 -10 0 0 -1 0 1 0 1 0 0 87079.dat
1 70 -20 -42 -10 0 0 -1 0 1 0 1 0 0 2431.dat
1 70 10 -42 -10 0 0 -1 0 1 0 1 0 0 3068b.dat
1 70 10 -42 -40 -1 0 0 0 1 0 0 0 -1 15573.dat
1 70 10 -42 20 -1 0 0 0 1 0 0 0 -1 15573.dat
1 71 50 -42 -40 -1 0 0 0 1 0 0 0 -1 15573.dat
1 71 50 -42 20 -1 0 0 0 1 0 0 0 -1 15573.dat
1 71 60 -42 -10 0 0 -1 0 1 0 1 0 0 15573.dat
1 72 50 -18 38 1 0 0 0 0 1 0 -1 0 3068b.dat
1 72 20 -50 -10 0 0 -1 0 1 0 1 0 0 87079.dat
1 72 60 -50 -10 0 0 -1 0 1 0 1 0 0 87079.dat
1 71 -50 30 -30 0 0 -1 0 1 0 1 0 0 2654.dat
1 71 -10 30 -30 0 0 -1 0 1 0 1 0 0 2654.dat
1 71 50 22 -30 0 0 1 0 -1 0 1 0 0 3022.dat
1 72 50 30 -10 1 0 0 0 -1 0 0 0 -1 47755.dat
1 72 50 38 -40 1 0 0 0 -1 0 0 0 -1 3069b.dat
1 72 40 38 0 1 0 0 0 -1 0 0 0 -1 50950.dat
1 72 60 38 0 1 0 0 0 -1 0 0 0 -1 50950.dat
1 72 -10 -16 -62 1 0 0 0 0 -1 0 1 0 2412b.dat
1 71 -10 4 -62 1 0 0 0 0 -1 0 1 0 3069b.dat
1 72 -50 4 -54 1 0 0 0 0 -1 0 1 0 85984.dat
1 72 -50 -16 -54 -1 0 0 0 0 1 0 1 0 85984.dat
1 72 20 -6 -74 0 0 -1 -1 0 0 0 1 0 3004.dat
1 72 20 -6 -66 1 0 0 0 0 -1 0 1 0 93273.dat
1 72 40 -36 -66 1 0 0 0 0 -1 0 1 0 3623.dat
1 72 40 -36 -58 1 0 0 0 0 -1 0 1 0 3623.dat
1 72 40 24 -66 1 0 0 0 0 -1 0 1 0 3623.dat
1 72 40 24 -58 1 0 0 0 0 -1 0 1 0 3623.dat
1 72 50 -6 -74 0 0 -1 -1 0 0 0 1 0 98282.dat
1 72 40 -6 -66 1 0 0 0 0 -1 0 1 0 93273.dat
1 72 60 -6 -66 1 0 0 0 0 -1 0 1 0 93273.dat
1 72 74 -16 -12 0 1 0 0 0 -1 -1 0 0 43898.dat
1 0 82 -16 -12 0 1 0 0 0 -1 -1 0 0 6141.dat
1 0 90 -16 -12 0 1 0 0 0 -1 -1 0 0 2654.dat


0 FILE 21303 - Body - Arm 1 - 1.ldr
0 Body - Arm 1 - 1
0 Name: 21303 - Body - Arm 1 - 1.ldr
0 Author: Damien Roux [Darats]
0 !LDRAW_ORG Model
0 !LICENSE Redistributable under CCAL version 2.0 : see CAreadme.txt

0 !THEME Ideas

1 191 0 14 80 0 0 1 0 1 0 -1 0 0 3020.dat
1 72 0 -10 110 -1 0 0 0 1 0 0 0 -1 3700.dat
1 191 -10 -10 80 0 0 -1 0 1 0 1 0 0 3004.dat
1 191 10 -10 90 0 0 -1 0 1 0 1 0 0 87087.dat
1 191 10 -10 70 0 0 -1 0 1 0 1 0 0 87087.dat
1 72 0 -10 40 0 0 1 0 1 0 -1 0 0 92013.dat
1 191 -10 -18 80 0 0 1 0 1 0 -1 0 0 3710.dat
1 191 10 -18 80 0 0 1 0 1 0 -1 0 0 2431.dat
1 191 0 -18 30 -1 0 0 0 1 0 0 0 -1 3069b.dat
1 191 28 0 60 0 -1 0 0 0 1 -1 0 0 6636.dat
1 0 0 0 130 -0.9659 -0.2588 0 0.2588 -0.9659 0 0 0 1 21303 - Body - Arm 1 - 2.ldr

0 FILE 21303 - Body - Arm 1 - 2.ldr
0 Body - Arm 1 - 2
0 Name: 21303 - Body - Arm 1 - 2.ldr
0 Author: Damien Roux [Darats]
0 !LDRAW_ORG Model
0 !LICENSE Redistributable under CCAL version 2.0 : see CAreadme.txt

0 !THEME Ideas

1 0 0 0 0 0 0 1 0 1 0 -1 0 0 32054.dat
1 71 0 0 -1 -1 0 0 0 1 0 0 0 -1 32187.dat
1 28 0 0 42 0 0 -1 0 1 0 1 0 0 6587.dat
1 72 0 0 60 0 1 0 1 0 0 0 0 -1 99021.dat
1 71 0 0 45 0 0 1 -1 0 0 0 -1 0 41677.dat
1 71 0 0 35 0 0 1 -1 0 0 0 -1 0 41677.dat
1 72 20 0 57 -1 0 0 0 0 -1 0 -1 0 48729.dat
1 0 20 0 57 0.5 -0.866 0 0 0 -1 0.866 0.5 0 21303 - Body - Arm 1 - 3.ldr
1 0 -20 22 60 0 0.7071 -0.7071 -1 0 0 0 0.7071 0.7071 21303 - Body - Arm 1 - 5.ldr
1 0 -20 -22 60 0 0.7071 -0.7071 -1 0 0 0 0.7071 0.7071 21303 - Body - Arm 1 - 6.ldr

0 FILE 21303 - Body - Arm 1 - 3.ldr
0 Body - Arm 1 - 3
0 Name: 21303 - Body - Arm 1 - 3.ldr
0 Author: Damien Roux [Darats]
0 !LDRAW_ORG Model
0 !LICENSE Redistributable under CCAL version 2.0 : see CAreadme.txt

0 !THEME Ideas

1 72 20 -2 0 0 0 1 0 1 0 -1 0 0 2540.dat
1 72 20 -10 0 0 0 -1 0 1 0 1 0 0 2540.dat
1 0 40 -8 20 0.866 0 0.5 -0.5 0 0.866 0 -1 0 21303 - Body - Arm 1 - 4.ldr


0 FILE 21303 - Body - Arm 1 - 4.ldr
0 Body - Arm 1 - 4
0 Name: 21303 - Body - Arm 1 - 4.ldr
0 Author: Damien Roux [Darats]
0 !LDRAW_ORG Model
0 !LICENSE Redistributable under CCAL version 2.0 : see CAreadme.txt

0 !THEME Ideas

1 71 0 0 0 1 0 0 0 1 0 0 0 1 2335.dat

0 FILE 21303 - Body - Arm 1 - 5.ldr
0 Body - Arm 1 - 5
0 Name: 21303 - Body - Arm 1 - 5.ldr
0 Author: Damien Roux [Darats]
0 !LDRAW_ORG Model
0 !LICENSE Redistributable under CCAL version 2.0 : see CAreadme.txt

0 !THEME Ideas

1 71 0 6 30 1 0 0 0 1 0 0 0 1 2654.dat
1 72 0 -2 40 -1 0 0 0 1 0 0 0 -1 2540.dat
1 72 -10 -2 20 -1 0 0 0 1 0 0 0 -1 3024.dat
1 72 10 -2 20 1 0 0 0 1 0 0 0 1 4081b.dat
1 71 0 -10 30 1 0 0 0 1 0 0 0 1 3068b.dat
1 71 -18 0 0 0 1 0 -1 0 0 0 0 1 3005.dat
1 0 -20 0 60 0 1 0 -0.2588 0 0.9659 0.9659 0 0.2588 21303 - Body - Arm 1 - 4.ldr

0 FILE 21303 - Body - Arm 1 - 6.ldr
0 Body - Arm 1 - 6
0 Name: 21303 - Body - Arm 1 - 6.ldr
0 Author: Damien Roux [Darats]
0 !LDRAW_ORG Model
0 !LICENSE Redistributable under CCAL version 2.0 : see CAreadme.txt

0 !THEME Ideas

1 71 0 6 30 1 0 0 0 1 0 0 0 1 2654.dat
1 72 0 -2 40 -1 0 0 0 1 0 0 0 -1 2540.dat
1 72 10 -2 20 -1 0 0 0 1 0 0 0 -1 3024.dat
1 72 -10 -2 20 1 0 0 0 1 0 0 0 1 4081b.dat
1 71 18 0 0 0 -1 0 1 0 0 0 0 1 3005.dat
1 71 0 -10 30 1 0 0 0 1 0 0 0 1 3068b.dat
1 0 20 0 60 0 -1 0 0.5 0 0.866 -0.866 0 0.5 21303 - Body - Arm 1 - 4.ldr

0 FILE 21303 - Body - Arm 2.ldr
0 Body - Arm 2
0 Name: 21303 - Body - Arm 2.ldr
0 Author: Damien Roux [Darats]
0 !LDRAW_ORG Model
0 !LICENSE Redistributable under CCAL version 2.0 : see CAreadme.txt

0 !THEME Ideas

1 72 0 0 20 0 1 0 -1 0 0 0 0 1 64276.dat
1 4 -10 0 20 -1 0 0 0 -1 0 0 0 1 32062.dat
1 0 -20 0 20 0 0 1 0 -1 0 1 0 0 45590.dat
1 0 0 0 -40 0.933 -0.25 0.2588 0.25 -0.067 -0.9659 0.2588 0.9659 0 21303 - Body - Arm 2 - 1.ldr

0 FILE 21303 - Body - Arm 2 - 1.ldr
0 Body - Arm 2 - 1
0 Name: 21303 - Body - Arm 2 - 1.ldr
0 Author: Damien Roux [Darats]
0 !LDRAW_ORG Model
0 !LICENSE Redistributable under CCAL version 2.0 : see CAreadme.txt

0 !THEME Ideas

1 191 -80 14 0 1 0 0 0 1 0 0 0 1 3020.dat
1 72 -110 -10 0 0 0 1 0 1 0 -1 0 0 3700.dat
1 191 -80 -10 10 -1 0 0 0 1 0 0 0 -1 3004.dat
1 191 -90 -10 -10 1 0 0 0 1 0 0 0 1 87087.dat
1 191 -70 -10 -10 1 0 0 0 1 0 0 0 1 87087.dat
1 72 -40 -10 0 1 0 0 0 1 0 0 0 1 92013.dat
1 191 -80 -18 10 1 0 0 0 1 0 0 0 1 3710.dat
1 191 -80 -18 -10 1 0 0 0 1 0 0 0 1 2431.dat
1 191 -30 -18 0 0 0 1 0 1 0 -1 0 0 3069b.dat
1 191 -60 0 -28 -1 0 0 0 0 1 0 1 0 6636.dat
1 71 -130 0 0 -1 0 0 0 0.9659 0.2588 0 0.2588 -0.9659 21303 - Body -  Arm 2 - 2.ldr

0 FILE 21303 - Body -  Arm 2 - 2.ldr
0 Body -  Arm 2 - 2
0 Name: 21303 - Body -  Arm 2 - 2.ldr
0 Author: Damien Roux [Darats]
0 !LDRAW_ORG Model
0 !LICENSE Redistributable under CCAL version 2.0 : see CAreadme.txt

0 !THEME Ideas

1 0 0 0 0 -1 0 0 0 1 0 0 0 -1 32054.dat
1 71 -1 0 0 0 0 -1 0 1 0 1 0 0 32187.dat
1 28 42 0 0 1 0 0 0 1 0 0 0 1 6587.dat
1 71 35 0 0 0 -1 0 0 0 1 -1 0 0 41677.dat
1 71 45 0 0 0 -1 0 0 0 1 -1 0 0 41677.dat
1 72 60 0 0 0 0 -1 0 1 0 1 0 0 99021.dat
1 72 57 20 0 0 -1 0 -1 0 0 0 0 -1 48729.dat
1 0 57 20 0 0 0.2419 0.9703 0 -0.9703 0.2419 1 0 0 21303 - Body - Arm 2 - 3.ldr
1 0 60 -20 -22 0 0.1736 -0.9848 0 0.9848 0.1736 1 0 0 21303 - Body - Arm 2 - 5.ldr
1 0 60 -20 22 0 0.6157 -0.788 0 0.788 0.6157 1 0 0 21303 - Body - Arm 2 - 6.ldr
1 70 96 0 0 0 0 -1 1 0 0 0 -1 0 21303 - Plant.ldr

0 FILE 21303 - Body - Arm 2 - 3.ldr
0 Body - Arm 2 - 3
0 Name: 21303 - Body - Arm 2 - 3.ldr
