0 3057_tow_truck
0 Author: marco
0 ROTATION CENTER 0 0 0 1 "Custom" 
0 ROTATION CONFIG 0 0
1 7 -167.187 -159.051 35.55 0 0 1 -0.508254 0.861207 0 -0.861207 -0.508254 0 32123a.dat
1 0 -192.187 -159.051 35.55 -1 0 0 0 0.861208 -0.508254 0 -0.508254 -0.861208 4519.dat
1 7 -217.187 -159.051 35.55 0 0 1 -0.508253 0.861208 0 -0.861208 -0.508253 0 32123a.dat
1 14 -192.187 -159.912 36.058 1 0 0 0 0.861208 0.508253 0 -0.508253 0.861208 6553.dat
1 14 -192.187 -121.497 59.833 0 1 0 -0.508253 0 -0.861207 -0.861207 0 0.508253 32039.dat
1 14 -192.187 -125.287 15.043 0 0 1 0.861208 0.508253 0 -0.508253 0.861208 0 6553.dat
1 7 -212.187 -148.847 18.859 -1 0 0 0 0.833453 0.552591 0 0.552591 -0.833453 32126.dat
1 0 -211.687 -137.378 2.466 0 1 0 0.55259 0 -0.833453 -0.833453 0 -0.55259 4519.dat
1 14 -172.187 -134.198 -1.425 0 0 -1 -0.833454 -0.552589 0 -0.552589 0.833454 0 6632.dat
1 7 -172.187 -148.013 19.411 1 0 0 0 -0.833454 0.552589 0 -0.552589 -0.833454 32126.dat
1 0 -171.687 -137.378 2.466 0 1 0 0.55259 0 -0.833453 -0.833453 0 -0.55259 4519.dat
1 14 -172.187 -115.274 -30.872 -1 0 0 0 -0.558543 -0.829476 0 -0.829476 0.558543 32016.dat
1 14 -212.187 -115.274 -30.872 -1 0 0 0 -0.558543 -0.829476 0 -0.829476 0.558543 32016.dat
1 0 -171.687 -90.39 -47.628 0 1 0 0.829476 0 -0.558543 -0.558543 0 -0.829476 32062.dat
1 0 -211.687 -90.39 -47.628 0 1 0 0.829475 0 -0.558543 -0.558543 0 -0.829475 32062.dat
1 14 -172.187 -65.507 -64.386 1 0 0 0 0.829476 0.558543 0 -0.558543 0.829476 32014.dat
1 14 -212.187 -65.507 -64.386 1 0 0 0 0.829476 0.558543 0 -0.558543 0.829476 32014.dat
1 0 -172.187 -81.849 -89.549 0 0 1 -0.558542 0.829476 0 -0.829476 -0.558542 0 32062.dat
1 14 -172.187 -84.641 -93.697 0 0 -1 -0.829476 0.558542 0 0.558542 0.829476 0 6632.dat
1 0 -212.187 -81.849 -89.549 0 0 1 -0.558542 0.829476 0 -0.829476 -0.558542 0 32062.dat
1 0 -192.187 -114.776 -30.907 1 0 0 0 0.997618 0.0689743 0 -0.0689743 0.997618 6558.dat
1 14 -172.187 -38.439 28.141 0 0 -1 -0.92388 -0.382683 0 -0.382683 0.92388 0 6632.dat
1 0 -172.187 -36.526 23.522 0 0 1 0.382684 0.923879 0 -0.923879 0.382684 0 32062.dat
1 0 -212.187 -36.526 23.522 0 0 1 0.382684 0.923879 0 -0.923879 0.382684 0 32062.dat
1 14 -172.187 -25.507 -4.386 1 0 0 0 1 0 0 0 1 32016.dat
1 14 -212.187 -25.507 -4.386 1 0 0 0 1 0 0 0 1 32016.dat
1 14 -172.187 -25.507 -64.886 -1 0 0 0 0 1 0 1 0 6553.dat
1 14 -212.187 -25.507 -64.886 -1 0 0 0 0 1 0 1 0 6553.dat
1 0 -172.187 -25.007 -64.386 -1 0 0 0 1 0 0 0 -1 32062.dat
1 7 -192.187 -25.007 -64.386 0 0 1 0 1 0 -1 0 0 3713.dat
1 0 -212.187 -25.007 -64.386 -1 0 0 0 1 0 0 0 -1 32062.dat
1 14 -147.187 -65.507 -24.386 0 1 0 0 0 -1 -1 0 0 2905.dat
1 0 -192.187 -65.007 -64.386 -1 0 0 0 1 0 0 0 -1 32073.dat
1 14 -237.187 -65.507 -24.386 0 1 0 0 0 -1 -1 0 0 2905.dat
1 14 -157.187 -66.007 -64.386 0 1 0 1 0 0 0 0 -1 32250.dat
1 14 -227.187 -66.007 -64.386 0 1 0 1 0 0 0 0 -1 32250.dat
1 0 -192.187 -65.607 -143.886 -1 0 0 0 1 0 0 0 -1 32073.dat
1 0 -192.187 -145.007 -104.386 -1 0 0 0 1 0 0 0 -1 32073.dat
1 0 -147.187 -65.507 -103.886 0 1 0 0 0 -1 -1 0 0 32250.dat
1 0 -162.187 -65.007 -104.386 -1 0 0 0 1 0 0 0 -1 32062.dat
1 0 -237.187 -65.507 -103.886 0 1 0 0 0 -1 -1 0 0 32250.dat
1 0 -192.187 -65.007 -104.386 0 0 1 0 1 0 -1 0 0 32034.dat
1 0 -222.187 -65.007 -104.386 -1 0 0 0 1 0 0 0 -1 32062.dat
1 14 -167.187 -25.007 -144.386 0 -1 0 -1 0 0 0 0 -1 32056.dat
1 14 -192.187 -65.507 -164.386 1 0 0 0 1 0 0 0 1 32310.dat
1 14 -217.187 -25.007 -144.386 0 -1 0 -1 0 0 0 0 -1 32056.dat
1 7 -162.187 -25.007 -4.386 1 0 0 0 1 0 0 0 1 3749.dat
1 7 -222.187 -25.007 -4.386 -1 0 0 0 1 0 0 0 -1 3749.dat
1 0 -242.187 -25.007 -4.385 0 0 1 0 1 0 -1 0 0 32193.dat
1 0 -242.187 -25.007 -164.385 0 0 1 0 1 0 -1 0 0 32193.dat
1 0 -142.187 -25.007 -164.385 0 0 -1 0 1 0 1 0 0 32193.dat
1 0 -142.187 -25.007 -4.385 0 0 -1 0 1 0 1 0 0 32193.dat
1 8 -232.187 -64.757 -84.386 1 0 0 0 1 0 0 0 1 32002.dat
1 8 -152.187 -64.757 -84.386 -1 0 0 0 1 0 0 0 -1 32002.dat
1 7 -162.187 -25.007 -164.386 1 0 0 0 1 0 0 0 1 3749.dat
1 7 -222.187 -25.007 -164.386 -1 0 0 0 1 0 0 0 -1 3749.dat
1 14 -152.187 -65.507 -183.761 0 0 -1 1 0 0 0 -1 0 32184.dat
1 0 -152.687 -55.507 -204.386 0 -1 0 -1 0 0 0 0 -1 32062.dat
1 14 -152.187 -45.007 -204.386 1 0 0 0 0 -1 0 1 0 32039.dat
1 14 -172.187 -25.507 -204.386 0 -1 0 1 0 0 0 0 1 2825.dat
1 0 -192.187 -25.007 -204.386 -1 0 0 0 1 0 0 0 -1 32073.dat
1 14 -212.187 -25.507 -204.386 0 1 0 -1 0 0 0 0 1 2825.dat
1 7 -192.187 -24.882 -204.386 1 0 0 0 -1 0 0 0 -1 6536.dat
1 14 -232.187 -65.507 -183.761 0 0 -1 1 0 0 0 -1 0 32184.dat
1 7 -232.187 -75.507 -163.761 0 0 -1 1 0 0 0 -1 0 2736.dat
1 7 -152.187 -75.507 -163.761 0 0 -1 1 0 0 0 -1 0 2736.dat
1 0 -232.687 -55.507 -204.386 0 -1 0 -1 0 0 0 0 -1 32062.dat
1 14 -232.187 -45.007 -204.386 1 0 0 0 0 -1 0 1 0 32039.dat
0
