0 30578 B
0 Author: LEGO Digital Designer 4.3
0 ROTATION CENTER 0 0 0 1 "Custom" 
0 ROTATION CONFIG 0 0
1 70 30 -19.5919 -78.1992 -1 0 0 0 -0.735468 -0.67756 0 -0.67756 0.735468 24201.dat
1 19 30 -33.1431 -63.4898 1 0 0 0 -0.735468 0.677559 0 -0.677559 -0.735468 61252.dat
1 84 68.7772 -32.9008 -10 0 -0.436828 0.899545 0 0.899545 0.436828 -1 0 0 49307.dat
1 0 30 -49.8281 9.99998 1 0 0 0 1 0 0 0 1 98138.dat
1 84 65.708 -27.5082 -30 0 -0.69059 0.723246 0 0.723246 0.69059 -1 0 0 49307.dat
1 70 72.9405 -20.6023 -30 -0.723246 -0.69059 0 -0.69059 0.723246 0 0 0 -1 63868.dat
1 15 -10 -63.828 -72 -0.707107 0 0.707107 0.707107 0 0.707107 0 1 0 98138p07.dat
1 0 10 -43.8281 -64 0 0 1 1 0 0 0 1 0 50746.dat
1 0 1.3411e-005 -41.8281 -50 1 0 0 0 1 0 0 0 1 99207.dat
1 0 -10 -43.8281 -64 0 0 -1 -1 0 0 0 1 0 50746.dat
1 84 20 -41.8281 -30 1 0 0 0 1 0 0 0 1 60478.dat
1 25 0 -33.8281 -20 -1 0 0 0 1 0 0 0 -1 60474.dat
1 84 20 -41.8281 -10 1 0 0 0 1 0 0 0 1 60478.dat
1 84 -20 -41.8281 -30 -1 0 0 0 1 0 0 0 -1 60478.dat
1 84 -20 -41.8281 -10 -1 0 0 0 1 0 0 0 -1 60478.dat
1 0 10 -81.8281 -20.0001 0 0 -1 0 1 0 1 0 0 6191.dat
1 0 10 -49.8281 -40 0 0 1 0 1 0 -1 0 0 3023.dat
1 84 30 -49.8281 -20 0 0 1 0 1 0 -1 0 0 60478.dat
1 0 -9.99999 -81.8281 -20 0 0 1 0 1 0 -1 0 0 6191.dat
1 0 -10 -49.8281 -40 0 0 1 0 1 0 -1 0 0 3023.dat
1 70 0 -49.8281 -10.0001 -1 0 0 0 1 0 0 0 -1 35480.dat
1 0 2.30968e-005 -49.8281 9.99995 -1 0 0 0 1 0 0 0 -1 48336.dat
1 84 -30 -49.8281 -20 0 0 1 0 1 0 -1 0 0 60478.dat
1 15 10 -63.828 -72 -0.707107 0 0.707107 0.707107 0 0.707107 0 1 0 98138p07.dat
1 0 77.7727 -28.5325 -10 -0.899545 -0.436828 0 -0.436828 0.899545 0 0 0 -1 63868.dat
1 84 20 -41.8281 9.99998 1 0 0 0 1 0 0 0 1 60478.dat
1 84 65.708 -27.5082 10 0 -0.690591 0.723246 0 0.723246 0.690591 -1 0 0 49307.dat
1 70 72.9404 -20.6023 9.99999 -0.723246 -0.690591 0 -0.690591 0.723246 0 0 0 -1 63868.dat
1 70 -30 -19.5919 -78.1992 -1 0 0 0 -0.735468 -0.67756 0 -0.67756 0.735468 24201.dat
1 19 -30 -33.1431 -63.4898 1 0 0 0 -0.735468 0.677559 0 -0.677559 -0.735468 61252.dat
1 28 10 -95.2298 81.7227 -1 0 0 0 0.755735 0.654877 0 0.654877 -0.755735 11477.dat
1 28 10 -62.486 43.9359 -1 0 0 0 0.755735 0.654877 0 0.654877 -0.755735 13547.dat
1 84 -1.55279e-005 -69.0347 51.4933 1 0 0 0 0.755735 -0.654877 0 0.654877 0.755735 15068.dat
1 84 1.68412e-005 -62.486 43.9359 1 0 0 0 0.755735 -0.654877 0 0.654877 0.755735 60470a.dat
1 70 10 -88.1782 61.369 0 0 1 0.654877 0.755736 0 -0.755735 0.654877 0 35480.dat
1 70 1.08807e-005 -75.5835 59.0506 -1 0 0 0 0.755735 0.654877 0 0.654877 -0.755735 35480.dat
1 28 -9.99999 -62.486 43.9359 -1 0 0 0 0.755735 0.654877 0 0.654877 -0.755735 13547.dat
1 70 -9.99999 -88.1782 61.3689 0 0 1 0.654877 0.755735 0 -0.755735 0.654877 0 35480.dat
1 28 -10 -95.2298 81.7227 -1 0 0 0 0.755735 0.654877 0 0.654877 -0.755735 11477.dat
1 84 -20 -41.8281 9.99997 -1 0 0 0 1 0 0 0 -1 60478.dat
1 0 -30 -49.8281 9.99998 1 0 0 0 1 0 0 0 1 98138.dat
1 70 -72.9404 -20.6023 -30 0.723246 0.69059 0 -0.69059 0.723246 0 0 0 1 63868.dat
1 84 -65.708 -27.5082 -30 0 0.69059 -0.723246 0 0.723246 0.69059 1 0 0 49307.dat
1 0 -77.7727 -28.5325 -10 0.899545 0.436828 0 -0.436828 0.899545 0 0 0 1 63868.dat
1 84 -68.7772 -32.9008 -10 0 0.436828 -0.899545 0 0.899545 0.436828 1 0 0 49307.dat
1 70 -72.9404 -20.6023 9.99997 0.723246 0.69059 0 -0.69059 0.723246 0 0 0 1 63868.dat
1 84 -65.708 -27.5082 9.99996 0 0.690591 -0.723246 0 0.723246 0.690591 1 0 0 49307.dat
0
