0 3057_DRAG
0 ROTATION CENTER 0 0 0 1 "Custom" 
0 ROTATION CONFIG 0 0
1 0 190.307 -147.174 80.083 -1 0 0 0 0.902585 0.430512 0 0.430512 -0.902585 32249.dat
1 0 190.307 -133.635 86.541 0 1 0 -0.902585 0 -0.430512 -0.430512 0 0.902585 32062.dat
1 14 190.307 -133.635 86.541 0 0 1 -0.902585 0.430512 0 -0.430512 -0.902585 0 6553.dat
1 14 189.807 -107.589 31.934 1 0 0 0 0.99863 -0.0523359 0 0.0523359 0.99863 32016.dat
1 14 189.807 -104.165 -27.506 -1 0 0 0 -0.0523354 0.99863 0 0.99863 0.0523355 6553.dat
1 14 189.807 -45.767 -4.919 1 0 0 0 -0.0523359 -0.99863 0 0.99863 -0.0523359 2825.dat
1 0 189.807 -45.793 -4.42 0 0 -1 -0.0523376 0.998629 0 0.998629 0.0523376 0 4519.dat
1 0 189.808 -77.819 33.456 0 0 -1 0.998629 0.0523359 0 0.0523359 -0.998629 0 32062.dat
1 14 189.807 -47.387 35.552 1 0 0 0 0.99863 -0.0523359 0 0.0523359 0.99863 32014.dat
1 14 189.807 -44.247 -24.366 -1 0 0 0 -0.99863 -0.0523348 0 -0.0523348 0.99863 32039.dat
1 0 204.807 -64.22 -25.413 0 -1 0 -0.99863 0 0.052336 -0.0523359 0 -0.99863 32250.dat
1 0 229.807 -104.638 -28.032 1 0 0 0 0.998629 -0.0523359 0 0.0523359 0.99863 32073.dat
1 14 229.807 -122.657 63.525 -1 0 0 0 -0.430512 0.902585 0 0.902585 0.430512 2905.dat
1 0 229.807 -60.033 -105.303 1 0 0 0 0.998629 -0.0523359 0 0.0523359 0.99863 4519.dat
1 14 229.807 -60.033 -105.303 1 0 0 0 0.99863 -0.0523359 0 0.0523359 0.99863 32310.dat
1 14 209.807 -42.679 -63.838 1 0 0 0 -0.998629 0.0523363 0 -0.0523363 -0.99863 32039.dat
1 0 209.807 -37.969 -153.715 0 1 0 -0.0523356 0 0.99863 0.998629 0 0.0523356 3737.dat
1 0 210.307 -32.186 -264.063 1 0 0 0 -0.998629 0.0523395 0 -0.0523395 -0.998629 32016.dat
1 14 210.307 -41.868 -79.317 0 0 1 -0.998629 0.0523362 0 -0.0523362 -0.998629 0 6632.dat
1 14 210.307 -41.344 -89.303 0 0 1 -0.998629 0.0523362 0 -0.0523362 -0.998629 0 6632.dat
1 0 229.807 -43.673 -44.864 1 0 0 0 0.99863 -0.0523359 0 0.0523359 0.99863 32073.dat
1 14 204.807 -87.832 33.432 0 1 0 -0.0523359 0 0.99863 0.998629 0 0.0523359 2905.dat
1 0 229.807 -85.738 -6.513 1 0 0 0 0.99863 -0.0523359 0 0.0523359 0.99863 4519.dat
1 14 224.807 -45.294 -4.394 0 -1 0 -0.998629 0 0.052336 -0.052336 0 -0.998629 32056.dat
1 14 234.807 -45.294 -4.394 0 -1 0 -0.998629 0 0.052336 -0.052336 0 -0.998629 32056.dat
1 14 210.307 -34.017 -229.111 0 0 1 -0.99863 0.0523362 0 -0.0523359 -0.99863 0 6632.dat
1 0 254.807 -64.22 -25.413 0 -1 0 -0.99863 0 0.052336 -0.0523359 0 -0.99863 32250.dat
1 14 269.807 -133.635 86.541 0 0 1 -0.902585 0.430512 0 -0.430512 -0.902585 0 6553.dat
1 0 269.807 -133.85 86.992 0 1 0 -0.902585 0 -0.430512 -0.430511 0 0.902585 32062.dat
1 14 269.807 -107.589 31.934 1 0 0 0 0.99863 -0.0523359 0 0.0523359 0.99863 32016.dat
1 14 269.807 -104.165 -27.506 -1 0 0 0 -0.0523354 0.99863 0 0.99863 0.0523355 6553.dat
1 14 254.807 -87.332 33.458 0 1 0 -0.0523359 0 0.99863 0.99863 0 0.0523359 2905.dat
1 14 249.807 -42.154 -64.311 1 0 0 0 -0.99863 0.0523351 0 -0.0523351 -0.99863 32039.dat
1 0 249.807 -37.443 -154.188 0 1 0 -0.0523356 0 0.99863 0.998629 0 0.0523356 3737.dat
1 0 270.307 -147.174 80.083 1 0 0 0 -0.902585 0.430511 0 -0.430511 -0.902585 32249.dat
1 14 269.807 -45.819 -3.92 1 0 0 0 -0.0523358 -0.99863 0 0.99863 -0.0523359 2825.dat
1 0 250.307 -32.186 -264.063 1 0 0 0 -0.998629 0.0523406 0 -0.0523406 -0.998629 32016.dat
1 14 269.807 -44.247 -24.366 -1 0 0 0 -0.99863 -0.0523348 0 -0.0523348 0.99863 32039.dat
1 0 269.807 -45.767 -4.919 0 0 -1 -0.0523376 0.998629 0 0.998629 0.0523376 0 4519.dat
1 0 269.307 -77.845 33.957 0 -1 0 0.998629 0 -0.0523363 0.0523363 0 0.998629 32062.dat
1 14 269.807 -47.387 35.552 1 0 0 0 0.998629 -0.0523359 0 0.0523359 0.99863 32014.dat
1 14 189.807 -87.805 32.933 -1 0 0 0 -0.052336 0.99863 0 0.99863 0.052336 32184.dat
1 0 229.807 -86.752 12.835 1 0 0 0 0.99863 -0.052336 0 0.052336 0.99863 32073.dat
1 0 229.807 -88.846 52.781 1 0 0 0 0.998629 -0.052336 0 0.052336 0.99863 32073.dat
1 14 269.807 -87.332 33.458 -1 0 0 0 -0.052336 0.99863 0 0.99863 0.052336 32184.dat
1 3 229.796 -89.08 33.367 -1 0 0 0 0.99863 0.052336 0 0.052336 -0.99863 2851.dat
1 47 229.807 -113.297 32.098 0 0 -1 -0.0523353 0.99863 0 0.99863 0.0523353 0 2850.dat
1 7 229.796 -51.009 45.638 0 0 1 0.306789 0.951778 0 -0.951778 0.306789 0 2852.dat
1 0 169.796 -47.931 36.139 0 0 1 0.310893 0.950445 0 -0.950445 0.310893 0 32146.dat
1 0 189.796 -47.931 36.139 1 0 0 0 0.950445 -0.310893 0 0.310893 0.950445 4519.dat
1 3 229.796 -47.929 36.132 0 0 1 0.310893 0.950445 0 -0.950445 0.310893 0 2853.dat
1 7 244.796 -51.04 45.643 0 0 -1 -0.310894 0.950445 0 0.950445 0.310894 0 32123a.dat
1 7 199.807 -32.685 -264.09 -1 0 0 0 0.998629 0.052336 0 0.052336 -0.99863 3749.dat
1 7 259.807 -32.685 -264.09 1 0 0 0 0.99863 -0.052336 0 0.052336 0.99863 3749.dat
1 7 279.807 -47.886 35.525 1 0 0 0 1 0 0 0 1 3749.dat
1 0 289.807 -47.386 35.525 0 0 -1 0 1 0 1 0 0 32146.dat
1 0 280.808 -31.686 -264.037 0 0 -1 -0.0523359 0.998629 0 0.998629 0.0523359 0 32193.dat
1 0 179.808 -31.686 -264.037 0 0 1 0.0523353 0.998629 0 -0.998629 0.0523353 0 32193.dat

0
