0 30576 Holiday Tree
0 Author: marco9999
1 15 40.000087738037109 -24.000030517578125 -102.00003051757812 0 0 1 0 1 0 -1 0 0 6141.dat
1 4 40.000110626220703 -16.000034332275391 -102 0 0 -1 0 0.99999994039535522 0 1 0 0 87580.dat
1 4 40.000106811523437 -8.0000381469726563 -102.00003051757812 0 0 -1 0 0.99999994039535522 0 1 0 0 87580.dat
1 42 -9.9999713897705078 -176.25004577636719 -10.00007438659668 1 0 0 0 1 0 0 0 1 6124.dat
1 2 -9.999974250793457 -184.00004577636719 -10.00007438659668 0 0 -1 0 0.99999994039535522 0 1 0 0 59900.dat
1 70 -9.9999771118164062 -160.00004577636719 -10.000097274780273 0 0 -1 0 0.99999994039535522 0 1 0 0 85861.dat
1 15 -9.9999713897705078 -152.00006103515625 -10.000094413757324 0 0 1 0 0.99999994039535522 0 -1 0 0 6141.dat
1 2 10.000024795532227 -144.00006103515625 -10.000142097473145 0 0 1 0 0.99999994039535522 0 -1 0 0 50746.dat
1 0 -9.9999685287475586 -144.00006103515625 -10.000087738037109 0 0 1 0 0.99999994039535522 0 -1 0 0 15397.dat
1 2 -9.9999618530273437 -144.00006103515625 -30.000076293945313 -1 0 0 0 1 0 0 0 -1 50746.dat
1 2 -29.999967575073242 -144.00006103515625 -10.000082969665527 0 0 -1 0 0.99999994039535522 0 1 0 0 50746.dat
1 2 -9.999964714050293 -144.00006103515625 9.9999217987060547 1 0 0 0 1 0 0 0 1 50746.dat
1 25 -9.9999532699584961 -144.00006103515625 -50.000083923339844 0 0 1 0 0.99999994039535522 0 -1 0 0 6141.dat
1 2 -9.9999580383300781 -136.00006103515625 -30.000097274780273 1 0 0 0 1 0 0 0 1 3665b.dat
1 25 30.000024795532227 -144.00006103515625 -10.00007438659668 0 0 1 0 0.99999994039535522 0 -1 0 0 6141.dat
1 2 10.000026702880859 -136.00006103515625 -10.000086784362793 0 0 -1 0 0.99999994039535522 0 1 0 0 3665b.dat
1 71 -9.9999771118164062 -136.00007629394531 -10.000097274780273 0 0 -1 0 0.99999994039535522 0 1 0 0 59900.dat
1 0 -9.9999752044677734 -112.00006866455078 -10.000093460083008 0 0 1 0 1 0 -1 0 0 15397.dat
1 2 -9.9999685287475586 -104.00006866455078 -10.000128746032715 0 0 1 0 1 0 -1 0 0 11212.dat
1 4 -49.999980926513672 -144.00006103515625 -10.000085830688477 0 0 1 0 1 0 -1 0 0 6141.dat
1 2 -29.999977111816406 -136.00006103515625 -10.000091552734375 0 0 1 0 1 0 -1 0 0 3665b.dat
1 1 -44.14208984375 -120.00006103515625 -44.142257690429687 0.70710670948028564 0 0.7071068286895752 0 1 0 -0.7071068286895752 0 0.70710670948028564 6141.dat
1 0 -37.071029663085938 -112.00006103515625 -37.071182250976562 -0.70710676908493042 0 0.70710676908493042 0 1 0 -0.70710676908493042 0 -0.70710676908493042 35480.dat
1 85 24.142179489135742 -120.00007629394531 -44.142257690429687 0.70710670948028564 0 0.7071068286895752 0 1 0 -0.7071068286895752 0 0.70710670948028564 6141.dat
1 0 17.071117401123047 -112.00006866455078 -37.071182250976562 0.70710670948028564 0 0.7071068286895752 0 1 0 -0.7071068286895752 0 0.70710670948028564 35480.dat
1 33 50.000019073486328 -104.00006866455078 -10.000061988830566 0 0 1 0 0.99999994039535522 0 -1 0 0 6141.dat
1 2 10.000026702880859 -96.000076293945313 -10.000091552734375 0 0 -1 0 0.99999994039535522 0 1 0 0 4287c.dat
1 46 -9.9999475479125977 -104.00006866455078 -70.000091552734375 0 0 1 0 1 0 -1 0 0 6141.dat
1 2 -9.9999685287475586 -96.000076293945313 -30.000093460083008 1 0 0 0 1 0 0 0 1 4287c.dat
1 33 -9.9999322891235352 -72.000083923339844 -90.000114440917969 0 0 1 0 1 0 -1 0 0 6141.dat
1 2 -9.9999475479125977 -64.000091552734375 -50.000102996826172 1 0 0 0 1 0 0 0 1 4287c.dat
1 288 -9.999964714050293 -72.000083923339844 -50.000083923339844 0 0 1 0 1 0 -1 0 0 3623.dat
1 288 30.000034332275391 -72.000091552734375 -10.000080108642578 1 0 0 0 1 0 0 0 1 3623.dat
1 2 30.000030517578125 -64.000091552734375 -10.000059127807617 0 0 -1 0 0.99999994039535522 0 1 0 0 4287c.dat
1 4 70.000030517578125 -72.000083923339844 -10.000046730041504 0 0 1 0 0.99999994039535522 0 -1 0 0 6141.dat
1 71 -9.999964714050293 -96.000076293945313 -10.000085830688477 0 0 -1 0 0.99999994039535522 0 1 0 0 59900.dat
1 70 -9.999964714050293 -72.000091552734375 -10.000085830688477 0 0 -1 0 0.99999994039535522 0 1 0 0 85861.dat
1 0 16.332406997680664 -112.00006103515625 17.739456176757813 -0.63323789834976196 0 0.77395719289779663 0 0.99999994039535522 0 -0.77395719289779663 0 -0.63323789834976196 35480.dat
1 1 22.664768218994141 -120.00005340576172 25.479021072387695 -0.63323789834976196 0 0.77395719289779663 0 0.99999994039535522 0 -0.77395719289779663 0 -0.63323789834976196 6141.dat
1 2 -9.9999713897705078 -64.000091552734375 -10.000087738037109 0 0 1 0 1 0 -1 0 0 11212.dat
1 27 52.42645263671875 -64.000091552734375 -72.426498413085938 0.70710653066635132 0 0.7071070671081543 0 1 0 -0.7071070671081543 0 0.70710653066635132 6141.dat
1 2 10.000040054321289 -56.000091552734375 -30.000083923339844 0.70710676908493042 0 -0.70710676908493042 0 1 0 0.70710676908493042 0 0.70710676908493042 2423.dat
1 1 -72.426345825195313 -64.000091552734375 -72.426544189453125 0.70710664987564087 0 0.70710694789886475 0 1 0 -0.70710694789886475 0 0.70710664987564087 6141.dat
1 2 -29.999967575073242 -56.000091552734375 -30.000097274780273 0.70710641145706177 0 0.70710712671279907 0 1 0 -0.70710712671279907 0 0.70710641145706177 2423.dat
1 33 -69.999961853027344 -104.00006866455078 -10.0001220703125 0 0 1 0 1 0 -1 0 0 6141.dat
1 2 -29.999967575073242 -96.000076293945313 -10.000123023986816 0 0 1 0 1 0 -1 0 0 4287c.dat
1 2 -9.9999771118164062 -136.00007629394531 9.9999065399169922 -1 0 0 0 1 0 0 0 -1 3665b.dat
1 27 -9.9999904632568359 -144.00006103515625 29.999881744384766 0 0 1 0 0.99999994039535522 0 -1 0 0 6141.dat
1 2 -9.9999713897705078 -48.000095367431641 -10.000087738037109 0 0 1 0 1 0 -1 0 0 11212.dat
1 0 -9.9999532699584961 -40.000095367431641 -10.000106811523437 0 0 1 0 1 0 -1 0 0 2479.dat
1 288 -49.999977111816406 -72.000091552734375 -10.000103950500488 1 0 0 0 1 0 0 0 1 3623.dat
1 2 -49.999984741210938 -64.000091552734375 -10.000094413757324 0 0 1 0 1 0 -1 0 0 4287c.dat
1 4 -90 -72.000083923339844 -10.000106811523437 0 0 1 0 1 0 -1 0 0 6141.dat
1 0 -37.071029663085938 -112.00006103515625 17.070934295654297 0.70710647106170654 0 0.7071070671081543 0 1 0 -0.7071070671081543 0 0.70710647106170654 35480.dat
1 85 -44.14208984375 -120.00005340576172 24.141988754272461 0.70710647106170654 0 0.7071070671081543 0 1 0 -0.7071070671081543 0 0.70710647106170654 6141.dat
1 0 -9.999964714050293 -16.000104904174805 -10.000093460083008 0 0 1 0 1 0 -1 0 0 2460.dat
1 4 -9.9999523162841797 -8.0001058578491211 -10.000114440917969 0 0 1 0 1 0 -1 0 0 60474.dat
1 2 -9.9999828338623047 -96.000076293945313 9.9999065399169922 -1 0 0 0 1 0 0 0 -1 4287c.dat
1 46 -9.9999713897705078 -104.00006866455078 49.999900817871094 0 0 1 0 1 0 -1 0 0 6141.dat
1 2 10.000019073486328 -56.000095367431641 9.9999189376831055 -0.70710676908493042 0 -0.70710676908493042 0 1 0 0.70710676908493042 0 -0.70710676908493042 2423.dat
1 25 52.426414489746094 -64.000091552734375 52.426326751708984 -0.70710676908493042 0 0.70710676908493042 0 1 0 -0.70710676908493042 0 -0.70710676908493042 6141.dat
1 288 -9.9999885559082031 -72.000091552734375 29.999917984008789 0 0 1 0 1 0 -1 0 0 3623.dat
1 2 -10.000001907348633 -64.000091552734375 29.999919891357422 -1 0 0 0 1 0 0 0 -1 4287c.dat
1 85 -10.000022888183594 -72.000083923339844 69.999900817871094 0 0 1 0 1 0 -1 0 0 6141.dat
1 2 -29.999971389770508 -56.000095367431641 9.9999065399169922 -0.7071073055267334 0 0.70710629224777222 0 1 0 -0.70710629224777222 0 -0.7071073055267334 2423.dat
1 27 -72.426368713378906 -64.000091552734375 52.426303863525391 0.70710635185241699 0 0.70710724592208862 0 1 0 -0.70710724592208862 0 0.70710635185241699 6141.dat
1 15 90.000129699707031 -32.0001220703125 -61.99444580078125 0 0 1 0 1 0 -1 0 0 6141.dat
1 14 90.000137329101563 -24.000125885009766 -61.994457244873047 0 0 1 0 1 0 -1 0 0 15573.dat
1 25 90.000137329101563 -16.000127792358398 -62.000038146972656 0 0 1 0 1 0 -1 0 0 3023.dat
1 14 90.0001220703125 -8.0001287460327148 -62.000038146972656 0 0 1 0 1 0 -1 0 0 3023.dat
