0 FILE 3538.ldr
0 3538
0 Name: 3538.ldr
0 Author: ClydeBum
0 Unofficial Model
0 ROTATION CENTER 0 0 0 1 "Custom" 
0 ROTATION CONFIG 0 0
1 0 0 236 41 1 0 0 0 1 0 0 0 1 3538_finish.ldr
1 0 0 -46 1304 1 0 0 0 0.968148 -0.25038 0 0.25038 0.968148 3538_ramp.ldr
1 0 60 -72.3 973.293 0 0.25038 0.968148 0.34202 0.909762 -0.23528 -0.939693 0.331126 -0.085635 gg006.ldr
1 0 -69.091 -79.751 984.033 0 0.25038 0.968148 0.34202 0.909762 -0.23528 -0.939693 0.331126 -0.085635 gg005.ldr
1 0 0 0 1660 1 0 0 0 1 0 0 0 1 3538_tower.ldr
1 0 200 -174 1660 1 0 0 0 1 0 0 0 1 3538_launch_L.ldr
1 0 -200 -174 1660 1 0 0 0 1 0 0 0 1 3538_launch_R.ldr
0
0 FILE 3538_ramp.ldr
0 3538_ramp
0 Name: 3538_ramp.ldr
0 Author: ClydeBum
0 Unofficial Model
0 WRITE ramp 1
0 ROTATION CENTER 0 0 0 1 "Custom" 
0 ROTATION CONFIG 0 0
1 15 0 0 0 0 0 1 0 1 0 -1 0 0 3857.dat
1 7 -150 -24 200 0 0 1 0 1 0 -1 0 0 6112.dat
1 7 150 -24 200 0 0 1 0 1 0 -1 0 0 6112.dat
1 38 -130 -8 70 0 0 1 0 1 0 -1 0 0 6141.dat
1 38 130 -8 70 0 0 1 0 1 0 -1 0 0 6141.dat
0 STEP
1 1 130 -24 300 0 0 1 0 1 0 -1 0 0 3004.dat
1 1 -130 -24 300 0 0 1 0 1 0 -1 0 0 3004.dat
1 7 -150 -24 -80 0 0 1 0 1 0 -1 0 0 2465.dat
1 7 150 -24 -80 0 0 1 0 1 0 -1 0 0 2465.dat
0 STEP
1 1 -140 -32 300 -1 0 0 0 1 0 0 0 -1 3731.dat
1 1 140 -32 300 -1 0 0 0 1 0 0 0 -1 3731.dat
1 1 -150 -32 -120 0 0 -1 0 1 0 1 0 0 3460.dat
1 1 150 -32 -120 0 0 -1 0 1 0 1 0 0 3460.dat
1 1 150 -32 120 0 0 -1 0 1 0 1 0 0 3460.dat
1 1 -150 -32 120 0 0 -1 0 1 0 1 0 0 3460.dat
1 1 150 -32 240 0 0 -1 0 1 0 1 0 0 3710.dat
1 1 -150 -32 240 0 0 -1 0 1 0 1 0 0 3710.dat
1 1 -150 -32 0 0 0 -1 0 1 0 1 0 0 3710.dat
0 STEP
1 4 80 -8 230 1 0 0 0 1 0 0 0 1 2431.dat
1 4 -80 -8 230 1 0 0 0 1 0 0 0 1 2431.dat
1 15 80 -24 310 1 0 0 0 1 0 0 0 1 30363.dat
1 15 -80 -24 310 1 0 0 0 1 0 0 0 1 30363.dat
0 STEP
1 4 0 -8 300 1 0 0 0 1 0 0 0 1 3068b.dat
1 1 -40 -8 300 1 0 0 0 1 0 0 0 1 3022.dat
1 1 40 -8 300 1 0 0 0 1 0 0 0 1 3022.dat
1 73 -150 -40 260 0 0 1 0 1 0 -1 0 0 3666.dat
1 73 150 -40 260 0 0 1 0 1 0 -1 0 0 3666.dat
0 STEP
1 73 30 -24 -220 1 0 0 0 1 0 0 0 1 41748.dat
1 73 -30 -24 -220 1 0 0 0 1 0 0 0 1 41747.dat
1 36 50 -8 -150 0 0 1 0 1 0 -1 0 0 6141.dat
1 36 -50 -8 -150 0 0 1 0 1 0 -1 0 0 6141.dat
0 STEP
1 73 -30 -24 -100 -1 0 0 0 1 0 0 0 -1 41748.dat
1 73 30 -24 -100 -1 0 0 0 1 0 0 0 -1 41747.dat
1 15 0 -24 -180 -1 0 0 0 1 0 0 0 -1 44126.dat
0 STEP
1 8 -30 -32 -160 0 0 -1 0 1 0 1 0 0 4162.dat
1 8 30 -32 -160 0 0 -1 0 1 0 1 0 0 4162.dat
0 STEP
1 15 130 -24 -260 -1 0 0 0 1 0 0 0 -1 41748.dat
1 15 -130 -24 -260 -1 0 0 0 1 0 0 0 -1 41747.dat
0 STEP
1 7 -150 -24 -400 0 0 1 0 1 0 -1 0 0 3703.dat
1 7 150 -24 -400 0 0 1 0 1 0 -1 0 0 3703.dat
0 STEP
0 WRITE ramp 2
1 15 0 0 -800 0 0 1 0 1 0 -1 0 0 3857.dat
1 7 150 -24 -1000 0 0 -1 0 1 0 1 0 0 6112.dat
1 7 -150 -24 -1000 0 0 -1 0 1 0 1 0 0 6112.dat
0 STEP
1 4 80 -8 -510 1 0 0 0 1 0 0 0 1 3069b.dat
1 4 -80 -8 -510 1 0 0 0 1 0 0 0 1 3069b.dat
1 7 -150 -24 -720 0 0 -1 0 1 0 1 0 0 2465.dat
1 7 150 -24 -720 0 0 -1 0 1 0 1 0 0 2465.dat
0 STEP
1 15 -30 -24 -620 -1 0 0 0 1 0 0 0 -1 41748.dat
1 15 30 -24 -620 -1 0 0 0 1 0 0 0 -1 41747.dat
1 15 130 -24 -1110 -1 0 0 0 1 0 0 0 -1 42061.dat
1 15 -130 -24 -1110 -1 0 0 0 1 0 0 0 -1 42060.dat
0 STEP
1 38 -30 -8 -650 0 0 1 0 1 0 -1 0 0 6141.dat
1 38 30 -8 -650 0 0 1 0 1 0 -1 0 0 6141.dat
1 15 130 -24 -740 -1 0 0 0 1 0 0 0 -1 41748.dat
1 15 -130 -24 -740 -1 0 0 0 1 0 0 0 -1 41747.dat
1 1 140 -32 -1100 1 0 0 0 1 0 0 0 1 3730.dat
1 1 -140 -32 -1100 1 0 0 0 1 0 0 0 1 3730.dat
1 1 -150 -32 -920 0 0 -1 0 1 0 1 0 0 3460.dat
1 1 150 -32 -920 0 0 -1 0 1 0 1 0 0 3460.dat
1 1 150 -32 -680 0 0 -1 0 1 0 1 0 0 3460.dat
1 1 -150 -32 -680 0 0 -1 0 1 0 1 0 0 3460.dat
1 1 150 -32 -1040 0 0 -1 0 1 0 1 0 0 3710.dat
1 1 -150 -32 -800 0 0 -1 0 1 0 1 0 0 3710.dat
1 1 -150 -32 -1040 0 0 -1 0 1 0 1 0 0 3710.dat
0 STEP
1 15 30 -24 -880 -1 0 0 0 1 0 0 0 -1 41747.dat
1 15 -30 -24 -880 -1 0 0 0 1 0 0 0 -1 41748.dat
1 36 -30 -8 -910 0 0 1 0 1 0 -1 0 0 6141.dat
1 36 30 -8 -910 0 0 1 0 1 0 -1 0 0 6141.dat
0 STEP
1 0 -160 -14 -280 -1 0 0 0 1 0 0 0 -1 3673.dat
1 0 -160 -14 -520 -1 0 0 0 1 0 0 0 -1 3673.dat
1 0 160 -14 -280 -1 0 0 0 1 0 0 0 -1 3673.dat
1 0 160 -14 -520 -1 0 0 0 1 0 0 0 -1 3673.dat
1 7 0 -8 -360 0 0 -1 0 1 0 1 0 0 4282.dat
0 STEP
1 1 -150 -32 -280 0 0 -1 0 1 0 1 0 0 3460.dat
1 1 -150 -32 -520 0 0 -1 0 1 0 1 0 0 3460.dat
1 1 150 -32 -520 0 0 -1 0 1 0 1 0 0 3460.dat
1 1 150 -32 -280 0 0 -1 0 1 0 1 0 0 3460.dat
1 1 -150 -32 -400 0 0 -1 0 1 0 1 0 0 3710.dat
0 STEP
1 1 -149 -14 -340 1 0 0 0 0.994522 0.104528 0 -0.104528 0.994522 3538_lift_R.ldr
1 1 149 -14 -340 1 0 0 0 0.994522 0.104528 0 -0.104528 0.994522 3538_lift_L.ldr
0 STEP
1 7 -139 12 -280 0 0 1 0 -1 0 1 0 0 3538_ramp_sup.ldr
1 7 -139 12 -520 0 0 1 0 -1 0 1 0 0 3538_ramp_sup.ldr
1 7 139 12 -520 0 0 -1 0 -1 0 -1 0 0 3538_ramp_sup.ldr
1 7 139 12 -280 0 0 -1 0 -1 0 -1 0 0 3538_ramp_sup.ldr
0 STEP
1 14 150 -96 0 0 0 -1 0 1 0 1 0 0 4215b.dat
1 14 150 -104 0 0 0 -1 0 1 0 1 0 0 2431.dat
1 14 150 -96 -400 0 0 -1 0 1 0 1 0 0 4215b.dat
1 14 150 -104 -400 0 0 -1 0 1 0 1 0 0 2431.dat
1 14 150 -96 -800 0 0 -1 0 1 0 1 0 0 4215b.dat
1 14 150 -104 -800 0 0 -1 0 1 0 1 0 0 2431.dat
0
0 FILE 3538_lift_L.ldr
0 3538_lift_L
0 Name: 3538_lift_L.ldr
0 Author: ClydeBum
0 Unofficial Model
0 ROTATION CENTER 0 0 0 1 "Custom" 
0 ROTATION CONFIG 0 0
1 0 0 0 0 1 0 0 0 1 0 0 0 1 3705.dat
1 15 -69 14 -80 0 0 1 0 1 0 -1 0 0 3033.dat
1 15 -19 -10 -40 1 0 0 0 1 0 0 0 1 41762.dat
1 15 -19 -10 0 0 0 1 0 1 0 -1 0 0 32064a.dat
1 73 -19 -18 -20 0 0 1 0 1 0 -1 0 0 2431.dat
1 73 16 0 0 0 1 0 1 0 0 0 0 -1 3941.dat
0
0 FILE 3538_lift_R.ldr
0 3538_lift_R
0 Name: 3538_lift_R.ldr
0 Author: ClydeBum
0 Unofficial Model
0 ROTATION CENTER 0 0 0 1 "Custom" 
0 ROTATION CONFIG 0 0
1 0 0 0 0 1 0 0 0 1 0 0 0 1 3705.dat
1 15 69 14 -80 0 0 1 0 1 0 -1 0 0 3033.dat
1 15 19 -10 -40 1 0 0 0 1 0 0 0 1 41762.dat
1 15 19 -10 0 0 0 1 0 1 0 -1 0 0 32064a.dat
1 73 19 -18 -20 0 0 1 0 1 0 -1 0 0 2431.dat
1 73 -17 0 0 0 -1 0 1 0 0 0 0 1 3941.dat
0
0 FILE 3538_ramp_sup.ldr
0 3538_ramp_sup
0 Name: 3538_ramp_sup.ldr
0 Author: ClydeBum
0 Unofficial Model
0 ROTATION CENTER 0 0 0 1 "Custom" 
0 ROTATION CONFIG 0 0
1 15 0 0 0 1 0 0 0 1 0 0 0 1 3020.dat
1 1 0 -24 0 0 0 1 0 1 0 -1 0 0 4730.dat
1 0 0 6 -31 -1 0 0 0 0 1 0 1 0 32523.dat
0
0 FILE gg006.ldr
0 gg006 snowboarder - blue
0 Name: gg006.ldr
0 Author: ClydeBum
0 Unofficial Model
0 ROTATION CENTER 0 0 0 1 "Custom" 
0 ROTATION CONFIG 0 0
1 1 0 -27 0 0.258819 0 -0.965926 0 1 0 0.965926 0 0.258819 2446.dat
1 33 0 -19 0 0.238244 0.390731 -0.889139 -0.101129 0.920505 0.377417 0.965926 0 0.258819 30170.dat
1 14 0 -27 0 0.258819 0 -0.965926 0 1 0 0.965926 0 0.258819 3626bp39.dat
1 15 0 0 0 1 0 0 0 1 0 0 0 1 3840.dat
1 1 0 0 0 1 0 0 0 1 0 0 0 1 973.dat
1 19 0 32 0 1 0 0 0 1 0 0 0 1 3815.dat
1 1 -15.552 9 0 0.985 -0.17 0 0.17 0.985 0 0 0 1 3818.dat
1 1 15.552 9 0 0.985 0.17 0 -0.17 0.985 0 0 0 1 3819.dat
1 4 -23.8634 26.5956 -10.321 0.985 -0.12019 0.12019 0.17 0.696395 -0.696395 0 0.707 0.707 3820.dat
1 4 23.8634 26.5956 -10.321 0.985 0.12019 -0.12019 -0.17 0.696395 -0.696395 0 0.707 0.707 3820.dat
1 19 0 44 0 1 0 0 0 1 0 0 0 1 3816.dat
1 19 0 44 0 1 0 0 0 1 0 0 0 1 3817.dat
1 1 0 72 0 0 0 -1 0 1 0 1 0 0 90397.dat
0
0 FILE gg005.ldr
0 gg005 snowboarder - red
0 Name: gg005.ldr
0 Author: ClydeBum
0 Unofficial Model
0 ROTATION CENTER 0 0 0 1 "Custom" 
0 ROTATION CONFIG 0 0
1 4 0 -27 0 0.258819 0 -0.965926 0 1 0 0.965926 0 0.258819 2446.dat
1 0 0 -19 0 0.238244 0.390731 -0.889139 -0.101129 0.920505 0.377417 0.965926 0 0.258819 30170.dat
1 14 0 -27 0 0.258819 0 -0.965926 0 1 0 0.965926 0 0.258819 3626bp39.dat
1 15 0 0 0 1 0 0 0 1 0 0 0 1 3840.dat
1 4 0 0 0 1 0 0 0 1 0 0 0 1 973.dat
1 8 0 32 0 1 0 0 0 1 0 0 0 1 3815.dat
1 4 -15.552 9 0 0.985 -0.17 0 0.17 0.985 0 0 0 1 3818.dat
1 4 15.552 9 0 0.985 0.17 0 -0.17 0.985 0 0 0 1 3819.dat
1 0 -23.8634 26.5956 -10.321 0.985 -0.12019 0.12019 0.17 0.696395 -0.696395 0 0.707 0.707 3820.dat
1 0 23.8634 26.5956 -10.321 0.985 0.12019 -0.12019 -0.17 0.696395 -0.696395 0 0.707 0.707 3820.dat
1 8 0 44 0 1 0 0 0 1 0 0 0 1 3816.dat
1 8 0 44 0 1 0 0 0 1 0 0 0 1 3817.dat
1 4 0 72 0 0 0 -1 0 1 0 1 0 0 90397.dat
0
0 FILE 3538_finish.ldr
0 3538_finish
0 Name: 3538_finish.ldr
0 Author: ClydeBum
0 Unofficial Model
0 ROTATION CENTER 0 0 0 1 "Custom" 
0 ROTATION CONFIG 0 0
1 15 0 0 0 1 0 0 0 1 0 0 0 1 3867.dat
1 1 -140 -24 130 -1 0 0 0 1 0 0 0 -1 3039.dat
1 1 140 -24 130 -1 0 0 0 1 0 0 0 -1 3039.dat
0 STEP
1 1 -140 -24 110 -1 0 0 0 1 0 0 0 -1 3004.dat
1 1 140 -24 110 -1 0 0 0 1 0 0 0 -1 3004.dat
1 7 -140 -8 80 -1 0 0 0 1 0 0 0 -1 2460.dat
1 7 140 -8 80 -1 0 0 0 1 0 0 0 -1 2460.dat
0 STEP
1 14 150 -48 20 0 0 -1 0 1 0 1 0 0 4864b.dat
1 14 150 -48 -20 0 0 -1 0 1 0 1 0 0 4864b.dat
1 14 150 -48 -60 0 0 -1 0 1 0 1 0 0 4864b.dat
1 14 150 -48 -100 0 0 -1 0 1 0 1 0 0 4864b.dat
1 1 -140 -32 120 -1 0 0 0 1 0 0 0 -1 3729.dat
1 1 140 -32 120 -1 0 0 0 1 0 0 0 -1 3729.dat
0 STEP
1 1 150 -56 -40 0 0 -1 0 1 0 1 0 0 3460.dat
1 41 1 -8 159 -1 0 0 0 1 0 0 0 -1 79.ldr
0 STEP
1 4 150 -64 -110 0 0 1 0 1 0 -1 0 0 3957a.dat
1 14 150 -144 -110 0 0 1 0 1 0 -1 0 0 4495a.dat
1 4 -130 -8 10 0 0 1 0 1 0 -1 0 0 3957a.dat
1 2 -130 -88 10 0 0 1 0 1 0 -1 0 0 4495a.dat
1 2 -120 -8 -100 0 0 1 0 1 0 -1 0 0 2435.dat
0
0 FILE 3538_tower.ldr
0 3538_tower
0 Name: 3538_tower.ldr
0 Author: ClydeBum
0 Unofficial Model
0 ROTATION CENTER 0 0 0 1 "Custom" 
0 ROTATION CONFIG 0 0
1 0 0 -32 0 1 0 0 0 1 0 0 0 1 4282.dat
1 1 -140 -40 0 1 0 0 0 1 0 0 0 1 3022.dat
1 1 140 -40 0 0 0 1 0 1 0 -1 0 0 3022.dat
0 STEP
1 0 -140 -112 0 0 0 1 0 1 0 -1 0 0 30145.dat
1 0 140 -112 0 0 0 1 0 1 0 -1 0 0 30145.dat
0 STEP
1 0 0 -120 0 1 0 0 0 1 0 0 0 1 4282.dat
0 STEP
1 1 -140 -144 0 -1 0 0 0 1 0 0 0 -1 4730.dat
1 1 140 -144 0 1 0 0 0 1 0 0 0 1 4730.dat
1 0 -140 -152 0 1 0 0 0 1 0 0 0 1 3022.dat
1 0 140 -152 0 0 0 1 0 1 0 -1 0 0 3022.dat
0 STEP
1 1 -140 -160 0 1 0 0 0 1 0 0 0 1 3730.dat
1 1 140 -160 0 1 0 0 0 1 0 0 0 1 3730.dat
0 STEP
1 0 -150 -184 0 0 0 1 0 1 0 -1 0 0 3700.dat
1 0 -130 -184 0 0 0 1 0 1 0 -1 0 0 3700.dat
1 0 130 -184 0 0 0 1 0 1 0 -1 0 0 3700.dat
1 0 150 -184 0 0 0 1 0 1 0 -1 0 0 3700.dat
0 STEP
1 1 -140 -192 0 1 0 0 0 1 0 0 0 1 3022.dat
1 1 140 -192 0 0 0 1 0 1 0 -1 0 0 3022.dat
0 STEP
1 0 -140 0 0 1 0 0 0 1 0 0 0 1 2681.dat
1 1 -140 -24 0 -1 0 0 0 1 0 0 0 -1 4730.dat
1 0 140 0 0 1 0 0 0 1 0 0 0 1 2681.dat
1 1 140 -24 0 1 0 0 0 1 0 0 0 1 4730.dat
0 STEP
1 1 -170 -94 -10 0 0 1 1 0 0 0 1 0 2730.dat
1 1 170 -94 -10 0 0 1 1 0 0 0 1 0 2730.dat
0 STEP
1 4 140 -200 0 -1 0 0 0 1 0 0 0 -1 3957a.dat
1 14 140 -280 0 -1 0 0 0 1 0 0 0 -1 4495a.dat
1 4 -140 -200 0 -1 0 0 0 1 0 0 0 -1 3957a.dat
1 14 -140 -280 0 -1 0 0 0 1 0 0 0 -1 4495a.dat
0
0 FILE 79.ldr
0 New flex hose
0 Name: 79.ldr
0 Author: ClydeBum
0 Unofficial Model
0 ROTATION CENTER 0 0 0 1 "Custom" 
0 ROTATION CONFIG 0 0
1 16 140 0 80 6.12323e-017 0.00581159 0.999983 0 0.999983 -0.00581159 -1 3.55857e-019 6.12313e-017 79.dat
1 16 139.968 -5.55772 80 1.43502e-013 0.0176746 0.999844 0 0.999844 -0.0176746 -1 2.53634e-015 1.4348e-013 79.dat
1 16 139.869 -11.1564 80 -8.45606e-014 0.0299307 0.999552 0 0.999552 -0.0299307 -1 -2.53096e-015 -8.45228e-014 79.dat
1 16 139.7 -16.7941 80 -5.88035e-014 0.0425952 0.999092 0 0.999092 -0.0425952 -1 -2.50475e-015 -5.87501e-014 79.dat
1 16 139.458 -22.4688 80 4.46922e-014 0.0556839 0.998448 0 0.998448 -0.0556839 -1 2.48864e-015 4.46229e-014 79.dat
1 16 139.14 -28.1783 80 -7.1238e-014 0.069213 0.997602 0 0.997602 -0.069213 -1 -4.9306e-015 -7.10671e-014 79.dat
1 16 138.741 -33.9201 80 5.89031e-014 0.0831992 0.996533 0 0.996533 -0.0831992 -1 4.90069e-015 5.86988e-014 79.dat
1 16 138.259 -39.6914 80 6.12323e-017 0.0976595 0.99522 0 0.99522 -0.0976595 -1 5.97992e-018 6.09396e-017 79.dat
1 16 137.69 -45.4894 80 6.12323e-017 0.112611 0.993639 0 0.993639 -0.112611 -1 6.89544e-018 6.08428e-017 79.dat
1 16 137.031 -51.3108 80 -1.88354e-014 0.128072 0.991765 0 0.991765 -0.128072 -1 -2.41229e-015 -1.86803e-014 79.dat
1 16 136.276 -57.1521 80 3.33679e-014 0.144059 0.989569 0 0.989569 -0.144059 -1 4.80696e-015 3.30199e-014 79.dat
1 16 135.424 -63.0095 80 -3.03818e-014 0.160591 0.987021 0 0.987021 -0.160591 -1 -4.87905e-015 -2.99874e-014 79.dat
1 16 134.469 -68.879 80 6.12323e-017 0.177686 0.984087 0 0.984087 -0.177686 -1 1.08801e-017 6.0258e-017 79.dat
1 16 133.407 -74.7562 80 6.12323e-017 0.19536 0.980732 0 0.980732 -0.19536 -1 1.19623e-017 6.00525e-017 79.dat
1 16 132.236 -80.6363 80 1.11635e-014 0.213631 0.976915 0 0.976915 -0.213631 -1 2.38486e-015 1.09057e-014 79.dat
1 16 130.951 -86.5143 80 6.12323e-017 0.232515 0.972593 0 0.972593 -0.232515 -1 1.42374e-017 5.95541e-017 79.dat
1 16 129.547 -92.3846 80 9.38711e-015 0.252027 0.96772 0 0.96772 -0.252027 -1 2.36581e-015 9.08409e-015 79.dat
1 16 128.022 -98.2415 80 -9.06548e-015 0.272182 0.962246 0 0.962246 -0.272182 -1 -2.46746e-015 -8.72322e-015 79.dat
1 16 126.371 -104.079 80 6.12323e-017 0.292993 0.956115 0 0.956115 -0.292993 -1 1.79406e-017 5.85451e-017 79.dat
1 16 124.59 -109.89 80 7.3887e-015 0.314469 0.949268 0 0.949268 -0.314469 -1 2.32352e-015 7.01386e-015 79.dat
1 16 122.676 -115.668 80 -7.28912e-015 0.336618 0.941641 0 0.941641 -0.336618 -1 -2.45365e-015 -6.86374e-015 79.dat
1 16 120.625 -121.405 80 6.50053e-015 0.359444 0.933166 0 0.933166 -0.359444 -1 2.33658e-015 6.06607e-015 79.dat
1 16 118.434 -127.093 80 6.12323e-017 0.382949 0.923769 0 0.923769 -0.382949 -1 2.34489e-017 5.65646e-017 79.dat
1 16 116.1 -132.725 80 -5.51277e-015 0.407128 0.913371 0 0.913371 -0.407128 -1 -2.2444e-015 -5.0352e-015 79.dat
1 16 113.619 -138.29 80 -1.08418e-014 0.431971 0.901887 0 0.901887 -0.431971 -1 -4.68336e-015 -9.77812e-015 79.dat
1 16 110.989 -143.781 80 1.02753e-014 0.457462 0.889229 0 0.889229 -0.457462 -1 4.70055e-015 9.13708e-015 79.dat
1 16 108.207 -149.188 80 6.12323e-017 0.483577 0.875302 0 0.875302 -0.483577 -1 2.96105e-017 5.35968e-017 79.dat
1 16 105.272 -154.5 80 -4.62459e-015 0.510282 0.860007 0 0.860007 -0.510282 -1 -2.35984e-015 -3.97718e-015 79.dat
1 16 102.182 -159.708 80 4.28008e-015 0.537534 0.843242 0 0.843242 -0.537534 -1 2.30069e-015 3.60914e-015 79.dat
1 16 98.9364 -164.8 80 4.28008e-015 0.565278 0.8249 0 0.8249 -0.565278 -1 2.41943e-015 3.53064e-015 79.dat
1 16 95.5338 -169.765 80 -3.73641e-015 0.593446 0.804874 0 0.804874 -0.593446 -1 -2.21736e-015 -3.00734e-015 79.dat
1 16 91.9744 -174.593 80 6.12323e-017 0.621955 0.783053 0 0.783053 -0.621955 -1 3.80838e-017 4.79482e-017 79.dat
1 16 88.259 -179.271 80 3.61395e-015 0.650706 0.75933 0 0.75933 -0.650706 -1 2.35162e-015 2.74418e-015 79.dat
1 16 84.3887 -183.787 80 -3.73641e-015 0.679583 0.733599 0 0.733599 -0.679583 -1 -2.5392e-015 -2.74103e-015 79.dat
1 16 80.3656 -188.13 80 3.3919e-015 0.70845 0.705761 0 0.705761 -0.70845 -1 2.40299e-015 2.39387e-015 79.dat
1 16 76.1924 -192.287 80 6.12323e-017 0.737153 0.675726 0 0.675726 -0.737153 -1 4.51376e-017 4.13763e-017 79.dat
1 16 71.8726 -196.247 80 -6.40095e-015 0.765518 0.643415 0 0.643415 -0.765518 -1 -4.90004e-015 -4.11846e-015 79.dat
1 16 67.4108 -199.997 80 6.12323e-017 0.79335 0.608766 0 0.608766 -0.79335 -1 4.85787e-017 3.72762e-017 79.dat
1 16 62.812 -203.526 80 2.94781e-015 0.820435 0.57174 0 0.57174 -0.820435 -1 2.41849e-015 1.68538e-015 79.dat
1 16 58.0824 -206.822 80 6.12323e-017 0.846544 0.532319 0 0.532319 -0.846544 -1 5.18359e-017 3.25951e-017 79.dat
1 16 53.229 -209.874 80 2.94781e-015 0.871431 0.490518 0 0.490518 -0.871431 -1 2.56882e-015 1.44595e-015 79.dat
1 16 48.2596 -212.671 80 -2.84823e-015 0.894841 0.446385 0 0.446385 -0.894841 -1 -2.54871e-015 -1.27141e-015 79.dat
1 16 43.1831 -215.204 80 2.72577e-015 0.916513 0.400006 0 0.400006 -0.916513 -1 2.4982e-015 1.09032e-015 79.dat
1 16 38.0088 -217.462 80 -2.84823e-015 0.936185 0.351507 0 0.351507 -0.936185 -1 -2.66647e-015 -1.00117e-015 79.dat
1 16 32.7472 -219.437 80 -2.84823e-015 0.953606 0.301057 0 0.301057 -0.953606 -1 -2.71609e-015 -8.5748e-016 79.dat
1 16 27.4092 -221.123 80 6.12323e-017 0.968538 0.248866 0 0.248866 -0.968538 -1 5.93058e-017 1.52387e-017 79.dat
1 16 22.0065 -222.511 80 5.16826e-015 0.980766 0.195186 0 0.195186 -0.980766 -1 5.06885e-015 1.00877e-015 79.dat
1 16 16.5514 -223.596 80 -2.84823e-015 0.990108 0.140306 0 0.140306 -0.990108 -1 -2.82006e-015 -3.99623e-016 79.dat
1 16 11.0565 -224.375 80 6.12323e-017 0.99642 0.0845431 0 0.0845431 -0.99642 -1 6.10131e-017 5.17677e-018 79.dat
1 16 5.53497 -224.844 80 6.12323e-017 0.999601 0.0282415 0 0.0282415 -0.999601 -1 6.12079e-017 1.72929e-018 79.dat
1 16 0 -225 80 6.12323e-017 0.999601 -0.0282415 0 -0.0282415 -0.999601 -1 6.12079e-017 -1.72929e-018 79.dat
1 16 -5.53497 -224.844 80 6.12323e-017 0.99642 -0.0845431 0 -0.0845431 -0.99642 -1 6.10131e-017 -5.17677e-018 79.dat
1 16 -11.0565 -224.375 80 6.12323e-017 0.990108 -0.140306 0 -0.140306 -0.990108 -1 6.06266e-017 -8.59124e-018 79.dat
1 16 -16.5514 -223.596 80 6.12323e-017 0.980766 -0.195186 0 -0.195186 -0.980766 -1 6.00546e-017 -1.19517e-017 79.dat
1 16 -22.0065 -222.511 80 6.12323e-017 0.968538 -0.248866 0 -0.248866 -0.968538 -1 5.93058e-017 -1.52387e-017 79.dat
1 16 -27.4092 -221.123 80 6.12323e-017 0.953606 -0.301057 0 -0.301057 -0.953606 -1 5.83915e-017 -1.84344e-017 79.dat
1 16 -32.7472 -219.437 80 6.12323e-017 0.936185 -0.351507 0 -0.351507 -0.936185 -1 5.73248e-017 -2.15236e-017 79.dat
1 16 -38.0088 -217.462 80 6.12323e-017 0.916513 -0.400006 0 -0.400006 -0.916513 -1 5.61202e-017 -2.44933e-017 79.dat
1 16 -43.1831 -215.204 80 6.12323e-017 0.894841 -0.446385 0 -0.446385 -0.894841 -1 5.47932e-017 -2.73332e-017 79.dat
1 16 -48.2596 -212.671 80 6.12323e-017 0.871431 -0.490518 0 -0.490518 -0.871431 -1 5.33598e-017 -3.00356e-017 79.dat
1 16 -53.229 -209.874 80 6.12323e-017 0.846544 -0.532319 0 -0.532319 -0.846544 -1 5.18359e-017 -3.25951e-017 79.dat
1 16 -58.0824 -206.822 80 6.12323e-017 0.820435 -0.57174 0 -0.57174 -0.820435 -1 5.02372e-017 -3.5009e-017 79.dat
1 16 -62.812 -203.526 80 6.12323e-017 0.79335 -0.608766 0 -0.608766 -0.79335 -1 4.85787e-017 -3.72762e-017 79.dat
1 16 -67.4108 -199.997 80 6.12323e-017 0.765518 -0.643415 0 -0.643415 -0.765518 -1 4.68745e-017 -3.93978e-017 79.dat
1 16 -71.8726 -196.247 80 6.12323e-017 0.737153 -0.675726 0 -0.675726 -0.737153 -1 4.51376e-017 -4.13763e-017 79.dat
1 16 -76.1924 -192.287 80 6.12323e-017 0.70845 -0.705761 0 -0.705761 -0.70845 -1 4.33801e-017 -4.32154e-017 79.dat
1 16 -80.3656 -188.13 80 6.12323e-017 0.679583 -0.733599 0 -0.733599 -0.679583 -1 4.16125e-017 -4.492e-017 79.dat
1 16 -84.3887 -183.787 80 6.12323e-017 0.650706 -0.75933 0 -0.75933 -0.650706 -1 3.98443e-017 -4.64955e-017 79.dat
1 16 -88.259 -179.271 80 6.12323e-017 0.621955 -0.783053 0 -0.783053 -0.621955 -1 3.80838e-017 -4.79482e-017 79.dat
1 16 -91.9744 -174.593 80 6.12323e-017 0.593446 -0.804874 0 -0.804874 -0.593446 -1 3.63381e-017 -4.92843e-017 79.dat
1 16 -95.5338 -169.765 80 6.12323e-017 0.565278 -0.8249 0 -0.8249 -0.565278 -1 3.46133e-017 -5.05106e-017 79.dat
1 16 -98.9364 -164.8 80 6.12323e-017 0.537534 -0.843242 0 -0.843242 -0.537534 -1 3.29145e-017 -5.16337e-017 79.dat
1 16 -102.182 -159.708 80 6.12323e-017 0.510282 -0.860007 0 -0.860007 -0.510282 -1 3.12457e-017 -5.26603e-017 79.dat
1 16 -105.272 -154.5 80 6.12323e-017 0.483577 -0.875302 0 -0.875302 -0.483577 -1 2.96105e-017 -5.35968e-017 79.dat
1 16 -108.207 -149.188 80 6.12323e-017 0.457462 -0.889229 0 -0.889229 -0.457462 -1 2.80115e-017 -5.44496e-017 79.dat
1 16 -110.989 -143.781 80 6.12323e-017 0.431971 -0.901887 0 -0.901887 -0.431971 -1 2.64506e-017 -5.52247e-017 79.dat
1 16 -113.619 -138.29 80 6.12323e-017 0.407128 -0.913371 0 -0.913371 -0.407128 -1 2.49294e-017 -5.59278e-017 79.dat
1 16 -116.1 -132.725 80 6.12323e-017 0.382949 -0.923769 0 -0.923769 -0.382949 -1 2.34489e-017 -5.65646e-017 79.dat
1 16 -118.434 -127.093 80 6.12323e-017 0.359444 -0.933166 0 -0.933166 -0.359444 -1 2.20096e-017 -5.714e-017 79.dat
1 16 -120.625 -121.405 80 6.12323e-017 0.336618 -0.941641 0 -0.941641 -0.336618 -1 2.06119e-017 -5.76589e-017 79.dat
1 16 -122.676 -115.668 80 6.12323e-017 0.314469 -0.949268 0 -0.949268 -0.314469 -1 1.92557e-017 -5.81259e-017 79.dat
1 16 -124.59 -109.89 80 6.12323e-017 0.292993 -0.956115 0 -0.956115 -0.292993 -1 1.79406e-017 -5.85451e-017 79.dat
1 16 -126.371 -104.079 80 6.12323e-017 0.272182 -0.962246 0 -0.962246 -0.272182 -1 1.66664e-017 -5.89206e-017 79.dat
1 16 -128.022 -98.2415 80 6.12323e-017 0.252027 -0.96772 0 -0.96772 -0.252027 -1 1.54322e-017 -5.92558e-017 79.dat
1 16 -129.547 -92.3846 80 6.12323e-017 0.232515 -0.972593 0 -0.972593 -0.232515 -1 1.42374e-017 -5.95541e-017 79.dat
1 16 -130.951 -86.5143 80 6.12323e-017 0.213631 -0.976915 0 -0.976915 -0.213631 -1 1.30811e-017 -5.98188e-017 79.dat
1 16 -132.236 -80.6363 80 6.12323e-017 0.19536 -0.980732 0 -0.980732 -0.19536 -1 1.19623e-017 -6.00525e-017 79.dat
1 16 -133.407 -74.7562 80 6.12323e-017 0.177686 -0.984087 0 -0.984087 -0.177686 -1 1.08801e-017 -6.0258e-017 79.dat
1 16 -134.469 -68.879 80 6.12323e-017 0.160591 -0.987021 0 -0.987021 -0.160591 -1 9.83339e-018 -6.04376e-017 79.dat
1 16 -135.424 -63.0095 80 6.12323e-017 0.144059 -0.989569 0 -0.989569 -0.144059 -1 8.82109e-018 -6.05936e-017 79.dat
1 16 -136.276 -57.1521 80 6.12323e-017 0.128072 -0.991765 0 -0.991765 -0.128072 -1 7.84214e-018 -6.07281e-017 79.dat
1 16 -137.031 -51.3108 80 6.12323e-017 0.112611 -0.993639 0 -0.993639 -0.112611 -1 6.89544e-018 -6.08428e-017 79.dat
1 16 -137.69 -45.4894 80 6.12323e-017 0.0976595 -0.99522 0 -0.99522 -0.0976595 -1 5.97992e-018 -6.09396e-017 79.dat
1 16 -138.259 -39.6914 80 -2.94936e-014 0.0831992 -0.996533 0 -0.996533 -0.0831992 -1 -2.45384e-015 2.93913e-014 79.dat
1 16 -138.741 -33.9201 80 3.55884e-014 0.069213 -0.997602 0 -0.997602 -0.069213 -1 2.46318e-015 -3.5503e-014 79.dat
1 16 -139.14 -28.1783 80 6.12323e-017 0.0556839 -0.998448 0 -0.998448 -0.0556839 -1 3.40966e-018 -6.11373e-017 79.dat
1 16 -139.458 -22.4688 80 6.12323e-017 0.0425952 -0.999092 0 -0.999092 -0.0425952 -1 2.60821e-018 -6.11768e-017 79.dat
1 16 -139.7 -16.7941 80 6.12323e-017 0.0299307 -0.999552 0 -0.999552 -0.0299307 -1 1.83273e-018 -6.12049e-017 79.dat
1 16 -139.869 -11.1564 80 1.43502e-013 0.0176746 -0.999844 0 -0.999844 -0.0176746 -1 2.53634e-015 -1.4348e-013 79.dat
1 16 -139.968 -5.55772 80 -4.39832e-013 0.00581159 -0.999983 0 -0.999983 -0.00581159 -1 -2.55612e-015 4.39825e-013 79.dat
0
0 FILE 3538_launch_L.ldr
0 3538_launch_L
0 Name: 3538_launch_L.ldr
0 Author: ClydeBum
0 Unofficial Model
0 ROTATION CENTER 0 0 0 1 "Custom" 
0 ROTATION CONFIG 0 0
1 0 0 0 0 1 0 0 0 1 0 0 0 1 3737.dat
1 7 -90 -10 0 0 0 -1 0 1 0 1 0 0 32064a.dat
1 15 -120 14 60 0 0 1 0 1 0 -1 0 0 3035.dat
1 1 76 0 0 0 1 0 1 0 0 0 0 -1 3941.dat
1 7 -90 -10 80 0 0 1 0 1 0 -1 0 0 3009.dat
1 7 -150 -10 60 0 0 1 0 1 0 -1 0 0 3008.dat
1 7 -120 -10 130 1 0 0 0 1 0 0 0 1 30010.dat
1 1 -120 6 0 1 0 0 0 1 0 0 0 1 3022.dat
1 4 -120 -2 0 1 0 0 0 1 0 0 0 1 3068b.dat
1 4 -90 -18 60 0 0 1 0 1 0 -1 0 0 3460.dat
1 1 -120 22 60 0 0 1 0 1 0 -1 0 0 3003.dat
1 7 66 0 0 0 0 1 0 1 0 -1 0 0 3713.dat
0
0 FILE 3538_launch_R.ldr
0 3538_launch_R
0 Name: 3538_launch_R.ldr
0 Author: ClydeBum
0 Unofficial Model
0 ROTATION CENTER 0 0 0 1 "Custom" 
0 ROTATION CONFIG 0 0
1 0 0 0 0 1 0 0 0 1 0 0 0 1 3737.dat
1 7 90 -10 0 0 0 -1 0 1 0 1 0 0 32064a.dat
1 15 120 14 60 0 0 1 0 1 0 -1 0 0 3035.dat
1 1 -76 0 0 0 -1 0 1 0 0 0 0 1 3941.dat
1 7 90 -10 80 0 0 1 0 1 0 -1 0 0 3009.dat
1 7 150 -10 60 0 0 1 0 1 0 -1 0 0 3008.dat
1 7 120 -10 130 1 0 0 0 1 0 0 0 1 30010.dat
1 1 120 6 0 1 0 0 0 1 0 0 0 1 3022.dat
1 4 120 -2 0 1 0 0 0 1 0 0 0 1 3068b.dat
1 4 90 -18 60 0 0 1 0 1 0 -1 0 0 3460.dat
1 1 120 22 60 0 0 1 0 1 0 -1 0 0 3003.dat
1 7 -66 0 0 0 0 -1 0 1 0 1 0 0 3713.dat
0 
0
0
