0 Untitled
0 Name: 386-1.ldr
0 Author: MLCad
0 Unofficial Model
0 ROTATION CENTER 0 0 0 1 "Custom" 
0 ROTATION CONFIG 0 0
1 4 0 -40 0 0 0 -1 0 1 0 1 0 0 3033.dat
1 4 0 -40 180 1 0 0 0 1 0 0 0 1 8.dat
1 4 0 -18 180 1 0 0 0 1 0 0 0 1 3464.dat
1 4 80 -18 -80 1 0 0 0 1 0 0 0 1 3464.dat
1 0 80 -18 -80 1 0 0 0 1 0 0 0 1 3139.dat
1 0 -80 -18 -80 1 0 0 0 1 0 0 0 1 3139.dat
1 0 289.715 -18 268.722 -0.707107 0 -0.707107 0 1 0 0.707107 0 -0.707107 3139.dat
1 0 374.568 -18 353.575 -0.707107 0 -0.707107 0 1 0 0.707107 0 -0.707107 3139.dat
1 0 332.142 -18 226.296 -0.707107 0 -0.707107 0 1 0 0.707107 0 -0.707107 3139.dat
1 0 416.994 -18 311.148 -0.707107 0 -0.707107 0 1 0 0.707107 0 -0.707107 3139.dat
1 0 310.928 -39 247.509 -0.707107 0 -0.707107 0 1 0 0.707107 0 -0.707107 3137c01.dat
1 0 395.781 -39 332.362 -0.707107 0 -0.707107 0 1 0 0.707107 0 -0.707107 3137c01.dat
1 15 339.213 -47 275.793 -0.707107 0 0.707107 0 1 0 -0.707107 0 -0.707107 3030.dat
1 15 339.213 -103 275.793 -0.707107 0 0.707107 0 1 0 -0.707107 0 -0.707107 3030.dat
1 15 409.923 -55 346.504 -0.707107 0 -0.707107 0 1 0 0.707107 0 -0.707107 3020.dat
1 15 416.994 -47 353.575 -0.707107 0 -0.707107 0 1 0 0.707107 0 -0.707107 3010p20b.dat
1 15 282.644 -39 219.225 -0.707107 0 -0.707107 0 1 0 0.707107 0 -0.707107 3001.dat
1 15 374.568 -39 268.722 -0.707107 0 0.707107 0 1 0 -0.707107 0 -0.707107 3010.dat
1 15 208.198 -32 -71.645 -1 0 0 0 1 0 0 0 -1 15.dat
1 15 208.198 -55.047 -16.187 -1 0 0 0 0.0697571 -0.997565 0 -0.997565 -0.0697571 15.dat
1 15 208 -72 -71 -1 0 0 0 1 0 0 0 -1 17.dat
1 15 208 -57.325 16.378 -1 0 0 0 0.0697571 -0.997565 0 -0.997565 -0.0697571 17.dat
1 15 208 -72 69 -1 0 0 0 1 0 0 0 -1 17.dat
1 14 208 -96 -71 -1 0 0 0 1 0 0 0 -1 3626a.dat
1 14 208 -96 69 -1 0 0 0 1 0 0 0 -1 3626a.dat
1 14 208 -59.995 40.25 -1 0 0 0 0.0697571 -0.997565 0 -0.997565 -0.0697571 3626a.dat
1 0 208 -60.923 39.183 1 0 0 0 0.0697571 0.997565 0 -0.997565 0.0697571 390.dat
1 15 208 -96 -71 1 0 0 0 1 0 0 0 1 3624.dat
1 15 208 -96 69 1 0 0 0 1 0 0 0 1 3624.dat
1 15 208.198 -32 69.355 -1 0 0 0 1 0 0 0 -1 15.dat
1 15 208 -40 -1 0 0 1 0 1 0 -1 0 0 3034.dat
1 15 332.142 -39 311.148 -0.707107 0 0.707107 0 1 0 -0.707107 0 -0.707107 3010.dat
1 15 317.999 -71 297.006 -0.707107 0 0.707107 0 1 0 -0.707107 0 -0.707107 3008.dat
1 15 360.426 -71 254.58 -0.707107 0 0.707107 0 1 0 -0.707107 0 -0.707107 3008.dat
1 15 254.36 -95 233.367 0.707107 0 0.707107 0 1 0 -0.707107 0 0.707107 3581.dat
1 15 245.875 -95 224.881 0.707107 0 0.707107 0 1 0 -0.707107 0 0.707107 3582.dat
1 15 288.301 -95 182.455 0.258819 0 0.965926 0 1 0 -0.965926 0 0.258819 3582.dat
1 15 296.786 -95 190.94 0.707107 0 0.707107 0 1 0 -0.707107 0 0.707107 3581.dat
1 47 303.857 -95 282.864 0.707107 0 -0.707107 0 1 0 0.707107 0 0.707107 3009.dat
1 47 346.284 -95 240.438 0.707107 0 -0.707107 0 1 0 0.707107 0 0.707107 3009.dat
1 15 353.355 -95 332.362 0.707107 0 -0.707107 0 1 0 0.707107 0 0.707107 3005.dat
1 15 395.781 -95 289.935 0.707107 0 -0.707107 0 1 0 0.707107 0 0.707107 3005.dat
1 47 367.497 -95 346.504 0.707107 0 -0.707107 0 1 0 0.707107 0 0.707107 3005.dat
1 47 409.923 -95 304.077 0.707107 0 -0.707107 0 1 0 0.707107 0 0.707107 3005.dat
1 47 402.852 -95 339.433 -0.707107 0 -0.707107 0 1 0 0.707107 0 -0.707107 21.dat
1 0 0 -18 180 1 0 0 0 1 0 0 0 1 3139.dat
1 4 -80 -18 -80 1 0 0 0 1 0 0 0 1 3464.dat
1 4 80 -40 -80 1 0 0 0 1 0 0 0 1 8.dat
1 4 -80 -40 -80 1 0 0 0 1 0 0 0 1 8.dat
1 4 0 -144 0 0 0 -1 0 1 0 1 0 0 3033.dat
1 4 0 -40 130 0 0 -1 0 1 0 1 0 0 3021.dat
1 4 0 -144 130 0 0 -1 0 1 0 1 0 0 3021.dat
1 4 0 -144 360 0 0 -1 0 1 0 1 0 0 3020.dat
1 4 0 -144 240 0 0 -1 0 1 0 1 0 0 3034.dat
1 4 30 -56 -120 1 0 0 0 1 0 0 0 1 3002.dat
1 4 -30 -56 -120 1 0 0 0 1 0 0 0 1 3002.dat
1 4 -40 -56 -150 1 0 0 0 1 0 0 0 1 3660.dat
1 4 0 -56 -150 1 0 0 0 1 0 0 0 1 3660.dat
1 4 40 -56 -150 1 0 0 0 1 0 0 0 1 3660.dat
1 15 -40 -64 90 -1 0 0 0 1 0 0 0 -1 3660.dat
1 15 40 -64 90 -1 0 0 0 1 0 0 0 -1 3660.dat
1 15 10 -88 140 0 0 -1 0 1 0 1 0 0 3660.dat
1 15 10 -88 180 0 0 -1 0 1 0 1 0 0 3660.dat
1 15 -10 -88 140 0 0 1 0 1 0 -1 0 0 3660.dat
1 15 -10 -88 180 0 0 1 0 1 0 -1 0 0 3660.dat
1 15 0 -88 210 -1 0 0 0 1 0 0 0 -1 3660.dat
1 15 0 -112 350 -1 0 0 0 1 0 0 0 -1 3660.dat
1 15 0 -136 370 -1 0 0 0 1 0 0 0 -1 3660.dat
1 4 0 -168 390 -1 0 0 0 1 0 0 0 -1 3660.dat
1 4 0 -168 370 1 0 0 0 1 0 0 0 1 3039.dat
1 4 0 -192 390 1 0 0 0 1 0 0 0 1 3039.dat
1 4 0 -216 410 1 0 0 0 1 0 0 0 1 3039.dat
1 4 0 -216 430 1 0 0 0 1 0 0 0 1 3004.dat
1 4 10 -168 -10 1 0 0 0 1 0 0 0 1 3045.dat
1 4 -10 -168 -10 0 0 1 0 1 0 -1 0 0 3045.dat
1 4 -10 -168 30 0 0 1 0 1 0 -1 0 0 3038.dat
1 4 10 -168 30 0 0 -1 0 1 0 1 0 0 3038.dat
1 4 10 -168 70 0 0 -1 0 1 0 1 0 0 3045.dat
1 4 -10 -168 70 -1 0 0 0 1 0 0 0 -1 3045.dat
1 4 0 -176 60 -1 0 0 0 1 0 0 0 -1 3022.dat
1 4 0 -176 420 -1 0 0 0 1 0 0 0 -1 3022.dat
1 4 -20 -184 420 -1 0 0 0 1 0 0 0 -1 3020.dat
1 4 -40 -192 420 -1 0 0 0 1 0 0 0 -1 3068b.dat
1 7 32 -202 420 0 -1 0 -0.707107 0 -0.707107 0.707107 0 -0.707107 3461.dat
1 4 0 -192 420 1 0 0 0 1 0 0 0 1 3481.dat
1 4 -10 -176 20 0 0 -1 0 1 0 1 0 0 3475b.dat
1 4 10 -176 20 0 0 1 0 1 0 -1 0 0 3475b.dat
1 4 0 -184 30 0 0 1 0 1 0 -1 0 0 3462.dat
1 7 0 -182 30 -0.965926 0 0.258819 0 1 0 -0.258819 0 -0.965926 3461.dat
1 7 -23.293 -210 116.934 -0.258819 0 -0.965926 0 1 0 0.965926 0 -0.258819 3460.dat
1 7 23.293 -210 -56.934 -0.258819 0 -0.965926 0 1 0 0.965926 0 -0.258819 3460.dat
1 7 86.934 -210 53.293 0.965926 0 -0.258819 0 1 0 0.258819 0 0.965926 3460.dat
1 7 -86.934 -210 6.707 0.965926 0 -0.258819 0 1 0 0.258819 0 0.965926 3460.dat
1 7 -183.525 -218 -19.176 0.965926 0 -0.258819 0 1 0 0.258819 0 0.965926 3666.dat
1 7 183.525 -218 79.176 0.965926 0 -0.258819 0 1 0 0.258819 0 0.965926 3666.dat
1 7 49.176 -218 -153.525 0.258819 0 0.965926 0 1 0 -0.965926 0 0.258819 3666.dat
1 7 -49.176 -218 213.525 0.258819 0 0.965926 0 1 0 -0.965926 0 0.258819 3666.dat
1 15 -50 -136 -30 1 0 0 0 1 0 0 0 1 446.dat
1 15 50 -136 -30 0 0 1 0 1 0 -1 0 0 445.dat
1 15 -50 -136 70 -1 0 0 0 1 0 0 0 -1 445.dat
1 15 50.208 -136 69.799 -0.707107 0 0.707107 0 1 0 -0.707107 0 -0.707107 446.dat
1 15 0 -64 190 -1 0 0 0 1 0 0 0 -1 3660.dat
1 15 50 -64 -80 0 0 -1 0 1 0 1 0 0 3298.dat
1 15 40 -88 -130 1 0 0 0 1 0 0 0 1 3298.dat
1 15 0 -88 -130 1 0 0 0 1 0 0 0 1 3298.dat
1 15 -40 -88 -130 1 0 0 0 1 0 0 0 1 3298.dat
1 15 -50 -88 -80 0 0 1 0 1 0 -1 0 0 3010.dat
1 15 50 -88 -80 0 0 1 0 1 0 -1 0 0 3010.dat
1 15 -50 -64 -80 0 0 1 0 1 0 -1 0 0 3298.dat
1 15 0 -64 -140 -1 0 0 0 1 0 0 0 -1 3032.dat
1 15 0 -64 110 0 0 -1 0 1 0 1 0 0 3002.dat
1 15 -30 -88 100 1 0 0 0 1 0 0 0 1 3002.dat
1 15 30 -88 100 1 0 0 0 1 0 0 0 1 3002.dat
1 15 0 -112 110 0 0 -1 0 1 0 1 0 0 3002.dat
1 15 0 -64 160 0 0 -1 0 1 0 1 0 0 3003.dat
1 15 40 -112 100 0 0 -1 0 1 0 1 0 0 3003.dat
1 15 50 -112 -60 0 0 -1 0 1 0 1 0 0 3004.dat
1 15 50 -136 -60 0 0 -1 0 1 0 1 0 0 3004.dat
1 15 -50 -136 -60 0 0 -1 0 1 0 1 0 0 3004.dat
1 15 50 -136 90 -1 0 0 0 1 0 0 0 -1 3040b.dat
1 15 -50 -136 90 -1 0 0 0 1 0 0 0 -1 3040b.dat
1 15 -10 -136 90 -1 0 0 0 1 0 0 0 -1 3046.dat
1 15 10 -136 90 0 0 -1 0 1 0 1 0 0 3046.dat
1 15 10 -136 160 0 0 -1 0 1 0 1 0 0 3037.dat
1 15 -10 -136 160 0 0 1 0 1 0 -1 0 0 3037.dat
1 15 -50 -112 -60 0 0 -1 0 1 0 1 0 0 3004.dat
1 15 0 -112 260 0 0 -1 0 1 0 1 0 0 3007.dat
1 15 0 -136 280 0 0 -1 0 1 0 1 0 0 3007.dat
1 15 -40 -112 100 0 0 -1 0 1 0 1 0 0 3003.dat
1 15 30 -112 160 0 0 -1 0 1 0 1 0 0 3010p04.dat
1 15 -30 -112 160 0 0 1 0 1 0 -1 0 0 3010p04.dat
1 15 -50 -64 -50 0 0 -1 0 1 0 1 0 0 3005.dat
1 15 50 -64 -50 0 0 -1 0 1 0 1 0 0 3005.dat
1 47 50 -112 -90 0 0 -1 0 1 0 1 0 0 3005.dat
1 47 30 -112 -110 1 0 0 0 1 0 0 0 1 3038.dat
1 47 30 -136 -90 1 0 0 0 1 0 0 0 1 3038.dat
1 47 -30 -136 -90 1 0 0 0 1 0 0 0 1 3038.dat
1 47 -30 -112 -110 1 0 0 0 1 0 0 0 1 3038.dat
1 47 -50 -112 -90 0 0 -1 0 1 0 1 0 0 3005.dat
0
