0 FILE 4090 - 1 - main unicycle.ldr
0 1 - main unicycle
0 Name: 4090 - 1 - main unicycle.ldr
0 Recreation of the second model of the official LEGO set 4090 Motion Madness
0 Author: Bert Van Raemdonck [BEAVeR]
0 !LDRAW_ORG Unofficial_Model
0 !LICENSE Redistributable under CCAL version 2.0 : see CAreadme.txt

0 !THEME Creator

1 14 0 0 0 0 0 1 0 1 0 -1 0 0 3710.dat
0 STEP
1 14 0 -24 20 0 0 1 0 1 0 -1 0 0 32064a.dat
1 14 0 -24 -20 0 0 1 0 1 0 -1 0 0 32064a.dat
0 STEP
1 15 0 -32 30 0 0 1 0 1 0 -1 0 0 3024.dat
1 15 0 -32 -30 0 0 1 0 1 0 -1 0 0 3024.dat
1 7 0 -14 20 -1 0 0 0 1 0 0 0 -1 4519.dat
0 STEP
1 15 0 -32 0 -1 0 0 0 1 0 0 0 -1 3021.dat
0 STEP
1 1 0 -56 -10 1 0 0 0 1 0 0 0 1 3040b.dat
1 1 0 -56 20 0 0 1 0 1 0 -1 0 0 3004.dat
0 STEP
1 1 20 -56 0 0 0 1 0 1 0 -1 0 0 32064a.dat
1 1 -20 -56 0 0 0 1 0 1 0 -1 0 0 32064a.dat
0 STEP
1 1 0 -80 0 -1 0 0 0 1 0 0 0 -1 3002.dat
1 1 10 -80 30 -1 0 0 0 1 0 0 0 -1 32064b.dat
0 STEP
1 1 0 -104 10 -1 0 0 0 1 0 0 0 -1 3040b.dat
1 15 0 -88 -10 0 0 1 0 1 0 -1 0 0 3024.dat
1 15 0 -96 -10 0 0 1 0 1 0 -1 0 0 3024.dat
1 0 0 -104 -10 0 0 1 0 1 0 -1 0 0 4073.dat
0 STEP
1 1 20 -104 0 0 0 -1 0 1 0 1 0 0 3004.dat
1 1 -20 -104 0 0 0 -1 0 1 0 1 0 0 3004.dat
0 STEP
1 1 0 -128 0 -1 0 0 0 1 0 0 0 -1 3002.dat
0 STEP
1 0 0 -126.001 -0.004 1 0 0 0 1 0 0 0 1 4090 - 1 - neck.ldr
0 STEP
1 1 -40 -112.803 -108.556 1 0 0 0 0.999 -0.031 0 0.031 0.999 4090 - 1 - arm right.ldr
0 STEP
1 1 39.996 -118.896 -108.457 1 0 0 0 0.998 -0.048 0 0.048 0.999 4090 - 1 - arm left.ldr
0 STEP
1 73 0 -171.967 -1.894 1 0 0 0 0.999 -0.035 0 0.035 0.999 4090 - 1 - head.ldr
0 STEP
1 1 20 -14 20 1 0 0 0 0 -1 0 1 0 4090 - 1 - support.ldr
0 STEP
1 0 0 106 0 -1 0 0 0 1 0 0 0 -1 3705.dat
1 73 35 106 0 0 -1 0 0 0 -1 1 0 0 41677.dat
0 STEP
1 15 0 106 0 0 0 1 1 0 0 0 1 0 3482.dat
1 256 0 106 0 0 0 1 1 0 0 0 1 0 44799.dat
0 STEP
1 8 -20 -14 20 1 0 0 0 0 -1 0 1 0 4090 - 1 - support.ldr
0 STEP
1 73 -35 126 0 0 -1 0 0 0 -1 1 0 0 41677.dat
0 STEP
1 1 39.999 -27.37 -36.785 1 0 0 0 1 0 0 0 1 4090 - 1 - upper leg left.ldr
0 STEP
1 1 -41 -46 0 1 0 0 0 1 0 0 0 1 4090 - 1 - upper leg right.ldr
0 STEP
1 7 50 -19.816 -30.239 1 0 0 0 -0.756 0.655 0 -0.655 -0.756 3673.dat
1 1 40 -117.208 -79.179 0 0 1 0.035 0.999 0 -0.999 0.035 0 32064a.dat
1 7 50 -107.214 -78.828 -1 0 0 0 0.999 0.035 0 0.035 -0.999 4519.dat
0 STEP
1 15 60 -19.816 -30.239 1 0 0 0 0.875 -0.484 0 0.484 0.875 4090 - 1 - connection rod.ldr
0 STEP
1 256 -60 125.989 0.013 1 0 0 0 1 0 0 0 1 4090 - 1 - lower leg right.ldr
0 STEP
1 7 70 -107.214 -78.828 0 0 -1 -0.999 -0.035 0 -0.035 0.999 0 3713.dat
1 15 60.002 86.031 0.002 1 0 0 0 1 0 0 0 1 4090 - 1 - lower leg left.ldr
0 STEP
1 0 10 -70 80 0 0 1 0 1 0 -1 0 0 3706.dat
1 73 10 -70 150 1 0 0 0 1 0 0 0 1 32016.dat

0 FILE 4090 - 1 - neck.ldr
0 1 - neck
0 Name: 4090 - 1 - neck.ldr
0 Author: Bert Van Raemdonck [BEAVeR]
0 !LDRAW_ORG Unofficial_Model
0 !LICENSE Redistributable under CCAL version 2.0 : see CAreadme.txt

0 !THEME Creator

1 0 0 -16 0 1 0 0 0 -0.035 -0.999 0 0.999 -0.035 3706.dat
1 0 0 -35.988 -0.701 1 0 0 0 -0.035 -0.999 0 0.999 -0.035 32039.dat
0 STEP
1 73 20 -26 0 0 0 -1 0 1 0 1 0 0 3700.dat
1 73 -20 -26 0 0 0 -1 0 1 0 1 0 0 3700.dat
0 STEP
1 0 0 -46 0 0 1 0 -1 0 0 0 0 1 32062.dat

0 FILE 4090 - 1 - arm right.ldr
0 1 - arm right
0 Name: 1 - arm right.ldr
0 Author: Bert Van Raemdonck [BEAVeR]
0 !LDRAW_ORG Unofficial_Model
0 !LICENSE Redistributable under CCAL version 2.0 : see CAreadme.txt

0 !THEME Creator

1 14 0 -8 0 -1 0 0 0 0.999 0.035 0 0.035 -0.999 2420.dat
1 73 0 -10.456 69.957 0 0 1 0.035 0.999 0 -0.999 0.035 0 3666.dat
0 STEP
1 73 0 -17.048 29.701 0 0 1 0.035 0.999 0 -0.999 0.035 0 3666.dat
0 STEP
1 1 0 -35.844 109.09 0 0 1 0.035 0.999 0 -0.999 0.035 0 32064a.dat
1 14 0 -43.839 108.81 0 0 -1 -0.035 0.999 0 0.999 0.035 0 2412b.dat

0 FILE 4090 - 1 - arm left.ldr
0 1 - arm left
0 Name: 1 - arm left.ldr
0 Author: Bert Van Raemdonck [BEAVeR]
0 !LDRAW_ORG Unofficial_Model
0 !LICENSE Redistributable under CCAL version 2.0 : see CAreadme.txt

0 !THEME Creator

1 14 0 0 0 0 0 1 0.035 0.999 0 -0.999 0.035 0 2420.dat
1 73 0 -2.456 69.957 0 0 1 0.035 0.999 0 -0.999 0.035 0 3666.dat
0 STEP
1 73 0 -9.048 29.701 0 0 1 0.035 0.999 0 -0.999 0.035 0 3666.dat
0 STEP
1 1 0 -27.844 109.09 0 0 1 0.035 0.999 0 -0.999 0.035 0 32064a.dat
1 14 0 -35.839 108.81 0 0 -1 -0.035 0.999 0 0.999 0.035 0 2412b.dat

0 FILE 4090 - 1 - head.ldr
0 1 - head
0 Name: 1 - head.ldr
0 Author: Bert Van Raemdonck [BEAVeR]
0 !LDRAW_ORG Unofficial_Model
0 !LICENSE Redistributable under CCAL version 2.0 : see CAreadme.txt

0 !THEME Creator

1 14 0 -24 0 1 0 0 0 0.999 -0.035 0 0.035 0.999 3941.dat
1 1 0 -48.336 9.152 1 0 0 0 0.999 -0.035 0 0.035 0.999 3004.dat
0 STEP
1 1 0 -47.634 -10.836 -1 0 0 0 0.999 0.035 0 0.035 -0.999 32064a.dat
1 1 0 -37.29 -20.479 0 0 -1 -0.035 0.999 0 0.999 0.035 0 3749.dat
0 STEP
1 1 10 -72.321 8.31 0 0 -1 -0.035 0.999 0 0.999 0.035 0 3665.dat
1 1 -10 -72.321 8.31 0 0 1 0.035 0.999 0 -0.999 0.035 0 3665.dat
0 STEP
1 1 10 -71.62 -11.677 1 0 0 0 0.999 -0.035 0 0.035 0.999 4070.dat
1 15 10 -61.135 -25.319 1 0 0 0 -0.035 -0.999 0 0.999 -0.035 4073.dat
1 15 -10 -61.135 -25.319 1 0 0 0 -0.035 -0.999 0 0.999 -0.035 4073.dat
1 1 -10 -71.62 -11.677 1 0 0 0 0.999 -0.035 0 0.035 0.999 4070.dat
0 STEP
1 0 0 -79.264 -21.952 0 0 -1 -0.035 0.999 0 0.999 0.035 0 3020.dat
0 STEP
1 73 10 -87.96 -2.245 0 0 -1 -0.035 0.999 0 0.999 0.035 0 3023.dat
1 73 -10 -87.96 -2.245 0 0 -1 -0.035 0.999 0 0.999 0.035 0 3023.dat

0 FILE 4090 - 1 - support.ldr
0 1 - support
0 Name: 1 - support.ldr
0 Author: Bert Van Raemdonck [BEAVeR]
0 !LDRAW_ORG Unofficial_Model
0 !LICENSE Redistributable under CCAL version 2.0 : see CAreadme.txt

0 !THEME Creator

1 7 0 -20 -80 0 1 0 0 0 -1 -1 0 0 4519.dat
1 1 0 -20 -120 -1 0 0 0 0 -1 0 -1 0 32014.dat
0 STEP
1 15 0 -20 -40 1 0 0 0 1 0 0 0 1 32034.dat
1 1 0 -20 -10 0 0 -1 0 -1 0 -1 0 0 3749.dat
0 STEP
1 8 0 0 0 1 0 0 0 -1 0 0 0 -1 6536.dat

0 FILE 4090 - 1 - upper leg left.ldr
0 1 - upper leg left
0 Name: 1 - upper leg left.ldr
0 Author: Bert Van Raemdonck [BEAVeR]
0 !LDRAW_ORG Unofficial_Model
0 !LICENSE Redistributable under CCAL version 2.0 : see CAreadme.txt

0 !THEME Creator

1 8 2 -18.625 36.785 1 0 0 0 0 -1 0 1 0 6587.dat
1 7 20 -18.625 36.785 0 0 -1 0.009 -1 0 -1 -0.009 0 3713.dat
0 STEP
1 1 0 0 0 0 0 1 0.655 0.756 0 -0.756 0.655 0 3894.dat

0 FILE 4090 - 1 - upper leg right.ldr
0 1 - upper leg right
0 Name: 1 - upper leg right.ldr
0 Author: Bert Van Raemdonck [BEAVeR]
0 !LDRAW_ORG Unofficial_Model
0 !LICENSE Redistributable under CCAL version 2.0 : see CAreadme.txt

0 !THEME Creator

1 8 0 0 0 -1 0 0 0 0 -1 0 -1 0 6587.dat
1 7 -18 0 0 0 0 1 0 -1 0 1 0 0 3713.dat
0 STEP
1 1 1 34.475 -22.616 0 0 1 0.944 0.329 0 -0.329 0.944 0 3894.dat

0 FILE 4090 - 1 - connection rod.ldr
0 1 - connection rod
0 Name: 1 - connection rod.ldr
0 Author: Bert Van Raemdonck [BEAVeR]
0 !LDRAW_ORG Unofficial_Model
0 !LICENSE Redistributable under CCAL version 2.0 : see CAreadme.txt

0 !THEME Creator

1 15 0 0 0 -1 0 0 0 -0.009 1 0 1 0.009 32013.dat
1 0 0 -50.35 -0.054 0 0 -1 1 0 0 0 -1 0 3705.dat
0 STEP
1 7 0 -80.003 -0.71 1 0 0 0 0.009 1 0 -1 0.009 32126.dat

0 FILE 4090 - 1 - lower leg right.ldr
0 1 - lower leg right
0 Name: 1 - lower leg right.ldr
0 Author: Bert Van Raemdonck [BEAVeR]
0 !LDRAW_ORG Unofficial_Model
0 !LICENSE Redistributable under CCAL version 2.0 : see CAreadme.txt

0 !THEME Creator

1 1 0 0 0 -1 0 0 0 -0.264 0.965 0 0.965 0.264 32014.dat
1 0 0 -48.232 -13.177 0 0 -1 0.965 0.264 0 0.264 -0.965 0 3705.dat
0 STEP
1 73 0 -96.465 -26.354 1 0 0 0 -0.126 0.992 0 -0.992 -0.126 32016.dat
0 STEP
1 7 10 -96.464 -26.349 -1 0 0 0 0.329 0.944 0 0.944 -0.329 3673.dat
1 19 10 0 0 1 0 0 0 0 1 0 -1 0 3749.dat

0 FILE 4090 - 1 - lower leg left.ldr
0 1 - lower leg left
0 Name: 1 - lower leg left.ldr
0 Author: Bert Van Raemdonck [BEAVeR]
0 !LDRAW_ORG Unofficial_Model
0 !LICENSE Redistributable under CCAL version 2.0 : see CAreadme.txt

0 !THEME Creator

1 1 0 0 0 -1 0 0 0 -0.605 0.796 0 0.796 0.605 32014.dat
1 0 0 -39.816 -30.244 0 0 -1 0.796 0.605 0 0.605 -0.796 0 3705.dat
0 STEP
1 73 0 -79.632 -60.488 1 0 0 0 0.254 0.967 0 -0.967 0.254 32016.dat
0 STEP
1 19 -10 0 0 -1 0 0 0 0 1 0 1 0 3749.dat
1 7 -10 -79.631 -60.477 -1 0 0 0 0.256 0.967 0 0.967 -0.256 3673.dat
