0 FILE 42028 Bulldozer (Model A).ldr
0 42028 Bulldozer (Model A)
0 Name: 42028 Bulldozer (Model A).ldr
0 Year: 2014
0 Author: Splat (aka slfroden)
0 Official Model
0 ROTATION CENTER 0 0 0 1 "Custom" 
0 ROTATION CONFIG 0 0
1 14 0 0 0 1 0 0 0 1 0 0 0 1 Bulldozer.ldr
0
0 FILE Bulldozer.ldr
0 Bulldozer
0 Name: 42028 Bulldozer (Model A)
0 Year: 2014
0 Author: Splat (aka slfroden)
0 Official Model
0 Book 01 - Page 03 - Step 01
0 ROTATION CENTER 0 0 0 1 "Custom" 
0 ROTATION CONFIG 0 0
1 0 0 160 40 1 0 0 0 0 1 0 -1 0 32009.dat
1 71 0 0 0 0 0 -1 0 1 0 1 0 0 32073.dat
1 0 0 40 30 0 -1 0 0 0 -1 1 0 0 2780.dat
1 0 0 100 30 0 1 0 0 0 1 1 0 0 2780.dat
0 STEP
0 Book 01 - Page 03 - Step 02
1 16 0 40 20 1 0 0 0 -1 0 0 0 -1 42003.dat
1 1 10 60 20 -1 0 0 0 1 0 0 0 -1 43093.dat
0 STEP
0 Book 01 - Page 04 - Step 03
1 1 60 100 30 0 -1 0 0 0 1 -1 0 0 43093.dat
1 0 0 0 20 -1 0 0 0 0 -1 0 -1 0 60483.dat
1 16 60 100 20 0 0 -1 -1 0 0 0 1 0 32140.dat
0 STEP
0 Book 01 - Page 04 - Step 04
1 0 20 100 20 0 1 0 0 0 1 1 0 0 32054.dat
1 72 20 100 -20 0 -1 0 0 0 -1 1 0 0 11214.dat
0 STEP
0 Book 01 - Page 05 - Step 05
1 72 20 10 0 0 -1 0 1 0 0 0 0 1 55013.dat
1 71 0 80 0 0 1 0 0 0 -1 -1 0 0 6536.dat
1 71 20 60 0 0 -1 0 0 0 -1 1 0 0 3713.dat
1 71 20 30 0 -1 0 0 0 0 -1 0 -1 0 4716.dat
1 71 0 0 0 0 1 0 0 0 -1 -1 0 0 6536.dat
1 0 20 -30 0 0 -1 0 1 0 0 0 0 1 62462.dat
1 0 20 -70 0 0 -1 0 0 0 -1 1 0 0 59443.dat
1 4 20 -90 0 0 -1 0 1 0 0 0 0 1 32062.dat
1 0 20 -110 0 0 -1 0 0 0 -1 1 0 0 59443.dat
1 71 0 80 0 0 -1 0 0 0 -1 1 0 0 44294.dat
0 
0 STEP
0 Book 01 - Page 06 - Step 06
1 16 60 100 -20 0 0 -1 -1 0 0 0 1 0 32140.dat
1 1 60 100 -30 0 1 0 0 0 1 1 0 0 43093.dat
1 0 0 0 -20 -1 0 0 0 0 -1 0 -1 0 60483.dat
0 STEP
0 Book 01 - Page 06 - Step 07
1 71 0 20 0 0 1 0 0 0 -1 -1 0 0 60485.dat
1 72 0 20 0 0 1 0 -1 0 0 0 0 1 10928.dat
0 STEP
0 Book 01 - Page 07 - Step 08
1 71 80 160 0 0 1 0 -1 0 0 0 0 1 32034.dat
1 0 80 160 70 0 1 0 0 0 -1 -1 0 0 3706.dat
1 0 80 160 -70 0 1 0 0 0 -1 -1 0 0 3706.dat
1 0 80 150 0 0 -1 0 -1 0 0 0 0 -1 2780.dat
0 STEP
0 Book 01 - Page 08 - Step 09
1 16 0 40 -20 1 0 0 0 -1 0 0 0 -1 42003.dat
1 0 0 40 -30 0 -1 0 0 0 -1 1 0 0 2780.dat
1 1 10 60 -20 -1 0 0 0 1 0 0 0 -1 43093.dat
1 0 0 160 -40 1 0 0 0 0 1 0 -1 0 32009.dat
1 0 0 100 -30 0 1 0 0 0 1 1 0 0 2780.dat
0 STEP
0 Book 01 - Page 09 - Step 10
1 16 0 60 60 0 0 1 0 -1 0 1 0 0 42003.dat
1 0 10 40 60 -1 0 0 0 0 -1 0 -1 0 2780.dat
1 0 10 60 60 -1 0 0 0 0 -1 0 -1 0 2780.dat
1 16 0 60 -60 0 0 1 0 -1 0 1 0 0 42003.dat
1 0 10 40 -60 -1 0 0 0 0 -1 0 -1 0 2780.dat
1 0 10 60 -60 -1 0 0 0 0 -1 0 -1 0 2780.dat
0 STEP
0 Book 01 - Page 10 - Step 11
1 16 100 160 60 0 0 1 -1 0 0 0 -1 0 32316.dat
1 0 100 160 70 0 0 1 0 1 0 -1 0 0 2780.dat
1 0 140 160 70 0 0 1 0 1 0 -1 0 0 2780.dat
1 1 60 160 60 0 1 0 0 0 -1 -1 0 0 6558.dat
1 16 100 160 -60 0 0 1 1 0 0 0 1 0 32316.dat
1 0 100 160 -70 0 0 1 0 -1 0 1 0 0 2780.dat
1 0 140 160 -70 0 0 1 0 -1 0 1 0 0 2780.dat
1 1 60 160 -60 0 1 0 0 0 1 1 0 0 6558.dat
0 STEP
0 Book 01 - Page 11 - Step 12
1 72 40 160 86 0 1 0 0 0 1 1 0 0 32209.dat
1 16 60 160 80 0 0 1 1 0 0 0 1 0 32523.dat
1 14 40 160 64 0 1 0 -1 0 0 0 0 1 32123b.dat
0 STEP
0 Book 01 - Page 12 - Step 13
1 72 40 160 -86 0 -1 0 0 0 1 -1 0 0 32209.dat
1 16 60 160 -80 0 0 -1 1 0 0 0 -1 0 32523.dat
1 14 40 160 -64 0 -1 0 -1 0 0 0 0 -1 32123b.dat
0 STEP
0 Book 01 - Page 13 - Step 14
1 71 80 160 -100 -1 0 0 0 1 0 0 0 -1 3713.dat
1 71 80 160 100 1 0 0 0 1 0 0 0 1 3713.dat
0 STEP
0 Book 01 - Page 14 - Step 15
1 16 360 160 60 0 0 -1 1 0 0 0 -1 0 32523.dat
1 0 360 160 50 0 0 1 0 -1 0 1 0 0 2780.dat
1 1 340 160 60 0 0 1 0 1 0 -1 0 0 6558.dat
1 72 380 160 89 0 0.309017 -0.951057 0 -0.951057 -0.309017 -1 0 0 87083.dat
1 16 360 160 40 0 0 -1 1 0 0 0 -1 0 32523.dat
1 16 240 160 80 0 0 -1 1 0 0 0 -1 0 32278.dat
0 STEP
0 Book 01 - Page 19 - Step 16
1 16 380 160 0 0 1 0 -1 0 0 0 0 1 Step 16.ldr
0 STEP
0 Book 01 - Page 20 - Step 17
1 16 360 160 -60 0 0 -1 1 0 0 0 -1 0 32523.dat
1 0 360 160 -50 0 0 1 0 1 0 -1 0 0 2780.dat
1 1 340 160 -60 0 0 1 0 -1 0 1 0 0 6558.dat
1 72 380 160 -89 0 -0.309017 -0.951057 0 0.951057 -0.309017 1 0 0 87083.dat
1 16 360 160 -40 0 0 -1 -1 0 0 0 1 0 32523.dat
1 16 240 160 -80 0 0 -1 -1 0 0 0 1 0 32278.dat
0 STEP
0 Book 01 - Page 22 - Step 18
1 1 240 160 90 0 1 0 0 0 1 1 0 0 43093.dat
1 0 240 160 120 0 1 0 0 0 1 1 0 0 32054.dat
1 1 160 160 90 0 1 0 0 0 1 1 0 0 43093.dat
1 0 160 160 120 0 1 0 0 0 1 1 0 0 32054.dat
1 1 240 160 -90 0 -1 0 0 0 1 -1 0 0 43093.dat
1 0 240 160 -120 0 -1 0 0 0 1 -1 0 0 32054.dat
1 1 160 160 -90 0 -1 0 0 0 1 -1 0 0 43093.dat
1 0 160 160 -120 0 -1 0 0 0 1 -1 0 0 32054.dat
0 STEP
0 Book 01 - Page 23 - Step 19
1 0 320 160 100 0 0 1 0 1 0 -1 0 0 87082.dat
1 19 200 160 100 0 0 -1 0 1 0 1 0 0 32556.dat
1 19 120 160 100 0 0 -1 0 1 0 1 0 0 32556.dat
1 0 320 160 -100 0 0 1 0 1 0 -1 0 0 87082.dat
1 19 200 160 -100 0 0 1 0 1 0 -1 0 0 32556.dat
1 19 120 160 -100 0 0 1 0 1 0 -1 0 0 32556.dat
0 STEP
0 Book 01 - Page 24 - Step 20
1 0 380 160 100 -0.951057 -0.309017 0 -0.309017 0.951057 0 0 0 -1 57520.dat
1 71 200 160 100 -1 0 0 0 1 0 0 0 -1 56902.dat
1 71 120 160 100 -1 0 0 0 1 0 0 0 -1 56902.dat
1 0 40 160 100 -1 0 0 0 1 0 0 0 -1 57520.dat
1 0 380 160 -100 0.951057 -0.309017 0 0.309017 0.951057 0 0 0 1 57520.dat
1 71 200 160 -100 1 0 0 0 1 0 0 0 1 56902.dat
1 71 120 160 -100 1 0 0 0 1 0 0 0 1 56902.dat
1 0 40 160 -100 1 0 0 0 1 0 0 0 1 57520.dat
0 STEP
0 Book 01 - Page 25 - Step 21
1 16 120 160 120 0 0 -1 1 0 0 0 -1 0 40490.dat
1 0 140 160 130 0 0 1 0 1 0 -1 0 0 2780.dat
1 16 120 160 -120 0 0 -1 1 0 0 0 -1 0 40490.dat
1 0 140 160 -130 0 0 1 0 1 0 -1 0 0 2780.dat
0 STEP
0 Book 01 - Page 26 - Step 22
1 71 280 160 100 -1 0 0 0 1 0 0 0 -1 56902.dat
1 19 280 160 120 0 0 -1 0 1 0 1 0 0 32556.dat
1 16 300 160 120 0 0 -1 1 0 0 0 -1 0 40490.dat
1 71 280 160 -100 -1 0 0 0 -1 0 0 0 1 56902.dat
1 19 280 160 -120 0 0 -1 0 -1 0 -1 0 0 32556.dat
1 16 300 160 -120 0 0 -1 -1 0 0 0 1 0 40490.dat
0 STEP
0 Book 01 - Page 27 - Step 23
1 16 200 160 140 0 0 -1 1 0 0 0 -1 0 40490.dat
1 16 200 160 -140 0 0 -1 1 0 0 0 -1 0 40490.dat
0 STEP
0 Book 01 - Page 28 - Step 24
1 71 320 160 140 0 1 0 0 0 -1 -1 0 0 32184.dat
1 1 300 160 130 0 1 0 0 0 1 1 0 0 43093.dat
1 1 340 160 130 0 1 0 0 0 1 1 0 0 43093.dat
1 0 320 150 140 0 0 1 1 0 0 0 1 0 2780.dat
1 71 80 160 140 0 1 0 0 0 -1 -1 0 0 32184.dat
1 1 60 160 130 0 1 0 0 0 1 1 0 0 43093.dat
1 1 100 160 130 0 1 0 0 0 1 1 0 0 43093.dat
1 0 80 150 140 0 0 1 1 0 0 0 1 0 2780.dat
1 71 320 160 -140 0 -1 0 0 0 -1 1 0 0 32184.dat
1 1 340 160 -130 0 -1 0 0 0 1 -1 0 0 43093.dat
1 1 300 160 -130 0 -1 0 0 0 1 -1 0 0 43093.dat
1 0 320 150 -140 0 0 -1 1 0 0 0 -1 0 2780.dat
1 71 80 160 -140 0 -1 0 0 0 -1 1 0 0 32184.dat
1 1 100 160 -130 0 -1 0 0 0 1 -1 0 0 43093.dat
1 1 60 160 -130 0 -1 0 0 0 1 -1 0 0 43093.dat
1 0 80 150 -140 0 0 -1 1 0 0 0 -1 0 2780.dat
0 STEP
0 Book 01 - Page 29 - Step 25
1 16 200.009 159.389 180 0 -0.999534 0.0305385 0 -0.0305385 -0.999534 1 0 0 42003.dat
1 0 200.315 149.395 180 -0.0305385 0 0.999534 0.999534 0 0.0305385 0 1 0 2780.dat
1 0 180.324 148.784 180 -0.0305385 0 0.999534 0.999534 0 0.0305385 0 1 0 2780.dat
1 4 220 160 170 0 -0.999534 -0.0305385 0 -0.0305385 0.999534 -1 0 0 32062.dat
1 0 220 160 140 0 -0.999534 -0.0305385 0 -0.0305385 0.999534 -1 0 0 32054.dat
1 16 200.009 159.389 -180 0 -0.999534 0.0305385 0 -0.0305385 -0.999534 1 0 0 42003.dat
1 0 200.315 149.395 -180 -0.0305385 0 0.999534 0.999534 0 0.0305385 0 1 0 2780.dat
1 0 180.324 148.784 -180 -0.0305385 0 0.999534 0.999534 0 0.0305385 0 1 0 2780.dat
1 4 220 160 -170 0 0.999534 -0.0305385 0 0.0305385 0.999534 1 0 0 32062.dat
1 0 220 160 -140 0 0.999534 -0.0305385 0 0.0305385 0.999534 1 0 0 32054.dat
0 STEP
0 Book 01 - Page 30 - Step 26
1 16 320 140 0 -1 0 0 0 1 0 0 0 -1 32278.dat
1 16 80 140 0 -1 0 0 0 1 0 0 0 -1 32278.dat
0 STEP
0 Book 01 - Page 31 - Step 27
1 71 0 20 60 0 -1 0 1 0 0 0 0 1 3713.dat
1 71 0 20 -60 0 1 0 1 0 0 0 0 -1 3713.dat
0 STEP
0 Book 01 - Page 32 - Step 28
1 0 20 0 60 0 -1 0 0 0 1 -1 0 0 11946.dat
1 0 20 0 -60 0 -1 0 0 0 1 -1 0 0 11947.dat
0 STEP
0 Book 01 - Page 44 - Step 29
1 16 60 10 0 1 0 0 0 1 0 0 0 1 Step 29.ldr
0 STEP
0 Book 01 - Page 45 - Step 30
0 STEP
0 Book 01 - Page 46 - Step 31
1 16 100 100 40 0 0 -1 1 0 0 0 -1 0 40490.dat
1 16 100 100 -40 0 0 -1 1 0 0 0 -1 0 40490.dat
0 STEP
0 Book 01 - Page 53 - Step 32
1 16 280 60 0 1 0 0 0 1 0 0 0 1 Step 32.ldr
0 STEP
0 Book 01 - Page 54 - Step 33
0 STEP
0 Book 01 - Page 55 - Step 34
0 STEP
0 Book 01 - Page 56 - Step 35
1 16 438.847 108.295 -40 0.19509 0 -0.980785 0.980785 0 0.19509 0 -1 0 32524.dat
1 16 438.847 28.295 -40 0.19509 0 -0.980785 0.980785 0 0.19509 0 -1 0 32524.dat
1 0 380 40 -60 0.19509 0 0.980785 0.980785 0 -0.19509 0 1 0 33299.dat
0 STEP
0 Book 01 - Page 58 - Step 36
1 16 498 56.5 0 1 0 0 0 1 0 0 0 1 Step 36.ldr
0 STEP
0 Book 01 - Page 59 - Step 37
1 16 438.847 108.295 40 0.19509 0 -0.980785 0.980785 0 0.19509 0 -1 0 32524.dat
1 16 438.847 28.295 40 0.19509 0 -0.980785 0.980785 0 0.19509 0 -1 0 32524.dat
1 0 380 40 60 -0.19509 0 0.980785 -0.980785 0 -0.19509 0 -1 0 33299.dat
0 STEP
0 Book 02 - Page 4 - Step 38
1 16 518 76 0 1 0 0 0 1 0 0 0 1 Step 38.ldr
1 28 518 56 40 0 1 0 -1 0 0 0 0 1 6587.dat
1 28 518 56 -40 0 1 0 -1 0 0 0 0 1 6587.dat
0 STEP
0 Book 02 - Page 05 - Step 39
1 71 180 0 0 0 1 0 0 0 1 1 0 0 44294.dat
1 71 180 0 20 0 0 -1 0 1 0 1 0 0 6536.dat
1 16 179.302 -19.988 0 -0.999391 0 -0.0348995 0.0348995 0 -0.999391 0 -1 0 32523.dat
1 71 180 0 -20 0 0 -1 0 1 0 1 0 0 6536.dat
1 1 178.604 -39.976 0 0 -0.999391 -0.0348995 0 0.0348995 -0.999391 1 0 0 6558.dat
0 STEP
0 Book 02 - Page 8 - Step 40
1 16 0 -20 0 0.994056 0.108867 0 -0.108867 0.994056 0 0 0 1 Step 40.ldr
0 STEP
0 Book 02 - Page 10 - Step 41
1 16 0 -20 0 0.994056 0.108867 0 -0.108867 0.994056 0 0 0 1 Step 41.ldr
0 STEP
0 Book 02 - Page 11 - Step 42
1 0 75.822 -62.507 0 0 0.108867 -0.994056 0 0.994056 0.108867 1 0 0 3941.dat
1 28 78.654 -36.662 0 -0.108867 0 -0.994056 -0.994056 0 0.108867 0 1 0 6587.dat
1 0 74.517 -74.436 0 0 0.108867 -0.994056 0 0.994056 0.108867 1 0 0 4740.dat
0 STEP
0 Book 02 - Page 12 - Step 43
1 0 0 0 100 1 0 0 0 1 0 0 0 1 Step 43.ldr
1 0 0 0 -100 1 0 0 0 1 0 0 0 1 Step 43.ldr
0 STEP
0 Book 02 - Page 16 - Step 44
1 16 340 0 80 1 0 0 0 1 0 0 0 1 Step 44.ldr
0 STEP
0 Book 02 - Page 17 - Step 45
1 0 202.005 -19.899 0 0.994969 0 -0.100188 0.100188 0 0.994969 0 -1 0 60483.dat
1 4 202.005 -19.899 0 0 -0.100188 -0.994969 0 0.994969 -0.100188 1 0 0 32062.dat
1 0 206.012 -59.696 -15 0.994969 0 0.100188 0.100188 0 -0.994969 0 1 0 11478.dat
1 0 206.012 -59.696 15 0.994969 0 0.100188 0.100188 0 -0.994969 0 1 0 11478.dat
0 STEP
0 Book 02 - Page 20 - Step 46
1 16 220 0 0 1 0 0 0 1 0 0 0 1 Step 46.ldr
0 STEP
0 Book 02 - Page 21 - Step 47
1 0 200 0 -40 0 -1 0 0 0 1 -1 0 0 32054.dat
1 16 180 0 -35 0 0 1 -1 0 0 0 -1 0 6632.dat
1 16 180 0 -45 0 0 1 -1 0 0 0 -1 0 6632.dat
0 STEP
0 Book 02 - Page 23 - Step 48
1 16 340 0 0 1 0 0 0 1 0 0 0 1 Step 48.ldr
0 STEP
0 Book 02 - Page 26 - Step 49
1 16 250 -100 0 1 0 0 0 1 0 0 0 1 Step 49.ldr
0 STEP
0 Book 02 - Page 27 - Step 50
1 4 210.02 -99.497 0 0 -0.100188 -0.994969 0 0.994969 -0.100188 1 0 0 32062.dat
0 STEP
0 Book 02 - Page 28 - Step 51
1 0 240 -20 -40 0 -0.766044 0.642788 1 0 0 0 0.642788 0.766044 32054.dat
1 0 224.678 -20 -27.142 -0.642788 0 0.766044 0 1 0 -0.766044 0 -0.642788 60483.dat
1 0 240 -70 -40 0 0.766044 0.642788 -1 0 0 0 -0.642788 0.766044 3705.dat
1 0 240.001 -20 40 0 -0.766044 -0.642788 1 0 0 0 -0.642788 0.766044 32054.dat
1 0 224.678 -20 27.142 0.642788 0 0.766044 0 1 0 -0.766044 0 0.642788 60483.dat
1 0 240 -70 40 0 0.766044 -0.642788 -1 0 0 0 0.642788 0.766044 3705.dat
0 STEP
0 Book 02 - Page 31 - Step 52
1 16 -19.881 -17.823 0 0.126199 0.992005 0 -0.992005 0.126199 0 0 0 1 Step 52.ldr
0 STEP
0 Book 02 - Page 32 - Step 53
1 0 0 120 50 0 0 -1 0 1 0 1 0 0 2780.dat
1 0 0 120 -50 0 0 -1 0 1 0 1 0 0 2780.dat
1 16 -17.659 110.612 60 -0.469472 0 -0.882948 0.882948 0 -0.469472 0 -1 0 32523.dat
1 16 -17.659 110.612 -60 -0.469472 0 -0.882948 0.882948 0 -0.469472 0 -1 0 32523.dat
0 STEP
0 Book 02 - Page 33 - Step 54
1 16 19.881 -22.177 -60 0.108867 0 -0.994056 0.994056 0 0.108867 0 -1 0 32316.dat
0 STEP
0 Book 02 - Page 34 - Step 55
1 0 0 20 80 0 0 -1 -1 0 0 0 1 0 33299.dat
1 0 0 20 -80 0 0 -1 1 0 0 0 -1 0 33299.dat
0 STEP
0 Book 02 - Page 59 - Step 56
1 16 220 160 0 0.999534 -0.0305385 0 0.0305385 0.999534 0 0 0 1 Step 56.ldr
0 STEP
0 Book 02 - Page 60 - Step 57
0
0 FILE Step 16.ldr
0 Step 16
0 Name: 42028 Bulldozer (Model A)
0 Year: 2014
0 Author: Splat (aka slfroden)
0 Official Model
0 Book 01 - Page 15 - Step 01
0 ROTATION CENTER 0 0 0 1 "Custom" 
0 ROTATION CONFIG 0 0
1 16 80 0 20 0 0 -1 1 0 0 0 -1 0 40490.dat
1 0 40 0 30 0 0 1 0 -1 0 1 0 0 2780.dat
0 STEP
0 Book 01 - Page 15 - Step 02
1 72 0 0 20 0 1 0 0 0 -1 -1 0 0 11214.dat
1 0 0 0 -20 0 -1 0 0 0 1 -1 0 0 32054.dat
1 0 60 0 0 0 0 1 0 1 0 -1 0 0 87082.dat
0 STEP
0 Book 01 - Page 16 - Step 03
1 72 150 -20 0 -1 0 0 0 1 0 0 0 -1 55013.dat
1 71 80 0 0 0 0 1 0 -1 0 1 0 0 6536.dat
1 71 100 -20 0 0 0 1 0 1 0 -1 0 0 3713.dat
1 71 130 -20 0 0 0 1 -1 0 0 0 -1 0 4716.dat
1 71 160 0 0 0 0 1 0 -1 0 1 0 0 6536.dat
1 0 190 -20 0 -1 0 0 0 -1 0 0 0 1 62462.dat
1 0 220 -20 0 0 0 -1 0 -1 0 -1 0 0 32270.dat
1 71 80 0 0 0 0 -1 0 -1 0 -1 0 0 32073.dat
1 71 160 0 0 0 0 -1 0 -1 0 -1 0 0 44294.dat
0 STEP
0 Book 01 - Page 17 - Step 04
1 71 120 0 0 0 -0.19509 -0.980786 0 -0.980786 0.19509 -1 0 0 44294.dat
1 72 120 0 0 0.980786 -0.19509 0 -0.19509 -0.980786 0 0 0 -1 10928.dat
0 STEP
0 Book 01 - Page 17 - Step 05
1 16 80 0 -20 0 0 -1 1 0 0 0 -1 0 40490.dat
1 0 40 0 -30 0 0 1 0 -1 0 1 0 0 2780.dat
0 STEP
0 Book 01 - Page 18 - Step 06
1 0 160 0 40 -1 0 0 0 0 -1 0 -1 0 60483.dat
1 0 160 -20 50 0 -1 0 0 0 -1 1 0 0 2780.dat
1 0 160 0 -40 -1 0 0 0 0 -1 0 -1 0 60483.dat
1 0 160 -20 -50 0 -1 0 0 0 -1 1 0 0 2780.dat
0 STEP
0 Book 01 - Page 18 - Step 07
1 16 80 -20 -40 0 0 1 0 -1 0 1 0 0 42003.dat
1 16 80 -20 40 0 0 1 0 -1 0 1 0 0 42003.dat
0
0 FILE Step 29.ldr
0 Step 29
0 Name: 42028 Bulldozer (Model A)
0 Year: 2014
0 Author: Splat (aka slfroden)
0 Official Model
0 Book 01 - Page 33 - Step 01
0 ROTATION CENTER 0 0 0 1 "Custom" 
0 ROTATION CONFIG 0 0
1 71 60 10.466 52.8 -1 0 0 0 0.598325 -0.801254 0 -0.801254 -0.598325 Step 29 Pistons.ldr
0 STEP
0 Book 01 - Page 33 - Step 02
1 0 10 10 20 1 0 0 0 0.598325 0.801254 0 -0.801254 0.598325 2780.dat
1 0 10 42.053 43.931 1 0 0 0 0.598325 0.801254 0 -0.801254 0.598325 2780.dat
0 STEP
0 Book 01 - Page 34 - Step 03
1 71 100 0 0 0 0 -1 0 1 0 1 0 0 32333.dat
1 1 90 42 44 -1 0 0 0 0 1 0 1 0 4274.dat
1 1 90 42 -44 -1 0 0 0 0 1 0 1 0 4274.dat
1 1 100 10 20 -1 0 0 0 1 0 0 0 -1 6558.dat
1 1 100 10 -20 -1 0 0 0 1 0 0 0 -1 6558.dat
0 STEP
0 Book 01 - Page 35 - Step 04
1 71 0 50 -10 0 0 -1 0 -1 0 -1 0 0 2853.dat
1 4 30 50 -10 -1 0 0 0 -1 0 0 0 1 32062.dat
1 71 30 50 -10 0 0 1 -0.882948 0.469472 0 -0.469472 -0.882948 0 2852.dat
1 71 30 50 -10 0 0 -1 -0.707107 0.707107 0 0.707107 0.707107 0 2852.dat
1 19 50 50 0 0 0 -1 0 -1 0 -1 0 0 2854.dat
1 71 70 50 10 0 0 1 -0.707107 0.707107 0 -0.707107 -0.707107 0 2852.dat
1 71 70 50 10 0 0 -1 -0.882948 0.469472 0 0.469472 0.882948 0 2852.dat
1 71 70 50 0 0 0 -1 0 -1 0 -1 0 0 2853.dat
1 0 120 50 0 1 0 0 0 -1 0 0 0 -1 3705.dat
0 STEP
0 Book 01 - Page 36 - Step 05
1 71 40 10.466 -52.8 1 0 0 0 0.598325 -0.801254 0 0.801254 0.598325 Step 29 Pistons.ldr
1 0 10 42.053 -43.931 -1 0 0 0 0.598325 0.801254 0 0.801254 -0.598325 2780.dat
1 0 10 10 -20 -1 0 0 0 0.598325 0.801254 0 0.801254 -0.598325 2780.dat
0 STEP
0 Book 01 - Page 37 - Step 06
1 71 0 0 0 0 0 -1 0 1 0 1 0 0 32333.dat
1 0 -10 50 20 -1 0 0 0 -1 0 0 0 1 2780.dat
1 0 -10 50 -20 -1 0 0 0 -1 0 0 0 1 2780.dat
1 0 -30 50 20 -1 0 0 0 -1 0 0 0 1 62462.dat
1 0 -30 50 -20 -1 0 0 0 -1 0 0 0 1 62462.dat
0 STEP
0 Book 01 - Page 40 - Step 10
1 16 120 70 0 1 0 0 0 1 0 0 0 1 Step 29.10.ldr
0 STEP
0 Book 01 - Page 40 - Step 11
1 71 140 90 0 0 0 1 -0.19509 0.980785 0 -0.980785 -0.19509 0 94925.dat
1 14 155 90 0 0 0 1 -0.980785 -0.19509 0 0.19509 -0.980785 0 32123b.dat
0 STEP
0 Book 01 - Page 41 - Step 12
1 71 170 90 0 0 0 -1 0.19509 0.980785 0 0.980785 -0.19509 0 3713.dat
1 71 210 90 0 0 0 1 -0.980785 -0.19509 0 0.19509 -0.980785 0 32034.dat
0 STEP
0 Book 01 - Page 41 - Step 13
1 72 277 90 0 1 0 0 0 0.980785 0.19509 0 -0.19509 0.980785 32209.dat
0 STEP
0 Book 01 - Page 42 - Step 14
1 0 260 90 0 0 0 -1 0.19509 0.980785 0 0.980785 -0.19509 0 32270.dat
0 STEP
0 Book 01 - Page 42 - Step 15
1 71 280 90 0 0 0 -1 0.19509 0.980785 0 0.980785 -0.19509 0 3713.dat
1 71 300 90 0 0 0 -1 0.19509 0.980785 0 0.980785 -0.19509 0 3713.dat
0 STEP
0 Book 01 - Page 43 - Step 16
1 71 140 50 0 0 0 1 0 -1 0 1 0 0 94925.dat
0 STEP
0 Book 01 - Page 43 - Step 17
1 16 140 70 40 0 1 0 0 0 1 1 0 0 42003.dat
1 16 140 70 -40 0 1 0 0 0 1 1 0 0 42003.dat
0
0 FILE Step 29 Pistons.ldr
0 Step 29 Pistons
0 Name: 42028 Bulldozer (Model A)
0 Year: 2014
0 Author: Splat (aka slfroden)
0 Official Model
0 ROTATION CENTER 0 0 0 1 "Custom" 
0 ROTATION CONFIG 0 0
1 71 -10 0 0 0 0 -1 0 1 0 1 0 0 2850.dat
1 0 10 26 -20 1 0 0 0 1 0 0 0 1 2780.dat
1 0 10 26 20 1 0 0 0 1 0 0 0 1 2780.dat
0 STEP
1 71 30 0 0 0 0 -1 0 1 0 1 0 0 2850.dat
0 STEP
1 14 -10 17 0 1 0 0 0 1 0 0 0 1 2851.dat
1 14 30 36 0 1 0 0 0 1 0 0 0 1 2851.dat
0
0 FILE Step 29.10.ldr
0 Step 29.10
0 Name: 42028 Bulldozer (Model A)
0 Year: 2014
0 Author: Splat (aka slfroden)
0 Official Model
0 Book 01 - Page 38 - Step 01
0 ROTATION CENTER 0 0 0 1 "Custom" 
0 ROTATION CONFIG 0 0
1 71 0 0 0 0 0 -1 0 1 0 1 0 0 32073.dat
1 71 0 0 0 0 0 -1 0 -1 0 -1 0 0 63869.dat
0 STEP
0 Book 01 - Page 38 - Step 02
1 72 0 30 15 -1 0 0 0 0 1 0 1 0 32449.dat
1 72 0 30 25 -1 0 0 0 0 1 0 1 0 32449.dat
0 STEP
0 Book 01 - Page 38 - Step 03
1 71 0 60 0 0 -1 0 0 0 1 -1 0 0 44294.dat
1 71 0 60 40 -1 0 0 0 1 0 0 0 -1 3713.dat
1 0 0 60 60 1 0 0 0 0 1 0 -1 0 60483.dat
0 STEP
0 Book 01 - Page 38 - Step 04
1 16 0 40 0 0 0 1 0 -1 0 1 0 0 42003.dat
0 STEP
0 Book 01 - Page 39 - Step 05
1 72 0 30 -15 -1 0 0 0 0 1 0 1 0 32449.dat
1 72 0 30 -25 -1 0 0 0 0 1 0 1 0 32449.dat
0 STEP
0 Book 01 - Page 39 - Step 06
1 71 0 60 -40 -1 0 0 0 1 0 0 0 -1 3713.dat
1 0 0 60 -60 -1 0 0 0 0 1 0 1 0 60483.dat
0 STEP
0 Book 01 - Page 39 - Step 07
1 4 0 80 60 0 0 1 0 -1 0 1 0 0 32054.dat
1 4 0 80 -60 0 0 1 0 1 0 -1 0 0 32054.dat
0 STEP
0 Book 01 - Page 39 - Step 08
1 16 -20 30 0 0 1 0 0 0 -1 -1 0 0 43857.dat
1 72 26 20 0 1 0 0 0 0.980785 0.19509 0 -0.19509 0.980785 32209.dat
1 0 -10 40 0 1 0 0 0 0 -1 0 1 0 2780.dat
0 STEP
0 Book 01 - Page 40 - Step 09
1 0 0 20 30 0 -1 0 0 0 -1 1 0 0 2780.dat
1 0 -10 -20 20 -1 0 0 0 0 -1 0 -1 0 2780.dat
1 0 0 20 -30 0 1 0 0 0 -1 -1 0 0 2780.dat
1 0 -10 -20 -20 -1 0 0 0 0 -1 0 -1 0 2780.dat
0
0 FILE Step 32.ldr
0 Step 32
0 Name: 42028 Bulldozer (Model A)
0 Year: 2014
0 Author: Splat (aka slfroden)
0 Official Model
0 Book 01 - Page 47 - Step 01
0 ROTATION CENTER 0 0 0 1 "Custom" 
0 ROTATION CONFIG 0 0
1 71 0 0 0 0 0 1 0 -1 0 1 0 0 64179.dat
1 0 -20 10 40 0 0 1 1 0 0 0 1 0 2780.dat
1 0 20 10 40 0 0 1 1 0 0 0 1 0 2780.dat
1 0 -20 10 -40 0 0 1 1 0 0 0 1 0 2780.dat
1 0 20 10 -40 0 0 1 1 0 0 0 1 0 2780.dat
0 STEP
0 Book 01 - Page 47 - Step 02
1 19 50 0 0 -1 0 0 0 -0.0392598 -0.999229 0 -0.999229 0.0392598 3749.dat
1 19 40 0 0 0 0 1 0.999229 0.0392598 0 -0.0392598 0.999229 0 32269.dat
0 STEP
0 Book 01 - Page 48 - Step 03
1 72 0 0 0 0.55557 0.83147 0 0.83147 -0.55557 0 0 0 -1 62821.dat
1 19 -14.135 9.445 0 0.53664 0.143792 0.83147 0.803138 0.2152 -0.55557 -0.258819 0.965926 0 6589.dat
1 19 0 0 -17 0 -1 0 1 0 0 0 0 1 6589.dat
1 19 0 0 17 0 1 0 1 0 0 0 0 -1 6589.dat
1 71 0 0 80 0 1 0 0 0 1 1 0 0 44294.dat
1 71 0 0 -80 0 1 0 0 0 1 1 0 0 44294.dat
0 STEP
0 Book 01 - Page 48 - Step 04
1 14 0 0 55 0 1 0 1 0 0 0 0 -1 32123b.dat
1 14 0 0 65 0 1 0 1 0 0 0 0 -1 32123b.dat
1 14 0 0 -55 0 1 0 1 0 0 0 0 -1 32123b.dat
1 14 0 0 -65 0 1 0 1 0 0 0 0 -1 32123b.dat
0 STEP
0 Book 01 - Page 49 - Step 05
1 71 0 20 60 1 0 0 0 0 1 0 -1 0 63869.dat
1 71 0 20 -60 -1 0 0 0 0 1 0 1 0 63869.dat
0 STEP
0 Book 01 - Page 49 - Step 06
1 71 0 20 60 -1 0 0 0 0 1 0 1 0 4519.dat
1 71 0 20 -60 -1 0 0 0 0 1 0 1 0 4519.dat
0 STEP
0 Book 01 - Page 49 - Step 07
1 16 20 60 -60 0 1 0 0 0 -1 -1 0 0 32140.dat
1 71 0 60 -60 1 0 0 0 0 1 0 -1 0 4519.dat
1 0 0 0 -80 1 0 0 0 0 1 0 -1 0 87082.dat
0 STEP
0 Book 01 - Page 50 - Step 08
1 16 20 60 60 0 -1 0 0 0 -1 1 0 0 32140.dat
1 71 0 60 60 -1 0 0 0 0 1 0 1 0 4519.dat
1 0 0 0 80 -1 0 0 0 0 1 0 1 0 87082.dat
0 STEP
0 Book 01 - Page 50 - Step 09
1 16 0 80 -60 -1 0 0 0 1 0 0 0 -1 42003.dat
1 16 0 80 60 -1 0 0 0 1 0 0 0 -1 42003.dat
0 STEP
0 Book 01 - Page 50 - Step 10
1 16 -20 60 -60 0 1 0 0 0 -1 -1 0 0 32140.dat
1 16 -20 60 60 0 -1 0 0 0 -1 1 0 0 32140.dat
0 STEP
0 Book 01 - Page 51 - Step 11
1 0 0 0 -100 1 0 0 0 1 0 0 0 1 57520.dat
1 0 0 0 100 -1 0 0 0 1 0 0 0 -1 57520.dat
0 STEP
0 Book 01 - Page 51 - Step 12
1 71 0 0 120 0 -1 0 -1 0 0 0 0 -1 3713.dat
1 71 0 0 -120 0 1 0 -1 0 0 0 0 1 3713.dat
0 STEP
0 Book 01 - Page 51 - Step 13
1 16 0 0 -135 -1 0 0 0 -1 0 0 0 1 4185.dat
1 16 0 0 135 -1 0 0 0 -1 0 0 0 1 4185.dat
0 STEP
0 Book 01 - Page 52 - Step 14
1 4 0 100 -60 0 0 -1 0 -1 0 -1 0 0 32054.dat
1 4 0 100 60 0 0 1 0 -1 0 1 0 0 32054.dat
0 STEP
0 Book 01 - Page 52 - Step 15
1 4 60 0 40 0 -1 0 1 0 0 0 0 1 32054.dat
1 4 -60 0 40 0 -1 0 1 0 0 0 0 1 32054.dat
1 4 60 0 -40 0 -1 0 1 0 0 0 0 1 32054.dat
1 4 -60 0 -40 0 -1 0 1 0 0 0 0 1 32054.dat
0
0 FILE Step 36.ldr
0 Step 36
0 Name: 42028 Bulldozer (Model A)
0 Year: 2014
0 Author: Splat (aka slfroden)
0 Official Model
0 Book 01 - Page 57 - Step 01
0 ROTATION CENTER 0 0 0 1 "Custom" 
0 ROTATION CONFIG 0 0
1 16 0 0 20 1 0 0 0 0 1 0 -1 0 32316.dat
1 0 0 20 20 0 0 -1 0 1 0 1 0 0 32054.dat
1 0 0 -20 20 0 0 -1 0 1 0 1 0 0 32054.dat
0 STEP
0 Book 01 - Page 57 - Step 02
1 72 0 20 -20 0 0 -1 0 1 0 1 0 0 11214.dat
1 72 0 -20 -20 0 0 -1 0 1 0 1 0 0 11214.dat
0 STEP
0 Book 01 - Page 57 - Step 03
1 16 0 0 -20 1 0 0 0 0 1 0 -1 0 32316.dat
0 STEP
0 Book 01 - Page 57 - Step 04
1 71 20 0 40 0 -1 0 -1 0 0 0 0 -1 63869.dat
1 71 20 0 -40 0 -1 0 -1 0 0 0 0 -1 63869.dat
0 STEP
0 Book 01 - Page 58 - Step 05
1 71 0 40 30 0 -1 0 0 0 -1 1 0 0 3673.dat
1 71 0 -40 30 0 -1 0 0 0 -1 1 0 0 3673.dat
1 71 0 40 -30 0 -1 0 0 0 -1 1 0 0 3673.dat
1 71 0 -40 -30 0 -1 0 0 0 -1 1 0 0 3673.dat
0
0 FILE Step 38.ldr
0 Step 38
0 Name: 42028 Bulldozer (Model A)
0 Year: 2014
0 Author: Splat (aka slfroden)
0 Official Model
0 Book 02 - Page 02 - Step 01
0 ROTATION CENTER 0 0 0 1 "Custom" 
0 ROTATION CONFIG 0 0
1 16 0 0 0 1 0 0 0 1 0 0 0 1 32525.dat
1 1 0 -20 80 0 1 0 -1 0 0 0 0 1 6558.dat
1 1 0 -20 0 0 1 0 -1 0 0 0 0 1 6558.dat
1 1 0 -20 -80 0 1 0 -1 0 0 0 0 1 6558.dat
0 STEP
0 Book 02 - Page 02 - Step 02
1 0 0 -20 80 0 1 0 0 0 1 1 0 0 92907.dat
1 71 20 -60 80 -1 0 0 0 0 1 0 1 0 32271.dat
1 4 20 -20 80 0 1 0 0 0 -1 -1 0 0 32062.dat
1 4 20 -40 80 0 1 0 0 0 -1 -1 0 0 32062.dat
1 0 0 -20 0 0 1 0 0 0 1 1 0 0 92907.dat
1 71 20 -60 0 -1 0 0 0 0 1 0 1 0 32271.dat
1 4 20 -20 0 0 1 0 0 0 -1 -1 0 0 32062.dat
1 4 20 -40 0 0 1 0 0 0 -1 -1 0 0 32062.dat
1 0 0 -20 -80 0 1 0 0 0 1 1 0 0 92907.dat
1 71 20 -60 -80 -1 0 0 0 0 1 0 1 0 32271.dat
1 4 20 -20 -80 0 1 0 0 0 -1 -1 0 0 32062.dat
1 4 20 -40 -80 0 1 0 0 0 -1 -1 0 0 32062.dat
0 STEP
0 Book 02 - Page 03 - Step 03
1 16 0 -40 0 1 0 0 0 1 0 0 0 1 32525.dat
0 STEP
0 Book 02 - Page 03 - Step 04
0 Apply Sticker 4
0 Apply Sticker 7
0
0 FILE Step 40.ldr
0 Step 40
0 Name: 42028 Bulldozer (Model A)
0 Year: 2014
0 Author: Splat (aka slfroden)
0 Official Model
0 Book 02 - Page 06 - Step 01
0 ROTATION CENTER 0 0 0 1 "Custom" 
0 ROTATION CONFIG 0 0
1 16 20 0 60 0 0 1 1 0 0 0 1 0 32316.dat
1 1 0 0 40 0 1 0 0 0 -1 -1 0 0 6558.dat
1 0 60 0 50 0 0 1 0 1 0 -1 0 0 2780.dat
0 STEP
0 Book 02 - Page 06 - Step 02
1 16 60 0 40 0 0 1 1 0 0 0 1 0 32524.dat
0 STEP
0 Book 02 - Page 06 - Step 03
1 0 20 0 30 0 0 1 0 1 0 -1 0 0 2780.dat
1 0 120 0 30 0 0 1 0 1 0 -1 0 0 2780.dat
0 STEP
0 Book 02 - Page 07 - Step 04
1 16 100 0 20 0 0 1 1 0 0 0 1 0 40490.dat
0 STEP
0 Book 02 - Page 07 - Step 05
1 1 60 0 0 0 1 0 0 0 -1 -1 0 0 6558.dat
1 1 40 0 0 0 1 0 0 0 -1 -1 0 0 6558.dat
0 STEP
0 Book 02 - Page 07 - Step 06
1 16 60 0 0 0 -1 0 1 0 0 0 0 1 42003.dat
0
0 FILE Step 41.ldr
0 Step 41
0 Name: 42028 Bulldozer (Model A)
0 Year: 2014
0 Author: Splat (aka slfroden)
0 Official Model
0 Book 02 - Page 09 - Step 01
0 ROTATION CENTER 0 0 0 1 "Custom" 
0 ROTATION CONFIG 0 0
1 16 100 0 -20 0 0 1 1 0 0 0 1 0 40490.dat
1 0 120 0 -30 0 0 1 0 1 0 -1 0 0 2780.dat
1 0 20 0 -30 0 0 1 0 1 0 -1 0 0 2780.dat
0 STEP
0 Book 02 - Page 09 - Step 02
1 16 60 0 -40 0 0 1 1 0 0 0 1 0 32524.dat
0 STEP
0 Book 02 - Page 09 - Step 03
1 1 0 0 -40 0 -1 0 0 0 -1 1 0 0 6558.dat
1 0 60 0 -50 0 0 1 0 1 0 -1 0 0 2780.dat
0
0 FILE Step 43.ldr
0 Step 43
0 Name: 42028 Bulldozer (Model A)
0 Year: 2014
0 Author: Splat (aka slfroden)
0 Official Model
0 ROTATION CENTER 0 0 0 1 "Custom" 
0 ROTATION CONFIG 0 0
1 72 280 30 0 0 0.5 0.866025 0 0.866025 -0.5 -1 0 0 57518.dat
1 72 305.981 45 0 0 -0.5 0.866025 0 0.866025 0.5 -1 0 0 57518.dat
1 72 326.821 66.58 0 0 -0.71934 0.694658 0 0.694658 0.71934 -1 0 0 57518.dat
1 72 347.66 88.16 0 0 -0.71934 0.694658 0 0.694658 0.71934 -1 0 0 57518.dat
1 72 368.5 109.741 0 0 -0.71934 0.694658 0 0.694658 0.71934 -1 0 0 57518.dat
1 72 389.34 131.321 0 0 -0.71934 0.694658 0 0.694658 0.71934 -1 0 0 57518.dat
1 72 409.413 153.615 0 0 -0.743145 0.669131 0 0.669131 0.743145 -1 0 0 57518.dat
1 72 400.144 182.146 0 0 -0.951057 -0.309017 0 -0.309017 0.951057 -1 0 0 57518.dat
1 72 370.798 188.384 0 0 -0.207912 -0.978148 0 -0.978148 0.207912 -1 0 0 57518.dat
1 72 340.801 188.541 0 0 -0.00523596 -0.999986 0 -0.999986 0.00523596 -1 0 0 57518.dat
1 72 310.796 188.696 0 0 -0.00523596 -0.999986 0 -0.999986 0.00523596 -1 0 0 57518.dat
1 72 280.803 188.856 0 0 -0.00523596 -0.999986 0 -0.999986 0.00523596 -1 0 0 57518.dat
1 72 250.8 189.014 0 0 -0.00523596 -0.999986 0 -0.999986 0.00523596 -1 0 0 57518.dat
1 72 220.8 189.172 0 0 -0.00523596 -0.999986 0 -0.999986 0.00523596 -1 0 0 57518.dat
1 72 190.802 189.326 0 0 -0.00523596 -0.999986 0 -0.999986 0.00523596 -1 0 0 57518.dat
1 72 160.799 189.48 0 0 -0.00523596 -0.999986 0 -0.999986 0.00523596 -1 0 0 57518.dat
1 72 130.802 189.638 0 0 -0.00523596 -0.999986 0 -0.999986 0.00523596 -1 0 0 57518.dat
1 72 100.8 189.796 0 0 -0.00523596 -0.999986 0 -0.999986 0.00523596 -1 0 0 57518.dat
1 72 70.804 189.956 0 0 -0.00523596 -0.999986 0 -0.999986 0.00523596 -1 0 0 57518.dat
1 72 40.801 190.11 0 0 -0.00523596 -0.999986 0 -0.999986 0.00523596 -1 0 0 57518.dat
1 72 14.464 175.756 0 0 0.478692 -0.877983 0 -0.877983 -0.478692 -1 0 0 57518.dat
1 72 13.735 145.762 0 0 0.999701 -0.0244322 0 -0.0244322 -0.999701 -1 0 0 57518.dat
1 72 39.343 130.133 0 0 0.52101 0.853551 0 0.853551 -0.52101 -1 0 0 57518.dat
1 72 68.594 123.253 0 0 0.228351 0.973579 0 0.973579 -0.228351 -1 0 0 57518.dat
1 72 98.715 123.112 0 0 0.00872654 0.999962 0 0.999962 -0.00872654 -1 0 0 57518.dat
1 72 128.622 120.759 0 0 0.0784591 0.996917 0 0.996917 -0.0784591 -1 0 0 57518.dat
1 72 157.91 114.263 0 0 0.21644 0.976296 0 0.976296 -0.21644 -1 0 0 57518.dat
1 72 185.624 102.785 0 0 0.382683 0.92388 0 0.92388 -0.382683 -1 0 0 57518.dat
1 72 211.204 87.104 0 0 0.522499 0.85264 0 0.85264 -0.522499 -1 0 0 57518.dat
1 72 234.019 67.623 0 0 0.649448 0.760406 0 0.760406 -0.649448 -1 0 0 57518.dat
1 72 253.897 45.154 0 0 0.748956 0.66262 0 0.66262 -0.748956 -1 0 0 57518.dat
0
0 FILE Step 44.ldr
0 Step 44
0 Name: 42028 Bulldozer (Model A)
0 Year: 2014
0 Author: Splat (aka slfroden)
0 Official Model
0 Book 02 - Page 13 - Step 01
0 ROTATION CENTER 0 0 0 1 "Custom" 
0 ROTATION CONFIG 0 0
1 16 0 0 0 0 0 -1 1 0 0 0 -1 0 32271.dat
1 0 -100 0 -10 0 0 -1 0 -1 0 -1 0 0 2780.dat
1 1 -20 0 -20 0 0 -1 0 -1 0 -1 0 0 6558.dat
0 STEP
0 Book 02 - Page 13 - Step 02
1 16 -60 0 -20 0 0 -1 -1 0 0 0 1 0 32525.dat
0 STEP
0 Book 02 - Page 13 - Step 03
1 71 -30 -20 -40 -1 0 0 0 1 0 0 0 -1 32557.dat
1 0 -40 0 -40 0 1 0 0 0 1 1 0 0 32054.dat
0 STEP
0 Book 02 - Page 13 - Step 04
1 1 -50 -20 -40 -1 0 0 0 -1 0 0 0 1 6558.dat
1 1 -50 -40 -40 -1 0 0 0 -1 0 0 0 1 6558.dat
0 STEP
0 Book 02 - Page 14 - Step 05
0 Apply Sticker 6
1 16 -50 -20 -20 0 0 1 0 1 0 -1 0 0 87086.dat
0 STEP
0 Book 02 - Page 14 - Step 06
1 16 -70 -30 -40 0 -1 0 0 0 1 -1 0 0 43857.dat
0 STEP
0 Book 02 - Page 14 - Step 07
1 16 -160 0 -35 0 0 1 -1 0 0 0 -1 0 6632.dat
1 16 -160 0 -45 0 0 1 -1 0 0 0 -1 0 6632.dat
1 0 -140 0 -40 0 1 0 0 0 1 1 0 0 32054.dat
1 1 -140 0 -70 0 1 0 0 0 1 1 0 0 43093.dat
0 STEP
0 Book 02 - Page 15 - Step 08
1 71 -40 0 -80 0 -1 0 0 0 1 -1 0 0 4519.dat
1 0 -40 0 -120 0 -1 0 0 0 1 -1 0 0 32054.dat
0 STEP
0 Book 02 - Page 15 - Step 09
0 Apply Sticker 2
0
0 FILE Step 46.ldr
0 Step 46
0 Name: 42028 Bulldozer (Model A)
0 Year: 2014
0 Author: Splat (aka slfroden)
0 Official Model
0 Book 02 - Page 18 - Step 01
0 ROTATION CENTER 0 0 0 1 "Custom" 
0 ROTATION CONFIG 0 0
1 71 0 0 0 0 0 -1 0 1 0 1 0 0 44294.dat
1 0 0 0 0 0 0 1 0 -1 0 1 0 0 6553.dat
0 STEP
0 Book 02 - Page 18 - Step 02
1 72 30 0 15 0 0 1 1 0 0 0 1 0 32449.dat
1 72 30 0 25 0 0 1 1 0 0 0 1 0 32449.dat
0 STEP
0 Book 02 - Page 18 - Step 03
1 71 60 0 0 0 0 -1 0 1 0 1 0 0 44294.dat
0 STEP
0 Book 02 - Page 19 - Step 04
1 71 20 0 0 0 1 0 0 0 1 1 0 0 4519.dat
1 1 20 -20 5 1 0 0 0 0 1 0 -1 0 41677.dat
1 1 20 -20 -5 1 0 0 0 0 1 0 -1 0 41677.dat
1 4 20 -20 0 0 -1 0 0 0 1 -1 0 0 32062.dat
1 1 20 -20 15 0 0 1 -1 0 0 0 -1 0 41677.dat
1 4 40 -20 0 0 -1 0 0 0 1 -1 0 0 32062.dat
1 1 40 -60 0 1 0 0 0 0 1 0 -1 0 32140.dat
1 1 20 -20 -15 0 0 1 -1 0 0 0 -1 0 41677.dat
0 STEP
0 Book 02 - Page 19 - Step 05
1 72 30 0 -15 0 0 1 1 0 0 0 1 0 32449.dat
1 72 30 0 -25 0 0 1 1 0 0 0 1 0 32449.dat
0 STEP
0 Book 02 - Page 20 - Step 06
1 16 40 0 40 0 -1 0 0 0 1 -1 0 0 42003.dat
1 16 40 0 -40 0 -1 0 0 0 1 -1 0 0 42003.dat
0
0 FILE Step 48.ldr
0 Step 48
0 Name: 42028 Bulldozer (Model A)
0 Year: 2014
0 Author: Splat (aka slfroden)
0 Official Model
0 Book 02 - Page 22 - Step 01
0 ROTATION CENTER 0 0 0 1 "Custom" 
0 ROTATION CONFIG 0 0
1 71 -30 -20 -40 -1 0 0 0 1 0 0 0 -1 32557.dat
1 1 -50 -40 -40 -1 0 0 0 -1 0 0 0 1 6558.dat
1 1 -50 -20 -40 -1 0 0 0 -1 0 0 0 1 6558.dat
1 1 -20 0 -60 0 0 -1 0 -1 0 -1 0 0 6558.dat
0 STEP
0 Book 02 - Page 22 - Step 02
1 16 -50 -20 -60 0 0 1 0 1 0 -1 0 0 87080.dat
0 STEP
0 Book 02 - Page 22 - Step 03
1 16 -70 -30 -40 0 -1 0 0 0 1 -1 0 0 43857.dat
0 STEP
0 Book 02 - Page 22 - Step 04
1 16 -60 0 -60 0 0 -1 -1 0 0 0 1 0 32525.dat
1 0 -100 0 -70 0 0 -1 0 -1 0 -1 0 0 2780.dat
0 STEP
0 Book 02 - Page 23 - Step 05
1 16 0 0 -80 0 0 -1 1 0 0 0 -1 0 32271.dat
0 Apply Sticker 5
0 Apply Sticker 2
0
0 FILE Step 49.ldr
0 Step 49
0 Name: 42028 Bulldozer (Model A)
0 Year: 2014
0 Author: Splat (aka slfroden)
0 Official Model
0 Book 02 - Page 24 - Step 01
0 ROTATION CENTER 0 0 0 1 "Custom" 
0 ROTATION CONFIG 0 0
1 0 -0.086 0.173 0 -0.00436331 0 -0.99999 -0.99999 0 0.00436331 0 1 0 32316.dat
1 1 39.915 0 0 0 -0.00436331 -0.99999 0 -0.99999 0.00436331 -1 0 0 6558.dat
1 1 -0.086 0.173 0 0 -0.00436331 -0.99999 0 -0.99999 0.00436331 -1 0 0 6558.dat
0 STEP
0 Book 02 - Page 24 - Step 02
1 0 -20.087 0.259 20 0.00436331 0 0.99999 0.99999 0 -0.00436331 0 1 0 32140.dat
1 0 -20.087 0.259 -20 0.00436331 0 0.99999 0.99999 0 -0.00436331 0 1 0 32140.dat
0 STEP
0 Book 02 - Page 25 - Step 03
1 16 20 40 40 0 -1 0 0 0 -1 1 0 0 32140.dat
1 0 30 0 40 -1 0 0 0 -1 0 0 0 1 2780.dat
1 1 30 40 40 -1 0 0 0 -1 0 0 0 1 43093.dat
1 0 30 -20 60 -1 0 0 0 0 1 0 1 0 2780.dat
1 0 30 -20 40 -1 0 0 0 0 -1 0 -1 0 2780.dat
1 71 40 20 40 0 0 1 0 -1 0 1 0 0 6536.dat
1 1 40 20 30 0 1 0 0 0 1 1 0 0 43093.dat
0 STEP
0 Book 02 - Page 25 - Step 04
1 16 20 40 -40 0 1 0 0 0 -1 -1 0 0 32140.dat
1 0 30 0 -40 -1 0 0 0 -1 0 0 0 1 2780.dat
1 1 30 40 -40 -1 0 0 0 -1 0 0 0 1 43093.dat
1 0 30 -20 -40 -1 0 0 0 0 -1 0 -1 0 2780.dat
1 0 30 -20 -60 -1 0 0 0 0 -1 0 -1 0 2780.dat
1 71 40 20 -40 0 0 1 0 -1 0 1 0 0 6536.dat
1 1 40 20 -30 0 1 0 0 0 -1 -1 0 0 43093.dat
0 STEP
0 Book 02 - Page 26 - Step 06
1 16 40 -20 0 0 1 0 1 0 0 0 0 -1 32524.dat
0
0 FILE Step 52.ldr
0 Step 52
0 Name: 42028 Bulldozer (Model A)
0 Year: 2014
0 Author: Splat (aka slfroden)
0 Official Model
0 Book 02 - Page 29 - Step 01
0 ROTATION CENTER 0 0 0 1 "Custom" 
0 ROTATION CONFIG 0 0
1 71 -20 0 0 0 0 -1 0 1 0 1 0 0 44294.dat
1 71 -100 0 0 0 0 -1 0 1 0 1 0 0 44294.dat
1 0 -60 0 65 0 0 -1 -1 0 0 0 1 0 11478.dat
1 0 -60 0 55 0 0 -1 -1 0 0 0 1 0 11478.dat
0 STEP
0 Book 02 - Page 29 - Step 02
1 0 -60 0 45 0 0 -1 -1 0 0 0 1 0 32065.dat
0 STEP
0 Book 02 - Page 29 - Step 03
1 0 -60 0 30 1 0 0 0 1 0 0 0 1 87761.dat
1 0 -60 0 10 1 0 0 0 1 0 0 0 1 87761.dat
1 0 -60 0 -10 1 0 0 0 1 0 0 0 1 87761.dat
1 0 -60 0 -30 1 0 0 0 1 0 0 0 1 87761.dat
0 STEP
0 Book 02 - Page 29 - Step 04
1 0 -60 0 -45 0 0 -1 -1 0 0 0 1 0 32065.dat
0 STEP
0 Book 02 - Page 30 - Step 05
1 0 -60 0 -55 0 0 -1 -1 0 0 0 1 0 11478.dat
1 0 -60 0 -65 0 0 -1 -1 0 0 0 1 0 11478.dat
0 STEP
0 Book 02 - Page 30 - Step 06
1 19 0 0 50 0 0 -1 0 -1 0 -1 0 0 32002.dat
1 19 0 0 -50 0 0 1 0 -1 0 1 0 0 32002.dat
1 19 -120 0 -50 0 0 1 0 -1 0 1 0 0 32002.dat
1 19 -120 0 50 0 0 -1 0 -1 0 -1 0 0 32002.dat
0 STEP
0 Book 02 - Page 30 - Step 07
1 1 0 -10 30 0 -1 0 -1 0 0 0 0 -1 4274.dat
1 1 0 -10 -30 0 -1 0 -1 0 0 0 0 -1 4274.dat
0 STEP
0 Book 02 - Page 30 - Step 08
1 47 0 -18 30 -1 0 0 0 1 0 0 0 -1 4073.dat
1 47 0 -18 -30 -1 0 0 0 1 0 0 0 -1 4073.dat
0
0 FILE Step 56.ldr
0 Step 56
0 Name: 42028 Bulldozer (Model A)
0 Year: 2014
0 Author: Splat (aka slfroden)
0 Official Model
0 Book 02 - Page 35 - Step 01
0 ROTATION CENTER 0 0 0 1 "Custom" 
0 ROTATION CONFIG 0 0
1 71 -340 20 0 1 0 0 0 1 0 0 0 1 32278.dat
1 1 -340 0 140 0 1 0 -1 0 0 0 0 1 6558.dat
1 0 -340 10 20 0 1 0 -1 0 0 0 0 1 2780.dat
1 0 -340 10 -20 0 1 0 -1 0 0 0 0 1 2780.dat
1 1 -340 0 -140 0 1 0 -1 0 0 0 0 1 6558.dat
0 STEP
0 Book 02 - Page 35 - Step 02
1 16 -340 0 0 -1 0 0 0 -1 0 0 0 1 32523.dat
0 STEP
0 Book 02 - Page 36 - Step 03
1 1 -340 10 40 0 0 -1 -1 0 0 0 1 0 43093.dat
1 1 -340 10 -40 0 0 -1 -1 0 0 0 1 0 43093.dat
1 16 -340 0 40 -1 0 0 0 -1 0 0 0 1 32271.dat
1 16 -340 0 -40 -1 0 0 0 1 0 0 0 -1 32271.dat
1 0 -356 10 172 0 -0.799999 -0.600001 -1 0 0 0 0.600001 -0.799999 2780.dat
1 0 -356 10 -172 0 0.799999 -0.600001 -1 0 0 0 0.600001 0.799999 2780.dat
1 1 -372 10 184 0 -0.799999 -0.600001 -1 0 0 0 0.600001 -0.799999 43093.dat
1 1 -372 10 -184 0 0.799999 -0.600001 -1 0 0 0 0.600001 0.799999 43093.dat
0 STEP
0 Book 02 - Page 37 - Step 04
1 0 -340 10 160 0 0 -1 -1 0 0 0 1 0 2780.dat
1 0 -340 10 -160 0 0 -1 -1 0 0 0 1 0 2780.dat
1 71 -320 20 160 0 -1 0 0 0 1 -1 0 0 6536.dat
1 71 -320 20 -160 0 -1 0 0 0 1 -1 0 0 6536.dat
0 STEP
0 Book 02 - Page 37 - Step 05
1 0 -340 -10 120 0 1 0 -1 0 0 0 0 1 2780.dat
1 0 -340 -10 60 0 1 0 -1 0 0 0 0 1 2780.dat
1 0 -340 -10 -60 0 1 0 -1 0 0 0 0 1 2780.dat
1 0 -340 -10 -120 0 1 0 -1 0 0 0 0 1 2780.dat
0 STEP
0 Book 02 - Page 38 - Step 06
1 16 -340 -20 130 -1 0 0 0 -1 0 0 0 1 43857.dat
1 16 -340 -60 0 0 1 0 0 0 1 1 0 0 64782.dat
1 16 -340 -20 -130 -1 0 0 0 -1 0 0 0 1 43857.dat
0 STEP
0 Book 02 - Page 39 - Step 07
1 1 -340 -40 110 0 0 1 0 -1 0 1 0 0 43093.dat
1 1 -340 -40 -110 0 0 -1 0 -1 0 -1 0 0 43093.dat
1 0 -340 -100 110 0 -1 0 0 0 1 -1 0 0 2780.dat
1 0 -340 -100 -110 0 -1 0 0 0 1 -1 0 0 2780.dat
1 16 -340 -40 120 1 0 0 0 0 -1 0 1 0 32140.dat
1 16 -340 -40 -120 1 0 0 0 0 -1 0 1 0 32140.dat
0 STEP
0 Book 02 - Page 40 - Step 08
1 1 -340 -60 140 0 -1 0 0 0 -1 1 0 0 6558.dat
1 1 -340 -80 140 0 -1 0 0 0 -1 1 0 0 6558.dat
1 1 -340 -60 -140 0 1 0 0 0 -1 -1 0 0 6558.dat
1 1 -340 -80 -140 0 1 0 0 0 -1 -1 0 0 6558.dat
0 STEP
0 Book 02 - Page 41 - Step 09
1 16 -340 -60 140 1 0 0 0 0 -1 0 1 0 32523.dat
1 16 -340 -60 -140 1 0 0 0 0 -1 0 1 0 32523.dat
0 STEP
0 Book 02 - Page 42 - Step 10
1 16 -320 20 140 -1 0 0 0 0 -1 0 -1 0 32271.dat
1 16 -320 20 -140 -1 0 0 0 0 -1 0 -1 0 32271.dat
1 4 -320 20 150 0 1 0 0 0 -1 -1 0 0 32062.dat
1 4 -320 20 -150 0 1 0 0 0 -1 -1 0 0 32062.dat
1 1 -320 -100 140 0 1 0 0 0 -1 -1 0 0 6558.dat
1 1 -320 -100 -140 0 -1 0 0 0 -1 1 0 0 6558.dat
0 STEP
0 Book 02 - Page 43 - Step 11
1 16 -340 -60 160 -1 0 0 0 0 -1 0 -1 0 32316.dat
1 16 -340 -60 -160 -1 0 0 0 0 -1 0 -1 0 32316.dat
0 STEP
0 Book 02 - Page 44 - Step 12
1 19 -320 0 150 0 1 0 0 0 -1 -1 0 0 99008.dat
1 19 -320 0 -150 0 -1 0 0 0 -1 1 0 0 99008.dat
1 1 -320 -20 120 0 1 0 0 0 -1 -1 0 0 6558.dat
1 1 -320 -20 -120 0 -1 0 0 0 -1 1 0 0 6558.dat
1 0 -320 0 120 -1 0 0 0 0 -1 0 -1 0 60483.dat
1 0 -320 0 -120 -1 0 0 0 0 -1 0 -1 0 60483.dat
0 STEP
0 Book 02 - Page 45 - Step 13
1 0 -320 0 160 -1 0 0 0 0 -1 0 -1 0 33299.dat
1 0 -320 0 -160 1 0 0 0 0 -1 0 1 0 33299.dat
0 STEP
0 Book 02 - Page 46 - Step 14
1 16 -344 20 188 -0.600001 0.799999 0 0 0 -1 -0.799999 -0.600001 0 64391.dat
1 16 -344 20 -188 0.600001 0.799999 0 0 0 -1 -0.799999 0.600001 0 64683.dat
0 Apply Sticker 1
0 Apply Sticker 3
0 STEP
0 Book 02 - Page 49 - Step 15
1 16 -320 -20 100 0.990866 -0.134851 0 0.134851 0.990866 0 0 0 1 Step 56.15.ldr
1 16 -320 -20 -100 0.990866 -0.134851 0 0.134851 0.990866 0 0 0 1 Step 56.15.ldr
0 STEP
0 Book 02 - Page 50 - Step 16
1 1 -268.086 -253.129 90 0 -0.134851 0.990866 0 0.990866 0.134851 -1 0 0 43093.dat
1 1 -268.086 -253.129 -90 0 0.254602 -0.967046 0 0.967046 0.254602 1 0 0 43093.dat
0 STEP
0 Book 02 - Page 51 - Step 17
1 0 -268.086 -253.129 80 0 -0.254602 0.967046 0 -0.967046 -0.254602 1 0 0 32291.dat
1 0 -268.086 -253.129 -80 0 -0.254602 0.967046 0 -0.967046 -0.254602 1 0 0 32291.dat
1 1 -282.85 -269.923 90 -0.967046 0 -0.254602 0.254602 0 -0.967046 0 -1 0 4274.dat
1 1 -282.85 -269.923 70 -0.967046 0 -0.254602 0.254602 0 -0.967046 0 -1 0 4274.dat
1 1 -282.85 -269.923 -70 -0.967046 0 -0.254602 0.254602 0 -0.967046 0 -1 0 4274.dat
1 1 -282.85 -269.923 -90 -0.967046 0 -0.254602 0.254602 0 -0.967046 0 -1 0 4274.dat
1 47 -290.586 -267.888 90 0.254602 0.967046 0 0.967046 -0.254602 0 0 0 -1 4073.dat
1 47 -290.586 -267.888 70 0.254602 0.967046 0 0.967046 -0.254602 0 0 0 -1 4073.dat
1 47 -290.586 -267.888 -70 0.254602 0.967046 0 0.967046 -0.254602 0 0 0 -1 4073.dat
1 47 -290.586 -267.888 -90 0.254602 0.967046 0 0.967046 -0.254602 0 0 0 -1 4073.dat
0 STEP
0 Book 02 - Page 52 - Step 18
1 4 -352 -124 130 0 0.799999 -0.600001 0 0.600001 0.799999 1 0 0 32062.dat
1 4 -352 -124 -130 0 0.799999 0.600001 0 0.600001 -0.799999 -1 0 0 32062.dat
1 16 -352 -124 100 -0.799999 -0.600001 0 -0.600001 0.799999 0 0 0 -1 32013.dat
1 16 -352 -124 -100 -0.799999 0.600001 0 -0.600001 -0.799999 0 0 0 1 32013.dat
1 0 -360 -130 100 -0.799999 -0.600001 0 -0.600001 0.799999 0 0 0 -1 2780.dat
1 0 -360 -130 -100 -0.799999 -0.600001 0 -0.600001 0.799999 0 0 0 -1 2780.dat
0 STEP
0 Book 02 - Page 53 - Step 19
1 16 -352 -124 0 -0.600001 0.799999 0 0.799999 0.600001 0 0 0 -1 40490.dat
1 0 -360 -130 80 -0.799999 -0.600001 0 -0.600001 0.799999 0 0 0 -1 2780.dat
1 0 -360 -130 -80 -0.799999 -0.600001 0 -0.600001 0.799999 0 0 0 -1 2780.dat
1 16 -368 -136 0 -0.600001 0.799999 0 0.799999 0.600001 0 0 0 -1 32525.dat
0 STEP
0 Book 02 - Page 54 - Step 20
1 16 -160 -20 180 0 0 -1 0 1 0 1 0 0 32278.dat
