0 FILE 42050 - main.ldr
0 main
0 Name: 42050 - main.ldr
0 Author: Philippe Hurbain [Philo]
0 !LDRAW_ORG Unofficial_Model
0 !LICENSE Redistributable under CCAL version 2.0 : see CAreadme.txt

0 !THEME Technic

0 !LDCAD GROUP_DEF [topLevel=true] [LID=0] [GID=533qv9NZb9u] [name=Group 1] [center=0 0 0]

0 Name: main.ldr
1 4 0 -32.3 3.79 0 -1 0 0.998 0 -0.072 0.072 0 0.998 32278.dat
1 1 20 -22.284 -135.95 1 0 0 0 0.998 -0.072 0 0.072 0.998 6558.dat
1 1 20 -25.146 -96.024 1 0 0 0 0.998 -0.072 0 0.072 0.998 6558.dat
1 0 -10 -39.455 103.604 1 0 0 0 0.998 -0.072 0 0.072 0.998 2780.dat
1 0 -10 -42.317 143.53 1 0 0 0 0.998 -0.072 0 0.072 0.998 2780.dat
1 0 20 -102.135 -141.674 0 1 0 -0.072 0 0.998 0.998 0 0.072 32526.dat
1 71 20 -40.886 123.567 1 0 0 0 -0.072 -0.998 0 0.998 -0.072 87082.dat
1 0 20 -41.602 133.549 0 -1 0 -0.072 0 -0.998 0.998 0 -0.072 2780.dat
0 STEP
1 4 40 -32.3 3.79 0 -1 0 0.998 0 -0.072 0.072 0 0.998 32278.dat
1 0 50 -39.455 103.604 1 0 0 0 0.998 -0.072 0 0.072 0.998 2780.dat
1 0 50 -42.317 143.53 1 0 0 0 0.998 -0.072 0 0.072 0.998 2780.dat
1 1 50 -23.715 -115.987 1 0 0 0 0.998 -0.072 0 0.072 0.998 43093.dat
1 1 50 -26.576 -76.062 1 0 0 0 0.998 -0.072 0 0.072 0.998 43093.dat
1 4 60 -25.146 -96.024 1 0 0 0 -0.072 -0.998 0 0.998 -0.072 32184.dat
1 1 -10 -23.715 -115.987 -1 0 0 0 -0.998 -0.072 0 -0.072 0.998 43093.dat
1 1 -10 -26.576 -76.062 -1 0 0 0 -0.998 -0.072 0 -0.072 0.998 43093.dat
1 4 -20 -25.146 -96.024 -1 0 0 0 -0.072 0.998 0 0.998 0.072 32184.dat
1 1 -20 -45.108 -97.455 0 1 0 -0.998 0 -0.072 -0.072 0 0.998 6558.dat
1 1 60 -45.108 -97.455 0 1 0 -0.998 0 -0.072 -0.072 0 0.998 6558.dat
0 STEP
1 0 20 -45.108 -97.455 0 0 -1 0.072 -0.998 0 -0.998 -0.072 0 32524.dat
1 1 20 -102.135 -141.674 -1 0 0 0 -0.998 -0.072 0 -0.072 0.998 6558.dat
1 72 -20 -65.071 -98.886 -1 0 0 0 -0.998 -0.072 0 -0.072 0.998 18654.dat
1 72 60 -65.071 -98.886 -1 0 0 0 -0.998 -0.072 0 -0.072 0.998 18654.dat
0 STEP
1 71 80 -66.502 -78.924 1 0 0 0 0.072 0.998 0 -0.998 0.072 48989.dat
1 71 -40 -66.502 -78.924 1 0 0 0 0.072 0.998 0 -0.998 0.072 48989.dat
1 72 110 -65.071 -98.886 -1 0 0 0 0.072 -0.998 0 -0.998 -0.072 87083.dat
1 72 -70 -65.071 -98.886 1 0 0 0 -0.072 -0.998 0 0.998 -0.072 87083.dat
1 71 95 -65.071 -98.886 0 0 -1 -0.998 -0.072 0 -0.072 0.998 0 32123a.dat
1 71 -55 -65.071 -98.886 0 0 -1 -0.998 -0.072 0 -0.072 0.998 0 32123a.dat
1 71 20 -65.071 -98.886 0 0 -1 -0.998 -0.072 0 -0.072 0.998 0 87082.dat
1 28 20 -67.933 -58.961 0 0 -1 0.072 -0.998 0 -0.998 -0.072 0 15462.dat
1 4 20 -66.502 -78.924 0 1 0 -0.998 0 -0.072 -0.072 0 0.998 3713.dat
1 0 20 -67.933 -58.961 0 1 0 -0.998 0 -0.072 -0.072 0 0.998 32270.dat
0 STEP
1 0 20 -85.034 -100.317 0 0 -1 0.072 -0.998 0 -0.998 -0.072 0 32524.dat
1 0 20 -87.896 -60.392 -1 0 0 0 -0.998 -0.072 0 -0.072 0.998 87761.dat
1 71 20 -29.438 -36.136 -1 0 0 0 -0.998 -0.072 0 -0.072 0.998 4519.dat
1 4 20 -49.401 -37.567 1 0 0 0 -0.998 0.072 0 -0.072 -0.998 42003.dat
0 STEP
1 14 20 -35.162 43.716 1 0 0 0 -0.998 0.072 0 -0.072 -0.998 44294.dat
1 71 -20 -35.162 43.716 0 1 0 -0.998 0 -0.072 -0.072 0 0.998 42050 - 33299b.dat
1 72 -60 -35.162 43.716 0 0 -1 0.998 0.072 0 0.072 -0.998 0 32192.dat
1 0 -60 -45.144 43 0 1 0 -0.998 0 -0.072 -0.072 0 0.998 2780.dat
1 71 60 -35.162 43.716 0 -1 0 0.998 0 -0.072 0.072 0 0.998 42050 - 33299b.dat
1 0 20 -71.511 -9.053 0 -1 0 0.998 0 -0.072 0.072 0 0.998 59443.dat
1 0 20 -74.373 30.872 0 0 -1 0.072 -0.998 0 -0.998 -0.072 0 3705.dat
1 0 20 -77.234 70.798 0 -1 0 0.998 0 -0.072 0.072 0 0.998 59443.dat
1 0 20 -79.381 100.742 0 1 0 0.072 0 -0.998 -0.998 0 -0.072 18651.dat
1 71 20 -79.381 100.742 -1 0 0 0 -0.998 -0.072 0 -0.072 0.998 94925.dat
0 STEP
1 71 60 -80.812 120.705 0 0 -1 0.998 0.072 0 0.072 -0.998 0 60484.dat
1 1 20 -102.206 139.237 0 0 -1 0.072 -0.998 0 -0.998 -0.072 0 6558.dat
1 1 20 -62.28 142.099 0 0 -1 0.072 -0.998 0 -0.998 -0.072 0 6558.dat
1 71 20 -82.243 140.668 1 0 0 0 0.072 0.998 0 -0.998 0.072 32316.dat
1 71 20 -120.738 117.843 1 0 0 0 -0.072 -0.998 0 0.998 -0.072 87082.dat
1 0 20 -121.453 127.825 0 0 1 0.072 0.998 0 -0.998 0.072 0 2780.dat
1 71 20 -83.674 160.631 1 0 0 0 -0.072 -0.998 0 0.998 -0.072 32523.dat
1 72 20 -87.251 210.538 0 0 1 0.072 0.998 0 -0.998 0.072 0 55013.dat
1 71 20 -85.105 180.594 -1 0 0 0 -0.998 -0.072 0 -0.072 0.998 94925.dat
0 STEP
1 70 60 -80.669 118.709 0 -0.174 0.985 0.072 0.983 0.174 -0.998 0.07 0.012 42050 - 24316.dat
1 71 60 -79.381 100.742 -0.985 0.174 0 -0.174 -0.983 -0.072 -0.012 -0.07 0.998 94925.dat
1 0 60 -82.958 150.65 -0.174 -0.985 0 0.983 -0.174 -0.072 0.07 -0.012 0.998 59443.dat
1 4 0 -112.152 -1.934 0 -1 0 0.998 0 -0.072 0.072 0 0.998 32278.dat
1 0 -10 -119.307 97.88 1 0 0 0 0.998 -0.072 0 0.072 0.998 2780.dat
1 0 -10 -122.169 137.806 1 0 0 0 0.998 -0.072 0 0.072 0.998 2780.dat
1 1 20 -107.859 -61.823 1 0 0 0 0.998 -0.072 0 0.072 0.998 6558.dat
1 0 20 -127.822 -63.253 0 -1 0 0.072 0 0.998 -0.998 0 0.072 60483.dat
1 71 20 -127.822 -63.253 -1 0 0 0 -0.998 -0.072 0 -0.072 0.998 4519.dat
1 71 0 -127.822 -63.253 -1 0 0 0 -0.998 -0.072 0 -0.072 0.998 6536.dat
1 71 40 -127.822 -63.253 -1 0 0 0 -0.998 -0.072 0 -0.072 0.998 6536.dat
0 STEP
1 4 40 -112.152 -1.934 0 -1 0 0.998 0 -0.072 0.072 0 0.998 32278.dat
1 0 50 -116.445 57.955 1 0 0 0 0.998 -0.072 0 0.072 0.998 2780.dat
1 0 50 -122.169 137.806 1 0 0 0 0.998 -0.072 0 0.072 0.998 2780.dat
1 1 60 -112.152 -1.934 1 0 0 0 0.998 -0.072 0 0.072 0.998 6558.dat
1 1 60 -115.014 37.992 1 0 0 0 0.998 -0.072 0 0.072 0.998 6558.dat
0 STEP
1 0 0 -202.02 132.082 1 0 0 0 0.998 -0.072 0 0.072 0.998 42050 - engine.ldr
1 0 0 -62.28 142.099 1 0 0 0 0.998 -0.072 0 0.072 0.998 42050 - technicChainClosed-1.ldr
0 STEP
1 71 -20 -129.323 237.621 0 -1 0 0.998 0 -0.072 0.072 0 0.998 32278.dat
1 4 -20 -49.472 243.344 0 -1 0 0.998 0 -0.072 0.072 0 0.998 32278.dat
0 STEP
1 0 20 -106.499 199.126 1 0 0 0 0.072 0.998 0 -0.998 0.072 32524.dat
1 71 20 -87.967 220.52 1 0 0 0 0.998 -0.072 0 0.072 0.998 48989.dat
1 1 20 -107.929 219.089 1 0 0 0 0.998 -0.072 0 0.072 0.998 6558.dat
1 1 20 -68.004 221.951 1 0 0 0 0.998 -0.072 0 0.072 0.998 6558.dat
1 0 0 -48.041 223.382 0 -1 0 -0.072 0 -0.998 0.998 0 -0.072 32526.dat
1 1 0 -130.754 257.584 -1 0 0 0 0.998 0.072 0 0.072 -0.998 6558.dat
1 0 0 -48.041 223.382 -1 0 0 0 0.998 0.072 0 0.072 -0.998 32054.dat
1 72 40 -48.041 223.382 -1 0 0 0 0.998 0.072 0 0.072 -0.998 11214.dat
0 STEP
1 1 -20 -136.478 337.435 -1 0 0 0 0.998 0.072 0 0.072 -0.998 6558.dat
1 1 -20 -139.34 377.361 -1 0 0 0 0.998 0.072 0 0.072 -0.998 6558.dat
1 1 -10 -135.047 317.472 1 0 0 0 0.998 -0.072 0 0.072 0.998 4274.dat
1 1 20 -214.899 311.748 -1 0 0 0 0.072 -0.998 0 -0.998 -0.072 24116.dat
1 0 -10 -56.627 343.159 1 0 0 0 0.998 -0.072 0 0.072 0.998 2780.dat
0 STEP
1 1 10 -129.323 237.621 1 0 0 0 0.883 -0.472 0 0.472 0.883 43093.dat
1 4 20 -146.978 228.193 -1 0 0 0 -0.883 -0.472 0 -0.472 0.883 42003.dat
1 1 20 -151.691 237.022 0 0 -1 -0.472 0.883 0 0.883 0.472 0 43093.dat
1 1 20 -169.347 227.594 0 0 -1 -0.472 0.883 0 0.883 0.472 0 4274.dat
1 72 20 -162.532 257.324 -1 0 0 0 0.472 -0.883 0 -0.883 -0.472 40001.dat
1 0 40 -48.041 223.382 0 -1 0 -0.072 0 -0.998 0.998 0 -0.072 32526.dat
1 0 50 -130.754 257.584 1 0 0 0 0.998 -0.072 0 0.072 0.998 2780.dat
1 87 20 -173.117 234.656 -1 0 0 0 0.472 -0.883 0 -0.883 -0.472 98138pc1.dat
0 STEP
1 71 60 -85.105 180.594 0 -0.173 -0.985 -0.072 0.983 -0.173 0.998 0.07 -0.012 4519.dat
1 0 60 -87.251 210.538 -0.174 -0.985 0 0.983 -0.174 -0.072 0.07 -0.012 0.998 59443.dat
1 72 60 -91.329 267.432 0 -0.171 -0.985 -0.072 0.983 -0.171 0.998 0.07 -0.012 59426.dat
1 71 60 -89.398 240.483 0 0 -1 -0.998 -0.072 0 -0.072 0.998 0 60484.dat
0 STEP
1 0 20 -92.975 290.39 -0.001 -1 0 0.998 -0.001 -0.072 0.072 0 0.998 59443.dat
1 14 20 -97.985 360.278 0 0 -1 -0.072 0.998 0 0.998 0.072 0 44294.dat
1 0 20 -102.994 430.16 -0.001 -1 0 0.998 -0.001 -0.072 0.072 0 0.998 59443.dat
0 STEP
1 1 20 -105.138 460.074 0 0 -1 -0.072 0.998 0 0.998 0.072 0 42050 - side1.ldr
1 71 20 -105.138 460.074 0 0 -1 -0.072 0.998 0 0.998 0.072 0 4519.dat
1 19 20 -106.068 473.05 1 0 0 0 0.998 -0.072 0 0.072 0.998 6589.dat
0 STEP
1 19 20 -132.256 558.458 0 0 -1 -0.072 0.998 0 0.998 0.072 0 42050 - wheelgears.ldr
1 71 20 -135.118 598.383 0 0 1 -0.072 -0.998 0 0.998 -0.072 0 6536.dat
1 1 20 -135.833 608.365 0 0 -1 0.072 -0.998 0 -0.998 -0.072 0 43093.dat
0 STEP
1 1 20 -72.367 562.751 0 0 -1 -0.108 0.994 0 0.994 0.108 0 42050 - linact.ldr
0 STEP
1 0 -50 -50.903 263.307 0 0 -1 0.991 -0.145 0 -0.145 -0.991 0 59443.dat
1 4 40 -66.643 482.899 0 -1 0 0.998 0 -0.072 0.072 0 0.998 32278.dat
0 !LDCAD GROUP_NXT [ids=0] [nrs=2]
1 0 20 -59.488 383.085 -1 0 0 0 0.89 0.457 0 0.457 -0.89 3708.dat
1 4 20 -59.488 383.085 0 0 1 0.072 0.998 0 -0.998 0.072 0 3713.dat
1 0 50 -56.627 343.159 1 0 0 0 0.998 -0.072 0 0.072 0.998 2780.dat
0 STEP
1 4 40 -146.495 477.175 0 -1 0 0.998 0 -0.072 0.072 0 0.998 32278.dat
1 0 50 -68.074 502.862 1 0 0 0 0.998 -0.072 0 0.072 0.998 2780.dat
1 0 50 -147.926 497.138 1 0 0 0 0.998 -0.072 0 0.072 0.998 2780.dat
1 71 60 -108 500 0 1 0 0.072 0 -0.998 -0.998 0 -0.072 32316.dat
1 0 70 -108 500 -1 0 0 0 -0.998 -0.072 0 -0.072 0.998 15461.dat
1 4 60 -49.472 243.344 0 -1 0 0.998 0 -0.072 0.072 0 0.998 32278.dat
1 0 90 -50.903 263.307 0 0 -1 0.991 -0.145 0 -0.145 -0.991 0 59443.dat
0 STEP
1 1 -20 -117.876 77.918 -1 0 0 0 0.998 0.072 0 0.072 -0.998 6558.dat
1 1 -20 -112.152 -1.934 -1 0 0 0 0.998 0.072 0 0.072 -0.998 6558.dat
1 71 -20 -115.014 37.992 0 -1 0 -0.998 0 0.072 -0.072 0 -0.998 32316.dat
1 0 -30 -115.014 37.992 1 0 0 0 0.998 -0.072 0 0.072 0.998 2780.dat
1 0 -30 -120.738 117.843 1 0 0 0 0.998 -0.072 0 0.072 0.998 2780.dat
1 1 -20 -127.892 217.658 1 0 0 0 -0.998 0.072 0 -0.072 -0.998 6558.dat
0 STEP
1 71 -102.426 -38.198 86.063 -0.707 0 0.707 -0.051 -0.998 -0.051 0.706 -0.072 0.706 32073.dat
1 71 -88.284 -37.186 71.947 0.707 0.707 0 0.051 -0.051 -0.998 -0.706 0.706 -0.072 63869.dat
1 71 -116.569 -39.21 100.18 0.707 0.707 0 0.051 -0.051 -0.998 -0.706 0.706 -0.072 6536.dat
1 0 -60 -47.167 71.232 0 1 0 -0.998 0 -0.072 -0.072 0 0.998 2780.dat
1 0 -74.142 -48.179 85.347 0 1 0 -0.998 0 -0.072 -0.072 0 0.998 2780.dat
1 0 -88.284 -49.191 99.464 0 1 0 -0.998 0 -0.072 -0.072 0 0.998 2780.dat
1 0 -102.426 -50.203 113.58 0 1 0 -0.998 0 -0.072 -0.072 0 0.998 2780.dat
0 STEP
1 71 -88.284 -57.149 70.516 -0.707 0 -0.707 0.051 -0.998 -0.051 -0.706 -0.072 0.706 32316.dat
1 71 -125.054 -39.817 108.649 0.707 -0.707 0 -0.051 -0.051 -0.998 0.706 0.706 -0.072 6233.dat
1 87 -60 -47.167 71.232 0.707 0 0.707 0.051 0.998 -0.051 -0.706 0.072 0.706 42050 - technicRibHoseLQ-1.ldr
1 87 -74.142 -48.179 85.347 0.707 0 0.707 0.051 0.998 -0.051 -0.706 0.072 0.706 42050 - technicRibHoseLQ-2.ldr
1 87 -88.284 -49.191 99.464 0.707 0 0.707 0.051 0.998 -0.051 -0.706 0.072 0.706 42050 - technicRibHoseLQ-3.ldr
1 87 -102.426 -50.203 113.58 0.707 0 0.707 0.051 0.998 -0.051 -0.706 0.072 0.706 42050 - technicRibHoseLQ-4.ldr
1 0 -40 -59.488 383.085 0 1 0 0.072 0 -0.998 -0.998 0 -0.072 32526.dat
1 0 -40 -119.377 378.792 -1 0 0 0 0.552 0.834 0 0.834 -0.552 32054.dat
1 1 -50 -99.414 380.223 -1 0 0 0 0.998 0.072 0 0.072 -0.998 43093.dat
1 4 -60 -99.414 380.223 0 0 1 0.072 0.998 0 -0.998 0.072 0 3713.dat
0 !LDCAD GROUP_NXT [ids=0] [nrs=4]
1 71 -60 -59.488 383.085 0 -1 0 -0.89 0 0.457 -0.457 0 -0.89 42050 - 33299b.dat
0 !LDCAD GROUP_NXT [ids=0] [nrs=5]
1 71 -75 -59.488 383.085 0 0 1 -0.89 0.457 0 -0.457 -0.89 0 32123a.dat
0 STEP
1 72 -60 -154.487 238.804 0 1 0 -0.834 0 0.552 0.552 0 0.834 64451.dat
1 19 -70 -99.225 322.232 -1 0 0 0 0.997 0.089 0 0.089 -0.997 3749.dat
1 71 -80 -99.225 322.232 0 1 0 -0.089 0 0.997 0.997 0 0.089 32140.dat
0 !LDCAD GROUP_NXT [ids=0] [nrs=6]
1 0 -100 -59.488 383.085 0 0 -1 -0.457 0.89 0 0.89 0.457 0 59443.dat
0 !LDCAD GROUP_NXT [ids=0] [nrs=7]
1 71 -130 -59.488 383.085 -1 0 0 0 0.89 0.457 0 0.457 -0.89 4519.dat
0 !LDCAD GROUP_NXT [ids=0] [nrs=8]
1 0 -170 -59.488 383.085 0 0 -1 -0.89 -0.457 0 -0.457 0.89 0 32013.dat
0 !LDCAD GROUP_NXT [ids=0] [nrs=9]
1 0 -170 -77.289 373.936 0 0 -1 -0.89 -0.457 0 -0.457 0.89 0 18651.dat
0 STEP
1 71 40 -182.128 414.425 0 -1 0 -0.072 0 -0.998 0.998 0 -0.072 60484.dat
1 0 60 -223.484 431.526 -0.991 0.001 0.116 -0.07 0.79 -0.611 -0.092 -0.616 -0.78 15100.dat
1 71 60 -95.98 332.312 -0.985 -0.171 0 -0.171 0.983 0.072 -0.012 0.07 -0.998 62520.dat
1 71 60 -95.98 332.312 0.115 0.993 0 -0.611 0.071 -0.789 -0.784 0.091 0.615 62520.dat
1 71 60 -95.98 332.312 -0.985 -0.115 -0.126 -0.171 0.611 0.774 -0.012 0.784 -0.621 62519.dat
1 4 59.99 -151.217 375.243 0 -0.115 -0.992 -0.788 0.611 -0.072 0.613 0.784 -0.091 3706.dat
1 0 59.981 -198.564 412.043 0.992 -0.115 0 0.072 0.611 -0.788 0.091 0.784 0.613 59443.dat
1 71 60 -223.397 431.458 -0.001 -0.993 0.118 -0.786 -0.072 -0.608 0.614 -0.091 -0.781 4519.dat
0 STEP
1 0 59.97 -247.012 449.868 0.984 -0.17 -0.001 0.106 0.607 -0.787 0.136 0.777 0.614 59443.dat
1 4 59.95 -262.759 462.146 0.001 -0.173 0.982 0.787 0.607 0.105 -0.614 0.776 0.137 32062.dat
1 0 59.94 -270.65 468.3 0.171 0.984 -0.001 -0.605 0.105 -0.786 -0.776 0.134 0.613 32270.dat
0 STEP
1 71 60 -126.461 197.695 0 -1 0 0.998 0 -0.072 0.072 0 0.998 32278.dat
1 0 70 -117.876 77.918 1 0 0 0 0.998 -0.072 0 0.072 0.998 2780.dat
1 0 70 -120.738 117.843 1 0 0 0 0.998 -0.072 0 0.072 0.998 2780.dat
1 1 60 -127.892 217.658 -1 0 0 0 -0.998 -0.072 0 -0.072 0.998 6558.dat
1 1 60 -136.478 337.435 -1 0 0 0 -0.998 -0.072 0 -0.072 0.998 6558.dat
1 1 50 -135.047 317.472 -1 0 0 0 -0.998 -0.072 0 -0.072 0.998 4274.dat
1 71 60 -113.583 18.029 0 -1 0 0.998 0 -0.072 0.072 0 0.998 32523.dat
0 STEP
1 72 100 -35.162 43.716 0 0 1 -0.998 0.072 0 -0.072 -0.998 0 32192.dat
1 71 128.284 -37.186 71.947 -0.707 -0.707 0 0.051 -0.051 0.998 -0.706 0.706 0.072 63869.dat
1 71 142.426 -38.198 86.063 0.707 0 -0.707 -0.051 0.998 -0.051 0.706 0.072 0.706 32073.dat
1 71 156.569 -39.21 100.18 -0.707 -0.707 0 0.051 -0.051 0.998 -0.706 0.706 0.072 6536.dat
1 71 165.054 -39.817 108.649 -0.707 0.707 0 -0.051 -0.051 0.998 0.706 0.706 0.072 6233.dat
1 0 142.429 -50.203 113.578 0 1 0 0.998 0 0.072 0.072 0 -0.998 2780.dat
1 0 128.287 -49.191 99.462 0 1 0 0.998 0 0.072 0.072 0 -0.998 2780.dat
1 0 114.145 -48.179 85.345 0 1 0 0.998 0 0.072 0.072 0 -0.998 2780.dat
1 0 100.003 -47.167 71.23 0 1 0 0.998 0 0.072 0.072 0 -0.998 2780.dat
1 0 100 -45.144 43 0 1 0 -0.998 0 -0.072 -0.072 0 0.998 2780.dat
1 71 128.28 -57.148 70.512 -0.707 0 -0.707 -0.051 0.998 0.051 0.706 0.072 -0.706 32316.dat
1 87 100.003 -47.167 71.23 0.707 0 0.707 0.051 0.998 -0.051 -0.706 0.072 0.706 42050 - technicRibHoseLQ-5.ldr
1 87 114.145 -48.179 85.345 0.707 0 0.707 0.051 0.998 -0.051 -0.706 0.072 0.706 42050 - technicRibHoseLQ-6.ldr
1 87 128.287 -49.191 99.462 0.707 0 0.707 0.051 0.998 -0.051 -0.706 0.072 0.706 42050 - technicRibHoseLQ-7.ldr
1 87 142.429 -50.203 113.578 0.707 0 0.707 0.051 0.998 -0.051 -0.706 0.072 0.706 42050 - technicRibHoseLQ-8.ldr
0 STEP
1 0 80 -59.488 383.085 0 1 0 0.072 0 -0.998 -0.998 0 -0.072 32526.dat
1 0 90 -119.377 378.792 1 0 0 0 0.943 -0.335 0 0.335 0.943 2780.dat
1 1 90 -99.414 380.223 1 0 0 0 0.998 -0.072 0 0.072 0.998 43093.dat
1 4 100 -99.414 380.223 0 0 -1 -0.072 0.998 0 0.998 0.072 0 3713.dat
0 !LDCAD GROUP_NXT [ids=0] [nrs=3]
1 71 100 -59.488 383.085 0 1 0 0.89 0 0.457 0.457 0 -0.89 42050 - 33299b.dat
0 !LDCAD GROUP_NXT [ids=0] [nrs=-1]
1 71 115 -59.488 383.085 0 0 1 -0.89 0.457 0 -0.457 -0.89 0 32123a.dat
0 STEP
1 72 100 -154.487 238.804 0 1 0 -0.834 0 0.552 0.552 0 0.834 64451.dat
1 19 110 -99.225 322.232 1 0 0 0 -0.997 0.089 0 -0.089 -0.997 3749.dat
1 71 120 -99.225 322.232 0 1 0 -0.089 0 0.997 0.997 0 0.089 32140.dat
0 STEP
1 0 30 -220.622 391.6 1 0 0 0 0.983 0.189 0 -0.189 0.983 2780.dat
1 0 20 -220.622 391.6 1 0 0 0 0.983 0.189 0 -0.189 0.983 32013.dat
1 0 20 -230.084 342.468 0 1 0 0.189 0 0.983 0.983 0 -0.189 3705.dat
1 0 20 -239.545 293.334 1 0 0 0 -0.983 -0.189 0 0.189 -0.983 32013.dat
1 0 -50 -239.545 293.334 0 -1 0 -0.983 0 -0.189 0.189 0 -0.983 42050 - technicFlexAxle-1.ldr
1 0 -40 -127.892 217.658 -1 0 0 0 0.437 0.9 0 0.9 -0.437 32013.dat
1 0 80 -127.892 217.658 -1 0 0 0 0.437 0.9 0 0.9 -0.437 32013.dat
0 STEP
1 71 5 -210.535 -29.052 1 0 0 0 0.998 -0.072 0 0.072 0.998 42050 - cooler.ldr
0 STEP
1 0 40.201 -146.361 -84.547 -0.683 -0.259 -0.683 -0.233 0.964 -0.132 0.693 0.069 -0.719 85940.dat
1 0 42.789 -156.002 -85.238 0.259 -0.278 -0.925 -0.964 -0.142 -0.227 -0.069 0.951 -0.304 2780.dat
1 0 29.129 -158.644 -99.616 0.259 -0.278 -0.925 -0.964 -0.142 -0.227 -0.069 0.951 -0.304 2780.dat
1 15 47.966 -175.285 -86.62 -0.259 -0.278 -0.925 0.964 -0.005 -0.268 0.069 -0.962 0.269 62462.dat
1 15 34.305 -177.927 -100.998 -0.259 -0.278 -0.925 0.964 -0.005 -0.268 0.069 -0.962 0.269 62462.dat
1 1 39.482 -197.21 -102.381 0.259 -0.278 -0.925 -0.964 -0.142 -0.227 -0.069 0.951 -0.304 4274.dat
1 1 53.142 -194.567 -88.002 0.259 -0.278 -0.925 -0.964 -0.142 -0.227 -0.069 0.951 -0.304 4274.dat
1 15 41.552 -204.922 -102.934 0.241 -0.259 -0.935 -0.004 0.964 -0.268 0.971 0.069 0.231 98138.dat
1 15 55.212 -202.281 -88.555 0.241 -0.259 -0.935 -0.004 0.964 -0.268 0.971 0.069 0.231 98138.dat
0 STEP
1 72 20 -156.512 616.915 -1 0 0 0 -0.072 0.998 0 0.998 0.072 40490.dat
1 70 20 -157.942 636.878 0 1 0 0.072 0 -0.998 -0.998 0 -0.072 42050 - 24316.dat
1 0 20 -76.66 622.639 0 1 0 0.072 0 -0.998 -0.998 0 -0.072 32054.dat
1 0 20 -236.363 611.192 0 1 0 0.072 0 -0.998 -0.998 0 -0.072 32054.dat
1 0 20 -215.685 602.641 0 1 0 0.072 0 -0.998 -0.998 0 -0.072 2780.dat
1 0 20 -175.759 605.503 0 1 0 0.072 0 -0.998 -0.998 0 -0.072 2780.dat
1 1 20 -238.509 641.136 0 1 0 0.072 0 -0.998 -0.998 0 -0.072 43093.dat
1 1 20 -78.806 652.584 0 1 0 0.072 0 -0.998 -0.998 0 -0.072 43093.dat
1 72 20 -159.373 656.841 -1 0 0 0 -0.072 0.998 0 0.998 0.072 40490.dat
0 STEP
1 4 -20 -160.804 676.804 1 0 0 0 0.998 -0.072 0 0.072 0.998 42050 - tail.ldr
1 1 -20 -76.66 622.639 1 0 0 0 0.948 -0.318 0 0.318 0.948 6558.dat
1 0 -20 -108.481 717.515 0 -1 0 0.948 0 -0.318 0.318 0 0.948 32525.dat
1 0 50 -140.304 812.391 -1 0 0 0 -0.799 0.603 0 0.603 0.799 2780.dat
1 0 60 -108.481 717.515 0 -1 0 0.948 0 -0.318 0.318 0 0.948 32525.dat
1 1 60 -76.66 622.639 -1 0 0 0 -0.984 0.179 0 0.179 0.984 6558.dat
0 STEP
1 4 20 -155.82 -189.777 0 0 -1 -0.123 0.993 0 0.993 0.123 0 42050 - bodywork.ldr
0 STEP
1 4 -20 -316.557 834.189 1 0 0 0 0.998 -0.072 0 0.072 0.998 42050 - spoiler.ldr
0 STEP
1 4 -40 -194.462 698.47 0 -1 0 0.542 0 -0.841 0.841 0 0.542 32278.dat
1 0 20.028 -332.227 772.87 1 0 0 0 0.998 -0.072 0 0.072 0.998 64782.dat
1 0 130.067 -330.796 752.907 -1 0 0 0 -0.799 0.603 0 0.603 0.799 2780.dat
1 0 130.067 -332.227 772.87 -1 0 0 0 -0.799 0.603 0 0.603 0.799 2780.dat
1 0 -90.011 -330.796 752.907 -1 0 0 0 -0.799 0.603 0 0.603 0.799 2780.dat
1 0 -90.011 -332.227 772.87 -1 0 0 0 -0.799 0.603 0 0.603 0.799 2780.dat
1 0 -100.014 -335.089 812.795 0 1 0 0.998 0 0.072 0.072 0 -0.998 11946.dat
1 0 140.07 -335.089 812.795 0 -1 0 -0.998 0 0.072 -0.072 0 -0.998 11947.dat
0 STEP
1 0 120 -65.071 -98.886 0 0 1 -0.072 -0.998 0 0.998 -0.072 0 56145.dat
1 0 110 -108.007 499.999 0 0 1 -0.072 -0.998 0 0.998 -0.072 0 56908.dat
1 256 120 -65.071 -98.886 0 0 1 -0.072 -0.998 0 0.998 -0.072 0 15413.dat
1 256 110 -108.007 499.999 0 0 1 -0.072 -0.998 0 0.998 -0.072 0 18450.dat
1 0 -80 -65.071 -98.886 0 0 -1 0.072 -0.998 0 -0.998 -0.072 0 56145.dat
1 256 -80 -65.071 -98.886 0 0 -1 0.072 -0.998 0 -0.998 -0.072 0 15413.dat
1 0 -70 -107.993 500.001 0 0 1 -0.072 -0.998 0 0.998 -0.072 0 56908.dat
1 256 -70 -107.993 500.001 0 0 1 -0.072 -0.998 0 0.998 -0.072 0 18450.dat
1 0 -100.004 -65.071 -98.886 0 1 0 -0.072 0 0.998 0.998 0 0.072 2723.dat
1 0 129.996 -65.071 -98.886 0 1 0 -0.072 0 0.998 0.998 0 0.072 2723.dat
1 71 145 -65.071 -98.886 0 0 1 -0.072 -0.998 0 0.998 -0.072 0 32123a.dat
1 71 135 -108 500 0 0 1 -0.072 -0.998 0 0.998 -0.072 0 32123a.dat
1 71 -105 -65.071 -98.886 0 0 1 -0.072 -0.998 0 0.998 -0.072 0 32123a.dat
1 71 -95 -108 500 0 0 1 -0.072 -0.998 0 0.998 -0.072 0 32123a.dat

0 FILE 42050 - engine.ldr
0 engine
0 Author: Philippe Hurbain [Philo]
0 !LDRAW_ORG Unofficial_Model
0 !LICENSE Redistributable under CCAL version 2.0 : see CAreadme.txt
0 !THEME Technic
1 0 20 -10 0 1 0 0 0 1 0 0 0 1 32333.dat
1 0 0 0 0 0 0 1 0 1 0 -1 0 0 32054.dat
1 1 64 32 -10 0 0 1 0 1 0 -1 0 0 4274.dat
1 0 -24 32 -10 0 -0.6 0.8 0 0.8 0.6 -1 0 0 2780.dat
0 STEP
1 71 -32.8 0.4 -30 -0.6 0.8 0 0.8 0.6 0 0 0 -1 42050 - 2850b.dat
1 0 -24 32 -50 0 -0.6 0.8 0 0.8 0.6 -1 0 0 2780.dat
1 0 0 0 -50 0 -0.6 0.8 0 0.8 0.6 -1 0 0 2780.dat
1 71 -32.8 0.4 -70 -0.6 0.8 0 0.8 0.6 0 0 0 -1 42050 - 2850b.dat
1 0 -24 32 -90 0 -0.6 0.8 0 0.8 0.6 -1 0 0 2780.dat
1 0 0 0 -90 0 -0.6 0.8 0 0.8 0.6 -1 0 0 2780.dat
1 71 -32.8 0.4 -110 -0.6 0.8 0 0.8 0.6 0 0 0 -1 42050 - 2850b.dat
1 0 -24 32 -130 0 -0.6 0.8 0 0.8 0.6 -1 0 0 2780.dat
1 0 0 0 -130 0 -0.6 0.8 0 0.8 0.6 -1 0 0 2780.dat
1 71 -32.8 0.4 -150 -0.6 0.8 0 0.8 0.6 0 0 0 -1 42050 - 2850b.dat
1 0 -24 32 -170 0 -0.6 0.8 0 0.8 0.6 -1 0 0 2780.dat
1 1 0 0 -180 0 -0.6 0.8 0 0.8 0.6 -1 0 0 6558.dat
0 STEP
1 0 20 40 20 0 0 -1 0 1 0 1 0 0 3705.dat
1 14 20 40 -30 1 0 0 0 -1 0 0 0 -1 2853.dat
1 71 10 40 -30 -0.713 0.701 0 0.701 0.713 0 0 0 -1 2852.dat
1 14 -18.033 11.467 -30 -0.6 0.8 0 0.8 0.6 0 0 0 -1 2851.dat
1 0 40 0 0 0 0 1 0 1 0 -1 0 0 32054.dat
1 14 45.206 21.012 -30 -0.6 -0.8 0 -0.8 0.6 0 0 0 -1 2851.dat
1 71 10 40 -30 0.475 -0.88 0 0.88 0.475 0 0 0 1 2852.dat
1 19 20 40 -50 1 0 0 0 -1 0 0 0 -1 2854.dat
1 4 30 40 -70 0 1 0 0 0 1 1 0 0 32062.dat
1 14 -5.206 21.012 -70 0.6 0.8 0 -0.8 0.6 0 0 0 1 2851.dat
1 71 30 40 -70 0.713 -0.701 0 0.701 0.713 0 0 0 1 2852.dat
1 71 30 40 -70 -0.475 0.88 0 0.88 0.475 0 0 0 -1 2852.dat
1 14 58.033 11.467 -70 0.6 -0.8 0 0.8 0.6 0 0 0 1 2851.dat
1 19 20 40 -90 1 0 0 0 1 0 0 0 1 2854.dat
1 4 10 40 -110 0 -1 0 0 0 1 -1 0 0 32062.dat
1 71 10 40 -110 -0.713 0.701 0 0.701 0.713 0 0 0 -1 2852.dat
1 71 10 40 -110 0.475 -0.88 0 0.88 0.475 0 0 0 1 2852.dat
1 14 45.206 21.012 -110 -0.6 -0.8 0 -0.8 0.6 0 0 0 -1 2851.dat
1 14 -18.04 11.48 -110 -0.6 0.8 0 0.8 0.6 0 0 0 -1 2851.dat
1 19 20 40 -130 1 0 0 0 -1 0 0 0 -1 2854.dat
1 14 -5.206 21.012 -150 0.6 0.8 0 -0.8 0.6 0 0 0 1 2851.dat
1 71 30 40 -150 -0.475 0.88 0 0.88 0.475 0 0 0 -1 2852.dat
1 71 30 40 -150 0.713 -0.701 0 0.701 0.713 0 0 0 1 2852.dat
1 14 58.033 11.467 -150 0.6 -0.8 0 0.8 0.6 0 0 0 1 2851.dat
1 14 30 40 -180 1 0 0 0 -1 0 0 0 -1 2853.dat
1 4 30 40 -150 0 1 0 0 0 1 1 0 0 32062.dat
0 STEP
1 71 72.8 0.4 -30 -0.6 -0.8 0 -0.8 0.6 0 0 0 -1 42050 - 2850b.dat
1 0 40 0 -50 0 -0.6 0.8 0 0.8 0.6 -1 0 0 2780.dat
1 0 64 32 -50 0 -0.6 0.8 0 0.8 0.6 -1 0 0 2780.dat
1 0 64 32 -90 0 -0.6 0.8 0 0.8 0.6 -1 0 0 2780.dat
1 0 40 0 -90 0 -0.6 0.8 0 0.8 0.6 -1 0 0 2780.dat
1 71 72.8 0.4 -70 -0.6 -0.8 0 -0.8 0.6 0 0 0 -1 42050 - 2850b.dat
1 0 64 32 -130 0 -0.6 0.8 0 0.8 0.6 -1 0 0 2780.dat
1 0 40 0 -130 0 -0.6 0.8 0 0.8 0.6 -1 0 0 2780.dat
1 71 72.8 0.4 -110 -0.6 -0.8 0 -0.8 0.6 0 0 0 -1 42050 - 2850b.dat
1 0 64 32 -170 0 -0.6 0.8 0 0.8 0.6 -1 0 0 2780.dat
1 71 72.8 0.4 -150 -0.6 -0.8 0 -0.8 0.6 0 0 0 -1 42050 - 2850b.dat
1 1 40 0 -180 0 -0.6 0.8 0 0.8 0.6 -1 0 0 6558.dat
0 STEP
1 0 20 -10 -180 1 0 0 0 1 0 0 0 1 32333.dat
0 STEP
1 0 0 40 10 0 0 -1 0 1 0 1 0 0 2780.dat
1 0 40 40 10 0 0 -1 0 1 0 1 0 0 2780.dat
1 71 20 60 20 1 0 0 0 -1 0 0 0 -1 63869.dat
1 71 20 60 20 1 0 0 0 -1 0 0 0 -1 4519.dat
1 0 40 60 20 0 1 0 0 0 1 1 0 0 60483.dat
1 0 0 60 20 0 1 0 0 0 1 1 0 0 60483.dat
1 0 50 80 20 -1 0 0 0 1 0 0 0 -1 2780.dat
1 0 -10 80 20 -1 0 0 0 1 0 0 0 -1 2780.dat
0 STEP
1 71 20 40 40 -1 0 0 0 1 0 0 0 -1 94925.dat
1 0 20 -18 -180 -1 0 0 0 1 0 0 0 -1 32530.dat
1 1 20 -40 -180 0 -0.6 0.8 0 0.8 0.6 -1 0 0 6558.dat
1 0 20 -20 -170 0 0 -1 0 1 0 1 0 0 2780.dat
0 STEP
1 0 0 40 -190 0 0 -1 0 1 0 1 0 0 2780.dat
1 0 40 40 -190 0 0 -1 0 1 0 1 0 0 2780.dat
1 71 20 -40 -200 1 0 0 0 0 1 0 -1 0 60484.dat

0 FILE 42050 - technicChainClosed-1.ldr
0 technicChainClosed-1
0 !CATEGORY technic
0 !THEME Technic
0 !KEYWORDS flexible, chain
0 !LDCAD CONTENT [type=path] [addFallBack=default] [looped=true] [displayKind=links] [curveStep=16] [displayLenCor=0]
0 Name: 42050 - technicChainClosed-1.ldr
0 !LDRAW_ORG Unofficial_Model
0 !LICENSE Redistributable under CCAL version 2.0 : see CAreadme.txt

0 !LDCAD PATH_POINT [type=circle] [posOri=20 -100 40 0.980785 -0.19509 0 0.19509 0.980785 0 0 0 1] [prevCPDist=25] [nextCPDist=25] [cirR=21] [cirDir=xyCW] [prevYRoll=0] [nextYRoll=0]
0 !LDCAD PATH_POINT [type=circle] [posOri=20 -20 40 0.999848 0.017452 0 -0.017452 0.999848 0 0 0 1] [prevCPDist=25] [nextCPDist=25] [cirR=21] [cirDir=xyCW] [prevYRoll=0] [nextYRoll=0]

0 !LDCAD PATH_SKIN [donCol=16] [donOri=0 1 0 0 0 1 1 0 0] [donPart=3711.dat] [donYSize=100%] [donCen=partCen] [donCenYOfs=0] [donFinScale=none] [donPlace=refsStat] [donYAlign=1] [donInline=false] [segSize=16] [segSizeTol=0] [segsCnt=0] [segsGrp=0] [segsMaxMerge=1] [segsMrgAng=0] [segsMrgRollAng=0] [segsEdgeDelKind=keepFirstLeft]

0 !LDCAD GENERATED [generator=LDCad 1.5 Beta 2a]
0 //This is the fallback LDraw content for above PATH configuration.
0 // Do not edit, any changes will be lost upon regeneration.
0 // The path is approx 115.41 mm (288.53) and exists out of 18 segments.
0 // warning: the path could not be filled out completly resulting in 0.21 mm (0.53) dead space due to configuration induced constrains.

0 //Some general hints about the document.
0 UNOFFICIAL PART
0 BFC CERTIFY CCW

0 //Segments
1 16 8.300385 -117.395224 40 0 0.831146 -0.556054 0 0.556054 0.831146 1 0 0 3711.dat
1 16 23.985329 -120.554741 40 0 0.19747 -0.980309 0 0.980309 0.19747 1 0 0 3711.dat
1 16 37.365132 -111.780867 40 0 -0.548367 -0.836238 0 0.836238 -0.548367 1 0 0 3711.dat
1 16 40.840913 -96.162962 40 0 -0.976119 -0.217236 0 0.217236 -0.976119 1 0 0 3711.dat
1 16 40.995156 -80.163706 40 0 -0.999954 -0.00964 0 0.00964 -0.999954 1 0 0 3711.dat
1 16 40.999987 -64.163706 40 0 -1 -0.000302 0 0.000302 -1 1 0 0 3711.dat
1 16 41.000002 -48.163706 40 0 -1 -0.000001 0 0.000001 -1 1 0 0 3711.dat
1 16 41.000005 -32.163706 40 0 -1 0 0 0 -1 1 0 0 3711.dat
1 16 40.618358 -16.168259 40 0 -0.999715 0.023853 0 -0.023853 -0.999715 1 0 0 3711.dat
1 16 31.922993 -2.737301 40 0 -0.839435 0.54346 0 -0.54346 -0.839435 1 0 0 3711.dat
1 16 16.280329 0.625299 40 0 -0.210163 0.977666 0 -0.977666 -0.210163 1 0 0 3711.dat
1 16 2.819795 -8.024211 40 0 0.540594 0.841283 0 -0.841283 0.540594 1 0 0 3711.dat
1 16 -0.948595 -23.574106 40 0 0.971868 0.235524 0 -0.235524 0.971868 1 0 0 3711.dat
1 16 -0.99766 -39.574031 40 0 0.999995 0.003067 0 -0.003067 0.999995 1 0 0 3711.dat
1 16 -0.999957 -55.574031 40 0 1 0.000144 0 -0.000144 1 1 0 0 3711.dat
1 16 -0.999995 -71.574031 40 0 1 0.000002 0 -0.000002 1 1 0 0 3711.dat
1 16 -0.999994 -87.574031 40 0 1 0 0 0 1 1 0 0 3711.dat
1 16 -0.669592 -103.570619 40 0 0.999787 -0.02065 0 0.02065 0.999787 1 0 0 3711.dat

0 FILE 42050 - side1.ldr
0 side1
0 Author: Philippe Hurbain [Philo]
0 !LDRAW_ORG Unofficial_Model
0 !LICENSE Redistributable under CCAL version 2.0 : see CAreadme.txt
0 !THEME Technic
1 71 0 0 0 1 0 0 0 0 -1 0 1 0 14720.dat
1 1 -20 -40 0 0 1 0 0 0 -1 -1 0 0 6558.dat
1 1 20 -40 0 0 1 0 0 0 -1 -1 0 0 6558.dat
1 1 20 40 0 0 1 0 0 0 -1 -1 0 0 6558.dat
1 1 -20 40 0 0 1 0 0 0 -1 -1 0 0 6558.dat
1 4 20 -40 20 0 0 -1 -1 0 0 0 1 0 32278.dat
1 4 20 40 20 0 0 -1 -1 0 0 0 1 0 32278.dat
0 STEP
1 1 -40 -40 0 0 1 0 0 0 -1 -1 0 0 6558.dat
1 0 -60 -40 10 0 1 0 0 0 -1 -1 0 0 2780.dat
1 0 -40 -120 0 -1 0 0 0 0 1 0 1 0 32526.dat
1 0 -80 -40 -10 0 1 0 0 0 -1 -1 0 0 2780.dat
1 0 -40 -80 -10 0 1 0 0 0 -1 -1 0 0 2780.dat
1 0 -40 -120 -10 0 1 0 0 0 -1 -1 0 0 2780.dat
0 STEP
1 0 40 -40 30 0 1 0 0 0 -1 -1 0 0 2780.dat
1 0 40 40 30 0 1 0 0 0 -1 -1 0 0 2780.dat
1 71 40 0 40 1 0 0 0 0 -1 0 1 0 32316.dat
1 0 40 0 50 0 0 -1 0 -1 0 -1 0 0 15461.dat
0 STEP
1 1 140 -40 0 0 1 0 0 0 -1 -1 0 0 6558.dat
1 1 120 -40 0 0 1 0 0 0 -1 -1 0 0 6558.dat
1 1 80 -40 0 0 1 0 0 0 -1 -1 0 0 6558.dat
1 1 120 40 0 0 1 0 0 0 -1 -1 0 0 6558.dat
1 1 80 40 0 0 1 0 0 0 -1 -1 0 0 6558.dat
1 71 140 40 0 0 1 0 0 0 -1 -1 0 0 87082.dat

0 FILE 42050 - wheelgears.ldr
0 wheelgears
0 Author: Philippe Hurbain [Philo]
0 !LDRAW_ORG Unofficial_Model
0 !LICENSE Redistributable under CCAL version 2.0 : see CAreadme.txt
0 !THEME Technic
1 71 0 0 0 1 0 0 0 1 0 0 0 1 4519.dat
1 71 -20 0 0 1 0 0 0 -1 0 0 0 -1 6536.dat
1 0 -5 0 0 0 1 0 0 0 1 1 0 0 6632.dat
1 0 5 0 0 0 1 0 0 0 1 1 0 0 6632.dat
1 71 20 0 0 1 0 0 0 -1 0 0 0 -1 6536.dat
1 71 0 40 0 1 0 0 0 1 0 0 0 1 4519.dat
0 STEP
1 71 20 40 0 1 0 0 0 1 0 0 0 1 6536.dat
1 71 -20 40 0 1 0 0 0 1 0 0 0 1 6536.dat
1 72 28 20 0 -1 0 0 0 1 0 0 0 -1 55013.dat
1 0 -10 20 0 0 1 0 -1 0 0 0 0 1 87408.dat
1 19 -33 20 0 0 0 -1 1 0 0 0 -1 0 6589.dat
1 71 -45 20 0 0 0 -1 1 0 0 0 -1 0 32123a.dat
1 4 20 20 0 0 0 -1 1 0 0 0 -1 0 3713.dat
1 4 40 20 0 0 0 -1 1 0 0 0 -1 0 3713.dat
1 0 -60 20 0 0 -1 0 0 0 -1 1 0 0 3708.dat
1 19 -60 20 -17 0 -1 0 -1 0 0 0 0 -1 32198.dat

0 FILE 42050 - linact.ldr
0 linact
0 Author: Philippe Hurbain [Philo]
0 !LDRAW_ORG Unofficial_Model
0 !LICENSE Redistributable under CCAL version 2.0 : see CAreadme.txt
0 !THEME Technic
1 0 -240 20 20 0 0 -1 1 0 0 0 -1 0 32525.dat
1 71 -340 20 0 0 0 -1 0 -1 0 -1 0 0 32073.dat
1 0 -340 20 40 0 0 -1 -1 0 0 0 1 0 53585.dat
1 4 -340 20 0 0 -1 0 -1 0 0 0 0 -1 3713.dat
1 1 -160 20 0 0 -1 0 0 0 1 -1 0 0 6558.dat
1 1 -140 20 0 0 -1 0 0 0 1 -1 0 0 6558.dat
0 STEP
1 0 -120 20 0 0 0 1 -1 0 0 0 -1 0 32316.dat
1 71 -299.791 -11.203 0 0 0.252 0.968 0 -0.968 0.252 1 0 0 92693c01.dat
1 25 -270.759 -3.641 0 0 0.252 0.968 0 -0.968 0.252 1 0 0 92695.dat
1 72 -180 20 0 0 0.252 0.968 0 -0.968 0.252 1 0 0 92696.dat
1 1 -180 20 0 0 -0.999 0.042 0 0.042 0.999 -1 0 0 6558.dat
1 0 -280.258 -6.837 0 0 0.259 0.966 0 -0.966 0.259 1 0 0 32270.dat
1 14 -299.791 -11.203 0 0 0.252 0.968 0 -0.968 0.252 1 0 0 44294.dat
1 19 -299.791 -11.203 17 -0.252 0.968 0 0.968 0.252 0 0 0 -1 6589.dat
0 STEP
1 0 -240 20 -20 0 0 -1 1 0 0 0 -1 0 32525.dat
1 0 -340 20 -40 0 0 -1 -1 0 0 0 1 0 53585.dat
1 1 -120 20 0 0 -1 0 0 0 1 -1 0 0 6558.dat
1 1 -80 20 0 0 -1 0 0 0 1 -1 0 0 6558.dat
1 0 -60 20 20 0 0 1 -1 0 0 0 -1 0 32524.dat
1 1 0 20 0 0 -1 0 0 0 1 -1 0 0 6558.dat
1 71 -60 20 0 0 0 1 -1 0 0 0 -1 0 32140.dat
1 71 -60 20 0 0 0 1 0 -1 0 1 0 0 4519.dat
0 STEP
1 0 -60 20 -20 0 0 1 -1 0 0 0 -1 0 32524.dat
1 1 0 0 0 0 -1 0 0 0 1 -1 0 0 6558.dat

0 FILE 42050 - technicRibHoseLQ-1.ldr
0 technicRibHoseLQ-1
0 !CATEGORY technic
0 !THEME Technic
0 !KEYWORDS flexible
0 !LDCAD CONTENT [type=path] [addFallBack=default] [looped=false] [displayKind=mm] [curveStep=0] [displayLenCor=0]
0 Name: 42050 - technicRibHoseLQ-1.ldr
0 !LDRAW_ORG Unofficial_Model
0 !LICENSE Redistributable under CCAL version 2.0 : see CAreadme.txt

0 !LDCAD PATH_POINT [type=bezier] [posOri=0 0 0 1 0 0 0 1 0 0 0 1] [prevCPDist=25] [nextCPDist=9] [cirR=20] [cirDir=xyCW] [prevYRoll=0] [nextYRoll=0]
0 !LDCAD PATH_POINT [type=bezier] [posOri=0 -20 0 1 0 0 0 1 0 0 0 1] [prevCPDist=5.5] [nextCPDist=25] [cirR=20] [cirDir=xyCW] [prevYRoll=0] [nextYRoll=0]
0 !LDCAD PATH_POINT [type=bezier] [posOri=54.648232 -70 -41.92031 0.5 -0.707107 -0.5 0.707107 0 0.707107 -0.5 -0.707107 0.5] [prevCPDist=55] [nextCPDist=5] [cirR=20] [cirDir=xyCW] [prevYRoll=0] [nextYRoll=0]
0 !LDCAD PATH_POINT [type=bezier] [posOri=68.790368 -70 -27.778175 0.5 -0.707107 -0.5 0.707107 0 0.707107 -0.5 -0.707107 0.5] [prevCPDist=10.5] [nextCPDist=25] [cirR=20] [cirDir=xyCW] [prevYRoll=0] [nextYRoll=0]

0 !LDCAD PATH_SKIN [donCol=16] [donOri=1 0 0 0 1 0 0 0 1] [donPart=79.dat] [donYSize=100%] [donCen=absCen] [donCenYOfs=0] [donFinScale=none] [donPlace=refsDyn] [donYAlign=0] [donInline=false] [segSize=80%] [segSizeTol=5%] [segsCnt=1] [segsGrp=0] [segsMaxMerge=1] [segsMrgAng=0] [segsMrgRollAng=0] [segsEdgeDelKind=keepFirstLeft]
0 !LDCAD PATH_SKIN [donCol=16] [donOri=1 0 0 0 1 0 0 0 1] [donPart=80.dat] [donYSize=100%] [donCen=absCen] [donCenYOfs=0] [donFinScale=none] [donPlace=refsDyn] [donYAlign=0] [donInline=false] [segSize=75%] [segSizeTol=5%] [segsCnt=0] [segsGrp=0] [segsMaxMerge=1] [segsMrgAng=0] [segsMrgRollAng=0] [segsEdgeDelKind=keepFirstLeft]
0 !LDCAD PATH_SKIN [donCol=16] [donOri=1 0 0 0 -1 0 0 0 -1] [donPart=79.dat] [donYSize=100%] [donCen=absCen] [donCenYOfs=0] [donFinScale=none] [donPlace=refsDyn] [donYAlign=0] [donInline=false] [segSize=80%] [segSizeTol=5%] [segsCnt=1] [segsGrp=0] [segsMaxMerge=1] [segsMrgAng=0] [segsMrgRollAng=0] [segsEdgeDelKind=keepFirstLeft]

0 !LDCAD GENERATED [generator=LDCad 1.5 Beta 2a]
0 //This is the fallback LDraw content for above PATH configuration.
0 // Do not edit, any changes will be lost upon regeneration.
0 // The path is approx 59.31 mm (148.28) and exists out of 30 segments.

0 //Some general hints about the document.
0 UNOFFICIAL PART
0 BFC CERTIFY CCW

0 //Segments
1 16 0 -2.002619 0 1 0 0 0 1 0 0 0 1 79.dat
1 16 0 -7.2687 0 1 0 0 0 1 0 0 0 1 80.dat
1 16 0 -12.195624 0 1 0 0 0 1 0 0 0 1 80.dat
1 16 0 -17.122547 0 0.999963 -0.008544 0.000176 0.008544 0.999111 -0.041277 0.000176 0.041277 0.999148 80.dat
1 16 0.083338 -22.000677 -0.40262 0.99901 -0.044022 0.006383 0.044408 0.978672 -0.20057 0.002583 0.200654 0.979659 80.dat
1 16 0.447199 -26.803059 -2.048583 0.994309 -0.101385 0.032714 0.105544 0.895747 -0.431855 0.01448 0.43285 0.90135 80.dat
1 16 1.107626 -31.083923 -4.819609 0.985546 -0.151817 0.075174 0.166372 0.783709 -0.598431 0.031937 0.602288 0.79764 80.dat
1 16 1.95068 -34.68663 -8.058393 0.974712 -0.188781 0.119573 0.218914 0.699249 -0.680534 0.04486 0.689501 0.722894 80.dat
1 16 2.956651 -37.954577 -11.598127 0.96144 -0.220171 0.164795 0.269756 0.638377 -0.720907 0.053521 0.737563 0.673154 80.dat
1 16 4.111892 -40.966758 -15.318489 0.944862 -0.249614 0.211964 0.32218 0.592725 -0.738158 0.058618 0.765748 0.640464 80.dat
1 16 5.410109 -43.788746 -19.140398 0.923712 -0.279329 0.262167 0.378343 0.557808 -0.73872 0.060107 0.781554 0.620936 80.dat
1 16 6.859008 -46.457511 -23.018428 0.896051 -0.311191 0.316626 0.440165 0.529796 -0.724963 0.057855 0.788971 0.6117 80.dat
1 16 8.471835 -49.002943 -26.914627 0.859912 -0.346085 0.375202 0.507929 0.507306 -0.696168 0.050591 0.789219 0.612025 80.dat
1 16 10.265013 -51.448594 -30.795691 0.812784 -0.385147 0.437086 0.581412 0.489103 -0.650183 0.036636 0.782585 0.621465 80.dat
1 16 12.262958 -53.811857 -34.62676 0.751006 -0.430748 0.500445 0.66015 0.473948 -0.58273 0.013825 0.768003 0.640297 80.dat
1 16 14.505158 -56.103058 -38.363961 0.671423 -0.485235 0.560123 0.740778 0.460825 -0.488762 -0.020955 0.743093 0.66886 80.dat
1 16 17.038993 -58.329346 -41.948568 0.573233 -0.551319 0.606178 0.816257 0.448869 -0.363648 -0.071609 0.703252 0.707325 80.dat
1 16 19.92894 -60.48992 -45.290343 0.45937 -0.634059 0.622052 0.876721 0.436102 -0.202917 -0.142617 0.638579 0.756225 80.dat
1 16 23.44859 -62.669644 -48.36697 0.343927 -0.736104 0.582979 0.908551 0.417685 -0.008604 -0.237169 0.532626 0.812441 80.dat
1 16 27.495702 -64.717226 -50.78952 0.257486 -0.845752 0.467339 0.900952 0.384946 0.200255 -0.349266 0.369487 0.8611 80.dat
1 16 31.859831 -66.443278 -52.117731 0.231071 -0.932471 0.277676 0.858804 0.329605 0.392193 -0.457232 0.147845 0.876972 80.dat
1 16 36.520747 -67.840723 -52.240137 0.267739 -0.962089 0.051971 0.803238 0.252671 0.539413 -0.532095 -0.102677 0.840436 80.dat
1 16 41.166051 -68.84221 -51.137669 0.336514 -0.929286 -0.152269 0.756835 0.170685 0.630926 -0.560321 -0.327558 0.760754 80.dat
1 16 45.556681 -69.478381 -49.06072 0.40281 -0.863624 -0.303148 0.728301 0.101824 0.67765 -0.554367 -0.493747 0.669993 80.dat
1 16 49.610902 -69.829473 -46.311767 0.452997 -0.793827 -0.405749 0.714058 0.050577 0.698257 -0.533774 -0.606037 0.58975 80.dat
1 16 53.346087 -69.971797 -43.114585 0.484318 -0.739062 -0.468213 0.708541 0.017394 0.705456 -0.513231 -0.673413 0.53208 80.dat
1 16 56.882403 -69.999989 -39.686098 0.49747 -0.712558 -0.494757 0.707229 0.002865 0.706979 -0.502346 -0.701607 0.505367 80.dat
1 16 60.366285 -70 -36.202257 0.499999 -0.707109 -0.499998 0.707107 0.000001 0.707107 -0.500001 -0.707105 0.500002 80.dat
1 16 63.850147 -70 -32.718396 0.5 -0.707107 -0.5 0.707107 0 0.707107 -0.5 -0.707107 0.5 80.dat
1 16 67.474065 -70 -29.094478 0.5 0.707107 0.5 0.707107 0 -0.707107 -0.5 0.707107 -0.5 79.dat

0 FILE 42050 - technicRibHoseLQ-2.ldr
0 technicRibHoseLQ-2
0 !CATEGORY technic
0 !THEME Technic
0 !KEYWORDS flexible
0 !LDCAD CONTENT [type=path] [addFallBack=default] [looped=false] [displayKind=mm] [curveStep=0] [displayLenCor=0]
0 Name: 42050 - technicRibHoseLQ-2.ldr
0 !LDRAW_ORG Unofficial_Model
0 !LICENSE Redistributable under CCAL version 2.0 : see CAreadme.txt

0 !LDCAD PATH_POINT [type=bezier] [posOri=0 0 0 1 0 0 0 1 0 0 0 1] [prevCPDist=25] [nextCPDist=9] [cirR=20] [cirDir=xyCW] [prevYRoll=0] [nextYRoll=0]
0 !LDCAD PATH_POINT [type=bezier] [posOri=0 -20 0 1 0 0 0 1 0 0 0 1] [prevCPDist=5.5] [nextCPDist=25] [cirR=20] [cirDir=xyCW] [prevYRoll=0] [nextYRoll=0]
0 !LDCAD PATH_POINT [type=bezier] [posOri=45.665502 -70 -14.342984 0.5 -0.707107 -0.5 0.707107 0 0.707107 -0.5 -0.707107 0.5] [prevCPDist=55] [nextCPDist=5] [cirR=20] [cirDir=xyCW] [prevYRoll=0] [nextYRoll=0]
0 !LDCAD PATH_POINT [type=bezier] [posOri=59.807638 -70 -0.200849 0.5 -0.707107 -0.5 0.707107 0 0.707107 -0.5 -0.707107 0.5] [prevCPDist=10.5] [nextCPDist=25] [cirR=20] [cirDir=xyCW] [prevYRoll=0] [nextYRoll=0]

0 !LDCAD PATH_SKIN [donCol=16] [donOri=1 0 0 0 1 0 0 0 1] [donPart=79.dat] [donYSize=100%] [donCen=absCen] [donCenYOfs=0] [donFinScale=none] [donPlace=refsDyn] [donYAlign=0] [donInline=false] [segSize=80%] [segSizeTol=5%] [segsCnt=1] [segsGrp=0] [segsMaxMerge=1] [segsMrgAng=0] [segsMrgRollAng=0] [segsEdgeDelKind=keepFirstLeft]
0 !LDCAD PATH_SKIN [donCol=16] [donOri=1 0 0 0 1 0 0 0 1] [donPart=80.dat] [donYSize=100%] [donCen=absCen] [donCenYOfs=0] [donFinScale=none] [donPlace=refsDyn] [donYAlign=0] [donInline=false] [segSize=75%] [segSizeTol=5%] [segsCnt=0] [segsGrp=0] [segsMaxMerge=1] [segsMrgAng=0] [segsMrgRollAng=0] [segsEdgeDelKind=keepFirstLeft]
0 !LDCAD PATH_SKIN [donCol=16] [donOri=1 0 0 0 -1 0 0 0 -1] [donPart=79.dat] [donYSize=100%] [donCen=absCen] [donCenYOfs=0] [donFinScale=none] [donPlace=refsDyn] [donYAlign=0] [donInline=false] [segSize=80%] [segSizeTol=5%] [segsCnt=1] [segsGrp=0] [segsMaxMerge=1] [segsMrgAng=0] [segsMrgRollAng=0] [segsEdgeDelKind=keepFirstLeft]

0 !LDCAD GENERATED [generator=LDCad 1.5 Beta 2a]
0 //This is the fallback LDraw content for above PATH configuration.
0 // Do not edit, any changes will be lost upon regeneration.
0 // The path is approx 52.42 mm (131.05) and exists out of 27 segments.

0 //Some general hints about the document.
0 UNOFFICIAL PART
0 BFC CERTIFY CCW

0 //Segments
1 16 0 -1.920905 0 1 0 0 0 1 0 0 0 1 79.dat
1 16 0 -7.268099 0 1 0 0 0 1 0 0 0 1 80.dat
1 16 0 -12.270677 0 1 0 0 0 1 0 0 0 1 80.dat
1 16 0 -17.023254 0 0.999994 -0.003531 0.000043 0.003531 0.999692 -0.024574 0.000043 0.024574 0.999698 80.dat
1 16 0.033425 -21.758406 -0.232656 0.999782 -0.020687 0.002702 0.020863 0.991532 -0.128174 -0.000027 0.128203 0.991748 80.dat
1 16 0.20657 -26.604174 -1.284064 0.998367 -0.054907 0.015786 0.057116 0.952913 -0.297815 0.00131 0.29823 0.954493 80.dat
1 16 0.571915 -31.188114 -3.194808 0.994519 -0.095524 0.042499 0.10445 0.88988 -0.444076 0.004601 0.446081 0.894981 80.dat
1 16 1.117071 -35.251173 -5.58125 0.987623 -0.135997 0.078134 0.15667 0.831962 -0.532253 0.00738 0.537906 0.842972 80.dat
