0 FILE 42126 Ford Raptor.ldr
0 Untitled
0 Name: 42126 Ford Raptor.ldr
0 Author: marco9999
0 Unofficial Model
0 ROTATION CENTER 0 0 0 1 "Custom" 
0 ROTATION CONFIG 0 0
1 7 0 0 0 -1 0 0 0 1 0 0 0 -1 42126 chassis.ldr
1 7 0 0 0 -1 0 0 0 1 0 0 0 -1 42126 assepost.ldr
1 7 0 0 0 -1 0 0 0 1 0 0 0 -1 42126 cofano.ldr
1 7 0 0 0 -1 0 0 0 1 0 0 0 -1 42126 porta.ldr
1 7 0 0 0 -1 0 0 0 1 0 0 0 -1 42126 semiasse dx.ldr
1 7 0 0 0 -1 0 0 0 1 0 0 0 -1 42126 semiasse sx.ldr
0
0 FILE 42126 assepost.ldr
0 42126 assepost
0 Author: LEGO Digital Designer 4.3
0 ROTATION CENTER 0 0 0 1 "Custom" 
0 ROTATION CONFIG 0 0
1 72 -53.5904 -107.435 66.557 0.0028293 -0.999996 0 0.984439 0.00278529 -0.175704 0.175703 0.000497096 0.984443 32005.dat
1 1 85.7847 -62.2062 61.3076 0 0 -1 -0.309472 0.950909 0 0.950909 0.309472 0 6558.dat
1 0 25.7847 -106.432 67.947 0 0 -1 0.950909 0.309472 0 0.309472 -0.950909 0 64179.dat
1 0 25.7846 -153.978 52.4734 0 1 0 -0.950909 0 -0.309472 -0.309472 0 0.950909 2780.dat
1 4 -14.2155 -132.088 17.5317 0 -1 0 -0.950909 0 0.309472 -0.309472 0 -0.950909 11214.dat
1 71 25.7846 -146.357 12.9014 1 0 0 0 0.950909 -0.309472 0 0.309472 0.950909 99773.dat
1 4 65.7847 -132.089 17.5318 0 -1 0 -0.950909 0 0.309472 -0.309472 0 -0.950909 11214.dat
1 71 25.7846 -155.866 9.80661 1 0 0 0 0.950909 -0.309472 0 0.309472 0.950909 99773.dat
1 71 65.7847 -113.07 23.7214 0 0 1 0.309472 0.950909 0 -0.950909 0.309472 0 32526.dat
1 71 145.785 -94.0522 29.9107 0 -1 0 -0.950908 0 0.309472 -0.309472 0 -0.950908 15100.dat
1 19 42.7844 -94.0532 29.9107 0 0 -1 0.073294 0.99731 0 0.99731 -0.073294 0 6589.dat
1 14 65.7845 -94.0532 29.9105 1 0 0 0 0.99731 0.0732945 0 -0.0732945 0.99731 4519.dat
1 0 105.784 -94.0532 29.9106 0 0 -1 0.0732938 0.99731 0 0.99731 -0.0732938 0 26287.dat
1 0 155.784 -94.0532 29.9105 1 0 0 0 0.99731 0.0732929 0 -0.0732929 0.99731 3705.dat
1 0 215.536 -94.0532 29.9612 0 0 -1 0 1 0 1 0 0 56908.dat
1 72 195.535 -94.0532 29.9106 0 0 -1 0 1 0 1 0 0 92909.dat
1 0 215.666 -94.0232 29.9612 0 0 -1 0 1 0 1 0 0 69909.dat
1 71 25.7847 -125 125.001 1 0 0 0 0.950909 -0.309472 0 0.309472 0.950909 92910.dat
1 71 25.7847 -125 125.001 0 1 0 0.950908 0 0.309474 0.309474 0 -0.950908 62520.dat
1 71 25.7846 -125 125.001 1 0 0 0 -0.950908 0.309473 0 -0.309473 -0.950908 3326b.dat
1 71 25.7847 -125 125.001 -1 0 0 0 -0.999957 -0.00925972 0 -0.00925972 0.999957 62520.dat
1 14 25.7847 -112.621 86.965 0 0 1 0.309472 0.950909 0 -0.950909 0.309472 0 4519.dat
1 0 25.7847 -106.432 67.9468 1 0 0 0 -0.950909 0.309471 0 -0.309471 -0.950909 32269.dat
1 1 -14.2154 -112.621 86.9651 0 -1 0 0.950909 0 -0.309472 0.309472 0 0.950909 6558.dat
1 25 -14.2153 -93.6033 93.1546 0 -1 0 0.950908 0 -0.309472 0.309472 0 0.950909 32013.dat
1 25 -14.2153 -81.2245 55.1184 0 1 0 0.950908 0 0.309472 0.309472 0 -0.950908 10197.dat
1 0 -114.216 -138.279 36.5497 0 -1 0 -0.309472 0 -0.950908 0.950908 0 -0.309472 18651.dat
1 0 -114.216 -94.0531 29.9102 0 0 1 0.950909 -0.309472 0 0.309472 0.950909 0 23801.dat
1 0 -114.215 -62.2061 61.3074 0 -1 0 -0.309472 0 -0.950908 0.950908 0 -0.309472 18651.dat
1 71 -114.215 -144.468 55.5678 0 0 1 0.950909 -0.309472 0 0.309472 0.950909 0 32140.dat
1 4 -54.2154 -62.2062 61.3074 0 0 1 -0.309472 -0.950908 0 0.950908 -0.309472 0 11214.dat
1 0 -84.2155 -66.8483 75.571 0 0 -1 0.950909 0.309472 0 0.309472 -0.950909 0 32449.dat
1 0 -84.2154 -69.943 85.0801 0 0 -1 0.950909 0.309472 0 0.309472 -0.950909 0 32449.dat
1 71 -74.2155 -56.0167 42.2892 0 0 -1 -0.950909 -0.309472 0 -0.309472 0.950909 0 32316.dat
1 71 -34.2154 -100.243 48.9285 -1 0 0 0 0.309472 -0.950909 0 -0.950909 -0.309472 14720.dat
1 71 -74.2155 -132.089 17.5315 0 0 -1 0.950909 0.309472 0 0.309472 -0.950909 0 32316.dat
1 1 -34.2154 -62.2062 61.3076 0 0 -1 -0.309472 0.950909 0 0.950909 0.309472 0 6558.dat
1 0 -74.2155 -52.922 32.7801 0 0 -1 -0.309472 0.950909 0 0.950909 0.309472 0 2780.dat
1 0 -74.2154 -68.8454 17.0816 1 0 0 0 0.950909 -0.309472 0 0.309472 0.950909 63869.dat
1 1 -64.2155 -68.8454 17.0817 -1 0 0 0 -0.309472 0.950909 0 0.950909 0.309472 43093.dat
1 71 -54.2155 -75.0349 36.0998 0 -1 0 -0.950909 0 0.309472 -0.309472 0 -0.950909 32316.dat
1 25 -54.2155 -87.4138 74.1363 1 0 0 0 0.950908 -0.309473 0 0.309473 0.950908 32054.dat
1 19 -54.2155 -62.6564 -1.93644 1 0 0 0 0.990268 0.139171 0 -0.139171 0.990268 32556.dat
1 1 65.7845 -78.382 -17.8267 0 0 -1 -0.321072 0.947055 0 0.947055 0.321072 0 43093.dat
1 4 85.7845 -81.5928 -8.35615 0 0 -1 0.947055 0.321072 0 0.321072 -0.947055 0 33299a.dat
1 4 85.7844 -81.5928 -8.35618 0 -1 0 -0.321072 0 -0.947055 0.947055 0 -0.321072 32062.dat
1 1 85.7845 -62.6563 -1.93616 0 0 -1 0.321072 -0.947055 0 -0.947055 -0.321072 0 92907.dat
1 4 105.785 -81.5927 -8.35609 0 -1 0 -0.321072 0 -0.947055 0.947055 0 -0.321072 32062.dat
1 71 25.7845 -75.1713 -27.2972 0 0 1 -0.947055 0.321072 0 -0.321072 -0.947055 0 32316.dat
1 1 -14.2155 -78.382 -17.8267 0 0 -1 -0.321072 0.947055 0 0.947055 0.321072 0 43093.dat
1 4 -34.2155 -81.5929 -8.35632 0 0 1 -0.947055 0.321072 0 -0.321072 -0.947055 0 33299a.dat
1 4 -34.2155 -81.5928 -8.35635 0 -1 0 -0.321072 0 -0.947055 0.947055 0 -0.321072 32062.dat
1 1 -34.2155 -62.6565 -1.93641 0 0 1 -0.321072 -0.947055 0 0.947055 -0.321072 0 92907.dat
1 4 -54.2155 -81.5929 -8.35645 0 -1 0 -0.321072 0 -0.947055 0.947055 0 -0.321072 32062.dat
1 0 105.785 -81.5927 -8.35612 0.976296 0.21644 0 -0.20498 0.924604 -0.321077 -0.0694939 0.313466 0.947053 4254.dat
1 383 93.78 -132.451 -25.982 0.976296 0.21644 0 -0.20498 0.924604 -0.321077 -0.0694939 0.313466 0.947053 x882.dat
1 71 85.7847 -166.209 -38.1855 0.976296 0.21644 0 -0.20348 0.91784 -0.340829 -0.073769 0.33275 0.940125 4255.dat
1 0 -54.2155 -81.5928 -8.35666 -0.975534 -0.219847 0 -0.208207 0.923885 0.321072 -0.0705848 0.313217 -0.947055 4254.dat
1 383 -42.231 -132.348 -25.564 -0.975534 -0.219847 0 -0.208207 0.923885 0.321072 -0.0705848 0.313217 -0.947055 x882.dat
1 71 -34.2154 -166.209 -38.1848 -0.976296 -0.216439 0 -0.203477 0.917828 0.340865 -0.0737762 0.332785 -0.940112 4255.dat
1 19 105.785 -62.6561 -1.93643 -1 0 0 0 0.950908 0.309472 0 0.309472 -0.950909 32556.dat
1 71 105.785 -75.035 36.1001 0 -1 0 -0.950909 0 0.309472 -0.309472 0 -0.950909 32316.dat
1 0 125.785 -68.8455 17.0819 1 0 0 0 0.950909 -0.309472 0 0.309472 0.950909 63869.dat
1 1 115.785 -68.8456 17.0821 1 0 0 0 0.309472 0.950909 0 -0.950909 0.309472 43093.dat
1 0 145.785 -52.9221 32.7804 0 0 -1 -0.309472 0.950909 0 0.950909 0.309472 0 2780.dat
1 0 165.785 -138.279 36.55 0 -1 0 -0.309472 0 -0.950908 0.950908 0 -0.309472 18651.dat
1 0 165.785 -94.0532 29.9106 0 0 -1 -0.950909 -0.309472 0 -0.309472 0.950909 0 23801.dat
1 0 165.785 -62.2063 61.3077 0 -1 0 -0.309472 0 -0.950908 0.950908 0 -0.309472 18651.dat
1 71 165.785 -144.468 55.5682 0 0 -1 0.950909 0.309472 0 0.309472 -0.950909 0 32140.dat
1 0 135.785 -66.8484 75.5714 0 0 -1 0.950909 0.309472 0 0.309472 -0.950909 0 32449.dat
1 4 105.785 -62.2063 61.3077 0 0 1 -0.309472 -0.950908 0 0.950908 -0.309472 0 11214.dat
1 0 135.785 -69.9431 85.0804 0 0 -1 0.950909 0.309472 0 0.309472 -0.950909 0 32449.dat
1 71 125.785 -56.0168 42.2896 0 0 -1 -0.950909 -0.309472 0 -0.309472 0.950909 0 32316.dat
1 71 85.7847 -100.243 48.9289 -1 0 0 0 0.309472 -0.950909 0 -0.950909 -0.309472 14720.dat
1 71 125.785 -132.09 17.5317 0 0 -1 0.950909 0.309472 0 0.309472 -0.950909 0 32316.dat
1 1 85.7847 -138.279 36.5499 0 0 -1 -0.309472 0.950909 0 0.950909 0.309472 0 6558.dat
1 1 165.785 -84.769 1.3832 0 -1 0 0.309472 0 0.950909 -0.950909 0 0.309472 43093.dat
1 71 165.785 -81.6742 -8.12586 0 -1 0 -0.309472 0 -0.950909 0.950909 0 -0.309472 6536.dat
1 0 145.785 -91.1824 -11.2203 0 1 0 -0.950909 0 -0.309472 -0.309472 0 0.950909 2780.dat
1 71 65.7846 -132.09 17.5318 0 0 1 -0.309472 -0.950908 0 0.950908 -0.309472 0 15100.dat
1 0 125.785 -52.9221 32.7804 0 0 -1 -0.309472 0.950909 0 0.950909 0.309472 0 2780.dat
1 25 65.7846 -131.64 80.7757 0 -1 0 0.950908 0 -0.309472 0.309472 0 0.950909 32013.dat
1 25 65.7846 -119.261 42.7392 0 -1 0 -0.950909 0 0.309472 -0.309472 0 -0.950909 10197.dat
1 1 65.7846 -100.243 48.9288 0 -1 0 0.950909 0 -0.309472 0.309472 0 0.950909 6558.dat
1 25 65.7846 -93.6033 93.1546 0 -1 0 0.950908 0 -0.309472 0.309472 0 0.950909 32013.dat
1 25 65.7846 -81.2245 55.1182 0 0 -1 0.950909 0.309472 0 0.309472 -0.950909 0 10197.dat
1 1 65.7846 -112.622 86.9652 0 -1 0 0.950909 0 -0.309472 0.309472 0 0.950909 6558.dat
1 1 105.785 -138.279 36.5499 0 0 -1 -0.309472 0.950909 0 0.950909 0.309472 0 6558.dat
1 25 105.785 -87.4139 74.1365 -1 0 0 0 0.950908 0.309472 0 0.309472 -0.950909 32054.dat
1 72 125.785 -62.6561 -1.93643 0 -1 0 -0.950908 0 0.309472 -0.309472 0 -0.950908 18654.dat
1 72 -74.2155 -62.6564 -1.93653 0 -1 0 -0.990268 0 -0.139172 0.139172 0 -0.990268 18654.dat
1 0 -94.2154 -52.922 32.7801 0 0 -1 -0.309472 0.950909 0 0.950909 0.309472 0 2780.dat
1 19 8.78455 -94.0532 29.9107 0 0 1 0.309472 0.950909 0 -0.950909 0.309472 0 6589.dat
1 14 -14.2155 -94.0531 29.9107 1 0 0 0 0.950909 -0.309472 0 0.309472 0.950909 4519.dat
1 0 -54.2155 -94.0531 29.9107 0 0 -1 -0.309472 0.950909 0 0.950909 0.309472 0 26287.dat
1 0 -104.215 -94.0531 29.9107 1 0 0 0 0.950909 -0.309472 0 0.309472 0.950909 3705.dat
1 0 -163.967 -94.0374 29.8621 0 0 1 0.309472 0.950909 0 -0.950909 0.309472 0 56908.dat
1 72 -143.966 -94.0531 29.9102 0 0 1 0.309472 0.950909 0 -0.950909 0.309472 0 92909.dat
1 0 -163.837 -94.0074 29.8621 0 0 -1 0 1 0 1 0 0 69909.dat
1 72 25.7845 -94.0532 29.9106 0 0 -1 0.911483 0.411338 0 0.411338 -0.911483 0 62821.dat
1 19 25.7846 -101.046 45.4058 -0.98643 -0.16418 0 -0.149647 0.899116 0.411335 -0.0675333 0.405754 -0.911484 6589.dat
1 71 -94.2155 -94.0521 29.9107 0 -1 0 -0.950908 0 0.309472 -0.309472 0 -0.950908 15100.dat
1 71 -14.2155 -113.07 23.7213 0 0 -1 0.309472 -0.950908 0 -0.950908 -0.309472 0 32526.dat
1 0 -94.2155 -91.1823 -11.2204 0 1 0 -0.950909 0 -0.309472 -0.309472 0 0.950909 2780.dat
1 1 -114.215 -84.7689 1.3833 0 -1 0 0.309472 0 0.950909 -0.950909 0 0.309472 43093.dat
1 71 -114.215 -81.6742 -8.12576 0 1 0 0.309472 0 -0.950909 -0.950909 0 -0.309472 6536.dat
1 1 -34.2154 -138.279 36.5499 0 0 -1 -0.309472 0.950909 0 0.950909 0.309472 0 6558.dat
1 71 -14.2154 -132.089 17.5315 0 0 1 -0.309472 -0.950908 0 0.950908 -0.309472 0 15100.dat
1 25 -14.2154 -131.64 80.7757 0 -1 0 0.950908 0 -0.309472 0.309472 0 0.950909 32013.dat
1 25 -14.2154 -119.261 42.7392 0 0 1 -0.950909 0.309472 0 -0.309472 -0.950909 0 10197.dat
1 1 -14.2154 -100.243 48.9288 0 -1 0 0.950909 0 -0.309472 0.309472 0 0.950909 6558.dat
1 1 -54.2154 -138.279 36.5496 0 0 -1 -0.309472 0.950909 0 0.950909 0.309472 0 6558.dat
1 4 95.7844 -106.435 67.9463 -1 0 0 0 0.950908 0.309472 0 0.309472 -0.950909 6628.dat
1 72 106.409 -106.437 67.9457 0.0028293 -0.999996 0 0.984439 0.00278529 -0.175704 0.175703 0.000497096 0.984443 32005.dat
1 4 -44.2009 -106.432 67.9471 1 0 0 0 0.950908 -0.309473 0 0.309473 0.950908 6628.dat
1 1 -34.2153 -185.007 -45.0003 0 0 -1 -0.340852 0.940117 0 0.940117 0.340852 0 92907.dat
1 0 -34.2154 -169.618 -28.7837 0 1 0 0.340855 0 -0.940116 -0.940116 0 -0.340855 18651.dat
1 0 -14.2153 -169.618 -28.7837 0 1 0 0.340852 0 -0.940117 -0.940117 0 -0.340852 18651.dat
1 0 25.7846 -176.434 -9.98155 0 0 -1 0.940125 0.340829 0 0.340829 -0.940125 0 32524.dat
1 0 85.7847 -169.617 -28.7842 0 0 1 0.340829 0.940125 0 -0.940125 0.340829 0 18651.dat
1 1 85.7848 -185.007 -45.0002 0 0 1 0.340829 0.940125 0 -0.940125 0.340829 0 92907.dat
1 0 65.7847 -169.617 -28.784 0 1 0 0.340826 0 -0.940126 -0.940126 0 -0.340826 18651.dat
1 71 25.7848 -166.209 -38.1848 0 0 -1 -0.940117 -0.340852 0 -0.340852 0.940117 0 32316.dat
0
0 FILE 42126 chassis.ldr
0 42126 chassis
0 Author: LEGO Digital Designer 4.3
0 ROTATION CENTER 0 0 0 1 "Custom" 
0 ROTATION CONFIG 0 0
1 25 -77.48 -204.809 850.968 0.3665 0 -0.930418 0 -1 0 -0.930418 0 -0.3665 32140.dat
1 0 -133.305 -194.809 828.978 0 1 0 -1 0 0 0 0 1 2780.dat
1 0 -114.697 -194.809 836.308 0 0.382682 0.92388 -1 0 0 0 -0.92388 0.382682 2780.dat
1 0 -77.6894 -185.009 850.886 0.366507 0 -0.930415 0 -1 0 -0.930415 0 -0.366507 11946.dat
1 4 -68.1758 -185.009 854.634 0.930418 0 -0.3665 0 1 0 0.3665 0 0.930418 32062.dat
1 0 -46.8892 -185.01 841.523 0 -0.93041 -0.366521 1 0 0 0 -0.366521 0.93041 41677.dat
1 0 -56.1933 -185.009 837.858 0 -0.93041 -0.366521 1 0 0 0 -0.366521 0.93041 41677.dat
1 19 -116.621 -305.996 528.862 0.925116 0 -0.379686 0 1 0 0.379686 0 0.925116 6562.dat
1 25 -108.535 -344.883 483.004 -0.246086 0.925113 -0.28915 -0.761538 0 0.64812 0.599584 0.379692 0.704509 32524.dat
1 19 -81.9344 -383.77 444.529 0.925135 0 -0.379638 0 1 0 0.379638 0 0.925135 6562.dat
1 71 -14.2125 -185.008 674.999 0 0 -1 -1 0 0 0 1 0 32140.dat
1 1 -14.2125 -185.008 664.999 0 0 1 0 -1 0 1 0 0 43093.dat
1 0 -34.2124 -145.008 654.999 1 0 0 0 0 -1 0 1 0 60484.dat
1 19 -34.2124 -165.009 674.999 0 -1 0 0 0 1 -1 0 0 32556.dat
1 0 5.78765 -165.009 694.999 0 0 -1 -1 0 0 0 1 0 60484.dat
1 0 5.78842 -165.009 684.999 0 -1 0 0 0 1 -1 0 0 2780.dat
1 71 25.7887 -165.009 674.999 0 0 1 1 0 0 0 1 0 32316.dat
1 0 65.7887 -165.009 684.999 0 -1 0 0 0 1 -1 0 0 2780.dat
1 0 45.7892 -165.009 694.999 0 0 1 1 0 0 0 1 0 60484.dat
1 1 85.7892 -145.009 674.999 0 -1 0 0 0 1 -1 0 0 6558.dat
1 25 85.7892 -125.009 674.999 -1 0 0 0 0 1 0 1 0 32523.dat
1 1 85.7892 -125.009 674.999 0 0 -1 0 -1 0 -1 0 0 6558.dat
1 0 45.7892 -105.009 654.999 0 0 1 1 0 0 0 1 0 60484.dat
1 1 85.7892 -105.009 674.999 0 0 -1 0 -1 0 -1 0 0 6558.dat
1 0 45.7892 -105.009 694.999 0 0 1 1 0 0 0 1 0 60484.dat
1 1 45.7885 -105.009 674.999 0 -1 0 0 0 1 -1 0 0 6558.dat
1 71 25.7884 -105.009 674.999 0 0 1 1 0 0 0 1 0 32316.dat
1 1 65.7884 -105.009 674.999 0 -1 0 0 0 1 -1 0 0 6558.dat
1 1 -14.2119 -105.009 674.999 0 -1 0 0 0 1 -1 0 0 6558.dat
1 0 5.78765 -105.009 654.999 0 0 -1 -1 0 0 0 1 0 60484.dat
1 1 -34.2123 -105.009 674.999 0 0 -1 0 -1 0 -1 0 0 6558.dat
1 25 -34.2123 -125.009 674.999 -1 0 0 0 0 1 0 1 0 32523.dat
1 1 -34.2123 -125.009 674.999 0 0 -1 0 -1 0 -1 0 0 6558.dat
1 0 5.7877 -105.009 694.999 0 0 -1 -1 0 0 0 1 0 60484.dat
1 1 5.78842 -105.009 674.999 0 -1 0 0 0 1 -1 0 0 6558.dat
1 1 -34.2124 -145.009 674.999 0 -1 0 0 0 1 -1 0 0 6558.dat
1 0 -14.2107 -85.0089 754.999 0 1 0 -1 0 0 0 0 1 32009.dat
1 0 -14.2107 -165.009 754.999 -1 0 0 0 0 -1 0 -1 0 18651.dat
1 71 25.7894 -85.0088 594.999 1 0 0 0 1 0 0 0 1 32073.dat
1 4 25.7893 -105.009 594.999 -1 0 0 0 -1 0 0 0 1 42003.dat
1 0 65.7893 -85.0089 754.999 0 1 0 -1 0 0 0 0 1 32009.dat
1 0 65.7893 -165.009 754.999 1 0 0 0 0 -1 0 1 0 18651.dat
1 71 -34.2107 -165.009 754.999 0 1 0 0 0 -1 -1 0 0 32140.dat
1 71 85.7892 -165.009 754.999 0 1 0 0 0 -1 -1 0 0 32140.dat
1 71 -54.2107 -225.009 754.999 0 1 0 0 0 1 1 0 0 55615.dat
1 71 105.789 -225.009 754.999 0 0 1 0 -1 0 1 0 0 55615.dat
1 0 25.7892 -245.009 754.999 0 0 1 1 0 0 0 1 0 71710.dat
1 71 45.7894 -85.009 614.999 0 -1 0 1 0 0 0 0 1 40490.dat
1 71 5.78932 -85.009 614.999 0 -1 0 1 0 0 0 0 1 40490.dat
1 0 25.7893 -185.009 754.999 -1 0 0 0 0 -1 0 -1 0 39793.dat
1 4 5.78927 -205.009 735 1 0 0 0 1 0 0 0 1 42003.dat
1 71 25.7893 -225.009 735 1 0 0 0 1 0 0 0 1 32073.dat
1 4 45.7892 -205.009 735 1 0 0 0 1 0 0 0 1 42003.dat
1 25 85.7892 -225.009 735 1 0 0 0 1 0 0 0 1 32054.dat
1 25 -34.2108 -225.009 734.999 -1 0 0 0 1 0 0 0 -1 32054.dat
1 0 25.7893 -85.0089 654.999 1 0 0 0 0 -1 0 1 0 18651.dat
1 4 25.7893 -105.009 654.999 -1 0 0 0 -1 0 0 0 1 42003.dat
1 71 25.7884 -105.009 694.999 0 0 -1 0 1 0 1 0 0 6536.dat
1 72 25.7884 -105.009 684.999 0 0 -1 0 1 0 1 0 0 87083.dat
1 0 -54.2107 -225.009 634.999 0 1 0 -1 0 0 0 0 1 32525.dat
1 0 -64.2107 -225.009 554.999 1 0 0 0 1 0 0 0 1 2780.dat
1 4 -74.2107 -225.009 554.999 0 0 -1 -1 0 0 0 1 0 42003.dat
1 72 -74.2107 -245.009 534.999 0 -1 0 1 0 0 0 0 1 27940.dat
1 1 -34.2104 -275.009 535 0 1 0 1 0 0 0 0 -1 43093.dat
1 72 -54.2104 -265.009 535 0 1 0 -1 0 0 0 0 1 32184.dat
1 71 25.7896 -285.009 534.999 0 0 1 0 1 0 -1 0 0 40490.dat
1 0 105.79 -295.009 534.999 0 -1 0 1 0 0 0 0 1 2780.dat
1 0 105.789 -305.009 534.999 0.911019 0 -0.412364 0 -1 0 -0.412364 0 -0.911019 22961.dat
1 0 119.455 -305.009 528.814 0 -0.911019 0.412364 1 0 0 0 0.412364 0.911019 41677.dat
1 4 132.257 -305.009 544.973 -0.911019 0 0.412364 0 -1 0 0.412364 0 0.911019 32062.dat
1 25 150.478 -306.209 536.725 -0.412368 0 -0.911017 0 -1 0 -0.911017 0 0.412368 59443.dat
1 72 -14.2105 -305.009 534.999 0 0 -1 -1 0 0 0 1 0 32291.dat
1 1 -14.2105 -295.009 534.999 0 1 0 -1 0 0 0 0 1 43093.dat
1 0 25.7896 -295.009 554.999 0 0 1 1 0 0 0 1 0 26287.dat
1 1 55.7896 -295.009 554.999 -1 0 0 0 -1 0 0 0 1 43093.dat
1 1 -4.21039 -295.009 554.999 1 0 0 0 1 0 0 0 1 43093.dat
1 72 65.7895 -305.009 534.999 0 0 -1 -1 0 0 0 1 0 32291.dat
1 1 65.7894 -295.009 534.999 0 1 0 -1 0 0 0 0 1 43093.dat
1 0 -54.2104 -295.009 534.999 0 -1 0 1 0 0 0 0 1 2780.dat
1 0 -54.2104 -305.009 534.999 -0.918371 0 0.39572 0 1 0 -0.39572 0 -0.918371 22961.dat
1 0 -67.9859 -305.009 529.064 0 0.918371 -0.39572 -1 0 0 0 0.39572 0.918371 41677.dat
1 4 -80.492 -305.009 545.452 0.918369 0 -0.395725 0 1 0 0.395725 0 0.918369 32062.dat
1 25 -98.8596 -305.309 537.538 0.395705 0 0.918377 0 1 0 -0.918377 0 0.395705 59443.dat
1 0 5.78957 -295.009 534.999 0 -1 0 1 0 0 0 0 1 2780.dat
1 0 25.7896 -305.009 534.999 0 0 -1 0 1 0 1 0 0 32523.dat
1 0 45.7895 -295.009 534.999 0 -1 0 1 0 0 0 0 1 2780.dat
1 4 125.789 -225.009 554.999 0 0 -1 -1 0 0 0 1 0 42003.dat
1 72 125.789 -245.009 534.999 0 -1 0 1 0 0 0 0 1 27940.dat
1 72 105.789 -265.009 535 0 1 0 -1 0 0 0 0 1 32184.dat
1 1 85.7896 -275.009 535 0 1 0 1 0 0 0 0 -1 43093.dat
1 1 145.789 -245.009 534.999 -1 0 0 0 1 0 0 0 -1 6558.dat
1 4 165.789 -205.009 535 0 1 0 -1 0 0 0 0 1 22961.dat
1 1 165.789 -245.009 534.999 1 0 0 0 0 -1 0 1 0 32015.dat
1 1 165.789 -256.489 507.283 0 1 0 0.382681 0 0.923881 0.923881 0 -0.382681 43093.dat
1 0 25.7893 -260.316 498.044 0 0 -1 -0.923881 0.38268 0 0.38268 0.923881 0 32278.dat
1 4 -114.211 -205.009 535.001 0 1 0 -1 0 0 0 0 1 22961.dat
1 1 -114.211 -245.009 534.999 1 0 0 0 0 -1 0 1 0 32015.dat
1 1 -114.211 -256.489 507.283 0 1 0 0.382681 0 0.923881 0.923881 0 -0.382681 43093.dat
1 1 -94.2107 -245.009 534.999 1 0 0 0 1 0 0 0 1 6558.dat
1 71 -14.2107 -85.009 535.001 0 1 0 0 0 -1 -1 0 0 32526.dat
1 4 -14.2107 -85.009 535.001 -1 0 0 0 1 0 0 0 -1 11214.dat
1 0 -29.2107 -125.009 535.001 0 -1 0 0 0 1 -1 0 0 32249.dat
1 1 -44.2107 -125.009 495.001 1 0 0 0 0 -1 0 1 0 43093.dat
1 0 -39.2107 -125.009 535.001 0 -1 0 0 0 1 -1 0 0 32249.dat
1 14 -34.2107 -125.009 535.001 -1 0 0 0 -1 0 0 0 1 4519.dat
1 25 -64.2107 -125.009 535.001 0 0 -1 0 -1 0 -1 0 0 59443.dat
1 4 -94.2107 -125.009 535.001 1 0 0 0 1 0 0 0 1 11214.dat
1 71 -94.2107 -205.009 535.001 0 -1 0 0 0 1 -1 0 0 40490.dat
1 1 -34.2107 -165.009 495.001 1 0 0 0 1 0 0 0 1 6558.dat
1 71 -34.2108 -245.009 535.001 0 -1 0 0 0 1 -1 0 0 32526.dat
1 1 -34.2108 -225.009 535.001 1 0 0 0 1 0 0 0 1 6558.dat
1 71 -14.2109 -205.009 535 0 1 0 -1 0 0 0 0 1 6536.dat
1 72 -14.2109 -225.009 535 0 1 0 1 0 0 0 0 -1 27940.dat
1 71 -14.2109 -245.009 535 0 1 0 -1 0 0 0 0 1 6536.dat
1 25 5.78909 -245.009 574.999 0 0.793568 -0.608482 0 0.608482 0.793568 1 0 0 32054.dat
1 1 5.78897 -245.009 544.999 0 0.793568 -0.608482 0 0.608482 0.793568 1 0 0 43093.dat
1 0 25.7892 -254.509 574.999 -1 0 0 0 1 0 0 0 -1 32333.dat
1 25 45.7892 -245.009 574.999 0 -0.000133722 -1 0 1 -0.000133722 1 0 0 32054.dat
1 1 45.7892 -245.009 544.999 0 1 -0.00013384 0 0.000133838 1 1 0 0 43093.dat
1 71 65.7892 -205.009 535 0 -1 0 1 0 0 0 0 1 6536.dat
1 72 65.7893 -225.009 535.001 0 1 0 1 0 0 0 0 -1 27940.dat
1 71 65.7891 -245.009 535.001 0 -1 0 1 0 0 0 0 1 6536.dat
1 1 45.7892 -205.009 554.999 0 0 -1 0 1 0 1 0 0 6558.dat
1 0 25.7892 -245.009 554.999 1 0 0 0 0 1 0 -1 0 60484.dat
1 71 25.7893 -205.009 746.999 0 0 -1 0 1 0 1 0 0 32073.dat
1 14 25.7893 -205.009 684.999 0 1 0 1 0 0 0 0 -1 2853.dat
1 19 25.7893 -205.009 664.999 0 1 0 -1 0 0 0 0 1 2854.dat
1 4 25.7893 -195.009 644.999 0 -1 0 0 0 -1 1 0 0 32062.dat
1 19 25.7893 -205.009 624.999 0 -1 0 -1 0 0 0 0 -1 2854.dat
1 71 25.7893 -205.009 774.999 0 1 0 1 0 0 0 0 -1 94925.dat
1 4 25.7894 -215.009 604.999 0 -1 0 0 0 -1 1 0 0 32062.dat
1 14 25.7893 -215.009 574.999 0 -1 0 -1 0 0 0 0 -1 2853.dat
1 71 25.7894 -215.009 684.999 0.41737 -0.908737 0 0.908737 0.41737 0 0 0 1 2852.dat
1 71 78.1891 -244.309 684.988 -0.6 -0.8 0 -0.8 0.6 0 0 0 -1 2850a.dat
1 14 62.1156 -231.687 684.999 0 -0.8 0.6 0 0.6 0.8 -1 0 0 2851.dat
1 0 45.7892 -245.009 664.999 0 0 -1 0 1 0 1 0 0 2780.dat
1 71 78.1891 -244.309 644.988 -0.6 -0.8 0 -0.8 0.6 0 0 0 -1 2850a.dat
1 14 52.3137 -224.912 644.999 0 -0.8 0.6 0 0.6 0.8 -1 0 0 2851.dat
1 71 25.7893 -195.009 644.999 0.748007 -0.663691 0 0.663691 0.748007 0 0 0 1 2852.dat
1 0 69.7891 -213.009 624.999 0 0 -1 0 1 0 1 0 0 2780.dat
1 71 78.1891 -244.309 604.988 -0.6 -0.8 0 -0.8 0.6 0 0 0 -1 2850a.dat
1 14 62.1659 -231.577 604.999 0 -0.8 0.6 0 0.6 0.8 -1 0 0 2851.dat
1 25 69.7891 -213.009 574.999 0 -7.5724e-005 -1 0 1 -7.5724e-005 1 0 0 32054.dat
1 0 45.7892 -245.009 624.999 0 0 -1 0 1 0 1 0 0 2780.dat
1 71 25.7894 -215.009 604.999 0.414632 -0.909989 0 0.909989 0.414632 0 0 0 1 2852.dat
1 0 69.7891 -213.009 664.999 0 0 -1 0 1 0 1 0 0 2780.dat
1 0 45.7892 -245.009 704.999 0 0 -1 0 1 0 1 0 0 2780.dat
1 0 25.7893 -225.009 714.999 1 0 0 0 1 0 0 0 1 63869.dat
1 14 25.7893 -225.009 714.999 1 0 0 0 1 0 0 0 1 4519.dat
1 71 45.7891 -225.009 715 -1 0 0 0 -1 0 0 0 1 6536.dat
1 71 5.78903 -225.009 715 -1 0 0 0 -1 0 0 0 1 6536.dat
1 0 5.78929 -205.009 724.999 0 0 -1 0 1 0 1 0 0 2780.dat
1 0 45.7893 -205.009 724.999 0 0 -1 0 1 0 1 0 0 2780.dat
1 0 5.7891 -245.009 704.999 0 0 -1 0 1 0 1 0 0 2780.dat
1 71 -26.6109 -244.309 684.988 -0.6 0.8 0 0.8 0.6 0 0 0 -1 2850a.dat
1 14 -10.2922 -232.21 684.999 0 0.8 -0.6 0 0.6 0.8 1 0 0 2851.dat
1 0 -18.2109 -213.009 664.999 0 0 -1 0 1 0 1 0 0 2780.dat
1 71 -26.6109 -244.309 644.988 -0.6 0.8 0 0.8 0.6 0 0 0 -1 2850a.dat
1 14 -0.73527 -224.912 644.999 0 0.8 -0.6 0 0.6 0.8 1 0 0 2851.dat
1 71 25.7893 -195.009 644.999 -0.748007 0.663691 0 0.663691 0.748007 0 0 0 -1 2852.dat
1 0 -18.2109 -213.009 624.999 0 0 -1 0 1 0 1 0 0 2780.dat
1 71 -26.6109 -244.309 604.988 -0.6 0.8 0 0.8 0.6 0 0 0 -1 2850a.dat
1 14 -10.292 -232.209 604.999 0 0.8 -0.6 0 0.6 0.8 1 0 0 2851.dat
1 25 -18.2108 -213.009 574.999 0 7.51282e-005 -1 0 1 7.51282e-005 1 0 0 32054.dat
1 0 5.7891 -245.009 624.999 0 0 -1 0 1 0 1 0 0 2780.dat
1 71 25.7894 -215.009 604.999 -0.43045 0.902614 0 0.902614 0.43045 0 0 0 -1 2852.dat
1 0 5.7891 -245.009 664.999 0 0 -1 0 1 0 1 0 0 2780.dat
1 71 25.7893 -215.009 684.999 -0.43045 0.902614 0 0.902614 0.43045 0 0 0 -1 2852.dat
1 0 25.7893 -185.009 794.999 -1 0 0 0 0 -1 0 -1 0 39793.dat
1 0 45.7892 -185.009 804.999 0 0 -1 0 1 0 1 0 0 2780.dat
1 71 45.7893 -165.009 814.999 0 -1 0 -1 0 0 0 0 -1 44809.dat
1 25 45.7893 -185.009 834.999 0 -1 0 1 0 0 0 0 1 32054.dat
1 72 45.6994 -235.009 835.124 0 1 0 -1 0 0 0 0 1 87083.dat
1 0 25.6993 -245.009 835.124 1 0 0 0 0 1 0 -1 0 15458.dat
1 25 5.78928 -185.009 834.999 0 -1 0 1 0 0 0 0 1 32054.dat
1 72 5.69935 -235.009 835.124 0 1 0 -1 0 0 0 0 1 87083.dat
1 71 5.78932 -165.009 814.999 0 -1 0 -1 0 0 0 0 -1 44809.dat
1 1 25.7893 -165.009 814.999 1 0 0 0 1 0 0 0 1 6558.dat
1 72 25.7892 -165.009 814.999 0 -1 0 -1 0 0 0 0 -1 18654.dat
1 0 5.78929 -185.009 804.999 0 0 -1 0 1 0 1 0 0 2780.dat
1 4 -41.9272 -185.01 843.519 0.923879 0 -0.382684 0 1 0 0.382684 0 0.923879 32062.dat
1 0 -14.2101 -185.01 854.999 0 0 -1 -1 0 0 0 1 0 32016.dat
1 14 25.7899 -185.01 854.999 1 0 0 0 1 0 0 0 1 4519.dat
1 0 65.7899 -185.01 854.999 0 0 1 1 0 0 0 1 0 32016.dat
1 4 93.5064 -185.01 843.519 -0.923879 0 0.382684 0 -1 0 0.382684 0 0.923879 32062.dat
1 0 25.7897 -185.009 854.999 1 0 0 0 0 1 0 -1 0 63869.dat
1 1 -14.2107 -185.01 854.999 0 1 0 -1 0 0 0 0 1 6558.dat
1 0 25.7894 -165.01 854.999 0 0 -1 0 1 0 1 0 0 32524.dat
1 1 65.7893 -185.01 854.999 0 1 0 -1 0 0 0 0 1 6558.dat
1 25 25.7893 -205.01 854.999 0 0 -1 0 1 0 1 0 0 40490.dat
1 71 105.699 -225.009 815.124 0 0 1 0 -1 0 1 0 0 15100.dat
1 1 105.699 -245.009 815.124 0 -1 0 1 0 0 0 0 1 6558.dat
1 0 105.699 -245.009 815.124 0 -0.00149984 -0.999999 1 0 0 0 -0.999999 0.00149986 24116.dat
1 1 165.789 -245.009 774.999 0 0 -1 1 0 0 0 -1 0 92907.dat
1 4 185.789 -245.009 755.004 0 -1 0 1 0 0 0 0 1 32062.dat
1 1 145.789 -245.009 774.999 -1 0 0 0 -1 0 0 0 1 6558.dat
1 1 135.789 -265.009 774.999 -1 0 0 0 0 -1 0 -1 0 43093.dat
1 25 125.789 -265.009 774.999 0 -1 0 0 0 -1 1 0 0 60483.dat
1 25 145.789 -285.009 695 0 -1 0 1 0 0 0 0 1 32526.dat
1 1 165.789 -285.009 754.999 1 0 0 0 -1 0 0 0 -1 6558.dat
1 25 165.789 -285.009 634.999 0 -1 0 1 0 0 0 0 1 41239.dat
1 1 165.789 -285.009 534.999 -1 0 0 0 -1 0 0 0 1 6558.dat
1 14 185.789 -265.009 555 0 0 -1 0 1 0 1 0 0 4519.dat
1 0 185.789 -265.009 555 0 0 -1 0 -1 0 -1 0 0 63869.dat
1 25 185.789 -265.009 574.999 0 0 -1 1 0 0 0 -1 0 32140.dat
1 0 185.789 -245.009 535 0 1 0 0 0 1 1 0 0 32039.dat
1 0 165.79 -265.009 564.999 0 -1 0 0 0 1 -1 0 0 2780.dat
1 0 25.7896 -265.009 555 0 0 1 -1 0 0 0 -1 0 32278.dat
1 0 -54.2104 -265.009 544.999 0 -1 0 0 0 1 -1 0 0 2780.dat
1 0 125.789 -265.009 564.999 0 -1 0 0 0 1 -1 0 0 2780.dat
1 0 105.789 -265.009 544.999 0 -1 0 0 0 1 -1 0 0 2780.dat
1 0 -114.21 -265.009 564.999 0 -1 0 0 0 1 -1 0 0 2780.dat
1 25 -134.21 -265.009 574.999 0 0 1 1 0 0 0 1 0 32140.dat
1 14 -134.21 -265.009 554.999 0 0 -1 0 1 0 1 0 0 4519.dat
1 0 -134.211 -265.009 554.999 0 0 -1 0 -1 0 -1 0 0 63869.dat
1 0 -134.21 -245.009 534.999 0 1 0 0 0 1 1 0 0 32039.dat
1 1 -114.211 -285.009 534.999 1 0 0 0 -1 0 0 0 -1 6558.dat
1 25 -114.211 -285.009 634.999 0 -1 0 1 0 0 0 0 1 41239.dat
1 1 -114.211 -285.009 754.999 -1 0 0 0 -1 0 0 0 1 6558.dat
1 1 -84.2107 -265.009 774.999 1 0 0 0 0 -1 0 1 0 43093.dat
1 25 -74.2107 -265.009 774.999 0 -1 0 0 0 -1 1 0 0 60483.dat
1 25 -94.2108 -285.009 694.999 0 -1 0 1 0 0 0 0 1 32526.dat
1 1 -94.2107 -245.009 774.999 -1 0 0 0 -1 0 0 0 1 6558.dat
1 1 -114.211 -245.009 774.999 0 0 1 -1 0 0 0 -1 0 92907.dat
1 4 -134.211 -245.009 755.004 0 -1 0 1 0 0 0 0 1 32062.dat
1 0 -54.3008 -245.009 815.124 0 0.00149984 0.999999 -1 0 0 0 -0.999999 0.00149989 24116.dat
1 1 -54.3006 -245.009 815.124 0 -1 0 1 0 0 0 0 1 6558.dat
1 71 -54.3006 -265.009 815.124 0 0 1 0 -1 0 1 0 0 15100.dat
1 71 -54.3006 -225.009 815.124 0 0 1 0 -1 0 1 0 0 15100.dat
1 71 -74.2107 -245.009 774.999 0 1 0 0 0 -1 -1 0 0 15100.dat
1 4 -94.2107 -285.009 774.999 -1 0 0 0 1 0 0 0 -1 11214.dat
1 25 -134.211 -285.009 774.999 0 0 -1 0 -1 0 -1 0 0 32013.dat
1 0 -134.211 -285.009 784.999 0 0 1 0 -1 0 1 0 0 2780.dat
1 25 -134.211 -285.009 794.999 0 0 1 1 0 0 0 1 0 32526.dat
1 0 -54.2112 -245.009 784.999 0 0 -1 0 1 0 1 0 0 2780.dat
1 25 -14.2112 -245.009 774.999 0 0 -1 1 0 0 0 -1 0 60484.dat
1 0 -34.2107 -245.009 764.999 0 1 0 0 0 -1 -1 0 0 2780.dat
1 0 -54.2112 -265.009 784.999 0 0 -1 0 1 0 1 0 0 2780.dat
1 0 -54.2107 -225.009 764.999 0 0 -1 0 1 0 1 0 0 2780.dat
1 0 -94.2112 -285.009 804.999 0 0 -1 0 1 0 1 0 0 2780.dat
1 25 -54.4363 -285.009 814.799 0 0 -1 1 0 0 0 -1 0 11946.dat
1 0 -114.211 -285.009 804.999 0 0 -1 0 1 0 1 0 0 2780.dat
1 0 -104.211 -285.009 694.999 -1 0 0 0 -1 0 0 0 1 2780.dat
1 1 -154.211 -225.009 544.999 0 -1 0 0 0 1 -1 0 0 43093.dat
1 25 -154.211 -225.009 534.999 1 0 0 0 0 1 0 -1 0 32140.dat
1 25 -154.211 -205.009 674.999 -1 0 0 0 1 0 0 0 -1 42545.dat
1 4 -154.211 -185.009 544.999 0 0 -1 0 1 0 1 0 0 32062.dat
1 0 -154.211 -185.009 674.999 -1 0 0 0 1 0 0 0 -1 71689.dat
1 4 -154.211 -185.009 804.999 0 0 -1 0 1 0 1 0 0 32062.dat
1 25 -153.862 -185.012 814.999 0.999848 0 -0.0174525 -0.0174525 0 -0.999848 0 1 0 60483.dat
1 0 -154.211 -205.009 804.999 0 0 -1 0 1 0 1 0 0 2780.dat
1 0 -154.211 -205.009 544.999 0 0 -1 0 1 0 1 0 0 2780.dat
1 0 -124.211 -285.009 594.999 -1 0 0 0 -1 0 0 0 1 2780.dat
1 71 -74.2153 -145.008 474.999 -1 0 0 0 1 0 0 0 -1 48989.dat
1 72 -134.211 -165.009 514.999 0 0 -1 0 1 0 1 0 0 27940.dat
1 71 -134.215 -165.008 495 0 0 1 1 0 0 0 1 0 32140.dat
1 4 -54.2153 -185.008 455.001 -1 0 0 0 -1 0 0 0 1 11214.dat
1 71 -74.2153 -185.008 455 1 0 0 0 1 0 0 0 1 6536.dat
1 71 -34.2153 -165.008 455.001 1 0 0 0 0 1 0 -1 0 44809.dat
1 25 -14.2107 -145.009 455.001 0 1 0 -1 0 0 0 0 1 32054.dat
1 0 25.7893 -145.009 455.001 0 0 1 1 0 0 0 1 0 73507.dat
1 25 65.7892 -145.009 455.001 0 1 0 -1 0 0 0 0 1 32054.dat
1 71 85.7893 -165.009 455.001 -1 0 0 0 0 1 0 1 0 44809.dat
1 4 105.789 -185.009 455.002 1 0 0 0 -1 0 0 0 -1 11214.dat
1 71 125.789 -185.009 455.002 1 0 0 0 1 0 0 0 1 6536.dat
1 71 125.789 -145.009 475.001 -1 0 0 0 1 0 0 0 -1 48989.dat
1 72 185.789 -165.009 514.999 0 0 1 0 1 0 -1 0 0 27940.dat
1 71 185.789 -165.009 495.001 0 0 -1 1 0 0 0 -1 0 32140.dat
1 1 205.789 -225.009 544.999 0 -1 0 0 0 1 -1 0 0 43093.dat
1 25 205.789 -225.009 534.999 -1 0 0 0 0 1 0 1 0 32140.dat
1 25 205.789 -205.009 674.999 1 0 0 0 1 0 0 0 1 42545.dat
1 0 205.789 -185.009 674.999 1 0 0 0 1 0 0 0 1 71689.dat
1 4 205.789 -185.009 544.999 0 0 -1 0 1 0 1 0 0 32062.dat
1 4 205.789 -185.009 804.999 0 0 -1 0 1 0 1 0 0 32062.dat
1 25 205.789 -185.009 814.999 1 0 0 0 0 -1 0 1 0 60483.dat
1 0 205.789 -205.009 804.999 0 0 -1 0 1 0 1 0 0 2780.dat
1 0 205.789 -205.009 544.999 0 0 -1 0 1 0 1 0 0 2780.dat
1 0 175.789 -285.009 594.999 -1 0 0 0 -1 0 0 0 1 2780.dat
1 25 185.789 -235.009 514.999 0 -1 0 0 0 -1 1 0 0 59443.dat
1 4 185.789 -215.009 514.999 0 -1 0 -1 0 0 0 0 -1 32062.dat
1 25 185.789 -185.009 514.999 0 -1 0 1 0 0 0 0 1 32054.dat
1 4 185.789 -265.009 514.999 0 1 0 1 0 0 0 0 -1 11214.dat
1 25 185.789 -185.009 434.999 -1 0 0 0 -1 0 0 0 1 40490.dat
1 0 185.789 -195.009 395 0 -1 0 1 0 0 0 0 1 2780.dat
1 25 185.789 -225.009 415 0 -1 0 0 0 1 -1 0 0 71709.dat
1 0 185.789 -245.009 484.999 0 -1 0 0 0 1 -1 0 0 2780.dat
1 25 185.789 -225.009 495 -1 0 0 0 0 1 0 1 0 32523.dat
1 0 185.789 -205.009 484.999 0 -1 0 0 0 1 -1 0 0 2780.dat
1 0 185.789 -205.009 345 0 -1 0 0 0 1 -1 0 0 2780.dat
1 25 185.789 -225.009 335 -1 0 0 0 0 1 0 1 0 32316.dat
1 0 185.789 -245.009 345 0 -1 0 0 0 1 -1 0 0 2780.dat
1 0 185.789 -255.009 394.999 0 -1 0 -1 0 0 0 0 -1 2780.dat
1 25 185.789 -265.009 434.999 -1 0 0 0 -1 0 0 0 1 40490.dat
1 71 185.789 -275.009 414.999 0 1 0 -1 0 0 0 0 1 4274.dat
1 25 185.789 -299.009 395 -1 0 0 0 1 0 0 0 -1 50950.dat
1 25 185.789 -291.009 344.999 0 0 1 0 1 0 -1 0 0 3023.dat
1 25 185.789 -299.009 354.999 0 0 1 0 1 0 -1 0 0 3070b.dat
1 25 185.789 -283.009 355 0 0 1 0 1 0 -1 0 0 3623.dat
1 25 185.789 -299.009 335 1 0 0 0 1 0 0 0 1 24246.dat
1 71 185.789 -275.009 354.999 0 1 0 -1 0 0 0 0 1 4274.dat
1 71 185.789 -275.009 375 0 1 0 -1 0 0 0 0 1 4274.dat
1 0 185.789 -255.009 434.999 0 -1 0 -1 0 0 0 0 -1 2780.dat
1 0 185.789 -275.009 495 0 0 -1 -1 0 0 0 1 0 2780.dat
1 1 204.583 -295.009 488.159 0 -0.342021 0.939692 -1 0 0 0 -0.939692 -0.342021 43093.dat
1 25 204.583 -305.009 488.159 -0.342021 0 0.939692 0 1 0 -0.939692 0 -0.342021 60483.dat
1 0 204.583 -285.009 488.159 0.34202 0 -0.939693 0 1 0 0.939693 0 0.34202 32523.dat
1 0 223.377 -295.009 481.319 0 0.34202 -0.939693 -1 0 0 0 0.939693 0.34202 2780.dat
1 0 185.789 -195.009 434.999 0 -1 0 1 0 0 0 0 1 2780.dat
1 71 185.789 -285.009 514.999 -1 0 0 0 -1 0 0 0 1 15100.dat
1 0 115.789 -125.009 475.001 -1 0 0 0 1 0 0 0 -1 2780.dat
1 71 105.789 -125.009 415.001 0 -1 0 1 0 0 0 0 1 40490.dat
1 0 95.7846 -125.02 375.001 1 0 0 0 1 0 0 0 1 2780.dat
1 15 65.7847 -125.008 225.001 0 -7.60866e-005 1 -7.62102e-005 -1 -7.60866e-005 1 -7.62102e-005 0 32291.dat
1 72 65.7846 -125.008 228.002 0 0 1 7.61484e-005 1 0 -1 7.61484e-005 0 59426.dat
1 0 65.7846 -125.013 295.002 1 0 0 0 1 0 0 0 1 32034.dat
1 4 65.7847 -125.015 325.002 0 0 -1 -7.61484e-005 1 0 1 7.61484e-005 0 32062.dat
1 25 65.7847 -125.017 345.002 -1 0 0 0 1 7.61484e-005 0 7.61484e-005 -1 59443.dat
1 72 65.7846 -125.023 385.002 0 0 -1 0 1 0 1 0 0 87083.dat
1 71 25.7844 -125.02 380.001 1 0 0 0 -7.58608e-005 -1 0 1 -7.58608e-005 99773.dat
1 71 25.7844 -125.02 370.001 1 0 0 0 2.29637e-005 -1 0 1 2.29637e-005 99773.dat
1 4 65.7846 -125.006 195.002 0 -1 0 -7.61797e-005 0 -1 1 0 -7.60239e-005 41678.dat
1 72 -14.2154 -125.023 385.001 0 0 -1 0 1 0 1 0 0 87083.dat
1 25 -14.2154 -125.017 345.001 -1 0 0 0 1 7.61484e-005 0 7.61484e-005 -1 59443.dat
1 4 -14.2154 -125.016 325.001 0 0 -1 -7.61484e-005 1 0 1 7.61484e-005 0 32062.dat
1 4 -14.2154 -125.006 195.001 0 -1 0 -7.62882e-005 0 -1 1 0 -7.6163e-005 41678.dat
1 72 -14.2154 -125.008 228.001 0 0 1 7.61484e-005 1 0 -1 7.61484e-005 0 59426.dat
1 0 -14.2153 -125.014 295.001 1 0 0 0 1 0 0 0 1 32034.dat
1 15 -14.2153 -125.008 225.001 0 -7.60866e-005 1 -7.62102e-005 -1 -7.60866e-005 1 -7.62102e-005 0 32291.dat
1 15 25.7846 -125.013 295.001 1 0 0 0 1 0 0 0 1 39794.dat
1 0 -14.2154 -105.01 245.003 -1 0 0 0 7.63373e-005 -1 0 -1 -7.60657e-005 18651.dat
1 71 -14.2154 -105.01 245.003 1 0 0 0 -1 0 0 0 -1 6536.dat
1 71 -34.2154 -105.01 245.003 0 -1 0 -1 0 0 0 0 -1 32526.dat
1 25 -34.2152 -145.004 165 1 0 0 0 1 0 0 0 1 32054.dat
1 4 -14.2152 -145.004 165 0 0 -1 -7.64623e-005 1 0 1 7.64623e-005 0 42003.dat
1 0 -14.2152 -165.003 154.998 0 -1 0 -7.65398e-005 0 -1 1 0 -7.64252e-005 18651.dat
1 4 -14.2151 -165.004 164.999 0 1 0 -7.61446e-005 0 1 1 0 7.62839e-005 41678.dat
1 1 -34.2153 -185.007 175 1 0 0 0 1 0 0 0 1 6558.dat
1 0 -54.2153 -185.007 34.9998 0 -1 0 1 0 0 0 0 1 32278.dat
1 4 -54.2154 -185.007 135 -1 0 0 0 -1 0 0 0 1 11214.dat
1 25 -74.2153 -185.007 135 0 -1 0 1 0 0 0 0 1 60483.dat
1 71 -34.2153 -185.007 135 0 -1 0 1 0 0 0 0 1 32526.dat
1 4 -34.2153 -145.007 215 -1 0 0 0 -1 0 0 0 1 11214.dat
1 1 -74.2155 -145.007 215 0 0 -1 0 1 0 1 0 0 32013.dat
1 1 -74.2154 -145.007 195 0 0 -1 0 1 0 1 0 0 6558.dat
1 4 -94.2154 -145.008 195 0 0 1 0 -1 0 1 0 0 11214.dat
1 72 -114.215 -145.008 215 0 -1 0 0 0 1 -1 0 0 32184.dat
1 72 -134.215 -145.008 195 0 1 0 0 0 1 1 0 0 27940.dat
1 25 -74.2152 -145.007 175 0 0 -1 -1 0 0 0 1 0 32526.dat
1 71 25.7846 -145.007 195 0 0 -1 -1 0 0 0 1 0 41239.dat
1 4 145.785 -145.008 195 0 0 1 0 -1 0 1 0 0 11214.dat
1 72 165.785 -145.008 215 0 -1 0 0 0 1 -1 0 0 32184.dat
1 72 185.785 -145.008 195 0 1 0 0 0 1 1 0 0 27940.dat
1 25 125.785 -145.007 175 0 0 1 -1 0 0 0 -1 0 32526.dat
1 19 85.7846 -145.008 185 0 -1 0 0 0 1 -1 0 0 32002.dat
1 4 25.7845 -145.007 180 0 0 -1 -1 0 0 0 1 0 32065.dat
1 19 -34.2154 -145.008 185 0 -1 0 0 0 1 -1 0 0 32002.dat
1 1 205.785 -145.008 195 1 0 0 0 1 0 0 0 1 6558.dat
1 0 205.784 -145.011 255.001 0 -1 0 1 0 0 0 0 1 32524.dat
1 25 205.785 -145.011 315.001 1 0 0 0 1 0 0 0 1 32054.dat
1 1 175.785 -145.011 315.001 1 0 0 0 0 1 0 -1 0 43093.dat
1 71 165.785 -165.011 375.001 0 0 -1 0 -1 0 -1 0 0 6536.dat
1 4 165.785 -165.011 325.001 0 -1 0 0 0 1 -1 0 0 3706.dat
1 0 165.785 -165.011 360.001 0 0 1 -1 0 0 0 -1 0 41677.dat
1 0 165.784 -165.011 350.001 0 0 1 -1 0 0 0 -1 0 41677.dat
1 0 165.785 -165.011 295.001 0 1 0 0 0 1 1 0 0 63869.dat
1 0 165.785 -165.011 335.001 0 0 1 0 1 0 -1 0 0 63869.dat
1 72 145.785 -165.011 315.001 0 -1 0 0 0 1 -1 0 0 32184.dat
1 72 145.785 -165.011 275.001 0 -1 0 0 0 1 -1 0 0 32184.dat
1 71 125.785 -165.01 295.001 0 -1 0 0 0 1 -1 0 0 32073.dat
1 4 125.785 -185.01 295.001 0 0 1 0 -1 0 1 0 0 42003.dat
1 4 125.785 -145.011 335.001 0 0 -1 0 1 0 1 0 0 42003.dat
1 4 125.785 -145.01 255.001 0 0 1 0 1 0 -1 0 0 42003.dat
1 1 105.789 -125.009 335.001 -1 0 0 0 1 0 0 0 -1 6558.dat
1 25 205.785 -145.011 355.001 1 0 0 0 1 0 0 0 1 32054.dat
1 1 175.785 -145.011 355.001 1 0 0 0 0 1 0 -1 0 43093.dat
1 0 225.789 -145.009 295.001 0 1 0 -1 0 0 0 0 1 32525.dat
1 0 215.789 -145.009 395.001 1 0 0 0 1 0 0 0 1 2780.dat
1 0 205.789 -145.009 435.001 0 1 0 -1 0 0 0 0 1 32525.dat
1 0 215.789 -145.009 415.001 1 0 0 0 1 0 0 0 1 2780.dat
1 0 225.789 -145.009 475.001 0 -1 0 1 0 0 0 0 1 32524.dat
1 25 205.789 -145.009 475.001 1 0 0 0 1 0 0 0 1 32054.dat
1 4 175.789 -145.009 475.001 -1 0 0 0 1 0 0 0 -1 32062.dat
1 0 165.789 -145.009 475.001 -1 0 0 0 -1 0 0 0 1 63869.dat
1 0 165.789 -165.009 485.001 0 0 1 0 1 0 -1 0 0 2780.dat
1 0 145.789 -165.009 485.001 0 0 1 0 1 0 -1 0 0 2780.dat
1 1 105.785 -125.01 255.001 -1 0 0 0 1 0 0 0 -1 6558.dat
1 71 105.785 -125.014 315.001 0 1 0 1 0 0 0 0 -1 32140.dat
1 1 85.7845 -125.013 295.001 -1 0 0 0 1 7.61484e-005 0 7.61484e-005 -1 6558.dat
1 1 115.785 -185.013 95.0008 1 0 0 0 0 1 0 -1 0 43093.dat
1 0 125.785 -105.013 95.0008 0 -1 0 -1 0 0 0 0 -1 32009.dat
1 1 115.785 -105.013 255.001 1 0 0 0 0 1 0 -1 0 43093.dat
1 4 125.785 -105.013 155.001 -1 0 0 0 -1 0 0 0 1 11214.dat
1 71 105.785 -105.013 155.001 0 1 0 -1 0 0 0 0 1 32140.dat
1 0 95.7846 -125.013 215.001 -1 0 0 0 1 0 0 0 -1 2780.dat
1 0 115.785 -105.013 215.001 -1 0 0 0 1 0 0 0 -1 2780.dat
1 25 145.785 -245.007 154.999 0 -1 0 0 0 -1 1 0 0 32278.dat
1 0 155.785 -245.007 154.999 1 0 0 0 1 0 0 0 1 2780.dat
1 25 165.785 -265.007 114.999 0 1 0 -1 0 0 0 0 1 60484.dat
1 71 185.785 -265.194 134.998 -1 0 0 0 -1 0 0 0 1 15100.dat
1 0 185.785 -275.194 134.998 0 1 0 -1 0 0 0 0 1 2780.dat
1 25 185.785 -285.194 14.9984 1 0 0 0 1 0 0 0 1 32278.dat
1 71 185.785 -295.194 74.9981 0 -1 0 -1 0 0 0 0 -1 4274.dat
1 0 185.785 -303.194 44.9984 0 0 -1 0 1 0 1 0 0 2431.dat
1 71 185.785 -295.194 14.9984 0 -1 0 -1 0 0 0 0 -1 4274.dat
1 71 185.785 -295.194 -125.002 0 -1 0 -1 0 0 0 0 -1 4274.dat
1 0 185.785 -303.194 -75.0016 0 0 -1 0 1 0 1 0 0 4162.dat
1 71 185.785 -295.194 -25.0016 0 -1 0 -1 0 0 0 0 -1 4274.dat
1 71 185.785 -295.194 -85.0016 0 -1 0 -1 0 0 0 0 -1 4274.dat
1 71 185.785 -295.194 -5.00161 0 -1 0 -1 0 0 0 0 -1 4274.dat
1 71 185.785 -295.194 114.998 0 -1 0 -1 0 0 0 0 -1 4274.dat
1 0 185.785 -303.194 114.998 0 0 1 0 1 0 -1 0 0 63864.dat
1 71 185.785 -295.194 94.9982 0 -1 0 -1 0 0 0 0 -1 4274.dat
1 1 185.785 -265.194 -65.0016 0 0 -1 -1 0 0 0 1 0 6558.dat
1 25 185.785 -225.194 -125.001 -1 0 0 0 -1 0 0 0 1 32526.dat
1 4 185.785 -225.194 -125.002 0 -1 0 -1 0 0 0 0 -1 11214.dat
1 25 185.785 -245.194 -125.002 -1 0 0 0 -1 0 0 0 1 32140.dat
1 0 25.7847 -205.194 -105.002 -1 0 0 0 1 0 0 0 -1 64782.dat
1 71 145.785 -205.194 -125.002 0 0 1 -1 0 0 0 -1 0 55615.dat
1 71 -94.2153 -205.194 -125.002 0 1 0 -1 0 0 0 0 1 55615.dat
1 25 -134.213 -285.194 -145.002 1 0 0 0 0 1 0 -1 0 32526.dat
1 25 185.785 -285.194 -145.002 -1 0 0 0 0 1 0 1 0 32526.dat
1 1 165.785 -205.194 -105.004 1 0 0 0 1 0 0 0 1 6558.dat
1 25 165.785 -205.194 -85.0014 0 -1 0 1 0 0 0 0 1 32523.dat
1 0 155.785 -205.194 -65.0014 1 0 0 0 1 0 0 0 1 2780.dat
1 0 145.785 -205.194 34.9986 0 -1 0 1 0 0 0 0 1 73507.dat
1 0 145.785 -215.194 -5.00144 0 -1 0 1 0 0 0 0 1 2780.dat
1 0 145.785 -225.007 34.9986 -1 0 0 0 1 0 0 0 -1 24119.dat
1 0 145.785 -215.194 74.9986 0 -1 0 1 0 0 0 0 1 2780.dat
1 4 145.785 -225.007 114.999 0 0 -1 0 -1 0 -1 0 0 11214.dat
1 25 145.785 -245.007 134.999 1 0 0 0 0 -1 0 1 0 32523.dat
1 0 145.785 -245.007 124.998 0 0 1 0 1 0 -1 0 0 2780.dat
1 4 165.785 -265.007 114.999 -1 0 0 0 0 1 0 1 0 11214.dat
1 4 145.785 -245.007 114.999 1 0 0 0 1 0 0 0 1 42003.dat
1 25 205.785 -185.007 34.9995 1 0 0 0 1 0 0 0 1 42545.dat
1 1 205.785 -185.007 -95.0004 0 -1 0 0 0 1 -1 0 0 43093.dat
1 25 -74.2153 -165.007 -105 0 0 -1 -1 0 0 0 1 0 32526.dat
1 71 -134.215 -165.007 -125 0 0 1 1 0 0 0 1 0 55615.dat
1 0 -154.215 -165.007 -185 0 1 0 -1 0 0 0 0 1 32140.dat
1 4 -144.215 -165.007 -185 1 0 0 0 1 0 0 0 1 32062.dat
1 0 -114.215 -165.007 -185 0 0 -1 0 1 0 1 0 0 26287.dat
1 14 -74.2152 -165.007 -185 1 0 0 0 1 0 0 0 1 4519.dat
1 0 -34.2152 -165.007 -185 0 0 1 0 -1 0 1 0 0 32016.dat
1 0 -69.2152 -165.007 -165 0 -1 0 -1 0 0 0 0 -1 41677.dat
1 4 -64.2152 -165.007 -165 1 0 0 0 0 -1 0 1 0 32062.dat
1 71 -34.2152 -165.007 -165 0 0 -1 0 1 0 1 0 0 32034.dat
1 71 25.7848 -165.007 -165 1 0 0 0 1 0 0 0 1 32073.dat
