1  4 0 0 0 1 0 0 0 1 0 0 0 1 3710.dat
1  19 10 8 0 1 0 0 0 1 0 0 0 1 3623.dat
1  15 -40 8 0 1 0 0 0 1 0 0 0 1 3023.dat
1  15 -60 0 0 1 0 0 0 1 0 0 0 1 3023.dat
1  15 -20 -8 0 1 0 0 0 1 0 0 0 1 3710.dat
1  15 40 -8 0 1 0 0 0 1 0 0 0 1 30244.dat
1  4 50 0 0 0 0 -1 0 1 0 1 0 0 3794.dat
1  14 60 8 10 -1 0 0 0 1 0 0 0 -1 2540.dat
1  14 60 8 -10 1 0 0 0 1 0 0 0 1 2540.dat
1  15 70 0 0 0 0 -1 0 1 0 1 0 0 3023.dat
1  7 70 -8 0 0 0 -1 0 1 0 1 0 0 3023.dat
1  14 60 -16 -10 1 0 0 0 1 0 0 0 1 2540.dat
1  14 60 -16 10 -1 0 0 0 1 0 0 0 -1 2540.dat
1  40 20 -16 0 1 0 0 0 1 0 0 0 1 3023.dat
1  15 50 -24 0 0 0 -1 0 1 0 1 0 0 30244.dat
1  15 70 -24 0 0 0 -1 0 1 0 1 0 0 3794.dat
1  15 91 -14 -30 0 0 -1 0 1 0 1 0 0 6538B.dat
1  15 91 -14 30 0 0 -1 0 1 0 1 0 0 6538B.dat
1  15 91 10 30 0 0 -1 0 1 0 1 0 0 6538B.dat
1  15 91 10 -30 0 0 -1 0 1 0 1 0 0 6538B.dat
1  15 44 -14 -30 0 -1 0 0 0 -1 1 0 0 3062B.dat
1  15 44 -14 30 0 -1 0 0 0 -1 1 0 0 3062B.dat
1  15 44 10 30 0 -1 0 0 0 -1 1 0 0 3062B.dat
1  15 44 10 -30 0 -1 0 0 0 -1 1 0 0 3062B.dat
1  7 70 -32 0 0 0 -1 0 1 0 1 0 0 4073.dat
1  15 60 -22.08245 -48.4031 -1 0 0 0 0.9510565 -0.3090169 0 -0.3090169 -0.9510565 6019.dat
1  15 60 -32.78107 -55.44153 0 0 1 -0.3090169 0.9510565 0 -0.9510565 -0.3090169 0 3069BPS4.dat
1  15 60 -28.26279 -67.42422 1 0 0 0 0.9510565 0.3090169 0 -0.3090169 0.9510565 6019.dat
1  15 60 12.89785 -49.88976 -1 0 0 0 0.9702957 0.2419219 0 0.2419219 -0.9702957 6019.dat
1  15 60 7.5547 -61.52809 0 0 1 0.2419219 0.9702957 0 -0.9702957 0.2419219 0 3069BPS4.dat
1  15 60 17.73628 -69.29568 1 0 0 0 0.9702957 -0.2419219 0 0.2419219 0.9702957 6019.dat
1  15 80 24.51531 -88.21774 0 -1 0 0 0 -1 1 0 0 30374.dat
1  15 80 -32.54102 -87.06339 0 -1 0 0 0 -1 1 0 0 30374.dat
1  15 60 -20.77903 48.92207 1 0 0 0 0.9702957 -0.2419219 0 0.2419219 0.9702957 6019.dat
1  15 60 -30.96061 56.68965 0 0 -1 -0.2419219 0.9702957 0 0.9702957 0.2419219 0 3069BPS4.dat
1  15 60 -25.61747 68.32798 -1 0 0 0 0.9702957 0.2419219 0 0.2419219 -0.9702957 6019.dat
1  15 60 12.20194 49.97878 1 0 0 0 0.9781476 0.2079117 0 -0.2079117 0.9781476 6019.dat
1  15 60 6.455875 61.42355 0 0 -1 0.2079117 0.9781476 0 0.9781476 -0.2079117 0 3069BPS4.dat
1  15 60 16.36017 69.54173 -1 0 0 0 0.9781476 -0.2079117 0 -0.2079117 -0.9781476 6019.dat
1  15 78 -28.51531 88.21774 0 -1 0 -0.2419219 0 -0.9702957 0.9702957 0 -0.2419219 30374.dat
1  15 78 22.4747 88.68886 0 -1 0 0.2079117 0 -0.9781476 0.9781476 0 0.2079117 30374.dat
1  9 452 -32 -30 0 -1 0 0 0 -1 1 0 0 3710.dat
1  9 460 -32 -30 0 -1 0 0 0 -1 1 0 0 3710.dat
1  7 484 -32 -30 0 -1 0 0 0 -1 1 0 0 3700.dat
1  7 468 -32 -60 0 -1 0 1 0 0 0 0 1 6019.dat
1  7 468 -32 0 0 -1 0 -1 0 0 0 0 -1 6019.dat
1  9 500 -32 -20 0 -1 0 -1 0 0 0 0 -1 6091.dat
1  9 500 -32 -40 0 -1 0 1 0 0 0 0 1 6091.dat
1  35 500 -32 -30 0 -1 0 0 0 -1 1 0 0 3069B.dat
1  0 434 -42 -30 1 0 0 0 1 0 0 0 1 4733.dat
1  9 434 -32 -64 1 0 0 0 0 -1 0 1 0 4589.dat
1  9 434 -32 4 1 0 0 0 0 1 0 -1 0 4589.dat
1  7 474 -42 -30 0 0 -1 -1 0 0 0 1 0 4274.dat
1  9 454 -50 -30 -1 0 0 0 1 0 0 0 -1 3623.dat
1  40 416 -32 -30 0 1 0 0 0 1 1 0 0 4740.dat
1  0 412 -32 20 0 0 -1 -1 0 0 0 1 0 4623.dat
1  0 412 -32 -80 0 0 -1 1 0 0 0 -1 0 4623.dat
1  7 412 -42 -88 0 0 -1 1 0 0 0 -1 0 4073.dat
1  7 412 -22 -88 0 0 -1 1 0 0 0 -1 0 4073.dat
1  7 412 -22 28 0 0 1 1 0 0 0 1 0 4073.dat
1  7 412 -42 28 0 0 1 1 0 0 0 1 0 4073.dat
1  0 422 -32 20 1 0 0 0 0 -1 0 1 0 4871.dat
1  0 462 -62 12 1 0 0 0 0 -1 0 1 0 6636.dat
1  0 482 -32 20 1 0 0 0 0 -1 0 1 0 4854.dat
1  0 422 -32 -80 -1 0 0 0 0 -1 0 -1 0 4871.dat
1  0 462 -62 -72 1 0 0 0 0 1 0 -1 0 6636.dat
1  0 462 -2 -72 1 0 0 0 0 1 0 -1 0 6636.dat
1  0 462 -2 12 1 0 0 0 0 -1 0 1 0 6636.dat
1  0 482 -32 -80 1 0 0 0 0 1 0 -1 0 4854.dat
1  14 372 -28.58573 -23.10609 0 -1 0 -0.2419219 0 -0.9702957 0.9702957 0 -0.2419219 30374.dat
1  14 259 -29.09305 -58.27343 0 -1 0 -0.2419219 0 -0.9702957 0.9702957 0 -0.2419219 30374.dat
1  14 203 -29.29585 4.54343 0 -1 0 -0.2419219 0 -0.9702957 0.9702957 0 -0.2419219 30374.dat
1  14 -41 -29.76143 35.34575 0 -1 0 -0.2419219 0 -0.9702957 0.9702957 0 -0.2419219 30374.dat
1  14 -58 -29.85533 -113.086 0 -1 0 -0.2419219 0 -0.9702957 0.9702957 0 -0.2419219 30374.dat
1  14 -155 -110.3157 -74.03746 0 -1 0 -0.2419219 0 -0.9702957 0.9702957 0 -0.2419219 30374.dat
0 WORLD  -104.9951 -126.6479 634.8263 0.4767754 0.3290092 0.815125 0.3272521 0.7942209 -0.5119832 -0.815833 0.5108581 0.2709961
0 ZOOM  26
