1  0 -100 -24 -80 1 0 0 0 1 0 0 0 1 3001.dat
1  0 100 -24 -80 1 0 0 0 1 0 0 0 1 3001.dat
1  0 -220 -24 0 0 0 -1 0 1 0 1 0 0 3001.dat
1  0 220 -24 0 0 0 -1 0 1 0 1 0 0 3001.dat
1  8 -120 0 160 1 0 0 0 1 0 0 0 1 41539.dat
1  8 120 0 160 1 0 0 0 1 0 0 0 1 41539.dat
1  8 120 0 -160 1 0 0 0 1 0 0 0 1 41539.dat
1  8 -120 0 -160 1 0 0 0 1 0 0 0 1 41539.dat
1  8 -260 0 40 1 0 0 0 1 0 0 0 1 3031.dat
1  8 -260 0 -40 1 0 0 0 1 0 0 0 1 3031.dat
1  8 260 0 40 1 0 0 0 1 0 0 0 1 3031.dat
1  8 260 0 -40 1 0 0 0 1 0 0 0 1 3031.dat
1  7 240 0 -160 1 0 0 0 1 0 0 0 1 3933.dat
1  7 -240 0 160 -1 0 0 0 1 0 0 0 -1 3933.dat
1  7 240 0 160 -1 0 0 0 1 0 0 0 -1 3934.dat
1  7 -240 0 -160 1 0 0 0 1 0 0 0 1 3934.dat
1  0 -200 -24 -160 1 0 0 0 1 0 0 0 1 3001.dat
1  0 -220 -24 -80 1 0 0 0 1 0 0 0 1 3001.dat
1  0 -220 -24 80 1 0 0 0 1 0 0 0 1 3001.dat
1  0 -200 -24 160 1 0 0 0 1 0 0 0 1 3001.dat
1  0 220 -24 80 1 0 0 0 1 0 0 0 1 3001.dat
1  0 220 -24 -80 1 0 0 0 1 0 0 0 1 3001.dat
1  0 200 -24 -160 1 0 0 0 1 0 0 0 1 3001.dat
1  0 200 -24 160 1 0 0 0 1 0 0 0 1 3001.dat
1  7 70 -24 80 0 0 -1 0 1 0 1 0 0 32064B.dat
1  7 -70 -24 80 0 0 -1 0 1 0 1 0 0 32064B.dat
1  1 -60 -14 80 -1 0 0 0 1 0 0 0 -1 3749.dat
1  1 60 -14 80 1 0 0 0 1 0 0 0 1 3749.dat
1  14 40 -24 80 1 0 0 0 1 0 0 0 1 2817.dat
1  14 -40 -24 80 1 0 0 0 1 0 0 0 1 2817.dat
1  0 -20 -14 80 1 0 0 0 1 0 0 0 1 3673.dat
1  0 20 -14 80 1 0 0 0 1 0 0 0 1 3673.dat
1  14 0 -24 80 1 0 0 0 1 0 0 0 1 2817.dat
1  7 0 -32 180 0 0 -1 0 1 0 1 0 0 3029.dat
1  14 0 -24 260 -1 0 0 0 1 0 0 0 -1 3020.dat
1  7 -140 -24 230 1 0 0 0 1 0 0 0 1 3009.dat
1  7 140 -24 230 1 0 0 0 1 0 0 0 1 3009.dat
1  7 140 -24 -230 1 0 0 0 1 0 0 0 1 3009.dat
1  7 -140 -24 -230 1 0 0 0 1 0 0 0 1 3009.dat
1  8 -70 -24 -200 0 0 -1 0 1 0 1 0 0 3008.dat
1  8 70 -24 -200 0 0 -1 0 1 0 1 0 0 3008.dat
1  8 70 -24 200 0 0 -1 0 1 0 1 0 0 3008.dat
1  8 -70 -24 200 0 0 -1 0 1 0 1 0 0 3008.dat
1  19 70 0 270 0 0 -1 0 1 0 1 0 0 3623.dat
1  19 -70 0 270 0 0 -1 0 1 0 1 0 0 3623.dat
1  19 -70 0 -270 0 0 -1 0 1 0 1 0 0 3623.dat
1  19 70 0 -270 0 0 -1 0 1 0 1 0 0 3623.dat
1  7 290 -24 0 0 0 -1 0 1 0 1 0 0 3009.dat
1  8 -70 -24 290 -1 0 0 0 1 0 0 0 -1 3665.dat
1  8 70 -24 290 -1 0 0 0 1 0 0 0 -1 3665.dat
1  8 -210 -24 230 0 0 1 0 1 0 -1 0 0 3665.dat
1  8 -210 -24 -230 0 0 1 0 1 0 -1 0 0 3665.dat
1  8 -70 -24 -290 1 0 0 0 1 0 0 0 1 3665.dat
1  8 70 -24 -290 1 0 0 0 1 0 0 0 1 3665.dat
1  8 210 -24 -230 0 0 -1 0 1 0 1 0 0 3665.dat
1  8 210 -24 230 0 0 -1 0 1 0 1 0 0 3665.dat
1  8 -320 -24 50 -1 0 0 0 1 0 0 0 -1 3008.dat
1  8 -320 -24 -50 -1 0 0 0 1 0 0 0 -1 3008.dat
1  7 -360 0 0 1 0 0 0 1 0 0 0 1 3958.dat
1  7 -410 -24 40 0 0 1 0 1 0 -1 0 0 3747.dat
1  7 -410 -24 0 0 0 1 0 1 0 -1 0 0 3747.dat
1  7 -410 -24 -40 0 0 1 0 1 0 -1 0 0 3747.dat
1  14 -340 -24 0 1 0 0 0 1 0 0 0 1 2456.dat
1  7 0 -32 0 1 0 0 0 1 0 0 0 1 3958.dat
1  6 50 -32 80 0 0 -1 0 1 0 1 0 0 30244.dat
1  19 280 -24 -70 -1 0 0 0 1 0 0 0 -1 30136.dat
1  19 280 -24 70 -1 0 0 0 1 0 0 0 -1 30136.dat
1  19 -280 -24 70 -1 0 0 0 1 0 0 0 -1 30136.dat
1  19 -280 -24 -70 -1 0 0 0 1 0 0 0 -1 30136.dat
1  8 140 -32 160 1 0 0 0 1 0 0 0 1 41539.dat
1  8 140 -32 -160 1 0 0 0 1 0 0 0 1 41539.dat
1  8 -140 -32 -160 1 0 0 0 1 0 0 0 1 41539.dat
1  8 -140 -32 160 1 0 0 0 1 0 0 0 1 41539.dat
1  8 -140 -32 0 1 0 0 0 1 0 0 0 1 4151.dat
1  8 140 -32 0 1 0 0 0 1 0 0 0 1 4151.dat
1  8 70 -32 280 0 0 -1 0 1 0 1 0 0 3710.dat
1  8 -70 -32 280 0 0 -1 0 1 0 1 0 0 3710.dat
1  8 -70 -32 -280 0 0 -1 0 1 0 1 0 0 3710.dat
1  8 70 -32 -280 0 0 -1 0 1 0 1 0 0 3710.dat
1  8 -260 -32 40 0 0 -1 0 1 0 1 0 0 3031.dat
1  8 -260 -32 -40 0 0 -1 0 1 0 1 0 0 3031.dat
1  8 260 -32 40 0 0 -1 0 1 0 1 0 0 3031.dat
1  8 260 -32 -40 0 0 -1 0 1 0 1 0 0 3031.dat
1  0 -400 -32 0 0 0 -1 0 1 0 1 0 0 3031.dat
1  7 -260 -32 160 -1 0 0 0 1 0 0 0 -1 3933.dat
1  7 260 -32 -160 1 0 0 0 1 0 0 0 1 3933.dat
1  7 260 -32 160 -1 0 0 0 1 0 0 0 -1 3934.dat
1  7 -260 -32 -160 1 0 0 0 1 0 0 0 1 3934.dat
1  0 -20 -56 0 0 0 1 0 1 0 -1 0 0 3001.dat
1  0 20 -56 0 0 0 1 0 1 0 -1 0 0 3001.dat
1  7 -70 -56 290 0 0 1 0 1 0 -1 0 0 3622.dat
1  7 70 -56 290 0 0 1 0 1 0 -1 0 0 3622.dat
1  7 70 -56 -290 0 0 1 0 1 0 -1 0 0 3622.dat
1  7 -70 -56 -290 0 0 1 0 1 0 -1 0 0 3622.dat
1  19 -50 -56 0 0 0 1 0 1 0 -1 0 0 3039.dat
1  19 50 -56 0 0 0 -1 0 1 0 1 0 0 3039.dat
1  8 70 -56 230 0 0 -1 0 1 0 1 0 0 3038.dat
1  8 70 -56 -230 0 0 -1 0 1 0 1 0 0 3038.dat
1  8 -70 -56 -230 0 0 1 0 1 0 -1 0 0 3038.dat
1  8 -70 -56 230 0 0 1 0 1 0 -1 0 0 3038.dat
1  19 -220 -40 220 0 0 1 0 1 0 -1 0 0 3022.dat
1  19 220 -40 220 0 0 1 0 1 0 -1 0 0 3022.dat
1  19 220 -40 -220 0 0 1 0 1 0 -1 0 0 3022.dat
1  19 -220 -40 -220 0 0 1 0 1 0 -1 0 0 3022.dat
1  8 -220 -48 -220 0 0 1 0 1 0 -1 0 0 3068B.dat
1  8 220 -48 -220 0 0 1 0 1 0 -1 0 0 3068B.dat
1  8 220 -48 220 0 0 1 0 1 0 -1 0 0 3068B.dat
1  8 -220 -48 220 0 0 1 0 1 0 -1 0 0 3068B.dat
1  6 210 -40 160 0 0 -1 0 1 0 1 0 0 30244.dat
1  6 210 -40 -160 0 0 -1 0 1 0 1 0 0 30244.dat
1  19 290 -56 -50 0 0 1 0 1 0 -1 0 0 3039.dat
1  19 290 -56 60 0 0 1 0 1 0 -1 0 0 3039.dat
1  19 250 -56 -160 0 0 1 0 1 0 -1 0 0 30136.dat
1  19 250 -56 160 0 0 1 0 1 0 -1 0 0 30136.dat
1  8 290 -56 20 0 0 -1 0 1 0 1 0 0 3660.dat
1  8 290 -56 -20 0 0 -1 0 1 0 1 0 0 3660.dat
1  19 130 -56 -230 0 0 1 0 1 0 -1 0 0 3040B.dat
1  19 130 -56 230 0 0 1 0 1 0 -1 0 0 3040B.dat
1  19 230 -56 150 1 0 0 0 1 0 0 0 1 3040B.dat
1  19 230 -56 -150 -1 0 0 0 1 0 0 0 -1 3040B.dat
1  8 160 -56 230 -1 0 0 0 1 0 0 0 -1 3660.dat
1  8 160 -56 -230 1 0 0 0 1 0 0 0 1 3660.dat
1  19 270 -56 30 1 0 0 0 1 0 0 0 1 3062B.dat
1  19 270 -56 -30 1 0 0 0 1 0 0 0 1 3062B.dat
1  6 260 -56 0 1 0 0 0 1 0 0 0 1 3003.dat
1  19 150 -80 230 0 0 1 0 1 0 -1 0 0 3040B.dat
1  19 150 -80 -230 0 0 1 0 1 0 -1 0 0 3040B.dat
1  19 290 -80 -30 0 0 1 0 1 0 -1 0 0 3040B.dat
1  19 290 -80 30 0 0 1 0 1 0 -1 0 0 3040B.dat
1  19 170 -78 230 1 0 0 0 1 0 0 0 1 3062B.dat
1  19 170 -78 -230 1 0 0 0 1 0 0 0 1 3062B.dat
1  19 290 -80 0 0 0 1 0 1 0 -1 0 0 30136.dat
1  0 220 -56 40 1 0 0 0 1 0 0 0 1 3001.dat
1  0 220 -56 -40 1 0 0 0 1 0 0 0 1 3001.dat
1  0 200 -56 0 1 0 0 0 1 0 0 0 1 3001.dat
1  8 310 -76 0 0 0 -1 0 1 0 1 0 0 3894.dat
1  0 160 -80 -250 1 0 0 0 1 0 0 0 1 2991.dat
1  8 217.782 -56 -217.782 0.707107 0 -0.707107 0 1 0 0.707107 0 0.707107 3710.dat
1  0 231.924 -80 -203.64 0.707107 0 -0.707107 0 1 0 0.707107 0 0.707107 2991.dat
1  6 251.723 -70 -223.439 0.707107 -0.707107 0 0 0 -1 0.707107 0.707107 0 2476A.dat
1  6 223.74 -70 -252.527 0.707107 -0.707107 0 0 0 -1 0.707107 0.707107 0 2476A.dat
1  19 217.782 -88 -217.782 0.707107 0 -0.707107 0 1 0 0.707107 0 0.707107 2431.dat
1  0 250 -80 160 0 0 -1 0 1 0 1 0 0 2991.dat
1  8 217.782 -56 217.782 -0.707107 0 -0.707107 0 1 0 0.707107 0 -0.707107 3710.dat
1  0 203.64 -80 231.924 -0.707107 0 -0.707107 0 1 0 0.707107 0 -0.707107 2991.dat
1  19 217.782 -88 217.782 -0.707107 0 -0.707107 0 1 0 0.707107 0 -0.707107 2431.dat
1  6 223.439 -70 251.723 -0.707107 -0.707107 0 0 0 -1 0.707107 -0.707107 0 2476A.dat
1  6 252.527 -70 223.74 -0.707107 -0.707107 0 0 0 -1 0.707107 -0.707107 0 2476A.dat
1  19 230 -80 150 1 0 0 0 1 0 0 0 1 6541.dat
1  19 230 -80 -150 1 0 0 0 1 0 0 0 1 6541.dat
1  0 290 -80 60 0 0 -1 0 1 0 1 0 0 32064B.dat
1  0 290 -80 -60 0 0 -1 0 1 0 1 0 0 32064B.dat
1  1 280 -70 -60 1 0 0 0 1 0 0 0 1 3749.dat
1  1 280 -70 60 1 0 0 0 1 0 0 0 1 3749.dat
1  1 230 -70 -140 0 0 -1 0 1 0 1 0 0 3749.dat
1  1 230 -70 140 0 0 1 0 1 0 -1 0 0 3749.dat
1  8 160 -88 240 0 0 1 0 1 0 -1 0 0 3068B.dat
1  8 160 -88 -240 0 0 1 0 1 0 -1 0 0 3068B.dat
1  7 260 -80 0 0 0 1 0 1 0 -1 0 0 3941.dat
1  7 220 -80 0 0 0 1 0 1 0 -1 0 0 3941.dat
1  9 231.008 -70 142.5 -1 -0.0031 0 0 0 1 -0.0031 1 0 79.dat
1  9 280.433 -70 60.14 -0.0428 0.9991 0 0 0 1 -0.9991 -0.0428 0 79.dat
1  9 230.109 -70 -142.502 0 -0.0437 0.999 -1 0 0 0 -0.999 -0.0437 79.dat
1  9 279.774 -70 -59.958 0 1 0.0096 -1 0 0 0 0.0096 -1 79.dat
1  8 300 -88 30 -1 0 0 0 1 0 0 0 -1 3794.dat
1  8 300 -88 10 -1 0 0 0 1 0 0 0 -1 3794.dat
1  8 300 -88 -10 -1 0 0 0 1 0 0 0 -1 3794.dat
1  8 300 -88 -30 -1 0 0 0 1 0 0 0 -1 3794.dat
1  8 290 -88 -50 0 0 1 0 1 0 -1 0 0 2420.dat
1  8 290 -88 50 1 0 0 0 1 0 0 0 1 2420.dat
1  8 250 -88 150 0 0 -1 0 1 0 1 0 0 2420.dat
1  8 250 -88 -150 -1 0 0 0 1 0 0 0 -1 2420.dat
1  14 240 -64 -40 -1 0 0 0 1 0 0 0 -1 6141.dat
1  14 200 -64 -40 -1 0 0 0 1 0 0 0 -1 6141.dat
1  14 180 -64 0 -1 0 0 0 1 0 0 0 -1 6141.dat
1  14 200 -64 40 -1 0 0 0 1 0 0 0 -1 6141.dat
1  14 240 -64 40 -1 0 0 0 1 0 0 0 -1 6141.dat
1  35 240 -88 40 -1 0 0 0 1 0 0 0 -1 3626B.dat
1  35 200 -88 40 -1 0 0 0 1 0 0 0 -1 3626B.dat
1  35 180 -88 0 -1 0 0 0 1 0 0 0 -1 3626B.dat
1  35 200 -88 -40 -1 0 0 0 1 0 0 0 -1 3626B.dat
1  35 240 -88 -40 -1 0 0 0 1 0 0 0 -1 3626B.dat
1  19 -70 -64 230 0 0 1 0 1 0 -1 0 0 3623.dat
1  19 70 -64 230 0 0 1 0 1 0 -1 0 0 3623.dat
1  19 -50 -56 80 0 0 1 0 1 0 -1 0 0 30136.dat
1  7 -50 -80 80 0 0 1 0 1 0 -1 0 0 32000.dat
1  6 -50 -88 80 0 0 1 0 1 0 -1 0 0 30244.dat
1  8 -70 -64 310 0 0 1 0 1 0 -1 0 0 6141.dat
1  8 70 -64 310 0 0 1 0 1 0 -1 0 0 6141.dat
1  0 70 -64 -260 0 0 1 0 1 0 -1 0 0 3666.dat
1  0 -70 -64 -260 0 0 1 0 1 0 -1 0 0 3666.dat
1  7 -35 -73.1621 149.964 0 -1 0 0.998934 0 -0.0523466 0.0523466 0 0.998934 32065.dat
1  1 -40 -70 90 1 0 0 0 0.998934 -0.0523466 0 0.0523466 0.998934 32002.dat
1  0 -40 -78 230 1 0 0 0 1 0 0 0 1 32126.dat
1  1 -30 -78.3008 209.795 1 0 0 0 0.998934 -0.0523466 0 0.0523466 0.998934 4274.dat
1  19 0 -64 280 1 0 0 0 1 0 0 0 1 3034.dat
1  8 0 -88 290 1 0 0 0 1 0 0 0 1 3894.dat
1  8 0 -88 270 1 0 0 0 1 0 0 0 1 3894.dat
1  7 -40 -78 270 0 0 -1 0 1 0 1 0 0 32073.dat
1  0 40 -88 310 -1 0 0 0 1 0 0 0 -1 32064B.dat
1  7 40 -78 270 0 0 -1 0 1 0 1 0 0 32073.dat
1  0 -40 -88 310 -1 0 0 0 1 0 0 0 -1 32064B.dat
1  0 0 -64 310 -1 0 0 0 1 0 0 0 -1 3666.dat
1  19 0 -88 310 -1 0 0 0 1 0 0 0 -1 30136.dat
1  0 40 -78 230 -1 0 0 0 1 0 0 0 -1 3713.dat
1  0 240 -88 0 -1 0 0 0 1 0 0 0 -1 3709B.dat
1  19 -50 -80 0 0 0 1 0 1 0 -1 0 0 30136.dat
1  19 50 -80 0 0 0 1 0 1 0 -1 0 0 30136.dat
1  7 -70 -88 -260 0 0 1 0 1 0 -1 0 0 3009.dat
1  7 70 -88 -260 0 0 1 0 1 0 -1 0 0 3009.dat
1  8 40 -96 310 -1 0 0 0 1 0 0 0 -1 44728.dat
1  8 0 -96 310 -1 0 0 0 1 0 0 0 -1 44728.dat
1  8 -40 -96 310 -1 0 0 0 1 0 0 0 -1 44728.dat
1  7 0 -104 310 -1 0 0 0 1 0 0 0 -1 6636.dat
1  7 -140 -40 0 1 0 0 0 1 0 0 0 1 3679.dat
1  0 -140 -40 0 1 0 0 0 1 0 0 0 1 3680.dat
1  8 220 -88 0 0 -1 0 -1 0 0 0 0 -1 6587.dat
1  0 220 -126 0 -1 0 0 0 1 0 0 0 -1 4740.dat
1  36 220 -97 0 -1 0 0 0 1 0 0 0 -1 64566.dat
1  43 185.359 -119 -20 -1 0 0 0 1 0 0 0 -1 3626B.dat
1  43 220 -119 -40 -1 0 0 0 1 0 0 0 -1 3626B.dat
1  43 185.359 -119 20 -1 0 0 0 1 0 0 0 -1 3626B.dat
1  43 220 -119 40 -1 0 0 0 1 0 0 0 -1 3626B.dat
1  43 254.641 -119 20 -1 0 0 0 1 0 0 0 -1 3626B.dat
1  43 254.641 -119 -20 -1 0 0 0 1 0 0 0 -1 3626B.dat
1  46 220 -105 -20 -1 0 0 0 1 0 0 0 -1 6141.dat
1  42 202.679 -105 -10 -1 0 0 0 1 0 0 0 -1 6141.dat
1  46 202.679 -105 10 -1 0 0 0 1 0 0 0 -1 6141.dat
1  42 220 -105 20 -1 0 0 0 1 0 0 0 -1 6141.dat
1  46 237.321 -105 10 -1 0 0 0 1 0 0 0 -1 6141.dat
1  42 237.321 -105 -10 -1 0 0 0 1 0 0 0 -1 6141.dat
1  42 220 -113 -20 -1 0 0 0 1 0 0 0 -1 6141.dat
1  42 202.679 -113 10 -1 0 0 0 1 0 0 0 -1 6141.dat
1  42 237.321 -113 10 -1 0 0 0 1 0 0 0 -1 6141.dat
1  46 220 -113 20 -1 0 0 0 1 0 0 0 -1 6141.dat
1  46 202.679 -113 -10 -1 0 0 0 1 0 0 0 -1 6141.dat
1  46 237.321 -113 -10 -1 0 0 0 1 0 0 0 -1 6141.dat
1  19 110 -56 190 0 0 1 0 1 0 -1 0 0 3062B.dat
1  19 110 -80 190 0 0 1 0 1 0 -1 0 0 3062B.dat
1  19 -250 -56 170 0 0 1 0 1 0 -1 0 0 3062B.dat
1  19 -250 -56 -170 0 0 1 0 1 0 -1 0 0 3062B.dat
1  19 -290 -56 60 0 0 -1 0 1 0 1 0 0 3039.dat
1  19 -290 -56 -60 0 0 -1 0 1 0 1 0 0 3039.dat
1  8 -290 -56 20 0 0 1 0 1 0 -1 0 0 3660.dat
1  8 -290 -56 -20 0 0 1 0 1 0 -1 0 0 3660.dat
1  8 -160 -56 -230 1 0 0 0 1 0 0 0 1 3660.dat
1  8 -160 -56 230 -1 0 0 0 1 0 0 0 -1 3660.dat
1  19 -130 -56 230 0 0 -1 0 1 0 1 0 0 3040B.dat
1  19 -130 -56 -230 0 0 -1 0 1 0 1 0 0 3040B.dat
1  19 300 -96 0 0 0 1 0 1 0 -1 0 0 2431P12.dat
1  19 -240 -56 150 1 0 0 0 1 0 0 0 1 30136.dat
1  19 -240 -56 -150 1 0 0 0 1 0 0 0 1 30136.dat
1  19 -230 -56 130 1 0 0 0 1 0 0 0 1 3040B.dat
1  19 -230 -56 -130 -1 0 0 0 1 0 0 0 -1 3040B.dat
1  14 230 -96 150 0 0 -1 0 1 0 1 0 0 30663.dat
1  14 230 -96 -150 0 0 -1 0 1 0 1 0 0 30663.dat
1  7 -270 -56 0 0 0 -1 0 1 0 1 0 0 3037.dat
1  19 0 -104 0 0 0 1 0 1 0 -1 0 0 30373.dat
1  15 110 -80 190 1 0 0 0 1 0 0 0 1 2587.dat
1  19 -170 -80 230 0 0 1 0 1 0 -1 0 0 3062B.dat
1  19 -170 -80 -230 0 0 1 0 1 0 -1 0 0 3062B.dat
1  19 -170 -56 -70 0 0 1 0 1 0 -1 0 0 3062B.dat
1  0 -170 -64 -70 0 0 1 0 1 0 -1 0 0 4032.dat
1  0 -170 -72 -70 0 0 1 0 1 0 -1 0 0 4150PS3.dat
1  19 -150 -80 230 0 0 -1 0 1 0 1 0 0 3040B.dat
1  19 -150 -80 -230 0 0 -1 0 1 0 1 0 0 3040B.dat
1  19 -230 -80 -150 -1 0 0 0 1 0 0 0 -1 3040B.dat
1  19 -230 -80 150 1 0 0 0 1 0 0 0 1 3040B.dat
1  7 -290 -80 0 0 0 -1 0 1 0 1 0 0 3037.dat
1  4 -140 -48 0 0 0 1 0 1 0 -1 0 0 4079.dat
1  4 -220 -40 -80 0 0 -1 0 1 0 1 0 0 4079.dat
1  4 -180 -40 -120 -1 0 0 0 1 0 0 0 -1 4079.dat
1  8 -310 -80 0 0 0 -1 0 1 0 1 0 0 3894.dat
1  19 -290 -80 60 0 0 1 0 1 0 -1 0 0 30136.dat
1  19 -290 -80 -60 0 0 1 0 1 0 -1 0 0 30136.dat
1  0 -159.804 -80 249.485 -1 0 0 0 1 0 0 0 -1 2991.dat
1  19 -217.586 -88 217.267 -0.707107 0 0.707107 0 1 0 -0.707107 0 -0.707107 2431.dat
1  0 -231.728 -80 203.125 -0.707107 0 0.707107 0 1 0 -0.707107 0 -0.707107 2991.dat
1  6 -251.527 -70 222.924 -0.707107 0.707107 0 0 0 -1 -0.707107 -0.707107 0 2476A.dat
1  6 -223.544 -70 252.012 -0.707107 0.707107 0 0 0 -1 -0.707107 -0.707107 0 2476A.dat
1  8 -217.586 -56 217.267 -0.707107 0 0.707107 0 1 0 -0.707107 0 -0.707107 3710.dat
1  0 -203.151 -80 -232.149 0.707107 0 0.707107 0 1 0 -0.707107 0 0.707107 2991.dat
1  0 -249.511 -80 -160.226 0 0 1 0 1 0 -1 0 0 2991.dat
1  19 -217.293 -88 -218.007 0.707107 0 0.707107 0 1 0 -0.707107 0 0.707107 2431.dat
1  6 -252.038 -70 -223.965 0.707107 0.707107 0 0 0 -1 -0.707107 0.707107 0 2476A.dat
1  6 -222.95 -70 -251.949 0.707107 0.707107 0 0 0 -1 -0.707107 0.707107 0 2476A.dat
1  8 -217.293 -56 -218.007 0.707107 0 0.707107 0 1 0 -0.707107 0 0.707107 3710.dat
1  8 -249.511 -88 -150.226 0 0 1 0 1 0 -1 0 0 2420.dat
1  8 -249.804 -88 149.485 1 0 0 0 1 0 0 0 1 2420.dat
1  8 -159.804 -88 239.485 0 0 1 0 1 0 -1 0 0 3068B.dat
1  8 -159.512 -88 -240.226 0 0 1 0 1 0 -1 0 0 3068B.dat
1  19 -300 -88 0 0 0 -1 0 1 0 1 0 0 3034.dat
1  6 -50 -88 0 0 0 1 0 1 0 -1 0 0 3023.dat
1  6 50 -88 0 0 0 1 0 1 0 -1 0 0 3023.dat
1  19 -50 -96 0 0 0 1 0 1 0 -1 0 0 48336.dat
1  19 50 -96 0 0 0 -1 0 1 0 1 0 0 48336.dat
1  6 50 -104 0 0 0 1 0 1 0 -1 0 0 3023.dat
1  6 -50 -104 0 0 0 1 0 1 0 -1 0 0 3023.dat
1  7 70 -88 260 0 0 1 0 1 0 -1 0 0 3009.dat
1  7 -70 -88 260 0 0 1 0 1 0 -1 0 0 3009.dat
1  19 -300 -112 -50 -1 0 0 0 1 0 0 0 -1 3039.dat
1  19 -300 -112 50 1 0 0 0 1 0 0 0 1 3039.dat
1  19 -70 -112 310 0 0 1 0 1 0 -1 0 0 3062B.dat
1  19 70 -112 310 0 0 1 0 1 0 -1 0 0 3062B.dat
1  19 -70 -112 240 0 0 1 0 1 0 -1 0 0 30136.dat
1  19 70 -112 240 0 0 1 0 1 0 -1 0 0 30136.dat
1  4 60 -112 280 0 0 1 0 1 0 -1 0 0 3003.dat
1  4 -60 -112 280 0 0 1 0 1 0 -1 0 0 3003.dat
1  8 70 -112 210 0 0 1 0 1 0 -1 0 0 3665.dat
1  8 -70 -112 210 0 0 -1 0 1 0 1 0 0 3665.dat
1  8 70 -112 -210 0 0 1 0 1 0 -1 0 0 3665.dat
1  8 -70 -112 -210 0 0 -1 0 1 0 1 0 0 3665.dat
1  8 -70 -112 -300 0 0 -1 0 1 0 1 0 0 3660.dat
1  8 70 -112 -300 0 0 1 0 1 0 -1 0 0 3660.dat
1  7 70 -112 -250 0 0 1 0 1 0 -1 0 0 3622.dat
1  7 -70 -112 -250 0 0 1 0 1 0 -1 0 0 3622.dat
1  4 0 -88 0 0 0 1 0 1 0 -1 0 0 4079.dat
1  0 -328 -70 40 0 1 0 0 0 1 1 0 0 2476A.dat
1  0 -328 -70 0 0 1 0 0 0 1 1 0 0 2476A.dat
1  0 -328 -70 -40 0 1 0 0 0 1 1 0 0 2476A.dat
1  0 328 -70 40 0 -1 0 0 0 1 -1 0 0 2476A.dat
1  0 328 -70 0 0 -1 0 0 0 1 -1 0 0 2476A.dat
1  0 328 -70 -40 0 -1 0 0 0 1 -1 0 0 2476A.dat
1  7 336 -70 0 0 -1 0 0 0 1 -1 0 0 3032.dat
1  7 -336 -70 0 0 1 0 0 0 -1 -1 0 0 3032.dat
1  7 -360 -80 0 0 1 0 0 0 -1 -1 0 0 3009.dat
1  7 360 -80 0 0 -1 0 0 0 -1 1 0 0 3009.dat
1  8 368 -80 -40 0 -1 0 -1 0 0 0 0 -1 3021.dat
1  8 368 -80 40 0 -1 0 -1 0 0 0 0 -1 3021.dat
1  7 360 -60 0 0 -1 0 0 0 -1 1 0 0 30388.dat
1  7 360 -100 0 0 -1 0 0 0 -1 1 0 0 30388.dat
1  7 253.137 -62 253.137 -0.707107 -0.707107 0 0 0 -1 0.707107 -0.707107 0 30388.dat
1  7 253.137 -102 253.137 -0.707107 -0.707107 0 0 0 -1 0.707107 -0.707107 0 30388.dat
1  7 331.851 -100 138.353 -0.390788 -0.920646 0 0 0 -1 0.920646 -0.390788 0 30388.dat
1  7 331.851 -60 138.353 -0.390788 -0.920646 0 0 0 -1 0.920646 -0.390788 0 30388.dat
1  8 354.849 -80 104.652 0 -0.920646 0.390729 -1 0 0 0 -0.390788 -0.920506 3021.dat
1  8 323.586 -80 178.304 0 -0.920646 0.390729 -1 0 0 0 -0.390788 -0.920506 3021.dat
1  8 287.079 -82 230.51 0 -0.707106 0.707107 -1 0 0 0 -0.707106 -0.707107 3021.dat
1  8 230.51 -82 287.078 0 -0.707106 0.707107 -1 0 0 0 -0.707106 -0.707107 3021.dat
1  7 154.451 -102 324.305 -0.920505 -0.390731 0 0 0 -1 0.390731 -0.920505 0 30387.dat
1  7 249.196 -62 -249.699 0.707107 -0.707107 0 0 0 -1 0.707107 0.707107 0 30388.dat
1  7 249.196 -102 -249.699 0.707107 -0.707107 0 0 0 -1 0.707107 0.707107 0 30388.dat
1  7 331.837 -99.9891 -138.361 0.390856 -0.920783 -0.00268913 -0.00054587 0.00269054 -1 0.920783 0.390856 0.000548653 30388.dat
1  8 323.623 -79.9887 -178.33 -0.00268913 -0.920783 -0.390856 -1 0.00269054 0.00054587 0.000548653 0.390856 -0.920783 3021.dat
1  8 354.891 -80.0324 -104.667 -0.00268913 -0.920783 -0.390856 -1 0.00269054 0.00054587 0.000548653 0.390856 -0.920783 3021.dat
1  7 331.945 -59.9891 -138.382 0.390856 -0.920783 -0.00268913 -0.00054587 0.00269054 -1 0.920783 0.390856 0.000548653 30388.dat
1  8 283.137 -82 -227.071 0 -0.707107 -0.707107 -1 0 0 0 0.707107 -0.707107 3021.dat
1  8 226.568 -82 -283.64 0 -0.707107 -0.707107 -1 0 0 0 0.707107 -0.707107 3021.dat
1  7 150.014 -102 -320.127 0.927184 -0.374607 0 0 0 -1 0.374607 0.927184 0 30387.dat
1  8 171.555 -82 -320.053 0 -0.374607 -0.927184 -1 0 0 0 0.927184 -0.374607 3021.dat
1  8 175.987 -82 323.855 0 -0.390731 0.920505 -1 0 0 0 -0.920504 -0.390731 3021.dat
1  6 258.794 -62 258.794 -0.707107 -0.707107 0 0 0 -1 0.707107 -0.707107 0 3023.dat
1  6 339.216 -60 141.477 -0.390729 -0.920506 0 0 0 -1 0.920506 -0.390729 0 3023.dat
1  6 368 -60 0 0 -1 0 0 0 -1 1 0 0 3023.dat
1  6 339.312 -60.0106 -141.509 0.390856 -0.920783 -0.00268913 -0.00054587 0.00269054 -1 0.920783 0.390856 0.000548653 3023.dat
1  6 254.853 -62 -255.355 0.707107 -0.707106 0 0 0 -1 0.707106 0.707107 0 3023.dat
1  19 254.853 -102 -255.355 -0.707107 -0.707107 0 0 0 1 -0.707107 0.707107 0 48336.dat
1  7 150.014 -62 -320.127 0.927184 -0.374607 0 0 0 -1 0.374607 0.927184 0 30387.dat
1  19 339.204 -100.011 -141.487 -0.390857 -0.920783 0.00268913 0.000545873 0.00269055 1 -0.920783 0.390857 -0.000548653 48336.dat
1  19 368 -100 0 0 -1 0 0 0 1 -1 0 0 48336.dat
1  19 339.215 -100 141.48 0.390728 -0.920506 0 0 0 1 -0.920506 -0.390728 0 48336.dat
1  19 258.794 -102 258.794 0.707107 -0.707106 0 0 0 1 -0.707107 -0.707107 0 48336.dat
1  7 154.451 -62 324.305 -0.920505 -0.390731 0 0 0 -1 0.390731 -0.920505 0 30387.dat
1  7 137.464 -102 -342.454 -0.927184 -0.374607 0 0 0 1 -0.374607 0.927184 0 6636.dat
1  7 137.464 -62 -342.454 -0.927184 -0.374607 0 0 0 1 -0.374607 0.927184 0 6636.dat
1  7 142.293 -102 346.848 -0.920505 -0.390731 0 0 0 -1 0.390731 -0.920505 0 6636.dat
1  7 142.293 -62 346.848 -0.920505 -0.390731 0 0 0 -1 0.390731 -0.920505 0 6636.dat
1  19 264.752 -102 -279.397 0 -0.707106 0.707107 1 0 0 0 0.707106 0.707107 3040B.dat
1  19 264.752 -62 -279.397 0 -0.707106 0.707107 1 0 0 0 0.707106 0.707107 3040B.dat
1  7 293.036 -62 -251.113 0.707107 -0.707107 0 0 0 -1 0.707107 0.707107 0 3622.dat
1  7 293.036 -102 -251.113 0.707107 -0.707107 0 0 0 -1 0.707107 0.707107 0 3622.dat
1  7 296.978 -102 254.551 0.707107 -0.707106 0 0 0 1 -0.707107 -0.707107 0 3622.dat
1  7 296.978 -62 254.551 0.707107 -0.707106 0 0 0 1 -0.707107 -0.707107 0 3622.dat
1  19 268.694 -62 282.836 0 -0.707106 0.707107 -1 0 0 0 -0.707107 -0.707106 3040B.dat
1  19 268.694 -102 282.836 0 -0.707106 0.707107 -1 0 0 0 -0.707107 -0.707106 3040B.dat
1  7 361.307 -100 150.861 0.390728 -0.920506 0 0 0 1 -0.920506 -0.390728 0 3009.dat
1  7 361.307 -60 150.861 0.390728 -0.920506 0 0 0 1 -0.920506 -0.390728 0 3009.dat
1  7 392 -60 0 0 -1 0 0 0 -1 1 0 0 3009.dat
1  7 392 -100 0 0 -1 0 0 0 -1 1 0 0 3009.dat
1  7 361.41 -60.0752 -150.89 0.390856 -0.920783 -0.00268913 -0.00054587 0.00269054 -1 0.920783 0.390856 0.000548653 3009.dat
1  7 361.303 -100.075 -150.868 0.390856 -0.920783 -0.00268913 -0.00054587 0.00269054 -1 0.920783 0.390856 0.000548653 3009.dat
1  0 232.225 -82 -289.296 0.707107 -0.707107 0 0 0 -1 0.707107 0.707107 0 30383.dat
1  0 250.61 -82 -279.397 0 -0.707106 0.707107 1 0 0 0 0.707106 0.707107 30553.dat
1  0 253.439 -82 -282.226 0 -0.707106 0.707107 1 0 0 0 0.707106 0.707107 30553.dat
1  1 265.106 -82 -270.558 -0.707107 -0.707107 0 0 0 1 -0.707107 0.707107 0 3749.dat
1  0 236.167 -82 292.735 0.707107 -0.707107 0 0 0 1 -0.707107 -0.707107 0 30383.dat
1  0 254.552 -82 282.836 0 -0.707106 0.707107 -1 0 0 0 -0.707106 -0.707107 30553.dat
1  1 266.219 -82 271.168 -0.707107 -0.707107 0 0 0 -1 0.707107 -0.707107 0 3749.dat
1  9 259.129 -82 -278.223 0 -0.6974 -0.7167 1 0 0 0 -0.7167 0.6974 79.dat
1  9 271.125 -82 271.764 0 -0.6837 -0.7297 1 0 0 0 0.7297 -0.6837 79.dat
1  7 -360 -100 0 0 1 0 0 0 -1 -1 0 0 30388.dat
1  7 -360 -60 0 0 1 0 0 0 -1 -1 0 0 30388.dat
1  7 -254.584 -60 -254.795 0.707107 0.707107 0 0 0 -1 -0.707107 0.707107 0 30388.dat
1  7 -254.584 -100 -254.795 0.707107 0.707107 0 0 0 -1 -0.707107 0.707107 0 30388.dat
1  7 -331.854 -100 -138.343 0.390731 0.920505 0 0 0 -1 -0.920505 0.390731 0 30388.dat
1  7 -331.854 -60 -138.343 0.390731 0.920505 0 0 0 -1 -0.920505 0.390731 0 30388.dat
1  7 -156.405 -100 -326.694 0.913546 0.406737 0 0 0 -1 -0.406737 0.913546 0 30387.dat
1  7 -156.405 -60 -326.694 0.913546 0.406737 0 0 0 -1 -0.406737 0.913546 0 30387.dat
1  7 -255.487 -60 255.168 -0.707107 0.707107 0 0 0 -1 -0.707107 -0.707107 0 30388.dat
1  7 -255.487 -100 255.168 -0.707107 0.707107 0 0 0 -1 -0.707107 -0.707107 0 30388.dat
1  7 -333.049 -100 138.649 -0.374607 0.927184 0 0 0 -1 -0.927184 -0.374607 0 30388.dat
1  7 -333.049 -60 138.649 -0.374607 0.927184 0 0 0 -1 -0.927184 -0.374607 0 30388.dat
1  7 -156.8 -100 326.336 -0.920505 0.390731 0 0 0 -1 -0.390731 -0.920505 0 30387.dat
1  7 -156.8 -60 326.336 -0.920505 0.390731 0 0 0 -1 -0.390731 -0.920505 0 30387.dat
1  6 -368 -100 0 0 1 0 0 0 -1 -1 0 0 3023.dat
1  6 -368 -60 0 0 1 0 0 0 -1 -1 0 0 3023.dat
1  8 -368 -80 40 0 1 0 -1 0 0 0 0 1 3021.dat
1  8 -368 -80 -40 0 1 0 -1 0 0 0 0 1 3021.dat
1  8 -354.847 -80 -104.648 0 0.920505 -0.390731 -1 0 0 0 0.390731 0.920505 3021.dat
1  8 -323.589 -80 -178.289 0 0.920505 -0.390731 -1 0 0 0 0.390731 0.920505 3021.dat
1  8 -288.525 -80 -232.167 0 0.707107 -0.707107 -1 0 0 0 0.707107 0.707107 3021.dat
1  8 -231.956 -80 -288.736 0 0.707107 -0.707107 -1 0 0 0 0.707107 0.707107 3021.dat
1  8 -177.93 -80 -325.867 0 0.406736 -0.913546 -1 0 0 0 0.913546 0.406736 3021.dat
1  8 -355.451 -80 104.558 0 0.927184 0.374607 -1 0 0 0 -0.374607 0.927184 3021.dat
1  8 -325.483 -80 178.733 0 0.927184 0.374607 -1 0 0 0 -0.374607 0.927184 3021.dat
1  8 -289.428 -80 232.541 0 0.707107 0.707107 -1 0 0 0 -0.707107 0.707107 3021.dat
1  8 -232.859 -80 289.109 0 0.707107 0.707107 -1 0 0 0 -0.707107 0.707107 3021.dat
1  8 -178.336 -80 325.886 0 0.390731 0.920505 -1 0 0 0 -0.920505 0.390731 3021.dat
1  6 -339.218 -60 -141.469 0.390731 0.920505 0 0 0 -1 -0.920505 0.390731 0 3023.dat
1  6 -260.24 -60 -260.452 0.707107 0.707107 0 0 0 -1 -0.707107 0.707107 0 3023.dat
1  6 -141.388 -60 -342.137 0.913546 0.406736 0 0 0 -1 -0.406736 0.913546 0 3023.dat
1  6 -340.467 -60 141.646 -0.374607 0.927184 0 0 0 -1 -0.927184 -0.374607 0 3023.dat
1  6 -141.516 -60 341.515 -0.920505 0.390731 0 0 0 -1 -0.390731 -0.920505 0 3023.dat
1  8 -261.144 -80 260.825 0 0.707107 0.707107 -1 0 0 0 -0.707107 0.707107 3021.dat
1  19 -141.516 -100 341.515 0.920505 0.390731 0 0 0 1 0.390731 -0.920505 0 48336.dat
1  19 -340.467 -100 141.646 0.374606 0.927184 0 0 0 1 0.927184 -0.374606 0 48336.dat
1  19 -339.218 -100 -141.469 -0.390731 0.920505 0 0 0 1 0.920505 0.390731 0 48336.dat
1  19 -260.24 -100 -260.452 -0.707107 0.707106 0 0 0 1 0.707106 0.707107 0 48336.dat
1  19 -141.388 -100 -342.137 -0.913546 0.406736 0 0 0 1 0.406736 0.913546 0 48336.dat
1  7 -144.642 -100 348.879 0.920505 0.390731 0 0 0 1 0.390731 -0.920505 0 6636.dat
1  7 -144.642 -60 348.879 0.920505 0.390731 0 0 0 1 0.390731 -0.920505 0 6636.dat
1  7 -347.884 -60 144.643 -0.374607 0.927184 0 0 0 -1 -0.927184 -0.374607 0 6636.dat
1  7 -347.884 -100 144.643 -0.374607 0.927184 0 0 0 -1 -0.927184 -0.374607 0 6636.dat
1  7 -376 -100 0 0 1 0 0 0 -1 -1 0 0 6636.dat
1  7 -376 -60 0 0 1 0 0 0 -1 -1 0 0 6636.dat
1  7 -346.582 -100 -144.594 -0.390731 0.920505 0 0 0 1 0.920505 0.390731 0 6636.dat
1  7 -346.582 -60 -144.594 -0.390731 0.920505 0 0 0 1 0.920505 0.390731 0 6636.dat
1  7 -265.897 -100 -266.109 -0.707107 0.707106 0 0 0 1 0.707106 0.707107 0 6636.dat
1  7 -265.897 -60 -266.109 -0.707107 0.707106 0 0 0 1 0.707106 0.707107 0 6636.dat
1  7 -144.642 -100 -349.445 -0.913546 0.406736 0 0 0 1 0.406736 0.913546 0 6636.dat
1  7 -144.642 -60 -349.445 -0.913546 0.406736 0 0 0 1 0.406736 0.913546 0 6636.dat
1  6 -266.801 -100 266.482 0.707107 0.707106 0 0 0 1 0.707107 -0.707107 0 3023.dat
1  8 -295.085 -100 238.197 0.707107 0.707106 0 0 0 1 0.707107 -0.707107 0 44728.dat
1  8 -238.516 -100 294.766 0.707107 0.707106 0 0 0 1 0.707107 -0.707107 0 44728.dat
1  8 -245.587 -60 287.695 0 0.707106 -0.707107 1 0 0 0 -0.707107 -0.707107 2450.dat
1  8 -288.014 -60 245.269 -0.707107 0.707106 0 0 0 -1 -0.707106 -0.707107 0 2450.dat
1  7 -272.457 -60 272.139 0.707107 0.707106 0 0 0 1 0.707106 -0.707107 0 6636.dat
1  8 -272.457 -90 272.139 0.707107 0.707106 0 0 0 1 0.707106 -0.707107 0 2460.dat
1  8 -244.173 -90 300.423 0.707107 0.707106 0 0 0 1 0.707106 -0.707107 0 2460.dat
1  8 -300.742 -90 243.854 0.707107 0.707106 0 0 0 1 0.707106 -0.707107 0 2460.dat
1  7 -450 -48 -20 0 0 1 0 1 0 -1 0 0 3747.dat
1  7 -450 -48 20 0 0 1 0 1 0 -1 0 0 3747.dat
1  8 -430 -48 -50 1 0 0 0 1 0 0 0 1 3665.dat
1  8 -430 -48 50 -1 0 0 0 1 0 0 0 -1 3665.dat
1  8 -400 -48 50 -1 0 0 0 1 0 0 0 -1 3660.dat
1  8 -400 -48 -50 1 0 0 0 1 0 0 0 1 3660.dat
1  19 -450 -48 -50 0 0 1 0 1 0 -1 0 0 3676.dat
1  19 -450 -48 50 -1 0 0 0 1 0 0 0 -1 3676.dat
1  8 -420 -56 50 -1 0 0 0 1 0 0 0 -1 3710.dat
1  8 -420 -56 -50 -1 0 0 0 1 0 0 0 -1 3710.dat
1  7 -480 -56 0 0 0 1 0 1 0 -1 0 0 3795.dat
1  7 -440 -56 70 1 0 0 0 1 0 0 0 1 6636.dat
1  7 -440 -56 -70 1 0 0 0 1 0 0 0 1 6636.dat
1  7 -70 -120 -260 0 0 -1 0 1 0 1 0 0 6636.dat
1  7 70 -120 -260 0 0 -1 0 1 0 1 0 0 6636.dat
1  7 70 -120 260 0 0 -1 0 1 0 1 0 0 6636.dat
1  7 -70 -120 260 0 0 -1 0 1 0 1 0 0 6636.dat
1  0 -440 -64 50 -1 0 0 0 1 0 0 0 -1 3666.dat
1  0 -440 -64 -50 -1 0 0 0 1 0 0 0 -1 3666.dat
1  7 -90 -96 10 0 0 -1 0 1 0 1 0 0 6019.dat
1  7 -90 -96 -10 0 0 -1 0 1 0 1 0 0 6019.dat
1  7 90 -96 10 0 0 1 0 1 0 -1 0 0 6019.dat
1  7 90 -96 -10 0 0 1 0 1 0 -1 0 0 6019.dat
1  0 -90 -104 0 0 0 -1 0 1 0 1 0 0 3069BPC1.dat
1  0 90 -104 0 0 0 -1 0 1 0 1 0 0 3069BPAP.dat
1  8 -470 -88 50 -1 0 0 0 1 0 0 0 -1 3821.dat
1  8 -470 -88 -50 1 0 0 0 1 0 0 0 1 3822.dat
1  1 -440 -88 -50 1 0 0 0 1 0 0 0 1 30526.dat
1  1 -400 -88 -50 1 0 0 0 1 0 0 0 1 30526.dat
1  1 -400 -88 50 -1 0 0 0 1 0 0 0 -1 30526.dat
1  1 -440 -88 50 -1 0 0 0 1 0 0 0 -1 30526.dat
1  0 -390 -112 0 0 0 1 0 1 0 -1 0 0 3455.dat
1  19 -440 -96 50 -1 0 0 0 1 0 0 0 -1 2431.dat
1  19 -440 -96 -50 -1 0 0 0 1 0 0 0 -1 2431.dat
1  7 -340 -120 50 1 0 0 0 1 0 0 0 1 6636.dat
1  7 -340 -120 -50 1 0 0 0 1 0 0 0 1 6636.dat
1  8 -200 8 -160 1 0 0 0 1 0 0 0 1 3940.dat
1  8 -160 8 -160 1 0 0 0 1 0 0 0 1 3940.dat
1  8 -200 8 160 1 0 0 0 1 0 0 0 1 3940.dat
1  8 -160 8 160 1 0 0 0 1 0 0 0 1 3940.dat
1  8 200 8 160 1 0 0 0 1 0 0 0 1 3940.dat
1  8 160 8 160 1 0 0 0 1 0 0 0 1 3940.dat
1  8 200 8 -160 1 0 0 0 1 0 0 0 1 3940.dat
1  8 160 8 -160 1 0 0 0 1 0 0 0 1 3940.dat
1  7 -180 64 -160 0 0 -1 0 1 0 1 0 0 30303.dat
1  7 180 64 -160 0 0 -1 0 1 0 1 0 0 30303.dat
1  7 180 64 160 0 0 -1 0 1 0 1 0 0 30303.dat
1  7 -180 64 160 0 0 -1 0 1 0 1 0 0 30303.dat
1  7 -40 -36 332 -1 0 0 0 0 -1 0 -1 0 30565.dat
1  7 -40 -116 332 0 0 1 -1 0 0 0 -1 0 30565.dat
1  7 40 -116 332 1 0 0 0 0 1 0 -1 0 30565.dat
1  7 40 -36 332 0 0 -1 1 0 0 0 -1 0 30565.dat
1  7 0 -76 340 0 0 -1 1 0 0 0 -1 0 4150PS4.dat
1  4 -10 -46 356 -0.707107 0 -0.707107 0.707107 0 -0.707107 0 -1 0 4599.dat
1  4 10 -106 356 0.707107 0 0.707107 -0.707107 0 0.707107 0 -1 0 4599.dat
1  4 10 -46 356 -0.707107 0 0.707107 -0.707107 0 -0.707107 0 -1 0 4599.dat
1  4 -10 -106 356 0.707107 0 -0.707107 0.707107 0 0.707107 0 -1 0 4599.dat
1  7 -50 -76 380 0 0 1 -1 0 0 0 -1 0 3678.dat
1  7 50 -76 380 0 0 -1 1 0 0 0 -1 0 3678.dat
1  7 0 -26 380 -1 0 0 0 0 -1 0 -1 0 3678.dat
1  7 0 -126 380 1 0 0 0 0 1 0 -1 0 3678.dat
1  7 30 -106 356 1 0 0 0 0 1 0 -1 0 3063.dat
1  7 30 -106 380 1 0 0 0 0 1 0 -1 0 3063.dat
1  7 -30 -106 356 0 0 1 -1 0 0 0 -1 0 3063.dat
1  7 -30 -106 380 0 0 1 -1 0 0 0 -1 0 3063.dat
1  7 30 -46 356 0 0 -1 1 0 0 0 -1 0 3063.dat
1  7 30 -46 380 0 0 -1 1 0 0 0 -1 0 3063.dat
1  7 -30 -46 356 -1 0 0 0 0 -1 0 -1 0 3063.dat
1  7 -30 -46 380 -1 0 0 0 0 -1 0 -1 0 3063.dat
1  7 -420 -80 0 1 0 0 0 1 0 0 0 1 4345B.dat
1  7 -420 -80 0 1 0 0 0 1 0 0 0 1 4346.dat
1  0 -420 -88 0 1 0 0 0 1 0 0 0 1 2376.dat
1  8 0 -128 50 1 0 0 0 1 0 0 0 1 3010.dat
1  8 0 -128 -50 1 0 0 0 1 0 0 0 1 3010.dat
1  8 50 -128 0 0 0 -1 0 1 0 1 0 0 3010.dat
1  8 -50 -128 0 0 0 -1 0 1 0 1 0 0 3010.dat
1  19 50 -128 50 0 0 -1 0 1 0 1 0 0 3676.dat
1  19 -50 -128 50 -1 0 0 0 1 0 0 0 -1 3676.dat
1  19 -50 -128 -50 0 0 1 0 1 0 -1 0 0 3676.dat
1  19 50 -128 -50 1 0 0 0 1 0 0 0 1 3676.dat
1  8 -421 -58 -4 -1 0 0 0 1 0 0 0 -1 30304.dat
1  0 -50 -152 0 0 0 -1 0 1 0 1 0 0 3039PS1.dat
1  7 -30 -160 260 0 0 1 0 1 0 -1 0 0 3678.dat
1  7 30 -160 260 0 0 -1 0 1 0 1 0 0 3678.dat
1  7 0 -112 260 0 0 1 0 1 0 -1 0 0 3032.dat
1  7 -30 -160 300 0 0 1 0 1 0 -1 0 0 3678.dat
1  7 -30 -160 220 0 0 1 0 1 0 -1 0 0 3678.dat
1  7 30 -160 300 0 0 -1 0 1 0 1 0 0 3678.dat
1  7 30 -160 220 0 0 -1 0 1 0 1 0 0 3678.dat
1  19 0 -112 180 0 0 1 0 1 0 -1 0 0 3022.dat
1  4 0 -160 200 0 0 1 0 1 0 -1 0 0 3003.dat
1  7 0 -160 170 1 0 0 0 1 0 0 0 1 3747.dat
1  8 0 -168 140 1 0 0 0 1 0 0 0 1 43719.dat
1  8 0 -168 180 1 0 0 0 1 0 0 0 1 4150PS4.dat
1  7 0 -168 260 0 0 -1 0 1 0 1 0 0 3032.dat
1  0 0 -136 280 0 0 1 0 1 0 -1 0 0 3001.dat
1  0 0 -136 200 0 0 1 0 1 0 -1 0 0 3001.dat
1  19 0 -160 310 1 0 0 0 1 0 0 0 1 30136.dat
1  7 -30 -160 -300 0 0 1 0 1 0 -1 0 0 3678.dat
1  7 -30 -160 -220 0 0 1 0 1 0 -1 0 0 3678.dat
1  7 30 -160 -220 0 0 -1 0 1 0 1 0 0 3678.dat
1  7 30 -160 -260 0 0 -1 0 1 0 1 0 0 3678.dat
1  7 30 -160 -300 0 0 -1 0 1 0 1 0 0 3678.dat
1  7 -30 -160 -260 0 0 1 0 1 0 -1 0 0 3678.dat
1  7 0 -112 -260 0 0 -1 0 1 0 1 0 0 3032.dat
1  19 0 -112 -180 0 0 -1 0 1 0 1 0 0 3022.dat
1  0 0 -136 -200 0 0 -1 0 1 0 1 0 0 3001.dat
1  0 0 -136 -280 0 0 -1 0 1 0 1 0 0 3001.dat
1  4 0 -160 -200 0 0 -1 0 1 0 1 0 0 3003.dat
1  7 0 -160 -170 -1 0 0 0 1 0 0 0 -1 3747.dat
1  19 0 -144 -240 -1 0 0 0 1 0 0 0 -1 3022.dat
1  6 0 -152 -250 -1 0 0 0 1 0 0 0 -1 3023.dat
1  7 10 -160 -250 1 0 0 0 1 0 0 0 1 6019.dat
1  7 -10 -160 -250 1 0 0 0 1 0 0 0 1 6019.dat
1  8 0 -144 -300 1 0 0 0 1 0 0 0 1 3068B.dat
1  6 30 -168 -280 0 0 -1 0 1 0 1 0 0 3023.dat
1  6 -30 -168 -280 0 0 -1 0 1 0 1 0 0 3023.dat
1  8 20 -168 -230 0 0 -1 0 1 0 1 0 0 3021.dat
1  8 -20 -168 -230 0 0 -1 0 1 0 1 0 0 3021.dat
1  8 0 -168 -140 -1 0 0 0 1 0 0 0 -1 43719.dat
1  8 0 -168 -180 1 0 0 0 1 0 0 0 1 4150PS4.dat
1  19 50 -152 -50 0 0 -1 0 1 0 1 0 0 2357.dat
1  19 50 -152 50 -1 0 0 0 1 0 0 0 -1 2357.dat
1  19 -50 -152 50 0 0 1 0 1 0 -1 0 0 2357.dat
1  19 -50 -152 -50 1 0 0 0 1 0 0 0 1 2357.dat
1  7 0 -152 -70 1 0 0 0 1 0 0 0 1 3009.dat
1  7 0 -152 70 1 0 0 0 1 0 0 0 1 3009.dat
1  8 -70 -152 0 0 0 -1 0 1 0 1 0 0 3008.dat
1  8 70 -152 0 0 0 -1 0 1 0 1 0 0 3008.dat
1  7 -252.658 -122 252.34 0.707107 0 -0.707107 0 1 0 0.707106 0 0.707107 3795.dat
1  19 -252.658 -130 252.34 0.707107 0 -0.707107 0 1 0 0.707106 0 0.707107 3022.dat
1  6 -245.587 -138 245.269 0.707107 0 -0.707107 0 1 0 0.707106 0 0.707107 3023.dat
1  19 -231.445 -146 273.553 -0.707106 0 -0.707107 0 1 0 0.707107 0 -0.707107 3039.dat
1  19 -273.872 -146 231.126 0.707106 0 0.707107 0 1 0 -0.707107 0 0.707107 3039.dat
1  8 80 -160 0 0 0 -1 0 1 0 1 0 0 3031.dat
1  8 0 -160 -80 0 0 -1 0 1 0 1 0 0 3031.dat
1  8 -80 -160 0 0 0 -1 0 1 0 1 0 0 3031.dat
1  8 0 -160 80 0 0 -1 0 1 0 1 0 0 3031.dat
1  7 80 -160 80 0 0 -1 0 1 0 1 0 0 30565.dat
1  7 -80 -160 80 -1 0 0 0 1 0 0 0 -1 30565.dat
1  7 -80 -160 -80 0 0 1 0 1 0 -1 0 0 30565.dat
1  7 80 -160 -80 1 0 0 0 1 0 0 0 1 30565.dat
1  6 -90 -168 0 0 0 -1 0 1 0 1 0 0 3023.dat
1  19 -110 -168 0 0 0 1 0 1 0 -1 0 0 48336.dat
1  7 0 -184 0 0 0 1 0 1 0 -1 0 0 48092.dat
1  7 0 -184 0 1 0 0 0 1 0 0 0 1 48092.dat
1  7 0 -184 0 -1 0 0 0 1 0 0 0 -1 48092.dat
1  7 0 -184 0 0 0 -1 0 1 0 1 0 0 48092.dat
1  19 0 -160 -290 -1 0 0 0 1 0 0 0 -1 48336.dat
1  19 0 -152 -300 -1 0 0 0 1 0 0 0 -1 2654.dat
1  8 0 -160 -310 1 0 0 0 1 0 0 0 1 44728.dat
1  8 0 -168 -300 1 0 0 0 1 0 0 0 1 3068B.dat
1  7 40 -120 -332 0 0 -1 -1 0 0 0 1 0 30565.dat
1  7 -40 -120 -332 -1 0 0 0 0 1 0 1 0 30565.dat
1  7 40 -40 -332 1 0 0 0 0 -1 0 1 0 30565.dat
1  7 -40 -40 -332 0 0 1 1 0 0 0 1 0 30565.dat
1  7 -50 -80 -380 0 0 1 1 0 0 0 1 0 3678.dat
1  7 0 -130 -380 -1 0 0 0 0 1 0 1 0 3678.dat
1  7 50 -80 -380 0 0 -1 -1 0 0 0 1 0 3678.dat
1  7 0 -30 -380 1 0 0 0 0 -1 0 1 0 3678.dat
1  7 -30 -50 -356 0 0 1 1 0 0 0 1 0 3063.dat
1  7 -30 -50 -380 0 0 1 1 0 0 0 1 0 3063.dat
1  7 -30 -110 -356 -1 0 0 0 0 1 0 1 0 3063.dat
1  7 -30 -110 -380 -1 0 0 0 0 1 0 1 0 3063.dat
1  7 30 -110 -356 0 0 -1 -1 0 0 0 1 0 3063.dat
1  7 30 -110 -380 0 0 -1 -1 0 0 0 1 0 3063.dat
1  7 30 -50 -356 1 0 0 0 0 -1 0 1 0 3063.dat
1  7 30 -50 -380 1 0 0 0 0 -1 0 1 0 3063.dat
1  4 -10 -110 -356 -0.707107 0 -0.707107 -0.707107 0 0.707107 0 1 0 4599.dat
1  4 10 -110 -356 -0.707107 0 0.707107 0.707107 0 0.707107 0 1 0 4599.dat
1  7 0 -80 -340 0 0 1 1 0 0 0 1 0 4150PS4.dat
1  4 10 -50 -356 0.707107 0 0.707107 0.707107 0 -0.707107 0 1 0 4599.dat
1  4 -10 -50 -356 0.707107 0 -0.707107 -0.707107 0 -0.707107 0 1 0 4599.dat
1  8 0 -70 -324 -1 0 0 0 0 1 0 1 0 2419.dat
1  7 -203.161 -146 160.415 0.707106 0 0.707107 0 1 0 -0.707107 0 0.707107 4445.dat
1  7 -160.735 -146 202.842 -0.707106 0 -0.707107 0 1 0 0.707107 0 -0.707107 4445.dat
1  8 -210.232 -122 209.913 -0.707106 0 -0.707107 0 1 0 0.707107 0 -0.707107 3031.dat
1  8 -153.664 -122 153.344 -0.707106 0 -0.707107 0 1 0 0.707107 0 -0.707107 3031.dat
1  19 -224.375 -130 224.055 0.707107 0 -0.707107 0 1 0 0.707106 0 0.707107 3022.dat
1  6 -231.446 -138 231.126 0.707107 0 -0.707107 0 1 0 0.707106 0 0.707107 3023.dat
1  7 -224.375 -146 238.197 -0.707107 0 0.707107 0 1 0 -0.707106 0 -0.707107 6019.dat
1  7 -238.517 -146 224.055 -0.707107 0 0.707107 0 1 0 -0.707106 0 -0.707107 6019.dat
1  0 -153.664 -146 153.344 -0.707106 0 -0.707107 0 1 0 0.707107 0 -0.707107 3001.dat
1  19 -259.73 -146 259.41 0.707107 0 -0.707107 0 1 0 0.707106 0 0.707107 48336.dat
1  7 -196.09 -154 195.771 -0.707106 0 -0.707107 0 1 0 0.707107 0 -0.707107 3032.dat
1  19 -139.522 -154 139.202 -0.707106 0 -0.707107 0 1 0 0.707107 0 -0.707107 3022.dat
1  7 -245.587 -154 273.553 -0.707107 0 0.707107 0 1 0 -0.707106 0 -0.707107 32028.dat
1  7 -273.872 -154 245.268 -0.707107 0 0.707107 0 1 0 -0.707106 0 -0.707107 32028.dat
1  8 -111.238 -154 110.918 0.707107 0 -0.707107 0 1 0 0.707106 0 0.707107 43719.dat
1  7 -139.522 -162 139.202 -0.707106 0 -0.707107 0 1 0 0.707107 0 -0.707107 3795.dat
1  7 -224.375 -162 224.055 -0.707106 0 -0.707107 0 1 0 0.707107 0 -0.707107 3795.dat
1  6 -111.238 -170 110.918 0.707107 0 -0.707107 0 1 0 0.707106 0 0.707107 3176.dat
1  7 -317.017 -125.78 142.957 -0.374606 0.176915 0.910149 0 0.981627 -0.190809 -0.927184 -0.0714782 -0.367723 6019.dat
1  7 -324.51 -125.78 124.413 -0.374606 0.176915 0.910149 0 0.981627 -0.190809 -0.927184 -0.0714782 -0.367723 6019.dat
1  8 -313.077 -135.541 130.58 -0.374606 0.176915 0.910149 0 0.981627 -0.190809 -0.927184 -0.0714782 -0.367723 3068B.dat
1  7 -191.206 -150.585 113.697 0.374606 0.176915 -0.910149 0 0.981627 0.190809 0.927184 -0.0714782 0.367723 47397.dat
1  7 -213.682 -150.585 58.0657 0.374606 0.176915 -0.910149 0 0.981627 0.190809 0.927184 -0.0714782 0.367723 47398.dat
1  8 -140.149 -171.794 60.7124 -0.374606 0.176915 0.910149 0 0.981627 -0.190809 -0.927184 -0.0714782 -0.367723 30244.dat
1  19 -146.42 -154.18 63.246 0.374606 0.176915 -0.910149 0 0.981627 0.190809 0.927184 -0.0714782 0.367723 2654.dat
1  19 -310.247 -119.835 129.436 0.374606 0.176915 -0.910149 0 0.981627 0.190809 0.927184 -0.0714782 0.367723 2654.dat
1  7 -323.564 -125.779 -123.961 0.390731 0.175641 0.903593 0 0.981627 -0.190809 -0.920505 0.074555 0.383552 6019.dat
1  7 -315.749 -125.779 -142.371 0.390731 0.175641 0.903593 0 0.981627 -0.190809 -0.920505 0.074555 0.383552 6019.dat
1  8 -312.026 -135.541 -129.927 0.390731 0.175641 0.903593 0 0.981627 -0.190809 -0.920505 0.074555 0.383552 3068B.dat
1  7 -213.911 -150.585 -55.6887 -0.390731 0.175641 -0.903593 0 0.981627 0.190809 0.920505 0.074555 -0.383552 47397.dat
1  7 -190.467 -150.585 -110.919 -0.390731 0.175641 -0.903593 0 0.981627 0.190809 0.920505 0.074555 -0.383552 47398.dat
1  8 -140.343 -171.794 -57.0516 0.390731 0.175641 0.903593 0 0.981627 -0.190809 -0.920505 0.074555 0.383552 30244.dat
1  19 -146.569 -154.18 -59.6942 -0.390731 0.175641 -0.903593 0 0.981627 0.190809 0.920505 0.074555 -0.383552 2654.dat
1  19 -309.215 -119.835 -128.734 -0.390731 0.175641 -0.903593 0 0.981627 0.190809 0.920505 0.074555 -0.383552 2654.dat
1  7 -141.88 -125.78 -318.656 0.913546 0.0776088 0.399263 0 0.981627 -0.190809 -0.406736 0.174313 0.896761 6019.dat
1  7 -123.609 -125.779 -326.791 0.913546 0.0776088 0.399263 0 0.981627 -0.190809 -0.406736 0.174313 0.896761 6019.dat
1  8 -129.373 -135.541 -315.15 0.913546 0.0776088 0.399263 0 0.981627 -0.190809 -0.406736 0.174313 0.896761 3068B.dat
1  7 -108.247 -150.585 -193.942 -0.913546 0.0776088 -0.399263 0 0.981627 0.190809 0.406736 0.174313 -0.896761 47397.dat
1  7 -53.4339 -150.585 -218.346 -0.913546 0.0776088 -0.399263 0 0.981627 0.190809 0.406736 0.174313 -0.896761 47398.dat
1  8 -53.5127 -171.794 -144.766 0.913546 0.0776088 0.399263 0 0.981627 -0.190809 -0.406736 0.174313 0.896761 30244.dat
1  19 -56.2636 -154.18 -150.944 -0.913546 0.0776088 -0.399263 0 0.981627 0.190809 0.406736 0.174313 -0.896761 2654.dat
1  19 -128.131 -119.835 -312.361 -0.913546 0.0776088 -0.399263 0 0.981627 0.190809 0.406736 0.174313 -0.896761 2654.dat
1  19 134.467 -102 -335.037 -0.927184 -0.374606 0 0 0 1 -0.374606 0.927184 0 48336.dat
1  19 139.167 -102 339.484 0.920505 -0.390731 0 0 0 1 -0.390731 -0.920505 0 48336.dat
1  6 139.167 -62 339.484 -0.920505 -0.390731 0 0 0 -1 0.390731 -0.920505 0 3023.dat
1  6 134.467 -62 -335.037 0.927184 -0.374607 0 0 0 -1 0.374607 0.927184 0 3023.dat
1  7 117.235 -127.779 -319.08 0.927184 -0.0714782 -0.367723 0 0.981627 -0.190809 0.374606 0.176915 0.910149 6019.dat
1  7 135.778 -127.78 -311.587 0.927184 -0.0714782 -0.367723 0 0.981627 -0.190809 0.374606 0.176915 0.910149 6019.dat
1  8 123.401 -137.541 -307.647 0.927184 -0.0714782 -0.367723 0 0.981627 -0.190809 0.374606 0.176915 0.910149 3068B.dat
1  7 50.8867 -152.585 -208.252 -0.927184 -0.0714782 0.367723 0 0.981626 0.190809 -0.374606 0.176915 -0.910149 47397.dat
1  7 106.518 -152.585 -185.776 -0.927184 -0.0714782 0.367723 0 0.981626 0.190809 -0.374606 0.176915 -0.910149 47398.dat
1  8 53.5334 -173.794 -134.719 0.927184 -0.0714782 -0.367723 0 0.981627 -0.190809 0.374606 0.176915 0.910149 30244.dat
1  19 56.067 -156.18 -140.99 -0.927184 -0.0714782 0.367723 0 0.981626 0.190809 -0.374606 0.176915 -0.910149 2654.dat
1  19 122.257 -121.835 -304.817 -0.927184 -0.0714782 0.367723 0 0.981626 0.190809 -0.374606 0.176915 -0.910149 2654.dat
