0 Name : Life guard tower
0 File : 4937-1.ldr
0 Author : Legobsession
0 Official Model
0 ROTATION CENTER 0 0 0 1 "Custom" 
0 ROTATION CONFIG 0 0
0 MLCAD BTG Tower
1 19 -120 48 0 1 0 0 0 1 0 0 0 1 3031.dat
0 MLCAD BTG Tower
1 15 -120 24 30 1 0 0 0 1 0 0 0 1 3004.dat
0 MLCAD BTG Tower
1 4 -120 0 30 1 0 0 0 1 0 0 0 1 3004.dat
0 MLCAD BTG Tower
1 4 -150 -24 10 1 0 0 0 1 0 0 0 1 4460.dat
0 MLCAD BTG Tower
1 4 -120 -32 20 1 0 0 0 1 0 0 0 1 3020.dat
0 MLCAD BTG Tower
1 4 -90 -24 10 1 0 0 0 1 0 0 0 1 4460.dat
0 MLCAD BTG Tower
1 15 -120 -24 30 1 0 0 0 1 0 0 0 1 3004.dat
0 MLCAD BTG Tower
1 1 -150 -40 10 0 0 1 0 1 0 -1 0 0 4085C.dat
0 MLCAD BTG Tower
1 8 -169 -51 10 1 0 0 0 1 0 0 0 1 4349.dat
0 MLCAD BTG Tower
1 15 -150 -40 50 0 0 1 0 1 0 -1 0 0 4095.dat
0 MLCAD BTG Tower
1 1 -150 -48 20 0 0 1 0 1 0 -1 0 0 3023.dat
0 MLCAD BTG Tower
1 1 -90 -56 10 0 0 1 0 1 0 -1 0 0 4599.dat
0 MLCAD BTG Tower
1 15 -67 -52 10 0 -1 0 0 0 -1 1 0 0 30340.dat
0 MLCAD BTG Tower
1 14 -120 -40 20 1 0 0 0 1 0 0 0 1 4079.dat
0 MLCAD BTG Tower
1 1 -150 -40 30 -1 0 0 0 1 0 0 0 -1 4085C.dat
0 MLCAD BTG Tower
1 320 -150 -160 50 -1 0 0 0 1 0 0 0 -1 30065.dat
0 GROUP 11 Minifig
0 MLCAD BTG Minifig
1 6 -10.974 -40.355 -27.444 1 0 0 0 1 0 0 0 1 6093a.dat
0 MLCAD BTG Minifig
1 14 -10.974 -40.355 -27.444 1 0 0 0 1 0 0 0 1 3626BP01.dat
0 MLCAD BTG Minifig
1 15 -10.974 -16.355 -27.444 1 0 0 0 1 0 0 0 1 973p2d.dat
0 MLCAD BTG Minifig
1 1 -10.974 15.645 -27.444 1 0 0 0 1 0 0 0 1 3815.dat
0 MLCAD BTG Minifig
1 14 -26.526 -7.355 -27.444 0.985 -0.17 0 0.17 0.985 0 0 0 1 3818.dat
0 MLCAD BTG Minifig
1 14 4.578 -7.355 -27.444 0.985 0.17 0 -0.17 0.985 0 0 0 1 3819.dat
0 MLCAD BTG Minifig
1 14 -34.837 10.241 -37.765 0.985 -0.12019 0.12019 0.17 0.696395 -0.696395 0 0.707 0.707 3820.dat
0 MLCAD BTG Minifig
1 14 12.89 10.241 -37.765 0.985 0.12019 -0.12019 -0.17 0.696395 -0.696395 0 0.707 0.707 3820.dat
0 MLCAD BTG Minifig
1 1 -10.974 27.645 -27.444 1 0 0 0 1 0 0 0 1 3816.dat
0 MLCAD BTG Minifig
1 1 -10.974 27.645 -27.444 1 0 0 0 1 0 0 0 1 3817.dat
0 MLCAD BTG Minifig
1 8 -35.934 21.851 -48.599 -0.258801 -0.965776 0.0172826 0.837582 -0.215464 0.502027 -0.481122 0.144401 0.864679 30162.dat
0 GROUP 16 Tower
0 MLCAD BTG Boat
1 15 155 32 57.943 -0.5 0 0.866025 0 1 0 -0.866025 0 -0.5 4871.dat
0 MLCAD BTG Boat
1 1 135 40 23.301 -0.5 0 0.866025 0 1 0 -0.866025 0 -0.5 3795.dat
0 MLCAD BTG Boat
1 14 155.98 24 -0.359 -0.5 0 0.866025 0 1 0 -0.866025 0 -0.5 30039.dat
0 MLCAD BTG Boat
1 14 104.019 24 29.641 -0.5 0 0.866025 0 1 0 -0.866025 0 -0.5 30039.dat
0 MLCAD BTG Boat
1 8 119.019 24 55.622 -0.5 0 0.866025 0 1 0 -0.866025 0 -0.5 30244.dat
0 MLCAD BTG Boat
1 8 170.981 24 25.622 -0.5 0 0.866025 0 1 0 -0.866025 0 -0.5 30244.dat
0 MLCAD BTG Boat
1 14 95 24 -45.981 0.866025 0 0.5 0 1 0 -0.5 0 0.866025 43719.dat
0 MLCAD BTG Boat
1 1 110 16 -20 -0.866025 0 -0.5 0 1 0 0.5 0 -0.866025 3039.dat
0 MLCAD BTG Boat
1 1 95 24 -45.981 0.866025 0 0.5 0 1 0 -0.5 0 0.866025 30602.dat
0 MLCAD BTG Boat
1 1 155 40 57.943 -0.866025 0 -0.5 0 1 0 0.5 0 -0.866025 30602.dat
0 MLCAD BTG Boat
1 14 110 8 -20 -0.866025 0 -0.5 0 1 0 0.5 0 -0.866025 3794.dat
0 MLCAD BTG Boat
1 8 110 0 -20 -0.5 0 0.866025 0 1 0 -0.866025 0 -0.5 2555.dat
0 MLCAD BTG Boat
1 0 110 0 -20 0.866025 0 0.5 0 1 0 -0.5 0 0.866025 30031.dat
0 MLCAD BTG Boat
1 36 185.981 24 51.602 -0.866025 0 -0.5 0 1 0 0.5 0 -0.866025 4073.dat
0 MLCAD BTG Boat
1 15 134.019 24 81.603 -0.866025 0 -0.5 0 1 0 0.5 0 -0.866025 3957.dat
0 MLCAD BTG Boat
1 4 134.019 -52 81.603 0.866025 0 0.5 0 1 0 -0.5 0 0.866025 4495.dat
0 MLCAD BTG Boat
1 15 135 32 23.301 0.866025 0 0.5 0 1 0 -0.5 0 0.866025 43713.dat
0 GROUP 17 Boat
0
