0 Untitled
0 Name: 623-1.ldr
0 Author: MLCad
0 Unofficial Model
0 ROTATION CENTER 0 0 0 1 "Custom" 
0 ROTATION CONFIG 0 0
1 4 -160 48 0 1 0 0 0 1 0 0 0 1 4212.dat
1 4 -130 24 -30 1 0 0 0 1 0 0 0 1 3822.dat
1 4 -190 24 -30 1 0 0 0 1 0 0 0 1 3821.dat
1 15 -130 0 50 1 0 0 0 1 0 0 0 1 3005.dat
1 15 -190 0 50 1 0 0 0 1 0 0 0 1 3005.dat
1 15 -160 -8 50 1 0 0 0 1 0 0 0 1 3710.dat
1 15 -160 -16 50 1 0 0 0 1 0 0 0 1 3794.dat
1 33 -160 -40 50 1 0 0 0 1 0 0 0 1 3062a.dat
1 47 -160 -24 -30 1 0 0 0 1 0 0 0 1 3823.dat
1 4 -160 40 -30 1 0 0 0 1 0 0 0 1 3829c01.dat
1 4 -190 40 30 1 0 0 0 1 0 0 0 1 3024.dat
1 4 -130 40 30 1 0 0 0 1 0 0 0 1 3024.dat
1 4 -130 32 30 1 0 0 0 1 0 0 0 1 3024.dat
1 4 -190 32 30 1 0 0 0 1 0 0 0 1 3024.dat
1 4 -160 32 -90 1 0 0 0 1 0 0 0 1 3710.dat
1 4 -160 40 -90 1 0 0 0 1 0 0 0 1 3710.dat
1 4 -160 40 90 1 0 0 0 1 0 0 0 1 3710.dat
1 4 -160 32 90 1 0 0 0 1 0 0 0 1 3710.dat
1 4 -160 32 -60 1 0 0 0 1 0 0 0 1 3788.dat
1 4 -160 32 60 1 0 0 0 1 0 0 0 1 3788.dat
1 15 -140 24 -70 0 0 -1 0 1 0 1 0 0 3021.dat
1 15 -180 24 -70 0 0 -1 0 1 0 1 0 0 3021.dat
1 15 -160 24 60 0 0 -1 0 1 0 1 0 0 3031.dat
1 7 -160 56 -60 -1 0 0 0 1 0 0 0 -1 122c01.dat
1 7 -160 56 60 -1 0 0 0 1 0 0 0 -1 122c01.dat
1 0 -130 62 -60 0 0 1 0 1 0 -1 0 0 3641.dat
1 0 -189 62 -60 0 0 1 0 1 0 -1 0 0 3641.dat
1 0 -189 62 60 0 0 1 0 1 0 -1 0 0 3641.dat
1 0 -129 62 60 0 0 1 0 1 0 -1 0 0 3641.dat
0 MLCAD BTG Minifig
1 0 -160 -13 10 1 0 0 0 1 0 0 0 1 390.dat
0 MLCAD BTG Minifig
1 14 -160 -13 10 1 0 0 0 1 0 0 0 1 3626bp01.dat
0 MLCAD BTG Minifig
1 15 -160 11 10 1 0 0 0 1 0 0 0 1 973.dat
0 MLCAD BTG Minifig
1 4 -160 43 10 1 0 0 0 1 0 0 0 1 970.dat
0 MLCAD BTG Minifig
1 15 -175.552 20 10 0.985 -0.130228 -0.109274 0.17 0.754554 0.633146 0 -0.642788 0.766044 3818.dat
0 MLCAD BTG Minifig
1 15 -144.448 20 10 0.985 0.142574 0.0925886 -0.17 0.826091 0.536469 0 -0.544639 0.838671 3819.dat
0 MLCAD BTG Minifig
1 14 -181.989 26.737 -9.966 0.985 -0.169328 0.0148142 0.17 0.981104 -0.0858354 0 0.0871426 0.996044 3820.dat
0 MLCAD BTG Minifig
1 14 -137.607 29.077 -8.874 0.985 0.16626 -0.0353396 -0.17 0.96333 -0.204762 0 0.20788 0.978 3820.dat
0 MLCAD BTG Minifig
1 4 -160 55 10 1 0 0 0 0 1 0 -1 0 3816.dat
0 MLCAD BTG Minifig
1 4 -160 55 10 1 0 0 0 0 1 0 -1 0 3817.dat
0 GROUP 10 Minifig
0
