0 FILE Untitled.ldr
0 Untitled
0 Name: Untitled.ldr
0 Author: Rijk van Voorst
0 Unofficial Model
0 ROTATION CENTER 0 0 0 1 "Custom" 
0 ROTATION CONFIG 0 0
1 2 160 0 -10 1 0 0 0 1 0 0 0 1 3867.dat
1 7 -160 0 -10 1 0 0 0 1 0 0 0 1 3867.dat
1 15 -300 -24 100 1 0 0 0 1 0 0 0 1 3004.dat
1 15 -270 -24 110 0 0 -1 0 1 0 1 0 0 3004.dat
1 15 -270 -24 -10 0 0 -1 0 1 0 1 0 0 3004.dat
1 15 30 -24 110 0 0 -1 0 1 0 1 0 0 3004.dat
1 15 30 -24 60 0 0 -1 0 1 0 1 0 0 3622.dat
1 15 -130 -24 10 0 0 -1 0 1 0 1 0 0 3010.dat
1 15 -40 -24 20 1 0 0 0 1 0 0 0 1 3008.dat
1 4 -60 -48 140 1 0 0 0 1 0 0 0 1 2486.dat
1 15 30 -48 120 1 0 0 0 1 0 0 0 1 3005.dat
1 7 10 -48 90 -1 0 0 0 1 0 0 0 -1 4626.dat
1 15 30 -48 40 0 0 1 0 1 0 -1 0 0 3622.dat
1 15 -290 -48 100 1 0 0 0 1 0 0 0 1 3622.dat
1 15 -60 -48 20 1 0 0 0 1 0 0 0 1 3008.dat
1 15 -130 -48 40 1 0 0 0 1 0 0 0 1 3005.dat
1 15 -270 -48 120 1 0 0 0 1 0 0 0 1 3005.dat
1 15 -130 -48 -10 0 0 -1 0 1 0 1 0 0 3004.dat
1 15 -270 -48 -10 0 0 -1 0 1 0 1 0 0 3004.dat
1 15 -270 -72 110 0 0 -1 0 1 0 1 0 0 3004.dat
1 15 -270 -56 -10 0 0 1 0 1 0 -1 0 0 3023.dat
1 15 -300 -56 100 -1 0 0 0 1 0 0 0 -1 3023.dat
1 7 -310 -64 100 1 0 0 0 1 0 0 0 1 4085b.dat
1 7 -290 -64 100 1 0 0 0 1 0 0 0 1 4085b.dat
1 7 -300 -72 100 -1 0 0 0 1 0 0 0 -1 4623.dat
1 15 -130 -56 10 0 0 1 0 1 0 -1 0 0 3710.dat
1 15 -130 -64 20 0 0 1 0 1 0 -1 0 0 3623.dat
1 15 -130 -72 20 0 0 1 0 1 0 -1 0 0 3623.dat
1 15 -100 -72 20 1 0 0 0 1 0 0 0 1 3004.dat
1 15 30 -72 90 0 0 -1 0 1 0 1 0 0 3010.dat
1 15 30 -72 20 0 0 -1 0 1 0 1 0 0 2357.dat
1 15 -270 -80 0 0 0 -1 0 1 0 1 0 0 3005.dat
1 15 -270 -96 120 0 0 -1 0 1 0 1 0 0 3005.dat
1 15 -130 -96 40 0 0 -1 0 1 0 1 0 0 3005.dat
1 15 -130 -96 0 0 0 -1 0 1 0 1 0 0 3005.dat
1 15 10 -96 20 0 0 -1 0 1 0 1 0 0 3005.dat
1 15 -290 -96 100 -1 0 0 0 1 0 0 0 -1 3622.dat
1 15 -110 -96 20 -1 0 0 0 1 0 0 0 -1 3622.dat
1 15 30 -96 70 0 0 1 0 1 0 -1 0 0 3009.dat
1 15 -270 -104 0 0 0 1 0 1 0 -1 0 0 3005.dat
1 4 -300 -104 100 1 0 0 0 1 0 0 0 1 3023.dat
1 15 -270 -120 110 0 0 -1 0 1 0 1 0 0 3004.dat
1 15 30 -120 110 0 0 -1 0 1 0 1 0 0 3004.dat
1 15 20 -120 20 -1 0 0 0 1 0 0 0 -1 3004.dat
1 15 -100 -120 20 -1 0 0 0 1 0 0 0 -1 3004.dat
1 15 -130 -120 20 0 0 1 0 1 0 -1 0 0 3622.dat
1 15 30 -120 60 0 0 1 0 1 0 -1 0 0 3622.dat
1 1 -40 -120 20 1 0 0 0 1 0 0 0 1 3853.dat
1 4 -74 -116 16 0 0 -1 0 1 0 1 0 0 3854.dat
1 4 -6 -116 16 0 0 1 0 1 0 -1 0 0 3854.dat
1 15 -130 -144 20 1 0 0 0 1 0 0 0 1 2357.dat
1 15 -40 -144 20 1 0 0 0 1 0 0 0 1 3009.dat
1 15 30 -144 70 0 0 -1 0 1 0 1 0 0 3009.dat
1 15 -270 -128 110 0 0 -1 0 1 0 1 0 0 3023.dat
1 15 -270 -104 -20 1 0 0 0 1 0 0 0 1 3581.dat
1 15 -130 -104 -20 1 0 0 0 1 0 0 0 1 3581.dat
1 1 -270 -152 -32 0 0 1 0 1 0 -1 0 0 3644.dat
1 1 -130 -152 -32 0 0 -1 0 1 0 1 0 0 3644.dat
1 15 -270 -128 -10 0 0 -1 0 1 0 1 0 0 3004.dat
1 15 -270 -152 -20 0 0 -1 0 1 0 1 0 0 3005.dat
1 15 -270 -152 120 0 0 -1 0 1 0 1 0 0 3005.dat
1 15 -130 -112 -20 0 0 -1 0 1 0 1 0 0 3024.dat
1 15 -130 -120 -20 0 0 -1 0 1 0 1 0 0 3024.dat
1 15 -130 -144 -10 0 0 -1 0 1 0 1 0 0 3004.dat
1 15 -270 -176 50 0 0 -1 0 1 0 1 0 0 3307.dat
1 15 -270 -176 120 0 0 -1 0 1 0 1 0 0 3005.dat
1 15 -130 -152 0 0 0 -1 0 1 0 1 0 0 3623.dat
1 15 30 -168 90 0 0 -1 0 1 0 1 0 0 3010.dat
1 15 30 -192 100 0 0 -1 0 1 0 1 0 0 3622.dat
1 15 -130 -176 10 0 0 -1 0 1 0 1 0 0 3004.dat
1 15 -270 -200 70 0 0 -1 0 1 0 1 0 0 3009.dat
1 15 -200 -160 -20 -1 0 0 0 1 0 0 0 -1 3460.dat
1 15 -270 -168 -20 -1 0 0 0 1 0 0 0 -1 3024.dat
1 15 -130 -168 -20 -1 0 0 0 1 0 0 0 -1 3024.dat
1 0 -250 -168 -20 1 0 0 0 1 0 0 0 1 4081b.dat
1 0 -150 -168 -20 1 0 0 0 1 0 0 0 1 4081b.dat
1 15 -200 -168 -20 1 0 0 0 1 0 0 0 1 3710.dat
1 15 -200 -176 -20 -1 0 0 0 1 0 0 0 -1 3460.dat
1 46 -262 -166 -40 0 1 0 1 0 0 0 0 -1 4073.dat
1 46 -238 -166 -40 0 -1 0 1 0 0 0 0 1 4073.dat
1 46 -162 -166 -40 0 1 0 1 0 0 0 0 -1 4073.dat
1 46 -138 -166 -40 0 -1 0 1 0 0 0 0 1 4073.dat
1 15 -270 -224 110 0 0 -1 0 1 0 1 0 0 3004.dat
1 15 -270 -224 60 0 0 -1 0 1 0 1 0 0 3622.dat
1 15 -130 -200 20 0 0 -1 0 1 0 1 0 0 3005.dat
1 15 30 -216 110 0 0 -1 0 1 0 1 0 0 3004.dat
1 15 -270 -248 90 0 0 -1 0 1 0 1 0 0 3010.dat
1 15 -130 -240 40 1 0 0 0 1 0 0 0 1 2339.dat
1 15 -130 -216 40 1 0 0 0 1 0 0 0 1 3005.dat
1 15 -130 -240 60 1 0 0 0 1 0 0 0 1 3005.dat
1 15 -130 -240 120 0 0 1 0 1 0 -1 0 0 2420.dat
1 15 -130 -224 40 0 0 1 0 1 0 -1 0 0 3024.dat
1 15 -130 -248 90 0 0 1 0 1 0 -1 0 0 3710.dat
1 15 30 -240 120 0 0 1 0 1 0 -1 0 0 3005.dat
1 4 -200 -200 0 1 0 0 0 1 0 0 0 1 4445.dat
1 4 -200 -224 20 1 0 0 0 1 0 0 0 1 4445.dat
1 4 -200 -248 40 1 0 0 0 1 0 0 0 1 4445.dat
1 4 -40 -168 40 1 0 0 0 1 0 0 0 1 4445.dat
1 4 -40 -192 60 1 0 0 0 1 0 0 0 1 4445.dat
1 4 -40 -216 80 1 0 0 0 1 0 0 0 1 4445.dat
1 4 -40 -240 100 1 0 0 0 1 0 0 0 1 4445.dat
1 4 -200 -256 70 1 0 0 0 1 0 0 0 1 3035.dat
1 14 -40 -24 -90 1 0 0 0 1 0 0 0 1 3003.dat
1 14 -80 -24 -70 1 0 0 0 1 0 0 0 1 3003.dat
1 2 260 -8 90 1 0 0 0 1 0 0 0 1 2435.dat
1 14 170 -12 120 0.707107 0 -0.707107 0 1 0 0.707107 0 0.707107 3741ac01.dat
1 15 240 -48 -160 1 0 0 0 1 0 0 0 1 2486.dat
1 15 80 -48 -160 1 0 0 0 1 0 0 0 1 2486.dat
1 15 10 -48 -70 0 0 -1 0 1 0 1 0 0 2486.dat
1 14 -60 -48 -70 0 0 -1 0 1 0 1 0 0 3003.dat
1 4 -200 -256 120 -1 0 0 0 1 0 0 0 -1 3460.dat
1 4 -40 -248 110 -1 0 0 0 1 0 0 0 -1 3034.dat
1 7 -160 -280 70 -1 0 0 0 1 0 0 0 -1 3941.dat
1 0 -160 -288 70 -1 0 0 0 1 0 0 0 -1 4073.dat
1 7 -160 -296 70 -1 0 0 0 1 0 0 0 -1 4740.dat
1 6 -310 -96 80 1 0 0 0 1 0 0 0 1 3836.dat
1 8 -290 -56 80 -1 0 0 0 1 0 0 0 -1 3837.dat
1 0 -308.322 -44.601 126 0.96363 0.267238 0 -0.267238 0.96363 0 0 0 1 4491a.dat
1 0 222.565 -47.991 -90 0 0.0436194 0.999048 0 0.999048 -0.0436194 -1 0 0 Cart.ldr
0
0 FILE Cart.ldr
0 New Model
0 Name: Cart.ldr
0 Author: Rijk van Voorst
0 Unofficial Model
0 ROTATION CENTER 0 0 0 1 "Custom" 
0 ROTATION CONFIG 0 0
1 0 20 0 0 1 0 0 0 1 0 0 0 1 2444.dat
1 0 -20 0 0 -1 0 0 0 1 0 0 0 -1 2444.dat
1 0 0 8 10 -1 0 0 0 1 0 0 0 -1 3023.dat
1 14 0 -8 10 -1 0 0 0 1 0 0 0 -1 3710.dat
1 14 -30 -8 -10 -1 0 0 0 1 0 0 0 -1 3024.dat
1 14 30 -8 -10 -1 0 0 0 1 0 0 0 -1 3024.dat
1 14 0 -24 -80 -1 0 0 0 1 0 0 0 -1 2397.dat
1 6 0 -16 -130 1 0 0 0 1 0 0 0 1 4493c04.dat
1 6 0 -48 -130 1 0 0 0 1 0 0 0 1 3004.dat
1 7 40 10 0 1 0 0 0 1 0 0 0 1 3749.dat
1 7 -40 10 0 -1 0 0 0 1 0 0 0 -1 3749.dat
1 47 55 10 0 0 0 1 0 1 0 -1 0 0 4185.dat
1 47 -55 10 0 0 0 1 0 1 0 -1 0 0 4185.dat
1 0 -55 10 0 0 0 1 0 1 0 -1 0 0 2815.dat
1 0 55 10 0 0 0 1 0 1 0 -1 0 0 2815.dat
1 0 0 -8 80 1 0 0 0 1 0 0 0 1 Jockey.ldr
0
0 FILE Jockey.ldr
0 New Minifig Model
0 Name: Jockey.ldr
0 Author: Rijk van Voorst
0 Unofficial Model
0 ROTATION CENTER 0 0 0 1 "Custom" 
0 ROTATION CONFIG 0 0
1 0 0 -71.589 -45.431 0.906308 0 -0.422618 0.16513 0.920505 0.354123 0.389022 -0.390731 0.834261 3833.dat
1 14 0 -71.589 -45.431 0.906308 0 -0.422618 0.16513 0.920505 0.354123 0.389022 -0.390731 0.834261 3626ap01.dat
1 4 0 -49.507 -54.809 1 0 0 0 0.920505 0.390731 0 -0.390731 0.920505 973.dat
1 1 0 -20.045 -67.313 1 0 0 0 0.920505 0.390731 0 -0.390731 0.920505 3815.dat
1 4 -15.552 -41.215 -58.321 0.985 -0.17 0 0.156486 0.906697 0.390731 -0.0664243 -0.38487 0.920505 3818.dat
1 4 15.553 -41.215 -58.321 0.985 0.166285 0.035345 -0.156486 0.805646 0.570706 0.0664243 -0.567844 0.820371 3819.dat
1 14 -23.863 -29.051 -74.7 0.985 -0.12019 0.12019 0.156486 0.917282 -0.364788 -0.0664243 0.378694 0.9229 3820.dat
1 14 23.429 -32.808 -77.095 0.985 0.142552 -0.0925747 -0.156486 0.973081 -0.166103 0.0664243 0.178537 0.981467 3820.dat
1 0 -24.246 -32.184 -87.734 0.985 -0.0874983 0.14567 0.156486 0.801485 -0.575827 -0.0664243 0.590675 0.803569 2488c01.dat
1 1 0 -9 -72 1 0 0 0 0 1 0 -1 0 3816.dat
1 1 0 -9 -72 1 0 0 0 0 1 0 -1 0 3817.dat
0
0
