0 FILE 6378 - main.ldr 
0 main
0 Name: 6378 - main.ldr 
0 Author: Robert Paciorek [bercik]
0 !LICENSE Redistributable under CCAL version 2.0 : see CAreadme.txt
0 !HELP Copyright (c) 2002-2017, Robert Paciorek (http://www.opcode.eu.org/)
0 !HELP Released under a dual license, you can choise "CCAL version 2.0" or "BSD/MIT-type licence":
0 !HELP Redistribution and use in source or any others forms, with or without modification, ARE PERMITTED provided save information about author(s).
0 !HELP This material is distributed WITHOUT any warranty, use at YOUR own risk.
1 15 20 -56 -170 0 0 1 0 1 0 -1 0 0 6378 - car.ldr 
1 16 -200.36 0 56 0.5 0 0.866 0 1 0 -0.866 0 0.5 6378 - minifig 1.ldr 
1 16 -280 0 90 1 0 0 0 1 0 0 0 1 6378 - minifig 2.ldr 
1 16 0 0 0 1 0 0 0 1 0 0 0 1 6378 - building.ldr 


0 FILE 6378 - building.ldr 
0 building
0 Name: 6378 - building.ldr 
0 Author: Robert Paciorek [bercik]
0 !LICENSE Redistributable under CCAL version 2.0 : see CAreadme.txt
0 !HELP Copyright (c) 2002-2017, Robert Paciorek (http://www.opcode.eu.org/)
0 !HELP Released under a dual license, you can choise "CCAL version 2.0" or "BSD/MIT-type licence":
0 !HELP Redistribution and use in source or any others forms, with or without modification, ARE PERMITTED provided save information about author(s).
0 !HELP This material is distributed WITHOUT any warranty, use at YOUR own risk.
1 7 0 0 0 1 0 0 0 1 0 0 0 1 309p01.dat 
1 15 -210 -24 260 0 0 1 0 1 0 -1 0 0 3009.dat 
1 4 -190 -24 260 0 0 1 0 1 0 -1 0 0 3010.dat 
1 14 -40 -24 260 0 0 1 0 1 0 -1 0 0 3001.dat 
1 15 90 -24 310 1 0 0 0 1 0 0 0 1 3005.dat 
1 15 90 -24 190 0 0 1 0 1 0 -1 0 0 3622.dat 
1 0 60 -24 210 1 0 0 0 1 0 0 0 1 3004.dat 
1 15 0 -8 -40 1 0 0 0 1 0 0 0 1 3035.dat 
1 15 -120 -8 -40 0 0 1 0 1 0 -1 0 0 4859.dat 
1 15 120 -8 -40 0 0 -1 0 1 0 1 0 0 4859.dat 
1 15 190 -8 -250 1 0 0 0 1 0 0 0 1 6141.dat 
1 15 130 -8 -250 1 0 0 0 1 0 0 0 1 6141.dat 
1 15 190 -8 -290 1 0 0 0 1 0 0 0 1 6141.dat 
1 15 130 -8 -290 1 0 0 0 1 0 0 0 1 6141.dat 
1 14 290 -24 -230 1 0 0 0 1 0 0 0 1 3062b.dat 
1 14 -290 -24 -230 1 0 0 0 1 0 0 0 1 3062b.dat 
1 0 0 -8 -280 1 0 0 0 1 0 0 0 1 3022.dat 
1 14 -170 -8 -280 1 0 0 0 1 0 0 0 1 3021.dat 
0 STEP
1 15 270 -24 240 0 0 1 0 1 0 -1 0 0 3008.dat 
1 14 -40 -48 260 0 0 1 0 1 0 -1 0 0 3001.dat 
1 15 90 -48 310 1 0 0 0 1 0 0 0 1 3005.dat 
1 15 90 -48 190 0 0 1 0 1 0 -1 0 0 3622.dat 
1 7 -190 -32 290 0 0 1 0 1 0 -1 0 0 4592c01.dat 
1 7 -190 -32 250 0 0 1 0 1 0 -1 0 0 4592c01.dat 
1 0 -90 -16 -40 1 0 0 0 1 0 0 0 1 3021.dat 
1 0 90 -16 -40 1 0 0 0 1 0 0 0 1 3021.dat 
1 4 290 -32 -230 1 0 0 0 1 0 0 0 1 6141.dat 
1 4 -290 -32 -230 1 0 0 0 1 0 0 0 1 6141.dat 
1 1 130 -16 -270 0 0 1 0 1 0 -1 0 0 3623.dat 
1 1 190 -16 -270 0 0 1 0 1 0 -1 0 0 3623.dat 
1 14 -170 -16 -280 1 0 0 0 1 0 0 0 1 3021.dat 
1 15 0 -56 -280 -1 0 0 0 1 0 0 0 -1 4345a.dat 
1 15 0 -56 -280 -1 0 0 0 1 0 0 0 -1 4346.dat 
0 STEP
1 15 -210 -48 260 0 0 1 0 1 0 -1 0 0 3009.dat 
1 0 60 -48 210 1 0 0 0 1 0 0 0 1 3004.dat 
1 15 270 -48 240 0 0 1 0 1 0 -1 0 0 3008.dat 
1 0 -50 -72 250 0 0 -1 0 1 0 1 0 0 3040p33.dat 
1 15 90 -56 190 0 0 1 0 1 0 -1 0 0 3623.dat 
1 15 90 -64 190 0 0 -1 0 1 0 1 0 0 4085b.dat 
1 15 90 -64 170 0 0 1 0 1 0 -1 0 0 4085b.dat 
1 15 90 -64 210 0 0 -1 0 1 0 1 0 0 4085b.dat 
1 14 110 -24 -40 1 0 0 0 1 0 0 0 1 3021.dat 
1 14 -110 -24 -40 1 0 0 0 1 0 0 0 1 3021.dat 
1 14 -60 -24 -40 1 0 0 0 1 0 0 0 1 3022.dat 
1 14 60 -24 -40 1 0 0 0 1 0 0 0 1 3022.dat 
1 1 160 -64 -250 -1 0 0 0 1 0 0 0 -1 4083.dat 
1 1 160 -64 -290 -1 0 0 0 1 0 0 0 -1 4083.dat 
1 4 -170 -24 -280 1 0 0 0 1 0 0 0 1 3021.dat 
1 0 -290 -40 -230 1 0 0 0 1 0 0 0 1 6141.dat 
1 0 290 -40 -230 1 0 0 0 1 0 0 0 1 6141.dat 
1 7 -20 -32 -280 0 1 0 0 0 -1 -1 0 0 004695b.dat 
1 7 20 -32 -280 0 -1 0 0 0 -1 1 0 0 004695b.dat 
0 STEP
1 15 90 -72 310 1 0 0 0 1 0 0 0 1 3005.dat 
1 15 -210 -72 260 0 0 1 0 1 0 -1 0 0 3009.dat 
1 15 270 -72 240 0 0 1 0 1 0 -1 0 0 3008.dat 
1 15 90 -72 190 0 0 1 0 1 0 -1 0 0 3623.dat 
1 0 110 -80 210 1 0 0 0 1 0 0 0 1 4522.dat 
1 0 110 -72 190 0 0 1 0 1 0 -1 0 0 4006.dat 
1 1 190 0 260 0 0 1 0 1 0 -1 0 0 4629c01.dat 
1 14 -120 -32 -40 1 0 0 0 1 0 0 0 1 3022.dat 
1 14 -70 -32 -40 1 0 0 0 1 0 0 0 1 3021.dat 
1 14 120 -32 -40 1 0 0 0 1 0 0 0 1 3022.dat 
1 14 70 -32 -40 1 0 0 0 1 0 0 0 1 3021.dat 
1 15 -170 -48 -270 -1 0 0 0 1 0 0 0 -1 4070.dat 
1 0 290 -48 -230 1 0 0 0 1 0 0 0 1 6141.dat 
1 0 -290 -48 -230 1 0 0 0 1 0 0 0 1 6141.dat 
0 STEP
1 0 60 -72 210 1 0 0 0 1 0 0 0 1 3004.dat 
1 0 60 -96 210 1 0 0 0 1 0 0 0 1 3004.dat 
1 15 90 -96 310 1 0 0 0 1 0 0 0 1 3005.dat 
1 15 90 -96 190 0 0 1 0 1 0 -1 0 0 3622.dat 
1 15 -210 -96 260 0 0 1 0 1 0 -1 0 0 3009.dat 
1 15 270 -96 240 0 0 1 0 1 0 -1 0 0 3008.dat 
1 4 60 -40 -40 1 0 0 0 1 0 0 0 1 3022.dat 
1 4 -60 -40 -40 1 0 0 0 1 0 0 0 1 3022.dat 
1 4 -110 -40 -40 1 0 0 0 1 0 0 0 1 3021.dat 
1 4 110 -40 -40 1 0 0 0 1 0 0 0 1 3021.dat 
1 15 -170 -48 -290 1 0 0 0 1 0 0 0 1 3005.dat 
1 15 -190 -48 -280 0 0 1 0 1 0 -1 0 0 3004.dat 
1 15 -150 -48 -280 0 0 1 0 1 0 -1 0 0 3004.dat 
0 STEP
1 15 90 -120 190 0 0 1 0 1 0 -1 0 0 3622.dat 
1 15 90 -120 310 1 0 0 0 1 0 0 0 1 3005.dat 
1 0 60 -120 210 1 0 0 0 1 0 0 0 1 3004.dat 
1 0 -50 -120 210 0 0 -1 0 1 0 1 0 0 4343c02.dat 
1 7 0 -120 210 1 0 0 0 1 0 0 0 1 4347c01.dat 
1 7 -160 -120 210 1 0 0 0 1 0 0 0 1 4347c01.dat 
1 15 -210 -120 300 0 0 1 0 1 0 -1 0 0 3004.dat 
1 15 270 -120 300 0 0 1 0 1 0 -1 0 0 3004.dat 
1 15 -210 -120 220 0 0 1 0 1 0 -1 0 0 3004.dat 
1 15 270 -120 170 0 0 1 0 1 0 -1 0 0 3005.dat 
1 15 270 -120 230 0 0 1 0 1 0 -1 0 0 3005.dat 
1 15 -210 -120 260 0 0 1 0 1 0 -1 0 0 3937.dat 
1 15 -220 -110 260 0 1 0 0 0 -1 -1 0 0 3938.dat 
1 15 270 -120 260 0 0 -1 0 1 0 1 0 0 3937.dat 
1 15 280 -110 260 0 -1 0 0 0 -1 1 0 0 3938.dat 
1 15 270 -120 200 0 0 -1 0 1 0 1 0 0 3937.dat 
1 15 280 -110 200 0 -1 0 0 0 -1 1 0 0 3938.dat 
1 7 10 -56 -40 0 0 1 0 1 0 -1 0 0 4083.dat 
1 6 10 -56 -30 1 0 0 0 1 0 0 0 1 3852a.dat 
1 15 -50 -48 -40 0 0 1 0 1 0 -1 0 0 3069b.dat 
1 15 50 -48 -40 0 0 1 0 1 0 -1 0 0 3069b.dat 
1 15 -120 -48 -40 1 0 0 0 1 0 0 0 1 3068b.dat 
1 15 120 -48 -40 1 0 0 0 1 0 0 0 1 3068b.dat 
1 15 70 -48 -50 1 0 0 0 1 0 0 0 1 4081a.dat 
1 15 -70 -48 -50 1 0 0 0 1 0 0 0 1 4081a.dat 
1 15 -70 -48 -30 -1 0 0 0 1 0 0 0 -1 4081a.dat 
1 15 70 -48 -30 -1 0 0 0 1 0 0 0 -1 4081a.dat 
1 7 -90 -64 -40 1 0 0 0 1 0 0 0 1 3044p37.dat 
1 7 90 -64 -40 1 0 0 0 1 0 0 0 1 3044p37.dat 
1 15 -190 -56 -280 0 0 1 0 1 0 -1 0 0 3794b.dat 
1 15 -150 -56 -280 0 0 1 0 1 0 -1 0 0 3794b.dat 
1 15 -170 -56 -280 0 0 1 0 1 0 -1 0 0 3069b.dat 
0 STEP
1 15 270 -144 240 0 0 1 0 1 0 -1 0 0 3008.dat 
1 15 -210 -144 260 0 0 1 0 1 0 -1 0 0 3009.dat 
1 15 90 -144 240 0 0 1 0 1 0 -1 0 0 3008.dat 
1 7 -100 -128 210 1 0 0 0 1 0 0 0 1 4477.dat 
1 7 40 -128 210 1 0 0 0 1 0 0 0 1 3710.dat 
1 4 70 -48 170 -1 0 0 0 1 0 0 0 -1 3062b.dat 
1 4 70 -72 170 1 0 0 0 1 0 0 0 1 4599a.dat 
1 14 -150 -24 190 1 0 0 0 1 0 0 0 1 3062b.dat 
1 14 -150 -24 170 1 0 0 0 1 0 0 0 1 3062b.dat 
1 14 -130 -24 190 1 0 0 0 1 0 0 0 1 3062b.dat 
1 15 -70 -72 -40 0 0 1 0 1 0 -1 0 0 3004.dat 
1 15 -70 -96 -40 0 0 1 0 1 0 -1 0 0 3004.dat 
1 15 -70 -120 -40 0 0 1 0 1 0 -1 0 0 3004.dat 
1 15 70 -72 -40 0 0 1 0 1 0 -1 0 0 3004.dat 
1 15 70 -96 -40 0 0 1 0 1 0 -1 0 0 3004.dat 
1 15 70 -120 -40 0 0 1 0 1 0 -1 0 0 3004.dat 
1 15 -190 -80 -280 0 0 1 0 1 0 -1 0 0 3005.dat 
1 15 -150 -80 -280 0 0 1 0 1 0 -1 0 0 3005.dat 
0 STEP
1 0 20 -152 210 1 0 0 0 1 0 0 0 1 3009.dat 
1 0 -120 -152 210 1 0 0 0 1 0 0 0 1 3008.dat 
1 15 -200 -152 260 0 0 1 0 1 0 -1 0 0 3020.dat 
1 15 80 -152 260 0 0 1 0 1 0 -1 0 0 3020.dat 
1 15 -210 -152 310 0 0 1 0 1 0 -1 0 0 3024.dat 
1 15 -210 -152 210 0 0 1 0 1 0 -1 0 0 3024.dat 
1 15 90 -168 310 0 0 1 0 1 0 -1 0 0 3005.dat 
1 15 270 -168 240 0 0 1 0 1 0 -1 0 0 3008.dat 
1 0 70 -128 -40 0 0 1 0 1 0 -1 0 0 4590.dat 
1 0 -70 -128 -40 0 0 -1 0 1 0 1 0 0 4590.dat 
1 7 88 -46 -10 0 -1 0 -0.5 0 -0.866 0.866 0 -0.5 4210a.dat 
1 7 -92 -46 -10 0 1 0 0.5 0 -0.866 -0.866 0 -0.5 4210a.dat 
1 7 -92 -46 -70 0 1 0 -0.5 0 -0.866 -0.866 0 0.5 4210a.dat 
1 7 88 -46 -70 0 -1 0 0.5 0 -0.866 0.866 0 0.5 4210a.dat 
1 15 -150 -88 -280 0 0 -1 0 1 0 1 0 0 4085b.dat 
1 15 -190 -88 -280 0 0 1 0 1 0 -1 0 0 3024.dat 
1 7 -228 -100 260 0 1 0 0 0 -1 -1 0 0 3068b.dat 
0 STEP
1 15 -210 -160 260 0 0 1 0 1 0 -1 0 0 3666.dat 
1 15 90 -160 260 0 0 1 0 1 0 -1 0 0 3710.dat 
1 15 90 -168 260 0 0 1 0 1 0 -1 0 0 3710.dat 
1 15 90 -168 190 0 0 1 0 1 0 -1 0 0 3622.dat 
1 15 260 -176 210 0 0 1 0 1 0 -1 0 0 3021.dat 
1 15 270 -176 170 0 0 1 0 1 0 -1 0 0 3024.dat 
1 15 270 -176 290 0 0 -1 0 1 0 1 0 0 2420.dat 
1 7 270 -176 260 0 0 -1 0 1 0 1 0 0 4175.dat 
1 7 288 -100 260 0 -1 0 0 0 -1 1 0 0 3068b.dat 
1 7 288 -100 200 0 -1 0 0 0 -1 1 0 0 3068b.dat 
1 15 150 -136 -40 0 0 1 0 1 0 -1 0 0 3023.dat 
1 15 -150 -136 -40 0 0 1 0 1 0 -1 0 0 3023.dat 
1 15 100 -136 -40 1 0 0 0 1 0 0 0 1 3020.dat 
1 15 -100 -136 -40 1 0 0 0 1 0 0 0 1 3020.dat 
1 15 -170 -112 -280 1 0 0 0 1 0 0 0 1 3622.dat 
1 0 -170 -98 -264 1 0 0 0 0 1 0 -1 0 6378 - flexHose.ldr 
0 STEP
1 0 -60 -160 260 1 0 0 0 1 0 0 0 1 3456.dat 
1 15 100 -176 240 0 0 1 0 1 0 -1 0 0 3795.dat 
1 15 90 -176 170 0 0 1 0 1 0 -1 0 0 3024.dat 
1 15 90 -176 310 0 0 1 0 1 0 -1 0 0 3024.dat 
1 15 -70 -144 -40 0 0 1 0 1 0 -1 0 0 3069b.dat 
1 15 70 -144 -40 0 0 1 0 1 0 -1 0 0 3069b.dat 
1 15 -140 -144 -40 1 0 0 0 1 0 0 0 1 3068b.dat 
1 15 140 -144 -40 1 0 0 0 1 0 0 0 1 3068b.dat 
1 7 140 -128 -40 -1 0 0 0 1 0 0 0 -1 3941p01.dat 
1 7 -140 -128 -40 -1 0 0 0 1 0 0 0 -1 3941p01.dat 
1 15 -100 -144 -50 -1 0 0 0 1 0 0 0 -1 3069b.dat 
1 15 100 -144 -50 -1 0 0 0 1 0 0 0 -1 3069b.dat 
1 15 110 -144 -30 1 0 0 0 1 0 0 0 1 3070b.dat 
1 15 -110 -144 -30 1 0 0 0 1 0 0 0 1 3070b.dat 
0 STEP
1 15 270 -184 240 0 0 1 0 1 0 -1 0 0 3460.dat 
1 15 90 -184 240 0 0 1 0 1 0 -1 0 0 3460.dat 
1 0 180 -184 200 -1 0 0 0 1 0 0 0 -1 3035.dat 
0 STEP
1 0 180 -176 170 -1 0 0 0 1 0 0 0 -1 3008.dat 
1 0 180 -184 280 -1 0 0 0 1 0 0 0 -1 3035.dat 
1 0 90 -160 -30 1 0 0 0 1 0 0 0 1 3005.dat 
1 0 90 -184 -30 1 0 0 0 1 0 0 0 1 3005.dat 
1 0 90 -208 -30 1 0 0 0 1 0 0 0 1 3005.dat 
1 0 -90 -160 -30 1 0 0 0 1 0 0 0 1 3005.dat 
1 0 -90 -184 -30 1 0 0 0 1 0 0 0 1 3005.dat 
1 0 -90 -208 -30 1 0 0 0 1 0 0 0 1 3005.dat 
1 7 230 -208 290 -1 0 0 0 1 0 0 0 -1 3062b.dat 
1 7 190 -208 290 -1 0 0 0 1 0 0 0 -1 3062b.dat 
1 15 60 -184 240 1 0 0 0 1 0 0 0 1 3003.dat 
1 15 -60 -184 240 1 0 0 0 1 0 0 0 1 3003.dat 
0 STEP
1 15 -60 -232 240 1 0 0 0 1 0 0 0 1 3003.dat 
1 15 60 -232 240 1 0 0 0 1 0 0 0 1 3003.dat 
1 15 -60 -208 240 1 0 0 0 1 0 0 0 1 3003.dat 
1 15 60 -208 240 1 0 0 0 1 0 0 0 1 3003.dat 
1 0 0 -232 -30 1 0 0 0 1 0 0 0 1 6111.dat 
0 STEP
1 4 0 -240 220 1 0 0 0 1 0 0 0 1 3456.dat 
1 4 0 -240 100 1 0 0 0 1 0 0 0 1 3456.dat 
1 4 0 -240 -20 1 0 0 0 1 0 0 0 1 3456.dat 
1 4 -130 -264 -10 0 0 1 0 1 0 -1 0 0 4070.dat 
1 4 -130 -264 90 0 0 1 0 1 0 -1 0 0 4070.dat 
1 4 130 -264 90 0 0 -1 0 1 0 1 0 0 4070.dat 
1 4 130 -264 -10 0 0 -1 0 1 0 1 0 0 4070.dat 
0 STEP
1 4 144.6 -264.4 40 0 -1 0 0 0 -1 1 0 0 3034.dat 
1 4 -144.6 -264.4 40 0 1 0 0 0 -1 -1 0 0 3034.dat 
1 14 130 -232 20 0 0 1 0 1 0 -1 0 0 3460.dat 
1 14 130 -232 180 0 0 1 0 1 0 -1 0 0 3460.dat 
1 14 -130 -232 20 0 0 1 0 1 0 -1 0 0 3460.dat 
1 14 -130 -232 180 0 0 1 0 1 0 -1 0 0 3460.dat 
1 14 -40 -232 270 1 0 0 0 1 0 0 0 1 4477.dat 
1 14 40 -232 -70 1 0 0 0 1 0 0 0 1 4477.dat 
1 14 100 -232 270 1 0 0 0 1 0 0 0 1 3710.dat 
1 14 -100 -232 -70 1 0 0 0 1 0 0 0 1 3710.dat 
1 15 10 -264 -50 0 0 1 0 1 0 -1 0 0 3622.dat 
0 STEP
1 14 80 -224 -70 1 0 0 0 1 0 0 0 1 3710.dat 
1 14 -80 -224 270 1 0 0 0 1 0 0 0 1 3710.dat 
1 14 -40 -224 -70 1 0 0 0 1 0 0 0 1 3460.dat 
1 14 40 -224 270 1 0 0 0 1 0 0 0 1 3460.dat 
1 14 -130 -224 200 0 0 1 0 1 0 -1 0 0 3460.dat 
1 14 -130 -224 20 0 0 1 0 1 0 -1 0 0 4477.dat 
1 14 130 -224 180 0 0 1 0 1 0 -1 0 0 4477.dat 
1 14 130 -224 0 0 0 1 0 1 0 -1 0 0 3460.dat 
1 15 10 -288 -50 0 0 1 0 1 0 -1 0 0 3622.dat 
1 15 -152.601 -264.4 60 0 1 0 0 0 -1 -1 0 0 3068b.dat 
1 15 -152.603 -264.4 100 0 1 0 0 0 -1 -1 0 0 3068b.dat 
1 15 -152.597 -264.4 -20 0 1 0 0 0 -1 -1 0 0 3068b.dat 
1 15 -152.599 -264.4 20 0 1 0 0 0 -1 -1 0 0 3068b.dat 
1 15 152.6 -264.4 20 0 -1 0 0 0 -1 1 0 0 3068b.dat 
1 15 152.6 -264.4 -20 0 -1 0 0 0 -1 1 0 0 3068b.dat 
1 15 152.6 -264.4 100 0 -1 0 0 0 -1 1 0 0 3068b.dat 
1 15 152.6 -264.4 60 0 -1 0 0 0 -1 1 0 0 3068b.dat 
1 7 -228 -100 260 0 1 0 0 0 -1 -1 0 0 004695b.dat 
0 STEP
1 7 160 -43 -270 0 -0.259 1 0 1 0.259 -1 0 0 4624.dat 
1 0 160 -43 -270 0 -0.259 1 0 1 0.259 -1 0 0 3641.dat 
1 7 180 -43 -270 0 -0.259 1 0 1 0.259 -1 0 0 4624.dat 
1 0 180 -43 -270 0 -0.259 1 0 1 0.259 -1 0 0 3641.dat 
1 7 140 -43 -270 0 -0.259 1 0 1 0.259 -1 0 0 4624.dat 
1 0 140 -43 -270 0 -0.259 1 0 1 0.259 -1 0 0 3641.dat 


0 FILE 6378 - car.ldr 
0 car
0 Name: 6378 - car.ldr 
0 Author: Robert Paciorek [bercik]
0 !LICENSE Redistributable under CCAL version 2.0 : see CAreadme.txt
0 !HELP Copyright (c) 2002-2017, Robert Paciorek (http://www.opcode.eu.org/)
0 !HELP Released under a dual license, you can choise "CCAL version 2.0" or "BSD/MIT-type licence":
0 !HELP Redistribution and use in source or any others forms, with or without modification, ARE PERMITTED provided save information about author(s).
0 !HELP This material is distributed WITHOUT any warranty, use at YOUR own risk.
1 4 0 0 80 1 0 0 0 1 0 0 0 1 4212b.dat 
0 STEP
1 14 -30 8 80 0 0 1 0 1 0 -1 0 0 3710.dat 
1 14 30 8 80 0 0 1 0 1 0 -1 0 0 3710.dat 
1 14 0 8 170 -1 0 0 0 1 0 0 0 -1 3710.dat 
1 14 0 8 -10 -1 0 0 0 1 0 0 0 -1 3710.dat 
0 STEP
1 7 30 22 20 0 0 -1 0 1 0 1 0 0 4624.dat 
1 7 30 22 140 0 0 -1 0 1 0 1 0 0 4624.dat 
1 7 -30 21 140 0 0 1 0 1 0 -1 0 0 4624.dat 
1 7 -30 21 20 0 0 1 0 1 0 -1 0 0 4624.dat 
1 0 -30 21 140 0 0 1 0 1 0 -1 0 0 3641.dat 
1 0 0 16 140 -1 0 0 0 1 0 0 0 -1 4600.dat 
1 0 -30 21 20 0 0 1 0 1 0 -1 0 0 3641.dat 
1 0 30 22 140 0 0 1 0 1 0 -1 0 0 3641.dat 
1 0 30 22 20 0 0 1 0 1 0 -1 0 0 3641.dat 
1 0 0 16 20 -1 0 0 0 1 0 0 0 -1 4600.dat 
1 4 0 8 140 -1 0 0 0 1 0 0 0 -1 3022.dat 
1 4 0 8 20 -1 0 0 0 1 0 0 0 -1 3022.dat 
0 STEP
1 16 0 -8 170 1 0 0 0 1 0 0 0 1 3710.dat 
1 16 0 -16 20 1 0 0 0 1 0 0 0 1 3788.dat 
1 16 0 -16 140 1 0 0 0 1 0 0 0 1 3788.dat 
0 STEP
1 36 -30 -16 170 1 0 0 0 1 0 0 0 1 3024.dat 
1 36 30 -16 170 1 0 0 0 1 0 0 0 1 3024.dat 
1 16 0 -16 30 1 0 0 0 1 0 0 0 1 3023.dat 
0 STEP
1 0 0 -24 -10 1 0 0 0 1 0 0 0 1 3937.dat 
1 0 0 -24 -10 1 0 0 0 1 0 0 0 1 3938.dat 
1 16 -30 -24 150 0 0 1 0 1 0 -1 0 0 3623.dat 
1 16 30 -24 150 0 0 1 0 1 0 -1 0 0 3623.dat 
1 4 0 -8 50 1 0 0 0 1 0 0 0 1 3829c01.dat 
1 16 30 -24 110 1 0 0 0 1 0 0 0 1 3005.dat 
1 16 -30 -24 110 1 0 0 0 1 0 0 0 1 3005.dat 
0 STEP
1 16 30 -24 50 1 0 0 0 1 0 0 0 1 3822p60.dat 
1 16 -30 -24 50 1 0 0 0 1 0 0 0 1 3821p60.dat 
1 16 -30 -24 -10 1 0 0 0 1 0 0 0 1 4070.dat 
1 16 30 -24 -10 1 0 0 0 1 0 0 0 1 4070.dat 
1 16 -30 -24 20 0 0 1 0 1 0 -1 0 0 3023.dat 
1 1 0 -40 150 1 0 0 0 1 0 0 0 1 3135c02.dat 
1 16 30 -24 20 0 0 1 0 1 0 -1 0 0 3023.dat 
0 STEP
1 47 -30 -14 -24 0 0 1 1 0 0 0 1 0 3024.dat 
1 47 30 -14 -24 0 0 1 1 0 0 0 1 0 3024.dat 
1 16 0 -32 0 1 0 0 0 1 0 0 0 1 3068bp60.dat 
1 43 0 -72 50 1 0 0 0 1 0 0 0 1 3823.dat 
0 STEP
1 4 0 -72 110 1 0 0 0 1 0 0 0 1 4214.dat 
1 4 0 -80 80 1 0 0 0 1 0 0 0 1 4213.dat 
0 STEP
1 46 -30 -88 50 -1 0 0 0 1 0 0 0 -1 6141.dat 
1 46 30 -88 50 -1 0 0 0 1 0 0 0 -1 6141.dat 


0 FILE 6378 - minifig 1.ldr 
0 minifig 1
0 Name: 6378 - minifig 1.ldr 
0 Author: Robert Paciorek [bercik]
0 !LICENSE Redistributable under CCAL version 2.0 : see CAreadme.txt
0 !HELP Copyright (c) 2002-2017, Robert Paciorek (http://www.opcode.eu.org/)
0 !HELP Released under a dual license, you can choise "CCAL version 2.0" or "BSD/MIT-type licence":
0 !HELP Redistribution and use in source or any others forms, with or without modification, ARE PERMITTED provided save information about author(s).
0 !HELP This material is distributed WITHOUT any warranty, use at YOUR own risk.
1 1 0 -96 0 1 0 0 0 1 0 0 0 1 4485.dat 
1 14 0 -96 0 1 0 0 0 1 0 0 0 1 3626bp01.dat 
1 1 0 -40 0 1 0 0 0 1 0 0 0 1 3815.dat 
1 15 15.5 -64 0 1 0.17 0 -0.17 1 0 0 0 1 3819.dat 
1 15 -15.5 -64 0 1 -0.17 0 0.17 1 0 0 0 1 3818.dat 
1 14 23.66 -46.13 -10 1 0.12 -0.12 -0.17 0.7 -0.7 0 0.71 0.71 3820.dat 
1 14 -23.66 -46.13 -10 1 -0.12 0.12 0.17 0.7 -0.7 0 0.71 0.71 3820.dat 
1 1 0 -28 0 1 0 0 0 1 0 0 0 1 3817.dat 
1 1 0 -28 0 1 0 0 0 1 0 0 0 1 3816.dat 
1 15 0 -72 0 1 0 0 0 1 0 0 0 1 973p1b.dat 


0 FILE 6378 - minifig 2.ldr 
0 minifig 2
0 Name: 6378 - minifig 2.ldr 
0 Author: Robert Paciorek [bercik]
0 !LICENSE Redistributable under CCAL version 2.0 : see CAreadme.txt
0 !HELP Copyright (c) 2002-2017, Robert Paciorek (http://www.opcode.eu.org/)
0 !HELP Released under a dual license, you can choise "CCAL version 2.0" or "BSD/MIT-type licence":
0 !HELP Redistribution and use in source or any others forms, with or without modification, ARE PERMITTED provided save information about author(s).
0 !HELP This material is distributed WITHOUT any warranty, use at YOUR own risk.
1 1 0 -28 0 1 0 0 0 1 0 0 0 1 3816.dat 
1 1 0 -28 0 1 0 0 0 1 0 0 0 1 3817.dat 
1 14 -23.66 -46.13 -10 1 -0.12 0.12 0.17 0.7 -0.7 0 0.71 0.71 3820.dat 
1 14 23.66 -46.13 -10 1 0.12 -0.12 -0.17 0.7 -0.7 0 0.71 0.71 3820.dat 
1 15 -15.5 -64 0 1 -0.17 0 0.17 1 0 0 0 1 3818.dat 
1 15 15.5 -64 0 1 0.17 0 -0.17 1 0 0 0 1 3819.dat 
1 1 0 -40 0 1 0 0 0 1 0 0 0 1 3815.dat 
1 15 0 -72 0 1 0 0 0 1 0 0 0 1 973p60.dat 
1 14 0 -96 0 1 0 0 0 1 0 0 0 1 3626bp01.dat 
1 0 0 -96 0 1 0 0 0 1 0 0 0 1 4530.dat 


0 FILE 6378 - flexHose.ldr 
0 flexHose
0 Name: 6378 - flexHose.ldr 
0 Author: Robert Paciorek [bercik]
0 !LICENSE Redistributable under CCAL version 2.0 : see CAreadme.txt
0 !HELP Copyright (c) 2002-2017, Robert Paciorek (http://www.opcode.eu.org/)
0 !HELP Released under a dual license, you can choise "CCAL version 2.0" or "BSD/MIT-type licence":
0 !HELP Redistribution and use in source or any others forms, with or without modification, ARE PERMITTED provided save information about author(s).
0 !HELP This material is distributed WITHOUT any warranty, use at YOUR own risk.
0 !LDCAD CONTENT [type=path] [addFallBack=default] [looped=false] [displayKind=mm] [curveStep=0] [displayLenCor=0]
0 !LDCAD PATH_POINT [type=bezier] [posOri=40 14 4 1 0 0 0 0 1 0 -1 0] [prevCPDist=25] [nextCPDist=50] [cirR=20] [cirDir=xyCW] [prevYRoll=0] [nextYRoll=0]
0 !LDCAD PATH_POINT [type=bezier] [posOri=0 -22 60 1 0 0 0 -1 0 0 0 -1] [prevCPDist=50] [nextCPDist=25] [cirR=20] [cirDir=xyCW] [prevYRoll=0] [nextYRoll=0]
0 !LDCAD PATH_SKIN [donCol=16] [donOri=1 0 0 0 1 0 0 0 1] [donPart=754.dat] [donYSize=100%] [donCen=absCen] [donCenYOfs=0] [donFinScale=none] [donPlace=refsStat] [donYAlign=0] [donInline=false] [segSize=50%] [segSizeTol=5%] [segsCnt=0] [segsGrp=0] [segsMaxMerge=1] [segsMrgAng=0] [segsMrgRollAng=0] [segsEdgeDelKind=keepFirstLeft]
0 !LDCAD PATH_SKIN [donCol=16] [donOri=1 0 0 0 1 0 0 0 1] [donPart=756.dat] [donYSize=100%] [donCen=absCen] [donCenYOfs=0] [donFinScale=none] [donPlace=refsStat] [donYAlign=0] [donInline=false] [segSize=60%] [segSizeTol=5%] [segsCnt=1] [segsGrp=0] [segsMaxMerge=1] [segsMrgAng=0] [segsMrgRollAng=0] [segsEdgeDelKind=keepFirstLeft]
0 !LDCAD PATH_SKIN [donCol=16] [donOri=1 0 0 0 -1 0 0 0 -1] [donPart=754.dat] [donYSize=100%] [donCen=absCen] [donCenYOfs=0] [donFinScale=none] [donPlace=refsStat] [donYAlign=0] [donInline=false] [segSize=50%] [segSizeTol=5%] [segsCnt=0] [segsGrp=0] [segsMaxMerge=1] [segsMrgAng=0] [segsMrgRollAng=0] [segsEdgeDelKind=keepFirstLeft]
0 !LDCAD PATH_CAP [group=start] [color=16] [posOri=40 14 0 1 0 0 0 0 1 0 -1 0] [part=752.dat] [extraLen=0mm] [inlineRef=false]
0 !LDCAD PATH_CAP [group=end] [color=16] [posOri=0 -18 60 1 0 0 0 1 0 0 0 1] [part=752.dat] [extraLen=0mm] [inlineRef=false]
0 !LDCAD PATH_CAP [group=start] [color=16] [posOri=40 14 0 1 0 0 0 0 -1 0 1 0] [part=755.dat] [extraLen=0mm] [inlineRef=false]
0 !LDCAD PATH_CAP [group=end] [color=16] [posOri=0 -18 60 1 0 0 0 -1 0 0 0 -1] [part=755.dat] [extraLen=0mm] [inlineRef=false]
0 !LDCAD GENERATED [generator=LDCad 1.6a]
0 //This is the fallback LDraw content for above PATH configuration.
0 // Do not edit, any changes will be lost upon regeneration.
0 // The path is approx 42.97 mm (107.43) and exists out of 42 segments.
0 //Some general hints about the document.
0 BFC CERTIFY CCW
0 //Start cap reference(s)
1 16 40 14 0 1 0 0 0 0 1 0 -1 0 752.dat 
1 16 40 14 0 1 0 0 0 0 -1 0 1 0 755.dat 
0 //End cap reference(s)
1 16 0 -18 60 1 0 0 0 1 0 0 0 1 752.dat 
1 16 0 -18 60 1 0 0 0 -1 0 0 0 -1 755.dat 
0 //Segments
1 16 39.973072 13.942326 5.751693 0.999882 0.015363 -0.000169 -0.000337 0.032903 0.999458 0.01536 -0.99934 0.032904 754.dat
1 16 39.887051 13.758859 8.248002 0.999096 0.042478 -0.001622 -0.002233 0.090541 0.99589 0.04245 -0.994986 0.090554 754.dat
1 16 39.732578 13.430927 10.725836 0.997544 0.069897 -0.004609 -0.005817 0.148228 0.988936 0.069807 -0.98648 0.14827 754.dat
1 16 39.503872 12.948146 13.171867 0.994891 0.100488 -0.009682 -0.011885 0.21183 0.977234 0.100251 -0.972127 0.211942 754.dat
1 16 39.204609 12.319961 15.577395 0.991698 0.127599 -0.015924 -0.018944 0.267459 0.963383 0.127186 -0.955083 0.267656 754.dat
1 16 38.831783 11.542515 17.928328 0.987145 0.157914 -0.024653 -0.029008 0.328704 0.943987 0.157173 -0.931137 0.329059 754.dat
1 16 38.387173 10.621856 20.21439 0.981968 0.185849 -0.034637 -0.04016 0.384102 0.922417 0.184734 -0.904392 0.38464 754.dat
1 16 37.875645 9.570416 22.428974 0.976188 0.212038 -0.045801 -0.052298 0.434947 0.898936 0.210529 -0.875135 0.435679 754.dat
1 16 37.303154 8.402434 24.569078 0.970147 0.235588 -0.057561 -0.06455 0.479628 0.875094 0.23377 -0.845255 0.480517 754.dat
1 16 36.670696 7.122851 26.626993 0.963081 0.259666 -0.07106 -0.07873 0.524072 0.848027 0.257444 -0.811124 0.525167 754.dat
1 16 35.983452 5.744444 28.602158 0.956105 0.280583 -0.084477 -0.092074 0.561362 0.822432 0.278182 -0.778554 0.562556 754.dat
1 16 35.248505 4.282969 30.499172 0.949305 0.298803 -0.097658 -0.104408 0.592719 0.798613 0.296512 -0.747931 0.593868 754.dat
1 16 34.465527 2.741448 32.311874 0.94126 0.318345 -0.112636 -0.118995 0.62485 0.771623 0.316023 -0.712895 0.626027 754.dat
1 16 33.639309 1.131446 34.044411 0.933812 0.334616 -0.126598 -0.131498 0.650109 0.748376 0.332721 -0.682195 0.651081 754.dat
1 16 32.773823 -0.537022 35.700851 0.926105 0.350029 -0.140742 -0.143909 0.672614 0.725865 0.348739 -0.651974 0.673284 754.dat
1 16 31.871347 -2.256777 37.283554 0.918236 0.36451 -0.154838 -0.155962 0.692205 0.704647 0.364031 -0.622884 0.692458 754.dat
1 16 30.935339 -4.019388 38.798275 0.910623 0.377426 -0.168273 -0.166786 0.708248 0.68598 0.378085 -0.596603 0.707896 754.dat
1 16 29.966068 -5.820497 40.245346 0.902224 0.390843 -0.1823 -0.178551 0.7233 0.667051 0.39257 -0.569279 0.722364 754.dat
1 16 28.965492 -7.653848 41.629391 0.894108 0.402937 -0.195481 -0.18902 0.735224 0.650935 0.406008 -0.545057 0.733533 754.dat
1 16 27.936312 -9.512992 42.957016 0.886186 0.414057 -0.207921 -0.198532 0.744811 0.637057 0.41864 -0.523272 0.742245 754.dat
1 16 27 -11.247373 44.109463 0.873103 0.432459 -0.225102 -0.2162 0.757273 0.616275 0.436978 -0.489405 0.754675 756.dat 
1 16 25.07988 -14.512355 46.19236 0.858453 -0.450516 0.245142 -0.230473 -0.765824 -0.60033 0.458194 0.458856 -0.761255 754.dat
1 16 23.941523 -16.434475 47.328735 0.848592 -0.462666 0.256575 -0.240448 -0.769279 -0.591941 0.471249 0.440624 -0.764052 754.dat
1 16 22.772352 -18.364044 48.420307 0.838143 -0.475301 0.267591 -0.250429 -0.771145 -0.585338 0.484563 0.423584 -0.76536 754.dat
1 16 21.570845 -20.297043 49.469852 0.826775 -0.488836 0.278358 -0.260609 -0.77137 -0.580579 0.498524 0.407465 -0.765144 754.dat
1 16 20.334568 -22.229225 50.47982 0.814263 -0.50348 0.288935 -0.27084 -0.769746 -0.578046 0.513441 0.392426 -0.763138 754.dat
1 16 19.060408 -24.155735 51.452888 0.800124 -0.519678 0.299561 -0.28103 -0.765978 -0.578187 0.529928 0.378436 -0.758922 754.dat
1 16 17.742439 -26.070101 52.390781 0.781665 -0.540142 0.311844 -0.291843 -0.758635 -0.582495 0.551206 0.364306 -0.750635 754.dat
1 16 16.373913 -27.964569 53.296062 0.763225 -0.559659 0.322908 -0.299658 -0.74935 -0.590491 0.572444 0.353916 -0.739629 754.dat
1 16 14.951716 -29.831438 54.175179 0.737195 -0.585509 0.337227 -0.306118 -0.73435 -0.605824 0.602358 0.343379 -0.720594 754.dat
1 16 13.457664 -31.653217 55.02877 0.697979 -0.620697 0.357156 -0.305866 -0.709353 -0.635031 0.647511 0.333996 -0.684964 754.dat
1 16 11.869587 -33.403259 55.861301 0.642887 -0.663668 0.382414 -0.288577 -0.672335 -0.681681 0.709521 0.327888 -0.623754 754.dat
1 16 10.157566 -35.035576 56.680775 0.540522 -0.728776 0.420383 -0.214917 -0.602691 -0.768488 0.813417 0.325037 -0.482394 754.dat
1 16 8.264324 -36.443607 57.495995 0.355245 -0.820613 0.447654 0.030116 -0.468595 -0.8829 0.934288 0.327127 -0.141753 754.dat
1 16 6.128999 -37.352791 58.309513 0.178194 -0.938656 0.29525 0.635356 -0.119363 -0.762938 0.751378 0.32354 0.575111 754.dat
1 16 3.9074 -37.148411 59.042355 0.605041 -0.795059 0.042509 0.760757 0.561536 -0.325463 0.234892 0.229257 0.944599 754.dat
1 16 2.186865 -35.513378 59.524368 0.890008 -0.455918 -0.004999 0.451536 0.882868 -0.129073 0.06326 0.112619 0.991622 754.dat
1 16 1.194029 -33.244125 59.763851 0.965606 -0.259934 -0.00621 0.259106 0.963969 -0.060232 0.021642 0.056551 0.998165 754.dat
1 16 0.625287 -30.810467 59.885105 0.988636 -0.150289 -0.003627 0.150112 0.988205 -0.03029 0.008137 0.029401 0.999535 754.dat
1 16 0.293949 -28.328173 59.94894 0.995929 -0.090126 -0.001759 0.090084 0.995797 -0.016546 0.003243 0.01632 0.999862 754.dat
1 16 0.103725 -25.830042 59.982933 0.999084 -0.042792 -0.000594 0.042786 0.999058 -0.00718 0.000901 0.007148 0.999974 754.dat
1 16 0.021257 -23.539221 59.996639 0.999905 -0.013809 -0.0001 0.013808 0.999902 -0.002184 0.00013 0.002182 0.999998 754.dat
