0 FILE Untitled.ldr
0 Untitled
0 Name: 6383 Public Works Center
0 Author: marco
0 ROTATION CENTER 0 0 0 1 "Custom" 
0 ROTATION CONFIG 0 0
1 0 63 37 0 1 0 0 0 1 0 0 0 1 6383_base.ldr
1 0 -125 -40 130 1 0 0 0 1 0 0 0 1 1.ldr
1 0 -175 -1.8 -60 0 0 1 0 1 0 -1 0 0 6383_a.ldr
1 0 -582.4 -1.8 -108.173 0.707107 0 0.707107 0 1 0 -0.707107 0 0.707107 6383_b.ldr
1 0 71 38.8 -243.4 1 0 0 0 1 0 0 0 1 6383_c.ldr
0
0 FILE 6383_base.ldr
0 6383_BASE.LDR
0 ROTATION CENTER 0 0 0 1 "Custom" 
0 ROTATION CONFIG 0 0
1 7 0 0 0 0 0 1 0 1 0 -1 0 0 6100p05.dat
1 7 -640 0 0 0 0 -1 0 1 0 1 0 0 609p01.dat
1 1 150 -24 310 0 0 -1 0 1 0 1 0 0 3040b.dat
1 1 50 -24 310 0 0 1 0 1 0 -1 0 0 3040b.dat
1 14 300 -24 90 1 0 0 0 1 0 0 0 1 3004.dat
1 14 300 -48 90 1 0 0 0 1 0 0 0 1 3004.dat
1 14 300 -72 90 1 0 0 0 1 0 0 0 1 3004.dat
1 14 180 -24 90 1 0 0 0 1 0 0 0 1 3004.dat
1 14 180 -48 90 1 0 0 0 1 0 0 0 1 3004.dat
1 14 180 -72 90 1 0 0 0 1 0 0 0 1 3004.dat
1 14 300 -24 -290 1 0 0 0 1 0 0 0 1 3004.dat
1 14 300 -48 -290 1 0 0 0 1 0 0 0 1 3004.dat
1 14 300 -72 -290 1 0 0 0 1 0 0 0 1 3004.dat
1 14 180 -24 -290 1 0 0 0 1 0 0 0 1 3004.dat
1 14 180 -48 -290 1 0 0 0 1 0 0 0 1 3004.dat
1 14 180 -72 -290 1 0 0 0 1 0 0 0 1 3004.dat
1 14 300 -24 -100 1 0 0 0 1 0 0 0 1 3003.dat
1 14 300 -48 -100 1 0 0 0 1 0 0 0 1 3003.dat
1 14 60 -24 90 1 0 0 0 1 0 0 0 1 4216.dat
1 14 60 -48 90 1 0 0 0 1 0 0 0 1 4216.dat
1 14 60 -72 90 1 0 0 0 1 0 0 0 1 4216.dat
1 14 60 -24 -110 1 0 0 0 1 0 0 0 1 4216.dat
1 14 60 -48 -110 1 0 0 0 1 0 0 0 1 4216.dat
1 14 60 -72 -110 1 0 0 0 1 0 0 0 1 4216.dat
1 14 60 -24 -90 -1 0 0 0 1 0 0 0 -1 4216.dat
1 14 60 -48 -90 -1 0 0 0 1 0 0 0 -1 4216.dat
1 14 60 -72 -90 -1 0 0 0 1 0 0 0 -1 4216.dat
1 14 60 -24 -290 -1 0 0 0 1 0 0 0 -1 4216.dat
1 14 60 -48 -290 -1 0 0 0 1 0 0 0 -1 4216.dat
1 14 60 -72 -290 -1 0 0 0 1 0 0 0 -1 4216.dat
1 1 150 -48 310 0 0 -1 0 1 0 1 0 0 3005.dat
1 1 50 -48 310 0 0 -1 0 1 0 1 0 0 3005.dat
1 4 120 -72 90 -1 0 0 0 1 0 0 0 -1 3853.dat
1 4 240 -72 90 -1 0 0 0 1 0 0 0 -1 3853.dat
1 4 240 -72 -290 1 0 0 0 1 0 0 0 1 3853.dat
1 4 120 -72 -290 1 0 0 0 1 0 0 0 1 3853.dat
1 47 120 -72 -290 1 0 0 0 1 0 0 0 1 3855.dat
1 47 240 -72 -290 1 0 0 0 1 0 0 0 1 3855.dat
1 47 240 -72 90 -1 0 0 0 1 0 0 0 -1 3855.dat
1 47 120 -72 90 -1 0 0 0 1 0 0 0 -1 3855.dat
1 1 50 -88 310 0 0 -1 0 1 0 1 0 0 3005.dat
1 1 150 -88 310 0 0 -1 0 1 0 1 0 0 3005.dat
1 1 50 -112 310 0 0 -1 0 1 0 1 0 0 3005.dat
1 1 150 -112 310 0 0 -1 0 1 0 1 0 0 3005.dat
1 1 100 -64 310 -1 0 0 0 1 0 0 0 -1 3666.dat
1 14 60 -96 90 1 0 0 0 1 0 0 0 1 4216.dat
1 14 180 -96 90 1 0 0 0 1 0 0 0 1 3004.dat
1 14 300 -96 90 1 0 0 0 1 0 0 0 1 3004.dat
1 14 60 -96 -110 1 0 0 0 1 0 0 0 1 4216.dat
1 14 60 -96 -90 -1 0 0 0 1 0 0 0 -1 4216.dat
1 14 300 -72 -100 1 0 0 0 1 0 0 0 1 3003.dat
1 14 60 -96 -290 -1 0 0 0 1 0 0 0 -1 4216.dat
1 14 300 -96 -290 1 0 0 0 1 0 0 0 1 3004.dat
1 14 60 -120 90 1 0 0 0 1 0 0 0 1 4216.dat
1 14 180 -120 90 1 0 0 0 1 0 0 0 1 3004.dat
1 14 300 -120 90 1 0 0 0 1 0 0 0 1 3004.dat
1 14 60 -120 -110 1 0 0 0 1 0 0 0 1 4216.dat
1 14 60 -120 -90 -1 0 0 0 1 0 0 0 -1 4216.dat
1 14 300 -96 -100 1 0 0 0 1 0 0 0 1 3003.dat
1 14 60 -120 -290 -1 0 0 0 1 0 0 0 -1 4216.dat
1 14 300 -120 -290 1 0 0 0 1 0 0 0 1 3004.dat
1 14 60 -144 90 1 0 0 0 1 0 0 0 1 4216.dat
1 14 180 -144 90 1 0 0 0 1 0 0 0 1 3004.dat
1 14 300 -144 90 1 0 0 0 1 0 0 0 1 3004.dat
1 14 60 -144 -110 1 0 0 0 1 0 0 0 1 4216.dat
1 14 60 -144 -90 -1 0 0 0 1 0 0 0 -1 4216.dat
1 14 300 -120 -100 1 0 0 0 1 0 0 0 1 3003.dat
1 14 60 -144 -290 -1 0 0 0 1 0 0 0 -1 4216.dat
1 14 300 -144 -290 1 0 0 0 1 0 0 0 1 3004.dat
1 14 180 -144 -290 1 0 0 0 1 0 0 0 1 3004.dat
1 14 180 -120 -290 1 0 0 0 1 0 0 0 1 3004.dat
1 14 180 -96 -290 1 0 0 0 1 0 0 0 1 3004.dat
1 47 120 -144 -290 1 0 0 0 1 0 0 0 1 3855.dat
1 47 240 -144 -290 1 0 0 0 1 0 0 0 1 3855.dat
1 4 120 -144 -290 1 0 0 0 1 0 0 0 1 3853.dat
1 4 240 -144 -290 1 0 0 0 1 0 0 0 1 3853.dat
1 4 120 -144 90 -1 0 0 0 1 0 0 0 -1 3853.dat
1 47 120 -144 90 -1 0 0 0 1 0 0 0 -1 3855.dat
1 4 240 -144 90 -1 0 0 0 1 0 0 0 -1 3853.dat
1 47 240 -144 90 -1 0 0 0 1 0 0 0 -1 3855.dat
1 14 300 -144 -100 1 0 0 0 1 0 0 0 1 3003.dat
1 1 100 -120 310 -1 0 0 0 1 0 0 0 -1 3666.dat
1 1 50 -144 310 0 0 -1 0 1 0 1 0 0 3005.dat
1 1 50 -168 310 0 0 -1 0 1 0 1 0 0 3005.dat
1 1 150 -144 310 0 0 -1 0 1 0 1 0 0 3005.dat
1 1 150 -168 310 0 0 -1 0 1 0 1 0 0 3005.dat
1 14 180 -168 90 1 0 0 0 1 0 0 0 1 4217.dat
1 14 180 -168 -110 1 0 0 0 1 0 0 0 1 4217.dat
1 14 180 -168 -90 -1 0 0 0 1 0 0 0 -1 4217.dat
1 14 180 -168 -290 -1 0 0 0 1 0 0 0 -1 4217.dat
1 4 60 -149 -199 0 0 1 0 1 0 -1 0 0 4219a.dat
1 4 75.3209 -161.856 -199 0 -0.766044 0.642788 0 0.642788 0.766044 -1 0 0 4218a.dat
1 4 95.3209 -161.856 -199 0 -1 0 0 0 1 -1 0 0 4218a.dat
1 4 115.321 -161.856 -199 0 -1 0 0 0 1 -1 0 0 4218a.dat
1 4 135.321 -161.856 -199 0 -1 0 0 0 1 -1 0 0 4218a.dat
1 4 155.321 -161.856 -199 0 -1 0 0 0 1 -1 0 0 4218a.dat
1 4 175.321 -161.856 -199 0 -1 0 0 0 1 -1 0 0 4218a.dat
1 4 195.321 -161.856 -199 0 -1 0 0 0 1 -1 0 0 4218a.dat
1 4 215.321 -161.856 -199 0 -1 0 0 0 1 -1 0 0 4218a.dat
1 4 95.3209 -161.856 0 0 -1 0 0 0 1 -1 0 0 4218a.dat
1 4 115.321 -161.856 0 0 -1 0 0 0 1 -1 0 0 4218a.dat
1 4 75.3209 -161.856 0 0 -0.766044 0.642788 0 0.642788 0.766044 -1 0 0 4218a.dat
1 4 135.321 -161.856 0 0 -1 0 0 0 1 -1 0 0 4218a.dat
1 4 60 -149 0 0 0 1 0 1 0 -1 0 0 4219a.dat
1 4 155.321 -161.856 0 0 -1 0 0 0 1 -1 0 0 4218a.dat
1 4 175.321 -161.856 0 0 -1 0 0 0 1 -1 0 0 4218a.dat
1 4 195.321 -161.856 0 0 -1 0 0 0 1 -1 0 0 4218a.dat
1 4 215.321 -161.856 0 0 -1 0 0 0 1 -1 0 0 4218a.dat
1 14 60 -176 -200 0 0 1 0 1 0 -1 0 0 3832.dat
1 14 180 -176 -200 0 0 1 0 1 0 -1 0 0 3832.dat
1 14 300 -176 -200 0 0 1 0 1 0 -1 0 0 3832.dat
1 14 300 -176 0 0 0 1 0 1 0 -1 0 0 3832.dat
1 14 180 -176 0 0 0 1 0 1 0 -1 0 0 3832.dat
1 14 60 -176 0 0 0 1 0 1 0 -1 0 0 3832.dat
1 14 240 -176 90 1 0 0 0 1 0 0 0 1 3710.dat
1 14 240 -176 -290 1 0 0 0 1 0 0 0 1 3710.dat
1 14 120 -176 -290 1 0 0 0 1 0 0 0 1 3710.dat
1 14 240 -176 -100 1 0 0 0 1 0 0 0 1 3020.dat
1 14 120 -176 -100 1 0 0 0 1 0 0 0 1 3020.dat
1 14 120 -176 90 1 0 0 0 1 0 0 0 1 3023.dat
1 1 90 -176 120 0 0 -1 0 1 0 1 0 0 3710.dat
1 1 150 -176 140 0 0 -1 0 1 0 1 0 0 3666.dat
1 1 50 -56 310 0 0 -1 0 1 0 1 0 0 3024.dat
1 1 150 -56 310 0 0 -1 0 1 0 1 0 0 3024.dat
1 1 150 -176 260 0 0 -1 0 1 0 1 0 0 3666.dat
1 1 150 -168 200 0 0 -1 0 1 0 1 0 0 3710.dat
1 1 100 -168 150 -1 0 0 0 1 0 0 0 -1 3666.dat
1 1 100 -168 250 -1 0 0 0 1 0 0 0 -1 3666.dat
1 1 50 -160 200 0 0 1 0 1 0 -1 0 0 3666.dat
1 1 150 -160 200 0 0 -1 0 1 0 1 0 0 3009.dat
1 1 100 -160 150 -1 0 0 0 1 0 0 0 -1 3037.dat
1 1 100 -160 250 1 0 0 0 1 0 0 0 1 3037.dat
1 1 130 -136 250 -1 0 0 0 1 0 0 0 -1 3623.dat
1 1 130 -136 150 -1 0 0 0 1 0 0 0 -1 3623.dat
1 1 80 -136 150 -1 0 0 0 1 0 0 0 -1 3023.dat
1 1 80 -136 250 -1 0 0 0 1 0 0 0 -1 3023.dat
1 1 100 -176 250 -1 0 0 0 1 0 0 0 -1 3710.dat
1 1 120 -176 150 -1 0 0 0 1 0 0 0 -1 3023.dat
1 1 70 -176 150 -1 0 0 0 1 0 0 0 -1 3024.dat
1 1 40 -168 200 0 0 1 0 1 0 -1 0 0 3020.dat
1 1 50 -176 260 0 0 -1 0 1 0 1 0 0 3666.dat
1 1 50 -176 170 0 0 -1 0 1 0 1 0 0 3623.dat
1 1 150 -184 180 0 0 -1 0 1 0 1 0 0 3069b.dat
1 1 150 -184 220 0 0 -1 0 1 0 1 0 0 3069b.dat
1 1 30 -192 210 -1 0 0 0 1 0 0 0 -1 3040b.dat
1 1 30 -192 190 1 0 0 0 1 0 0 0 1 3040b.dat
1 1 30 -200 200 0 0 -1 0 1 0 1 0 0 3023.dat
1 1 100 -200 250 -1 0 0 0 1 0 0 0 -1 3009.dat
1 1 100 -200 150 -1 0 0 0 1 0 0 0 -1 3009.dat
1 1 50 -200 200 0 0 1 0 1 0 -1 0 0 3010.dat
1 0 140 -192 200 -1 0 0 0 1 0 0 0 -1 3032.dat
1 0 190 -216 200 0 0 1 0 1 0 -1 0 0 3010.dat
1 0 100 -200 220 -1 0 0 0 1 0 0 0 -1 3068b.dat
1 0 140 -200 220 -1 0 0 0 1 0 0 0 -1 3068b.dat
1 0 120 -200 180 -1 0 0 0 1 0 0 0 -1 3068b.dat
1 0 160 -200 180 -1 0 0 0 1 0 0 0 -1 3068b.dat
1 0 170 -200 220 0 0 1 0 1 0 -1 0 0 3069b.dat
1 0 90 -200 180 0 0 1 0 1 0 -1 0 0 3069b.dat
1 1 150 -224 200 0 0 -1 0 1 0 1 0 0 3009.dat
1 1 100 -224 150 1 0 0 0 1 0 0 0 1 3010.dat
1 1 100 -224 250 1 0 0 0 1 0 0 0 1 3010.dat
1 1 50 -224 240 0 0 -1 0 1 0 1 0 0 3004.dat
1 1 50 -224 160 0 0 -1 0 1 0 1 0 0 3004.dat
1 1 40 -224 200 0 0 -1 0 1 0 1 0 0 3003.dat
1 1 30 -232 200 0 0 -1 0 1 0 1 0 0 3023.dat
1 1 50 -248 200 0 0 -1 0 1 0 1 0 0 3010.dat
1 1 150 -248 200 0 0 -1 0 1 0 1 0 0 3010.dat
1 1 100 -248 150 -1 0 0 0 1 0 0 0 -1 3009.dat
1 1 100 -248 250 -1 0 0 0 1 0 0 0 -1 3009.dat
1 1 70 -272 230 -1 0 0 0 1 0 0 0 -1 3038.dat
1 1 130 -272 230 -1 0 0 0 1 0 0 0 -1 3038.dat
1 1 130 -272 170 1 0 0 0 1 0 0 0 1 3038.dat
1 1 70 -272 170 1 0 0 0 1 0 0 0 1 3038.dat
1 1 50 -272 200 0 0 -1 0 1 0 1 0 0 3004.dat
1 1 150 -272 200 0 0 -1 0 1 0 1 0 0 3004.dat
1 1 150 -280 200 0 0 -1 0 1 0 1 0 0 3710.dat
1 1 50 -280 200 0 0 -1 0 1 0 1 0 0 3710.dat
1 1 100 -280 170 -1 0 0 0 1 0 0 0 -1 3710.dat
1 1 100 -280 230 -1 0 0 0 1 0 0 0 -1 3710.dat
1 1 50 -288 200 0 0 -1 0 1 0 1 0 0 3023.dat
1 1 150 -288 200 0 0 -1 0 1 0 1 0 0 3023.dat
1 1 150 -296 200 0 0 -1 0 1 0 1 0 0 3023.dat
1 1 50 -296 200 0 0 -1 0 1 0 1 0 0 3023.dat
1 14 150 -365 200 0 0 -1 0 1 0 1 0 0 3436.dat
1 14 50 -365 200 0 0 1 0 1 0 -1 0 0 3436.dat
1 14 100 -326.343 246.988 1 0 0 0 -0.498284 0.867014 0 -0.867014 -0.498284 3032.dat
1 14 100 -326.404 153.115 1 0 0 0 -0.498284 -0.867014 0 0.867014 -0.498284 3032.dat
1 0 260 -184 -280 1 0 0 0 1 0 0 0 1 3035.dat
1 0 100 -184 80 1 0 0 0 1 0 0 0 1 3035.dat
1 0 100 -184 -20 1 0 0 0 1 0 0 0 1 3036.dat
1 0 100 -184 -140 1 0 0 0 1 0 0 0 1 3036.dat
1 0 100 -184 -260 1 0 0 0 1 0 0 0 1 3036.dat
1 0 260 -184 -180 1 0 0 0 1 0 0 0 1 3036.dat
1 0 260 -184 -60 1 0 0 0 1 0 0 0 1 3036.dat
1 0 260 -184 60 1 0 0 0 1 0 0 0 1 3036.dat
1 4 50 -208 -100 0 0 1 0 1 0 -1 0 0 3008p06.dat
1 7 -320 -8 310 1 0 0 0 1 0 0 0 1 3023.dat
1 14 -310 -24 270 1 0 0 0 1 0 0 0 1 3005.dat
1 14 -310 -24 220 0 0 -1 0 1 0 1 0 0 3010.dat
1 14 -360 -24 190 -1 0 0 0 1 0 0 0 -1 3010.dat
1 14 -410 -24 190 1 0 0 0 1 0 0 0 1 3005.dat
1 14 -520 -24 190 1 0 0 0 1 0 0 0 1 3004.dat
1 14 -530 -24 240 0 0 -1 0 1 0 1 0 0 3010.dat
1 4 -400 -24 210 1 0 0 0 1 0 0 0 1 3004.dat
1 4 -400 -24 270 1 0 0 0 1 0 0 0 1 3004.dat
1 14 -530 -48 220 0 0 -1 0 1 0 1 0 0 3010.dat
1 14 -310 -48 240 0 0 -1 0 1 0 1 0 0 3010.dat
1 14 -510 -48 190 0 0 -1 0 1 0 1 0 0 3005.dat
1 14 -530 -48 270 0 0 -1 0 1 0 1 0 0 3005.dat
1 14 -360 -48 190 -1 0 0 0 1 0 0 0 -1 3009.dat
1 4 -400 -32 270 1 0 0 0 1 0 0 0 1 3023.dat
1 4 -400 -32 210 1 0 0 0 1 0 0 0 1 3023.dat
1 4 -360 -8 240 0 0 1 0 1 0 -1 0 0 4079.dat
1 14 -530 -72 240 0 0 -1 0 1 0 1 0 0 3010.dat
1 14 -310 -72 220 0 0 -1 0 1 0 1 0 0 3010.dat
1 14 -310 -72 270 0 0 -1 0 1 0 1 0 0 3005.dat
1 14 -410 -72 190 0 0 -1 0 1 0 1 0 0 3005.dat
1 14 -520 -72 190 1 0 0 0 1 0 0 0 1 3004.dat
1 4 -400 -40 240 0 0 -1 0 1 0 1 0 0 3020.dat
1 14 -410 -96 190 0 0 -1 0 1 0 1 0 0 3005.dat
1 14 -310 -96 240 0 0 -1 0 1 0 1 0 0 3010.dat
1 14 -310 -96 190 0 0 -1 0 1 0 1 0 0 3005.dat
1 14 -530 -96 220 0 0 -1 0 1 0 1 0 0 3010.dat
1 14 -530 -96 270 0 0 -1 0 1 0 1 0 0 3005.dat
1 14 -510 -96 190 1 0 0 0 1 0 0 0 1 3665.dat
1 14 -530 -120 240 0 0 -1 0 1 0 1 0 0 3010.dat
1 14 -310 -120 220 0 0 -1 0 1 0 1 0 0 3010.dat
1 14 -410 -120 190 0 0 -1 0 1 0 1 0 0 3005.dat
1 14 -310 -120 270 0 0 -1 0 1 0 1 0 0 3005.dat
1 14 -520 -120 190 1 0 0 0 1 0 0 0 1 3004.dat
1 34 -510 -120 170 1 0 0 0 1 0 0 0 1 3062b.dat
1 4 -360 -120 190 1 0 0 0 1 0 0 0 1 3853.dat
1 4 -430 -120 190 0 0 -1 0 1 0 1 0 0 3861.dat
1 47 -360 -120 182 -1 0 0 0 1 0 0 0 -1 3855.dat
1 14 -310 -144 240 0 0 -1 0 1 0 1 0 0 3010.dat
1 14 -330 -144 190 -1 0 0 0 1 0 0 0 -1 3622.dat
1 14 -530 -144 220 0 0 -1 0 1 0 1 0 0 3010.dat
1 14 -530 -144 270 0 0 -1 0 1 0 1 0 0 3005.dat
1 14 -440 -144 190 -1 0 0 0 1 0 0 0 -1 3008.dat
1 4 -770 -24 -110 -1 0 0 0 1 0 0 0 -1 3040b.dat
1 4 -840 -24 -110 -1 0 0 0 1 0 0 0 -1 3009.dat
1 4 -910 -24 -60 0 0 1 0 1 0 -1 0 0 3009.dat
1 4 -910 -24 60 0 0 1 0 1 0 -1 0 0 3009.dat
1 4 -840 -24 110 1 0 0 0 1 0 0 0 1 3009.dat
1 4 -770 -24 110 1 0 0 0 1 0 0 0 1 3040b.dat
1 1 -830 -24 190 1 0 0 0 1 0 0 0 1 3040b.dat
1 1 -830 -24 210 -1 0 0 0 1 0 0 0 -1 3040b.dat
1 4 -840 -48 -110 -1 0 0 0 1 0 0 0 -1 3008.dat
1 4 -840 -48 110 -1 0 0 0 1 0 0 0 -1 3008.dat
1 4 -910 -48 -40 0 0 1 0 1 0 -1 0 0 3009.dat
1 4 -910 -48 60 0 0 1 0 1 0 -1 0 0 3010.dat
1 1 -830 -48 200 0 0 -1 0 1 0 1 0 0 3004.dat
1 1 -830 -72 200 0 0 -1 0 1 0 1 0 0 3004.dat
1 1 -830 -96 200 0 0 -1 0 1 0 1 0 0 3004.dat
1 1 -830 -120 200 0 0 -1 0 1 0 1 0 0 3004.dat
1 1 -830 -144 200 0 0 -1 0 1 0 1 0 0 3004.dat
1 1 -830 -168 200 0 0 -1 0 1 0 1 0 0 3004.dat
1 1 -830 -192 200 0 0 -1 0 1 0 1 0 0 3004.dat
1 1 -830 -216 200 0 0 -1 0 1 0 1 0 0 3004.dat
1 1 -830 -224 200 0 0 -1 0 1 0 1 0 0 3023.dat
1 1 -830 -232 200 0 0 -1 0 1 0 1 0 0 3023.dat
1 14 -510 -128 170 1 0 0 0 1 0 0 0 1 3024.dat
1 0 -420 -152 220 1 0 0 0 1 0 0 0 1 3456.dat
1 1 -530 -176 190 1 0 0 0 1 0 0 0 1 3040b.dat
1 1 -310 -176 190 1 0 0 0 1 0 0 0 1 3040b.dat
1 1 -310 -176 210 -1 0 0 0 1 0 0 0 -1 3040b.dat
1 1 -530 -176 210 -1 0 0 0 1 0 0 0 -1 3040b.dat
1 1 -530 -200 200 0 0 1 0 1 0 -1 0 0 3004.dat
1 1 -310 -200 200 0 0 1 0 1 0 -1 0 0 3004.dat
1 1 -310 -224 200 0 0 1 0 1 0 -1 0 0 3004.dat
1 1 -530 -224 200 0 0 1 0 1 0 -1 0 0 3004.dat
1 1 -530 -232 200 0 0 1 0 1 0 -1 0 0 3023.dat
1 1 -310 -232 200 0 0 1 0 1 0 -1 0 0 3023.dat
1 1 -460 -176 170 1 0 0 0 1 0 0 0 1 3004p20.dat
1 1 -60 -240 200 -1 0 0 0 1 0 0 0 -1 3832.dat
1 1 -260 -240 200 -1 0 0 0 1 0 0 0 -1 3832.dat
1 1 30 -264 200 0 0 1 0 1 0 -1 0 0 3004.dat
1 1 -540 -240 200 -1 0 0 0 1 0 0 0 -1 3832.dat
1 1 -740 -240 200 -1 0 0 0 1 0 0 0 -1 3832.dat
1 1 -400 -240 200 -1 0 0 0 1 0 0 0 -1 3020.dat
1 1 -830 -264 200 0 0 -1 0 1 0 1 0 0 3004.dat
1 7 130 -192 -110 1 0 0 0 1 0 0 0 1 3957a.dat
1 14 50 -208 -290 0 0 1 0 1 0 -1 0 0 3005.dat
1 14 50 -208 90 0 0 1 0 1 0 -1 0 0 3005.dat
1 0 50 -232 90 0 0 1 0 1 0 -1 0 0 3062b.dat
1 0 50 -232 -290 0 0 1 0 1 0 -1 0 0 3062b.dat
1 0 50 -256 -290 -0.707107 0 0.707107 0 1 0 -0.707107 0 -0.707107 4070.dat
1 0 50 -256 90 0.707107 0 0.707107 0 1 0 -0.707107 0 0.707107 4070.dat
1 14 28.7868 -246 68.7868 0.707107 0.707107 0 0 0 -1 -0.707107 0.707107 0 3062b.dat
1 14 28.7868 -246 -268.787 -0.707107 0.707106 0 0 0 -1 -0.707106 -0.707107 0 3062b.dat
1 7 -120 -232 200 0 0 1 0 1 0 -1 0 0 812.dat
1 7 -400 -232 200 0 0 1 0 1 0 -1 0 0 812.dat
1 7 -680 -232 200 0 0 1 0 1 0 -1 0 0 812.dat
1 15 -885 -16 64 0 1 0 0 0 -1 -1 0 0 3005.dat
1 15 -872 -16 35 0.224951 0.97437 0 0 0 -1 -0.97437 0.224951 0 3005.dat
1 15 -882 -16 -19 0.34202 0.939693 0 0 0 -1 -0.939693 0.34202 0 3005.dat
1 15 -881 -16 -51.2 0.707107 0.707107 0 0 0 -1 -0.707107 0.707107 0 3005.dat
1 15 -859 -16 -84 0 1 0 0 0 -1 -1 0 0 3005.dat
1 15 -836.421 -16 -58.544 -0.515038 0.857167 0 0 0 -1 -0.857167 -0.515038 0 3005.dat
1 15 -831 -16 -25 0 1 0 0 0 -1 -1 0 0 3005.dat
1 15 -817 -16 5 0 1 0 0 0 -1 -1 0 0 3005.dat
1 15 -829 -16 37 -0.325568 0.945519 0 0 0 -1 -0.945519 -0.325568 0 3005.dat
1 15 -836.849 -16 75.778 -0.707107 0.707107 0 0 0 -1 -0.707107 -0.707107 0 3005.dat
1 15 -797 -16 37 0 1 0 0 0 -1 -1 0 0 3005.dat
1 15 -858 -16 10 0 1 0 0 0 -1 -1 0 0 3005.dat
1 15 -797 -16 -27.4 -0.207912 0.978148 0 0 0 -1 -0.978148 -0.207912 0 3005.dat
1 15 -801 -16 -54 0 1 0 0 0 -1 -1 0 0 3005.dat
1 15 -812 -16 -87 0 1 0 0 0 -1 -1 0 0 3005.dat
1 0 -630 -48 160 0 0 -1 0 1 0 1 0 0 4083.dat
1 0 -690 -48 160 0 0 -1 0 1 0 1 0 0 4083.dat
1 6 -630 -20.35 170 0 0 1 0 -1 0 1 0 0 3836.dat
1 8 -690 -62 170 0 0 1 0 1 0 -1 0 0 3837.dat
1 0 -390 -48 -220 0 0 -1 0 1 0 1 0 0 4083.dat
1 8 -390 -60 -210 0 0 -1 0 1 0 1 0 0 3841.dat
1 7 -320 -8 -310 1 0 0 0 1 0 0 0 1 3023.dat
1 2 -320 -8 -260 1 0 0 0 1 0 0 0 1 3471.dat
1 2 -660 -8 280 1 0 0 0 1 0 0 0 1 3471.dat
0 WORLD  -1039.526 328.526 327.5881 0.9657236 -0.1368553 -0.2205561 -0.006617134 0.8364481 -0.5480004 0.2594817 0.5306718 0.8068792
0 CENTRE  0 0 0
0 LOOKAT  -1280 339 0
0 ZOOM  60
0 ROTANGLE 0
0
0 FILE 6383_b.ldr
0 ROTATION CENTER 0 0 0 1 "Custom" 
0 ROTATION CONFIG 0 0
1 0 0 0 0 -1 0 0 0 1 0 0 0 -1 3639.dat
1 0 0 0 120 1 0 0 0 1 0 0 0 1 3640.dat
1 14 0 -8 20 1 0 0 0 1 0 0 0 1 3022.dat
1 14 0 -8 -30 0 0 -1 0 1 0 1 0 0 3021.dat
1 14 0 -61.2 8.6 1 0 0 0 1 0 0 0 1 2.ldr
1 0 0 -8 140 0 0 -1 0 1 0 1 0 0 3795.dat
1 0 0 0 180 1 0 0 0 1 0 0 0 1 3022.dat
1 0 0 0 -50 1 0 0 0 1 0 0 0 1 3710.dat
0 Assembly 1
1 0 0 8 0 1 0 0 0 1 0 0 0 1 422.dat
0 Assembly 1
1 4 0 14 0 1 0 0 0 1 0 0 0 1 u9132c01.dat
0 Assembly 3
1 0 0 8 120 1 0 0 0 1 0 0 0 1 422.dat
0 Assembly 3
1 4 0 14 120 1 0 0 0 1 0 0 0 1 u9132c01.dat
0 Assembly 4
1 0 0 8 180 1 0 0 0 1 0 0 0 1 422.dat
0 Assembly 4
1 4 0 14 180 1 0 0 0 1 0 0 0 1 u9132c01.dat
1 0 -31 14 180 0 0 1 0 1 0 -1 0 0 4084.dat
1 0 -31 14 120 0 0 1 0 1 0 -1 0 0 4084.dat
1 0 -31 14 0 0 0 1 0 1 0 -1 0 0 4084.dat
1 0 31 14 0 0 0 -1 0 1 0 1 0 0 4084.dat
1 0 31 14 120 0 0 -1 0 1 0 1 0 0 4084.dat
1 0 31 14 180 0 0 -1 0 1 0 1 0 0 4084.dat
1 46 30 -8 -50 0 0 -1 0 1 0 1 0 0 3024.dat
1 46 -30 -8 -50 0 0 -1 0 1 0 1 0 0 3024.dat
1 14 0 -16 -40 -1 0 0 0 1 0 0 0 -1 3020.dat
1 14 0 -16 30 -1 0 0 0 1 0 0 0 -1 3710.dat
0 Assembly 5
1 4 0 -14 210 1 0 0 0 1 0 0 0 1 313.dat
0 Assembly 5
1 0 0 -14 210 1 0 0 0 1 0 0 0 1 314e.dat
0 Assembly 5
1 0 0 -14 210 1 0 0 0 1 0 0 0 1 3149e.dat
1 14 0 -32 160 1 0 0 0 1 0 0 0 1 4080.dat
1 14 -30 -24 0 0 0 1 0 1 0 -1 0 0 3710.dat
1 14 30 -24 0 0 0 1 0 1 0 -1 0 0 3710.dat
1 14 0 -40 -50 1 0 0 0 1 0 0 0 1 3004.dat
0 Assembly 8
1 14 0 -24 -30 1 0 0 0 1 0 0 0 1 3829a.dat
0 Assembly 8
1 0 0 -50.32 -30.24 0 0 1 -0.8 0.6 0 -0.6 -0.8 0 3828.dat
1 0 0 -48 -50 1 0 0 0 1 0 0 0 1 4175.dat
1 0 0 -72 30 1 0 0 0 1 0 0 0 1 4083.dat
1 6 -10 -42.35 30 0 0 -1 0 -1 0 -1 0 0 3836.dat
0 WORLD  307.9185 -65.57864 -135.2102 -0.7630837 -0.03871784 -0.6451423 -0.3254466 0.8854298 0.3318102 0.5583833 0.4631557 -0.6882529
0 CENTRE  0 0 0
0 LOOKAT  375 -81 0
0 ZOOM  50
0 ROTANGLE 0
0 
1 15 -20 -42.35 191 0 0 -1 1 0 0 0 -1 0 30071.dat
1 15 10.808 -42.35 185.121 0 0.707107 -0.707107 1 0 0 0 -0.707107 -0.707107 30071.dat
1 15 -9.698 -42.35 140.574 0 0.707107 0.707107 1 0 0 0 0.707107 -0.707107 30071.dat
0
0 FILE 6383_c.ldr
0 Name: 6383_c.ldr
0 ROTATION CENTER 0 0 0 1 "Custom" 
0 ROTATION CONFIG 0 0
1 0 -565 -264 443 -1 0 0 0 1 0 0 0 -1 3032.dat
1 0 -565 -256 413 -1 0 0 0 1 0 0 0 -1 3009.dat
1 0 -506.444 -256.6 488.614 0 0.809017 -0.587785 1 0 0 0 0.587785 0.809017 cavo.ldr
1 0 -687 -550.2 344 -1 0 0 0 0 1 0 1 0 LS61.dat
1 0 -687 -530.2 344 -1 0 0 0 0 1 0 1 0 LS61.dat
1 0 -687 -510.2 344 -1 0 0 0 0 1 0 1 0 LS61.dat
1 0 -687 -490.2 344 -1 0 0 0 0 1 0 1 0 LS61.dat
1 0 -687 -470.2 344 -1 0 0 0 0 1 0 1 0 LS61.dat
1 0 -687 -450.2 344 -1 0 0 0 0 1 0 1 0 LS61.dat
1 14 -690.4 -387 338.4 -0.707107 0 -0.707107 0 1 0 0.707107 0 -0.707107 3492c01.dat
1 0 -686.7 -573.899 344 -0.707107 0 -0.707107 -0.707107 0 0.707107 0 1 0 LS60.dat
1 0 -685.286 -575.315 344 -0.707107 0 -0.707107 -0.707107 0 0.707107 0 1 0 LS60.dat
1 0 -683.867 -576.733 344 -0.707107 0 -0.707107 -0.707107 0 0.707107 0 1 0 LS60.dat
1 0 -682.458 -578.144 344 -0.707107 0 -0.707107 -0.707107 0 0.707107 0 1 0 LS60.dat
1 0 -681.042 -579.557 344 -0.707107 0 -0.707107 -0.707107 0 0.707107 0 1 0 LS60.dat
1 0 -565 -256 473 -1 0 0 0 1 0 0 0 -1 3009.dat
0 Assembly 1
1 0 -565 -288 443 -1 0 0 0 1 0 0 0 -1 3403.dat
0 Assembly 1
1 0 -565 -288 443 -0.819152 0 0.573577 0 1 0 -0.573577 0 -0.819152 3404.dat
0 Assembly 4
1 4 -485.311 -294 521.58 0.581042 0 0.81462 0 1 0 -0.81462 0 0.581042 313.dat
0 Assembly 4
1 4 -486.365 -294 522.476 0.573577 -0.589248 0.569031 0 0.694658 0.71934 -0.819152 -0.412596 0.39844 314e.dat
0 Assembly 4
1 4 -486.365 -294 522.476 0.573577 0 0.819152 0 1 0 -0.819152 0 0.573577 3324e.dat
1 4 -553.528 -296 426.617 0.819152 0 -0.573577 0 1 0 0.573577 0 0.819152 3795.dat
1 4 -549.732 -400.018 478.106 0.569031 -0.589248 -0.573577 0.71934 0.694658 0 0.39844 -0.412596 0.819152 3034.dat
1 4 -588.588 -437.621 450.899 0.569031 -0.589248 -0.573577 0.71934 0.694658 0 0.39844 -0.412596 0.819152 3832.dat
1 4 -652.158 -529.499 406.387 0.569031 -0.589248 -0.573577 0.71934 0.694658 0 0.39844 -0.412596 0.819152 3832.dat
1 4 -668.253 -538.329 395.117 0.569031 -0.589248 -0.573577 0.71934 0.694658 0 0.39844 -0.412596 0.819152 3020.dat
1 4 -492.829 -328.084 517.95 0.569031 -0.589248 -0.573577 0.71934 0.694658 0 0.39844 -0.412596 0.819152 3176.dat
1 4 -702.394 -581.489 371.211 0.569031 -0.589248 -0.573577 0.71934 0.694658 0 0.39844 -0.412596 0.819152 3176.dat
1 4 -605.958 -320 414.321 -0.573577 0 -0.819152 0 1 0 0.819152 0 -0.573577 3010.dat
1 4 -532.234 -344 465.943 0.573577 0 0.819152 0 1 0 -0.819152 0 0.573577 73037.dat
1 14 -581.383 -304 431.529 0.573577 0 0.819152 0 1 0 -0.819152 0 0.573577 4079.dat
1 14 -574.1 -356.8 435.632 0.573577 0 0.819152 0 1 0 -0.819152 0 0.573577 2.ldr
1 4 -572.367 -320 401.218 0.573577 0 0.819152 0 1 0 -0.819152 0 0.573577 3822.dat
1 4 -606.782 -320 450.367 0.573577 0 0.819152 0 1 0 -0.819152 0 0.573577 3821.dat
1 47 -589.575 -368 425.793 0.573577 0 0.819152 0 1 0 -0.819152 0 0.573577 3823.dat
0 WORLD  -695.9013 419.6866 -255.1793 0.9678234 0.0608184 -0.2441577 -0.1105409 0.9744531 -0.1954582 0.226038 0.2161509 0.949834
0 CENTRE  -565 -292 443
0 LOOKAT  -1281 -35 0
0 ZOOM  62
0 ROTANGLE 0
1 15 -710.094 -328.792 345.721 0.573577 0 0.819152 0 1 0 -0.819152 0 0.573577 30071.dat
1 15 -690.094 -333.392 326.121 0.573577 0 0.819152 -0.481485 0.809017 0.33714 -0.662708 -0.587785 0.464033 30071.dat
0 
1 0 -673.013 -573.586 348.838 0.583466 -0.560262 -0.587941 0.70249 0.711435 0.0192012 0.407524 -0.424226 0.808676 572b.dat
1 0 -661.343 -559.538 356.989 0.583466 -0.560262 -0.587941 0.70249 0.711435 0.0192012 0.407524 -0.424226 0.808676 572b.dat
1 0 -649.674 -545.485 365.139 0.583466 -0.560262 -0.587941 0.70249 0.711435 0.0192012 0.407524 -0.424226 0.808676 572b.dat
1 0 -638.005 -531.437 373.29 0.583466 -0.560262 -0.587941 0.70249 0.711435 0.0192012 0.407524 -0.424226 0.808676 572b.dat
1 0 -626.335 -517.387 381.439 0.583466 -0.560262 -0.587941 0.70249 0.711435 0.0192012 0.407524 -0.424226 0.808676 572b.dat
1 0 -614.669 -503.339 389.59 0.583466 -0.560262 -0.587941 0.70249 0.711435 0.0192012 0.407524 -0.424226 0.808676 572b.dat
1 0 -602.997 -489.287 397.741 0.583466 -0.560262 -0.587941 0.70249 0.711435 0.0192012 0.407524 -0.424226 0.808676 572b.dat
1 0 -591.329 -475.239 405.89 0.583466 -0.560262 -0.587941 0.70249 0.711435 0.0192012 0.407524 -0.424226 0.808676 572b.dat
1 0 -579.658 -461.187 414.04 0.583466 -0.560262 -0.587941 0.70249 0.711435 0.0192012 0.407524 -0.424226 0.808676 572b.dat
1 0 -567.991 -447.138 422.192 0.583466 -0.560262 -0.587941 0.70249 0.711435 0.0192012 0.407524 -0.424226 0.808676 572b.dat
1 0 -556.321 -433.088 430.343 0.583466 -0.560262 -0.587941 0.70249 0.711435 0.0192012 0.407524 -0.424226 0.808676 572b.dat
1 0 -544.649 -419.038 438.494 0.583466 -0.560262 -0.587941 0.70249 0.711435 0.0192012 0.407524 -0.424226 0.808676 572b.dat
1 0 -532.98 -404.989 446.645 0.583466 -0.560262 -0.587941 0.70249 0.711435 0.0192012 0.407524 -0.424226 0.808676 572b.dat
1 0 -521.309 -390.939 454.794 0.583466 -0.560262 -0.587941 0.70249 0.711435 0.0192012 0.407524 -0.424226 0.808676 572b.dat
1 0 -509.641 -376.888 462.944 0.583466 -0.560262 -0.587941 0.70249 0.711435 0.0192012 0.407524 -0.424226 0.808676 572b.dat
1 0 -497.973 -362.839 471.094 0.583466 -0.560262 -0.587941 0.70249 0.711435 0.0192012 0.407524 -0.424226 0.808676 572b.dat
1 0 -486.305 -348.789 479.247 0.583466 -0.560262 -0.587941 0.70249 0.711435 0.0192012 0.407524 -0.424226 0.808676 572b.dat
1 0 -477.633 -336.34 488.795 0.323849 -0.29552 -0.898771 0.70249 0.711435 0.0192012 0.633743 -0.637596 0.437997 572b.dat
0 
0
0 FILE 6383_a.ldr
0 ROTATION CENTER 0 0 0 1 "Custom" 
0 ROTATION CONFIG 0 0
1 0 0 0 0 0 0 -1 0 1 0 1 0 0 3795.dat
1 0 0 -52.8 29 1 0 0 0 1 0 0 0 1 2.ldr
1 14 0 0 -70 -1 0 0 0 1 0 0 0 -1 3023.dat
1 14 0 -8 -40 0 0 -1 0 1 0 1 0 0 3020.dat
1 14 0 -8 50 -1 0 0 0 1 0 0 0 -1 3023.dat
1 14 0 -16 50 -1 0 0 0 1 0 0 0 -1 3710.dat
1 14 0 -16 -10 -1 0 0 0 1 0 0 0 -1 3710.dat
1 14 0 -16 -40 -1 0 0 0 1 0 0 0 -1 3022.dat
1 14 0 -32 -70 -1 0 0 0 1 0 0 0 -1 3317.dat
1 14 -30 -24 20 0 0 1 0 1 0 -1 0 0 3710.dat
1 14 30 -24 20 0 0 1 0 1 0 -1 0 0 3710.dat
1 14 0 -24 50 -1 0 0 0 1 0 0 0 -1 3023.dat
1 14 0 -32 50 -1 0 0 0 1 0 0 0 -1 3710.dat
0 Assembly 1
1 14 0 -24 -10 1 0 0 0 1 0 0 0 1 3829a.dat
0 Assembly 1
1 0 0 -50.32 -10.24 0 0 1 -0.8 0.6 0 -0.6 -0.8 0 3828.dat
1 14 0 -40 -50 -1 0 0 0 1 0 0 0 -1 3039.dat
1 0 0 -40 -70 1 0 0 0 1 0 0 0 1 4175.dat
1 0 0 -80 50 1 0 0 0 1 0 0 0 1 4083.dat
1 0 -0.4 -23 -70 0 0 1 0.743145 0.669131 0 -0.669131 0.743145 0 3314.dat
1 8 10 -92 50 0 0 1 0 1 0 -1 0 0 3837.dat
0 Assembly 3
1 0 0 8 -40 -1 0 0 0 1 0 0 0 -1 422.dat
0 Assembly 3
1 4 0 14 -40 -1 0 0 0 1 0 0 0 -1 u9132c01.dat
0 Assembly 5
1 0 0 8 20 -1 0 0 0 1 0 0 0 -1 422.dat
0 Assembly 5
1 4 0 14 20 -1 0 0 0 1 0 0 0 -1 u9132c01.dat
1 0 31 14 20 0 0 -1 0 1 0 1 0 0 4084.dat
1 0 31 14 -40 0 0 -1 0 1 0 1 0 0 4084.dat
1 0 -31 14 -40 0 0 1 0 1 0 -1 0 0 4084.dat
1 0 -31 14 20 0 0 1 0 1 0 -1 0 0 4084.dat
1 14 -0.2 11.025 -151.77 0 0 1 -0.207912 0.978148 0 -0.978148 -0.207912 0 784.dat
0 WORLD  -121.4961 147.9397 -125.5522 0.7468674 -0.05519021 -0.6626768 -0.1215467 0.9684335 -0.2176449 0.6537677 0.2430983 0.7165803
0 CENTRE  0 0 0
0 LOOKAT  -169 138 0
0 ZOOM  50
0 ROTANGLE 0
0 
0
0 FILE 1.ldr
0 New Minifig Model
0 Name: 1.ldr
0 Author: MLCad
0 Unofficial Model
0 ROTATION CENTER 0 0 0 1 "Custom" 
0 ROTATION CONFIG 0 0
1 4 0 -24 0 1 0 0 0 1 0 0 0 1 3833.dat
1 14 0 -24 0 1 0 0 0 1 0 0 0 1 3626bp01.dat
1 1 0 0 0 1 0 0 0 1 0 0 0 1 973p26.dat
1 1 0 32 0 1 0 0 0 1 0 0 0 1 3815.dat
1 1 -15.552 9 0 0.985 -0.17 0 0.17 0.985 0 0 0 1 3818.dat
1 1 15.552 9 0 0.985 0.17 0 -0.17 0.985 0 0 0 1 3819.dat
1 14 -23.8634 26.5956 -10.321 0.985 -0.12019 0.12019 0.17 0.696395 -0.696395 0 0.707 0.707 3820.dat
1 14 23.8634 26.5956 -10.321 0.985 0.12019 -0.12019 -0.17 0.696395 -0.696395 0 0.707 0.707 3820.dat
1 8 -23.8951 26.7794 -26.9666 0.985 -0.0874983 0.14567 0.17 0.506976 -0.844031 0 0.856884 0.514696 3837.dat
1 1 0 44 0 1 0 0 0 1 0 0 0 1 3816.dat
1 1 0 44 0 1 0 0 0 1 0 0 0 1 3817.dat
0
0 FILE 2.ldr
0 New Model
0 Name: 2.ldr
0 Author: MLCad
0 Unofficial Model
0 New Minifig Model
0 Name: 1.ldr
0 Author: MLCad
0 Unofficial Model
0 ROTATION CENTER 0 0 0 1 "Custom" 
0 ROTATION CONFIG 0 0
1 4 0 -24 0 1 0 0 0 1 0 0 0 1 3833.dat
1 14 0 -24 0 1 0 0 0 1 0 0 0 1 3626bp01.dat
1 1 0 0 0 1 0 0 0 1 0 0 0 1 973p26.dat
1 1 0 32 0 1 0 0 0 1 0 0 0 1 3815.dat
1 1 -15.552 9.4 0.2 0.985 -0.17 0 0.130228 0.754554 0.642788 -0.109274 -0.633146 0.766044 3818.dat
1 1 15.552 9.4 0.2 0.985 0.17 0 -0.130228 0.754554 0.642788 0.109274 -0.633146 0.766044 3819.dat
1 14 -23.863 16.245 -19.018 0.985 -0.12019 0.12019 0.130228 0.98792 -0.0790187 -0.109274 0.0939593 0.989227 3820.dat
1 14 23.863 16.245 -19.018 0.985 0.12019 -0.12019 -0.130228 0.98792 -0.0790187 0.109274 0.0939593 0.989227 3820.dat
1 1 0 44 0 1 0 0 0 0 1 0 -1 0 3816.dat
1 1 0 44 0 1 0 0 0 0 1 0 -1 0 3817.dat
0 
0
0 FILE cavo.ldr
0 cavo
0 ROTATION CENTER 0 0 0 1 "Custom" 
0 ROTATION CONFIG 0 0
1 0 -77.041 -7.625 -15.107 -0.995952 0 -0.0900475 0.0900475 0 -0.995952 0 1 0 LS60.dat
1 0 -77.17 -9.121 -15.107 -0.996209 0 -0.0870569 0.0870569 0 -0.996209 0 1 0 LS60.dat
1 0 -77.295 -10.623 -15.107 -0.996476 0 -0.0838665 0.0838665 0 -0.996476 0 1 0 LS60.dat
1 0 -77.416 -12.124 -15.107 -0.996759 0 -0.0803765 0.0803765 0 -0.996759 0 1 0 LS60.dat
1 0 -77.528 -13.626 -15.107 -0.997058 0 -0.076587 0.076587 0 -0.997058 0 1 0 LS60.dat
1 0 -77.635 -15.13 -15.107 -0.997378 0 -0.0723979 0.0723979 0 -0.997378 0 1 0 LS60.dat
1 0 -77.734 -16.628 -15.107 -0.997713 0 -0.0679093 0.0679093 0 -0.997713 0 1 0 LS60.dat
1 0 -77.828 -18.129 -15.107 -0.99798 0 -0.0628163 0.0628163 0 -0.99798 0 1 0 LS60.dat
1 0 -77.911 -19.637 -15.107 -0.998373 0 -0.0572292 0.0572292 0 -0.998373 0 1 0 LS60.dat
1 0 -77.984 -21.141 -15.106 -0.998703 0 -0.0509379 0.0509379 0 -0.998703 0 1 0 LS60.dat
1 0 -78.045 -22.641 -15.106 -0.999074 0 -0.0438476 0.0438476 0 -0.999074 0 1 0 LS60.dat
1 0 -78.097 -24.148 -15.106 -0.999398 0 -0.0357535 0.0357535 0 -0.999398 0 1 0 LS60.dat
1 0 -78.131 -25.652 -15.106 -0.999691 0 -0.0263559 0.0263559 0 -0.999691 0 1 0 LS60.dat
1 0 -78.148 -27.161 -15.106 -0.999862 0 -0.0154499 0.0154499 0 -0.999862 0 1 0 LS60.dat
1 0 -78.148 -28.662 -15.106 -1.00004 0 -0.00244154 0.00244154 0 -1.00004 0 1 0 LS60.dat
1 0 -78.119 -30.164 -15.106 -0.999876 0 0.013489 -0.013489 0 -0.999876 0 1 0 LS60.dat
1 0 -78.058 -31.675 -15.106 -0.99942 0 0.0334402 -0.0334402 0 -0.99942 0 1 0 LS60.dat
1 0 -75.084 18.126 -15.107 -0.992203 0 -0.124751 0.124751 0 -0.992203 0 1 0 LS60.dat
1 0 -75.266 16.636 -15.107 -0.992564 0 -0.121771 0.121771 0 -0.992564 0 1 0 LS60.dat
1 0 -75.443 15.139 -15.107 -0.992942 0 -0.118592 0.118592 0 -0.992942 0 1 0 LS60.dat
1 0 -75.615 13.643 -15.107 -0.993347 0 -0.115114 0.115114 0 -0.993347 0 1 0 LS60.dat
1 0 -75.78 12.147 -15.107 -0.993778 0 -0.111337 0.111337 0 -0.993778 0 1 0 LS60.dat
1 0 -75.939 10.648 -15.107 -0.994244 0 -0.107162 0.107162 0 -0.994244 0 1 0 LS60.dat
1 0 -76.091 9.154 -15.107 -0.994735 0 -0.102688 0.102688 0 -0.994735 0 1 0 LS60.dat
1 0 -76.237 7.658 -15.107 -0.99518 0 -0.0976071 0.0976071 0 -0.99518 0 1 0 LS60.dat
1 0 -76.372 6.154 -15.107 -0.995768 0 -0.0920371 0.0920371 0 -0.995768 0 1 0 LS60.dat
1 0 -76.498 4.652 -15.106 -0.996317 0 -0.0857611 0.0857611 0 -0.996317 0 1 0 LS60.dat
1 0 -76.614 3.156 -15.106 -0.996936 0 -0.0786881 0.0786881 0 -0.996936 0 1 0 LS60.dat
1 0 -74.057 29.064 -15.107 -0.993778 0 -0.111337 0.111337 0 -0.993778 0 1 0 LS60.dat
1 0 -74.216 27.565 -15.107 -0.994244 0 -0.107162 0.107162 0 -0.994244 0 1 0 LS60.dat
1 0 -74.367 26.071 -15.107 -0.994735 0 -0.102688 0.102688 0 -0.994735 0 1 0 LS60.dat
1 0 -74.514 24.575 -15.107 -0.99518 0 -0.0976071 0.0976071 0 -0.99518 0 1 0 LS60.dat
1 0 -74.648 23.072 -15.107 -0.995768 0 -0.0920371 0.0920371 0 -0.995768 0 1 0 LS60.dat
1 0 -74.774 21.57 -15.106 -0.996317 0 -0.0857611 0.0857611 0 -0.996317 0 1 0 LS60.dat
1 0 -74.89 20.072 -15.106 -0.996936 0 -0.0786881 0.0786881 0 -0.996936 0 1 0 LS60.dat
1 0 -76.716 1.651 -15.106 -0.997542 0 -0.0706102 0.0706102 0 -0.997542 0 1 0 LS60.dat
1 0 -76.802 0.151 -15.106 -0.998162 0 -0.0612285 0.0612285 0 -0.998162 0 1 0 LS60.dat
1 0 -76.873 -1.358 -15.106 -0.998713 0 -0.0503351 0.0503351 0 -0.998713 0 1 0 LS60.dat
1 0 -76.924 -2.859 -15.106 -0.999348 0 -0.037341 0.037341 0 -0.999348 0 1 0 LS60.dat
1 0 -76.948 -4.361 -15.106 -0.999738 0 -0.0214144 0.0214144 0 -0.999738 0 1 0 LS60.dat
1 0 -76.939 -5.872 -15.106 -0.999978 0 -0.00145938 0.00145938 0 -0.999978 0 1 0 LS60.dat
1 0 -77.955 -33.173 -15.106 -0.998279 0 0.0594356 -0.0594356 0 -0.998279 0 1 0 LS60.dat
1 0 -77.794 -34.669 -15.106 -0.995443 0 0.0951329 -0.0951329 0 -0.995443 0 1 0 LS60.dat
1 0 -77.546 -36.152 -15.106 -0.988919 0 0.148347 -0.148347 0 -0.988919 0 1 0 LS60.dat
1 0 -77.14 -37.604 -15.106 -0.970866 0 0.239517 -0.239517 0 -0.970866 0 1 0 LS60.dat
1 0 -73.2304 -41.3275 -16.706 -0.0867 0 0.9962 -0.9962 0 -0.0867 0 1 0 LS60.dat
1 0 -71.729 -41.3652 -16.706 -0.0404 0 0.9992 -0.9992 0 -0.0404 0 1 0 LS60.dat
1 0 -70.2271 -41.3699 -16.706 -0.0124 0 0.9999 -0.9999 0 -0.0124 0 1 0 LS60.dat
1 0 -68.7321 -41.2142 -16.6953 0.0747 -0.0054 0.9972 -0.9972 0 0.0747 0.0004 1 0.0053 LS60.dat
1 0 -67.2876 -40.7691 -16.6635 0.2411 -0.0177 0.9703 -0.9705 -0 0.2411 0.0043 0.9998 0.0172 LS60.dat
1 0 -65.961 -40.0385 -16.6113 0.425 -0.0336 0.9046 -0.9051 0 0.4252 0.0143 0.9994 0.0304 LS60.dat
1 0 -64.8267 -39.0332 -16.5395 0.6076 -0.0548 0.7923 -0.7935 -0 0.6086 0.0333 0.9985 0.0435 LS60.dat
1 0 -63.9461 -37.8006 -16.4515 0.7653 -0.0857 0.638 -0.6403 0 0.7681 0.0658 0.9963 0.0549 LS60.dat
1 0 -63.3528 -36.4084 -16.352 0.8793 -0.1378 0.4558 -0.4602 -0 0.8878 0.1223 0.9905 0.0634 LS60.dat
1 0 -63.0602 -34.9257 -16.2461 0.9311 -0.2556 0.2602 -0.2691 -0 0.9631 0.2462 0.9668 0.0688 LS60.dat
1 0 -63.0723 -33.4149 -16.1382 0.635 -0.7703 0.0589 -0.0923 -0 0.9957 0.767 0.6377 0.0711 LS60.dat
1 0 -63.3933 -31.9388 -16.0328 -0.8884 -0.4353 -0.1458 -0.1619 0 0.9868 0.4296 -0.9003 0.0705 LS60.dat
1 0 -64.0245 -30.5624 -15.9345 0.9173 0.1862 -0.3519 0.3582 0 0.9337 -0.1739 0.9825 0.0667 LS60.dat
1 0 -64.9531 -29.366 -15.849 0.8268 0.1069 -0.5523 0.5555 -0 0.8315 -0.0889 0.9943 0.0594 LS60.dat
1 0 -66.1394 -28.4193 -15.7814 0.6793 0.0664 -0.7309 0.7325 -0 0.6808 -0.0452 0.9978 0.0486 LS60.dat
1 0 -67.5096 -27.7686 -15.7349 0.4952 0.0408 -0.8678 0.8686 -0 0.4956 -0.0202 0.9992 0.0354 LS60.dat
1 0 -68.9822 -27.4116 -15.7094 0.3022 0.0226 -0.953 0.9532 -0 0.3023 -0.0068 0.9997 0.0216 LS60.dat
1 0 -70.4915 -27.3121 -15.7023 0.125 0.009 -0.9921 0.9922 0 0.125 -0.0011 1 0.0089 LS60.dat
1 0 -71.9908 -27.5235 -15.6961 -0.0745 0.0053 -0.9972 0.9972 -0 -0.0745 0.0004 1 0.0053 LS60.dat
1 0 -73.4352 -27.9652 -15.6645 -0.2394 0.0176 -0.9708 0.9709 -0 -0.2394 0.0042 0.9998 0.0171 LS60.dat
1 0 -74.7648 -28.6879 -15.6128 -0.4207 0.0332 -0.9066 0.9071 -0 -0.421 0.014 0.9994 0.0301 LS60.dat
1 0 -75.9088 -29.6808 -15.5418 -0.6005 0.0538 -0.7978 0.799 -0 -0.6013 0.0324 0.9985 0.043 LS60.dat
1 0 -76.8081 -30.8995 -15.4546 -0.7566 0.0835 -0.6486 0.6508 -0 -0.7592 0.0634 0.9965 0.0543 LS60.dat
1 0 -77.4282 -32.2804 -15.3558 -0.8718 0.1323 -0.4716 0.4758 -0 -0.8796 0.1163 0.9912 0.0629 LS60.dat
1 0 -77.7526 -33.7569 -15.2502 -0.9301 0.2378 -0.2798 0.2881 0 -0.9576 0.2277 0.9713 0.0685 LS60.dat
1 0 -77.7738 -35.2679 -15.1421 -0.7445 0.6627 -0.0804 0.1073 0 -0.9942 0.6589 0.7488 0.0711 LS60.dat
1 0 -77.484 -36.7505 -15.036 0.8609 0.4933 0.1248 0.1435 -0 -0.9896 0.4882 -0.8699 0.0708 LS60.dat
1 0 -76.8778 -38.1381 -14.9368 -0.9216 -0.1973 0.3342 -0.3409 0 -0.9401 -0.1855 0.9803 0.0673 LS60.dat
1 0 -75.9644 -39.3489 -14.8502 -0.8344 -0.1105 0.54 -0.5433 -0 -0.8396 -0.0928 0.9939 0.0601 LS60.dat
1 0 -74.784 -40.3061 -14.7817 -0.6859 -0.0677 0.7245 -0.7262 0 -0.6875 -0.0466 0.9977 0.0492 LS60.dat
1 0 -73.4137 -40.9614 -14.7348 -0.4986 -0.0412 0.8658 -0.8666 -0 -0.499 -0.0206 0.9992 0.0357 LS60.dat
1 0 -71.9386 -41.3186 -14.7092 -0.3026 -0.0227 0.9528 -0.9531 0 -0.3027 -0.0069 0.9997 0.0217 LS60.dat
1 0 -70.429 -41.4159 -14.7023 -0.1241 -0.0089 0.9922 -0.9923 -0 -0.1241 -0.0011 1 0.0089 LS60.dat
1 0 -68.9299 -41.205 -14.6961 0.0745 -0.0053 0.9972 -0.9972 -0 0.0745 0.0004 1 0.0053 LS60.dat
1 0 -67.4854 -40.7631 -14.6644 0.2395 -0.0176 0.9707 -0.9709 0 0.2395 0.0042 0.9998 0.0171 LS60.dat
1 0 -66.1561 -40.04 -14.6127 0.421 -0.0332 0.9065 -0.907 -0 0.4212 0.014 0.9994 0.0301 LS60.dat
1 0 -65.0126 -39.0464 -14.5417 0.6008 -0.0539 0.7975 -0.7987 -0 0.6017 0.0324 0.9985 0.043 LS60.dat
1 0 -64.1142 -37.827 -14.4544 0.7571 -0.0836 0.648 -0.6503 0 0.7597 0.0635 0.9965 0.0543 LS60.dat
1 0 -63.4956 -36.4454 -14.3556 0.8723 -0.1325 0.4707 -0.4749 0 0.88 0.1166 0.9912 0.0629 LS60.dat
1 0 -63.1729 -34.9686 -14.25 0.9302 -0.2387 0.2787 -0.287 0 0.9579 0.2287 0.9711 0.0685 LS60.dat
1 0 -63.1535 -33.4576 -14.1419 0.7398 -0.6682 0.0792 -0.1064 0 0.9943 0.6644 0.744 0.0711 LS60.dat
1 0 -63.445 -31.9753 -14.0359 -0.8627 -0.4898 -0.126 -0.1445 0 0.9895 0.4847 -0.8718 0.0708 LS60.dat
1 0 -64.0526 -30.5884 -13.9366 0.9214 0.1967 -0.3351 0.3418 0 0.9398 -0.1848 0.9805 0.0672 LS60.dat
1 0 -64.967 -29.3783 -13.8501 0.834 0.1103 -0.5407 0.544 0 0.8391 -0.0926 0.9939 0.06 LS60.dat
1 0 -66.1478 -28.4216 -13.7817 0.6855 0.0676 -0.7249 0.7266 -0 0.6871 -0.0465 0.9977 0.0491 LS60.dat
1 0 -67.5184 -27.7666 -13.7348 0.4984 0.0412 -0.866 0.8667 -0 0.4988 -0.0205 0.9992 0.0357 LS60.dat
1 0 -68.9935 -27.4094 -13.7092 0.3025 0.0227 -0.9529 0.9531 -0 0.3026 -0.0069 0.9997 0.0216 LS60.dat
1 0 -70.5031 -27.3121 -13.7023 0.1241 0.0089 -0.9922 0.9923 -0 0.1241 -0.0011 1 0.0089 LS60.dat
1 0 -72.0022 -27.523 -13.6961 -0.0745 0.0053 -0.9972 0.9972 0 -0.0745 0.0004 1 0.0053 LS60.dat
1 0 -73.4467 -27.9649 -13.6644 -0.2395 0.0176 -0.9707 0.9709 0 -0.2395 0.0042 0.9998 0.0171 LS60.dat
1 0 -74.776 -28.688 -13.6127 -0.421 0.0332 -0.9065 0.907 0 -0.4212 0.014 0.9994 0.0301 LS60.dat
1 0 -75.9195 -29.6816 -13.5417 -0.6008 0.0539 -0.7975 0.7987 0 -0.6017 0.0324 0.9985 0.043 LS60.dat
1 0 -76.8179 -30.901 -13.4544 -0.7571 0.0836 -0.648 0.6503 0 -0.7597 0.0635 0.9965 0.0543 LS60.dat
1 0 -77.4365 -32.2826 -13.3556 -0.8723 0.1325 -0.4707 0.4749 -0 -0.88 0.1166 0.9912 0.0629 LS60.dat
1 0 -77.7592 -33.7594 -13.25 -0.9302 0.2387 -0.2787 0.287 -0 -0.9579 0.2287 0.9711 0.0685 LS60.dat
1 0 -77.7785 -35.2704 -13.1419 -0.7397 0.6682 -0.0792 0.1064 0 -0.9943 0.6644 0.744 0.0711 LS60.dat
1 0 -77.487 -36.7526 -13.0359 0.8627 0.4898 0.126 0.1445 0 -0.9895 0.4847 -0.8718 0.0708 LS60.dat
1 0 -76.8794 -38.1396 -12.9366 -0.9214 -0.1967 0.3352 -0.3418 0 -0.9398 -0.1848 0.9805 0.0672 LS60.dat
1 0 -75.965 -39.3497 -12.8501 -0.834 -0.1103 0.5407 -0.544 0 -0.8391 -0.0926 0.9939 0.06 LS60.dat
1 0 -74.7842 -40.3064 -12.7817 -0.6855 -0.0676 0.7249 -0.7266 -0 -0.6871 -0.0465 0.9977 0.0491 LS60.dat
1 0 -73.4137 -40.9614 -12.7348 -0.4984 -0.0412 0.866 -0.8667 -0 -0.4988 -0.0205 0.9992 0.0357 LS60.dat
1 0 -71.9385 -41.3186 -12.7092 -0.3025 -0.0227 0.9529 -0.9531 -0 -0.3026 -0.0069 0.9997 0.0216 LS60.dat
1 0 -70.4289 -41.4159 -12.7023 -0.1241 -0.0089 0.9922 -0.9923 -0 -0.1241 -0.0011 1 0.0089 LS60.dat
1 0 -68.9299 -41.205 -12.6961 0.0745 -0.0053 0.9972 -0.9972 -0 0.0745 0.0004 1 0.0053 LS60.dat
1 0 -67.4854 -40.7631 -12.6644 0.2395 -0.0176 0.9707 -0.9709 0 0.2395 0.0042 0.9998 0.0171 LS60.dat
1 0 -66.156 -40.04 -12.6127 0.4209 -0.0332 0.9065 -0.907 -0 0.4212 0.014 0.9994 0.0301 LS60.dat
1 0 -65.0126 -39.0464 -12.5417 0.6008 -0.0539 0.7975 -0.7987 -0 0.6017 0.0324 0.9985 0.043 LS60.dat
1 0 -64.1142 -37.827 -12.4544 0.757 -0.0836 0.648 -0.6503 -0 0.7597 0.0635 0.9965 0.0543 LS60.dat
1 0 -63.4956 -36.4454 -12.3556 0.8723 -0.1325 0.4707 -0.4749 0 0.88 0.1166 0.9912 0.0629 LS60.dat
1 0 -63.1729 -34.9686 -12.25 0.9302 -0.2387 0.2787 -0.287 0 0.9579 0.2287 0.9711 0.0685 LS60.dat
1 0 -63.1535 -33.4576 -12.1419 0.7398 -0.6682 0.0792 -0.1064 0 0.9943 0.6644 0.744 0.0711 LS60.dat
1 0 -63.445 -31.9754 -12.0359 -0.8627 -0.4898 -0.126 -0.1445 0 0.9895 0.4847 -0.8718 0.0708 LS60.dat
1 0 -64.0526 -30.5884 -11.9366 0.9214 0.1967 -0.3351 0.3418 0 0.9398 -0.1848 0.9805 0.0672 LS60.dat
1 0 -64.967 -29.3783 -11.8501 0.834 0.1103 -0.5407 0.544 0 0.8391 -0.0926 0.9939 0.06 LS60.dat
1 0 -66.1478 -28.4216 -11.7817 0.6855 0.0676 -0.7249 0.7266 -0 0.6871 -0.0465 0.9977 0.0491 LS60.dat
1 0 -67.5184 -27.7666 -11.7348 0.4984 0.0412 -0.866 0.8667 0 0.4988 -0.0205 0.9992 0.0357 LS60.dat
1 0 -68.9935 -27.4094 -11.7092 0.3025 0.0227 -0.9529 0.9531 0 0.3026 -0.0069 0.9997 0.0216 LS60.dat
1 0 -70.5031 -27.3121 -11.7023 0.1241 0.0089 -0.9922 0.9923 -0 0.1241 -0.0011 1 0.0089 LS60.dat
1 0 -72.0022 -27.523 -11.6961 -0.0745 0.0053 -0.9972 0.9972 0 -0.0745 0.0004 1 0.0053 LS60.dat
1 0 -73.4466 -27.9649 -11.6644 -0.2395 0.0176 -0.9707 0.9709 0 -0.2395 0.0042 0.9998 0.0171 LS60.dat
1 0 -74.776 -28.688 -11.6127 -0.421 0.0332 -0.9065 0.907 0 -0.4212 0.014 0.9994 0.0301 LS60.dat
1 0 -75.9195 -29.6816 -11.5417 -0.6008 0.0539 -0.7975 0.7987 0 -0.6017 0.0324 0.9985 0.043 LS60.dat
1 0 -76.8178 -30.901 -11.4544 -0.7571 0.0836 -0.648 0.6503 -0 -0.7597 0.0635 0.9965 0.0543 LS60.dat
1 0 -77.4365 -32.2826 -11.3556 -0.8723 0.1325 -0.4707 0.4749 0 -0.88 0.1166 0.9912 0.0629 LS60.dat
1 0 -77.7591 -33.7594 -11.25 -0.9302 0.2387 -0.2787 0.287 -0 -0.9579 0.2287 0.9711 0.0685 LS60.dat
1 0 -77.7785 -35.2704 -11.1419 -0.7398 0.6682 -0.0792 0.1064 0 -0.9943 0.6644 0.744 0.0711 LS60.dat
1 0 -77.487 -36.7526 -11.0359 0.8627 0.4898 0.126 0.1445 0 -0.9895 0.4847 -0.8718 0.0708 LS60.dat
