0 FILE Untitled.ldr
0 Untitled
0 Name: Untitled.ldr
0 Author: Rijk van Voorst
0 Unofficial Model
0 ROTATION CENTER 0 0 0 1 "Custom" 
0 ROTATION CONFIG 0 0
1 2 0 0 0 1 0 0 0 1 0 0 0 1 3857.dat
1 15 -310 -24 100 0 0 -1 0 1 0 1 0 0 3009.dat
1 15 -240 -24 150 -1 0 0 0 1 0 0 0 -1 3009.dat
1 15 -100 -24 150 -1 0 0 0 1 0 0 0 -1 3008.dat
1 4 250 -24 80 0 0 1 0 1 0 -1 0 0 3008.dat
1 4 220 -24 30 1 0 0 0 1 0 0 0 1 3004.dat
1 0 -200 -24 20 1 0 0 0 1 0 0 0 1 3001.dat
1 15 220 -8 100 1 0 0 0 1 0 0 0 1 4032a.dat
1 4 100 -24 30 1 0 0 0 1 0 0 0 1 3004.dat
1 4 -20 -24 30 1 0 0 0 1 0 0 0 1 3004.dat
1 4 -50 -24 30 0 0 -1 0 1 0 1 0 0 3622.dat
1 36 -210 -32 30 0 0 -1 0 1 0 1 0 0 4073.dat
1 46 -190 -32 10 0 0 -1 0 1 0 1 0 0 4073.dat
1 15 100 -48 50 -1 0 0 0 1 0 0 0 -1 4864a.dat
1 15 100 -48 70 1 0 0 0 1 0 0 0 1 4864a.dat
1 15 100 -48 110 0 0 -1 0 1 0 1 0 0 4532.dat
1 4 117 -44 86 1 0 0 0 1 0 0 0 1 4533.dat
1 4 250 -48 10 1 0 0 0 1 0 0 0 1 3005.dat
1 4 -50 -48 10 1 0 0 0 1 0 0 0 1 3005.dat
1 4 -50 -48 50 1 0 0 0 1 0 0 0 1 3005.dat
1 4 230 -48 30 1 0 0 0 1 0 0 0 1 3622.dat
1 4 -30 -48 30 1 0 0 0 1 0 0 0 1 3622.dat
1 4 250 -48 100 0 0 -1 0 1 0 1 0 0 3009.dat
1 4 100 -48 30 1 0 0 0 1 0 0 0 1 3004.dat
1 15 -60 -48 150 1 0 0 0 1 0 0 0 1 3010.dat
1 15 -130 -48 150 1 0 0 0 1 0 0 0 1 3622.dat
1 15 -310 -48 110 0 0 -1 0 1 0 1 0 0 3622.dat
1 15 -240 -48 150 -1 0 0 0 1 0 0 0 -1 3008.dat
1 15 -310 -32 60 0 0 1 0 1 0 -1 0 0 3023.dat
1 36 -190 -40 10 0 0 -1 0 1 0 1 0 0 4073.dat
1 46 -210 -40 30 0 0 -1 0 1 0 1 0 0 4073.dat
1 15 -310 -40 50 0 0 -1 0 1 0 1 0 0 4085b.dat
1 15 -310 -40 70 0 0 -1 0 1 0 1 0 0 4085b.dat
1 15 -310 -48 60 0 0 1 0 1 0 -1 0 0 3023.dat
1 15 100 -56 120 0 0 1 0 1 0 -1 0 0 3022.dat
1 15 100 -56 70 0 0 1 0 1 0 -1 0 0 3021.dat
1 15 220 -56 100 0 0 1 0 1 0 -1 0 0 4345a.dat
1 15 220 -56 100 0 0 1 0 1 0 -1 0 0 4346.dat
1 4 220 -72 30 1 0 0 0 1 0 0 0 1 3004.dat
1 4 -20 -72 30 1 0 0 0 1 0 0 0 1 3004.dat
1 4 -30 -72 150 1 0 0 0 1 0 0 0 1 3005.dat
1 4 -210 -72 150 1 0 0 0 1 0 0 0 1 3005.dat
1 15 220 -72 150 1 0 0 0 1 0 0 0 1 2362a.dat
1 15 220 -72 130 -1 0 0 0 1 0 0 0 -1 2362a.dat
1 0 -170 -72 20 0 0 1 0 1 0 -1 0 0 4864a.dat
1 0 -230 -72 20 0 0 -1 0 1 0 1 0 0 4864a.dat
1 14 -50 -72 30 0 0 1 0 1 0 -1 0 0 3038.dat
1 14 250 -72 80 0 0 -1 0 1 0 1 0 0 4445.dat
1 4 90 -80 50 1 0 0 0 1 0 0 0 1 4599a.dat
1 1 110 -80 50 1 0 0 0 1 0 0 0 1 4599a.dat
1 4 -210 -96 150 1 0 0 0 1 0 0 0 1 3005.dat
1 4 -30 -96 150 1 0 0 0 1 0 0 0 1 3005.dat
1 0 -200 -96 30 1 0 0 0 1 0 0 0 1 4861.dat
1 14 -30 -96 30 0 0 1 0 1 0 -1 0 0 3038.dat
1 4 -10 -96 30 1 0 0 0 1 0 0 0 1 3005.dat
1 4 210 -96 30 1 0 0 0 1 0 0 0 1 3005.dat
1 4 100 -72 30 1 0 0 0 1 0 0 0 1 3004.dat
1 4 100 -96 30 1 0 0 0 1 0 0 0 1 3004.dat
1 14 230 -96 140 0 0 -1 0 1 0 1 0 0 3039.dat
1 14 230 -96 20 0 0 -1 0 1 0 1 0 0 3039.dat
1 15 210 -96 140 0 0 1 0 1 0 -1 0 0 3004p06.dat
1 15 100 -64 110 1 0 0 0 1 0 0 0 1 3023.dat
1 15 110 -72 110 1 0 0 0 1 0 0 0 1 3024.dat
1 15 110 -96 110 1 0 0 0 1 0 0 0 1 3062b.dat
1 47 90 -88 110 0 0 -1 0 1 0 1 0 0 3899.dat
1 15 100 -104 110 -1 0 0 0 1 0 0 0 -1 2412a.dat
1 0 210 -74 90 0 0 -1 0 -1 0 -1 0 0 4528.dat
1 0 210 -80 90 0 0 -1 0 1 0 1 0 0 4529.dat
1 4 -210 -120 150 1 0 0 0 1 0 0 0 1 3005.dat
1 4 -30 -120 50 1 0 0 0 1 0 0 0 1 3005.dat
1 4 -30 -120 150 0 0 -1 0 1 0 1 0 0 2341.dat
1 14 210 -120 20 0 0 -1 0 1 0 1 0 0 3039.dat
1 14 210 -120 140 0 0 -1 0 1 0 1 0 0 3039.dat
1 14 -10 -120 20 0 0 1 0 1 0 -1 0 0 3039.dat
1 0 -200 -120 30 -1 0 0 0 1 0 0 0 -1 3660.dat
1 15 70 -120 30 0 0 -1 0 1 0 1 0 0 3861.dat
1 15 160 -120 30 1 0 0 0 1 0 0 0 1 4347c01.dat
1 4 100 -120 30 1 0 0 0 1 0 0 0 1 3700.dat
1 15 100 -110 20 1 0 0 0 0 1 0 -1 0 4740.dat
1 15 100 -110 40 -1 0 0 0 0 1 0 1 0 4740.dat
1 46 100 -110 48 -1 0 0 0 0 1 0 1 0 4073.dat
1 46 100 -110 12 1 0 0 0 0 1 0 -1 0 4073.dat
1 14 190 -144 20 0 0 -1 0 1 0 1 0 0 3039.dat
1 14 190 -144 140 0 0 -1 0 1 0 1 0 0 3039.dat
1 14 10 -144 80 0 0 1 0 1 0 -1 0 0 4445.dat
1 4 100 -144 30 1 0 0 0 1 0 0 0 1 3008.dat
1 15 190 -144 80 0 0 -1 0 1 0 1 0 0 4447.dat
1 47 190 -144 80 0 0 -1 0 1 0 1 0 0 4448.dat
1 14 170 -168 80 0 0 -1 0 1 0 1 0 0 4445.dat
1 14 30 -168 80 0 0 1 0 1 0 -1 0 0 4445.dat
1 4 -120 -128 100 1 0 0 0 1 0 0 0 1 3033.dat
1 4 60 -168 30 1 0 0 0 1 0 0 0 1 3004.dat
1 4 140 -168 30 1 0 0 0 1 0 0 0 1 3004.dat
1 0 -200 -144 30 1 0 0 0 1 0 0 0 1 3004.dat
1 0 -200 -168 30 1 0 0 0 1 0 0 0 1 3004.dat
1 0 -200 -192 30 1 0 0 0 1 0 0 0 1 3004.dat
1 0 -200 -216 30 1 0 0 0 1 0 0 0 1 3004.dat
1 14 150 -192 80 0 0 -1 0 1 0 1 0 0 4445.dat
1 14 50 -192 80 0 0 1 0 1 0 -1 0 0 4445.dat
1 4 70 -192 30 0 0 1 0 1 0 -1 0 0 3005.dat
1 4 130 -192 30 0 0 1 0 1 0 -1 0 0 3005.dat
1 15 100 -192 30 1 0 0 0 1 0 0 0 1 3081cc01.dat
1 14 130 -216 80 0 0 -1 0 1 0 1 0 0 4445.dat
1 14 70 -216 80 0 0 1 0 1 0 -1 0 0 4445.dat
1 4 100 -216 30 1 0 0 0 1 0 0 0 1 3004.dat
1 0 -200 -224 30 1 0 0 0 1 0 0 0 1 3794a.dat
1 15 -220 -8 -140 1 0 0 0 1 0 0 0 1 4032a.dat
1 15 -220 -8 -80 1 0 0 0 1 0 0 0 1 4032a.dat
1 15 -60 -8 -80 1 0 0 0 1 0 0 0 1 4032a.dat
1 15 -60 -8 -140 1 0 0 0 1 0 0 0 1 4032a.dat
1 15 -140 -24 -100 1 0 0 0 1 0 0 0 1 3003.dat
1 14 90 -240 80 0 0 1 0 1 0 -1 0 0 4445.dat
1 14 110 -240 80 0 0 -1 0 1 0 1 0 0 4445.dat
1 15 -140 -32 -100 0 0 -1 0 1 0 1 0 0 3031.dat
1 15 -220 -16 -80 0 0 -1 0 1 0 1 0 0 4079.dat
1 15 -220 -16 -140 0 0 -1 0 1 0 1 0 0 4079.dat
1 15 -60 -16 -140 0 0 1 0 1 0 -1 0 0 4079.dat
1 15 -60 -16 -80 0 0 1 0 1 0 -1 0 0 4079.dat
1 0 -200 -248 30 0 0 1 0 1 0 -1 0 0 3300.dat
1 14 100 -264 40 0 0 1 0 1 0 -1 0 0 3041.dat
1 14 100 -264 120 0 0 1 0 1 0 -1 0 0 3041.dat
1 8 -260 -48 120 1 0 0 0 1 0 0 0 1 2439.dat
1 8 -260 -56 120 1 0 0 0 1 0 0 0 1 4740.dat
1 15 210 -12 -10 -0.707107 0 -0.707107 0 1 0 0.707107 0 -0.707107 3741ac01.dat
1 15 -30 -12 -10 -0.707107 0 -0.707107 0 1 0 0.707107 0 -0.707107 3741ac01.dat
1 4 -290 -12 -110 -0.707107 0 -0.707107 0 1 0 0.707107 0 -0.707107 3741ac01.dat
1 4 -290 -12 -50 -0.707107 0 -0.707107 0 1 0 0.707107 0 -0.707107 3741ac01.dat
1 4 -140 -40 -100 0 0 -1 0 1 0 1 0 0 3957a.dat
1 15 -140 -132 -100 0 0 -1 0 1 0 1 0 0 3960p06.dat
1 2 240 -8 -120 0 0 -1 0 1 0 1 0 0 2435.dat
1 2 280 -8 -80 0 0 -1 0 1 0 1 0 0 3471.dat
1 2 -180 -28 -310 0 0 1 0 1 0 -1 0 0 Camper.ldr
1 2 -430 -20 -240 0.707107 0 -0.707107 0 1 0 0.707107 0 0.707107 Car.ldr
1 6 -290 -4 70 -0.707107 0 0.707107 0 -1 0 0.707107 0 0.707107 3836.dat
1 0 -290 -48 50 0 0 -1 0 -1 0 -1 0 0 3837.dat
1 0 -60 -80 -80 0 0 1 0 1 0 -1 0 0 Minifig4.ldr
1 0 -220 -80 -80 0 0 -1 0 1 0 1 0 0 Minifig1.ldr
1 0 -220 -80 -140 0 0 -1 0 1 0 1 0 0 Minifig2.ldr
1 0 30 -72 -80 0 0 1 0 1 0 -1 0 0 Minifig3.ldr
0
0 FILE Car.ldr
0 New Model
0 Name: Car.ldr
0 Author: Rijk van Voorst
0 Unofficial Model
0 ROTATION CENTER 0 0 0 1 "Custom" 
0 ROTATION CONFIG 0 0
1 0 0 0 0 1 0 0 0 1 0 0 0 1 2441.dat
1 15 -30 0 0 0 0 -1 0 1 0 1 0 0 3623.dat
1 15 30 0 0 0 0 -1 0 1 0 1 0 0 3623.dat
1 4 0 -8 -50 0 0 -1 0 1 0 1 0 0 3022.dat
1 4 0 -8 50 0 0 -1 0 1 0 1 0 0 3022.dat
1 4 0 0 -20 1 0 0 0 1 0 0 0 1 3829c01.dat
1 4 0 -24 -50 1 0 0 0 1 0 0 0 1 3788.dat
1 4 0 -24 50 1 0 0 0 1 0 0 0 1 3788.dat
1 4 30 -24 -20 1 0 0 0 1 0 0 0 1 3822.dat
1 4 -30 -24 -20 1 0 0 0 1 0 0 0 1 3821.dat
1 4 0 -24 -60 1 0 0 0 1 0 0 0 1 2436a.dat
1 4 0 -24 60 -1 0 0 0 1 0 0 0 -1 2436a.dat
1 0 0 -14 -82 -1 0 0 0 0 1 0 1 0 2412a.dat
1 47 -30 -14 -82 -1 0 0 0 0 1 0 1 0 3024.dat
1 47 30 -14 -82 -1 0 0 0 0 1 0 1 0 3024.dat
1 36 30 -14 82 1 0 0 0 0 1 0 -1 0 3024.dat
1 36 -30 -14 82 1 0 0 0 0 1 0 -1 0 3024.dat
1 47 0 -72 -20 1 0 0 0 1 0 0 0 1 3823.dat
1 47 0 -72 40 -1 0 0 0 1 0 0 0 -1 4594.dat
1 15 0 -80 -20 -1 0 0 0 1 0 0 0 -1 4315.dat
1 15 0 -80 30 -1 0 0 0 1 0 0 0 -1 4213.dat
1 15 -30 5 -50 0 0 1 0 1 0 -1 0 0 4624.dat
1 15 -30 5 50 0 0 1 0 1 0 -1 0 0 4624.dat
1 15 30 5 50 0 0 -1 0 1 0 1 0 0 4624.dat
1 15 30 5 -50 0 0 -1 0 1 0 1 0 0 4624.dat
1 0 30 5 -50 0 0 -1 0 1 0 1 0 0 3641.dat
1 0 30 5 50 0 0 -1 0 1 0 1 0 0 3641.dat
1 0 -30 5 50 0 0 -1 0 1 0 1 0 0 3641.dat
1 0 -30 5 -50 0 0 -1 0 1 0 1 0 0 3641.dat
0
0 FILE Camper.ldr
0 New Model
0 Name: Camper.ldr
0 Author: Rijk van Voorst
0 Unofficial Model
0 ROTATION CENTER 0 0 0 1 "Custom" 
0 ROTATION CONFIG 0 0
1 0 0 0 0 0 0 -1 0 1 0 1 0 0 3832.dat
1 1 0 -8 50 -1 0 0 0 1 0 0 0 -1 3023.dat
1 1 0 -8 10 -1 0 0 0 1 0 0 0 -1 3710.dat
1 1 0 -16 80 -1 0 0 0 1 0 0 0 -1 4211.dat
1 1 0 -16 -60 1 0 0 0 1 0 0 0 1 4211.dat
1 1 -30 -16 -90 1 0 0 0 1 0 0 0 1 3024.dat
1 1 30 -16 -90 1 0 0 0 1 0 0 0 1 3024.dat
1 1 30 -16 50 1 0 0 0 1 0 0 0 1 3024.dat
1 1 -30 -16 50 1 0 0 0 1 0 0 0 1 3024.dat
1 1 -30 -16 0 0 0 -1 0 1 0 1 0 0 3710.dat
1 1 30 -16 0 0 0 -1 0 1 0 1 0 0 3710.dat
1 1 0 -16 120 -1 0 0 0 1 0 0 0 -1 3020.dat
1 1 0 -8 130 -1 0 0 0 1 0 0 0 -1 3023.dat
1 36 -30 -8 130 -1 0 0 0 1 0 0 0 -1 3024.dat
1 36 30 -8 130 -1 0 0 0 1 0 0 0 -1 3024.dat
1 1 0 -16 -90 1 0 0 0 1 0 0 0 1 2436a.dat
1 0 0 -6 -112 1 0 0 0 0 -1 0 1 0 2412a.dat
1 47 -30 -6 -112 1 0 0 0 0 -1 0 1 0 3024.dat
1 47 30 -6 -112 1 0 0 0 0 -1 0 1 0 3024.dat
1 15 -30 0 -90 1 0 0 0 1 0 0 0 1 3024.dat
1 15 30 0 -90 1 0 0 0 1 0 0 0 1 3024.dat
1 15 30 0 -30 1 0 0 0 1 0 0 0 1 3024.dat
1 15 -30 0 -30 1 0 0 0 1 0 0 0 1 3024.dat
1 15 -30 0 20 0 0 -1 0 1 0 1 0 0 3710.dat
1 15 30 0 20 0 0 -1 0 1 0 1 0 0 3710.dat
1 15 30 0 120 0 0 -1 0 1 0 1 0 0 3023.dat
1 15 -30 0 120 0 0 -1 0 1 0 1 0 0 3023.dat
1 0 0 8 80 -1 0 0 0 1 0 0 0 -1 4600.dat
1 0 0 8 -60 -1 0 0 0 1 0 0 0 -1 4600.dat
1 0 0 0 120 -1 0 0 0 1 0 0 0 -1 3730.dat
1 15 -30 -24 0 0 0 1 0 1 0 -1 0 0 3023.dat
1 15 30 -24 60 0 0 1 0 1 0 -1 0 0 3460.dat
1 15 0 -24 120 0 0 1 0 1 0 -1 0 0 3022.dat
1 15 -30 -24 -90 1 0 0 0 1 0 0 0 1 2420.dat
1 15 30 -24 -90 0 0 -1 0 1 0 1 0 0 2420.dat
1 15 -30 -24 40 0 0 -1 0 1 0 1 0 0 3069b.dat
1 15 -30 -24 100 0 0 -1 0 1 0 1 0 0 2431.dat
1 15 -30 -32 0 0 0 1 0 1 0 -1 0 0 3023.dat
1 15 30 -32 -70 0 0 1 0 1 0 -1 0 0 3024.dat
1 15 -30 -32 -70 0 0 1 0 1 0 -1 0 0 3024.dat
1 15 30 -32 10 0 0 1 0 1 0 -1 0 0 3623.dat
1 15 10 -32 130 1 0 0 0 1 0 0 0 1 3623.dat
1 15 0 -32 -90 1 0 0 0 1 0 0 0 1 3710.dat
1 15 30 -32 80 0 0 -1 0 1 0 1 0 0 3710.dat
1 4 0 -32 90 0 0 -1 0 1 0 1 0 0 3021.dat
1 15 -30 -32 80 0 0 -1 0 1 0 1 0 0 3666.dat
1 15 -20 -40 140 0 0 -1 0 1 0 1 0 0 2429.dat
1 15 -20 -40 140 0 0 1 0 1 0 -1 0 0 2430.dat
1 15 20 -40 120 0 0 1 0 1 0 -1 0 0 3022.dat
1 1 0 -16 -70 1 0 0 0 1 0 0 0 1 3829c01.dat
1 4 0 -8 -40 1 0 0 0 1 0 0 0 1 4079.dat
1 4 0 -16 40 -1 0 0 0 1 0 0 0 -1 4079.dat
1 47 0 -56 80 -1 0 0 0 1 0 0 0 -1 3899.dat
1 14 10 -64 110 -0.707107 0 -0.707107 0 1 0 0.707107 0 -0.707107 4599a.dat
1 15 -30 -40 -80 0 0 -1 0 1 0 1 0 0 3069b.dat
1 15 30 -40 -80 0 0 -1 0 1 0 1 0 0 3069b.dat
1 15 0 -40 -90 -1 0 0 0 1 0 0 0 -1 3069b.dat
1 15 -30 -40 -40 0 0 -1 0 1 0 1 0 0 4865a.dat
1 15 30 -40 -40 0 0 1 0 1 0 -1 0 0 4865a.dat
1 15 -30 -64 120 0 0 1 0 1 0 -1 0 0 3004.dat
1 15 30 -64 120 0 0 1 0 1 0 -1 0 0 3004.dat
1 15 30 -88 120 0 0 1 0 1 0 -1 0 0 3004.dat
1 15 -30 -88 120 0 0 1 0 1 0 -1 0 0 3004.dat
1 15 0 -88 130 -1 0 0 0 1 0 0 0 -1 2377.dat
1 47 0 -88 130 -1 0 0 0 1 0 0 0 -1 4862.dat
1 15 30 -96 130 -1 0 0 0 1 0 0 0 -1 2420.dat
1 15 -20 -96 140 0 0 1 0 1 0 -1 0 0 2430.dat
1 15 -20 -96 140 0 0 -1 0 1 0 1 0 0 2429.dat
1 15 -30 -104 0 0 0 -1 0 1 0 1 0 0 2362a.dat
1 15 30 -104 0 0 0 1 0 1 0 -1 0 0 2362a.dat
1 15 -30 -104 60 0 0 1 0 1 0 -1 0 0 4033.dat
1 15 30 -104 60 0 0 -1 0 1 0 1 0 0 4033.dat
1 47 -37.5 -104 60 0 0 -1 0 1 0 1 0 0 3855.dat
1 47 37.5 -104 60 0 0 1 0 1 0 -1 0 0 3855.dat
1 15 -30 -104 120 0 0 1 0 1 0 -1 0 0 3023.dat
1 15 0 -104 130 1 0 0 0 1 0 0 0 1 3023.dat
1 15 30 -104 110 1 0 0 0 1 0 0 0 1 3024.dat
1 15 30 -104 130 -1 0 0 0 1 0 0 0 -1 4085b.dat
1 1 -30 -112 0 0 0 1 0 1 0 -1 0 0 3023.dat
1 1 0 -112 130 1 0 0 0 1 0 0 0 1 3023.dat
1 1 -30 -112 80 0 0 1 0 1 0 -1 0 0 3666.dat
1 1 30 -112 110 0 0 1 0 1 0 -1 0 0 3623.dat
1 1 30 -112 20 0 0 1 0 1 0 -1 0 0 3710.dat
1 4 -10 -120 110 0 0 1 0 1 0 -1 0 0 3062b.dat
1 1 30 -112 70 0 0 1 0 1 0 -1 0 0 4081b.dat
1 46 10 -110 82 0 0 1 -1 0 0 0 -1 0 4073.dat
1 46 10 -110 58 0 0 -1 -1 0 0 0 1 0 4073.dat
1 15 30 -120 110 0 0 -1 0 1 0 1 0 0 3024.dat
1 15 -30 -120 120 0 0 -1 0 1 0 1 0 0 3023.dat
1 15 10 -120 130 -1 0 0 0 1 0 0 0 -1 3623.dat
1 15 -30 -120 60 0 0 1 0 1 0 -1 0 0 2431.dat
1 15 0 -120 -10 1 0 0 0 1 0 0 0 1 2431.dat
1 47 0 -88 -70 1 0 0 0 1 0 0 0 1 3823.dat
1 15 0 -120 -50 1 0 0 0 1 0 0 0 1 4866.dat
1 15 0 -128 -20 1 0 0 0 1 0 0 0 1 4213.dat
1 15 0 -120 10 1 0 0 0 1 0 0 0 1 4625.dat
1 15 30 -120 60 0 0 1 0 1 0 -1 0 0 4625.dat
1 15 -30 -128 120 0 0 -1 0 1 0 1 0 0 3023.dat
1 15 0 -128 60 0 0 1 0 1 0 -1 0 0 2349a.dat
1 47 -17 -124 60 0 0 1 0 1 0 -1 0 0 2348a.dat
1 15 10 -128 120 1 0 0 0 1 0 0 0 1 3021.dat
1 15 -30 13 -60 0 0 1 0 1 0 -1 0 0 4624.dat
1 15 -30 13 80 0 0 1 0 1 0 -1 0 0 4624.dat
1 15 30 13 80 0 0 -1 0 1 0 1 0 0 4624.dat
1 15 30 13 -60 0 0 -1 0 1 0 1 0 0 4624.dat
1 0 30 13 -60 0 0 -1 0 1 0 1 0 0 3641.dat
1 0 30 13 80 0 0 -1 0 1 0 1 0 0 3641.dat
1 0 -30 13 80 0 0 -1 0 1 0 1 0 0 3641.dat
1 0 -30 13 -60 0 0 -1 0 1 0 1 0 0 3641.dat
1 0 0 -136 110 -1 0 0 0 1 0 0 0 -1 2412a.dat
1 15 10 -136 -30 1 0 0 0 1 0 0 0 1 4592c01.dat
1 4 38.294 -39.913 149.268 -0.0871557 -0.979513 0.181542 0 0.182236 0.983255 -0.996195 0.0856963 -0.0158829 4719c01.dat
0 
1 15 0 8 272 1 0 0 0 1 0 0 0 1 Trailer.ldr
0
0 FILE Trailer.ldr
0 New Model
0 Name: Trailer.ldr
0 Author: Rijk van Voorst
0 Unofficial Model
0 ROTATION CENTER 0 0 0 1 "Custom" 
0 ROTATION CONFIG 0 0
1 1 0 0 0 0 0 -1 0 1 0 1 0 0 3020.dat
1 1 -10 0 -60 0 0 1 0 1 0 -1 0 0 4276b.dat
1 1 10 0 -60 0 0 1 0 1 0 -1 0 0 4276b.dat
1 15 0 4 -90 1 0 0 0 1 0 0 0 1 4715.dat
1 1 0 -8 -80 1 0 0 0 1 0 0 0 1 3731.dat
1 1 0 -8 -40 1 0 0 0 1 0 0 0 1 3022.dat
1 1 0 -8 40 1 0 0 0 1 0 0 0 1 3022.dat
1 1 0 -8 0 1 0 0 0 1 0 0 0 1 4859.dat
1 1 0 -8 100 0 0 -1 0 1 0 1 0 0 3020.dat
1 0 0 0 60 -1 0 0 0 1 0 0 0 -1 4600.dat
1 1 -10 0 90 0 0 1 0 1 0 -1 0 0 4081b.dat
1 1 10 0 90 0 0 -1 0 1 0 1 0 0 4081b.dat
1 36 -30 2 102 0 0 -1 1 0 0 0 -1 0 4073.dat
1 36 30 2 102 0 0 -1 1 0 0 0 -1 0 4073.dat
1 15 -10 -16 120 0 0 -1 0 1 0 1 0 0 3794a.dat
1 15 10 -16 120 0 0 -1 0 1 0 1 0 0 3794a.dat
1 15 0 -16 90 -1 0 0 0 1 0 0 0 -1 3023.dat
1 15 0 -24 60 -1 0 0 0 1 0 0 0 -1 3787.dat
1 15 0 -16 -20 0 0 1 0 1 0 -1 0 0 3795.dat
1 15 0 -15.999 -90 -1 0 0 0 1 0 0 0 -1 2342.dat
1 15 0 -24 120 -1 0 0 0 1 0 0 0 -1 3794a.dat
1 15 0 -24 10 -1 0 0 0 1 0 0 0 -1 3794a.dat
1 0 0 -55.627 -81.611 1 0 0 0 0.92881 0.370557 0 -0.370557 0.92881 4592c01.dat
1 0 18.071 -40.001 -89.899 0 -1 0 0.999848 0 -0.0174524 0.0174524 0 0.999848 4073.dat
1 0 -17.929 -40.001 -89.899 0 1 0 0.999848 0 -0.0174524 -0.0174524 0 -0.999848 4073.dat
0 
1 15 30 5 60 0 0 -1 0 1 0 1 0 0 4624.dat
1 0 30 5 60 0 0 -1 0 1 0 1 0 0 3641.dat
1 15 -30 5 60 0 0 1 0 1 0 -1 0 0 4624.dat
1 0 -30 5 60 0 0 1 0 1 0 -1 0 0 3641.dat
1 0 0 -48 40 1 0 0 0 1 0 0 0 1 Boat.ldr
0
0 FILE Boat.ldr
0 New Model
0 Name: Boat.ldr
0 Author: Rijk van Voorst
0 Unofficial Model
0 ROTATION CENTER 0 0 0 1 "Custom" 
0 ROTATION CONFIG 0 0
1 4 0 0 0 0 0 -1 0 1 0 1 0 0 4871.dat
1 15 0 8 -20 0 0 -1 0 1 0 1 0 0 3022.dat
1 4 0 0 -30 1 0 0 0 1 0 0 0 1 4855.dat
1 4 0 0 60 0 0 -1 0 1 0 1 0 0 4854.dat
1 15 0 0 -10 1 0 0 0 1 0 0 0 1 3829c01.dat
1 15 0 -8 50 -1 0 0 0 1 0 0 0 -1 4865a.dat
1 15 -30 -8 90 -1 0 0 0 1 0 0 0 -1 3024.dat
1 15 30 -8 90 -1 0 0 0 1 0 0 0 -1 3024.dat
1 15 -30 -8 20 0 0 1 0 1 0 -1 0 0 3666.dat
1 15 30 -8 20 0 0 1 0 1 0 -1 0 0 3666.dat
1 15 0 -8 -80 1 0 0 0 1 0 0 0 1 4859.dat
1 15 0 -8 90 1 0 0 0 1 0 0 0 1 3937.dat
1 15 0 -5.071 82.929 1 0 0 0 0.707107 -0.707107 0 0.707107 0.707107 3938.dat
1 4 0 -16 -80 1 0 0 0 1 0 0 0 1 4859.dat
1 4 -30 -16 0 0 0 -1 0 1 0 1 0 0 3710.dat
1 4 30 -16 0 0 0 -1 0 1 0 1 0 0 3710.dat
1 4 -30 -16 70 0 0 -1 0 1 0 1 0 0 3623.dat
1 4 30 -16 70 0 0 -1 0 1 0 1 0 0 3623.dat
1 15 0 -10.728 77.272 -1 0 0 0 0.707107 0.707107 0 0.707107 -0.707107 3794a.dat
1 15 0 -16 -40 -1 0 0 0 1 0 0 0 -1 3003.dat
1 15 0 -30.527 85.757 0 0 1 0.707107 0.707107 0 -0.707107 0.707107 0 3623.dat
1 1 0 -43.255 87.172 0 0 1 0.707107 0.707107 0 -0.707107 0.707107 0 3023.dat
1 15 0 -48.912 81.515 0 0 1 0.707107 0.707107 0 -0.707107 0.707107 0 3023.dat
1 15 0 -54.569 75.858 0 0 1 0.707107 0.707107 0 -0.707107 0.707107 0 2412a.dat
1 15 0 -39.012 105.556 0 0 1 0.707107 0.707107 0 -0.707107 0.707107 0 3062b.dat
1 7 0 -22.042 122.527 -1 0 0 0 0.707107 0.707107 0 0.707107 -0.707107 4081b.dat
1 43 0 -48 -10 1 0 0 0 1 0 0 0 1 2437.dat
0 
0 
0
0 FILE Minifig1.ldr
0 New Minifig Model
0 Name: Minifig1.ldr
0 Author: Rijk van Voorst
0 Unofficial Model
0 ROTATION CENTER 0 0 0 1 "Custom" 
0 ROTATION CONFIG 0 0
1 0 0 -12.873 12.152 1 0 0 0 0.998135 0.0610485 0 -0.0610485 0.998135 3901.dat
1 14 0 -12.873 12.152 1 0 0 0 0.998135 0.0610485 0 -0.0610485 0.998135 3626ap01.dat
1 15 0 11.081 10.688 1 0 0 0 0.998135 0.0610485 0 -0.0610485 0.998135 973p01.dat
1 4 0 43.022 8.728 1 0 0 0 0.998135 0.0610485 0 -0.0610485 0.998135 3815.dat
1 4 -15.552 20.065 10.14 0.985 -0.159748 -0.0581434 0.169683 0.902991 0.393628 -0.0103783 -0.397889 0.917373 3818.dat
1 4 15.552 20.065 10.14 0.985 0.159748 0.0581434 -0.169683 0.902991 0.393628 0.0103783 -0.397889 0.917373 3819.dat
1 14 -23.071 32.061 -6.742 0.985 -0.154049 0.0718343 0.169683 0.91671 -0.360119 -0.0103783 0.367276 0.92989 3820.dat
1 14 23.071 32.061 -6.742 0.985 0.154049 -0.0718343 -0.169683 0.91671 -0.360119 0.0103783 0.367276 0.92989 3820.dat
1 4 0 55 8 1 0 0 0 0 1 0 -1 0 3816.dat
1 4 0 55 8 1 0 0 0 0 1 0 -1 0 3817.dat
0
0 FILE Minifig2.ldr
0 New Minifig Model
0 Name: Minifig2.ldr
0 Author: Rijk van Voorst
0 Unofficial Model
0 New Minifig Model
0 Name: Minifig1.ldr
0 Author: Rijk van Voorst
0 Unofficial Model
0 ROTATION CENTER 0 0 0 1 "Custom" 
0 ROTATION CONFIG 0 0
1 0 0 -12.873 12.152 1 0 0 0 0.998135 0.0610485 0 -0.0610485 0.998135 3901.dat
1 14 0 -12.873 12.152 1 0 0 0 0.998135 0.0610485 0 -0.0610485 0.998135 3626ap01.dat
1 15 0 11.081 10.688 1 0 0 0 0.998135 0.0610485 0 -0.0610485 0.998135 973p1d.dat
1 1 0 43.022 8.728 1 0 0 0 0.998135 0.0610485 0 -0.0610485 0.998135 3815.dat
1 15 -15.552 20.065 10.14 0.985 -0.159748 -0.0581434 0.169683 0.902991 0.393628 -0.0103783 -0.397889 0.917373 3818.dat
1 15 15.552 20.065 10.14 0.985 0.159748 0.0581434 -0.169683 0.902991 0.393628 0.0103783 -0.397889 0.917373 3819.dat
1 14 -23.071 32.061 -6.742 0.985 -0.154049 0.0718343 0.169683 0.91671 -0.360119 -0.0103783 0.367276 0.92989 3820.dat
1 14 23.071 32.061 -6.742 0.985 0.154049 -0.0718343 -0.169683 0.91671 -0.360119 0.0103783 0.367276 0.92989 3820.dat
1 1 0 55 8 1 0 0 0 0 1 0 -1 0 3816.dat
1 1 0 55 8 1 0 0 0 0 1 0 -1 0 3817.dat
0
0 FILE Minifig4.ldr
0 New Minifig Model
0 Name: Minifig4.ldr
0 Author: Rijk van Voorst
0 Unofficial Model
0 New Minifig Model
0 Name: Minifig2.ldr
0 Author: Rijk van Voorst
0 Unofficial Model
0 New Minifig Model
0 Name: Minifig1.ldr
0 Author: Rijk van Voorst
0 Unofficial Model
0 ROTATION CENTER 0 0 0 1 "Custom" 
0 ROTATION CONFIG 0 0
1 0 0 -12.873 12.152 1 0 0 0 0.998135 0.0610485 0 -0.0610485 0.998135 4530.dat
1 14 0 -12.873 12.152 1 0 0 0 0.998135 0.0610485 0 -0.0610485 0.998135 3626ap01.dat
1 15 0 11.081 10.688 1 0 0 0 0.998135 0.0610485 0 -0.0610485 0.998135 973p71.dat
1 15 0 43.022 8.728 1 0 0 0 0.998135 0.0610485 0 -0.0610485 0.998135 3815.dat
1 15 -15.552 20.065 10.14 0.985 -0.159748 -0.0581434 0.169683 0.902991 0.393628 -0.0103783 -0.397889 0.917373 3818.dat
1 15 15.552 20.065 10.14 0.985 0.159748 0.0581434 -0.169683 0.902991 0.393628 0.0103783 -0.397889 0.917373 3819.dat
1 14 -23.071 32.061 -6.742 0.985 -0.154049 0.0718343 0.169683 0.91671 -0.360119 -0.0103783 0.367276 0.92989 3820.dat
1 14 23.071 32.061 -6.742 0.985 0.154049 -0.0718343 -0.169683 0.91671 -0.360119 0.0103783 0.367276 0.92989 3820.dat
1 15 0 55 8 1 0 0 0 0 1 0 -1 0 3816.dat
1 15 0 55 8 1 0 0 0 0 1 0 -1 0 3817.dat
0 
0
0 FILE Minifig3.ldr
0 New Minifig Model
0 Name: Minifig3.ldr
0 Author: Rijk van Voorst
0 Unofficial Model
0 
0 ROTATION CENTER 0 0 0 1 "Custom" 
0 ROTATION CONFIG 0 0
1 0 0 -23.066 11.225 1 0 0 0 0.986286 0.165048 0 -0.165048 0.986286 4530.dat
1 14 0 -23.066 11.225 1 0 0 0 0.986286 0.165048 0 -0.165048 0.986286 3626ap01.dat
1 15 0 0.601 7.264 1 0 0 0 0.986286 0.165048 0 -0.165048 0.986286 973p1e.dat
1 15 0 32.164 1.976 1 0 0 0 0.986286 0.165048 0 -0.165048 0.986286 3815.dat
1 4 -15.552 9.481 5.779 0.985 -0.109274 -0.130228 0.167669 0.498029 0.850296 -0.0280581 -0.860038 0.509435 3818.dat
1 4 15.552 9.481 5.779 0.985 0.130228 0.109274 -0.167669 0.638115 0.750896 0.0280581 -0.758509 0.651039 3819.dat
1 14 -21.38 9.176 -15.469 0.999439 0.0042884 -0.0148142 -0.000411557 0.967899 0.249053 0.0154114 -0.248983 0.968217 3820.dat
1 14 21.989 12.831 -15.026 0.995262 -0.0913789 -0.0148142 0.0922129 0.991965 0.0797365 0.00743662 -0.0806543 0.996551 3820.dat
1 47 24.52 -13.403 -28.232 0.995262 -0.0922226 0.00774389 0.0922129 0.981502 -0.162711 0.00743662 0.162931 0.986173 2343.dat
1 15 0 44 0 1 0 0 0 1 0 0 0 1 3816.dat
1 15 0 44 0 1 0 0 0 1 0 0 0 1 3817.dat
1 15 -21.25 -4.5 -39.142 0.707107 0 -0.707107 0 1 0 0.707107 0 0.707107 4032a.dat
1 47 -7.108 -44.5 -39.142 0.707107 0 -0.707107 0 1 0 0.707107 0 0.707107 2343.dat
1 47 -21.25 -44.5 -53.284 0.707107 0 -0.707107 0 1 0 0.707107 0 0.707107 2343.dat
1 47 -35.392 -44.5 -39.142 0.707107 0 -0.707107 0 1 0 0.707107 0 0.707107 2343.dat
0
0
