0 Untitled
0 Name: 6389-1.ldr
0 Author: Strikeman
0 Reproduction of official Model 6389-1
0 ROTATION CENTER 0 0 0 1 "Custom" 
0 ROTATION CONFIG 0 0
1 0 -200 -35.161 -122.83 0 0 -1 0 1 0 1 0 0 2817.dat
1 0 -320 -35.161 -122.83 0 0 -1 0 1 0 1 0 0 2817.dat
1 0 -260 -43.161 -122.83 1 0 0 0 1 0 0 0 1 3034.dat
1 15 -260 -51.161 -122.83 0 0 -1 0 1 0 1 0 0 3020.dat
1 7 -320 -25.161 -102.83 0 0 -1 0 1 0 1 0 0 3749.dat
1 7 -200 -25.161 -102.83 0 0 -1 0 1 0 1 0 0 3749.dat
1 7 -200 -25.161 -142.83 0 0 1 0 1 0 -1 0 0 3749.dat
1 7 -320 -25.161 -142.83 0 0 1 0 1 0 -1 0 0 3749.dat
1 15 -320 -51.161 -122.83 -1 0 0 0 1 0 0 0 -1 3020.dat
1 15 -210 -51.161 -122.83 -1 0 0 0 1 0 0 0 -1 3021.dat
1 15 -260 -59.161 -92.83 -1 0 0 0 1 0 0 0 -1 3710.dat
1 15 -260 -59.161 -152.83 -1 0 0 0 1 0 0 0 -1 3710.dat
1 15 -350 -59.161 -122.83 0 0 -1 0 1 0 1 0 0 3710.dat
1 15 -320 -67.161 -122.83 0 0 -1 0 1 0 1 0 0 3788.dat
1 15 -200 -67.161 -122.83 0 0 -1 0 1 0 1 0 0 3788.dat
1 14 -230 -75.161 -122.83 0 0 -1 0 1 0 1 0 0 3004.dat
1 36 -350 -67.161 -152.83 0 0 -1 0 1 0 1 0 0 3024.dat
1 36 -350 -67.161 -92.83 0 0 -1 0 1 0 1 0 0 3024.dat
1 14 -250 -59.161 -122.83 0 0 -1 0 1 0 1 0 0 3829c01.dat
1 15 -190 -67.161 -122.83 0 0 -1 0 1 0 1 0 0 2436a.dat
1 4 -190 -75.161 -112.83 0 0 -1 0 1 0 1 0 0 2420.dat
1 4 -190 -75.161 -132.83 -1 0 0 0 1 0 0 0 -1 2420.dat
1 4 -230 -67.161 -152.83 0 0 -1 0 1 0 1 0 0 3024.dat
1 4 -210 -67.161 -122.83 0 0 -1 0 1 0 1 0 0 3023.dat
1 4 -230 -67.161 -92.83 0 0 -1 0 1 0 1 0 0 3024.dat
1 4 -220 -75.161 -152.83 -1 0 0 0 1 0 0 0 -1 3069b.dat
1 4 -220 -75.161 -92.83 -1 0 0 0 1 0 0 0 -1 3069b.dat
1 4 -310 -67.161 -122.83 0 0 -1 0 1 0 1 0 0 3023.dat
1 4 -230 -83.161 -122.83 0 0 -1 0 1 0 1 0 0 3023.dat
1 4 -340 -83.161 -122.83 0 0 -1 0 1 0 1 0 0 2584.dat
1 0 -340 -91.161 -122.83 0 0 -1 0 1 0 1 0 0 2585.dat
1 4 -340 -91.161 -152.83 -1 0 0 0 1 0 0 0 -1 4865a.dat
1 4 -310 -75.161 -122.83 0 0 1 0 1 0 -1 0 0 3710.dat
1 4 -310 -83.161 -122.83 0 0 1 0 1 0 -1 0 0 3710.dat
1 4 -250 -83.161 -92.83 0 0 -1 0 1 0 1 0 0 3822p09.dat
1 4 -250 -83.161 -152.83 0 0 -1 0 1 0 1 0 0 3821p09.dat
1 4 -200 -83.161 -122.83 0 0 -1 0 1 0 1 0 0 4859.dat
1 46 -168 -57.161 -152.83 0 -1 0 0 0 -1 1 0 0 3024.dat
1 46 -168 -57.161 -92.83 0 -1 0 0 0 -1 1 0 0 3024.dat
1 7 -168 -57.161 -122.83 0 -1 0 0 0 -1 1 0 0 2412b.dat
1 4 -340 -91.161 -92.83 1 0 0 0 1 0 0 0 1 4865a.dat
1 41 -250 -131.161 -122.83 0 0 -1 0 1 0 1 0 0 3823.dat
1 4 -310 -131.161 -122.83 0 0 -1 0 1 0 1 0 0 4214.dat
1 4 -280 -139.161 -122.83 0 0 -1 0 1 0 1 0 0 4213.dat
1 33 -270 -147.161 -92.83 0 0 -1 0 1 0 1 0 0 3024.dat
1 33 -270 -147.161 -152.83 0 0 -1 0 1 0 1 0 0 3024.dat
1 15 -270 -147.161 -122.83 0 0 -1 0 1 0 1 0 0 3794a.dat
1 0 -270 -155.161 -122.83 0 0 -1 0 1 0 1 0 0 4592c01.dat
1 0 -320 -25.161 -160.83 -1 0 0 0 1 0 0 0 -1 4288.dat
1 0 -320 -25.161 -84.83 1 0 0 0 1 0 0 0 1 4288.dat
1 0 -200 -25.161 -160.83 -1 0 0 0 1 0 0 0 -1 4288.dat
1 0 -200 -25.161 -84.83 1 0 0 0 1 0 0 0 1 4288.dat
1 15 -320 -25.161 -172.83 1 0 0 0 0 1 0 -1 0 6141.dat
1 15 -200 -25.161 -172.83 1 0 0 0 0 1 0 -1 0 6141.dat
1 15 -200 -25.161 -72.83 -1 0 0 0 0 1 0 1 0 6141.dat
1 15 -320 -25.161 -72.83 -1 0 0 0 0 1 0 1 0 6141.dat
1 0 -503.002 -257.661 -192.83 -1 0 0 0 1 0 0 0 -1 3666.dat
1 0 -503.002 -257.661 -92.83 -1 0 0 0 1 0 0 0 -1 3666.dat
1 0 -493.002 -265.661 -192.83 -1 0 0 0 1 0 0 0 -1 3623.dat
1 0 -493.002 -265.661 -92.83 -1 0 0 0 1 0 0 0 -1 3623.dat
1 0 -453.002 -265.661 -192.83 -1 0 0 0 1 0 0 0 -1 3070b.dat
1 0 -453.002 -265.661 -92.83 -1 0 0 0 1 0 0 0 -1 3070b.dat
1 0 -543.002 -265.661 -192.83 -1 0 0 0 1 0 0 0 -1 3069b.dat
1 0 -543.002 -265.661 -92.83 -1 0 0 0 1 0 0 0 -1 3069b.dat
1 15 -473.002 -273.661 -142.83 0 0 -1 0 1 0 1 0 0 3666.dat
1 15 -503.002 -273.661 -142.83 0 0 -1 0 1 0 1 0 0 3795.dat
1 4 -473.002 -281.661 -142.83 1 0 0 0 1 0 0 0 1 3021.dat
1 4 -513.002 -321.661 -142.83 0 0 1 0 1 0 -1 0 0 3660.dat
1 4 -533.002 -321.661 -142.83 0 0 1 0 1 0 -1 0 0 3747a.dat
1 4 -513.002 -297.661 -172.83 0 0 -1 0 1 0 1 0 0 4286.dat
1 4 -513.002 -297.661 -112.83 0 0 -1 0 1 0 1 0 0 4286.dat
1 4 -513.002 -297.661 -142.83 0 0 -1 0 1 0 1 0 0 3004.dat
1 4 -513.002 -321.661 -172.83 0 0 1 0 1 0 -1 0 0 4070.dat
1 4 -513.002 -321.661 -112.83 0 0 1 0 1 0 -1 0 0 4070.dat
1 15 -513.002 -329.661 -152.83 -1 0 0 0 1 0 0 0 -1 2420.dat
1 15 -513.002 -329.661 -132.83 0 0 -1 0 1 0 1 0 0 2420.dat
1 15 -493.002 -281.661 -192.83 1 0 0 0 1 0 0 0 1 4081b.dat
1 15 -513.002 -345.661 -172.83 1 0 0 0 1 0 0 0 1 4081b.dat
1 15 -513.002 -345.661 -112.83 -1 0 0 0 1 0 0 0 -1 4081b.dat
1 4 -533.002 -353.661 -142.83 -1 0 0 0 1 0 0 0 -1 3021.dat
1 4 -533.002 -361.661 -142.83 -1 0 0 0 1 0 0 0 -1 3021.dat
1 15 -493.002 -281.661 -92.83 -1 0 0 0 1 0 0 0 -1 4081b.dat
1 15 -553.002 -329.661 -142.83 0 0 -1 0 1 0 1 0 0 3794a.dat
1 15 -573 -329.661 -142.83 0 0 -1 0 1 0 1 0 0 3794a.dat
1 15 -663 -329.661 -142.83 -1 0 0 0 1 0 0 0 -1 3460.dat
1 4 -623 -337.661 -142.83 -1 0 0 0 1 0 0 0 -1 3460.dat
1 15 -723 -337.661 -152.83 0 0 1 0 1 0 -1 0 0 4488.dat
1 4 -733 -361.661 -142.83 0 0 -1 0 1 0 1 0 0 3040b.dat
1 0 -613 -345.661 -142.83 0 0 -1 0 1 0 1 0 0 4592c01.dat
1 0 -723 -332.661 -180.83 0 0 -1 -1 0 0 0 1 0 2421.dat
1 34 -513.002 -337.661 -172.83 0 0 -1 0 1 0 1 0 0 3024.dat
1 36 -513.002 -337.661 -112.83 0 0 -1 0 1 0 1 0 0 3024.dat
1 15 -513.002 -337.661 -142.83 0 0 -1 0 1 0 1 0 0 3023.dat
1 0 -533.002 -337.661 -142.83 0 0 1 0 1 0 -1 0 0 3839b.dat
1 4 -523.002 -345.661 -142.83 0 0 1 0 1 0 -1 0 0 3176.dat
1 46 -501.002 -343.661 -192.83 0 -1 0 0 0 1 -1 0 0 6141.dat
1 46 -501.002 -343.661 -92.83 0 -1 0 0 0 1 -1 0 0 6141.dat
1 36 -733 -369.66 -142.83 0 0 1 0 1 0 -1 0 0 6141.dat
1 15 -465.002 -279.661 -212.83 0 -1 0 0 0 1 -1 0 0 4589.dat
1 15 -465.002 -279.661 -72.83 0 -1 0 0 0 1 -1 0 0 4589.dat
1 4 -513.002 -369.66 -142.83 0 0 1 0 1 0 -1 0 0 3023.dat
1 4 -513.002 -369.66 -172.83 0 0 1 0 1 0 -1 0 0 3005.dat
1 4 -513.002 -369.66 -112.83 0 0 1 0 1 0 -1 0 0 3005.dat
1 4 -543.002 -369.66 -142.83 0 0 1 0 1 0 -1 0 0 2460.dat
1 15 -453.002 -289.661 -152.83 0 0 -1 0 1 0 1 0 0 4592c01.dat
1 15 -453.002 -289.661 -132.83 0 0 -1 0 1 0 1 0 0 4592c01.dat
1 41 -499.002 -373.66 -142.83 0 0 -1 0 1 0 1 0 0 2483.dat
1 7 -543.002 -393.66 -142.83 0 0 -1 0 1 0 1 0 0 2479.dat
1 4 -513.002 -377.66 -142.83 0 0 -1 0 1 0 1 0 0 4315.dat
1 0 -543.002 -401.66 -232.83 0 0 -1 0 1 0 1 0 0 4162.dat
1 0 -543.002 -401.66 -52.83 0 0 -1 0 1 0 1 0 0 4162.dat
1 0 -136.843 -22.178 159.536 0.5 0 0.866025 0 1 0 -0.866025 0 0.5 4282.dat
1 0 -136.843 -38.178 159.536 0.5 0 0.866025 0 1 0 -0.866025 0 0.5 4282.dat
1 4 -147.824 -38.178 118.556 0.5 0 0.866025 0 1 0 -0.866025 0 0.5 3024.dat
1 4 -95.863 -38.178 148.555 0.5 0 0.866025 0 1 0 -0.866025 0 0.5 3024.dat
1 4 -157.823 -54.178 135.875 -0.866025 0 0.5 0 1 0 -0.5 0 -0.866025 3665.dat
1 4 -105.862 -54.178 165.875 -0.866025 0 0.5 0 1 0 -0.5 0 -0.866025 3665.dat
1 4 -85.863 -54.178 131.235 0.866025 0 -0.5 0 1 0 0.5 0 0.866025 3665.dat
1 4 -137.824 -54.178 101.234 0.866025 0 -0.5 0 1 0 0.5 0 0.866025 3665.dat
1 0 -176.843 -62.178 228.819 0.5 0 0.866025 0 1 0 -0.866025 0 0.5 3001.dat
1 4 -237.823 -54.178 274.439 -0.866025 0 0.5 0 1 0 -0.5 0 -0.866025 2341.dat
1 4 -185.862 -54.178 304.439 -0.866025 0 0.5 0 1 0 -0.5 0 -0.866025 2341.dat
1 4 -87.824 -54.178 14.633 -0.866025 0 0.5 0 1 0 -0.5 0 -0.866025 2341.dat
1 4 -35.863 -54.178 44.633 -0.866025 0 0.5 0 1 0 -0.5 0 -0.866025 2341.dat
1 4 -70.503 -62.178 24.632 0.866025 0 -0.5 0 1 0 0.5 0 0.866025 4070.dat
1 4 -53.183 -62.178 34.632 0.866025 0 -0.5 0 1 0 0.5 0 0.866025 4070.dat
1 14 -81.843 -46.178 64.273 0.866025 0 -0.5 0 1 0 0.5 0 0.866025 3829c01.dat
1 4 -211.843 -62.178 289.44 -0.866025 0 0.5 0 1 0 -0.5 0 -0.866025 3660.dat
1 4 -54.843 -52.178 17.508 -0.866025 -0.5 0 0 0 1 -0.5 0.866025 0 3023.dat
1 4 -50.843 -52.178 10.58 -0.866025 -0.5 0 0 0 1 -0.5 0.866025 0 3023.dat
1 4 -139.164 -30.178 123.556 0.5 0 0.866025 0 1 0 -0.866025 0 0.5 3021.dat
1 4 -104.522 -30.178 143.555 0.5 0 0.866025 0 1 0 -0.866025 0 0.5 3021.dat
1 4 -70.503 -30.178 24.632 -0.5 0 -0.866025 0 1 0 0.866025 0 -0.5 2420.dat
1 4 -203.183 -30.178 294.44 0.5 0 0.866025 0 1 0 -0.866025 0 0.5 2420.dat
1 4 -53.183 -30.178 34.632 0.866025 0 -0.5 0 1 0 0.5 0 0.866025 2420.dat
1 4 -220.503 -30.178 284.44 -0.866025 0 0.5 0 1 0 -0.5 0 -0.866025 2420.dat
1 0 -186.843 -30.178 246.139 -0.866025 0 0.5 0 1 0 -0.5 0 -0.866025 4600.dat
1 0 -156.843 -30.178 194.177 -0.866025 0 0.5 0 1 0 -0.5 0 -0.866025 4600.dat
1 0 -86.843 -30.178 72.933 -0.866025 0 0.5 0 1 0 -0.5 0 -0.866025 4600.dat
1 4 -121.843 -46.178 133.555 -0.866025 0 0.5 0 1 0 -0.5 0 -0.866025 3710.dat
1 4 -121.843 -54.178 133.555 -0.866025 0 0.5 0 1 0 -0.5 0 -0.866025 3710.dat
1 14 -111.843 -62.178 116.235 -0.866025 0 0.5 0 1 0 -0.5 0 -0.866025 4865a.dat
1 15 -46.842 -52.178 3.651 -0.866025 -0.5 0 0 0 1 -0.5 0.866025 0 2412b.dat
1 15 -122.823 -62.178 75.255 -0.5 0 -0.866025 0 1 0 0.866025 0 -0.5 3460.dat
1 15 -70.862 -62.178 105.253 -0.5 0 -0.866025 0 1 0 0.866025 0 -0.5 3460.dat
1 15 -202.824 -62.178 213.819 -0.5 0 -0.866025 0 1 0 0.866025 0 -0.5 3460.dat
1 15 -150.863 -62.178 243.817 -0.5 0 -0.866025 0 1 0 0.866025 0 -0.5 3460.dat
1 15 -202.824 -70.178 213.819 -0.5 0 -0.866025 0 1 0 0.866025 0 -0.5 2412b.dat
1 15 -174.948 -100.178 137.536 -0.5 0.866025 0 0 0 1 0.866025 0.5 0 2412b.dat
1 15 -98.738 -100.178 181.536 0.5 -0.866025 0 0 0 1 -0.866025 -0.5 0 2412b.dat
1 7 -131.843 -174.18 150.876 0.866025 0 -0.5 0 1 0 0.5 0 0.866025 2412b.dat
1 36 -247.823 -62.178 291.76 -0.5 0 -0.866025 0 1 0 0.866025 0 -0.5 3024.dat
1 36 -195.862 -62.178 321.761 -0.5 0 -0.866025 0 1 0 0.866025 0 -0.5 3024.dat
1 46 -77.824 -62.178 -2.689 -0.5 0 -0.866025 0 1 0 0.866025 0 -0.5 3024.dat
1 46 -25.863 -62.178 27.312 -0.5 0 -0.866025 0 1 0 0.866025 0 -0.5 3024.dat
1 4 -227.824 -86.178 257.12 -0.5 0 -0.866025 0 1 0 0.866025 0 -0.5 3005.dat
1 4 -217.823 -110.178 239.798 0.5 0 0.866025 0 1 0 -0.866025 0 0.5 3581.dat
1 4 -187.823 -110.178 187.837 0.5 0 0.866025 0 1 0 -0.866025 0 0.5 3581.dat
1 4 -198.217 -110.178 181.838 -0.866025 0 0.5 0 1 0 -0.5 0 -0.866025 3582.dat
1 4 -228.216 -110.178 233.798 0.866025 0 -0.5 0 1 0 0.5 0 0.866025 3582.dat
1 4 -177.823 -86.178 170.517 -0.5 0 -0.866025 0 1 0 0.866025 0 -0.5 3005.dat
1 4 -152.824 -86.178 127.215 -0.5 0 -0.866025 0 1 0 0.866025 0 -0.5 3010.dat
1 4 -100.863 -86.178 157.215 -0.5 0 -0.866025 0 1 0 0.866025 0 -0.5 3010.dat
1 4 -122.823 -86.178 75.255 -0.5 0 -0.866025 0 1 0 0.866025 0 -0.5 4865a.dat
1 4 -70.862 -86.178 105.253 0.5 0 0.866025 0 1 0 -0.866025 0 0.5 4865a.dat
1 4 -102.823 -86.178 40.613 -0.5 0 -0.866025 0 1 0 0.866025 0 -0.5 4865a.dat
1 4 -50.862 -86.178 70.613 0.5 0 0.866025 0 1 0 -0.866025 0 0.5 4865a.dat
1 4 -151.843 -150.178 185.517 0.866025 0 -0.5 0 1 0 0.5 0 0.866025 4865a.dat
1 4 -237.823 -86.178 274.439 0.866025 0 -0.5 0 1 0 0.5 0 0.866025 2357.dat
1 4 -185.862 -86.178 304.439 -0.5 0 -0.866025 0 1 0 0.866025 0 -0.5 2357.dat
1 4 -178.182 -86.178 251.138 -0.5 0 -0.866025 0 1 0 0.866025 0 -0.5 3937.dat
1 4 -158.183 -86.178 216.497 -0.5 0 -0.866025 0 1 0 0.866025 0 -0.5 3937.dat
1 4 -149.522 -76.178 221.498 -0.5 -0.866025 0 0 0 -1 0.866025 -0.5 0 3938.dat
1 4 -169.522 -76.178 256.138 -0.5 -0.866025 0 0 0 -1 0.866025 -0.5 0 3938.dat
1 4 -61.843 -86.178 29.632 0.866025 0 -0.5 0 1 0 0.5 0 0.866025 3037.dat
1 4 -147.824 -110.178 118.556 0.866025 0 -0.5 0 1 0 0.5 0 0.866025 3005.dat
1 4 -177.823 -110.178 170.517 0.866025 0 -0.5 0 1 0 0.5 0 0.866025 3005.dat
1 4 -105.862 -110.178 165.875 -0.5 0 -0.866025 0 1 0 0.866025 0 -0.5 4070.dat
1 4 -115.863 -110.178 183.197 -0.5 0 -0.866025 0 1 0 0.866025 0 -0.5 4070.dat
1 4 -167.824 -110.178 153.197 0.5 0 0.866025 0 1 0 -0.866025 0 0.5 4070.dat
1 4 -157.823 -110.178 135.875 0.5 0 0.866025 0 1 0 -0.866025 0 0.5 4070.dat
1 4 -190.862 -110.178 313.101 0.5 0 0.866025 0 1 0 -0.866025 0 0.5 3004.dat
1 4 -237.823 -110.178 274.439 0.5 0 0.866025 0 1 0 -0.866025 0 0.5 3622.dat
1 4 -221.843 -110.178 306.76 0.866025 0 -0.5 0 1 0 0.5 0 0.866025 4864a.dat
1 4 -95.863 -110.178 148.555 0.866025 0 -0.5 0 1 0 0.5 0 0.866025 3005.dat
1 4 -152.595 -86.178 242.818 0.5 -0.866025 0 0 0 1 -0.866025 -0.5 0 3020.dat
1 4 -131.809 -86.178 254.818 0.5 -0.866025 0 0 0 1 -0.866025 -0.5 0 2584.dat
1 0 -126.614 -86.178 257.818 0.5 -0.866025 0 0 0 1 -0.866025 -0.5 0 2585.dat
1 7 -116.811 -96.178 228.838 0.5 -0.866025 0 0 0 1 -0.866025 -0.5 0 4589.dat
1 7 -104.685 -96.178 235.838 -0.5 0 -0.866025 0 1 0 0.866025 0 -0.5 4210a.dat
1 15 -160.666 -86.178 272.798 0 -0.866025 -0.5 1 0 0 0 -0.5 0.866025 3069bp25.dat
1 4 -125.862 -110.178 200.516 0.5 0 0.866025 0 1 0 -0.866025 0 0.5 3189.dat
1 4 -175.863 -110.178 287.119 0.5 0 0.866025 0 1 0 -0.866025 0 0.5 3188.dat
1 14 -201.091 -90.178 214.818 -0.5 0.866025 0 0 0 1 0.866025 0.5 0 3838.dat
1 33 -247.823 -118.178 291.76 -0.866025 0 0.5 0 1 0 -0.5 0 -0.866025 3024.dat
1 33 -195.862 -118.178 321.761 -0.866025 0 0.5 0 1 0 -0.5 0 -0.866025 3024.dat
1 15 -221.843 -118.178 306.76 -0.866025 0 0.5 0 1 0 -0.5 0 -0.866025 3023.dat
1 15 -180.863 -118.178 295.779 -0.5 0 -0.866025 0 1 0 0.866025 0 -0.5 3023.dat
1 15 -110.862 -118.178 174.536 -0.5 0 -0.866025 0 1 0 0.866025 0 -0.5 3710.dat
1 15 -192.824 -118.178 196.497 -0.5 0 -0.866025 0 1 0 0.866025 0 -0.5 4477.dat
1 4 -212.823 -126.178 231.138 -0.5 0 -0.866025 0 1 0 0.866025 0 -0.5 3666.dat
1 4 -221.843 -126.178 306.76 0.866025 0 -0.5 0 1 0 0.5 0 0.866025 3710.dat
1 4 -202.824 -134.178 213.819 0.5 0 0.866025 0 1 0 -0.866025 0 0.5 3710.dat
1 15 -150.863 -118.178 243.817 0.5 0 0.866025 0 1 0 -0.866025 0 0.5 3710.dat
1 4 -150.863 -142.178 243.817 0.5 0 0.866025 0 1 0 -0.866025 0 0.5 3010.dat
1 4 -202.824 -142.178 213.819 -0.5 0 -0.866025 0 1 0 0.866025 0 -0.5 4625.dat
1 4 -176.843 -150.178 228.819 -0.5 0 -0.866025 0 1 0 0.866025 0 -0.5 4213.dat
1 4 -180.863 -126.178 295.779 0.5 0 0.866025 0 1 0 -0.866025 0 0.5 3023.dat
1 4 -136.843 -126.178 159.536 0.5 0 0.866025 0 1 0 -0.866025 0 0.5 3031.dat
1 4 -131.843 -134.178 150.876 -0.866025 0 0.5 0 1 0 -0.5 0 -0.866025 3023.dat
1 4 -201.843 -150.178 272.118 -0.866025 0 0.5 0 1 0 -0.5 0 -0.866025 3297.dat
1 4 -121.843 -134.178 133.555 0.866025 0 -0.5 0 1 0 0.5 0 0.866025 4315.dat
1 41 -114.843 -130.178 121.431 0.866025 0 -0.5 0 1 0 0.5 0 0.866025 4474.dat
1 4 -177.823 -150.178 170.517 0.866025 0 -0.5 0 1 0 0.5 0 0.866025 4286.dat
1 4 -125.862 -150.178 200.516 0.866025 0 -0.5 0 1 0 0.5 0 0.866025 4286.dat
1 33 -95.863 -142.178 148.555 0.866025 0 -0.5 0 1 0 0.5 0 0.866025 3070b.dat
1 33 -147.824 -142.178 118.556 0.866025 0 -0.5 0 1 0 0.5 0 0.866025 3070b.dat
1 0 -170.503 -158.178 197.837 0.866025 0 -0.5 0 1 0 0.5 0 0.866025 4592c01.dat
1 4 -126.842 -142.178 142.215 0.866025 0 -0.5 0 1 0 0.5 0 0.866025 3680c01.dat
1 15 -140.503 -166.18 145.876 -0.866025 0 0.5 0 1 0 -0.5 0 -0.866025 4070.dat
1 15 -123.183 -166.18 155.876 -0.866025 0 0.5 0 1 0 -0.5 0 -0.866025 4070.dat
1 15 -121.843 -166.18 133.555 0.866025 0 -0.5 0 1 0 0.5 0 0.866025 3937.dat
1 15 -118.343 -163.178 127.493 0.866025 -0.353554 -0.353554 0 0.707107 -0.707107 0.5 0.612373 0.612373 3938.dat
1 15 -150.843 -156.178 183.785 -0.866025 0.5 0 0 0 -1 -0.5 -0.866025 0 2432.dat
1 15 -115.443 -168.7 122.47 0.866025 -0.353554 -0.353554 0 0.707107 -0.707107 0.5 0.612373 0.612373 3794a.dat
1 15 -106.959 -185.67 107.774 0.866025 -0.353554 -0.353554 0 0.707107 -0.707107 0.5 0.612373 0.612373 3062b.dat
1 15 -98.472 -202.64 93.077 0.866025 -0.353554 -0.353554 0 0.707107 -0.707107 0.5 0.612373 0.612373 3062b.dat
1 15 -89.988 -219.61 78.381 0.866025 -0.353554 -0.353554 0 0.707107 -0.707107 0.5 0.612373 0.612373 4589.dat
1 15 -112.824 -25.178 57.933 -0.5 0 0.866025 0 -1 0 0.866025 0 0.5 4624.dat
1 15 -182.824 -25.178 179.177 -0.5 0 0.866025 0 -1 0 0.866025 0 0.5 4624.dat
1 15 -212.823 -25.178 231.138 -0.5 0 0.866025 0 -1 0 0.866025 0 0.5 4624.dat
1 15 -60.863 -25.178 87.934 -0.5 0 -0.866025 0 1 0 0.866025 0 -0.5 4624.dat
1 15 -130.861 -25.178 209.176 -0.5 0 -0.866025 0 1 0 0.866025 0 -0.5 4624.dat
1 15 -160.862 -25.178 261.139 -0.5 0 -0.866025 0 1 0 0.866025 0 -0.5 4624.dat
1 0 -160.862 -25.178 261.139 0.5 0 -0.866025 0 -1 0 -0.866025 0 -0.5 4084.dat
1 0 -130.861 -25.178 209.176 0.5 0 -0.866025 0 -1 0 -0.866025 0 -0.5 4084.dat
1 0 -60.863 -25.178 87.934 0.5 0 -0.866025 0 -1 0 -0.866025 0 -0.5 4084.dat
1 0 -212.823 -25.178 231.138 -0.5 0 0.866025 0 -1 0 0.866025 0 0.5 4084.dat
1 0 -182.824 -25.178 179.177 -0.5 0 0.866025 0 -1 0 0.866025 0 0.5 4084.dat
1 0 -112.824 -25.178 57.933 -0.5 0 0.866025 0 -1 0 0.866025 0 0.5 4084.dat
1 15 -513.002 -279.661 -212.83 0 1 0 1 0 0 0 0 -1 750.dat
1 15 -513.002 -279.661 -72.83 0 1 0 1 0 0 0 0 -1 750.dat
1 7 -322.83 0 77.17 0 0 -1 0 1 0 1 0 0 6100p04.dat
1 14 -32.83 -72 -162.83 0 0 -1 0 1 0 1 0 0 2583.dat
1 14 -32.83 -72 317.17 0 0 -1 0 1 0 1 0 0 2583.dat
1 15 -32.83 -24 -72.83 0 0 -1 0 1 0 1 0 0 3005.dat
1 15 -32.83 -48 -72.83 0 0 -1 0 1 0 1 0 0 3005.dat
1 46 -12.83 -48 -72.83 0 0 -1 0 1 0 1 0 0 3024.dat
1 15 -22.83 -56 -72.83 -1 0 0 0 1 0 0 0 -1 3069b.dat
1 15 -32.83 -24 227.17 0 0 -1 0 1 0 1 0 0 3005.dat
1 15 -32.83 -48 227.17 0 0 -1 0 1 0 1 0 0 3005.dat
1 46 -12.83 -48 227.17 0 0 -1 0 1 0 1 0 0 3024.dat
1 15 -22.83 -56 227.17 -1 0 0 0 1 0 0 0 -1 3069b.dat
1 7 -482.83 -224 57.17 0.866025 0 -0.5 0 1 0 0.5 0 0.866025 3679.dat
1 14 -482.83 -232 57.17 -0.5 0 -0.866025 0 1 0 0.866025 0 -0.5 4079.dat
1 0 -392.83 -52 -12.83 -1 0 0 0 1 0 0 0 -1 3962a.dat
1 4 -632.83 -24 -32.83 0 0 -1 0 1 0 1 0 0 3005.dat
1 4 -532.83 -24 187.17 0 0 -1 0 1 0 1 0 0 3005.dat
1 4 -632.83 -24 -222.83 0 0 -1 0 1 0 1 0 0 3004.dat
1 4 -532.83 -24 -222.83 0 0 -1 0 1 0 1 0 0 3004.dat
1 4 -412.83 -24 -22.83 0 0 -1 0 1 0 1 0 0 3004.dat
1 4 -412.83 -24 177.17 0 0 -1 0 1 0 1 0 0 3004.dat
1 4 -412.83 -48 -22.83 0 0 -1 0 1 0 1 0 0 3004.dat
1 4 -412.83 -80 -22.83 0 0 -1 0 1 0 1 0 0 3004.dat
1 4 -412.83 -104 -22.83 0 0 -1 0 1 0 1 0 0 3004.dat
1 4 -412.83 -128 -22.83 0 0 -1 0 1 0 1 0 0 3004.dat
1 4 -412.83 -80 177.17 0 0 -1 0 1 0 1 0 0 3004.dat
1 4 -412.83 -104 177.17 0 0 -1 0 1 0 1 0 0 3004.dat
1 4 -412.83 -128 177.17 0 0 -1 0 1 0 1 0 0 3004.dat
1 4 -412.83 -152 -32.83 0 0 -1 0 1 0 1 0 0 3005.dat
1 4 -412.83 -152 187.17 0 0 -1 0 1 0 1 0 0 3005.dat
1 4 -412.83 -176 187.17 0 0 -1 0 1 0 1 0 0 3005.dat
1 4 -412.83 -48 177.17 0 0 -1 0 1 0 1 0 0 3004.dat
1 4 -632.83 -24 377.17 0 0 -1 0 1 0 1 0 0 3004.dat
1 4 -622.83 -24 187.17 -1 0 0 0 1 0 0 0 -1 3004.dat
1 4 -432.83 -24 -212.83 0 0 1 0 1 0 -1 0 0 2357.dat
1 15 -582.83 -24 -212.83 1 0 0 0 1 0 0 0 1 3010.dat
1 15 -482.83 -24 -212.83 1 0 0 0 1 0 0 0 1 3010.dat
1 15 -582.83 -24 367.17 1 0 0 0 1 0 0 0 1 3010.dat
1 15 -482.83 -24 367.17 1 0 0 0 1 0 0 0 1 3010.dat
1 15 -382.83 -24 367.17 1 0 0 0 1 0 0 0 1 3010.dat
1 4 -532.83 -24 377.17 0 0 -1 0 1 0 1 0 0 3004.dat
1 4 -432.83 -24 377.17 0 0 -1 0 1 0 1 0 0 3004.dat
1 4 -332.83 -24 377.17 0 0 -1 0 1 0 1 0 0 3004.dat
1 4 -382.83 -8 -212.83 -1 0 0 0 1 0 0 0 -1 3023.dat
1 4 -382.83 -8 -32.83 -1 0 0 0 1 0 0 0 -1 3023.dat
1 4 -342.83 -8 187.17 -1 0 0 0 1 0 0 0 -1 3666.dat
1 4 -302.83 -8 367.17 -1 0 0 0 1 0 0 0 -1 3023.dat
1 15 -522.83 -48 -12.83 -1 0 0 0 1 0 0 0 -1 2486.dat
1 4 -632.83 -144 -222.83 0 0 1 0 1 0 -1 0 0 2454.dat
1 4 -532.83 -144 -222.83 0 0 1 0 1 0 -1 0 0 2454.dat
1 4 -432.83 -144 -222.83 0 0 1 0 1 0 -1 0 0 2454.dat
1 4 -632.83 -144 377.17 0 0 1 0 1 0 -1 0 0 2454.dat
1 4 -532.83 -144 377.17 0 0 1 0 1 0 -1 0 0 2454.dat
1 4 -432.83 -144 377.17 0 0 1 0 1 0 -1 0 0 2454.dat
1 4 -512.83 -336 177.17 0 0 1 0 1 0 -1 0 0 2454.dat
1 4 -512.83 -336 -22.83 0 0 1 0 1 0 -1 0 0 2454.dat
1 4 -332.83 -144 377.17 0 0 1 0 1 0 -1 0 0 2454.dat
1 4 -632.83 -144 -32.83 0 0 1 0 1 0 -1 0 0 2453.dat
1 4 -412.83 -144 -212.83 0 0 1 0 1 0 -1 0 0 2453.dat
1 4 -532.83 -144 187.17 0 0 1 0 1 0 -1 0 0 2453.dat
1 4 -632.83 -144 187.17 0 0 1 0 1 0 -1 0 0 2453.dat
1 4 -612.83 -48 187.17 0 0 1 0 1 0 -1 0 0 3062b.dat
1 4 -412.83 -56 -32.83 0 0 1 0 1 0 -1 0 0 3024.dat
1 15 -632.83 -152 -32.83 0 0 1 0 1 0 -1 0 0 3024.dat
1 15 -632.83 -152 187.17 0 0 1 0 1 0 -1 0 0 3024.dat
1 4 -412.83 -56 -12.83 0 0 -1 0 1 0 1 0 0 4085c.dat
1 15 -492.83 -288 147.17 1 0 0 0 1 0 0 0 1 4085c.dat
1 47 -492.83 -312 147.17 1 0 0 0 1 0 0 0 1 3005.dat
1 15 -492.83 -336 147.17 1 0 0 0 1 0 0 0 1 3005.dat
1 15 -532.83 -152 187.17 1 0 0 0 1 0 0 0 1 4085c.dat
1 4 -412.83 -56 167.17 0 0 1 0 1 0 -1 0 0 3024.dat
1 4 -412.83 -56 187.17 0 0 -1 0 1 0 1 0 0 4085c.dat
1 14 -612.83 -48 187.17 0 0 1 0 1 0 -1 0 0 3838.dat
1 0 -572.83 -64 -12.83 0 0 1 0 1 0 -1 0 0 3837.dat
1 0 -472.83 -56 -12.83 -1 0 0 0 1 0 0 0 -1 3835.dat
0 MLCAD FLEXHOSE 15 -532.83 -343.661 -192.83 1 0 0 0 1 0 0 0 1  0 0 0  90 0 0 20 64 -20 90 0 0 50 750.dat ls00.dat 0
0 MLCAD SKIP_BEGIN
1 15 -532.83 -343.661 -192.83 0.00254256 0.999964 -0.00813591 0 -0.00813594 -0.999967 -0.999997 0.00254248 -2.06861e-005 750.dat
1 15 -535.857 -343.636 -192.838 0.00790376 0.999649 -0.0252832 0 -0.0252839 -0.99968 -0.999969 0.00790123 -0.000199838 ls00.dat
1 15 -538.948 -343.558 -192.862 0.0137542 0.998938 -0.0439666 0 -0.0439708 -0.999033 -0.999905 0.0137409 -0.000604782 ls00.dat
1 15 -542.1 -343.419 -192.905 0.0201691 0.997721 -0.064394 0 -0.0644071 -0.997924 -0.999797 0.0201272 -0.00129903 ls00.dat
1 15 -545.31 -343.212 -192.97 0.0272406 0.995853 -0.0868085 0 -0.0868407 -0.996222 -0.999629 0.0271377 -0.0023656 ls00.dat
1 15 -548.574 -342.928 -193.059 0.0350828 0.993145 -0.111495 0 -0.111564 -0.993757 -0.999384 0.0348638 -0.00391399 ls00.dat
1 15 -551.884 -342.556 -193.175 0.0438385 0.989351 -0.138789 0 -0.138923 -0.990303 -0.999039 0.0434134 -0.00609017 ls00.dat
1 15 -555.232 -342.086 -193.322 0.0536892 0.984139 -0.16908 0 -0.169325 -0.98556 -0.998558 0.0529139 -0.0090909 ls00.dat
1 15 -558.607 -341.505 -193.504 0.0648691 0.977065 -0.20282 0 -0.203248 -0.979127 -0.997894 0.0635151 -0.0131845 ls00.dat
1 15 -561.992 -340.801 -193.724 0.0776857 0.96753 -0.240522 0 -0.241251 -0.970463 -0.996978 0.0753911 -0.0187418 ls00.dat
1 15 -565.37 -339.958 -193.987 0.0925508 0.954718 -0.282752 0 -0.28397 -0.958833 -0.995708 0.0887407 -0.0262817 ls00.dat
1 15 -568.717 -338.963 -194.298 0.110028 0.937515 -0.33009 0 -0.332107 -0.943242 -0.993928 0.103783 -0.0365412 ls00.dat
1 15 -572.002 -337.799 -194.662 0.130911 0.914401 -0.383057 0 -0.386383 -0.922339 -0.991394 0.120745 -0.0505818 ls00.dat
1 15 -575.19 -336.452 -195.083 0.156347 0.883318 -0.441934 0 -0.447436 -0.894316 -0.987702 0.139824 -0.0699554 ls00.dat
1 15 -578.237 -334.909 -195.565 0.188056 0.841533 -0.506416 0 -0.515616 -0.85682 -0.982158 0.16113 -0.0969646 ls00.dat
1 15 -581.094 -333.158 -196.112 0.228716 0.785569 -0.574952 0 -0.590607 -0.806959 -0.973493 0.184565 -0.135081 ls00.dat
1 15 -583.705 -331.195 -196.726 0.282685 0.711351 -0.643482 0 -0.670844 -0.741599 -0.959213 0.209639 -0.189637 ls00.dat
1 15 -586.01 -329.022 -197.405 0.357344 0.614829 -0.703058 0 -0.75276 -0.658295 -0.933973 0.235238 -0.268994 ls00.dat
1 15 -587.949 -326.648 -198.147 0.465412 0.493392 -0.734817 0 -0.830214 -0.557445 -0.885094 0.259442 -0.386391 ls00.dat
1 15 -589.466 -324.095 -198.944 0.626421 0.347963 -0.697509 0 -0.894833 -0.446401 -0.779485 0.279635 -0.560542 ls00.dat
1 15 -590.516 -321.395 -199.788 0.845984 0.184761 -0.500175 0 -0.938047 -0.346508 -0.533209 0.29314 -0.793573 ls00.dat
1 15 -591.069 -318.588 -200.665 0.998763 0.014849 -0.0474579 0 -0.954375 -0.298612 -0.0497267 0.298242 -0.953194 ls00.dat
1 15 -591.114 -315.721 -201.561 0.89232 -0.149202 0.426033 0 -0.943796 -0.330528 0.451404 0.294936 -0.842168 ls00.dat
1 15 -590.659 -312.844 -202.46 0.691479 -0.297502 0.658293 0 -0.911262 -0.411827 0.722397 0.284769 -0.630118 ls00.dat
1 15 -589.731 -310.002 -203.349 0.536204 -0.425022 0.729275 0 -0.863979 -0.503527 0.844088 0.269994 -0.463269 ls00.dat
1 15 -588.37 -307.235 -204.213 0.429694 -0.531098 0.730272 0 -0.808741 -0.588166 0.902974 0.252731 -0.347511 ls00.dat
1 15 -586.624 -304.577 -205.044 0.355006 -0.617703 0.701722 0 -0.750614 -0.660741 0.934864 0.234567 -0.266473 ls00.dat
1 15 -584.546 -302.052 -205.833 0.300245 -0.687834 0.660861 0 -0.692827 -0.721104 0.953862 0.216508 -0.208018 ls00.dat
1 15 -582.186 -299.674 -206.576 0.258354 -0.744551 0.615546 0 -0.637178 -0.770717 0.96605 0.199118 -0.164618 ls00.dat
1 15 -579.592 -297.454 -207.27 0.225131 -0.790544 0.569523 0 -0.584528 -0.811373 0.974329 0.182665 -0.131595 ls00.dat
1 15 -576.808 -295.396 -207.913 0.197983 -0.828016 0.524587 0 -0.535181 -0.844738 0.980205 0.167244 -0.105957 ls00.dat
1 15 -573.871 -293.498 -208.506 0.175248 -0.858712 0.481561 0 -0.489131 -0.872211 0.984524 0.152853 -0.0857193 ls00.dat
1 15 -570.815 -291.757 -209.05 0.155816 -0.883993 0.44077 0 -0.44622 -0.894923 0.987786 0.139444 -0.0695284 ls00.dat
1 15 -567.666 -290.167 -209.547 0.138923 -0.904913 0.402284 0 -0.406223 -0.913774 0.990303 0.126945 -0.0564338 ls00.dat
1 15 -564.449 -288.723 -209.998 0.124027 -0.922295 0.366046 0 -0.368894 -0.929472 0.992279 0.115279 -0.0457527 ls00.dat
1 15 -561.182 -287.417 -210.406 0.110731 -0.936779 0.331938 0 -0.333992 -0.942576 0.99385 0.104373 -0.0369833 ls00.dat
1 15 -557.882 -286.24 -210.774 0.0987423 -0.948872 0.29982 0 -0.301293 -0.953532 0.995113 0.0941539 -0.0297503 ls00.dat
1 15 -554.562 -285.186 -211.104 0.0878364 -0.958974 0.269545 0 -0.270591 -0.962694 0.996135 0.0845596 -0.0237677 ls00.dat
1 15 -551.234 -284.247 -211.397 0.0778402 -0.967406 0.24097 0 -0.241703 -0.97035 0.996966 0.0755323 -0.0188142 ls00.dat
1 15 -547.906 -283.415 -211.657 0.0686177 -0.974429 0.213962 0 -0.214467 -0.976731 0.997643 0.0670211 -0.0147163 ls00.dat
1 15 -544.586 -282.685 -211.885 0.0600603 -0.980255 0.188398 0 -0.188739 -0.982027 0.998195 0.0589808 -0.0113357 ls00.dat
1 15 -541.281 -282.048 -212.084 0.0520803 -0.985057 0.164167 0 -0.16439 -0.986395 0.998643 0.0513718 -0.00856147 ls00.dat
1 15 -537.995 -281.5 -212.255 0.0446062 -0.98898 0.141167 0 -0.141307 -0.989966 0.999005 0.0441586 -0.00630318 ls00.dat
1 15 -534.734 -281.034 -212.401 0.0375787 -0.992146 0.119307 0 -0.119392 -0.992847 0.999294 0.0373099 -0.00448659 ls00.dat
1 15 -531.5 -280.645 -212.523 0.0309487 -0.994655 0.0985066 0 -0.0985538 -0.995132 0.999521 0.0307981 -0.00305012 ls00.dat
1 15 -528.298 -280.327 -212.622 0.0246747 -0.996594 0.0786901 0 -0.0787141 -0.996897 0.999696 0.0245981 -0.00194225 ls00.dat
1 15 -525.13 -280.077 -212.7 0.0187215 -0.998035 0.0597912 0 -0.0598016 -0.99821 0.999825 0.018688 -0.00111958 ls00.dat
1 15 -521.997 -279.89 -212.759 0.0130592 -0.999043 0.0417493 0 -0.0417529 -0.999128 0.999915 0.0130478 -0.000545258 ls00.dat
1 15 -518.902 -279.76 -212.799 0.00766182 -0.99967 0.0245097 0 -0.0245104 -0.9997 0.999971 0.00765952 -0.000187795 ls00.dat
1 15 -515.846 -279.685 -212.822 0.00250714 -0.999965 0.00802256 0 -0.00802258 -0.999968 0.999997 0.00250706 -2.01137e-005 ls00.dat
0 MLCAD SKIP_END
0 MLCAD FLEXHOSE 15 -532.83 -343.661 -92.83 1 0 0 0 1 0 0 0 1  0 0 0  90 0 0 20 64 20 90 0 0 50 750.dat ls00.dat 0
0 MLCAD SKIP_BEGIN
1 15 -532.83 -343.661 -92.83 -0.00254256 0.999964 -0.00813591 0 -0.00813594 -0.999967 -0.999997 -0.00254248 2.06861e-005 750.dat
1 15 -535.857 -343.636 -92.8223 -0.00790376 0.999649 -0.0252832 0 -0.0252839 -0.99968 -0.999969 -0.00790123 0.000199838 ls00.dat
1 15 -538.948 -343.558 -92.7979 -0.0137542 0.998938 -0.0439666 0 -0.0439708 -0.999033 -0.999905 -0.0137409 0.000604782 ls00.dat
1 15 -542.1 -343.419 -92.7545 -0.0201691 0.997721 -0.064394 0 -0.0644071 -0.997924 -0.999797 -0.0201272 0.00129903 ls00.dat
1 15 -545.31 -343.212 -92.6898 -0.0272406 0.995853 -0.0868085 0 -0.0868407 -0.996222 -0.999629 -0.0271377 0.0023656 ls00.dat
1 15 -548.574 -342.928 -92.6008 -0.0350828 0.993145 -0.111495 0 -0.111564 -0.993757 -0.999384 -0.0348638 0.00391399 ls00.dat
1 15 -551.884 -342.556 -92.4846 -0.0438385 0.989351 -0.138789 0 -0.138923 -0.990303 -0.999039 -0.0434134 0.00609017 ls00.dat
1 15 -555.232 -342.086 -92.3377 -0.0536892 0.984139 -0.16908 0 -0.169325 -0.98556 -0.998558 -0.0529139 0.0090909 ls00.dat
1 15 -558.607 -341.505 -92.1563 -0.0648691 0.977065 -0.20282 0 -0.203248 -0.979127 -0.997894 -0.0635151 0.0131845 ls00.dat
1 15 -561.992 -340.801 -91.9362 -0.0776857 0.96753 -0.240522 0 -0.241251 -0.970463 -0.996978 -0.0753911 0.0187418 ls00.dat
1 15 -565.37 -339.958 -91.673 -0.0925508 0.954718 -0.282752 0 -0.28397 -0.958833 -0.995708 -0.0887407 0.0262817 ls00.dat
1 15 -568.717 -338.963 -91.3619 -0.110028 0.937515 -0.33009 0 -0.332107 -0.943242 -0.993928 -0.103783 0.0365412 ls00.dat
1 15 -572.002 -337.799 -90.9982 -0.130911 0.914401 -0.383057 0 -0.386383 -0.922339 -0.991394 -0.120745 0.0505818 ls00.dat
1 15 -575.19 -336.452 -90.5773 -0.156347 0.883318 -0.441934 0 -0.447436 -0.894316 -0.987702 -0.139824 0.0699554 ls00.dat
1 15 -578.237 -334.909 -90.0949 -0.188056 0.841533 -0.506416 0 -0.515616 -0.85682 -0.982158 -0.16113 0.0969646 ls00.dat
1 15 -581.094 -333.158 -89.5479 -0.228716 0.785569 -0.574952 0 -0.590607 -0.806959 -0.973493 -0.184565 0.135081 ls00.dat
1 15 -583.705 -331.195 -88.9344 -0.282685 0.711351 -0.643482 0 -0.670844 -0.741599 -0.959213 -0.209639 0.189637 ls00.dat
1 15 -586.01 -329.022 -88.2552 -0.357344 0.614829 -0.703058 0 -0.75276 -0.658295 -0.933973 -0.235238 0.268994 ls00.dat
1 15 -587.949 -326.648 -87.5133 -0.465412 0.493392 -0.734817 0 -0.830214 -0.557445 -0.885094 -0.259442 0.386391 ls00.dat
1 15 -589.466 -324.095 -86.7156 -0.626421 0.347963 -0.697509 0 -0.894833 -0.446401 -0.779485 -0.279635 0.560542 ls00.dat
1 15 -590.516 -321.395 -85.8717 -0.845984 0.184761 -0.500175 0 -0.938047 -0.346508 -0.533209 -0.29314 0.793573 ls00.dat
1 15 -591.069 -318.588 -84.9946 -0.998763 0.014849 -0.0474579 0 -0.954375 -0.298612 -0.0497267 -0.298242 0.953194 ls00.dat
1 15 -591.114 -315.721 -84.0989 -0.89232 -0.149202 0.426033 0 -0.943796 -0.330528 0.451404 -0.294936 0.842168 ls00.dat
1 15 -590.659 -312.844 -83.1997 -0.691479 -0.297502 0.658293 0 -0.911262 -0.411827 0.722397 -0.284769 0.630118 ls00.dat
1 15 -589.731 -310.002 -82.3115 -0.536204 -0.425022 0.729275 0 -0.863979 -0.503527 0.844088 -0.269994 0.463269 ls00.dat
1 15 -588.37 -307.235 -81.447 -0.429694 -0.531098 0.730272 0 -0.808741 -0.588166 0.902974 -0.252731 0.347511 ls00.dat
1 15 -586.624 -304.577 -80.6163 -0.355006 -0.617703 0.701722 0 -0.750614 -0.660741 0.934864 -0.234567 0.266473 ls00.dat
1 15 -584.546 -302.052 -79.827 -0.300245 -0.687834 0.660861 0 -0.692827 -0.721104 0.953862 -0.216508 0.208018 ls00.dat
1 15 -582.186 -299.674 -79.0841 -0.258354 -0.744551 0.615546 0 -0.637178 -0.770717 0.96605 -0.199118 0.164618 ls00.dat
1 15 -579.592 -297.454 -78.3904 -0.225131 -0.790544 0.569523 0 -0.584528 -0.811373 0.974329 -0.182665 0.131595 ls00.dat
1 15 -576.808 -295.396 -77.7471 -0.197983 -0.828016 0.524587 0 -0.535181 -0.844738 0.980205 -0.167244 0.105957 ls00.dat
1 15 -573.871 -293.498 -77.154 -0.175248 -0.858712 0.481561 0 -0.489131 -0.872211 0.984524 -0.152853 0.0857193 ls00.dat
1 15 -570.815 -291.757 -76.6099 -0.155816 -0.883993 0.44077 0 -0.44622 -0.894923 0.987786 -0.139444 0.0695284 ls00.dat
1 15 -567.666 -290.167 -76.1133 -0.138923 -0.904913 0.402284 0 -0.406223 -0.913774 0.990303 -0.126945 0.0564338 ls00.dat
1 15 -564.449 -288.723 -75.6619 -0.124027 -0.922295 0.366046 0 -0.368894 -0.929472 0.992279 -0.115279 0.0457527 ls00.dat
1 15 -561.182 -287.417 -75.2536 -0.110731 -0.936779 0.331938 0 -0.333992 -0.942576 0.99385 -0.104373 0.0369833 ls00.dat
1 15 -557.882 -286.24 -74.886 -0.0987423 -0.948872 0.29982 0 -0.301293 -0.953532 0.995113 -0.0941539 0.0297503 ls00.dat
1 15 -554.562 -285.186 -74.5565 -0.0878364 -0.958974 0.269545 0 -0.270591 -0.962694 0.996135 -0.0845596 0.0237677 ls00.dat
1 15 -551.234 -284.247 -74.263 -0.0778402 -0.967406 0.24097 0 -0.241703 -0.97035 0.996966 -0.0755323 0.0188142 ls00.dat
1 15 -547.906 -283.415 -74.0032 -0.0686177 -0.974429 0.213962 0 -0.214467 -0.976731 0.997643 -0.0670211 0.0147163 ls00.dat
1 15 -544.586 -282.685 -73.7749 -0.0600603 -0.980255 0.188398 0 -0.188739 -0.982027 0.998195 -0.0589808 0.0113357 ls00.dat
1 15 -541.281 -282.048 -73.576 -0.0520803 -0.985057 0.164167 0 -0.16439 -0.986395 0.998643 -0.0513718 0.00856147 ls00.dat
1 15 -537.995 -281.5 -73.4046 -0.0446062 -0.98898 0.141167 0 -0.141307 -0.989966 0.999005 -0.0441586 0.00630318 ls00.dat
1 15 -534.734 -281.034 -73.259 -0.0375787 -0.992146 0.119307 0 -0.119392 -0.992847 0.999294 -0.0373099 0.00448659 ls00.dat
1 15 -531.5 -280.645 -73.1374 -0.0309487 -0.994655 0.0985066 0 -0.0985538 -0.995132 0.999521 -0.0307981 0.00305012 ls00.dat
1 15 -528.298 -280.327 -73.0383 -0.0246747 -0.996594 0.0786901 0 -0.0787141 -0.996897 0.999696 -0.0245981 0.00194225 ls00.dat
1 15 -525.13 -280.077 -72.9601 -0.0187215 -0.998035 0.0597912 0 -0.0598016 -0.99821 0.999825 -0.018688 0.00111958 ls00.dat
1 15 -521.997 -279.89 -72.9014 -0.0130592 -0.999043 0.0417493 0 -0.0417529 -0.999128 0.999915 -0.0130478 0.000545258 ls00.dat
1 15 -518.902 -279.76 -72.861 -0.00766182 -0.99967 0.0245097 0 -0.0245104 -0.9997 0.999971 -0.00765952 0.000187795 ls00.dat
1 15 -515.846 -279.685 -72.8376 -0.00250714 -0.999965 0.00802256 0 -0.00802258 -0.999968 0.999997 -0.00250706 2.01137e-005 ls00.dat
0 MLCAD SKIP_END
1 15 -582.83 -144 -212.83 1 0 0 0 1 0 0 0 1 2493a.dat
1 41 -582.83 -144 -212.83 1 0 0 0 1 0 0 0 1 2494.dat
1 15 -482.83 -144 -212.83 1 0 0 0 1 0 0 0 1 2493a.dat
1 41 -482.83 -144 -212.83 1 0 0 0 1 0 0 0 1 2494.dat
1 15 -482.83 -144 367.17 -1 0 0 0 1 0 0 0 -1 2493a.dat
1 41 -482.83 -144 367.17 -1 0 0 0 1 0 0 0 -1 2494.dat
1 15 -462.83 -336 167.17 -1 0 0 0 1 0 0 0 -1 2493a.dat
1 41 -462.83 -336 167.17 -1 0 0 0 1 0 0 0 -1 2494.dat
1 15 -462.83 -336 -12.83 1 0 0 0 1 0 0 0 1 2493a.dat
1 41 -462.83 -336 -12.83 1 0 0 0 1 0 0 0 1 2494.dat
1 15 -582.83 -144 367.17 -1 0 0 0 1 0 0 0 -1 2493a.dat
1 41 -582.83 -144 367.17 -1 0 0 0 1 0 0 0 -1 2494.dat
1 15 -382.83 -144 367.17 -1 0 0 0 1 0 0 0 -1 2493a.dat
1 41 -382.83 -144 367.17 -1 0 0 0 1 0 0 0 -1 2494.dat
1 15 -392.83 -64 187.17 -1 0 0 0 1 0 0 0 -1 4599a.dat
1 15 -392.83 -40 187.17 -1 0 0 0 1 0 0 0 -1 3062b.dat
1 4 -382.83 -32 -212.83 -1 0 0 0 1 0 0 0 -1 4216.dat
1 4 -382.83 -56 -212.83 -1 0 0 0 1 0 0 0 -1 4216.dat
1 4 -382.83 -80 -212.83 -1 0 0 0 1 0 0 0 -1 4216.dat
1 4 -382.83 -104 -212.83 -1 0 0 0 1 0 0 0 -1 4216.dat
1 4 -382.83 -128 -212.83 -1 0 0 0 1 0 0 0 -1 4216.dat
1 4 -382.83 -152 -212.83 -1 0 0 0 1 0 0 0 -1 4216.dat
1 4 -382.83 -32 -32.83 1 0 0 0 1 0 0 0 1 4216.dat
1 4 -382.83 -56 -32.83 1 0 0 0 1 0 0 0 1 4216.dat
1 4 -382.83 -80 -32.83 1 0 0 0 1 0 0 0 1 4216.dat
1 4 -382.83 -104 -32.83 1 0 0 0 1 0 0 0 1 4216.dat
1 4 -382.83 -128 -32.83 1 0 0 0 1 0 0 0 1 4216.dat
1 4 -382.83 -152 -32.83 1 0 0 0 1 0 0 0 1 4216.dat
1 4 -302.83 -32 367.17 1 0 0 0 1 0 0 0 1 4216.dat
1 4 -302.83 -56 367.17 1 0 0 0 1 0 0 0 1 4216.dat
1 4 -302.83 -80 367.17 1 0 0 0 1 0 0 0 1 4216.dat
1 4 -302.83 -104 367.17 1 0 0 0 1 0 0 0 1 4216.dat
1 4 -302.83 -128 367.17 1 0 0 0 1 0 0 0 1 4216.dat
1 4 -302.83 -152 367.17 1 0 0 0 1 0 0 0 1 4216.dat
1 4 -302.83 -32 187.17 -1 0 0 0 1 0 0 0 -1 4216.dat
1 4 -302.83 -56 187.17 -1 0 0 0 1 0 0 0 -1 4216.dat
1 4 -302.83 -80 187.17 -1 0 0 0 1 0 0 0 -1 4216.dat
1 4 -302.83 -104 187.17 -1 0 0 0 1 0 0 0 -1 4216.dat
1 4 -302.83 -128 187.17 -1 0 0 0 1 0 0 0 -1 4216.dat
1 4 -302.83 -152 187.17 -1 0 0 0 1 0 0 0 -1 4216.dat
1 4 -302.83 -176 367.17 1 0 0 0 1 0 0 0 1 4216.dat
1 4 -302.83 -176 187.17 -1 0 0 0 1 0 0 0 -1 4216.dat
1 4 -502.83 -176 -212.83 -1 0 0 0 1 0 0 0 -1 4217.dat
1 4 -502.83 -176 -32.83 1 0 0 0 1 0 0 0 1 4217.dat
1 4 -632.83 -152 387.17 1 0 0 0 1 0 0 0 1 3024.dat
1 4 -532.83 -152 387.17 1 0 0 0 1 0 0 0 1 3024.dat
1 4 -432.83 -152 387.17 1 0 0 0 1 0 0 0 1 3024.dat
1 4 -332.83 -152 387.17 1 0 0 0 1 0 0 0 1 3024.dat
1 4 -432.83 -152 -232.83 1 0 0 0 1 0 0 0 1 3024.dat
1 4 -532.83 -152 -232.83 1 0 0 0 1 0 0 0 1 3024.dat
1 4 -632.83 -152 -232.83 1 0 0 0 1 0 0 0 1 3024.dat
1 4 -432.83 -184 -232.83 1 0 0 0 1 0 0 0 1 3024.dat
1 4 -532.83 -184 -232.83 1 0 0 0 1 0 0 0 1 3024.dat
1 4 -632.83 -184 -232.83 1 0 0 0 1 0 0 0 1 3024.dat
1 4 -432.83 -208 387.17 1 0 0 0 1 0 0 0 1 3024.dat
1 4 -332.83 -208 387.17 1 0 0 0 1 0 0 0 1 3024.dat
1 4 -442.83 -208 357.17 1 0 0 0 1 0 0 0 1 3020.dat
1 4 -532.83 -208 387.17 1 0 0 0 1 0 0 0 1 3024.dat
1 4 -632.83 -208 387.17 1 0 0 0 1 0 0 0 1 3024.dat
1 4 -632.83 -176 377.17 0 0 -1 0 1 0 1 0 0 3004.dat
1 4 -532.83 -176 377.17 0 0 -1 0 1 0 1 0 0 3004.dat
1 4 -432.83 -176 377.17 0 0 -1 0 1 0 1 0 0 3004.dat
1 4 -332.83 -176 377.17 0 0 -1 0 1 0 1 0 0 3004.dat
1 15 -582.83 -176 367.17 -1 0 0 0 1 0 0 0 -1 3010.dat
1 15 -482.83 -176 367.17 -1 0 0 0 1 0 0 0 -1 3010.dat
1 15 -382.83 -176 367.17 -1 0 0 0 1 0 0 0 -1 3010.dat
1 15 -562.83 -152 367.17 -1 0 0 0 1 0 0 0 -1 3460.dat
1 15 -482.83 -152 -212.83 -1 0 0 0 1 0 0 0 -1 3460.dat
1 15 -602.83 -152 -212.83 -1 0 0 0 1 0 0 0 -1 3710.dat
1 15 -402.83 -152 367.17 -1 0 0 0 1 0 0 0 -1 3460.dat
1 4 -412.83 -200 167.17 1 0 0 0 1 0 0 0 1 2449.dat
1 4 -412.83 -200 -12.83 -1 0 0 0 1 0 0 0 -1 2449.dat
1 15 -532.83 -90 167.17 0 0 -1 -1 0 0 0 1 0 73590b.dat
1 4 -632.83 -200 387.17 0 0 -1 0 1 0 1 0 0 3005.dat
1 4 -532.83 -200 387.17 0 0 -1 0 1 0 1 0 0 3005.dat
1 4 -332.83 -200 387.17 0 0 -1 0 1 0 1 0 0 3005.dat
1 4 -422.83 -184 -122.83 0 0 -1 0 1 0 1 0 0 3033.dat
1 4 -582.83 -208 277.17 0 0 -1 0 1 0 1 0 0 3033.dat
1 4 -322.83 -208 277.17 0 0 -1 0 1 0 1 0 0 3030.dat
1 4 -542.83 -184 -122.83 0 0 -1 0 1 0 1 0 0 3033.dat
1 4 -622.83 -184 -122.83 0 0 -1 0 1 0 1 0 0 3832.dat
1 4 -432.83 -200 387.17 0 0 -1 0 1 0 1 0 0 3005.dat
1 4 -632.83 -176 -232.83 0 0 -1 0 1 0 1 0 0 3005.dat
1 4 -532.83 -176 -232.83 0 0 -1 0 1 0 1 0 0 3005.dat
1 4 -432.83 -176 -232.83 0 0 -1 0 1 0 1 0 0 3005.dat
1 4 -582.83 -176 187.17 1 0 0 0 1 0 0 0 1 3009.dat
1 4 -382.83 -32 -122.83 0 0 1 0 1 0 -1 0 0 4219a.dat
1 41 -382.83 -108 -122.83 0 0 1 0 1 0 -1 0 0 4218a.dat
1 41 -382.83 -89 -122.83 0 0 1 0 1 0 -1 0 0 4218a.dat
1 4 -382.83 -70 -122.83 0 0 1 0 1 0 -1 0 0 4218a.dat
1 15 -382.83 -51 -122.83 0 0 1 0 1 0 -1 0 0 4218a.dat
1 41 -384.83 -165 -122.83 0 0.173648 -0.984808 0 0.984808 0.173648 1 0 0 4218a.dat
1 41 -404.83 -169 -122.83 0 0.984808 -0.173648 0 0.173648 0.984808 1 0 0 4218a.dat
1 41 -382.83 -146 -122.83 0 0 1 0 1 0 -1 0 0 4218a.dat
1 41 -382.83 -127 -122.83 0 0 1 0 1 0 -1 0 0 4218a.dat
1 4 -422.83 -200 187.17 -1 0 0 0 1 0 0 0 -1 4217.dat
1 4 -422.83 -200 367.17 1 0 0 0 1 0 0 0 1 4217.dat
1 4 -302.83 -37 277.17 0 0 1 0 1 0 -1 0 0 4219a.dat
1 41 -302.83 -132 277.17 0 0 1 0 1 0 -1 0 0 4218a.dat
1 41 -302.83 -113 277.17 0 0 1 0 1 0 -1 0 0 4218a.dat
1 41 -302.83 -94 277.17 0 0 1 0 1 0 -1 0 0 4218a.dat
1 4 -302.83 -75 277.17 0 0 1 0 1 0 -1 0 0 4218a.dat
1 15 -302.83 -56 277.17 0 0 1 0 1 0 -1 0 0 4218a.dat
1 41 -304.83 -189 277.17 0 0.173648 -0.984808 0 0.984808 0.173648 1 0 0 4218a.dat
1 41 -324.83 -193 277.17 0 0.984808 -0.173648 0 0.173648 0.984808 1 0 0 4218a.dat
1 41 -302.83 -170 277.17 0 0 1 0 1 0 -1 0 0 4218a.dat
1 41 -302.83 -151 277.17 0 0 1 0 1 0 -1 0 0 4218a.dat
1 4 -602.83 -200 187.17 -1 0 0 0 1 0 0 0 -1 3010.dat
1 4 -602.83 -200 367.17 -1 0 0 0 1 0 0 0 -1 3010.dat
1 4 -412.83 -208 77.17 0 0 -1 0 1 0 1 0 0 4477.dat
1 4 -442.83 -208 197.17 1 0 0 0 1 0 0 0 1 3020.dat
1 4 -462.83 -208 -32.83 1 0 0 0 1 0 0 0 1 3009.dat
1 4 -502.83 -208 277.17 0 0 1 0 1 0 -1 0 0 3832.dat
1 4 -382.83 -208 277.17 0 0 1 0 1 0 -1 0 0 3832.dat
1 41 -442.83 -232 287.17 -1 0 0 0 1 0 0 0 -1 3939.dat
1 41 -442.83 -232 267.17 1 0 0 0 1 0 0 0 1 3939.dat
1 4 -632.83 -232 377.17 0 0 1 0 1 0 -1 0 0 3004.dat
1 4 -492.83 -240 137.17 0 0 1 0 1 0 -1 0 0 3004.dat
1 15 -412.83 -264 117.17 0 0 1 0 1 0 -1 0 0 3039p34.dat
1 15 -412.83 -264 37.17 0 0 1 0 1 0 -1 0 0 3039p23.dat
1 4 -532.83 -232 377.17 0 0 1 0 1 0 -1 0 0 3004.dat
1 4 -432.83 -232 377.17 0 0 1 0 1 0 -1 0 0 3004.dat
