0 FILE Untitled.ldr
0 Untitled
0 Name: Untitled.ldr
0 Author: Rijk van Voorst
0 Unofficial Model
0 ROTATION CENTER 0 0 0 1 "Custom" 
0 ROTATION CONFIG 0 0
1 14 0 0 0 1 0 0 0 1 0 0 0 1 4212b.dat
1 0 0 8 60 1 0 0 0 1 0 0 0 1 4600.dat
1 0 0 8 -60 1 0 0 0 1 0 0 0 1 4600.dat
1 0 30 8 0 0 0 -1 0 1 0 1 0 0 3710.dat
1 0 -30 8 0 0 0 -1 0 1 0 1 0 0 3710.dat
1 14 0 -8 60 0 0 -1 0 1 0 1 0 0 3022.dat
1 14 0 -8 -60 0 0 -1 0 1 0 1 0 0 3022.dat
1 14 30 -8 0 0 0 -1 0 1 0 1 0 0 3710.dat
1 14 -30 -8 0 0 0 -1 0 1 0 1 0 0 3710.dat
1 14 0 -24 90 -1 0 0 0 1 0 0 0 -1 3004.dat
1 47 -30 -8 -90 -1 0 0 0 1 0 0 0 -1 3024.dat
1 47 30 -8 -90 -1 0 0 0 1 0 0 0 -1 3024.dat
1 7 0 -8 -90 -1 0 0 0 1 0 0 0 -1 3023.dat
1 0 0 -8 -30 1 0 0 0 1 0 0 0 1 3829c01.dat
1 14 -30 -24 90 -1 0 0 0 1 0 0 0 -1 4070.dat
1 14 30 -24 90 -1 0 0 0 1 0 0 0 -1 4070.dat
1 36 -30 -14 104 -1 0 0 0 0 -1 0 -1 0 3070b.dat
1 36 30 -14 104 -1 0 0 0 0 -1 0 -1 0 3070b.dat
1 14 0 -24 60 -1 0 0 0 1 0 0 0 -1 3788.dat
1 14 0 -32 -50 1 0 0 0 1 0 0 0 1 2513.dat
1 14 -30 -32 50 1 0 0 0 1 0 0 0 1 3024.dat
1 14 30 -32 50 1 0 0 0 1 0 0 0 1 3024.dat
1 14 30 -32 20 0 0 1 0 1 0 -1 0 0 4865a.dat
1 14 30 -32 -20 0 0 1 0 1 0 -1 0 0 4865a.dat
1 14 -30 -32 -20 0 0 -1 0 1 0 1 0 0 4865a.dat
1 14 -30 -32 20 0 0 -1 0 1 0 1 0 0 4865a.dat
1 0 0 -48 50 1 0 0 0 1 0 0 0 1 2432.dat
1 43 0 -72 70 -1 0 0 0 1 0 0 0 -1 3823.dat
1 14 0 -80 70 1 0 0 0 1 0 0 0 1 4315.dat
1 43 0 -76 56 1 0 0 0 1 0 0 0 1 4474.dat
1 14 30 13 -60 0 0 -1 0 1 0 1 0 0 4624.dat
1 0 30 13 -60 0 0 -1 0 1 0 1 0 0 3641.dat
1 14 30 13 60 0 0 -1 0 1 0 1 0 0 4624.dat
1 0 30 13 60 0 0 -1 0 1 0 1 0 0 3641.dat
1 14 -30 13 60 0 0 1 0 1 0 -1 0 0 4624.dat
1 0 -30 13 60 0 0 1 0 1 0 -1 0 0 3641.dat
1 14 -30 13 -60 0 0 1 0 1 0 -1 0 0 4624.dat
1 0 -30 13 -60 0 0 1 0 1 0 -1 0 0 3641.dat
1 0 110 -41 20 0.882948 0 -0.469472 0 1 0 0.469472 0 0.882948 Driver.ldr
0
0 FILE Driver.ldr
0 New Minifig Model
0 Name: Driver.ldr
0 Author: Rijk van Voorst
0 Unofficial Model
0 ROTATION CENTER 0 0 0 1 "Custom" 
0 ROTATION CONFIG 0 0
1 0 0 -24 0 0.939693 0 -0.34202 0 1 0 0.34202 0 0.939693 4530.dat
1 14 0 -24 0 0.939693 0 -0.34202 0 1 0 0.34202 0 0.939693 3626ap01.dat
1 15 0 0 0 1 0 0 0 1 0 0 0 1 973p1d.dat
1 15 0 32 0 1 0 0 0 1 0 0 0 1 3815.dat
1 1 -15.552 9 0 0.985 -0.17 0 0.17 0.985 0 0 0 1 3818.dat
1 1 15.552 9 0 0.985 0.159748 0.0581434 -0.17 0.925597 0.33689 0 -0.34202 0.939693 3819.dat
1 14 -23.8634 26.5956 -10.321 0.985 -0.12019 0.12019 0.17 0.696395 -0.696395 0 0.707 0.707 3820.dat
1 14 23.0709 22.0041 -16.1152 0.985 0.154049 -0.0718343 -0.17 0.892578 -0.416216 0 0.422554 0.906171 3820.dat
1 0 -24.9451 32.8631 -16.684 -0.0874983 -0.14567 -0.985 0.506976 0.844031 -0.17 0.856884 -0.514696 0 4449.dat
1 15 0 44 0 1 0 0 0 1 0 0 0 1 3816.dat
1 15 0 44 0 1 0 0 0 1 0 0 0 1 3817.dat
0 
0
0
