0 FILE Untitled.ldr
0 Untitled
0 Name: Untitled.ldr
0 Author: Rijk van Voorst
0 Unofficial Model
0 ROTATION CENTER 0 0 0 1 "Custom" 
0 ROTATION CONFIG 0 0
1 4 0 0 0 1 0 0 0 1 0 0 0 1 3020.dat
1 0 0 0 60 1 0 0 0 1 0 0 0 1 4600.dat
1 0 0 0 120 1 0 0 0 1 0 0 0 1 4600.dat
1 0 0 0 -100 1 0 0 0 1 0 0 0 1 4600.dat
1 4 0 -8 -110 0 0 -1 0 1 0 1 0 0 3021.dat
1 4 0 -8 60 0 0 -1 0 1 0 1 0 0 3034.dat
1 4 0 -16 0 0 0 -1 0 1 0 1 0 0 2445.dat
1 4 0 -16 -130 1 0 0 0 1 0 0 0 1 2436a.dat
1 4 0 -8 150 -1 0 0 0 1 0 0 0 -1 2436a.dat
1 36 -30 2 172 -1 0 0 0 0 -1 0 -1 0 3070b.dat
1 36 30 2 172 -1 0 0 0 0 -1 0 -1 0 3070b.dat
1 15 0 2 172 -1 0 0 0 0 -1 0 -1 0 3069b.dat
1 4 0 -16 140 -1 0 0 0 1 0 0 0 -1 3022.dat
1 4 0 -24 -110 0 0 -1 0 1 0 1 0 0 3021.dat
1 4 0 -6 -152 -1 0 0 0 0 1 0 1 0 3710.dat
1 4 0 -24 -20 0 0 1 0 1 0 -1 0 0 3032.dat
1 4 0 -24 90 1 0 0 0 1 0 0 0 1 3023.dat
1 4 0 -32 120 1 0 0 0 1 0 0 0 1 3787.dat
1 4 0 -32 60 1 0 0 0 1 0 0 0 1 3787.dat
1 14 0 -32 50 1 0 0 0 1 0 0 0 1 3023.dat
1 14 30 -32 -30 0 0 -1 0 1 0 1 0 0 3623.dat
1 14 -30 -32 -30 0 0 -1 0 1 0 1 0 0 3623.dat
1 14 0 -32 -60 0 0 -1 0 1 0 1 0 0 3022.dat
1 14 30 -32 30 -1 0 0 0 1 0 0 0 -1 2420.dat
1 14 -30 -32 30 0 0 1 0 1 0 -1 0 0 2420.dat
1 7 -10 -32 -90 0 0 1 0 1 0 -1 0 0 4085b.dat
1 7 -10 -32 -110 0 0 1 0 1 0 -1 0 0 4085b.dat
1 7 10 -32 -110 0 0 -1 0 1 0 1 0 0 4085b.dat
1 7 10 -32 -90 0 0 -1 0 1 0 1 0 0 4085b.dat
1 4 10 -32 -130 0 0 -1 0 1 0 1 0 0 4081b.dat
1 4 -10 -32 -130 0 0 1 0 1 0 -1 0 0 4081b.dat
1 15 0 -32 -30 1 0 0 0 1 0 0 0 1 3829c01.dat
1 7 -30 -32 -70 1 0 0 0 1 0 0 0 1 4073.dat
1 7 30 -32 -70 1 0 0 0 1 0 0 0 1 4073.dat
1 46 30 -6 -160 1 0 0 0 0 -1 0 1 0 4073.dat
1 46 -30 -6 -160 1 0 0 0 0 -1 0 1 0 4073.dat
1 0 0 -6 -160 1 0 0 0 0 -1 0 1 0 2412a.dat
1 47 30 -30 -142 1 0 0 0 0 -1 0 1 0 4073.dat
1 47 -30 -30 -142 1 0 0 0 0 -1 0 1 0 4073.dat
1 0 0 -56 -130 1 0 0 0 1 0 0 0 1 3004.dat
1 0 -10 -56 -110 0 0 1 0 1 0 -1 0 0 4070.dat
1 0 -10 -56 -90 0 0 1 0 1 0 -1 0 0 4070.dat
1 0 10 -56 -90 0 0 -1 0 1 0 1 0 0 4070.dat
1 0 10 -56 -110 0 0 -1 0 1 0 1 0 0 4070.dat
1 0 -10 -56 30 0 0 -1 0 1 0 1 0 0 2357.dat
1 0 10 -56 30 1 0 0 0 1 0 0 0 1 2357.dat
1 0 10 -56 -50 0 0 1 0 1 0 -1 0 0 2357.dat
1 0 -10 -56 -50 -1 0 0 0 1 0 0 0 -1 2357.dat
1 0 0 -48 110 1 0 0 0 1 0 0 0 1 3298.dat
1 0 0 -64 -130 1 0 0 0 1 0 0 0 1 4175.dat
1 0 0 -64 -90 0 0 -1 0 1 0 1 0 0 3021.dat
1 0 30 -56 -30 1 0 0 0 1 0 0 0 1 3822.dat
1 0 -30 -56 -30 1 0 0 0 1 0 0 0 1 3821.dat
1 7 0 -64 50 1 0 0 0 1 0 0 0 1 2412a.dat
1 7 24 -46 -100 0 -1 0 0 0 -1 1 0 0 2412a.dat
1 7 -24 -46 -100 0 1 0 0 0 -1 -1 0 0 2412a.dat
1 0 0 -56 110 -1 0 0 0 1 0 0 0 -1 2452.dat
1 0 0 -74.721 149.993 0 0 -1 0.83147 -0.55557 0 -0.55557 -0.83147 0 4276b.dat
1 0 0 -79.166 143.341 0 0 -1 0.83147 -0.55557 0 -0.55557 -0.83147 0 3938.dat
1 0 0 -90.278 126.711 1 0 0 0 0.55557 -0.83147 0 0.83147 0.55557 2440p01.dat
1 47 0 -104 -30 1 0 0 0 1 0 0 0 1 3823.dat
1 0 0 -104 30 1 0 0 0 1 0 0 0 1 4214.dat
1 0 0 -112 0 1 0 0 0 1 0 0 0 1 4213.dat
1 0 0 -120 -30 1 0 0 0 1 0 0 0 1 3794a.dat
1 7 30 -32 -100 1 0 0 0 1 0 0 0 1 4466.dat
1 7 -30 -32 -100 1 0 0 0 1 0 0 0 1 4467.dat
1 46 -30 -120 -30 1 0 0 0 1 0 0 0 1 4073.dat
1 46 30 -120 -30 1 0 0 0 1 0 0 0 1 4073.dat
1 46 0 -128 -30 1 0 0 0 1 0 0 0 1 4073.dat
1 0 30 -120 10 1 0 0 0 1 0 0 0 1 4592.dat
1 0 -30 -120 10 1 0 0 0 1 0 0 0 1 4592.dat
1 14 -30 -120 10 1 0 0 0 0.83147 0.55557 0 -0.55557 0.83147 4593.dat
1 14 30 -120 10 1 0 0 0 0.83147 0.55557 0 -0.55557 0.83147 4593.dat
1 7 30 -54 -70 -1 0 0 0 0 -1 0 -1 0 4349.dat
1 7 -30 -54 -70 -1 0 0 0 0 -1 0 -1 0 4349.dat
1 15 30 5 -100 0 0 -1 0 1 0 1 0 0 6014.dat
1 0 36 5 -100 0 0 -1 0 1 0 1 0 0 6015.dat
1 15 30 5 60 0 0 -1 0 1 0 1 0 0 6014.dat
1 0 36 5 60 0 0 -1 0 1 0 1 0 0 6015.dat
1 15 30 5 120 0 0 -1 0 1 0 1 0 0 6014.dat
1 0 36 5 120 0 0 -1 0 1 0 1 0 0 6015.dat
1 15 -30 5 120 0 0 1 0 1 0 -1 0 0 6014.dat
1 0 -36 5 120 0 0 1 0 1 0 -1 0 0 6015.dat
1 15 -30 5 60 0 0 1 0 1 0 -1 0 0 6014.dat
1 0 -36 5 60 0 0 1 0 1 0 -1 0 0 6015.dat
1 15 -30 5 -100 0 0 1 0 1 0 -1 0 0 6014.dat
1 0 -36 5 -100 0 0 1 0 1 0 -1 0 0 6015.dat
1 0 0 -96 -30 1 0 0 0 1 0 0 0 1 Driver.ldr
0
0 FILE Driver.ldr
0 New Minifig Model
0 Name: Driver.ldr
0 Author: Rijk van Voorst
0 Unofficial Model
0 ROTATION CENTER 0 0 0 1 "Custom" 
0 ROTATION CONFIG 0 0
1 15 0 -5 38 1 0 0 0 1 0 0 0 1 2446.dat
1 43 0 -5 38 1 0 0 0 1 0 0 0 1 2447.dat
1 14 0 -5 38 1 0 0 0 1 0 0 0 1 3626ap01.dat
1 15 0 19 38 1 0 0 0 1 0 0 0 1 973p14.dat
1 15 0 51 38 1 0 0 0 1 0 0 0 1 3815.dat
1 15 -15.552 28 38 0.985 -0.130228 -0.109274 0.17 0.754554 0.633146 0 -0.642788 0.766044 3818.dat
1 15 15.552 28 38 0.985 0.130228 0.109274 -0.17 0.754554 0.633146 0 -0.642788 0.766044 3819.dat
1 14 -21.989 34.737 18.034 0.985 -0.169328 0.0148142 0.17 0.981104 -0.0858354 0 0.0871426 0.996044 3820.dat
1 14 21.989 34.737 18.034 0.985 0.169328 -0.0148142 -0.17 0.981104 -0.0858354 0 0.0871426 0.996044 3820.dat
1 15 0 63 38 1 0 0 0 0 1 0 -1 0 3816.dat
1 15 0 63 38 1 0 0 0 0 1 0 -1 0 3817.dat
0
0
