0 FILE space patrol.ldr
0 Lego 6803
0 Name: space patrol.ldr
0 Author: Lego2Lego
1 46 0 0 0 1 0 0 0 1 0 -0 0 1 craft.ldr
1 46 0 -61 68 1 0 0 0 1 0 -0 0 1 minifigure classic space white.ldr
0 NOFILE
0 FILE minifigure classic space white.ldr
0 untitled model
0 Name: 
0 Author: Alex
1 15 0 -28 0 1 0 0 0 1 0 0 0 1 3842a.dat
1 14 0 -28 0 1 0 0 0 1 0 0 0 1 3626BP01.dat
1 15 0 -2 0 1 0 0 0 1 0 0 0 1 3838.dat
1 15 0 0 0 1 0 0 0 1 0 0 0 1 973P90.dat
1 15 15.4 8 0 0.985435 0.139301 0.097539 -0.170055 0.807221 0.565222 0 -0.573576 0.819152 3819.dat
1 15 21.998491 16.834702 -19.089474 0.985435 0.167471 -0.02953 -0.170055 0.970464 -0.171119 0 0.173648 0.984808 3820.dat
1 15 -15.4 8 0 0.985435 -0.099956 -0.137577 0.170055 0.579224 0.797233 0 -0.809017 0.587785 3818.dat
1 15 -20.850559 10.182648 -21.249176 0.99963 0.005709 -0.026602 -0.001541 0.988045 0.154156 0.027165 -0.154058 0.987688 3820.dat
1 0 -20.728273 -15.915901 -27.229443 0.027174 -0.00137 0.99963 0.106822 0.994277 -0.001541 -0.993907 0.106824 0.027165 4360.dat
1 15 0 32 0 1 0 0 0 1 0 0 0 1 3815.dat
1 15 0 44 0 1 0 0 0 -0 1 0 -1 -0 3817.dat
1 15 0 44 0 1 0 0 0 -0 1 0 -1 -0 3816.dat
0 NOFILE
0 FILE craft.ldr
0 craft from 6803 - space patrol
0 Name: craft.ldr
0 Author: Lego2Lego
1 7 0 0 0 0 0 -1 0 1 0 1 0 0 3034.dat
0 STEP
1 7 40 -8 20 1 0 0 0 1 0 -0 0 1 3933.dat
1 7 -40 -8 20 1 0 0 0 1 0 -0 0 1 3934.dat
0 STEP
1 7 0 -8 -70 1 0 0 0 1 0 -0 0 1 3839b.dat
1 1 0 -16 10 1 0 0 0 1 0 -0 0 1 3023.dat
1 1 50 -16 90 1 0 0 0 1 0 -0 0 1 3024.dat
1 1 -50 -16 90 1 0 0 0 1 0 -0 0 1 3024.dat
0 STEP
1 1 0 -16 30 1 0 0 0 1 0 -0 0 1 3829c01.dat
1 1 30 -32 90 1 0 0 0 1 0 -0 0 1 4286.dat
1 1 -30 -32 90 1 0 0 0 1 0 -0 0 1 4286.dat
1 36 26 -2 -100 1 -0 0 -0 -0 1 0 -1 -0 3062b.dat
1 36 -26 -2 -100 1 -0 0 -0 -0 1 0 -1 -0 3062b.dat
0 STEP
1 1 -50 -40 90 -0 0 1 0 1 0 -1 0 -0 3963.dat
1 1 50 -40 90 0 0 -1 0 1 0 1 0 0 3963.dat
1 1 -50 -48 90 0 0 1 0 1 0 -1 0 0 3957b.dat
1 1 -10 -24 10 -0 0 1 0 1 0 -1 0 -0 4081a.dat
1 1 10 -24 10 0 0 -1 0 1 0 1 0 0 4081a.dat
1 46 30 -22 0 0 -0 -1 -1 -0 -0 0 1 -0 4073.dat
1 46 -30 -22 0 0 -0 -1 -1 -0 -0 0 1 -0 4073.dat
0 STEP
0 NOFILE