0 FILE 6813 - Galactic Chief.ldr
0 Galactic Chief
0 Name: 6813 - Galactic Chief.ldr
0 Author: Damien Roux [Darats]
0 !LDRAW_ORG Model
0 !LICENSE Redistributable under CCAL version 2.0 : see CAreadme.txt

0 !THEME Space / Space Police II

1 0 0 0 0 1 0 0 0 1 0 0 0 1 6813 - Spaceship.ldr
1 0 0 -37 18 1 0 0 0 1 0 0 0 1 6813 - Minifig.ldr


0 FILE 6813 - Spaceship.ldr
0 Spaceship
0 Name: 6813 - Spaceship.ldr
0 Author: Damien Roux [Darats]
0 !LDRAW_ORG Model
0 !LICENSE Redistributable under CCAL version 2.0 : see CAreadme.txt

0 !THEME Space / Space Police II

1 0 0 0 0 -1 0 0 0 1 0 0 0 -1 4856.dat
1 0 0 0 60 -1 0 0 0 1 0 0 0 -1 4855.dat
1 7 0 8 50 -1 0 0 0 1 0 0 0 -1 3022.dat
1 0 0 0 60 -1 0 0 0 1 0 0 0 -1 3023.dat
1 4 -30 -8 40 0 0 -1 0 1 0 1 0 0 3623.dat
1 4 30 -8 40 0 0 -1 0 1 0 1 0 0 3623.dat
1 7 0 -8 -30 1 0 0 0 1 0 0 0 1 6104.dat
1 7 0 -48 90 0 0 1 0 1 0 -1 0 0 6061.dat
1 0 0 -32 -40 1 0 0 0 1 0 0 0 1 3298p69.dat
1 0 20 -28 90 0 1 0 1 0 0 0 0 -1 4229.dat
1 0 -20 -28 90 0 -1 0 -1 0 0 0 0 -1 4229.dat
1 0 0 -40 -40 -1 0 0 0 1 0 0 0 -1 2436a.dat
1 0 0 -72 60 -1 0 0 0 1 0 0 0 -1 3937.dat
1 0 0 -96 130 1 0 0 0 1 0 0 0 1 3479.dat
1 0 0 -62 60 1 0 0 0 1 0 0 0 1 6813 - Spaceship - Cockpit.ldr
1 15 -10 -116 120 0.9659 0 -0.2588 0 1 0 0.2588 0 0.9659 4349.dat


0 FILE 6813 - Spaceship - Cockpit.ldr
0 Spaceship - Cockpit
0 Name: 6813 - Spaceship - Cockpit.ldr
0 Author: Damien Roux [Darats]
0 !LDRAW_ORG Model
0 !LICENSE Redistributable under CCAL version 2.0 : see CAreadme.txt

0 !THEME Space / Space Police II

1 0 0 -10 0 1 0 0 0 1 0 0 0 1 3938.dat
1 34 0 -18 0 1 0 0 0 1 0 0 0 1 6070.dat


0 FILE 6813 - Minifig.ldr
0 Minifig
0 Name: 6813 - Minifig.ldr
0 Author: Damien Roux [Darats]
0 !LDRAW_ORG Model
0 !LICENSE Redistributable under CCAL version 2.0 : see CAreadme.txt

0 !THEME Space / Space Police II

1 4 0 -2.286 8.161 1 0 0 0 0.984808 0.173648 0 -0.173648 0.984808 2526.dat
1 15 0 0.668 7.641 1 0 0 0 0.984808 0.173648 0 -0.173648 0.984808 973p6a.dat
1 15 0 32.183 2.084 1 0 0 0 0.984808 0.173648 0 -0.173648 0.984808 3815.dat
1 2 -15.552 9.532 6.077 0.985 -0.0148165 -0.169353 0.167417 -0.0884433 0.981479 -0.0295202 -0.995968 -0.084561 3818.dat
1 2 15.552 9.532 6.077 0.985 0.151471 0.0771784 -0.167417 0.785473 0.595109 0.0295202 -0.599494 0.799818 3819.dat
1 0 -19.204 -3.129 -11.582 0.985 -0.130208 -0.109257 0.167417 0.631376 0.756435 -0.0295202 -0.763934 0.644365 3820.dat
1 0 22.719 17.256 -13.272 0.985 0.161655 -0.052525 -0.167417 0.976071 -0.134588 0.0295202 0.141629 0.989314 3820.dat
1 2 0 44 0 1 0 0 0 0 1 0 -1 0 3816.dat
1 2 0 44 0 1 0 0 0 0 1 0 -1 0 3817.dat
1 0 0 -28.875 12.849 0.898794 0 -0.438371 0.076122 0.984808 0.156074 0.431711 -0.173648 0.885139 6813 - Minifig - Helmet.ldr
1 14 0 -28.875 12.849 0.898794 0 -0.438371 0.0761223 0.984808 0.156074 0.431711 -0.173648 0.885139 3626bp69.dat
1 0 0 -2.286 8.161 1 0 0 0 0.984808 0.173648 0 -0.173648 0.984808 3838.dat


0 FILE 6813 - Minifig - Helmet.ldr
0 Minifig - Helmet
0 Name: 6813 - Minifig - Helmet.ldr
0 Author: Damien Roux [Darats]
0 !LDRAW_ORG Model
0 !LICENSE Redistributable under CCAL version 2.0 : see CAreadme.txt

0 !THEME Space / Space Police II

1 0 0 0 0 1 0 0 0 1 0 0 0 1 2446.dat
1 34 0 0 0 1 0 0 0 1 0 0 0 1 2447.dat


