0 6831 Message Decoder
0 Name: 6831.ldr
0 Author: LEGO
0 bassfoundation@yahoo.com
0 ROTATION CENTER 0 0 0 1 "Custom" 
0 ROTATION CONFIG 0 0
1 0 0.001 -1.126 1.785 0 0 -1 -0.0871557 0.996195 0 0.996195 0.0871557 0 3832.dat
1 0 0 -2.123 -78.608 0 0 -1 -0.0871557 0.996195 0 0.996195 0.0871557 0 3020.dat
1 0 0 -18.808 20.314 1 0 0 0 0.996195 -0.0871557 0 0.0871557 0.996195 3787.dat
1 1 0 -31.135 69.426 -1 0 0 0 0.996195 0.0871557 0 0.0871557 -0.996195 3039.dat
1 1 10 -55.044 67.335 -1 0 0 0 0.996195 0.0871557 0 0.0871557 -0.996195 4070.dat
1 1 -10 -55.044 67.335 -1 0 0 0 0.996195 0.0871557 0 0.0871557 -0.996195 4070.dat
1 0 0 -19.805 -60.079 1 0 0 0 0.996195 -0.0871557 0 0.0871557 0.996195 3787.dat
1 0 0 -42.218 58.419 1 0 0 0 0.0871557 0.996195 0 -0.996195 0.0871557 3938.dat
1 1 0 -42.218 58.419 1 0 0 0 0.0871557 0.996195 0 -0.996195 0.0871557 3937.dat
1 0 10.002 -20.677 -50.117 1 0 0 0 0.996195 -0.0871557 0 0.0871557 0.996195 4592.dat
1 0 -10 -20.677 -50.117 1 0 0 0 0.996195 -0.0871557 0 0.0871557 0.996195 4592.dat
1 0 10 -20.59 -51.113 1 0 0 0 0.766045 0.642788 0 -0.642788 0.766045 4593.dat
1 0 -10 -20.59 -51.113 1 0 0 0 0.766045 0.642788 0 -0.642788 0.766045 4593.dat
1 1 0 -6.606 -119.153 1 0 0 0 0.996195 -0.0871557 0 0.0871557 0.996195 4859.dat
1 0 0 -33.13 -91.359 1 0 0 0 0.996195 -0.0871557 0 0.0871557 0.996195 3298p53.dat
1 0 0 -40.126 34.51 1 0 0 0 0.0871557 0.996195 0 -0.996195 0.0871557 4873.dat
1 0 0 12.073 -57.29 1 0 0 0 0.996195 -0.0871557 0 0.0871557 0.996195 122c01.dat
1 0 0 5.101 22.406 1 0 0 0 0.996195 -0.0871557 0 0.0871557 0.996195 3022.dat
1 0 0 13.07 23.103 1 0 0 0 0.996195 -0.0871557 0 0.0871557 0.996195 122c01.dat
1 0 0 -46.302 82.154 -1 0 0 0 0.0871557 -0.996195 0 -0.996195 -0.0871557 4590.dat
1 36 50 -38.035 10.601 -1 0 0 0 0.0871557 -0.996195 0 -0.996195 -0.0871557 4740.dat
1 36 -50 -38.035 10.601 -1 0 0 0 0.0871557 -0.996195 0 -0.996195 -0.0871557 4740.dat
1 0 40 18.05 -56.767 0 0 -1 0.996195 0.0871557 0 0.0871557 -0.996195 0 4288.dat
1 0 -40 18.05 -56.767 0 0 1 0.996195 -0.0871557 0 0.0871557 0.996195 0 4288.dat
1 0 40 19.047 23.626 0 0 -1 0.996195 0.0871557 0 0.0871557 -0.996195 0 4288.dat
1 0 -40 19.047 23.626 0 0 1 0.996195 -0.0871557 0 0.0871557 0.996195 0 4288.dat
1 36 30 -54.87 65.342 0 0 -1 0.996195 0.0871557 0 0.0871557 -0.996195 0 4073.dat
1 36 -30 -54.87 65.342 0 0 -1 0.996195 0.0871557 0 0.0871557 -0.996195 0 4073.dat
1 0 50 -30.888 -71.087 0 0 -1 0.996195 0.0871557 0 0.0871557 -0.996195 0 3957a.dat
1 0 -50 -30.888 -71.087 0 0 -1 0.996195 0.0871557 0 0.0871557 -0.996195 0 3957a.dat
1 0 0 -21 -12 1 0 0 0 0.996195 -0.0871557 0 0.0871557 0.996195 fig_spacepoliceI_recline1.ldr
0
