0 6889 Recon Robot
0 Name: 6889_Recon_Robot.ldr
0 Author: LEGO
0 bassfoundation@yahoo.com
0 ROTATION CENTER 0 0 0 1 "Custom" 
0 ROTATION CONFIG 0 0
1 0 0 0 0 0 0 1 0 1 0 -1 0 0 3034.dat
1 0 -10 -24 -60 0 0 1 0 1 0 -1 0 0 2458.dat
1 0 10 -24 -60 0 0 -1 0 1 0 1 0 0 2458.dat
1 0 -10 -24 0 0 0 1 0 1 0 -1 0 0 2458.dat
1 0 10 -24 0 0 0 -1 0 1 0 1 0 0 2458.dat
1 0 -10 -24 60 0 0 1 0 1 0 -1 0 0 2458.dat
1 0 10 -24 60 0 0 -1 0 1 0 1 0 0 2458.dat
1 0 0 -32 70 1 0 0 0 1 0 0 0 1 3023.dat
1 0 0 -32 -20 0 0 1 0 1 0 -1 0 0 3034.dat
1 4 0 -40 40 0 0 1 0 1 0 -1 0 0 3020.dat
1 0 0 -48 60 0 0 1 0 1 0 -1 0 0 3022.dat
1 0 2 -48 30 -1 0 0 0 1 0 0 0 -1 3710.dat
1 0 0 -48 10 -1 0 0 0 1 0 0 0 -1 3023.dat
1 0 0 -56 40 -1 0 0 0 1 0 0 0 -1 3031.dat
1 0 30 -80 50 -1 0 0 0 1 0 0 0 -1 3040b.dat
1 0 -30 -80 50 -1 0 0 0 1 0 0 0 -1 3040b.dat
1 0 30 -104 50 0 0 -1 0 1 0 1 0 0 4070.dat
1 0 -30 -104 50 0 0 1 0 1 0 -1 0 0 4070.dat
1 0 0 -104 10 -1 0 0 0 1 0 0 0 -1 4864b.dat
1 0 30 -104 20 0 0 -1 0 1 0 1 0 0 4864b.dat
1 0 -30 -104 20 0 0 1 0 1 0 -1 0 0 4864b.dat
1 4 0 -112 10 -1 0 0 0 1 0 0 0 -1 3710.dat
1 0 50 -94 50 0 -1 0 1 0 0 0 0 1 3959.dat
1 42 50 -94 26 0 0 -1 1 0 0 0 -1 0 4073.dat
1 0 -50 -94 50 0 1 0 -1 0 0 0 0 1 3959.dat
1 42 -50 -94 26 0 0 -1 1 0 0 0 -1 0 4073.dat
1 0 -9 -72 41 -1 0 0 0 -1 0 0 0 1 3959.dat
1 42 -9 -72 17 1 0 0 0 0 1 0 -1 0 4073.dat
1 0 10 -72 46 0 1 0 0 0 1 1 0 0 3069bp28.dat
1 4 -30 -112 40 0 0 -1 0 1 0 1 0 0 4275b.dat
1 4 30 -112 40 0 0 -1 0 1 0 1 0 0 4275b.dat
1 0 -30.1 -82 86.9 0 0 1 -0.906308 0.422618 0 -0.422618 -0.906308 0 4276b.dat
1 0 29.9 -82 86.9 0 0 1 -0.906308 0.422618 0 -0.422618 -0.906308 0 4276b.dat
1 4 -0.1 -78.619 79.65 -1 0 0 0 0.422618 -0.906308 0 -0.906308 -0.422618 3020.dat
1 0 -0.1 -91.063 82.674 -1 0 0 0 0.422618 -0.906308 0 -0.906308 -0.422618 2412b.dat
1 0 -0.1 -72.937 91.126 -1 0 0 0 0.422618 -0.906308 0 -0.906308 -0.422618 2412b.dat
1 0 0 -120 50 -1 0 0 0 1 0 0 0 -1 3710.dat
1 0 0 -120 20 -1 0 0 0 1 0 0 0 -1 3020.dat
1 0 -10 -104 -20 1 0 0 0 1 0 0 0 1 2340.dat
1 0 10 -104 -20 1 0 0 0 1 0 0 0 1 2340.dat
1 0 0 -144 10 -1 0 0 0 1 0 0 0 -1 3004.dat
1 4 -20 -144 40 -1 0 0 0 1 0 0 0 -1 3941.dat
1 4 20 -144 40 -1 0 0 0 1 0 0 0 -1 3941.dat
1 0 0 -152 50 -1 0 0 0 1 0 0 0 -1 3710.dat
1 0 -10 -152 30 -1 0 0 0 1 0 0 0 -1 2420.dat
1 0 10 -152 30 0 0 1 0 1 0 -1 0 0 2420.dat
1 0 0 -152 -20 1 0 0 0 1 0 0 0 1 4345b.dat
1 0 0 -152 -20 1 0 0 0 1 0 0 0 1 4346p61.dat
1 0 30 -14 -60 0 0 -1 0 1 0 1 0 0 6118.dat
1 0 30 -14 0 0 0 -1 0 1 0 1 0 0 6118.dat
1 0 30 -14 60 0 0 -1 0 1 0 1 0 0 6118.dat
1 0 -30 -14 60 0 0 1 0 1 0 -1 0 0 6118.dat
1 0 -30 -14 0 0 0 1 0 1 0 -1 0 0 6118.dat
1 0 -30 -14 -60 0 0 1 0 1 0 -1 0 0 6118.dat
1 0 -30 -160 20 0 0 1 0 1 0 -1 0 0 2419.dat
1 0 30 -160 20 0 0 -1 0 1 0 1 0 0 2419.dat
1 4 0 -168 -10 1 0 0 0 1 0 0 0 1 3023.dat
1 0 0 -184 10 -1 0 0 0 1 0 0 0 -1 3039pc7.dat
1 0 50 -232 30 0 0 -1 0 1 0 1 0 0 2449.dat
1 0 50 -232 10 0 0 -1 0 1 0 1 0 0 2449.dat
1 0 -50 -232 30 0 0 1 0 1 0 -1 0 0 2449.dat
1 0 -50 -232 10 0 0 1 0 1 0 -1 0 0 2449.dat
1 36 0 -240 -10 -1 0 0 0 1 0 0 0 -1 2362a.dat
1 0 -30 -232 -10 1 0 0 0 1 0 0 0 1 2449.dat
1 0 30 -232 -10 1 0 0 0 1 0 0 0 1 2449.dat
1 4 0 -240 30 1 0 0 0 1 0 0 0 1 3460.dat
1 4 50 -240 -10 1 0 0 0 1 0 0 0 1 2450.dat
1 4 -50 -240 -10 0 0 1 0 1 0 -1 0 0 2450.dat
1 0 20 -248 10 0 0 1 0 1 0 -1 0 0 3021.dat
1 0 -20 -248 10 0 0 1 0 1 0 -1 0 0 3021.dat
1 0 60 -248 30 1 0 0 0 1 0 0 0 1 4275b.dat
1 0 60 -248 10 1 0 0 0 1 0 0 0 1 4275b.dat
1 4 70 -256 20 0 0 -1 0 1 0 1 0 0 2412b.dat
1 0 94 -214 30 0 -1 0 -1 0 0 0 0 -1 4276b.dat
1 0 94 -214 10 0 -1 0 -1 0 0 0 0 -1 4276b.dat
1 4 86 -194 20 0 -1 0 -1 0 0 0 0 -1 4032a.dat
1 0 -60 -248 10 -1 0 0 0 1 0 0 0 -1 4275b.dat
1 0 -60 -248 30 -1 0 0 0 1 0 0 0 -1 4275b.dat
1 4 -70 -256 20 0 0 1 0 1 0 -1 0 0 2412b.dat
1 0 -94 -214 10 0 1 0 -1 0 0 0 0 1 4276b.dat
1 0 -94 -214 30 0 1 0 -1 0 0 0 0 1 4276b.dat
1 4 -86 -194 20 0 1 0 -1 0 0 0 0 1 4032a.dat
1 0 -102 -194 20 0 1 0 -1 0 0 0 0 1 3020.dat
1 0 -94 -184 20 0 1 0 0 0 -1 -1 0 0 4275b.dat
1 0 -94 -164 20 0 1 0 0 0 -1 -1 0 0 4275b.dat
1 0 -94 -184 -40 0 1 0 0 0 1 1 0 0 4276b.dat
1 0 -94 -164 -40 0 1 0 0 0 1 1 0 0 4276b.dat
1 0 -102 -174 -30 0 1 0 -1 0 0 0 0 1 3839b.dat
1 0 -102 -174 -50 0 1 0 -1 0 0 0 0 1 2452.dat
1 0 -102 -174 -100 0 1 0 0 0 1 1 0 0 4276b.dat
1 0 -94 -174 -100 0 1 0 0 0 -1 -1 0 0 4276b.dat
1 0 -87 -174 -160 0 0.996195 0.0871557 1 0 0 0 0.0871557 -0.996195 2923.dat
1 0 -110 -174 -100 0 1 0 0 0 -1 -1 0 0 4276b.dat
1 0 -108 -174 -160 0 -0.996195 -0.0871557 -1 0 0 0 0.0871557 -0.996195 2923.dat
1 0 -110 -174 -40 0 1 0 1 0 0 0 0 -1 3068bp51.dat
1 0 102 -194 20 0 -1 0 1 0 0 0 0 1 3020.dat
1 0 94 -164 20 0 -1 0 0 0 1 -1 0 0 4275b.dat
1 0 94 -184 20 0 -1 0 0 0 1 -1 0 0 4275b.dat
1 0 94 -164 -40 0 -1 0 0 0 -1 1 0 0 4276b.dat
1 0 94 -184 -40 0 -1 0 0 0 -1 1 0 0 4276b.dat
1 0 102 -174 -30 0 -1 0 1 0 0 0 0 1 3839b.dat
1 0 102 -174 -50 0 -1 0 1 0 0 0 0 1 2452.dat
1 0 102 -174 -100 0 -1 0 0 0 -1 1 0 0 4276b.dat
1 0 94 -174 -100 0 -1 0 0 0 1 -1 0 0 4276b.dat
1 0 88 -174 -160 0 -0.996195 -0.0871557 -1 0 0 0 0.0871557 -0.996195 2923.dat
1 0 110 -174 -100 0 -1 0 0 0 1 -1 0 0 4276b.dat
1 0 108 -174 -160 0 0.996195 0.0871557 1 0 0 0 0.0871557 -0.996195 2923.dat
1 0 110 -174 -40 0 -1 0 -1 0 0 0 0 -1 3068bp51.dat
1 0 0 -256 10 1 0 0 0 1 0 0 0 1 2419.dat
1 0 0 -264 20 1 0 0 0 1 0 0 0 1 3680c01.dat
1 0 0 -272 20 1 0 0 0 1 0 0 0 1 3022.dat
1 0 0 -320 20 1 0 0 0 1 0 0 0 1 2434.dat
1 0 0 -290 48 1 0 0 0 0 1 0 -1 0 3794a.dat
1 0 0 -290 66 1 0 0 0 0 1 0 -1 0 752.dat
1 0 30 -328 20 0 0 -1 0 1 0 1 0 0 4175.dat
1 0 -30 -328 20 0 0 1 0 1 0 -1 0 0 4175.dat
1 0 0 -328 30 1 0 0 0 1 0 0 0 1 3794a.dat
1 0 0 -328 10 1 0 0 0 1 0 0 0 1 3794a.dat
1 0 30 -290 -24 -1 0 0 0 0 1 0 1 0 3062b.dat
1 42 30 -310 -8 -1 0 0 0 0 1 0 1 0 4073.dat
1 0 -30 -290 -24 -1 0 0 0 0 1 0 1 0 3062b.dat
1 42 -30 -310 -8 -1 0 0 0 0 1 0 1 0 4073.dat
1 0 0 -290 -24 -1 0 0 0 0 1 0 1 0 3039.dat
1 4 20 -290 -32 -1 0 0 0 0 1 0 1 0 2412b.dat
1 4 -20 -290 -32 -1 0 0 0 0 1 0 1 0 2412b.dat
1 0 0 -336 10 1 0 0 0 1 0 0 0 1 2555.dat
1 0 0 -336 30 1 0 0 0 1 0 0 0 1 2555.dat
1 4 30 -336 10 1 0 0 0 1 0 0 0 1 4592c01.dat
1 4 -30 -336 10 1 0 0 0 1 0 0 0 1 4592c01.dat
1 0 0 -341 6 1 0 0 0 0 1 0 -1 0 752.dat
1 0 0 -181 68 1 0 0 0 1 0 0 0 1 fig_spyrius.ldr
1 0 0 -290 66 1 -0 0 0 0.176008 0.984389 -0 -0.984389 0.176008 756.dat
1 0 0 -290.486 68.7163 1 -0 0 0 0.199614 0.979875 -0 -0.979875 0.199614 754.dat
1 0 0 -291.04 71.435 1 -0 0 0 0.223916 0.974609 -0 -0.974609 0.223916 754.dat
1 0 0 -291.664 74.1544 1 -0 0 0 0.249031 0.968496 -0 -0.968496 0.249031 754.dat
1 0 0 -292.363 76.8724 1 -0 0 0 0.275096 0.961417 -0 -0.961417 0.275096 754.dat
1 0 0 -293.14 79.5863 1 -0 0 0 0.302278 0.95322 -0 -0.95322 0.302278 754.dat
1 0 0 -293.998 82.2926 1 -0 0 0 0.330777 0.943709 -0 -0.943709 0.330777 754.dat
1 0 0 -294.942 84.9869 1 -0 0 0 0.360834 0.93263 -0 -0.93263 0.360834 754.dat
1 0 0 -295.978 87.6637 1 -0 0 0 0.392748 0.919646 -0 -0.919646 0.392748 754.dat
1 0 0 -297.11 90.3155 1 -0 0 0 0.42688 0.904308 -0 -0.904308 0.42688 754.dat
1 0 0 -298.346 92.9331 1 -0 0 0 0.463676 0.886005 -0 -0.886005 0.463676 754.dat
1 0 0 -299.692 95.5041 1 -0 0 0 0.503683 0.863888 -0 -0.863888 0.503683 754.dat
1 0 0 -301.154 98.0129 1 -0 0 0 0.547561 0.836766 -0 -0.836766 0.547561 754.dat
1 0 0 -302.742 100.439 1 -0 0 0 0.596082 0.802924 -0 -0.802924 0.596082 754.dat
1 0 0 -304.462 102.756 1 -0 0 0 0.650085 0.759862 -0 -0.759862 0.650085 754.dat
1 0 0 -306.322 104.93 1 -0 0 0 0.710305 0.703894 -0 -0.703894 0.710305 754.dat
1 0 0 -308.328 106.918 1 -0 0 0 0.776913 0.629608 -0 -0.629608 0.776913 754.dat
1 0 0 -310.482 108.664 1 -0 0 0 0.848413 0.529335 -0 -0.529335 0.848413 754.dat
1 0 0 -312.784 110.1 1 -0 0 0 0.919383 0.393364 -0 -0.393364 0.919383 754.dat
1 0 0 -315.222 111.143 1 -0 0 0 0.977057 0.212977 -0 -0.212977 0.977057 754.dat
1 0 0 -317.778 111.7 1 0 0 0 0.999943 -0.010699 -0 0.010699 0.999943 754.dat
1 0 0 -320.414 111.672 1 0 0 0 0.966879 -0.255235 -0 0.255235 0.966879 754.dat
1 0 0 -323.08 110.968 1 0 0 0 0.876757 -0.480934 -0 0.480934 0.876757 754.dat
1 0 0 -325.711 109.525 1 0 0 0 0.753705 -0.657213 -0 0.657213 0.753705 754.dat
1 0 0 -328.233 107.326 1 0 0 0 0.626849 -0.77914 -0 0.77914 0.626849 754.dat
1 0 0 -330.58 104.409 1 0 0 0 0.513397 -0.858151 -0 0.858151 0.513397 754.dat
1 0 0 -332.7 100.866 1 0 0 0 0.418536 -0.9082 -0 0.9082 0.418536 754.dat
1 0 0 -334.564 96.8213 1 0 0 0 0.341307 -0.939952 -0 0.939952 0.341307 754.dat
1 0 0 -336.165 92.4103 1 0 0 0 0.278784 -0.960354 -0 0.960354 0.278784 754.dat
1 0 0 -337.515 87.7593 1 0 0 0 0.227921 -0.97368 -0 0.97368 0.227921 754.dat
1 0 0 -338.635 82.9755 1 0 0 0 0.18614 -0.982523 -0 0.982523 0.18614 754.dat
1 0 0 -339.551 78.1433 1 0 0 0 0.151422 -0.988469 -0 0.988469 0.151422 754.dat
1 0 0 -340.289 73.3258 1 0 0 0 0.122228 -0.992502 -0 0.992502 0.122228 754.dat
1 0 0 -340.875 68.5681 1 0 0 0 0.0973945 -0.995246 -0 0.995246 0.0973945 754.dat
1 0 0 -341.331 63.9013 1 0 0 0 0.0760421 -0.997105 -0 0.997105 0.0760421 754.dat
1 0 0 -341.679 59.3458 1 0 0 0 0.0575007 -0.998345 -0 0.998345 0.0575007 754.dat
1 0 0 -341.934 54.9143 1 0 0 0 0.041255 -0.999149 -0 0.999149 0.041255 754.dat
1 0 0 -342.111 50.6139 1 0 0 0 0.0269047 -0.999638 -0 0.999638 0.0269047 754.dat
1 0 0 -342.224 46.4477 1 0 0 0 0.0141352 -0.9999 -0 0.9999 0.0141352 754.dat
1 0 0 -342.281 42.4162 1 0 0 0 0.00269664 -0.999996 -0 0.999996 0.00269664 754.dat
1 0 0 -342.291 38.5176 1 0 -0 0 -0.00761128 -0.999971 -0 0.999971 -0.00761128 754.dat
1 0 0 -342.262 34.7493 1 0 -0 0 -0.016951 -0.999856 -0 0.999856 -0.016951 754.dat
1 0 0 -342.201 31.1076 1 0 -0 0 -0.0254554 -0.999676 -0 0.999676 -0.0254554 754.dat
1 0 0 -342.111 27.5883 1 0 -0 0 -0.0332342 -0.999448 -0 0.999448 -0.0332342 754.dat
1 0 0 -341.998 24.1869 1 0 -0 0 -0.0403784 -0.999184 -0 0.999184 -0.0403784 754.dat
1 0 0 -341.865 20.8989 1 0 -0 0 -0.0469647 -0.998897 -0 0.998897 -0.0469647 754.dat
1 0 0 -341.716 17.7195 1 0 -0 0 -0.0530576 -0.998591 -0 0.998591 -0.0530576 754.dat
1 0 0 -341.552 14.6444 1 0 -0 0 -0.0587121 -0.998275 -0 0.998275 -0.0587121 754.dat
1 0 0 -341.377 11.6689 1 0 -0 0 -0.0639751 -0.997951 -0 0.997951 -0.0639751 754.dat
1 0 0 -341.193 8.78886 1 0 -0 0 -0.0688871 -0.997624 -0 0.997624 -0.0688871 754.dat
0
