0 FILE 6900 Cyber Saucer.ldr
0 6900 Cyber Saucer
0 Author: marco
0 ROTATION CENTER 0 0 0 1 "Custom" 
0 ROTATION CONFIG 0 0
1 0 123.6 11.275 -50 0 0 1 0 1 0 -1 0 0 3035.dat
1 7 163.6 3.275 -80 1 0 0 0 1 0 0 0 1 2419.dat
1 7 163.6 -52.725 -50 1 0 0 0 1 0 0 0 1 30117p6u.dat
1 0 163.6 -52.725 -50 -1 0 0 0 1 0 0 0 -1 30062.dat
1 7 163.6 -52.725 -50 -1 0 0 0 1 0 0 0 -1 30117p6v.dat
1 7 163.6 3.275 -20 -1 0 0 0 1 0 0 0 -1 2419.dat
1 4 163.6 -4.725 -50 1 0 0 0 1 0 0 0 1 4079.dat
1 42 163.6 -52.725 -50 0 0 -1 0 1 0 1 0 0 30320.dat
1 0 163.6 -36.725 20 -1 0 0 0 1 0 0 0 -1 3010.dat
1 7 153.6 -12.725 20 -1 0 0 0 1 0 0 0 -1 3622.dat
1 4 193.6 -12.725 20 0 0 -1 0 1 0 1 0 0 4070.dat
1 0 203.6 11.275 -50 0 0 1 0 1 0 -1 0 0 3035.dat
1 4 163.6 19.275 -50 -1 0 0 0 1 0 0 0 -1 3031.dat
1 7 163.599 19.275 70 0 0 1 0 1 0 -1 0 0 3034.dat
1 0 163.599 11.275 120 0 0 1 0 1 0 -1 0 0 3021.dat
1 4 163.599 3.275 140 -1 0 0 0 1 0 0 0 -1 3023.dat
1 4 163.599 -12.725 100 -1 0 0 0 1 0 0 0 -1 3004.dat
1 0 163.6 27.275 0 -1 0 0 0 1 0 0 0 -1 3023.dat
1 7 163.6 19.275 -170 0 0 1 0 1 0 -1 0 0 3034.dat
1 0 163.6 11.275 -220 0 0 1 0 1 0 -1 0 0 3021.dat
1 4 163.6 3.275 -240 -1 0 0 0 1 0 0 0 -1 3023.dat
1 4 163.6 -12.725 -200 -1 0 0 0 1 0 0 0 -1 3004.dat
1 0 163.6 27.275 -100 -1 0 0 0 1 0 0 0 -1 3023.dat
1 7 283.6 19.275 -49.999 -1 0 0 0 1 0 0 0 -1 3034.dat
1 0 333.6 11.275 -49.999 -1 0 0 0 1 0 0 0 -1 3021.dat
1 0 353.6 3.275 -49.999 0 0 -1 0 1 0 1 0 0 2540.dat
1 4 313.6 -12.725 -49.999 0 0 1 0 1 0 -1 0 0 3004.dat
1 7 173.6 -12.725 -120 -1 0 0 0 1 0 0 0 -1 3622.dat
1 0 163.6 -36.725 -120 -1 0 0 0 1 0 0 0 -1 3010.dat
1 42 163.6 -52.725 -50 0 0 1 0 1 0 -1 0 0 30320.dat
1 0 93.6 -36.725 -50 0 0 1 0 1 0 -1 0 0 3010.dat
1 7 93.6 -12.725 -40 0 0 1 0 1 0 -1 0 0 3622.dat
1 4 93.6 -12.725 -80 0 0 1 0 1 0 -1 0 0 4070.dat
1 0 72 -3 -80 0 1 0 0 0 -1 -1 0 0 750.dat
1 0 112 -3 -120 0 1 0 0 0 -1 -1 0 0 750.dat
0 MLCAD FLEXHOSE 0 0 0 0 1 0 0 0 1 0 0 0 1  72 -3 -80  50 0 0 112 -3 -120 50 0 0 50 756.dat 754.dat 0
0 MLCAD SKIP_BEGIN
1 0 72 -3 -80 -0.0100595 -0.999949 -6.12292e-017 0 6.12323e-017 -1 0.999949 -0.0100595 -6.15965e-019 756.dat
1 0 70.1817 -3 -80.0183 0.0320898 0.999485 2.83131e-016 0 2.83277e-016 -1 -0.999485 0.0320898 9.09031e-018 754.dat
1 0 68.3137 -3 -80.0783 0.0576671 0.998336 -3.8222e-016 0 -3.82857e-016 -1 -0.998336 0.0576671 -2.20782e-017 754.dat
1 0 66.4001 -3 -80.1888 0.0877019 0.996147 -1.60193e-016 0 -1.60812e-016 -1 -0.996147 0.0877019 -1.41035e-017 754.dat
1 0 64.4475 -3 -80.3607 0.123419 0.992355 7.21805e-016 0 7.27366e-016 -1 -0.992355 0.123419 8.97706e-017 754.dat
1 0 62.4663 -3 -80.6071 -0.166481 -0.986045 -6.03778e-017 0 6.12323e-017 -1 0.986045 -0.166481 -1.0194e-017 754.dat
1 0 60.4718 -3 -80.9439 0.219156 0.97569 -1.56903e-016 0 -1.60812e-016 -1 -0.97569 0.219156 -3.52429e-017 754.dat
1 0 58.4866 -3 -81.3898 -0.2845 -0.958676 -5.8702e-017 0 6.12323e-017 -1 0.958676 -0.2845 -1.74206e-017 754.dat
1 0 56.5425 -3 -81.9667 -0.366443 -0.93044 -5.6973e-017 0 6.12323e-017 -1 0.93044 -0.366443 -2.24382e-017 754.dat
1 0 54.6833 -3 -82.6989 -0.469352 -0.883011 -5.40688e-017 0 6.12323e-017 -1 0.883011 -0.469352 -2.87395e-017 754.dat
1 0 52.9668 -3 -83.6113 -0.595874 -0.803078 -4.91743e-017 0 6.12323e-017 -1 0.803078 -0.595874 -3.64868e-017 754.dat
1 0 51.4652 -3 -84.7255 -0.740784 -0.671744 -4.11324e-017 0 6.12323e-017 -1 0.671744 -0.740784 -4.53599e-017 754.dat
1 0 50.2605 -3 -86.054 0.8809 0.473302 2.3917e-016 0 5.05322e-016 -1 -0.473302 0.8809 4.45138e-016 754.dat
1 0 49.4336 -3 -87.5929 0.975779 0.218758 -3.51789e-017 0 -1.60812e-016 -1 -0.218758 0.975779 -1.56917e-016 754.dat
1 0 49.0474 -3 -89.3157 0.999045 -0.043691 1.67274e-017 0 -3.82857e-016 -1 0.043691 0.999045 -3.82491e-016 754.dat
1 0 49.1287 -3 -91.174 0.964113 -0.265491 -7.52074e-017 0 2.83277e-016 -1 0.265491 0.964113 2.73111e-016 754.dat
1 0 49.6608 -3 -93.1063 0.902175 0.431371 -2.64138e-017 0 6.12323e-017 1 0.431371 -0.902175 5.52423e-017 754.dat
1 0 50.5905 -3 -95.0508 0.835248 -0.549874 -1.55767e-016 0 2.83277e-016 -1 0.549874 0.835248 2.36606e-016 754.dat
1 0 51.8451 -3 -96.9565 0.772796 -0.634655 2.42982e-016 0 -3.82857e-016 -1 0.634655 0.772796 -2.9587e-016 754.dat
1 0 53.349 -3 -98.7877 0.717338 -0.696725 -1.97366e-016 0 2.83277e-016 -1 0.696725 0.717338 2.03205e-016 754.dat
1 0 55.035 -3 -100.524 0.668672 -0.743558 1.19573e-016 0 -1.60812e-016 -1 0.743558 0.668672 -1.07531e-016 754.dat
1 0 56.8485 -3 -102.154 0.625804 0.77998 -4.776e-017 0 6.12323e-017 1 0.77998 -0.625804 3.83194e-017 754.dat
1 0 58.7478 -3 -103.678 0.587665 0.809104 -4.95433e-017 0 6.12323e-017 1 0.809104 -0.587665 3.59841e-017 754.dat
1 0 60.7019 -3 -105.098 0.553326 0.832965 -5.10044e-017 0 6.12323e-017 1 0.832965 -0.553326 3.38814e-017 754.dat
1 0 62.6888 -3 -106.417 0.522032 -0.852926 1.37161e-016 0 -1.60812e-016 -1 0.852926 0.522032 -8.39492e-017 754.dat
1 0 64.6925 -3 -107.644 0.493188 -0.869922 -2.46429e-016 0 2.83277e-016 -1 0.869922 0.493188 1.39709e-016 754.dat
1 0 66.7021 -3 -108.783 0.466327 0.884612 -5.41669e-017 0 6.12323e-017 1 0.884612 -0.466327 2.85543e-017 754.dat
1 0 68.7102 -3 -109.842 0.44108 -0.897468 1.44324e-016 0 -1.60812e-016 -1 0.897468 0.44108 -7.09311e-017 754.dat
1 0 70.7115 -3 -110.825 0.417154 -0.908836 -2.57452e-016 0 2.83277e-016 -1 0.908836 0.417154 1.1817e-016 754.dat
1 0 72.7029 -3 -111.739 0.394313 0.918976 -5.62711e-017 0 6.12323e-017 1 0.918976 -0.394313 2.41447e-017 754.dat
1 0 74.6824 -3 -112.589 0.372368 0.928085 -5.68288e-017 0 6.12323e-017 1 0.928085 -0.372368 2.2801e-017 754.dat
1 0 76.6487 -3 -113.378 0.351163 0.936314 -5.73327e-017 0 6.12323e-017 1 0.936314 -0.351163 2.15025e-017 754.dat
1 0 78.6016 -3 -114.11 0.330568 0.943782 -5.779e-017 0 6.12323e-017 1 0.943782 -0.330568 2.02414e-017 754.dat
1 0 80.5408 -3 -114.789 0.310475 0.950582 -5.82063e-017 0 6.12323e-017 1 0.950582 -0.310475 1.90111e-017 754.dat
1 0 82.4667 -3 -115.418 0.290792 0.956786 -5.85863e-017 0 6.12323e-017 1 0.956786 -0.290792 1.78059e-017 754.dat
1 0 84.3799 -3 -116 0.271442 0.962455 -5.89334e-017 0 6.12323e-017 1 0.962455 -0.271442 1.6621e-017 754.dat
1 0 86.2809 -3 -116.536 0.252357 0.967634 -5.92505e-017 0 6.12323e-017 1 0.967634 -0.252357 1.54524e-017 754.dat
1 0 88.1705 -3 -117.029 0.23348 0.972362 -5.954e-017 0 6.12323e-017 1 0.972362 -0.23348 1.42965e-017 754.dat
1 0 90.0494 -3 -117.48 0.214759 0.976667 -5.98036e-017 0 6.12323e-017 1 0.976667 -0.214759 1.31502e-017 754.dat
1 0 91.9185 -3 -117.891 0.19615 -0.980574 -2.77774e-016 0 2.83277e-016 -1 0.980574 0.19615 5.55647e-017 754.dat
1 0 93.7783 -3 -118.263 0.177613 -0.9841 1.58255e-016 0 -1.60812e-016 -1 0.9841 0.177613 -2.85624e-017 754.dat
1 0 95.6298 -3 -118.597 0.159115 0.98726 -6.04522e-017 0 6.12323e-017 1 0.98726 -0.159115 9.74297e-018 754.dat
1 0 97.4736 -3 -118.894 0.140624 0.990063 -6.06239e-017 0 6.12323e-017 1 0.990063 -0.140624 8.61074e-018 754.dat
1 0 99.3102 -3 -119.155 0.122114 0.992516 -6.07741e-017 0 6.12323e-017 1 0.992516 -0.122114 7.47732e-018 754.dat
1 0 101.14 -3 -119.38 0.103561 -0.994623 1.59948e-016 0 -1.60812e-016 -1 0.994623 0.103561 -1.66539e-017 754.dat
1 0 102.964 -3 -119.57 0.0849453 -0.996386 -2.82253e-016 0 2.83277e-016 -1 0.996386 0.0849453 2.4063e-017 754.dat
1 0 104.782 -3 -119.725 0.0662491 0.997803 -6.10978e-017 0 6.12323e-017 1 0.997803 -0.0662491 4.05659e-018 754.dat
1 0 106.595 -3 -119.846 0.0474582 -0.998873 1.60631e-016 0 -1.60812e-016 -1 0.998873 0.0474582 -7.63186e-018 754.dat
1 0 108.402 -3 -119.931 0.0285614 -0.999592 -2.83161e-016 0 2.83277e-016 -1 0.999592 0.0285614 8.09078e-018 754.dat
1 0 110.204 -3 -119.983 0.00955025 0.999954 -6.12295e-017 0 6.12323e-017 1 0.999954 -0.00955025 5.84784e-019 754.dat
0 MLCAD SKIP_END
1 0 255 -3 -20 0 -1 0 0 0 -1 1 0 0 750.dat
1 0 215 -3 20 0 -1 0 0 0 -1 1 0 0 750.dat
0 MLCAD FLEXHOSE 0 327 0 -100 -1 0 0 0 1 0 0 0 -1  72 -3 -80  50 0 0 112 -3 -120 50 0 0 50 756.dat 754.dat 0
0 MLCAD SKIP_BEGIN
1 0 255 -3 -20 0.0100595 0.999949 6.12292e-017 0 6.12323e-017 -1 -0.999949 0.0100595 6.15965e-019 756.dat
1 0 256.818 -3 -19.9817 -0.0320898 -0.999485 -2.83131e-016 0 2.83277e-016 -1 0.999485 -0.0320898 -9.09031e-018 754.dat
1 0 258.686 -3 -19.9217 -0.0576671 -0.998336 3.8222e-016 0 -3.82857e-016 -1 0.998336 -0.0576671 2.20782e-017 754.dat
1 0 260.6 -3 -19.8112 -0.0877019 -0.996147 1.60193e-016 0 -1.60812e-016 -1 0.996147 -0.0877019 1.41035e-017 754.dat
1 0 262.553 -3 -19.6393 -0.123419 -0.992355 -7.21805e-016 0 7.27366e-016 -1 0.992355 -0.123419 -8.97706e-017 754.dat
1 0 264.534 -3 -19.3929 0.166481 0.986045 6.03778e-017 0 6.12323e-017 -1 -0.986045 0.166481 1.0194e-017 754.dat
1 0 266.528 -3 -19.0561 -0.219156 -0.97569 1.56903e-016 0 -1.60812e-016 -1 0.97569 -0.219156 3.52429e-017 754.dat
1 0 268.513 -3 -18.6102 0.2845 0.958676 5.8702e-017 0 6.12323e-017 -1 -0.958676 0.2845 1.74206e-017 754.dat
1 0 270.457 -3 -18.0333 0.366443 0.93044 5.6973e-017 0 6.12323e-017 -1 -0.93044 0.366443 2.24382e-017 754.dat
1 0 272.317 -3 -17.3011 0.469352 0.883011 5.40688e-017 0 6.12323e-017 -1 -0.883011 0.469352 2.87395e-017 754.dat
1 0 274.033 -3 -16.3887 0.595874 0.803078 4.91743e-017 0 6.12323e-017 -1 -0.803078 0.595874 3.64868e-017 754.dat
1 0 275.535 -3 -15.2745 0.740784 0.671744 4.11324e-017 0 6.12323e-017 -1 -0.671744 0.740784 4.53599e-017 754.dat
1 0 276.74 -3 -13.946 -0.8809 -0.473302 -2.3917e-016 0 5.05322e-016 -1 0.473302 -0.8809 -4.45138e-016 754.dat
1 0 277.566 -3 -12.4071 -0.975779 -0.218758 3.51789e-017 0 -1.60812e-016 -1 0.218758 -0.975779 1.56917e-016 754.dat
1 0 277.953 -3 -10.6843 -0.999045 0.043691 -1.67274e-017 0 -3.82857e-016 -1 -0.043691 -0.999045 3.82491e-016 754.dat
1 0 277.871 -3 -8.826 -0.964113 0.265491 7.52074e-017 0 2.83277e-016 -1 -0.265491 -0.964113 -2.73111e-016 754.dat
1 0 277.339 -3 -6.8937 -0.902175 -0.431371 2.64138e-017 0 6.12323e-017 1 -0.431371 0.902175 -5.52423e-017 754.dat
1 0 276.409 -3 -4.9492 -0.835248 0.549874 1.55767e-016 0 2.83277e-016 -1 -0.549874 -0.835248 -2.36606e-016 754.dat
1 0 275.155 -3 -3.0435 -0.772796 0.634655 -2.42982e-016 0 -3.82857e-016 -1 -0.634655 -0.772796 2.9587e-016 754.dat
1 0 273.651 -3 -1.2123 -0.717338 0.696725 1.97366e-016 0 2.83277e-016 -1 -0.696725 -0.717338 -2.03205e-016 754.dat
1 0 271.965 -3 0.524 -0.668672 0.743558 -1.19573e-016 0 -1.60812e-016 -1 -0.743558 -0.668672 1.07531e-016 754.dat
1 0 270.152 -3 2.154 -0.625804 -0.77998 4.776e-017 0 6.12323e-017 1 -0.77998 0.625804 -3.83194e-017 754.dat
1 0 268.252 -3 3.678 -0.587665 -0.809104 4.95433e-017 0 6.12323e-017 1 -0.809104 0.587665 -3.59841e-017 754.dat
1 0 266.298 -3 5.098 -0.553326 -0.832965 5.10044e-017 0 6.12323e-017 1 -0.832965 0.553326 -3.38814e-017 754.dat
1 0 264.311 -3 6.417 -0.522032 0.852926 -1.37161e-016 0 -1.60812e-016 -1 -0.852926 -0.522032 8.39492e-017 754.dat
1 0 262.308 -3 7.644 -0.493188 0.869922 2.46429e-016 0 2.83277e-016 -1 -0.869922 -0.493188 -1.39709e-016 754.dat
1 0 260.298 -3 8.783 -0.466327 -0.884612 5.41669e-017 0 6.12323e-017 1 -0.884612 0.466327 -2.85543e-017 754.dat
1 0 258.29 -3 9.842 -0.44108 0.897468 -1.44324e-016 0 -1.60812e-016 -1 -0.897468 -0.44108 7.09311e-017 754.dat
1 0 256.289 -3 10.825 -0.417154 0.908836 2.57452e-016 0 2.83277e-016 -1 -0.908836 -0.417154 -1.1817e-016 754.dat
1 0 254.297 -3 11.739 -0.394313 -0.918976 5.62711e-017 0 6.12323e-017 1 -0.918976 0.394313 -2.41447e-017 754.dat
1 0 252.318 -3 12.589 -0.372368 -0.928085 5.68288e-017 0 6.12323e-017 1 -0.928085 0.372368 -2.2801e-017 754.dat
1 0 250.351 -3 13.378 -0.351163 -0.936314 5.73327e-017 0 6.12323e-017 1 -0.936314 0.351163 -2.15025e-017 754.dat
1 0 248.398 -3 14.11 -0.330568 -0.943782 5.779e-017 0 6.12323e-017 1 -0.943782 0.330568 -2.02414e-017 754.dat
1 0 246.459 -3 14.789 -0.310475 -0.950582 5.82063e-017 0 6.12323e-017 1 -0.950582 0.310475 -1.90111e-017 754.dat
1 0 244.533 -3 15.418 -0.290792 -0.956786 5.85863e-017 0 6.12323e-017 1 -0.956786 0.290792 -1.78059e-017 754.dat
1 0 242.62 -3 16 -0.271442 -0.962455 5.89334e-017 0 6.12323e-017 1 -0.962455 0.271442 -1.6621e-017 754.dat
1 0 240.719 -3 16.536 -0.252357 -0.967634 5.92505e-017 0 6.12323e-017 1 -0.967634 0.252357 -1.54524e-017 754.dat
1 0 238.83 -3 17.029 -0.23348 -0.972362 5.954e-017 0 6.12323e-017 1 -0.972362 0.23348 -1.42965e-017 754.dat
1 0 236.951 -3 17.48 -0.214759 -0.976667 5.98036e-017 0 6.12323e-017 1 -0.976667 0.214759 -1.31502e-017 754.dat
1 0 235.082 -3 17.891 -0.19615 0.980574 2.77774e-016 0 2.83277e-016 -1 -0.980574 -0.19615 -5.55647e-017 754.dat
1 0 233.222 -3 18.263 -0.177613 0.9841 -1.58255e-016 0 -1.60812e-016 -1 -0.9841 -0.177613 2.85624e-017 754.dat
1 0 231.37 -3 18.597 -0.159115 -0.98726 6.04522e-017 0 6.12323e-017 1 -0.98726 0.159115 -9.74297e-018 754.dat
1 0 229.526 -3 18.894 -0.140624 -0.990063 6.06239e-017 0 6.12323e-017 1 -0.990063 0.140624 -8.61074e-018 754.dat
1 0 227.69 -3 19.155 -0.122114 -0.992516 6.07741e-017 0 6.12323e-017 1 -0.992516 0.122114 -7.47732e-018 754.dat
1 0 225.86 -3 19.38 -0.103561 0.994623 -1.59948e-016 0 -1.60812e-016 -1 -0.994623 -0.103561 1.66539e-017 754.dat
1 0 224.036 -3 19.57 -0.0849453 0.996386 2.82253e-016 0 2.83277e-016 -1 -0.996386 -0.0849453 -2.4063e-017 754.dat
1 0 222.218 -3 19.725 -0.0662491 -0.997803 6.10978e-017 0 6.12323e-017 1 -0.997803 0.0662491 -4.05659e-018 754.dat
1 0 220.405 -3 19.846 -0.0474582 0.998873 -1.60631e-016 0 -1.60812e-016 -1 -0.998873 -0.0474582 7.63186e-018 754.dat
1 0 218.598 -3 19.931 -0.0285614 0.999592 2.83161e-016 0 2.83277e-016 -1 -0.999592 -0.0285614 -8.09078e-018 754.dat
1 0 216.796 -3 19.983 -0.00955025 -0.999954 6.12295e-017 0 6.12323e-017 1 -0.999954 0.00955025 -5.84784e-019 754.dat
0 MLCAD SKIP_END
1 0 53.6 -44.725 -160 -1 0 0 0 1 0 0 0 -1 4589.dat
1 4 133.6 -12.725 -120 0 0 1 0 1 0 -1 0 0 4070.dat
1 7 233.6 -12.725 -60 0 0 1 0 1 0 -1 0 0 3622.dat
1 0 233.6 -36.725 -50 0 0 1 0 1 0 -1 0 0 3010.dat
1 4 233.6 -12.725 -20 0 0 -1 0 1 0 1 0 0 4070.dat
1 0 273.6 -44.725 60.001 -1 0 0 0 1 0 0 0 -1 4589.dat
1 0 53.599 -44.725 60 -1 0 0 0 1 0 0 0 -1 4589.dat
1 0 273.6 -44.725 -159.999 -1 0 0 0 1 0 0 0 -1 4589.dat
1 7 43.6 19.275 -50 -1 0 0 0 1 0 0 0 -1 3034.dat
1 0 -6.4 11.275 -50.001 -1 0 0 0 1 0 0 0 -1 3021.dat
1 0 -26.4 3.275 -50.001 0 0 1 0 1 0 -1 0 0 2540.dat
1 4 13.6 -12.725 -50 0 0 1 0 1 0 -1 0 0 3004.dat
1 0 113.6 27.275 -50 0 0 1 0 1 0 -1 0 0 3023.dat
1 0 213.6 27.275 -50 0 0 1 0 1 0 -1 0 0 3023.dat
1 0 163.6 -76.725 0 -1 0 0 0 1 0 0 0 -1 3937.dat
1 0 53.6 -60.725 -160 -1 0 0 0 1 0 0 0 -1 3960.dat
1 0 273.6 -60.725 60.001 -1 0 0 0 1 0 0 0 -1 3960.dat
1 4 163.6 27.275 -50 -1 0 0 0 1 0 0 0 -1 3404.dat
1 4 163.6 27.275 -50 -1 0 0 0 1 0 0 0 -1 3403.dat
1 0 163.6 -44.725 -200 1 0 0 0 1 0 0 0 1 3937.dat
1 0 163.599 -44.725 100 -1 0 0 0 1 0 0 0 -1 3937.dat
1 0 13.6 -44.725 -50 0 0 1 0 1 0 -1 0 0 3937.dat
1 0 313.6 -44.725 -49.999 0 0 -1 0 1 0 1 0 0 3937.dat
1 7 318.15 -43.632 -49.999 0 -0.454636 0.890678 0 0.890678 0.454636 -1 0 0 3938.dat
1 0 321.78 -50.757 -49.999 0 -0.454636 0.890678 0 0.890678 0.454636 -1 0 0 3794a.dat
1 7 7.422 -42.588 -50 0 0.617819 0.786321 0 0.786321 -0.617819 -1 0 0 3938.dat
1 0 2.479 -48.879 -50 0 0.617819 0.786321 0 0.786321 -0.617819 -1 0 0 3794a.dat
1 7 163.599 -44.044 103.628 -1 0 0 0 0.931872 -0.362786 0 -0.362786 -0.931872 3938.dat
1 0 163.599 -51.499 106.53 -1 0 0 0 0.931872 -0.362786 0 -0.362786 -0.931872 3794a.dat
1 42 163.6 -100.725 -50 1 0 0 0 1 0 0 0 1 2418b.dat
1 0 163.6 -108.725 -50 -1 0 0 0 1 0 0 0 -1 4150.dat
1 0 163.6 -108.725 -50 -1 0 0 0 1 0 0 0 -1 s12b.dat
1 7 163.6 -43.704 -204.402 -1 0 0 0 0.897909 0.440181 0 0.440181 -0.897909 3938.dat
1 0 163.6 -50.887 -207.923 -1 0 0 0 0.897909 0.440181 0 0.440181 -0.897909 3794a.dat
1 0 46.501 -59.225 67.043 -0.704321 0 0.709882 0 1 0 -0.709882 0 -0.704321 30035.dat
1 42 32.414 -77.225 52.845 0 0.709882 -0.704321 1 0 0 0 -0.704321 -0.709882 4073.dat
1 0 273.42 -59.225 -160.167 0.670391 0 0.742008 0 1 0 -0.742008 0 0.670391 4349.dat
1 42 304.58 -59.225 -132.011 0 -0.742008 0.670391 -1 0 0 0 -0.670391 -0.742008 4589.dat
1 0 163.6 51.275 -10 -1 0 0 0 1 0 0 0 -1 3035.dat
1 0 163.6 67.275 -50 -1 0 0 0 1 0 0 0 -1 4151a.dat
1 7 103.6 59.275 -50.001 0 0 1 0 1 0 -1 0 0 30119.dat
1 7 223.6 59.275 -50.001 0 0 -1 0 1 0 1 0 0 30119.dat
1 7 163.6 59.275 -110.001 1 0 0 0 1 0 0 0 1 30119.dat
1 7 163.6 59.275 9.999 -1 0 0 0 1 0 0 0 -1 30119.dat
1 0 163.6 51.275 -90 -1 0 0 0 1 0 0 0 -1 3035.dat
1 4 163.6 59.275 -50 -1 0 0 0 1 0 0 0 -1 3022.dat
1 4 163.6 75.275 -50 -1 0 0 0 1 0 0 0 -1 3031.dat
1 0 143.6 83.275 -70 -1 0 0 0 1 0 0 0 -1 3940.dat
1 0 143.6 83.275 -30 -1 0 0 0 1 0 0 0 -1 3940.dat
1 0 183.6 83.275 -30 -1 0 0 0 1 0 0 0 -1 3940.dat
1 0 183.6 83.275 -70 -1 0 0 0 1 0 0 0 -1 3940.dat
1 7 163.6 131.275 -50 -1 0 0 0 1 0 0 0 -1 6222.dat
1 42 363.6 131.275 -79.999 -1 0 0 0 1 0 0 0 -1 4073.dat
1 42 363.6 131.275 -19.999 -1 0 0 0 1 0 0 0 -1 4073.dat
1 42 193.599 131.275 150 -1 0 0 0 1 0 0 0 -1 4073.dat
1 42 133.6 131.275 150 -1 0 0 0 1 0 0 0 -1 4073.dat
1 42 -36.4 131.275 -20 -1 0 0 0 1 0 0 0 -1 4073.dat
1 42 -36.4 131.275 -80.001 -1 0 0 0 1 0 0 0 -1 4073.dat
1 42 133.601 131.275 -250 -1 0 0 0 1 0 0 0 -1 4073.dat
1 42 193.601 131.275 -250 -1 0 0 0 1 0 0 0 -1 4073.dat
1 0 353.6 139.275 -49.999 0 0 1 0 1 0 -1 0 0 4590.dat
1 0 -26.4 139.275 -50 0 0 -1 0 1 0 1 0 0 4590.dat
1 0 163.6 139.275 140 1 0 0 0 1 0 0 0 1 4590.dat
1 0 163.601 139.275 -240 -1 0 0 0 1 0 0 0 -1 4590.dat
1 0 43.6 43.275 -50 0 0 1 0 1 0 -1 0 0 4345b.dat
1 0 393.6 3.275 -51.749 0 0 1 0 1 0 -1 0 0 30034.dat
1 0 -66.4 3.275 -48.251 0 0 -1 0 1 0 1 0 0 30034.dat
1 42 325.11 -58.042 -50.349 -0.890678 -0.454636 0 -0.454636 0.890678 0 0 0 -1 2569.dat
1 42 -2.739 -54.953 -50.35 -0.786321 0.617819 0 0.617819 0.786321 0 0 0 -1 2569.dat
1 42 163.25 -57.917 -211.759 -1 0 0 0 0.897909 0.440181 0 0.440181 -0.897909 2569.dat
1 42 163.25 -59.081 109.107 -1 0 0 0 0.931872 -0.362786 0 -0.362786 -0.931872 2569.dat
1 42 43.6 43.275 -50 0 0 1 0 1 0 -1 0 0 4346.dat
1 0 37.606 67.275 -50 -1 0 0 0 1 0 0 0 -1 3069b.dat
1 4 37.6 75.275 -50 -1 0 0 0 1 0 0 0 -1 3023.dat
1 4 977.6 0 -650 -1 0 0 0 1 0 0 0 -1 alien.ldr
0
0 FILE alien.ldr
0 New Model
0 Name: alien.ldr
0 Author: MLCad
0 Unofficial Model
0 ROTATION CENTER 0 0 0 1 "Custom" 
0 ROTATION CONFIG 0 0
1 0 813.6 -25.3417 -607.68 -1 0 0 0 0.999299 -0.0374479 0 -0.0374479 -0.999299 3815.dat
1 1 813.6 -13.4749 -608 -1 0 0 0 0 1 0 1 0 3816.dat
1 7 813.6 -57.3192 -606.482 -1 0 0 0 0.999299 -0.0374479 0 -0.0374479 -0.999299 973p6v.dat
1 0 790.139 -33.554 -597.099 -0.984539 -0.142917 0.101276 -0.175155 0.79761 -0.577181 0.00171048 -0.585997 -0.810312 3820.dat
1 1 829.1 -48.0757 -606.828 -0.983242 0.182105 -0.0085672 0.182105 0.978862 -0.0930974 -0.00856737 -0.0930974 -0.99562 3818.dat
1 1 798.1 -48.0757 -606.828 -0.983255 -0.180752 -0.0232197 -0.182109 0.979329 0.0880456 0.00682532 0.0907998 -0.995846 3819.dat
1 0 837.357 -32.0715 -600.145 -0.984355 0.121811 -0.127306 0.176195 0.678463 -0.713192 -0.000502039 -0.724465 -0.689311 3820.dat
1 0 813.6 -57.3192 -606.482 -1 0 0 0 0.999299 -0.0374479 0 -0.0374479 -0.999299 30121.dat
1 42 813.6 -85.0497 -605.443 -1 0 0 0 0.999298 -0.0374545 0 -0.0374545 -0.999298 3626bp6x.dat
1 7 813.6 -85.0497 -605.443 -1 0 0 0 0.999298 -0.0374545 0 -0.0374545 -0.999298 30120p02.dat
1 1 813.6 -13.475 -608 -1 0 0 0 0 1 0 1 0 3817.dat
0 
0 
0 
0
0
