0
1  0 0 0 0 1 0 0 0 1 0 0 0 1 3832.dat
1  0 -40 -8 0 1 0 0 0 1 0 0 0 1 3068B.dat
1  0 40 -8 0 1 0 0 0 1 0 0 0 1 3068B.dat
1  0 0 0 120 1 0 0 0 1 0 0 0 1 3832.dat
1  0 -40 -8 120 1 0 0 0 1 0 0 0 1 3068B.dat
1  0 40 -8 120 1 0 0 0 1 0 0 0 1 3068B.dat
1  0 -80 -24 120 1 0 0 0 1 0 0 0 1 3003.dat
1  0 80 -24 120 1 0 0 0 1 0 0 0 1 3003.dat
1  0 80 -24 0 1 0 0 0 1 0 0 0 1 3003.dat
1  0 -80 -24 0 1 0 0 0 1 0 0 0 1 3003.dat
1  0 -80 -32 60 0 0 -1 0 1 0 1 0 0 3034.dat
1  0 80 -32 60 0 0 -1 0 1 0 1 0 0 3034.dat
1  0 -80 -40 -100 0 0 -1 0 1 0 1 0 0 4282.dat
1  0 80 -40 -40 0 0 -1 0 1 0 1 0 0 3832.dat
1  0 160 -40 80 0 0 -1 0 1 0 1 0 0 2401.dat
1  0 -160 -40 80 -1 0 0 0 1 0 0 0 -1 2401.dat
1  0 -200 -40 -50 1 0 0 0 1 0 0 0 1 2419.dat
1  0 200 -40 -50 1 0 0 0 1 0 0 0 1 2419.dat
1  14 60 8 0 1 0 0 0 1 0 0 0 1 4032A.dat
1  14 -60 8 0 1 0 0 0 1 0 0 0 1 4032A.dat
1  14 -60 8 120 1 0 0 0 1 0 0 0 1 4032A.dat
1  14 60 8 120 1 0 0 0 1 0 0 0 1 4032A.dat
1  0 200 -32 0 0 0 -1 0 1 0 1 0 0 3832.dat
1  0 -200 -32 0 0 0 -1 0 1 0 1 0 0 3832.dat
1  0 80 -32 -120 0 0 -1 0 1 0 1 0 0 3940.dat
1  0 -80 -32 -240 0 0 -1 0 1 0 1 0 0 3940.dat
1  0 -80 -32 -120 0 0 -1 0 1 0 1 0 0 3940.dat
1  0 200 -24 0 -1 0 0 0 1 0 0 0 -1 4229.dat
1  0 -200 -24 0 -1 0 0 0 1 0 0 0 -1 4229.dat
1  0 -210 -48 40 0 0 1 0 1 0 -1 0 0 3023.dat
1  0 210 -48 40 0 0 1 0 1 0 -1 0 0 3023.dat
1  14 -200 -40 -90 1 0 0 0 1 0 0 0 1 2508.dat
1  14 200 -40 -90 1 0 0 0 1 0 0 0 1 2508.dat
1  0 -70 -64 60 0 0 -1 0 1 0 1 0 0 3008.dat
1  0 70 -64 60 0 0 -1 0 1 0 1 0 0 3008.dat
1  14 70 -64 -30 0 0 -1 0 1 0 1 0 0 4070.dat
1  14 -70 -64 -30 0 0 1 0 1 0 -1 0 0 4070.dat
1  0 -70 -64 -50 0 0 1 0 1 0 -1 0 0 3040A.dat
1  0 70 -64 -50 0 0 -1 0 1 0 1 0 0 3040A.dat
1  0 -250 -48 20 0 0 -1 0 1 0 1 0 0 4623.dat
1  0 -190 -48 60 0 0 -1 0 1 0 1 0 0 4623.dat
1  0 -190 -48 20 0 0 -1 0 1 0 1 0 0 4623.dat
1  0 250 -48 20 0 0 1 0 1 0 -1 0 0 4623.dat
1  0 190 -48 20 0 0 1 0 1 0 -1 0 0 4623.dat
1  0 190 -48 60 0 0 1 0 1 0 -1 0 0 4623.dat
1  0 90 -64 90 0 0 -1 0 1 0 1 0 0 4286.dat
1  0 -90 -64 90 0 0 1 0 1 0 -1 0 0 4286.dat
1  0 -200 -48 -80 -1 0 0 0 1 0 0 0 -1 3068BP08.dat
1  0 200 -48 -80 -1 0 0 0 1 0 0 0 -1 3068BP08.dat
1  0 0 -64 -70 -1 0 0 0 1 0 0 0 -1 3895.dat
1  0 -70 -64 -160 0 0 -1 0 1 0 1 0 0 3660.dat
1  0 -90 -64 -160 0 0 1 0 1 0 -1 0 0 3660.dat
1  0 0 -64 -90 1 0 0 0 1 0 0 0 1 3008.dat
1  0 100 -64 -90 1 0 0 0 1 0 0 0 1 3004.dat
1  0 -100 -64 -90 1 0 0 0 1 0 0 0 1 3004.dat
1  0 200 -56 40 -1 0 0 0 1 0 0 0 -1 3068B.dat
1  0 -200 -56 40 -1 0 0 0 1 0 0 0 -1 3068B.dat
1  0 -40 -32 200 -1 0 0 0 1 0 0 0 -1 3022.dat
1  0 40 -32 200 -1 0 0 0 1 0 0 0 -1 3022.dat
1  0 50 -40 200 -1 0 0 0 1 0 0 0 -1 3021.dat
1  0 -50 -40 200 -1 0 0 0 1 0 0 0 -1 3021.dat
1  0 -30 -64 200 0 0 -1 0 1 0 1 0 0 3660.dat
1  0 30 -64 200 0 0 1 0 1 0 -1 0 0 3660.dat
1  0 50 -64 200 0 0 1 0 1 0 -1 0 0 3004.dat
1  0 -50 -64 200 0 0 1 0 1 0 -1 0 0 3004.dat
1  0 -80 -64 180 0 0 1 0 1 0 -1 0 0 3831.dat
1  0 80 -64 180 0 0 -1 0 1 0 1 0 0 3831.dat
1  0 -80 -64 180 0 0 1 0 1 0 -1 0 0 3830.dat
1  0 80 -64 180 0 0 -1 0 1 0 1 0 0 3830.dat
1  14 40 -72 200 1 0 0 0 1 0 0 0 1 3020.dat
1  14 -40 -72 200 1 0 0 0 1 0 0 0 1 3020.dat
1  0 -40 -96 210 1 0 0 0 1 0 0 0 1 3701.dat
1  0 40 -96 210 1 0 0 0 1 0 0 0 1 3701.dat
1  0 50 -96 190 0 0 -1 0 1 0 1 0 0 3040B.dat
1  0 -30 -96 190 0 0 -1 0 1 0 1 0 0 3040B.dat
1  0 -50 -96 190 0 0 1 0 1 0 -1 0 0 3040B.dat
1  0 30 -96 190 0 0 1 0 1 0 -1 0 0 3040B.dat
1  14 40 -104 200 1 0 0 0 1 0 0 0 1 3068BP07.dat
1  14 -40 -104 200 1 0 0 0 1 0 0 0 1 3068BP07.dat
1  0 40 -24 200 -1 0 0 0 1 0 0 0 -1 4229.dat
1  0 -40 -24 200 -1 0 0 0 1 0 0 0 -1 4229.dat
1  0 -200 -64 -10 1 0 0 0 1 0 0 0 1 3298.dat
1  0 200 -64 -10 1 0 0 0 1 0 0 0 1 3298.dat
1  0 -70 -72 140 0 0 -1 0 1 0 1 0 0 3710.dat
1  0 70 -72 140 0 0 -1 0 1 0 1 0 0 3710.dat
1  0 70 -72 0 0 0 -1 0 1 0 1 0 0 3460.dat
1  0 -70 -72 0 0 0 -1 0 1 0 1 0 0 3460.dat
1  0 -110 -72 -160 0 0 1 0 1 0 -1 0 0 3794.dat
1  0 -50 -72 -160 0 0 1 0 1 0 -1 0 0 3794.dat
1  0 0 -72 -80 -1 0 0 0 1 0 0 0 -1 3022.dat
1  0 60 -64 -120 0 0 1 0 1 0 -1 0 0 4730.dat
1  0 100 -64 -120 0 0 1 0 1 0 -1 0 0 4730.dat
1  0 -100 -64 -240 0 0 1 0 1 0 -1 0 0 4730.dat
1  0 -60 -64 -240 0 0 1 0 1 0 -1 0 0 4730.dat
1  0 70 -88 90 0 0 -1 0 1 0 1 0 0 3040P01.dat
1  0 -70 -88 90 0 0 1 0 1 0 -1 0 0 3040P01.dat
1  0 80 -72 -130 1 0 0 0 1 0 0 0 1 3710.dat
1  0 -80 -72 -250 1 0 0 0 1 0 0 0 1 3710.dat
1  0 80 -72 -100 1 0 0 0 1 0 0 0 1 3022.dat
1  0 -80 -72 -160 0 0 -1 0 1 0 1 0 0 3034.dat
1  0 -110 -80 -160 1 0 0 0 1 0 0 0 1 4592.dat
1  14 -110 -80 -160 1 0 0 0 0.7070805 0.7073005 0 -0.7073005 0.7070805 4593.dat
1  0 -50 -80 -160 1 0 0 0 1 0 0 0 1 4592.dat
1  14 -50 -80 -160 1 0 0 0 0.7070805 0.7073006 0 -0.7073006 0.7070805 4593.dat
1  0 -200 -72 -10 1 0 0 0 1 0 0 0 1 3839B.dat
1  0 200 -72 -10 1 0 0 0 1 0 0 0 1 3839B.dat
1  0 0 -40 10 1 0 0 0 1 0 0 0 1 4600.dat
1  0 0 -40 110 1 0 0 0 1 0 0 0 1 4600.dat
1  0 0 -48 50 0 0 -1 0 1 0 1 0 0 3795.dat
1  0 0 -48 120 1 0 0 0 1 0 0 0 1 3023.dat
1  0 0 -64 110 1 0 0 0 1 0 0 0 1 3787.dat
1  0 0 -64 10 1 0 0 0 1 0 0 0 1 3787.dat
1  0 10 -56 80 0 0 -1 0 1 0 1 0 0 4081B.dat
1  0 -10 -56 80 0 0 1 0 1 0 -1 0 0 4081B.dat
1  36 -30 -54 68 0 0 1 1 0 0 0 1 0 4073.dat
1  36 30 -54 68 0 0 1 1 0 0 0 1 0 4073.dat
1  0 30 -54 44 0 0 1 1 0 0 0 1 0 3062B.dat
1  0 -30 -54 44 0 0 1 1 0 0 0 1 0 3062B.dat
1  14 -10 -64 120 1 0 0 0 1 0 0 0 1 4073.dat
1  14 10 -64 120 1 0 0 0 1 0 0 0 1 4073.dat
1  0 0 -64 90 1 0 0 0 1 0 0 0 1 3022.dat
1  14 0 -64 0 1 0 0 0 1 0 0 0 1 2412A.dat
1  0 -10 -64 20 0.9238794 0 -0.3826833 0 1 0 0.3826833 0 0.9238794 4592.dat
1  14 -10 -64 20 0.9238794 0.3280931 -0.1970688 0 0.5149656 0.8573487 0.3826833 -0.792087 0.4757663 4593.dat
1  0 10 -64 20 0.9238795 0 0.3826834 0 1 0 -0.3826834 0 0.9238795 4592.dat
1  14 10 -64 20 0.9238795 -0.3280932 0.1970688 0 0.5149656 0.8573487 -0.3826834 -0.7920869 0.4757662 4593.dat
1  14 32 -35 10 0 0 -1 0 1 0 1 0 0 4624.dat
1  14 32 -35 110 0 0 -1 0 1 0 1 0 0 4624.dat
1  14 -32 -35 110 0 0 1 0 1 0 -1 0 0 4624.dat
1  14 -32 -35 10 0 0 1 0 1 0 -1 0 0 4624.dat
1  0 -32 -35 10 0 0 1 0 1 0 -1 0 0 3641.dat
1  0 -32 -35 110 0 0 1 0 1 0 -1 0 0 3641.dat
1  0 32 -35 110 0 0 -1 0 1 0 1 0 0 3641.dat
1  0 32 -35 10 0 0 -1 0 1 0 1 0 0 3641.dat
1  0 -80 -77 -392 1 0 0 0 1 0 0 0 1 3838.dat
1  0 -80 -73 -392 1 0 0 0 1 0 0 0 1 973P52.dat
1  14 -80 -101 -392 1 0 0 0 1 0 0 0 1 3626BP01.dat
1  0 -80 -45 -392 1 0 0 0 1 0 0 0 1 3815.dat
1  0 -80 -33 -392 1 0 0 0 0 1 0 -1 0 3816.dat
1  0 -80 -33 -392 1 0 0 0 0 1 0 -1 0 3817.dat
1  0 -64.3996 -68.0359 -392 0.984807 0.173652 0 -0.173652 0.984807 0 0 0 1 3819.dat
1  0 -95.60041 -68.0359 -392 0.984807 -0.1736517 0 0.1736517 0.984807 0 0 0 1 3818.dat
1  14 -103.8238 -50.1928 -401.2894 0.9911677 0.05008866 0.1227903 0.05008866 0.7159389 -0.6963636 -0.1227903 0.6963636 0.7071068 3820.dat
1  14 -56.1762 -50.1928 -401.2893 0.9911677 -0.05008876 -0.1227905 -0.05008876 0.7159389 -0.6963636 0.1227905 0.6963636 0.7071068 3820.dat
1  0 -80 -101 -392 1 0 0 0 1 0 0 0 1 2446.dat
1  0 -80 -101 -392 1 0 0 0 1 0 0 0 1 2447.dat
1  0 -80 -16 -360 0 0 -1 0 1 0 1 0 0 3832.dat
1  0 -80 -24 -400 0 0 -1 0 1 0 1 0 0 3022.dat
1  0 -70 -40 -280 0 0 -1 0 1 0 1 0 0 3660.dat
1  0 -90 -40 -280 0 0 1 0 1 0 -1 0 0 3660.dat
1  0 -90 -40 -430 0 0 1 0 1 0 -1 0 0 3665.dat
1  0 -70 -40 -430 0 0 -1 0 1 0 1 0 0 3665.dat
1  0 -80 -40 -450 1 0 0 0 1 0 0 0 1 3747.dat
1  0 -80 -64 -450 -1 0 0 0 1 0 0 0 -1 3039P33.dat
1  14 -110 -48 -360 0 0 1 0 1 0 -1 0 0 3460.dat
1  14 -50 -48 -360 0 0 1 0 1 0 -1 0 0 3460.dat
1  0 -80 -64 -270 1 0 0 0 1 0 0 0 1 3701.dat
1  0 -80 -48 -470 -1 0 0 0 1 0 0 0 -1 3839B.dat
1  0 -110 -72 -400 0 0 -1 0 1 0 1 0 0 4865.dat
1  0 -110 -72 -360 0 0 -1 0 1 0 1 0 0 4865.dat
1  0 -50 -72 -400 0 0 1 0 1 0 -1 0 0 4865.dat
1  0 -50 -72 -360 0 0 1 0 1 0 -1 0 0 4865.dat
1  0 -120 -56 -320 0 0 1 0 1 0 -1 0 0 2429.dat
1  0 -120 -56 -320 0 0 -1 0 1 0 1 0 0 2430.dat
1  0 -40 -56 -320 0 0 -1 0 1 0 1 0 0 2430.dat
1  0 -40 -56 -320 0 0 1 0 1 0 -1 0 0 2429.dat
1  0 -80 -48 -490 1 0 0 0 1 0 0 0 1 4596.dat
1  0 -110 -72 -430 0 0 1 0 1 0 -1 0 0 4070.dat
1  0 -50 -72 -430 0 0 -1 0 1 0 1 0 0 4070.dat
1  0 -80 -64 -320 -1 0 0 0 1 0 0 0 -1 3020.dat
1  36 -110 -64 -290 -1 0 0 0 1 0 0 0 -1 3024.dat
1  36 -50 -64 -290 -1 0 0 0 1 0 0 0 -1 3024.dat
1  0 -160 -64 -280 -1 0 0 0 1 0 0 0 -1 3936.dat
1  0 0 -64 -280 -1 0 0 0 1 0 0 0 -1 3935.dat
1  0 0 -56 -290 -1 0 0 0 1 0 0 0 -1 3023.dat
1  0 -160 -56 -290 -1 0 0 0 1 0 0 0 -1 3023.dat
1  0 0 -48 -290 0 0 -1 0 1 0 1 0 0 4595.dat
1  0 -160 -48 -290 0 0 1 0 1 0 -1 0 0 4595.dat
1  14 -196 -38 -290 0 -1 0 0 0 1 -1 0 0 4073.dat
1  14 36 -38 -290 0 1 0 0 0 1 1 0 0 4073.dat
1  0 -80 -88 -290 -1 0 0 0 1 0 0 0 -1 3037.dat
1  0 -80 -88 -310 -1 0 0 0 1 0 0 0 -1 3004.dat
1  0 -40 -72 -320 0 0 1 0 1 0 -1 0 0 2429.dat
1  0 -40 -72 -320 -1 0 0 0 1 0 0 0 -1 2430.dat
1  0 -120 -72 -320 -1 0 0 0 1 0 0 0 -1 2429.dat
1  0 -120 -72 -320 0 0 -1 0 1 0 1 0 0 2430.dat
1  0 -80 -72 -450 1 0 0 0 1 0 0 0 1 4858P01.dat
1  0 -80 -80 -330 1 0 0 0 1 0 0 0 1 3710.dat
1  0 -80 -88 -330 1 0 0 0 1 0 0 0 1 3710.dat
1  0 -130 -96 -310 -1 0 0 0 1 0 0 0 -1 3040P01.dat
1  0 -30 -96 -310 -1 0 0 0 1 0 0 0 -1 3040P01.dat
1  0 -133.9533 -62 -430 0 1 0 -1 0 0 0 0 1 4349.dat
1  0 -24.04667 -62 -430 0 -1 0 1 0 0 0 0 1 4349.dat
1  0 -80 -112 -330 -1 0 0 0 1 0 0 0 -1 3297.dat
1  0 -80 -120 -330 1 0 0 0 1 0 0 0 1 4315.dat
1  46 -80 -116 -344 1 0 0 0 1 0 0 0 1 4474.dat
1  36 -80 -46 -556 1 0 0 0 0 1 0 -1 0 4073.dat
1  36 -80 -46 -564 1 0 0 0 0 1 0 -1 0 4073.dat
1  0 80 -40 -160 0 0 -1 0 1 0 1 0 0 4871.dat
1  0 80 -32 -180 0 0 -1 0 1 0 1 0 0 3020.dat
1  14 80 -40 -180 0 0 -1 0 1 0 1 0 0 3020.dat
1  0 80 -64 -150 -1 0 0 0 1 0 0 0 -1 3701.dat
1  0 50 -64 -170 1 0 0 0 1 0 0 0 1 4070.dat
1  0 110 -64 -170 1 0 0 0 1 0 0 0 1 4070.dat
1  0 80 -64 -170 1 0 0 0 1 0 0 0 1 3298.dat
1  36 50 -54 -198 1 0 0 0 0 -1 0 1 0 3062B.dat
1  36 110 -54 -200 1 0 0 0 0 -1 0 1 0 3062B.dat
1  0 80 -72 -160 1 0 0 0 1 0 0 0 1 3020.dat
1  0 80 -96 -150 1 0 0 0 1 0 0 0 1 3039P10.dat
1  0 80 -120 -150 1 0 0 0 1 0 0 0 1 3937.dat
1  0 80 -110 -160 1 0 0 0 0 -1 0 1 0 3938.dat
1  0 80 -110 -168 -1 0 0 0 0 1 0 1 0 4590.dat
1  36 50 -100 -152 -1 0 0 0 0 1 0 1 0 4073.dat
1  36 110 -100 -152 -1 0 0 0 0 1 0 1 0 4073.dat
1  0 110 -100 -192 1 0 0 0 -1 0 0 0 -1 3959.dat
1  0 50 -100 -192 1 0 0 0 -1 0 0 0 -1 3959.dat
1  0 50 -100 -204 1 0 0 0 0 1 0 -1 0 4740.dat
1  0 110 -100 -204 1 0 0 0 0 1 0 -1 0 4740.dat
1  0 -200 -81 48 1 0 0 0 0 1 0 -1 0 3817.dat
1  0 -200 -121 48 1 0 0 0 1 0 0 0 1 973P52.dat
1  14 -200 -149 48 1 0 0 0 1 0 0 0 1 3626BP01.dat
1  0 -200 -93 48 1 0 0 0 1 0 0 0 1 3815.dat
1  0 -200 -149 48 1 0 0 0 1 0 0 0 1 2446.dat
1  0 -184.3996 -116.0359 48 0.984807 0.1610073 0.06505117 -0.173652 0.9130971 0.3689152 0 -0.3746065 0.9271839 3819.dat
1  0 -215.6004 -116.0359 48 0.984807 -0.1488485 -0.08943722 0.1736517 0.8441443 0.5072132 0 -0.515038 0.8571673 3818.dat
1  0 -200 -125 48 1 0 0 0 1 0 0 0 1 3838.dat
1  0 -200 -81 48 1 0 0 0 0 1 0 -1 0 3816.dat
1  14 -177.0208 -102.9823 32.26957 0.9976027 -0.01359477 -0.06785124 -0.01359476 0.9229019 -0.3847947 0.06785125 0.3847947 0.9205047 3820.dat
1  14 -222.5217 -105.5771 30.25171 0.9991041 0.005079828 0.04201016 0.005079806 0.9711912 -0.2382463 -0.04201016 0.2382463 0.9702955 3820.dat
1  0 -200 -146 53.65686 1 0 0 0 0.7071068 0.7071067 0 -0.7071067 0.7071068 2447.dat
1  0 200 -64 10 1 0 0 0 1 0 0 0 1 4590.dat
1  0 200 -72 40 0 0 -1 0 1 0 1 0 0 3020.dat
1  0 200 -64 70 -1 0 0 0 1 0 0 0 -1 4590.dat
1  0 170 -72 40 0 0 1 0 1 0 -1 0 0 3623.dat
1  0 230 -72 40 0 0 1 0 1 0 -1 0 0 3623.dat
1  14 200 -80 10 1 0 0 0 1 0 0 0 1 3023.dat
1  0 250 -80 40 0 0 -1 0 1 0 1 0 0 3963.dat
1  0 150 -80 40 0 0 1 0 1 0 -1 0 0 3963.dat
1  0 170 -80 60 0 0 1 0 1 0 -1 0 0 3024.dat
1  0 230 -80 60 0 0 1 0 1 0 -1 0 0 3024.dat
1  36 150 -88 40 0 0 1 0 1 0 -1 0 0 3024.dat
1  36 250 -88 40 0 0 1 0 1 0 -1 0 0 3024.dat
1  0 230 -88 50 0 0 1 0 1 0 -1 0 0 3023.dat
1  0 170 -88 50 0 0 1 0 1 0 -1 0 0 3023.dat
1  0 190 -88 10 0.9238794 0 -0.3826834 0 1 0 0.3826834 0 0.9238794 4592.dat
1  0 210 -88 10 0.9238796 0 0.3826835 0 1 0 -0.3826835 0 0.9238796 4592.dat
1  0 210 -88 10 0.9238796 -0.3280932 0.1970688 0 0.5149657 0.8573488 -0.3826835 -0.7920871 0.4757663 4593.dat
1  0 190 -88 10 0.9238794 0.3280932 -0.1970689 0 0.5149657 0.8573487 0.3826834 -0.792087 0.4757664 4593.dat
1  0 -200 -72 40 0 0 -1 0 1 0 1 0 0 3020.dat
1  0 -200 -64 10 1 0 0 0 1 0 0 0 1 4590.dat
1  0 -200 -64 70 -1 0 0 0 1 0 0 0 -1 4590.dat
1  0 -230 -72 40 0 0 1 0 1 0 -1 0 0 3623.dat
1  0 -170 -72 40 0 0 1 0 1 0 -1 0 0 3623.dat
1  14 -200 -80 10 1 0 0 0 1 0 0 0 1 3023.dat
1  0 -150 -80 40 0 0 -1 0 1 0 1 0 0 3963.dat
1  0 -250 -80 40 0 0 1 0 1 0 -1 0 0 3963.dat
1  0 -230 -80 60 0 0 1 0 1 0 -1 0 0 3024.dat
1  0 -170 -80 60 0 0 1 0 1 0 -1 0 0 3024.dat
1  36 -250 -88 40 0 0 1 0 1 0 -1 0 0 3024.dat
1  36 -150 -88 40 0 0 1 0 1 0 -1 0 0 3024.dat
1  0 -170 -88 50 0 0 1 0 1 0 -1 0 0 3023.dat
1  0 -230 -88 50 0 0 1 0 1 0 -1 0 0 3023.dat
1  0 -210 -88 10 0.9238794 0 -0.3826834 0 1 0 0.3826834 0 0.9238794 4592.dat
1  0 -190 -88 10 0.9238796 0 0.3826835 0 1 0 -0.3826835 0 0.9238796 4592.dat
1  0 -210 -88 10 0.9238794 0.1678307 -0.3439682 0 0.8988322 0.4385628 0.3826833 -0.4051792 0.8304127 4593.dat
1  0 -190 -88 10 0.9238796 -0.1971709 0.3280318 0 0.8571886 0.5152323 -0.3826835 -0.4760126 0.791939 4593.dat
1  0 0 -16 60 0 0 -1 0 1 0 1 0 0 3033.dat
1  0 0 -40 160 -1 0 0 0 1 0 0 0 -1 3001.dat
1  0 0 -40 -40 -1 0 0 0 1 0 0 0 -1 3001.dat
1  0 -50 -40 40 0 0 1 0 1 0 -1 0 0 3008.dat
1  0 50 -40 40 0 0 1 0 1 0 -1 0 0 3008.dat
1  0 -50 -40 140 0 0 1 0 1 0 -1 0 0 3004P05.dat
1  0 50 -40 140 0 0 -1 0 1 0 1 0 0 3004P05.dat
1  0 0 -64 170 -1 0 0 0 1 0 0 0 -1 3701.dat
1  0 0 -64 150 -1 0 0 0 1 0 0 0 -1 3010.dat
1  0 50 -64 80 0 0 1 0 1 0 -1 0 0 3008.dat
1  0 -50 -64 80 0 0 1 0 1 0 -1 0 0 3008.dat
1  0 50 -64 -20 0 0 1 0 1 0 -1 0 0 3004.dat
1  0 -50 -64 -20 0 0 1 0 1 0 -1 0 0 3004.dat
1  0 -20 -64 -40 0 0 1 0 1 0 -1 0 0 4730.dat
1  0 20 -64 -40 0 0 1 0 1 0 -1 0 0 4730.dat
1  0 0 -72 -50 1 0 0 0 1 0 0 0 1 3023.dat
1  14 0 -72 -30 1 0 0 0 1 0 0 0 1 3666.dat
1  14 -50 -72 60 0 0 -1 0 1 0 1 0 0 3460.dat
1  14 50 -72 60 0 0 -1 0 1 0 1 0 0 3460.dat
1  14 -30 -72 150 0 0 -1 0 1 0 1 0 0 2420.dat
1  14 30 -72 150 1 0 0 0 1 0 0 0 1 2420.dat
1  0 0 -72 160 1 0 0 0 1 0 0 0 1 3022.dat
1  0 -10 -96 -30 0 0 1 0 1 0 -1 0 0 4286.dat
1  0 10 -96 -30 0 0 -1 0 1 0 1 0 0 4286.dat
1  0 0 -96 150 1 0 0 0 1 0 0 0 1 3937.dat
1  0 -40 -96 150 1 0 0 0 1 0 0 0 1 3937.dat
1  0 40 -96 150 1 0 0 0 1 0 0 0 1 3937.dat
1  0 40 -86 140 1 0 0 0 0 -1 0 1 0 3938.dat
1  0 0 -86 140 1 0 0 0 0 -1 0 1 0 3938.dat
1  0 -40 -86 140 1 0 0 0 0 -1 0 1 0 3938.dat
1  0 30 -106 132 0 0 -1 -1 0 0 0 1 0 2450.dat
1  0 -30 -106 132 -1 0 0 0 0 1 0 1 0 2450.dat
1  0 -50 -86 108 -1 0 0 0 0 1 0 1 0 3062B.dat
1  0 50 -86 108 -1 0 0 0 0 1 0 1 0 3062B.dat
1  0 -10 -126 108 -1 0 0 0 0 1 0 1 0 4070.dat
1  0 10 -126 108 -1 0 0 0 0 1 0 1 0 4070.dat
1  0 -30 -106 -12 -1 0 0 0 0 1 0 1 0 2345.dat
1  0 30 -106 -12 0 0 -1 -1 0 0 0 1 0 2345.dat
1  14 0 -116 4 0 0 -1 -1 0 0 0 1 0 3022.dat
1  0 0 -86 -12 -1 0 0 0 0 1 0 1 0 3009.dat
1  0 0 -86 -20 -1 0 0 0 0 1 0 1 0 3069B.dat
1  0 0 -106 -20 -1 0 0 0 0 1 0 1 0 3039P10.dat
1  0 -10 -148 118 1 0 0 0 1 0 0 0 1 3959.dat
1  0 10 -148 118 1 0 0 0 1 0 0 0 1 3959.dat
1  36 10 -148 94 1 0 0 0 0 1 0 -1 0 4073.dat
1  36 -10 -148 94 1 0 0 0 0 1 0 -1 0 4073.dat
1  0 -40 -72 240 0 0 -1 0 1 0 1 0 0 4871.dat
1  0 -40 -64 250 0 0 -1 0 1 0 1 0 0 3021.dat
1  0 -40 -72 270 1 0 0 0 1 0 0 0 1 4598.dat
1  0 -40 -72 230 1 0 0 0 1 0 0 0 1 3023.dat
1  0 -40 -80 270 1 0 0 0 1 0 0 0 1 4590.dat
1  0 -60 -96 240 0 0 1 0 1 0 -1 0 0 4730.dat
1  0 -20 -96 240 0 0 1 0 1 0 -1 0 0 4730.dat
1  0 -40 -104 230 -1 0 0 0 1 0 0 0 -1 3023.dat
1  14 -40 -104 250 -1 0 0 0 1 0 0 0 -1 3794.dat
1  36 -40 -80 290 -1 0 0 0 1 0 0 0 -1 3957.dat
1  0 -40 -120 250 -1 0 0 0 1 0 0 0 -1 4735.dat
1  14 -40 -92 308 -1 0 0 0 0 1 0 1 0 3943A.dat
1  0 60 -96 240 0 0 1 0 1 0 -1 0 0 4730.dat
1  0 40 -72 240 0 0 -1 0 1 0 1 0 0 4871.dat
1  0 40 -64 250 0 0 -1 0 1 0 1 0 0 3021.dat
1  0 40 -72 270 1 0 0 0 1 0 0 0 1 4598.dat
1  0 40 -72 230 1 0 0 0 1 0 0 0 1 3023.dat
1  0 40 -80 270 1 0 0 0 1 0 0 0 1 4590.dat
1  0 20 -96 240 0 0 1 0 1 0 -1 0 0 4730.dat
1  0 40 -104 230 -1 0 0 0 1 0 0 0 -1 3023.dat
1  14 40 -104 250 -1 0 0 0 1 0 0 0 -1 3794.dat
1  36 40 -80 290 -1 0 0 0 1 0 0 0 -1 3957.dat
1  0 40 -120 250 -1 0 0 0 1 0 0 0 -1 4735.dat
1  14 40 -92 308 -1 0 0 0 0 1 0 1 0 3943A.dat
0 WORLD  -26.86615 -238.2677 -446.7942 0.4690062 -0.1379903 0.872353 0.570603 0.801249 -0.1800304 -0.6741291 0.5822001 0.4545249
0 CENTRE  0 0 0
0 LOOKAT  -70 -342 0
0 ZOOM  60
