0 6981 Aerial Intruder
0 Name: 6981_Aerial_Intruder.ldr
0 Author: LEGO
0 bassfoundation@yahoo.com
0 !COLOUR SandBlue CODE 64 VALUE #88A2B5 EDGE 0 ALPHA 255
0 !COLOUR Chrome CODE 65 VALUE #A1A29B EDGE 0 ALPHA 255
0 !COLOUR Silver CODE 66 VALUE #C7C7C7 EDGE 0 ALPHA 255
0 !COLOUR Gold CODE 67 VALUE #BBBD39 EDGE 0 ALPHA 255
0 ROTATION CENTER 0 0 0 1 "Custom" 
0 ROTATION CONFIG 0 0
1 0 0 0 100 1 0 0 0 1 0 0 0 1 3036.dat
1 0 -200 0 120 0 0 1 0 1 0 -1 0 0 3020.dat
1 0 200 0 120 0 0 1 0 1 0 -1 0 0 3020.dat
1 0 -100 0 -160 1 0 0 0 1 0 0 0 1 3935.dat
1 0 100 0 -160 1 0 0 0 1 0 0 0 1 3936.dat
1 0 140 -8 60 0 0 -1 0 1 0 1 0 0 3934.dat
1 0 -140 -8 60 0 0 1 0 1 0 -1 0 0 3933.dat
1 15 0 -8 130 -1 0 0 0 1 0 0 0 -1 3023.dat
1 15 -60 -8 120 -1 0 0 0 1 0 0 0 -1 3022.dat
1 15 60 -8 120 -1 0 0 0 1 0 0 0 -1 3022.dat
1 0 -140 -8 150 -1 0 0 0 1 0 0 0 -1 3460.dat
1 0 140 -8 150 -1 0 0 0 1 0 0 0 -1 3460.dat
1 0 -70 -8 -180 0 0 -1 0 1 0 1 0 0 3666.dat
1 0 70 -8 -180 0 0 -1 0 1 0 1 0 0 3666.dat
1 15 -110 -8 -150 0 0 -1 0 1 0 1 0 0 3024.dat
1 15 110 -8 -150 0 0 -1 0 1 0 1 0 0 3024.dat
1 0 110 -8 -130 0 0 -1 0 1 0 1 0 0 6019.dat
1 0 -110 -8 -130 0 0 1 0 1 0 -1 0 0 6019.dat
1 15 -90 -8 -150 0 0 1 0 1 0 -1 0 0 3623.dat
1 15 90 -8 -150 0 0 1 0 1 0 -1 0 0 3623.dat
1 0 -70 -16 -190 0 0 1 0 1 0 -1 0 0 3024.dat
1 0 70 -16 -190 0 0 1 0 1 0 -1 0 0 3024.dat
1 0 -90 -32 -140 0 0 1 0 1 0 -1 0 0 3039.dat
1 0 90 -32 -140 0 0 -1 0 1 0 1 0 0 3039.dat
1 15 0 -32 130 1 0 0 0 1 0 0 0 1 3004.dat
1 15 50 -32 120 0 0 1 0 1 0 -1 0 0 3004.dat
1 15 -50 -32 120 0 0 1 0 1 0 -1 0 0 3004.dat
1 0 70 -32 0 0 0 1 0 1 0 -1 0 0 2465.dat
1 0 -70 -32 0 0 0 1 0 1 0 -1 0 0 2465.dat
1 15 50 -24 60 0 0 1 0 1 0 -1 0 0 2458.dat
1 15 -50 -24 60 0 0 -1 0 1 0 1 0 0 2458.dat
1 0 -50 -32 60 0 0 -1 0 1 0 1 0 0 3023.dat
1 0 50 -32 60 0 0 -1 0 1 0 1 0 0 3023.dat
1 15 20 -24 60 1 0 0 0 0.984808 -0.173648 0 0.173648 0.984808 2444.dat
1 15 -20 -24 60 -1 0 0 0 0.984808 0.173648 0 0.173648 -0.984808 2444.dat
1 0 0 -21.459 -0.478 0 0 -1 -0.173648 0.984808 0 0.984808 0.173648 0 3029.dat
1 0 20 -10.237 -110.195 0 0 -1 -0.173648 0.984808 0 0.984808 0.173648 0 3021.dat
1 0 -20 -10.237 -110.195 0 0 -1 -0.173648 0.984808 0 0.984808 0.173648 0 3021.dat
1 0 0 -34.547 27.678 1 0 0 0 0.984808 -0.173648 0 0.173648 0.984808 3023.dat
1 15 30 -18.919 -60.955 0 0 1 0.173648 0.984808 0 -0.984808 0.173648 0 2412b.dat
1 15 -30 -18.919 -60.955 0 0 1 0.173648 0.984808 0 -0.984808 0.173648 0 2412b.dat
1 0 30 -29.338 -1.867 0 0 1 0.173648 0.984808 0 -0.984808 0.173648 0 2431.dat
1 0 -30 -29.338 -1.867 0 0 1 0.173648 0.984808 0 -0.984808 0.173648 0 2431.dat
1 0 10 -30.27 -42.648 0 0 1 0.173648 0.984808 0 -0.984808 0.173648 0 4162.dat
1 0 -10 -30.27 -42.648 0 0 1 0.173648 0.984808 0 -0.984808 0.173648 0 4162.dat
1 0 0 -14.642 -131.283 -1 0 0 0 0.984808 0.173648 0 0.173648 -0.984808 3023.dat
1 0 30 -16.379 -121.433 0 0 -1 -0.173648 0.984808 0 0.984808 0.173648 0 2431.dat
1 0 -30 -16.379 -121.433 0 0 -1 -0.173648 0.984808 0 0.984808 0.173648 0 2431.dat
1 0 0 -22.521 -132.67 1 0 0 0 0.984808 -0.173648 0 0.173648 0.984808 3069b.dat
1 0 70 -32 -170 0 0 -1 0 1 0 1 0 0 3040b.dat
1 0 -70 -32 -170 0 0 1 0 1 0 -1 0 0 3040b.dat
1 15 -70 -24 -190 0 0 1 0 1 0 -1 0 0 4073.dat
1 15 70 -24 -190 0 0 1 0 1 0 -1 0 0 4073.dat
1 0 -90 -40 -150 0 0 1 0 1 0 -1 0 0 2450.dat
1 0 90 -40 -150 1 0 0 0 1 0 0 0 1 2450.dat
1 0 -70 -56 -40 0 0 -1 0 1 0 1 0 0 3660.dat
1 0 70 -56 -40 0 0 1 0 1 0 -1 0 0 3660.dat
1 0 60 -56 70 1 0 0 0 1 0 0 0 1 3039.dat
1 0 -60 -56 70 1 0 0 0 1 0 0 0 1 3039.dat
1 0 -60 -56 120 0 0 1 0 1 0 -1 0 0 3001.dat
1 0 60 -56 120 0 0 1 0 1 0 -1 0 0 3001.dat
1 0 0 -40 130 -1 0 0 0 1 0 0 0 -1 3023.dat
1 0 0 -48 130 -1 0 0 0 1 0 0 0 -1 3839b.dat
1 0 200 -56 120 0 0 1 0 1 0 -1 0 0 2434.dat
1 0 -200 -56 120 0 0 1 0 1 0 -1 0 0 2434.dat
1 15 -200 8 120 -1 0 0 0 1 0 0 0 -1 4229.dat
1 15 -60 8 120 -1 0 0 0 1 0 0 0 -1 4229.dat
1 15 60 8 120 -1 0 0 0 1 0 0 0 -1 4229.dat
1 15 200 8 120 -1 0 0 0 1 0 0 0 -1 4229.dat
1 15 80 8 -160 -1 0 0 0 1 0 0 0 -1 4229.dat
1 15 -80 8 -160 -1 0 0 0 1 0 0 0 -1 4229.dat
1 0 -70 -40 -190 0.866025 0 -0.5 0 1 0 0.5 0 0.866025 4735.dat
1 0 70 -40 -190 0.866025 0 0.5 0 1 0 -0.5 0 0.866025 4735.dat
1 0 70 -64 -50 0 0 -1 0 1 0 1 0 0 4081b.dat
1 0 -70 -64 -50 0 0 1 0 1 0 -1 0 0 4081b.dat
1 0 -50 -64 -40 0 0 1 0 1 0 -1 0 0 3023.dat
1 0 50 -64 -40 0 0 1 0 1 0 -1 0 0 3023.dat
1 0 70 -64 60 0 0 1 0 1 0 -1 0 0 4477.dat
1 0 -70 -64 60 0 0 1 0 1 0 -1 0 0 4477.dat
1 15 0 -72 130 -1 0 0 0 1 0 0 0 -1 3004.dat
1 15 50 -72 140 0 0 1 0 1 0 -1 0 0 4531.dat
1 15 -50 -72 140 0 0 1 0 1 0 -1 0 0 4531.dat
1 0 -50 -90 90 0 0 -1 0.642788 0.766044 0 0.766044 -0.642788 0 4275b.dat
1 0 50 -90 90 0 0 -1 0.642788 0.766044 0 0.766044 -0.642788 0 4275b.dat
1 0 200 -80 90 1 0 0 0 1 0 0 0 1 2458.dat
1 0 -200 -80 90 1 0 0 0 1 0 0 0 1 2458.dat
1 0 -200 -80 110 -1 0 0 0 1 0 0 0 -1 3298.dat
1 0 200 -80 110 -1 0 0 0 1 0 0 0 -1 3298.dat
1 0 0 -102.556 87.482 -1 0 0 0 0.766044 -0.642788 0 -0.642788 -0.766044 3666.dat
1 0 60 -72 -40 -1 0 0 0 1 0 0 0 -1 3022.dat
1 0 -60 -72 -40 -1 0 0 0 1 0 0 0 -1 3022.dat
1 15 90 -62 -62 -1 0 0 0 0 1 0 1 0 4073.dat
1 15 -90 -62 -62 -1 0 0 0 0 1 0 1 0 4073.dat
1 0 70 -48 -160 0 0 -1 0 1 0 1 0 0 3710.dat
1 0 -70 -48 -160 0 0 -1 0 1 0 1 0 0 3710.dat
1 15 200 -88 100 -1 0 0 0 1 0 0 0 -1 4859.dat
1 15 -200 -88 100 -1 0 0 0 1 0 0 0 -1 4859.dat
1 0 70 -88 150 -1 0 0 0 1 0 0 0 -1 2357.dat
1 0 -70 -88 150 0 0 1 0 1 0 -1 0 0 2357.dat
1 0 -70 -88 110 1 0 0 0 1 0 0 0 1 3040b.dat
1 0 70 -88 110 1 0 0 0 1 0 0 0 1 3040b.dat
1 15 70 -56 -180 0 0 1 0 1 0 -1 0 0 3069bp06.dat
1 15 -70 -56 -180 0 0 1 0 1 0 -1 0 0 3069bp06.dat
1 15 70 -80 -40 0 0 1 0 1 0 -1 0 0 2412b.dat
1 15 -70 -80 -40 0 0 1 0 1 0 -1 0 0 2412b.dat
1 0 50 -80 -40 0 0 1 0 1 0 -1 0 0 88072.dat
1 0 -50 -80 -40 0 0 -1 0 1 0 1 0 0 88072.dat
1 0 0 -72 150 -1 0 0 0 1 0 0 0 -1 2443.dat
1 0 0 -80 140 -1 0 0 0 1 0 0 0 -1 3022.dat
1 0 0 -88 150 -1 0 0 0 1 0 0 0 -1 3023.dat
1 15 0 -32 166 -1 0 0 0 1 0 0 0 -1 6023.dat
1 42 0 -36 212 -1 0 0 0 0 -1 0 -1 0 2418a.dat
1 0 0 -96 150 -1 0 0 0 1 0 0 0 -1 3666.dat
1 0 -140 -96 140 0 0 1 0 1 0 -1 0 0 3934.dat
1 0 140 -96 140 0 0 -1 0 1 0 1 0 0 3933.dat
1 0 0 -104 150 1 0 0 0 1 0 0 0 1 4477.dat
1 0 -10 -64.888 95.034 0 0 -1 0.642788 0.766044 0 0.766044 -0.642788 0 3839b.dat
1 0 0 -52.328 97.553 1 0 0 0 0.766044 0.642788 0 -0.642788 0.766044 3710.dat
1 0 -30 -64.888 95.034 0 0 -1 0.642788 0.766044 0 0.766044 -0.642788 0 3023.dat
1 0 20 -64.888 95.034 0 0 -1 0.642788 0.766044 0 0.766044 -0.642788 0 3022.dat
1 15 0 -64.586 107.838 -1 0 0 0 0.766044 -0.642788 0 -0.642788 -0.766044 3710.dat
1 42 0 -90.298 77.199 1 0 0 0 0.766044 0.642788 0 -0.642788 0.766044 2408p01.dat
1 0 -20 -77.145 105.32 1 0 0 0 0.766044 0.642788 0 -0.642788 0.766044 3068b.dat
1 0 20 -77.145 105.32 1 0 0 0 0.766044 0.642788 0 -0.642788 0.766044 3068b.dat
1 0 -30 -96.43 82.339 1 0 0 0 0.766044 0.642788 0 -0.642788 0.766044 3024.dat
1 0 30 -96.43 82.339 1 0 0 0 0.766044 0.642788 0 -0.642788 0.766044 3024.dat
1 15 10 -102.856 74.68 0 0 1 -0.642788 0.766044 0 -0.766044 -0.642788 0 4276b.dat
1 15 -10 -102.856 74.68 0 0 1 -0.642788 0.766044 0 -0.766044 -0.642788 0 4276b.dat
1 0 0 9.089 -215.066 -1 0 0 0 0.766044 -0.642788 0 -0.642788 -0.766044 3666.dat
1 0 -10 -128.645 20.607 0 0 -1 0.173648 0.984808 0 0.984808 -0.173648 0 4275b.dat
1 0 10 -128.645 20.607 0 0 -1 0.173648 0.984808 0 0.984808 -0.173648 0 4275b.dat
1 0 0 -136.526 21.995 0 0 -1 0.173648 0.984808 0 0.984808 -0.173648 0 2460.dat
1 0 0 -144.404 23.386 0 0 -1 0.173648 0.984808 0 0.984808 -0.173648 0 4285a.dat
1 0 0 -152.282 24.775 1 0 0 0 0.984808 0.173648 0 -0.173648 0.984808 3709b.dat
1 15 -30 -160.161 26.167 0 0 1 -0.173648 0.984808 0 -0.984808 -0.173648 0 4596.dat
1 15 30 -160.161 26.167 0 0 -1 0.173648 0.984808 0 0.984808 -0.173648 0 4596.dat
1 0 30 -166.301 37.401 -1 0 0 0 0.984808 -0.173648 0 -0.173648 -0.984808 2555.dat
1 0 -30 -166.301 37.401 -1 0 0 0 0.984808 -0.173648 0 -0.173648 -0.984808 2555.dat
1 0 0 -176.669 18.921 -1 0 0 0 0.173648 0.984808 0 0.984808 -0.173648 4083.dat
1 42 -100 -158.191 25.814 0 -1 0 -0.173648 0 0.984808 -0.984808 0 -0.173648 4073.dat
1 42 100 -158.191 25.814 0 1 0 0.173648 0 0.984808 0.984808 0 -0.173648 4073.dat
1 0 -340 -34 160 0 1 0 -1 0 0 0 0 1 4476.dat
1 0 -320 -34 180 0 0 1 1 0 0 0 1 0 3956.dat
1 15 -320 -34 188 0 0 1 1 0 0 0 1 0 4591.dat
1 0 340 -34 160 0 -1 0 1 0 0 0 0 1 4476.dat
1 0 320 -34 180 0 0 -1 -1 0 0 0 1 0 3956.dat
1 15 320 -34 188 0 0 1 1 0 0 0 1 0 4591.dat
1 42 130 -6 -125 0 0 1 1 0 0 0 1 0 2569.dat
1 42 -130 -6 -125 0 0 1 1 0 0 0 1 0 2569.dat
1 0 -200 -8 -20 1 0 0 0 1 0 0 0 1 6981_cockpit.ldr
1 0 200 -8 -20 1 0 0 0 1 0 0 0 1 6981_cockpit.ldr
1 0 -2 -23.955 -32.396 1 0 0 0 0.996195 -0.0871558 0 0.0871558 0.996195 6981_rover.ldr
1 0 0 -14.18 -145.416 1 0 0 0 1 0 0 0 1 6981_rover.ldr
0
