0 6983 Ice Station Odyssey
0 Name: 6983_Ice_Station_Odyssey.ldr
0 Author: LEGO
0 bassfoundation@yahoo.com
0 !COLOUR SandBlue CODE 64 VALUE #88A2B5 EDGE 0 ALPHA 255
0 !COLOUR Chrome CODE 65 VALUE #A1A29B EDGE 0 ALPHA 255
0 !COLOUR Silver CODE 66 VALUE #C7C7C7 EDGE 0 ALPHA 255
0 !COLOUR Gold CODE 67 VALUE #BBBD39 EDGE 0 ALPHA 255
0 ROTATION CENTER 0 0 0 1 "Custom" 
0 ROTATION CONFIG 0 0
1 1 30 0 10 0 0 1 0 1 0 -1 0 0 2552.dat
1 1 20 -144 330 1 0 0 0 1 0 0 0 1 6112.dat
1 0 -80 -120 330 1 0 0 0 1 0 0 0 1 2454.dat
1 0 120 -120 330 1 0 0 0 1 0 0 0 1 2454.dat
1 0 -60 -152 -170 1 0 0 0 1 0 0 0 1 3710.dat
1 0 210 -152 -100 0 0 -1 0 1 0 1 0 0 4477.dat
1 1 80 -144 180 -1 0 0 0 1 0 0 0 -1 2445.dat
1 0 -10 -152 220 0 0 -1 0 1 0 1 0 0 3666.dat
1 0 50 -152 220 0 0 -1 0 1 0 1 0 0 3666.dat
1 0 -40 -160 -170 -1 0 0 0 1 0 0 0 -1 3023.dat
1 38 -116 -76 -170 0.121869 0.992546 0 -0.992546 0.121869 0 0 0 1 4073.dat
1 0 -112.344 -105.776 -170 0.121869 0.992546 0 -0.992546 0.121869 0 0 0 1 3023.dat
1 0 -122.722 -86.901 -170 0.121869 0.992546 0 -0.992546 0.121869 0 0 0 1 3023.dat
1 0 -117.846 -126.602 -170 0.121869 0.992546 0 -0.992546 0.121869 0 0 0 1 4276b.dat
1 0 -80 -160 -170 -1 0 0 0 1 0 0 0 -1 4275b.dat
1 1 -128.224 -107.727 -170 -0.121869 0.992546 0 0.992546 0.121869 0 0 0 -1 3710.dat
1 38 -132.508 -138.478 -170 -0.121869 0.992546 0 0.992546 0.121869 0 0 0 -1 3957a.dat
1 38 -139.821 -78.925 -170 -0.121869 0.992546 0 0.992546 0.121869 0 0 0 -1 3957a.dat
1 38 -137.383 -98.776 -170 -0.121869 0.992546 0 0.992546 0.121869 0 0 0 -1 3957a.dat
1 38 -134.946 -118.626 -170 -0.121869 0.992546 0 0.992546 0.121869 0 0 0 -1 3957a.dat
1 0 130 -120 -290 0 0 -1 0 1 0 1 0 0 2453.dat
1 0 70 -120 -290 0 0 -1 0 1 0 1 0 0 2453.dat
1 0 100 -128 -290 1 0 0 0 1 0 0 0 1 3710.dat
1 15 -60 -96 -210 1 0 0 0 1 0 0 0 1 3039p34.dat
1 15 -60 -104 -210 1 0 0 0 1 0 0 0 1 3794b.dat
1 15 -60 -112 -210 -1 0 0 0 1 0 0 0 -1 4592c01.dat
1 15 500 0 20 0 0 1 0 1 0 -1 0 0 3857.dat
1 1 160 -152 280 0 0 -1 0 1 0 1 0 0 2401.dat
1 1 -120 -152 280 -1 0 0 0 1 0 0 0 -1 2401.dat
1 0 -10 -168 -100 0 0 1 0 1 0 -1 0 0 6111.dat
1 1 -30 -184 -170 0 0 1 0 1 0 -1 0 0 4286.dat
1 1 -10 -176 -60 0 0 1 0 1 0 -1 0 0 3023.dat
1 1 -10 -176 -160 0 0 -1 0 1 0 1 0 0 3710.dat
1 1 -10 -176 -20 0 0 1 0 1 0 -1 0 0 4623.dat
1 1 -10 -176 -100 0 0 1 0 1 0 -1 0 0 4623.dat
1 0 -10 -176 270 -1 0 0 0 1 0 0 0 -1 2357.dat
1 0 50 -176 270 0 0 1 0 1 0 -1 0 0 2357.dat
1 0 -100 -160 300 0 0 1 0 1 0 -1 0 0 3680c01.dat
1 0 580 -120 160 0 0 -1 0 1 0 1 0 0 4476.dat
1 0 580 -120 80 0 0 -1 0 1 0 1 0 0 4476.dat
1 15 340 -24 300 0 0 1 0 1 0 -1 0 0 3003.dat
1 15 340 -24 -220 0 0 1 0 1 0 -1 0 0 3003.dat
1 1 560 -24 -40 0 0 1 0 1 0 -1 0 0 3941.dat
1 1 480 -24 -40 0 0 1 0 1 0 -1 0 0 3941.dat
1 38 100 -136 -290 1 0 0 0 1 0 0 0 1 2466.dat
1 1 250 -160 200 0 0 -1 0 1 0 1 0 0 3023.dat
1 1 250 -168 210 0 0 1 0 1 0 -1 0 0 4085a.dat
1 1 250 -168 190 0 0 1 0 1 0 -1 0 0 4085a.dat
1 1 -40 -176 370 1 0 0 0 1 0 0 0 1 3004.dat
1 1 80 -176 370 1 0 0 0 1 0 0 0 1 3004.dat
1 0 100 -144 -290 1 0 0 0 1 0 0 0 1 3839b.dat
1 1 570 -144 170 0 0 1 0 1 0 -1 0 0 3665.dat
1 1 570 -144 70 0 0 1 0 1 0 -1 0 0 3665.dat
1 1 590 -144 120 0 0 -1 0 1 0 1 0 0 3009.dat
1 0 480 -48 -40 -1 0 0 0 1 0 0 0 -1 4871.dat
1 0 560 -48 -40 -1 0 0 0 1 0 0 0 -1 4871.dat
1 1 -210 -160 200 0 0 -1 0 1 0 1 0 0 3023.dat
1 1 -210 -168 200 0 0 -1 0 1 0 1 0 0 3023.dat
1 1 -210 -176 190 1 0 0 0 1 0 0 0 1 4085a.dat
1 1 -210 -176 210 0 0 -1 0 1 0 1 0 0 4085a.dat
1 0 100 -152 -170 1 0 0 0 1 0 0 0 1 3023.dat
1 0 20 -184 260 -1 0 0 0 1 0 0 0 -1 3795.dat
1 0 50 -176 220 0 0 -1 0 1 0 1 0 0 3004.dat
1 0 20 -192 260 -1 0 0 0 1 0 0 0 -1 3020.dat
1 15 -30 -192 260 0 0 1 0 1 0 -1 0 0 3069bp61.dat
1 1 250 -168 120 0 0 -1 0 1 0 1 0 0 3010.dat
1 15 -90 -168 300 0 0 -1 0 1 0 1 0 0 4598.dat
1 15 -88 -189 301 0 0 -1 0 1 0 1 0 0 fig_iceplanet2_recline1.ldr
1 1 570 -168 70 0 0 -1 0 1 0 1 0 0 3040a.dat
1 1 570 -168 170 0 0 -1 0 1 0 1 0 0 3040a.dat
1 15 560 -56 -10 -1 0 0 0 1 0 0 0 -1 2412b.dat
1 15 480 -56 -70 -1 0 0 0 1 0 0 0 -1 2412b.dat
1 15 480 -56 -10 -1 0 0 0 1 0 0 0 -1 2412b.dat
1 15 560 -56 -70 -1 0 0 0 1 0 0 0 -1 2412b.dat
1 15 50 -200 220 0 0 -1 0 1 0 1 0 0 3039p34.dat
1 0 340 -72 -220 -1 0 0 0 1 0 0 0 -1 3940.dat
1 0 130 -152 -240 0 0 -1 0 1 0 1 0 0 2419.dat
1 0 70 -152 -240 0 0 1 0 1 0 -1 0 0 2419.dat
1 15 -10 -200 220 0 0 -1 0 1 0 1 0 0 4864b.dat
1 1 400 -168 170 -1 0 0 0 1 0 0 0 -1 2465.dat
1 1 400 -168 70 -1 0 0 0 1 0 0 0 -1 2465.dat
1 1 100 -144 -40 1 0 0 0 1 0 0 0 1 3030.dat
1 1 20 -152 -70 1 0 0 0 1 0 0 0 1 3794b.dat
1 1 20 -152 -10 1 0 0 0 1 0 0 0 1 3794b.dat
1 1 70 -152 -60 0 0 -1 0 1 0 1 0 0 3069b.dat
1 1 130 -152 -60 0 0 -1 0 1 0 1 0 0 3069b.dat
1 1 190 -152 -40 0 0 -1 0 1 0 1 0 0 3069b.dat
1 1 100 -168 -10 1 0 0 0 1 0 0 0 1 3010.dat
1 1 30 -160 0 0 0 -1 0 1 0 1 0 0 3832.dat
1 0 20 -176 100 0 0 -1 0 1 0 1 0 0 2428.dat
1 0 100 -176 -10 -1 0 0 0 1 0 0 0 -1 2412b.dat
1 0 100 -152 -40 -1 0 0 0 1 0 0 0 -1 2460.dat
1 7 100 -162 -40 0 -1 0 0 0 -1 1 0 0 2852.dat
1 0 20 -200 180 1 0 0 0 1 0 0 0 1 200.dat
1 0 20 -200 180 1 0 0 0 1 0 0 0 1 2426c01.dat
1 7 100 -162 -40 0 1 0 0 0 1 1 0 0 2852.dat
1 0 300 -80 -220 -1 0 0 0 1 0 0 0 -1 3020.dat
1 0 350 -80 -230 1 0 0 0 1 0 0 0 1 4081b.dat
1 0 350 -80 -210 -1 0 0 0 1 0 0 0 -1 4081b.dat
1 15 50 -200 260 0 0 -1 0 1 0 1 0 0 3023.dat
1 15 -10 -200 260 0 0 -1 0 1 0 1 0 0 3023.dat
1 1 200 -160 -100 0 0 -1 0 1 0 1 0 0 3832.dat
1 1 0 -184 -100 0 0 -1 0 1 0 1 0 0 3832.dat
1 1 340 -88 -220 1 0 0 0 1 0 0 0 1 3068bp61.dat
1 38 -32 -216 -116 -1 0 0 0 0 1 0 1 0 6120.dat
1 38 -32 -216 -84 1 0 0 0 0 1 0 -1 0 6120.dat
1 0 -24 -208 -100 0 -1 0 0 0 1 -1 0 0 2516.dat
1 38 -32 -216 -36 -1 0 0 0 0 1 0 1 0 6120.dat
1 38 -32 -216 -4 1 0 0 0 0 1 0 -1 0 6120.dat
1 0 -24 -208 -20 0 -1 0 0 0 1 -1 0 0 2516.dat
1 0 500 -176 70 -1 0 0 0 1 0 0 0 -1 4510.dat
1 0 340 -176 70 -1 0 0 0 1 0 0 0 -1 4510.dat
1 0 500 -176 170 1 0 0 0 1 0 0 0 1 4510.dat
1 0 340 -176 170 1 0 0 0 1 0 0 0 1 4510.dat
1 0 250 -176 140 0 0 1 0 1 0 -1 0 0 3460.dat
1 1 -44 -182 180 0 1 0 0 0 1 1 0 0 3941.dat
1 0 20 -192 360 1 0 0 0 1 0 0 0 1 3597.dat
1 0 20 -192 410 -1 0 0 0 1 0 0 0 -1 4596.dat
1 0 20 -200 400 -1 0 0 0 1 0 0 0 -1 3022.dat
1 0 20 -184 400 1 0 0 0 1 0 0 0 1 4229.dat
1 15 20 -158 336 0 0 1 1 0 0 0 1 0 3062b.dat
1 0 20 -200 280 -1 0 0 0 1 0 0 0 -1 3315.dat
1 0 20 -192 480 0 0 -1 -1 0 0 0 1 0 4285a.dat
1 15 20 -192 488 0 0 -1 -1 0 0 0 1 0 3062b.dat
1 38 20 -192 566 0 0 -1 -1 0 0 0 1 0 3957a.dat
1 1 -10 -192 -170 -1 0 0 0 1 0 0 0 -1 3623.dat
1 0 20 -208 220 0 0 -1 0 1 0 1 0 0 3032.dat
1 0 250 -184 70 1 0 0 0 1 0 0 0 1 2420.dat
1 0 250 -184 170 0 0 1 0 1 0 -1 0 0 2420.dat
1 15 250 -184 120 0 0 -1 0 1 0 1 0 0 2412b.dat
1 38 -182 -176 210 0 -1 0 0 0 -1 1 0 0 6117.dat
1 38 238 -176 190 0 -1 0 0 0 -1 1 0 0 6117.dat
1 38 238 -176 210 0 -1 0 0 0 -1 1 0 0 6117.dat
1 0 100 -203.121 -135.906 1 0 0 0 0.75471 -0.656059 0 0.656059 0.75471 3315.dat
1 0 90 -222.28 -126.06 0 0 1 0.656059 0.75471 0 -0.75471 0.656059 0 3184.dat
1 0 110 -222.28 -126.06 0 0 -1 -0.656059 0.75471 0 0.75471 0.656059 0 3184.dat
1 1 100 -189.477 -163.796 -1 0 0 0 0.75471 0.656059 0 0.656059 -0.75471 4590.dat
1 0 140 -162 -40 0 1 0 0.819152 0 -0.573576 -0.573576 0 -0.819152 32005.dat
1 0 60 -162 -40 0 1 0 0.819152 0 -0.573576 -0.573576 0 -0.819152 32005.dat
1 1 100 -267.681 -86.0259 0 0 1 0.656059 0.75471 0 -0.75471 0.656059 0 3832.dat
1 1 90 -247.477 -121.463 0 0 1 0.656059 0.75471 0 -0.75471 0.656059 0 4315.dat
1 1 110 -247.477 -121.463 0 0 -1 -0.656059 0.75471 0 0.75471 0.656059 0 4315.dat
1 38 113.336 -298.928 -166.189 0 -0.207912 -0.978147 -0.656059 0.738217 -0.156913 0.75471 0.641722 -0.136403 2582.dat
1 38 86.815 -299.211 -166.435 0 0.207912 0.978147 0.656059 0.738217 -0.156913 -0.75471 0.641722 -0.136403 2582.dat
1 1 100 -313.082 -45.9918 0 0 1 0.656059 0.75471 0 -0.75471 0.656059 0 3022.dat
1 0 100 -273.196 -104.07 1 0 0 0 0.75471 -0.656059 0 0.656059 0.75471 3023.dat
1 0 100 -233.832 -149.353 1 0 0 0 0.75471 -0.656059 0 0.656059 0.75471 3023.dat
1 0 100 -331.196 -61.7372 0 0 1 0.656059 0.75471 0 -0.75471 0.656059 0 4871.dat
1 15 70 -343.794 -59.4386 0 0 1 0.656059 0.75471 0 -0.75471 0.656059 0 4073.dat
1 15 70 -330.673 -74.5328 0 0 1 0.656059 0.75471 0 -0.75471 0.656059 0 4073.dat
1 15 130 -330.673 -74.5328 0 0 1 0.656059 0.75471 0 -0.75471 0.656059 0 4073.dat
1 15 130 -343.794 -59.4386 0 0 1 0.656059 0.75471 0 -0.75471 0.656059 0 4073.dat
1 0 111.673 -293.023 -161.057 0 -0.207912 -0.978147 -0.656059 0.738217 -0.156913 0.75471 0.641722 -0.136403 3710.dat
1 0 88.478 -293.307 -161.301 0 0.207912 0.978147 0.656059 0.738217 -0.156913 -0.75471 0.641722 -0.136403 3710.dat
1 38 70 -188.954 -176.591 0 0 1 0.656059 0.75471 0 -0.75471 0.656059 0 4073.dat
1 38 130 -188.954 -176.591 0 0 1 0.656059 0.75471 0 -0.75471 0.656059 0 4073.dat
1 15 115 -304.835 -171.323 0 -0.207912 -0.978147 -0.656059 0.738217 -0.156913 0.75471 0.641722 -0.136403 3069bp13.dat
1 15 85.151 -305.118 -171.569 0 0.207912 0.978147 0.656059 0.738217 -0.156913 -0.75471 0.641722 -0.136403 3069bp13.dat
1 0 100 -160 -200 -1 0 0 0 1 0 0 0 -1 3597.dat
1 0 20 -328 200 -1 0 0 0 1 0 0 0 -1 2680.dat
1 1 20 -352 200 -1 0 0 0 1 0 0 0 -1 3003.dat
1 15 20 -400 200 -1 0 0 0 1 0 0 0 -1 3940.dat
1 1 20 -408 200 -1 0 0 0 1 0 0 0 -1 3022.dat
1 1 30 -432 200 0 0 -1 0 1 0 1 0 0 3747b.dat
1 1 10 -432 200 0 0 1 0 1 0 -1 0 0 3747b.dat
1 0 20 -440 200 -1 0 0 0 1 0 0 0 -1 3022.dat
1 0 270 -88 -210 0 0 1 0 1 0 -1 0 0 4085c.dat
1 38 250 -80 -210 0 0 1 0 1 0 -1 0 0 2569.dat
1 15 420 -184 70 1 0 0 0 1 0 0 0 1 3069bp06.dat
1 15 420 -184 170 1 0 0 0 1 0 0 0 1 3069bp06.dat
1 0 100 -168 -280 1 0 0 0 1 0 0 0 1 4590.dat
1 0 100 -168 -210 1 0 0 0 1 0 0 0 1 3710.dat
1 0 150 -184 -240 0 0 -1 0 1 0 1 0 0 2432.dat
1 0 50 -184 -240 0 0 1 0 1 0 -1 0 0 2432.dat
1 38 90 -440 210 0 0 -1 0 1 0 1 0 0 2409.dat
1 38 -50 -440 210 -1 0 0 0 1 0 0 0 -1 2409.dat
1 0 460 -160 120 -1 0 0 0 1 0 0 0 -1 3031.dat
1 1 460 -184 120 -1 0 0 0 1 0 0 0 -1 3003.dat
1 0 460 -184 150 -1 0 0 0 1 0 0 0 -1 2653.dat
1 0 460 -184 90 1 0 0 0 1 0 0 0 1 2653.dat
1 0 460 -208 120 -1 0 0 0 1 0 0 0 -1 3403.dat
1 0 460 -208 120 0.707107 0 -0.707107 0 1 0 0.707107 0 0.707107 3404.dat
1 0 -190 -172 166 0 0 1 1 0 0 0 1 0 2540.dat
1 0 -190 -172 158 0 0 -1 -1 0 0 0 1 0 4596.dat
1 38 -119 -172 160 0 1 0 0 0 1 1 0 0 4589.dat
1 0 70 -176 -240 0 0 -1 0 1 0 1 0 0 2431.dat
1 0 130 -176 -240 0 0 -1 0 1 0 1 0 0 2431.dat
1 1 20 -448 200 -1 0 0 0 1 0 0 0 -1 3795.dat
1 0 531.597 -350.408 194.186 -0.707107 0.171065 -0.686103 0 0.970296 0.241922 0.707107 0.171065 -0.686103 2959c01.dat
1 1 495.142 -214 157.569 0.707107 0 0.707107 0 1 0 -0.707107 0 0.707107 3149d.dat
1 1 495.142 -214 157.569 0.707107 -0.230211 0.668583 0 0.945519 0.325568 -0.707107 -0.230211 0.668583 314d.dat
1 4 495.142 -214 157.569 -0.707107 0 -0.707107 0 1 0 0.707107 0 -0.707107 313.dat
1 1 431.965 -261.686 94.3914 -0.707107 -0.230211 -0.668583 0 0.945519 -0.325568 0.707107 -0.230211 -0.668583 3149d.dat
1 1 432.22 -261.228 94.6466 -0.707107 0.374709 -0.599661 0 0.848048 0.529919 0.707107 0.374709 -0.599661 314d.dat
1 4 431.965 -261.686 94.3914 -0.707107 -0.230211 -0.668583 0 0.945519 -0.325568 0.707107 -0.230211 -0.668583 313.dat
1 0 461.455 -308.288 123.881 -0.707107 0.374709 -0.599661 0 0.848048 0.529919 0.707107 0.374709 -0.599661 2412b.dat
1 0 485.439 -310.616 147.866 -0.707107 0.374709 -0.599661 0 0.848048 0.529919 0.707107 0.374709 -0.599661 3022.dat
1 1 494.435 -328 156.861 0.599661 0.374709 -0.707107 -0.529919 0.848048 0 0.599661 0.374709 0.707107 2444.dat
1 7 510.174 -330.118 172.6 -0.599661 0.374709 0.707107 0.529919 0.848048 0 -0.599661 0.374709 -0.707107 3673.dat
1 1 479.444 -324.183 141.87 -0.707107 0.374709 -0.599661 0 0.848048 0.529919 0.707107 0.374709 -0.599661 3068bp61.dat
1 0 497.434 -340.083 159.86 -0.707107 0.374709 -0.599661 0 0.848048 0.529919 0.707107 0.374709 -0.599661 2412b.dat
1 1 512.426 -343.897 174.852 -0.707107 0.374709 -0.599661 0 0.848048 0.529919 0.707107 0.374709 -0.599661 2607.dat
1 0 531.811 -350.248 194.228 -0.707107 0.171065 -0.686103 0 0.970296 0.241922 0.707107 0.171065 -0.686103 2959.dat
1 0 20 -456 200 1 0 0 0 1 0 0 0 1 3680.dat
1 7 20 -456 200 0.920505 0 -0.390731 0 1 0 0.390731 0 0.920505 3679.dat
1 0 16.096 -464 209.201 0.920505 0 -0.390731 0 1 0 0.390731 0 0.920505 3023.dat
1 0 16.096 -472 209.201 0.920505 0 -0.390731 0 1 0 0.390731 0 0.920505 2452.dat
1 15 17.305 -493.07 206.353 0.177388 0.348144 -0.920505 0.891007 -0.45399 0 -0.4179 -0.820176 -0.390731 4531.dat
1 15 22.873 -500.334 193.228 0.177388 0.348144 -0.920505 0.891007 -0.45399 0 -0.4179 -0.820176 -0.390731 3938.dat
1 1 29.457 -520.139 177.725 0.920505 -0.348144 -0.177388 0 0.45399 -0.891007 0.390731 0.820176 0.4179 2440.dat
1 0 363 -78 -190 0 -1 0 -1 0 0 0 0 -1 3957a.dat
1 15 427 -78 -190 0 -1 0 -1 0 0 0 0 -1 4740.dat
1 0 451 -78 -190 0 -1 0 -1 0 0 0 0 -1 4733.dat
1 38 459 -78 -190 0 -1 0 -1 0 0 0 0 -1 4740.dat
1 15 441 -78 -208 0 0 -1 -1 0 0 0 1 0 4592.dat
1 0 441 -78 -208 0 0.965926 -0.258819 -1 0 0 0 0.258819 0.965926 4593.dat
1 15 441 -78 -172 0 0 -1 1 0 0 0 -1 0 4592.dat
1 0 441 -78 -172 0 0.965926 -0.258819 1 0 0 0 -0.258819 -0.965926 4593.dat
1 15 441 -60 -190 0 0 -1 0 -1 0 -1 0 0 4592.dat
1 0 441 -60 -190 0 0.965926 -0.258819 0 -0.258819 -0.965926 -1 0 0 4593.dat
1 15 441 -96 -190 0 0 -1 0 1 0 1 0 0 4592.dat
1 0 441 -96 -190 0 0.965926 -0.258819 0 0.258819 0.965926 1 0 0 4593.dat
1 0 360.05 -78 -251 0 -1 0 -1 0 0 0 0 -1 3957a.dat
1 15 424.05 -78 -251 0 -1 0 -1 0 0 0 0 -1 4740.dat
1 0 448.05 -78 -251 0 -1 0 -1 0 0 0 0 -1 4733.dat
1 38 456.05 -78 -251 0 -1 0 -1 0 0 0 0 -1 4740.dat
1 15 438.05 -78 -269 0 0 -1 -1 0 0 0 1 0 4592.dat
1 0 438.05 -78 -269 0 0.965926 -0.258819 -1 0 0 0 0.258819 0.965926 4593.dat
1 15 438.05 -78 -233 0 0 -1 1 0 0 0 -1 0 4592.dat
1 0 438.05 -78 -233 0 0.965926 -0.258819 1 0 0 0 -0.258819 -0.965926 4593.dat
1 15 438.05 -60 -251 0 0 -1 0 -1 0 -1 0 0 4592.dat
1 0 438.05 -60 -251 0 0.965926 -0.258819 0 -0.258819 -0.965926 -1 0 0 4593.dat
1 15 438.05 -96 -251 0 0 -1 0 1 0 1 0 0 4592.dat
1 0 438.05 -96 -251 0 0.965926 -0.258819 0 0.258819 0.965926 1 0 0 4593.dat
1 15 523 -55 -77 1 0 0 0 1 0 0 0 1 iceplanet_rocket2.ldr
1 15 140 -300.648 -90.854 0 0 -1 -0.642788 0.766044 0 0.766044 0.642788 0 iceplanet_rocket2.ldr
1 15 787.945 -55 -197.522 0.965926 0 0.258819 0 1 0 -0.258819 0 0.965926 6983_rover2.ldr
1 15 -215.784 -6 -385.727 0.5 0 -0.866025 0 1 0 0.866025 0 0.5 6983_rover1.ldr
0
