0 6986 Mission Commander
0 Name: 6986 _Mission_Commander.ldr
0 Author: LEGO
0 bassfoundation@yahoo.com
0 !COLOUR SandBlue CODE 64 VALUE #88A2B5 EDGE 0 ALPHA 255
0 !COLOUR Chrome CODE 65 VALUE #A1A29B EDGE 0 ALPHA 255
0 !COLOUR Silver CODE 66 VALUE #C7C7C7 EDGE 0 ALPHA 255
0 !COLOUR Gold CODE 67 VALUE #BBBD39 EDGE 0 ALPHA 255
0 ROTATION CENTER 0 0 0 1 "Custom" 
0 ROTATION CONFIG 0 0
1 1 0 0 100 1 0 0 0 1 0 0 0 1 4282.dat
1 1 -30 -8 100 0 0 -1 0 1 0 1 0 0 3023.dat
1 1 30 -8 100 0 0 -1 0 1 0 1 0 0 3023.dat
1 1 50 -8 100 0 0 -1 0 1 0 1 0 0 3069b.dat
1 1 -50 -8 100 0 0 -1 0 1 0 1 0 0 3069b.dat
1 0 -150 -8 100 0 0 -1 0 1 0 1 0 0 3023.dat
1 0 150 -8 100 0 0 -1 0 1 0 1 0 0 3023.dat
1 0 -100 -8 110 1 0 0 0 1 0 0 0 1 3023.dat
1 0 100 -8 110 1 0 0 0 1 0 0 0 1 3023.dat
1 0 -130 -8 120 0 0 1 0 1 0 -1 0 0 3666.dat
1 0 130 -8 120 0 0 1 0 1 0 -1 0 0 3666.dat
1 1 -30 -16 120 0 0 1 0 1 0 -1 0 0 3710.dat
1 1 30 -16 120 0 0 1 0 1 0 -1 0 0 3710.dat
1 1 0 -24 150 -1 0 0 0 1 0 0 0 -1 3710.dat
1 0 -100 -24 90 -1 0 0 0 1 0 0 0 -1 3004.dat
1 0 -70 -24 100 0 0 -1 0 1 0 1 0 0 3004.dat
1 0 70 -24 100 0 0 -1 0 1 0 1 0 0 3004.dat
1 0 100 -24 90 1 0 0 0 1 0 0 0 1 3004.dat
1 1 30 -24 40 0 0 1 0 1 0 -1 0 0 4477.dat
1 1 -30 -24 40 0 0 1 0 1 0 -1 0 0 4477.dat
1 1 140 -16 130 -1 0 0 0 1 0 0 0 -1 2419.dat
1 1 -140 -16 130 -1 0 0 0 1 0 0 0 -1 2419.dat
1 0 -100 -24 110 -1 0 0 0 1 0 0 0 -1 3023.dat
1 0 100 -24 110 -1 0 0 0 1 0 0 0 -1 3023.dat
1 0 0 -32 70 -1 0 0 0 1 0 0 0 -1 3710.dat
1 1 0 -32 140 -1 0 0 0 1 0 0 0 -1 3020.dat
1 0 170 -16 -20 0 0 -1 0 1 0 1 0 0 3585.dat
1 0 -170 -16 -20 0 0 1 0 1 0 -1 0 0 3586.dat
1 0 -130 -32 170 -1 0 0 0 1 0 0 0 -1 3665.dat
1 0 130 -32 170 -1 0 0 0 1 0 0 0 -1 3665.dat
1 0 -220 -24 140 0 0 1 0 1 0 -1 0 0 2401.dat
1 0 220 -24 140 1 0 0 0 1 0 0 0 1 2401.dat
1 1 -220 -32 130 1 0 0 0 1 0 0 0 1 3794b.dat
1 1 -220 -32 110 1 0 0 0 1 0 0 0 1 3794b.dat
1 1 220 -32 130 1 0 0 0 1 0 0 0 1 3794b.dat
1 1 220 -32 110 1 0 0 0 1 0 0 0 1 3794b.dat
1 0 240 -24 320 -1 0 0 0 1 0 0 0 -1 3934.dat
1 0 -240 -24 320 -1 0 0 0 1 0 0 0 -1 3933.dat
1 0 180 -32 360 0 0 1 0 1 0 -1 0 0 3935.dat
1 0 -180 -32 360 0 0 -1 0 1 0 1 0 0 3936.dat
1 1 260 -32 240 1 0 0 0 1 0 0 0 1 2429.dat
1 1 260 -32 240 -1 0 0 0 1 0 0 0 -1 2430.dat
1 1 -260 -32 240 -1 0 0 0 1 0 0 0 -1 2429.dat
1 1 -260 -32 240 1 0 0 0 1 0 0 0 1 2430.dat
1 0 -310 -32 180 0 0 1 0 1 0 -1 0 0 3666.dat
1 0 310 -32 180 0 0 1 0 1 0 -1 0 0 3666.dat
1 0 -230 -32 300 0 0 1 0 1 0 -1 0 0 3710.dat
1 0 230 -32 300 0 0 1 0 1 0 -1 0 0 3710.dat
1 0 -130 -32 140 0 0 1 0 1 0 -1 0 0 3023.dat
1 0 130 -32 140 0 0 1 0 1 0 -1 0 0 3023.dat
1 0 0 -32 100 -1 0 0 0 1 0 0 0 -1 4282.dat
1 1 260 -16 240 1 0 0 0 1 0 0 0 1 2429.dat
1 1 260 -16 240 -1 0 0 0 1 0 0 0 -1 2430.dat
1 1 -260 -16 240 -1 0 0 0 1 0 0 0 -1 2429.dat
1 1 -260 -16 240 1 0 0 0 1 0 0 0 1 2430.dat
1 1 180 -24 340 1 0 0 0 1 0 0 0 1 3941.dat
1 1 -180 -24 340 1 0 0 0 1 0 0 0 1 3941.dat
1 1 -250 -16 210 1 0 0 0 1 0 0 0 1 3024.dat
1 1 250 -16 210 1 0 0 0 1 0 0 0 1 3024.dat
1 1 230 -16 160 0 0 1 0 1 0 -1 0 0 3666.dat
1 1 -230 -16 160 0 0 1 0 1 0 -1 0 0 3666.dat
1 1 160 -8 0 0 0 1 0 1 0 -1 0 0 3022.dat
1 1 -160 -8 0 0 0 1 0 1 0 -1 0 0 3022.dat
1 1 240 -8 220 0 0 1 0 1 0 -1 0 0 3022.dat
1 1 -240 -8 220 0 0 1 0 1 0 -1 0 0 3022.dat
1 0 230 -8 100 0 0 1 0 1 0 -1 0 0 3710.dat
1 0 -230 -8 100 0 0 1 0 1 0 -1 0 0 3710.dat
1 0 -180 0 340 0 0 1 0 1 0 -1 0 0 3940.dat
1 0 180 0 340 0 0 1 0 1 0 -1 0 0 3940.dat
1 0 -240 0 220 0 0 1 0 1 0 -1 0 0 3940.dat
1 0 240 0 220 0 0 1 0 1 0 -1 0 0 3940.dat
1 0 -160 0 0 0 0 1 0 1 0 -1 0 0 3940.dat
1 0 160 0 0 0 0 1 0 1 0 -1 0 0 3940.dat
1 0 0 32 0 0 0 1 0 1 0 -1 0 0 3029.dat
1 0 0 32 -240 0 0 1 0 1 0 -1 0 0 3028.dat
1 1 0 40 -120 0 0 1 0 1 0 -1 0 0 3795.dat
1 1 30 40 -340 0 0 1 0 1 0 -1 0 0 3710.dat
1 1 -30 40 -340 0 0 1 0 1 0 -1 0 0 3710.dat
1 1 0 40 110 -1 0 0 0 1 0 0 0 -1 3710.dat
1 1 0 24 -330 -1 0 0 0 1 0 0 0 -1 2431.dat
1 1 0 8 100 -1 0 0 0 1 0 0 0 -1 3001.dat
1 1 50 8 -310 0 0 -1 0 1 0 1 0 0 3622.dat
1 1 -50 8 -310 0 0 -1 0 1 0 1 0 0 3622.dat
1 1 -50 8 -350 1 0 0 0 1 0 0 0 1 4287.dat
1 1 50 8 -350 1 0 0 0 1 0 0 0 1 4287.dat
1 0 0 -16 -120 0 0 1 0 1 0 -1 0 0 3940.dat
1 0 20 -16 -60 0 0 1 0 1 0 -1 0 0 3940.dat
1 0 -20 -16 -60 0 0 1 0 1 0 -1 0 0 3940.dat
1 1 0 -24 -100 0 0 1 0 1 0 -1 0 0 3031.dat
1 1 -10 -40 -190 0 0 1 0 1 0 -1 0 0 4460.dat
1 1 10 -40 -190 0 0 -1 0 1 0 1 0 0 4460.dat
1 0 220 -40 330 1 0 0 0 1 0 0 0 1 3069b.dat
1 0 -220 -40 330 1 0 0 0 1 0 0 0 1 3069b.dat
1 0 0 -40 100 1 0 0 0 1 0 0 0 1 3068b.dat
1 36 -310 -40 130 1 0 0 0 1 0 0 0 1 3024.dat
1 36 310 -40 130 1 0 0 0 1 0 0 0 1 3024.dat
1 36 130 -24 -30 1 0 0 0 1 0 0 0 1 3024.dat
1 36 -130 -24 -30 1 0 0 0 1 0 0 0 1 3024.dat
1 1 -150 -24 30 1 0 0 0 1 0 0 0 1 3024.dat
1 1 150 -24 30 1 0 0 0 1 0 0 0 1 3024.dat
1 1 0 -32 -130 1 0 0 0 1 0 0 0 1 3023.dat
1 1 0 -40 -130 1 0 0 0 1 0 0 0 1 3023.dat
1 1 0 -40 70 1 0 0 0 1 0 0 0 1 3794b.dat
1 1 -130 -24 10 0 0 1 0 1 0 -1 0 0 3623.dat
1 1 130 -24 10 0 0 1 0 1 0 -1 0 0 3623.dat
1 0 -310 -40 180 0 0 1 0 1 0 -1 0 0 3710.dat
1 0 310 -40 180 0 0 1 0 1 0 -1 0 0 3710.dat
1 1 -130 -40 140 0 0 1 0 1 0 -1 0 0 3666.dat
1 1 130 -40 140 0 0 1 0 1 0 -1 0 0 3666.dat
1 0 50 0 -340 0 0 1 0 1 0 -1 0 0 3666.dat
1 0 -50 0 -340 0 0 1 0 1 0 -1 0 0 3666.dat
1 0 20 -80 140 0 0 1 0 1 0 -1 0 0 3940.dat
1 0 -20 -80 140 0 0 1 0 1 0 -1 0 0 3940.dat
1 0 0 -104 140 0 0 -1 0 1 0 1 0 0 4730.dat
1 0 30 -48 -60 0 0 1 0 1 0 -1 0 0 3004.dat
1 0 -30 -48 -60 0 0 1 0 1 0 -1 0 0 3004.dat
1 0 50 -24 -320 0 0 1 0 1 0 -1 0 0 3010.dat
1 0 -50 -24 -320 0 0 1 0 1 0 -1 0 0 3010.dat
1 0 -50 -32 -380 0 0 -1 0 1 0 1 0 0 2432.dat
1 0 50 -32 -380 0 0 1 0 1 0 -1 0 0 2432.dat
1 0 0 -48 -190 -1 0 0 0 1 0 0 0 -1 3069b.dat
1 0 0 -48 -130 -1 0 0 0 1 0 0 0 -1 3069b.dat
1 1 310 -48 200 0 0 -1 0 1 0 1 0 0 2412b.dat
1 1 -310 -48 200 0 0 -1 0 1 0 1 0 0 2412b.dat
1 0 140 -48 70 1 0 0 0 1 0 0 0 1 3298p53.dat
1 0 -140 -48 70 1 0 0 0 1 0 0 0 1 3298p53.dat
1 1 130 -64 140 0 0 -1 0 1 0 1 0 0 3937.dat
1 1 130 -64 180 0 0 -1 0 1 0 1 0 0 3937.dat
1 0 140 -54 140 0 -1 0 0 0 -1 1 0 0 3938.dat
1 0 140 -54 180 0 -1 0 0 0 -1 1 0 0 3938.dat
1 1 -130 -64 180 0 0 1 0 1 0 -1 0 0 3937.dat
1 1 -130 -64 140 0 0 1 0 1 0 -1 0 0 3937.dat
1 0 -140 -54 180 0 1 0 0 0 -1 -1 0 0 3938.dat
1 0 -140 -54 140 0 1 0 0 0 -1 -1 0 0 3938.dat
1 1 230 -56 260 0 0 -1 0 1 0 1 0 0 3937.dat
1 1 230 -56 300 0 0 -1 0 1 0 1 0 0 3937.dat
1 0 240 -46 260 0 -1 0 0 0 -1 1 0 0 3938.dat
1 0 240 -46 300 0 -1 0 0 0 -1 1 0 0 3938.dat
1 1 -230 -56 302 0 0 1 0 1 0 -1 0 0 3937.dat
1 1 -230 -56 262 0 0 1 0 1 0 -1 0 0 3937.dat
1 0 -240 -46 302 0 1 0 0 0 -1 -1 0 0 3938.dat
1 0 -240 -46 262 0 1 0 0 0 -1 -1 0 0 3938.dat
1 1 0 -56 -140 0 0 1 0 1 0 -1 0 0 4504.dat
1 1 0 -56 -230 -1 0 0 0 1 0 0 0 -1 2452.dat
1 1 0 -56 -40 0 0 1 0 1 0 -1 0 0 4276b.dat
1 1 0 -56 -250 -1 0 0 0 1 0 0 0 -1 3023.dat
1 1 0 -56 80 0 0 -1 0 1 0 1 0 0 4477.dat
1 1 0 -56 190 0 0 -1 0 1 0 1 0 0 3024.dat
1 0 0 -70 0 0 0 -1 0 1 0 1 0 0 2428.dat
1 0 0 -64 -240 0 0 -1 0 1 0 1 0 0 3022.dat
1 0 0 -48 170 0 0 -1 0 1 0 1 0 0 3623.dat
1 1 0 -48 -250 -1 0 0 0 1 0 0 0 -1 3660.dat
1 0 0 -24 -250 1 0 0 0 1 0 0 0 1 3023.dat
1 0 0 -96 -60 -1 0 0 0 1 0 0 0 -1 2426c01.dat
1 0 0 -78 -60 -1 0 0 0 1 0 0 0 -1 u9068.dat
1 0 64 -78 -60 0 -1 0 -1 0 0 0 0 -1 3941.dat
1 0 30 -104 140 0 0 1 0 1 0 -1 0 0 3004.dat
1 0 -30 -104 140 0 0 1 0 1 0 -1 0 0 3004.dat
1 0 -30 -104 80 0 0 1 0 1 0 -1 0 0 2362a.dat
1 0 30 -104 80 0 0 -1 0 1 0 1 0 0 2362a.dat
1 0 -30 -96 -120 0 0 1 0 1 0 -1 0 0 2362a.dat
1 0 30 -96 -120 0 0 -1 0 1 0 1 0 0 2362a.dat
1 1 50 -32 -320 0 0 1 0 1 0 -1 0 0 2431.dat
1 1 -50 -32 -320 0 0 1 0 1 0 -1 0 0 2431.dat
1 0 0 -64 -300 1 0 0 0 1 0 0 0 1 3795.dat
1 1 0 -64 -460 1 0 0 0 1 0 0 0 1 6104.dat
1 1 10 -72 -240 0 0 1 0 1 0 -1 0 0 4275b.dat
1 1 10 -72 -300 0 0 -1 0 1 0 1 0 0 4276b.dat
1 1 -10 -72 -240 0 0 1 0 1 0 -1 0 0 4275b.dat
1 1 -10 -72 -300 0 0 -1 0 1 0 1 0 0 4276b.dat
1 0 50 -72 -360 0 0 1 0 1 0 -1 0 0 3460.dat
1 0 -50 -72 -360 0 0 1 0 1 0 -1 0 0 3460.dat
1 0 30 -72 -480 0 0 1 0 1 0 -1 0 0 3023.dat
1 0 -30 -72 -480 0 0 1 0 1 0 -1 0 0 3023.dat
1 0 0 -72 -500 0 0 1 0 1 0 -1 0 0 3022.dat
1 1 -50 -64 -360 0 0 1 0 1 0 -1 0 0 2436a.dat
1 1 50 -64 -360 0 0 -1 0 1 0 1 0 0 2436a.dat
1 0 0 -56 -450 -1 0 0 0 1 0 0 0 -1 4856.dat
1 1 0 -32 -420 0 0 1 0 1 0 -1 0 0 3022.dat
1 1 0 -32 -450 1 0 0 0 1 0 0 0 1 3839b.dat
1 0 26 -26 -466 1 0 0 0 0 1 0 -1 0 3062b.dat
1 0 -26 -26 -466 1 0 0 0 0 1 0 -1 0 3062b.dat
1 0 0 -24 -410 1 0 0 0 1 0 0 0 1 3747b.dat
1 0 50 -56 -340 0 0 -1 0 1 0 1 0 0 3009.dat
1 0 -50 -56 -340 0 0 -1 0 1 0 1 0 0 3009.dat
1 1 148 -54 160 0 -1 0 0 0 -1 1 0 0 3710.dat
1 36 284 -54 160 0 -1 0 0 0 1 -1 0 0 2466.dat
1 36 284 -54 130 0 -1 0 0 0 1 -1 0 0 2468.dat
1 0 292 -54 150 0 -1 0 0 0 1 -1 0 0 3623.dat
1 0 324 -54 140 0 -1 0 0 0 1 -1 0 0 2432.dat
1 1 -148 -54.001 160 0 1 0 0 0 1 1 0 0 3710.dat
1 36 -284 -54 160 0 1 0 0 0 1 1 0 0 2466.dat
1 36 -284 -54 130 0 1 0 -1 0 0 0 0 1 2468.dat
1 0 -292 -54 150 0 1 0 0 0 -1 -1 0 0 3623.dat
1 0 -324 -54 140 0 1 0 0 0 1 1 0 0 2432.dat
1 0 30 -104 -100 0 0 -1 0 1 0 1 0 0 3666.dat
1 0 -30 -104 -100 0 0 -1 0 1 0 1 0 0 3666.dat
1 36 50 -104 -260 0 0 -1 0 1 0 1 0 0 2466.dat
1 36 -50 -104 -260 0 0 1 0 1 0 -1 0 0 2466.dat
1 36 50 -104 -220 0 0 -1 0 1 0 1 0 0 2466.dat
1 36 -50 -104 -220 0 0 1 0 1 0 -1 0 0 2466.dat
1 36 50 -104 -180 0 0 -1 0 1 0 1 0 0 2466.dat
1 36 -50 -104 -180 0 0 1 0 1 0 -1 0 0 2466.dat
1 1 30 -104 20 0 0 -1 0 1 0 1 0 0 2466.dat
1 1 -30 -104 20 0 0 1 0 1 0 -1 0 0 2466.dat
1 0 0 -112 -240 1 0 0 0 1 0 0 0 1 3795.dat
1 0 312 -46 240 0 -1 0 -1 0 0 0 0 -1 2340.dat
1 1 336 -46 240 0 -1 0 0 0 -1 1 0 0 3004.dat
1 0 344 -46 240 0 -1 0 0 0 1 -1 0 0 3475b.dat
1 0 340 -16 200 1 0 0 0 0 1 0 -1 0 3062b.dat
1 0 340 -16 126 1 0 0 0 0 1 0 -1 0 3957a.dat
1 36 340 -16 118 1 0 0 0 0 1 0 -1 0 4073.dat
1 0 352 -46 250 0 -1 0 0 0 1 -1 0 0 4073.dat
1 36 360 -46 250 0 -1 0 0 0 1 -1 0 0 4740.dat
1 0 -312 -46 247 0 1 0 1 0 0 0 0 -1 2340.dat
1 1 -336 -46 247 0 1 0 0 0 1 1 0 0 3004.dat
1 0 -344 -46 247 0 1 0 0 0 1 1 0 0 3475b.dat
1 0 -340 -16 207 -1 0 0 0 0 -1 0 -1 0 3062b.dat
1 0 -340 -16 133 -1 0 0 0 0 -1 0 -1 0 3957a.dat
1 36 -340 -16 125 -1 0 0 0 0 -1 0 -1 0 4073.dat
1 0 -352 -46 257 0 1 0 0 0 -1 -1 0 0 4073.dat
1 36 -360 -46 257 0 1 0 0 0 -1 -1 0 0 4740.dat
1 1 0 -80 -300 -1 0 0 0 1 0 0 0 -1 3795.dat
1 1 0 -104 -300 -1 0 0 0 1 0 0 0 -1 3003.dat
1 0 -30 -104 -300 0 0 1 0 1 0 -1 0 0 3039.dat
1 0 30 -104 -300 0 0 -1 0 1 0 1 0 0 3039.dat
1 1 0 -112 -300 1 0 0 0 1 0 0 0 1 3020.dat
1 0 50 -112 -270 1 0 0 0 1 0 0 0 1 3024.dat
1 0 -50 -112 -270 1 0 0 0 1 0 0 0 1 3024.dat
1 0 -50 -112 -200 0 0 -1 0 1 0 1 0 0 3023.dat
1 0 50 -112 -200 0 0 -1 0 1 0 1 0 0 3023.dat
1 0 0 -112 -150 -1 0 0 0 1 0 0 0 -1 2419.dat
1 1 30 -112 -20 0 0 -1 0 1 0 1 0 0 4477.dat
1 1 -30 -112 -20 0 0 -1 0 1 0 1 0 0 4477.dat
1 1 50 -112 110 1 0 0 0 1 0 0 0 1 2450.dat
1 1 -50 -112 110 0 0 1 0 1 0 -1 0 0 2450.dat
1 1 0 -112 150 -1 0 0 0 1 0 0 0 -1 3710.dat
1 0 30 -120 100 0 0 -1 0 1 0 1 0 0 3666.dat
1 0 -30 -120 100 0 0 -1 0 1 0 1 0 0 3666.dat
1 36 30 -120 -10 0 0 -1 0 1 0 1 0 0 3024.dat
1 36 -30 -120 -10 0 0 -1 0 1 0 1 0 0 3024.dat
1 0 30 -120 -100 0 0 -1 0 1 0 1 0 0 3460.dat
1 0 -30 -120 -100 0 0 -1 0 1 0 1 0 0 3460.dat
1 0 50 -120 -220 0 0 -1 0 1 0 1 0 0 3666.dat
1 0 -50 -120 -220 0 0 -1 0 1 0 1 0 0 3666.dat
1 0 0 -120 -300 0 0 -1 0 1 0 1 0 0 3022.dat
1 0 30 -120 20 0 0 -1 0 1 0 1 0 0 2412b.dat
1 0 -30 -120 20 0 0 -1 0 1 0 1 0 0 2412b.dat
1 1 30 -120 -240 0 0 1 0 1 0 -1 0 0 4275b.dat
1 0 30 -120 -300 0 0 -1 0 1 0 1 0 0 4276b.dat
1 1 -30 -120 -240 0 0 1 0 1 0 -1 0 0 4275b.dat
1 0 -30 -120 -300 0 0 -1 0 1 0 1 0 0 4276b.dat
1 0 0 -128 -310 1 0 0 0 1 0 0 0 1 4315.dat
1 0 0 -128 -290 1 0 0 0 1 0 0 0 1 3710.dat
1 0 40 -128 -240 1 0 0 0 1 0 0 0 1 3022.dat
1 0 -40 -128 -240 1 0 0 0 1 0 0 0 1 3022.dat
1 0 0 -136 -130 1 0 0 0 1 0 0 0 1 3298p53.dat
1 36 0 -124 -324 1 0 0 0 1 0 0 0 1 2507.dat
1 0 26 -26 -490 1 0 0 0 0 1 0 -1 0 4740.dat
1 0 26 -26 -564 1 0 0 0 0 1 0 -1 0 3957a.dat
1 36 26 -26 -572 1 0 0 0 0 1 0 -1 0 59900.dat
1 0 26 -26 -596 1 0 0 0 0 1 0 -1 0 4073.dat
1 0 -26 -26 -490 1 0 0 0 0 1 0 -1 0 4740.dat
1 0 -26 -26 -564 1 0 0 0 0 1 0 -1 0 3957a.dat
1 36 -26 -26 -572 1 0 0 0 0 1 0 -1 0 59900.dat
1 0 -26 -26 -596 1 0 0 0 0 1 0 -1 0 4073.dat
1 0 72 -34 -340 0 -1 0 0 0 -1 1 0 0 2419.dat
1 0 144 -34 -300 0 -1 0 1 0 0 0 0 1 2340.dat
1 0 160 -34 -300 0 -1 0 1 0 0 0 0 1 4595.dat
1 1 150 -34 -400 0 0 -1 1 0 0 0 -1 0 3957a.dat
1 36 150 -34 -408 0 0 -1 1 0 0 0 -1 0 4073.dat
1 0 150 -34 -262 0 0 -1 1 0 0 0 -1 0 752.dat
1 0 90 -54 -290 0 -1 0 1 0 0 0 0 1 752.dat
1 0 -72 -34 -340 0 1 0 0 0 -1 -1 0 0 2419.dat
1 0 -144 -34 -300 0 1 0 -1 0 0 0 0 1 2340.dat
1 0 -160 -34 -300 0 1 0 -1 0 0 0 0 1 4595.dat
1 1 -150 -34 -400 0 0 1 -1 0 0 0 -1 0 3957a.dat
1 36 -150 -34 -408 0 0 1 -1 0 0 0 -1 0 4073.dat
1 0 -150 -34 -262 0 0 1 -1 0 0 0 -1 0 752.dat
1 0 -90 -54 -290 0 1 0 -1 0 0 0 0 1 752.dat
1 0 -223 -40 115 1 0 0 0 1 0 0 0 1 6986_flyer.ldr
1 0 223 -40 115 1 0 0 0 1 0 0 0 1 6986_flyer.ldr
1 0 0 40 280 1 0 0 0 1 0 0 0 1 6986_rearsection.ldr
1 0 0 -2 -305 1 0 0 0 1 0 0 0 1 6986_rover.ldr
0 MLCAD FLEXHOSE 0 0 0 0 1 0 0 0 1 0 0 0 1  150 -34 -262  0 60 -80 90 -54 -290 -80 20 0 50 756.dat 754.dat 0
0 MLCAD SKIP_BEGIN
1 0 150 -34 -262 -0.999998 -0.00167809 -0.00126945 0 0.603304 -0.797511 0.00210416 -0.79751 -0.603303 756.dat
1 0 150.004 -35.4937 -260.025 -0.999978 -0.00523724 -0.00403619 0 0.610427 -0.792072 0.00661207 -0.792055 -0.610414 754.dat
1 0 150.018 -37.0789 -257.969 -0.999932 -0.00918126 -0.00722742 0 0.618539 -0.785754 0.0116847 -0.7857 -0.618497 754.dat
1 0 150.043 -38.7639 -255.828 -0.999848 -0.0135766 -0.0109522 0 0.627866 -0.778321 0.0174435 -0.778203 -0.62777 754.dat
1 0 150.082 -40.5576 -253.605 -0.999711 -0.0185052 -0.0153608 0 0.638705 -0.769452 0.0240499 -0.769229 -0.63852 754.dat
1 0 150.137 -42.4697 -251.302 -0.999497 -0.0240683 -0.0206667 0 0.651459 -0.758684 0.0317238 -0.758302 -0.651131 754.dat
1 0 150.212 -44.5106 -248.927 -0.999168 -0.0303908 -0.0271836 0 0.666683 -0.745341 0.0407743 -0.744721 -0.666129 754.dat
1 0 150.312 -46.6904 -246.492 -0.998665 -0.0376248 -0.0353913 0 0.685157 -0.728396 0.0516544 -0.727423 -0.684242 754.dat
1 0 150.44 -49.0183 -244.02 -0.997881 -0.0459483 -0.046064 0 0.707995 -0.706217 0.0650626 -0.704721 -0.706495 754.dat
1 0 150.601 -51.5007 -241.549 -0.996619 -0.0555461 -0.0605351 0 0.736817 -0.676093 0.0821576 -0.673807 -0.734326 754.dat
1 0 150.799 -54.1375 -239.138 -0.994465 -0.0665369 -0.0813183 0 0.77394 -0.633259 0.105071 -0.629754 -0.769656 754.dat
1 0 151.038 -56.9164 -236.877 -0.990377 -0.0787299 -0.113823 0 0.822432 -0.568864 0.138398 -0.56339 -0.814517 754.dat
1 0 151.315 -59.8023 -234.9 -0.98079 -0.090852 -0.172617 0 0.884916 -0.46575 0.195066 -0.456803 -0.867917 754.dat
1 0 151.615 -62.724 -233.392 -0.941943 -0.0981943 -0.321093 0 0.956283 -0.292444 0.335772 -0.275465 -0.900764 754.dat
1 0 151.906 -65.5604 -232.575 0.325537 -0.087229 -0.941497 0 0.995735 -0.0922542 0.945529 0.0300322 0.324149 754.dat
1 0 152.132 -68.145 -232.652 0.996418 -0.0373327 -0.075872 0 0.897263 -0.441497 0.0845594 0.439916 0.894049 754.dat
1 0 152.222 -70.3076 -233.713 0.998447 0.0426737 0.0358048 0 0.642759 -0.766068 -0.0557048 0.764879 0.641761 754.dat
1 0 152.114 -71.9426 -235.658 0.991686 0.118557 0.0500226 0 0.388741 -0.921347 -0.128678 0.913687 0.385509 754.dat
1 0 151.777 -73.0457 -238.251 0.98275 0.180904 0.0384177 0 0.207733 -0.978186 -0.184938 0.961312 0.20415 754.dat
1 0 151.218 -73.6882 -241.224 0.972047 0.233914 0.0202263 0 0.0861475 -0.996282 -0.234787 0.968433 0.0837394 754.dat
1 0 150.459 -73.9675 -244.365 0.959579 0.281438 0.000557361 0 0.0019804 -0.999998 -0.281438 0.959577 0.00190035 754.dat
1 0 149.53 -73.9741 -247.532 0.945313 0.325594 -0.0192745 0 -0.0590944 -0.998252 -0.326164 0.943661 -0.0558627 754.dat
1 0 148.457 -73.7793 -250.642 0.929206 0.367505 -0.0389483 0 -0.10539 -0.994431 -0.369563 0.924031 -0.0979291 754.dat
1 0 147.261 -73.4362 -253.65 0.911208 0.407787 -0.0583961 0 -0.141756 -0.989902 -0.411947 0.902006 -0.12917 754.dat
1 0 145.957 -72.983 -256.534 0.891268 0.446788 -0.0775984 0 -0.171119 -0.98525 -0.453477 0.878122 -0.152513 754.dat
1 0 144.557 -72.4469 -259.285 0.869335 0.484706 -0.0965265 0 -0.195309 -0.980742 -0.494224 0.852593 -0.169789 754.dat
1 0 143.07 -71.8476 -261.901 0.845362 0.52164 -0.115127 0 -0.215516 -0.9765 -0.534194 0.825496 -0.182189 754.dat
1 0 141.501 -71.1993 -264.384 0.819317 0.557624 -0.133321 0 -0.232534 -0.972588 -0.573341 0.796858 -0.190519 754.dat
1 0 139.854 -70.5125 -266.738 0.791185 0.592642 -0.151001 0 -0.246905 -0.96904 -0.611577 0.76669 -0.195348 754.dat
1 0 138.132 -69.7952 -268.965 0.760976 0.62664 -0.168042 0 -0.259012 -0.965874 -0.64878 0.735007 -0.197102 754.dat
1 0 136.337 -69.0534 -271.07 0.728729 0.659536 -0.184299 0 -0.269128 -0.963105 -0.684802 0.701842 -0.196121 754.dat
1 0 134.471 -68.2918 -273.056 0.694522 0.691225 -0.199619 0 -0.277452 -0.96074 -0.719472 0.667254 -0.192696 754.dat
1 0 132.534 -67.5143 -274.926 0.65847 0.721587 -0.213843 0 -0.284136 -0.958784 -0.752607 0.631331 -0.187095 754.dat
1 0 130.528 -66.7243 -276.682 0.620735 0.750495 -0.226818 0 -0.289301 -0.957238 -0.784021 0.594191 -0.179579 754.dat
1 0 128.453 -65.9247 -278.324 0.581519 0.777817 -0.238404 0 -0.293048 -0.956098 -0.813533 0.555989 -0.170413 754.dat
1 0 126.313 -65.1182 -279.854 0.54107 0.80343 -0.248482 0 -0.295469 -0.955352 -0.840978 0.516913 -0.159869 754.dat
1 0 124.108 -64.3074 -281.272 0.499672 0.827223 -0.256963 0 -0.296651 -0.954986 -0.866215 0.47718 -0.148228 754.dat
1 0 121.843 -63.4951 -282.579 0.45764 0.849105 -0.263793 0 -0.296684 -0.954976 -0.889137 0.437035 -0.135774 754.dat
1 0 119.521 -62.6837 -283.774 0.415311 0.86901 -0.268958 0 -0.295663 -0.955292 -0.909679 0.396744 -0.122792 754.dat
1 0 117.147 -61.8761 -284.858 0.373031 0.886904 -0.272489 0 -0.293687 -0.955902 -0.927819 0.356581 -0.109554 754.dat
1 0 114.728 -61.0751 -285.831 0.331143 0.902784 -0.274454 0 -0.290864 -0.956764 -0.943581 0.316825 -0.0963175 754.dat
1 0 112.271 -60.2834 -286.693 0.289974 0.916685 -0.27496 0 -0.287304 -0.957839 -0.957035 0.277748 -0.0833107 754.dat
1 0 109.784 -59.5041 -287.446 0.249824 0.928673 -0.274145 0 -0.283122 -0.959084 -0.968291 0.239602 -0.0707307 754.dat
1 0 107.277 -58.7397 -288.093 0.210957 0.938841 -0.272166 0 -0.278432 -0.960456 -0.977495 0.202614 -0.058737 754.dat
1 0 104.76 -57.9931 -288.636 0.17359 0.947312 -0.269196 0 -0.273345 -0.961916 -0.984818 0.166979 -0.0474499 754.dat
1 0 102.242 -57.2666 -289.08 0.137894 0.954224 -0.265409 0 -0.267969 -0.963428 -0.990447 0.13285 -0.0369512 754.dat
1 0 99.7346 -56.5625 -289.429 0.103989 0.959728 -0.260978 0 -0.2624 -0.964959 -0.994578 0.100346 -0.0272869 754.dat
1 0 97.2476 -55.8825 -289.689 0.0719509 0.963979 -0.256062 0 -0.256727 -0.966484 -0.997408 0.0695394 -0.0184717 754.dat
1 0 94.7904 -55.2281 -289.867 0.0418084 0.967134 -0.250806 0 -0.251026 -0.96798 -0.999126 0.0404697 -0.010495 754.dat
1 0 92.372 -54.6004 -289.968 0.013555 0.969343 -0.245338 0 -0.245361 -0.969432 -0.999908 0.0131407 -0.00332586 754.dat
0 MLCAD SKIP_END
0 MLCAD FLEXHOSE 0 0 0 0 1 0 0 0 1 0 0 0 1  -150 -34 -262  0 60 -80 -90 -54 -290 80 20 0 50 756.dat 754.dat 0
0 MLCAD SKIP_BEGIN
1 0 -150 -34 -262 -0.999998 0.00167809 0.00126945 0 0.603304 -0.797511 -0.00210416 -0.79751 -0.603303 756.dat
1 0 -150.004 -35.4937 -260.025 -0.999978 0.00523724 0.00403619 0 0.610427 -0.792072 -0.00661207 -0.792055 -0.610414 754.dat
1 0 -150.018 -37.0789 -257.969 -0.999932 0.00918126 0.00722742 0 0.618539 -0.785754 -0.0116847 -0.7857 -0.618497 754.dat
1 0 -150.043 -38.7639 -255.828 -0.999848 0.0135766 0.0109522 0 0.627866 -0.778321 -0.0174435 -0.778203 -0.62777 754.dat
1 0 -150.082 -40.5576 -253.605 -0.999711 0.0185052 0.0153608 0 0.638705 -0.769452 -0.0240499 -0.769229 -0.63852 754.dat
1 0 -150.137 -42.4697 -251.302 -0.999497 0.0240683 0.0206667 0 0.651459 -0.758684 -0.0317238 -0.758302 -0.651131 754.dat
1 0 -150.212 -44.5106 -248.927 -0.999168 0.0303908 0.0271836 0 0.666683 -0.745341 -0.0407743 -0.744721 -0.666129 754.dat
1 0 -150.312 -46.6904 -246.492 -0.998665 0.0376248 0.0353913 0 0.685157 -0.728396 -0.0516544 -0.727423 -0.684242 754.dat
1 0 -150.44 -49.0183 -244.02 -0.997881 0.0459483 0.046064 0 0.707995 -0.706217 -0.0650626 -0.704721 -0.706495 754.dat
1 0 -150.601 -51.5007 -241.549 -0.996619 0.0555461 0.0605351 0 0.736817 -0.676093 -0.0821576 -0.673807 -0.734326 754.dat
1 0 -150.799 -54.1375 -239.138 -0.994465 0.0665369 0.0813183 0 0.77394 -0.633259 -0.105071 -0.629754 -0.769656 754.dat
1 0 -151.038 -56.9164 -236.877 -0.990377 0.0787299 0.113823 0 0.822432 -0.568864 -0.138398 -0.56339 -0.814517 754.dat
1 0 -151.315 -59.8023 -234.9 -0.98079 0.090852 0.172617 0 0.884916 -0.46575 -0.195066 -0.456803 -0.867917 754.dat
1 0 -151.615 -62.724 -233.392 -0.941943 0.0981943 0.321093 0 0.956283 -0.292444 -0.335772 -0.275465 -0.900764 754.dat
1 0 -151.906 -65.5604 -232.575 0.325537 0.087229 0.941497 0 0.995735 -0.0922542 -0.945529 0.0300322 0.324149 754.dat
1 0 -152.132 -68.145 -232.652 0.996418 0.0373327 0.075872 0 0.897263 -0.441497 -0.0845594 0.439916 0.894049 754.dat
1 0 -152.222 -70.3076 -233.713 0.998447 -0.0426737 -0.0358048 0 0.642759 -0.766068 0.0557048 0.764879 0.641761 754.dat
1 0 -152.114 -71.9426 -235.658 0.991686 -0.118557 -0.0500226 0 0.388741 -0.921347 0.128678 0.913687 0.385509 754.dat
1 0 -151.777 -73.0457 -238.251 0.98275 -0.180904 -0.0384177 0 0.207733 -0.978186 0.184938 0.961312 0.20415 754.dat
1 0 -151.218 -73.6882 -241.224 0.972047 -0.233914 -0.0202263 0 0.0861475 -0.996282 0.234787 0.968433 0.0837394 754.dat
1 0 -150.459 -73.9675 -244.365 0.959579 -0.281438 -0.000557361 0 0.0019804 -0.999998 0.281438 0.959577 0.00190035 754.dat
1 0 -149.53 -73.9741 -247.532 0.945313 -0.325594 0.0192745 0 -0.0590944 -0.998252 0.326164 0.943661 -0.0558627 754.dat
1 0 -148.457 -73.7793 -250.642 0.929206 -0.367505 0.0389483 0 -0.10539 -0.994431 0.369563 0.924031 -0.0979291 754.dat
1 0 -147.261 -73.4362 -253.65 0.911208 -0.407787 0.0583961 0 -0.141756 -0.989902 0.411947 0.902006 -0.12917 754.dat
1 0 -145.957 -72.983 -256.534 0.891268 -0.446788 0.0775984 0 -0.171119 -0.98525 0.453477 0.878122 -0.152513 754.dat
1 0 -144.557 -72.4469 -259.285 0.869335 -0.484706 0.0965265 0 -0.195309 -0.980742 0.494224 0.852593 -0.169789 754.dat
1 0 -143.07 -71.8476 -261.901 0.845362 -0.52164 0.115127 0 -0.215516 -0.9765 0.534194 0.825496 -0.182189 754.dat
1 0 -141.501 -71.1993 -264.384 0.819317 -0.557624 0.133321 0 -0.232534 -0.972588 0.573341 0.796858 -0.190519 754.dat
1 0 -139.854 -70.5125 -266.738 0.791185 -0.592642 0.151001 0 -0.246905 -0.96904 0.611577 0.76669 -0.195348 754.dat
1 0 -138.132 -69.7952 -268.965 0.760976 -0.62664 0.168042 0 -0.259012 -0.965874 0.64878 0.735007 -0.197102 754.dat
1 0 -136.337 -69.0534 -271.07 0.728729 -0.659536 0.184299 0 -0.269128 -0.963105 0.684802 0.701842 -0.196121 754.dat
1 0 -134.471 -68.2918 -273.056 0.694522 -0.691225 0.199619 0 -0.277452 -0.96074 0.719472 0.667254 -0.192696 754.dat
1 0 -132.534 -67.5143 -274.926 0.65847 -0.721587 0.213843 0 -0.284136 -0.958784 0.752607 0.631331 -0.187095 754.dat
1 0 -130.528 -66.7243 -276.682 0.620735 -0.750495 0.226818 0 -0.289301 -0.957238 0.784021 0.594191 -0.179579 754.dat
1 0 -128.453 -65.9247 -278.324 0.581519 -0.777817 0.238404 0 -0.293048 -0.956098 0.813533 0.555989 -0.170413 754.dat
1 0 -126.313 -65.1182 -279.854 0.54107 -0.80343 0.248482 0 -0.295469 -0.955352 0.840978 0.516913 -0.159869 754.dat
1 0 -124.108 -64.3074 -281.272 0.499672 -0.827223 0.256963 0 -0.296651 -0.954986 0.866215 0.47718 -0.148228 754.dat
1 0 -121.843 -63.4951 -282.579 0.45764 -0.849105 0.263793 0 -0.296684 -0.954976 0.889137 0.437035 -0.135774 754.dat
1 0 -119.521 -62.6837 -283.774 0.415311 -0.86901 0.268958 0 -0.295663 -0.955292 0.909679 0.396744 -0.122792 754.dat
1 0 -117.147 -61.8761 -284.858 0.373031 -0.886904 0.272489 0 -0.293687 -0.955902 0.927819 0.356581 -0.109554 754.dat
1 0 -114.728 -61.0751 -285.831 0.331143 -0.902784 0.274454 0 -0.290864 -0.956764 0.943581 0.316825 -0.0963175 754.dat
1 0 -112.271 -60.2834 -286.693 0.289974 -0.916685 0.27496 0 -0.287304 -0.957839 0.957035 0.277748 -0.0833107 754.dat
1 0 -109.784 -59.5041 -287.446 0.249824 -0.928673 0.274145 0 -0.283122 -0.959084 0.968291 0.239602 -0.0707307 754.dat
1 0 -107.277 -58.7397 -288.093 0.210957 -0.938841 0.272166 0 -0.278432 -0.960456 0.977495 0.202614 -0.058737 754.dat
1 0 -104.76 -57.9931 -288.636 0.17359 -0.947312 0.269196 0 -0.273345 -0.961916 0.984818 0.166979 -0.0474499 754.dat
1 0 -102.242 -57.2666 -289.08 0.137894 -0.954224 0.265409 0 -0.267969 -0.963428 0.990447 0.13285 -0.0369512 754.dat
1 0 -99.7346 -56.5625 -289.429 0.103989 -0.959728 0.260978 0 -0.2624 -0.964959 0.994578 0.100346 -0.0272869 754.dat
1 0 -97.2476 -55.8825 -289.689 0.0719509 -0.963979 0.256062 0 -0.256727 -0.966484 0.997408 0.0695394 -0.0184717 754.dat
1 0 -94.7904 -55.2281 -289.867 0.0418084 -0.967134 0.250806 0 -0.251026 -0.96798 0.999126 0.0404697 -0.010495 754.dat
1 0 -92.372 -54.6004 -289.968 0.013555 -0.969343 0.245338 0 -0.245361 -0.969432 0.999908 0.0131407 -0.00332586 754.dat
0 MLCAD SKIP_END
0
