0  ROTATION CONFIG 0 0
0 Name: 6987.L3B.ldr

1  7 0 0 0 1 0 0 0 1 0 0 0 1 3811.dat
1  0 -180 -120 -220 0 0 1 0 1 0 -1 0 0 4476.dat
1  0 -180 -120 -60 0 0 1 0 1 0 -1 0 0 4476.dat
1  0 -180 -120 100 0 0 1 0 1 0 -1 0 0 4476.dat
1  0 -40 -120 -300 -1 0 0 0 1 0 0 0 -1 4476.dat
1  0 100 -120 -220 0 0 -1 0 1 0 1 0 0 4476.dat
1  0 100 -120 -60 0 0 -1 0 1 0 1 0 0 4476.dat
1  0 100 -120 100 0 0 -1 0 1 0 1 0 0 4476.dat
1  0 240 -120 60 1 0 0 0 1 0 0 0 1 4476.dat
1  0 320 -120 220 -1 0 0 0 1 0 0 0 -1 4476.dat
1  0 240 -120 220 -1 0 0 0 1 0 0 0 -1 4476.dat
1  0 -100 -240 20 -1 0 0 0 1 0 0 0 -1 2681.dat
1  0 20 -240 20 -1 0 0 0 1 0 0 0 -1 2681.dat
1  14 -180 -128 100 0 0 1 0 1 0 -1 0 0 3022.dat
1  14 -180 -128 -60 0 0 1 0 1 0 -1 0 0 3022.dat
1  14 -180 -128 -220 0 0 1 0 1 0 -1 0 0 3022.dat
1  14 -40 -128 -300 0 0 1 0 1 0 -1 0 0 3022.dat
1  14 100 -128 -220 0 0 1 0 1 0 -1 0 0 3022.dat
1  14 100 -128 -60 0 0 1 0 1 0 -1 0 0 3022.dat
1  14 100 -128 100 0 0 1 0 1 0 -1 0 0 3022.dat
1  14 240 -128 60 0 0 1 0 1 0 -1 0 0 3022.dat
1  14 240 -128 220 0 0 1 0 1 0 -1 0 0 3022.dat
1  14 320 -128 220 0 0 1 0 1 0 -1 0 0 3022.dat
1  0 -180 -136 100 0 0 1 0 1 0 -1 0 0 3022.dat
1  0 -180 -136 -60 0 0 1 0 1 0 -1 0 0 3022.dat
1  0 -180 -136 -220 0 0 1 0 1 0 -1 0 0 3022.dat
1  0 -40 -136 -300 0 0 1 0 1 0 -1 0 0 3022.dat
1  0 100 -136 -220 0 0 1 0 1 0 -1 0 0 3022.dat
1  0 100 -136 -60 0 0 1 0 1 0 -1 0 0 3022.dat
1  0 100 -136 100 0 0 1 0 1 0 -1 0 0 3022.dat
1  0 -190 -160 90 0 0 1 0 1 0 -1 0 0 3665.dat
1  0 -190 -160 -210 0 0 1 0 1 0 -1 0 0 3665.dat
1  0 110 -160 -210 0 0 -1 0 1 0 1 0 0 3665.dat
1  0 110 -160 90 0 0 -1 0 1 0 1 0 0 3665.dat
1  0 110 -160 -60 0 0 -1 0 1 0 1 0 0 3660.dat
1  0 -190 -160 -60 0 0 1 0 1 0 -1 0 0 3660.dat
1  0 -40 -160 -300 0 0 1 0 1 0 -1 0 0 3003.dat
1  0 240 -152 220 0 0 1 0 1 0 -1 0 0 3003.dat
1  0 320 -152 220 0 0 1 0 1 0 -1 0 0 3003.dat
1  0 -155.858 -152 -258.284 0.707107 0 0.707107 0 1 0 -0.707107 0 0.707107 4590.dat
1  0 75.8579 -152 -258.284 0.707107 0 -0.707107 0 1 0 0.707107 0 0.707107 4590.dat
1  0 110 -152 -230 0.707107 0 -0.707107 0 1 0 0.707107 0 0.707107 4735.dat
1  0 -190 -152 -230 0.707107 0 0.707107 0 1 0 -0.707107 0 0.707107 4735.dat
1  0 -180 -160 -230 1 0 0 0 1 0 0 0 1 3023.dat
1  0 100 -160 -230 1 0 0 0 1 0 0 0 1 3023.dat
1  0 -40 -160 110 1 0 0 0 1 0 0 0 1 2465.dat
1  0 90 -160 -60 0 0 -1 0 1 0 1 0 0 2465.dat
1  0 -170 -160 -60 0 0 -1 0 1 0 1 0 0 2465.dat
1  0 240 -176 220 0 0 1 0 1 0 -1 0 0 3003.dat
1  0 320 -160 220 0 0 1 0 1 0 -1 0 0 3022.dat
1  0 340 -184 240 0 0 -1 0 1 0 1 0 0 3831.dat
1  0 340 -184 240 0 0 1 0 1 0 -1 0 0 3830.dat
1  0 310 -184 220 0 0 1 0 1 0 -1 0 0 3004.dat
1  0 350 -160 210 1 0 0 0 1 0 0 0 1 2420.dat
1  0 370 -184 210 0 0 -1 0 1 0 1 0 0 3665.dat
1  0 380 -192 220 0 0 -1 0 1 0 1 0 0 3936.dat
1  0 -40 -184 -230 -1 0 0 0 1 0 0 0 -1 2465.dat
1  0 -40 -184 -210 -1 0 0 0 1 0 0 0 -1 2465.dat
1  0 -40 -184 -70 -1 0 0 0 1 0 0 0 -1 2465.dat
1  0 100 -184 -50 -1 0 0 0 1 0 0 0 -1 3004.dat
1  0 -180 -184 -50 -1 0 0 0 1 0 0 0 -1 3004.dat
1  0 100 -184 100 0 0 1 0 1 0 -1 0 0 3003.dat
1  0 -180 -184 100 0 0 1 0 1 0 -1 0 0 3003.dat
1  0 60 -184 110 -1 0 0 0 1 0 0 0 -1 3660.dat
1  0 -140 -184 110 -1 0 0 0 1 0 0 0 -1 3660.dat
1  0 -40 -184 110 -1 0 0 0 1 0 0 0 -1 3004.dat
1  0 240 -176 60 1 0 0 0 1 0 0 0 1 4345A.dat
1  0 240 -176 60 1 0 0 0 1 0 0 0 1 4346.dat
1  0 138.284 -158 -258.284 1 0 0 0 0 1 0 -1 0 3959.dat
1  0 -218.284 -158 -258.284 1 0 0 0 0 1 0 -1 0 3959.dat
1  0x03C40026 -218.284 -158 -266.284 1 0 0 0 0 1 0 -1 0 4740.dat
1  0x03C40026 138.284 -158 -266.284 1 0 0 0 0 1 0 -1 0 4740.dat
1  0x03C40026 -127.574 -136 -272.426 1 0 0 0 1 0 0 0 1 4740.dat
1  0x03C40026 47.5736 -136 -272.426 1 0 0 0 1 0 0 0 1 4740.dat
1  0 -50 -184 -300 0 0 1 0 1 0 -1 0 0 3747A.dat
1  0 -30 -184 -300 0 0 -1 0 1 0 1 0 0 3747A.dat
1  0 130 -184 -210 0 0 -1 0 1 0 1 0 0 4287.dat
1  0 -210 -184 -210 0 0 1 0 1 0 -1 0 0 4287.dat
1  0 130 -184 -60 0 0 -1 0 1 0 1 0 0 3747A.dat
1  0 -210 -184 -60 0 0 1 0 1 0 -1 0 0 3747A.dat
1  0 -170 -184 -140 0 0 1 0 1 0 -1 0 0 3747A.dat
1  0 90 -184 -140 0 0 -1 0 1 0 1 0 0 3747A.dat
1  0 90 -184 20 0 0 -1 0 1 0 1 0 0 3747A.dat
1  0 -170 -184 20 0 0 1 0 1 0 -1 0 0 3747A.dat
1  0 -210 -184 90 0 0 1 0 1 0 -1 0 0 4287.dat
1  0 130 -184 90 0 0 -1 0 1 0 1 0 0 4287.dat
1  0 -40 -192 -280 0 0 1 0 1 0 -1 0 0 3795.dat
1  14 20 -192 -140 0 0 1 0 1 0 -1 0 0 3035.dat
1  14 -100 -192 -140 0 0 1 0 1 0 -1 0 0 3035.dat
1  0 -40 -192 120 -1 0 0 0 1 0 0 0 -1 4282.dat
1  0 240 -184 140 0 0 1 0 1 0 -1 0 0 3832.dat
1  0 -160 -192 -240 0 0 1 0 1 0 -1 0 0 2401.dat
1  0 80 -192 -240 1 0 0 0 1 0 0 0 1 2401.dat
1  0 -40 -192 -140 0 0 1 0 1 0 -1 0 0 3034.dat
1  0 120 -192 -60 0 0 1 0 1 0 -1 0 0 3036.dat
1  0 -200 -192 -20 0 0 1 0 1 0 -1 0 0 3028.dat
1  0 160 -192 60 1 0 0 0 1 0 0 0 1 3030.dat
1  0 280 -192 220 1 0 0 0 1 0 0 0 1 3032.dat
1  14 -40 -200 -280 0 0 1 0 1 0 -1 0 0 3068B.dat
1  0 -40 -200 -240 0 0 1 0 1 0 -1 0 0 3068B.dat
1  14 -40 -200 -200 0 0 1 0 1 0 -1 0 0 3068B.dat
1  0 -40 -200 -160 0 0 1 0 1 0 -1 0 0 3068B.dat
1  0 -250 -216 -160 0 0 1 0 1 0 -1 0 0 3937.dat
1  0 -250 -216 -160 0 0 1 0 1 0 -1 0 0 3938.dat
1  0 -250 -216 -120 0 0 1 0 1 0 -1 0 0 3937.dat
1  0 -250 -216 -120 0 0 1 0 1 0 -1 0 0 3938.dat
1  0 -250 -216 -80 0 0 1 0 1 0 -1 0 0 3937.dat
1  0 -250 -216 -80 0 0 1 0 1 0 -1 0 0 3938.dat
1  0 170 -216 -160 0 0 -1 0 1 0 1 0 0 3937.dat
1  0 170 -216 -160 0 0 -1 0 1 0 1 0 0 3938.dat
1  0 170 -216 -120 0 0 -1 0 1 0 1 0 0 3937.dat
1  0 170 -216 -120 0 0 -1 0 1 0 1 0 0 3938.dat
1  0 170 -216 -80 0 0 -1 0 1 0 1 0 0 3937.dat
1  0 170 -216 -80 0 0 -1 0 1 0 1 0 0 3938.dat
1  0 170 -216 -30 0 0 -1 0 1 0 1 0 0 3622.dat
1  0 170 -216 10 -1 0 0 0 1 0 0 0 -1 3040B.dat
1  0 -250 -216 20 0 0 1 0 1 0 -1 0 0 3008.dat
1  0 -190 -216 110 1 0 0 0 1 0 0 0 1 3040B.dat
1  0 -200 -216 130 1 0 0 0 1 0 0 0 1 3004.dat
1  0 -170 -216 130 -1 0 0 0 1 0 0 0 -1 3665.dat
1  0 90 -216 130 -1 0 0 0 1 0 0 0 -1 3665.dat
1  0 110 -216 130 -1 0 0 0 1 0 0 0 -1 3005.dat
1  0 120 -216 110 1 0 0 0 1 0 0 0 1 3039.dat
1  0 -50 -200 120 0 0 -1 0 1 0 1 0 0 4590.dat
1  0 -30 -200 120 0 0 1 0 1 0 -1 0 0 4590.dat
1  0 -40 -208 90 1 0 0 0 1 0 0 0 1 3623.dat
1  0 -40 -208 150 1 0 0 0 1 0 0 0 1 3710.dat
1  0 -40 -216 150 1 0 0 0 1 0 0 0 1 3710.dat
1  0 240 -192 140 1 0 0 0 1 0 0 0 1 3020.dat
1  0 250 -192 170 1 0 0 0 1 0 0 0 1 3623.dat
1  0 230 -192 110 1 0 0 0 1 0 0 0 1 3623.dat
1  0 -10 -200 -180 0 0 1 0 1 0 -1 0 0 3710.dat
1  0 -70 -200 -180 0 0 1 0 1 0 -1 0 0 3710.dat
1  0 -250 -240 60 0 0 1 0 1 0 -1 0 0 3004.dat
1  0 -250 -240 10 0 0 1 0 1 0 -1 0 0 3622.dat
1  0 -250 -240 -40 0 0 -1 0 1 0 1 0 0 3039P33.dat
1  0 -190 -240 130 1 0 0 0 1 0 0 0 1 3040P01.dat
1  0 120 -240 130 1 0 0 0 1 0 0 0 1 3039P33.dat
1  0 170 -240 -10 -1 0 0 0 1 0 0 0 -1 3040B.dat
1  0 170 -240 -40 0 0 1 0 1 0 -1 0 0 3039P33.dat
1  0x03C40026 -170 -240 130 0 0 1 0 1 0 -1 0 0 3062B.dat
1  0x03C40026 90 -240 130 0 0 1 0 1 0 -1 0 0 3062B.dat
1  0 40 -240 150 1 0 0 0 1 0 0 0 1 4873.dat
1  0 -120 -240 150 1 0 0 0 1 0 0 0 1 4873.dat
1  0 -40 -224 150 1 0 0 0 1 0 0 0 1 2342.dat
1  14 -10 -224 -180 0 0 1 0 1 0 -1 0 0 3633.dat
1  14 -70 -224 -180 0 0 -1 0 1 0 1 0 0 3633.dat
1  0 170 -248 -30 0 0 1 0 1 0 -1 0 0 3623.dat
1  0 -250 -248 50 0 0 1 0 1 0 -1 0 0 3623.dat
1  0 -250 -248 -20 0 0 1 0 1 0 -1 0 0 3710.dat
1  0 -180 -264 130 1 0 0 0 1 0 0 0 1 3004.dat
1  0 110 -264 130 1 0 0 0 1 0 0 0 1 3622.dat
0 Assembly 6
1  0 -21.91 -248 150.02 0 -1 0 -0.5 0 -0.866025 0.866025 0 -0.5 4592.dat
0 Assembly 6
1  14 -21.91 -248 150.02 0 -0.499924 -0.866206 -0.5 0.750156 -0.432947 0.866025 0.433103 -0.249962 4593.dat
0 Assembly 7
1  0 -58 -248.01 149.98 0 1 0 0.5 0 -0.866025 -0.866025 0 -0.5 4592.dat
0 Assembly 7
1  14 -58 -248.01 149.98 0 0.499924 0.866206 0.5 0.750156 -0.432947 -0.866025 0.433103 -0.249962 4593.dat
1  0 -250 -272 60 0 0 1 0 1 0 -1 0 0 3004.dat
1  0 -250 -272 10 0 0 1 0 1 0 -1 0 0 3622.dat
1  0 -180 -272 130 1 0 0 0 1 0 0 0 1 3023.dat
1  0 110 -272 130 1 0 0 0 1 0 0 0 1 3623.dat
1  0 170 -272 -10 0 0 1 0 1 0 -1 0 0 3005.dat
1  0 -100 -240 -70 1 0 0 0 1 0 0 0 1 4083.dat
1  0 20 -240 -70 1 0 0 0 1 0 0 0 1 4083.dat
1  14 -250 -280 70 0 0 -1 0 1 0 1 0 0 4085B.dat
1  14 -250 -280 50 0 0 -1 0 1 0 1 0 0 4085B.dat
1  14 -250 -280 30 0 0 -1 0 1 0 1 0 0 4085B.dat
1  14 -250 -280 10 0 0 -1 0 1 0 1 0 0 4085B.dat
1  14 -250 -280 -10 0 0 -1 0 1 0 1 0 0 4085B.dat
1  14 -180 -280 130 1 0 0 0 1 0 0 0 1 3023.dat
1  14 100 -280 130 1 0 0 0 1 0 0 0 1 3023.dat
1  14 130 -280 130 1 0 0 0 1 0 0 0 1 3024.dat
1  14 170 -280 -10 1 0 0 0 1 0 0 0 1 3024.dat
1  14 -100 -248 -70 1 0 0 0 1 0 0 0 1 3069BP25.dat
1  14 20 -248 -70 1 0 0 0 1 0 0 0 1 3069BP25.dat
1  0 -250 -288 0 0 0 -1 0 1 0 1 0 0 3023.dat
1  0 -250 -288 50 0 0 -1 0 1 0 1 0 0 3623.dat
1  0 -180 -288 130 1 0 0 0 1 0 0 0 1 3023.dat
1  0 110 -288 130 1 0 0 0 1 0 0 0 1 3623.dat
1  0 -230 -282 70 1 0 0 0 1 0 0 0 1 4006.dat
1  0 -230 -336 110 -1 0 0 0 1 0 0 0 -1 2345.dat
1  0 170 -304 -10 -1 0 0 0 1 0 0 0 -1 3665.dat
1  0 170 -312 -10 -1 0 0 0 1 0 0 0 -1 3024.dat
1  0x03C40026 170 -320 -10 -1 0 0 0 1 0 0 0 -1 3024.dat
1  0 -250 -312 60 0 0 1 0 1 0 -1 0 0 3004.dat
1  0 -250 -312 10 0 0 1 0 1 0 -1 0 0 3622.dat
1  0 -190 -312 130 1 0 0 0 1 0 0 0 1 3665.dat
1  0x03C40026 -170 -312 130 0 0 1 0 1 0 -1 0 0 3062B.dat
1  0x03C40026 90 -312 130 0 0 1 0 1 0 -1 0 0 3062B.dat
1  0 120 -312 130 1 0 0 0 1 0 0 0 1 3660.dat
1  0 210 -328 90 -1 0 0 0 1 0 0 0 -1 2467.dat
1  0 240 -328 30 1 0 0 0 1 0 0 0 1 2466.dat
1  0x03CAB000 200 -328 30 1 0 0 0 1 0 0 0 1 2466.dat
1  0 170 -328 10 -1 0 0 0 1 0 0 0 -1 3665.dat
1  0 -230 -274 50 -1 0 0 0 1 0 0 0 -1 3962A.dat
1  0 -250 -336 60 0 0 1 0 1 0 -1 0 0 3010.dat
1  0 -190 -336 130 1 0 0 0 1 0 0 0 1 3622.dat
1  0 -190 -336 110 1 0 0 0 1 0 0 0 1 3665.dat
1  0 -220 -336 90 1 0 0 0 1 0 0 0 1 3660.dat
1  0x03CAB000 -250 -320 -40 0 0 -1 0 1 0 1 0 0 2362A.dat
1  0 120 -336 110 1 0 0 0 1 0 0 0 1 3660.dat
1  0 110 -336 130 1 0 0 0 1 0 0 0 1 3622.dat
1  0 200 -336 60 1 0 0 0 1 0 0 0 1 3032.dat
1  0x03CAB000 170 -320 -40 0 0 1 0 1 0 -1 0 0 2362A.dat
1  0 -40 -264 30 -1 0 0 0 1 0 0 0 -1 3008.dat
1  0 -40 -264 10 -1 0 0 0 1 0 0 0 -1 3008.dat
1  0 -40 -288 40 -1 0 0 0 1 0 0 0 -1 3003.dat
1  0 -40 -296 40 -1 0 0 0 1 0 0 0 -1 3022.dat
1  0 -90 -336 20 0 0 1 0 1 0 -1 0 0 3684.dat
1  0 -40 -304 30 -1 0 0 0 1 0 0 0 -1 3023.dat
1  0 -40 -304 50 -1 0 0 0 1 0 0 0 -1 4175.dat
1  0 -40 -328 40 -1 0 0 0 1 0 0 0 -1 3003.dat
1  0 -40 -336 40 -1 0 0 0 1 0 0 0 -1 3022.dat
1  0 10 -336 20 0 0 -1 0 1 0 1 0 0 3684.dat
1  0 -40 -344 10 -1 0 0 0 1 0 0 0 -1 3666.dat
1  0 -40 -344 40 -1 0 0 0 1 0 0 0 -1 3795.dat
1  0 -40 -352 50 -1 0 0 0 1 0 0 0 -1 4175.dat
1  0 -40 -352 20 -1 0 0 0 1 0 0 0 -1 3022.dat
1  0 -70 -352 20 0 0 1 0 1 0 -1 0 0 3710.dat
1  0 -10 -352 20 0 0 1 0 1 0 -1 0 0 3710.dat
1  0 -90 -368 30 0 0 1 0 1 0 -1 0 0 3622.dat
1  0 10 -368 30 0 0 1 0 1 0 -1 0 0 3622.dat
1  0x03C40026 -90 -392 50 0 0 1 0 1 0 -1 0 0 3062B.dat
1  0x03C40026 10 -392 50 0 0 1 0 1 0 -1 0 0 3062B.dat
1  0 -90 -392 30 0 0 -1 0 1 0 1 0 0 3040P01.dat
1  0 10 -392 30 0 0 1 0 1 0 -1 0 0 3040P01.dat
1  0 -250 -320 0 0 0 1 0 1 0 -1 0 0 3023.dat
1  0 -250 -344 -20 0 0 1 0 1 0 -1 0 0 3010.dat
1  0 -230 -344 50 1 0 0 0 1 0 0 0 1 2450.dat
1  0 -180 -344 100 0 0 -1 0 1 0 1 0 0 3935.dat
1  0 100 -344 100 0 0 1 0 1 0 -1 0 0 3936.dat
1  0 170 -328 -30 0 0 1 0 1 0 -1 0 0 3623.dat
1  0 170 -336 -20 0 0 1 0 1 0 -1 0 0 3710.dat
1  0 170 -344 -20 0 0 1 0 1 0 -1 0 0 3710.dat
1  0 150 -344 50 0 0 1 0 1 0 -1 0 0 2450.dat
1  0 240 -328 250 -1 0 0 0 1 0 0 0 -1 2466.dat
1  0 280 -328 250 -1 0 0 0 1 0 0 0 -1 2466.dat
1  0 320 -328 250 -1 0 0 0 1 0 0 0 -1 2466.dat
1  0 -250 -368 10 0 0 1 0 1 0 -1 0 0 3622.dat
1  0 -210 -368 70 -1 0 0 0 1 0 0 0 -1 3040B.dat
1  0 130 -368 70 -1 0 0 0 1 0 0 0 -1 3040B.dat
1  0 170 -368 10 0 0 1 0 1 0 -1 0 0 3622.dat
1  0 270 -328 190 1 0 0 0 1 0 0 0 1 2467.dat
1  14 -40 -244 -6 0 0 1 -1 0 0 0 -1 0 2428.dat
1  0 -40 -84 -20 0 0 1 -1 0 0 0 -1 0 3710.dat
1  0 -40 -144 -20 1 0 0 0 0 1 0 -1 0 3021.dat
1  0 -20 -144 -12 0 0 -1 1 0 0 0 -1 0 3023.dat
1  0 -60 -144 -12 0 0 -1 1 0 0 0 -1 0 3023.dat
1  0 -40 -414 -20 0 0 -1 1 0 0 0 -1 0 3623.dat
1  0 -40 -400 0 1 0 0 0 1 0 0 0 1 2426C01.dat
1  0 -80 -382 0 -1 0 0 0 1 0 0 0 -1 3749.dat
0 Assembly 15
1  7 -150 -382 0 0 0 -1 0 1 0 1 0 0 3712.dat
0 Assembly 15
1  7 -90 -382 0 0 0 1 1 0 0 0 1 0 3712.dat
0 Assembly 15
1  7 -120 -382 0 0 0 -1 0 1 0 1 0 0 3326B.dat
1  0 -250 -416 -30 1 0 0 0 1 0 0 0 1 4460.dat
1  0 -250 -392 0 0 0 1 0 1 0 -1 0 0 3700.dat
1  0 -250 -416 0 0 0 1 0 1 0 -1 0 0 3004.dat
1  0 -230 -488 50 1 0 0 0 1 0 0 0 1 2345.dat
1  0 150 -488 50 0 0 1 0 1 0 -1 0 0 2345.dat
1  0 170 -392 0 0 0 1 0 1 0 -1 0 0 3004.dat
1  0 170 -416 0 0 0 1 0 1 0 -1 0 0 3004.dat
1  0 170 -416 -30 1 0 0 0 1 0 0 0 1 4460.dat
1  0 210 -336 110 1 0 0 0 1 0 0 0 1 3024.dat
1  0 240 -336 140 1 0 0 0 1 0 0 0 1 3020.dat
1  0 270 -336 170 1 0 0 0 1 0 0 0 1 3024.dat
1  0 280 -336 220 1 0 0 0 1 0 0 0 1 3032.dat
1  0 -240 -382 0 1 0 0 0 1 0 0 0 1 3737.dat
1  14 -349 -382 0 0 1 0 0 0 1 1 0 0 3942B.dat
1  0 -240 -488 70 1 0 0 0 1 0 0 0 1 3004.dat
1  0 10 -400 30 0 0 1 0 1 0 -1 0 0 3623.dat
1  0 -90 -400 30 0 0 1 0 1 0 -1 0 0 3623.dat
1  0 -90 -472 50 -1 0 0 0 1 0 0 0 -1 2449.dat
1  0 10 -472 50 -1 0 0 0 1 0 0 0 -1 2449.dat
1  0x03CAB000 -40 -472 10 -1 0 0 0 1 0 0 0 -1 4215A.dat
1  0 -250 -440 10 0 0 -1 0 1 0 1 0 0 3005.dat
1  0 -250 -464 10 0 0 -1 0 1 0 1 0 0 3005.dat
1  0 160 -488 70 1 0 0 0 1 0 0 0 1 3004.dat
1  0 170 -440 10 0 0 -1 0 1 0 1 0 0 3005.dat
1  0 170 -464 10 0 0 -1 0 1 0 1 0 0 3005.dat
1  0 270 -192 40 0 0 -1 0 1 0 1 0 0 3023.dat
1  0 270 -192 90 0 0 -1 0 1 0 1 0 0 3623.dat
1  0x03CAB000 270 -328 100 0 0 -1 0 1 0 1 0 0 2466.dat
1  0 270 -328 60 0 0 -1 0 1 0 1 0 0 2466.dat
1  0x03CAB000 270 -328 30 1 0 0 0 1 0 0 0 1 2468.dat
1  0x03C40026 270 -336 110 1 0 0 0 1 0 0 0 1 3024.dat
1  0 270 -336 60 0 0 1 0 1 0 -1 0 0 4625.dat
1  0 240 -344 60 0 0 1 0 1 0 -1 0 0 4213.dat
1  0 -250 -488 20 0 0 1 0 1 0 -1 0 0 3660.dat
1  0 -250 -488 -10 1 0 0 0 1 0 0 0 1 4460.dat
1  0 -230 -512 70 0 0 1 0 1 0 -1 0 0 3040B.dat
1  0 -210 -560 70 0 0 1 0 1 0 -1 0 0 2339.dat
1  0 130 -560 70 0 0 -1 0 1 0 1 0 0 2339.dat
1  0 150 -512 70 0 0 -1 0 1 0 1 0 0 3040B.dat
1  0 170 -488 20 0 0 -1 0 1 0 1 0 0 3660.dat
1  0 170 -488 -10 1 0 0 0 1 0 0 0 1 4460.dat
1  14 -40 -480 40 -1 0 0 0 1 0 0 0 -1 3032.dat
1  0 240 -344 220 0 0 -1 0 1 0 1 0 0 4213.dat
1  0 210 -336 220 0 0 -1 0 1 0 1 0 0 4625.dat
1  0x03CAB000 210 -328 250 -1 0 0 0 1 0 0 0 -1 2468.dat
1  0 210 -328 220 0 0 1 0 1 0 -1 0 0 2466.dat
1  0x03CAB000 210 -328 180 0 0 1 0 1 0 -1 0 0 2466.dat
1  0x03C40026 210 -336 170 -1 0 0 0 1 0 0 0 -1 3024.dat
1  0 210 -192 240 0 0 1 0 1 0 -1 0 0 3023.dat
1  0 210 -192 190 0 0 1 0 1 0 -1 0 0 3623.dat
1  0 240 -344 140 0 0 -1 0 1 0 1 0 0 3020.dat
1  0 270 -344 150 0 0 -1 0 1 0 1 0 0 3623.dat
1  0 210 -344 130 0 0 -1 0 1 0 1 0 0 3623.dat
1  0 240 -352 140 0 0 -1 0 1 0 1 0 0 3795.dat
1  0 -40 -344 -36 0 0 1 -1 0 0 0 -1 0 3020.dat
1  0 -40 -374 -28 1 0 0 0 0 1 0 -1 0 3023.dat
1  0 -40 -314 -28 1 0 0 0 0 1 0 -1 0 3023.dat
1  0 -40 -344 -28 1 0 0 0 0 1 0 -1 0 3034.dat
1  0 -40 -374 -20 1 0 0 0 0 1 0 -1 0 3794.dat
1  0 -40 -354 -20 1 0 0 0 0 1 0 -1 0 3794.dat
1  0 -40 -334 -20 1 0 0 0 0 1 0 -1 0 3794.dat
1  0 -40 -314 -20 1 0 0 0 0 1 0 -1 0 3794.dat
0 Assembly 17
1  7 -100 -344 -36 1 0 0 0 0 1 0 -1 0 3679.dat
0 Assembly 17
1  0 -100 -344 -36 1 0 0 0 0 1 0 -1 0 3680.dat
0 Assembly 18
1  7 20 -344 -36 1 0 0 0 0 1 0 -1 0 3679.dat
0 Assembly 18
1  0 20 -344 -36 1 0 0 0 0 1 0 -1 0 3680.dat
1  0 -210 -536 70 0 0 1 0 1 0 -1 0 0 3040B.dat
1  0 130 -536 70 0 0 -1 0 1 0 1 0 0 3040B.dat
1  0 -90 -552 70 0 0 1 0 1 0 -1 0 0 2449.dat
1  0 10 -552 70 0 0 -1 0 1 0 1 0 0 2449.dat
1  0 -70 -552 70 0 0 -1 0 1 0 1 0 0 4460.dat
1  0 -10 -552 70 0 0 1 0 1 0 -1 0 0 4460.dat
1  0 -270 -496 -10 0 0 1 0 1 0 -1 0 0 2450.dat
1  0 -260 -496 30 -1 0 0 0 1 0 0 0 -1 3069BP14.dat
1  0 190 -496 -10 1 0 0 0 1 0 0 0 1 2450.dat
1  0 180 -496 30 1 0 0 0 1 0 0 0 1 3069BP14.dat
1  0 -100 -484 -44 0 0 -1 1 0 0 0 -1 0 4282.dat
1  0x03C40026 -110 -634 -36 0 0 -1 1 0 0 0 -1 0 3024.dat
1  0x03C40026 -110 -474 -36 0 0 -1 1 0 0 0 -1 0 3024.dat
1  0 -110 -474 -12 1 0 0 0 0 1 0 -1 0 4070.dat
1  0 -110 -634 -12 1 0 0 0 0 1 0 -1 0 4070.dat
1  0 -110 -624 -22 0 0 -1 0 1 0 1 0 0 4737.dat
1  0 20 -484 -44 0 0 1 -1 0 0 0 -1 0 4282.dat
1  0x03C40026 30 -474 -36 0 0 1 -1 0 0 0 -1 0 3024.dat
1  0x03C40026 30 -634 -36 0 0 1 -1 0 0 0 -1 0 3024.dat
1  0 30 -624 -22 -1 0 0 0 1 0 0 0 -1 4737.dat
1  0 30 -634 -12 1 0 0 0 0 1 0 -1 0 4070.dat
1  0 30 -474 -12 1 0 0 0 0 1 0 -1 0 4070.dat
1  0 -190 -560 70 0 0 1 0 1 0 -1 0 0 3040B.dat
1  0 110 -560 70 0 0 -1 0 1 0 1 0 0 3040B.dat
1  0 50 -560 70 1 0 0 0 1 0 0 0 1 3623.dat
1  0 -130 -560 70 1 0 0 0 1 0 0 0 1 3623.dat
1  0 -80 -560 70 1 0 0 0 1 0 0 0 1 3794.dat
1  0 0 -560 70 1 0 0 0 1 0 0 0 1 3794.dat
1  0x03C40026 -80 -584 70 1 0 0 0 1 0 0 0 1 3062B.dat
1  0x03C40026 0 -584 70 1 0 0 0 1 0 0 0 1 3062B.dat
1  7 -100 -484 -52 0 0 -1 1 0 0 0 -1 0 3679.dat
1  7 20 -484 -52 0 0 1 -1 0 0 0 -1 0 3679.dat
1  0 -100 -484 -52 1 0 0 0 0 1 0 -1 0 3680.dat
1  0 -90 -480 -120 0 0 1 0 1 0 -1 0 0 2408P02.dat
1  0 -100 -504 -70 -1 0 0 0 1 0 0 0 -1 3937.dat
1  0 -100 -494 -60 -1 0 0 0 0 -1 0 -1 0 3938.dat
1  0 -70 -488 -120 0 0 -1 0 1 0 1 0 0 2436.dat
1  0 10 -480 -120 0 0 -1 0 1 0 1 0 0 2408P02.dat
1  0 20 -504 -70 -1 0 0 0 1 0 0 0 -1 3937.dat
1  0 -10 -488 -120 0 0 1 0 1 0 -1 0 0 2436.dat
1  0 20 -494 -60 -1 0 0 0 0 -1 0 -1 0 3938.dat
1  0 20 -484 -52 1 0 0 0 0 1 0 -1 0 3680.dat
1  14 -32 -498 -120 0 1 0 0 0 1 1 0 0 2419.dat
1  14 -48 -498 -120 0 -1 0 0 0 1 -1 0 0 2419.dat
1  0 -56 -508 -120 0 -1 0 1 0 0 0 0 1 4229.dat
1  0 -24 -508 -120 0 1 0 -1 0 0 0 0 1 4229.dat
1  7 640 0 0 0 0 1 0 1 0 -1 0 0 3947.dat
1  0 340 -8 -10 1 0 0 0 1 0 0 0 1 4162.dat
1  0 340 -8 170 1 0 0 0 1 0 0 0 1 4162.dat
1  0 500 -8 170 1 0 0 0 1 0 0 0 1 4162.dat
1  0 500 -8 -10 1 0 0 0 1 0 0 0 1 4162.dat
1  0 620 -8 170 1 0 0 0 1 0 0 0 1 2431.dat
1  0 620 -8 -10 1 0 0 0 1 0 0 0 1 2431.dat
1  0 680 -8 170 1 0 0 0 1 0 0 0 1 3069B.dat
1  0 680 -8 -10 1 0 0 0 1 0 0 0 1 3069B.dat
1  0 710 -24 170 0 0 -1 0 1 0 1 0 0 3040B.dat
1  0 710 -24 -10 0 0 -1 0 1 0 1 0 0 3040B.dat
1  0 340 -24 110 1 0 0 0 1 0 0 0 1 3009.dat
1  0 340 -24 50 1 0 0 0 1 0 0 0 1 3009.dat
1  0 340 -24 -110 1 0 0 0 1 0 0 0 1 3009.dat
1  14 440 -24 -30 -1 0 0 0 1 0 0 0 -1 3633.dat
1  0 520 -24 -30 -1 0 0 0 1 0 0 0 -1 3633.dat
1  14 600 -24 -30 -1 0 0 0 1 0 0 0 -1 3633.dat
1  0 680 -24 -30 -1 0 0 0 1 0 0 0 -1 3633.dat
1  14 600 -24 190 1 0 0 0 1 0 0 0 1 3633.dat
1  0 520 -24 190 1 0 0 0 1 0 0 0 1 3633.dat
1  14 440 -24 190 1 0 0 0 1 0 0 0 1 3633.dat
1  0 680 -24 190 1 0 0 0 1 0 0 0 1 3633.dat
1  0 680 -16 80 0 0 1 0 1 0 -1 0 0 3832.dat
1  0 690 -24 80 0 0 1 0 1 0 -1 0 0 3794.dat
1  0 670 -24 80 0 0 1 0 1 0 -1 0 0 3794.dat
1  0 640 -32 80 1 0 0 0 1 0 0 0 1 3460.dat
1  0 590 -24 80 0 0 1 0 1 0 -1 0 0 3794.dat
1  0 570 -24 80 0 0 1 0 1 0 -1 0 0 3794.dat
1  0 580 -16 80 0 0 1 0 1 0 -1 0 0 3832.dat
1  0 580 -136 180 1 0 0 0 1 0 0 0 1 4476.dat
1  0 680 -136 180 1 0 0 0 1 0 0 0 1 4476.dat
1  0 580 -136 60 1 0 0 0 1 0 0 0 1 4476.dat
1  0 680 -136 60 1 0 0 0 1 0 0 0 1 4476.dat
1  0x03C40026 710 -56 80 1 0 0 0 1 0 0 0 1 3062B.dat
1  0 580 -160 60 1 0 0 0 1 0 0 0 1 3003.dat
1  0 680 -160 60 1 0 0 0 1 0 0 0 1 3003.dat
1  0 680 -160 170 -1 0 0 0 1 0 0 0 -1 3039.dat
1  0 580 -160 170 -1 0 0 0 1 0 0 0 -1 3039.dat
1  0 690 -184 50 1 0 0 0 1 0 0 0 1 3005.dat
1  0 620 -184 50 1 0 0 0 1 0 0 0 1 3009.dat
1  0 570 -184 120 0 0 -1 0 1 0 1 0 0 3009.dat
1  0 670 -184 120 0 0 -1 0 1 0 1 0 0 3009.dat
1  0 690 -184 120 0 0 -1 0 1 0 1 0 0 3009.dat
1  0 590 -184 170 0 0 -1 0 1 0 1 0 0 4287.dat
1  0 600 -192 80 0 0 1 0 1 0 -1 0 0 2401.dat
1  0 660 -192 140 0 0 1 0 1 0 -1 0 0 3031.dat
1  0x03CAB000 690 -328 170 0 0 -1 0 1 0 1 0 0 2468.dat
1  0 690 -328 140 0 0 -1 0 1 0 1 0 0 2466.dat
1  0 660 -328 170 -1 0 0 0 1 0 0 0 -1 2466.dat
1  0 510 -216 160 0 0 -1 0 1 0 1 0 0 3004.dat
1  0 630 -312 110 0 0 -1 0 1 0 1 0 0 2453.dat
1  0 630 -320 110 0 0 -1 0 1 0 1 0 0 3024.dat
1  0 630 -328 110 0 0 -1 0 1 0 1 0 0 3024.dat
1  0 680 -200 0 0 0 1 0 1 0 -1 0 0 3022.dat
1  0 680 -208 0 0 0 1 0 1 0 -1 0 0 3022.dat
1  0 660 -336 140 0 0 1 0 1 0 -1 0 0 3031.dat
1  0 680 -188 -20 1 0 0 0 0 1 0 -1 0 3956.dat
1  14 680 -224 10 -1 0 0 0 1 0 0 0 -1 3069BP25.dat
1  0 690 -472 140 0 0 -1 0 1 0 1 0 0 2466.dat
1  0 660 -472 170 -1 0 0 0 1 0 0 0 -1 2466.dat
1  0 690 -368 170 -1 0 0 0 1 0 0 0 -1 4733.dat
0 Assembly 1
1  0 690 -358 152 1 0 0 0 0 -1 0 1 0 4592.dat
0 Assembly 1
1  14 690 -358 152 1 0 0 0 0.707301 -0.707081 0 0.707081 0.707301 4593.dat
0 Assembly 2
1  0 672 -358 170 0 1 0 0 0 -1 -1 0 0 4592.dat
0 Assembly 2
1  14 672 -358 170 0 0.707081 0.707301 0 0.707301 -0.707081 -1 0 0 4593.dat
1  14 690 -376 170 -1 0 0 0 1 0 0 0 -1 3070BP06.dat
1  0x03C40026 690 -344 170 -1 0 0 0 1 0 0 0 -1 3024.dat
1  0 640 -344 120 -1 0 0 0 1 0 0 0 -1 3680.dat
1  7 640 -344 120 -0.707107 0 0.707107 0 1 0 -0.707107 0 -0.707107 3679.dat
1  14 632.929 -352 112.929 -0.707107 0 -0.707107 0 1 0 0.707107 0 -0.707107 4598.dat
1  0x03CAB000 670 -480 150 0 0 1 0 1 0 -1 0 0 2409.dat
1  0 690 -504 170 -0.707107 0 0.707107 0 1 0 -0.707107 0 -0.707107 4733.dat
1  0 340 -32 -110 1 0 0 0 1 0 0 0 1 3666.dat
1  0 340 -40 -110 1 0 0 0 1 0 0 0 1 3666.dat
1  0 340 -64 -110 1 0 0 0 1 0 0 0 1 3700.dat
1  0 370 -64 -110 0 0 -1 0 1 0 1 0 0 3040B.dat
1  0 310 -64 -110 0 0 1 0 1 0 -1 0 0 3040B.dat
1  0 340 -72 80 0 0 1 0 1 0 -1 0 0 2426C01.dat
1  14 340 -54 -169 -1 0 0 0 0 1 0 1 0 3942B.dat
1  0 340 -54 -40 0 0 -1 0 1 0 1 0 0 3708.dat
1  0 340 -72 -110 1 0 0 0 1 0 0 0 1 3710.dat
1  14 500 -48 80 1 0 0 0 1 0 0 0 1 2428.dat
1  0x03C40026 2 -508 -232 0 0 1 -1 0 0 0 -1 0 3957.dat
1  0x03C40026 -82 -508 -232 0 0 1 -1 0 0 0 -1 0 3957.dat
1  0x03C40026 -110 -712 -22 1 0 0 0 -1 0 0 0 -1 3957.dat
1  0x03C40026 30 -712 -22 1 0 0 0 -1 0 0 0 -1 3957.dat
1  0x03C40026 -82 -508 -240 0 0 1 -1 0 0 0 -1 0 4740.dat
1  0x03C40026 2 -508 -240 0 0 1 -1 0 0 0 -1 0 4740.dat
1  0x03C40026 30 -720 -22 1 0 0 0 -1 0 0 0 -1 4740.dat
1  0x03C40026 -110 -720 -22 1 0 0 0 -1 0 0 0 -1 4740.dat
1  14 20 -624 -52 0 0 1 -1 0 0 0 -1 0 3960.dat
1  14 -100 -624 -52 0 0 1 -1 0 0 0 -1 0 3960.dat
1  0x03C40026 -100 -624 -68 0 0 1 -1 0 0 0 -1 0 4740.dat
1  0x03C40026 20 -624 -68 0 0 1 -1 0 0 0 -1 0 4740.dat
1  0x03C40026 690 -512 170 -0.707107 0 0.707107 0 1 0 -0.707107 0 -0.707107 3957.dat
1  0x03C40026 702.728 -494 182.728 0 -0.707107 0.707107 -1 0 0 0 -0.707107 -0.707107 3957.dat
1  0x03C40026 702.728 -494 157.272 0 -0.707107 -0.707107 -1 0 0 0 0.707107 -0.707106 3957.dat
1  0x03C40026 677.272 -494 157.272 0 0.707107 -0.707106 -1 0 0 0 0.707106 0.707107 3957.dat
1  0x03C40026 677.272 -494 182.728 0 0.707106 0.707107 -1 0 0 0 -0.707107 0.707106 3957.dat
1  0 680 -188 -28 1 0 0 0 0 1 0 -1 0 3961.dat
1  0x03C40026 680 -188 -36 1 0 0 0 0 1 0 -1 0 4740.dat
1  0 -40 -240 -220 1 0 0 0 1 0 0 0 1 4732.dat
1  0 -40 -208 -180 1 0 0 0 1 0 0 0 1 3022.dat
1  0 -40 -208 -280 1 0 0 0 1 0 0 0 1 3022.dat
1  0 -40 -232 -170 -1 0 0 0 1 0 0 0 -1 3660.dat
1  0 -40 -232 -290 1 0 0 0 1 0 0 0 1 3747A.dat
1  14 -40 -240 -330 1 0 0 0 1 0 0 0 1 3023.dat
1  0 -50 -240 -310 0 0 1 0 1 0 -1 0 0 4081B.dat
1  0 -30 -240 -310 0 0 -1 0 1 0 1 0 0 4081B.dat
1  0 -40 -264 -150 -1 0 0 0 1 0 0 0 -1 3660.dat
1  0 -40 -240 -240 0 0 1 0 1 0 -1 0 0 4871.dat
1  0 -40 -288 -130 -1 0 0 0 1 0 0 0 -1 3660.dat
1  0 -50 -288 -150 0 0 1 0 1 0 -1 0 0 4070.dat
1  0 -30 -288 -150 0 0 -1 0 1 0 1 0 0 4070.dat
1  0 -40 -248 -300 1 0 0 0 1 0 0 0 1 3022.dat
1  0 -40 -248 -330 1 0 0 0 1 0 0 0 1 30244.dat
1  0 -10 -238 -282 1 0 0 0 0 1 0 -1 0 3062B.dat
1  0 -70 -238 -282 1 0 0 0 0 1 0 -1 0 3062B.dat
1  14 -70 -238 -366 1 0 0 0 0 1 0 -1 0 3957.dat
1  14 -10 -238 -366 1 0 0 0 0 1 0 -1 0 3957.dat
1  0 -50 -248 -270 1 0 0 0 1 0 0 0 1 4592.dat
1  14 -50 -248 -270 1 0 0 0 0.923929 0.382873 0 -0.382873 0.923929 4593.dat
1  0 -30 -248 -270 1 0 0 0 1 0 0 0 1 4592.dat
1  14 -30 -248 -270 1 0 0 0 0.70708 0.707301 0 -0.707301 0.70708 4593.dat
1  14 -10 -248 -240 0 0 -1 0 1 0 1 0 0 3069BP25.dat
1  14 -70 -248 -240 0 0 -1 0 1 0 1 0 0 3069BP25.dat
1  0 -40 -288 -170 1 0 0 0 1 0 0 0 1 4864A.dat
1  0 -6.0467 -278 -150 0 -1 0 -1 0 0 0 0 -1 4349.dat
1  0 -73.9533 -278 -150 0 1 0 1 0 0 0 0 -1 4349.dat
1  0x03C40026 -6.0467 -278 -128 1 0 0 0 0 -1 0 1 0 3062B.dat
1  0x03C40026 -73.9533 -278 -128 1 0 0 0 0 -1 0 1 0 3062B.dat
1  14 -40 -296 -140 0 0 -1 0 1 0 1 0 0 3020.dat
1  0 -30 -304 -140 0 0 -1 0 1 0 1 0 0 2452.dat
1  0 -50 -304 -140 0 0 1 0 1 0 -1 0 0 2452.dat
1  0 19.2471 -292.215 -140 -0.923879 -0.382683 0 -0.382683 0.923879 0 0 0 -1 4276B.dat
1  0 -99.2471 -292.215 -140 0.923879 0.382683 0 -0.382683 0.923879 0 0 0 1 4276B.dat
1  0 -40 -304 -170 1 0 0 0 1 0 0 0 1 3069B.dat
1  0 -40 -304 -100 1 0 0 0 1 0 0 0 1 4859.dat
1  0 -40 -312 -130 0 0 -1 0 1 0 1 0 0 3021.dat
1  0 59.2638 -284.299 -130 0 -0.382683 -0.923879 0 0.923879 -0.382683 1 0 0 3933.dat
1  0 -139.264 -284.299 -130 0 0.382683 0.923879 0 0.923879 -0.382683 -1 0 0 3934.dat
1  0 -99.2471 -292.215 -160 0.923879 0.382683 0 -0.382683 0.923879 0 0 0 1 4596.dat
1  0 19.2471 -292.215 -160 0.923879 -0.382683 0 0.382683 0.923879 0 0 0 1 4596.dat
1  14 56.2023 -276.908 -160 0.923879 -0.382683 0 0.382683 0.923879 0 0 0 1 4596.dat
1  14 -136.202 -276.908 -160 0.923879 0.382683 0 -0.382683 0.923879 0 0 0 1 4596.dat
1  14 -136.202 -276.908 -140 0.923879 0.382683 0 -0.382683 0.923879 0 0 0 1 3023.dat
1  14 56.2023 -276.908 -140 0.923879 -0.382683 0 0.382683 0.923879 0 0 0 1 3023.dat
1  0 25.4244 -280.997 -140 0 -0.382683 0.923879 0 0.923879 0.382683 -1 0 0 2420.dat
1  0 -105.424 -280.997 -140 -0.923879 0.382683 0 0.382683 0.923879 0 0 0 -1 2420.dat
1  0 -200.874 -250.12 -160 -0.923879 0.382683 0 0.382683 0.923879 0 0 0 -1 4740.dat
1  0 120.874 -250.12 -160 -0.923879 -0.382683 0 -0.382683 0.923879 0 0 0 -1 4740.dat
1  0x03C40026 18.4818 -290.367 -230 -0.923879 0 0.382683 -0.382683 0 -0.923879 0 -1 0 6141.dat
1  0x03C40026 -98.4817 -290.367 -230 -0.923879 0 -0.382683 0.382683 0 -0.923879 0 -1 0 6141.dat
1  0 -70 -238 -374 1 0 0 0 0 1 0 -1 0 6141.dat
1  0 -10 -238 -374 1 0 0 0 0 1 0 -1 0 6141.dat
1  0 -40 -272 -310 -1 0 0 0 1 0 0 0 -1 3937.dat
1  0 -40 -268.018 -302.014 -1 0 0 0 0.601815 -0.798635 0 -0.798635 -0.601815 3938.dat
1  0x03CAB000 -40 -317.92 -169.327 1 0 0 0 0.601815 0.798635 0 -0.798635 0.601815 2448.dat
1  0 -40 -322.734 -162.938 -1 0 0 0 0.601815 -0.798635 0 -0.798635 -0.601815 4590.dat
1  0 -40 -360 -100 1 0 0 0 1 0 0 0 1 3479.dat
1  0 -40 -368 -100 -1 0 0 0 1 0 0 0 -1 3068BP00.dat
1  0 -40 -277 -212 1 0 0 0 1 0 0 0 1 973P52.dat
1  14 -40 -301 -212 1 0 0 0 1 0 0 0 1 3626AP01.dat
1  0 -40 -301 -212 1 0 0 0 1 0 0 0 1 2446.dat
1  0 -40 -298.25 -206.371 1 0 0 0 0.5 0.866025 0 -0.866025 0.5 2447.dat
1  0 -40 -277 -212 1 0 0 0 1 0 0 0 1 3838.dat
1  0 -24.3991 -268.036 -212 0.984807 0.124915 0.120629 -0.173652 0.708411 0.684104 0 -0.694658 0.71934 3819.dat
1  0 -55.6 -268.036 -212 0.984807 -0.129049 -0.116196 0.173652 0.731854 0.658964 0 -0.66913 0.743145 3818.dat
1  0 -61.8132 -261.596 -232.003 0.984807 -0.173414 0.00908771 0.173652 0.983458 -0.0515409 0 0.0523361 0.99863 3820.dat
1  0 -18.3083 -262.288 -232.25 0.984807 0.173626 -0.00303111 -0.173652 0.984657 -0.0171872 0 0.0174524 1 3820.dat
1  0 -40 -245 -212 1 0 0 0 1 0 0 0 1 3815.dat
1  0 -40 -233 -212 1 0 0 0 0 1 0 -1 0 3816.dat
1  0 -40 -233 -212 1 0 0 0 0 1 0 -1 0 3817.dat
1  0 -40 -224 -210 1 0 0 0 1 0 0 0 1 3023.dat
1  14 508.66 -40 -117.68 0.5 0 -0.866025 0 1 0 0.866025 0 0.5 3795.dat
1  0 488.66 -32 -152.321 0.866025 0 0.5 0 1 0 -0.5 0 0.866025 4600.dat
1  0 528.66 -32 -83.0385 0.866025 0 0.5 0 1 0 -0.5 0 0.866025 4600.dat
1  0 533.66 -48 -74.3782 0.866025 0 0.5 0 1 0 -0.5 0 0.866025 3794.dat
1  0 483.66 -48 -160.981 0.866025 0 0.5 0 1 0 -0.5 0 0.866025 3794.dat
1  14 514.641 -27 -167.321 0.5 0 -0.866025 0 1 0 0.866025 0 0.5 4624.dat
1  14 554.641 -27 -98.0385 0.5 0 -0.866025 0 1 0 0.866025 0 0.5 4624.dat
1  14 502.68 -27 -68.0385 -0.5 0 0.866025 0 1 0 -0.866025 0 -0.5 4624.dat
1  14 462.68 -27 -137.321 -0.5 0 0.866025 0 1 0 -0.866025 0 -0.5 4624.dat
1  0x02212121 455.751 -27 -133.321 -0.5 0 0.866025 0 1 0 -0.866025 0 -0.5 4288.dat
1  0x02212121 495.751 -27 -64.0385 -0.5 0 0.866025 0 1 0 -0.866025 0 -0.5 4288.dat
1  0x02212121 561.569 -27 -102.039 0.5 0 -0.866025 0 1 0 0.866025 0 0.5 4288.dat
1  0x02212121 521.569 -27 -171.321 0.5 0 -0.866025 0 1 0 0.866025 0 0.5 4288.dat
1  0 493.66 -48 -143.66 -0.866025 0 -0.5 0 1 0 0.5 0 -0.866025 2342.dat
1  0 483.66 -72 -160.981 0.866025 0 0.5 0 1 0 -0.5 0 0.866025 4733.dat
1  0 533.66 -72 -74.3782 0.866025 0 0.5 0 1 0 -0.5 0 0.866025 4733.dat
1  0 538.105 -62 -134.679 -0.5 -0.866025 0 0 0 1 -0.866025 0.5 0 4873.dat
1  0 479.215 -62 -100.68 -0.5 0.866025 0 0 0 -1 -0.866025 -0.5 0 4873.dat
1  0x03C40026 466.66 -62 -190.426 0.866025 0.5 0 0 0 -1 -0.5 0.866025 0 4589.dat
1  14 497.129 -88.5233 -137.652 -0.866025 -0.184834 -0.464582 0 0.929164 -0.369668 0.5 -0.320142 -0.80468 3070BP06.dat
1  0 533.66 -84 -74.3782 -0.866025 0.5 0 0 0 1 0.5 0.866025 0 3959.dat
1  0x03C40026 538.66 -84 -65.718 -0.866025 0.5 0 0 0 1 0.5 0.866025 0 4588.dat
1  0 512.66 -93 -110.751 0.866025 0 0.5 0 1 0 -0.5 0 0.866025 973P52.dat
1  14 512.66 -117 -110.751 0.866025 0 0.5 0 1 0 -0.5 0 0.866025 3626AP01.dat
1  0 512.66 -117 -110.751 0.866025 0 0.5 0 1 0 -0.5 0 0.866025 2446.dat
1  0 515.475 -114.25 -105.876 0.866025 -0.433012 0.25 0 0.5 0.866025 -0.5 -0.75 0.433013 2447.dat
1  0 512.66 -93 -110.751 0.866025 0 0.5 0 1 0 -0.5 0 0.866025 3838.dat
1  0 526.17 -84.0359 -118.551 0.852868 -0.247214 0.459893 -0.173652 0.696364 0.696364 -0.492403 -0.673767 0.550977 3819.dat
1  0 499.15 -84.0359 -102.951 0.852868 -0.459893 0.247214 0.173652 0.696364 0.696364 -0.492403 -0.550977 0.673768 3818.dat
1  0 483.746 -78.6366 -117.573 0.852868 -0.150387 0.5 0.173652 0.984807 0 -0.492403 0.086826 0.866025 3820.dat
1  0 521.21 -78.6366 -139.202 0.852868 0.150387 0.5 -0.173652 0.984807 0 -0.492403 -0.086826 0.866025 3820.dat
1  0 512.66 -61 -110.751 0.866025 0 0.5 0 1 0 -0.5 0 0.866025 3815.dat
1  0 512.66 -49 -110.751 0.866025 -0.5 0 0 0 1 -0.5 -0.866025 0 3816.dat
1  0 512.66 -49 -110.751 0.866025 -0.5 0 0 0 1 -0.5 -0.866025 0 3817.dat
1  0 634.343 -405 114.343 -0.707107 0 -0.707107 0 1 0 0.707107 0 -0.707107 973P52.dat
1  14 634.343 -429 114.343 -0.707107 0 -0.707107 0 1 0 0.707107 0 -0.707107 3626AP01.dat
1  0 634.343 -429 114.343 -0.707107 0 -0.707107 0 1 0 0.707107 0 -0.707107 2446.dat
1  0 630.363 -426.25 110.363 -0.707107 0.612372 -0.353553 0 0.5 0.866025 0.707107 0.612372 -0.353553 2447.dat
1  0 634.343 -405 114.343 -0.707107 0 -0.707107 0 1 0 0.707107 0 -0.707107 3838.dat
1  0 623.312 -396.036 125.374 -0.696364 0.413174 -0.586826 -0.173652 0.696364 0.696364 0.696364 0.586826 -0.413174 3819.dat
1  0 645.374 -396.036 103.312 -0.696364 0.586826 -0.413174 0.173652 0.696364 0.696364 0.696364 0.413174 -0.586826 3818.dat
1  0 664.038 -390.637 113.449 -0.696364 0.122791 -0.707107 0.173652 0.984807 0 0.696364 -0.122791 -0.707107 3820.dat
1  0 633.448 -390.637 144.038 -0.696364 -0.122791 -0.707107 -0.173652 0.984807 0 0.696364 0.122791 -0.707107 3820.dat
1  0 634.343 -373 114.343 -0.707107 0 -0.707107 0 1 0 0.707107 0 -0.707107 3815.dat
1  0 634.343 -361 114.343 -0.707107 0.707107 0 0 0 1 0.707107 0.707107 0 3816.dat
1  0 634.343 -361 114.343 -0.707107 0.707107 0 0 0 1 0.707107 0.707107 0 3817.dat
1  0 840 -72 290 1 0 0 0 1 0 0 0 1 973P52.dat
1  14 840 -96 290 1 0 0 0 1 0 0 0 1 3626AP01.dat
1  0 840 -96 290 1 0 0 0 1 0 0 0 1 2446.dat
1  0 840 -93.25 295.629 1 0 0 0 0.5 0.866025 0 -0.866025 0.5 2447.dat
1  0 840 -72 290 1 0 0 0 1 0 0 0 1 3838.dat
1  0 855.6 -63.0359 290 0.984807 0.167735 0.0449444 -0.173652 0.95125 0.254887 0 -0.258819 0.965926 3819.dat
1  0 824.4 -63.0359 290 0.984807 -0.171962 -0.0241677 0.173652 0.975223 0.137059 0 -0.139173 0.990268 3818.dat
1  0 816.465 -46.8293 277.566 0.984807 -0.138685 0.104506 0.173652 0.786502 -0.592672 0 0.601815 0.798636 3820.dat
1  0 863.25 -48.4488 275.546 0.984807 0.150387 -0.086826 -0.173652 0.852868 -0.492404 0 0.5 0.866025 3820.dat
1  0 840 -40 290 1 0 0 0 1 0 0 0 1 3815.dat
1  0 840 -28 290 1 0 0 0 1 0 0 0 1 3816.dat
1  0 840 -28 290 1 0 0 0 1 0 0 0 1 3817.dat
1  0 243.209 -77.4407 -291.868 -0.15841 -0.168121 -0.972955 -0.27683 0.953437 -0.119677 0.947771 0.250386 -0.197575 4360.dat
1  0 817.904 -54.9893 252.111 -0.162117 -0.1081 -0.980833 -0.787557 0.613053 0.062605 0.594535 0.782612 -0.184521 4479.dat
1  0 260 -72 -250 1 0 0 0 1 0 0 0 1 973P52.dat
1  14 260 -96 -250 1 0 0 0 1 0 0 0 1 3626AP01.dat
1  0 260 -96 -250 1 0 0 0 1 0 0 0 1 2446.dat
1  0 260 -93.25 -244.371 1 0 0 0 0.5 0.866025 0 -0.866025 0.5 2447.dat
1  0 260 -72 -250 1 0 0 0 1 0 0 0 1 3838.dat
1  0 275.6 -63.0359 -250 0.984807 0.122791 0.122791 -0.173652 0.696364 0.696364 0 -0.707106 0.707107 3819.dat
1  0 244.4 -63.0359 -250 0.984807 -0.122791 -0.122791 0.173652 0.696364 0.696364 0 -0.707106 0.707107 3818.dat
1  0 238.37 -57.6366 -270.364 0.984807 -0.173652 0 0.173652 0.984807 0 0 0 1 3820.dat
1  0 281.63 -57.6366 -270.364 0.984807 0.173652 0 -0.173652 0.984807 0 0 0 1 3820.dat
1  0 260 -40 -250 1 0 0 0 1 0 0 0 1 3815.dat
1  0 260 -28 -250 1 0 0 0 1 0 0 0 1 3816.dat
1  0 260 -28 -250 1 0 0 0 1 0 0 0 1 3817.dat
1  14 110 -576 70 0 -0.0154 -1 0 -1 0.0154 1 0 0 755.dat
1  14 109.806 -582.95 70 0.0003 -0.0444 -0.999 0 -0.999 0.0444 1 0 0.0003 756.dat
1  14 109.596 -585.802 70 0.0006 -0.0721 -0.9974 0 -0.9974 0.0721 1 0 0.0006 756.dat
1  14 109.297 -588.643 70 0.0008 -0.103 -0.9947 0 -0.9947 0.103 1 0 0.0008 756.dat
1  14 108.899 -591.466 70 0.001 -0.1379 -0.9905 0 -0.9905 0.1379 1 0 0.001 756.dat
1  14 108.387 -594.279 70 0.0013 -0.1772 -0.9842 0 -0.9842 0.1772 1 0 0.0013 756.dat
1  14 107.747 -597.071 70 0.0015 -0.2213 -0.9752 -0.0003 -0.9752 0.2213 1 0 0.0015 756.dat
1  14 106.968 -599.809 70 0.0017 -0.2709 -0.9626 -0.0005 -0.9626 0.2709 1 0 0.0018 756.dat
1  14 106.027 -602.511 70 0.0019 -0.3264 -0.9452 -0.0006 -0.9452 0.3264 1 0 0.002 756.dat
1  14 104.912 -605.137 70 0.0021 -0.3878 -0.9217 -0.0009 -0.9217 0.3878 1 0 0.0022 756.dat
1  14 103.602 -607.678 70 0.0022 -0.4549 -0.8905 -0.0011 -0.8905 0.4549 1 0 0.0025 756.dat
1  14 102.085 -610.105 70 0.0023 -0.5264 -0.8502 -0.0014 -0.8502 0.5264 1 0 0.0027 756.dat
1  14 100.365 -612.375 70 0.0024 -0.6003 -0.7998 -0.0018 -0.7998 0.6003 1 0 0.0029 756.dat
1  14 98.4319 -614.472 70 0.0023 -0.674 -0.7387 -0.0021 -0.7387 0.674 1 0 0.0032 756.dat
1  14 96.2942 -616.375 70 0.0023 -0.7437 -0.6685 -0.0025 -0.6685 0.7437 1 0 0.0034 756.dat
1  14 93.9919 -618.044 70 0.0022 -0.8064 -0.5914 -0.0029 -0.5914 0.8064 1 0 0.0036 756.dat
1  14 91.5205 -619.497 70 0.002 -0.8597 -0.5107 -0.0033 -0.5107 0.8597 1 0 0.0039 756.dat
1  14 88.947 -620.709 70 0.0018 -0.9027 -0.4303 -0.0037 -0.4303 0.9027 1 0 0.0041 756.dat
1  14 86.2676 -621.706 70 0.0015 -0.9357 -0.3529 -0.0041 -0.3529 0.9357 1 0 0.0044 756.dat
1  14 83.5227 -622.497 70 0.0013 -0.9599 -0.2805 -0.0044 -0.2805 0.9598 1 0 0.0046 756.dat
1  14 80.7194 -623.104 70 0.001 -0.9767 -0.2146 -0.0047 -0.2146 0.9767 1 0 0.0048 756.dat
1  14 77.9136 -623.535 70 0.0008 -0.9879 -0.1552 -0.005 -0.1552 0.9879 1 0 0.0051 756.dat
1  14 75.0554 -623.821 70 0.0005 -0.9948 -0.102 -0.0053 -0.102 0.9948 1 0 0.0053 756.dat
1  14 72.2139 -623.969 70 0.0003 -0.9985 -0.0548 -0.0055 -0.0548 0.9985 1 0 0.0055 756.dat
1  14 69.3514 -624 70 0 -1 -0.0129 -0.0058 -0.0129 1 1 0 0.0058 756.dat
1  14 66.5032 -623.933 70 0 -1 0.0218 -0.006 0.0218 1 1 0 0.006 756.dat
1  14 63.653 -623.763 70 -0.0004 -0.9983 0.0577 -0.0062 0.0577 0.9983 1 0 0.0063 756.dat
1  14 60.8167 -623.475 70 -0.0006 -0.9951 0.0989 -0.0065 0.0989 0.9951 1 0 0.0065 756.dat
1  14 57.9763 -623.05 70 -0.001 -0.9893 0.146 -0.0067 0.146 0.9893 1 0 0.0067 756.dat
1  14 55.1849 -622.472 70 -0.0014 -0.9798 0.1999 -0.0068 0.1999 0.9798 1 0 0.007 756.dat
1  14 52.4325 -621.718 70 -0.0019 -0.9653 0.2613 -0.007 0.2613 0.9652 1 0 0.0072 756.dat
1  14 49.7483 -620.765 70 -0.0025 -0.9437 0.3308 -0.007 0.3308 0.9437 1 0 0.0074 756.dat
1  14 47.1335 -619.585 70 -0.0031 -0.913 0.4079 -0.007 0.408 0.913 1 0 0.0077 756.dat
1  14 44.658 -618.173 70 -0.0039 -0.8711 0.491 -0.0069 0.491 0.8711 1 0 0.0079 756.dat
1  14 42.3284 -616.51 70 -0.0047 -0.8168 0.577 -0.0067 0.577 0.8167 1 0 0.0082 756.dat
1  14 40.2063 -614.617 70 -0.0056 -0.7501 0.6614 -0.0063 0.6614 0.75 1 0 0.0084 756.dat
1  14 38.287 -612.488 70 -0.0064 -0.6734 0.7393 -0.0058 0.7393 0.6734 1 0 0.0086 756.dat
1  14 36.6156 -610.18 70 -0.0072 -0.5911 0.8065 -0.0052 0.8066 0.5911 1 0 0.0089 756.dat
1  14 35.1753 -607.711 70 -0.0078 -0.508 0.8613 -0.0046 0.8613 0.508 1 0 0.0091 756.dat
1  14 33.9613 -605.121 70 -0.0084 -0.4285 0.9035 -0.004 0.9035 0.4285 1 0 0.0093 756.dat
1  14 32.9607 -602.456 70 -0.009 -0.3555 0.9346 -0.0034 0.9347 0.3555 1 0 0.0096 756.dat
1  14 32.145 -599.726 70 -0.0094 -0.2898 0.957 -0.0028 0.9571 0.2898 1 0 0.0098 756.dat
1  14 31.4889 -596.938 70 -0.0098 -0.2318 0.9727 -0.0023 0.9728 0.2318 1 0 0.0101 756.dat
1  14 30.9783 -594.127 70 -0.0101 -0.1812 0.9834 -0.0019 0.9834 0.1812 1 0 0.0103 756.dat
1  14 30.5919 -591.293 70 -0.0104 -0.1373 0.9905 -0.0014 0.9905 0.1373 1 0 0.0105 756.dat
1  14 30.314 -588.452 70 -0.0107 -0.0993 0.995 -0.0011 0.9951 0.0992 1 0 0.0108 756.dat
1  14 30.1311 -585.613 70 -0.011 -0.0661 0.9978 -0.0007 0.9978 0.0661 1 0 0.011 756.dat
1  14 30.0287 -582.754 70 -0.0112 -0.0372 0.9992 -0.0004 0.9993 0.0372 1 0 0.0112 756.dat
1  14 29.9988 -579.897 70 -0.0115 -0.0117 1 0 1 0.0117 1 0 0.0115 756.dat
1  14 29.9414 -575 70 -0.0117 0.0117 1 0 -1 0.0117 1 0 0.0117 755.dat
1  0 110 -576 70 0 0 -1 0 1 0 1 0 0 750.dat
1  0 30 -576 70 0 0 -1 0 1 0 1 0 0 750.dat
1  0 -110 -576 70 0 0 -1 0 1 0 1 0 0 750.dat
1  14 -110 -576 70 0 -0.0154 -1 0 -1 0.0154 1 0 0 755.dat
1  14 -110.194 -582.95 70 0.0003 -0.0444 -0.999 0 -0.999 0.0444 1 0 0.0003 756.dat
1  14 -110.404 -585.802 70 0.0006 -0.0721 -0.9974 0 -0.9974 0.0721 1 0 0.0006 756.dat
1  14 -110.703 -588.643 70 0.0008 -0.103 -0.9947 0 -0.9947 0.103 1 0 0.0008 756.dat
1  14 -111.101 -591.466 70 0.001 -0.1379 -0.9905 0 -0.9905 0.1379 1 0 0.001 756.dat
1  14 -111.613 -594.279 70 0.0013 -0.1772 -0.9842 0 -0.9842 0.1772 1 0 0.0013 756.dat
1  14 -112.253 -597.071 70 0.0015 -0.2213 -0.9752 -0.0003 -0.9752 0.2213 1 0 0.0015 756.dat
1  14 -113.032 -599.809 70 0.0017 -0.2709 -0.9626 -0.0005 -0.9626 0.2709 1 0 0.0018 756.dat
1  14 -113.973 -602.511 70 0.0019 -0.3264 -0.9452 -0.0007 -0.9452 0.3264 1 0 0.002 756.dat
1  14 -115.089 -605.137 70 0.0021 -0.3878 -0.9217 -0.0009 -0.9217 0.3878 1 0 0.0022 756.dat
1  14 -116.398 -607.678 70 0.0022 -0.4549 -0.8905 -0.0011 -0.8905 0.4549 1 0 0.0025 756.dat
1  14 -117.915 -610.105 70 0.0023 -0.5264 -0.8502 -0.0014 -0.8502 0.5264 1 0 0.0027 756.dat
1  14 -119.635 -612.375 70 0.0024 -0.6003 -0.7998 -0.0018 -0.7998 0.6003 1 0 0.0029 756.dat
1  14 -121.568 -614.472 70 0.0023 -0.674 -0.7387 -0.0021 -0.7387 0.674 1 0 0.0032 756.dat
1  14 -123.706 -616.375 70 0.0023 -0.7437 -0.6685 -0.0025 -0.6685 0.7437 1 0 0.0034 756.dat
1  14 -126.008 -618.044 70 0.0022 -0.8064 -0.5914 -0.0029 -0.5914 0.8064 1 0 0.0037 756.dat
1  14 -128.48 -619.498 70 0.002 -0.8597 -0.5107 -0.0033 -0.5107 0.8597 1 0 0.0039 756.dat
1  14 -131.053 -620.709 70 0.0018 -0.9027 -0.4303 -0.0037 -0.4303 0.9027 1 0 0.0041 756.dat
1  14 -133.732 -621.707 70 0.0015 -0.9357 -0.3529 -0.0041 -0.3529 0.9357 1 0 0.0044 756.dat
1  14 -136.477 -622.497 70 0.0013 -0.9599 -0.2805 -0.0044 -0.2805 0.9598 1 0 0.0046 756.dat
1  14 -139.281 -623.104 70 0.001 -0.9767 -0.2146 -0.0047 -0.2146 0.9767 1 0 0.0048 756.dat
1  14 -142.086 -623.535 70 0.0008 -0.9879 -0.1552 -0.005 -0.1552 0.9879 1 0 0.0051 756.dat
1  14 -144.945 -623.821 70 0.0005 -0.9948 -0.102 -0.0053 -0.102 0.9948 1 0 0.0053 756.dat
1  14 -147.786 -623.969 70 0.0003 -0.9985 -0.0548 -0.0055 -0.0548 0.9985 1 0 0.0056 756.dat
1  14 -150.649 -624.001 70 0 -1 -0.0129 -0.0058 -0.0129 1 1 0 0.0058 756.dat
