0 6991 Monorail Transport Base
0 Name: 6991_Monorail_Transport_Base.ldr
0 Author: LEGO
0 bassfoundation@yahoo.com
0 !COLOUR SandBlue CODE 64 VALUE #88A2B5 EDGE 0 ALPHA 255
0 !COLOUR Chrome CODE 65 VALUE #A1A29B EDGE 0 ALPHA 255
0 !COLOUR Silver CODE 66 VALUE #C7C7C7 EDGE 0 ALPHA 255
0 !COLOUR Gold CODE 67 VALUE #BBBD39 EDGE 0 ALPHA 255
0 ROTATION CENTER 0 0 0 1 "Custom" 
0 ROTATION CONFIG 0 0
1 7 0 0 -710 1 0 0 0 1 0 0 0 1 6991_section2.ldr
1 7 1190 0 0 1 0 0 0 1 0 0 0 1 6991_section1.ldr
1 7 -330 -265 -560 -1 0 0 0 1 0 0 0 -1 2670.dat
1 7 -730 -265 -560 -1 0 0 0 1 0 0 0 -1 2671.dat
1 7 -1450 -265 -400 -1 0 0 0 1 0 0 0 -1 2672.dat
1 7 -1450 -265 400 0 0 -1 0 1 0 1 0 0 2672.dat
1 7 -730 -265 560 -1 0 0 0 1 0 0 0 -1 2671.dat
1 7 -90 -265 560 -1 0 0 0 1 0 0 0 -1 2671.dat
1 7 630 -265 400 1 0 0 0 1 0 0 0 1 2672.dat
1 7 630 -265 -400 0 0 1 0 1 0 -1 0 0 2672.dat
1 7 -250 -265 -220 1 0 0 0 1 0 0 0 1 2678.dat
1 7 -650 -265 -380 1 0 0 0 1 0 0 0 1 2891.dat
1 7 -250 -265 260 1 0 0 0 1 0 0 0 1 2677.dat
1 7 -650 -265 420 1 0 0 0 1 0 0 0 1 2892.dat
1 0 790 -240 0 0 0 -1 0 1 0 1 0 0 2681.dat
1 0 630 -240 -400 -1 0 0 0 1 0 0 0 -1 2681.dat
1 0 230 -240 560 -1 0 0 0 1 0 0 0 -1 2681.dat
1 0 -90 -240 560 -1 0 0 0 1 0 0 0 -1 2681.dat
1 0 -410 -240 554 -1 0 0 0 1 0 0 0 -1 2681.dat
1 0 -1050 -240 560 -1 0 0 0 1 0 0 0 -1 2681.dat
1 0 -1440 -240 400 -1 0 0 0 1 0 0 0 -1 2681.dat
1 0 -1440 -240 -400 -1 0 0 0 1 0 0 0 -1 2681.dat
1 0 -1610 -240 0 0 0 1 0 1 0 -1 0 0 2681.dat
1 0 -1050 -240 -560 -1 0 0 0 1 0 0 0 -1 2681.dat
1 0 -410 -240 -560 -1 0 0 0 1 0 0 0 -1 2681.dat
1 0 390 -240 260 -1 0 0 0 1 0 0 0 -1 2681.dat
1 0 390 -360 260 -1 0 0 0 1 0 0 0 -1 2680.dat
1 0 -240 -240 260 -1 0 0 0 1 0 0 0 -1 2681.dat
1 0 -650 -240 420 -1 0 0 0 1 0 0 0 -1 2681.dat
1 0 -750 -240 540 -1 0 0 0 1 0 0 0 -1 2681.dat
1 0 -250 -240 -220 -1 0 0 0 1 0 0 0 -1 2681.dat
1 0 -650 -240 -380 -1 0 0 0 1 0 0 0 -1 2681.dat
1 0 -750 -240 -500 -1 0 0 0 1 0 0 0 -1 2681.dat
1 0 -670 -260 -615 -1 0 0 0 1 0 0 0 -1 3023.dat
1 0 -670 -268 -615 1 0 0 0 1 0 0 0 1 3069bp06.dat
1 0 -670 -260 615 -1 0 0 0 1 0 0 0 -1 3023.dat
1 0 -670 -268 615 1 0 0 0 1 0 0 0 1 3069bp06.dat
1 0 -250 -255 -600 -1 0 0 0 0 1 0 1 0 3710.dat
1 0 -250 -255 -520 1 0 0 0 0 1 0 -1 0 3710.dat
1 0 -410 -255 -600 -1 0 0 0 0 1 0 1 0 3710.dat
1 0 -410 -255 -520 1 0 0 0 0 1 0 -1 0 3710.dat
1 0 -1050 -255 -600 -1 0 0 0 0 1 0 1 0 3710.dat
1 0 -1050 -255 -520 1 0 0 0 0 1 0 -1 0 3710.dat
1 0 -1650 -255 0 0 1 0 0 0 1 1 0 0 3710.dat
1 0 -1570 -255 0 0 -1 0 0 0 1 -1 0 0 3710.dat
1 0 -1050 -255 520 -1 0 0 0 0 1 0 1 0 3710.dat
1 0 -1050 -255 600 1 0 0 0 0 1 0 -1 0 3710.dat
1 0 -410 -255 520 -1 0 0 0 0 1 0 1 0 3710.dat
1 0 -410 -255 600 1 0 0 0 0 1 0 -1 0 3710.dat
1 0 230 -255 520 -1 0 0 0 0 1 0 1 0 3710.dat
1 0 230 -255 600 1 0 0 0 0 1 0 -1 0 3710.dat
1 0 750 -255 0 0 1 0 0 0 1 1 0 0 3710.dat
1 0 830 -255 0 0 -1 0 0 0 1 -1 0 0 3710.dat
1 0 230 -255 -600 -1 0 0 0 0 1 0 1 0 3710.dat
1 0 230 -255 -520 1 0 0 0 0 1 0 -1 0 3710.dat
1 0 -250 -255 -260 -1 0 0 0 0 1 0 1 0 3710.dat
1 0 -250 -255 -180 1 0 0 0 0 1 0 -1 0 3710.dat
1 0 -250 -255 220 -1 0 0 0 0 1 0 1 0 3710.dat
1 0 -250 -255 300 1 0 0 0 0 1 0 -1 0 3710.dat
1 0 -677 -255 392 -0.707107 0.707107 0 0 0 1 0.707107 0.707107 0 3710.dat
1 0 -620.431 -255 448.569 0.707107 -0.707107 0 0 0 1 -0.707107 -0.707107 0 3710.dat
1 0 -619 -255 -407 -0.707107 -0.707107 0 0 0 1 -0.707107 0.707107 0 3710.dat
1 0 -675.569 -255 -350.431 0.707107 0.707107 0 0 0 1 0.707107 -0.707107 0 3710.dat
1 0 390 -375 220 -0.93358 0 0.358368 0.358368 0 0.93358 0 1 0 3710.dat
1 0 390 -375 300 0.93358 0 0.358368 -0.358368 0 0.93358 0 -1 0 3710.dat
1 0 391 -135 -260 -0.93358 0 -0.358368 -0.358368 0 0.93358 0 1 0 3710.dat
1 0 391 -135 -180 0.93358 0 -0.358368 0.358368 0 0.93358 0 -1 0 3710.dat
1 0 1330 -80 -220 0 0 -1 0 1 0 1 0 0 6991_rover.ldr
1 0 -425 -305 -560 0 0 -1 0 1 0 1 0 0 6991_monorail.ldr
0
