0 untitled model
0 Name: 
0 Author: 
0 Unofficial Model
1 2 0 0 0 1 0 0 0 1 0 -0 0 1 3030.dat
1 6 -40 -24 0 0 0 1 0 1 0 -1 0 0 3001.dat
1 6 -10 -24 10 0 0 1 0 1 0 -1 0 0 2357.dat
1 6 -30 -48 10 0 0 1 0 1 0 -1 0 0 2357.dat
1 6 -50 -96 10 0 0 1 0 1 0 -1 0 0 2357.dat
1 6 -30 -144 -10 -0 0 -1 0 1 0 1 0 -0 2357.dat
1 6 -50 -120 -10 1 0 -0 0 1 0 0 0 1 2357.dat
1 6 -70 -24 10 -1 0 0 0 1 0 -0 0 -1 2357.dat
1 6 -50 -48 10 -1 0 0 0 1 0 -0 0 -1 2357.dat
1 6 -30 -72 10 -1 0 0 0 1 0 -0 0 -1 2357.dat
1 2 -50 -72 -10 -1 -0 0 -0 1 -0 -0 -0 -1 3062b.dat
1 2 -30 -96 -10 -1 -0 0 -0 1 -0 -0 -0 -1 3062b.dat
1 2 -50 -144 10 -1 -0 0 -0 1 -0 -0 -0 -1 3062b.dat
1 2 -30 -120 10 -1 -0 0 -0 1 -0 -0 -0 -1 3062b.dat
1 0 -40 -152 10 -1 -0 0 -0 1 -0 -0 -0 -1 3794.dat
1 0 -40 -152 -10 -1 -0 0 -0 1 -0 -0 -0 -1 3794.dat
1 2 -40 -160 0 0 0 1 -0 1 -0 -1 -0 0 2518.dat
0 STEP
1 0 -250 -40 10 0 -0 1 0 1 0 -1 -0 0 3034.dat
1 0 128.868042 -40 -277.267517 -1 -0 0 0 1 0 -0 0 -1 3034.dat
1 0 158.868057 -8 -277.267517 0 0 1 0 1 -0 -1 0 0 3710.dat
1 0 198.868042 -72 -277.267517 -0 -0 -1 0 1 -0 1 -0 -0 3794.dat
1 0 78.868057 -80 -277.267517 -0 -0 -1 0 1 -0 1 -0 -0 3794.dat
1 0 -87.131958 -54 -267.267517 0 -1 0 -0.422618 -0 -0.906307 0.906307 0 -0.422618 2433.dat
1 0 -87.131927 -54 -287.267517 0 -1 0 0.422618 -0 -0.906307 0.906307 0 0.422618 2433.dat
1 6 -109.131958 -54 -287.267517 -0 1 -0 -0.906307 0 0.422618 0.422618 0 0.906307 892.dat
1 6 -109.131927 -54 -267.267517 -0 1 -0 0.906307 0 0.422618 0.422618 -0 -0.906307 892.dat
1 8 78.868057 -88 -277.267517 -1 -0 0 -0 1 -0 -0 -0 -1 2555.dat
1 0 78.868057 -96 -277.267517 0 -0.707107 0.707107 0 0.707107 0.707107 -1 0 0 30031.dat
1 8 188.868042 -32 -277.267517 -1 0 0 0 1 -0 -0 -0 -1 3022.dat
1 8 158.868057 -32 -277.267517 0 -0 1 0 1 0 -1 -0 0 3004.dat
1 8 158.868042 0 -247.267502 0 -0 1 0 1 0 -1 -0 0 6120.dat
1 8 158.868042 0 -307.267517 0 -0 1 0 1 0 -1 -0 0 6120.dat
1 8 188.868042 -48 -277.267517 -1 0 0 0 1 -0 -0 -0 -1 3022.dat
1 6 48.868073 -32 -277.267517 -1 0 0 0 1 -0 -0 -0 -1 4032.dat
1 6 218.868042 -72 -277.267517 0 -0 1 0 1 0 -1 -0 0 2399.dat
1 6 108.868073 -72 -277.267517 -0 0 -1 0 1 0 1 0 -0 4732.dat
1 6 98.868057 -80 -277.267517 -0 0 -1 -0 1 0 1 0 -0 3039.dat
1 6 58.868057 -96 -277.267517 0 -0 1 -0 1 0 -1 -0 0 3048.dat
1 8 38.868073 -40 -277.267517 0 -0 1 0 1 0 -1 -0 0 2540.dat
1 0 18.868042 -32 -277.267517 1 0 -0 0 1 0 0 -0 1 2555.dat
1 8 18.868042 -24 -277.267517 1 -0 0 0 1 0 -0 -0 1 3062b.dat
1 8 48.868057 -64 -287.267517 0 -0 1 0 1 0 -1 -0 0 30359a.dat
1 8 48.868073 -64 -267.267517 0 -0 1 0 1 0 -1 -0 0 30359a.dat
1 7 118.868057 -56 -277.267517 -0 0 -1 -0 1 0 1 0 -0 3023.dat
1 8 98.868057 -56 -267.267487 -1 -0 0 -0 1 0 -0 0 -1 4085c.dat
1 0 98.868057 -40 -245.267517 0 0 1 0 -1 0 1 0 -0 4349.dat
1 8 98.868042 -56 -287.267517 1 0 -0 -0 1 0 0 -0 1 4085c.dat
1 8 158.868057 -80 -277.267517 0 0 -1 0 1 0 1 -0 0 2412b.dat
1 8 198.868042 -72 -277.267517 -0 -0 1 -0 1 0 -1 -0 -0 2524.dat
1 15 138.868057 -144 -277.267517 0 0 1 0 1 0 -1 0 0 775.dat
1 14 138.868057 -144 -277.267517 0 0 1 0 1 0 -1 0 0 3626BPSE.dat
1 15 138.868057 -120 -277.267517 0 0 1 0 1 0 -1 0 0 973PSE.dat
1 15 138.868057 -112 -292.66748 0 -0.707107 0.707107 -0.170055 0.696808 0.696808 -0.985435 -0.120247 -0.120247 3819.dat
1 0 118.361954 -106.57901 -298.67691 0 0 1 -0.817054 0.57656 0 -0.576561 -0.817054 0 3820.dat
1 15 138.868057 -112 -261.867523 0 -0.707107 0.707107 0.170055 0.696808 0.696808 -0.985435 0.120247 0.120247 3818.dat
1 0 118.361954 -106.57901 -255.858109 0 0 1 0.817054 0.576561 0 -0.576561 0.817054 0 3820.dat
1 0 138.868057 -88 -277.267517 0 0 1 0 1 0 -1 0 0 970.dat
1 15 138.868057 -76 -277.267517 0 0 1 0 1 0 -1 0 0 3817.dat
1 15 138.868057 -76 -277.267517 0 0 1 0 1 0 -1 0 0 3816.dat
1 0 -250 -8 40 1 -0 -0 0 1 -0 0 0 1 3710.dat
1 0 -250 -72 80 -1 0 0 0 1 -0 -0 -0 -1 3794.dat
1 0 -250 -80 -40 -1 0 0 0 1 -0 -0 -0 -1 3794.dat
1 0 -260 -54 -206 -0.906307 -0 0.422618 -0.422618 -0 -0.906307 0 -1 0 2433.dat
1 0 -240 -54 -206 -0.906307 -0 -0.422618 0.422618 -0 -0.906307 0 -1 0 2433.dat
1 6 -240 -54 -228 -0.422618 -0 -0.906307 -0.906307 0 0.422618 -0 1 -0 892.dat
1 6 -260 -54 -228 -0.422618 0 0.906307 0.906307 0 0.422618 -0 1 -0 892.dat
1 8 -250 -88 -40 0 0 1 -0 1 -0 -1 -0 0 2555.dat
1 0 -250 -96 -40 1 0 -0 0 0.707107 0.707107 0 -0.707107 0.707107 30031.dat
1 8 -250 -32 70 0 0 1 0 1 -0 -1 0 0 3022.dat
1 8 -250 -32 40 1 0 -0 0 1 0 0 -0 1 3004.dat
1 8 -280 0 40 1 0 -0 0 1 0 0 -0 1 6120.dat
1 8 -220 0 40 1 0 -0 0 1 0 0 -0 1 6120.dat
1 8 -250 -48 70 0 0 1 0 1 -0 -1 0 0 3022.dat
1 6 -250 -32 -70 0 0 1 0 1 -0 -1 0 0 4032.dat
1 6 -250 -72 100 1 0 -0 0 1 0 0 -0 1 2399.dat
1 6 -250 -72 -10 -1 -0 0 0 1 0 -0 0 -1 4732.dat
1 6 -250 -80 -20 -1 -0 0 -0 1 0 -0 0 -1 3039.dat
1 6 -250 -96 -60 1 0 -0 -0 1 0 0 -0 1 3048.dat
1 8 -250 -40 -80 1 0 -0 0 1 0 0 -0 1 2540.dat
1 0 -250 -32 -100 -0 0 -1 0 1 0 1 0 -0 2555.dat
1 8 -250 -24 -100 0 0 -1 0 1 0 1 -0 0 3062b.dat
1 8 -240 -64 -70 1 0 -0 0 1 0 0 -0 1 30359a.dat
1 8 -260 -64 -70 1 0 -0 0 1 0 0 -0 1 30359a.dat
1 7 -250 -56 0 -1 -0 0 -0 1 0 -0 0 -1 3023.dat
1 8 -260 -56 -20 0 -0 1 -0 1 0 -1 -0 0 4085c.dat
1 0 -282 -40 -20 -1 0 0 0 -1 0 0 0 1 4349.dat
1 8 -240 -56 -20 -0 0 -1 -0 1 0 1 0 -0 4085c.dat
1 8 -250 -80 40 -1 0 -0 0 1 0 0 0 -1 2412b.dat
1 8 -250 -72 80 1 0 0 -0 1 0 -0 -0 1 2524.dat
1 15 -250 -144 20 1 0 0 0 1 0 0 0 1 775.dat
1 14 -250 -144 20 1 0 0 0 1 0 0 0 1 3626BPSE.dat
1 15 -250 -120 20 1 0 0 0 1 0 0 0 1 973PSE.dat
1 15 -234.600006 -112 20 0.985435 0.120247 0.120247 -0.170055 0.696808 0.696808 0 -0.707107 0.707107 3819.dat
1 0 -228.590607 -106.57901 -0.506096 0.576561 0.817054 0 -0.817054 0.57656 0 0 0 1 3820.dat
1 15 -265.399994 -112 20 0.985435 -0.120247 -0.120247 0.170055 0.696808 0.696808 0 -0.707107 0.707107 3818.dat
1 0 -271.409393 -106.57901 -0.506096 0.576561 -0.817054 0 0.817054 0.576561 0 0 0 1 3820.dat
1 0 -250 -88 20 1 0 0 0 1 0 0 0 1 970.dat
1 15 -250 -76 20 1 0 0 0 1 0 0 0 1 3817.dat
1 15 -250 -76 20 1 0 0 0 1 0 0 0 1 3816.dat
1 19 97.001518 -88 -77.555954 0.707107 0 0.707107 0 1 0 -0.707107 0 0.707107 3901.dat
1 14 97.001518 -88 -77.555954 0.707107 0 0.707107 0 1 0 -0.707107 0 0.707107 3626BPS3.dat
1 148 97.001518 -64 -77.555954 0.707107 0 0.707107 0 1 0 -0.707107 0 0.707107 973PSM.dat
1 0 107.890961 -56 -88.445404 0.696808 0.120247 0.707107 -0.170055 0.985435 0 -0.696808 -0.120247 0.707107 3819.dat
1 14 106.588623 -38.127014 -101.285202 0.696808 0.585027 0.414973 -0.170055 0.696808 -0.696808 -0.696808 0.414973 0.585027 3820.dat
1 0 86.112076 -56 -66.666504 0.696808 -0.585027 0.414973 0.170055 0.696808 0.696808 -0.696808 -0.414973 0.585027 3818.dat
1 0 67.362785 -50.579006 -76.917236 0.696808 -0.120247 0.707107 0.170055 0.985435 0 -0.696808 0.120247 0.707107 3820.dat
1 35 58.95446 -69.616142 -89.971542 0.658478 0.066863 0.749624 0.18317 0.951857 -0.2458 -0.72997 0.299162 0.614529 577c01.dat
1 0 97.001518 -32 -77.555954 0.707107 0 0.707107 0 1 0 -0.707107 0 0.707107 970.dat
1 0 97.001518 -20 -77.555954 0.707107 0 0.707107 0 1 0 -0.707107 0 0.707107 3817.dat
1 0 97.001518 -20 -77.555954 0.707107 0 0.707107 0 1 0 -0.707107 0 0.707107 3816.dat
0 STEP