0 untitled model
0 Name: 7128.ldr
0 Author:
0 Unofficial Model
0 ROTATION CENTER 0 0 0 1 "Custom" 
0 ROTATION CONFIG 0 0
1 2 0 0 0 1 0 0 0 1 0 0 0 1 3030.dat
1 6 -40 -24 0 0 0 1 0 1 0 -1 0 0 3001.dat
1 6 -10 -24 10 0 0 1 0 1 0 -1 0 0 2357.dat
1 6 -30 -48 10 0 0 1 0 1 0 -1 0 0 2357.dat
1 6 -50 -96 10 0 0 1 0 1 0 -1 0 0 2357.dat
1 6 -30 -144 -10 0 0 -1 0 1 0 1 0 0 2357.dat
1 6 -50 -120 -10 1 0 0 0 1 0 0 0 1 2357.dat
1 6 -70 -24 10 -1 0 0 0 1 0 0 0 -1 2357.dat
1 6 -50 -48 10 -1 0 0 0 1 0 0 0 -1 2357.dat
1 6 -30 -72 10 -1 0 0 0 1 0 0 0 -1 2357.dat
1 2 -50 -72 -10 -0.707107 0 0.707107 0 1 0 -0.707107 0 -0.707107 30176.dat
1 2 -30 -96 -10 0.707107 0 0.707107 0 1 0 -0.707107 0 0.707107 30176.dat
1 2 -50 -144 10 -0.707107 0 -0.707107 0 1 0 0.707107 0 -0.707107 30176.dat
1 2 -30 -120 10 0.707107 0 -0.707107 0 1 0 0.707107 0 0.707107 30176.dat
1 0 -40 -152 10 -1 0 0 0 1 0 0 0 -1 3794.dat
1 0 -40 -152 -10 -1 0 0 0 1 0 0 0 -1 3794.dat
1 2 -40 -168 0 1 0 0 0 1 0 0 0 1 30239.dat
0 STEP
1 0 -250 -40 10 0 0 1 0 1 0 -1 0 0 3034.dat
1 0 -250 -8 40 1 0 0 0 1 0 0 0 1 3710.dat
1 0 -250 -72 80 -1 0 0 0 1 0 0 0 -1 3794.dat
1 0 -250 -80 -40 -1 0 0 0 1 0 0 0 -1 3794.dat
1 0 -260 -54 -206 -0.906307 0 0.422618 -0.422618 0 -0.906307 0 -1 0 2433.dat
1 0 -240 -54 -206 -0.906307 0 -0.422618 0.422618 0 -0.906307 0 -1 0 2433.dat
1 6 -240 -54 -228 -0.422618 0 -0.906307 -0.906307 0 0.422618 0 1 0 892.dat
1 6 -260 -54 -228 -0.422618 0 0.906307 0.906307 0 0.422618 0 1 0 892.dat
1 8 -250 -88 -40 0 0 1 0 1 0 -1 0 0 2555.dat
1 0 -250 -96 -40 1 0 0 0 0.707107 0.707107 0 -0.707107 0.707107 30031.dat
1 8 -250 -32 70 0 0 1 0 1 0 -1 0 0 3022.dat
1 8 -250 -32 40 1 0 0 0 1 0 0 0 1 3004.dat
1 8 -280 0 40 1 0 0 0 1 0 0 0 1 6120.dat
1 8 -220 0 40 1 0 0 0 1 0 0 0 1 6120.dat
1 8 -250 -48 70 0 0 1 0 1 0 -1 0 0 3022.dat
1 6 -250 -32 -70 0 0 1 0 1 0 -1 0 0 4032.dat
1 6 -250 -72 100 1 0 0 0 1 0 0 0 1 2399.dat
1 6 -250 -72 -10 -1 0 0 0 1 0 0 0 -1 4732.dat
1 6 -250 -80 -20 -1 0 0 0 1 0 0 0 -1 3039.dat
1 6 -250 -96 -60 1 0 0 0 1 0 0 0 1 3048.dat
1 8 -250 -40 -80 1 0 0 0 1 0 0 0 1 2540.dat
1 0 -250 -32 -100 0 0 -1 0 1 0 1 0 0 2555.dat
1 8 -250 -24 -100 0 0 -1 0 1 0 1 0 0 3062B.dat
1 8 -240 -64 -70 1 0 0 0 1 0 0 0 1 30359A.dat
1 8 -260 -64 -70 1 0 0 0 1 0 0 0 1 30359A.dat
1 7 -250 -56 0 -1 0 0 0 1 0 0 0 -1 3023.dat
1 8 -260 -56 -20 0 0 1 0 1 0 -1 0 0 4085C.dat
1 0 -282 -40 -20 -1 0 0 0 -1 0 0 0 1 4349.dat
1 8 -240 -56 -20 0 0 -1 0 1 0 1 0 0 4085C.dat
1 8 -250 -80 40 -1 0 0 0 1 0 0 0 -1 2412B.dat
1 8 -250 -72 80 1 0 0 0 1 0 0 0 1 2524.dat
1 0 -250 -86.591 15.19 0.999962 0.00797209 -0.0035494 -0.00872355 0.8949 -0.446182 -0.000380693 0.446196 0.894935 970.dat
1 15 -250.448 -136.922 -9.359 0.999962 0.00800276 -0.0034797 -0.00872355 0.898759 -0.438356 -0.000380693 0.43837 0.898795 30408.dat
1 14 -250.448 -136.922 -9.359 0.999962 0.00800276 -0.0034797 -0.00872355 0.898759 -0.438356 -0.000380693 0.43837 0.898795 3626BPSE.dat
1 15 -250.256 -115.354 1.162 0.999962 0.00800276 -0.0034797 -0.00872355 0.898759 -0.438356 -0.000380693 0.43837 0.898795 973PSE.dat
1 15 -234.793 -108.296 4.665 0.823225 0.46509 0.325566 -0.567172 0.698875 0.435765 -0.0248602 -0.543384 0.839117 3819.dat
1 0 -225.097 -102.217 -14.172 0.351289 0.934315 -0.0604201 -0.921311 0.333468 -0.19996 -0.166677 0.125909 0.977939 3820.dat
1 15 -265.591 -108.027 4.66 0.823225 -0.46509 -0.325566 0.567172 0.698875 0.435765 0.0248602 -0.543384 0.839117 3818.dat
1 0 -275.288 -101.948 -14.179 0.351289 -0.934315 0.0604201 0.921311 0.333469 -0.19996 0.166677 0.125909 0.977939 3820.dat
1 15 -250 -76 20 1 0 0 0 1 0 0 0 1 3817.dat
1 15 -250 -76 20 1 0 0 0 1 0 0 0 1 3816.dat
0 STEP
1 0 170 -40 -200 -1 0 0 0 1 0 0 0 -1 3034.dat
1 0 200 -8 -200 0 0 1 0 1 0 -1 0 0 3710.dat
1 0 240 -72 -200 0 0 -1 0 1 0 1 0 0 3794.dat
1 0 120 -80 -200 0 0 -1 0 1 0 1 0 0 3794.dat
1 0 -46 -54 -190 0 -1 0 -0.422618 0 -0.906307 0.906307 0 -0.422618 2433.dat
1 0 -46 -54 -210 0 -1 0 0.422618 0 -0.906307 0.906307 0 0.422618 2433.dat
1 6 -68 -54 -210 0 1 0 -0.906307 0 0.422618 0.422618 0 0.906307 892.dat
1 6 -68 -54 -190 0 1 0 0.906307 0 0.422618 0.422618 0 -0.906307 892.dat
1 8 120 -88 -200 -1 0 0 0 1 0 0 0 -1 2555.dat
1 0 120 -96 -200 0 -0.707107 0.707107 0 0.707107 0.707107 -1 0 0 30031.dat
1 8 230 -32 -200 -1 0 0 0 1 0 0 0 -1 3022.dat
1 8 200 -32 -200 0 0 1 0 1 0 -1 0 0 3004.dat
1 8 200 0 -170 0 0 1 0 1 0 -1 0 0 6120.dat
1 8 200 0 -230 0 0 1 0 1 0 -1 0 0 6120.dat
1 8 230 -48 -200 -1 0 0 0 1 0 0 0 -1 3022.dat
1 6 90 -32 -200 -1 0 0 0 1 0 0 0 -1 4032.dat
1 6 260 -72 -200 0 0 1 0 1 0 -1 0 0 2399.dat
1 6 150 -72 -200 0 0 -1 0 1 0 1 0 0 4732.dat
1 6 140 -80 -200 0 0 -1 0 1 0 1 0 0 3039.dat
1 6 100 -96 -200 0 0 1 0 1 0 -1 0 0 3048.dat
1 8 80 -40 -200 0 0 1 0 1 0 -1 0 0 2540.dat
1 0 60 -32 -200 1 0 0 0 1 0 0 0 1 2555.dat
1 8 60 -24 -200 1 0 0 0 1 0 0 0 1 3062B.dat
1 8 90 -64 -210 0 0 1 0 1 0 -1 0 0 30359A.dat
1 8 90 -64 -190 0 0 1 0 1 0 -1 0 0 30359A.dat
1 7 160 -56 -200 0 0 -1 0 1 0 1 0 0 3023.dat
1 8 140 -56 -190 -1 0 0 0 1 0 0 0 -1 4085C.dat
1 0 140 -40 -168 0 0 1 0 -1 0 1 0 0 4349.dat
1 8 140 -56 -210 1 0 0 0 1 0 0 0 1 4085C.dat
1 8 200 -80 -200 0 0 -1 0 1 0 1 0 0 2412B.dat
1 8 240 -72 -200 0 0 1 0 1 0 -1 0 0 2524.dat
1 0 175.19 -86.591 -200 -0.000380693 0.446196 0.894935 -0.00872355 0.8949 -0.446182 -0.999962 -0.00797209 0.0035494 970.dat
1 15 150.641 -136.922 -199.552 -0.000380693 0.43837 0.898795 -0.00872355 0.898759 -0.438356 -0.999962 -0.00800276 0.0034797 30408.dat
1 14 150.641 -136.922 -199.552 -0.000380693 0.43837 0.898795 -0.00872355 0.898759 -0.438356 -0.999962 -0.00800276 0.0034797 3626BPSE.dat
1 15 161.162 -115.354 -199.744 -0.000380693 0.43837 0.898795 -0.00872355 0.898759 -0.438356 -0.999962 -0.00800276 0.0034797 973PSE.dat
1 15 164.665 -108.296 -215.207 -0.0248602 -0.543384 0.839117 -0.567172 0.698875 0.435765 -0.823225 -0.46509 -0.325566 3819.dat
1 0 145.828 -102.217 -224.903 -0.166677 0.125909 0.977939 -0.921311 0.333468 -0.19996 -0.351289 -0.934315 0.0604201 3820.dat
1 15 164.66 -108.027 -184.409 0.0248602 -0.543384 0.839117 0.567172 0.698875 0.435765 -0.823225 0.46509 0.325566 3818.dat
1 0 145.821 -101.948 -174.712 0.166677 0.125909 0.977939 0.921311 0.333469 -0.19996 -0.351289 0.934315 -0.0604201 3820.dat
1 15 180 -76 -200 0 0 1 0 1 0 -1 0 0 3817.dat
1 15 180 -76 -200 0 0 1 0 1 0 -1 0 0 3816.dat
0 STEP
1 19 97.0015 -88 -77.556 0.707107 0 0.707107 0 1 0 -0.707107 0 0.707107 3901.dat
1 14 97.0015 -88 -77.556 0.707107 0 0.707107 0 1 0 -0.707107 0 0.707107 3626BPS3.dat
1 148 97.0015 -64 -77.556 0.707107 0 0.707107 0 1 0 -0.707107 0 0.707107 973PSM.dat
1 0 107.891 -56 -88.4454 0.696808 0.120247 0.707107 -0.170055 0.985435 0 -0.696808 -0.120247 0.707107 3819.dat
1 14 106.589 -38.127 -101.285 0.696808 0.585027 0.414973 -0.170055 0.696808 -0.696808 -0.696808 0.414973 0.585027 3820.dat
1 0 86.1121 -56 -66.6665 0.696808 -0.585027 0.414973 0.170055 0.696808 0.696808 -0.696808 -0.414973 0.585027 3818.dat
1 0 67.3628 -50.579 -76.9172 0.696808 -0.120247 0.707107 0.170055 0.985435 0 -0.696808 0.120247 0.707107 3820.dat
1 42 58.9545 -69.6161 -89.9715 0.658478 0.066863 0.749624 0.18317 0.951857 -0.2458 -0.72997 0.299162 0.614529 577C01.dat
1 0 97.0015 -32 -77.556 0.707107 0 0.707107 0 1 0 -0.707107 0 0.707107 970.dat
1 0 97.0015 -20 -77.556 0.707107 0 0.707107 0 1 0 -0.707107 0 0.707107 3817.dat
1 0 97.0015 -20 -77.556 0.707107 0 0.707107 0 1 0 -0.707107 0 0.707107 3816.dat
0 STEP
0
