0 FILE Desert Skiff.ldr
0 Desert Skiff
0 Name: Desert Skiff.ldr
0 Author: LDraw
0 Unofficial Model
0 ROTATION CENTER 119.858 -29.9633 -50 1 "Custom" 
0 ROTATION CONFIG 0 0
1 19 -10 8 0 1 0 0 0 1 0 0 0 1 3832.dat
1 19 -90 16 0 1 0 0 0 1 0 0 0 1 3941.dat
1 19 -230 -32 -100 1 0 0 0 1 0 0 0 1 Luke Skywalker.ldr
1 19 -140 -32 -100 1 0 0 0 1 0 0 0 1 Han Solo.ldr
1 19 90 16 0 1 0 0 0 1 0 0 0 1 3941.dat
1 1 0 0 0 0 0 -1 0 1 0 1 0 0 3023.dat
1 6 -50 0 0 -1 0 0 0 1 0 0 0 -1 3020.dat
1 6 -10 -48 0 -1 0 0 0 1 0 0 0 -1 3001.dat
1 6 -150 -56 0 0 0 1 0 1 0 -1 0 0 6152.dat
1 6 -10 -8 0 0 0 1 0 1 0 -1 0 0 3020.dat
1 8 -80 -16 -40 0 0 1 0 1 0 -1 0 0 4162.dat
1 8 -90 -24 0 1 0 0 0 1 0 0 0 1 3035.dat
1 8 70 -24 0 1 0 0 0 1 0 0 0 1 3035.dat
1 7 130 -48 30 1 0 0 0 1 0 0 0 1 3004.dat
1 7 80 -48 0 0 0 -1 0 1 0 1 0 0 3004.dat
1 7 80 -64 0 -1 0 0 0 1 0 0 0 -1 2555.dat
1 8 110 -72 -30 -1 0 0 0 1 0 0 0 -1 4865a.dat
1 8 110 -72 30 1 0 0 0 1 0 0 0 1 4865a.dat
1 8 140 -72 -10 1 0 0 0 1 0 0 0 1 3063b.dat
1 8 140 -72 10 0 0 -1 0 1 0 1 0 0 3063b.dat
1 8 80 -56 0 0 0 -1 0 1 0 1 0 0 3794a.dat
1 7 130 -48 -30 1 0 0 0 1 0 0 0 1 3004.dat
1 19 110 -24 -50 1 0 0 0 1 0 0 0 1 30383.dat
1 19 110 -24 50 1 0 0 0 1 0 0 0 1 30383.dat
1 6 -70 -8 0 -1 0 0 0 1 0 0 0 -1 3020.dat
1 6 -10 -16 30 -1 0 0 0 1 0 0 0 -1 6583.dat
1 6 -10 -16 -30 1 0 0 0 1 0 0 0 1 6583.dat
1 6 100 -48 -30 1 0 0 0 1 0 0 0 1 3040b.dat
1 6 100 -48 30 -1 0 0 0 1 0 0 0 -1 3040b.dat
1 0 70 -16 0 1 0 0 0 1 0 0 0 1 2456.dat
1 0 110 -16 -30 1 0 0 0 1 0 0 0 1 3660.dat
1 0 140 -48 0 0 0 -1 0 1 0 1 0 0 3660.dat
1 0 80 -70 0 0 0 1 0 1 0 -1 0 0 30031.dat
1 0 110 -16 30 -1 0 0 0 1 0 0 0 -1 3660.dat
1 0 -100 -16 0 0 0 1 0 1 0 -1 0 0 4855.dat
1 19 110 8 0 0 0 -1 0 1 0 1 0 0 3020.dat
1 19 175.087 -88.073 50 -0.707107 0.707107 0 0.707107 0.707107 0 0 0 -1 Side 1.ldr
1 19 104.376 -17.362 -50 0.707107 0.707107 0 -0.707107 0.707107 0 0 0 1 Side 2.ldr
0
0 FILE Luke Skywalker.ldr
0 Luke Skywalker
0 Name: Luke Skywalker.ldr
0 Author: LDraw
0 Unofficial Model
0 ROTATION CENTER 0 0 0 1 "Custom" 
0 ROTATION CONFIG 0 0
1 19 0 -24 0 1 0 0 0 1 0 0 0 1 3901.dat
1 14 0 -24 0 1 0 0 0 1 0 0 0 1 3626bps2.dat
1 0 0 0 0 1 0 0 0 1 0 0 0 1 973ps2.dat
1 0 0 32 0 1 0 0 0 1 0 0 0 1 3815.dat
1 0 -15.552 9 0 0.985 -0.17 0 0.17 0.985 0 0 0 1 3818.dat
1 0 15.552 9 0 0.985 0.17 0 -0.17 0.985 0 0 0 1 3819.dat
1 14 -23.8634 26.5956 -10.321 0.985 -0.12019 0.12019 0.17 0.696395 -0.696395 0 0.707 0.707 3820.dat
1 14 23.8634 26.5956 -10.321 0.985 0.12019 -0.12019 -0.17 0.696395 -0.696395 0 0.707 0.707 3820.dat
1 42 -23.1951 22.7236 -33.8217 0.985 -0.0874983 0.14567 0.17 0.506976 -0.844031 0 0.856884 0.514696 577bc01.dat
1 0 0 44 0 1 0 0 0 1 0 0 0 1 3816.dat
1 0 0 44 0 1 0 0 0 1 0 0 0 1 3817.dat
0
0 FILE Han Solo.ldr
0 Han Solo
0 Name: Han Solo.ldr
0 Author: LDraw
0 Unofficial Model
0 ROTATION CENTER 0 0 0 1 "Custom" 
0 ROTATION CONFIG 0 0
1 6 0 -24 0 1 0 0 0 1 0 0 0 1 3901.dat
1 14 0 -24 0 1 0 0 0 1 0 0 0 1 3626bps5.dat
1 15 0 0 0 1 0 0 0 1 0 0 0 1 973ps4.dat
1 6 0 32 0 1 0 0 0 1 0 0 0 1 3815.dat
1 15 -15.552 9 0 0.985 -0.17 0 0.17 0.985 0 0 0 1 3818.dat
1 15 15.552 9 0 0.985 0.17 0 -0.17 0.985 0 0 0 1 3819.dat
1 14 -23.8634 26.5956 -10.321 0.985 -0.12019 0.12019 0.17 0.696395 -0.696395 0 0.707 0.707 3820.dat
1 14 23.8634 26.5956 -10.321 0.985 0.12019 -0.12019 -0.17 0.696395 -0.696395 0 0.707 0.707 3820.dat
1 6 0 44 0 1 0 0 0 1 0 0 0 1 3816.dat
1 6 0 44 0 1 0 0 0 1 0 0 0 1 3817.dat
1 0 -21.4451 12.5841 -50.9594 0.985 -0.0874983 0.14567 0.17 0.506976 -0.844031 0 0.856884 0.514696 4497.dat
0
0 FILE Side 1.ldr
0 Side 1
0 Name: Side 1.ldr
0 Author: LDraw
0 Unofficial Model
0 ROTATION CENTER 0 0 0 1 "Custom" 
0 ROTATION CONFIG 0 0
1 0 50 -8 0 1 0 0 0 1 0 0 0 1 30365.dat
1 6 50 -16 0 1 0 0 0 1 0 0 0 1 2436a.dat
1 6 50 14 -22 1 0 0 0 0 -1 0 1 0 2419.dat
1 7 0 -6 -30 0 0 1 1 0 0 0 1 0 2555.dat
1 8 -10 -6 -36 0 -1 0 1 0 0 0 0 1 2569.dat
0
0 FILE Side 2.ldr
0 Side 2
0 Name: Side 2.ldr
0 Author: LDraw
0 Unofficial Model
0 ROTATION CENTER 0 0 0 1 "Custom" 
0 ROTATION CONFIG 0 0
1 0 50 -8 0 -1 0 0 0 1 0 0 0 -1 30365.dat
1 6 50 -16 0 1 0 0 0 1 0 0 0 1 2436a.dat
1 6 50 14 -22 1 0 0 0 0 -1 0 1 0 2419.dat
1 7 100 -6 -30 0 0 -1 -1 0 0 0 1 0 2555.dat
1 8 110 -6 -36 0 1 0 -1 0 0 0 0 1 2569.dat
0
0
