0 FILE Untitled.ldr
0 Untitled
0 Name: Untitled.ldr
0 Author: R Paluczak
0 Unofficial Model
0 ROTATION CENTER 0 0 0 1 "Custom" 
0 ROTATION CONFIG 0 0
1 0 -384 80 -165 0 0 1 0 1 0 -1 0 0 Buzz Droid.ldr
1 0 10 -27 0 0 0 1 0 1 0 -1 0 0 Tri-Droid Fighter.ldr
0
0 FILE Buzz Droid.ldr
0 Buzz Droid
0 Name: Buzz Droid.ldr
0 Author: R Paluczak
0 Unofficial Model
0 ROTATION CENTER 0 0 0 1 "Custom" 
0 ROTATION CONFIG 0 0
1 72 -50 12 0 1 0 0 0 1 0 0 0 1 30376.dat
1 72 -50 -23.16 -67.419 1 0 0 0 -0.707107 -0.707107 0 0.707107 -0.707107 30194.dat
1 71 -50 -46.583 5.063 1 0 0 0 0.34202 -0.939693 0 0.939693 0.34202 2540.dat
1 71 -49.971 -51.02 -12.477 0 -0.529919 0.848048 -0.34202 0.796904 0.497961 -0.939693 -0.290049 -0.181243 32015.dat
1 4 -23.939 -66.177 -6.961 0.819152 -0.573577 0 -0.538986 -0.769751 -0.34202 0.196175 0.280166 -0.939693 32062.dat
1 4 -73.958 -65.103 -7.352 -0.848048 -0.529919 0 -0.497961 0.796904 -0.34202 0.181243 -0.290049 -0.939693 32062.dat
1 72 -50 -49.32 -2.456 1 0 0 0 0.34202 -0.939693 0 0.939693 0.34202 3794b.dat
1 72 -95.936 -78.008 -2.654 -0.529919 0.848048 0 0.796904 0.497961 -0.34202 -0.290049 -0.181243 -0.939693 30367c.dat
1 72 -6.115 -80.8 -1.638 -0.587785 -0.809017 0 -0.760227 0.552337 -0.34202 0.2767 -0.201034 -0.939693 30367c.dat
1 72 -50 -56.194 -21.342 0 0 1 -0.939693 -0.34202 0 0.34202 -0.939693 0 3794b.dat
1 71 -50 -49.531 -32.28 -1 0 0 0 -0.34202 -0.939693 0 -0.939693 0.34202 4085c.dat
1 38 -50 -52.268 -39.799 -1 0 0 0 -0.34202 -0.939693 0 -0.939693 0.34202 4073.dat
1 38 -50 -68.327 -25.441 -1 0 0 0 -0.34202 -0.939693 0 -0.939693 0.34202 4073.dat
0 
0 
0 
0 
0 
0
0 FILE Tri-Droid Fighter.ldr
0 Tri-Droid Fighter
0 Name: Tri-Droid Fighter.ldr
0 Author: R Paluczak
0 Unofficial Model
0 ROTATION CENTER 0 246.203 40.063 1 "Custom" 
0 ROTATION CONFIG 0 0
1 272 0 32 0 -1 0 0 0 0 -1 0 -1 0 32125.dat
1 272 0 32.1 -225.499 1 0 0 0 0 -1 0 1 0 32125.dat
1 71 0 32.102 -245.2 1 0 0 0 0 -1 0 1 0 4032b.dat
1 71 0 32.099 -367.6 1 0 0 0 0 -1 0 1 0 30374.dat
1 72 0 32.099 -293.2 1 0 0 0 0 -1 0 1 0 3942c.dat
1 0 26.239 47.151 -233.201 0.866025 0 0.5 0.5 0 -0.866025 0 1 0 30383.dat
1 0 56.588 64.671 -258.445 0.484275 -0.717968 -0.5 0.279596 -0.414519 0.866025 -0.829038 -0.559193 0 30383.dat
1 272 50.842 61.355 -262.919 -0.484275 -0.717968 0.5 -0.279596 -0.414519 -0.866025 0.829038 -0.559193 0 44302.dat
1 272 -0.001 12 -44.001 1 0 0 0 0 -1 0 1 0 2476a.dat
1 272 -0.001 52 -44 1 0 0 0 0 -1 0 1 0 2476a.dat
1 71 -10 32 -52 0 0 -1 -1 0 0 0 1 0 44822.dat
1 71 10 32 -52 0 0 -1 -1 0 0 0 1 0 44822.dat
1 40 10 32.001 -58 0 0 -1 -1 0 0 0 1 0 50747.dat
1 40 -10 32.001 -58 0 0 1 1 0 0 0 1 0 50747.dat
1 72 0 32 37.3 0 0 -1 1 0 0 0 -1 0 4589.dat
1 71 0 32 -6.7 0 0 -1 0 -1 0 -1 0 0 4519.dat
1 72 0 32.001 -245.399 0 0 -1 0 1 0 1 0 0 6587.dat
1 71 -0.029 31.154 -205.401 0 0.529919 -0.848048 0 0.848047 0.529919 1 0 0 32015.dat
1 4 -24.96 14.126 -205.398 -0.819152 0.573577 0 -0.573577 -0.819152 0 0 0 1 32062.dat
1 4 23.96 16.167 -205.4 0.848048 0.529919 0 -0.529919 0.848047 0 0 0 1 32062.dat
1 36 -32.662 7.876 -205.402 0.573576 0.819152 0 -0.819152 0.573576 0 0 0 1 41669.dat
1 36 33.938 9.777 -205.402 0.529919 -0.848047 0 0.848048 0.529919 0 0 0 1 41669.dat
1 272 43.301 57.001 -8.001 0.866025 0 -0.5 0.5 0 0.866025 0 -1 0 44302.dat
1 272 88.116 62.089 -41.086 0.612372 -0.5 0.612372 0.353553 0.866025 0.353553 -0.707107 0 0.707107 3068b.dat
1 272 113.711 76.866 -85.443 0.324419 -0.5 0.802965 0.187303 0.866025 0.463592 -0.927184 0 0.374607 51739.dat
1 272 95.763 107.956 -85.442 -0.324419 0.5 0.802965 -0.187303 -0.866025 0.463592 0.927184 0 0.374607 51739.dat
1 0 43.301 57 -16 0.866025 0 -0.5 0.5 0 0.866025 0 -1 0 32529.dat
1 379 93.815 86.163 -24.116 -0.612372 -0.612372 0.5 -0.353553 -0.353553 -0.866025 0.707107 -0.707107 0 30386.dat
1 379 79.119 77.679 -41.086 -0.612372 -0.612372 0.5 -0.353553 -0.353553 -0.866025 0.707107 -0.707107 0 52107.dat
1 379 43.301 57.001 31.999 -0.866025 0 0.5 -0.5 0 -0.866025 0 -1 0 52107.dat
1 72 43.301 57 40 -0.866025 0 0.5 -0.5 0 -0.866025 0 -1 0 3794b.dat
1 38 43.301 57.001 48 -0.866025 0 0.5 -0.5 0 -0.866025 0 -1 0 4740.dat
0 MLCAD HIDE 1 379 56.39 34.532 -17.999 -0.866025 -0.5 0 -0.5 0.866025 0 0 0 -1 47456.dat
1 379 30.388 79.568 -18.001 0.866025 0.5 0 0.5 -0.866025 0 0 0 -1 47456.dat
1 71 34.641 52 8 -0.866025 0 0.5 -0.5 0 -0.866025 0 -1 0 3623.dat
1 72 51.962 62 0 -0.866025 0 0.5 -0.5 0 -0.866025 0 -1 0 4073.dat
1 272 70.066 93.355 -41.086 -0.612372 0.5 0.612372 -0.353553 -0.866025 0.353553 0.707107 0 0.707107 3068b.dat
1 379 85.584 60.629 -233.592 -0.622967 -0.5 0.601592 -0.35967 0.866025 0.347329 -0.694658 0 -0.71934 3068b.dat
1 379 91.022 84.553 -250.857 0.622967 -0.601592 0.5 0.35967 -0.347329 -0.866025 0.694658 0.71934 0 30386.dat
1 379 76.585 76.216 -233.593 0.622967 -0.601592 0.5 0.35967 -0.347329 -0.866025 0.694658 0.71934 0 52107.dat
1 379 67.534 91.89 -233.593 0.622967 0.5 0.601592 0.35967 -0.866025 0.347329 0.694658 0 -0.71934 3068b.dat
1 0 122.085 81.702 -137.779 -0.0151142 -0.5 0.865894 -0.0087262 0.866025 0.499924 -0.999848 0 -0.0174524 3068b.dat
1 0 104.032 112.966 -137.779 0.0151142 0.5 0.865894 0.0087262 -0.866025 0.499924 0.999848 0 -0.0174524 3068b.dat
1 379 123.903 103.534 -76.489 -0.324419 -0.802965 0.5 -0.187303 -0.463592 -0.866025 0.927184 -0.374607 0 30386.dat
1 379 104.631 92.407 -85.48 -0.324419 -0.802965 0.5 -0.187303 -0.463592 -0.866025 0.927184 -0.374607 0 52107.dat
1 379 112.258 76.028 -189.784 -0.352244 -0.5 0.791154 -0.203368 0.866025 0.456773 -0.913545 0 -0.406737 51739.dat
1 379 94.308 107.121 -189.785 0.352244 0.5 0.791154 0.203368 -0.866025 0.456773 0.913545 0 -0.406737 51739.dat
1 379 122.168 102.534 -199.506 0.352244 -0.791154 0.5 0.203368 -0.456773 -0.866025 0.913545 0.406737 0 30386.dat
1 379 103.18 91.571 -189.744 0.352244 -0.791154 0.5 0.203368 -0.456773 -0.866025 0.913545 0.406737 0 52107.dat
1 0 133.867 109.289 -138.195 0.0151142 -0.865894 0.5 0.0087262 -0.499924 -0.866025 0.999848 0.0174524 0 30386.dat
1 72 140.944 113.376 -128.337 -0.5 -0.865894 0.0151142 0.866025 -0.499924 0.0087262 0 0.0174524 0.999848 2555.dat
1 72 146.257 116.438 -120.441 -0.5 -0.0151142 -0.865894 0.866025 -0.0087262 -0.499924 0 -0.999848 0.0174524 30374.dat
1 36 145.107 115.778 -196.43 0.5 0.0151142 -0.865894 -0.866025 0.0087262 -0.499924 0 0.999848 0.0174524 4589.dat
1 0 113.086 97.288 -137.779 0.0151142 -0.865894 0.5 0.0087262 -0.499924 -0.866025 0.999848 0.0174524 0 52107.dat
1 0 -26.241 47.149 -233.2 -0.866025 0 0.5 0.5 0 0.866025 0 1 0 30383.dat
1 0 -56.588 64.671 -258.445 -0.484275 0.717968 -0.5 0.279596 -0.414519 -0.866025 -0.829038 -0.559193 0 30383.dat
1 272 -50.845 61.354 -262.919 0.484275 0.717968 0.5 -0.279596 -0.414519 0.866025 0.829038 -0.559193 0 44302.dat
1 272 -43.301 57.001 -8.001 -0.866025 0 -0.5 0.5 0 -0.866025 0 -1 0 44302.dat
1 272 -70.117 93.268 -41.087 -0.612372 -0.5 -0.612372 0.353553 -0.866025 0.353553 -0.707107 0 0.707107 3068b.dat
1 272 -95.711 108.044 -85.444 -0.324419 -0.5 -0.802965 0.187303 -0.866025 0.463592 -0.927184 0 0.374607 51739.dat
1 272 -113.661 76.953 -85.445 0.324419 0.5 -0.802965 -0.187303 0.866025 0.463592 0.927184 0 0.374607 51739.dat
1 0 -43.301 57 -16 -0.866025 0 -0.5 0.5 0 -0.866025 0 -1 0 32529.dat
1 379 -93.815 86.163 -24.116 0.612372 0.612372 0.5 -0.353553 -0.353553 0.866025 0.707107 -0.707107 0 30386.dat
1 379 -79.119 77.679 -41.086 0.612372 0.612372 0.5 -0.353553 -0.353553 0.866025 0.707107 -0.707107 0 52107.dat
1 379 -43.301 57.001 31.999 0.866025 0 0.5 -0.5 0 0.866025 0 -1 0 52107.dat
1 72 -43.301 57 40 0.866025 0 0.5 -0.5 0 0.866025 0 -1 0 3794b.dat
1 38 -43.301 57.001 48 0.866025 0 0.5 -0.5 0 0.866025 0 -1 0 4740.dat
1 379 -30.387 79.568 -18 0.866025 -0.5 0 -0.5 -0.866025 0 0 0 -1 47456.dat
0 MLCAD HIDE 1 379 -56.389 34.532 -18 -0.866025 0.5 0 0.5 0.866025 0 0 0 -1 47456.dat
1 71 -34.641 52 8 0.866025 0 0.5 -0.5 0 0.866025 0 -1 0 3623.dat
1 72 -51.962 62 0 0.866025 0 0.5 -0.5 0 0.866025 0 -1 0 4073.dat
1 272 -88.169 62.003 -41.087 0.612372 0.5 -0.612372 -0.353553 0.866025 0.353553 0.707107 0 0.707107 3068b.dat
1 379 -67.584 91.803 -233.592 0.622967 -0.5 -0.601592 -0.35967 -0.866025 0.347329 -0.694658 0 -0.71934 3068b.dat
1 379 -91.024 84.552 -250.856 -0.622967 0.601592 0.5 0.35967 -0.347329 0.866025 0.694658 0.71934 0 30386.dat
1 379 -76.585 76.216 -233.593 -0.622967 0.601592 0.5 0.35967 -0.347329 0.866025 0.694658 0.71934 0 52107.dat
1 379 -85.634 60.541 -233.593 -0.622967 0.5 -0.601592 0.35967 0.866025 0.347329 0.694658 0 -0.71934 3068b.dat
1 0 -104.086 112.877 -137.779 0.0151142 -0.5 -0.865894 -0.0087262 -0.866025 0.499924 -0.999848 0 -0.0174524 3068b.dat
1 0 -122.135 81.613 -137.78 -0.0151142 0.5 -0.865894 0.0087262 0.866025 0.499924 0.999848 0 -0.0174524 3068b.dat
1 379 -123.903 103.534 -76.489 0.324419 0.802965 0.5 -0.187303 -0.463592 0.866025 0.927184 -0.374607 0 30386.dat
1 379 -104.631 92.407 -85.48 0.324419 0.802965 0.5 -0.187303 -0.463592 0.866025 0.927184 -0.374607 0 52107.dat
1 379 -94.259 107.205 -189.784 0.352244 -0.5 -0.791154 -0.203368 -0.866025 0.456773 -0.913545 0 -0.406737 51739.dat
1 379 -112.211 76.114 -189.784 -0.352244 0.5 -0.791154 0.203368 0.866025 0.456773 0.913545 0 -0.406737 51739.dat
1 379 -122.168 102.534 -199.506 -0.352244 0.791154 0.5 0.203368 -0.456773 0.866025 0.913545 0.406737 0 30386.dat
1 379 -103.18 91.571 -189.744 -0.352244 0.791154 0.5 0.203368 -0.456773 0.866025 0.913545 0.406737 0 52107.dat
1 0 -133.867 109.289 -138.195 -0.0151142 0.865894 0.5 0.0087262 -0.499924 0.866025 0.999848 0.0174524 0 30386.dat
1 72 -140.943 113.373 -128.336 -0.5 0.865894 -0.0151142 -0.866025 -0.499924 0.0087262 0 0.0174524 0.999848 2555.dat
1 72 -146.257 116.443 -120.441 -0.5 0.0151142 0.865894 -0.866025 -0.0087262 -0.499924 0 -0.999848 0.0174524 30374.dat
1 36 -145.107 115.777 -196.429 0.5 -0.0151142 0.865894 0.866025 0.0087262 -0.499924 0 0.999848 0.0174524 4589.dat
1 0 -113.086 97.29 -137.778 -0.0151142 0.865894 0.5 0.0087262 -0.499924 0.866025 0.999848 0.0174524 0 52107.dat
1 0 0 1.699 -233.201 0 0 -1 -1 0 0 0 1 0 30383.dat
1 0 0 -33.341 -258.445 0 0 1 -0.559193 0.829038 0 -0.829038 -0.559193 0 30383.dat
1 272 0 -26.711 -262.92 0 0 -1 0.559193 0.829038 0 0.829038 -0.559193 0 44302.dat
1 272 0 -18 -8 0 0 1 -1 0 0 0 -1 0 44302.dat
1 272 -18 -59.356 -41.086 0 1 0 -0.707107 0 -0.707107 -0.707107 0 0.707107 3068b.dat
1 272 -18 -88.911 -85.443 0 1 0 -0.374607 0 -0.927184 -0.927184 0 0.374607 51739.dat
1 272 17.9 -88.911 -85.443 0 -1 0 0.374607 0 -0.927184 0.927184 0 0.374607 51739.dat
1 0 0 -18 -16.001 0 0 1 -1 0 0 0 -1 0 32529.dat
1 379 0 -76.328 -24.116 0 0 -1 0.707107 0.707107 0 0.707107 -0.707107 0 30386.dat
1 379 0 -59.356 -41.086 0 0 -1 0.707107 0.707107 0 0.707107 -0.707107 0 52107.dat
1 379 0 -18.001 32.001 0 0 -1 1 0 0 0 -1 0 52107.dat
1 72 0 -17.999 39.999 0 0 -1 1 0 0 0 -1 0 3794b.dat
1 38 0 -18.001 48 0 0 -1 1 0 0 0 -1 0 4740.dat
1 379 -26 -18.1 -18 0 1 0 1 0 0 0 0 -1 47456.dat
1 379 26 -18.1 -18 0 -1 0 -1 0 0 0 0 -1 47456.dat
1 71 0 -8.002 8 0 0 -1 1 0 0 0 -1 0 3623.dat
1 72 0 -28 0 0 0 -1 1 0 0 0 -1 0 4073.dat
1 272 18.1 -59.356 -41.086 0 -1 0 0.707107 0 -0.707107 0.707107 0 0.707107 3068b.dat
1 379 -18 -56.432 -233.591 0 1 0 0.71934 0 -0.694658 -0.694658 0 -0.71934 3068b.dat
1 379 0 -73.104 -250.857 0 0 -1 -0.71934 0.694658 0 0.694658 0.71934 0 30386.dat
1 379 0 -56.432 -233.591 0 0 -1 -0.71934 0.694658 0 0.694658 0.71934 0 52107.dat
1 379 18.1 -56.432 -233.591 0 -1 0 -0.71934 0 -0.694658 0.694658 0 -0.71934 3068b.dat
1 0 -18 -98.579 -137.78 0 1 0 0.0174524 0 -0.999848 -0.999848 0 -0.0174524 3068b.dat
1 0 18.1 -98.579 -137.78 0 -1 0 -0.0174524 0 -0.999848 0.999848 0 -0.0174524 3068b.dat
1 379 0 -111.069 -76.488 0 0 -1 0.374607 0.927184 0 0.927184 -0.374607 0 30386.dat
1 379 0 -88.82 -85.481 0 0 -1 0.374607 0.927184 0 0.927184 -0.374607 0 52107.dat
1 379 -18 -87.235 -189.785 0 1 0 0.406737 0 -0.913545 -0.913545 0 -0.406737 51739.dat
1 379 17.9 -87.235 -189.785 0 -1 0 -0.406737 0 -0.913545 0.913545 0 -0.406737 51739.dat
1 272 -124.292 73.836 -193.754 -0.352244 0.5 -0.791154 0.203368 0.866025 0.456773 0.913545 0 -0.406737 3069bps8.dat
1 272 -98.19 119.041 -193.754 -0.352244 -0.5 0.791154 0.203368 -0.866025 -0.456773 0.913545 0 0.406737 3069b.dat
1 272 26 -96.407 -193.754 0 -1 0 -0.406737 0 -0.913545 0.913545 0 -0.406737 3069bps8.dat
1 272 -26.2 -96.406 -193.754 0 1 0 -0.406737 0 0.913545 0.913545 0 0.406737 3069bps8.dat
1 272 98.29 118.869 -193.755 0.352244 0.5 0.791154 0.203368 -0.866025 0.456773 0.913545 0 -0.406737 3069b.dat
1 272 124.39 73.664 -193.756 0.352244 -0.5 -0.791154 0.203368 0.866025 -0.456773 0.913545 0 0.406737 3069bps8.dat
1 379 0 -109.068 -199.506 0 0 -1 -0.406737 0.913545 0 0.913545 0.406737 0 30386.dat
1 379 0 -87.143 -189.745 0 0 -1 -0.406737 0.913545 0 0.913545 0.406737 0 52107.dat
1 0 0 -122.576 -138.195 0 0 -1 -0.0174524 0.999848 0 0.999848 0.0174524 0 30386.dat
1 72 0 -130.745 -128.338 1 0 0 0 0.999848 -0.0174524 0 0.0174524 0.999848 2555.dat
1 72 0 -136.884 -120.441 1 0 0 0 0.0174524 0.999848 0 -0.999848 0.0174524 30374.dat
1 36 0 -135.555 -196.429 -1 0 0 0 -0.0174524 0.999848 0 0.999848 0.0174524 4589.dat
1 36 0 34.444 -364.429 -1 0 0 0 -0.0174524 0.999848 0 0.999848 0.0174524 4589.dat
1 0 0 -98.579 -137.78 0 0 -1 -0.0174524 0.999848 0 0.999848 0.0174524 0 52107.dat
1 71 0 32 -22 -1 0 0 0 -1 0 0 0 1 4185.dat
1 71 0 32.001 -31.901 -1 0 0 0 -1 0 0 0 1 4185.dat
1 19 0 32 -12 -1 0 0 0 -1 0 0 0 1 32123b.dat
1 19 0 32 8 -1 0 0 0 -1 0 0 0 1 32123b.dat
0 
0
0
