0 FILE Snowspeeder.ldr
0 Snowspeeder
0 Name: Snowspeeder.ldr
0 Author: LDraw
0 Unofficial Model
0 ROTATION CENTER 0 0 0 1 "Custom" 
0 ROTATION CONFIG 0 0
1 0 -463.129 -16 240.331 0 0 1 0 1 0 -1 0 0 Snowtrooper.ldr
1 0 -463.129 -16 140.331 0 0 1 0 1 0 -1 0 0 Luke.ldr
1 0 -463.129 -16 30.331 0 0 1 0 1 0 -1 0 0 Dack.ldr
1 0 -413.129 8 420.331 1 0 0 0 1 0 0 0 1 Part 1.ldr
1 0 -156.399 -132.095 222.73 0.92388 0.146447 0.353553 0 0.92388 -0.382683 -0.382684 0.353553 0.853553 Part 2.ldr
0
0 FILE Dack.ldr
0 Dack
0 Name: Dack.ldr
0 Author: LDraw
0 Unofficial Model
0 ROTATION CENTER 0 0 0 1 "Custom" 
0 ROTATION CONFIG 0 0
1 15 0 -24 0 1 0 0 0 1 0 0 0 1 30370ps3.dat
1 78 0 -24 0 1 0 0 0 1 0 0 0 1 3626bp01.dat
1 25 0 0 0 1 0 0 0 1 0 0 0 1 973pr8.dat
1 71 0 32 0 1 0 0 0 1 0 0 0 1 3815.dat
1 25 -15.552 9 0 0.985 -0.17 0 0.17 0.985 0 0 0 1 3818.dat
1 25 15.552 9 0 0.985 0.17 0 -0.17 0.985 0 0 0 1 3819.dat
1 15 -23.8634 26.5956 -10.321 0.985 -0.12019 0.12019 0.17 0.696395 -0.696395 0 0.707 0.707 3820.dat
1 15 23.8634 26.5956 -10.321 0.985 0.12019 -0.12019 -0.17 0.696395 -0.696395 0 0.707 0.707 3820.dat
1 25 0 44 0 1 0 0 0 1 0 0 0 1 3816.dat
1 25 0 44 0 1 0 0 0 1 0 0 0 1 3817.dat
1 0 -26 36 -14 -0.152242 -0.0835228 0.984808 0.863407 0.473681 0.173648 -0.480989 0.876727 0 92738.dat
0
0 FILE Luke.ldr
0 Luke
0 Name: Luke.ldr
0 Author: LDraw
0 Unofficial Model
0 ROTATION CENTER 0 0 0 1 "Custom" 
0 ROTATION CONFIG 0 0
1 15 0 -24 0 1 0 0 0 1 0 0 0 1 30370ps2.dat
1 78 0 -24 0 1 0 0 0 1 0 0 0 1 3626bp01.dat
1 25 0 0 0 1 0 0 0 1 0 0 0 1 973pr8.dat
1 71 0 32 0 1 0 0 0 1 0 0 0 1 3815.dat
1 25 -15.552 9 0 0.985 -0.17 0 0.17 0.985 0 0 0 1 3818.dat
1 25 15.552 9 0 0.985 0.17 0 -0.17 0.985 0 0 0 1 3819.dat
1 15 -23.8634 26.5956 -10.321 0.985 -0.12019 0.12019 0.17 0.696395 -0.696395 0 0.707 0.707 3820.dat
1 15 23.8634 26.5956 -10.321 0.985 0.12019 -0.12019 -0.17 0.696395 -0.696395 0 0.707 0.707 3820.dat
1 43 -23.1951 22.7236 -33.8217 0.985 -0.0874983 0.14567 0.17 0.506976 -0.844031 0 0.856884 0.514696 577bc01.dat
1 25 0 44 0 1 0 0 0 1 0 0 0 1 3816.dat
1 25 0 44 0 1 0 0 0 1 0 0 0 1 3817.dat
0
0 FILE Snowtrooper.ldr
0 Snowtrooper
0 Name: Snowtrooper.ldr
0 Author: LDraw
0 Unofficial Model
0 ROTATION CENTER 0 0 0 1 "Custom" 
0 ROTATION CONFIG 0 0
1 15 0 -28 0 1 0 0 0 1 0 0 0 1 16501.dat
1 78 0 -27 0 1 0 0 0 1 0 0 0 1 3626bp01.dat
1 71 0 0 0 -1 0 0 0 1 0 0 0 -1 42446.dat
1 15 0 0 0 1 0 0 0 1 0 0 0 1 973.dat
1 15 0 10 21 1 0 0 0 0 1 0 -1 0 3070b.dat
1 71 0 32 0 1 0 0 0 1 0 0 0 1 3815.dat
1 15 -15.552 9 0 0.985 -0.17 0 0.17 0.985 0 0 0 1 3818.dat
1 15 15.552 9 0 0.985 0.17 0 -0.17 0.985 0 0 0 1 3819.dat
1 71 -23.8634 26.5956 -10.321 0.985 -0.12019 0.12019 0.17 0.696395 -0.696395 0 0.707 0.707 3820.dat
1 71 23.8634 26.5956 -10.321 0.985 0.12019 -0.12019 -0.17 0.696395 -0.696395 0 0.707 0.707 3820.dat
1 0 -24.6826 31.3422 -19.2547 0.985 -0.0874983 0.14567 0.17 0.506976 -0.844031 0 0.856884 0.514696 58247.dat
1 15 0 44 0 1 0 0 0 1 0 0 0 1 3816.dat
1 15 0 44 0 1 0 0 0 1 0 0 0 1 3817.dat
0
0 FILE Part 1.ldr
0 Part 1
0 Name: Part 1.ldr
0 Author: LDraw
0 Unofficial Model
0 ROTATION CENTER 0 0 0 1 "Custom" 
0 ROTATION CONFIG 0 0
1 15 20 40 0 1 0 0 0 1 0 0 0 1 4740.dat
1 72 -46 2 0 0 -1 0 1 0 0 0 0 1 4740.dat
1 71 20 32 0 1 0 0 0 1 0 0 0 1 4073.dat
1 71 184 27 98 0 -1 0 1 0 0 0 0 1 4073.dat
1 71 40 2 18 0 0 -1 1 0 0 0 -1 0 4073.dat
1 71 40 2 -18 0 0 1 1 0 0 0 1 0 4073.dat
1 71 20 8 0 1 0 0 0 1 0 0 0 1 4733.dat
1 72 44 18 0 0 -1 0 1 0 0 0 0 1 48729.dat
1 71 58 2 0 0 -1 0 1 0 0 0 0 1 2555.dat
1 71 -6 2 0 1 0 0 0 1 0 0 0 1 4274.dat
1 0 -26 2 0 1 0 0 0 -1 0 0 0 -1 62462.dat
1 0 -54 2 0 0 -1 0 -1 0 0 0 0 -1 3062b.dat
1 0 8 2 0 0 -1 0 -1 0 0 0 0 -1 30374.dat
1 71 160 40 98 1 0 0 0 1 0 0 0 1 3023.dat
1 71 160 8 98 1 0 0 0 1 0 0 0 1 2412b.dat
1 71 30 -16 0 1 0 0 0 1 0 0 0 1 2412b.dat
1 0 150 16 98 0 0 1 0 1 0 -1 0 0 4070.dat
1 0 30 -8 0 0 0 1 0 1 0 -1 0 0 4595.dat
1 0 64 1 0 0 -0.382683 0.92388 0 0.92388 0.382683 -1 0 0 30031.dat
1 0 20 18 -18 1 0 0 0 0 -1 0 1 0 4592.dat
1 0 20 18 -19 1 0 0 0 -0.757565 -0.65276 0 0.65276 -0.757565 4593.dat
1 0 2 18 0 0 1 0 0 0 -1 -1 0 0 4592.dat
1 0 1 18 0 0 0.65276 -0.757565 0 -0.757565 -0.65276 -1 0 0 4593.dat
1 0 20 18 18 -1 0 0 0 0 -1 0 -1 0 4592.dat
1 0 20 18 19 -1 0 0 0 -0.757565 -0.65276 0 -0.65276 0.757565 4593.dat
1 0 152 26 98 0 1 0 -0.996917 0 0.0784591 0.0784591 0 0.996917 2488.dat
1 0 170 16 98 0 0 -1 0 1 0 1 0 0 4070.dat
0
0 FILE Part 2.ldr
0 Part 2
0 Name: Part 2.ldr
0 Author: LDraw
0 Unofficial Model
0 ROTATION CENTER 0 0 0 1 "Custom" 
0 ROTATION CONFIG 0 0
1 0 -10 16 0 0 0 1 0 1 0 -1 0 0 3460.dat
1 0 -40 -24 -30 1 0 0 0 1 0 0 0 1 3710.dat
1 0 -40 -24 30 1 0 0 0 1 0 0 0 1 3710.dat
1 0 -10 -16 -60 1 0 0 0 1 0 0 0 1 61409.dat
1 0 12 4 -70 0 -1 0 1 0 0 0 0 1 2412b.dat
1 0 12 4 -50 0 -1 0 1 0 0 0 0 1 2412b.dat
1 0 12 4 -30 0 -1 0 1 0 0 0 0 1 2412b.dat
1 0 12 4 70 0 -1 0 1 0 0 0 0 1 2412b.dat
1 0 12 4 50 0 -1 0 1 0 0 0 0 1 2412b.dat
1 0 12 4 30 0 -1 0 1 0 0 0 0 1 2412b.dat
1 0 -10 -16 60 -1 0 0 0 1 0 0 0 -1 61409.dat
1 0 -70 -8 0 0 0 1 0 1 0 -1 0 0 3004.dat
1 0 -48 -18 0 0 -1 0 0 0 1 -1 0 0 60470b.dat
1 72 -70 -16 0 0 0 -1 0 1 0 1 0 0 99780.dat
1 0 -10 -8 60 0 0 1 0 1 0 -1 0 0 3004.dat
1 0 -10 -8 -60 0 0 1 0 1 0 -1 0 0 3004.dat
1 0 -150 8 0 0 0 1 0 1 0 -1 0 0 3023.dat
1 0 -190 0 0 0 0 1 0 1 0 -1 0 0 3023.dat
1 0 -290 -24 0 0 0 1 0 1 0 -1 0 0 3023.dat
1 0 -270 -8 0 0 0 1 0 1 0 -1 0 0 3023.dat
1 0 -160 0 -30 1 0 0 0 1 0 0 0 1 3023.dat
1 14 -200 0 -30 1 0 0 0 1 0 0 0 1 44567.dat
1 14 -150 -18.194 -69.189 1 0 0 0 0.92388 -0.382683 0 0.382683 0.92388 Part 4.ldr
1 14 -200 0 30 -1 0 0 0 1 0 0 0 -1 44567.dat
1 14 -150 -48.809 -4.722 1 0 0 0 0.92388 0.382683 0 -0.382683 0.92388 Part 5.ldr
1 14 -120 0 -30 1 0 0 0 1 0 0 0 1 44567.dat
1 14 -120 0 30 -1 0 0 0 1 0 0 0 -1 44567.dat
1 0 -160 0 30 1 0 0 0 1 0 0 0 1 3023.dat
1 15 -170 0 0 0 0 1 0 1 0 -1 0 0 3794b.dat
1 0 -50 0 0 0 0 1 0 1 0 -1 0 0 3023.dat
1 0 -10 0 10 0 0 1 0 1 0 -1 0 0 54200.dat
1 0 28 4 0 0 -1 0 0 0 1 -1 0 0 2584.dat
1 0 34 4 0 0 -1 0 0 0 1 -1 0 0 3705.dat
1 0 34 4 -30 0 -1 0 1 0 0 0 0 1 32270.dat
1 0 44.1561 5.1926 -0.145 -0.9062 -0.0278 -0.422 0.4229 -0.0671 -0.9037 0.0032 0.9974 -0.0725 LS60.dat
1 0 43.4353 3.8977 -0.424 -0.8833 -0.0605 -0.4649 0.4686 -0.1461 -0.8712 0.0152 0.9874 -0.1575 LS60.dat
1 0 42.6944 2.6321 -0.7495 -0.8701 -0.0794 -0.4864 0.4922 -0.1873 -0.8501 0.0236 0.9791 -0.202 LS60.dat
1 0 41.9348 1.3808 -1.1102 -0.8613 -0.0923 -0.4997 0.5073 -0.2128 -0.8351 0.0293 0.9727 -0.2301 LS60.dat
1 0 41.1639 0.1459 -1.4957 -0.8547 -0.102 -0.5089 0.518 -0.2302 -0.8238 0.0331 0.9678 -0.2496 LS60.dat
1 0 40.3841 -1.076 -1.9002 -0.8496 -0.11 -0.5159 0.5263 -0.2427 -0.815 0.0356 0.9639 -0.264 LS60.dat
1 0 39.5979 -2.2863 -2.3192 -0.8453 -0.1167 -0.5214 0.533 -0.252 -0.8077 0.0371 0.9607 -0.2752 LS60.dat
1 0 38.8048 -3.489 -2.7507 -0.8417 -0.1226 -0.5259 0.5386 -0.259 -0.8017 0.0379 0.9581 -0.284 LS60.dat
1 0 38.0078 -4.6822 -3.1915 -0.8385 -0.1278 -0.5297 0.5436 -0.2644 -0.7966 0.0382 0.9559 -0.2912 LS60.dat
1 0 37.2037 -5.8725 -3.6418 -0.8356 -0.1326 -0.533 0.548 -0.2687 -0.7922 0.0381 0.9541 -0.2972 LS60.dat
1 0 36.394 -7.0595 -4.0999 -0.833 -0.1371 -0.536 0.5519 -0.2719 -0.7883 0.0377 0.9525 -0.3021 LS60.dat
1 0 35.5839 -8.2363 -4.5619 -0.8306 -0.1412 -0.5386 0.5556 -0.2744 -0.7849 0.037 0.9512 -0.3063 LS60.dat
1 0 34.7689 -9.4106 -5.0298 -0.8284 -0.1451 -0.541 0.559 -0.2762 -0.7818 0.036 0.9501 -0.3099 LS60.dat
1 0 33.9491 -10.5833 -5.5028 -0.8263 -0.1487 -0.5433 0.5622 -0.2775 -0.7791 0.0349 0.9491 -0.3129 LS60.dat
1 0 33.1287 -11.7487 -5.9781 -0.8243 -0.1522 -0.5454 0.5652 -0.2784 -0.7766 0.0336 0.9483 -0.3155 LS60.dat
1 0 32.3028 -12.9146 -6.4579 -0.8223 -0.1555 -0.5473 0.5681 -0.2788 -0.7743 0.0322 0.9477 -0.3177 LS60.dat
1 0 31.4751 -14.0759 -6.9397 -0.8205 -0.1587 -0.5492 0.5709 -0.279 -0.7722 0.0307 0.9471 -0.3195 LS60.dat
1 0 30.645 -15.2341 -7.4236 -0.8187 -0.1617 -0.551 0.5736 -0.2788 -0.7703 0.029 0.9466 -0.321 LS60.dat
1 0 29.8114 -16.3908 -7.9096 -0.8169 -0.1646 -0.5528 0.5761 -0.2784 -0.7685 0.0274 0.9463 -0.3223 LS60.dat
1 0 28.9779 -17.5414 -8.3955 -0.8152 -0.1674 -0.5545 0.5787 -0.2777 -0.7668 0.0256 0.946 -0.3232 LS60.dat
1 0 28.1389 -18.6939 -8.8841 -0.8135 -0.1701 -0.5562 0.5811 -0.2768 -0.7653 0.0238 0.9458 -0.324 LS60.dat
1 0 27.2977 -19.8439 -9.3733 -0.8118 -0.1726 -0.5579 0.5835 -0.2757 -0.7639 0.0219 0.9456 -0.3245 LS60.dat
1 0 26.4576 -20.9871 -9.8607 -0.8101 -0.1751 -0.5595 0.5859 -0.2744 -0.7625 0.02 0.9456 -0.3248 LS60.dat
1 0 25.6127 -22.1315 -10.3495 -0.8085 -0.1774 -0.5612 0.5883 -0.2729 -0.7612 0.0181 0.9456 -0.3249 LS60.dat
1 0 24.7663 -23.2728 -10.8375 -0.8068 -0.1796 -0.5628 0.5906 -0.2712 -0.7601 0.0162 0.9456 -0.3248 LS60.dat
1 0 23.917 -24.4128 -11.325 -0.8052 -0.1816 -0.5645 0.5929 -0.2693 -0.7589 0.0142 0.9458 -0.3245 LS60.dat
1 0 23.0634 -25.5535 -11.8126 -0.8035 -0.1835 -0.5663 0.5951 -0.2673 -0.7579 0.0122 0.946 -0.324 LS60.dat
1 0 22.2088 -26.6906 -12.298 -0.8019 -0.1853 -0.568 0.5974 -0.265 -0.7569 0.0103 0.9463 -0.3232 LS60.dat
1 0 21.3517 -27.8259 -12.7816 -0.8002 -0.1869 -0.5699 0.5997 -0.2626 -0.7559 0.0083 0.9466 -0.3222 LS60.dat
1 0 20.4908 -28.961 -13.2638 -0.7985 -0.1884 -0.5718 0.602 -0.26 -0.755 0.0064 0.9471 -0.321 LS60.dat
1 0 19.6247 -30.0976 -13.7447 -0.7968 -0.1897 -0.5738 0.6043 -0.2571 -0.7541 0.0045 0.9476 -0.3195 LS60.dat
1 0 18.7568 -31.2312 -14.2219 -0.795 -0.1907 -0.5759 0.6066 -0.254 -0.7533 0.0026 0.9482 -0.3176 LS60.dat
1 0 17.8858 -32.3633 -14.6957 -0.7932 -0.1916 -0.5781 0.609 -0.2507 -0.7525 0.0008 0.9489 -0.3155 LS60.dat
1 0 17.0105 -33.4951 -15.1657 -0.7913 -0.1921 -0.5804 0.6114 -0.2471 -0.7518 -0.001 0.9498 -0.313 LS60.dat
1 0 16.1346 -34.6216 -15.6294 -0.7894 -0.1924 -0.5829 0.6139 -0.2431 -0.751 -0.0027 0.9507 -0.31 LS60.dat
1 0 15.2521 -35.7501 -16.0888 -0.7874 -0.1922 -0.5857 0.6164 -0.2388 -0.7503 -0.0044 0.9518 -0.3065 LS60.dat
1 0 14.367 -36.8749 -16.5408 -0.7853 -0.1917 -0.5887 0.6191 -0.2341 -0.7496 -0.0059 0.9531 -0.3025 LS60.dat
1 0 13.4733 -38.0032 -16.9869 -0.7831 -0.1905 -0.592 0.6219 -0.2288 -0.749 -0.0073 0.9546 -0.2976 LS60.dat
1 0 12.5752 -39.1286 -17.4233 -0.7807 -0.1888 -0.5957 0.6249 -0.2228 -0.7483 -0.0085 0.9564 -0.2919 LS60.dat
1 0 11.6721 -40.2508 -17.8479 -0.7781 -0.1862 -0.5999 0.6281 -0.2161 -0.7475 -0.0095 0.9585 -0.285 LS60.dat
1 0 10.7581 -41.3761 -18.2608 -0.7752 -0.1824 -0.6048 0.6316 -0.2082 -0.7468 -0.0103 0.9609 -0.2766 LS60.dat
1 0 9.8384 -42.4959 -18.6553 -0.7719 -0.1772 -0.6105 0.6356 -0.1989 -0.7459 -0.0108 0.9639 -0.2662 LS60.dat
1 0 8.9074 -43.6144 -19.0284 -0.7681 -0.1699 -0.6174 0.6403 -0.1875 -0.7449 -0.0108 0.9675 -0.2528 LS60.dat
1 0 7.9595 -44.7342 -19.3738 -0.7633 -0.1594 -0.6261 0.646 -0.173 -0.7435 -0.0102 0.9719 -0.235 LS60.dat
1 0 6.996 -45.8473 -19.6772 -0.757 -0.1437 -0.6374 0.6533 -0.1535 -0.7413 -0.0087 0.9776 -0.2101 LS60.dat
1 0 6.0067 -46.9534 -19.9167 -0.7479 -0.1187 -0.6532 0.6638 -0.1247 -0.7374 -0.0061 0.9851 -0.172 LS60.dat
1 0 4.9768 -48.0426 -20.0399 -0.7319 -0.0726 -0.6775 0.6814 -0.075 -0.7281 -0.002 0.9945 -0.1044 LS60.dat
1 71 34 4 0 0 -1 0 0 0 1 -1 0 0 2585.dat
1 0 -10 0 -10 0 0 1 0 1 0 -1 0 0 54200.dat
1 15 -10 0 0 0 0 1 0 1 0 -1 0 0 3023.dat
1 4 -180 8 0 0 0 1 0 1 0 -1 0 0 3022.dat
1 4 -30 -16 0 0 0 -1 0 1 0 1 0 0 3937.dat
1 4 -16.989 -37.412 10 0 -0.382683 -0.92388 0 0.92388 -0.382683 1 0 0 Part 3.ldr
1 4 -220 8 0 0 0 1 0 1 0 -1 0 0 3022.dat
1 19 -30 8 0 -1 0 0 0 1 0 0 0 -1 3021.dat
1 15 -140 16 0 -1 0 0 0 1 0 0 0 -1 3029.dat
1 15 -160 -16 -30 -1 0 0 0 1 0 0 0 -1 60479.dat
1 15 -160 -16 30 -1 0 0 0 1 0 0 0 -1 60479.dat
1 4 -280 -16 0 -1 0 0 0 1 0 0 0 -1 3022.dat
1 15 -250 -8 0 0 0 1 0 1 0 -1 0 0 4855.dat
1 15 -320 -16 0 0 0 1 0 1 0 -1 0 0 90194.dat
1 19 -160 8 -30 -1 0 0 0 1 0 0 0 -1 3666.dat
1 19 -160 -8 -30 -1 0 0 0 1 0 0 0 -1 3666.dat
1 19 -160 8 30 -1 0 0 0 1 0 0 0 -1 3666.dat
1 19 -160 -8 30 -1 0 0 0 1 0 0 0 -1 3666.dat
1 15 -90 -8 0 0 0 1 0 1 0 -1 0 0 93095.dat
1 15 -250 -16 0 0 0 -1 0 1 0 1 0 0 93095.dat
1 71 -110 8 0 0 0 1 0 1 0 -1 0 0 3069b.dat
1 15 -40 -32 30 1 0 0 0 1 0 0 0 1 3069b.dat
1 15 -40 -32 -30 1 0 0 0 1 0 0 0 1 3069b.dat
1 15 -120 -40 30 1 0 0 0 1 0 0 0 1 30413.dat
1 15 -120 -40 -30 -1 0 0 0 1 0 0 0 -1 30413.dat
1 15 -200 -40 30 1 0 0 0 1 0 0 0 1 30413.dat
1 15 -200 -40 -30 -1 0 0 0 1 0 0 0 -1 30413.dat
1 15 -250 -40 -30 -1 0 0 0 1 0 0 0 -1 3005.dat
1 15 -250 -40 30 -1 0 0 0 1 0 0 0 -1 3005.dat
1 15 -270 -40 0 0 0 1 0 1 0 -1 0 0 4858.dat
1 15 -70 -32 0 0 0 -1 0 1 0 1 0 0 2431.dat
1 15 -70 -40 -20 0 0 -1 0 1 0 1 0 0 48336.dat
1 40 -100 -64 0 0 0 -1 0 1 0 1 0 0 6238a.dat
1 40 -130 -78 0 0 0 1 0 1 0 -1 0 0 30372ps0.dat
1 15 -90 -72 30 0 0 -1 0 1 0 1 0 0 3024.dat
1 15 -90 -72 -30 0 0 -1 0 1 0 1 0 0 3024.dat
1 15 -130 -80 0 0 0 -1 0 1 0 1 0 0 3023.dat
1 15 -120 -72 30 -1 0 0 0 1 0 0 0 -1 30383.dat
1 15 -120 -72 -30 -1 0 0 0 1 0 0 0 -1 30383.dat
1 15 -100 -80 0 0 0 -1 0 1 0 1 0 0 87079.dat
1 15 -110 -72 0 -1 0 0 0 1 0 0 0 -1 3021.dat
1 15 -70 -40 20 0 0 -1 0 1 0 1 0 0 48336.dat
1 71 -130 8 0 0 0 1 0 1 0 -1 0 0 3069b.dat
1 71 -210 0 0 0 0 1 0 1 0 -1 0 0 3069b.dat
1 71 -50 -8 0 0 0 1 0 1 0 -1 0 0 3069b.dat
1 71 -40 -8 -30 1 0 0 0 1 0 0 0 1 3010.dat
1 71 -40 -8 30 1 0 0 0 1 0 0 0 1 3010.dat
1 72 -90 -8 -30 1 0 0 0 1 0 0 0 1 60477.dat
1 72 -10 -16 -40 0 0 -1 0 1 0 1 0 0 93274.dat
1 72 -10 -16 40 0 0 -1 0 1 0 1 0 0 93274.dat
1 72 -10 -16 70 0 0 -1 0 1 0 1 0 0 3024.dat
1 72 -30 -16 30 0 0 -1 0 1 0 1 0 0 3024.dat
1 72 -30 -16 -30 0 0 -1 0 1 0 1 0 0 3024.dat
1 72 -10 -16 -70 0 0 -1 0 1 0 1 0 0 3024.dat
1 72 -90 -8 30 -1 0 0 0 1 0 0 0 -1 60477.dat
1 72 -230 -8 -30 1 0 0 0 1 0 0 0 1 60477.dat
1 72 -230 -8 30 -1 0 0 0 1 0 0 0 -1 60477.dat
1 71 -230 0 0 0 0 1 0 1 0 -1 0 0 3069b.dat
1 71 -40 -18 0 0 -1 0 0 0 1 -1 0 0 3069b.dat
1 72 -70 -24 0 0 0 1 0 1 0 -1 0 0 99780.dat
1 71 -92 -26 0 0 1 0 0 0 1 1 0 0 3069b.dat
1 71 -150 -16 -10 0 0 -1 0 1 0 1 0 0 4070.dat
1 71 -150 -16 10 0 0 -1 0 1 0 1 0 0 4070.dat
1 72 -144 -6 0 0 -1 0 0 0 1 -1 0 0 85984.dat
1 71 -270 -40 -10 0 0 -1 0 1 0 1 0 0 4070.dat
1 71 -270 -40 10 0 0 -1 0 1 0 1 0 0 4070.dat
1 72 -264 -30 0 0 -1 0 0 0 1 -1 0 0 85984.dat
1 71 -190 -24 10 0 0 1 0 1 0 -1 0 0 4070.dat
1 71 -190 -24 -10 0 0 1 0 1 0 -1 0 0 4070.dat
1 72 -196 -14 0 0 1 0 0 0 1 1 0 0 85984.dat
1 0 34 4 30 0 -1 0 1 0 0 0 0 1 32270.dat
1 15 -70 24 -30 0 0 -1 0 1 0 1 0 0 4287.dat
1 15 -70 24 30 0 0 -1 0 1 0 1 0 0 4287.dat
1 15 -200 24 0 0 0 1 0 1 0 -1 0 0 4287.dat
0
0 FILE Part 3.ldr
0 Part 3
0 Name: Part 3.ldr
0 Author: LDraw
0 Unofficial Model
0 ROTATION CENTER 0 0 0 1 "Custom" 
0 ROTATION CONFIG 0 0
1 71 -10 24 0 1 0 0 0 1 0 0 0 1 3938.dat
1 72 -30 -17 -17 1 0 0 0 -0.382683 0.92388 0 -0.92388 -0.382683 30192.dat
1 72 -10 -20.061 -24.391 0 0 1 -0.92388 -0.382683 0 0.382683 -0.92388 0 60897.dat
1 15 -10 16 0 1 0 0 0 1 0 0 0 1 3794b.dat
1 15 -10 8 0 1 0 0 0 1 0 0 0 1 4740.dat
1 0 -10 16 0 1 0 0 0 1 0 0 0 1 15391c01.dat
0 
0
0 FILE Part 4.ldr
0 Part 4
0 Name: Part 4.ldr
0 Author: LDraw
0 Unofficial Model
0 ROTATION CENTER 0 0 0 1 "Custom" 
0 ROTATION CONFIG 0 0
1 15 10 0 0 1 0 0 0 1 0 0 0 1 2445.dat
1 15 70 0 -70 1 0 0 0 1 0 0 0 1 3710.dat
1 15 -80 -8 -40 0 0 -1 0 1 0 1 0 0 3794b.dat
1 15 -100 -8 -40 0 0 -1 0 1 0 1 0 0 3794b.dat
1 15 -140 -8 -40 0 0 -1 0 1 0 1 0 0 3794b.dat
1 72 90 -8 -10 1 0 0 0 1 0 0 0 1 3710.dat
1 72 120 -8 -40 0 0 -1 0 1 0 1 0 0 99780.dat
1 71 70 -8 10 -1 0 0 0 1 0 0 0 -1 32028.dat
1 71 -30 -8 10 -1 0 0 0 1 0 0 0 -1 4510.dat
1 71 60 -8 -40 0 0 1 0 1 0 -1 0 0 99207.dat
1 71 -140 -16 -40 0 0 1 0 1 0 -1 0 0 2555.dat
1 71 -90 -32 -40 0 0 1 0 1 0 -1 0 0 30359b.dat
1 71 158 -20 -40 0 -1 0 0 0 1 -1 0 0 98100.dat
1 72 -230 -22 -40 0 -1 0 0 0 1 -1 0 0 4589.dat
1 71 -10 -20 -40 0 1 0 0 0 1 1 0 0 98100.dat
1 71 -20 -20 -40 0 0 1 0 -1 0 1 0 0 42610.dat
1 0 14 -20 -40 0 1 0 0 0 1 1 0 0 4032b.dat
1 71 22 -20 -40 0 1 0 0 0 1 1 0 0 92947.dat
1 71 110 -8 10 -1 0 0 0 1 0 0 0 -1 32028.dat
1 15 70 0 -100 1 0 0 0 1 0 0 0 1 3020.dat
1 15 -10 16 -20 1 0 0 0 1 0 0 0 1 3795.dat
1 15 -10 32 -20 1 0 0 0 1 0 0 0 1 3795.dat
1 15 50 30 -80 -1 0 0 0 0 1 0 1 0 2436b.dat
1 14 30 30 -48 -1 0 0 0 0 1 0 1 0 99780.dat
1 36 50 30 -72 0 0 1 1 0 0 0 1 0 15400c01.dat
1 19 -10 24 -30 1 0 0 0 1 0 0 0 1 3666.dat
1 71 -50 24 -10 -1 0 0 0 1 0 0 0 -1 60471.dat
1 71 30 24 -10 -1 0 0 0 1 0 0 0 -1 60471.dat
1 72 90 -8 -80 1 0 0 0 1 0 0 0 1 3020.dat
1 72 110 -32 -50 1 0 0 0 1 0 0 0 1 3298.dat
1 72 110 -32 -30 -1 0 0 0 1 0 0 0 -1 3298.dat
1 15 70 -32 -50 1 0 0 0 1 0 0 0 1 3298.dat
1 15 70 -32 -30 -1 0 0 0 1 0 0 0 -1 3298.dat
1 0 70 -40 -40 -1 0 0 0 1 0 0 0 -1 3068b.dat
1 0 120 -40 -40 0 0 -1 0 1 0 1 0 0 99781.dat
1 72 120 -48 -40 0 0 1 0 1 0 -1 0 0 2540.dat
1 15 100 -46 -60 0.707107 0 -0.707107 -0.707107 0 -0.707107 0 1 0 2335.dat
1 72 -50 -8 -40 0 0 -1 0 1 0 1 0 0 3020.dat
1 4 90 -8 -40 1 0 0 0 1 0 0 0 1 3022.dat
1 15 -30 0 -90 0 0 1 0 1 0 -1 0 0 54384.dat
1 15 -150 0 -50 0 0 1 0 1 0 -1 0 0 54384.dat
1 0 120 0 -30 1 0 0 0 1 0 0 0 1 3024.dat
1 15 -130 0 -10 1 0 0 0 1 0 0 0 1 3069b.dat
1 15 -170 8 -10 0 0 -1 0 1 0 1 0 0 11477.dat
1 320 130 0 -50 1 0 0 0 1 0 0 0 1 3069b.dat
1 72 90 8 -40 0 0 -1 0 1 0 1 0 0 3032.dat
1 71 -70 8 -40 0 0 1 0 1 0 -1 0 0 30355.dat
1 71 -140 0 20 0 0 -1 0 1 0 1 0 0 43723.dat
1 15 -190 0 10 -1 0 0 0 1 0 0 0 -1 43723.dat
1 71 130 0 -90 1 0 0 0 1 0 0 0 1 43723.dat
1 19 80 0 -40 1 0 0 0 1 0 0 0 1 3021.dat
1 19 -60 0 -40 1 0 0 0 1 0 0 0 1 3021.dat
1 72 10 0 -40 1 0 0 0 1 0 0 0 1 87079.dat
1 15 -50 -32 -30 -1 0 0 0 1 0 0 0 -1 3298.dat
1 15 -50 -40 -40 -1 0 0 0 1 0 0 0 -1 4150.dat
1 15 -50 -32 -50 1 0 0 0 1 0 0 0 1 3039.dat
0
0 FILE Part 5.ldr
0 Part 5
0 Name: Part 5.ldr
0 Author: LDraw
0 Unofficial Model
0 ROTATION CENTER 0 0 0 1 "Custom" 
0 ROTATION CONFIG 0 0
1 15 10 0 80 1 0 0 0 1 0 0 0 1 2445.dat
1 15 70 0 150 1 0 0 0 1 0 0 0 1 3710.dat
1 15 -80 -8 120 0 0 -1 0 1 0 1 0 0 3794b.dat
1 15 -100 -8 120 0 0 -1 0 1 0 1 0 0 3794b.dat
1 15 -140 -8 120 0 0 -1 0 1 0 1 0 0 3794b.dat
1 72 90 -8 90 1 0 0 0 1 0 0 0 1 3710.dat
1 72 120 -8 120 0 0 -1 0 1 0 1 0 0 99780.dat
1 71 70 -8 70 1 0 0 0 1 0 0 0 1 32028.dat
1 71 -30 -8 70 1 0 0 0 1 0 0 0 1 4510.dat
1 71 60 -8 120 0 0 1 0 1 0 -1 0 0 99207.dat
1 71 -140 -16 120 0 0 1 0 1 0 -1 0 0 2555.dat
1 71 -90 -32 120 0 0 1 0 1 0 -1 0 0 30359b.dat
1 71 158 -20 120 0 -1 0 0 0 1 -1 0 0 98100.dat
1 72 -230 -22 120 0 -1 0 0 0 1 -1 0 0 4589.dat
1 71 -10 -20 120 0 1 0 0 0 1 1 0 0 98100.dat
1 71 -20 -20 120 0 0 1 0 -1 0 1 0 0 42610.dat
1 0 14 -20 120 0 1 0 0 0 1 1 0 0 4032b.dat
1 71 22 -20 120 0 1 0 0 0 1 1 0 0 92947.dat
1 71 110 -8 70 1 0 0 0 1 0 0 0 1 32028.dat
1 15 70 0 180 1 0 0 0 1 0 0 0 1 3020.dat
1 15 -10 16 100 1 0 0 0 1 0 0 0 1 3795.dat
1 15 -10 32 100 1 0 0 0 1 0 0 0 1 3795.dat
1 15 50 30 160 1 0 0 0 0 1 0 -1 0 2436b.dat
1 14 30 30 128 1 0 0 0 0 1 0 -1 0 99780.dat
1 36 50 30 152 0 0 1 -1 0 0 0 -1 0 15400c01.dat
1 19 -10 24 110 1 0 0 0 1 0 0 0 1 3666.dat
1 71 -50 24 90 1 0 0 0 1 0 0 0 1 60471.dat
1 71 30 24 90 1 0 0 0 1 0 0 0 1 60471.dat
1 72 90 -8 160 1 0 0 0 1 0 0 0 1 3020.dat
1 72 110 -32 110 1 0 0 0 1 0 0 0 1 3298.dat
1 72 110 -32 130 -1 0 0 0 1 0 0 0 -1 3298.dat
1 15 70 -32 110 1 0 0 0 1 0 0 0 1 3298.dat
1 15 70 -32 130 -1 0 0 0 1 0 0 0 -1 3298.dat
1 0 70 -40 120 -1 0 0 0 1 0 0 0 -1 3068b.dat
1 0 120 -40 120 0 0 -1 0 1 0 1 0 0 99781.dat
1 72 120 -48 120 0 0 1 0 1 0 -1 0 0 2540.dat
1 15 100 -46 100 0.382683 0 -0.92388 -0.92388 0 -0.382683 0 1 0 2335.dat
1 72 -50 -8 120 0 0 -1 0 1 0 1 0 0 3020.dat
1 4 90 -8 120 1 0 0 0 1 0 0 0 1 3022.dat
1 15 -30 0 170 0 0 1 0 1 0 -1 0 0 54383.dat
1 15 -150 0 130 0 0 1 0 1 0 -1 0 0 54383.dat
1 0 120 0 110 1 0 0 0 1 0 0 0 1 3024.dat
1 15 -130 0 90 1 0 0 0 1 0 0 0 1 3069b.dat
1 15 -170 8 90 0 0 -1 0 1 0 1 0 0 11477.dat
1 320 130 0 130 1 0 0 0 1 0 0 0 1 3069b.dat
1 72 -90 -16 70 1 0 0 0 1 0 0 0 1 3069b.dat
1 72 90 8 120 0 0 -1 0 1 0 1 0 0 3032.dat
1 71 -70 8 120 0 0 1 0 1 0 -1 0 0 30356.dat
1 71 -140 0 60 0 0 -1 0 1 0 1 0 0 43722.dat
1 15 -190 0 70 1 0 0 0 1 0 0 0 1 43722.dat
1 71 130 0 170 -1 0 0 0 1 0 0 0 -1 43722.dat
1 19 80 0 120 1 0 0 0 1 0 0 0 1 3021.dat
1 19 -60 0 120 1 0 0 0 1 0 0 0 1 3021.dat
1 72 10 0 120 1 0 0 0 1 0 0 0 1 87079.dat
1 15 -50 -32 110 1 0 0 0 1 0 0 0 1 3298.dat
1 15 -50 -40 120 1 0 0 0 1 0 0 0 1 4150.dat
1 15 -50 -32 130 -1 0 0 0 1 0 0 0 -1 3039.dat
0 
0 
0
0
