0 FILE Battle for Geonosis.ldr
0 Battle for Geonosis
0 Name: Battle for Geonosis.ldr
0 Author: LDraw
0 Unofficial Model
0 ROTATION CENTER 0 0 0 1 "Custom" 
0 ROTATION CONFIG 0 0
1 0 61 16 -110 -0.92388 0 -0.382683 0 1 0 0.382683 0 -0.92388 Part 2.ldr
1 0 -115 -24 446 0.382683 0 -0.92388 0 1 0 0.92388 0 0.382683 Part 1.ldr
1 0 -246 -5 560 0.92388 0 0.382683 0 1 0 -0.382683 0 0.92388 Captain Rex.ldr
1 0 -316 -4 380 0.92388 0 0.382683 0 1 0 -0.382683 0 0.92388 Luminara Unduli.ldr
1 0 -256 20 -40 -0.707107 0 0.707107 0 1 0 -0.707107 0 -0.707107 Battle Droid.ldr
1 0 -256 20 -123 -0.707107 0 0.707107 0 1 0 -0.707107 0 -0.707107 Battle Droid.ldr
0
0 FILE Battle Droid.ldr
0 Battle Droid
0 Name: Battle Droid.ldr
0 Author: LDraw
0 Unofficial Model
0 ROTATION CENTER 0 0 0 1 "Custom" 
0 ROTATION CONFIG 0 0
1 19 26 -32 0 1 0 0 0 1 0 0 0 1 30377.dat
1 19 -6 -32 0 1 0 0 0 0.92388 0.382683 0 -0.382683 0.92388 59230.dat
1 0 -6 4.955 -15.307 1 0 0 0 0.382683 -0.92388 0 0.92388 0.382683 58247.dat
1 19 10 -32 0 1 0 0 0 1 0 0 0 1 30378.dat
1 19 10 40 0 1 0 0 0 1 0 0 0 1 30376.dat
1 19 10 0 0 1 0 0 0 1 0 0 0 1 30375.dat
0
0 FILE Luminara Unduli.ldr
0 Luminara Unduli
0 Name: Luminara Unduli.ldr
0 Author: LDraw
0 Unofficial Model
0 ROTATION CENTER 0 0 0 1 "Custom" 
0 ROTATION CONFIG 0 0
1 0 0 -24 0 1 0 0 0 1 0 0 0 1 57900.dat
1 19 0 -24 0 1 0 0 0 1 0 0 0 1 3626bp01.dat
1 0 0 0 0 1 0 0 0 1 0 0 0 1 973.dat
1 0 0 32 0 1 0 0 0 1 0 0 0 1 3815.dat
1 0 -15.552 9 0 0.985 -0.17 0 0.17 0.985 0 0 0 1 3818.dat
1 0 15.552 9 0 0.985 0.17 0 -0.17 0.985 0 0 0 1 3819.dat
1 19 -23.8634 26.5956 -10.321 0.985 -0.12019 0.12019 0.17 0.696395 -0.696395 0 0.707 0.707 3820.dat
1 19 23.8634 26.5956 -10.321 0.985 0.12019 -0.12019 -0.17 0.696395 -0.696395 0 0.707 0.707 3820.dat
1 42 -23.1951 22.7236 -33.8217 0.985 -0.0874983 0.14567 0.17 0.506976 -0.844031 0 0.856884 0.514696 577bc01.dat
1 0 0 44 0 1 0 0 0 1 0 0 0 1 3816.dat
1 0 0 44 0 1 0 0 0 1 0 0 0 1 3817.dat
0
0 FILE Captain Rex.ldr
0 Captain Rex
0 Name: Captain Rex.ldr
0 Author: LDraw
0 Unofficial Model
0 ROTATION CENTER 0 0 0 1 "Custom" 
0 ROTATION CONFIG 0 0
1 15 0 -27 0 1 0 0 0 1 0 0 0 1 30408p01.dat
1 78 0 -27 0 1 0 0 0 1 0 0 0 1 3626bp01.dat
1 72 0 0 0 1 0 0 0 1 0 0 0 1 61190b.dat
1 72 0 32 0 1 0 0 0 1 0 0 0 1 61190c.dat
1 15 0 0 0 1 0 0 0 1 0 0 0 1 973psu.dat
1 0 0 33 0 1 0 0 0 1 0 0 0 1 3815.dat
1 1 -15.552 9 0 0.985 -0.17 0 0.17 0.985 0 0 0 1 3818.dat
1 1 15.552 9 0 0.985 0.17 0 -0.17 0.985 0 0 0 1 3819.dat
1 0 -23.8634 26.5956 -10.321 0.985 -0.12019 0.12019 0.17 0.696395 -0.696395 0 0.707 0.707 3820.dat
1 0 23.8634 26.5956 -10.321 0.985 0.12019 -0.12019 -0.17 0.696395 -0.696395 0 0.707 0.707 3820.dat
1 72 -24.6826 31.3422 -19.2547 0.985 -0.0874983 0.14567 0.17 0.506976 -0.844031 0 0.856884 0.514696 61190a.dat
1 72 24.6826 31.3422 -19.2547 0.985 0.0874983 -0.14567 -0.17 0.506976 -0.844031 0 0.856884 0.514696 61190a.dat
1 15 0 45 0 1 0 0 0 1 0 0 0 1 3816.dat
1 15 0 45 0 1 0 0 0 1 0 0 0 1 3817.dat
0
0 FILE Super Battle Droid.ldr
0 Super Battle Droid
0 Name: Super Battle Droid.ldr
0 Author: LDraw
0 Unofficial Model
0
0 FILE Part 1.ldr
0 Part 1
0 Name: Part 1.ldr
0 Author: LDraw
0 Unofficial Model
0 ROTATION CENTER 0 0 0 1 "Custom" 
0 ROTATION CONFIG 0 0
1 15 0 24 0 1 0 0 0 1 0 0 0 1 2445.dat
1 15 83.537 10 74.134 0 -0.173648 0.984808 1 0 0 0 0.984808 0.173648 6120.dat
1 15 -120 8 -10 1 0 0 0 1 0 0 0 1 6636.dat
1 15 -120 8 10 1 0 0 0 1 0 0 0 1 6636.dat
1 15 60 32 0 0 0 -1 0 1 0 1 0 0 4287.dat
1 71 40 32 0 0 0 1 0 1 0 -1 0 0 3665.dat
1 71 82.957 10 65.909 0.984808 -0.173648 0 0 0 -1 0.173648 0.984808 0 2555.dat
1 15 -140.463 18 46.134 0 -0.173648 0.984808 1 0 0 0 0.984808 0.173648 6120.dat
1 71 -141.043 18 37.909 0.984808 -0.173648 0 0 0 -1 0.173648 0.984808 0 2555.dat
1 15 83.537 10 -74.134 0 -0.173648 0.984808 -1 0 0 0 -0.984808 -0.173648 6120.dat
1 71 82.957 10 -65.909 0.984808 -0.173648 0 0 0 1 -0.173648 -0.984808 0 2555.dat
1 15 -140.463 18 -46.134 0 -0.173648 0.984808 -1 0 0 0 -0.984808 -0.173648 6120.dat
1 71 -141.043 18 -37.909 0.984808 -0.173648 0 0 0 1 -0.173648 -0.984808 0 2555.dat
1 15 -130 32 0 1 0 0 0 1 0 0 0 1 3021.dat
1 71 -160 40 0 1 0 0 0 1 0 0 0 1 3020.dat
1 71 -160 48 0 1 0 0 0 1 0 0 0 1 2654.dat
1 71 -140 24 -10 1 0 0 0 1 0 0 0 1 4623.dat
1 71 -140 24 10 -1 0 0 0 1 0 0 0 -1 4623.dat
1 0 -170 32 0 0 0 1 0 1 0 -1 0 0 3839b.dat
1 0 90 -20 -40 0 0.446198 0.894934 0 -0.894934 0.446198 1 0 0 30088.dat
1 0 90 -20 40 0 0.446198 0.894934 0 -0.894934 0.446198 1 0 0 30088.dat
1 0 -14 -19 15 1 0 0 0 0 -1 0 1 0 4599b.dat
1 0 -14 -19 -16 -1 0 0 0 0 -1 0 -1 0 4599b.dat
1 0 -40 13 -28 0 0.382683 -0.92388 0 -0.92388 -0.382683 -1 0 0 30377.dat
1 0 -40 13 27 0 0.382683 -0.92388 0 -0.92388 -0.382683 -1 0 0 30377.dat
1 15 140 24 0 1 0 0 0 1 0 0 0 1 3023.dat
1 15 60 -8 0 1 0 0 0 1 0 0 0 1 3022.dat
1 71 -40 8 0 0 0 -1 0 1 0 1 0 0 4600.dat
1 71 -30 -8 0 0 0 -1 0 1 0 1 0 0 3024.dat
1 71 50 -24 0 0 0 -1 0 1 0 1 0 0 3024.dat
1 71 60 10 0 0 0 -1 0 1 0 1 0 0 32073.dat
1 72 10 16 0 1 0 0 0 1 0 0 0 1 3021.dat
1 72 100 10 -25 0 0 -1 -1 0 0 0 1 0 6632.dat
1 72 100 10 25 0 0 -1 -1 0 0 0 1 0 6632.dat
1 72 110 -8 0 0 0 -1 0 1 0 1 0 0 4286.dat
1 320 90 16 0 0 0 -1 0 1 0 1 0 0 3794a.dat
1 320 90 -8 0 0 0 -1 0 1 0 1 0 0 3005.dat
1 320 -80 16 0 -1 0 0 0 1 0 0 0 -1 3795.dat
1 320 140 16 0 -1 0 0 0 1 0 0 0 -1 3023.dat
1 320 -150 16 0 0 0 1 0 1 0 -1 0 0 3023.dat
1 72 -170 24 0 0 0 1 0 1 0 -1 0 0 3023.dat
1 72 -170 16 0 0 0 1 0 1 0 -1 0 0 3023.dat
1 320 60 0 -10 -1 0 0 0 1 0 0 0 -1 32064b.dat
1 15 50 10 -40 0 1 0 1 0 0 0 0 -1 32064b.dat
1 15 74 10 -40 0 1 0 -1 0 0 0 0 1 30236.dat
1 72 98 10 -40 0 1 0 -1 0 0 0 0 1 3023.dat
1 72 42 10 -40 0 1 0 0 0 1 1 0 0 61409.dat
1 72 42 10 40 0 1 0 0 0 1 1 0 0 61409.dat
1 72 98 10 40 0 1 0 -1 0 0 0 0 1 3023.dat
1 71 42 20 -40 0 1 0 -1 0 0 0 0 1 3024.dat
1 15 74 10 40 0 1 0 1 0 0 0 0 -1 30236.dat
1 15 50 10 40 0 1 0 1 0 0 0 0 -1 32064b.dat
1 320 60 0 10 -1 0 0 0 1 0 0 0 -1 32064b.dat
1 320 110 16 0 0 0 -1 0 1 0 1 0 0 3794a.dat
1 320 70 -16 0 0 0 -1 0 1 0 1 0 0 3794a.dat
1 15 50 -16 0 0 0 -1 0 1 0 1 0 0 3794a.dat
1 15 -30 0 0 0 0 -1 0 1 0 1 0 0 3794a.dat
1 15 -50 0 0 0 0 -1 0 1 0 1 0 0 3794a.dat
1 15 -60 -16 0 0 0 1 0 1 0 -1 0 0 61678.dat
1 15 80 -32 0 0 0 -1 0 1 0 1 0 0 61678.dat
1 15 -190 8 0 0 0 1 0 1 0 -1 0 0 2432.dat
1 72 30 -16 0 0 0 1 0 1 0 -1 0 0 2432.dat
1 71 42 20 40 0 1 0 -1 0 0 0 0 1 3024.dat
1 15 42 0 -40 0 1 0 0 0 1 1 0 0 4085c.dat
1 15 42 0 40 0 1 0 0 0 1 1 0 0 4085c.dat
0
0 FILE Part 2.ldr
0 Part 2
0 Name: Part 2.ldr
0 Author: LDraw
0 Unofficial Model
0 ROTATION CENTER 0 0 0 1 "Custom" 
0 ROTATION CONFIG 0 0
1 72 -10 16 0 -1 0 0 0 1 0 0 0 -1 3035.dat
1 72 -10 -16 30 1 0 0 0 1 0 0 0 1 3460.dat
1 72 -10 -16 -30 1 0 0 0 1 0 0 0 1 3460.dat
1 72 -4.639 -72.091 0 0.96363 0.267238 0 -0.267238 0.96363 0 0 0 1 Part 7.ldr
1 72 -10 -40 50 1 0 0 0 1 0 0 0 1 2431.dat
1 72 -60 -56 0 0 0 -1 0 1 0 1 0 0 3069b.dat
1 72 40 -40 -30 0 0 -1 0 1 0 1 0 0 3040b.dat
1 72 40 -40 30 0 0 -1 0 1 0 1 0 0 3040b.dat
1 72 -60 -40 30 0 0 1 0 1 0 -1 0 0 3040b.dat
1 72 -60 -40 -30 0 0 1 0 1 0 -1 0 0 3040b.dat
1 72 -60 -24 0 0 0 -1 0 1 0 1 0 0 3700.dat
1 72 -30 -14 0 1 0 0 0 1 0 0 0 1 55013.dat
1 4 -80 -14 0 0 0 -1 0 1 0 1 0 0 3713.dat
1 0 -100 -14 0 0 0 -1 0 1 0 1 0 0 32270.dat
1 72 40 -24 0 0 0 -1 0 1 0 1 0 0 3700.dat
1 72 -30 -8 30 -1 0 0 0 1 0 0 0 -1 3660.dat
1 72 10 -8 30 -1 0 0 0 1 0 0 0 -1 3660.dat
1 1 -10 8 0 -1 0 0 0 1 0 0 0 -1 3795.dat
1 47 -10 -32 0 -1 0 0 0 1 0 0 0 -1 6588.dat
1 71 -10 -14 0 0 0 1 0 1 0 -1 0 0 4716.dat
1 71 70 8 40 -1 0 0 0 1 0 0 0 -1 2430.dat
1 71 70 8 -40 1 0 0 0 1 0 0 0 1 2429.dat
1 71 -90 8 -40 1 0 0 0 1 0 0 0 1 2430.dat
1 71 -60 0 0 0 0 -1 0 1 0 1 0 0 3710.dat
1 71 40 0 0 0 0 -1 0 1 0 1 0 0 3710.dat
1 71 -10 -8 -30 -1 0 0 0 1 0 0 0 -1 3010.dat
1 71 -10 -40 -30 -1 0 0 0 1 0 0 0 -1 3010.dat
1 71 -10 -40 30 -1 0 0 0 1 0 0 0 -1 3010.dat
1 71 -30 -32 50 1 0 0 0 1 0 0 0 1 2877.dat
1 71 -60 -48 0 0 0 1 0 1 0 -1 0 0 2877.dat
1 71 10 -32 50 1 0 0 0 1 0 0 0 1 2877.dat
1 43 -80 0 30 0 0 -1 0 1 0 1 0 0 4073.dat
1 43 -80 0 -30 0 0 -1 0 1 0 1 0 0 4073.dat
1 43 60 0 30 0 0 -1 0 1 0 1 0 0 4073.dat
1 43 60 0 -30 0 0 -1 0 1 0 1 0 0 4073.dat
1 71 -90 8 40 -1 0 0 0 1 0 0 0 -1 2429.dat
1 71 70 -8 40 -1 0 0 0 1 0 0 0 -1 2430.dat
1 71 70 -8 -40 1 0 0 0 1 0 0 0 1 2429.dat
1 71 -90 -8 -40 1 0 0 0 1 0 0 0 1 2430.dat
1 71 -21.924 0 4.645 -0.707107 0 0.707107 0 1 0 -0.707107 0 -0.707107 Part 3.ldr
1 71 -21.924 0 -4.645 -0.707107 0 -0.707107 0 1 0 0.707107 0 -0.707107 Part 4.ldr
1 71 1.924 0 -4.645 0.707107 0 -0.707107 0 1 0 0.707107 0 0.707107 Part 3.ldr
1 71 1.924 0 4.645 0.707107 0 0.707107 0 1 0 -0.707107 0 0.707107 Part 4.ldr
1 71 -90 -8 40 -1 0 0 0 1 0 0 0 -1 2429.dat
0
0 FILE Part 3.ldr
0 Part 3
0 Name: Part 3.ldr
0 Author: LDraw
0 Unofficial Model
0 ROTATION CENTER 0 0 0 1 "Custom" 
0 ROTATION CONFIG 0 0
1 71 -90 8 40 0 0 -1 0 1 0 1 0 0 2429.dat
1 71 -100 -32 20 0 0 1 0 1 0 -1 0 0 3298.dat
1 71 -207.95 -50.021 20 -0.92388 0.382683 0 0.382683 0.92388 0 0 0 -1 3068b.dat
1 0 -201.827 -35.239 40 0 0.382683 0.92388 0 0.92388 -0.382683 -1 0 0 10247.dat
1 0 -198 -26 20 0 0.382683 0.92388 0 0.92388 -0.382683 -1 0 0 2780.dat
1 71 -90 -8 40 0 0 -1 0 1 0 1 0 0 2429.dat
1 72 -100 0 20 0 0 -1 0 1 0 1 0 0 3023.dat
1 72 -130 -8 10 -1 0 0 0 1 0 0 0 -1 3700.dat
1 72 -150 -8 30 -1 0 0 0 1 0 0 0 -1 3701.dat
1 72 -186.411 -50.284 20 0 0.382683 -0.92388 0 0.92388 0.382683 1 0 0 51739.dat
1 72 -223.366 -34.976 20 0 0.382683 0.92388 0 0.92388 -0.382683 -1 0 0 51739.dat
1 72 -254.853 30.284 10 0.707107 0 0.707107 0.707107 0 -0.707107 0 1 0 32526.dat
1 0 -130 2 20 0 0 -1 0 1 0 1 0 0 2780.dat
1 0 -130 2 -10 0.207912 0.978148 0 0.978148 -0.207912 0 0 0 -1 87617.dat
1 71 -255 30 -10 -0.233445 -0.97237 0 -0.97237 0.233445 0 0 0 -1 87618.dat
1 0 -170 2 20 0 0.707107 -0.707107 0 0.707107 0.707107 1 0 0 2780.dat
1 71 -120 16 20 -1 0 0 0 1 0 0 0 -1 3021.dat
1 71 -315 20.5 40 0 0 1 0 1 0 -1 0 0 Part 6.ldr
1 0 -254.853 30.284 20 0 0.707107 -0.707107 0 0.707107 0.707107 1 0 0 2780.dat
0
0 FILE Part 4.ldr
0 Part 4
0 Name: Part 4.ldr
0 Author: LDraw
0 Unofficial Model
0 ROTATION CENTER 0 0 0 1 "Custom" 
0 ROTATION CONFIG 0 0
1 71 -90 8 -40 0 0 -1 0 1 0 1 0 0 2430.dat
1 71 -90 -8 -40 0 0 -1 0 1 0 1 0 0 2430.dat
1 72 -130 -8 -10 -1 0 0 0 1 0 0 0 -1 3700.dat
1 72 -150 -8 -30 -1 0 0 0 1 0 0 0 -1 3701.dat
1 0 -130 2 -20 0 0 -1 0 1 0 1 0 0 2780.dat
1 0 -170 2 -20 0 0 -1 0 1 0 1 0 0 2780.dat
1 71 -100 -32 -20 0 0 1 0 1 0 -1 0 0 3298.dat
1 72 -254.853 30.284 -10 0.707107 0 0.707107 0.707107 0 -0.707107 0 1 0 32526.dat
1 0 -130 2 10 -0.233445 0.97237 0 -0.97237 -0.233445 0 0 0 1 87617.dat
1 71 -254.877 30.542 10 0.207912 -0.978148 0 0.978148 0.207912 0 0 0 1 87618.dat
1 71 -315 20.5 0 0 0 1 0 1 0 -1 0 0 Part 5.ldr
1 0 -254.853 30.284 -20 0 0.707107 -0.707107 0 0.707107 0.707107 1 0 0 2780.dat
1 71 -207.95 -50.021 -20 0.92388 0.382683 0 -0.382683 0.92388 0 0 0 1 3068b.dat
1 0 -201.827 -35.239 -40 0 0.382683 -0.92388 0 0.92388 0.382683 1 0 0 10247.dat
1 0 -198 -26 -20 0 0.382683 -0.92388 0 0.92388 0.382683 1 0 0 2780.dat
1 72 -223.366 -34.976 -20 0 0.382683 0.92388 0 0.92388 -0.382683 -1 0 0 51739.dat
1 72 -186.411 -50.284 -20 0 0.382683 -0.92388 0 0.92388 0.382683 1 0 0 51739.dat
1 71 -120 16 -20 -1 0 0 0 1 0 0 0 -1 3021.dat
1 72 -100 0 -20 0 0 -1 0 1 0 1 0 0 3023.dat
0
0 FILE Part 5.ldr
0 Part 5
0 Name: Part 5.ldr
0 Author: LDraw
0 Unofficial Model
0 ROTATION CENTER 0 0 0 1 "Custom" 
0 ROTATION CONFIG 0 0
1 72 20 24 0 1 0 0 0 1 0 0 0 1 3022.dat
1 72 30 0 60 0 0 -1 0 1 0 1 0 0 3700.dat
1 72 20 24 50 1 0 0 0 1 0 0 0 1 2419.dat
1 71 20 0 30 1 0 0 0 1 0 0 0 1 3298.dat
1 71 30 -8 50 0 0 -1 0 1 0 1 0 0 63864.dat
1 71 50 0 70 0 0 -1 0 1 0 1 0 0 3040b.dat
1 71 -30 24 70 0 0 1 0 1 0 -1 0 0 54200.dat
0
0 FILE Part 6.ldr
0 Part 6
0 Name: Part 6.ldr
0 Author: LDraw
0 Unofficial Model
0 ROTATION CENTER 0 0 0 1 "Custom" 
0 ROTATION CONFIG 0 0
1 72 20 24 0 1 0 0 0 1 0 0 0 1 3022.dat
1 72 10 0 60 0 0 -1 0 1 0 1 0 0 3700.dat
1 72 20 24 50 1 0 0 0 1 0 0 0 1 2419.dat
1 71 20 0 30 1 0 0 0 1 0 0 0 1 3298.dat
1 71 10 -8 50 0 0 -1 0 1 0 1 0 0 63864.dat
1 71 -10 0 70 0 0 1 0 1 0 -1 0 0 3040b.dat
1 71 70 24 70 0 0 -1 0 1 0 1 0 0 54200.dat
0
0 FILE Part 7.ldr
0 Part 7
0 Name: Part 7.ldr
0 Author: LDraw
0 Unofficial Model
0 ROTATION CENTER 0 0 0 1 "Custom" 
0 ROTATION CONFIG 0 0
1 72 -10 18 0 1 0 0 0 1 0 0 0 1 3648b.dat
1 1 -10 -112 0 0 0 -1 0 1 0 1 0 0 30000.dat
1 71 -50 -88 0 -1 0 0 0 1 0 0 0 -1 3832.dat
1 71 -30 0 120 -1 0 0 0 1 0 0 0 -1 3022.dat
1 1 -10 -8 120 0 0 1 0 1 0 -1 0 0 3068b.dat
1 1 -40 -32 120 0 0 -1 0 1 0 1 0 0 2432.dat
1 71 0 0 120 0 0 -1 0 1 0 1 0 0 2540.dat
1 0 20 2 120 0 0.707107 0.707107 0 -0.707107 0.707107 1 0 0 30377.dat
1 71 44.19 -52.599 120 0 0.92388 0.382683 0 0.382683 -0.92388 -1 0 0 2540.dat
1 43 36.8 -55.661 120 0 0.92388 0.382683 0 0.382683 -0.92388 -1 0 0 3069b.dat
1 71 -50 -152 0 -1 0 0 0 1 0 0 0 -1 3795.dat
1 71 30 -72 0 -1 0 0 0 1 0 0 0 -1 3022.dat
1 71 -120 -136 0 0 0 1 0 1 0 -1 0 0 3039.dat
1 0 -70 -136 0 -1 0 0 0 1 0 0 0 -1 2434.dat
1 0 -30 -144 0 -1 0 0 0 1 0 0 0 -1 3034.dat
1 0 -10 -126 -28 -1 0 0 0 0 1 0 1 0 3710.dat
1 0 20 -106 -44 0 0 -1 -1 0 0 0 1 0 3665.dat
1 71 -10 -126 -36 -1 0 0 0 0 1 0 1 0 3710.dat
1 71 40 -106 -52 -1 0 0 0 0 1 0 1 0 3024.dat
1 71 40 -106 -68 -1 0 0 0 0 1 0 1 0 3024.dat
1 71 -10 -106 -68 -1 0 0 0 0 1 0 1 0 3037.dat
1 71 -10 -106 -76 1 0 0 0 0 -1 0 1 0 6636.dat
1 72 -10 -126 -52 -1 0 0 0 0 1 0 1 0 6081.dat
1 72 -50 -36 -68 -1 0 0 0 0 1 0 1 0 87559.dat
1 72 40 -106 -68 -1 0 0 0 0 1 0 1 0 6005.dat
1 0 -10 -126 28 -1 0 0 0 0 -1 0 -1 0 3710.dat
1 0 20 -106 44 0 0 -1 1 0 0 0 -1 0 3665.dat
1 71 -10 -126 36 -1 0 0 0 0 -1 0 -1 0 3710.dat
1 71 40 -106 52 -1 0 0 0 0 -1 0 -1 0 3024.dat
1 71 40 -106 68 -1 0 0 0 0 -1 0 -1 0 3024.dat
1 71 -10 -106 68 1 0 0 0 0 1 0 -1 0 3037.dat
1 71 -10 -106 76 1 0 0 0 0 1 0 -1 0 6636.dat
1 72 -10 -126 52 1 0 0 0 0 1 0 -1 0 6081.dat
1 72 -50 -36 68 0 0 1 -1 0 0 0 -1 0 87559.dat
1 72 40 -106 68 1 0 0 0 0 1 0 -1 0 6005.dat
1 71 10 -136 10 -1 0 0 0 1 0 0 0 -1 30414.dat
1 71 10 -136 -10 1 0 0 0 1 0 0 0 1 30414.dat
1 71 40 -126 -28 1 0 0 0 0 -1 0 1 0 3024.dat
1 71 40 -126 28 -1 0 0 0 0 -1 0 -1 0 3024.dat
1 71 -50 -80 0 -1 0 0 0 1 0 0 0 -1 3832.dat
1 72 20 -112 0 0 0 1 0 1 0 -1 0 0 32064b.dat
1 0 110 -102 0 1 0 0 0 1 0 0 0 1 3737.dat
1 71 -140 -102 0 1 0 0 0 1 0 0 0 1 4519.dat
1 71 -160 -102 0 0 1 0 0 0 1 1 0 0 33299a.dat
1 4 -90 -62 0 0 0 -1 0 1 0 1 0 0 32062.dat
1 4 -110 -62 0 0 0 -1 0 1 0 1 0 0 32062.dat
1 1 -10 -62 -20 0 0 -1 0 1 0 1 0 0 43093.dat
1 1 -50 -42 60 0 0 -1 0 1 0 1 0 0 43093.dat
1 1 -10 -62 -60 0 0 1 0 1 0 -1 0 0 4274.dat
1 1 10 -42 -60 0 0 1 0 1 0 -1 0 0 4274.dat
1 1 -50 -42 -60 0 0 1 0 1 0 -1 0 0 4274.dat
1 1 -30 -42 -60 0 0 1 0 1 0 -1 0 0 4274.dat
1 1 -10 -62 20 0 0 1 0 1 0 -1 0 0 43093.dat
1 72 40 -112 0 0 0 1 0 1 0 -1 0 0 32064b.dat
1 72 -10 8 110 1 0 0 0 1 0 0 0 1 32064b.dat
1 72 -10 8 130 1 0 0 0 1 0 0 0 1 32064b.dat
1 72 58 -102 0 0 -1 0 0 0 1 -1 0 0 4032b.dat
1 72 106 -102 0 0 -1 0 0 0 1 -1 0 0 6143.dat
1 72 130 -102 0 0 -1 0 0 0 1 -1 0 0 6143.dat
1 72 154 -102 0 0 -1 0 0 0 1 -1 0 0 6143.dat
1 72 178 -102 0 0 -1 0 0 0 1 -1 0 0 6143.dat
1 72 202 -102 0 0 -1 0 0 0 1 -1 0 0 6143.dat
1 72 226 -102 0 0 -1 0 0 0 1 -1 0 0 6143.dat
1 72 266 -102 0 0 -1 0 0 0 1 -1 0 0 2489.dat
1 71 82 -102 0 0 -1 0 0 0 1 -1 0 0 92947.dat
1 72 -140 -112 0 0 0 1 0 1 0 -1 0 0 32064b.dat
1 72 -140 -72 0 0 0 -1 0 1 0 1 0 0 85943.dat
1 4 -91 -1 0 0 0 -1 0 -1 0 -1 0 0 2825.dat
1 72 -50 -62 0 0 0 -1 0 -1 0 -1 0 0 32074c01.dat
1 71 -50 -42 0 0 0 -1 0 1 0 1 0 0 57028a.dat
1 71 -90 -62 0 0 0 -1 -1 0 0 0 1 0 60483.dat
1 72 -90 -152 0 0 0 1 0 1 0 -1 0 0 30602.dat
1 72 -30 -176 0 1 0 0 0 1 0 0 0 1 6192.dat
1 72 -120 -112 0 0 0 1 0 1 0 -1 0 0 32064b.dat
1 72 -10 -42 -30 1 0 0 0 0 -1 0 1 0 32524.dat
1 72 -10 -42 30 1 0 0 0 0 -1 0 1 0 32524.dat
1 72 -10 -60 -50 1 0 0 0 1 0 0 0 1 32530.dat
1 72 30 -60 -50 1 0 0 0 1 0 0 0 1 3023.dat
1 72 50 -42 -63 0 1 0 -1 0 0 0 0 1 43898.dat
1 36 62 -42 -63 0 1 0 -1 0 0 0 0 1 4740.dat
0 MLCAD HIDE 1 72 0 -52 -68 0 0 -1 -1 0 0 0 1 0 3020.dat
1 72 40 -52 -70 1 0 0 0 1 0 0 0 1 54200.dat
1 72 40 -52 70 -1 0 0 0 1 0 0 0 -1 54200.dat
1 71 -30 -52 50 1 0 0 0 1 0 0 0 1 3894.dat
1 71 -50 -42 80 1 0 0 0 0 1 0 -1 0 3960.dat
1 71 -30 -52 -50 1 0 0 0 1 0 0 0 1 3894.dat
0 MLCAD HIDE 1 71 -50 -43 -68 1 0 0 0 0 -1 0 1 0 63864.dat
1 71 -10 -28 -50 1 0 0 0 1 0 0 0 1 3666.dat
1 72 30 -60 50 1 0 0 0 1 0 0 0 1 3023.dat
1 71 -10 -28 50 1 0 0 0 1 0 0 0 1 3666.dat
1 71 40 -52 -60 0 0 -1 0 1 0 1 0 0 3700.dat
1 72 50 -42 57 0 1 0 -1 0 0 0 0 1 43898.dat
1 36 62 -42 57 0 1 0 -1 0 0 0 0 1 4740.dat
1 71 40 -52 60 0 0 -1 0 1 0 1 0 0 3700.dat
1 71 -10 18 50 1 0 0 0 0 -1 0 1 0 60483.dat
1 71 -10 18 -50 1 0 0 0 0 -1 0 1 0 60483.dat
1 0 -10 -2 -40 0 -1 0 0 0 -1 1 0 0 2780.dat
1 0 -10 -82 -40 0 -1 0 0 0 -1 1 0 0 2780.dat
1 0 -10 -42 -40 0 -1 0 0 0 -1 1 0 0 2780.dat
1 71 -10 18 10 0 -1 0 0 0 -1 1 0 0 44294.dat
1 71 -10 18 110 0 -1 0 0 0 -1 1 0 0 4519.dat
1 72 -10 18 80 0 -1 0 -1 0 0 0 0 -1 59443.dat
1 0 -70 -42 -40 0 -1 0 0 0 -1 1 0 0 2780.dat
1 0 -10 -42 40 0 -1 0 0 0 -1 1 0 0 2780.dat
1 0 -70 -42 40 0 -1 0 0 0 -1 1 0 0 2780.dat
1 0 -10 -82 40 0 -1 0 0 0 -1 1 0 0 2780.dat
1 0 -10 -2 40 0 -1 0 0 0 -1 1 0 0 2780.dat
1 72 -10 -60 50 1 0 0 0 1 0 0 0 1 32530.dat
0 
0
0
