0 FILE Sith Nightspeeder.ldr
0 Sith Nightspeeder
0 Name: Sith Nightspeeder.ldr
0 Author: LDraw
0 Unofficial Model
0 ROTATION CENTER 0 0 0 1 "Custom" 
0 ROTATION CONFIG 0 0
1 0 -213 32 -100 0.382683 0 0.92388 0 1 0 -0.92388 0 0.382683 Part 2.ldr
1 0 -333 32 -193 0 0 1 0 1 0 -1 0 0 Savage Oppress.ldr
1 0 -303 32 -293 0 0 1 0 1 0 -1 0 0 Anakin.ldr
1 0 -263 32 -393 0 0 1 0 1 0 -1 0 0 Asajj.ldr
0
0 FILE Savage Oppress.ldr
0 Savage Oppress
0 Name: Savage Oppress.ldr
0 Author: LDraw
0 Unofficial Model
0 ROTATION CENTER 0 0 0 1 "Custom" 
0 ROTATION CONFIG 0 0
1 0 0 -27 0 1 0 0 0 1 0 0 0 1 92761.dat
1 0 0 -27 0 1 0 0 0 1 0 0 0 1 3626bps8.dat
1 0 0 0 0 1 0 0 0 1 0 0 0 1 2587.dat
1 0 0 0 0 1 0 0 0 1 0 0 0 1 973.dat
1 0 0 32 0 1 0 0 0 1 0 0 0 1 3815.dat
1 0 -15.552 9 0 0.985 -0.17 0 0.15706 0.910021 -0.382683 0.0650562 0.376943 0.92388 3818.dat
1 0 15.552 9 0 0.985 0.17 0 -0.164585 0.953625 0.25038 0.0425646 -0.246624 0.968148 3819.dat
1 14 -23.863 29.206 -2.802 0.985 -0.12019 0.12019 0.15706 0.372828 -0.913942 0.0650562 0.919682 0.386684 3820.dat
1 14 23.863 23.45 -14.398 0.985 0.12019 -0.12019 -0.164585 0.851232 -0.497195 0.0425646 0.510117 0.858844 3820.dat
1 36 -23.195 34.622 -25.996 0.985 -0.0874983 0.14567 0.15706 0.140469 -0.976748 0.0650562 0.985669 0.152521 577bc02.dat
1 148 21.445 -0.287 -50.234 0.985 0.0874983 -0.14567 -0.164585 0.705374 -0.688277 0.0425646 0.702654 0.70963 4497.dat
1 0 0 44 0 1 0 0 0 1 0 0 0 1 3816.dat
1 0 0 44 0 1 0 0 0 1 0 0 0 1 3817.dat
1 148 22.5 3.697 -46.315 0.986286 -0.165048 0 -0.116706 -0.697409 0.707107 -0.116706 -0.697409 -0.707107 53454.dat
0
0 FILE Anakin.ldr
0 Anakin
0 Name: Anakin.ldr
0 Author: LDraw
0 Unofficial Model
0 ROTATION CENTER 0 0 0 1 "Custom" 
0 ROTATION CONFIG 0 0
1 70 0 -24 0 1 0 0 0 1 0 0 0 1 10048.dat
1 78 0 -24 0 1 0 0 0 1 0 0 0 1 3626bp01.dat
1 0 0 0 0 1 0 0 0 1 0 0 0 1 973.dat
1 0 0 32 0 1 0 0 0 1 0 0 0 1 3815.dat
1 308 -15.552 9 0 0.985 -0.17 0 0.17 0.985 0 0 0 1 3818.dat
1 308 15.552 9 0 0.985 0.17 0 -0.17 0.985 0 0 0 1 3819.dat
1 0 -23.8634 26.5956 -10.321 0.985 -0.12019 0.12019 0.17 0.696395 -0.696395 0 0.707 0.707 3820.dat
1 0 23.8634 26.5956 -10.321 0.985 0.12019 -0.12019 -0.17 0.696395 -0.696395 0 0.707 0.707 3820.dat
1 43 -23.1951 22.7236 -33.8217 0.985 -0.0874983 0.14567 0.17 0.506976 -0.844031 0 0.856884 0.514696 577bc01.dat
1 0 0 44 0 1 0 0 0 1 0 0 0 1 3816.dat
1 0 0 44 0 1 0 0 0 1 0 0 0 1 3817.dat
0
0 FILE Asajj.ldr
0 Asajj
0 Name: Asajj.ldr
0 Author: LDraw
0 Unofficial Model
0 ROTATION CENTER 0 0 0 1 "Custom" 
0 ROTATION CONFIG 0 0
1 15 0 -24 0 1 0 0 0 1 0 0 0 1 3626bp08.dat
1 0 0 0 0 1 0 0 0 1 0 0 0 1 973.dat
1 0 0 32 0 1 0 0 0 1 0 0 0 1 3815.dat
1 71 -15.552 9 0 0.985 -0.17 0 0.17 0.985 0 0 0 1 3818.dat
1 71 15.552 9 0 0.985 0.17 0 -0.17 0.985 0 0 0 1 3819.dat
1 15 -23.8634 26.5956 -10.321 0.985 -0.12019 0.12019 0.17 0.696395 -0.696395 0 0.707 0.707 3820.dat
1 15 23.8634 26.5956 -10.321 0.985 0.12019 -0.12019 -0.17 0.696395 -0.696395 0 0.707 0.707 3820.dat
1 36 -23.1951 22.7236 -33.8217 0.985 -0.0874983 0.14567 0.17 0.506976 -0.844031 0 0.856884 0.514696 577bc01.dat
1 36 23.1951 22.7236 -33.8217 0.985 0.0874983 -0.14567 -0.17 0.506976 -0.844031 0 0.856884 0.514696 577bc01.dat
1 0 0 44 0 1 0 0 0 1 0 0 0 1 3816.dat
1 0 0 44 0 1 0 0 0 1 0 0 0 1 3817.dat
0
0 FILE Part 1.ldr
0 Part 1
0 Name: Part 1.ldr
0 Author: LDraw
0 Unofficial Model
0 ROTATION CENTER 0 0 0 1 "Custom" 
0 ROTATION CONFIG 0 0
1 71 -30 8 0 1 0 0 0 1 0 0 0 1 3460.dat
1 72 -30 -8 0 1 0 0 0 1 0 0 0 1 3666.dat
1 72 -30 -16 0 1 0 0 0 1 0 0 0 1 3666.dat
1 72 90 -48 0 1 0 0 0 1 0 0 0 1 3710.dat
1 0 -74 2 -20 0 -1 0 1 0 0 0 0 1 63965.dat
1 70 -110 -24 0 1 0 0 0 1 0 0 0 1 3710.dat
1 70 -40 -24 0 1 0 0 0 1 0 0 0 1 3623.dat
1 70 0 -88 0 1 0 0 0 1 0 0 0 1 3623.dat
1 72 0 -96 0 1 0 0 0 1 0 0 0 1 3623.dat
1 70 20 -48 0 1 0 0 0 1 0 0 0 1 3623.dat
1 70 -140 -48 0 0 0 1 0 1 0 -1 0 0 4070.dat
1 40 -140 -48 0 0 0 1 0 1 0 -1 0 0 54200.dat
1 72 -146 -38 0 0 1 0 0 0 -1 -1 0 0 54200.dat
1 71 10 0 0 1 0 0 0 1 0 0 0 1 3023.dat
1 71 -30 0 0 1 0 0 0 1 0 0 0 1 3023.dat
1 71 10 -56 0 1 0 0 0 1 0 0 0 1 3023.dat
1 71 -110 -56 0 1 0 0 0 1 0 0 0 1 92280.dat
1 70 -30 -32 0 1 0 0 0 1 0 0 0 1 3023.dat
1 14 30 -60 -18 1 0 0 0 0 -1 0 1 0 3022.dat
1 14 30 -60 18 -1 0 0 0 0 -1 0 -1 0 3022.dat
1 70 -20 -80 0 0 0 1 0 1 0 -1 0 0 60481.dat
1 70 -70 -32 0 1 0 0 0 1 0 0 0 1 3069b.dat
1 71 -70 0 0 1 0 0 0 1 0 0 0 1 60470b.dat
1 72 40 -16 0 0 0 -1 0 1 0 1 0 0 4287.dat
1 72 80 -40 0 0 0 -1 0 1 0 1 0 0 4287.dat
1 72 -120 -28 -18 0 0 1 1 0 0 0 1 0 43723.dat
1 72 -120 -28 18 0 0 1 -1 0 0 0 -1 0 43722.dat
1 72 50 -40 0 -1 0 0 0 1 0 0 0 -1 3004.dat
1 72 50 -72 0 -1 0 0 0 1 0 0 0 -1 3004.dat
1 72 80 -72 0 0 0 -1 0 1 0 1 0 0 60477.dat
1 72 40 -96 0 0 0 -1 0 1 0 1 0 0 60477.dat
1 72 -20 -120 0 0 0 -1 0 1 0 1 0 0 60477.dat
1 72 20 -60 -34 0 0 -1 -1 0 0 0 1 0 6069.dat
1 72 -10 -50 -34 1 0 0 0 0 -1 0 1 0 3039.dat
1 72 -10 -70 -34 -1 0 0 0 0 1 0 1 0 3039.dat
1 72 -10 -50 34 -1 0 0 0 0 -1 0 -1 0 3039.dat
1 72 -10 -70 34 1 0 0 0 0 1 0 -1 0 3039.dat
1 72 10 -60 -42 -1 0 0 0 0 1 0 1 0 3068b.dat
1 72 10 -60 42 1 0 0 0 0 1 0 -1 0 3068b.dat
1 72 20 -60 34 0 0 -1 1 0 0 0 -1 0 6069.dat
1 0 10 -40 0 -1 0 0 0 1 0 0 0 -1 52107.dat
1 0 -100 -62 0 0 -0.707107 0.707107 0 0.707107 0.707107 -1 0 0 30031.dat
1 0 10 -80 0 -1 0 0 0 1 0 0 0 -1 52107.dat
1 0 -110 -48 0 -1 0 0 0 1 0 0 0 -1 52107.dat
1 72 -100 -16 0 0 0 1 0 1 0 -1 0 0 4287.dat
1 40 -120 -56 0 0 0 1 0 1 0 -1 0 0 54200.dat
0
0 FILE Part 2.ldr
0 Part 2
0 Name: Part 2.ldr
0 Author: LDraw
0 Unofficial Model
0 ROTATION CENTER 0 0 0 1 "Custom" 
0 ROTATION CONFIG 0 0
1 72 -20 24 0 0 0 1 0 1 0 -1 0 0 50305.dat
1 72 -40 16 40 0 0 -1 0 1 0 1 0 0 50305.dat
1 72 140 24 0 0 0 -1 0 1 0 1 0 0 50304.dat
1 72 160 16 40 0 0 1 0 1 0 -1 0 0 50304.dat
1 72 50 8 0 0 0 1 0 1 0 -1 0 0 63864.dat
1 72 230 -32 -80 0 0 1 0 1 0 -1 0 0 63864.dat
1 71 90 -24 20 1 0 0 0 1 0 0 0 1 63864.dat
1 71 -60 -24 40 1 0 0 0 1 0 0 0 1 63864.dat
1 72 -110 8 40 0 0 1 0 1 0 -1 0 0 63864.dat
1 71 230 24 70 0 0 1 0 1 0 -1 0 0 3460.dat
1 19 230 -32 130 0 0 1 0 1 0 -1 0 0 3666.dat
1 19 230 -32 10 0 0 1 0 1 0 -1 0 0 3666.dat
1 71 230 -56 180 1 0 0 0 1 0 0 0 1 6541.dat
1 71 230 -56 160 1 0 0 0 1 0 0 0 1 6541.dat
1 71 230 -56 140 1 0 0 0 1 0 0 0 1 6541.dat
1 71 230 -88 60 1 0 0 0 1 0 0 0 1 6541.dat
1 71 230 -56 120 1 0 0 0 1 0 0 0 1 6541.dat
1 1 230 -56 100 1 0 0 0 1 0 0 0 1 6541.dat
1 71 230 -56 -20 -1 0 0 0 1 0 0 0 -1 6541.dat
1 71 230 -56 -40 -1 0 0 0 1 0 0 0 -1 6541.dat
1 71 229.998 -56 0 -1 0 0 0 1 0 0 0 -1 6541.dat
1 71 230 -56 20 -1 0 0 0 1 0 0 0 -1 6541.dat
1 71 230.002 -56 40.001 -1 0 0 0 1 0 0 0 -1 6541.dat
1 1 229.999 -56 60.001 -1 0 0 0 1 0 0 0 -1 6541.dat
1 71 -20 8 0 0 0 1 0 1 0 -1 0 0 54384.dat
1 71 140 8 0 0 0 -1 0 1 0 1 0 0 54383.dat
1 71 110 -16 20 1 0 0 0 1 0 0 0 1 3045.dat
1 71 90 -6 -10 0 0 1 0 1 0 -1 0 0 61184.dat
1 71 -70 -6 -10 0 0 1 0 1 0 -1 0 0 61184.dat
1 71 230 -46 -50 0 0 1 0 1 0 -1 0 0 61184.dat
1 71 -50 -16 40 1 0 0 0 1 0 0 0 1 3045.dat
1 70 60 16 -20 -1 0 0 0 1 0 0 0 -1 3710.dat
1 70 208 -34 70 0 1 0 0 0 1 1 0 0 3710.dat
1 70 192 -34 50 0 1 0 0 0 1 1 0 0 3023.dat
1 70 70 8 0 0 0 1 0 1 0 -1 0 0 3623.dat
1 70 230 0 100 0 0 1 0 1 0 -1 0 0 3623.dat
1 70 -50 8 40 1 0 0 0 1 0 0 0 1 3623.dat
1 70 220 0 20 1 0 0 0 1 0 0 0 1 3069b.dat
1 70 230 -32 210 0 0 -1 0 1 0 1 0 0 3069b.dat
1 72 230 16 100 0 0 1 0 1 0 -1 0 0 3623.dat
1 72 230 0 140 -1 0 0 0 1 0 0 0 -1 4287.dat
1 72 230 -24 180 -1 0 0 0 1 0 0 0 -1 4287.dat
1 72 230 -88 160 -1 0 0 0 1 0 0 0 -1 60477.dat
1 72 230 -112 100 -1 0 0 0 1 0 0 0 -1 60477.dat
1 72 230 -136 40 -1 0 0 0 1 0 0 0 -1 60477.dat
1 72 230 -136 40 -1 0 0 0 1 0 0 0 -1 54200.dat
1 72 230 0 0 1 0 0 0 1 0 0 0 1 4287.dat
1 72 230 -24 -40 1 0 0 0 1 0 0 0 1 4287.dat
1 72 80 -16 0 1 0 0 0 1 0 0 0 1 32000.dat
1 72 230 -16 50 0 0 1 0 1 0 -1 0 0 3039.dat
1 72 230 -24 0 0 0 1 0 1 0 -1 0 0 3622.dat
1 72 230 -24 140 0 0 1 0 1 0 -1 0 0 3622.dat
1 72 230 -112 60 0 0 1 0 1 0 -1 0 0 3622.dat
1 72 230 -88 110 0 0 1 0 1 0 -1 0 0 3010.dat
1 72 230 -88 -40 1 0 0 0 1 0 0 0 1 60477.dat
1 14 252 -44 10 0 -1 0 1 0 0 0 0 1 3022.dat
1 72 200 -34 50 0 1 0 1 0 0 0 0 -1 85970.dat
1 72 230 -112 20 1 0 0 0 1 0 0 0 1 60477.dat
1 72 230 -112 20 1 0 0 0 1 0 0 0 1 54200.dat
1 72 230 -88 10 0 0 -1 0 1 0 1 0 0 3010.dat
1 72 230 -24 90 0 0 1 0 1 0 -1 0 0 3004.dat
1 72 230 -46 170 0 0 1 0 1 0 -1 0 0 55013.dat
1 72 230 -46 30 0 0 -1 0 1 0 1 0 0 87083.dat
1 72 230 -46 266 1 0 0 0 0 1 0 -1 0 4589.dat
1 72 230 -46 -74 -1 0 0 0 0 1 0 1 0 4589.dat
1 36 90 -6 -10 -1 0 0 0 0 1 0 1 0 58176.dat
1 36 -70 -6 0 -1 0 0 0 0 1 0 1 0 58176.dat
1 72 -110 -8 66 0 0 -1 0 1 0 1 0 0 Part 1.ldr
1 72 50 -8 46 0 0 -1 0 1 0 1 0 0 Part 3.ldr
1 72 80 -16 20 1 0 0 0 1 0 0 0 1 32000.dat
1 72 -80 -16 20 1 0 0 0 1 0 0 0 1 32000.dat
1 72 -80 -16 40 1 0 0 0 1 0 0 0 1 32000.dat
1 0 -90 -6 30 0 0 -1 0 1 0 1 0 0 4459.dat
1 0 70 -6 10 0 0 -1 0 1 0 1 0 0 4459.dat
1 70 60 16 0 -1 0 0 0 1 0 0 0 -1 4477.dat
1 70 -80 -24 20 -1 0 0 0 1 0 0 0 -1 2412b.dat
1 70 80 -24 0 -1 0 0 0 1 0 0 0 -1 2412b.dat
1 70 60 16 20 -1 0 0 0 1 0 0 0 -1 3023.dat
1 70 -90 8 30 0 0 1 0 1 0 -1 0 0 3023.dat
1 71 230 8 110 0 0 1 0 1 0 -1 0 0 3023.dat
1 71 230 -24 50 0 0 -1 0 1 0 1 0 0 44728.dat
1 71 230 -64 170 0 0 -1 0 1 0 1 0 0 44728.dat
1 71 230 -64 -30 0 0 1 0 1 0 -1 0 0 44728.dat
1 4 230 -64 50 0 0 1 0 1 0 -1 0 0 93274.dat
1 4 230 -64 10 0 0 -1 0 1 0 1 0 0 93274.dat
1 4 230 -64 130 0 0 1 0 1 0 -1 0 0 93274.dat
1 4 230 -64 90 0 0 -1 0 1 0 1 0 0 93274.dat
1 71 220 8 20 1 0 0 0 1 0 0 0 1 3023.dat
1 71 208 -44 20 0 1 0 -1 0 0 0 0 1 3023.dat
1 70 200 -44 20 0 1 0 -1 0 0 0 0 1 3023.dat
1 71 210 8 60 -1 0 0 0 1 0 0 0 -1 2450.dat
1 72 192 -54 40 0 1 0 1 0 0 0 0 -1 50956.dat
1 72 268 -32 40 0 -1 0 -1 0 0 0 0 -1 50956.dat
1 72 268 -52 40 0 -1 0 -1 0 0 0 0 -1 50955.dat
1 72 192 -44 20 0 1 0 -1 0 0 0 0 1 6069.dat
1 72 184 -44 30 0 1 0 -1 0 0 0 0 1 3068b.dat
1 72 268 -44 20 0 -1 0 1 0 0 0 0 1 6069.dat
1 72 276 -44 30 0 -1 0 1 0 0 0 0 1 3068b.dat
0
0 FILE Part 3.ldr
0 Part 3
0 Name: Part 3.ldr
0 Author: LDraw
0 Unofficial Model
0 ROTATION CENTER 0 0 0 1 "Custom" 
0 ROTATION CONFIG 0 0
1 71 -30 8 0 1 0 0 0 1 0 0 0 1 3460.dat
1 72 -30 -8 0 1 0 0 0 1 0 0 0 1 3666.dat
1 72 -30 -16 0 1 0 0 0 1 0 0 0 1 3666.dat
1 72 90 -48 0 1 0 0 0 1 0 0 0 1 3710.dat
1 0 -74 2 -20 0 -1 0 1 0 0 0 0 1 63965.dat
1 70 -110 -24 0 1 0 0 0 1 0 0 0 1 3710.dat
1 70 -40 -24 0 1 0 0 0 1 0 0 0 1 3623.dat
1 70 0 -88 0 1 0 0 0 1 0 0 0 1 3623.dat
1 72 0 -96 0 1 0 0 0 1 0 0 0 1 3623.dat
1 70 20 -48 0 1 0 0 0 1 0 0 0 1 3623.dat
1 70 -140 -48 0 0 0 1 0 1 0 -1 0 0 4070.dat
1 40 -140 -48 0 0 0 1 0 1 0 -1 0 0 54200.dat
1 71 10 0 0 1 0 0 0 1 0 0 0 1 3023.dat
1 71 -30 0 0 1 0 0 0 1 0 0 0 1 3023.dat
1 71 10 -56 0 1 0 0 0 1 0 0 0 1 3023.dat
1 71 -110 -56 0 1 0 0 0 1 0 0 0 1 92280.dat
1 70 -30 -32 0 1 0 0 0 1 0 0 0 1 3023.dat
1 14 30 -60 -18 1 0 0 0 0 -1 0 1 0 3022.dat
1 14 30 -60 18 -1 0 0 0 0 -1 0 -1 0 3022.dat
1 70 -20 -80 0 0 0 1 0 1 0 -1 0 0 60481.dat
1 70 -70 -32 0 1 0 0 0 1 0 0 0 1 3069b.dat
1 71 -70 0 0 1 0 0 0 1 0 0 0 1 60470b.dat
1 72 40 -16 0 0 0 -1 0 1 0 1 0 0 4287.dat
1 72 80 -40 0 0 0 -1 0 1 0 1 0 0 4287.dat
1 72 -120 -28 -18 0 0 1 1 0 0 0 1 0 43723.dat
1 36 -154 -38 0 0 1 0 1 0 0 0 0 -1 3070b.dat
1 72 -120 -28 18 0 0 1 -1 0 0 0 -1 0 43722.dat
1 72 50 -40 0 -1 0 0 0 1 0 0 0 -1 3004.dat
1 72 50 -72 0 -1 0 0 0 1 0 0 0 -1 3004.dat
1 72 80 -72 0 0 0 -1 0 1 0 1 0 0 60477.dat
1 72 40 -96 0 0 0 -1 0 1 0 1 0 0 60477.dat
1 72 -20 -120 0 0 0 -1 0 1 0 1 0 0 60477.dat
1 72 20 -60 -34 0 0 -1 -1 0 0 0 1 0 6069.dat
1 72 -10 -50 -34 1 0 0 0 0 -1 0 1 0 3039.dat
1 72 -10 -70 -34 -1 0 0 0 0 1 0 1 0 3039.dat
1 72 -10 -50 34 -1 0 0 0 0 -1 0 -1 0 3039.dat
1 72 -10 -70 34 1 0 0 0 0 1 0 -1 0 3039.dat
1 72 10 -60 -42 -1 0 0 0 0 1 0 1 0 3068b.dat
1 72 10 -60 42 1 0 0 0 0 1 0 -1 0 3068b.dat
1 72 20 -60 34 0 0 -1 1 0 0 0 -1 0 6069.dat
1 0 10 -40 0 -1 0 0 0 1 0 0 0 -1 52107.dat
1 0 -100 -62 0 0 -0.707107 0.707107 0 0.707107 0.707107 -1 0 0 30031.dat
1 0 10 -80 0 -1 0 0 0 1 0 0 0 -1 52107.dat
1 0 -110 -48 0 -1 0 0 0 1 0 0 0 -1 52107.dat
1 72 -100 -16 0 0 0 1 0 1 0 -1 0 0 4287.dat
1 40 -120 -56 0 0 0 1 0 1 0 -1 0 0 54200.dat
0
0
