0 FILE Republic Frigate.ldr
0 Republic Frigate
0 Name: Republic Frigate.ldr
0 Author: LDraw
0 Unofficial Model
0 ROTATION CENTER 0 0 0 1 "Custom" 
0 ROTATION CONFIG 0 0
1 0 -512 48 596 0 0 1 0 1 0 -1 0 0 Yoda.ldr
1 0 -512 32 506 0 0 1 0 1 0 -1 0 0 Quinlan Vos.ldr
1 0 -512 32 416 0 0 1 0 1 0 -1 0 0 Eeth Koth.ldr
1 0 -512 30 326 0 0 1 0 1 0 -1 0 0 Cmdr Wolff.ldr
1 0 -512 32 246 0 0 1 0 1 0 -1 0 0 Wolfpack Clone.ldr
1 0 -338 -149 244 0 0.382683 -0.92388 0 0.92388 0.382683 1 0 0 Part 1.ldr
0
0 FILE Wolfpack Clone.ldr
0 Wolfpack Clone
0 Name: Wolfpack Clone.ldr
0 Author: LDraw
0 Unofficial Model
0 ROTATION CENTER 0 0 0 1 "Custom" 
0 ROTATION CONFIG 0 0
1 15 0 -27 0 1 0 0 0 1 0 0 0 1 30408p01.dat
1 78 0 -27 0 1 0 0 0 1 0 0 0 1 3626bp01.dat
1 15 0 0 0 1 0 0 0 1 0 0 0 1 3838.dat
1 15 0 0 0 1 0 0 0 1 0 0 0 1 973psu.dat
1 0 0 32 0 1 0 0 0 1 0 0 0 1 3815.dat
1 379 -15.552 9 0 0.985 -0.17 0 0.17 0.985 0 0 0 1 3818.dat
1 379 15.552 9 0 0.985 0.17 0 -0.17 0.985 0 0 0 1 3819.dat
1 0 -23.8634 26.5956 -10.321 0.985 -0.12019 0.12019 0.17 0.696395 -0.696395 0 0.707 0.707 3820.dat
1 0 23.8634 26.5956 -10.321 0.985 0.12019 -0.12019 -0.17 0.696395 -0.696395 0 0.707 0.707 3820.dat
1 0 -24.6826 31.3422 -19.2547 0.985 -0.0874983 0.14567 0.17 0.506976 -0.844031 0 0.856884 0.514696 58247.dat
1 379 0 44 0 1 0 0 0 1 0 0 0 1 3816.dat
1 379 0 44 0 1 0 0 0 1 0 0 0 1 3817.dat
0
0 FILE Cmdr Wolff.ldr
0 Cmdr Wolff
0 Name: Cmdr Wolff.ldr
0 Author: LDraw
0 Unofficial Model
0 ROTATION CENTER 0 0 0 1 "Custom" 
0 ROTATION CONFIG 0 0
1 15 0 -24 0 1 0 0 0 1 0 0 0 1 30408p01.dat
1 78 0 -24 0 1 0 0 0 1 0 0 0 1 3626bp01.dat
1 15 0 0 0 1 0 0 0 1 0 0 0 1 973psu.dat
1 0 0 34 0 1 0 0 0 1 0 0 0 1 3815.dat
1 0 0 32 0 1 0 0 0 1 0 0 0 1 61190c.dat
1 379 -15.552 9 0 0.985 -0.17 0 0.17 0.985 0 0 0 1 3818.dat
1 379 15.552 9 0 0.985 0.17 0 -0.17 0.985 0 0 0 1 3819.dat
1 0 -23.8634 26.5956 -10.321 0.985 -0.12019 0.12019 0.17 0.696395 -0.696395 0 0.707 0.707 3820.dat
1 0 23.8634 26.5956 -10.321 0.985 0.12019 -0.12019 -0.17 0.696395 -0.696395 0 0.707 0.707 3820.dat
1 0 -24.6826 31.3422 -19.2547 0.985 -0.0874983 0.14567 0.17 0.506976 -0.844031 0 0.856884 0.514696 61190a.dat
1 0 24.6826 31.3422 -19.2547 0.985 0.0874983 -0.14567 -0.17 0.506976 -0.844031 0 0.856884 0.514696 61190a.dat
1 379 0 46 0 1 0 0 0 1 0 0 0 1 3816.dat
1 379 0 46 0 1 0 0 0 1 0 0 0 1 3817.dat
0
0 FILE Eeth Koth.ldr
0 Eeth Koth
0 Name: Eeth Koth.ldr
0 Author: LDraw
0 Unofficial Model
0 ROTATION CENTER 0 0 0 1 "Custom" 
0 ROTATION CONFIG 0 0
1 84 0 -24 0 1 0 0 0 1 0 0 0 1 92761.dat
1 84 0 -24 0 1 0 0 0 1 0 0 0 1 3626bp01.dat
1 28 0 0 0 1 0 0 0 1 0 0 0 1 973.dat
1 28 0 32 0 1 0 0 0 1 0 0 0 1 3815.dat
1 15 -15.552 9 0 0.985 -0.17 0 0.17 0.985 0 0 0 1 3818.dat
1 15 15.552 9 0 0.985 0.17 0 -0.17 0.985 0 0 0 1 3819.dat
1 0 -23.8634 26.5956 -10.321 0.985 -0.12019 0.12019 0.17 0.696395 -0.696395 0 0.707 0.707 3820.dat
1 0 23.8634 26.5956 -10.321 0.985 0.12019 -0.12019 -0.17 0.696395 -0.696395 0 0.707 0.707 3820.dat
1 42 -23.1951 22.7236 -33.8217 0.985 -0.0874983 0.14567 0.17 0.506976 -0.844031 0 0.856884 0.514696 577bc01.dat
1 28 0 44 0 1 0 0 0 1 0 0 0 1 3816.dat
1 28 0 44 0 1 0 0 0 1 0 0 0 1 3817.dat
0
0 FILE Quinlan Vos.ldr
0 Quinlan Vos
0 Name: Quinlan Vos.ldr
0 Author: LDraw
0 Unofficial Model
0 ROTATION CENTER 0 0 0 1 "Custom" 
0 ROTATION CONFIG 0 0
1 0 0 -24 0 1 0 0 0 1 0 0 0 1 40251.dat
1 92 0 -24 0 1 0 0 0 1 0 0 0 1 3626bp01.dat
1 308 0 0 0 1 0 0 0 1 0 0 0 1 973.dat
1 0 0 32 0 1 0 0 0 1 0 0 0 1 3815.dat
1 92 -15.552 9 0 0.985 -0.17 0 0.17 0.985 0 0 0 1 3818.dat
1 92 15.552 9 0 0.985 0.17 0 -0.17 0.985 0 0 0 1 3819.dat
1 0 -23.8634 26.5956 -10.321 0.985 -0.12019 0.12019 0.17 0.696395 -0.696395 0 0.707 0.707 3820.dat
1 0 23.8634 26.5956 -10.321 0.985 0.12019 -0.12019 -0.17 0.696395 -0.696395 0 0.707 0.707 3820.dat
1 42 -23.1951 22.7236 -33.8217 0.985 -0.0874983 0.14567 0.17 0.506976 -0.844031 0 0.856884 0.514696 577bc01.dat
1 0 0 44 0 1 0 0 0 1 0 0 0 1 3816.dat
1 0 0 44 0 1 0 0 0 1 0 0 0 1 3817.dat
0
0 FILE Yoda.ldr
0 Yoda
0 Name: Yoda.ldr
0 Author: LDraw
0 Unofficial Model
0 ROTATION CENTER 0 0 0 1 "Custom" 
0 ROTATION CONFIG 0 0
1 378 0 0 0 1 0 0 0 1 0 0 0 1 41880.dat
1 19 0 0 0 1 0 0 0 1 0 0 0 1 973prg.dat
1 19 0 32 0 1 0 0 0 1 0 0 0 1 41879a.dat
1 19 -15.552 9 0 0.985 -0.17 0 0.17 0.985 0 0 0 1 3818.dat
1 19 15.552 9 0 0.985 0.17 0 -0.17 0.985 0 0 0 1 3819.dat
1 378 -23.8634 26.5956 -10.321 0.985 -0.12019 0.12019 0.17 0.696395 -0.696395 0 0.707 0.707 3820.dat
1 378 23.8634 26.5956 -10.321 0.985 0.12019 -0.12019 -0.17 0.696395 -0.696395 0 0.707 0.707 3820.dat
1 42 -23.1951 22.7236 -33.8217 0.985 -0.0874983 0.14567 0.17 0.506976 -0.844031 0 0.856884 0.514696 577bc01.dat
0
0 FILE Part 1.ldr
0 Part 1
0 Name: Part 1.ldr
0 Author: LDraw
0 Unofficial Model
0 ROTATION CENTER 0 0 0 1 "Custom" 
0 ROTATION CONFIG 0 0
1 0 0 0 0 1 0 0 0 1 0 0 0 1 32531.dat
1 0 -140 -120 -10 1 0 0 0 1 0 0 0 1 3894.dat
1 0 -210 -80 -20 0 0 1 0 1 0 -1 0 0 30540.dat
1 0 -210 -80 20 0 0 -1 0 1 0 1 0 0 30540.dat
1 0 -210 -120 -20 0 0 1 0 1 0 -1 0 0 30540.dat
1 0 -226.367 -130 -78.427 0 0.92388 -0.382683 -1 0 0 0 0.382683 0.92388 Part 17.ldr
1 0 -210 -120 20 0 0 -1 0 1 0 1 0 0 30540.dat
1 0 -226.367 -30 78.427 0 0.92388 -0.382683 1 0 0 0 -0.382683 -0.92388 Part 18.ldr
1 0 -100 -160 -10 1 0 0 0 1 0 0 0 1 44567.dat
1 0 -100 -160 10 -1 0 0 0 1 0 0 0 -1 44567.dat
1 0 120 -160 -10 1 0 0 0 1 0 0 0 1 44567.dat
1 0 -50 -140.188 -120.037 1 0 0 0 0.92388 -0.382683 0 0.382683 0.92388 Part 12.ldr
1 0 120 -160 10 -1 0 0 0 1 0 0 0 -1 44567.dat
1 0 -90 -140.188 120.037 -1 0 0 0 0.92388 -0.382683 0 -0.382683 -0.92388 Part 14.ldr
1 0 -140 -120 10 1 0 0 0 1 0 0 0 1 3894.dat
1 0 70 -32 0 0 0 -1 0 1 0 1 0 0 60479.dat
1 0 60 10 20 1 0 0 0 1 0 0 0 1 2780.dat
1 0 60 10 -20 1 0 0 0 1 0 0 0 1 2780.dat
1 0 20 10 40 0 0 -1 0 1 0 1 0 0 2780.dat
1 0 -20 10 40 0 0 -1 0 1 0 1 0 0 2780.dat
1 0 20 10 -40 0 0 -1 0 1 0 1 0 0 2780.dat
1 0 -20 10 -40 0 0 -1 0 1 0 1 0 0 2780.dat
1 0 20 -110 40 0 0 -1 0 1 0 1 0 0 2780.dat
1 0 -20 -110 40 0 0 -1 0 1 0 1 0 0 2780.dat
1 1 -40 -110 40 0 0 -1 0 1 0 1 0 0 4274.dat
1 1 -100 -110 40 0 0 -1 0 1 0 1 0 0 4274.dat
1 1 -190 -142 40 0 0 -1 0 1 0 1 0 0 43093.dat
1 1 -170 -142 40 0 0 -1 0 1 0 1 0 0 43093.dat
1 1 -170 -142 -40 0 0 1 0 1 0 -1 0 0 43093.dat
1 1 -190 -142 -40 0 0 1 0 1 0 -1 0 0 43093.dat
1 0 20 -110 -40 0 0 -1 0 1 0 1 0 0 2780.dat
1 0 160 -70 0 0 0 -1 0 1 0 1 0 0 2780.dat
1 0 240 -110 0 0 0 -1 0 1 0 1 0 0 2780.dat
1 0 220 -110 20 0 0 -1 0 1 0 1 0 0 2780.dat
1 0 220 -110 -20 0 0 -1 0 1 0 1 0 0 2780.dat
1 0 320 -70 0 0 0 -1 0 1 0 1 0 0 2780.dat
1 0 340 -70 -20 0 0 -1 0 1 0 1 0 0 2780.dat
1 0 340 -70 20 0 0 -1 0 1 0 1 0 0 2780.dat
1 0 300 -70 -20 0 0 -1 0 1 0 1 0 0 2780.dat
1 0 300 -70 20 0 0 -1 0 1 0 1 0 0 2780.dat
1 0 -20 -110 -40 0 0 -1 0 1 0 1 0 0 2780.dat
1 0 -20 -50 -50 -1 0 0 0 0 1 0 1 0 32524.dat
1 0 20 -50 -50 -1 0 0 0 0 1 0 1 0 32524.dat
1 0 -20 -50 50 -1 0 0 0 0 1 0 1 0 32524.dat
1 0 20 -50 50 -1 0 0 0 0 1 0 1 0 32524.dat
1 1 -70 10 20 -1 0 0 0 1 0 0 0 -1 6558.dat
1 1 -70 10 -20 -1 0 0 0 1 0 0 0 -1 6558.dat
1 1 -90 10 -100 -1 0 0 0 1 0 0 0 -1 6558.dat
1 1 -90 10 100 -1 0 0 0 1 0 0 0 -1 6558.dat
1 1 90 10 -100 1 0 0 0 0.92388 0.382683 0 -0.382683 0.92388 6558.dat
1 1 90 10 100 1 0 0 0 0.92388 -0.382683 0 0.382683 0.92388 6558.dat
1 71 -70 0 0 0 0 1 0 1 0 -1 0 0 3895.dat
1 71 -70 -24 60 0 0 1 0 1 0 -1 0 0 3009.dat
1 71 -70 -24 -60 0 0 1 0 1 0 -1 0 0 3009.dat
1 71 70 -24 60 0 0 1 0 1 0 -1 0 0 3009.dat
1 71 70 -24 -60 0 0 1 0 1 0 -1 0 0 3009.dat
1 71 100 -49 14 -1 0 0 0 0 -1 0 -1 0 Part 8.ldr
1 71 -130 -24 -20 0 0 1 0 1 0 -1 0 0 30365.dat
1 71 -130 -24 20 0 0 -1 0 1 0 1 0 0 30365.dat
1 71 -150 -24 -20 0 0 1 0 1 0 -1 0 0 30365.dat
1 71 -90 -8.851 -84.605 1 0 0 0 -0.92388 -0.382683 0 0.382683 -0.92388 Part 7.ldr
1 71 -150 -24 20 0 0 -1 0 1 0 1 0 0 30365.dat
1 71 -130 -8.851 84.605 -1 0 0 0 -0.92388 -0.382683 0 -0.382683 0.92388 Part 6.ldr
1 71 -150 -14 -50 0 0 -1 0 1 0 1 0 0 Her.dat
1 71 -110 0 0 0 0 1 0 1 0 -1 0 0 3895.dat
1 72 -110 -24 0 0 0 1 0 1 0 -1 0 0 3010.dat
1 72 -50 -24 0 0 0 1 0 1 0 -1 0 0 3010.dat
1 72 110 -24 0 0 0 1 0 1 0 -1 0 0 3010.dat
1 72 -150 -56 0 0 0 1 0 1 0 -1 0 0 3010.dat
1 72 -50 -56 0 0 0 1 0 1 0 -1 0 0 3010.dat
1 72 70 -56 0 0 0 1 0 1 0 -1 0 0 3010.dat
1 72 0 -80 -30 1 0 0 0 1 0 0 0 1 3703.dat
1 72 240 -88 0 1 0 0 0 1 0 0 0 1 2445.dat
1 0 280 -88 -80 1 0 0 0 1 0 0 0 1 3036.dat
1 0 480 -88 -140 1 0 0 0 1 0 0 0 1 3029.dat
1 0 360 -96 -280 1 0 0 0 1 0 0 0 1 10247.dat
1 0 580 -96 -180 0 0 1 0 1 0 -1 0 0 10247.dat
1 0 530 -46 -80 0 1 0 0 0 -1 -1 0 0 Part 15.ldr
1 0 530 -46 -360 0 1 0 0 0 -1 -1 0 0 Part 16.ldr
1 0 530 -126 360 0 1 0 0 0 1 1 0 0 Part 16.ldr
1 0 580 -96 -100 0 0 -1 0 1 0 1 0 0 10247.dat
1 0 580 -96 100 0 0 1 0 1 0 -1 0 0 10247.dat
1 0 580 -96 180 0 0 -1 0 1 0 1 0 0 10247.dat
1 0 360 -96 0 1 0 0 0 1 0 0 0 1 10247.dat
1 0 360 -96 280 1 0 0 0 1 0 0 0 1 10247.dat
1 0 480 -88 140 1 0 0 0 1 0 0 0 1 3029.dat
1 0 360 -96 230 0 0 -1 0 1 0 1 0 0 3021.dat
1 0 290 -112 0 -1 0 0 0 1 0 0 0 -1 3021.dat
1 0 130 -168 0 -1 0 0 0 1 0 0 0 -1 3021.dat
1 0 180 -184 10 1 0 0 0 1 0 0 0 1 92280.dat
1 0 180 -184 -10 1 0 0 0 1 0 0 0 1 92280.dat
1 71 140 -192 -10 0 0 1 0 1 0 -1 0 0 61678.dat
1 71 140 -192 10 0 0 1 0 1 0 -1 0 0 61678.dat
1 71 170 -176 0 -1 0 0 0 1 0 0 0 -1 3021.dat
1 0 360 -96 -50 0 0 1 0 1 0 -1 0 0 3021.dat
1 0 360 -96 50 0 0 1 0 1 0 -1 0 0 3021.dat
1 0 280 -88 80 1 0 0 0 1 0 0 0 1 3036.dat
1 320 160 -96 0 1 0 0 0 1 0 0 0 1 3020.dat
1 320 140 -152 0 1 0 0 0 1 0 0 0 1 3020.dat
1 320 210 -128 0 0 0 -1 0 1 0 1 0 0 3710.dat
1 71 210 -136 0 0 0 -1 0 1 0 1 0 0 3710.dat
1 71 160 -160 0 0 0 -1 0 1 0 1 0 0 3022.dat
1 71 360 -168 0 0 0 -1 0 1 0 1 0 0 3022.dat
1 71 230 -128 -60 0 0 -1 0 1 0 1 0 0 3710.dat
1 71 280 -128 110 -1 0 0 0 1 0 0 0 -1 6636.dat
1 71 280 -128 -110 -1 0 0 0 1 0 0 0 -1 6636.dat
1 71 230 -128 60 0 0 -1 0 1 0 1 0 0 3710.dat
1 72 -200 -56 0 1 0 0 0 1 0 0 0 1 3031.dat
1 4 -100 -88 -30 1 0 0 0 1 0 0 0 1 3666.dat
1 4 -160 -152 0 1 0 0 0 1 0 0 0 1 3007.dat
1 4 -170 -130.519 97.716 0 0 1 -0.382683 0.92388 0 -0.92388 -0.382683 0 32062.dat
1 71 -170 -142 70 1 0 0 0 -0.92388 -0.382683 0 0.382683 -0.92388 32016.dat
1 72 -190 -142 70 -1 0 0 0 -1 0 0 0 1 32013.dat
1 0 -180 -142 70 -1 0 0 0 -0.92388 -0.382683 0 -0.382683 0.92388 2780.dat
1 4 -170.284 -130.519 -98 0 0 -1 -0.382683 0.92388 0 0.92388 0.382683 0 32062.dat
1 71 -170.284 -142 -70.284 -1 0 0 0 -0.92388 -0.382683 0 -0.382683 0.92388 32016.dat
1 72 -190.284 -142 -70.284 1 0 0 0 -1 0 0 0 -1 32013.dat
1 0 -180.284 -142 -70.284 1 0 0 0 -0.92388 -0.382683 0 0.382683 -0.92388 2780.dat
1 4 -400 -120 0 1 0 0 0 1 0 0 0 1 2654.dat
1 4 -160 -80 -10 1 0 0 0 1 0 0 0 1 3701.dat
1 4 180 -120 -10 1 0 0 0 1 0 0 0 1 3702.dat
1 71 240 -80 -10 1 0 0 0 1 0 0 0 1 3895.dat
1 71 30 -64 -70 -1 0 0 0 1 0 0 0 -1 Part 10.ldr
1 71 230 -64 70 1 0 0 0 1 0 0 0 1 Part 11.ldr
1 71 260 -120 30 1 0 0 0 1 0 0 0 1 3894.dat
1 71 260 -120 -30 1 0 0 0 1 0 0 0 1 3894.dat
1 71 280 -120 -110 1 0 0 0 1 0 0 0 1 3010.dat
1 71 330 -176 0 0 0 -1 0 1 0 1 0 0 3010.dat
1 71 160 -144 -10 1 0 0 0 1 0 0 0 1 3297.dat
1 71 290 -184 -50 1 0 0 0 1 0 0 0 1 3297.dat
1 71 250 -216 0 0 0 1 0 1 0 -1 0 0 3297.dat
1 46 220 -184 0 0 0 1 0 1 0 -1 0 0 2654.dat
1 71 320 -192 -50 0 0 -1 0 1 0 1 0 0 4592.dat
1 0 320 -192 -50 0 -0.707107 -0.707107 0 0.707107 -0.707107 1 0 0 4593.dat
1 71 290 -184 50 -1 0 0 0 1 0 0 0 -1 3297.dat
1 71 160 -144 10 -1 0 0 0 1 0 0 0 -1 3297.dat
1 71 280 -120 110 1 0 0 0 1 0 0 0 1 3010.dat
1 71 330 -120 110 0 0 -1 0 1 0 1 0 0 4070.dat
1 72 220 -120 80 -1 0 0 0 1 0 0 0 -1 43721.dat
1 72 220 -120 -80 1 0 0 0 1 0 0 0 1 43720.dat
1 72 240 -152 60 -1 0 0 0 1 0 0 0 -1 43721.dat
1 72 240 -152 -60 1 0 0 0 1 0 0 0 1 43720.dat
1 72 360 -120 -60 1 0 0 0 1 0 0 0 1 43721.dat
1 72 110 -144 0 0 0 1 0 1 0 -1 0 0 2877.dat
1 72 210 -160 0 0 0 1 0 1 0 -1 0 0 2877.dat
1 72 190 -168 0 0 0 1 0 1 0 -1 0 0 2419.dat
1 72 280 -152 -90 1 0 0 0 1 0 0 0 1 2877.dat
1 72 230 -176 -30 1 0 0 0 1 0 0 0 1 3623.dat
1 72 230 -176 30 1 0 0 0 1 0 0 0 1 3623.dat
1 72 250 -192 -30 1 0 0 0 1 0 0 0 1 3623.dat
1 72 280 -224 0 1 0 0 0 1 0 0 0 1 3031.dat
1 72 250 -192 30 1 0 0 0 1 0 0 0 1 3623.dat
1 72 280 -152 90 -1 0 0 0 1 0 0 0 -1 2877.dat
1 72 250 -144 0 0 0 1 0 1 0 -1 0 0 3660.dat
1 72 130 -56 0 0 0 -1 0 1 0 1 0 0 3660.dat
1 72 360 -120 60 -1 0 0 0 1 0 0 0 -1 43720.dat
1 71 240 -96 60 0 0 -1 0 1 0 1 0 0 3032.dat
1 71 240 -96 -60 0 0 -1 0 1 0 1 0 0 3032.dat
1 71 300 -128 -60 -1 0 0 0 1 0 0 0 -1 3032.dat
1 71 300 -128 60 -1 0 0 0 1 0 0 0 -1 3032.dat
1 71 350 -128 0 -1 0 0 0 1 0 0 0 -1 3002.dat
1 72 340 -152 -60 1 0 0 0 1 0 0 0 1 43721.dat
1 72 380 -86 -280 0 1 0 -1 0 0 0 0 1 2460.dat
1 71 388 -86 -280 0 1 0 -1 0 0 0 0 1 44375a.dat
1 72 340 -152 60 -1 0 0 0 1 0 0 0 -1 43720.dat
1 71 350 -152 0 -1 0 0 0 1 0 0 0 -1 3002.dat
1 71 210 -160 30 0 0 -1 0 1 0 1 0 0 3665.dat
1 71 210 -160 -30 0 0 -1 0 1 0 1 0 0 3665.dat
1 46 250 -160 -30 0 0 -1 0 1 0 1 0 0 4073.dat
1 46 250 -160 30 0 0 -1 0 1 0 1 0 0 4073.dat
1 71 340 -96 -140 0 0 -1 0 1 0 1 0 0 3958.dat
1 71 340 -96 140 0 0 -1 0 1 0 1 0 0 3958.dat
1 71 500 -96 -140 0 0 -1 0 1 0 1 0 0 3958.dat
1 71 500 -96 140 0 0 -1 0 1 0 1 0 0 3958.dat
1 71 400 -80 140 -1 0 0 0 1 0 0 0 -1 4282.dat
1 71 400 -80 -140 -1 0 0 0 1 0 0 0 -1 4282.dat
1 71 370 -104 220 0 0 -1 0 1 0 1 0 0 3460.dat
1 71 320 -96 0 0 0 -1 0 1 0 1 0 0 3034.dat
1 71 370 -104 -220 0 0 -1 0 1 0 1 0 0 3460.dat
1 71 350 -104 280 0 0 -1 0 1 0 1 0 0 2412b.dat
1 71 350 -104 -280 0 0 -1 0 1 0 1 0 0 2412b.dat
1 28 420 -96 130 -1 0 0 0 1 0 0 0 -1 3023.dat
1 28 590 -96 140 0 0 1 0 1 0 -1 0 0 3023.dat
1 28 290 -96 0 0 0 1 0 1 0 -1 0 0 3023.dat
1 28 590 -96 -140 0 0 1 0 1 0 -1 0 0 3023.dat
1 28 420 -96 -130 -1 0 0 0 1 0 0 0 -1 3023.dat
1 28 360 -160 -10 -1 0 0 0 1 0 0 0 -1 3023.dat
1 28 360 -160 10 -1 0 0 0 1 0 0 0 -1 3023.dat
1 28 420 -104 -130 -1 0 0 0 1 0 0 0 -1 6636.dat
1 72 590 -104 -140 0 0 1 0 1 0 -1 0 0 6636.dat
1 28 560 -104 -140 0 0 1 0 1 0 -1 0 0 3795.dat
1 72 590 -104 140 0 0 1 0 1 0 -1 0 0 6636.dat
1 28 560 -104 140 0 0 1 0 1 0 -1 0 0 3795.dat
1 28 420 -104 130 -1 0 0 0 1 0 0 0 -1 6636.dat
1 28 320 -104 0 -1 0 0 0 1 0 0 0 -1 3795.dat
1 71 240 -96 160 -1 0 0 0 1 0 0 0 -1 30503.dat
1 71 240 -96 -160 0 0 1 0 1 0 -1 0 0 30503.dat
1 71 280 -88 -220 0 0 1 0 1 0 -1 0 0 30504.dat
1 71 280 -88 220 -1 0 0 0 1 0 0 0 -1 30504.dat
1 72 310 -96 230 -1 0 0 0 1 0 0 0 -1 2450.dat
1 0 360 -96 -230 0 0 -1 0 1 0 1 0 0 3021.dat
1 72 310 -96 -230 0 0 1 0 1 0 -1 0 0 2450.dat
1 71 240 -80 10 1 0 0 0 1 0 0 0 1 3895.dat
1 71 320 -80 -60 0 0 -1 0 1 0 1 0 0 32324.dat
1 71 320 -80 60 0 0 -1 0 1 0 1 0 0 32324.dat
1 4 180 -120 10 1 0 0 0 1 0 0 0 1 3702.dat
1 4 -160 -80 10 1 0 0 0 1 0 0 0 1 3701.dat
1 71 -120 -128 0 1 0 0 0 1 0 0 0 1 3020.dat
1 4 -70 -120 0 0 0 -1 0 1 0 1 0 0 3039.dat
1 4 60 -136 0 0 0 -1 0 1 0 1 0 0 4032b.dat
1 4 -140 -70 -30 0 0 -1 0 1 0 1 0 0 32054.dat
1 4 -140 -70 30 0 0 1 0 1 0 -1 0 0 32054.dat
1 4 140 -70 -30 0 0 -1 0 1 0 1 0 0 32054.dat
1 4 140 -70 30 0 0 1 0 1 0 -1 0 0 32054.dat
1 4 -140 -110 -30 0 0 -1 0 1 0 1 0 0 32054.dat
1 4 -140 -110 30 0 0 1 0 1 0 -1 0 0 32054.dat
1 4 -120 -110 -30 0 0 -1 0 1 0 1 0 0 32054.dat
1 4 -120 -110 30 0 0 1 0 1 0 -1 0 0 32054.dat
1 4 120 -110 -30 0 0 -1 0 1 0 1 0 0 32054.dat
1 4 120 -110 30 0 0 1 0 1 0 -1 0 0 32054.dat
1 1 140 -110 30 0 0 1 0 1 0 -1 0 0 6558.dat
1 1 140 -110 -30 0 0 -1 0 1 0 1 0 0 6558.dat
1 1 160 -90 -60 0 0 1 0 1 0 -1 0 0 43093.dat
1 71 160 -110 -60 0 0 1 0 1 0 -1 0 0 4274.dat
1 71 160 -90 -68 0 0 1 1 0 0 0 1 0 60474.dat
1 320 160 -90 -84 0 0 1 1 0 0 0 1 0 3960.dat
1 71 160 -90 68 0 0 -1 1 0 0 0 -1 0 60474.dat
1 320 160 -90 84 0 0 -1 1 0 0 0 -1 0 3960.dat
1 4 100 -88 -30 1 0 0 0 1 0 0 0 1 3666.dat
1 4 -100 -88 30 1 0 0 0 1 0 0 0 1 3666.dat
1 4 -20 -128 -30 1 0 0 0 1 0 0 0 1 3666.dat
1 4 -20 -128 30 1 0 0 0 1 0 0 0 1 3666.dat
1 4 100 -88 30 1 0 0 0 1 0 0 0 1 3666.dat
1 72 0 -80 30 1 0 0 0 1 0 0 0 1 3703.dat
1 72 0 -120 -30 1 0 0 0 1 0 0 0 1 3703.dat
1 72 160 -70 -50 1 0 0 0 0 -1 0 1 0 60484.dat
1 1 160 -90 50 0 0 -1 0 1 0 1 0 0 43093.dat
1 71 160 -110 50 0 0 -1 0 1 0 1 0 0 4274.dat
1 72 160 -70 40 -1 0 0 0 0 -1 0 -1 0 60484.dat
1 72 -220 -152 -30 1 0 0 0 1 0 0 0 1 2877.dat
1 72 -510 -152 0 0 0 -1 0 1 0 1 0 0 3298.dat
1 72 -220 -152 30 -1 0 0 0 1 0 0 0 -1 2877.dat
1 72 -240 -120 -30 1 0 0 0 1 0 0 0 1 2877.dat
1 72 -240 -120 30 -1 0 0 0 1 0 0 0 -1 2877.dat
1 72 -440 -184 -30 1 0 0 0 1 0 0 0 1 2877.dat
1 72 -520 -208 30 1 0 0 0 1 0 0 0 1 2877.dat
1 72 -520 -208 -30 -1 0 0 0 1 0 0 0 -1 2877.dat
1 40 -580 -208 -30 -1 0 0 0 1 0 0 0 -1 3066.dat
1 40 -630 -208 0 0 0 1 0 1 0 -1 0 0 3066.dat
1 40 -580 -208 30 -1 0 0 0 1 0 0 0 -1 3066.dat
1 72 -270 -208 0 0 0 -1 0 1 0 1 0 0 2877.dat
1 72 -440 -184 30 -1 0 0 0 1 0 0 0 -1 2877.dat
1 72 -644 -108 0 0 1 0 1 0 0 0 0 -1 2456.dat
1 72 -656 -158 0 0 1 0 0 0 -1 -1 0 0 30162.dat
1 72 -560 -152 30 -1 0 0 0 1 0 0 0 -1 2877.dat
1 72 -250 -152 0 0 0 1 0 1 0 -1 0 0 3010.dat
1 72 0 -120 30 1 0 0 0 1 0 0 0 1 3703.dat
1 72 60 -160 0 1 0 0 0 1 0 0 0 1 30367c.dat
1 72 -70 -40 -80 0 0 1 0 1 0 -1 0 0 2431.dat
1 320 -120 -128 -30 1 0 0 0 1 0 0 0 1 2431.dat
1 320 320 -104 -210 1 0 0 0 1 0 0 0 1 2431.dat
1 320 250 -120 -90 1 0 0 0 1 0 0 0 1 3062b.dat
1 320 250 -120 90 1 0 0 0 1 0 0 0 1 3062b.dat
1 320 280 -104 -170 1 0 0 0 1 0 0 0 1 2431.dat
1 320 240 -104 -130 1 0 0 0 1 0 0 0 1 2431.dat
1 320 320 -104 -130 1 0 0 0 1 0 0 0 1 2431.dat
1 320 -470 -232 0 0 0 -1 0 1 0 1 0 0 2431.dat
1 320 -40 -168 -30 1 0 0 0 1 0 0 0 1 6191.dat
1 320 -40 -168 30 -1 0 0 0 1 0 0 0 -1 6191.dat
1 320 -120 -128 30 1 0 0 0 1 0 0 0 1 2431.dat
1 72 70 -40 -80 0 0 1 0 1 0 -1 0 0 2431.dat
1 72 -70 -40 80 0 0 1 0 1 0 -1 0 0 2431.dat
1 72 70 -40 80 0 0 1 0 1 0 -1 0 0 2431.dat
1 71 -140 0 0 0 0 1 0 1 0 -1 0 0 3001.dat
1 4 -90 0 0 0 0 1 0 1 0 -1 0 0 3701.dat
1 71 70 0 0 0 0 1 0 1 0 -1 0 0 3895.dat
1 71 110 0 0 0 0 1 0 1 0 -1 0 0 3895.dat
1 320 110 24 0 0 0 1 0 1 0 -1 0 0 3710.dat
1 320 110 -32 0 0 0 1 0 1 0 -1 0 0 3710.dat
1 320 -590 -136 0 0 0 1 0 1 0 -1 0 0 3710.dat
1 320 -620 -176 0 0 0 1 0 1 0 -1 0 0 3020.dat
1 320 -480 -216 0 0 0 1 0 1 0 -1 0 0 3020.dat
1 320 -620 -224 0 0 0 1 0 1 0 -1 0 0 3020.dat
1 320 -590 -176 -30 0 0 1 0 1 0 -1 0 0 3024.dat
1 320 -590 -176 30 0 0 1 0 1 0 -1 0 0 3024.dat
1 320 -590 -224 -30 0 0 1 0 1 0 -1 0 0 3024.dat
1 320 -590 -224 30 0 0 1 0 1 0 -1 0 0 3024.dat
1 320 -590 -144 0 0 0 1 0 1 0 -1 0 0 3710.dat
1 320 -540 -216 30 1 0 0 0 1 0 0 0 1 3710.dat
1 320 -540 -216 -30 1 0 0 0 1 0 0 0 1 3710.dat
1 320 -610 -56 0 0 0 1 0 1 0 -1 0 0 3710.dat
1 320 -140 -160 0 0 0 -1 0 1 0 1 0 0 43719.dat
1 320 10 -152 0 0 0 -1 0 1 0 1 0 0 3710.dat
1 320 -260 -208 -30 -1 0 0 0 1 0 0 0 -1 3069b.dat
1 320 340 -104 -250 -1 0 0 0 1 0 0 0 -1 3069b.dat
1 320 340 -104 -170 -1 0 0 0 1 0 0 0 -1 3069b.dat
1 320 320 -104 210 1 0 0 0 1 0 0 0 1 2431.dat
1 320 280 -104 170 1 0 0 0 1 0 0 0 1 2431.dat
1 320 240 -104 130 1 0 0 0 1 0 0 0 1 2431.dat
1 320 320 -104 130 1 0 0 0 1 0 0 0 1 2431.dat
1 320 340 -104 250 -1 0 0 0 1 0 0 0 -1 3069b.dat
1 320 340 -104 170 -1 0 0 0 1 0 0 0 -1 3069b.dat
1 320 -260 -208 30 -1 0 0 0 1 0 0 0 -1 3069b.dat
1 320 10 -152 -30 1 0 0 0 1 0 0 0 1 54200.dat
1 320 -250 -176 0 0 0 -1 0 1 0 1 0 0 54200.dat
1 320 10 -152 30 -1 0 0 0 1 0 0 0 -1 54200.dat
1 320 -430 -216 -30 1 0 0 0 1 0 0 0 1 54200.dat
1 320 -430 -216 30 -1 0 0 0 1 0 0 0 -1 54200.dat
1 320 110 -8 -80 0 0 1 0 1 0 -1 0 0 3710.dat
1 320 110 -8 80 0 0 1 0 1 0 -1 0 0 3710.dat
1 320 -110 -8 -80 0 0 1 0 1 0 -1 0 0 3710.dat
1 320 -110 -8 80 0 0 1 0 1 0 -1 0 0 3710.dat
1 320 -70 -32 80 0 0 1 0 1 0 -1 0 0 3710.dat
1 320 -70 -32 -80 0 0 1 0 1 0 -1 0 0 3710.dat
1 71 60 24 0 0 0 1 0 1 0 -1 0 0 3020.dat
1 71 -100 24 0 1 0 0 0 1 0 0 0 1 3032.dat
1 71 -280 -128 0 1 0 0 0 1 0 0 0 1 3029.dat
1 71 -480 -120 -30 1 0 0 0 1 0 0 0 1 60479.dat
1 71 -600 -78 0 0 -1 0 0 0 -1 1 0 0 85984.dat
1 71 -580 -112 -30 0 0 -1 0 1 0 1 0 0 42023.dat
1 71 -580 -112 30 0 0 -1 0 1 0 1 0 0 42023.dat
1 71 -480 -120 30 1 0 0 0 1 0 0 0 1 60479.dat
1 71 -320 -160 0 1 0 0 0 1 0 0 0 1 3029.dat
1 71 -290 -184 30 1 0 0 0 1 0 0 0 1 4589.dat
1 71 -290 -184 -30 1 0 0 0 1 0 0 0 1 4589.dat
1 71 270 -216 30 1 0 0 0 1 0 0 0 1 4589.dat
1 71 270 -216 -30 1 0 0 0 1 0 0 0 1 4589.dat
1 71 -450 -208 30 1 0 0 0 1 0 0 0 1 4589.dat
1 71 -450 -208 -30 1 0 0 0 1 0 0 0 1 4589.dat
1 71 -604 -254 -10 0 1 0 -1 0 0 0 0 1 4589.dat
1 71 360 -110 110 0 -1 0 -1 0 0 0 0 -1 4589.dat
1 71 330 -120 -110 0 0 -1 0 1 0 1 0 0 4070.dat
1 71 310 -152 -90 1 0 0 0 1 0 0 0 1 4070.dat
1 71 310 -152 90 -1 0 0 0 1 0 0 0 -1 4070.dat
1 71 360 -110 -110 0 -1 0 -1 0 0 0 0 -1 4589.dat
1 71 -604 -254 10 0 1 0 -1 0 0 0 0 1 4589.dat
1 71 -440 -128 0 1 0 0 0 1 0 0 0 1 64799.dat
1 71 -180 -152 -30 1 0 0 0 1 0 0 0 1 32000.dat
1 71 -550 -264 0 0 0 -1 0 1 0 1 0 0 32000.dat
1 71 -570 -264 0 0 0 -1 0 1 0 1 0 0 32000.dat
1 71 -580 -254 -10 -1 0 0 0 1 0 0 0 -1 61184.dat
1 71 -580 -254 10 -1 0 0 0 1 0 0 0 -1 61184.dat
1 71 -560 -272 0 0 0 -1 0 1 0 1 0 0 4150.dat
1 71 -440 -152 -30 1 0 0 0 1 0 0 0 1 32000.dat
1 71 -430 -142 -30 0 0 -1 0 1 0 1 0 0 32073.dat
1 71 -430 -142 -70 1 0 0 0 1 0 0 0 1 3713.dat
1 72 -450 -142 -20 0 0 -1 0 1 0 1 0 0 87083.dat
1 72 -430 -142 -45 0 0 -1 -1 0 0 0 1 0 41677.dat
1 72 -430 -142 -55 0 0 -1 -1 0 0 0 1 0 41677.dat
1 71 -360 -184 -30 1 0 0 0 1 0 0 0 1 3009.dat
1 71 -540 -184 30 1 0 0 0 1 0 0 0 1 30413.dat
1 71 -540 -184 -30 -1 0 0 0 1 0 0 0 -1 30413.dat
1 71 -360 -184 30 1 0 0 0 1 0 0 0 1 3009.dat
1 71 -320 -152 -30 1 0 0 0 1 0 0 0 1 3009.dat
1 71 -320 -152 30 1 0 0 0 1 0 0 0 1 3009.dat
1 71 -480 -152 30 1 0 0 0 1 0 0 0 1 3009.dat
1 71 -520 -152 -30 1 0 0 0 1 0 0 0 1 3009.dat
1 71 -400 -152 0 0 0 -1 0 1 0 1 0 0 3001.dat
1 71 -304 -32 140 0 1 0 0 0 1 1 0 0 Part 21.ldr
1 71 -340 -208 -30 1 0 0 0 1 0 0 0 1 3009.dat
1 71 -340 -208 30 1 0 0 0 1 0 0 0 1 3009.dat
1 71 -420 -208 0 0 0 -1 0 1 0 1 0 0 3001.dat
1 71 -480 -184 0 0 0 -1 0 1 0 1 0 0 3001.dat
1 71 0 -168 0 0 0 -1 0 1 0 1 0 0 3022.dat
1 71 -570 -152 0 0 0 -1 0 1 0 1 0 0 4865b.dat
1 71 -480 -208 -30 -1 0 0 0 1 0 0 0 -1 4865b.dat
1 71 -480 -208 30 1 0 0 0 1 0 0 0 1 4865b.dat
1 28 -540 -136 0 0 0 -1 0 1 0 1 0 0 3068b.dat
1 71 -180 -152 30 1 0 0 0 1 0 0 0 1 32000.dat
1 71 0 -136 -30 1 0 0 0 1 0 0 0 1 3460.dat
1 71 0 -136 30 1 0 0 0 1 0 0 0 1 3460.dat
1 71 -100 -32 0 1 0 0 0 1 0 0 0 1 3032.dat
1 71 -540 -128 0 1 0 0 0 1 0 0 0 1 3032.dat
1 71 -480 -120 10 1 0 0 0 1 0 0 0 1 60478.dat
1 71 -480 -120 -10 1 0 0 0 1 0 0 0 1 60478.dat
1 71 -80 -96 0 0 0 1 0 1 0 -1 0 0 6179.dat
1 71 -220 -88 0 0 0 1 0 1 0 -1 0 0 3020.dat
1 71 -230 -80 30 0 0 1 0 1 0 -1 0 0 3665.dat
1 71 -230 -80 -30 0 0 1 0 1 0 -1 0 0 3665.dat
1 71 -160 -88 0 1 0 0 0 1 0 0 0 1 3020.dat
1 320 -220 -96 0 0 0 1 0 1 0 -1 0 0 3020.dat
1 320 -160 -96 0 1 0 0 0 1 0 0 0 1 3020.dat
1 71 -70 -80 48 1 0 0 0 0 1 0 -1 0 6179.dat
1 71 60 -96 0 0 0 1 0 1 0 -1 0 0 3020.dat
1 71 60 -128 0 0 0 1 0 1 0 -1 0 0 3020.dat
1 71 -70 -128 0 0 0 1 0 1 0 -1 0 0 3023.dat
1 71 -90 -168 0 0 0 -1 0 1 0 1 0 0 60470b.dat
1 71 -620 -224 -70 1 0 0 0 1 0 0 0 1 60470b.dat
1 71 -570 -222 -90 0 1 0 -1 0 0 0 0 1 63965.dat
1 71 -683 -254 -10 0 -1 0 -1 0 0 0 0 -1 63965.dat
1 71 -683 -254 10 0 -1 0 -1 0 0 0 0 -1 63965.dat
1 71 -687 -254 -10 1 0 0 0 -1 0 0 0 -1 4274.dat
1 71 -687 -254 10 1 0 0 0 -1 0 0 0 -1 4274.dat
1 71 -660 -222 -90 0 -1 0 -1 0 0 0 0 -1 4740.dat
1 72 -652 -221 -90 0 -1 0 -1 0 0 0 0 -1 43898.dat
1 71 261 -226.5 90 0 1 0 -1 0 0 0 0 1 63965.dat
1 71 234 -226.5 90 0 -1 0 -1 0 0 0 0 -1 4740.dat
1 72 242 -225.5 90 0 -1 0 -1 0 0 0 0 -1 43898.dat
1 71 -40 -168 -10 -1 0 0 0 1 0 0 0 -1 60478.dat
1 71 -40 -168 10 -1 0 0 0 1 0 0 0 -1 60478.dat
1 71 -480 -224 10 1 0 0 0 1 0 0 0 1 60478.dat
1 71 -480 -224 -10 1 0 0 0 1 0 0 0 1 60478.dat
1 71 -500 -224 40 0 0 -1 0 1 0 1 0 0 41770.dat
1 71 -510 -184 0 0 0 -1 0 1 0 1 0 0 2432.dat
1 71 -50 -200 0 0 0 -1 0 1 0 1 0 0 2432.dat
1 71 250 -176 0 0 0 -1 0 1 0 1 0 0 2432.dat
1 71 10 -160 0 0 0 1 0 1 0 -1 0 0 2412b.dat
1 320 -430 -232 0 0 0 1 0 1 0 -1 0 0 2412b.dat
1 320 10 -176 0 0 0 1 0 1 0 -1 0 0 2412b.dat
1 320 210 -176 0 0 0 1 0 1 0 -1 0 0 2412b.dat
1 320 380 -176 0 0 0 1 0 1 0 -1 0 0 60474.dat
1 4 380 -184 0 0 0 1 0 1 0 -1 0 0 3680.dat
1 4 -137.373 8 214.303 -0.92388 0 -0.382683 0 1 0 0.382683 0 -0.92388 Part 9.ldr
1 320 240 -184 -30 1 0 0 0 1 0 0 0 1 2412b.dat
1 320 240 -184 30 1 0 0 0 1 0 0 0 1 2412b.dat
1 71 380 -184 -30 1 0 0 0 1 0 0 0 1 2412b.dat
1 71 410 -184 0 0 0 -1 0 1 0 1 0 0 2412b.dat
1 71 380 -184 30 1 0 0 0 1 0 0 0 1 2412b.dat
1 71 250 -160 60 0 0 1 0 1 0 -1 0 0 2412b.dat
1 71 250 -160 -60 0 0 1 0 1 0 -1 0 0 2412b.dat
1 71 330 -160 60 0 0 1 0 1 0 -1 0 0 2412b.dat
1 71 330 -160 -60 0 0 1 0 1 0 -1 0 0 2412b.dat
1 71 320 -160 90 1 0 0 0 1 0 0 0 1 3794a.dat
1 71 260 -160 90 1 0 0 0 1 0 0 0 1 3794a.dat
1 71 320 -160 -90 1 0 0 0 1 0 0 0 1 3794a.dat
1 71 260 -160 -90 1 0 0 0 1 0 0 0 1 3794a.dat
1 71 240 -168 -30 1 0 0 0 1 0 0 0 1 3023.dat
1 71 240 -168 30 1 0 0 0 1 0 0 0 1 3023.dat
1 72 290 -160 90 1 0 0 0 1 0 0 0 1 3070b.dat
1 72 290 -160 -90 1 0 0 0 1 0 0 0 1 3070b.dat
1 320 -620 -232 -70 1 0 0 0 1 0 0 0 1 2412b.dat
1 320 -20 -176 0 0 0 1 0 1 0 -1 0 0 3068b.dat
1 28 340 -184 0 0 0 1 0 1 0 -1 0 0 3068b.dat
1 320 -410 -232 0 0 0 -1 0 1 0 1 0 0 45677.dat
1 320 -550 -240 0 0 0 -1 0 1 0 1 0 0 45677.dat
1 320 -583 -222 -90 0 1 0 0 0 1 1 0 0 3062b.dat
1 320 -570 -240 0 0 0 1 0 1 0 -1 0 0 45677.dat
1 320 -330 -224 0 0 0 -1 0 1 0 1 0 0 45677.dat
1 0 110 -96 0 0 0 1 0 1 0 -1 0 0 92593.dat
1 72 90 -96 -30 0 0 1 0 1 0 -1 0 0 4073.dat
1 72 90 -96 30 0 0 1 0 1 0 -1 0 0 4073.dat
1 72 -250 -88 -30 0 0 1 0 1 0 -1 0 0 4073.dat
1 72 -250 -88 30 0 0 1 0 1 0 -1 0 0 4073.dat
1 72 -250 -96 -30 0 0 1 0 1 0 -1 0 0 4073.dat
1 72 -570 -224 30 0 0 1 0 1 0 -1 0 0 4073.dat
1 72 -590 -216 30 0 0 1 0 1 0 -1 0 0 4073.dat
1 72 -590 -216 -30 0 0 1 0 1 0 -1 0 0 4073.dat
1 72 -620 -216 -20 0 0 1 0 1 0 -1 0 0 32001.dat
1 72 -562 -222 50 0 1 0 0 0 -1 -1 0 0 4073.dat
1 72 -550 -224 30 -1 0 0 0 1 0 0 0 -1 4081b.dat
1 72 -250 -96 30 0 0 1 0 1 0 -1 0 0 4073.dat
1 72 -570 -160 -30 0 0 1 0 1 0 -1 0 0 4073.dat
1 72 -630 -184 -20 0 0 1 0 1 0 -1 0 0 2412b.dat
1 72 -260 -200 -30 0 0 -1 0 1 0 1 0 0 42022.dat
1 72 -190 -126 -118 1 0 0 0 0.92388 -0.382683 0 0.382683 0.92388 Part 19.ldr
1 72 -230 -141 81 0 0 1 -0.382683 0.92388 0 -0.92388 -0.382683 0 Part 20.ldr
1 72 -260 -200 30 0 0 -1 0 1 0 1 0 0 42022.dat
1 72 -630 -184 20 0 0 1 0 1 0 -1 0 0 2412b.dat
1 320 -652 -58 0 0 1 0 0 0 -1 -1 0 0 2412b.dat
1 320 -652 -98 0 0 1 0 0 0 -1 -1 0 0 2412b.dat
1 72 -600 -184 -30 1 0 0 0 1 0 0 0 1 2412b.dat
1 72 -600 -184 30 1 0 0 0 1 0 0 0 1 2412b.dat
1 72 -500 -160 -30 1 0 0 0 1 0 0 0 1 3666.dat
1 72 -500 -160 30 1 0 0 0 1 0 0 0 1 3666.dat
1 72 -220 -176 -30 1 0 0 0 1 0 0 0 1 3666.dat
1 72 -220 -176 30 1 0 0 0 1 0 0 0 1 3666.dat
1 72 -180 -168 0 1 0 0 0 1 0 0 0 1 3034.dat
1 320 -220 -168 -30 1 0 0 0 1 0 0 0 1 3666.dat
1 320 -520 -224 -30 1 0 0 0 1 0 0 0 1 3666.dat
1 320 -220 -168 30 1 0 0 0 1 0 0 0 1 3666.dat
1 320 -400 -216 -30 1 0 0 0 1 0 0 0 1 3666.dat
1 72 -420 -224 -10 -1 0 0 0 1 0 0 0 -1 63868.dat
1 72 -420 -224 10 -1 0 0 0 1 0 0 0 -1 63868.dat
1 320 -400 -216 30 1 0 0 0 1 0 0 0 1 3666.dat
1 320 -160 -176 10 1 0 0 0 1 0 0 0 1 4162.dat
1 320 -160 -176 -10 1 0 0 0 1 0 0 0 1 4162.dat
1 320 -250 -176 0 0 0 -1 0 1 0 1 0 0 3794a.dat
1 320 -652 -158 0 0 1 0 0 0 1 1 0 0 3794a.dat
1 320 -652 -118 0 0 1 0 0 0 1 1 0 0 3794a.dat
1 320 -652 -78 0 0 1 0 0 0 1 1 0 0 3794a.dat
1 320 -270 -184 0 0 0 -1 0 1 0 1 0 0 3004.dat
1 320 -620 -88 -30 -1 0 0 0 1 0 0 0 -1 3004.dat
1 320 -620 -88 30 -1 0 0 0 1 0 0 0 -1 3004.dat
1 4 -610 -88 0 0 0 1 0 1 0 -1 0 0 52107.dat
1 320 -600 -168 30 1 0 0 0 1 0 0 0 1 3004.dat
1 320 -600 -168 -30 1 0 0 0 1 0 0 0 1 3004.dat
1 320 -630 -168 -30 1 0 0 0 1 0 0 0 1 3005.dat
1 320 -630 -168 30 1 0 0 0 1 0 0 0 1 3005.dat
1 4 -610 -168 0 0 0 -1 0 1 0 1 0 0 52107.dat
1 320 -580 -120 0 -1 0 0 0 1 0 0 0 -1 3020.dat
1 320 -620 -120 -30 -1 0 0 0 1 0 0 0 -1 3023.dat
1 320 -620 -224 -50 -1 0 0 0 1 0 0 0 -1 3023.dat
1 320 -410 -216 0 0 0 1 0 1 0 -1 0 0 3023.dat
1 320 -430 -216 0 0 0 1 0 1 0 -1 0 0 3023.dat
1 320 -620 -120 30 -1 0 0 0 1 0 0 0 -1 3023.dat
1 320 -620 -64 -30 -1 0 0 0 1 0 0 0 -1 3023.dat
1 72 -610 -64 0 0 0 1 0 1 0 -1 0 0 3023.dat
1 320 -620 -64 30 -1 0 0 0 1 0 0 0 -1 3023.dat
1 320 -610 -112 30 -1 0 0 0 1 0 0 0 -1 2357.dat
1 320 -610 -112 -30 0 0 -1 0 1 0 1 0 0 2357.dat
1 320 -230 -120 0 0 0 -1 0 1 0 1 0 0 3004.dat
1 72 -570 -160 30 0 0 1 0 1 0 -1 0 0 4073.dat
1 72 10 -144 -30 0 0 1 0 1 0 -1 0 0 4073.dat
1 72 10 -144 30 0 0 1 0 1 0 -1 0 0 4073.dat
1 71 -106 -0.824 73.869 0 1 0 -0.92388 0 -0.382683 -0.382683 0 0.92388 Part 3.ldr
1 71 106 -0.825 -73.87 0 -1 0 -0.92388 0 -0.382683 0.382683 0 -0.92388 Part 3.ldr
1 71 -106 36.13 -89.175 0 1 0 0.92388 0 -0.382683 -0.382683 0 -0.92388 Part 2.ldr
1 71 106 36.131 89.176 0 -1 0 0.92388 0 -0.382683 0.382683 0 0.92388 Part 2.ldr
1 71 110 -56 0 0 0 1 0 1 0 -1 0 0 3009.dat
1 320 -610 -144 30 -1 0 0 0 1 0 0 0 -1 2357.dat
1 320 -610 -144 -30 0 0 -1 0 1 0 1 0 0 2357.dat
1 72 -660 -98 0 0 1 0 1 0 0 0 0 -1 6190.dat
1 71 320 -192 50 0 0 -1 0 1 0 1 0 0 4592.dat
1 0 320 -192 50 0 -0.707107 -0.707107 0 0.707107 -0.707107 1 0 0 4593.dat
1 71 220 -192 -10 -1 0 0 0 1 0 0 0 -1 60478.dat
1 71 250 -232 20 0 0 -1 0 1 0 1 0 0 60478.dat
1 71 250 -230 50 -1 0 0 0 0.382683 0.92388 0 0.92388 -0.382683 30377.dat
1 71 270 -232 30 0 0 -1 0 1 0 1 0 0 2569.dat
1 40 310 -216 0 0 0 -1 0 1 0 1 0 0 2437.dat
1 71 220 -192 10 -1 0 0 0 1 0 0 0 -1 60478.dat
1 72 380 -86 0 0 1 0 -1 0 0 0 0 1 2460.dat
1 71 388 -86 0 0 1 0 -1 0 0 0 0 1 44375a.dat
1 72 380 -86 280 0 1 0 -1 0 0 0 0 1 2460.dat
1 71 388 -86 280 0 1 0 -1 0 0 0 0 1 44375a.dat
0
0 FILE Part 2.ldr
0 Part 2
0 Name: Part 2.ldr
0 Author: LDraw
0 Unofficial Model
0 ROTATION CENTER 0 0 0 1 "Custom" 
0 ROTATION CONFIG 0 0
1 0 -20 16 0 1 0 0 0 1 0 0 0 1 32524.dat
1 1 -20 16 -60 0 0.96363 0.267238 1 0 0 0 0.267238 -0.96363 6558.dat
1 1 -50.399 -14 -47.676 0 0.96363 0.267238 1 0 0 0 0.267238 -0.96363 Part 5.ldr
1 0 -20 6 60 0 -1 0 1 0 0 0 0 1 6628.dat
0
0 FILE Part 3.ldr
0 Part 3
0 Name: Part 3.ldr
0 Author: LDraw
0 Unofficial Model
0 ROTATION CENTER 0 0 0 1 "Custom" 
0 ROTATION CONFIG 0 0
1 0 -20 16 0 1 0 0 0 1 0 0 0 1 32524.dat
1 1 -20 16 -60 0 0.95882 -0.284015 1 0 0 0 -0.284015 -0.95882 6558.dat
1 1 10.609 46 -48.208 0 -0.95882 -0.284015 -1 0 0 0 0.284015 -0.95882 Part 4.ldr
1 0 -20 6 60 0 -1 0 1 0 0 0 0 1 6628.dat
0
0 FILE Part 4.ldr
0 Part 4
0 Name: Part 4.ldr
0 Author: LDraw
0 Unofficial Model
0 ROTATION CENTER 0 0 0 1 "Custom" 
0 ROTATION CONFIG 0 0
1 71 40 56 0 1 0 0 0 1 0 0 0 1 30503.dat
1 72 10 48 20 0 0 -1 0 1 0 1 0 0 32530.dat
1 72 50 48 20 0 0 -1 0 1 0 1 0 0 32530.dat
0
0 FILE Part 5.ldr
0 Part 5
0 Name: Part 5.ldr
0 Author: LDraw
0 Unofficial Model
0 ROTATION CENTER 0 0 0 1 "Custom" 
0 ROTATION CONFIG 0 0
1 71 20 56 0 0 0 1 0 1 0 -1 0 0 30503.dat
1 72 10 48 20 0 0 -1 0 1 0 1 0 0 32530.dat
1 72 50 48 20 0 0 -1 0 1 0 1 0 0 32530.dat
0
0 FILE Part 6.ldr
0 Part 6
0 Name: Part 6.ldr
0 Author: LDraw
0 Unofficial Model
0 ROTATION CENTER 0 0 0 1 "Custom" 
0 ROTATION CONFIG 0 0
1 0 20 32 0 1 0 0 0 1 0 0 0 1 3021.dat
1 0 20 8 0 0 0 1 0 1 0 -1 0 0 30364.dat
1 0 0 8 0 0 0 1 0 1 0 -1 0 0 30364.dat
1 71 40 8 0 0 0 -1 0 1 0 1 0 0 2877.dat
1 71 70 0 40 0 0 -1 0 1 0 1 0 0 6106.dat
1 71 30 -8 80 0 0 -1 0 1 0 1 0 0 30503.dat
1 71 10 -8 -10 -1 0 0 0 1 0 0 0 -1 2412b.dat
1 72 0 0 40 0 0 -1 0 1 0 1 0 0 3666.dat
1 72 10 -24 20 0 0 -1 0 1 0 1 0 0 30367c.dat
1 72 70 -24 20 0 0 -1 0 1 0 1 0 0 30367c.dat
0
0 FILE Part 7.ldr
0 Part 7
0 Name: Part 7.ldr
0 Author: LDraw
0 Unofficial Model
0 ROTATION CENTER 0 0 0 1 "Custom" 
0 ROTATION CONFIG 0 0
1 0 -60 32 0 1 0 0 0 1 0 0 0 1 3021.dat
1 0 -40 8 0 0 0 1 0 1 0 -1 0 0 30364.dat
1 0 -60 8 0 0 0 1 0 1 0 -1 0 0 30364.dat
1 71 -80 8 0 0 0 1 0 1 0 -1 0 0 2877.dat
1 71 -110 0 40 -1 0 0 0 1 0 0 0 -1 6106.dat
1 71 -70 -8 80 -1 0 0 0 1 0 0 0 -1 30503.dat
1 71 -50 -8 -10 -1 0 0 0 1 0 0 0 -1 2412b.dat
1 72 -40 0 40 0 0 -1 0 1 0 1 0 0 3666.dat
1 72 -110 -24 20 0 0 -1 0 1 0 1 0 0 30367c.dat
1 72 -50 -24 20 0 0 -1 0 1 0 1 0 0 30367c.dat
0
0 FILE Part 8.ldr
0 Part 8
0 Name: Part 8.ldr
0 Author: LDraw
0 Unofficial Model
0 ROTATION CENTER 0 0 0 1 "Custom" 
0 ROTATION CONFIG 0 0
1 71 10 24 0 1 0 0 0 1 0 0 0 1 32525.dat
1 71 70 24 100 1 0 0 0 1 0 0 0 1 60483.dat
1 0 70 14 100 0 1 0 -1 0 0 0 0 1 3705.dat
1 0 10 -6 100 0 1 0 -1 0 0 0 0 1 2780.dat
1 0 10 -6 80 0 1 0 -1 0 0 0 0 1 2780.dat
1 0 10 34 100 0 1 0 -1 0 0 0 0 1 2780.dat
1 0 10 -6 -100 0 1 0 -1 0 0 0 0 1 2780.dat
1 0 10 34 -100 0 1 0 -1 0 0 0 0 1 2780.dat
1 0 10 34 80 0 1 0 -1 0 0 0 0 1 2780.dat
1 0 10 14 60 0 1 0 -1 0 0 0 0 1 2780.dat
1 0 10 14 -80 0 1 0 -1 0 0 0 0 1 2780.dat
1 71 10 4 0 1 0 0 0 1 0 0 0 1 32525.dat
1 71 70 4 100 1 0 0 0 1 0 0 0 1 60483.dat
1 71 70 -16 100 0 0 -1 0 -1 0 -1 0 0 32140.dat
1 71 70 44 100 0 0 -1 0 -1 0 -1 0 0 32140.dat
0
0 FILE Part 9.ldr
0 Part 9
0 Name: Part 9.ldr
0 Author: LDraw
0 Unofficial Model
0 ROTATION CENTER 0 0 0 1 "Custom" 
0 ROTATION CONFIG 0 0
1 71 -604 -254 -10 0 1 0 -1 0 0 0 0 1 4589.dat
1 71 -550 -264 0 0 0 -1 0 1 0 1 0 0 32000.dat
1 71 -570 -264 0 0 0 -1 0 1 0 1 0 0 32000.dat
1 71 -580 -254 -10 -1 0 0 0 1 0 0 0 -1 61184.dat
1 71 -604 -254 10 0 1 0 -1 0 0 0 0 1 4589.dat
1 71 -580 -254 10 -1 0 0 0 1 0 0 0 -1 61184.dat
1 71 -560 -272 0 0 0 -1 0 1 0 1 0 0 4150.dat
1 71 -560 -192 0 0 0 -1 0 1 0 1 0 0 3679.dat
1 72 -560 -240 0 0 0 -1 0 1 0 1 0 0 3943b.dat
1 71 -683 -254 -10 0 -1 0 -1 0 0 0 0 -1 63965.dat
1 71 -683 -254 10 0 -1 0 -1 0 0 0 0 -1 63965.dat
1 71 -687 -254 -10 1 0 0 0 -1 0 0 0 -1 4274.dat
1 71 -687 -254 10 1 0 0 0 -1 0 0 0 -1 4274.dat
0
0 FILE Part 10.ldr
0 Part 10
0 Name: Part 10.ldr
0 Author: LDraw
0 Unofficial Model
0 ROTATION CENTER 0 0 0 1 "Custom" 
0 ROTATION CONFIG 0 0
1 320 -30 16 0 1 0 0 0 1 0 0 0 1 3666.dat
1 320 -40 -16 0 1 0 0 0 1 0 0 0 1 3062b.dat
1 320 -20 -16 0 1 0 0 0 1 0 0 0 1 3062b.dat
1 320 -40 -40 0 1 0 0 0 1 0 0 0 1 3062b.dat
1 320 -20 -40 0 1 0 0 0 1 0 0 0 1 3062b.dat
1 71 -40 -64 0 1 0 0 0 1 0 0 0 1 4589.dat
1 71 -20 -64 0 1 0 0 0 1 0 0 0 1 4589.dat
1 320 -20 -16 20 1 0 0 0 1 0 0 0 1 3062b.dat
1 320 -20 -40 20 1 0 0 0 1 0 0 0 1 3062b.dat
1 71 -20 -64 20 1 0 0 0 1 0 0 0 1 4589.dat
1 320 30 24 50 1 0 0 0 1 0 0 0 1 3020.dat
1 320 30 32 30 1 0 0 0 1 0 0 0 1 3020.dat
1 4 10 24 10 0 0 1 0 1 0 -1 0 0 10247.dat
1 4 30 -6 20 1 0 0 0 1 0 0 0 1 3713.dat
1 4 30 -6 -20 1 0 0 0 1 0 0 0 1 3713.dat
1 4 50 24 10 0 0 1 0 1 0 -1 0 0 10247.dat
1 4 30 64 42 0 0 1 -1 0 0 0 -1 0 2654.dat
1 72 30 74 50 1 0 0 0 0 1 0 -1 0 3023.dat
1 71 30 54 50 1 0 0 0 0 1 0 -1 0 93274.dat
1 71 30 54 58 1 0 0 0 0 1 0 -1 0 85984.dat
1 71 20 64 58 0 0 -1 1 0 0 0 -1 0 92280.dat
1 71 40 64 58 0 0 -1 1 0 0 0 -1 0 92280.dat
1 71 -30 16 70 -1 0 0 0 1 0 0 0 -1 6106.dat
1 71 90 16 120 -1 0 0 0 1 0 0 0 -1 6636.dat
1 71 110 -40 100 -1 0 0 0 1 0 0 0 -1 6636.dat
1 71 70 -24 80 -1 0 0 0 1 0 0 0 -1 2412b.dat
1 71 170 2 118 1 0 0 0 0 1 0 -1 0 92280.dat
1 71 10 8 70 -1 0 0 0 1 0 0 0 -1 30503.dat
1 71 140 -8 70 0 0 -1 0 1 0 1 0 0 4865b.dat
1 71 110 -8 40 1 0 0 0 1 0 0 0 1 4865b.dat
1 71 -20.402 -16 71.113 0.707107 0.707107 0 0 0 1 0.707107 -0.707107 0 3022.dat
1 71 -44.443 -16 81.012 0 0.707107 0.707107 -1 0 0 0 -0.707107 0.707107 92280.dat
1 71 -11.917 -16 90.912 0.707107 0.707107 0 0 0 1 0.707107 -0.707107 0 3022.dat
1 4 -40.201 -6 62.627 -0.707107 0.707107 0 0 0 -1 -0.707107 -0.707107 0 44301.dat
1 72 -31.716 -6 82.426 -0.707107 0.707107 0 0 0 -1 -0.707107 -0.707107 0 3710.dat
1 72 -31.716 -36 82.426 0 0.707107 -0.707107 1 0 0 0 -0.707107 -0.707107 41769.dat
1 71 -80 -40 0 0 0 -1 0 1 0 1 0 0 3040b.dat
1 28 110 8 70 1 0 0 0 1 0 0 0 1 3068b.dat
1 28 110 -48 70 1 0 0 0 1 0 0 0 1 3068b.dat
1 43 80 8 80 1 0 0 0 1 0 0 0 1 4073.dat
1 43 -33.13 -26 69.698 0.707107 0.707107 0 0 0 1 0.707107 -0.707107 0 4073.dat
1 72 -20 24 20 0 0 1 0 1 0 -1 0 0 3622.dat
1 72 80 -8 100 1 0 0 0 1 0 0 0 1 3622.dat
1 72 -80 -16 20 0 0 -1 0 1 0 1 0 0 3622.dat
1 72 -80 -64 0 -1 0 0 0 1 0 0 0 -1 4286.dat
1 72 -80 -40 30 0 0 1 0 1 0 -1 0 0 2877.dat
1 72 30 -40 80 -1 0 0 0 1 0 0 0 -1 2877.dat
1 72 120 -32 100 1 0 0 0 1 0 0 0 1 3622.dat
1 72 110 0 70 1 0 0 0 1 0 0 0 1 61780.dat
1 72 110 -24 70 1 0 0 0 0 -1 0 1 0 30304.dat
1 46 70 -32 100 1 0 0 0 1 0 0 0 1 3065.dat
1 46 170 -32 100 1 0 0 0 1 0 0 0 1 3065.dat
1 72 150 -8 100 -1 0 0 0 1 0 0 0 -1 30414.dat
1 71 80 24 30 0 0 1 0 1 0 -1 0 0 3010.dat
1 71 130 24 80 -1 0 0 0 1 0 0 0 -1 3747b.dat
1 71 90 24 80 -1 0 0 0 1 0 0 0 -1 3747b.dat
1 71 50 24 80 -1 0 0 0 1 0 0 0 -1 3747b.dat
1 71 10 24 80 -1 0 0 0 1 0 0 0 -1 3747b.dat
1 72 -20 24 70 0 0 1 0 1 0 -1 0 0 3660.dat
1 72 -60 8 20 -1 0 0 0 1 0 0 0 -1 2450.dat
1 72 -80 8 40 -1 0 0 0 1 0 0 0 -1 4073.dat
1 72 -20 8 10 0 0 1 0 1 0 -1 0 0 3023.dat
1 72 90 16 50 0 0 1 0 1 0 -1 0 0 3958.dat
1 0 30 8 0 1 0 0 0 1 0 0 0 1 92593.dat
1 0 10 34 -10 0 0 -1 0 1 0 1 0 0 2780.dat
1 0 50 34 -10 0 0 -1 0 1 0 1 0 0 2780.dat
1 0 30 8 20 1 0 0 0 1 0 0 0 1 92593.dat
1 0 50 -6 5 0 0 -1 -1 0 0 0 1 0 6632.dat
1 0 30 -6 10 0 0 -1 0 -1 0 -1 0 0 3737.dat
1 0 30 -6 110 1 0 0 0 -1 0 0 0 -1 59443.dat
1 71 50 -6 -40 0 0 -1 0 -1 0 -1 0 0 32073.dat
1 71 10 -6 -40 0 0 -1 0 -1 0 -1 0 0 32073.dat
1 0 50 -6 -5 0 0 -1 -1 0 0 0 1 0 6632.dat
1 0 50 -16 80 1 0 0 0 1 0 0 0 1 3701.dat
1 0 -60 -16 10 0 0 -1 0 1 0 1 0 0 30540.dat
1 71 60 74 64 0 0 1 -0.92388 -0.382683 0 0.382683 -0.92388 0 87618.dat
1 71 60 109.972 150.845 0 0 1 0.382683 -0.92388 0 0.92388 0.382683 0 4274.dat
1 43 60 113.034 158.236 0 0 1 -0.92388 -0.382683 0 0.382683 -0.92388 0 4073.dat
1 71 60 85.863 92.64 1 0 0 0 -0.382683 0.92388 0 -0.92388 -0.382683 4589.dat
1 71 0 74 64 0 0 -1 0.92388 -0.382683 0 -0.382683 -0.92388 0 87618.dat
1 71 0 109.972 150.845 0 0 -1 0.382683 0.92388 0 0.92388 -0.382683 0 4274.dat
1 43 0 113.034 158.236 0 0 -1 0.92388 -0.382683 0 -0.382683 -0.92388 0 4073.dat
1 71 0 85.863 92.64 -1 0 0 0 -0.382683 -0.92388 0 -0.92388 0.382683 4589.dat
0
0 FILE Part 11.ldr
0 Part 11
0 Name: Part 11.ldr
0 Author: LDraw
0 Unofficial Model
0 ROTATION CENTER 0 0 0 1 "Custom" 
0 ROTATION CONFIG 0 0
1 320 -170 16 0 1 0 0 0 1 0 0 0 1 3666.dat
1 71 -220 -32 100 1 0 0 0 1 0 0 0 1 4589.dat
1 320 -230 24 50 1 0 0 0 1 0 0 0 1 3020.dat
1 320 -230 32 30 1 0 0 0 1 0 0 0 1 3020.dat
1 320 -270 8 30 0 0 -1 0 1 0 1 0 0 3020.dat
1 4 -250 24 10 0 0 1 0 1 0 -1 0 0 10247.dat
1 4 -306 -2 80 0 -1 0 0 0 1 -1 0 0 60897.dat
1 4 -306 -2 60 0 -1 0 0 0 1 -1 0 0 60897.dat
1 4 -210 24 10 0 0 1 0 1 0 -1 0 0 10247.dat
1 4 -230 64 42 0 0 1 -1 0 0 0 -1 0 2654.dat
1 72 -230 74 50 1 0 0 0 0 1 0 -1 0 3023.dat
1 71 -230 54 50 1 0 0 0 0 1 0 -1 0 93274.dat
1 71 -230 54 58 1 0 0 0 0 1 0 -1 0 85984.dat
1 71 -240 64 58 0 0 -1 1 0 0 0 -1 0 92280.dat
1 71 -220 64 58 0 0 -1 1 0 0 0 -1 0 92280.dat
1 71 -170 16 70 0 0 -1 0 1 0 1 0 0 6106.dat
1 71 -290 16 120 -1 0 0 0 1 0 0 0 -1 6636.dat
1 71 -310 -40 100 -1 0 0 0 1 0 0 0 -1 6636.dat
1 71 -230 -40 100 -1 0 0 0 1 0 0 0 -1 2412b.dat
1 71 -370 2 118 -1 0 0 0 0 -1 0 -1 0 92280.dat
1 71 -210 8 70 0 0 -1 0 1 0 1 0 0 30503.dat
1 71 -230 8 10 0 0 -1 0 1 0 1 0 0 3022.dat
1 71 -340 -8 70 0 0 -1 0 1 0 1 0 0 4865b.dat
1 71 -330 -8 40 1 0 0 0 1 0 0 0 1 4865b.dat
0 MLCAD BTG Group name
1 71 -188.083 -8 90.912 -0.707107 -0.707107 0 0 0 -1 0.707107 -0.707107 0 3022.dat
0 MLCAD BTG Group name
1 71 -155.557 -8 81.012 0 -0.707107 0.707107 -1 0 0 0 -0.707107 -0.707107 92280.dat
