0 FILE 8001 - main.ldr
0 Author: Philippe Hurbain [Philo]
0 !LICENSE Redistributable under CCAL version 2.0 : see CAreadme.txt
1 0 0 -304.795 133.559 0 0 -1 0.013 1 0 1 -0.013 0 3706.dat
1 7 0 -305.469 80.563 -1 0 0 0 1 -0.013 0 -0.013 -1 6589.dat
1 7 0 -285.305 93.307 -1 0 0 0 -1 0.013 0 0.013 1 6536.dat
1 0 0 -285.305 93.307 -1 0 0 0 -1 0.013 0 0.013 1 32062.dat
1 19 0 -305.049 113.56 -1 0 0 0 -1 0.013 0 0.013 1 3648b.dat
1 19 0 -304.795 133.559 -1 0 0 0 -1 0.013 0 0.013 1 3648b.dat
1 19 0 -304.54 153.557 0 0 1 0.013 -1 0 1 0.013 0 32034.dat
1 7 0 -304.349 168.556 1 0 0 0 -1 -0.013 0 0.013 -1 32123a.dat
0 STEP
1 19 0 -304.184 181.555 -1 0 0 0 -0.013 -1 0 -1 0.013 4032a.dat
1 19 0 -304.082 189.554 -1 0 0 0 -0.013 -1 0 -1 0.013 4032a.dat
1 7 10 -345.3 94.071 0 1 0 0.013 0 1 1 0 -0.013 2825.dat
1 7 -10 -345.3 94.071 0 -1 0 -0.013 0 1 -1 0 -0.013 2825.dat
1 0 0 -345.3 94.071 -1 0 0 0 0.013 1 0 1 -0.013 3705.dat
1 0 40 -304.54 153.557 -1 0 0 0 0.013 1 0 1 -0.013 4519.dat
1 0 -40 -304.54 153.557 -1 0 0 0 0.013 1 0 1 -0.013 4519.dat
1 7 -35 -304.54 153.557 0 0 1 0.013 -1 0 1 0.013 0 32123a.dat
1 7 35 -304.54 153.557 0 0 1 0.013 -1 0 1 0.013 0 32123a.dat
1 7 -35 -345.3 94.071 0 0 1 0.013 -1 0 1 0.013 0 32123a.dat
1 19 -25 -345.3 94.071 0 -1 0 -1 0 -0.013 0.013 0 -1 6632.dat
0 STEP
1 0 0 -345.555 74.072 -1 0 0 0 0.013 1 0 1 -0.013 3705.dat
1 19 -15 -345.555 74.072 0 -1 0 -1 0 -0.013 0.013 0 -1 6632.dat
1 0 0 -345.809 54.074 1 0 0 0 0.013 -1 0 1 0.013 32184.dat
1 19 15 -345.555 74.072 0 -1 0 -1 0 -0.013 0.013 0 -1 6632.dat
1 19 25 -345.3 94.071 0 -1 0 -1 0 -0.013 0.013 0 -1 6632.dat
1 0 0.173 -355.808 54.159 0.006 -0.891 -0.454 -1 0 -0.013 0.012 0.454 -0.891 3705.dat
1 7 0 -325.811 53.82 -0.454 -0.891 -0.006 -0.013 0 1 -0.891 0.454 -0.012 8001 - 32269.dat
0 STEP
1 0 -20 -346.064 34.076 -1 0 0 0 0.013 1 0 1 -0.013 32062.dat
1 7 -25 -346.064 34.076 0 0 1 0.013 -1 0 1 0.013 0 32123a.dat
1 7 25 -346.064 34.076 0 0 -1 -0.013 -1 0 -1 0.013 0 32123a.dat
1 0 20 -346.064 34.076 1 0 0 0 -0.013 1 0 -1 -0.013 32062.dat
1 19 -35 -346.064 34.076 0 1 0 0.013 0 1 1 0 -0.013 32056.dat
1 19 35 -346.064 34.076 0 1 0 0.013 0 1 1 0 -0.013 32056.dat
1 7 35 -345.3 94.071 0 0 -1 -0.013 -1 0 -1 0.013 0 32123a.dat
0 STEP
1 0 0 -290.656 40.516 1 0 0 0 0.758 0.652 0 -0.652 0.758 3706.dat
1 7 45 -345.809 54.074 0 0 -1 -0.013 -1 0 -1 0.013 0 32123a.dat
1 0 30 -345.809 54.074 1 0 0 0 -0.013 1 0 -1 -0.013 32062.dat
1 7 -45 -345.809 54.074 0 0 1 0.013 -1 0 1 0.013 0 32123a.dat
1 0 -30 -345.809 54.074 -1 0 0 0 0.013 1 0 1 -0.013 32062.dat
1 19 0 -306.067 33.567 -1 0 0 0 -1 0.013 0 0.013 1 32172.dat
0 STEP
1 19 50 -305.304 93.562 0 1 0 1 0 -0.013 -0.013 0 -1 32177.dat
1 0 70 -305.812 53.565 -1 0 0 0 0.013 1 0 1 -0.013 3705.dat
1 0 40 -266.664 99.033 0 -1 0 -0.758 0 -0.652 0.652 0 -0.758 2825.dat
1 19 60 -266.664 99.033 0 1 0 0.758 0 -0.652 -0.652 0 -0.758 2825.dat
1 0 50 -266.664 99.033 1 0 0 0 0.758 0.652 0 -0.652 0.758 32062.dat
1 19 -50 -305.304 93.562 0 -1 0 -1 0 -0.013 0.013 0 -1 32177.dat
1 0 -70 -305.812 53.565 -1 0 0 0 -0.758 0.652 0 0.652 0.758 3705.dat
1 0 -40 -266.664 99.033 0 1 0 0.758 0 -0.652 -0.652 0 -0.758 2825.dat
1 19 -60 -266.664 99.033 0 -1 0 -0.758 0 -0.652 0.652 0 -0.758 2825.dat
1 0 -50 -266.664 99.033 1 0 0 0 0.758 0.652 0 -0.652 0.758 32062.dat
0 STEP
1 19 75 -305.812 53.565 0 0 -1 -0.652 -0.758 0 -0.758 0.652 0 8001 - 4185a.dat
1 19 -75 -305.812 53.565 0 0 -1 -0.652 -0.758 0 -0.758 0.652 0 8001 - 4185a.dat
1 7 65 -304.54 153.557 0 0 -1 -0.013 -1 0 -1 0.013 0 32123a.dat
1 7 -65 -304.54 153.557 0 0 -1 -0.013 -1 0 -1 0.013 0 32123a.dat
0 STEP
1 19 105 -160 148 1 0 0 0 0.6 -0.8 0 0.8 0.6 8001 - leftleg.ldr
1 19 -105 -160 148 1 0 0 0 0.6 -0.8 0 0.8 0.6 8001 - rightleg.ldr
0 STEP
1 0 65 -304.54 153.557 0 -0.013 -1 1 0 0 0 -1 0.013 8001 - rubberBandSquare-Studio-1.ldr
1 0 -65 -304.54 153.557 0 -0.013 -1 1 0 0 0 -1 0.013 8001 - rubberBandSquare-Studio-1.ldr
1 7 105 -305.812 53.565 0 0 -1 -0.013 -1 0 -1 0.013 0 32123a.dat
1 7 -105 -305.812 53.565 0 0 -1 -0.652 -0.758 0 -0.758 0.652 0 32123a.dat
0 STEP
1 0 27.476 -365.028 107.735 0.891 -0.006 0.454 0 1 0.013 -0.454 -0.012 0.891 8001 - cabin3.ldr
0 FILE 8001 - leftleg.ldr
0 Name: leftleg.ldr
0 Author: Philippe Hurbain [Philo]
0 !LICENSE Redistributable under CCAL version 2.0 : see CAreadme.txt
1 19 0 -21.654 -4.044 0 -1 0 0.933 0 -0.361 0.361 0 0.933 32065.dat
1 8 -25 -43.307 51.913 1 0 0 0 0.067 -0.998 0 0.998 0.067 6587.dat
1 19 -15 -103.171 55.951 0 1 0 0.067 0 0.998 0.998 0 -0.067 32177.dat
1 19 -31 -43.307 51.913 0 1 0 0.067 0 0.998 0.998 0 -0.067 4032a.dat
1 7 -40 -43.307 51.913 0 0 -1 -0.998 0.067 0 0.067 0.998 0 32123a.dat
1 0 -5 0 -60 1 0 0 0 1 0 0 0 1 32062.dat
1 7 10 0 -60 0 0 -1 0 1 0 1 0 0 32123a.dat
1 19 -15 0 -60 0 -1 0 -1 0 0 0 0 -1 32271.dat
1 7 -5 0 -80 1 0 0 0 -0.914 -0.407 0 0.407 -0.914 3749.dat
0 STEP
1 19 5 -63.262 53.259 0 1 0 0.975 0 0.223 0.223 0 -0.975 32271.dat
1 7 -5 -63.262 53.259 1 0 0 0 -0.975 0.223 0 -0.223 -0.975 3749.dat
1 0 -15 -32 -204 1 0 0 0 0.8 -0.6 0 0.6 0.8 32062.dat
1 0 -15 -16 -192 1 0 0 0 0.8 -0.6 0 0.6 0.8 32062.dat
1 19 -15 -32 -204 1 0 0 0 0.6 0.8 0 -0.8 0.6 32165.dat
0 FILE 8001 - rightleg.ldr
0 Name: rightleg.ldr
0 Author: Philippe Hurbain [Philo]
0 !LICENSE Redistributable under CCAL version 2.0 : see CAreadme.txt
1 19 0 -21.654 -4.044 0 1 0 -0.933 0 -0.361 -0.361 0 0.933 32065.dat
1 8 25 -43.307 51.913 -1 0 0 0 0.067 0.998 0 0.998 -0.067 6587.dat
1 19 15 -103.171 55.951 0 -1 0 -0.067 0 0.998 -0.998 0 -0.067 32177.dat
1 19 31 -43.307 51.913 0 -1 0 -0.067 0 0.998 -0.998 0 -0.067 4032a.dat
1 7 40 -43.307 51.913 0 0 1 0.998 0.067 0 -0.067 0.998 0 32123a.dat
1 0 5 0 -60 1 0 0 0 1 0 0 0 1 32062.dat
1 7 -10 0 -60 0 0 1 0 1 0 -1 0 0 32123a.dat
1 19 15 0 -60 0 -1 0 -1 0 0 0 0 -1 32271.dat
1 7 5 0 -80 -1 0 0 0 -0.914 0.407 0 0.407 0.914 3749.dat
0 STEP
1 19 -5 -63.262 53.259 0 1 0 0.975 0 0.223 0.223 0 -0.975 32271.dat
1 7 5 -63.262 53.259 -1 0 0 0 -0.975 -0.223 0 -0.223 0.975 3749.dat
1 0 15 -32 -204 1 0 0 0 0.8 -0.6 0 0.6 0.8 32062.dat
1 0 15 -16 -192 1 0 0 0 0.8 -0.6 0 0.6 0.8 32062.dat
1 19 15 -32 -204 1 0 0 0 0.6 0.8 0 -0.8 0.6 32165.dat
0 FILE 8001 - rubberBandSquare-Studio-1.ldr
0 Author: LDCad
0 !LICENSE Redistributable under CCAL version 2.0 : see CAreadme.txt
0 !CATEGORY technic
0 !KEYWORDS flexible, band
0 !LDCAD CONTENT [type=path] [addFallBack=default] [looped=true] [displayKind=mm] [curveStep=0] [displayLenCor=0]

0 !LDCAD PATH_POINT [type=circle] [posOri=0 0 0 1 0 0 0 1 0 0 0 1] [prevCPDist=25] [nextCPDist=25] [cirR=8.5] [cirDir=xyCW] [prevYRoll=0] [nextYRoll=0]
0 !LDCAD PATH_POINT [type=circle] [posOri=77.025543 9.054601 -0.115204 1 0 0 0 1 0 0 0 1] [prevCPDist=25] [nextCPDist=25] [cirR=8.5] [cirDir=xyCW] [prevYRoll=0] [nextYRoll=0]

0 !LDCAD PATH_SKIN [donCol=16] [donOri=1 0 0 0 1 0 0 0 1] [donPart=box4o8a.dat] [donYSize=100%] [donCen=absCen] [donCenYOfs=0] [donFinScale=segMerge] [donPlace=refsStat] [donYAlign=0] [donInline=false] [segSize=50%] [segSizeTol=5%] [segsCnt=0] [segsGrp=0] [segsMaxMerge=1] [segsMrgAng=0] [segsMrgRollAng=0] [segsEdgeDelKind=keepFirstLeft]

0 !LDCAD GENERATED [generator=LDCad 1.6b]
0 //This is the fallback LDraw content for above PATH configuration.
0 // Do not edit, any changes will be lost upon regeneration.
0 // The path is approx 83.40 mm (208.50) and exists out of 417 segments.

0 //Some general hints about the document.
0 UNOFFICIAL PART
0 BFC CERTIFY CCW

0 //Segments
1 16 -8.477048 -0.749649 0 0.999532 -0.030603 0 0.030603 0.999532 0 0 0 1 box4o8a.dat
1 16 -8.41764 -1.246762 0 0.995995 -0.089412 0 0.089412 0.995995 0 0 0 1 box4o8a.dat
1 16 -8.329057 -1.739513 0 0.989 -0.147914 0 0.147914 0.989 0 0 0 1 box4o8a.dat
1 16 -8.215173 -2.226934 0 0.97956 -0.201151 0 0.201151 0.97956 0 0 0 1 box4o8a.dat
1 16 -8.068352 -2.705679 0 0.964847 -0.262811 0 0.262811 0.964847 0 0 0 1 box4o8a.dat
1 16 -7.894635 -3.175226 0 0.947679 -0.319226 0 0.319226 0.947679 0 0 0 1 box4o8a.dat
1 16 -7.693576 -3.63373 0 0.927232 -0.374487 0 0.374487 0.927232 0 0 0 1 box4o8a.dat
1 16 -7.469186 -4.081164 0 0.905655 -0.424015 0 0.424015 0.905655 0 0 0 1 box4o8a.dat
1 16 -7.214786 -4.51248 0 0.876974 -0.480538 0 0.480538 0.876974 0 0 0 1 box4o8a.dat
1 16 -6.936341 -4.928559 0 0.847096 -0.531439 0 0.531439 0.847096 0 0 0 1 box4o8a.dat
1 16 -6.633892 -5.327527 0 0.814323 -0.580412 0 0.580412 0.814323 0 0 0 1 box4o8a.dat
1 16 -6.311363 -5.710308 0 0.781816 -0.62351 0 0.62351 0.781816 0 0 0 1 box4o8a.dat
1 16 -5.963406 -6.070418 0 0.740751 -0.671779 0 0.671779 0.740751 0 0 0 1 box4o8a.dat
1 16 -5.595591 -6.410074 0 0.699792 -0.714346 0 0.714346 0.699792 0 0 0 1 box4o8a.dat
1 16 -5.210826 -6.730237 0 0.660148 -0.751135 0 0.751135 0.660148 0 0 0 1 box4o8a.dat
1 16 -4.805019 -7.023621 0 0.611228 -0.791455 0 0.791455 0.611228 0 0 0 1 box4o8a.dat
1 16 -4.383306 -7.293454 0 0.56352 -0.826102 0 0.826102 0.56352 0 0 0 1 box4o8a.dat
1 16 -3.946438 -7.53799 0 0.513888 -0.857858 0 0.857858 0.513888 0 0 0 1 box4o8a.dat
1 16 -3.497632 -7.759621 0 0.466804 -0.884361 0 0.884361 0.466804 0 0 0 1 box4o8a.dat
1 16 -3.034604 -7.9503 0 0.40984 -0.912157 0 0.912157 0.40984 0 0 0 1 box4o8a.dat
1 16 -2.561585 -8.114329 0 0.355319 -0.934745 0 0.934745 0.355319 0 0 0 1 box4o8a.dat
1 16 -2.079733 -8.250233 0 0.299645 -0.954051 0 0.954051 0.299645 0 0 0 1 box4o8a.dat
1 16 -1.591622 -8.361111 0 0.247719 -0.968832 0 0.968832 0.247719 0 0 0 1 box4o8a.dat
1 16 -1.096897 -8.438571 0 0.185853 -0.982578 0 0.982578 0.185853 0 0 0 1 box4o8a.dat
1 16 -0.598664 -8.487746 0 0.127517 -0.991836 0 0.991836 0.127517 0 0 0 1 box4o8a.dat
1 16 -0.098663 -8.511143 0 0.073702 -0.99728 0 0.99728 0.073702 0 0 0 1 box4o8a.dat
1 16 0.401977 -8.50049 0 0.010363 -0.999946 0 0.999946 0.010363 0 0 0 1 box4o8a.dat
1 16 0.901105 -8.461464 0 -0.048581 -0.998819 0 0.998819 -0.048581 0 0 0 1 box4o8a.dat
1 16 1.396914 -8.391697 -0.000024 -0.109216 -0.994018 0.000031 0.994018 -0.109216 0.000003 0 0.000031 1 box4o8a.dat
1 16 1.893923 -8.337089 -0.000039 -0.109216 -0.994018 0.000031 0.994018 -0.109216 0.000004 0 0.000031 1 box4o8a.dat
1 16 2.390362 -8.277453 -0.000125 -0.11592 -0.993259 0.000123 0.993259 -0.11592 0.000014 0 0.000124 1 box4o8a.dat
1 16 2.886941 -8.219067 -0.000238 -0.116489 -0.993192 0.000191 0.993192 -0.116489 0.000022 0 0.000192 1 box4o8a.dat
1 16 3.383537 -8.160822 -0.000334 -0.116489 -0.993192 0.000191 0.993192 -0.116489 0.000022 0 0.000192 1 box4o8a.dat
1 16 3.880113 -8.102405 -0.000507 -0.116719 -0.993165 0.000293 0.993165 -0.116719 0.000034 0 0.000296 1 box4o8a.dat
1 16 4.376694 -8.04403 -0.000705 -0.11674 -0.993162 0.000359 0.993163 -0.11674 0.000042 0 0.000362 1 box4o8a.dat
1 16 4.873275 -7.98566 -0.000886 -0.11674 -0.993162 0.000359 0.993163 -0.11674 0.000042 0 0.000362 1 box4o8a.dat
1 16 5.369856 -7.927284 -0.00114 -0.116748 -0.993161 0.000456 0.993162 -0.116748 0.000054 0 0.00046 1 box4o8a.dat
1 16 5.866436 -7.86891 -0.001417 -0.116749 -0.993161 0.000519 0.993161 -0.116749 0.000061 0 0.000523 1 box4o8a.dat
1 16 6.363017 -7.810535 -0.001678 -0.116749 -0.993161 0.000519 0.993161 -0.116749 0.000061 0 0.000523 1 box4o8a.dat
1 16 6.859597 -7.75216 -0.002009 -0.116749 -0.993161 0.000611 0.993161 -0.116749 0.000072 0 0.000615 1 box4o8a.dat
1 16 7.356178 -7.693786 -0.002361 -0.116749 -0.993161 0.00067 0.993161 -0.116749 0.000079 0 0.000675 1 box4o8a.dat
1 16 7.852759 -7.635411 -0.002698 -0.116749 -0.993161 0.00067 0.993161 -0.116749 0.000079 0 0.000675 1 box4o8a.dat
1 16 8.349339 -7.577036 -0.003101 -0.116749 -0.993161 0.000756 0.993161 -0.116749 0.000089 0 0.000761 1 box4o8a.dat
1 16 8.84592 -7.518662 -0.003525 -0.116749 -0.993161 0.000813 0.993161 -0.116749 0.000096 0 0.000819 1 box4o8a.dat
1 16 9.3425 -7.460287 -0.003934 -0.116749 -0.993161 0.000813 0.993161 -0.116749 0.000096 0 0.000819 1 box4o8a.dat
1 16 9.839081 -7.401913 -0.004404 -0.116749 -0.993161 0.000894 0.993161 -0.116749 0.000105 0 0.0009 1 box4o8a.dat
1 16 10.335661 -7.343538 -0.004895 -0.116749 -0.993161 0.000948 0.993161 -0.116749 0.000111 0 0.000954 1 box4o8a.dat
1 16 10.832242 -7.285163 -0.005372 -0.116749 -0.993161 0.000948 0.993161 -0.116749 0.000111 0 0.000954 1 box4o8a.dat
1 16 11.328822 -7.226789 -0.005906 -0.116749 -0.993161 0.001023 0.993161 -0.116749 0.00012 0 0.00103 0.999999 box4o8a.dat
1 16 11.825402 -7.168414 -0.00646 -0.116749 -0.993161 0.001075 0.993161 -0.116749 0.000126 0 0.001082 0.999999 box4o8a.dat
1 16 12.321983 -7.110039 -0.007001 -0.116749 -0.993161 0.001075 0.993161 -0.116749 0.000126 0 0.001082 0.999999 box4o8a.dat
1 16 12.818563 -7.051665 -0.007595 -0.116749 -0.993161 0.001145 0.993161 -0.116749 0.000135 0 0.001153 0.999999 box4o8a.dat
1 16 13.315144 -6.99329 -0.008172 -0.116749 -0.993161 0.001145 0.993161 -0.116749 0.000135 0 0.001153 0.999999 box4o8a.dat
1 16 13.811724 -6.934916 -0.008808 -0.116749 -0.993161 0.001225 0.993161 -0.116749 0.000144 0 0.001233 0.999999 box4o8a.dat
1 16 14.308304 -6.876541 -0.009457 -0.116749 -0.993161 0.001268 0.993161 -0.116749 0.000149 0 0.001276 0.999999 box4o8a.dat
1 16 14.804885 -6.818166 -0.010095 -0.116749 -0.993161 0.001268 0.993161 -0.116749 0.000149 0 0.001276 0.999999 box4o8a.dat
1 16 15.301465 -6.759792 -0.010783 -0.116749 -0.993161 0.001334 0.993161 -0.116749 0.000157 0 0.001343 0.999999 box4o8a.dat
1 16 15.798045 -6.701417 -0.011486 -0.116749 -0.99316 0.001374 0.993161 -0.116749 0.000162 0 0.001384 0.999999 box4o8a.dat
1 16 16.294625 -6.643042 -0.012177 -0.116749 -0.99316 0.001374 0.993161 -0.116749 0.000162 0 0.001384 0.999999 box4o8a.dat
1 16 16.791205 -6.584668 -0.012915 -0.116749 -0.99316 0.001435 0.993161 -0.116749 0.000169 0 0.001445 0.999999 box4o8a.dat
1 16 17.287786 -6.526293 -0.013667 -0.116749 -0.99316 0.001474 0.993161 -0.116749 0.000173 0 0.001484 0.999999 box4o8a.dat
1 16 17.784366 -6.467919 -0.014409 -0.116749 -0.99316 0.001474 0.993161 -0.116749 0.000173 0 0.001484 0.999999 box4o8a.dat
1 16 18.280946 -6.409544 -0.015193 -0.116749 -0.99316 0.00153 0.993161 -0.116749 0.00018 0 0.00154 0.999999 box4o8a.dat
1 16 18.777526 -6.35117 -0.015991 -0.116749 -0.99316 0.001566 0.993161 -0.116749 0.000184 0 0.001577 0.999999 box4o8a.dat
1 16 19.274106 -6.292795 -0.01678 -0.116749 -0.99316 0.001566 0.993161 -0.116749 0.000184 0 0.001577 0.999999 box4o8a.dat
1 16 19.770686 -6.23442 -0.017607 -0.116749 -0.99316 0.001617 0.993161 -0.116749 0.00019 0 0.001629 0.999999 box4o8a.dat
1 16 20.267266 -6.176046 -0.018447 -0.116749 -0.99316 0.001652 0.993161 -0.116749 0.000194 0 0.001663 0.999999 box4o8a.dat
1 16 20.763846 -6.117671 -0.019279 -0.116749 -0.99316 0.001652 0.993161 -0.116749 0.000194 0 0.001663 0.999999 box4o8a.dat
1 16 21.260426 -6.059297 -0.020146 -0.116749 -0.99316 0.001698 0.993161 -0.116749 0.0002 0 0.00171 0.999999 box4o8a.dat
1 16 21.757006 -6.000922 -0.021001 -0.116749 -0.99316 0.001698 0.993161 -0.116749 0.0002 0 0.00171 0.999999 box4o8a.dat
1 16 22.253586 -5.942547 -0.021895 -0.116749 -0.99316 0.00175 0.993161 -0.116749 0.000206 0 0.001762 0.999998 box4o8a.dat
1 16 22.750166 -5.884173 -0.022797 -0.116749 -0.99316 0.001778 0.993161 -0.116749 0.000209 0 0.001791 0.999998 box4o8a.dat
1 16 23.246746 -5.825798 -0.023693 -0.116749 -0.99316 0.001778 0.993161 -0.116749 0.000209 0 0.001791 0.999998 box4o8a.dat
1 16 23.743326 -5.767424 -0.024619 -0.116749 -0.99316 0.00182 0.993161 -0.116749 0.000214 0 0.001832 0.999998 box4o8a.dat
1 16 24.239905 -5.709049 -0.025555 -0.116749 -0.99316 0.001846 0.993161 -0.116749 0.000217 0 0.001859 0.999998 box4o8a.dat
1 16 24.736485 -5.650675 -0.026485 -0.116749 -0.99316 0.001846 0.993161 -0.116749 0.000217 0 0.001859 0.999998 box4o8a.dat
1 16 25.233065 -5.5923 -0.027442 -0.116749 -0.99316 0.001883 0.993161 -0.116749 0.000221 0 0.001896 0.999998 box4o8a.dat
1 16 25.729645 -5.533926 -0.028409 -0.116749 -0.99316 0.001907 0.993161 -0.116749 0.000224 0 0.001921 0.999998 box4o8a.dat
1 16 26.226225 -5.475551 -0.029369 -0.116749 -0.99316 0.001907 0.993161 -0.116749 0.000224 0 0.001921 0.999998 box4o8a.dat
1 16 26.722804 -5.417176 -0.030354 -0.116749 -0.99316 0.00194 0.993161 -0.116749 0.000228 0 0.001953 0.999998 box4o8a.dat
1 16 27.219384 -5.358802 -0.031331 -0.116749 -0.99316 0.00194 0.993161 -0.116749 0.000228 0 0.001953 0.999998 box4o8a.dat
1 16 27.715964 -5.300427 -0.032334 -0.116749 -0.993159 0.001976 0.993161 -0.116749 0.000232 0 0.001989 0.999998 box4o8a.dat
1 16 28.212543 -5.242053 -0.033343 -0.116749 -0.993159 0.001995 0.993161 -0.116749 0.000234 0 0.002008 0.999998 box4o8a.dat
1 16 28.709123 -5.183678 -0.034347 -0.116749 -0.993159 0.001995 0.993161 -0.116749 0.000234 0 0.002008 0.999998 box4o8a.dat
1 16 29.205703 -5.125304 -0.035372 -0.116749 -0.993159 0.002022 0.993161 -0.116749 0.000238 0 0.002036 0.999998 box4o8a.dat
1 16 29.702282 -5.066929 -0.036403 -0.116749 -0.993159 0.002039 0.993161 -0.116749 0.00024 0 0.002053 0.999998 box4o8a.dat
1 16 30.198862 -5.008555 -0.037429 -0.116749 -0.993159 0.002039 0.993161 -0.116749 0.00024 0 0.002053 0.999998 box4o8a.dat
1 16 30.695442 -4.95018 -0.038473 -0.116749 -0.993159 0.002062 0.993161 -0.116749 0.000242 0 0.002076 0.999998 box4o8a.dat
1 16 31.192021 -4.891806 -0.039523 -0.116749 -0.993159 0.002077 0.993161 -0.116749 0.000244 0 0.002091 0.999998 box4o8a.dat
1 16 31.688601 -4.833431 -0.040568 -0.116749 -0.993159 0.002077 0.993161 -0.116749 0.000244 0 0.002091 0.999998 box4o8a.dat
1 16 32.185181 -4.775056 -0.041628 -0.116749 -0.993159 0.002096 0.993161 -0.116749 0.000246 0 0.002111 0.999998 box4o8a.dat
1 16 32.68176 -4.716682 -0.042684 -0.116749 -0.993159 0.002096 0.993161 -0.116749 0.000246 0 0.002111 0.999998 box4o8a.dat
1 16 33.17834 -4.658307 -0.043754 -0.116749 -0.993159 0.002116 0.993161 -0.116749 0.000249 0 0.002131 0.999998 box4o8a.dat
1 16 33.674919 -4.599933 -0.044827 -0.116749 -0.993159 0.002126 0.993161 -0.116749 0.00025 0 0.002141 0.999998 box4o8a.dat
1 16 34.171499 -4.541558 -0.045898 -0.116749 -0.993159 0.002126 0.993161 -0.116749 0.00025 0 0.002141 0.999998 box4o8a.dat
1 16 34.668078 -4.483184 -0.046979 -0.116749 -0.993159 0.00214 0.993161 -0.116749 0.000252 0 0.002155 0.999998 box4o8a.dat
1 16 35.164658 -4.424809 -0.048062 -0.116749 -0.993159 0.002148 0.993161 -0.116749 0.000253 0 0.002163 0.999998 box4o8a.dat
1 16 35.661238 -4.366435 -0.049143 -0.116749 -0.993159 0.002148 0.993161 -0.116749 0.000253 0 0.002163 0.999998 box4o8a.dat
1 16 36.157817 -4.30806 -0.050232 -0.116749 -0.993159 0.002158 0.993161 -0.116749 0.000254 0 0.002173 0.999998 box4o8a.dat
1 16 36.654397 -4.249686 -0.051323 -0.116749 -0.993159 0.002164 0.993161 -0.116749 0.000254 0 0.002178 0.999998 box4o8a.dat
1 16 37.150976 -4.191311 -0.052412 -0.116749 -0.993159 0.002164 0.993161 -0.116749 0.000254 0 0.002178 0.999998 box4o8a.dat
1 16 37.647556 -4.132937 -0.053506 -0.116749 -0.993159 0.00217 0.993161 -0.116749 0.000255 0 0.002185 0.999998 box4o8a.dat
1 16 38.144135 -4.074562 -0.054598 -0.116749 -0.993159 0.00217 0.993161 -0.116749 0.000255 0 0.002185 0.999998 box4o8a.dat
1 16 38.640715 -4.016188 -0.055695 -0.116749 -0.993159 0.002175 0.993161 -0.116749 0.000256 0 0.00219 0.999998 box4o8a.dat
1 16 39.137294 -3.957813 -0.05679 -0.116749 -0.993159 0.002176 0.993161 -0.116749 0.000256 0 0.002191 0.999998 box4o8a.dat
1 16 39.633874 -3.899439 -0.057886 -0.116749 -0.993159 0.002176 0.993161 -0.116749 0.000256 0 0.002191 0.999998 box4o8a.dat
1 16 40.130453 -3.841064 -0.058982 -0.116749 -0.993159 0.002177 0.993161 -0.116749 0.000256 0 0.002192 0.999998 box4o8a.dat
1 16 40.627033 -3.78269 -0.060077 -0.116749 -0.993159 0.002176 0.993161 -0.116749 0.000256 0 0.002191 0.999998 box4o8a.dat
1 16 41.123612 -3.724315 -0.061172 -0.116749 -0.993159 0.002176 0.993161 -0.116749 0.000256 0 0.002191 0.999998 box4o8a.dat
1 16 41.620192 -3.66594 -0.062265 -0.116749 -0.993159 0.002173 0.993161 -0.116749 0.000255 0 0.002188 0.999998 box4o8a.dat
1 16 42.116771 -3.607566 -0.063356 -0.116749 -0.993159 0.002169 0.993161 -0.116749 0.000255 0 0.002184 0.999998 box4o8a.dat
1 16 42.613351 -3.549191 -0.064448 -0.116749 -0.993159 0.002169 0.993161 -0.116749 0.000255 0 0.002184 0.999998 box4o8a.dat
1 16 43.10993 -3.490817 -0.065535 -0.116749 -0.993159 0.002162 0.993161 -0.116749 0.000254 0 0.002177 0.999998 box4o8a.dat
1 16 43.60651 -3.432442 -0.066624 -0.116749 -0.993159 0.002162 0.993161 -0.116749 0.000254 0 0.002177 0.999998 box4o8a.dat
1 16 44.103089 -3.374068 -0.067705 -0.116749 -0.993159 0.002153 0.993161 -0.116749 0.000253 0 0.002167 0.999998 box4o8a.dat
1 16 44.599669 -3.315693 -0.068783 -0.116749 -0.993159 0.002145 0.993161 -0.116749 0.000252 0 0.00216 0.999998 box4o8a.dat
1 16 45.096249 -3.257319 -0.069863 -0.116749 -0.993159 0.002145 0.993161 -0.116749 0.000252 0 0.00216 0.999998 box4o8a.dat
1 16 45.592828 -3.198944 -0.070934 -0.116749 -0.993159 0.002133 0.993161 -0.116749 0.000251 0 0.002147 0.999998 box4o8a.dat
1 16 46.089408 -3.14057 -0.072 -0.116749 -0.993159 0.002122 0.993161 -0.116749 0.00025 0 0.002137 0.999998 box4o8a.dat
1 16 46.585987 -3.082195 -0.073068 -0.116749 -0.993159 0.002122 0.993161 -0.116749 0.00025 0 0.002137 0.999998 box4o8a.dat
1 16 47.082567 -3.023821 -0.074125 -0.116749 -0.993159 0.002106 0.993161 -0.116749 0.000248 0 0.002121 0.999998 box4o8a.dat
1 16 47.579146 -2.965446 -0.075176 -0.116749 -0.993159 0.002094 0.993161 -0.116749 0.000246 0 0.002108 0.999998 box4o8a.dat
1 16 48.075726 -2.907072 -0.07623 -0.116749 -0.993159 0.002094 0.993161 -0.116749 0.000246 0 0.002108 0.999998 box4o8a.dat
1 16 48.572306 -2.848697 -0.077269 -0.116749 -0.993159 0.002074 0.993161 -0.116749 0.000244 0 0.002088 0.999998 box4o8a.dat
1 16 49.068885 -2.790323 -0.078313 -0.116749 -0.993159 0.002074 0.993161 -0.116749 0.000244 0 0.002088 0.999998 box4o8a.dat
1 16 49.565465 -2.731948 -0.079339 -0.116749 -0.993159 0.002049 0.993161 -0.116749 0.000241 0 0.002063 0.999998 box4o8a.dat
1 16 50.062045 -2.673573 -0.080358 -0.116749 -0.993159 0.002033 0.993161 -0.116749 0.000239 0 0.002047 0.999998 box4o8a.dat
1 16 50.558624 -2.615199 -0.081381 -0.116749 -0.993159 0.002033 0.993161 -0.116749 0.000239 0 0.002047 0.999998 box4o8a.dat
1 16 51.055204 -2.556824 -0.082385 -0.116749 -0.993159 0.002007 0.993161 -0.116749 0.000236 0 0.002021 0.999998 box4o8a.dat
1 16 51.551784 -2.49845 -0.083381 -0.116749 -0.993159 0.001988 0.993161 -0.116749 0.000234 0 0.002001 0.999998 box4o8a.dat
1 16 52.048363 -2.440075 -0.084381 -0.116749 -0.993159 0.001988 0.993161 -0.116749 0.000234 0 0.002001 0.999998 box4o8a.dat
1 16 52.544943 -2.381701 -0.08536 -0.116749 -0.993159 0.001958 0.993161 -0.116749 0.00023 0 0.001972 0.999998 box4o8a.dat
1 16 53.041523 -2.323326 -0.086329 -0.116749 -0.99316 0.001936 0.993161 -0.116749 0.000228 0 0.001949 0.999998 box4o8a.dat
1 16 53.538103 -2.264952 -0.087304 -0.116749 -0.99316 0.001936 0.993161 -0.116749 0.000228 0 0.001949 0.999998 box4o8a.dat
1 16 54.034683 -2.206577 -0.088253 -0.116749 -0.99316 0.001903 0.993161 -0.116749 0.000224 0 0.001916 0.999998 box4o8a.dat
1 16 54.531262 -2.148202 -0.089212 -0.116749 -0.99316 0.001903 0.993161 -0.116749 0.000224 0 0.001916 0.999998 box4o8a.dat
1 16 55.027842 -2.089828 -0.090139 -0.116749 -0.99316 0.001863 0.993161 -0.116749 0.000219 0 0.001876 0.999998 box4o8a.dat
1 16 55.524422 -2.031453 -0.091058 -0.116749 -0.99316 0.001837 0.993161 -0.116749 0.000216 0 0.00185 0.999998 box4o8a.dat
1 16 56.021002 -1.973079 -0.091983 -0.116749 -0.99316 0.001837 0.993161 -0.116749 0.000216 0 0.00185 0.999998 box4o8a.dat
1 16 56.517582 -1.914704 -0.092877 -0.116749 -0.99316 0.001797 0.993161 -0.116749 0.000211 0 0.001809 0.999998 box4o8a.dat
1 16 57.014162 -1.85633 -0.093761 -0.116749 -0.99316 0.001768 0.993161 -0.116749 0.000208 0 0.001781 0.999998 box4o8a.dat
1 16 57.510742 -1.797955 -0.094651 -0.116749 -0.99316 0.001768 0.993161 -0.116749 0.000208 0 0.001781 0.999998 box4o8a.dat
1 16 58.007322 -1.73958 -0.095508 -0.116749 -0.99316 0.001725 0.993161 -0.116749 0.000203 0 0.001737 0.999998 box4o8a.dat
1 16 58.503902 -1.681206 -0.096353 -0.116749 -0.99316 0.001693 0.993161 -0.116749 0.000199 0 0.001705 0.999999 box4o8a.dat
1 16 59.000482 -1.622831 -0.097205 -0.116749 -0.99316 0.001693 0.993161 -0.116749 0.000199 0 0.001705 0.999999 box4o8a.dat
1 16 59.497062 -1.564457 -0.098022 -0.116749 -0.99316 0.001646 0.993161 -0.116749 0.000194 0 0.001658 0.999999 box4o8a.dat
1 16 59.993642 -1.506082 -0.098851 -0.116749 -0.99316 0.001646 0.993161 -0.116749 0.000194 0 0.001658 0.999999 box4o8a.dat
1 16 60.490222 -1.447708 -0.099637 -0.116749 -0.99316 0.001589 0.993161 -0.116749 0.000187 0 0.0016 0.999999 box4o8a.dat
1 16 60.986802 -1.389333 -0.100411 -0.116749 -0.99316 0.001555 0.993161 -0.116749 0.000183 0 0.001565 0.999999 box4o8a.dat
1 16 61.483382 -1.330958 -0.101193 -0.116749 -0.99316 0.001555 0.993161 -0.116749 0.000183 0 0.001565 0.999999 box4o8a.dat
1 16 61.979962 -1.272584 -0.101934 -0.116749 -0.99316 0.001499 0.993161 -0.116749 0.000176 0 0.001509 0.999999 box4o8a.dat
1 16 62.476542 -1.214209 -0.10266 -0.116749 -0.99316 0.001461 0.993161 -0.116749 0.000172 0 0.001471 0.999999 box4o8a.dat
1 16 62.973123 -1.155835 -0.103396 -0.116749 -0.99316 0.001461 0.993161 -0.116749 0.000172 0 0.001471 0.999999 box4o8a.dat
1 16 63.469703 -1.09746 -0.104087 -0.116749 -0.99316 0.001402 0.993161 -0.116749 0.000165 0 0.001412 0.999999 box4o8a.dat
1 16 63.966283 -1.039085 -0.104761 -0.116749 -0.99316 0.001361 0.993161 -0.116749 0.00016 0 0.00137 0.999999 box4o8a.dat
1 16 64.462863 -0.980711 -0.105446 -0.116749 -0.99316 0.001361 0.993161 -0.116749 0.00016 0 0.00137 0.999999 box4o8a.dat
1 16 64.959444 -0.922336 -0.106084 -0.116749 -0.993161 0.001298 0.993161 -0.116749 0.000153 0 0.001307 0.999999 box4o8a.dat
1 16 65.456024 -0.863962 -0.106703 -0.116749 -0.993161 0.001253 0.993161 -0.116749 0.000147 0 0.001262 0.999999 box4o8a.dat
1 16 65.952604 -0.805587 -0.107334 -0.116749 -0.993161 0.001253 0.993161 -0.116749 0.000147 0 0.001262 0.999999 box4o8a.dat
1 16 66.449185 -0.747212 -0.107915 -0.116749 -0.993161 0.001187 0.993161 -0.116749 0.000139 0 0.001195 0.999999 box4o8a.dat
1 16 66.945765 -0.688838 -0.108475 -0.116749 -0.993161 0.001138 0.993161 -0.116749 0.000134 0 0.001146 0.999999 box4o8a.dat
1 16 67.442345 -0.630463 -0.109048 -0.116749 -0.993161 0.001138 0.993161 -0.116749 0.000134 0 0.001146 0.999999 box4o8a.dat
1 16 67.938926 -0.572088 -0.109568 -0.116749 -0.993161 0.001068 0.993161 -0.116749 0.000126 0 0.001075 0.999999 box4o8a.dat
1 16 68.435506 -0.513714 -0.110106 -0.116749 -0.993161 0.001068 0.993161 -0.116749 0.000126 0 0.001075 0.999999 box4o8a.dat
1 16 68.932087 -0.455339 -0.110579 -0.116749 -0.993161 0.000983 0.993161 -0.116749 0.000115 0 0.000989 1 box4o8a.dat
1 16 69.428667 -0.396964 -0.111036 -0.116749 -0.993161 0.000932 0.993161 -0.116749 0.00011 0 0.000938 1 box4o8a.dat
1 16 69.925248 -0.33859 -0.111505 -0.116749 -0.993161 0.000932 0.993161 -0.116749 0.00011 0 0.000938 1 box4o8a.dat
1 16 70.421828 -0.280215 -0.111912 -0.116749 -0.993161 0.000851 0.993161 -0.116749 0.0001 0 0.000856 1 box4o8a.dat
1 16 70.918409 -0.221841 -0.1123 -0.116749 -0.993161 0.000796 0.993161 -0.116749 0.000094 0 0.000802 1 box4o8a.dat
1 16 71.414989 -0.163466 -0.112701 -0.116749 -0.993161 0.000796 0.993161 -0.116749 0.000094 0 0.000802 1 box4o8a.dat
1 16 71.91157 -0.105091 -0.113037 -0.116749 -0.993161 0.000711 0.993161 -0.116749 0.000084 0 0.000716 1 box4o8a.dat
1 16 72.408151 -0.046717 -0.113351 -0.116749 -0.993161 0.000653 0.993161 -0.116749 0.000077 0 0.000657 1 box4o8a.dat
1 16 72.904731 0.011658 -0.11368 -0.116749 -0.993161 0.000653 0.993161 -0.116749 0.000077 0 0.000657 1 box4o8a.dat
1 16 73.401312 0.070033 -0.11394 -0.116749 -0.993161 0.000563 0.993161 -0.116749 0.000066 0 0.000567 1 box4o8a.dat
1 16 73.897892 0.128407 -0.114177 -0.116749 -0.993161 0.000501 0.993161 -0.116749 0.000059 0 0.000504 1 box4o8a.dat
1 16 74.394473 0.186782 -0.114429 -0.116749 -0.993161 0.000501 0.993161 -0.116749 0.000059 0 0.000504 1 box4o8a.dat
1 16 74.891054 0.245157 -0.11461 -0.116749 -0.993161 0.000406 0.993161 -0.116749 0.000048 0 0.000409 1 box4o8a.dat
1 16 75.387634 0.303531 -0.114765 -0.116749 -0.993161 0.000341 0.993161 -0.116749 0.00004 0 0.000343 1 box4o8a.dat
1 16 75.884215 0.361906 -0.114936 -0.116749 -0.993161 0.000341 0.993161 -0.116749 0.00004 0 0.000343 1 box4o8a.dat
1 16 76.380796 0.420281 -0.115032 -0.116749 -0.993161 0.000241 0.993161 -0.116749 0.000028 0 0.000242 1 box4o8a.dat
1 16 76.877377 0.478655 -0.115101 -0.116749 -0.993161 0.000171 0.993161 -0.116749 0.00002 0 0.000172 1 box4o8a.dat
1 16 77.373957 0.53703 -0.115187 -0.116749 -0.993161 0.000171 0.993161 -0.116749 0.00002 0 0.000172 1 box4o8a.dat
1 16 77.870538 0.595405 -0.115194 -0.116749 -0.993161 0.000066 0.993161 -0.116749 0.000008 0 0.000067 1 box4o8a.dat
1 16 78.366909 0.655543 -0.115214 -0.119101 -0.992882 0.000048 0.992882 -0.119101 0.000006 0 0.000048 1 box4o8a.dat
1 16 78.85896 0.746178 -0.115205 -0.160548 -0.987028 0.000004 0.987028 -0.160548 0.000001 0 0.000004 1 box4o8a.dat
1 16 79.345104 0.865277 -0.115204 -0.212314 -0.977202 0.000001 0.977202 -0.212314 0 0 0.000001 1 box4o8a.dat
1 16 79.822183 1.017411 -0.115204 -0.273617 -0.961839 0 0.961839 -0.273617 0 0 0 1 box4o8a.dat
1 16 80.289746 1.196399 -0.115204 -0.329857 -0.944031 0 0.944031 -0.329857 0 0 0 1 box4o8a.dat
1 16 80.745964 1.402594 -0.115204 -0.384878 -0.922967 0 0.922967 -0.384878 0 0 0 1 box4o8a.dat
1 16 81.190851 1.63199 -0.115204 -0.434154 -0.900839 0 0.900839 -0.434154 0 0 0 1 box4o8a.dat
1 16 81.619283 1.891219 -0.115204 -0.490357 -0.871521 0 0.871521 -0.490357 0 0 0 1 box4o8a.dat
1 16 82.032211 2.174314 -0.115204 -0.540913 -0.841079 0 0.841079 -0.540913 0 0 0 1 box4o8a.dat
1 16 82.427764 2.481216 -0.115204 -0.589507 -0.807763 0 0.807763 -0.589507 0 0 0 1 box4o8a.dat
1 16 82.806895 2.808029 -0.115204 -0.632252 -0.774763 0 0.774763 -0.632252 0 0 0 1 box4o8a.dat
1 16 83.163067 3.160016 -0.115204 -0.680067 -0.73315 0 0.73315 -0.680067 0 0 0 1 box4o8a.dat
1 16 83.498588 3.531606 -0.115204 -0.722142 -0.691745 0 0.691745 -0.722142 0 0 0 1 box4o8a.dat
1 16 83.811663 3.922291 -0.115204 -0.761628 -0.648014 0 0.648014 -0.761628 0 0 0 1 box4o8a.dat
1 16 84.104133 4.328502 -0.115204 -0.795491 -0.605966 0 0.605966 -0.795491 0 0 0 1 box4o8a.dat
1 16 84.368407 4.753841 -0.115204 -0.832282 -0.554353 0 0.554353 -0.832282 0 0 0 1 box4o8a.dat
1 16 84.608016 5.193433 -0.115204 -0.86355 -0.504263 0 0.504263 -0.86355 0 0 0 1 box4o8a.dat
1 16 84.824561 5.644717 -0.115204 -0.889562 -0.456815 0 0.456815 -0.889562 0 0 0 1 box4o8a.dat
1 16 85.009997 6.10987 -0.115204 -0.916725 -0.39952 0 0.39952 -0.916725 0 0 0 1 box4o8a.dat
1 16 85.168752 6.584683 -0.115204 -0.938659 -0.344847 0 0.344847 -0.938659 0 0 0 1 box4o8a.dat
1 16 85.299272 7.068021 -0.115204 -0.957336 -0.288976 0 0.288976 -0.957336 0 0 0 1 box4o8a.dat
1 16 85.404624 7.557356 -0.115204 -0.97156 -0.236794 0 0.236794 -0.97156 0 0 0 1 box4o8a.dat
1 16 85.476487 8.052926 -0.115204 -0.984613 -0.174748 0 0.174748 -0.984613 0 0 0 1 box4o8a.dat
1 16 85.520136 8.551671 -0.115204 -0.993197 -0.116449 0 0.116449 -0.993197 0 0 0 1 box4o8a.dat
1 16 85.534346 9.052119 -0.115204 -0.99833 -0.057762 0 0.057762 -0.99833 0 0 0 1 box4o8a.dat
1 16 85.522693 9.552531 -0.115204 -0.999993 -0.003717 0 0.003717 -0.999993 0 0 0 1 box4o8a.dat
1 16 85.477019 10.051197 -0.115204 -0.998219 0.059659 0 -0.059659 -0.998219 0 0 0 1 box4o8a.dat
1 16 85.403155 10.54637 -0.115204 -0.992969 0.118372 0 -0.118372 -0.992969 0 0 0 1 box4o8a.dat
1 16 85.300269 11.036334 -0.115204 -0.984276 0.176639 0 -0.176639 -0.984276 0 0 0 1 box4o8a.dat
1 16 85.172254 11.520235 -0.115204 -0.973293 0.229567 0 -0.229567 -0.973293 0 0 0 1 box4o8a.dat
1 16 85.011561 11.994504 -0.115204 -0.95679 0.290779 0 -0.290779 -0.95679 0 0 0 1 box4o8a.dat
1 16 84.824255 12.458798 -0.115204 -0.937988 0.346667 0 -0.346667 -0.937988 0 0 0 1 box4o8a.dat
1 16 84.609946 12.91126 -0.115204 -0.915946 0.401302 0 -0.401302 -0.915946 0 0 0 1 box4o8a.dat
1 16 84.372624 13.351971 -0.115204 -0.89293 0.450196 0 -0.450196 -0.89293 0 0 0 1 box4o8a.dat
1 16 84.105771 13.775696 -0.115204 -0.86261 0.50587 0 -0.50587 -0.86261 0 0 0 1 box4o8a.dat
1 16 83.815352 14.183506 -0.115204 -0.831284 0.555848 0 -0.555848 -0.831284 0 0 0 1 box4o8a.dat
1 16 83.501436 14.573516 -0.115204 -0.797108 0.603837 0 -0.603837 -0.797108 0 0 0 1 box4o8a.dat
1 16 83.167892 14.946739 -0.115204 -0.763333 0.646005 0 -0.646005 -0.763333 0 0 0 1 box4o8a.dat
1 16 82.809589 15.296557 -0.115204 -0.720869 0.693072 0 -0.693072 -0.720869 0 0 0 1 box4o8a.dat
1 16 82.432073 15.625394 -0.115204 -0.678739 0.73438 0 -0.73438 -0.678739 0 0 0 1 box4o8a.dat
1 16 82.03586 15.931444 -0.115204 -0.634313 0.773077 0 -0.773077 -0.634313 0 0 0 1 box4o8a.dat
1 16 81.624482 16.216602 -0.115204 -0.591648 0.806197 0 -0.806197 -0.591648 0 0 0 1 box4o8a.dat
1 16 81.194484 16.473226 -0.115204 -0.539381 0.842062 0 -0.842062 -0.539381 0 0 0 1 box4o8a.dat
1 16 80.750688 16.704954 -0.115204 -0.488765 0.872416 0 -0.872416 -0.488765 0 0 0 1 box4o8a.dat
1 16 80.294027 16.910166 -0.115204 -0.436537 0.899686 0 -0.899686 -0.436537 0 0 0 1 box4o8a.dat
1 16 79.827496 17.091535 -0.115204 -0.387338 0.921938 0 -0.921938 -0.387338 0 0 0 1 box4o8a.dat
1 16 79.349511 17.240814 -0.115204 -0.328152 0.944625 0 -0.944625 -0.328152 0 0 0 1 box4o8a.dat
1 16 78.86391 17.362653 -0.115204 -0.271836 0.962344 0 -0.962344 -0.271836 0 0 0 1 box4o8a.dat
1 16 78.371984 17.455709 -0.115204 -0.214687 0.976683 0 -0.976683 -0.214687 0 0 0 1 box4o8a.dat
1 16 77.876021 17.523289 -0.115204 -0.161669 0.986845 0 -0.986845 -0.161669 0 0 0 1 box4o8a.dat
1 16 77.376403 17.556992 -0.115204 -0.098827 0.995105 0 -0.995105 -0.098827 0 0 0 1 box4o8a.dat
1 16 76.875777 17.562222 -0.115204 -0.039915 0.999203 0 -0.999203 -0.039915 0 0 0 1 box4o8a.dat
1 16 76.375653 17.541603 -0.115204 0.014186 0.999899 0 -0.999899 0.014186 0 0 0 1 box4o8a.dat
1 16 75.877886 17.487005 -0.115204 0.077527 0.99699 0 -0.99699 0.077527 0 0 0 1 box4o8a.dat
1 16 75.382146 17.419815 -0.115174 0.115428 0.993316 0.00004 -0.993316 0.115428 0.000005 0 -0.000041 1 box4o8a.dat
1 16 74.885568 17.361422 -0.115104 0.116334 0.99321 0.000105 -0.99321 0.116334 0.000012 0 -0.000106 1 box4o8a.dat
1 16 74.388963 17.303255 -0.115051 0.116334 0.99321 0.000105 -0.99321 0.116334 0.000012 0 -0.000106 1 box4o8a.dat
1 16 73.89239 17.244812 -0.11492 0.116702 0.993167 0.000209 -0.993167 0.116702 0.000025 0 -0.00021 1 box4o8a.dat
1 16 73.395809 17.186437 -0.114765 0.116734 0.993163 0.000276 -0.993163 0.116734 0.000032 0 -0.000278 1 box4o8a.dat
1 16 72.899228 17.12807 -0.114626 0.116734 0.993163 0.000276 -0.993163 0.116734 0.000032 0 -0.000278 1 box4o8a.dat
1 16 72.402647 17.069693 -0.114412 0.116747 0.993162 0.000376 -0.993162 0.116747 0.000044 0 -0.000378 1 box4o8a.dat
1 16 71.906067 17.011318 -0.114174 0.116749 0.993161 0.00044 -0.993161 0.116749 0.000052 0 -0.000443 1 box4o8a.dat
1 16 71.409486 16.952944 -0.113952 0.116749 0.993161 0.00044 -0.993161 0.116749 0.000052 0 -0.000443 1 box4o8a.dat
1 16 70.912905 16.894569 -0.11366 0.116749 0.993161 0.000534 -0.993161 0.116749 0.000063 0 -0.000538 1 box4o8a.dat
1 16 70.416325 16.836194 -0.113344 0.116749 0.993161 0.000595 -0.993161 0.116749 0.00007 0 -0.0006 1 box4o8a.dat
1 16 69.919744 16.77782 -0.113045 0.116749 0.993161 0.000595 -0.993161 0.116749 0.00007 0 -0.0006 1 box4o8a.dat
1 16 69.423163 16.719445 -0.112678 0.116749 0.993161 0.000684 -0.993161 0.116749 0.00008 0 -0.000689 1 box4o8a.dat
1 16 68.926583 16.66107 -0.112289 0.116749 0.993161 0.000743 -0.993161 0.116749 0.000087 0 -0.000748 1 box4o8a.dat
1 16 68.430002 16.602696 -0.111916 0.116749 0.993161 0.000743 -0.993161 0.116749 0.000087 0 -0.000748 1 box4o8a.dat
1 16 67.933422 16.544321 -0.111479 0.116749 0.993161 0.000826 -0.993161 0.116749 0.000097 0 -0.000831 1 box4o8a.dat
1 16 67.436841 16.485946 -0.111021 0.116749 0.993161 0.000881 -0.993161 0.116749 0.000104 0 -0.000887 1 box4o8a.dat
1 16 66.940261 16.427572 -0.110577 0.116749 0.993161 0.000881 -0.993161 0.116749 0.000104 0 -0.000887 1 box4o8a.dat
1 16 66.44368 16.369197 -0.110075 0.116749 0.993161 0.000959 -0.993161 0.116749 0.000113 0 -0.000966 1 box4o8a.dat
1 16 65.9471 16.310823 -0.109552 0.116749 0.993161 0.001012 -0.993161 0.116749 0.000119 0 -0.001019 0.999999 box4o8a.dat
1 16 65.450519 16.252448 -0.109043 0.116749 0.993161 0.001012 -0.993161 0.116749 0.000119 0 -0.001019 0.999999 box4o8a.dat
1 16 64.953939 16.194073 -0.108478 0.116749 0.993161 0.001085 -0.993161 0.116749 0.000128 0 -0.001092 0.999999 box4o8a.dat
1 16 64.457359 16.135699 -0.107894 0.116749 0.993161 0.001135 -0.993161 0.116749 0.000133 0 -0.001143 0.999999 box4o8a.dat
1 16 63.960778 16.077324 -0.107323 0.116749 0.993161 0.001135 -0.993161 0.116749 0.000133 0 -0.001143 0.999999 box4o8a.dat
1 16 63.464198 16.018949 -0.1067 0.116749 0.993161 0.001203 -0.993161 0.116749 0.000141 0 -0.001211 0.999999 box4o8a.dat
1 16 62.967618 15.960575 -0.106095 0.116749 0.993161 0.001203 -0.993161 0.116749 0.000141 0 -0.001211 0.999999 box4o8a.dat
1 16 62.471037 15.9022 -0.105431 0.116749 0.993161 0.001279 -0.993161 0.116749 0.00015 0 -0.001288 0.999999 box4o8a.dat
1 16 61.974457 15.843826 -0.104755 0.116749 0.993161 0.001322 -0.993161 0.116749 0.000155 0 -0.001331 0.999999 box4o8a.dat
1 16 61.477877 15.785451 -0.10409 0.116749 0.993161 0.001322 -0.993161 0.116749 0.000155 0 -0.001331 0.999999 box4o8a.dat
1 16 60.981297 15.727076 -0.103377 0.116749 0.99316 0.001385 -0.993161 0.116749 0.000163 0 -0.001395 0.999999 box4o8a.dat
1 16 60.484716 15.668702 -0.102649 0.116749 0.99316 0.001425 -0.993161 0.116749 0.000168 0 -0.001435 0.999999 box4o8a.dat
1 16 59.988136 15.610327 -0.101932 0.116749 0.99316 0.001425 -0.993161 0.116749 0.000168 0 -0.001435 0.999999 box4o8a.dat
1 16 59.491556 15.551953 -0.10117 0.116749 0.99316 0.001483 -0.993161 0.116749 0.000174 0 -0.001493 0.999999 box4o8a.dat
1 16 58.994976 15.493578 -0.100395 0.116749 0.99316 0.001521 -0.993161 0.116749 0.000179 0 -0.001531 0.999999 box4o8a.dat
1 16 58.498396 15.435203 -0.099629 0.116749 0.99316 0.001521 -0.993161 0.116749 0.000179 0 -0.001531 0.999999 box4o8a.dat
1 16 58.001816 15.376829 -0.098823 0.116749 0.99316 0.001574 -0.993161 0.116749 0.000185 0 -0.001585 0.999999 box4o8a.dat
1 16 57.505236 15.318454 -0.098004 0.116749 0.99316 0.00161 -0.993161 0.116749 0.000189 0 -0.001621 0.999999 box4o8a.dat
1 16 57.008656 15.26008 -0.097193 0.116749 0.99316 0.00161 -0.993161 0.116749 0.000189 0 -0.001621 0.999999 box4o8a.dat
1 16 56.512076 15.201705 -0.096346 0.116749 0.99316 0.001659 -0.993161 0.116749 0.000195 0 -0.00167 0.999999 box4o8a.dat
1 16 56.015496 15.14333 -0.095511 0.116749 0.99316 0.001659 -0.993161 0.116749 0.000195 0 -0.00167 0.999999 box4o8a.dat
1 16 55.518916 15.084956 -0.094635 0.116749 0.99316 0.001713 -0.993161 0.116749 0.000201 0 -0.001725 0.999999 box4o8a.dat
1 16 55.022336 15.026581 -0.093751 0.116749 0.99316 0.001742 -0.993161 0.116749 0.000205 0 -0.001754 0.999998 box4o8a.dat
1 16 54.525756 14.968207 -0.092874 0.116749 0.99316 0.001742 -0.993161 0.116749 0.000205 0 -0.001754 0.999998 box4o8a.dat
1 16 54.029176 14.909832 -0.091964 0.116749 0.99316 0.001786 -0.993161 0.116749 0.00021 0 -0.001798 0.999998 box4o8a.dat
1 16 53.532596 14.851458 -0.091044 0.116749 0.99316 0.001813 -0.993161 0.116749 0.000213 0 -0.001826 0.999998 box4o8a.dat
1 16 53.036016 14.793083 -0.090131 0.116749 0.99316 0.001813 -0.993161 0.116749 0.000213 0 -0.001826 0.999998 box4o8a.dat
1 16 52.539436 14.734708 -0.089189 0.116749 0.99316 0.001852 -0.993161 0.116749 0.000218 0 -0.001865 0.999998 box4o8a.dat
1 16 52.042857 14.676334 -0.088237 0.116749 0.99316 0.001878 -0.993161 0.116749 0.000221 0 -0.001891 0.999998 box4o8a.dat
