0 FILE Assassin Droid Battle Pack.ldr
0 Assassin Droid Battle Pack
0 Name: Assassin Droid Battle Pack.ldr
0 Author: LDraw
0 Unofficial Model
0 ROTATION CENTER 0 0 0 1 "Custom" 
0 ROTATION CONFIG 0 0
1 0 -430 24 -30 0 0 1 0 1 0 -1 0 0 Assassin Droid 1.ldr
1 0 -430 24 -90 0 0 1 0 1 0 -1 0 0 Assassin Droid 2.ldr
1 0 -430 24 -150 0 0 1 0 1 0 -1 0 0 Assassin Droid 3.ldr
1 0 -430 24 -210 0 0 1 0 1 0 -1 0 0 Assassin Droid 4.ldr
1 0 -430 24 30 0 0 1 0 1 0 -1 0 0 Assassin Droid 4.ldr
1 0 -250 24 180 0 0 -1 0 1 0 1 0 0 Part 1.ldr
0
0 FILE Assassin Droid 1.ldr
0 Assassin Droid 1
0 Name: Assassin Droid 1.ldr
0 Author: LDraw
0 Unofficial Model
0 ROTATION CENTER 0 0 0 1 "Custom" 
0 ROTATION CONFIG 0 0
1 0 -30 40 0 1 0 0 0 1 0 0 0 1 30376.dat
1 0 -30 0 0 1 0 0 0 1 0 0 0 1 30375.dat
1 0 -14 -32 0 1 0 0 0 1 0 0 0 1 30377.dat
1 0 -46 -32 0 1 0 0 0 0.707107 0.707107 0 -0.707107 0.707107 59230.dat
1 0 -30 -32 0 0 0 1 0 -1 0 1 0 0 48729.dat
1 0 -30 -46 0 0 0 1 0 -1 0 1 0 0 4589.dat
1 38 -30 -70 0 0 0 1 0 -1 0 1 0 0 4073.dat
1 0 -30 -78 0 0 0 1 0 -1 0 1 0 0 4073.dat
1 0 -46 -15.03 -39.598 1 0 0 0 0.707107 -0.707107 0 0.707107 0.707107 57899.dat
0
0 FILE Assassin Droid 2.ldr
0 Assassin Droid 2
0 Name: Assassin Droid 2.ldr
0 Author: LDraw
0 Unofficial Model
0 ROTATION CENTER 0 0 0 1 "Custom" 
0 ROTATION CONFIG 0 0
1 0 -30 40 0 1 0 0 0 1 0 0 0 1 30376.dat
1 0 -30 0 0 1 0 0 0 1 0 0 0 1 30375.dat
1 0 -14 -32 0 1 0 0 0 1 0 0 0 1 30377.dat
1 0 -46 -32 0 1 0 0 0 0.707107 0.707107 0 -0.707107 0.707107 59230.dat
1 0 -30 -32 0 0 0 1 0 -1 0 1 0 0 48729.dat
1 0 -30 -46 0 0 0 1 0 -1 0 1 0 0 4589.dat
1 38 -30 -70 0 0 0 1 0 -1 0 1 0 0 4073.dat
1 0 -30 -78 0 0 0 1 0 -1 0 1 0 0 4073.dat
1 0 -46 -3.716 -28.284 1 0 0 0 0.707107 -0.707107 0 0.707107 0.707107 58247.dat
0
0 FILE Assassin Droid 3.ldr
0 Assassin Droid 3
0 Name: Assassin Droid 3.ldr
0 Author: LDraw
0 Unofficial Model
0 ROTATION CENTER 0 0 0 1 "Custom" 
0 ROTATION CONFIG 0 0
1 80 -30 40 0 1 0 0 0 1 0 0 0 1 30376.dat
1 80 -30 0 0 1 0 0 0 1 0 0 0 1 30375.dat
1 80 -14 -32 0 1 0 0 0 1 0 0 0 1 30377.dat
1 80 -46 -32 0 1 0 0 0 0.707107 0.707107 0 -0.707107 0.707107 59230.dat
1 80 -30 -32 0 0 0 1 0 -1 0 1 0 0 48729.dat
1 80 -30 -46 0 0 0 1 0 -1 0 1 0 0 4589.dat
1 38 -30 -70 0 0 0 1 0 -1 0 1 0 0 4073.dat
1 80 -30 -78 0 0 0 1 0 -1 0 1 0 0 4073.dat
1 0 -46 -3.716 -28.284 1 0 0 0 0.707107 -0.707107 0 0.707107 0.707107 58247.dat
0
0 FILE Assassin Droid 4.ldr
0 Assassin Droid 4
0 Name: Assassin Droid 4.ldr
0 Author: LDraw
0 Unofficial Model
0 ROTATION CENTER 0 0 0 1 "Custom" 
0 ROTATION CONFIG 0 0
1 80 -30 40 0 1 0 0 0 1 0 0 0 1 30376.dat
1 80 -30 0 0 1 0 0 0 1 0 0 0 1 30375.dat
1 80 -14 -32 0 1 0 0 0 1 0 0 0 1 30377.dat
1 80 -46 -32 0 1 0 0 0 0.707107 0.707107 0 -0.707107 0.707107 59230.dat
1 80 -30 -32 0 0 0 1 0 -1 0 1 0 0 48729.dat
1 80 -30 -46 0 0 0 1 0 -1 0 1 0 0 4589.dat
1 38 -30 -70 0 0 0 1 0 -1 0 1 0 0 4073.dat
1 80 -30 -78 0 0 0 1 0 -1 0 1 0 0 4073.dat
0
0 FILE Part 1.ldr
0 Part 1
0 Name: Part 1.ldr
0 Author: LDraw
0 Unofficial Model
0 ROTATION CENTER 0 0 0 1 "Custom" 
0 ROTATION CONFIG 0 0
1 71 -10 8 0 1 0 0 0 1 0 0 0 1 2445.dat
1 71 70 -6 84 1 0 0 0 0 1 0 -1 0 6143.dat
1 72 80 -6 92 0 0 -1 1 0 0 0 -1 0 61406p02.dat
1 71 -110 -16 -10 0 0 1 0 1 0 -1 0 0 30359b.dat
1 71 60 -46 -50 -1 0 0 0 1 0 0 0 -1 61184.dat
1 52 36 -46 -50 0 1 0 1 0 0 0 0 -1 4589.dat
1 71 60 -46 50 -1 0 0 0 1 0 0 0 -1 61184.dat
1 52 36 -46 50 0 1 0 1 0 0 0 0 -1 4589.dat
1 71 -240 -16 -10 1 0 0 0 1 0 0 0 1 42446.dat
1 71 -240 -16 10 -1 0 0 0 1 0 0 0 -1 42446.dat
1 71 -110 -16 10 0 0 1 0 1 0 -1 0 0 30359b.dat
1 0 100 -16 0 0 0 -1 0 1 0 1 0 0 3660.dat
1 0 0 -48 0 0 0 1 0 1 0 -1 0 0 2432.dat
1 0 -80 -39 0 0 0 1 0 1 0 -1 0 0 58247.dat
1 0 80 -71 0 0 0 -1 0 1 0 1 0 0 58247.dat
1 0 -240 8 0 0 0 1 0 1 0 -1 0 0 3023.dat
1 0 70 -16 10 -1 0 0 0 1 0 0 0 -1 3700.dat
1 14 10 -16 10 -1 0 0 0 1 0 0 0 -1 32000.dat
1 14 10 -16 -10 -1 0 0 0 1 0 0 0 -1 32000.dat
1 14 -80 -16 -10 -1 0 0 0 1 0 0 0 -1 6541.dat
1 14 -80 -16 10 -1 0 0 0 1 0 0 0 -1 6541.dat
1 1 -80 -6 20 0 0 -1 0 1 0 1 0 0 4274.dat
1 1 -80 -6 -20 0 0 1 0 1 0 -1 0 0 4274.dat
1 1 0 -6 20 0 0 -1 0 1 0 1 0 0 4274.dat
1 1 0 -6 -20 0 0 1 0 1 0 -1 0 0 4274.dat
1 1 20 -6 20 0 0 -1 0 1 0 1 0 0 4274.dat
1 1 20 -6 -20 0 0 1 0 1 0 -1 0 0 4274.dat
1 1 -80 -24 0 0 0 -1 0 1 0 1 0 0 2540.dat
1 1 80 -56 0 0 0 1 0 1 0 -1 0 0 2540.dat
1 72 80 -64 0 0 0 1 0 1 0 -1 0 0 3794a.dat
1 72 50 4 44 0 0 1 -1 0 0 0 -1 0 50955.dat
1 72 50 4 -44 0 0 1 1 0 0 0 1 0 50956.dat
1 72 -80 -32 0 0 0 1 0 1 0 -1 0 0 3794a.dat
1 1 70 -24 0 -1 0 0 0 1 0 0 0 -1 3795.dat
1 0 70 -16 -10 -1 0 0 0 1 0 0 0 -1 32064b.dat
1 0 70 -6 0 0 0 1 0 1 0 -1 0 0 3707.dat
1 71 70 -6 -30 1 0 0 0 1 0 0 0 1 3713.dat
1 72 70 -26 -50 0 0 -1 0 -1 0 -1 0 0 42003.dat
1 72 70 -26 50 0 0 -1 0 -1 0 -1 0 0 42003.dat
1 71 70 -6 30 1 0 0 0 1 0 0 0 1 3713.dat
1 272 80 -48 0 0 0 -1 0 1 0 1 0 0 3298.dat
1 272 -110 -40 0 0 0 1 0 1 0 -1 0 0 44675.dat
1 272 60 -16 108 0 0 1 -1 0 0 0 -1 0 50950.dat
1 272 60 4 108 0 0 1 -1 0 0 0 -1 0 50950.dat
1 71 70 -6 -84 1 0 0 0 0 -1 0 1 0 6143.dat
1 72 80 -6 -92 0 0 -1 -1 0 0 0 1 0 61406p02.dat
1 272 60 4 -108 0 0 1 1 0 0 0 1 0 50950.dat
1 272 60 -16 -108 0 0 1 1 0 0 0 1 0 50950.dat
1 272 -260 -9 -39 0 0 1 1 0 0 0 1 0 50950.dat
1 272 -260 -9 39 0 0 1 -1 0 0 0 -1 0 50950.dat
1 0 40 0 -10 -1 0 0 0 1 0 0 0 -1 4073.dat
0
0
