0 FILE Republic Attack Shuttle.ldr
0 Republic Attack Shuttle
0 Name: Republic Attack Shuttle.ldr
0 Author: LDraw
0 Unofficial Model
0 ROTATION CENTER 0 0 0 1 "Custom" 
0 ROTATION CONFIG 0 0
1 0 -365.757 -363.437 34.606 -0.353553 0.382683 0.853553 0.488852 0.853553 -0.180194 -0.797511 0.353553 -0.488852 Part 1.ldr
1 0 -390 200 400 0 0 1 0 1 0 -1 0 0 Clone Pilot.ldr
1 0 -440 200 480 0 0 1 0 1 0 -1 0 0 Clone.ldr
1 0 -390 200 260 0 0 1 0 1 0 -1 0 0 Mace Windu.ldr
0
0 FILE Clone.ldr
0 Clone
0 Name: Clone.ldr
0 Author: LDraw
0 Unofficial Model
0 ROTATION CENTER 0 0 0 1 "Custom" 
0 ROTATION CONFIG 0 0
1 15 0 -24 0 1 0 0 0 1 0 0 0 1 30408p01.dat
1 78 0 -24 0 1 0 0 0 1 0 0 0 1 3626bp01.dat
1 15 0 0 0 1 0 0 0 1 0 0 0 1 973psu.dat
1 0 0 32 0 1 0 0 0 1 0 0 0 1 3815.dat
1 15 -15.552 9 0 0.985 -0.17 0 0.17 0.985 0 0 0 1 3818.dat
1 15 15.552 9 0 0.985 0.17 0 -0.17 0.985 0 0 0 1 3819.dat
1 0 -23.8634 26.5956 -10.321 0.985 -0.12019 0.12019 0.17 0.696395 -0.696395 0 0.707 0.707 3820.dat
1 0 23.8634 26.5956 -10.321 0.985 0.12019 -0.12019 -0.17 0.696395 -0.696395 0 0.707 0.707 3820.dat
1 15 0 44 0 1 0 0 0 1 0 0 0 1 3816.dat
1 15 0 44 0 1 0 0 0 1 0 0 0 1 3817.dat
0
0 FILE Clone Pilot.ldr
0 Clone Pilot
0 Name: Clone Pilot.ldr
0 Author: LDraw
0 Unofficial Model
0 ROTATION CENTER 0 0 0 1 "Custom" 
0 ROTATION CONFIG 0 0
1 15 0 -24 0 1 0 0 0 1 0 0 0 1 30408p01.dat
1 78 0 -24 0 1 0 0 0 1 0 0 0 1 3626bp01.dat
1 0 0 32 0 1 0 0 0 1 0 0 0 1 3815.dat
1 15 -15.552 9 0 0.985 -0.17 0 0.17 0.985 0 0 0 1 3818.dat
1 15 15.552 9 0 0.985 0.17 0 -0.17 0.985 0 0 0 1 3819.dat
1 0 -23.8634 26.5956 -10.321 0.985 -0.12019 0.12019 0.17 0.696395 -0.696395 0 0.707 0.707 3820.dat
1 0 23.8634 26.5956 -10.321 0.985 0.12019 -0.12019 -0.17 0.696395 -0.696395 0 0.707 0.707 3820.dat
1 15 0 44 0 1 0 0 0 1 0 0 0 1 3816.dat
1 15 0 44 0 1 0 0 0 1 0 0 0 1 3817.dat
1 15 0 0 0 1 0 0 0 1 0 0 0 1 973psu.dat
0
0 FILE Mace Windu.ldr
0 Mace Windu
0 Name: Mace Windu.ldr
0 Author: LDraw
0 Unofficial Model
0 ROTATION CENTER 0 0 0 1 "Custom" 
0 ROTATION CONFIG 0 0
1 70 0 -24 0 1 0 0 0 1 0 0 0 1 3626bp01.dat
1 28 0 0 0 1 0 0 0 1 0 0 0 1 973pr3.dat
1 28 0 32 0 1 0 0 0 1 0 0 0 1 3815.dat
1 28 -15.552 9 0 0.985 -0.17 0 0.17 0.985 0 0 0 1 3818.dat
1 28 15.552 9 0 0.985 0.17 0 -0.17 0.985 0 0 0 1 3819.dat
1 70 -23.8634 26.5956 -10.321 0.985 -0.12019 0.12019 0.17 0.696395 -0.696395 0 0.707 0.707 3820.dat
1 70 23.8634 26.5956 -10.321 0.985 0.12019 -0.12019 -0.17 0.696395 -0.696395 0 0.707 0.707 3820.dat
1 44 -23.1951 22.7236 -33.8217 0.985 -0.0874983 0.14567 0.17 0.506976 -0.844031 0 0.856884 0.514696 577bc01.dat
1 28 0 44 0 1 0 0 0 1 0 0 0 1 3816.dat
1 28 0 44 0 1 0 0 0 1 0 0 0 1 3817.dat
0
0 FILE Part 1.ldr
0 Part 1
0 Name: Part 1.ldr
0 Author: LDraw
0 Unofficial Model
0 ROTATION CENTER 0 0 0 1 "Custom" 
0 ROTATION CONFIG 0 0
1 71 10 56 -240 -1 0 0 0 1 0 0 0 -1 3032.dat
1 71 -30 48 -270 -1 0 0 0 1 0 0 0 -1 3023.dat
1 71 -50 32 -270 -1 0 0 0 1 0 0 0 -1 3710.dat
1 71 70 32 -270 -1 0 0 0 1 0 0 0 -1 3710.dat
1 15 10 40 -270 -1 0 0 0 1 0 0 0 -1 3460.dat
1 15 10 24 -270 -1 0 0 0 1 0 0 0 -1 4162.dat
1 15 110 16 -270 0 0 -1 0 1 0 1 0 0 61678.dat
1 15 -90 16 -270 0 0 1 0 1 0 -1 0 0 61678.dat
1 15 10 24 30 -1 0 0 0 1 0 0 0 -1 4162.dat
1 15 110 16 30 0 0 -1 0 1 0 1 0 0 61678.dat
1 15 -90 16 30 0 0 1 0 1 0 -1 0 0 61678.dat
1 15 60 48 -120 0 0 1 0 1 0 -1 0 0 3666.dat
1 15 60 32 -120 0 0 -1 0 1 0 1 0 0 60470b.dat
1 15 -40 32 -120 0 0 1 0 1 0 -1 0 0 60470b.dat
1 15 -100 68 -90 0 0 1 0 -1 0 1 0 0 Part 10.ldr
1 15 120 68 -150 0 0 -1 0 -1 0 -1 0 0 Part 10.ldr
1 15 10 48 20 0 0 1 0 1 0 -1 0 0 3022.dat
1 15 -40 48 -120 0 0 1 0 1 0 -1 0 0 3666.dat
1 1 20 32 -260 0 0 1 0 1 0 -1 0 0 44302.dat
1 1 10 70.682 -404.692 0 0 -1 -0.382683 0.92388 0 0.92388 0.382683 0 Part 13.ldr
1 1 0 32 -260 0 0 1 0 1 0 -1 0 0 44302.dat
1 1 10 48 -220 1 0 0 0 1 0 0 0 1 4079.dat
1 320 10 48 -250 -1 0 0 0 1 0 0 0 -1 3023.dat
1 320 10 40 -250 -1 0 0 0 1 0 0 0 -1 3023.dat
1 320 20 56 -70 -1 0 0 0 1 0 0 0 -1 54200.dat
1 320 0 56 -70 -1 0 0 0 1 0 0 0 -1 54200.dat
1 71 10 68 -300 1 0 0 0 0 -1 0 1 0 3023.dat
1 15 10 68 -324 1 0 0 0 0 -1 0 1 0 4865b.dat
1 71 10 48 -270 1 0 0 0 1 0 0 0 1 44728.dat
1 71 50 48 -270 -1 0 0 0 1 0 0 0 -1 3023.dat
1 43 -60 56 -270 -1 0 0 0 1 0 0 0 -1 4073.dat
1 43 80 56 -270 -1 0 0 0 1 0 0 0 -1 4073.dat
1 71 10 56 -180 -1 0 0 0 1 0 0 0 -1 3795.dat
1 71 90 56 30 -1 0 0 0 1 0 0 0 -1 3023.dat
1 71 -70 56 30 -1 0 0 0 1 0 0 0 -1 3023.dat
1 71 20 40 20 0 0 1 0 1 0 -1 0 0 63868.dat
1 71 50 14.934 -41.101 1 0 0 0 0.891007 0.45399 0 -0.45399 0.891007 Part 8.ldr
1 71 0 40 20 0 0 1 0 1 0 -1 0 0 63868.dat
1 71 10 56 -40 0 0 1 0 1 0 -1 0 0 3036.dat
1 15 60 48 -150 0 0 1 0 1 0 -1 0 0 6091.dat
1 0 80 40 -270 1 0 0 0 1 0 0 0 1 6091.dat
1 0 -60 40 -270 1 0 0 0 1 0 0 0 1 6091.dat
1 15 -40 48 -150 0 0 -1 0 1 0 1 0 0 6091.dat
1 15 60 48 -130 0 0 1 0 1 0 -1 0 0 6091.dat
1 15 60 16 -130 1 0 0 0 1 0 0 0 1 6091.dat
1 15 60 16 -110 -1 0 0 0 1 0 0 0 -1 6091.dat
1 15 -40 16 -130 1 0 0 0 1 0 0 0 1 6091.dat
1 15 -40 16 -110 -1 0 0 0 1 0 0 0 -1 6091.dat
1 72 -40 16 -120 0 0 1 0 1 0 -1 0 0 2412b.dat
1 72 60 16 -120 0 0 1 0 1 0 -1 0 0 2412b.dat
1 72 10 76 56 1 0 0 0 0 1 0 -1 0 2412b.dat
1 72 10 96 56 1 0 0 0 0 1 0 -1 0 2412b.dat
1 72 -20 86 48 -1 0 0 0 0 -1 0 -1 0 61409.dat
1 72 40 86 48 -1 0 0 0 0 -1 0 -1 0 61409.dat
1 15 -40 48 -130 0 0 -1 0 1 0 1 0 0 6091.dat
1 71 10 64 -270 -1 0 0 0 1 0 0 0 -1 3010.dat
1 71 130 40 -270 -1 0 0 0 1 0 0 0 -1 3010.dat
1 71 -110 40 -270 -1 0 0 0 1 0 0 0 -1 3010.dat
1 71 10 88 -260 -1 0 0 0 1 0 0 0 -1 3003.dat
1 71 10 88 -230 -1 0 0 0 1 0 0 0 -1 3455.dat
1 71 10 88 -10 -1 0 0 0 1 0 0 0 -1 3455.dat
1 71 -20 88 -260 0 0 1 0 1 0 -1 0 0 3747b.dat
1 71 40 88 -260 0 0 -1 0 1 0 1 0 0 3747b.dat
1 71 10 88 20 -1 0 0 0 1 0 0 0 -1 3003.dat
1 15 10 112 0 0 0 1 0 1 0 -1 0 0 30180.dat
1 15 10 112 -240 0 0 1 0 1 0 -1 0 0 30180.dat
1 71 -20 88 20 0 0 1 0 1 0 -1 0 0 3747b.dat
1 71 40 88 20 0 0 -1 0 1 0 1 0 0 3747b.dat
1 71 180 88 -270 0 0 -1 0 1 0 1 0 0 3665.dat
1 71 180 40 -270 0 0 -1 0 1 0 1 0 0 3040b.dat
1 71 160 88 -270 0 0 1 0 1 0 -1 0 0 4287.dat
1 71 -140 88 -270 0 0 -1 0 1 0 1 0 0 4287.dat
1 71 -160 88 -270 0 0 1 0 1 0 -1 0 0 3665.dat
1 71 180 88 30 0 0 -1 0 1 0 1 0 0 3665.dat
1 71 160 88 30 0 0 1 0 1 0 -1 0 0 4287.dat
1 71 -140 88 30 0 0 -1 0 1 0 1 0 0 4287.dat
1 71 -160 88 30 0 0 1 0 1 0 -1 0 0 3665.dat
1 71 -160 40 -270 0 0 1 0 1 0 -1 0 0 3040b.dat
1 71 -160 40 30 0 0 1 0 1 0 -1 0 0 3040b.dat
1 320 10 64 -240 -1 0 0 0 1 0 0 0 -1 3001.dat
1 320 10 64 0 -1 0 0 0 1 0 0 0 -1 3001.dat
1 0 10 64 30 -1 0 0 0 1 0 0 0 -1 30414.dat
1 0 10 86 48 1 0 0 0 0 1 0 -1 0 3020.dat
1 0 10 32 30 -1 0 0 0 1 0 0 0 -1 2436b.dat
1 0 60 40 -120 0 0 -1 0 1 0 1 0 0 2436b.dat
1 43 40 42 52 -1 0 0 0 0 -1 0 -1 0 4073.dat
1 43 -20 42 52 -1 0 0 0 0 -1 0 -1 0 4073.dat
1 43 150 50 40 1 0 0 0 0 -1 0 1 0 4073.dat
1 43 -130 50 40 1 0 0 0 0 -1 0 1 0 4073.dat
1 0 150 40 30 -1 0 0 0 1 0 0 0 -1 3700.dat
1 0 -130 40 30 -1 0 0 0 1 0 0 0 -1 3700.dat
1 0 152.946 63.552 56 0.85264 0 -0.522499 0.522499 0 0.85264 0 -1 0 Part 9.ldr
1 0 -132.948 63.548 56 -0.85264 0 -0.522499 0.522499 0 -0.85264 0 -1 0 Part 9.ldr
1 0 -100 40 30 -1 0 0 0 1 0 0 0 -1 3062b.dat
1 0 120 40 30 -1 0 0 0 1 0 0 0 -1 3062b.dat
1 320 20 68 -292 0 0 1 1 0 0 0 1 0 3794a.dat
1 320 170 74 -308 1 0 0 0 -1 0 0 0 -1 60208.dat
1 320 -150 74 -308 1 0 0 0 -1 0 0 0 -1 60208.dat
1 1 -167 64 -318 0 0 -1 0 -1 0 -1 0 0 4274.dat
1 1 -133 64 -318 0 0 -1 0 -1 0 -1 0 0 4274.dat
1 1 -150 54 -318 0 0 -1 0 -1 0 -1 0 0 4274.dat
1 0 -150 54 -326 0 0 -1 -1 0 0 0 1 0 4073.dat
1 0 -167 64 -326 0 0 -1 -1 0 0 0 1 0 4073.dat
1 0 -133 64 -326 0 0 -1 -1 0 0 0 1 0 4073.dat
1 0 170 54 -326 0 0 -1 -1 0 0 0 1 0 4073.dat
1 0 153 64 -326 0 0 -1 -1 0 0 0 1 0 4073.dat
1 0 170 74 -306 0 0 -1 0 1 0 1 0 0 32054.dat
1 0 170 74 -408 0 0 1 0 1 0 -1 0 0 32054.dat
1 0 170 94 -348 0 0 1 0 1 0 -1 0 0 32054.dat
1 0 170 74 -358 0 0 1 0 1 0 -1 0 0 3705.dat
1 1 170 94 -318 0 0 1 0 1 0 -1 0 0 43093.dat
1 0 -150 74 -306 0 0 -1 0 1 0 1 0 0 32054.dat
1 0 -150 74 -408 0 0 1 0 1 0 -1 0 0 32054.dat
1 0 -150 94 -348 0 0 1 0 1 0 -1 0 0 32054.dat
1 0 -150 74 -358 0 0 1 0 1 0 -1 0 0 3705.dat
1 1 -150 94 -318 0 0 1 0 1 0 -1 0 0 43093.dat
1 0 187 64 -326 0 0 -1 -1 0 0 0 1 0 4073.dat
1 1 153 64 -318 0 0 -1 0 -1 0 -1 0 0 4274.dat
1 1 187 64 -318 0 0 -1 0 -1 0 -1 0 0 4274.dat
1 1 170 54 -318 0 0 -1 0 -1 0 -1 0 0 4274.dat
1 320 0 68 -292 0 0 1 1 0 0 0 1 0 3794a.dat
1 71 -110 64 -270 -1 0 0 0 1 0 0 0 -1 3702.dat
1 71 -82.11 90.178 -150 0 -0.438371 -0.898794 0 -0.898794 0.438371 -1 0 0 Part 2.ldr
1 71 102.89 90.178 -90 0 0.438371 0.898794 0 -0.898794 0.438371 1 0 0 Part 7.ldr
1 71 -150 74 -250 0 -1 0 -1 0 0 0 0 -1 60208.dat
1 71 -78 84 -156 -1 0 0 0 0 -1 0 -1 0 Part 3.ldr
1 71 98 64 -156 1 0 0 0 0 1 0 -1 0 Part 4.ldr
1 71 170 74 -250 0 -1 0 -1 0 0 0 0 -1 60208.dat
1 71 130 64 -270 -1 0 0 0 1 0 0 0 -1 3702.dat
1 71 180 40 30 0 0 -1 0 1 0 1 0 0 3040b.dat
1 71 -110 64 30 -1 0 0 0 1 0 0 0 -1 3702.dat
1 72 70 32 30 -1 0 0 0 1 0 0 0 -1 3701.dat
1 72 74 50 -90 0 -1 0 0 0 -1 1 0 0 54200.dat
1 72 74 50 -150 0 -1 0 0 0 -1 1 0 0 54200.dat
1 0 -40 40 -120 0 0 1 0 1 0 -1 0 0 2436b.dat
1 72 -54 50 -150 0 1 0 0 0 -1 -1 0 0 54200.dat
1 72 -54 50 -90 0 1 0 0 0 -1 -1 0 0 54200.dat
1 72 -50 32 30 -1 0 0 0 1 0 0 0 -1 3701.dat
1 1 70 42 40 0 0 -1 0 1 0 1 0 0 3749.dat
1 1 -50 42 40 0 0 -1 0 1 0 1 0 0 3749.dat
1 0 70 42 50 0 0 1 0 -1 0 1 0 0 6536.dat
1 0 20 0 100 -1 0 0 0 1 0 0 0 -1 Part 11.ldr
1 0 -50 42 50 0 0 1 0 -1 0 1 0 0 6536.dat
1 71 130 64 30 -1 0 0 0 1 0 0 0 -1 3702.dat
1 1 190 74 -270 0 0 -1 0 1 0 1 0 0 6558.dat
1 1 150 74 -270 0 0 -1 0 1 0 1 0 0 6558.dat
1 1 -130 74 -270 0 0 -1 0 1 0 1 0 0 6558.dat
1 1 -170 74 -270 0 0 -1 0 1 0 1 0 0 6558.dat
1 1 -150 74 -290 0 0 -1 1 0 0 0 -1 0 32523.dat
1 1 170 74 -290 0 0 -1 1 0 0 0 -1 0 32523.dat
1 72 60 64 -120 0 0 1 0 1 0 -1 0 0 32018.dat
1 72 -40 64 -120 0 0 1 0 1 0 -1 0 0 32018.dat
0
0 FILE Part 2.ldr
0 Part 2
0 Name: Part 2.ldr
0 Author: LDraw
0 Unofficial Model
0 ROTATION CENTER 0 0 0 1 "Custom" 
0 ROTATION CONFIG 0 0
1 0 -30 8 0 1 0 0 0 1 0 0 0 1 2445.dat
1 0 -200 18 0 1 0 0 0 -1 0 0 0 -1 6536.dat
1 15 -30 0 0 1 0 0 0 1 0 0 0 1 3068b.dat
1 71 50 0 -10 1 0 0 0 1 0 0 0 1 6636.dat
1 71 -110 0 -10 1 0 0 0 1 0 0 0 1 6636.dat
1 71 -70 26 10 0 -1 0 1 0 0 0 0 1 63965.dat
1 27 -59 26 10 0 -1 0 1 0 0 0 0 1 3062b.dat
1 43 -83 26 10 0 -1 0 1 0 0 0 0 1 3062b.dat
1 43 37 26 10 0 -1 0 1 0 0 0 0 1 4589.dat
1 27 -35 26 10 0 -1 0 1 0 0 0 0 1 3062b.dat
1 27 -11 26 10 0 -1 0 1 0 0 0 0 1 3062b.dat
1 14 13 26 10 0 -1 0 1 0 0 0 0 1 3062b.dat
1 71 -70 26 -10 0 -1 0 1 0 0 0 0 1 63965.dat
1 27 -59 26 -10 0 -1 0 1 0 0 0 0 1 3062b.dat
1 43 -83 26 -10 0 -1 0 1 0 0 0 0 1 3062b.dat
1 43 37 26 -10 0 -1 0 1 0 0 0 0 1 4589.dat
1 27 -35 26 -10 0 -1 0 1 0 0 0 0 1 3062b.dat
1 27 -11 26 -10 0 -1 0 1 0 0 0 0 1 3062b.dat
1 14 13 26 -10 0 -1 0 1 0 0 0 0 1 3062b.dat
1 71 -110 0 20 1 0 0 0 1 0 0 0 1 3795.dat
1 71 50 0 20 1 0 0 0 1 0 0 0 1 3795.dat
1 71 70 16 -10 0 0 -1 0 1 0 1 0 0 3021.dat
1 15 70 24 -20 0 0 -1 0 1 0 1 0 0 3022.dat
1 71 -130 16 -10 0 0 -1 0 1 0 1 0 0 3021.dat
1 71 -140 32 -10 -1 0 0 0 1 0 0 0 -1 2420.dat
1 71 80 32 -10 0 0 1 0 1 0 -1 0 0 2420.dat
1 15 -130 24 -20 0 0 -1 0 1 0 1 0 0 3022.dat
1 15 -160 8 0 0 0 -1 0 1 0 1 0 0 32064b.dat
1 71 -180 18 0 -1 0 0 0 1 0 0 0 -1 4519.dat
1 1 110 18 0 -1 0 0 0 1 0 0 0 -1 43093.dat
1 15 100 8 0 0 0 -1 0 1 0 1 0 0 32064b.dat
0
0 FILE Part 3.ldr
0 Part 3
0 Name: Part 3.ldr
0 Author: LDraw
0 Unofficial Model
0 ROTATION CENTER 0 0 0 1 "Custom" 
0 ROTATION CONFIG 0 0
1 15 72 70 10 0 1 0 0 0 1 1 0 0 60208.dat
1 15 72 -10 10 0 1 0 0 0 1 1 0 0 60208.dat
1 71 72 10 10 0 1 0 0 0 1 1 0 0 60208.dat
1 15 72 -66 10 0 -1 0 0 0 -1 1 0 0 60208.dat
1 71 72 -86 10 0 -1 0 0 0 -1 1 0 0 60208.dat
1 15 72 -146 10 0 -1 0 0 0 -1 1 0 0 60208.dat
1 71 72 -166 10 0 -1 0 0 0 -1 1 0 0 60208.dat
1 0 72 70 10 0 1 0 1 0 0 0 0 -1 32054.dat
0 MLCAD BTG Group name
1 0 111.116 20 -52.529 0 0.333807 -0.942641 1 0 0 0 -0.942641 -0.333807 2780.dat
0 MLCAD BTG Group name
1 0 111.116 -96 -52.529 0 0.333807 -0.942641 1 0 0 0 -0.942641 -0.333807 2780.dat
1 0 72 -40 10 0 0.333807 -0.942641 1 0 0 0 -0.942641 -0.333807 3737.dat
1 0 62 -134 -7 0 1 0 -1 0 0 0 0 1 6628.dat
0 MLCAD BTG Group name
1 71 72 30 10 0.942641 0 0.333807 0 -1 0 0.333807 0 -0.942641 32348.dat
0 MLCAD BTG Group name
1 71 72 -106 10 0.942641 0 0.333807 0 -1 0 0.333807 0 -0.942641 32348.dat
1 0 92 30 10 0 -1 0 -1 0 0 0 0 -1 32054.dat
1 1 92 60 10 0 -1 0 -1 0 0 0 0 -1 43093.dat
1 0 72 -146 10 0 1 0 -1 0 0 0 0 1 32054.dat
1 1 92 -166 10 0 1 0 -1 0 0 0 0 1 6558.dat
1 1 52 -166 10 0 1 0 -1 0 0 0 0 1 6558.dat
0 MLCAD BTG Group name
1 0 78.675 -106 -8.853 0 -0.333807 0.942641 1 0 0 0 0.942641 0.333807 32054.dat
0 MLCAD BTG Group name
1 1 149.292 -96 -64.47 0 -0.956305 -0.292372 -1 0 0 0 0.292372 -0.956305 43093.dat
0 MLCAD BTG Group name
1 1 149.292 20 -64.47 0 -0.559193 -0.829038 1 0 0 0 -0.829038 0.559193 43093.dat
0 MLCAD BTG Group name
1 0 156.745 -38 -39.439 0.956305 -0.292372 0 0 0 1 -0.292372 -0.956305 0 Part 5.ldr
0 GROUP 8 Group name
0
0 FILE Part 4.ldr
0 Part 4
0 Name: Part 4.ldr
0 Author: LDraw
0 Unofficial Model
0 ROTATION CENTER 0 0 0 1 "Custom" 
0 ROTATION CONFIG 0 0
1 15 72 70 10 0 1 0 0 0 1 1 0 0 60208.dat
1 15 72 -10 10 0 1 0 0 0 1 1 0 0 60208.dat
1 71 72 10 10 0 1 0 0 0 1 1 0 0 60208.dat
1 15 72 -66 10 0 -1 0 0 0 -1 1 0 0 60208.dat
1 71 72 -86 10 0 -1 0 0 0 -1 1 0 0 60208.dat
1 15 72 -146 10 0 -1 0 0 0 -1 1 0 0 60208.dat
1 71 72 -166 10 0 -1 0 0 0 -1 1 0 0 60208.dat
1 0 72 70 10 0 1 0 1 0 0 0 0 -1 32054.dat
1 0 92 30 10 0 1 0 -1 0 0 0 0 1 32054.dat
1 0 78.839 -106 28.794 0 -0.34202 -0.939693 1 0 0 0 -0.939693 0.34202 32054.dat
1 0 157.398 -36 58.616 0.95882 -0.284015 0 0 0 -1 0.284015 0.95882 0 Part 6.ldr
1 0 111.66 -96 72.185 0 0.95882 -0.284015 -1 0 0 0 0.284015 0.95882 2780.dat
1 0 111.66 20 72.185 0 0.34202 -0.939693 -1 0 0 0 0.939693 0.34202 2780.dat
1 0 72 -40 10 0 0.34202 0.939693 1 0 0 0 0.939693 -0.34202 3737.dat
1 0 62 -134 27 0 1 0 -1 0 0 0 0 1 6628.dat
1 71 72 -106 10 0.939693 0 0.34202 0 1 0 -0.34202 0 0.939693 32348.dat
1 71 72 30 10 0.939693 0 0.34202 0 1 0 -0.34202 0 0.939693 32348.dat
1 0 92 30 10 0 -1 0 -1 0 0 0 0 -1 32054.dat
1 1 92 60 10 0 -1 0 -1 0 0 0 0 -1 43093.dat
1 0 72 -146 10 0 1 0 -1 0 0 0 0 1 32054.dat
1 1 92 -166 10 0 1 0 -1 0 0 0 0 1 6558.dat
1 1 52 -166 10 0 1 0 -1 0 0 0 0 1 6558.dat
1 0 92 -126 10 0 -1 0 1 0 0 0 0 1 32054.dat
1 1 149.939 20 83.793 0 -0.95882 -0.284015 1 0 0 0 -0.284015 0.95882 43093.dat
1 1 149.939 -96 83.793 0 -0.551937 -0.833886 -1 0 0 0 0.833886 -0.551937 43093.dat
0
0 FILE Part 5.ldr
0 Part 5
0 Name: Part 5.ldr
0 Author: LDraw
0 Unofficial Model
0 ROTATION CENTER 0 0 0 1 "Custom" 
0 ROTATION CONFIG 0 0
1 71 0 24 0 1 0 0 0 1 0 0 0 1 3031.dat
1 71 40 16 0 1 0 0 0 1 0 0 0 1 3832.dat
1 71 40 8 -60 1 0 0 0 1 0 0 0 1 3036.dat
1 320 90 8 -140 1 0 0 0 1 0 0 0 1 3021.dat
1 320 -10 16 220 1 0 0 0 1 0 0 0 1 3021.dat
1 320 -30 0 220 0 0 -1 0 1 0 1 0 0 3069b.dat
1 320 0 0 220 0 0 -1 0 1 0 1 0 0 3068b.dat
1 72 -40 0 -50 -1 0 0 0 1 0 0 0 -1 2412b.dat
1 72 -40 0 50 -1 0 0 0 1 0 0 0 -1 2412b.dat
1 320 200 16 -140 1 0 0 0 1 0 0 0 1 2445.dat
1 320 300 16 -60 0 0 -1 0 1 0 1 0 0 3020.dat
1 320 270 16 -60 0 0 -1 0 1 0 1 0 0 3710.dat
1 71 220 16 -60 0 0 -1 0 1 0 1 0 0 3031.dat
1 71 100 16 -60 -1 0 0 0 1 0 0 0 -1 3035.dat
1 71 50 16 -130 0 0 1 0 1 0 -1 0 0 2450.dat
1 320 260 16 -110 1 0 0 0 1 0 0 0 1 3666.dat
1 320 -30 16 140 0 0 -1 0 1 0 1 0 0 3666.dat
1 320 140 16 -110 1 0 0 0 1 0 0 0 1 3666.dat
1 320 280 8 -100 0 0 1 0 1 0 -1 0 0 6180.dat
1 71 0 8 60 0 0 -1 0 1 0 1 0 0 6180.dat
1 320 260 8 -10 0 0 -1 0 1 0 1 0 0 54384.dat
1 320 140 8 30 0 0 -1 0 1 0 1 0 0 54384.dat
1 320 200 16 10 0 0 -1 0 1 0 1 0 0 54384.dat
1 71 30 8 180 -1 0 0 0 1 0 0 0 -1 54383.dat
1 320 170 8 -140 0 0 -1 0 1 0 1 0 0 3023.dat
1 14 190 8 -140 0 0 -1 0 1 0 1 0 0 3023.dat
1 14 140 8 -100 0 0 -1 0 1 0 1 0 0 3795.dat
1 14 220 8 -100 0 0 -1 0 1 0 1 0 0 3795.dat
1 71 180 8 -80 0 0 -1 0 1 0 1 0 0 3020.dat
1 71 60 8 30 0 0 -1 0 1 0 1 0 0 3021.dat
1 71 -20 8 180 0 0 -1 0 1 0 1 0 0 3795.dat
1 71 0 16 140 0 0 -1 0 1 0 1 0 0 3795.dat
1 71 160 8 -20 -1 0 0 0 1 0 0 0 -1 3020.dat
1 71 110 16 40 0 0 -1 0 1 0 1 0 0 43723.dat
1 71 60 8 90 -1 0 0 0 1 0 0 0 -1 43722.dat
1 71 50 16 100 -1 0 0 0 1 0 0 0 -1 50304.dat
1 15 -40 16 -40 0 0 1 0 1 0 -1 0 0 2444.dat
1 15 -50 8 0 0 0 1 0 1 0 -1 0 0 3666.dat
1 15 0 16 -40 0 0 1 0 1 0 -1 0 0 2444.dat
1 15 0 16 40 0 0 -1 0 1 0 1 0 0 2444.dat
1 15 -40 16 40 0 0 -1 0 1 0 1 0 0 2444.dat
0
0 FILE Part 6.ldr
0 Part 6
0 Name: Part 6.ldr
0 Author: LDraw
0 Unofficial Model
0 ROTATION CENTER 0 0 0 1 "Custom" 
0 ROTATION CONFIG 0 0
1 71 0 24 0 1 0 0 0 1 0 0 0 1 3031.dat
1 71 40 16 0 1 0 0 0 1 0 0 0 1 3832.dat
1 71 40 8 60 1 0 0 0 1 0 0 0 1 3036.dat
1 320 90 8 140 1 0 0 0 1 0 0 0 1 3021.dat
1 320 -10 16 -220 1 0 0 0 1 0 0 0 1 3021.dat
1 320 -30 0 -220 0 0 -1 0 1 0 1 0 0 3069b.dat
1 320 0 0 -220 0 0 -1 0 1 0 1 0 0 3068b.dat
1 72 -40 0 -50 -1 0 0 0 1 0 0 0 -1 2412b.dat
1 72 -40 0 50 -1 0 0 0 1 0 0 0 -1 2412b.dat
1 320 200 16 140 1 0 0 0 1 0 0 0 1 2445.dat
1 320 300 16 60 0 0 -1 0 1 0 1 0 0 3020.dat
1 320 270 16 60 0 0 -1 0 1 0 1 0 0 3710.dat
1 71 220 16 60 0 0 -1 0 1 0 1 0 0 3031.dat
1 71 100 16 60 -1 0 0 0 1 0 0 0 -1 3035.dat
1 71 50 16 130 -1 0 0 0 1 0 0 0 -1 2450.dat
1 320 260 16 110 1 0 0 0 1 0 0 0 1 3666.dat
1 320 -30 16 -140 0 0 -1 0 1 0 1 0 0 3666.dat
1 320 140 16 110 1 0 0 0 1 0 0 0 1 3666.dat
1 320 280 8 100 0 0 1 0 1 0 -1 0 0 6180.dat
1 71 0 8 -60 0 0 -1 0 1 0 1 0 0 6180.dat
1 320 260 8 10 0 0 -1 0 1 0 1 0 0 54383.dat
1 320 140 8 -30 0 0 -1 0 1 0 1 0 0 54383.dat
1 320 200 16 -10 0 0 -1 0 1 0 1 0 0 54383.dat
1 71 30 8 -180 1 0 0 0 1 0 0 0 1 54384.dat
1 320 170 8 140 0 0 -1 0 1 0 1 0 0 3023.dat
1 14 190 8 140 0 0 -1 0 1 0 1 0 0 3023.dat
1 14 140 8 100 0 0 -1 0 1 0 1 0 0 3795.dat
1 14 220 8 100 0 0 -1 0 1 0 1 0 0 3795.dat
1 71 180 8 80 0 0 -1 0 1 0 1 0 0 3020.dat
1 71 60 8 -30 0 0 -1 0 1 0 1 0 0 3021.dat
1 71 -20 8 -180 0 0 -1 0 1 0 1 0 0 3795.dat
1 71 0 16 -140 0 0 -1 0 1 0 1 0 0 3795.dat
1 71 160 8 20 -1 0 0 0 1 0 0 0 -1 3020.dat
1 71 110 16 -40 0 0 -1 0 1 0 1 0 0 43722.dat
1 71 60 8 -90 1 0 0 0 1 0 0 0 1 43723.dat
1 71 50 16 -100 1 0 0 0 1 0 0 0 1 50305.dat
1 15 -40 16 -40 0 0 1 0 1 0 -1 0 0 2444.dat
1 15 -50 8 0 0 0 1 0 1 0 -1 0 0 3666.dat
1 15 0 16 -40 0 0 1 0 1 0 -1 0 0 2444.dat
1 15 0 16 40 0 0 -1 0 1 0 1 0 0 2444.dat
1 15 -40 16 40 0 0 -1 0 1 0 1 0 0 2444.dat
0
0 FILE Part 7.ldr
0 Part 7
0 Name: Part 7.ldr
0 Author: LDraw
0 Unofficial Model
0 ROTATION CENTER 0 0 0 1 "Custom" 
0 ROTATION CONFIG 0 0
1 0 -30 8 0 -1 0 0 0 1 0 0 0 -1 2445.dat
1 0 140 18 0 -1 0 0 0 -1 0 0 0 1 6536.dat
1 15 -30 0 0 1 0 0 0 1 0 0 0 1 3068b.dat
1 71 50 0 -10 1 0 0 0 1 0 0 0 1 6636.dat
1 71 -110 0 -10 1 0 0 0 1 0 0 0 1 6636.dat
1 71 -110 0 20 1 0 0 0 1 0 0 0 1 3795.dat
1 71 50 0 20 1 0 0 0 1 0 0 0 1 3795.dat
1 71 70 16 -10 0 0 -1 0 1 0 1 0 0 3021.dat
1 15 70 24 -20 0 0 -1 0 1 0 1 0 0 3022.dat
1 71 -130 16 -10 0 0 -1 0 1 0 1 0 0 3021.dat
1 71 -140 32 -10 -1 0 0 0 1 0 0 0 -1 2420.dat
1 71 80 32 -10 0 0 1 0 1 0 -1 0 0 2420.dat
1 15 -130 24 -20 0 0 -1 0 1 0 1 0 0 3022.dat
1 15 -160 8 0 0 0 -1 0 1 0 1 0 0 32064b.dat
1 71 120 18 0 1 0 0 0 1 0 0 0 1 4519.dat
1 1 -170 18 0 1 0 0 0 1 0 0 0 1 43093.dat
1 15 100 8 0 0 0 -1 0 1 0 1 0 0 32064b.dat
1 71 10 26 -10 0 1 0 1 0 0 0 0 -1 63965.dat
1 27 -1 26 -10 0 1 0 1 0 0 0 0 -1 3062b.dat
1 43 23 26 -10 0 1 0 1 0 0 0 0 -1 3062b.dat
1 43 -97 26 -10 0 1 0 1 0 0 0 0 -1 4589.dat
1 27 -25 26 -10 0 1 0 1 0 0 0 0 -1 3062b.dat
1 27 -49 26 -10 0 1 0 1 0 0 0 0 -1 3062b.dat
1 14 -73 26 -10 0 1 0 1 0 0 0 0 -1 3062b.dat
1 71 10 26 10 0 1 0 1 0 0 0 0 -1 63965.dat
1 27 -1 26 10 0 1 0 1 0 0 0 0 -1 3062b.dat
1 43 23 26 10 0 1 0 1 0 0 0 0 -1 3062b.dat
1 43 -97 26 10 0 1 0 1 0 0 0 0 -1 4589.dat
1 27 -25 26 10 0 1 0 1 0 0 0 0 -1 3062b.dat
1 27 -49 26 10 0 1 0 1 0 0 0 0 -1 3062b.dat
1 14 -73 26 10 0 1 0 1 0 0 0 0 -1 3062b.dat
0
0 FILE Part 8.ldr
0 Part 8
0 Name: Part 8.ldr
0 Author: LDraw
0 Unofficial Model
0 ROTATION CENTER 0 0 0 1 "Custom" 
0 ROTATION CONFIG 0 0
1 71 -40 0 0 1 0 0 0 1 0 0 0 1 44728.dat
1 320 -40 -8 10 1 0 0 0 1 0 0 0 1 3068b.dat
1 15 -50 8 10 0 0 -1 0 1 0 1 0 0 60478.dat
1 15 -30 8 10 0 0 -1 0 1 0 1 0 0 60478.dat
1 72 -30 0 20 0 0 -1 0 1 0 1 0 0 61252.dat
1 72 -50 0 20 0 0 1 0 1 0 -1 0 0 61252.dat
1 72 -40 30 -22 -1 0 0 0 0 1 0 1 0 2412b.dat
0
0 FILE Part 9.ldr
0 Part 9
0 Name: Part 9.ldr
0 Author: LDraw
0 Unofficial Model
0 ROTATION CENTER 0 0 0 1 "Custom" 
0 ROTATION CONFIG 0 0
1 0 10 0 0 1 0 0 0 1 0 0 0 1 3021.dat
1 43 -10 -8 10 1 0 0 0 1 0 0 0 1 4073.dat
1 43 -10 -8 -10 1 0 0 0 1 0 0 0 1 4073.dat
1 43 10 -8 10 1 0 0 0 1 0 0 0 1 4073.dat
1 43 10 -8 -10 1 0 0 0 1 0 0 0 1 4073.dat
1 43 30 -8 10 1 0 0 0 1 0 0 0 1 4073.dat
1 43 30 -8 -10 1 0 0 0 1 0 0 0 1 4073.dat
1 0 20 8 0 1 0 0 0 1 0 0 0 1 2476b.dat
0
0 FILE Part 10.ldr
0 Part 10
0 Name: Part 10.ldr
0 Author: LDraw
0 Unofficial Model
0 ROTATION CENTER 0 0 0 1 "Custom" 
0 ROTATION CONFIG 0 0
1 15 -30 8 0 1 0 0 0 1 0 0 0 1 4865b.dat
1 15 -20 32 10 0 0 -1 0 1 0 1 0 0 60478.dat
1 15 -40 32 10 0 0 -1 0 1 0 1 0 0 60478.dat
0
0 FILE Part 11.ldr
0 Part 11
0 Name: Part 11.ldr
0 Author: LDraw
0 Unofficial Model
0 ROTATION CENTER 0 0 0 1 "Custom" 
0 ROTATION CONFIG 0 0
1 0 70 22 50 1 0 0 0 0 1 0 -1 0 41678.dat
1 0 -50 22 50 1 0 0 0 0 1 0 -1 0 41678.dat
1 0 -59.5 22 390.5 1 0 0 0 -1 0 0 0 -1 6536.dat
1 0 90.5 82 390 0 1 0 0 0 -1 -1 0 0 2825.dat
1 0 -69.5 82 390 0 -1 0 0 0 -1 1 0 0 2825.dat
1 0 80.5 22 390.5 1 0 0 0 -1 0 0 0 -1 6536.dat
1 14 -70 22 400.5 0 0 1 0 -1 0 1 0 0 2853.dat
1 14 90 22 400.5 0 0 -1 0 1 0 1 0 0 2853.dat
1 0 10 22 50 -1 0 0 0 -1 0 0 0 1 3707.dat
1 0 60 2 60 0 0 -1 0 -1 0 -1 0 0 2780.dat
1 0 -40 2 60 0 0 -1 0 -1 0 -1 0 0 2780.dat
1 71 70 -8 70 -1 0 0 0 1 0 0 0 -1 32000.dat
1 71 -50 -8 70 -1 0 0 0 1 0 0 0 -1 32000.dat
1 71 -10 -8 70 -1 0 0 0 1 0 0 0 -1 3660.dat
1 71 30 -8 70 -1 0 0 0 1 0 0 0 -1 3660.dat
1 15 10 16 70 -1 0 0 0 1 0 0 0 -1 3666.dat
1 71 70 -8 370 -1 0 0 0 1 0 0 0 -1 32000.dat
1 71 -50 -8 370 -1 0 0 0 1 0 0 0 -1 32000.dat
1 15 10 16 370 -1 0 0 0 1 0 0 0 -1 3666.dat
1 15 10 -16 70 -1 0 0 0 1 0 0 0 -1 3460.dat
1 15 10 -16 370 -1 0 0 0 1 0 0 0 -1 3460.dat
1 71 -50 -24 70 -1 0 0 0 1 0 0 0 -1 3069b.dat
1 71 70 -24 70 -1 0 0 0 1 0 0 0 -1 3069b.dat
1 71 30 -8 370 1 0 0 0 1 0 0 0 1 3660.dat
1 71 -10 -8 370 1 0 0 0 1 0 0 0 1 3660.dat
1 71 70 -24 370 1 0 0 0 1 0 0 0 1 3069b.dat
1 71 -50 -24 370 1 0 0 0 1 0 0 0 1 3069b.dat
1 71 89.318 -22.273 230 0 -0.358368 -0.93358 0 0.93358 -0.358368 1 0 0 Part 12.ldr
1 71 -68.682 -22.273 210 0 0.358368 0.93358 0 0.93358 -0.358368 -1 0 0 Part 12.ldr
1 71 40 -24 90 -1 0 0 0 1 0 0 0 -1 2420.dat
1 71 -20 -24 90 0 0 1 0 1 0 -1 0 0 2420.dat
1 0 10 -24 70 1 0 0 0 1 0 0 0 1 2436b.dat
1 43 -20 -14 48 1 0 0 0 0 -1 0 1 0 4073.dat
1 43 40 -14 48 1 0 0 0 0 -1 0 1 0 4073.dat
1 320 10 -16 90 -1 0 0 0 1 0 0 0 -1 3710.dat
1 320 10 -16 350 -1 0 0 0 1 0 0 0 -1 3710.dat
1 71 10 -24 360 -1 0 0 0 1 0 0 0 -1 3020.dat
1 71 10 -32 360 -1 0 0 0 1 0 0 0 -1 3020.dat
1 71 10 -64 360 -1 0 0 0 1 0 0 0 -1 3020.dat
1 71 10 -120 80 -1 0 0 0 1 0 0 0 -1 6179.dat
1 71 10 -136 290 -1 0 0 0 1 0 0 0 -1 3957a.dat
1 320 10 -120 300 -1 0 0 0 1 0 0 0 -1 3020.dat
1 320 10 -128 290 -1 0 0 0 1 0 0 0 -1 3794a.dat
1 320 10 -88 300 -1 0 0 0 1 0 0 0 -1 3001.dat
1 320 10 -88 330 -1 0 0 0 1 0 0 0 -1 3037.dat
1 320 20 -143 273 -1 0 0 0 0 -1 0 -1 0 Part 18.ldr
1 320 40 -112 310 -1 0 0 0 1 0 0 0 -1 3040b.dat
1 320 -20 -112 310 -1 0 0 0 1 0 0 0 -1 3040b.dat
1 0 10 -88 50 -1 0 0 0 1 0 0 0 -1 3700.dat
1 0 10 -88 70 -1 0 0 0 1 0 0 0 -1 3700.dat
1 72 10 -78 43 0 0 1 0 1 0 -1 0 0 32209.dat
1 72 10 -78 -10 0 0 1 -1 0 0 0 -1 0 2654.dat
1 15 10 -79 110 1 0 0 0 1 0 0 0 1 32034.dat
1 71 10 -78 140 0 0 1 0 1 0 -1 0 0 2736.dat
1 14 10 -78 -2 -1 0 0 0 0 -1 0 -1 0 4032b.dat
1 320 30 -72 370 -1 0 0 0 1 0 0 0 -1 3069b.dat
1 320 -10 -72 370 -1 0 0 0 1 0 0 0 -1 3069b.dat
1 71 -20 -64 300 0 0 1 0 1 0 -1 0 0 3710.dat
1 15 58 -46 300 0 -1 0 0 0 1 -1 0 0 3034.dat
1 71 58 -46 340 0 -1 0 0 0 1 -1 0 0 61068.dat
1 71 58 -46 260 0 -1 0 0 0 1 -1 0 0 61068.dat
1 15 58 -46 140 0 -1 0 0 0 1 -1 0 0 3034.dat
1 71 58 -46 180 0 -1 0 0 0 1 -1 0 0 61068.dat
1 71 58 -46 100 0 -1 0 0 0 1 -1 0 0 61068.dat
1 15 -38 -46 140 0 1 0 0 0 1 1 0 0 3034.dat
1 71 -38 -46 100 0 1 0 0 0 1 1 0 0 61068.dat
1 71 -38 -46 180 0 1 0 0 0 1 1 0 0 61068.dat
1 15 -38 -46 300 0 1 0 0 0 1 1 0 0 3034.dat
1 71 -38 -46 260 0 1 0 0 0 1 1 0 0 61068.dat
1 71 -38 -46 340 0 1 0 0 0 1 1 0 0 61068.dat
1 71 40 -120 200 0 0 1 0 1 0 -1 0 0 4510.dat
1 71 -20 -120 200 0 0 -1 0 1 0 1 0 0 4510.dat
1 71 40 -64 300 0 0 1 0 1 0 -1 0 0 3710.dat
1 71 40 -88 160 0 0 1 0 1 0 -1 0 0 6112.dat
1 71 -20 -88 160 0 0 1 0 1 0 -1 0 0 6112.dat
1 71 40 -112 180 0 0 1 0 1 0 -1 0 0 6112.dat
1 71 -20 -112 180 0 0 1 0 1 0 -1 0 0 6112.dat
1 71 20 -112 50 1 0 0 0 1 0 0 0 1 2357.dat
1 71 0 -112 50 0 0 -1 0 1 0 1 0 0 2357.dat
1 71 10 -56 370 -1 0 0 0 1 0 0 0 -1 3010.dat
1 71 10 -32 80 -1 0 0 0 1 0 0 0 -1 3020.dat
1 71 -10 -56 70 1 0 0 0 1 0 0 0 1 3660.dat
1 71 -10 -64 70 0 0 -1 0 1 0 1 0 0 3021.dat
1 71 30 -64 70 0 0 -1 0 1 0 1 0 0 3021.dat
1 71 30 -56 70 1 0 0 0 1 0 0 0 1 3660.dat
1 72 40 -56 220 0 0 1 0 1 0 -1 0 0 32018.dat
1 1 50 -46 340 1 0 0 0 1 0 0 0 1 4274.dat
1 1 50 -46 320 1 0 0 0 1 0 0 0 1 4274.dat
1 1 50 -46 300 1 0 0 0 1 0 0 0 1 4274.dat
1 1 50 -46 280 1 0 0 0 1 0 0 0 1 4274.dat
1 1 50 -46 180 1 0 0 0 1 0 0 0 1 4274.dat
1 1 25 -46 220 0 1 0 -1 0 0 0 0 1 32249.dat
1 1 -5 -46 220 0 1 0 -1 0 0 0 0 1 32249.dat
1 1 5 -86 220 0 1 0 0 0 1 1 0 0 6632.dat
1 1 15 -86 220 0 1 0 0 0 1 1 0 0 6632.dat
1 1 5 -86 260 0 1 0 0 0 1 1 0 0 6632.dat
1 1 15 -86 260 0 1 0 0 0 1 1 0 0 6632.dat
1 1 50 -46 120 1 0 0 0 1 0 0 0 1 4274.dat
1 1 -30 -46 340 -1 0 0 0 -1 0 0 0 1 4274.dat
1 1 -30 -46 280 -1 0 0 0 -1 0 0 0 1 4274.dat
1 1 -30 -46 180 -1 0 0 0 -1 0 0 0 1 4274.dat
1 1 -30 -46 120 -1 0 0 0 -1 0 0 0 1 4274.dat
1 0 30 -46 100 1 0 0 0 1 0 0 0 1 6628.dat
1 0 10 -46 260 1 0 0 0 1 0 0 0 1 3705.dat
1 0 10 -46 220 1 0 0 0 1 0 0 0 1 3705.dat
1 0 10 -46 200 1 0 0 0 1 0 0 0 1 3705.dat
1 14 -5 -46 200 0 0 -1 0 1 0 1 0 0 32123b.dat
1 14 25 -46 200 0 0 -1 0 1 0 1 0 0 32123b.dat
1 14 -5 -46 180 0 0 -1 0 1 0 1 0 0 32123b.dat
1 14 25 -46 180 0 0 -1 0 1 0 1 0 0 32123b.dat
1 15 28 -52 100 0 0 2 2 0 0 0 80 0 LS11.dat
1 15 28 -52 100 0 0 2 -1.9928 0.115 0 -0.1696 -1.3508 0 LS11.dat
1 15 28 -51.9137 98.986 0 0 2 -1.9355 0.3416 0 -0.504 -1.3119 0 LS11.dat
1 15 28 -51.6573 98.0012 0 0 2 -1.8225 0.5584 0 -0.8238 -1.2353 0 LS11.dat
1 15 28 -51.2381 97.0738 0 0 2 -1.657 0.7591 0 -1.1199 -1.1232 0 LS11.dat
1 15 28 -50.6682 96.2307 0 0 2 -1.4439 0.938 0 -1.3839 -0.9787 0 LS11.dat
1 15 28 -49.9641 95.496 0 0 2 -1.1893 1.09 0 -1.608 -0.8061 0 LS11.dat
1 15 28 -49.1458 94.8908 0 0 2 -0.9004 1.2105 0 -1.7859 -0.6103 0 LS11.dat
1 15 28 -48.2371 94.4327 0 0 2 -0.5856 1.2962 0 -1.9123 -0.397 0 LS11.dat
1 15 28 -47.2641 94.1347 0 0 2 -0.254 1.3447 0 -1.9838 -0.1722 0 LS11.dat
1 15 28 -46.2546 94.0054 0 0 2 0.0849 1.3545 0 -1.9982 0.0575 0 LS11.dat
1 15 28 -45.2379 94.0486 0 0 2 0.4214 1.3252 0 -1.9551 0.2856 0 LS11.dat
1 15 28 -44.2431 94.263 0 0 2 0.7457 1.2579 0 -1.8558 0.5055 0 LS11.dat
1 15 28 -43.2988 94.6424 0 0 2 1.0486 1.1544 0 -1.7031 0.7108 0 LS11.dat
1 15 28 -42.4322 95.176 0 0 2 1.3213 1.0177 0 -1.5013 0.8957 0 LS11.dat
1 15 28 -41.6683 95.8484 0 0 2 1.5561 0.8517 0 -1.2564 1.0548 0 LS11.dat
1 15 28 -41.0289 96.6402 0 0 2 1.746 0.6612 0 -0.9754 1.1835 0 LS11.dat
1 15 28 -40.5326 97.5286 0 0 2 1.8858 0.4516 0 -0.6663 1.2782 0 LS11.dat
1 15 28 -40.1936 98.4881 0 0 2 1.9712 0.2291 0 -0.338 1.3362 0 LS11.dat
1 15 28 -40.0216 99.4912 0 0 2 2 0 0 0 2.7077 0 LS11.dat
1 15 28 -40 180 0 0 2 -2 0 0 0 -80 0 LS11.dat
1 15 28 -40 180 0 0 2 1.9928 -0.115 0 0.1696 1.3508 0 LS11.dat
1 15 28 -40.0863 181.014 0 0 2 1.9355 -0.3416 0 0.504 1.3119 0 LS11.dat
1 15 28 -40.3427 181.999 0 0 2 1.8225 -0.5584 0 0.8238 1.2353 0 LS11.dat
1 15 28 -40.7619 182.926 0 0 2 1.657 -0.7591 0 1.1199 1.1232 0 LS11.dat
1 15 28 -41.3318 183.769 0 0 2 1.4439 -0.938 0 1.3839 0.9787 0 LS11.dat
1 15 28 -42.036 184.504 0 0 2 1.1893 -1.09 0 1.608 0.8061 0 LS11.dat
1 15 28 -42.8542 185.109 0 0 2 0.9004 -1.2105 0 1.7859 0.6103 0 LS11.dat
1 15 28 -43.7629 185.567 0 0 2 0.5856 -1.2962 0 1.9123 0.397 0 LS11.dat
1 15 28 -44.7359 185.865 0 0 2 0.254 -1.3447 0 1.9838 0.1722 0 LS11.dat
1 15 28 -45.7454 185.995 0 0 2 -0.0849 -1.3545 0 1.9982 -0.0575 0 LS11.dat
1 15 28 -46.7621 185.951 0 0 2 -0.4214 -1.3252 0 1.9551 -0.2856 0 LS11.dat
1 15 28 -47.7569 185.737 0 0 2 -0.7457 -1.2579 0 1.8558 -0.5055 0 LS11.dat
1 15 28 -48.7012 185.357 0 0 2 -1.0486 -1.1544 0 1.7031 -0.7108 0 LS11.dat
1 15 28 -49.5678 184.824 0 0 2 -1.3213 -1.0177 0 1.5013 -0.8957 0 LS11.dat
1 15 28 -50.3317 184.152 0 0 2 -1.5561 -0.8517 0 1.2564 -1.0548 0 LS11.dat
1 15 28 -50.9711 183.36 0 0 2 -1.746 -0.6612 0 0.9754 -1.1835 0 LS11.dat
1 15 28 -51.4674 182.471 0 0 2 -1.8858 -0.4516 0 0.6663 -1.2782 0 LS11.dat
1 15 28 -51.8064 181.512 0 0 2 -1.9712 -0.2291 0 0.338 -1.3362 0 LS11.dat
1 15 28 -51.9784 180.509 0 0 2 -2 0 0 0 -2.7077 0 LS11.dat
1 4 10 -86 220 1 0 0 0 1 0 0 0 1 32062.dat
1 4 10 -46 180 1 0 0 0 1 0 0 0 1 32062.dat
1 72 30 -46 240 -1 0 0 0 1 0 0 0 -1 32002.dat
1 72 -10 -46 240 1 0 0 0 1 0 0 0 1 32002.dat
1 72 -20 -56 220 0 0 1 0 1 0 -1 0 0 32018.dat
1 72 10 -106 180 0 1 0 0 0 1 1 0 0 32140.dat
0
0 FILE Part 12.ldr
0 Part 12
0 Name: Part 12.ldr
0 Author: LDraw
0 Unofficial Model
0 ROTATION CENTER 0 0 0 1 "Custom" 
0 ROTATION CONFIG 0 0
1 71 -10 16 0 1 0 0 0 1 0 0 0 1 3832.dat
1 71 -90 16 -60 1 0 0 0 1 0 0 0 1 3035.dat
1 71 -70 -5.88 -56.154 -1 0 0 0 0.788011 0.615661 0 0.615661 -0.788011 6134.dat
1 71 70 16 -60 1 0 0 0 1 0 0 0 1 3035.dat
1 15 -130 16 0 -1 0 0 0 1 0 0 0 -1 2444.dat
1 1 -160 26 0 -1 0 0 0 1 0 0 0 -1 6558.dat
1 1 140 26 0 1 0 0 0 1 0 0 0 1 6558.dat
1 15 -110 8 -20 -1 0 0 0 1 0 0 0 -1 3068b.dat
1 15 90 8 -20 -1 0 0 0 1 0 0 0 -1 3068b.dat
1 15 -70 -8 -30 -1 0 0 0 1 0 0 0 -1 3298.dat
1 15 -70 -8 -50 1 0 0 0 1 0 0 0 1 3937.dat
1 71 -10 -5.88 -56.154 -1 0 0 0 0.788011 0.615661 0 0.615661 -0.788011 6134.dat
1 15 -10 -8 -50 1 0 0 0 1 0 0 0 1 3937.dat
1 71 50 -5.88 -56.154 -1 0 0 0 0.788011 0.615661 0 0.615661 -0.788011 6134.dat
1 15 50 -8 -50 1 0 0 0 1 0 0 0 1 3937.dat
1 15 -10 -8 -30 -1 0 0 0 1 0 0 0 -1 3298.dat
1 15 50 -8 -30 -1 0 0 0 1 0 0 0 -1 3298.dat
1 15 110 16 0 1 0 0 0 1 0 0 0 1 2444.dat
1 71 -110 24 -20 0 0 1 0 1 0 -1 0 0 3020.dat
1 72 -10 24 -20 0 0 1 0 1 0 -1 0 0 2654.dat
1 71 90 24 -20 0 0 1 0 1 0 -1 0 0 3020.dat
0 
0 
0 
0
0 FILE Part 13.ldr
0 Part 13
0 Name: Part 13.ldr
0 Author: LDraw
0 Unofficial Model
0 ROTATION CENTER 0 0 0 1 "Custom" 
0 ROTATION CONFIG 0 0
1 71 10 16 0 1 0 0 0 1 0 0 0 1 3030.dat
1 72 10 8 -30 1 0 0 0 1 0 0 0 1 4477.dat
1 72 10 8 30 1 0 0 0 1 0 0 0 1 4477.dat
1 72 60 -32 20 1 0 0 0 1 0 0 0 1 61409.dat
1 72 60 -32 -20 -1 0 0 0 1 0 0 0 -1 61409.dat
1 72 122 -42 0 0 -1 0 0 0 -1 1 0 0 30350.dat
1 72 -131 -63 0 0 1 0 -1 0 0 0 0 1 Part 16.ldr
1 14 10 8 -0 1 0 0 0 1 0 0 0 1 3795.dat
1 71 50 0 0 1 0 0 0 1 0 0 0 1 3795.dat
1 1 10 -8 0 0 0 1 0 1 0 -1 0 0 4079.dat
1 1 -50 0 0 0 0 1 0 1 0 -1 0 0 4079.dat
1 71 -80 -16 0 0 0 -1 0 1 0 1 0 0 3004.dat
1 15 -80 -40 0 0 0 -1 0 1 0 1 0 0 4865b.dat
1 71 90 -24 0 0 0 -1 0 1 0 1 0 0 3003.dat
1 71 100 -64 0 0 0 -1 0 1 0 1 0 0 3023.dat
1 71 100 -72 0 0 0 -1 0 1 0 1 0 0 44728.dat
1 71 50 -94 -10 1 0 0 0 1 0 0 0 1 Part 17.ldr
1 71 60 -32 10 1 0 0 0 1 0 0 0 1 2420.dat
1 71 60 -32 -10 0 0 1 0 1 0 -1 0 0 2420.dat
1 0 100 -32 0 0 0 -1 0 1 0 1 0 0 2436b.dat
1 320 100 -56 10 0 0 1 0 1 0 -1 0 0 3040b.dat
1 320 100 -56 -10 0 0 1 0 1 0 -1 0 0 3040b.dat
1 71 60 -24 10 -1 0 0 0 1 0 0 0 -1 3665.dat
1 71 60 -24 -10 1 0 0 0 1 0 0 0 1 3665.dat
1 15 -70 8 10 -1 0 0 0 1 0 0 0 -1 60478.dat
1 15 -70 8 -10 -1 0 0 0 1 0 0 0 -1 60478.dat
1 0 90 8 10 1 0 0 0 1 0 0 0 1 44301.dat
1 0 90 8 -10 1 0 0 0 1 0 0 0 1 44301.dat
1 0 90 -16 -30 1 0 0 0 1 0 0 0 1 3937.dat
1 0 10 -16 -30 1 0 0 0 1 0 0 0 1 3937.dat
1 0 -70 -16 -30 1 0 0 0 1 0 0 0 1 3937.dat
1 0 -70 -16 30 -1 0 0 0 1 0 0 0 -1 3937.dat
1 0 10 -12.889 -46.438 -1 0 0 0 0.374607 0.927184 0 0.927184 -0.374607 Part 15.ldr
1 0 -30 -12.785 46.645 1 0 0 0 0.390731 0.920505 0 -0.920505 0.390731 Part 14.ldr
1 0 10 -16 30 -1 0 0 0 1 0 0 0 -1 3937.dat
1 0 90 -16 30 -1 0 0 0 1 0 0 0 -1 3937.dat
0
0 FILE Part 14.ldr
0 Part 14
0 Name: Part 14.ldr
0 Author: LDraw
0 Unofficial Model
0 ROTATION CENTER 0 0 0 1 "Custom" 
0 ROTATION CONFIG 0 0
1 1 -40 8 0 1 0 0 0 1 0 0 0 1 6134.dat
1 320 -80 0 -10 0 0 -1 0 1 0 1 0 0 3020.dat
1 320 120 0 -10 0 0 -1 0 1 0 1 0 0 3020.dat
1 71 140 -8 -10 -1 0 0 0 1 0 0 0 -1 41769.dat
1 71 60 -8 -10 -1 0 0 0 1 0 0 0 -1 6180.dat
1 320 -60 -8 -10 -1 0 0 0 1 0 0 0 -1 6180.dat
1 14 0 -16 -30 -1 0 0 0 1 0 0 0 -1 3068b.dat
1 14 0 -16 10 -1 0 0 0 1 0 0 0 -1 4032b.dat
1 0 0 -29 10 -0.92388 -0.382683 0 0 0 1 -0.382683 0.92388 0 32138.dat
1 0 -5.412 -29 -3.066 0.382683 -0.92388 0 0 0 1 -0.92388 -0.382683 0 30374.dat
1 0 0 -56 10 0.382683 0 0.92388 0 1 0 -0.92388 0 0.382683 4522.dat
1 0 0 -51 10 -0.92388 0 0.382683 0 1 0 -0.382683 0 -0.92388 43898.dat
1 15 20 0 10 -1 0 0 0 1 0 0 0 -1 3034.dat
1 1 40 8 0 1 0 0 0 1 0 0 0 1 6134.dat
1 1 120 8 0 1 0 0 0 1 0 0 0 1 6134.dat
1 0 -13.066 -29 15.412 0.382683 -0.92388 0 0 0 1 -0.92388 -0.382683 0 30374.dat
0
0 FILE Part 15.ldr
0 Part 15
0 Name: Part 15.ldr
0 Author: LDraw
0 Unofficial Model
0 ROTATION CENTER 0 0 0 1 "Custom" 
0 ROTATION CONFIG 0 0
1 1 -80 8 0 1 0 0 0 1 0 0 0 1 6134.dat
1 320 -80 0 -10 0 0 -1 0 1 0 1 0 0 3020.dat
1 320 120 0 -10 0 0 -1 0 1 0 1 0 0 3020.dat
1 71 -100 -8 -10 -1 0 0 0 1 0 0 0 -1 41770.dat
1 71 -20 -8 -10 -1 0 0 0 1 0 0 0 -1 6180.dat
1 320 100 -8 -10 -1 0 0 0 1 0 0 0 -1 6180.dat
1 14 40 -16 -30 -1 0 0 0 1 0 0 0 -1 3068b.dat
1 14 40 -16 10 -1 0 0 0 1 0 0 0 -1 4032b.dat
1 15 20 0 10 -1 0 0 0 1 0 0 0 -1 3034.dat
1 1 0 8 0 1 0 0 0 1 0 0 0 1 6134.dat
1 1 80 8 0 1 0 0 0 1 0 0 0 1 6134.dat
1 0 40 -29 10 0.92388 -0.382683 0 0 0 1 -0.382683 -0.92388 0 32138.dat
1 0 53.066 -29 15.412 0.382683 0.92388 0 0 0 1 0.92388 -0.382683 0 30374.dat
1 0 40 -56 10 0.382683 0 -0.92388 0 1 0 0.92388 0 0.382683 4522.dat
1 0 40 -51 10 0.92388 0 0.382683 0 1 0 -0.382683 0 0.92388 43898.dat
1 0 45.412 -29 -3.066 0.382683 0.92388 0 0 0 1 0.92388 -0.382683 0 30374.dat
0
0 FILE Part 16.ldr
0 Part 16
0 Name: Part 16.ldr
0 Author: LDraw
0 Unofficial Model
0 ROTATION CENTER 0 0 0 1 "Custom" 
0 ROTATION CONFIG 0 0
1 320 -40 16 0 1 0 0 0 1 0 0 0 1 3020.dat
1 15 -60 8 0 1 0 0 0 1 0 0 0 1 3022.dat
1 15 -8 44 0 0 -1 0 1 0 0 0 0 1 3022.dat
1 40 -0.5 70.5 0 0 -1 0 0 0 1 -1 0 0 30384.dat
1 71 -50 0 0 0 0 -1 0 1 0 1 0 0 3023.dat
1 71 -50 24 0 0 0 -1 0 1 0 1 0 0 3023.dat
1 71 -40 32 10 -1 0 0 0 1 0 0 0 -1 63868.dat
1 71 -40 32 -10 -1 0 0 0 1 0 0 0 -1 63868.dat
1 320 0 44 -10 0 -1 0 -1 0 0 0 0 -1 3023.dat
1 320 0 44 10 0 -1 0 -1 0 0 0 0 -1 3023.dat
1 71 -30 24 0 0 0 -1 0 1 0 1 0 0 44728.dat
1 71 -40 -8 0 0 0 -1 0 1 0 1 0 0 48183.dat
1 72 -70 0 0 0 0 -1 0 1 0 1 0 0 2412b.dat
1 320 -20 8 0 0 0 -1 0 1 0 1 0 0 43719.dat
1 320 -20 0 0 0 0 -1 0 1 0 1 0 0 43719.dat
1 320 -10 0 10 0 0 1 0 1 0 -1 0 0 54200.dat
1 320 -10 0 -10 0 0 1 0 1 0 -1 0 0 54200.dat
0
0 FILE Part 17.ldr
0 Part 17
0 Name: Part 17.ldr
0 Author: LDraw
0 Unofficial Model
0 ROTATION CENTER 0 0 0 1 "Custom" 
0 ROTATION CONFIG 0 0
1 15 40 8 0 1 0 0 0 1 0 0 0 1 60478.dat
1 15 40 8 20 1 0 0 0 1 0 0 0 1 60478.dat
1 320 10 8 10 0 0 -1 0 1 0 1 0 0 3023.dat
1 320 10 0 10 0 0 -1 0 1 0 1 0 0 3023.dat
1 320 20 -16 10 0 0 -1 0 1 0 1 0 0 47753.dat
1 71 -10 8 10 0 0 -1 0 1 0 1 0 0 2399.dat
0
0 FILE Part 18.ldr
0 Part 18
0 Name: Part 18.ldr
0 Author: LDraw
0 Unofficial Model
0 ROTATION CENTER 0 0 0 1 "Custom" 
0 ROTATION CONFIG 0 0
1 15 10 32 0 1 0 0 0 1 0 0 0 1 32525.dat
1 71 10 22 100 0 1 0 -1 0 0 0 0 1 61184.dat
1 43 10 22 100 1 0 0 0 1 0 0 0 1 58176.dat
1 71 10 22 80 0 1 0 -1 0 0 0 0 1 61184.dat
1 43 10 22 80 1 0 0 0 1 0 0 0 1 58176.dat
1 71 10 22 60 0 1 0 -1 0 0 0 0 1 61184.dat
1 43 10 22 60 1 0 0 0 1 0 0 0 1 58176.dat
1 71 10 22 40 0 1 0 -1 0 0 0 0 1 61184.dat
1 43 10 22 40 1 0 0 0 1 0 0 0 1 58176.dat
1 71 10 22 20 0 1 0 -1 0 0 0 0 1 61184.dat
1 43 10 22 20 1 0 0 0 1 0 0 0 1 58176.dat
1 71 10 22 0 0 1 0 -1 0 0 0 0 1 61184.dat
1 43 10 22 0 1 0 0 0 1 0 0 0 1 58176.dat
1 71 10 22 -20 0 1 0 -1 0 0 0 0 1 61184.dat
1 43 10 22 -20 1 0 0 0 1 0 0 0 1 58176.dat
1 71 10 22 -40 0 1 0 -1 0 0 0 0 1 61184.dat
1 43 10 22 -40 1 0 0 0 1 0 0 0 1 58176.dat
0
0
