0 FILE TIE Defender.ldr
0 TIE Defender
0 Name: TIE Defender.ldr
0 Author: LDraw
0 Unofficial Model
0 ROTATION CENTER 0 0 0 1 "Custom" 
0 ROTATION CONFIG 0 0
1 0 -170 -224 -200 0.909596 -0.353553 -0.218254 0.218254 0.853553 -0.473087 0.353553 0.382683 0.853553 Part 1.ldr
1 0 -210 -8 30 0.707107 0 0.707107 0 1 0 -0.707107 0 0.707107 TIE Pilot.ldr
1 0 -210 -8 -40 0.707107 0 0.707107 0 1 0 -0.707107 0 0.707107 Stormtrooper.ldr
0
0 FILE Stormtrooper.ldr
0 Stormtrooper
0 Name: Stormtrooper.ldr
0 Author: LDraw
0 Unofficial Model
0 ROTATION CENTER 0 0 0 1 "Custom" 
0 ROTATION CONFIG 0 0
1 15 0 -24 0 1 0 0 0 1 0 0 0 1 30408p01.dat
1 0 0 -24 0 1 0 0 0 1 0 0 0 1 3626b.dat
1 15 0 0 0 1 0 0 0 1 0 0 0 1 973psk.dat
1 0 0 32 0 1 0 0 0 1 0 0 0 1 3815.dat
1 15 -15.552 9 0 0.985 -0.17 0 0.17 0.985 0 0 0 1 3818.dat
1 15 15.552 9 0 0.985 0.17 0 -0.17 0.985 0 0 0 1 3819.dat
1 0 -23.8634 26.5956 -10.321 0.985 -0.12019 0.12019 0.17 0.696395 -0.696395 0 0.707 0.707 3820.dat
1 0 23.8634 26.5956 -10.321 0.985 0.12019 -0.12019 -0.17 0.696395 -0.696395 0 0.707 0.707 3820.dat
1 0 -24.6826 31.3422 -19.2547 0.985 -0.0874983 0.14567 0.17 0.506976 -0.844031 0 0.856884 0.514696 58247.dat
1 15 0 44 0 1 0 0 0 1 0 0 0 1 3816.dat
1 15 0 44 0 1 0 0 0 1 0 0 0 1 3817.dat
0
0 FILE TIE Pilot.ldr
0 TIE Pilot
0 Name: TIE Pilot.ldr
0 Author: LDraw
0 Unofficial Model
0 ROTATION CENTER 0 0 0 1 "Custom" 
0 ROTATION CONFIG 0 0
1 0 0 -24 0 1 0 0 0 1 0 0 0 1 30408p02.dat
1 0 0 -24 0 1 0 0 0 1 0 0 0 1 3626b.dat
1 0 0 0 0 1 0 0 0 1 0 0 0 1 973psk.dat
1 0 0 32 0 1 0 0 0 1 0 0 0 1 3815.dat
1 0 -15.552 9 0 0.985 -0.17 0 0.17 0.985 0 0 0 1 3818.dat
1 0 15.552 9 0 0.985 0.17 0 -0.17 0.985 0 0 0 1 3819.dat
1 0 -23.8634 26.5956 -10.321 0.985 -0.12019 0.12019 0.17 0.696395 -0.696395 0 0.707 0.707 3820.dat
1 0 23.8634 26.5956 -10.321 0.985 0.12019 -0.12019 -0.17 0.696395 -0.696395 0 0.707 0.707 3820.dat
1 0 0 44 0 1 0 0 0 1 0 0 0 1 3816.dat
1 0 0 44 0 1 0 0 0 1 0 0 0 1 3817.dat
0
0 FILE Part 1.ldr
0 Part 1
0 Name: Part 1.ldr
0 Author: LDraw
0 Unofficial Model
0 ROTATION CENTER 0 0 0 1 "Custom" 
0 ROTATION CONFIG 0 0
1 72 -10 0 0 1 0 0 0 1 0 0 0 1 30283.dat
1 72 20 -32 -50 0 0 -1 0 1 0 1 0 0 2357.dat
1 72 10 -80 -30 1 0 0 0 1 0 0 0 1 3039.dat
1 72 -30 -80 -50 1 0 0 0 1 0 0 0 1 3039.dat
1 72 10 -80 30 -1 0 0 0 1 0 0 0 -1 3039.dat
1 72 -30 -80 50 -1 0 0 0 1 0 0 0 -1 3039.dat
1 72 65 -54 0 1 0 0 0 1 0 0 0 1 32209.dat
1 71 55 -54 0 0 -1 0 0 0 -1 1 0 0 44374.dat
1 71 65 -54 0 0 -1 0 0 0 -1 1 0 0 44374.dat
1 71 0 -81 46.765 1 0 0 0 -0.5 -0.866025 0 0.866025 -0.5 Part 2.ldr
1 71 0 -81 -46.765 1 0 0 0 -0.5 0.866025 0 -0.866025 -0.5 Part 2.ldr
1 71 0 0 0 1 0 0 0 1 0 0 0 1 Part 2.ldr
1 71 100 -54 0 0 0 -1 0 1 0 1 0 0 60208.dat
1 71 120 -54 0 0 0 -1 0 1 0 1 0 0 60208.dat
1 43 130 -54 0 0 1 0 0 0 1 1 0 0 4740.dat
1 72 20 -32 50 -1 0 0 0 1 0 0 0 -1 2357.dat
1 72 -30 -32 60 -1 0 0 0 1 0 0 0 -1 3003.dat
1 72 -30 -32 -60 -1 0 0 0 1 0 0 0 -1 3003.dat
1 4 0 -32 0 0 0 1 0 1 0 -1 0 0 30414.dat
1 0 -10 24 30 1 0 0 0 1 0 0 0 1 3710.dat
1 0 -10 24 -30 1 0 0 0 1 0 0 0 1 3710.dat
1 0 40 -80 0 0 0 -1 0 1 0 1 0 0 3710.dat
1 0 -30 -96 0 0 0 -1 0 1 0 1 0 0 3031.dat
1 0 110 -33 0 -1 0 0 0 1 0 0 0 -1 2780.dat
1 0 110 -64 -17 -1 0 0 0 1 0 0 0 -1 2780.dat
1 0 110 -64 17 -1 0 0 0 1 0 0 0 -1 2780.dat
1 72 40 -88 0 0 0 1 0 1 0 -1 0 0 44567.dat
1 71 0 -88 0 0 0 -1 0 1 0 1 0 0 60471.dat
1 71 -30 -88 0 0 0 -1 0 1 0 1 0 0 3022.dat
1 0 30 -88 30 -1 0 0 0 1 0 0 0 -1 3023.dat
1 0 -80 -96 0 0 0 1 0 1 0 -1 0 0 3023.dat
1 40 -70 -88 0 0 0 1 0 1 0 -1 0 0 30366ps1.dat
1 4 -10 -80 0 0 0 1 0 1 0 -1 0 0 2654.dat
1 0 30 -88 -30 -1 0 0 0 1 0 0 0 -1 3023.dat
1 0 -10 -8 -50 1 0 0 0 1 0 0 0 1 3710.dat
1 0 20 -64 0 0 0 -1 0 1 0 1 0 0 3700.dat
1 0 40 -64 0 0 0 -1 0 1 0 1 0 0 3700.dat
1 0 -10 -8 50 1 0 0 0 1 0 0 0 1 3710.dat
1 71 10 -8 0 0 0 -1 0 1 0 1 0 0 3001.dat
1 71 -10 -56 -50 -1 0 0 0 1 0 0 0 -1 3010.dat
1 71 -10 -56 50 -1 0 0 0 1 0 0 0 -1 3010.dat
1 71 40 -72 -10 -1 0 0 0 1 0 0 0 -1 2420.dat
1 71 0 -88 -30 -1 0 0 0 1 0 0 0 -1 3070b.dat
1 71 40 -96 0 0 0 1 0 1 0 -1 0 0 2431.dat
1 71 -30 -104 0 0 0 1 0 1 0 -1 0 0 3020.dat
1 71 -30 -88 -50 1 0 0 0 1 0 0 0 1 2412b.dat
1 71 -30 -88 50 1 0 0 0 1 0 0 0 1 2412b.dat
1 71 0 -104 0 0 0 -1 0 1 0 1 0 0 2412b.dat
1 72 -70 -104 0 0 0 -1 0 1 0 1 0 0 3068b.dat
1 72 -30 -120 0 0 0 1 0 1 0 -1 0 0 3960ps2.dat
1 71 0 -88 30 -1 0 0 0 1 0 0 0 -1 3070b.dat
1 71 40 -72 10 0 0 -1 0 1 0 1 0 0 2420.dat
1 71 -30 -56 -70 1 0 0 0 1 0 0 0 1 2877.dat
1 71 -60 -64 -50 1 0 0 0 1 0 0 0 1 54200.dat
1 71 -60 -64 50 -1 0 0 0 1 0 0 0 -1 54200.dat
1 71 -30 -56 70 -1 0 0 0 1 0 0 0 -1 2877.dat
1 72 20 -56 -30 -1 0 0 0 1 0 0 0 -1 3622.dat
1 72 20 -56 30 -1 0 0 0 1 0 0 0 -1 3622.dat
1 36 40 -64 30 -1 0 0 0 1 0 0 0 -1 4073.dat
1 36 40 -64 -30 -1 0 0 0 1 0 0 0 -1 4073.dat
1 36 -118 18 -30 0 1 0 1 0 0 0 0 -1 4073.dat
1 36 -118 18 30 0 1 0 1 0 0 0 0 -1 4073.dat
1 71 20 -32 0 0 0 -1 0 1 0 1 0 0 3660.dat
1 71 30 -40 0 0 0 -1 0 1 0 1 0 0 3022.dat
0
0 FILE Part 2.ldr
0 Part 2
0 Name: Part 2.ldr
0 Author: LDraw
0 Unofficial Model
0 ROTATION CENTER 0 0 0 1 "Custom" 
0 ROTATION CONFIG 0 0
1 71 80 -94 0 0 0 -1 0 1 0 1 0 0 42003.dat
1 72 134 -154 0 0 1 0 0 0 1 1 0 0 4032b.dat
1 71 110 -164 0 0 1 0 0 0 1 1 0 0 2458.dat
1 71 70 -164 0 0 1 0 0 0 1 1 0 0 2458.dat
1 71 46 -124 0 0 1 0 0 0 1 1 0 0 3298.dat
1 72 70 -144 0 0 1 0 0 0 -1 -1 0 0 85943.dat
1 71 110 -144 0 0 1 0 0 0 1 1 0 0 32064b.dat
1 71 102 -154 0 0 1 0 0 0 1 1 0 0 3022.dat
1 71 94 -154 0 0 1 0 0 0 1 1 0 0 3022.dat
1 1 82 -74 0 1 0 0 0 0 -1 0 1 0 6558.dat
1 1 70 -94 0 -1 0 0 0 0 -1 0 -1 0 43093.dat
1 0 120 -134 0 0 0 -1 1 0 0 0 -1 0 32062.dat
1 0 120 -124 0 0 0 -1 0 -1 0 -1 0 0 33299a.dat
1 0 80 -114 0 0 0 -1 0 -1 0 -1 0 0 32062.dat
1 0 120 -238 10 1 0 0 0 1 0 0 0 1 Part 3.ldr
0
0 FILE Part 3.ldr
0 Part 3
0 Name: Part 3.ldr
0 Author: LDraw
0 Unofficial Model
0 ROTATION CENTER 0 0 0 1 "Custom" 
0 ROTATION CONFIG 0 0
1 72 -20 16 0 1 0 0 0 1 0 0 0 1 32000.dat
1 72 -20 16 -10 1 0 0 0 1 0 0 0 1 30373.dat
1 0 -40 8 -10 1 0 0 0 1 0 0 0 1 3035.dat
1 0 -130 -36.255 -96.887 -1 0 0 0 0.707107 -0.707107 0 -0.707107 -0.707107 Part 4.ldr
1 0 -130 -122.028 161.239 -1 0 0 0 0.707107 0.707107 0 0.707107 -0.707107 Part 5.ldr
1 71 -110 0 -10 0 0 -1 0 1 0 1 0 0 2431.dat
1 71 -50 0 -10 0 0 -1 0 1 0 1 0 0 2431.dat
1 0 -20 26 40 1 0 0 0 1 0 0 0 1 2780.dat
1 72 -10 26 40 1 0 0 0 1 0 0 0 1 32192.dat
1 1 -30 26 10 0 0 -1 0 1 0 1 0 0 43093.dat
1 1 -10 26 10 0 0 -1 0 1 0 1 0 0 43093.dat
1 1 -10 5 61 0 0 1 0.707107 0.707107 0 -0.707107 0.707107 0 43093.dat
1 1 -30 5 61 0 0 1 0.707107 0.707107 0 -0.707107 0.707107 0 43093.dat
1 72 -30 26 40 1 0 0 0 1 0 0 0 1 32192.dat
1 72 -20 16 -20 -1 0 0 0 1 0 0 0 -1 32000.dat
1 0 -20 26 -60 -1 0 0 0 1 0 0 0 -1 2780.dat
1 72 -30 26 -60 -1 0 0 0 1 0 0 0 -1 32192.dat
1 1 -10 26 -30 0 0 1 0 1 0 -1 0 0 43093.dat
1 1 -30 26 -30 0 0 1 0 1 0 -1 0 0 43093.dat
1 1 -30 5 -81 0 0 -1 0.707107 0.707107 0 0.707107 -0.707107 0 43093.dat
1 1 -10 5 -81 0 0 -1 0.707107 0.707107 0 0.707107 -0.707107 0 43093.dat
1 72 -10 26 -60 -1 0 0 0 1 0 0 0 -1 32192.dat
0
0 FILE Part 4.ldr
0 Part 4
0 Name: Part 4.ldr
0 Author: LDraw
0 Unofficial Model
0 ROTATION CENTER 0 0 0 1 "Custom" 
0 ROTATION CONFIG 0 0
1 0 50 0 0 0 0 -1 0 1 0 1 0 0 30355.dat
1 0 -130 0 0 -1 0 0 0 1 0 0 0 -1 6106.dat
1 72 -180 8 -50 -1 0 0 0 1 0 0 0 -1 4073.dat
1 72 0 8 0 0 0 1 0 1 0 -1 0 0 3666.dat
1 72 130 8 -40 1 0 0 0 1 0 0 0 1 2445.dat
1 71 230 16 -40 1 0 0 0 1 0 0 0 1 2817.dat
1 71 250 26 -40 1 0 0 0 1 0 0 0 1 61184.dat
1 71 274 26 -40 0 -1 0 1 0 0 0 0 1 4589.dat
1 72 -110 8 -30 -1 0 0 0 1 0 0 0 -1 32000.dat
1 72 -110 16 -20 0 0 1 0 1 0 -1 0 0 4871.dat
1 71 -160 8 -10 -1 0 0 0 1 0 0 0 -1 2450.dat
1 71 -50 8 -20 -1 0 0 0 1 0 0 0 -1 3020.dat
1 71 -110 8 -10 -1 0 0 0 1 0 0 0 -1 3660.dat
1 71 -110 -8 -50 -1 0 0 0 1 0 0 0 -1 4162.dat
1 71 50 -8 -50 -1 0 0 0 1 0 0 0 -1 4162.dat
1 71 210 -8 -50 -1 0 0 0 1 0 0 0 -1 4162.dat
1 71 -30 -8 50 -1 0 0 0 1 0 0 0 -1 4162.dat
1 71 -100 -8 20 0 0 1 0 1 0 -1 0 0 2412b.dat
1 71 -80 -8 -20 0 0 1 0 1 0 -1 0 0 2412b.dat
1 71 40 -8 20 0 0 1 0 1 0 -1 0 0 2412b.dat
1 71 20 -8 -20 0 0 1 0 1 0 -1 0 0 2412b.dat
1 0 230 0 -30 0 0 -1 0 1 0 1 0 0 54384.dat
0
0 FILE Part 5.ldr
0 Part 5
0 Name: Part 5.ldr
0 Author: LDraw
0 Unofficial Model
0 ROTATION CENTER 0 0 0 1 "Custom" 
0 ROTATION CONFIG 0 0
1 0 50 0 120 0 0 -1 0 1 0 1 0 0 30356.dat
1 0 -130 0 120 0 0 1 0 1 0 -1 0 0 6106.dat
1 72 -180 8 170 -1 0 0 0 1 0 0 0 -1 4073.dat
1 72 0 8 120 0 0 1 0 1 0 -1 0 0 3666.dat
1 72 130 8 160 1 0 0 0 1 0 0 0 1 2445.dat
1 71 230 16 160 1 0 0 0 1 0 0 0 1 2817.dat
1 71 250 26 160 1 0 0 0 1 0 0 0 1 61184.dat
1 71 274 26 160 0 -1 0 1 0 0 0 0 1 4589.dat
1 72 -110 8 150 -1 0 0 0 1 0 0 0 -1 32000.dat
1 72 -110 16 140 0 0 1 0 1 0 -1 0 0 4871.dat
1 71 -160 8 130 0 0 1 0 1 0 -1 0 0 2450.dat
1 71 -50 8 140 -1 0 0 0 1 0 0 0 -1 3020.dat
1 71 -110 8 130 1 0 0 0 1 0 0 0 1 3660.dat
1 71 -110 -8 170 -1 0 0 0 1 0 0 0 -1 4162.dat
1 71 50 -8 170 -1 0 0 0 1 0 0 0 -1 4162.dat
1 71 210 -8 170 -1 0 0 0 1 0 0 0 -1 4162.dat
1 71 -30 -8 70 -1 0 0 0 1 0 0 0 -1 4162.dat
1 71 -100 -8 100 0 0 1 0 1 0 -1 0 0 2412b.dat
1 71 -80 -8 140 0 0 1 0 1 0 -1 0 0 2412b.dat
1 71 40 -8 100 0 0 1 0 1 0 -1 0 0 2412b.dat
1 71 20 -8 140 0 0 1 0 1 0 -1 0 0 2412b.dat
1 0 230 0 150 0 0 -1 0 1 0 1 0 0 54383.dat
0
0
