0 FILE Republic Swamp Speeder.ldr
0 Republic Swamp Speeder
0 Name: Republic Swamp Speeder.ldr
0 Author: LDraw
0 Unofficial Model
0 ROTATION CENTER 0 0 0 1 "Custom" 
0 ROTATION CONFIG 0 0
1 0 -546.985 0 54.237 0 0 1 0 1 0 -1 0 0 Bariss Offee.ldr
1 0 -546.985 0 -35.763 0 0 1 0 1 0 -1 0 0 Clone.ldr
1 0 -286.374 9 260.611 -0.707107 0 0.707107 0 1 0 -0.707107 0 -0.707107 Part 1.ldr
1 0 -546.985 16 -125.763 0 0 1 0 1 0 -1 0 0 Battle Droid.ldr
1 0 -546.985 16 -185.763 0 0 1 0 1 0 -1 0 0 Battle Droid.ldr
0
0 FILE Bariss Offee.ldr
0 Barriss Offee
0 Name: Bariss Offee.ldr
0 Author: LDraw
0 Unofficial Model
0 ROTATION CENTER 0 0 0 1 "Custom" 
0 ROTATION CONFIG 0 0
1 0 0 -27 0 1 0 0 0 1 0 0 0 1 30381.dat
1 19 0 -27 0 1 0 0 0 1 0 0 0 1 3626bp01.dat
1 0 0 -2 0 1 0 0 0 1 0 0 0 1 522.dat
1 0 0 0 0 1 0 0 0 1 0 0 0 1 973.dat
1 0 0 32 0 1 0 0 0 1 0 0 0 1 3815.dat
1 0 -15.552 9 0 0.985 -0.17 0 0.17 0.985 0 0 0 1 3818.dat
1 0 15.552 9 0 0.985 0.17 0 -0.17 0.985 0 0 0 1 3819.dat
1 19 -23.8634 26.5956 -10.321 0.985 -0.12019 0.12019 0.17 0.696395 -0.696395 0 0.707 0.707 3820.dat
1 19 23.8634 26.5956 -10.321 0.985 0.12019 -0.12019 -0.17 0.696395 -0.696395 0 0.707 0.707 3820.dat
1 43 -23.1951 22.7236 -33.8217 0.985 -0.0874983 0.14567 0.17 0.506976 -0.844031 0 0.856884 0.514696 577bc01.dat
1 0 0 44 0 1 0 0 0 1 0 0 0 1 3816.dat
1 0 0 44 0 1 0 0 0 1 0 0 0 1 3817.dat
0
0 FILE Clone.ldr
0 Clone
0 Name: Clone.ldr
0 Author: LDraw
0 Unofficial Model
0 ROTATION CENTER 0 0 0 1 "Custom" 
0 ROTATION CONFIG 0 0
1 15 0 -24 0 1 0 0 0 1 0 0 0 1 30408p01.dat
1 0 0 -24 0 1 0 0 0 1 0 0 0 1 3626b.dat
1 15 0 0 0 1 0 0 0 1 0 0 0 1 973.dat
1 0 0 32 0 1 0 0 0 1 0 0 0 1 3815.dat
1 15 -15.552 9 0 0.985 -0.17 0 0.17 0.985 0 0 0 1 3818.dat
1 15 15.552 9 0 0.985 0.17 0 -0.17 0.985 0 0 0 1 3819.dat
1 0 -23.8634 26.5956 -10.321 0.985 -0.12019 0.12019 0.17 0.696395 -0.696395 0 0.707 0.707 3820.dat
1 0 23.8634 26.5956 -10.321 0.985 0.12019 -0.12019 -0.17 0.696395 -0.696395 0 0.707 0.707 3820.dat
1 0 -24.6826 31.3422 -19.2547 0.985 -0.0874983 0.14567 0.17 0.506976 -0.844031 0 0.856884 0.514696 58247.dat
1 15 0 44 0 1 0 0 0 1 0 0 0 1 3816.dat
1 15 0 44 0 1 0 0 0 1 0 0 0 1 3817.dat
0
0 FILE Battle Droid.ldr
0 Battle Droid
0 Name: Battle Droid.ldr
0 Author: LDraw
0 Unofficial Model
0 ROTATION CENTER 0 0 0 1 "Custom" 
0 ROTATION CONFIG 0 0
1 19 -20 8 0 1 0 0 0 1 0 0 0 1 30375.dat
1 19 -4 -24 0 1 0 0 0 1 0 0 0 1 30377.dat
1 19 -36 -24 0 1 0 0 0 0.92388 0.382683 0 -0.382683 0.92388 59230.dat
1 0 -36 12.955 -15.307 1 0 0 0 0.382683 -0.92388 0 0.92388 0.382683 58247.dat
1 19 -20 48 0 1 0 0 0 1 0 0 0 1 30376.dat
1 19 -20 -24 0 1 0 0 0 1 0 0 0 1 30378.dat
0
0 FILE Super Battle Droid.ldr
0 Super Battle Droid
0 Name: Super Battle Droid.ldr
0 Author: LDraw
0 Unofficial Model
0
0 FILE Part 1.ldr
0 Part 1
0 Name: Part 1.ldr
0 Author: LDraw
0 Unofficial Model
0 ROTATION CENTER 0 0 0 1 "Custom" 
0 ROTATION CONFIG 0 0
1 72 190 0 200 0 0 -1 0 1 0 1 0 0 6003.dat
1 72 30 0 -20 0 0 1 0 1 0 -1 0 0 30565.dat
1 72 150 0 -20 1 0 0 0 1 0 0 0 1 30565.dat
1 72 80 -8 -10 -1 0 0 0 1 0 0 0 -1 30357.dat
1 72 100 -8 -10 0 0 1 0 1 0 -1 0 0 30357.dat
1 72 160 -44 20 1 0 0 0 0 -1 0 1 0 41678.dat
1 72 20 -44 20 1 0 0 0 0 -1 0 1 0 41678.dat
1 72 90 -72 210 1 0 0 0 1 0 0 0 1 46667.dat
1 72 -10 0 200 -1 0 0 0 1 0 0 0 -1 6003.dat
1 72 90 -8 110 0 0 1 0 1 0 -1 0 0 3021.dat
1 72 90 8 100 0 0 1 0 1 0 -1 0 0 3795.dat
1 72 90 -16 120 0 0 1 0 1 0 -1 0 0 3795.dat
1 72 60 -16 10 0 0 1 0 1 0 -1 0 0 63864.dat
1 72 120 -16 10 0 0 1 0 1 0 -1 0 0 63864.dat
1 72 100 -48 130 0 0 1 0 1 0 -1 0 0 63864.dat
1 72 80 -48 130 0 0 1 0 1 0 -1 0 0 63864.dat
1 72 90 32 -50 1 0 0 0 1 0 0 0 1 3710.dat
1 71 10 8 180 -1 0 0 0 1 0 0 0 -1 48092.dat
1 71 -60 8 170 0 0 -1 0 1 0 1 0 0 4287.dat
1 71 240 8 170 0 0 1 0 1 0 -1 0 0 4287.dat
1 71 -10 8 150 1 0 0 0 1 0 0 0 1 3894.dat
1 71 -50 18 116 1 0 0 0 0 -1 0 1 0 30367b.dat
1 71 90 -72 296 -1 0 0 0 0 -1 0 -1 0 30367b.dat
1 71 90 -72 297 -1 0 0 0 0 -1 0 -1 0 30374.dat
1 71 230 18 116 1 0 0 0 0 -1 0 1 0 30367b.dat
1 19 -50 18 140 0 0 1 0 1 0 -1 0 0 3749.dat
1 19 230 18 140 0 0 1 0 1 0 -1 0 0 3749.dat
1 71 90 8 250 1 0 0 0 1 0 0 0 1 3010.dat
1 71 190 8 150 1 0 0 0 1 0 0 0 1 3894.dat
1 71 90 -8 160 1 0 0 0 1 0 0 0 1 2445.dat
1 71 170 8 180 0 0 -1 0 1 0 1 0 0 48092.dat
1 71 110 8 20 1 0 0 0 1 0 0 0 1 48092.dat
1 71 170 -24 10 0 0 1 0 1 0 -1 0 0 61184.dat
1 71 150 -24 10 0 0 1 0 1 0 -1 0 0 61184.dat
1 71 10 -24 10 0 0 1 0 1 0 -1 0 0 61184.dat
1 71 30 -24 10 0 0 1 0 1 0 -1 0 0 61184.dat
1 36 30 -24 2 0 0 1 1 0 0 0 1 0 4073.dat
1 36 10 -24 2 0 0 1 1 0 0 0 1 0 4073.dat
1 36 170 -24 2 0 0 1 1 0 0 0 1 0 4073.dat
1 36 150 -24 2 0 0 1 1 0 0 0 1 0 4073.dat
1 0 150 -24 -38 0 0 1 1 0 0 0 1 0 64644.dat
1 0 170 -24 -38 0 0 1 1 0 0 0 1 0 64644.dat
1 0 10 -24 -38 0 0 1 1 0 0 0 1 0 64644.dat
1 0 30 -24 -38 0 0 1 1 0 0 0 1 0 64644.dat
1 71 70 8 20 0 0 1 0 1 0 -1 0 0 48092.dat
1 0 30 8 250 -1 0 0 0 1 0 0 0 -1 2877.dat
1 0 90 8 -50 1 0 0 0 1 0 0 0 1 2877.dat
1 0 90 8 170 -1 0 0 0 1 0 0 0 -1 4477.dat
1 0 90 0 180 0 0 1 0 1 0 -1 0 0 3738.dat
1 0 110 26 130 0 0 -1 0 1 0 1 0 0 Part 2.ldr
1 0 200 -24 190 -1 0 0 0 1 0 0 0 -1 50950.dat
1 0 140 -24 190 -1 0 0 0 1 0 0 0 -1 50950.dat
1 0 40 -24 190 -1 0 0 0 1 0 0 0 -1 50950.dat
1 0 -20 -24 190 -1 0 0 0 1 0 0 0 -1 50950.dat
1 0 10 -32 150 -1 0 0 0 1 0 0 0 -1 3039p34.dat
1 0 10 -8 200 1 0 0 0 1 0 0 0 1 4079.dat
1 0 170 -8 200 1 0 0 0 1 0 0 0 1 4079.dat
1 72 90 -40 150 -1 0 0 0 1 0 0 0 -1 3039.dat
1 71 90 -40 110 1 0 0 0 1 0 0 0 1 3298.dat
1 71 90 -40 -30 1 0 0 0 1 0 0 0 1 3040b.dat
1 71 100 -40 130 0 0 -1 0 1 0 1 0 0 6541.dat
1 71 50 -53.434 103.412 0 0 1 0.906308 0.422618 0 -0.422618 0.906308 0 Part 3.ldr
1 71 130 -35.298 94.959 0 0 -1 -0.906308 0.422618 0 0.422618 0.906308 0 Part 3.ldr
1 71 80 -40 130 0 0 -1 0 1 0 1 0 0 6541.dat
1 71 90 -40 -10 -1 0 0 0 1 0 0 0 -1 6541.dat
1 71 90 -9 20 -1 0 0 0 0 -1 0 -1 0 32123a.dat
1 71 90 -24 20 1 0 0 0 0 1 0 -1 0 32039.dat
1 71 90 -44 20 1 0 0 0 0 1 0 -1 0 4519.dat
1 71 30 -44 20 1 0 0 0 0 1 0 -1 0 4519.dat
1 71 150 -44 20 1 0 0 0 0 1 0 -1 0 4519.dat
1 71 120 -45 20 0 0 1 -1 0 0 0 -1 0 59443.dat
1 71 91 -73 220 0 1 0 -1 0 0 0 0 1 41531.dat
1 71 91 -73 260 0 1 0 -1 0 0 0 0 1 41531.dat
1 1 91 -72 270 0 1 0 0 0 1 1 0 0 4274.dat
1 1 91 -113 220 0 1 0 -1 0 0 0 0 1 4274.dat
1 71 60 -45 20 0 0 1 -1 0 0 0 -1 0 59443.dat
1 71 90 -24 220 -1 0 0 0 -1 0 0 0 1 33299a.dat
1 0 170 -32 150 -1 0 0 0 1 0 0 0 -1 3039p34.dat
1 0 -20 -16 150 -1 0 0 0 1 0 0 0 -1 4592.dat
1 0 -20 -16 150 -1 0 0 0 0.92388 -0.382683 0 -0.382683 -0.92388 4593.dat
1 0 90 0 20 0 0 1 0 1 0 -1 0 0 3738.dat
1 0 90 -8 40 -1 0 0 0 1 0 0 0 -1 47407.dat
1 0 90 32 250 -1 0 0 0 1 0 0 0 -1 4477.dat
1 320 90 8 190 -1 0 0 0 1 0 0 0 -1 3666.dat
1 320 90 -8 250 -1 0 0 0 1 0 0 0 -1 3666.dat
1 320 90 -83.054 53.823 0 0 1 0.382683 0.92388 0 -0.92388 0.382683 0 3666.dat
1 320 90 -97.836 47.7 0 0 1 0.382683 0.92388 0 -0.92388 0.382683 0 4162.dat
1 72 90 -90.445 50.762 0 0 1 0.382683 0.92388 0 -0.92388 0.382683 0 3710.dat
1 71 90 -67.484 -4.671 0 0 1 0.382683 0.92388 0 -0.92388 0.382683 0 44302.dat
1 71 90 -123.039 144.676 0 0 1 1 0 0 0 1 0 30374.dat
1 71 90 -113.406 106.194 0 0 -1 -0.382683 0.92388 0 0.92388 0.382683 0 44302.dat
1 71 90 -48.765 -21.439 0 0 1 0 1 0 -1 0 0 30383.dat
1 72 90 -123.039 144.676 1 0 0 0 1 0 0 0 1 30552.dat
1 320 90 -16 -50 -1 0 0 0 1 0 0 0 -1 3794a.dat
1 320 90 -120 220 -1 0 0 0 1 0 0 0 -1 2555.dat
1 320 90 -16 -30 -1 0 0 0 1 0 0 0 -1 3794a.dat
1 320 90 -16 -10 -1 0 0 0 1 0 0 0 -1 3794a.dat
1 320 40 16 180 0 0 1 0 1 0 -1 0 0 3023.dat
1 320 4 32 0 0.382683 0 0.92388 0 1 0 -0.92388 0 0.382683 3023.dat
1 320 27 32 -36 0.707107 0 0.707107 0 1 0 -0.707107 0 0.707107 3023.dat
1 320 152 32 -36 -0.707107 0 0.707107 0 1 0 -0.707107 0 -0.707107 3023.dat
1 320 177 32 1 -0.382683 0 0.92388 0 1 0 -0.92388 0 -0.382683 3023.dat
1 320 -60 32 170 0 0 1 0 1 0 -1 0 0 3623.dat
1 320 40 32 170 0 0 1 0 1 0 -1 0 0 3623.dat
1 320 140 32 170 0 0 1 0 1 0 -1 0 0 3623.dat
1 320 240 32 170 0 0 1 0 1 0 -1 0 0 3623.dat
1 320 40 24 180 0 0 1 0 1 0 -1 0 0 3023.dat
1 320 140 16 180 0 0 1 0 1 0 -1 0 0 3023.dat
1 320 140 24 180 0 0 1 0 1 0 -1 0 0 3023.dat
1 72 0 8 200 -1 0 0 0 1 0 0 0 -1 3021.dat
1 72 180 8 200 -1 0 0 0 1 0 0 0 -1 3021.dat
1 0 200 16 200 0 0 1 0 1 0 -1 0 0 32529.dat
1 0 160 16 200 0 0 1 0 1 0 -1 0 0 32529.dat
1 0 20 16 200 0 0 1 0 1 0 -1 0 0 32529.dat
1 0 -20 16 200 0 0 1 0 1 0 -1 0 0 32529.dat
1 0 150 8 250 -1 0 0 0 1 0 0 0 -1 2877.dat
1 0 40 -16 150 -1 0 0 0 1 0 0 0 -1 4592.dat
1 0 40 -16 150 -1 0 0 0 0.92388 -0.382683 0 -0.382683 -0.92388 4593.dat
1 0 140 -16 150 -1 0 0 0 1 0 0 0 -1 4592.dat
1 0 140 -16 150 -1 0 0 0 0.92388 -0.382683 0 -0.382683 -0.92388 4593.dat
1 0 200 -16 150 -1 0 0 0 1 0 0 0 -1 4592.dat
1 0 200 -16 150 -1 0 0 0 0.92388 -0.382683 0 -0.382683 -0.92388 4593.dat
1 71 90 -9 220 -1 0 0 0 0 -1 0 -1 0 32123a.dat
1 19 180 42 200 -1 0 0 0 0 -1 0 -1 0 32556.dat
1 71 180 42 200 0 0 1 -1 0 0 0 -1 0 56902.dat
1 71 0 42 200 0 0 -1 -1 0 0 0 1 0 56902.dat
1 19 0 42 200 -1 0 0 0 0 -1 0 -1 0 32556.dat
0
0 FILE Part 2.ldr
0 Part 2
0 Name: Part 2.ldr
0 Author: LDraw
0 Unofficial Model
0 ROTATION CENTER 0 0 0 1 "Custom" 
0 ROTATION CONFIG 0 0
1 71 -10 16 40 0 0 -1 0 1 0 1 0 0 32525.dat
1 71 -10 16 0 0 0 -1 0 1 0 1 0 0 32525.dat
1 71 -110 -4 0 1 0 0 0 1 0 0 0 1 33299a.dat
1 71 90 -4 0 1 0 0 0 1 0 0 0 1 33299a.dat
1 71 90 -36 20 0 -1 0 1 0 0 0 0 1 32073.dat
1 0 -110 -15 20 0 -1 0 1 0 0 0 0 1 3705.dat
1 0 -110 16 20 0 -1 0 1 0 0 0 0 1 6536.dat
1 0 -130 16 20 0 -1 0 0 0 -1 1 0 0 3706.dat
1 4 -130 16 40 0 -1 0 -1 0 0 0 0 -1 3713.dat
1 4 -130 16 0 0 -1 0 -1 0 0 0 0 -1 3713.dat
1 71 -130 16 75 0 -1 0 -1 0 0 0 0 -1 32123a.dat
1 71 -130 16 -35 0 -1 0 -1 0 0 0 0 -1 32123a.dat
1 71 -130 16 -20 0 -1 0 -1 0 0 0 0 -1 56902.dat
1 71 -130 16 60 0 1 0 -1 0 0 0 0 1 56902.dat
1 14 -110 -9 20 0 -1 0 0 0 -1 1 0 0 32123a.dat
1 14 90 -9 20 0 -1 0 0 0 -1 1 0 0 32123a.dat
1 19 -110 6 0 0 1 0 -1 0 0 0 0 1 3749.dat
1 19 90 6 0 0 1 0 -1 0 0 0 0 1 3749.dat
1 72 100 16 20 -1 0 0 0 0 -1 0 -1 0 2854.dat
0
0 FILE Part 3.ldr
0 Part 3
0 Name: Part 3.ldr
0 Author: LDraw
0 Unofficial Model
0 ROTATION CENTER 0 0 0 1 "Custom" 
0 ROTATION CONFIG 0 0
1 71 10 16 0 1 0 0 0 1 0 0 0 1 43712.dat
1 0 10 24 0 0 0 -1 0 1 0 1 0 0 10247.dat
1 0 10 34 20 0 0 -1 0 1 0 1 0 0 2780.dat
1 72 10 32 -30 0 0 -1 0 1 0 1 0 0 3021.dat
0 
0
0
