0 FILE main.ldr
0 New Model
0 Name: main.ldr
0 Author:  marco
0 Unofficial Model
0 ROTATION CENTER 0 0 0 1 "Custom" 
0 ROTATION CONFIG 0 0
1 7 0 0 0 1 0 0 0 0.97437 0.224951 0 -0.224951 0.97437 back.ldr
1 7 0 0 0 1 0 0 0 0.97437 0.224951 0 -0.224951 0.97437 front.ldr
0
0 FILE back.ldr
0 back
0 Author: LEGO Digital Designer 4.3
0 ROTATION CENTER 0 0 0 1 "Custom" 
0 ROTATION CONFIG 0 0
1 0 0 -82.5 -85.5 0 0 -1 -1 0 0 0 1 0 3738.dat
1 0 -10 -62.5 -109.5 0 0 -1 -1 0 0 0 1 0 3894.dat
1 0 10 -62.5 -109.5 0 0 -1 -1 0 0 0 1 0 3894.dat
1 0 -9.99999 -162.5 -109.5 0 0 -1 -1 0 0 0 1 0 2743.dat
1 0 10 -162.5 -109.5 0 0 -1 -1 0 0 0 1 0 2743.dat
1 4 0 -122.5 -117.5 1 0 0 0 0 -1 0 1 0 3022.dat
1 4 0 -152.5 -117.5 1 0 0 0 0 -1 0 1 0 2412b.dat
1 14 -0.00557605 -12.5 -117.5 1 0 0 0 0 -1 0 1 0 3069b.dat
1 14 -0.00557456 -32.5 -117.5 1 0 0 0 0 -1 0 1 0 3069b.dat
1 0 0 -22 -100 1 0 0 0 1 0 0 0 1 3707.dat
1 7 -50 -22 -100 0 0 -1 0 1 0 1 0 0 3713.dat
1 7 50 -22 -100 0 0 1 0 1 0 -1 0 0 3713.dat
1 14 70 -22.1 -100 0 0 1 1 0 0 0 1 0 3482.dat
1 0 70.0063 -22.1 -100 0 0 -1 -0.923879 0.382684 0 0.382684 0.923879 0 3483.dat
1 14 -70 -22.1 -100 0 0 1 1 0 0 0 1 0 3482.dat
1 0 -69.9938 -22.1 -100 0 0 -1 -0.923879 0.382684 0 0.382684 0.923879 0 3483.dat
1 0 -30 -32 -160 0 0 -1 0 1 0 1 0 0 3702.dat
1 4 -30 -40 -90 -1 0 0 0 1 0 0 0 -1 2420.dat
1 0 -30 -40 -150 1 0 0 0 1 0 0 0 1 2420.dat
1 0 0 -40 -180 1 0 0 0 1 0 0 0 1 3709b.dat
1 0 30 -32 -160 0 0 -1 0 1 0 1 0 0 3702.dat
1 4 30 -40 -90 0 0 1 0 1 0 -1 0 0 2420.dat
1 0 30 -40 -150 0 0 -1 0 1 0 1 0 0 2420.dat
1 4 -30 -48 -110 0 0 -1 0 1 0 1 0 0 3623.dat
1 4 30 -48 -110 0 0 -1 0 1 0 1 0 0 3623.dat
1 0 -30 -72 -100 0 0 -1 0 1 0 1 0 0 3700.dat
1 0 30 -72 -100 0 0 -1 0 1 0 1 0 0 3700.dat
1 4 0 -40 -170 1 0 0 0 1 0 0 0 1 2717.dat
1 7 7.71627e-005 -22.4999 -160 1 0 0 0 1 0 0 0 1 32013.dat
1 0 0 -22 -190 0 0 1 0 1 0 -1 0 0 32062.dat
1 7 1.16536e-005 -22.5 -220 -1 0 0 0 1 0 0 0 -1 32016.dat
1 0 0 -37.3454 -257.147 0 0 1 -0.382684 0.92388 0 -0.92388 -0.382684 0 4519.dat
1 7 0.000105036 -53.1146 -293.91 0 1 0 0.92388 0 -0.382681 -0.382681 0 -0.92388 32013.dat
1 0 -40 -22 -200 1 0 0 0 1 0 0 0 1 2780.dat
1 0 -40 -22 -140 1 0 0 0 1 0 0 0 1 2780.dat
1 0 40 -22 -140 1 0 0 0 1 0 0 0 1 2780.dat
1 0 40 -22 -200 1 0 0 0 1 0 0 0 1 2780.dat
1 0 0 -22 -160 1 0 0 0 1 0 0 0 1 3705.dat
1 7 -15 -22 -160 0 0 -1 0 1 0 1 0 0 4265a.dat
1 7 15 -22 -160 0 0 1 0 1 0 -1 0 0 4265a.dat
1 0 0 -22 -220 1 0 0 0 1 0 0 0 1 3705.dat
1 7 -15 -22 -220 0 0 -1 0 1 0 1 0 0 4265a.dat
1 7 15 -22 -220 0 0 1 0 1 0 -1 0 0 4265a.dat
1 7 50 -22.1 -200 -1 0 0 0 1 0 0 0 -1 32016.dat
1 0 50 -22 -170 0 0 1 0 1 0 -1 0 0 32062.dat
1 8 50 -22.1 -140 1 0 0 0 1 0 0 0 1 32015.dat
1 7 -50 -22.1 -200 -1 0 0 0 1 0 0 0 -1 32016.dat
1 0 -50 -22 -170 0 0 1 0 1 0 -1 0 0 32062.dat
1 0 50.8 -22 -170 0 0 1 0 1 0 -1 0 0 32062.dat
1 0 -49.2 -22 -170 0 0 1 0 1 0 -1 0 0 32062.dat
1 8 -50 -22.1 -140 1 0 0 0 1 0 0 0 1 32015.dat
1 8 0 33.5 -11.8 1 0 0 0 0.913545 0.406737 0 -0.406737 0.913545 flex.ldr
1 8 0 -146.23 -135.151 1 0 0 0 0.406737 -0.913545 0 0.913545 0.406737 flex.ldr
1 0 0 -62 -100 1 0 0 0 1 0 0 0 1 3706.dat
1 7 50 -62 -100 0 0 -1 0 1 0 1 0 0 3647.dat
1 7 -50 -62 -100 0 0 -1 0 1 0 1 0 0 3647.dat
0
0 FILE flex.ldr
0 New Model
0 Name: flex.ldr
0 Author: MLCad
0 Unofficial Model
0 ROTATION CENTER 0 0 0 1 "Custom" 
0 ROTATION CONFIG 0 0
0 MLCAD FLEXHOSE 14 0 0 0 1 0 0 0 1 0 0 0 1  50 -22.5 -140  0 200 0 -50 -22.5 -140 0 200 0 400 LS51.dat LS51.dat 0
0 MLCAD SKIP_BEGIN
1 14 50 -22.5 -140 7.0197e-011 0.000581315 1 0 1 -0.000581315 -1 4.08066e-014 7.0197e-011 LS51.dat
1 14 49.9996 -23.1965 -140 -2.32669e-011 0.00174914 0.999998 0 0.999998 -0.00174914 -1 -4.0697e-014 -2.32669e-011 LS51.dat
1 14 49.9984 -23.8949 -140 1.38734e-011 0.0029256 0.999996 0 0.999996 -0.0029256 -1 4.05881e-014 1.38733e-011 LS51.dat
1 14 49.9963 -24.5951 -140 -9.84653e-012 0.00411082 0.999992 0 0.999992 -0.00411082 -1 -4.04773e-014 -9.84645e-012 LS51.dat
1 14 49.9934 -25.2972 -140 -7.6101e-012 0.00530491 0.999986 0 0.999986 -0.00530491 -1 -4.03708e-014 -7.60999e-012 LS51.dat
1 14 49.9897 -26.0013 -140 6.18645e-012 0.00650797 0.999979 0 0.999979 -0.00650797 -1 4.02612e-014 6.18631e-012 LS51.dat
1 14 49.9851 -26.7072 -140 -5.20136e-012 0.00772012 0.99997 0 0.99997 -0.00772012 -1 -4.01551e-014 -5.2012e-012 LS51.dat
1 14 49.9796 -27.415 -140 8.9569e-012 0.00894148 0.99996 0 0.99996 -0.00894148 -1 8.00879e-014 8.95654e-012 LS51.dat
1 14 49.9733 -28.1247 -140 6.12323e-017 0.0101722 0.999948 0 0.999948 -0.0101722 -1 6.22865e-019 6.12292e-017 LS51.dat
1 14 49.9661 -28.8364 -140 -3.48984e-012 0.0114123 0.999935 0 0.999935 -0.0114123 -1 -3.98271e-014 -3.48961e-012 LS51.dat
1 14 49.9579 -29.5499 -140 3.13689e-012 0.012662 0.99992 0 0.99992 -0.012662 -1 3.97193e-014 3.13663e-012 LS51.dat
1 14 49.9489 -30.2654 -140 6.12323e-017 0.0139214 0.999903 0 0.999903 -0.0139214 -1 8.52441e-019 6.12264e-017 LS51.dat
1 14 49.9389 -30.9828 -140 6.12323e-017 0.0151906 0.999885 0 0.999885 -0.0151906 -1 9.30159e-019 6.12253e-017 LS51.dat
1 14 49.9279 -31.7022 -140 -2.39205e-012 0.0164698 0.999864 0 0.999864 -0.0164698 -1 -3.93967e-014 -2.39172e-012 LS51.dat
1 14 49.9161 -32.4235 -140 -2.21264e-012 0.0177591 0.999842 0 0.999842 -0.0177591 -1 -3.92945e-014 -2.21229e-012 LS51.dat
1 14 49.9032 -33.1468 -140 2.05597e-012 0.0190586 0.999818 0 0.999818 -0.0190586 -1 3.9184e-014 2.0556e-012 LS51.dat
1 14 49.8894 -33.872 -140 6.12323e-017 0.0203685 0.999793 0 0.999793 -0.0203685 -1 1.24721e-018 6.12196e-017 LS51.dat
1 14 49.8746 -34.5991 -140 -1.79697e-012 0.0216889 0.999765 0 0.999765 -0.0216889 -1 -3.89742e-014 -1.79655e-012 LS51.dat
1 14 49.8588 -35.3283 -140 1.68827e-012 0.0230199 0.999735 0 0.999735 -0.0230199 -1 3.88637e-014 1.68782e-012 LS51.dat
1 14 49.8419 -36.0594 -140 -1.59091e-012 0.0243617 0.999703 0 0.999703 -0.0243617 -1 -3.87574e-014 -1.59044e-012 LS51.dat
1 14 49.8241 -36.7925 -140 1.50308e-012 0.0257145 0.999669 0 0.999669 -0.0257145 -1 3.8651e-014 1.50258e-012 LS51.dat
1 14 49.8051 -37.5276 -140 6.12323e-017 0.0270784 0.999633 0 0.999633 -0.0270784 -1 1.65807e-018 6.12099e-017 LS51.dat
1 14 49.7852 -38.2646 -140 1.35098e-012 0.0284535 0.999595 0 0.999595 -0.0284535 -1 3.84401e-014 1.35043e-012 LS51.dat
1 14 49.7641 -39.0037 -140 -1.28449e-012 0.02984 0.999555 0 0.999555 -0.02984 -1 -3.83292e-014 -1.28392e-012 LS51.dat
1 14 49.742 -39.7448 -140 6.12323e-017 0.0312381 0.999512 0 0.999512 -0.0312381 -1 1.91278e-018 6.12025e-017 LS51.dat
1 14 49.7188 -40.4879 -140 6.12323e-017 0.032648 0.999467 0 0.999467 -0.032648 -1 1.99911e-018 6.11997e-017 LS51.dat
1 14 49.6945 -41.2329 -140 -1.11574e-012 0.0340697 0.999419 0 0.999419 -0.0340697 -1 -3.80128e-014 -1.11509e-012 LS51.dat
1 14 49.669 -41.98 -140 1.06787e-012 0.0355035 0.99937 0 0.99937 -0.0355035 -1 3.79133e-014 1.0672e-012 LS51.dat
1 14 49.6424 -42.7292 -140 6.12323e-017 0.0369496 0.999317 0 0.999317 -0.0369496 -1 2.26251e-018 6.11905e-017 LS51.dat
1 14 49.6146 -43.4803 -140 -9.81621e-013 0.0384081 0.999262 0 0.999262 -0.0384081 -1 -3.77022e-014 -9.80897e-013 LS51.dat
1 14 49.5857 -44.2335 -140 9.42863e-013 0.0398793 0.999205 0 0.999205 -0.0398793 -1 3.76007e-014 9.42113e-013 LS51.dat
1 14 49.5555 -44.9887 -140 -9.07014e-013 0.0413632 0.999144 0 0.999144 -0.0413632 -1 -3.7517e-014 -9.06238e-013 LS51.dat
1 14 49.5242 -45.746 -140 8.72474e-013 0.0428601 0.999081 0 0.999081 -0.0428601 -1 3.73943e-014 8.71673e-013 LS51.dat
1 14 49.4916 -46.5053 -140 6.12323e-017 0.0443702 0.999015 0 0.999015 -0.0443702 -1 2.71689e-018 6.1172e-017 LS51.dat
1 14 49.4578 -47.2667 -140 6.12323e-017 0.0458937 0.998946 0 0.998946 -0.0458937 -1 2.81018e-018 6.11678e-017 LS51.dat
1 14 49.4227 -48.0301 -140 7.8188e-013 0.0474308 0.998875 0 0.998875 -0.0474308 -1 3.70852e-014 7.81e-013 LS51.dat
1 14 49.3864 -48.7955 -140 -7.55135e-013 0.0489816 0.9988 0 0.9988 -0.0489816 -1 -3.69878e-014 -7.54229e-013 LS51.dat
1 14 49.3487 -49.5631 -140 6.12323e-017 0.0505465 0.998722 0 0.998722 -0.0505465 -1 3.09508e-018 6.11541e-017 LS51.dat
1 14 49.3098 -50.3327 -140 6.12323e-017 0.0521256 0.998641 0 0.998641 -0.0521256 -1 3.19177e-018 6.11491e-017 LS51.dat
1 14 49.2695 -51.1044 -140 -6.83193e-013 0.0537191 0.998556 0 0.998556 -0.0537191 -1 -3.67005e-014 -6.82206e-013 LS51.dat
1 14 49.2279 -51.8781 -140 6.61088e-013 0.0553273 0.998468 0 0.998468 -0.0553273 -1 3.65762e-014 6.60075e-013 LS51.dat
1 14 49.1849 -52.6539 -140 6.12323e-017 0.0569504 0.998377 0 0.998377 -0.0569504 -1 3.48721e-018 6.1133e-017 LS51.dat
1 14 49.1405 -53.4318 -140 -6.2102e-013 0.0585886 0.998282 0 0.998282 -0.0585886 -1 -3.63847e-014 -6.19954e-013 LS51.dat
1 14 49.0947 -54.2118 -140 1.20421e-012 0.0602422 0.998184 0 0.998184 -0.0602422 -1 7.25442e-014 1.20202e-012 LS51.dat
1 14 49.0475 -54.9939 -140 -1.16903e-012 0.0619114 0.998082 0 0.998082 -0.0619114 -1 -7.23761e-014 -1.16678e-012 LS51.dat
1 14 48.9989 -55.7781 -140 5.67163e-013 0.0635965 0.997976 0 0.997976 -0.0635965 -1 3.60696e-014 5.66015e-013 LS51.dat
1 14 48.9488 -56.5644 -140 6.12323e-017 0.0652977 0.997866 0 0.997866 -0.0652977 -1 3.99833e-018 6.11017e-017 LS51.dat
1 14 48.8972 -57.3527 -140 5.35411e-013 0.0670153 0.997752 0 0.997752 -0.0670153 -1 3.58807e-014 5.34207e-013 LS51.dat
1 14 48.8441 -58.1432 -140 -1.04113e-012 0.0687496 0.997634 0 0.997634 -0.0687496 -1 -7.15772e-014 -1.03867e-012 LS51.dat
1 14 48.7895 -58.9357 -140 5.06101e-013 0.0705008 0.997512 0 0.997512 -0.0705008 -1 3.56805e-014 5.04842e-013 LS51.dat
1 14 48.7333 -59.7304 -140 -4.92235e-013 0.0722692 0.997385 0 0.997385 -0.0722692 -1 -3.55734e-014 -4.90947e-013 LS51.dat
1 14 48.6756 -60.5272 -140 6.12323e-017 0.0740552 0.997254 0 0.997254 -0.0740552 -1 4.53457e-018 6.10642e-017 LS51.dat
1 14 48.6162 -61.326 -140 4.66355e-013 0.0758589 0.997119 0 0.997119 -0.0758589 -1 3.53772e-014 4.65011e-013 LS51.dat
1 14 48.5553 -62.127 -140 4.54142e-013 0.0776807 0.996978 0 0.996978 -0.0776807 -1 3.52781e-014 4.5277e-013 LS51.dat
1 14 48.4927 -62.9301 -140 6.12323e-017 0.079521 0.996833 0 0.996833 -0.079521 -1 4.86926e-018 6.10384e-017 LS51.dat
1 14 48.4285 -63.7353 -140 -8.62605e-013 0.08138 0.996683 0 0.996683 -0.08138 -1 -7.01988e-014 -8.59744e-013 LS51.dat
1 14 48.3626 -64.5426 -140 4.20392e-013 0.0832581 0.996528 0 0.996528 -0.0832581 -1 3.5001e-014 4.18932e-013 LS51.dat
1 14 48.295 -65.352 -140 -4.09634e-013 0.0851555 0.996368 0 0.996368 -0.0851555 -1 -3.48826e-014 -4.08146e-013 LS51.dat
1 14 48.2256 -66.1635 -140 6.12323e-017 0.0870727 0.996202 0 0.996202 -0.0870727 -1 5.33166e-018 6.09998e-017 LS51.dat
1 14 48.1545 -66.9771 -140 6.12323e-017 0.0890099 0.996031 0 0.996031 -0.0890099 -1 5.45029e-018 6.09893e-017 LS51.dat
1 14 48.0816 -67.7928 -140 7.61008e-013 0.0909676 0.995854 0 0.995854 -0.0909676 -1 6.92271e-014 7.57853e-013 LS51.dat
1 14 48.0069 -68.6106 -140 -3.71442e-013 0.0929462 0.995671 0 0.995671 -0.0929462 -1 -3.45241e-014 -3.69834e-013 LS51.dat
1 14 47.9304 -69.4305 -140 3.62438e-013 0.0949458 0.995482 0 0.995482 -0.0949458 -1 3.4412e-014 3.60801e-013 LS51.dat
1 14 47.852 -70.2525 -140 -3.53679e-013 0.0969671 0.995288 0 0.995288 -0.0969671 -1 -3.42952e-014 -3.52012e-013 LS51.dat
1 14 47.7717 -71.0766 -140 -3.45685e-013 0.0990103 0.995086 0 0.995086 -0.0990103 -1 -3.42264e-014 -3.43987e-013 LS51.dat
1 14 47.6895 -71.9028 -140 6.75521e-013 0.101076 0.994879 0 0.994879 -0.101076 -1 6.82789e-014 6.72061e-013 LS51.dat
1 14 47.6053 -72.7311 -140 6.12323e-017 0.103164 0.994664 0 0.994664 -0.103164 -1 6.31699e-018 6.09056e-017 LS51.dat
1 14 47.5192 -73.5614 -140 6.12323e-017 0.105276 0.994443 0 0.994443 -0.105276 -1 6.44629e-018 6.08921e-017 LS51.dat
1 14 47.4311 -74.3939 -140 -3.15487e-013 0.107411 0.994215 0 0.994215 -0.107411 -1 -3.38868e-014 -3.13662e-013 LS51.dat
1 14 47.3409 -75.2284 -140 6.12323e-017 0.109571 0.993979 0 0.993979 -0.109571 -1 6.70926e-018 6.08637e-017 LS51.dat
1 14 47.2487 -76.0649 -140 6.12323e-017 0.111754 0.993736 0 0.993736 -0.111754 -1 6.84298e-018 6.08488e-017 LS51.dat
1 14 47.1544 -76.9036 -140 6.12323e-017 0.113963 0.993485 0 0.993485 -0.113963 -1 6.97824e-018 6.08334e-017 LS51.dat
1 14 47.0579 -77.7443 -140 -2.87954e-013 0.116198 0.993226 0 0.993226 -0.116198 -1 -3.34596e-014 -2.86003e-013 LS51.dat
1 14 46.9594 -78.587 -140 6.12323e-017 0.118458 0.992959 0 0.992959 -0.118458 -1 7.25348e-018 6.08012e-017 LS51.dat
1 14 46.8586 -79.4317 -140 5.51842e-013 0.120745 0.992684 0 0.992684 -0.120745 -1 6.66324e-014 5.47805e-013 LS51.dat
1 14 46.7556 -80.2785 -140 -5.40196e-013 0.123059 0.992399 0 0.992399 -0.123059 -1 -6.64762e-014 -5.3609e-013 LS51.dat
1 14 46.6503 -81.1273 -140 2.64294e-013 0.125401 0.992106 0 0.992106 -0.125401 -1 3.31428e-014 2.62208e-013 LS51.dat
1 14 46.5428 -81.9782 -140 -2.58644e-013 0.127771 0.991804 0 0.991804 -0.127771 -1 -3.30472e-014 -2.56524e-013 LS51.dat
1 14 46.4329 -82.831 -140 5.06545e-013 0.13017 0.991492 0 0.991492 -0.13017 -1 6.59367e-014 5.02235e-013 LS51.dat
1 14 46.3207 -83.6858 -140 -2.47985e-013 0.132597 0.99117 0 0.99117 -0.132597 -1 -3.28823e-014 -2.45796e-013 LS51.dat
1 14 46.2061 -84.5425 -140 6.12323e-017 0.135055 0.990838 0 0.990838 -0.135055 -1 8.26975e-018 6.06713e-017 LS51.dat
1 14 46.089 -85.4013 -140 2.37871e-013 0.137544 0.990496 0 0.990496 -0.137544 -1 3.27177e-014 2.3561e-013 LS51.dat
1 14 45.9695 -86.2619 -140 -2.32886e-013 0.140063 0.990143 0 0.990143 -0.140063 -1 -3.26188e-014 -2.30591e-013 LS51.dat
1 14 45.8475 -87.1245 -140 6.12323e-017 0.142615 0.989778 0 0.989778 -0.142615 -1 8.73263e-018 6.06064e-017 LS51.dat
1 14 45.7229 -87.989 -140 2.23438e-013 0.145199 0.989403 0 0.989403 -0.145199 -1 3.24429e-014 2.2107e-013 LS51.dat
1 14 45.5958 -88.8554 -140 -2.18676e-013 0.147816 0.989015 0 0.989015 -0.147816 -1 -3.23237e-014 -2.16273e-013 LS51.dat
1 14 45.466 -89.7237 -140 2.14556e-013 0.150467 0.988615 0 0.988615 -0.150467 -1 3.22836e-014 2.12114e-013 LS51.dat
1 14 45.3336 -90.5938 -140 -2.10682e-013 0.153153 0.988203 0 0.988203 -0.153153 -1 -3.22665e-014 -2.08196e-013 LS51.dat
1 14 45.1984 -91.4658 -140 4.12176e-013 0.155874 0.987777 0 0.987777 -0.155874 -1 6.42474e-014 4.07138e-013 LS51.dat
1 14 45.0606 -92.3395 -140 -4.04305e-013 0.158631 0.987338 0 0.987338 -0.158631 -1 -6.41353e-014 -3.99186e-013 LS51.dat
1 14 44.9199 -93.2151 -140 -1.98247e-013 0.161426 0.986885 0 0.986885 -0.161426 -1 -3.20022e-014 -1.95647e-013 LS51.dat
1 14 44.7764 -94.0924 -140 3.88417e-013 0.164258 0.986417 0 0.986417 -0.164258 -1 6.38006e-014 3.83142e-013 LS51.dat
1 14 44.63 -94.9715 -140 -1.90254e-013 0.167129 0.985935 0 0.985935 -0.167129 -1 -3.17969e-014 -1.87578e-013 LS51.dat
1 14 44.4807 -95.8522 -140 1.86579e-013 0.170039 0.985437 0 0.985437 -0.170039 -1 3.17257e-014 1.83862e-013 LS51.dat
1 14 44.3284 -96.7347 -140 6.12323e-017 0.17299 0.984923 0 0.984923 -0.17299 -1 1.05926e-017 6.03092e-017 LS51.dat
1 14 44.1731 -97.6188 -140 6.12323e-017 0.175983 0.984393 0 0.984393 -0.175983 -1 1.07759e-017 6.02767e-017 LS51.dat
1 14 44.0148 -98.5045 -140 -1.76043e-013 0.179018 0.983846 0 0.983846 -0.179018 -1 -3.15149e-014 -1.73199e-013 LS51.dat
1 14 43.8533 -99.3919 -140 -1.7249e-013 0.182096 0.983281 0 0.983281 -0.182096 -1 -3.14098e-014 -1.69606e-013 LS51.dat
1 14 43.6887 -100.281 -140 6.12323e-017 0.185219 0.982697 0 0.982697 -0.185219 -1 1.13414e-017 6.01729e-017 LS51.dat
1 14 43.5209 -101.171 -140 1.66151e-013 0.188387 0.982095 0 0.982095 -0.188387 -1 3.13007e-014 1.63176e-013 LS51.dat
1 14 43.3498 -102.063 -140 1.63042e-013 0.191602 0.981473 0 0.981473 -0.191602 -1 3.12392e-014 1.60021e-013 LS51.dat
1 14 43.1754 -102.956 -140 -1.60056e-013 0.194865 0.98083 0 0.98083 -0.194865 -1 -3.11892e-014 -1.56988e-013 LS51.dat
1 14 42.9977 -103.851 -140 1.56825e-013 0.198176 0.980166 0 0.980166 -0.198176 -1 3.10789e-014 1.53714e-013 LS51.dat
1 14 42.8165 -104.747 -140 -1.53839e-013 0.201538 0.979481 0 0.979481 -0.201538 -1 -3.10043e-014 -1.50682e-013 LS51.dat
1 14 42.6319 -105.644 -140 3.02042e-013 0.204951 0.978772 0 0.978772 -0.204951 -1 6.19037e-014 2.9563e-013 LS51.dat
1 14 42.4437 -106.543 -140 -2.96835e-013 0.208416 0.97804 0 0.97804 -0.208416 -1 -6.18653e-014 -2.90317e-013 LS51.dat
1 14 42.252 -107.443 -140 -1.45845e-013 0.211936 0.977284 0 0.977284 -0.211936 -1 -3.09098e-014 -1.42532e-013 LS51.dat
1 14 42.0566 -108.344 -140 2.85611e-013 0.215511 0.976501 0 0.976501 -0.215511 -1 6.15521e-014 2.78899e-013 LS51.dat
1 14 41.8575 -109.246 -140 6.12323e-017 0.219142 0.975693 0 0.975693 -0.219142 -1 1.34186e-017 5.9744e-017 LS51.dat
1 14 41.6547 -110.149 -140 -1.37851e-013 0.222832 0.974857 0 0.974857 -0.222832 -1 -3.07177e-014 -1.34385e-013 LS51.dat
1 14 41.4481 -111.053 -140 1.35064e-013 0.226582 0.973992 0 0.973992 -0.226582 -1 3.06031e-014 1.31552e-013 LS51.dat
1 14 41.2375 -111.958 -140 -2.64861e-013 0.230393 0.973098 0 0.973098 -0.230393 -1 -6.1022e-014 -2.57736e-013 LS51.dat
1 14 41.0231 -112.864 -140 6.12323e-017 0.234267 0.972172 0 0.972172 -0.234267 -1 1.43447e-017 5.95284e-017 LS51.dat
1 14 40.8046 -113.77 -140 3.83088e-013 0.238205 0.971215 0 0.971215 -0.238205 -1 9.12536e-014 3.72061e-013 LS51.dat
1 14 40.5821 -114.677 -140 -2.5065e-013 0.24221 0.970224 0 0.970224 -0.24221 -1 -6.071e-014 -2.43187e-013 LS51.dat
1 14 40.3555 -115.585 -140 -1.22752e-013 0.246283 0.969198 0 0.969198 -0.246283 -1 -3.02318e-014 -1.18971e-013 LS51.dat
1 14 40.1246 -116.494 -140 2.41868e-013 0.250426 0.968136 0 0.968136 -0.250426 -1 6.05701e-014 2.34161e-013 LS51.dat
1 14 39.8896 -117.402 -140 -1.192e-013 0.254641 0.967036 0 0.967036 -0.254641 -1 -3.03532e-014 -1.1527e-013 LS51.dat
1 14 39.6501 -118.312 -140 6.12323e-017 0.25893 0.965896 0 0.965896 -0.25893 -1 1.58549e-017 5.91441e-017 LS51.dat
1 14 39.4063 -119.221 -140 -1.14759e-013 0.263296 0.964715 0 0.964715 -0.263296 -1 -3.02155e-014 -1.10709e-013 LS51.dat
1 14 39.1581 -120.131 -140 1.12416e-013 0.267739 0.963492 0 0.963492 -0.267739 -1 3.00981e-014 1.08312e-013 LS51.dat
1 14 38.9053 -121.041 -140 1.10417e-013 0.272262 0.962223 0 0.962223 -0.272262 -1 3.00625e-014 1.06246e-013 LS51.dat
1 14 38.6478 -121.95 -140 -2.16899e-013 0.276869 0.960908 0 0.960908 -0.276869 -1 -6.00526e-014 -2.0842e-013 LS51.dat
1 14 38.3858 -122.86 -140 2.13002e-013 0.28156 0.959544 0 0.959544 -0.28156 -1 5.99729e-014 2.04385e-013 LS51.dat
1 14 38.1189 -123.769 -140 6.12323e-017 0.286339 0.958128 0 0.958128 -0.286339 -1 1.75332e-017 5.86684e-017 LS51.dat
1 14 37.8473 -124.678 -140 -3.08382e-013 0.291208 0.95666 0 0.95666 -0.291208 -1 -8.98032e-014 -2.95016e-013 LS51.dat
1 14 37.5708 -125.587 -140 2.019e-013 0.29617 0.955135 0 0.955135 -0.29617 -1 5.97966e-014 1.92842e-013 LS51.dat
1 14 37.2893 -126.494 -140 6.12323e-017 0.301227 0.953553 0 0.953553 -0.301227 -1 1.84448e-017 5.83883e-017 LS51.dat
1 14 37.0027 -127.402 -140 6.12323e-017 0.306382 0.951909 0 0.951909 -0.306382 -1 1.87605e-017 5.82876e-017 LS51.dat
1 14 36.711 -128.308 -140 6.12323e-017 0.311639 0.950201 0 0.950201 -0.311639 -1 1.90824e-017 5.8183e-017 LS51.dat
1 14 36.4142 -129.213 -140 -9.43306e-014 0.317 0.948426 0 0.948426 -0.317 -1 -2.99028e-014 -8.94656e-014 LS51.dat
1 14 36.112 -130.117 -140 6.12323e-017 0.322468 0.94658 0 0.94658 -0.322468 -1 1.97455e-017 5.79613e-017 LS51.dat
1 14 35.8046 -131.019 -140 6.12323e-017 0.328047 0.944661 0 0.944661 -0.328047 -1 2.00871e-017 5.78438e-017 LS51.dat
1 14 35.4916 -131.921 -140 8.93232e-014 0.33374 0.942665 0 0.942665 -0.33374 -1 2.98107e-014 8.42018e-014 LS51.dat
1 14 35.1732 -132.82 -140 6.12323e-017 0.339551 0.940588 0 0.940588 -0.339551 -1 2.07915e-017 5.75944e-017 LS51.dat
1 14 34.8492 -133.717 -140 -8.6337e-014 0.345483 0.938425 0 0.938425 -0.345483 -1 -2.98279e-014 -8.10208e-014 LS51.dat
1 14 34.5195 -134.613 -140 8.46602e-014 0.351539 0.936173 0 0.936173 -0.351539 -1 2.97614e-014 7.92566e-014 LS51.dat
1 14 34.1841 -135.506 -140 1.66595e-013 0.357725 0.933827 0 0.933827 -0.357725 -1 5.95951e-014 1.55571e-013 LS51.dat
1 14 33.8428 -136.397 -140 -8.18961e-014 0.364043 0.931382 0 0.931382 -0.364043 -1 -2.98137e-014 -7.62766e-014 LS51.dat
1 14 33.4957 -137.285 -140 6.12323e-017 0.370498 0.928833 0 0.928833 -0.370498 -1 2.26865e-017 5.68746e-017 LS51.dat
1 14 33.1425 -138.171 -140 -7.92316e-014 0.377095 0.926175 0 0.926175 -0.377095 -1 -2.98778e-014 -7.33823e-014 LS51.dat
1 14 32.7834 -139.053 -140 6.12323e-017 0.383837 0.923401 0 0.923401 -0.383837 -1 2.35032e-017 5.6542e-017 LS51.dat
1 14 32.418 -139.932 -140 6.12323e-017 0.390729 0.920506 0 0.920506 -0.390729 -1 2.39252e-017 5.63647e-017 LS51.dat
1 14 32.0465 -140.807 -140 -7.47907e-014 0.397776 0.917483 0 0.917483 -0.397776 -1 -2.97499e-014 -6.86192e-014 LS51.dat
1 14 31.6686 -141.678 -140 6.12323e-017 0.404982 0.914325 0 0.914325 -0.404982 -1 2.4798e-017 5.59862e-017 LS51.dat
1 14 31.2844 -142.546 -140 7.26698e-014 0.412353 0.911024 0 0.911024 -0.412353 -1 2.99656e-014 6.6204e-014 LS51.dat
1 14 30.8937 -143.409 -140 6.12323e-017 0.419893 0.907574 0 0.907574 -0.419893 -1 2.5711e-017 5.55729e-017 LS51.dat
1 14 30.4966 -144.268 -140 7.04494e-014 0.427608 0.903964 0 0.903964 -0.427608 -1 3.01247e-014 6.36837e-014 LS51.dat
1 14 30.0928 -145.121 -140 -6.94616e-014 0.435503 0.900187 0 0.900187 -0.435503 -1 -3.02508e-014 -6.25284e-014 LS51.dat
1 14 29.6824 -145.969 -140 6.82289e-014 0.443584 0.896233 0 0.896233 -0.443584 -1 3.02653e-014 6.1149e-014 LS51.dat
1 14 29.2652 -146.812 -140 -6.76853e-014 0.451856 0.892091 0 0.892091 -0.451856 -1 -3.0584e-014 -6.03814e-014 LS51.dat
1 14 28.8413 -147.649 -140 -6.59089e-014 0.460324 0.887751 0 0.887751 -0.460324 -1 -3.03394e-014 -5.85107e-014 LS51.dat
1 14 28.4105 -148.48 -140 1.29957e-013 0.468994 0.883201 0 0.883201 -0.468994 -1 6.09492e-014 1.14778e-013 LS51.dat
1 14 27.9727 -149.304 -140 -1.28081e-013 0.477872 0.878429 0 0.878429 -0.477872 -1 -6.12066e-014 -1.1251e-013 LS51.dat
1 14 27.528 -150.122 -140 6.12323e-017 0.486964 0.873422 0 0.873422 -0.486964 -1 2.9818e-017 5.34817e-017 LS51.dat
1 14 27.0763 -150.932 -140 6.20117e-014 0.496275 0.868165 0 0.868165 -0.496275 -1 3.07749e-014 5.38364e-014 LS51.dat
1 14 26.6175 -151.735 -140 6.09015e-014 0.505811 0.862644 0 0.862644 -0.505811 -1 3.08046e-014 5.25363e-014 LS51.dat
1 14 26.1516 -152.529 -140 -6.05798e-014 0.515578 0.856843 0 0.856843 -0.515578 -1 -3.12336e-014 -5.19074e-014 LS51.dat
1 14 25.6785 -153.316 -140 6.12323e-017 0.52558 0.850744 0 0.850744 -0.52558 -1 3.21825e-017 5.20931e-017 LS51.dat
1 14 25.1982 -154.093 -140 5.82369e-014 0.535823 0.84433 0 0.84433 -0.535823 -1 3.12047e-014 4.91712e-014 LS51.dat
1 14 24.7107 -154.861 -140 -5.70271e-014 0.546313 0.837581 0 0.837581 -0.546313 -1 -3.11546e-014 -4.77648e-014 LS51.dat
1 14 24.2159 -155.62 -140 6.12323e-017 0.557053 0.830477 0 0.830477 -0.557053 -1 3.41096e-017 5.08521e-017 LS51.dat
1 14 23.7138 -156.368 -140 -1.12094e-013 0.568047 0.822996 0 0.822996 -0.568047 -1 -6.36748e-014 -9.22531e-014 LS51.dat
1 14 23.2044 -157.106 -140 1.6504e-013 0.5793 0.815115 0 0.815115 -0.5793 -1 9.56079e-014 1.34527e-013 LS51.dat
1 14 22.6878 -157.833 -140 -5.43626e-014 0.590814 0.806808 0 0.806808 -0.590814 -1 -3.21182e-014 -4.38602e-014 LS51.dat
1 14 22.1638 -158.549 -140 6.12323e-017 0.602591 0.79805 0 0.79805 -0.602591 -1 3.6898e-017 4.88665e-017 LS51.dat
1 14 21.6325 -159.252 -140 5.26858e-014 0.614632 0.788814 0 0.788814 -0.614632 -1 3.23824e-014 4.15593e-014 LS51.dat
1 14 21.094 -159.944 -140 6.12323e-017 0.626937 0.77907 0 0.77907 -0.626937 -1 3.83888e-017 4.77043e-017 LS51.dat
1 14 20.5482 -160.622 -140 6.12323e-017 0.639505 0.768787 0 0.768787 -0.639505 -1 3.91584e-017 4.70746e-017 LS51.dat
1 14 19.9952 -161.287 -140 -1.01436e-013 0.652333 0.757932 0 0.757932 -0.652333 -1 -6.61701e-014 -7.68817e-014 LS51.dat
1 14 19.435 -161.937 -140 1.00203e-013 0.665416 0.746473 0 0.746473 -0.665416 -1 6.66769e-014 7.47991e-014 LS51.dat
1 14 18.8677 -162.574 -140 -4.99217e-014 0.678746 0.734373 0 0.734373 -0.678746 -1 -3.38842e-014 -3.66611e-014 LS51.dat
1 14 18.2934 -163.195 -140 6.12323e-017 0.692315 0.721595 0 0.721595 -0.692315 -1 4.23921e-017 4.4185e-017 LS51.dat
1 14 17.7121 -163.801 -140 6.12323e-017 0.706111 0.708102 0 0.708102 -0.706111 -1 4.32368e-017 4.33587e-017 LS51.dat
1 14 17.1238 -164.391 -140 -4.81453e-014 0.720117 0.693853 0 0.693853 -0.720117 -1 -3.46703e-014 -3.34058e-014 LS51.dat
1 14 16.5289 -164.964 -140 4.71347e-014 0.734316 0.678808 0 0.678808 -0.734316 -1 3.46118e-014 3.19954e-014 LS51.dat
1 14 15.9272 -165.52 -140 9.3542e-014 0.748685 0.662926 0 0.662926 -0.748685 -1 7.00335e-014 6.20114e-014 LS51.dat
1 14 15.319 -166.059 -140 -9.25543e-014 0.763197 0.646166 0 0.646166 -0.763197 -1 -7.06371e-014 -5.98054e-014 LS51.dat
1 14 14.7043 -166.579 -140 6.12323e-017 0.77782 0.628487 0 0.628487 -0.77782 -1 4.76278e-017 3.84837e-017 LS51.dat
1 14 14.0834 -167.081 -140 -4.54808e-014 0.792519 0.609848 0 0.609848 -0.792519 -1 -3.60444e-014 -2.77364e-014 LS51.dat
1 14 13.4564 -167.564 -140 1.3462e-013 0.80725 0.59021 0 0.59021 -0.80725 -1 1.08672e-013 7.94542e-014 LS51.dat
1 14 12.8235 -168.026 -140 -8.90015e-014 0.821967 0.569536 0 0.569536 -0.821967 -1 -7.31563e-014 -5.06895e-014 LS51.dat
1 14 12.1848 -168.469 -140 4.40261e-014 0.836615 0.547792 0 0.547792 -0.836615 -1 3.68329e-014 2.41171e-014 LS51.dat
1 14 11.5406 -168.891 -140 6.12323e-017 0.851134 0.524948 0 0.524948 -0.851134 -1 5.21169e-017 3.21438e-017 LS51.dat
1 14 10.8911 -169.291 -140 -8.72252e-014 0.865459 0.50098 0 0.50098 -0.865459 -1 -7.54898e-014 -4.36981e-014 LS51.dat
1 14 10.2365 -169.67 -140 4.31379e-014 0.879516 0.475869 0 0.475869 -0.879516 -1 3.79405e-014 2.0528e-014 LS51.dat
1 14 9.57709 -170.027 -140 -4.28163e-014 0.893228 0.449604 0 0.449604 -0.893228 -1 -3.82447e-014 -1.92504e-014 LS51.dat
1 14 8.91306 -170.361 -140 4.24718e-014 0.906511 0.422183 0 0.422183 -0.906511 -1 3.85011e-014 1.79309e-014 LS51.dat
1 14 8.24472 -170.673 -140 4.22497e-014 0.919276 0.393614 0 0.393614 -0.919276 -1 3.88391e-014 1.66301e-014 LS51.dat
1 14 7.57234 -170.96 -140 6.12323e-017 0.931432 0.363915 0 0.363915 -0.931432 -1 5.70338e-017 2.22834e-017 LS51.dat
1 14 6.89621 -171.225 -140 -4.19281e-014 0.942885 0.333119 0 0.333119 -0.942885 -1 -3.95334e-014 -1.3967e-014 LS51.dat
1 14 6.21664 -171.465 -140 -4.19281e-014 0.953539 0.30127 0 0.30127 -0.953539 -1 -3.99801e-014 -1.26317e-014 LS51.dat
1 14 5.53395 -171.68 -140 6.12323e-017 0.9633 0.268428 0 0.268428 -0.9633 -1 5.89851e-017 1.64365e-017 LS51.dat
1 14 4.84844 -171.871 -140 4.13615e-014 0.972076 0.234666 0 0.234666 -0.972076 -1 4.02066e-014 9.70615e-015 LS51.dat
1 14 4.16047 -172.037 -140 6.12323e-017 0.979781 0.200071 0 0.200071 -0.979781 -1 5.99943e-017 1.22508e-017 LS51.dat
1 14 3.47035 -172.178 -140 4.11395e-014 0.986336 0.164744 0 0.164744 -0.986336 -1 4.05774e-014 6.77748e-015 LS51.dat
1 14 2.77844 -172.294 -140 -4.10399e-014 0.991671 0.128799 0 0.128799 -0.991671 -1 -4.06981e-014 -5.28588e-015 LS51.dat
1 14 2.0851 -172.384 -140 -4.10399e-014 0.995726 0.0923598 0 0.0923598 -0.995726 -1 -4.08645e-014 -3.79044e-015 LS51.dat
1 14 1.39067 -172.448 -140 4.09174e-014 0.998455 0.0555616 0 0.0555616 -0.998455 -1 4.08542e-014 2.27344e-015 LS51.dat
1 14 0.695517 -172.487 -140 6.12323e-017 0.999828 0.018545 0 0.018545 -0.999828 -1 6.12218e-017 1.13555e-018 LS51.dat
1 14 1.5099e-014 -172.5 -140 6.12323e-017 0.999828 -0.018545 0 -0.018545 -0.999828 -1 6.12218e-017 -1.13555e-018 LS51.dat
1 14 -0.695517 -172.487 -140 6.12323e-017 0.998455 -0.0555616 0 -0.0555616 -0.998455 -1 6.11378e-017 -3.40217e-018 LS51.dat
1 14 -1.39067 -172.448 -140 6.12323e-017 0.995726 -0.0923598 0 -0.0923598 -0.995726 -1 6.09706e-017 -5.65541e-018 LS51.dat
1 14 -2.0851 -172.384 -140 6.12323e-017 0.991671 -0.128799 0 -0.128799 -0.991671 -1 6.07223e-017 -7.88664e-018 LS51.dat
1 14 -2.77844 -172.294 -140 6.12323e-017 0.986336 -0.164744 0 -0.164744 -0.986336 -1 6.03957e-017 -1.00877e-017 LS51.dat
1 14 -3.47035 -172.178 -140 6.12323e-017 0.979781 -0.200071 0 -0.200071 -0.979781 -1 5.99943e-017 -1.22508e-017 LS51.dat
1 14 -4.16047 -172.037 -140 6.12323e-017 0.972076 -0.234666 0 -0.234666 -0.972076 -1 5.95225e-017 -1.43692e-017 LS51.dat
1 14 -4.84844 -171.871 -140 -4.10399e-014 0.9633 -0.268428 0 -0.268428 -0.9633 -1 -3.95337e-014 1.10163e-014 LS51.dat
1 14 -5.53395 -171.68 -140 4.15836e-014 0.953539 -0.30127 0 -0.30127 -0.953539 -1 3.96515e-014 -1.25279e-014 LS51.dat
1 14 -6.21664 -171.465 -140 6.12323e-017 0.942885 -0.333119 0 -0.333119 -0.942885 -1 5.7735e-017 -2.03976e-017 LS51.dat
1 14 -6.89621 -171.225 -140 6.12323e-017 0.931432 -0.363915 0 -0.363915 -0.931432 -1 5.70338e-017 -2.22834e-017 LS51.dat
1 14 -7.57234 -170.96 -140 6.12323e-017 0.919276 -0.393614 0 -0.393614 -0.919276 -1 5.62894e-017 -2.41019e-017 LS51.dat
1 14 -8.24472 -170.673 -140 4.24718e-014 0.906511 -0.422183 0 -0.422183 -0.906511 -1 3.85011e-014 -1.79309e-014 LS51.dat
1 14 -8.91306 -170.361 -140 -4.28163e-014 0.893228 -0.449604 0 -0.449604 -0.893228 -1 -3.82447e-014 1.92504e-014 LS51.dat
1 14 -9.57709 -170.027 -140 6.12323e-017 0.879516 -0.475869 0 -0.475869 -0.879516 -1 5.38548e-017 -2.91386e-017 LS51.dat
1 14 -10.2365 -169.67 -140 6.12323e-017 0.865459 -0.50098 0 -0.50098 -0.865459 -1 5.29941e-017 -3.06762e-017 LS51.dat
1 14 -10.8911 -169.291 -140 6.12323e-017 0.851134 -0.524948 0 -0.524948 -0.851134 -1 5.21169e-017 -3.21438e-017 LS51.dat
1 14 -11.5406 -168.891 -140 6.12323e-017 0.836615 -0.547792 0 -0.547792 -0.836615 -1 5.12279e-017 -3.35426e-017 LS51.dat
1 14 -12.1848 -168.469 -140 6.12323e-017 0.821967 -0.569536 0 -0.569536 -0.821967 -1 5.03309e-017 -3.4874e-017 LS51.dat
1 14 -12.8235 -168.026 -140 6.12323e-017 0.80725 -0.59021 0 -0.59021 -0.80725 -1 4.94298e-017 -3.61399e-017 LS51.dat
1 14 -13.4564 -167.564 -140 6.12323e-017 0.792519 -0.609848 0 -0.609848 -0.792519 -1 4.85278e-017 -3.73424e-017 LS51.dat
1 14 -14.0834 -167.081 -140 6.12323e-017 0.77782 -0.628487 0 -0.628487 -0.77782 -1 4.76278e-017 -3.84837e-017 LS51.dat
1 14 -14.7043 -166.579 -140 6.12323e-017 0.763197 -0.646166 0 -0.646166 -0.763197 -1 4.67323e-017 -3.95663e-017 LS51.dat
1 14 -15.319 -166.059 -140 6.12323e-017 0.748685 -0.662926 0 -0.662926 -0.748685 -1 4.58437e-017 -4.05925e-017 LS51.dat
1 14 -15.9272 -165.52 -140 6.12323e-017 0.734316 -0.678808 0 -0.678808 -0.734316 -1 4.49639e-017 -4.1565e-017 LS51.dat
1 14 -16.5289 -164.964 -140 6.12323e-017 0.720117 -0.693853 0 -0.693853 -0.720117 -1 4.40945e-017 -4.24862e-017 LS51.dat
1 14 -17.1238 -164.391 -140 6.12323e-017 0.706111 -0.708102 0 -0.708102 -0.706111 -1 4.32368e-017 -4.33587e-017 LS51.dat
1 14 -17.7121 -163.801 -140 6.12323e-017 0.692315 -0.721595 0 -0.721595 -0.692315 -1 4.23921e-017 -4.4185e-017 LS51.dat
1 14 -18.2934 -163.195 -140 6.12323e-017 0.678746 -0.734373 0 -0.734373 -0.678746 -1 4.15612e-017 -4.49674e-017 LS51.dat
1 14 -18.8677 -162.574 -140 6.12323e-017 0.665416 -0.746473 0 -0.746473 -0.665416 -1 4.0745e-017 -4.57083e-017 LS51.dat
1 14 -19.435 -161.937 -140 6.12323e-017 0.652333 -0.757932 0 -0.757932 -0.652333 -1 3.99439e-017 -4.641e-017 LS51.dat
1 14 -19.9952 -161.287 -140 5.13535e-014 0.639505 -0.768787 0 -0.768787 -0.639505 -1 3.28409e-014 -3.94799e-014 LS51.dat
1 14 -20.5482 -160.622 -140 -5.1698e-014 0.626937 -0.77907 0 -0.77907 -0.626937 -1 -3.24114e-014 4.02764e-014 LS51.dat
1 14 -21.094 -159.944 -140 6.12323e-017 0.614632 -0.788814 0 -0.788814 -0.614632 -1 3.76353e-017 -4.83009e-017 LS51.dat
1 14 -21.6325 -159.252 -140 6.12323e-017 0.602591 -0.79805 0 -0.79805 -0.602591 -1 3.6898e-017 -4.88665e-017 LS51.dat
1 14 -22.1638 -158.549 -140 6.12323e-017 0.590814 -0.806808 0 -0.806808 -0.590814 -1 3.61769e-017 -4.94027e-017 LS51.dat
1 14 -22.6878 -157.833 -140 6.12323e-017 0.5793 -0.815115 0 -0.815115 -0.5793 -1 3.54719e-017 -4.99114e-017 LS51.dat
1 14 -23.2044 -157.106 -140 6.12323e-017 0.568047 -0.822996 0 -0.822996 -0.568047 -1 3.47829e-017 -5.0394e-017 LS51.dat
1 14 -23.7138 -156.368 -140 6.12323e-017 0.557053 -0.830477 0 -0.830477 -0.557053 -1 3.41096e-017 -5.08521e-017 LS51.dat
1 14 -24.2159 -155.62 -140 6.12323e-017 0.546313 -0.837581 0 -0.837581 -0.546313 -1 3.3452e-017 -5.12871e-017 LS51.dat
1 14 -24.7107 -154.861 -140 6.12323e-017 0.535823 -0.84433 0 -0.84433 -0.535823 -1 3.28097e-017 -5.17003e-017 LS51.dat
1 14 -25.1982 -154.093 -140 6.12323e-017 0.52558 -0.850744 0 -0.850744 -0.52558 -1 3.21825e-017 -5.20931e-017 LS51.dat
1 14 -25.6785 -153.316 -140 6.12323e-017 0.515578 -0.856843 0 -0.856843 -0.515578 -1 3.157e-017 -5.24665e-017 LS51.dat
1 14 -26.1516 -152.529 -140 6.12323e-017 0.505811 -0.862644 0 -0.862644 -0.505811 -1 3.0972e-017 -5.28217e-017 LS51.dat
1 14 -26.6175 -151.735 -140 6.12323e-017 0.496275 -0.868165 0 -0.868165 -0.496275 -1 3.03881e-017 -5.31598e-017 LS51.dat
1 14 -27.0763 -150.932 -140 6.12323e-017 0.486964 -0.873422 0 -0.873422 -0.486964 -1 2.9818e-017 -5.34817e-017 LS51.dat
1 14 -27.528 -150.122 -140 6.12323e-017 0.477872 -0.878429 0 -0.878429 -0.477872 -1 2.92612e-017 -5.37883e-017 LS51.dat
1 14 -27.9727 -149.304 -140 6.12323e-017 0.468994 -0.883201 0 -0.883201 -0.468994 -1 2.87176e-017 -5.40805e-017 LS51.dat
1 14 -28.4105 -148.48 -140 6.12323e-017 0.460324 -0.887751 0 -0.887751 -0.460324 -1 2.81867e-017 -5.43591e-017 LS51.dat
1 14 -28.8413 -147.649 -140 6.12323e-017 0.451856 -0.892091 0 -0.892091 -0.451856 -1 2.76682e-017 -5.46248e-017 LS51.dat
1 14 -29.2652 -146.812 -140 6.12323e-017 0.443584 -0.896233 0 -0.896233 -0.443584 -1 2.71617e-017 -5.48784e-017 LS51.dat
1 14 -29.6824 -145.969 -140 6.12323e-017 0.435503 -0.900187 0 -0.900187 -0.435503 -1 2.66669e-017 -5.51206e-017 LS51.dat
1 14 -30.0928 -145.121 -140 6.12323e-017 0.427608 -0.903964 0 -0.903964 -0.427608 -1 2.61835e-017 -5.53518e-017 LS51.dat
1 14 -30.4966 -144.268 -140 6.12323e-017 0.419893 -0.907574 0 -0.907574 -0.419893 -1 2.5711e-017 -5.55729e-017 LS51.dat
1 14 -30.8937 -143.409 -140 6.12323e-017 0.412353 -0.911024 0 -0.911024 -0.412353 -1 2.52493e-017 -5.57841e-017 LS51.dat
1 14 -31.2844 -142.546 -140 6.12323e-017 0.404982 -0.914325 0 -0.914325 -0.404982 -1 2.4798e-017 -5.59862e-017 LS51.dat
1 14 -31.6686 -141.678 -140 6.12323e-017 0.397776 -0.917483 0 -0.917483 -0.397776 -1 2.43567e-017 -5.61796e-017 LS51.dat
1 14 -32.0465 -140.807 -140 6.12323e-017 0.390729 -0.920506 0 -0.920506 -0.390729 -1 2.39252e-017 -5.63647e-017 LS51.dat
1 14 -32.418 -139.932 -140 6.12323e-017 0.383837 -0.923401 0 -0.923401 -0.383837 -1 2.35032e-017 -5.6542e-017 LS51.dat
1 14 -32.7834 -139.053 -140 6.12323e-017 0.377095 -0.926175 0 -0.926175 -0.377095 -1 2.30904e-017 -5.67118e-017 LS51.dat
1 14 -33.1425 -138.171 -140 6.12323e-017 0.370498 -0.928833 0 -0.928833 -0.370498 -1 2.26865e-017 -5.68746e-017 LS51.dat
1 14 -33.4957 -137.285 -140 6.12323e-017 0.364043 -0.931382 0 -0.931382 -0.364043 -1 2.22912e-017 -5.70307e-017 LS51.dat
1 14 -33.8428 -136.397 -140 6.12323e-017 0.357725 -0.933827 0 -0.933827 -0.357725 -1 2.19043e-017 -5.71804e-017 LS51.dat
1 14 -34.1841 -135.506 -140 6.12323e-017 0.351539 -0.936173 0 -0.936173 -0.351539 -1 2.15256e-017 -5.73241e-017 LS51.dat
1 14 -34.5195 -134.613 -140 6.12323e-017 0.345483 -0.938425 0 -0.938425 -0.345483 -1 2.11547e-017 -5.7462e-017 LS51.dat
1 14 -34.8492 -133.717 -140 6.12323e-017 0.339551 -0.940588 0 -0.940588 -0.339551 -1 2.07915e-017 -5.75944e-017 LS51.dat
1 14 -35.1732 -132.82 -140 6.12323e-017 0.33374 -0.942665 0 -0.942665 -0.33374 -1 2.04357e-017 -5.77216e-017 LS51.dat
1 14 -35.4916 -131.921 -140 6.12323e-017 0.328047 -0.944661 0 -0.944661 -0.328047 -1 2.00871e-017 -5.78438e-017 LS51.dat
1 14 -35.8046 -131.019 -140 6.12323e-017 0.322468 -0.94658 0 -0.94658 -0.322468 -1 1.97455e-017 -5.79613e-017 LS51.dat
1 14 -36.112 -130.117 -140 6.12323e-017 0.317 -0.948426 0 -0.948426 -0.317 -1 1.94106e-017 -5.80743e-017 LS51.dat
1 14 -36.4142 -129.213 -140 6.12323e-017 0.311639 -0.950201 0 -0.950201 -0.311639 -1 1.90824e-017 -5.8183e-017 LS51.dat
1 14 -36.711 -128.308 -140 6.12323e-017 0.306382 -0.951909 0 -0.951909 -0.306382 -1 1.87605e-017 -5.82876e-017 LS51.dat
1 14 -37.0027 -127.402 -140 6.12323e-017 0.301227 -0.953553 0 -0.953553 -0.301227 -1 1.84448e-017 -5.83883e-017 LS51.dat
1 14 -37.2893 -126.494 -140 6.12323e-017 0.29617 -0.955135 0 -0.955135 -0.29617 -1 1.81352e-017 -5.84852e-017 LS51.dat
1 14 -37.5708 -125.587 -140 6.12323e-017 0.291208 -0.95666 0 -0.95666 -0.291208 -1 1.78313e-017 -5.85785e-017 LS51.dat
1 14 -37.8473 -124.678 -140 6.12323e-017 0.286339 -0.958128 0 -0.958128 -0.286339 -1 1.75332e-017 -5.86684e-017 LS51.dat
1 14 -38.1189 -123.769 -140 6.12323e-017 0.28156 -0.959544 0 -0.959544 -0.28156 -1 1.72406e-017 -5.87551e-017 LS51.dat
1 14 -38.3858 -122.86 -140 6.12323e-017 0.276869 -0.960908 0 -0.960908 -0.276869 -1 1.69533e-017 -5.88386e-017 LS51.dat
1 14 -38.6478 -121.95 -140 6.12323e-017 0.272262 -0.962223 0 -0.962223 -0.272262 -1 1.66713e-017 -5.89192e-017 LS51.dat
1 14 -38.9053 -121.041 -140 6.12323e-017 0.267739 -0.963492 0 -0.963492 -0.267739 -1 1.63943e-017 -5.89968e-017 LS51.dat
1 14 -39.1581 -120.131 -140 6.12323e-017 0.263296 -0.964715 0 -0.964715 -0.263296 -1 1.61222e-017 -5.90718e-017 LS51.dat
1 14 -39.4063 -119.221 -140 6.12323e-017 0.25893 -0.965896 0 -0.965896 -0.25893 -1 1.58549e-017 -5.91441e-017 LS51.dat
1 14 -39.6501 -118.312 -140 6.12323e-017 0.254641 -0.967036 0 -0.967036 -0.254641 -1 1.55923e-017 -5.92138e-017 LS51.dat
1 14 -39.8896 -117.402 -140 6.12323e-017 0.250426 -0.968136 0 -0.968136 -0.250426 -1 1.53342e-017 -5.92812e-017 LS51.dat
1 14 -40.1246 -116.494 -140 6.12323e-017 0.246283 -0.969198 0 -0.969198 -0.246283 -1 1.50805e-017 -5.93463e-017 LS51.dat
1 14 -40.3555 -115.585 -140 6.12323e-017 0.24221 -0.970224 0 -0.970224 -0.24221 -1 1.48311e-017 -5.94091e-017 LS51.dat
1 14 -40.5821 -114.677 -140 6.12323e-017 0.238205 -0.971215 0 -0.971215 -0.238205 -1 1.45859e-017 -5.94698e-017 LS51.dat
1 14 -40.8046 -113.77 -140 6.12323e-017 0.234267 -0.972172 0 -0.972172 -0.234267 -1 1.43447e-017 -5.95284e-017 LS51.dat
1 14 -41.0231 -112.864 -140 6.12323e-017 0.230393 -0.973098 0 -0.973098 -0.230393 -1 1.41075e-017 -5.9585e-017 LS51.dat
1 14 -41.2375 -111.958 -140 6.12323e-017 0.226582 -0.973992 0 -0.973992 -0.226582 -1 1.38741e-017 -5.96398e-017 LS51.dat
1 14 -41.4481 -111.053 -140 6.12323e-017 0.222832 -0.974857 0 -0.974857 -0.222832 -1 1.36445e-017 -5.96928e-017 LS51.dat
1 14 -41.6547 -110.149 -140 6.12323e-017 0.219142 -0.975693 0 -0.975693 -0.219142 -1 1.34186e-017 -5.9744e-017 LS51.dat
1 14 -41.8575 -109.246 -140 6.12323e-017 0.215511 -0.976501 0 -0.976501 -0.215511 -1 1.31962e-017 -5.97935e-017 LS51.dat
1 14 -42.0566 -108.344 -140 6.12323e-017 0.211936 -0.977284 0 -0.977284 -0.211936 -1 1.29773e-017 -5.98414e-017 LS51.dat
1 14 -42.252 -107.443 -140 6.12323e-017 0.208416 -0.97804 0 -0.97804 -0.208416 -1 1.27618e-017 -5.98877e-017 LS51.dat
1 14 -42.4437 -106.543 -140 6.12323e-017 0.204951 -0.978772 0 -0.978772 -0.204951 -1 1.25496e-017 -5.99325e-017 LS51.dat
1 14 -42.6319 -105.644 -140 6.12323e-017 0.201538 -0.979481 0 -0.979481 -0.201538 -1 1.23406e-017 -5.99759e-017 LS51.dat
1 14 -42.8165 -104.747 -140 6.12323e-017 0.198176 -0.980166 0 -0.980166 -0.198176 -1 1.21348e-017 -6.00179e-017 LS51.dat
1 14 -42.9977 -103.851 -140 6.12323e-017 0.194865 -0.98083 0 -0.98083 -0.194865 -1 1.1932e-017 -6.00585e-017 LS51.dat
1 14 -43.1754 -102.956 -140 6.12323e-017 0.191602 -0.981473 0 -0.981473 -0.191602 -1 1.17322e-017 -6.00979e-017 LS51.dat
1 14 -43.3498 -102.063 -140 6.12323e-017 0.188387 -0.982095 0 -0.982095 -0.188387 -1 1.15354e-017 -6.0136e-017 LS51.dat
1 14 -43.5209 -101.171 -140 6.12323e-017 0.185219 -0.982697 0 -0.982697 -0.185219 -1 1.13414e-017 -6.01729e-017 LS51.dat
1 14 -43.6887 -100.281 -140 6.12323e-017 0.182096 -0.983281 0 -0.983281 -0.182096 -1 1.11502e-017 -6.02086e-017 LS51.dat
1 14 -43.8533 -99.3919 -140 6.12323e-017 0.179018 -0.983846 0 -0.983846 -0.179018 -1 1.09617e-017 -6.02432e-017 LS51.dat
