0 FILE 8233_B.ldr
0 main
0 Name: 8233_B.ldr
0 Author: marco
0 Unofficial Model
0 ROTATION CENTER 0 0 0 1 "Custom" 
0 ROTATION CONFIG 0 0
1 7 -126 66 -5 1 0 0 0 1 0 0 0 1 a.ldr
1 7 -65.2 64.2 -5 1 0 0 0 1 0 0 0 1 b.ldr
0
0 FILE a.ldr
0 a
0 ROTATION CENTER 0 0 0 1 "Custom" 
0 ROTATION CONFIG 0 0
1 0 -270 -162.76 -87.6618 1 0 0 0 -0.382683 0.92388 0 -0.92388 -0.382683 4285b.dat
1 15 -270 -165.821 -95.0529 1 0 0 0 -0.382682 0.92388 0 -0.92388 -0.382682 2723.dat
1 0 -270 -160.767 -84.1577 0 0 1 -0.382682 0.923881 0 -0.92388 -0.382682 0 32062.dat
1 0 -270 -150.21 -56.0586 -1 0 0 0 -0.92388 0.382682 0 0.382682 0.92388 32015.dat
1 0 -270 -82.3432 -60 1 0 0 0 1 0 0 0 1 32075.dat
1 26 -270 -69.9999 -96.25 1 0 0 0 1 0 0 0 1 57029.dat
1 0 -290 -69.4999 -136.25 1 0 0 0 1 0 0 0 1 32062.dat
1 7 -250 -69.4999 -136.25 -1 0 0 0 1 0 0 0 -1 3749.dat
1 14 -270 -92.2174 -107 1 0 0 0 1 0 0 0 1 76110.dat
1 0 -300 -50.4999 -136.25 1 0 0 0 0 1 0 -1 0 32039.dat
1 0 -300 -30 -135.75 0 0 1 1 0 0 0 1 0 4519.dat
1 0 -240 -69.9999 -136.75 -1 0 0 0 0 -1 0 -1 0 32013.dat
1 0 -240 -30 -135.75 0 0 1 1 0 0 0 1 0 4519.dat
1 0 -219.809 -70 -76.712 0 0.382682 0.92388 -1 0 0 0 -0.92388 0.382682 32054.dat
1 0 -220.191 -30 -75.7881 0 -0.382682 0.92388 1 0 0 0 0.92388 0.382682 4519.dat
1 0 -219.538 -70 -76.4414 0 0.92388 -0.382682 1 0 0 0 -0.382682 -0.92388 32015.dat
1 0 -270 -69.4999 -76.25 1 0 0 0 1 0 0 0 1 3705.dat
1 0 -208.519 -69.4999 -48.5337 -0.382681 0 0.92388 0 1 0 -0.92388 0 -0.382681 32062.dat
1 0 -320.462 -69.9999 -76.4414 0 -0.92388 0.382682 -1 0 0 0 -0.382682 -0.92388 32015.dat
1 0 -197.501 -69.9999 -20.6259 0 -0.923881 0.38268 1 0 0 0 0.38268 0.923881 32013.dat
1 0 -331.481 -69.4999 -48.5337 0.382683 0 0.92388 0 1 0 -0.92388 0 0.382683 32062.dat
1 0 -342.499 -70 -20.6259 0 0.923881 -0.38268 -1 0 0 0 0.38268 0.923881 32013.dat
1 0 -188.278 -90 -24.4903 0.386643 -0.92223 0 0 0 -1 0.92223 0.386643 0 3702.dat
1 0 -319.809 -69.9999 -76.712 0 0.382682 0.92388 -1 0 0 0 -0.92388 0.382682 32054.dat
1 0 -320.191 -30 -75.7881 0 -0.382682 0.92388 1 0 0 0 0.92388 0.382682 4519.dat
1 0 -196.848 -70 -21.2792 0 0.382682 -0.92388 1 0 0 0 -0.92388 -0.382682 6558.dat
1 0 -351.788 -89.9999 -24.3294 -0.369704 0.92915 0 0 0 1 0.92915 0.369704 0 3702.dat
1 0 -342.77 -69.9999 -21.2791 0 0.382682 -0.92388 1 0 0 0 -0.92388 -0.382682 6558.dat
0 
0
0 FILE b.ldr
0 b
0 ROTATION CENTER 0 0 0 1 "Custom" 
0 ROTATION CONFIG 0 0
1 0 139.968 -37.4775 -136.053 -1 0 0 0 1 0 0 0 -1 32013.dat
1 0 139.968 -37.4776 -106.053 0 0 1 0 1 0 -1 0 0 32062.dat
1 0 139.968 -37.9776 -95.5531 1 0 0 0 -1 0 0 0 -1 32039.dat
1 0 109.968 -37.9819 -75.5516 1 3.58029e-005 0.000107124 0.000107124 0 -1 -3.58029e-005 1 0 3706.dat
1 3 69.9765 -37.9883 -116.045 1 0 0 0 1 0 0 0 1 57029.dat
1 0 69.9688 -50.3316 -79.7953 1 0 0 0 1 0 0 0 1 32075.dat
1 14 69.9795 -60.2059 -130.795 1 0 0 0 1 0 0 0 1 76110.dat
1 7 109.968 -37.483 -76.0513 0 0 -1 0 1 0 1 0 0 3713.dat
1 7 160.468 -37.9755 -76.5538 -1 0 0 0 1 0 0 0 -1 6536.dat
1 0 124.968 -37.4797 -36.0524 0 -1 0 -1 0 0 0 0 -1 6632.dat
1 0 94.9681 -37.4754 -36.0539 0 -1 0 -1 0 0 0 0 -1 6632.dat
1 0 109.968 -37.4754 -36.0539 1 0 0 0 1 0 0 0 1 3705.dat
1 3 139.968 -37.4759 -36.0528 4.81441e-005 1 7.92493e-005 -1 4.81765e-005 -0.000409436 -0.00040944 -7.92296e-005 1 6629.dat
1 3 79.9681 -37.4788 -36.0481 4.81441e-005 1 7.92493e-005 -1 4.81766e-005 -0.000409484 -0.000409488 -7.92296e-005 1 6629.dat
1 0 129.981 -85.7307 100.33 1 -2.86367e-005 8.5647e-005 8.57113e-005 0.599673 -0.800245 -2.84438e-005 0.800245 0.599673 3706.dat
1 0 124.985 -118.052 123.903 8.48518e-005 -1 0.000218603 -0.800246 -0.000198738 -0.599673 0.599673 -0.000124137 -0.800245 2905.dat
1 0 109.988 -149.77 148.28 1 -2.86367e-005 8.5647e-005 8.57113e-005 0.599673 -0.800245 -2.84438e-005 0.800245 0.599673 32062.dat
1 0 94.9846 -118.054 123.904 8.48518e-005 -1 0.000218603 -0.800246 -0.000198738 -0.599673 0.599673 -0.000124137 -0.800245 2905.dat
1 7 119.984 -138.077 163.883 -8.6285e-005 -1 -0.000218666 0.800245 -0.000200182 0.599673 -0.599673 -0.000123258 0.800245 32068.dat
1 7 174.981 -85.6266 99.629 -2.85747e-005 -8.56564e-005 -1 0.599673 0.800245 -8.57397e-005 0.800245 -0.599673 2.85185e-005 32123a.dat
1 7 119.977 -74.0574 115.909 -8.63934e-005 -1 -0.000218699 0.800245 -0.000200291 0.599673 -0.599673 -0.000123226 0.800245 32068.dat
1 15 69.968 -129.217 -103.762 1 0 0 0 -0.382682 0.92388 0 -0.92388 -0.382682 2723.dat
1 0 69.968 -128.755 -103.953 0 0 1 -0.382682 0.923881 0 -0.92388 -0.382682 0 32062.dat
1 0 69.968 -118.199 -75.854 -1 0 0 0 -0.92388 0.382682 0 0.382682 0.92388 32015.dat
1 14 109.981 -37.9885 -136.029 0 0 1 0 1 0 -1 0 0 2994.dat
1 0 99.9807 -37.4885 -136.029 1 0 0 0 1 0 0 0 1 32073.dat
1 7 99.9807 -37.4885 -136.029 0 0 -1 0 1 0 1 0 0 3713.dat
1 256 109.681 -37.9885 -136.029 0 0 1 0 1 0 -1 0 0 6578.dat
1 0 129.984 -133.042 -10.188 1 0 -1.96593e-005 0 0.974449 0.22461 1.96513e-005 -0.22461 0.974449 2780.dat
1 0 109.984 -133.043 -10.1884 1 0 -1.96593e-005 0 0.974449 0.22461 1.96513e-005 -0.22461 0.974449 75535.dat
1 0 89.9843 -133.049 -10.185 1 0 -1.96593e-005 0 0.974449 0.22461 1.96513e-005 -0.22461 0.974449 2780.dat
1 0 139.984 -134.007 -10.2268 1 7.26262e-005 -5.37961e-005 8.55305e-005 -0.952801 0.303595 -2.92081e-005 -0.303595 -0.952801 32015.dat
1 0 139.987 -148.234 37.7168 5.32273e-005 -7.30273e-005 -1 -0.303595 0.952801 -8.57419e-005 0.952801 0.303595 2.85441e-005 3705.dat
1 0 139.481 -93.6723 -13.4405 -8.79105e-005 -1 0 0.996454 -8.79083e-005 0.0841363 -0.0841363 0 0.996454 4519.dat
1 0 139.99 -164.366 85.0532 -1 0 2.88408e-005 0 -0.952801 -0.303594 2.88677e-005 -0.303594 0.952801 32015.dat
1 0 139.988 -141.29 104.94 -0.000154725 7.73505e-005 1 0.764117 -0.645078 0.000168198 0.645078 0.764117 4.08614e-005 32062.dat
1 3 260.38 -86.9562 65.9772 -0.800006 -8.91519e-005 -0.599992 0.0504077 0.996455 -0.0673597 0.597871 -0.0841324 -0.797165 6629.dat
1 0 139.986 -132.944 111.331 1 7.74053e-005 4.71893e-005 8.59915e-005 -0.645105 -0.764094 -2.87029e-005 0.764094 -0.645105 32039.dat
1 0 109.985 -117.665 124.234 1 -4.72004e-005 7.70141e-005 8.57477e-005 0.764094 -0.645105 -2.83967e-005 0.645105 0.764094 3705.dat
1 0 79.9843 -134.012 -10.2251 1 7.26261e-005 -5.37961e-005 8.55305e-005 -0.952801 0.303595 -2.92081e-005 -0.303595 -0.952801 32015.dat
1 0 79.9869 -148.239 37.7185 5.32273e-005 -7.30124e-005 -1 -0.303595 0.952801 -8.5727e-005 0.952801 0.303595 2.85487e-005 3705.dat
1 0 79.4807 -93.6775 -13.4387 -8.78213e-005 -1 0 0.996454 -8.78207e-005 0.0841384 -0.0841384 0 0.996454 4519.dat
1 0 79.9896 -164.372 85.055 -1 0 2.88408e-005 0 -0.952801 -0.303594 2.88677e-005 -0.303594 0.952801 32015.dat
1 0 79.9882 -141.295 104.942 -0.000154579 7.74157e-005 1 0.764117 -0.645078 0.00016806 0.645078 0.764117 4.05695e-005 32062.dat
1 3 -40.4197 -86.9828 65.9791 0.8 8.64876e-005 0.600001 0.0505487 -0.996455 -0.0672545 0.597867 0.0841328 -0.797168 6629.dat
1 0 79.9855 -132.949 111.333 1 7.74053e-005 4.71893e-005 8.59915e-005 -0.645105 -0.764094 -2.87029e-005 0.764094 -0.645105 32039.dat
1 7 109.985 -118.369 124.294 6.36685e-005 7.68511e-005 -1 -0.764093 -0.645106 -9.82056e-005 -0.645106 0.764093 1.76918e-005 3648b.dat
1 0 159.981 -86.5221 100.012 -1 0 0 0 -0.986315 0.164873 0 0.164873 0.986315 32013.dat
1 0 129.974 -37.512 43.9525 1 0 0 0 1 0 0 0 1 2780.dat
1 3 109.974 -37.512 43.9525 1 0 0 0 1 0 0 0 1 75535.dat
1 0 89.9744 -37.512 43.9525 1 0 0 0 1 0 0 0 1 2780.dat
1 7 109.981 -143.691 193.08 1 -8.60046e-005 -2.86367e-005 8.59974e-005 0.800245 0.599673 -2.86583e-005 -0.599673 0.800245 2907.dat
1 0 109.977 -101.778 162.297 -8.56667e-005 -2.86265e-005 1 0.800245 0.599673 8.57202e-005 -0.599673 0.800245 -2.84641e-005 3706.dat
1 7 109.978 -113.782 171.292 1 -2.86367e-005 8.60046e-005 8.59974e-005 0.599673 -0.800245 -2.86583e-005 0.800245 0.599673 32123a.dat
1 0 109.976 -93.7759 156.3 1 -0.000219044 8.61866e-005 0.000200325 0.599674 -0.800245 0.000123605 0.800245 0.599674 4716.dat
1 7 109.974 -73.7698 141.308 1 -2.86367e-005 8.60046e-005 8.59974e-005 0.599673 -0.800245 -2.86583e-005 0.800245 0.599673 32123a.dat
1 256 169.676 -38.0175 63.9453 0 0 1 0 1 0 -1 0 0 6578.dat
1 14 169.976 -38.0175 63.9453 0 0 -1 0 1 0 1 0 0 2994.dat
1 0 109.976 -38.0219 64.4467 1 3.58029e-005 0.000107124 0.000107124 0 -1 -3.58029e-005 1 0 3706.dat
1 14 49.976 -38.0261 63.9482 0 0 1 0 1 0 -1 0 0 2994.dat
1 256 50.276 -38.0261 63.9482 0 0 -1 0 1 0 1 0 0 6578.dat
0 
1 256 -89.724 -90.194 -4.03 1 0 0 0 0.870356 0.492424 0 -0.492424 0.870356 fig_8233.ldr
1 7 159.981 -90.482 70.2577 0 0 -1 0.164876 0.986315 0 0.986314 -0.164876 0 3749.dat
1 0 159.968 -17.4755 -66.0527 0 0 -1 0 1 0 1 0 0 2780.dat
0 MLCAD FLEXHOSE 3 0 0 0 1 0 0 0 1 0 0 0 1  160 -17.5 -66  0 0 -80 160 -90.5 70 0 20 80 35 80.dat 80.dat 0
0 MLCAD SKIP_BEGIN
1 3 160 -17.5 -66 1 0 0 0 0.0236239 0.999721 0 -0.999721 0.0236239 80.dat
1 3 160 -17.6111 -61.3 -1 -5.87907e-015 -4.41458e-016 0 0.0748789 -0.997193 5.89562e-015 -0.997193 -0.0748789 80.dat
1 3 160 -17.9696 -56.5258 -1 1.17632e-014 1.5733e-015 0 0.132567 -0.991174 -1.18679e-014 -0.991174 -0.132567 80.dat
1 3 160 -18.612 -51.7227 1 0 0 0 0.196508 0.980502 0 -0.980502 0.196508 80.dat
1 3 160 -19.57 -46.9424 -1 -1.16769e-014 -3.22045e-015 0 0.26587 -0.964009 1.21129e-014 -0.964009 -0.26587 80.dat
1 3 160 -20.8669 -42.2399 -1 5.7338e-015 2.06637e-015 0 0.339039 -0.940772 -6.09478e-015 -0.940772 -0.339039 80.dat
1 3 160 -22.5144 -37.6684 -1 5.95323e-015 2.7048e-015 0 0.413649 -0.910436 -6.53887e-015 -0.910436 -0.413649 80.dat
1 3 160 -24.511 -33.2741 1 0 0 0 0.486858 0.873481 0 -0.873481 0.486858 80.dat
1 3 160 -26.842 -29.092 -1 -1.19154e-014 -7.96667e-015 0 0.555814 -0.831306 1.43333e-014 -0.831306 -0.555814 80.dat
1 3 160 -29.4821 -25.1432 -1 5.83805e-015 4.59111e-015 0 0.618161 -0.786052 -7.42705e-015 -0.786052 -0.618161 80.dat
1 3 160 -32.3986 -21.4347 1 0 0 0 0.67237 0.740215 0 -0.740215 0.67237 80.dat
1 3 160 -35.5545 -17.9603 -1 6.09856e-015 6.28755e-015 0 0.717812 -0.696237 -8.75932e-015 -0.696237 -0.717812 80.dat
1 3 160 -38.9123 -14.7035 -1 -1.23196e-014 -1.41668e-014 0 0.754588 -0.656199 1.87742e-014 -0.656199 -0.754588 80.dat
1 3 160 -42.4355 -11.6397 -1 1.20719e-014 1.52088e-014 0 0.783251 -0.621705 -1.94175e-014 -0.621705 -0.783251 80.dat
1 3 160 -46.09 -8.7389 -1 -6.13895e-015 -8.31606e-015 0 0.804532 -0.593909 1.03365e-014 -0.593909 -0.804532 80.dat
1 3 160 -49.8442 -5.96748 -1 1.21573e-014 1.73602e-014 0 0.819117 -0.573626 -2.11938e-014 -0.573626 -0.819117 80.dat
1 3 160 -53.6688 -3.28914 -1 -1.22864e-014 -1.81081e-014 0 0.827501 -0.561464 2.18828e-014 -0.561464 -0.827501 80.dat
1 3 160 -57.5352 -0.665772 -1 1.20726e-014 1.79569e-014 0 0.829882 -0.557938 -2.16379e-014 -0.557938 -0.829882 80.dat
1 3 160 -61.4147 1.94246 -1 -1.23319e-014 -1.80771e-014 0 0.826087 -0.563543 2.18828e-014 -0.563543 -0.826087 80.dat
1 3 160 -65.2768 4.5771 1 0 0 0 0.815496 0.578762 0 -0.578762 0.815496 80.dat
1 3 160 -69.0872 7.28141 1 0 0 0 0.796981 0.604004 0 -0.604004 0.796981 80.dat
1 3 160 -72.8066 10.1002 1 0 0 0 0.768867 0.639408 0 -0.639408 0.768867 80.dat
1 3 160 -76.3885 13.079 1 0 0 0 0.729008 0.684505 0 -0.684505 0.729008 80.dat
1 3 160 -79.7788 16.2623 1 0 0 0 0.6751 0.737726 0 -0.737726 0.6751 80.dat
1 3 160 -82.9159 19.6904 1 0 0 0 0.605401 0.795921 0 -0.795921 0.605401 80.dat
1 3 160 -85.7334 23.3946 1 0 0 0 0.51985 0.854257 0 -0.854257 0.51985 80.dat
1 3 160 -88.1655 27.3912 1 0 0 0 0.421159 0.906987 0 -0.906987 0.421159 80.dat
1 3 160 -90.1552 31.6761 1 0 0 0 0.314967 0.949103 0 -0.949103 0.314967 80.dat
1 3 160 -91.6634 36.2208 1 0 0 0 0.208498 0.978023 0 -0.978023 0.208498 80.dat
1 3 160 -92.6767 40.9738 1 0 0 0 0.108344 0.994114 0 -0.994114 0.108344 80.dat
1 3 160 -93.2099 45.8668 1 0 0 0 0.0188213 0.999823 0 -0.999823 0.0188213 80.dat
1 3 160 -93.3032 50.824 1 -0 0 0 -0.05835 0.998296 0 -0.998296 -0.05835 80.dat
1 3 160 -93.014 55.7723 1 -0 0 0 -0.123396 0.992358 0 -0.992358 -0.123396 80.dat
1 3 160 -92.4077 60.6485 1 -0 0 0 -0.177597 0.984103 0 -0.984103 -0.177597 80.dat
1 3 160 -91.5497 65.4028 1 -0 0 0 -0.222603 0.974909 0 -0.974909 -0.222603 80.dat
0 MLCAD SKIP_END
0
0 FILE fig_8233.ldr
0 fig
0 WORLD  -575.1619 -183.2095 552.8548 0.8076828 -0.1449077 0.571516 0.1583668 0.9870254 0.02645236 -0.5679406 0.06914204 0.8201545
0 CENTRE  230 -39 26
0 LOOKAT  -401 -153 125
0 ZOOM  8
0 ROTANGLE 0
0 ROTATION CENTER 0 0 0 1 "Custom" 
0 ROTATION CONFIG 0 0
1 0 188.998 24.0005 26 0.997547 -0.00777863 0.0695471 -0.0575015 0.475297 0.877939 -0.039887 -0.879786 0.473683 2709.dat
1 0 193.675 42.7248 -9.39093 0.997547 -0.00777863 0.0695471 -0.0575015 0.475297 0.877939 -0.039887 -0.879786 0.473683 2704.dat
1 0 203.998 7 26 1 0 0 0 1 0 0 0 1 2699.dat
1 7 219 24 26 1 0.00546527 -0.0201438 0.0152652 0.466731 0.884267 0.0142346 -0.884381 0.466546 2703.dat
1 7 214.221 42.593 -9.44643 1 0.00546527 -0.0201438 0.0152652 0.466731 0.884267 0.0142346 -0.884381 0.466546 2704.dat
1 0 214.438 61.2622 -44.8217 1 0.00546527 -0.0201438 0.0152652 0.466731 0.884267 0.0142346 -0.884381 0.466546 2706.dat
1 0 193.363 61.7367 -44.5824 0.997547 -0.00777863 0.0695471 -0.0575015 0.475297 0.877939 -0.039887 -0.879786 0.473683 2706.dat
1 0 204 7 26 1 0 0 0 1 0 0 0 1 2710.dat
1 0 177.8 -39 26 -0.981627 0 0.190809 -0.161815 -0.529919 -0.832467 0.101113 -0.848048 0.520183 2700.dat
1 0 177.8 -39 26 -0.981627 0 0.190809 -0.161815 -0.529919 -0.832467 0.101113 -0.848048 0.520183 2705.dat
1 0 177.8 -39 26 0 0 1 -0.848048 -0.529919 0 0.529919 -0.848048 0 2701.dat
1 14 215.222 10.7333 -6.29719 -0.829038 0 0.559193 -0.468979 -0.544639 -0.695289 0.304558 -0.838671 0.451526 2702.dat
1 7 230.2 -39 26 0 0 -1 0.838671 -0.544639 0 -0.544639 -0.838671 0 2701.dat
1 7 234.514 -13.2542 9.28048 0.990268 0 0.139173 -0.116721 -0.544639 0.830509 0.0757992 -0.838671 -0.539339 2705.dat
1 7 230.2 -39 26 0.990268 0 -0.139173 -0.116721 0.544639 -0.830509 0.0757992 0.838671 0.539339 2700.dat
1 0 171.885 -13.1936 9.87434 -0.981627 0 0.190809 -0.161815 -0.529919 -0.832467 0.101113 -0.848048 0.520183 2701.dat
1 7 234.514 -13.2542 9.28048 0.829038 0 0.559193 0.468979 0.544639 -0.695289 -0.304558 0.838671 0.451526 2700.dat
1 0 171.885 -13.1936 9.87434 -0.981627 0 0.190809 -0.161815 -0.529919 -0.832467 0.101113 -0.848048 0.520183 2705.dat
1 0 171.885 -13.1936 9.87435 -0.838671 0 -0.544639 0.46188 -0.529919 -0.711233 -0.288615 -0.848048 0.444428 2700.dat
1 14 190.675 11.344 -5.4584 0.838671 0 -0.544639 -0.46188 0.529919 -0.711233 0.288615 0.848048 0.444428 2702.dat
1 6 204 -89 26 1 0 0 0 1 0 0 0 1 2708.dat
1 3 204 -77 26 1 0 0 0 1 0 0 0 1 2715.dat
1 0 204 -77 26 1 0 0 0 0.766521 0.643165 0 -0.643165 0.766521 2716.dat
1 7 230.2 -39 26 0.990268 0 0.139173 -0.116721 -0.544639 0.830509 0.0757992 -0.838671 -0.539339 2705.dat
1 7 234.514 -13.2542 9.28048 0.990268 0 -0.139173 -0.116721 0.544639 -0.830509 0.0757992 0.838671 0.539339 2701.dat
1 3 204 7 26 1 0 0 0 1 0 0 0 1 2698p01.dat
1 14 204 -47 26 1 0 0 0 1 0 0 0 1 2707p03.dat
0 
0
0
