0 8241 BATTLE CARS
0 Name: 8241 Battle Cars.ldr
0 Author: marco

0 WORLD  -194.5727 25.06701 -38.46576 0.7761149 -0.1663349 0.6082611 0.3886111 0.8858109 -0.253618 -0.4966172 0.4332137 0.7521292
0 CENTRE  0 0 0
0 LOOKAT  -28 135 -571
0 ZOOM  54
0 ROTANGLE 0
0 ROTATION CENTER 0 0 0 1 "Custom" 
0 ROTATION CONFIG 0 0
1 0 174 50.0408 -75.4408 1 0 0 0 0.74842 -0.663226 0 0.663226 0.74842 3707.dat
1 4 244 50.0408 -75.4408 0 1 0 0.663225 0 -0.74842 -0.74842 0 -0.663225 32271.dat
1 0 254 -37.2143 -194.852 -1 0 0 0 -0.996671 -0.0815271 0 -0.0815271 0.996671 32062.dat
1 7 184 50.0408 -75.4408 0 0 -1 -0.663226 0.74842 0 0.74842 0.663226 0 32270.dat
1 4 264 -37.381 -195.267 1 0 0 0 0.081508 0.996673 0 -0.996673 0.081508 6553.dat
1 0 264 -32.7667 -245.559 1 0 0 0 0.996673 -0.0815 0 0.0815 0.996673 6538b.dat
1 0 263.999 -30.6789 -264.953 0 0 1 0.0814999 0.996673 0 -0.996673 0.0814999 0 32062.dat
1 0 263.998 -29.8733 -280.941 1 0 0 0 -0.996673 0.0814984 0 -0.0814984 -0.996673 4288.dat
1 0 124 66.7912 -147.274 0 1 0 -1 0 -0.0104222 -0.0104222 0 1 32348.dat
1 0 124 16.9156 -52.1072 1 0 0 0 0.806209 0.59163 0 -0.59163 0.806209 4519.dat
1 0 164 65.9161 -147.607 1 0 0 0 1 -0.010421 0 0.010421 1 32073.dat
1 4 164 17.8213 -52.403 0 0 1 0.806209 0.591631 0 -0.591631 0.806209 0 32034.dat
1 0 204 17.714 -51.7041 1 0 0 0 0.806209 0.59163 0 -0.59163 0.806209 4519.dat
1 4 144 66.9161 -147.596 0 -1 0 -1 0 0.0104133 -0.0104133 0 -1 32140.dat
1 0 164 66.9161 -147.596 -1 0 0 0 -0.0104193 1 0 1 0.0104194 6536.dat
1 4 184 66.9161 -147.596 0 -1 0 -1 0 0.0104133 -0.0104133 0 -1 32140.dat
1 0 204 66.8218 -147.903 0 1 0 -1 0 -0.0104222 -0.0104222 0 1 32348.dat
1 4 104 65.1518 12.0937 0 1 0 0.806209 0 -0.591631 -0.591631 0 -0.806209 32526.dat
1 4 224 65.1518 12.0937 0 1 0 0.806209 0 -0.591631 -0.591631 0 -0.806209 32526.dat
1 4 174 30.9104 -98.9005 -1 0 0 0 0.998729 0.0504037 0 0.0504037 -0.998729 32527.dat
1 7 94 64.3456 12.6853 -1 0 0 0 0.990268 -0.139173 0 -0.139173 -0.990268 3749.dat
1 0 84 65.2438 12.3199 0 0 1 -0.139173 0.990268 0 -0.990268 -0.139173 0 32146.dat
1 0 164 47.5409 -207.805 1 0 0 0 0.990268 0.139173 0 -0.139173 0.990268 3705.dat
1 7 199 47.5375 -207.876 0 0 1 0.990268 0.139173 0 -0.139173 0.990268 0 32123a.dat
1 7 129 47.5375 -207.876 0 0 1 0.990268 0.139173 0 -0.139173 0.990268 0 32123a.dat
1 0 164 47.5375 -207.876 1 0 0 0 -0.998149 0.0608154 0 -0.0608154 -0.998149 32034.dat
1 4 164 50.2531 -268.724 0 0 -1 -0.998149 -0.0608158 0 -0.0608158 0.998149 0 6553.dat
1 0 164 44.1107 -167.911 0 -1 0 0.0608175 0 0.998149 -0.998149 0 0.0608175 4519.dat
1 0 163.5 42.1771 -127.955 1 0 0 0 0.998149 -0.0608163 0 0.0608163 0.998149 32014.dat
1 0 164 12.233 -129.78 0 -1 0 0.998149 0 -0.0608173 0.0608173 0 0.998149 32062.dat
1 0 164 40.7403 -268.803 0 -1 0 0.998149 0 -0.0608174 0.0608174 0 0.998149 32062.dat
1 0 163.5 40.7099 -268.304 1 0 0 0 -0.998149 0.0608104 0 -0.0608104 -0.998149 2723.dat
1 0 164 1.45254 -110.4 1 0 0 0 -0.998729 0.0504024 0 -0.0504024 -0.998729 32291.dat
1 0 164 1.45254 -110.4 1 0 0 0 -0.998729 0.0504048 0 -0.0504048 -0.998729 32062.dat
1 0 149 2.96936 -150.374 0 1 0 -0.0504036 0 0.998729 0.998729 0 0.0504037 32056.dat
1 0 164 3.49389 -150.848 1 0 0 0 -0.998729 0.0504048 0 -0.0504048 -0.998729 32062.dat
1 0 163.5 3.46765 -150.349 -1 0 0 0 -0.0608069 0.99815 0 0.99815 0.060807 6536.dat
1 0 179 2.96936 -150.374 0 1 0 -0.0504036 0 0.998729 0.998729 0 0.0504037 32056.dat
1 0 154 -19.0261 -101.421 0 1 0 -0.0504033 0 0.998729 0.998729 0 0.0504034 2780.dat
1 4 154.5 30.9104 -98.9005 -1 0 0 0 0.998729 0.0504035 0 0.0504035 -0.998729 32528.dat
1 0 174 -19.0261 -101.421 0 1 0 -0.0504033 0 0.998729 0.998729 0 0.0504034 2780.dat
1 0 214 33.1393 -63.644 1 0 0 0 0.990268 0.139173 0 -0.139173 0.990268 2780.dat
1 7 234 28.8477 -35.6872 1 0 0 0 0.990268 0.139173 0 -0.139173 0.990268 3749.dat
1 0 164 67.5413 -207.596 1 0 0 0 1 0 0 0 1 32073.dat
1 0 204 67.5413 -207.599 0 0 -1 0 1 0 1 0 0 32146.dat
1 0 124 67.5413 -207.599 0 0 1 0 1 0 -1 0 0 32146.dat
1 0 114 33.0407 -63.9404 1 0 0 0 0.990268 0.139173 0 -0.139173 0.990268 2780.dat
1 7 234 64.3456 12.6854 1 0 0 0 0.990268 0.139173 0 -0.139173 0.990268 3749.dat
1 0 244 65.2438 12.32 0 0 -1 0.139173 0.990268 0 0.990268 -0.139173 0 32146.dat
1 7 164 33.8382 -63.5367 1 0 0 0 0.59163 -0.80621 0 0.80621 0.59163 32270.dat
1 0 164 9.65192 -45.7878 0 0 1 0.80621 0.59163 0 -0.59163 0.80621 0 3705.dat
1 7 164 5.62088 -42.8297 1 0 0 0 0.59163 -0.80621 0 0.80621 0.59163 32123a.dat
1 7 164 56.7077 -127.701 0 0 -1 -1 -0.0104194 0 -0.0104194 1 0 4274.dat
1 2 474 30.9105 -98.9005 -1 0 0 0 0.998729 0.0504035 0 0.0504035 -0.998729 32528.dat
1 0 474 -19.026 -101.421 0 1 0 -0.0504033 0 0.998729 0.998729 0 0.0504034 2780.dat
1 0 484 2.96943 -150.374 1 0 0 0 -0.998729 0.0504036 0 -0.0504036 -0.998729 32062.dat
1 0 484 2.96943 -150.374 -1 0 0 0 -0.0608068 0.99815 0 0.99815 0.060807 6536.dat
1 0 469 2.96943 -150.374 0 1 0 -0.0504036 0 0.998729 0.998729 0 0.0504037 32056.dat
1 0 484 1.47786 -110.899 1 0 0 0 -0.998729 0.0504036 0 -0.0504036 -0.998729 32062.dat
1 0 484.5 1.45265 -110.4 1 0 0 0 -0.998729 0.0504036 0 -0.0504036 -0.998729 32291.dat
1 0 499 2.96947 -150.374 0 1 0 -0.0504036 0 0.998729 0.998729 0 0.0504037 32056.dat
1 0 494 -19.026 -101.421 0 1 0 -0.0504033 0 0.998729 0.998729 0 0.0504034 2780.dat
1 2 494.5 30.9105 -98.9005 -1 0 0 0 0.998729 0.0504037 0 0.0504037 -0.998729 32527.dat
1 7 449 47.1121 -207.312 0 0 1 0.990268 0.139173 0 -0.139173 0.990268 0 32123a.dat
1 0 484 47.1121 -207.312 1 0 0 0 0.990268 0.139173 0 -0.139173 0.990268 3705.dat
1 7 519 47.5376 -207.876 0 0 1 0.990268 0.139173 0 -0.139173 0.990268 0 32123a.dat
1 0 484 40.71 -268.304 1 0 0 0 -0.998149 0.0608104 0 -0.0608104 -0.998149 2723.dat
1 0 484 40.71 -268.304 0 -1 0 0.998149 0 -0.0608174 0.0608174 0 0.998149 32062.dat
1 2 483.5 50.6915 -267.696 0 0 -1 -0.998149 -0.0608158 0 -0.0608158 0.998149 0 6553.dat
1 0 484 47.0122 -207.308 1 0 0 0 -0.998149 0.0608154 0 -0.0608154 -0.998149 32034.dat
1 0 484 44.1108 -167.911 0 -1 0 0.0608175 0 0.998149 -0.998149 0 0.0608175 4519.dat
1 0 483.5 42.1772 -127.955 1 0 0 0 0.998149 -0.0608163 0 0.0608163 0.998149 32014.dat
1 0 484 12.7332 -129.748 0 -1 0 0.998149 0 -0.0608173 0.0608173 0 0.998149 32062.dat
1 0 444 67.0414 -207.599 0 0 1 0 1 0 -1 0 0 32146.dat
1 0 484 67.0414 -207.599 1 0 0 0 1 0 0 0 1 32073.dat
1 0 524 67.5414 -207.599 0 0 -1 0 1 0 1 0 0 32146.dat
1 0 434 34.0376 -64.0094 1 0 0 0 0.990268 0.139173 0 -0.139173 0.990268 2780.dat
1 2 424 65.2439 12.32 0 1 0 0.806209 0 -0.591631 -0.591631 0 -0.806209 32526.dat
1 2 464 66.9135 -147.668 0 -1 0 -1 0 0.0104018 -0.0104018 0 -1 32140.dat
1 0 484 66.9162 -147.597 1 0 0 0 1 -0.0104095 0 0.0104095 1 32073.dat
1 2 504 66.9135 -147.668 0 -1 0 -1 0 0.0104018 -0.0104018 0 -1 32140.dat
1 0 484 66.9162 -147.596 -1 0 0 0 -0.0104193 1 0 1 0.0104195 6536.dat
1 0 444 66.9131 -147.676 0 1 0 -1 0 -0.0104222 -0.0104222 0 1 32348.dat
1 0 524 66.9163 -147.597 0 1 0 -1 0 -0.0104222 -0.0104222 0 1 32348.dat
1 0 444 17.0152 -51.8114 1 0 0 0 0.806209 0.59163 0 -0.59163 0.806209 4519.dat
1 2 484 17.8214 -52.403 0 0 1 0.806209 0.591631 0 -0.591631 0.806209 0 32034.dat
1 0 524 17.7141 -51.7041 1 0 0 0 0.806209 0.59163 0 -0.59163 0.806209 4519.dat
1 2 544 65.1519 12.0937 0 1 0 0.806209 0 -0.591631 -0.591631 0 -0.806209 32526.dat
1 0 583.999 -29.8732 -280.941 1 0 0 0 -0.996673 0.0814984 0 -0.0814984 -0.996673 4288.dat
1 0 583.999 -30.6788 -264.953 0 0 1 0.0815 0.996673 0 -0.996673 0.0815 0 32062.dat
1 0 583.999 -32.3089 -245.02 1 0 0 0 0.996673 -0.0815 0 0.0815 0.996673 6538b.dat
1 2 583.999 -36.4046 -194.937 1 0 0 0 0.081508 0.996673 0 -0.996673 0.081508 6553.dat
1 0 574 -36.9233 -194.728 -1 0 0 0 -0.996671 -0.0815271 0 -0.0815271 0.996671 32062.dat
1 2 564 49.1683 -75.8135 0 1 0 0.663225 0 -0.74842 -0.74842 0 -0.663225 32271.dat
1 0 494 49.2636 -75.4766 1 0 0 0 0.74842 -0.663225 0 0.663225 0.74842 3707.dat
1 7 504 50.0409 -75.4408 0 0 -1 -0.663226 0.74842 0 0.74842 0.663226 0 32270.dat
1 7 484 56.7078 -127.701 0 0 -1 -1 -0.0104194 0 -0.0104194 1 0 4274.dat
1 0 484 9.65203 -45.7878 0 0 1 0.80621 0.59163 0 -0.59163 0.80621 0 3705.dat
1 7 484 5.62098 -42.8297 1 0 0 0 0.59163 -0.80621 0 0.80621 0.59163 32123a.dat
1 7 484 33.8383 -63.5367 1 0 0 0 0.59163 -0.80621 0 0.80621 0.59163 32270.dat
1 0 534 33.1394 -63.644 1 0 0 0 0.990268 0.139173 0 -0.139173 0.990268 2780.dat
1 7 554 28.8478 -35.6872 1 0 0 0 0.990268 0.139173 0 -0.139173 0.990268 3749.dat
1 7 414 64.3457 12.6853 -1 0 0 0 0.990268 -0.139173 0 -0.139173 -0.990268 3749.dat
1 0 404 65.2439 12.3199 0 0 1 -0.139173 0.990268 0 -0.990268 -0.139173 0 32146.dat
1 7 554 64.3457 12.6854 1 0 0 0 0.990268 0.139173 0 -0.139173 0.990268 3749.dat
1 0 564 65.2439 12.32 0 0 -1 0.139173 0.990268 0 0.990268 -0.139173 0 32146.dat
1 0 164 -16.953 -26.264 1 0 0 0 -0.59163 0.80621 0 -0.80621 -0.59163 32193.dat
1 0 484 -16.9529 -26.2641 1 0 0 0 -0.59163 0.80621 0 -0.80621 -0.59163 32193.dat

0
