0 FILE 8260 - Tractor - Motorbike.ldr
0 Tractor - Motorbike
0 Name: 8260 - Tractor - Motorbike.ldr
0 Author: Tomas Kralicek [RabbiT_CZ]
0 !LICENSE Redistributable under CCAL version 2.0 : see CAreadme.txt

1 0 0 0 0 1 0 0 0 1 0 0 0 1 3706.dat
1 4 -50 0 0 0 0 1 0 1 0 -1 0 0 3713.dat
0 STEP
1 71 -30 0 20 -1 0 0 0 0 1 0 1 0 32184.dat
1 0 -30 -10 20 0 0 -1 -1 0 0 0 1 0 2780.dat
0 STEP
1 0 -15 0 0 0 1 0 -1 0 0 0 0 1 32250.dat
0 STEP
1 0 0 0 80 1 0 0 0 1 0 0 0 1 3705.dat
1 0 -30 0 80 0 1 0 -1 0 0 0 0 1 32348.dat
0 STEP
1 72 -10 0 20 -1 0 0 0 -1 0 0 0 1 32002.dat
1 4 0 -40 0 1 0 0 0 -1 0 0 0 -1 32062.dat
0 STEP
1 0 0 -80 0 0 1 0 0 0 1 1 0 0 32526.dat
1 72 10 -60 0 1 0 0 0 1 0 0 0 1 32002.dat
0 STEP
1 0 0 -63.16 76.713 0 1 0 0.267 0 0.964 0.964 0 -0.267 32140.dat
1 4 0 -63.16 76.713 1 0 0 0 -0.964 -0.267 0 0.267 -0.964 32062.dat
1 71 15 -63.16 76.713 0 0 -1 -0.267 -0.964 0 -0.964 0.267 0 32123b.dat
1 71 -15 -63.16 76.713 0 0 -1 -0.267 -0.964 0 -0.964 0.267 0 32123b.dat
0 STEP
1 0 15 0 0 0 1 0 -1 0 0 0 0 1 32250.dat
1 71 30 0 20 -1 0 0 0 0 1 0 1 0 32184.dat
0 STEP
1 4 50 0 0 0 0 -1 -1 0 0 0 1 0 3713.dat
1 1 10 -20 0 -1 0 0 0 -1 0 0 0 1 6558.dat
0 STEP
1 0 0 -80 0 1 0 0 0 0.892 0.451 0 -0.451 0.892 8260 - subModel-1.ldr
0 STEP
1 72 15 -80 0 0 1 0 -0.451 0 -0.892 -0.892 0 0.451 41677.dat
1 71 15 -43.883 71.383 0 0 -1 -0.451 -0.892 0 -0.892 0.451 0 32123b.dat
0 STEP
1 0 0 -70.971 17.846 -1 0 0 0 -0.985 -0.174 0 -0.174 0.985 3705.dat
1 0 -15 -76.18 47.39 0 1 0 -0.985 0 -0.174 -0.174 0 0.985 32449.dat
1 0 15 -76.18 47.39 0 1 0 -0.985 0 -0.174 -0.174 0 0.985 32449.dat
1 4 0 -81.39 76.934 1 0 0 0 0.985 -0.174 0 0.174 0.985 32062.dat
1 4 0 -70.971 17.846 0 0 1 0.174 0.985 0 -0.985 0.174 0 3713.dat
1 15 -5 -86.599 106.479 0 1 0 -0.985 0 -0.174 -0.174 0 0.985 32449.dat
1 15 5 -86.599 106.479 0 1 0 -0.985 0 -0.174 -0.174 0 0.985 32449.dat
0 STEP
1 0 30 -8.404 62.173 0 1 0 0.875 0 -0.485 -0.485 0 -0.875 32140.dat
1 27 25 -80 0 0 1 0 -0.892 0 0.451 0.451 0 0.892 32250.dat
0 STEP
1 0 0 -16 152 1 0 0 0 1 0 0 0 1 3705.dat
1 71 0 -16 152 0 0 1 0 1 0 -1 0 0 56904.dat
1 4 10 -16 152 0 0 1 0 1 0 -1 0 0 3713.dat
1 256 0 -16 152 0 0 1 0 1 0 -1 0 0 56898.dat
0 STEP
1 0 30 0 80 0 1 0 -1 0 0 0 0 1 32348.dat
0 STEP
1 0 40 -37.492 9.696 1 0 0 0 1 0 0 0 1 2780.dat
1 71 50 -37.492 9.696 0 0 -1 0 1 0 1 0 0 56902.dat
0 STEP
1 72 -50 -20 20 0 1 0 0 0 1 1 0 0 6536.dat
1 0 -50 -20 70 0 1 0 0 0 1 1 0 0 3706.dat
1 71 -50 -20 50 0 -1 0 -1 0 0 0 0 -1 4716.dat
1 4 -50 -20 80 0 -1 0 -1 0 0 0 0 -1 3713.dat
1 0 -50 -20 130 0 -1 0 -1 0 0 0 0 -1 59443.dat
0 STEP
1 47 0 -98.058 -35.692 1 0 0 0 0.451 -0.892 0 0.892 0.451 8260 - Front.ldr
0 FILE 8260 - subModel-1.ldr
0 subModel-1
0 Name: 8260 - subModel-1.ldr
0 Author: Tomas Kralicek [RabbiT_CZ]
0 !LICENSE Redistributable under CCAL version 2.0 : see CAreadme.txt

1 71 0 0 0 1 0 0 0 1 0 0 0 1 4519.dat
1 27 -25 0 0 0 1 0 -1 0 0 0 0 1 32250.dat
1 71 0 0 80 1 0 0 0 1 0 0 0 1 4519.dat
0 STEP
1 71 -15 0 80 0 0 1 0 1 0 -1 0 0 32123b.dat
1 72 -15 -20 0 0 -1 0 0 0 1 -1 0 0 41677.dat
0 STEP
1 71 0 -40 0 -1 0 0 0 0 1 0 1 0 4519.dat
1 4 -10 -40 0 0 0 1 0 1 0 -1 0 0 3713.dat
1 4 10 -40 0 0 0 1 0 1 0 -1 0 0 3713.dat
0 STEP
1 71 0 -20 0 1 0 0 0 1 0 0 0 1 4519.dat
1 72 0 -20 0 -1 0 0 0 0 -1 0 -1 0 6536.dat
1 0 0 -10 -20 0 0 1 -1 0 0 0 -1 0 2780.dat
0 FILE 8260 - Front.ldr
0 Front
0 Name: 8260 - Front.ldr
0 Author: Tomas Kralicek [RabbiT_CZ]
0 !LICENSE Redistributable under CCAL version 2.0 : see CAreadme.txt

1 71 0 0 0 1 0 0 0 1 0 0 0 1 32073.dat
1 27 -45 0 0 0 -1 0 1 0 0 0 0 1 6632.dat
1 72 -40 0 20 -1 0 0 0 -1 0 0 0 1 32002.dat
0 STEP
1 72 -30 0 -20 0 1 0 -1 0 0 0 0 1 32524.dat
0 STEP
1 1 -15 0 0 0 1 0 -1 0 0 0 0 1 41677.dat
0 STEP
1 0 0 0 40 1 0 0 0 1 0 0 0 1 3707.dat
1 71 -15 0 40 0 0 1 0 1 0 -1 0 0 32123b.dat
1 72 0 0 40 1 0 0 0 0 1 0 -1 0 6536.dat
1 71 15 0 40 0 0 1 0 1 0 -1 0 0 32123b.dat
1 1 0 -10 20 0 0 -1 -1 0 0 0 1 0 4274.dat
0 STEP
1 72 0 0 0 1 0 0 0 1 0 0 0 1 6536.dat
1 1 15 0 0 0 1 0 -1 0 0 0 0 1 41677.dat
0 STEP
1 71 0 0 -80 1 0 0 0 1 0 0 0 1 32073.dat
1 4 10 0 -80 0 0 -1 0 -1 0 -1 0 0 3713.dat
1 71 0 0 -80 0 0 1 0 1 0 -1 0 0 56904.dat
1 256 0 0 -80 0 0 1 0 1 0 -1 0 0 56898.dat
0 STEP
1 72 30 0 -20 0 1 0 -1 0 0 0 0 1 32524.dat
1 72 40 0 20 1 0 0 0 1 0 0 0 1 32002.dat
0 STEP
1 27 45 0 0 0 -1 0 1 0 0 0 0 1 6632.dat
0 STEP
1 71 0 -18 20 -1 0 0 0 0 1 0 1 0 56902.dat
1 47 0 -28 20 0 0 -1 0 -1 0 -1 0 0 6141.dat
