0 8263.L3B
0 Name: 8263_fin.ldr

0 WORLD  0 0 0 1 0 0 0 1 0 0 0 1
0 CENTRE  0 0 0
0 LOOKAT  0 0 0
0 ZOOM  50
0 ROTANGLE 0
0 ROTATION CENTER 0 0 0 1 "Custom" 
0 ROTATION CONFIG 0 0
1 71 0 0 0 1 0 0 0 1 0 0 0 1 64178.dat
1 0 -40 0 100 1 0 0 0 1 0 0 0 1 32054.dat
1 0 -30 0 80 1 0 0 0 1 0 0 0 1 3673.dat
1 72 -20 0 100 0 1 0 -1 0 0 0 0 1 32523.dat
1 1 0 0 120 1 0 0 0 1 0 0 0 1 6558.dat
1 71 0 -17.8201 129.08 0 0 -1 0.453991 0.891007 0 0.891007 -0.453991 0 6536.dat
1 72 20 0 100 0 1 0 -1 0 0 0 0 1 32523.dat
1 0 40 0 100 -1 0 0 0 1 0 0 0 -1 32054.dat
1 0 40 0 80 -1 0 0 0 1 0 0 0 -1 32054.dat
1 1 69 0 100 -1 0 0 0 1 0 0 0 -1 3749.dat
1 1 -70 0 100 1 0 0 0 1 0 0 0 1 3749.dat
1 19 0 -13.7342 137.099 0 -1 0 -0.453991 0 0.891007 -0.891007 0 -0.453991 3749.dat
1 0 20 0 -70 0 0 -1 0 1 0 1 0 0 3673.dat
1 72 10 0 -80 0 0 -1 1 0 0 0 -1 0 43857.dat
1 71 0 0 -60 0 0 -1 0 1 0 1 0 0 4519.dat
1 0 0 0 -20 0 1 0 -1 0 0 0 0 1 32013.dat
1 71 -120 -19 0 0 0 1 -1 0 0 0 -1 0 32140.dat
1 1 -60 -19 0 0 0 -1 0 -1 0 -1 0 0 6558.dat
1 1 -60 -39 0 0 0 -1 0 -1 0 -1 0 0 6558.dat
1 71 -40 -29 -20 0 0 1 1 0 0 0 1 0 41678.dat
1 71 -40 -29 20 0 0 1 1 0 0 0 1 0 41678.dat
1 1 -40 -10 -20 0 -1 0 -1 0 0 0 0 -1 3749.dat
1 1 -40 -10 20 0 -1 0 -1 0 0 0 0 -1 3749.dat
1 1 40 -10 20 0 1 0 -1 0 0 0 0 1 3749.dat
1 71 40 -29 20 0 0 -1 1 0 0 0 -1 0 41678.dat
1 71 120 -19 0 0 0 -1 -1 0 0 0 1 0 32140.dat
1 1 60 -19 0 0 0 1 0 -1 0 1 0 0 6558.dat
1 1 60 -39 0 0 0 1 0 -1 0 1 0 0 6558.dat
1 71 40 -29 -20 0 0 -1 1 0 0 0 -1 0 41678.dat
1 1 40 -10 -20 0 1 0 -1 0 0 0 0 1 3749.dat
1 0 50 0 -80 1 0 0 0 1 0 0 0 1 3673.dat
1 0 50 0 -100 1 0 0 0 1 0 0 0 1 3673.dat
1 0 -50 0 -80 -1 0 0 0 1 0 0 0 -1 3673.dat
1 0 -50 0 -100 -1 0 0 0 1 0 0 0 -1 3673.dat
1 71 40 -59 -20 0 0 -1 -1 0 0 0 1 0 4519.dat
1 71 -40 -59 -20 0 0 -1 -1 0 0 0 1 0 4519.dat
1 1 40 -49 20 0 -1 0 1 0 0 0 0 1 3749.dat
1 1 -40 -49 20 0 -1 0 1 0 0 0 0 1 3749.dat
1 71 -60 0 -100 0 1 0 -1 0 0 0 0 1 32316.dat
1 71 60 0 -100 0 1 0 -1 0 0 0 0 1 32316.dat
1 71 0 -59 0 -1 0 0 0 -1 0 0 0 1 64178.dat
1 1 30 -59 80 -1 0 0 0 -1 0 0 0 1 3749.dat
1 72 24 -59 80 0 1 0 -1 0 0 0 0 1 6632.dat
1 72 14 -59 80 0 1 0 -1 0 0 0 0 1 6632.dat
1 0 -50 -59 40 -1 0 0 0 -1 0 0 0 1 3673.dat
1 0 50 -59 40 -1 0 0 0 -1 0 0 0 1 3673.dat
1 1 -60 -59 -40 -1 0 0 0 -1 0 0 0 1 6558.dat
1 1 60 -59 -40 1 0 0 0 -1 0 0 0 -1 6558.dat
1 72 -1 -59 100 0 0 -1 0.987688 0.156434 0 0.156434 -0.987688 0 3647.dat
1 71 -1 -59 100 1 0 0 0 0.156434 0.987688 0 -0.987688 0.156434 32073.dat
1 0 -21 -59 100 0 -1 0 -0.156434 0 -0.987688 0.987688 0 -0.156434 2825.dat
1 71 0 -19 20 1 0 0 0 0 -1 0 1 0 60484.dat
1 71 0 -59 40 0 -1 0 1 0 0 0 0 1 48989.dat
1 71 0 -39 20 0 -1 0 0 0 -1 1 0 0 4519.dat
1 0 0 -39 10 1 0 0 0 0 -1 0 1 0 48496.dat
1 71 0 -39 50 0 -1 0 -1 0 0 0 0 -1 59443.dat
1 19 0 -39 -4 0 -1 0 -1 0 0 0 0 -1 6589.dat
1 0 0 -49 -20 0 -1 0 -1 0 0 0 0 -1 3706.dat
1 19 0 -55 -20 0 -1 0 0 0 1 -1 0 0 6589.dat
1 0 0 -39 85 0 -1 0 0 0 1 -1 0 0 3705.dat
1 71 0 -39 90 0 -1 0 -1 0 0 0 0 -1 4716.dat
1 4 10 -59 120 1 0 0 0 1 0 0 0 1 32062.dat
1 71 0 -59 120 1 0 0 0 1 0 0 0 1 6536.dat
1 71 0 -79 -20 0 0 1 0 1 0 -1 0 0 32316.dat
1 0 0 -99 -20 0 -1 0 0 0 1 -1 0 0 32270.dat
1 71 -21 -118.261 90.6139 -1 0 0 0 -0.987688 -0.156434 0 -0.156434 0.987688 2736.dat
1 71 0 0 -240 1 0 0 0 1 0 0 0 1 64178.dat
1 0 -50 0 -140 1 0 0 0 1 0 0 0 1 3673.dat
1 0 50 0 -140 1 0 0 0 1 0 0 0 1 3673.dat
1 0 -30 0 -340 1 0 0 0 1 0 0 0 1 3673.dat
1 71 -20 0 -380 0 1 0 -1 0 0 0 0 1 32316.dat
1 1 0 0 -420 1 0 0 0 -1 0 0 0 -1 6558.dat
1 0 0 0 -440 0 0 -1 -1 0 0 0 1 0 6536.dat
1 71 20 0 -380 0 1 0 1 0 0 0 0 -1 32316.dat
1 0 40 0 -340 -1 0 0 0 1 0 0 0 -1 32054.dat
1 0 0 -30 -440 0 -1 0 -1 0 0 0 0 -1 3705.dat
1 71 120 21 -139 1 0 0 0 -1 0 0 0 -1 3713.dat
1 71 120 -20 -239.826 0 0 -1 -1 0 0 0 1 0 32140.dat
1 1 60 -40 -239.825 0 0 1 0 1 0 -1 0 0 6558.dat
1 1 60 -20 -239.826 0 0 1 0 1 0 -1 0 0 6558.dat
1 71 40 -30 -219.825 0 0 -1 1 0 0 0 -1 0 41678.dat
1 71 40 -30 -259.825 0 0 -1 1 0 0 0 -1 0 41678.dat
1 1 40 -50 -219.826 0 -1 0 1 0 0 0 0 1 3749.dat
1 1 40 -50 -259.825 0 -1 0 1 0 0 0 0 1 3749.dat
1 1 40 -10 -259.869 0 -1 0 -1 0 -0.00872654 0.00872654 0 -1 3749.dat
1 1 40 -10 -219.869 0 -1 0 -1 0 -0.00872654 0.00872654 0 -1 3749.dat
1 1 -40 -10 -260.131 0 1 0 -1 0 -0.00872654 -0.00872654 0 1 3749.dat
1 71 -40 -30 -260.175 0 0 1 1 0 0 0 1 0 41678.dat
1 1 -40 -50 -260.175 0 1 0 1 0 0 0 0 -1 3749.dat
1 71 -120 -20 -240.174 0 0 1 -1 0 0 0 -1 0 32140.dat
1 1 -60 -40 -240.174 0 0 -1 0 1 0 1 0 0 6558.dat
1 1 -60 -20 -240.174 0 0 -1 0 1 0 1 0 0 6558.dat
1 71 -40 -30 -220.174 0 0 1 1 0 0 0 1 0 41678.dat
1 1 -40 -50 -220.174 0 1 0 1 0 0 0 0 -1 3749.dat
1 1 -40 -10 -220.131 0 1 0 -1 0 -0.00872654 -0.00872654 0 1 3749.dat
1 0 -15 -59 -140 0 -1 0 1 0 0 0 0 1 2905.dat
1 4 1 -99 -140 1 0 0 0 1 0 0 0 1 32062.dat
1 4 1 -79 -140 1 0 0 0 1 0 0 0 1 32062.dat
1 0 0 -79 -140 0 1 0 0 0 1 1 0 0 64276.dat
1 71 0 -59 -120 1 0 0 0 1 0 0 0 1 32126.dat
1 0 0 -59 -140 -1 0 0 0 0 1 0 1 0 2780.dat
1 71 0 -59 -160 -1 0 0 0 1 0 0 0 -1 32126.dat
1 0 10 -39 -140 0 1 0 0 0 -1 -1 0 0 2825.dat
1 1 0 -39 -140 1 0 0 0 1 0 0 0 1 3749.dat
1 4 0 -59 -110 0 0 -1 0 1 0 1 0 0 32062.dat
1 71 -10 -19 -140 -1 0 0 0 0 1 0 1 0 2736.dat
1 71 0 -59 -90 1 0 0 0 -1 0 0 0 -1 59443.dat
1 1 0 -59 -70 0 0 -1 0 -1 0 -1 0 0 3749.dat
1 71 0 -58.75 -240.174 1 0 0 0 1 0 0 0 1 64178.dat
1 1 -40 -58.75 -300.175 0 -1 0 -1 0 0 0 0 -1 6558.dat
1 1 40 -58.75 -300.175 0 -1 0 -1 0 0 0 0 -1 6558.dat
1 71 0 -38.75 -300.175 0 0 -1 0 1 0 1 0 0 32316.dat
1 0 50 -58.75 -280.175 1 0 0 0 1 0 0 0 1 3673.dat
1 0 -50 -58.75 -280.175 1 0 0 0 1 0 0 0 1 3673.dat
1 71 0 -59 -240 0 0 -1 0 -1 0 -1 0 0 60485.dat
1 0 0 -59 -320 -1 0 0 0 -1 0 0 0 1 32072.dat
1 71 -20 -58.75 -340.175 -1 0 0 0 -0.743145 -0.669131 0 -0.669131 0.743145 60485.dat
1 0 22 -58.75 -340.175 0 0 1 -0.669131 -0.743145 0 0.743145 -0.669131 0 32072.dat
1 71 70 -58.75 -340.175 0 0 -1 0.207912 -0.978148 0 -0.978148 -0.207912 0 59443.dat
1 19 90 -58.75 -340.175 -1 0 0 0 -0.978148 -0.207912 0 -0.207912 0.978148 3749.dat
1 71 -20 -19 -300 0 -1 0 -1 0 0 0 0 -1 32140.dat
1 0 -10 -19 -360 1 0 0 0 1 0 0 0 1 3673.dat
1 71 -10 -19 -300 -1 0 0 0 0 1 0 1 0 2736.dat
1 71 0 -18.75 -360.175 0 1 0 0 0 -1 -1 0 0 60484.dat
1 0 -10 -58.75 -360.175 1 0 0 0 1 0 0 0 1 3673.dat
1 0 -10 -58.75 -380.175 1 0 0 0 1 0 0 0 1 3673.dat
1 71 -20 -58.75 -380.175 0 1 0 1 0 0 0 0 -1 32316.dat
1 19 -10 -58.75 -400.175 1 0 0 0 1 0 0 0 1 3749.dat
1 0 0 1.25 -400.175 0 -1 0 0 0 -1 1 0 0 2825.dat
1 0 2 -19 -300 0 -1 0 1 0 0 0 0 1 32293.dat
1 71 60 -59 -120 0 0 -1 1 0 0 0 -1 0 48989.dat
1 71 -60 -59 -120 0 0 -1 1 0 0 0 -1 0 48989.dat
1 71 0 1.25 -400.175 1 0 0 0 1 0 0 0 1 4519.dat
1 71 60 1 40 0 1 0 0 0 -1 -1 0 0 32140.dat
1 1 50 0 40 1 0 0 0 1 0 0 0 1 3749.dat
1 1 50 0 -40 1 0 0 0 1 0 0 0 1 3749.dat
1 1 50 0 -280 1 0 0 0 1 0 0 0 1 3749.dat
1 71 60 1 -40 0 -1 0 0 0 -1 1 0 0 32140.dat
1 71 60 0 -280 0 -1 0 0 0 -1 1 0 0 32140.dat
1 1 80 -20 -249.826 0 0 1 0 1 0 -1 0 0 3749.dat
1 1 80 -19 10 0 0 -1 0 1 0 1 0 0 3749.dat
1 0 80 -39 20 0 0 1 0 -1 0 1 0 0 42003.dat
1 0 80 -40 -259.825 0 0 1 0 -1 0 1 0 0 42003.dat
1 1 80 -60 -259.825 -1 0 0 0 1 0 0 0 -1 6558.dat
1 1 80 -59 20 -1 0 0 0 1 0 0 0 -1 6558.dat
1 1 -50 0 -280 -1 0 0 0 1 0 0 0 -1 3749.dat
1 71 -60 1.25 -280.175 0 -1 0 0 0 -1 1 0 0 32140.dat
1 1 -80 -20 -250.174 0 0 1 0 1 0 -1 0 0 3749.dat
1 0 -80 -40 -260.175 0 0 1 0 -1 0 1 0 0 42003.dat
1 1 -80 -60 -260.175 1 0 0 0 1 0 0 0 1 6558.dat
1 1 -50 0 40 -1 0 0 0 1 0 0 0 -1 3749.dat
1 71 -60 1 40 0 1 0 0 0 -1 -1 0 0 32140.dat
1 1 -80 -19 10 0 0 -1 0 1 0 1 0 0 3749.dat
1 0 -80 -39 20 0 0 1 0 -1 0 1 0 0 42003.dat
1 1 -80 -59 20 1 0 0 0 1 0 0 0 1 6558.dat
1 1 -50 0 -40 -1 0 0 0 1 0 0 0 -1 3749.dat
1 71 -60 1 -40 0 -1 0 0 0 -1 1 0 0 32140.dat
1 72 -55 -31.9848 -369.9 0 1 0 -0.743145 0 -0.669131 -0.669131 0 0.743145 6632.dat
1 0 -65 -31.9848 -369.9 0 -1 0 0.743145 0 -0.669131 0.669131 0 0.743145 32056.dat
1 71 -71 -2.25898 -343.135 1 0 0 0 -0.566406 -0.824126 0 0.824126 -0.566406 2736.dat
1 0 -100.979 -19.9802 -439.896 0.0656988 0.981508 0.179788 -0.983609 0.0333789 0.177212 0.167937 -0.188486 0.967611 32005.dat
1 71 0 -79 -280 1 0 0 0 1 0 0 0 1 44294.dat
1 0 -5 -119 -280 0 1 0 0 0 1 1 0 0 32056.dat
1 0 5 -119 -280 0 1 0 0 0 1 1 0 0 32056.dat
1 71 -40 -78.75 -280.175 -1 0 0 0 0 -1 0 -1 0 6536.dat
1 71 20 -79 -280 0 0 -1 1 0 0 0 -1 0 3713.dat
1 71 -20 -79 -280 0 0 1 -1 0 0 0 -1 0 3713.dat
1 71 40 -78.75 -280.175 -1 0 0 0 0 -1 0 -1 0 6536.dat
1 71 0 -119 -280 1 0 0 0 1 0 0 0 1 44294.dat
1 1 0 -119 -260 -1 0 0 0 -1 0 0 0 1 6558.dat
1 71 60 -79 -160 0 -1 0 1 0 0 0 0 1 32009.dat
1 1 50 0 -160 1 0 0 0 1 0 0 0 1 3749.dat
1 1 -50 0 -160 -1 0 0 0 1 0 0 0 -1 3749.dat
1 71 -59 -80 -160 0 -1 0 1 0 0 0 0 1 32009.dat
1 0 80 -59 -320 1 0 0 0 1 0 0 0 1 32054.dat
1 1 50 -58.75 -320.175 1 0 0 0 1 0 0 0 1 3749.dat
1 1 -50 -58.75 -320.175 -1 0 0 0 1 0 0 0 -1 3749.dat
1 0 -80 -58.75 -320.175 -1 0 0 0 1 0 0 0 -1 32054.dat
1 71 80 -59 -100 0 -1 0 -1 0 0 0 0 -1 32524.dat
1 71 -80 -59 -100 0 -1 0 -1 0 0 0 0 -1 32524.dat
1 71 -80 -58.75 -340.175 0 0 -1 0.978148 0.207912 0 0.207912 -0.978148 0 3713.dat
1 0 90 -59 -160 1 0 0 0 1 0 0 0 1 3673.dat
1 0 -90 -59 -160 1 0 0 0 1 0 0 0 1 3673.dat
1 0 79 0 100 1 0 0 0 0 1 0 -1 0 32013.dat
1 1 79 -30 100 0 -1 0 1 0 0 0 0 1 3749.dat
1 1 100 -59 49 0 -1 0 0 0 1 -1 0 0 3749.dat
1 4 100 -59 20 1 0 0 0 1 0 0 0 1 32034.dat
1 71 100 -59 -19 0 0 -1 0 1 0 1 0 0 4519.dat
1 4 100 -59 -59 1 0 0 0 1 0 0 0 1 32034.dat
1 4 100 -59 -93 0 0 -1 0 1 0 1 0 0 32062.dat
1 4 100 -59 -119 0 -1 0 -1 0 0 0 0 -1 32013.dat
1 0 90 -59 -59 1 0 0 0 1 0 0 0 1 3673.dat
1 0 100 -69 -119 0 -1 0 1 0 0 0 0 1 3673.dat
1 0 -80 0 100 1 0 0 0 0 1 0 -1 0 32013.dat
1 1 -80 -30 100 0 -1 0 1 0 0 0 0 1 3749.dat
1 4 -60 -60 60 0 0 -1 1 0 0 0 -1 0 64391.dat
1 1 -100 -60 50 0 -1 0 0 0 1 -1 0 0 3749.dat
1 71 -100 -60 -20 0 0 -1 0 1 0 1 0 0 4519.dat
1 4 -100 -60 19 1 0 0 0 1 0 0 0 1 32034.dat
1 4 -100 -60 -60 1 0 0 0 1 0 0 0 1 32034.dat
1 4 -100 -60 -94 0 0 -1 0 1 0 1 0 0 32062.dat
1 4 -100 -60 -120 0 -1 0 -1 0 0 0 0 -1 32013.dat
1 0 -90 -59 -60 1 0 0 0 1 0 0 0 1 3673.dat
1 0 -100 -70 -120 0 -1 0 1 0 0 0 0 1 3673.dat
1 4 -100 -80 -160 1 0 0 0 1 0 0 0 1 64391.dat
1 0 -80 -100 -170 0 0 1 0 1 0 -1 0 0 3673.dat
1 4 59 -60 60 0 0 1 -1 0 0 0 -1 0 64683.dat
1 4 100 -79 -159 1 0 0 0 1 0 0 0 1 64683.dat
1 0 80 -99 -169 0 0 1 0 1 0 -1 0 0 3673.dat
1 4 0 -99 -179 0 0 1 -1 0 0 0 -1 0 40490.dat
1 72 120 -19 -17 0 0 1 0 1 0 -1 0 0 32209.dat
1 72 -120 -19 -17 0 0 1 0 1 0 -1 0 0 32209.dat
1 72 120 21 -156 0 0 -1 0 -1 0 -1 0 0 32209.dat
1 71 120 21 -103 -1 0 0 0 -1 0 0 0 1 59443.dat
1 71 120 21 -160 0 0 -1 0 -1 0 -1 0 0 6536.dat
1 71 120 21 -209 -1 0 0 0 -1 0 0 0 1 59443.dat
1 0 120 21 -269 0 0 -1 0 -1 0 -1 0 0 3706.dat
1 71 0 21 -240 0 0 -1 1 0 0 0 -1 0 41239.dat
1 0 -120 21 -269 0 0 -1 0 -1 0 -1 0 0 3706.dat
1 71 -120 21 -210 -1 0 0 0 -1 0 0 0 1 59443.dat
1 72 -120 21 -158 0 0 -1 0 -1 0 -1 0 0 32209.dat
1 71 -120 21 -160 0 0 -1 0 -1 0 -1 0 0 6536.dat
1 71 -120 21 -140 1 0 0 0 -1 0 0 0 -1 3713.dat
1 71 -120 21 -103 -1 0 0 0 -1 0 0 0 1 59443.dat
1 71 -120 21 -73 0 0 1 0 -1 0 1 0 0 4519.dat
1 71 120 21 -73 0 0 1 0 -1 0 1 0 0 4519.dat
1 71 120 21 -73 0 0 -1 0 -1 0 -1 0 0 6536.dat
1 71 -120 21 -73 0 0 1 0 -1 0 1 0 0 6536.dat
1 71 -120 21 -43 -1 0 0 0 -1 0 0 0 1 59443.dat
1 71 120 21 -43 -1 0 0 0 -1 0 0 0 1 59443.dat
1 71 -120 1 -260 0 0 1 0 -1 0 1 0 0 32184.dat
1 71 120 1 -260 0 0 -1 0 1 0 1 0 0 32184.dat
1 71 -120 21 27 0 0 1 0 -1 0 1 0 0 44294.dat
1 71 120 21 27 0 0 1 0 -1 0 1 0 0 44294.dat
1 4 -120 -20 -250.174 0 1 0 0 0 1 1 0 0 32062.dat
1 4 120 -20 -249.826 0 -1 0 0 0 -1 1 0 0 32062.dat
1 71 0 21 -13 0 0 -1 1 0 0 0 -1 0 41239.dat
1 71 -120 21 7 1 0 0 0 -1 0 0 0 -1 3713.dat
1 71 120 21 7 1 0 0 0 -1 0 0 0 -1 3713.dat
1 0 -130 1 -260 1 0 0 0 0 1 0 -1 0 3673.dat
1 0 130 1 -260 -1 0 0 0 0 -1 0 -1 0 3673.dat
1 71 -120 1 27 0 0 1 0 -1 0 1 0 0 32184.dat
1 71 120 1 27 0 0 -1 0 1 0 1 0 0 32184.dat
1 71 -120 21 -319 0 0 1 0 -1 0 1 0 0 6536.dat
1 71 120 21 -319 0 0 -1 0 -1 0 -1 0 0 6536.dat
1 71 120 21 87 0 0 -1 0 -1 0 -1 0 0 6536.dat
1 71 -120 21 87 0 0 1 0 -1 0 1 0 0 6536.dat
1 0 -130 1 27 1 0 0 0 0 1 0 -1 0 3673.dat
1 0 130 1 27 -1 0 0 0 0 -1 0 -1 0 3673.dat
1 71 -140 1 -240 0 -1 0 1 0 0 0 0 1 40490.dat
1 71 -140 1 7 0 -1 0 1 0 0 0 0 1 40490.dat
1 71 140 1 7 0 1 0 -1 0 0 0 0 1 40490.dat
1 71 140 1 -240 0 1 0 -1 0 0 0 0 1 40490.dat
1 19 -150 1 -240 -1 0 0 0 0 1 0 1 0 3749.dat
1 19 150 1 -240 1 0 0 0 0 1 0 -1 0 3749.dat
1 19 150 1 7 1 0 0 0 0 1 0 -1 0 3749.dat
1 19 -150 1 7 -1 0 0 0 0 -1 0 -1 0 3749.dat
1 72 -138 1 -319 1 0 0 0 -1 0 0 0 -1 6587.dat
1 72 -138 1 -160 1 0 0 0 -1 0 0 0 -1 6587.dat
1 72 -138 1 -73 1 0 0 0 -1 0 0 0 -1 6587.dat
1 72 -138 1 87 1 0 0 0 -1 0 0 0 -1 6587.dat
1 72 138 1 87 -1 0 0 0 -1 0 0 0 1 6587.dat
1 72 138 1 -73 -1 0 0 0 -1 0 0 0 1 6587.dat
1 72 138 1 -160 -1 0 0 0 -1 0 0 0 1 6587.dat
1 72 138 1 -319 -1 0 0 0 -1 0 0 0 1 6587.dat
1 71 -40 -179 -240 0 -1 0 0 0 1 -1 0 0 32140.dat
1 1 -40 -119 -240 -1 0 0 0 1 0 0 0 -1 6558.dat
1 71 -40 -179 -240 1 0 0 0 1 0 0 0 1 4519.dat
1 1 -60 -199 -240 0 -1 0 0 0 1 -1 0 0 32526.dat
1 1 -20 -199 -240 0 -1 0 0 0 1 -1 0 0 32526.dat
1 0 -30 -199 -240 1 0 0 0 1 0 0 0 1 3673.dat
1 71 -38 -209 -240 0 -1 0 0 0 -1 1 0 0 43857.dat
1 1 60 -199 -240 0 -1 0 0 0 1 -1 0 0 32526.dat
1 0 50 -199 -240 1 0 0 0 1 0 0 0 1 3673.dat
1 71 40 -179 -240 0 -1 0 0 0 1 -1 0 0 32140.dat
1 1 40 -119 -240 -1 0 0 0 1 0 0 0 -1 6558.dat
1 71 40 -179 -240 1 0 0 0 1 0 0 0 1 4519.dat
1 71 42 -209 -240 0 -1 0 0 0 -1 1 0 0 43857.dat
1 1 20 -199 -240 0 -1 0 0 0 1 -1 0 0 32526.dat
1 0 80 -59 -320 0 1 0 0 0 -1 -1 0 0 32526.dat
1 0 -80 -58.75 -320.175 0 1 0 0 0 -1 -1 0 0 32526.dat
1 72 -90 -138.75 -360.175 -1 0 0 0 0 1 0 1 0 32002.dat
1 72 90 -139 -360 1 0 0 0 0 -1 0 1 0 32002.dat
1 1 70 -139 -320 -1 0 0 0 0.615661 -0.788011 0 -0.788011 -0.615661 3749.dat
1 0 40 -139 -320 0 0 -1 -0.615661 0.788011 0 0.788011 0.615661 0 32013.dat
1 1 40 -145.157 -312.12 0 -1 0 -0.615661 0 -0.788011 0.788011 0 -0.615661 3749.dat
1 71 40 -159.933 -293.208 -1 0 0 0 0.615661 -0.788011 0 -0.788011 -0.615661 2819.dat
1 4 100 -58.75 -240.174 0 -1 0 1 0 0 0 0 1 32525.dat
1 4 -100 -58.75 -240.174 0 -1 0 1 0 0 0 0 1 32525.dat
1 4 0 -99 -340 0 0 1 0 -1 0 1 0 0 32525.dat
1 0 100 -89 -340 0 0 -1 -1 0 0 0 1 0 3673.dat
1 0 -100 -89 -340 0 0 -1 -1 0 0 0 1 0 3673.dat
1 0 -80 -109 -340 0 0 -1 -1 0 0 0 1 0 3673.dat
1 0 -60 -109 -340 0 0 -1 -1 0 0 0 1 0 3673.dat
1 0 80 -109 -340 0 0 -1 -1 0 0 0 1 0 3673.dat
1 0 60 -109 -340 0 0 -1 -1 0 0 0 1 0 3673.dat
1 0 20 -109 -340 0 0 -1 -1 0 0 0 1 0 3673.dat
1 0 -20 -109 -340 0 0 -1 -1 0 0 0 1 0 3673.dat
1 0 80 -119 -340 0 -1 0 0 0 1 -1 0 0 42003.dat
1 0 -80 -119 -340 0 1 0 0 0 -1 -1 0 0 42003.dat
1 0 0 -119 -350 1 0 0 0 0 -1 0 1 0 3701.dat
1 4 100 -79 -320 -1 0 0 0 0 -1 0 -1 0 6536.dat
1 4 -100 -79 -320 -1 0 0 0 0 -1 0 -1 0 6536.dat
1 72 82 -79 -320 1 0 0 0 1 0 0 0 1 6587.dat
1 72 -81 -78.75 -320.175 -1 0 0 0 1 0 0 0 -1 6587.dat
1 0 0 -109 -358 1 0 0 0 0 -1 0 1 0 3020.dat
1 71 0 -99 -366 1 0 0 0 0 -1 0 1 0 3460.dat
1 0 50 -99 -358 0 0 -1 -1 0 0 0 1 0 3623.dat
1 0 -50 -99 -358 0 0 -1 -1 0 0 0 1 0 3623.dat
1 0 0 -119 -366 -1 0 0 0 0 1 0 1 0 3710.dat
1 0 60 -119 -374 0 0 -1 -1 0 0 0 1 0 61678.dat
1 0 -60 -119 -374 0 0 1 1 0 0 0 1 0 61678.dat
1 4 80 -99 -358 1 0 0 0 0 -1 0 1 0 3023.dat
1 4 -80 -99 -358 1 0 0 0 0 -1 0 1 0 3023.dat
1 47 -70 -99 -374 1 0 0 0 0 -1 0 1 0 4073.dat
1 47 -50 -99 -374 1 0 0 0 0 -1 0 1 0 4073.dat
1 47 70 -99 -374 1 0 0 0 0 -1 0 1 0 4073.dat
1 47 50 -99 -374 1 0 0 0 0 -1 0 1 0 4073.dat
1 47 90 -99 -358 0 0 -1 -1 0 0 0 1 0 54200.dat
1 47 -90 -99 -358 0 0 1 1 0 0 0 1 0 54200.dat
1 0 0 -119 -374 1 0 0 0 0 -1 0 1 0 3069b.dat
1 4 -20 -99 -374 1 0 0 0 0 -1 0 1 0 2412b.dat
1 4 20 -99 -374 1 0 0 0 0 -1 0 1 0 2412b.dat
1 4 70 -79 -374 0 0 -1 -1 0 0 0 1 0 50950.dat
1 4 -70 -79 -374 0 0 1 1 0 0 0 1 0 50950.dat
1 4 0 -259.813 -232.154 0 0 -1 0.983255 0.182235 0 0.182235 -0.983255 0 40490.dat
1 0 80 -261.635 -222.321 0 0 -1 0.182235 -0.983255 0 -0.983255 -0.182235 0 3673.dat
1 0 -80 -261.635 -222.321 0 0 -1 0.182235 -0.983255 0 -0.983255 -0.182235 0 3673.dat
1 0 -40 -261.635 -222.321 0 0 -1 0.182235 -0.983255 0 -0.983255 -0.182235 0 3673.dat
1 0 40 -261.635 -222.321 0 0 -1 0.182235 -0.983255 0 -0.983255 -0.182235 0 3673.dat
1 71 60 -256.168 -251.819 0 0 -1 -0.983255 -0.182235 0 -0.182235 0.983255 0 55615.dat
1 71 -60 -256.168 -251.819 0 0 1 0.983255 -0.182235 0 0.182235 0.983255 0 55615.dat
1 4 80 -245.234 -310.814 0 1 0 0.983255 0 0.182235 0.182235 0 -0.983255 32524.dat
1 4 -80 -245.234 -310.814 0 1 0 0.983255 0 0.182235 0.182235 0 -0.983255 32524.dat
1 71 -60 -234.3 -369.81 -1 0 0 0 0.983255 0.182235 0 0.182235 -0.983255 32073.dat
1 71 65 -234.3 -369.81 -1 0 0 0 0.983255 0.182235 0 0.182235 -0.983255 32073.dat
1 4 0 -234.3 -369.81 0 0 -1 -0.983255 -0.182235 0 -0.182235 0.983255 0 32034.dat
1 0 60 -234.3 -369.81 0 1 0 -0.983255 0 -0.182235 -0.182235 0 0.983255 33299a.dat
1 0 -60 -234.3 -369.81 0 -1 0 0.983255 0 -0.182235 0.182235 0 0.983255 33299a.dat
1 0 -40 -234.3 -369.81 -1 0 0 0 -0.983255 -0.182235 0 -0.182235 0.983255 32291.dat
1 0 40 -234.3 -369.81 -1 0 0 0 -0.983255 -0.182235 0 -0.182235 0.983255 32291.dat
1 71 -50 -252.143 -383.287 0 0 -1 0.182235 -0.983255 0 -0.983255 -0.182235 0 4274.dat
1 71 -30 -252.143 -383.287 0 0 -1 0.182235 -0.983255 0 -0.983255 -0.182235 0 4274.dat
1 71 30 -252.143 -383.287 0 0 -1 0.182235 -0.983255 0 -0.983255 -0.182235 0 4274.dat
1 71 50 -252.143 -383.287 0 0 -1 0.182235 -0.983255 0 -0.983255 -0.182235 0 4274.dat
1 72 -90 -237.945 -350.145 -1 0 0 0 -0.983255 -0.182235 0 -0.182235 0.983255 32002.dat
1 72 90 -237.945 -350.145 1 0 0 0 -0.983255 0.182235 0 -0.182235 -0.983255 32002.dat
1 0 -100 -245.234 -310.814 -1 0 0 0 -0.983255 -0.182235 0 -0.182235 0.983255 32034.dat
1 0 -90 -245.234 -310.814 -1 0 0 0 -0.983255 -0.182235 0 -0.182235 0.983255 3673.dat
1 0 90 -245.234 -310.814 -1 0 0 0 -0.983255 -0.182235 0 -0.182235 0.983255 3673.dat
1 0 100 -245.234 -310.814 -1 0 0 0 -0.983255 -0.182235 0 -0.182235 0.983255 32034.dat
1 4 100 -251.248 -278.367 0 0 -1 0.182235 -0.983255 0 -0.983255 -0.182235 0 32062.dat
1 4 -100 -250.883 -280.334 0 0 -1 0.182235 -0.983255 0 -0.983255 -0.182235 0 32062.dat
1 0 -100 -255.986 -252.802 0 -1 0 0.983255 0 -0.182235 0.182235 0 0.983255 32034.dat
1 0 100 -256.168 -251.819 0 -1 0 0.983255 0 -0.182235 0.182235 0 0.983255 32034.dat
1 1 100 -261.453 -223.305 0 0 -1 0.182235 -0.983255 0 -0.983255 -0.182235 0 3749.dat
1 1 -100 -261.453 -223.305 0 0 -1 0.182235 -0.983255 0 -0.983255 -0.182235 0 3749.dat
1 4 20 -263.275 -213.472 0 0 1 0.983255 -0.182235 0 0.182235 0.983255 0 32526.dat
1 4 -20 -263.457 -212.489 0 0 -1 0.983255 0.182235 0 0.182235 -0.983255 0 32526.dat
1 0 100 -241.788 -219.66 0 0 1 -0.182235 -0.983255 0 0.983255 -0.182235 0 3673.dat
1 0 100 -222.123 -216.015 0 0 1 -0.182235 -0.983255 0 0.983255 -0.182235 0 3673.dat
1 0 -100 -222.305 -215.032 0 0 1 -0.182235 -0.983255 0 0.983255 -0.182235 0 3673.dat
1 0 -100 -241.97 -218.677 0 0 1 -0.182235 -0.983255 0 0.983255 -0.182235 0 3673.dat
1 4 -100 -200.818 -221.22 1 0 0 0 -0.182235 -0.983255 0 0.983255 -0.182235 32316.dat
1 4 100 -200.635 -222.203 1 0 0 0 -0.182235 -0.983255 0 0.983255 -0.182235 32316.dat
1 0 -100 -202.64 -211.387 0 0 1 -0.182235 -0.983255 0 0.983255 -0.182235 0 3673.dat
1 0 -100 -163.31 -204.098 0 0 1 -0.182235 -0.983255 0 0.983255 -0.182235 0 3673.dat
1 0 100 -163.128 -205.081 0 0 1 -0.182235 -0.983255 0 0.983255 -0.182235 0 3673.dat
1 0 100 -202.458 -212.371 0 0 1 -0.182235 -0.983255 0 0.983255 -0.182235 0 3673.dat
1 4 -100 -204.462 -201.555 1 0 0 0 0.182235 0.983255 0 -0.983255 0.182235 32526.dat
1 4 100 -204.28 -202.538 -1 0 0 0 -0.182235 0.983255 0 0.983255 0.182235 32526.dat
1 0 -100 -123.98 -196.809 0 0 1 -0.182235 -0.983255 0 0.983255 -0.182235 0 3673.dat
1 0 -80 -123.98 -196.809 0 0 1 -0.182235 -0.983255 0 0.983255 -0.182235 0 3673.dat
1 0 100 -123.797 -197.792 0 0 1 -0.182235 -0.983255 0 0.983255 -0.182235 0 3673.dat
1 0 80 -123.797 -197.792 0 0 1 -0.182235 -0.983255 0 0.983255 -0.182235 0 3673.dat
1 4 -100 -141.822 -210.286 0 0 1 -0.182235 -0.983255 0 0.983255 -0.182235 0 32054.dat
1 4 100 -141.64 -211.269 0 0 1 -0.182235 -0.983255 0 0.983255 -0.182235 0 32054.dat
1 4 0 -141.822 -210.286 0 0 1 -0.983255 0.182235 0 -0.182235 -0.983255 0 32525.dat
1 4 100 -121.975 -207.624 1 0 0 0 -0.983255 0.182235 0 -0.182235 -0.983255 64683.dat
1 4 -100 -122.157 -206.641 1 0 0 0 -0.983255 0.182235 0 -0.182235 -0.983255 64391.dat
1 4 -80 -79.1822 -219.017 1 0 0 0 -0.923879 0.382683 0 -0.382683 -0.923879 32054.dat
1 4 80 -79 -220 -1 0 0 0 -0.923879 -0.382683 0 -0.382683 0.923879 32054.dat
1 71 60 -266.001 -253.642 0 0 -1 -0.983255 -0.182235 0 -0.182235 0.983255 0 4274.dat
1 71 20 -266.001 -253.642 0 0 -1 -0.983255 -0.182235 0 -0.182235 0.983255 0 4274.dat
1 71 -60 -266.001 -253.642 0 0 -1 -0.983255 -0.182235 0 -0.182235 0.983255 0 4274.dat
1 4 -120 -234.3 -369.81 0 0 -1 -0.983255 -0.182235 0 -0.182235 0.983255 0 32015.dat
1 4 120 -234.3 -369.81 0 0 1 0.983255 -0.182235 0 0.182235 0.983255 0 32015.dat
1 47 40 -250.685 -391.153 -1 0 0 0 -0.182235 0.983255 0 0.983255 0.182235 3023.dat
1 47 -40 -250.685 -391.153 -1 0 0 0 -0.182235 0.983255 0 0.983255 0.182235 3023.dat
1 4 -131.48 -229.249 -397.062 0.38268 0 -0.923881 -0.168364 0.983255 -0.0697379 0.90841 0.182235 0.376272 32062.dat
1 4 132.246 -228.912 -398.879 -0.38268 0 -0.923881 -0.168364 0.983255 0.0697378 0.90841 0.182235 -0.376272 32062.dat
1 4 -142.961 -224.198 -424.314 0 -0.923881 -0.38268 -0.983255 -0.0697379 0.168364 -0.182235 0.376272 -0.90841 32013.dat
1 4 142.961 -224.198 -424.314 0 -0.923881 0.38268 -0.983255 0.0697378 0.168364 -0.182235 -0.376272 -0.90841 32013.dat
1 0 -142.961 -214.366 -422.492 0 1 0 -0.983255 0 -0.182235 -0.182235 0 0.983255 3673.dat
1 0 142.961 -214.366 -422.492 0 1 0 -0.983255 0 -0.182235 -0.182235 0 0.983255 3673.dat
1 4 142.961 -192.878 -428.68 0 0 -1 -0.983255 -0.182235 0 -0.182235 0.983255 0 2444.dat
1 47 152.961 -202.711 -430.502 -1 0 0 0 -0.182235 0.983255 0 0.983255 0.182235 54200.dat
1 47 132.961 -202.711 -430.502 -1 0 0 0 -0.182235 0.983255 0 0.983255 0.182235 54200.dat
1 4 152.961 -160.465 -438.945 1 0 0 0 -0.182235 -0.983255 0 0.983255 -0.182235 50950.dat
1 4 132.961 -160.465 -438.945 1 0 0 0 -0.182235 -0.983255 0 0.983255 -0.182235 50950.dat
1 4 -142.961 -192.878 -428.68 0 0 -1 -0.983255 -0.182235 0 -0.182235 0.983255 0 2444.dat
1 47 -132.961 -202.711 -430.502 -1 0 0 0 -0.182235 0.983255 0 0.983255 0.182235 54200.dat
1 47 -152.961 -202.711 -430.502 -1 0 0 0 -0.182235 0.983255 0 0.983255 0.182235 54200.dat
1 4 -132.961 -160.465 -438.945 1 0 0 0 -0.182235 -0.983255 0 0.983255 -0.182235 50950.dat
1 4 -152.961 -160.465 -438.945 1 0 0 0 -0.182235 -0.983255 0 0.983255 -0.182235 50950.dat
1 0 -10 -273.867 -255.099 1 0 0 0 0.983255 -0.182235 0 0.182235 0.983255 3460.dat
1 57 -50 -281.733 -256.557 -1 0 0 0 0.983255 0.182235 0 0.182235 -0.983255 3023.dat
1 57 30 -281.733 -256.557 -1 0 0 0 0.983255 0.182235 0 0.182235 -0.983255 3023.dat
1 57 60 -273.867 -255.099 0 0 -1 -0.182235 0.983255 0 0.983255 0.182235 0 54200.dat
1 57 -80 -273.867 -255.099 0 0 1 0.182235 0.983255 0 -0.983255 0.182235 0 54200.dat
1 57 -50 -289.599 -258.015 1 0 0 0 0.983255 -0.182235 0 0.182235 0.983255 3069b.dat
1 57 30 -289.599 -258.015 1 0 0 0 0.983255 -0.182235 0 0.182235 0.983255 3069b.dat
1 0 -10 -281.733 -256.557 1 0 0 0 0.983255 -0.182235 0 0.182235 0.983255 3023.dat
1 0 -10 -289.599 -258.015 1 0 0 0 0.983255 -0.182235 0 0.182235 0.983255 3069b.dat
1 71 -80 -149.112 -170.956 0 1 0 0.983255 0 0.182235 0.182235 0 -0.983255 32039.dat
1 72 -80 -198.969 -159.856 0 0 1 -0.983255 0.182235 0 -0.182235 -0.983255 0 32209.dat
1 71 -80 -145.467 -190.621 0 -1 0 -0.182235 0 -0.983255 0.983255 0 -0.182235 4519.dat
1 71 -80 -192.087 -158.58 0 0 -1 -0.182235 0.983255 0 0.983255 0.182235 0 3941.dat
1 71 -80 -215.685 -162.954 0 0 -1 -0.182235 0.983255 0 0.983255 0.182235 0 3941.dat
1 71 -80 -239.283 -167.327 0 0 -1 -0.182235 0.983255 0 0.983255 0.182235 0 3941.dat
1 71 -80 -267.797 -172.612 -1 0 0 0 0.182235 -0.983255 0 -0.983255 -0.182235 32015.dat
1 72 -80 -145.467 -190.621 0 0 1 -0.983255 0.182235 0 -0.182235 -0.983255 0 60483.dat
1 0 -60 -143.645 -200.453 0 0 -1 -0.182235 0.983255 0 0.983255 0.182235 0 3673.dat
1 0 95 -188.219 -355.371 0 1 0 0.104529 0 0.994522 0.994522 0 -0.104529 32063.dat
1 0 -95 -188.219 -355.371 0 1 0 0.104529 0 0.994522 0.994522 0 -0.104529 32063.dat
1 71 100 -246.336 -249.997 0 1 0 0.983255 0 0.182235 0.182235 0 -0.983255 4274.dat
1 71 -100 -246.153 -250.98 0 1 0 0.983255 0 0.182235 0.182235 0 -0.983255 4274.dat
1 71 -120 -58.75 -280.175 0 1 0 -1 0 0 0 0 1 32316.dat
1 0 -110 -58.75 -240.174 1 0 0 0 1 0 0 0 1 3673.dat
1 0 -110 -58.75 -300.175 1 0 0 0 1 0 0 0 1 3673.dat
1 0 110 -58.75 -300.175 1 0 0 0 1 0 0 0 1 3673.dat
1 71 120 -58.75 -280.175 0 1 0 -1 0 0 0 0 1 32316.dat
1 0 110 -58.75 -240.174 1 0 0 0 1 0 0 0 1 3673.dat
1 71 -40 -27.0144 155.089 0 1 0 -0.453991 0 -0.891007 -0.891007 0 0.453991 32271.dat
1 71 0 -27.0144 155.089 -1 0 0 0 0.453991 0.891007 0 0.891007 -0.453991 32073.dat
1 71 -20 -27.0144 155.089 -1 0 0 0 -0.453991 -0.891007 0 -0.891007 0.453991 6536.dat
1 71 0 -27.0144 155.089 -1 0 0 0 0.891007 -0.453991 0 -0.453991 -0.891007 6536.dat
1 71 20 -27.0144 155.089 -1 0 0 0 -0.453991 -0.891007 0 -0.891007 0.453991 6536.dat
1 71 40 -27.0144 155.089 0 1 0 -0.453991 0 -0.891007 -0.891007 0 0.453991 32271.dat
1 71 40 -169.847 191.951 1 0 0 0 0.838671 -0.544639 0 0.544639 0.838671 4519.dat
1 71 -40 -169.847 191.951 1 0 0 0 0.838671 -0.544639 0 0.544639 0.838671 4519.dat
1 0 0 -169.847 191.951 0 0 -1 -0.99863 -0.0523358 0 -0.0523358 0.99863 0 32034.dat
1 0 -30 -80.4748 182.328 -1 0 0 0 -0.927184 -0.374607 0 -0.374607 0.927184 6628.dat
1 72 20 -27.1842 132.729 0 0 1 0.891007 0.453991 0 -0.453991 0.891007 0 32002.dat
1 72 -20 -27.1842 132.729 0 0 1 0.891007 0.453991 0 -0.453991 0.891007 0 32002.dat
1 0 70 -169.847 191.951 0 0 1 0.544639 0.838671 0 -0.838671 0.544639 0 59443.dat
1 4 -90 -169.847 191.951 1 0 0 0 0.838671 -0.544639 0 0.544639 0.838671 32062.dat
1 4 89 -169.847 191.951 1 0 0 0 0.760406 -0.649448 0 0.649448 0.760406 32062.dat
1 1 -130 -169.847 191.951 1 0 0 0 -0.309017 -0.951057 0 0.951057 -0.309017 3749.dat
1 1 130 -169.847 191.951 -1 0 0 0 -0.838671 -0.544639 0 -0.544639 0.838671 3749.dat
1 0 110 -169.847 191.951 0 0 1 0.544639 0.838671 0 -0.838671 0.544639 0 59443.dat
1 0 -70 -169.847 191.951 0 0 1 0.544639 0.838671 0 -0.838671 0.544639 0 59443.dat
1 0 -110 -169.847 191.951 0 0 1 0.544639 0.838671 0 -0.838671 0.544639 0 59443.dat
1 71 0 -133.935 209.568 1 0 0 0 0.453991 -0.891007 0 0.891007 0.453991 60485.dat
1 71 60 -133.935 209.568 0 0 -1 -0.891007 0.453991 0 0.453991 0.891007 0 4019.dat
1 71 -60 -133.935 209.568 0 0 -1 -0.891007 0.453991 0 0.453991 0.891007 0 4019.dat
1 71 -90 -133.935 209.568 0 0 -1 -0.891007 0.453991 0 0.453991 0.891007 0 59443.dat
1 71 90 -133.935 209.568 0 0 -1 -0.891007 0.453991 0 0.453991 0.891007 0 59443.dat
1 0 150 -133.935 209.568 -1 0 0 0 0.453991 0.891007 0 0.891007 -0.453991 3706.dat
1 0 -150 -133.935 209.568 -1 0 0 0 0.453991 0.891007 0 0.891007 -0.453991 3706.dat
1 71 -120 -133.935 209.568 0 0 -1 -0.891007 0.453991 0 0.453991 0.891007 0 4019.dat
1 71 120 -133.935 209.568 0 0 -1 -0.891007 0.453991 0 0.453991 0.891007 0 4019.dat
1 71 200 -133.935 209.568 0 0 -1 -0.891007 0.453991 0 0.453991 0.891007 0 4019.dat
1 71 -200 -133.935 209.568 0 0 -1 -0.891007 0.453991 0 0.453991 0.891007 0 4019.dat
1 71 140 -160.699 218.715 0 0 -1 0.897797 0.44041 0 0.44041 -0.897797 0 63869.dat
1 1 140 -169.677 214.311 0 -1 0 0.897797 0 -0.44041 0.44041 0 0.897797 3749.dat
1 71 -140 -160.699 218.715 0 0 -1 0.897797 0.44041 0 0.44041 -0.897797 0 63869.dat
1 1 -140 -169.677 214.311 0 -1 0 0.897797 0 -0.44041 0.44041 0 0.897797 3749.dat
1 0 -120 -214.228 237.011 0 0 -1 -0.897797 -0.44041 0 -0.44041 0.897797 0 64683.dat
1 0 -110 -214.228 237.011 -1 0 0 0 0.897797 0.44041 0 0.44041 -0.897797 3673.dat
1 0 -110 -178.655 209.907 -1 0 0 0 0.897797 0.44041 0 0.44041 -0.897797 3673.dat
1 0 0 -214.263 236.964 0 0 -1 -0.897216 -0.441593 0 -0.441593 0.897216 0 62531.dat
1 0 110 -214.263 236.964 -1 0 0 0 0.897797 0.44041 0 0.44041 -0.897797 3673.dat
1 0 110 -178.655 209.907 -1 0 0 0 0.891605 -0.452817 0 -0.452817 -0.891605 3673.dat
1 0 120 -214.228 237.011 0 0 1 0.897797 -0.44041 0 0.44041 0.897797 0 64391.dat
1 0 -9.4373 -117.652 89.8919 -0.0604909 0.994492 -0.0856265 -0.927999 -0.0244376 0.371775 0.367634 0.101951 0.924362 32005.dat
1 0 0 -40 -440 0 0 -1 -1 0 0 0 1 0 32034.dat
1 71 -59 -40 -440 -1 0 0 0 0 1 0 1 0 32073.dat
1 71 60 -40 -440 -1 0 0 0 0 1 0 1 0 32073.dat
1 0 -39 -40 -440 -1 0 0 0 0 -1 0 -1 0 6536.dat
1 0 40 -40 -440 -1 0 0 0 0 -1 0 -1 0 6536.dat
1 71 -59 -40 -440 0 0 1 1 0 0 0 1 0 3713.dat
1 72 -79 -40 -440 0 1 0 0 0 1 1 0 0 60483.dat
1 0 -88.9788 -19.9802 -439.896 1 0 0 0 1 0 0 0 1 6628.dat
1 1 -39 -40 -460 0 1 0 1 0 0 0 0 -1 6558.dat
1 1 40 -40 -460 0 1 0 1 0 0 0 0 -1 6558.dat
1 0 119 -40 -440 0 0 1 1 0 0 0 1 0 32016.dat
1 0 -119 -40 -440 0 -0.38268 0.923881 1 0 0 0 0.923881 0.38268 32016.dat
1 4 -149.488 -40 -452.628 0.923881 0 -0.38268 0 1 0 0.38268 0 0.923881 32062.dat
1 4 150.412 -40 -453.011 0.923881 0 0.38268 0 1 0 -0.38268 0 0.923881 32062.dat
1 71 0 -20 -440 -1 0 0 0 0 1 0 1 0 3713.dat
1 0 0 -60 -440 0 0 -1 -1 0 0 0 1 0 6536.dat
1 0 0 -60 -420 -1 0 0 0 1 0 0 0 -1 32054.dat
1 0 0 -60 -460 0 0 -1 0 1 0 1 0 0 62531.dat
1 0 1 -20 -460 0 0 1 0 -1 0 1 0 0 62531.dat
1 71 166.118 -40 -459.517 -0.38268 0 0.923881 0 1 0 -0.923881 0 -0.38268 59443.dat
1 71 -166.118 -40 -459.517 -0.38268 0 -0.923881 0 1 0 0.923881 0 -0.38268 59443.dat
1 4 184.595 -40 -467.17 0.923881 0 0.38268 0 1 0 -0.38268 0 0.923881 32062.dat
1 4 -183.672 -40 -466.788 0.923881 0 -0.38268 0 1 0 0.38268 0 0.923881 32062.dat
1 0 -193.834 -40 -470.997 0.923881 0.38268 0 0 0 1 0.38268 -0.923881 0 32291.dat
1 0 193.834 -40 -470.997 0.923881 -0.38268 0 0 0 1 -0.38268 -0.923881 0 32291.dat
1 1 176.942 -40 -485.648 0 1 0 1 0 0 0 0 -1 6558.dat
1 1 195.42 -40 -493.301 0 1 0 1 0 0 0 0 -1 6558.dat
1 1 -195.42 -40 -493.301 0 1 0 1 0 0 0 0 -1 6558.dat
1 1 -176.942 -40 -485.648 0 1 0 1 0 0 0 0 -1 6558.dat
1 0 -139.987 -60 -470.341 -0.382679 0 -0.923881 0 1 0 0.923881 0 -0.382679 64683.dat
1 0 139.987 -20 -470.341 0.38268 0 0.923881 0 -1 0 0.923881 0 -0.38268 64683.dat
1 0 139.987 -60 -470.341 -0.38268 0 0.923881 0 1 0 -0.923881 0 -0.38268 64391.dat
1 0 -139.987 -20 -470.341 0.38268 0 -0.923881 0 -1 0 -0.92388 0 -0.38268 64391.dat

0 SYNTH BEGIN TECHNIC_CHAIN_TREAD_38 0
0 SYNTH SHOW
1 71 158 1 -319 0 0 1 1 0 0 0 1 0 57520.dat
1 71 158 1 -240 0 0 1 1 0 0 0 1 0 57520.dat
1 71 158 1 -160 0 0 1 1 0 0 0 1 0 57520.dat
1 71 158 1 -73 0 0 1 1 0 0 0 1 0 57520.dat
1 71 158 1 7 0 0 1 1 0 0 0 1 0 57520.dat
1 71 158 1 87 0 0 1 1 0 0 0 1 0 57520.dat
0 SYNTH SYNTHESIZED BEGIN
1 0 158 -24 -319 -1 0 0 0 1 0 0 0 -1 57518.dat
1 0 158 -24 -292.667 -1 0 0 0 1 0 0 0 -1 57518.dat
1 0 158 -24 -266.333 -1 0 0 0 1 0 0 0 -1 57518.dat
1 0 158 -5.1909 -344.889 -1 0 0 0 0.809 0.5878 0 0.5878 -0.809 57518.dat
1 0 158 23.7084 -332.888 -1 0 0 0 -0.309 0.9511 0 0.9511 0.309 57518.dat
1 0 158 21.2254 -301.695 -1 0 0 0 -1 0 0 0 1 57518.dat
1 0 158 -24 -240 -1 0 0 0 1 0 0 0 -1 57518.dat
1 0 158 -24 -213.333 -1 0 0 0 1 0 0 0 -1 57518.dat
1 0 158 -24 -186.667 -1 0 0 0 1 0 0 0 -1 57518.dat
1 0 158 -24 -160 -1 0 0 0 1 0 0 0 -1 57518.dat
1 0 158 -24 -131 -1 0 0 0 1 0 0 0 -1 57518.dat
1 0 158 -24 -102 -1 0 0 0 1 0 0 0 -1 57518.dat
1 0 158 -24 -73 -1 0 0 0 1 0 0 0 -1 57518.dat
1 0 158 -24 -46.3333 -1 0 0 0 1 0 0 0 -1 57518.dat
1 0 158 -24 -19.6667 -1 0 0 0 1 0 0 0 -1 57518.dat
1 0 158 -24 7 -1 0 0 0 1 0 0 0 -1 57518.dat
1 0 158 -24 33.6667 -1 0 0 0 1 0 0 0 -1 57518.dat
1 0 158 -24 60.3333 -1 0 0 0 1 0 0 0 -1 57518.dat
1 0 158 26 87 -1 0 0 0 -1 0 0 0 1 57518.dat
1 0 158 26 58 -1 0 0 0 -1 0 0 0 1 57518.dat
1 0 158 26 29 -1 0 0 0 -1 0 0 0 1 57518.dat
1 0 158 26 0 -1 0 0 0 -1 0 0 0 1 57518.dat
1 0 158 26 -29 -1 0 0 0 -1 0 0 0 1 57518.dat
1 0 158 26 -58 -1 0 0 0 -1 0 0 0 1 57518.dat
1 0 158 26 -87 -1 0 0 0 -1 0 0 0 1 57518.dat
1 0 158 26 -116 -1 0 0 0 -1 0 0 0 1 57518.dat
1 0 158 26 -145 -1 0 0 0 -1 0 0 0 1 57518.dat
1 0 158 26 -174 -1 0 0 0 -1 0 0 0 1 57518.dat
1 0 158 26 -203 -1 0 0 0 -1 0 0 0 1 57518.dat
1 0 158 26 -232 -1 0 0 0 -1 0 0 0 1 57518.dat
1 0 158 26 -261 -1 0 0 0 -1 0 0 0 1 57518.dat
1 0 158 26 -290 -1 0 0 0 -1 0 0 0 1 57518.dat
1 0 158 7.1909 112.888 -1 0 0 0 -0.809 -0.5878 0 -0.5878 0.809 57518.dat
1 0 158 -21.7084 100.888 -1 0 0 0 0.309 -0.9511 0 -0.9511 -0.309 57518.dat
1 0 158 -19.2254 69.6946 -1 0 0 0 1 0 0 0 -1 57518.dat
0 SYNTH SYNTHESIZED END
0 SYNTH END
0 SYNTH BEGIN TECHNIC_CHAIN_TREAD_38 0
0 SYNTH SHOW
1 71 -160 1 -240 0 0 -1 -1 0 0 0 1 0 57520.dat
1 71 -160 1 -160 0 0 -1 -1 0 0 0 1 0 57520.dat
1 71 -160 1 -73 0 0 -1 -1 0 0 0 1 0 57520.dat
1 71 -160 1 87 0 0 -1 -1 0 0 0 1 0 57520.dat
1 71 -160 1 7 0 0 -1 -1 0 0 0 1 0 57520.dat
1 71 -160 1 -319 0 0 -1 -1 0 0 0 1 0 57520.dat
0 SYNTH SYNTHESIZED BEGIN
1 0 -160 26 -240 1 0 0 0 -1 0 0 0 -1 57518.dat
1 0 -160 26 -213.333 1 0 0 0 -1 0 0 0 -1 57518.dat
1 0 -160 26 -186.667 1 0 0 0 -1 0 0 0 -1 57518.dat
1 0 -160 26 -160 1 0 0 0 -1 0 0 0 -1 57518.dat
1 0 -160 26 -131 1 0 0 0 -1 0 0 0 -1 57518.dat
1 0 -160 26 -102 1 0 0 0 -1 0 0 0 -1 57518.dat
1 0 -160 26 -73 1 0 0 0 -1 0 0 0 -1 57518.dat
1 0 -160 26 -46.3333 1 0 0 0 -1 0 0 0 -1 57518.dat
1 0 -160 26 -19.6667 1 0 0 0 -1 0 0 0 -1 57518.dat
1 0 -160 26 7 1 0 0 0 -1 0 0 0 -1 57518.dat
1 0 -160 26 33.6667 1 0 0 0 -1 0 0 0 -1 57518.dat
1 0 -160 26 60.3333 1 0 0 0 -1 0 0 0 -1 57518.dat
1 0 -160 -24 87 1 0 0 0 1 0 0 0 1 57518.dat
1 0 -160 -24 60.3333 1 0 0 0 1 0 0 0 1 57518.dat
1 0 -160 -24 33.6667 1 0 0 0 1 0 0 0 1 57518.dat
1 0 -160 -5.1909 112.888 1 0 0 0 0.809 0.5878 0 -0.5878 0.809 57518.dat
1 0 -160 23.7084 100.888 1 0 0 0 -0.309 0.9511 0 -0.9511 -0.309 57518.dat
1 0 -160 21.2254 69.6946 1 0 0 0 -1 -0 0 0 -1 57518.dat
1 0 -160 -24 7 1 0 0 0 1 0 0 0 1 57518.dat
1 0 -160 -24 -20.1667 1 0 0 0 1 0 0 0 1 57518.dat
1 0 -160 -24 -47.3333 1 0 0 0 1 0 0 0 1 57518.dat
1 0 -160 -24 -74.5 1 0 0 0 1 0 0 0 1 57518.dat
1 0 -160 -24 -101.667 1 0 0 0 1 0 0 0 1 57518.dat
1 0 -160 -24 -128.833 1 0 0 0 1 0 0 0 1 57518.dat
1 0 -160 -24 -156 1 0 0 0 1 0 0 0 1 57518.dat
1 0 -160 -24 -183.167 1 0 0 0 1 0 0 0 1 57518.dat
1 0 -160 -24 -210.333 1 0 0 0 1 0 0 0 1 57518.dat
1 0 -160 -24 -237.5 1 0 0 0 1 0 0 0 1 57518.dat
1 0 -160 -24 -264.667 1 0 0 0 1 0 0 0 1 57518.dat
1 0 -160 -24 -291.833 1 0 0 0 1 0 0 0 1 57518.dat
1 0 -160 26 -319 1 0 0 0 -1 0 0 0 -1 57518.dat
1 0 -160 26 -292.667 1 0 0 0 -1 0 0 0 -1 57518.dat
1 0 -160 26 -266.333 1 0 0 0 -1 0 0 0 -1 57518.dat
1 0 -160 7.1909 -344.889 1 0 0 0 -0.809 -0.5878 0 0.5878 -0.809 57518.dat
1 0 -160 -21.7084 -332.888 1 0 0 0 0.309 -0.9511 0 0.9511 0.309 57518.dat
1 0 -160 -19.2254 -301.695 1 0 0 0 1 0 0 0 1 57518.dat
0 SYNTH SYNTHESIZED END
0 SYNTH END
0 SYNTH BEGIN FLEXIBLE_AXLE 0
0 SYNTH SHOW
0 MLCAD HIDE 1 2 -101 -261.337 -255.232 0 0 -1 0.258819 -0.965926 0 -0.965926 -0.258819 0 LS02.dat
0 MLCAD HIDE 1 4 -99 -119 -350 0 0 -1 -1 0 0 0 1 0 LS02.dat
0 SYNTH SYNTHESIZED BEGIN
1 0 -101 -222.7 -244.879 0 0 -1 0.2588 -0.9659 0 -0.9659 -0.2588 0 LS40.dat
1 0 -101 -222.7 -244.879 -0 0.0034 -1 0.2347 3.4176 0.0009 -0.9721 0.825 0.0002 LS41.dat
1 0 -100.998 -220.374 -244.318 0.0003 0.0092 -1 0.1889 3.2483 0.0028 -0.982 0.625 0.0002 LS41.dat
1 0 -100.991 -218.119 -243.884 0.0006 0.0136 -1 0.1474 3.0811 0.0044 -0.9891 0.4593 0.0001 LS41.dat
1 0 -100.982 -215.943 -243.56 0.0008 0.017 -1 0.1096 2.9334 0.0058 -0.994 0.3236 -0.0001 LS41.dat
1 0 -100.97 -213.836 -243.327 0.0009 0.0196 -1 0.0752 2.7887 0.0071 -0.9972 0.2102 -0.0004 LS41.dat
1 0 -100.955 -211.803 -243.174 0.001 0.0216 -1 0.0436 2.6487 0.0082 -0.999 0.1157 -0.0007 LS41.dat
1 0 -100.939 -209.848 -243.089 0.0011 0.0231 -1 0.0147 2.5314 0.0092 -0.9999 0.0373 -0.001 LS41.dat
1 0 -100.922 -207.957 -243.061 0.0012 0.0242 -0.9999 -0.0119 2.4167 0.01 -0.9999 -0.0288 -0.0013 LS41.dat
1 0 -100.904 -206.131 -243.082 0.0013 0.025 -0.9999 -0.0366 2.3075 0.0108 -0.9993 -0.0844 -0.0017 LS41.dat
1 0 -100.885 -204.373 -243.147 0.0013 0.0257 -0.9999 -0.0594 2.2174 0.0115 -0.9982 -0.132 -0.002 LS41.dat
1 0 -100.865 -202.667 -243.248 0.0014 0.0259 -0.9999 -0.0807 2.1133 0.0121 -0.9967 -0.1711 -0.0024 LS41.dat
1 0 -100.845 -201.03 -243.381 0.0014 0.0262 -0.9999 -0.1005 2.0328 0.0126 -0.9949 -0.2053 -0.0027 LS41.dat
1 0 -100.824 -199.445 -243.541 0.0014 0.0266 -0.9999 -0.1192 1.9706 0.0131 -0.9929 -0.2365 -0.003 LS41.dat
1 0 -100.803 -197.897 -243.727 0.0015 0.0265 -0.9999 -0.1368 1.8914 0.0136 -0.9906 -0.2611 -0.0034 LS41.dat
1 0 -100.782 -196.402 -243.933 0.0015 0.0264 -0.9999 -0.1533 1.8166 0.014 -0.9882 -0.2817 -0.0037 LS41.dat
1 0 -100.762 -194.961 -244.156 0.0015 0.0264 -0.9999 -0.1689 1.7612 0.0143 -0.9856 -0.3017 -0.004 LS41.dat
1 0 -100.74 -193.556 -244.397 0.0016 0.0264 -0.9999 -0.1837 1.7073 0.0146 -0.983 -0.319 -0.0043 LS41.dat
1 0 -100.719 -192.189 -244.653 0.0016 0.0262 -0.9999 -0.1978 1.6546 0.0149 -0.9802 -0.3339 -0.0046 LS41.dat
1 0 -100.698 -190.858 -244.921 0.0016 0.0261 -0.9999 -0.2113 1.6032 0.0152 -0.9774 -0.3465 -0.0049 LS41.dat
1 0 -100.677 -189.563 -245.201 0.0016 0.0258 -0.9999 -0.2241 1.5541 0.0154 -0.9746 -0.3574 -0.0052 LS41.dat
1 0 -100.656 -188.306 -245.49 0.0016 0.0259 -0.9999 -0.2365 1.5224 0.0156 -0.9716 -0.3705 -0.0055 LS41.dat
1 0 -100.635 -187.068 -245.791 0.0017 0.0255 -0.9999 -0.2483 1.4759 0.0158 -0.9687 -0.3783 -0.0058 LS41.dat
1 0 -100.614 -185.867 -246.099 0.0017 0.0255 -0.9999 -0.2598 1.4456 0.016 -0.9657 -0.3888 -0.0061 LS41.dat
1 0 -100.594 -184.686 -246.417 0.0017 0.0251 -0.9998 -0.2708 1.3997 0.0162 -0.9626 -0.3937 -0.0063 LS41.dat
1 0 -100.573 -183.541 -246.739 0.0017 0.025 -0.9998 -0.2814 1.3725 0.0163 -0.9596 -0.4024 -0.0066 LS41.dat
1 0 -100.553 -182.416 -247.069 0.0017 0.0249 -0.9998 -0.2917 1.3445 0.0164 -0.9565 -0.4099 -0.0068 LS41.dat
1 0 -100.532 -181.31 -247.406 0.0018 0.0244 -0.9998 -0.3016 1.3004 0.0165 -0.9534 -0.4113 -0.0071 LS41.dat
1 0 -100.512 -180.24 -247.745 0.0018 0.0243 -0.9998 -0.3112 1.2752 0.0166 -0.9503 -0.4175 -0.0073 LS41.dat
1 0 -100.492 -179.189 -248.089 0.0018 0.0241 -0.9998 -0.3205 1.2495 0.0167 -0.9472 -0.4228 -0.0075 LS41.dat
1 0 -100.472 -178.158 -248.438 0.0018 0.0239 -0.9998 -0.3296 1.2245 0.0168 -0.9441 -0.4275 -0.0078 LS41.dat
1 0 -100.452 -177.146 -248.791 0.0018 0.0237 -0.9998 -0.3385 1.2003 0.0169 -0.941 -0.4317 -0.008 LS41.dat
1 0 -100.433 -176.152 -249.148 0.0018 0.0235 -0.9998 -0.3471 1.1779 0.0169 -0.9378 -0.4359 -0.0082 LS41.dat
1 0 -100.413 -175.178 -249.509 0.0018 0.0236 -0.9998 -0.3555 1.1711 0.017 -0.9347 -0.4455 -0.0084 LS41.dat
1 0 -100.394 -174.207 -249.878 0.0019 0.0234 -0.9998 -0.3639 1.1469 0.017 -0.9314 -0.448 -0.0086 LS41.dat
1 0 -100.374 -173.255 -250.25 0.0019 0.0232 -0.9998 -0.372 1.1262 0.017 -0.9282 -0.4513 -0.0088 LS41.dat
1 0 -100.355 -172.322 -250.624 0.0019 0.0233 -0.9998 -0.38 1.119 0.0171 -0.925 -0.4596 -0.009 LS41.dat
1 0 -100.336 -171.392 -251.006 0.0019 0.023 -0.9998 -0.3878 1.0963 0.0171 -0.9217 -0.4613 -0.0092 LS41.dat
1 0 -100.317 -170.481 -251.389 0.0019 0.0228 -0.9998 -0.3955 1.0752 0.0171 -0.9185 -0.463 -0.0094 LS41.dat
1 0 -100.298 -169.588 -251.774 0.0019 0.0228 -0.9998 -0.4031 1.0694 0.0171 -0.9151 -0.471 -0.0096 LS41.dat
