0 FILE 8285_B.ldr
0 ROTATION CENTER 0 0 0 1 "Custom" 
0 ROTATION CONFIG 0 0
1 7 0 0 0 1 0 0 0 1 0 0 0 1 Tractor.ldr
1 7 0 -8 0 1 0 0 0 1 0 0 0 1 trailer.ldr
0 WRITE Author: marco
0
0 FILE Tractor.ldr
0 New Model
0 Name: Tractor.ldr
0 Author: MLCad
0 Unofficial Model
0 Untitled
0 Name: 8285_B.ldr
0 Author: MLCad
0 Unofficial Model
0 ROTATION CENTER 0 0 0 1 "Custom" 
0 ROTATION CONFIG 0 0
1 7 0 0 0 1 0 0 0 1 0 0 0 1 B.ldr
1 7 0 0 0 1 0 0 0 1 0 0 0 1 C1.ldr
1 7 0 0 0 1 0 0 0 1 0 0 0 1 B1.ldr
1 7 0 0 0 1 0 0 0 1 0 0 0 1 B2.ldr
1 7 0 0 0 1 0 0 0 1 0 0 0 1 A.ldr
1 7 0 0 0 1 0 0 0 1 0 0 0 1 C.ldr
0
0 FILE trailer.ldr
0 trailer
0 Name: trailer.ldr
0 Author: MLCad
0 Unofficial Model
0 ROTATION CENTER 0 0 0 1 "Custom" 
0 ROTATION CONFIG 0 0
1 7 0 0 0 1 0 0 0 1 0 0 0 1 G.ldr
1 7 0 0 0 1 0 0 0 1 0 0 0 1 crane.ldr
1 7 0 0 0 1 0 0 0 1 0 0 0 1 H.ldr
0
0 FILE A.ldr
0 motor
0 ROTATION CENTER 0 0 0 1 "Custom" 
0 ROTATION CONFIG 0 0
1 71 260.063 -97.1557 -140.991 -0.473812 0.880626 2.54858e-005 0.880626 0.473812 4.24825e-005 2.53357e-005 4.25722e-005 -1 2852.dat
1 71 250.059 -97.1373 -220.99 -1 0 4.19535e-005 0 -1 -0.000167882 4.19535e-005 -0.000167882 1 2853.dat
1 72 250.06 -97.1407 -200.99 -1 0 4.19535e-005 0 -1 -0.000167556 4.19535e-005 -0.000167556 1 2854.dat
1 4 240.061 -96.6406 -180.99 4.15868e-005 0.000493063 -1 -0.000167577 1 0.000493056 1 0.000167556 4.16694e-005 32062.dat
1 72 250.062 -97.1489 -160.991 1 0 0 0 1 0 0 0 1 2854.dat
1 71 250.063 -97.1508 -140.991 -1 0.000493056 0 0.000493056 1 0.000167882 0 0.000167882 -1 2853.dat
1 0 250.065 -96.6576 -90.9906 4.15868e-005 0.000493063 -1 -0.000167577 1 0.000493056 1 0.000167556 4.16694e-005 3705.dat
1 71 250.065 -96.6584 -90.9906 -1 0.000493056 0 0.000493056 1 9.16063e-005 0 9.16063e-005 -1 3713.dat
1 0 250.057 -96.6289 -270.991 4.15868e-005 0.000493063 -1 -0.000167577 1 0.000493056 1 0.000167556 4.16694e-005 3705.dat
1 71 250.057 -96.6282 -270.991 -1 0.000493056 0 0.000493056 1 9.16063e-005 0 9.16063e-005 -1 3713.dat
1 71 250.057 -96.6268 -285.991 -1 0.000493056 0 0.000493056 1 9.16063e-005 0 9.16063e-005 -1 32123a.dat
1 71 250.056 -97.1221 -295.991 1 4.18825e-005 -0.000493085 -0.000493081 -9.16648e-005 -1 -4.19277e-005 1 -9.16441e-005 44374.dat
1 71 250.056 -96.6227 -305.99 1 0 0 0 1 0 0 0 1 32123a.dat
1 71 260.059 -97.1423 -220.991 0.705125 -0.709083 4.18709e-005 0.709083 0.705125 -0.000167577 8.93018e-005 0.000147853 1 2852.dat
1 14 288.401 -125.328 -220.997 4.47839e-005 -0.736593 -0.676336 -0.000164427 0.676336 -0.736593 1 0.000144199 -9.08283e-005 2851.dat
1 71 240.061 -97.1391 -180.99 0.474158 -0.88044 4.18709e-005 0.88044 0.474158 -0.000167577 0.000127688 0.000116323 1 2852.dat
1 14 275.254 -116.09 -180.995 4.37363e-005 -0.84772 -0.530444 -0.00016482 0.530444 -0.84772 1 0.000124414 -0.000116472 2851.dat
1 71 260.063 -97.1557 -140.991 0.705125 -0.709083 4.18709e-005 0.709083 0.705125 -0.000167577 8.93018e-005 0.000147853 1 2852.dat
1 14 288.405 -125.341 -140.997 4.47839e-005 -0.736593 -0.676336 -0.000164427 0.676336 -0.736593 1 0.000144199 -9.08283e-005 2851.dat
1 71 240.061 -97.1391 -180.99 -0.706757 0.707456 3.68946e-005 0.707456 0.706757 8.87809e-005 3.67331e-005 8.88479e-005 -1 2852.dat
1 14 211.785 -125.39 -180.993 -4.46483e-005 0.74885 0.66274 0.000170742 0.66274 -0.74885 -1 7.96657e-005 -0.000157425 2851.dat
1 71 260.059 -97.1423 -220.991 -0.473812 0.880626 2.54858e-005 0.880626 0.473812 4.24825e-005 2.53357e-005 4.25722e-005 -1 2852.dat
1 14 224.856 -116.076 -220.992 -4.46483e-005 0.74885 0.66274 0.000170742 0.66274 -0.74885 -1 7.96657e-005 -0.000157425 2851.dat
1 71 260.029 -162.424 -181.002 -4.18963e-005 0.000493063 1 0.000167577 1 -0.000493056 -1 0.000167556 -4.19789e-005 6636.dat
1 71 250.033 -154.419 -181 4.18252e-005 0.000493063 -1 -0.000167577 1 0.000493056 1 0.000167556 4.19079e-005 3034.dat
1 4 250.026 -162.407 -251.002 -1 0.000493056 0 0.000493056 1 0.000167556 0 0.000167556 -1 2412b.dat
1 4 250.032 -162.431 -111.002 -1 0.000493056 0 0.000493056 1 0.000167556 0 0.000167556 -1 2412b.dat
1 71 240.029 -162.414 -181.001 -4.18963e-005 0.000493063 1 0.000167577 1 -0.000493056 -1 0.000167556 -4.19789e-005 6636.dat
1 0 250.033 -146.632 -250.999 1 0 0 0 1 0 0 0 1 32333.dat
1 0 250.04 -146.653 -110.999 1 0 0 0 1 0 0 0 1 32333.dat
1 0 270.058 -96.642 -260.991 4.16006e-005 0.00049306 -1 -9.16268e-005 1 0.000493056 1 9.16063e-005 4.16458e-005 2780.dat
1 4 230.067 -77.1214 -271.489 1 -0.000493004 -4.19278e-005 -0.000493004 -1 0 -4.19278e-005 0 -1 6536.dat
1 72 252.067 -77.1322 -270.99 1 0 0 0 1 0 0 0 1 6587.dat
1 4 270.067 -77.1411 -271.491 1 -0.000493004 -4.19278e-005 -0.000493004 -1 0 -4.19278e-005 0 -1 6536.dat
1 0 230.058 -96.6223 -260.99 4.16006e-005 0.00049306 -1 -9.16268e-005 1 0.000493056 1 9.16063e-005 4.16458e-005 2780.dat
1 0 230.065 -96.6431 -100.99 4.16006e-005 0.00049306 -1 -9.16268e-005 1 0.000493056 1 9.16063e-005 4.16458e-005 2780.dat
1 0 206.054 -104.613 -250.99 4.16006e-005 0.00049306 -1 -9.16268e-005 1 0.000493056 1 9.16063e-005 4.16458e-005 32054.dat
1 71 197.909 -136.483 -220.984 0.606465 0.79511 4.18709e-005 -0.79511 0.606465 -0.000167577 -0.000158635 6.83375e-005 1 2850.dat
1 0 229.815 -136.923 -200.996 -4.18826e-005 -1 0.000493082 0.000167819 0.000493101 1 -1 4.19917e-005 0.000167824 2780.dat
1 71 197.911 -136.489 -180.984 0.606465 0.79511 4.18709e-005 -0.79511 0.606465 -0.000167577 -0.000158635 6.83375e-005 1 2850.dat
1 0 229.817 -136.93 -160.996 -4.18826e-005 -1 0.000493082 0.000167819 0.000493101 1 -1 4.19917e-005 0.000167824 2780.dat
1 71 197.913 -136.496 -140.984 0.606465 0.79511 4.18709e-005 -0.79511 0.606465 -0.000167577 -0.000158635 6.83375e-005 1 2850.dat
1 0 230.318 -136.435 -120.996 4.16006e-005 0.00049306 -1 -9.16268e-005 1 0.000493056 1 9.16063e-005 4.16458e-005 2780.dat
1 0 206.06 -104.631 -120.99 4.16006e-005 0.00049306 -1 -9.16268e-005 1 0.000493056 1 9.16063e-005 4.16458e-005 2780.dat
1 0 205.558 -105.125 -160.99 -4.18826e-005 -1 0.000493082 0.000167819 0.000493101 1 -1 4.19917e-005 0.000167824 2780.dat
1 0 205.556 -105.119 -200.99 -4.18826e-005 -1 0.000493082 0.000167819 0.000493101 1 -1 4.19917e-005 0.000167824 2780.dat
1 0 230.313 -136.417 -250.996 4.16006e-005 0.00049306 -1 -9.16268e-005 1 0.000493056 1 9.16063e-005 4.16458e-005 32054.dat
1 0 270.038 -136.644 -250.998 4.16006e-005 0.00049306 -1 -9.16268e-005 1 0.000493056 1 9.16063e-005 4.16458e-005 32054.dat
1 71 302.17 -136.534 -221.01 -0.607251 -0.79451 -6.66699e-005 -0.79451 0.607251 0.000135067 -6.68266e-005 0.000134989 -1 2850.dat
1 0 269.266 -136.943 -200.998 -4.18826e-005 -1 0.000493082 0.000167819 0.000493101 1 -1 4.19917e-005 0.000167824 2780.dat
1 71 302.172 -136.541 -181.01 -0.607251 -0.79451 -6.66699e-005 -0.79451 0.607251 0.000135067 -6.68266e-005 0.000134989 -1 2850.dat
1 0 269.268 -136.949 -160.998 -4.18826e-005 -1 0.000493082 0.000167819 0.000493101 1 -1 4.19917e-005 0.000167824 2780.dat
1 71 302.174 -136.548 -141.01 -0.607251 -0.79451 -6.66699e-005 -0.79451 0.607251 0.000135067 -6.68266e-005 0.000134989 -1 2850.dat
1 0 269.77 -136.455 -120.998 4.16006e-005 0.00049306 -1 -9.16268e-005 1 0.000493056 1 9.16063e-005 4.16458e-005 2780.dat
1 0 294.06 -104.674 -120.994 4.16006e-005 0.00049306 -1 -9.16268e-005 1 0.000493056 1 9.16063e-005 4.16458e-005 2780.dat
1 0 293.558 -105.169 -160.994 -4.18826e-005 -1 0.000493082 0.000167819 0.000493101 1 -1 4.19917e-005 0.000167824 2780.dat
1 0 293.556 -105.162 -200.994 -4.18826e-005 -1 0.000493082 0.000167819 0.000493101 1 -1 4.19917e-005 0.000167824 2780.dat
1 0 294.054 -104.656 -250.994 4.16006e-005 0.00049306 -1 -9.16268e-005 1 0.000493056 1 9.16063e-005 4.16458e-005 32054.dat
1 0 270.065 -96.6628 -100.991 4.16006e-005 0.00049306 -1 -9.16268e-005 1 0.000493056 1 9.16063e-005 4.16458e-005 2780.dat
1 14 224.859 -116.089 -140.992 -4.46483e-005 0.74885 0.66274 0.000170742 0.66274 -0.74885 -1 7.96657e-005 -0.000157425 2851.dat
0
0 FILE B.ldr
0 cockpit
0 ROTATION CENTER 0 0 0 1 "Custom" 
0 ROTATION CONFIG 0 0
1 0 150.087 -36.5881 -270.981 -0.000493093 1 4.18567e-005 -1 -0.000493089 -9.15753e-005 -9.15547e-005 -4.19019e-005 1 32523.dat
1 0 140.088 -37.585 -250.981 1 -0.000493056 -4.22674e-005 -0.000493056 -1 0 -4.22675e-005 0 -1 2780.dat
1 72 130.068 -77.0801 -250.484 -4.18906e-005 -1 0.000493025 9.14729e-005 0.000493121 1 -1 4.2035e-005 9.15515e-005 32316.dat
1 0 360.088 -37.6934 -250.99 1 -0.000493056 -4.22674e-005 -0.000493056 -1 0 -4.22675e-005 0 -1 2780.dat
1 0 350.087 -36.6866 -270.99 -0.000493093 1 4.18567e-005 -1 -0.000493089 -9.15753e-005 -9.15547e-005 -4.19019e-005 1 32523.dat
1 72 370.068 -77.1984 -250.494 -4.18906e-005 -1 0.000493025 9.14729e-005 0.000493121 1 -1 4.2035e-005 9.15515e-005 32316.dat
1 0 69.3689 -381.371 -332.941 2.68144e-005 -1 0.000340879 0.791137 0.000229734 0.611639 -0.611639 0.000253356 0.791137 2780.dat
1 72 109.869 -388.986 -326.439 -0.000341095 -2.69608e-005 -1 -0.611639 -0.791137 0.000229997 -0.791137 0.611639 0.00025348 32316.dat
1 0 129.369 -381.385 -332.956 2.68144e-005 -1 0.000340879 0.791137 0.000229734 0.611639 -0.611639 0.000253356 0.791137 2780.dat
1 72 249.869 -373.196 -338.708 -0.000341095 -2.69608e-005 -1 -0.611639 -0.791137 0.000229997 -0.791137 0.611639 0.00025348 41239.dat
1 0 329.943 -389.648 -327.286 -2.68556e-005 -0.000341029 1 -0.791137 -0.611639 -0.000229914 0.611639 -0.791137 -0.000253209 6558.dat
1 72 249.869 -389.018 -326.475 -0.000341095 -2.69608e-005 -1 -0.611639 -0.791137 0.000229997 -0.791137 0.611639 0.00025348 40490.dat
1 0 169.868 -389.612 -327.246 -2.68556e-005 -0.000341029 1 -0.791137 -0.611639 -0.000229914 0.611639 -0.791137 -0.000253209 6558.dat
1 0 229.868 -405.448 -315.028 0.000341108 2.68178e-005 -1 0.611639 0.791137 0.000229765 0.791137 -0.611639 0.00025349 32140.dat
1 0 169.375 -384.984 -304.911 2.69223e-005 -1 0.00034093 0.791137 0.000229842 0.611639 -0.611639 0.000253305 0.791137 2780.dat
1 0 89.8755 -376.659 -311.313 -1 0.000229654 -7.833e-005 0.000229597 0.791137 -0.611639 -7.84954e-005 -0.611639 -0.791137 32054.dat
1 71 129.876 -376.668 -311.323 1 2.68929e-005 0.000340641 -0.000229625 0.791137 0.611639 -0.000253045 -0.611639 0.791137 4519.dat
1 0 169.876 -376.767 -310.632 2.71921e-005 0.000340957 1 0.791137 0.611639 -0.000230031 -0.611639 0.791137 -0.0002531 32034.dat
1 71 249.951 -376.696 -311.354 1 2.68929e-005 0.000340641 -0.000229625 0.791137 0.611639 -0.000253045 -0.611639 0.791137 44294.dat
1 0 329.951 -376.804 -310.672 2.71921e-005 0.000340957 1 0.791137 0.611639 -0.000230031 -0.611639 0.791137 -0.0002531 32034.dat
1 71 369.951 -376.723 -311.384 1 2.68929e-005 0.000340641 -0.000229625 0.791137 0.611639 -0.000253045 -0.611639 0.791137 4519.dat
1 0 409.951 -376.767 -311.369 0.999999 0.00143525 0.000389531 -0.00137373 0.791136 0.611639 0.000569683 -0.611639 0.791137 32054.dat
1 0 329.45 -385.021 -304.952 2.69223e-005 -1 0.00034093 0.791137 0.000229842 0.611639 -0.611639 0.000253305 0.791137 2780.dat
1 0 269.943 -405.457 -315.038 0.000341229 -2.68964e-005 1 0.611639 -0.791137 -0.000229928 0.791137 0.611639 -0.000253331 32140.dat
1 0 289.944 -389.639 -327.276 -2.68556e-005 -0.000341029 1 -0.791137 -0.611639 -0.000229914 0.611639 -0.791137 -0.000253209 6558.dat
1 0 429.638 -306.512 -321.289 0.0015679 -0.999999 6.10581e-005 0.990351 0.00156123 0.138575 -0.138575 -0.000156812 0.990352 3706.dat
1 0 429.951 -377.188 -311.048 0.999999 6.37582e-005 -0.00156522 -0.00155896 0.138578 -0.99035 0.000153762 0.990352 0.138578 32013.dat
1 0 409.93 -376.687 -251.059 -0.001307 -0.999999 0.000354347 -0.999999 0.00130711 -0.000354687 0.000354223 -0.00035481 -1 32524.dat
1 1 419.832 -376.735 -191.051 1 0 0 0 1 0 0 0 1 43093.dat
1 0 429.857 -357.248 -191.046 1 0 0 0 1 0 0 0 1 42003.dat
1 0 430.302 -336.98 -181.041 -0.000172 0.842677 -0.53842 -0.000194243 0.53842 0.842677 1 0.000249548 7.10887e-005 2780.dat
1 0 429.433 -277.251 -171.03 1 -4.05112e-005 -0.000907324 -0.000907331 -0.000192819 -1 4.03362e-005 1 -0.000192856 32525.dat
1 0 429.86 -356.751 -171.045 7.47747e-005 0.000924158 1 0.000194047 1 -0.000924172 -1 0.000194116 7.45954e-005 6558.dat
1 0 439.351 -367.261 -151.047 0.000592075 -1 -3.42569e-005 1 0.000592082 -0.000192934 0.000192954 -3.41427e-005 1 32000.dat
1 0 447.408 -267.275 -101.027 -0.000591857 -1 3.41843e-005 -1 0.000592132 -3.40809e-005 3.40607e-005 -3.42045e-005 -1 6178.dat
1 0 439.404 -307.283 -51.0357 -0.000851219 -1 0 -1 0.000851345 0 0 0 -1 32000.dat
1 0 439.489 -207.283 -51.0166 -0.000851219 -1 0 -1 0.000851345 0 0 0 -1 32000.dat
1 0 439.478 -227.264 -151.02 0.000907264 -1 -4.05628e-005 1 0.000907272 -0.000192783 0.00019282 -4.03878e-005 1 32000.dat
1 0 429.845 -376.765 -101.049 0 0.000803642 -1 -0.000193375 1 0.000803642 1 0.000193375 0 3705.dat
1 0 429.844 -376.755 -151.049 0 0.000803642 1 0.000193374 1 -0.000803642 -1 0.000193374 0 32054.dat
1 0 429.829 -396.767 -91.0531 0 -1 -0.000804008 -0.000193275 0.000804024 -1 1 0 -0.00019326 32039.dat
1 71 429.336 -417.267 -91.0512 0 -1 0 1 0 0 0 0 1 4519.dat
1 0 429.845 -376.775 -51.0492 0 0.000803642 -1 -0.000193375 1 0.000803642 1 0.000193375 0 32054.dat
1 46 429.836 -407.267 -91.0513 1 0 0 0 -1 0 0 0 -1 6143.dat
1 46 429.836 -431.267 -91.0512 1 0 0 0 -1 0 0 0 -1 6143.dat
1 0 429.836 -455.267 -91.0512 1 0 0 0 -1 0 0 0 -1 2654.dat
1 0 349.844 -377.706 -51.0488 0.000855992 0 1 1 -0.000192689 -0.000855967 0.000192714 1 0 32526.dat
1 0 349.845 -376.706 -51.0486 0 0.00085577 1 0.0001928 1 -0.00085577 -1 0.0001928 0 6558.dat
1 0 319.844 -377.175 -81.0488 -0.000855769 -1 0 -1 0.000855898 0 0 0 -1 44351.dat
1 0 369.845 -376.723 -51.0487 0 0.00085577 1 0.0001928 1 -0.00085577 -1 0.0001928 0 6558.dat
1 0 389.845 -376.742 -41.0488 0 0.00085577 -1 -0.0001928 1 0.00085577 1 0.0001928 0 2780.dat
1 0 430.341 -337.086 -41.0415 0 0.924403 -0.381418 -0.000191625 0.381418 0.924403 1 7.32417e-005 0.000177186 2780.dat
1 0 429.447 -257.278 -31.0262 1 0 -0.000851377 -0.000851377 -0.000191074 -1 0 1 -0.000191074 41239.dat
1 0 429.627 -137.004 -51.0034 7.50544e-005 -0.84099 -0.54105 -0.000184811 0.54105 -0.84099 1 0.000162987 -0.000114747 6558.dat
1 0 350.046 -136.724 -51.0008 -0.000632038 -3.51739e-005 1 -1 0.000170513 -0.000632095 -0.000170429 -1 -3.52194e-005 32526.dat
1 0 349.635 -136.936 -61.0007 4.25801e-005 -0.819239 -0.573452 -0.00014827 0.573453 -0.819239 1 0.000119781 -9.69841e-005 2780.dat
1 0 250.045 -136.664 -70.9954 -0.000570871 5.0842e-005 -1 -1 -0.000151893 0.000570881 -0.000151883 1 5.09471e-005 32278.dat
1 0 110.046 -136.586 -60.9882 5.56647e-005 0.000532719 -1 -0.00014474 1 0.000532711 1 0.000144711 5.57418e-005 2780.dat
1 0 150.046 -136.609 -50.9904 -0.000532099 5.6064e-005 -1 -1 -0.000120665 0.000532211 -0.000120754 1 5.62465e-005 32526.dat
1 0 90.047 -136.578 -40.9871 5.37618e-005 0.000530743 -1 -0.000120144 1 0.000530736 1 0.000120115 5.38256e-005 2780.dat
1 0 90.0368 -157.08 -31.4905 -1 0.000529394 0 0.000529394 1 0.000107222 0 0.000107222 -1 6536.dat
1 72 112.037 -157.092 -30.9915 1 0 0 0 1 0 0 0 1 6587.dat
1 1 120.058 -116.596 -30.9876 1 0 0 0 1 0 0 0 1 43093.dat
1 4 130.047 -137.726 -30.9904 1 0 0 0 1 0 0 0 1 32184.dat
1 0 110.055 -116.582 -110.987 -0.000529571 1 4.75543e-005 -1 -0.000529565 -0.000107247 -0.000107222 -4.76111e-005 1 32526.dat
1 0 100.057 -116.851 -50.544 -1 0.000528375 0.000319736 0.000528466 0.464183 0.885739 0.000319587 0.885739 -0.464183 2780.dat
1 1 100.048 -116.563 -270.986 1 0 0 0 1 0 0 0 1 43093.dat
1 0 110.048 -117.569 -270.987 0.00051591 1 8.91846e-005 1 -0.000515845 8.92622e-005 8.93082e-005 8.91386e-005 -1 32140.dat
1 0 90.0522 -116.567 -170.986 -0.000515845 -1 -4.13694e-005 -1 0.00051591 4.15145e-005 -4.14931e-005 4.13909e-005 -1 32278.dat
1 0 100.046 -116.56 -310.987 -1 0.000515774 0 0.000515774 1 8.91948e-005 0 8.91948e-005 -1 2780.dat
1 0 90.0518 -116.628 -170.747 -1 0.000529671 0.000135281 0.000529714 0.877678 0.479251 0.000135112 0.479251 -0.877678 6558.dat
1 4 70.053 -116.558 -150.985 -0.000533205 -1 -5.71978e-005 -1 0.000533279 5.7352e-005 -5.73214e-005 5.72283e-005 -1 32523.dat
1 0 90.0541 -116.632 -130.747 -1 0.000536794 0.0001371 0.000536837 0.877678 0.479252 0.00013693 0.479252 -0.877678 6558.dat
1 0 150.008 -196.599 -170.999 -0.000546401 -7.3066e-005 1 -1 0.000113682 -0.00054648 -0.000113553 -1 -7.304e-005 32524.dat
1 0 110.043 -137.081 -130.989 7.29591e-005 0.000546373 -1 -0.000113893 1 0.000546365 1 0.000113853 7.30214e-005 42003.dat
1 72 110.031 -157.079 -152.992 -7.30101e-005 0.000546373 1 0.000113579 1 -0.000546365 -1 0.000113539 -7.30722e-005 6587.dat
1 0 110.04 -137.077 -170.989 7.30783e-005 0.000546373 -1 -0.000113893 1 0.000546365 1 0.000113853 7.31406e-005 42003.dat
1 4 110.009 -197.58 -145.996 0.000546358 -7.29421e-005 -1 1 0.000113652 0.000546259 0.000113521 -1 7.30956e-005 32056.dat
1 4 110.008 -197.579 -155.996 0.000546358 -7.29421e-005 -1 1 0.000113652 0.000546259 0.000113521 -1 7.30956e-005 32056.dat
1 1 70.5081 -197.056 -160.993 7.31191e-005 1 0.0005465 -0.000113256 -0.000546416 1 1 -7.31046e-005 0.000113292 43093.dat
1 72 110.007 -197.077 -172.996 -7.29726e-005 -1 0.000546247 0.000113531 0.000546361 1 -1 7.31568e-005 0.000113613 6587.dat
1 0 109.995 -217.075 -190.998 7.3134e-005 -0.000113203 1 -0.000113327 -1 -0.000113195 1 -0.000113319 -7.31998e-005 42003.dat
1 0 119.984 -237.08 -190.501 -1 7.30465e-005 7.31784e-005 7.31701e-005 -0.00011349 1 7.30548e-005 1 0.000113428 2780.dat
1 1 129.951 -297.086 -190.509 -7.29726e-005 -1 0.000546247 0.000113531 0.000546258 1 -1 7.30536e-005 0.00011351 32526.dat
1 0 149.992 -217.092 -230.501 -1 7.30464e-005 7.31784e-005 7.31701e-005 -0.00011349 1 7.30547e-005 1 0.000113428 6558.dat
1 1 149.951 -297.096 -190.51 -7.29726e-005 -1 0.000546247 0.000113531 0.000546258 1 -1 7.30536e-005 0.00011351 32526.dat
1 0 149.951 -297.096 -190.51 -1 7.30464e-005 7.31784e-005 7.31701e-005 -0.00011349 1 7.30547e-005 1 0.000113428 6558.dat
1 1 169.951 -297.107 -190.512 -7.29726e-005 -1 0.000546247 0.000113531 0.000546258 1 -1 7.30536e-005 0.00011351 32526.dat
1 0 179.995 -217.113 -190.504 -1 7.30465e-005 7.31784e-005 7.31701e-005 -0.00011349 1 7.30548e-005 1 0.000113428 2780.dat
1 1 189.507 -197.119 -181.002 -7.30498e-005 -1 0.000546292 0.000113989 0.000546284 1 -1 7.31118e-005 0.000113949 43093.dat
1 0 189.995 -217.118 -191.004 7.29654e-005 -0.000113203 1 -0.000113327 -1 -0.000113195 1 -0.000113319 -7.30312e-005 42003.dat
1 0 179.984 -237.113 -190.506 -1 7.30465e-005 7.31784e-005 7.31701e-005 -0.00011349 1 7.30548e-005 1 0.000113428 2780.dat
1 0 119.995 -217.08 -190.499 -1 7.30465e-005 7.31784e-005 7.31701e-005 -0.00011349 1 7.30548e-005 1 0.000113428 2780.dat
1 0 209.51 -197.18 -161.003 6.90533e-005 -0.995534 0.0944009 -0.000128987 -0.0944009 -0.995534 1 5.65033e-005 -0.000134858 2780.dat
1 0 250.009 -196.656 -151.006 -0.00055315 -6.65665e-005 1 -1 0.000139451 -0.000553098 -0.000139457 -1 -6.66859e-005 40490.dat
1 0 330.508 -197.198 -161.011 5.7162e-005 1 0.000548942 -0.000154273 -0.000548834 1 1 -5.71471e-005 0.000154341 2780.dat
1 0 350.008 -196.707 -171.012 -0.000543877 -4.3861e-005 1 -1 0.000166571 -0.000543921 -0.000166496 -1 -4.39005e-005 32524.dat
1 0 390.042 -137.236 -131.004 4.39801e-005 0.000543897 -1 -0.000166857 1 0.00054389 1 0.000166833 4.40708e-005 42003.dat
1 72 390.03 -157.232 -153.007 -4.37866e-005 0.000543897 1 0.000166543 1 -0.00054389 -1 0.000166519 -4.38771e-005 6587.dat
1 0 390.04 -137.229 -171.004 4.39801e-005 0.000543897 -1 -0.000166857 1 0.00054389 1 0.000166833 4.40708e-005 42003.dat
1 4 390.009 -197.733 -146.014 0.000543911 4.37499e-005 1 1 -0.000166447 -0.000543904 0.000166424 1 -4.38402e-005 32056.dat
1 4 390.008 -197.732 -156.014 0.000543911 4.37499e-005 1 1 -0.000166447 -0.000543904 0.000166424 1 -4.38402e-005 32056.dat
1 72 390.007 -197.228 -175.014 -4.39251e-005 -1 0.000543939 0.00016655 0.000543903 1 -1 4.39863e-005 0.000166497 6587.dat
1 0 389.996 -217.226 -191.017 4.3799e-005 -0.000166167 1 -0.000166291 -1 -0.00016616 1 -0.000166284 -4.38665e-005 42003.dat
1 1 430.508 -197.253 -161.015 4.39165e-005 1 0.000543884 -0.000166244 -0.000543906 1 1 -4.40368e-005 0.000166191 43093.dat
1 0 410.508 -197.242 -161.015 4.39165e-005 1 0.000543884 -0.000166244 -0.000543906 1 1 -4.40368e-005 0.000166191 2780.dat
1 0 379.996 -217.22 -190.517 -1 4.38958e-005 4.40268e-005 4.40195e-005 -0.000166423 1 4.39032e-005 1 0.000166368 2780.dat
1 1 369.953 -297.215 -190.529 -4.37188e-005 -1 0.000543784 0.000166499 0.000543799 1 -1 4.38314e-005 0.000166497 32526.dat
1 0 349.994 -217.197 -230.515 1 4.38744e-005 -0.000543885 -0.000543878 -0.000166517 -1 -4.39649e-005 1 -0.000166493 6558.dat
1 1 329.953 -297.193 -190.528 -4.37188e-005 -1 0.000543784 0.000166499 0.000543799 1 -1 4.38314e-005 0.000166497 32526.dat
1 0 319.996 -217.188 -190.514 -1 4.38958e-005 4.40268e-005 4.40195e-005 -0.000166423 1 4.39032e-005 1 0.000166368 2780.dat
1 1 309.507 -197.184 -181.01 -4.38594e-005 -1 0.000543945 0.000166865 0.000543968 1 -1 4.3981e-005 0.000166872 43093.dat
1 0 309.996 -217.182 -191.014 4.3799e-005 -0.000166168 1 -0.000166291 -1 -0.00016616 1 -0.000166284 -4.38665e-005 42003.dat
1 0 319.985 -237.188 -190.517 -1 4.38958e-005 4.40268e-005 4.40195e-005 -0.000166423 1 4.39032e-005 1 0.000166368 2780.dat
1 0 349.953 -297.204 -190.529 1 4.38744e-005 -0.000543885 -0.000543878 -0.000166517 -1 -4.39649e-005 1 -0.000166493 6558.dat
1 1 349.953 -297.204 -190.529 -4.37188e-005 -1 0.000543784 0.000166499 0.000543799 1 -1 4.38314e-005 0.000166497 32526.dat
1 0 379.985 -237.22 -190.52 -1 4.38958e-005 4.40268e-005 4.40195e-005 -0.000166423 1 4.39032e-005 1 0.000166368 2780.dat
1 0 410.052 -116.74 -171.001 1 0 0 0 1 0 0 0 1 6558.dat
1 4 430.053 -116.754 -151.002 -0.000532531 -1 -4.15276e-005 -1 0.000532773 4.16734e-005 -4.16512e-005 4.15497e-005 -1 32523.dat
1 0 410.053 -116.747 -131.001 1 0 0 0 1 0 0 0 1 6558.dat
1 0 410.052 -116.74 -171.001 -0.000525115 -1 -4.01003e-005 -1 0.000525353 4.02451e-005 -4.0224e-005 4.01215e-005 -1 32278.dat
1 1 400.048 -116.717 -271.001 -1 0.000525317 0 0.000525317 1 0.000176645 0 0.000176645 -1 43093.dat
1 0 390.047 -117.712 -271 0.000525353 1 0.000176635 1 -0.000525115 0.000176666 0.000176758 0.000176542 -1 32140.dat
1 0 330.055 -97.3341 -330.523 -1 3.08352e-005 4.34541e-005 3.09776e-005 -0.327097 0.944991 4.33527e-005 0.944991 0.327097 32054.dat
1 4 360.055 -97.3495 -330.523 -1 -2.03011e-005 -2.83591e-005 -2.01586e-005 -0.327097 0.944991 -2.84605e-005 0.944991 0.327097 32062.dat
1 0 390.055 -97.3644 -330.524 1 -0.000121266 -0.000483034 -0.000496128 -0.327097 -0.944991 -4.34033e-005 0.944991 -0.327097 32054.dat
1 4 330.026 -157.171 -330.501 -4.0191e-005 -1 0.000492469 8.32774e-005 0.000492552 1 -1 4.03183e-005 8.33437e-005 32524.dat
1 1 339.996 -217.176 -330.506 1 4.33351e-005 -0.000501255 -0.000501252 -8.21265e-005 -1 -4.33762e-005 1 -8.21048e-005 43093.dat
1 0 369.997 -216.69 -331.007 4.30347e-005 0.000500942 -1 -8.21568e-005 1 0.000500938 1 8.21352e-005 4.30758e-005 32034.dat
1 1 399.996 -217.206 -330.509 -1 4.33109e-005 4.34381e-005 4.34345e-005 -8.1966e-005 1 4.33145e-005 1 8.22381e-005 43093.dat
1 0 369.531 -217.01 -321.007 -4.53971e-005 -0.932056 0.362313 8.44878e-005 0.362313 0.932056 -1 7.29032e-005 6.22854e-005 2780.dat
1 0 369.526 -157.192 -311.002 1 3.93572e-005 -0.000475191 -0.000475188 -8.63038e-005 -1 -3.93982e-005 1 -8.6285e-005 32526.dat
1 0 370.229 -237.63 -311.009 -3.72363e-005 0.482136 -0.876096 8.0187e-005 -0.876096 -0.482136 -1 -8.82005e-005 0 6558.dat
1 0 249.988 -236.631 -331.004 -0.000490003 4.1524e-005 -1 -1 -8.7656e-005 0.000489971 -8.7607e-005 1 4.15383e-005 32278.dat
1 0 109.749 -237.503 -310.998 -4.51813e-005 -0.4796 -0.877487 8.85519e-005 -0.877487 0.4796 -1 -5.60155e-005 8.21886e-005 6558.dat
1 0 130.528 -157.075 -310.992 -1 0.000487292 -0.000487125 0.000487168 8.88133e-005 -1 -0.000487248 -1 -8.90464e-005 32526.dat
1 0 129.998 -217.573 -320.998 -5.04412e-005 8.87584e-005 -1 8.88821e-005 -1 -8.87629e-005 -1 -8.88866e-005 5.0374e-005 2780.dat
1 1 99.9974 -217.058 -330.496 1 5.01818e-005 -0.000488511 -0.000488507 -8.91642e-005 -1 -5.02253e-005 1 -8.91397e-005 43093.dat
1 0 129.998 -216.573 -330.998 4.98256e-005 0.000488197 -1 -8.91267e-005 1 0.000488193 1 8.91024e-005 4.98691e-005 32034.dat
1 1 159.997 -217.087 -330.499 -1 5.01591e-005 5.02872e-005 5.02827e-005 -8.88778e-005 1 5.01636e-005 1 8.91505e-005 43093.dat
1 0 90.0363 -137.053 -330.488 -5.94965e-005 -1 0.000480611 9.34094e-005 0.000480678 1 -1 5.96134e-005 9.34528e-005 32525.dat
1 0 79.9888 -236.551 -330.995 -1 0.000390763 0 0.000390763 1 0.000108039 0 0.000108039 -1 2780.dat
1 0 69.989 -237.048 -330.993 1 -0.000224082 0.000274862 -0.000303359 -0.139096 0.990279 -0.000183671 -0.990279 -0.139096 32013.dat
1 0 69.4699 -306.367 -321.257 0.00027206 -1 0.000226915 0.990279 0.000300977 0.139093 -0.139093 0.000186856 0.990279 3706.dat
1 0 69.8753 -377.049 -311.003 1 0.000229614 -0.00026933 -0.00029865 0.139096 -0.990279 -0.000189919 0.990279 0.139096 32013.dat
1 1 100.027 -157.058 -330.49 1 5.49968e-005 -0.000488448 -0.000488444 -8.88077e-005 -1 -5.50401e-005 1 -8.87808e-005 43093.dat
1 0 130.027 -156.573 -330.992 5.47132e-005 0.000488135 -1 -8.88128e-005 1 0.00048813 1 8.87861e-005 5.47566e-005 32034.dat
1 1 160.027 -157.087 -330.494 -1 5.49734e-005 5.51019e-005 5.5097e-005 -8.85406e-005 1 5.49783e-005 1 8.88133e-005 43093.dat
1 0 130.027 -157.573 -320.992 -5.0947e-005 8.87831e-005 -1 8.89068e-005 -1 -8.87876e-005 -1 -8.89113e-005 5.08798e-005 2780.dat
1 4 170.027 -157.092 -330.495 -4.80396e-005 -1 0.00048617 8.50312e-005 0.000486252 1 -1 4.81669e-005 8.50938e-005 32524.dat
1 0 180.007 -197.097 -330.498 -1 4.34836e-005 4.36109e-005 4.36072e-005 -8.50005e-005 1 4.34873e-005 1 8.52728e-005 2780.dat
1 80 290.006 -197.149 -356.503 -0.000490206 3.86919e-005 -1 -1 -8.49671e-005 0.000490223 -8.49683e-005 1 3.87537e-005 2412b.dat
1 0 240.035 -137.125 -348.496 -0.000490206 3.86919e-005 -1 -1 -8.48638e-005 0.000490326 -8.49683e-005 1 3.8857e-005 3036.dat
1 80 290.025 -157.149 -356.499 -0.000490206 3.86919e-005 -1 -1 -8.49671e-005 0.000490223 -8.49683e-005 1 3.87537e-005 2412b.dat
1 80 290.045 -117.149 -356.496 -0.000490206 3.86919e-005 -1 -1 -8.49671e-005 0.000490223 -8.49683e-005 1 3.87537e-005 2412b.dat
1 80 290.064 -77.1487 -356.492 -0.000490206 3.86919e-005 -1 -1 -8.49671e-005 0.000490223 -8.49683e-005 1 3.87537e-005 2412b.dat
1 80 270.006 -197.139 -356.502 -0.000490206 3.86919e-005 -1 -1 -8.49671e-005 0.000490223 -8.49683e-005 1 3.87537e-005 2412b.dat
1 80 270.025 -157.139 -356.499 -0.000490206 3.86919e-005 -1 -1 -8.49671e-005 0.000490223 -8.49683e-005 1 3.87537e-005 2412b.dat
1 80 270.045 -117.139 -356.495 -0.000490206 3.86919e-005 -1 -1 -8.49671e-005 0.000490223 -8.49683e-005 1 3.87537e-005 2412b.dat
1 80 270.064 -77.1389 -356.492 -0.000490206 3.86919e-005 -1 -1 -8.49671e-005 0.000490223 -8.49683e-005 1 3.87537e-005 2412b.dat
1 80 250.006 -197.129 -356.501 -0.000490206 3.86919e-005 -1 -1 -8.49671e-005 0.000490223 -8.49683e-005 1 3.87537e-005 2412b.dat
1 80 250.025 -157.129 -356.498 -0.000490206 3.86919e-005 -1 -1 -8.49671e-005 0.000490223 -8.49683e-005 1 3.87537e-005 2412b.dat
1 80 250.045 -117.129 -356.494 -0.000490206 3.86919e-005 -1 -1 -8.49671e-005 0.000490223 -8.49683e-005 1 3.87537e-005 2412b.dat
1 80 250.064 -77.1291 -356.491 -0.000490206 3.86919e-005 -1 -1 -8.49671e-005 0.000490223 -8.49683e-005 1 3.87537e-005 2412b.dat
1 0 300.006 -197.155 -340.503 1 3.876e-005 -0.000490416 -0.000490413 -8.49889e-005 -1 -3.88017e-005 1 -8.49699e-005 2444.dat
1 80 310.006 -197.159 -356.503 -0.000490206 3.86919e-005 -1 -1 -8.49671e-005 0.000490223 -8.49683e-005 1 3.87537e-005 2412b.dat
1 0 310.036 -137.159 -348.498 -0.000490206 3.86919e-005 -1 -1 -8.48638e-005 0.000490326 -8.49683e-005 1 3.8857e-005 3460.dat
1 80 310.025 -157.159 -356.5 -0.000490206 3.86919e-005 -1 -1 -8.49671e-005 0.000490223 -8.49683e-005 1 3.87537e-005 2412b.dat
1 0 300.055 -97.1549 -340.495 1 3.876e-005 -0.000490416 -0.000490413 -8.49889e-005 -1 -3.88017e-005 1 -8.49699e-005 2444.dat
1 80 310.045 -117.159 -356.497 -0.000490206 3.86919e-005 -1 -1 -8.49671e-005 0.000490223 -8.49683e-005 1 3.87537e-005 2412b.dat
1 80 310.064 -77.1585 -356.493 -0.000490206 3.86919e-005 -1 -1 -8.49671e-005 0.000490223 -8.49683e-005 1 3.87537e-005 2412b.dat
1 0 200.006 -197.106 -340.499 -1 3.87366e-005 3.88635e-005 3.88602e-005 -8.48319e-005 1 3.87399e-005 1 8.51042e-005 2444.dat
1 0 200.055 -97.1061 -340.491 -1 3.87366e-005 3.88635e-005 3.88602e-005 -8.48319e-005 1 3.87399e-005 1 8.51042e-005 2444.dat
1 80 230.006 -197.119 -356.5 -0.000490206 3.86919e-005 -1 -1 -8.49671e-005 0.000490223 -8.49683e-005 1 3.87537e-005 2412b.dat
1 80 230.025 -157.119 -356.497 -0.000490206 3.86919e-005 -1 -1 -8.49671e-005 0.000490223 -8.49683e-005 1 3.87537e-005 2412b.dat
1 80 230.045 -117.119 -356.494 -0.000490206 3.86919e-005 -1 -1 -8.49671e-005 0.000490223 -8.49683e-005 1 3.87537e-005 2412b.dat
1 80 230.064 -77.1193 -356.49 -0.000490206 3.86919e-005 -1 -1 -8.49671e-005 0.000490223 -8.49683e-005 1 3.87537e-005 2412b.dat
1 80 210.006 -197.109 -356.5 -0.000490206 3.86919e-005 -1 -1 -8.49671e-005 0.000490223 -8.49683e-005 1 3.87537e-005 2412b.dat
1 80 210.025 -157.11 -356.496 -0.000490206 3.86919e-005 -1 -1 -8.49671e-005 0.000490223 -8.49683e-005 1 3.87537e-005 2412b.dat
1 80 210.045 -117.109 -356.493 -0.000490206 3.86919e-005 -1 -1 -8.49671e-005 0.000490223 -8.49683e-005 1 3.87537e-005 2412b.dat
1 80 210.064 -77.1095 -356.489 -0.000490206 3.86919e-005 -1 -1 -8.49671e-005 0.000490223 -8.49683e-005 1 3.87537e-005 2412b.dat
1 80 190.006 -197.1 -356.499 -0.000490206 3.86919e-005 -1 -1 -8.49671e-005 0.000490223 -8.49683e-005 1 3.87537e-005 2412b.dat
1 80 190.025 -157.1 -356.495 -0.000490206 3.86919e-005 -1 -1 -8.49671e-005 0.000490223 -8.49683e-005 1 3.87537e-005 2412b.dat
1 80 190.045 -117.1 -356.492 -0.000490206 3.86919e-005 -1 -1 -8.49671e-005 0.000490223 -8.49683e-005 1 3.87537e-005 2412b.dat
1 80 190.065 -77.0997 -356.489 -0.000490206 3.86919e-005 -1 -1 -8.49671e-005 0.000490223 -8.49683e-005 1 3.87537e-005 2412b.dat
1 0 320.006 -197.166 -330.504 -1 3.90005e-005 3.91274e-005 3.91242e-005 -8.34832e-005 1 3.90038e-005 1 8.37555e-005 2780.dat
1 0 110.056 -97.0627 -330.485 -1 4.38623e-005 4.39898e-005 4.3986e-005 -8.80349e-005 1 4.38662e-005 1 8.83075e-005 32054.dat
1 4 140.056 -97.0775 -330.487 -1 -3.21246e-005 -3.20038e-005 -3.2001e-005 -8.80349e-005 1 -3.21275e-005 1 8.83075e-005 32062.dat
1 0 170.056 -97.0922 -330.49 1 4.38847e-005 -0.000490982 -0.000490978 -8.82086e-005 -1 -4.3928e-005 1 -8.81871e-005 32054.dat
1 0 100.046 -116.558 -330.987 -1 0.000497803 0 0.000497803 1 9.11574e-005 0 9.11574e-005 -1 2780.dat
1 4 110.075 -56.5628 -330.982 -1 0.000486697 0 0.000486697 1 8.64409e-005 0 8.64409e-005 -1 32054.dat
1 4 140.075 -56.5759 -330.983 -1 0.000410746 0 0.000410746 1 8.64448e-005 0 8.64449e-005 -1 32062.dat
1 0 150.075 -57.0792 -330.984 -1 0 5.37287e-005 0 -1 -8.64409e-005 5.37287e-005 -8.64409e-005 1 32291.dat
1 71 140.065 -76.5735 -340.985 -5.3725e-005 0.000486701 1 8.6467e-005 1 -0.000486697 -1 8.64409e-005 -5.3767e-005 4274.dat
1 0 140.064 -77.0728 -348.985 1 5.36866e-005 -0.000486614 -0.000486609 -8.65428e-005 -1 -5.37286e-005 1 -8.65167e-005 3710.dat
1 47 160.064 -77.0818 -356.986 1 5.36865e-005 -0.000486614 -0.000486609 -8.65428e-005 -1 -5.37286e-005 1 -8.65167e-005 3023.dat
1 47 120.064 -77.0623 -356.984 1 5.36866e-005 -0.000486614 -0.000486609 -8.65428e-005 -1 -5.37286e-005 1 -8.65167e-005 3023.dat
1 71 160.065 -76.5832 -340.986 -5.3725e-005 0.000486701 1 8.6467e-005 1 -0.000486697 -1 8.64409e-005 -5.3767e-005 4274.dat
1 46 50.0776 -57.0382 -270.979 -0.000490113 1 4.78086e-005 -1 -0.000490109 -7.95892e-005 -7.95658e-005 -4.78476e-005 1 4073.dat
1 72 88.0776 -57.0568 -270.981 -1 0.000490058 0 0.000490058 1 7.95658e-005 0 7.95658e-005 -1 6587.dat
1 4 70.0779 -56.548 -270.98 1 -4.7757e-005 0.00049001 -0.000490006 7.95412e-005 1 -4.77959e-005 -1 7.95178e-005 6536.dat
1 71 90.0779 -56.5578 -270.981 -4.81231e-005 0.000490062 1 7.95894e-005 1 -0.000490058 -1 7.95658e-005 -4.81621e-005 3713.dat
1 4 110.077 -57.5676 -270.982 0.000490109 1 7.95556e-005 1 -0.000490058 7.96402e-005 7.96792e-005 7.95166e-005 -1 32140.dat
1 1 70.0718 -67.0475 -290.48 -0.000490331 4.78213e-005 -1 -1 -7.952e-005 0.000490385 -7.95545e-005 1 4.79184e-005 43093.dat
1 0 129.988 -237.574 -310.999 -4.42036e-005 8.77367e-005 -1 8.78604e-005 -1 -8.77406e-005 -1 -8.78643e-005 4.44733e-005 6558.dat
1 1 89.9944 -227.057 -290.497 -0.000486956 4.45829e-005 -1 -1 -8.83265e-005 0.000487014 -8.83673e-005 1 4.46885e-005 43093.dat
1 0 109.989 -237.066 -290.998 -0.000487013 1 4.46056e-005 -1 -0.000487009 -8.83393e-005 -8.83175e-005 -4.46486e-005 1 42003.dat
1 71 249.987 -236.63 -341.004 -4.15644e-005 0.000489905 1 8.75253e-005 1 -0.000489902 -1 8.75049e-005 -4.16073e-005 4274.dat
1 47 249.987 -237.13 -349.004 -0.000489844 4.16723e-005 -1 -1 -8.7497e-005 0.000489823 -8.74587e-005 1 4.16972e-005 4073.dat
1 0 389.748 -237.64 -311.01 -3.90628e-005 -0.47959 -0.877493 8.57014e-005 -0.877493 0.47959 -1 -5.64111e-005 7.56026e-005 6558.dat
1 0 389.989 -237.203 -291.01 -0.000475731 -1 -3.9313e-005 -1 0.000475776 3.94553e-005 -3.94366e-005 3.93317e-005 -1 42003.dat
1 1 409.994 -227.213 -290.51 -0.000476369 3.93115e-005 -1 -1 -8.69276e-005 0.00047649 -8.70331e-005 1 3.94772e-005 43093.dat
1 0 370.065 -156.693 -321.002 -3.39587e-005 0.0773314 0.997005 8.58096e-005 0.997005 -0.0773314 -1 8.29266e-005 -4.04928e-005 2780.dat
1 1 340.026 -157.176 -330.501 1 3.52545e-005 -0.000501123 -0.00050112 -8.78467e-005 -1 -3.52985e-005 1 -8.7829e-005 43093.dat
1 0 370.026 -156.691 -331.002 3.49273e-005 0.000500809 -1 -8.77988e-005 1 0.000500806 1 8.77813e-005 3.49712e-005 32034.dat
1 1 400.026 -157.206 -330.503 -1 3.52336e-005 3.53603e-005 3.53572e-005 -8.76978e-005 1 3.52367e-005 1 8.79703e-005 43093.dat
1 0 410.036 -137.211 -330.502 -3.82651e-005 -1 0.000490782 9.37716e-005 0.000490861 1 -1 3.83938e-005 9.38354e-005 32525.dat
1 0 350.075 -57.1797 -330.992 -1 0 3.95949e-005 0 -1 -9.66622e-005 3.95949e-005 -9.66622e-005 1 32291.dat
1 4 360.075 -56.6847 -330.992 -1 0.000416639 0 0.000416639 1 9.66652e-005 0 9.66652e-005 -1 32062.dat
1 4 390.075 -56.7009 -330.993 1 0 0 0 1 0 0 0 1 32054.dat
1 71 340.065 -76.6738 -340.993 -3.95344e-005 0.000492593 1 9.66817e-005 1 -0.000492589 -1 9.66622e-005 -3.9582e-005 4274.dat
1 0 360.064 -77.1829 -348.994 1 3.95473e-005 -0.000492506 -0.000492502 -9.66712e-005 -1 -3.95949e-005 1 -9.66517e-005 3710.dat
1 47 380.064 -77.1919 -356.995 1 3.95473e-005 -0.000492506 -0.000492502 -9.66712e-005 -1 -3.95949e-005 1 -9.66517e-005 3023.dat
1 47 340.064 -77.1722 -356.993 1 3.95473e-005 -0.000492506 -0.000492502 -9.66712e-005 -1 -3.95949e-005 1 -9.66517e-005 3023.dat
1 71 360.065 -76.6837 -340.994 -3.95344e-005 0.000492593 1 9.66817e-005 1 -0.000492589 -1 9.66622e-005 -3.9582e-005 4274.dat
1 71 410.077 -56.7167 -270.994 4.10029e-005 0.000492624 -1 -9.949e-005 1 0.000492619 1 9.94698e-005 4.10519e-005 3713.dat
1 72 412.077 -57.2177 -270.994 1 0 0 0 1 0 0 0 1 6587.dat
1 4 390.077 -57.7069 -270.994 0.000492807 1 9.94596e-005 1 -0.000492754 9.95342e-005 9.95832e-005 9.94105e-005 -1 32140.dat
1 4 430.077 -56.7266 -270.995 1 -4.06806e-005 0.000492572 -0.000492568 9.94479e-005 1 -4.07295e-005 -1 9.94279e-005 6536.dat
1 46 450.077 -57.2364 -270.996 -0.000492586 -1 -4.06992e-005 -1 0.000492639 4.0843e-005 -4.08229e-005 4.07193e-005 -1 4073.dat
1 1 430.071 -67.2257 -290.496 -0.000492919 4.07241e-005 -1 -1 -9.94501e-005 0.00049304 -9.9555e-005 1 4.08982e-005 43093.dat
1 0 419.987 -236.716 -331.012 -1 0.000490844 0 0.000490844 1 9.39054e-005 0 9.39055e-005 -1 2780.dat
1 0 429.987 -237.221 -331.012 1 -0.000107627 0.000482621 -0.000493225 -0.14772 0.989029 -3.51534e-005 -0.989029 -0.14772 32013.dat
1 0 400.045 -116.919 -331.41 -1 0.00050431 -0.000262742 0.000504229 0.572775 -0.819712 -0.000262897 -0.819712 -0.572775 2780.dat
1 0 370.017 -176.693 -301.004 3.90948e-005 0.000475165 -1 -8.62434e-005 1 0.000475162 1 8.62249e-005 3.91357e-005 2780.dat
1 71 369.508 -197.193 -291.006 1 3.94345e-005 -0.000475217 -0.000475214 -8.63038e-005 -1 -3.94755e-005 1 -8.6285e-005 32523.dat
1 0 370.008 -196.694 -291.006 3.94524e-005 0.000475165 -1 -8.62436e-005 1 0.000475162 1 8.62249e-005 3.94934e-005 6558.dat
1 71 349.978 -261.186 -271.011 3.93332e-005 0.000475165 -1 -8.62436e-005 1 0.000475162 1 8.62249e-005 3.93741e-005 2819.dat
1 72 349.995 -225.186 -271.007 0.000475263 -3.93097e-005 -1 1 8.63079e-005 0.000475157 8.61864e-005 -1 3.94536e-005 6587.dat
1 0 350.004 -207.186 -271.006 0.000475101 1 8.61631e-005 1 -0.000475057 8.62458e-005 8.62867e-005 8.61221e-005 -1 32291.dat
1 0 350.495 -227.186 -271.008 -0.000475024 -3.94968e-005 1 -1 8.63339e-005 -0.000475109 -8.62265e-005 -1 -3.94492e-005 6536.dat
1 0 369.999 -216.695 -281.007 3.90948e-005 0.000475165 -1 -8.62434e-005 1 0.000475162 1 8.62249e-005 3.91357e-005 2780.dat
1 0 339.993 -226.679 -291.007 -1 0.000475162 0 0.000475162 1 8.62249e-005 0 8.62249e-005 -1 2780.dat
1 0 319.993 -227.171 -281.506 1 -3.93829e-005 0.000475177 -0.000475174 8.62108e-005 1 -3.94239e-005 -1 8.61921e-005 2444.dat
1 71 319.993 -227.171 -273.506 0.000475263 -3.93097e-005 -1 1 8.63079e-005 0.000475157 8.61864e-005 -1 3.94536e-005 3068b.dat
1 0 400.056 -117.025 -51.445 -1 0.000545684 -0.000332338 0.000545593 0.458633 -0.888626 -0.000332487 -0.888626 -0.458633 2780.dat
1 4 370.046 -137.866 -31.0027 1 0 0 0 1 0 0 0 1 32184.dat
1 1 380.058 -116.747 -30.9997 -1 0.000555433 0 0.000555433 1 0.00016207 0 0.00016207 -1 43093.dat
1 72 388.035 -157.251 -31.0066 -1 0.000555433 0 0.000555433 1 0.00016207 0 0.00016207 -1 6587.dat
1 0 410.035 -157.263 -31.5075 -1 0.000555381 0 0.000555381 1 0.000162121 0 0.000162121 -1 6536.dat
1 0 390.054 -116.739 -111 -0.000555555 1 4.17421e-005 -1 -0.000555549 -0.000162144 -0.000162121 -4.18322e-005 1 32526.dat
1 0 410.046 -136.762 -41.003 3.97035e-005 0.000593797 -1 -0.000144101 1 0.000593791 1 0.000144078 3.97891e-005 2780.dat
1 0 370.046 -136.737 -51.0015 4.14828e-005 0.000586107 -1 -0.00017775 1 0.000586099 1 0.000177726 4.1587e-005 6558.dat
1 0 400.054 -117.111 -111.482 -1 0.00053485 -0.000406033 0.000534744 0.268533 -0.96327 -0.000406172 -0.96327 -0.268533 2780.dat
1 0 400.046 -116.71 -311.001 -1 0.000525317 0 0.000525317 1 0.000176645 0 0.000176645 -1 2780.dat
1 0 390.047 -116.708 -291 -1 0.000525317 0 0.000525317 1 0.000176645 0 0.000176645 -1 6558.dat
1 0 290.275 -196.753 -161.009 5.69159e-005 0.533941 -0.845522 -0.000149283 0.845522 0.533941 1 9.58411e-005 0.000127834 2780.dat
1 0 170.218 -196.657 -161.001 6.86737e-005 0.419812 -0.907611 -0.000125377 0.907611 0.419812 1 8.49722e-005 0.000114966 2780.dat
1 0 90.5081 -197.067 -160.995 7.31191e-005 1 0.0005465 -0.000113256 -0.000546416 1 1 -7.31046e-005 0.000113292 2780.dat
1 0 69.4766 -277.054 -170.999 1 9.34415e-005 -0.000390326 -0.000390319 -8.07264e-005 -1 -9.3473e-005 1 -8.06899e-005 32525.dat
1 0 70.0012 -216.555 -160.995 9.30827e-005 0.000390275 -1 -8.07045e-005 1 0.000390267 1 8.06682e-005 9.31142e-005 2780.dat
1 0 60.498 -227.052 -150.995 -0.000390216 1 9.33899e-005 -1 -0.000390208 -8.07047e-005 -8.06682e-005 -9.34214e-005 1 32000.dat
1 0 52.4912 -267.052 -100.996 0.000416589 1 7.92129e-005 1 -0.00041657 7.93035e-005 7.93365e-005 7.91799e-005 -1 6178.dat
1 0 60.4548 -307.062 -51.0044 -0.00053577 1 6.94794e-005 -1 -0.000535762 -0.000111212 -0.000111175 -6.9539e-005 1 32000.dat
1 0 60.5084 -207.062 -50.9933 -0.00053577 1 6.94794e-005 -1 -0.000535762 -0.000111212 -0.000111175 -6.9539e-005 1 32000.dat
1 0 60.4441 -367.052 -151.005 -0.000416442 1 0.000109752 -1 -0.000416433 -7.9233e-005 -7.91873e-005 -0.000109785 1 32000.dat
