0 FILE Main.ldr
0 Untitled
0 Name: Main.ldr
0 Author: marco
0 Unofficial Model
0 ROTATION CENTER 0 0 0 1 "Custom" 
0 ROTATION CONFIG 0 0
1 7 0 0 0 1 0 0 0 1 0 0 0 1 8250 B1.ldr
1 7 0 0 0 1 0 0 0 1 0 0 0 1 8250 B2.ldr
1 7 5 -181.318 -635.994 1 0 0 0 0.987688 0.156434 0 -0.156434 0.987688 8299 action.ldr
1 7 0 0 0 1 0 0 0 1 0 0 0 1 8250 B3.ldr
1 7 0 0 0 1 0 0 0 1 0 0 0 1 8250 B4.ldr
0
0 FILE 8250 B1.ldr
0 ROTATION CENTER 0 0 0 1 "Custom" 
0 ROTATION CONFIG 0 0
1 7 21.6105 -182.022 120.614 0 0.906361 0.422503 -1 0 0 0 -0.422503 0.906361 3700.dat
1 0 26.4491 -182.022 107.325 -0.422503 0 0.906362 0 1 0 -0.906362 0 -0.422503 2780.dat
1 14 -15.641 -191.522 -5.4521 0.422503 0 -0.906361 0 1 0 0.906361 0 0.422503 2730.dat
1 14 20 -199.522 0 0.906362 0 0.422503 0 1 0 -0.422503 0 0.906362 3709b.dat
1 14 20 -207.522 0 0.906362 0 0.422503 0 1 0 -0.422503 0 0.906362 3022.dat
1 14 38.7407 -191.522 -30.8022 0.422504 0 -0.906361 0 1 0 0.906361 0 0.422504 2730.dat
1 14 68.316 -199.522 32.6431 -0.906362 0 -0.422503 0 1 0 0.422503 0 -0.906362 2420.dat
1 7 45.3502 -223.522 54.3818 0.906362 0 0.422503 0 1 0 -0.422503 0 0.906362 3001.dat
1 14 13.9343 -199.522 57.9933 -0.422504 0 0.906361 0 1 0 -0.906361 0 -0.422504 2420.dat
1 14 53.8003 -199.522 72.509 0.906362 0 0.422503 0 1 0 -0.422503 0 0.906362 3709b.dat
1 14 49.5752 -191.522 63.4454 0.906362 0 0.422503 0 1 0 -0.422503 0 0.906362 3700.dat
1 14 45.3502 -167.522 54.3818 0.906362 0 0.422503 0 1 0 -0.422503 0 0.906362 3031.dat
1 14 41.1251 -191.522 45.3181 0.906362 0 0.422503 0 1 0 -0.422503 0 0.906362 3700.dat
1 14 58.0253 -191.522 81.5726 0.906362 0 0.422503 0 1 0 -0.422503 0 0.906362 3894.dat
1 14 20 -167.522 0 0.906362 0 0.422503 0 1 0 -0.422503 0 0.906362 3709b.dat
1 14 20 -191.522 0 0.906362 0 0.422503 0 1 0 -0.422503 0 0.906362 6143.dat
1 0 -22.2504 -181.522 -90.6361 0.906362 0 0.422503 0 1 0 -0.422503 0 0.906362 3706.dat
1 0 49.5752 -181.522 63.4453 -0.422504 0 0.906361 0 1 0 -0.906361 0 -0.422504 6558.dat
1 0 20 -221.522 0 0.906362 0 0.422502 0 1 0 -0.422502 0 0.906362 3706.dat
1 14 60.7863 -181.522 -19.0126 0.422503 -0.906362 0 0 0 -1 0.906362 0.422503 0 6632.dat
1 7 56.0431 -182.022 -17.3532 0.906361 0 -0.422504 0 -1 0 -0.422504 0 -0.906361 3749.dat
1 14 -20.7863 -181.522 19.0126 0.422503 -0.906361 0 0 0 -1 0.906361 0.422503 0 6632.dat
1 7 -16.4658 -182.022 16.447 -0.906361 0 0.422504 0 -1 0 0.422504 0 0.906361 3749.dat
1 7 -7.19091 -221.522 12.6751 -0.422504 0 0.906361 0 1 0 -0.906361 0 -0.422504 3713.dat
1 7 47.1908 -221.522 -12.675 0.422503 0 -0.906361 0 1 0 0.906361 0 0.422503 3713.dat
1 0 98.5047 -181.522 73.736 -0.422503 0 0.906362 0 1 0 -0.906362 0 -0.422503 2780.dat
1 7 93.6662 -181.522 87.0247 0 0.906361 0.422503 -1 0 0 0 -0.422503 0.906361 3700.dat
1 0 3.0998 -181.522 -36.2544 0.906361 0.339617 0.251335 0 0.594872 -0.80382 -0.422503 0.728552 0.539169 3706.dat
1 7 -53.3619 -217.417 -62.7031 -0.251335 -0.906362 0.339617 0.80382 0 0.594872 -0.539169 0.422503 0.728552 2825.dat
1 7 19.1471 -217.417 -96.5034 0.251336 0.906361 0.339617 -0.80382 0 0.594873 0.539169 -0.422503 0.728551 2825.dat
1 0 -44.4681 -217.714 -67.2924 0.906361 0.339617 0.251335 0 0.594872 -0.80382 -0.422503 0.728552 0.539169 32062.dat
1 0 9.91355 -217.714 -92.6427 0.906362 0.339617 0.251335 0 0.594872 -0.80382 -0.422503 0.728552 0.539169 32062.dat
1 14 -35.2347 -217.417 -71.1532 -0.251335 0.906362 -0.339617 0.803821 0 -0.594872 -0.539169 -0.422503 -0.728552 6629.dat
1 14 1.01974 -217.417 -88.0534 -0.251335 0.906362 -0.339617 0.803821 0 -0.594872 -0.539169 -0.422503 -0.728552 6629.dat
1 0 -75.3035 -259.735 -204.661 0.906362 0.120892 0.404838 0 0.95819 -0.286131 -0.422503 0.259339 0.868467 4519.dat
1 0 -83.5657 -253.832 -222.171 0.906362 -0.120891 -0.404838 0 -0.958191 0.286131 -0.422503 -0.259338 -0.868467 32039.dat
1 0 -95.9737 -245.584 -248.788 0.404839 0.120891 -0.906361 -0.286129 0.958191 0 0.868467 0.259336 0.422503 3705.dat
1 14 -115.953 -230.941 -291.648 -0.90636 0.120889 -0.404842 0 0.958191 0.286131 0.422506 0.259339 -0.868466 32013.dat
1 0 -67.4325 -265.256 -187.561 0.906361 0 0.422503 0 1 0 -0.422503 0 0.906361 3705.dat
1 7 -106.889 -230.941 -295.873 0.906361 0 0.422503 0 1 0 -0.422503 0 0.906361 3673.dat
1 7 66.9286 -242.022 99.4884 -0.422506 0.90636 0 0 0 -1 -0.90636 -0.422506 0 32013.dat
1 0 71.1536 -242.022 108.552 -0.422503 0 0.906362 0 1 0 -0.906362 0 -0.422503 2780.dat
1 7 18.5358 -181.522 -109.649 -0.422503 0 0.906361 0 1 0 -0.906361 0 -0.422503 4265a.dat
1 7 52.9497 -181.522 -59.4921 0.251336 -0.339617 0.906361 -0.80382 -0.594872 0 0.539169 -0.728551 -0.422504 4265a.dat
1 7 -46.7501 -181.522 -13.0167 0.251336 0.339617 -0.906361 -0.80382 0.594872 0 0.539169 0.728551 0.422504 4265a.dat
1 7 -35.7098 -265.256 -202.349 -0.422503 0 0.906361 0 1 0 -0.906361 0 -0.422503 4265a.dat
1 7 -99.1551 -265.256 -172.774 0.422503 0 -0.906361 0 1 0 0.906361 0 0.422503 4265a.dat
1 7 -63.0367 -181.522 -71.6235 0.422503 0 -0.906361 0 1 0 0.906361 0 0.422503 4265a.dat
0 Assembly 2
1 7 43.3631 -182.022 110.474 0.422503 0.906361 0 0 0 1 0.906361 -0.422503 0 4694.dat
0 Assembly 2
1 7 39.1381 -184.022 101.41 0.422503 0.906361 0 0 0 1 0.906361 -0.422503 0 4713.dat
0 Assembly 2
1 0 66.9285 -191.022 99.4885 0.422503 0.906361 0 0 0 1 0.906361 -0.422503 0 4695.dat
0 Assembly 5
1 1 45.3502 -261.522 54.3818 0.906362 0 0.422503 0 1 0 -0.422503 0 0.906362 32031.dat
0 Assembly 5
1 1 45.3502 -261.522 54.3818 0.906362 0 0.422503 0 1 0 -0.422503 0 0.906362 32032.dat
0 Assembly 5
1 1 45.3502 -261.522 54.3818 -0.906362 0 -0.422503 0 1 0 0.422503 0 -0.906362 32032.dat
1 15 -0.75 1.078 -0.718 1 0 0 0 1 0 0 0 1 hoses.ldr
0 Assembly 7
1 14 20 -235.522 0 0.906362 0 0.422503 0 1 0 -0.422503 0 0.906362 2797.dat
0 Assembly 7
1 14 20 -325.522 0 0.906362 0 0.422503 0 1 0 -0.422503 0 0.906362 2798.dat
0 Assembly 7
1 0 20 -329.522 0 0.906362 0 0.422503 0 1 0 -0.422503 0 0.906362 2804.dat
0 Assembly 7
1 0 20 -421.522 0 0.906362 0 0.422503 0 1 0 -0.422503 0 0.906362 2799.dat
0 Assembly 7
1 494 20 -408.522 0 0.906362 0 0.422503 0 1 0 -0.422503 0 0.906362 70450b.dat
0 Assembly 9
1 14 -17.5893 -172.903 -80.637 -0.906361 0.332937 -0.260119 0 0.615661 0.788011 0.422503 0.714223 -0.558012 2793.dat
0 Assembly 9
1 0 -57.5417 -246.782 -166.344 -0.906361 0.332937 -0.260119 0 0.615661 0.788011 0.422503 0.714223 -0.558012 2795.dat
0 Assembly 9
1 0 -67.0117 -264.293 -186.659 -0.906361 0.332937 -0.260119 0 0.615661 0.788011 0.422503 0.714223 -0.558012 2796.dat
0 
1 7 20.2114 -148.522 0.453207 0.906361 0.422504 0 0 0 -1 -0.422504 0.906361 0 4185.dat
1 0 20.2112 -117.522 0.453218 0 0.422504 0.906361 1 0 0 0 0.906361 -0.422504 3707.dat
1 7 20.2112 -99.5217 0.453217 0.906361 -0.422504 0 0 0 1 -0.422504 -0.906361 0 6589.dat
1 7 20.2113 -126.522 0.453209 0.906361 -0.422504 0 0 0 1 -0.422504 -0.906361 0 4265a.dat
1 7 20.2113 -116.522 0.453201 0.906361 0.422504 0 0 0 -1 -0.422504 0.906361 0 4265a.dat
0
0 FILE 8250 B2.ldr
0 ROTATION CENTER 0 0 0 1 "Custom" 
0 ROTATION CONFIG 0 0
1 0 -20 -207.142 -628.453 0 0 1 0.906648 0.421889 0 -0.421888 0.906648 0 2780.dat
1 0 20 -193.542 -634.781 0 0 1 -0.421889 0.906648 0 -0.906648 -0.421889 0 32017.dat
1 0 60.5001 -207.353 -628.906 0 0 1 0.906648 0.421889 0 -0.421889 0.906648 0 2780.dat
1 0 20 -202.609 -630.562 0 0 1 -0.421889 0.906648 0 -0.906648 -0.421889 0 32017.dat
1 14 20 -186.882 -704.612 0 -1 0 -0.906646 0 -0.421892 0.421892 0 -0.906646 32013.dat
1 0 19.5 -174.678 -677.201 0 0 1 -0.42189 0.906647 0 -0.906647 -0.42189 0 32062.dat
1 7 20 -161.568 -650.213 1 0 0 0 0.906647 0.421889 0 -0.421889 0.906647 32014.dat
1 7 20.5001 -189.22 -637.344 0 0 1 0.906647 0.421889 0 -0.421889 0.906647 0 3749.dat
1 0 20 -162.022 -650.002 1 0 0 0 1 0 0 0 1 3705.dat
1 7 0 -161.522 -650.002 0 -1 0 1 0 0 0 0 1 2825.dat
1 7 40 -161.522 -650.002 0 1 0 -1 0 0 0 0 1 2825.dat
1 0 21 -162.022 -590.002 1 0 0 0 1 0 0 0 1 3705.dat
1 7 21 -161.522 -590.002 -1 0 0 0 0 1 0 1 0 6536.dat
1 14 5 -161.522 -550.002 0 -1 0 -1 0 0 0 0 -1 6632.dat
1 14 35 -161.522 -550.002 0 -1 0 -1 0 0 0 0 -1 6632.dat
1 0 20 -161.522 -550.002 1 0 0 0 1 0 0 0 1 3706.dat
1 14 15 -161.522 -510.002 0 -1 0 -1 0 0 0 0 -1 6632.dat
1 14 25 -161.522 -510.002 0 -1 0 -1 0 0 0 0 -1 6632.dat
1 14 -50 -161.522 -550.002 0 0 -1 0 -1 0 -1 0 0 32015.dat
1 14 90 -161.522 -550.002 0 0 1 0 -1 0 1 0 0 32015.dat
1 0 20 -161.522 -510.002 1 0 0 0 1 0 0 0 1 3706.dat
1 14 -50 -161.522 -510.002 0 0 -1 1 0 0 0 -1 0 32015.dat
1 14 90 -161.522 -510.002 0 0 1 -1 0 0 0 -1 0 32015.dat
1 0 -61.4804 -134.305 -550.002 -0.923879 -0.382684 0 -0.382684 0.923879 0 0 0 -1 2654.dat
1 0 101.481 -134.305 -550.002 0.923879 0.382684 0 -0.382684 0.923879 0 0 0 1 2654.dat
1 8 -65.3072 -162.022 -473.547 -0.382683 0 0.92388 0 -1 0 0.92388 0 0.382683 6587.dat
1 8 105.307 -162.022 -473.547 0.382683 0 -0.92388 0 1 0 0.92388 0 0.382683 6587.dat
1 14 -10 -171.522 -410.002 0 0 -1 0 1 0 1 0 0 3703.dat
1 14 50 -171.522 -410.002 0 0 -1 0 1 0 1 0 0 3703.dat
1 7 -29.4999 -162.022 -420.002 0 -1 0 0 0 -1 1 0 0 6553.dat
1 7 -29.4999 -162.022 -389.002 1 0 0 0 0 1 0 -1 0 6553.dat
1 7 -90.4999 -162.022 -420.002 0 -1 0 -1 0 0 0 0 -1 32014.dat
1 0 18 -161.522 -390.002 1 0 0 0 1 0 0 0 1 3707.dat
1 7 69.5001 -162.022 -420.002 0 1 0 0 0 1 1 0 0 6553.dat
1 7 69.5001 -162.022 -389.002 1 0 0 0 0 1 0 -1 0 6553.dat
1 7 130.5 -162.022 -420.002 0 1 0 1 0 0 0 0 -1 32014.dat
1 7 -90.4994 -162.022 -390 0 0 -1 0 -1 0 -1 0 0 3749.dat
1 7 130.499 -162.022 -390 0 0 -1 0 -1 0 -1 0 0 3749.dat
1 14 5 -161.522 -350.002 0 -1 0 -1 0 0 0 0 -1 6632.dat
1 14 35 -161.522 -350.002 0 -1 0 -1 0 0 0 0 -1 6632.dat
1 0 18 -161.522 -350.002 1 0 0 0 1 0 0 0 1 3707.dat
1 8 -30 -202.021 -350.003 0 0 1 -1 0 0 0 -1 0 6587.dat
1 0 -30 -202.021 -350.003 1 0 0 0 0 -1 0 1 0 3482.dat
1 14 -30 -162.021 -350.003 -1 0 0 0 1 0 0 0 -1 32014.dat
1 14 -30 -161.522 -290.002 1 0 0 0 0 1 0 -1 0 6553.dat
1 0 20 -161.522 -290.002 1 0 0 0 1 0 0 0 1 3706.dat
1 8 70 -202.021 -350.003 0 0 1 -1 0 0 0 -1 0 6587.dat
1 0 70 -202.021 -350.003 1 0 0 0 0 -1 0 1 0 3482.dat
1 14 70 -162.021 -350.003 -1 0 0 0 1 0 0 0 -1 32014.dat
1 14 70 -161.522 -290.002 1 0 0 0 0 1 0 -1 0 6553.dat
1 14 11 -161.522 -290.002 -1 0 0 0 1 0 0 0 -1 6536.dat
1 14 31 -161.522 -290.002 -1 0 0 0 1 0 0 0 -1 6536.dat
1 7 20.5001 -222.021 -349.503 -1 0 0 0 -1 0 0 0 1 6536.dat
1 0 19.5001 -222.021 -349.503 1 0 0 0 1 0 0 0 1 3705.dat
1 14 -30 -221.521 -350.003 0 0 -1 1 0 0 0 -1 0 32015.dat
0 MLCAD FLEXHOSE 14 0 0 0 1 0 0 0 1 0 0 0 1  -30 -221.5 -350  80 0 -155 70 -221 -350 -80 0 -155 400 ls51.dat ls51.dat 0
0 MLCAD SKIP_BEGIN
1 14 -30 -221.5 -350 -0.889505 0.456926 -1.91005e-006 0 -4.18021e-006 -1 -0.456926 -0.889505 3.71831e-006 LS51.dat
1 14 -30.3473 -221.5 -349.324 -0.891279 0.453456 -5.72334e-006 0 -1.26216e-005 -1 -0.453456 -0.891279 1.12494e-005 LS51.dat
1 14 -30.6932 -221.5 -348.644 -0.893065 0.449929 -9.53562e-006 0 -2.11936e-005 -1 -0.449929 -0.893065 1.89273e-005 LS51.dat
1 14 -31.0376 -221.5 -347.96 -0.894862 0.446342 -1.33451e-005 0 -2.98987e-005 -1 -0.446342 -0.894862 2.67552e-005 LS51.dat
1 14 -31.3804 -221.5 -347.273 -0.896672 0.442696 -1.71497e-005 0 -3.87393e-005 -1 -0.442696 -0.896672 3.47364e-005 LS51.dat
1 14 -31.7215 -221.5 -346.582 -0.898493 0.438988 -2.09476e-005 0 -4.77179e-005 -1 -0.438988 -0.898493 4.28742e-005 LS51.dat
1 14 -32.0609 -221.5 -345.888 -0.900325 0.435218 -2.47365e-005 0 -5.68371e-005 -1 -0.435218 -0.900325 5.11719e-005 LS51.dat
1 14 -32.3986 -221.5 -345.189 -0.902168 0.431384 -2.85143e-005 0 -6.60995e-005 -1 -0.431384 -0.902168 5.96329e-005 LS51.dat
1 14 -32.7343 -221.5 -344.487 -0.904023 0.427485 -3.22784e-005 0 -7.55076e-005 -1 -0.427485 -0.904023 6.82606e-005 LS51.dat
1 14 -33.0681 -221.5 -343.781 -0.905887 0.423519 -3.60264e-005 0 -8.50642e-005 -1 -0.423519 -0.905887 7.70586e-005 LS51.dat
1 14 -33.3998 -221.5 -343.072 -0.907762 0.419486 -3.97555e-005 0 -9.4772e-005 -1 -0.419486 -0.907762 8.60304e-005 LS51.dat
1 14 -33.7293 -221.5 -342.358 -0.909646 0.415384 -4.34631e-005 0 -0.000104634 -1 -0.415384 -0.909646 9.51796e-005 LS51.dat
1 14 -34.0567 -221.5 -341.642 -0.91154 0.411211 -4.71461e-005 0 -0.000114652 -1 -0.411211 -0.91154 0.00010451 LS51.dat
1 14 -34.3817 -221.499 -340.921 -0.913443 0.406966 -5.08014e-005 0 -0.00012483 -1 -0.406966 -0.913443 0.000114025 LS51.dat
1 14 -34.7044 -221.499 -340.197 -0.915355 0.402648 -5.44258e-005 0 -0.00013517 -1 -0.402648 -0.915355 0.000123728 LS51.dat
1 14 -35.0245 -221.499 -339.469 -0.917275 0.398255 -5.80157e-005 0 -0.000145675 -1 -0.398255 -0.917275 0.000133624 LS51.dat
1 14 -35.342 -221.499 -338.738 -0.919202 0.393785 -6.15676e-005 0 -0.000156348 -1 -0.393785 -0.919202 0.000143715 LS51.dat
1 14 -35.6569 -221.499 -338.003 -0.921137 0.389238 -6.50776e-005 0 -0.000167192 -1 -0.389238 -0.921137 0.000154007 LS51.dat
1 14 -35.969 -221.499 -337.264 -0.923079 0.384611 -6.85417e-005 0 -0.00017821 -1 -0.384611 -0.923079 0.000164502 LS51.dat
1 14 -36.2781 -221.499 -336.522 -0.925026 0.379903 -7.19558e-005 0 -0.000189406 -1 -0.379903 -0.925026 0.000175205 LS51.dat
1 14 -36.5844 -221.499 -335.777 -0.926979 0.375113 -7.53153e-005 0 -0.000200781 -1 -0.375113 -0.926979 0.000186119 LS51.dat
1 14 -36.8875 -221.498 -335.028 -0.928937 0.370238 -7.86158e-005 0 -0.000212339 -1 -0.370238 -0.928937 0.000197249 LS51.dat
1 14 -37.1874 -221.498 -334.275 -0.930899 0.365277 -8.18522e-005 0 -0.000224083 -1 -0.365277 -0.930899 0.000208598 LS51.dat
1 14 -37.484 -221.498 -333.519 -0.932864 0.360229 -8.50196e-005 0 -0.000236016 -1 -0.360229 -0.932864 0.00022017 LS51.dat
1 14 -37.7773 -221.498 -332.76 -0.934832 0.355092 -8.81127e-005 0 -0.000248141 -1 -0.355092 -0.934831 0.00023197 LS51.dat
1 14 -38.067 -221.498 -331.997 -0.936801 0.349863 -9.11257e-005 0 -0.000260461 -1 -0.349863 -0.936801 0.000244 LS51.dat
1 14 -38.3531 -221.497 -331.231 -0.938771 0.344542 -9.4053e-005 0 -0.00027298 -1 -0.344542 -0.938771 0.000256265 LS51.dat
1 14 -38.6354 -221.497 -330.462 -0.940741 0.339127 -9.68884e-005 0 -0.000285699 -1 -0.339127 -0.94074 0.000268769 LS51.dat
1 14 -38.9139 -221.497 -329.689 -0.942709 0.333616 -9.96256e-005 0 -0.000298624 -1 -0.333616 -0.942709 0.000281515 LS51.dat
1 14 -39.1885 -221.497 -328.913 -0.944675 0.328007 -0.000102258 0 -0.000311755 -1 -0.328007 -0.944675 0.000294508 LS51.dat
1 14 -39.4589 -221.496 -328.134 -0.946638 0.322298 -0.000104778 0 -0.000325098 -1 -0.322298 -0.946638 0.00030775 LS51.dat
1 14 -39.7252 -221.496 -327.352 -0.948597 0.316488 -0.00010718 0 -0.000338654 -1 -0.316488 -0.948596 0.000321246 LS51.dat
1 14 -39.9871 -221.496 -326.567 -0.950549 0.310575 -0.000109455 0 -0.000352426 -1 -0.310575 -0.950549 0.000334998 LS51.dat
1 14 -40.2446 -221.496 -325.779 -0.952494 0.304556 -0.000111595 0 -0.000366418 -1 -0.304556 -0.952494 0.000349011 LS51.dat
1 14 -40.4975 -221.495 -324.988 -0.954431 0.298431 -0.000113593 0 -0.000380632 -1 -0.298431 -0.954431 0.000363287 LS51.dat
1 14 -40.7458 -221.495 -324.194 -0.956358 0.292198 -0.000115439 0 -0.000395072 -1 -0.292198 -0.956358 0.00037783 LS51.dat
1 14 -40.9892 -221.495 -323.397 -0.958273 0.285854 -0.000117126 0 -0.00040974 -1 -0.285854 -0.958273 0.000392643 LS51.dat
1 14 -41.2277 -221.494 -322.598 -0.960175 0.279398 -0.000118643 0 -0.000424639 -1 -0.279398 -0.960175 0.000407728 LS51.dat
1 14 -41.4611 -221.494 -321.796 -0.962063 0.272828 -0.000119982 0 -0.000439771 -1 -0.272828 -0.962063 0.000423088 LS51.dat
1 14 -41.6893 -221.494 -320.991 -0.963934 0.266143 -0.000121132 0 -0.00045514 -1 -0.266143 -0.963933 0.000438725 LS51.dat
1 14 -41.9122 -221.493 -320.184 -0.965786 0.25934 -0.000122084 0 -0.000470748 -1 -0.25934 -0.965786 0.000454642 LS51.dat
1 14 -42.1297 -221.493 -319.374 -0.967618 0.252418 -0.000122826 0 -0.000486597 -1 -0.252418 -0.967618 0.00047084 LS51.dat
1 14 -42.3416 -221.492 -318.562 -0.969428 0.245375 -0.000123348 0 -0.00050269 -1 -0.245375 -0.969428 0.000487321 LS51.dat
1 14 -42.5477 -221.492 -317.747 -0.971214 0.23821 -0.000123638 0 -0.000519028 -1 -0.23821 -0.971214 0.000504087 LS51.dat
1 14 -42.7481 -221.492 -316.93 -0.972973 0.23092 -0.000123684 0 -0.000535614 -1 -0.23092 -0.972973 0.000521138 LS51.dat
1 14 -42.9424 -221.491 -316.112 -0.974703 0.223505 -0.000123475 0 -0.000552451 -1 -0.223505 -0.974703 0.000538475 LS51.dat
1 14 -43.1307 -221.491 -315.291 -0.976402 0.215962 -0.000122999 0 -0.000569538 -1 -0.215962 -0.976402 0.000556098 LS51.dat
1 14 -43.3127 -221.49 -314.468 -0.978067 0.208291 -0.000122242 0 -0.00058688 -1 -0.208291 -0.978067 0.000574008 LS51.dat
1 14 -43.4883 -221.49 -313.643 -0.979696 0.200489 -0.000121191 0 -0.000604476 -1 -0.200489 -0.979696 0.000592202 LS51.dat
1 14 -43.6575 -221.489 -312.816 -0.981286 0.192555 -0.000119833 0 -0.000622328 -1 -0.192556 -0.981286 0.000610682 LS51.dat
1 14 -43.82 -221.489 -311.988 -0.982835 0.184489 -0.000118154 0 -0.000640437 -1 -0.184489 -0.982834 0.000629444 LS51.dat
1 14 -43.9757 -221.488 -311.158 -0.984339 0.176288 -0.000116139 0 -0.000658804 -1 -0.176288 -0.984338 0.000648486 LS51.dat
1 14 -44.1246 -221.488 -310.327 -0.985795 0.167951 -0.000113775 0 -0.00067743 -1 -0.167952 -0.985795 0.000667807 LS51.dat
1 14 -44.2665 -221.487 -309.495 -0.987201 0.159478 -0.000111047 0 -0.000696314 -1 -0.159478 -0.987201 0.000687402 LS51.dat
1 14 -44.4011 -221.486 -308.661 -0.988554 0.150868 -0.00010794 0 -0.000715458 -1 -0.150868 -0.988554 0.000707269 LS51.dat
1 14 -44.5286 -221.486 -307.826 -0.98985 0.142119 -0.000104437 0 -0.00073486 -1 -0.142119 -0.989849 0.000727401 LS51.dat
1 14 -44.6486 -221.485 -306.99 -0.991085 0.13323 -0.000100525 0 -0.000754521 -1 -0.13323 -0.991085 0.000747795 LS51.dat
1 14 -44.7611 -221.485 -306.153 -0.992257 0.124201 -9.61865e-005 0 -0.00077444 -1 -0.124201 -0.992257 0.000768443 LS51.dat
1 14 -44.8659 -221.484 -305.316 -0.993362 0.115032 -9.14064e-005 0 -0.000794615 -1 -0.115032 -0.993361 0.00078934 LS51.dat
1 14 -44.963 -221.483 -304.478 -0.994396 0.105722 -8.61684e-005 0 -0.000815044 -1 -0.105722 -0.994395 0.000810477 LS51.dat
1 14 -45.0521 -221.482 -303.639 -0.995355 0.096271 -8.04563e-005 0 -0.000835727 -1 -0.096271 -0.995355 0.000831846 LS51.dat
1 14 -45.1333 -221.482 -302.8 -0.996236 0.0866783 -7.4254e-005 0 -0.000856662 -1 -0.0866783 -0.996236 0.000853437 LS51.dat
1 14 -45.2063 -221.481 -301.961 -0.997035 0.0769443 -6.75451e-005 0 -0.000877844 -1 -0.0769443 -0.997035 0.000875242 LS51.dat
1 14 -45.2711 -221.48 -301.121 -0.997748 0.0670691 -6.03134e-005 0 -0.000899272 -1 -0.0670692 -0.997748 0.000897247 LS51.dat
1 14 -45.3275 -221.48 -300.282 -0.998371 0.0570532 -5.25427e-005 0 -0.000920942 -1 -0.0570532 -0.998371 0.000919442 LS51.dat
1 14 -45.3754 -221.479 -299.443 -0.9989 0.0468971 -4.42169e-005 0 -0.00094285 -1 -0.0468971 -0.998899 0.000941813 LS51.dat
1 14 -45.4148 -221.478 -298.604 -0.99933 0.0366015 -3.53202e-005 0 -0.000964993 -1 -0.0366015 -0.999329 0.000964346 LS51.dat
1 14 -45.4455 -221.477 -297.766 -0.999658 0.0261674 -2.58367e-005 0 -0.000987364 -1 -0.0261674 -0.999657 0.000987026 LS51.dat
1 14 -45.4675 -221.476 -296.928 -0.999878 0.015596 -1.57513e-005 0 -0.00100996 -0.999999 -0.015596 -0.999878 0.00100984 LS51.dat
1 14 -45.4805 -221.476 -296.091 -0.999988 0.00488858 -5.0488e-006 0 -0.00103277 -0.999999 -0.00488858 -0.999988 0.00103276 LS51.dat
1 14 -45.4846 -221.475 -295.255 -0.999982 -0.00595315 6.28534e-006 0 -0.0010558 -0.999999 0.00595315 -0.999982 0.00105578 LS51.dat
1 14 -45.4796 -221.474 -294.42 -0.999857 -0.0169274 1.82652e-005 0 -0.00107903 -0.999999 0.0169274 -0.999856 0.00107888 LS51.dat
1 14 -45.4655 -221.473 -293.586 -0.999607 -0.0280321 3.09043e-005 0 -0.00110246 -0.999999 0.0280321 -0.999606 0.00110203 LS51.dat
1 14 -45.4422 -221.472 -292.753 -0.999229 -0.0392649 4.42156e-005 0 -0.00112608 -0.999999 0.0392649 -0.999228 0.00112521 LS51.dat
1 14 -45.4095 -221.471 -291.922 -0.998718 -0.0506233 5.82111e-005 0 -0.00114989 -0.999999 0.0506233 -0.998717 0.00114841 LS51.dat
1 14 -45.3675 -221.47 -291.093 -0.99807 -0.0621044 7.29022e-005 0 -0.00117386 -0.999999 0.0621045 -0.998069 0.0011716 LS51.dat
1 14 -45.316 -221.469 -290.266 -0.99728 -0.0737052 8.82994e-005 0 -0.00119801 -0.999999 0.0737053 -0.997279 0.00119475 LS51.dat
1 14 -45.255 -221.468 -289.44 -0.996345 -0.0854224 0.000104412 0 -0.0012223 -0.999999 0.0854224 -0.996344 0.00121784 LS51.dat
1 14 -45.1844 -221.467 -288.617 -0.99526 -0.0972523 0.000121249 0 -0.00124675 -0.999999 0.0972523 -0.995259 0.00124084 LS51.dat
1 14 -45.1041 -221.466 -287.795 -0.994021 -0.109191 0.000138817 0 -0.00127132 -0.999999 0.109191 -0.99402 0.00126372 LS51.dat
1 14 -45.0142 -221.465 -286.977 -0.992624 -0.121235 0.000157123 0 -0.00129602 -0.999999 0.121235 -0.992623 0.00128646 LS51.dat
1 14 -44.9145 -221.464 -286.161 -0.991065 -0.133379 0.000176171 0 -0.00132083 -0.999999 0.133379 -0.991064 0.00130903 LS51.dat
1 14 -44.8051 -221.463 -285.347 -0.989341 -0.145618 0.000195965 0 -0.00134575 -0.999999 0.145618 -0.98934 0.0013314 LS51.dat
1 14 -44.6858 -221.462 -284.537 -0.987447 -0.157949 0.000216507 0 -0.00137074 -0.999999 0.157949 -0.987446 0.00135354 LS51.dat
1 14 -44.5567 -221.461 -283.73 -0.985381 -0.170365 0.000237798 0 -0.00139582 -0.999999 0.170365 -0.98538 0.00137541 LS51.dat
1 14 -44.4176 -221.46 -282.925 -0.983139 -0.182861 0.000259837 0 -0.00142095 -0.999999 0.182862 -0.983138 0.00139699 LS51.dat
1 14 -44.2687 -221.458 -282.125 -0.980717 -0.195433 0.000282621 0 -0.00144613 -0.999999 0.195433 -0.980716 0.00141824 LS51.dat
1 14 -44.1098 -221.457 -281.327 -0.978113 -0.208073 0.000306146 0 -0.00147134 -0.999999 0.208073 -0.978112 0.00143914 LS51.dat
1 14 -43.941 -221.456 -280.534 -0.975325 -0.220775 0.000330407 0 -0.00149657 -0.999999 0.220775 -0.975324 0.00145965 LS51.dat
1 14 -43.7622 -221.455 -279.744 -0.972349 -0.233534 0.000355395 0 -0.00152181 -0.999999 0.233535 -0.972347 0.00147973 LS51.dat
1 14 -43.5734 -221.454 -278.958 -0.969183 -0.246343 0.000381103 0 -0.00154704 -0.999999 0.246344 -0.969181 0.00149936 LS51.dat
1 14 -43.3747 -221.452 -278.176 -0.965825 -0.259195 0.000407517 0 -0.00157224 -0.999999 0.259196 -0.965824 0.00151851 LS51.dat
1 14 -43.1661 -221.451 -277.399 -0.962273 -0.272084 0.000434627 0 -0.0015974 -0.999999 0.272084 -0.962272 0.00153713 LS51.dat
1 14 -42.9475 -221.45 -276.626 -0.958527 -0.285002 0.000462417 0 -0.0016225 -0.999999 0.285002 -0.958526 0.00155521 LS51.dat
1 14 -42.719 -221.448 -275.857 -0.954584 -0.297942 0.000490871 0 -0.00164754 -0.999999 0.297943 -0.954582 0.00157271 LS51.dat
1 14 -42.4806 -221.447 -275.093 -0.950443 -0.310897 0.000519971 0 -0.00167248 -0.999999 0.310898 -0.950442 0.0015896 LS51.dat
1 14 -42.2323 -221.446 -274.334 -0.946105 -0.32386 0.000549697 0 -0.00169733 -0.999999 0.323861 -0.946103 0.00160585 LS51.dat
1 14 -41.9741 -221.444 -273.58 -0.941568 -0.336823 0.000580028 0 -0.00172205 -0.999999 0.336824 -0.941566 0.00162143 LS51.dat
1 14 -41.7062 -221.443 -272.831 -0.936832 -0.349779 0.000610941 0 -0.00174665 -0.999998 0.349779 -0.936831 0.00163632 LS51.dat
1 14 -41.4284 -221.442 -272.087 -0.931898 -0.362719 0.000642412 0 -0.0017711 -0.999998 0.36272 -0.931897 0.00165048 LS51.dat
1 14 -41.141 -221.44 -271.349 -0.926766 -0.375637 0.000674414 0 -0.00179538 -0.999998 0.375638 -0.926765 0.0016639 LS51.dat
1 14 -40.8439 -221.439 -270.616 -0.921438 -0.388525 0.000706919 0 -0.00181949 -0.999998 0.388526 -0.921436 0.00167655 LS51.dat
1 14 -40.5371 -221.437 -269.888 -0.915913 -0.401376 0.0007399 0 -0.00184341 -0.999998 0.401377 -0.915912 0.0016884 LS51.dat
1 14 -40.2208 -221.436 -269.166 -0.910194 -0.414181 0.000773326 0 -0.00186712 -0.999998 0.414182 -0.910193 0.00169944 LS51.dat
1 14 -39.8949 -221.434 -268.45 -0.904282 -0.426934 0.000807167 0 -0.00189061 -0.999998 0.426935 -0.904281 0.00170964 LS51.dat
1 14 -39.5597 -221.433 -267.74 -0.89818 -0.439627 0.000841389 0 -0.00191387 -0.999998 0.439627 -0.898179 0.001719 LS51.dat
1 14 -39.215 -221.432 -267.036 -0.89189 -0.452252 0.000875961 0 -0.00193688 -0.999998 0.452253 -0.891888 0.00172749 LS51.dat
1 14 -38.8611 -221.43 -266.338 -0.885413 -0.464803 0.000910849 0 -0.00195964 -0.999998 0.464804 -0.885412 0.00173509 LS51.dat
1 14 -38.4979 -221.428 -265.646 -0.878754 -0.477273 0.000946018 0 -0.00198213 -0.999998 0.477274 -0.878753 0.0017418 LS51.dat
1 14 -38.1256 -221.427 -264.961 -0.871916 -0.489655 0.000981433 0 -0.00200433 -0.999998 0.489656 -0.871914 0.00174761 LS51.dat
1 14 -37.7443 -221.425 -264.282 -0.864901 -0.501942 0.00101706 0 -0.00202625 -0.999998 0.501943 -0.864899 0.0017525 LS51.dat
1 14 -37.354 -221.424 -263.609 -0.857713 -0.514127 0.00105286 0 -0.00204786 -0.999998 0.514128 -0.857712 0.00175648 LS51.dat
1 14 -36.9548 -221.422 -262.943 -0.850357 -0.526205 0.0010888 0 -0.00206916 -0.999998 0.526206 -0.850355 0.00175952 LS51.dat
1 14 -36.5468 -221.421 -262.284 -0.842836 -0.538169 0.00112485 0 -0.00209014 -0.999998 0.53817 -0.842834 0.00176164 LS51.dat
1 14 -36.1301 -221.419 -261.631 -0.835155 -0.550014 0.00116097 0 -0.00211079 -0.999998 0.550015 -0.835153 0.00176284 LS51.dat
1 14 -35.7048 -221.417 -260.985 -0.827317 -0.561734 0.00119712 0 -0.00213111 -0.999998 0.561735 -0.827315 0.0017631 LS51.dat
1 14 -35.2711 -221.416 -260.347 -0.819328 -0.573323 0.00123327 0 -0.00215108 -0.999998 0.573325 -0.819326 0.00176244 LS51.dat
1 14 -34.8289 -221.414 -259.715 -0.811193 -0.584778 0.00126938 0 -0.0021707 -0.999998 0.584779 -0.811191 0.00176085 LS51.dat
1 14 -34.3785 -221.412 -259.09 -0.802915 -0.596092 0.00130542 0 -0.00218996 -0.999998 0.596094 -0.802913 0.00175835 LS51.dat
1 14 -33.9199 -221.411 -258.472 -0.794501 -0.607262 0.00134136 0 -0.00220887 -0.999998 0.607263 -0.794499 0.00175495 LS51.dat
1 14 -33.4533 -221.409 -257.862 -0.785954 -0.618283 0.00137717 0 -0.00222741 -0.999998 0.618285 -0.785952 0.00175064 LS51.dat
1 14 -32.9786 -221.407 -257.258 -0.777281 -0.629152 0.00141281 0 -0.00224558 -0.999997 0.629153 -0.777279 0.00174545 LS51.dat
1 14 -32.4962 -221.406 -256.662 -0.768487 -0.639864 0.00144826 0 -0.00226338 -0.999997 0.639866 -0.768485 0.00173938 LS51.dat
1 14 -32.006 -221.404 -256.074 -0.759576 -0.650417 0.00148348 0 -0.00228081 -0.999997 0.650419 -0.759574 0.00173244 LS51.dat
1 14 -31.5082 -221.402 -255.492 -0.750554 -0.660807 0.00151844 0 -0.00229785 -0.999997 0.660809 -0.750552 0.00172466 LS51.dat
1 14 -31.0029 -221.4 -254.918 -0.741426 -0.671032 0.00155313 0 -0.00231453 -0.999997 0.671034 -0.741424 0.00171605 LS51.dat
1 14 -30.4902 -221.399 -254.352 -0.732198 -0.68109 0.0015875 0 -0.00233082 -0.999997 0.681092 -0.732196 0.00170662 LS51.dat
1 14 -29.9703 -221.397 -253.793 -0.722875 -0.690977 0.00162155 0 -0.00234674 -0.999997 0.690979 -0.722873 0.0016964 LS51.dat
1 14 -29.4432 -221.395 -253.241 -0.713461 -0.700693 0.00165523 0 -0.00236228 -0.999997 0.700695 -0.713459 0.00168539 LS51.dat
1 14 -28.9091 -221.393 -252.698 -0.703963 -0.710235 0.00168855 0 -0.00237744 -0.999997 0.710237 -0.703961 0.00167363 LS51.dat
1 14 -28.3681 -221.391 -252.161 -0.694384 -0.719603 0.00172146 0 -0.00239223 -0.999997 0.719605 -0.694382 0.00166112 LS51.dat
1 14 -27.8203 -221.39 -251.633 -0.684731 -0.728794 0.00175395 0 -0.00240664 -0.999997 0.728796 -0.684729 0.0016479 LS51.dat
1 14 -27.2659 -221.388 -251.112 -0.675007 -0.737809 0.00178601 0 -0.00242069 -0.999997 0.737811 -0.675005 0.00163398 LS51.dat
1 14 -26.7049 -221.386 -250.599 -0.665219 -0.746646 0.00181761 0 -0.00243436 -0.999997 0.746648 -0.665217 0.00161938 LS51.dat
1 14 -26.1375 -221.384 -250.093 -0.65537 -0.755305 0.00184875 0 -0.00244767 -0.999997 0.755308 -0.655368 0.00160413 LS51.dat
1 14 -25.5637 -221.382 -249.595 -0.645466 -0.763787 0.0018794 0 -0.00246063 -0.999997 0.763789 -0.645464 0.00158825 LS51.dat
1 14 -24.9839 -221.38 -249.105 -0.63551 -0.77209 0.00190955 0 -0.00247322 -0.999997 0.772093 -0.635508 0.00157176 LS51.dat
1 14 -24.3979 -221.378 -248.623 -0.625507 -0.780216 0.0019392 0 -0.00248546 -0.999997 0.780218 -0.625505 0.00155467 LS51.dat
1 14 -23.806 -221.377 -248.148 -0.615462 -0.788164 0.00196833 0 -0.00249735 -0.999997 0.788167 -0.61546 0.00153703 LS51.dat
1 14 -23.2083 -221.375 -247.682 -0.605378 -0.795936 0.00199693 0 -0.0025089 -0.999997 0.795938 -0.605376 0.00151884 LS51.dat
1 14 -22.605 -221.373 -247.223 -0.595259 -0.803531 0.002025 0 -0.00252012 -0.999997 0.803534 -0.595258 0.00150012 LS51.dat
1 14 -21.996 -221.371 -246.772 -0.58511 -0.810951 0.00205252 0 -0.002531 -0.999997 0.810954 -0.585108 0.00148091 LS51.dat
1 14 -21.3816 -221.369 -246.328 -0.574934 -0.818197 0.00207949 0 -0.00254155 -0.999997 0.8182 -0.574932 0.00146122 LS51.dat
1 14 -20.7618 -221.367 -245.893 -0.564734 -0.825271 0.00210591 0 -0.00255178 -0.999997 0.825273 -0.564732 0.00144107 LS51.dat
1 14 -20.1368 -221.365 -245.465 -0.554513 -0.832172 0.00213177 0 -0.00256169 -0.999997 0.832175 -0.554512 0.00142049 LS51.dat
1 14 -19.5067 -221.363 -245.045 -0.544276 -0.838903 0.00215707 0 -0.00257129 -0.999997 0.838906 -0.544274 0.00139949 LS51.dat
1 14 -18.8716 -221.361 -244.633 -0.534025 -0.845466 0.00218181 0 -0.00258059 -0.999997 0.845469 -0.534023 0.0013781 LS51.dat
1 14 -18.2317 -221.359 -244.229 -0.523762 -0.851862 0.00220598 0 -0.00258959 -0.999997 0.851864 -0.523761 0.00135633 LS51.dat
1 14 -17.587 -221.357 -243.833 -0.513492 -0.858092 0.00222958 0 -0.0025983 -0.999997 0.858095 -0.51349 0.0013342 LS51.dat
1 14 -16.9376 -221.355 -243.444 -0.503215 -0.864158 0.00225262 0 -0.00260672 -0.999997 0.864161 -0.503213 0.00131174 LS51.dat
1 14 -16.2837 -221.353 -243.063 -0.492935 -0.870063 0.0022751 0 -0.00261486 -0.999997 0.870066 -0.492934 0.00128896 LS51.dat
1 14 -15.6254 -221.351 -242.69 -0.482655 -0.875808 0.00229701 0 -0.00262272 -0.999997 0.875811 -0.482653 0.00126587 LS51.dat
1 14 -14.9627 -221.349 -242.325 -0.472375 -0.881395 0.00231836 0 -0.00263032 -0.999997 0.881398 -0.472373 0.0012425 LS51.dat
1 14 -14.2959 -221.347 -241.968 -0.462099 -0.886825 0.00233915 0 -0.00263766 -0.999997 0.886828 -0.462097 0.00121886 LS51.dat
1 14 -13.625 -221.345 -241.618 -0.451828 -0.892102 0.00235939 0 -0.00264474 -0.999997 0.892105 -0.451826 0.00119497 LS51.dat
1 14 -12.95 -221.343 -241.276 -0.441563 -0.897227 0.00237908 0 -0.00265158 -0.999996 0.89723 -0.441562 0.00117084 LS51.dat
1 14 -12.2712 -221.341 -240.942 -0.431307 -0.902202 0.00239821 0 -0.00265817 -0.999996 0.902205 -0.431306 0.00114649 LS51.dat
1 14 -11.5887 -221.339 -240.616 -0.421061 -0.907029 0.0024168 0 -0.00266452 -0.999996 0.907032 -0.421059 0.00112192 LS51.dat
1 14 -10.9024 -221.337 -240.297 -0.410826 -0.911711 0.00243486 0 -0.00267064 -0.999996 0.911714 -0.410825 0.00109717 LS51.dat
1 14 -10.2126 -221.335 -239.987 -0.400604 -0.916248 0.00245238 0 -0.00267653 -0.999996 0.916251 -0.400602 0.00107223 LS51.dat
1 14 -9.51933 -221.333 -239.683 -0.390395 -0.920644 0.00246937 0 -0.00268221 -0.999996 0.920648 -0.390393 0.00104712 LS51.dat
1 14 -8.82269 -221.331 -239.388 -0.3802 -0.924901 0.00248583 0 -0.00268767 -0.999996 0.924904 -0.380199 0.00102185 LS51.dat
1 14 -8.12278 -221.329 -239.1 -0.370022 -0.92902 0.00250178 0 -0.00269292 -0.999996 0.929023 -0.37002 0.000996437 LS51.dat
1 14 -7.41971 -221.327 -238.82 -0.359859 -0.933003 0.00251722 0 -0.00269796 -0.999996 0.933007 -0.359858 0.000970886 LS51.dat
1 14 -6.71357 -221.325 -238.548 -0.349713 -0.936853 0.00253215 0 -0.00270281 -0.999996 0.936857 -0.349712 0.000945208 LS51.dat
1 14 -6.00446 -221.323 -238.283 -0.339585 -0.940572 0.00254658 0 -0.00270747 -0.999996 0.940575 -0.339583 0.000919414 LS51.dat
1 14 -5.29248 -221.321 -238.026 -0.329474 -0.944161 0.00256051 0 -0.00271193 -0.999996 0.944165 -0.329473 0.000893512 LS51.dat
1 14 -4.57771 -221.319 -237.777 -0.319382 -0.947623 0.00257396 0 -0.00271621 -0.999996 0.947626 -0.319381 0.00086751 LS51.dat
1 14 -3.86026 -221.317 -237.535 -0.309308 -0.950958 0.00258692 0 -0.00272032 -0.999996 0.950962 -0.309307 0.000841417 LS51.dat
1 14 -3.14022 -221.315 -237.301 -0.299254 -0.95417 0.0025994 0 -0.00272425 -0.999996 0.954174 -0.299252 0.00081524 LS51.dat
1 14 -2.41768 -221.313 -237.074 -0.289218 -0.95726 0.00261142 0 -0.002728 -0.999996 0.957263 -0.289217 0.000788987 LS51.dat
1 14 -1.69272 -221.311 -236.855 -0.279201 -0.960229 0.00262297 0 -0.0027316 -0.999996 0.960233 -0.2792 0.000762664 LS51.dat
1 14 -0.965447 -221.309 -236.644 -0.269203 -0.96308 0.00263406 0 -0.00273503 -0.999996 0.963084 -0.269202 0.000736277 LS51.dat
1 14 -0.23594 -221.307 -236.44 -0.259223 -0.965814 0.0026447 0 -0.0027383 -0.999996 0.965817 -0.259222 0.000709832 LS51.dat
1 14 0.495711 -221.305 -236.243 -0.249263 -0.968432 0.00265489 0 -0.00274142 -0.999996 0.968436 -0.249262 0.000683335 LS51.dat
1 14 1.22942 -221.302 -236.055 -0.239321 -0.970937 0.00266464 0 -0.00274439 -0.999996 0.970941 -0.23932 0.00065679 LS51.dat
1 14 1.9651 -221.3 -235.873 -0.229397 -0.973329 0.00267396 0 -0.00274722 -0.999996 0.973333 -0.229396 0.000630203 LS51.dat
1 14 2.70266 -221.298 -235.699 -0.219491 -0.975611 0.00268284 0 -0.0027499 -0.999996 0.975615 -0.21949 0.000603577 LS51.dat
1 14 3.44202 -221.296 -235.533 -0.209602 -0.977783 0.0026913 0 -0.00275244 -0.999996 0.977787 -0.209601 0.000576916 LS51.dat
1 14 4.1831 -221.294 -235.374 -0.19973 -0.979847 0.00269934 0 -0.00275484 -0.999996 0.979851 -0.199729 0.000550225 LS51.dat
1 14 4.92581 -221.292 -235.223 -0.189875 -0.981805 0.00270696 0 -0.00275711 -0.999996 0.981808 -0.189874 0.000523507 LS51.dat
1 14 5.67007 -221.29 -235.079 -0.180036 -0.983656 0.00271417 0 -0.00275925 -0.999996 0.98366 -0.180035 0.000496764 LS51.dat
1 14 6.4158 -221.288 -234.942 -0.170212 -0.985404 0.00272097 0 -0.00276127 -0.999996 0.985408 -0.170211 0.000469999 LS51.dat
1 14 7.16292 -221.286 -234.813 -0.160402 -0.987048 0.00272737 0 -0.00276315 -0.999996 0.987052 -0.160402 0.000443216 LS51.dat
1 14 7.91134 -221.284 -234.692 -0.150607 -0.98859 0.00273338 0 -0.00276492 -0.999996 0.988594 -0.150607 0.000416416 LS51.dat
1 14 8.66099 -221.282 -234.578 -0.140826 -0.990031 0.00273899 0 -0.00276656 -0.999996 0.990034 -0.140825 0.000389602 LS51.dat
1 14 9.41179 -221.279 -234.471 -0.131056 -0.991371 0.00274421 0 -0.00276808 -0.999996 0.991375 -0.131056 0.000362775 LS51.dat
1 14 10.1637 -221.277 -234.371 -0.121299 -0.992612 0.00274904 0 -0.00276949 -0.999996 0.992616 -0.121299 0.000335937 LS51.dat
1 14 10.9165 -221.275 -234.279 -0.111553 -0.993755 0.00275348 0 -0.00277078 -0.999996 0.993758 -0.111553 0.00030909 LS51.dat
1 14 11.6703 -221.273 -234.195 -0.101818 -0.994799 0.00275755 0 -0.00277196 -0.999996 0.994803 -0.101817 0.000282234 LS51.dat
1 14 12.4249 -221.271 -234.117 -0.0920916 -0.995747 0.00276124 0 -0.00277302 -0.999996 0.995751 -0.0920912 0.000255372 LS51.dat
1 14 13.1802 -221.269 -234.048 -0.0823741 -0.996598 0.00276455 0 -0.00277398 -0.999996 0.996601 -0.0823738 0.000228504 LS51.dat
1 14 13.9363 -221.267 -233.985 -0.0726644 -0.997353 0.00276749 0 -0.00277482 -0.999996 0.997356 -0.0726642 0.000201631 LS51.dat
1 14 14.6929 -221.265 -233.93 -0.0629617 -0.998012 0.00277005 0 -0.00277556 -0.999996 0.998016 -0.0629615 0.000174754 LS51.dat
1 14 15.4501 -221.263 -233.882 -0.053265 -0.998577 0.00277225 0 -0.00277619 -0.999996 0.99858 -0.0532648 0.000147874 LS51.dat
1 14 16.2077 -221.261 -233.842 -0.0435734 -0.999046 0.00277408 0 -0.00277672 -0.999996 0.99905 -0.0435733 0.000120991 LS51.dat
1 14 16.9657 -221.258 -233.809 -0.0338861 -0.999422 0.00277554 0 -0.00277713 -0.999996 0.999426 -0.033886 9.41062e-005 LS51.dat
1 14 17.724 -221.256 -233.783 -0.024202 -0.999703 0.00277663 0 -0.00277745 -0.999996 0.999707 -0.0242019 6.72198e-005 LS51.dat
1 14 18.4826 -221.254 -233.765 -0.0145203 -0.999891 0.00277736 0 -0.00277766 -0.999996 0.999895 -0.0145202 4.03323e-005 LS51.dat
1 14 19.2412 -221.252 -233.754 -0.00483993 -0.999984 0.00277773 0 -0.00277776 -0.999996 0.999988 -0.00483991 1.34442e-005 LS51.dat
1 14 20 -221.25 -233.75 0.00483993 -0.999984 0.00277773 0 -0.00277776 -0.999996 0.999988 0.00483991 -1.34442e-005 LS51.dat
1 14 20.7588 -221.248 -233.754 0.0145203 -0.999891 0.00277736 0 -0.00277766 -0.999996 0.999895 0.0145202 -4.03323e-005 LS51.dat
1 14 21.5174 -221.246 -233.765 0.024202 -0.999703 0.00277663 0 -0.00277745 -0.999996 0.999707 0.0242019 -6.72198e-005 LS51.dat
1 14 22.276 -221.244 -233.783 0.0338861 -0.999422 0.00277554 0 -0.00277713 -0.999996 0.999426 0.033886 -9.41062e-005 LS51.dat
1 14 23.0343 -221.242 -233.809 0.0435734 -0.999046 0.00277408 0 -0.00277672 -0.999996 0.99905 0.0435733 -0.000120991 LS51.dat
1 14 23.7923 -221.239 -233.842 0.053265 -0.998577 0.00277225 0 -0.00277619 -0.999996 0.99858 0.0532648 -0.000147874 LS51.dat
1 14 24.5499 -221.237 -233.882 0.0629617 -0.998012 0.00277005 0 -0.00277556 -0.999996 0.998016 0.0629615 -0.000174754 LS51.dat
1 14 25.3071 -221.235 -233.93 0.0726644 -0.997353 0.00276749 0 -0.00277482 -0.999996 0.997356 0.0726642 -0.000201631 LS51.dat
1 14 26.0637 -221.233 -233.985 0.0823741 -0.996598 0.00276455 0 -0.00277398 -0.999996 0.996601 0.0823738 -0.000228504 LS51.dat
1 14 26.8198 -221.231 -234.048 0.0920916 -0.995747 0.00276124 0 -0.00277302 -0.999996 0.995751 0.0920912 -0.000255372 LS51.dat
1 14 27.5751 -221.229 -234.117 0.101818 -0.994799 0.00275755 0 -0.00277196 -0.999996 0.994803 0.101817 -0.000282234 LS51.dat
1 14 28.3297 -221.227 -234.195 0.111553 -0.993755 0.00275348 0 -0.00277078 -0.999996 0.993758 0.111553 -0.00030909 LS51.dat
1 14 29.0835 -221.225 -234.279 0.121299 -0.992612 0.00274904 0 -0.00276949 -0.999996 0.992616 0.121299 -0.000335937 LS51.dat
1 14 29.8363 -221.223 -234.371 0.131056 -0.991371 0.00274421 0 -0.00276808 -0.999996 0.991375 0.131056 -0.000362775 LS51.dat
1 14 30.5882 -221.221 -234.471 0.140826 -0.990031 0.00273899 0 -0.00276656 -0.999996 0.990034 0.140825 -0.000389602 LS51.dat
1 14 31.339 -221.218 -234.578 0.150607 -0.98859 0.00273338 0 -0.00276492 -0.999996 0.988594 0.150607 -0.000416416 LS51.dat
1 14 32.0887 -221.216 -234.692 0.160402 -0.987048 0.00272737 0 -0.00276315 -0.999996 0.987052 0.160402 -0.000443216 LS51.dat
1 14 32.8371 -221.214 -234.813 0.170212 -0.985404 0.00272097 0 -0.00276127 -0.999996 0.985408 0.170211 -0.000469999 LS51.dat
1 14 33.5842 -221.212 -234.942 0.180036 -0.983656 0.00271417 0 -0.00275925 -0.999996 0.98366 0.180035 -0.000496764 LS51.dat
1 14 34.3299 -221.21 -235.079 0.189875 -0.981805 0.00270696 0 -0.00275711 -0.999996 0.981808 0.189874 -0.000523507 LS51.dat
1 14 35.0742 -221.208 -235.223 0.19973 -0.979847 0.00269934 0 -0.00275484 -0.999996 0.979851 0.199729 -0.000550225 LS51.dat
1 14 35.8169 -221.206 -235.374 0.209602 -0.977783 0.0026913 0 -0.00275244 -0.999996 0.977787 0.209601 -0.000576916 LS51.dat
1 14 36.558 -221.204 -235.533 0.219491 -0.975611 0.00268284 0 -0.0027499 -0.999996 0.975615 0.21949 -0.000603577 LS51.dat
1 14 37.2973 -221.202 -235.699 0.229397 -0.973329 0.00267396 0 -0.00274722 -0.999996 0.973333 0.229396 -0.000630203 LS51.dat
1 14 38.0349 -221.2 -235.873 0.239321 -0.970937 0.00266464 0 -0.00274439 -0.999996 0.970941 0.23932 -0.00065679 LS51.dat
1 14 38.7706 -221.198 -236.055 0.249263 -0.968432 0.00265489 0 -0.00274142 -0.999996 0.968436 0.249262 -0.000683335 LS51.dat
1 14 39.5043 -221.195 -236.243 0.259223 -0.965814 0.0026447 0 -0.0027383 -0.999996 0.965817 0.259222 -0.000709832 LS51.dat
1 14 40.2359 -221.193 -236.44 0.269203 -0.96308 0.00263406 0 -0.00273503 -0.999996 0.963084 0.269202 -0.000736277 LS51.dat
1 14 40.9654 -221.191 -236.644 0.279201 -0.960229 0.00262297 0 -0.0027316 -0.999996 0.960233 0.2792 -0.000762664 LS51.dat
1 14 41.6927 -221.189 -236.855 0.289218 -0.95726 0.00261142 0 -0.002728 -0.999996 0.957263 0.289217 -0.000788987 LS51.dat
1 14 42.4177 -221.187 -237.074 0.299254 -0.95417 0.0025994 0 -0.00272425 -0.999996 0.954174 0.299252 -0.00081524 LS51.dat
1 14 43.1402 -221.185 -237.301 0.309308 -0.950958 0.00258692 0 -0.00272032 -0.999996 0.950962 0.309307 -0.000841417 LS51.dat
1 14 43.8603 -221.183 -237.535 0.319382 -0.947623 0.00257396 0 -0.00271621 -0.999996 0.947626 0.319381 -0.00086751 LS51.dat
