0 FILE 8419 - Excavator.ldr
0 Excavator
0 Name: 8419 - Excavator.ldr
0 Author: Tomas Kralicek [RabbiT_CZ]
0 !LICENSE Redistributable under CCAL version 2.0 : see CAreadme.txt
1 0 0 0 0 0 1 0 -1 0 0 0 0 1 41239.dat
1 72 10 0 -100 1 0 0 0 1 0 0 0 1 32002.dat
1 72 10 0 100 1 0 0 0 1 0 0 0 1 32002.dat
0 STEP
1 1 10 0 -40 1 0 0 0 1 0 0 0 1 43093.dat
1 1 10 0 40 1 0 0 0 1 0 0 0 1 43093.dat
0 STEP
1 0 15 0 40 0 1 0 -1 0 0 0 0 1 32250.dat
1 0 15 0 -40 0 -1 0 -1 0 0 0 0 -1 32250.dat
0 STEP
1 0 25 0 -40 0 1 0 0 0 -1 -1 0 0 6632.dat
1 0 25 0 40 0 1 0 0 0 -1 -1 0 0 6632.dat
0 STEP
1 0 20 -20 -40 -1 0 0 0 0 -1 0 -1 0 6558.dat
1 0 20 -20 40 -1 0 0 0 0 -1 0 -1 0 6558.dat
0 STEP
1 0 40 -40 -40 0 0 1 0 1 0 -1 0 0 6536.dat
1 0 40 -40 40 0 0 1 0 1 0 -1 0 0 6536.dat
1 0 0 -40 40 0 0 1 0 1 0 -1 0 0 6536.dat
1 0 0 -40 -40 0 0 1 0 1 0 -1 0 0 6536.dat
0 STEP
1 0 -15 0 -120 1 0 0 0 -1 0 0 0 -1 59426.dat
1 71 -20 0 -120 0 0 -1 1 0 0 0 -1 0 3713.dat
1 14 -40 0 -120 0 0 -1 1 0 0 0 -1 0 32007.dat
1 0 -15 0 120 1 0 0 0 -1 0 0 0 -1 59426.dat
1 71 -20 0 120 0 0 -1 1 0 0 0 -1 0 3713.dat
1 14 -40 0 120 0 0 -1 1 0 0 0 -1 0 32007.dat
0 STEP
1 0 40 0 -120 0 0 -1 0 1 0 1 0 0 6538b.dat
0 STEP
1 0 80 0 -120 -1 0 0 0 -1 0 0 0 1 3705.dat
1 0 40 0 120 0 0 -1 0 1 0 1 0 0 6538b.dat
1 0 80 0 120 -1 0 0 0 -1 0 0 0 1 3705.dat
1 0 120 0 -120 0 0 -1 0 1 0 1 0 0 6538b.dat
1 0 120 0 120 0 0 -1 0 1 0 1 0 0 6538b.dat
0 STEP
1 0 160 0 0 -1 0 0 0 1 0 0 0 -1 8419 - Left-side.ldr
0 STEP
1 0 80 -40 20 0 0 1 0 1 0 -1 0 0 8419 - Side-join.ldr
0 STEP
1 71 120 -40 0 0 0 1 0 1 0 -1 0 0 32073.dat
1 71 40 -40 0 0 0 1 0 1 0 -1 0 0 32073.dat
1 71 0 -40 0 0 0 1 0 1 0 -1 0 0 32073.dat
0 STEP
1 71 100 -40 -40 0 0 -1 0 1 0 1 0 0 32054.dat
1 71 60 -40 -40 0 0 -1 0 1 0 1 0 0 32054.dat
1 0 80 -80 0 0 0 -1 0 -1 0 -1 0 0 48168.dat
1 72 80 -80 0 -1 0 0 0 -1 0 0 0 1 48452.dat
1 0 40 -80 -20 1 0 0 0 1 0 0 0 1 32054.dat
1 0 40 -80 20 1 0 0 0 1 0 0 0 1 32054.dat
1 71 100 -40 40 0 0 1 0 1 0 -1 0 0 32054.dat
1 71 60 -40 40 0 0 1 0 1 0 -1 0 0 32054.dat
0 STEP
1 0 60 -80 -40 0 1 0 -1 0 0 0 0 1 32140.dat
1 71 80 -80 -40 1 0 0 0 1 0 0 0 1 32073.dat
1 0 100 -80 -40 0 1 0 -1 0 0 0 0 1 32140.dat
1 0 80 -80 -40 -1 0 0 0 0 1 0 1 0 6536.dat
0 STEP
1 256 200 0 0 0 0 1 0 1 0 -1 0 0 71372c01.dat
1 256 -40 0 0 0 0 -1 0 1 0 1 0 0 71372c01.dat
0 STEP
1 0 80 -140 60 1 0 0 0 1 0 0 0 1 8419 - Frame-1.ldr
1 71 80 -80 0 1 0 0 0 1 0 0 0 1 32073.dat
0 STEP
1 71 80 -100 20 1 0 0 0 1 0 0 0 1 32073.dat
1 14 80 -100 20 -1 0 0 0 -1 0 0 0 1 6536.dat
1 0 80 -120 30 0 0 1 0 1 0 -1 0 0 3705.dat
1 71 80 -120 70 -1 0 0 0 1 0 0 0 -1 6538b.dat
1 71 80 -120 40 -1 0 0 0 1 0 0 0 -1 3713.dat
1 71 80 -120 7 1 0 0 0 1 0 0 0 1 32198.dat
0 STEP
1 71 80 -90 -20 0 -1 0 1 0 0 0 0 1 4519.dat
1 71 80 -93 -20 0 -1 0 0 0 1 -1 0 0 32198.dat
1 71 80 -110 -20 0 -1 0 0 0 1 -1 0 0 3712.dat
1 71 80 -140 -20 0 -1 0 0 0 1 -1 0 0 3326a.dat
1 71 80 -161.213 -41.213 1 0 0 0 -0.707 -0.707 0 0.707 -0.707 3712.dat
0 STEP
1 0 115 -100 20 0 -1 0 1 0 0 0 0 1 6632.dat
1 71 80 -100 60 1 0 0 0 0 -1 0 1 0 44294.dat
1 0 125 -100 20 0 -1 0 1 0 0 0 0 1 6632.dat
1 0 130 -100 40 -1 0 0 0 -1 0 0 0 1 2780.dat
0 STEP
1 0 35 -100 60 0 1 0 1 0 0 0 0 -1 6632.dat
1 0 45 -100 60 0 1 0 1 0 0 0 0 -1 6632.dat
1 0 30 -100 40 1 0 0 0 -1 0 0 0 -1 2780.dat
0 STEP
1 71 80 -189.497 -97.782 1 0 0 0 0.707 0.707 0 -0.707 0.707 8419 - Arm-1.ldr
0 STEP
1 0 40 -80 -40 0 -1 0 0 0 -1 1 0 0 32140.dat
1 0 120 -80 -40 0 -1 0 0 0 -1 1 0 0 32140.dat
1 0 130 -100 -40 1 0 0 0 0 -1 0 1 0 2780.dat
1 0 30 -100 -40 1 0 0 0 0 -1 0 1 0 2780.dat
0 STEP
1 71 80 -100 -60 -1 0 0 0 1 0 0 0 -1 8419 - Frame-2.ldr
0 STEP
1 71 0 -80 20 -1 0 0 0 1 0 0 0 -1 4519.dat
1 1 10 -80 -20 1 0 0 0 -1 0 0 0 -1 43093.dat
1 14 55 -217.782 -111.924 0 1 0 0.707 0 0.707 0.707 0 -0.707 32449.dat
0 STEP
1 0 0 -80 -20 0 -1 0 -1 0 0 0 0 -1 32316.dat
1 0 -10 -80 0 -1 0 0 0 1 0 0 0 -1 2780.dat
1 0 -10 -80 -40 -1 0 0 0 1 0 0 0 -1 2780.dat
1 14 -20 -80 -20 0 1 0 1 0 0 0 0 -1 32523.dat
0 STEP
1 0 70 -100 120 -1 0 0 0 0.844 0.536 0 0.536 -0.844 32062.dat
1 71 90 -100 120 0 0 -1 -0.513 0.858 0 0.858 0.513 0 6538b.dat
1 71 120 -100 120 1 0 0 0 0.513 0.858 0 -0.858 0.513 4519.dat
1 71 120 -100 120 0 0 -1 0.513 -0.858 0 -0.858 -0.513 0 3648b.dat
0 STEP
1 71 80 -120 100 0 0 -1 0 -1 0 -1 0 0 4519.dat
1 71 80 -120 130 -1 0 0 0 1 0 0 0 -1 6538b.dat
1 71 80 -120 160 0 0 -1 0 1 0 1 0 0 4519.dat
1 71 80 -120 160 1 0 0 0 1 0 0 0 1 4019.dat
0 STEP
1 0 120 -140 120 0 0.866 -0.5 0 -0.5 -0.866 -1 0 0 3737.dat
1 0 120 -140 120 0.5 0.866 0 0.866 -0.5 0 0 0 -1 4716.dat
1 71 120 -140 75 0.5 0.866 0 0.866 -0.5 0 0 0 -1 32123b.dat
1 71 120 -140 90 0.5 0.866 0 0.866 -0.5 0 0 0 -1 3713.dat
1 71 120 -140 150 0.5 0.866 0 0.866 -0.5 0 0 0 -1 3713.dat
1 71 120 -140 165 0.5 0.866 0 0.866 -0.5 0 0 0 -1 32123b.dat
0 STEP
1 19 40 -140 70 0 0 -1 0 1 0 1 0 0 3749.dat
1 71 40 -140 90 -1 0 0 0 1 0 0 0 -1 6538b.dat
1 0 40 -140 110 0 0 -1 0 1 0 1 0 0 32062.dat
1 71 40 -140 130 -1 0 0 0 1 0 0 0 -1 6538b.dat
1 71 40 -140 180 0 0 -1 0 1 0 1 0 0 32073.dat
1 71 40 -140 160 0 -1 0 1 0 0 0 0 1 32269.dat
0 STEP
1 0 40 -140 180 0 0 -1 1 0 0 0 -1 0 8419 - Rear.ldr
0 STEP
1 71 40 -140 210 0 -1 0 1 0 0 0 0 1 32269.dat
1 71 120 -140 210 0.866 0.5 0 -0.5 0.866 0 0 0 1 32269.dat
1 14 0 -160 120 0 1 0 -1 0 0 0 0 1 32524.dat
1 14 160 -160 120 0 1 0 -1 0 0 0 0 1 32524.dat
0 STEP
1 1 -10 -160 100 -1 0 0 0 -1 0 0 0 1 43093.dat
1 1 -10 -80 -60 -1 0 0 0 -1 0 0 0 1 43093.dat
1 0 -10 -160 60 -1 0 0 0 -1 0 0 0 1 2780.dat
1 14 -20 -160 -60 0 1 0 1 0 0 0 0 -1 32009.dat
0 STEP
1 0 10 -100 140 -1 0 0 0 -1 0 0 0 1 2780.dat
1 0 0 -80 80 0 1 0 -1 0 0 0 0 1 32140.dat
1 0 -10 -80 140 -1 0 0 0 -1 0 0 0 1 2780.dat
1 19 -10 -80 80 1 0 0 0 1 0 0 0 1 3749.dat
1 14 -20 -80 180 0 1 0 -1 0 0 0 0 1 32009.dat
0 STEP
1 0 140 -100 40 0 1 0 -1 0 0 0 0 1 32525.dat
0 STEP
1 14 205 -80 40 -1 0 0 0 1 0 0 0 -1 8419 - Cabin.ldr
0 STEP
1 71 100 -290.956 -117.279 0 1 0 0.5 0 0.866 0.866 0 -0.5 2825.dat
1 71 80 -290.956 -117.279 1 0 0 0 0.866 0.5 0 -0.5 0.866 4519.dat
0 STEP
1 71 85 -366.274 -189.706 1 0 0 0 0.707 0.707 0 -0.707 0.707 8419 - Arm-2.ldr
0 STEP
1 71 80 -309.706 -217.99 1 0 0 0 0.987 0.159 0 -0.159 0.987 4519.dat
1 71 60 -290.956 -117.279 0 -1 0 -0.5 0 0.866 -0.866 0 -0.5 2825.dat
0 STEP
1 71 80 -295.563 -316.985 1 0 0 0 0.99 -0.141 0 0.141 0.99 8419 - Arm-3.ldr
0 STEP
1 71 80 -267.279 -373.553 1 0 0 0 0.808 0.589 0 -0.589 0.808 4519.dat
1 14 100 -295.563 -316.985 0 1 0 0.99 0 0.141 0.141 0 -0.99 32140.dat
1 71 80 -267.279 -373.553 0 1 0 0.589 0 0.808 0.808 0 -0.589 32271.dat
0 STEP
1 14 100 -222.015 -407.564 0 1 0 -0.14 0 0.99 0.99 0 0.14 32525.dat
1 0 80 -321.026 -421.591 -1 0 0 0 -0.974 -0.226 0 -0.226 0.974 6558.dat
0 STEP
1 0 80 -346.572 -324.909 0 -1 0 0.967 0 -0.255 0.255 0 0.967 32525.dat
0 STEP
1 0 80 -372.117 -228.227 -1 0 0 0 -0.987 0.159 0 0.159 0.987 32062.dat
1 14 60 -222.015 -407.564 0 1 0 -0.14 0 0.99 0.99 0 0.14 32525.dat
0 STEP
1 0 80 -132.055 -432.498 -1 0 0 0 -0.293 0.956 0 0.956 0.293 32062.dat
1 0 80 -123.003 -393.537 -1 0 0 0 0.529 -0.849 0 -0.849 -0.529 2950.dat
0 STEP
1 0 80 -123.003 -393.537 1 0 0 0 0.141 0.99 0 -0.99 0.141 3706.dat
0 STEP
1 71 35 -123.003 -393.537 0 0 1 0.99 -0.141 0 0.141 0.99 0 32123b.dat
1 71 125 -123.003 -393.537 0 0 1 0.99 -0.141 0 0.141 0.99 0 32123b.dat


0 FILE 8419 - Left-side.ldr
0 Left-side
0 Name: 8419 - Left-side.ldr
0 Author: Tomas Kralicek [RabbiT_CZ]
0 !LICENSE Redistributable under CCAL version 2.0 : see CAreadme.txt

1 0 0 0 0 0 1 0 -1 0 0 0 0 1 41239.dat
1 72 10 0 -100 1 0 0 0 1 0 0 0 1 32002.dat
1 72 10 0 100 1 0 0 0 1 0 0 0 1 32002.dat
0 STEP
1 1 10 0 -40 1 0 0 0 1 0 0 0 1 43093.dat
1 1 10 0 40 1 0 0 0 1 0 0 0 1 43093.dat
0 STEP
1 0 15 0 40 0 1 0 -1 0 0 0 0 1 32250.dat
1 0 15 0 -40 0 -1 0 -1 0 0 0 0 -1 32250.dat
0 STEP
1 0 25 0 -40 0 1 0 0 0 -1 -1 0 0 6632.dat
1 0 25 0 40 0 1 0 0 0 -1 -1 0 0 6632.dat
0 STEP
1 0 20 -20 -40 -1 0 0 0 0 -1 0 -1 0 6558.dat
1 0 20 -20 40 -1 0 0 0 0 -1 0 -1 0 6558.dat
1 0 40 -40 -40 0 0 1 0 1 0 -1 0 0 6536.dat
1 0 40 -40 40 0 0 1 0 1 0 -1 0 0 6536.dat
0 STEP
1 0 -15 0 -120 1 0 0 0 -1 0 0 0 -1 59426.dat
1 71 -20 0 -120 0 0 -1 1 0 0 0 -1 0 3713.dat
1 14 -40 0 -120 0 0 -1 1 0 0 0 -1 0 32007.dat
1 0 -15 0 120 1 0 0 0 -1 0 0 0 -1 59426.dat
1 71 -20 0 120 0 0 -1 1 0 0 0 -1 0 3713.dat
1 14 -40 0 120 0 0 -1 1 0 0 0 -1 0 32007.dat

0 FILE 8419 - Side-join.ldr
0 Side-join
0 Name: 8419 - Side-join.ldr
0 Author: Tomas Kralicek [RabbiT_CZ]
0 !LICENSE Redistributable under CCAL version 2.0 : see CAreadme.txt

1 71 0 0 0 0 -1 0 1 0 0 0 0 1 40490.dat
1 0 20 0 -60 1 0 0 0 1 0 0 0 1 6558.dat
1 0 20 0 60 1 0 0 0 1 0 0 0 1 6558.dat
0 STEP
1 71 20 0 0 0 -1 0 1 0 0 0 0 1 32524.dat
0 STEP
1 71 40 0 0 0 -1 0 1 0 0 0 0 1 40490.dat
1 71 20 0 80 -1 0 0 0 0 1 0 1 0 32073.dat
0 STEP
1 0 -20 0 80 -1 0 0 0 1 0 0 0 -1 6536.dat
1 0 60 0 80 -1 0 0 0 1 0 0 0 -1 6536.dat

0 FILE 8419 - Frame-1.ldr
0 Frame-1
0 Name: 8419 - Frame-1.ldr
0 Author: Tomas Kralicek [RabbiT_CZ]
0 !LICENSE Redistributable under CCAL version 2.0 : see CAreadme.txt
1 71 -5 0 0 0 -1 0 0 0 -1 1 0 0 41677.dat
1 71 0 0 0 1 0 0 0 0 -1 0 1 0 4519.dat
1 71 5 0 0 0 -1 0 0 0 -1 1 0 0 41677.dat
0 STEP
1 71 0 -20 0 1 0 0 0 0 -1 0 1 0 44294.dat
0 STEP
1 0 20 -20 0 0 0 1 0 1 0 -1 0 0 3713.dat
1 0 -20 -20 0 0 0 1 0 1 0 -1 0 0 3713.dat
0 STEP
1 0 -20 0 0 0 -1 0 0 0 1 -1 0 0 32140.dat
1 0 0 60 -20 1 0 0 0 0 1 0 -1 0 6558.dat
1 0 0 60 0 1 0 0 0 0 1 0 -1 0 6558.dat
0 STEP
1 71 0 60 -60 0 1 0 -1 0 0 0 0 1 32140.dat
0 STEP
1 0 20 0 0 0 -1 0 0 0 1 -1 0 0 32140.dat
0 STEP
1 1 30 20 0 1 0 0 0 -1 0 0 0 -1 43093.dat
1 1 -30 20 0 -1 0 0 0 -1 0 0 0 1 43093.dat
1 0 40 0 0 -1 0 0 0 -1 0 0 0 1 32184.dat
1 0 -40 0 0 -1 0 0 0 -1 0 0 0 1 32184.dat
0 STEP
1 0 65 -20 20 0 1 0 1 0 0 0 0 -1 41677.dat
1 0 55 -20 20 0 1 0 1 0 0 0 0 -1 41677.dat
1 0 -55 -20 20 0 1 0 1 0 0 0 0 -1 41677.dat
1 0 -65 -20 20 0 1 0 1 0 0 0 0 -1 41677.dat
1 1 70 -20 20 -1 0 0 0 -1 0 0 0 1 43093.dat
1 1 -70 -20 20 1 0 0 0 1 0 0 0 1 43093.dat
0 STEP

0 FILE 8419 - Arm-1.ldr
0 Arm-1
0 Name: 8419 - Arm-1.ldr
0 Author: Tomas Kralicek [RabbiT_CZ]
0 !LICENSE Redistributable under CCAL version 2.0 : see CAreadme.txt
1 14 -5 0 0 0 -1 0 1 0 0 0 0 1 32449.dat
1 14 5 0 0 0 -1 0 1 0 0 0 0 1 32449.dat
0 STEP
1 71 0 0 -30 -1 0 0 0 -1 0 0 0 1 4519.dat
1 71 0 0 30 -1 0 0 0 -1 0 0 0 1 4519.dat
0 STEP
1 14 20 0 30 0 1 0 -1 0 0 0 0 1 32140.dat
1 14 -20 0 30 0 1 0 -1 0 0 0 0 1 32140.dat
1 14 -15 0 -30 0 -1 0 -1 0 0 0 0 -1 32250.dat
1 71 -30 -20 90 1 0 0 0 -1 0 0 0 -1 3673.dat
1 71 30 -20 90 1 0 0 0 -1 0 0 0 -1 3673.dat
0 STEP
1 0 0 0 -50 1 0 0 0 -1 0 0 0 -1 6558.dat
1 71 0 -40 -30 -1 0 0 0 -1 0 0 0 1 4519.dat
1 0 0 0 -110 -1 0 0 0 -1 0 0 0 1 32062.dat
0 STEP
1 0 0 0 -90 -1 0 0 0 -1 0 0 0 1 32062.dat
1 14 0 0 -90 -1 0 0 0 -1 0 0 0 1 6536.dat
1 0 0 -20 -50 0 0 1 0 -1 0 1 0 0 3707.dat
1 71 0 -20 -15 1 0 0 0 -1 0 0 0 -1 32123b.dat
1 14 0 -40 -30 1 0 0 0 1 0 0 0 1 6536.dat
1 0 0 -20 -60 1 0 0 0 -1 0 0 0 -1 4716.dat
1 71 0 -20 -110 1 0 0 0 -1 0 0 0 -1 3713.dat
1 71 0 -20 0 1 0 0 0 -1 0 0 0 -1 3713.dat
1 71 0 -20 30 1 0 0 0 -1 0 0 0 -1 6538b.dat
1 0 0 -20 50 0 0 1 0 -1 0 1 0 0 32062.dat
0 STEP
1 14 0 80 -230 0 -1 0 0.6 0 -0.8 0.8 0 0.6 6629.dat
0 STEP
1 0 0 0 -70 1 0 0 0 -0.259 -0.966 0 0.966 -0.259 3705.dat
1 71 0 0 -70 0 0 1 0.966 -0.259 0 0.259 0.966 0 3647.dat
0 STEP
1 14 15 0 -30 0 -1 0 -1 0 0 0 0 -1 32250.dat
0 STEP
1 14 25 -10 -30 0 1 0 0 0 -1 -1 0 0 32449.dat

0 FILE 8419 - Frame-2.ldr
0 Frame-2
0 Name: 8419 - Frame-2.ldr
0 Author: Tomas Kralicek [RabbiT_CZ]
0 !LICENSE Redistributable under CCAL version 2.0 : see CAreadme.txt
1 71 0 0 0 1 0 0 0 0.968 -0.25 0 0.25 0.968 4519.dat
1 71 -30 0 0 0 0 1 -0.043 0.999 0 -0.999 -0.043 0 6538b.dat
0 STEP
1 71 -5 1.279 29.973 0 -1 0 -0.999 0 -0.043 0.043 0 -0.999 32449.dat
1 71 5 1.279 29.973 0 -1 0 -0.999 0 -0.043 0.043 0 -0.999 32449.dat
0 STEP
1 71 30 0 0 0 0 1 -0.043 0.999 0 -0.999 -0.043 0 6538b.dat
1 0 0 2.558 59.945 -1 0 0 0 0.043 0.999 0 0.999 -0.043 3705.dat
0 STEP
1 71 -15 -47.005 66.541 0 -1 0 -0.132 0 0.991 -0.991 0 -0.132 32063.dat
1 71 -25 2.558 59.945 0 0 -1 0.999 -0.043 0 -0.043 -0.999 0 32123b.dat
0 STEP
1 0 0 -96.569 73.137 -1 0 0 0 0.707 0.707 0 0.707 -0.707 3705.dat
1 71 0 -96.569 73.137 0 0 -1 0.259 -0.966 0 -0.966 -0.259 0 3713.dat
0 STEP
1 71 15 -47.005 66.541 0 -1 0 -0.132 0 0.991 -0.991 0 -0.132 32063.dat
1 71 25 2.558 59.945 0 0 -1 0.999 -0.043 0 -0.043 -0.999 0 32123b.dat
0 STEP
1 71 60 0 0 -1 0 0 0 -0.043 -0.999 0 -0.999 0.043 4519.dat
1 19 -50 0 0 1 0 0 0 -0.043 0.999 0 -0.999 -0.043 3749.dat
0 STEP
1 0 60 0 -100 0 -1 0 1 0 0 0 0 1 32525.dat
0 STEP
1 71 80 0 0 0 -1 0 0.033 0 -0.999 0.999 0 0.033 33299.dat
0 STEP
1 71 60 0 -180 1 0 0 0 -0.844 -0.536 0 0.536 -0.844 4519.dat
1 71 80 0 -180 0 -1 0 0.536 0 -0.844 0.844 0 0.536 33299.dat
1 71 30 0 -180 0 0 1 -0.536 0.844 0 -0.844 -0.536 0 6538b.dat
0 STEP
1 71 60 -36.87 -78.609 0 1 0 0.999 0 0.039 0.039 0 -0.999 40490.dat

0 FILE 8419 - Rear.ldr
0 Rear
0 Name: 8419 - Rear.ldr
0 Author: Tomas Kralicek [RabbiT_CZ]
0 !LICENSE Redistributable under CCAL version 2.0 : see CAreadme.txt
1 0 0 0 0 0 1 0 0 0 1 1 0 0 32184.dat
1 71 -20 0 20 0 1 0 0 0 1 1 0 0 32073.dat
1 71 20 0 20 0 1 0 0 0 1 1 0 0 32073.dat
0 STEP
1 0 0 0 20 0 1 0 0 0 1 1 0 0 32184.dat
1 0 -20 0 -40 0 -1 0 1 0 0 0 0 1 32034.dat
1 0 20 0 -40 0 1 0 -1 0 0 0 0 1 32034.dat
0 STEP
1 71 20 0 -100 0 1 0 0 0 1 1 0 0 32073.dat
1 71 -20 0 -100 0 1 0 0 0 1 1 0 0 32073.dat
0 STEP
1 0 0 0 -80 0 1 0 0 0 1 1 0 0 32184.dat
0 STEP
1 0 0 0 -100 0 1 0 0 0 1 1 0 0 32184.dat
0 STEP
1 0 20 0 40 1 0 0 0 1 0 0 0 1 3713.dat
1 0 20 0 -120 1 0 0 0 1 0 0 0 1 3713.dat
1 72 0 -10 20 0 1 0 -1 0 0 0 0 1 32002.dat
1 72 0 -10 -100 0 1 0 -1 0 0 0 0 1 32002.dat
0 STEP
1 0 0 -15 -40 1 0 0 0 1 0 0 0 1 32065.dat

0 FILE 8419 - Cabin.ldr
0 Cabin
0 Name: 8419 - Cabin.ldr
0 Author: Tomas Kralicek [RabbiT_CZ]
0 !LICENSE Redistributable under CCAL version 2.0 : see CAreadme.txt
1 14 0 0 0 0 1 0 -1 0 0 0 0 1 32056.dat
0 STEP
1 71 25 0 0 1 0 0 0 1 0 0 0 1 4519.dat
1 71 25 0 40 1 0 0 0 1 0 0 0 1 4519.dat
1 71 25 -40 0 1 0 0 0 1 0 0 0 1 4519.dat
0 STEP
1 14 10 0 0 0 1 0 -1 0 0 0 0 1 32056.dat
0 STEP
1 14 20 0 70 0 1 0 -1 0 0 0 0 1 32449.dat
1 14 30 0 70 0 1 0 -1 0 0 0 0 1 32449.dat
0 STEP
1 0 25 0 80 -1 0 0 0 -1 0 0 0 1 6558.dat
0 STEP
1 71 25 0 100 1 0 0 0 1 0 0 0 1 4519.dat
1 14 5 0 60 0 1 0 -1 0 0 0 0 1 32140.dat
0 STEP
1 0 35 0 60 1 0 0 0 1 0 0 0 1 3705.dat
1 0 20 -50 0 0 0 1 0 -1 0 1 0 0 6575.dat
1 0 30 -50 0 0 0 1 0 -1 0 1 0 0 6575.dat
0 STEP
1 14 25 0 -140 0 -1 0 -1 0 0 0 0 -1 32009.dat
1 0 35 0 20 1 0 0 0 1 0 0 0 1 3705.dat
1 0 25 -70 0 1 0 0 0 1 0 0 0 1 3705.dat
1 14 45 0 60 0 1 0 -1 0 0 0 0 1 32140.dat
0 STEP
1 0 35 0 -100 1 0 0 0 1 0 0 0 1 2780.dat
1 19 35 0 -40 1 0 0 0 1 0 0 0 1 3749.dat
1 14 50 0 0 0 1 0 -1 0 0 0 0 1 32056.dat
1 14 40 0 0 0 1 0 -1 0 0 0 0 1 32056.dat
0 STEP
1 0 45 0 -40 0 -1 0 -1 0 0 0 0 -1 32140.dat
1 0 35 -130 0 0 1 0 0 0 1 1 0 0 2825.dat
1 0 15 -130 0 0 -1 0 0 0 1 -1 0 0 2825.dat
0 STEP
1 72 5 -90 0 1 0 0 0 1 0 0 0 1 32002.dat
1 72 45 -90 0 -1 0 0 0 -1 0 0 0 1 32002.dat
1 1 45 -130 0 -1 0 0 0 -1 0 0 0 1 43093.dat
1 1 5 -130 0 1 0 0 0 1 0 0 0 1 43093.dat
0 STEP
1 0 55 -20 -100 1 0 0 0 1 0 0 0 1 2780.dat
1 0 0 -131.558 39.97 0 -1 0 0.999 0 -0.039 0.039 0 0.999 32017.dat
0 STEP
1 1 5 -133.116 79.939 1 0 0 0 0.999 -0.039 0 0.039 0.999 43093.dat
1 1 45 -133.116 79.939 -1 0 0 0 -0.999 -0.039 0 -0.039 0.999 43093.dat
1 0 25 -133.116 79.939 0 0 1 0.039 0.999 0 -0.999 0.039 0 6538b.dat
1 72 55 -20 120 1 0 0 0 1 0 0 0 1 32002.dat
0 STEP
1 0 50 -131.558 39.97 0 -1 0 0.999 0 -0.039 0.039 0 0.999 32017.dat
1 0 -10 -76.558 99.97 0 1 0 0.334 0 -0.943 -0.943 0 -0.334 32065.dat
1 72 -5 -20 120 -1 0 0 0 1 0 0 0 -1 32002.dat
0 STEP
1 0 60 -76.558 99.97 0 1 0 0.334 0 -0.943 -0.943 0 -0.334 32065.dat
1 0 85 0 20 1 0 0 0 0 1 0 -1 0 32054.dat
1 0 85 0 60 1 0 0 0 0 1 0 -1 0 32054.dat
1 14 60 -90 0 0 -1 0 0 0 1 -1 0 0 32017.dat
1 14 -10 -90 0 0 -1 0 0 0 1 -1 0 0 32017.dat

0 FILE 8419 - Arm-2.ldr
0 Arm-2
0 Name: 8419 - Arm-2.ldr
0 Author: Tomas Kralicek [RabbiT_CZ]
0 !LICENSE Redistributable under CCAL version 2.0 : see CAreadme.txt
1 71 -5 11.385 -15.165 1 0 0 0 -0.586 -0.81 0 0.81 -0.586 4519.dat
1 71 -25 60 20 0 -1 0 -0.586 0 -0.81 0.81 0 -0.586 2825.dat
0 STEP
1 71 -20 23.107 -31.37 0 1 0 -0.81 0 -0.586 -0.586 0 0.81 41677.dat
0 STEP
1 0 -5 6.715 44.653 0 -1 0 0.997 0 -0.078 0.078 0 0.997 32524.dat
0 STEP
1 71 10 23.107 -31.37 0 1 0 -0.81 0 -0.586 -0.586 0 0.81 41677.dat
0 STEP
1 71 15 60 20 0 1 0 0.586 0 -0.81 -0.81 0 -0.586 2825.dat

0 FILE 8419 - Arm-3.ldr
0 Arm-3
0 Name: 8419 - Arm-3.ldr
0 Author: Tomas Kralicek [RabbiT_CZ]
0 !LICENSE Redistributable under CCAL version 2.0 : see CAreadme.txt
1 14 -20 0 0 0 1 0 1 0 0 0 0 -1 32140.dat
1 71 0 0 0 1 0 0 0 1 0 0 0 1 4519.dat
0 STEP
1 0 0 0 -20 1 0 0 0 1 0 0 0 1 6558.dat
1 0 0 0 -60 1 0 0 0 1 0 0 0 1 6558.dat
0 STEP
1 14 0 0 -60 0 -1 0 1 0 0 0 0 1 32316.dat
0 STEP
1 71 0 0 -100 -1 0 0 0 -1 0.001 0 0.001 1 32556.dat



