0 FILE Main.ldr
0 8437_B
0 Name: Main.ldr
0 Author: marco
0 Unofficial Model
0 ROTATION CENTER 0 0 0 1 "Custom" 
0 ROTATION CONFIG 0 0
1 7 0 0 0 0 0 -1 0 1 0 1 0 0 A.ldr
1 7 0 0 0 0 0 -1 0 1 0 1 0 0 B.ldr
1 7 0 0 0 0 0 -1 0 1 0 1 0 0 C.ldr
1 7 0 0 0 0 0 -1 0 1 0 1 0 0 D.ldr
1 7 0 0 0 0 0 -1 0 1 0 1 0 0 E.ldr
1 7 0 0 0 0 0 -1 0 1 0 1 0 0 F.ldr
1 7 0 0 0 0 0 -1 0 1 0 1 0 0 G.ldr
0
0 FILE A.ldr
0 ROTATION CENTER 0 0 0 1 "Custom" 
0 ROTATION CONFIG 0 0
1 0 -140 -14 -40 0 0 1 0 1 0 -1 0 0 2780.dat
1 1 -20 -24 -30 1 0 0 0 1 0 0 0 1 32018.dat
1 0 60 -32 0 0 0 -1 0 1 0 1 0 0 3709b.dat
1 1 -20 -24 30 1 0 0 0 1 0 0 0 1 32018.dat
1 0 100 -32 30 1 0 0 0 1 0 0 0 1 3023.dat
1 0 100 -32 -30 1 0 0 0 1 0 0 0 1 3023.dat
1 0 -40 -32 30 1 0 0 0 1 0 0 0 1 3023.dat
1 0 -40 -32 -30 1 0 0 0 1 0 0 0 1 3023.dat
1 0 60 -24 0 0 0 1 0 1 0 -1 0 0 2817.dat
1 0 100 -40 30 1 0 0 0 1 0 0 0 1 3023.dat
1 0 100 -40 -30 1 0 0 0 1 0 0 0 1 3023.dat
1 14 60 -40 -30 1 0 0 0 1 0 0 0 1 2508.dat
1 14 60 -40 30 -1 0 0 0 1 0 0 0 -1 2508.dat
1 0 -120 -32 0 0 0 -1 0 1 0 1 0 0 32001.dat
1 0 -100 -40 0 1 0 0 0 1 0 0 0 1 3022.dat
1 0 -90 -32 0 0 0 -1 0 1 0 1 0 0 3710.dat
1 15 -130 -40 0 0 0 -1 0 1 0 1 0 0 2412b.dat
1 0 50 -40 0 1 0 0 0 1 0 0 0 1 3021.dat
1 0 30 -48 0 0 0 -1 0 1 0 1 0 0 3069b.dat
1 0 70 -64 0 0 0 -1 0 1 0 1 0 0 3700.dat
1 0 -110 -64 0 0 0 -1 0 1 0 1 0 0 3700.dat
1 15 -110 -72 0 0 0 -1 0 1 0 1 0 0 2412b.dat
1 15 -120 -48 60 0 0 1 0 1 0 -1 0 0 3709b.dat
1 15 -110 -40 90 1 0 0 0 1 0 0 0 1 3623.dat
1 0 -120 -40 70 1 0 0 0 1 0 0 0 1 4275a.dat
1 0 -120 -40 50 1 0 0 0 1 0 0 0 1 4275a.dat
1 15 -110 -40 30 1 0 0 0 1 0 0 0 1 3623.dat
1 1 -140 -24 70 1 0 0 0 1 0 0 0 1 3701.dat
1 0 -120 -32 70 -1 0 0 0 1 0 0 0 -1 32028.dat
1 15 -120 -48 -60 0 0 1 0 1 0 -1 0 0 3709b.dat
1 15 -110 -40 -30 1 0 0 0 1 0 0 0 1 3623.dat
1 0 -120 -40 -50 1 0 0 0 1 0 0 0 1 4275a.dat
1 0 -120 -40 -70 1 0 0 0 1 0 0 0 1 4275a.dat
1 15 -110 -40 -90 1 0 0 0 1 0 0 0 1 3623.dat
1 1 -140 -24 -70 1 0 0 0 1 0 0 0 1 3701.dat
1 0 -120 -32 -70 1 0 0 0 1 0 0 0 1 32028.dat
1 1 120 -64 30 1 0 0 0 1 0 0 0 1 3702.dat
1 1 120 -64 -30 1 0 0 0 1 0 0 0 1 3702.dat
1 0 70 -72 30 -1 0 0 0 1 0 0 0 -1 2420.dat
1 0 100 -72 30 1 0 0 0 1 0 0 0 1 3023.dat
1 0 70 -72 -30 0 0 -1 0 1 0 1 0 0 2420.dat
1 0 100 -72 -30 1 0 0 0 1 0 0 0 1 3023.dat
1 1 100 -80 0 0 0 1 0 1 0 -1 0 0 3709b.dat
1 14 60 -80 -30 1 0 0 0 1 0 0 0 1 2508.dat
1 14 60 -80 30 -1 0 0 0 1 0 0 0 -1 2508.dat
1 0 80 -104 -30 1 0 0 0 1 0 0 0 1 3701.dat
1 0 80 -104 30 1 0 0 0 1 0 0 0 1 3701.dat
1 0 -50 -40 0 0 0 -1 0 1 0 1 0 0 3710.dat
1 0 -30 -40 0 0 0 -1 0 1 0 1 0 0 3710.dat
1 14 -50 -64 -30 0 0 -1 0 1 0 1 0 0 3040b.dat
1 14 -50 -64 30 0 0 -1 0 1 0 1 0 0 3040b.dat
1 0 -50 -72 0 0 0 -1 0 1 0 1 0 0 3710.dat
1 7 -60 -14 -40 0 0 1 0 1 0 -1 0 0 3749.dat
1 1 -60 -14 -50 0 0 -1 -1 0 0 0 1 0 6629.dat
1 0 -196 -62 -40 0 0.600001 0.799999 0 0.799999 -0.600001 -1 0 0 32062.dat
1 7 -60 -14 40 0 0 -1 0 1 0 1 0 0 3749.dat
1 1 -60 -14 50 0 0 -1 -1 0 0 0 1 0 6629.dat
1 0 -196 -62 40 0 0.600001 0.799999 0 0.799999 -0.600001 -1 0 0 32062.dat
1 0 -181.694 -60.1406 30 0.602318 -0.798257 0 0.798257 0.602318 0 0 0 1 32000.dat
1 15 -176.054 -65.0231 0 0 -0.798257 -0.602318 0 0.602318 -0.798257 1 0 0 3709b.dat
1 0 -182.44 -60.2046 -30 0.602318 -0.798257 0 0.798257 0.602318 0 0 0 1 32000.dat
1 0 -182.44 -60.2046 0 0.602318 -0.798257 0 0.798257 0.602318 0 0 0 1 3022.dat
1 1 60 -173.75 50 -1 0 0 0 0 -1 0 -1 0 32009.dat
1 0 -20 -173.75 60 0 0 1 0 1 0 -1 0 0 32062.dat
1 1 -20 -174 65 0 0 -1 -1 0 0 0 1 0 6632.dat
1 0 -60 -174 60 0 0 1 0 1 0 -1 0 0 3706.dat
1 1 -60 -174 0 -1 0 0 0 1 0 0 0 -1 6538b.dat
1 0 -60 -174 -60.25 0 0 1 0 1 0 -1 0 0 3706.dat
1 7 -60 -174 -50 -1 0 0 0 1 0 0 0 -1 3713.dat
1 1 -20 -174 -65 0 0 -1 -1 0 0 0 1 0 6632.dat
1 0 -20 -174 -60 0 0 1 0 1 0 -1 0 0 32062.dat
1 1 -20 -174 -75 0 0 -1 -1 0 0 0 1 0 6632.dat
1 1 60 -174 -50 -1 0 0 0 0 -1 0 -1 0 32009.dat
1 0 60 -13.75 0 0 0 1 0 1 0 -1 0 0 3706.dat
1 1 -60 -174 -89 0 0 -1 0 -1 0 -1 0 0 6536.dat
1 7 -60 -174 50 1 0 0 0 1 0 0 0 1 3713.dat
1 1 -20 -174 75 0 0 -1 -1 0 0 0 1 0 6632.dat
1 1 -60 -174 90 0 0 -1 0 -1 0 -1 0 0 6536.dat
1 1 -180 -94 -110 0.799999 0 0.600001 0.600001 0 -0.799999 0 1 0 6629.dat
1 1 -180 -94 110 0.799999 0 0.600001 0.600001 0 -0.799999 0 1 0 6629.dat
1 7 -70.5 -194.5 90.5 -1 0 0 0 1 0 0 0 -1 4274.dat
1 7 -70.5 -194.5 -89.5 -1 0 0 0 1 0 0 0 -1 4274.dat
1 7 60 -133.75 -60 0 0 1 0 1 0 -1 0 0 3749.dat
1 0 180.35 -54.5277 -70 -0.797358 0 -0.603507 0.603507 0 -0.797358 0 -1 0 6629.dat
1 7 180.749 -55.1537 -60 0 0.603507 0.797358 0 0.797358 -0.603507 -1 0 0 3749.dat
1 0 100.399 -134.802 -70 0 0 -1 0 1 0 1 0 0 6558.dat
1 0 140.5 -134.3 -95 0 0 1 -1 0 0 0 -1 0 32017.dat
1 0 120.398 -134.89 -80 0 0 -1 0 1 0 1 0 0 2780.dat
1 14 140.5 -134.5 -85 0 0 1 -1 0 0 0 -1 0 32017.dat
1 0 90.5 -94.3 -50 0 1 0 -1 0 0 0 0 1 2730.dat
1 0 100.5 -94.5 -40 0 0 1 0 1 0 -1 0 0 2780.dat
1 0 100.5 -14.5 -40 0 0 1 0 1 0 -1 0 0 2780.dat
1 0 100.5 -54.5 -40 0 0 1 0 1 0 -1 0 0 2780.dat
1 0 114.5 -184.5 0 0 1 0 0 0 1 1 0 0 3666.dat
1 0 90.5 -184.5 30 0 1 0 0 0 1 1 0 0 6541.dat
1 0 82.5 -184.5 0 0 1 0 0 0 1 1 0 0 3666.dat
1 0 90.5 -184.5 0 0 1 0 0 0 1 1 0 0 3700.dat
1 0 90.5 -184.5 -30 0 1 0 0 0 1 1 0 0 6541.dat
1 0 90.5 -94.5 50 0 1 0 -1 0 0 0 0 1 2730.dat
1 0 100 -94 40 0 0 1 0 1 0 -1 0 0 2780.dat
1 0 100 -54 40 0 0 1 0 1 0 -1 0 0 2780.dat
1 0 100 -14 40 0 0 1 0 1 0 -1 0 0 2780.dat
1 0 100.5 -134.5 70 0 0 1 0 1 0 -1 0 0 6558.dat
1 7 60 -133.75 60 0 0 -1 0 1 0 1 0 0 3749.dat
1 0 180.75 -55.4277 70 -0.797358 0 -0.603507 0.603507 0 -0.797358 0 -1 0 6629.dat
1 7 180.749 -55.3294 60 0 0.603507 -0.797357 0 0.797357 0.603507 1 0 0 3749.dat
1 0 120.398 -135.065 80 0 0 -1 0 1 0 1 0 0 2780.dat
1 14 140.5 -134.4 85 0 0 1 -1 0 0 0 -1 0 32017.dat
1 0 140.5 -134.5 95 0 0 1 -1 0 0 0 -1 0 32017.dat
1 0 299.998 -53.9983 79.998 0 0 1 0 1 0 -1 0 0 3705.dat
1 15 339.998 -53.9983 104.998 0 0 -1 -1 0 0 0 1 0 6632.dat
1 0 239.998 -63.9983 49.998 1 0 0 0 1 0 0 0 1 3895.dat
1 0 330 -72 90 1 0 0 0 1 0 0 0 1 3023.dat
1 0 340 -64 90 1 0 0 0 1 0 0 0 1 6541.dat
1 0 320 -40 90 1 0 0 0 1 0 0 0 1 3623.dat
1 0 310 -64 90 1 0 0 0 1 0 0 0 1 32000.dat
1 7 280 -54 40 0 0 1 0 1 0 -1 0 0 3749.dat
1 8 280 -54 30 1 0 0 0 1 0 0 0 1 6542a.dat
1 0 160 -54 40 0 0 1 0 1 0 -1 0 0 2780.dat
1 7 240.088 -54.0078 30 0.9843 0.176501 0 -0.176501 0.9843 0 0 0 1 4019.dat
1 0 240 -54 0 0 0.176501 0.9843 0 0.984301 -0.176501 -1 0 0 3706.dat
1 7 240.088 -54.0078 17 -0.9843 0.176502 0 0.176502 0.9843 0 0 0 -1 6589.dat
1 7 240.088 -54.008 -35 0.983777 0.179374 -0.0030561 -0.179393 0.983744 -0.0081739 0.00154023 0.00858954 1 4265a.dat
1 15 340 -54 -105 0 0 -1 -1 0 0 0 1 0 6632.dat
1 0 300 -54 -80 0 0 1 0 1 0 -1 0 0 3705.dat
1 0 330 -72 -90 1 0 0 0 1 0 0 0 1 3023.dat
1 0 340 -64 -90 1 0 0 0 1 0 0 0 1 6541.dat
1 0 320 -40 -90 1 0 0 0 1 0 0 0 1 3623.dat
1 0 310 -64 -90 1 0 0 0 1 0 0 0 1 32000.dat
1 0 240.088 -64.0078 -50 1 0 0 0 1 0 0 0 1 3895.dat
1 0 140 -54 -40 0 0 1 0 1 0 -1 0 0 2780.dat
1 0 160 -54 -40 0 0 1 0 1 0 -1 0 0 2780.dat
1 0 140 -54 40 0 0 1 0 1 0 -1 0 0 2780.dat
1 0 -120 -14 60 0 0 1 0 1 0 -1 0 0 2780.dat
1 0 -76.7937 -147.021 -60 0.293849 0.955852 0 -0.955852 0.293849 0 0 0 1 3022.dat
1 15 -83.8393 -96.8773 -60 0 0.955852 0.293849 0 0.293849 -0.955852 -1 0 0 4856.dat
1 15 -97.3631 -80.1111 -30 0.293849 0.955852 0 -0.955852 0.293849 0 0 0 1 3623.dat
1 15 -97.3631 -80.1111 -90 0.293849 0.955852 0 -0.955852 0.293849 0 0 0 1 3623.dat
1 0 -85.008 -65.851 -50 -0.293849 0.955852 0 0.955852 0.293849 0 0 0 -1 4276b.dat
1 0 -85.0079 -65.851 -70 -0.293849 0.955852 0 0.955852 0.293849 0 0 0 -1 4276b.dat
1 0 -184 -46 50 0 0 -1 0 1 0 1 0 0 6558.dat
1 15 -201.37 -44.3673 80 0 0.992546 0.12187 0 -0.121869 0.992546 1 0 0 2412b.dat
1 0 -193.43 -45.3423 70 -0.12187 0.992546 0 -0.992546 -0.12187 0 0 0 1 6541.dat
1 0 -169.608 -48.2671 80 0 0.992546 0.12187 0 -0.121869 0.992546 1 0 0 3023.dat
1 0 -193.429 -45.3422 100 0 0.992546 0.12187 0 -0.121869 0.992546 1 0 0 32000.dat
1 0 -202.588 -54.2927 110 -0.12187 0.992546 0 -0.992546 -0.12187 0 0 0 1 3069b.dat
1 0 -195.866 -65.1876 110 0 0.992546 0.121869 0 -0.121869 0.992546 1 0 0 6541.dat
1 7 -179.79 -11.5664 90.501 -0.121869 0.992546 0 -0.992546 -0.121869 0 0 0 1 6536.dat
1 8 -181.066 -26.71 90 -0.121869 0 -0.992546 -0.992546 0 0.121869 0 1 0 6587.dat
1 0 -160 -14 70 0 0 -1 0 1 0 1 0 0 6558.dat
1 0 -184.723 -56.4864 110 -0.12187 0.992546 0 -0.992546 -0.12187 0 0 0 1 2780.dat
1 0 -160 -14 -70 0 0 1 0 1 0 -1 0 0 6558.dat
1 7 -179.851 -11.5626 -90 -0.121869 0.992546 0 -0.992546 -0.121869 0 0 0 1 6536.dat
1 8 -181.618 -26.4545 -89.499 -0.121869 0 -0.992546 -0.992546 0 0.12187 0 1 0 6587.dat
1 0 -193.926 -45.2813 -100 0 0.992546 0.12187 0 -0.121869 0.992546 1 0 0 32000.dat
1 0 -202.588 -54.2928 -110 -0.12187 0.992546 0 -0.992546 -0.12187 0 0 0 1 3069b.dat
1 0 -195.866 -65.1876 -110 0 0.992546 0.12187 0 -0.121869 0.992546 1 0 0 6541.dat
1 0 -169.608 -48.2671 -80 0 0.992546 0.12187 0 -0.121869 0.992546 1 0 0 3023.dat
1 0 -193.429 -45.3422 -70 -0.12187 0.992546 0 -0.992546 -0.12187 0 0 0 1 6541.dat
1 15 -201.369 -44.3673 -80 0 0.992546 0.121869 0 -0.121869 0.992546 1 0 0 2412b.dat
1 0 -184 -46 -50 0 0 1 0 1 0 -1 0 0 6558.dat
1 0 -184.723 -56.4864 -110 -0.12187 0.992546 0 -0.992546 -0.12187 0 0 0 1 2780.dat
1 0 -120 -14 -60 0 0 1 0 1 0 -1 0 0 2780.dat
1 0 60 -53.75 -40 0 0 1 0 1 0 -1 0 0 2780.dat
1 0 60 -54 40 0 0 1 0 1 0 -1 0 0 2780.dat
1 0 -7.7404 -161.93 -30 -0.233857 0.972271 0 0.972271 0.233857 0 0 0 -1 731.dat
1 7 45.7028 -147.985 -10 1 0 0 0 1 0 0 0 1 3713.dat
1 0 45.7028 -147.985 0 0 0 1 0 1 0 -1 0 0 3706.dat
1 7 45.7028 -147.985 10 -1 0 0 0 1 0 0 0 -1 3713.dat
1 0 -7.77211 -160.847 30 -0.233857 0.972271 0 0.972271 0.233857 0 0 0 -1 731.dat
1 7 -60 -174 30 0.233857 0.972271 0 -0.972271 0.233857 0 0 0 1 4255.dat
1 1 59.8293 -94.03 0 -0.939904 -0.341439 0 -0.341439 0.939904 0 0 0 -1 6538b.dat
1 0 59.8293 -94.0301 -40.25 0 -0.341439 0.939904 0 0.939904 0.341439 -1 0 0 3705.dat
1 0 60 -93.75 40 0 -0.341439 0.939904 0 0.939904 0.341439 -1 0 0 3705.dat
1 1 59.8293 -94.0301 -90 0.341441 -0.939903 0 -0.939903 -0.341441 0 0 0 -1 32013.dat
1 1 59.8293 -94.03 90 0.341436 0.939905 0 -0.939905 0.341436 0 0 0 1 32013.dat
1 7 62.9444 -104.07 -90 0.341439 0 -0.939904 -0.939904 0 -0.341439 0 1 0 4274.dat
1 7 0.0444 -0.07 0 1 0 0 0 1 0 0 0 1 hoses.ldr
1 7 63.8845 -103.728 90 0.341439 0 -0.939904 -0.939904 0 -0.341439 0 1 0 4274.dat
1 0 -76.7936 -147.021 60 0.293849 0.955852 0 -0.955852 0.293849 0 0 0 1 3022.dat
1 15 -83.8393 -96.8773 60 0 0.955852 0.293849 0 0.293849 -0.955852 -1 0 0 4856.dat
1 15 -97.3631 -80.1111 90 0.293849 0.955852 0 -0.955852 0.293849 0 0 0 1 3623.dat
1 15 -97.3631 -80.1111 30 0.293849 0.955852 0 -0.955852 0.293849 0 0 0 1 3623.dat
1 0 -85.0079 -65.851 70 -0.293849 0.955852 0 0.955852 0.293849 0 0 0 -1 4276b.dat
1 0 -85.0079 -65.851 50 -0.293849 0.955852 0 0.955852 0.293849 0 0 0 -1 4276b.dat
1 0 -140 -14 40 0 0 1 0 1 0 -1 0 0 2780.dat
1 7 299.824 -174 -80 0 0 -1 0 1 0 1 0 0 3749.dat
1 1 339.824 -174 -75 0 0 -1 -1 0 0 0 1 0 6632.dat
1 0 339.824 -174 -80 0 0.00438945 1 0 1 -0.00438945 -1 0 0 32062.dat
1 0 260.355 -53.6499 -90 -0.603507 0 0.797358 -0.797358 0 -0.603507 0 -1 0 6629.dat
1 1 299.824 -174 -90 0 -0.655578 0.755127 0 0.755127 0.655578 -1 0 0 32013.dat
1 7 299.824 -174 80 0 0 1 0 1 0 -1 0 0 3749.dat
1 1 339.824 -174 75 0 0 -1 -1 0 0 0 1 0 6632.dat
1 0 339.824 -174 80 0 0.00438956 1 0 1 -0.00438956 -1 0 0 32062.dat
1 0 260.355 -53.6499 90 -0.603507 0 0.797358 -0.797358 0 -0.603507 0 -1 0 6629.dat
1 1 299.824 -174 90 0 -0.655578 0.755127 0 0.755127 0.655578 -1 0 0 32013.dat
1 7 -60 -174 -31 0.233857 0.972271 0 -0.972271 0.233857 0 0 0 1 4255.dat
0
0 FILE B.ldr
0 B
0 Name: B.ldr
0 ROTATION CENTER 0 0 0 1 "Custom" 
0 ROTATION CONFIG 0 0
1 7 60 -56 -119.45 -1 0 0 0 -1 0 0 0 1 6571.dat
1 7 60 -56 -129.45 0 0 1 0 1 0 -1 0 0 3749.dat
1 7 60 -56 -159.45 1 0 0 0 1 0 0 0 1 wheel.ldr
1 7 60 -56 160.55 -1 0 0 0 1 0 0 0 -1 wheel.ldr
1 7 60 -56 119.45 -1 0 0 0 1 0 0 0 -1 6571.dat
1 7 60 -56 129.45 0 0 -1 0 1 0 1 0 0 3749.dat
1 14 -130 -54 0 1 0 0 0 -1 0 0 0 -1 6553.dat
1 0 -80 -54 0 1 0 0 0 1 0 0 0 1 3706.dat
1 15 -20 -54 0 0 0 -1 0 1 0 1 0 0 6538b.dat
1 7 0 -64 0 0 0 -1 -1 0 0 0 1 0 2853.dat
1 7 30 -54.5 0 0 0 -1 1 0 0 0 -1 0 2853.dat
1 0 70 -54 0 1 0 0 0 1 0 0 0 1 4519.dat
1 7 83 -54 0 0 0 1 0 1 0 -1 0 0 6589.dat
1 0 35 -56 -118.45 0 1 0 1 0 0 0 0 -1 6644.dat
1 0 35 -56 118.55 0 1 0 -1 0 0 0 0 1 6644.dat
1 8 35 -64.5 0 0 -1 0 1 0 0 0 0 1 6642.dat
0 Assembly 3
0 Assembly 3
0 Assembly 3
0 Assembly 5
1 8 36 -54.332 -109.382 -1 0 0 0 0.113203 -0.993572 0 -0.993572 -0.113203 342.dat
0 Assembly 5
1 8 36 -62.936 -33.873 -1 0 0 0 6.33938 -0.993572 0 -55.64 -0.113203 343.dat
0 Assembly 5
1 8 36 -65.2 -14 -1 0 0 0 -0.113203 0.993572 0 0.993572 0.113203 342.dat
1 8 36 -54.332 110.618 1 0 0 0 0.113203 -0.993572 0 0.993572 0.113203 342.dat
1 8 36 -62.936 35.109 1 0 0 0 6.33938 -0.993572 0 55.64 0.113203 343.dat
1 8 36 -65.2 15.236 1 0 0 0 -0.113203 0.993572 0 -0.993572 -0.113203 342.dat
1 7 55 -54 0 0 0 1 0 1 0 -1 0 0 4265a.dat
1 7 24 -64.5 0 0 0 1 0 1 0 -1 0 0 4265a.dat
1 7 -95 -54 0 0 0 1 0 1 0 -1 0 0 4265a.dat
0 
0
0 FILE C.ldr
0 C
0 ROTATION CENTER 0 0 0 1 "Custom" 
0 ROTATION CONFIG 0 0
1 0 100 -218 0 0.980567 0 -0.196187 0 -1 0 -0.196187 0 -0.980566 2654.dat
1 0 100 -210 0 0.980567 0 -0.196187 0 -1 0 -0.196187 0 -0.980566 4032a.dat
1 0 99.4981 -180 0.090282 0 0.196188 0.980566 1 0 0 0 0.980566 -0.196188 3705.dat
1 7 99.5097 -203.5 0.0980932 -0.196188 -0.980566 0 0 0 1 -0.980566 0.196188 0 6589.dat
1 7 99.5097 -165 0.0980908 0.196188 -0.980566 0 0 0 -1 0.980566 0.196188 0 4265a.dat
1 1 99.498 -130 0.190281 0.980566 0.196188 0 0 0 -1 -0.196188 0.980566 0 32034.dat
1 0 99.5097 -90 0.0980811 0 -0.980566 0.196188 1 0 0 0 0.196188 0.980566 4519.dat
1 7 99.5097 -90 0.0980908 0.196188 -0.980566 0 0 0 -1 0.980566 0.196188 0 3647.dat
1 7 99.5097 -71.5 0.0980928 -0.196188 -0.980566 0 0 0 1 -0.980566 0.196188 0 6589.dat
0 
0
0 FILE D.ldr
0 D
0 ROTATION CENTER 0 0 0 1 "Custom" 
0 ROTATION CONFIG 0 0
1 8 240.6 -54.9497 -80 0 0.799999 -0.600001 0 -0.600001 -0.799999 -1 0 0 32002.dat
1 7 144.392 -182.794 0.0933621 -0.149382 0.785929 0.600001 0.112037 -0.589448 0.799999 0.982412 0.186728 0 4019.dat
1 0 162.392 -158.794 0.0933522 -0.600001 0.785929 -0.149382 -0.799999 -0.589448 0.112037 0 0.186728 0.982412 3705.dat
1 1 192.392 -118.794 0.0933522 0.785929 -0.149382 -0.600001 -0.589448 0.112037 -0.799999 0.186728 0.982412 0 32034.dat
1 0 215.924 -86.4429 0.49121 -0.600001 0.785929 -0.149382 -0.799999 -0.589448 0.112037 0 0.186728 0.982412 4519.dat
1 7 230.192 -68.3938 0.0933593 0.149382 -0.785929 0.600001 -0.112038 0.589448 0.799999 -0.982412 -0.186728 0 6589.dat
1 1 204.299 -202.099 0.499576 0 -0.800002 0.599998 0 0.599998 0.800002 -1 0 0 6536.dat
1 7 260.398 -54.7982 79.998 0 0.799999 0.600001 0 -0.600001 0.799999 1 0 0 3749.dat
1 1 216.392 -86.7938 0.0933593 0.600001 0.799999 0 0.799999 -0.600001 0 0 0 -1 32034.dat
1 0 216.399 -86.7994 -40 0 0.799999 -0.600001 0 -0.600001 -0.799999 -1 0 0 4519.dat
1 0 192.4 -118.799 -55 -0.799999 0 0.600001 0.600001 0 0.799999 0 1 0 6632.dat
1 0 216.399 -86.7989 40 0 0.799999 -0.600001 0 -0.600001 -0.799999 -1 0 0 4519.dat
1 0 192.398 -118.798 54.998 -0.8 0 0.600001 0.600001 0 0.8 0 1 0 6632.dat
1 1 156.392 -166.794 0.0933522 0.600001 0.799999 0 0.799999 -0.600001 0 0 0 -1 32034.dat
1 0 156.399 -166.799 -40 0 0.799999 -0.600001 0 -0.600001 -0.799999 -1 0 0 4519.dat
1 0 156.399 -166.799 40 0 0.799999 -0.600001 0 -0.600001 -0.799999 -1 0 0 4519.dat
1 7 156.399 -166.799 -55 -0.799999 0 0.600001 0.600001 0 0.799999 0 1 0 6632.dat
1 7 156.399 -166.799 54.998 -0.799999 0 0.600001 0.600001 0 0.799999 0 1 0 6632.dat
1 8 180.399 -134.799 -78 0 0.799999 0.600001 0 -0.600001 0.799999 1 0 0 6587.dat
1 8 180.399 -134.799 77.9979 0 0.799999 -0.600001 0 -0.600001 -0.799999 -1 0 0 6587.dat
1 0 179.999 -134.499 -70 0.799999 0 0.600001 -0.600001 0 0.799999 0 -1 0 6629.dat
1 0 180.398 -134.798 69.998 0.799999 0 0.600001 -0.600001 0 0.799999 0 -1 0 6629.dat
1 7 172.399 -178.799 40.998 0.599998 -0.800002 0 0.800002 0.599998 0 0 0 1 6536.dat
1 0 201.698 -138.899 40.4992 -0.599998 0.800002 0 -0.800002 -0.599998 0 0 0 1 3707.dat
1 1 163.399 -190.799 39.9992 0 0.599997 0.800002 0 0.800002 -0.599997 -1 0 0 6632.dat
1 7 232.398 -98.7983 40.998 0.599998 -0.800002 0 0.800002 0.599998 0 0 0 1 6536.dat
1 0 232.798 -164.098 40.4987 -0.599998 0.800002 0 -0.800002 -0.599998 0 0 0 1 3707.dat
1 1 204.399 -202.799 20 -0.599998 -0.800002 0 -0.800002 0.599998 0 0 0 -1 32039.dat
1 1 241.398 -86.7985 40 0 0.599997 0.800002 0 0.800002 -0.599997 -1 0 0 6632.dat
1 1 264.299 -122.099 0.499553 0 -0.800002 0.599998 0 0.599998 0.800002 -1 0 0 6536.dat
1 0 264.299 -122.099 0.499123 0 0.800002 -0.599998 0 -0.599998 -0.800002 -1 0 0 4519.dat
1 1 264.399 -122.799 -21 0.599998 -0.800002 0 0.800002 0.599998 0 0 0 1 32039.dat
1 1 203.999 -202.499 -20.5004 0.599998 -0.800002 0 0.800002 0.599998 0 0 0 1 32039.dat
1 0 233.999 -162.499 -40.5007 -0.599998 0.800002 0 -0.800002 -0.599998 0 0 0 1 3706.dat
1 1 264.399 -122.798 20 -0.599998 -0.800002 0 -0.800002 0.599998 0 0 0 -1 32039.dat
1 7 172.399 -178.799 -41 -0.599998 -0.800002 0 -0.800002 0.599998 0 0 0 -1 6536.dat
1 0 202.299 -138.099 -40.5008 -0.599998 0.800002 0 -0.800002 -0.599998 0 0 0 1 3706.dat
1 7 232.399 -98.7993 -41 -0.599998 -0.800002 0 -0.800002 0.599998 0 0 0 -1 6536.dat
1 47 206.399 -166.799 66 0.800001 0 0.599998 -0.599998 0 0.800002 0 -1 0 2850.dat
1 4 206.005 -166.49 49.9705 -0.599998 0 0.800002 -0.800002 0 -0.599998 0 -1 0 2851.dat
1 4 230.005 -134.49 29.9704 -0.599998 0 0.800002 -0.800002 0 -0.599998 0 -1 0 2851.dat
1 47 230.398 -134.798 66 0.800001 0 0.599998 -0.599998 0 0.800001 0 -1 0 2850.dat
1 7 176.398 -206.8 -0.000631073 0 0.800002 0.599998 0 -0.599998 0.800002 1 0 0 4019.dat
1 0 181.699 -198.899 0.499369 -0.599998 0 -0.800001 -0.800001 0 0.599998 0 1 0 4519.dat
1 4 205.998 -166.5 0.499369 0 -0.800002 0.599998 0 0.599998 0.800002 -1 0 0 2853.dat
1 4 217.998 -150.5 -0.00064522 0 -0.800002 0.599998 0 0.599998 0.800002 -1 0 0 2854.dat
1 4 229.998 -134.5 -0.000647455 0 -0.800002 -0.599998 0 0.599998 -0.800002 1 0 0 2853.dat
1 0 247.998 -110.5 -0.000665197 -0.599998 0.800002 0 -0.800002 -0.599998 0 0 0 1 32062.dat
1 7 229.998 -134.5 -10.0006 0.800002 0 0.599998 -0.599998 0 0.800002 0 -1 0 2852.dat
1 47 230.399 -134.799 -66 0.799999 0 -0.600002 -0.600002 0 -0.799999 0 1 0 2850.dat
1 4 229.992 -134.508 -49.9717 -0.600003 0 -0.799998 -0.799998 0 0.600003 0 1 0 2851.dat
1 4 205.992 -166.508 -29.9717 -0.600003 0 -0.799998 -0.799998 0 0.600003 0 1 0 2851.dat
1 47 206.399 -166.799 -66 0.799999 0 -0.600002 -0.600002 0 -0.799999 0 1 0 2850.dat
1 7 205.998 -166.5 9.99937 0.800002 0 0.599998 -0.599998 0 0.800002 0 -1 0 2852.dat
1 7 229.998 -134.5 -10.0006 0.800002 0 -0.599998 -0.599998 0 -0.800002 0 1 0 2852.dat
1 7 205.998 -166.5 9.99937 0.800002 0 -0.599998 -0.599998 0 -0.800002 0 1 0 2852.dat
1 8 204.4 -102.799 -60 0 0.799999 0.600001 0 -0.600001 0.799999 1 0 0 32002.dat
1 8 204.398 -102.798 59.998 0 0.799999 -0.600001 0 -0.600001 -0.799999 -1 0 0 32002.dat
1 7 259.6 -54.1999 -80 0 0.799999 -0.600001 0 -0.600001 -0.799999 -1 0 0 3749.dat
1 8 239.598 -54.1982 79.998 0 0.799999 0.600001 0 -0.600001 0.799999 1 0 0 32002.dat
1 7 225.392 -74.7937 0.0933693 -0.149382 0.785929 0.600001 0.112037 -0.589448 0.799999 0.982412 0.186728 0 4265a.dat
0
0 FILE E.ldr
0 E
0 ROTATION CENTER 0 0 0 1 "Custom" 
0 ROTATION CONFIG 0 0
1 7 320.485 -36.5 -0.122403 -0.244812 0.969571 0 0 0 -1 -0.969571 -0.244812 0 6589.dat
1 8 320 -54.5 0 -1 0 0 0 1 0 0 0 -1 6573.dat
1 0 320 -54 -102 0 0 1 0 1 0 -1 0 0 3737.dat
1 0 320 -54 -160.2 1 0 0 0 1 0 0 0 1 wheel.ldr
1 0 320 -54 159.8 -1 0 0 0 1 0 0 0 -1 wheel.ldr
1 7 320 -54 -120 1 0 0 0 1 0 0 0 1 3713.dat
1 7 320 -54 -17.5 1 0 0 0 1 0 0 0 1 6589.dat
1 7 320 -54 -70 1 0 0 0 1 0 0 0 1 3713.dat
1 0 320 -54 102 0 0 1 0 1 0 -1 0 0 3737.dat
1 7 320 -54 120 -1 0 0 0 1 0 0 0 -1 3713.dat
1 7 320 -54 17.5 -1 0 0 0 1 0 0 0 -1 6589.dat
1 7 320 -54 70 -1 0 0 0 1 0 0 0 -1 3713.dat
0
0 FILE F.ldr
0 F
0 ROTATION CENTER 0 0 0 1 "Custom" 
0 ROTATION CONFIG 0 0
1 7 340.5 -94.5 -80 0 1 0 0 0 -1 -1 0 0 4274.dat
1 0 322.5 -144.5 -50 0 1 0 0 0 -1 -1 0 0 2420.dat
1 0 322.5 -114.5 -60 0 1 0 0 0 1 1 0 0 3022.dat
1 0 330.5 -94.5 -70 0 1 0 1 0 0 0 0 -1 3894.dat
1 0 330.5 -114.5 -50 0 1 0 1 0 0 0 0 -1 3701.dat
1 0 354.5 -114.5 -60 0 1 0 0 0 1 1 0 0 3022.dat
1 0 354.5 -144.5 -50 0 1 0 0 0 -1 -1 0 0 2420.dat
1 14 354.5 -84.5001 -60 0 1 0 0 0 1 1 0 0 3023.dat
1 0 330.5 -164.5 0 0 1 0 0 0 -1 -1 0 0 3894.dat
1 0 340.5 -174.5 40 0 1 0 -1 0 0 0 0 1 2780.dat
1 14 340 -189.5 0.499988 -1 0 0 0 -1 0 0 0 1 32017.dat
1 0 340.5 -174.5 -40 0 1 0 -1 0 0 0 0 1 2780.dat
1 14 340 -179.5 0.499988 -1 0 0 0 -1 0 0 0 1 32017.dat
1 7 340.5 -125 0 0 1 0 0 0 1 1 0 0 3650c.dat
1 0 340.5 -214.5 -3.13916e-005 0 1 0 -1 0 0 0 0 1 3737.dat
1 7 340.5 -284.5 0 0 1 0 0 0 -1 -1 0 0 3713.dat
1 7 340 -305 0.5 0 -1 0 1 0 0 0 0 1 6536.dat
1 14 340.5 -254.5 0 0 1 0 1 0 0 0 0 -1 75535.dat
1 14 340.5 -214.5 0 0 1 0 -1 0 0 0 0 1 75535.dat
1 8 340.5 -144.5 0 0 1 0 0 0 -1 -1 0 0 6542a.dat
1 0 322.5 -144.5 50 0 1 0 -1 0 0 0 0 1 2420.dat
1 0 322.5 -114.5 60 0 1 0 0 0 1 1 0 0 3022.dat
1 0 330.5 -114.5 50 0 1 0 1 0 0 0 0 -1 3701.dat
1 0 330.5 -94.5 70 0 1 0 1 0 0 0 0 -1 3894.dat
1 0 354.5 -114.5 60 0 1 0 0 0 1 1 0 0 3022.dat
1 0 354.5 -144.5 50 0 1 0 -1 0 0 0 0 1 2420.dat
1 14 354.5 -84.5 60 0 1 0 0 0 1 1 0 0 3023.dat
1 0 340.5 -54.5 70 0 1 0 0 0 -1 -1 0 0 6558.dat
1 7 340.461 -114.307 30 -0.385101 0.922875 0 0.922875 0.385101 0 0 0 -1 3647.dat
1 7 340.461 -114.307 40 0 0.922874 0.385101 0 0.385101 -0.922874 -1 0 0 3749.dat
1 7 340.5 -94.5 80 0 1 0 0 0 1 1 0 0 4274.dat
1 0 340.5 -134.5 70 0 1 0 0 0 1 1 0 0 6558.dat
1 7 340.5 -94.5 -37.5 0 1 0 -1 0 0 0 0 1 6589.dat
1 0 340.5 -94.5 1.19209e-005 0 1 0 0 0 1 1 0 0 3706.dat
1 7 340.5 -94.5 -22.5 0 1 0 1 0 0 0 0 -1 6589.dat
1 7 340.5 -94.5 30 0 1 0 1 0 0 0 0 -1 3647.dat
1 0 340.5 -134.5 -70 0 1 0 0 0 -1 -1 0 0 6558.dat
1 0 340.5 -54.5001 -69.9999 0 1 0 0 0 1 1 0 0 6558.dat
0
0 FILE G.ldr
0 G
0 ROTATION CENTER 0 0 0 1 "Custom" 
0 ROTATION CONFIG -1 0
1 0 319.6 -304.3 -0.001031 0 0 1 0 1 0 -1 0 0 6558.dat
1 1 287.228 -398.979 -20.001 0.946402 0 0.322991 -0.322991 0 0.946402 0 -1 0 6629.dat
1 0 287.362 -398.967 0.198927 0 0.322992 0.946402 0 0.946402 -0.322992 -1 0 0 3708.dat
1 7 287.362 -398.967 0.198913 -0.946402 0.322991 0 0.322991 0.946402 0 0 0 -1 3713.dat
1 0 376.5 -285.758 -0.001073 0 -0.309449 0.950916 0 0.950916 0.309449 -1 0 0 3708.dat
1 1 376.579 -286.088 -35.0011 0.950916 0 0.309449 0.309449 0 -0.950916 0 1 0 6632.dat
1 0 388.978 -323.894 -0.001085 0 -0.309449 0.950916 0 0.950916 0.309449 -1 0 0 3706.dat
1 14 369.99 -330.204 -0.001097 0 0.30945 -0.950916 0 -0.950916 -0.30945 -1 0 0 32039.dat
1 7 376.5 -285.758 -0.001087 -0.950916 -0.309448 0 -0.309448 0.950916 0 0 0 -1 3713.dat
1 1 287.228 -398.979 19.999 0.946402 0 0.322992 -0.322992 0 0.946402 0 -1 0 6629.dat
1 1 376.579 -286.088 34.9989 0.950916 0 0.309449 0.309449 0 -0.950916 0 1 0 6632.dat
1 1 287.228 -398.979 109.999 0.946402 0 0.322992 -0.322992 0 0.946402 0 -1 0 6629.dat
1 1 287.228 -398.979 -110.001 0.946402 0 0.322992 -0.322992 0 0.946402 0 -1 0 6629.dat
0 
0 
0
0 FILE wheel.ldr
0 New Model
0 Name: wheel.ldr
0 Author: MLCad
0 Unofficial Model
0 ROTATION CENTER 0 0 0 1 "Custom" 
0 ROTATION CONFIG 0 0
1 15 0 0 0 1 0 0 0 1 0 0 0 1 2996.dat
1 0 0 0 0 1 0 0 0 1 0 0 0 1 2995.dat
0
0 FILE hoses.ldr
0 New Model
0 Name: hoses.ldr
0 Author: MLCad
0 Unofficial Model
0 SYNTH BEGIN TECHNIC_FLEX-SYSTEM_HOSE 16
0 SYNTH SHOW
0 SYNTH SYNTHESIZED BEGIN
0 ROTATION CENTER 0 0 0 1 "Custom" 
0 ROTATION CONFIG 0 0
1 1 -69.2 -194.7 90.4 0 -3.0874 -0.0252 -1 0 0 0 -0.0777 0.9997 LS50.dat
1 1 -71.686 -194.7 90.3374 0 -3.3743 -0.0753 -1 0 0 0 -0.2547 0.9972 LS51.dat
1 1 -74.454 -194.7 90.1285 0 -3.6437 -0.1257 -1 0 0 0 -0.4617 0.9921 LS51.dat
1 1 -77.4959 -194.7 89.7431 0 -3.9159 -0.1757 -1 0 0 0 -0.6988 0.9844 LS51.dat
1 1 -80.8179 -194.7 89.1502 0 -4.2258 -0.225 -1 0 0 0 -0.9756 0.9744 LS51.dat
1 1 -84.4572 -194.7 88.31 0 -4.5843 -0.2736 -1 0 0 0 -1.3038 0.9619 LS51.dat
1 1 -88.4626 -194.7 87.1709 0 -4.9673 -0.3214 -1 0 0 0 -1.6862 0.9469 LS51.dat
1 1 -92.8594 -194.7 85.6784 0 -5.3829 -0.3686 -1 0 0 0 -2.1343 0.9296 LS51.dat
1 1 -97.6818 -194.7 83.7663 0 -5.7749 -0.4148 -1 0 0 0 -2.6328 0.9099 LS51.dat
1 1 -102.908 -194.7 81.3838 0 -6.1519 -0.4601 -1 0 0 0 -3.1876 0.8879 LS51.dat
1 1 -108.526 -194.7 78.4729 0 -6.3752 -0.504 -1 0 0 0 -3.7198 0.8637 LS51.dat
1 1 -114.385 -194.7 75.0542 0 -6.5214 -0.5463 -1 0 0 0 -4.2539 0.8376 LS51.dat
1 1 -120.404 -194.7 71.1281 0 -6.5865 -0.5875 -1 0 0 0 -4.7822 0.8092 LS51.dat
1 1 -126.506 -194.7 66.6979 0 -6.3359 -0.6272 -1 0 0 0 -5.1022 0.7789 LS51.dat
1 1 -132.375 -194.7 61.9716 0 -6.0665 -0.6653 -1 0 0 0 -5.4064 0.7466 LS51.dat
1 1 -137.992 -194.7 56.9658 0 -5.5606 -0.7019 -1 0 0 0 -5.4802 0.7122 LS51.dat
1 1 -143.124 -194.7 51.9076 0 -4.997 -0.7367 -1 0 0 0 -5.4445 0.6762 LS51.dat
1 1 -147.714 -194.7 46.9072 0 -4.4149 -0.7698 -1 0 0 0 -5.3242 0.6383 LS51.dat
1 1 -151.745 -194.7 42.0459 0 -3.7831 -0.8008 -1 0 0 0 -5.058 0.5989 LS51.dat
1 1 -155.168 -194.7 37.4694 0 -3.2679 -0.8298 -1 0 0 0 -4.8591 0.5581 LS51.dat
1 1 -158.098 -194.7 33.1128 0 -2.7659 -0.8569 -1 0 0 0 -4.5977 0.5155 LS51.dat
1 1 -160.552 -194.7 29.0327 0 -2.297 -0.8818 -1 0 0 0 -4.2938 0.4717 LS51.dat
1 1 -162.565 -194.7 25.2699 0 -1.9117 -0.9043 -1 0 0 0 -4.0502 0.4268 LS51.dat
1 1 -164.219 -194.7 21.7651 0 -1.5691 -0.9246 -1 0 0 0 -3.8093 0.3809 LS51.dat
1 1 -165.559 -194.7 18.5132 0 -1.2743 -0.9426 -1 0 0 0 -3.5972 0.3339 LS51.dat
1 1 -166.631 -194.7 15.4875 0 -1.0231 -0.9583 -1 0 0 0 -3.4293 0.2859 LS51.dat
1 1 -167.481 -194.7 12.6381 0 -0.7842 -0.9715 -1 0 0 0 -3.2117 0.2372 LS51.dat
1 1 -168.121 -194.7 10.0134 0 -0.5908 -0.9822 -1 0 0 0 -3.087 0.188 LS51.dat
1 1 -168.598 -194.7 7.522 0 -0.459 -0.9904 -1 0 0 0 -3.2922 0.1381 LS51.dat
1 1 -168.923 -194.7 5.1896 0 -0.3125 -0.9983 -1 0 0 0 -5.41 0.0577 LS51.dat
1 1 -169.2 -194.7 0.4 0 0.0667 -0.9997 -1 0 0 0 -2.6499 -0.0252 LS51.dat
1 1 -169.149 -194.7 -1.6465 0 0.211 -0.9972 -1 0 0 0 -2.7893 -0.0754 LS51.dat
1 1 -168.983 -194.7 -3.8313 0 0.3676 -0.9921 -1 0 0 0 -2.9009 -0.1257 LS51.dat
1 1 -168.692 -194.7 -6.1316 0 0.5418 -0.9845 -1 0 0 0 -3.0376 -0.1756 LS51.dat
1 1 -168.256 -194.7 -8.5756 0 0.731 -0.9744 -1 0 0 0 -3.1682 -0.2248 LS51.dat
1 1 -167.661 -194.7 -11.1553 0 0.9589 -0.9618 -1 0 0 0 -3.3712 -0.2736 LS51.dat
1 1 -166.867 -194.7 -13.946 0 1.1978 -0.9469 -1 0 0 0 -3.5263 -0.3216 LS51.dat
1 1 -165.863 -194.7 -16.9004 0 1.5009 -0.9295 -1 0 0 0 -3.7818 -0.3689 LS51.dat
1 1 -164.586 -194.7 -20.119 0 1.8241 -0.9097 -1 0 0 0 -3.9951 -0.4153 LS51.dat
1 1 -163.013 -194.7 -23.5635 0 2.2116 -0.8876 -1 0 0 0 -4.2608 -0.4607 LS51.dat
1 1 -161.08 -194.7 -27.2885 0 2.6273 -0.8633 -1 0 0 0 -4.4932 -0.5048 LS51.dat
1 1 -158.756 -194.7 -31.2625 0 3.1177 -0.8369 -1 0 0 0 -4.7663 -0.5474 LS51.dat
1 1 -155.968 -194.7 -35.5253 0 3.6598 -0.8084 -1 0 0 0 -5.0257 -0.5887 LS51.dat
1 1 -152.664 -194.7 -40.0629 0 4.275 -0.7777 -1 0 0 0 -5.2892 -0.6286 LS51.dat
1 1 -148.768 -194.7 -44.8826 0 4.8477 -0.7451 -1 0 0 0 -5.416 -0.6669 LS51.dat
1 1 -144.32 -194.7 -49.8524 0 5.382 -0.7109 -1 0 0 0 -5.4405 -0.7033 LS51.dat
1 1 -139.359 -194.7 -54.8667 0 5.9461 -0.6749 -1 0 0 0 -5.4383 -0.7379 LS51.dat
1 1 -133.857 -194.7 -59.8996 0 6.2996 -0.6371 -1 0 0 0 -5.2071 -0.7708 LS51.dat
1 1 -128.021 -194.7 -64.7232 0 6.5821 -0.5976 -1 0 0 0 -4.9063 -0.8018 LS51.dat
1 1 -121.921 -194.7 -69.2699 0 6.5512 -0.5567 -1 0 0 0 -4.3901 -0.8307 LS51.dat
1 1 -115.868 -194.7 -73.3265 0 6.4478 -0.5145 -1 0 0 0 -3.8689 -0.8575 LS51.dat
1 1 -109.935 -194.7 -76.8865 0 6.1998 -0.471 -1 0 0 0 -3.3099 -0.8822 LS51.dat
1 1 -104.264 -194.7 -79.9139 0 5.8299 -0.4263 -1 0 0 0 -2.7472 -0.9046 LS51.dat
1 1 -98.9766 -194.7 -82.4056 0 5.4659 -0.3805 -1 0 0 0 -2.2493 -0.9248 LS51.dat
1 1 -94.0672 -194.7 -84.4259 0 5.0764 -0.3337 -1 0 0 0 -1.797 -0.9427 LS51.dat
1 1 -89.5577 -194.7 -86.0223 0 4.6681 -0.286 -1 0 0 0 -1.3935 -0.9582 LS51.dat
1 1 -85.4655 -194.7 -87.2438 0 4.3162 -0.2377 -1 0 0 0 -1.0562 -0.9713 LS51.dat
1 1 -81.7335 -194.7 -88.1571 0 3.9776 -0.1887 -1 0 0 0 -0.7643 -0.982 LS51.dat
1 1 -78.3487 -194.7 -88.8075 0 3.7056 -0.1391 -1 0 0 0 -0.5204 -0.9903 LS51.dat
1 1 -75.2405 -194.7 -89.244 0 3.4792 -0.0891 -1 0 0 0 -0.3113 -0.996 LS51.dat
1 1 -68.81 -194.7 -89.6127 0 -3.6287 -0.0325 -1 0 0 0 0.118 -0.9995 LS50.dat
0 SYNTH SYNTHESIZED END
0 SYNTH END
0 MLCAD FLEXHOSE 1 -1.2 0 0 1 0 0 0 1 0 0 0 1  64 -104 90  -20 70 0 300 -178 90 60 60 0 300 ls23.dat ls23.dat 0
0 MLCAD SKIP_BEGIN
1 1 62.8 -104 90 6.12323e-017 -0.282047 0.959401 0 0.959401 0.282047 -1 -1.72704e-017 5.87463e-017 LS23.dat
1 1 63.0598 -104.884 90 5.20197e-014 -0.296488 -0.955036 0 0.955036 -0.296488 1 1.54232e-014 4.96807e-014 LS23.dat
1 1 63.3331 -105.764 90 6.12323e-017 -0.310625 0.950533 0 0.950533 0.310625 -1 -1.90203e-017 5.82033e-017 LS23.dat
1 1 63.6197 -106.641 90 -9.47518e-014 -0.324458 -0.9459 0 0.9459 -0.324458 1 -3.0743e-014 -8.96258e-014 LS23.dat
1 1 63.9193 -107.515 90 6.12323e-017 -0.337988 0.94115 0 0.94115 0.337988 -1 -2.06958e-017 5.76288e-017 LS23.dat
1 1 64.2317 -108.384 90 6.12323e-017 -0.351218 0.936294 0 0.936294 0.351218 -1 -2.15059e-017 5.73315e-017 LS23.dat
1 1 64.5566 -109.251 90 6.12323e-017 -0.36415 0.93134 0 0.93134 0.36415 -1 -2.22978e-017 5.70281e-017 LS23.dat
1 1 64.8938 -110.113 90 6.12323e-017 -0.376788 0.926299 0 0.926299 0.376788 -1 -2.30716e-017 5.67195e-017 LS23.dat
1 1 65.243 -110.971 90 3.93631e-014 -0.389135 -0.921181 0 0.921181 -0.389135 1 1.53176e-014 3.62605e-014 LS23.dat
1 1 65.6039 -111.826 90 -3.81304e-014 -0.401196 -0.915992 0 0.915992 -0.401196 1 -1.52978e-014 -3.49272e-014 LS23.dat
1 1 65.9764 -112.676 90 3.69206e-014 -0.412974 -0.910743 0 0.910743 -0.412974 1 1.52472e-014 3.36252e-014 LS23.dat
1 1 66.3602 -113.523 90 3.60325e-014 -0.424473 -0.90544 0 0.90544 -0.424473 1 1.52948e-014 3.26252e-014 LS23.dat
1 1 66.755 -114.365 90 -1.04966e-013 -0.4357 -0.900092 0 0.900092 -0.4357 1 -4.57337e-014 -9.44789e-014 LS23.dat
1 1 67.1607 -115.203 90 6.82289e-014 -0.446659 -0.894704 0 0.894704 -0.446659 1 3.04751e-014 6.10447e-014 LS23.dat
1 1 67.5769 -116.037 90 6.12323e-017 -0.457355 0.889284 0 0.889284 0.457355 -1 -2.80049e-017 5.44529e-017 LS23.dat
1 1 68.0035 -116.866 90 -3.23573e-014 -0.467794 -0.883837 0 0.883837 -0.467794 1 -1.51366e-014 -2.85986e-014 LS23.dat
1 1 68.4402 -117.691 90 9.55404e-014 -0.477982 -0.87837 0 0.87837 -0.477982 1 4.56666e-014 8.39198e-014 LS23.dat
1 1 68.8867 -118.512 90 -9.34195e-014 -0.487923 -0.872887 0 0.872887 -0.487923 1 -4.55815e-014 -8.15447e-014 LS23.dat
1 1 69.343 -119.328 90 3.04813e-014 -0.497624 -0.867393 0 0.867393 -0.497624 1 1.51682e-014 2.64393e-014 LS23.dat
1 1 69.8086 -120.14 90 2.98152e-014 -0.507089 -0.861893 0 0.861893 -0.507089 1 1.5119e-014 2.56975e-014 LS23.dat
1 1 70.2835 -120.947 90 6.12323e-017 -0.516326 0.856392 0 0.856392 0.516326 -1 -3.16159e-017 5.24389e-017 LS23.dat
1 1 70.7674 -121.749 90 -2.88046e-014 -0.52534 -0.850893 0 0.850893 -0.52534 1 -1.51322e-014 -2.45096e-014 LS23.dat
1 1 71.2601 -122.547 90 6.12323e-017 -0.534135 0.845399 0 0.845399 0.534135 -1 -3.27064e-017 5.17658e-017 LS23.dat
1 1 71.7615 -123.341 90 -2.76943e-014 -0.542719 -0.839914 0 0.839914 -0.542719 1 -1.50303e-014 -2.32609e-014 LS23.dat
1 1 72.2712 -124.13 90 2.73727e-014 -0.551096 -0.834442 0 0.834442 -0.551096 1 1.5085e-014 2.28409e-014 LS23.dat
1 1 72.7891 -124.914 90 -2.68062e-014 -0.559273 -0.828984 0 0.828984 -0.559273 1 -1.4992e-014 -2.22219e-014 LS23.dat
1 1 73.315 -125.694 90 5.33519e-014 -0.567253 -0.823543 0 0.823543 -0.567253 1 3.02641e-014 4.39376e-014 LS23.dat
1 1 73.8487 -126.468 90 -5.23413e-014 -0.575044 -0.818123 0 0.818123 -0.575044 1 -3.00985e-014 -4.28216e-014 LS23.dat
1 1 74.3901 -127.239 90 2.58184e-014 -0.582649 -0.812724 0 0.812724 -0.582649 1 1.50431e-014 2.09832e-014 LS23.dat
1 1 74.9389 -128.004 90 -2.54739e-014 -0.590075 -0.807348 0 0.807348 -0.590075 1 -1.50315e-014 -2.05663e-014 LS23.dat
1 1 75.495 -128.765 90 6.12323e-017 -0.597327 0.801998 0 0.801998 0.597327 -1 -3.65757e-017 4.91082e-017 LS23.dat
1 1 76.0582 -129.521 90 4.97992e-014 -0.604408 -0.796675 0 0.796675 -0.604408 1 3.00991e-014 3.96738e-014 LS23.dat
1 1 76.6282 -130.273 90 -4.92327e-014 -0.611325 -0.79138 0 0.79138 -0.611325 1 -3.00971e-014 -3.89617e-014 LS23.dat
1 1 77.2051 -131.019 90 2.42641e-014 -0.618081 -0.786114 0 0.786114 -0.618081 1 1.49972e-014 1.90743e-014 LS23.dat
1 1 77.7885 -131.761 90 6.12323e-017 -0.624682 0.780879 0 0.780879 0.624682 -1 -3.82508e-017 4.7815e-017 LS23.dat
1 1 78.3784 -132.499 90 2.382e-014 -0.631133 -0.775675 0 0.775675 -0.631133 1 1.50336e-014 1.84766e-014 LS23.dat
1 1 78.9745 -133.231 90 -7.0771e-014 -0.637436 -0.770503 0 0.770503 -0.637436 1 -4.5112e-014 -5.45293e-014 LS23.dat
1 1 79.5768 -133.959 90 2.33759e-014 -0.643598 -0.765364 0 0.765364 -0.643598 1 1.50447e-014 1.78911e-014 LS23.dat
1 1 80.1851 -134.683 90 6.93391e-014 -0.649621 -0.760258 0 0.760258 -0.649621 1 4.50442e-014 5.27157e-014 LS23.dat
1 1 80.7991 -135.401 90 -6.87726e-014 -0.65551 -0.755186 0 0.755186 -0.65551 1 -4.50811e-014 -5.19361e-014 LS23.dat
1 1 81.4189 -136.115 90 6.12323e-017 -0.661269 0.750149 0 0.750149 0.661269 -1 -4.04911e-017 4.59334e-017 LS23.dat
1 1 82.0442 -136.825 90 4.51363e-014 -0.666902 -0.745145 0 0.745145 -0.666902 1 3.01015e-014 3.36331e-014 LS23.dat
1 1 82.6749 -137.529 90 -2.21432e-014 -0.672412 -0.740177 0 0.740177 -0.672412 1 -1.48894e-014 -1.63899e-014 LS23.dat
1 1 83.3109 -138.23 90 6.12323e-017 -0.677804 0.735243 0 0.735243 0.677804 -1 -4.15035e-017 4.50206e-017 LS23.dat
1 1 83.9521 -138.925 90 -2.19212e-014 -0.68308 -0.730344 0 0.730344 -0.68308 1 -1.49739e-014 -1.601e-014 LS23.dat
1 1 84.5983 -139.616 90 2.18216e-014 -0.688244 -0.72548 0 0.72548 -0.688244 1 1.50186e-014 1.58311e-014 LS23.dat
1 1 85.2494 -140.302 90 6.12323e-017 -0.693299 0.72065 0 0.72065 0.693299 -1 -4.24523e-017 4.41271e-017 LS23.dat
1 1 85.9054 -140.984 90 6.12323e-017 -0.698248 0.715856 0 0.715856 0.698248 -1 -4.27554e-017 4.38335e-017 LS23.dat
1 1 86.566 -141.661 90 6.12323e-017 -0.703095 0.711096 0 0.711096 0.703095 -1 -4.30522e-017 4.3542e-017 LS23.dat
1 1 87.2311 -142.334 90 2.11555e-014 -0.707843 -0.70637 0 0.70637 -0.707843 1 1.49748e-014 1.49436e-014 LS23.dat
1 1 87.9007 -143.002 90 -4.21272e-014 -0.712494 -0.701678 0 0.701678 -0.712494 1 -3.00154e-014 -2.95598e-014 LS23.dat
1 1 88.5747 -143.666 90 2.09334e-014 -0.717051 -0.69702 0 0.69702 -0.717051 1 1.50103e-014 1.4591e-014 LS23.dat
1 1 89.2529 -144.325 90 6.12323e-017 -0.721518 0.692396 0 0.692396 0.721518 -1 -4.41802e-017 4.2397e-017 LS23.dat
1 1 89.9353 -144.98 90 6.12323e-017 -0.725896 0.687805 0 0.687805 0.725896 -1 -4.44483e-017 4.21159e-017 LS23.dat
1 1 90.6217 -145.631 90 2.04893e-014 -0.730188 -0.683246 0 0.683246 -0.730188 1 1.49611e-014 1.39993e-014 LS23.dat
1 1 91.3121 -146.277 90 -2.03669e-014 -0.734397 -0.678721 0 0.678721 -0.734397 1 -1.49574e-014 -1.38234e-014 LS23.dat
1 1 92.0064 -146.918 90 6.12323e-017 -0.738524 0.674227 0 0.674227 0.738524 -1 -4.52216e-017 4.12845e-017 LS23.dat
1 1 92.7044 -147.555 90 6.12323e-017 -0.742574 0.669764 0 0.669764 0.742574 -1 -4.54695e-017 4.10112e-017 LS23.dat
1 1 93.4061 -148.188 90 6.12323e-017 -0.746546 0.665333 0 0.665333 0.746546 -1 -4.57128e-017 4.07399e-017 LS23.dat
1 1 94.1115 -148.817 90 2.00452e-014 -0.750445 -0.660933 0 0.660933 -0.750445 1 1.50429e-014 1.32486e-014 LS23.dat
1 1 94.8203 -149.441 90 2.00452e-014 -0.754271 -0.656563 0 0.656563 -0.754271 1 1.51196e-014 1.3161e-014 LS23.dat
1 1 95.5326 -150.061 90 -1.97007e-014 -0.758027 -0.652223 0 0.652223 -0.758027 1 -1.49337e-014 -1.28493e-014 LS23.dat
1 1 96.2483 -150.677 90 1.98232e-014 -0.761716 -0.647912 0 0.647912 -0.761716 1 1.50996e-014 1.28437e-014 LS23.dat
1 1 96.9672 -151.289 90 -3.92407e-014 -0.765337 -0.643629 0 0.643629 -0.765337 1 -3.00323e-014 -2.52564e-014 LS23.dat
1 1 97.6894 -151.896 90 6.12323e-017 -0.768895 0.639375 0 0.639375 0.768895 -1 -4.70812e-017 3.91504e-017 LS23.dat
1 1 98.4147 -152.499 90 -1.94787e-014 -0.77239 -0.635149 0 0.635149 -0.77239 1 -1.50451e-014 -1.23719e-014 LS23.dat
1 1 99.143 -153.098 90 3.8919e-014 -0.775824 -0.63095 0 0.63095 -0.775824 1 3.01943e-014 2.4556e-014 LS23.dat
1 1 99.875 -153.693 90 -3.85745e-014 -0.779199 -0.626777 0 0.626777 -0.779199 1 -3.00572e-014 -2.41776e-014 LS23.dat
1 1 100.609 -154.284 90 1.93791e-014 -0.782516 -0.622631 0 0.622631 -0.782516 1 1.51645e-014 1.2066e-014 LS23.dat
1 1 101.346 -154.87 90 -3.83525e-014 -0.785777 -0.61851 0 0.61851 -0.785777 1 -3.01365e-014 -2.37214e-014 LS23.dat
1 1 102.086 -155.453 90 5.73487e-014 -0.788983 -0.614414 0 0.614414 -0.788983 1 4.52472e-014 3.52359e-014 LS23.dat
1 1 102.829 -156.031 90 -5.70042e-014 -0.792137 -0.610343 0 0.610343 -0.792137 1 -4.51552e-014 -3.47922e-014 LS23.dat
1 1 103.575 -156.606 90 3.80309e-014 -0.795239 -0.606296 0 0.606296 -0.795239 1 3.02436e-014 2.3058e-014 LS23.dat
1 1 104.323 -157.176 90 -1.88126e-014 -0.798291 -0.602272 0 0.602272 -0.798291 1 -1.50179e-014 -1.13303e-014 LS23.dat
1 1 105.074 -157.742 90 6.12323e-017 -0.801293 0.598272 0 0.598272 0.801293 -1 -4.90651e-017 3.66336e-017 LS23.dat
1 1 105.827 -158.305 90 6.12323e-017 -0.804248 0.594293 0 0.594293 0.804248 -1 -4.9246e-017 3.639e-017 LS23.dat
1 1 106.583 -158.863 90 1.8713e-014 -0.807157 -0.590337 0 0.590337 -0.807157 1 1.51043e-014 1.1047e-014 LS23.dat
1 1 107.341 -159.418 90 -1.85905e-014 -0.810021 -0.586401 0 0.586401 -0.810021 1 -1.50587e-014 -1.09015e-014 LS23.dat
1 1 108.102 -159.969 90 1.8713e-014 -0.81284 -0.582487 0 0.582487 -0.81284 1 1.52107e-014 1.09001e-014 LS23.dat
1 1 108.865 -160.515 90 3.71427e-014 -0.815617 -0.578593 0 0.578593 -0.815617 1 3.02942e-014 2.14905e-014 LS23.dat
1 1 109.63 -161.058 90 -3.67982e-014 -0.818351 -0.574718 0 0.574718 -0.818351 1 -3.01138e-014 -2.11486e-014 LS23.dat
1 1 110.398 -161.597 90 -1.83685e-014 -0.821046 -0.570863 0 0.570863 -0.821046 1 -1.50813e-014 -1.04859e-014 LS23.dat
1 1 111.167 -162.133 90 1.84909e-014 -0.8237 -0.567026 0 0.567026 -0.8237 1 1.5231e-014 1.04848e-014 LS23.dat
1 1 111.939 -162.664 90 -1.81464e-014 -0.826316 -0.563207 0 0.563207 -0.826316 1 -1.49947e-014 -1.02202e-014 LS23.dat
1 1 112.713 -163.192 90 -1.81464e-014 -0.828894 -0.559406 0 0.559406 -0.828894 1 -1.50415e-014 -1.01512e-014 LS23.dat
1 1 113.49 -163.716 90 7.31139e-014 -0.831435 -0.555622 0 0.555622 -0.831435 1 6.07894e-014 4.06237e-014 LS23.dat
1 1 114.268 -164.236 90 -3.63541e-014 -0.83394 -0.551855 0 0.551855 -0.83394 1 -3.03171e-014 -2.00622e-014 LS23.dat
1 1 115.048 -164.752 90 6.12323e-017 -0.83641 0.548104 0 0.548104 0.83641 -1 -5.12154e-017 3.35617e-017 LS23.dat
1 1 115.831 -165.265 90 1.80468e-014 -0.838847 -0.544368 0 0.544368 -0.838847 1 1.51385e-014 9.82412e-015 LS23.dat
1 1 116.615 -165.774 90 -1.79244e-014 -0.841249 -0.540647 0 0.540647 -0.841249 1 -1.50789e-014 -9.69077e-015 LS23.dat
1 1 117.401 -166.279 90 6.12323e-017 -0.84362 0.536941 0 0.536941 0.84362 -1 -5.16568e-017 3.28782e-017 LS23.dat
1 1 118.189 -166.781 90 -3.591e-014 -0.845958 -0.533249 0 0.533249 -0.845958 1 -3.03784e-014 -1.9149e-014 LS23.dat
1 1 118.979 -167.279 90 5.3796e-014 -0.848266 -0.52957 0 0.52957 -0.848266 1 4.56333e-014 2.84888e-014 LS23.dat
