0 FILE Main.ldr
0 Name: 8480_B.ldr
0 Author:  marco

0 ROTATION CENTER 0 0 0 1 "Custom" 
0 ROTATION CONFIG 0 0
1 7 60.4911 -14 -259.85 1 0 0 0 1 0 0 0 1 3749.dat
1 7 70.4911 -14 -259.85 -1 0 0 0 1 0 0 0 -1 6536.dat
1 15 151.142 -114.413 -319.792 -0.00105309 0 1 0 -1 0 1 0 0.00105324 6536.dat
1 0 151.12 -114.405 -289.792 0.000678701 0 1 -0.000321266 1 0 -1 -0.000321447 0.000678615 3705.dat
1 7 150.628 -113.905 -294.793 1 -0.00131336 0 0 0 -1 0.00131333 1 0 6632.dat
1 7 150.608 -113.895 -264.793 1 -0.00131333 0 0 0 -1 0.00131329 1 0 6632.dat
1 0 150.127 -154.407 -279.794 0.00148186 0 1 -0.000735252 1 0 -1 -0.000735647 0.00148166 3704.dat
1 15 70.5295 -273.843 -279.656 -0.599482 -0.000302385 0.800388 0.800387 0.00131248 0.599482 -0.00123172 1 -0.000544691 6629.dat
1 0 70.944 -274.772 -260.041 0.00174575 0.800387 0.599481 -0.00125258 0.599483 -0.800386 -1 0.000646429 0.00204907 3706.dat
1 15 70.5807 6.08288 -280.086 -0.599787 0.00183398 0.800158 -0.80016 -0.00114051 -0.599786 0 -1 0.00215146 6629.dat
1 0 70.5108 5.46588 -279.341 0.00169226 0.800157 -0.599788 -0.00142166 -0.599786 -0.800159 -1 0.00220678 0 4519.dat
1 7 60.6361 -253.957 -300.046 1 0 0 0 1 0 0 0 1 3749.dat
1 7 71.0512 -254.119 -300.041 1 0 0.00212054 0 -1 0 0.00212054 0 -1 6536.dat
1 15 50.3639 -24.0608 -199.871 -0.00212037 0 -1 -0.00101319 1 0 1 0.00101262 -0.00212064 3895.dat
1 0 50.2773 -32.102 -159.842 -0.00212037 0 -1 -0.00101319 1 0 1 0.00101262 -0.00212064 3794a.dat
1 0 50.2349 -0.122275 -139.81 -0.00212037 0 -1 -0.00101319 1 0 1 0.00101262 -0.00212064 4477.dat
1 15 49.7619 -24.3452 80.1657 -0.00212037 0 -1 -0.00101319 1 0 1 0.00101262 -0.00212064 3703.dat
1 0 49.514 -32.4668 200.157 -0.00212037 0 -1 -0.00101319 1 0 1 0.00101262 -0.00212064 3460.dat
1 0 49.3889 -40.5275 260.149 -0.00212037 0 -1 -0.00101319 1 0 1 0.00101262 -0.00212064 3023.dat
1 0 49.391 -64.5275 260.124 -0.00212037 0 -1 -0.00101319 1 0 1 0.00101262 -0.00212064 3700.dat
1 0 49.3975 -72.5275 260.116 -0.00212037 0 -1 -0.00101319 1 0 1 0.00101262 -0.00212064 3023.dat
1 47 -0.602 -0.528 0.116 1 0.00101262 -0.00212064 -0.00101319 1 0 0.00212037 0 1 optic.ldr
1 47 -0.602 -0.528 0.116 1 0.00101262 -0.00212064 -0.00101319 1 0 0.00212037 0 1 change_l.ldr
1 47 -0.602 -0.528 0.116 1 0.00101262 -0.00212064 -0.00101319 1 0 0.00212037 0 1 change_r.ldr
1 47 -0.602 -0.528 0.116 1 0.00101262 -0.00212064 -0.00101319 1 0 0.00212037 0 1 door.ldr
1 47 39.398 -0.528 0.116 -1 0 0 0 1 0 0 0 1 optic.ldr
1 47 39.398 -0.528 0.116 -1 0 0 0 1 0 0 0 1 battery.ldr
1 0 19.4767 -224.515 229.899 -1 0 0 0 1 0.00101262 0 0.00101262 -1 3701.dat
1 0 -10.4957 -232.505 229.898 1 0 0 0 1 0 0 0 1 2420.dat
1 15 -10.5359 -240.533 249.819 -0.00212025 0 -1 -0.00101319 1 0 1 0.00101262 -0.00212052 3623.dat
1 15 -10.5973 -264.563 279.794 -0.00212025 0 -1 -0.00101319 1 0 1 0.00101262 -0.00212052 2744.dat
1 0 -10.6185 -232.574 289.826 -0.00212025 0 -1 -0.00101319 1 0 1 0.00101262 -0.00212052 3623.dat
1 0 49.5043 -232.505 229.89 -0.00211989 0 -1 -0.00101319 1 0 1 0.00101262 -0.00212016 2420.dat
1 15 49.464 -240.517 249.946 -0.00212013 0 -1 -0.00101319 1 0 1 0.00101262 -0.0021204 3623.dat
1 15 49.4026 -264.548 279.922 -0.00212013 0 -1 -0.00101319 1 0 1 0.00101262 -0.0021204 2744.dat
1 0 49.3814 -232.559 289.954 -0.00212025 0 -1 -0.00101319 1 0 1 0.00101262 -0.00212052 3623.dat
1 0 19.3493 -224.576 309.898 -1 0 0 0 1 0.00101262 0 0.00101262 -1 3701.dat
1 0 19.3346 -232.586 309.899 1 0 0 0 1 0 0 0 1 3023.dat
1 0 19.3365 -144.576 309.971 1 0 0 0 1 0 0 0 1 3700.dat
1 0 19.3131 -120.586 309.98 1 0 0 0 1 0 0 0 1 3710.dat
1 0 -10.545 -144.515 239.98 -0.00212037 0 -1 -0.00101319 1 0 1 0.00101262 -0.00212064 3702.dat
1 0 49.455 -144.515 239.98 -0.00212037 0 -1 -0.00101319 1 0 1 0.00101262 -0.00212064 3702.dat
1 0 -10.6194 -72.5456 260.044 -0.00212037 0 -1 -0.00101319 1 0 1 0.00101262 -0.00212064 3023.dat
1 0 -10.6002 -64.5436 259.997 -0.00212037 0 -1 -0.00101319 1 0 1 0.00101262 -0.00212064 3700.dat
1 0 -10.6024 -40.5436 260.021 -0.00212037 0 -1 -0.00101319 1 0 1 0.00101262 -0.00212064 3023.dat
1 0 -10.4816 -32.4828 200.029 -0.00212037 0 -1 -0.00101319 1 0 1 0.00101262 -0.00212064 3460.dat
1 15 -10.6322 -24.5334 250.038 -1 0 0 0 1 0.00101262 0 0.00101262 -1 3665.dat
1 15 -10.2294 -24.3612 80.0378 -0.00212037 0 -1 -0.00101319 1 0 1 0.00101262 -0.00212064 3703.dat
1 0 -9.76492 -0.138301 -139.938 -0.00212037 0 -1 -0.00101319 1 0 1 0.00101262 -0.00212064 4477.dat
1 15 -9.6442 -24.0775 -199.961 -0.00212037 0 -1 -0.00101319 1 0 1 0.00101262 -0.00212064 3895.dat
1 0 -19.4682 -31.9964 -279.991 -0.00212037 0 -1 -0.00101319 1 0 1 0.00101262 -0.00212064 32001.dat
1 0 20.659 0.0803453 -339.873 -0.00212037 0 -1 -0.00101319 1 0 1 0.00101262 -0.00212064 3030.dat
1 0 30.6102 -23.9479 -319.876 -0.00212037 0 -1 -0.00101319 1 0 1 0.00101262 -0.00212064 3894.dat
1 0 10.6102 -23.9479 -319.918 -0.00212037 0 -1 -0.00101319 1 0 1 0.00101262 -0.00212064 3894.dat
1 15 -9.22018 -23.8669 -399.961 -0.00212037 0 -1 -0.00101319 1 0 1 0.00101262 -0.00212064 3702.dat
1 0 -19.2136 -31.8749 -399.99 -0.00212037 0 -1 -0.00101319 1 0 1 0.00101262 -0.00212064 32001.dat
1 15 50.7798 -23.8669 -399.834 -0.00212037 0 -1 -0.00101319 1 0 1 0.00101262 -0.00212064 3702.dat
1 0 60.7862 -31.8588 -399.821 -0.00212037 0 -1 -0.00101319 1 0 1 0.00101262 -0.00212064 32001.dat
1 0 20.341 -32.0876 -199.962 1 0 0 0 1 0 0 0 1 32001.dat
1 0 -9.7226 -32.118 -159.97 -0.00212037 0 -1 -0.00101319 1 0 1 0.00101262 -0.00212064 3794a.dat
1 0 -9.97705 -32.2396 -39.9699 -0.00212037 0 -1 -0.00101319 1 0 1 0.00101262 -0.00212064 4477.dat
1 0 -9.80526 -40.1586 -119.978 -0.00212037 0 -1 -0.00101319 1 0 1 0.00101262 -0.00212064 3023.dat
1 0 -9.97489 -40.2396 -39.978 -0.00212037 0 -1 -0.00101319 1 0 1 0.00101262 -0.00212064 3023.dat
1 0 -10.0151 -64.2598 -20.0024 -0.00212037 0 -1 -0.00101319 1 0 1 0.00101262 -0.00212064 2730.dat
1 0 -10.1869 -40.3409 60.0219 -0.00212037 0 -1 -0.00101319 1 0 1 0.00101262 -0.00212064 3023.dat
1 0 -9.96629 -72.2396 -40.0104 -0.00212037 0 -1 -0.00101319 1 0 1 0.00101262 -0.00212064 3023.dat
1 0 20.0147 -80.2497 -40.0104 1 0 0 0 1 0 0 0 1 3709b.dat
1 7 20.038 -88.2316 -49.9549 1 0 0 0 1 0 0 0 1 2431.dat
1 0 20.038 -104.232 -29.9549 1 0 0 0 1 0 0 0 1 3894.dat
1 0 20.0233 -112.242 -29.9793 1 0 0 0 1 0 0 0 1 4477.dat
1 0 -39.9747 -120.242 -29.9874 1 0 0 0 1 0 0 0 1 3666.dat
1 15 -9.9724 -144.258 -30.1227 1 0 0 0 1 0 0 0 1 6541.dat
1 0 -39.9659 -152.25 -30.0834 1 0 0 0 1 0 0 0 1 3666.dat
1 0 20.0363 -160.258 -30.1551 1 0 0 0 1 0 0 0 1 4477.dat
1 15 60.0382 -184.242 -30.036 1 0 0 0 1 0 0 0 1 32000.dat
1 0 60.0447 -192.231 -29.9755 1 0 0 0 1 0 0 0 1 3710.dat
1 0 40.1529 -200.18 -79.9705 -0.00212037 0 -1 -0.00101319 1 0 1 0.00101262 -0.00212064 32001.dat
1 0 60.2611 -192.135 -130.047 1 0 0 0 1 0 0 0 1 3710.dat
1 0 90.2589 -184.13 -129.983 1 0 0 0 1 0 0 0 1 6541.dat
1 0 20.2567 -160.122 -129.912 1 0 0 0 1 0 0 0 1 4477.dat
1 0 -49.7497 -184.14 -130.036 1 0 0 0 1 0 0 0 1 6541.dat
1 0 -19.743 -192.159 -130.208 1 0 0 0 1 0 0 0 1 3710.dat
1 0 -39.7409 -200.151 -130.153 1 0 0 0 1 0 0 0 1 3023.dat
1 0 -49.7387 -224.156 -130.203 1 0 0 0 1 0 0 0 1 6541.dat
1 0 20.2678 -232.159 -130.249 1 0 0 0 1 0 0 0 1 3460.dat
1 0 90.2698 -224.14 -130.108 1 0 0 0 1 0 0 0 1 6541.dat
1 0 80.2589 -200.13 -129.983 1 0 0 0 1 0 0 0 1 3023.dat
1 15 20.2611 -224.135 -130.055 1 0 0 0 1 0 0 0 1 3700.dat
1 15 60.2611 -224.135 -130.013 1 0 0 0 1 0 0 0 1 3700.dat
1 15 -19.7387 -224.156 -130.203 1 0 0 0 1 0 0 0 1 3700.dat
1 0 0.153082 -200.202 -80.1399 -0.00212037 0 -1 -0.00101319 1 0 1 0.00101262 -0.00212064 32001.dat
1 0 -19.9508 -192.247 -30.1319 1 0 0 0 1 0 0 0 1 3710.dat
1 15 -19.9618 -184.242 -30.036 1 0 0 0 1 0 0 0 1 32000.dat
1 0 -49.9529 -184.252 -30.1532 1 0 0 0 1 0 0 0 1 6541.dat
1 0 -39.9529 -200.252 -30.1532 1 0 0 0 1 0 0 0 1 3023.dat
1 15 20.2503 -184.14 -130.036 1 0 0 0 1 0 0 0 1 3894.dat
1 0 110.293 -152.12 -149.994 0.00212023 0 1 0.00101319 1 0 -1 0.00101262 0.0021205 2450.dat
1 15 20.2486 -144.116 -129.829 1 0 0 0 1 0 0 0 1 2730.dat
1 0 110.288 -120.12 -149.978 0.00212035 0 1 0.00101319 1 0 -1 0.00101262 0.00212062 2450.dat
1 15 130.388 -144.045 -199.786 -0.00212025 0 -1 -0.00101319 1 0 1 0.00101262 -0.00212052 3702.dat
1 0 20.2396 -112.116 -129.796 -1 0 0 0 1 0.00101262 0 0.00101262 -1 4477.dat
1 0 20.2376 -104.14 -129.979 1 0 0 0 1 0 0 0 1 3894.dat
1 0 20.2353 -80.14 -119.979 1 0 0 0 1 0 0 0 1 3709b.dat
1 7 20.2076 -88.1505 -109.955 1 0 0 0 1 0 0 0 1 2431.dat
1 0 -9.81787 -72.1686 -130.002 1 0 0 0 1 0 0 0 1 2420.dat
1 0 20.2181 -64.1485 -129.978 1 0 0 0 1 0 0 0 1 3701.dat
1 0 50.2245 -72.1404 -129.946 -0.00212001 0 -1 -0.00101319 1 0 1 0.00101262 -0.00212028 2420.dat
1 0 20.2376 -120.14 -129.987 1 0 0 0 1 0 0 0 1 3666.dat
1 0 -69.7624 -120.14 -149.987 1 0 0 0 1 0 0 0 1 2450.dat
1 15 -89.5695 -144.073 -200.21 -0.00212037 0 -1 -0.00101319 1 0 1 0.00101262 -0.00212064 3702.dat
1 0 -69.669 -152.129 -150.253 1 0 0 0 1 0 0 0 1 2450.dat
1 0 20.246 -152.14 -130.02 1 0 0 0 1 0 0 0 1 3666.dat
1 0 90.0469 -184.231 -29.9836 1 0 0 0 1 0 0 0 1 6541.dat
1 0 80.0469 -200.231 -29.9836 1 0 0 0 1 0 0 0 1 3023.dat
1 0 80.0382 -152.242 -30.036 1 0 0 0 1 0 0 0 1 3666.dat
1 15 50.0361 -144.226 -29.9006 1 0 0 0 1 0 0 0 1 6541.dat
1 0 80.0253 -120.242 -29.9874 1 0 0 0 1 0 0 0 1 3666.dat
1 0 50.0168 -72.2417 -39.9549 -0.00212037 0 -1 -0.00101319 1 0 1 0.00101262 -0.00212064 3023.dat
1 0 49.9934 -64.2438 -19.8752 -0.00212037 0 -1 -0.00101319 1 0 1 0.00101262 -0.00212064 2730.dat
1 0 49.8216 -40.3249 60.1491 -0.00212037 0 -1 -0.00101319 1 0 1 0.00101262 -0.00212064 3023.dat
1 0 50.0336 -40.2236 -39.8508 -0.00212037 0 -1 -0.00101319 1 0 1 0.00101262 -0.00212064 3023.dat
1 0 50.0228 -32.2236 -39.8421 -0.00212037 0 -1 -0.00101319 1 0 1 0.00101262 -0.00212064 4477.dat
1 0 50.1946 -40.1425 -119.851 -0.00212037 0 -1 -0.00101319 1 0 1 0.00101262 -0.00212064 3023.dat
1 0 -10.2526 -32.3713 90.0297 -0.00212037 0 -1 -0.00101319 1 0 1 0.00101262 -0.00212064 3623.dat
1 0 0.00184155 -0.24975 -19.9379 1 0 0 0 1 0 0 0 1 3022.dat
1 0 10.1225 -24.1863 -79.9407 -0.00212037 0 -1 -0.00101319 1 0 1 0.00101262 -0.00212064 3702.dat
1 0 -10.401 -0.442261 160.062 -0.00212037 0 -1 -0.00101319 1 0 1 0.00101262 -0.00212064 4477.dat
1 0 -10.1254 -0.310551 30.0625 -0.00212037 0 -1 -0.00101319 1 0 1 0.00101262 -0.00212064 3623.dat
1 15 49.3677 -24.5174 250.165 -1 0 0 0 1 0.00101262 0 0.00101262 -1 3665.dat
1 0 49.5988 -0.426235 160.189 -0.00212037 0 -1 -0.00101319 1 0 1 0.00101262 -0.00212064 4477.dat
1 0 49.8744 -0.29452 30.1895 -0.00212037 0 -1 -0.00101319 1 0 1 0.00101262 -0.00212064 3623.dat
1 0 49.7472 -32.3553 90.1569 -0.00212037 0 -1 -0.00101319 1 0 1 0.00101262 -0.00212064 3623.dat
1 0 40.0016 -0.233749 -19.8106 1 0 0 0 1 0 0 0 1 3022.dat
1 0 30.1224 -24.1756 -79.8559 -0.00212037 0 -1 -0.00101319 1 0 1 0.00101262 -0.00212064 3702.dat
1 0 60.5318 -31.9804 -279.821 -0.00212037 0 -1 -0.00101319 1 0 1 0.00101262 -0.00212064 32001.dat
1 15 49.621 -272.447 179.914 -0.00212013 0 -1 -0.00101319 1 0 1 0.00101262 -0.0021204 4477.dat
1 15 49.8266 -264.346 79.922 -0.00212013 0 -1 -0.00101319 1 0 1 0.00101262 -0.0021204 3703.dat
1 15 49.8543 -240.335 69.9463 -0.00212001 0 -1 -0.00101319 1 0 1 0.00101262 -0.00212028 2420.dat
1 0 59.8478 -232.335 69.955 -1 0 0 0 1 0.00101262 0 0.00101262 -1 3710.dat
1 15 59.8457 -224.332 69.9838 1 0 0 0 1 0 0 0 1 32000.dat
1 0 19.8434 -200.332 69.9838 1 0 0 0 1 0 0 0 1 3460.dat
1 0 59.837 -192.343 69.9232 1 0 0 0 1 0 0 0 1 3710.dat
1 15 59.8348 -184.332 70.0162 1 0 0 0 1 0 0 0 1 32000.dat
1 0 19.8327 -160.332 70.0243 1 0 0 0 1 0 0 0 1 4477.dat
1 0 -40.1739 -152.343 69.9637 1 0 0 0 1 0 0 0 1 3666.dat
1 0 19.8111 -104.343 70.0207 1 0 0 0 1 0 0 0 1 3894.dat
1 0 19.8111 -80.3431 70.0207 1 0 0 0 1 0 0 0 1 3710.dat
1 0 19.8005 -72.351 69.9976 1 0 0 0 1 0 0 0 1 3710.dat
1 0 19.8111 -112.343 70.0207 1 0 0 0 1 0 0 0 1 4477.dat
1 0 79.8133 -120.343 70.0124 1 0 0 0 1 0 0 0 1 3666.dat
1 0 -40.1867 -120.343 70.0124 1 0 0 0 1 0 0 0 1 3666.dat
1 15 -10.1757 -144.359 69.8446 1 0 0 0 1 0 0 0 1 6541.dat
1 15 39.8154 -144.327 70.1315 1 0 0 0 1 0 0 0 1 32000.dat
1 0 79.8219 -152.338 70.0224 1 0 0 0 1 0 0 0 1 3666.dat
1 15 -20.1739 -184.343 69.9637 1 0 0 0 1 0 0 0 1 32000.dat
1 15 19.8261 -184.343 69.9637 1 0 0 0 1 0 0 0 1 3700.dat
1 0 89.8348 -184.332 70.0162 1 0 0 0 1 0 0 0 1 6541.dat
1 0 -50.1739 -184.343 69.9637 1 0 0 0 1 0 0 0 1 6541.dat
1 0 -20.1671 -192.362 69.791 1 0 0 0 1 0 0 0 1 3710.dat
1 15 -20.163 -224.343 69.9232 1 0 0 0 1 0 0 0 1 32000.dat
1 15 19.837 -224.343 69.9232 1 0 0 0 1 0 0 0 1 3700.dat
1 0 -20.1565 -232.343 69.8908 -1 0 0 0 1 0.00101262 0 0.00101262 -1 3710.dat
1 15 -10.1543 -240.354 69.806 1 0 0 0 1 0 0 0 1 2420.dat
1 15 50.2486 -240.15 -120.116 -0.00212013 0 -1 -0.00101319 1 0 1 0.00101262 -0.0021204 4477.dat
1 15 -10.1733 -264.361 79.7937 -0.00212013 0 -1 -0.00101319 1 0 1 0.00101262 -0.0021204 3703.dat
1 15 -9.7514 -240.15 -120.116 -0.00212013 0 -1 -0.00101319 1 0 1 0.00101262 -0.0021204 4477.dat
1 15 50.187 -264.172 -90.0774 -0.00212013 0 -1 -0.00101319 1 0 1 0.00101262 -0.0021204 6541.dat
1 15 -9.81286 -264.188 -90.2046 -0.00212013 0 -1 -0.00101319 1 0 1 0.00101262 -0.0021204 6541.dat
1 15 50.5474 -264 -260.077 -0.00212013 0 -1 -0.00101319 1 0 1 0.00101262 -0.0021204 3703.dat
1 15 50.2784 -272.133 -130.085 -1 0 0 0 1 0.00101262 0 0.00101262 -1 2420.dat
1 15 50.4692 -272.041 -220.085 -0.00212013 0 -1 -0.00101319 1 0 1 0.00101262 -0.0021204 3666.dat
1 15 50.766 -271.9 -360.085 -0.00212013 0 -1 -0.00101319 1 0 1 0.00101262 -0.0021204 3666.dat
1 15 -9.45244 -264.016 -260.204 -0.00212013 0 -1 -0.00101319 1 0 1 0.00101262 -0.0021204 3703.dat
1 15 -9.72154 -272.149 -130.212 0.00211987 0 1 0.00101319 1 0 -1 0.00101262 0.00212014 2420.dat
1 15 -9.23392 -271.916 -360.212 -0.00212013 0 -1 -0.00101319 1 0 1 0.00101262 -0.0021204 3666.dat
1 15 -9.53074 -272.058 -220.212 -0.00212013 0 -1 -0.00101319 1 0 1 0.00101262 -0.0021204 3666.dat
1 15 50.0452 -272.244 -20.0851 -0.00212013 0 -1 -0.00101319 1 0 1 0.00101262 -0.0021204 4477.dat
1 15 -9.95476 -272.26 -20.2121 -0.00212013 0 -1 -0.00101319 1 0 1 0.00101262 -0.0021204 4477.dat
1 15 -10.3788 -272.462 179.787 -0.00212013 0 -1 -0.00101319 1 0 1 0.00101262 -0.0021204 4477.dat
1 15 -9.54984 -280.067 -210.221 -0.00212013 0 -1 -0.00101319 1 0 1 0.00101262 -0.0021204 3623.dat
1 15 50.4501 -280.051 -210.093 -0.00212013 0 -1 -0.00101319 1 0 1 0.00101262 -0.0021204 3623.dat
1 15 50.5159 -304.021 -240.117 0.00212011 0 1 0.00101319 1 0 -1 0.00101262 0.00212038 2744.dat
1 15 -9.48405 -304.037 -240.245 0.00212011 0 1 0.00101319 1 0 -1 0.00101262 0.00212038 2744.dat
1 15 50.0473 -304.244 -20.1182 -0.00212013 0 -1 -0.00101319 1 0 1 0.00101262 -0.0021204 2744.dat
1 15 -9.95265 -304.26 -20.2454 -0.00212013 0 -1 -0.00101319 1 0 1 0.00101262 -0.0021204 2744.dat
1 15 50.1745 -280.183 -80.0937 -0.00212013 0 -1 -0.00101319 1 0 1 0.00101262 -0.0021204 3666.dat
1 15 -9.82541 -280.199 -80.221 -0.00212013 0 -1 -0.00101319 1 0 1 0.00101262 -0.0021204 3666.dat
1 15 60.1554 -304.173 -90.118 -1 0 0 0 1 0.00101262 0 0.00101262 -1 6564.dat
1 15 -19.8445 -304.189 -90.2453 -1 0 0 0 1 0.00101262 0 0.00101262 -1 6565.dat
1 15 50.3103 -312.122 -140.126 -0.00212013 0 -1 -0.00101319 1 0 1 0.00101262 -0.0021204 4477.dat
1 15 -9.68957 -312.138 -140.253 -0.00212001 0 -1 -0.00101319 1 0 1 0.00101262 -0.00212028 4477.dat
1 15 50.0771 -312.234 -30.1182 1 0 0 0 1 0 0 0 1 3024.dat
1 15 -9.92286 -312.25 -30.2454 1 0 0 0 1 0 0 0 1 3024.dat
1 15 20.7046 -279.945 -340.212 1 0 0 0 1 0 0 0 1 3709b.dat
1 15 20.249 -320.168 -120.253 1 0 0 0 1 0 0 0 1 3709b.dat
1 15 -9.7489 -328.16 -120.206 -0.00212013 0 -1 -0.00101319 1 0 1 0.00101262 -0.0021204 3023.dat
1 15 50.2511 -328.16 -120.206 -0.00212013 0 -1 -0.00101319 1 0 1 0.00101262 -0.0021204 3023.dat
1 15 -9.7255 -336.158 -120.277 -0.00212013 0 -1 -0.00101319 1 0 1 0.00101262 -0.0021204 3069b.dat
1 15 50.2744 -336.142 -120.15 -0.00212013 0 -1 -0.00101319 1 0 1 0.00101262 -0.0021204 3069b.dat
1 14 20.2723 -328.15 -120.198 1 0 0 0 1 0 0 0 1 4079.dat
1 15 20.2806 -264.148 -130.162 1 0 0 0 1 0 0 0 1 3700.dat
1 0 19.9668 -288.292 19.8343 1 0 0 0 1 0 0 0 1 3068b.dat
1 14 19.8875 -308.833 59.8135 -1 0 0 0 1 0.00101231 0 0.00101231 -1 6553.dat
1 0 19.7547 -288.394 119.834 1 0 0 0 1 0 0 0 1 3068b.dat
1 14 19.633 -308.954 179.813 -1 0 0 0 1 0.00101231 0 0.00101231 -1 6553.dat
1 15 19.9582 -248.292 19.8748 -0.00212025 0 -1 -0.00101319 1 0 1 0.00101262 -0.00212052 3795.dat
1 15 20.062 -240.241 -30.1383 1 0 0 0 1 0 0 0 1 3023.dat
1 15 19.6401 -248.444 169.853 1 0 0 0 1 0 0 0 1 3023.dat
1 15 19.6423 -240.436 169.946 -1 0 0 0 1 0.00101262 0 0.00101262 -1 3710.dat
1 0 19.6358 -232.444 169.89 -1 0 0 0 1 0.00101262 0 0.00101262 -1 3710.dat
1 0 19.6337 -224.444 169.898 -1 0 0 0 1 0.00101262 0 0.00101262 -1 3701.dat
1 0 19.6315 -200.444 169.922 -1 0 0 0 1 0.00101262 0 0.00101262 -1 3710.dat
1 0 19.6251 -192.444 169.931 -1 0 0 0 1 0.00101262 0 0.00101262 -1 3710.dat
1 0 19.623 -184.444 169.939 1 0 0 0 1 0 0 0 1 3701.dat
1 0 19.6207 -160.444 169.939 1 0 0 0 1 0 0 0 1 3710.dat
1 0 19.61 -152.452 169.916 1 0 0 0 1 0 0 0 1 3666.dat
1 15 19.6121 -144.444 169.971 1 0 0 0 1 0 0 0 1 32000.dat
1 0 19.61 -120.452 169.94 1 0 0 0 1 0 0 0 1 3666.dat
1 0 -10.3965 -112.444 170.004 -1 0 0 0 1 0.00101262 0 0.00101262 -1 3623.dat
1 0 19.6014 -104.452 169.956 1 0 0 0 1 0 0 0 1 3894.dat
1 0 19.5991 -80.4443 170.02 1 0 0 0 1 0 0 0 1 3710.dat
1 0 19.5927 -72.4443 170.044 1 0 0 0 1 0 0 0 1 3710.dat
1 0 19.5905 -64.4443 170.052 1 0 0 0 1 0 0 0 1 3701.dat
1 0 19.5798 -40.4524 170.03 1 0 0 0 1 0 0 0 1 3710.dat
1 0 49.5991 -112.444 170.012 -1 0 0 0 1 0.00101262 0 0.00101262 -1 3623.dat
1 15 19.5129 -248.505 229.853 1 0 0 0 1 0 0 0 1 3023.dat
1 15 19.5065 -240.513 229.827 1 0 0 0 1 0 0 0 1 3023.dat
1 0 29.5427 -288.492 219.855 0.00212023 0 1 0.00101319 1 0 -1 0.00101262 0.0021205 3794a.dat
1 0 9.5194 -288.505 219.834 0.00212023 0 1 0.00101319 1 0 -1 0.00101262 0.0021205 3794a.dat
1 7 60.0336 -54.2235 -39.8757 1 0 0 0 1 0 0 0 1 3749.dat
1 0 65.031 -14.2209 -39.8033 -0.00212035 -1 0 -0.00101321 0 -1 1 -0.00212061 -0.00101265 6632.dat
1 7 60.0228 -14.2236 -39.8354 1 0 0 0 1 0 0 0 1 3749.dat
1 7 -19.9663 -54.2395 -39.9817 -1 0 0 0 1 0.00101262 0 0.00101262 -1 3749.dat
1 0 -24.969 -14.2423 -39.9729 -0.00212035 -1 0 -0.00101321 0 -1 1 -0.00212061 -0.00101265 6632.dat
1 7 -19.977 -14.2396 -39.9415 -1 0 0 0 1 0.00101262 0 0.00101262 -1 3749.dat
1 15 60.049 -224.226 -29.9492 1 0 0 0 1 0 0 0 1 32000.dat
1 0 60.0555 -232.231 -30.0243 -1 0 0 0 1 0.00101262 0 0.00101262 -1 3710.dat
1 15 -19.9508 -224.247 -30.14 1 0 0 0 1 0 0 0 1 32000.dat
1 0 -19.9443 -232.253 -30.1939 -1 0 0 0 1 0.00101262 0 0.00101262 -1 3710.dat
1 15 20.0492 -224.247 -30.0976 1 0 0 0 1 0 0 0 1 3700.dat
1 0 69.7095 -144.393 119.98 -0.00212037 0 -1 -0.00101319 1 0 1 0.00101262 -0.00212064 3894.dat
1 0 -30.2905 -144.393 119.98 -0.00212037 0 -1 -0.00101319 1 0 1 0.00101262 -0.00212064 3894.dat
1 15 129.93 -152.263 20.2053 -0.00212037 0 -1 -0.00101319 1 0 1 0.00101262 -0.00212064 2431.dat
1 15 129.794 -144.337 80.1075 -0.00212037 0 -1 -0.00101319 1 0 1 0.00101262 -0.00212064 3895.dat
1 0 119.546 -120.446 200.216 0.00212035 0 1 0.00101319 1 0 -1 0.00101262 0.00212062 2430.dat
1 0 119.54 -120.448 200.216 0.16731 0 0.985904 0.0010434 1 0 -0.985904 0.00101262 0.167311 2429.dat
1 0 119.546 -152.446 200.184 0.00212035 0 1 0.00101319 1 0 -1 0.00101262 0.00212062 2430.dat
1 0 119.548 -152.448 200.183 0.16731 0 0.985904 0.0010434 1 0 -0.985904 0.00101262 0.167311 2429.dat
1 15 9.92162 -144.308 19.8527 -0.00212037 0 -1 -0.00101319 1 0 1 0.00101262 -0.00212064 3894.dat
1 15 -90.0696 -152.322 19.7387 -0.00212037 0 -1 -0.00101319 1 0 1 0.00101262 -0.00212064 2431.dat
1 15 -90.2056 -144.369 79.853 -0.00212037 0 -1 -0.00101319 1 0 1 0.00101262 -0.00212064 3895.dat
1 0 -80.4535 -120.504 199.792 -0.00212037 0 -1 -0.00101319 1 0 1 0.00101262 -0.00212064 2429.dat
1 0 -80.4599 -120.501 199.792 0.164677 0 -0.986347 -0.000954459 1 -0.000432332 0.986347 0.00101262 0.164677 2430.dat
1 0 -80.4535 -152.504 199.76 -0.00212037 0 -1 -0.00101319 1 0 1 0.00101262 -0.00212064 2429.dat
1 0 -80.4512 -152.501 199.759 0.164678 0 -0.986347 -0.000954459 1 -0.000432332 0.986347 0.00101262 0.164677 2430.dat
1 0 89.943 -224.292 19.8989 -0.00212037 0 -1 -0.00101319 1 0 1 0.00101262 -0.00212064 3894.dat
1 0 99.9706 -200.264 20.0719 1 0 0 0 1 0 0 0 1 3022.dat
1 0 99.9282 -232.284 20.0476 1 0 0 0 1 0 0 0 1 3022.dat
1 0 109.922 -224.281 20.0686 -0.00212037 0 -1 -0.00101319 1 0 1 0.00101262 -0.00212064 3700.dat
1 0 -50.057 -224.292 19.8989 -0.00212037 0 -1 -0.00101319 1 0 1 0.00101262 -0.00212064 3894.dat
1 0 -60.0715 -232.321 19.7507 1 0 0 0 1 0 0 0 1 3022.dat
1 0 -60.0291 -200.301 19.775 1 0 0 0 1 0 0 0 1 3022.dat
1 0 -70.0779 -224.324 19.7292 -0.00212037 0 -1 -0.00101319 1 0 1 0.00101262 -0.00212064 3700.dat
1 15 -49.8361 -240.201 -80.2444 0.00212023 0 1 0.00101319 1 0 -1 0.00101262 0.0021205 2419.dat
1 15 90.1638 -240.191 -80.0737 -0.00212013 0 -1 -0.00101319 1 0 1 0.00101262 -0.0021204 2419.dat
1 0 19.5427 -296.492 209.855 1 0 0 0 1 0 0 0 1 3068b.dat
1 15 20.6177 -239.987 -290.18 1 0 0 0 1 0 0 0 1 3710.dat
1 15 20.6112 -263.978 -290.117 1 0 0 0 1 0 0 0 1 3700.dat
1 15 20.6177 -271.987 -290.204 1 0 0 0 1 0 0 0 1 3710.dat
1 15 20.323 -280.128 -160.213 1 0 0 0 1 0 0 0 1 3709b.dat
1 15 29.9638 -144.256 0.107497 -0.00212037 0 -1 -0.00101319 1 0 1 0.00101262 -0.00212064 3701.dat
1 7 49.409 -263.309 284.764 0 0 1 -0.876104 -0.482122 0 0.482122 -0.876104 0 2853.dat
1 0 19.4087 -263.825 284.569 1 -0.000549117 -0.0012281 0.00107318 0.876104 0.482121 0.000811205 -0.482122 0.876104 3704.dat
1 7 -10.591 -263.411 284.312 0 0 -1 -0.876104 0.482122 0 0.482122 0.876104 0 2853.dat
1 15 19.3248 -254.088 384.391 -0.000924327 -0.00086103 -1 0.19122 0.981547 -0.00102191 0.981547 -0.191221 -0.000742622 3895.dat
1 0 19.2856 -226.653 399.579 -0.000924327 -0.00086106 -1 0.191221 0.981547 -0.00102194 0.981547 -0.191221 -0.000742616 3666.dat
1 0 19.1377 -196.058 556.626 -0.000924327 -0.00086106 -1 0.191221 0.981547 -0.00102194 0.981547 -0.191221 -0.000742616 4477.dat
1 15 19.0659 -200.493 659.37 -0.000924327 -0.00086106 -1 0.191221 0.981547 -0.00102194 0.981547 -0.191221 -0.000742616 3703.dat
1 15 19.3686 -269.536 346.805 0.000924327 -0.000861002 1 -0.19122 0.981547 0.00102186 -0.981547 -0.191221 0.000742629 3710.dat
1 15 19.2392 -242.765 484.221 -0.000924327 -0.00086106 -1 0.191221 0.981547 -0.00102194 0.981547 -0.191221 -0.000742616 4477.dat
1 15 19.1098 -215.994 621.638 0.000924327 -0.000861002 1 -0.19122 0.981547 0.00102186 -0.981547 -0.191221 0.000742629 3710.dat
1 15 18.9989 -193.048 739.424 -0.000924327 -0.00086106 -1 0.191221 0.981547 -0.00102194 0.981547 -0.191221 -0.000742616 3460.dat
1 15 18.9641 -205.132 802.906 -0.000924327 -0.00086106 -1 0.191221 0.981547 -0.00102194 0.981547 -0.191221 -0.000742616 32000.dat
1 15 18.9918 -210.869 773.46 1 -0.000861029 -0.000924341 0.00102189 0.981547 0.19122 0.000742637 -0.191221 0.981547 3040b.dat
1 15 18.9755 -226.777 817.311 1 -0.000861029 -0.000924341 0.00102189 0.981547 0.19122 0.000742637 -0.191221 0.981547 6541.dat
1 15 18.9916 -236.542 809.024 -0.000924325 -0.000861053 -1 0.191221 0.981547 -0.00102193 0.981547 -0.191221 -0.000742616 3069b.dat
1 15 18.994 -230.601 797.68 1 -0.000861029 -0.000924341 0.00102189 0.981547 0.19122 0.000742637 -0.191221 0.981547 3040b.dat
1 15 3.78582 -135.522 736.549 0 1 0.00127401 1 0 0.00127423 0.00127388 0.00127435 -1 2905.dat
1 0 18.7858 -95.522 736.6 1 0 0 0 1 0 0 0 1 3704.dat
1 15 33.7749 -135.018 736.556 0 1 0.0014225 1 0 0.00142275 0.00142237 0.00142288 -1 2905.dat
1 0 18.7858 -175.522 736.498 1 0 0 0 1 0 0 0 1 3704.dat
1 8 -1.16354 -135.471 696.549 1 0 0 0 1 0 0 0 1 32002.dat
1 0 -21.133 -152.968 676.5 0.00127373 0 1 0.00101297 1 0 -1 0.00101262 0.001274 2429.dat
1 0 -21.133 -152.968 676.5 -0.164678 0 0.986347 0.000954459 1 0.000432332 -0.986347 0.00101262 -0.164677 2430.dat
1 15 -11.2349 -145.049 756.521 -0.00127374 0 -1 -0.00101297 1 0 1 0.00101262 -0.00127401 3702.dat
1 0 -21.1353 -120.966 676.532 0.00127373 0 1 0.00101297 1 0 -1 0.00101262 0.001274 2429.dat
1 0 -21.1416 -120.968 676.532 -0.164678 0 0.986347 0.000954459 1 0.000432332 -0.986347 0.00101262 -0.164677 2430.dat
1 15 -31.2372 -135.047 756.524 1 0 0 0 1 0 0 0 1 3705.dat
1 15 3.8007 -135.093 796.505 0 -1 -0.00101261 -1 0 0.00101247 -0.00101274 0.00101234 -1 6632.dat
1 15 -31.2882 -135.088 796.524 1 0 0 0 1 0 0 0 1 3705.dat
1 15 -26.1993 -135.093 796.505 0 -1 -0.00101261 -1 0 0.00101247 -0.00101274 0.00101234 -1 6632.dat
1 15 -66.1993 -135.093 796.505 0 -1 -0.00101261 -1 0 0.00101247 -0.00101274 0.00101234 -1 6632.dat
1 0 -21.1685 -152.846 555.962 0.164832 0 -0.986322 -0.000954392 1 -0.000432481 0.986321 0.00101262 0.164831 2430.dat
1 0 -21.1683 -152.846 555.962 -1 0 0 0 1 0.00101262 0 0.00101262 -1 2429.dat
1 15 -37.6266 -144.811 517.045 0.164678 0 -0.986347 -0.000954459 1 -0.000432332 0.986347 0.00101262 0.164677 3703.dat
1 0 -21.1744 -120.845 554.876 0.164832 0 -0.986322 -0.000954392 1 -0.000432481 0.986321 0.00101262 0.164831 2430.dat
1 0 -21.177 -120.846 555.994 -1 0 0 0 1 0.00101262 0 0.00101262 -1 2429.dat
1 0 -40.9327 -152.73 436.481 0.164832 0 -0.986322 -0.000954392 1 -0.000432481 0.986321 0.00101262 0.164831 2430.dat
1 0 -40.1151 -152.731 436.857 -1 0 0 0 1 0.00101262 0 0.00101262 -1 2429.dat
1 0 -40.9357 -120.73 436.514 0.164832 0 -0.986322 -0.000954392 1 -0.000432481 0.986321 0.00101262 0.164831 2430.dat
1 0 -40.1237 -120.731 436.89 -1 0 0 0 1 0.00101262 0 0.00101262 -1 2429.dat
1 15 -70.5557 -120.62 319.8 0.164678 0 -0.986347 -0.000954459 1 -0.000432332 0.986347 0.00101262 0.164677 3460.dat
1 15 -77.1491 -144.582 280.322 0.164677 0 -0.986347 -0.000954459 1 -0.000432332 0.986347 0.00101262 0.164677 3702.dat
1 15 -70.5555 -152.62 319.768 0.164678 0 -0.986347 -0.000954459 1 -0.000432332 0.986347 0.00101262 0.164677 3460.dat
1 7 -83.7126 -134.605 301.706 -0.986347 0 -0.164677 -0.000432331 1 0.000954459 0.164677 0.00101262 -0.986347 4274.dat
1 7 -90.2997 -134.567 262.252 -0.986347 0 -0.164677 -0.000432331 1 0.000954459 0.164677 0.00101262 -0.986347 4274.dat
1 7 -96.8868 -134.529 222.798 -0.986347 0 -0.164677 -0.000432331 1 0.000954459 0.164677 0.00101262 -0.986347 4274.dat
1 0 18.823 -144.836 545.994 1 0 0 0 1 0 0 0 1 3701.dat
1 0 58.8317 -152.835 555.971 -1 0 0 0 1 0.00101262 0 0.00101262 -1 2430.dat
1 0 59.3165 -152.824 555.109 0.16731 0 0.985904 0.0010434 1 0 -0.985904 0.00101262 0.167311 2429.dat
1 0 58.8317 -120.835 555.979 -1 0 0 0 1 0.00101262 0 0.00101262 -1 2430.dat
1 0 59.3078 -120.824 555.141 0.16731 0 0.985904 0.0010434 1 0 -0.985904 0.00101262 0.167311 2429.dat
1 7 18.9499 -134.758 479.989 -1 0 0 0 1 0.00101262 0 0.00101262 -1 6538b.dat
1 0 18.8126 -134.834 559.979 0.00212071 0 1 0.00101319 1 0 -1 0.00101262 0.00212098 3707.dat
1 7 18.863 -134.805 525.989 -1 0 0 0 1 0.00101262 0 0.00101262 -1 3713.dat
1 7 18.6425 -134.92 639.989 -1 0 0 0 1 0.00101262 0 0.00101262 -1 6538b.dat
1 0 18.5001 -135.042 759.989 0.00105319 0 1 0.00101291 1 0 -1 0.00101262 0.00105346 3708.dat
1 0 18.375 -95.6473 864.028 0 0.00105298 -1 1 0.00101311 0 0.00101275 -1 -0.00105317 3623.dat
1 0 18.375 -175.647 863.948 0 0.00105298 -1 1 0.00101311 0 0.00101275 -1 -0.00105317 3623.dat
1 0 58.3834 -135.639 856.03 1 0.00105283 0 0 0.00101296 1 0.0010531 -1 0.00101267 3623.dat
1 0 -21.6166 -135.639 855.946 1 0.00105283 0 0 0.00101296 1 0.0010531 -1 0.00101267 3623.dat
1 0 19.1514 -134.656 379.739 0.00212071 0 1 0.00101319 1 0 -1 0.00101262 0.00212098 3737.dat
1 7 19.2786 -134.601 324.99 1 0 0 0 1 0 0 0 1 4185.dat
1 15 18.6736 -153.118 826.52 1 0 0 0 1 0 0 0 1 3710.dat
1 7 18.6758 -145.109 826.55 1 0 0 0 1 0 0 0 1 3700.dat
1 15 18.6736 -121.118 826.544 1 0 0 0 1 0 0 0 1 3710.dat
1 0 58.9573 -152.947 676.764 -0.00142204 0 -1 -0.00101301 1 0 1 0.00101262 -0.00142231 2430.dat
1 0 58.9573 -152.947 676.764 -0.16731 0 -0.985904 -0.0010434 1 0 0.985904 0.00101262 -0.167311 2429.dat
1 15 48.8349 -145.039 756.715 -0.00142204 0 -1 -0.00101301 1 0 1 0.00101262 -0.00142231 3702.dat
1 0 58.9551 -120.95 676.796 -0.00142204 0 -1 -0.00101301 1 0 1 0.00101262 -0.00142231 2430.dat
1 0 58.9486 -120.947 676.796 -0.16731 0 -0.985904 -0.0010434 1 0 0.985904 0.00101262 -0.167311 2429.dat
1 15 33.8388 -135.035 756.747 0 1 -0.00142225 -1 0 -0.00101295 -0.00101257 0.00142252 1 6632.dat
1 15 68.7844 -135.071 796.775 -1 0 0 0 1 0.00101262 0 0.00101262 -1 3705.dat
1 15 63.8388 -135.025 756.796 0 1 -0.00142225 -1 0 -0.00101295 -0.00101257 0.00142252 1 6632.dat
1 15 68.8387 -135.027 756.789 -1 0 0 0 1 0.00101262 0 0.00101262 -1 3705.dat
1 15 103.839 -135.025 756.796 0 1 -0.00142225 -1 0 -0.00101295 -0.00101257 0.00142252 1 6632.dat
1 8 38.867 -135.514 736.746 -1 0 0 0 1 0.00101262 0 0.00101262 -1 32002.dat
1 15 75.8592 -144.78 517.354 -0.16731 0 -0.985904 -0.0010434 1 0 0.985904 0.00101262 -0.167311 3703.dat
1 0 79.3916 -152.698 436.801 0.16731 0 0.985904 0.0010434 1 0 -0.985904 0.00101262 0.167311 2429.dat
1 0 79.3938 -152.698 436.801 -1 0 0 0 1 0.00101262 0 0.00101262 -1 2430.dat
1 0 79.3916 -120.698 436.833 0.16731 0 0.985904 0.0010434 1 0 -0.985904 0.00101262 0.167311 2429.dat
1 0 79.3851 -120.698 436.833 -1 0 0 0 1 0.00101263 0 0.00101263 -1 2430.dat
1 15 109.328 -152.572 320.165 -0.16731 0 -0.985904 -0.0010434 1 0 0.985904 0.00101262 -0.167311 3460.dat
1 15 116.014 -144.531 280.737 -0.16731 0 -0.985904 -0.0010434 1 0 0.985904 0.00101262 -0.167311 3702.dat
1 15 109.328 -120.573 320.197 -0.16731 0 -0.985904 -0.0010434 1 0 0.985904 0.00101262 -0.167311 3460.dat
1 7 129.225 -134.51 262.702 0.985904 0 -0.167311 0 1 -0.0010434 0.167311 0.00101262 0.985904 4274.dat
1 7 135.918 -134.468 223.266 0.985904 0 -0.167311 0 1 -0.0010434 0.167311 0.00101262 0.985904 4274.dat
1 7 122.533 -134.552 302.138 0.985904 0 -0.167311 0 1 -0.0010434 0.167311 0.00101262 0.985904 4274.dat
1 0 19.3851 -144.688 426.834 1 0 0 0 1 0 0 0 1 3894.dat
1 8 -0.114901 -134.689 406.878 0 0 -1 -0.00101268 1 0 1 0.00101262 0 6587.dat
1 0 69.2917 -144.583 320.085 -0.00212037 0 -1 -0.00101319 1 0 1 0.00101262 -0.00212064 3702.dat
1 0 19.1857 -120.634 380.109 1 0 0 0 1 0 0 0 1 32001.dat
1 0 19.1581 -144.657 390.003 1 0 0 0 1 0 0 0 1 3701.dat
1 0 -30.6935 -144.586 319.979 -0.00212037 0 -1 -0.00101319 1 0 1 0.00101262 -0.00212064 3702.dat
1 0 19.1436 -152.681 379.873 1 0 0 0 1 0 0 0 1 32001.dat
1 8 39.1433 -134.689 406.979 0 0 -1 -0.00101268 1 0 1 0.00101262 0 6587.dat
1 0 59.4189 -134.522 260.106 1 0 0 0 1 0 0 0 1 2780.dat
1 0 59.3341 -134.563 300.106 1 0 0 0 1 0 0 0 1 2780.dat
1 0 -20.6656 -134.584 299.937 1 0 0 0 1 0 0 0 1 2780.dat
1 0 -20.5808 -134.543 259.937 1 0 0 0 1 0 0 0 1 2780.dat
1 8 38.924 -135.457 696.746 -1 0 0 0 1 0.00101262 0 0.00101262 -1 32002.dat
1 8 -1.21447 -135.522 736.549 1 0 0 0 1 0 0 0 1 32002.dat
1 0 0.150207 -14.1735 -99.8988 1 0 0 0 1 0 0 0 1 2780.dat
1 0 0.531885 -13.9911 -279.898 1 0 0 0 1 0 0 0 1 2780.dat
1 0 0.0653924 -14.2141 -59.8988 1 0 0 0 1 0 0 0 1 2780.dat
1 0 0.659107 -13.9303 -339.898 1 0 0 0 1 0 0 0 1 2780.dat
1 0 20.6167 -13.9452 -319.855 1 0 0 0 1 0 0 0 1 2780.dat
1 0 40.0652 -14.2034 -59.8142 1 0 0 0 1 0 0 0 1 2780.dat
1 7 49.8537 -134.323 60.0224 0.00212072 -0.10412 0.994562 0.00101323 0.994564 0.104118 -1 0.00078691 0.00221469 3749.dat
1 7 49.8076 -134.319 51.0534 0.994563 -0.104117 -0.00212037 0.104115 0.994565 -0.00101319 0.00221433 0.000786914 1 4019.dat
1 7 20.7888 -253.956 -322.63 -0.977763 0.209713 0 0.209713 0.977762 0.00143527 0 0.00143529 -1 6589.dat
1 0 20.4798 -254.044 -220.141 0.00212037 0.20971 0.977761 0.00101315 0.977763 -0.209712 -1 0.00143528 0.00186076 3708.dat
1 7 20.7729 -253.971 -310.131 -0.977763 0.209713 0 0.209713 0.977762 0.00143527 0 0.00143529 -1 3713.dat
1 7 20.4104 -254.14 -142.131 -0.977763 0.209713 0 0.209713 0.977762 0.00143527 0 0.00143529 -1 6589.dat
1 7 60.8084 -253.879 -380.077 1 0 0 0 1 0 0 0 1 4274.dat
1 15 68.8058 -253.876 -380.029 0 -1 -0.00212014 1 0 -0.00101319 0.00101262 -0.00212041 1 30039.dat
1 7 139.971 -134.243 0.212723 1 0 0 0 1 0 0 0 1 3749.dat
1 7 149.967 -134.24 0.255142 -0.00212001 0 -1 -0.00101319 1 0 1 0.00101262 -0.00212028 3713.dat
1 0 19.3452 -214.586 309.909 0.00212069 -0.000309624 1 0.00101321 1 0.000307476 -1 0.00101256 0.00212101 4519.dat
1 7 19.3636 -214.571 279.908 1 0 0 0 1 0 0 0 1 6538b.dat
1 0 19.5149 -214.495 219.908 -0.0021207 -0.000309668 -1 -0.00101321 1 -0.000307519 1 0.00101256 -0.00212101 3706.dat
1 7 19.4485 -214.53 249.908 1 0 0 0 1 0 0 0 1 3713.dat
1 7 19.5333 -214.49 214.908 -1 -0.000307498 0 -0.000307498 1 0.00101258 0 0.00101258 -1 4185.dat
1 7 19.5969 -214.465 189.908 -1 -0.000307498 0 -0.000307498 1 0.00101258 0 0.00101258 -1 3647.dat
1 0 19.461 -5.86572 222.738 -1 0 -0.00212045 0 -0.960982 -0.27661 -0.00212042 -0.27661 0.96098 3704.dat
1 7 -10.5394 -5.86572 222.674 -0.000843284 0.00196451 -1 0.960982 0.276611 0 0.27661 -0.96098 -0.00212106 2853.dat
1 7 49.4631 -4.87723 222.941 -0.000843282 -0.00196449 1 0.960982 -0.276611 0 0.27661 0.96098 0.00212111 2853.dat
1 15 18.3106 -58.6613 771.86 -1 0 -0.00212073 0 -0.985235 -0.171205 -0.00212072 -0.171205 0.985233 3040b.dat
1 15 18.7686 -85.1659 738.336 -0.00204402 0.000625987 1 -0.171206 -0.985235 0 0.985233 -0.171205 0.00212112 3702.dat
1 0 18.5705 -95.0018 653.897 -0.00204419 0.000625978 1 -0.171207 -0.985235 0 0.985233 -0.171206 0.00212129 3666.dat
1 15 18.719 -57.6597 579.187 -0.00204419 0.000625978 1 -0.171207 -0.985235 0 0.985233 -0.171206 0.00212129 3702.dat
1 0 18.8975 -67.6089 496.26 -0.00204419 0.000625978 1 -0.171207 -0.985235 0 0.985233 -0.171206 0.00212129 4477.dat
1 15 19.046 -30.2668 421.55 -0.00204419 0.000625978 1 -0.171207 -0.985235 0 0.985233 -0.171206 0.00212129 3702.dat
1 0 19.2245 -40.2159 338.623 -0.00204419 0.000625978 1 -0.171207 -0.985235 0 0.985233 -0.171206 0.00212129 3666.dat
1 15 19.2045 -8.68844 344.102 -0.00204419 0.000625978 1 -0.171207 -0.985235 0 0.985233 -0.171206 0.00212129 4477.dat
1 15 18.8775 -36.0813 501.739 -0.00204419 0.000625978 1 -0.171207 -0.985235 0 0.985233 -0.171206 0.00212129 3666.dat
1 15 18.5505 -63.4743 659.376 -0.00204419 0.000625978 1 -0.171207 -0.985235 0 0.985233 -0.171206 0.00212129 4477.dat
1 15 18.2848 -85.731 787.456 -0.00204419 0.00062597 1 -0.171207 -0.985235 0 0.985233 -0.171206 0.00212112 3623.dat
1 15 18.2493 -63.7974 801.417 -0.00204352 0.00062562 1 -0.171206 -0.985235 0 0.985233 -0.171205 0.00212079 32000.dat
1 15 18.2289 -41.8638 815.378 -1 0 -0.00212073 0 -0.985235 -0.171205 -0.00212072 -0.171205 0.985233 6541.dat
1 15 18.2292 -32.2699 806.896 -0.00204352 0.00062562 1 -0.171206 -0.985235 0 0.985233 -0.171205 0.00212079 3069b.dat
1 15 19.373 -2.87374 263.913 -0.00204369 0.000625637 1 -0.171206 -0.985235 0 0.985233 -0.171205 0.00212079 3702.dat
1 15 18.2697 -38.4398 795.674 -1 0 -0.00212073 0 -0.985235 -0.171205 -0.00212072 -0.171205 0.985233 3040b.dat
1 0 50.0025 -214.256 -10.0159 -0.00212072 0 -1 -0.00101319 1 0 1 0.00101262 -0.00212099 4519.dat
1 7 49.9786 -214.284 19.9727 -1 0 0 0 1 0.00101262 0 0.00101262 -1 6538b.dat
1 0 49.854 -214.315 59.9838 0.000704896 0 1 0.00110527 1 0 -1 0.00110508 0.000705194 3705.dat
1 8 50.021 -214.254 -10.0272 -0.975263 0.221048 0 -0.221048 -0.975262 -0.00101262 0 -0.000990864 1 6542a.dat
1 8 49.922 -214.316 49.9728 -0.975381 0.220525 0 0.220525 0.97538 0.00145588 0 0.0014559 -1 6542a.dat
1 7 19.4899 -174.472 189.449 0.984778 -0.173803 -0.00212014 0.173801 0.98478 -0.00101313 0.00226396 0.000629225 1 3650c.dat
1 0 19.5535 -174.442 159.449 0.00212067 -0.173804 0.984778 0.00101325 0.98478 0.173802 -1 0.000629243 0.0022645 3705.dat
1 7 19.5737 -174.432 149.949 0.984778 -0.173806 -0.00212039 0.173805 0.98478 -0.00101319 0.00226421 0.000629229 1 4019.dat
1 7 19.6267 -174.403 119.949 -0.984781 -0.173802 0 -0.173802 0.984781 0.000629236 0 0.000629221 -1 6538b.dat
1 0 19.7797 -174.368 89.9394 -0.00212072 -0.173804 -0.984778 -0.00101324 0.98478 -0.173802 1 0.000629231 -0.00226455 4519.dat
1 7 19.7009 -174.371 89.9491 0.984778 -0.173802 -0.00212042 0.173801 0.98478 -0.00101319 0.00226425 0.000629239 1 3647.dat
1 0 20.1077 -14.1884 -79.8562 1 0 0 0 1 0 0 0 1 2780.dat
1 0 19.9148 -95.2924 20.0295 -1 0 -0.00212065 0 -1 -0.00101262 -0.00212065 -0.00101262 1 4716.dat
1 0 19.8724 -95.3127 40.0295 -0.00212047 1 0 -0.0010128 0 1 1 0.00212083 0.00101231 3707.dat
1 7 20.4677 -94.7669 -9.9689 1 0 0 0 1 0 0 0 1 3713.dat
1 7 20.2769 -94.8581 85.0311 1 0 0 0 1 0 0 0 1 4185.dat
1 4 64.2074 -88.0626 85 1.57433 1.61169 0 1.94203 -1.30653 0 0 0 -2.5 4-4cyli.dat
1 4 65.4684 -89.0221 85 1.92508 1.3237 0 1.59501 -1.59763 0 0 0 -2.5 4-4cyli.dat
1 4 66.5163 -90.2106 85 2.20085 0.98414 0 1.18585 -1.82649 0 0 0 -2.5 4-4cyli.dat
1 4 67.3104 -91.5817 85 2.39089 0.606248 0 0.730508 -1.9842 0 0 0 -2.5 4-4cyli.dat
1 4 67.8197 -93.0821 85 2.4878 0.204741 0 0.246706 -2.06462 0 0 0 -2.5 4-4cyli.dat
1 4 68.0245 -94.6533 85 2.4878 -0.204741 0 -0.246706 -2.06462 0 0 0 -2.5 4-4cyli.dat
1 4 67.9166 -96.2341 85 2.39089 -0.606248 0 -0.730508 -1.9842 0 0 0 -2.5 4-4cyli.dat
1 4 67.5004 -97.763 85 2.20085 -0.98414 0 -1.18585 -1.82649 0 0 0 -2.5 4-4cyli.dat
1 4 66.7921 -99.1803 85 1.92508 -1.3237 0 -1.59501 -1.59763 0 0 0 -2.5 4-4cyli.dat
1 4 65.8191 -100.431 85 1.57433 -1.61169 0 -1.94203 -1.30653 0 0 0 -2.5 4-4cyli.dat
1 4 64.4 -101.581 85 1.375 -27.9 0 -2.08791 -18.3736 0 0 0 -2.5 4-4cyli.dat
1 4 36.7172 -119.841 85 1.1644 -5.62256 0 -2.21228 -2.95935 0 0 0 -2.5 4-4cyli.dat
1 4 31.5472 -122.616 85 0.711889 -6.09076 0 -2.3965 -1.80928 0 0 0 -2.5 4-4cyli.dat
1 4 25.9361 -124.332 85 0.232189 -6.32635 0 -2.48919 -0.590113 0 0 0 -2.5 4-4cyli.dat
1 4 20.0983 -124.925 85 -0.256379 -6.32031 0 -2.48682 0.651594 0 0 0 -2.5 4-4cyli.dat
1 4 14.2568 -124.371 85 -0.735155 -6.07288 0 -2.38947 1.86841 0 0 0 -2.5 4-4cyli.dat
1 4 8.6346 -122.691 85 -1.18585 -5.59352 0 -2.20085 3.01388 0 0 0 -2.5 4-4cyli.dat
1 4 3.4465 -119.95 85 -1.59126 -4.90052 0 -1.92818 4.04423 0 0 0 -2.5 4-4cyli.dat
1 4 -1.1094 -116.252 85 -1.93589 -4.02036 0 -1.58187 4.92012 0 0 0 -2.5 4-4cyli.dat
1 4 -4.8591 -111.738 85 -2.20659 -2.98665 0 -1.17514 5.6081 0 0 0 -2.5 4-4cyli.dat
1 4 -7.6593 -106.582 85 -2.39301 -1.83887 0 -0.723531 6.08189 0 0 0 -2.5 4-4cyli.dat
1 4 -9.4031 -100.979 85 -2.48804 -0.620861 0 -0.244287 6.3234 0 0 0 -2.5 4-4cyli.dat
1 4 -10.024 -95.1443 85 -2.48804 0.620861 0 0.244287 6.3234 0 0 0 -2.5 4-4cyli.dat
1 4 -9.4981 -89.3001 85 -2.39301 1.83887 0 0.723531 6.08189 0 0 0 -2.5 4-4cyli.dat
1 4 -7.8457 -83.6698 85 -2.20659 2.98665 0 1.17514 5.6081 0 0 0 -2.5 4-4cyli.dat
1 4 -5.1297 -78.4685 85 -1.93589 4.02036 0 1.58187 4.92012 0 0 0 -2.5 4-4cyli.dat
1 4 -1.454 -73.8947 85 -1.59126 4.90052 0 1.92818 4.04423 0 0 0 -2.5 4-4cyli.dat
1 4 3.0411 -70.1231 85 -1.18585 5.59352 0 2.20085 3.01388 0 0 0 -2.5 4-4cyli.dat
1 4 8.1839 -67.2978 85 -0.735155 6.07288 0 2.38947 1.86841 0 0 0 -2.5 4-4cyli.dat
1 4 13.778 -65.5268 85 -0.256379 6.32031 0 2.48682 0.651594 0 0 0 -2.5 4-4cyli.dat
1 4 19.6098 -64.8776 85 0.232189 6.32635 0 2.48919 -0.590113 0 0 0 -2.5 4-4cyli.dat
1 4 25.4564 -65.375 85 0.711889 6.09076 0 2.3965 -1.80928 0 0 0 -2.5 4-4cyli.dat
1 4 31.0947 -67 85 1.1644 5.62256 0 2.21228 -2.95935 0 0 0 -2.5 4-4cyli.dat
1 4 36.5 -69.8451 85 1.375 27.9 0 2.08791 -18.3736 0 0 0 -2.5 4-4cyli.dat
1 4 13.1626 -169.893 215 -1.94203 1.30653 0 1.57433 1.61169 0 0 0 -2.5 4-4cyli.dat
1 4 14.1221 -168.632 215 -1.59501 1.59763 0 1.92508 1.3237 0 0 0 -2.5 4-4cyli.dat
1 4 15.3105 -167.584 215 -1.18585 1.82649 0 2.20085 0.98414 0 0 0 -2.5 4-4cyli.dat
1 4 16.6817 -166.79 215 -0.730508 1.9842 0 2.39089 0.606248 0 0 0 -2.5 4-4cyli.dat
