0 852751 Pirates Chess Set
0 Author: marco
0 ROTATION CENTER 0 0 0 1 "Custom" 
0 ROTATION CONFIG 0 0
1 4 80 -124 -286.5 -1 0 0 0 1 0 0 0 -1 64647.dat
1 0 80 -111.5 -271.25 0 0 1 0 1 0 -1 0 0 2528.dat
1 14 80 -111.5 -271.25 -1 0 0 0 1 0 0 0 -1 3626bp39.dat
1 297 80 -87.7501 -271.25 1 0 0 0 1 0 0 0 1 2526.dat
1 272 80 -83.7501 -271.25 -1 0 0 0 1 0 0 0 -1 973p3r.dat
1 272 95.5 -74.5001 -271.25 -0.983255 0.137365 0.119752 0.182235 0.741158 0.646123 0 0.657126 -0.75378 3818.dat
1 272 64.5 -74.5001 -271.25 -0.983255 -0.137365 -0.119752 -0.182235 0.741158 0.646123 0 0.657126 -0.75378 3819.dat
1 14 101.95 -68.5066 -254.178 -0.984808 0.173648 0 0.173648 0.984808 0 0 0 -1 3820.dat
1 14 58.0505 -68.5101 -254.178 -0.984808 -0.173648 0 -0.173648 0.984808 0 0 0 -1 3820.dat
1 15 80 -51.7501 -271.25 -1 0 0 0 1 0 0 0 -1 3815.dat
1 15 80 -39.7501 -271.25 -1 0 0 0 1 0 0 0 -1 3816.dat
1 15 80 -39.7501 -271.25 -1 0 0 0 1 0 0 0 -1 3817.dat
1 72 101.721 -69.8094 -243.734 -0.985582 0.167732 -0.0222482 0.167732 0.951251 -0.258819 -0.0222484 -0.258819 -0.96567 2530.dat
1 297 60.0337 -79.7573 -241.028 -0.985582 -0.167731 0.0222483 -0.167731 0.951252 -0.258818 0.0222482 -0.258818 -0.96567 64644.dat
1 15 320 -228.25 -270 0 0 -1 0 1 0 1 0 0 2335.dat
1 71 319.75 -147.75 -270.25 -1 0 0 0 1 0 0 0 -1 3957a.dat
1 15 320 -139.75 -270 -1 0 0 0 1 0 0 0 -1 3794a.dat
1 15 320 -131.75 -270 -1 0 0 0 1 0 0 0 -1 3659.dat
1 15 290 -155.75 -270 1 0 0 0 1 0 0 0 1 6231.dat
1 15 350 -155.75 -270 0 0 1 0 1 0 -1 0 0 6231.dat
1 71 320 -123.75 -290 -1 0 0 0 1 0 0 0 -1 30044.dat
1 15 320 -75.7501 -280 0 0 1 0 1 0 -1 0 0 4871.dat
1 71 320 -123.75 -270 -1 0 0 0 1 0 0 0 -1 30044.dat
1 15 290 -107.75 -280 0 0 1 0 1 0 -1 0 0 3023.dat
1 15 290 -99.7501 -280 0 0 1 0 1 0 -1 0 0 3004.dat
1 15 350 -107.75 -280 0 0 1 0 1 0 -1 0 0 3023.dat
1 15 350 -99.7501 -280 0 0 1 0 1 0 -1 0 0 3004.dat
1 71 320 -51.7501 -280 -1 0 0 0 1 0 0 0 -1 3022.dat
1 71 320 -43.7501 -280 -1 0 0 0 1 0 0 0 -1 3022.dat
1 15 320 -35.7501 -280 -1 0 0 0 1 0 0 0 -1 3003.dat
1 15 320 -11.7501 -280 1 0 0 0 1 0 0 0 1 3031.dat
1 15 40 -3.75012 -4.76837e-005 1 0 0 0 1 0 0 0 1 3811.dat
1 71 -240 -123.75 -270 -1 0 0 0 1 0 0 0 -1 30044.dat
1 15 -240 -75.7501 -280 0 0 1 0 1 0 -1 0 0 4871.dat
1 71 -240 -123.75 -290 -1 0 0 0 1 0 0 0 -1 30044.dat
1 15 -210 -107.75 -280 0 0 1 0 1 0 -1 0 0 3023.dat
1 15 -210 -99.7501 -280 0 0 1 0 1 0 -1 0 0 3004.dat
1 15 -270 -107.75 -280 0 0 1 0 1 0 -1 0 0 3023.dat
1 15 -270 -99.7501 -280 0 0 1 0 1 0 -1 0 0 3004.dat
1 71 -240 -51.7501 -280 -1 0 0 0 1 0 0 0 -1 3022.dat
1 71 -240 -43.7501 -280 -1 0 0 0 1 0 0 0 -1 3022.dat
1 15 -240 -35.7501 -280 -1 0 0 0 1 0 0 0 -1 3003.dat
1 0 -240 -11.7501 -280 1 0 0 0 1 0 0 0 1 3031.dat
1 0 80 -11.7501 -280 1 0 0 0 1 0 0 0 1 3031.dat
1 0 -80 -11.7501 -280 1 0 0 0 1 0 0 0 1 3031.dat
1 14 0 -115.75 -270 -1 0 0 0 1 0 0 0 -1 3626bps0.dat
1 0 0 -115.75 -270 -1 0 0 0 1 0 0 0 -1 59363.dat
1 15 -5.73695e-005 -91.7501 -270 -1 0 0 0 1 0 0 0 -1 973p4n.dat
1 14 -21.9495 -76.5101 -252.928 -0.984808 -0.173648 0 -0.173648 0.984808 0 0 0 -1 3820.dat
1 15 15.5 -82.5001 -270 -0.983255 0.137365 0.119752 0.182235 0.741158 0.646123 0 0.657126 -0.75378 3818.dat
1 15 -15.5001 -82.5001 -270 -0.983255 -0.137365 -0.119752 -0.182235 0.741158 0.646123 0 0.657126 -0.75378 3819.dat
1 14 21.9502 -76.5066 -252.928 -0.984808 0.173648 0 0.173648 0.984808 0 0 0 -1 3820.dat
1 15 -3.7998e-005 -59.7501 -270 1 0 0 0 1 0 0 0 1 3678ap4h.dat
1 15 -1.78814e-005 -11.7501 -280 1 0 0 0 1 0 0 0 1 3031.dat
1 71 240 -67.7501 -290 -1 0 0 0 1 0 0 0 -1 3023.dat
1 15 240 -75.7501 -290 -1 0 0 0 1 0 0 0 -1 2540.dat
1 15 240 -59.7501 -290 -1 0 0 0 1 0 0 0 -1 3678a.dat
1 0 240 -11.7501 -280 1 0 0 0 1 0 0 0 1 3031.dat
1 71 -160 -67.7501 -290 -1 0 0 0 1 0 0 0 -1 3023.dat
1 15 -160 -75.7501 -290 -1 0 0 0 1 0 0 0 -1 2540.dat
1 15 -160 -59.7501 -290 -1 0 0 0 1 0 0 0 -1 3678a.dat
1 15 -160 -11.7501 -280 1 0 0 0 1 0 0 0 1 3031.dat
1 15 160 -11.7501 -280 1 0 0 0 1 0 0 0 1 3031.dat
1 15 80 -11.7501 -200 1 0 0 0 1 0 0 0 1 3031.dat
1 0 160 -11.7501 -200 1 0 0 0 1 0 0 0 1 3031.dat
1 0 -1.78814e-005 -11.7501 -200 1 0 0 0 1 0 0 0 1 3031.dat
1 15 240 -11.7501 -200 1 0 0 0 1 0 0 0 1 3031.dat
1 15 -80 -11.7501 -200 1 0 0 0 1 0 0 0 1 3031.dat
1 0 320 -11.7501 -200 1 0 0 0 1 0 0 0 1 3031.dat
1 0 -160 -11.7501 -200 1 0 0 0 1 0 0 0 1 3031.dat
1 15 -240 -11.7501 -200 1 0 0 0 1 0 0 0 1 3031.dat
1 0 80 -11.7501 -120 1 0 0 0 1 0 0 0 1 3031.dat
1 15 160 -11.7501 -120 1 0 0 0 1 0 0 0 1 3031.dat
1 15 -1.78814e-005 -11.7501 -120 1 0 0 0 1 0 0 0 1 3031.dat
1 0 240 -11.7501 -120 1 0 0 0 1 0 0 0 1 3031.dat
1 0 -80 -11.7501 -120 1 0 0 0 1 0 0 0 1 3031.dat
1 15 320 -11.7501 -120 1 0 0 0 1 0 0 0 1 3031.dat
1 15 -160 -11.7501 -120 1 0 0 0 1 0 0 0 1 3031.dat
1 0 -240 -11.7501 -120 1 0 0 0 1 0 0 0 1 3031.dat
1 15 80 -11.7501 -40 1 0 0 0 1 0 0 0 1 3031.dat
1 0 160 -11.7501 -40 1 0 0 0 1 0 0 0 1 3031.dat
1 0 -1.78814e-005 -11.7501 -40 1 0 0 0 1 0 0 0 1 3031.dat
1 15 240 -11.7501 -40 1 0 0 0 1 0 0 0 1 3031.dat
1 15 -80 -11.7501 -40 1 0 0 0 1 0 0 0 1 3031.dat
1 0 320 -11.7501 -40 1 0 0 0 1 0 0 0 1 3031.dat
1 0 -160 -11.7501 -40 1 0 0 0 1 0 0 0 1 3031.dat
1 15 -240 -11.7501 -40 1 0 0 0 1 0 0 0 1 3031.dat
1 0 80 -11.7501 40 1 0 0 0 1 0 0 0 1 3031.dat
1 15 160 -11.7501 40 1 0 0 0 1 0 0 0 1 3031.dat
1 15 -1.78814e-005 -11.7501 40 1 0 0 0 1 0 0 0 1 3031.dat
1 0 240 -11.7501 40 1 0 0 0 1 0 0 0 1 3031.dat
1 0 -80 -11.7501 40 1 0 0 0 1 0 0 0 1 3031.dat
1 15 320 -11.7501 40 1 0 0 0 1 0 0 0 1 3031.dat
1 15 -160 -11.7501 40 1 0 0 0 1 0 0 0 1 3031.dat
1 0 -240 -11.7501 40 1 0 0 0 1 0 0 0 1 3031.dat
1 15 80 -11.7501 120 1 0 0 0 1 0 0 0 1 3031.dat
1 0 160 -11.7501 120 1 0 0 0 1 0 0 0 1 3031.dat
1 0 -1.78814e-005 -11.7501 120 1 0 0 0 1 0 0 0 1 3031.dat
1 15 240 -11.7501 120 1 0 0 0 1 0 0 0 1 3031.dat
1 15 -80 -11.7501 120 1 0 0 0 1 0 0 0 1 3031.dat
1 0 320 -11.7501 120 1 0 0 0 1 0 0 0 1 3031.dat
1 0 -160 -11.7501 120 1 0 0 0 1 0 0 0 1 3031.dat
1 15 -240 -11.7501 120 1 0 0 0 1 0 0 0 1 3031.dat
1 0 80 -11.7501 200 1 0 0 0 1 0 0 0 1 3031.dat
1 15 160 -11.7501 200 1 0 0 0 1 0 0 0 1 3031.dat
1 15 -1.78814e-005 -11.7501 200 1 0 0 0 1 0 0 0 1 3031.dat
1 0 240 -11.7501 200 1 0 0 0 1 0 0 0 1 3031.dat
1 0 -80 -11.7501 200 1 0 0 0 1 0 0 0 1 3031.dat
1 15 320 -11.7501 200 1 0 0 0 1 0 0 0 1 3031.dat
1 15 -160 -11.7501 200 1 0 0 0 1 0 0 0 1 3031.dat
1 0 -240 -11.7501 200 1 0 0 0 1 0 0 0 1 3031.dat
1 15 80 -11.7501 280 1 0 0 0 1 0 0 0 1 3031.dat
1 0 160 -11.7501 280 1 0 0 0 1 0 0 0 1 3031.dat
1 0 -3.7998e-005 -91.7501 270 1 0 0 0 1 0 0 0 1 973p4x.dat
1 14 21.9494 -76.5101 252.928 0.984808 0.173648 0 -0.173648 0.984808 0 0 0 1 3820.dat
1 14 -15.5 -82.5001 270 0.983255 -0.137366 -0.119752 0.182236 0.741158 0.646123 0 -0.657126 0.75378 3818.dat
1 14 15.5 -82.5001 270 0.983255 0.137366 0.119752 -0.182236 0.741158 0.646123 0 -0.657126 0.75378 3819.dat
1 14 -21.9502 -76.5066 252.928 0.984808 -0.173648 0 0.173648 0.984808 0 0 0 1 3820.dat
1 14 0 -115.75 270 1 0 0 0 1 0 0 0 1 3626bps0.dat
1 308 0 -115.75 270 1 0 0 0 1 0 0 0 1 62696.dat
1 0 0 -59.7501 270 -1 0 0 0 1 0 0 0 -1 3678ap01.dat
1 0 -1.78814e-005 -11.7501 280 1 0 0 0 1 0 0 0 1 3031.dat
1 0 240 -67.7501 290 1 0 0 0 1 0 0 0 1 2540.dat
1 0 240 -59.7501 290 1 0 0 0 1 0 0 0 1 3678a.dat
1 15 240 -11.7501 280 1 0 0 0 1 0 0 0 1 3031.dat
1 15 -80 -11.7501 280 1 0 0 0 1 0 0 0 1 3031.dat
1 70 320 -107.75 270 1 0 0 0 1 0 0 0 1 30044.dat
1 0 320 -59.7501 280 0 0 1 0 1 0 -1 0 0 4871.dat
1 70 320 -107.75 290 1 0 0 0 1 0 0 0 1 30044.dat
1 70 290 -91.7501 280 0 0 -1 0 1 0 1 0 0 30136.dat
1 0 290 -67.7501 280 0 0 -1 0 1 0 1 0 0 3023.dat
1 70 350 -91.7501 280 0 0 -1 0 1 0 1 0 0 30136.dat
1 0 350 -67.7501 280 0 0 -1 0 1 0 1 0 0 3023.dat
1 70 320 -35.7501 280 1 0 0 0 1 0 0 0 1 3003.dat
1 0 320 -11.7501 280 1 0 0 0 1 0 0 0 1 3031.dat
1 0 -160 -67.7501 290 1 0 0 0 1 0 0 0 1 2540.dat
1 0 -160 -59.7501 290 1 0 0 0 1 0 0 0 1 3678a.dat
1 0 -160 -11.7501 280 1 0 0 0 1 0 0 0 1 3031.dat
1 70 -240 -107.75 290 1 0 0 0 1 0 0 0 1 30044.dat
1 0 -240 -59.7501 280 0 0 1 0 1 0 -1 0 0 4871.dat
1 70 -240 -107.75 270 1 0 0 0 1 0 0 0 1 30044.dat
1 70 -210 -91.7501 280 0 0 -1 0 1 0 1 0 0 30136.dat
1 0 -210 -67.7501 280 0 0 -1 0 1 0 1 0 0 3023.dat
1 70 -270 -91.7501 280 0 0 -1 0 1 0 1 0 0 30136.dat
1 0 -270 -67.7501 280 0 0 -1 0 1 0 1 0 0 3023.dat
1 70 -240 -35.7501 280 1 0 0 0 1 0 0 0 1 3003.dat
1 15 -240 -11.7501 280 1 0 0 0 1 0 0 0 1 3031.dat
1 15 290 -155.75 -290 0 0 -1 0 1 0 1 0 0 6231.dat
1 15 320 -131.75 -290 -1 0 0 0 1 0 0 0 -1 3659.dat
1 15 320 -155.75 -290 -1 0 0 0 1 0 0 0 -1 4865a.dat
1 15 350 -155.75 -290 -1 0 0 0 1 0 0 0 -1 6231.dat
1 71 -240.25 -147.75 -270.25 -1 0 0 0 1 0 0 0 -1 3957a.dat
1 15 -240 -139.75 -270 -1 0 0 0 1 0 0 0 -1 3794a.dat
1 15 -240 -131.75 -270 -1 0 0 0 1 0 0 0 -1 3659.dat
1 15 -270 -155.75 -270 1 0 0 0 1 0 0 0 1 6231.dat
1 15 -210 -155.75 -270 0 0 1 0 1 0 -1 0 0 6231.dat
1 15 -270 -155.75 -290 0 0 -1 0 1 0 1 0 0 6231.dat
1 15 -240 -131.75 -290 -1 0 0 0 1 0 0 0 -1 3659.dat
1 15 -210 -155.75 -290 -1 0 0 0 1 0 0 0 -1 6231.dat
1 15 -240 -155.75 -290 -1 0 0 0 1 0 0 0 -1 4865a.dat
1 70 320 -139.75 280 1 0 0 0 1 0 0 0 1 6143.dat
1 0 320 -115.75 270 1 0 0 0 1 0 0 0 1 3659.dat
1 0 320 -115.75 290 1 0 0 0 1 0 0 0 1 3659.dat
1 70 -240 -139.75 280 1 0 0 0 1 0 0 0 1 6143.dat
1 0 -240 -115.75 270 1 0 0 0 1 0 0 0 1 3659.dat
1 0 -240 -115.75 290 1 0 0 0 1 0 0 0 1 3659.dat
1 0 320 -99.7501 -267.5 -1 0 0 0 1 0 0 0 -1 30045.dat
1 15 -240 -228.25 -270 0 0 -1 0 1 0 1 0 0 2335.dat
1 0 -240 -99.7501 -292 -1 0 0 0 1 0 0 0 -1 30045.dat
1 0 320 -99.7501 -292 -1 0 0 0 1 0 0 0 -1 30045.dat
1 0 -240 -99.7501 -267.5 -1 0 0 0 1 0 0 0 -1 30045.dat
1 0 -80 -111.5 -271.25 -1 0 0 0 1 0 0 0 -1 2545p01.dat
1 14 -80 -111.5 -271.25 -1 0 0 0 1 0 0 0 -1 3626bp82.dat
1 1 -80 -87.7501 -271.25 1 0 0 0 1 0 0 0 1 2526.dat
1 4 -80 -83.7501 -271.25 -1 0 0 0 1 0 0 0 -1 973p3w.dat
1 4 -64.5 -74.5001 -271.25 -0.983255 0.142523 0.113566 0.182236 0.76898 0.612748 0 0.623183 -0.782076 3818.dat
1 4 -95.5 -74.5001 -271.25 -0.983255 -0.110726 -0.144738 -0.182235 0.597431 0.78094 0 0.794239 -0.607605 3819.dat
1 14 -57.9136 -67.7718 -254.507 -0.726675 0.686934 -0.00804565 0.686562 0.725773 -0.0434262 -0.0239916 -0.0370806 -0.999024 3820.dat
1 14 -101.303 -71.9969 -253.112 -0.699573 -0.713637 -0.0363354 -0.70522 0.68134 0.196064 -0.115161 0.162785 -0.979918 3820.dat
1 15 -80 -51.7501 -271.25 -1 0 0 0 1 0 0 0 -1 3815.dat
1 15 -80 -39.7501 -271.25 -1 0 0 0 1 0 0 0 -1 3816.dat
1 15 -80 -39.7501 -271.25 -1 0 0 0 1 0 0 0 -1 3817.dat
1 72 -99.9797 -74.9459 -243.093 -0.149607 -0.698724 -0.699573 -0.0130505 0.70887 -0.705219 0.988659 -0.0963758 -0.11517 2530.dat
1 72 -58.7382 -68.2782 -244.024 -0.118398 0.66144 0.740594 -0.29157 0.689803 -0.66269 -0.949194 -0.294396 0.111185 2530.dat
1 72 -22.0629 -75.8667 -243.013 -0.985582 -0.167731 0.0222484 -0.167731 0.951251 -0.258819 0.0222482 -0.258819 -0.96567 37.dat
1 72 22.0636 -75.8632 -243.013 -0.985582 0.167732 -0.0222482 0.167732 0.951251 -0.258819 -0.0222484 -0.258819 -0.96567 37.dat
1 71 239.054 -74.0509 -270.145 -0.999769 0.0125194 -0.0174845 -0.00850654 -0.976984 -0.213141 -0.0197505 -0.212943 0.976865 30377.dat
1 297 243.279 -53.2146 -290.638 -1 0 0 0 1 0 0 0 -1 48492.dat
1 71 -160.946 -74.0509 -270.145 -0.999769 0.0125194 -0.0174845 -0.00850654 -0.976984 -0.213141 -0.0197505 -0.212943 0.976865 30377.dat
1 297 -156.721 -53.2146 -290.638 -1 0 0 0 1 0 0 0 -1 48492.dat
1 0 160 -111.5 -271.25 -1 0 0 0 1 0 0 0 -1 2545p01.dat
1 14 160 -111.5 -271.25 -1 0 0 0 1 0 0 0 -1 3626bp82.dat
1 1 160 -87.7501 -271.25 1 0 0 0 1 0 0 0 1 2526.dat
1 4 160 -83.7501 -271.25 -1 0 0 0 1 0 0 0 -1 973p3w.dat
1 4 175.5 -74.5001 -271.25 -0.983255 0.142523 0.113566 0.182236 0.76898 0.612748 0 0.623183 -0.782076 3818.dat
1 4 144.5 -74.5001 -271.25 -0.983255 -0.110726 -0.144738 -0.182235 0.597431 0.78094 0 0.794239 -0.607605 3819.dat
1 14 182.086 -67.7718 -254.507 -0.726675 0.686934 -0.00804565 0.686562 0.725773 -0.0434262 -0.0239916 -0.0370806 -0.999024 3820.dat
1 14 138.697 -71.9969 -253.112 -0.699573 -0.713637 -0.0363354 -0.70522 0.68134 0.196064 -0.115161 0.162785 -0.979918 3820.dat
1 15 160 -51.7501 -271.25 -1 0 0 0 1 0 0 0 -1 3815.dat
1 15 160 -39.7501 -271.25 -1 0 0 0 1 0 0 0 -1 3816.dat
1 15 160 -39.7501 -271.25 -1 0 0 0 1 0 0 0 -1 3817.dat
1 72 140.02 -74.9459 -243.093 -0.149607 -0.698724 -0.699573 -0.0130505 0.70887 -0.705219 0.988659 -0.0963758 -0.11517 2530.dat
1 72 181.262 -68.2782 -244.024 -0.118398 0.66144 0.740594 -0.29157 0.689803 -0.66269 -0.949194 -0.294396 0.111185 2530.dat
1 0 80 -107.75 -191.25 -1 0 0 0 1 0 0 0 -1 2544.dat
1 14 80 -107.75 -191.25 -1 0 0 0 1 0 0 0 -1 3626bp80.dat
1 4 95.5 -74.5001 -191.25 -0.983255 0.137365 0.119752 0.182235 0.741158 0.646123 0 0.657126 -0.75378 3818.dat
1 4 64.5 -74.5001 -191.25 -0.983255 -0.137365 -0.119752 -0.182235 0.741158 0.646123 0 0.657126 -0.75378 3819.dat
1 14 101.95 -68.5066 -174.178 -0.984808 0.173648 0 0.173648 0.984808 0 0 0 -1 3820.dat
1 14 58.0506 -68.5101 -174.178 -0.984808 -0.173648 0 -0.173648 0.984808 0 0 0 -1 3820.dat
1 15 80 -51.7501 -191.25 -1 0 0 0 1 0 0 0 -1 3815.dat
1 15 80 -39.7501 -191.25 -1 0 0 0 1 0 0 0 -1 3816.dat
1 15 80.0001 -39.7501 -191.25 -1 0 0 0 1 0 0 0 -1 3817.dat
1 70 90.1117 -93.2902 -132.549 -0.953626 0.29531 0.0582169 0.0900186 0.46438 -0.88105 -0.287218 -0.834951 -0.469428 2561.dat
1 0 160 -107.75 -191.25 -1 0 0 0 1 0 0 0 -1 2544.dat
1 14 160 -107.75 -191.25 -1 0 0 0 1 0 0 0 -1 3626bp82.dat
1 4 175.5 -74.5001 -191.25 -0.983255 0.137365 0.119752 0.182235 0.741158 0.646123 0 0.657126 -0.75378 3818.dat
1 4 144.5 -74.5001 -191.25 -0.983255 -0.137365 -0.119752 -0.182235 0.741158 0.646123 0 0.657126 -0.75378 3819.dat
1 14 181.95 -68.5066 -174.178 -0.984808 0.173648 0 0.173648 0.984808 0 0 0 -1 3820.dat
1 14 138.05 -68.5101 -174.178 -0.984808 -0.173648 0 -0.173648 0.984808 0 0 0 -1 3820.dat
1 15 160 -51.7501 -191.25 -1 0 0 0 1 0 0 0 -1 3815.dat
1 15 160 -39.7501 -191.25 -1 0 0 0 1 0 0 0 -1 3816.dat
1 15 160 -39.7501 -191.25 -1 0 0 0 1 0 0 0 -1 3817.dat
1 70 170.112 -93.2902 -132.549 -0.953626 0.29531 0.0582171 0.0900185 0.46438 -0.881049 -0.287217 -0.834951 -0.469428 2561.dat
1 0 0 -107.75 -191.25 -1 0 0 0 1 0 0 0 -1 2544.dat
1 14 0 -107.75 -191.25 -1 0 0 0 1 0 0 0 -1 3626bp85.dat
1 4 15.5 -74.5001 -191.25 -0.983255 0.137365 0.119752 0.182235 0.741158 0.646123 0 0.657126 -0.75378 3818.dat
1 4 -15.5 -74.5001 -191.25 -0.983255 -0.137365 -0.119752 -0.182235 0.741158 0.646123 0 0.657126 -0.75378 3819.dat
1 14 21.9502 -68.5066 -174.178 -0.984808 0.173648 0 0.173648 0.984808 0 0 0 -1 3820.dat
1 14 -21.9495 -68.5101 -174.178 -0.984808 -0.173648 0 -0.173648 0.984808 0 0 0 -1 3820.dat
1 15 -1.41561e-005 -51.7501 -191.25 -1 0 0 0 1 0 0 0 -1 3815.dat
1 15 0 -39.7501 -191.25 -1 0 0 0 1 0 0 0 -1 3816.dat
1 15 0 -39.7501 -191.25 -1 0 0 0 1 0 0 0 -1 3817.dat
1 70 10.1116 -93.2902 -132.549 -0.953626 0.29531 0.0582172 0.0900185 0.464381 -0.881049 -0.287217 -0.834951 -0.469429 2561.dat
1 0 240 -107.75 -191.25 -1 0 0 0 1 0 0 0 -1 2544.dat
1 14 240 -107.75 -191.25 -1 0 0 0 1 0 0 0 -1 3626bp83.dat
1 4 255.5 -74.5001 -191.25 -0.983255 0.137365 0.119752 0.182235 0.741158 0.646123 0 0.657126 -0.75378 3818.dat
1 4 224.5 -74.5001 -191.25 -0.983255 -0.137365 -0.119752 -0.182235 0.741158 0.646123 0 0.657126 -0.75378 3819.dat
1 14 261.95 -68.5066 -174.178 -0.984808 0.173648 0 0.173648 0.984808 0 0 0 -1 3820.dat
1 14 218.051 -68.5101 -174.178 -0.984808 -0.173648 0 -0.173648 0.984808 0 0 0 -1 3820.dat
1 15 240 -51.7501 -191.25 -1 0 0 0 1 0 0 0 -1 3815.dat
1 15 240 -39.7501 -191.25 -1 0 0 0 1 0 0 0 -1 3816.dat
1 15 240 -39.7501 -191.25 -1 0 0 0 1 0 0 0 -1 3817.dat
1 70 250.447 -91.3877 -133.067 -0.953626 0.29531 0.058217 0.0900187 0.464381 -0.881049 -0.287218 -0.834951 -0.469429 2561.dat
1 0 -80 -107.75 -191.25 -1 0 0 0 1 0 0 0 -1 2544.dat
1 14 -80 -107.75 -191.25 -1 0 0 0 1 0 0 0 -1 3626bp83.dat
1 4 -64.5 -74.5001 -191.25 -0.983255 0.137365 0.119752 0.182235 0.741158 0.646123 0 0.657126 -0.75378 3818.dat
1 4 -95.5 -74.5001 -191.25 -0.983255 -0.137365 -0.119752 -0.182235 0.741158 0.646123 0 0.657126 -0.75378 3819.dat
1 14 -58.0498 -68.5066 -174.178 -0.984808 0.173648 0 0.173648 0.984808 0 0 0 -1 3820.dat
1 14 -101.949 -68.5101 -174.178 -0.984808 -0.173648 0 -0.173648 0.984808 0 0 0 -1 3820.dat
1 15 -80 -51.7501 -191.25 -1 0 0 0 1 0 0 0 -1 3815.dat
1 15 -80 -39.7501 -191.25 -1 0 0 0 1 0 0 0 -1 3816.dat
1 15 -80 -39.7501 -191.25 -1 0 0 0 1 0 0 0 -1 3817.dat
1 70 -69.5529 -91.3877 -133.067 -0.953626 0.29531 0.058217 0.0900187 0.464381 -0.881049 -0.287218 -0.834951 -0.469429 2561.dat
1 0 320 -107.75 -191.25 -1 0 0 0 1 0 0 0 -1 2544.dat
1 14 320 -107.75 -191.25 -1 0 0 0 1 0 0 0 -1 3626bp85.dat
1 4 320 -83.7501 -191.25 -1 0 0 0 1 0 0 0 -1 973p3w.dat
1 4 240 -83.7501 -191.25 -1 0 0 0 1 0 0 0 -1 973p3w.dat
1 4 160 -83.7501 -191.25 -1 0 0 0 1 0 0 0 -1 973p3w.dat
1 4 80 -83.7501 -191.25 -1 0 0 0 1 0 0 0 -1 973p3w.dat
1 4 -3.1e-005 -83.7501 -191.25 -1 0 0 0 1 0 0 0 -1 973p3w.dat
1 4 -80 -83.7501 -191.25 -1 0 0 0 1 0 0 0 -1 973p3w.dat
1 4 -160 -83.7501 -191.25 -1 0 0 0 1 0 0 0 -1 973p3w.dat
1 4 -240 -83.7501 -191.25 -1 0 0 0 1 0 0 0 -1 973p3w.dat
1 4 335.5 -74.5001 -191.25 -0.983255 0.137365 0.119752 0.182235 0.741158 0.646123 0 0.657126 -0.75378 3818.dat
1 4 304.5 -74.5001 -191.25 -0.983255 -0.137365 -0.119752 -0.182235 0.741158 0.646123 0 0.657126 -0.75378 3819.dat
1 14 341.95 -68.5066 -174.178 -0.984808 0.173648 0 0.173648 0.984808 0 0 0 -1 3820.dat
1 14 298.051 -68.5101 -174.178 -0.984808 -0.173648 0 -0.173648 0.984808 0 0 0 -1 3820.dat
1 15 320 -51.7501 -191.25 -1 0 0 0 1 0 0 0 -1 3815.dat
1 15 320 -39.7501 -191.25 -1 0 0 0 1 0 0 0 -1 3816.dat
1 15 320 -39.7501 -191.25 -1 0 0 0 1 0 0 0 -1 3817.dat
1 70 330.112 -93.2902 -132.549 -0.953626 0.29531 0.0582172 0.0900185 0.464381 -0.881049 -0.287217 -0.834951 -0.469429 2561.dat
1 0 -160 -107.75 -191.25 -1 0 0 0 1 0 0 0 -1 2544.dat
1 14 -160 -107.75 -191.25 -1 0 0 0 1 0 0 0 -1 3626bp82.dat
1 4 -144.5 -74.5001 -191.25 -0.983255 0.137365 0.119752 0.182235 0.741158 0.646123 0 0.657126 -0.75378 3818.dat
1 4 -175.5 -74.5001 -191.25 -0.983255 -0.137365 -0.119752 -0.182235 0.741158 0.646123 0 0.657126 -0.75378 3819.dat
1 14 -138.05 -68.5066 -174.178 -0.984808 0.173648 0 0.173648 0.984808 0 0 0 -1 3820.dat
1 14 -181.949 -68.5101 -174.178 -0.984808 -0.173648 0 -0.173648 0.984808 0 0 0 -1 3820.dat
1 15 -160 -51.7501 -191.25 -1 0 0 0 1 0 0 0 -1 3815.dat
1 15 -160 -39.7501 -191.25 -1 0 0 0 1 0 0 0 -1 3816.dat
1 15 -160 -39.7501 -191.25 -1 0 0 0 1 0 0 0 -1 3817.dat
1 70 -149.888 -93.2902 -132.549 -0.953626 0.29531 0.0582171 0.0900185 0.46438 -0.881049 -0.287217 -0.834951 -0.469428 2561.dat
1 0 -240 -107.75 -191.25 -1 0 0 0 1 0 0 0 -1 2544.dat
1 14 -240 -107.75 -191.25 -1 0 0 0 1 0 0 0 -1 3626bp80.dat
1 4 -224.5 -74.5001 -191.25 -0.983255 0.137365 0.119752 0.182235 0.741158 0.646123 0 0.657126 -0.75378 3818.dat
1 4 -255.5 -74.5001 -191.25 -0.983255 -0.137365 -0.119752 -0.182235 0.741158 0.646123 0 0.657126 -0.75378 3819.dat
1 14 -218.05 -68.5066 -174.178 -0.984808 0.173648 0 0.173648 0.984808 0 0 0 -1 3820.dat
1 14 -261.949 -68.5101 -174.178 -0.984808 -0.173648 0 -0.173648 0.984808 0 0 0 -1 3820.dat
1 15 -240 -51.7501 -191.25 -1 0 0 0 1 0 0 0 -1 3815.dat
1 15 -240 -39.7501 -191.25 -1 0 0 0 1 0 0 0 -1 3816.dat
1 15 -240 -39.7501 -191.25 -1 0 0 0 1 0 0 0 -1 3817.dat
1 70 -229.888 -93.2902 -132.549 -0.953626 0.29531 0.0582169 0.0900186 0.46438 -0.88105 -0.287218 -0.834951 -0.469428 2561.dat
1 70 80 -83.7501 191.25 1 0 0 0 1 0 0 0 1 973p4a1.dat
1 14 64.5 -74.5001 191.25 0.983255 -0.137366 -0.119752 0.182236 0.741158 0.646123 0 -0.657126 0.75378 3818.dat
1 14 95.5 -74.5001 191.25 0.983255 0.137366 0.119752 -0.182236 0.741158 0.646123 0 -0.657126 0.75378 3819.dat
1 14 58.0498 -68.5066 174.178 0.984808 -0.173648 0 0.173648 0.984808 0 0 0 1 3820.dat
1 14 101.95 -68.5101 174.178 0.984808 0.173648 0 -0.173648 0.984808 0 0 0 1 3820.dat
1 14 80 -107.75 191.25 1 0 0 0 1 0 0 0 1 3626bp86.dat
1 288 80 -107.75 191.25 1 0 0 0 1 0 0 0 1 2543.dat
1 1 80 -51.7501 191.25 1 0 0 0 1 0 0 0 1 3815.dat
1 1 80 -39.7501 191.25 1 0 0 0 1 0 0 0 1 3816.dat
1 1 80 -39.7501 191.25 1 0 0 0 1 0 0 0 1 3817.dat
1 70 58.5234 -71.1926 163.357 0.985582 -0.167732 0.0222482 0.167732 0.951251 -0.258819 0.0222484 0.258819 0.96567 2562.dat
1 15 160 -83.7501 191.25 1 0 0 0 1 0 0 0 1 973p3t.dat
1 14 144.5 -74.5001 191.25 0.983255 -0.137366 -0.119752 0.182236 0.741158 0.646123 0 -0.657126 0.75378 3818.dat
1 14 175.5 -74.5001 191.25 0.983255 0.137366 0.119752 -0.182236 0.741158 0.646123 0 -0.657126 0.75378 3819.dat
1 14 138.05 -68.5066 174.178 0.984808 -0.173648 0 0.173648 0.984808 0 0 0 1 3820.dat
1 14 181.949 -68.5101 174.178 0.984808 0.173648 0 -0.173648 0.984808 0 0 0 1 3820.dat
1 14 160 -107.75 191.25 1 0 0 0 1 0 0 0 1 3626bp86.dat
1 1 160 -107.75 191.25 1 0 0 0 1 0 0 0 1 2543.dat
1 0 160 -51.7501 191.25 1 0 0 0 1 0 0 0 1 3815.dat
1 0 160 -39.7501 191.25 1 0 0 0 1 0 0 0 1 3816.dat
1 0 160 -39.7501 191.25 1 0 0 0 1 0 0 0 1 3817.dat
1 72 137.601 -65.9607 164.781 0.985582 -0.167731 0.0222485 0.167731 0.951251 -0.258818 0.0222481 0.258818 0.96567 37.dat
1 15 0 -83.7501 191.25 1 0 0 0 1 0 0 0 1 973p3t.dat
1 14 -15.5 -74.5001 191.25 0.983255 -0.137366 -0.119752 0.182236 0.741158 0.646123 0 -0.657126 0.75378 3818.dat
1 14 15.5 -74.5001 191.25 0.983255 0.137366 0.119752 -0.182236 0.741158 0.646123 0 -0.657126 0.75378 3819.dat
1 14 -21.9502 -68.5066 174.178 0.984808 -0.173648 0 0.173648 0.984808 0 0 0 1 3820.dat
1 14 21.9495 -68.5101 174.178 0.984808 0.173648 0 -0.173648 0.984808 0 0 0 1 3820.dat
1 14 0 -107.75 191.25 1 0 0 0 1 0 0 0 1 3626bp81.dat
1 1 0 -107.75 191.25 1 0 0 0 1 0 0 0 1 2543.dat
1 70 0 -51.7501 191.25 1 0 0 0 1 0 0 0 1 3815.dat
1 70 -3.7998e-005 -39.7501 191.25 1 0 0 0 1 0 0 0 1 3816.dat
1 70 -5.73695e-005 -39.7501 191.25 1 0 0 0 1 0 0 0 1 3817.dat
1 484 -22.8185 -63.5826 165.428 -0.0222486 -0.167731 0.985582 0.258818 0.951251 0.167731 -0.96567 0.258818 0.0222479 33057.dat
1 70 240 -83.7501 191.25 1 0 0 0 1 0 0 0 1 973p4a1.dat
1 14 224.5 -74.5001 191.25 0.983255 -0.137366 -0.119752 0.182236 0.741158 0.646123 0 -0.657126 0.75378 3818.dat
1 14 255.5 -74.5001 191.25 0.983255 0.137366 0.119752 -0.182236 0.741158 0.646123 0 -0.657126 0.75378 3819.dat
1 14 218.05 -68.5066 174.178 0.984808 -0.173648 0 0.173648 0.984808 0 0 0 1 3820.dat
1 14 261.949 -68.5101 174.178 0.984808 0.173648 0 -0.173648 0.984808 0 0 0 1 3820.dat
1 14 240 -107.75 191.25 1 0 0 0 1 0 0 0 1 3626bp3r.dat
1 288 240 -107.75 191.25 1 0 0 0 1 0 0 0 1 2543.dat
1 288 240 -51.7501 191.25 1 0 0 0 1 0 0 0 1 3815.dat
1 288 240 -39.7501 191.25 1 0 0 0 1 0 0 0 1 3816.dat
1 288 240 -39.7501 191.25 1 0 0 0 1 0 0 0 1 3817.dat
1 297 222.339 -92.8336 157.469 0.985582 -0.167731 0.0222482 0.167731 0.951252 -0.258818 0.0222482 0.258818 0.96567 6269.dat
1 70 -80 -83.7501 191.25 1 0 0 0 1 0 0 0 1 973p4a1.dat
1 14 -95.4999 -74.5001 191.25 0.983255 -0.137366 -0.119752 0.182236 0.741158 0.646123 0 -0.657126 0.75378 3818.dat
1 14 -64.5 -74.5001 191.25 0.983255 0.137366 0.119752 -0.182236 0.741158 0.646123 0 -0.657126 0.75378 3819.dat
1 14 -101.95 -68.5066 174.178 0.984808 -0.173648 0 0.173648 0.984808 0 0 0 1 3820.dat
1 14 -58.0505 -68.5101 174.178 0.984808 0.173648 0 -0.173648 0.984808 0 0 0 1 3820.dat
1 14 -80 -107.75 191.25 1 0 0 0 1 0 0 0 1 3626bp86.dat
1 4 -80 -107.75 191.25 1 0 0 0 1 0 0 0 1 2543.dat
1 288 -80 -51.7501 191.25 1 0 0 0 1 0 0 0 1 3815.dat
1 288 -80 -39.7501 191.25 1 0 0 0 1 0 0 0 1 3816.dat
1 288 -80 -39.7501 191.25 1 0 0 0 1 0 0 0 1 3817.dat
1 72 -101.728 -69.7657 163.746 0.985582 -0.167731 0.0222485 0.167731 0.951251 -0.258818 0.0222481 0.258818 0.96567 37.dat
1 15 320 -83.7501 191.25 1 0 0 0 1 0 0 0 1 973p3t.dat
1 14 304.5 -74.5001 191.25 0.983255 -0.137366 -0.119752 0.182236 0.741158 0.646123 0 -0.657126 0.75378 3818.dat
1 14 335.5 -74.5001 191.25 0.983255 0.137366 0.119752 -0.182236 0.741158 0.646123 0 -0.657126 0.75378 3819.dat
1 14 298.05 -68.5066 174.178 0.984808 -0.173648 0 0.173648 0.984808 0 0 0 1 3820.dat
1 14 341.949 -68.5101 174.178 0.984808 0.173648 0 -0.173648 0.984808 0 0 0 1 3820.dat
1 14 320 -107.75 191.25 1 0 0 0 1 0 0 0 1 3626bp81.dat
1 4 320 -107.75 191.25 1 0 0 0 1 0 0 0 1 2543.dat
1 70 320 -51.7501 191.25 1 0 0 0 1 0 0 0 1 3815.dat
1 70 320 -39.7501 191.25 1 0 0 0 1 0 0 0 1 3816.dat
1 70 320 -39.7501 191.25 1 0 0 0 1 0 0 0 1 3817.dat
1 70 298.523 -71.1926 163.357 0.985582 -0.167732 0.0222482 0.167732 0.951251 -0.258819 0.0222484 0.258819 0.96567 2562.dat
1 15 -160 -83.7501 191.25 1 0 0 0 1 0 0 0 1 973p3t.dat
1 14 -175.5 -74.5001 191.25 0.983255 -0.137366 -0.119752 0.182236 0.741158 0.646123 0 -0.657126 0.75378 3818.dat
1 14 -144.5 -74.5001 191.25 0.983255 0.137366 0.119752 -0.182236 0.741158 0.646123 0 -0.657126 0.75378 3819.dat
1 14 -181.95 -68.5066 174.178 0.984808 -0.173648 0 0.173648 0.984808 0 0 0 1 3820.dat
1 14 -138.051 -68.5101 174.178 0.984808 0.173648 0 -0.173648 0.984808 0 0 0 1 3820.dat
1 14 -160 -107.75 191.25 1 0 0 0 1 0 0 0 1 3626bp3r.dat
1 288 -160 -107.75 191.25 1 0 0 0 1 0 0 0 1 2543.dat
1 1 -160 -51.7501 191.25 1 0 0 0 1 0 0 0 1 3815.dat
1 1 -160 -39.7501 191.25 1 0 0 0 1 0 0 0 1 3816.dat
1 1 -160 -39.7501 191.25 1 0 0 0 1 0 0 0 1 3817.dat
1 383 -174.762 -109.272 152.997 -0.0222482 -0.985582 -0.167731 0.258819 -0.167731 0.951251 -0.96567 -0.0222485 0.258819 64648.dat
1 70 -240 -83.7501 191.25 1 0 0 0 1 0 0 0 1 973p4a1.dat
1 14 -255.5 -74.5001 191.25 0.983255 -0.137366 -0.119752 0.182236 0.741158 0.646123 0 -0.657126 0.75378 3818.dat
1 14 -224.5 -74.5001 191.25 0.983255 0.137366 0.119752 -0.182236 0.741158 0.646123 0 -0.657126 0.75378 3819.dat
1 14 -261.95 -68.5066 174.178 0.984808 -0.173648 0 0.173648 0.984808 0 0 0 1 3820.dat
1 14 -218.051 -68.5101 174.178 0.984808 0.173648 0 -0.173648 0.984808 0 0 0 1 3820.dat
1 14 -240 -107.75 191.25 1 0 0 0 1 0 0 0 1 3626bp86.dat
1 1 -240 -107.75 191.25 1 0 0 0 1 0 0 0 1 2543.dat
1 0 -240 -51.7501 191.25 1 0 0 0 1 0 0 0 1 3815.dat
1 0 -240 -39.7501 191.25 1 0 0 0 1 0 0 0 1 3816.dat
1 0 -240 -39.7501 191.25 1 0 0 0 1 0 0 0 1 3817.dat
1 70 -261.477 -71.1926 163.357 0.985582 -0.167732 0.0222482 0.167732 0.951251 -0.258819 0.0222484 0.258819 0.96567 2562.dat
1 70 80 -38.7501 271.25 1 0 0 0 1 0 0 0 1 2532.dat
1 0 80 -51.7501 271.25 1 0 0 0 1 0 0 0 1 3815.dat
1 0 80 -39.7501 271.25 1 0 0 0 1 0 0 0 1 3817.dat
1 0 80 -83.7501 271.25 1 0 0 0 1 0 0 0 1 973p36.dat
1 0 64.5 -74.5001 271.25 0.983255 -0.17775 -0.0401842 0.182235 0.959052 0.216815 0 -0.220507 0.975385 3818.dat
1 0 95.5 -74.5001 271.25 0.983255 0.137365 0.119751 -0.182235 0.741158 0.646123 0 -0.657126 0.75378 3819.dat
1 297 101.95 -68.5101 251.678 -1 0 0 0 -1 0 0 0 1 2531.dat
1 14 56.7272 -61.3708 259.58 0.996019 0.0214792 0.086514 0.0214792 0.884109 -0.466788 -0.086514 0.466788 0.880128 3820.dat
1 297 80 -86.7501 271.25 -1 0 0 0 1 0 0 0 -1 2526.dat
1 72 101.95 -72.0462 239.178 0.999092 0 -0.0426011 0 1 0 0.0426011 0 0.999092 2530.dat
1 0 80 -110.5 271.25 1 0 0 0 1 0 0 0 1 2528p30.dat
1 75 80 -110.5 271.25 1 0 0 0 1 0 0 0 1 3626bp34.dat
1 15 64.6294 -56.5159 236.174 0.996019 0.0431388 0.0780069 0.0214792 0.73317 -0.679706 -0.086514 0.678676 0.729325 3068bp31.dat
1 1 160 -83.7501 271.25 1 0 0 0 1 0 0 0 1 973p34.dat
1 14 144.5 -74.5001 271.25 0.983255 -0.142522 -0.113566 0.182236 0.76898 0.612748 0 -0.623183 0.782076 3818.dat
1 14 175.5 -74.5001 271.25 0.983255 0.110727 0.144739 -0.182236 0.597431 0.780939 0 -0.794239 0.607606 3819.dat
1 14 137.914 -67.7718 254.507 0.726679 -0.68693 0.00805101 0.686558 0.725776 -0.0434394 0.0239966 0.037094 0.999024 3820.dat
1 14 181.303 -71.9969 253.112 0.699574 0.713635 0.0363392 -0.705219 0.68134 0.196069 0.115162 -0.162792 0.979917 3820.dat
1 14 160 -107.75 271.25 1 0 0 0 1 0 0 0 1 3626bp86.dat
1 0 160 -107.75 271.25 -1 0 0 0 1 0 0 0 -1 2544.dat
1 0 160 -51.7501 271.25 1 0 0 0 1 0 0 0 1 3815.dat
1 0 160 -39.7501 271.25 1 0 0 0 1 0 0 0 1 3816.dat
1 0 160 -39.7501 271.25 1 0 0 0 1 0 0 0 1 3817.dat
1 72 138.738 -68.2782 244.024 0.118397 -0.66144 -0.740594 -0.29157 0.689803 -0.66269 0.949194 0.294396 -0.111185 2530.dat
1 72 179.98 -74.9459 243.093 0.149607 0.698724 0.699573 -0.0130503 0.70887 -0.705219 -0.98866 0.0963762 0.115171 2530.dat
1 70 -21.4767 -79.1926 242.107 0.985582 -0.167731 0.0222483 0.167731 0.951251 -0.258819 0.0222483 0.258819 0.96567 2562.dat
1 70 21.8113 -77.2936 242.625 0.985582 0.167731 -0.0222483 -0.167731 0.951251 -0.258819 -0.0222483 0.258819 0.96567 2562.dat
1 14 237.315 -75.6408 268.964 0 -0.965926 -0.258819 -0.10634 0.257351 -0.960449 0.99433 0.0275233 -0.102716 3820.dat
1 70 239.187 -96.5166 250.21 0.814966 -0.183623 0.549648 -0.160049 0.840264 0.518016 -0.556969 -0.510136 0.655398 2550.dat
1 70 225.723 -108.733 252.085 0.814966 -0.145628 0.560913 -0.160049 0.873703 0.459377 -0.556969 -0.46415 0.688731 3818.dat
1 70 257.237 -97.7082 258.902 -0.814966 -0.533216 -0.226959 0.16005 0.169309 -0.972481 0.556969 -0.828864 -0.0526398 3818.dat
1 70 242.121 -111.954 240.878 0.814966 -0.145628 0.560913 -0.160049 0.873703 0.459377 -0.556969 -0.46415 0.688731 3819.dat
1 70 240.838 -94.4877 270.109 -0.814966 -0.220759 -0.535813 0.160049 0.802896 -0.574232 0.556969 -0.553736 -0.619 3819.dat
1 14 214.422 -97.2138 241.666 0.814966 0.258819 0.518501 -0.160049 0.960449 -0.227864 -0.556969 0.102716 0.824157 3820.dat
1 14 254.559 -87.7497 242.695 -0.814966 -0.551069 0.179313 0.16005 -0.51142 -0.844294 0.556969 -0.659372 0.504989 3820.dat
1 14 239.377 -102.118 224.61 0.814966 0.258819 0.518501 -0.160049 0.960449 -0.227864 -0.556969 0.102716 0.824157 3820.dat
1 72 210.219 -92.5896 234.186 0.0642517 0.384198 0.921013 0.312523 0.868747 -0.384198 -0.947735 0.312523 -0.064252 37.dat
1 1 -80 -83.7501 271.25 1 0 0 0 1 0 0 0 1 973p34.dat
1 14 -95.5 -74.5001 271.25 0.983255 -0.142522 -0.113566 0.182236 0.76898 0.612748 0 -0.623183 0.782076 3818.dat
1 14 -64.5 -74.5001 271.25 0.983255 0.110727 0.144739 -0.182236 0.597431 0.780939 0 -0.794239 0.607606 3819.dat
1 14 -102.086 -67.7718 254.507 0.726679 -0.68693 0.00805101 0.686558 0.725776 -0.0434394 0.0239966 0.037094 0.999024 3820.dat
1 14 -58.6967 -71.9969 253.112 0.699574 0.713635 0.0363392 -0.705219 0.68134 0.196069 0.115162 -0.162792 0.979917 3820.dat
1 14 -80 -107.75 271.25 1 0 0 0 1 0 0 0 1 3626bp86.dat
1 0 -80 -107.75 271.25 -1 0 0 0 1 0 0 0 -1 2544.dat
1 0 -80 -51.7501 271.25 1 0 0 0 1 0 0 0 1 3815.dat
1 0 -80 -39.7501 271.25 1 0 0 0 1 0 0 0 1 3816.dat
1 0 -80 -39.7501 271.25 1 0 0 0 1 0 0 0 1 3817.dat
1 72 -101.262 -68.2782 244.024 0.118397 -0.66144 -0.740594 -0.29157 0.689803 -0.66269 0.949194 0.294396 -0.111185 2530.dat
1 72 -60.0203 -74.9459 243.093 0.149607 0.698724 0.699573 -0.0130503 0.70887 -0.705219 -0.98866 0.0963762 0.115171 2530.dat
1 15 320 -233.75 280 0 0 1 0 1 0 -1 0 0 2335p30.dat
1 70 320 -221.75 280 -1 0 0 0 -1 0 0 0 1 63965.dat
1 297 320 -83.7501 294.5 1 0 0 0 1 0 0 0 1 30046.dat
1 297 -240 -83.7501 294.5 1 0 0 0 1 0 0 0 1 30046.dat
1 297 320 -83.7501 265 1 0 0 0 1 0 0 0 1 30046.dat
1 14 -162.685 -75.6408 268.964 0 -0.965926 -0.258819 -0.10634 0.257351 -0.960449 0.99433 0.0275233 -0.102716 3820.dat
1 70 -160.813 -96.5166 250.21 0.814966 -0.183623 0.549648 -0.160049 0.840264 0.518016 -0.556969 -0.510136 0.655398 2550.dat
1 70 -174.277 -108.733 252.085 0.814966 -0.145628 0.560913 -0.160049 0.873703 0.459377 -0.556969 -0.46415 0.688731 3818.dat
1 70 -142.763 -97.7082 258.902 -0.814966 -0.533216 -0.226959 0.16005 0.169309 -0.972481 0.556969 -0.828864 -0.0526398 3818.dat
1 70 -157.879 -111.954 240.878 0.814966 -0.145628 0.560913 -0.160049 0.873703 0.459377 -0.556969 -0.46415 0.688731 3819.dat
1 70 -159.162 -94.4877 270.109 -0.814966 -0.220759 -0.535813 0.160049 0.802896 -0.574232 0.556969 -0.553736 -0.619 3819.dat
1 14 -185.578 -97.2138 241.666 0.814966 0.258819 0.518501 -0.160049 0.960449 -0.227864 -0.556969 0.102716 0.824157 3820.dat
1 14 -145.441 -87.7497 242.695 -0.814966 -0.551069 0.179313 0.16005 -0.51142 -0.844294 0.556969 -0.659372 0.504989 3820.dat
1 14 -160.623 -102.118 224.61 0.814966 0.258819 0.518501 -0.160049 0.960449 -0.227864 -0.556969 0.102716 0.824157 3820.dat
1 72 -189.781 -92.5896 234.186 0.921012 0.384198 -0.0642517 -0.384198 0.868747 -0.312523 -0.064252 0.312523 0.947735 37.dat
1 15 -240 -233.75 280 0 0 1 0 1 0 -1 0 0 2335p30.dat
1 70 -240 -221.75 280 -1 0 0 0 -1 0 0 0 1 63965.dat
1 297 -240 -83.7501 265 1 0 0 0 1 0 0 0 1 30046.dat
0
