0 FILE Main.ldr
0 Untitled
0 Name: Main.ldr
0 Author: marco
0 ROTATION CENTER 0 0 0 1 "Custom" 
0 ROTATION CONFIG 0 0
1 7 0 0 0 1 0 0 0 1 0 0 0 1 chassis.ldr
1 7 0 2 -72.7 1 0 0 0 1 0 0 0 1 Seated_figure.ldr
1 7 0 0 0 1 0 0 0 1 0 0 0 1 steer.ldr
1 7 0 0 0 1 0 0 0 1 0 0 0 1 drivingwheel.ldr
0 MLCAD RUBBER_BELT 0 44.8 -21.1 40 0 -0.0174524 -0.999848 0 0.999848 -0.0174524 1 0 0 0 -50 29 5 4 16 1
0 MLCAD SKIP_BEGIN
1 0 45.0461 -35.2 65.3633 0.0136573 -0.0980961 -1.9997 -0.782426 5.61992 -0.0349048 1.84055 2.38979 0 4-4cyli.dat
1 0 44.9546 -29.9559 67.6354 0.00709636 -0.104368 -1.9997 -0.40655 5.97926 -0.0349048 1.95823 1.24174 0 4-4cyli.dat
1 0 44.857 -24.3683 68.8355 0.000260111 -0.106591 -1.9997 -0.0149017 6.10662 -0.0349048 1.99994 0.0455149 0 4-4cyli.dat
1 0 44.7573 -18.6539 68.9169 -0.00658622 -0.10468 -1.9997 0.377325 5.9971 -0.0349048 1.96407 -1.15247 0 4-4cyli.dat
1 0 44.6592 -13.0344 67.8765 -0.0131771 -0.098707 -1.9997 0.754913 5.65492 -0.0349048 1.85201 -2.30575 0 4-4cyli.dat
1 0 44.5666 -7.72784 65.7546 -0.0192566 -0.088905 -1.9997 1.10321 5.09336 -0.0349048 1.6681 -3.36958 0 4-4cyli.dat
1 0 44.483 -2.93997 62.6337 -0.0245892 -0.0756541 -1.9997 1.40872 4.33422 -0.0349048 1.41947 -4.30269 0 4-4cyli.dat
1 0 44.4117 1.14341 58.6347 -0.028968 -0.0594682 -1.9997 1.65958 3.40693 -0.0349048 1.11578 -5.06888 0 4-4cyli.dat
1 0 44.3555 4.36382 53.9127 -0.0322229 -0.0409753 -1.9997 1.84605 2.34747 -0.0349048 0.768808 -5.63844 0 4-4cyli.dat
1 0 44.3166 6.59648 48.6511 -0.0342278 -0.020893 -1.9997 1.96091 1.19696 -0.0349048 0.392008 -5.98925 0 4-4cyli.dat
1 0 44.2963 7.7546 43.0539 -0.0349048 -1.30541e-017 -1.9997 1.9997 7.47866e-016 -0.0349048 2.44929e-016 -6.10772 0 4-4cyli.dat
1 0 44.2957 7.7934 37.3381 -0.0342278 0.020893 -1.9997 1.96091 -1.19696 -0.0349048 -0.392008 -5.98925 0 4-4cyli.dat
1 0 44.3146 6.71136 31.7257 -0.0322229 0.0409753 -1.9997 1.84605 -2.34747 -0.0349048 -0.768808 -5.63844 0 4-4cyli.dat
1 0 44.3523 4.55029 26.4342 -0.028968 0.0594682 -1.9997 1.65958 -3.40693 -0.0349048 -1.11578 -5.06888 0 4-4cyli.dat
1 0 44.4074 1.39427 21.669 -0.0245892 0.0756541 -1.9997 1.40872 -4.33422 -0.0349048 -1.41947 -4.30269 0 4-4cyli.dat
1 0 44.4777 -2.63441 17.615 -0.0192566 0.088905 -1.9997 1.10321 -5.09336 -0.0349048 -1.6681 -3.36958 0 4-4cyli.dat
1 0 44.5605 -7.37949 14.4293 -0.0131771 0.098707 -1.9997 0.754913 -5.65492 -0.0349048 -1.85201 -2.30575 0 4-4cyli.dat
1 0 44.6526 -12.6568 12.2356 -0.00658622 0.10468 -1.9997 0.377325 -5.9971 -0.0349048 -1.96407 -1.15247 0 4-4cyli.dat
1 0 44.7505 -18.2617 11.119 0.000260111 0.106591 -1.9997 -0.0149017 -6.10662 -0.0349048 -1.99994 0.0455149 0 4-4cyli.dat
1 0 44.8502 -23.9767 11.1228 0.00709636 0.104368 -1.9997 -0.40655 -5.97926 -0.0349048 -1.95823 1.24174 0 4-4cyli.dat
1 0 44.948 -29.5801 12.2469 0.0136573 0.0980961 -1.9997 -0.782426 -5.61992 -0.0349048 -1.84055 2.38979 0 4-4cyli.dat
1 0 45.0429 -35.0179 14.5592 0.0167543 0.671569 -1.9997 -0.959854 -38.4741 -0.0349048 -1.75454 21.0544 0 4-4cyli.dat
1 0 45.7117 -73.3307 35.5038 0.0196493 0.0196416 -1.9997 -1.12571 -1.12527 -0.0349048 -1.65299 0.766555 0 4-4cyli.dat
1 0 45.7261 -74.1577 36.0215 0.0248564 0.0166844 -1.9997 -1.42402 -0.955846 -0.0349048 -1.40412 0.96969 0 4-4cyli.dat
1 0 45.7385 -74.8689 36.6893 0.0291253 0.0130975 -1.9997 -1.66859 -0.750353 -0.0349048 -1.10225 1.13623 0 4-4cyli.dat
1 0 45.7485 -75.4377 37.4821 0.0322952 0.00901628 -1.9997 -1.85019 -0.516542 -0.0349048 -0.75879 1.25989 0 4-4cyli.dat
1 0 45.7555 -75.8425 38.3698 0.0342462 0.00459483 -1.9997 -1.96196 -0.263238 -0.0349048 -0.386692 1.336 0 4-4cyli.dat
1 0 45.7595 -76.068 39.3192 0.0349048 -1.52867e-017 -1.9997 -1.9997 8.75777e-016 -0.0349048 1.2865e-015 1.3617 0 4-4cyli.dat
1 0 45.7601 -76.1057 40.2942 0.0342462 -0.00459483 -1.9997 -1.96196 0.263238 -0.0349048 0.386692 1.336 0 4-4cyli.dat
1 0 45.7575 -75.9542 41.2581 0.0322952 -0.00901628 -1.9997 -1.85019 0.516542 -0.0349048 0.75879 1.25989 0 4-4cyli.dat
1 0 45.7516 -75.6193 42.1745 0.0291253 -0.0130975 -1.9997 -1.66859 0.750353 -0.0349048 1.10225 1.13623 0 4-4cyli.dat
1 0 45.7428 -75.1136 43.0089 0.0248564 -0.0166844 -1.9997 -1.42402 0.955846 -0.0349048 1.40412 0.96969 0 4-4cyli.dat
1 0 45.7313 -74.456 43.7297 0.0196493 -0.0196416 -1.9997 -1.12571 1.12527 -0.0349048 1.65299 0.766555 0 4-4cyli.dat
1 0 45.7145 -73.492 44.3863 0.0167543 -0.671569 -1.9997 -0.959854 38.4741 -0.0349048 1.75454 21.0544 0 4-4cyli.dat
0 MLCAD SKIP_END
1 7 0 0 0 1 0 0 0 1 0 0 0 1 wheel.ldr
0 Unofficial Model
1 7 0 -96 40 0 0 -1 0 1 0 1 0 0 6216m.dat
0
0 FILE chassis.ldr
0 CHASSIS
0 ROTATION CENTER 0 0 0 1 "Custom" 
0 ROTATION CONFIG 0 0
1 15 10 -32 -160 0 0 -1 0 1 0 1 0 0 3701.dat
1 15 0 -40 -160 1 0 0 0 1 0 0 0 1 3068b.dat
1 15 -10 -32 -160 0 0 -1 0 1 0 1 0 0 3701.dat
1 7 0 -40 -130 1 0 0 0 1 0 0 0 1 3710.dat
1 15 10 -40 40 1 0 0 0 1 0 0 0 1 3021.dat
1 15 30 -32 -20 0 0 -1 0 1 0 1 0 0 3895.dat
1 15 0 -8 -120 1 0 0 0 1 0 0 0 1 3020.dat
1 15 -30 -32 -20 0 0 -1 0 1 0 1 0 0 3895.dat
1 15 -40 -8 40 1 0 0 0 1 0 0 0 1 3022.dat
1 15 -50 -32 40 0 0 -1 0 1 0 1 0 0 3700.dat
1 15 -40 -40 40 1 0 0 0 1 0 0 0 1 3022.dat
1 7 0 -40 -30 1 0 0 0 1 0 0 0 1 2717.dat
1 15 20 -64 -190 1 0 0 0 1 0 0 0 1 3937.dat
1 15 -20 -64 -190 1 0 0 0 1 0 0 0 1 3937.dat
1 15 -20 -63.5778 -192.875 1 0 0 0 0.957777 -0.287514 0 0.287514 0.957777 3938.dat
1 15 0 -86.5644 -199.775 1 0 0 0 0.957777 -0.287514 0 0.287514 0.957777 3701.dat
1 15 20 -63.5778 -192.875 1 0 0 0 0.957777 -0.287514 0 0.287514 0.957777 3938.dat
1 7 0 -40 -50 1 0 0 0 1 0 0 0 1 4263.dat
1 7 0 -40 -10 1 0 0 0 1 0 0 0 1 4263.dat
1 7 0 -40 -190 1 0 0 0 1 0 0 0 1 4262.dat
1 7 0 -8 -190 1 0 0 0 1 0 0 0 1 4262.dat
0
0 FILE steer.ldr
0 STEER
0 ROTATION CENTER 0 0 0 1 "Custom" 
0 ROTATION CONFIG 0 0
1 7 -50 -32 -150.055 0 -1 0 1 0 0 0 0 1 3749.dat
1 7 0 -64 -150 1 0 0 0 1 0 0 0 1 3743.dat
1 7 0 -56 -150 1 0 0 0 1 0 0 0 1 3710.dat
1 7 0 -70.6533 -216.652 1 0 0 0 0.957777 -0.287513 0 0.287513 0.957777 3713.dat
1 0 0 -90.7793 -149.608 0 0 1 0.287514 0.957777 0 -0.957777 0.287514 0 3707.dat
1 7 0 -88.4792 -157.27 1 0 0 0 0.957777 -0.287513 0 0.287513 0.957777 4019.dat
1 7 0 -82.7289 -176.426 -1 0 0 0 0.957777 0.287514 0 0.287514 -0.957777 3713.dat
1 7 0 -111.193 -81.6056 -1 0 0 0 0.957777 0.287513 0 0.287513 -0.957777 4185.dat
1 0 0 -60.6849 -111.923 0 0 1 0.958199 -0.286101 0 0.286101 0.958199 0 4519.dat
1 0 0 -21.9569 -99.6792 1 0 0 0 0.958199 -0.286101 0 0.286101 0.958199 3705.dat
1 7 -15 -22.0209 -99.8569 0 0 -1 -0.286101 0.9582 0 0.958199 0.286101 0 32123a.dat
1 7 15 -22.0209 -99.8569 0 0 1 0.286101 0.9582 0 -0.958199 0.286101 0 32123a.dat
1 7 49.5 -32 -150.055 0 -1 0 1 0 0 0 0 1 3749.dat
1 7 0 -41.1849 -105.579 -1 0 0 0 0.286101 -0.958199 0 -0.958199 -0.286101 3651.dat
1 7 0 -79.6586 -117.066 0 1 0 -0.286098 0 0.9582 0.9582 0 0.286099 3651.dat
1 7 0 -48 -150 1 0 0 0 1 0 0 0 1 4262.dat
1 7 -50.5 -32 -190.055 1 0 0 0 1 0 0 0 1 4261.dat
1 7 49.5 -32 -190.055 1 0 0 0 1 0 0 0 1 4261.dat
0
0 FILE drivingwheel.ldr
0 drivingwheel
0 Author: LEGO Digital Designer 4.3
0 ROTATION CENTER 0 0 0 1 "Custom" 
0 ROTATION CONFIG 0 0
1 0 63 -22.5 40 0 0 -1 0 1 0 1 0 0 2346.dat
1 15 62 -22 40 0 0 -1 0 1 0 1 0 0 3482.dat
1 0 20 -22 40 1 0 0 0 1 0 0 0 1 3706.dat
1 7 44.9 -22 40 0 0 -1 0 1 0 1 0 0 4185.dat
1 7 10 -22 40 0 0 -1 0 1 0 1 0 0 3713.dat
1 7 -10 -22 40 0 0 1 0 1 0 -1 0 0 3713.dat
0
0 FILE wheel.ldr
0 wheel
0 Author: LEGO Digital Designer 4.3
0 ROTATION CENTER 0 0 0 1 "Custom" 
0 ROTATION CONFIG 0 0
1 0 71 -22.5 -190 0 0 -1 0 1 0 1 0 0 2346.dat
1 15 70 -22 -190 0 0 -1 0 1 0 1 0 0 3482.dat
1 7 60 -22 -190 1 0 0 0 1 0 0 0 1 3749.dat
1 0 -71 -22.5 -190 0 0 1 0 1 0 -1 0 0 2346.dat
1 15 -70 -22 -190 0 0 -1 0 1 0 1 0 0 3482.dat
1 7 -60 -22 -190 -1 0 0 0 1 0 0 0 -1 3749.dat
1 15 -70 -22 40 0 0 -1 0 1 0 1 0 0 3482.dat
1 7 -60 -22 40 -1 0 0 0 1 0 0 0 -1 3749.dat
1 0 -71 -22.5 40 0 0 1 0 1 0 -1 0 0 2346.dat
0
0 FILE Seated_figure.ldr
0 Name: Seated_figure
0 ROTATION CENTER 0 0 0 1 "Custom" 
0 ROTATION CONFIG 0 0
1 15 0 -80.741 52.952 1 0 0 0 0.984808 0.173648 0 -0.173648 0.984808 2699.dat
1 15 0 -80.741 52.952 1 0 0 0 0.984808 0.173648 0 -0.173648 0.984808 2698p04.dat
1 15 0 -80.741 52.952 1 0 0 0 0.984808 0.173648 0 -0.173648 0.984808 2710.dat
1 15 15 -64 50 0.991445 0.128736 0.0215431 0 -0.165048 0.986286 0.130526 -0.977848 -0.163636 2703.dat
1 15 -15 -64 50 0.993572 -0.111651 -0.018684 0 -0.165048 0.986286 -0.113203 -0.979946 -0.163987 2709.dat
1 15 -14.498 -70.602 10.239 0.993572 -0.106034 0.0396447 0 0.350208 0.936672 -0.113203 -0.930651 0.347957 2704.dat
1 15 15.192 -70.602 10.236 0.991445 0.12226 -0.0457113 0 0.350208 0.936673 0.130526 -0.92866 0.347212 2704.dat
1 0 20.083 -56.542 -26.915 0.991445 0.1197 -0.0520472 0 0.398749 0.91706 0.130526 -0.909215 0.395338 2706.dat
1 0 -18.733 -56.589 -26.931 0.993572 -0.103814 0.0451397 0 0.398749 0.91706 -0.113203 -0.911165 0.396186 2706.dat
1 14 0 -133.921 62.33 1 0 0 0 1 0 0 0 1 2707p06.dat
1 15 0 -161.421 62.33 1 0 0 0 0.968148 0.25038 0 -0.25038 0.968148 2715.dat
1 47 0 -161.421 62.33 1 0 0 0 0.968148 0.25038 0 -0.25038 0.968148 2716.dat
1 0 0 -175.921 62.329 1 0 0 0 1 0 0 0 1 2708.dat
1 1 26.2 -126.043 60.94 0 0 -1 -0.737277 0.67559 0 0.67559 0.737277 0 2701.dat
1 1 26.2 -126.043 60.94 0 0 -1 -0.737277 0.67559 0 0.67559 0.737277 0 2705.dat
1 1 26.2 -126.043 60.94 0.939693 0 -0.34202 -0.252164 0.67559 -0.692814 0.231065 0.737277 0.634847 2700.dat
1 1 36.802 -104.567 41.26 0.939693 0 -0.34202 -0.252164 0.67559 -0.692814 0.231065 0.737277 0.634847 2701.dat
1 1 36.802 -104.567 41.26 0.939693 0 -0.34202 -0.252164 0.67559 -0.692814 0.231065 0.737277 0.634847 2705.dat
1 1 36.802 -104.567 41.26 0.996195 0 0.0871557 0.064258 0.67559 -0.734472 -0.0588816 0.737277 0.673019 2700.dat
1 14 33.797 -79.224 18.039 -0.996195 0 0.0871557 -0.064258 -0.67559 -0.734472 0.0588816 -0.737277 0.673019 2702.dat
1 1 -26.2 -126.043 60.94 0 0 1 -0.422618 -0.906308 0 0.906308 -0.422618 0 2701.dat
1 1 -26.2 -126.043 60.94 0 0 1 -0.422618 -0.906308 0 0.906308 -0.422618 0 2705.dat
1 1 -26.2 -126.043 60.94 -0.965926 0 0.258819 -0.109382 -0.906308 -0.408218 0.23457 -0.422618 0.875426 2700.dat
1 1 -34.223 -113.388 33.804 -0.965926 0 0.258819 -0.109382 -0.906308 -0.408218 0.23457 -0.422618 0.875426 2701.dat
1 1 -34.223 -113.388 33.804 -0.965926 0 0.258819 -0.109382 -0.906308 -0.408218 0.23457 -0.422618 0.875426 2705.dat
1 1 -34.223 -113.388 33.804 -0.965926 0 -0.258819 0.109382 -0.906308 -0.408218 -0.23457 -0.422618 0.875426 2700.dat
1 14 -25.295 -99.305 3.598 0.965926 0 -0.258819 -0.109382 0.906308 -0.408218 0.23457 0.422618 0.875426 2702.dat
0 
0 
0 
0 
0
0
