0 FILE Main.ldr
0 Untitled
0 Name: Main.ldr
0 Author: marco
0 Unofficial Model
0 ROTATION CENTER 0 0 0 1 "Custom" 
0 ROTATION CONFIG 0 0
1 7 0 0 0 1 0 0 0 1 0 0 0 1 chassis.ldr
1 7 0 0 0 1 0 0 0 1 0 0 0 1 cover.ldr
1 7 0 0 0 1 0 0 0 1 0 0 0 1 wheel.ldr
1 7 0 0 -200 -1 0 0 0 1 0 0 0 -1 wheel.ldr
1 7 -20 0 -40 -1 0 0 0 1 0 0 0 -1 wheel.ldr
1 7 20 0 160 1 0 0 0 1 0 0 0 1 wheel.ldr
0
0 FILE chassis.ldr
0 chassis
0 ROTATION CENTER 0 0 0 1 "Custom" 
0 ROTATION CONFIG 0 0
1 14 -30 -8 30 1 0 0 0 1 0 0 0 1 2420.dat
1 14 -30 -16 40 0 0 -1 0 1 0 1 0 0 3023.dat
1 14 -20 -8 -80 0 0 -1 0 1 0 1 0 0 3709b.dat
1 14 0 -16 -20 0 0 -1 0 1 0 1 0 0 3795.dat
1 14 20 -8 -80 0 0 -1 0 1 0 1 0 0 3709b.dat
1 7 0 -24 20 -1 0 0 0 1 0 0 0 -1 3709b.dat
1 1 0 -24 -30 0 0 -1 0 1 0 1 0 0 3021.dat
1 0 30 -32 -80 0 0 -1 0 1 0 1 0 0 3701.dat
1 0 -30 -32 -80 0 0 -1 0 1 0 1 0 0 3701.dat
1 1 0 -48 -10 1 0 0 0 1 0 0 0 1 3039.dat
1 14 -20 -32 20 1 0 0 0 1 0 0 0 1 4032.dat
1 14 20 -32 20 1 0 0 0 1 0 0 0 1 4032.dat
1 14 30 -40 -110 0 0 -1 0 1 0 1 0 0 2420.dat
1 14 -30 -40 -110 1 0 0 0 1 0 0 0 1 2420.dat
1 0 40 -40 20 0 0 -1 0 1 0 1 0 0 3738.dat
1 7 0 -24 60 -1 0 0 0 1 0 0 0 -1 3709b.dat
1 7 40 -32 60 1 0 0 0 1 0 0 0 1 2444.dat
1 7 -40 -32 60 -1 0 0 0 1 0 0 0 -1 2444.dat
1 0 -40 -40 20 0 0 -1 0 1 0 1 0 0 3738.dat
1 0 50 -32 -20 0 0 -1 0 1 0 1 0 0 2436.dat
1 0 -50 -32 -20 0 0 1 0 1 0 -1 0 0 2436.dat
1 0 -40 -48 -50 1 0 0 0 1 0 0 0 1 3023.dat
1 0 40 -48 -50 1 0 0 0 1 0 0 0 1 3023.dat
1 0 -40 -48 80 1 0 0 0 1 0 0 0 1 3022.dat
1 0 40 -48 80 1 0 0 0 1 0 0 0 1 3022.dat
1 14 0 -56 80 -1 0 0 0 1 0 0 0 -1 3709b.dat
1 0 -40 -64 80 1 0 0 0 1 0 0 0 1 3022.dat
1 0 40 -64 80 1 0 0 0 1 0 0 0 1 3022.dat
1 7 30 -88 100 0 0 -1 0 1 0 1 0 0 3701.dat
1 7 -30 -88 100 0 0 -1 0 1 0 1 0 0 3701.dat
1 14 0 -96 120 -1 0 0 0 1 0 0 0 -1 3738.dat
1 0 1.14241e-005 -88 120 0 0 -1 0 1 0 1 0 0 2817.dat
1 14 30 -8 30 0 0 -1 0 1 0 1 0 0 2420.dat
1 14 30 -16 40 0 0 -1 0 1 0 1 0 0 3023.dat
1 14 0 -32 -110 1 0 0 0 1 0 0 0 1 3298.dat
0
0 FILE wheel.ldr
0 wheel
0 ROTATION CENTER 0 0 0 1 "Custom" 
0 ROTATION CONFIG 0 0
1 7 40 -22 -100 1 0 0 0 1 0 0 0 1 3749.dat
1 14 50 -22 -100 0 0 -1 0 1 0 1 0 0 3482.dat
1 0 51 -22.5 -100 0 0 -1 0 1 0 1 0 0 2346.dat
0
0 FILE cover.ldr
0 COVER
0 ROTATION CENTER 0 0 0 1 "Custom" 
0 ROTATION CONFIG 0 0
1 7 0.192758 -78.0386 160 -0.922707 0.385502 0 0.385502 0.922707 0 0 0 -1 3713.dat
1 0 0.192744 -78.0386 130 0 0.385502 0.922707 0 0.922707 -0.385502 -1 0 0 3705.dat
1 0 -29.5 -78.2256 80.418 1 0 0 0 0.548686 -0.836028 0 0.836028 0.548686 4519.dat
1 7 -50 -78.2256 80.418 0 1 0 0.836028 0 -0.548686 -0.548686 0 -0.836028 2825.dat
1 0 0 -111.221 30.3383 1 0 0 0 0.548686 -0.836028 0 0.836028 0.548686 3706.dat
1 7 50 -78.2257 80.418 0 -1 0 -0.836029 0 -0.548686 0.548686 0 -0.836029 2825.dat
1 7 30 -100.907 13.0766 -1 0 0 0 0.858982 0.512006 0 0.512006 -0.858982 32126.dat
1 0 30 -76.0103 -30.5465 0 0 -1 -0.512006 0.858982 0 0.858982 0.512006 0 3706.dat
1 7 30 -49.551 -72.9836 1 0 0 0 0.858982 -0.512006 0 0.512006 0.858982 3713.dat
1 7 -30 -100.907 13.0766 1 0 0 0 -0.858982 0.512005 0 -0.512005 -0.858982 32126.dat
1 0 -30 -75.1513 -30.0345 0 0 -1 -0.512006 0.858982 0 0.858982 0.512006 0 3706.dat
1 7 -30 -49.551 -72.9836 1 0 0 0 0.858982 -0.512005 0 0.512005 0.858982 3713.dat
1 7 55 -111.147 30.2563 0 0 1 -0.836028 -0.548686 0 0.548686 -0.836029 0 4265a.dat
1 7 -55 -111.147 30.2563 0 0 -1 0.836028 -0.548686 0 -0.548686 -0.836029 0 4265a.dat
1 7 -25 -111.147 30.2563 0 0 1 -0.836029 -0.548686 0 0.548686 -0.836029 0 4265a.dat
1 7 25 -111.147 30.2563 0 0 -1 0.836028 -0.548686 0 -0.548686 -0.836029 0 4265a.dat
1 7 0.192738 -78.0387 145 -0.385502 0.922707 0 -0.922707 -0.385502 0 0 0 1 4265a.dat
1 7 -18 -78.2256 80.418 0 0 -1 -0.836029 0.548686 0 0.548686 0.836029 0 4143.dat
1 7 0.192762 -78.0387 97 -0.922707 -0.385502 0 0.385502 -0.922707 0 0 0 1 4143.dat
1 0 40 -78.5 80 -1 0 0 0 0.548686 0.836029 0 0.836029 -0.548686 3704.dat
0
0
