0 FILE Main.ldr
0 Untitled
0 Name: Main.ldr
0 Author: MLCad
0 Unofficial Model
0 ROTATION CENTER 0 0 0 1 "Custom" 
0 ROTATION CONFIG 0 0
1 7 0 0 0 1 0 0 0 1 0 0 0 1 chassis.ldr
1 7 0 0 0 1 0 0 0 1 0 0 0 1 shovel.ldr
1 7 0 0 0 1 0 0 0 1 0 0 0 1 steer.ldr
1 7 0 0 0 1 0 0 0 1 0 0 0 1 wheel.ldr
1 7 -80 0 720 -1 0 0 0 1 0 0 0 -1 wheel.ldr
0
0 FILE chassis.ldr
0 CHASSIS
0 ROTATION CENTER 0 0 0 1 "Custom" 
0 ROTATION CONFIG 0 0
1 0 -50 -24 0 0 0 -1 0 1 0 1 0 0 3702.dat
1 14 -50 -32 60 0 0 -1 0 1 0 1 0 0 3023.dat
1 14 -40 -32 0 0 0 -1 0 1 0 1 0 0 3709b.dat
1 0 -30 -24 0 0 0 -1 0 1 0 1 0 0 3702.dat
1 14 -30 -32 60 0 0 -1 0 1 0 1 0 0 3023.dat
1 0 -40 0 70 1 0 0 0 1 0 0 0 1 3023.dat
1 14 -40 0 -80 1 0 0 0 1 0 0 0 1 4032a.dat
1 14 -40 -24 -90 1 0 0 0 1 0 0 0 1 3660.dat
1 0 -50 -48 -110 1 0 0 0 1 0 0 0 1 4070.dat
1 0 -50 -72 -110 1 0 0 0 1 0 0 0 1 4070.dat
1 0 -40 -62 -124 1 0 0 0 0 -1 0 1 0 2412b.dat
1 0 -30 -72 -110 1 0 0 0 1 0 0 0 1 4070.dat
1 0 -30 -48 -110 1 0 0 0 1 0 0 0 1 4070.dat
1 0 -40 -38 -124 1 0 0 0 0 -1 0 1 0 2412b.dat
1 7 -40 -32 -80 1 0 0 0 1 0 0 0 1 3068b.dat
1 14 -40 -80 -110 1 0 0 0 1 0 0 0 1 3710.dat
1 7 -40 -40 70 -1 0 0 0 1 0 0 0 -1 3023.dat
1 7 -40 -40 50 -1 0 0 0 1 0 0 0 -1 3023.dat
1 7 -40 -40 -50 -1 0 0 0 1 0 0 0 -1 3023.dat
1 7 -40 -48 -50 -1 0 0 0 1 0 0 0 -1 3023.dat
1 7 -40 -72 -50 -1 0 0 0 1 0 0 0 -1 3700.dat
1 14 -40 -80 -50 1 0 0 0 1 0 0 0 1 3710.dat
1 7 -50 -64 60 0 0 -1 0 1 0 1 0 0 3700.dat
1 7 -30 -64 60 0 0 -1 0 1 0 1 0 0 3700.dat
1 0 -40 -72 50 1 0 0 0 1 0 0 0 1 3023.dat
1 14 -40 -80 50 1 0 0 0 1 0 0 0 1 3710.dat
1 14 -40 -104 50 -1 0 0 0 1 0 0 0 -1 3700.dat
1 14 -40 -112 50 1 0 0 0 1 0 0 0 1 3710.dat
1 0 -40 -72 70 1 0 0 0 1 0 0 0 1 3023.dat
1 14 -40 -80 80 -1 0 0 0 1 0 0 0 -1 3709b.dat
1 14 -70 -104 160 0 0 -1 0 1 0 1 0 0 3895.dat
1 14 -40 -104 90 -1 0 0 0 1 0 0 0 -1 3700.dat
1 14 -10 -104 160 0 0 -1 0 1 0 1 0 0 3895.dat
1 14 -40 -112 90 1 0 0 0 1 0 0 0 1 3710.dat
1 0 -50 -104 -80 0 0 -1 0 1 0 1 0 0 3701.dat
1 14 -40 -112 -40 0 0 1 0 1 0 -1 0 0 3709b.dat
1 0 -30 -104 -80 0 0 -1 0 1 0 1 0 0 3701.dat
1 14 -60 -120 -80 0 0 1 0 1 0 -1 0 0 3709b.dat
1 14 -40 -112 -110 1 0 0 0 1 0 0 0 1 3710.dat
1 14 -70 -112 -70 0 0 -1 0 1 0 1 0 0 3623.dat
1 14 -70 -104 -80 0 0 -1 0 1 0 1 0 0 3701.dat
1 14 -20 -120 -80 0 0 1 0 1 0 -1 0 0 3709b.dat
1 14 -10 -112 -70 0 0 -1 0 1 0 1 0 0 3623.dat
1 14 -10 -104 -80 0 0 -1 0 1 0 1 0 0 3701.dat
1 14 -40 -144 -90 -1 0 0 0 1 0 0 0 -1 3701.dat
1 14 -10 -144 0 0 0 -1 0 1 0 1 0 0 3702.dat
1 14 -10 -120 70 0 0 -1 0 1 0 1 0 0 3623.dat
1 14 -70 -144 0 0 0 -1 0 1 0 1 0 0 3702.dat
1 14 -70 -120 70 0 0 -1 0 1 0 1 0 0 3623.dat
1 14 -10 -216 -30 1 0 0 0 1 0 0 0 1 4460.dat
1 14 -70 -216 -30 1 0 0 0 1 0 0 0 1 4460.dat
1 14 -40 -224 -20 1 0 0 0 1 0 0 0 1 3709b.dat
1 14 -40 -216 0 0 0 -1 0 1 0 1 0 0 3709b.dat
1 14 -40 -224 40 1 0 0 0 1 0 0 0 1 3031.dat
1 14 -40 -232 40 1 0 0 0 1 0 0 0 1 3032.dat
1 14 10 -224 20 0 0 -1 0 1 0 1 0 0 4276b.dat
1 14 -90 -224 20 0 0 -1 0 1 0 1 0 0 4276b.dat
1 7 -80 -94 60 -1 0 0 0 1 0 0 0 -1 3673.dat
1 14 -90 -74 70 0 0 -1 1 0 0 0 -1 0 3702.dat
1 14 -90 -134.5 77.5 0 0 1 -1 0 0 0 -1 0 4276b.dat
1 0 -80 -134 60 -1 0 0 0 1 0 0 0 -1 2780.dat
1 14 -90 -194.496 69.473 0 0 -1 0.96483 0.262875 0 0.262875 -0.96483 0 4275a.dat
1 14 -90 -192.107 61.7455 0 0 1 -0.96483 0.262875 0 -0.262875 -0.96483 0 4275a.dat
1 0 -40 -14 60 1 0 0 0 1 0 0 0 1 3707.dat
1 14 10 -74 70 0 0 -1 1 0 0 0 -1 0 3702.dat
1 14 10 -134.5 77.4999 0 0 1 -1 0 0 0 -1 0 4276b.dat
1 7 0 -94 60 -1 0 0 0 1 0 0 0 -1 3673.dat
1 0 0 -134 60 -1 0 0 0 1 0 0 0 -1 2780.dat
1 14 10 -192.107 61.7455 0 0 1 -0.96483 0.262875 0 -0.262875 -0.96483 0 4275a.dat
1 14 10 -194.21 69.4642 0 0 -1 0.96483 0.262875 0 0.262875 -0.96483 0 4275a.dat
1 7 -40 -14 -60 -1 0 0 0 1 0 0 0 -1 3673.dat
1 0 -60 -94 240 -1 0 0 0 1 0 0 0 -1 2780.dat
1 14 -50 -104 300 0 0 -1 0 1 0 1 0 0 3702.dat
1 14 -50 -80 340 0 0 -1 0 1 0 1 0 0 3710.dat
1 14 -40 -72 340 0 0 -1 0 1 0 1 0 0 3709b.dat
1 14 -30 -64 340 0 0 -1 0 1 0 1 0 0 3701.dat
1 14 -50 -64 340 0 0 -1 0 1 0 1 0 0 3701.dat
1 14 -30 -80 340 0 0 -1 0 1 0 1 0 0 3710.dat
1 14 -30 -104 300 0 0 -1 0 1 0 1 0 0 3702.dat
1 0 -60 -94 260 -1 0 0 0 1 0 0 0 -1 2780.dat
1 0 -60 -94 360 -1 0 0 0 1 0 0 0 -1 2780.dat
1 14 -10 -54.5 369.5 0 0 -1 1 0 0 0 -1 0 3894.dat
1 14 -40 -14.5 345.5 1 0 0 0 0 1 0 -1 0 3738.dat
1 14 -70 -54.5 369.5 0 0 -1 1 0 0 0 -1 0 3894.dat
1 14 -40 -14.5 377.5 1 0 0 0 0 1 0 -1 0 3738.dat
1 14 30 -14.5 369.5 0 0 -1 1 0 0 0 -1 0 3700.dat
1 14 -110 -14.5 369.5 0 0 -1 1 0 0 0 -1 0 3700.dat
1 0 -20 -54 360 -1 0 0 0 1 0 0 0 -1 2780.dat
1 0 -60 -54 360 -1 0 0 0 1 0 0 0 -1 2780.dat
1 0 -20 -94 360 -1 0 0 0 1 0 0 0 -1 2780.dat
1 0 -20 -94 240 -1 0 0 0 1 0 0 0 -1 2780.dat
1 0 -20 -94 260 -1 0 0 0 1 0 0 0 -1 2780.dat
1 7 -40 -32 -50 1 0 0 0 1 0 0 0 1 4262.dat
1 7 -40 0 -50 1 0 0 0 1 0 0 0 1 4262.dat
1 7 25 -14 60 0 0 1 0 1 0 -1 0 0 4265a.dat
1 7 -105 -14 60 0 0 -1 0 1 0 1 0 0 4265a.dat
0
0 FILE steer.ldr
0 STEER
0 ROTATION CENTER 0 0 0 1 "Custom" 
0 ROTATION CONFIG 0 0
1 7 -90 -26 -90 0 1 0 1 0 0 0 0 -1 3749.dat
1 0 -110 -14 -50 1 0 0 0 1 0 0 0 1 3705.dat
1 7 -110 -14 -50 0 0 -1 0 1 0 1 0 0 3713.dat
1 7 -40 -48 -90 1 0 0 0 1 0 0 0 1 3743.dat
1 0 30 -14 -50 -1 0 0 0 1 0 0 0 -1 3705.dat
1 7 30 -14 -50 0 0 1 0 1 0 -1 0 0 3713.dat
1 7 10.5 -26 -90 0 1 0 1 0 0 0 0 -1 3749.dat
1 7 -40 -62 -85 1 0 0 0 1 0 0 0 1 3647.dat
1 0 -40 -62 -65 0 0 -1 0 1 0 1 0 0 4519.dat
1 46 -40 -266 -20 0.963263 0 -0.268559 0 1 0 0.268559 0 0.963263 6143.dat
1 0 -40 -146 -20 0 -0.26856 0.963263 1 0 0 0 0.963263 0.26856 3708.dat
1 14 -40 -274 -20 0.963263 0 -0.268559 0 1 0 0.268559 0 0.963263 4150.dat
1 7 -40.1343 -92 -19.5184 -0.26856 0.963263 0 0 0 1 0.963263 0.26856 0 3713.dat
1 7 -40 -40 -90 1 0 0 0 1 0 0 0 1 4262.dat
1 7 10.5 -21 -50 -1 0 0 0 1 0 0 0 -1 4261.dat
1 7 -90 -24 -50 -1 0 0 0 1 0 0 0 -1 4261.dat
1 7 -5 -14 -50 0 0 -1 0 1 0 1 0 0 4265a.dat
1 7 -75 -14 -50 0 0 1 0 1 0 -1 0 0 4265a.dat
1 7 -40 -62 -38 -1 0 0 0 1 0 0 0 -1 4143.dat
1 7 -40.1343 -80 -19.5184 -0.963263 0.268559 0 0 0 -1 -0.268559 -0.963263 0 4143.dat
1 14 50 -14 -50 0 0 -1 0 1 0 1 0 0 6582.dat
1 256 50 -14 -50 0 0 -1 0 1 0 1 0 0 6581.dat
1 14 -130 -14 -50 0 0 1 0 1 0 -1 0 0 6582.dat
1 256 -130 -14 -50 0 0 1 0 1 0 -1 0 0 6581.dat
0
0 FILE wheel.ldr
0 WHEEL
0 ROTATION CENTER 0 0 0 1 "Custom" 
0 ROTATION CONFIG 0 0
1 7 -120 -14 360 -1 0 0 0 1 0 0 0 -1 3749.dat
1 14 -132 -14 360 0 0 1 0 1 0 -1 0 0 6582.dat
1 256 -132 -14 360 0 0 1 0 1 0 -1 0 0 6581.dat
0
0 FILE shovel.ldr
0 SHOVEL
0 ROTATION CENTER 0 0 0 1 "Custom" 
0 ROTATION CONFIG 0 0
1 0 -40 -17.131 130.025 -1 0 0 0 0.74813 -0.663553 0 -0.663553 -0.748129 2951.dat
1 0 -40.5 -94.104 120.305 1 0 0 0 0.610429 0.792071 0 -0.792071 0.610429 3705.dat
1 0 -30 -46.6705 156.23 0 -1 0 -0.610429 0 -0.792071 0.792071 0 -0.610429 2825.dat
1 0 -50 -46.6705 156.23 0 1 0 0.610429 0 -0.792071 -0.792071 0 -0.610429 2825.dat
1 7 -60 -46.9757 156.626 1 0 0 0 0.814864 -0.579653 0 0.579653 0.814864 3749.dat
1 7 -20 -46.9757 156.626 -1 0 0 0 0.610429 -0.792071 0 -0.792071 -0.610429 3749.dat
1 0 -40 -16.7313 130.825 1 0 0 0 1 0 0 0 1 3706.dat
1 7 10 -16.694 130.769 0 0 -1 0 1 0 1 0 0 3713.dat
1 7 -90 -16.694 130.769 0 0 1 0 1 0 -1 0 0 3713.dat
1 0 -40 -54.2668 60.4423 1 0 0 0 1 0 0 0 1 3706.dat
1 7 -110 -134 30 0 0 -1 0 1 0 1 0 0 2854.dat
1 0 -50 -134.5 20 1 0 0 0 1 0 0 0 1 3706.dat
1 7 -90 -134 20 0 0 -1 0 1 0 1 0 0 3713.dat
1 0 -40 -134 20 0 0 1 0 -1 0 1 0 0 4716.dat
1 0 -40 -94 50 0 0 1 0 1 0 -1 0 0 3706.dat
1 7 -40 -94 20 -1 0 0 0 1 0 0 0 -1 3650c.dat
1 0 -10.1 -35.347 95.3846 0 -1 0 -0.466324 0 0.884614 -0.884614 0 -0.466324 2711.dat
1 0 -69.9 -35.347 95.3845 0 1 0 0.466324 0 0.884614 0.884614 0 -0.466324 2711.dat
1 0 -130 -134.5 40 -1 0 0 0 1 0 0 0 -1 3704.dat
1 7 -40 -94 33.5 -1 0 0 0 1 0 0 0 -1 4265a.dat
1 7 -40 -94 5 -1 0 0 0 1 0 0 0 -1 4265a.dat
1 7 5 -134 20 0 0 1 0 1 0 -1 0 0 4265a.dat
1 7 -5 -54 60 0 0 1 0 1 0 -1 0 0 4265a.dat
1 7 -75 -54 60 0 0 -1 0 1 0 1 0 0 4265a.dat
1 7 -40 -94 103 -1 0 0 0 1 0 0 0 -1 4143.dat
1 7 -57 -94.1948 119.604 0 0 -1 -0.610429 0.792071 0 0.792071 0.610429 0 4143.dat
0
0
