0 FILE Main.ldr
0 Untitled
0 Name: Main.ldr
0 Author: marco
0 Unofficial Model
0 ROTATION CENTER 0 0 0 1 "Custom" 
0 ROTATION CONFIG 0 0
1 7 -580 -120 320 1 0 0 0 1 0 0 0 1 chassis.ldr
1 7 -580 -120 320 1 0 0 0 1 0 0 0 1 engine.ldr
1 7 -580 -120 320 1 0 0 0 1 0 0 0 1 steer.ldr
1 7 -580 -120 320 1 0 0 0 1 0 0 0 1 susp_ensemble.ldr
0
0 FILE chassis.ldr
0 CHASSIS
0 ROTATION CENTER 0 0 0 1 "Custom" 
0 ROTATION CONFIG 0 0
1 0 460 95.5075 -473.474 -1 0 0 0 0.92923 -0.3695 0 -0.3695 -0.929231 2780.dat
1 7 490 99.7543 -453.846 0 0 1 -0.211133 0.977457 0 -0.977457 -0.211133 0 3713.dat
1 0 460 99.7542 -453.846 1 0 0 0 0.977457 0.211134 0 -0.211134 0.977457 3706.dat
1 0 510 112.344 -395.182 0 -1 0 -0.977737 0 -0.209834 0.209834 0 -0.977737 2825.dat
1 7 430 99.7544 -453.846 0 0 -1 0.211133 0.977457 0 0.977457 -0.211133 0 3713.dat
1 0 410 112.422 -395.199 0 1 0 0.977457 0 -0.211134 -0.211134 0 -0.977457 2825.dat
1 0 450 90.6055 -410.947 0 0 -1 0.211134 0.977457 0 0.977457 -0.211134 0 4276b.dat
1 0 450 85.7571 -471.284 0 0 -1 0.211134 0.977457 0 0.977457 -0.211134 0 3702.dat
1 14 460 80.6744 -419.033 0 0 -1 0.211134 0.977457 0 0.977457 -0.211134 0 3021.dat
1 0 470 90.6055 -410.947 0 0 -1 0.211134 0.977457 0 0.977457 -0.211134 0 4276b.dat
1 0 470 85.7571 -471.284 0 0 -1 0.211134 0.977457 0 0.977457 -0.211134 0 3702.dat
1 0 460 107.711 -414.642 1 0 0 0 0.977737 0.209834 0 -0.209834 0.977737 3706.dat
1 0 490 141.72 -438.755 0 0 1 0.929942 0.367707 0 -0.367707 0.929942 0 3894.dat
1 7 490.001 157.072 -452.979 0 0 -1 -0.929942 0.367707 0 0.367707 0.929942 0 3023.dat
1 7 490 154.131 -460.418 0 0 -1 -0.929942 0.367707 0 0.367707 0.929942 0 3023.dat
1 0 490 145.306 -482.737 0 0 -1 -0.929942 0.367707 0 0.367707 0.929942 0 3700.dat
1 0 500 148.983 -473.438 -1 0 0 0 0.92923 -0.3695 0 -0.3695 -0.929231 2780.dat
1 0 460 124.984 -507.459 1 0 0 0 0.92852 0.371283 0 -0.371283 0.92852 2904.dat
1 7 460 121.269 -495.204 1 0 0 0 0.92852 0.371282 0 -0.371282 0.92852 3666.dat
1 0 460 143.555 -525.655 0 0 -1 0.371283 0.92852 0 0.92852 -0.371283 0 3021.dat
1 0 510 139.835 -470.319 0 0 -1 0.371283 0.92852 0 0.92852 -0.371283 0 2730.dat
1 7 510 102.704 -541.63 0 0 -1 0.371283 0.92852 0 0.92852 -0.371283 0 3710.dat
1 7 410 102.704 -541.63 0 0 -1 0.371283 0.92852 0 0.92852 -0.371283 0 3710.dat
1 0 410 139.835 -470.318 0 0 -1 0.371283 0.92852 0 0.92852 -0.371283 0 2730.dat
1 0 420 149.121 -474.031 -1 0 0 0 0.92923 -0.3695 0 -0.3695 -0.929231 2780.dat
1 0 430 141.72 -438.756 0 0 1 0.929938 0.367717 0 -0.367716 0.929938 0 3894.dat
1 7 430 157.072 -452.979 0 0 -1 -0.929938 0.367716 0 0.367716 0.929938 0 3023.dat
1 7 430 154.131 -460.418 0 0 -1 -0.929938 0.367716 0 0.367716 0.929938 0 3023.dat
1 0 430 145.305 -482.737 0 0 -1 -0.929938 0.367716 0 0.367716 0.929938 0 3700.dat
1 0 420 163.972 -436.89 -1 0 0 0 0.92923 -0.3695 0 -0.3695 -0.929231 2780.dat
1 0 500.001 163.691 -436.24 -1 0 0 0 0.92923 -0.3695 0 -0.3695 -0.929231 2780.dat
1 7 430 133.699 -511.475 0 0 1 -0.977457 -0.211134 0 0.211134 -0.977457 0 3713.dat
1 0 460 134.269 -511.172 1 0 0 0 0.977457 0.211134 0 -0.211134 0.977457 3706.dat
1 7 490 134.293 -511.092 0 0 -1 -0.977457 0.211134 0 0.211133 0.977457 0 3713.dat
1 0 458 119.139 -547.664 1 0 0 0 0.92835 0.371706 0 -0.371706 0.92835 3707.dat
1 7 430 97.0814 -549.364 0 0 1 0.914445 0.40471 0 -0.40471 0.914445 0 3701.dat
1 0 440 82.578 -531.482 -1 0 0 0 0.915094 -0.40324 0 -0.40324 -0.915094 2780.dat
1 7 490 97.0814 -549.364 0 0 1 0.914445 0.40471 0 -0.40471 0.914445 0 3701.dat
1 0 480 82.8636 -532.043 -1 0 0 0 0.92923 -0.3695 0 -0.3695 -0.929231 2780.dat
1 0 450 71.4802 -375.157 0 0 1 0.929943 0.367705 0 -0.367705 0.929943 0 4275a.dat
1 14 440 59.2391 -378.919 0 0 -1 -0.929943 0.367705 0 0.367705 0.929943 0 3021.dat
1 0 460 43.5819 -364.125 1 0 0 0 0.365679 -0.930741 0 0.930741 0.365679 3710.dat
1 0 470 71.4643 -375.221 0 0 1 0.930741 0.36568 0 -0.365679 0.930741 0 4275a.dat
1 14 480 59.2315 -379.01 0 0 -1 -0.930741 0.365679 0 0.365679 0.930741 0 3021.dat
1 7 515 108.2 -414.747 0 0 1 -0.209834 0.977737 0 -0.977737 -0.209834 0 4265a.dat
1 7 525 119.418 -548.314 0 0 1 -0.371706 0.928351 0 -0.928351 -0.371706 0 4265a.dat
1 7 395 119.417 -548.314 0 0 -1 -0.92835 0.371706 0 0.371706 0.92835 0 4265a.dat
1 7 404 108.2 -414.748 0 0 -1 0.209835 0.977737 0 0.977737 -0.209835 0 4265a.dat
0
0 FILE engine.ldr
0 engine
0 ROTATION CENTER 0 0 0 1 "Custom" 
0 ROTATION CONFIG 0 0
1 7 460.001 178.359 -399.564 0 0 -1 0.371283 0.92852 0 0.92852 -0.371283 0 2853.dat
1 0 530 178.823 -399.75 1 0 0 0 0.92852 0.371283 0 -0.371283 0.92852 3706.dat
1 7 490.001 178.823 -399.75 0 0 1 -0.371283 0.92852 0 -0.92852 -0.371283 0 3713.dat
1 7 550 178.823 -399.75 0 0 -1 0.371283 0.92852 0 0.92852 -0.371283 0 4019.dat
1 7 460.001 174.646 -408.85 0 0 -1 -0.92852 0.371283 0 0.371283 0.92852 0 2852.dat
1 8 460.001 159.805 -445.963 1 0 0 0 0.367705 -0.929942 0 0.929942 0.367705 2851.dat
1 7 459.989 154.131 -460.418 0 0 -1 -0.929942 0.367705 0 0.367705 0.929942 0 2850.dat
1 7 440 144.413 -429.42 -1 0 0 0 -0.990268 -0.139172 0 -0.139172 0.990268 4274.dat
1 7 480 144.413 -429.42 1 0 0 0 -0.990268 0.139172 0 -0.139172 -0.990268 4274.dat
1 7 440 181.903 -444.516 -1 0 0 0 -0.407003 -0.913427 0 -0.913427 0.407004 3749.dat
1 7 480 182.571 -444.243 1 0 0 0 0.929675 0.368382 0 -0.368382 0.929675 3749.dat
0
0 FILE steer.ldr
0 STEER
0 Name: C:\USERS\USER\DESKTOP\POLAR\STEER.LDR
0 Author: LEGO Digital Designer 4.3
0 WORLD  865.4849 -270.9341 -503.1302 0.2900083 0.09726018 0.9520658 0.2714671 0.9455974 -0.1792888 -0.9177197 0.3104548 0.2478276
0 CENTRE  460 17 -597
0 LOOKAT  327 34 -615
0 ZOOM  62
0 ROTANGLE 0
0 ROTATION CENTER 0 0 0 1 "Custom" 
0 ROTATION CONFIG 0 0
1 0 460 90.9609 -627.289 1 0 0 0 0.800787 0.59895 0 -0.59895 0.800787 2905.dat
1 0 420 78.9491 -618.305 0 1 0 -0.800787 0 0.59895 0.59895 0 0.800787 3706.dat
1 0 460.5 50.9216 -597.342 1 0 0 0 0.800787 0.59895 0 -0.59895 0.800787 2905.dat
1 0 500 78.9493 -618.305 0 1 0 -0.800787 0 0.59895 0.59895 0 0.800787 3706.dat
1 7 480 63.233 -605.926 -1 0 0 0 0.598949 0.800787 0 0.800787 -0.598949 3713.dat
1 0 480 78.9492 -618.305 0 0 1 0.800787 0.59895 0 -0.59895 0.800787 0 3705.dat
1 7 480 79.2487 -617.905 -1 0 0 0 -0.59895 -0.800787 0 -0.800787 0.598949 3713.dat
1 0 480 135.304 -659.831 0 0 -1 0.59895 0.800787 0 0.800787 -0.59895 0 2909.dat
1 0 480 231.299 -732.255 0 0 -1 0.59895 0.800787 0 0.800787 -0.59895 0 2910.dat
1 494 480.001 204.674 -712.389 0 0 -1 -0.59895 -0.800787 0 -0.800787 0.59895 0 110.dat
1 494 440.001 204.674 -712.389 0 0 -1 -0.59895 -0.800787 0 -0.800787 0.59895 0 110.dat
1 0 460 91.194 -652.439 1 0 0 0 0.800787 0.598949 0 -0.598949 0.800787 3706.dat
1 7 460 91.9878 -653.058 0 0 -1 -0.800787 0.598949 0 0.598949 0.800787 0 3713.dat
1 7 440 63.2329 -605.926 -1 0 0 0 0.598949 0.800787 0 0.800787 -0.598949 3713.dat
1 0 440 78.9492 -618.305 0 0 1 0.800787 0.59895 0 -0.59895 0.800787 0 3705.dat
1 7 440 79.2487 -617.905 -1 0 0 0 -0.59895 -0.800787 0 -0.800787 0.598949 3713.dat
1 0 440 135.304 -659.831 0 0 -1 0.59895 0.800787 0 0.800787 -0.59895 0 2909.dat
1 0 440 231.299 -732.255 0 0 -1 0.59895 0.800787 0 0.800787 -0.59895 0 2910.dat
1 0 461 231.699 -732.555 0 0 -1 -0.139172 0.990268 0 0.990268 0.139172 0 2815.dat
1 7 461 231.699 -732.555 0 0 -1 -0.139172 0.990268 0 0.990268 0.139172 0 4185.dat
1 0 460 232.194 -732.485 1 0 0 0 0.990268 -0.139172 0 0.139172 0.990268 3705.dat
1 0 460 94.8993 -580.284 0 0 1 0.800787 0.59895 0 -0.59895 0.800787 0 3705.dat
1 0 459 23.3898 -576.308 1 0 0 0 0.990268 -0.139172 0 0.139172 0.990268 3706.dat
1 0 460 18.221 -593.242 1 0 0 0 0.267063 -0.963679 0 0.963679 0.267063 3022.dat
1 0 460 20.3576 -585.533 1 0 0 0 0.267063 -0.963679 0 0.963679 0.267063 2817.dat
1 7 484 23.3898 -576.308 0 0 -1 -0.139172 0.990268 0 0.990268 0.139172 0 4265a.dat
1 7 435 23.3898 -576.308 0 0 1 0.139172 0.990268 0 -0.990268 0.139172 0 4265a.dat
1 7 460 66.3706 -558.322 0 -1 0 0.598949 0 -0.800786 0.800786 0 0.598949 4265a.dat
1 7 460 124.027 -601.446 0 -1 0 -0.59895 0 0.800787 -0.800787 0 -0.59895 4265a.dat
1 7 500.607 6.57247 -516.465 -1 0 0 0 0.00536995 -1 0 -1 -0.00536987 4265a.dat
1 7 420.607 7.5725 -516.459 -1 0 0 0 0.00536995 -1 0 -1 -0.00536987 4265a.dat
1 7 500 38.575 -516.793 1 0 0 0 0.00536992 1 0 -1 0.00536984 4265a.dat
1 7 420 36.575 -516.804 1 0 0 0 0.00536992 1 0 -1 0.00536984 4265a.dat
1 7 495 232.194 -732.485 0 0 1 -0.990268 0.139172 0 -0.139172 -0.990268 0 4265a.dat
1 7 425 232.194 -732.485 0 0 -1 -0.990268 -0.139172 0 -0.139172 0.990268 0 4265a.dat
1 0 500.607 22.5725 -516.379 0 0 1 -1 0.00536939 0 -0.00536937 -1 0 3704.dat
1 0 524.06 21.972 -497.667 -0.77114 0.00193025 -0.636666 0.00193045 -1 -0.00536996 -0.636664 -0.00537006 0.771122 3704.dat
1 0 401.717 22.4715 -493.073 -0.629669 -0.00255988 0.776864 -0.00255976 -1 -0.00536985 0.776861 -0.00536983 0.629649 3704.dat
1 0 420.607 22.5725 -516.379 0 0 1 -1 0.00536939 0 -0.00536937 -1 0 3704.dat
1 0 500 23.2336 -546.376 0 0 1 0.00536944 1 0 -1 0.00536944 0 3704.dat
1 0 420.527 22.7336 -546.379 0 0 1 0.00536938 1 0 -1 0.00536938 0 3704.dat
1 7 500.5 38.9099 -588.358 1 0 0 0 -0.59895 0.800787 0 -0.800787 -0.59895 4273b.dat
1 7 500 23.2873 -556.376 -1 0 0 0 -1 -0.00536996 0 -0.00536996 1 4273b.dat
1 7 500.027 23.1799 -536.376 0 -1 -0.00537009 -1 0 0.00537018 -0.00537022 0.00537005 -1 4273b.dat
1 7 516.03 21.5041 -503.651 0 -0.636666 0.77114 1 -0.00414063 -0.00341857 0.00536954 0.771129 0.636656 4273b.dat
1 7 420 23.2873 -556.376 1 0 0 0 1 -0.00535997 0 0.00535997 1 4273b.dat
1 7 420.5 38.9099 -588.357 -1 0 0 0 0.598969 0.800772 0 0.800772 -0.598969 4273b.dat
1 7 420.027 23.1799 -536.376 0 -1 -0.00536998 -1 0 0.00537007 -0.00537011 0.00536995 -1 4273b.dat
1 7 408.014 22.5052 -500.842 0 -0.776864 -0.629669 1 0.00338137 -0.00417171 0.00536995 -0.62966 0.776852 4273b.dat
1 15 460 16.0845 -600.952 1 0 0 0 0.267063 -0.963679 0 0.963679 0.267063 3068bp87.dat
0
0 FILE susp_ensemble.ldr
0 New Model
0 Name: susp_ensemble.ldr
0 Author: MLCad
0 Unofficial Model
0 ROTATION CENTER 0 0 0 1 "Custom" 
0 ROTATION CONFIG 0 0
1 7 0 0 0 1 0 0 0 1 0 0 0 1 suspension.ldr
1 7 0 0 0 1 0 0 0 1 0 0 0 1 wheel.ldr
1 7 0 0 0 1 0 0 0 1 0 0 0 1 chain.ldr
0
0 FILE suspension.ldr
0 suspension
0 ROTATION CENTER 0 0 0 1 "Custom" 
0 ROTATION CONFIG 0 0
1 7 430.001 178.854 -399.496 0 0 -1 -0.135989 0.99071 0 0.99071 0.135989 0 3713.dat
1 0 400.001 178.854 -399.496 1 0 0 0 0.99071 -0.135989 0 0.135989 0.99071 3705.dat
1 7 370.001 178.854 -399.496 0 0 1 0.135989 0.99071 0 -0.99071 0.135989 0 3713.dat
1 14 510.001 150.093 -322.705 1 0 0 0 0.990624 -0.136619 0 0.136619 0.990624 3021.dat
1 0 530.001 158.018 -321.613 0 0 -1 -0.136619 0.990624 0 0.990624 0.136619 0 2730.dat
1 0 490.001 149.821 -262.175 0 0 -1 -0.136619 0.990624 0 0.990624 0.136619 0 3702.dat
1 0 490.001 133.699 -203.83 0 0 -1 -0.136619 0.990624 0 0.990624 0.136619 0 3710.dat
1 0 460.001 141.896 -263.268 1 0 0 0 0.990624 -0.136619 0 0.136619 0.990624 3709b.dat
1 7 460.001 151.187 -272.081 1 0 0 0 0.990624 -0.136619 0 0.136619 0.990624 3700.dat
1 0 430.001 149.821 -262.175 0 0 -1 -0.136619 0.990624 0 0.990624 0.136619 0 3702.dat
1 14 410.001 150.093 -322.705 1 0 0 0 0.990624 -0.136619 0 0.136619 0.990624 3021.dat
1 0 430.001 133.699 -203.83 0 0 -1 -0.136619 0.990624 0 0.990624 0.136619 0 3710.dat
1 0 390.001 158.018 -321.612 0 0 -1 -0.136619 0.990624 0 0.990624 0.136619 0 2730.dat
1 14 460.001 174.962 -268.802 1 0 0 0 0.990624 -0.136619 0 0.136619 0.990624 3460.dat
1 0 460.002 129.6 -174.111 1 0 0 0 0.990624 -0.136618 0 0.136618 0.990624 3023.dat
1 0 460.002 137.525 -173.018 1 0 0 0 0.990624 -0.136618 0 0.136618 0.990624 3702.dat
1 0 460.002 162.666 -179.646 1 0 0 0 0.990624 -0.136619 0 0.136619 0.990624 3709b.dat
1 7 510.001 167.924 -320.246 0 0 1 0.136619 0.990624 0 -0.990624 0.136619 0 3713.dat
1 0 458.001 167.924 -320.246 1 0 0 0 0.990624 -0.136619 0 0.136619 0.990624 3707.dat
1 7 410.001 167.924 -320.246 0 0 -1 -0.136619 0.990624 0 0.990624 0.136619 0 3713.dat
1 0 410.001 120.571 -282.461 0 0 1 -0.829576 -0.558393 0 0.558393 -0.829576 0 2909.dat
1 0 410.001 53.5637 -382.01 0 0 1 -0.829576 -0.558393 0 0.558393 -0.829576 0 2910.dat
1 7 400.001 158.817 -260.598 1 0 0 0 -0.829576 -0.558393 0 0.558393 -0.829576 3749.dat
1 7 400.001 53.3919 -381.936 -1 0 0 0 0.211134 0.977457 0 0.977457 -0.211134 3749.dat
1 14 390.001 53.2864 -382.425 0 1 0 0.211134 0 0.977457 0.977457 0 -0.211134 2825.dat
1 7 400.001 109.822 -404.867 0 0 1 -0.211134 0.977457 0 -0.977457 -0.211134 0 2853.dat
1 7 460.001 163.826 -290.527 1 0 0 0 0.990624 -0.136619 0 0.136619 0.990624 3647.dat
1 0 460.001 154.262 -221.184 0 0 1 0.136619 0.990624 0 -0.990624 0.136619 0 3707.dat
1 29 460.001 159.044 -255.855 1 0 0 0 0.990624 -0.136619 0 0.136619 0.990624 32123a.dat
1 7 520.001 158.953 -261.292 -1 0 0 0 -0.558397 -0.829574 0 -0.829574 0.558397 3749.dat
1 0 510.001 120.571 -282.461 0 0 1 -0.829576 -0.558393 0 0.558393 -0.829576 0 2909.dat
1 494 510.001 124.507 -276.438 0 0 1 -0.829576 -0.558393 0 0.558393 -0.829576 0 110.dat
1 494 410.001 124.507 -276.438 0 0 1 -0.829576 -0.558393 0 0.558393 -0.829576 0 110.dat
1 0 510.001 53.5635 -382.011 0 0 1 -0.829576 -0.558393 0 0.558393 -0.829576 0 2910.dat
1 7 520 109.821 -404.868 0 0 -1 -0.211135 -0.977457 0 -0.977457 0.211135 0 2853.dat
1 14 530 53.2845 -382.425 0 -1 0 -0.211134 0 0.977457 -0.977457 0 -0.211133 2825.dat
1 7 520.001 53.179 -382.914 1 0 0 0 -0.211134 0.977457 0 -0.977457 -0.211134 3749.dat
0
0 FILE chain.ldr
0 chain
0 ROTATION CENTER 0 0 0 1 "Custom" 
0 ROTATION CONFIG 0 0
1 7 570.001 162.459 -280.619 0 0 1 0.141725 0.989906 0 -0.989906 0.141725 0 3713.dat
1 0 546.001 162.459 -280.619 -1 0 0 0 0.989906 0.141725 0 0.141725 -0.989906 3706.dat
1 7 550.001 162.459 -280.618 7.30793e-005 2.57876e-005 1 0.141725 0.989906 -3.58854e-005 -0.989906 0.141725 6.86868e-005 3648.dat
1 15 592.001 161.964 -280.69 0 0 -1 -0.139172 0.990268 0 0.990268 0.139172 0 2903.dat
1 0 592.001 161.964 -280.69 0 0 -1 -0.139172 0.990268 0 0.990268 0.139172 0 2902.dat
1 7 510.001 162.459 -280.619 0 0 1 0.141725 0.989906 0 -0.989906 0.141725 0 3713.dat
1 0 550.008 196.779 -361.049 1 -3.04316e-005 6.97126e-005 -3.24734e-005 -0.999565 0.0294782 6.87852e-005 -0.0294782 -0.999565 3711.dat
1 0 550.007 197.034 -345.051 1 -3.34388e-005 6.8204e-005 -3.24429e-005 -0.999894 -0.0145501 6.86833e-005 0.0145501 -0.999894 3711.dat
1 0 550.005 197.205 -329.051 1 -3.315e-005 6.83353e-005 -3.24118e-005 -0.999942 -0.0107753 6.86886e-005 0.0107753 -0.999942 3711.dat
1 0 550.004 196.847 -313.055 1 -3.09349e-005 6.93668e-005 -3.24088e-005 -0.999772 0.0213496 6.86905e-005 -0.0213496 -0.999772 3711.dat
1 0 550.003 196.505 -297.059 1 -3.09349e-005 6.93668e-005 -3.24088e-005 -0.999772 0.0213496 6.86905e-005 -0.0213496 -0.999772 3711.dat
1 0 550.002 194.271 -281.212 1 -2.2801e-005 7.27868e-005 -3.24941e-005 -0.990697 0.136086 6.90068e-005 -0.136086 -0.990697 3711.dat
1 0 549.999 161.495 -250.927 1 5.96971e-005 4.73812e-005 -3.27339e-005 -0.225008 0.974357 6.88274e-005 -0.974357 -0.225008 3711.dat
1 0 550 177.267 -254.243 1 1.61082e-005 7.45739e-005 -3.26234e-005 -0.793308 0.608821 6.89671e-005 -0.608821 -0.793308 3711.dat
1 0 550.001 187.093 -266.884 1 0 7.40648e-005 -3.2062e-005 -0.898424 0.439128 6.67674e-005 -0.439128 -0.898424 3711.dat
1 0 550.009 197.251 -377.042 1 -3.0424e-005 6.97114e-005 -3.24657e-005 -0.999565 0.0294782 6.87842e-005 -0.0294782 -0.999565 3711.dat
1 0 550.01 197.807 -393.04 1 -4.1747e-005 6.37554e-005 -3.24463e-005 -0.990225 -0.13948 6.89551e-005 0.13948 -0.990225 3711.dat
1 0 550.008 153.544 -391.513 1 1.84623e-005 -7.35005e-005 -3.2458e-005 0.980753 -0.195252 6.8481e-005 0.195252 0.980753 3711.dat
1 0 550.009 157.889 -406.913 1 1.27997e-005 -7.46889e-005 -3.24382e-005 0.963066 -0.269267 6.84838e-005 0.269267 0.963066 3711.dat
1 0 550.011 168.277 -419.141 1 -1.87901e-005 -7.34047e-005 -3.23366e-005 0.770283 -0.637702 6.85249e-005 0.637702 0.770283 3711.dat
1 0 550.011 184.38 -420.357 1 -6.52398e-005 -3.87412e-005 -3.22255e-005 0.0970686 -0.995278 6.86923e-005 0.995278 0.0970686 3711.dat
1 0 550.011 195.695 -408.789 1 -7.18692e-005 2.50006e-005 -3.22784e-005 -0.698173 -0.715929 6.8908e-005 0.715929 -0.698173 3711.dat
1 0 549.999 145.792 -254.224 1 7.37457e-005 1.88696e-005 -3.27464e-005 0.192982 0.981202 6.8718e-005 -0.981202 0.192982 3711.dat
1 0 550.001 134.8 -297.36 1 1.84623e-005 -7.35005e-005 -3.24581e-005 0.980753 -0.195252 6.84811e-005 0.195252 0.980753 3711.dat
1 0 550 131.468 -281.665 1 4.68421e-005 -5.96467e-005 -3.25669e-005 0.975483 0.220076 6.84931e-005 -0.220076 0.975483 3711.dat
1 0 549.999 134.75 -265.928 1 7.13057e-005 -2.61956e-005 -3.26858e-005 0.715165 0.698955 6.85737e-005 -0.698955 0.715165 3711.dat
1 0 550.002 137.924 -313.052 1 1.84623e-005 -7.35005e-005 -3.24581e-005 0.980753 -0.195252 6.84811e-005 0.195252 0.980753 3711.dat
1 0 550.006 147.296 -360.128 1 1.84623e-005 -7.35005e-005 -3.2458e-005 0.980753 -0.195252 6.8481e-005 0.195252 0.980753 3711.dat
1 0 550.005 144.172 -344.436 1 1.84623e-005 -7.35005e-005 -3.2458e-005 0.980753 -0.195252 6.8481e-005 0.195252 0.980753 3711.dat
1 0 550.007 150.42 -375.82 1 1.84623e-005 -7.35005e-005 -3.2458e-005 0.980753 -0.195252 6.8481e-005 0.195252 0.980753 3711.dat
1 0 550.004 141.048 -328.744 1 1.84623e-005 -7.35005e-005 -3.2458e-005 0.980753 -0.195252 6.8481e-005 0.195252 0.980753 3711.dat
0
0 FILE wheel.ldr
0 wheel
0 ROTATION CENTER 0 0 0 1 "Custom" 
0 ROTATION CONFIG 0 0
1 15 328.001 161.964 -280.689 0 0 1 0.139172 0.990268 0 -0.990268 0.139172 0 2903.dat
1 0 328.001 161.964 -280.689 0 0 1 0.139172 0.990268 0 -0.990268 0.139172 0 2902.dat
1 0 374.001 162.46 -280.621 1 0 0 0 0.990624 -0.13662 0 0.13662 0.990624 3706.dat
1 7 350.001 162.46 -280.621 0 0 -1 -0.136619 0.990624 0 0.990624 0.136619 0 3713.dat
1 7 370.001 162.46 -280.621 0 0 -1 -0.136619 0.990624 0 0.990624 0.136619 0 3648.dat
1 7 410.001 162.46 -280.621 0 0 -1 -0.136619 0.990624 0 0.990624 0.136619 0 3713.dat
0
0
