0 FILE Untitled.ldr
0 Untitled
0 Name: Untitled.ldr
0 Author: marco
0 Unofficial Model
0 ROTATION CENTER 0 0 0 1 "Custom" 
0 ROTATION CONFIG 0 0
1 7 0 0 0 1 0 0 0 1 0 0 0 1 A.ldr
1 7 0 0 0 1 0 0 0 1 0 0 0 1 B.ldr
0
0 FILE A.ldr
0 A
0 ROTATION CENTER 0 0 0 1 "Custom" 
0 ROTATION CONFIG 0 0
1 7 0 -136 -100 1 0 0 0 1 0 0 0 1 3022.dat
1 15 0 -128 -90 -1 0 0 0 1 0 0 0 -1 3710.dat
1 7 0 -120 -100 1 0 0 0 1 0 0 0 1 3022.dat
1 1 0 -112 -90 1 0 0 0 1 0 0 0 1 3710.dat
1 7 -1.31626e-005 -104 -100 1 0 0 0 1 0 0 0 1 3022.dat
1 1 -1.19209e-005 -96 -90 -1 0 0 0 1 0 0 0 -1 3666.dat
1 15 -30 -136 -60 0 0 1 0 1 0 -1 0 0 3710.dat
1 7 -40 -128 -60 1 0 0 0 1 0 0 0 1 3022.dat
1 1 -30 -120 -60 0 0 -1 0 1 0 1 0 0 3710.dat
1 7 -40 -112 -60 1 0 0 0 1 0 0 0 1 3022.dat
1 4 -30 -104 -60 0 0 -1 0 1 0 1 0 0 3710.dat
1 7 -40 -96 -60 1 0 0 0 1 0 0 0 1 3022.dat
1 1 -50 -88 -60 0 0 -1 0 1 0 1 0 0 3701.dat
1 4 -50 -64 -60 0 0 -1 0 1 0 1 0 0 3666.dat
1 15 -50 -56 -60 0 0 -1 0 1 0 1 0 0 3701.dat
1 15 -50 -32 -60 0 0 -1 0 1 0 1 0 0 3666.dat
1 15 30 -136 -60 0 0 1 0 1 0 -1 0 0 3710.dat
1 7 40 -128 -60 1 0 0 0 1 0 0 0 1 3022.dat
1 1 30 -120 -60 0 0 -1 0 1 0 1 0 0 3710.dat
1 7 40 -112 -60 1 0 0 0 1 0 0 0 1 3022.dat
1 4 30 -104 -60 0 0 -1 0 1 0 1 0 0 3710.dat
1 7 40 -96 -60 1 0 0 0 1 0 0 0 1 3022.dat
1 1 50 -88 -60 0 0 -1 0 1 0 1 0 0 3701.dat
1 4 50 -64 -60 0 0 -1 0 1 0 1 0 0 3666.dat
1 15 50 -56 -60 0 0 -1 0 1 0 1 0 0 3701.dat
1 15 50 -32 -60 0 0 -1 0 1 0 1 0 0 3666.dat
1 1 -120 -32 -110 1 0 0 0 1 0 0 0 1 3710.dat
1 15 -2.38419e-005 -56 -110 1 0 0 0 1 0 0 0 1 3703.dat
1 1 -120 -24 -110 1 0 0 0 1 0 0 0 1 3010.dat
1 1 120 -32 -110 1 0 0 0 1 0 0 0 1 3710.dat
1 1 120 -24 -110 1 0 0 0 1 0 0 0 1 3010.dat
1 7 110 -88 -60 0 0 -1 0 1 0 1 0 0 3700.dat
1 15 110 -64 -60 0 0 -1 0 1 0 1 0 0 3666.dat
1 15 110 -56 -60 0 0 -1 0 1 0 1 0 0 3700.dat
1 15 0 -128 -30.0001 -1 0 0 0 1 0 0 0 -1 3710.dat
1 7 0 -136 -20 1 0 0 0 1 0 0 0 1 3022.dat
1 7 0 -120 -20 1 0 0 0 1 0 0 0 1 3022.dat
1 1 0 -112 -30 1 0 0 0 1 0 0 0 1 3710.dat
1 7 0 -104 -20 1 0 0 0 1 0 0 0 1 3022.dat
1 1 0 -96 -30 -1 0 0 0 1 0 0 0 -1 3666.dat
1 1 -120 -32 -10 1 0 0 0 1 0 0 0 1 3710.dat
1 15 -1.19209e-005 -56 -10 1 0 0 0 1 0 0 0 1 3703.dat
1 1 -120 -24 -10 1 0 0 0 1 0 0 0 1 3010.dat
1 1 120 -32 -10 1 0 0 0 1 0 0 0 1 3710.dat
1 1 120 -24 -10 1 0 0 0 1 0 0 0 1 3010.dat
0
0 FILE B.ldr
0 B
0 ROTATION CENTER 0 0 0 1 "Custom" 
0 ROTATION CONFIG 0 0
1 0 0 -32.3678 -59.9701 1 0 0 0 -0.733108 -0.680112 0 0.680112 -0.733108 3705.dat
1 7 -40 -46.8666 -59.66 1 0 0 0 -0.733108 -0.680112 0 0.680112 -0.733108 3749.dat
1 0 80 -46.1335 -60.3401 1 0 0 0 0.733108 0.680113 0 -0.680113 0.733108 3706.dat
1 7 70 -46.1335 -60.34 0 0 -1 0.680112 0.733108 0 0.733108 -0.680112 0 3647.dat
1 7 130 -46.1335 -60.34 0 0 -1 0.680113 0.733108 0 0.733108 -0.680113 0 3713.dat
1 7 154 -91.7704 -74.7182 -1 0 0 0 1 0 0 0 -1 4274.dat
1 7 150 -78.0414 -60.1747 0 0 -1 0.230892 0.97298 0 0.97298 -0.230892 0 4185.dat
1 0 100 -78.0135 -60.1155 1 0 0 0 0.972979 0.230893 0 -0.230893 0.972979 3706.dat
1 7 70 -78.0135 -60.1155 0 0 -1 0.230893 0.972979 0 0.972979 -0.230893 0 4019.dat
1 7 90 -78.0135 -60.1155 0 0 -1 0.230893 0.972979 0 0.972979 -0.230893 0 3713.dat
1 7 130 -78.0135 -60.1155 0 0 -1 0.230894 0.972979 0 0.972979 -0.230894 0 3713.dat
1 7 -30 -46.8666 -59.66 0 0 -1 -0.680113 -0.733108 0 -0.733108 0.680113 0 3648a.dat
1 7 28 -46.8666 -59.66 0 0 -1 -0.680112 -0.733108 0 -0.733108 0.680112 0 3648a.dat
1 0 0 -62.7344 -59.13 0 0 1 1 0 0 0 1 0 3704.dat
1 7 0 -52.7344 -59.13 1 0 0 0 0 -1 0 1 0 3651.dat
1 7 0 -72.7344 -59.13 0 1 0 0 0 1 1 0 0 3651.dat
1 7 0 -93.7344 -59.13 0 0 -1 0 1 0 1 0 0 3652.dat
0
0
