0 FILE 8847_B.ldr
0 Untitled
0 Name: 8847_B.ldr
0 Author: marco
0 Unofficial Model
0 ROTATION CENTER 0 0 0 1 "Custom" 
0 ROTATION CONFIG 0 0
1 7 0 9.788 50.487 1 0 0 0 0.961262 0.275637 0 -0.275637 0.961262 part2.ldr
1 7 0 215.081 -25.139 1 0 0 0 0.636079 0.771625 0 -0.771625 0.636079 B.ldr
0
0 FILE B.ldr
0 B
0 ROTATION CENTER 0 0 0 1 "Custom" 
0 ROTATION CONFIG -1 0
1 0 19.001 114.282 -299.736 0 0 1 -0.999981 0.00622552 0 -0.00622552 -0.999981 0 2815.dat
1 7 19.001 114.282 -299.736 0 0 1 -0.999981 0.00622552 0 -0.00622552 -0.999981 0 4185.dat
1 0 20.001 114.293 -300.236 -1 0 0 0 0.00622524 -0.999981 0 -0.999981 -0.00622524 3705.dat
1 7 -9.999 114.293 -300.236 0 0 1 -0.999981 0.00622565 0 -0.00622565 -0.999981 0 3713.dat
1 7 50.001 114.293 -300.236 0 0 -1 0.999981 0.00622552 0 0.00622552 -0.999981 0 3713.dat
1 0 10.001 -25.714 -300.606 -1 0 0 0 0.00622524 -0.999981 0 -0.999981 -0.00622524 4519.dat
1 7 -9.299 -25.712 -301.109 0 0 -1 0.999981 0.00622538 0 0.00622538 -0.999981 0 3713.dat
1 0 30.001 -155.71 -301.921 0 0 -1 0.999997 -0.00250081 0 -0.00250089 -0.999997 0 3708.dat
1 7 30.001 -149.706 -301.882 1 0 0 0 0.00623592 0.999981 0 -0.999981 0.00623592 3713.dat
1 7 30.001 -189.708 -302.13 1 0 0 0 0.00622538 0.999981 0 -0.999981 0.00622538 3713.dat
1 0 10.001 -155.715 -300.919 0 0 -1 0.999981 0.00623611 0 0.00623594 -0.999981 0 3708.dat
1 7 10.001 -149.706 -301.881 1 0 0 0 0.00623592 0.999981 0 -0.999981 0.00623592 3713.dat
1 7 10.001 -189.709 -302.129 1 0 0 0 0.00623592 0.999981 0 -0.999981 0.00623592 3713.dat
1 7 70.001 -276.858 -297.55 0 0 -1 0.859583 0.510996 0 0.510996 -0.859583 0 4274.dat
1 0 20.001 -285.708 -302.731 -1 0 0 0 0.510996 -0.859583 0 -0.859583 -0.510996 3705.dat
1 0 119.499 -311.432 -259.935 -0.707109 0 -0.707104 0.361334 -0.859579 -0.361334 -0.607811 -0.511003 0.607817 3706.dat
1 0 -79.85 -310.823 -259.987 0.707108 0 -0.707106 0.361332 -0.859583 0.361327 -0.607815 -0.510997 -0.607819 3706.dat
1 7 -29.999 -276.858 -297.551 0 0 -1 0.859583 0.510996 0 0.510996 -0.859583 0 4274.dat
1 7 20.001 -169.77 -292.006 0 -1 0 0.00622016 0 0.999981 -0.999981 0 0.00622025 3648a.dat
1 0 20.002 -184.87 -276.097 0 0.656059 -0.754709 0.999981 0.00469811 0.00408408 0.00622552 -0.754695 -0.656046 3705.dat
1 7 20.002 -209.87 -276.253 -0.75471 0.656059 0 0.00408422 0.00469811 -0.99998 -0.656046 -0.754695 -0.00622493 3647.dat
1 7 138.591 -321.188 -243.526 0 -0.707107 0.707107 0.859583 -0.361329 -0.361329 0.510996 0.607817 0.607817 4143.dat
1 7 -98.588 -321.188 -243.526 0.707106 0 -0.707106 -0.361329 0.859583 -0.361328 0.607817 0.510996 0.607819 4143.dat
1 7 -44.141 -293.369 -290.33 0 0.707107 -0.707106 -0.859583 -0.361328 -0.361329 -0.510996 0.607817 0.607817 4273b.dat
1 7 -9.999 -285.456 -302.659 0 0 1 0.859583 -0.510996 0 0.510996 0.859583 0 4273b.dat
1 7 10.001 -265.706 -302.603 1 0 0 0 0.00623539 0.999981 0 -0.999981 0.00623539 4273b.dat
1 7 30.001 -265.706 -302.603 -1 0 0 0 -0.00622571 0.999981 0 0.999981 0.00622588 4273b.dat
1 7 50.002 -285.456 -302.659 0 0 -1 0.859583 0.510996 0 0.510996 -0.859583 0 4273b.dat
1 7 84.143 -293.37 -290.33 0 0.707107 0.707107 -0.859583 0.361329 -0.361329 -0.510996 -0.607817 0.607817 4273b.dat
1 7 9.001 -45.709 -301.233 -1 0 0 0 0.0062256 -0.999981 0 -0.999981 -0.0062256 4273b.dat
1 7 30.001 -45.71 -301.235 1 0 0 0 -0.0062251 -0.999981 0 0.999981 -0.0062251 4273b.dat
1 7 1.101 44.288 -300.67 0 1 0 -0.999981 0 -0.00622568 -0.00622588 0 0.999981 4442.dat
1 7 38.801 44.289 -300.67 0 -1 0 -0.99998 0 0.00622588 -0.00622585 0 -0.999981 4442.dat
1 7 15.001 -285.708 -302.731 0 0 -1 -0.859583 -0.510996 0 -0.510996 0.859583 0 4265a.dat
1 7 25.001 -285.456 -302.659 0 0 1 -0.859583 0.510996 0 -0.510996 -0.859583 0 4265b.dat
0
0 FILE part2.ldr
0 New Model
0 Name: part2.ldr
0 Author: MLCad
0 Unofficial Model
0 ROTATION CENTER 0 0 0 1 "Custom" 
0 ROTATION CONFIG 0 0
1 7 0 0 0 1 0 0 0 1 0 0 0 1 A.ldr
1 7 0 0 0 1 0 0 0 1 0 0 0 1 E.ldr
1 7 0 0 0 1 0 0 0 1 0 0 0 1 C.ldr
1 7 0 0 0 1 0 0 0 1 0 0 0 1 D.ldr
1 7 0 0 0 1 0 0 0 1 0 0 0 1 F.ldr
0
0 FILE A.ldr
0 A
0 ROTATION CENTER 0 0 0 1 "Custom" 
0 ROTATION CONFIG 0 0
1 1 -9.99998 -120 -70 1 0 0 0 1 0 0 0 1 3040b.dat
1 15 20 -8 -90 1 0 0 0 1 0 0 0 1 3666.dat
1 1 40 -8 -20 1 0 0 0 1 0 0 0 1 3020.dat
1 1 10 -32 -30 0 0 1 0 1 0 -1 0 0 3622.dat
1 1 30 -32 -30 0 0 1 0 1 0 -1 0 0 3622.dat
1 15 70 -32 40 0 0 -1 0 1 0 1 0 0 3703.dat
1 4 70 -40 100 0 0 -1 0 1 0 1 0 0 3460.dat
1 1 70 -64 60 0 0 -1 0 1 0 1 0 0 3010.dat
1 7 60 -40 -100 1 0 0 0 1 0 0 0 1 3022.dat
1 7 50 -32 -100 0 0 -1 0 1 0 1 0 0 3700.dat
1 7 -10 -32 -100 0 0 -1 0 1 0 1 0 0 3700.dat
1 7 -20 -40 -100 1 0 0 0 1 0 0 0 1 3022.dat
1 15 -30 -32 40 0 0 -1 0 1 0 1 0 0 3703.dat
1 4 -30 -40 100 0 0 -1 0 1 0 1 0 0 3460.dat
1 1 -30 -64 60 0 0 -1 0 1 0 1 0 0 3010.dat
1 15 20 -72 80 1 0 0 0 1 0 0 0 1 3958.dat
1 7 20 -64 120 1 0 0 0 1 0 0 0 1 3022.dat
1 1 20 -128 130 -1 0 0 0 1 0 0 0 -1 3700.dat
1 15 20 -104 130 -1 0 0 0 1 0 0 0 -1 3710.dat
1 15 20 -96 130 1 0 0 0 1 0 0 0 1 3023.dat
1 7 20 -88 130 -1 0 0 0 1 0 0 0 -1 3710.dat
1 15 20 -80 130 1 0 0 0 1 0 0 0 1 3023.dat
1 1 70 -96 70 1 0 0 0 1 0 0 0 1 4286.dat
1 1 70 -96 100 0 0 -1 0 1 0 1 0 0 3700.dat
1 1 70 -120 110 1 0 0 0 1 0 0 0 1 4286.dat
1 1 20 -120 110 1 0 0 0 1 0 0 0 1 3010.dat
1 1 20 -96 110 1 0 0 0 1 0 0 0 1 3010.dat
1 1 20 -128 110 1 0 0 0 1 0 0 0 1 3666.dat
1 1 -30 -120 110 1 0 0 0 1 0 0 0 1 4286.dat
1 1 -30 -96 100 0 0 -1 0 1 0 1 0 0 3700.dat
1 1 -30 -96 70 1 0 0 0 1 0 0 0 1 4286.dat
1 15 10 0 -20 0 0 -1 0 1 0 1 0 0 3700.dat
1 1 30 0 -40 0 0 -1 0 1 0 1 0 0 3894.dat
1 1 20 -56 110 1 0 0 0 1 0 0 0 1 3004.dat
1 15 40 -8 110 1 0 0 0 1 0 0 0 1 3710.dat
1 1 20 -32 110 -1 0 0 0 1 0 0 0 -1 3700.dat
1 4 20 -152 110 1 0 0 0 1 0 0 0 1 3004.dat
1 7 20 24 -20 1 0 0 0 1 0 0 0 1 3022.dat
1 4 20 -40 -50 1 0 0 0 1 0 0 0 1 3666.dat
1 4 20 -40 -30 1 0 0 0 1 0 0 0 1 3666.dat
1 4 20 -40 -9.99999 1 0 0 0 1 0 0 0 1 3666.dat
1 15 20 -64 -9.99999 1 0 0 0 1 0 0 0 1 3701.dat
1 1 -10 -72 -9.99999 1 0 0 0 1 0 0 0 1 3024.dat
1 1 50 -72 -9.99999 1 0 0 0 1 0 0 0 1 3024.dat
1 1 20 -96 -9.99999 1 0 0 0 1 0 0 0 1 3010.dat
1 1 20 -104 -40 0 0 -1 0 1 0 1 0 0 3020.dat
1 1 20 -96 -70 -1 0 0 0 1 0 0 0 -1 3710.dat
1 1 20 -112 -70 1 0 0 0 1 0 0 0 1 3023.dat
1 1 20 -112 -40 1 0 0 0 1 0 0 0 1 3022.dat
1 1 10 -120 -60 0 0 -1 0 1 0 1 0 0 3023.dat
1 1 30 -120 -60 0 0 -1 0 1 0 1 0 0 3023.dat
1 15 60 -64 -60 0 0 -1 0 1 0 1 0 0 3831.dat
1 1 50 -88 -60 0 0 -1 0 1 0 1 0 0 3701.dat
1 15 60 -64 -60 0 0 -1 0 1 0 1 0 0 3830.dat
1 1 50 -96 -40 0 0 -1 0 1 0 1 0 0 3023.dat
1 1 50 -120 -50 -1 0 0 0 1 0 0 0 -1 4286.dat
1 15 -20 -64 -60 0 0 1 0 1 0 -1 0 0 3830.dat
1 1 -9.99999 -88 -60 0 0 -1 0 1 0 1 0 0 3701.dat
1 15 -20 -64 -60 0 0 1 0 1 0 -1 0 0 3831.dat
1 1 -9.99999 -96 -40 0 0 -1 0 1 0 1 0 0 3023.dat
1 1 -9.99999 -120 -50 -1 0 0 0 1 0 0 0 -1 4286.dat
1 1 20 -8 -50 1 0 0 0 1 0 0 0 1 3023.dat
1 15 20 -40 190 1 0 0 0 1 0 0 0 1 3666.dat
1 7 20 -64 190 -1 0 0 0 1 0 0 0 -1 3937.dat
1 1 -9.99999 -64 190 1 0 0 0 1 0 0 0 1 3005.dat
1 1 50 -64 190 1 0 0 0 1 0 0 0 1 3005.dat
1 15 20 -72 190 1 0 0 0 1 0 0 0 1 3710.dat
1 7 20 -80 200 1 0 0 0 1 0 0 0 1 3022.dat
1 1 20 -88 190 -1 0 0 0 1 0 0 0 -1 3710.dat
1 7 20 -96 200 1 0 0 0 1 0 0 0 1 3022.dat
1 1 20 -104 190 -1 0 0 0 1 0 0 0 -1 3710.dat
1 7 -20 -72 160 1 0 0 0 1 0 0 0 1 3022.dat
1 4 -10 -80 160 0 0 -1 0 1 0 1 0 0 3710.dat
1 7 -20 -88 160 1 0 0 0 1 0 0 0 1 3022.dat
1 15 -10 -96 160 0 0 -1 0 1 0 1 0 0 3710.dat
1 7 -20 -104 160 1 0 0 0 1 0 0 0 1 3022.dat
1 7 -10 -128 160 0 0 1 0 1 0 -1 0 0 3937.dat
1 7 60 -72 160 1 0 0 0 1 0 0 0 1 3022.dat
1 4 50 -80 160 0 0 -1 0 1 0 1 0 0 3710.dat
1 7 60 -88 160 1 0 0 0 1 0 0 0 1 3022.dat
1 15 50 -96 160 0 0 -1 0 1 0 1 0 0 3710.dat
1 7 60 -104 160 1 0 0 0 1 0 0 0 1 3022.dat
1 7 50 -128 160 0 0 -1 0 1 0 1 0 0 3937.dat
1 4 -20 -40 -70 1 0 0 0 1 0 0 0 1 3023.dat
1 1 20 -32 -70 1 0 0 0 1 0 0 0 1 3010.dat
1 15 20 -7.99999 -70 1 0 0 0 1 0 0 0 1 3666.dat
1 4 60 -40 -70 1 0 0 0 1 0 0 0 1 3023.dat
1 1 20 -96 -90 -1 0 0 0 1 0 0 0 -1 3710.dat
1 1 20 -104 -90 1 0 0 0 1 0 0 0 1 3023.dat
1 1 20 -112 -90 1 0 0 0 1 0 0 0 1 3023.dat
1 1 50 -120 -70 1 0 0 0 1 0 0 0 1 3040b.dat
1 1 10 0 -80 0 0 -1 0 1 0 1 0 0 3700.dat
1 0 20 -78 -40 1 0 0 0 1 0 0 0 1 3705.dat
1 14 70 -64 190 1 0 0 0 1 0 0 0 1 3063b.dat
1 14 70 -64 130 1 0 0 0 1 0 0 0 1 3063b.dat
1 14 -30 -64 190 0 0 1 0 1 0 -1 0 0 3063b.dat
1 14 -30 -64 130 0 0 1 0 1 0 -1 0 0 3063b.dat
1 7 20 -54 200 1 0 0 0 0 1 0 -1 0 3938.dat
1 0 10 -54 224 1 0 0 0 0 1 0 -1 0 3062b.dat
1 0 30 -54 224 1 0 0 0 0 1 0 -1 0 3062b.dat
1 0 20 9.50001 -80.5 -1 0 0 0 0 -1 0 -1 0 2780.dat
1 7 -16.5617 -125.546 160 0 0.656166 -0.754616 0 0.754616 0.656166 1 0 0 3938.dat
1 0 -32.3097 -143.657 150 -0.754616 0.656166 0 0.656166 0.754616 0 0 0 -1 3062b.dat
1 0 -32.3097 -143.657 170 -0.754616 0.656166 0 0.656166 0.754616 0 0 0 -1 3062b.dat
1 7 57.3245 -124.808 160 0 -0.732453 -0.680818 0 0.680818 -0.732453 1 0 0 3938.dat
1 0 74.9034 -141.148 150 0.680817 -0.732453 0 0.732453 0.680817 0 0 0 1 3062b.dat
1 0 74.9034 -141.148 170 0.680817 -0.732453 0 0.732453 0.680817 0 0 0 1 3062b.dat
1 0 20 -22 -100 1 0 0 0 1 0 0 0 1 3737.dat
0
0 FILE C.ldr
0 C
0 ROTATION CENTER 0 0 0 1 "Custom" 
0 ROTATION CONFIG 0 0
1 0 19.5 -67.112 -94.9358 0 1 0 -0.554022 0 -0.832502 -0.832502 0 0.554022 3705.dat
1 7 20.5 -83.2375 -46.9674 -1 0 0 0 0.554021 0.832503 0 0.832502 -0.554021 4261.dat
1 7 20.5 -17.1913 -92.1216 -1 0 0 0 -0.554021 -0.832503 0 -0.832503 0.554021 4261.dat
1 7 20.4999 -83.7327 -119.911 0 -1 0 0.832502 0 0.554021 -0.554021 0 0.832502 3651.dat
0
0 FILE D.ldr
0 D
0 ROTATION CENTER 0 0 0 1 "Custom" 
0 ROTATION CONFIG 0 0
1 7 90 -22 80 0 0 -1 0 1 0 1 0 0 4019.dat
1 0 98 -22.5 80.5 -1 0 0 0 0 1 0 1 0 3706.dat
1 7 50 -22 80 0 0 -1 0 1 0 1 0 0 3647.dat
1 7 133 -22 80 0 0 1 0 1 0 -1 0 0 4266.dat
1 0 133 -22 80 0 0 -1 0 1 0 1 0 0 4267.dat
0
0 FILE E.ldr
0 E
0 Name: C:\USERS\USER\DESKTOP\E.LDR
0 Author: LEGO Digital Designer 4.3
0 WORLD  -81.06165 34.07193 -127.6515 0.9996369 0.01325781 0.02347583 0.001438204 0.843248 -0.5375215 -0.02692197 0.5373606 0.8429217
0 CENTRE  0 0 0
0 LOOKAT  0 0 0
0 ZOOM  50
0 ROTANGLE 0
0 ROTATION CENTER 0 0 0 1 "Custom" 
0 ROTATION CONFIG 0 0
1 71 -10 9.5 -19.5 0 0 -1 -1 0 0 0 1 0 4019.dat
1 7 0 9.5 -19.5 -1 0 0 0 -1 0 0 0 1 3749.dat
1 0 -10.0109 25.2872 -8.5311 -1 0 0 0 -0.982178 -0.187956 0 -0.187956 0.982178 3711.dat
1 0 -10.0109 22.2799 7.18375 -1 0 0 0 -0.982178 -0.187956 0 -0.187956 0.982178 3711.dat
1 0 -10.0109 28.2945 -24.2459 -1 0 0 0 -0.982178 -0.187956 0 -0.187956 0.982178 3711.dat
1 0 -10.0144 16.2653 38.6134 -1 0 0 0 -0.982178 -0.187956 0 -0.187956 0.982178 3711.dat
1 0 -10.0144 19.2726 22.8986 -1 0 0 0 -0.982178 -0.187956 0 -0.187956 0.982178 3711.dat
1 0 -10.0098 20.099 -37.9876 -1 0 0 0 -0.858855 0.512219 0 0.512219 0.858855 3711.dat
1 0 -10.0104 4.03305 -40.9281 -1 0 0 0 -0.187633 0.982239 0 0.982239 0.187633 3711.dat
1 0 -10.0116 -8.80876 -30.7401 -1 0 0 0 0.615772 0.787925 0 0.787925 -0.615772 3711.dat
1 0 -10.0126 -16.2127 -16.2057 -1 0 0 0 0.883296 0.468815 0 0.468815 -0.883296 3711.dat
1 0 -10.0132 -22.6619 -1.50058 -1 0 0 0 0.910709 0.413048 0 0.413048 -0.910709 3711.dat
1 0 -10.0138 -29.2428 13.0845 -1 0 0 0 0.910709 0.413048 0 0.413048 -0.910709 3711.dat
1 0 -10.0144 -35.8516 27.6558 -1 0 0 0 0.910709 0.413048 0 0.413048 -0.910709 3711.dat
1 0 -10.0165 9.24236 86.0493 -1 0 0 0 -0.887589 -0.460637 0 -0.460637 0.887589 3711.dat
1 0 -10.0167 10.3871 70.0903 -1 0 0 0 -0.997437 -0.0715451 0 -0.0715451 0.997437 3711.dat
1 0 -10.0167 13.1998 54.3207 -1 0 0 0 -0.982178 -0.187956 0 -0.187956 0.982178 3711.dat
1 0 -10.0136 -28.0156 110.859 -1 0 0 0 0.451972 -0.892032 0 -0.892032 -0.451972 3711.dat
1 0 -10.0136 -12.2804 107.96 -1 0 0 0 -0.181195 -0.983447 0 -0.983447 0.181195 3711.dat
1 0 -10.0148 2.13357 100.604 -1 0 0 0 -0.439959 -0.898018 0 -0.898018 0.439959 3711.dat
1 0 -10.015 -42.4603 42.2272 -1 0 0 0 0.910709 0.413048 0 0.413048 -0.910709 3711.dat
1 0 -10.0178 -55.875 87.5722 -1 0 0 0 0.998795 0.0490942 0 0.0490942 -0.998794 3711.dat
1 0 -10.0178 -47.3667 101.122 -1 0 0 0 0.846888 -0.531771 0 -0.531771 -0.846888 3711.dat
1 0 -10.0155 -49.0691 56.7985 -1 0 0 0 0.910709 0.413048 0 0.413048 -0.910709 3711.dat
1 0 -10.0161 -55.2715 71.5474 -1 0 0 0 0.921807 0.387649 0 0.387649 -0.921807 3711.dat
1 7 -50 -22 80.0061 0 0 -1 -0.0121824 1 0 1 0.0121824 0 4019.dat
1 0 -50 -22 80.0061 -1 0 0 0 -0.0121824 1 0 1 0.0121824 3706.dat
1 7 3 -22.5061 80.5 0 0 -1 -0.0121815 1 0 1 0.0121824 0 4143.dat
0 Assembly 2
0 Assembly 2
1 7 -93.7 -22.5061 80.5 0 0 -1 -0.0121816 1 0 1 0.0121825 0 4266.dat
1 0 -93.7 -22.5061 80.5 0 0 -1 -0.0121816 1 0 1 0.0121825 0 4267.dat
1 7 -10 -22.5061 80.5 0 0 -1 -0.0121824 1 0 1 0.0121824 0 3648a.dat
0
0 FILE F.ldr
0 F
0 Name: C:\USERS\USER\DESKTOP\F.LDR
0 Author: LEGO Digital Designer 4.3
0 WORLD  29.39356 -36.25994 44.76853 -0.08640976 -0.09361594 0.9918503 0.2764762 0.9542171 0.1141535 -0.9571272 0.2840855 -0.05657109
0 CENTRE  0 0 0
0 LOOKAT  68 -42 281
0 ZOOM  54
0 ROTANGLE 0
0 ROTATION CENTER 0 0 0 1 "Custom" 
0 ROTATION CONFIG 0 0
1 7 20.1266 -36.6372 150 0 -0.688188 0.725532 0 0.725532 0.688188 -1 0 0 3673.dat
1 0 20.3628 -22.1559 109.5 0 -0.688188 0.725532 0 0.725532 0.688188 -1 0 0 3705.dat
1 7 19.6559 -22.1372 140 -0.725532 -0.688188 0 -0.688188 0.725532 0 0 0 -1 3648b.dat
1 7 19.6559 -22.1373 98 0.688188 0.725533 0 -0.725533 0.688188 0 0 0 1 4143.dat
1 0 19.1266 -66.6372 160 0 1 0 -1 0 0 0 0 1 3704.dat
1 7 19.2825 -56.2744 160 0 -1 0 0 0 -1 1 0 0 3651.dat
1 7 19.1266 -71.6372 160 -1 0 0 0 0 1 0 1 0 3651.dat
1 7 19.1266 -91.6372 160 -1 0 0 0 1 0 0 0 -1 3652.dat
0 
0 
0 
0
0
