0 FILE Anakin Jedi Interceptor.ldr
0 Anakin Jedi Interceptor
0 Name: Anakin Jedi Interceptor.ldr
0 Author: LDraw
0 Unofficial Model
0 ROTATION CENTER 0 0 0 1 "Custom" 
0 ROTATION CONFIG 0 0
1 0 -134 -88 -394 1 0 0 0 0.92388 -0.382683 0 0.382683 0.92388 Part 3.ldr
1 0 -334 8 140 0.707107 0 -0.707107 0 1 0 0.707107 0 0.707107 Part 1.ldr
1 0 -324 8 -54 0.92388 0 -0.382683 0 1 0 0.382683 0 0.92388 Part 2.ldr
1 0 -504 72 -284 0 0 1 0 1 0 -1 0 0 Battle Droid.ldr
1 0 -474 64 -354 0 0 1 0 1 0 -1 0 0 Nute Gunray.ldr
1 0 -434 72 -474 0 0 1 0 1 0 -1 0 0 Obi-Wan.ldr
1 0 -554 72 -184 0 0 1 0 1 0 -1 0 0 Anakin.ldr
1 0 -484 88 16 0 0 1 0 1 0 -1 0 0 R2-D2.ldr
0
0 FILE Anakin.ldr
0 Anakin
0 Name: Anakin.ldr
0 Author: LDraw
0 Unofficial Model
0 ROTATION CENTER 0 0 0 1 "Custom" 
0 ROTATION CONFIG 0 0
1 308 0 -24 0 1 0 0 0 1 0 0 0 1 10048.dat
1 78 0 -24 0 1 0 0 0 1 0 0 0 1 3626bp01.dat
1 0 0 0 0 1 0 0 0 1 0 0 0 1 973.dat
1 308 0 32 0 1 0 0 0 1 0 0 0 1 3815.dat
1 0 -15.552 9 0 0.985 -0.17 0 0.17 0.985 0 0 0 1 3818.dat
1 0 15.552 9 0 0.985 0.17 0 -0.17 0.985 0 0 0 1 3819.dat
1 0 -23.8634 26.5956 -10.321 0.985 -0.12019 0.12019 0.17 0.696395 -0.696395 0 0.707 0.707 3820.dat
1 78 23.8634 26.5956 -10.321 0.985 0.12019 -0.12019 -0.17 0.696395 -0.696395 0 0.707 0.707 3820.dat
1 308 0 44 0 1 0 0 0 1 0 0 0 1 3816.dat
1 308 0 44 0 1 0 0 0 1 0 0 0 1 3817.dat
1 43 -23.1951 22.7236 -33.8217 0.985 -0.0874983 0.14567 0.17 0.506976 -0.844031 0 0.856884 0.514696 577bc01.dat
0
0 FILE Obi-Wan.ldr
0 Obi-Wan
0 Name: Obi-Wan.ldr
0 Author: LDraw
0 Unofficial Model
0 ROTATION CENTER 0 0 0 1 "Custom" 
0 ROTATION CONFIG 0 0
1 484 0 -24 0 1 0 0 0 1 0 0 0 1 61196.dat
1 78 0 -24 0 1 0 0 0 1 0 0 0 1 3626bps9.dat
1 19 0 0 0 1 0 0 0 1 0 0 0 1 973.dat
1 28 0 32 0 1 0 0 0 1 0 0 0 1 3815.dat
1 19 -15.552 9 0 0.985 -0.17 0 0.17 0.985 0 0 0 1 3818.dat
1 19 15.552 9 0 0.985 0.17 0 -0.17 0.985 0 0 0 1 3819.dat
1 78 -23.8634 26.5956 -10.321 0.985 -0.12019 0.12019 0.17 0.696395 -0.696395 0 0.707 0.707 3820.dat
1 78 23.8634 26.5956 -10.321 0.985 0.12019 -0.12019 -0.17 0.696395 -0.696395 0 0.707 0.707 3820.dat
1 42 -23.1951 22.7236 -33.8217 0.985 -0.0874983 0.14567 0.17 0.506976 -0.844031 0 0.856884 0.514696 577bc01.dat
1 28 0 44 0 1 0 0 0 1 0 0 0 1 3816.dat
1 28 0 44 0 1 0 0 0 1 0 0 0 1 3817.dat
0
0 FILE Nute Gunray.ldr
0 Nute Gunray
0 Name: Nute Gunray.ldr
0 Author: LDraw
0 Unofficial Model
0 ROTATION CENTER 0 0 0 1 "Custom" 
0 ROTATION CONFIG 0 0
1 320 0 -24 0 1 0 0 0 1 0 0 0 1 60747.dat
1 330 0 -24 0 1 0 0 0 1 0 0 0 1 3626bp01.dat
1 484 0 0 0 1 0 0 0 1 0 0 0 1 973.dat
1 484 0 32 0 -1 0 0 0 1 0 0 0 -1 3678a.dat
1 70 -15.552 9 0 0.985 -0.17 0 0.17 0.985 0 0 0 1 3818.dat
1 70 15.552 9 0 0.985 0.17 0 -0.17 0.985 0 0 0 1 3819.dat
1 330 -23.8634 26.5956 -10.321 0.985 -0.12019 0.12019 0.17 0.696395 -0.696395 0 0.707 0.707 3820.dat
1 330 23.8634 26.5956 -10.321 0.985 0.12019 -0.12019 -0.17 0.696395 -0.696395 0 0.707 0.707 3820.dat
0
0 FILE Battle Droid.ldr
0 Battle Droid
0 Name: Battle Droid.ldr
0 Author: LDraw
0 Unofficial Model
0 ROTATION CENTER 0 0 0 1 "Custom" 
0 ROTATION CONFIG 0 0
1 19 10 64 0 1 0 0 0 1 0 0 0 1 30376.dat
1 19 26 -8 0 1 0 0 0 1 0 0 0 1 30377.dat
1 19 -6 -8 0 1 0 0 0 1 0 0 0 1 59230.dat
1 320 10 24 0 1 0 0 0 1 0 0 0 1 30375.dat
1 19 10 -8 0 1 0 0 0 1 0 0 0 1 30378.dat
1 0 -6 32 0 1 0 0 0 0 -1 0 1 0 58247.dat
0
0 FILE R2-D2.ldr
0 R2-D2
0 Name: R2-D2.ldr
0 Author: LDraw
0 Unofficial Model
0 ROTATION CENTER 0 0 0 1 "Custom" 
0 ROTATION CONFIG 0 0
1 15 -20 8 0 0 0 -1 0 1 0 1 0 0 30362.dat
1 15 20 8 0 0 0 1 0 1 0 -1 0 0 30362.dat
1 15 0 8 0 1 0 0 0 1 0 0 0 1 30361dps1.dat
1 71 0 -26 0 1 0 0 0 1 0 0 0 1 30367bps1.dat
0
0 FILE Part 1.ldr
0 Part 1
0 Name: Part 1.ldr
0 Author: LDraw
0 Unofficial Model
0 ROTATION CENTER 0 0 0 1 "Custom" 
0 ROTATION CONFIG 0 0
1 70 20 24 0 1 0 0 0 1 0 0 0 1 3032.dat
1 4 20 128 0 1 0 0 0 1 0 0 0 1 60474.dat
1 4 30 120 -30 1 0 0 0 1 0 0 0 1 2555.dat
1 4 10 120 30 1 0 0 0 1 0 0 0 1 2555.dat
1 38 30 120 30 1 0 0 0 1 0 0 0 1 4073.dat
1 38 50 120 10 1 0 0 0 1 0 0 0 1 4073.dat
1 38 10 120 -30 1 0 0 0 1 0 0 0 1 4073.dat
1 38 -10 120 -10 1 0 0 0 1 0 0 0 1 4073.dat
1 38 30 114 -28 1 0 0 0 0 -1 0 1 0 64647.dat
1 38 10 114 27 -1 0 0 0 0 -1 0 -1 0 64647.dat
1 47 20 32 0 1 0 0 0 1 0 0 0 1 6143.dat
1 47 20 56 0 1 0 0 0 1 0 0 0 1 6143.dat
1 47 20 80 0 1 0 0 0 1 0 0 0 1 6143.dat
1 47 20 104 0 1 0 0 0 1 0 0 0 1 6143.dat
1 70 20 8 0 1 0 0 0 1 0 0 0 1 3032.dat
1 70 40 16.415 72.304 1 0 0 0 0.92388 0.382683 0 -0.382683 0.92388 2431.dat
1 70 40 16.416 -72.304 1 0 0 0 0.92388 -0.382683 0 0.382683 0.92388 2431.dat
1 70 -72.304 16.415 0 0 0.382683 -0.92388 0 0.92388 0.382683 1 0 0 2412b.dat
1 0 60 16 -30 1 0 0 0 1 0 0 0 1 48336.dat
1 0 60 16 30 -1 0 0 0 1 0 0 0 -1 48336.dat
1 0 0 16 -30 1 0 0 0 1 0 0 0 1 48336.dat
1 0 -30 -56 -50 1 0 0 0 1 0 0 0 1 30374.dat
1 0 0 16 30 -1 0 0 0 1 0 0 0 -1 48336.dat
1 72 -30 16 30 -1 0 0 0 1 0 0 0 -1 60897.dat
1 72 -30 16 -30 1 0 0 0 1 0 0 0 1 60897.dat
1 72 -30 -56 -30 1 0 0 0 1 0 0 0 1 60897.dat
1 46 -30 -56 -30 -1 0 0 0 1 0 0 0 -1 54200.dat
1 0 -30 16 0 0 0 1 0 1 0 -1 0 0 48336.dat
1 71 -69.243 23.806 0 0 0.382683 -0.92388 0 0.92388 0.382683 1 0 0 60470a.dat
1 71 60 23.806 69.243 1 0 0 0 0.92388 0.382683 0 -0.382683 0.92388 60470a.dat
1 71 60 23.806 -69.243 -1 0 0 0 0.92388 0.382683 0 0.382683 -0.92388 60470a.dat
0
0 FILE Part 2.ldr
0 Part 2
0 Name: Part 2.ldr
0 Author: LDraw
0 Unofficial Model
0 ROTATION CENTER 0 0 0 1 "Custom" 
0 ROTATION CONFIG 0 0
1 4 20 128 0 1 0 0 0 1 0 0 0 1 60474.dat
1 0 20 -25 0 1 0 0 0 1 0 0 0 1 60474.dat
1 4 30 120 -30 1 0 0 0 1 0 0 0 1 2555.dat
1 4 10 120 30 1 0 0 0 1 0 0 0 1 2555.dat
1 38 30 120 30 1 0 0 0 1 0 0 0 1 4073.dat
1 38 50 120 10 1 0 0 0 1 0 0 0 1 4073.dat
1 38 30 48 10 1 0 0 0 1 0 0 0 1 4073.dat
1 38 30 48 -10 1 0 0 0 1 0 0 0 1 4073.dat
1 70 30 40 0 0 0 -1 0 1 0 1 0 0 3023.dat
1 70 10 32 10 -1 0 0 0 1 0 0 0 -1 4070.dat
1 70 10 32 -10 1 0 0 0 1 0 0 0 1 4070.dat
1 70 15.657 47.656 -27 -0.707107 0 -0.707107 0.707107 0 -0.707107 0 -1 0 53989.dat
1 71 10 42 -27 0.707107 0 -0.707107 -0.707107 0 -0.707107 0 1 0 4697b.dat
1 71 -16.87 83.011 -44 0.707107 0.707107 0 0.707107 -0.707107 0 0 0 -1 48729.dat
1 70 18.486 50.485 28 -0.707107 0 0.707107 0.707107 0 0.707107 0 1 0 53989.dat
1 71 10 42 28 0.707107 0 0.707107 -0.707107 0 0.707107 0 -1 0 4697b.dat
1 71 -16.87 83.011 45 -0.707107 0.707107 0 -0.707107 -0.707107 0 0 0 1 48729.dat
1 70 10 -17 10 0 0 1 0 1 0 -1 0 0 4070.dat
1 70 10 -17 -10 0 0 1 0 1 0 -1 0 0 4070.dat
1 0 30 32 0 0 0 -1 0 1 0 1 0 0 48336.dat
1 71 51 33 10 0 0.27144 0.962455 0 -0.962455 0.27144 1 0 0 30377.dat
1 71 51 33 -10 0 0.27144 0.962455 0 -0.962455 0.27144 1 0 0 30377.dat
1 70 30 -1 0 0 0 -1 0 1 0 1 0 0 3023.dat
1 70 30 -17 0 0 0 -1 0 1 0 1 0 0 3023.dat
1 0 30 -9 0 0 0 -1 0 1 0 1 0 0 48336.dat
1 0 20 24 0 0 0 -1 0 1 0 1 0 0 4150.dat
1 38 10 120 -30 1 0 0 0 1 0 0 0 1 4073.dat
1 38 -10 120 -10 1 0 0 0 1 0 0 0 1 4073.dat
1 38 30 114 -28 1 0 0 0 0 -1 0 1 0 64647.dat
1 38 10 114 27 -1 0 0 0 0 -1 0 -1 0 64647.dat
1 47 20 56 0 1 0 0 0 1 0 0 0 1 6143.dat
1 47 20 15 0 1 0 0 0 1 0 0 0 1 4073.dat
1 37 -4 -7 -10 0 1 0 -1 0 0 0 0 1 4073.dat
1 37 -4 -7 10 0 1 0 -1 0 0 0 0 1 4073.dat
1 70 20 7 0 1 0 0 0 1 0 0 0 1 4032b.dat
1 47 20 80 0 1 0 0 0 1 0 0 0 1 6143.dat
1 47 20 104 0 1 0 0 0 1 0 0 0 1 6143.dat
0
0 FILE Part 3.ldr
0 Part 3
0 Name: Part 3.ldr
0 Author: LDraw
0 Unofficial Model
0 ROTATION CENTER 0 0 0 1 "Custom" 
0 ROTATION CONFIG 0 0
1 0 -10 32 0 1 0 0 0 1 0 0 0 1 3832.dat
1 0 -80 16 0 1 0 0 0 1 0 0 0 1 3021.dat
1 0 20 -8 -30 0 0 -1 0 1 0 1 0 0 2420.dat
1 0 20 -8 30 -1 0 0 0 1 0 0 0 -1 2420.dat
1 0 40 -16 -30 0 0 -1 0 1 0 1 0 0 2420.dat
1 0 40 -16 30 -1 0 0 0 1 0 0 0 -1 2420.dat
1 0 58 26 -40 0 1 0 1 0 0 0 0 -1 6143.dat
1 0 34 26 -40 0 1 0 1 0 0 0 0 -1 6143.dat
1 70 -30 16 0 1 0 0 0 1 0 0 0 1 4032b.dat
1 28 -70 16 30 1 0 0 0 1 0 0 0 1 3710.dat
1 28 -70 16 -30 1 0 0 0 1 0 0 0 1 3710.dat
1 28 -30 8 30 1 0 0 0 1 0 0 0 1 3710.dat
1 28 -30 8 -30 1 0 0 0 1 0 0 0 1 3710.dat
1 28 40 -8 0 0 0 -1 0 1 0 1 0 0 3710.dat
1 71 -50 24 0 1 0 0 0 1 0 0 0 1 3795.dat
1 71 20 -16 10 0 0 1 0 1 0 -1 0 0 60897.dat
1 71 20 -16 -10 0 0 1 0 1 0 -1 0 0 60897.dat
1 71 10 40 0 0 0 -1 0 1 0 1 0 0 3795.dat
1 71 -20 40 0 0 0 -1 0 1 0 1 0 0 3023.dat
1 71 -10 72 0 0 0 -1 0 1 0 1 0 0 2654.dat
1 71 20 8 40 0 0 -1 0 1 0 1 0 0 3023.dat
1 71 20 8 -40 0 0 -1 0 1 0 1 0 0 3023.dat
1 71 -90 8 -30 -1 0 0 0 1 0 0 0 -1 3023.dat
1 71 -90 -8 30 -1 0 0 0 1 0 0 0 -1 3004.dat
1 71 -90 0 -30 -1 0 0 0 1 0 0 0 -1 2412b.dat
1 71 80 8 0 0 0 -1 0 1 0 1 0 0 30526.dat
1 71 100 -2 0 0 -1 0 0 0 -1 1 0 0 41678.dat
1 71 40 26 40 -1 0 0 0 1 0 0 0 -1 4519.dat
1 71 40 26 -40 -1 0 0 0 1 0 0 0 -1 4519.dat
1 4 -90 2 0 -1 0 0 0 1 0 0 0 -1 32062.dat
1 4 100 -2 0 0 0 1 0 1 0 -1 0 0 32062.dat
1 28 -98 -18 0 1 0 0 0 1 0 0 0 1 6587.dat
1 40 -132 -18 0 0 1 0 -1 0 0 0 0 1 3960.dat
1 4 -60 -18 0 0 -1 0 0 0 -1 1 0 0 4592.dat
1 0 -59 -18 0 0 -0.92388 -0.382683 0 0.382683 -0.92388 1 0 0 4593.dat
1 0 -85 -18 0 0 -1 0 0 0 1 -1 0 0 41677.dat
1 0 -75 -18 0 0 -1 0 0 0 1 -1 0 0 41677.dat
1 19 50 40 0 0 0 -1 0 1 0 1 0 0 3022.dat
1 19 30 0 0 0 0 -1 0 1 0 1 0 0 3022.dat
1 19 -10 -24 -30 0 0 1 0 1 0 -1 0 0 61678.dat
1 19 -10 -24 30 0 0 1 0 1 0 -1 0 0 61678.dat
1 19 -60 -16 30 1 0 0 0 1 0 0 0 1 6091.dat
1 19 -60 -16 -30 -1 0 0 0 1 0 0 0 -1 6091.dat
1 288 70 0 0 0 0 -1 0 1 0 1 0 0 3068b.dat
1 288 70 -8 0 1 0 0 0 1 0 0 0 1 Part 4.ldr
1 288 30 -24 0 0 0 -1 0 1 0 1 0 0 3068b.dat
1 72 -90 24 0 1 0 0 0 1 0 0 0 1 4871.dat
1 72 -50 24 0 1 0 0 0 1 0 0 0 1 4871.dat
1 72 -20 48 0 0 0 1 0 1 0 -1 0 0 3747b.dat
1 72 0 48 0 0 0 -1 0 1 0 1 0 0 3747b.dat
1 72 40 8 0 1 0 0 0 1 0 0 0 1 3002.dat
1 72 20 16 40 0 0 -1 0 1 0 1 0 0 32064b.dat
1 72 20 16 -40 0 0 -1 0 1 0 1 0 0 32064b.dat
1 72 -100 -8 0 0 0 -1 0 1 0 1 0 0 32064b.dat
1 72 0 16 -30 1 0 0 0 1 0 0 0 1 4286.dat
1 72 0 16 30 -1 0 0 0 1 0 0 0 -1 4286.dat
1 72 20 0 -30 -1 0 0 0 1 0 0 0 -1 4073.dat
1 43 82 26 -40 0 1 0 1 0 0 0 0 -1 4073.dat
1 0 58 26 40 0 1 0 1 0 0 0 0 -1 6143.dat
1 0 34 26 40 0 1 0 1 0 0 0 0 -1 6143.dat
1 43 82 26 40 0 1 0 1 0 0 0 0 -1 4073.dat
1 72 20 0 30 -1 0 0 0 1 0 0 0 -1 4073.dat
1 72 -10 0 30 -1 0 0 0 1 0 0 0 -1 44567.dat
1 72 -50 0 30 -1 0 0 0 1 0 0 0 -1 44567.dat
1 72 -100 -18.194 69.189 -1 0 0 0 0.92388 -0.382683 0 -0.382683 -0.92388 Part 5.ldr
1 72 -50 0 -30 1 0 0 0 1 0 0 0 1 44567.dat
1 72 -100 -44.982 -4.517 -1 0 0 0 0.92388 0.382683 0 0.382683 -0.92388 Part 6.ldr
1 72 -10 0 -30 1 0 0 0 1 0 0 0 1 44567.dat
0
0 FILE Part 4.ldr
0 Part 4
0 Name: Part 4.ldr
0 Author: LDraw
0 Unofficial Model
0 ROTATION CENTER 0 0 0 1 "Custom" 
0 ROTATION CONFIG 0 0
1 28 12 -14 0 1 0 0 0 1 0 0 0 1 6587.dat
1 71 30 -14 0 1 0 0 0 1 0 0 0 1 6536.dat
1 72 -10 -24 0 0 0 -1 0 1 0 1 0 0 32064b.dat
1 19 -10 -40 -10 1 0 0 0 1 0 0 0 1 6091.dat
1 19 -10 -40 10 -1 0 0 0 1 0 0 0 -1 6091.dat
1 40 -80 0 0 -1 0 0 0 1 0 0 0 -1 50986.dat
1 288 0 0 0 0 0 -1 0 1 0 1 0 0 3020.dat
1 72 -10 -8 -30 0 0 -1 0 1 0 1 0 0 4073.dat
1 72 -10 -8 30 0 0 -1 0 1 0 1 0 0 4073.dat
0
0 FILE Part 5.ldr
0 Part 5
0 Name: Part 5.ldr
0 Author: LDraw
0 Unofficial Model
0 ROTATION CENTER 0 0 0 1 "Custom" 
0 ROTATION CONFIG 0 0
1 72 10 24 0 0 0 1 0 1 0 -1 0 0 41769.dat
1 72 -70 24 -20 1 0 0 0 1 0 0 0 1 44570.dat
1 72 30 16 -40 1 0 0 0 1 0 0 0 1 3832.dat
1 72 50 48 -40 1 0 0 0 1 0 0 0 1 4871.dat
1 72 -140 8 -10 1 0 0 0 1 0 0 0 1 4073.dat
1 72 80 8 -70 1 0 0 0 1 0 0 0 1 4073.dat
1 72 60 32 -30 1 0 0 0 1 0 0 0 1 4073.dat
1 72 60 32 -50 1 0 0 0 1 0 0 0 1 4073.dat
1 72 120 24 -70 1 0 0 0 1 0 0 0 1 4073.dat
1 28 -90 8 -10 1 0 0 0 1 0 0 0 1 3710.dat
1 28 -30 16 -130 1 0 0 0 1 0 0 0 1 3710.dat
1 28 170 32 -10 1 0 0 0 1 0 0 0 1 3710.dat
1 28 50 40 -10 1 0 0 0 1 0 0 0 1 3710.dat
1 28 90 16 -70 1 0 0 0 1 0 0 0 1 3710.dat
1 0 -10 16 -80 1 0 0 0 1 0 0 0 1 3795.dat
1 0 -50 32 -40 1 0 0 0 1 0 0 0 1 3795.dat
1 0 90 24 -70 1 0 0 0 1 0 0 0 1 2540.dat
1 0 110 26 -90 0 1 0 -0.707107 0 -0.707107 -0.707107 0 0.707107 577b.dat
1 0 50 24 -70 1 0 0 0 1 0 0 0 1 2877.dat
1 0 60 24 0 0 0 -1 0 1 0 1 0 0 63868.dat
1 0 70 26 30 0 -1 0 0 0 -1 1 0 0 63965.dat
1 0 8 -10 -150 0 -1 0 0.382683 0 -0.92388 0.92388 0 0.382683 30374.dat
1 0 8 30 -150 0 -1 0 0 0 -1 1 0 0 30374.dat
1 0 172 26 30 0 0 -1 0 1 0 1 0 0 59443.dat
1 0 220 26 30 1 0 0 0 0 -1 0 1 0 32054.dat
1 4 190 26 30 -1 0 0 0 1 0 0 0 -1 32062.dat
1 0 80 24 0 0 0 -1 0 1 0 1 0 0 63868.dat
1 71 110 16 0 1 0 0 0 1 0 0 0 1 3795.dat
1 71 210 16 0 -1 0 0 0 1 0 0 0 -1 51739.dat
1 0 -40 8 -130 1 0 0 0 1 0 0 0 1 4081b.dat
1 0 -20 8 -130 1 0 0 0 1 0 0 0 1 4081b.dat
1 0 0 8 -50 1 0 0 0 1 0 0 0 1 3070b.dat
1 71 -50 16 -10 1 0 0 0 1 0 0 0 1 4477.dat
1 71 30 32 -10 1 0 0 0 1 0 0 0 1 4477.dat
1 71 60 24 -40 0 0 -1 0 1 0 1 0 0 3023.dat
1 71 60 40 -40 0 0 -1 0 1 0 1 0 0 32000.dat
1 71 70 50 -50 1 0 0 0 1 0 0 0 1 61184.dat
1 71 70 50 -30 1 0 0 0 1 0 0 0 1 61184.dat
1 57 70 50 -30 0 -1 0 1 0 0 0 0 1 58176.dat
1 57 70 50 -50 0 -1 0 1 0 0 0 0 1 58176.dat
1 71 -90 40 -40 1 0 0 0 1 0 0 0 1 2654.dat
1 71 50 72 -40 1 0 0 0 1 0 0 0 1 2654.dat
1 71 100 32 -70 1 0 0 0 1 0 0 0 1 3623.dat
1 71 -90 16 -50 0 0 -1 0 1 0 1 0 0 3021.dat
1 71 190 24 -10 0 0 -1 0 1 0 1 0 0 3021.dat
1 71 -20 8 -20 -1 0 0 0 1 0 0 0 -1 3021.dat
1 71 70 8 -10 -1 0 0 0 1 0 0 0 -1 3666.dat
1 71 -90 30 -150 0 1 0 -0.382683 0 0.92388 0.92388 0 0.382683 51000.dat
1 71 30 -10 -150 0 -1 0 0.382683 0 -0.92388 0.92388 0 0.382683 51000.dat
1 71 -80 -16 -10 0 0 1 0 1 0 -1 0 0 43710.dat
1 71 -60 -16 -10 0 0 -1 0 1 0 1 0 0 43711.dat
1 71 170 8 0 -1 0 0 0 1 0 0 0 -1 87079.dat
1 71 -8 10 -150 0 -1 0 0 0 1 -1 0 0 60897.dat
1 71 0 10 -150 0 -1 0 0 0 -1 1 0 0 60897.dat
1 71 -52 10 -150 0 1 0 0 0 1 1 0 0 60897.dat
1 71 -60 10 -150 0 1 0 0 0 -1 -1 0 0 60897.dat
1 71 190 16 -30 -1 0 0 0 1 0 0 0 -1 3666.dat
1 71 -40 8 -60 0 0 1 0 1 0 -1 0 0 2412b.dat
1 71 -20 8 -60 0 0 1 0 1 0 -1 0 0 2412b.dat
1 288 -10 24 -60 0 0 -1 0 1 0 1 0 0 3020.dat
1 288 130 24 -20 -1 0 0 0 1 0 0 0 -1 3020.dat
1 288 -90 8 -40 -1 0 0 0 1 0 0 0 -1 3020.dat
1 288 50 8 -50 -1 0 0 0 1 0 0 0 -1 2431.dat
1 19 90 0 -70 -1 0 0 0 1 0 0 0 -1 2431.dat
1 288 -30 0 -130 -1 0 0 0 1 0 0 0 -1 2431.dat
1 288 -90 0 -60 -1 0 0 0 1 0 0 0 -1 3068b.dat
1 288 50 8 -30 -1 0 0 0 1 0 0 0 -1 2431.dat
1 288 -90 8 -100 0 0 1 0 1 0 -1 0 0 30503.dat
1 288 30 8 -100 1 0 0 0 1 0 0 0 1 30503.dat
1 288 170 8 -50 0 0 -1 0 1 0 1 0 0 50304.dat
0
0 FILE Part 6.ldr
0 Part 6
0 Name: Part 6.ldr
0 Author: LDraw
0 Unofficial Model
0 ROTATION CENTER 0 0 0 1 "Custom" 
0 ROTATION CONFIG 0 0
1 72 10 24 70 0 0 1 0 1 0 -1 0 0 41770.dat
1 72 -70 24 90 -1 0 0 0 1 0 0 0 -1 44570.dat
1 72 50 48 110 1 0 0 0 1 0 0 0 1 4871.dat
1 72 -140 8 80 1 0 0 0 1 0 0 0 1 4073.dat
1 72 80 8 140 1 0 0 0 1 0 0 0 1 4073.dat
1 72 120 24 140 1 0 0 0 1 0 0 0 1 4073.dat
1 28 -90 8 80 1 0 0 0 1 0 0 0 1 3710.dat
1 28 -30 16 200 -1 0 0 0 1 0 0 0 -1 3710.dat
1 28 170 32 80 1 0 0 0 1 0 0 0 1 3710.dat
1 28 50 40 80 1 0 0 0 1 0 0 0 1 3710.dat
1 28 90 16 140 1 0 0 0 1 0 0 0 1 3710.dat
1 28 130 16 100 1 0 0 0 1 0 0 0 1 3710.dat
1 28 210 16 100 1 0 0 0 1 0 0 0 1 3710.dat
1 0 -10 16 150 1 0 0 0 1 0 0 0 1 3795.dat
1 0 -50 32 110 1 0 0 0 1 0 0 0 1 3795.dat
1 0 90 24 140 -1 0 0 0 1 0 0 0 -1 2540.dat
1 0 110 26 160 0 1 0 -0.707107 0 -0.707107 -0.707107 0 0.707107 577b.dat
1 0 50 24 140 -1 0 0 0 1 0 0 0 -1 2877.dat
1 0 60 24 70 0 0 1 0 1 0 -1 0 0 63868.dat
1 0 70 26 40 0 -1 0 0 0 -1 1 0 0 63965.dat
1 0 -68 -10 220 0 1 0 0.382683 0 -0.92388 -0.92388 0 -0.382683 30374.dat
1 0 -68 30 220 0 1 0 0 0 -1 -1 0 0 30374.dat
1 0 172 26 40 0 0 -1 0 1 0 1 0 0 59443.dat
1 0 220 26 40 1 0 0 0 0 -1 0 1 0 32054.dat
1 4 190 26 40 -1 0 0 0 1 0 0 0 -1 32062.dat
1 0 80 24 70 0 0 1 0 1 0 -1 0 0 63868.dat
1 71 110 16 70 1 0 0 0 1 0 0 0 1 3795.dat
1 71 210 16 70 1 0 0 0 1 0 0 0 1 51739.dat
1 0 -20 8 200 -1 0 0 0 1 0 0 0 -1 4081b.dat
1 0 -40 8 200 -1 0 0 0 1 0 0 0 -1 4081b.dat
1 0 0 8 120 1 0 0 0 1 0 0 0 1 3070b.dat
1 71 -50 16 80 1 0 0 0 1 0 0 0 1 4477.dat
1 71 30 32 80 1 0 0 0 1 0 0 0 1 4477.dat
1 71 -90 40 110 1 0 0 0 1 0 0 0 1 2654.dat
1 71 50 72 110 1 0 0 0 1 0 0 0 1 2654.dat
1 71 50 56 110 1 0 0 0 1 0 0 0 1 87580.dat
1 71 100 32 140 1 0 0 0 1 0 0 0 1 3623.dat
1 71 -90 16 120 0 0 -1 0 1 0 1 0 0 3021.dat
1 71 190 24 80 0 0 -1 0 1 0 1 0 0 3021.dat
1 71 -20 8 90 -1 0 0 0 1 0 0 0 -1 3021.dat
1 71 70 8 80 -1 0 0 0 1 0 0 0 -1 3666.dat
1 71 30 30 220 0 -1 0 -0.382683 0 0.92388 -0.92388 0 -0.382683 51000.dat
1 71 -90 -10 220 0 1 0 0.382683 0 -0.92388 -0.92388 0 -0.382683 51000.dat
1 71 -60 -16 80 0 0 -1 0 1 0 1 0 0 43710.dat
1 71 -80 -16 80 0 0 1 0 1 0 -1 0 0 43711.dat
1 71 170 8 70 -1 0 0 0 1 0 0 0 -1 87079.dat
1 71 -52 10 220 0 1 0 0 0 1 1 0 0 60897.dat
1 71 -60 10 220 0 1 0 0 0 -1 -1 0 0 60897.dat
1 71 -8 10 220 0 -1 0 0 0 1 -1 0 0 60897.dat
1 71 0 10 220 0 -1 0 0 0 -1 1 0 0 60897.dat
1 71 -40 8 130 0 0 1 0 1 0 -1 0 0 2412b.dat
1 71 -20 8 130 0 0 1 0 1 0 -1 0 0 2412b.dat
1 288 -30 16 110 -1 0 0 0 1 0 0 0 -1 3020.dat
1 288 -10 24 130 0 0 1 0 1 0 -1 0 0 3020.dat
1 288 130 24 90 -1 0 0 0 1 0 0 0 -1 3020.dat
1 288 -90 8 110 -1 0 0 0 1 0 0 0 -1 3020.dat
1 19 90 0 140 -1 0 0 0 1 0 0 0 -1 2431.dat
1 288 -30 0 200 1 0 0 0 1 0 0 0 1 2431.dat
1 288 -90 0 130 -1 0 0 0 1 0 0 0 -1 3068b.dat
1 288 30 8 170 0 0 -1 0 1 0 1 0 0 30503.dat
1 288 -90 8 170 -1 0 0 0 1 0 0 0 -1 30503.dat
1 288 170 8 120 0 0 -1 0 1 0 1 0 0 50305.dat
0
0
