0 FILE L-8GO Navigator.ldr
0 L-8GO Navigator
0 Name: L-8GO Navigator.ldr
0 Author: R Paluczak
0 Unofficial Model
0 ROTATION CENTER 0 0 0 1 "Custom" 
0 ROTATION CONFIG 0 0
1 0 -7.36 -20.521 -102.906 0 0.841039 0.540974 0 0.540974 -0.841039 -1 0 0 Y-Frame.ldr
1 0 -12.542 35.595 -52.906 0 0.841039 -0.540974 0 0.540974 0.841039 1 0 0 6558.dat
1 0 93.34 68.874 -172.906 0 0.19509 0.980785 0 0.980785 -0.19509 -1 0 0 6558.dat
1 0 30.593 60.962 -152.906 0.19509 0 0.980785 0.980785 0 -0.19509 0 1 0 32140.dat
1 7 -46.184 13.957 -43.906 0 0.0174524 -0.999848 0 0.999848 0.0174524 1 0 0 3749.dat
1 0 9.097 1.955 -52.906 0 0.841039 0.540974 0 0.540974 -0.841039 -1 0 0 32054.dat
0 MLCAD BTG Left Arm
1 0 -172.889 -31.757 -170.906 0.999848 0.0174527 0 -0.0174527 0.999848 0 0 0 1 32054.dat
0 MLCAD BTG Left Arm
1 42 -262.877 -30.185 -170.906 -0.0174527 0.999848 0 -0.999848 -0.0174527 0 0 0 1 30374.dat
0 MLCAD BTG Left Arm
1 42 -262.877 -30.185 -190.906 -0.0174527 0.999848 0 -0.999848 -0.0174527 0 0 0 1 30374.dat
0 MLCAD BTG Left Arm
1 0 -172.889 -31.757 -190.906 0.999848 0.0174527 0 -0.0174527 0.999848 0 0 0 1 32054.dat
0 MLCAD BTG Left Arm
1 0 -142.893 -32.28 -170.906 0.999848 0.0174527 0 -0.0174527 0.999848 0 0 0 1 75535.dat
0 MLCAD BTG Left Arm
1 0 -142.893 -32.28 -190.906 0.999848 0.0174527 0 -0.0174527 0.999848 0 0 0 1 75535.dat
1 0 67.181 108.391 -32.906 -0.790689 0 -0.612217 0.612217 0 -0.790689 0 -1 0 32271.dat
1 7 -46.184 13.957 -163.906 0 0.91706 -0.39875 0 -0.39875 -0.91706 -1 0 0 3749.dat
1 0 67.181 108.391 -172.906 -0.790689 0 -0.612217 0.612217 0 -0.790689 0 -1 0 32271.dat
1 0 9.097 1.955 -152.906 0 0.841039 -0.540974 0 0.540974 0.841039 1 0 0 32054.dat
1 0 -12.542 35.595 -152.906 0 0.841039 -0.540974 0 0.540974 0.841039 1 0 0 32054.dat
1 0 -144.742 93.242 -2.906 -0.540974 0.841039 0 0.841039 0.540974 0 0 0 -1 2994.dat
1 0 -144.742 93.242 -202.906 0.540974 0.841039 0 -0.841039 0.540974 0 0 0 1 2994.dat
1 0 -146.424 92.162 -202.906 0.540974 0.841039 0 -0.841039 0.540974 0 0 0 1 6578.dat
1 0 -146.424 92.162 -2.906 0.540974 0.841039 0 -0.841039 0.540974 0 0 0 1 6578.dat
1 0 55.519 92.454 -2.906 -0.540974 0.841039 0 0.841039 0.540974 0 0 0 -1 2994.dat
1 0 55.519 92.454 -2.906 -0.540974 0.841039 0 0.841039 0.540974 0 0 0 -1 6578.dat
1 0 55.519 92.454 -202.906 -0.540974 0.841039 0 0.841039 0.540974 0 0 0 -1 6578.dat
1 0 55.519 92.454 -202.906 0.540974 0.841039 0 -0.841039 0.540974 0 0 0 1 2994.dat
1 8 14.143 5.201 -102.906 0.540974 0.841039 0 -0.841039 0.540974 0 0 0 1 3034.dat
1 7 31.691 -7.292 -102.906 0.540974 0.841039 0 -0.841039 0.540974 0 0 0 1 3832.dat
1 7 55.007 92.6 -182.906 0 0.841039 0.540974 0 0.540974 -0.841039 -1 0 0 3749.dat
1 7 55.007 92.6 -22.906 0 0.841039 -0.540974 0 0.540974 0.841039 1 0 0 3749.dat
1 7 30.593 60.962 -162.906 0 0.19509 -0.980785 0 0.980785 0.19509 1 0 0 3749.dat
1 8 -10.132 13.367 -132.906 0.540974 0.841039 0 -0.841039 0.540974 0 0 0 1 3894.dat
0 MLCAD BTG Left Arm
1 8 -31.877 -96.653 -200.906 0.71934 0 0.694658 0.694658 0 -0.71934 0 1 0 32177.dat
0 MLCAD BTG Left Arm
1 8 -17.982 -111.041 -180.906 0 0.71934 0.694658 0 0.694658 -0.71934 -1 0 0 32013.dat
0 MLCAD BTG Left Arm
1 8 -73.556 -53.492 -180.906 0 0.71934 -0.694658 0 0.694658 0.71934 1 0 0 32192.dat
0 MLCAD BTG Left Arm
1 0 -45.768 -82.268 -180.906 0.694658 0.71934 0 -0.71934 0.694658 0 0 0 1 4519.dat
0 MLCAD BTG Left Arm
1 0 -103.249 -52.974 -180.906 0.999848 0.0174527 0 -0.0174527 0.999848 0 0 0 1 32062.dat
0 MLCAD BTG Left Arm
1 0 -133.245 -52.45 -180.906 0 0.0174527 -0.999848 0 0.999848 0.0174527 1 0 0 32062.dat
0 MLCAD BTG Left Arm
1 0 -173.238 -51.753 -180.906 0 0.0174527 -0.999848 0 0.999848 0.0174527 1 0 0 32062.dat
0 MLCAD BTG Left Arm
1 0 -113.247 -52.8 -180.906 0 0.0174527 0.999848 0 0.999848 -0.0174527 -1 0 0 32039.dat
0 MLCAD BTG Left Arm
1 0 -173.238 -51.753 -165.906 0.0174527 0 0.999848 0.999848 0 -0.0174527 0 1 0 6632.dat
0 MLCAD BTG Left Arm
1 0 -173.238 -51.753 -195.906 0.0174527 0 0.999848 0.999848 0 -0.0174527 0 1 0 6632.dat
0 MLCAD BTG Left Arm
1 0 -173.238 -51.753 -180.906 0 0.0174527 0.999848 0 0.999848 -0.0174527 -1 0 0 32291.dat
0 MLCAD BTG Left Arm
1 7 -17.982 -111.041 -190.906 0 0.71934 0.694658 0 0.694658 -0.71934 -1 0 0 3749.dat
0 MLCAD BTG Left Arm
1 7 -73.556 -53.492 -190.906 0 0.71934 0.694658 0 0.694658 -0.71934 -1 0 0 3749.dat
0 GROUP 19 Left Arm
1 8 -10.132 13.367 -72.906 0.540974 0.841039 0 -0.841039 0.540974 0 0 0 1 3894.dat
1 8 90.244 -124.202 -102.906 0 0.841039 0.540974 0 0.540974 -0.841039 -1 0 0 32192.dat
1 8 77.553 -182.866 -102.906 0 0.977231 -0.212178 0 -0.212178 -0.977231 -1 0 0 32192.dat
1 0 83.917 -153.55 -102.906 -0.212178 0.977231 0 -0.977231 -0.212178 0 0 0 1 32062.dat
1 0 -41.949 -227.273 -102.906 0 0.0610485 0.998135 0 0.998135 -0.0610485 -1 0 0 32308.dat
1 0 36.683 -252.118 -117.906 0.0610485 0 0.998135 0.998135 0 -0.0610485 0 1 0 6632.dat
1 0 36.683 -252.118 -87.906 0.0610485 0 0.998135 0.998135 0 -0.0610485 0 1 0 6632.dat
1 0 -41.949 -227.273 -102.906 0 0.0610485 0.998135 0 0.998135 -0.0610485 -1 0 0 32062.dat
1 0 37.9 -232.158 -102.906 0 -0.548293 0.836286 0 0.836286 0.548293 -1 0 0 3705.dat
1 0 36.683 -252.118 -102.906 0 0.0610485 0.998135 0 0.998135 -0.0610485 -1 0 0 32062.dat
1 0 76.603 -254.56 -102.906 0 0.0610485 0.998135 0 0.998135 -0.0610485 -1 0 0 32062.dat
1 8 76.603 -254.56 -102.906 0 0.836286 0.548293 0 0.548293 -0.836286 -1 0 0 32013.dat
1 0 60.154 -229.47 -102.906 0.548293 -0.836286 0 -0.836286 -0.548293 0 0 0 -1 32062.dat
1 0 54.67 -221.109 -102.906 0.836286 0 0.548293 0.548293 0 -0.836286 0 1 0 32039.dat
1 0 16.717 -250.899 -102.906 0 -0.325568 0.945519 0 0.945519 0.325568 -1 0 0 6558.dat
1 0 17.937 -230.935 -72.906 0 0.0610485 0.998135 0 0.998135 -0.0610485 -1 0 0 4459.dat
1 0 17.937 -230.935 -132.906 0 0.0610485 0.998135 0 0.998135 -0.0610485 -1 0 0 4459.dat
1 0 18.413 -251.235 -142.906 -1 0 0 0 1 0 0 0 -1 6536.dat
1 0 8.413 -251 -142.906 -1 0 0 0 1 0 0 0 -1 32062.dat
1 36 -20.587 -251 -142.906 0 1 0 1 0 0 0 0 -1 6188.dat
1 0 18.413 -251.235 -62.906 -1 0 0 0 1 0 0 0 -1 6536.dat
1 8 16.092 -250.185 -122.906 0 0.92388 -0.382683 0 0.382683 0.92388 1 0 0 32013.dat
1 8 17.623 -253.881 -122.906 0 9.1844 -0.92388 0 -22.1731 -0.382683 1 0 0 LS50.dat
1 8 72.729 -386.919 -122.906 0 -45.922 -0.92388 0 110.866 -0.382683 1 0 0 LS50.dat
1 8 16.092 -250.185 -82.906 0 0.92388 -0.382683 0 0.382683 0.92388 1 0 0 32013.dat
1 8 17.623 -253.881 -82.906 0 9.1844 -0.92388 0 -22.1731 -0.382683 1 0 0 LS50.dat
1 8 72.729 -386.919 -82.906 0 -45.922 -0.92388 0 110.866 -0.382683 1 0 0 LS50.dat
1 0 8.413 -251 -62.906 -1 0 0 0 1 0 0 0 -1 32062.dat
1 36 -20.587 -251 -62.906 0 1 0 1 0 0 0 0 -1 6188.dat
1 0 -41.949 -227.273 -102.906 0 -0.998135 0.0610485 0 0.0610485 0.998135 -1 0 0 6536.dat
1 0 37.9 -232.158 -102.906 0 -0.548293 0.836286 0 0.836286 0.548293 -1 0 0 6536.dat
0 MLCAD BTG Right Arm
1 8 -127.3 -91.003 -5.606 -0.0174524 0 0.999848 -0.999848 0 -0.0174524 0 -1 0 6629.dat
0 MLCAD BTG Right Arm
1 7 -96.602 -51.44 -5.606 -0.999848 0 0.0174524 0.0174524 0 0.999848 0 1 0 3749.dat
0 MLCAD BTG Right Arm
1 7 12.193 -113.389 14.394 0.59131 0 -0.806445 -0.806445 0 -0.59131 0 1 0 3749.dat
0 MLCAD BTG Right Arm
1 7 7.843 -141.371 4.394 0 0.580703 -0.814116 0 -0.814116 -0.580703 -1 0 0 3749.dat
0 MLCAD BTG Right Arm
1 0 -127.298 -90.909 -5.606 0 0.0174524 0.999848 0 0.999848 -0.0174524 -1 0 0 32062.dat
0 MLCAD BTG Right Arm
1 0 -126.597 -50.915 -5.606 0 0.0174524 0.999848 0 0.999848 -0.0174524 -1 0 0 32062.dat
0 MLCAD BTG Right Arm
1 0 -126.597 -50.915 -5.606 0 -0.0174524 -0.999848 0 -0.999848 0.0174524 -1 0 0 32013.dat
0 MLCAD BTG Right Arm
1 0 18.107 -121.451 14.394 -0.59131 -0.806445 0 0.806445 -0.59131 0 0 0 1 32291.dat
0 MLCAD BTG Right Arm
1 0 -227.282 -89.165 -5.606 0 -0.0174524 -0.999848 0 -0.999848 0.0174524 -1 0 0 32039.dat
0 MLCAD BTG Right Arm
1 0 -207.285 -89.513 -5.606 0 0.0174524 0.999848 0 0.999848 -0.0174524 -1 0 0 32062.dat
0 MLCAD BTG Right Arm
1 0 -237.279 -88.99 -5.606 -0.999848 0.0174524 0 0.0174524 0.999848 0 0 0 -1 32062.dat
0 MLCAD BTG Right Arm
1 4 -267.275 -88.465 -5.606 -0.999848 0.0174524 0 0.0174524 0.999848 0 0 0 -1 32054.dat
0 MLCAD BTG Right Arm
1 8 -127.298 -90.909 9.394 0.0174524 0 -0.999848 0.999848 0 0.0174524 0 -1 0 32250.dat
0 MLCAD BTG Right Arm
1 8 -127.298 -90.909 -20.606 0.0174524 0 -0.999848 0.999848 0 0.0174524 0 -1 0 32250.dat
1 0 49.374 -79.149 -102.906 0 0.841039 -0.540974 0 0.540974 0.841039 1 0 0 32064b.dat
1 0 68.604 -90.56 -102.906 -0.540974 0.841039 0 0.841039 0.540974 0 0 0 -1 4519.dat
1 0 43.657 -204.463 -102.906 0.836286 -0.548293 0 0.548293 0.836286 0 0 0 1 4519.dat
1 0 60.193 -95.968 -102.906 0 0.841039 -0.540974 0 0.540974 0.841039 1 0 0 32064b.dat
1 0 -4.089 -125.428 -164.906 -0.540974 0.841039 0 0.841039 0.540974 0 0 0 -1 6048.dat
1 0 -4.089 -125.428 -188.906 0.694658 0.71934 0 -0.71934 0.694658 0 0 0 1 6217.dat
1 0 -4.089 -125.428 -16.906 -0.999848 0.0174524 0 0.0174524 0.999848 0 0 0 -1 6048.dat
1 0 -4.089 -125.428 -40.906 0.999848 0.0174524 0 -0.0174524 0.999848 0 0 0 1 6217.dat
0 MLCAD BTG Right Arm
1 7 -94.104 -51.483 -5.606 -0.0174524 -0.999848 0 -0.999848 0.0174524 0 0 0 -1 79.dat
0 MLCAD BTG Right Arm
1 7 -88.605 -51.579 -5.606 -0.0174524 0.999848 0 -0.999848 -0.0174524 0 0 0 -1 80.dat
0 MLCAD BTG Right Arm
1 7 -83.103 -51.676 -5.606 -0.0174524 0.999848 0 -0.999848 -0.0174524 0 0 0 -1 80.dat
0 MLCAD BTG Right Arm
1 7 -77.606 -51.784 -5.563 -0.0228516 0.999553 0.0169974 -0.999753 -0.0228481 -0.000296691 -0.0001 0.017 -0.9999 80.dat
0 MLCAD BTG Right Arm
1 7 -72.105 -51.944 -5.377 -0.036646 0.997913 0.0540918 -0.999313 -0.0366216 -0.000944175 -0.001 0.0541 -0.9985 80.dat
0 MLCAD BTG Right Arm
1 7 -66.625 -52.195 -4.975 -0.0565325 0.99377 0.0957104 -0.998365 -0.0562522 -0.00597129 0.0006 0.0959 -0.9954 80.dat
0 MLCAD BTG Right Arm
1 7 -61.169 -52.574 -4.329 -0.085102 0.986189 0.141948 -0.996367 -0.0837241 -0.0156797 0.0036 0.1427 -0.9898 80.dat
0 MLCAD BTG Right Arm
1 7 -55.768 -53.129 -3.415 -0.125233 0.973426 0.191493 -0.992065 -0.121607 -0.0307467 0.0066 0.1938 -0.981 80.dat
0 MLCAD BTG Right Arm
1 7 -50.454 -53.928 -2.215 -0.179894 0.953534 0.241639 -0.98361 -0.172568 -0.051425 0.0073 0.247 -0.969 80.dat
0 MLCAD BTG Right Arm
1 7 -45.282 -55.042 -0.729 -0.250633 0.924277 0.287798 -0.968073 -0.238567 -0.0771345 0.0027 0.2979 -0.9546 80.dat
0 MLCAD BTG Right Arm
1 7 -40.291 -56.555 1.017 -0.335789 0.884768 0.323111 -0.941883 -0.31899 -0.105355 -0.0099 0.3397 -0.9405 80.dat
0 MLCAD BTG Right Arm
1 7 -35.539 -58.538 2.949 -0.42912 0.836483 0.340947 -0.902748 -0.409361 -0.13207 -0.0291 0.3644 -0.9308 80.dat
0 MLCAD BTG Right Arm
1 7 -31.061 -61.022 4.963 -0.521348 0.783975 0.337091 -0.851931 -0.501059 -0.152406 -0.0494 0.3667 -0.929 80.dat
0 MLCAD BTG Right Arm
1 7 -26.865 -63.992 6.933 -0.603661 0.733506 0.31241 -0.794686 -0.584791 -0.162577 -0.0634 0.3464 -0.9359 80.dat
0 MLCAD BTG Right Arm
1 7 -22.935 -67.388 8.747 -0.670596 0.690185 0.271927 -0.738809 -0.654345 -0.16127 -0.0666 0.309 -0.9487 80.dat
0 MLCAD BTG Right Arm
1 7 -19.219 -71.125 10.331 -0.720859 0.656148 0.223125 -0.690424 -0.707759 -0.149517 -0.0598 0.2618 -0.9633 80.dat
0 MLCAD BTG Right Arm
1 7 -15.668 -75.121 11.647 -0.756206 0.631169 0.172859 -0.652702 -0.746429 -0.129937 -0.047 0.2111 -0.9763 80.dat
0 MLCAD BTG Right Arm
1 7 -12.239 -79.294 12.684 -0.779437 0.613704 0.125974 -0.625592 -0.772928 -0.105715 -0.0325 0.1612 -0.9864 80.dat
0 MLCAD BTG Right Arm
1 7 -8.888 -83.594 13.455 -0.794026 0.601999 0.0848326 -0.607635 -0.790327 -0.0790926 -0.0195 0.1144 -0.9932 80.dat
0 MLCAD BTG Right Arm
1 7 -5.59 -87.975 13.978 -0.802534 0.594513 0.0503039 -0.596585 -0.800898 -0.0517858 -0.0094 0.0716 -0.9974 80.dat
0 MLCAD BTG Right Arm
1 7 -2.327 -92.398 14.276 -0.807029 0.590112 0.0218673 -0.590505 -0.806622 -0.0249854 -0.003 0.0331 -0.9994 80.dat
0 MLCAD BTG Right Arm
1 7 0.887 -96.875 14.376 -0.818551 0.574502 0.000195051 -0.574502 -0.818551 -0.000303241 0 0.0004 -1 80.dat
0 MLCAD BTG Right Arm
1 7 3.953 -101.44 14.381 -0.843308 0.537464 0.000780681 -0.537464 -0.843308 -0.00111379 -0.0001 0.0014 -1 80.dat
0 MLCAD BTG Right Arm
1 7 6.912 -106.077 14.388 -0.842919 0.538071 0.000780681 -0.538071 -0.842919 -0.00111379 -0.0001 0.0013 -1 79.dat
0 GROUP 38 Right Arm
0
0 FILE DSDK.ldr
0 Scout Micro
0 Name: DSDK.ldr
0 Author: R Paluczak
0 Unofficial Model
0 ROTATION CENTER 0 0 0 1 "Custom" 
0 ROTATION CONFIG 0 0
1 4 130 -152 0 1 0 0 0 1 0 0 0 1 332.dat
1 7 130 -152 0 1 0 0 0 1 0 0 0 1 32346.dat
1 0 130 -72 40 1 0 0 0 1 0 0 0 1 32344.dat
1 0 130 -152 0 1 0 0 0 1 0 0 0 1 32277.dat
1 4 150 -160 -10 1 0 0 0 1 0 0 0 1 334.dat
1 4 130 -160 -30 1 0 0 0 1 0 0 0 1 334.dat
1 4 110 -160 -10 1 0 0 0 1 0 0 0 1 334.dat
1 36 130 -152 0 1 0 0 0 1 0 0 0 1 32345.dat
1 7 130 -152 0 1 0 0 0 1 0 0 0 1 32276.dat
0
0 FILE Y-Frame.ldr
0 Y-Frame
0 Name: Y-Frame.ldr
0 Author: R Paluczak
0 Unofficial Model
0 ROTATION CENTER 0 0 0 1 "Custom" 
0 ROTATION CONFIG 0 0
1 0 -130 80 0 1 0 0 0 1 0 0 0 1 DSDK.ldr
1 0 -60 -14 -70 1 0 0 0 1 0 0 0 1 2780.dat
1 0 -20 -54 -110 0 0 -1 0 1 0 1 0 0 2780.dat
1 0 0 -64 -120 -1 0 0 0 1 0 0 0 -1 32333.dat
1 8 50 -64 -130 0 0 -1 0 1 0 1 0 0 3894.dat
1 0 20 -54 -110 0 0 -1 0 1 0 1 0 0 2780.dat
1 7 0 -54 -130 0 0 1 0 1 0 -1 0 0 3749.dat
1 7 0 -14 -140 1 0 0 0 1 0 0 0 1 32270.dat
1 7 0 -54 -140 1 0 0 0 1 0 0 0 1 32269.dat
1 7 30 -54 -170 0 0 -1 0 1 0 1 0 0 32269.dat
1 7 70 -54 -170 0 0 -1 0 1 0 1 0 0 3713.dat
1 8 -50 -64 -130 0 0 -1 0 1 0 1 0 0 3894.dat
1 7 -70 -54 -170 0 0 -1 0 1 0 1 0 0 3713.dat
1 0 0 -14 -120 0 0 -1 0 1 0 1 0 0 4519.dat
1 0 60 -14 -70 1 0 0 0 1 0 0 0 1 2780.dat
1 0 60 -54 -90 1 0 0 0 1 0 0 0 1 2780.dat
1 0 -60 -54 -90 1 0 0 0 1 0 0 0 1 2780.dat
1 0 70 -14 -90 1 0 0 0 1 0 0 0 1 6558.dat
1 0 -70 -14 -90 -1 0 0 0 1 0 0 0 -1 6558.dat
1 0 -70 -74 -90 0 1 0 0 0 1 1 0 0 32140.dat
1 0 70 -74 -90 0 1 0 0 0 1 1 0 0 32140.dat
1 0 0 -54 -170 -1 0 0 0 1 0 0 0 -1 3737.dat
0
0
