0 FILE Anakin and Sebulbas Podracers.ldr
0 Anakin and Sebulbas Podracers
0 Name: Anakin and Sebulbas Podracers.ldr
0 Author: R Paluczak
0 Unofficial Model
0 ROTATION CENTER 0 0 0 1 "Custom" 
0 ROTATION CONFIG 0 0
1 0 60 80 580 0 0 1 0 1 0 -1 0 0 Anakin Skywalker.ldr
1 0 150 48 540 0 0 -1 0 1 0 1 0 0 Sebulba.ldr
1 0 210 64 400 0 0 1 0 1 0 -1 0 0 Obi-Wan Kenobi.ldr
1 0 220 80 130 0 0 1 0 1 0 -1 0 0 Wald.ldr
1 0 150 80 220 0 0 1 0 1 0 -1 0 0 Watto.ldr
1 0 50 -56 980 1 0 0 0 1 0 0 0 1 Part 1.ldr
1 0 330 -56 180 1 0 0 0 1 0 0 0 1 Part 8.ldr
0
0 FILE Anakin Skywalker.ldr
0 Anakin Skywalker
0 Name: Anakin Skywalker.ldr
0 Author: R Paluczak
0 Unofficial Model
0 ROTATION CENTER 0 0 0 1 "Custom" 
0 ROTATION CONFIG 0 0
1 71 0 -24 0 1 0 0 0 1 0 0 0 1 30370ps2.dat
1 78 0 -24 0 1 0 0 0 1 0 0 0 1 3626bpsd.dat
1 19 0 0 0 1 0 0 0 1 0 0 0 1 973pr0.dat
1 19 0 32 0 1 0 0 0 1 0 0 0 1 41879a.dat
1 19 -15.552 9 0 0.985 -0.17 0 0.17 0.985 0 0 0 1 3818.dat
1 19 15.552 9 0 0.985 0.17 0 -0.17 0.985 0 0 0 1 3819.dat
1 78 -23.8634 26.5956 -10.321 0.985 -0.12019 0.12019 0.17 0.696395 -0.696395 0 0.707 0.707 3820.dat
1 78 23.8634 26.5956 -10.321 0.985 0.12019 -0.12019 -0.17 0.696395 -0.696395 0 0.707 0.707 3820.dat
0
0 FILE Sebulba.ldr
0 Sebulba
0 Name: Sebulba.ldr
0 Author: R Paluczak
0 Unofficial Model
0 ROTATION CENTER 0 0 0 1 "Custom" 
0 ROTATION CONFIG 0 0
1 72 -40 32 0 1 0 0 0 0.382683 0.92388 0 -0.92388 0.382683 87566.dat
1 72 -20 19.754 29.564 -1 0 0 0 0.83147 0.55557 0 0.55557 -0.83147 87568.dat
1 72 -60 19.754 29.564 -1 0 0 0 0.83147 0.55557 0 0.55557 -0.83147 87568.dat
1 72 -40 19.754 29.564 -1 0 0 0 0.382683 -0.92388 0 -0.92388 -0.382683 87567.dat
1 72 -50 32 0 -1 0 0 0 1 0 0 0 -1 87569.dat
1 72 -30 32 0 -1 0 0 0 1 0 0 0 -1 87569.dat
0
0 FILE Obi-Wan Kenobi.ldr
0 Obi-Wan Kenobi
0 Name: Obi-Wan Kenobi.ldr
0 Author: R Paluczak
0 Unofficial Model
0 ROTATION CENTER 0 0 0 1 "Custom" 
0 ROTATION CONFIG 0 0
1 70 0 -27 0 1 0 0 0 1 0 0 0 1 30381.dat
1 78 0 -27 0 1 0 0 0 1 0 0 0 1 3626bps2.dat
1 70 0 -2 0 1 0 0 0 1 0 0 0 1 522.dat
1 19 0 0 0 1 0 0 0 1 0 0 0 1 973pr4.dat
1 19 0 32 0 1 0 0 0 1 0 0 0 1 3815.dat
1 19 -15.552 9 0 0.985 -0.17 0 0.17 0.985 0 0 0 1 3818.dat
1 19 15.552 9 0 0.985 0.17 0 -0.17 0.985 0 0 0 1 3819.dat
1 78 -23.8634 26.5956 -10.321 0.985 -0.12019 0.12019 0.17 0.696395 -0.696395 0 0.707 0.707 3820.dat
1 78 23.8634 26.5956 -10.321 0.985 0.12019 -0.12019 -0.17 0.696395 -0.696395 0 0.707 0.707 3820.dat
1 43 -23.1951 22.7236 -33.8217 0.985 -0.0874983 0.14567 0.17 0.506976 -0.844031 0 0.856884 0.514696 577c01.dat
1 19 0 44 0 1 0 0 0 1 0 0 0 1 3816.dat
1 19 0 44 0 1 0 0 0 1 0 0 0 1 3817.dat
0
0 FILE Wald.ldr
0 Wald
0 Name: Wald.ldr
0 Author: R Paluczak
0 Unofficial Model
0 ROTATION CENTER 0 0 0 1 "Custom" 
0 ROTATION CONFIG 0 0
1 378 0 0 0 1 0 0 0 1 0 0 0 1 47545p01.dat
1 484 0 0 0 1 0 0 0 1 0 0 0 1 973pr3.dat
1 19 0 32 0 1 0 0 0 1 0 0 0 1 41879a.dat
1 484 -15.552 9 0 0.985 -0.17 0 0.17 0.985 0 0 0 1 3818.dat
1 484 15.552 9 0 0.985 0.17 0 -0.17 0.985 0 0 0 1 3819.dat
1 378 -23.8634 26.5956 -10.321 0.985 -0.12019 0.12019 0.17 0.696395 -0.696395 0 0.707 0.707 3820.dat
1 378 23.8634 26.5956 -10.321 0.985 0.12019 -0.12019 -0.17 0.696395 -0.696395 0 0.707 0.707 3820.dat
0
0 FILE Watto.ldr
0 Watto
0 Name: Watto.ldr
0 Author: R Paluczak
0 Unofficial Model
0 ROTATION CENTER 0 0 0 1 "Custom" 
0 ROTATION CONFIG 0 0
1 379 0 0 0 1 0 0 0 1 0 0 0 1 87570.dat
1 379 0 0 0 1 0 0 0 1 0 0 0 1 973.dat
1 379 0 32 0 1 0 0 0 1 0 0 0 1 41879a.dat
1 379 -15.552 9 0 0.985 -0.17 0 0.17 0.985 0 0 0 1 3818.dat
1 379 15.552 9 0 0.985 0.17 0 -0.17 0.985 0 0 0 1 3819.dat
1 379 -23.8634 26.5956 -10.321 0.985 -0.12019 0.12019 0.17 0.696395 -0.696395 0 0.707 0.707 3820.dat
1 379 23.8634 26.5956 -10.321 0.985 0.12019 -0.12019 -0.17 0.696395 -0.696395 0 0.707 0.707 3820.dat
0
0 FILE Part 1.ldr
0 Part 1
0 Name: Part 1.ldr
0 Author: R Paluczak
0 Unofficial Model
0 ROTATION CENTER 0 0 0 1 "Custom" 
0 ROTATION CONFIG 0 0
1 14 -30 0 0 -1 0 0 0 1 0 0 0 -1 52107.dat
1 71 -40 -24 0 -1 0 0 0 1 0 0 0 -1 6141.dat
1 71 -20 -24 0 -1 0 0 0 1 0 0 0 -1 6141.dat
1 70 -30 -24 20 -1 0 0 0 1 0 0 0 -1 3023.dat
1 70 -30 -24 -20 -1 0 0 0 1 0 0 0 -1 3023.dat
1 37 -40 -32 -110 -1 0 0 0 1 0 0 0 -1 99784.dat
1 72 -30 -10 0 0 0 1 0 1 0 -1 0 0 30360.dat
1 71 -30 10 34 -1 0 0 0 0 -1 0 -1 0 3937.dat
1 71 -30 10 -34 1 0 0 0 0 -1 0 1 0 3937.dat
1 71 -74 -10 0 0 1 0 0 0 -1 -1 0 0 4032b.dat
1 71 -82 -10 0 0 1 0 0 0 -1 -1 0 0 4032b.dat
1 14 -30 0 -220 -1 0 0 0 1 0 0 0 -1 52107.dat
1 14 -107 -10 -220 0 0 1 0 1 0 -1 0 0 55981.dat
1 14 -151 -10 -220 0 1 0 1 0 0 0 0 -1 3062b.dat
1 14 -20 27.229 -43.473 -1 0 0 0 -0.66262 0.748956 0 0.748956 0.66262 Part 2.ldr
1 14 -20 27.229 -263.473 -1 0 0 0 -0.66262 0.748956 0 0.748956 0.66262 Part 2.ldr
1 4 10 24 0 0 0 1 0 1 0 -1 0 0 42023.dat
1 4 10 24 -220 0 0 1 0 1 0 -1 0 0 42023.dat
1 4 -40 27.398 -176.678 1 0 0 0 -0.669131 0.743145 0 -0.743145 -0.669131 Part 3.ldr
1 4 -40 27.398 43.322 1 0 0 0 -0.669131 0.743145 0 -0.743145 -0.669131 Part 3.ldr
1 71 -20 -24 -220 -1 0 0 0 1 0 0 0 -1 6141.dat
1 71 -20 -32 0 -1 0 0 0 1 0 0 0 -1 6141.dat
1 72 -20 -32 20 -1 0 0 0 1 0 0 0 -1 4085c.dat
1 72 -30 -32 20 -1 0 0 0 1 0 0 0 -1 85984.dat
1 72 -30 -32 -240 1 0 0 0 1 0 0 0 1 85984.dat
1 72 -10 -56 -220 1 0 0 0 1 0 0 0 1 2431.dat
1 72 -10 -56 0 1 0 0 0 1 0 0 0 1 2431.dat
1 0 -30 -40 -10 -1 0 0 0 1 0 0 0 -1 3022.dat
1 0 -30 -40 -210 -1 0 0 0 1 0 0 0 -1 3022.dat
1 72 -20 -32 -20 1 0 0 0 1 0 0 0 1 4085c.dat
1 72 -20 -32 -200 -1 0 0 0 1 0 0 0 -1 4085c.dat
1 72 -20 -32 -240 1 0 0 0 1 0 0 0 1 4085c.dat
1 71 -40 -32 20 -1 0 0 0 1 0 0 0 -1 6141.dat
1 71 -20 -48 0 -1 0 0 0 1 0 0 0 -1 6141.dat
1 71 -30 -48 -20 -1 0 0 0 1 0 0 0 -1 2412b.dat
1 71 -30 -48 -200 -1 0 0 0 1 0 0 0 -1 2412b.dat
1 71 -20 -48 -220 -1 0 0 0 1 0 0 0 -1 6141.dat
1 71 10 -48 -220 1 0 0 0 1 0 0 0 1 60478.dat
1 14 -70 -56 0 0 0 1 0 1 0 -1 0 0 30407.dat
1 14 -70 -56 -220 0 0 1 0 1 0 -1 0 0 30407.dat
1 14 10 -28 -260 -1 0 0 0 0 1 0 1 0 60478.dat
1 14 10 -28 -40 -1 0 0 0 0 1 0 1 0 60478.dat
1 14 10 -28 40 -1 0 0 0 0 -1 0 -1 0 60478.dat
1 14 10 -28 -180 -1 0 0 0 0 -1 0 -1 0 60478.dat
1 71 10 -48 0 1 0 0 0 1 0 0 0 1 60478.dat
1 76 40 -48 0 1 0 0 0 -1 0 0 0 -1 53989.dat
1 76 40 -48 -220 1 0 0 0 -1 0 0 0 -1 53989.dat
1 71 -50 -48 0 -1 0 0 0 1 0 0 0 -1 30383.dat
1 71 -50 -48 -220 -1 0 0 0 1 0 0 0 -1 30383.dat
1 71 -20 -32 -220 -1 0 0 0 1 0 0 0 -1 6141.dat
1 71 -40 -32 -240 -1 0 0 0 1 0 0 0 -1 6141.dat
1 70 -30 -24 -200 -1 0 0 0 1 0 0 0 -1 3023.dat
1 70 -30 -24 -240 -1 0 0 0 1 0 0 0 -1 3023.dat
1 72 -30 -10 -220 0 0 1 0 1 0 -1 0 0 30360.dat
1 71 -30 10 -186 -1 0 0 0 0 -1 0 -1 0 3937.dat
1 71 -30 10 -254 1 0 0 0 0 -1 0 1 0 3937.dat
1 71 -74 -10 -220 0 1 0 0 0 -1 -1 0 0 4032b.dat
1 71 -82 -10 -220 0 1 0 0 0 -1 -1 0 0 4032b.dat
1 1 -86 -10 -220 1 0 0 0 0 -1 0 1 0 3749.dat
1 1 -126 -10 -220 -1 0 0 0 0 -1 0 -1 0 4274.dat
1 14 -107 -10 0 0 0 1 0 1 0 -1 0 0 55981.dat
1 14 -151 -10 0 0 1 0 1 0 0 0 0 -1 3062b.dat
1 1 -86 -10 0 1 0 0 0 0 -1 0 1 0 3749.dat
1 1 -126 -10 0 -1 0 0 0 0 -1 0 -1 0 4274.dat
1 71 30 -10 0 0 1 0 0 0 -1 -1 0 0 4032b.dat
1 71 30 -10 -220 0 1 0 0 0 -1 -1 0 0 4032b.dat
1 71 409 -4 -70 0 0 -1 0 1 0 1 0 0 Part 4.ldr
1 71 120 176 -110 0 0 -1 0 1 0 1 0 0 Part 7.ldr
1 71 550 -48 -110 1 0 0 0 1 0 0 0 1 Part 6.ldr
0 SYNTH BEGIN TECHNIC_FLEX-SYSTEM_HOSE 148
0 1 71 530 -18 -160 0 1 0 -1 0 0 0 0 1 LS02.dat
0 1 71 450 -18 -160 0 1 0 -1 0 0 0 0 1 LS02.dat
0 1 71 80 -66 -220 0 1 0 -1 0 0 0 0 1 LS02.dat
0 1 71 60 -66 -220 0 1 0 -1 0 0 0 0 1 LS02.dat
0 SYNTH SHOW
0 SYNTH SYNTHESIZED BEGIN
1 148 530 -18 -160 0 -80 0 -1 0 0 0 0 1 LS50.dat
1 148 450 -18 -160 0.0174 -2.7346 -0.0217 -0.9998 -0.0475 -0.0002 0.0002 -0.0594 0.9998 LS51.dat
1 148 447.877 -18.0369 -160.046 0.0492 -4.6361 -0.0615 -0.9988 -0.2288 -0.0015 0.0015 -0.286 0.9981 LS51.dat
1 148 443.853 -18.2355 -160.294 0.081 -9.9904 -0.1012 -0.9967 -0.8161 -0.0041 0.0041 -1.0201 0.9949 LS51.dat
1 148 434.486 -19.0007 -161.251 0.1133 -33.4054 -0.1416 -0.9935 -3.8483 -0.0081 0.0081 -4.8104 0.9899 LS51.dat
1 148 401.492 -22.8015 -166.002 0.1347 -307.025 -0.1683 -0.9908 -42.3421 -0.0115 0.0115 -52.9277 0.9857 LS51.dat
1 148 95.489 -65.0017 -218.752 0.0809 -10.1702 -0.1012 -0.9967 -0.8302 -0.0041 0.0041 -1.0377 0.9949 LS51.dat
1 148 86.1362 -65.7652 -219.707 0.0382 -6.8686 -0.0477 -0.9993 -0.2629 -0.0009 0.0009 -0.3286 0.9989 LS51.dat
1 148 60 -66 -220 0 20 0 -1 0 0 0 0 1 LS50.dat
0 SYNTH SYNTHESIZED END
0 SYNTH SYNTHESIZED BEGIN
0 SYNTH SYNTHESIZED END
0 SYNTH END
0 SYNTH BEGIN TECHNIC_FLEX-SYSTEM_HOSE 148
0 1 4 530 -18 -60 0 1 0 -1 0 0 0 0 1 LS02.dat
0 1 4 450 -18 -60 0 1 0 -1 0 0 0 0 1 LS02.dat
0 1 4 80 -66 0 0 1 0 -1 0 0 0 0 1 LS02.dat
0 1 4 60 -66 0 0 1 0 -1 0 0 0 0 1 LS02.dat
0 SYNTH SHOW
0 SYNTH SYNTHESIZED BEGIN
1 148 530 -18 -60 0 -80 0 -1 0 0 0 0 1 LS50.dat
1 148 450 -18 -60 0.0174 -2.7379 0.0217 -0.9998 -0.0476 0.0002 -0.0002 0.0594 0.9998 LS51.dat
1 148 447.877 -18.0369 -59.9539 0.0494 -4.6885 0.0617 -0.9988 -0.2322 0.0015 -0.0015 0.2902 0.9981 LS51.dat
1 148 443.804 -18.2386 -59.7017 0.0813 -10.1038 0.1016 -0.9967 -0.8287 0.0042 -0.0042 1.0358 0.9948 LS51.dat
1 148 434.323 -19.0161 -58.7298 0.1137 -34.0164 0.1421 -0.9935 -3.9317 0.0081 -0.0081 4.9146 0.9898 LS51.dat
1 148 400.713 -22.9009 -53.8739 0.1347 -306.021 0.1684 -0.9908 -42.2205 0.0115 -0.0115 52.7756 0.9857 LS51.dat
1 148 95.7057 -64.9811 -1.2736 0.0814 -10.2889 0.1018 -0.9967 -0.845 0.0042 -0.0042 1.0563 0.9948 LS51.dat
1 148 86.2358 -65.7589 -0.3014 0.0386 -6.9683 0.0482 -0.9993 -0.2695 0.0009 -0.0009 0.3368 0.9988 LS51.dat
1 148 60 -66 0 0 20 0 -1 0 0 0 0 1 LS50.dat
0 SYNTH SYNTHESIZED END
0 SYNTH SYNTHESIZED BEGIN
0 SYNTH SYNTHESIZED END
0 SYNTH END
0
0 FILE Part 2.ldr
0 Part 2
0 Name: Part 2.ldr
0 Author: R Paluczak
0 Unofficial Model
0 ROTATION CENTER 0 0 0 1 "Custom" 
0 ROTATION CONFIG 0 0
1 4 10 16 0 1 0 0 0 1 0 0 0 1 6134.dat
1 70 10 8 20 1 0 0 0 1 0 0 0 1 3023.dat
1 72 10 8 0 1 0 0 0 1 0 0 0 1 44301.dat
1 14 50 8 0 0 0 -1 0 1 0 1 0 0 30407.dat
1 71 0 0 10 0 0 -1 0 1 0 1 0 0 2412b.dat
1 71 20 0 10 0 0 -1 0 1 0 1 0 0 2412b.dat
0
0 FILE Part 3.ldr
0 Part 3
0 Name: Part 3.ldr
0 Author: R Paluczak
0 Unofficial Model
0 ROTATION CENTER 0 0 0 1 "Custom" 
0 ROTATION CONFIG 0 0
1 4 10 16 0 1 0 0 0 1 0 0 0 1 6134.dat
1 70 10 8 20 1 0 0 0 1 0 0 0 1 3023.dat
1 72 10 8 0 -1 0 0 0 1 0 0 0 -1 44301.dat
1 14 -30 8 0 0 0 1 0 1 0 -1 0 0 30407.dat
1 71 0 0 10 0 0 -1 0 1 0 1 0 0 2412b.dat
1 71 20 0 10 0 0 -1 0 1 0 1 0 0 2412b.dat
0
0 FILE Part 4.ldr
0 Part 4
0 Name: Part 4.ldr
0 Author: R Paluczak
0 Unofficial Model
0 ROTATION CENTER 0 0 0 1 "Custom" 
0 ROTATION CONFIG 0 0
1 47 -60 -6 0 0 -1 0 1 0 0 0 0 1 32278.dat
1 47 -20 -6 0 0 -1 0 1 0 0 0 0 1 32278.dat
1 47 -40 -6 200 0 -1 0 1 0 0 0 0 1 32278.dat
1 47 -60 -6 260 0 -1 0 0 0 -1 1 0 0 32009.dat
1 47 -20 -6 260 0 -1 0 0 0 -1 1 0 0 32009.dat
1 19 -40 -6 -140 1 0 0 0 1 0 0 0 1 32556.dat
1 71 -40 -16 -130 0 0 -1 0 1 0 1 0 0 32000.dat
1 71 -75 -6 340 0 0 -1 0 1 0 1 0 0 32123b.dat
1 71 -5 -6 340 0 0 -1 0 1 0 1 0 0 32123b.dat
1 72 -100 -6 340 0 0 -1 0 1 0 1 0 0 59443.dat
1 72 20 -6 340 0 0 -1 0 1 0 1 0 0 59443.dat
1 72 -130 -6 268 1 0 0 0 0 -1 0 1 0 Part 5.ldr
1 72 50 -6 268 -1 0 0 0 0 1 0 1 0 Part 5.ldr
1 71 -40 154 260 -1 0 0 0 1 0 0 0 -1 4519.dat
1 0 -40 -6 340 -1 0 0 0 1 0 0 0 -1 3706.dat
1 71 -40 -16 -90 0 0 -1 0 1 0 1 0 0 32000.dat
1 19 -40 -6 -120 1 0 0 0 1 0 0 0 1 32556.dat
1 19 -40 -6 -100 1 0 0 0 1 0 0 0 1 32556.dat
1 19 -40 -6 -80 1 0 0 0 1 0 0 0 1 32556.dat
1 19 -40 -6 140 1 0 0 0 1 0 0 0 1 32556.dat
1 19 -40 -6 100 1 0 0 0 1 0 0 0 1 32556.dat
1 19 -40 -6 60 1 0 0 0 1 0 0 0 1 32556.dat
1 19 -40 -6 300 1 0 0 0 1 0 0 0 1 32556.dat
1 19 -40 134 260 1 0 0 0 1 0 0 0 1 32556.dat
1 72 -40 174 340 0 -1 0 -1 0 0 0 0 -1 32526.dat
1 19 -40 -6 320 1 0 0 0 1 0 0 0 1 32556.dat
0
0 FILE Part 5.ldr
0 Part 5
0 Name: Part 5.ldr
0 Author: R Paluczak
0 Unofficial Model
0 ROTATION CENTER 0 0 0 1 "Custom" 
0 ROTATION CONFIG 0 0
1 72 -20 8 0 1 0 0 0 1 0 0 0 1 6143.dat
1 72 -20 -40 0 1 0 0 0 1 0 0 0 1 3942c.dat
1 72 -40 76 0 1 0 0 0 -1 0 0 0 -1 3062b.dat
1 72 -30 76 18 1 0 0 0 -1 0 0 0 -1 3062b.dat
1 72 -10 76 18 1 0 0 0 -1 0 0 0 -1 3062b.dat
1 72 -30 76 -17 1 0 0 0 -1 0 0 0 -1 3062b.dat
1 72 -10 76 -17 1 0 0 0 -1 0 0 0 -1 3062b.dat
1 71 -20 72 0 0 1 0 -1 0 0 0 0 1 44294.dat
1 4 10 72 0 -1 0 0 0 -1 0 0 0 1 32062.dat
1 71 0 72 0 0 0 1 -1 0 0 0 -1 0 32039.dat
1 71 -20 42 0 0 1 0 0 0 1 1 0 0 60208.dat
1 71 -20 87 0 0 1 0 0 0 1 1 0 0 4185.dat
1 71 -20 97 0 0 1 0 0 0 1 1 0 0 4185.dat
1 1 -40 52 0 0 1 0 1 0 0 0 0 -1 4274.dat
1 1 -30 52 18 0 1 0 1 0 0 0 0 -1 4274.dat
1 1 -10 52 18 0 1 0 1 0 0 0 0 -1 4274.dat
1 1 -30 52 -17 0 1 0 1 0 0 0 0 -1 4274.dat
1 1 -10 52 -17 0 1 0 1 0 0 0 0 -1 4274.dat
1 14 -20 57 0 0 1 0 0 0 1 1 0 0 32123b.dat
0
0 FILE Part 6.ldr
0 Part 6
0 Name: Part 6.ldr
0 Author: R Paluczak
0 Unofficial Model
0 ROTATION CENTER 0 0 0 1 "Custom" 
0 ROTATION CONFIG 0 0
1 71 -40 24 0 1 0 0 0 1 0 0 0 1 3795.dat
1 71 -30 -8 0 0 0 -1 0 1 0 1 0 0 3004.dat
1 71 -70 -8 0 0 0 -1 0 1 0 1 0 0 3004.dat
1 71 -108 12 0 0 1 0 0 0 -1 -1 0 0 51739.dat
1 72 -124 2 0 0 1 0 0 0 -1 -1 0 0 47457.dat
1 0 -50 10 0 0 0 -1 0 1 0 1 0 0 3706.dat
1 72 -50 10 -50 0 0 1 0 1 0 -1 0 0 6536.dat
1 71 -30 30 -50 0 0 -1 0 -1 0 -1 0 0 32126.dat
1 71 -60 30 -50 -1 0 0 0 -1 0 0 0 1 4274.dat
1 71 -84 30 -50 -1 0 0 0 -1 0 0 0 1 4274.dat
1 14 -93 30 -50 0 0 -1 0 -1 0 -1 0 0 32123b.dat
1 15 -90 -8 -10 0 0 1 0 1 0 -1 0 0 87087.dat
1 15 -90 -8 10 0 0 1 0 1 0 -1 0 0 87087.dat
1 4 0 8 0 0 0 -1 0 1 0 1 0 0 3022.dat
1 4 -30 -8 -30 0 0 -1 0 1 0 1 0 0 6141.dat
1 4 -30 -8 30 0 0 -1 0 1 0 1 0 0 6141.dat
1 4 -50 10 30 -1 0 0 0 1 0 0 0 -1 3713.dat
1 4 -50 10 -30 -1 0 0 0 1 0 0 0 -1 3713.dat
1 4 -9 30 -50 -1 0 0 0 0 -1 0 -1 0 6141.dat
1 72 -50 10 50 0 0 1 0 1 0 -1 0 0 6536.dat
1 71 -30 30 50 0 0 -1 0 1 0 1 0 0 32126.dat
1 71 -60 30 50 -1 0 0 0 -1 0 0 0 1 4274.dat
1 71 -84 30 50 -1 0 0 0 -1 0 0 0 1 4274.dat
1 14 -93 30 50 0 0 -1 0 -1 0 -1 0 0 32123b.dat
1 4 -9 30 50 -1 0 0 0 0 1 0 1 0 6141.dat
1 4 30 -8 10 0 0 -1 0 1 0 1 0 0 6141.dat
1 4 30 -8 -10 0 0 -1 0 1 0 1 0 0 6141.dat
1 28 30 0 0 0 0 -1 0 1 0 1 0 0 3023.dat
1 28 -50 -8 0 0 0 -1 0 1 0 1 0 0 3023.dat
1 19 -60 -16 0 -1 0 0 0 1 0 0 0 -1 3020.dat
1 47 -30 -40 0 0 0 -1 0 1 0 1 0 0 4865b.dat
1 72 -50 0 10 1 0 0 0 1 0 0 0 1 6541.dat
1 72 -50 0 -10 1 0 0 0 1 0 0 0 1 6541.dat
1 72 10 0 0 0 0 -1 0 1 0 1 0 0 4855.dat
1 72 60 -8 0 0 0 -1 0 1 0 1 0 0 48183.dat
1 72 50 -16 0 0 0 -1 0 1 0 1 0 0 3794b.dat
1 72 0 -16 -30 -1 0 0 0 1 0 0 0 -1 92593.dat
1 72 -50 -24 0 0 0 1 0 1 0 -1 0 0 45677.dat
1 72 -80 5.46 67.721 1 0 0 0 -0.92388 0.382683 0 -0.382683 -0.92388 30350.dat
1 71 -80 -5.757 73.898 1 0 0 0 -0.92388 0.382683 0 -0.382683 -0.92388 51739.dat
1 72 -80 -13.149 70.837 1 0 0 0 -0.92388 0.382683 0 -0.382683 -0.92388 2654.dat
1 72 -80 5.46 -67.721 -1 0 0 0 -0.92388 0.382683 0 0.382683 0.92388 30350.dat
1 71 -80 -5.757 -73.898 -1 0 0 0 -0.92388 0.382683 0 0.382683 0.92388 51739.dat
1 72 -80 -13.149 -70.837 -1 0 0 0 -0.92388 0.382683 0 0.382683 0.92388 2654.dat
1 72 0 -16 30 -1 0 0 0 1 0 0 0 -1 92593.dat
1 71 -30 -24 30 -0.19509 0 0.980785 0 1 0 -0.980785 0 -0.19509 4592.dat
1 0 -30 -24 30 -0.19509 -0.980785 0 0 0 1 -0.980785 0.19509 0 4593.dat
1 71 -30 -24 -30 0.19509 0 0.980785 0 1 0 -0.980785 0 0.19509 4592.dat
1 0 -30 -24 -30 0.19509 -0.980785 0 0 0 1 -0.980785 -0.19509 0 4593.dat
1 1 70 -16 0 0 0 -1 0 1 0 1 0 0 3794b.dat
1 1 30 -16 0 0 0 -1 0 1 0 1 0 0 3794b.dat
1 1 30 -40 0 0 0 -1 0 1 0 1 0 0 4286.dat
1 1 0 -8 -30 1 0 0 0 1 0 0 0 1 2436a.dat
1 72 20 2 -44 -1 0 0 0 0 1 0 1 0 85984.dat
1 72 -20 2 -52 -1 0 0 0 0 1 0 1 0 3069b.dat
1 1 0 -8 30 -1 0 0 0 1 0 0 0 -1 2436a.dat
1 72 20 2 44 1 0 0 0 0 1 0 -1 0 85984.dat
1 72 -20 2 52 1 0 0 0 0 1 0 -1 0 3069b.dat
1 72 -20 0 0 -1 0 0 0 1 0 0 0 -1 4871.dat
1 0 -80 16 -10 1 0 0 0 1 0 0 0 1 48336.dat
1 0 -80 16 10 -1 0 0 0 1 0 0 0 -1 48336.dat
0 
0
0 FILE Part 7.ldr
0 Part 7
0 Name: Part 7.ldr
0 Author: R Paluczak
0 Unofficial Model
0 ROTATION CENTER 0 0 0 1 "Custom" 
0 ROTATION CONFIG 0 0
1 71 0 8 0 1 0 0 0 1 0 0 0 1 3021.dat
1 71 50 8 0 0 0 -1 0 1 0 1 0 0 51739.dat
1 71 -50 8 0 0 0 1 0 1 0 -1 0 0 51739.dat
1 19 20 0 10 1 0 0 0 1 0 0 0 1 30357.dat
1 19 20 -8 -20 0 0 -1 0 1 0 1 0 0 3460.dat
1 19 20 -16 -60 0 0 -1 0 1 0 1 0 0 2431.dat
1 19 -20 -16 -60 0 0 -1 0 1 0 1 0 0 2431.dat
1 19 0 -16 -60 -1 0 0 0 1 0 0 0 -1 61678.dat
1 19 -20 -32 20 1 0 0 0 1 0 0 0 1 61678.dat
1 19 20 -32 20 1 0 0 0 1 0 0 0 1 61678.dat
1 19 0 -24 50 -1 0 0 0 1 0 0 0 -1 3623.dat
1 19 -20 -8 -20 0 0 -1 0 1 0 1 0 0 3460.dat
1 28 -20 -16 40 0 0 -1 0 1 0 1 0 0 3023.dat
1 28 20 -16 40 0 0 -1 0 1 0 1 0 0 3023.dat
1 19 20 0 -10 0 0 1 0 1 0 -1 0 0 30357.dat
1 19 -20 0 -10 -1 0 0 0 1 0 0 0 -1 30357.dat
1 19 -20 0 10 0 0 -1 0 1 0 1 0 0 30357.dat
1 71 0 8 -40 1 0 0 0 1 0 0 0 1 3021.dat
1 71 0 8 -80 1 0 0 0 1 0 0 0 1 3021.dat
1 71 0 0 -80 1 0 0 0 1 0 0 0 1 3021.dat
1 4 0 -8 -90 1 0 0 0 1 0 0 0 1 6141.dat
1 71 0 8 40 1 0 0 0 1 0 0 0 1 3021.dat
0
0 FILE Part 8.ldr
0 Part 8
0 Name: Part 8.ldr
0 Author: R Paluczak
0 Unofficial Model
0 ROTATION CENTER 0 0 0 1 "Custom" 
0 ROTATION CONFIG 0 0
1 71 -20 16 0 1 0 0 0 1 0 0 0 1 3832.dat
1 0 -100 8 0 1 0 0 0 1 0 0 0 1 3022.dat
1 0 -70 8 0 0 0 -1 0 1 0 1 0 0 44302.dat
1 0 -50 8 0 0 0 -1 0 1 0 1 0 0 44302.dat
1 0 -70 -24 0 0 0 -1 0 1 0 1 0 0 44302.dat
1 0 -50 -24 0 0 0 -1 0 1 0 1 0 0 44302.dat
1 72 -100 -24 -10 1 0 0 0 1 0 0 0 1 44728.dat
1 72 -110 -24 20 0 0 1 0 1 0 -1 0 0 44728.dat
1 72 70 -40 0 0 0 1 0 1 0 -1 0 0 2412b.dat
1 72 -60 -48 10 1 0 0 0 1 0 0 0 1 2412b.dat
1 72 0 -40 -10 1 0 0 0 1 0 0 0 1 2540.dat
1 72 30 -40 10 0 0 1 0 1 0 -1 0 0 2555.dat
1 297 -40 -46 10 0 1 0 0 0 -1 -1 0 0 30374.dat
1 297 64 -22 30 0 1 0 0 0 -1 -1 0 0 63965.dat
1 297 64 10 30 0 1 0 0 0 -1 -1 0 0 63965.dat
1 297 64 -22 -30 0 1 0 0 0 -1 -1 0 0 63965.dat
1 297 64 10 -30 0 1 0 0 0 -1 -1 0 0 63965.dat
1 297 64 -22 -170 0 1 0 0 0 -1 -1 0 0 63965.dat
1 297 64 10 -170 0 1 0 0 0 -1 -1 0 0 63965.dat
1 297 64 -22 -230 0 1 0 0 0 -1 -1 0 0 63965.dat
1 297 64 10 -230 0 1 0 0 0 -1 -1 0 0 63965.dat
1 297 -120 -46 -10 0 1 0 0 0 -1 -1 0 0 30374.dat
1 72 -30 -40 10 0 0 1 0 1 0 -1 0 0 2555.dat
1 72 -50 -40 -10 0 0 1 0 1 0 -1 0 0 2555.dat
1 72 -110 -40 -10 0 0 1 0 1 0 -1 0 0 2555.dat
1 72 40 -40 -10 1 0 0 0 1 0 0 0 1 30383.dat
1 72 50 -64 -10 0 1 0 0 0 1 1 0 0 30554.dat
1 71 60 -84 -10 0 0 1 0 -1 0 1 0 0 30553.dat
1 71 60 8 -10 1 0 0 0 1 0 0 0 1 60470b.dat
1 71 60 8 10 -1 0 0 0 1 0 0 0 -1 60470b.dat
1 71 60 -24 -10 1 0 0 0 1 0 0 0 1 60470b.dat
1 71 0 -48 -10 1 0 0 0 1 0 0 0 1 2431.dat
1 71 60 -24 10 -1 0 0 0 1 0 0 0 -1 60470b.dat
1 72 50 -16 0 0 0 1 0 1 0 -1 0 0 32064b.dat
1 71 -110 -16 0 0 0 1 0 1 0 -1 0 0 3004.dat
1 25 -80 -16 0 0 0 1 0 1 0 -1 0 0 3003.dat
1 25 -90 -32 10 1 0 0 0 1 0 0 0 1 50746.dat
1 25 -100 -4 -48 0 0 -1 -1 0 0 0 1 0 47753.dat
1 25 -110 -32 10 1 0 0 0 1 0 0 0 1 50746.dat
1 72 70 -16 0 0 0 1 0 1 0 -1 0 0 32064b.dat
1 72 220 -22 30 0 0 -1 0 1 0 1 0 0 Part 10.ldr
1 72 220 -22 -170 0 0 -1 0 1 0 1 0 0 Part 10.ldr
1 72 20 -16 -10 1 0 0 0 1 0 0 0 1 32064b.dat
1 72 20 -16 10 1 0 0 0 1 0 0 0 1 32064b.dat
1 72 -20 -16 -10 1 0 0 0 1 0 0 0 1 32064b.dat
1 72 -20 -16 10 1 0 0 0 1 0 0 0 1 32064b.dat
1 28 -20 -6 -10 0 0 -1 0 1 0 1 0 0 6587.dat
1 28 20 -6 -10 0 0 -1 0 1 0 1 0 0 6587.dat
1 28 -110 -4 -32 0 0 -1 -1 0 0 0 1 0 3023.dat
1 70 0 8 0 1 0 0 0 1 0 0 0 1 3020.dat
1 70 -80 24 0 1 0 0 0 1 0 0 0 1 3020.dat
1 70 0 -24 0 1 0 0 0 1 0 0 0 1 3020.dat
1 70 -50 0 -10 1 0 0 0 1 0 0 0 1 6141.dat
1 70 -30 -40 -10 1 0 0 0 1 0 0 0 1 6141.dat
1 70 50 -40 10 1 0 0 0 1 0 0 0 1 6141.dat
1 70 -50 -40 10 1 0 0 0 1 0 0 0 1 6141.dat
1 70 -70 -40 10 1 0 0 0 1 0 0 0 1 6141.dat
1 70 -90 -24 10 1 0 0 0 1 0 0 0 1 6141.dat
1 70 -50 0 10 1 0 0 0 1 0 0 0 1 6141.dat
1 37 -50 -8 -100 -1 0 0 0 1 0 0 0 -1 42445.dat
1 37 -50 -16 -100 -1 0 0 0 1 0 0 0 -1 42445.dat
1 71 -20 -32 0 1 0 0 0 1 0 0 0 1 3832.dat
1 71 -20 16 -200 1 0 0 0 1 0 0 0 1 3832.dat
1 0 -100 8 -200 1 0 0 0 1 0 0 0 1 3022.dat
1 0 -70 8 -200 0 0 1 0 1 0 -1 0 0 44302.dat
1 0 -50 8 -200 0 0 1 0 1 0 -1 0 0 44302.dat
1 0 -70 -24 -200 0 0 1 0 1 0 -1 0 0 44302.dat
1 0 -50 -24 -200 0 0 1 0 1 0 -1 0 0 44302.dat
1 72 -100 -24 -190 -1 0 0 0 1 0 0 0 -1 44728.dat
1 72 -110 -24 -220 0 0 1 0 1 0 -1 0 0 44728.dat
1 72 70 -40 -200 0 0 1 0 1 0 -1 0 0 2412b.dat
1 72 -60 -48 -210 1 0 0 0 1 0 0 0 1 2412b.dat
1 72 -148 -4 -10 0 1 0 -1 0 0 0 0 1 2412b.dat
1 72 0 -40 -190 -1 0 0 0 1 0 0 0 -1 2540.dat
1 72 30 -40 -210 0 0 1 0 1 0 -1 0 0 2555.dat
1 297 -40 -46 -210 0 1 0 0 0 -1 -1 0 0 30374.dat
1 297 -120 -46 -190 0 1 0 0 0 -1 -1 0 0 30374.dat
1 71 -154 38 10 0 0 -1 0 -1 0 -1 0 0 30374.dat
1 71 -146 38 30 0 0 -1 0 -1 0 -1 0 0 30374.dat
1 72 -30 -40 -210 0 0 1 0 1 0 -1 0 0 2555.dat
1 72 -140 6 30 0 1 0 0 0 -1 -1 0 0 2555.dat
1 72 -140 -14 30 0 1 0 0 0 -1 -1 0 0 2555.dat
1 72 -148 6 10 0 1 0 0 0 -1 -1 0 0 2555.dat
1 72 -148 -14 10 0 1 0 0 0 -1 -1 0 0 2555.dat
1 72 -50 -40 -190 0 0 1 0 1 0 -1 0 0 2555.dat
1 72 -110 -40 -190 0 0 1 0 1 0 -1 0 0 2555.dat
1 72 -50 -40 -190 0 0 1 0 1 0 -1 0 0 2555.dat
1 72 40 -40 -190 1 0 0 0 1 0 0 0 1 30383.dat
1 72 50 -64 -190 0 1 0 0 0 1 1 0 0 30554.dat
1 71 60 -84 -190 0 0 1 0 -1 0 1 0 0 30553.dat
1 71 60 8 -210 1 0 0 0 1 0 0 0 1 60470b.dat
1 71 60 8 -190 -1 0 0 0 1 0 0 0 -1 60470b.dat
1 71 60 -24 -210 1 0 0 0 1 0 0 0 1 60470b.dat
1 71 0 -48 -210 1 0 0 0 1 0 0 0 1 2431.dat
1 71 60 -24 -190 -1 0 0 0 1 0 0 0 -1 60470b.dat
1 72 50 -16 -200 0 0 1 0 1 0 -1 0 0 32064b.dat
1 72 360 -32 -60 0 0 -1 0 1 0 1 0 0 Part 9.ldr
1 72 530 -48 -100 1 0 0 0 1 0 0 0 1 Part 19.ldr
0 SYNTH BEGIN TECHNIC_FLEX-SYSTEM_HOSE 187
0 1 72 518 -66 -50 0 1 0 -1 0 0 0 0 1 LS02.dat
0 1 72 498 -66 -50 0 1 0 -1 0 0 0 0 1 LS02.dat
0 1 72 88 -84 -10 0 1 0 -1 0 0 0 0 1 LS02.dat
0 1 72 63 -84 -10 0 1 0 -1 0 0 0 0 1 LS02.dat
0 SYNTH SHOW
0 SYNTH SYNTHESIZED BEGIN
1 148 518 -66 -50 0 -20 0 -1 0 0 0 0 1 LS50.dat
1 148 498 -66 -50 0.0125 -6.034 0.0279 -0.9999 -0.0757 0.0002 -0.0002 0.1682 0.9996 LS51.dat
1 148 492.619 -66.0675 -49.85 0.0349 -35.9422 0.0775 -0.9994 -1.2574 0.0014 -0.0014 2.7942 0.997 LS51.dat
1 148 456.973 -67.3145 -47.0788 0.0449 -370.274 0.0999 -0.999 -16.7444 0.0023 -0.0023 37.2098 0.995 LS51.dat
1 148 63 -84 -10 0 25 0 -1 0 0 0 0 1 LS50.dat
0 SYNTH SYNTHESIZED END
0 SYNTH END
0 SYNTH BEGIN TECHNIC_FLEX-SYSTEM_HOSE 187
0 1 4 518 -66 -150 0 1 0 -1 0 0 0 0 1 LS02.dat
0 1 4 498 -66 -150 0 1 0 -1 0 0 0 0 1 LS02.dat
0 1 4 88 -84 -190 0 1 0 -1 0 0 0 0 1 LS02.dat
0 1 4 63 -84 -190 0 1 0 -1 0 0 0 0 1 LS02.dat
0 SYNTH SHOW
0 SYNTH SYNTHESIZED BEGIN
1 148 518 -66 -150 0 -20 0 -1 0 0 0 0 1 LS50.dat
1 148 498 -66 -150 0.0125 -6.0325 -0.0279 -0.9999 -0.0757 -0.0002 0.0002 -0.1681 0.9996 LS51.dat
1 148 492.619 -66.0675 -150.15 0.0348 -35.6412 -0.0773 -0.9994 -1.2449 -0.0013 0.0013 -2.7665 0.997 LS51.dat
1 148 457.275 -67.302 -152.893 0.0449 -370.581 -0.0999 -0.999 -16.7575 -0.0023 0.0023 -37.239 0.995 LS51.dat
1 148 63 -84 -190 0 25 0 -1 0 0 0 0 1 LS50.dat
0 SYNTH SYNTHESIZED END
0 SYNTH END
1 72 30 179 -100 0 0 -1 0 1 0 1 0 0 Part 7.ldr
1 71 -110 -16 -200 0 0 1 0 1 0 -1 0 0 3004.dat
1 25 -80 -16 -200 0 0 1 0 1 0 -1 0 0 3003.dat
1 25 -90 -32 -210 -1 0 0 0 1 0 0 0 -1 50746.dat
1 25 -100 -4 -152 0 0 -1 1 0 0 0 -1 0 47753.dat
1 25 -110 -32 -210 -1 0 0 0 1 0 0 0 -1 50746.dat
1 25 -164 -4 -30 0 1 0 1 0 0 0 0 -1 6188.dat
1 72 70 -16 -200 0 0 1 0 1 0 -1 0 0 32064b.dat
1 72 20 -16 -210 1 0 0 0 1 0 0 0 1 32064b.dat
1 72 0 -5 -228 1 0 0 0 0 -1 0 1 0 63864.dat
1 72 0 -5 28 1 0 0 0 0 1 0 -1 0 63864.dat
1 72 20 -16 -190 1 0 0 0 1 0 0 0 1 32064b.dat
1 72 -20 -16 -210 1 0 0 0 1 0 0 0 1 32064b.dat
1 72 -20 -16 -190 1 0 0 0 1 0 0 0 1 32064b.dat
1 28 -20 -6 -190 0 0 1 0 1 0 -1 0 0 6587.dat
1 28 20 -6 -190 0 0 1 0 1 0 -1 0 0 6587.dat
1 28 -110 -4 -168 0 0 1 -1 0 0 0 -1 0 3023.dat
1 70 0 8 -200 1 0 0 0 1 0 0 0 1 3020.dat
1 70 -132 -4 0 0 1 0 0 0 -1 -1 0 0 3020.dat
1 0 -140 -4 -30 0 1 0 -1 0 0 0 0 1 3794b.dat
1 71 -140 -4 0 0 1 0 -1 0 0 0 0 1 51739.dat
1 72 -148 -4 -190 0 1 0 1 0 0 0 0 -1 2412b.dat
1 71 -154 -46 -210 0 0 -1 0 1 0 1 0 0 30374.dat
1 71 -146 -46 -230 0 0 -1 0 1 0 1 0 0 30374.dat
1 72 -140 -14 -230 0 1 0 0 0 1 1 0 0 2555.dat
1 72 -140 6 -230 0 1 0 0 0 1 1 0 0 2555.dat
1 72 -148 -14 -210 0 1 0 0 0 1 1 0 0 2555.dat
1 72 -148 6 -210 0 1 0 0 0 1 1 0 0 2555.dat
1 25 -164 -4 -170 0 1 0 -1 0 0 0 0 1 6188.dat
1 70 -132 -4 -200 0 1 0 0 0 1 1 0 0 3020.dat
1 0 -140 -4 -170 0 1 0 1 0 0 0 0 -1 3794b.dat
1 71 -140 -4 -200 0 1 0 1 0 0 0 0 -1 51739.dat
1 70 -80 24 -200 1 0 0 0 1 0 0 0 1 3020.dat
1 70 0 -24 -200 1 0 0 0 1 0 0 0 1 3020.dat
1 70 -30 -40 -190 1 0 0 0 1 0 0 0 1 6141.dat
1 70 50 -40 -210 1 0 0 0 1 0 0 0 1 6141.dat
1 70 -50 -40 -210 1 0 0 0 1 0 0 0 1 6141.dat
1 70 -70 -40 -210 1 0 0 0 1 0 0 0 1 6141.dat
1 70 -90 -24 -190 1 0 0 0 1 0 0 0 1 6141.dat
1 70 -50 0 -190 1 0 0 0 1 0 0 0 1 6141.dat
1 71 -20 -32 -200 1 0 0 0 1 0 0 0 1 3832.dat
1 71 -60 -106.852 -300.71 0 0 1 -0.707107 0.707107 0 -0.707107 -0.707107 0 Part 15.ldr
1 71 -60 87.781 -321.924 0 0 1 0.707107 0.707107 0 -0.707107 0.707107 0 Patt 16.ldr
1 71 -40 -106.852 100.71 0 0 -1 -0.707107 0.707107 0 0.707107 0.707107 0 Part 17.ldr
1 71 90 80.711 114.852 0 0 -1 0.707107 0.707107 0 0.707107 -0.707107 0 Part 18.ldr
0
0 FILE Part 9.ldr
0 Part 9
0 Name: Part 9.ldr
0 Author: R Paluczak
0 Unofficial Model
0 ROTATION CENTER 0 0 0 1 "Custom" 
0 ROTATION CONFIG 0 0
1 47 -60 26 0 0 -1 0 1 0 0 0 0 1 32278.dat
1 47 -20 26 0 0 -1 0 1 0 0 0 0 1 32278.dat
1 47 -40 26 240 0 -1 0 1 0 0 0 0 1 32278.dat
1 19 -40 26 -140 1 0 0 0 1 0 0 0 1 32556.dat
1 19 -40 26 -120 1 0 0 0 1 0 0 0 1 32556.dat
1 71 -40 16 -180 0 0 -1 0 1 0 1 0 0 3702.dat
1 71 -75 26 380 0 1 0 1 0 0 0 0 -1 6632.dat
1 71 -5 26 380 0 1 0 1 0 0 0 0 -1 6632.dat
1 19 -40 26 140 1 0 0 0 1 0 0 0 1 32556.dat
1 19 -40 26 100 1 0 0 0 1 0 0 0 1 32556.dat
1 19 -40 26 360 1 0 0 0 1 0 0 0 1 32556.dat
1 47 -60 26 300 0 -1 0 0 0 -1 1 0 0 32009.dat
1 47 -20 26 300 0 -1 0 0 0 -1 1 0 0 32009.dat
1 71 -40 186 300 -1 0 0 0 1 0 0 0 -1 4519.dat
1 19 -40 166 300 1 0 0 0 1 0 0 0 1 32556.dat
1 72 -40 206 380 0 -1 0 -1 0 0 0 0 -1 32526.dat
1 72 -100 26 380 0 0 -1 0 1 0 1 0 0 59443.dat
1 72 20 26 380 0 0 -1 0 1 0 1 0 0 59443.dat
1 0 -40 26 380 -1 0 0 0 1 0 0 0 -1 3706.dat
1 72 -100 26 340 0 0 -1 0 1 0 1 0 0 59443.dat
1 72 20 26 340 0 0 -1 0 1 0 1 0 0 59443.dat
1 0 -40 26 340 -1 0 0 0 1 0 0 0 -1 3706.dat
0
0 FILE Part 10.ldr
0 Part 10
0 Name: Part 10.ldr
0 Author: R Paluczak
0 Unofficial Model
0 ROTATION CENTER 0 0 0 1 "Custom" 
0 ROTATION CONFIG 0 0
1 72 -30 16 0 1 0 0 0 1 0 0 0 1 59443.dat
1 0 -30 16 20 1 0 0 0 0 -1 0 1 0 30033.dat
1 72 -30 16 -40 0 0 1 0 1 0 -1 0 0 87083.dat
1 71 -30 16 90 0 -1 0 0 0 1 -1 0 0 60485.dat
1 25 -30 16 40 0 -1 0 1 0 0 0 0 1 64712.dat
1 25 -30 16 140 0 1 0 1 0 0 0 0 -1 64712.dat
1 72 -30 16 104 0 0 -1 1 0 0 0 -1 0 3961.dat
1 76 -9.494 -4.507 22 -0.171065 0.686103 -0.707107 0.171065 -0.686103 -0.707107 -0.970296 -0.241922 0 53989.dat
1 71 -1.079 -12.92 -0.548 0.686103 -0.171065 0.707107 -0.686103 0.171065 0.707107 -0.241922 -0.970296 0 30374.dat
1 76 -9.493 36.506 22 -0.171065 0.686103 0.707107 -0.171065 0.686103 -0.707107 -0.970296 -0.241922 0 53989.dat
1 71 -1.08 44.921 -0.548 0.686103 -0.171065 -0.707107 0.686103 -0.171065 0.707107 -0.241922 -0.970296 0 30374.dat
1 76 -50.506 36.507 22 0.171065 -0.686103 0.707107 -0.171065 0.686103 0.707107 -0.970296 -0.241922 0 53989.dat
1 71 -58.921 44.92 -0.548 -0.686103 0.171065 -0.707107 0.686103 -0.171065 -0.707107 -0.241922 -0.970296 0 30374.dat
1 76 -50.507 -4.506 22 0.171065 -0.686103 -0.707107 0.171065 -0.686103 0.707107 -0.970296 -0.241922 0 53989.dat
1 71 -58.92 -12.921 -0.548 -0.686103 0.171065 0.707107 -0.686103 0.171065 -0.707107 -0.241922 -0.970296 0 30374.dat
1 76 -1 16 22 -0.241922 0.970296 0 0 0 -1 -0.970296 -0.241922 0 53989.dat
1 71 10.899 16 -0.548 0.970296 -0.241922 0 0 0 1 -0.241922 -0.970296 0 30374.dat
1 76 -30 45 22 0 0 1 -0.241922 0.970296 0 -0.970296 -0.241922 0 53989.dat
1 71 -30 56.899 -0.548 0 0 -1 0.970296 -0.241922 0 -0.241922 -0.970296 0 30374.dat
1 76 -59 16 22 0.241922 -0.970296 0 0 0 1 -0.970296 -0.241922 0 53989.dat
1 71 -70.899 16 -0.548 -0.970296 0.241922 0 0 0 -1 -0.241922 -0.970296 0 30374.dat
1 76 -30 -13 22 0 0 -1 0.241922 -0.970296 0 -0.970296 -0.241922 0 53989.dat
1 71 -30 -24.899 -0.548 0 0 1 -0.970296 0.241922 0 -0.241922 -0.970296 0 30374.dat
1 0 -30 16 -30 0 0 1 1 0 0 0 1 0 2723.dat
0
0 FILE Part 11.ldr
0 Part 11
0 Name: Part 11.ldr
0 Author: R Paluczak
0 Unofficial Model
0 ROTATION CENTER 0 0 0 1 "Custom" 
0 ROTATION CONFIG 0 0
1 71 20 8 0 1 0 0 0 1 0 0 0 1 3032.dat
1 72 -30 -16 30 1 0 0 0 1 0 0 0 1 3062b.dat
1 72 0 -16 30 1 0 0 0 1 0 0 0 1 2877.dat
1 72 40 -16 30 1 0 0 0 1 0 0 0 1 2877.dat
1 0 20 -16 -30 1 0 0 0 1 0 0 0 1 30414.dat
1 15 70 -16 -30 0 0 -1 0 1 0 1 0 0 87087.dat
1 15 -30 -16 -30 1 0 0 0 1 0 0 0 1 87087.dat
1 14 -20 -16 10 -1 0 0 0 1 0 0 0 -1 30364.dat
1 14 -20 -16 -10 -1 0 0 0 1 0 0 0 -1 30364.dat
1 0 70 -16 20 0 0 -1 0 1 0 1 0 0 30414.dat
1 71 70 8 50 1 0 0 0 1 0 0 0 1 6141.dat
1 71 20 -24 0 1 0 0 0 1 0 0 0 1 3032.dat
1 71 70 -24 50 1 0 0 0 1 0 0 0 1 6141.dat
1 15 20 16 10 1 0 0 0 1 0 0 0 1 3666.dat
1 25 20 16 -20 1 0 0 0 1 0 0 0 1 3795.dat
1 0 20 16 50 0 0 1 0 1 0 -1 0 0 54383.dat
1 15 20 -32 10 1 0 0 0 1 0 0 0 1 3666.dat
1 25 20 -32 -20 1 0 0 0 1 0 0 0 1 3795.dat
1 71 124 -8 -70 1 0 0 0 1 0 0 0 1 60470b.dat
1 71 124 -8 -30 -1 0 0 0 1 0 0 0 -1 43722.dat
1 25 114 -16 -40 0 0 1 0 1 0 -1 0 0 2431.dat
1 71 128 -6 -90 0 1 0 -1 0 0 0 0 1 63965.dat
1 25 96 -6 -60 0 -1 0 0 0 1 -1 0 0 Part 14.ldr
1 0 20 -32 50 0 0 1 0 1 0 -1 0 0 54383.dat
1 0 40 -26 -48 1 0 0 0 0 -1 0 1 0 Part 13.ldr
0
0 FILE Part 12.ldr
0 Part 12
0 Name: Part 12.ldr
0 Author: R Paluczak
0 Unofficial Model
0 ROTATION CENTER 0 0 0 1 "Custom" 
0 ROTATION CONFIG 0 0
1 71 20 8 -230 1 0 0 0 1 0 0 0 1 3032.dat
1 72 -30 -16 -260 1 0 0 0 1 0 0 0 1 3062b.dat
1 72 0 -16 -260 -1 0 0 0 1 0 0 0 -1 2877.dat
1 72 40 -16 -260 -1 0 0 0 1 0 0 0 -1 2877.dat
1 0 20 -16 -200 -1 0 0 0 1 0 0 0 -1 30414.dat
1 15 70 -16 -200 0 0 -1 0 1 0 1 0 0 87087.dat
1 15 -30 -16 -200 -1 0 0 0 1 0 0 0 -1 87087.dat
1 14 -20 -16 -220 -1 0 0 0 1 0 0 0 -1 30364.dat
1 14 -20 -16 -240 -1 0 0 0 1 0 0 0 -1 30364.dat
1 0 70 -16 -250 0 0 -1 0 1 0 1 0 0 30414.dat
1 71 70 8 -280 1 0 0 0 1 0 0 0 1 6141.dat
1 71 20 -24 -230 1 0 0 0 1 0 0 0 1 3032.dat
1 71 70 -24 -280 1 0 0 0 1 0 0 0 1 6141.dat
1 15 20 16 -240 1 0 0 0 1 0 0 0 1 3666.dat
1 25 20 16 -210 1 0 0 0 1 0 0 0 1 3795.dat
1 0 20 16 -280 0 0 1 0 1 0 -1 0 0 54384.dat
1 15 20 -32 -240 1 0 0 0 1 0 0 0 1 3666.dat
1 25 20 -32 -210 1 0 0 0 1 0 0 0 1 3795.dat
1 71 124 -8 -160 -1 0 0 0 1 0 0 0 -1 60470b.dat
1 71 124 -8 -200 1 0 0 0 1 0 0 0 1 43723.dat
1 25 114 -16 -190 0 0 1 0 1 0 -1 0 0 2431.dat
1 71 128 -6 -140 0 1 0 -1 0 0 0 0 1 63965.dat
1 25 96 -6 -170 0 -1 0 0 0 -1 1 0 0 Part 14.ldr
1 0 20 -32 -280 0 0 1 0 1 0 -1 0 0 54384.dat
1 0 40 14 -182 1 0 0 0 0 1 0 -1 0 Part 13.ldr
0
0 FILE Part 13.ldr
0 Part 13
0 Name: Part 13.ldr
0 Author: R Paluczak
0 Unofficial Model
0 ROTATION CENTER 0 0 0 1 "Custom" 
0 ROTATION CONFIG 0 0
1 25 -20 -8 0 1 0 0 0 1 0 0 0 1 3666.dat
1 25 -60 -32 0 1 0 0 0 1 0 0 0 1 4865b.dat
1 25 -20 -32 0 1 0 0 0 1 0 0 0 1 4865b.dat
1 25 20 -32 0 1 0 0 0 1 0 0 0 1 4865b.dat
1 25 20 -32 -40 -1 0 0 0 1 0 0 0 -1 4865b.dat
1 25 -20 -32 -40 -1 0 0 0 1 0 0 0 -1 4865b.dat
1 25 -60 -32 -40 -1 0 0 0 1 0 0 0 -1 4865b.dat
1 25 -20 -8 -40 1 0 0 0 1 0 0 0 1 3666.dat
1 15 -20 -8 -20 1 0 0 0 1 0 0 0 1 3666.dat
1 14 -60 -16 -20 1 0 0 0 1 0 0 0 1 3794b.dat
1 14 -20 -16 -20 1 0 0 0 1 0 0 0 1 3794b.dat
1 71 -20 -24 -20 1 0 0 0 1 0 0 0 1 3795.dat
1 72 -60 -32 -10 -1 0 0 0 1 0 0 0 -1 2412b.dat
1 72 -60 -32 -30 -1 0 0 0 1 0 0 0 -1 2412b.dat
1 72 -20 -32 -10 1 0 0 0 1 0 0 0 1 2412b.dat
1 72 -20 -32 -30 1 0 0 0 1 0 0 0 1 2412b.dat
1 72 20 -32 -10 1 0 0 0 1 0 0 0 1 2412b.dat
1 72 20 -32 -30 1 0 0 0 1 0 0 0 1 2412b.dat
1 14 20 -16 -20 1 0 0 0 1 0 0 0 1 3794b.dat
1 25 -20 0 -20 0 0 -1 0 1 0 1 0 0 3021.dat
1 25 20 0 -20 0 0 -1 0 1 0 1 0 0 3021.dat
1 25 -60 0 -20 0 0 -1 0 1 0 1 0 0 3021.dat
0
0 FILE Part 14.ldr
0 Part 14
0 Name: Part 14.ldr
0 Author: R Paluczak
0 Unofficial Model
0 ROTATION CENTER 0 0 0 1 "Custom" 
0 ROTATION CONFIG 0 0
1 1 -40 0 0 1 0 0 0 1 0 0 0 1 3710.dat
1 71 10 0 0 0 0 -1 0 1 0 1 0 0 4085c.dat
1 71 -100 0 0 -1 0 0 0 1 0 0 0 -1 60478.dat
1 25 -40 8 0 0 0 -1 0 1 0 1 0 0 3021.dat
1 0 -100 8 0 0 0 -1 0 1 0 1 0 0 3021.dat
1 0 -130 8 20 0 0 -1 0 1 0 1 0 0 3024.dat
1 0 -130 8 -20 0 0 -1 0 1 0 1 0 0 3024.dat
1 25 0 8 0 0 0 -1 0 1 0 1 0 0 3021.dat
1 25 -20 -24 20 -1 0 0 0 1 0 0 0 -1 6191.dat
1 25 -20 -24 -20 1 0 0 0 1 0 0 0 1 6191.dat
1 25 -20 -8 0 1 0 0 0 1 0 0 0 1 2431.dat
1 0 -100 -24 20 -1 0 0 0 1 0 0 0 -1 6191.dat
1 0 -90 -24 0 -1 0 0 0 1 0 0 0 -1 3622.dat
1 0 -130 2 0 0 0.19509 -0.980785 0 0.980785 0.19509 1 0 0 59230.dat
1 72 -100.05 55.179 0 0 -0.55557 0.83147 0 -0.83147 -0.55557 1 0 0 30194.dat
1 0 -100 -24 -20 1 0 0 0 1 0 0 0 1 6191.dat
1 15 -70 8 0 0 0 -1 0 1 0 1 0 0 3623.dat
0
0 FILE Part 15.ldr
0 Part 15
0 Name: Part 15.ldr
0 Author: R Paluczak
0 Unofficial Model
0 ROTATION CENTER 0 0 0 1 "Custom" 
0 ROTATION CONFIG 0 0
1 0 -60 16 0 1 0 0 0 1 0 0 0 1 Part 11.ldr
1 72 -90 -24 10 0 0 -1 0 1 0 1 0 0 6190.dat
1 72 -70 -40 -10 0 0 -1 0 1 0 1 0 0 3062b.dat
1 72 -70 -40 10 0 0 -1 0 1 0 1 0 0 3062b.dat
1 72 -70 -40 30 0 0 -1 0 1 0 1 0 0 3062b.dat
1 71 -50 -24 0 0 0 -1 0 1 0 1 0 0 2431.dat
1 15 0 -24 20 0 0 -1 0 1 0 1 0 0 4150.dat
1 25 -70 -40 -30 0 0 1 0 1 0 -1 0 0 50950.dat
0
0 FILE Patt 16.ldr
0 Part 16
0 Name: Patt 16.ldr
0 Author: R Paluczak
0 Unofficial Model
0 ROTATION CENTER 0 0 0 1 "Custom" 
0 ROTATION CONFIG 0 0
1 0 -70 16 0 1 0 0 0 1 0 0 0 1 Part 11.ldr
1 0 -100 -64 30 1 0 0 0 1 0 0 0 1 88293.dat
0
0 FILE Part 17.ldr
0 Part 17
0 Name: Part 17.ldr
0 Author: R Paluczak
0 Unofficial Model
0 ROTATION CENTER 0 0 0 1 "Custom" 
0 ROTATION CONFIG 0 0
1 72 -90 -24 10 0 0 -1 0 1 0 1 0 0 6190.dat
1 72 -70 -40 -10 0 0 -1 0 1 0 1 0 0 3062b.dat
1 72 -70 -40 10 0 0 -1 0 1 0 1 0 0 3062b.dat
1 72 -70 -40 30 0 0 -1 0 1 0 1 0 0 3062b.dat
1 71 -50 -24 20 0 0 -1 0 1 0 1 0 0 2431.dat
1 15 0 -24 0 0 0 -1 0 1 0 1 0 0 4150.dat
1 25 -70 -40 50 0 0 1 0 1 0 -1 0 0 50950.dat
1 25 -60 16 250 1 0 0 0 1 0 0 0 1 Part 12.ldr
0
0 FILE Part 18.ldr
0 Part 18
0 Name: Part 18.ldr
0 Author: R Paluczak
0 Unofficial Model
0 ROTATION CENTER 0 0 0 1 "Custom" 
0 ROTATION CONFIG 0 0
1 0 -90 -64 30 0 0 -1 0 1 0 1 0 0 88293.dat
1 0 -60 16 290 1 0 0 0 1 0 0 0 1 Part 12.ldr
0
0 FILE Part 19.ldr
0 Part 19
0 Name: Part 19.ldr
0 Author: R Paluczak
0 Unofficial Model
0 ROTATION CENTER 0 0 0 1 "Custom" 
0 ROTATION CONFIG 0 0
1 72 -20 24 0 1 0 0 0 1 0 0 0 1 4282.dat
1 25 -160 24 0 0 0 1 0 1 0 -1 0 0 30602.dat
0 MLCAD BTG Group name
1 25 76 2 60 0 1 0 1 0 0 0 0 -1 6143.dat
0 MLCAD BTG Group name
1 0 68 2 70 0 1 0 1 0 0 0 0 -1 3023.dat
0 MLCAD BTG Group name
1 0 68 2 50 0 1 0 -1 0 0 0 0 1 48336.dat
0 MLCAD BTG Group name
1 25 44 2 60 0 1 0 1 0 0 0 0 -1 6143.dat
0 MLCAD BTG Group name
1 25 20 2 60 0 1 0 1 0 0 0 0 -1 30367b.dat
0 MLCAD BTG Group name
1 25 -4 2 60 0 1 0 1 0 0 0 0 -1 6188.dat
0 GROUP 6 Group name
1 25 76 2 -60 0 1 0 -1 0 0 0 0 1 6143.dat
1 0 68 2 -70 0 1 0 -1 0 0 0 0 1 3023.dat
1 0 68 2 -50 0 1 0 1 0 0 0 0 -1 48336.dat
1 25 44 2 -60 0 1 0 -1 0 0 0 0 1 6143.dat
1 25 20 2 -60 0 1 0 -1 0 0 0 0 1 30367b.dat
1 25 -4 2 -60 0 1 0 -1 0 0 0 0 1 6188.dat
1 25 120 8 0 0 0 1 0 1 0 -1 0 0 3022.dat
1 25 110 -16 10 0 0 -1 0 1 0 1 0 0 50950.dat
1 25 110 -16 -10 0 0 -1 0 1 0 1 0 0 50950.dat
1 25 30 -8 -30 -1 0 0 0 1 0 0 0 -1 3622.dat
1 25 30 -8 30 -1 0 0 0 1 0 0 0 -1 3622.dat
1 71 -20 -8 30 -1 0 0 0 1 0 0 0 -1 2458.dat
1 71 -20 -8 -30 1 0 0 0 1 0 0 0 1 2458.dat
1 71 69.846 -54.561 0 0 0.980785 -0.19509 0 -0.19509 -0.980785 -1 0 0 6019.dat
1 0 62 -53 0 0 0.980785 -0.19509 0 -0.19509 -0.980785 -1 0 0 3070b.dat
1 71 -60 0 -10 1 0 0 0 1 0 0 0 1 2540.dat
1 71 -60 0 10 -1 0 0 0 1 0 0 0 -1 2540.dat
1 70 70 0 0 1 0 0 0 1 0 0 0 1 3021.dat
1 25 40 8 0 0 0 1 0 1 0 -1 0 0 3022.dat
1 25 -60 -8 0 0 0 1 0 1 0 -1 0 0 3022.dat
1 47 -50 -32 0 0 0 1 0 1 0 -1 0 0 4865b.dat
1 25 -40 8 0 0 0 1 0 1 0 -1 0 0 3022.dat
1 25 -60 18 -32 1 0 0 0 0 -1 0 1 0 3069b.dat
1 25 -60 18 32 1 0 0 0 0 1 0 -1 0 3069b.dat
1 72 0 16 0 1 0 0 0 1 0 0 0 1 3031.dat
1 72 -20 -18 -50 1 0 0 0 1 0 0 0 1 6536.dat
1 72 -20 -18 50 1 0 0 0 1 0 0 0 1 6536.dat
1 72 -70 -12 -10 1 0 0 0 1 0 0 0 1 30162.dat
1 72 -70 -12 10 -1 0 0 0 1 0 0 0 -1 30162.dat
1 72 70 -40 0 0 0 1 0 1 0 -1 0 0 2432.dat
1 72 -6.666 -40.922 0 0 -0.55557 0.83147 0 0.83147 0.55557 -1 0 0 2432.dat
1 0 -80 8 -10 1 0 0 0 1 0 0 0 1 2436a.dat
1 0 -80 8 10 -1 0 0 0 1 0 0 0 -1 2436a.dat
1 0 -30 -16 0 0 0 -1 0 1 0 1 0 0 3937.dat
1 71 -24.444 -14.315 0 0 -0.55557 -0.83147 0 0.83147 -0.55557 1 0 0 3938.dat
1 71 -100 0 0 0 0 -1 0 1 0 1 0 0 4150.dat
1 71 -100 18 -72 -1 0 0 0 0 1 0 1 0 6187.dat
1 71 -100 18 72 -1 0 0 0 0 -1 0 -1 0 6187.dat
1 0 70 8 -10 1 0 0 0 1 0 0 0 1 4085c.dat
1 0 70 8 10 -1 0 0 0 1 0 0 0 -1 4085c.dat
1 0 70 -8 -10 1 0 0 0 1 0 0 0 1 4085c.dat
1 0 70 -8 10 -1 0 0 0 1 0 0 0 -1 4085c.dat
1 71 100 16 0 1 0 0 0 1 0 0 0 1 3020.dat
1 71 100 32 0 0 0 -1 0 1 0 1 0 0 3665.dat
1 71 -100 16 0 1 0 0 0 1 0 0 0 1 3020.dat
1 15 -130 16 -10 1 0 0 0 1 0 0 0 1 50746.dat
1 25 90 8 -30 1 0 0 0 1 0 0 0 1 50746.dat
1 25 90 8 30 -1 0 0 0 1 0 0 0 -1 50746.dat
1 25 -30 -8 -30 1 0 0 0 1 0 0 0 1 50746.dat
1 25 -30 -8 30 -1 0 0 0 1 0 0 0 -1 50746.dat
1 15 -130 16 10 -1 0 0 0 1 0 0 0 -1 50746.dat
1 57 -50 16 10 1 0 0 0 1 0 0 0 1 6141.dat
1 57 -50 16 -10 1 0 0 0 1 0 0 0 1 6141.dat
1 57 -110 8 10 1 0 0 0 1 0 0 0 1 6141.dat
1 57 -110 8 -10 1 0 0 0 1 0 0 0 1 6141.dat
1 71 50 16 0 0 0 -1 0 1 0 1 0 0 3710.dat
1 71 90 8 0 0 0 -1 0 1 0 1 0 0 3710.dat
0 
0 
0 
0 
0
0
