0 untitled model
0 Name: 
0 Author: Noah Pottle
0 Unofficial Model
1   2     0.000000     0.000000     0.000000    -0.000000     0.000000     1.000000     0.000000     1.000000     0.000000    -1.000000     0.000000     0.000000 3034.dat
1   2    40.000000     0.000000     0.000000    -0.000000     0.000000     1.000000     0.000000     1.000000     0.000000    -1.000000     0.000000     0.000000 3034.dat
1   0    10.000000   -24.000000   -30.000000    -1.000000     0.000000    -0.000000     0.000000     1.000000     0.000000     0.000000     0.000000    -1.000000 3622.dat
1   0    10.000000   -24.000000    30.000000    -1.000000     0.000000    -0.000000     0.000000     1.000000     0.000000     0.000000     0.000000    -1.000000 3622.dat
1   0    50.000000   -24.000000    30.000000     0.000000    -0.000000    -1.000000    -0.000000     1.000000    -0.000000     1.000000     0.000000    -0.000000 4070.dat
1   0    50.000000   -24.000000   -30.000000     0.000000    -0.000000    -1.000000    -0.000000     1.000000    -0.000000     1.000000     0.000000    -0.000000 4070.dat
1  15    30.000000   -24.000000     0.000000    -0.000000     0.000000     1.000000     0.000000     1.000000    -0.000000    -1.000000     0.000000     0.000000 3004.dat
1  15    30.000000   -87.000000     1.000000    -0.000000     0.000000    -1.000000     0.000000     1.000000     0.000000     1.000000     0.000000    -0.000000 2588.dat
1   0     0.000000   -48.000000   -30.000000     1.000000     0.000000    -0.000000     0.000000     1.000000    -0.000000     0.000000     0.000000     1.000000 3004.dat
1   0     0.000000   -48.000000    30.000000     1.000000     0.000000    -0.000000     0.000000     1.000000    -0.000000     0.000000     0.000000     1.000000 3004.dat
1   0     0.000000   -72.000000    30.000000     1.000000     0.000000    -0.000000     0.000000     1.000000    -0.000000     0.000000     0.000000     1.000000 3004.dat
1   0     0.000000   -96.000000    30.000000     1.000000     0.000000    -0.000000     0.000000     1.000000    -0.000000     0.000000     0.000000     1.000000 3004.dat
1   0     0.000000   -72.000000   -30.000000     1.000000     0.000000    -0.000000     0.000000     1.000000    -0.000000     0.000000     0.000000     1.000000 3004.dat
1   0     0.000000   -96.000000   -30.000000     1.000000     0.000000    -0.000000     0.000000     1.000000    -0.000000     0.000000     0.000000     1.000000 3004.dat
1   0    20.000000  -192.000000   -50.000000     1.000000     0.000000    -0.000000     0.000000     1.000000    -0.000000     0.000000     0.000000     1.000000 3004.dat
1   0    70.000000  -192.000000     0.000000    -0.000000     0.000000     1.000000     0.000000     1.000000    -0.000000    -1.000000     0.000000     0.000000 3004.dat
1   0    20.000000  -184.000000    50.000000     1.000000     0.000000    -0.000000     0.000000     1.000000    -0.000000     0.000000     0.000000     1.000000 3004.dat
1   0    20.000000  -128.000000   -30.000000     1.000000     0.000000    -0.000000     0.000000     1.000000    -0.000000     0.000000     0.000000     1.000000 3004.dat
1   0    20.000000  -128.000000    30.000000     1.000000     0.000000    -0.000000     0.000000     1.000000    -0.000000     0.000000     0.000000     1.000000 3004.dat
1   0    40.000000   -96.000000    30.000000     1.000000     0.000000    -0.000000     0.000000     1.000000    -0.000000     0.000000     0.000000     1.000000 2362.dat
1   0    40.000000   -96.000000   -30.000000    -1.000000    -0.000000    -0.000000     0.000000     1.000000    -0.000000    -0.000000    -0.000000    -1.000000 2362.dat
1   0    20.000000  -104.000000   -30.000000    -1.000000    -0.000000    -0.000000    -0.000000     1.000000    -0.000000    -0.000000    -0.000000    -1.000000 3710.dat
1   0    20.000000  -104.000000    30.000000    -1.000000    -0.000000    -0.000000    -0.000000     1.000000    -0.000000    -0.000000    -0.000000    -1.000000 3710.dat
1   0    50.000000  -128.000000     0.000000    -0.000000     0.000000     1.000000     0.000000     1.000000    -0.000000    -1.000000     0.000000     0.000000 3659.dat
1   0   -10.000000  -128.000000     0.000000    -0.000000     0.000000     1.000000     0.000000     1.000000    -0.000000    -1.000000     0.000000     0.000000 3659.dat
1   8    20.000000  -136.000000     0.000000    -0.000000    -0.000000     1.000000    -0.000000     1.000000     0.000000    -1.000000     0.000000    -0.000000 2539.dat
1   6    52.000000  -134.000000   -70.000000     0.000000    -1.000000     0.000000    -0.000000     0.000000     1.000000    -1.000000     0.000000    -0.000000 4497.dat
1   6    52.000000  -134.000000    70.000000     0.000000    -1.000000     0.000000    -0.000000     0.000000     1.000000    -1.000000     0.000000    -0.000000 4497.dat
1   0   -30.000000  -144.000000     0.000000    -0.000000     0.000000     1.000000    -0.000000     1.000000    -0.000000    -1.000000    -0.000000    -0.000000 2540.dat
1   0    70.000000  -144.000000     0.000000    -0.000000    -0.000000     1.000000    -0.000000     1.000000     0.000000    -1.000000     0.000000    -0.000000 3023.dat
1   0    20.000000  -144.000000    50.000000    -1.000000     0.000000    -0.000000     0.000000     1.000000     0.000000     0.000000     0.000000    -1.000000 3023.dat
1   0    20.000000  -144.000000   -50.000000    -1.000000     0.000000    -0.000000     0.000000     1.000000     0.000000     0.000000     0.000000    -1.000000 3023.dat
1   6   -50.000000  -142.000000     0.000000    -0.000000     1.000000     0.000000     0.000000    -0.000000     1.000000     1.000000     0.000000    -0.000000 6020.dat
1   0    50.000000  -168.000000   -30.000000     1.000000     0.000000     0.000000     0.000000     1.000000    -0.000000    -0.000000     0.000000     1.000000 2462.dat
1   0   -10.000000  -168.000000   -30.000000     0.000000     0.000000     1.000000     0.000000     1.000000    -0.000000    -1.000000     0.000000     0.000000 2462.dat
1   0   -10.000000  -168.000000    30.000000    -1.000000     0.000000     0.000000     0.000000     1.000000    -0.000000    -0.000000    -0.000000    -1.000000 2462.dat
1   0    50.000000  -168.000000    30.000000    -0.000000    -0.000000    -1.000000     0.000000     1.000000    -0.000000     1.000000    -0.000000    -0.000000 2462.dat
1  15    30.000000   -32.000000     0.000000    -0.000000    -0.000000     1.000000    -0.000000     1.000000     0.000000    -1.000000     0.000000    -0.000000 3023.dat
1   0    29.344072   -88.000000     1.750099     0.000000     0.000000    -1.000000     0.000000     1.000000     0.000000     1.000000     0.000000    -0.000000 3626A.dat
1  15    29.344072   -64.000000     1.750099     0.000000     0.000000    -1.000000     0.000000     1.000000     0.000000     1.000000     0.000000    -0.000000 973.dat
1  15    29.344070   -56.000000    17.150101    -0.000000    -0.000000    -1.000000    -0.170055     0.985435     0.000000     0.985435     0.170055    -0.000000 981.dat
1  15    39.344074   -38.127014    25.308308    -0.000000    -0.707107    -0.707107    -0.170055     0.696808    -0.696808     0.985435     0.120247    -0.120247 983.dat
1  15    29.344072   -56.000000   -13.649899    -0.000000     0.000000    -1.000000     0.170055     0.985435     0.000000     0.985435    -0.170055    -0.000000 982.dat
1  15    39.344070   -38.127014   -21.808109    -0.000000    -0.707107    -0.707107     0.170055     0.696808    -0.696808     0.985435    -0.120247     0.120247 983.dat
1   0   -10.000000  -176.000000    30.000000    -0.000000    -0.000000     1.000000    -0.000000     1.000000     0.000000    -1.000000     0.000000    -0.000000 3957.dat
1   1   -10.000000  -256.000000    30.000000     0.707107     0.000000     0.707107     0.000000     1.000000    -0.000000    -0.707107     0.000000     0.707107 2335.dat
1   8    69.000000   -14.000000   -30.000000    -0.000000     0.000000     1.000000    -0.258819     0.965926    -0.000000    -0.965925    -0.258819     0.000000 3847.dat
1   8    69.000000   -14.000000    30.000000    -0.000000     0.000000     1.000000     0.258819     0.965925    -0.000000    -0.965925     0.258819    -0.000000 3847.dat