0 FILE Bounty Hunte Gunship.ldr
0 Bounty Hunter Gunship
0 Name: Bounty Hunte Gunship.ldr
0 Author: LDraw
0 Unofficial Model
0 ROTATION CENTER 0 0 0 1 "Custom" 
0 ROTATION CONFIG 0 0
1 0 320 -26 90 0.382683 0 -0.92388 -0.353553 0.92388 -0.146447 0.853553 0.382683 0.353553 Part 1.ldr
1 0 320 16 560 0 0 1 0 1 0 -1 0 0 Assassin Droid.ldr
1 0 290 16 450 0 0 1 0 1 0 -1 0 0 Aurra Sing.ldr
1 0 250 16 290 0 0 1 0 1 0 -1 0 0 Embo.ldr
1 0 230 16 150 0 0 1 0 1 0 -1 0 0 Sugi.ldr
0
0 FILE Sugi.ldr
0 Sugi
0 Name: Sugi.ldr
0 Author: LDraw
0 Unofficial Model
0 ROTATION CENTER 0 0 0 1 "Custom" 
0 ROTATION CONFIG 0 0
1 78 0 -24 0 1 0 0 0 1 0 0 0 1 3626bp08.dat
1 320 0 0 0 1 0 0 0 1 0 0 0 1 973.dat
1 71 0 32 0 1 0 0 0 1 0 0 0 1 3815.dat
1 78 -15.552 9 0 0.985 -0.17 0 0.17 0.985 0 0 0 1 3818.dat
1 78 15.552 9 0 0.985 0.17 0 -0.17 0.985 0 0 0 1 3819.dat
1 72 -23.8634 26.5956 -10.321 0.985 -0.12019 0.12019 0.17 0.696395 -0.696395 0 0.707 0.707 3820.dat
1 72 23.8634 26.5956 -10.321 0.985 0.12019 -0.12019 -0.17 0.696395 -0.696395 0 0.707 0.707 3820.dat
1 72 -24.9451 32.8631 -16.684 0.985 -0.0874983 0.14567 0.17 0.506976 -0.844031 0 0.856884 0.514696 37.dat
1 72 0 44 0 1 0 0 0 1 0 0 0 1 3816.dat
1 72 0 44 0 1 0 0 0 1 0 0 0 1 3817.dat
0
0 FILE Embo.ldr
0 Embo
0 Name: Embo.ldr
0 Author: LDraw
0 Unofficial Model
0 ROTATION CENTER 0 0 0 1 "Custom" 
0 ROTATION CONFIG 0 0
1 72 0 -35 0 1 0 0 0 1 0 0 0 1 43898.dat
1 378 0 -27 0 1 0 0 0 1 0 0 0 1 3626bp01.dat
1 0 0 -2 0 1 0 0 0 1 0 0 0 1 2526.dat
1 0 0 0 0 1 0 0 0 1 0 0 0 1 973.dat
1 320 0 32 0 1 0 0 0 1 0 0 0 1 3815.dat
1 378 -15.552 9 0 0.985 -0.17 0 0.17 0.985 0 0 0 1 3818.dat
1 378 15.552 9 0 0.985 0.17 0 -0.17 0.985 0 0 0 1 3819.dat
1 0 -23.8634 26.5956 -10.321 0.985 -0.12019 0.12019 0.17 0.696395 -0.696395 0 0.707 0.707 3820.dat
1 0 23.8634 26.5956 -10.321 0.985 0.12019 -0.12019 -0.17 0.696395 -0.696395 0 0.707 0.707 3820.dat
1 72 -24.6826 31.3422 -19.2547 0.985 -0.0874983 0.14567 0.17 0.506976 -0.844031 0 0.856884 0.514696 2570.dat
1 70 0 44 0 1 0 0 0 1 0 0 0 1 3816.dat
1 70 0 44 0 1 0 0 0 1 0 0 0 1 3817.dat
0
0 FILE Aurra Sing.ldr
0 Aurra Sing
0 Name: Aurra Sing.ldr
0 Author: LDraw
0 Unofficial Model
0 ROTATION CENTER 0 0 0 1 "Custom" 
0 ROTATION CONFIG 0 0
1 15 0 -24 0 1 0 0 0 1 0 0 0 1 3626bp08.dat
1 25 0 0 0 1 0 0 0 1 0 0 0 1 973.dat
1 70 0 32 0 1 0 0 0 1 0 0 0 1 3815.dat
1 15 -15.552 9 0 0.985 -0.17 0 0.17 0.985 0 0 0 1 3818.dat
1 15 15.552 9 0 0.985 0.17 0 -0.17 0.985 0 0 0 1 3819.dat
1 15 -23.8634 26.5956 -10.321 0.985 -0.12019 0.12019 0.17 0.696395 -0.696395 0 0.707 0.707 3820.dat
1 15 23.8634 26.5956 -10.321 0.985 0.12019 -0.12019 -0.17 0.696395 -0.696395 0 0.707 0.707 3820.dat
1 72 -24.6826 31.3422 -19.2547 0.985 -0.0874983 0.14567 0.17 0.506976 -0.844031 0 0.856884 0.514696 61190a.dat
1 72 24.6826 31.3422 -19.2547 0.985 0.0874983 -0.14567 -0.17 0.506976 -0.844031 0 0.856884 0.514696 61190a.dat
1 25 0 44 0 1 0 0 0 1 0 0 0 1 3816.dat
1 25 0 44 0 1 0 0 0 1 0 0 0 1 3817.dat
0
0 FILE Assassin Droid.ldr
0 Assassin Droid
0 Name: Assassin Droid.ldr
0 Author: LDraw
0 Unofficial Model
0 ROTATION CENTER 0 0 0 1 "Custom" 
0 ROTATION CONFIG 0 0
1 0 -20 64 0 1 0 0 0 1 0 0 0 1 30376.dat
1 0 -20 24 0 1 0 0 0 1 0 0 0 1 30375.dat
1 0 -20 -8 0 0 0 -1 0 -1 0 -1 0 0 48729.dat
1 0 -20 -22 0 0 0 -1 0 -1 0 -1 0 0 4589.dat
1 57 -20 -46 0 0 0 -1 0 -1 0 -1 0 0 4073.dat
1 0 -20 -54 0 0 0 -1 0 -1 0 -1 0 0 4073.dat
1 0 -4 -8 0 1 0 0 0 1 0 0 0 1 30377.dat
1 0 -36 -8 0 1 0 0 0 1 0 0 0 1 59230.dat
0
0 FILE Part 1.ldr
0 Part 1
0 Name: Part 1.ldr
0 Author: LDraw
0 Unofficial Model
0 ROTATION CENTER 0 0 0 1 "Custom" 
0 ROTATION CONFIG 0 0
1 72 -20 8 0 1 0 0 0 1 0 0 0 1 3958.dat
1 72 -92 -100 0 0 1 0 0 0 1 1 0 0 3795.dat
1 72 -116 -110 10 0 1 0 0 0 1 1 0 0 87087.dat
1 72 -116 -110 -10 0 1 0 0 0 1 1 0 0 87087.dat
1 72 -116 -80 0 0 1 0 0 0 -1 -1 0 0 44126.dat
1 72 55.407 -29.803 0 -0.173648 -0.984808 0 0.984808 -0.173648 0 0 0 1 3031.dat
1 72 58.078 1.132 0 0 -0.984808 0.173648 0 -0.173648 -0.984808 1 0 0 3069b.dat
1 72 65.023 -38.261 0 0 -0.984808 0.173648 0 -0.173648 -0.984808 1 0 0 30350.dat
1 72 40 -96 -40 1 0 0 0 1 0 0 0 1 3003.dat
1 72 40 -120 -50 1 0 0 0 1 0 0 0 1 3004.dat
1 72 70 -152 0 0 0 -1 0 1 0 1 0 0 3004.dat
1 72 100 -152 40 0 0 -1 0 1 0 1 0 0 41768.dat
1 72 90 -160 20 -1 0 0 0 1 0 0 0 -1 3021.dat
1 72 90 -160 -20 -1 0 0 0 1 0 0 0 -1 3021.dat
1 72 100 -152 -40 0 0 -1 0 1 0 1 0 0 41767.dat
1 72 80 -180 -60 0 1 0 0 0 1 1 0 0 3942c.dat
1 0 60 -182 0 -1 0 0 0 0 -1 0 -1 0 47994.dat
1 0 0.524 -144 -30 0 -0.207912 -0.978148 0 0.978148 -0.207912 1 0 0 58247.dat
1 0 -19.238 -158.967 30 0 -0.207912 -0.978148 0 0.978148 -0.207912 1 0 0 57899.dat
1 14 100 -136 10 1 0 0 0 1 0 0 0 1 44302.dat
1 14 100 -136 -10 1 0 0 0 1 0 0 0 1 44302.dat
1 14 100 -152 10 1 0 0 0 1 0 0 0 1 44302.dat
1 14 100 -152 -10 1 0 0 0 1 0 0 0 1 44302.dat
1 14 190 -168 -40 0 0 1 0 1 0 -1 0 0 85984.dat
1 14 210 -182 -60 1 0 0 0 1 0 0 0 1 59443.dat
1 70 210 -182 -120 1 0 0 0 1 0 0 0 1 59443.dat
1 14 160 -144 0 1 0 0 0 1 0 0 0 1 4032b.dat
1 14 200 -208 -60 1 0 0 0 1 0 0 0 1 4032b.dat
1 14 128 -180 -60 0 1 0 -1 0 0 0 0 1 4032b.dat
1 14 200 -208 60 1 0 0 0 1 0 0 0 1 4032b.dat
1 14 320 -168 0 1 0 0 0 1 0 0 0 1 3035.dat
1 14 210 -182 -245 0 0 -1 -1 0 0 0 1 0 6632.dat
1 14 210 -182 245 0 0 -1 -1 0 0 0 1 0 6632.dat
1 14 200 -200 -30 1 0 0 0 1 0 0 0 1 3666.dat
1 14 200 -200 30 1 0 0 0 1 0 0 0 1 3666.dat
1 14 360 -200 30 1 0 0 0 1 0 0 0 1 4477.dat
1 14 360 -200 -30 1 0 0 0 1 0 0 0 1 4477.dat
1 0 340 -192 0 1 0 0 0 1 0 0 0 1 2445.dat
1 4 320 -216 0 1 0 0 0 1 0 0 0 1 2456.dat
1 47 160 -184 0 1 0 0 0 1 0 0 0 1 3024.dat
1 47 160 -200 0 1 0 0 0 1 0 0 0 1 3024.dat
1 41 160 -192 0 0.707107 0 -0.707107 0 1 0 0.707107 0 0.707107 3024.dat
1 4 210.108 -203.91 -11 -0.104528 0 -0.994522 -0.994522 0 0.104528 0 1 0 32523.dat
1 4 160 -152 -10 -1 0 0 0 1 0 0 0 -1 44301.dat
1 4 160 -152 10 -1 0 0 0 1 0 0 0 -1 44301.dat
1 4 160 -136 -10 -1 0 0 0 1 0 0 0 -1 44301.dat
1 4 160 -136 10 -1 0 0 0 1 0 0 0 -1 44301.dat
1 72 40 -120 50 1 0 0 0 1 0 0 0 1 3004.dat
1 72 40 -96 40 1 0 0 0 1 0 0 0 1 3003.dat
1 72 10 -96 30 0 0 1 0 1 0 -1 0 0 4286.dat
1 72 10 -96 -30 0 0 1 0 1 0 -1 0 0 4286.dat
1 72 -70 -88 0 0 0 1 0 1 0 -1 0 0 92593.dat
1 72 130 -128 0 0 0 1 0 1 0 -1 0 0 92593.dat
1 71 110 -128 0 0 0 1 0 1 0 -1 0 0 3710.dat
1 72 60 -128 0 0 0 -1 0 1 0 1 0 0 32059.dat
1 72 160 -128 0 0 0 -1 0 1 0 1 0 0 3020.dat
1 72 180 -120 0 -1 0 0 0 1 0 0 0 -1 3020.dat
1 72 200 -160 -120 0 0 -1 0 1 0 1 0 0 3034.dat
1 72 200 -160 120 0 0 -1 0 1 0 1 0 0 3034.dat
1 72 240 -160 0 -1 0 0 0 1 0 0 0 -1 3030.dat
1 72 240 -152 0 -1 0 0 0 1 0 0 0 -1 3795.dat
1 72 180 -232 0 0 0 -1 0 1 0 1 0 0 45301.dat
1 72 450 -184 -20 0 0 -1 0 1 0 1 0 0 3660.dat
1 72 450 -184 20 0 0 -1 0 1 0 1 0 0 3660.dat
1 72 410 -200 0 -1 0 0 0 1 0 0 0 -1 3021.dat
1 72 160 -176 0 -1 0 0 0 1 0 0 0 -1 61780.dat
1 72 190 -200 -60 -1 0 0 0 1 0 0 0 -1 3021.dat
1 72 190 -200 60 -1 0 0 0 1 0 0 0 -1 3021.dat
1 72 470 -200 -10 -1 0 0 0 1 0 0 0 -1 2420.dat
1 72 250 -224 10 -1 0 0 0 1 0 0 0 -1 2420.dat
1 72 470 -200 10 0 0 -1 0 1 0 1 0 0 2420.dat
1 72 40 -192 0 0 0 1 0 1 0 -1 0 0 41751.dat
1 72 50 -168 0 0 0 1 0 1 0 -1 0 0 30414.dat
1 72 -92 -40 0 0 1 0 0 0 -1 -1 0 0 32059.dat
1 72 40 -128 10 0 0 1 0 1 0 -1 0 0 61409.dat
1 72 40 -128 -10 0 0 1 0 1 0 -1 0 0 61409.dat
1 72 30 -64 0 0 0 1 0 1 0 -1 0 0 6556.dat
1 72 36 -30 0 0 0 -1 0 1 0 1 0 0 62113.dat
1 72 2.5 -84 76 0 0 -1 1 0 0 0 -1 0 Part 4.ldr
1 72 -37.5 -84 -76 0 0 1 1 0 0 0 1 0 Part 5.ldr
1 19 -60 -32 0 1 0 0 0 1 0 0 0 1 3022.dat
1 19 100 -144 0 1 0 0 0 1 0 0 0 1 3022.dat
1 71 -60 -24 10 1 0 0 0 1 0 0 0 1 3700.dat
1 71 -60 -14 50 0 -1 0 1 0 0 0 0 1 32013.dat
1 71 -60 -14 -50 0 1 0 1 0 0 0 0 -1 32013.dat
1 71 -18.76 -42 102.908 -0.430511 0 -0.902585 0 1 0 0.902585 0 -0.430511 Part 2.ldr
1 71 24.291 -42 -12.649 0.430511 0 -0.902585 0 1 0 0.902585 0 0.430511 Part 3.ldr
1 1 -60 -34 -50 0 0.902585 0.430511 -1 0 0 0 -0.430511 0.902585 6558.dat
1 71 -60 -24 -10 1 0 0 0 1 0 0 0 1 3700.dat
1 71 40 -72 -50 1 0 0 0 1 0 0 0 1 3023.dat
1 71 40 -72 50 1 0 0 0 1 0 0 0 1 3023.dat
1 71 40 -136 -50 1 0 0 0 1 0 0 0 1 3023.dat
1 71 40 -136 50 1 0 0 0 1 0 0 0 1 3023.dat
1 71 -60 -80 -30 1 0 0 0 1 0 0 0 1 3023.dat
1 71 -60 -80 30 1 0 0 0 1 0 0 0 1 3023.dat
1 71 -20 -72 0 1 0 0 0 1 0 0 0 1 3032.dat
1 71 100 -168 0 1 0 0 0 1 0 0 0 1 3020.dat
1 71 190 -240 -10 1 0 0 0 1 0 0 0 1 2555.dat
1 71 190 -240 10 1 0 0 0 1 0 0 0 1 2555.dat
1 71 160 -224 0 1 0 0 0 1 0 0 0 1 3068b.dat
1 71 110 -176 0 0 0 -1 0 1 0 1 0 0 3710.dat
1 71 110 -184 0 0 0 1 0 1 0 -1 0 0 48336.dat
1 71 8 -158 0 0 1 0 0 0 -1 -1 0 0 2432.dat
1 71 90 -168 -30 1 0 0 0 1 0 0 0 1 3623.dat
1 71 240 -192 210 1 0 0 0 1 0 0 0 1 6565.dat
1 71 160 -192 50 0 0 -1 0 1 0 1 0 0 3002.dat
1 71 230 -192 100 0 0 -1 0 1 0 1 0 0 3008.dat
1 71 420 -184 0 0 0 -1 0 1 0 1 0 0 3001.dat
1 19 320 -184 -10 1 0 0 0 1 0 0 0 1 4510.dat
1 19 320 -184 10 -1 0 0 0 1 0 0 0 -1 4510.dat
1 71 230 -192 -100 0 0 -1 0 1 0 1 0 0 3008.dat
1 71 160 -192 -50 0 0 -1 0 1 0 1 0 0 3002.dat
1 71 240 -192 -210 -1 0 0 0 1 0 0 0 -1 6564.dat
1 71 280 -192 -30 -1 0 0 0 1 0 0 0 -1 2653.dat
1 71 280 -192 30 1 0 0 0 1 0 0 0 1 2653.dat
1 71 360 -192 -30 -1 0 0 0 1 0 0 0 -1 2653.dat
1 71 430 -192 -30 -1 0 0 0 1 0 0 0 -1 63864.dat
1 71 430 -192 30 -1 0 0 0 1 0 0 0 -1 63864.dat
1 71 470 -192 0 0 0 1 0 1 0 -1 0 0 3710.dat
1 71 420 -208 10 1 0 0 0 1 0 0 0 1 3710.dat
1 71 420 -208 -10 1 0 0 0 1 0 0 0 1 3710.dat
1 71 360 -192 30 1 0 0 0 1 0 0 0 1 2653.dat
1 71 210 -192 -230 -1 0 0 0 1 0 0 0 -1 6541.dat
1 71 210 -192 230 -1 0 0 0 1 0 0 0 -1 6541.dat
1 71 210 -192 30 -1 0 0 0 1 0 0 0 -1 6541.dat
1 71 190 -182 10 -1 0 0 0 0 -1 0 -1 0 60483.dat
1 71 210 -192 -30 -1 0 0 0 1 0 0 0 -1 6541.dat
1 71 250 -216 -10 -1 0 0 0 1 0 0 0 -1 6541.dat
1 0 210 -182 0 0 0 1 0 1 0 -1 0 0 3706.dat
1 0 210 -182 200 0 0 1 0 1 0 -1 0 0 3707.dat
1 0 250 -206 0 0 0 1 0 1 0 -1 0 0 2780.dat
1 0 230 -206 0 0 0.104528 0.994522 0 0.994522 -0.104528 -1 0 0 2780.dat
1 0 190 -202 0 0 0 1 0 1 0 -1 0 0 2780.dat
1 0 210 -182 -200 0 0 1 0 1 0 -1 0 0 3707.dat
1 0 135 -162 290 0 -1 0 1 0 0 0 0 1 Part 6.ldr
1 0 135 -202 -290 0 -1 0 -1 0 0 0 0 -1 Part 6.ldr
1 71 210 -182 -90 0 0 1 0 1 0 -1 0 0 4519.dat
1 70 210 -182 60 1 0 0 0 1 0 0 0 1 59443.dat
1 70 210 -182 120 1 0 0 0 1 0 0 0 1 59443.dat
1 1 210 -180 -15 0 0 -1 1 0 0 0 -1 0 41677.dat
1 1 210 -180 -5 0 0 -1 1 0 0 0 -1 0 41677.dat
1 4 210 -182 10 0 1 0 1 0 0 0 0 -1 3713.dat
1 4 190 -182 0 0 0 -1 0 1 0 1 0 0 32062.dat
1 71 210 -182 90 0 0 1 0 1 0 -1 0 0 4519.dat
1 4 200 -192 150 -1 0 0 0 1 0 0 0 -1 32000.dat
1 4 240 -216 10 -1 0 0 0 1 0 0 0 -1 32000.dat
1 4 200 -192 -150 -1 0 0 0 1 0 0 0 -1 32000.dat
1 72 180 -192 200 -1 0 0 0 1 0 0 0 -1 41768.dat
1 72 160 -192 120 -1 0 0 0 1 0 0 0 -1 41768.dat
1 72 240 -200 -60 1 0 0 0 1 0 0 0 1 10247.dat
1 72 240 -208 -230 1 0 0 0 1 0 0 0 1 32028.dat
1 72 240 -208 230 -1 0 0 0 1 0 0 0 -1 32028.dat
1 72 240 -200 60 1 0 0 0 1 0 0 0 1 10247.dat
1 0 150 -200 -60 0 0 1 0 1 0 -1 0 0 44728.dat
1 0 150 -200 60 0 0 1 0 1 0 -1 0 0 44728.dat
1 72 180 -192 -200 1 0 0 0 1 0 0 0 1 41767.dat
1 72 160 -192 -120 1 0 0 0 1 0 0 0 1 41767.dat
1 71 90 -168 30 1 0 0 0 1 0 0 0 1 3623.dat
1 47 -66 -144 0 0 0 1 0 1 0 -1 0 0 62360.dat
1 71 100 -120 0 1 0 0 0 1 0 0 0 1 3020.dat
1 71 -50 -40 0 0 0 -1 0 1 0 1 0 0 3023.dat
1 0 -70 -40 0 0 0 1 0 1 0 -1 0 0 44728.dat
1 0 -70 -80 0 0 0 1 0 1 0 -1 0 0 2436b.dat
1 0 -60 -64 -10 1 0 0 0 1 0 0 0 1 32064b.dat
1 0 -60 -64 10 1 0 0 0 1 0 0 0 1 32064b.dat
1 0 -60 -14 0 0 0 -1 0 1 0 1 0 0 3705.dat
1 71 -60 -54 50 0 -1 0 1 0 0 0 0 1 32013.dat
1 71 -60 -54 -50 0 1 0 1 0 0 0 0 -1 32013.dat
1 0 -60 -54 0 0 0 -1 0 1 0 1 0 0 3705.dat
1 288 -70 0 0 0 0 -1 0 1 0 1 0 0 3666.dat
1 288 -84 -60 -50 0 1 0 1 0 0 0 0 -1 3666.dat
1 288 -116 -100 -30 0 1 0 0 0 -1 -1 0 0 41748.dat
1 288 -116 -100 30 0 1 0 0 0 -1 -1 0 0 41747.dat
1 288 -84 -60 50 0 1 0 1 0 0 0 0 -1 3666.dat
1 288 -50 0 0 0 0 -1 0 1 0 1 0 0 3666.dat
1 288 30 -64 50 0 0 -1 0 1 0 1 0 0 2449.dat
1 288 30 -64 -50 0 0 -1 0 1 0 1 0 0 2449.dat
1 288 10 -96 10 0 0 1 0 1 0 -1 0 0 3040b.dat
1 288 -50 -80 30 0 0 -1 0 1 0 1 0 0 54200.dat
1 288 -50 -80 -30 0 0 -1 0 1 0 1 0 0 54200.dat
1 288 470 -200 -10 0 0 -1 0 1 0 1 0 0 54200.dat
1 288 470 -200 10 0 0 -1 0 1 0 1 0 0 54200.dat
1 288 210 -232 -10 0 0 -1 0 1 0 1 0 0 54200.dat
1 288 210 -232 10 0 0 -1 0 1 0 1 0 0 54200.dat
1 288 170 -232 10 0 0 1 0 1 0 -1 0 0 54200.dat
1 288 170 -232 -10 0 0 1 0 1 0 -1 0 0 54200.dat
1 36 470 -200 30 0 0 -1 0 1 0 1 0 0 54200.dat
1 36 470 -200 -30 0 0 -1 0 1 0 1 0 0 54200.dat
1 288 30 -128 10 0 0 1 0 1 0 -1 0 0 6091.dat
1 288 30 -144 30 0 0 1 0 1 0 -1 0 0 6091.dat
1 288 30 -144 -30 0 0 1 0 1 0 -1 0 0 6091.dat
1 288 40 -144 -40 0 0 1 0 1 0 -1 0 0 3068b.dat
1 288 40 -200 0 0 0 1 0 1 0 -1 0 0 3068b.dat
1 288 110 -192 0 0 0 1 0 1 0 -1 0 0 2431.dat
1 288 170 -168 120 -1 0 0 0 1 0 0 0 -1 47397.dat
1 288 170 -200 160 -1 0 0 0 1 0 0 0 -1 50305.dat
1 288 170 -200 -160 1 0 0 0 1 0 0 0 1 50304.dat
1 288 230 -200 -160 -1 0 0 0 1 0 0 0 -1 50304.dat
1 288 230 -200 160 1 0 0 0 1 0 0 0 1 50305.dat
1 288 230 -168 120 1 0 0 0 1 0 0 0 1 47397.dat
1 288 170 -168 -120 1 0 0 0 1 0 0 0 1 47398.dat
1 288 230 -168 -120 -1 0 0 0 1 0 0 0 -1 47398.dat
1 288 280 -176 10 -1 0 0 0 1 0 0 0 -1 2431.dat
1 288 280 -176 -10 -1 0 0 0 1 0 0 0 -1 2431.dat
1 288 360 -176 10 -1 0 0 0 1 0 0 0 -1 2431.dat
1 288 360 -176 -10 -1 0 0 0 1 0 0 0 -1 2431.dat
1 288 40 -144 40 0 0 1 0 1 0 -1 0 0 3068b.dat
1 288 30 -128 -10 0 0 1 0 1 0 -1 0 0 6091.dat
1 288 110 -192 -30 0 0 -1 0 1 0 1 0 0 6091.dat
1 288 230 -224 -50 0 0 -1 0 1 0 1 0 0 50950.dat
0 MLCAD HIDE 1 288 230 -224 -70 0 0 -1 0 1 0 1 0 0 50950.dat
1 288 230 -224 70 0 0 -1 0 1 0 1 0 0 50950.dat
1 288 230 -224 50 0 0 -1 0 1 0 1 0 0 50950.dat
1 288 170 -224 50 0 0 1 0 1 0 -1 0 0 50950.dat
1 288 170 -224 70 0 0 1 0 1 0 -1 0 0 50950.dat
1 288 170 -224 -70 0 0 1 0 1 0 -1 0 0 50950.dat
1 288 170 -224 -50 0 0 1 0 1 0 -1 0 0 50950.dat
1 288 40 -168 -50 0 0 1 0 1 0 -1 0 0 42022.dat
1 288 40 -168 50 0 0 1 0 1 0 -1 0 0 42022.dat
1 288 110 -192 30 0 0 -1 0 1 0 1 0 0 6091.dat
1 288 10 -96 -10 0 0 1 0 1 0 -1 0 0 3040b.dat
1 72 -60 16 50 -1 0 0 0 1 0 0 0 -1 60478.dat
1 72 -60 16 30 -1 0 0 0 1 0 0 0 -1 60478.dat
1 72 40 -80 -10 1 0 0 0 1 0 0 0 1 60478.dat
1 72 40 -80 10 1 0 0 0 1 0 0 0 1 60478.dat
1 72 40 -112 10 0 0 -1 0 1 0 1 0 0 42023.dat
1 72 40 -112 -10 0 0 -1 0 1 0 1 0 0 42023.dat
1 72 200 -144 10 0 0 -1 0 1 0 1 0 0 42023.dat
1 72 200 -144 -10 0 0 -1 0 1 0 1 0 0 42023.dat
1 72 40 -120 -30 0 0 -1 0 1 0 1 0 0 42023.dat
1 72 40 -120 30 0 0 -1 0 1 0 1 0 0 42023.dat
1 72 160 -152 -30 0 0 -1 0 1 0 1 0 0 42023.dat
1 72 160 -152 30 0 0 -1 0 1 0 1 0 0 42023.dat
1 19 40 -88 0 1 0 0 0 1 0 0 0 1 3022.dat
1 72 -60 16 -30 -1 0 0 0 1 0 0 0 -1 60478.dat
1 72 -60 16 -50 -1 0 0 0 1 0 0 0 -1 60478.dat
1 72 -102 18 -30 0 1 0 1 0 0 0 0 -1 41677.dat
1 72 -102 18 50 0 1 0 1 0 0 0 0 -1 41677.dat
1 0 -90 18 -50 0 -1 0 -1 0 0 0 0 -1 48729.dat
1 0 -147 18 -50 0 1 0 -1 0 0 0 0 1 64644.dat
1 0 -147 18 -30 0 1 0 -1 0 0 0 0 1 64644.dat
1 0 -147 18 30 0 1 0 -1 0 0 0 0 1 64644.dat
1 0 -147 18 50 0 1 0 -1 0 0 0 0 1 64644.dat
1 0 247.281 -269.726 24 -0.382683 -0.92388 0 -0.92388 0.382683 0 0 0 -1 64644.dat
1 0 247.281 -269.726 -24 -0.382683 -0.92388 0 -0.92388 0.382683 0 0 0 -1 64644.dat
1 0 190 -246 12 0.382683 0 -0.92388 0.92388 0 0.382683 0 -1 0 58367.dat
1 0 190 -246 -12 -0.382683 0 -0.92388 -0.92388 0 0.382683 0 1 0 58367.dat
1 0 -90 18 -30 0 -1 0 -1 0 0 0 0 -1 48729.dat
1 0 -90 18 30 0 -1 0 -1 0 0 0 0 -1 48729.dat
1 0 -90 18 50 0 -1 0 -1 0 0 0 0 -1 48729.dat
1 36 30 16 50 1 0 0 0 1 0 0 0 1 4073.dat
1 36 30 16 -50 1 0 0 0 1 0 0 0 1 4073.dat
1 36 10 -104 -30 1 0 0 0 1 0 0 0 1 4073.dat
1 36 10 -104 30 1 0 0 0 1 0 0 0 1 4073.dat
1 36 -70 -96 -30 1 0 0 0 1 0 0 0 1 4073.dat
1 36 -70 -96 30 1 0 0 0 1 0 0 0 1 4073.dat
1 36 130 -160 -30 1 0 0 0 1 0 0 0 1 4073.dat
1 36 130 -160 30 1 0 0 0 1 0 0 0 1 4073.dat
1 36 50 -136 -30 1 0 0 0 1 0 0 0 1 4073.dat
1 36 50 -136 30 1 0 0 0 1 0 0 0 1 4073.dat
1 36 10 -112 -30 1 0 0 0 1 0 0 0 1 4073.dat
1 36 10 -112 30 1 0 0 0 1 0 0 0 1 4073.dat
1 1 -60 -34 50 0 0.902585 -0.430511 -1 0 0 0 0.430511 0.902585 6558.dat
1 288 180 -208 -30 -1 0 0 0 1 0 0 0 -1 2431.dat
1 288 260 -208 -30 -1 0 0 0 1 0 0 0 -1 2431.dat
1 288 340 -208 -30 -1 0 0 0 1 0 0 0 -1 2431.dat
1 288 420 -208 -30 -1 0 0 0 1 0 0 0 -1 2431.dat
1 14 220 -208 -210 -1 0 0 0 1 0 0 0 -1 2431.dat
1 14 220 -208 210 -1 0 0 0 1 0 0 0 -1 2431.dat
1 14 170 -208 -140 0 0 1 0 1 0 -1 0 0 3069b.dat
1 14 170 -208 140 0 0 1 0 1 0 -1 0 0 3069b.dat
1 288 180 -208 30 -1 0 0 0 1 0 0 0 -1 2431.dat
1 288 260 -208 30 -1 0 0 0 1 0 0 0 -1 2431.dat
1 288 340 -208 30 -1 0 0 0 1 0 0 0 -1 2431.dat
1 288 420 -208 30 -1 0 0 0 1 0 0 0 -1 2431.dat
1 72 80 -180 60 0 1 0 0 0 1 1 0 0 3942c.dat
1 14 128 -180 60 0 1 0 -1 0 0 0 0 1 4032b.dat
0
0 FILE Part 2.ldr
0 Part 2
0 Name: Part 2.ldr
0 Author: LDraw
0 Unofficial Model
0 ROTATION CENTER 0 0 0 1 "Custom" 
0 ROTATION CONFIG 0 0
1 71 -50 8 0 1 0 0 0 1 0 0 0 1 32140.dat
1 1 -50 -2 0 0 -1 0 1 0 0 0 0 1 43093.dat
1 71 -50 8 0 1 0 0 0 1 0 0 0 1 32140.dat
1 1 -50 -2 0 0 -1 0 1 0 0 0 0 1 43093.dat
0
0 FILE Part 3.ldr
0 Part 3
0 Name: Part 3.ldr
0 Author: LDraw
0 Unofficial Model
0 ROTATION CENTER 0 0 0 1 "Custom" 
0 ROTATION CONFIG 0 0
1 71 -50 8 0 -1 0 0 0 -1 0 0 0 1 32140.dat
1 1 -50 -2 0 0 -1 0 1 0 0 0 0 1 43093.dat
0
0 FILE Part 4.ldr
0 Part 4
0 Name: Part 4.ldr
0 Author: LDraw
0 Unofficial Model
0 ROTATION CENTER 0 0 0 1 "Custom" 
0 ROTATION CONFIG 0 0
1 72 20 8 0 1 0 0 0 1 0 0 0 1 10247.dat
1 72 10 16 30 0 0 1 0 1 0 -1 0 0 2420.dat
1 288 10 0 20 0 0 1 0 1 0 -1 0 0 52031.dat
1 288 30 0 20 0 0 -1 0 1 0 1 0 0 52031.dat
1 288 20 -8 20 0 0 -1 0 1 0 1 0 0 3068b.dat
1 19 20 8 40 1 0 0 0 1 0 0 0 1 3022.dat
0
0 FILE Part 5.ldr
0 Part 5
0 Name: Part 5.ldr
0 Author: LDraw
0 Unofficial Model
0 ROTATION CENTER 0 0 0 1 "Custom" 
0 ROTATION CONFIG 0 0
1 72 20 8 40 1 0 0 0 1 0 0 0 1 10247.dat
1 72 10 16 10 1 0 0 0 1 0 0 0 1 2420.dat
1 288 10 0 20 0 0 1 0 1 0 -1 0 0 52031.dat
1 288 30 0 20 0 0 -1 0 1 0 1 0 0 52031.dat
1 288 20 -8 20 0 0 -1 0 1 0 1 0 0 3068b.dat
1 19 20 8 0 1 0 0 0 1 0 0 0 1 3022.dat
0
0 FILE Part 6.ldr
0 Part 6
0 Name: Part 6.ldr
0 Author: LDraw
0 Unofficial Model
0 ROTATION CENTER 0 0 0 1 "Custom" 
0 ROTATION CONFIG 0 0
1 72 -20 8 0 0 1 0 0 0 -1 -1 0 0 60208.dat
1 72 -20 -12 0 0 1 0 0 0 -1 -1 0 0 60208.dat
1 72 -20 -61 0 1 0 0 0 1 0 0 0 1 60474.dat
1 72 -20 -93 0 1 0 0 0 1 0 0 0 1 60474.dat
1 72 -20 -245 0 1 0 0 0 1 0 0 0 1 87081.dat
1 72 -20 -293 0 1 0 0 0 1 0 0 0 1 4742.dat
1 72 -20 28 0 0 0 1 0 1 0 -1 0 0 48723.dat
1 72 32 28 0 0 -1 0 0 0 1 -1 0 0 44676.dat
1 14 28 -2 2 0 0 -1 1 0 0 0 -1 0 60478.dat
1 72 -72 28 0 0 1 0 0 0 1 1 0 0 44676.dat
1 14 -68 -2 -2 0 0 1 1 0 0 0 1 0 60478.dat
1 72 -20 28 -52 -1 0 0 0 0 1 0 1 0 44676.dat
1 14 -18 -2 -48 0 -1 0 1 0 0 0 0 1 60478.dat
1 72 -20 28 52 1 0 0 0 0 1 0 -1 0 44676.dat
1 14 -22 -2 48 0 1 0 1 0 0 0 0 -1 60478.dat
1 14 -20 -221 0 1 0 0 0 1 0 0 0 1 60474.dat
1 288 -10 -85 10 0 0 -1 0 1 0 1 0 0 85080.dat
1 288 -30 -85 10 -1 0 0 0 1 0 0 0 -1 85080.dat
1 288 -50 -85 -10 -1 0 0 0 1 0 0 0 -1 3005.dat
1 288 10 -85 -10 -1 0 0 0 1 0 0 0 -1 3005.dat
1 288 -20 -213 0 0 0 -1 0 1 0 1 0 0 85941.dat
1 288 -20 -213 0 0 0 1 0 1 0 -1 0 0 85941.dat
1 0 -20 -85 -30 -1 0 0 0 1 0 0 0 -1 32064b.dat
1 46 -20 -117 0 -1 0 0 0 1 0 0 0 -1 6143.dat
1 46 -20 -259 0 1 0 0 0 -1 0 0 0 -1 6143.dat
1 71 -20 -251 0 1 0 0 0 -1 0 0 0 -1 3957a.dat
1 57 -20 -283 0 1 0 0 0 -1 0 0 0 -1 4073.dat
1 14 -20 -33 0 0 1 0 0 0 -1 -1 0 0 41531.dat
0 MLCAD BTG Group name
1 14 -30.001 -48 17.323 -0.866025 0 0.5 0 1 0 -0.5 0 -0.866025 6632.dat
0 MLCAD BTG Group name
1 28 -30.001 -24 17.323 0 -0.866025 0.5 -1 0 0 0 -0.5 -0.866025 6587.dat
0 MLCAD BTG Group name
1 28 -9.999 -24 -17.323 0 -0.866025 0.5 -1 0 0 0 -0.5 -0.866025 6587.dat
0 MLCAD BTG Group name
1 4 -9.999 -32 -17.323 -0.5 -0.866025 0 0 0 -1 0.866025 -0.5 0 3713.dat
1 72 -20 -82 0 0 1 0 1 0 0 0 0 -1 55013.dat
1 70 -20 -162 0 0 1 0 0 0 -1 -1 0 0 59443.dat
1 1 -20 18 0 0 -0.00872654 -0.999962 1 0 0 0 -0.999962 0.00872654 43093.dat
1 0 -40 -2 0 0 1 0 -1 0 0 0 0 1 2780.dat
1 0 0 -2 0 0 1 0 -1 0 0 0 0 1 2780.dat
0 MLCAD BTG Group name
1 4 -30.001 -32 17.323 -0.5 -0.866025 0 0 0 -1 0.866025 -0.5 0 3713.dat
0 GROUP 5 Group name
0
0
