0 FILE Clone Troopers vs Droidekas.ldr
0 Clone Troopers vs Droidekas
0 Name: Clone Troopers vs Droidekas.ldr
0 Author: LDraw
0 Unofficial Model
0 ROTATION CENTER 0 0 0 1 "Custom" 
0 ROTATION CONFIG 0 0
1 0 -405.631 -8 146.084 0.707107 0 0.707107 0 1 0 -0.707107 0 0.707107 Clone.ldr
1 0 -158.421 -8 3.816 0.382683 0 0.92388 0 1 0 -0.92388 0 0.382683 Sargeant.ldr
1 0 -159.874 32 212.523 0.707107 0 0.707107 0 1 0 -0.707107 0 0.707107 Part 1.ldr
1 0 -353.611 10 -256.145 -0.707107 0 0.707107 0 -1 0 0.707107 0 0.707107 Part 3.ldr
1 0 -177.397 10 -323.351 0 0 1 0 -1 0 1 0 0 Part 3.ldr
0
0 FILE Clone.ldr
0 Clone
0 Name: Clone.ldr
0 Author: LDraw
0 Unofficial Model
0 ROTATION CENTER 0 0 0 1 "Custom" 
0 ROTATION CONFIG 0 0
1 15 0 -24 0 1 0 0 0 1 0 0 0 1 61189.dat
1 78 0 -24 0 1 0 0 0 1 0 0 0 1 3626bp01.dat
1 15 0 0 0 1 0 0 0 1 0 0 0 1 973psu.dat
1 0 0 32 0 1 0 0 0 1 0 0 0 1 3815.dat
1 15 -15.552 9 0 0.985 -0.17 0 0.17 0.985 0 0 0 1 3818.dat
1 15 15.552 9 0 0.985 0.17 0 -0.17 0.985 0 0 0 1 3819.dat
1 0 -23.8634 26.5956 -10.321 0.985 -0.12019 0.12019 0.17 0.696395 -0.696395 0 0.707 0.707 3820.dat
1 0 23.8634 26.5956 -10.321 0.985 0.12019 -0.12019 -0.17 0.696395 -0.696395 0 0.707 0.707 3820.dat
1 0 -24.6826 31.3422 -19.2547 0.985 -0.0874983 0.14567 0.17 0.506976 -0.844031 0 0.856884 0.514696 58247.dat
1 15 0 44 0 1 0 0 0 1 0 0 0 1 3816.dat
1 15 0 44 0 1 0 0 0 1 0 0 0 1 3817.dat
0
0 FILE Sargeant.ldr
0 Sargeant
0 Name: Sargeant.ldr
0 Author: LDraw
0 Unofficial Model
0 ROTATION CENTER 0 0 0 1 "Custom" 
0 ROTATION CONFIG 0 0
1 15 0 -24 0 1 0 0 0 1 0 0 0 1 61189.dat
1 78 0 -24 0 1 0 0 0 1 0 0 0 1 3626bp01.dat
1 15 0 0 0 1 0 0 0 1 0 0 0 1 973psu.dat
1 0 0 32 0 1 0 0 0 1 0 0 0 1 3815.dat
1 330 -15.552 9 0 0.985 -0.17 0 0.17 0.985 0 0 0 1 3818.dat
1 330 15.552 9 0 0.985 0.17 0 -0.17 0.985 0 0 0 1 3819.dat
1 0 -23.8634 26.5956 -10.321 0.985 -0.12019 0.12019 0.17 0.696395 -0.696395 0 0.707 0.707 3820.dat
1 0 23.8634 26.5956 -10.321 0.985 0.12019 -0.12019 -0.17 0.696395 -0.696395 0 0.707 0.707 3820.dat
1 72 25.5859 36.5763 -20.1144 -0.14567 -0.985 -0.0874983 -0.844031 0.17 -0.506976 0.514696 0 -0.856884 30304.dat
1 15 0 44 0 1 0 0 0 1 0 0 0 1 3816.dat
1 15 0 44 0 1 0 0 0 1 0 0 0 1 3817.dat
0
0 FILE Part 1.ldr
0 Part 1
0 Name: Part 1.ldr
0 Author: LDraw
0 Unofficial Model
0 ROTATION CENTER 0 0 0 1 "Custom" 
0 ROTATION CONFIG 0 0
1 71 0 24 0 0 0 -1 0 1 0 1 0 0 3021.dat
1 71 0 0 -80 0 0 -1 0 1 0 1 0 0 3021.dat
1 15 0 -24 -100 -1 0 0 0 1 0 0 0 -1 3039pc6.dat
1 71 0 0 -40 -1 0 0 0 1 0 0 0 -1 2412b.dat
1 71 0 -34 -138 -1 0 0 0 0 1 0 1 0 2412b.dat
1 71 -70 0 -50 0 0 1 0 1 0 -1 0 0 2412b.dat
1 71 70 0 -50 0 0 1 0 1 0 -1 0 0 2412b.dat
1 71 70 16 -50 0 0 -1 0 1 0 1 0 0 2540.dat
1 71 -70 16 -50 0 0 1 0 1 0 -1 0 0 2540.dat
1 71 -90 18 -70 0.92388 0 0.382683 0.382683 0 -0.92388 0 1 0 2335.dat
1 71 90 18 -30 -0.92388 0 -0.382683 0.382683 0 -0.92388 0 -1 0 2335.dat
1 71 0 16 -50 -1 0 0 0 1 0 0 0 -1 3958.dat
1 71 0 -32 20 -1 0 0 0 1 0 0 0 -1 3245a.dat
1 71 0 -16 -70 0 0 1 0 1 0 -1 0 0 48092.dat
1 71 0 -16 -70 1 0 0 0 1 0 0 0 1 48092.dat
1 71 88 4 -20 0 -1 0 -1 0 0 0 0 -1 3298.dat
1 71 -88 4 -20 0 1 0 1 0 0 0 0 -1 3298.dat
1 71 0 24 -100 -1 0 0 0 1 0 0 0 -1 3460.dat
1 0 0 24 -50 -1 0 0 0 1 0 0 0 -1 3034.dat
1 0 36 -20 44 0.92388 0.375652 -0.0730194 0.00166977 -0.194764 -0.980849 -0.38268 0.906064 -0.180566 58247.dat
1 0 -36 -20 44 0.923877 -0.375058 0.0760469 0.00166977 -0.194764 -0.980849 0.382686 0.90631 -0.179312 58247.dat
1 0 0 8 -50 -1 0 0 0 1 0 0 0 -1 3034.dat
1 72 0 16 20 1 0 0 0 1 0 0 0 1 4590.dat
1 72 0 -8 -10 1 0 0 0 1 0 0 0 1 2456.dat
1 72 0 -32 -10 1 0 0 0 1 0 0 0 1 3003.dat
1 72 0 -40 0 1 0 0 0 1 0 0 0 1 30350.dat
1 72 0 -69 20 0 0 1 -1 0 0 0 -1 0 Part 2.ldr
1 72 0 -34 -130 1 0 0 0 0 -1 0 1 0 3023.dat
1 72 0 -32 -100 1 0 0 0 1 0 0 0 1 99780.dat
1 72 50 -16 -10 0 0 -1 0 1 0 1 0 0 44728.dat
1 72 -50 -16 -10 0 0 1 0 1 0 -1 0 0 44728.dat
1 320 -30 -16 -10 0 0 1 0 1 0 -1 0 0 3069b.dat
1 320 30 -16 -10 0 0 1 0 1 0 -1 0 0 3069b.dat
1 320 0 -24 -140 1 0 0 0 1 0 0 0 1 3069b.dat
1 320 10 -34 -130 0 0 -1 -1 0 0 0 1 0 6005.dat
1 320 -10 -34 -130 0 0 1 1 0 0 0 1 0 6005.dat
1 72 40 8 -110 1 0 0 0 1 0 0 0 1 30565.dat
1 72 -50 -24 -120 0.707107 0 -0.707107 0 1 0 0.707107 0 0.707107 3070b.dat
1 72 50 -24 -120 0.707107 0 -0.707107 0 1 0 0.707107 0 0.707107 3070b.dat
1 72 -40 8 -110 0 0 1 0 1 0 -1 0 0 30565.dat
0
0 FILE Part 2.ldr
0 Part 2
0 Name: Part 2.ldr
0 Author: LDraw
0 Unofficial Model
0 ROTATION CENTER 0 0 0 1 "Custom" 
0 ROTATION CONFIG 0 0
1 72 0 24 0 1 0 0 0 1 0 0 0 1 11203.dat
1 72 50 16 0 0 0 1 0 1 0 -1 0 0 61252.dat
1 71 50 8 0 0 0 1 0 1 0 -1 0 0 2555.dat
1 71 40 2 0 0 1 0 0 0 -1 -1 0 0 30374.dat
1 0 116 2 0 0 1 0 0 0 -1 -1 0 0 30258.dat
1 72 0 -24 10 -1 0 0 0 1 0 0 0 -1 60478.dat
1 72 0 -24 -10 -1 0 0 0 1 0 0 0 -1 60478.dat
1 72 -10 16 0 0 0 1 0 1 0 -1 0 0 32028.dat
1 71 10 16 0 0 0 -1 0 1 0 1 0 0 2540.dat
1 71 10 -16 0 0 0 -1 0 1 0 1 0 0 3700.dat
1 71 0 -6 0 -1 0 0 0 1 0 0 0 -1 61184.dat
1 43 -8 -6 0 0 1 0 1 0 0 0 0 -1 4073.dat
1 71 0 8 -10 1 0 0 0 1 0 0 0 1 99781.dat
1 71 0 8 10 -1 0 0 0 1 0 0 0 -1 99781.dat
1 71 0 -32 -10 1 0 0 0 1 0 0 0 1 99781.dat
1 71 0 -32 10 -1 0 0 0 1 0 0 0 -1 99781.dat
1 71 -10 -2 32 0 0 -1 1 0 0 0 -1 0 3623.dat
1 320 10 -2 -32 0 0 1 1 0 0 0 1 0 63864.dat
1 320 10 -2 32 0 0 -1 1 0 0 0 -1 0 63864.dat
1 71 -10 -2 -32 0 0 1 1 0 0 0 1 0 3623.dat
0
0 FILE Part 3.ldr
0 Part 3
0 Name: Part 3.ldr
0 Author: LDraw
0 Unofficial Model
0 ROTATION CENTER 0 0 0 1 "Custom" 
0 ROTATION CONFIG 0 0
1 70 -10 24 0 1 0 0 0 1 0 0 0 1 4032b.dat
1 72 -10 -24 0 1 0 0 0 1 0 0 0 1 30367c.dat
1 80 -10 0 0 -1 0 0 0 1 0 0 0 -1 30033.dat
1 80 31.718 -27 -41.72 -0.707107 0.653281 0.270598 0 0.382683 -0.92388 -0.707107 -0.653281 -0.270598 53451.dat
1 148 9.799 2 -19.799 0.270598 0.653281 0.707107 -0.92388 0.382683 0 -0.270598 -0.653281 0.707107 53989.dat
1 80 -69 -27 0 0 -0.92388 -0.382683 0 0.382683 -0.92388 1 0 0 53451.dat
1 148 -38 2 0 -0.382683 -0.92388 0 -0.92388 0.382683 0 0 0 -1 53989.dat
1 80 31.718 -27 41.72 0.707107 0.653281 0.270598 0 0.382683 -0.92388 -0.707107 0.653281 0.270598 53451.dat
1 148 9.799 2 19.799 0.270598 0.653281 -0.707107 -0.92388 0.382683 0 0.270598 0.653281 0.707107 53989.dat
1 70 0 8 10 1 0 0 0 1 0 0 0 1 4073.dat
1 70 0 8 -10 1 0 0 0 1 0 0 0 1 4073.dat
1 70 -9.453 83.702 0 -1 0 0 0 -1 0 0 0 1 Part 4.ldr
1 71 -20 8 -10 1 0 0 0 1 0 0 0 1 4085c.dat
1 71 -20 16 -30 -0.382683 0 -0.92388 0 -1 0 -0.92388 0 0.382683 58367.dat
1 71 -20 16 30 0.382683 0 -0.92388 0 -1 0 -0.92388 0 -0.382683 58367.dat
1 72 18.803 35 -46.072 0 -0.382683 0.92388 -1 0 0 0 -0.92388 -0.382683 30162.dat
1 72 18.804 35 46.072 0 -0.382683 0.92388 1 0 0 0 0.92388 0.382683 30162.dat
1 71 -20 8 10 -1 0 0 0 1 0 0 0 -1 4085c.dat
1 71 -40 18 10 0 -0.382683 -0.92388 0 0.92388 -0.382683 1 0 0 30377.dat
1 71 -40 18 -10 0 -0.382683 -0.92388 0 0.92388 -0.382683 1 0 0 30377.dat
1 72 -10 16 10 -1 0 0 0 1 0 0 0 -1 60478.dat
1 72 -10 16 -10 -1 0 0 0 1 0 0 0 -1 60478.dat
0
0 FILE Part 4.ldr
0 Part 4
0 Name: Part 4.ldr
0 Author: LDraw
0 Unofficial Model
0 ROTATION CENTER 0 0 0 1 "Custom" 
0 ROTATION CONFIG 0 0
1 72 -10 8 0 1 0 0 0 1 0 0 0 1 3023.dat
1 70 -10 16 0 0 0 -1 0 1 0 1 0 0 93273.dat
1 71 -10 16 0 0 0 -1 0 1 0 1 0 0 4595.dat
1 71 -20 24 18 0 0 -1 1 0 0 0 -1 0 4592.dat
1 0 -20 24 19 0 1 0 1 0 0 0 0 -1 4593.dat
1 71 -20 24 -18 0 0 -1 -1 0 0 0 1 0 4592.dat
1 0 -20 24 -19 0 1 0 -1 0 0 0 0 1 4593.dat
1 71 34 26 0 0 -1 0 1 0 0 0 0 1 4697b.dat
1 36 -25 26 -1 0 1 0 1 0 0 0 0 -1 58176.dat
0
0
