0 FILE Darth Vader Transformation.ldr
0 Darth Vader Transformation
0 Name: Darth Vader Transformation.ldr
0 Author: R Paluczak
0 Unofficial Model
0 ROTATION CENTER 0 0 0 1 "Custom" 
0 ROTATION CONFIG 0 0
1 0 -90 64 0 0 0 1 0 1 0 -1 0 0 Part 1.ldr
1 0 -243 24 -139 0 0 1 0 1 0 -1 0 0 Anakin Skywalker.ldr
1 0 -210 24 70 0 0 1 0 1 0 -1 0 0 Darth Vader.ldr
0
0 FILE Darth Vader.ldr
0 Darth Vader
0 Name: Darth Vader.ldr
0 Author: R Paluczak
0 Unofficial Model
0 ROTATION CENTER 0 0 0 1 "Custom" 
0 ROTATION CONFIG 0 0
1 0 0 -24 0 1 0 0 0 1 0 0 0 1 30368.dat
1 71 0 -24 0 1 0 0 0 1 0 0 0 1 3626bps7.dat
1 0 0 0 0 1 0 0 0 1 0 0 0 1 973ps7.dat
1 0 0 32 0 1 0 0 0 1 0 0 0 1 3815.dat
1 0 -15.552 9 0 0.985 -0.17 0 0.17 0.985 0 0 0 1 3818.dat
1 0 15.552 9 0 0.985 0.17 0 -0.17 0.985 0 0 0 1 3819.dat
1 0 -23.8634 26.5956 -10.321 0.985 -0.12019 0.12019 0.17 0.696395 -0.696395 0 0.707 0.707 3820.dat
1 0 23.8634 26.5956 -10.321 0.985 0.12019 -0.12019 -0.17 0.696395 -0.696395 0 0.707 0.707 3820.dat
1 0 0 44 0 1 0 0 0 1 0 0 0 1 3816.dat
1 0 0 44 0 1 0 0 0 1 0 0 0 1 3817.dat
0
0 FILE Anakin Skywalker.ldr
0 Anakin Skywalker
0 Name: Anakin Skywalker.ldr
0 Author: R Paluczak
0 Unofficial Model
0 ROTATION CENTER 0 0 0 1 "Custom" 
0 ROTATION CONFIG 0 0
1 78 0 -24 0 1 0 0 0 1 0 0 0 1 3626bps7.dat
1 0 0 0 0 1 0 0 0 1 0 0 0 1 973ps2.dat
1 0 0 32 0 1 0 0 0 1 0 0 0 1 3815.dat
1 0 -15.552 9 0 0.985 -0.17 0 0.17 0.985 0 0 0 1 3818.dat
1 0 15.552 9 0 0.985 0.17 0 -0.17 0.985 0 0 0 1 3819.dat
1 0 -23.8634 26.5956 -10.321 0.985 -0.12019 0.12019 0.17 0.696395 -0.696395 0 0.707 0.707 3820.dat
1 78 23.8634 26.5956 -10.321 0.985 0.12019 -0.12019 -0.17 0.696395 -0.696395 0 0.707 0.707 3820.dat
1 0 0 44 0 1 0 0 0 1 0 0 0 1 3816.dat
1 0 0 44 0 1 0 0 0 1 0 0 0 1 3817.dat
0
0 FILE Part 1.ldr
0 Part 1
0 Name: Part 1.ldr
0 Author: R Paluczak
0 Unofficial Model
0 ROTATION CENTER 0 0 0 1 "Custom" 
0 ROTATION CONFIG 0 0
1 72 50 24 0 1 0 0 0 1 0 0 0 1 41539.dat
1 71 50 16 70 1 0 0 0 1 0 0 0 1 3666.dat
1 70 0 -56 60 0 0 -1 0 1 0 1 0 0 30499.dat
1 70 100 -56 60 0 0 1 0 1 0 -1 0 0 30499.dat
1 70 100 -16 -60 0 0 1 0 1 0 -1 0 0 3700.dat
1 70 60 -14.205 -54.289 1 0 0 0 0.820651 0.57143 0 -0.57143 0.820651 Part 3.ldr
1 70 0 -16 -60 0 0 1 0 1 0 -1 0 0 3700.dat
1 71 30 16 50 1 0 0 0 1 0 0 0 1 3666.dat
1 71 50 16 30 1 0 0 0 1 0 0 0 1 2412b.dat
1 19 50 0 10 1 0 0 0 1 0 0 0 1 3039.dat
1 0 0 8 -60 0 0 -1 0 1 0 1 0 0 41855.dat
1 0 100 8 -60 0 0 1 0 1 0 -1 0 0 41855.dat
1 71 -20 16 -60 0 0 -1 0 1 0 1 0 0 2412b.dat
1 71 120 16 -60 0 0 -1 0 1 0 1 0 0 2412b.dat
1 71 100 -64 60 0 0 -1 0 1 0 1 0 0 2412b.dat
1 71 0 -64 60 0 0 -1 0 1 0 1 0 0 2412b.dat
1 71 130 16 60 -1 0 0 0 1 0 0 0 -1 2430.dat
1 71 44.132 0 -45.483 0.83147 0 -0.55557 0 1 0 0.55557 0 0.83147 Part 2.ldr
0
0 FILE Part 2.ldr
0 Part 2
0 Name: Part 2.ldr
0 Author: R Paluczak
0 Unofficial Model
0 ROTATION CENTER 0 0 0 1 "Custom" 
0 ROTATION CONFIG 0 0
1 71 130 16 40 -1 0 0 0 1 0 0 0 -1 2429.dat
1 71 150 -48 -60 -1 0 0 0 1 0 0 0 -1 43898.dat
1 71 150 -80 -60 -1 0 0 0 1 0 0 0 -1 6143.dat
1 72 150 -56 -60 1 0 0 0 1 0 0 0 1 30033.dat
1 72 198.082 -67 -108.082 0 0.707107 0.707107 1 0 0 0 0.707107 -0.707107 55299.dat
1 72 106.159 -67 -112.326 0.270598 0.707107 -0.653281 0.92388 0 0.382683 0.270598 -0.707107 -0.653281 55295.dat
1 72 150 -92 -60 -1 0 0 0 1 0 0 0 -1 4740.dat
1 72 150 -108 -60 -1 0 0 0 1 0 0 0 -1 4740.dat
1 36 150 -100 -60 -1 0 0 0 1 0 0 0 -1 4740.dat
1 72 150 -116 -60 -1 0 0 0 1 0 0 0 -1 4740.dat
1 72 150 24 -20 0 0 -1 0 1 0 1 0 0 3795.dat
1 19 150 16 -60 0 0 -1 0 1 0 1 0 0 3022.dat
1 19 171.214 -54 -81.214 0.707107 0.707107 0 0 0 1 0.707107 -0.707107 0 30377.dat
1 72 101.918 -67 -11.918 0 0.707107 0.707107 1 0 0 0 0.707107 -0.707107 55300.dat
1 19 128.786 -54 -38.786 -0.707107 -0.707107 0 0 0 1 -0.707107 0.707107 0 30377.dat
1 19 128.786 -54 -81.214 0.707107 -0.707107 0 0 0 1 -0.707107 -0.707107 0 30377.dat
1 72 193.841 -67 -7.674 0.270598 0.707107 -0.653281 0.92388 0 0.382683 0.270598 -0.707107 -0.653281 55298.dat
1 19 171.214 -54 -38.786 -0.707107 0.707107 0 0 0 1 0.707107 0.707107 0 30377.dat
1 72 144 -67 8 0 1 0 0.92388 0 0.382683 0.382683 0 -0.92388 55297.dat
1 19 150 -54 -30 -1 0 0 0 0 1 0 1 0 30377.dat
1 72 150 -32 -60 0 0 -1 0 1 0 1 0 0 6233.dat
1 0 150 0 -60 0 0 -1 0 1 0 1 0 0 4095.dat
0
0 FILE Part 3.ldr
0 Part 3
0 Name: Part 3.ldr
0 Author: R Paluczak
0 Unofficial Model
0 ROTATION CENTER 0 0 0 1 "Custom" 
0 ROTATION CONFIG 0 0
1 72 -10 0 0 1 0 0 0 1 0 0 0 1 30157.dat
1 72 -10 -32 0 1 0 0 0 1 0 0 0 1 3020.dat
1 72 -10 -56 0 0 0 -1 0 1 0 1 0 0 3001.dat
1 47 -10 -80 0 0 0 -1 0 1 0 1 0 0 6143.dat
1 19 -10 -32 -30 1 0 0 0 1 0 0 0 1 2540.dat
1 19 -10 -32 30 -1 0 0 0 1 0 0 0 -1 2540.dat
1 71 -10 -24 0 1 0 0 0 1 0 0 0 1 3403c01.dat
1 71 -20 -144 0 0 0 1 0 1 0 -1 0 0 87552.dat
1 71 0 -144 0 0 0 -1 0 1 0 1 0 0 87552.dat
1 71 -10 -80 30 1 0 0 0 1 0 0 0 1 2877.dat
1 71 -10 -80 -30 -1 0 0 0 1 0 0 0 -1 2877.dat
1 0 -10 -96 10 -1 0 0 0 1 0 0 0 -1 41855.dat
1 0 -10 -96 -10 1 0 0 0 1 0 0 0 1 41855.dat
1 0 -10 -152 0 1 0 0 0 1 0 0 0 1 4150.dat
0
0
