0 FILE Desert Skiff.ldr
0 Desert Skiff
0 Name: Desert Skiff.ldr
0 Author: LDraw
0 Unofficial Model
0 ROTATION CENTER 0 0 0 1 "Custom" 
0 ROTATION CONFIG 0 0
1 0 40 16 190 0.382683 0 0.92388 0 1 0 -0.92388 0 0.382683 Part 2.ldr
1 0 -210.988 48 -315.879 0.707107 0 0.707107 0 1 0 -0.707107 0 0.707107 Part 1.ldr
1 0 -220 8 270 0 0 1 0 1 0 -1 0 0 Luke Skywalker.ldr
1 0 -220 8 190 0 0 1 0 1 0 -1 0 0 Lando.ldr
1 0 -220 8 110 0 0 1 0 1 0 -1 0 0 Kithaba.ldr
1 0 -220 8 30 0 0 1 0 1 0 -1 0 0 Boba Fett.ldr
0
0 FILE Boba Fett.ldr
0 Boba Fett
0 Name: Boba Fett.ldr
0 Author: LDraw
0 Unofficial Model
0 ROTATION CENTER 0 0 0 1 "Custom" 
0 ROTATION CONFIG 0 0
1 378 0 -24 0 1 0 0 0 1 0 0 0 1 87610.dat
1 78 0 -25 0 1 0 0 0 1 0 0 0 1 3626bp01.dat
1 378 0 0 0 1 0 0 0 1 0 0 0 1 3838.dat
1 71 0 0 0 1 0 0 0 1 0 0 0 1 973prb.dat
1 288 0 32 0 1 0 0 0 1 0 0 0 1 3815.dat
1 379 -15.552 9 0 0.985 -0.17 0 0.15706 0.910021 0.382683 -0.0650562 -0.376943 0.92388 3818.dat
1 379 15.552 9 0 0.985 0.17 0 -0.17 0.985 0 0 0 1 3819.dat
1 72 -23.863 21.307 -16.269 0.985 -0.12019 0.12019 0.15706 0.913942 -0.372828 -0.0650562 0.386684 0.919682 3820.dat
1 72 23.8634 26.5956 -10.321 0.985 0.12019 -0.12019 -0.17 0.696395 -0.696395 0 0.707 0.707 3820.dat
1 0 -24.683 22.273 -26.339 0.985 -0.0874983 0.14567 0.15706 0.7963 -0.582817 -0.0650562 0.597646 0.798514 61190a.dat
1 0 -26.477 21.779 -57.548 0.985 -0.0874983 0.14567 -0.0999235 0.395241 0.912507 -0.137533 -0.913816 0.380304 577b.dat
1 379 0 44 0 1 0 0 0 1 0 0 0 1 3816.dat
1 379 0 44 0 1 0 0 0 1 0 0 0 1 3817.dat
0
0 FILE Kithaba.ldr
0 Kithaba
0 Name: Kithaba.ldr
0 Author: LDraw
0 Unofficial Model
0 ROTATION CENTER 0 0 0 1 "Custom" 
0 ROTATION CONFIG 0 0
1 320 0 -24 0 1 0 0 0 1 0 0 0 1 2543.dat
1 330 0 -24 0 1 0 0 0 1 0 0 0 1 3626bp01.dat
1 28 0 0 0 1 0 0 0 1 0 0 0 1 973.dat
1 4 0 32 0 1 0 0 0 1 0 0 0 1 3815.dat
1 19 -15.552 9 0 0.985 -0.17 0 0.17 0.985 0 0 0 1 3818.dat
1 18 15.552 9 0 0.985 0.17 0 -0.17 0.985 0 0 0 1 3819.dat
1 70 -23.8634 26.5956 -10.321 0.985 -0.12019 0.12019 0.17 0.696395 -0.696395 0 0.707 0.707 3820.dat
1 70 23.8634 26.5956 -10.321 0.985 0.12019 -0.12019 -0.17 0.696395 -0.696395 0 0.707 0.707 3820.dat
1 0 -24.6826 31.3422 -19.2547 0.985 -0.0874983 0.14567 0.17 0.506976 -0.844031 0 0.856884 0.514696 61190a.dat
1 4 0 44 0 1 0 0 0 1 0 0 0 1 3816.dat
1 4 0 44 0 1 0 0 0 1 0 0 0 1 3817.dat
0
0 FILE Lando.ldr
0 Lando
0 Name: Lando.ldr
0 Author: LDraw
0 Unofficial Model
0 ROTATION CENTER 0 0 0 1 "Custom" 
0 ROTATION CONFIG 0 0
1 308 0 -24 0 1 0 0 0 1 0 0 0 1 3844.dat
1 70 0 -24 0 1 0 0 0 1 0 0 0 1 3626bp01.dat
1 484 0 0 0 1 0 0 0 1 0 0 0 1 973.dat
1 19 0 32 0 1 0 0 0 1 0 0 0 1 3815.dat
1 0 -15.552 9 0 0.985 -0.17 0 0.17 0.985 0 0 0 1 3818.dat
1 0 15.552 9 0 0.985 0.17 0 -0.17 0.985 0 0 0 1 3819.dat
1 70 -23.8634 26.5956 -10.321 0.985 -0.12019 0.12019 0.17 0.696395 -0.696395 0 0.707 0.707 3820.dat
1 70 23.8634 26.5956 -10.321 0.985 0.12019 -0.12019 -0.17 0.696395 -0.696395 0 0.707 0.707 3820.dat
1 148 -21.4451 12.5841 -50.9594 0.985 -0.0874983 0.14567 0.17 0.506976 -0.844031 0 0.856884 0.514696 4497.dat
1 148 -21.313 11.209 -54.149 0.997371 0.0486185 0.0448664 -0.0126611 -0.524938 0.85004 0.0649341 -0.849121 -0.523392 53454.dat
1 19 0 44 0 1 0 0 0 1 0 0 0 1 3816.dat
1 19 0 44 0 1 0 0 0 1 0 0 0 1 3817.dat
0
0 FILE Luke Skywalker.ldr
0 Luke
0 Name: Luke Skywalker.ldr
0 Author: LDraw
0 Unofficial Model
0 ROTATION CENTER 0 0 0 1 "Custom" 
0 ROTATION CONFIG 0 0
1 19 0 -24 0 1 0 0 0 1 0 0 0 1 3901.dat
1 78 0 -24 0 1 0 0 0 1 0 0 0 1 3626bp01.dat
1 72 0 0 0 1 0 0 0 1 0 0 0 1 973ps2.dat
1 0 0 32 0 1 0 0 0 1 0 0 0 1 3815.dat
1 0 -15.552 9 0 0.985 -0.17 0 0.17 0.985 0 0 0 1 3818.dat
1 0 15.552 9 0 0.985 0.17 0 -0.17 0.985 0 0 0 1 3819.dat
1 78 -23.8634 26.5956 -10.321 0.985 -0.12019 0.12019 0.17 0.696395 -0.696395 0 0.707 0.707 3820.dat
1 78 23.8634 26.5956 -10.321 0.985 0.12019 -0.12019 -0.17 0.696395 -0.696395 0 0.707 0.707 3820.dat
1 42 -23.1951 22.7236 -33.8217 0.985 -0.0874983 0.14567 0.17 0.506976 -0.844031 0 0.856884 0.514696 577bc01.dat
1 0 0 44 0 1 0 0 0 1 0 0 0 1 3816.dat
1 0 0 44 0 1 0 0 0 1 0 0 0 1 3817.dat
0
0 FILE Part 1.ldr
0 Part 1
0 Name: Part 1.ldr
0 Author: LDraw
0 Unofficial Model
0 ROTATION CENTER 0 0 0 1 "Custom" 
0 ROTATION CONFIG 0 0
1 28 0 24 0 1 0 0 0 1 0 0 0 1 89523.dat
1 28 0 10 -50 -1 0 0 0 -0.382683 0.92388 0 0.92388 0.382683 92579.dat
1 28 0 10 50 1 0 0 0 -0.382683 0.92388 0 -0.92388 -0.382683 92579.dat
1 28 -70 0 0 0 1 0 0 0 -1 -1 0 0 40378.dat
1 28 70 0 0 0 -1 0 0 0 -1 1 0 0 40378.dat
1 28 -107 -120 0 0 -0.707107 -0.707107 0 0.707107 -0.707107 1 0 0 40379.dat
1 28 105 -120 0 0 -0.707107 0.707107 0 -0.707107 -0.707107 1 0 0 40379.dat
1 28 -90 -32 -40 0 0 -1 0 1 0 1 0 0 3794a.dat
1 28 -90 -32 40 0 0 -1 0 1 0 1 0 0 3794a.dat
1 28 40 -32 -90 -1 0 0 0 1 0 0 0 -1 3794a.dat
1 28 -40 -32 -90 -1 0 0 0 1 0 0 0 -1 3794a.dat
1 28 90 -32 40 0 0 1 0 1 0 -1 0 0 3794a.dat
1 28 90 -32 -40 0 0 1 0 1 0 -1 0 0 3794a.dat
1 28 -40 -32 90 1 0 0 0 1 0 0 0 1 3794a.dat
1 15 90 -40 40 0 1 0 0 0 -1 -1 0 0 53451.dat
1 15 90 -40 -40 0 1 0 0 0 -1 -1 0 0 53451.dat
1 15 -90 -40 -40 0 -1 0 0 0 -1 1 0 0 53451.dat
1 15 -90 -40 40 0 -1 0 0 0 -1 1 0 0 53451.dat
1 15 40 -40 -90 -1 0 0 0 0 -1 0 -1 0 53451.dat
1 15 -40 -40 -90 -1 0 0 0 0 -1 0 -1 0 53451.dat
1 15 -40 -40 90 1 0 0 0 0 -1 0 1 0 53451.dat
1 15 40 -40 90 1 0 0 0 0 -1 0 1 0 53451.dat
1 28 40 -32 90 1 0 0 0 1 0 0 0 1 3794a.dat
1 19 0 16 0 1 0 0 0 1 0 0 0 1 3020.dat
1 72 0 8 0 -1 0 0 0 1 0 0 0 -1 60474.dat
1 72 -100 16 0 1 0 0 0 1 0 0 0 1 3022.dat
1 72 100 16 0 1 0 0 0 1 0 0 0 1 3022.dat
1 19 0 16 70 1 0 0 0 1 0 0 0 1 3069b.dat
1 19 0 0 -90 1 0 0 0 1 0 0 0 1 3039.dat
1 19 0 0 90 -1 0 0 0 1 0 0 0 -1 3039.dat
1 19 -110 0 0 0 0 1 0 1 0 -1 0 0 85984.dat
1 19 110 0 0 0 0 -1 0 1 0 1 0 0 85984.dat
1 19 0 -24 90 -1 0 0 0 1 0 0 0 -1 3010.dat
1 19 0 -24 -90 -1 0 0 0 1 0 0 0 -1 3010.dat
1 19 90 -24 0 0 0 -1 0 1 0 1 0 0 3010.dat
1 19 -90 -24 0 0 0 -1 0 1 0 1 0 0 3010.dat
1 19 -70 -24 70 -1 0 0 0 1 0 0 0 -1 2462.dat
1 19 -70 -24 -70 0 0 1 0 1 0 -1 0 0 2462.dat
1 72 0 8 0 0 0 1 0 1 0 -1 0 0 60474.dat
1 19 70 -24 -70 1 0 0 0 1 0 0 0 1 2462.dat
1 19 70 -24 70 0 0 -1 0 1 0 1 0 0 2462.dat
1 19 0 16 -70 1 0 0 0 1 0 0 0 1 3069b.dat
1 71 -10 16 40 0 0 -1 0 1 0 1 0 0 92280.dat
1 71 20 0 20 0 0 -1 0 1 0 1 0 0 48092.dat
1 71 20 0 -20 1 0 0 0 1 0 0 0 1 48092.dat
1 71 -20 0 -20 0 0 1 0 1 0 -1 0 0 48092.dat
1 71 -20 0 20 -1 0 0 0 1 0 0 0 -1 48092.dat
1 71 -10 16 -40 0 0 1 0 1 0 -1 0 0 92280.dat
1 71 10 16 40 0 0 -1 0 1 0 1 0 0 92280.dat
1 71 -100 8 0 0 0 -1 0 1 0 1 0 0 3176.dat
1 71 -100 0 0 0 0 -1 0 1 0 1 0 0 3176.dat
1 71 100 8 0 0 0 1 0 1 0 -1 0 0 3176.dat
1 71 100 0 0 0 0 1 0 1 0 -1 0 0 3176.dat
1 71 10 16 -40 0 0 1 0 1 0 -1 0 0 92280.dat
0
0 FILE Part 2.ldr
0 Part 2
0 Name: Part 2.ldr
0 Author: LDraw
0 Unofficial Model
0 ROTATION CENTER 0 0 0 1 "Custom" 
0 ROTATION CONFIG 0 0
1 72 0 8 0 1 0 0 0 1 0 0 0 1 4282.dat
1 72 -40 -24 -20 1 0 0 0 1 0 0 0 1 4282.dat
1 72 -40 -24 20 1 0 0 0 1 0 0 0 1 4282.dat
1 70 -20 -32 40 1 0 0 0 1 0 0 0 1 3832.dat
1 70 -20 -32 -40 1 0 0 0 1 0 0 0 1 3832.dat
1 72 -260 -24 0 1 0 0 0 1 0 0 0 1 3795.dat
1 72 100 -82 48 1 0 0 0 0 1 0 -1 0 2540.dat
1 72 100 -82 -48 -1 0 0 0 0 1 0 1 0 2540.dat
1 72 -20 -56 0 1 0 0 0 1 0 0 0 1 3795.dat
1 28 -20 -64 10 1 0 0 0 1 0 0 0 1 6636.dat
1 28 -20 -64 -10 1 0 0 0 1 0 0 0 1 6636.dat
1 72 230 -64 0 0 0 -1 0 1 0 1 0 0 3937.dat
1 72 -70 -48 0 0 0 1 0 1 0 -1 0 0 3937.dat
1 71 30 -48 10 0 0 1 0 1 0 -1 0 0 6231.dat
1 71 30 -48 -10 -1 0 0 0 1 0 0 0 -1 6231.dat
1 70 -20 -48 -10 -1 0 0 0 1 0 0 0 -1 30413.dat
1 70 -20 -48 10 1 0 0 0 1 0 0 0 1 30413.dat
1 72 37.752 -191.316 0 0.659346 -0.75184 0 0.75184 0.659346 0 0 0 1 Part 4.ldr
1 72 180 -32 0 1 0 0 0 1 0 0 0 1 3795.dat
1 72 220 -40 -10 1 0 0 0 1 0 0 0 1 99780.dat
1 72 130 -96 0 0 0 -1 0 1 0 1 0 0 44728.dat
1 72 210 -80 0 0 0 1 0 1 0 -1 0 0 2432.dat
1 72 -140 -80 30 1 0 0 0 1 0 0 0 1 2432.dat
1 72 -190 -88 0 0 0 -1 0 1 0 1 0 0 2432.dat
1 72 -140 -80 -30 -1 0 0 0 1 0 0 0 -1 2432.dat
1 72 220 -40 10 -1 0 0 0 1 0 0 0 -1 99780.dat
1 72 120 -40 0 1 0 0 0 1 0 0 0 1 3795.dat
1 72 -300 -32 -10 0 0 1 0 1 0 -1 0 0 61409.dat
1 72 -300 -32 10 0 0 1 0 1 0 -1 0 0 61409.dat
1 28 130 -88 0 0 0 1 0 1 0 -1 0 0 3678b.dat
1 28 -130 -48 -30 1 0 0 0 1 0 0 0 1 3040b.dat
1 28 -130 -48 30 -1 0 0 0 1 0 0 0 -1 3040b.dat
1 28 50 -32 0 0 0 1 0 1 0 -1 0 0 3069b.dat
1 28 100 -42 80 1 0 0 0 0 1 0 -1 0 3069b.dat
1 28 100 -42 -80 1 0 0 0 0 -1 0 1 0 3069b.dat
1 28 -240 -72 0 0 0 1 0 1 0 -1 0 0 47753.dat
1 28 -180 -56 -30 1 0 0 0 1 0 0 0 1 3069b.dat
1 28 -180 -56 30 1 0 0 0 1 0 0 0 1 3069b.dat
1 28 -20 -24 -50 1 0 0 0 1 0 0 0 1 6583.dat
1 28 -20 -24 50 -1 0 0 0 1 0 0 0 -1 6583.dat
1 19 -160 -8 0 1 0 0 0 1 0 0 0 1 3020.dat
1 19 140 -24 0 0 0 -1 0 1 0 1 0 0 3020.dat
1 72 -100 -8 40 0 0 -1 0 1 0 1 0 0 2429.dat
1 72 -140.279 0 -59.99 0 0 1 0 1 0 -1 0 0 Part 3.ldr
1 72 -80 -16 10 1 0 0 0 1 0 0 0 1 32064b.dat
1 72 -80 -16 -10 1 0 0 0 1 0 0 0 1 32064b.dat
1 4 -80 -6 -20 0 0 -1 0 1 0 1 0 0 32062.dat
1 71 -80 -6 -50 -1 0 0 0 1 0 0 0 -1 32013.dat
1 71 -90 -6 -50 -1 0 0 0 1 0 0 0 -1 61184.dat
1 70 -114 -6 -50 0 1 0 1 0 0 0 0 -1 4589.dat
1 0 150 -16 0 0 0 -1 0 1 0 1 0 0 3747b.dat
1 0 -160 -16 0 0 0 1 0 1 0 -1 0 0 43713.dat
1 0 70 -32 0 0 0 1 0 1 0 -1 0 0 3023.dat
1 0 90 -64 10 0.707107 0 0.707107 0 1 0 -0.707107 0 0.707107 4599b.dat
1 0 90 -64 -10 -0.707107 0 0.707107 0 1 0 -0.707107 0 -0.707107 4599b.dat
1 0 190 -40 0 0 0 1 0 1 0 -1 0 0 3023.dat
1 0 -130 -32 0 0 0 1 0 1 0 -1 0 0 3023.dat
1 0 -170 8 0 0 0 1 0 1 0 -1 0 0 3023.dat
1 0 80 8 -30 1 0 0 0 1 0 0 0 1 3023.dat
1 0 80 8 30 1 0 0 0 1 0 0 0 1 3023.dat
1 0 -190 -56 0 0 0 1 0 1 0 -1 0 0 3023.dat
1 71 -120 0 10 0 0 -1 0 1 0 1 0 0 3021.dat
1 71 190 -48 0 -1 0 0 0 1 0 0 0 -1 3021.dat
1 71 -70 -48 0 0 0 1 0 1 0 -1 0 0 3938.dat
1 71 130 -104 0 0 0 1 0 1 0 -1 0 0 2412b.dat
1 71 152 -66 0 0 -1 0 0 0 1 -1 0 0 2412b.dat
1 71 152 -86 -10 0 -1 0 0.707107 0 0.707107 -0.707107 0 0.707107 4592.dat
1 71 152 -86 10 0 -1 0 -0.707107 0 0.707107 -0.707107 0 -0.707107 4592.dat
1 0 152 -86 10 0 -0.382683 0.92388 -0.707107 0.653281 0.270598 -0.707107 -0.653281 -0.270598 4593.dat
1 0 152 -86 -10 0 -0.382683 0.92388 0.707107 0.653281 0.270598 -0.707107 0.653281 0.270598 4593.dat
1 71 -120 -16 10 0 0 -1 0 1 0 1 0 0 3021.dat
1 71 140 -24 50 -1 0 0 0 1 0 0 0 -1 60471.dat
1 71 100 -32 20 -1 0 0 0 1 0 0 0 -1 3956.dat
1 71 100 -32 -20 1 0 0 0 1 0 0 0 1 3956.dat
1 71 140 -24 -50 1 0 0 0 1 0 0 0 1 60471.dat
1 71 140 -21.737 -91.539 1 0 0 0 0.92388 -0.382683 0 0.382683 0.92388 Part 8.ldr
1 71 140 -21.737 91.539 -1 0 0 0 0.92388 -0.382683 0 -0.382683 -0.92388 Part 7.ldr
1 0 120 -16 -10 1 0 0 0 1 0 0 0 1 3747b.dat
1 0 120 -16 10 -1 0 0 0 1 0 0 0 -1 3747b.dat
1 0 0 -16 0 -1 0 0 0 1 0 0 0 -1 2456.dat
1 70 80 -16 20 -1 0 0 0 1 0 0 0 -1 6143.dat
1 70 80 -16 -20 -1 0 0 0 1 0 0 0 -1 6143.dat
1 47 80 16 -20 -1 0 0 0 1 0 0 0 -1 6143.dat
1 47 80 16 20 -1 0 0 0 1 0 0 0 -1 6143.dat
1 47 80 40 -20 -1 0 0 0 1 0 0 0 -1 6143.dat
1 47 -160 16 0 -1 0 0 0 1 0 0 0 -1 6143.dat
1 47 -160 40 0 -1 0 0 0 1 0 0 0 -1 6143.dat
1 47 80 40 20 -1 0 0 0 1 0 0 0 -1 6143.dat
1 70 -110 -8 -10 -1 0 0 0 1 0 0 0 -1 4073.dat
1 70 110 -24 -50 -1 0 0 0 1 0 0 0 -1 4073.dat
1 70 110 -24 50 -1 0 0 0 1 0 0 0 -1 4073.dat
1 70 200 -24 0 0 0 -1 0 1 0 1 0 0 3032.dat
1 70 100 -42 -72 0 0 -1 -1 0 0 0 1 0 41750.dat
1 70 100 -42 72 0 0 -1 1 0 0 0 -1 0 41749.dat
1 70 140 -32 40 0 0 -1 0 1 0 1 0 0 3068b.dat
1 70 140 -32 -40 0 0 -1 0 1 0 1 0 0 3068b.dat
1 70 -200 -32 0 0 0 -1 0 1 0 1 0 0 3068b.dat
1 70 -180 -48 0 0 0 1 0 1 0 -1 0 0 87615.dat
1 4 -160 -40 30 1 0 0 0 1 0 0 0 1 47457.dat
1 4 -160 -40 -30 -1 0 0 0 1 0 0 0 -1 47457.dat
1 70 -210 -8 -10 -1 0 0 0 1 0 0 0 -1 4073.dat
1 70 -210 -8 10 -1 0 0 0 1 0 0 0 -1 4073.dat
1 1 -210 -16 0 0 0 1 0 1 0 -1 0 0 3023.dat
1 70 -130 -8 30 -1 0 0 0 1 0 0 0 -1 4073.dat
0
0 FILE Part 3.ldr
0 Part 3
0 Name: Part 3.ldr
0 Author: LDraw
0 Unofficial Model
0 ROTATION CENTER 0 0 0 1 "Custom" 
0 ROTATION CONFIG 0 0
1 72 -100 -8 140 0 0 -1 0 1 0 1 0 0 3795.dat
1 72 -100 8 90 -1 0 0 0 1 0 0 0 -1 60478.dat
1 28 -110 -16 100 0 0 -1 0 1 0 1 0 0 6636.dat
1 28 -90 -16 100 0 0 -1 0 1 0 1 0 0 6636.dat
1 28 -100 -16 190 -1 0 0 0 1 0 0 0 -1 3069b.dat
1 72 -100 -8 40 0 0 -1 0 1 0 1 0 0 2430.dat
1 71 -100 0 70 0 0 -1 0 1 0 1 0 0 3021.dat
0
0 FILE Part 4.ldr
0 Part 4
0 Name: Part 4.ldr
0 Author: LDraw
0 Unofficial Model
0 ROTATION CENTER 0 0 0 1 "Custom" 
0 ROTATION CONFIG 0 0
1 0 230 -64 0 0 0 -1 0 1 0 1 0 0 6134.dat
1 70 230 -80 0 0 0 1 0 1 0 -1 0 0 47456.dat
0
0 FILE Part 5.ldr
0 Part 5
0 Name: Part 5.ldr
0 Author: LDraw
0 Unofficial Model
0 ROTATION CENTER 0 0 0 1 "Custom" 
0 ROTATION CONFIG 0 0
1 72 -20 8 0 1 0 0 0 1 0 0 0 1 99780.dat
1 71 -20 -24 0 1 0 0 0 1 0 0 0 1 2436b.dat
1 70 -20 -16 0 1 0 0 0 1 0 0 0 1 3700.dat
1 70 -10 -14 -22 0 0 1 1 0 0 0 1 0 30357.dat
1 70 -30 -14 -22 -1 0 0 0 0 1 0 1 0 30357.dat
1 0 -20 6 -30 -1 0 0 0 0 1 0 1 0 3023.dat
1 28 -20 -4 -38 -1 0 0 0 0 1 0 1 0 4150.dat
1 0 -38 -34 -28 0 1 0 0 0 1 1 0 0 63965.dat
1 0 -2 -34 -28 0 -1 0 0 0 1 -1 0 0 63965.dat
1 72 -30 -14 -30 -1 0 0 0 0 1 0 1 0 4081b.dat
1 72 -80 -14 -30 -1 0 0 0 0 1 0 1 0 2431.dat
1 72 -10 -14 -30 -1 0 0 0 0 1 0 1 0 4081b.dat
0
0 FILE Part 6.ldr
0 Part 6
0 Name: Part 6.ldr
0 Author: LDraw
0 Unofficial Model
0 ROTATION CENTER 0 0 0 1 "Custom" 
0 ROTATION CONFIG 0 0
1 72 -20 8 0 1 0 0 0 1 0 0 0 1 99780.dat
1 71 -20 -24 0 1 0 0 0 1 0 0 0 1 2436b.dat
1 70 -20 -16 0 1 0 0 0 1 0 0 0 1 3700.dat
1 70 -10 -14 -22 0 0 1 1 0 0 0 1 0 30357.dat
1 70 -30 -14 -22 -1 0 0 0 0 1 0 1 0 30357.dat
1 0 -20 6 -30 -1 0 0 0 0 1 0 1 0 3023.dat
1 28 -20 -4 -38 -1 0 0 0 0 1 0 1 0 4150.dat
1 0 -38 -34 -28 0 1 0 0 0 1 1 0 0 63965.dat
1 0 -2 -34 -28 0 -1 0 0 0 1 -1 0 0 63965.dat
1 72 -30 -14 -30 -1 0 0 0 0 1 0 1 0 4081b.dat
1 72 40 -14 -30 -1 0 0 0 0 1 0 1 0 2431.dat
1 72 -10 -14 -30 -1 0 0 0 0 1 0 1 0 4081b.dat
0
0 FILE Part 7.ldr
0 Part 7
0 Name: Part 7.ldr
0 Author: LDraw
0 Unofficial Model
0 ROTATION CENTER 0 0 0 1 "Custom" 
0 ROTATION CONFIG 0 0
1 0 0 8 0 -1 0 0 0 1 0 0 0 -1 41532.dat
1 0 14.142 22.143 -20 0.707107 -0.707107 0 0.707107 0.707107 0 0 0 1 Part 5.ldr
0
0 FILE Part 8.ldr
0 Part 8
0 Name: Part 8.ldr
0 Author: LDraw
0 Unofficial Model
0 ROTATION CENTER 0 0 0 1 "Custom" 
0 ROTATION CONFIG 0 0
1 0 0 8 0 -1 0 0 0 1 0 0 0 -1 41532.dat
1 0 14.143 -6.142 -20 0.707107 0.707107 0 -0.707107 0.707107 0 0 0 1 Part 6.ldr
0 
0
0
