0 FILE Destroyer Droid.ldr
0 Destroyer Droid
0 Name: Destroyer Droid.ldr
0 Author: R Paluczak
0 Unofficial Model
0 ROTATION CENTER 77.0281 -110.573 -64.3471 1 "Custom" 
0 ROTATION CONFIG 0 0
1 0 -60 -56 0 1 0 0 0 1 0 0 0 1 Base.ldr
1 0 253.141 -193.425 -242.8 0.920505 0.390731 0 -0.390731 0.920505 0 0 0 1 Arms Left.ldr
1 0 -123.21 -130.891 -242.8 0.920505 -0.390731 0 0.390731 0.920505 0 0 0 1 Arms Right.ldr
1 0 -144.7 -70.422 -147.196 0 -0.927184 0.374607 0.992546 -0.0456531 -0.112995 0.121869 0.371814 0.920273 Shoulder 2.ldr
1 0 127.62 -90.258 -149.633 0 0.927184 -0.374607 -0.992546 -0.0456531 -0.112995 -0.121869 0.371814 0.920273 Shoulder.ldr
1 7 -84.4 -240 -123.2 0 0 1 0 1 0 -1 0 0 32123a.dat
1 7 65.6 -240 -123.2 0 0 1 0 1 0 -1 0 0 32123a.dat
1 7 -79.6 -201.3 -41.9 -1 0 0 0 1 0 0 0 -1 4274.dat
1 7 60.9 -201.3 -41.9 1 0 0 0 1 0 0 0 1 4274.dat
1 7 -79.6 -198.8 -61.9 -1 0 0 0 1 0 0 0 -1 4274.dat
1 7 60.9 -198.8 -61.9 1 0 0 0 1 0 0 0 1 4274.dat
1 4 -87.4 -200.4 -52.1 0 1 0 -0.121869 0 0.992546 0.992546 0 0.121869 30244.dat
1 4 68.6 -200.4 -52.1 0 -1 0 0.139173 0 0.990268 -0.990268 0 0.139173 30244.dat
1 8 -69.4 -203.827 -22.074 0 -1 0 -0.992546 0 0.121869 -0.121869 0 -0.992546 32348.dat
1 8 50.6 -203.827 -22.074 0 -1 0 -0.992546 0 0.121869 -0.121869 0 -0.992546 32348.dat
1 7 -59.4 -203.209 -22.874 -0.999892 -0.0146796 -0.000362329 -0.0146115 0.992197 0.123817 -0.00145808 0.123809 -0.992305 3749.dat
1 7 40.6 -203.209 -22.874 0.999892 0.0146796 0.000362329 -0.0146115 0.992197 0.123817 0.00145808 -0.123809 0.992305 3749.dat
1 0 -47.5 -252.101 30.446 0 0 -1 0.987688 -0.156434 0 -0.156434 -0.987688 0 Top.ldr
0
0 FILE Spine.ldr
0 Spine
0 Name: Spine.ldr
0 Author: R Paluczak
0 Unofficial Model
0 ROTATION CENTER 0 0 0 1 "Custom" 
0 ROTATION CONFIG 0 0
1 8 -50 16 0 0 1 0 -1 0 0 0 0 1 32009.dat
1 8 -20.1 16 -60 0 0 -1 -1 0 0 0 1 0 6538a.dat
1 8 -40.1 -144 0 0 -1 0 -1 0 0 0 0 -1 6538a.dat
1 8 -0.1 -144 0 0 -1 0 -1 0 0 0 0 -1 6538a.dat
1 8 10 16 0 0 1 0 -1 0 0 0 0 1 32009.dat
0 MLCAD BTG Group name
1 8 21.202 72.569 28.284 0 -1 0 -0.707107 0 -0.707107 0.707107 0 -0.707107 32140.dat
0 MLCAD BTG Group name
1 8 21.202 85.951 13.421 0 1 0 0.669131 0 -0.743145 -0.743145 0 -0.669131 33299.dat
0 MLCAD BTG Group name
1 8 41.202 85.951 13.421 0 1 0 -0.743145 0 -0.669131 -0.669131 0 0.743145 32140.dat
0 MLCAD BTG Group name
1 8 -78.798 85.951 13.421 0 1 0 -0.743145 0 -0.669131 -0.669131 0 0.743145 32140.dat
0 MLCAD BTG Group name
1 8 -58.799 72.569 28.285 0 -1 0 -0.707107 0 -0.707107 0.707107 0 -0.707107 32140.dat
0 MLCAD BTG Group name
1 8 23.8 72.569 28.284 1 0 0 0 -0.615661 -0.788011 0 0.788011 -0.615661 6587.dat
0 MLCAD BTG Group name
1 8 -60.2 72.569 28.284 -1 0 0 0 -0.669131 0.743145 0 0.743145 0.669131 6587.dat
1 8 20 -104 0 0 0 -1 0 1 0 1 0 0 6536.dat
1 8 40 -104 20 0 0 -1 0 1 0 1 0 0 6536.dat
1 8 -80 -104 20 0 0 -1 0 1 0 1 0 0 6536.dat
1 8 -20 -104 -14.9 -1 0 0 0 0 1 0 1 0 2905.dat
1 8 -40 -144.1 25.1 -1 0 0 0 0 1 0 1 0 6632.dat
1 8 -40 -144.1 -24.9 -1 0 0 0 0 1 0 1 0 6632.dat
1 8 0 -144.1 -24.9 -1 0 0 0 0 1 0 1 0 6632.dat
1 8 0 -144.1 25.1 -1 0 0 0 0 1 0 1 0 6632.dat
1 8 -40 -104.1 35.1 0 0 -1 -1 0 0 0 1 0 32056.dat
1 8 -40 -104.1 35.2 0 0 -1 -1 0 0 0 1 0 32056.dat
1 8 0 -104.1 35.1 0 0 1 -1 0 0 0 -1 0 32056.dat
1 8 0 -104.1 45.1 0 0 1 1 0 0 0 1 0 6632.dat
1 8 -80 -104.1 45.1 0 0 1 1 0 0 0 1 0 6632.dat
1 8 -20 -104 15.1 -1 0 0 0 0 1 0 1 0 2905.dat
1 8 -60 -104 0 0 0 -1 0 1 0 1 0 0 6536.dat
1 8 30 16 -140 0 1 0 -1 0 0 0 0 1 32316.dat
1 8 -70 16 -140 0 1 0 -1 0 0 0 0 1 32316.dat
1 8 -35 16 0 0 1 0 0 0 -1 -1 0 0 32250.dat
1 8 -5 16 0 0 1 0 0 0 -1 -1 0 0 32250.dat
1 0 -19.4 -64 0 -1 0 0 0 -1 0 0 0 1 3705.dat
1 0 20 -104 0 0 0 -1 0 -1 0 -1 0 0 32062.dat
1 0 40 -104 30 0 0 -1 0 -1 0 -1 0 0 32062.dat
0 MLCAD BTG Group name
1 0 30 85.951 13.421 -1 0 0 0 -0.669131 0.743145 0 0.743145 0.669131 32062.dat
0 MLCAD BTG Group name
1 8 -58.798 85.951 13.421 0 -1 0 -0.669131 0 -0.743145 0.743145 0 -0.669131 33299.dat
0 MLCAD BTG Group name
1 0 -67.596 85.951 13.421 1 0 0 0 0.669131 0.743145 0 -0.743145 0.669131 32062.dat
0 GROUP 10 Group name
1 0 0 -144 -20 0 0 -1 0 -1 0 -1 0 0 32062.dat
1 0 0 -104 -10 0 0 -1 0 -1 0 -1 0 0 3706.dat
1 0 -40 -104 -10 0 0 -1 0 -1 0 -1 0 0 3706.dat
1 0 -40 -144 -20 0 0 -1 0 -1 0 -1 0 0 32062.dat
1 0 -80 -104 30 0 0 -1 0 -1 0 -1 0 0 32062.dat
1 0 -60 -104 0 0 0 -1 0 -1 0 -1 0 0 32062.dat
1 0 -19.4 -83.9 0 -1 0 0 0 -1 0 0 0 1 32073.dat
1 0 -19.4 -24 0 -1 0 0 0 -1 0 0 0 1 3705.dat
1 0 -20 -4.1 0 -1 0 0 0 -1 0 0 0 1 32184.dat
1 0 -19.4 -123.8 0 -1 0 0 0 -1 0 0 0 1 4519.dat
1 0 -40 -144.1 30 0 0 -1 0 -1 0 -1 0 0 4519.dat
1 0 0 -144.1 30 0 0 -1 0 -1 0 -1 0 0 4519.dat
1 0 -40 -103.9 0 -1 0 0 0 -1 0 0 0 1 32184.dat
1 0 0 -103.9 0 -1 0 0 0 -1 0 0 0 1 32184.dat
1 0 -19.4 16 -40 -1 0 0 0 -1 0 0 0 1 3705.dat
1 0 20.6 16 -60 1 0 0 0 -1 0 0 0 -1 3705.dat
1 0 -70 16 -140 -1 0 0 0 -1 0 0 0 1 6558.dat
1 0 30 16 -140 1 0 0 0 -1 0 0 0 -1 6558.dat
1 0 50 -84 20 -1 0 0 0 -1 0 0 0 1 6628.dat
1 0 -90 -84 20 1 0 0 0 -1 0 0 0 -1 6628.dat
1 0 20 16 -120 1 0 0 0 -1 0 0 0 -1 2780.dat
1 0 40 16 -180 1 0 0 0 -1 0 0 0 -1 2780.dat
1 0 -80 16 -180 1 0 0 0 -1 0 0 0 -1 2780.dat
1 0 -60 16 -120 1 0 0 0 -1 0 0 0 -1 2780.dat
1 7 -60 16 -160 1 0 0 0 -1 0 0 0 -1 3749.dat
1 7 20 16 -160 -1 0 0 0 -1 0 0 0 1 3749.dat
1 0 -59.4 16 -60 -1 0 0 0 -1 0 0 0 1 3705.dat
1 0 -20 -64 0 0 1 0 0 0 -1 -1 0 0 32140.dat
1 0 -20 16 0 -1 0 0 0 -0.707107 0.707107 0 0.707107 0.707107 3706.dat
1 7 -45 16 0 0 0 1 0 -1 0 1 0 0 32123b.dat
1 7 -65 16 -60 0 0 1 0 -1 0 1 0 0 32123b.dat
1 7 -75 16 0 0 0 1 0 -1 0 1 0 0 32123b.dat
1 7 25 16 -60 0 0 1 0 -1 0 1 0 0 32123b.dat
1 7 35 16 0 0 0 1 0 -1 0 1 0 0 32123b.dat
1 7 -0.1 -144 -35.1 -1 0 0 0 -1 0 0 0 1 32123b.dat
1 7 -40.1 -144 -35.1 -1 0 0 0 -1 0 0 0 1 32123b.dat
1 7 -5 16 0 0 0 1 0 -1 0 1 0 0 32123b.dat
1 7 -20 16 -40 0 0 1 0 -1 0 1 0 0 3713.dat
1 7 -40 -144 50 -1 0 0 0 -1 0 0 0 1 3713.dat
1 7 0 -144 50 -1 0 0 0 -1 0 0 0 1 3713.dat
0
0 FILE Base.ldr
0 Base
0 Name: Base.ldr
0 Author: R Paluczak
0 Unofficial Model
0 ROTATION CENTER 121.876 -18.1488 -175.386 1 "Custom" 
0 ROTATION CONFIG 0 1
1 0 51.383 56 -246.357 0 0 -1 1 0 0 0 -1 0 32063.dat
1 0 51.383 55.999 -238.357 0 0 -1 1 0 0 0 -1 0 32063.dat
1 0 51.383 35.999 -223.458 -1 0 0 0 0 -1 0 -1 0 32062.dat
1 0 51.383 16 -263.556 -1 0 0 0 0 -1 0 -1 0 4519.dat
1 0 51.383 -24 -263.556 -1 0 0 0 0 -1 0 -1 0 4519.dat
1 6 51.383 -24 -263.556 -1 0 0 0 0 -1 0 -1 0 75535.dat
1 6 51.383 -24 -183.256 0 0 1 -1 0 0 0 -1 0 6538a.dat
1 7 71.383 -24.2 -183.256 -1 0 0 0 0 -1 0 -1 0 3749.dat
1 7 31.383 -24.2 -183.256 1 0 0 0 0 -1 0 1 0 3749.dat
1 6 51.383 -24 -303.556 -1 0 0 0 0 -1 0 -1 0 75535.dat
1 6 31.383 -30 -322.856 -1 0 0 0 0 -1 0 -1 0 75535.dat
1 6 71.383 -30 -322.856 -1 0 0 0 0 -1 0 -1 0 75535.dat
0 MLCAD BTG Group name
1 6 1.383 -29.944 -322.454 0 1 0 -0.956305 0 0.292372 0.292372 0 0.956305 32271.dat
0 MLCAD BTG Group name
1 8 11.383 5.141 -207.7 1 0 0 0 0.956305 0.292372 0 -0.292372 0.956305 32002.dat
0 MLCAD BTG Group name
1 0 51.283 -29.944 -322.454 1 0 0 0 0.956305 0.292372 0 -0.292372 0.956305 3706.dat
0 MLCAD BTG Group name
1 7 -6.617 -18.349 -175.418 1 0 0 0 0.587785 0.809017 0 -0.809017 0.587785 2736.dat
0 GROUP 4 Group name
1 0 51.383 -4 -223.458 -1 0 0 0 0 1 0 1 0 32062.dat
1 7 51.383 35.999 -183.257 0 0 -1 1 0 0 0 -1 0 3713.dat
1 7 51.383 16.001 -223.358 -1 0 0 0 1 0 0 0 -1 3673.dat
1 7 61.383 16.199 -263.357 0 -1 0 1 0 0 0 0 1 2825.dat
1 7 41.383 16.199 -263.357 0 1 0 -1 0 0 0 0 1 2825.dat
1 0 51.383 35.999 -183.358 -1 0 0 0 0 -1 0 -1 0 3706.dat
1 0 101.383 -20.001 -173.257 0 0 1 0 1 0 -1 0 0 Bottom 1.ldr
1 0 -52.317 59.999 -317.257 0.920505 0 0.390731 0 1 0 -0.390731 0 0.920505 Leg 1.ldr
1 0 51.383 -24.001 -303.558 -1 0 0 0 -0.0174524 -0.999848 0 -0.999848 0.0174524 3706.dat
1 7 86.383 -24.001 -303.357 0 0 1 -1 0 0 0 -1 0 32123b.dat
1 7 16.383 -24.001 -303.357 0 0 1 -1 0 0 0 -1 0 32123b.dat
1 0 61.383 56.001 -232.356 0 0 -1 0 -1 0 -1 0 0 2780.dat
1 0 41.383 56.001 -232.356 0 0 -1 0 -1 0 -1 0 0 2780.dat
1 8 51.383 35.999 -223.458 1 0 0 0 1 0 0 0 1 32291.dat
1 8 51.483 -3.901 -223.356 1 0 0 0 0 -1 0 1 0 6536.dat
1 8 76.283 -23.997 -263.558 0 -1 0 0 0 1 -1 0 0 32056.dat
1 8 26.283 -23.997 -263.558 0 -1 0 0 0 1 -1 0 0 32056.dat
1 6 -38.817 69.298 -177.229 0 -1 0 -0.996195 0 0.0871557 -0.0871557 0 -0.996195 32316.dat
1 6 141.183 69.298 -177.229 0 -1 0 -0.996195 0 0.0871557 -0.0871557 0 -0.996195 32316.dat
1 8 121.483 35.9 -203.558 0 1 0 0.34202 0 0.939693 0.939693 0 -0.34202 33299.dat
1 8 -18.517 35.9 -203.558 0 -1 0 -0.34202 0 0.939693 -0.939693 0 -0.34202 33299.dat
0 MLCAD BTG Group name2
1 8 -18.617 -0.104 -226.891 0 1 0 0.406737 0 0.913545 0.913545 0 -0.406737 33299.dat
0 MLCAD BTG Group name2
1 7 -8.617 -0.104 -226.891 -1 0 0 0 0.406737 0.913545 0 0.913545 -0.406737 3749.dat
0 GROUP 2 Group name2
1 6 101.383 -29.944 -322.454 0 1 0 -0.956305 0 0.292372 0.292372 0 0.956305 32271.dat
1 8 91.383 5.106 -208.84 -1 0 0 0 0.956305 0.292372 0 0.292372 -0.956305 32002.dat
1 7 109.483 -18.349 -175.418 -1 0 0 0 0.587785 0.809017 0 0.809017 -0.587785 2736.dat
1 8 121.383 -0.104 -226.891 0 -1 0 -0.358368 0 0.93358 -0.93358 0 -0.358368 33299.dat
1 7 111.383 -0.104 -226.891 1 0 0 0 0.406737 0.913545 0 -0.913545 0.406737 3749.dat
1 8 66.283 35.999 -223.358 0 -1 0 0 0 -1 1 0 0 32056.dat
1 8 81.383 35.999 -183.157 0 -1 0 0 0 -1 1 0 0 32140.dat
1 8 36.283 35.999 -223.358 0 -1 0 0 0 -1 1 0 0 32056.dat
1 0 81.383 56.001 -232.356 0 0 -1 0 -1 0 -1 0 0 6628.dat
1 0 21.383 56.001 -232.356 0 0 -1 0 -1 0 -1 0 0 6628.dat
1 8 21.383 35.999 -183.157 0 -1 0 0 0 -1 1 0 0 32140.dat
1 8 101.383 -34.182 -111.675 -1 0 0 0 0.93358 -0.358368 0 -0.358368 -0.93358 Bottom 4.ldr
1 8 36.4 -115.654 -143.183 -1 0 0 0 1 0 0 0 -1 Trigger.ldr
1 8 220.203 59.69 -291.571 0.927184 0 -0.374607 0 1 0 0.374607 0 0.927184 Leg 2.ldr
1 7 111.383 36.097 -203.308 1 0 0 0 -0.939693 -0.34202 0 0.34202 -0.939693 3749.dat
1 7 -8.617 36.097 -203.308 -1 0 0 0 -0.939693 0.34202 0 0.34202 0.939693 3749.dat
1 7 131.283 71.097 -197.208 -1 0 0 0 -0.999848 0.0174524 0 0.0174524 0.999848 3749.dat
1 7 -28.717 71.097 -197.208 1 0 0 0 -0.999848 0.0174524 0 -0.0174524 -0.999848 3749.dat
1 0 51.283 71.116 -197.408 1 0 0 0 -0.999848 0.0174524 0 -0.0174524 -0.999848 3706.dat
1 8 -8.717 70.716 -197.008 0 0 1 0 -1 0 1 0 0 6538a.dat
1 8 111.283 70.716 -197.008 0 0 1 0 -1 0 1 0 0 6538a.dat
1 7 -18.617 18.178 -235.064 1 0 0 0 -0.939693 0.34202 0 -0.34202 -0.939693 2736.dat
1 7 121.483 18.178 -235.064 -1 0 0 0 -0.939693 0.34202 0 0.34202 0.939693 2736.dat
1 7 71.381 -241.56 -151.718 1 0 0 0 -0.121869 -0.992546 0 0.992546 -0.121869 Spine 2.ldr
1 7 31.381 42.834 -42.639 -1 0 0 0 0.766044 0.642788 0 0.642788 -0.766044 Base 7.ldr
1 7 31.381 -228.516 -0.607 -1 0 0 0 -0.0348992 -0.999391 0 -0.999391 0.0348992 Spine 3.ldr
1 8 121.864 -18.606 -174.936 -0.0951869 0.956305 -0.276443 -0.311342 -0.292372 -0.904204 -0.945519 0 0.325568 2739a.dat
1 8 -18.136 -18.906 -174.936 0.0951869 -0.956305 0.276443 0.369266 -0.22397 -0.901932 0.924436 0.187933 0.331811 2739a.dat
0
0 FILE Leg 1.ldr
0 Leg 1
0 Name: Leg 1.ldr
0 Author: R Paluczak
0 Unofficial Model
0 ROTATION CENTER 0 0 0 1 "Custom" 
0 ROTATION CONFIG 0 0
1 8 -50 16 0 0 1 0 0 0 -1 -1 0 0 32249.dat
1 8 -20 16 0 0 1 0 0 0 -1 -1 0 0 32249.dat
1 8 15 -24.2 0 0 1 0 0 0 -1 -1 0 0 32014.dat
1 8 14.9 15.9 0 0 0 1 -1 0 0 0 -1 0 32016.dat
0 MLCAD BTG Group name2
1 8 -20 15.798 -80.216 0 1 0 0.913545 0 -0.406737 -0.406737 0 -0.913545 6632.dat
0 MLCAD BTG Group name2
1 8 -50 15.798 -80.216 0 1 0 0.913545 0 -0.406737 -0.406737 0 -0.913545 6632.dat
1 8 -35 16 0 0 1 0 1 0 0 0 0 -1 32271.dat
1 8 -34 64 -156.1 1 0 0 0 0.601815 -0.798636 0 0.798636 0.601815 32310.dat
1 0 -34 47.9629 -144.116 1 0 0 0 0.601815 -0.798636 0 0.798636 0.601815 32062.dat
0 MLCAD BTG Group name
1 8 -35 -24.11 0.59 -1 0 0 0 -0.981627 -0.190809 0 -0.190809 0.981627 32013.dat
0 MLCAD BTG Group name
1 8 -35 -1.219 -117.205 -1 0 0 0 0.981627 0.190809 0 0.190809 -0.981627 32013.dat
0 MLCAD BTG Group name
1 0 -35 -12.552 -58.897 0 0 1 0.190809 0.981627 0 -0.981627 0.190809 0 32073.dat
1 0 -24.9 -24 0 -1 0 0 0 0 -1 0 -1 0 4519.dat
1 0 -24.9 16 0 -1 0 0 0 0 -1 0 -1 0 4519.dat
1 0 -35.3 16 -40 -1 0 0 0 0 -1 0 -1 0 32062.dat
0 MLCAD BTG Group name2
1 0 -35.3 15.919 -79.942 -1 0 0 0 0.913545 -0.406737 0 -0.406737 -0.913545 32062.dat
0 MLCAD BTG Group name2
1 0 -35.3 -0.349 -116.483 -1 0 0 0 0.913545 -0.406737 0 -0.406737 -0.913545 32062.dat
0 GROUP 4 Group name2
0 MLCAD BTG Group name
0 SYNTH BEGIN TECHNIC_RIBBED_HOSE 7
0 SYNTH SHOW
0 MLCAD HIDE 1 0 -35.5 -6.962 -87.661 0 0 1 -0.981627 0.190809 0 -0.190809 -0.981627 0 LS03.dat
0 MLCAD HIDE 1 0 -35.5 -19.382 -23.755 0 0 1 -0.981627 0.190809 0 -0.190809 -0.981627 0 LS03.dat
0 SYNTH SYNTHESIZED BEGIN
0 MLCAD BTG Group name
1 7 -35.5 -7.439 -85.206 -1 0 0 0 0.190809 -0.981627 0 -0.981627 -0.190809 79.dat
0 MLCAD BTG Group name
1 7 -35.5 -8.488 -79.803 -1 0 0 0 -0.190809 -0.981627 0 0.981627 -0.190809 80.dat
0 MLCAD BTG Group name
1 7 -35.5 -9.537 -74.4 -1 0 0 0 -0.190809 -0.981627 0 0.981627 -0.190809 80.dat
0 MLCAD BTG Group name
1 7 -35.5 -10.588 -69 -1 0 0 0 -0.190809 -0.981627 0 0.981627 -0.190809 80.dat
0 MLCAD BTG Group name
1 7 -35.5 -11.638 -63.597 -1 0 0 0 -0.190809 -0.981627 0 0.981627 -0.190809 80.dat
0 MLCAD BTG Group name
1 7 -35.5 -12.687 -58.198 -1 0 0 0 -0.190809 -0.981627 0 0.981627 -0.190809 80.dat
0 MLCAD BTG Group name
1 7 -35.5 -13.737 -52.793 -1 0 0 0 -0.190809 -0.981627 0 0.981627 -0.190809 80.dat
0 MLCAD BTG Group name
1 7 -35.5 -14.79 -47.387 -1 0 0 0 -0.190809 -0.981627 0 0.981627 -0.190809 80.dat
0 MLCAD BTG Group name
1 7 -35.5 -15.84 -41.985 -1 0 0 0 -0.190809 -0.981627 0 0.981627 -0.190809 80.dat
0 MLCAD BTG Group name
1 7 -35.5 -16.89 -36.584 -1 0 0 0 -0.190809 -0.981627 0 0.981627 -0.190809 80.dat
0 MLCAD BTG Group name
1 7 -35.5 -17.939 -31.183 -1 0 0 0 -0.190809 -0.981627 0 0.981627 -0.190809 79.dat
0 SYNTH SYNTHESIZED END
0 SYNTH SYNTHESIZED BEGIN
0 GROUP 15 Group name
0 SYNTH SYNTHESIZED END
0 SYNTH SYNTHESIZED BEGIN
0 SYNTH SYNTHESIZED END
0 SYNTH SYNTHESIZED BEGIN
0 SYNTH SYNTHESIZED END
0 SYNTH SYNTHESIZED BEGIN
0 SYNTH SYNTHESIZED END
0 SYNTH END
0
0 FILE Leg 2.ldr
0 Leg 2
0 Name: Leg 2.ldr
0 Author: R Paluczak
0 Unofficial Model
0 ROTATION CENTER 0 0 0 1 "Custom" 
0 ROTATION CONFIG 0 0
1 8 -50 16 0 0 1 0 0 0 -1 -1 0 0 32249.dat
1 8 -20 16 0 0 1 0 0 0 -1 -1 0 0 32249.dat
1 8 -85.2 -24.2 0 0 -1 0 0 0 -1 1 0 0 32014.dat
1 8 -85.1 15.9 0 0 0 -1 1 0 0 0 -1 0 32016.dat
1 8 -20 15.798 -80.216 0 1 0 0.913545 0 -0.406737 -0.406737 0 -0.913545 6632.dat
1 8 -50 15.798 -80.216 0 1 0 0.913545 0 -0.406737 -0.406737 0 -0.913545 6632.dat
1 8 -35 16 0 0 1 0 1 0 0 0 0 -1 32271.dat
1 8 -34 64 -156.1 1 0 0 0 0.601815 -0.798636 0 0.798636 0.601815 32310.dat
1 0 -34 47.9629 -144.116 1 0 0 0 0.601815 -0.798636 0 0.798636 0.601815 32062.dat
1 8 -35 -24.11 0.59 -1 0 0 0 -0.981627 -0.190809 0 -0.190809 0.981627 32013.dat
1 8 -35 -1.219 -117.205 -1 0 0 0 0.981627 0.190809 0 0.190809 -0.981627 32013.dat
1 0 -35 -12.552 -58.897 0 0 1 0.190809 0.981627 0 -0.981627 0.190809 0 32073.dat
1 0 -44.9 -24 0 -1 0 0 0 0 -1 0 -1 0 4519.dat
1 0 -44.9 16 0 -1 0 0 0 0 -1 0 -1 0 4519.dat
1 0 -35.3 16 -40 -1 0 0 0 0 -1 0 -1 0 32062.dat
1 0 -35.3 15.919 -79.942 -1 0 0 0 0.913545 -0.406737 0 -0.406737 -0.913545 32062.dat
1 0 -35.3 -0.349 -116.483 -1 0 0 0 0.913545 -0.406737 0 -0.406737 -0.913545 32062.dat
0 SYNTH BEGIN TECHNIC_RIBBED_HOSE 7
0 SYNTH SHOW
0 MLCAD HIDE 1 0 -35.5 -6.962 -87.661 0 0 1 -0.981627 0.190809 0 -0.190809 -0.981627 0 LS03.dat
0 MLCAD HIDE 1 0 -35.5 -19.382 -23.755 0 0 1 -0.981627 0.190809 0 -0.190809 -0.981627 0 LS03.dat
0 SYNTH SYNTHESIZED BEGIN
1 7 -35.5 -7.439 -85.206 -1 0 0 0 0.190809 -0.981627 0 -0.981627 -0.190809 79.dat
1 7 -35.5 -8.488 -79.803 -1 0 0 0 -0.190809 -0.981627 0 0.981627 -0.190809 80.dat
1 7 -35.5 -9.537 -74.4 -1 0 0 0 -0.190809 -0.981627 0 0.981627 -0.190809 80.dat
1 7 -35.5 -10.588 -69 -1 0 0 0 -0.190809 -0.981627 0 0.981627 -0.190809 80.dat
1 7 -35.5 -11.638 -63.597 -1 0 0 0 -0.190809 -0.981627 0 0.981627 -0.190809 80.dat
1 7 -35.5 -12.687 -58.198 -1 0 0 0 -0.190809 -0.981627 0 0.981627 -0.190809 80.dat
1 7 -35.5 -13.737 -52.793 -1 0 0 0 -0.190809 -0.981627 0 0.981627 -0.190809 80.dat
1 7 -35.5 -14.79 -47.387 -1 0 0 0 -0.190809 -0.981627 0 0.981627 -0.190809 80.dat
1 7 -35.5 -15.84 -41.985 -1 0 0 0 -0.190809 -0.981627 0 0.981627 -0.190809 80.dat
1 7 -35.5 -16.89 -36.584 -1 0 0 0 -0.190809 -0.981627 0 0.981627 -0.190809 80.dat
1 7 -35.5 -17.939 -31.183 -1 0 0 0 -0.190809 -0.981627 0 0.981627 -0.190809 79.dat
0 SYNTH SYNTHESIZED END
0 SYNTH SYNTHESIZED BEGIN
0 SYNTH SYNTHESIZED END
0 SYNTH SYNTHESIZED BEGIN
0 SYNTH SYNTHESIZED END
0 SYNTH SYNTHESIZED BEGIN
0 SYNTH SYNTHESIZED END
0 SYNTH SYNTHESIZED BEGIN
0 SYNTH SYNTHESIZED END
0 SYNTH END
0
0 FILE Bottom 1.ldr
0 Bottom 1
0 Name: Bottom 1.ldr
0 Author: R Paluczak
0 Unofficial Model
0 
0 
0 
0 
0 
0 
0 
0 
0 ROTATION CENTER 0 0 0 1 "Custom" 
0 ROTATION CONFIG 0 0
1 8 -50 56 0 0 0 -1 -1 0 0 0 1 0 32009.dat
1 8 -50 56 -100 0 0 -1 -1 0 0 0 1 0 32009.dat
1 8 -50 -34 -115 -1 0 0 0 0 1 0 1 0 32063.dat
1 8 -50 -34 -125 -1 0 0 0 0 1 0 1 0 32063.dat
1 8 -50 -34 25 -1 0 0 0 0 1 0 1 0 32063.dat
1 8 -50 -34 15 -1 0 0 0 0 1 0 1 0 32063.dat
1 8 130 56 20 0 0 -1 1 0 0 0 -1 0 33299.dat
1 8 130 56 -120 0 0 -1 -1 0 0 0 1 0 33299.dat
1 8 90 56 -14.9 0 0 1 -1 0 0 0 -1 0 32056.dat
1 0 110 56.1 0 0 0 -1 0 -1 0 -1 0 0 32062.dat
1 0 110 56.1 -100 0 0 -1 0 -1 0 -1 0 0 32062.dat
1 0 130 56 -50 0 0 -1 0 -1 0 -1 0 0 3707.dat
1 0 150 88 -60 0 0 1 0 1 0 -1 0 0 Bottom 2.ldr
1 7 -50 -24 10 0 0 -1 0 -1 0 -1 0 0 3749.dat
1 7 -50 -24 -110 0 0 1 0 -1 0 1 0 0 3749.dat
1 7 130 56 0 1 0 0 0 -1 0 0 0 -1 3713.dat
1 8 90 56 -84.9 0 0 1 -1 0 0 0 -1 0 32056.dat
1 7 130 56 -100 1 0 0 0 -1 0 0 0 -1 3713.dat
1 7 130 56 -25.2 1 0 0 0 -1 0 0 0 -1 32123a.dat
1 7 130 56 -75.2 1 0 0 0 -1 0 0 0 -1 32123a.dat
1 0 -50 16 10 0 0 1 0 -1 0 1 0 0 4459.dat
1 0 -50 -4 10 0 0 1 0 -1 0 1 0 0 4459.dat
1 0 -50 16 -110 0 0 1 0 -1 0 1 0 0 4459.dat
1 0 -50 -4 -110 0 0 1 0 -1 0 1 0 0 4459.dat
1 0 -33.9 -224 -30 0 -1 0 0 0 -1 1 0 0 Spine.ldr
0
0 FILE Bottom 2.ldr
0 Bottom 2
0 Name: Bottom 2.ldr
0 Author: R Paluczak
0 Unofficial Model
0 ROTATION CENTER 0 0 0 1 "Custom" 
0 ROTATION CONFIG 0 0
1 0 -10 8 0 1 0 0 0 0 1 0 -1 0 3707.dat
1 0 -10 -31.9 0 1 0 0 0 0 1 0 -1 0 4519.dat
1 0 -10 -12.5 0 1 0 0 0 0 1 0 -1 0 4519.dat
1 0 -10 -52 0 1 0 0 0 0 1 0 -1 0 4519.dat
1 0 -10 -52 20 1 0 0 0 0 1 0 -1 0 32184.dat
1 0 -10 -31.9 -40 1 0 0 0 0 1 0 -1 0 32062.dat
1 8 -40 8 0 1 0 0 0 0 1 0 -1 0 6536.dat
1 8 -24.8 -32 0 0 1 0 1 0 0 0 0 -1 32056.dat
1 8 5.2 -32 0 0 1 0 1 0 0 0 0 -1 32056.dat
1 6 -34.8 -12.6 0 0 1 0 0 0 -1 -1 0 0 6632.dat
1 6 15.2 -12.1 0 0 1 0 0 0 -1 -1 0 0 6632.dat
1 7 -24.8 -52.6 0 0 0 1 0 1 0 -1 0 0 32123a.dat
1 8 -9.8 -32 -60 0 -1 0 1 0 0 0 0 1 32140.dat
1 8 -59.8 28 0 0 0 -1 0 -1 0 -1 0 0 32316.dat
1 8 -9.8 43 0 0 0 -1 0 -1 0 -1 0 0 32063.dat
1 8 -20 37.8 0 0 0 -1 1 0 0 0 -1 0 32002.dat
1 8 0 37.8 0 0 0 -1 1 0 0 0 -1 0 32002.dat
1 8 -60 37.8 0 0 0 -1 1 0 0 0 -1 0 32002.dat
1 8 40 37.8 0 0 0 -1 1 0 0 0 -1 0 32002.dat
1 0 60 37.8 0 0 0 -1 -1 0 0 0 1 0 6628.dat
1 0 -80 37.8 0 0 0 -1 -1 0 0 0 1 0 6628.dat
1 8 40.2 28 0 0 0 -1 0 -1 0 -1 0 0 32316.dat
1 8 20 8 0 1 0 0 0 0 1 0 -1 0 6536.dat
1 8 40 -12 0 1 0 0 0 0 -1 0 1 0 32039.dat
1 8 80 8.2 0 0 0 1 1 0 0 0 1 0 6587.dat
1 8 -100 8.2 0 0 0 1 1 0 0 0 1 0 6587.dat
1 8 -60 -12 0 1 0 0 0 0 -1 0 1 0 32039.dat
1 7 -10 8.1 0 0 0 1 -1 0 0 0 -1 0 3713.dat
1 7 -10 -32.1 20 1 0 0 0 0 1 0 -1 0 3713.dat
1 7 5.2 -52.1 0 0 0 1 0 1 0 -1 0 0 32123a.dat
1 7 -10 -42.2 20 0 0 1 1 0 0 0 1 0 3749.dat
0
0 FILE Bottom 3.ldr
0 Bottom 3
0 Name: Bottom 3.ldr
0 Author: R Paluczak
0 Unofficial Model
0 ROTATION CENTER 0 0 0 1 "Custom" 
0 ROTATION CONFIG 0 0
1 6 -60 0 -30 0 1 0 1 0 0 0 0 -1 32140.dat
1 0 -59.8 0 -30 1 0 0 0 -1 0 0 0 -1 3707.dat
1 8 10.2 0 -30 0 1 0 0 0 1 1 0 0 33299.dat
1 8 -129.8 0 -30 0 -1 0 0 0 1 -1 0 0 33299.dat
1 0 -80 19.9 -20 0 0 -1 0 -1 0 -1 0 0 6628.dat
1 0 -40 19.9 -20 0 0 -1 0 -1 0 -1 0 0 6628.dat
1 0 -60 0 -50 1 0 0 0 -1 0 0 0 -1 3706.dat
1 8 -40 0 -30 1 0 0 0 1 0 0 0 1 6536.dat
1 7 -40 0 -50 0 0 1 0 1 0 -1 0 0 3713.dat
1 7 -80 0 -50 0 0 1 0 1 0 -1 0 0 3713.dat
1 7 -95 0 -30 0 0 1 0 1 0 -1 0 0 32123a.dat
1 7 -25 0 -30 0 0 1 0 1 0 -1 0 0 32123a.dat
1 7 -95 0 -50 0 0 1 0 1 0 -1 0 0 32123a.dat
1 7 -25 0 -50 0 0 1 0 1 0 -1 0 0 32123a.dat
1 8 -80 0 -30 1 0 0 0 1 0 0 0 1 6536.dat
0
0 FILE Bottom 4.ldr
0 Bottom 4
0 Name: Bottom 4.ldr
0 Author: R Paluczak
0 Unofficial Model
0 ROTATION CENTER 0 0 0 1 "Custom" 
0 ROTATION CONFIG 0 0
1 0 50 32 0 1 0 0 0 0 1 0 -1 0 3705.dat
1 0 90 32.1 0 1 0 0 0 0 1 0 -1 0 Her.dat
1 0 50 -8 0 1 0 0 0 1 0 0 0 1 4519.dat
1 0 50 -28 0 1 0 0 0 0 -1 0 1 0 32039.dat
1 8 25 32 0 0 -1 0 -1 0 0 0 0 -1 32056.dat
1 8 35 32 0 0 -1 0 -1 0 0 0 0 -1 32056.dat
1 8 64.8 32 0 0 -1 0 -1 0 0 0 0 -1 32056.dat
1 8 50 32 -40 0 1 0 1 0 0 0 0 -1 32271.dat
1 8 74.8 32 0 0 -1 0 -1 0 0 0 0 -1 32056.dat
1 7 15 32 0 0 0 -1 0 1 0 1 0 0 32123b.dat
1 7 84.8 32 0 0 0 -1 0 1 0 1 0 0 32123b.dat
1 0 50 32 -40 1 0 0 0 1 0 0 0 1 3705.dat
1 0 110 95.04 63.639 1 0 0 0 0.707107 0.707107 0 -0.707107 0.707107 Bottom 3.ldr
1 0 70 48.026 -39.928 1 0 0 0 1 0 0 0 1 Bottom 5.ldr
1 8 50 80 -196.1 1 0 0 0 0.601815 -0.798636 0 0.798636 0.601815 32310.dat
1 0 50 63.9629 -184.116 1 0 0 0 0.601815 -0.798636 0 0.798636 0.601815 32062.dat
0
0 FILE Bottom 5.ldr
0 Bottom 5
0 Name: Bottom 5.ldr
0 Author: R Paluczak
0 Unofficial Model
0 ROTATION CENTER 0 -15.6721 -39.9344 1 "Custom" 
0 ROTATION CONFIG 0 0
1 0 -20 24 0 1 0 0 0 0.997564 0.0697565 0 -0.0697565 0.997564 3706.dat
1 0 -20 -15.955 -40.141 1 0 0 0 -1 0 0 0 -1 3705.dat
1 6 -40 44 0 1 0 0 0 0 1 0 -1 0 32039.dat
1 6 0 44 0 1 0 0 0 0 1 0 -1 0 32039.dat
1 6 0 87.8 0 1 0 0 0 -1 0 0 0 -1 6553.dat
1 6 -40 87.8 0 1 0 0 0 -1 0 0 0 -1 6553.dat
1 6 -55 88 0 0 -1 0 -1 0 0 0 0 -1 32249.dat
1 6 -65 88 0 0 -1 0 -1 0 0 0 0 -1 32249.dat
1 6 25 88 0 0 -1 0 -1 0 0 0 0 -1 32249.dat
1 6 15 88 0 0 -1 0 -1 0 0 0 0 -1 32249.dat
1 6 -20 48 0 0 0 -1 0 -1 0 -1 0 0 32034.dat
1 0 -20 88 0 1 0 0 0 0 -1 0 1 0 32073.dat
1 0 10 48 0 1 0 0 0 0 -1 0 1 0 32062.dat
1 0 -50 48 0 1 0 0 0 0 -1 0 1 0 32062.dat
1 8 -55 -16 0 0 -1 0 0 0 1 -1 0 0 32056.dat
1 8 15 -16 0 0 -1 0 0 0 1 -1 0 0 32056.dat
1 7 -70 24 0 0 0 -1 0 1 0 1 0 0 3713.dat
1 7 30 24 0 0 0 -1 0.0697565 0.997564 0 0.997564 -0.0697565 0 3713.dat
1 7 -20 87.844 -0.264 0 0 -1 0.0697565 0.997564 0 0.997564 -0.0697565 0 3713.dat
1 7 4 4.947 -8.592 1 0 0 0 0.913545 -0.406737 0 0.406737 0.913545 Bottom 6.ldr
0
0 FILE Bottom 6.ldr
0 Bottom 6
0 Name: Bottom 6.ldr
0 Author: R Paluczak
0 Unofficial Model
0 ROTATION CENTER 0 0 0 1 "Custom" 
0 ROTATION CONFIG 0 0
1 6 -24 0 -60 0 -1 0 1 0 0 0 0 1 32140.dat
1 4 -44 0 -60 1 0 0 0 0 1 0 -1 0 6536.dat
1 4 -4 0 -60 1 0 0 0 0 1 0 -1 0 6536.dat
1 0 -24.8 0 -60 1 0 0 0 1 0 0 0 1 4519.dat
0 
0 
0 
0 
0
0 FILE Spine 2.ldr
0 Spine 2
0 Name: Spine 2.ldr
0 Author: R Paluczak
0 Unofficial Model
0 ROTATION CENTER 0 0 0 1 "Custom" 
0 ROTATION CONFIG 0 0
1 8 50 64 -196 0 1 0 -1 0 0 0 0 1 32348.dat
1 8 -90 64 -196 0 1 0 -1 0 0 0 0 1 32348.dat
1 7 40 16 -100 1 0 0 0 -0.601815 0.798636 0 -0.798636 -0.601815 3749.dat
1 7 -80 16 -100 -1 0 0 0 -0.601815 0.798636 0 0.798636 0.601815 3749.dat
0
0 FILE Spine 3.ldr
0 Spine 3
0 Name: Spine 3.ldr
0 Author: R Paluczak
0 Unofficial Model
0 ROTATION CENTER 0 0 0 1 "Custom" 
0 ROTATION CONFIG 0 0
1 8 25.3 64.1 -146.2 0 1 0 -1 0 0 0 0 1 32063.dat
1 8 -54.7 64.1 -146.2 0 1 0 -1 0 0 0 0 1 32063.dat
1 8 -64.7 64.1 -146.2 0 1 0 -1 0 0 0 0 1 32063.dat
1 8 48.9 64 -135.9 -1 0 0 0 -1 0 0 0 1 6587.dat
1 8 10.1 64 -115.9 -1 0 0 0 -1 0 0 0 1 32002.dat
1 7 30.1 63.8 -95.9 1 0 0 0 -1 0 0 0 -1 4459.dat
1 7 65 64 -136 0 0 1 0 -1 0 1 0 0 32123b.dat
1 8 15.3 64.1 -146.2 0 1 0 -1 0 0 0 0 1 32063.dat
1 8 -50 64 -115.9 1 0 0 0 -1 0 0 0 -1 32002.dat
1 7 -69.9 63.8 -95.9 1 0 0 0 -1 0 0 0 -1 4459.dat
1 8 -91.1 64 -135.9 1 0 0 0 -1 0 0 0 -1 6587.dat
1 7 35 64 -136 0 0 1 0 -1 0 1 0 0 32123b.dat
1 7 -105 64 -136 0 0 1 0 -1 0 1 0 0 32123b.dat
1 7 -75 64 -136 0 0 1 0 -1 0 1 0 0 32123b.dat
0
0 FILE Base 7.ldr
0 Base 7
0 Name: Base 7.ldr
0 Author: R Paluczak
0 Unofficial Model
0 ROTATION CENTER 0 0 0 1 "Custom" 
0 ROTATION CONFIG 0 0
1 6 -40 -77.963 -27.462 0 1 0 0 0 1 1 0 0 32140.dat
1 7 -50 -77.962 -27.664 1 0 0 0 0 1 0 -1 0 3749.dat
1 6 0 -77.963 -27.462 0 1 0 0 0 1 1 0 0 32140.dat
1 7 10 -77.962 -27.664 -1 0 0 0 0 -1 0 -1 0 3749.dat
0 
0
0 FILE Trigger.ldr
0 Trigger
0 Name: Trigger.ldr
0 Author: R Paluczak
0 Unofficial Model
0 ROTATION CENTER 0 0 0 1 "Custom" 
0 ROTATION CONFIG 0 0
1 0 -15 5 0 0 0 -1 -1 0 0 0 1 0 32034.dat
1 0 -15 -35 0 1 0 0 0 0 -1 0 1 0 32034.dat
1 0 -15.1 -144 0 0 0 1 1 0 0 0 1 0 3737.dat
1 4 -15.2 -244.7 0 -1 0 0 0 0 1 0 1 0 6538a.dat
1 7 -15.1 -5.3 0 0 0 -1 -1 0 0 0 1 0 3749.dat
1 7 -45.1 5.1 0 1 0 0 0 0 -1 0 1 0 2736.dat
1 7 14.9 5.1 0 -1 0 0 0 0 -1 0 -1 0 2736.dat
0
0 FILE Top.ldr
0 Top
0 Name: Top.ldr
0 Author: R Paluczak
0 Unofficial Model
0 
0 ROTATION CENTER 0 0 0 1 "Custom" 
0 ROTATION CONFIG 0 0
1 8 -44.917 95.443 -60.7 0.358368 0 -0.93358 -0.93358 0 -0.358368 0 1 0 32140.dat
1 8 -44.917 95.443 -20 0.358368 0 -0.93358 -0.93358 0 -0.358368 0 1 0 32140.dat
1 7 -93.8 55.3 -70.2 0 -0.406737 0.913545 0 -0.913545 -0.406737 1 0 0 3673.dat
1 6 80 24 0 0 0 1 0 -1 0 1 0 0 32016.dat
1 6 -157.611 303.512 -39.8 0 -0.970296 0.241922 0 0.241922 0.970296 -1 0 0 32016.dat
1 6 -176.302 228.884 -39.8 0 -0.970296 -0.241922 0 0.241922 -0.970296 1 0 0 32016.dat
1 0 -156.685 304.008 -39.8 0 -0.87462 -0.48481 0 0.48481 -0.87462 1 0 0 32073.dat
1 0 -166.205 268.523 -39.8 0.241922 -0.970296 0 0.970296 0.241922 0 0 0 1 4519.dat
1 7 -156.685 304.008 -14.8 -0.48481 -0.87462 0 -0.87462 0.48481 0 0 0 -1 32123b.dat
0 MLCAD BTG Group name
1 6 -168.157 287.625 -9.8 -0.819152 0 0.573576 0.573576 0 0.819152 0 1 0 2825.dat
0 MLCAD BTG Group name
1 6 -133.742 336.779 -39.9 -0.573576 -0.819152 0 -0.819152 0.573576 0 0 0 -1 32034.dat
1 6 -176.074 269.028 -19.8 0.87462 0 0.48481 -0.48481 0 0.87462 0 -1 0 2825.dat
0 MLCAD BTG Group name
1 6 -168.157 287.625 -69.8 0.819152 0 0.573576 -0.573576 0 0.819152 0 -1 0 2825.dat
1 6 -176.074 269.028 -59.8 -0.87462 0 0.48481 0.48481 0 0.87462 0 1 0 2825.dat
1 6 80 24 21.9 0 0 1 -1 0 0 0 -1 0 6644.dat
1 6 -20 24 0 0 0 -1 0 -1 0 -1 0 0 32016.dat
1 6 40 24 0 -1 0 0 0 1 0 0 0 -1 32291.dat
1 6 -115.7 348.6 -30 0 0.819152 -0.573576 0 -0.573576 -0.819152 -1 0 0 Eyes.ldr
1 6 20 24 -20 -1 0 0 0 1 0 0 0 -1 6641.dat
1 6 40 24 -39.1 0 0 1 0 1 0 -1 0 0 32039.dat
1 6 -56.9 39.5 -20 -0.920505 0.390731 0 0.390731 0.920505 0 0 0 -1 6641.dat
1 0 30 24 0 -1 0 0 0 -1 0 0 0 1 3705.dat
1 0 20 24 -40 0 0 -1 0 -1 0 -1 0 0 4519.dat
1 0 -176.3 229 -40 0 -0.241922 -0.970296 0 -0.970296 0.241922 -1 0 0 4519.dat
1 0 64.1 24 -39.5 1 0 0 0 -1 0 0 0 -1 4519.dat
1 0 -60 40.8 0 0.920505 -0.390731 0 -0.390731 -0.920505 0 0 0 -1 4519.dat
1 0 -170.049 190.076 -39.8 -0.156434 -0.987688 0 0.987688 -0.156434 0 0 0 1 4519.dat
1 6 -93.8 55.4 0 0 -0.390731 -0.920505 0 -0.920505 0.390731 -1 0 0 32016.dat
1 6 -163.596 151.515 -39.8 0 -0.987688 0.156434 0 -0.156434 -0.987688 1 0 0 32013.dat
1 0 -124.055 86.493 0 0.694658 -0.71934 0 -0.71934 -0.694658 0 0 0 -1 4519.dat
1 6 -121.6 84.1 -20 -0.681998 0.731354 0 0.731354 0.681998 0 0 0 -1 6641.dat
1 6 -148.842 113.634 0 0 -0.731354 -0.681998 0 -0.681998 0.731354 -1 0 0 32016.dat
1 0 -163.834 154.345 0 0.34202 -0.939693 0 -0.939693 -0.34202 0 0 0 -1 4519.dat
1 6 -162.9 151.2 -20 -0.358368 0.93358 0 0.93358 0.358368 0 0 0 -1 6641.dat
1 6 -176.318 228.826 -20 0.0174524 0.999848 0 0.999848 -0.0174524 0 0 0 -1 6641.dat
1 6 -175.535 268.902 0 0.0174497 0.999695 0.0174524 -0.000304586 -0.0174497 0.999848 0.999848 -0.0174524 0 32013.dat
1 6 -176.131 268.884 22.324 -0.999701 0.0171452 0.0174497 0.0171452 -0.0177517 0.999695 0.0174497 0.999695 0.0174524 6643.dat
0 SYNTH BEGIN TECHNIC_FLEX-SYSTEM_HOSE 6
0 SYNTH SHOW
1 6 -175.738 254.388 22.431 -0.999701 0.0171452 0.0174497 0.0174497 0.999695 0.0174524 -0.0171452 0.0177517 -0.999695 LS01.dat
1 6 -164.889 153.781 22.363 -0.933443 -0.358596 0.00964134 -0.358315 0.933324 0.0227184 -0.0171452 0.0177517 -0.999695 LS01.dat
1 6 -123.777 86.769 22.107 -0.743036 -0.669251 0.000859425 -0.669032 0.742824 0.0246646 -0.0171452 0.0177517 -0.999695 LS01.dat
1 6 -59.315 41.131 22.115 -0.422556 -0.906294 -0.00884611 -0.906175 0.422276 0.0230397 -0.0171452 0.0177517 -0.999695 LS01.dat
1 6 57.2 23.8 22 0 -1 0 0 0 1 -1 0 0 LS01.dat
1 6 57.2 23.8 22 0 -1 0 0 0 1 -1 0 0 LS01.dat
0 SYNTH SYNTHESIZED BEGIN
1 6 -175.738 254.388 22.431 -0.9997 -0.0926 0.0174 0.0196 -4.7904 0.0157 -0.0171 -0.0767 -0.9997 LS50.dat
1 6 -175.83 249.657 22.3553 -0.9996 -0.1085 0.0174 0.023 -4.7489 0.0121 -0.0171 -0.0593 -0.9998 LS51.dat
1 6 -175.937 244.956 22.2966 -0.9995 -0.1171 0.0173 0.025 -4.7167 0.0086 -0.0171 -0.0424 -0.9998 LS51.dat
1 6 -176.053 240.28 22.2545 -0.9995 -0.1173 0.0173 0.025 -4.7024 0.0051 -0.0171 -0.0261 -0.9998 LS51.dat
1 6 -176.169 235.624 22.2286 -0.9996 -0.1076 0.0172 0.0229 -4.6973 0.0019 -0.0172 -0.0106 -0.9998 LS51.dat
1 6 -176.275 230.993 22.2182 -0.9997 -0.0864 0.0172 0.0183 -4.7095 -0.0012 -0.0172 0.0039 -0.9999 LS51.dat
1 6 -176.36 226.379 22.2221 -0.9998 -0.0518 0.0172 0.0109 -4.737 -0.0038 -0.0172 0.0173 -0.9998 LS51.dat
1 6 -176.41 221.772 22.2389 -0.9999 -0.0017 0.0172 0.0003 -4.7664 -0.0061 -0.0172 0.0289 -0.9998 LS51.dat
1 6 -176.412 217.174 22.2668 -0.9998 0.065 0.0173 -0.0137 -4.7962 -0.0078 -0.0171 0.0385 -0.9998 LS51.dat
1 6 -176.349 212.586 22.3036 -0.9994 0.1491 0.0173 -0.031 -4.8251 -0.0089 -0.017 0.0455 -0.9998 LS51.dat
1 6 -176.208 208.009 22.3468 -0.9985 0.2503 0.0174 -0.0517 -4.8517 -0.0093 -0.0169 0.0495 -0.9998 LS51.dat
1 6 -175.972 203.442 22.3933 -0.997 0.3676 0.0174 -0.0754 -4.8735 -0.009 -0.0166 0.0502 -0.9998 LS51.dat
1 6 -175.628 198.884 22.4403 -0.9947 0.4986 0.0173 -0.1016 -4.8882 -0.0079 -0.0164 0.0474 -0.9998 LS51.dat
1 6 -175.164 194.335 22.4844 -0.9914 0.6401 0.0171 -0.1298 -4.8939 -0.0062 -0.0162 0.0412 -0.9998 LS51.dat
1 6 -174.57 189.796 22.5226 -0.9871 0.7882 0.0168 -0.1592 -4.8896 -0.0038 -0.016 0.032 -0.9999 LS51.dat
1 6 -173.84 185.268 22.5522 -0.9818 0.941 0.0164 -0.1892 -4.8859 -0.0009 -0.0159 0.02 -0.9999 LS51.dat
1 6 -172.969 180.742 22.5707 -0.9756 1.0896 0.0157 -0.2188 -4.8576 0.0024 -0.0158 0.0057 -0.9999 LS51.dat
1 6 -171.957 176.234 22.576 -0.9687 1.232 0.0149 -0.2477 -4.8183 0.0059 -0.0159 -0.0101 -0.9999 LS51.dat
1 6 -170.811 171.75 22.5666 -0.9613 1.3722 0.0139 -0.2751 -4.7927 0.0096 -0.016 -0.027 -0.9999 LS51.dat
1 6 -169.529 167.272 22.5413 -0.9535 1.5022 0.0128 -0.301 -4.7559 0.0134 -0.0162 -0.0445 -0.9998 LS51.dat
1 6 -168.119 162.81 22.4996 -0.9455 1.6255 0.0116 -0.3251 -4.7252 0.0171 -0.0166 -0.0622 -0.9998 LS51.dat
1 6 -166.588 158.359 22.4411 -0.9375 1.7259 0.0103 -0.3476 -4.6518 0.0209 -0.0169 -0.0793 -0.9997 LS51.dat
1 6 -164.889 153.781 22.363 -0.9333 1.3931 0.01 -0.3587 -3.6219 0.0218 -0.0172 -0.0649 -0.9997 LS51.dat
1 6 -163.507 150.189 22.2985 -0.9328 1.3961 0.0109 -0.3601 -3.6139 0.0198 -0.0173 -0.0563 -0.9997 LS51.dat
1 6 -162.128 146.617 22.2428 -0.9317 1.409 0.0118 -0.3628 -3.6165 0.0175 -0.0174 -0.0468 -0.9998 LS51.dat
1 6 -160.743 143.063 22.1966 -0.9299 1.4315 0.0129 -0.3673 -3.6223 0.0151 -0.0175 -0.0361 -0.9998 LS51.dat
1 6 -159.348 139.533 22.1612 -0.9271 1.4686 0.0141 -0.3745 -3.6346 0.0124 -0.0177 -0.0242 -0.9998 LS51.dat
1 6 -157.934 136.032 22.1378 -0.9227 1.5302 0.0154 -0.3852 -3.6646 0.0094 -0.0178 -0.011 -0.9998 LS51.dat
1 6 -156.483 132.559 22.1272 -0.916 1.6205 0.0168 -0.4008 -3.7039 0.0064 -0.0179 0.0035 -0.9998 LS51.dat
1 6 -154.978 129.118 22.1303 -0.9062 1.7433 0.0182 -0.4224 -3.7412 0.0035 -0.0179 0.0187 -0.9998 LS51.dat
1 6 -153.395 125.72 22.1472 -0.8925 1.898 0.0194 -0.4507 -3.7596 0.0011 -0.0178 0.0329 -0.9998 LS51.dat
1 6 -151.708 122.378 22.1762 -0.8743 2.0656 0.0203 -0.4851 -3.7242 -0.0003 -0.0176 0.0432 -0.9998 LS51.dat
1 6 -149.895 119.11 22.214 -0.8523 2.2246 0.0204 -0.5227 -3.6288 -0.0004 -0.0172 0.0469 -0.9998 LS51.dat
1 6 -147.944 115.927 22.255 -0.8288 2.3509 0.0197 -0.5593 -3.4846 0.001 -0.0168 0.0428 -0.9998 LS51.dat
1 6 -145.855 112.831 22.2929 -0.8064 2.4376 0.018 -0.5912 -3.326 0.0034 -0.0166 0.0325 -0.9998 LS51.dat
1 6 -143.643 109.812 22.3222 -0.7874 2.4864 0.0158 -0.6163 -3.1771 0.0065 -0.0165 0.0186 -0.9999 LS51.dat
1 6 -141.334 106.861 22.3394 -0.7725 2.5154 0.0134 -0.6347 -3.0616 0.0097 -0.0165 0.0039 -0.9999 LS51.dat
1 6 -138.951 103.96 22.3429 -0.7617 2.5321 0.0109 -0.6477 -2.9777 0.0128 -0.0166 -0.0104 -0.9999 LS51.dat
1 6 -136.512 101.093 22.3327 -0.7542 2.5441 0.0086 -0.6564 -2.9225 0.0156 -0.0167 -0.0236 -0.9998 LS51.dat
1 6 -134.033 98.2449 22.3096 -0.7492 2.5526 0.0065 -0.6621 -2.8874 0.0181 -0.0169 -0.0355 -0.9998 LS51.dat
1 6 -131.525 95.4074 22.2746 -0.746 2.5754 0.0047 -0.6657 -2.8851 0.0203 -0.017 -0.0463 -0.9998 LS51.dat
1 6 -128.99 92.5676 22.2288 -0.7437 5.2322 0.0023 -0.6683 -5.8194 0.023 -0.0171 -0.1219 -0.9997 LS51.dat
1 6 -123.777 86.769 22.107 -0.7419 2.4251 0.0016 -0.6703 -2.6828 0.0239 -0.0172 -0.0601 -0.9997 LS51.dat
1 6 -121.39 84.1288 22.0478 -0.7391 2.4314 0.0033 -0.6733 -2.6676 0.0222 -0.0174 -0.0512 -0.9997 LS51.dat
1 6 -119.01 81.5171 21.9977 -0.7353 2.4474 0.0052 -0.6776 -2.6547 0.0204 -0.0177 -0.0414 -0.9998 LS51.dat
1 6 -116.63 78.9357 21.9575 -0.7299 2.4769 0.0073 -0.6833 -2.6453 0.0184 -0.0179 -0.0306 -0.9998 LS51.dat
1 6 -114.243 76.3867 21.928 -0.7227 2.524 0.0096 -0.6909 -2.6397 0.0162 -0.0182 -0.0185 -0.9998 LS51.dat
1 6 -111.84 73.8731 21.9104 -0.7129 2.593 0.0121 -0.701 -2.6367 0.0139 -0.0184 -0.0051 -0.9998 LS51.dat
1 6 -109.407 71.3993 21.9057 -0.6997 2.6745 0.0149 -0.7142 -2.6203 0.0114 -0.0185 0.0098 -0.9998 LS51.dat
1 6 -106.943 68.9856 21.9148 -0.6821 2.7872 0.0176 -0.731 -2.6013 0.009 -0.0186 0.0258 -0.9998 LS51.dat
1 6 -104.428 66.6385 21.9382 -0.6592 2.9241 0.0203 -0.7517 -2.5653 0.0068 -0.0185 0.042 -0.9998 LS51.dat
1 6 -101.842 64.3702 21.9754 -0.6306 3.0575 0.0226 -0.7759 -2.4865 0.0051 -0.0182 0.0563 -0.9997 LS51.dat
1 6 -99.1804 62.2058 22.0244 -0.5971 3.1758 0.024 -0.802 -2.3659 0.0043 -0.0177 0.066 -0.9997 LS51.dat
1 6 -96.4318 60.1583 22.0816 -0.5609 3.2526 0.0241 -0.8277 -2.2055 0.0044 -0.0171 0.0688 -0.9997 LS51.dat
1 6 -93.5981 58.2369 22.1416 -0.5255 3.2844 0.0228 -0.8506 -2.0303 0.0054 -0.0166 0.0641 -0.9997 LS51.dat
1 6 -90.6861 56.437 22.1985 -0.4942 3.2839 0.0203 -0.8692 -1.8682 0.0071 -0.0162 0.0535 -0.9998 LS51.dat
1 6 -87.7052 54.7413 22.2471 -0.469 3.2657 0.017 -0.8831 -1.7351 0.0091 -0.016 0.0396 -0.9998 LS51.dat
1 6 -84.6683 53.1278 22.2839 -0.4502 3.2405 0.0132 -0.8928 -1.6345 0.0113 -0.016 0.0244 -0.9998 LS51.dat
1 6 -81.5907 51.5756 22.3071 -0.4371 3.2166 0.0094 -0.8993 -1.5638 0.0133 -0.0161 0.0094 -0.9999 LS51.dat
1 6 -78.4849 50.0659 22.3163 -0.4286 3.2002 0.0058 -0.9033 -1.5184 0.0153 -0.0163 -0.0046 -0.9999 LS51.dat
1 6 -75.3578 48.5822 22.3118 -0.4236 3.1988 0.0025 -0.9057 -1.4957 0.017 -0.0165 -0.0176 -0.9999 LS51.dat
1 6 -72.2073 47.1093 22.2945 -0.421 3.2018 -0.0005 -0.9069 -1.4857 0.0186 -0.0166 -0.0294 -0.9998 LS51.dat
1 6 -69.0403 45.6399 22.2655 -0.4201 3.2156 -0.0032 -0.9073 -1.4882 0.02 -0.0168 -0.0402 -0.9998 LS51.dat
1 6 -65.8542 44.1654 22.2257 -0.4205 3.2379 -0.0056 -0.9071 -1.5 0.0213 -0.017 -0.0502 -0.9998 LS51.dat
1 6 -62.6468 42.6797 22.1759 -0.4217 3.3841 -0.0078 -0.9066 -1.5731 0.0225 -0.0172 -0.0618 -0.9997 LS51.dat
1 6 -59.315 41.131 22.115 -0.4162 2.0104 -0.0085 -0.9091 -0.9195 0.0229 -0.0173 -0.0381 -0.9997 LS51.dat
1 6 -57.4554 40.2804 22.0798 -0.4036 1.9503 0.0034 -0.9138 -0.8597 0.0477 -0.045 -0.0345 -0.9989 LS51.dat
1 6 -55.6505 39.4848 22.0478 -0.3912 1.9023 0.0141 -0.9175 -0.8088 0.072 -0.0717 -0.0315 -0.9973 LS51.dat
1 6 -53.8886 38.7358 22.0187 -0.379 1.8531 0.0239 -0.9202 -0.7602 0.0957 -0.0976 -0.0286 -0.9951 LS51.dat
1 6 -52.171 38.0312 21.9922 -0.367 1.803 0.0328 -0.9221 -0.7141 0.1189 -0.1226 -0.026 -0.9924 LS51.dat
1 6 -50.4988 37.3689 21.9681 -0.3552 1.7653 0.0409 -0.9232 -0.6755 0.1415 -0.1468 -0.0237 -0.9891 LS51.dat
1 6 -48.8597 36.7417 21.9461 -0.3436 1.7133 0.0482 -0.9235 -0.6336 0.1637 -0.1702 -0.0214 -0.9853 LS51.dat
1 6 -47.268 36.1532 21.9262 -0.3324 1.6745 0.0548 -0.9232 -0.5988 0.1852 -0.1928 -0.0195 -0.9812 LS51.dat
1 6 -45.7111 35.5965 21.9081 -0.3214 1.6354 0.0608 -0.9223 -0.5657 0.2062 -0.2147 -0.0177 -0.9766 LS51.dat
1 6 -44.1895 35.0701 21.8916 -0.3106 1.6096 0.0661 -0.9208 -0.5388 0.2267 -0.2359 -0.0161 -0.9717 LS51.dat
1 6 -42.6903 34.5683 21.8766 -0.3001 1.5692 0.071 -0.9187 -0.5085 0.2468 -0.2566 -0.0146 -0.9665 LS51.dat
1 6 -41.2277 34.0944 21.863 -0.2898 1.5424 0.0753 -0.9162 -0.4839 0.2663 -0.2767 -0.0132 -0.9609 LS51.dat
1 6 -39.7884 33.6428 21.8507 -0.2799 1.5012 0.0792 -0.9132 -0.4562 0.2855 -0.2962 -0.0119 -0.9551 LS51.dat
1 6 -38.3868 33.2169 21.8396 -0.2702 1.4739 0.0827 -0.9098 -0.4341 0.3041 -0.315 -0.0107 -0.9491 LS51.dat
1 6 -37.0093 32.8112 21.8296 -0.2608 1.4464 0.0857 -0.906 -0.4128 0.3222 -0.3334 -0.0096 -0.9428 LS51.dat
1 6 -35.6564 32.4251 21.8206 -0.2517 1.4186 0.0884 -0.9018 -0.3925 0.34 -0.3512 -0.0086 -0.9363 LS51.dat
1 6 -34.3284 32.0576 21.8125 -0.2428 1.3908 0.0907 -0.8973 -0.3732 0.3573 -0.3686 -0.0077 -0.9296 LS51.dat
1 6 -33.0255 31.708 21.8053 -0.2342 1.377 0.0927 -0.8925 -0.3583 0.3741 -0.3854 -0.0069 -0.9227 LS51.dat
1 6 -31.7341 31.372 21.7988 -0.2258 1.3488 0.0945 -0.8874 -0.3404 0.3907 -0.402 -0.0061 -0.9156 LS51.dat
1 6 -30.4684 31.0526 21.7931 -0.2176 1.3345 0.0959 -0.882 -0.3267 0.4069 -0.418 -0.0054 -0.9084 LS51.dat
1 6 -29.2145 30.7456 21.7881 -0.2097 1.3062 0.0972 -0.8763 -0.3102 0.4228 -0.4338 -0.0047 -0.901 LS51.dat
1 6 -27.9867 30.454 21.7837 -0.202 1.2921 0.0982 -0.8704 -0.2977 0.4382 -0.449 -0.004 -0.8935 LS51.dat
1 6 -26.7711 30.1739 21.7799 -0.1945 1.2778 0.0989 -0.8642 -0.2857 0.4533 -0.464 -0.0035 -0.8858 LS51.dat
1 6 -25.5679 29.9048 21.7766 -0.1872 1.2633 0.0995 -0.8578 -0.274 0.4682 -0.4787 -0.0029 -0.878 LS51.dat
1 6 -24.3771 29.6465 21.7739 -0.1801 1.249 0.0999 -0.8512 -0.2628 0.4828 -0.493 -0.0024 -0.87 LS51.dat
1 6 -23.199 29.3986 21.7716 -0.1732 1.2346 0.1002 -0.8443 -0.2521 0.4971 -0.507 -0.0019 -0.8619 LS51.dat
1 6 -22.0336 29.1606 21.7698 -0.1665 1.2197 0.1002 -0.8373 -0.2416 0.5111 -0.5208 -0.0015 -0.8537 LS51.dat
1 6 -20.8811 28.9323 21.7684 -0.16 1.2049 0.1001 -0.8301 -0.2316 0.5248 -0.5342 -0.001 -0.8453 LS51.dat
1 6 -19.7415 28.7133 21.7674 -0.1537 1.1904 0.0999 -0.8227 -0.222 0.5382 -0.5474 -0.0006 -0.8369 LS51.dat
1 6 -18.6149 28.5032 21.7668 -0.1476 1.1755 0.0995 -0.8151 -0.2126 0.5513 -0.5602 -0.0003 -0.8283 LS51.dat
1 6 -17.5015 28.3019 21.7666 -0.1416 1.1609 0.099 -0.8074 -0.2037 0.5641 -0.5728 0.0001 -0.8197 LS51.dat
1 6 -16.4014 28.1088 21.7667 -0.1359 1.1606 0.0984 -0.7995 -0.1975 0.5767 -0.585 0.0004 -0.811 LS51.dat
1 6 -15.3003 27.9214 21.767 -0.1302 1.1457 0.0977 -0.7915 -0.1891 0.5891 -0.5972 0.0007 -0.8021 LS51.dat
1 6 -14.2125 27.7419 21.7677 -0.1248 1.1455 0.0969 -0.7833 -0.1833 0.6012 -0.609 0.001 -0.7932 LS51.dat
1 6 -13.1239 27.5678 21.7687 -0.1195 1.1308 0.096 -0.7749 -0.1754 0.6132 -0.6207 0.0013 -0.784 LS51.dat
1 6 -12.0488 27.401 21.7699 -0.1143 1.1306 0.095 -0.7664 -0.1699 0.6249 -0.6321 0.0016 -0.7749 LS51.dat
