0 FILE Destroyer Droid.ldr
0 Destroyer Droid
0 Name: Destroyer Droid.ldr
0 Author: R Paluczak
0 Unofficial Model
0 ROTATION CENTER 0 0 0 1 "Custom" 
0 ROTATION CONFIG 0 0
1 0 -91.163 24.36 41.182 0 0.98245 0.186524 0 0.186524 -0.98245 -1 0 0 Y-Frame.ldr
1 0 -60.522 -51.252 41.182 0 0.98245 0.186524 0 0.186524 -0.98245 -1 0 0 32064a.dat
1 0 -46.967 -69.036 41.182 0.186524 0.98245 0 -0.98245 0.186524 0 0 0 1 4519.dat
1 0 -16.758 -151.567 41.182 -0.562805 0.82659 0 -0.82659 -0.562805 0 0 0 1 4519.dat
1 0 -228.696 -165.948 21.182 -0.82659 0.562805 0 0.562805 0.82659 0 0 0 -1 4519.dat
1 0 -228.696 -165.948 61.182 -0.82659 0.562805 0 0.562805 0.82659 0 0 0 -1 4519.dat
1 36 -263.411 -142.309 61.182 0 0.82659 -0.562805 0 -0.562805 -0.82659 -1 0 0 6188.dat
1 36 -263.411 -142.309 21.182 0 0.82659 -0.562805 0 -0.562805 -0.82659 -1 0 0 6188.dat
1 36 -283.143 -117.987 41.182 0 0.82659 -0.562805 0 -0.562805 -0.82659 -1 0 0 6188.dat
1 8 -214.801 -163.31 41.182 0.562805 0 0.82659 0.82659 0 -0.562805 0 1 0 2853.dat
1 0 -4.872 -76.312 41.182 0 0.186524 -0.98245 0 -0.98245 -0.186524 -1 0 0 6632.dat
1 0 -3.005 -86.136 41.182 0 0.186524 -0.98245 0 -0.98245 -0.186524 -1 0 0 6632.dat
1 0 -9.534 -51.751 41.182 0.186524 0 -0.98245 -0.98245 0 -0.186524 0 1 0 3706.dat
1 8 3.523 -120.523 41.182 0 0.98245 0.186524 0 0.186524 -0.98245 -1 0 0 32192.dat
1 8 -39.27 -184.63 41.182 0 0.82659 -0.562805 0 -0.562805 -0.82659 -1 0 0 32192.dat
1 0 -18.861 -2.628 41.182 0 0.98245 0.186524 0 0.186524 -0.98245 -1 0 0 32039.dat
1 0 -22.59 17.02 41.182 0 0.98245 0.186524 0 0.186524 -0.98245 -1 0 0 3705.dat
1 0 -85.446 -193.395 41.182 0.98245 0.186524 0 0.186524 -0.98245 0 0 0 -1 3705.dat
1 0 -134.755 -201.74 41.182 0 0.186524 -0.98245 0 -0.98245 -0.186524 -1 0 0 32016.dat
1 0 -193.559 -189.509 41.182 0 -0.203641 -0.979046 0 -0.979046 0.203641 -1 0 0 32016.dat
1 0 -193.559 -189.509 41.182 0 -0.203641 -0.979046 0 -0.979046 0.203641 -1 0 0 6558.dat
1 0 -193.559 -189.509 61.182 0 -0.203641 -0.979046 0 -0.979046 0.203641 -1 0 0 32016.dat
1 0 -193.559 -189.509 21.182 0 -0.203641 -0.979046 0 -0.979046 0.203641 -1 0 0 32016.dat
1 0 -163.984 -194.639 41.182 0.979046 -0.203641 0 -0.203641 -0.979046 0 0 0 -1 32062.dat
1 7 -163.984 -194.639 21.182 -0.979046 0.203641 0 0.203641 0.979046 0 0 0 -1 3749.dat
1 7 -163.984 -194.639 61.182 -0.979046 0.203641 0 0.203641 0.979046 0 0 0 -1 3749.dat
1 7 -22.59 17.02 56.182 0.186524 0.98245 0 -0.98245 0.186524 0 0 0 1 32123b.dat
1 7 -22.59 17.02 26.182 0.186524 0.98245 0 -0.98245 0.186524 0 0 0 1 32123b.dat
1 7 -16.995 -12.452 11.182 -0.186524 0.98245 0 0.98245 0.186524 0 0 0 -1 43093.dat
1 7 -16.995 -12.452 71.182 -0.186524 0.98245 0 0.98245 0.186524 0 0 0 -1 43093.dat
0 SYNTH BEGIN TECHNIC_RIBBED_HOSE 135
0 1 4 -80 90 50 1 0 0 0 0 1 0 -1 0 LS02.dat
0 1 4 -80 90 70 1 0 0 0 0 1 0 -1 0 LS02.dat
0 1 4 -70 -70.679 211.073 1 0 0 0 0.92388 -0.382683 0 0.382683 0.92388 LS02.dat
0 1 4 -70 -89.157 203.42 1 0 0 0 0.92388 -0.382683 0 0.382683 0.92388 LS02.dat
0 SYNTH SHOW
0 SYNTH SYNTHESIZED BEGIN
1 135 -16.529 -14.908 71.182 -0.98245 -0.186524 0 -0.186524 0.98245 0 0 0 -1 79.dat
1 135 -15.503 -20.314 71.182 -0.98245 0.186524 0 -0.186524 -0.98245 0 0 0 -1 80.dat
1 135 -14.477 -25.717 71.182 -0.98245 0.186524 0 -0.186524 -0.98245 0 0 0 -1 80.dat
1 135 -13.511 -31.132 71.175 -0.986726 0.162398 -0.000522267 -0.162398 -0.986726 0.00275086 0.0001 -0.0028 -1 80.dat
1 135 -12.732 -36.598 71.146 -0.993288 0.115401 -0.0015295 -0.115499 -0.993307 0.00805609 0.0006 -0.0082 -1 80.dat
1 135 -12.206 -42.096 71.089 -0.997518 0.0706833 -0.00216738 -0.070702 -0.99742 0.0130243 0.0013 -0.0131 -0.9999 80.dat
1 135 -11.922 -47.611 71.005 -0.999631 0.0279083 -0.00253417 -0.0279456 -0.999434 0.0176368 0.002 -0.0177 -0.9998 80.dat
1 135 -11.87 -53.135 70.897 -0.99992 -0.01277 -0.00262985 0.0127141 -0.999625 0.0218937 0.0029 -0.0219 -0.9998 80.dat
1 135 -12.038 -58.653 70.766 -0.998638 -0.0516886 -0.00237485 0.0515344 -0.998362 0.0259118 0.0037 -0.0258 -0.9997 80.dat
1 135 -12.416 -64.162 70.615 -0.99602 -0.0887492 -0.00184874 0.0886746 -0.995627 0.0295742 0.0045 -0.0293 -0.9996 80.dat
1 135 -12.996 -69.651 70.445 -0.99228 -0.124308 -0.00107019 0.124196 -0.99169 0.0329792 0.0052 -0.0326 -0.9995 80.dat
1 135 -13.766 -75.115 70.257 -0.987357 -0.158326 -3.91856e-005 0.158313 -0.986749 0.0361267 0.0058 -0.0356 -0.9993 80.dat
1 135 -14.722 -80.548 70.054 -0.981565 -0.191119 0.00128157 0.191068 -0.98076 0.0388203 0.0062 -0.0384 -0.9992 80.dat
1 135 -15.856 -85.944 69.836 -0.974843 -0.222727 0.00295301 0.222676 -0.974038 0.0412752 0.0064 -0.0409 -0.9991 80.dat
1 135 -17.161 -91.301 69.604 -0.967326 -0.253386 0.00477866 0.253316 -0.966423 0.0434539 0.0064 -0.0432 -0.999 80.dat
1 135 -18.635 -96.612 69.36 -0.959131 -0.283075 0.00697365 0.283067 -0.958013 0.0452957 0.0062 -0.0454 -0.999 80.dat
1 135 -20.269 -101.876 69.105 -0.950081 -0.311974 0.0093415 0.312064 -0.948944 0.0467631 0.0057 -0.0473 -0.9989 80.dat
1 135 -22.061 -107.089 68.839 -0.940292 -0.340217 0.0119804 0.340387 -0.939038 0.0478748 0.005 -0.0491 -0.9988 80.dat
1 135 -24.007 -112.245 68.564 -0.929783 -0.367866 0.0148905 0.368134 -0.928511 0.0486309 0.0041 -0.0507 -0.9987 80.dat
1 135 -26.107 -117.344 68.281 -0.918493 -0.395155 0.0178751 0.39552 -0.917202 0.048994 0.0029 -0.0521 -0.9986 80.dat
1 135 -28.356 -122.381 67.99 -0.906324 -0.422002 0.0211123 0.422565 -0.904996 0.0490996 0.0015 -0.0534 -0.9986 80.dat
1 135 -30.755 -127.349 67.692 -0.893374 -0.448569 0.0245409 0.449248 -0.892125 0.0487327 -0.0001 -0.0545 -0.9985 80.dat
1 135 -33.289 -132.222 67.389 -0.879563 -0.474911 0.0280441 0.475688 -0.878296 0.0479728 -0.0019 -0.0555 -0.9985 80.dat
1 135 -35.969 -137.021 67.081 -0.864831 -0.501126 0.0316219 0.5021 -0.863527 0.0468199 -0.0038 -0.0564 -0.9984 80.dat
1 135 -38.796 -141.739 66.769 -0.848883 -0.527331 0.0351575 0.528539 -0.847737 0.0453536 -0.0059 -0.0571 -0.9984 80.dat
1 135 -41.771 -146.373 66.453 -0.831816 -0.553662 0.0386694 0.554986 -0.830751 0.0434757 -0.008 -0.0576 -0.9983 80.dat
1 135 -44.892 -150.913 66.134 -0.813435 -0.580038 0.0420407 0.581479 -0.812449 0.0412658 -0.0102 -0.058 -0.9983 80.dat
1 135 -48.165 -155.354 65.813 -0.79366 -0.606559 0.0451733 0.608136 -0.792852 0.0387052 -0.0124 -0.0582 -0.9982 80.dat
1 135 -51.569 -159.663 65.492 -0.772393 -0.633261 0.0481467 0.634974 -0.771763 0.0359107 -0.0144 -0.0583 -0.9982 80.dat
1 135 -55.122 -163.854 65.172 -0.749418 -0.66022 0.0506662 0.661932 -0.748788 0.0328266 -0.0163 -0.0582 -0.9982 80.dat
1 135 -58.829 -167.918 64.852 -0.724362 -0.687434 0.0528114 0.689184 -0.723928 0.0295695 -0.0179 -0.0578 -0.9982 80.dat
1 135 -62.687 -171.842 64.534 -0.697106 -0.714844 0.0544653 0.71665 -0.696967 0.0262192 -0.0192 -0.0573 -0.9982 80.dat
1 135 -66.7 -175.613 64.22 -0.667554 -0.742542 0.0555298 0.744348 -0.667415 0.022757 -0.0202 -0.0565 -0.9982 80.dat
1 135 -70.866 -179.216 63.911 -0.635158 -0.770333 0.0559861 0.772077 -0.635234 0.0192811 -0.0207 -0.0555 -0.9982 80.dat
1 135 -75.186 -182.632 63.608 -0.599917 -0.798093 0.0557175 0.799838 -0.599993 0.0158712 -0.0207 -0.0541 -0.9983 80.dat
1 135 -79.657 -185.846 63.314 -0.561365 -0.825744 0.0549016 0.827311 -0.561577 0.0126627 -0.0203 -0.0525 -0.9984 80.dat
1 135 -84.276 -188.835 63.029 -0.519188 -0.852967 0.0532438 0.854454 -0.519516 0.00959973 -0.0194 -0.0505 -0.9985 80.dat
1 135 -89.039 -191.582 62.757 -0.473096 -0.879523 0.0510016 0.880814 -0.473461 0.00693472 -0.0181 -0.0482 -0.9987 80.dat
1 135 -93.967 -194.073 62.498 -0.422916 -0.904941 0.0480156 0.906016 -0.423221 0.00443388 -0.0163 -0.0454 -0.9988 80.dat
1 135 -99.024 -196.273 62.255 -0.368438 -0.928629 0.0444452 0.92949 -0.368682 0.00233101 -0.0142 -0.0421 -0.999 80.dat
1 135 -104.196 -198.161 62.032 -0.309864 -0.949925 0.0402903 0.950687 -0.310126 0.000626096 -0.0119 -0.0385 -0.9992 80.dat
1 135 -109.472 -199.712 61.83 -0.247161 -0.968355 0.0356491 0.968902 -0.247363 -0.000662199 -0.0095 -0.0344 -0.9994 80.dat
1 135 -114.861 -200.911 61.652 -0.180728 -0.983022 0.0305217 0.983551 -0.180831 -0.00153388 -0.0071 -0.0298 -0.9995 80.dat
1 135 -120.314 -201.737 61.5 -0.111415 -0.993445 0.0252215 0.993758 -0.111457 -0.00203123 -0.0048 -0.0248 -0.9997 80.dat
1 135 -125.808 -202.173 61.376 -0.0399725 -0.998964 0.0196502 0.999179 -0.0400334 -0.00217291 -0.0029 -0.0195 -0.9998 80.dat
1 135 -131.318 -202.214 61.283 0.0322436 -0.999356 0.0139059 0.999454 0.0322623 -0.00194026 -0.0014 -0.0139 -0.9999 80.dat
1 135 -136.817 -201.855 61.22 0.10433 -0.994495 0.00808714 0.994513 0.104232 -0.00131463 -0.0005 -0.0082 -1 80.dat
1 135 -142.267 -201.038 61.195 0.201325 -0.979543 0.000215142 0.979543 0.201325 -6.09402e-005 0 -0.0002 -1 80.dat
1 135 -147.656 -199.946 61.193 0.194866 -0.980861 0.000743672 0.980861 0.194866 -0.000164168 0 -0.0007 -1 80.dat
1 135 -153.056 -198.882 61.188 0.191811 -0.981401 0.000958815 0.981401 0.191811 -0.000225109 0 -0.001 -1 80.dat
1 135 -158.451 -197.812 61.184 0.197939 -0.980223 0.000430285 0.980223 0.197939 -0.00012188 0 -0.0005 -1 79.dat
0 SYNTH SYNTHESIZED END
0 SYNTH END
0 SYNTH BEGIN TECHNIC_RIBBED_HOSE 135
0 1 7 -20 90 50 1 0 0 0 0 1 0 -1 0 LS02.dat
0 1 7 -20 90 70 1 0 0 0 0 1 0 -1 0 LS02.dat
0 1 7 -30 -70.679 211.073 1 0 0 0 0.92388 -0.382683 0 0.382683 0.92388 LS02.dat
0 1 7 -30 -89.157 203.42 1 0 0 0 0.92388 -0.382683 0 0.382683 0.92388 LS02.dat
0 SYNTH SHOW
0 SYNTH SYNTHESIZED BEGIN
1 135 -16.529 -14.908 11.182 -0.98245 -0.186524 0 -0.186524 0.98245 0 0 0 -1 79.dat
1 135 -15.503 -20.314 11.182 -0.98245 0.186524 0 -0.186524 -0.98245 0 0 0 -1 80.dat
1 135 -14.477 -25.717 11.182 -0.98245 0.186524 0 -0.186524 -0.98245 0 0 0 -1 80.dat
1 135 -13.511 -31.132 11.189 -0.986726 0.162398 0.000522267 -0.162398 -0.986726 -0.00275086 -0.0001 0.0028 -1 80.dat
1 135 -12.732 -36.598 11.218 -0.993288 0.115401 0.0015295 -0.115499 -0.993307 -0.00805609 -0.0006 0.0082 -1 80.dat
1 135 -12.206 -42.096 11.275 -0.997518 0.0706833 0.00216738 -0.070702 -0.99742 -0.0130243 -0.0013 0.0131 -0.9999 80.dat
1 135 -11.922 -47.611 11.359 -0.999631 0.0279083 0.00253417 -0.0279456 -0.999434 -0.0176368 -0.002 0.0177 -0.9998 80.dat
1 135 -11.87 -53.135 11.467 -0.99992 -0.01277 0.00262985 0.0127141 -0.999625 -0.0218937 -0.0029 0.0219 -0.9998 80.dat
1 135 -12.038 -58.653 11.598 -0.998638 -0.0516886 0.00237485 0.0515344 -0.998362 -0.0259118 -0.0037 0.0258 -0.9997 80.dat
1 135 -12.416 -64.162 11.749 -0.99602 -0.0887492 0.00184874 0.0886746 -0.995627 -0.0295742 -0.0045 0.0293 -0.9996 80.dat
1 135 -12.996 -69.651 11.919 -0.99228 -0.124308 0.00107019 0.124196 -0.99169 -0.0329792 -0.0052 0.0326 -0.9995 80.dat
1 135 -13.766 -75.115 12.107 -0.987357 -0.158326 3.91856e-005 0.158313 -0.986749 -0.0361267 -0.0058 0.0356 -0.9993 80.dat
1 135 -14.722 -80.548 12.31 -0.981565 -0.191119 -0.00128157 0.191068 -0.98076 -0.0388203 -0.0062 0.0384 -0.9992 80.dat
1 135 -15.856 -85.944 12.529 -0.974843 -0.222727 -0.00295301 0.222676 -0.974038 -0.0412752 -0.0064 0.0409 -0.9991 80.dat
1 135 -17.161 -91.301 12.76 -0.967326 -0.253386 -0.00477866 0.253316 -0.966423 -0.0434539 -0.0064 0.0432 -0.999 80.dat
1 135 -18.635 -96.612 13.004 -0.959131 -0.283075 -0.00697365 0.283067 -0.958013 -0.0452957 -0.0062 0.0454 -0.999 80.dat
1 135 -20.269 -101.876 13.259 -0.950081 -0.311974 -0.0093415 0.312064 -0.948944 -0.0467631 -0.0057 0.0473 -0.9989 80.dat
1 135 -22.061 -107.089 13.525 -0.940292 -0.340217 -0.0119804 0.340387 -0.939038 -0.0478748 -0.005 0.0491 -0.9988 80.dat
1 135 -24.007 -112.245 13.8 -0.929783 -0.367866 -0.0148905 0.368134 -0.928511 -0.0486309 -0.0041 0.0507 -0.9987 80.dat
1 135 -26.107 -117.344 14.083 -0.918493 -0.395155 -0.0178751 0.39552 -0.917202 -0.048994 -0.0029 0.0521 -0.9986 80.dat
1 135 -28.356 -122.381 14.374 -0.906324 -0.422002 -0.0211123 0.422565 -0.904996 -0.0490996 -0.0015 0.0534 -0.9986 80.dat
1 135 -30.755 -127.349 14.672 -0.893374 -0.448569 -0.0245409 0.449248 -0.892125 -0.0487327 0.0001 0.0545 -0.9985 80.dat
1 135 -33.289 -132.222 14.975 -0.879563 -0.474911 -0.0280441 0.475688 -0.878296 -0.0479728 0.0019 0.0555 -0.9985 80.dat
1 135 -35.969 -137.021 15.283 -0.864831 -0.501126 -0.0316219 0.5021 -0.863527 -0.0468199 0.0038 0.0564 -0.9984 80.dat
1 135 -38.795 -141.739 15.595 -0.848883 -0.527331 -0.0351575 0.528539 -0.847737 -0.0453536 0.0059 0.0571 -0.9984 80.dat
1 135 -41.771 -146.373 15.911 -0.831816 -0.553662 -0.0386694 0.554986 -0.830751 -0.0434757 0.008 0.0576 -0.9983 80.dat
1 135 -44.892 -150.913 16.23 -0.813435 -0.580038 -0.0420407 0.581479 -0.812449 -0.0412658 0.0102 0.058 -0.9983 80.dat
1 135 -48.165 -155.354 16.551 -0.793759 -0.606559 -0.0451733 0.608117 -0.792852 -0.0387052 0.0124 0.0582 -0.9982 80.dat
1 135 -51.569 -159.662 16.872 -0.772393 -0.633261 -0.0481467 0.634974 -0.771763 -0.0359107 0.0144 0.0583 -0.9982 80.dat
1 135 -55.122 -163.854 17.193 -0.749418 -0.66022 -0.0506662 0.661932 -0.748788 -0.0328266 0.0163 0.0582 -0.9982 80.dat
1 135 -58.829 -167.918 17.512 -0.724362 -0.687416 -0.0528114 0.689184 -0.724026 -0.0295695 0.0179 0.0578 -0.9982 80.dat
1 135 -62.687 -171.842 17.83 -0.697106 -0.714844 -0.0544653 0.71665 -0.696967 -0.0262192 0.0192 0.0573 -0.9982 80.dat
1 135 -66.7 -175.613 18.144 -0.667554 -0.742542 -0.0555298 0.744348 -0.667415 -0.022757 0.0202 0.0565 -0.9982 80.dat
1 135 -70.866 -179.216 18.453 -0.635158 -0.770333 -0.0559861 0.772077 -0.635234 -0.0192811 0.0207 0.0555 -0.9982 80.dat
1 135 -75.186 -182.632 18.756 -0.599917 -0.798093 -0.0557175 0.799838 -0.599993 -0.0158712 0.0207 0.0541 -0.9983 80.dat
1 135 -79.657 -185.846 19.05 -0.561365 -0.825744 -0.0549016 0.827311 -0.561577 -0.0126627 0.0203 0.0525 -0.9984 80.dat
1 135 -84.276 -188.835 19.335 -0.519188 -0.852967 -0.0532438 0.854454 -0.519516 -0.00959973 0.0194 0.0505 -0.9985 80.dat
1 135 -89.039 -191.581 19.607 -0.473096 -0.879523 -0.0510016 0.880814 -0.473461 -0.00693472 0.0181 0.0481 -0.9987 80.dat
1 135 -93.967 -194.073 19.866 -0.422916 -0.904941 -0.0480156 0.906016 -0.423221 -0.00443388 0.0163 0.0454 -0.9988 80.dat
1 135 -99.024 -196.273 20.109 -0.368438 -0.92861 -0.0444452 0.92949 -0.36878 -0.00233101 0.0142 0.0421 -0.999 80.dat
1 135 -104.196 -198.161 20.332 -0.309864 -0.949925 -0.0402903 0.950687 -0.310126 -0.000626096 0.0119 0.0385 -0.9992 80.dat
1 135 -109.472 -199.712 20.534 -0.247161 -0.968355 -0.0356491 0.968902 -0.247363 0.000662199 0.0095 0.0344 -0.9994 80.dat
1 135 -114.861 -200.911 20.712 -0.180728 -0.983022 -0.0305217 0.983551 -0.180831 0.00153388 0.0071 0.0298 -0.9995 80.dat
1 135 -120.314 -201.737 20.864 -0.111415 -0.993445 -0.0252215 0.993758 -0.111457 0.00203123 0.0048 0.0248 -0.9997 80.dat
1 135 -125.808 -202.173 20.988 -0.0399725 -0.998964 -0.0196502 0.999179 -0.0400334 0.00217291 0.0029 0.0195 -0.9998 80.dat
1 135 -131.318 -202.214 21.081 0.0322436 -0.999356 -0.0139059 0.999454 0.0322623 0.00194026 0.0014 0.0139 -0.9999 80.dat
1 135 -136.817 -201.855 21.144 0.10433 -0.994495 -0.00808714 0.994513 0.104232 0.00131463 0.0005 0.0082 -1 80.dat
1 135 -142.267 -201.038 21.169 0.201325 -0.979543 -0.000215142 0.979543 0.201325 6.09402e-005 0 0.0002 -1 80.dat
1 135 -147.656 -199.946 21.172 0.194866 -0.980861 -0.000743672 0.980861 0.194866 0.000164168 0 0.0007 -1 80.dat
1 135 -153.056 -198.882 21.176 0.191811 -0.981401 -0.000958815 0.981401 0.191811 0.000225109 0 0.001 -1 80.dat
1 135 -158.451 -197.812 21.18 0.197939 -0.980223 -0.000430285 0.980223 0.197939 0.00012188 0 0.0005 -1 79.dat
0 SYNTH SYNTHESIZED END
0 SYNTH END
1 0 -18.861 -2.628 71.182 0 0.98245 0.186524 0 0.186524 -0.98245 -1 0 0 32039.dat
0 SYNTH BEGIN TECHNIC_FLEX-SYSTEM_HOSE 8
0 1 7 -50 -139.544 154.243 -1 0 0 0 0.707107 0.707107 0 0.707107 -0.707107 LS02.dat
0 1 7 -50 -181.971 111.816 -1 0 0 0 0.707107 0.707107 0 0.707107 -0.707107 LS02.dat
0 SYNTH SHOW
0 SYNTH SYNTHESIZED BEGIN
1 8 -223.067 -157.682 41.182 0 -49.5961 0.5628 0 33.7688 0.826582 1 0 0 LS50.dat
0 SYNTH SYNTHESIZED END
0 SYNTH END
1 0 -18.861 -2.628 11.182 0 0.98245 0.186524 0 0.186524 -0.98245 -1 0 0 32039.dat
1 0 -136.626 188.765 -43.818 0.186524 0 -0.98245 -0.98245 0 -0.186524 0 1 0 6632.dat
1 0 -318.101 174.667 -186.35 -0.694698 -0.694698 -0.186524 -0.131892 -0.131892 0.98245 -0.707107 0.707107 0 Part 3.ldr
1 0 -136.626 188.765 -53.818 0.186524 0 -0.98245 -0.98245 0 -0.186524 0 1 0 6632.dat
1 7 -156.276 185.033 -58.818 0 -0.186524 0.98245 0 0.98245 0.186524 -1 0 0 3673.dat
1 0 -136.626 188.765 126.182 -0.186524 0 -0.98245 0.98245 0 -0.186524 0 -1 0 6632.dat
1 0 -48.831 -59.211 -8.818 0 -0.186524 -0.98245 0 0.98245 -0.186524 1 0 0 6558.dat
1 0 -127.428 -74.134 -18.818 0 -0.186524 -0.98245 0 0.98245 -0.186524 1 0 0 2780.dat
1 0 -127.428 -74.134 101.182 0 -0.186524 -0.98245 0 0.98245 -0.186524 1 0 0 2780.dat
1 0 -48.831 -59.211 91.182 0 0.186524 -0.98245 0 -0.98245 -0.186524 -1 0 0 6558.dat
1 0 -136.626 188.765 136.182 -0.186524 0 -0.98245 0.98245 0 -0.186524 0 -1 0 6632.dat
1 0 -352.12 168.209 232.371 -0.694698 0.694698 -0.186524 -0.131892 0.131892 0.98245 0.707107 0.707107 0 Part 4.ldr
1 7 -156.276 185.033 141.182 0 0.186524 0.98245 0 -0.98245 0.186524 1 0 0 3673.dat
1 0 -56.791 -70.901 41.182 0 0.98245 0.186524 0 0.186524 -0.98245 -1 0 0 32064a.dat
1 0 -141.353 106.438 -38.818 0 0.98245 0.186524 0 0.186524 -0.98245 -1 0 0 2780.dat
1 0 -135.259 127.952 -48.818 0.98245 0.186524 0 0.186524 -0.98245 0 0 0 -1 32291.dat
1 0 -135.259 127.952 131.182 0.98245 0.186524 0 0.186524 -0.98245 0 0 0 -1 32291.dat
1 0 -145.085 126.087 131.182 0.98245 0.186524 0 0.186524 -0.98245 0 0 0 -1 32062.dat
1 0 -145.085 126.087 -48.818 0.98245 0.186524 0 0.186524 -0.98245 0 0 0 -1 32062.dat
1 0 -195.119 116.588 152.111 0.694698 0.186524 -0.694698 0.131892 -0.98245 -0.131892 -0.707107 0 -0.707107 32062.dat
1 0 -202.065 115.268 159.182 0.694698 0.186524 0.694698 0.131892 -0.98245 0.131892 0.707107 0 -0.707107 32039.dat
1 0 -141.353 106.438 121.182 0 0.98245 0.186524 0 0.186524 -0.98245 -1 0 0 2780.dat
1 8 -77.309 37.168 11.182 0.186524 0.98245 0 -0.98245 0.186524 0 0 0 1 3895.dat
1 8 -88.13 -66.672 -28.818 -0.186524 0 0.98245 0.98245 0 0.186524 0 1 0 32316.dat
1 8 -68.481 -62.942 -58.818 0.186524 0.98245 0 -0.98245 0.186524 0 0 0 1 6538b.dat
1 8 -99.123 -37.232 -88.818 0.642788 0 -0.766044 0.766044 0 0.642788 0 -1 0 32316.dat
1 7 -68.481 -62.942 -38.818 0 -0.186524 0.98245 0 0.98245 0.186524 -1 0 0 3749.dat
1 7 -68.481 -62.942 -78.818 0 0.766044 0.642788 0 -0.642788 0.766044 1 0 0 3749.dat
1 7 -23.713 150.891 70.182 0 0.998135 0.0610482 0 -0.0610482 0.998135 1 0 0 Part 6.ldr
1 8 -68.481 -62.942 141.182 0.186524 0.98245 0 -0.98245 0.186524 0 0 0 1 6538b.dat
1 7 -68.481 -62.942 161.182 0 0.968148 -0.25038 0 -0.25038 -0.968148 -1 0 0 3749.dat
1 7 -68.481 -62.942 121.182 0 0.186524 0.98245 0 -0.98245 0.186524 1 0 0 3749.dat
1 8 -107.78 -70.404 -58.818 0.186524 0.98245 0 -0.98245 0.186524 0 0 0 1 6538b.dat
1 8 -136.225 -14.634 -48.818 0 0.915311 0.402746 0 -0.402746 0.915311 1 0 0 Part 5.ldr
1 7 -107.78 -70.404 -38.818 0 -0.186524 0.98245 0 0.98245 0.186524 -1 0 0 3749.dat
1 7 -107.78 -70.404 -78.818 0 0.768842 0.639439 0 -0.639439 0.768842 1 0 0 3749.dat
1 8 -107.78 -70.404 141.182 0.186524 0.98245 0 -0.98245 0.186524 0 0 0 1 6538b.dat
1 7 -107.78 -70.404 161.182 0 -0.973379 0.229201 0 0.229201 0.973379 -1 0 0 3749.dat
1 7 -107.78 -70.404 121.182 0 0.186524 0.98245 0 -0.98245 0.186524 1 0 0 3749.dat
1 8 -88.13 -66.672 111.182 -0.186524 0 0.98245 0.98245 0 0.186524 0 1 0 32316.dat
1 8 -98.61 -31.468 171.182 -0.973379 0 0.229201 0.229201 0 0.973379 0 1 0 32316.dat
1 8 -138.535 -44.827 -88.818 -0.639439 0 -0.768842 -0.768842 0 0.639439 0 1 0 32316.dat
1 8 -43.443 33.873 171.182 0.968148 0 -0.25038 -0.25038 0 -0.968148 0 1 0 6629.dat
1 8 -174.28 120.544 130.898 0.186524 -0.694698 0.694698 -0.98245 -0.131892 0.131892 0 -0.707107 -0.707107 32192.dat
1 0 -195.119 116.588 -69.889 0.694698 -0.186524 -0.694698 0.131892 0.98245 -0.131892 0.707107 0 0.707107 32062.dat
1 0 -202.065 115.268 -76.96 0.694698 -0.186524 0.694698 0.131892 0.98245 0.131892 -0.707107 0 0.707107 32039.dat
1 8 -174.28 120.544 -48.676 -0.186524 -0.694698 0.694698 0.98245 -0.131892 0.131892 0 0.707107 0.707107 32192.dat
1 8 -74.573 231.95 121.182 0 -0.743145 0.66913 0 -0.66913 -0.743145 1 0 0 Part 2.ldr
1 8 -77.309 37.168 71.182 0.186524 0.98245 0 -0.98245 0.186524 0 0 0 1 3895.dat
1 8 -232.064 15.929 141.182 0 0.186524 -0.98245 0 -0.98245 -0.186524 -1 0 0 Part 7.ldr
1 8 -300.277 -80.486 -38.818 0 -0.186524 -0.98245 0 0.98245 -0.186524 1 0 0 Part 8.ldr
1 8 26.995 136.291 24.182 0.700909 0 0.713251 -0.713251 0 0.700909 0 -1 0 Part 1.ldr
1 8 -61.59 40.153 41.182 0.186524 0.98245 0 -0.98245 0.186524 0 0 0 1 3034.dat
1 7 -50 21.996 41.182 0.186524 0.98245 0 -0.98245 0.186524 0 0 0 1 3832.dat
0
0 FILE DSDK.ldr
0 Scout Micro
0 Name: DSDK.ldr
0 Author: R Paluczak
0 Unofficial Model
0 ROTATION CENTER 0 0 0 1 "Custom" 
0 ROTATION CONFIG 0 0
1 4 130 -152 0 1 0 0 0 1 0 0 0 1 332.dat
1 7 130 -152 0 1 0 0 0 1 0 0 0 1 32346.dat
1 0 130 -72 40 1 0 0 0 1 0 0 0 1 32344.dat
1 0 130 -152 0 1 0 0 0 1 0 0 0 1 32277.dat
1 4 150 -160 -10 1 0 0 0 1 0 0 0 1 334.dat
1 4 130 -160 -30 1 0 0 0 1 0 0 0 1 334.dat
1 4 110 -160 -10 1 0 0 0 1 0 0 0 1 334.dat
1 36 130 -152 0 1 0 0 0 1 0 0 0 1 32345.dat
1 7 130 -152 0 1 0 0 0 1 0 0 0 1 32276.dat
0
0 FILE Y-Frame.ldr
0 Y-Frame
0 Name: Y-Frame.ldr
0 Author: R Paluczak
0 Unofficial Model
0 ROTATION CENTER 0 0 0 1 "Custom" 
0 ROTATION CONFIG 0 0
1 0 -130 80 0 1 0 0 0 1 0 0 0 1 DSDK.ldr
1 0 -60 -14 -70 1 0 0 0 1 0 0 0 1 2780.dat
1 0 -20 -54 -110 0 0 -1 0 1 0 1 0 0 2780.dat
1 0 0 -64 -120 -1 0 0 0 1 0 0 0 -1 32333.dat
1 8 50 -64 -130 0 0 -1 0 1 0 1 0 0 3894.dat
1 0 20 -54 -110 0 0 -1 0 1 0 1 0 0 2780.dat
1 7 0 -54 -130 0 0 1 0 1 0 -1 0 0 3749.dat
1 7 0 -14 -140 1 0 0 0 1 0 0 0 1 32270.dat
1 7 0 -54 -140 1 0 0 0 1 0 0 0 1 32269.dat
1 7 30 -54 -170 0 0 -1 0 1 0 1 0 0 32269.dat
1 7 70 -54 -170 0 0 -1 0 1 0 1 0 0 3713.dat
1 8 -50 -64 -130 0 0 -1 0 1 0 1 0 0 3894.dat
1 7 -70 -54 -170 0 0 -1 0 1 0 1 0 0 3713.dat
1 0 0 -14 -120 0 0 -1 0 1 0 1 0 0 4519.dat
1 0 60 -14 -70 1 0 0 0 1 0 0 0 1 2780.dat
1 0 60 -54 -90 1 0 0 0 1 0 0 0 1 2780.dat
1 0 -60 -54 -90 1 0 0 0 1 0 0 0 1 2780.dat
1 0 70 -14 -90 1 0 0 0 1 0 0 0 1 6558.dat
1 0 -70 -14 -90 -1 0 0 0 1 0 0 0 -1 6558.dat
1 0 -70 -74 -90 0 1 0 0 0 1 1 0 0 32140.dat
1 0 70 -74 -90 0 1 0 0 0 1 1 0 0 32140.dat
1 0 0 -54 -170 -1 0 0 0 1 0 0 0 -1 3737.dat
0 
0
0 FILE Part 1.ldr
0 Part 1
0 Name: Part 1.ldr
0 Author: R Paluczak
0 Unofficial Model
0 ROTATION CENTER 0 0 0 1 "Custom" 
0 ROTATION CONFIG 0 0
1 0 -80 8 0 1 0 0 0 1 0 0 0 1 32250.dat
1 0 -80 -42 0 1 0 0 0 1 0 0 0 1 32250.dat
1 0 -80 -12 0 1 0 0 0 -1 0 0 0 -1 32250.dat
1 0 -80 -22 0 1 0 0 0 -1 0 0 0 -1 32250.dat
1 0 -40 -71 0 1 0 0 0 -1 0 0 0 -1 6632.dat
1 0 -40 38 0 1 0 0 0 -1 0 0 0 -1 6632.dat
1 8 -40 43 -20 0 -1 0 -1 0 0 0 0 -1 32002.dat
1 8 -40 -76 -20 0 1 0 1 0 0 0 0 -1 32002.dat
1 0 -80 -17 0 0 1 0 -1 0 0 0 0 1 4519.dat
1 0 -40 -16 0 0 1 0 -1 0 0 0 0 1 3706.dat
1 0 -40 -57 -0.001 0 -0.457874 0.889017 -1 0 0 0 -0.889017 -0.457874 32015.dat
1 7 -66.672 -57 13.736 0.889017 -0.457874 0 0 0 1 -0.457874 -0.889017 0 3749.dat
1 7 -16.511 -57 19.399 -0.763232 -0.646124 0 0 0 1 -0.646124 0.763232 0 3749.dat
1 0 -80 -17 -20 0 1 0 -1 0 0 0 0 1 6558.dat
1 0 -80 -27 60 0 1 0 -1 0 0 0 0 1 3705.dat
1 0 -80 -17 60 0 -1 0 0 0 1 -1 0 0 2994.dat
1 0 -80 -19 60 0 -1 0 0 0 1 -1 0 0 6578.dat
1 7 -40 -2 0 0 1 0 0 0 -1 -1 0 0 32123a.dat
1 7 -40 -32 0 0 1 0 0 0 -1 -1 0 0 32123a.dat
1 7 -80 -57 60 0 1 0 0 0 -1 -1 0 0 3648b.dat
1 7 -80 -37 -80 0 1 0 1 0 0 0 0 -1 3749.dat
1 7 -80 -32 -80 0 1 0 0 0 1 1 0 0 32123a.dat
1 7 -80 3 -80 0 1 0 -1 0 0 0 0 1 3749.dat
1 7 -80 -2 -80 0 1 0 0 0 -1 -1 0 0 32123a.dat
1 7 -40 23 0 0 1 0 0 0 -1 -1 0 0 3713.dat
1 7 -80 -27 60 0 1 0 0 0 -1 -1 0 0 3713.dat
1 7 -80 -2 0 0 1 0 0 0 -1 -1 0 0 32123a.dat
1 7 -80 -32 0 0 1 0 0 0 -1 -1 0 0 32123a.dat
0
0 FILE Part 2.ldr
0 Part 2
0 Name: Part 2.ldr
0 Author: R Paluczak
0 Unofficial Model
0 ROTATION CENTER 0 0 0 1 "Custom" 
0 ROTATION CONFIG 0 0
1 0 -100 32 0 0 1 0 -1 0 0 0 0 1 32140.dat
1 0 -60 32 0 0 1 0 -1 0 0 0 0 1 32140.dat
1 0 30 32 0 0 -1 0 0 0 1 -1 0 0 32140.dat
1 0 -190 32 0 0 -1 0 0 0 1 -1 0 0 32140.dat
1 0 -80 32 0 -1 0 0 0 -1 0 0 0 1 3706.dat
1 0 -150 32 0 0 0 -1 0 -1 0 -1 0 0 32034.dat
1 0 -10 32 0 0 0 -1 0 -1 0 -1 0 0 32034.dat
1 0 20 32 0 1 0 0 0 -1 0 0 0 -1 32062.dat
1 0 -180 32 0 1 0 0 0 -1 0 0 0 -1 32062.dat
1 7 -80 32 0 0 0 -1 0 -1 0 -1 0 0 3713.dat
1 7 -115 32 0 0 0 -1 0 -1 0 -1 0 0 32123a.dat
1 7 -45 32 0 0 0 -1 0 -1 0 -1 0 0 32123a.dat
0
0 FILE Part 3.ldr
0 Part 3
0 Name: Part 3.ldr
0 Author: R Paluczak
0 Unofficial Model
0 ROTATION CENTER 0 0 0 1 "Custom" 
0 ROTATION CONFIG 0 0
1 0 -90 40 0 1 0 0 0 1 0 0 0 1 32250.dat
1 8 -50 25 0 0 0.980785 0.19509 -1 0 0 0 -0.19509 0.980785 32013.dat
1 8 -170 25 -120 0 -0.19509 -0.980785 -1 0 0 0 0.980785 -0.19509 32013.dat
1 8 -90 25 -80 -1 0 0 0 1 0 0 0 -1 32009.dat
1 8 -170 47 -80 0 1 0 1 0 0 0 0 -1 6587.dat
1 0 -90 10 0 1 0 0 0 1 0 0 0 1 32250.dat
1 0 -170 40 -80 0 0 1 0 1 0 -1 0 0 6632.dat
1 0 -130 15 -80 0 0 1 1 0 0 0 1 0 4519.dat
1 0 -170 50 -80 -1 0 0 0 1 0 0 0 -1 6632.dat
1 7 -170 65 -80 -1 0 0 0 0 1 0 1 0 4019.dat
1 7 -170 35 -120 0 0 -1 1 0 0 0 -1 0 3749.dat
1 7 -170 40 -120 1 0 0 0 0 1 0 -1 0 32123a.dat
1 0 -90 25 0 0 1 0 -1 0 0 0 0 1 32062.dat
1 0 -50 25 0 0 1 0 -1 0 0 0 0 1 32062.dat
1 0 -90 25 80 0 1 0 -1 0 0 0 0 1 32062.dat
1 8 -160.192 25 -118.049 0 19.6147 0.1954 -1 0 0 0 3.9086 -0.9807 LS50.dat
1 8 -140.576 25 -114.147 0 4.6257 0.2197 -1 0 0 0 1.0416 -0.9756 LS51.dat
1 8 -136.537 25 -113.237 0 4.8081 0.2683 -1 0 0 0 1.3389 -0.9633 LS51.dat
1 8 -132.309 25 -112.06 0 4.9383 0.3163 -1 0 0 0 1.6466 -0.9487 LS51.dat
1 8 -127.941 25 -110.604 0 5.0508 0.3634 -1 0 0 0 1.9701 -0.9316 LS51.dat
1 8 -123.448 25 -108.851 0 5.1859 0.4095 -1 0 0 0 2.3276 -0.9123 LS51.dat
1 8 -118.81 25 -106.769 0 5.2829 0.4546 -1 0 0 0 2.6963 -0.8907 LS51.dat
1 8 -114.062 25 -104.346 0 5.3698 0.4986 -1 0 0 0 3.0887 -0.8668 LS51.dat
1 8 -109.215 25 -101.558 0 5.4261 0.5415 -1 0 0 0 3.4953 -0.8407 LS51.dat
1 8 -104.295 25 -98.3888 0 5.3681 0.583 -1 0 0 0 3.8522 -0.8125 LS51.dat
1 8 -99.416 25 -94.8878 0 5.3363 0.6231 -1 0 0 0 4.2508 -0.7822 LS51.dat
1 8 -94.5516 25 -91.0129 0 5.1709 0.6616 -1 0 0 0 4.5623 -0.7499 LS51.dat
1 8 -89.8313 25 -86.8483 0 4.9581 0.6983 -1 0 0 0 4.8371 -0.7158 LS51.dat
1 8 -85.3038 25 -82.4313 0 4.7215 0.7333 -1 0 0 0 5.0927 -0.6799 LS51.dat
1 8 -80.9929 25 -77.7815 0 4.4193 0.7666 -1 0 0 0 5.2763 -0.6421 LS51.dat
1 8 -76.9605 25 -72.9673 0 4.0368 0.7979 -1 0 0 0 5.3433 -0.6028 LS51.dat
1 8 -73.2856 25 -68.1029 0 3.6619 0.827 -1 0 0 0 5.3877 -0.5621 LS51.dat
1 8 -69.9615 25 -63.2124 0 3.2853 0.8542 -1 0 0 0 5.3964 -0.52 LS51.dat
1 8 -66.99 25 -58.3314 0 2.9067 0.8792 -1 0 0 0 5.3646 -0.4764 LS51.dat
1 8 -64.37 25 -53.4958 0 2.5007 0.902 -1 0 0 0 5.225 -0.4317 LS51.dat
1 8 -62.1286 25 -48.8127 0 2.1539 0.9225 -1 0 0 0 5.1476 -0.386 LS51.dat
1 8 -60.2078 25 -44.2222 0 1.8133 0.9408 -1 0 0 0 5.0307 -0.3391 LS51.dat
1 8 -58.5991 25 -39.7591 0 1.5218 0.9566 -1 0 0 0 4.9962 -0.2914 LS51.dat
1 8 -57.2935 25 -35.4724 0 1.5417 0.9728 -1 0 0 0 6.4733 -0.2317 LS51.dat
1 8 -51.9436 25 -9.8053 0 -3.9094 0.9807 -1 0 0 0 -19.6187 -0.1954 LS50.dat
0
0 FILE Part 4.ldr
0 Part 4
0 Name: Part 4.ldr
0 Author: R Paluczak
0 Unofficial Model
0 ROTATION CENTER 0 0 0 1 "Custom" 
0 ROTATION CONFIG 0 0
1 0 -90 40 0 1 0 0 0 1 0 0 0 1 32250.dat
1 8 -50 25 0 0 0.980785 0.19509 -1 0 0 0 -0.19509 0.980785 32013.dat
1 8 -170 25 -120 0 -0.19509 -0.980785 -1 0 0 0 0.980785 -0.19509 32013.dat
1 8 -90 25 -80 -1 0 0 0 1 0 0 0 -1 32009.dat
1 8 -170 3 -80 0 -1 0 -1 0 0 0 0 -1 6587.dat
1 0 -90 10 0 1 0 0 0 1 0 0 0 1 32250.dat
1 0 -170 10 -80 0 0 1 0 1 0 -1 0 0 6632.dat
1 0 -130 35 -80 0 0 1 1 0 0 0 1 0 4519.dat
1 0 -170 0 -80 -1 0 0 0 1 0 0 0 -1 6632.dat
1 7 -170 -15 -80 1 0 0 0 0 -1 0 1 0 4019.dat
1 7 -170 15 -120 0 0 1 -1 0 0 0 -1 0 3749.dat
1 0 -90 25 0 0 1 0 -1 0 0 0 0 1 32062.dat
1 0 -50 25 0 0 1 0 -1 0 0 0 0 1 32062.dat
1 0 -90 25 80 0 1 0 -1 0 0 0 0 1 32062.dat
1 8 -160.192 25 -118.049 0 19.6147 0.1954 -1 0 0 0 3.9086 -0.9807 LS50.dat
1 8 -140.576 25 -114.147 0 4.6257 0.2197 -1 0 0 0 1.0416 -0.9756 LS51.dat
1 8 -136.537 25 -113.237 0 4.8081 0.2683 -1 0 0 0 1.3389 -0.9633 LS51.dat
1 8 -132.309 25 -112.06 0 4.9383 0.3163 -1 0 0 0 1.6466 -0.9487 LS51.dat
1 8 -127.941 25 -110.604 0 5.0508 0.3634 -1 0 0 0 1.9701 -0.9316 LS51.dat
1 8 -123.448 25 -108.851 0 5.1859 0.4095 -1 0 0 0 2.3276 -0.9123 LS51.dat
1 8 -118.81 25 -106.769 0 5.2829 0.4546 -1 0 0 0 2.6963 -0.8907 LS51.dat
1 8 -114.062 25 -104.346 0 5.3698 0.4986 -1 0 0 0 3.0887 -0.8668 LS51.dat
1 8 -109.215 25 -101.558 0 5.4261 0.5415 -1 0 0 0 3.4953 -0.8407 LS51.dat
1 8 -104.295 25 -98.3888 0 5.3681 0.583 -1 0 0 0 3.8522 -0.8125 LS51.dat
1 8 -99.416 25 -94.8878 0 5.3363 0.6231 -1 0 0 0 4.2508 -0.7822 LS51.dat
1 8 -94.5516 25 -91.0129 0 5.1709 0.6616 -1 0 0 0 4.5623 -0.7499 LS51.dat
1 8 -89.8313 25 -86.8483 0 4.9581 0.6983 -1 0 0 0 4.8371 -0.7158 LS51.dat
1 8 -85.3038 25 -82.4313 0 4.7215 0.7333 -1 0 0 0 5.0927 -0.6799 LS51.dat
1 8 -80.9929 25 -77.7815 0 4.4193 0.7666 -1 0 0 0 5.2763 -0.6421 LS51.dat
1 8 -76.9605 25 -72.9673 0 4.0368 0.7979 -1 0 0 0 5.3433 -0.6028 LS51.dat
1 8 -73.2856 25 -68.1029 0 3.6619 0.827 -1 0 0 0 5.3877 -0.5621 LS51.dat
1 8 -69.9615 25 -63.2124 0 3.2853 0.8542 -1 0 0 0 5.3964 -0.52 LS51.dat
1 8 -66.99 25 -58.3314 0 2.9067 0.8792 -1 0 0 0 5.3646 -0.4764 LS51.dat
1 8 -64.37 25 -53.4958 0 2.5007 0.902 -1 0 0 0 5.225 -0.4317 LS51.dat
1 8 -62.1286 25 -48.8127 0 2.1539 0.9225 -1 0 0 0 5.1476 -0.386 LS51.dat
1 8 -60.2078 25 -44.2222 0 1.8133 0.9408 -1 0 0 0 5.0307 -0.3391 LS51.dat
1 8 -58.5991 25 -39.7591 0 1.5218 0.9566 -1 0 0 0 4.9962 -0.2914 LS51.dat
1 8 -57.2935 25 -35.4724 0 1.5417 0.9728 -1 0 0 0 6.4733 -0.2317 LS51.dat
1 8 -51.9436 25 -9.8053 0 -3.9094 0.9807 -1 0 0 0 -19.6187 -0.1954 LS50.dat
1 7 -170 10 -120 1 0 0 0 0 1 0 -1 0 32123a.dat
0
0 FILE Part 5.ldr
0 Part 5
0 Name: Part 5.ldr
0 Author: R Paluczak
0 Unofficial Model
0 ROTATION CENTER 0 0 0 1 "Custom" 
0 ROTATION CONFIG 0 0
1 0 -10 24 0 1 0 0 0 1 0 0 0 1 75535.dat
1 0 20 44 0 0 0 1 0 -1 0 1 0 0 6536.dat
1 0 20 44 90 0 0 1 0 -1 0 1 0 0 3737.dat
1 0 20 44 200 -1 0 0 0 -1 0 0 0 1 32013.dat
1 7 -30 24 0 1 0 0 0 1 0 0 0 1 3673.dat
1 7 10 24 0 1 0 0 0 1 0 0 0 1 3673.dat
0
0 FILE Part 6.ldr
0 Part 6
0 Name: Part 6.ldr
0 Author: R Paluczak
0 Unofficial Model
0 ROTATION CENTER 0 0 0 1 "Custom" 
0 ROTATION CONFIG 0 0
1 0 40 8 0 1 0 0 0 1 0 0 0 1 32013.dat
1 0 40 8 -260 -1 0 0 0 1 0 0 0 -1 32013.dat
1 0 70 8 -260 -1 0 0 0 1 0 0 0 -1 75535.dat
1 7 50 8 -260 -1 0 0 0 1 0 0 0 -1 3673.dat
1 7 90 8 -260 1 0 0 0 1 0 0 0 1 3749.dat
1 0 40 8 -130 0 0 -1 0 1 0 1 0 0 3708.dat
0
0 FILE Part 7.ldr
0 Part 7
0 Name: Part 7.ldr
0 Author: R Paluczak
0 Unofficial Model
0 ROTATION CENTER 0 0 0 1 "Custom" 
0 ROTATION CONFIG 0 0
1 8 -50 36 -120 0 -1 0 -1 0 0 0 0 -1 32177.dat
1 0 -50 36 -60 1 0 0 0 -1 0 0 0 -1 4519.dat
1 0 -70 36 -60 1 0 0 0 -1 0 0 0 -1 6536.dat
1 0 -30 36 -60 1 0 0 0 -1 0 0 0 -1 6536.dat
1 0 -30 16 -50 0 0 1 0 -1 0 1 0 0 2780.dat
1 0 -70 16 -50 0 0 1 0 -1 0 1 0 0 2780.dat
1 8 -70 16 -30 0 0 1 1 0 0 0 -20 0 LS50.dat
1 8 -70 16 -50 0.0002 -0.0927 0.9998 0.9999 0.0627 0.0002 0.0145 -4.318 -0.0215 LS51.dat
1 8 -70.0797 16.0539 -53.7134 -0.0072 -0.3386 0.998 0.999 0.2342 0.0099 0.0439 -5.3827 -0.0623 LS51.dat
1 8 -70.3803 16.2618 -58.4914 -0.0157 -0.7231 0.9946 0.997 0.5176 0.0233 0.0757 -6.9716 -0.1014 LS51.dat
1 8 -71.041 16.7348 -64.8615 -0.0263 -1.4202 0.9897 0.9935 1.0741 0.0415 0.1111 -9.9396 -0.1369 LS51.dat
1 8 -72.3749 17.7436 -74.1968 -0.0414 -3.1285 0.9843 0.987 2.6661 0.067 0.1552 -17.7859 -0.1631 LS51.dat
1 8 -75.4205 20.3391 -91.5116 -0.0751 -3.6066 0.9831 0.9769 4.0104 0.1062 0.2003 -20.9165 -0.1492 LS51.dat
1 8 -78.9255 24.2366 -111.839 -0.12 -1.3447 0.9851 0.9668 2.3058 0.1441 0.2255 -10.6034 -0.0936 LS51.dat
1 8 -80.1952 26.4137 -121.851 -0.1431 -0.5355 0.987 0.9622 1.6217 0.1562 0.2317 -7.0671 -0.0389 LS51.dat
1 8 -80.6861 27.9002 -128.328 -0.1584 -0.128 0.9871 0.9599 1.2475 0.1595 0.2315 -5.2608 0.0138 LS51.dat
1 8 -80.7998 29.008 -133 -0.1693 0.1146 0.9852 0.9588 1.0178 0.1584 0.228 -4.1943 0.0654 LS51.dat
1 8 -80.7012 29.8834 -136.607 -0.1775 0.2723 0.9811 0.9586 0.8491 0.1548 0.2226 -3.4388 0.1159 LS51.dat
1 8 -80.4751 30.5884 -139.463 -0.1836 0.3882 0.9748 0.959 0.7389 0.1493 0.216 -2.9514 0.1656 LS51.dat
1 8 -80.1635 31.1816 -141.832 -0.1881 0.4722 0.9662 0.9598 0.647 0.1427 0.2083 -2.555 0.2147 LS51.dat
1 8 -79.7977 31.6828 -143.811 -0.1912 0.5403 0.9553 0.961 0.5781 0.1353 0.2 -2.2608 0.2629 LS51.dat
1 8 -79.3943 32.1143 -145.499 -0.1931 0.6034 0.942 0.9624 0.5276 0.1273 0.1912 -2.0464 0.3106 LS51.dat
1 8 -78.9583 32.4956 -146.977 -0.1939 0.6494 0.9263 0.964 0.4783 0.1188 0.182 -1.8415 0.3575 LS51.dat
1 8 -78.5038 32.8304 -148.266 -0.1938 0.6841 0.9085 0.9657 0.4342 0.1103 0.1726 -1.6609 0.403 LS51.dat
1 8 -78.0422 33.1233 -149.387 -0.1927 0.7332 0.8886 0.9676 0.4073 0.1016 0.1632 -1.5491 0.4473 LS51.dat
1 8 -77.5623 33.3899 -150.401 -0.1908 0.7779 0.8662 0.9695 0.3819 0.0928 0.1535 -1.4446 0.491 LS51.dat
1 8 -77.0649 33.6341 -151.325 -0.1882 0.8077 0.8417 0.9715 0.3534 0.084 0.1439 -1.3304 0.5333 LS51.dat
1 8 -76.5646 33.853 -152.149 -0.1847 0.8558 0.8151 0.9736 0.3359 0.0754 0.1342 -1.2586 0.5744 LS51.dat
1 8 -76.0442 34.0572 -152.914 -0.1805 0.8871 0.7863 0.9757 0.3135 0.067 0.1246 -1.1698 0.6142 LS51.dat
1 8 -75.5162 34.2439 -153.61 -0.1756 0.9214 0.7556 0.9777 0.2944 0.0588 0.1152 -1.0939 0.6523 LS51.dat
1 8 -74.9759 34.4165 -154.252 -0.17 0.9549 0.7233 0.9797 0.2765 0.051 0.106 -1.0235 0.6886 LS51.dat
1 8 -74.427 34.5754 -154.84 -0.1638 1.0053 0.689 0.9817 0.2639 0.0435 0.097 -0.9734 0.7234 LS51.dat
1 8 -73.8518 34.7264 -155.397 -0.157 1.0405 0.6529 0.9837 0.2475 0.0364 0.0881 -0.9099 0.7566 LS51.dat
1 8 -73.2622 34.8667 -155.912 -0.1495 1.0842 0.6152 0.9856 0.2335 0.0298 0.0795 -0.8554 0.7878 LS51.dat
1 8 -72.6489 34.9988 -156.396 -0.1415 1.1222 0.5759 0.9874 0.2183 0.0236 0.0712 -0.7971 0.8172 LS51.dat
1 8 -72.013 35.1225 -156.848 -0.133 1.1588 0.5355 0.9891 0.2031 0.018 0.0633 -0.7392 0.8444 LS51.dat
1 8 -71.3557 35.2377 -157.267 -0.124 1.2104 0.4939 0.9907 0.1903 0.0129 0.0557 -0.6904 0.8694 LS51.dat
1 8 -70.6658 35.3462 -157.661 -0.1144 1.2738 0.4509 0.9922 0.1784 0.0084 0.0485 -0.6452 0.8925 LS51.dat
1 8 -69.9308 35.4492 -158.033 -0.1043 1.3359 0.4066 0.9937 0.1652 0.0045 0.0415 -0.5953 0.9136 LS51.dat
1 8 -69.1504 35.5457 -158.381 -0.0937 1.4052 0.3609 0.995 0.1514 0.0012 0.035 -0.544 0.9326 LS51.dat
1 8 -68.3111 35.6361 -158.706 -0.0826 1.4538 0.3146 0.9962 0.1345 -0.0013 0.0288 -0.4816 0.9492 LS51.dat
1 8 -67.4263 35.7179 -158.999 -0.0713 1.5249 0.2681 0.9972 0.1188 -0.0031 0.0231 -0.424 0.9634 LS51.dat
1 8 -66.4827 35.7914 -159.261 -0.0594 1.6289 0.2208 0.9981 0.1035 -0.0042 0.0177 -0.3683 0.9753 LS51.dat
1 8 -65.4383 35.8578 -159.497 -0.0473 1.695 0.1733 0.9988 0.084 -0.0044 0.0128 -0.2979 0.9849 LS51.dat
1 8 -64.3359 35.9124 -159.691 -0.0346 1.8559 0.1253 0.9994 0.0663 -0.0038 0.0082 -0.2342 0.9921 LS51.dat
1 8 -63.0759 35.9574 -159.85 -0.0217 1.9755 0.0772 0.9998 0.0434 -0.0023 0.004 -0.1529 0.997 LS51.dat
1 8 -61.7321 35.987 -159.954 -0.0075 2.0614 0.0264 1 0.0155 0.0001 0.0001 -0.0545 0.9997 LS51.dat
1 8 -40 36 -160 0 -20 0 1 0 0 0 0 1 LS50.dat
1 0 -30 16 -10 0 0 1 0 -1 0 1 0 0 2780.dat
1 0 -70 16 -10 0 0 1 0 -1 0 1 0 0 2780.dat
1 36 -70 16 -30 0 0 1 1 0 0 0 1 0 30374.dat
1 36 -30 16 -30 0 0 1 1 0 0 0 1 0 30374.dat
1 0 -30 16 -30 0 0 1 0 -1 0 1 0 0 75535.dat
1 0 -70 16 -30 0 0 1 0 -1 0 1 0 0 75535.dat
1 7 -40 36 -180 -1 0 0 0 1 0 0 0 -1 3749.dat
1 7 -40 36 -140 -1 0 0 0 1 0 0 0 -1 3749.dat
1 7 -60 36 -160 -1 0 0 0 1 0 0 0 -1 4274.dat
0
0 FILE Part 8.ldr
0 Part 8
0 Name: Part 8.ldr
0 Author: R Paluczak
0 Unofficial Model
0 
0 
0 ROTATION CENTER 0 0 0 1 "Custom" 
0 ROTATION CONFIG 0 0
1 8 -50 36 -120 0 -1 0 -1 0 0 0 0 -1 32177.dat
1 0 -50 36 -60 1 0 0 0 -1 0 0 0 -1 4519.dat
1 0 -70 36 -60 -1 0 0 0 1 0 0 0 -1 6536.dat
1 0 -30 36 -60 -1 0 0 0 1 0 0 0 -1 6536.dat
1 0 -30 56 -50 0 0 1 0 -1 0 1 0 0 2780.dat
1 0 -70 56 -50 0 0 1 0 -1 0 1 0 0 2780.dat
1 0 -30 56 -10 0 0 1 0 -1 0 1 0 0 2780.dat
0 SYNTH BEGIN TECHNIC_FLEX-SYSTEM_HOSE 8
0 1 0 -70 56 -30 0 0 1 1 0 0 0 1 0 LS02.dat
0 1 0 -70 56 -50 0 0 1 1 0 0 0 1 0 LS02.dat
0 1 0 -60 36 -160 0 -1 0 1 0 0 0 0 1 LS02.dat
0 1 0 -40 36 -160 0 -1 0 1 0 0 0 0 1 LS02.dat
0 SYNTH SHOW
0 SYNTH SYNTHESIZED BEGIN
1 8 -70 56 -30 0 0 1 1 0 0 0 -20 0 LS50.dat
1 8 -70 56 -50 -0.0002 -0.0927 0.9998 0.9999 -0.0627 -0.0002 -0.0145 -4.3172 -0.0215 LS51.dat
1 8 -70.0797 55.9461 -53.7134 0.0072 -0.3373 0.998 0.999 -0.2332 -0.0099 -0.0439 -5.3664 -0.0623 LS51.dat
1 8 -70.3791 55.7391 -58.4768 0.0156 -0.7187 0.9946 0.997 -0.5144 -0.0233 -0.0755 -6.9408 -0.1013 LS51.dat
1 8 -71.0357 55.2691 -64.8183 0.0262 -1.4072 0.9898 0.9935 -1.0637 -0.0413 -0.1108 -9.8694 -0.1367 LS51.dat
1 8 -72.3567 54.2706 -74.083 0.0412 -3.1179 0.9844 0.9871 -2.6534 -0.0666 -0.1548 -17.7437 -0.163 LS51.dat
1 8 -75.3916 51.6878 -91.3543 0.0747 -3.6265 0.9831 0.9769 -4.0244 -0.1058 -0.2 -21.0126 -0.1494 LS51.dat
1 8 -78.9164 47.7762 -111.778 0.1198 -1.349 0.9851 0.9669 -2.3074 -0.1439 -0.2254 -10.6146 -0.0939 LS51.dat
1 8 -80.1905 45.597 -121.803 0.1429 -0.5373 0.987 0.9623 -1.617 -0.156 -0.2316 -7.0488 -0.0394 LS51.dat
1 8 -80.6829 44.115 -128.263 0.1581 -0.1316 0.9871 0.9599 -1.2553 -0.1593 -0.2315 -5.2951 0.0132 LS51.dat
1 8 -80.7998 42.9999 -132.967 0.1691 0.1137 0.9853 0.9588 -1.0226 -0.1583 -0.2281 -4.2148 0.065 LS51.dat
1 8 -80.7021 42.1206 -136.591 0.1773 0.2752 0.9812 0.9586 -0.8581 -0.1546 -0.2227 -3.4753 0.1159 LS51.dat
1 8 -80.4734 41.4076 -139.479 0.1834 0.3893 0.9748 0.959 -0.7391 -0.1491 -0.2159 -2.9519 0.1659 LS51.dat
1 8 -80.1609 40.8144 -141.848 0.1879 0.4729 0.9661 0.9598 -0.6465 -0.1425 -0.2083 -2.5527 0.2151 LS51.dat
1 8 -79.7944 40.3133 -143.827 0.191 0.5359 0.9553 0.961 -0.5727 -0.1351 -0.2 -2.2396 0.2631 LS51.dat
1 8 -79.3943 39.8856 -145.499 0.1929 0.5954 0.9421 0.9624 -0.5212 -0.1271 -0.1913 -2.0214 0.3103 LS51.dat
1 8 -78.9631 39.5083 -146.962 0.1938 0.6367 0.9267 0.964 -0.4707 -0.1189 -0.1823 -1.8124 0.3564 LS51.dat
1 8 -78.5203 39.1809 -148.223 0.1936 0.6978 0.909 0.9657 -0.4444 -0.1103 -0.173 -1.7004 0.4019 LS51.dat
1 8 -78.0484 38.8803 -149.373 0.1926 0.7408 0.8888 0.9676 -0.4119 -0.1014 -0.1633 -1.5666 0.447 LS51.dat
1 8 -77.5623 38.6101 -150.401 0.1907 0.7801 0.8663 0.9696 -0.383 -0.0926 -0.1536 -1.4487 0.4909 LS51.dat
1 8 -77.0648 38.3659 -151.325 0.188 0.8186 0.8416 0.9716 -0.3579 -0.0838 -0.1439 -1.3471 0.5336 LS51.dat
1 8 -76.5566 38.1437 -152.161 0.1845 0.8569 0.8147 0.9736 -0.3357 -0.0751 -0.1342 -1.2579 0.575 LS51.dat
1 8 -76.0356 37.9396 -152.926 0.1802 0.8883 0.7858 0.9757 -0.3134 -0.0666 -0.1246 -1.1694 0.6148 LS51.dat
1 8 -75.5071 37.7531 -153.622 0.1753 0.9225 0.7551 0.9777 -0.2942 -0.0585 -0.1152 -1.0933 0.653 LS51.dat
1 8 -74.9664 37.5806 -154.262 0.1698 0.9521 0.7227 0.9798 -0.2752 -0.0507 -0.106 -1.0186 0.6892 LS51.dat
1 8 -74.4169 37.4218 -154.85 0.1636 0.9919 0.6888 0.9817 -0.2602 -0.0433 -0.097 -0.9596 0.7237 LS51.dat
1 8 -73.8518 37.2736 -155.397 0.1568 1.0403 0.6529 0.9837 -0.2475 -0.0362 -0.0883 -0.9096 0.7566 LS51.dat
1 8 -73.2621 37.1333 -155.912 0.1494 1.0843 0.6152 0.9856 -0.2335 -0.0296 -0.0797 -0.8555 0.7878 LS51.dat
1 8 -72.6488 37.0012 -156.396 0.1414 1.1222 0.5759 0.9874 -0.2183 -0.0234 -0.0714 -0.7971 0.8172 LS51.dat
1 8 -72.0129 36.8775 -156.848 0.1329 1.1633 0.5355 0.9891 -0.2039 -0.0178 -0.0635 -0.742 0.8444 LS51.dat
