0 FILE Droid Escape.ldr
0 Droid Escape
0 Name: Droid Escape.ldr
0 Author: LDraw
0 Unofficial Model
0 ROTATION CENTER 0 0 0 1 "Custom" 
0 ROTATION CONFIG 0 0
1 0 -290 16 -320 0 0 1 0 1 0 -1 0 0 Part 1.ldr
1 0 -470 8 -330 0 0 1 0 1 0 -1 0 0 C-3PO.ldr
1 0 -470 8 -240 0 0 1 0 1 0 -1 0 0 Sandtrooper 2.ldr
1 0 -470 32 -480 0 0 1 0 1 0 -1 0 0 R2-D2.ldr
1 0 -470 8 -121 0 0 1 0 1 0 -1 0 0 Sandtrooper 1.ldr
1 0 -270 -46 20 0 -0.92388 0.382683 1 0 0 0 0.382683 0.92388 Part 3.ldr
0
0 FILE R2-D2.ldr
0 R2-D2
0 Name: R2-D2.ldr
0 Author: LDraw
0 Unofficial Model
0 ROTATION CENTER 0 0 0 1 "Custom" 
0 ROTATION CONFIG 0 0
1 15 -60 -0 0 0 0 1 0 1 0 -1 0 0 30362.dat
1 15 -100 0 0 0 0 -1 0 1 0 1 0 0 30362.dat
1 15 -80 0 0 1 0 0 0 1 0 0 0 1 30361dps1.dat
1 71 -80 -34 0 1 0 0 0 1 0 0 0 1 30367bps1.dat
0
0 FILE Sandtrooper 1.ldr
0 Sandtrooper 1
0 Name: Sandtrooper 1.ldr
0 Author: LDraw
0 Unofficial Model
0 ROTATION CENTER 0 0 0 1 "Custom" 
0 ROTATION CONFIG 0 0
1 15 0 -27 0 1 0 0 0 1 0 0 0 1 30408p01.dat
1 0 0 -27 0 1 0 0 0 1 0 0 0 1 3626bp01.dat
1 71 0 0 0 -1 0 0 0 1 0 0 0 -1 42446.dat
1 15 0 0 0 1 0 0 0 1 0 0 0 1 973psk.dat
1 0 0 32 0 1 0 0 0 1 0 0 0 1 3815.dat
1 0 0 9 21 -1 0 0 0 0 -1 0 -1 0 2540.dat
1 0 10 9 29 -1 0 0 0 0 -1 0 -1 0 2555.dat
1 0 -10 9 29 -1 0 0 0 0 -1 0 -1 0 2555.dat
1 71 10 29 35 0.707107 0 0.707107 0 -1 0 0.707107 0 -0.707107 577b.dat
1 71 -10 29 35 0.707107 0 0.707107 0 -1 0 0.707107 0 -0.707107 577b.dat
1 15 -15.552 9 0 0.985 -0.17 0 0.17 0.985 0 0 0 1 3818.dat
1 15 15.552 9 0 0.985 0.17 0 -0.17 0.985 0 0 0 1 3819.dat
1 0 -23.8634 26.5956 -10.321 0.985 -0.12019 0.12019 0.17 0.696395 -0.696395 0 0.707 0.707 3820.dat
1 0 23.8634 26.5956 -10.321 0.985 0.12019 -0.12019 -0.17 0.696395 -0.696395 0 0.707 0.707 3820.dat
1 0 -23.1951 22.7236 -33.8217 0.985 -0.0874983 0.14567 0.17 0.506976 -0.844031 0 0.856884 0.514696 57899.dat
1 15 0 44 0 1 0 0 0 1 0 0 0 1 3816.dat
1 15 0 44 0 1 0 0 0 1 0 0 0 1 3817.dat
0
0 FILE Sandtrooper 2.ldr
0 Sandtrooper 2
0 Name: Sandtrooper 2.ldr
0 Author: LDraw
0 Unofficial Model
0 ROTATION CENTER 0 0 0 1 "Custom" 
0 ROTATION CONFIG 0 0
1 15 0 -27 0 1 0 0 0 1 0 0 0 1 30408p01.dat
1 0 0 -27 0 1 0 0 0 1 0 0 0 1 3626bp01.dat
1 71 0 0 0 -1 0 0 0 1 0 0 0 -1 42446.dat
1 15 0 0 0 1 0 0 0 1 0 0 0 1 973psk.dat
1 0 0 32 0 1 0 0 0 1 0 0 0 1 3815.dat
1 0 0 9 21 -1 0 0 0 0 -1 0 -1 0 2540.dat
1 0 10 9 29 -1 0 0 0 0 -1 0 -1 0 2555.dat
1 0 -10 9 29 -1 0 0 0 0 -1 0 -1 0 2555.dat
1 71 10 29 35 0.707107 0 0.707107 0 -1 0 0.707107 0 -0.707107 577b.dat
1 71 -10 29 35 0.707107 0 0.707107 0 -1 0 0.707107 0 -0.707107 577b.dat
1 15 -15.552 9 0 0.985 -0.17 0 0.17 0.985 0 0 0 1 3818.dat
1 15 15.552 9 0 0.985 0.17 0 -0.17 0.985 0 0 0 1 3819.dat
1 0 -23.8634 26.5956 -10.321 0.985 -0.12019 0.12019 0.17 0.696395 -0.696395 0 0.707 0.707 3820.dat
1 0 23.8634 26.5956 -10.321 0.985 0.12019 -0.12019 -0.17 0.696395 -0.696395 0 0.707 0.707 3820.dat
1 71 23.9884 25.2414 -26.493 0.985 0.12019 -0.12019 -0.17 0.696395 -0.696395 0 0.707 0.707 4073.dat
1 0 -24.6826 31.3422 -19.2547 0.985 -0.0874983 0.14567 0.17 0.506976 -0.844031 0 0.856884 0.514696 58247.dat
1 15 0 44 0 1 0 0 0 1 0 0 0 1 3816.dat
1 15 0 44 0 1 0 0 0 1 0 0 0 1 3817.dat
0
0 FILE C-3PO.ldr
0 C-3PO
0 Name: C-3PO.ldr
0 Author: LDraw
0 Unofficial Model
0 ROTATION CENTER 0 0 0 1 "Custom" 
0 ROTATION CONFIG 0 0
1 297 0 0 0 1 0 0 0 1 0 0 0 1 30480.dat
1 297 0 0 0 1 0 0 0 1 0 0 0 1 973psr.dat
1 297 0 32 0 1 0 0 0 1 0 0 0 1 3815.dat
1 297 -15.552 9 0 0.985 -0.17 0 0.17 0.985 0 0 0 1 3818.dat
1 297 15.552 9 0 0.985 0.17 0 -0.17 0.985 0 0 0 1 3819.dat
1 297 -23.8634 26.5956 -10.321 0.985 -0.12019 0.12019 0.17 0.696395 -0.696395 0 0.707 0.707 3820.dat
1 297 23.8634 26.5956 -10.321 0.985 0.12019 -0.12019 -0.17 0.696395 -0.696395 0 0.707 0.707 3820.dat
1 297 0 44 0 1 0 0 0 1 0 0 0 1 3816.dat
1 297 0 44 0 1 0 0 0 1 0 0 0 1 3817.dat
0
0 FILE Part 1.ldr
0 Part 1
0 Name: Part 1.ldr
0 Author: LDraw
0 Unofficial Model
0 ROTATION CENTER 0 0 0 1 "Custom" 
0 ROTATION CONFIG 0 0
1 72 10 24 0 0 0 1 0 1 0 -1 0 0 3176.dat
1 72 20 0 0 0 0 -1 0 1 0 1 0 0 3839b.dat
1 72 20 -8 0 0 0 -1 0 1 0 1 0 0 3839b.dat
1 0 20 16 10 0 0 -1 0 1 0 1 0 0 60897.dat
1 0 20 16 -10 0 0 -1 0 1 0 1 0 0 60897.dat
1 0 -10 16 0 0 0 -1 0 1 0 1 0 0 4032b.dat
1 70 0 8 0 -1 0 0 0 1 0 0 0 -1 3021.dat
1 70 20 -16 0 0 0 1 0 1 0 -1 0 0 2412b.dat
1 71 -10 0 10 -1 0 0 0 1 0 0 0 -1 63868.dat
1 71 -10 0 -10 -1 0 0 0 1 0 0 0 -1 63868.dat
1 71 -75.355 -47.498 -20 0.707107 -0.707107 0 0.707107 0.707107 0 0 0 1 Part 2.ldr
0
0 FILE Part 2.ldr
0 Part 2
0 Name: Part 2.ldr
0 Author: LDraw
0 Unofficial Model
0 ROTATION CENTER 0 0 0 1 "Custom" 
0 ROTATION CONFIG 0 0
1 72 40 16 20 0 0 1 0 1 0 -1 0 0 3839b.dat
1 72 30 -8 20 1 0 0 0 1 0 0 0 1 2555.dat
1 0 30 -14 20 0 0 1 0 1 0 -1 0 0 30031.dat
1 0 0 0 10 0 0 1 0 -1 0 1 0 0 63965.dat
1 0 0 0 30 0 0 1 0 -1 0 1 0 0 63965.dat
1 72 20 16 10 0 0 1 0 1 0 -1 0 0 60897.dat
1 72 20 16 30 0 0 1 0 1 0 -1 0 0 60897.dat
1 71 20 8 10 0 0 1 0 1 0 -1 0 0 60897.dat
1 71 20 8 30 0 0 1 0 1 0 -1 0 0 60897.dat
1 71 40 8 20 0 0 -1 0 1 0 1 0 0 48336.dat
1 70 30 24 20 0 0 1 0 1 0 -1 0 0 3022.dat
1 70 30 0 20 0 0 1 0 1 0 -1 0 0 87580.dat
1 70 0 88 10 -0.92388 0 0.382683 0 -1 0 0.382683 0 0.92388 30259.dat
1 70 0 88 30 0.92388 0 0.382683 0 -1 0 0.382683 0 -0.92388 30259.dat
0
0 FILE Part 3.ldr
0 Part 3
0 Name: Part 3.ldr
0 Author: LDraw
0 Unofficial Model
0 ROTATION CENTER 0 0 0 1 "Custom" 
0 ROTATION CONFIG 0 0
1 72 10 8 0 0 0 -1 0 1 0 1 0 0 48092.dat
1 72 10 8 0 -1 0 0 0 1 0 0 0 -1 48092.dat
1 72 10 -40 0 0 0 -1 0 1 0 1 0 0 48092.dat
1 72 10 -208 0 0 0 -1 1 0 0 0 -1 0 87083.dat
1 72 10 -40 0 -1 0 0 0 1 0 0 0 -1 48092.dat
1 72 -10 -24 20 -1 0 0 0 1 0 0 0 -1 2460.dat
1 72 30 -24 20 -1 0 0 0 1 0 0 0 -1 2460.dat
1 72 -10 6 2 0 0 1 1 0 0 0 1 0 Part 4.ldr
1 71 10 -16 0 -1 0 0 0 1 0 0 0 -1 47974.dat
1 71 20 0 0 -1 0 0 0 1 0 0 0 -1 Part 5.ldr
1 71 10 8 20 -1 0 0 0 1 0 0 0 -1 3709b.dat
1 71 10 16 0 0 0 1 0 1 0 -1 0 0 3709b.dat
1 71 10 32 0 0 0 1 0 1 0 -1 0 0 3709b.dat
1 1 -20 16 20 0 0 1 0 1 0 -1 0 0 3023.dat
1 1 40 16 20 0 0 1 0 1 0 -1 0 0 3023.dat
1 1 10 24 -30 1 0 0 0 1 0 0 0 1 3023.dat
1 72 10 24 30 1 0 0 0 1 0 0 0 1 3710.dat
1 72 10 8 -20 1 0 0 0 1 0 0 0 1 3068b.dat
1 71 10 -184 0 -1 0 0 0 1 0 0 0 -1 48310.dat
1 71 10 -228 30 0 0 -1 0 -1 0 -1 0 0 3942c.dat
1 71 -22.887 -202.319 -32.887 0.707107 -0.318268 -0.631431 0 -0.892979 0.450098 -0.707107 -0.318268 -0.631431 6019.dat
1 72 10 -220 30 0 0 -1 0 -1 0 -1 0 0 2555.dat
1 71 40 -228 0 -1 0 0 0 -1 0 0 0 1 3942c.dat
1 72 40 -220 0 -1 0 0 0 -1 0 0 0 1 2555.dat
1 71 10 -228 -30 0 0 1 0 -1 0 1 0 0 3942c.dat
1 72 10 -220 -30 0 0 1 0 -1 0 1 0 0 2555.dat
1 71 -20 -228 0 1 0 0 0 -1 0 0 0 -1 3942c.dat
1 72 -20 -220 0 1 0 0 0 -1 0 0 0 -1 2555.dat
1 72 -25.434 -209.463 -35.433 0.707107 -0.318268 -0.631431 0 -0.892979 0.450098 -0.707107 -0.318268 -0.631431 4589.dat
1 71 -22.887 -202.319 32.887 -0.707107 -0.318268 -0.631431 0 -0.892979 0.450098 -0.707107 0.318268 0.631431 6019.dat
1 72 -25.434 -209.463 35.433 -0.707107 -0.318268 -0.631431 0 -0.892979 0.450098 -0.707107 0.318268 0.631431 4589.dat
1 71 42.887 -202.319 -32.887 0.707107 0.318268 0.631431 0 -0.892979 0.450098 0.707107 -0.318268 -0.631431 6019.dat
1 72 45.433 -209.463 -35.434 0.707107 0.318268 0.631431 0 -0.892979 0.450098 0.707107 -0.318268 -0.631431 4589.dat
1 71 42.887 -202.319 32.887 -0.707107 0.318268 0.631431 0 -0.892979 0.450098 0.707107 0.318268 0.631431 6019.dat
1 72 45.433 -209.463 35.434 -0.707107 0.318268 0.631431 0 -0.892979 0.450098 0.707107 0.318268 0.631431 4589.dat
1 19 -20 -192 10 -1 0 0 0 1 0 0 0 -1 4073.dat
1 19 40 -192 10 -1 0 0 0 1 0 0 0 -1 4073.dat
1 15 10 -192 30 -1 0 0 0 1 0 0 0 -1 48336.dat
1 15 10 -200 0 -1 0 0 0 1 0 0 0 -1 60474.dat
1 15 10 -216 0 0 0 -1 0 1 0 1 0 0 30033.dat
1 19 10 -208 0 -1 0 0 0 1 0 0 0 -1 4032b.dat
1 71 43.113 57.681 -32.887 -0.707107 0.318268 0.631431 0 0.892979 -0.450098 -0.707107 -0.318268 -0.631431 6019.dat
1 72 45.66 64.825 -35.433 -0.707107 0.318268 0.631431 0 0.892979 -0.450098 -0.707107 -0.318268 -0.631431 4589.dat
1 71 -22.661 57.681 -32.887 -0.707107 -0.318268 -0.631431 0 0.892979 -0.450098 0.707107 -0.318268 -0.631431 6019.dat
1 72 -25.207 64.825 -35.434 -0.707107 -0.318268 -0.631431 0 0.892979 -0.450098 0.707107 -0.318268 -0.631431 4589.dat
1 71 10.226 57.681 46.509 1 0 0 0 0.892979 -0.450098 0 0.450098 0.892979 6019.dat
1 72 10.226 64.825 50.11 1 0 0 0 0.892979 -0.450098 0 0.450098 0.892979 4589.dat
1 15 10.226 71.362 0 1 0 0 0 -1 0 0 0 -1 30033.dat
1 19 10.226 63.362 0 1 0 0 0 -1 0 0 0 -1 4032b.dat
1 28 10 48 0 0 1 0 1 0 0 0 0 -1 6587.dat
1 71 10 86 0 1 0 0 0 -1 0 0 0 -1 3960.dat
1 72 10 56 0 1 0 0 0 -1 0 0 0 -1 3961.dat
1 19 10 24 0 -1 0 0 0 1 0 0 0 -1 4032b.dat
1 19 10 40 0 -1 0 0 0 1 0 0 0 -1 4032b.dat
1 19 10 -224 0 -1 0 0 0 1 0 0 0 -1 4032b.dat
1 71 10 -234 0 -1 0 0 0 0 1 0 1 0 32123a.dat
1 19 10 -173 0 -1 0 0 0 0 1 0 1 0 32198.dat
1 1 -10 -6 0 0 0 1 0 1 0 -1 0 0 43093.dat
1 1 30 -6 0 0 0 1 0 1 0 -1 0 0 43093.dat
0
0 FILE Part 4.ldr
0 Part 4
0 Name: Part 4.ldr
0 Author: LDraw
0 Unofficial Model
0 ROTATION CENTER 0 0 0 1 "Custom" 
0 ROTATION CONFIG 0 0
1 1 -60 32 0 1 0 0 0 1 0 0 0 1 3021.dat
1 1 -60 32 40 1 0 0 0 1 0 0 0 1 3021.dat
1 1 -100 24 20 1 0 0 0 1 0 0 0 1 3021.dat
1 70 -100 40 20 1 0 0 0 1 0 0 0 1 3021.dat
1 15 -50 40 0 1 0 0 0 1 0 0 0 1 2654.dat
1 15 -50 40 40 1 0 0 0 1 0 0 0 1 2654.dat
1 1 -120 32 40 0 0 1 0 1 0 -1 0 0 43722.dat
1 1 -120 32 0 0 0 1 0 1 0 -1 0 0 43723.dat
1 71 -40 8 20 0 0 -1 0 1 0 1 0 0 3701.dat
1 71 -40 0 20 0 0 -1 0 1 0 1 0 0 3069bps1.dat
1 15 -40 -8 50 0 0 1 0 1 0 -1 0 0 6091.dat
1 15 -40 -8 -10 0 0 1 0 1 0 -1 0 0 6091.dat
1 36 -40 -8 -10 0 0 1 0 1 0 -1 0 0 4073.dat
1 36 -40 -8 50 0 0 1 0 1 0 -1 0 0 4073.dat
1 72 -60 24 20 0 0 -1 0 1 0 1 0 0 3069b.dat
1 72 -140 0 20 0 0 1 0 1 0 -1 0 0 2432.dat
1 72 -70 24 -10 0 0 1 0 1 0 -1 0 0 92946.dat
1 72 -70 24 50 0 0 1 0 1 0 -1 0 0 92946.dat
0
0 FILE Part 5.ldr
0 Part 5
0 Name: Part 5.ldr
0 Author: LDraw
0 Unofficial Model
0 ROTATION CENTER 0 0 0 1 "Custom" 
0 ROTATION CONFIG 0 0
1 72 10 8 0 0 0 -1 0 1 0 1 0 0 48092.dat
1 72 10 8 0 -1 0 0 0 1 0 0 0 -1 48092.dat
1 72 10 -40 0 0 0 -1 0 1 0 1 0 0 48092.dat
1 72 10 -192 30 -1 0 0 0 1 0 0 0 -1 3069b.dat
1 72 10 -40 0 -1 0 0 0 1 0 0 0 -1 48092.dat
1 71 10 -16 0 -1 0 0 0 1 0 0 0 -1 47974.dat
1 71 10 -184 0 -1 0 0 0 1 0 0 0 -1 48310.dat
0
0
