0 FILE Imperial Inspection.ldr
0 Imperial Inspection
0 Name: Imperial Inspection.ldr
0 Author: R Paluczak
0 Unofficial Model
0 ROTATION CENTER 0 0 0 1 "Custom" 
0 ROTATION CONFIG 0 0
1 0 20 36 0 1 0 0 0 1 0 0 0 1 Shuttle Body.ldr
1 0 10 28 -500 1 0 0 0 1 0 0 0 1 Emperor Palpatine.ldr
1 0 250 28 -520 1 0 0 0 1 0 0 0 1 Darth Vader.ldr
1 0 -80 28 -620 1 0 0 0 1 0 0 0 1 Imperial Guard.ldr
1 0 240 28 -680 1 0 0 0 1 0 0 0 1 Imperial Guard.ldr
1 0 280 32 -410 1 0 0 0 1 0 0 0 1 Stormtrooper.ldr
1 0 310 32 -340 1 0 0 0 1 0 0 0 1 Stormtrooper.ldr
1 0 -210 32 -350 1 0 0 0 1 0 0 0 1 Stormtrooper.ldr
1 0 -180 32 -280 1 0 0 0 1 0 0 0 1 Stormtrooper.ldr
1 0 -240 36 -650 1 0 0 0 1 0 0 0 1 Imperial Officer.ldr
1 0 400 36 -720 1 0 0 0 1 0 0 0 1 Imperial Officer.ldr
1 0 -520 36 -220 1 0 0 0 1 0 0 0 1 Control Station.ldr
1 0 70 76 -1060 0.965926 0 -0.258819 0 1 0 0.258819 0 0.965926 Cart.ldr
0
0 FILE Cart.ldr
0 Cart
0 Name: Cart.ldr
0 Author: R Paluczak
0 Unofficial Model
0 ROTATION CENTER 0 0 0 1 "Custom" 
0 ROTATION CONFIG 0 0
1 0 -20 20 0 0 0 -1 0 1 0 1 0 0 3032.dat
1 0 -20 9.727 -65.41 -1 0 0 0 0.374607 0.927184 0 0.927184 -0.374607 6019.dat
1 42 -20 6.729 -72.827 -1 0 0 0 0.374607 0.927184 0 0.927184 -0.374607 6141.dat
1 1 -20 -12 -50 -1 0 0 0 1 0 0 0 -1 2432.dat
1 1 30 -12 60 0 0 1 0 1 0 -1 0 0 2431.dat
1 1 -70 -12 60 0 0 1 0 1 0 -1 0 0 2431.dat
1 72 -20 -12 30 -1 0 0 0 1 0 0 0 -1 30413.dat
1 72 -20 -12 90 1 0 0 0 1 0 0 0 1 30413.dat
1 72 -20 24 -40 1 0 0 0 1 0 0 0 1 2654.dat
1 72 0 24 60 1 0 0 0 1 0 0 0 1 2654.dat
1 72 -40 24 60 1 0 0 0 1 0 0 0 1 2654.dat
1 0 -20 -4 60 0 0 -1 0 1 0 1 0 0 30283.dat
1 72 -40 -44 60 0 0 -1 0 1 0 1 0 0 3021.dat
1 72 0 -44 60 0 0 -1 0 1 0 1 0 0 3021.dat
1 0 -20 -52 60 -1 0 0 0 1 0 0 0 -1 32530.dat
1 0 -20 -4 60 0 0 1 0 1 0 -1 0 0 30150.dat
1 71 -20 20 80 -1 0 0 0 1 0 0 0 -1 3729.dat
1 71 10 12 -50 -0.965926 0.12941 0.224144 0 0.866025 -0.5 -0.258819 -0.482963 -0.836516 4593.dat
1 0 10 12 -50 -0.965926 0 0.258819 0 1 0 -0.258819 0 -0.965926 4592.dat
1 71 -50 12 -50 -0.965926 -0.12941 -0.224144 0 0.866025 -0.5 0.258819 -0.482963 -0.836516 4593.dat
1 0 -50 12 -50 -0.965926 0 -0.258819 0 1 0 0.258819 0 -0.965926 4592.dat
1 0 0.884 -4 156.718 0.5 0 -0.866025 0 1 0 0.866025 0 0.5 Cart Back.ldr
0
0 FILE Cart Back.ldr
0 Cart Back
0 Name: Cart Back.ldr
0 Author: R Paluczak
0 Unofficial Model
0 ROTATION CENTER 0 0 0 1 "Custom" 
0 ROTATION CONFIG 0 0
1 0 30 12 0 1 0 0 0 1 0 0 0 1 3032.dat
1 71 -10 20 0 0 0 1 0 1 0 -1 0 0 3730.dat
1 71 70 20 0 0 0 1 0 1 0 -1 0 0 3020.dat
1 72 -10 28 0 0 0 1 0 1 0 -1 0 0 2654.dat
1 72 70 28 20 0 0 1 0 1 0 -1 0 0 2654.dat
1 72 70 28 -20 0 0 1 0 1 0 -1 0 0 2654.dat
1 0 -20 -12 0 0 0 -1 0 1 0 1 0 0 3010.dat
1 0 80 -12 20 0 0 -1 0 1 0 1 0 0 30237.dat
1 36 80 -20 30 0 0 -1 0 1 0 1 0 0 6141.dat
1 36 80 -20 -30 0 0 -1 0 1 0 1 0 0 6141.dat
1 0 60 -12 20 -0.612372 -0.353553 -0.707107 0.612372 0.353553 -0.707107 0.5 -0.866025 0 4006.dat
1 0 80 -12 -20 0 0 -1 0 1 0 1 0 0 30237.dat
1 72 100 -8 -20 1 0 0 0 1 0 0 0 1 30194.dat
1 71 100 0 20 1 0 0 0 1 0 0 0 1 4328.dat
1 1 10 -12 30 1 0 0 0 1 0 0 0 1 4865b.dat
1 1 50 -12 30 1 0 0 0 1 0 0 0 1 4865b.dat
1 1 50 -12 -30 -1 0 0 0 1 0 0 0 -1 4865b.dat
1 1 10 -12 -30 -1 0 0 0 1 0 0 0 -1 4865b.dat
1 0 10 -12 40 0.918559 0.390165 0.0634132 -0.217798 0.365685 0.904897 0.32987 -0.845012 0.420881 4522.dat
0
0 FILE Control Station.ldr
0 Control Station
0 Name: Control Station.ldr
0 Author: R Paluczak
0 Unofficial Model
0 ROTATION CENTER 0 0 0 1 "Custom" 
0 ROTATION CONFIG 0 0
1 72 30 28 0 0 0 -1 0 1 0 1 0 0 3036.dat
1 72 10 28 -160 0 0 -1 0 1 0 1 0 0 3035.dat
1 71 0 20 -80 0 0 -1 0 1 0 1 0 0 30244.dat
1 71 20 20 -80 0 0 -1 0 1 0 1 0 0 30244.dat
1 71 10 36 -80 -1 0 0 0 1 0 0 0 -1 3001.dat
1 71 70 36 0 0 0 1 0 1 0 -1 0 0 3001.dat
1 71 60 4 -60 0 0 1 0 1 0 -1 0 0 2877.dat
1 71 60 -20 -60 0 0 -1 0 1 0 1 0 0 30237.dat
1 71 60 -20 60 0 0 -1 0 1 0 1 0 0 30237.dat
1 0 80 -20 0 0 0 1 0 1 0 -1 0 0 3039ps1.dat
1 0 40 -84 0 0 0 1 0 1 0 -1 0 0 3460.dat
1 71 40 -92 0 0 0 1 0 1 0 -1 0 0 3794b.dat
1 71 40 -128 0 -1 0 0 0 1 0 0 0 -1 4697b.dat
1 72 40 -116 0 0 0 1 0 1 0 -1 0 0 6188.dat
1 72 98.1 -128 -26.3 0 -1 0 1 0 0 0 0 1 6188.dat
1 0 33.5 14 100 1 0 0 0 0 1 0 -1 0 4360.dat
1 36 -30.5 14 92 0 1 0 0 0 1 1 0 0 6188.dat
1 0 45 -10 100 -1 0 0 0 0 -1 0 -1 0 4360.dat
1 36 109 -10.004 92 0 -1 0 0 0 -1 1 0 0 6188.dat
1 71 40 -44 -60 0 0 -1 0 1 0 1 0 0 3039.dat
1 71 40 -44 60 0 0 -1 0 1 0 1 0 0 3039.dat
1 71 60 4 60 0 0 1 0 1 0 -1 0 0 2877.dat
1 71 40 -68 -60 0 0 1 0 1 0 -1 0 0 2877.dat
1 71 86.296 -50.859 -219.999 0.5 0.866025 0 -0.866025 0.5 0 0 0 1 30388.dat
1 71 159.3 -116.8 -220 1 0 0 0 1 0 0 0 1 30386.dat
1 72 189.1 -76 -220 0.707107 0 0.707107 0 1 0 -0.707107 0 0.707107 30395.dat
1 0 189.2 -86.8 -220.2 0 1 0 0 0 1 1 0 0 30396.dat
1 1 40 -76 -60 0 0 1 0 1 0 -1 0 0 3023.dat
1 1 40 -76 60 0 0 1 0 1 0 -1 0 0 3023.dat
1 71 40 -68 60 0 0 1 0 1 0 -1 0 0 2877.dat
1 71 40 4 70 1 0 0 0 1 0 0 0 1 47905.dat
1 71 40 -20 70 1 0 0 0 1 0 0 0 1 47905.dat
1 42 40 -10 52.1 1 0 0 0 0 -1 0 1 0 6141.dat
1 71 40 4 -70 -1 0 0 0 1 0 0 0 -1 47905.dat
1 71 40 -20 -70 -1 0 0 0 1 0 0 0 -1 47905.dat
1 71 40 4 -170 -1 0 0 0 1 0 0 0 -1 47905.dat
1 71 40 -20 -170 -1 0 0 0 1 0 0 0 -1 47905.dat
1 71 40 -28 -170 -1 0 0 0 1 0 0 0 -1 2569.dat
1 0 190 -6.2 -220 -0.707107 0 -0.707107 0 1 0 0.707107 0 -0.707107 4345b.dat
1 0 190 -14.2 -220 -0.707107 0 0.707107 0 1 0 -0.707107 0 -0.707107 2376.dat
1 71 190 -6.2 -220 -0.707107 0 -0.707107 0 1 0 0.707107 0 -0.707107 30059.dat
1 71 40 -10.5 -160 -1 0 0 0 0 1 0 1 0 30374.dat
1 43 80 25.5 -60 -1 0 0 0 -1 0 0 0 1 30374.dat
1 43 80 25.5 60 -1 0 0 0 -1 0 0 0 1 30374.dat
1 71 40 13.5 -160 -1 0 0 0 0 1 0 1 0 30374.dat
1 42 40 -10 -52.1 -1 0 0 0 0 -1 0 -1 0 6141.dat
1 71 60 4 0 0 0 -1 0 1 0 1 0 0 2877.dat
1 71 80 4 0 0 0 -1 0 1 0 1 0 0 30414.dat
1 40 98 13.8 -20 0 -1 0 0 0 1 -1 0 0 6070.dat
1 40 98 13.8 20 0 -1 0 0 0 1 -1 0 0 6070.dat
1 0 30 20 -220 0 0 1 0 1 0 -1 0 0 3680c01.dat
1 72 40 12 -220 0 0 -1 0 1 0 1 0 0 44567.dat
1 1 20 12 -220 0 0 -1 0 1 0 1 0 0 3023.dat
1 0 10 20 0 0 0 1 0 1 0 -1 0 0 3680c01.dat
1 70 30 4 -220 0 0 -1 0 1 0 1 0 0 4079.dat
1 70 10 12 0 0 0 -1 0 1 0 1 0 0 4079.dat
1 71 10 36 -220 -1 0 0 0 1 0 0 0 -1 3001.dat
1 71 10 36 70 -1 0 0 0 1 0 0 0 -1 3010.dat
1 0 50.101 -128 -26.3 0 -1 0 0 0 1 -1 0 0 4733.dat
1 71 74.1 -128 -26.3 0 -1 0 0 0 1 -1 0 0 3062b.dat
1 71 40.2 -146 -26.3 0 0 -1 0 1 0 1 0 0 3070b.dat
1 71 40.1 -128.001 -44.3 -1 0 0 0 0 1 0 1 0 4740.dat
1 71 40.1 -128.001 -8.3 1 0 0 0 0 1 0 -1 0 4740.dat
1 72 98.1 -128 26.4 0 -1 0 1 0 0 0 0 1 6188.dat
1 0 50.101 -128 26.4 0 -1 0 0 0 1 -1 0 0 4733.dat
1 71 74.1 -128 26.4 0 -1 0 0 0 1 -1 0 0 3062b.dat
1 71 40.2 -146 26.4 0 0 -1 0 1 0 1 0 0 3070b.dat
1 71 40.1 -128.001 8.4 -1 0 0 0 0 1 0 1 0 4740.dat
1 71 40.1 -128.001 44.4 1 0 0 0 0 1 0 -1 0 4740.dat
0
0 FILE Shuttle Body.ldr
0 Shuttle Body
0 Name: Shuttle Body.ldr
0 Author: R Paluczak
0 Unofficial Model
0 ROTATION CENTER 140.112 -9.91083 -8.12334 1 "Custom" 
0 ROTATION CONFIG 0 0
1 72 -10 4 0 1 0 0 0 1 0 0 0 1 3028.dat
1 71 -50 -4 50 -1 0 0 0 1 0 0 0 -1 44568.dat
1 71 30 -4 50 -1 0 0 0 1 0 0 0 -1 44568.dat
1 15 30 -32 70 1 0 0 0 0 1 0 -1 0 44570.dat
1 43 50.001 -42 78.002 1 0 0 0 0 1 0 -1 0 30244.dat
1 43 10 -42 78 1 0 0 0 0 1 0 -1 0 30244.dat
1 43 -30 -42 77.997 1 0 0 0 0 1 0 -1 0 30244.dat
1 43 -70.001 -42 77.997 1 0 0 0 0 1 0 -1 0 30244.dat
1 15 -50 -32 70 1 0 0 0 0 1 0 -1 0 44570.dat
1 15 -10 -92 70 1 0 0 0 0 1 0 -1 0 3795.dat
1 15 -10 -72 61.999 1 0 0 0 0 1 0 -1 0 3795.dat
1 72 -10 4 -120 1 0 0 0 1 0 0 0 1 3028.dat
1 0 -10 12 -140 1 0 0 0 1 0 0 0 1 3940.dat
1 42 20 12 -70 1 0 0 0 1 0 0 0 1 6141.dat
1 42 -40 12 -70 1 0 0 0 1 0 0 0 1 6141.dat
1 0 70 12 20 1 0 0 0 1 0 0 0 1 3940.dat
1 0 -90 12 20 1 0 0 0 1 0 0 0 1 3940.dat
1 72 -10 -60 -130 1 0 0 0 1 0 0 0 1 6111.dat
1 72 -10 -52 -150 1 0 0 0 1 0 0 0 1 3710.dat
1 19 -40 -4 -40 0 0 -1 0 1 0 1 0 0 3460.dat
1 19 -80 -28 -60 0 0 -1 0 1 0 1 0 0 3460.dat
1 19 60 -28 -60 0 0 -1 0 1 0 1 0 0 3460.dat
1 19 -80 -92 -20 0 0 -1 0 1 0 1 0 0 3460.dat
1 19 60 -92 -20 0 0 -1 0 1 0 1 0 0 3460.dat
1 71 60 -36 -40 0 0 -1 0 1 0 1 0 0 3666.dat
1 71 100 -60 -120 0 0 -1 0 1 0 1 0 0 3039.dat
1 71 100 -60 0 0 0 -1 0 1 0 1 0 0 3039.dat
1 71 -120 -60 0 0 0 1 0 1 0 -1 0 0 3039.dat
1 71 -120 -60 -120 0 0 1 0 1 0 -1 0 0 3039.dat
1 71 -80 -36 -40 0 0 -1 0 1 0 1 0 0 3666.dat
1 2 -80 -36 -120 0 0 -1 0 1 0 1 0 0 32028.dat
1 2 60 -36 -120 0 0 1 0 1 0 -1 0 0 32028.dat
1 72 -40 -12 -20 0 0 -1 0 1 0 1 0 0 4162.dat
1 72 20 -12 -20 0 0 -1 0 1 0 1 0 0 4162.dat
1 15 110 -20 -10 1 0 0 0 1 0 0 0 1 30365.dat
1 15 100 -30 0 1 0 0 0 1 0 0 0 1 30360.dat
1 15 100 -30 -120 1 0 0 0 1 0 0 0 1 30360.dat
1 15 90 -68 -60 0 0 1 0 1 0 -1 0 0 2445.dat
1 15 60 -84 -40 0 0 1 0 1 0 -1 0 0 6111.dat
1 15 -80 -100 -140 0 0 1 0 1 0 -1 0 0 6081.dat
1 15 -60 -124 -60 0 0 1 0 1 0 -1 0 0 6081.dat
1 15 -60 -124 20 0 0 1 0 1 0 -1 0 0 6081.dat
1 15 40 -124 20 0 0 -1 0 1 0 1 0 0 6081.dat
1 15 -10 -124 -140 -1 0 0 0 1 0 0 0 -1 3035.dat
0 MLCAD BTG Group name
1 15 -10 14.022 -267.36 0 0 1 0.390731 0.920505 0 -0.920505 0.390731 0 4597.dat
0 MLCAD BTG Group name
1 72 -10 -2.056 -209.005 -1 0 0 0 0.920505 0.390731 0 0.390731 -0.920505 3001.dat
0 MLCAD BTG Group name
1 71 -10 40.925 -310.26 1 0 0 0 0.920505 -0.390731 0 0.390731 0.920505 3747a.dat
0 MLCAD BTG Group name
1 71 -10 45.281 -341.001 1 0 0 0 0.920505 -0.390731 0 0.390731 0.920505 3020.dat
0 MLCAD BTG Group name
1 15 -10 37.919 -344.128 1 0 0 0 0.920505 -0.390731 0 0.390731 0.920505 32059.dat
0 MLCAD BTG Group name
1 47 -10 -43.988 -335.438 1 0 0 0 0.920505 -0.390731 0 0.390731 0.920505 32086ps1.dat
0 MLCAD BTG Group name
1 15 60 -38.877 -224.633 0 0 1 0.390731 0.920505 0 -0.920505 0.390731 0 3010.dat
0 MLCAD BTG Group name
1 15 -80 -38.877 -224.633 0 0 1 0.390731 0.920505 0 -0.920505 0.390731 0 3010.dat
0 MLCAD BTG Group name
1 15 60 -19.34 -270.657 1 0 0 0 0.920505 -0.390731 0 0.390731 0.920505 4286.dat
0 MLCAD BTG Group name
1 15 -80 -19.34 -270.657 1 0 0 0 0.920505 -0.390731 0 0.390731 0.920505 4286.dat
0 MLCAD BTG Group name
1 19 -10 -57.962 -200.144 1 0 0 0 0.920505 -0.390731 0 0.390731 0.920505 3460.dat
0 MLCAD BTG Group name
1 71 -60 -46.24 -227.759 1 0 0 0 0.920505 -0.390731 0 0.390731 0.920505 3021.dat
0 MLCAD BTG Group name
1 71 40 -46.24 -227.759 1 0 0 0 0.920505 -0.390731 0 0.390731 0.920505 3021.dat
0 MLCAD BTG Group name
1 72 40 -61.418 -212.474 0 0 -1 -0.390731 0.920505 0 0.920505 0.390731 0 3710.dat
0 MLCAD BTG Group name
1 72 60 -30.611 -264.58 0 0 -1 -0.390731 0.920505 0 0.920505 0.390731 0 3069b.dat
0 MLCAD BTG Group name
1 72 -80 -30.611 -264.58 0 0 -1 -0.390731 0.920505 0 0.920505 0.390731 0 3069b.dat
0 MLCAD BTG Group name
1 72 -60 -61.418 -212.474 0 0 -1 -0.390731 0.920505 0 0.920505 0.390731 0 3710.dat
0 MLCAD BTG Group name
1 42 20 18.832 -319.637 1 0 0 0 0.920505 -0.390731 0 0.390731 0.920505 6141.dat
0 MLCAD BTG Group name
1 1 -40 18.832 -319.637 1 0 0 0 0.920505 -0.390731 0 0.390731 0.920505 6141.dat
0 MLCAD BTG Group name
1 0 -10 18.832 -319.637 1 0 0 0 0.920505 -0.390731 0 0.390731 0.920505 3069bp28.dat
0 MLCAD BTG Group name
1 72 50 -1.154 -252.076 0 0 -1 -0.390731 0.920505 0 0.920505 0.390731 0 3795.dat
0 MLCAD BTG Group name
1 72 -70 -1.154 -252.076 0 0 -1 -0.390731 0.920505 0 0.920505 0.390731 0 3795.dat
0 MLCAD BTG Group name
1 71 -10 -13.327 -202.925 1 0 0 0 0.920505 -0.390731 0 0.390731 0.920505 3666.dat
0 MLCAD BTG Group name
1 71 -40 -31.512 -221.507 0 0 -1 -0.390731 0.920505 0 0.920505 0.390731 0 30364.dat
0 MLCAD BTG Group name
1 71 20 -31.512 -221.507 0 0 -1 -0.390731 0.920505 0 0.920505 0.390731 0 30364.dat
0 MLCAD BTG Group name
1 0 20 -42.785 -215.426 0 0 -1 -0.390731 0.920505 0 0.920505 0.390731 0 3623.dat
0 MLCAD BTG Group name
1 0 -40 -42.785 -215.426 0 0 -1 -0.390731 0.920505 0 0.920505 0.390731 0 3623.dat
1 15 -10 -156 -20 0 0 1 0 1 0 -1 0 0 3035.dat
1 15 -10 -188 70 0 0 1 0 1 0 -1 0 0 3622.dat
1 15 -10 -332 10 0 0 1 0 1 0 -1 0 0 3622.dat
1 15 -10 -380 10 0 0 1 0 1 0 -1 0 0 3622.dat
1 15 -10 -212 -60 0 0 1 0 1 0 -1 0 0 2465.dat
1 15 -10 -236 40 0 0 1 0 1 0 -1 0 0 3009.dat
1 15 -10 -284 0 0 0 1 0 1 0 -1 0 0 3245a.dat
1 15 -10 -404 -40 0 0 1 0 1 0 -1 0 0 3245a.dat
1 15 -10 -332 -160 1 0 0 0 1 0 0 0 1 30249.dat
1 15 -10 -452 -80 1 0 0 0 1 0 0 0 1 30249.dat
1 72 -10 -404 0 0 0 1 0 1 0 -1 0 0 3004.dat
1 15 -10 -284 40 0 0 1 0 1 0 -1 0 0 3245a.dat
1 15 -10 -452 -40 0 0 1 0 1 0 -1 0 0 3245a.dat
1 15 -10 -460 -20 0 0 1 0 1 0 -1 0 0 3666.dat
1 42 -10 -460 -90 0 0 1 0 1 0 -1 0 0 6141.dat
1 15 -10 -452 0 0 0 1 0 1 0 -1 0 0 3245a.dat
1 72 -10 -308 20 0 0 1 0 1 0 -1 0 0 3010.dat
1 72 -10 -356 0 0 0 1 0 1 0 -1 0 0 3010.dat
1 72 -10 -356 -50 0 0 1 0 1 0 -1 0 0 3005.dat
1 71 -10 -332 -80 0 0 1 0 1 0 -1 0 0 3754.dat
1 71 -10 -308 70 -1 0 0 0 1 0 0 0 -1 4460.dat
1 71 -10 -380 50 -1 0 0 0 1 0 0 0 -1 4460.dat
1 71 -10 -452 30 -1 0 0 0 1 0 0 0 -1 4460.dat
1 15 -10 -188 -120 0 0 1 0 1 0 -1 0 0 3008.dat
1 15 -10 -188 -210 1 0 0 0 1 0 0 0 1 3665.dat
1 15 -10 -212 -230 1 0 0 0 1 0 0 0 1 3665.dat
1 19 -10 -164 0 0 0 1 0 1 0 -1 0 0 3020.dat
1 71 -10 -164 50 1 0 0 0 1 0 0 0 1 3794b.dat
1 71 -10 -164 -50 1 0 0 0 1 0 0 0 1 3794b.dat
1 71 -10 -164 -70 1 0 0 0 1 0 0 0 1 3794b.dat
1 71 -10 -164 -90 1 0 0 0 1 0 0 0 1 3794b.dat
1 72 -10 -188 20 0 0 -1 0 1 0 1 0 0 30165.dat
1 72 -10 -188 -20 0 0 -1 0 1 0 1 0 0 30165.dat
1 72 -10 -188 -20 0 0 -1 0 1 0 1 0 0 30165.dat
1 15 -10 -148 -90 1 0 0 0 1 0 0 0 1 3297ps1.dat
1 15 -10 -124 -20 0 0 1 0 1 0 -1 0 0 3036.dat
1 71 -10 -20 -40 0 0 1 0 1 0 -1 0 0 3036.dat
1 70 -10 -28 30 -1 0 0 0 1 0 0 0 -1 2540.dat
1 0 -60 -44 -80 0 0 1 0 1 0 -1 0 0 2653.dat
1 0 40 -44 -80 0 0 -1 0 1 0 1 0 0 2653.dat
1 72 40 -68 -110 0 0 -1 0 1 0 1 0 0 3005.dat
1 72 -60 -68 -110 0 0 -1 0 1 0 1 0 0 3005.dat
1 71 -60 -68 -90 -1 0 0 0 1 0 0 0 -1 4070.dat
1 71 40 -68 -90 -1 0 0 0 1 0 0 0 -1 4070.dat
1 42 40 -76 -100 0 0 -1 0 1 0 1 0 0 30244.dat
1 42 -60 -76 -100 0 0 -1 0 1 0 1 0 0 30244.dat
1 15 39.999 -124 -60.003 0 0 -1 0 1 0 1 0 0 6081.dat
0 MLCAD BTG Group name
1 15 -40 -90.875 -224.978 0 0 1 0.390731 0.920505 0 -0.920505 0.390731 0 6081.dat
0 MLCAD BTG Group name
1 15 19.999 -90.874 -224.981 0 0 -1 -0.390731 0.920505 0 0.920505 0.390731 0 6081.dat
0 MLCAD BTG Group name
1 15 -10 -90.874 -224.981 1 0 0 0 0.920505 -0.390731 0 0.390731 0.920505 6179.dat
0 GROUP 30 Group name
1 15 60 -100 -140 0 0 -1 0 1 0 1 0 0 6081.dat
1 15 -80 -84 -40 0 0 1 0 1 0 -1 0 0 6111.dat
1 72 20 -84 -130 0 0 1 0 1 0 -1 0 0 2357.dat
1 72 -40 -84 -130 -1 0 0 0 1 0 0 0 -1 2357.dat
1 71 -10 -108 -150 -1 0 0 0 1 0 0 0 -1 3659.dat
1 71 60 -116 -140 0 0 1 0 1 0 -1 0 0 3010.dat
1 71 -80 -116 -140 0 0 1 0 1 0 -1 0 0 3010.dat
1 71 20 -148 20 0 0 1 0 1 0 -1 0 0 2877.dat
1 71 20 -148 -20 0 0 1 0 1 0 -1 0 0 2877.dat
1 71 20 -148 -60 0 0 1 0 1 0 -1 0 0 2877.dat
1 71 -40 -148 -60 0 0 -1 0 1 0 1 0 0 2877.dat
1 71 -40 -148 -20 0 0 -1 0 1 0 1 0 0 2877.dat
1 71 -40.001 -148 20.003 0 0 -1 0 1 0 1 0 0 2877.dat
1 72 -10 -116 -150 -1 0 0 0 1 0 0 0 -1 3710.dat
1 15 -110 -68 -60 0 0 1 0 1 0 -1 0 0 2445.dat
1 15 -120 -30 0 1 0 0 0 1 0 0 0 1 30360.dat
1 15 -120 -30 -120 1 0 0 0 1 0 0 0 1 30360.dat
1 72 90 -40.1 -180 -1 0 0 0 1 0 0 0 -1 3959.dat
1 72 110 -40.1 -180 -1 0 0 0 1 0 0 0 -1 3959.dat
1 72 -130 -40.1 -180 -1 0 0 0 1 0 0 0 -1 3959.dat
1 72 -110 -40.1 -180 -1 0 0 0 1 0 0 0 -1 3959.dat
1 15 110 -20 -110 1 0 0 0 1 0 0 0 1 30365.dat
1 15 20 -44 -160 0 0 1 0 1 0 -1 0 0 30365.dat
1 15 -40 -44 -160 0 0 1 0 1 0 -1 0 0 30365.dat
1 15 -130 -20 -110 -1 0 0 0 1 0 0 0 -1 30365.dat
1 15 -130 -20 -10 -1 0 0 0 1 0 0 0 -1 30365.dat
1 1 -90 -20 -120 -1 0 0 0 1 0 0 0 -1 3003.dat
1 2 -10 -20 -160 -1 0 0 0 1 0 0 0 -1 3001.dat
1 1 70 -20 -120 -1 0 0 0 1 0 0 0 -1 3003.dat
1 1 -90 -20 0 -1 0 0 0 1 0 0 0 -1 3003.dat
1 1 70 -20 0 -1 0 0 0 1 0 0 0 -1 3003.dat
1 1 -90 -60 0 -1 0 0 0 1 0 0 0 -1 3003.dat
1 1 70 -60 0 -1 0 0 0 1 0 0 0 -1 3003.dat
1 1 -40 -60 -150 -1 0 0 0 1 0 0 0 -1 6141.dat
1 1 20 -60 -150 -1 0 0 0 1 0 0 0 -1 6141.dat
1 19 20 -4 -40 0 0 -1 0 1 0 1 0 0 3460.dat
1 19 100 -20 10 0 0 -1 0 1 0 1 0 0 3062b.dat
1 19 100 -20 -130 0 0 -1 0 1 0 1 0 0 3062b.dat
1 19 20 -148 50 0 0 -1 0 1 0 1 0 0 3062b.dat
1 19 -40 -148 50 0 0 -1 0 1 0 1 0 0 3062b.dat
1 19 -120 -20 10 0 0 -1 0 1 0 1 0 0 3062b.dat
1 19 -120 -20 -130 0 0 -1 0 1 0 1 0 0 3062b.dat
1 15 -10 -71.999 93.999 0 0 1 -1 0 0 0 -1 0 30367c.dat
1 15 -10 -71.998 102.002 1 0 0 0 0 1 0 -1 0 4592c01.dat
1 15 -97.067 -670.709 0.202 -0.121869 -0.992546 0 0.992546 -0.121869 0 0 0 1 Shuttle Wing Left.ldr
1 15 140.452 -137.07 0.102 -0.139173 0.990268 0 -0.990268 -0.139173 0 0 0 1 Shuttle Wing Right.ldr
0
0 FILE Shuttle Wing Left.ldr
0 Shuttle Wing Left
0 Name: Shuttle Wing Left.ldr
0 Author: R Paluczak
0 Unofficial Model
0 ROTATION CENTER 0 0 0 1 "Custom" 
0 ROTATION CONFIG 0 0
1 71 500 44 0 1 0 0 0 1 0 0 0 1 3029.dat
1 71 656.555 14.259 -60 0 0.798636 0.601815 0 0.601815 -0.798636 -1 0 0 3832.dat
1 71 630.629 -17.801 -60 0 0.798636 0.601815 0 0.601815 -0.798636 -1 0 0 30244.dat
1 71 637.39 -0.186 -110 0.601815 0.798636 0 -0.798636 0.601815 0 0 0 1 30364.dat
1 71 637.391 -0.186 -9.999 0.601815 0.798636 0 -0.798636 0.601815 0 0 0 1 30364.dat
1 15 637.008 -12.972 9.998 -0.601815 0.798636 0 0.798636 0.601815 0 0 0 -1 6091.dat
1 15 625.008 3.028 9.998 -0.601815 0.798636 0 0.798636 0.601815 0 0 0 -1 6091.dat
1 71 639.514 13.941 -120.398 -0.601815 0 -0.798636 0.798636 0 -0.601815 0 -1 0 30374.dat
1 71 651.552 -2.034 -120.399 -0.601815 0 -0.798636 0.798636 0 -0.601815 0 -1 0 30374.dat
1 71 643.418 -8.186 -130.001 0.601815 0.798636 0 -0.798636 0.601815 0 0 0 1 4070.dat
1 71 631.318 7.914 -130.001 0.601815 0.798636 0 -0.798636 0.601815 0 0 0 1 4070.dat
0 MLCAD BTG Group name2
1 71 637.435 0 -30.005 0.601815 0.798636 0 -0.798636 0.601815 0 0 0 1 30526.dat
0 MLCAD BTG Group name2
1 71 637.434 0 -90.003 -0.601815 0.798636 0 0.798636 0.601815 0 0 0 -1 30526.dat
1 71 600 20 -30 1 0 0 0 1 0 0 0 1 30526.dat
1 71 600 20 -90 -1 0 0 0 1 0 0 0 -1 30526.dat
0 MLCAD BTG Group name2
1 71 663.715 -17.761 -50.005 -0.798636 0 -0.601815 -0.601815 0 0.798636 0 1 0 32348.dat
0 MLCAD BTG Group name2
1 71 663.718 -17.762 -70.002 -0.798636 0 -0.601815 -0.601815 0 0.798636 0 1 0 32348.dat
0 GROUP 4 Group name2
1 15 600 20 0 0 0 -1 0 1 0 1 0 0 6215.dat
1 15 600 12 -60 0 0 -1 0 1 0 1 0 0 3034.dat
1 15 631 -5 -60 0 0.798636 0.601815 0 0.601815 -0.798636 -1 0 0 3034.dat
1 15 600 20 -120 0 0 1 0 1 0 -1 0 0 6215.dat
1 15 540 36 30 -1 0 0 0 1 0 0 0 -1 2431.dat
1 15 270 28 0 0 0 -1 0 1 0 1 0 0 2431.dat
1 42 270 28 -50 0 0 -1 0 1 0 1 0 0 6141.dat
1 15 380 36 20 -1 0 0 0 1 0 0 0 -1 2445.dat
1 15 500 44 -100 0 0 1 0 1 0 -1 0 0 30355.dat
1 15 380 36 -60 0 0 1 0 1 0 -1 0 0 30355.dat
0
0 FILE Shuttle Wing Right.ldr
0 Shuttle Wing Right
0 Name: Shuttle Wing Right.ldr
0 Author: R Paluczak
0 Unofficial Model
0 ROTATION CENTER 0 0 0 1 "Custom" 
0 ROTATION CONFIG 0 0
1 71 40 44 0 1 0 0 0 1 0 0 0 1 3029.dat
1 71 -118.955 14.259 -60 0 -0.798636 -0.601815 0 0.601815 -0.798636 1 0 0 3832.dat
1 71 -93.029 -17.801 -60 0 -0.798636 -0.601815 0 0.601815 -0.798636 1 0 0 30244.dat
1 71 -99.79 -0.186 -10 -0.601815 -0.798636 0 -0.798636 0.601815 0 0 0 -1 30364.dat
1 71 -99.79 -0.186 -110 -0.601815 -0.798636 0 -0.798636 0.601815 0 0 0 -1 30364.dat
1 71 -105.808 -8.172 -130 0.601815 -0.798636 0 0.798636 0.601815 0 0 0 1 4070.dat
1 71 -93.771 7.801 -130 0.601815 -0.798636 0 0.798636 0.601815 0 0 0 1 4070.dat
1 71 -101.916 13.941 -200 0.601815 0 0.798636 0.798636 0 -0.601815 0 1 0 30374.dat
1 71 -113.954 -2.034 -200 0.601815 0 0.798636 0.798636 0 -0.601815 0 1 0 30374.dat
1 15 -99.417 -12.986 10 -0.601815 -0.798636 0 -0.798636 0.601815 0 0 0 -1 6091.dat
1 15 -87.383 2.986 10 -0.601815 -0.798636 0 -0.798636 0.601815 0 0 0 -1 6091.dat
1 71 -100 0 -90 -0.601815 -0.798636 0 -0.798636 0.601815 0 0 0 -1 30526.dat
1 71 -100 0 -30 0.601815 -0.798636 0 0.798636 0.601815 0 0 0 1 30526.dat
1 71 -60 20 -30 1 0 0 0 1 0 0 0 1 30526.dat
1 71 -60 20 -90 -1 0 0 0 1 0 0 0 -1 30526.dat
1 71 -126.281 -17.761 -69.999 0.798636 0 0.601815 -0.601815 0 0.798636 0 -1 0 32348.dat
1 71 -126.282 -17.762 -50.002 0.798636 0 0.601815 -0.601815 0 0.798636 0 -1 0 32348.dat
1 15 -60 20 0 0 0 -1 0 1 0 1 0 0 6215.dat
1 15 -60 12 -60 0 0 -1 0 1 0 1 0 0 3034.dat
1 15 -93.4 -5 -60 0 -0.798636 -0.601815 0 0.601815 -0.798636 1 0 0 3034.dat
1 15 -60 20 -120 0 0 1 0 1 0 -1 0 0 6215.dat
1 15 0 36 30 -1 0 0 0 1 0 0 0 -1 2431.dat
1 15 270 28 0 0 0 -1 0 1 0 1 0 0 2431.dat
1 42 270 28 -50 0 0 -1 0 1 0 1 0 0 6141.dat
1 15 160 36 20 -1 0 0 0 1 0 0 0 -1 2445.dat
1 15 40 44 -100 0 0 -1 0 1 0 1 0 0 30356.dat
1 15 160 36 -60 0 0 -1 0 1 0 1 0 0 30356.dat
0
0 FILE Emperor Palpatine.ldr
0 Emperor Palpatine
0 Name: Emperor Palpatine.ldr
0 Author: R Paluczak
0 Unofficial Model
0 ROTATION CENTER 0 0 0 1 "Custom" 
0 ROTATION CONFIG 0 0
1 0 0 -26 0 1 0 0 0 1 0 0 0 1 30381.dat
1 71 0 -26 0 1 0 0 0 1 0 0 0 1 3626bp01.dat
1 0 0 -2 0 1 0 0 0 1 0 0 0 1 522.dat
1 0 0 0 0 1 0 0 0 1 0 0 0 1 973ps2.dat
1 0 0 32 0 1 0 0 0 1 0 0 0 1 3815.dat
1 0 -15.552 9 0 0.985 -0.17 0 0.17 0.985 0 0 0 1 3818.dat
1 0 15.552 9 0 0.985 0.17 0 -0.17 0.985 0 0 0 1 3819.dat
1 71 -23.8634 26.5956 -10.321 0.985 -0.12019 0.12019 0.17 0.696395 -0.696395 0 0.707 0.707 3820.dat
1 71 23.8634 26.5956 -10.321 0.985 0.12019 -0.12019 -0.17 0.696395 -0.696395 0 0.707 0.707 3820.dat
1 0 -20.395 16.447 -46.401 0.951437 -0.137261 -0.27392 -0.17 0.506976 -0.844031 0.254937 0.850333 0.459456 30374.dat
1 0 0 44 0 1 0 0 0 1 0 0 0 1 3816.dat
1 0 0 44 0 1 0 0 0 1 0 0 0 1 3817.dat
0
0 FILE Darth Vader.ldr
0 Darth Vader
0 Name: Darth Vader.ldr
0 Author: R Paluczak
0 Unofficial Model
0 ROTATION CENTER 0 0 0 1 "Custom" 
0 ROTATION CONFIG 0 0
1 0 0 -25.9 0 1 0 0 0 1 0 0 0 1 30368.dat
1 72 0 -25.9 0 1 0 0 0 1 0 0 0 1 3626bps7.dat
1 0 0 -2 0 1 0 0 0 1 0 0 0 1 522.dat
1 0 0 0 0 1 0 0 0 1 0 0 0 1 973ps7.dat
1 0 0 32 0 1 0 0 0 1 0 0 0 1 3815.dat
1 0 -15.552 9 0 0.985 -0.17 0 0.17 0.985 0 0 0 1 3818.dat
1 0 15.552 9 0 0.985 0.17 0 -0.17 0.985 0 0 0 1 3819.dat
1 0 -23.8634 26.5956 -10.321 0.985 -0.12019 0.12019 0.17 0.696395 -0.696395 0 0.707 0.707 3820.dat
1 0 23.8634 26.5956 -10.321 0.985 0.12019 -0.12019 -0.17 0.696395 -0.696395 0 0.707 0.707 3820.dat
1 36 -23.1951 22.7236 -33.8217 0.985 -0.0874983 0.14567 0.17 0.506976 -0.844031 0 0.856884 0.514696 577c01.dat
1 0 0 44 0 1 0 0 0 1 0 0 0 1 3816.dat
1 0 0 44 0 1 0 0 0 1 0 0 0 1 3817.dat
0
0 FILE Stormtrooper.ldr
0 Stormtrooper
0 Name: Stormtrooper.ldr
0 Author: R Paluczak
0 Unofficial Model
0 ROTATION CENTER 0 0 0 1 "Custom" 
0 ROTATION CONFIG 0 0
1 15 0 -24 0 1 0 0 0 1 0 0 0 1 30408p01.dat
1 0 0 -24 0 1 0 0 0 1 0 0 0 1 3626b.dat
1 15 0 0 0 1 0 0 0 1 0 0 0 1 973psk.dat
1 0 0 32 0 1 0 0 0 1 0 0 0 1 3815.dat
1 15 -15.552 9 0 0.985 -0.17 0 0.17 0.985 0 0 0 1 3818.dat
1 15 15.552 9 0 0.985 0.17 0 -0.17 0.985 0 0 0 1 3819.dat
1 0 -23.8634 26.5956 -10.321 0.985 -0.12019 0.12019 0.17 0.696395 -0.696395 0 0.707 0.707 3820.dat
1 0 23.8634 26.5956 -10.321 0.985 0.12019 -0.12019 -0.17 0.696395 -0.696395 0 0.707 0.707 3820.dat
1 15 0 44 0 1 0 0 0 1 0 0 0 1 3816.dat
1 15 0 44 0 1 0 0 0 1 0 0 0 1 3817.dat
0
0 FILE Imperial Guard.ldr
0 Imperial Guard
0 Name: Imperial Guard.ldr
0 Author: R Paluczak
0 Unofficial Model
0 ROTATION CENTER 0 0 0 1 "Custom" 
0 ROTATION CONFIG 0 0
1 4 0 -27 0 1 0 0 0 1 0 0 0 1 30561.dat
1 0 0 -27 0 1 0 0 0 1 0 0 0 1 3626bp01.dat
1 4 0 -2 0 1 0 0 0 1 0 0 0 1 522.dat
1 4 0 0 0 1 0 0 0 1 0 0 0 1 973ps2.dat
1 4 0 32 0 1 0 0 0 1 0 0 0 1 3815.dat
1 4 -15.552 9 0 0.985 -0.17 0 0.17 0.985 0 0 0 1 3818.dat
1 4 15.552 9 0 0.985 0.17 0 -0.17 0.985 0 0 0 1 3819.dat
1 4 -23.8634 26.5956 -10.321 0.985 -0.12019 0.12019 0.17 0.696395 -0.696395 0 0.707 0.707 3820.dat
1 4 23.8634 26.5956 -10.321 0.985 0.12019 -0.12019 -0.17 0.696395 -0.696395 0 0.707 0.707 3820.dat
1 0 -21.4451 12.5841 -50.9594 0.985 -0.0874983 0.14567 0.17 0.506976 -0.844031 0 0.856884 0.514696 4497.dat
1 4 0 44 0 1 0 0 0 1 0 0 0 1 3816.dat
1 4 0 44 0 1 0 0 0 1 0 0 0 1 3817.dat
0
0 FILE Imperial Officer.ldr
0 Imperial Officer
0 Name: Imperial Officer.ldr
0 Author: R Paluczak
0 Unofficial Model
0 ROTATION CENTER 0 0 0 1 "Custom" 
0 ROTATION CONFIG 0 0
1 72 0 -24 0 1 0 0 0 1 0 0 0 1 30135.dat
1 78 0 -24 0 1 0 0 0 1 0 0 0 1 3626bp84.dat
1 72 0 0 0 1 0 0 0 1 0 0 0 1 973psq.dat
1 72 0 32 0 1 0 0 0 1 0 0 0 1 3815.dat
1 72 -15.552 9 0 0.985 -0.17 0 0.17 0.985 0 0 0 1 3818.dat
1 72 15.552 9 0 0.985 0.17 0 -0.17 0.985 0 0 0 1 3819.dat
1 78 -23.8634 26.5956 -10.321 0.985 -0.12019 0.12019 0.17 0.696395 -0.696395 0 0.707 0.707 3820.dat
1 78 23.8634 26.5956 -10.321 0.985 0.12019 -0.12019 -0.17 0.696395 -0.696395 0 0.707 0.707 3820.dat
1 72 0 44 0 1 0 0 0 1 0 0 0 1 3816.dat
1 72 0 44 0 1 0 0 0 1 0 0 0 1 3817.dat
0 
0
0
