0 FILE untitled model.ldr
0 untitled model
0 Name: 
0 Author: Noah Pottle
0 Unofficial Model
1  71     0.000000     0.000000     0.000000    -0.000000     0.000000     1.000000     0.000000     1.000000     0.000000    -1.000000     0.000000     0.000000 3021.dat
1  34    10.000000    -8.000000    20.000000    -0.000000     0.000000     1.000000    -0.000000     1.000000     0.000000    -1.000000    -0.000000    -0.000000 4073.dat
1  34   -10.000000    -8.000000    20.000000    -0.000000     0.000000     1.000000    -0.000000     1.000000     0.000000    -1.000000    -0.000000    -0.000000 4073.dat
1  72   -10.000000    -8.000000     0.000000    -0.000000     0.000000     1.000000    -0.000000     1.000000     0.000000    -1.000000    -0.000000    -0.000000 61252.dat
1  72    10.000000    -8.000000     0.000000    -0.000000    -0.000000    -1.000000    -0.000000     1.000000     0.000000     1.000000    -0.000000    -0.000000 61252.dat
1  72    45.000000    -6.000000   -20.000000    -0.000000    -0.866025    -0.500000    -1.000000     0.000000    -0.000000     0.000000     0.500000    -0.866025 30194.dat
1  72   -44.000000    -6.000000   -20.000000    -0.000000     0.866025     0.500000     0.999999     0.000000    -0.000000    -0.000000     0.500000    -0.866025 30194.dat
1   0     0.000000   -16.000000    10.000000    -1.000000     0.000000    -0.000000     0.000000     1.000000     0.000000    -0.000000     0.000000    -1.000000 44674.dat
1  72     0.000000   -24.000000     0.000000    -1.000000    -0.000000    -0.000000    -0.000000     1.000000     0.000000    -0.000000     0.000000    -1.000000 2412a.dat
1  72     0.000000   -24.000000    20.000000    -1.000000    -0.000000    -0.000000    -0.000000     1.000000     0.000000    -0.000000     0.000000    -1.000000 3794a.dat
1  72     0.000000   -32.000000    20.000000     1.000000     0.000000    -0.000000    -0.000000     1.000000     0.000000     0.000000    -0.000000     1.000000 73587.dat
1   0     0.000000     0.000000   -30.000000     1.000000     0.000000    -0.000000    -0.000000     1.000000     0.000000     0.000000    -0.000000     1.000000 30602.dat
1   0     0.000000     8.000000    10.000000     0.000000    -0.000000     1.000000    -0.000000     1.000000     0.000000    -1.000000    -0.000000     0.000000 2817.dat
1  71     0.000000    18.000000   -12.000000    -0.000000     0.000000     1.000000    -0.000000     1.000000    -0.000000    -1.000000     0.000000    -0.000000 61184.dat
1  35     0.000000    18.000000    -3.000000    -0.000000    -0.000000     1.000000     1.000000    -0.000000     0.000000    -0.000000     1.000000     0.000000 58176.dat
0 NOFILE
0 FILE untitled minifigure.ldr
0 untitled model
0 Name: 
0 Author: Noah Pottle
0 Unofficial Model
1 320  -130.000000   -24.000000     0.000000     1.000000     0.000000     0.000000     0.000000     1.000000     0.000000     0.000000     0.000000     1.000000 10907c01.dat
1  92  -130.000000   -24.000000     0.000000    -1.000000     0.000000    -0.000000     0.000000     1.000000     0.000000    -0.000000     0.000000    -1.000000 3626cpbb.dat
1 320  -130.000000     0.000000     0.000000     1.000000     0.000000     0.000000     0.000000     1.000000     0.000000     0.000000     0.000000     1.000000 973pbb.dat
1 320  -114.599998     8.000000     0.000000     0.985435     0.170055     0.000000    -0.170055     0.985435     0.000000     0.000000     0.000000     1.000000 981.dat
1 320  -106.441788    25.872984   -10.000000     0.985435     0.120247    -0.120247    -0.170055     0.696808    -0.696808     0.000000     0.707107     0.707107 983.dat
1 320  -145.399994     8.000000     0.000000     0.985435    -0.170055     0.000000     0.170055     0.985435     0.000000     0.000000     0.000000     1.000000 982.dat
1 320  -153.558212    25.872984   -10.000000     0.985435    -0.120247     0.120247     0.170055     0.696808    -0.696808     0.000000     0.707107     0.707107 983.dat
1  41  -153.558212    26.872984   -25.000000     0.985435    -0.120247     0.120247     0.164260     0.490052    -0.856077     0.044013     0.863360     0.502666 4073.dat
1  41  -105.558212    27.872984   -25.000000     0.963248     0.107304     0.246249     0.164260     0.490052    -0.856077    -0.212536     0.865063     0.454416 4073.dat
1 320  -130.000000    32.000000     0.000000     1.000000     0.000000     0.000000     0.000000     1.000000     0.000000     0.000000     0.000000     1.000000 3815cbc.dat
1  71     0.000000     0.000000     0.000000    -0.000000     0.000000     1.000000     0.000000     1.000000     0.000000    -1.000000     0.000000     0.000000 3021.dat
1  34    10.000000    -8.000000    20.000000    -0.000000     0.000000     1.000000    -0.000000     1.000000     0.000000    -1.000000    -0.000000    -0.000000 4073.dat
1  34   -10.000000    -8.000000    20.000000    -0.000000     0.000000     1.000000    -0.000000     1.000000     0.000000    -1.000000    -0.000000    -0.000000 4073.dat
1  72   -10.000000    -8.000000     0.000000    -0.000000     0.000000     1.000000    -0.000000     1.000000     0.000000    -1.000000    -0.000000    -0.000000 61252.dat
1  72    10.000000    -8.000000     0.000000    -0.000000    -0.000000    -1.000000    -0.000000     1.000000     0.000000     1.000000    -0.000000    -0.000000 61252.dat
1  72    45.000000    -6.000000   -20.000000    -0.000000    -0.866025    -0.500000    -1.000000     0.000000    -0.000000     0.000000     0.500000    -0.866025 30194.dat
1  72   -44.000000    -6.000000   -20.000000    -0.000000     0.866025     0.500000     0.999999     0.000000    -0.000000    -0.000000     0.500000    -0.866025 30194.dat
1   0     0.000000   -16.000000    10.000000    -1.000000     0.000000    -0.000000     0.000000     1.000000     0.000000    -0.000000     0.000000    -1.000000 44674.dat
1  72     0.000000   -24.000000     0.000000    -1.000000    -0.000000    -0.000000    -0.000000     1.000000     0.000000    -0.000000     0.000000    -1.000000 2412a.dat
1  72     0.000000   -24.000000    20.000000    -1.000000    -0.000000    -0.000000    -0.000000     1.000000     0.000000    -0.000000     0.000000    -1.000000 3794a.dat
1  72     0.000000   -32.000000    20.000000     1.000000     0.000000    -0.000000    -0.000000     1.000000     0.000000     0.000000    -0.000000     1.000000 73587.dat
1   0     0.000000     0.000000   -30.000000     1.000000     0.000000    -0.000000    -0.000000     1.000000     0.000000     0.000000    -0.000000     1.000000 30602.dat
1   0     0.000000     8.000000    10.000000     0.000000    -0.000000     1.000000    -0.000000     1.000000     0.000000    -1.000000    -0.000000     0.000000 2817.dat
1  71     0.000000    18.000000   -12.000000    -0.000000     0.000000     1.000000    -0.000000     1.000000    -0.000000    -1.000000     0.000000    -0.000000 61184.dat
1  35     0.000000    18.000000    -3.000000    -0.000000    -0.000000     1.000000     1.000000    -0.000000     0.000000    -0.000000     1.000000     0.000000 58176.dat
0 NOFILE