0 FILE Jabba's Message.ldr
0 Jabba's Message
0 Name: Jabba's Message.ldr
0 Author: R Paluczak
0 Unofficial Model
0 ROTATION CENTER 0 0 0 1 "Custom" 
0 ROTATION CONFIG 0 0
1 19 -30 44 0 1 0 0 0 1 0 0 0 1 41539.dat
1 19 -230 -20 -120 0 0 -1 0 1 0 1 0 0 C3PO.ldr
1 19 160 -20 10 1 0 0 0 1 0 0 0 1 Bib Fortuna.ldr
1 19 -145.167 -16 -23.923 0.5 0 -0.866025 0 1 0 0.866025 0 0.5 R2D2.ldr
1 19 -70 70.7 40 0 0 1 1 0 0 0 1 0 Door.ldr
1 6 40 20 60 0 0 -1 0 1 0 1 0 0 3004.dat
1 6 -100 20 60 0 0 1 0 1 0 -1 0 0 2458.dat
1 6 -100 20 10 0 0 1 0 1 0 -1 0 0 30071.dat
1 6 40 20 10 0 0 1 0 1 0 -1 0 0 30071.dat
1 19 -90 -100 50 1 0 0 0 1 0 0 0 1 2454.dat
1 19 -30 -156 50 1 0 0 0 1 0 0 0 1 3308.dat
1 7 -30 -40 104.6 1 0 0 0 0 1 0 -1 0 3062b.dat
1 8 -30 -40.001 50.601 0 1 0 0 0 1 1 0 0 6587.dat
1 8 -29.9 -40 18.4 -1 0 0 0 0 1 0 1 0 32474.dat
1 19 30 -100 50 1 0 0 0 1 0 0 0 1 2454.dat
1 19 -90 -100 10 1 0 0 0 1 0 0 0 1 2454.dat
1 19 30 -100 10 1 0 0 0 1 0 0 0 1 2454.dat
1 6 20 20 50 0 0 1 0 1 0 -1 0 0 3040b.dat
1 6 20 20 10 0 0 1 0 1 0 -1 0 0 3040b.dat
1 6 40 -132 30 1 0 0 0 1 0 0 0 1 3040b.dat
1 6 -100 -132 30 1 0 0 0 1 0 0 0 1 3040b.dat
1 6 -80 20 10 0 0 -1 0 1 0 1 0 0 3040b.dat
1 6 -80 20 50 0 0 -1 0 1 0 1 0 0 3040b.dat
1 6 -100 36 30 0 0 1 0 1 0 -1 0 0 3070b.dat
1 6 40 36 30 0 0 1 0 1 0 -1 0 0 3070b.dat
1 38 -80 -108 10 0 0 1 0 1 0 -1 0 0 4073.dat
1 38 20 -108 10 0 0 1 0 1 0 -1 0 0 4073.dat
1 0 40 -108 30 0 0 1 0 1 0 -1 0 0 3623.dat
1 0 -100 -108 30 0 0 1 0 1 0 -1 0 0 3623.dat
0
0 FILE C3PO.ldr
0 C3PO
0 Name: C3PO.ldr
0 Author: R Paluczak
0 Unofficial Model
0 ROTATION CENTER 0 0 0 1 "Custom" 
0 ROTATION CONFIG 0 0
1 142 0 0 0 1 0 0 0 1 0 0 0 1 30480.dat
1 142 0 0 0 1 0 0 0 1 0 0 0 1 973psr.dat
1 142 0 32 0 1 0 0 0 1 0 0 0 1 3815.dat
1 142 -15.552 9 0 0.985 -0.17 0 0.17 0.985 0 0 0 1 3818.dat
1 142 15.552 9 0 0.985 0.17 0 -0.17 0.985 0 0 0 1 3819.dat
1 142 -23.8634 26.5956 -10.321 0.985 -0.12019 0.12019 0.17 0.696395 -0.696395 0 0.707 0.707 3820.dat
1 142 23.8634 26.5956 -10.321 0.985 0.12019 -0.12019 -0.17 0.696395 -0.696395 0 0.707 0.707 3820.dat
1 142 0 44 0 1 0 0 0 1 0 0 0 1 3816.dat
1 142 0 44 0 1 0 0 0 1 0 0 0 1 3817.dat
0
0 FILE Bib Fortuna.ldr
0 Bib Fortuna
0 Name: Bib Fortuna.ldr
0 Author: R Paluczak
0 Unofficial Model
0 ROTATION CENTER 0 0 0 1 "Custom" 
0 ROTATION CONFIG 0 0
1 19 0 -27 0 1 0 0 0 1 0 0 0 1 3626bpsb.dat
1 0 0 -2 0 1 0 0 0 1 0 0 0 1 522.dat
1 272 0 0 0 1 0 0 0 1 0 0 0 1 973psj.dat
1 272 0 32 0 1 0 0 0 1 0 0 0 1 3815.dat
1 272 -15.552 9 0 0.985 -0.17 0 0.17 0.985 0 0 0 1 3818.dat
1 272 15.552 9 0 0.985 0.17 0 -0.17 0.985 0 0 0 1 3819.dat
1 19 -23.8634 26.5956 -10.321 0.985 -0.12019 0.12019 0.17 0.696395 -0.696395 0 0.707 0.707 3820.dat
1 19 23.8634 26.5956 -10.321 0.985 0.12019 -0.12019 -0.17 0.696395 -0.696395 0 0.707 0.707 3820.dat
1 272 0 44 0 1 0 0 0 1 0 0 0 1 3816.dat
1 272 0 44 0 1 0 0 0 1 0 0 0 1 3817.dat
0
0 FILE R2D2.ldr
0 R2D2
0 Name: R2D2.ldr
0 Author: R Paluczak
0 Unofficial Model
0 ROTATION CENTER 0 0 0 1 "Custom" 
0 ROTATION CONFIG 0 0
1 15 -40 -14 0 1 0 0 0 1 0 0 0 1 30367aps1.dat
1 15 -40 20 0 1 0 0 0 1 0 0 0 1 30361aps1.dat
1 15 -60 20 0 0 0 -1 0 1 0 1 0 0 30362.dat
1 15 -20 20 0 0 0 1 0 1 0 -1 0 0 30362.dat
0
0 FILE Door.ldr
0 Door
0 Name: Door.ldr
0 Author: R Paluczak
0 Unofficial Model
0 ROTATION CENTER 0 0 0 1 "Custom" 
0 ROTATION CONFIG 0 0
1 19 -110 -8 0 1 0 0 0 1 0 0 0 1 3034.dat
1 6 -110 -16 -10 1 0 0 0 1 0 0 0 1 4162.dat
1 6 -110 -16 90 1 0 0 0 1 0 0 0 1 4162.dat
1 38 -110 -16 70 1 0 0 0 1 0 0 0 1 2412b.dat
1 38 -110 -16 10 1 0 0 0 1 0 0 0 1 2412b.dat
1 19 -110 -8 80 1 0 0 0 1 0 0 0 1 3034.dat
1 0 -110 -8 40 1 0 0 0 1 0 0 0 1 32001.dat
1 6 -140 -16 40 0 0 -1 0 1 0 1 0 0 2431.dat
1 6 -80 -16 40 0 0 -1 0 1 0 1 0 0 2431.dat
0 
0
0
