0 FILE Jabba's Prize.ldr
0 Jabba's Prize
0 Name: Jabba's Prize.ldr
0 Author: R Paluczak
0 Unofficial Model
0 ROTATION CENTER 0 -153.63 70 1 "Custom" 
0 ROTATION CONFIG 0 0
1 19 0 28 0 1 0 0 0 1 0 0 0 1 41539.dat
1 19 -60 -44 70 1 0 0 0 1 0 0 0 1 3245a.dat
1 19 60 -44 70 1 0 0 0 1 0 0 0 1 3245a.dat
1 19 70 -68 50 0 0 -1 0 1 0 1 0 0 3622.dat
1 19 0 -140 70 1 0 0 0 1 0 0 0 1 3308.dat
1 19 -70 -68 50 0 0 -1 0 1 0 1 0 0 3622.dat
1 6 0 -52 70 1 0 0 0 1 0 0 0 1 6636.dat
1 8 0 20 60 1 0 0 0 1 0 0 0 1 3068b.dat
1 8 -130 -36 -20 0.707107 0 -0.707107 0 1 0 0.707107 0 0.707107 Gamorrean Guard.ldr
1 8 -176.777 -36 -126.066 0 0 -1 0 1 0 1 0 0 Boba Fett.ldr
1 8 0 -8 60 1 0 0 0 1 0 0 0 1 30000.dat
1 0 0 -128 50 1 0 0 0 1 0 0 0 1 2454ps5.dat
1 7 -10 -136 50 1 0 0 0 1 0 0 0 1 4073.dat
1 7 10 -136 50 1 0 0 0 1 0 0 0 1 4073.dat
1 0 0 -164 70 1 0 0 0 1 0 0 0 1 3937.dat
1 0 0 -160.963 62.667 -1 0 0 0 0.707107 0.707107 0 0.707107 -0.707107 6134.dat
1 8 0 -166.619 57.009 -1 0 0 0 0.707107 0.707107 0 0.707107 -0.707107 2540.dat
1 7 0 -152.477 42.868 -1 0 0 0 0.707107 0.707107 0 0.707107 -0.707107 2412b.dat
1 8 -30 20 60 0 0 -1 0 1 0 1 0 0 32530.dat
1 8 30 20 60 0 0 -1 0 1 0 1 0 0 32530.dat
1 8 -70 -164 70 0 0 -1 0 1 0 1 0 0 4589.dat
1 38 -70 -169.9 70 1 0 0 0 0 -1 0 1 0 6126.dat
1 38 70 -169.9 70 1 0 0 0 0 -1 0 1 0 6126.dat
1 8 70 -164 70 0 0 -1 0 1 0 1 0 0 4589.dat
1 6 -70 4 70 0 0 1 0 1 0 -1 0 0 2357.dat
1 6 -70 -44 30 1 0 0 0 1 0 0 0 1 4460.dat
1 6 -70 -92 70 1 0 0 0 1 0 0 0 1 3040b.dat
1 6 70 -92 70 1 0 0 0 1 0 0 0 1 3040b.dat
1 7 -70 -76 30 1 0 0 0 1 0 0 0 1 3070b.dat
1 7 70 -76 30 1 0 0 0 1 0 0 0 1 3070bp06.dat
1 6 70 -44 30 1 0 0 0 1 0 0 0 1 4460.dat
1 6 70 4 60 0 0 1 0 1 0 -1 0 0 3700.dat
1 6 50 4 70 0 0 1 0 1 0 -1 0 0 30071.dat
0
0 FILE Boba Fett.ldr
0 Boba Fett
0 Name: Boba Fett.ldr
0 Author: R Paluczak
0 Unofficial Model
0 ROTATION CENTER 0 0 0 1 "Custom" 
0 ROTATION CONFIG 0 0
1 0 0 -24 0 1 0 0 0 1 0 0 0 1 3626b.dat
1 2 0 -20 0 1 0 0 0 1 0 0 0 1 87610.dat
1 7 0 0 0 1 0 0 0 1 0 0 0 1 973psb.dat
1 6 0 32 0 1 0 0 0 1 0 0 0 1 3815.dat
1 7 -15.552 9 0 0.985 -0.17 0 0.17 0.985 0 0 0 1 3818.dat
1 7 15.552 9 0 0.985 0.17 0 -0.17 0.985 0 0 0 1 3819.dat
1 0 -23.8634 26.5956 -10.321 0.985 -0.12019 0.12019 0.17 0.696395 -0.696395 0 0.707 0.707 3820.dat
1 8 23.8634 26.5956 -10.321 0.985 0.12019 -0.12019 -0.17 0.696395 -0.696395 0 0.707 0.707 3820.dat
1 0 -23.545 24.752 -30.394 -0.985 0.0874983 -0.14567 -0.085 0.488596 0.867755 0.147224 0.867496 -0.473604 4349.dat
1 7 0 44 0 1 0 0 0 1 0 0 0 1 3816.dat
1 7 0 44 0 1 0 0 0 1 0 0 0 1 3817.dat
0 
0
0 FILE Gamorrean Guard.ldr
0 Gamorrean Guard
0 Name: Gamorrean Guard.ldr
0 Author: R Paluczak
0 Unofficial Model
0 ROTATION CENTER 0 0 0 1 "Custom" 
0 ROTATION CONFIG 0 0
1 378 0 -24 0 1 0 0 0 1 0 0 0 1 3626bp01.dat
1 6 0 0 0 1 0 0 0 1 0 0 0 1 973.dat
1 6 0 32 0 1 0 0 0 1 0 0 0 1 3815.dat
1 8 -15.552 9 0 0.985 -0.17 0 0.17 0.985 0 0 0 1 3818.dat
1 8 15.552 9 0 0.985 0.17 0 -0.17 0.985 0 0 0 1 3819.dat
1 378 -23.8634 26.5956 -10.321 0.985 -0.12019 0.12019 0.17 0.696395 -0.696395 0 0.707 0.707 3820.dat
1 378 23.8634 26.5956 -10.321 0.985 0.12019 -0.12019 -0.17 0.696395 -0.696395 0 0.707 0.707 3820.dat
1 0 -25.4701 35.905 -11.5427 0.985 -0.0874983 0.14567 0.17 0.506976 -0.844031 0 0.856884 0.514696 4438.dat
1 378 0 44 0 1 0 0 0 1 0 0 0 1 3816.dat
1 378 0 44 0 1 0 0 0 1 0 0 0 1 3817.dat
0
0
