0 untitled model
0 Name: 
0 Author: Noah Pottle
0 Unofficial Model
1  15   -20.000000     0.000000     0.000000    -0.000000     0.000000     1.000000     0.000000     1.000000     0.000000    -1.000000     0.000000     0.000000 3622.dat
1  15  -100.000000     0.000000   -80.000000    -0.000000     0.000000     1.000000     0.000000     1.000000     0.000000    -1.000000     0.000000     0.000000 3622.dat
1  15   -70.000000   -24.000000   -80.000000     1.000000     0.000000     0.000000     0.000000     1.000000     0.000000    -0.000000     0.000000     1.000000 3010p15.dat
1  15    10.000000   -24.000000     0.000000     1.000000     0.000000     0.000000     0.000000     1.000000     0.000000    -0.000000     0.000000     1.000000 3010p15.dat
1   4   -20.000000   -48.000000     0.000000     1.000000     0.000000     0.000000     0.000000     1.000000     0.000000    -0.000000     0.000000     1.000000 3062b.dat
1   4    40.000000   -48.000000     0.000000     1.000000     0.000000     0.000000     0.000000     1.000000     0.000000    -0.000000     0.000000     1.000000 3062b.dat
1  15    40.000000     0.000000     0.000000    -0.000000     0.000000     1.000000     0.000000     1.000000     0.000000    -1.000000     0.000000     0.000000 3622.dat
1  15   -40.000000     0.000000   -80.000000    -0.000000     0.000000     1.000000     0.000000     1.000000     0.000000    -1.000000     0.000000     0.000000 3622.dat
1  15   -70.000000    -8.000000    40.000000     1.000000     0.000000     0.000000     0.000000     1.000000     0.000000     0.000000     0.000000     1.000000 u9204c01.dat
1  15   -80.000000   -60.000000   100.000000     1.000000     0.000000     0.000000     0.000000     1.000000     0.000000     0.000000     0.000000     1.000000 3957a.dat
1   0   -70.000000   -52.000000    90.000000     1.000000     0.000000     0.000000     0.000000     1.000000     0.000000     0.000000     0.000000     1.000000 749.dat
1  15   -72.000000   -68.000000    90.000000    -0.000000     1.000000     0.000000     0.000000    -0.000000    -1.000000    -1.000000     0.000000    -0.000000 3068p51.dat
1  15    88.000000   -68.000000   -10.000000     1.000000    -0.000000    -0.000000     0.000000     1.000000     0.000000    -0.000000    -0.000000     1.000000 u9142p01c02.dat
1   1    88.000000   -39.000000   -10.000000     1.000000    -0.000000    -0.000000     0.000000     1.000000     0.000000    -0.000000    -0.000000     1.000000 u9102.dat
1   1   111.000000   -65.000000   -10.000000     1.000000    -0.000000     0.000000     0.000000     0.258819     0.965925    -0.000000    -0.965926     0.258819 u9101.dat
1   4   118.000000   -94.000000   -47.000000     0.999999    -0.000000     0.000000    -0.000000    -0.258819    -0.965925     0.000000     0.965925    -0.258819 3900.dat
1   1    65.000000   -65.000000   -10.000000    -0.999999     0.000000     0.000000     0.000000     0.258819    -0.965925    -0.000000    -0.965925    -0.258819 u9101.dat
1   0    98.000000   -39.000000   -10.000000     0.999999    -0.000000    -0.000000     0.000000     1.000000     0.000000     0.000000    -0.000000     0.999999 u9100.dat
1   0    78.000000   -39.000000   -10.000000     0.999999    -0.000000    -0.000000     0.000000     1.000000     0.000000     0.000000    -0.000000     0.999999 u9100.dat
1   0    58.000000   -59.000000   -34.000000     0.999999    -0.000000    -0.000000    -0.000000     0.965925    -0.258819     0.000000     0.258819     0.965925 3962a.dat