0 FILE Rancor Pit.ldr
0 Rancor Pit
0 Name: Rancor Pit.ldr
0 Author: R Paluczak
0 Unofficial Model
0 ROTATION CENTER 0 0 0 1 "Custom" 
0 ROTATION CONFIG 0 0
1 0 101.967 47 131.585 0.382683 0 0.92388 0 1 0 -0.92388 0 0.382683 Rancor.ldr
1 0 570.382 104 -146.448 0 0 -1 0 1 0 1 0 0 Part 1.ldr
1 0 190.382 64 -326.448 0 0 -1 0 1 0 1 0 0 Part 2.ldr
1 0 -75.618 56 -136.448 0 0 1 0 1 0 -1 0 0 Luke Skywalker.ldr
1 0 -55.618 56 -216.448 0 0 1 0 1 0 -1 0 0 Gamorrean Guard.ldr
1 0 -65.618 56 -306.448 0 0 1 0 1 0 -1 0 0 Rancor Keeper.ldr
1 0 -55.618 56 -386.448 0 0 1 0 1 0 -1 0 0 Skeleton.ldr
0
0 FILE Rancor.ldr
0 Rancor
0 Name: Rancor.ldr
0 Author: R Paluczak
0 Unofficial Model
0 ROTATION CENTER 0 0 0 1 "Custom" 
0 ROTATION CONFIG 0 0
1 0 -300 -24 0 0 0 -1 -0.55557 0.83147 0 0.83147 0.55557 0 Rancor Torso.ldr
1 0 -194.327 53.371 1.087 -0.212608 0.31819 -0.92388 -0.51328 0.768178 0.382683 0.83147 0.55557 0 Rancor Left Arm.ldr
1 0 -381.414 -292.94 -56.906 0.212608 -0.31819 -0.92388 0.224994 0.936031 -0.270598 0.950882 -0.150336 0.270598 Rancor Right Arm.ldr
1 0 -164.401 -163.09 320.803 0.820969 0.117051 0.558846 -0.0433593 0.988716 -0.143391 -0.569324 0.0934883 0.81678 Rancor Right Leg.ldr
1 0 -84.401 -163.09 364.803 0.569324 -0.0934883 -0.81678 -0.0433593 0.988716 -0.143391 0.820969 0.117051 0.558846 Rancor Right Leg.ldr
1 0 -125.769 -306.905 174.483 -0.00648494 -0.00200821 -0.999977 -0.200227 0.97975 -0.000669243 0.979728 0.200218 -0.00675562 Rancor Head.ldr
1 0 -149.878 -334.643 198.275 -0.0052439 0.999984 -0.00197434 -0.702497 -0.00227889 0.711683 0.711668 0.00511893 0.702497 Rancor Neck.ldr
0
0 FILE Rancor Torso.ldr
0 Rancor Torso
0 Name: Rancor Torso.ldr
0 Author: R Paluczak
0 Unofficial Model
0 ROTATION CENTER 0 0 0 1 "Custom" 
0 ROTATION CONFIG 0 0
1 70 310 -40 -155 0 0 1 0 -1 0 1 0 0 32577.dat
1 70 330 -88 -135 0 0 -1 0 -1 0 -1 0 0 32174.dat
1 70 330 -88 -175 0 0 -1 0 -1 0 -1 0 0 32174.dat
1 70 330 -30 -155 0 -1 0 0 0 -1 1 0 0 6536.dat
1 4 330 -30 -155 0 -1 0 0 0 -1 1 0 0 32062.dat
1 4 330 -10 -155 0 -1 0 0 0 -1 1 0 0 32062.dat
1 4 330 -88 -155 0 -1 0 0 0 -1 1 0 0 32062.dat
1 70 330 -10 -170 -1 0 0 0 0 -1 0 -1 0 41677.dat
1 70 330 -10 -140 -1 0 0 0 0 -1 0 -1 0 41677.dat
1 70 330 10 -155 0 0 -1 0 1 0 1 0 0 42003.dat
1 70 350 90 -155 0 0 1 0 1 0 -1 0 0 47306.dat
1 308 270 -49 -155 0 -1 0 -1 0 0 0 0 -1 32316.dat
1 70 310 -49 -115 0 0 1 -1 0 0 0 -1 0 32016.dat
1 70 310 -49 -195 0 0 1 1 0 0 0 1 0 32016.dat
1 1 280 -49 -115 1 0 0 0 0 -1 0 1 0 3749.dat
1 1 310 -81 -135 0 0 -1 -1 0 0 0 1 0 3749.dat
1 1 310 -81 -175 0 0 -1 -1 0 0 0 1 0 3749.dat
1 1 280 -49 -195 1 0 0 0 0 -1 0 1 0 3749.dat
1 0 290 -49 -155 1 0 0 0 0 -1 0 1 0 6558.dat
1 308 292 -29 -155 0 1 0 0 0 -1 -1 0 0 50858.dat
1 70 340 -49 -229 0 -0.92388 0.382683 1 0 0 0 0.382683 0.92388 32174.dat
1 4 338.448 -49 -207.746 -0.92388 0.382683 0 0 0 1 0.382683 0.92388 0 32062.dat
1 70 340 -49 -82 0 -0.92388 0.382683 -1 0 0 0 -0.382683 -0.92388 32174.dat
1 4 338.448 -49 -103.254 -0.92388 0.382683 0 0 0 -1 -0.382683 -0.92388 0 32062.dat
1 0 340 30 -155 1 0 0 0 0 -1 0 1 0 2780.dat
1 0 340 10 -155 1 0 0 0 0 -1 0 1 0 2780.dat
0
0 FILE Rancor Left Arm.ldr
0 Rancor Left Arm
0 Name: Rancor Left Arm.ldr
0 Author: R Paluczak
0 Unofficial Model
0 ROTATION CENTER 0 0 0 1 "Custom" 
0 ROTATION CONFIG 0 0
1 70 113.549 116.455 -286 0.92388 0 -0.382683 -0.382683 0 -0.92388 0 1 0 57909.dat
1 70 207.785 77.419 -277 -0.382683 0 0.92388 -0.92388 0 -0.382683 0 -1 0 50898.dat
1 70 286.752 19.816 -277 0.83147 0 0.55557 0.55557 0 -0.83147 0 1 0 32482.dat
1 70 104.311 120.28 -262 0.92388 0 -0.382683 -0.382683 0 -0.92388 0 1 0 3021.dat
1 70 104.311 120.28 -293.999 0.92388 0 -0.382683 -0.382683 0 -0.92388 0 1 0 3021.dat
1 70 85.833 127.935 -278 -0.382683 0 -0.92388 -0.92388 0 0.382683 0 1 0 3023.dat
1 70 85.833 127.935 -286 0.382683 0 0.92388 0.92388 0 -0.382683 0 1 0 2540.dat
1 70 61.233 120.806 -268 -0.92388 0 0.382683 0.382683 0 0.92388 0 1 0 53989.dat
1 70 67.356 135.589 -284.001 -0.92388 0 -0.382683 0.382683 0 -0.92388 0 -1 0 53989.dat
1 70 73.479 150.369 -284 -0.92388 0 -0.382683 0.382683 0 -0.92388 0 -1 0 53989.dat
1 70 61.233 120.806 -284 -0.92388 0 -0.382683 0.382683 0 -0.92388 0 -1 0 53989.dat
1 15 26.126 135.348 -302 -0.382683 0.92388 0 -0.92388 -0.382683 0 0 0 1 87747.dat
1 15 32.248 150.129 -302 -0.382683 0.92388 0 -0.92388 -0.382683 0 0 0 1 87747.dat
1 15 26.126 135.348 -250 0.382683 0.92388 0 0.92388 -0.382683 0 0 0 -1 87747.dat
1 15 38.372 164.912 -302 -0.382683 0.92388 0 -0.92388 -0.382683 0 0 0 1 87747.dat
1 70 85.833 127.935 -270 0.382683 0 0.92388 0.92388 0 -0.382683 0 1 0 2540.dat
0
0 FILE Rancor Right Arm.ldr
0 Rancor Right Arm
0 Name: Rancor Right Arm.ldr
0 Author: R Paluczak
0 Unofficial Model
0 ROTATION CENTER 0 0 0 1 "Custom" 
0 ROTATION CONFIG 0 0
1 70 242.676 208.578 -24 0.55557 0 0.83147 -0.83147 0 0.55557 0 -1 0 57909.dat
1 70 299.344 123.767 -33 -0.83147 0 0.55557 -0.55557 0 -0.83147 0 -1 0 50898.dat
1 70 333 32 -33 -1 0 0 0 0 -1 0 -1 0 32482.dat
1 70 237.12 216.892 -48 0.55557 0 0.83147 -0.83147 0 0.55557 0 -1 0 3021.dat
1 70 237.12 216.892 -16 0.55557 0 0.83147 -0.83147 0 0.55557 0 -1 0 3021.dat
1 70 226.01 233.522 -32 0.83147 0 -0.55557 0.55557 0 0.83147 0 -1 0 3023.dat
1 70 226.01 233.522 -24 -0.83147 0 0.55557 -0.55557 0 -0.83147 0 -1 0 2540.dat
1 70 214.899 250.151 -26 -0.55557 0 0.83147 0.83147 0 0.55557 0 1 0 53989.dat
1 70 201.594 241.262 -26 -0.55557 0 0.83147 0.83147 0 0.55557 0 1 0 53989.dat
1 70 228.201 259.039 -26 -0.55557 0 0.83147 0.83147 0 0.55557 0 1 0 53989.dat
1 15 207.09 290.636 -8 0.83147 0.55557 0 0.55557 -0.83147 0 0 0 -1 87747.dat
1 15 193.786 281.746 -8 0.83147 0.55557 0 0.55557 -0.83147 0 0 0 -1 87747.dat
1 70 201.594 241.262 -42 -0.55557 0 -0.83147 0.83147 0 -0.55557 0 -1 0 53989.dat
1 15 180.483 272.858 -60 -0.83147 0.55557 0 -0.55557 -0.83147 0 0 0 1 87747.dat
1 15 180.483 272.858 -8 0.83147 0.55557 0 0.55557 -0.83147 0 0 0 -1 87747.dat
1 70 226.01 233.522 -40 -0.83147 0 0.55557 -0.55557 0 -0.83147 0 -1 0 2540.dat
0
0 FILE Rancor Right Leg.ldr
0 Rancor Right Leg
0 Name: Rancor Right Leg.ldr
0 Author: R Paluczak
0 Unofficial Model
0 ROTATION CENTER 0 0 0 1 "Custom" 
0 ROTATION CONFIG 0 0
1 70 -30 62.308 -42.013 0 -1 0 0.707107 0 -0.707107 0.707107 0 0.707107 61054.dat
1 450 -30 41.094 -63.225 -1 0 0 0 0.707107 0.707107 0 0.707107 -0.707107 53543.dat
1 0 -30 55.234 -49.083 0 -1 0 -0.707107 0 0.707107 -0.707107 0 -0.707107 2780.dat
1 70 -31 190 0 1 0 0 0 -0.707107 -0.707107 0 0.707107 -0.707107 47297.dat
1 70 -31 208.388 -6.399 1 0 0 0 -0.382683 0.92388 0 -0.92388 -0.382683 32174.dat
1 70 -30 219.158 -32.245 1 0 0 0 0.92388 0.382683 0 -0.382683 0.92388 32506.dat
0
0 FILE Rancor Head.ldr
0 Rancor Head
0 Name: Rancor Head.ldr
0 Author: R Paluczak
0 Unofficial Model
0 
0 
0 ROTATION CENTER 0 0 0 1 "Custom" 
0 ROTATION CONFIG 0 0
1 70 -60 -0 0 1 0 0 0 1 0 0 0 1 62712.dat
1 70 -90 0 50 1 0 0 0 1 0 0 0 1 4070.dat
1 70 -90 0 -10 -1 0 0 0 1 0 0 0 -1 4070.dat
1 15 -90 10 4 0 0 -1 1 0 0 0 -1 0 3024.dat
1 0 -90 10 12 0 0 -1 1 0 0 0 -1 0 3024.dat
1 15 -90 10 36 0 0 1 1 0 0 0 1 0 3024.dat
1 15 -90 10 20 0 0 1 1 0 0 0 1 0 3070b.dat
1 15 -90 10 20 0 0 -1 1 0 0 0 -1 0 3070b.dat
1 0 -90 10 28 0 0 1 1 0 0 0 1 0 3024.dat
1 70 -60 -0 40 1 0 0 0 1 0 0 0 1 62712.dat
1 70 -90 -8 40 0 0 -1 0 1 0 1 0 0 3794b.dat
1 70 -90 -8 0 0 0 -1 0 1 0 1 0 0 3794b.dat
1 70 -70 -16 40 0 0 -1 0 1 0 1 0 0 3794b.dat
1 70 -70 -16 0 0 0 -1 0 1 0 1 0 0 3794b.dat
1 0 -90 -16 0 0 0 -1 0 1 0 1 0 0 3070b.dat
1 0 -90 -16 40 0 0 -1 0 1 0 1 0 0 3070b.dat
1 70 -50 -16 20 0 0 -1 0 1 0 1 0 0 3710.dat
1 70 -50 24 20 0 0 -1 0 1 0 1 0 0 3710.dat
1 70 -60 -8 20 0 0 -1 0 1 0 1 0 0 3020.dat
1 70 -80 24 20 0 0 -1 0 1 0 1 0 0 3020.dat
1 70 -50 -24 20 0 0 -1 0 1 0 1 0 0 3023.dat
1 70 -80 -24 20 0 0 -1 0 1 0 1 0 0 3021.dat
0
0 FILE Rancor Neck.ldr
0 Rancor Neck
0 Name: Rancor Neck.ldr
0 Author: R Paluczak
0 Unofficial Model
0 ROTATION CENTER 0 0 0 1 "Custom" 
0 ROTATION CONFIG 0 0
1 70 -60 24 0 1 0 0 0 1 0 0 0 1 41670.dat
1 70 -60 -16 0 1 0 0 0 1 0 0 0 1 41670.dat
0 
0
0 FILE Luke Skywalker.ldr
0 Luke Skywalker
0 Name: Luke Skywalker.ldr
0 Author: R Paluczak
0 Unofficial Model
0 ROTATION CENTER 0 0 0 1 "Custom" 
0 ROTATION CONFIG 0 0
1 19 0 -24 0 1 0 0 0 1 0 0 0 1 3901.dat
1 78 0 -24 0 1 0 0 0 1 0 0 0 1 3626bp01.dat
1 72 0 0 0 1 0 0 0 1 0 0 0 1 973ps2.dat
1 0 0 32 0 1 0 0 0 1 0 0 0 1 3815.dat
1 0 -15.552 9 0 0.985 -0.17 0 0.17 0.985 0 0 0 1 3818.dat
1 0 15.552 9 0 0.985 0.17 0 -0.17 0.985 0 0 0 1 3819.dat
1 78 -23.8634 26.5956 -10.321 0.985 -0.12019 0.12019 0.17 0.696395 -0.696395 0 0.707 0.707 3820.dat
1 78 23.8634 26.5956 -10.321 0.985 0.12019 -0.12019 -0.17 0.696395 -0.696395 0 0.707 0.707 3820.dat
1 15 -24.9451 32.8631 -16.684 0.985 -0.0874983 0.14567 0.17 0.506976 -0.844031 0 0.856884 0.514696 92691.dat
1 0 0 44 0 1 0 0 0 1 0 0 0 1 3816.dat
1 0 0 44 0 1 0 0 0 1 0 0 0 1 3817.dat
0
0 FILE Gamorrean Guard.ldr
0 Gamorrean Guard
0 Name: Gamorrean Guard.ldr
0 Author: R Paluczak
0 Unofficial Model
0 ROTATION CENTER 0 0 0 1 "Custom" 
0 ROTATION CONFIG 0 0
1 70 0 -24 0 1 0 0 0 1 0 0 0 1 3626bp01.dat
1 70 0 0 0 1 0 0 0 1 0 0 0 1 973.dat
1 28 0 32 0 1 0 0 0 1 0 0 0 1 3815.dat
1 330 -15.552 9 0 0.985 -0.17 0 0.17 0.985 0 0 0 1 3818.dat
1 330 15.552 9 0 0.985 0.17 0 -0.17 0.985 0 0 0 1 3819.dat
1 330 -23.8634 26.5956 -10.321 0.985 -0.12019 0.12019 0.17 0.696395 -0.696395 0 0.707 0.707 3820.dat
1 330 23.8634 26.5956 -10.321 0.985 0.12019 -0.12019 -0.17 0.696395 -0.696395 0 0.707 0.707 3820.dat
1 330 0 44 0 1 0 0 0 1 0 0 0 1 3816.dat
1 330 0 44 0 1 0 0 0 1 0 0 0 1 3817.dat
0
0 FILE Part 1.ldr
0 Part 1
0 Name: Part 1.ldr
0 Author: R Paluczak
0 Unofficial Model
0 ROTATION CENTER 0 0 0 1 "Custom" 
0 ROTATION CONFIG 0 0
1 72 10 16 0 1 0 0 0 1 0 0 0 1 3030.dat
1 72 -170 16 0 1 0 0 0 1 0 0 0 1 3035.dat
1 72 60 -112 -30 0 0 -1 0 1 0 1 0 0 2357.dat
1 72 50 -136 0 0 0 -1 0 1 0 1 0 0 90258.dat
1 72 -230 -136 0 0 0 -1 0 1 0 1 0 0 90258.dat
1 72 50 -328 0 0 0 -1 0 1 0 1 0 0 90258.dat
1 72 -230 -328 0 0 0 -1 0 1 0 1 0 0 90258.dat
1 72 50 -184 0 0 0 -1 0 1 0 1 0 0 90258.dat
1 72 -230 -184 0 0 0 -1 0 1 0 1 0 0 90258.dat
1 72 60 -112 30 -1 0 0 0 1 0 0 0 -1 2357.dat
1 72 60 -160 -30 0 0 -1 0 1 0 1 0 0 2357.dat
1 72 60 -160 30 -1 0 0 0 1 0 0 0 -1 2357.dat
1 72 -240 -160 30 0 0 1 0 1 0 -1 0 0 2357.dat
1 72 -240 -160 -30 1 0 0 0 1 0 0 0 1 2357.dat
1 72 60 -208 -30 0 0 -1 0 1 0 1 0 0 2357.dat
1 72 -240 -232 0 0 0 -1 0 1 0 1 0 0 3010.dat
1 72 -240 -304 0 0 0 -1 0 1 0 1 0 0 3010.dat
1 72 -210 -328 -30 -1 0 0 0 1 0 0 0 -1 3010.dat
1 72 -260 -128 -20 1 0 0 0 0 -1 0 1 0 62808.dat
1 70 -260 -112 20 0 0 1 0 1 0 -1 0 0 4496.dat
1 72 -90 -328 -30 -1 0 0 0 1 0 0 0 -1 3010.dat
1 4 -90 -318 -70 0 0 1 1 0 0 0 1 0 32034.dat
1 4 -120 -318 -70 -1 0 0 0 0 1 0 1 0 32062.dat
1 4 -60 -318 -70 -1 0 0 0 0 1 0 1 0 32062.dat
1 72 -30 -318 -70 0 1 0 1 0 0 0 0 -1 32014.dat
1 72 -150 -318 -70 0 -1 0 -1 0 0 0 0 -1 32014.dat
1 72 30 -328 -30 -1 0 0 0 1 0 0 0 -1 3010.dat
1 72 60 -304 30 0 0 -1 0 1 0 1 0 0 4287.dat
1 72 40 -304 -30 0 0 -1 0 1 0 1 0 0 2339.dat
1 72 40 -304 30 0 0 -1 0 1 0 1 0 0 2339.dat
1 72 -220 -304 30 0 0 1 0 1 0 -1 0 0 2339.dat
1 72 -90 -328 30 1 0 0 0 1 0 0 0 1 2465.dat
1 72 -220 -304 -30 0 0 1 0 1 0 -1 0 0 2339.dat
1 72 60 -232 0 0 0 -1 0 1 0 1 0 0 3010.dat
1 72 60 -208 30 -1 0 0 0 1 0 0 0 -1 2357.dat
1 72 -240 -208 30 0 0 1 0 1 0 -1 0 0 2357.dat
1 72 -240 -208 -30 1 0 0 0 1 0 0 0 1 2357.dat
1 72 60 -280 -30 0 0 -1 0 1 0 1 0 0 2357.dat
1 72 60 -280 30 -1 0 0 0 1 0 0 0 -1 2357.dat
1 72 -240 -280 30 0 0 1 0 1 0 -1 0 0 2357.dat
1 72 -240 -280 -30 1 0 0 0 1 0 0 0 1 2357.dat
1 72 -290 16 0 0 0 1 0 1 0 -1 0 0 30565.dat
1 72 -290 -16 0 0 0 1 0 1 0 -1 0 0 30565.dat
1 70 -290 -24 0 0 0 1 0 1 0 -1 0 0 48245.dat
1 0 -250 -8 30 -1 0 0 0 1 0 0 0 -1 30237.dat
1 0 -240 -112 20 0 0 1 0 1 0 -1 0 0 30237.dat
1 0 -240 -112 -20 0 0 1 0 1 0 -1 0 0 30237.dat
1 0 40 -136 -30 1 0 0 0 1 0 0 0 1 87087.dat
1 36 40 -128 -48 1 0 0 0 0 -1 0 1 0 98138.dat
1 70 -250 -8 0 -1 0 0 0 1 0 0 0 -1 6143.dat
1 72 90 -16 0 0 0 -1 0 1 0 1 0 0 3020.dat
1 72 60 -16 -10 0 0 -1 0 1 0 1 0 0 3623.dat
1 72 -240 -16 -10 0 0 -1 0 1 0 1 0 0 3623.dat
1 72 40 -16 30 -1 0 0 0 1 0 0 0 -1 3623.dat
1 72 -220 -16 30 -1 0 0 0 1 0 0 0 -1 3623.dat
1 71 30 -16 -30 -1 0 0 0 1 0 0 0 -1 3023.dat
1 71 -210 -16 -30 -1 0 0 0 1 0 0 0 -1 3023.dat
1 28 -220 -88 -30 0 0 -1 0 1 0 1 0 0 4460.dat
1 28 -220 -88 30 0 0 -1 0 1 0 1 0 0 4460.dat
1 28 40 -88 30 0 0 1 0 1 0 -1 0 0 4460.dat
1 28 40 -88 -30 0 0 1 0 1 0 -1 0 0 4460.dat
1 28 -240 -88 -20 0 0 1 0 1 0 -1 0 0 30499.dat
1 28 -290 -59 0 0.707107 0.587938 -0.392847 0 -0.55557 -0.83147 -0.707107 0.587938 -0.392847 71861.dat
1 28 -240 -88 20 0 0 1 0 1 0 -1 0 0 30499.dat
1 28 60 -88 20 0 0 -1 0 1 0 1 0 0 30499.dat
1 28 60 -88 -20 0 0 -1 0 1 0 1 0 0 30499.dat
1 71 -90 8 0 -1 0 0 0 1 0 0 0 -1 91988.dat
1 71 -90 -304 -30 -1 0 0 0 1 0 0 0 -1 3460.dat
1 71 -150 -328 -30 -1 0 0 0 1 0 0 0 -1 3700.dat
1 71 -240 -336 0 0 0 -1 0 1 0 1 0 0 3023.dat
1 71 -240 -344 -10 0 0 -1 0 1 0 1 0 0 63864.dat
1 71 60 -344 -10 0 0 -1 0 1 0 1 0 0 63864.dat
1 71 60 -336 0 0 0 -1 0 1 0 1 0 0 3023.dat
1 71 -230 -336 30 -1 0 0 0 1 0 0 0 -1 3023.dat
1 71 -130 -336 30 -1 0 0 0 1 0 0 0 -1 3460.dat
1 71 30 -336 30 -1 0 0 0 1 0 0 0 -1 3460.dat
1 71 -170 -336 -30 -1 0 0 0 1 0 0 0 -1 3460.dat
1 71 -10 -336 -30 -1 0 0 0 1 0 0 0 -1 3460.dat
1 28 -90 -344 -30 -1 0 0 0 1 0 0 0 -1 6636.dat
1 28 -190 -344 30 -1 0 0 0 1 0 0 0 -1 6636.dat
1 28 -70 -344 30 -1 0 0 0 1 0 0 0 -1 6636.dat
1 28 50 -344 30 -1 0 0 0 1 0 0 0 -1 6636.dat
1 71 -30 -328 -30 -1 0 0 0 1 0 0 0 -1 3700.dat
1 71 -90 -304 30 -1 0 0 0 1 0 0 0 -1 3460.dat
1 71 90 -8 -10 0 0 -1 0 1 0 1 0 0 3002.dat
1 71 -220 -112 0 0 0 -1 0 1 0 1 0 0 88393.dat
1 71 40 -112 0 0 0 1 0 1 0 -1 0 0 88393.dat
1 71 -220 -304 0 0 0 -1 0 1 0 1 0 0 88393.dat
1 71 40 -304 0 0 0 1 0 1 0 -1 0 0 88393.dat
1 71 40 -160 0 0 0 1 0 1 0 -1 0 0 4216.dat
1 71 -220 -160 0 0 0 -1 0 1 0 1 0 0 4216.dat
1 71 -220 -112 -30 0 0 1 0 1 0 -1 0 0 3005.dat
1 71 -240 -256 -30 0 0 1 0 1 0 -1 0 0 3005.dat
1 71 -240 -256 30 0 0 1 0 1 0 -1 0 0 3005.dat
1 71 60 -136 -30 0 0 1 0 1 0 -1 0 0 3005.dat
1 71 -220 -112 30 0 0 1 0 1 0 -1 0 0 3005.dat
1 71 60 -8 10 0 0 -1 0 1 0 1 0 0 3622.dat
1 71 40 -8 -30 -1 0 0 0 1 0 0 0 -1 3622.dat
1 71 60 -304 -10 0 0 -1 0 1 0 1 0 0 3622.dat
1 71 -220 -8 -30 -1 0 0 0 1 0 0 0 -1 3622.dat
1 71 -250 -8 40 0 0 1 0 1 0 -1 0 0 48092.dat
1 28 30 -8 30 -1 0 0 0 1 0 0 0 -1 30136.dat
1 28 50 -136 30 -1 0 0 0 1 0 0 0 -1 30136.dat
1 28 -230 -136 30 -1 0 0 0 1 0 0 0 -1 30136.dat
1 28 -230 -136 -30 -1 0 0 0 1 0 0 0 -1 30136.dat
1 28 50 -184 30 -1 0 0 0 1 0 0 0 -1 30136.dat
1 28 50 -184 -30 -1 0 0 0 1 0 0 0 -1 30136.dat
1 28 -230 -184 30 -1 0 0 0 1 0 0 0 -1 30136.dat
1 28 -230 -184 -30 -1 0 0 0 1 0 0 0 -1 30136.dat
1 28 30 -304 -30 -1 0 0 0 1 0 0 0 -1 30136.dat
1 28 -150 -318 -30 0 0 -1 0 1 0 1 0 0 6587.dat
1 28 -30 -318 -30 0 0 -1 0 1 0 1 0 0 6587.dat
1 28 -210 -304 -30 -1 0 0 0 1 0 0 0 -1 30136.dat
1 28 30 -304 30 -1 0 0 0 1 0 0 0 -1 30136.dat
1 28 -210 -304 30 -1 0 0 0 1 0 0 0 -1 30136.dat
1 28 -240 -256 0 0 0 1 0 1 0 -1 0 0 30136.dat
1 71 60 -256 -30 0 0 1 0 1 0 -1 0 0 3005.dat
1 71 60 -256 30 0 0 1 0 1 0 -1 0 0 3005.dat
1 28 60 -256 0 0 0 1 0 1 0 -1 0 0 30136.dat
1 28 -210 -8 30 -1 0 0 0 1 0 0 0 -1 30136.dat
1 70 110 -8 40 -1 0 0 0 1 0 0 0 -1 3830.dat
1 70 110 -328 40 -1 0 0 0 1 0 0 0 -1 3830.dat
1 70 -90 -106 0 -1 0 0 0 0 1 0 1 0 99061.dat
0
0 FILE Rancor Keeper.ldr
0 Rancor Keeper
0 Name: Rancor Keeper.ldr
0 Author: R Paluczak
0 Unofficial Model
0 ROTATION CENTER 0 0 0 1 "Custom" 
0 ROTATION CONFIG 0 0
1 70 0 -24 0 1 0 0 0 1 0 0 0 1 30381.dat
1 78 0 -24 0 1 0 0 0 1 0 0 0 1 3626bp01.dat
1 78 0 0 0 1 0 0 0 1 0 0 0 1 973.dat
1 0 -17.98 -4.271 -79.93 -0.994213 -0.105817 0.0185252 -0.0389794 0.516037 0.855679 -0.100105 0.850005 -0.517175 11090.dat
1 0 -18.134 0.189 -80.293 0.994213 0.105817 0.0185252 0.0389794 -0.516037 0.855679 0.100105 -0.850005 -0.517175 53451.dat
1 308 0 32 0 1 0 0 0 1 0 0 0 1 3815.dat
1 78 -15.552 9 0 0.985 -0.17 0 0.17 0.985 0 0 0 1 3818.dat
1 78 15.552 9 0 0.985 0.17 0 -0.17 0.985 0 0 0 1 3819.dat
1 78 -23.8634 26.5956 -10.321 0.985 -0.12019 0.12019 0.17 0.696395 -0.696395 0 0.707 0.707 3820.dat
1 78 23.8634 26.5956 -10.321 0.985 0.12019 -0.12019 -0.17 0.696395 -0.696395 0 0.707 0.707 3820.dat
1 0 -26.9951 44.9468 1.59861 0.985 0.0874983 -0.14567 0.17 -0.506976 0.844031 0 -0.856884 -0.514696 30374.dat
1 0 -28.552 53.852 18.198 0.985 0.0874983 -0.14567 0.17 -0.506976 0.844031 0 -0.856884 -0.514696 11090.dat
1 330 0 44 0 1 0 0 0 1 0 0 0 1 3816.dat
1 330 0 44 0 1 0 0 0 1 0 0 0 1 3817.dat
0
0 FILE Skeleton.ldr
0 Skeleton
0 Name: Skeleton.ldr
0 Author: R Paluczak
0 Unofficial Model
0 ROTATION CENTER 0 0 0 1 "Custom" 
0 ROTATION CONFIG 0 0
1 15 0 -24 0 1 0 0 0 1 0 0 0 1 82359.dat
1 15 0 0 0 1 0 0 0 1 0 0 0 1 60115.dat
1 15 -19.417 6.929 0 0.980785 -0.19509 0 0.19509 0.980785 0 0 0 1 93061.dat
1 15 19.238 6.576 0 0.980785 0.19509 0 -0.19509 0.980785 0 0 0 1 93061.dat
1 15 -10 44 0 1 0 0 0 1 0 0 0 1 6266.dat
1 15 10 44 0 1 0 0 0 1 0 0 0 1 6266.dat
0
0 FILE Part 2.ldr
0 Part 2
0 Name: Part 2.ldr
0 Author: R Paluczak
0 Unofficial Model
0 ROTATION CENTER 0 0 0 1 "Custom" 
0 ROTATION CONFIG 0 0
1 72 70 56 0 1 0 0 0 1 0 0 0 1 3028.dat
1 72 -110 56 -320 1 0 0 0 1 0 0 0 1 3795.dat
1 19 -90 40 -300 1 0 0 0 1 0 0 0 1 3022.dat
1 19 -90 32 -300 1 0 0 0 1 0 0 0 1 3022.dat
1 72 250 56 -320 1 0 0 0 1 0 0 0 1 3795.dat
1 72 -110 24 -320 1 0 0 0 1 0 0 0 1 3795.dat
1 72 -80 -48 -310 1 0 0 0 1 0 0 0 1 2357.dat
1 72 250 24 -320 1 0 0 0 1 0 0 0 1 3795.dat
1 72 -110 56 -180 0 0 1 0 1 0 -1 0 0 3028.dat
1 72 -10 24 0 0 0 1 0 1 0 -1 0 0 3032.dat
1 72 150 24 0 0 0 1 0 1 0 -1 0 0 3032.dat
1 72 250 -24 -20 0 0 1 0 1 0 -1 0 0 3022.dat
1 72 70 24 0 0 0 1 0 1 0 -1 0 0 3031.dat
1 15 80 0 10 0 0 1 0 1 0 -1 0 0 82359.dat
1 15 50 48 0 0 0 1 1 0 0 0 1 0 93160.dat
1 72 70 24 50 1 0 0 0 1 0 0 0 1 2431.dat
1 72 70 24 -50 1 0 0 0 1 0 0 0 1 2431.dat
1 72 250 56 -180 0 0 1 0 1 0 -1 0 0 3028.dat
1 72 -110 24 -180 0 0 1 0 1 0 -1 0 0 3028.dat
1 72 -90 -168 -60 1 0 0 0 1 0 0 0 1 47847.dat
1 72 -90 -168 -20 -1 0 0 0 1 0 0 0 -1 47847.dat
1 72 230 -168 -20 -1 0 0 0 1 0 0 0 -1 47847.dat
1 72 230 -168 -300 -1 0 0 0 1 0 0 0 -1 47847.dat
1 72 210 -176 -40 -1 0 0 0 1 0 0 0 -1 3022.dat
1 72 230 -168 -80 1 0 0 0 1 0 0 0 1 47847.dat
1 72 230 -168 -50 1 0 0 0 1 0 0 0 1 60596.dat
1 70 -90 16 -200 0 0 1 0 1 0 -1 0 0 61780.dat
1 70 -90 0 -40 0 0 1 0 1 0 -1 0 0 3003.dat
1 70 270 32 -340 1 0 0 0 1 0 0 0 1 3831.dat
1 70 270 -288 -340 1 0 0 0 1 0 0 0 1 3831.dat
1 70 250 -8 -30 0 0 -1 0 1 0 1 0 0 3021.dat
1 70 250 -16 -30 0 0 -1 0 1 0 1 0 0 3021.dat
1 484 -80 -10 -200 0 1 0 0 0 -1 -1 0 0 33057.dat
1 72 250 24 -180 0 0 1 0 1 0 -1 0 0 3028.dat
1 72 250 56 0 0 0 -1 0 1 0 1 0 0 6003.dat
1 72 -110 56 0 -1 0 0 0 1 0 0 0 -1 6003.dat
1 72 250 24 0 0 0 -1 0 1 0 1 0 0 6003.dat
1 72 -110 24 0 -1 0 0 0 1 0 0 0 -1 6003.dat
1 72 92 44 -20 0 -1 0 -1 0 0 0 0 -1 62808.dat
1 71 70 32 50 1 0 0 0 1 0 0 0 1 2465.dat
1 71 -160 32 -180 0 0 -1 0 1 0 1 0 0 2465.dat
1 71 300 32 -180 0 0 -1 0 1 0 1 0 0 2465.dat
1 71 -90 32 -20 -1 0 0 0 1 0 0 0 -1 48092.dat
1 71 230 32 -20 0 0 -1 0 1 0 1 0 0 48092.dat
1 71 70 32 -50 1 0 0 0 1 0 0 0 1 6111.dat
1 71 -90 0 -10 -1 0 0 0 1 0 0 0 -1 30363.dat
1 71 -90 -328 -30 -1 0 0 0 1 0 0 0 -1 3048.dat
1 71 -90 -328 -50 1 0 0 0 1 0 0 0 1 3048.dat
1 71 230 -328 -30 -1 0 0 0 1 0 0 0 -1 3048.dat
1 71 230 -328 -50 1 0 0 0 1 0 0 0 1 3048.dat
1 71 230 -328 -310 -1 0 0 0 1 0 0 0 -1 3048.dat
1 71 230 -328 -330 1 0 0 0 1 0 0 0 1 3048.dat
1 71 -90 -328 -310 -1 0 0 0 1 0 0 0 -1 3048.dat
1 71 -90 -328 -330 1 0 0 0 1 0 0 0 1 3048.dat
1 71 70 -288 -50 -1 0 0 0 1 0 0 0 -1 3460.dat
1 72 10 -296 -50 -1 0 0 0 1 0 0 0 -1 4477.dat
1 72 170 -296 -50 -1 0 0 0 1 0 0 0 -1 3666.dat
1 72 -120 -296 -120 0 0 -1 0 1 0 1 0 0 4477.dat
1 72 -120 -296 -280 0 0 -1 0 1 0 1 0 0 3666.dat
1 72 260 -296 -120 0 0 -1 0 1 0 1 0 0 4477.dat
1 72 260 -296 -280 0 0 -1 0 1 0 1 0 0 3666.dat
1 71 -70 -296 -30 -1 0 0 0 1 0 0 0 -1 3023.dat
1 71 210 -296 -30 -1 0 0 0 1 0 0 0 -1 3023.dat
1 71 240 -296 -40 0 0 1 0 1 0 -1 0 0 3023.dat
1 71 -100 -296 -40 0 0 1 0 1 0 -1 0 0 3023.dat
1 71 -120 -288 -180 0 0 1 0 1 0 -1 0 0 3460.dat
1 71 260 -288 -180 0 0 1 0 1 0 -1 0 0 3460.dat
1 71 -80 -144 -310 -1 0 0 0 1 0 0 0 -1 3622.dat
1 71 -100 -168 -310 -1 0 0 0 1 0 0 0 -1 3622.dat
1 71 -80 -216 -310 -1 0 0 0 1 0 0 0 -1 3622.dat
1 71 220 -216 -310 -1 0 0 0 1 0 0 0 -1 3622.dat
1 72 -90 -216 -330 -1 0 0 0 1 0 0 0 -1 3010.dat
1 72 -90 -288 -30 -1 0 0 0 1 0 0 0 -1 3010.dat
1 72 230 -288 -30 -1 0 0 0 1 0 0 0 -1 3010.dat
1 71 200 -288 -50 -1 0 0 0 1 0 0 0 -1 3622.dat
1 71 -60 -288 -50 -1 0 0 0 1 0 0 0 -1 3622.dat
1 71 -60 -288 -320 0 0 -1 0 1 0 1 0 0 3660.dat
1 71 200 -288 -320 0 0 1 0 1 0 -1 0 0 3660.dat
1 72 230 -216 -330 -1 0 0 0 1 0 0 0 -1 3010.dat
1 71 230 0 -10 -1 0 0 0 1 0 0 0 -1 30363.dat
1 71 -120 0 -10 -1 0 0 0 1 0 0 0 -1 3040b.dat
1 70 -70 0 -320 0 0 1 0 1 0 -1 0 0 3003.dat
1 71 -60 0 -290 -1 0 0 0 1 0 0 0 -1 3040b.dat
1 71 260 0 -10 -1 0 0 0 1 0 0 0 -1 3040b.dat
1 71 200 -168 -30 -1 0 0 0 1 0 0 0 -1 3005.dat
1 71 260 -168 -30 -1 0 0 0 1 0 0 0 -1 3005.dat
1 71 200 -168 -70 -1 0 0 0 1 0 0 0 -1 3005.dat
1 71 -120 -216 -30 -1 0 0 0 1 0 0 0 -1 3005.dat
1 71 -60 -216 -30 -1 0 0 0 1 0 0 0 -1 3005.dat
1 71 210 -176 -70 -1 0 0 0 1 0 0 0 -1 3023.dat
1 71 250 -176 -30 -1 0 0 0 1 0 0 0 -1 3023.dat
1 71 260 -168 -70 -1 0 0 0 1 0 0 0 -1 3005.dat
1 71 200 0 -290 -1 0 0 0 1 0 0 0 -1 3040b.dat
1 71 260 0 -290 -1 0 0 0 1 0 0 0 -1 3040b.dat
1 71 -60 0 -10 0 0 -1 0 1 0 1 0 0 3040b.dat
1 71 260 0 -80 0 0 -1 0 1 0 1 0 0 3039.dat
1 71 -60 0 -70 1 0 0 0 1 0 0 0 1 3040b.dat
1 71 -120 0 -70 0 0 1 0 1 0 -1 0 0 3040b.dat
1 72 -60 0 -40 0 0 -1 0 1 0 1 0 0 3298.dat
1 72 -90 0 -70 1 0 0 0 1 0 0 0 1 3298.dat
1 72 230 0 -90 1 0 0 0 1 0 0 0 1 3298.dat
1 72 260 0 -40 0 0 -1 0 1 0 1 0 0 3298.dat
1 72 260 0 -320 0 0 -1 0 1 0 1 0 0 3298.dat
1 72 230 0 -290 -1 0 0 0 1 0 0 0 -1 3298.dat
1 72 -80 0 -290 -1 0 0 0 1 0 0 0 -1 4286.dat
1 72 -120 -144 -310 0 0 1 0 1 0 -1 0 0 4286.dat
1 72 -80 -168 -330 0 0 1 0 1 0 -1 0 0 4287.dat
1 72 200 0 -40 0 0 1 0 1 0 -1 0 0 3298.dat
1 72 -120 0 -40 0 0 1 0 1 0 -1 0 0 3298.dat
1 71 200 0 -10 0 0 1 0 1 0 -1 0 0 3040b.dat
1 71 260 32 -300 1 0 0 0 1 0 0 0 1 3002.dat
1 71 210 32 -310 0 0 -1 0 1 0 1 0 0 3002.dat
1 71 230 0 -50 0 0 -1 0 1 0 1 0 0 3002.dat
1 71 210 -24 -30 0 0 -1 0 1 0 1 0 0 3002.dat
1 71 250 -24 -310 0 0 -1 0 1 0 1 0 0 3002.dat
1 71 210 -24 -310 0 0 -1 0 1 0 1 0 0 3002.dat
1 71 -70 -24 -310 0 0 -1 0 1 0 1 0 0 3002.dat
1 71 220 0 -320 1 0 0 0 1 0 0 0 1 3002.dat
1 71 230 -8 -80 1 0 0 0 1 0 0 0 1 87079.dat
1 28 230 -16 -80 1 0 0 0 1 0 0 0 1 3020.dat
1 72 210 -24 -80 1 0 0 0 1 0 0 0 1 3022.dat
1 71 250 -24 -90 1 0 0 0 1 0 0 0 1 3023.dat
1 0 270 -24 -60 -1 0 0 0 1 0 0 0 -1 2430.dat
1 0 270 -24 -60 1 0 0 0 1 0 0 0 1 2429.dat
1 0 270 -176 -60 -1 0 0 0 1 0 0 0 -1 2430.dat
1 0 -60 -48 -290 -1 0 0 0 1 0 0 0 -1 87087.dat
1 36 -60 -38 -272 -1 0 0 0 0 -1 0 -1 0 98138.dat
1 0 270 -176 -60 1 0 0 0 1 0 0 0 1 2429.dat
1 0 -60 -168 -320 0 0 -1 0 1 0 1 0 0 30237.dat
1 308 180 -144 -320 0 0 1 0 -1 0 1 0 0 64644.dat
1 57 180 -176 -320 0 0 -1 0 1 0 1 0 0 64647.dat
1 308 -40 -144 -320 0 0 -1 0 -1 0 -1 0 0 64644.dat
1 57 -40 -176 -320 0 0 1 0 1 0 -1 0 0 64647.dat
1 0 200 -168 -320 0 0 1 0 1 0 -1 0 0 30237.dat
1 28 200 0 -80 0 0 -1 0 1 0 1 0 0 30136.dat
1 28 -120 -168 -40 0 0 -1 0 1 0 1 0 0 30136.dat
1 28 -60 -168 -40 0 0 -1 0 1 0 1 0 0 30136.dat
1 28 -90 -192 -40 -1 0 0 0 1 0 0 0 -1 3001.dat
1 28 230 -192 -320 -1 0 0 0 1 0 0 0 -1 3001.dat
1 28 230 -184 -40 -1 0 0 0 1 0 0 0 -1 3020.dat
1 28 230 -192 -40 -1 0 0 0 1 0 0 0 -1 3020.dat
1 28 -90 -192 -320 -1 0 0 0 1 0 0 0 -1 3001.dat
1 28 230 -264 -320 -1 0 0 0 1 0 0 0 -1 3001.dat
1 28 -90 -264 -320 -1 0 0 0 1 0 0 0 -1 3001.dat
1 28 -70 -296 -320 -1 0 0 0 1 0 0 0 -1 3020.dat
1 28 70 -304 -50 -1 0 0 0 1 0 0 0 -1 6636.dat
1 28 -120 -304 -180 0 0 1 0 1 0 -1 0 0 6636.dat
1 28 260 -304 -180 0 0 1 0 1 0 -1 0 0 6636.dat
1 72 -120 -304 -40 0 0 1 0 1 0 -1 0 0 3069b.dat
1 72 -120 -304 -320 0 0 1 0 1 0 -1 0 0 3069b.dat
1 72 260 -304 -320 0 0 1 0 1 0 -1 0 0 3069b.dat
1 72 -50 -304 -320 0 0 1 0 1 0 -1 0 0 3068b.dat
1 72 190 -304 -320 0 0 1 0 1 0 -1 0 0 3068b.dat
1 72 -90 -304 -320 0 0 1 0 1 0 -1 0 0 3022.dat
1 72 230 -304 -320 0 0 1 0 1 0 -1 0 0 3022.dat
1 72 -90 -304 -40 0 0 1 0 1 0 -1 0 0 3022.dat
1 72 230 -304 -40 0 0 1 0 1 0 -1 0 0 3022.dat
1 72 -60 -304 -40 0 0 1 0 1 0 -1 0 0 3069b.dat
1 72 200 -304 -40 0 0 1 0 1 0 -1 0 0 3069b.dat
1 72 260 -304 -40 0 0 1 0 1 0 -1 0 0 3069b.dat
1 28 210 -296 -320 -1 0 0 0 1 0 0 0 -1 3020.dat
1 28 230 -264 -40 -1 0 0 0 1 0 0 0 -1 3001.dat
1 28 -90 -264 -40 -1 0 0 0 1 0 0 0 -1 3001.dat
1 28 260 -168 -320 0 0 -1 0 1 0 1 0 0 30136.dat
1 28 230 -168 -330 -1 0 0 0 1 0 0 0 -1 30136.dat
1 28 -80 -288 -320 0 0 -1 0 1 0 1 0 0 30136.dat
1 28 220 -288 -320 0 0 -1 0 1 0 1 0 0 30136.dat
1 28 -110 -288 -330 -1 0 0 0 1 0 0 0 -1 30136.dat
1 28 -90 -216 -50 -1 0 0 0 1 0 0 0 -1 30136.dat
1 71 200 -216 -30 -1 0 0 0 1 0 0 0 -1 3005.dat
1 71 260 -216 -30 -1 0 0 0 1 0 0 0 -1 3005.dat
1 28 230 -216 -50 -1 0 0 0 1 0 0 0 -1 30136.dat
1 28 230 -216 -30 -1 0 0 0 1 0 0 0 -1 30136.dat
1 28 -90 -216 -30 -1 0 0 0 1 0 0 0 -1 30136.dat
1 28 -70 -120 -310 -1 0 0 0 1 0 0 0 -1 30499.dat
1 28 -110 -24 -40 0 0 -1 0 1 0 1 0 0 3001.dat
1 28 -70 -24 -40 0 0 -1 0 1 0 1 0 0 3001.dat
1 71 -130 32 -310 0 0 -1 0 1 0 1 0 0 3002.dat
1 71 -90 48 -290 1 0 0 0 1 0 0 0 1 3023.dat
1 0 -90 48 -310 1 0 0 0 1 0 0 0 1 88072.dat
1 71 -60 32 -180 0 0 -1 0 1 0 1 0 0 6111.dat
1 71 200 32 -180 0 0 -1 0 1 0 1 0 0 6111.dat
1 70 20 32 0 0 0 -1 0 1 0 1 0 0 3010.dat
1 0 -50 32 0 0 0 -1 0 1 0 1 0 0 3001.dat
1 0 -110 32 -60 -1 0 0 0 1 0 0 0 -1 3001.dat
1 0 250 32 -60 -1 0 0 0 1 0 0 0 -1 3001.dat
1 0 190 32 0 0 0 -1 0 1 0 1 0 0 3001.dat
1 72 -60 32 -50 0 0 1 0 1 0 -1 0 0 2357.dat
1 72 200 32 -50 -1 0 0 0 1 0 0 0 -1 2357.dat
1 70 120 32 0 0 0 -1 0 1 0 1 0 0 3010.dat
1 71 70 48 0 0 0 -1 0 1 0 1 0 0 87079.dat
1 71 40 32 0 0 0 -1 0 1 0 1 0 0 43337.dat
1 71 100 32 0 0 0 1 0 1 0 -1 0 0 43337.dat
1 72 -130 -120 -310 1 0 0 0 1 0 0 0 1 60596.dat
1 72 210 -144 -330 1 0 0 0 1 0 0 0 1 2454.dat
1 72 250 -144 -330 1 0 0 0 1 0 0 0 1 2454.dat
1 72 230 -184 -70 1 0 0 0 1 0 0 0 1 2431.dat
1 72 -70 -144 -330 1 0 0 0 1 0 0 0 1 2454.dat
1 72 -80 -240 -30 0 0 1 0 1 0 -1 0 0 2357.dat
1 72 -100 -240 -30 -1 0 0 0 1 0 0 0 -1 2357.dat
1 72 -60 -288 -50 0 0 1 0 1 0 -1 0 0 2339.dat
1 72 200 -288 -50 0 0 -1 0 1 0 1 0 0 2339.dat
1 72 260 -288 -50 -1 0 0 0 1 0 0 0 -1 2339.dat
1 72 -120 -288 -50 -1 0 0 0 1 0 0 0 -1 2339.dat
1 72 -120 -288 -310 1 0 0 0 1 0 0 0 1 2339.dat
1 72 260 -288 -310 1 0 0 0 1 0 0 0 1 2339.dat
1 72 -100 -240 -330 0 0 -1 0 1 0 1 0 0 2357.dat
1 72 260 -288 -310 0 0 -1 0 1 0 1 0 0 2357.dat
1 72 -120 -288 -310 1 0 0 0 1 0 0 0 1 2357.dat
1 72 -120 -288 -50 0 0 1 0 1 0 -1 0 0 2357.dat
1 72 260 -288 -50 -1 0 0 0 1 0 0 0 -1 2357.dat
1 72 240 -240 -330 1 0 0 0 1 0 0 0 1 2357.dat
1 70 -70 -240 -320 1 0 0 0 1 0 0 0 1 3003.dat
1 70 210 -240 -320 1 0 0 0 1 0 0 0 1 3003.dat
1 72 240 -240 -30 0 0 1 0 1 0 -1 0 0 2357.dat
1 72 220 -240 -30 -1 0 0 0 1 0 0 0 -1 2357.dat
1 0 -98 -120 -304 -1 0 0 0 1 0 0 0 -1 60621.dat
0
0
