0 FILE Republic Assault Ship and Coruscant.ldr
0 Republic Assault Ship and Coruscant
0 Name: Republic Assault Ship and Coruscant.ldr
0 Author: LDraw
0 Unofficial Model
0 ROTATION CENTER 0 0 0 1 "Custom" 
0 ROTATION CONFIG 0 0
1 0 -60 16 -30 0 0 1 0 1 0 -1 0 0 Part 4.ldr
1 0 130 -140 -60 0 0 1 0 1 0 -1 0 0 Planet.ldr
1 0 -80 -48 -20 0 0 1 0 1 0 -1 0 0 Clone.ldr
1 0 -80 -24 -190 0.92388 0 0.382683 0 1 0 -0.382683 0 0.92388 Part 1.ldr
0
0 FILE Clone.ldr
0 Clone
0 Name: Clone.ldr
0 Author: LDraw
0 Unofficial Model
0 ROTATION CENTER 0 0 0 1 "Custom" 
0 ROTATION CONFIG 0 0
1 15 0 -24 0 1 0 0 0 1 0 0 0 1 61189.dat
1 78 0 -24 0 1 0 0 0 1 0 0 0 1 3626bp01.dat
1 15 0 0 0 1 0 0 0 1 0 0 0 1 973psu.dat
1 0 0 32 0 1 0 0 0 1 0 0 0 1 3815.dat
1 15 -15.552 9 0 0.985 -0.17 0 0.17 0.985 0 0 0 1 3818.dat
1 15 15.552 9 0 0.985 0.17 0 -0.17 0.985 0 0 0 1 3819.dat
1 0 -23.8634 26.5956 -10.321 0.985 -0.12019 0.12019 0.17 0.696395 -0.696395 0 0.707 0.707 3820.dat
1 0 23.8634 26.5956 -10.321 0.985 0.12019 -0.12019 -0.17 0.696395 -0.696395 0 0.707 0.707 3820.dat
1 0 -23.1951 22.7236 -33.8217 0.985 -0.0874983 0.14567 0.17 0.506976 -0.844031 0 0.856884 0.514696 57899.dat
1 15 0 44 0 1 0 0 0 1 0 0 0 1 3816.dat
1 15 0 44 0 1 0 0 0 1 0 0 0 1 3817.dat
0
0 FILE Part 1.ldr
0 Part 1
0 Name: Part 1.ldr
0 Author: LDraw
0 Unofficial Model
0 ROTATION CENTER 0 0 0 1 "Custom" 
0 ROTATION CONFIG 0 0
1 71 10 16 0 1 0 0 0 1 0 0 0 1 3020.dat
1 71 134 2 0 0 -1 0 0 0 1 -1 0 0 4460a.dat
1 71 -70 0 0 1 0 0 0 1 0 0 0 1 3020.dat
1 71 -10 -16 0 1 0 0 0 1 0 0 0 1 3020.dat
1 71 -150 -16 0 0 0 1 0 1 0 -1 0 0 48183.dat
1 71 -60 -16 10 1 0 0 0 1 0 0 0 1 2555.dat
1 71 -60 -16 -10 1 0 0 0 1 0 0 0 1 2555.dat
1 71 40 -48 0 0 0 -1 0 1 0 1 0 0 2555.dat
1 71 40 -40 0 0 0 -1 0 1 0 1 0 0 3024.dat
1 71 20 -32 0 0 0 1 0 1 0 -1 0 0 54200.dat
1 71 12 -54 0 0 1 0 0 0 -1 -1 0 0 4073.dat
1 71 62 2 -30 0 -1 0 0 0 -1 1 0 0 4073.dat
1 71 20 -54 0 0 1 0 0 0 -1 -1 0 0 577b.dat
1 71 -80 -16 0 0 0 -1 0 1 0 1 0 0 15573.dat
1 71 -100 -16 0 0 0 -1 0 1 0 1 0 0 15573.dat
1 71 62 2 0 0 -1 0 0 0 -1 1 0 0 15573.dat
1 71 62 -18 0 0 -1 0 0 0 -1 1 0 0 15573.dat
1 71 -120 -16 0 0 0 -1 0 1 0 1 0 0 15573.dat
1 72 40 -32 0 0 0 -1 0 1 0 1 0 0 15573.dat
1 72 20 -32 0 0 0 -1 0 1 0 1 0 0 15573.dat
1 72 0 -32 0 0 0 -1 0 1 0 1 0 0 15573.dat
1 71 -60 -16 -10 1 0 0 0 1 0 0 0 1 2555.dat
1 71 -100 -16 0 0 0 -1 0 1 0 1 0 0 15573.dat
1 71 40 -8 0 0 0 -1 0 1 0 1 0 0 2436b.dat
1 72 -10 8 0 1 0 0 0 1 0 0 0 1 3795.dat
1 72 -90 -8 0 1 0 0 0 1 0 0 0 1 3795.dat
1 72 40 -16 0 0 0 -1 0 1 0 1 0 0 99780.dat
1 72 0 -8 0 1 0 0 0 1 0 0 0 1 3021.dat
1 72 20 -24 0 1 0 0 0 1 0 0 0 1 3021.dat
1 72 -100 -24 0 1 0 0 0 1 0 0 0 1 63864.dat
1 72 -30 -16 10 0 0 1 0 1 0 -1 0 0 61409.dat
1 72 -30 -16 -10 0 0 1 0 1 0 -1 0 0 61409.dat
1 15 -10 0 -10 1 0 0 0 1 0 0 0 1 48336.dat
1 15 -10 0 10 -1 0 0 0 1 0 0 0 -1 48336.dat
1 15 30 0 -10 1 0 0 0 1 0 0 0 1 48336.dat
1 15 20 2 30 1 0 0 0 0.999962 -0.00872654 0 0.00872654 0.999962 Her.dat
1 15 20 -3.503 55.015 1 0 0 0 0.896873 0.442289 0 -0.442289 0.896873 Part 2.ldr
1 15 20 -3.285 -55.062 1 0 0 0 0.892979 -0.450098 0 0.450098 0.892979 Part 3.ldr
1 15 30 0 10 -1 0 0 0 1 0 0 0 -1 48336.dat
1 71 62 2 30 0 -1 0 0 0 -1 1 0 0 4073.dat
1 43 94 2 -30 0 -1 0 0 0 -1 1 0 0 4073.dat
1 43 94 2 30 0 -1 0 0 0 -1 1 0 0 4073.dat
1 72 86 2 30 0 -1 0 0 0 -1 1 0 0 4589.dat
1 72 86 2 -30 0 -1 0 0 0 -1 1 0 0 4589.dat
0
0 FILE Part 2.ldr
0 Part 2
0 Name: Part 2.ldr
0 Author: LDraw
0 Unofficial Model
0 ROTATION CENTER 0 0 0 1 "Custom" 
0 ROTATION CONFIG 0 0
1 72 -10 8 0 1 0 0 0 1 0 0 0 1 3710.dat
1 71 -30 16 0 1 0 0 0 1 0 0 0 1 60470a.dat
1 71 10 16 0 1 0 0 0 1 0 0 0 1 60470a.dat
1 71 10 0 0 0 0 -1 0 1 0 1 0 0 3021.dat
1 71 20 -8 -20 0 0 -1 0 1 0 1 0 0 3024.dat
1 71 -10 -8 -20 1 0 0 0 1 0 0 0 1 32028.dat
1 71 0 -8 0 1 0 0 0 1 0 0 0 1 63864.dat
1 71 -70 0 0 0 0 1 0 1 0 -1 0 0 54383.dat
1 72 -90 8 -10 0 0 1 0 1 0 -1 0 0 41769.dat
0
0 FILE Part 3.ldr
0 Part 3
0 Name: Part 3.ldr
0 Author: LDraw
0 Unofficial Model
0 ROTATION CENTER 0 0 0 1 "Custom" 
0 ROTATION CONFIG 0 0
1 72 -10 8 0 1 0 0 0 1 0 0 0 1 3710.dat
1 71 -30 16 0 -1 0 0 0 1 0 0 0 -1 60470a.dat
1 71 10 16 0 -1 0 0 0 1 0 0 0 -1 60470a.dat
1 71 10 0 0 0 0 -1 0 1 0 1 0 0 3021.dat
1 71 20 -8 20 0 0 -1 0 1 0 1 0 0 3024.dat
1 71 -10 -8 20 -1 0 0 0 1 0 0 0 -1 32028.dat
1 71 0 -8 0 1 0 0 0 1 0 0 0 1 63864.dat
1 71 -70 0 0 0 0 1 0 1 0 -1 0 0 54384.dat
1 72 -90 8 10 0 0 1 0 1 0 -1 0 0 41770.dat
0
0 FILE Part 4.ldr
0 Part 4
0 Name: Part 4.ldr
0 Author: LDraw
0 Unofficial Model
0 ROTATION CENTER 0 0 0 1 "Custom" 
0 ROTATION CONFIG 0 0
1 71 -10 16 0 1 0 0 0 1 0 0 0 1 3710.dat
1 0 -30 8 -10 1 0 0 0 1 0 0 0 1 3022.dat
1 0 50 16 -10 1 0 0 0 1 0 0 0 1 3022.dat
1 0 50 8 -10 1 0 0 0 1 0 0 0 1 3795.dat
1 0 130 16 -10 1 0 0 0 1 0 0 0 1 3795.dat
1 0 170 -8 -10 1 0 0 0 1 0 0 0 1 6143.dat
1 0 170 -16 -10 1 0 0 0 1 0 0 0 1 87580.dat
1 0 -10 16 -50 1 0 0 0 1 0 0 0 1 6179.dat
0 
0
0 FILE Planet.ldr
0 Planet
0 Name: Planet.ldr
0 Author: LDraw
0 Unofficial Model
0 ROTATION CENTER 0 0 0 1 "Custom" 
0 ROTATION CONFIG 0 0
1 72 20 56 0 -1 0 0 0 -1 0 0 0 1 98107.dat
1 72 20 56 0 1 0 0 0 1 0 0 0 1 98107.dat
1 0 20 176 0 -1 0 0 0 -1 0 0 0 1 30033.dat
1 0 20 -64 0 1 0 0 0 1 0 0 0 1 2376.dat
0 
0
0
