0 FILE Republic Troopers vs Sith Troopers.ldr
0 Republic Troopers vs Sith Troopers
0 Name: Republic Troopers vs Sith Troopers.ldr
0 Author: LDraw
0 Unofficial Model
0 ROTATION CENTER 0 0 0 1 "Custom" 
0 ROTATION CONFIG 0 0
1 0 -161.913 -32 239.284 0.382684 0 0.92388 0 1 0 -0.92388 0 0.382684 Republic.ldr
1 0 -139.863 -32 125.169 0 0 1 0 1 0 -1 0 0 Republic 2.ldr
1 0 -37.567 -32 -41.985 -0.707107 0 0.707107 0 1 0 -0.707107 0 -0.707107 Sith 1.ldr
1 0 -68.679 -32 -201.181 -0.707107 0 0.707107 0 1 0 -0.707107 0 -0.707107 Sith 2.ldr
1 0 3.153 -83.169 110.016 0.382683 0 0.92388 0.353553 0.92388 -0.146447 -0.853553 0.382683 0.353553 Part 2.ldr
0
0 FILE Republic.ldr
0 Republic
0 Name: Republic.ldr
0 Author: LDraw
0 Unofficial Model
0 ROTATION CENTER 0 0 0 1 "Custom" 
0 ROTATION CONFIG 0 0
1 15 0 -24 0 1 0 0 0 1 0 0 0 1 11219.dat
1 78 0 -24 0 1 0 0 0 1 0 0 0 1 3626bp01.dat
1 15 0 0 0 1 0 0 0 1 0 0 0 1 973psu.dat
1 0 0 32 0 1 0 0 0 1 0 0 0 1 3815.dat
1 15 -15.552 9 0 0.985 -0.17 0 0.17 0.985 0 0 0 1 3818.dat
1 15 15.552 9 0 0.985 0.17 0 -0.17 0.985 0 0 0 1 3819.dat
1 0 -23.8634 26.5956 -10.321 0.985 -0.12019 0.12019 0.17 0.696395 -0.696395 0 0.707 0.707 3820.dat
1 0 23.8634 26.5956 -10.321 0.985 0.12019 -0.12019 -0.17 0.696395 -0.696395 0 0.707 0.707 3820.dat
1 0 -24.6826 31.3422 -19.2547 0.985 -0.0874983 0.14567 0.17 0.506976 -0.844031 0 0.856884 0.514696 58247.dat
1 15 0 44 0 1 0 0 0 1 0 0 0 1 3816.dat
1 15 0 44 0 1 0 0 0 1 0 0 0 1 3817.dat
0
0 FILE Republic 2.ldr
0 Republic 2
0 Name: Republic 2.ldr
0 Author: LDraw
0 Unofficial Model
0 ROTATION CENTER 0 0 0 1 "Custom" 
0 ROTATION CONFIG 0 0
1 15 0 -24 0 0.707107 0 -0.707107 0 1 0 0.707107 0 0.707107 11219.dat
1 78 0 -24 0 0.707107 0 -0.707107 0 1 0 0.707107 0 0.707107 3626bp01.dat
1 15 0 0 0 1 0 0 0 1 0 0 0 1 973psu.dat
1 0 0 32 0 1 0 0 0 1 0 0 0 1 3815.dat
1 0 9.5 37 -52 -1 0 0 0 0 1 0 1 0 Part 1.ldr
1 15 -15.552 9 0 0.985 -0.17 0 0.15706 0.910021 0.382683 -0.0650562 -0.376943 0.92388 3818.dat
1 15 15.552 9 0 0.985 0.17 0 -0.120208 0.6965 0.707107 0.120208 -0.6965 0.707107 3819.dat
1 0 -23.863 21.307 -15.269 0.994623 -0.0440953 0.088904 0.074954 0.920756 -0.3815 -0.0650562 0.386684 0.919682 3820.dat
1 0 23.863 14.144 -19.74 -0.0598511 0.997837 0.000147457 -0.990501 -0.0593843 0.120424 0.120208 0.00749887 0.99235 3820.dat
1 15 0 44 0 1 0 0 0 1 0 0 0 1 3816.dat
1 15 0 44 0 1 0 0 0 1 0 0 0 1 3817.dat
0
0 FILE Sith 1.ldr
0 Sith 1
0 Name: Sith 1.ldr
0 Author: LDraw
0 Unofficial Model
0 ROTATION CENTER 0 0 0 1 "Custom" 
0 ROTATION CONFIG 0 0
1 78 0 -24 0 1 0 0 0 1 0 0 0 1 3626bp01.dat
1 0 0 0 0 1 0 0 0 1 0 0 0 1 973.dat
1 0 -25 35 -14 -0.11294 -0.0563097 0.992005 0.887779 0.44263 0.126199 -0.446198 0.894934 0 92738.dat
1 0 0 -24 0 1 0 0 0 1 0 0 0 1 98117.dat
1 0 0 32 0 1 0 0 0 1 0 0 0 1 3815.dat
1 0 -15.552 9 0 0.985 -0.17 0 0.17 0.985 0 0 0 1 3818.dat
1 0 15.552 9 0 0.985 0.17 0 -0.17 0.985 0 0 0 1 3819.dat
1 0 -23.8634 26.5956 -10.321 0.985 -0.12019 0.12019 0.17 0.696395 -0.696395 0 0.707 0.707 3820.dat
1 0 23.8634 26.5956 -10.321 0.985 0.12019 -0.12019 -0.17 0.696395 -0.696395 0 0.707 0.707 3820.dat
1 0 0 44 0 1 0 0 0 1 0 0 0 1 3816.dat
1 0 0 44 0 1 0 0 0 1 0 0 0 1 3817.dat
0
0 FILE Sith 2.ldr
0 Sith 2
0 Name: Sith 2.ldr
0 Author: LDraw
0 Unofficial Model
0 ROTATION CENTER 0 0 0 1 "Custom" 
0 ROTATION CONFIG 0 0
1 0 0 -24 0 1 0 0 0 1 0 0 0 1 98117.dat
1 78 0 -24 0 1 0 0 0 1 0 0 0 1 3626bp01.dat
1 320 0 0 0 1 0 0 0 1 0 0 0 1 973.dat
1 320 0 32 0 1 0 0 0 1 0 0 0 1 3815.dat
1 72 -15.552 9 0 0.985 -0.17 0 0.17 0.985 0 0 0 1 3818.dat
1 72 15.552 9 0 0.985 0.17 0 -0.17 0.985 0 0 0 1 3819.dat
1 0 -23.8634 26.5956 -10.321 0.985 -0.12019 0.12019 0.17 0.696395 -0.696395 0 0.707 0.707 3820.dat
1 0 23.8634 26.5956 -10.321 0.985 0.12019 -0.12019 -0.17 0.696395 -0.696395 0 0.707 0.707 3820.dat
1 0 -24.6826 31.3422 -19.2547 0.985 -0.0874983 0.14567 0.17 0.506976 -0.844031 0 0.856884 0.514696 58247.dat
1 320 0 44 0 1 0 0 0 1 0 0 0 1 3816.dat
1 320 0 44 0 1 0 0 0 1 0 0 0 1 3817.dat
0
0 FILE Part 1.ldr
0 Part 1
0 Name: Part 1.ldr
0 Author: LDraw
0 Unofficial Model
0 ROTATION CENTER 0 0 0 1 "Custom" 
0 ROTATION CONFIG 0 0
1 0 -20 16 0 0 0 -1 0 1 0 1 0 0 4595.dat
1 57 -10 8 0 0 0 -1 0 1 0 1 0 0 98138.dat
1 72 -30 12 0 0 0 1 0 1 0 -1 0 0 30162.dat
1 0 34 24 -12 0 0 1 -0.984808 -0.173648 0 0.173648 -0.984808 0 58367.dat
1 0 -30 26 -12 -0.275637 0 -0.961262 -0.961262 0 0.275637 0 1 0 58367.dat
0
0 FILE Part 2.ldr
0 Part 2
0 Name: Part 2.ldr
0 Author: LDraw
0 Unofficial Model
0 ROTATION CENTER 0 0 0 1 "Custom" 
0 ROTATION CONFIG 0 0
1 72 10 24 0 1 0 0 0 1 0 0 0 1 3832.dat
1 71 10 24 -40 1 0 0 0 1 0 0 0 1 3022.dat
1 71 -40 -14 0 0 0 1 0 1 0 -1 0 0 61184.dat
1 71 60 -14 0 0 0 1 0 1 0 -1 0 0 61184.dat
1 36 60 -14 0 0 0 1 1 0 0 0 1 0 58176.dat
1 36 -40 -14 0 0 0 1 1 0 0 0 1 0 58176.dat
1 4 100 24 40 0 0 1 0 1 0 -1 0 0 43722.dat
1 4 -80 24 40 0 0 -1 0 1 0 1 0 0 43723.dat
1 72 10 0 40 1 0 0 0 1 0 0 0 1 95188.dat
1 72 10 0 40 0 0 1 0 1 0 -1 0 0 95188.dat
1 0 10 0 10 0 0 -1 0 1 0 1 0 0 3002.dat
1 72 10 -8 30 0 0 -1 0 1 0 1 0 0 3021.dat
1 72 50 -8 10 1 0 0 0 1 0 0 0 1 11458.dat
1 72 -30 -8 10 -1 0 0 0 1 0 0 0 -1 11458.dat
1 4 10 -8 -20 0 0 1 0 1 0 -1 0 0 92582.dat
1 4 10 -42.284 -15.858 0 0 -1 -0.707107 0.707107 0 0.707107 0.707107 0 Part 3.ldr
1 4 40 -24 -10 1 0 0 0 1 0 0 0 1 50950.dat
1 4 -20 -24 -10 1 0 0 0 1 0 0 0 1 50950.dat
1 4 10 -16 10 1 0 0 0 1 0 0 0 1 3794b.dat
1 71 10 -8 -10 1 0 0 0 1 0 0 0 1 85984.dat
1 71 10 -40 30 1 0 0 0 1 0 0 0 1 3040b.dat
1 4 10 -16 30 1 0 0 0 1 0 0 0 1 3794b.dat
1 4 80 0 30 0 0 -1 0 1 0 1 0 0 54200.dat
1 4 -60 0 30 0 0 1 0 1 0 -1 0 0 54200.dat
1 0 10 32 -20 0 0 -1 0 1 0 1 0 0 2654.dat
1 0 90 32 20 0 0 -1 0 1 0 1 0 0 2654.dat
1 0 -70 32 20 0 0 -1 0 1 0 1 0 0 2654.dat
1 71 -20 0 10 -1 0 0 0 1 0 0 0 -1 6541.dat
1 71 40 0 10 -1 0 0 0 1 0 0 0 -1 6541.dat
1 71 40 10 20 -1 0 0 0 0 1 0 1 0 3062b.dat
1 46 40 10 44 -1 0 0 0 0 1 0 1 0 4073.dat
1 71 -20 10 20 -1 0 0 0 0 1 0 1 0 3062b.dat
1 46 -20 10 44 -1 0 0 0 0 1 0 1 0 4073.dat
0
0 FILE Part 3.ldr
0 Part 3
0 Name: Part 3.ldr
0 Author: LDraw
0 Unofficial Model
0 ROTATION CENTER 0 0 0 1 "Custom" 
0 ROTATION CONFIG 0 0
1 72 20 16 0 1 0 0 0 1 0 0 0 1 3023.dat
1 72 20 -16 0 0 0 1 0 1 0 -1 0 0 61678.dat
1 72 30 8 0 1 0 0 0 1 0 0 0 1 61252.dat
1 71 0 8 0 -1 0 0 0 1 0 0 0 -1 44302.dat
1 71 50 2 0 0 -1 0 0 0 1 -1 0 0 30031.dat
1 72 30 0 0 0 0 -1 0 1 0 1 0 0 61252.dat
0 
0
0
