0 STAP
0 Name: STAP 11.ldr
0 Author: LDraw
0 Unofficial Model
0 ROTATION CENTER 0 0 0 1 "Custom" 
0 ROTATION CONFIG 0 0
1 47 -72 -8 -12 0 1 0 0 0 -1 -1 0 0 30359b.dat
1 72 -72 -38 -12 0 1 0 0 0 -1 -1 0 0 4733.dat
1 72 -82 -104 -12 0 0 -1 0 1 0 1 0 0 2540.dat
1 72 -102 -104 -12 0 0 1 0 1 0 -1 0 0 3839b.dat
1 70 -92 -104 -12 0 0 1 0 1 0 -1 0 0 30602.dat
1 71 -133 -98 14 0 -1 0 -0.707107 0 0.707107 -0.707107 0 -0.707107 577b.dat
1 71 -133 -98 -38 0 -1 0 -0.707107 0 0.707107 -0.707107 0 -0.707107 577b.dat
1 71 -62 -38 -34 0 0 1 1 0 0 0 1 0 4697b.dat
1 72 -82.001 -38 -33 0 1 0 1 0 0 0 0 -1 44676.dat
1 71 -62 -38 10 0 0 1 -1 0 0 0 -1 0 4697b.dat
1 72 -82.001 -38 9 0 1 0 -1 0 0 0 0 1 44676.dat
1 72 -62 -78 -35 0 0 -1 -1 0 0 0 1 0 4349.dat
1 72 -62 -78 10 0 0 -1 1 0 0 0 -1 0 4349.dat
1 72 -62 -88 -12 0 0 1 0 1 0 -1 0 0 4733.dat
1 70 -62 -56 -12 0 0 1 0 1 0 -1 0 0 4073.dat
1 70 -62 -64 -12 0 0 1 0 1 0 -1 0 0 4073.dat
1 70 -96 -68 -12 0 1 0 0 0 -1 -1 0 0 42022.dat
1 71 -62 -96 -12 1 0 0 0 1 0 0 0 1 2555.dat
1 19 -40.5 -52 -12 0 -0.358368 0.93358 0 0.93358 0.358368 -1 0 0 30376.dat
1 19 -26.5 -88.5 -12 0 0 1 0 1 0 -1 0 0 30375.dat
1 19 -26.5 -120.5 4 0 -0.707107 0.707107 0 0.707107 0.707107 -1 0 0 30377.dat
1 19 -26.5 -120.5 -28 0 -0.707107 0.707107 0 0.707107 0.707107 -1 0 0 30377.dat
1 19 -26.5 -119.5 -12 0 0 1 0 1 0 -1 0 0 30378.dat
1 47 -62 132 -12 0 0 1 0 1 0 -1 0 0 3960.dat
0 
0 
0 
0
