0 FILE T-16 Skyhopper.ldr
0 T-16 Skyhopper
0 Name: T-16 Skyhopper.ldr
0 Author: LDraw
0 Unofficial Model
0 ROTATION CENTER 0 0 0 1 "Custom" 
0 ROTATION CONFIG 0 0
1 0 110.802 8 51.202 -1 0 0 0 1 0 0 0 -1 Pilot.ldr
1 0 10.802 8 51.202 -1 0 0 0 1 0 0 0 -1 Tusken.ldr
1 0 46.002 -152.341 -24.8 0.92388 0.146447 0.353553 -0.270598 0.903281 0.332955 -0.270598 -0.403281 0.874151 Part 1.ldr
0
0 FILE Pilot.ldr
0 Pilot
0 Name: Pilot.ldr
0 Author: LDraw
0 Unofficial Model
0 ROTATION CENTER 0 0 0 1 "Custom" 
0 ROTATION CONFIG 0 0
1 71 0 -24 0 1 0 0 0 1 0 0 0 1 30370.dat
1 78 0 -24 0 1 0 0 0 1 0 0 0 1 3626bp01.dat
1 320 0 0 0 1 0 0 0 1 0 0 0 1 973.dat
1 320 0 32 0 1 0 0 0 1 0 0 0 1 3815.dat
1 320 -15.552 9 0 0.985 -0.17 0 0.17 0.985 0 0 0 1 3818.dat
1 320 15.552 9 0 0.985 0.17 0 -0.17 0.985 0 0 0 1 3819.dat
1 71 -23.8634 26.5956 -10.321 0.985 -0.12019 0.12019 0.17 0.696395 -0.696395 0 0.707 0.707 3820.dat
1 71 23.8634 26.5956 -10.321 0.985 0.12019 -0.12019 -0.17 0.696395 -0.696395 0 0.707 0.707 3820.dat
1 320 0 44 0 1 0 0 0 1 0 0 0 1 3816.dat
1 0 -25.289 36.171 -12.434 -0.167824 -0.0730719 0.983105 0.859974 0.476691 0.182236 -0.481954 0.876028 -0.0171602 92738.dat
1 320 0 44 0 1 0 0 0 1 0 0 0 1 3817.dat
0 
0
0 FILE Tusken.ldr
0 Tusken
0 Name: Tusken.ldr
0 Author: LDraw
0 Unofficial Model
0 ROTATION CENTER 0 0 0 1 "Custom" 
0 ROTATION CONFIG 0 0
1 28 0 -24 0 1 0 0 0 1 0 0 0 1 3626bp01.dat
1 19 0 0 0 1 0 0 0 1 0 0 0 1 973.dat
1 19 0 32 0 1 0 0 0 1 0 0 0 1 3815.dat
1 19 0 44 0 1 0 0 0 1 0 0 0 1 3816.dat
1 19 0 44 0 1 0 0 0 1 0 0 0 1 3817.dat
1 71 98.991 72 51.619 0.707107 0 -0.707107 0 1 0 0.707107 0 0.707107 40234.dat
1 19 -15.552 9 0 0.985 -0.17 0 0.17 0.985 0 0 0 1 3818.dat
1 19 15.552 9 0 0.985 0.17 0 -0.17 0.985 0 0 0 1 3819.dat
1 19 -23.8634 26.5956 -10.321 0.985 -0.12019 0.12019 0.17 0.696395 -0.696395 0 0.707 0.707 3820.dat
1 19 23.8634 26.5956 -10.321 0.985 0.12019 -0.12019 -0.17 0.696395 -0.696395 0 0.707 0.707 3820.dat
1 0 -25.9951 38.9468 -6.40139 0.985 0.0874983 -0.14567 0.17 -0.506976 0.844031 0 -0.856884 -0.514696 30374.dat
1 0 -28.97 55.312 20.143 0.985 0.0874983 -0.14567 0.17 -0.506976 0.844031 0 -0.856884 -0.514696 577b.dat
1 0 -19.288 6.09 -73.063 0.985 0.0874983 -0.14567 0 0.856884 0.514696 0.17 -0.506976 0.844031 2555.dat
1 0 -18.655 13.09 -78.69 0.985 0.0874983 -0.14567 0 0.856884 0.514696 0.17 -0.506976 0.844031 11610.dat
0
0 FILE Part 1.ldr
0 Part 1
0 Name: Part 1.ldr
0 Author: LDraw
0 Unofficial Model
0 ROTATION CENTER 0 0 0 1 "Custom" 
0 ROTATION CONFIG 0 0
1 72 -30 24 0 1 0 0 0 1 0 0 0 1 3031.dat
1 72 110 24 60 1 0 0 0 1 0 0 0 1 3795.dat
1 72 110 24 -60 1 0 0 0 1 0 0 0 1 3795.dat
1 15 50 16 0 1 0 0 0 1 0 0 0 1 2445.dat
1 15 -20 -8 30 1 0 0 0 1 0 0 0 1 3622.dat
1 15 -20 -8 -30 1 0 0 0 1 0 0 0 1 3622.dat
1 15 0 32 30 1 0 0 0 1 0 0 0 1 3622.dat
1 15 0 32 -30 1 0 0 0 1 0 0 0 1 3622.dat
1 15 -40 32 -30 0 0 1 0 1 0 -1 0 0 3665.dat
1 15 100 32 -50 1 0 0 0 1 0 0 0 1 3622.dat
1 15 60 32 -50 0 0 1 0 1 0 -1 0 0 3665.dat
1 15 100 32 50 1 0 0 0 1 0 0 0 1 3622.dat
1 15 60 32 50 0 0 1 0 1 0 -1 0 0 3665.dat
1 15 -40 32 30 0 0 1 0 1 0 -1 0 0 3665.dat
1 15 -20 -8 50 0 0 1 0 1 0 -1 0 0 87087.dat
1 15 -20 -8 -50 0 0 1 0 1 0 -1 0 0 87087.dat
1 15 -60 -8 -30 0 0 1 0 1 0 -1 0 0 87087.dat
1 15 -60 -8 30 0 0 1 0 1 0 -1 0 0 87087.dat
1 15 -94 2 30 0 1 0 0 0 -1 -1 0 0 4589.dat
1 15 20 -8 -60 0 0 1 0 1 0 -1 0 0 6565.dat
1 15 20 -8 60 0 0 1 0 1 0 -1 0 0 6564.dat
1 15 -10 16 -50 0 0 1 0 1 0 -1 0 0 50305.dat
1 15 -10 16 50 0 0 1 0 1 0 -1 0 0 50304.dat
1 71 20 24 0 0 0 -1 0 1 0 1 0 0 3710.dat
1 0 150 24 0 0 0 -1 0 1 0 1 0 0 3020.dat
1 0 130 16 40 -1 0 0 0 1 0 0 0 -1 3020.dat
1 0 90 16 -70 1 0 0 0 1 0 0 0 1 44567.dat
1 0 130 16 -70 1 0 0 0 1 0 0 0 1 44567.dat
1 0 130 16 70 -1 0 0 0 1 0 0 0 -1 44567.dat
1 0 90 16 70 -1 0 0 0 1 0 0 0 -1 44567.dat
1 0 110 43.991 -241.593 0 0 1 0.382683 0.92388 0 -0.92388 0.382683 0 Part 5.ldr
1 0 110 43.991 241.407 0 0 -1 0.382683 0.92388 0 0.92388 -0.382683 0 Part 6.ldr
1 47 160 16 70 -1 0 0 0 1 0 0 0 -1 3024.dat
1 47 160 16 -70 -1 0 0 0 1 0 0 0 -1 3024.dat
1 0 130 16 -40 -1 0 0 0 1 0 0 0 -1 3020.dat
1 0 30 8 0 0 0 1 0 1 0 -1 0 0 3020.dat
1 71 110 -8 0 0 0 1 0 1 0 -1 0 0 32532.dat
1 71 120 -136 0 -1 0 0 0 1 0 0 0 -1 Part 2.ldr
1 71 0 -32 -30 0 0 1 0 1 0 -1 0 0 43710.dat
1 71 0 -32 30 0 0 1 0 1 0 -1 0 0 43711.dat
1 71 30 -8 -50 1 0 0 0 1 0 0 0 1 85984.dat
1 71 30 -8 50 -1 0 0 0 1 0 0 0 -1 85984.dat
1 71 90 32 0 1 0 0 0 1 0 0 0 1 32531.dat
1 71 130 64 -10 1 0 0 0 1 0 0 0 1 44728.dat
1 71 130 64 10 -1 0 0 0 1 0 0 0 -1 44728.dat
1 71 120 32 0 0 0 -1 0 1 0 1 0 0 3700.dat
1 71 60 32 0 0 0 -1 0 1 0 1 0 0 3700.dat
1 71 60 72 0 0 0 -1 0 1 0 1 0 0 3700.dat
1 71 40 72 0 0 0 -1 0 1 0 1 0 0 3700.dat
1 15 90 32 0 0 0 -1 0 1 0 1 0 0 6143.dat
1 15 90 72 0 0 0 -1 0 1 0 1 0 0 6143.dat
1 0 90 72 0 0 0 -1 -1 0 0 0 1 0 3705.dat
1 15 130 104 0 0 0 -1 0 1 0 1 0 0 90194.dat
1 15 50 104 0 0 0 1 0 1 0 -1 0 0 90194.dat
1 15 130 72 0 0 0 -1 0 1 0 1 0 0 6143.dat
1 15 130 84 48 0 0 -1 1 0 0 0 -1 0 6143.dat
1 15 130 84 -48 0 0 1 1 0 0 0 1 0 6143.dat
1 15 70 64 0 -1 0 0 0 1 0 0 0 -1 3709b.dat
1 15 90 56 0 -1 0 0 0 1 0 0 0 -1 3709b.dat
1 71 90 96 0 -1 0 0 0 1 0 0 0 -1 32001.dat
1 72 90 24 0 -1 0 0 0 1 0 0 0 -1 87079.dat
1 4 40 56 0 0 0 1 0 1 0 -1 0 0 3023.dat
1 4 140 56 0 0 0 1 0 1 0 -1 0 0 3023.dat
1 27 90 24 -30 1 0 0 0 1 0 0 0 1 3710.dat
1 27 90 24 30 1 0 0 0 1 0 0 0 1 3710.dat
1 4 40 24 0 0 0 -1 0 1 0 1 0 0 3460.dat
1 4 120 -8 0 0 0 -1 0 1 0 1 0 0 32064b.dat
1 4 100 -8 0 0 0 -1 0 1 0 1 0 0 32064b.dat
1 4 40 42 0 1 0 0 0 1 0 0 0 1 32054.dat
1 4 140 42 0 -1 0 0 0 1 0 0 0 -1 32054.dat
1 1 40 82 0 1 0 0 0 1 0 0 0 1 6558.dat
1 0 -10 82 0 1 0 0 0 1 0 0 0 1 2780.dat
1 0 -50 82 0 1 0 0 0 1 0 0 0 1 2780.dat
1 15 -30 82 0 1 0 0 0 1 0 0 0 1 62462.dat
1 15 -70 82 0 1 0 0 0 1 0 0 0 1 62462.dat
1 15 -210 82 0 0 -1 0 1 0 0 0 0 1 63965.dat
1 1 -90 82 0 -1 0 0 0 1 0 0 0 -1 43093.dat
1 72 -110 82 0 0 0 1 0 1 0 -1 0 0 59443.dat
1 72 -140 82 0 0 0 1 0 1 0 -1 0 0 10928.dat
1 15 10 82 0 0 0 -1 0 1 0 1 0 0 55981.dat
1 15 -94 2 -30 0 1 0 0 0 -1 -1 0 0 4589.dat
1 15 -54 2 -50 0 1 0 0 0 -1 -1 0 0 4589.dat
1 15 -54 2 50 0 1 0 0 0 -1 -1 0 0 4589.dat
1 15 110 -130.83 -34.436 1 0 0 0 0.461749 -0.887011 0 0.887011 0.461749 Part 3.ldr
1 15 110 -130.83 34.564 -1 0 0 0 0.461749 -0.887011 0 -0.887011 -0.461749 Part 4.ldr
0
0 FILE Part 2.ldr
0 Part 2
0 Name: Part 2.ldr
0 Author: LDraw
0 Unofficial Model
0 ROTATION CENTER 0 0 0 1 "Custom" 
0 ROTATION CONFIG 0 0
1 0 -30 18 0 1 0 0 0 1 0 0 0 1 2780.dat
1 0 50 98 0 1 0 0 0 1 0 0 0 1 2780.dat
1 0 50 118 0 1 0 0 0 1 0 0 0 1 2780.dat
1 1 50 78 0 1 0 0 0 1 0 0 0 1 4274.dat
1 1 50 58 0 1 0 0 0 1 0 0 0 1 4274.dat
1 0 50 -22 0 1 0 0 0 1 0 0 0 1 2780.dat
1 1 -20 -142 0 1 0 0 0 1 0 0 0 1 6558.dat
1 1 0 -102 0 1 0 0 0 1 0 0 0 1 6558.dat
1 1 60 -142 0 1 0 0 0 1 0 0 0 1 6558.dat
1 1 120 18 0 -1 0 0 0 1 0 0 0 -1 6558.dat
1 71 140 138 0 -1 0 0 0 1 0 0 0 -1 4519.dat
1 1 160 98 0 -1 0 0 0 1 0 0 0 -1 6558.dat
1 72 150 -22 0 -1 0 0 0 1 0 0 0 -1 87083.dat
1 0 10 138 0 -1 0 0 0 1 0 0 0 -1 3706.dat
1 72 202 -22 0 0 -1 0 -1 0 0 0 0 -1 4589.dat
1 28 0 -222 0 1 0 0 0 1 0 0 0 1 15462.dat
1 1 60 18 0 1 0 0 0 1 0 0 0 1 6558.dat
1 1 0 -22 0 1 0 0 0 1 0 0 0 1 6558.dat
1 1 0 -82 0 1 0 0 0 1 0 0 0 1 6558.dat
1 1 0 -42 0 1 0 0 0 1 0 0 0 1 6558.dat
1 1 20 -122 0 -1 0 0 0 1 0 0 0 -1 6558.dat
1 1 20 -62 0 -1 0 0 0 1 0 0 0 -1 6558.dat
1 72 -40 8 0 0 0 -1 0 1 0 1 0 0 6541.dat
1 72 -40 -152 0 0 0 -1 0 1 0 1 0 0 6541.dat
1 4 -30 -200 0 -1 0 0 0 1 0 0 0 -1 3245a.dat
1 4 40 -176 0 -1 0 0 0 1 0 0 0 -1 3622.dat
1 4 40 -200 0 -1 0 0 0 1 0 0 0 -1 3622.dat
1 72 60 -152 0 0 0 -1 0 1 0 1 0 0 6541.dat
1 72 80 -104 0 -1 0 0 0 1 0 0 0 -1 3622.dat
1 72 80 -118 -18 -1 0 0 0 0 1 0 1 0 4073.dat
1 72 80 -118 18 1 0 0 0 0 1 0 -1 0 4073.dat
1 72 60 -118 -18 -1 0 0 0 0 1 0 1 0 4073.dat
1 72 60 -118 18 1 0 0 0 0 1 0 -1 0 4073.dat
1 72 80 -80 0 -1 0 0 0 1 0 0 0 -1 3622.dat
1 71 90 -56 0 -1 0 0 0 1 0 0 0 -1 3010.dat
1 71 140 -56 0 0 0 -1 0 1 0 1 0 0 4070.dat
1 71 90 0 0 -1 0 0 0 1 0 0 0 -1 3710.dat
1 71 90 32 0 -1 0 0 0 1 0 0 0 -1 3710.dat
1 71 90 -8 0 -1 0 0 0 1 0 0 0 -1 3710.dat
1 71 -10 -240 0 -1 0 0 0 1 0 0 0 -1 3710.dat
1 71 120 -104 0 0 0 -1 0 1 0 1 0 0 60481.dat
1 71 146 -46 0 0 -1 0 0 0 1 -1 0 0 54200.dat
1 71 100 -152 0 0 0 -1 0 1 0 1 0 0 60481.dat
1 71 180 40 0 0 0 -1 0 1 0 1 0 0 60481.dat
1 71 200 88 0 0 0 -1 0 1 0 1 0 0 60481.dat
1 71 120 128 0 0 0 1 0 1 0 -1 0 0 85984.dat
1 71 160 -8 0 0 0 -1 0 1 0 1 0 0 60481.dat
1 71 60 -248 0 0 0 -1 0 1 0 1 0 0 60481.dat
1 4 80 -200 0 0 0 -1 0 1 0 1 0 0 60481.dat
1 72 80 -152 0 0 0 -1 0 1 0 1 0 0 6541.dat
1 72 60 8 0 0 0 -1 0 1 0 1 0 0 6541.dat
1 72 80 8 0 0 0 -1 0 1 0 1 0 0 6541.dat
1 72 60 120 0 0 0 -1 0 1 0 1 0 0 32530.dat
1 72 100 8 0 0 0 -1 0 1 0 1 0 0 6541.dat
1 72 120 8 0 0 0 -1 0 1 0 1 0 0 6541.dat
1 72 160 88 0 0 0 -1 0 1 0 1 0 0 6541.dat
1 72 180 88 0 0 0 -1 0 1 0 1 0 0 6541.dat
1 72 60 -32 0 0 0 -1 0 1 0 1 0 0 6541.dat
1 72 120 -32 0 0 0 -1 0 1 0 1 0 0 6541.dat
1 72 160 -32 0 0 0 -1 0 1 0 1 0 0 6541.dat
1 72 160 48 0 0 0 -1 0 1 0 1 0 0 6541.dat
1 71 -40 0 0 0 0 -1 0 1 0 1 0 0 3024.dat
1 71 160 40 0 0 0 -1 0 1 0 1 0 0 3024.dat
1 71 160 72 0 0 0 -1 0 1 0 1 0 0 3024.dat
1 71 160 80 0 0 0 -1 0 1 0 1 0 0 3024.dat
1 71 180 128 0 0 0 -1 0 1 0 1 0 0 3024.dat
1 71 180 120 0 0 0 -1 0 1 0 1 0 0 3024.dat
1 71 40 -240 0 0 0 -1 0 1 0 1 0 0 3024.dat
1 71 10 -248 0 1 0 0 0 1 0 0 0 1 3710.dat
1 71 10 -256 0 1 0 0 0 1 0 0 0 1 6636.dat
1 71 100 -24 -18 1 0 0 0 0 -1 0 1 0 6636.dat
1 71 100 -24 18 -1 0 0 0 0 -1 0 -1 0 6636.dat
1 71 -40 -248 0 0 0 1 0 1 0 -1 0 0 3024.dat
1 71 -40 -8 0 0 0 -1 0 1 0 1 0 0 3024.dat
1 71 -40 58 0 0 1 0 0 0 1 1 0 0 2476b.dat
1 71 -40 98 0 0 1 0 0 0 1 1 0 0 2476b.dat
1 15 -48 78 0 0 1 0 0 0 1 1 0 0 32059.dat
1 1 -56 78 0 0 1 0 0 0 1 1 0 0 4073.dat
1 37 -64 78 0 0 1 0 0 0 1 1 0 0 4740.dat
1 71 -40 -128 0 0 0 -1 0 1 0 1 0 0 2453.dat
1 71 70 -128 0 -1 0 0 0 1 0 0 0 -1 52107.dat
1 71 90 -32 0 -1 0 0 0 1 0 0 0 -1 52107.dat
1 71 -20 -2 0 0 -1 0 0 0 -1 1 0 0 32278.dat
1 71 15 -92 0 0 -1 0 0 0 -1 1 0 0 32063.dat
1 71 25 -92 0 0 -1 0 0 0 -1 1 0 0 32063.dat
1 71 0 -62 0 0 -1 0 0 0 -1 1 0 0 32523.dat
1 72 0 -162 0 0 -1 0 0 0 -1 1 0 0 32524.dat
1 71 40 -2 0 0 -1 0 0 0 -1 1 0 0 32278.dat
1 71 140 58 0 0 -1 0 0 0 -1 1 0 0 40490.dat
1 71 -30 -208 0 -1 0 0 0 1 0 0 0 -1 3023.dat
1 72 -40 -232 0 0 0 -1 0 1 0 1 0 0 6541.dat
1 72 -20 -232 0 0 0 -1 0 1 0 1 0 0 6541.dat
1 71 30 -208 0 -1 0 0 0 1 0 0 0 -1 3023.dat
1 71 170 112 0 -1 0 0 0 1 0 0 0 -1 3023.dat
1 4 200 144 0 -1 0 0 0 1 0 0 0 -1 3021.dat
1 4 160 128 0 0 0 1 0 1 0 -1 0 0 32064b.dat
1 4 120 128 0 0 0 1 0 1 0 -1 0 0 32064b.dat
1 15 160 120 0 0 0 1 0 1 0 -1 0 0 3794b.dat
1 15 180 136 0 0 0 1 0 1 0 -1 0 0 3794b.dat
1 15 200 136 0 0 0 1 0 1 0 -1 0 0 3794b.dat
1 15 220 136 0 0 0 1 0 1 0 -1 0 0 3794b.dat
1 72 20 -232 0 0 0 -1 0 1 0 1 0 0 6541.dat
1 72 40 -232 0 0 0 -1 0 1 0 1 0 0 6541.dat
0
0 FILE Part 3.ldr
0 Part 3
0 Name: Part 3.ldr
0 Author: LDraw
0 Unofficial Model
0 ROTATION CENTER 0 0 0 1 "Custom" 
0 ROTATION CONFIG 0 0
1 71 0 8 0 1 0 0 0 1 0 0 0 1 98286.dat
1 4 -30 8 -60 0 0 -1 0 1 0 1 0 0 3460.dat
1 15 -30 16 -40 0 0 1 0 1 0 -1 0 0 2540.dat
1 15 -30 16 -80 0 0 1 0 1 0 -1 0 0 2540.dat
1 40 -50 18 0 0.246153 0 -0.969231 0.969231 0 0.246153 0 -1 0 51000.dat
1 4 30 8 -60 0 0 -1 0 1 0 1 0 0 3460.dat
1 4 0 8 -130 -1 0 0 0 1 0 0 0 -1 3023.dat
1 71 0 0 -100 -1 0 0 0 1 0 0 0 -1 3032.dat
1 71 0 0 -20 1 0 0 0 1 0 0 0 1 6180.dat
1 14 -50 -8 -100 0 0 1 0 1 0 -1 0 0 2412b.dat
1 72 40 -8 -90 1 0 0 0 1 0 0 0 1 3069b.dat
1 72 0 16 -60 0 0 -1 0 1 0 1 0 0 3795.dat
1 72 -20 24 -60 0 0 -1 0 1 0 1 0 0 2654.dat
1 0 0 8 -80 0 0 -1 0 1 0 1 0 0 3020.dat
0
0 FILE Part 4.ldr
0 Part 4
0 Name: Part 4.ldr
0 Author: LDraw
0 Unofficial Model
0 ROTATION CENTER 0 0 0 1 "Custom" 
0 ROTATION CONFIG 0 0
1 71 0 8 0 1 0 0 0 1 0 0 0 1 98286.dat
1 4 -30 8 -60 0 0 -1 0 1 0 1 0 0 3460.dat
1 15 30 16 -40 0 0 -1 0 1 0 1 0 0 2540.dat
1 15 30 16 -80 0 0 -1 0 1 0 1 0 0 2540.dat
1 4 30 8 -60 0 0 -1 0 1 0 1 0 0 3460.dat
1 4 0 8 -130 -1 0 0 0 1 0 0 0 -1 3023.dat
1 71 0 0 -100 -1 0 0 0 1 0 0 0 -1 3032.dat
1 71 0 0 -20 1 0 0 0 1 0 0 0 1 6180.dat
1 14 50 -8 -100 0 0 1 0 1 0 -1 0 0 2412b.dat
1 72 -40 -8 -90 1 0 0 0 1 0 0 0 1 3069b.dat
1 72 0 16 -60 0 0 -1 0 1 0 1 0 0 3795.dat
1 72 20 24 -60 0 0 -1 0 1 0 1 0 0 2654.dat
1 0 0 8 -80 0 0 -1 0 1 0 1 0 0 3020.dat
1 40 50 18 -120 -0.246153 0 0.969231 0.969231 0 0.246153 0 1 0 51000.dat
0
0 FILE Part 5.ldr
0 Part 5
0 Name: Part 5.ldr
0 Author: LDraw
0 Unofficial Model
0 ROTATION CENTER 0 0 0 1 "Custom" 
0 ROTATION CONFIG 0 0
1 71 -20 24 0 0 0 -1 0 1 0 1 0 0 30356.dat
1 15 -120 32 0 0 0 -1 0 1 0 1 0 0 44570.dat
1 36 90 16 50 0 0 -1 0 1 0 1 0 0 3070b.dat
1 36 -8 46 20 0 -1 0 1 0 0 0 0 1 15400c01.dat
1 72 60 16 40 0 0 -1 0 1 0 1 0 0 3068b.dat
1 72 -32 46 20 0 -1 0 0 0 1 -1 0 0 99780.dat
1 15 0 46 40 0 -1 0 0 0 1 -1 0 0 99781.dat
1 15 0 46 0 0 -1 0 0 0 1 -1 0 0 99781.dat
0
0 FILE Part 6.ldr
0 Part 6
0 Name: Part 6.ldr
0 Author: LDraw
0 Unofficial Model
0 ROTATION CENTER 0 0 0 1 "Custom" 
0 ROTATION CONFIG 0 0
1 71 -20 24 0 0 0 -1 0 1 0 1 0 0 30355.dat
1 15 -120 32 0 0 0 -1 0 1 0 1 0 0 44570.dat
1 36 90 16 -50 0 0 -1 0 1 0 1 0 0 3070b.dat
1 36 -8 46 -20 0 -1 0 -1 0 0 0 0 -1 15400c01.dat
1 72 60 16 -40 0 0 -1 0 1 0 1 0 0 3068b.dat
1 72 -32 46 -20 0 -1 0 0 0 1 -1 0 0 99780.dat
1 15 0 46 0 0 -1 0 0 0 1 -1 0 0 99781.dat
1 15 0 46 -40 0 -1 0 0 0 1 -1 0 0 99781.dat
0
0
