0 FILE Corporate Alliance Tank Droid.ldr
0 Corporate Alliance Tank Droid
0 Name: Corporate Alliance Tank Droid.ldr
0 Author: LDraw
0 Unofficial Model
0 ROTATION CENTER 0 0 0 1 "Custom" 
0 ROTATION CONFIG 0 0
1 0 -163.339 -24 640.509 0.382683 0 0.92388 0 1 0 -0.92388 0 0.382683 Clone.ldr
1 0 -163.339 -24 570.509 0.382683 0 0.92388 0 1 0 -0.92388 0 0.382683 Clone.ldr
1 0 -319.445 -16 305.911 -0.382683 0 0.92388 0 1 0 -0.92388 0 -0.382683 Battle Droid.ldr
1 0 -319.445 -16 245.911 -0.382683 0 0.92388 0 1 0 -0.92388 0 -0.382683 Battle Droid.ldr
1 0 -11.767 6 307.678 -0.92388 0 -0.382683 0 1 0 0.382683 0 -0.92388 Part 1.ldr
1 0 -188.445 8 99.911 -1 0 0 0 1 0 0 0 -1 Part 8.ldr
0
0 FILE Clone.ldr
0 Clone
0 Name: Clone.ldr
0 Author: LDraw
0 Unofficial Model
0 ROTATION CENTER 0 0 0 1 "Custom" 
0 ROTATION CONFIG 0 0
1 15 0 -27 0 1 0 0 0 1 0 0 0 1 30408p01.dat
1 78 0 -27 0 1 0 0 0 1 0 0 0 1 3626bp01.dat
1 15 0 -2 0 1 0 0 0 1 0 0 0 1 3838.dat
1 15 0 0 0 1 0 0 0 1 0 0 0 1 973psu.dat
1 0 0 32 0 1 0 0 0 1 0 0 0 1 3815.dat
1 15 -15.552 9 0 0.985 -0.17 0 0.17 0.985 0 0 0 1 3818.dat
1 15 15.552 9 0 0.985 0.17 0 -0.17 0.985 0 0 0 1 3819.dat
1 0 -23.8634 26.5956 -10.321 0.985 -0.12019 0.12019 0.17 0.696395 -0.696395 0 0.707 0.707 3820.dat
1 0 23.8634 26.5956 -10.321 0.985 0.12019 -0.12019 -0.17 0.696395 -0.696395 0 0.707 0.707 3820.dat
1 0 -24.6826 31.3422 -19.2547 0.985 -0.0874983 0.14567 0.17 0.506976 -0.844031 0 0.856884 0.514696 58247.dat
1 15 0 44 0 1 0 0 0 1 0 0 0 1 3816.dat
1 15 0 44 0 1 0 0 0 1 0 0 0 1 3817.dat
0
0 FILE Battle Droid.ldr
0 Battle Droid
0 Name: Battle Droid.ldr
0 Author: LDraw
0 Unofficial Model
0 ROTATION CENTER 0 0 0 1 "Custom" 
0 ROTATION CONFIG 0 0
1 19 66 -16 0 1 0 0 0 1 0 0 0 1 30377.dat
1 19 34 -16 0 1 0 0 0 0.92388 0.382683 0 -0.382683 0.92388 59230.dat
1 0 34 20.955 -15.307 1 0 0 0 0.382683 -0.92388 0 0.92388 0.382683 58247.dat
1 19 50 56 0 1 0 0 0 1 0 0 0 1 30376.dat
1 19 50 -16 0 1 0 0 0 1 0 0 0 1 30378.dat
1 19 50 16 0 1 0 0 0 1 0 0 0 1 30375.dat
0
0 FILE Part 1.ldr
0 Part 1
0 Name: Part 1.ldr
0 Author: LDraw
0 Unofficial Model
0 ROTATION CENTER 0 0 0 1 "Custom" 
0 ROTATION CONFIG 0 0
1 72 10 16 0 1 0 0 0 1 0 0 0 1 3034.dat
1 72 130 0 90 1 0 0 0 1 0 0 0 1 Part 2.ldr
1 72 130 0 -90 1 0 0 0 1 0 0 0 1 Part 3.ldr
1 72 -80 -32 0 0 0 1 0 1 0 -1 0 0 3660.dat
1 71 -30 -24 0 1 0 0 0 1 0 0 0 1 3020.dat
1 71 -30 -32 0 1 0 0 0 1 0 0 0 1 3020.dat
1 71 70 -78 -15 -1 0 0 0 0 -1 0 -1 0 32250.dat
1 71 50 -78 30 -1 0 0 0 1 0 0 0 -1 42610.dat
1 71 50 -78 -30 -1 0 0 0 1 0 0 0 -1 42610.dat
1 71 70 -78 15 -1 0 0 0 0 -1 0 -1 0 32250.dat
1 0 10 -16 0 1 0 0 0 1 0 0 0 1 3738.dat
1 0 -140 2 28 1 0 0 0 0 1 0 -1 0 4032b.dat
1 71 -140 2 36 1 0 0 0 0 1 0 -1 0 60474.dat
1 71 -140 2 52 1 0 0 0 0 1 0 -1 0 3960.dat
1 72 -140 2 60 1 0 0 0 0 1 0 -1 0 4740.dat
1 0 -140 2 -28 -1 0 0 0 0 1 0 1 0 4032b.dat
1 0 50 -78 -48 -1 0 0 0 0 1 0 1 0 4032b.dat
1 0 50 -78 48 1 0 0 0 0 1 0 -1 0 4032b.dat
1 71 50 -78 -55 -1 0 0 0 0 1 0 1 0 50990.dat
1 71 50 -78 55 1 0 0 0 0 1 0 -1 0 50990.dat
1 71 30 -78 -102 1 0 0 0 0 -1 0 1 0 Part 6.ldr
1 71 70 -78 102 -1 0 0 0 0 -1 0 -1 0 Part 7.ldr
1 71 -140 2 -36 -1 0 0 0 0 1 0 1 0 60474.dat
1 71 -140 2 -52 -1 0 0 0 0 1 0 1 0 3960.dat
1 72 -140 2 -60 -1 0 0 0 0 1 0 1 0 4740.dat
1 0 -130 2 -15 0 0 -1 -1 0 0 0 1 0 32449.dat
1 0 -130 2 15 0 0 -1 -1 0 0 0 1 0 32449.dat
1 71 80 -8 0 0 0 -1 0 1 0 1 0 0 32064b.dat
1 71 60 -8 0 0 0 -1 0 1 0 1 0 0 32064b.dat
1 71 80 2 0 -1 0 0 0 1 0 0 0 -1 4519.dat
1 71 120 2 0 0 0 1 0 1 0 -1 0 0 4519.dat
1 71 160 2 0 0 0 1 0 1 0 -1 0 0 4519.dat
1 1 140 2 -30 0 0 1 0 1 0 -1 0 0 43093.dat
1 1 140 2 30 0 0 -1 0 1 0 1 0 0 43093.dat
1 0 140 2 60 0 0 -1 0 1 0 1 0 0 32054.dat
1 0 140 2 -60 0 0 1 0 1 0 -1 0 0 32054.dat
1 0 10 -118 -90 -1 0 0 0 1 0 0 0 -1 32054.dat
1 0 80 -118 -90 0 0 1 0 1 0 -1 0 0 59443.dat
1 0 80 -118 90 0 0 1 0 1 0 -1 0 0 59443.dat
1 0 100 -118 90 0 -1 0 0 0 1 -1 0 0 63965.dat
1 0 100 -118 -90 0 -1 0 0 0 1 -1 0 0 63965.dat
1 0 199 -118 -90 0 -1 0 0 0 1 -1 0 0 4589.dat
1 0 151 -118 -90 0 1 0 0 0 1 1 0 0 4589.dat
1 0 162 -98 -90 0 1 0 0 0 1 1 0 0 63965.dat
1 0 84 -98 -90 0 -1 0 0 0 1 -1 0 0 4589.dat
1 0 199 -118 90 0 -1 0 0 0 1 -1 0 0 4589.dat
1 0 151 -118 90 0 1 0 0 0 1 1 0 0 4589.dat
1 0 10 -118 90 -1 0 0 0 1 0 0 0 -1 32054.dat
1 71 -60 2 0 -1 0 0 0 1 0 0 0 -1 4519.dat
1 71 -40 -8 0 0 0 -1 0 1 0 1 0 0 32064b.dat
1 71 -60 -8 0 0 0 -1 0 1 0 1 0 0 32064b.dat
1 71 30 -8 0 0 0 -1 0 1 0 1 0 0 6143.dat
1 0 30 -24 0 0 0 -1 -1 0 0 0 1 0 3705.dat
1 0 -140 2 0 0 0 -1 0 -1 0 -1 0 0 3705.dat
0 SYNTH BEGIN TECHNIC_CHAIN_TREAD 0
1 72 -140 2 0 -1 0 0 0 -1 0 0 0 1 3648b.dat
1 72 160 2 0 -1 0 0 0 -1 0 0 0 1 3648b.dat
1 72 70 -138 0 -1 0 0 0 -1 0 0 0 1 3648b.dat
0 SYNTH SHOW
0 SYNTH SYNTHESIZED BEGIN
1 0 -124 32 0 0 0 -1 0 -1 0 -1 0 0 3873.dat
1 0 -108.211 32 0 0 0 -1 0 -1 0 -1 0 0 3873.dat
1 0 -92.4211 32 0 0 0 -1 0 -1 0 -1 0 0 3873.dat
1 0 -76.6316 32 0 0 0 -1 0 -1 0 -1 0 0 3873.dat
1 0 -60.8421 32 0 0 0 -1 0 -1 0 -1 0 0 3873.dat
1 0 -45.0526 32 0 0 0 -1 0 -1 0 -1 0 0 3873.dat
1 0 -29.2632 32 0 0 0 -1 0 -1 0 -1 0 0 3873.dat
1 0 -13.4737 32 0 0 0 -1 0 -1 0 -1 0 0 3873.dat
1 0 2.3158 32 0 0 0 -1 0 -1 0 -1 0 0 3873.dat
1 0 18.1053 32 0 0 0 -1 0 -1 0 -1 0 0 3873.dat
1 0 33.8947 32 0 0 0 -1 0 -1 0 -1 0 0 3873.dat
1 0 49.6842 32 0 0 0 -1 0 -1 0 -1 0 0 3873.dat
1 0 65.4737 32 0 0 0 -1 0 -1 0 -1 0 0 3873.dat
1 0 81.2632 32 0 0 0 -1 0 -1 0 -1 0 0 3873.dat
1 0 97.0526 32 0 0 0 -1 0 -1 0 -1 0 0 3873.dat
1 0 112.842 32 0 0 0 -1 0 -1 0 -1 0 0 3873.dat
1 0 128.632 32 0 0 0 -1 0 -1 0 -1 0 0 3873.dat
1 0 144.421 32 0 0 0 -1 0 -1 0 -1 0 0 3873.dat
1 0 160.211 32 0 0 0 -1 0 -1 0 -1 0 0 3873.dat
1 0 -140 32 0 0 0.2817 -0.9595 0 -0.9595 -0.2817 -1 0 0 3873.dat
1 0 -156.219 27.2376 0 0 0.7557 -0.6549 0 -0.6549 -0.7557 -1 0 0 3873.dat
1 0 -167.289 14.4625 0 0 0.9898 -0.1423 0 -0.1423 -0.9898 -1 0 0 3873.dat
1 0 -169.695 -2.2694 0 0 0.9096 0.4154 0 0.4154 -0.9096 -1 0 0 3873.dat
1 0 -162.673 -17.6458 0 0 0.5406 0.8413 0 0.8413 -0.5406 -1 0 0 3873.dat
1 0 176.583 -27.6816 0 0 -0.8412 0.5408 0 0.5408 0.8412 -1 0 0 3873.dat
1 0 167.583 -41.6816 0 0 -0.8412 0.5408 0 0.5408 0.8412 -1 0 0 3873.dat
1 0 158.583 -55.6816 0 0 -0.8412 0.5408 0 0.5408 0.8412 -1 0 0 3873.dat
1 0 149.583 -69.6816 0 0 -0.8412 0.5408 0 0.5408 0.8412 -1 0 0 3873.dat
1 0 140.583 -83.6816 0 0 -0.8412 0.5408 0 0.5408 0.8412 -1 0 0 3873.dat
1 0 131.583 -97.6816 0 0 -0.8412 0.5408 0 0.5408 0.8412 -1 0 0 3873.dat
1 0 122.583 -111.682 0 0 -0.8412 0.5408 0 0.5408 0.8412 -1 0 0 3873.dat
1 0 113.583 -125.682 0 0 -0.8412 0.5408 0 0.5408 0.8412 -1 0 0 3873.dat
1 0 104.583 -139.682 0 0 -0.8412 0.5408 0 0.5408 0.8412 -1 0 0 3873.dat
1 0 95.5832 -153.682 0 0 -0.8412 0.5408 0 0.5408 0.8412 -1 0 0 3873.dat
1 0 185.235 -14.2227 0 0 -0.9595 0.2819 0 0.2819 0.9595 -1 0 0 3873.dat
1 0 190 1.9958 0 0 -0.9595 -0.2816 0 -0.2816 0.9595 -1 0 0 3873.dat
1 0 185.24 18.2157 0 0 -0.655 -0.7557 0 -0.7557 0.655 -1 0 0 3873.dat
1 0 172.466 29.2872 0 0 -0.1425 -0.9898 0 -0.9898 0.1425 -1 0 0 3873.dat
1 0 40.0462 -154.086 0 0 0.5547 0.8321 0 0.8321 -0.5547 -1 0 0 3873.dat
1 0 26.9212 -145.336 0 0 0.5547 0.8321 0 0.8321 -0.5547 -1 0 0 3873.dat
1 0 13.7962 -136.586 0 0 0.5547 0.8321 0 0.8321 -0.5547 -1 0 0 3873.dat
1 0 0.6712 -127.836 0 0 0.5547 0.8321 0 0.8321 -0.5547 -1 0 0 3873.dat
1 0 -12.4538 -119.086 0 0 0.5547 0.8321 0 0.8321 -0.5547 -1 0 0 3873.dat
1 0 -25.5788 -110.336 0 0 0.5547 0.8321 0 0.8321 -0.5547 -1 0 0 3873.dat
1 0 -38.7038 -101.586 0 0 0.5547 0.8321 0 0.8321 -0.5547 -1 0 0 3873.dat
1 0 -51.8288 -92.8363 0 0 0.5547 0.8321 0 0.8321 -0.5547 -1 0 0 3873.dat
1 0 -64.9538 -84.0863 0 0 0.5547 0.8321 0 0.8321 -0.5547 -1 0 0 3873.dat
1 0 -78.0788 -75.3363 0 0 0.5547 0.8321 0 0.8321 -0.5547 -1 0 0 3873.dat
1 0 -91.2038 -66.5863 0 0 0.5547 0.8321 0 0.8321 -0.5547 -1 0 0 3873.dat
1 0 -104.329 -57.8363 0 0 0.5547 0.8321 0 0.8321 -0.5547 -1 0 0 3873.dat
1 0 -117.454 -49.0863 0 0 0.5547 0.8321 0 0.8321 -0.5547 -1 0 0 3873.dat
1 0 -130.579 -40.3363 0 0 0.5547 0.8321 0 0.8321 -0.5547 -1 0 0 3873.dat
1 0 -143.704 -31.5863 0 0 0.5547 0.8321 0 0.8321 -0.5547 -1 0 0 3873.dat
1 0 -156.829 -22.8363 0 0 0.5547 0.8321 0 0.8321 -0.5547 -1 0 0 3873.dat
1 0 53.359 -162.962 0 0 0.2978 0.9546 0 0.9546 -0.2978 -1 0 0 3873.dat
1 0 69.4959 -167.996 0 0 -0.2656 0.9641 0 0.9641 0.2656 -1 0 0 3873.dat
1 0 85.7928 -163.507 0 0 -0.7446 0.6675 0 0.6675 0.7446 -1 0 0 3873.dat
0 SYNTH SYNTHESIZED END
0 SYNTH END
1 71 70 -138 0 0 0 1 0 1 0 -1 0 0 4519.dat
1 71 50 -118 -90 -1 0 0 0 1 0 0 0 -1 4519.dat
1 71 60 -98 -90 1 0 0 0 1 0 0 0 1 61184.dat
1 0 162 -98 90 0 1 0 0 0 1 1 0 0 63965.dat
1 0 84 -98 90 0 -1 0 0 0 1 -1 0 0 4589.dat
1 71 60 -98 90 1 0 0 0 1 0 0 0 1 61184.dat
1 71 50 -118 90 -1 0 0 0 1 0 0 0 -1 4519.dat
1 0 -80 2 0 0 0 1 0 1 0 -1 0 0 32039.dat
1 0 150 2 15 0 0 1 -1 0 0 0 -1 0 32449.dat
1 0 150 2 25 0 0 1 -1 0 0 0 -1 0 32449.dat
1 0 150 2 -15 0 0 1 -1 0 0 0 -1 0 32449.dat
1 0 150 2 -25 0 0 1 -1 0 0 0 -1 0 32449.dat
1 0 100 2 0 0 0 -1 0 1 0 1 0 0 32039.dat
1 4 -100 2 0 0 0 1 0 1 0 -1 0 0 32062.dat
1 0 30 -58 0 0 -1 0 0 0 1 -1 0 0 32039.dat
1 4 30 -78 0 0 -1 0 0 0 1 -1 0 0 32062.dat
1 4 70 -78 0 0 -1 0 0 0 1 -1 0 0 32062.dat
1 4 70 -78 -5 0 0 -1 -1 0 0 0 1 0 41677.dat
1 4 70 -78 5 0 0 -1 -1 0 0 0 1 0 41677.dat
1 0 50 -78 0 0 0 1 0 -1 0 1 0 0 3737.dat
1 0 50 -98 -90 0 0 1 0 -1 0 1 0 0 42003.dat
1 0 50 -98 90 0 0 1 0 -1 0 1 0 0 42003.dat
1 71 -10 -8 0 0 0 -1 0 1 0 1 0 0 6143.dat
1 71 -30 -56 0 0 0 -1 0 1 0 1 0 0 6143.dat
1 71 -60 -56 0 0 0 1 0 1 0 -1 0 0 3298.dat
1 71 -20 -80 0 0 0 1 0 1 0 -1 0 0 3298.dat
0 
0 
0
0 FILE Part 2.ldr
0 Part 2
0 Name: Part 2.ldr
0 Author: LDraw
0 Unofficial Model
0 ROTATION CENTER 0 0 0 1 "Custom" 
0 ROTATION CONFIG 0 0
1 72 10 24 0 1 0 0 0 1 0 0 0 1 3795.dat
1 72 -10 16 0 1 0 0 0 1 0 0 0 1 3795.dat
1 72 10 -16 10 1 0 0 0 1 0 0 0 1 6636.dat
1 72 10 -16 -10 1 0 0 0 1 0 0 0 1 6636.dat
1 0 10 -8 -10 1 0 0 0 1 0 0 0 1 3701.dat
1 0 -30 32 0 1 0 0 0 1 0 0 0 1 2654.dat
1 0 10 32 0 1 0 0 0 1 0 0 0 1 2654.dat
1 0 50 32 0 1 0 0 0 1 0 0 0 1 2654.dat
1 71 10 -8 10 1 0 0 0 1 0 0 0 1 30137.dat
1 71 60 -8 0 0 0 -1 0 1 0 1 0 0 3023.dat
1 71 -40 -8 0 0 0 1 0 1 0 -1 0 0 3039.dat
1 72 60 0 0 0 0 -1 0 1 0 1 0 0 3747b.dat
1 72 80 -16 0 0 0 -1 0 1 0 1 0 0 47457.dat
0
0 FILE Part 3.ldr
0 Part 3
0 Name: Part 3.ldr
0 Author: LDraw
0 Unofficial Model
0 ROTATION CENTER 0 0 0 1 "Custom" 
0 ROTATION CONFIG 0 0
1 72 10 24 0 1 0 0 0 1 0 0 0 1 3795.dat
1 72 -10 16 0 1 0 0 0 1 0 0 0 1 3795.dat
1 72 10 -16 10 1 0 0 0 1 0 0 0 1 6636.dat
1 72 10 -16 -10 1 0 0 0 1 0 0 0 1 6636.dat
1 0 10 -8 10 1 0 0 0 1 0 0 0 1 3701.dat
1 0 -30 32 0 1 0 0 0 1 0 0 0 1 2654.dat
1 0 10 32 0 1 0 0 0 1 0 0 0 1 2654.dat
1 0 50 32 0 1 0 0 0 1 0 0 0 1 2654.dat
1 71 10 -8 -10 1 0 0 0 1 0 0 0 1 30137.dat
1 71 60 -8 0 0 0 -1 0 1 0 1 0 0 3023.dat
1 71 -40 -8 0 0 0 1 0 1 0 -1 0 0 3039.dat
1 72 60 0 0 0 0 -1 0 1 0 1 0 0 3747b.dat
1 72 80 -16 0 0 0 -1 0 1 0 1 0 0 47457.dat
0
0 FILE Part 4.ldr
0 Part 4
0 Name: Part 4.ldr
0 Author: LDraw
0 Unofficial Model
0 ROTATION CENTER 0 0 0 1 "Custom" 
0 ROTATION CONFIG 0 0
1 0 -10 8 0 1 0 0 0 1 0 0 0 1 52107.dat
1 71 -20 18 -19 0 0 -1 -1 0 0 0 1 0 4697b.dat
1 71 -32 36.384 -54.356 1 0 0 0 -0.707107 -0.707107 0 0.707107 -0.707107 30377.dat
1 71 -8 36.384 -54.356 1 0 0 0 -0.707107 -0.707107 0 0.707107 -0.707107 30377.dat
1 46 21 18 0 0 -1 0 1 0 0 0 0 1 4073.dat
1 71 -41 18 0 0 1 0 -0.707107 0 -0.707107 -0.707107 0 0.707107 4592.dat
1 0 -41 18 0 0 0 1 -0.707107 0.707107 0 -0.707107 -0.707107 0 4593.dat
1 72 -10 0 0 1 0 0 0 1 0 0 0 1 3069b.dat
1 72 -10 18 18 1 0 0 0 0 1 0 -1 0 3069b.dat
1 72 0 18 -10 0 0 -1 -1 0 0 0 1 0 42446.dat
1 72 -20 18 -10 0 0 1 1 0 0 0 1 0 42446.dat
0
0 FILE Part 5.ldr
0 Part 5
0 Name: Part 5.ldr
0 Author: LDraw
0 Unofficial Model
0 ROTATION CENTER 0 0 0 1 "Custom" 
0 ROTATION CONFIG 0 0
1 0 -10 8 0 -1 0 0 0 1 0 0 0 -1 52107.dat
1 71 -20 18 19 0 0 1 -1 0 0 0 -1 0 4697b.dat
1 46 21 18 0 0 -1 0 1 0 0 0 0 1 4073.dat
1 71 -41 18 0 0 1 0 0.707107 0 -0.707107 -0.707107 0 -0.707107 4592.dat
1 0 -41 18 0 0 0 1 0.707107 0.707107 0 -0.707107 0.707107 0 4593.dat
1 72 -10 0 0 1 0 0 0 1 0 0 0 1 3069b.dat
1 72 -10 18 -18 -1 0 0 0 0 1 0 1 0 3069b.dat
1 72 -20 18 10 0 0 1 -1 0 0 0 -1 0 42446.dat
1 72 0 18 10 0 0 -1 1 0 0 0 -1 0 42446.dat
1 71 -8 36.384 54.356 -1 0 0 0 -0.707107 -0.707107 0 -0.707107 0.707107 30377.dat
1 71 -32 36.384 54.356 -1 0 0 0 -0.707107 -0.707107 0 -0.707107 0.707107 30377.dat
0
0 FILE Part 6.ldr
0 Part 6
0 Name: Part 6.ldr
0 Author: LDraw
0 Unofficial Model
0 ROTATION CENTER 0 0 0 1 "Custom" 
0 ROTATION CONFIG 0 0
1 71 20 32 0 1 0 0 0 1 0 0 0 1 2825.dat
1 71 20 24 60 0 0 -1 0 1 0 1 0 0 4697b.dat
1 71 40 36.471 123.616 1 0 0 0 0.707107 0.707107 0 -0.707107 0.707107 Part 4.ldr
0
0 FILE Part 7.ldr
0 Part 7
0 Name: Part 7.ldr
0 Author: LDraw
0 Unofficial Model
0 ROTATION CENTER 0 0 0 1 "Custom" 
0 ROTATION CONFIG 0 0
1 71 20 32 0 1 0 0 0 1 0 0 0 1 2825.dat
1 71 20 24 60 0 0 -1 0 1 0 1 0 0 4697b.dat
1 71 0 36.471 123.616 -1 0 0 0 0.707107 -0.707107 0 -0.707107 -0.707107 Part 5.ldr
0 
0 
0
0 FILE Part 8.ldr
0 Part 8
0 Name: Part 8.ldr
0 Author: LDraw
0 Unofficial Model
0 ROTATION CENTER 0 0 0 1 "Custom" 
0 ROTATION CONFIG 0 0
1 71 20 8 0 1 0 0 0 1 0 0 0 1 3832.dat
1 71 110 0 0 0 0 -1 0 1 0 1 0 0 3023.dat
1 72 90 0 0 0 0 -1 0 1 0 1 0 0 3069b.dat
1 72 70 -16 0 0 0 1 0 1 0 -1 0 0 30363.dat
1 72 30 16 0 0 0 1 0 1 0 -1 0 0 3660.dat
1 72 90 16 0 0 0 -1 0 1 0 1 0 0 3660.dat
1 72 110 -8 0 0 0 -1 0 1 0 1 0 0 3069b.dat
0
0
