0 FILE Vulture Droid.ldr
0 Vulture Droid
0 Name: Vulture Droid.ldr
0 Author: LDraw
0 Unofficial Model
0 ROTATION CENTER 0 0 0 1 "Custom" 
0 ROTATION CONFIG 0 0
1 0 -349.51 8 67.702 0 0 1 0 1 0 -1 0 0 Pilot.ldr
1 0 -349.51 -8 -2.298 0 0 1 0 1 0 -1 0 0 Niemodian.ldr
1 0 -349.51 32 177.702 -1 0 0 0 1 0 0 0 -1 Part 1.ldr
1 0 -175.904 -176 173.606 0.382683 0 0.92388 0 1 0 -0.92388 0 0.382683 Part 2.ldr
0
0 FILE Pilot.ldr
0 Pilot
0 Name: Pilot.ldr
0 Author: LDraw
0 Unofficial Model
0 ROTATION CENTER 0 0 0 1 "Custom" 
0 ROTATION CONFIG 0 0
1 19 -20 48 0 1 0 0 0 1 0 0 0 1 30376.dat
1 19 -20 -24 0 1 0 0 0 1 0 0 0 1 30378.dat
1 19 -3 -24 0 1 0 0 0 1 0 0 0 1 30377.dat
1 19 -37 -24 0 1 0 0 0 1 0 0 0 1 59230.dat
1 0 -37 17 6 0 0 1 1 0 0 0 1 0 92738.dat
1 1 -20 8 0 1 0 0 0 1 0 0 0 1 30375ps2.dat
0
0 FILE Niemodian.ldr
0 Niemodian
0 Name: Niemodian.ldr
0 Author: LDraw
0 Unofficial Model
0 ROTATION CENTER 0 0 0 1 "Custom" 
0 ROTATION CONFIG 0 0
1 70 0 -24 0 1 0 0 0 1 0 0 0 1 30048.dat
1 330 0 -24 0 1 0 0 0 1 0 0 0 1 3626bp01.dat
1 308 0 0 0 1 0 0 0 1 0 0 0 1 973.dat
1 70 0 32 0 1 0 0 0 1 0 0 0 1 3815.dat
1 308 -15.552 9 0 0.985 -0.17 0 0.17 0.985 0 0 0 1 3818.dat
1 308 15.552 9 0 0.985 0.17 0 -0.17 0.985 0 0 0 1 3819.dat
1 330 -23.8634 26.5956 -10.321 0.985 -0.12019 0.12019 0.17 0.696395 -0.696395 0 0.707 0.707 3820.dat
1 330 23.8634 26.5956 -10.321 0.985 0.12019 -0.12019 -0.17 0.696395 -0.696395 0 0.707 0.707 3820.dat
1 70 -18.3401 -5.40711 -32.6421 -0.985 -0.16485 -0.0411276 -0.17 0.955161 0.238298 0 0.241927 -0.969707 2561.dat
1 308 0 44 0 1 0 0 0 1 0 0 0 1 3816.dat
1 308 0 44 0 1 0 0 0 1 0 0 0 1 3817.dat
0
0 FILE Part 1.ldr
0 Part 1
0 Name: Part 1.ldr
0 Author: LDraw
0 Unofficial Model
0 ROTATION CENTER 0 0 0 1 "Custom" 
0 ROTATION CONFIG 0 0
1 0 -10 8 0 0 0 -1 0 1 0 1 0 0 15071.dat
1 0 -10 -21.817 0.184 -1 0 0 0 0.707107 0.707107 0 0.707107 -0.707107 32014.dat
1 4 -10 -43.029 21.397 0 0 1 0.707107 0.707107 0 -0.707107 0.707107 0 32062.dat
1 4 -10 -43.029 -21.03 0 0 1 0.707107 -0.707107 0 0.707107 0.707107 0 32062.dat
1 71 10 -32 0 0 0 1 0 1 0 -1 0 0 4733.dat
1 71 -10 -2 18 -0.92388 0 0.382683 -0.382683 0 -0.92388 0 -1 0 4592.dat
1 0 -10 -2 18 -0.92388 0.364972 0.115075 -0.382683 -0.88112 -0.277816 0 -0.300706 0.953717 4593.dat
1 71 10 -2 18 -0.92388 0 -0.382683 0.382683 0 -0.92388 0 -1 0 4592.dat
1 0 10 -2 18 -0.92388 -0.364972 -0.115075 0.382683 -0.88112 -0.277816 0 -0.300706 0.953717 4593.dat
1 71 10 -2 -18 0.92388 0 -0.382683 -0.382683 0 -0.92388 0 1 0 4592.dat
1 0 10 -2 -18 0.92388 -0.364972 -0.115075 -0.382683 -0.88112 -0.277816 0 0.300706 -0.953717 4593.dat
1 71 -10 -2 -18 0.92388 0 0.382683 0.382683 0 -0.92388 0 1 0 4592.dat
1 0 -10 -2 -18 0.92388 0.364972 0.115075 0.382683 -0.88112 -0.277816 0 0.300706 -0.953717 4593.dat
1 72 28 -12 0 0 -1 0 1 0 0 0 0 1 63868.dat
1 72 -10 -59.999 38.367 0 0 -1 0.707107 0.707107 0 0.707107 -0.707107 0 30367c.dat
1 72 -10 -60 -38 0 0 -1 -0.707107 0.707107 0 0.707107 0.707107 0 30367c.dat
1 72 26 18 10 -0.224951 0 -0.97437 0.97437 0 -0.224951 0 -1 0 30229.dat
1 36 36 -22 0 0 -1 0 1 0 0 0 0 1 4073.dat
1 36 36 -2 0 0 -1 0 1 0 0 0 0 1 4073.dat
1 40 10 8 0 0 0 -1 0 1 0 1 0 0 4589.dat
0
0 FILE Part 2.ldr
0 Part 2
0 Name: Part 2.ldr
0 Author: LDraw
0 Unofficial Model
0 ROTATION CENTER 0 0 0 1 "Custom" 
0 ROTATION CONFIG 0 0
1 0 -10 16 0 1 0 0 0 1 0 0 0 1 3032.dat
1 0 -10 -64 57 1 0 0 0 1 0 0 0 1 2817.dat
1 0 -80 -24 -60 0 0 1 0 1 0 -1 0 0 11215.dat
1 0 60 -24 -60 0 0 -1 0 1 0 1 0 0 11215.dat
1 0 -60 -16 30 1 0 0 0 1 0 0 0 1 6541.dat
1 0 40 -16 30 1 0 0 0 1 0 0 0 1 6541.dat
1 0 -60 -16 10 1 0 0 0 1 0 0 0 1 6541.dat
1 0 40 -16 10 1 0 0 0 1 0 0 0 1 6541.dat
1 71 -30 8 30 -1 0 0 0 1 0 0 0 -1 99207.dat
1 71 -120 -24 -60 0 0 1 0 1 0 -1 0 0 3700.dat
1 71 -100 -24 -60 0 0 1 0 1 0 -1 0 0 3700.dat
1 28 -140 -14 -60 1 0 0 0 1 0 0 0 1 6587.dat
1 28 120 -14 -60 -1 0 0 0 1 0 0 0 -1 6587.dat
1 71 80 -24 -60 0 0 1 0 1 0 -1 0 0 3700.dat
1 71 100 -24 -60 0 0 1 0 1 0 -1 0 0 3700.dat
1 71 135 -14 -60 0 0 1 0 1 0 -1 0 0 32123a.dat
1 71 145 -14 -60 0 0 1 0 1 0 -1 0 0 32123a.dat
1 71 -165 -14 -60 0 0 1 0 1 0 -1 0 0 32123a.dat
1 71 -155 -14 -60 0 0 1 0 1 0 -1 0 0 32123a.dat
1 71 10 8 30 -1 0 0 0 1 0 0 0 -1 99207.dat
1 71 -40 -8 10 -1 0 0 0 1 0 0 0 -1 3005.dat
1 71 20 -8 10 -1 0 0 0 1 0 0 0 -1 3005.dat
1 72 -40 -8 -20 1 0 0 0 1 0 0 0 1 42023.dat
1 72 50 -32 -100 1 0 0 0 1 0 0 0 1 6003.dat
1 72 -10 -72 17 0 0 -1 0 1 0 1 0 0 3020.dat
1 272 -10 -80 7 0 0 -1 0 1 0 1 0 0 3021.dat
1 72 70 -32 0 0 0 -1 0 1 0 1 0 0 30503.dat
1 72 -90 -32 0 -1 0 0 0 1 0 0 0 -1 30503.dat
1 72 -60 -56 -30 -1 0 0 0 1 0 0 0 -1 60477.dat
1 72 40 -56 -30 -1 0 0 0 1 0 0 0 -1 60477.dat
1 72 -80 -56 -30 -1 0 0 0 1 0 0 0 -1 43710.dat
1 72 60 -56 -30 -1 0 0 0 1 0 0 0 -1 43711.dat
1 379 -10 -56 -40 1 0 0 0 1 0 0 0 1 95188.dat
1 379 -10 -56 -40 0 0 1 0 1 0 -1 0 0 95188.dat
1 72 -20 -48 -80 0 0 -1 0 1 0 1 0 0 11458.dat
1 72 -30 -48 -90 0 0 -1 0 1 0 1 0 0 11477.dat
1 72 10 -48 -90 0 0 1 0 1 0 -1 0 0 11477.dat
1 72 0 -48 -80 0 0 -1 0 1 0 1 0 0 11458.dat
1 0 10 -54 -70 -1 0 0 0 1 0 0 0 -1 2780.dat
1 0 -30 -54 -70 -1 0 0 0 1 0 0 0 -1 2780.dat
1 0 10 -54 57 -1 0 0 0 1 0 0 0 -1 2780.dat
1 0 -30 -54 57 -1 0 0 0 1 0 0 0 -1 2780.dat
1 71 -40 -54 -70 -1 0 0 0 1 0 0 0 -1 32013.dat
1 71 20 -54 -70 -1 0 0 0 1 0 0 0 -1 32013.dat
1 71 -40 -54 57 -1 0 0 0 -1 0 0 0 1 32013.dat
1 71 20 -54 57 -1 0 0 0 -1 0 0 0 1 32013.dat
1 72 -40 -54 -10 0 0 -1 0 -1 0 -1 0 0 32209.dat
1 72 20 -54 -10 0 0 -1 0 -1 0 -1 0 0 32209.dat
1 72 -10 24 20 1 0 0 0 1 0 0 0 1 3020.dat
1 72 -60 8 -60 0 0 1 0 1 0 -1 0 0 3747b.dat
1 72 40 8 -60 0 0 -1 0 1 0 1 0 0 3747b.dat
1 72 -70 -32 -100 0 0 1 0 1 0 -1 0 0 6003.dat
1 72 -10 -4 60 -1 0 0 0 0 -1 0 -1 0 90194.dat
1 71 -10 -24 -50 -1 0 0 0 1 0 0 0 -1 6087.dat
1 72 20 -8 -20 1 0 0 0 1 0 0 0 1 42023.dat
1 320 -40 -16 0 0 0 -1 0 1 0 1 0 0 2431.dat
1 320 20 -16 0 0 0 -1 0 1 0 1 0 0 2431.dat
1 320 10 -40 -50 -1 0 0 0 1 0 0 0 -1 3023.dat
1 320 -30 -40 -50 -1 0 0 0 1 0 0 0 -1 3023.dat
1 1 -10 -40 -80 -1 0 0 0 1 0 0 0 -1 3022.dat
1 71 -10 -40 -50 -1 0 0 0 1 0 0 0 -1 85984.dat
1 71 -60 -56 -50 -1 0 0 0 1 0 0 0 -1 3005.dat
1 71 40 -56 -50 -1 0 0 0 1 0 0 0 -1 3005.dat
1 272 -10 0 30 -1 0 0 0 1 0 0 0 -1 3710.dat
1 272 -60 8 0 0 0 1 0 1 0 -1 0 0 3710.dat
1 297 -40 -8 30 0 0 1 0 1 0 -1 0 0 4073.dat
1 297 20 -8 30 0 0 1 0 1 0 -1 0 0 4073.dat
1 297 -40 -24 -110 0 0 1 0 1 0 -1 0 0 4073.dat
1 297 20 -24 -110 0 0 1 0 1 0 -1 0 0 4073.dat
1 36 -60 -16 -40 1 0 0 0 1 0 0 0 1 15400c01.dat
1 36 40 -16 -40 1 0 0 0 1 0 0 0 1 15400c01.dat
1 272 40 8 0 0 0 1 0 1 0 -1 0 0 3710.dat
1 272 -60 -24 0 0 0 1 0 1 0 -1 0 0 3710.dat
1 272 -10 -34 44 -1 0 0 0 0 -1 0 -1 0 3710.dat
1 272 40 -24 0 0 0 1 0 1 0 -1 0 0 3710.dat
1 272 -40 -16 -80 0 0 1 0 1 0 -1 0 0 3710.dat
1 272 20 -16 -80 0 0 1 0 1 0 -1 0 0 3710.dat
1 272 -10 -24 -130 0 0 1 0 1 0 -1 0 0 3021.dat
1 272 -30 -14 52 0 0 -1 1 0 0 0 -1 0 3021.dat
1 272 -10 -14 84 -1 0 0 0 0 -1 0 -1 0 64225.dat
1 272 -10 -88 67 -1 0 0 0 1 0 0 0 -1 64225.dat
1 72 -10 -88 17 1 0 0 0 1 0 0 0 1 43712.dat
1 272 10 -14 52 0 0 -1 1 0 0 0 -1 0 3021.dat
1 272 -70 -64 -40 0 0 1 0 1 0 -1 0 0 3068b.dat
1 272 50 -64 -40 0 0 1 0 1 0 -1 0 0 3068b.dat
1 272 -140 16 -38 0 0 1 1 0 0 0 1 0 Part 3.ldr
1 272 120 -44 -38 0 0 -1 -1 0 0 0 1 0 Part 3.ldr
0
0 FILE Part 3.ldr
0 Part 3
0 Name: Part 3.ldr
0 Author: LDraw
0 Unofficial Model
0 ROTATION CENTER 0 0 0 1 "Custom" 
0 ROTATION CONFIG 0 0
1 1 -50 8 0 0 1 0 -1 0 0 0 0 1 43093.dat
1 1 -30 8 0 0 1 0 -1 0 0 0 0 1 43093.dat
1 1 -10 8 0 0 1 0 -1 0 0 0 0 1 43093.dat
1 0 -10 -22 0 0 1 0 -1 0 0 0 0 1 32054.dat
1 0 -30 -52 0 0 1 0 -1 0 0 0 0 1 2780.dat
1 0 -50 -72 0 0 1 0 -1 0 0 0 0 1 2780.dat
1 0 -10 -72 0 0 1 0 -1 0 0 0 0 1 2780.dat
1 0 -50 -22 0 0 1 0 -1 0 0 0 0 1 32054.dat
1 0 -90 -22 0 0 1 0 -1 0 0 0 0 1 32054.dat
1 0 30 -22 0 0 1 0 -1 0 0 0 0 1 32054.dat
1 0 -90 -82 0 0 1 0 1 0 0 0 0 -1 32054.dat
1 0 -90 -32 5 0 0 1 1 0 0 0 1 0 Part 4.ldr
1 0 30 -72 5 0 0 -1 -1 0 0 0 1 0 Part 4.ldr
1 0 30 -82 0 0 1 0 1 0 0 0 0 -1 32054.dat
1 4 30 -113 0 0 1 0 1 0 0 0 0 -1 32062.dat
1 4 -90 -113 0 0 1 0 1 0 0 0 0 -1 32062.dat
1 36 -90 -145 0 -1 0 0 0 1 0 0 0 -1 4589.dat
1 36 30 -145 0 -1 0 0 0 1 0 0 0 -1 4589.dat
1 71 -30 18 0 0 0 -1 0 1 0 1 0 0 32523.dat
1 71 -30 -42 0 0 0 -1 0 1 0 1 0 0 32523.dat
1 71 -30 -62 0 0 0 -1 0 1 0 1 0 0 32523.dat
1 71 -70 -22 0 0 0 -1 0 1 0 1 0 0 32523.dat
1 71 10 -22 0 0 0 -1 0 1 0 1 0 0 32523.dat
1 71 -70 -82 0 0 0 -1 0 1 0 1 0 0 32523.dat
1 71 10 -82 0 0 0 -1 0 1 0 1 0 0 32523.dat
1 71 -30 -2 0 0 1 0 0 0 1 1 0 0 32039.dat
0
0 FILE Part 4.ldr
0 Part 4
0 Name: Part 4.ldr
0 Author: LDraw
0 Unofficial Model
0 ROTATION CENTER 0 0 0 1 "Custom" 
0 ROTATION CONFIG 0 0
1 0 -20 8 0 -1 0 0 0 1 0 0 0 -1 99780.dat
1 272 -20 8 -30 -1 0 0 0 1 0 0 0 -1 3034.dat
1 379 -50 -16 -20 0 0 1 0 1 0 -1 0 0 50955.dat
1 379 10 -16 -20 0 0 -1 0 1 0 1 0 0 50956.dat
1 272 -20 8 -60 -1 0 0 0 1 0 0 0 -1 3666.dat
1 272 -20 -24 -20 -1 0 0 0 1 0 0 0 -1 3666.dat
1 272 -30 -16 -40 1 0 0 0 1 0 0 0 1 50950.dat
1 272 -10 -16 -40 1 0 0 0 1 0 0 0 1 50950.dat
1 72 -30 0 -10 0 0 -1 0 1 0 1 0 0 11458.dat
1 72 -10 0 -10 0 0 -1 0 1 0 1 0 0 11458.dat
0
0
