0 FILE UCS B-Wing.ldr
0 UCS B-Wing
0 Name: UCS B-Wing.ldr
0 Author: R Paluczak
0 Unofficial Model
0 ROTATION CENTER 549.332 -43.7784 -920 1 "Custom" 
0 ROTATION CONFIG 0 0
1 0 480.289 -207.055 -840 0.819152 -0.573576 0 0.573576 0.819152 0 0 0 1 Engines Section 1.ldr
1 0 196.202 -376.676 -890 -0.819152 0.573576 0 -0.573576 -0.819152 0 0 0 1 Engine Bottom 1.ldr
1 71 397.388 -245.572 -1028.2 -0.573576 0 0.819152 0.819152 0 0.573576 0 1 0 2412b.dat
1 71 389.195 -251.307 -708 -0.573576 0 -0.819152 0.819152 0 -0.573576 0 -1 0 3022.dat
1 72 395.103 -259.745 -707.9 0.573576 0 0.819152 -0.819152 0 0.573576 0 -1 0 61409.dat
1 72 383.632 -243.362 -707.9 0.573576 0 0.819152 -0.819152 0 0.573576 0 -1 0 61409.dat
1 71 585.794 -113.647 -732 -0.573576 0 -0.819152 0.819152 0 -0.573576 0 -1 0 3022.dat
1 72 591.7 -122.085 -731.9 0.573576 0 0.819152 -0.819152 0 0.573576 0 -1 0 61409.dat
1 72 580.228 -105.702 -731.9 0.573576 0 0.819152 -0.819152 0 0.573576 0 -1 0 61409.dat
1 72 1268.32 376.102 -851.9 -0.573576 0 -0.819152 0.819152 0 -0.573576 0 -1 0 61409.dat
1 72 1279.79 359.718 -851.9 -0.573576 0 -0.819152 0.819152 0 -0.573576 0 -1 0 61409.dat
1 71 585.794 -113.647 -1028.1 0.573576 0 -0.819152 -0.819152 0 -0.573576 0 1 0 3022.dat
1 71 700.474 -33.348 -988 -0.819152 0 -0.573576 -0.573576 0 0.819152 0 1 0 3020.dat
1 71 700.474 -33.348 -996.1 -0.819152 0 -0.573576 -0.573576 0 0.819152 0 1 0 3020.dat
1 72 579.885 -105.213 -1028.2 -0.573576 0 0.819152 0.819152 0 0.573576 0 1 0 61409.dat
1 72 591.357 -121.597 -1028.2 -0.573576 0 0.819152 0.819152 0 0.573576 0 1 0 61409.dat
1 0 385.593 -263.595 -890 0.819152 -0.573576 0 0.573576 0.819152 0 0 0 1 Engine Bottom 2.ldr
1 0 494.7 -157.9 -840 -0.819152 0.573576 0 -0.573576 -0.819152 0 0 0 1 Engines Section 1.ldr
1 0 562.528 -115.291 -900 0 0.573576 -0.819152 0 -0.819152 -0.573576 -1 0 0 Lower Wing 1.ldr
1 0 445.228 -226.722 -900 0 -0.573576 0.819152 0 0.819152 0.573576 -1 0 0 Lower Wing 2.ldr
1 0 670.493 9.575 -920 0 0.573576 -0.819152 0 -0.819152 -0.573576 -1 0 0 Left Wing.ldr
1 0 501.153 -229.566 -920 0 -0.573576 0.819152 0 0.819152 0.573576 -1 0 0 Right Wing.ldr
1 0 150.11 -338.392 -1028.8 0.819152 -0.573576 0 0.573576 0.819152 0 0 0 1 Cockpit.ldr
1 0 1413.96 405.204 -960 0.573576 0.819152 0 -0.819152 0.573576 0 0 0 1 Lower Weapons.ldr
1 71 831.538 58.425 -988 -0.819152 0 -0.573576 -0.573576 0 0.819152 0 1 0 3020.dat
1 71 831.538 58.425 -996.1 -0.819152 0 -0.573576 -0.573576 0 0.819152 0 1 0 3020.dat
1 71 962.602 150.196 -988 -0.819152 0 -0.573576 -0.573576 0 0.819152 0 1 0 3020.dat
1 71 1093.67 241.968 -988 -0.819152 0 -0.573576 -0.573576 0 0.819152 0 1 0 3020.dat
1 71 1224.73 333.741 -988 -0.819152 0 -0.573576 -0.573576 0 0.819152 0 1 0 3020.dat
1 71 1290.26 379.626 -960 0.573576 0.819152 0 -0.819152 0.573576 0 0 0 1 3956.dat
1 71 1290.26 379.626 -880 -0.573576 0.819152 0 0.819152 0.573576 0 0 0 -1 3956.dat
1 71 1224.73 333.741 -1012 -0.819152 0 -0.573576 -0.573576 0 0.819152 0 1 0 6192.dat
1 72 1273.88 368.156 -1012 -0.819152 0 -0.573576 -0.573576 0 0.819152 0 1 0 30165.dat
1 71 1093.67 241.968 -1012 -0.819152 0 -0.573576 -0.573576 0 0.819152 0 1 0 6192.dat
1 71 962.602 150.196 -1012 -0.819152 0 -0.573576 -0.573576 0 0.819152 0 1 0 6192.dat
1 71 831.538 58.425 -1020.3 -0.819152 0 -0.573576 -0.573576 0 0.819152 0 1 0 6192.dat
1 71 700.474 -33.348 -1020.3 -0.819152 0 -0.573576 -0.573576 0 0.819152 0 1 0 6192.dat
1 71 962.602 150.196 -996.1 -0.819152 0 -0.573576 -0.573576 0 0.819152 0 1 0 3020.dat
0 MLCAD HIDE 1 71 590 458.9 -896.4 0 0 1 0 1 0 -1 0 0 Stand.ldr
0
0 FILE Cockpit.ldr
0 Cockpit
0 Name: Cockpit.ldr
0 Author: R Paluczak
0 Unofficial Model
0 ROTATION CENTER 98.624 -82.5034 130 1 "Custom" 
0 ROTATION CONFIG 0 0
0 MLCAD BTG Rotating Part
1 72 21.362 -15.212 54.2 0.819152 0.573576 0 -0.573576 0.819152 0 0 0 1 87611.dat
0 MLCAD BTG Rotating Part
1 71 16.774 -21.765 54.2 -0.819152 0.573576 0 0.573576 0.819152 0 0 0 -1 3032.dat
0 MLCAD BTG Rotating Part
1 71 3.008 -41.426 84.2 -0.819152 0.573576 0 0.573576 0.819152 0 0 0 -1 3701.dat
0 MLCAD BTG Rotating Part
1 72 -1.582 -47.979 84.2 -0.819152 0.573576 0 0.573576 0.819152 0 0 0 -1 32530.dat
1 72 -14.2 -66 134.2 0 0 1 0 1 0 -1 0 0 55013.dat
0 MLCAD HIDE 1 72 -14.2 -66 -295.8 0 0.573576 0.819152 0 0.819152 -0.573576 -1 0 0 Her.dat
1 14 -14.2 -66 99.3 1 0 0 0 1 0 0 0 1 32123b.dat
0 MLCAD BTG Rotating Part
1 71 3.008 -41.426 44.2 -0.819152 0.573576 0 0.573576 0.819152 0 0 0 -1 3701.dat
0 MLCAD BTG Rotating Part
1 71 -48.113 -44.696 74.2 -0.819152 0.573576 0 0.573576 0.819152 0 0 0 -1 3022.dat
0 MLCAD BTG Rotating Part
1 71 17.419 -90.582 74.2 -0.819152 0.573576 0 0.573576 0.819152 0 0 0 -1 3022.dat
0 MLCAD BTG Rotating Part
1 71 -65.247 -138.904 74.2 -0.819152 0.573576 0 0.573576 0.819152 0 0 0 -1 3022.dat
0 MLCAD BTG Rotating Part
1 71 -52.469 -138.087 74.2 0 0.573576 -0.819152 0 0.819152 0.573576 1 0 0 48336.dat
0 MLCAD BTG Rotating Part
1 71 -68.853 -126.615 74.2 0 0.573576 0.819152 0 0.819152 -0.573576 -1 0 0 48336.dat
0 MLCAD BTG Rotating Part
1 71 -16.144 -144.339 74.2 0 -0.292372 0.956305 0 0.956305 0.292372 -1 0 0 60470.dat
0 MLCAD BTG Rotating Part
1 71 12.361 -135.072 84.2 0.961261 -0.275638 0 0.275638 0.961261 0 0 0 1 60478.dat
0 MLCAD BTG Rotating Part
1 71 12.547 -135.564 64.2 0.956305 -0.292372 0 0.292372 0.956305 0 0 0 1 60478.dat
0 MLCAD BTG Rotating Part
1 71 5.32 -146.138 84.2 0.956305 -0.292372 0 0.292372 0.956305 0 0 0 1 63864.dat
0 MLCAD BTG Rotating Part
1 71 5.32 -146.138 54.2 0 -0.292372 0.956305 0 0.956305 0.292372 -1 0 0 43723.dat
0 MLCAD BTG Rotating Part
1 19 -56.071 -125.797 74.2 0 0.573576 0.819152 0 0.819152 -0.573576 -1 0 0 54196.dat
0 MLCAD BTG Rotating Part
1 19 -8.922 -133.763 74.2 0 -0.292372 0.956305 0 0.956305 0.292372 -1 0 0 54196.dat
0 MLCAD BTG Rotating Part
1 71 46.828 -103.847 -5.193 0.225789 -0.78742 -0.573576 -0.158099 0.551357 -0.819152 0.961262 0.275637 0 60478.dat
0 MLCAD BTG Rotating Part
1 71 44.094 -101.934 -45.849 0.225789 -0.78742 -0.573576 -0.158099 0.551357 -0.819152 0.961262 0.275637 0 6636.dat
0 MLCAD BTG Rotating Part
1 71 -70.477 -21.711 -5.193 -0.225789 0.78742 0.573576 0.158099 -0.551357 0.819152 0.961262 0.275637 0 60478.dat
0 MLCAD BTG Rotating Part
1 71 -67.745 -23.623 -45.849 -0.225789 0.78742 0.573576 0.158099 -0.551357 0.819152 0.961262 0.275637 0 6636.dat
0 MLCAD BTG Rotating Part
1 71 -59.413 -5.043 54.2 0.573576 0.819152 0 0.819152 -0.573576 0 0 0 -1 3021.dat
0 MLCAD BTG Rotating Part
1 71 -59.413 -5.043 84.2 0.573576 0.819152 0 0.819152 -0.573576 0 0 0 -1 3623.dat
0 MLCAD BTG Rotating Part
1 71 -77.439 -16.838 74.2 0 0.819152 0.573576 0 -0.573576 0.819152 1 0 0 60470.dat
0 MLCAD BTG Rotating Part
1 71 -83.991 -12.249 64.2 0 0.819152 -0.573576 0 -0.573576 -0.819152 -1 0 0 63864.dat
0 MLCAD BTG Rotating Part
1 71 -53.677 3.149 54.2 0 0.819152 -0.573576 0 -0.573576 -0.819152 -1 0 0 88930.dat
0 MLCAD BTG Rotating Part
1 72 -77.439 -16.838 44.2 -0.573576 0.819152 0 -0.819152 -0.573576 0 0 0 1 6019.dat
0 MLCAD BTG Rotating Part
1 19 -53.677 3.149 24.2 0.573576 0.819152 0 0.819152 -0.573576 0 0 0 -1 3023.dat
0 MLCAD BTG Rotating Part
1 71 58.38 -87.522 54.2 -0.573576 -0.819152 0 -0.819152 0.573576 0 0 0 -1 3021.dat
0 MLCAD BTG Rotating Part
1 71 58.38 -87.522 84.2 -0.573576 -0.819152 0 -0.819152 0.573576 0 0 0 -1 3623.dat
0 MLCAD BTG Rotating Part
1 71 53.464 -108.493 74.2 0 -0.819152 0.573576 0 0.573576 0.819152 -1 0 0 60470.dat
0 MLCAD BTG Rotating Part
1 71 60.017 -113.084 64.2 0 -0.819152 0.573576 0 0.573576 0.819152 -1 0 0 63864.dat
0 MLCAD BTG Rotating Part
1 71 64.115 -79.332 54.2 0 -0.819152 -0.573576 0 0.573576 -0.819152 1 0 0 88930.dat
0 MLCAD BTG Rotating Part
1 72 53.464 -108.493 44.2 0.573576 -0.819152 0 0.819152 0.573576 0 0 0 1 6019.dat
0 MLCAD BTG Rotating Part
1 19 64.115 -79.332 24.2 -0.573576 -0.819152 0 -0.819152 0.573576 0 0 0 -1 3023.dat
0 MLCAD BTG Rotating Part
1 71 -6.284 -54.695 -117.8 -0.819152 0 0.573576 0.573576 0 0.819152 0 1 0 60474.dat
0 MLCAD BTG Rotating Part
1 71 -0.55 -46.504 -125.8 -0.819152 0 0.573576 0.573576 0 0.819152 0 1 0 3023.dat
0 MLCAD BTG Rotating Part
1 71 -12.019 -62.889 -117.8 -0.819152 0 0.573576 0.573576 0 0.819152 0 1 0 85984.dat
0 MLCAD BTG Rotating Part
1 71 -0.55 -46.504 -133.8 -0.819152 0 0.573576 0.573576 0 0.819152 0 1 0 3069b.dat
0 MLCAD BTG Rotating Part
1 297 2.731 -24.386 -157.8 -0.819152 0 0.573576 0.573576 0 0.819152 0 1 0 64644.dat
0 MLCAD BTG Rotating Part
1 297 19.115 -35.857 -157.8 -0.819152 0 0.573576 0.573576 0 0.819152 0 1 0 64644.dat
0 MLCAD BTG Rotating Part
1 19 -15.347 -67.638 -35.8 -0.819152 0.573576 0 0.573576 0.819152 0 0 0 -1 3023.dat
0 MLCAD BTG Rotating Part
1 0 -29.113 -87.299 -35.8 -0.819152 0.573576 0 0.573576 0.819152 0 0 0 -1 52107.dat
0 MLCAD BTG Rotating Part
1 71 53.141 -56.997 74.2 0 0.573576 -0.819152 0 0.819152 0.573576 1 0 0 99207.dat
0 MLCAD BTG Rotating Part
1 71 32.17 -52.08 -45.8 0 0.573576 -0.819152 0 0.819152 0.573576 1 0 0 99206.dat
0 MLCAD BTG Rotating Part
1 71 3.008 -41.426 -55.8 0.819152 0.573576 0 -0.573576 0.819152 0 0 0 1 99781.dat
0 MLCAD BTG Rotating Part
1 19 3.008 -41.426 -35.8 0.819152 0.573576 0 -0.573576 0.819152 0 0 0 1 3023.dat
0 MLCAD BTG Rotating Part
1 19 3.008 -41.426 -5.8 0.819152 0.573576 0 -0.573576 0.819152 0 0 0 1 3021.dat
0 MLCAD BTG Rotating Part
1 19 -9.334 -59.051 26.118 0.819152 0.214866 -0.531811 -0.573576 0.30686 -0.759505 0 0.927184 0.374607 3021.dat
0 MLCAD BTG Rotating Part
1 19 -34.576 -95.099 36.569 0.819152 0 -0.573576 -0.573576 0 -0.819152 0 1 0 3069b.dat
0 MLCAD BTG Rotating Part
1 19 5.21 -73.15 18.569 -0.531811 0.214866 -0.819152 -0.759505 0.30686 0.573576 0.374607 0.927184 0 3069b.dat
0 MLCAD BTG Rotating Part
1 19 -27.555 -50.205 18.569 -0.531811 0.214866 -0.819152 -0.759505 0.30686 0.573576 0.374607 0.927184 0 3069b.dat
0 MLCAD BTG Rotating Part
1 72 -34.574 -95.096 44.571 0.819152 0 -0.573576 -0.573576 0 -0.819152 0 1 0 44567.dat
0 MLCAD BTG Rotating Part
1 19 -6.17 -54.531 -55.8 0 0.573576 -0.819152 0 0.819152 0.573576 1 0 0 3021.dat
0 MLCAD BTG Rotating Part
1 71 -16.979 -17.664 -45.8 0 0.573576 0.819152 0 0.819152 -0.573576 -1 0 0 99206.dat
0 MLCAD BTG Rotating Part
1 72 -1.582 -47.979 -65.8 0 0.573576 0.819152 0 0.819152 -0.573576 -1 0 0 3020.dat
0 MLCAD BTG Rotating Part
1 72 -6.17 -54.531 -95.8 0.819152 0.573576 0 -0.573576 0.819152 0 0 0 1 44728.dat
0 MLCAD BTG Rotating Part
1 72 -10.76 -61.084 -95.8 0.819152 0.573576 0 -0.573576 0.819152 0 0 0 1 99780.dat
0 MLCAD BTG Rotating Part
1 72 -51.716 -32.405 74.2 0 0.573576 0.819152 0 0.819152 -0.573576 -1 0 0 99780.dat
0 MLCAD BTG Rotating Part
1 72 30.198 -89.762 74.2 0 0.573576 -0.819152 0 0.819152 0.573576 1 0 0 99780.dat
0 MLCAD BTG Rotating Part
1 0 22.994 -65.186 -35.8 0 0.573576 0.819152 0 0.819152 -0.573576 -1 0 0 2420.dat
0 MLCAD BTG Rotating Part
1 0 -26.156 -30.771 -35.8 -0.819152 0.573576 0 0.573576 0.819152 0 0 0 -1 2420.dat
0 MLCAD BTG Rotating Part
1 0 34.787 -83.212 -35.8 0 0.573576 -0.819152 0 0.819152 0.573576 1 0 0 2420.dat
0 MLCAD BTG Rotating Part
1 0 -47.127 -25.853 -35.8 0.819152 0.573576 0 -0.573576 0.819152 0 0 0 1 2420.dat
0 MLCAD BTG Rotating Part
1 0 -51.716 -32.405 14.2 0 0.573576 0.819152 0 0.819152 -0.573576 -1 0 0 3710.dat
0 MLCAD BTG Rotating Part
1 0 30.198 -89.762 14.2 0 0.573576 0.819152 0 0.819152 -0.573576 -1 0 0 3710.dat
0 MLCAD BTG Rotating Part
1 40 -11.86 -61.993 -5.4 0 0.559193 0.829038 0 0.829038 -0.559193 -1 0 0 50986.dat
0 MLCAD BTG Rotating Part
1 71 -87.08 -94.667 74.2 0 0.998629 -0.052336 0 0.052336 0.998629 1 0 0 60470.dat
0 MLCAD BTG Rotating Part
1 71 -88.648 -64.709 84.2 -0.052336 0.998629 0 0.998629 0.052336 0 0 0 -1 60478.dat
0 MLCAD BTG Rotating Part
1 71 -88.648 -64.709 64.2 -0.052336 0.998629 0 0.998629 0.052336 0 0 0 -1 60478.dat
0 MLCAD BTG Rotating Part
1 71 -96.113 -75.115 84.2 -0.052336 0.998629 0 0.998629 0.052336 0 0 0 -1 63864.dat
0 MLCAD BTG Rotating Part
1 71 -96.113 -75.115 54.2 0 0.998629 -0.052336 0 0.052336 0.998629 1 0 0 43722.dat
0 MLCAD BTG Rotating Part
1 19 -79.614 -84.263 74.2 0 0.998629 -0.052336 0 0.052336 0.998629 1 0 0 54196.dat
0 MLCAD BTG Rotating Part
1 0 -10.76 -61.084 -55.8 0.819152 0.573576 0 -0.573576 0.819152 0 0 0 1 2419.dat
0 MLCAD BTG Rotating Part
1 0 4.639 -91.4 -55.8 -0.819152 0.573576 0 0.573576 0.819152 0 0 0 -1 4735.dat
0 MLCAD BTG Rotating Part
1 0 -44.511 -56.986 -55.8 -0.819152 0.573576 0 0.573576 0.819152 0 0 0 -1 4735.dat
0 MLCAD BTG Rotating Part
1 0 -23.539 -61.902 -75.8 0 0.573576 -0.819152 0 0.819152 0.573576 1 0 0 63864.dat
0 MLCAD BTG Rotating Part
1 0 -7.155 -73.373 -75.8 0 0.573576 -0.819152 0 0.819152 0.573576 1 0 0 63864.dat
0 MLCAD BTG Rotating Part
1 72 12.83 -97.134 84.2 -0.819152 0.573576 0 0.573576 0.819152 0 0 0 -1 3069b.dat
0 MLCAD BTG Rotating Part
1 72 -7.615 -56.597 33.535 -0.531811 0.214866 -0.819152 -0.759505 0.30686 0.573576 0.374607 0.927184 0 44302.dat
0 MLCAD BTG Rotating Part
1 72 -23.997 -45.125 33.535 0.531811 0.214866 0.819152 0.759505 0.30686 -0.573576 -0.374607 0.927184 0 44302.dat
0 MLCAD BTG Rotating Part
1 72 8.766 -68.068 33.535 0.531811 0.214866 0.819152 0.759505 0.30686 -0.573576 -0.374607 0.927184 0 44302.dat
0 MLCAD BTG Rotating Part
1 72 -52.701 -51.249 84.2 -0.819152 0.573576 0 0.573576 0.819152 0 0 0 -1 3069b.dat
0 MLCAD BTG Rotating Part
1 4 -47.127 -25.853 74.2 0 0.573576 0.819152 0 0.819152 -0.573576 -1 0 0 3004.dat
0 MLCAD BTG Rotating Part
1 4 -35.333 -43.878 74.2 0 0.573576 0.819152 0 0.819152 -0.573576 -1 0 0 3004.dat
0 MLCAD BTG Rotating Part
1 4 34.787 -83.212 74.2 0 0.573576 -0.819152 0 0.819152 0.573576 1 0 0 3004.dat
0 MLCAD BTG Rotating Part
1 0 34.787 -83.212 44.2 0 0.573576 -0.819152 0 0.819152 0.573576 1 0 0 4070.dat
0 MLCAD BTG Rotating Part
1 0 -47.127 -25.853 44.2 0 0.573576 0.819152 0 0.819152 -0.573576 -1 0 0 4070.dat
0 MLCAD BTG Rotating Part
1 4 13.816 -78.292 74.2 0 0.573576 -0.819152 0 0.819152 0.573576 1 0 0 3004.dat
0 MLCAD BTG Rotating Part
1 19 -28.283 -2.426 -45.8 0 0.819152 -0.573576 0 -0.573576 -0.819152 -1 0 0 3023.dat
0 MLCAD BTG Rotating Part
1 71 -47.942 11.34 -25.8 -0.573576 0.819152 0 -0.819152 -0.573576 0 0 0 1 61678.dat
0 MLCAD BTG Rotating Part
1 19 50.358 -57.488 -45.8 0 -0.819152 0.573576 0 0.573576 0.819152 -1 0 0 3023.dat
0 MLCAD BTG Rotating Part
1 19 8.743 -33.233 -77.7 -0.819152 0 0.573576 0.573576 0 0.819152 0 1 0 3023.dat
0 MLCAD BTG Rotating Part
1 72 8.743 -33.233 -85.8 -0.819152 0 0.573576 0.573576 0 0.819152 0 1 0 4590.dat
0 MLCAD BTG Rotating Part
1 72 -23.378 -79.107 -77.8 -0.819152 0 0.573576 0.573576 0 0.819152 0 1 0 2432.dat
0 MLCAD BTG Rotating Part
1 72 -23.378 -79.107 -17.8 0.819152 0 0.573576 -0.573576 0 0.819152 0 -1 0 3069bpc1.dat
0 MLCAD BTG Rotating Part
1 72 39.054 -42.249 -177.8 0.819152 0 0.573576 -0.573576 0 0.819152 0 -1 0 63965.dat
0 MLCAD BTG Rotating Part
1 0 -10.095 -7.837 -77.8 0.819152 0 0.573576 -0.573576 0 0.819152 0 -1 0 30374.dat
0 MLCAD BTG Rotating Part
1 72 -10.095 -7.837 -147.8 0 0.819152 0.573576 0 -0.573576 0.819152 1 0 0 32002.dat
0 MLCAD BTG Rotating Part
1 71 70.016 -71.256 -25.8 0.573576 -0.819152 0 0.819152 0.573576 0 0 0 1 61678.dat
0 MLCAD BTG Rotating Part
1 72 51.993 -83.049 34.2 0.573576 -0.819152 0 0.819152 0.573576 0 0 0 1 50967.dat
0 MLCAD BTG Rotating Part
1 72 -52.941 -9.574 34.2 -0.573576 0.819152 0 -0.819152 -0.573576 0 0 0 1 50967.dat
0 MLCAD BTG Rotating Part
1 2 12.185 -28.318 -15.8 -0.819152 0.573576 0 0.573576 0.819152 0 0 0 -1 3710.dat
0 MLCAD BTG Rotating Part
1 4 7.595 -34.873 -45.8 0 0.573576 0.819152 0 0.819152 -0.573576 -1 0 0 3022.dat
0 MLCAD BTG Rotating Part
1 1 -33.362 -6.192 64.2 0 0.573576 0.819152 0 0.819152 -0.573576 -1 0 0 3623.dat
0 MLCAD BTG Rotating Part
1 1 48.553 -63.552 64.2 0 0.573576 0.819152 0 0.819152 -0.573576 -1 0 0 3623.dat
0 MLCAD BTG Rotating Part
1 1 25.068 -44.787 64.2 0 0.573576 0.819152 0 0.819152 -0.573576 -1 0 0 6558.dat
0 MLCAD BTG Rotating Part
1 1 -0.596 -29.137 -5.8 0 0.573576 0.819152 0 0.819152 -0.573576 -1 0 0 3794b.dat
0 MLCAD BTG Rotating Part
1 1 15.788 -40.608 -5.8 0 0.573576 0.819152 0 0.819152 -0.573576 -1 0 0 3794b.dat
0 MLCAD BTG Rotating Part
1 71 -28.773 0.361 74.2 0 0.573576 0.819152 0 0.819152 -0.573576 -1 0 0 99207.dat
0 MLCAD BTG Rotating Part
1 72 -28.773 0.361 14.2 0 0.573576 0.819152 0 0.819152 -0.573576 -1 0 0 99780.dat
0 MLCAD BTG Rotating Part
1 72 53.141 -56.997 14.2 0 0.573576 -0.819152 0 0.819152 0.573576 1 0 0 99780.dat
0 MLCAD BTG Rotating Part
1 70 -28.773 0.361 44.2 0 0.573576 -0.819152 0 0.819152 0.573576 1 0 0 6141.dat
0 MLCAD BTG Rotating Part
1 70 53.141 -56.997 44.2 0 0.573576 -0.819152 0 0.819152 0.573576 1 0 0 6141.dat
0 MLCAD BTG Rotating Part
1 71 16.774 -21.765 -25.8 0.819152 0.573576 0 -0.573576 0.819152 0 0 0 1 32059.dat
1 71 -14.2 -66.1 115.4 0 1 0 -1 0 0 0 0 1 88517.dat
1 71 -14.2 -66.1 133.5 0 0 1 -1 0 0 0 -1 0 4032b.dat
1 71 -14.2 -66.1 165.5 0 0 1 -1 0 0 0 -1 0 4032b.dat
1 19 -14.2 -66.1 157.5 0 0 1 -1 0 0 0 -1 0 6143.dat
1 71 95.8 -66.1 115.4 0 1 0 -1 0 0 0 0 1 4519.dat
1 72 95.8 -86.1 115.4 0 -1 0 -1 0 0 0 0 -1 6553.dat
1 72 95.8 -66.1 115.4 0 0 1 -1 0 0 0 -1 0 32291.dat
1 72 95.8 -46.1 115.4 0 -1 0 -1 0 0 0 0 -1 6553.dat
1 71 96.1 -66.1 115.4 0 1 0 -1 0 0 0 0 1 4519.dat
1 72 96.1 -86.1 115.4 0 -1 0 -1 0 0 0 0 -1 6553.dat
1 72 96.1 -66.1 115.4 0 0 1 -1 0 0 0 -1 0 32291.dat
1 72 96.1 -46.1 115.4 0 -1 0 -1 0 0 0 0 -1 6553.dat
1 71 -14.2 -66.1 179.3 0 1 0 1 0 0 0 0 -1 88517.dat
1 71 5.9 -66.1 254.1 1 0 0 0 0 1 0 -1 0 Cockpit Rear.ldr
1 71 96.1 -66.1 179.3 0 1 0 1 0 0 0 0 -1 4519.dat
1 72 96.1 -46.1 179.3 0 -1 0 1 0 0 0 0 1 6553.dat
1 72 96.1 -66.1 179.3 0 0 1 1 0 0 0 1 0 32291.dat
1 72 96.1 -86.1 179.3 0 -1 0 1 0 0 0 0 1 6553.dat
0 MLCAD BTG Rotating Part
1 0 -4.199 -16.848 14.2 0 0.573576 -0.819152 0 0.819152 0.573576 1 0 0 92582.dat
0 MLCAD BTG Rotating Part
1 0 28.568 -39.79 14.2 0 0.573576 -0.819152 0 0.819152 0.573576 1 0 0 92582.dat
0 MLCAD BTG Rotating Part
1 1 -7.698 -21.844 64.2 0 0.573576 0.819152 0 0.819152 -0.573576 -1 0 0 6558.dat
0 MLCAD BTG Rotating Part
1 1 25.068 -44.787 64.2 0 0.573576 0.819152 0 0.819152 -0.573576 -1 0 0 6558.dat
0 MLCAD BTG Rotating Part
1 1 8.686 -33.315 64.2 0 0.573576 0.819152 0 0.819152 -0.573576 -1 0 0 6558.dat
0 MLCAD BTG Rotating Part
1 0 -2.788 -49.699 74.2 0 0.573576 0.819152 0 0.819152 -0.573576 -1 0 0 2780.dat
0 MLCAD BTG Rotating Part
1 0 -14.256 -66.082 64.2 -0.819152 0 0.573576 0.573576 0 0.819152 0 1 0 60484.dat
0 GROUP 122 Rotating Part
1 1 -34.2 -66.1 200 0 1 0 0 0 1 1 0 0 6558.dat
1 1 5.8 -66.1 200 0 1 0 0 0 1 1 0 0 6558.dat
0 MLCAD BTG chain
1 71 -6 -158 147.2 0 0 -1 0 1 0 1 0 0 3873.dat
0 MLCAD BTG chain
1 71 -22 -158 147.2 0 0.173648 -0.984808 0 0.984808 0.173648 1 0 0 3873.dat
0 MLCAD BTG chain
1 71 -37.757 -155.222 147.2 0 0.34202 -0.939693 0 0.939693 0.34202 1 0 0 3873.dat
0 MLCAD BTG chain
1 71 -52.792 -149.749 147.2 0 0.5 -0.866025 0 0.866025 0.5 1 0 0 3873.dat
0 MLCAD BTG chain
1 71 -66.648 -141.749 147.2 0 0.642788 -0.766044 0 0.766044 0.642788 1 0 0 3873.dat
0 MLCAD BTG chain
1 71 -78.905 -131.465 147.2 0 0.766044 -0.642788 0 0.642788 0.766044 1 0 0 3873.dat
0 MLCAD BTG chain
1 71 -89.191 -119.209 147.2 0 0.866025 -0.5 0 0.5 0.866025 1 0 0 3873.dat
0 MLCAD BTG chain
1 71 -97.19 -105.351 147.2 0 0.939693 -0.34202 0 0.34202 0.939693 1 0 0 3873.dat
0 MLCAD BTG chain
1 71 -102.663 -90.317 147.2 0 0.984808 -0.173648 0 0.173648 0.984808 1 0 0 3873.dat
0 MLCAD BTG chain
1 71 -105.4 -74.6 147.2 0 1 0 0 0 1 1 0 0 3873.dat
0 MLCAD BTG chain
1 71 -105.4 -58.6 147.2 0 0.984808 0.173648 0 -0.173648 0.984808 1 0 0 3873.dat
0 MLCAD BTG chain
1 71 -102.622 -42.843 147.2 0 0.939693 0.34202 0 -0.34202 0.939693 1 0 0 3873.dat
0 MLCAD BTG chain
1 71 -97.149 -27.808 147.2 0 0.866025 0.5 0 -0.5 0.866025 1 0 0 3873.dat
0 MLCAD BTG chain
1 71 -89.149 -13.952 147.2 0 0.766044 0.642788 0 -0.642788 0.766044 1 0 0 3873.dat
0 MLCAD BTG chain
1 71 -78.865 -1.695 147.2 0 0.642788 0.766044 0 -0.766044 0.642788 1 0 0 3873.dat
0 MLCAD BTG chain
1 71 -66.609 8.591 147.2 0 0.5 0.866025 0 -0.866025 0.5 1 0 0 3873.dat
0 MLCAD BTG chain
1 71 -52.751 16.59 147.2 0 0.34202 0.939693 0 -0.939693 0.34202 1 0 0 3873.dat
0 MLCAD BTG chain
1 71 -37.717 22.063 147.2 0 0.173648 0.984808 0 -0.984808 0.173648 1 0 0 3873.dat
0 MLCAD BTG chain
1 71 -22 24.8 147.2 0 0 1 0 -1 0 1 0 0 3873.dat
0 MLCAD BTG chain
1 71 -6 24.8 147.2 0 -0.173648 0.984808 0 -0.984808 -0.173648 1 0 0 3873.dat
0 MLCAD BTG chain
1 71 9.757 22.022 147.2 0 -0.34202 0.939693 0 -0.939693 -0.34202 1 0 0 3873.dat
0 MLCAD BTG chain
1 71 24.792 16.549 147.2 0 -0.5 0.866025 0 -0.866025 -0.5 1 0 0 3873.dat
0 MLCAD BTG chain
1 71 38.648 8.549 147.2 0 -0.642788 0.766044 0 -0.766044 -0.642788 1 0 0 3873.dat
0 MLCAD BTG chain
1 71 50.905 -1.735 147.2 0 -0.766044 0.642788 0 -0.642788 -0.766044 1 0 0 3873.dat
0 MLCAD BTG chain
1 71 61.191 -13.991 147.2 0 -0.866025 0.5 0 -0.5 -0.866025 1 0 0 3873.dat
0 MLCAD BTG chain
1 71 69.19 -27.849 147.2 0 -0.939693 0.34202 0 -0.34202 -0.939693 1 0 0 3873.dat
0 MLCAD BTG chain
1 71 74.663 -42.883 147.2 0 -0.984808 0.173648 0 -0.173648 -0.984808 1 0 0 3873.dat
0 MLCAD BTG chain
1 71 77.4 -58.6 147.2 0 -1 0 0 0 -1 1 0 0 3873.dat
0 MLCAD BTG chain
1 71 77.4 -74.6 147.2 0 -0.984808 -0.173648 0 0.173648 -0.984808 1 0 0 3873.dat
0 MLCAD BTG chain
1 71 74.622 -90.357 147.2 0 -0.939693 -0.34202 0 0.34202 -0.939693 1 0 0 3873.dat
0 MLCAD BTG chain
1 71 69.149 -105.392 147.2 0 -0.866025 -0.5 0 0.5 -0.866025 1 0 0 3873.dat
0 MLCAD BTG chain
1 71 61.149 -119.248 147.2 0 -0.766044 -0.642788 0 0.642788 -0.766044 1 0 0 3873.dat
0 MLCAD BTG chain
1 71 50.865 -131.505 147.2 0 -0.642788 -0.766044 0 0.766044 -0.642788 1 0 0 3873.dat
0 MLCAD BTG chain
1 71 38.609 -141.791 147.2 0 -0.5 -0.866025 0 0.866025 -0.5 1 0 0 3873.dat
0 MLCAD BTG chain
1 71 24.751 -149.79 147.2 0 -0.34202 -0.939693 0 0.939693 -0.34202 1 0 0 3873.dat
0 MLCAD BTG chain
1 71 9.717 -155.263 147.2 0 -0.173648 -0.984808 0 0.984808 -0.173648 1 0 0 3873.dat
0 GROUP 36 chain
0
0 FILE Stand.ldr
0 Stand
0 Name: Stand.ldr
0 Author: R Paluczak
0 Unofficial Model
0 
0 
0 
0 
0 
0 
0 
0 
0 ROTATION CENTER 150.047 -9.49181 20 1 "Custom" 
0 ROTATION CONFIG 0 0
1 0 -110 12 0 1 0 0 0 1 0 0 0 1 40344.dat
1 0 90 12 0 1 0 0 0 1 0 0 0 1 40344.dat
1 0 -110 12 -80 1 0 0 0 1 0 0 0 1 87615.dat
1 0 90 12 -80 1 0 0 0 1 0 0 0 1 87615.dat
1 0 90 12 80 -1 0 0 0 1 0 0 0 -1 87615.dat
1 0 -110 12 80 -1 0 0 0 1 0 0 0 -1 87615.dat
1 0 -10 -20 20 -1 0 0 0 1 0 0 0 -1 2730.dat
1 0 -10 -20 -20 -1 0 0 0 1 0 0 0 -1 2730.dat
1 0 100 -9.8 0 -1 0 0 0 1 0 0 0 -1 2780.dat
1 0 100 -409.8 0 -1 0 0 0 1 0 0 0 -1 2780.dat
1 0 -120 -409.8 0 -1 0 0 0 1 0 0 0 -1 2780.dat
1 0 100 -49.8 0 -1 0 0 0 1 0 0 0 -1 2780.dat
1 0 -120 -9.8 0 -1 0 0 0 1 0 0 0 -1 2780.dat
1 0 -120 -49.8 0 -1 0 0 0 1 0 0 0 -1 2780.dat
1 0 110 -443.5 0 0 0 1 0 1 0 -1 0 0 48002.dat
1 0 130 -9.5 -20 0 0 -1 0 1 0 1 0 0 41532.dat
1 0 130 -9.5 20 0 0 -1 0 1 0 1 0 0 41532.dat
1 72 159.273 -13.229 20 0 0.374607 0.927184 0 0.927184 -0.374607 -1 0 0 482.dat
1 72 159.273 -13.229 -20 0 0.374607 0.927184 0 0.927184 -0.374607 -1 0 0 482.dat
1 0 -130 -443.5 0 0 0 1 0 1 0 -1 0 0 48002.dat
1 0 -90 -369.5 10 0 1 0 1 0 0 0 0 -1 43857.dat
1 0 -110.1 -402.076 70.648 0 1 0 0.838671 0 0.544639 0.544639 0 -0.838671 32524.dat
1 0 89.9 -402.076 70.648 0 1 0 0.838671 0 0.544639 0.544639 0 -0.838671 32524.dat
1 0 70 -369.5 10 0 1 0 1 0 0 0 0 -1 43857.dat
1 0 -110 -369.5 0 0 1 0 0 0 -1 -1 0 0 32526.dat
1 0 70 -515.031 5.886 0 1 0 0.819152 0 -0.573576 -0.573576 0 -0.819152 32009.dat
1 0 50 -515.031 5.886 0 1 0 0.819152 0 -0.573576 -0.573576 0 -0.819152 32009.dat
1 0 -70 -515.031 5.886 0 1 0 0.819152 0 -0.573576 -0.573576 0 -0.819152 32009.dat
1 0 -90 -515.031 5.886 0 1 0 0.819152 0 -0.573576 -0.573576 0 -0.819152 32009.dat
1 0 50 -482.267 -17.057 1 0 0 0 -0.819152 -0.573576 0 0.573576 -0.819152 32054.dat
1 0 -69.9 -482.267 -17.057 -1 0 0 0 -0.819152 0.573576 0 0.573576 0.819152 32054.dat
1 0 50 -492.089 38.652 1 0 0 0 -0.819152 -0.573576 0 0.573576 -0.819152 32054.dat
1 0 -69.9 -492.089 38.652 -1 0 0 0 -0.819152 0.573576 0 0.573576 0.819152 32054.dat
1 0 50 -446.203 104.183 1 0 0 0 -0.819152 -0.573576 0 0.573576 -0.819152 32054.dat
1 0 -69.9 -446.203 104.183 -1 0 0 0 -0.819152 0.573576 0 0.573576 0.819152 32054.dat
1 71 -5.9 -446.203 104.183 1 0 0 0 -0.819152 -0.573576 0 0.573576 -0.819152 32073.dat
1 71 -5.9 -492.089 38.652 1 0 0 0 -0.819152 -0.573576 0 0.573576 -0.819152 32073.dat
1 71 -5.9 -482.267 -17.057 1 0 0 0 -0.819152 -0.573576 0 0.573576 -0.819152 32073.dat
1 0 90 -369.5 0 0 1 0 0 0 -1 -1 0 0 32526.dat
1 1 -99.2 -449.5 -40 1 0 0 0 0.573576 -0.819152 0 0.819152 0.573576 43093.dat
1 1 78 -449.5 -40 -1 0 0 0 -0.573576 -0.819152 0 -0.819152 0.573576 43093.dat
1 1 178.001 -20.794 -20 -0.927184 0 -0.374607 0.374607 0 -0.927184 0 -1 0 43093.dat
1 1 178.001 -20.794 20 -0.927184 0 -0.374607 0.374607 0 -0.927184 0 -1 0 43093.dat
1 0 78 -434.731 120.568 -1 0 0 0 -0.573576 -0.819152 0 -0.819152 0.573576 2780.dat
1 0 -102 -434.731 120.568 -1 0 0 0 -0.573576 -0.819152 0 -0.819152 0.573576 2780.dat
1 0 -10 -49.8 0 -1 0 0 0 0 -1 0 -1 0 64782.dat
1 1 -90 -9.9 0 0 0 1 0 1 0 -1 0 0 6558.dat
1 1 70 -9.9 0 0 0 1 0 1 0 -1 0 0 6558.dat
1 1 -110 -369.9 0 1 0 0 0 1 0 0 0 1 6558.dat
1 1 -110 -369.9 20 1 0 0 0 1 0 0 0 1 6558.dat
1 1 90 -369.9 0 -1 0 0 0 1 0 0 0 -1 6558.dat
1 1 90 -369.9 20 -1 0 0 0 0.838671 0.544639 0 0.544639 -0.838671 6558.dat
1 72 -10 12 -20 1 0 0 0 1 0 0 0 1 6249.dat
1 72 -10 12 20 1 0 0 0 1 0 0 0 1 6249.dat
1 1 -90 12 0 1 0 0 0 1 0 0 0 1 3003.dat
1 1 70 12 0 1 0 0 0 1 0 0 0 1 3003.dat
1 72 -10 36 0 1 0 0 0 1 0 0 0 1 92438.dat
1 72 202.146 -30.442 0 0 -0.927184 -0.374607 0 0.374607 -0.927184 1 0 0 72454.dat
1 71 194.729 -27.447 0 0 -0.927184 -0.374607 0 0.374607 -0.927184 1 0 0 3709b.dat
1 0 209.564 -33.439 0 0 -0.927184 -0.374607 0 0.374607 -0.927184 1 0 0 48288.dat
1 72 -110 4 -40 1 0 0 0 1 0 0 0 1 87079.dat
1 72 -10 4 0 0 0 1 0 1 0 -1 0 0 87079.dat
1 72 -110 4 40 1 0 0 0 1 0 0 0 1 87079.dat
1 72 90 4 -40 1 0 0 0 1 0 0 0 1 87079.dat
1 72 90 4 40 1 0 0 0 1 0 0 0 1 87079.dat
1 72 -40 4 20 0 0 -1 0 1 0 1 0 0 3794b.dat
1 72 -60 4 20 0 0 -1 0 1 0 1 0 0 3794b.dat
1 72 -40 4 -20 0 0 -1 0 1 0 1 0 0 3794b.dat
1 72 -60 4 -20 0 0 -1 0 1 0 1 0 0 3794b.dat
1 72 40 4 20 0 0 -1 0 1 0 1 0 0 3794b.dat
1 72 20 4 20 0 0 -1 0 1 0 1 0 0 3794b.dat
1 72 40 4 -20 0 0 -1 0 1 0 1 0 0 3794b.dat
1 72 20 4 -20 0 0 -1 0 1 0 1 0 0 3794b.dat
1 72 -90 4 0 1 0 0 0 1 0 0 0 1 3068b.dat
1 72 70 4 0 1 0 0 0 1 0 0 0 1 3068b.dat
1 72 140 4 0 0 0 -1 0 1 0 1 0 0 2431.dat
1 72 -160 4 0 0 0 -1 0 1 0 1 0 0 2431.dat
1 72 -110 36 -200 1 0 0 0 1 0 0 0 1 3022.dat
1 72 90 36 -200 1 0 0 0 1 0 0 0 1 3022.dat
1 72 -110 36 200 1 0 0 0 1 0 0 0 1 3022.dat
1 72 90 36 200 1 0 0 0 1 0 0 0 1 3022.dat
1 15 -110 28 -60 1 0 0 0 1 0 0 0 1 3020.dat
1 72 -110 20 -60 1 0 0 0 1 0 0 0 1 3020.dat
1 15 90 28 -60 1 0 0 0 1 0 0 0 1 3020.dat
1 72 90 20 -60 1 0 0 0 1 0 0 0 1 3020.dat
1 15 -110 28 60 1 0 0 0 1 0 0 0 1 3020.dat
1 72 -110 20 60 1 0 0 0 1 0 0 0 1 3020.dat
1 15 90 28 60 1 0 0 0 1 0 0 0 1 3020.dat
1 72 90 20 60 1 0 0 0 1 0 0 0 1 3020.dat
0
0 FILE Right Wing.ldr
0 Right Wing
0 Name: Right Wing.ldr
0 Author: R Paluczak
0 Unofficial Model
0 ROTATION CENTER 0 0 0 1 "Custom" 
0 ROTATION CONFIG 0 0
1 71 -20 -12 280 0 0 -1 0 1 0 1 0 0 2445.dat
1 71 0 -20 360 0 0 -1 0 1 0 1 0 0 2445.dat
1 71 40 -20 460 0 0 -1 0 1 0 1 0 0 3034.dat
1 71 50 -44 500 0 0 -1 0 1 0 1 0 0 32000.dat
1 71 30 -34 510 0 -1 0 -1 0 0 0 0 -1 60483.dat
1 0 40 -34.1 510 -1 0 0 0 -1 0 0 0 1 2780.dat
1 0 50 -28 320 0 0 -1 0 1 0 1 0 0 87609.dat
1 1 50 -20 230 0 0 -1 0 1 0 1 0 0 3623.dat
1 70 30 -20 250 0 0 -1 0 1 0 1 0 0 4073.dat
1 19 -70 -20 300 0 0 -1 0 1 0 1 0 0 3666.dat
1 19 -50 -28 340 0 0 -1 0 1 0 1 0 0 3666.dat
1 2 -10 -28 440 0 0 -1 0 1 0 1 0 0 3710.dat
1 19 -40 -20 490 -1 0 0 0 1 0 0 0 -1 3666.dat
1 71 -40 -20 520 -1 0 0 0 1 0 0 0 -1 3795.dat
1 71 -60 -28 530 -1 0 0 0 1 0 0 0 -1 3460.dat
1 71 -90 -28 300 -1 0 0 0 1 0 0 0 -1 3021.dat
1 72 -40 -36 460 0 0 1 0 1 0 -1 0 0 93606.dat
1 72 -40 -36 420 0 0 1 0 1 0 -1 0 0 93606.dat
1 71 -40 -28 490 -1 0 0 0 1 0 0 0 -1 4477.dat
1 71 -80 -20 360 0 0 1 0 1 0 -1 0 0 88930.dat
1 71 20 -28 180 -1 0 0 0 1 0 0 0 -1 3022.dat
1 71 0 -36 340 -1 0 0 0 1 0 0 0 -1 6881b.dat
1 71 -80 -36 310 -1 0 0 0 1 0 0 0 -1 30244.dat
1 71 -70 -44 180 0 0 1 0 1 0 -1 0 0 30244.dat
1 71 70.1 -4 180 0 0 -1 0 -1 0 -1 0 0 3069b.dat
1 71 -80 -36 290 -1 0 0 0 1 0 0 0 -1 30244.dat
1 71 30 -60 510 -1 0 0 0 1 0 0 0 -1 63864.dat
1 71 -40 -60 510 -1 0 0 0 1 0 0 0 -1 2431.dat
1 72 -100 -52 510 0 0 1 0 1 0 -1 0 0 61409.dat
1 0 140 -33.9 509.9 1 0 0 0 1 0 0 0 1 3708.dat
1 0 180 -33.9 529.9 0 1 0 -1 0 0 0 0 1 63965.dat
1 0 340 -33.9 509.9 1 0 0 0 1 0 0 0 1 3707.dat
1 72 260 -33.9 509.9 0 0 -1 0 1 0 1 0 0 59443.dat
1 71 220 -33.9 509.9 -1 0 0 0 0 1 0 1 0 62462.dat
1 71 300 -33.9 509.9 -1 0 0 0 0 1 0 1 0 62462.dat
1 71 340 -33.9 509.9 -1 0 0 0 0 1 0 1 0 62462.dat
1 71 387.1 -33.9 509.9 -1 0 0 0 0 -1 0 -1 0 2585.dat
1 71 190 -33.9 509.9 0 0 1 -1 0 0 0 -1 0 42610.dat
1 71 365 -33.9 509.9 0 0 1 -1 0 0 0 -1 0 32123b.dat
1 72 410 -33.9 509.9 0 0 1 -1 0 0 0 -1 0 3647.dat
1 72 190 -33.9 529.6 -1 0 0 0 0 1 0 1 0 32002.dat
1 71 170 -33.9 509.9 0 0 1 -1 0 0 0 -1 0 42610.dat
1 71 150 -33.9 509.9 0 0 1 -1 0 0 0 -1 0 42610.dat
1 71 130 -33.9 509.9 0 0 1 -1 0 0 0 -1 0 42610.dat
1 71 110 -33.9 509.9 0 0 1 -1 0 0 0 -1 0 42610.dat
1 71 90 -33.9 530.2 0 1 0 1 0 0 0 0 -1 60483.dat
1 71 70 -43.9 509.9 0 0 -1 0 1 0 1 0 0 32064b.dat
1 71 100 -19.9 510 0 0 -1 0 1 0 1 0 0 47755.dat
1 71 70 -51.9 510 0 0 -1 0 1 0 1 0 0 3794b.dat
1 72 70 -56 510 0 0 -1 0 1 0 1 0 0 30162.dat
1 72 10 -36 440 0 0 1 0 1 0 -1 0 0 2431.dat
1 72 40 -36 440 0 0 1 0 1 0 -1 0 0 87079.dat
1 72 -20 -36 220 0 0 1 0 1 0 -1 0 0 3958.dat
1 71 0 -44 220 0 0 1 0 1 0 -1 0 0 3958.dat
1 72 68.1 -25.999 180 0 -1 0 0 0 -1 1 0 0 99780.dat
1 19 -90 -36 180 0 0 1 0 1 0 -1 0 0 3023.dat
1 71 -110 -28 180 0 0 1 0 1 0 -1 0 0 44302.dat
1 71 -90 -28 180 0 0 1 0 1 0 -1 0 0 44302.dat
1 71 -70 -28 180 0 0 1 0 1 0 -1 0 0 44302.dat
1 71 -50 -28 180 0 0 1 0 1 0 -1 0 0 44302.dat
1 71 -30 -28 180 0 0 1 0 1 0 -1 0 0 44302.dat
1 71 -10 -28 180 0 0 1 0 1 0 -1 0 0 44302.dat
1 14 -20 -28 240 -1 0 0 0 1 0 0 0 -1 3035.dat
1 1 20 -28 380 0 0 1 0 1 0 -1 0 0 3832.dat
1 4 -20 -28 340 0 0 1 0 1 0 -1 0 0 3795.dat
1 4 0 -44 510 1 0 0 0 1 0 0 0 1 3004.dat
1 72 -40 -44 510 0 0 1 0 1 0 -1 0 0 41763.dat
1 1 -40 -20 320 0 0 -1 0 1 0 1 0 0 3738.dat
1 2 -90 -20 260 -1 0 0 0 1 0 0 0 -1 3021.dat
1 71 30 -12 180 -1 0 0 0 1 0 0 0 -1 3021.dat
1 0 50 -36 190 0 0 -1 0 1 0 1 0 0 87087.dat
1 0 50 -36 170 0 0 -1 0 1 0 1 0 0 87087.dat
1 71 30 -12 420 -1 0 0 0 1 0 0 0 -1 3021.dat
1 72 0 -12 460 -1 0 0 0 1 0 0 0 -1 3958.dat
1 71 50 -36 390 0 0 -1 0 1 0 1 0 0 6091.dat
1 71 50 -36 370 0 0 -1 0 1 0 1 0 0 6091.dat
1 72 50 -36 440 0 0 -1 0 1 0 1 0 0 6081.dat
1 71 50 -44 240 0 0 -1 0 1 0 1 0 0 6081.dat
1 71 -20 -60 510 1 0 0 0 1 0 0 0 1 6081.dat
1 71 -100 -60 490 1 0 0 0 1 0 0 0 1 6191.dat
1 71 50 -60 510 -1 0 0 0 1 0 0 0 -1 6091.dat
1 71 30 -60 510 -1 0 0 0 1 0 0 0 -1 6091.dat
1 71 -20 -60 530 -1 0 0 0 1 0 0 0 -1 6191.dat
1 71 -100 -60 510 -1 0 0 0 1 0 0 0 -1 6081.dat
1 71 40 -44 490 1 0 0 0 1 0 0 0 1 85984.dat
1 72 68 -22 330 0 -1 0 -1 0 0 0 0 -1 3024.dat
1 72 67.9 -22 290 0 -1 0 -1 0 0 0 0 -1 2555.dat
1 72 67.9 -22 310 0 -1 0 -1 0 0 0 0 -1 2555.dat
1 72 76.1 -22.1 330 0 -1 0 -1 0 0 0 0 -1 3070b.dat
1 72 60 -22 350 0 -1 0 -1 0 0 0 0 -1 50746.dat
1 71 40 -12 240 -1 0 0 0 1 0 0 0 -1 3031.dat
1 71 40 -12 320 0 0 -1 0 1 0 1 0 0 6179.dat
1 72 -40 -20 200 -1 0 0 0 1 0 0 0 -1 3035.dat
1 71 -100 -12 280 -1 0 0 0 1 0 0 0 -1 30355.dat
1 71 -150 -20 220 -1 0 0 0 1 0 0 0 -1 54384.dat
1 71 -110 -20 340 -1 0 0 0 1 0 0 0 -1 54384.dat
1 72 -90 -12 460 -1 0 0 0 1 0 0 0 -1 54384.dat
1 72 76.1 -26 180 0 -1 0 0 0 1 -1 0 0 30244.dat
1 71 -100 -44 220 0 0 1 0 1 0 -1 0 0 93606.dat
1 71 -100 -44 260 0 0 1 0 1 0 -1 0 0 93606.dat
1 71 -120 -44 180 0 0 1 0 1 0 -1 0 0 93606.dat
0
0 FILE Left Wing.ldr
0 Left Wing
0 Name: Left Wing.ldr
0 Author: R Paluczak
0 Unofficial Model
0 ROTATION CENTER 0 0 0 1 "Custom" 
0 ROTATION CONFIG 0 0
1 71 -20 -12 0 0 0 -1 0 1 0 1 0 0 2445.dat
1 71 0 -20 -80 0 0 -1 0 1 0 1 0 0 2445.dat
1 71 40 -20 -180 0 0 -1 0 1 0 1 0 0 3034.dat
1 71 50 -44 -220 0 0 -1 0 1 0 1 0 0 32000.dat
1 71 30 -34 -230 0 -1 0 1 0 0 0 0 1 60483.dat
1 0 40 -34.1 -210 -1 0 0 0 -1 0 0 0 1 2780.dat
1 0 50 -28 -40 0 0 -1 0 1 0 1 0 0 87609.dat
1 1 50 -20 50 0 0 -1 0 1 0 1 0 0 3623.dat
1 70 30 -20 30 0 0 -1 0 1 0 1 0 0 4073.dat
1 19 -70 -20 -60 0 0 -1 0 1 0 1 0 0 3666.dat
1 19 -50 -28 -60 0 0 -1 0 1 0 1 0 0 3666.dat
1 2 -10 -28 -160 0 0 -1 0 1 0 1 0 0 3710.dat
1 19 -40 -20 -210 -1 0 0 0 1 0 0 0 -1 3666.dat
1 71 -40 -20 -240 -1 0 0 0 1 0 0 0 -1 3795.dat
1 71 -60 -28 -210 -1 0 0 0 1 0 0 0 -1 3460.dat
1 71 -90 -28 -20 -1 0 0 0 1 0 0 0 -1 3021.dat
1 72 -40 -36 -140 0 0 1 0 1 0 -1 0 0 93606.dat
1 72 -40 -36 -180 0 0 1 0 1 0 -1 0 0 93606.dat
1 71 -40 -28 -250 -1 0 0 0 1 0 0 0 -1 4477.dat
1 71 -80 -20 -80 0 0 1 0 1 0 -1 0 0 88930.dat
1 71 20 -28 100 -1 0 0 0 1 0 0 0 -1 3022.dat
1 71 0 -36 -60 -1 0 0 0 1 0 0 0 -1 6881b.dat
1 71 -80 -36 -10 -1 0 0 0 1 0 0 0 -1 30244.dat
1 71 -70 -44 100 0 0 1 0 1 0 -1 0 0 30244.dat
1 71 70.1 -4 100 0 0 -1 0 -1 0 -1 0 0 3069b.dat
1 71 -80 -36 -30 -1 0 0 0 1 0 0 0 -1 30244.dat
1 71 30 -60 -230 -1 0 0 0 1 0 0 0 -1 63864.dat
1 71 -40 -60 -230 -1 0 0 0 1 0 0 0 -1 2431.dat
1 72 -100 -52 -230 0 0 1 0 1 0 -1 0 0 61409.dat
1 0 140 -33.9 -230.1 1 0 0 0 1 0 0 0 1 3708.dat
1 0 180 -33.9 -250.1 0 1 0 -1 0 0 0 0 1 63965.dat
1 0 340 -33.9 -230.1 1 0 0 0 1 0 0 0 1 3707.dat
1 72 260 -33.9 -230.1 0 0 -1 0 1 0 1 0 0 59443.dat
1 71 220 -33.9 -230.1 -1 0 0 0 0 -1 0 -1 0 62462.dat
1 71 300 -33.9 -230.1 -1 0 0 0 0 -1 0 -1 0 62462.dat
1 71 340 -33.9 -230.1 -1 0 0 0 0 -1 0 -1 0 62462.dat
1 71 387.1 -33.9 -230.1 -1 0 0 0 0 -1 0 -1 0 2585.dat
1 71 190 -33.9 -230.1 0 0 1 -1 0 0 0 -1 0 42610.dat
1 71 365 -33.9 -230.1 0 0 1 -1 0 0 0 -1 0 32123b.dat
1 72 410 -33.9 -230.1 0 0 1 -1 0 0 0 -1 0 3647.dat
1 72 190 -33.9 -250.4 -1 0 0 0 0 1 0 1 0 32002.dat
1 71 170 -33.9 -230.1 0 0 1 -1 0 0 0 -1 0 42610.dat
1 71 150 -33.9 -230.1 0 0 1 -1 0 0 0 -1 0 42610.dat
1 71 130 -33.9 -230.1 0 0 1 -1 0 0 0 -1 0 42610.dat
1 71 110 -33.9 -230.1 0 0 1 -1 0 0 0 -1 0 42610.dat
1 71 90 -33.9 -249.8 0 1 0 -1 0 0 0 0 1 60483.dat
1 71 70 -43.9 -230.1 0 0 -1 0 1 0 1 0 0 32064b.dat
1 71 100 -19.9 -230 0 0 -1 0 1 0 1 0 0 47755.dat
1 71 70 -51.9 -230 0 0 -1 0 1 0 1 0 0 3794b.dat
1 72 70 -56 -230 0 0 -1 0 1 0 1 0 0 30162.dat
1 72 10 -36 -160 0 0 1 0 1 0 -1 0 0 2431.dat
1 72 40 -36 -160 0 0 1 0 1 0 -1 0 0 87079.dat
1 72 -20 -36 60 0 0 1 0 1 0 -1 0 0 3958.dat
1 71 0 -44 60 0 0 1 0 1 0 -1 0 0 3958.dat
1 72 68.1 -25.999 100 0 -1 0 0 0 -1 1 0 0 99780.dat
1 19 -90 -36 100 0 0 1 0 1 0 -1 0 0 3023.dat
1 71 -10 -28 100 0 0 -1 0 1 0 1 0 0 44302.dat
1 71 -30 -28 100 0 0 -1 0 1 0 1 0 0 44302.dat
1 71 -50 -28 100 0 0 -1 0 1 0 1 0 0 44302.dat
1 71 -70 -28 100 0 0 -1 0 1 0 1 0 0 44302.dat
1 71 -90 -28 100 0 0 -1 0 1 0 1 0 0 44302.dat
1 71 -110 -28 100 0 0 -1 0 1 0 1 0 0 44302.dat
1 14 -20 -28 40 -1 0 0 0 1 0 0 0 -1 3035.dat
1 1 20 -28 -100 0 0 1 0 1 0 -1 0 0 3832.dat
1 4 -20 -28 -60 0 0 1 0 1 0 -1 0 0 3795.dat
1 4 0 -44 -230 1 0 0 0 1 0 0 0 1 3004.dat
1 72 -40 -44 -230 0 0 1 0 1 0 -1 0 0 41763.dat
1 1 -40 -20 -40 0 0 -1 0 1 0 1 0 0 3738.dat
1 2 -90 -20 20 -1 0 0 0 1 0 0 0 -1 3021.dat
1 71 30 -12 100 -1 0 0 0 1 0 0 0 -1 3021.dat
1 0 50 -36 110 0 0 -1 0 1 0 1 0 0 87087.dat
1 0 50 -36 90 0 0 -1 0 1 0 1 0 0 87087.dat
1 71 30 -12 -100 -1 0 0 0 1 0 0 0 -1 3021.dat
1 72 0 -12 -180 -1 0 0 0 1 0 0 0 -1 3958.dat
1 71 50 -36 -90 0 0 -1 0 1 0 1 0 0 6091.dat
1 71 50 -36 -110 0 0 -1 0 1 0 1 0 0 6091.dat
1 72 50 -36 -160 0 0 -1 0 1 0 1 0 0 6081.dat
1 71 50 -44 40 0 0 -1 0 1 0 1 0 0 6081.dat
1 71 -100 -60 -230 1 0 0 0 1 0 0 0 1 6081.dat
1 71 -20 -60 -250 1 0 0 0 1 0 0 0 1 6191.dat
1 71 30 -60 -230 1 0 0 0 1 0 0 0 1 6091.dat
1 71 50 -60 -230 1 0 0 0 1 0 0 0 1 6091.dat
1 71 -100 -60 -210 -1 0 0 0 1 0 0 0 -1 6191.dat
1 71 -20 -60 -230 -1 0 0 0 1 0 0 0 -1 6081.dat
1 71 40 -44 -210 -1 0 0 0 1 0 0 0 -1 85984.dat
1 72 68 -22 -50 0 -1 0 -1 0 0 0 0 -1 3024.dat
1 72 67.9 -22 -30 0 -1 0 -1 0 0 0 0 -1 2555.dat
1 72 67.9 -22 -10 0 -1 0 -1 0 0 0 0 -1 2555.dat
1 72 76.1 -22.1 -50 0 -1 0 -1 0 0 0 0 -1 3070b.dat
1 72 60 -22 -70 0 -1 0 1 0 0 0 0 1 50746.dat
1 71 40 -12 40 -1 0 0 0 1 0 0 0 -1 3031.dat
1 71 40 -12 -40 0 0 -1 0 1 0 1 0 0 6179.dat
1 72 -40 -20 80 -1 0 0 0 1 0 0 0 -1 3035.dat
1 71 -100 -12 0 1 0 0 0 1 0 0 0 1 30356.dat
1 71 -150 -20 60 1 0 0 0 1 0 0 0 1 54383.dat
1 71 -110 -20 -60 1 0 0 0 1 0 0 0 1 54383.dat
1 72 -90 -12 -180 1 0 0 0 1 0 0 0 1 54383.dat
1 72 76.1 -26 100 0 -1 0 0 0 1 -1 0 0 30244.dat
1 71 -100 -44 20 0 0 1 0 1 0 -1 0 0 93606.dat
1 71 -100 -44 60 0 0 1 0 1 0 -1 0 0 93606.dat
1 71 -120 -44 100 0 0 1 0 1 0 -1 0 0 93606.dat
0
0 FILE Engines Section 1.ldr
0 Engines Section 1
0 Name: Engines Section 1.ldr
0 Author: R Paluczak
0 Unofficial Model
0 ROTATION CENTER 20 -70.2271 40.6025 1 "Custom" 
0 ROTATION CONFIG 0 0
1 71 20 8 0 1 0 0 0 1 0 0 0 1 3032.dat
1 71 20 -40 -140 0 0 1 0 1 0 -1 0 0 3032.dat
1 71 20 -48 -180 0 0 1 0 1 0 -1 0 0 6881b.dat
1 71 20 -24 0 1 0 0 0 1 0 0 0 1 32531.dat
1 19 60 -24 -60 1 0 0 0 1 0 0 0 1 6232.dat
1 19 60 -24 -100 1 0 0 0 1 0 0 0 1 6232.dat
1 19 60 -24 104 1 0 0 0 0 -1 0 1 0 6143.dat
1 19 60 -24 80 1 0 0 0 0 -1 0 1 0 6143.dat
1 38 60 -24 127.999 1 0 0 0 0 -1 0 1 0 4740.dat
1 38 60 -23.999 136.001 1 0 0 0 0 -1 0 1 0 4740.dat
1 19 -20 -24 104 1 0 0 0 0 -1 0 1 0 6143.dat
1 19 -20 -24 80 1 0 0 0 0 -1 0 1 0 6143.dat
1 38 -20 -24 127.999 1 0 0 0 0 -1 0 1 0 4740.dat
1 38 -20 -23.999 136.001 1 0 0 0 0 -1 0 1 0 4740.dat
1 19 -20 -24 -100 -1 0 0 0 1 0 0 0 -1 6232.dat
1 19 -20 -24 -60 -1 0 0 0 1 0 0 0 -1 6232.dat
1 72 -20 -24 -190 1 0 0 0 1 0 0 0 1 30236.dat
1 72 20 -24 -190 1 0 0 0 1 0 0 0 1 30236.dat
1 72 60 -24 -190 1 0 0 0 1 0 0 0 1 30236.dat
1 2 50 -24 0 0 0 -1 0 1 0 1 0 0 32064b.dat
1 2 30 -24 0 0 0 -1 0 1 0 1 0 0 32064b.dat
1 2 10 -24 0 0 0 -1 0 1 0 1 0 0 32064b.dat
1 2 -10 -24 0 0 0 -1 0 1 0 1 0 0 32064b.dat
1 0 80 -14.1 20 1 0 0 0 1 0 0 0 1 2780.dat
1 0 80 -14.1 -20 1 0 0 0 1 0 0 0 1 2780.dat
1 0 20 -22.1 100 1 0 0 0 1 0 0 0 1 2780.dat
1 0 20 -22.1 60 1 0 0 0 1 0 0 0 1 2780.dat
1 0 -20 -22.1 60 0 0 -1 0 1 0 1 0 0 2780.dat
1 0 -20 -22.1 120 0 0 -1 1 0 0 0 -1 0 30374.dat
1 0 60 -22.1 120 0 0 -1 1 0 0 0 -1 0 30374.dat
1 0 60 -22.1 60 0 0 -1 0 1 0 1 0 0 2780.dat
1 0 -40 -14.1 20 1 0 0 0 1 0 0 0 1 2780.dat
1 0 -40 -14.1 -20 1 0 0 0 1 0 0 0 1 2780.dat
1 15 20 8 -60 1 0 0 0 1 0 0 0 1 32001.dat
1 15 20 8 -100 1 0 0 0 1 0 0 0 1 32001.dat
1 1 -20 0 -80 0 0 -1 0 1 0 1 0 0 3738.dat
1 1 60 0 -80 0 0 -1 0 1 0 1 0 0 3738.dat
1 1 20 -48 -40 0 0 -1 0 1 0 1 0 0 3738.dat
1 0 20 -56 -60 0 0 -1 0 1 0 1 0 0 3030.dat
1 0 20 -80 -150 1 0 0 0 1 0 0 0 1 30414.dat
1 15 20 -80 -80 0 0 -1 0 1 0 1 0 0 2456.dat
1 72 20 -88 -20 0 0 -1 0 1 0 1 0 0 3020.dat
1 72 20 -96 20 0 0 -1 0 1 0 1 0 0 3020.dat
1 0 10 -104 40 0 0 -1 0 1 0 1 0 0 2412b.dat
1 0 30 -104 40 0 0 -1 0 1 0 1 0 0 2412b.dat
1 0 10 -104 0 0 0 -1 0 1 0 1 0 0 2412b.dat
1 0 30 -104 0 0 0 -1 0 1 0 1 0 0 2412b.dat
1 72 -10 -96 -80 0 0 -1 0 1 0 1 0 0 3069b.dat
1 72 50 -96 -80 0 0 -1 0 1 0 1 0 0 3069b.dat
1 72 -10 -96 40 0 0 -1 0 1 0 1 0 0 6636.dat
1 72 50 -96 40 0 0 -1 0 1 0 1 0 0 6636.dat
