0 untitled model
0 Name: 
0 Author: Noah Pottle
0 Unofficial Model
1   1     0.000000     0.000000     0.000000    -0.000000     0.000000     1.000000     0.000000     1.000000     0.000000    -1.000000     0.000000     0.000000 3795.dat
1   0   -10.000000    -8.000000    40.000000     0.000000     0.000000    -1.000000     0.000000     1.000000     0.000000     1.000000     0.000000    -0.000000 3475b.dat
1   0    10.000000    -8.000000    40.000000    -0.000000     0.000000     1.000000    -0.000000     1.000000     0.000000    -1.000000    -0.000000    -0.000000 3475b.dat
1  15     0.000000    -8.000000   -40.000000     1.000000     0.000000    -0.000000     0.000000     1.000000     0.000000     0.000000     0.000000     1.000000 4859.dat
1   1     0.000000   -32.000000    50.000000     1.000000     0.000000     0.000000     0.000000     1.000000     0.000000     0.000000     0.000000     1.000000 3039.dat
1  15   -10.000000   -40.000000    50.000000    -0.000000     0.000000     1.000000     0.000000     1.000000     0.000000    -1.000000     0.000000     0.000000 4085c.dat
1  15    10.000000   -40.000000    50.000000     0.000000     0.000000    -1.000000     0.000000     1.000000     0.000000     1.000000     0.000000    -0.000000 4085c.dat
1   1     0.000000   -32.000000   -30.000000    -1.000000     0.000000    -0.000000     0.000000     1.000000     0.000000    -0.000000     0.000000    -1.000000 3937.dat
1  15     0.000000   -32.000000   -30.000000     1.000000     0.000000    -0.000000     0.000000     1.000000     0.000000     0.000000     0.000000     1.000000 3938.dat
1   0     0.000000   -48.000000    50.000000     1.000000     0.000000    -0.000000     0.000000     1.000000     0.000000     0.000000     0.000000     1.000000 2412b.dat
1  15     0.000000   -40.000000   -30.000000     1.000000     0.000000    -0.000000     0.000000     1.000000     0.000000     0.000000     0.000000     1.000000 3069bp61.dat
1   0   130.000000   -14.500000    -2.500000     1.000000     0.000000    -0.000000     0.000000     1.000000    -0.000000     0.000000    -0.000000     1.000000 3817.dat
1   0   130.000000   -14.500000    -2.500000     1.000000     0.000000    -0.000000     0.000000     1.000000    -0.000000     0.000000    -0.000000     1.000000 3816.dat
1   1   130.000000   -26.500000    -2.500000     1.000000     0.000000    -0.000000     0.000000     1.000000    -0.000000     0.000000    -0.000000     1.000000 3815.dat
1   0   130.000000   -58.500000    -2.500000     1.000000     0.000000    -0.000000     0.000000     1.000000    -0.000000     0.000000    -0.000000     1.000000 973p62.dat
1  14   130.000000   -84.500000    -2.500000     1.000000     0.000000    -0.000000     0.000000     1.000000    -0.000000     0.000000    -0.000000     1.000000 3626bp62.dat
1  15   130.000000   -84.500000    -2.500000     1.000000     0.000000    -0.000000     0.000000     1.000000    -0.000000     0.000000    -0.000000     1.000000 2446.dat
1  38   130.000000   -83.500000    -1.500000     1.000000     0.000000    -0.000000     0.000000     1.000000    -0.000000     0.000000    -0.000000     1.000000 6119.dat
1  15   146.000000   -50.500000    -1.500000     0.965926     0.258819    -0.000000    -0.258819     0.965926     0.000000     0.000000    -0.000000     1.000000 3819.dat
1  15   130.000000   -57.500000    -1.500000     1.000000     0.000000    -0.000000     0.000000     1.000000    -0.000000     0.000000    -0.000000     1.000000 3838.dat
1  15   114.000000   -50.500000    -2.500000     0.965926    -0.258819    -0.000000     0.258819     0.965926    -0.000000     0.000000    -0.000000     1.000000 3818.dat
1   1   105.000000   -33.500000   -11.500000     0.980379     0.073223     0.183013     0.073223     0.726727    -0.683013    -0.183013     0.683013     0.707107 3820.dat
1   1   155.000000   -34.500000   -10.500000     0.899519    -0.375000    -0.224144     0.119449     0.704609    -0.699469     0.420235     0.602412     0.678603 3820.dat
1  38   -30.000000   -46.000000    42.000000     1.000000     0.000000    -0.000000     0.000000    -0.000000    -1.000000    -0.000000     1.000000     0.000000 6117.dat
1   0    30.000000   -52.000000    50.000000    -1.000000     0.000000    -0.000000     0.000000     1.000000    -0.000000    -0.000000     0.000000    -1.000000 4349.dat