0 untitled model
0 Name: 
0 Author: Noah Pottle
0 Unofficial Model
1   4     0.000000   -16.000000     0.000000    -0.000000     0.000000     1.000000     0.000000     1.000000     0.000000    -1.000000     0.000000     0.000000 3020.dat
1   4     0.000000   -16.000000   -50.000000    -1.000000     0.000000    -0.000000     0.000000     1.000000     0.000000     0.000000     0.000000    -1.000000 3023.dat
1   7     0.000000    -8.000000    20.000000    -1.000000    -0.000000    -0.000000    -0.000000     1.000000    -0.000000     0.000000    -0.000000    -1.000000 4600.dat
1   7     0.000000    -8.000000   -40.000000    -1.000000    -0.000000    -0.000000    -0.000000     1.000000    -0.000000     0.000000    -0.000000    -1.000000 4600.dat
1   0     0.000000   -40.000000   -10.000000     1.000000     0.000000     0.000000    -0.000000     1.000000    -0.000000     0.000000     0.000000     1.000000 3298p69.dat
1   0     0.000000   -40.000000    10.000000    -1.000000    -0.000000    -0.000000    -0.000000     1.000000    -0.000000    -0.000000    -0.000000    -1.000000 3039.dat
1   0     0.000000   -48.000000     0.000000    -1.000000    -0.000000    -0.000000    -0.000000     1.000000    -0.000000    -0.000000    -0.000000    -1.000000 3022.dat
1   4     0.000000   -64.000000     0.000000    -1.000000    -0.000000    -0.000000    -0.000000     1.000000    -0.000000    -0.000000    -0.000000    -1.000000 3022.dat
1   7   -10.000000   -56.000000     0.000000    -0.000000     0.000000     1.000000    -0.000000     1.000000    -0.000000    -1.000000    -0.000000     0.000000 2540.dat
1   7    10.000000   -56.000000     0.000000     0.000000    -0.000000    -1.000000    -0.000000     1.000000    -0.000000     1.000000     0.000000    -0.000000 2540.dat
1   7   -69.000000   -54.000000     4.000000     0.000000    -0.000000    -1.000000     1.000000     0.000000    -0.000000     0.000000    -1.000000     0.000000 4735.dat
1   7    71.000000   -54.000000     4.000000    -0.000000     0.000000     1.000000    -1.000000    -0.000000     0.000000     0.000000    -1.000000     0.000000 4735.dat
1   7     0.000000  -102.000000   -20.000000     1.000000     0.000000    -0.000000     0.000000     0.000000     1.000000     0.000000    -1.000000     0.000000 4598.dat
1   0   -69.000000   -54.000000   -12.000000     1.000000     0.000000    -0.000000     0.000000     0.000000     1.000000     0.000000    -1.000000     0.000000 2433.dat
1   0    71.000000   -54.000000   -12.000000     1.000000     0.000000    -0.000000     0.000000     0.000000     1.000000     0.000000    -1.000000     0.000000 2433.dat
1   0     0.000000  -122.000000   -12.000000    -1.000000     0.000000     0.000000    -0.000000    -0.000000    -1.000000     0.000000    -1.000000     0.000000 4590.dat
1   7     0.000000  -102.000000   -28.000000    -1.000000     0.000000     0.000000    -0.000000    -0.000000    -1.000000     0.000000    -1.000000     0.000000 3660.dat
1   7   -30.000000  -132.000000   -28.000000    -1.000000     0.000000     0.000000    -0.000000    -0.000000    -1.000000     0.000000    -1.000000     0.000000 4740.dat
1   7    30.000000  -132.000000   -28.000000    -1.000000     0.000000     0.000000    -0.000000    -0.000000    -1.000000     0.000000    -1.000000     0.000000 4740.dat
1  34   -30.000000  -132.000000   -36.000000    -1.000000     0.000000     0.000000    -0.000000    -0.000000    -1.000000     0.000000    -1.000000     0.000000 4073.dat
1  34    30.000000  -132.000000   -36.000000    -1.000000     0.000000     0.000000    -0.000000    -0.000000    -1.000000     0.000000    -1.000000     0.000000 4073.dat
1   7   -29.328453  -132.349258    -3.999999    -0.707107    -0.000000    -0.707106     0.707106    -0.000000    -0.707107     0.000000    -1.000000     0.000000 4592.dat
1   7   -30.328442  -133.349243    -2.999999    -0.707107     0.500000    -0.500000     0.707106     0.500000    -0.500000    -0.000000    -0.707107    -0.707107 4593.dat
1   7    30.328430  -132.349243    -4.000000    -0.707106     0.000000     0.707107    -0.707107    -0.000000    -0.707107     0.000000    -1.000000     0.000000 4592.dat
1   7    31.328430  -132.349243    -4.000000    -0.707106    -0.500000     0.500000    -0.707107     0.500000    -0.500000    -0.000000    -0.707107    -0.707107 4593.dat
1   2   110.000000   -22.500000   -14.499998     1.000000    -0.000000    -0.000000    -0.000000     1.000000    -0.000000     0.000000     0.000000     1.000000 3817.dat
1   2   110.000000   -22.500000   -14.499998     1.000000    -0.000000    -0.000000    -0.000000     1.000000    -0.000000     0.000000     0.000000     1.000000 3816.dat
1   7   -30.000000    -3.500000   -40.500000     0.000000     0.000000     1.000000    -0.000000     1.000000    -0.000000    -1.000000     0.000000     0.000000 4624.dat
1   7   -30.000000    -3.500000    19.500000     0.000000     0.000000     1.000000    -0.000000     1.000000    -0.000000    -1.000000     0.000000     0.000000 4624.dat
1   7    30.000000    -3.500000    19.500000    -0.000000    -0.000000    -1.000000    -0.000000     1.000000    -0.000000     1.000000    -0.000000    -0.000000 4624.dat
1   7    30.000000    -3.500000   -40.500000    -0.000000    -0.000000    -1.000000    -0.000000     1.000000    -0.000000     1.000000    -0.000000    -0.000000 4624.dat
1   0   -30.000000    -3.500000   -40.500000    -0.000000    -0.000000     1.000000    -0.000000     1.000000     0.000000    -1.000000     0.000000    -0.000000 3641.dat
1   0   -30.000000    -3.500000    19.500000    -0.000000    -0.000000     1.000000    -0.000000     1.000000     0.000000    -1.000000     0.000000    -0.000000 3641.dat
1   0    30.000000    -3.500000    19.500000    -0.000000    -0.000000     1.000000    -0.000000     1.000000     0.000000    -1.000000     0.000000    -0.000000 3641.dat
1   0    30.000000    -3.500000   -40.500000    -0.000000    -0.000000     1.000000    -0.000000     1.000000     0.000000    -1.000000     0.000000    -0.000000 3641.dat
1  15   110.000000   -34.500000   -14.500000    -1.000000     0.000000    -0.000000     0.000000     1.000000    -0.000000     0.000000    -0.000000    -1.000000 3815.dat
1  15   110.000000   -66.500000   -14.499998     1.000000    -0.000000    -0.000000    -0.000000     1.000000    -0.000000     0.000000     0.000000     1.000000 973p69.dat
1  14   110.000000   -94.500000   -14.499998     1.000000    -0.000000    -0.000000    -0.000000     1.000000    -0.000000     0.000000     0.000000     1.000000 3626bp69.dat
1   0   110.000000   -66.500000   -14.499998     1.000000    -0.000000    -0.000000    -0.000000     1.000000    -0.000000     0.000000     0.000000     1.000000 3838.dat
1   0   110.000000   -94.500000   -14.499998     1.000000    -0.000000    -0.000000    -0.000000     1.000000    -0.000000     0.000000     0.000000     1.000000 2446.dat
1  34   110.000000   -93.500000   -14.499998     1.000000    -0.000000    -0.000000    -0.000000     1.000000    -0.000000     0.000000     0.000000     1.000000 2447.dat
1   2   126.000000   -58.500000   -14.499998     0.965925     0.258819    -0.000000    -0.258819     0.965926    -0.000000     0.000000     0.000000     1.000000 3819.dat
1   2    93.000000   -57.500000   -14.499998     0.965925    -0.258819    -0.000000     0.258819     0.965926    -0.000000     0.000000     0.000000     1.000000 3818.dat
1   0    84.000000   -43.500000   -22.499998     0.640788    -0.753116     0.149018     0.635645     0.411611    -0.653093     0.430517     0.513217     0.742470 3820.dat
1   0   136.000000   -42.500000   -23.499998     0.965925    -0.129409    -0.224144    -0.066987     0.711516    -0.699469     0.250000     0.690650     0.678603 3820.dat
1   0   140.000000   -37.500000   -31.500000     0.965925    -0.129409    -0.224144    -0.129410     0.508519    -0.851270     0.224144     0.851270     0.474443 3962a.dat