0   21012.L3B
0 Name: C:\USERS\HD\DOCUMENTS\PERONTOMLCAD\21012.L3B

1  0 0 0 0 1 0 0 0 1 0 0 0 1 3832.dat
1  72 -20 -8 140 0 0 1 0 1 0 -1 0 0 3456.dat
1  0 -80 0 180 0 0 1 0 1 0 -1 0 0 4282.dat
1  72 -20 -8 320 -1 0 0 0 1 0 0 0 -1 3032.dat
1  0 0 0 360 1 0 0 0 1 0 0 0 1 3832.dat
1  0 40 0 180 0 0 1 0 1 0 -1 0 0 4282.dat
1  72 100 -8 40 -1 0 0 0 1 0 0 0 -1 3032.dat
1  0 140 0 0 -1 0 0 0 1 0 0 0 -1 3020.dat
1  72 100 -8 220 0 0 1 0 1 0 -1 0 0 3456.dat
1  0 160 0 180 0 0 1 0 1 0 -1 0 0 4282.dat
1  0 140 0 360 -1 0 0 0 1 0 0 0 -1 3020.dat
1  0 -90 -8 40 0 0 -1 0 1 0 1 0 0 6636.dat
1  0 -90 -8 320 0 0 -1 0 1 0 1 0 0 6636.dat
1  0 170 -8 40 0 0 -1 0 1 0 1 0 0 6636.dat
1  0 170 -8 320 0 0 -1 0 1 0 1 0 0 6636.dat
1  0 -20 -8 -10 1 0 0 0 1 0 0 0 1 6636.dat
1  0 100 -8 -10 1 0 0 0 1 0 0 0 1 6636.dat
1  0 -20 -8 370 1 0 0 0 1 0 0 0 1 6636.dat
1  0 100 -8 370 1 0 0 0 1 0 0 0 1 6636.dat
1  0 -90 -8 180 0 0 1 0 1 0 -1 0 0 4162.dat
1  0 170 -8 180 0 0 1 0 1 0 -1 0 0 4162.dat
1  19 -60 -16 340 0 0 1 0 1 0 -1 0 0 3068B.dat
1  19 -30 -16 340 0 0 1 0 1 0 -1 0 0 3794B.dat
1  19 -10 -16 340 0 0 1 0 1 0 -1 0 0 3794B.dat
1  19 10 -16 340 0 0 1 0 1 0 -1 0 0 3794B.dat
1  19 30 -16 340 0 0 1 0 1 0 -1 0 0 3794B.dat
1  19 50 -16 340 0 0 1 0 1 0 -1 0 0 3794B.dat
1  19 70 -16 340 0 0 1 0 1 0 -1 0 0 3794B.dat
1  19 90 -16 340 0 0 1 0 1 0 -1 0 0 3794B.dat
1  19 110 -16 340 0 0 1 0 1 0 -1 0 0 3794B.dat
1  19 130 -16 340 0 0 1 0 1 0 -1 0 0 3794B.dat
1  19 -60 -16 20 0 0 1 0 1 0 -1 0 0 3068B.dat
1  19 -60 -16 60 0 0 1 0 1 0 -1 0 0 3068B.dat
1  19 -70 -16 100 0 0 1 0 1 0 -1 0 0 3069B.dat
1  19 -70 -16 140 0 0 1 0 1 0 -1 0 0 3069B.dat
1  19 -70 -16 180 0 0 1 0 1 0 -1 0 0 3069B.dat
1  19 -70 -16 220 0 0 1 0 1 0 -1 0 0 3069B.dat
1  19 -70 -16 260 0 0 1 0 1 0 -1 0 0 3069B.dat
1  19 -70 -16 300 0 0 1 0 1 0 -1 0 0 3069B.dat
1  19 150 -16 340 0 0 1 0 1 0 -1 0 0 3069B.dat
1  19 150 -16 300 0 0 1 0 1 0 -1 0 0 3069B.dat
1  19 150 -16 260 0 0 1 0 1 0 -1 0 0 3069B.dat
1  19 150 -16 220 0 0 1 0 1 0 -1 0 0 3069B.dat
1  19 150 -16 180 0 0 1 0 1 0 -1 0 0 3069B.dat
1  19 150 -16 140 0 0 1 0 1 0 -1 0 0 3069B.dat
1  19 150 -16 100 0 0 1 0 1 0 -1 0 0 3069B.dat
1  19 140 -16 60 0 0 1 0 1 0 -1 0 0 3068B.dat
1  19 140 -16 20 0 0 1 0 1 0 -1 0 0 3068B.dat
1  19 -50 -16 100 0 0 1 0 1 0 -1 0 0 3794B.dat
1  19 -50 -16 140 0 0 1 0 1 0 -1 0 0 3794B.dat
1  19 -50 -16 180 0 0 1 0 1 0 -1 0 0 3794B.dat
1  19 -50 -16 220 0 0 1 0 1 0 -1 0 0 3794B.dat
1  19 -50 -16 260 0 0 1 0 1 0 -1 0 0 3794B.dat
1  19 -50 -16 300 0 0 1 0 1 0 -1 0 0 3794B.dat
1  19 -30 -16 300 0 0 1 0 1 0 -1 0 0 3794B.dat
1  19 -30 -16 260 0 0 1 0 1 0 -1 0 0 3794B.dat
1  19 -30 -16 220 0 0 1 0 1 0 -1 0 0 3794B.dat
1  19 -30 -16 180 0 0 1 0 1 0 -1 0 0 3794B.dat
1  19 130 -16 100 0 0 1 0 1 0 -1 0 0 3794B.dat
1  19 130 -16 140 0 0 1 0 1 0 -1 0 0 3794B.dat
1  19 130 -16 180 0 0 1 0 1 0 -1 0 0 3794B.dat
1  19 130 -16 220 0 0 1 0 1 0 -1 0 0 3794B.dat
1  19 130 -16 260 0 0 1 0 1 0 -1 0 0 3794B.dat
1  19 130 -16 300 0 0 1 0 1 0 -1 0 0 3794B.dat
1  19 110 -16 300 0 0 1 0 1 0 -1 0 0 3794B.dat
1  19 110 -16 260 0 0 1 0 1 0 -1 0 0 3794B.dat
1  19 110 -16 220 0 0 1 0 1 0 -1 0 0 3794B.dat
1  19 110 -16 180 0 0 1 0 1 0 -1 0 0 3794B.dat
1  19 40 -16 280 0 0 1 0 1 0 -1 0 0 3068B.dat
1  19 0 -16 180 0 0 1 0 1 0 -1 0 0 3068B.dat
1  19 80 -16 180 0 0 1 0 1 0 -1 0 0 3068B.dat
1  19 40 -16 170 -1 0 0 0 1 0 0 0 -1 3794B.dat
1  15 40 -16 190 -1 0 0 0 1 0 0 0 -1 3023.dat
1  19 -20 -16 10 -1 0 0 0 1 0 0 0 -1 3069B.dat
1  19 20 -16 10 -1 0 0 0 1 0 0 0 -1 3069B.dat
1  19 60 -16 10 -1 0 0 0 1 0 0 0 -1 3069B.dat
1  19 100 -16 10 -1 0 0 0 1 0 0 0 -1 3069B.dat
1  19 -30 -16 40 0 0 -1 0 1 0 1 0 0 3069B.dat
1  19 110 -16 40 0 0 -1 0 1 0 1 0 0 3069B.dat
1  19 40 -16 40 0 0 1 0 1 0 -1 0 0 3068B.dat
1  19 40 -16 70 -1 0 0 0 1 0 0 0 -1 3794B.dat
1  0 0 -16 40 -1 0 0 0 1 0 0 0 -1 3680.dat
1  0 80 -16 40 -1 0 0 0 1 0 0 0 -1 3680.dat
1  71 0 -16 40 -0.9876884 0 -0.1564344 0 1 0 0.1564344 0 -0.9876884 3679.dat
1  71 80 -16 40 -0.9876884 0 0.1564344 0 1 0 -0.1564344 0 -0.9876884 3679.dat
1  19 -30 -16 340 -1 0 0 0 1 0 0 0 -1 54200.dat
1  19 -10 -16 340 -1 0 0 0 1 0 0 0 -1 54200.dat
1  19 10 -16 340 -1 0 0 0 1 0 0 0 -1 54200.dat
1  19 30 -16 340 -1 0 0 0 1 0 0 0 -1 54200.dat
1  19 50 -16 340 -1 0 0 0 1 0 0 0 -1 54200.dat
1  19 70 -16 340 -1 0 0 0 1 0 0 0 -1 54200.dat
1  19 90 -16 340 -1 0 0 0 1 0 0 0 -1 54200.dat
1  19 110 -16 340 -1 0 0 0 1 0 0 0 -1 54200.dat
1  19 130 -16 340 -1 0 0 0 1 0 0 0 -1 54200.dat
1  19 -50 -16 300 -1 0 0 0 1 0 0 0 -1 54200.dat
1  19 -50 -24 230 0 0 -1 0 1 0 1 0 0 3666.dat
1  19 -50 -24 130 0 0 -1 0 1 0 1 0 0 3710.dat
1  19 130 -24 290 0 0 -1 0 1 0 1 0 0 3710.dat
1  19 130 -24 190 0 0 -1 0 1 0 1 0 0 3666.dat
1  19 130 -24 170 0 0 -1 0 1 0 1 0 0 3460.dat
1  19 40 -24 310 1 0 0 0 1 0 0 0 1 3034.dat
1  71 40 -24 270 1 0 0 0 1 0 0 0 1 3034.dat
1  71 -30 -24 210 0 0 1 0 1 0 -1 0 0 3710.dat
1  71 110 -24 210 0 0 1 0 1 0 -1 0 0 3710.dat
1  0 40 -24 190 -1 0 0 0 1 0 0 0 -1 3023.dat
1  19 -20 -32 310 0 0 1 0 1 0 -1 0 0 3068B.dat
1  19 20 -32 310 0 0 1 0 1 0 -1 0 0 3068B.dat
1  19 50 -32 320 0 0 1 0 1 0 -1 0 0 30039.dat
1  19 50 -24 300 -1 0 0 0 1 0 0 0 -1 54200.dat
1  19 70 -24 320 -1 0 0 0 1 0 0 0 -1 54200.dat
1  19 130 -24 320 -1 0 0 0 1 0 0 0 -1 54200.dat
1  40 100 -48 320 -1 0 0 0 1 0 0 0 -1 4865A.dat
1  15 100 -48 300 1 0 0 0 1 0 0 0 1 3937.dat
1  19 130 -24 300 1 0 0 0 1 0 0 0 1 54200.dat
1  19 70 -24 300 1 0 0 0 1 0 0 0 1 54200.dat
1  19 -50 -32 280 0 0 1 0 1 0 -1 0 0 30039.dat
1  19 -30 -24 280 -1 0 0 0 1 0 0 0 -1 54200.dat
1  19 -10 -24 280 -1 0 0 0 1 0 0 0 -1 54200.dat
1  19 10 -24 280 -1 0 0 0 1 0 0 0 -1 54200.dat
1  19 30 -32 280 0 0 1 0 1 0 -1 0 0 30039.dat
1  19 50 -32 260 1 0 0 0 1 0 0 0 1 2420.dat
1  19 70 -24 280 -1 0 0 0 1 0 0 0 -1 54200.dat
1  19 130 -24 280 -1 0 0 0 1 0 0 0 -1 54200.dat
1  15 100 -24 280 -1 0 0 0 1 0 0 0 -1 85984.dat
1  15 100 -48 260 -1 0 0 0 1 0 0 0 -1 3937.dat
1  19 -10 -32 260 -1 0 0 0 1 0 0 0 -1 3623.dat
1  19 -50 -24 260 -1 0 0 0 1 0 0 0 -1 54200.dat
1  0 30 -24 260 -1 0 0 0 1 0 0 0 -1 54200.dat
1  19 -50 -32 170 0 0 -1 0 1 0 1 0 0 3460.dat
1  19 130 -32 240 0 0 -1 0 1 0 1 0 0 3623.dat
1  19 130 -32 150 0 0 -1 0 1 0 1 0 0 3666.dat
1  19 40 -32 230 1 0 0 0 1 0 0 0 1 3034.dat
1  15 -30 -32 200 0 0 1 0 1 0 -1 0 0 2420.dat
1  15 110 -32 200 -1 0 0 0 1 0 0 0 -1 2420.dat
1  28 40 -32 190 -1 0 0 0 1 0 0 0 -1 32028.dat
1  19 40 -24 170 -1 0 0 0 1 0 0 0 -1 3024.dat
1  19 40 -24 70 -1 0 0 0 1 0 0 0 -1 3024.dat
1  19 40 -32 70 -1 0 0 0 1 0 0 0 -1 3024.dat
1  19 40 -32 170 -1 0 0 0 1 0 0 0 -1 3024.dat
1  19 40 -40 170 0 0 1 0 1 0 -1 0 0 30039.dat
1  19 40 -40 70 0 0 1 0 1 0 -1 0 0 30039.dat
1  19 40 -32 120 0 0 1 0 1 0 -1 0 0 3001.dat
1  19 40 -40 100 0 0 1 0 1 0 -1 0 0 3068B.dat
1  19 40 -40 140 0 0 1 0 1 0 -1 0 0 3068B.dat
1  19 -50 -40 210 0 0 1 0 1 0 -1 0 0 2431.dat
1  19 -50 -40 130 0 0 1 0 1 0 -1 0 0 2431.dat
1  19 -30 -40 210 0 0 1 0 1 0 -1 0 0 2431.dat
1  19 -10 -40 230 0 0 1 0 1 0 -1 0 0 2431.dat
1  19 -30 -40 260 0 0 1 0 1 0 -1 0 0 30039.dat
1  19 40 -40 190 -1 0 0 0 1 0 0 0 -1 3069B.dat
1  19 40 -40 230 0 0 1 0 1 0 -1 0 0 3068B.dat
1  19 50 -40 270 0 0 -1 0 1 0 1 0 0 3069B.dat
1  19 70 -40 230 0 0 1 0 1 0 -1 0 0 2431.dat
1  19 10 -40 230 0 0 1 0 1 0 -1 0 0 2431.dat
1  19 110 -40 210 0 0 1 0 1 0 -1 0 0 2431.dat
1  19 130 -40 210 0 0 1 0 1 0 -1 0 0 2431.dat
1  19 130 -40 130 0 0 1 0 1 0 -1 0 0 2431.dat
1  19 130 -40 260 0 0 1 0 1 0 -1 0 0 30039.dat
1  19 90 -40 240 0 0 1 0 1 0 -1 0 0 30039.dat
1  19 90 -40 210 0 0 1 0 1 0 -1 0 0 3069B.dat
1  19 3.128689 -40 59.75377 0.9876884 0 0.1564344 0 1 0 -0.1564344 0 0.9876884 3003.dat
1  19 -21.31811 -40 33.2518 0.9876884 0 0.1564344 0 1 0 -0.1564344 0 0.9876884 30414.dat
1  19 -4.110323 -40 141.8975 -0.1564344 0 0.9876884 0 1 0 -0.9876884 0 -0.1564344 3001.dat
1  19 2.147055 -48 181.405 -0.1564344 0 0.9876884 0 1 0 -0.9876884 0 -0.1564344 3022.dat
1  19 -32.17663 -48 156.4674 0.9876884 0 0.1564344 0 1 0 -0.1564344 0 0.9876884 2420.dat
1  19 17.20779 -48 148.6457 0.9876884 0 0.1564344 0 1 0 -0.1564344 0 0.9876884 3023.dat
1  19 -13.49639 -48 82.63623 -0.1564344 0 0.9876884 0 1 0 -0.9876884 0 -0.1564344 3032.dat
1  19 -56.13255 -26 69.14024 0.1564344 0.9876884 0 0 0 1 0.9876884 -0.1564344 0 44728.dat
1  40 3.711426 -72 191.2819 -0.9876882 0 -0.1564345 0 1 0 0.1564345 0 -0.9876882 4865A.dat
1  15 0.5827484 -72 171.5281 0.9876881 0 0.1564346 0 1 0 -0.1564346 0 0.9876881 3937.dat
1  15 -29.04794 -48 176.2212 0.9876881 0 0.1564346 0 1 0 -0.1564346 0 0.9876881 54200.dat
1  40 -32.17663 -48 156.4674 -0.987688 0 -0.1564346 0 1 0 0.1564346 0 -0.987688 54200.dat
1  40 27.08467 -48 147.0814 -0.987688 0 -0.1564346 0 1 0 0.1564346 0 -0.987688 54200.dat
1  15 -15.55155 -56 133.585 0.1564346 0 -0.9876879 0 1 0 0.9876879 0 0.1564346 2420.dat
1  15 4.202209 -56 130.4563 0.9876879 0 0.1564347 0 1 0 -0.1564347 0 0.9876879 2420.dat
1  15 23.95597 -56 127.3276 0.1564346 0 -0.9876879 0 1 0 0.9876879 0 0.1564346 54200.dat
1  15 -35.30531 -56 136.7137 -0.1564347 0 0.9876878 0 1 0 -0.9876878 0 -0.1564347 54200.dat
1  15 -5.674671 -80 132.0206 -0.987688 0 -0.1564346 0 1 0 0.1564346 0 -0.987688 3937.dat
1  15 -28.55712 -48 115.3955 0.9876879 0 0.1564347 0 1 0 -0.1564347 0 0.9876879 85984.dat
1  15 10.95041 -48 109.1382 0.9876879 0 0.1564347 0 1 0 -0.1564347 0 0.9876879 85984.dat
1  40 17.6986 -48 87.82006 -0.987688 0 -0.1564346 0 1 0 0.1564346 0 -0.987688 54200.dat
1  40 -41.56269 -48 97.20612 -0.987688 0 -0.1564346 0 1 0 0.1564346 0 -0.987688 54200.dat
1  15 -11.93205 -72 92.51309 -0.987688 0 -0.1564346 0 1 0 0.1564346 0 -0.987688 3937.dat
1  15 4.693039 -48 69.63065 0.9876879 0 0.1564347 0 1 0 -0.1564347 0 0.9876879 85984.dat
1  15 -34.8145 -48 75.88802 0.9876879 0 0.1564347 0 1 0 -0.1564347 0 0.9876879 85984.dat
1  15 11.44123 -48 48.31254 -0.987688 0 -0.1564346 0 1 0 0.1564346 0 -0.987688 54200.dat
1  15 -47.82007 -48 57.6986 -0.987688 0 -0.1564346 0 1 0 0.1564346 0 -0.987688 54200.dat
1  15 -18.18943 -72 53.00557 -0.987688 0 -0.1564346 0 1 0 0.1564346 0 -0.987688 3937.dat
1  40 8.312538 -48 28.55877 0.9876879 0 0.1564347 0 1 0 -0.1564347 0 0.9876879 54200.dat
1  40 -50.94876 -48 37.94484 0.9876879 0 0.1564347 0 1 0 -0.1564347 0 0.9876879 54200.dat
1  40 -21.31812 -56 33.2518 0.9876879 0 0.1564347 0 1 0 -0.1564347 0 0.9876879 3023.dat
1  40 -11.44124 -56 31.68745 0.9876879 0 0.1564347 0 1 0 -0.1564347 0 0.9876879 54200.dat
1  40 -31.19499 -56 34.81614 0.9876879 0 0.1564347 0 1 0 -0.1564347 0 0.9876879 54200.dat
1  19 -24.13393 -30 15.47341 0.9876876 0.1564347 0 0 0 -1 -0.1564346 0.9876883 0 3023.dat
1  19 -22.88246 -30 23.37492 0 0.1564347 -0.9876882 -1 0 0 0 0.9876881 0.1564347 93273.dat
1  19 101.3181 -40 33.25181 0.9876884 0 -0.1564344 0 1 0 0.1564344 0 0.9876884 30414.dat
1  19 76.87131 -40 59.75377 0.9876884 0 -0.1564344 0 1 0 0.1564344 0 0.9876884 3003.dat
1  19 84.11032 -40 141.8975 0.1564344 0 0.9876884 0 1 0 -0.9876884 0 0.1564344 3001.dat
1  19 76.2886 -48 191.2819 0.1564344 0 0.9876884 0 1 0 -0.9876884 0 0.1564344 3021.dat
1  19 52.91533 -48 147.0814 0.9876884 0 -0.1564344 0 1 0 0.1564344 0 0.9876884 2420.dat
1  19 112.1766 -48 156.4674 -0.1564344 0 -0.9876884 0 1 0 0.9876884 0 -0.1564344 2420.dat
1  19 93.49639 -48 82.63623 -0.1564344 0 -0.9876884 0 1 0 0.9876884 0 -0.1564344 3032.dat
1  19 136.1326 -26 69.13983 0.1564344 -0.9876884 0 0 0 1 -0.9876884 -0.1564344 0 44728.dat
1  40 73.15991 -72 211.0357 -0.9876882 0 0.1564343 0 1 0 -0.1564343 0 -0.9876882 4865A.dat
1  15 76.28862 -72 191.282 0.9876881 0 -0.1564341 0 1 0 0.1564341 0 0.9876881 3937.dat
1  40 52.91534 -48 147.0814 0.9876881 0 -0.1564341 0 1 0 0.1564341 0 0.9876881 54200.dat
1  40 112.1766 -48 156.4674 0.9876881 0 -0.1564341 0 1 0 0.1564341 0 0.9876881 54200.dat
1  40 49.78664 -48 166.8351 -0.9876879 0 0.156434 0 1 0 -0.156434 0 -0.9876879 54200.dat
1  40 109.0479 -48 176.2212 -0.9876879 0 0.156434 0 1 0 -0.156434 0 -0.9876879 54200.dat
1  15 80.98165 -72 161.6513 -0.9876879 0 0.156434 0 1 0 -0.156434 0 -0.9876879 3300.dat
1  15 85.67467 -72 132.0206 -0.9876879 0 0.156434 0 1 0 -0.156434 0 -0.9876879 3937.dat
1  15 56.04401 -56 127.3276 -0.9876879 0 0.156434 0 1 0 -0.156434 0 -0.9876879 3024.dat
1  15 115.3053 -56 136.7137 -0.9876879 0 0.156434 0 1 0 -0.156434 0 -0.9876879 3024.dat
1  15 78.92648 -56 110.7025 -0.9876879 0 0.156434 0 1 0 -0.156434 0 -0.9876879 2420.dat
1  15 98.68026 -56 113.8312 0.1564339 0 0.9876878 0 1 0 -0.9876878 0 0.1564339 2420.dat
1  15 56.04402 -56 127.3276 -0.9876877 0 0.1564338 0 1 0 -0.1564338 0 -0.9876877 54200.dat
1  15 115.3053 -56 136.7137 -0.9876877 0 0.1564338 0 1 0 -0.1564338 0 -0.9876877 54200.dat
1  15 69.0496 -56 109.1382 0.9876876 0 -0.1564337 0 1 0 0.1564337 0 0.9876876 85984.dat
1  15 108.5571 -56 115.3956 0.9876876 0 -0.1564337 0 1 0 0.1564337 0 0.9876876 85984.dat
1  15 91.93204 -80 92.51311 -0.9876879 0 0.156434 0 1 0 -0.156434 0 -0.9876879 3937.dat
1  40 121.5627 -48 97.20615 -0.9876879 0 0.156434 0 1 0 -0.156434 0 -0.9876879 54200.dat
1  40 62.30139 -48 87.82008 -0.9876879 0 0.156434 0 1 0 -0.156434 0 -0.9876879 54200.dat
1  15 114.8145 -48 75.88803 0.9876876 0 -0.1564337 0 1 0 0.1564337 0 0.9876876 85984.dat
1  15 75.30698 -48 69.63066 0.9876876 0 -0.1564337 0 1 0 0.1564337 0 0.9876876 85984.dat
1  15 68.55877 -48 48.31255 -0.9876877 0 0.1564338 0 1 0 -0.1564338 0 -0.9876877 54200.dat
1  15 127.8201 -48 57.69861 -0.9876877 0 0.1564338 0 1 0 -0.1564338 0 -0.9876877 54200.dat
1  40 71.68746 -48 28.55878 0.9876876 0 -0.1564337 0 1 0 0.1564337 0 0.9876876 54200.dat
1  40 130.9488 -48 37.94484 0.9876876 0 -0.1564337 0 1 0 0.1564337 0 0.9876876 54200.dat
1  40 101.3181 -56 33.25181 0.9876876 0 -0.1564337 0 1 0 0.1564337 0 0.9876876 3023.dat
1  15 98.18943 -72 53.00558 -0.9876879 0 0.156434 0 1 0 -0.156434 0 -0.9876879 3937.dat
1  40 91.44123 -56 31.68747 0.9876876 0 -0.1564337 0 1 0 0.1564337 0 0.9876876 54200.dat
1  40 111.195 -56 34.81615 0.9876876 0 -0.1564337 0 1 0 0.1564337 0 0.9876876 54200.dat
1  19 104.1339 -30 15.47341 0.9876876 -0.1564338 0 0 0 -1 0.1564337 0.9876885 0 3023.dat
1  19 102.8824 -30 23.37491 0 -0.1564338 -0.9876884 -1 0 0 0 0.9876884 -0.1564338 93273.dat
1  19 144.0341 -36 70.3913 0 -0.9876882 0.1564336 -1 0 0 0 -0.1564336 -0.9876883 3068B.dat
1  19 -64.03405 -36 70.39171 0.1564344 0.9876884 0 0 0 1 0.9876884 -0.1564344 0 3068B.dat
1  71 -16.77165 -66.22618 61.95706 0.9876878 -0.1417779 0.06611209 0 0.4226182 0.9063078 -0.1564345 -0.8951496 0.4174151 3938.dat
1  15 -17.80083 -91.11423 68.24403 0.9876878 -0.1417779 0.06611209 0 0.4226182 0.9063078 -0.1564345 -0.8951496 0.4174151 64225.dat
1  71 -0.07836485 -71.06309 167.354 -0.9876876 0.0661121 -0.1417778 0 0.9063076 0.4226182 0.1564344 0.417415 -0.8951495 3938.dat
1  15 3.674773 -94.01637 178.2654 -0.9876876 0.0661121 -0.1417778 0 0.9063076 0.4226182 0.1564344 0.417415 -0.8951495 64225.dat
1  71 96.77165 -66.22618 61.95707 0.9876876 0.1417772 -0.0661118 0 0.422618 0.9063076 0.1564337 -0.8951494 0.4174151 3938.dat
1  15 93.85007 -91.11422 67.61829 0.9876876 0.1417772 -0.0661118 0 0.422618 0.9063076 0.1564337 -0.8951494 0.4174151 64225.dat
1  71 100 -47.06308 295.7738 -1 0 0 0 0.9063073 0.4226182 0 0.4226181 -0.9063074 3938.dat
1  15 102 -70.01636 307.1381 -1 0 0 0 0.9063073 0.4226182 0 0.4226181 -0.9063074 64225.dat
1  15 100 -51.11145 254.7019 1 0 0 0 0.9205049 0.3907311 0 -0.3907311 0.9205049 30602.dat
1  71 100 -47.20506 263.9073 1 0 0 0 0.9205049 0.3907311 0 -0.3907311 0.9205049 3938.dat
1  71 77.33537 -69.43146 184.673 -0.9876879 -0.1046749 0.1162533 0 0.7431449 0.6691303 -0.1564342 0.6608924 -0.7339952 3938.dat
1  15 74.68517 -95.45053 201.4057 -0.9876879 -0.1046749 0.1162533 0 0.7431449 0.6691303 -0.1564342 0.6608924 -0.7339952 47753.dat
1  40 71.01044 -84.30637 224.6071 -0.9876879 -0.1046749 0.1162533 0 0.7431449 0.6691303 -0.1564342 0.6608924 -0.7339952 3023.dat
1  15 91.29212 -109.4875 96.55341 0.9876879 0.1281433 -0.08972688 0 0.5735765 0.8191516 0.156434 -0.8090669 0.5665146 47753.dat
1  71 90.6506 -75.73576 100.6038 -0.9876879 0.1281433 0.08972688 0 0.5735765 -0.8191516 -0.156434 -0.8090669 -0.5665146 6134.dat
1  0 89.62546 -80.32437 107.0763 -0.9876879 0.1281433 0.08972688 0 0.5735765 -0.8191516 -0.156434 -0.8090669 -0.5665146 3023.dat
1  40 95.26483 -103.9132 71.47065 -0.9876879 0.1281433 0.08972688 0 0.5735765 -0.8191516 -0.156434 -0.8090669 -0.5665146 3023.dat
1  71 -10.56385 -66.84808 101.1516 -0.9876878 -0.136821 -0.07584108 0 0.4848097 -0.8746192 0.1564347 -0.8638515 -0.4788406 6134.dat
1  0 -9.469277 -70.72656 108.0624 -0.9876878 -0.136821 -0.07584108 0 0.4848097 -0.8746192 0.1564347 -0.8638515 -0.4788406 3023.dat
1  15 -10.64994 -100.8436 100.608 0.9876878 -0.136821 0.07584108 0 0.4848097 0.8746192 -0.1564347 -0.8638515 0.4788406 47753.dat
1  40 -14.69205 -97.95438 75.08716 -0.9876878 -0.136821 -0.07584108 0 0.4848097 -0.8746192 0.1564347 -0.8638515 -0.4788406 3023.dat
1  71 -4.245566 -74.06738 141.0436 -0.9876876 -0.1429099 -0.06362757 0 0.4067366 -0.9135455 0.1564342 -0.9022983 -0.401729 6134.dat
1  15 -3.102286 -77.32127 148.262 -0.9876876 -0.1429099 -0.06362757 0 0.4067366 -0.9135455 0.1564342 -0.9022983 -0.401729 3069B.dat
1  15 -6.283665 -122.9985 128.1755 0.9876876 -0.1429099 0.06362757 0 0.4067366 0.9135455 -0.1564342 -0.9022983 0.401729 47753.dat
1  40 -7.933949 -107.3553 117.756 0.9876876 -0.1429099 0.06362757 0 0.4067366 0.9135455 -0.1564342 -0.9022983 0.401729 3023.dat
1  40 -9.077228 -104.1014 110.5377 0.9876876 -0.1429099 0.06362757 0 0.4067366 0.9135455 -0.1564342 -0.9022983 0.401729 3023.dat
1  40 -10.34978 -122.3723 102.5031 0.9876876 -0.1429099 0.06362757 0 0.4067366 0.9135455 -0.1564342 -0.9022983 0.401729 3023.dat
1  15 81.71291 -86.79152 157.0343 0.9876878 0.1381229 -0.07344125 0 0.4694715 0.8829476 0.1564338 -0.8720772 0.4636916 43712.dat
1  0 82.08347 -74.20626 154.6946 0.9876878 0.1381229 -0.07344125 0 0.4694715 0.8829476 0.1564338 -0.8720772 0.4636916 3023.dat
1  15 85.39169 -96.93892 133.8073 0.07344125 0.1381229 0.9876878 -0.8829476 0.4694715 0 -0.4636916 -0.8720772 0.1564338 3020.dat
1  71 84.29345 -66.69472 140.7414 -0.9876878 0.1381229 0.07344125 0 0.4694715 -0.8829476 -0.1564338 -0.8720772 -0.4636916 6134.dat
1  40 87.23109 -102.0126 122.1937 -0.9876878 0.1381229 0.07344125 0 0.4694715 -0.8829476 -0.1564338 -0.8720772 -0.4636916 3023.dat
1  40 88.69992 -119.6716 112.9199 -0.9876878 0.1381229 0.07344125 0 0.4694715 -0.8829476 -0.1564338 -0.8720772 -0.4636916 3023.dat
1  40 90.16875 -137.3305 103.6461 -0.9876878 0.1381229 0.07344125 0 0.4694715 -0.8829476 -0.1564338 -0.8720772 -0.4636916 3023.dat
1  15 80.97849 -77.96204 161.6713 0.9876878 0.1381229 -0.07344125 0 0.4694715 0.8829476 0.1564338 -0.8720772 0.4636916 85984.dat

0 WORLD  665.0645 -211.7491 -231.62 0.352773 -0.07043201 0.933053 0.6214723 0.7631056 -0.1773621 -0.6995292 0.6424251 0.3129774
0 CENTRE  0 0 0
0 LOOKAT  816 -254 0
0 ROTANGLE 0
0 ZOOM  56
