0 30456 Helicopter Polybag
0 Author: LEGO Digital Designer 4.3
1 0 -25.597000122070313 -100.00231170654297 -45.549587249755859 -4.4042888475814834E-005 0.0001889687409857288 1.0000001192092896 1.0000001192092896 0 4.4119595258962363E-005 0 1.0000001192092896 -0.00018889136845245957 2780.dat
1 0 24.392335891723633 -10.000738143920898 -79.558601379394531 0 0 1 0 0.99999994039535522 0 -1 0 0 3706.dat
1 71 24.407600402832031 -10.000834465026855 -5.5583982467651367 0 1.0000001192092896 0 0 0 1.0000001192092896 1.0000001192092896 0 0 32054.dat
1 0 -25.607677459716797 -30.002504348754883 -85.549880981445313 4.4641928980126977E-005 -1.0000001192092896 0 -1.0000001192092896 -4.4372220145305619E-005 0 0 0 -1 32140.dat
1 0 -25.607686996459961 -30.002504348754883 -85.549888610839844 1 0 0 0 1 0 0 0 1 3706.dat
1 0 24.392309188842773 -30.000730514526367 -85.557533264160156 1 0 0 0 1 0 0 0 1 6536.dat
1 71 9.3923139572143555 -30.000951766967773 -85.556488037109375 0.00018866498430725187 -4.4443961087381467E-005 -1 0 1 -4.4443077058531344E-005 1 0 0.00018866518803406507 32123a.dat
1 71 -60.607696533203125 -30.004066467285156 -85.543281555175781 0.00018866498430725187 -4.4443961087381467E-005 -1 0 1 -4.4443077058531344E-005 1 0 0.00018866518803406507 32123a.dat
1 0 -75.607704162597656 -30.005180358886719 -85.538604736328125 1 0 0 0 1 0 0 0 1 6536.dat
1 0 -10.597414970397949 -90.00164794921875 -45.55242919921875 0.00018916610861197114 -1.0000001192092896 4.4360316678648815E-005 0 -4.4249296479392797E-005 -1.0000001192092896 1.0000001192092896 0.0001890561543405056 0 41677.dat
1 72 -25.596553802490234 -110.00231170654297 -45.549518585205078 1 0 0 0 1 0 0 0 1 27940.dat
1 0 -5.5852293968200684 -110.00115966796875 14.446703910827637 -4.4372220145305619E-005 0.99999994039535522 -0.00018865427409764379 0.99999994039535522 4.4304746552370489E-005 -0.00018878627452068031 -0.000188777907169424 -0.0001886626414489001 -0.99999994039535522 32006.dat
1 0 -40.597427368164063 -90.002975463867188 -45.546756744384766 0.00018916610861197114 -1.0000001192092896 4.4360316678648815E-005 0 -4.4249296479392797E-005 -1.0000001192092896 1.0000001192092896 0.0001890561543405056 0 41677.dat
1 0 -45.585227966308594 -110.00289916992187 14.454296112060547 4.4473337766248733E-005 -1 0 -1 -4.4372220145305619E-005 0 0 0 -1 32006.dat
1 71 -25.585231781005859 -110.00204467773437 14.450409889221191 1 0 0 0 1 0 0 0 1 4519.dat
1 0 -20.585227966308594 -110.00181579589844 14.449564933776855 -4.4381089537637308E-005 -1 0.00018877445836551487 1 -4.4380212784744799E-005 0 0 0.00018877466209232807 0.99999994039535522 41677.dat
1 0 -30.585231781005859 -110.00225830078125 14.451375961303711 -4.4381089537637308E-005 -1 0.00018877445836551487 1 -4.4380212784744799E-005 0 0 0.00018877466209232807 0.99999994039535522 41677.dat
1 71 -25.615219116210937 -30.002685546875 -125.54988861083984 1 0 0 0 1 0 0 0 1 4519.dat
1 15 -5.5850181579589844 -30.001031875610352 34.446353912353516 4.4549928134074435E-005 1 0.00018877444381359965 -1 4.4549029553309083E-005 0 0 -0.00018877466209232807 1 32009.dat
1 15 -45.585025787353516 -30.002790451049805 34.453876495361328 4.4549928134074435E-005 1 0.00018877444381359965 -1 4.4549029553309083E-005 0 0 -0.00018877466209232807 1 32009.dat
1 71 -25.581449508666992 -110.00193023681641 34.450469970703125 1 0 0 0 1 0 0 0 1 4519.dat
1 71 -10.618109703063965 -50.002109527587891 -145.55262756347656 0.00018878419359680265 -4.4443968363339081E-005 -1 0 1 -4.4443080696510151E-005 1 0 0.00018878439732361585 32123a.dat
1 71 -25.618114471435547 -50.002784729003906 -145.54983520507812 1 0 0 0 1 0 0 0 1 4519.dat
1 0 -0.60300666093826294 -50.001274108886719 -65.554550170898437 4.4473337766248733E-005 -1 0 -1 -4.4372220145305619E-005 0 0 0 -1 32250.dat
1 71 -40.618137359619141 -50.003444671630859 -145.54696655273437 0.00018878419359680265 -4.4443968363339081E-005 -1 0 1 -4.4443080696510151E-005 1 0 0.00018878439732361585 32123a.dat
1 71 -25.601226806640625 -90.002410888671875 -65.549606323242188 1 0 0 0 1 0 0 0 1 4519.dat
1 71 -10.601222991943359 -90.001747131347656 -65.552413940429688 0.00018878419359680265 -4.4443968363339081E-005 -1 0 1 -4.4443080696510151E-005 1 0 0.00018878439732361585 32123a.dat
1 0 -50.602989196777344 -50.003498077392578 -65.54510498046875 4.4473337766248733E-005 -1 0 -1 -4.4372220145305619E-005 0 0 0 -1 32250.dat
1 71 -40.601245880126953 -90.003082275390625 -65.546791076660156 0.00018878419359680265 -4.4443968363339081E-005 -1 0 1 -4.4443080696510151E-005 1 0 0.00018878439732361585 32123a.dat
1 27 -25.597446441650391 -90.002311706542969 -45.549629211425781 -1 -4.454860754776746E-005 -4.4424770749174058E-005 -4.4424974475987256E-005 0 1.0000001192092896 -4.454840745893307E-005 1.0000001192092896 0 42003.dat
1 0 24.407571792602539 -30.000823974609375 -5.5574197769165039 1 0 0 0 1 0 0 0 1 6536.dat
1 0 -25.592437744140625 -30.002090454101563 -5.5499081611633301 1 0 0 0 1 0 0 0 1 3706.dat
1 71 9.4075593948364258 -30.000978469848633 -5.5564093589782715 0.00018616150191519409 -3.1853644031798467E-005 -1 0 1 -3.1854229746386409E-005 1 0 0.0001861614000517875 32123a.dat
1 0 -25.592443466186523 -30.002096176147461 -5.5499796867370605 -0.99999994039535522 0.00018616650777403265 0.00018629072292242199 0.00018629014084581286 0 1 0.00018616708985064179 1 0 6536.dat
1 71 -60.592460632324219 -30.003208160400391 -5.5434246063232422 0.00018616150191519409 -3.1853644031798467E-005 -1 0 1 -3.1854229746386409E-005 1 0 0.0001861614000517875 32123a.dat
1 0 -75.592445373535156 -30.004013061523438 -5.5388331413269043 1 0 0 0 1 0 0 0 1 6536.dat
1 72 -51.576835632324219 -150.07391357421875 -55.963470458984375 0.76032495498657227 0.64954304695129395 -7.5620613642968237E-005 -2.9181443096604198E-005 -8.2186481449753046E-005 -1.0000001192092896 -0.64954304695129395 0.76032489538192749 -4.3515523429960012E-005 99012.dat
1 71 -25.595125198364258 -150.07719421386719 -25.550443649291992 -0.64954286813735962 7.5624237069860101E-005 0.76032501459121704 8.1900543591473252E-005 0.99999994039535522 -2.9495711714844219E-005 -0.76032501459121704 4.3112304410897195E-005 -0.64954286813735962 4519.dat
1 72 0.38659051060676575 -150.08045959472656 4.8625116348266602 -0.76032483577728271 -0.64954298734664917 -7.5951553299091756E-005 2.9664950488950126E-005 8.2205486251041293E-005 -1 0.64954298734664917 -0.76032483577728271 -4.3235726479906589E-005 99012.dat
1 72 -25.593307495117188 -130.07719421386719 -25.549858093261719 -0.64954382181167603 -0.76032423973083496 8.8936234533321112E-005 8.1858393969014287E-005 4.7165918658720329E-005 1.0000001192092896 -0.76032423973083496 0.64954394102096558 3.1810348446015269E-005 32039.dat
1 14 -25.589788436889648 -70.002159118652344 -25.549724578857422 5.1561026339186355E-005 0.76032423973083496 -0.6495436429977417 0.99999994039535522 -4.2443552956683561E-005 2.9840633942512795E-005 0 -0.6495436429977417 -0.76032429933547974 44294.dat
1 71 -25.591934204101563 -110.00217437744141 -25.549558639526367 0.76032447814941406 0.64954346418380737 -4.8570378567092121E-005 -3.8180867704795673E-005 -3.0033850634936243E-005 -1 -0.64954346418380737 0.76032447814941406 0 6590.dat
1 0 -25.593957901000977 -70.002159118652344 -25.560335159301758 0.76032441854476929 -0.64954370260238647 4.8806159611558542E-005 -3.835821189568378E-005 3.0304068786790594E-005 1.0000001192092896 -0.64954370260238647 -0.76032435894012451 0 32270.dat
1 71 -25.591835021972656 -30.002161026000977 -25.560586929321289 -0.76032435894012451 0.64954358339309692 4.8760168283479288E-005 3.8348400266841054E-005 -3.0167053409968503E-005 1 0.64954358339309692 0.76032441854476929 0 6590.dat
1 0 -25.590442657470703 -10.002150535583496 -25.560287475585937 0.64954376220703125 0.76032423973083496 8.8992230303119868E-005 -8.1832891737576574E-005 -4.7114965127548203E-005 1 0.76032423973083496 -0.64954370260238647 3.1623465474694967E-005 32270.dat
1 0 -25.586833953857422 -40.002189636230469 -45.549930572509766 0 4.8432299081468955E-005 1 1 0 0 0 1 -4.845445801038295E-005 2780.dat
1 27 -25.600709915161133 -30.002195358276367 -45.549930572509766 -1 0 0 0 1 0 0 0 -1 87082.dat
1 27 -25.582441329956055 -90.002029418945313 34.449230194091797 -1 0.00015997397713363171 0.00016010008403100073 0.00016009761020541191 -1.537562275188975E-005 1 0.00015997645095922053 1 1.547587089589797E-005 87082.dat
1 15 -25.58738899230957 -50.003196716308594 -5.5499672889709473 1 0 0 0 -1 0 0 0 -1 32316.dat
1 1 -25.587963104248047 -50.003177642822266 14.449979782104492 1.2705047993222252E-005 0.47953322529792786 -0.87752389907836914 -1.0000001192092896 0 -1.2568457350425888E-005 0 0.87752389907836914 0.47953331470489502 6558.dat
1 0 -75.592788696289063 -10.004048347473145 -75.539817810058594 0 0 1 0 0.99999994039535522 0 -1 0 0 3706.dat
1 71 -75.5924072265625 -10.004024505615234 -5.539825439453125 0 1.0000001192092896 0 0 0 1.0000001192092896 1.0000001192092896 0 0 32054.dat
1 0 -25.584644317626953 -60.003215789794922 34.449954986572266 -6.3448300352320075E-005 0.00012039216380799189 1 1 0 6.350617331918329E-005 0 1 -0.00012033442908432335 2780.dat
1 0 -25.57447624206543 -90.001068115234375 -5.5507087707519531 1 0 0 0 1 0 0 0 1 32270.dat
1 71 -25.564414978027344 -90.002685546875 74.4493408203125 -0.00011591478687478229 -5.3535532060777768E-005 1 1.5960193195496686E-005 0.99999994039535522 5.3537383791990578E-005 -1 1.5966395949362777E-005 -0.00011591393558774143 60485.dat
1 71 -25.572166442871094 -90.001373291015625 14.449278831481934 5.3745872719446197E-005 -1 -1.5674162568757311E-005 -1 -5.3644300351152197E-005 1.579695162945427E-005 -1.5797792002558708E-005 1.5673313100705855E-005 -1 6590.dat
1 0 -25.555908203125 -90.003623962402344 154.44932556152344 1 0 0 0 1 0 0 0 1 32270.dat
1 27 -25.573766708374023 -70.003387451171875 74.44989013671875 1 4.199747127131559E-005 -0.00024069775827229023 4.1997493099188432E-005 -1 0 -0.00024069775827229023 0 -1 32524.dat
1 0 -25.56852912902832 -60.003471374511719 94.449943542480469 0 0 -1 1 0 0 0 -1 0 2780.dat
1 27 -25.557720184326172 -90.00360107421875 134.44935607910156 -5.7123703300021589E-005 -0.00010823051707120612 -1.0000001192092896 1.0000001192092896 1.3693156688532326E-005 -5.7156543334713206E-005 1.366798096569255E-005 -1.0000001192092896 0.00010826109792105854 15100.dat
1 0 -25.563713073730469 -60.003543853759766 114.44992828369141 0 0 -1 1 0 0 0 -1 0 2780.dat
1 27 -25.563913345336914 -50.203559875488281 154.44990539550781 1 0 0 0 -1 0 0 0 -1 11947.dat
1 4 -25.563945770263672 -50.203556060791016 164.44990539550781 0 0 -1 0 0.99999994039535522 0 1 0 0 32062.dat
1 27 -25.563970565795898 -70.203575134277344 174.44989013671875 0 0 1 0 -1 0 1 0 0 42003.dat
1 0 4.6360516548156738 -90.203536987304688 174.44999694824219 0 0 -1 0 0.99999994039535522 0 1 0 0 92842.dat
1 19 -8.5639524459838867 -90.203544616699219 174.44996643066406 0 0 -1.0000001192092896 0.26342380046844482 0.96468037366867065 0 0.96468031406402588 -0.26342380046844482 0 6589.dat
1 0 -15.563959121704102 -90.20355224609375 174.449951171875 -1 0 0 0 0.96467995643615723 -0.26342481374740601 0 -0.26342481374740601 -0.96467995643615723 18651.dat
1 71 -40.563983917236328 -90.203575134277344 174.4498291015625 0 0 -1 0.26342481374740601 0.964680016040802 0 0.96467995643615723 -0.26342481374740601 0 32123a.dat
1 36 -43.563968658447266 -70.203575134277344 174.44981384277344 0 1 0 -1 0 0 0 0 1 98138.dat
1 1 -35.56396484375 -70.203575134277344 174.44984436035156 -1 0 0 0 0 1 0 1 0 4274.dat
