0 30565 Birthday Clown
0 Author: marco9999
0 ROTATION CENTER 0 0 0 1 "Custom" 
0 ROTATION CONFIG 0 0
1 4 0.00552919 -162.75 -21.2001 -1 0 0 0 0 1 0 1 0 32474.dat
1 5 0.00554541 -162.75 -12.0001 -1 0 0 0 0 1 0 1 0 15573.dat
1 19 -2.30968e-005 -160.75 9.99995 1 0 0 0 1 0 0 0 1 99207.dat
1 15 -10 -182.75 -12.0001 1 0 0 0 0 -1 0 1 0 98138p0b.dat
1 15 9.99998 -182.75 -12.0001 1 0 0 0 0 -1 0 1 0 98138p0b.dat
1 19 -10 -184.75 9.9999 -1 0 0 0 1 0 0 0 -1 26604.dat
1 323 0.00556707 -240.75 9.99992 -1 0 0 0 1 0 0 0 -1 15470.dat
1 272 0.0055554 -240.75 9.99991 -1 0 0 0 1 0 0 0 -1 3942b.dat
1 19 0.00555858 -192.75 9.9999 -1 0 0 0 1 0 0 0 -1 15573.dat
1 85 -28 -174.75 9.9999 0 1 0 1 0 0 0 0 -1 6254.dat
1 19 9.99997 -184.75 9.99992 0 0 -1 0 1 0 1 0 0 26604.dat
1 27 28 -174.75 9.99994 0 -1 0 0 0 1 -1 0 0 6254.dat
1 19 0.00557192 -174.75 27.9999 -1 0 0 0 0 -1 0 -1 0 15573.dat
1 15 -10 -152.75 9.99997 0 0 1 0 1 0 -1 0 0 36841.dat
1 15 -24 -142.75 9.99997 0 1 0 0 0 1 1 0 0 49307.dat
1 191 0.00556968 -174.75 35.9999 1 0 0 0 0 1 0 -1 0 6254.dat
1 15 9.99998 -152.75 9.99994 0 0 -1 0 1 0 1 0 0 36841.dat
1 0 -56.2474 -32.0001 -32.5567 0.851135 0 0.524947 0 1 0 -0.524947 0 0.851135 18841.dat
1 0 -45.7484 -8.00012 -15.534 0.851135 0 0.524947 0 1 0 -0.524947 0 0.851135 3176.dat
1 15 -40.4989 -24.0001 -7.02264 0.851135 0 0.524947 0 1 0 -0.524947 0 0.851135 35480.dat
1 0 -40.4989 -16.0001 -7.02265 -0.851135 0 -0.524947 0 1 0 0.524947 0 -0.851135 88072.dat
1 4 -1.13465 -134.578 -10 0.999391 0 0.0348942 -0.0348942 0 0.999391 0 -1 0 33078.dat
1 15 24 -142.75 9.99994 0 -1 0 0 0 -1 1 0 0 49307.dat
1 322 -30.0001 -110.75 -20 -0.707107 0 0.707107 0.707107 0 0.707107 0 1 0 26601.dat
1 322 30 -110.75 -20 0.707107 0 -0.707107 -0.707107 0 -0.707107 0 1 0 26601.dat
1 14 -20 -112.75 10.0001 0 0 1 0 1 0 -1 0 0 92946.dat
1 72 -20 -104.75 10 -1 0 0 0 1 0 0 0 -1 22890.dat
1 15 -20 -96.7501 10 1 0 0 0 1 0 0 0 1 22885.dat
1 15 -10 -66.7501 -23.9999 -1 0 0 0 0 1 0 1 0 13548.dat
1 4 -10 -46.7501 -23.9999 0 0 1 1 0 0 0 1 0 13548.dat
1 4 -2.68221e-005 -56.7501 10 1 0 0 0 1 0 0 0 1 30414.dat
1 15 9.99997 -46.7501 -23.9999 1 0 0 0 0 -1 0 1 0 13548.dat
1 14 20 -112.75 10 0 0 -1 0 1 0 1 0 0 92946.dat
1 72 20 -104.75 10 1 0 0 0 1 0 0 0 1 22890.dat
1 15 20 -96.7501 10 1 0 0 0 1 0 0 0 1 22885.dat
1 4 9.99998 -66.7501 -23.9999 0 0 -1 -1 0 0 0 1 0 13548.dat
1 5 -20 -32.7501 10 1 0 0 0 1 0 0 0 1 35480.dat
1 5 20 -32.7501 10 1 0 0 0 1 0 0 0 1 35480.dat
1 5 -20 -24.7501 10 1 0 0 0 1 0 0 0 1 35480.dat
1 5 20 -24.7501 10 1 0 0 0 1 0 0 0 1 35480.dat
1 15 -3.12924e-005 -144.75 9.99997 1 0 0 0 1 0 0 0 1 35480.dat
1 15 -3.05474e-005 -136.75 9.99999 1 0 0 0 1 0 0 0 1 11476.dat
1 14 -3.12924e-005 -128.75 9.99999 -1 0 0 0 1 0 0 0 -1 99781.dat
1 14 -3.65078e-005 -120.75 10 1 0 0 0 1 0 0 0 1 99781.dat
1 322 -6.3777e-005 -110.75 -12 -1 0 0 0 0 1 0 1 0 92593.dat
1 4 -10 -68.7501 32 0 0 -1 1 0 0 0 -1 0 6636.dat
1 4 -1.71363e-005 -16.7501 10 -1 0 0 0 1 0 0 0 -1 99207.dat
1 4 9.99998 -68.7501 32 0 0 -1 1 0 0 0 -1 0 6636.dat
1 0 60.6294 -32.0001 -29.52 0.790402 0 -0.612589 0 1 0 0.612589 0 0.790402 18841.dat
1 0 48.3777 -8.00011 -13.712 0.790402 0 -0.612589 0 1 0 0.612589 0 0.790402 3176.dat
1 15 42.2518 -24.0001 -5.80796 0.790402 0 -0.612589 0 1 0 0.612589 0 0.790402 35480.dat
1 0 42.2518 -16.0001 -5.80797 -0.790402 0 0.612589 0 1 0 -0.612589 0 -0.790402 88072.dat
1 71 79.7402 -104.077 5.4737 -0.953396 -0.28458 -0.100256 0.115851 -0.0384628 -0.992522 0.278595 -0.957881 0.0696393 14418.dat
1 14 82.0169 -103.769 13.1367 0.953396 -0.284579 0.100256 -0.115851 -0.0384629 0.992522 -0.278594 -0.957881 -0.0696391 63868.dat
1 4 96.4593 -242.421 12.5343 0.994956 0.100255 0.00350392 -0.100255 0.992522 0.0696387 0.00350392 -0.0696387 0.997566 18841.dat
1 4 98.8654 -218.6 10.8629 0.994956 0.100255 0.00350392 -0.100255 0.992522 0.0696387 0.00350392 -0.0696387 0.997566 24947.dat
1 15 101.585 -191.678 8.97395 -0.994956 -0.100256 0.00350444 0.100256 -0.992522 0.0696383 -0.0035034 0.0696384 0.997566 63965a.dat
1 71 -69.4768 -77.5893 10.0001 0.536724 0.843758 0 -0.843758 0.536724 0 0 0 1 14418.dat
1 14 -76.2269 -81.8831 10 -0.536723 0.843758 0 0.843758 0.536724 0 0 0 -1 63868.dat
0
