0 3057_formula1
0 Author: marco
0 ROTATION CENTER 0 0 0 1 "Custom" 
0 ROTATION CONFIG 0 0
1 47 152.75 -115.149 -29.439 0 0 1 0 1 0 -1 0 0 2850.dat
1 3 152.761 -79.62 -29.439 1 0 0 0 1 0 0 0 1 2851.dat
1 0 152.761 -89.149 -9.439 1 0 0 0 1 0 0 0 1 32073.dat
1 14 192.761 -89.649 -30.064 -1 0 0 0 0 1 0 1 0 32184.dat
1 14 112.761 -89.649 -30.064 -1 0 0 0 0 1 0 1 0 32184.dat
1 0 152.761 -89.149 -49.439 1 0 0 0 1 0 0 0 1 32073.dat
1 14 242.761 -129.649 10.561 0 1 0 -1 0 0 0 0 1 2825.dat
1 0 152.761 -129.149 10.561 1 0 0 0 1 0 0 0 1 3737.dat
1 14 62.761 -129.649 10.561 0 -1 0 1 0 0 0 0 1 2825.dat
1 0 152.761 -129.149 50.561 1 0 0 0 1 0 0 0 1 3737.dat
1 14 187.761 -130.149 10.561 0 -1 0 1 0 0 0 0 1 32056.dat
1 14 117.761 -130.149 10.561 0 -1 0 1 0 0 0 0 1 32056.dat
1 0 172.761 -89.149 10.561 1 0 0 0 1 0 0 0 1 32062.dat
1 14 152.761 -89.149 10.561 0 0 -1 0 1 0 1 0 0 6538b.dat
1 0 132.761 -89.149 10.561 1 0 0 0 1 0 0 0 1 32062.dat
1 14 177.761 -89.649 -29.439 0 1 0 0 0 1 1 0 0 2905.dat
1 14 127.761 -89.649 -29.439 0 1 0 0 0 1 1 0 0 2905.dat
1 0 152.761 -89.149 -69.439 1 0 0 0 1 0 0 0 1 4519.dat
1 0 167.761 -89.149 -109.439 0 1 0 -1 0 0 0 0 1 32249.dat
1 0 152.761 -129.149 -109.439 1 0 0 0 1 0 0 0 1 32062.dat
1 7 152.761 -129.149 -109.439 0 0 1 0 1 0 -1 0 0 3713.dat
1 0 137.761 -89.649 -109.939 0 -1 0 0 0 -1 1 0 0 32249.dat
1 0 152.761 -89.149 -109.439 1 0 0 0 1 0 0 0 1 32062.dat
1 7 152.761 -89.149 -109.439 0 0 1 0 1 0 -1 0 0 3713.dat
1 7 172.761 -49.15 -69.44 0 0 -1 0 -1 0 -1 0 0 32126.dat
1 0 152.761 -49.15 -69.44 -1 0 0 0 1 0 0 0 -1 4519.dat
1 7 132.761 -50.149 -69.439 0 0 1 0 1 0 -1 0 0 32126.dat
1 14 147.761 -89.65 -68.94 0 -1 0 0 0 1 -1 0 0 6632.dat
1 14 157.761 -89.65 -68.94 0 -1 0 0 0 1 -1 0 0 6632.dat
1 7 192.261 -79.649 -29.439 0 -1 0 1 0 0 0 0 1 3749.dat
1 14 192.761 -49.65 -29.44 1 0 0 0 1 0 0 0 1 32014.dat
1 14 192.761 -49.65 -89.94 0 0 -1 -1 0 0 0 1 0 6553.dat
1 8 193.261 -57.65 -89.44 0 1 0 1 0 0 0 0 -1 6587.dat
1 14 192.261 -64.65 -89.44 1 0 0 0 -1 0 0 0 -1 32250.dat
1 0 192.761 -49.65 -169.94 0 0 -1 1 0 0 0 -1 0 32062.dat
1 0 192.261 -34.65 -89.44 1 0 0 0 -1 0 0 0 -1 32250.dat
1 0 233.261 -49.65 -89.44 0 1 0 -1 0 0 0 0 1 32062.dat
1 7 232.261 -49.65 -89.44 0 -1 0 0 0 1 -1 0 0 3713.dat
1 14 192.761 -49.649 -168.939 0 0 -1 1 0 0 0 -1 0 6553.dat
1 14 152.761 -49.649 -194.439 -1 0 0 0 0 -1 0 -1 0 2905.dat
1 14 112.761 -49.649 -168.939 0 0 1 -1 0 0 0 -1 0 6553.dat
1 14 112.761 -49.649 -229.439 1 0 0 0 -1 0 0 0 -1 32016.dat
1 0 112.761 -37.707 -256.964 0 0 -1 -0.382683 0.92388 0 0.92388 0.382683 0 32062.dat
1 14 112.761 -34.151 -266.856 -1 0 0 0 -0.923879 -0.382684 0 -0.382684 0.92388 32039.dat
1 0 112.761 -26.226 -284.68 1 0 0 0 0.92388 -0.382684 0 0.382684 0.92388 4519.dat
1 0 72.761 -26.688 -284.872 0 0 -1 0.92388 0.382684 0 0.382684 -0.92388 0 32016.dat
1 0 152.761 -26.226 -284.68 0 0 -1 -0.382683 0.92388 0 0.92388 0.382683 0 32034.dat
1 0 192.761 -26.226 -284.68 1 0 0 0 0.92388 -0.382684 0 0.382684 0.92388 4519.dat
1 14 192.761 -34.151 -266.856 -1 0 0 0 -0.923879 -0.382684 0 -0.382684 0.92388 32039.dat
1 0 192.761 -37.707 -256.964 0 0 -1 -0.382683 0.92388 0 0.92388 0.382683 0 32062.dat
1 14 192.761 -49.649 -229.439 1 0 0 0 -1 0 0 0 -1 32016.dat
1 0 232.761 -26.688 -284.872 0 0 1 -0.92388 0.382684 0 -0.382684 -0.92388 0 32016.dat
1 0 112.761 -49.649 -168.939 0 0 -1 -1 0 0 0 1 0 32062.dat
1 14 113.261 -64.649 -89.439 -1 0 0 0 1 0 0 0 -1 32250.dat
1 8 113.261 -57.649 -89.439 0 1 0 1 0 0 0 0 -1 6587.dat
1 0 113.261 -34.649 -89.439 -1 0 0 0 1 0 0 0 -1 32250.dat
1 0 73.261 -49.649 -89.439 0 1 0 -1 0 0 0 0 1 32062.dat
1 7 73.261 -49.649 -89.439 0 1 0 0 0 -1 -1 0 0 3713.dat
1 14 112.761 -49.649 -89.939 0 0 -1 -1 0 0 0 1 0 6553.dat
1 14 112.761 -49.649 -29.439 1 0 0 0 1 0 0 0 1 32014.dat
1 7 112.261 -79.649 -29.439 0 -1 0 1 0 0 0 0 1 3749.dat
1 14 112.761 -79.649 -108.939 0 -1 0 -1 0 0 0 0 -1 32039.dat
1 0 112.761 -79.149 -149.439 0 0 -1 0 1 0 1 0 0 32073.dat
1 14 112.761 -79.149 -149.439 0 0 -1 0 1 0 1 0 0 72706.dat
1 14 192.761 -79.149 -149.439 0 0 -1 0 1 0 1 0 0 72706.dat
1 14 112.761 -79.649 -209.439 1 0 0 0 -1 0 0 0 -1 32016.dat
1 14 192.761 -79.65 -108.94 0 -1 0 -1 0 0 0 0 -1 32039.dat
1 0 192.761 -79.15 -149.44 0 0 -1 0 1 0 1 0 0 32073.dat
1 14 192.761 -79.65 -209.44 1 0 0 0 -1 0 0 0 -1 32016.dat
1 7 152.761 -39.649 -29.439 0 0 1 0 1 0 -1 0 0 2852.dat
1 0 112.761 -49.149 -29.439 1 0 0 0 1 0 0 0 1 4519.dat
1 0 92.761 -49.149 -29.439 0 0 1 0 1 0 -1 0 0 32146.dat
1 3 152.761 -49.649 -29.439 0 0 1 -1 0 0 0 -1 0 2853.dat
1 7 167.761 -39.149 -29.439 0 0 -1 0 1 0 1 0 0 32123a.dat
1 14 153.261 -89.649 -184.439 -1 0 0 0 0 1 0 1 0 6632.dat
1 0 152.761 -49.149 -199.439 0 0 1 0 1 0 -1 0 0 32062.dat
1 7 152.761 -49.024 -209.439 0 0 -1 0 -1 0 -1 0 0 6536.dat
1 0 212.761 -49.15 -29.44 0 0 -1 0 1 0 1 0 0 32146.dat
1 7 202.761 -49.15 -29.44 1 0 0 0 1 0 0 0 1 3749.dat
1 0 212.761 -49.187 -229.247 0 0 -1 -0.382683 0.92388 0 0.92388 0.382683 0 32146.dat
1 7 202.761 -49.187 -229.247 1 0 0 0 0.92388 -0.382684 0 0.382684 0.92388 3749.dat
1 7 102.761 -49.187 -229.247 -1 0 0 0 0.92388 0.382684 0 0.382684 -0.92388 3749.dat
1 0 92.761 -49.187 -229.247 0 0 1 0.382684 0.923879 0 -0.92388 0.382684 0 32146.dat
1 0 152.762 -70.114 -209.623 -1 0 0 0 -0.929588 -0.368599 0 -0.368599 0.929588 32062.dat
1 14 152.762 -62.277 -228.03 1 0 0 0 0.929588 -0.3686 0 0.3686 0.929588 32310.dat
1 8 152.761 -68.899 -179.439 0 0 -1 0 1 0 1 0 0 32002.dat
0
