0 3057_touringcar
0 Author: marco
0 ROTATION CENTER 0 0 0 1 "Custom" 
0 ROTATION CONFIG 0 0
1 0 29.746 -17.5 70.627 0 0 1 0 1 0 -1 0 0 4519.dat
1 14 29.746 -17.5 60.627 0 0 1 0 1 0 -1 0 0 72706.dat
1 14 -90.254 -17.5 60.627 0 0 1 0 1 0 -1 0 0 72706.dat
1 14 29.746 -17.5 95.627 0 0 -1 -1 0 0 0 1 0 6632.dat
1 7 -10.254 -28.827 33.181 0 0 -1 0.382684 0.923879 0 0.923879 -0.382684 0 2736.dat
1 14 -10.254 -18 60.627 -1 0 0 0 1 0 0 0 -1 32016.dat
1 0 -10.254 -17.5 100.627 0 0 1 0 1 0 -1 0 0 4519.dat
1 14 -10.254 -17.5 105.627 0 0 -1 -1 0 0 0 1 0 6632.dat
1 0 -50.254 -17.5 100.627 0 0 1 0 1 0 -1 0 0 4519.dat
1 7 -50.254 -28.827 33.181 0 0 -1 0.382684 0.923879 0 0.923879 -0.382684 0 2736.dat
1 14 -50.254 -18 60.627 -1 0 0 0 1 0 0 0 -1 32016.dat
1 0 -90.254 -17.5 70.627 0 0 1 0 1 0 -1 0 0 4519.dat
1 14 -50.254 -17.5 95.627 0 0 -1 -1 0 0 0 1 0 6632.dat
1 14 -10.254 -18 121.127 1 0 0 0 -1 0 0 0 -1 32039.dat
1 14 -50.254 -18 121.127 1 0 0 0 -1 0 0 0 -1 32039.dat
1 0 4.746 -58.5 140.627 0 -1 0 1 0 0 0 0 1 32249.dat
1 0 -32.254 -17.5 140.627 -1 0 0 0 1 0 0 0 -1 32073.dat
1 14 -30.254 -18 121.127 1 0 0 0 -1 0 0 0 -1 32039.dat
1 14 30.246 -18 -99.373 0 -1 0 0 0 1 -1 0 0 6553.dat
1 14 4.746 -17.5 -19.373 0 -1 0 -1 0 0 0 0 -1 32250.dat
1 0 -10.254 -57.5 -19.373 -1 0 0 0 1 0 0 0 -1 32062.dat
1 14 -30.254 -57.5 -19.373 0 0 1 0 1 0 -1 0 0 6538b.dat
1 0 -10.254 -17.5 -19.373 -1 0 0 0 1 0 0 0 -1 32062.dat
1 0 -50.254 -57.5 -19.373 -1 0 0 0 1 0 0 0 -1 32062.dat
1 14 -90.754 -18 -99.373 0 1 0 0 0 1 1 0 0 6553.dat
1 14 -65.254 -17.5 -19.373 0 -1 0 -1 0 0 0 0 -1 32250.dat
1 14 -5.254 -58 -19.873 0 1 0 0 0 1 1 0 0 32056.dat
1 14 -30.254 -18 0.127 -1 0 0 0 -1 0 0 0 1 32039.dat
1 0 -50.254 -17.5 -19.373 -1 0 0 0 1 0 0 0 -1 32062.dat
1 0 -30.254 -57.5 20.627 -1 0 0 0 1 0 0 0 -1 32073.dat
1 7 -20.254 -57.5 20.627 0 0 -1 0 1 0 1 0 0 3713.dat
1 14 -55.254 -58 -19.873 0 1 0 0 0 1 1 0 0 32056.dat
1 7 -40.254 -57.5 20.627 0 0 1 0 1 0 -1 0 0 3713.dat
1 0 4.746 -57.5 100.627 0 -1 0 -1 0 0 0 0 -1 32250.dat
1 0 -65.254 -57.5 100.627 0 -1 0 -1 0 0 0 0 -1 32250.dat
1 0 -30.254 -57.5 100.627 -1 0 0 0 1 0 0 0 -1 32073.dat
1 14 14.746 -58 140.627 0 -1 0 0 0 1 -1 0 0 2905.dat
1 0 -0.254 -57.5 180.627 -1 0 0 0 1 0 0 0 -1 32062.dat
1 14 -75.254 -58 140.627 0 -1 0 0 0 1 -1 0 0 2905.dat
1 0 -30.254 -57.5 180.627 0 0 1 0 1 0 -1 0 0 32034.dat
1 0 -65.254 -58.5 140.627 0 -1 0 1 0 0 0 0 1 32249.dat
1 0 -60.254 -57.5 180.627 -1 0 0 0 1 0 0 0 -1 32062.dat
1 0 19.746 -37.5 -19.373 0 0 -1 0 1 0 1 0 0 32146.dat
1 7 9.746 -37.5 -19.373 1 0 0 0 1 0 0 0 1 3749.dat
1 14 -10.254 -25.359 -78.92 -1 0 0 0 0.99245 -0.122652 0 -0.122652 -0.99245 32016.dat
1 0 -10.254 -21.183 -49.208 0 0 1 -0.122653 0.99245 0 -0.99245 -0.122653 0 32062.dat
1 7 -10.254 -19.957 -39.283 1 0 0 0 -0.992449 -0.122655 0 0.122655 -0.992449 32126.dat
1 14 -50.254 -25.312 -78.926 -1 0 0 0 0.992545 -0.121876 0 -0.121876 -0.992545 32016.dat
1 0 -50.254 -21.16 -49.21 0 0 1 -0.121877 0.992545 0 -0.992545 -0.121877 0 32062.dat
1 7 -50.254 -20.934 -39.163 -1 0 0 0 0.992546 -0.121873 0 -0.121873 -0.992546 32126.dat
1 7 -70.254 -37.5 -19.373 -1 0 0 0 1 0 0 0 -1 3749.dat
1 0 -80.254 -37.5 -19.373 0 0 1 0 1 0 -1 0 0 32146.dat
1 7 -5.254 -77.522 100.774 0 0 1 0.294146 0.95576 0 -0.95576 0.294146 0 32123a.dat
1 0 -10.254 -77.522 100.774 -1 0 0 0 0.955761 0.294146 0 0.294146 -0.955761 32062.dat
1 14 -30.254 -83.883 119.742 -1 0 0 0 0.955761 0.294146 0 0.294146 -0.955761 32310.dat
1 0 -10.254 -83.405 119.889 -1 0 0 0 0.955761 0.294146 0 0.294146 -0.955761 32062.dat
1 14 -0.254 -83.883 119.742 0 1 0 -0.955761 0 -0.294145 -0.294145 0 0.955761 2825.dat
1 0 -50.254 -77.522 100.774 -1 0 0 0 0.955761 0.294146 0 0.294146 -0.955761 32062.dat
1 7 -55.254 -77.522 100.774 0 0 1 0.294145 0.955761 0 -0.955761 0.294145 0 32123a.dat
1 0 -50.254 -83.405 119.889 -1 0 0 0 0.955761 0.294146 0 0.294146 -0.955761 32062.dat
1 14 36.246 -101.532 177.088 0 -1 0 0.294146 0 0.955761 -0.955761 0 0.294146 6553.dat
1 14 -60.254 -83.883 119.742 0 -1 0 0.955761 0 -0.294145 0.294145 0 0.955761 2825.dat
1 14 -96.754 -101.532 177.088 0 1 0 -0.294147 0 0.95576 0.95576 0 0.294147 6553.dat
1 0 29.746 -37.5 140.627 0 0 -1 0 1 0 1 0 0 32146.dat
1 7 19.746 -37.5 140.627 1 0 0 0 1 0 0 0 1 3749.dat
1 7 -80.254 -37.5 140.627 -1 0 0 0 1 0 0 0 -1 3749.dat
1 0 -90.254 -37.5 140.627 0 0 1 0 1 0 -1 0 0 32146.dat
1 7 -30.254 -57.5 160.627 -1 0 0 0 1 0 0 0 -1 3713.dat
1 8 -30.254 -57.5 182.627 0 0 -1 0 1 0 1 0 0 6587.dat
1 7 -30.254 -57.5 200.627 1 0 0 0 1 0 0 0 1 3713.dat
0
