0 30581 B
0 Author:  marco9999
0 CustomBrick
0 NumOfBricks:  37
1 27 -3.565000 -16.338000 -38.686000 0.819356 -0.573284 0.000000 0.000000 0.000000 -1.000000 0.573285 0.819356 0.000000 29119.dat
1 4 9.215000 -36.338000 -39.508000 -0.819356 -0.573285 0.000000 0.000000 0.000000 1.000000 -0.573285 0.819356 0.000000 3176.dat
1 27 12.822000 -16.338000 -27.220000 0.819356 -0.573284 0.000000 0.000000 0.000000 -1.000000 0.573285 0.819356 0.000000 29120.dat
1 14 21.995000 -46.338000 -40.330000 -0.819356 -0.573285 0.000000 0.000000 0.000000 1.000000 -0.573285 0.819356 0.000000 25269.dat
1 4 3.482000 -66.338000 -31.314000 0.573285 -0.819356 0.000000 0.000000 0.000000 1.000000 -0.819356 -0.573285 0.000000 6628.dat
1 14 10.194000 -86.338000 -58.350000 0.819357 -0.573284 0.000000 0.000000 0.000000 -1.000000 0.573284 0.819357 0.000000 25269.dat
1 4 13.801000 -96.338000 -46.063000 0.819357 -0.573284 0.000000 0.000000 0.000000 -1.000000 0.573284 0.819357 0.000000 3176.dat
1 27 1.021000 -116.338000 -45.241000 -0.819357 -0.573284 0.000000 0.000000 0.000000 1.000000 -0.573284 0.819357 0.000000 29120.dat
1 71 -22.251000 -66.338000 -27.121000 0.000000 0.000000 -1.000000 -1.000000 0.000000 0.000000 0.000000 1.000000 0.000000 14704.dat
1 191 -32.245000 -56.338000 -59.121000 1.000000 0.000000 0.000000 0.000000 0.000000 -1.000000 0.000000 1.000000 0.000000 50950.dat
1 0 -32.245000 -56.338000 -35.121000 -1.000000 0.000000 0.000000 0.000000 0.000000 1.000000 0.000000 1.000000 0.000000 15573.dat
1 0 -32.245000 -76.338000 -43.121000 -1.000000 0.000000 0.000000 0.000000 0.000000 1.000000 0.000000 1.000000 0.000000 15573.dat
1 4 -32.251000 -96.338000 -35.121000 -1.000000 0.000000 0.000000 0.000000 0.000000 1.000000 0.000000 1.000000 0.000000 73562.dat
1 4 -32.251000 -106.338000 -27.121000 -1.000000 0.000000 0.000000 0.000000 0.000000 1.000000 0.000000 1.000000 0.000000 15068.dat
1 320 -32.251000 -76.338000 -3.121000 0.000000 0.000000 -1.000000 -1.000000 0.000000 0.000000 0.000000 1.000000 0.000000 3021.dat
1 4 -32.251000 -76.338000 -19.121000 1.000000 0.000000 0.000000 0.000000 0.000000 -1.000000 0.000000 1.000000 0.000000 47457.dat
1 15 -32.251000 -116.338000 -19.121000 -1.000000 0.000000 0.000000 0.000000 0.000000 1.000000 0.000000 1.000000 0.000000 35480.dat
1 0 -32.251000 -126.338000 -27.121000 1.000000 0.000000 0.000000 0.000000 0.000000 -1.000000 0.000000 1.000000 0.000000 90194.dat
1 27 -60.408000 -16.338000 -38.632000 0.838405 0.545048 0.000000 0.000000 0.000000 -1.000000 -0.545048 0.838405 0.000000 29120.dat
1 4 -73.152000 -36.338000 -39.889000 -0.838405 0.545048 0.000000 0.000000 0.000000 1.000000 0.545048 0.838405 0.000000 3176.dat
1 27 -77.175990 -16.338000 -27.731000 0.838405 0.545048 0.000000 0.000000 0.000000 -1.000000 -0.545048 0.838405 0.000000 29119.dat
1 14 -85.896010 -46.338000 -41.146000 0.000000 0.545048 -0.838405 -1.000000 0.000000 0.000000 0.000000 0.838405 0.545048 25269.dat
1 4 -67.701000 -66.338000 -31.505000 -0.545048 -0.838405 0.000000 0.000000 0.000000 1.000000 -0.838405 0.545048 0.000000 6628.dat
1 14 -73.489000 -86.338000 -58.754000 0.000000 0.545048 0.838405 1.000000 0.000000 0.000000 0.000000 0.838405 -0.545048 25269.dat
1 4 -77.512000 -96.338000 -46.596000 0.838405 0.545048 0.000000 0.000000 0.000000 -1.000000 -0.545048 0.838405 0.000000 3176.dat
1 27 -64.768000 -116.338000 -45.339000 -0.838405 0.545048 0.000000 0.000000 0.000000 1.000000 0.545048 0.838405 0.000000 29119.dat
1 71 -42.251000 -66.338000 -27.121000 0.000000 0.000000 1.000000 1.000000 0.000000 0.000000 0.000000 1.000000 0.000000 14704.dat
1 321 46.575000 -96.338000 -23.131000 0.000000 -0.573284 -0.819357 -1.000000 0.000000 0.000000 0.000000 0.819357 -0.573284 24307.dat
1 320 33.795000 -116.338000 -22.309000 -0.819357 -0.573284 0.000000 0.000000 0.000000 1.000000 -0.573284 0.819357 0.000000 3021.dat
1 15 34.774720 -116.338000 -41.151700 -0.819356 -0.573285 0.000000 0.000000 0.000000 1.000000 -0.573285 0.819356 0.000000 14769p0k.dat
1 4 38.382000 -136.338000 -28.864000 0.000000 -0.573285 0.819356 1.000000 0.000000 0.000000 0.000000 0.819357 0.573285 43722.dat
1 321 -111.049000 -96.338000 -24.794000 0.000000 0.545048 0.838405 1.000000 0.000000 0.000000 0.000000 0.838405 -0.545048 24299.dat
1 320 -98.304000 -116.338000 -23.537000 -0.838405 0.545048 0.000000 0.000000 0.000000 1.000000 0.545048 0.838405 0.000000 3021.dat
1 4 -102.664000 -136.338000 -30.245000 0.000000 0.545048 -0.838405 -1.000000 0.000000 0.000000 0.000000 0.838405 0.545048 43723.dat
1 15 -98.640330 -116.338000 -42.402720 0.000000 0.545048 0.838405 1.000000 0.000000 0.000000 0.000000 0.838405 -0.545048 14769p0k.dat
1 321 59.355000 -126.338000 -23.953000 -0.819357 -0.573284 0.000000 0.000000 0.000000 1.000000 -0.573284 0.819357 0.000000 25269.dat
1 321 -123.793000 -126.338000 -26.051000 0.000000 0.545048 -0.838405 -1.000000 0.000000 0.000000 0.000000 0.838405 0.545048 25269.dat
