0 FILE 31313 - main.ldr
0 main
0 Name: 31313 - main.ldr
0 Author: Philippe Hurbain [Philo]
0 !LICENSE Redistributable under CCAL version 2.0 : see CAreadme.txt

1 16 -80 -52 0 0 0 -1 0.07 0.998 0 0.998 -0.07 0 31313 - track3r.ldr
1 15 323 -49 -247 0.848 0 0.53 0 1 0 -0.53 0 0.848 72156.dat
0 FILE 31313 - track.ldr
0 track
0 Name: 31313 - track.ldr
0 Author: Philippe Hurbain [Philo]
0 !LICENSE Redistributable under CCAL version 2.0 : see CAreadme.txt

1 0 0 0 0 0 -1 0 -1 0 0 0 0 -1 41239.dat
1 0 -10 0 100 -1 0 0 0 1 0 0 0 -1 2780.dat
1 0 -10 0 -100 -1 0 0 0 1 0 0 0 -1 2780.dat
1 1 -20 0 60 -1 0 0 0 1 0 0 0 -1 6558.dat
1 0 -20 0 120 0 1 0 1 0 0 0 0 -1 32523.dat
1 0 -20 0 -120 0 1 0 1 0 0 0 0 -1 32523.dat
0 STEP
1 72 -70 0 -120 1 0 0 0 -1 0 0 0 -1 55013.dat
1 0 -40 0 -120 0 0 1 1 0 0 0 1 0 56145.dat
1 14 -65 0 -120 0 0 1 1 0 0 0 1 0 32123b.dat
1 0 -20 0 40 0 -1 0 1 0 0 0 0 1 74695.dat
1 0 -40 0 40 0 -1 0 1 0 0 0 0 1 74695.dat
1 72 -70 0 40 1 0 0 0 -1 0 0 0 -1 55013.dat
0 STEP
1 0 -60 0 40 0 -1 0 1 0 0 0 0 1 74695.dat
1 0 -70 0 60 1 0 0 0 1 0 0 0 1 2780.dat
1 71 -40 0 -20 1 0 0 0 1 0 0 0 1 32073.dat
1 0 -20 0 -20 0 0 1 -1 0 0 0 -1 0 32498.dat
1 4 -40 0 -20 0 0 1 -1 0 0 0 -1 0 3713.dat
1 0 -60 0 -20 0 0 1 -1 0 0 0 -1 0 32498.dat
0 STEP
1 71 -40 0 120 1 0 0 0 1 0 0 0 1 32073.dat
1 14 -65 0 120 0 0 1 1 0 0 0 1 0 32123b.dat
1 0 -40 0 120 0 0 1 1 0 0 0 1 0 56145.dat
0 STEP
1 0 -80 0 0 0 -1 0 -1 0 0 0 0 -1 41239.dat
1 0 -90 0 20 -1 0 0 0 1 0 0 0 -1 2780.dat
1 256 -40 0 0 0 0 1 0 1 0 -1 0 0 31313 - 53992c05.dat
0 FILE 31313 - 3rdmotor.ldr
0 3rdmotor
0 Name: 31313 - 3rdmotor.ldr
0 Author: Philippe Hurbain [Philo]
0 !LICENSE Redistributable under CCAL version 2.0 : see CAreadme.txt

1 15 0 0 0 1 0 0 0 1 0 0 0 1 99455.dat
1 71 0 40 50 1 0 0 0 1 0 0 0 1 32073.dat
1 1 -30 40 70 -1 0 0 0 1 0 0 0 -1 43093.dat
1 1 30 40 70 1 0 0 0 -1 0 0 0 -1 43093.dat
1 4 -60 40 70 0 0 1 -1 0 0 0 -1 0 32034.dat
1 4 60 40 70 0 0 1 -1 0 0 0 -1 0 32034.dat
1 0 60 30 70 0 0 1 -1 0 0 0 -1 0 2780.dat
1 0 -60 30 70 0 0 1 -1 0 0 0 -1 0 2780.dat
1 1 -90 40 70 1 0 0 0 0 -1 0 1 0 43093.dat
1 1 90 40 70 -1 0 0 0 0 1 0 1 0 43093.dat
0 STEP
1 4 -60 40 50 0 0 1 -1 0 0 0 -1 0 32034.dat
1 4 60 40 50 0 0 1 -1 0 0 0 -1 0 32034.dat
1 0 60 30 50 0 0 1 -1 0 0 0 -1 0 2780.dat
1 0 -60 30 50 0 0 1 -1 0 0 0 -1 0 2780.dat
1 1 -90 40 50 1 0 0 0 0 -1 0 1 0 43093.dat
1 1 90 40 50 -1 0 0 0 0 1 0 1 0 43093.dat
0 STEP
1 71 0 40 30 -1 0 0 0 1 0 0 0 -1 44294.dat
1 4 40 40 30 0 0 1 0 1 0 -1 0 0 3713.dat
1 4 -40 40 30 0 0 -1 0 1 0 1 0 0 3713.dat
1 4 70 40 30 0 0 -1 0 1 0 1 0 0 59443.dat
1 4 -70 40 30 0 0 -1 0 1 0 1 0 0 59443.dat
0 STEP
1 71 100 40 30 -1 0 0 0 1 0 0 0 -1 4519.dat
1 71 -100 40 30 -1 0 0 0 1 0 0 0 -1 4519.dat
1 0 100 40 30 0 -1 0 1 0 0 0 0 1 32348.dat
1 0 -100 40 30 0 -1 0 1 0 0 0 0 1 32348.dat
1 0 110 72 114 -1 0 0 0 -1 0 0 0 1 2780.dat
1 0 -110 72 114 -1 0 0 0 -1 0 0 0 1 2780.dat
1 15 120 40 30 0 -1 0 -1 0 0 0 0 -1 41669.dat
1 15 -120 40 30 0 1 0 1 0 0 0 0 -1 41669.dat
0 STEP
1 0 120 88 186 0 -1 0 -1 0 0 0 0 -1 32348.dat
1 1 110 40 90 1 0 0 0 -0.6 -0.8 0 0.8 -0.6 43093.dat
1 0 -120 88 186 0 -1 0 -1 0 0 0 0 -1 32348.dat
1 1 -110 40 90 -1 0 0 0 -0.6 0.8 0 0.8 0.6 43093.dat
0 STEP
1 15 -60 20 10 1 0 0 0 1 0 0 0 1 31313 - 64391d03.dat
1 15 60 20 10 1 0 0 0 1 0 0 0 1 31313 - 64683d03.dat
0 FILE 31313 - ev3Cable-studio-1.ldr
0 ev3Cable-studio-1
0 Name: 31313 - ev3Cable-studio-1.ldr
0 Author: LDCad
0 !LICENSE Redistributable under CCAL version 2.0 : see CAreadme.txt

0 !CATEGORY electric
0 !KEYWORDS flexible, mindstorms, ev3, cable

0 !LDCAD CONTENT [type=path] [addFallBack=default] [looped=false] [displayKind=mm] [curveStep=0] [displayLenCor=0]
0 !LDCAD PATH_POINT [type=bezier] [posOri=0 0 14 0 0 1 -1 0 0 0 -1 0] [prevCPDist=25] [nextCPDist=54] [cirR=20] [cirDir=xyCW] [prevYRoll=0] [nextYRoll=0]
0 !LDCAD PATH_POINT [type=bezier] [posOri=-100 40 30 -1 0 0 0 -0.866025 0.5 0 0.5 0.866025] [prevCPDist=51] [nextCPDist=25] [cirR=20] [cirDir=xyCW] [prevYRoll=0] [nextYRoll=0]
0 !LDCAD PATH_POINT [type=bezier] [posOri=-100 150 10 -0.5 0 -0.866025 0.433013 -0.866025 -0.25 -0.75 -0.5 0.433013] [prevCPDist=25] [nextCPDist=38] [cirR=20] [cirDir=xyCW] [prevYRoll=0] [nextYRoll=0]
0 !LDCAD PATH_POINT [type=bezier] [posOri=-100 170 160 0 0 -1 1 0 0 0 -1 0] [prevCPDist=25] [nextCPDist=50.5] [cirR=20] [cirDir=xyCW] [prevYRoll=0] [nextYRoll=0]
0 !LDCAD PATH_POINT [type=bezier] [posOri=-100 100 220 0 0 -1 0.5 0.866025 0 0.866025 -0.5 0] [prevCPDist=25] [nextCPDist=38] [cirR=20] [cirDir=xyCW] [prevYRoll=0] [nextYRoll=0]
0 !LDCAD PATH_POINT [type=bezier] [posOri=-56.999997 68 238 0 0 1 1 0 0 0 1 0] [prevCPDist=30.5] [nextCPDist=25] [cirR=20] [cirDir=xyCW] [prevYRoll=0] [nextYRoll=0]

0 !LDCAD PATH_SKIN [donCol=0] [donOri=1 0 0 0 1 0 0 0 1] [donPart=932.dat] [donYSize=100%] [donCen=absCen] [donCenYOfs=0] [donFinScale=segMerge] [donPlace=refsStat] [donYAlign=0] [donInline=false] [segSize=50%] [segSizeTol=5%] [segsCnt=0] [segsGrp=0] [segsMaxMerge=1] [segsMrgAng=0] [segsMrgRollAng=0] [segsEdgeDelKind=keepFirstLeft]

0 !LDCAD PATH_CAP [group=start] [color=16] [posOri=0 0 0 -1 0 0 0 -1 0 0 0 1] [part=933c01.dat] [extraLen=0mm] [inlineRef=false]
0 !LDCAD PATH_CAP [group=end] [color=16] [posOri=-57 68 224 -1 0 0 0 -1 0 0 0 1] [part=933c01.dat] [extraLen=0mm] [inlineRef=false]

0 !LDCAD GENERATED [generator=LDCad 1.6c]
0 //This is the fallback LDraw content for above PATH configuration.
0 // Do not edit, any changes will be lost upon regeneration.
0 // The path is approx 237.04 mm (592.59) and exists out of 1185 segments.

0 //Some general hints about the document.
0 UNOFFICIAL PART
0 BFC CERTIFY CCW

0 //Start cap reference(s)
1 16 0 0 0 -1 0 0 0 -1 0 0 0 1 933c01.dat

0 //End cap reference(s)
1 16 -57 68 224 -1 0 0 0 -1 0 0 0 1 933c01.dat

0 //Fixed color segments
0 //  Skin meta #1 is using a static color.
0 //  To ensure correct edge colors those segments are placed in (a) subpart(s).
1 0 0 0 0 1 0 0 0 1 0 0 0 1 31313 - ev3Cable-studio-1_subPart1.ldr

0 FILE 31313 - ev3Cable-studio-1_subPart1.ldr
0 ev3Cable-studio-1_subPart1
0 Name: 31313 - ev3Cable-studio-1_subPart1.ldr
0 Author: LDCad
0 !LICENSE Redistributable under CCAL version 2.0 : see CAreadme.txt

0 !LDCAD GENERATED [generator=LDCad 1.6c] [master=31313 - ev3Cable-studio-1.ldr]
0 //This is additional fallback LDraw content for the "31313 - ev3Cable-studio-1.ldr" PATH configuration.
0 // Do not edit, any changes will be lost upon regeneration.
0 // The path is approx 237.04 mm (592.59) and exists out of 1185 segments.

0 //Some general hints about the document.
0 UNOFFICIAL PART
0 BFC CERTIFY CCW

0 //Segments
1 16 -0.013965 -0.000561 14.74987 0.000007 0.018621 0.999827 -1 0.000748 -0.000007 -0.000748 -0.999826 0.018621 932.dat
1 16 -0.023276 -0.000935 15.249783 -0.000872 0.018621 0.999826 -0.999999 0.000748 -0.000886 -0.000765 -0.999826 0.01862 932.dat
1 16 -0.032586 -0.00131 15.749696 -0.001758 0.018621 0.999825 -0.999998 0.000748 -0.001772 -0.000781 -0.999826 0.018619 932.dat
1 16 -0.068723 -0.002682 16.248628 -0.002585 0.05439 0.998516 -0.999994 0.002079 -0.002702 -0.002223 -0.998518 0.054384 932.dat
1 16 -0.095918 -0.003721 16.747887 -0.003478 0.05439 0.998514 -0.999991 0.002079 -0.003596 -0.002272 -0.998518 0.054382 932.dat
1 16 -0.123113 -0.004761 17.247145 -0.004376 0.05439 0.99851 -0.999988 0.002079 -0.004496 -0.00232 -0.998518 0.05438 932.dat
1 16 -0.178278 -0.006721 17.744353 -0.005136 0.091684 0.995775 -0.99998 0.003307 -0.005463 -0.003793 -0.995783 0.091665 932.dat
1 16 -0.22412 -0.008374 18.242244 -0.006039 0.091684 0.99577 -0.999974 0.003307 -0.006369 -0.003876 -0.995783 0.091662 932.dat
1 16 -0.269962 -0.010027 18.740136 -0.006948 0.091684 0.995764 -0.999968 0.003307 -0.007282 -0.00396 -0.995783 0.091658 932.dat
1 16 -0.344891 -0.012508 19.234772 -0.007619 0.130466 0.991423 -0.999956 0.00441 -0.008265 -0.005451 -0.991443 0.130427 932.dat
1 16 -0.410124 -0.014713 19.730494 -0.008527 0.130466 0.991416 -0.999948 0.00441 -0.009181 -0.00557 -0.991443 0.130422 932.dat
1 16 -0.475358 -0.016919 20.226215 -0.009442 0.130466 0.991408 -0.999939 0.00441 -0.010104 -0.00569 -0.991443 0.130417 932.dat
1 16 -0.57074 -0.019841 20.71734 -0.009998 0.170666 0.985278 -0.999924 0.005367 -0.011077 -0.007178 -0.985314 0.170599 932.dat
1 16 -0.656073 -0.022524 21.209997 -0.010908 0.170666 0.985269 -0.999914 0.005367 -0.012 -0.007336 -0.985314 0.170592 932.dat
1 16 -0.741406 -0.025208 21.702654 -0.011825 0.170666 0.985258 -0.999902 0.005367 -0.01293 -0.007494 -0.985314 0.170585 932.dat
1 16 -0.857868 -0.028479 22.189236 -0.01224 0.212171 0.977156 -0.999885 0.006151 -0.013861 -0.008951 -0.977213 0.212072 932.dat
1 16 -0.963954 -0.031554 22.677842 -0.013146 0.212171 0.977144 -0.999872 0.006151 -0.014788 -0.009148 -0.977213 0.212063 932.dat
1 16 -1.070039 -0.03463 23.166449 -0.014058 0.212171 0.977131 -0.999857 0.006151 -0.015721 -0.009346 -0.977213 0.212055 932.dat
1 16 -1.208116 -0.038143 23.647368 -0.014307 0.254827 0.966881 -0.99984 0.006734 -0.01657 -0.010734 -0.966963 0.254689 932.dat
1 16 -1.33553 -0.04151 24.13085 -0.015204 0.254827 0.966867 -0.999824 0.006734 -0.017497 -0.01097 -0.966963 0.254679 932.dat
1 16 -1.462943 -0.044877 24.614331 -0.016106 0.254827 0.966853 -0.999807 0.006734 -0.01843 -0.011207 -0.966963 0.254669 932.dat
1 16 -1.623053 -0.04851 25.088396 -0.016163 0.298422 0.954297 -0.999791 0.007088 -0.01915 -0.012479 -0.954408 0.298245 932.dat
1 16 -1.772264 -0.052054 25.5656 -0.017043 0.298422 0.954282 -0.999773 0.007088 -0.020072 -0.012754 -0.954408 0.298234 932.dat
1 16 -1.945386 -0.05565 26.034884 -0.017215 0.330303 0.943718 -0.999759 0.007157 -0.020743 -0.013606 -0.943848 0.3301 932.dat
1 16 -2.110538 -0.059228 26.506808 -0.018079 0.330303 0.943702 -0.99974 0.007157 -0.021657 -0.013907 -0.943848 0.330088 932.dat
1 16 -2.275689 -0.062807 26.978732 -0.018947 0.330303 0.943685 -0.999719 0.007157 -0.022577 -0.014211 -0.943848 0.330075 932.dat
1 16 -2.471885 -0.066299 27.439016 -0.018727 0.371695 0.928166 -0.999711 0.007043 -0.022991 -0.015082 -0.928328 0.371456 932.dat
1 16 -2.657733 -0.069821 27.90318 -0.019565 0.371695 0.928149 -0.99969 0.007043 -0.023894 -0.015418 -0.928328 0.371442 932.dat
1 16 -2.84358 -0.073342 28.367344 -0.020409 0.371695 0.92813 -0.999668 0.007043 -0.024803 -0.015756 -0.928328 0.371428 932.dat
1 16 -3.062326 -0.076568 28.817418 -0.019901 0.41556 0.909348 -0.999667 0.006649 -0.024916 -0.016401 -0.909542 0.415289 932.dat
1 16 -3.270106 -0.079893 29.272189 -0.020705 0.41556 0.90933 -0.999645 0.006649 -0.025801 -0.016768 -0.909542 0.415274 932.dat
1 16 -3.501873 -0.082829 29.715485 -0.02043 0.447543 0.894029 -0.999645 0.006132 -0.025913 -0.017079 -0.894242 0.447259 932.dat
1 16 -3.725644 -0.085895 30.162606 -0.021205 0.447543 0.894011 -0.999623 0.006132 -0.026779 -0.017467 -0.894242 0.447244 932.dat
1 16 -3.949416 -0.088961 30.609726 -0.021984 0.447543 0.893992 -0.999599 0.006132 -0.027651 -0.017857 -0.894242 0.447228 932.dat
1 16 -4.203264 -0.091351 31.040935 -0.02123 0.487646 0.872783 -0.999615 0.00523 -0.027238 -0.017847 -0.873026 0.487347 932.dat
1 16 -4.447087 -0.093966 31.477448 -0.021964 0.487646 0.872765 -0.999592 0.00523 -0.028078 -0.018257 -0.873026 0.487332 932.dat
1 16 -4.69091 -0.096581 31.913961 -0.022703 0.487646 0.872746 -0.999568 0.00523 -0.028924 -0.01867 -0.873026 0.487316 932.dat
1 16 -4.966172 -0.098242 32.3319 -0.021649 0.529565 0.847993 -0.9996 0.003958 -0.027991 -0.01818 -0.84826 0.529268 932.dat
1 16 -5.230954 -0.100221 32.75603 -0.022333 0.529565 0.847975 -0.999577 0.003958 -0.028797 -0.018607 -0.84826 0.529253 932.dat
1 16 -5.517912 -0.101321 33.16577 -0.02169 0.559132 0.828795 -0.999603 0.002786 -0.028039 -0.017987 -0.829074 0.55885 932.dat
1 16 -5.797479 -0.102715 33.580307 -0.022334 0.559132 0.828778 -0.999581 0.002786 -0.028816 -0.018421 -0.829074 0.558836 932.dat
1 16 -6.077045 -0.104108 33.994844 -0.022982 0.559132 0.82876 -0.999558 0.002786 -0.029598 -0.018858 -0.829074 0.558821 932.dat
1 16 -6.384241 -0.10418 34.389829 -0.021831 0.595973 0.802708 -0.999609 0.001025 -0.027948 -0.017479 -0.803004 0.595717 932.dat
1 16 -6.682228 -0.104692 34.791331 -0.022423 0.595973 0.802691 -0.999588 0.001025 -0.028684 -0.017917 -0.803004 0.595704 932.dat
1 16 -6.980214 -0.105205 35.192833 -0.023017 0.595973 0.802675 -0.999566 0.001025 -0.029424 -0.018359 -0.803004 0.595691 932.dat
1 16 -7.306483 -0.104067 35.572276 -0.021654 0.633682 0.77329 -0.999634 -0.001175 -0.02703 -0.01622 -0.773592 0.633476 932.dat
1 16 -7.623324 -0.10348 35.959072 -0.022185 0.633682 0.773275 -0.999615 -0.001175 -0.027716 -0.016655 -0.773592 0.633465 932.dat
1 16 -7.959159 -0.101547 36.329772 -0.021409 0.659008 0.751832 -0.999661 -0.002969 -0.025863 -0.014812 -0.75213 0.658848 932.dat
1 16 -8.288663 -0.100062 36.705837 -0.021895 0.659008 0.751818 -0.999644 -0.002969 -0.02651 -0.015238 -0.75213 0.658838 932.dat
1 16 -8.618167 -0.098578 37.081902 -0.022385 0.659008 0.751803 -0.999627 -0.002969 -0.027161 -0.015667 -0.75213 0.658828 932.dat
1 16 -8.971649 -0.095135 37.43601 -0.021168 0.690978 0.722565 -0.999698 -0.00558 -0.023951 -0.012518 -0.722854 0.690888 932.dat
1 16 -9.317138 -0.092345 37.797437 -0.021596 0.690978 0.722553 -0.999683 -0.00558 -0.024543 -0.012927 -0.722854 0.69088 932.dat
1 16 -9.67987 -0.087905 38.141824 -0.020855 0.713969 0.699867 -0.999731 -0.00778 -0.021854 -0.010158 -0.700134 0.713939 932.dat
1 16 -10.036854 -0.084015 38.491891 -0.021238 0.713969 0.699855 -0.999719 -0.00778 -0.022402 -0.010549 -0.700134 0.713933 932.dat
1 16 -10.393839 -0.080126 38.841958 -0.021623 0.713969 0.699843 -0.999706 -0.00778 -0.022952 -0.010942 -0.700134 0.713928 932.dat
1 16 -10.771741 -0.073953 39.169776 -0.020617 0.741859 0.670239 -0.999765 -0.010823 -0.018773 -0.006673 -0.670469 0.741908 932.dat
1 16 -11.14267 -0.068541 39.505011 -0.020943 0.741859 0.670229 -0.999756 -0.010823 -0.01926 -0.007035 -0.670469 0.741904 932.dat
1 16 -11.5136 -0.06313 39.840245 -0.021271 0.741859 0.670219 -0.999746 -0.010823 -0.01975 -0.007398 -0.670469 0.741901 932.dat
1 16 -11.905304 -0.055085 40.151439 -0.020342 0.769559 0.638252 -0.999791 -0.014335 -0.014582 -0.002072 -0.638415 0.769689 932.dat
1 16 -12.290083 -0.047917 40.470647 -0.020609 0.769559 0.638243 -0.999785 -0.014335 -0.015 -0.002394 -0.638415 0.769688 932.dat
1 16 -12.688557 -0.038728 40.772797 -0.020228 0.787818 0.615575 -0.999794 -0.017031 -0.011057 0.001773 -0.615672 0.788001 932.dat
1 16 -13.082467 -0.030212 41.080633 -0.020454 0.787818 0.615568 -0.99979 -0.017031 -0.011425 0.001483 -0.615672 0.788001 932.dat
1 16 -13.476376 -0.021697 41.388469 -0.020682 0.787818 0.61556 -0.999785 -0.017031 -0.011794 0.001192 -0.615672 0.788002 932.dat
1 16 -13.88699 -0.010401 41.674003 -0.020294 0.810092 0.585951 -0.999767 -0.020738 -0.005956 0.007327 -0.585936 0.810324 932.dat
1 16 -14.292036 -0.000033 41.966971 -0.020469 0.810092 0.585945 -0.999765 -0.020738 -0.006255 0.007084 -0.585936 0.810326 932.dat
1 16 -14.697082 0.010336 42.259939 -0.020646 0.810092 0.585939 -0.999763 -0.020738 -0.006556 0.00684 -0.585936 0.810329 932.dat
1 16 -15.118377 0.023818 42.529391 -0.02054 0.831757 0.55476 -0.99969 -0.024888 0.000302 0.014058 -0.554582 0.83201 932.dat
1 16 -15.534255 0.036262 42.806683 -0.020664 0.831757 0.554756 -0.99969 -0.024888 0.000077 0.013871 -0.554582 0.832013 932.dat
1 16 -15.960669 0.051035 43.067606 -0.020906 0.845804 0.533084 -0.999595 -0.027993 0.005214 0.019333 -0.532759 0.846046 932.dat
1 16 -16.383571 0.065031 43.333986 -0.020997 0.845804 0.533081 -0.999595 -0.027993 0.005042 0.019187 -0.532759 0.846049 932.dat
1 16 -16.806473 0.079028 43.600365 -0.021089 0.845804 0.533077 -0.999596 -0.027993 0.00487 0.019042 -0.532759 0.846053 932.dat
1 16 -17.242184 0.096197 43.845458 -0.021655 0.862883 0.50494 -0.999406 -0.032224 0.012207 0.026804 -0.504376 0.863068 932.dat
1 16 -17.673625 0.112309 44.097646 -0.021705 0.862883 0.504938 -0.999407 -0.032224 0.012106 0.026717 -0.504376 0.863071 932.dat
1 16 -18.105066 0.128421 44.349834 -0.021757 0.862883 0.504936 -0.999409 -0.032224 0.012005 0.02663 -0.504376 0.863073 932.dat
1 16 -18.548792 0.14802 44.579923 -0.022765 0.879261 0.475796 -0.999113 -0.036873 0.020337 0.035425 -0.474911 0.879321 932.dat
1 16 -18.988422 0.166456 44.817378 -0.022777 0.879261 0.475795 -0.999114 -0.036873 0.020311 0.035403 -0.474911 0.879322 932.dat
1 16 -19.43609 0.187513 45.039311 -0.023837 0.889978 0.45538 -0.998831 -0.040366 0.026606 0.042061 -0.454214 0.889899 932.dat
1 16 -19.881079 0.207695 45.266418 -0.023824 0.889978 0.455381 -0.99883 -0.040366 0.026635 0.042086 -0.454214 0.889898 932.dat
1 16 -20.326068 0.227878 45.493525 -0.023811 0.889978 0.455382 -0.998829 -0.040366 0.026663 0.042112 -0.454214 0.889897 932.dat
1 16 -20.780569 0.251536 45.700968 -0.025523 0.90266 0.429597 -0.998365 -0.044998 0.035235 0.051137 -0.427995 0.902333 932.dat
1 16 -21.231899 0.274035 45.914965 -0.025481 0.90266 0.429599 -0.998362 -0.044998 0.035333 0.051225 -0.427995 0.902328 932.dat
1 16 -21.683229 0.296534 46.128963 -0.025439 0.90266 0.429602 -0.998359 -0.044998 0.035431 0.051313 -0.427995 0.902323 932.dat
1 16 -22.143611 0.322818 46.32268 -0.027714 0.91473 0.403114 -0.997734 -0.050044 0.044964 0.061304 -0.400955 0.914044 932.dat
1 16 -22.600976 0.34784 46.523158 -0.027646 0.91473 0.403119 -0.997727 -0.050044 0.045134 0.061459 -0.400955 0.914034 932.dat
1 16 -23.058341 0.372862 46.723635 -0.027577 0.91473 0.403124 -0.997719 -0.050044 0.045304 0.061615 -0.400955 0.914023 932.dat
1 16 -23.523836 0.401813 46.904285 -0.030377 0.92557 0.377355 -0.996936 -0.055283 0.055344 0.072086 -0.374517 0.924413 932.dat
1 16 -23.986621 0.429455 47.091543 -0.030286 0.92557 0.377362 -0.996922 -0.055283 0.055584 0.072309 -0.374517 0.924396 932.dat
1 16 -24.454714 0.460046 47.264838 -0.032654 0.932647 0.35931 -0.996245 -0.059216 0.063165 0.080188 -0.355898 0.931078 932.dat
1 16 -24.921037 0.489654 47.442787 -0.03255 0.932647 0.35932 -0.996226 -0.059216 0.063455 0.080459 -0.355898 0.931055 932.dat
1 16 -25.38736 0.519262 47.620736 -0.032445 0.932647 0.359329 -0.996208 -0.059216 0.063746 0.08073 -0.355898 0.931031 932.dat
1 16 -25.859822 0.552713 47.781295 -0.035877 0.940832 0.33697 -0.995204 -0.06434 0.07368 0.091001 -0.332711 0.938628 932.dat
1 16 -26.330238 0.584883 47.94765 -0.035758 0.940832 0.336983 -0.995178 -0.06434 0.074032 0.091333 -0.332711 0.938596 932.dat
1 16 -26.800654 0.617052 48.114005 -0.035638 0.940832 0.336996 -0.995152 -0.06434 0.074384 0.091665 -0.332711 0.938563 932.dat
1 16 -27.276831 0.653375 48.262527 -0.039749 0.948514 0.314232 -0.993911 -0.069876 0.085195 0.102766 -0.308933 0.945516 932.dat
1 16 -27.751088 0.688313 48.416994 -0.039619 0.948514 0.314249 -0.993875 -0.069876 0.085609 0.10316 -0.308933 0.945473 932.dat
1 16 -28.225345 0.723251 48.57146 -0.039487 0.948514 0.314266 -0.99384 -0.069876 0.086024 0.103555 -0.308933 0.94543 932.dat
1 16 -28.70472 0.762487 48.708486 -0.044152 0.955338 0.292198 -0.992385 -0.075607 0.097242 0.114991 -0.28568 0.951401 932.dat
1 16 -29.182389 0.80029 48.851326 -0.044013 0.955338 0.292219 -0.992338 -0.075607 0.097716 0.115445 -0.28568 0.951346 932.dat
1 16 -29.660058 0.838094 48.994166 -0.043873 0.955338 0.29224 -0.992291 -0.075607 0.09819 0.1159 -0.28568 0.951291 932.dat
1 16 -30.142198 0.880303 49.120131 -0.049054 0.9613 0.271103 -0.990622 -0.081481 0.109676 0.127522 -0.26318 0.956282 932.dat
1 16 -30.622848 0.921044 49.251721 -0.04891 0.9613 0.271129 -0.990563 -0.081481 0.110206 0.128033 -0.26318 0.956213 932.dat
1 16 -31.103498 0.961784 49.383311 -0.048764 0.9613 0.271155 -0.990504 -0.081481 0.110736 0.128545 -0.26318 0.956145 932.dat
1 16 -31.588021 1.007034 49.498596 -0.054451 0.966464 0.250964 -0.988612 -0.087493 0.12244 0.140292 -0.241439 0.960222 932.dat
1 16 -32.071253 1.05078 49.619315 -0.054303 0.966464 0.250996 -0.98854 -0.087493 0.123021 0.140856 -0.241439 0.960139 932.dat
1 16 -32.554484 1.094527 49.740035 -0.054155 0.966464 0.251028 -0.988467 -0.087493 0.123604 0.141422 -0.241439 0.960056 932.dat
1 16 -33.041043 1.142886 49.844988 -0.060341 0.9709 0.231759 -0.986343 -0.093644 0.135495 0.153255 -0.220418 0.963291 932.dat
1 16 -33.526493 1.189708 49.955197 -0.060193 0.9709 0.231797 -0.986256 -0.093644 0.136124 0.153869 -0.220418 0.963193 932.dat
1 16 -34.014086 1.240055 50.054031 -0.065101 0.973756 0.218085 -0.9845 -0.098343 0.145219 0.162855 -0.20525 0.965065 932.dat
1 16 -34.500964 1.289226 50.156656 -0.064955 0.973756 0.218128 -0.984402 -0.098343 0.14588 0.163503 -0.20525 0.964955 932.dat
1 16 -34.987842 1.338398 50.259281 -0.064808 0.973756 0.218172 -0.984304 -0.098343 0.146542 0.164152 -0.20525 0.964845 932.dat
1 16 -35.47705 1.392074 50.347977 -0.071386 0.976864 0.201597 -0.98192 -0.10435 0.157936 0.175319 -0.186678 0.966651 932.dat
1 16 -35.965482 1.444249 50.441315 -0.071243 0.976864 0.201648 -0.981808 -0.10435 0.158634 0.176006 -0.186678 0.966526 932.dat
1 16 -36.453914 1.496424 50.534654 -0.0711 0.976864 0.201698 -0.981695 -0.10435 0.159332 0.176693 -0.186678 0.966401 932.dat
1 16 -36.944397 1.553444 50.613724 -0.078488 0.979599 0.185001 -0.978946 -0.110809 0.171422 0.188425 -0.167652 0.967672 932.dat
1 16 -37.434197 1.608848 50.69755 -0.078349 0.979599 0.18506 -0.978818 -0.110809 0.172155 0.189149 -0.167652 0.967531 932.dat
1 16 -37.923996 1.664253 50.781375 -0.078211 0.979599 0.185119 -0.978688 -0.110809 0.172888 0.189874 -0.167652 0.967389 932.dat
1 16 -38.415478 1.724676 50.851161 -0.086163 0.981842 0.169006 -0.975648 -0.117501 0.185214 0.201709 -0.148932 0.968056 932.dat
1 16 -38.906398 1.783427 50.925628 -0.086031 0.981842 0.169074 -0.975503 -0.117501 0.185976 0.202466 -0.148932 0.967898 932.dat
1 16 -39.397319 1.842177 51.000094 -0.085899 0.981842 0.169141 -0.975357 -0.117501 0.18674 0.203223 -0.148932 0.967739 932.dat
1 16 -39.889553 1.906083 51.060871 -0.094347 0.983592 0.15377 -0.972041 -0.124375 0.199164 0.215022 -0.13068 0.967827 932.dat
1 16 -40.381349 1.968271 51.126211 -0.094222 0.983592 0.153846 -0.97188 -0.124375 0.199952 0.215806 -0.13068 0.967652 932.dat
1 16 -40.873145 2.030459 51.191551 -0.094097 0.983592 0.153923 -0.971717 -0.124375 0.200741 0.216591 -0.13068 0.967477 932.dat
1 16 -41.365904 2.097934 51.24356 -0.103019 0.984875 0.139311 -0.968126 -0.131426 0.213212 0.228297 -0.112905 0.967023 932.dat
1 16 -41.858341 2.163647 51.300012 -0.102903 0.984875 0.139397 -0.967947 -0.131426 0.214021 0.229104 -0.112905 0.966832 932.dat
1 16 -42.350779 2.22936 51.356465 -0.102786 0.984875 0.139483 -0.967768 -0.131426 0.21483 0.229912 -0.112905 0.96664 932.dat
1 16 -42.843848 2.300498 51.399926 -0.112173 0.985717 0.125616 -0.963899 -0.138658 0.227317 0.241488 -0.095583 0.965685 932.dat
1 16 -43.336706 2.369827 51.447717 -0.112065 0.985717 0.125712 -0.963704 -0.138658 0.228141 0.242314 -0.095583 0.965478 932.dat
1 16 -43.829565 2.439156 51.495508 -0.111958 0.985717 0.125808 -0.963509 -0.138658 0.228965 0.243139 -0.095583 0.965271 932.dat
1 16 -44.32274 2.514052 51.530622 -0.121803 0.986139 0.112667 -0.959356 -0.14608 0.241445 0.254557 -0.078679 0.963852 932.dat
1 16 -44.815809 2.587092 51.569961 -0.121705 0.986139 0.112773 -0.959146 -0.14608 0.24228 0.255395 -0.078679 0.96363 932.dat
1 16 -45.308879 2.660132 51.609301 -0.121607 0.986139 0.112879 -0.958935 -0.14608 0.243114 0.256234 -0.078679 0.963407 932.dat
1 16 -45.801964 2.738888 51.636253 -0.131907 0.98616 0.100443 -0.954497 -0.153701 0.255562 0.267464 -0.062162 0.961561 932.dat
1 16 -46.295044 2.815739 51.667334 -0.131818 0.98616 0.100559 -0.954271 -0.153701 0.256403 0.26831 -0.062162 0.961325 932.dat
1 16 -46.788124 2.892589 51.698416 -0.13173 0.98616 0.100675 -0.954045 -0.153701 0.257242 0.269156 -0.062162 0.961088 932.dat
1 16 -47.28093 2.975312 51.717376 -0.142479 0.985795 0.088926 -0.949317 -0.16153 0.269638 0.280172 -0.046001 0.958847 932.dat
1 16 -47.773828 3.056077 51.740376 -0.142401 0.985795 0.089052 -0.949078 -0.16153 0.270478 0.281021 -0.046001 0.958599 932.dat
1 16 -48.266725 3.136842 51.763377 -0.142322 0.985795 0.089178 -0.948838 -0.16153 0.271319 0.28187 -0.046001 0.958349 932.dat
1 16 -48.759068 3.223644 51.7745 -0.153518 0.985055 0.078096 -0.943818 -0.169579 0.283639 0.292644 -0.030165 0.955746 932.dat
1 16 -49.251595 3.308433 51.789582 -0.153449 0.985055 0.078232 -0.943566 -0.169579 0.284476 0.293491 -0.030165 0.955486 932.dat
1 16 -49.744123 3.393222 51.804664 -0.153379 0.985055 0.078368 -0.943313 -0.169579 0.285313 0.294338 -0.030165 0.955225 932.dat
1 16 -50.23665 3.478012 51.819747 -0.15331 0.985055 0.078504 -0.94306 -0.169579 0.286148 0.295184 -0.030165 0.954964 932.dat
1 16 -50.728027 3.571023 51.819376 -0.168822 0.983521 0.064698 -0.93603 -0.180542 0.302081 0.308784 -0.009561 0.951084 932.dat
1 16 -51.219788 3.661294 51.824157 -0.168765 0.983521 0.064846 -0.935763 -0.180542 0.302907 0.309622 -0.009561 0.950812 932.dat
1 16 -51.711548 3.751565 51.828937 -0.168708 0.983521 0.064995 -0.935496 -0.180542 0.303731 0.31046 -0.009561 0.950538 932.dat
1 16 -52.202117 3.848293 51.822309 -0.180949 0.981932 0.055386 -0.929775 -0.189152 0.315815 0.320586 0.00565 0.947203 932.dat
1 16 -52.693082 3.942869 51.819485 -0.180901 0.981932 0.055544 -0.9295 -0.189152 0.316626 0.321412 0.00565 0.946923 932.dat
1 16 -53.184048 4.037445 51.81666 -0.180852 0.981932 0.055702 -0.929223 -0.189152 0.317436 0.322237 0.00565 0.946642 932.dat
1 16 -53.673554 4.13866 51.802625 -0.193511 0.979985 0.046727 -0.92321 -0.198004 0.329358 0.332018 0.020596 0.943048 932.dat
1 16 -54.163546 4.237663 51.792327 -0.193471 0.979985 0.046893 -0.922927 -0.198004 0.330151 0.332828 0.020596 0.942763 932.dat
1 16 -54.653539 4.336665 51.782029 -0.193431 0.979985 0.047059 -0.922644 -0.198004 0.330942 0.333636 0.020596 0.942477 932.dat
1 16 -55.141799 4.44251 51.760678 -0.20653 0.977675 0.038682 -0.916324 -0.207128 0.342707 0.343068 0.035334 0.938646 932.dat
1 16 -55.630637 4.546074 51.743011 -0.206497 0.977675 0.038855 -0.916036 -0.207128 0.343477 0.343857 0.035334 0.938357 932.dat
1 16 -56.119474 4.649639 51.725343 -0.206464 0.977675 0.039029 -0.915747 -0.207128 0.344245 0.344644 0.035334 0.938068 932.dat
1 16 -56.606305 4.76026 51.696761 -0.220004 0.974999 0.031236 -0.909116 -0.216538 0.355835 0.353702 0.049888 0.934027 932.dat
1 16 -57.093804 4.868529 51.671817 -0.219978 0.974999 0.031416 -0.908825 -0.216538 0.356579 0.354467 0.049888 0.933737 932.dat
1 16 -57.581303 4.976798 51.646873 -0.219953 0.974999 0.031596 -0.908533 -0.216538 0.357322 0.35523 0.049888 0.933447 932.dat
1 16 -58.066514 5.092349 51.611135 -0.233935 0.971947 0.024375 -0.901587 -0.226248 0.368719 0.36389 0.06428 0.929221 932.dat
1 16 -58.552487 5.205473 51.578995 -0.233916 0.971947 0.024561 -0.901294 -0.226248 0.369434 0.364627 0.06428 0.928932 932.dat
1 16 -59.03846 5.318597 51.546855 -0.233896 0.971947 0.024746 -0.901001 -0.226248 0.370147 0.365362 0.06428 0.928644 932.dat
1 16 -59.521855 5.439239 51.504026 -0.248324 0.968508 0.018085 -0.893733 -0.236272 0.381336 0.373599 0.078532 0.92426 932.dat
1 16 -60.006109 5.557376 51.46476 -0.24831 0.968508 0.018274 -0.893442 -0.236272 0.382018 0.374305 0.078532 0.923974 932.dat
1 16 -60.490363 5.675512 51.425494 -0.248296 0.968508 0.018463 -0.89315 -0.236272 0.382698 0.375009 0.078532 0.923689 932.dat
1 16 -60.971738 5.801415 51.375629 -0.263173 0.96467 0.01235 -0.885553 -0.246629 0.393663 0.3828 0.092665 0.919172 932.dat
1 16 -61.454073 5.924729 51.329297 -0.263164 0.96467 0.012542 -0.885265 -0.246629 0.394309 0.383471 0.092665 0.918892 932.dat
1 16 -61.936408 6.048044 51.282964 -0.263154 0.96467 0.012734 -0.884978 -0.246629 0.394954 0.384141 0.092665 0.918613 932.dat
1 16 -62.415551 6.179386 51.226107 -0.278484 0.960414 0.007157 -0.877043 -0.257333 0.405679 0.391462 0.106698 0.913988 932.dat
1 16 -62.895758 6.308052 51.172758 -0.278479 0.960414 0.00735 -0.876761 -0.257333 0.406288 0.392096 0.106698 0.913716 932.dat
1 16 -63.375965 6.436719 51.119408 -0.278474 0.960414 0.007543 -0.87648 -0.257333 0.406895 0.392728 0.106698 0.913444 932.dat
1 16 -63.852653 6.573687 51.055594 -0.294262 0.955722 0.002492 -0.868197 -0.268402 0.417365 0.399554 0.120652 0.908735 932.dat
1 16 -64.330513 6.707888 50.995269 -0.29426 0.955722 0.002684 -0.867924 -0.268402 0.417933 0.400148 0.120652 0.908474 932.dat
1 16 -64.808374 6.842089 50.934943 -0.294259 0.955722 0.002876 -0.867651 -0.268402 0.4185 0.400741 0.120652 0.908212 932.dat
1 16 -65.28237 6.984879 50.864199 -0.310512 0.950568 -0.00166 -0.859009 -0.279854 0.428702 0.407046 0.134543 0.903445 932.dat
1 16 -65.757654 7.124807 50.796927 -0.310513 0.950568 -0.00147 -0.858746 -0.279854 0.429227 0.407599 0.134543 0.903195 932.dat
1 16 -66.232938 7.264734 50.729656 -0.310514 0.950568 -0.00128 -0.858484 -0.279854 0.429752 0.40815 0.134543 0.902946 932.dat
1 16 -66.703991 7.413552 50.651999 -0.327239 0.944927 -0.005312 -0.849468 -0.291709 0.439671 0.413907 0.14839 0.898143 932.dat
1 16 -67.176454 7.559406 50.577804 -0.327242 0.944927 -0.005127 -0.849218 -0.291709 0.440152 0.414416 0.14839 0.897909 932.dat
1 16 -67.648917 7.705261 50.503609 -0.327245 0.944927 -0.004942 -0.848969 -0.291709 0.440632 0.414924 0.14839 0.897674 932.dat
1 16 -68.11676 7.860322 50.41905 -0.344451 0.938766 -0.008478 -0.839562 -0.303985 0.450255 0.420106 0.162209 0.89286 932.dat
1 16 -68.586143 8.012314 50.337946 -0.344455 0.938766 -0.0083 -0.839328 -0.303985 0.450691 0.42057 0.162209 0.892642 932.dat
1 16 -69.055526 8.164307 50.256841 -0.344459 0.938766 -0.008121 -0.839095 -0.303985 0.451125 0.421032 0.162209 0.892424 932.dat
1 16 -69.519873 8.325836 50.165382 -0.362154 0.932051 -0.011173 -0.829276 -0.316701 0.460437 0.425612 0.176015 0.887622 932.dat
1 16 -69.985899 8.484187 50.077375 -0.36216 0.932051 -0.011003 -0.82906 -0.316701 0.460826 0.426029 0.176015 0.887422 932.dat
1 16 -70.451924 8.642537 49.989367 -0.362165 0.932051 -0.010834 -0.828844 -0.316701 0.461214 0.426444 0.176015 0.887223 932.dat
1 16 -70.912468 8.81077 49.891004 -0.380358 0.924742 -0.013411 -0.818591 -0.329878 0.470201 0.430391 0.189823 0.882457 932.dat
1 16 -71.374839 8.975709 49.796093 -0.380364 0.924742 -0.013252 -0.818395 -0.329878 0.470543 0.430759 0.189823 0.882278 932.dat
1 16 -71.83721 9.140648 49.701181 -0.380369 0.924742 -0.013094 -0.818199 -0.329878 0.470883 0.431126 0.189823 0.882098 932.dat
1 16 -72.29362 9.315831 49.595903 -0.39907 0.916794 -0.015205 -0.807485 -0.343536 0.479532 0.434409 0.203645 0.877392 932.dat
1 16 -72.752017 9.487599 49.49408 -0.399076 0.916794 -0.01506 -0.807311 -0.343536 0.479826 0.434728 0.203645 0.877235 932.dat
1 16 -73.210415 9.659367 49.392258 -0.399081 0.916794 -0.014916 -0.807137 -0.343536 0.480118 0.435045 0.203645 0.877077 932.dat
1 16 -73.662334 9.841754 49.280049 -0.418299 0.908158 -0.016572 -0.795931 -0.357695 0.488415 0.43763 0.217494 0.872454 932.dat
1 16 -74.116413 10.020601 49.171302 -0.418304 0.908158 -0.016443 -0.79578 -0.357695 0.488659 0.437898 0.217494 0.87232 932.dat
1 16 -74.570492 10.199449 49.062555 -0.418309 0.908158 -0.016315 -0.79563 -0.357695 0.488903 0.438166 0.217494 0.872185 932.dat
1 16 -75.017537 10.389305 48.943396 -0.438053 0.898778 -0.017525 -0.783897 -0.372374 0.496833 0.440016 0.231377 0.867669 932.dat
1 16 -75.466926 10.575493 48.827707 -0.438058 0.898778 -0.017416 -0.783773 -0.372374 0.497029 0.440234 0.231377 0.867559 932.dat
1 16 -75.916315 10.76168 48.712018 -0.438062 0.898778 -0.017306 -0.783649 -0.372374 0.497225 0.44045 0.231377 0.867449 932.dat
1 16 -76.358065 10.95928 48.585884 -0.45834 0.888593 -0.018082 -0.771348 -0.387593 0.504772 0.441528 0.245304 0.863064 932.dat
1 16 -76.802362 11.153077 48.463232 -0.458343 0.888593 -0.017994 -0.771251 -0.387593 0.50492 0.441694 0.245304 0.862979 932.dat
1 16 -77.246658 11.346873 48.34058 -0.458347 0.888593 -0.017906 -0.771154 -0.387593 0.505068 0.441859 0.245304 0.862894 932.dat
1 16 -77.682662 11.5525 48.207447 -0.479163 0.877536 -0.018258 -0.758241 -0.403367 0.512216 0.442123 0.259279 0.858663 932.dat
1 16 -78.12143 11.754184 48.077807 -0.479166 0.877536 -0.018194 -0.758173 -0.403367 0.512317 0.442237 0.259279 0.858604 932.dat
1 16 -78.560197 11.955868 47.948168 -0.479168 0.877536 -0.018131 -0.758105 -0.403367 0.512417 0.442351 0.259279 0.858545 932.dat
1 16 -78.989962 12.169812 47.80801 -0.500528 0.865532 -0.018071 -0.744529 -0.419714 0.51915 0.441756 0.273304 0.854492 932.dat
1 16 -79.422728 12.379669 47.671358 -0.500529 0.865532 -0.018035 -0.744491 -0.419714 0.519204 0.441818 0.273304 0.85446 932.dat
1 16 -79.855494 12.589526 47.534706 -0.500531 0.865532 -0.017998 -0.744454 -0.419714 0.519258 0.44188 0.273304 0.854428 932.dat
1 16 -80.278486 12.812081 47.387501 -0.522433 0.8525 -0.01754 -0.730157 -0.436645 0.525558 0.44038 0.287376 0.850577 932.dat
1 16 -80.704736 13.030403 47.243813 -0.522433 0.8525 -0.017533 -0.730151 -0.436645 0.525567 0.44039 0.287376 0.850571 932.dat
1 16 -81.123257 13.258378 47.092355 -0.53891 0.842194 -0.016912 -0.719118 -0.449514 0.529911 0.438686 0.297736 0.847884 932.dat
1 16 -81.544353 13.483135 46.943486 -0.538909 0.842194 -0.01693 -0.719136 -0.449514 0.529887 0.438658 0.297736 0.847899 932.dat
1 16 -81.96545 13.707892 46.794618 -0.538909 0.842194 -0.016948 -0.719153 -0.449514 0.529864 0.438629 0.297736 0.847914 932.dat
1 16 -82.376035 13.945244 46.635852 -0.560241 0.828177 -0.015898 -0.704502 -0.466308 0.535008 0.435668 0.310934 0.844697 932.dat
1 16 -82.790123 14.178398 46.480385 -0.56024 0.828177 -0.015949 -0.70455 -0.466308 0.534945 0.435592 0.310934 0.844737 932.dat
1 16 -83.204212 14.411552 46.324918 -0.560238 0.828177 -0.015999 -0.704599 -0.466308 0.534881 0.435516 0.310934 0.844776 932.dat
1 16 -83.606329 14.658375 46.159007 -0.583176 0.812215 -0.014575 -0.688324 -0.484533 0.539851 0.431413 0.32486 0.841635 932.dat
1 16 -84.012437 14.900641 45.996576 -0.583173 0.812215 -0.014663 -0.688405 -0.484533 0.539747 0.431286 0.32486 0.8417 932.dat
1 16 -84.418544 15.142907 45.834146 -0.583171 0.812215 -0.014751 -0.688486 -0.484533 0.539643 0.431159 0.32486 0.841765 932.dat
1 16 -84.811533 15.399416 45.661156 -0.606833 0.794723 -0.012988 -0.671072 -0.503523 0.544176 0.425929 0.33894 0.838871 932.dat
1 16 -85.208894 15.651178 45.491687 -0.606831 0.794723 -0.013117 -0.671187 -0.503523 0.544033 0.425751 0.33894 0.838961 932.dat
1 16 -85.606256 15.902939 45.322217 -0.606828 0.794723 -0.013244 -0.671302 -0.503523 0.543892 0.425575 0.33894 0.839051 932.dat
1 16 -85.989366 16.169387 45.142193 -0.630976 0.775722 -0.01117 -0.652805 -0.523105 0.547912 0.419184 0.353011 0.836461 932.dat
1 16 -86.377228 16.430939 44.965688 -0.630973 0.775722 -0.011342 -0.652954 -0.523105 0.547734 0.418957 0.353011 0.836575 932.dat
1 16 -86.75382 16.703593 44.781456 -0.649035 0.760697 -0.009638 -0.638621 -0.537907 0.55029 0.41342 0.363312 0.834918 932.dat
1 16 -87.134168 16.972547 44.5998 -0.649032 0.760697 -0.009843 -0.638795 -0.537907 0.550088 0.413156 0.363312 0.835049 932.dat
1 16 -87.514517 17.2415 44.418144 -0.649029 0.760697 -0.010047 -0.638968 -0.537907 0.549887 0.412893 0.363312 0.835179 932.dat
1 16 -87.879725 17.52469 44.226828 -0.672002 0.740509 -0.007692 -0.619988 -0.556889 0.552711 0.405004 0.376192 0.833337 932.dat
1 16 -88.249979 17.803135 44.038732 -0.671999 0.740509 -0.007941 -0.620192 -0.556889 0.552482 0.404695 0.376192 0.833487 932.dat
1 16 -88.620234 18.08158 43.850635 -0.671996 0.740509 -0.008189 -0.620396 -0.556889 0.552253 0.404388 0.376192 0.833636 932.dat
1 16 -88.973221 18.375387 43.65242 -0.696551 0.717486 -0.005492 -0.599099 -0.577373 0.554726 0.394837 0.389685 0.832015 932.dat
1 16 -89.331964 18.664073 43.457577 -0.696549 0.717486 -0.005789 -0.599336 -0.577373 0.55447 0.394482 0.389685 0.832183 932.dat
1 16 -89.690707 18.95276 43.262735 -0.696546 0.717486 -0.006084 -0.599571 -0.577373 0.554216 0.394129 0.389685 0.832351 932.dat
1 16 -90.030585 19.257268 43.057811 -0.721572 0.692332 -0.003171 -0.576661 -0.598469 0.556145 0.383139 0.403127 0.831079 932.dat
1 16 -90.376751 19.556502 42.856247 -0.72157 0.692332 -0.003518 -0.576929 -0.598469 0.555867 0.382739 0.403127 0.831264 932.dat
1 16 -90.708136 19.867505 42.647447 -0.739983 0.672624 -0.001341 -0.559263 -0.61416 0.556806 0.373698 0.412777 0.830642 932.dat
1 16 -91.044448 20.174585 42.441058 -0.739982 0.672624 -0.001727 -0.559554 -0.61416 0.556514 0.373264 0.412777 0.830837 932.dat
1 16 -91.38076 20.481665 42.23467 -0.739981 0.672624 -0.002111 -0.559842 -0.61416 0.556223 0.372833 0.412777 0.83103 932.dat
1 16 -91.697295 20.803665 42.019373 -0.763122 0.646254 0.00077 -0.53639 -0.634053 0.557012 0.36046 0.424655 0.830504 932.dat
1 16 -92.020422 21.120692 41.807045 -0.763122 0.646254 0.000336 -0.536707 -0.634053 0.556707 0.359987 0.424655 0.830709 932.dat
1 16 -92.343549 21.437718 41.594718 -0.763122 0.646254 -0.000096 -0.537022 -0.634053 0.556403 0.359516 0.424655 0.830913 932.dat
1 16 -92.644249 21.770605 41.373257 -0.787466 0.616351 0.003022 -0.51069 -0.6552 0.556693 0.345099 0.436834 0.830713 932.dat
1 16 -92.952424 22.098206 41.15484 -0.787467 0.616351 0.002536 -0.511034 -0.6552 0.556378 0.344586 0.436834 0.830926 932.dat
1 16 -93.2606 22.425806 40.936423 -0.787469 0.616351 0.002052 -0.511376 -0.6552 0.556064 0.344075 0.436834 0.831137 932.dat
1 16 -93.544531 22.769392 40.709182 -0.811719 0.584025 0.005216 -0.483176 -0.676515 0.555759 0.328106 0.448599 0.831327 932.dat
1 16 -93.836544 23.10765 40.484882 -0.811722 0.584025 0.004677 -0.483545 -0.676515 0.555438 0.327554 0.448599 0.831545 932.dat
1 16 -94.11021 23.457278 40.254591 -0.82876 0.559563 0.0068 -0.462456 -0.691676 0.554724 0.315107 0.456589 0.832006 932.dat
1 16 -94.389992 23.803116 40.026296 -0.828764 0.559563 0.006223 -0.462841 -0.691676 0.554403 0.314528 0.456589 0.832225 932.dat
1 16 -94.669773 24.148954 39.798002 -0.828768 0.559563 0.00565 -0.463225 -0.691676 0.554082 0.313952 0.456589 0.832443 932.dat
1 16 -94.924654 24.509257 39.562392 -0.850218 0.526363 0.008444 -0.43466 -0.710962 0.552814 0.296984 0.466342 0.833262 932.dat
1 16 -95.187836 24.864738 39.329221 -0.850224 0.526363 0.007821 -0.435065 -0.710962 0.552495 0.296373 0.466342 0.833479 932.dat
1 16 -95.451017 25.220219 39.09605 -0.85023 0.526363 0.007202 -0.435467 -0.710962 0.552178 0.295766 0.466342 0.833695 932.dat
1 16 -95.686442 25.590595 38.85575 -0.872028 0.489353 0.010041 -0.403777 -0.730823 0.550329 0.276643 0.475848 0.834888 932.dat
1 16 -95.931118 25.956007 38.617826 -0.872035 0.489353 0.00937 -0.4042 -0.730823 0.550018 0.276001 0.475848 0.8351 932.dat
1 16 -96.154715 26.331935 38.375185 -0.887202 0.461247 0.011163 -0.380339 -0.744846 0.548222 0.26118 0.482138 0.836258 932.dat
1 16 -96.385338 26.704358 38.134116 -0.88721 0.461247 0.010459 -0.380774 -0.744846 0.54792 0.260516 0.482138 0.836465 932.dat
1 16 -96.615961 27.076781 37.893047 -0.887218 0.461247 0.009759 -0.381206 -0.744846 0.547619 0.259856 0.482138 0.836671 932.dat
1 16 -96.818684 27.4621 37.646556 -0.905561 0.424045 0.012021 -0.349604 -0.76204 0.545043 0.240283 0.489367 0.838322 932.dat
1 16 -97.030706 27.84312 37.401872 -0.905571 0.424045 0.011278 -0.350051 -0.76204 0.544756 0.239596 0.489367 0.838519 932.dat
1 16 -97.242729 28.22414 37.157189 -0.90558 0.424045 0.01054 -0.350495 -0.76204 0.544471 0.238912 0.489367 0.838714 932.dat
1 16 -97.424133 28.618039 36.907565 -0.923569 0.383221 0.012703 -0.315877 -0.779212 0.541341 0.217351 0.495954 0.840707 932.dat
1 16 -97.615744 29.007645 36.659588 -0.92358 0.383221 0.011922 -0.316334 -0.779212 0.541074 0.216641 0.495954 0.84089 932.dat
1 16 -97.807354 29.397251 36.411611 -0.923589 0.383221 0.011147 -0.316788 -0.779212 0.540808 0.215935 0.495954 0.841072 932.dat
