0 FILE 341-2 - main.ldr
0 main
0 Name: 341-2 - main.ldr
0 Author: Philippe Hurbain [Philo]
0 !LICENSE Redistributable under CCAL version 2.0 : see CAreadme.txt

1 14 0 -16 20 0 0 1 0 1 0 -1 0 0 u9310.dat
1 14 0 -216 -172 1 0 0 0 1 0 0 0 1 u9311.dat
1 14 0 -216 212 -1 0 0 0 1 0 0 0 -1 u9311.dat
1 14 92 -208 20 0 0 -1 0 1 0 1 0 0 u9315.dat
1 14 0 -220 20 0 0 -1 0 1 0 1 0 0 u9313.dat
1 4 100 -148 -100 0 0 -1 0 1 0 1 0 0 3979.dat
1 4 100 -170 20 0 0 -1 0 1 0 1 0 0 u9317.dat
1 4 106 -77 74 -0.899 0 -0.438 0 1 0 0.438 0 -0.899 u9318.dat
1 4 100 -148 140 0 0 -1 0 1 0 1 0 0 3979.dat
1 1 80 -244 -170 1 0 0 0 1 0 0 0 1 3004.dat
1 1 90 -244 -60 0 0 1 0 1 0 -1 0 0 3004.dat
1 1 90 -268 -120 0 0 1 0 1 0 -1 0 0 3185.dat
1 1 20 -268 -170 1 0 0 0 1 0 0 0 1 3185.dat
1 1 90 -268 0 0 0 1 0 1 0 -1 0 0 3185.dat
1 14 80 -244 220 0 0 1 0 1 0 -1 0 0 3003.dat
1 14 0 -388 220 -1 0 0 0 1 0 0 0 -1 3890c01.dat
0 STEP
1 14 80 -388 140 0 0 -1 0 1 0 1 0 0 3890c01.dat
1 14 -80 -244 60 0 0 1 0 1 0 -1 0 0 3003.dat
1 14 80 -244 60 0 0 1 0 1 0 -1 0 0 3003.dat
1 14 80 -268 220 0 0 1 0 1 0 -1 0 0 3003.dat
1 14 80 -316 220 0 0 1 0 1 0 -1 0 0 3003.dat
1 14 80 -292 220 0 0 1 0 1 0 -1 0 0 3003.dat
1 14 80 -364 220 0 0 1 0 1 0 -1 0 0 3003.dat
1 14 80 -340 220 0 0 1 0 1 0 -1 0 0 3003.dat
1 14 -80 -268 60 0 0 1 0 1 0 -1 0 0 3003.dat
1 14 80 -388 220 0 0 1 0 1 0 -1 0 0 3003.dat
1 14 80 -268 60 0 0 1 0 1 0 -1 0 0 3003.dat
1 14 80 -292 60 0 0 1 0 1 0 -1 0 0 3003.dat
1 14 80 -316 60 0 0 1 0 1 0 -1 0 0 3003.dat
1 14 80 -340 60 0 0 1 0 1 0 -1 0 0 3003.dat
1 4 -50 -244 60 0 0 1 0 1 0 -1 0 0 3004.dat
1 1 90 -268 -60 0 0 1 0 1 0 -1 0 0 3004.dat
1 1 80 -268 -170 1 0 0 0 1 0 0 0 1 3004.dat
0 STEP
1 14 -80 -292 60 0 0 1 0 1 0 -1 0 0 3003.dat
1 14 -80 -316 60 0 0 1 0 1 0 -1 0 0 3003.dat
1 14 80 -364 60 0 0 1 0 1 0 -1 0 0 3003.dat
1 14 80 -388 60 0 0 1 0 1 0 -1 0 0 3003.dat
1 14 -80 -340 60 0 0 1 0 1 0 -1 0 0 3003.dat
1 14 -80 -364 60 0 0 1 0 1 0 -1 0 0 3003.dat
1 14 -80 -388 60 0 0 1 0 1 0 -1 0 0 3003.dat
1 4 -50 -268 60 0 0 1 0 1 0 -1 0 0 3004.dat
1 4 -50 -292 60 0 0 1 0 1 0 -1 0 0 3004.dat
1 4 -50 -316 60 0 0 1 0 1 0 -1 0 0 3004.dat
1 4 -50 -340 60 0 0 1 0 1 0 -1 0 0 3004.dat
1 4 -50 -364 60 0 0 1 0 1 0 -1 0 0 3004.dat
1 4 50 -244 60 0 0 1 0 1 0 -1 0 0 3004.dat
1 4 50 -268 60 0 0 1 0 1 0 -1 0 0 3004.dat
1 4 50 -292 60 0 0 1 0 1 0 -1 0 0 3004.dat
1 4 50 -316 60 0 0 1 0 1 0 -1 0 0 3004.dat
1 4 50 -340 60 0 0 1 0 1 0 -1 0 0 3004.dat
1 4 50 -364 60 0 0 1 0 1 0 -1 0 0 3004.dat
1 4 0 -388 50 1 0 0 0 1 0 0 0 1 3009.dat
1 4 0 -388 70 1 0 0 0 1 0 0 0 1 3009.dat
1 14 -80 -244 220 0 0 1 0 1 0 -1 0 0 3003.dat
1 14 -80 -268 220 0 0 1 0 1 0 -1 0 0 3003.dat
1 14 -80 -292 220 0 0 1 0 1 0 -1 0 0 3003.dat
1 14 -80 -316 220 0 0 1 0 1 0 -1 0 0 3003.dat
1 14 -80 -340 220 0 0 1 0 1 0 -1 0 0 3003.dat
1 14 -80 -364 220 0 0 1 0 1 0 -1 0 0 3003.dat
1 14 -80 -388 220 0 0 1 0 1 0 -1 0 0 3003.dat
0 STEP
1 14 40 -396 140 0 0 1 0 1 0 -1 0 0 3033.dat
1 14 -60 -396 140 0 0 1 0 1 0 -1 0 0 3030.dat
1 1 80 -420 40 1 0 0 0 1 0 0 0 1 3001.dat
1 14 80 -420 100 0 0 -1 0 1 0 1 0 0 3001.dat
1 14 80 -420 160 0 0 1 0 1 0 -1 0 0 3003.dat
1 14 80 -420 210 0 0 1 0 1 0 -1 0 0 3002.dat
0 STEP
1 1 0 -420 60 0 0 1 0 1 0 -1 0 0 3003.dat
1 1 -40 -420 60 0 0 1 0 1 0 -1 0 0 3003.dat
1 1 30 -420 60 0 0 1 0 1 0 -1 0 0 3004.dat
1 1 -80 -420 80 0 0 -1 0 1 0 1 0 0 3001.dat
1 1 -80 -420 200 0 0 -1 0 1 0 1 0 0 3001.dat
1 1 -80 -420 140 0 0 1 0 1 0 -1 0 0 3003.dat
1 1 80 -444 60 1 0 0 0 1 0 0 0 1 3001.dat
1 14 80 -444 100 0 0 1 0 1 0 -1 0 0 3003.dat
1 14 80 -444 160 0 0 -1 0 1 0 1 0 0 3001.dat
1 14 80 -444 220 0 0 1 0 1 0 -1 0 0 3003.dat
0 STEP
1 1 80 -468 80 1 0 0 0 1 0 0 0 1 3001.dat
1 1 80 -468 240 1 0 0 0 1 0 0 0 1 3001.dat
1 14 80 -468 130 0 0 1 0 1 0 -1 0 0 3002.dat
1 14 80 -468 190 0 0 1 0 1 0 -1 0 0 3002.dat
1 14 80 -492 160 0 0 -1 0 1 0 1 0 0 3001.dat
1 14 80 -516 160 0 0 1 0 1 0 -1 0 0 3003.dat
1 1 80 -492 100 1 0 0 0 1 0 0 0 1 3001.dat
1 1 80 -516 120 1 0 0 0 1 0 0 0 1 3001.dat
1 1 80 -492 220 1 0 0 0 1 0 0 0 1 3001.dat
1 1 80 -516 200 1 0 0 0 1 0 0 0 1 3001.dat
0 STEP
1 1 100 -540 160 0 0 -1 0 1 0 1 0 0 3001.dat
1 1 60 -540 160 0 0 -1 0 1 0 1 0 0 3001.dat
1 1 80 -564 160 1 0 0 0 1 0 0 0 1 3001.dat
1 4 80 -540 110 1 0 0 0 1 0 0 0 1 3004.dat
1 4 80 -564 120 1 0 0 0 1 0 0 0 1 3003.dat
1 4 80 -588 120 1 0 0 0 1 0 0 0 1 3003.dat
1 4 80 -612 120 1 0 0 0 1 0 0 0 1 3003.dat
1 4 -70 -4 -300 1 0 0 0 1 0 0 0 1 u9215.dat
0 STEP
1 1 50 -220 -60 1 0 0 0 1 0 0 0 1 957.dat
1 1 50 -390 -60 1 0 0 0 1 0 0 0 1 958.dat
1 1 -60 -244 -40 1 0 0 0 1 0 0 0 1 341-2 - table.ldr
1 1 -50 -244 -120 0 0 -1 0 1 0 1 0 0 341-2 - chair.ldr
1 1 -59 -40 -100 -0.94 0 -0.342 0 1 0 0.342 0 -0.94 341-2 - chair.ldr
1 1 -45 -40 -10 1 0 0 0 1 0 0 0 1 341-2 - table.ldr
1 1 -80 -40 164 1 0 0 0 1 0 0 0 1 341-2 - sofa.ldr
1 2 232 -4 241 0.602 0 -0.799 0 1 0 0.799 0 0.602 u9213.dat
0 STEP
1 2 321 -4 306 0.961 0 0.276 0 1 0 -0.276 0 0.961 341-2 - cathycat.ldr
1 8 295.553 -34.302 316.467 -0.985 0.16 0.062 -0.062 -0.672 0.738 0.16 0.723 0.672 3837.dat
1 1 -29 -219 -120 0 0 -1 0 1 0 1 0 0 341-2 - mortymouse.ldr
1 6 104 -80 -52 0 0.454 -0.891 0 0.891 0.454 1 0 0 3836.dat
0 FILE 341-2 - chair.ldr
0 chair
0 Name: 341-2 - chair.ldr
0 Author: Philippe Hurbain [Philo]
0 !LICENSE Redistributable under CCAL version 2.0 : see CAreadme.txt

1 4 0 0 0 0 0 -1 0 1 0 1 0 0 3002.dat
1 4 0 -24 20 -1 0 0 0 1 0 0 0 -1 3004.dat
0 FILE 341-2 - table.ldr
0 table
0 Name: 341-2 - table.ldr
0 Author: Philippe Hurbain [Philo]
0 !LICENSE Redistributable under CCAL version 2.0 : see CAreadme.txt

1 4 0 0 0 1 0 0 0 1 0 0 0 1 3003.dat
1 4 0 -24 0 1 0 0 0 1 0 0 0 1 3003.dat
1 4 0 -32 0 1 0 0 0 1 0 0 0 1 3031.dat
0 FILE 341-2 - sofa.ldr
0 sofa
0 Name: 341-2 - sofa.ldr
0 Author: Philippe Hurbain [Philo]
0 !LICENSE Redistributable under CCAL version 2.0 : see CAreadme.txt

1 4 0 0 0 0 0 -1 0 1 0 1 0 0 3010.dat
1 4 70 -8 0 -1 0 0 0 1 0 0 0 -1 3035.dat
1 4 140 0 0 0 0 -1 0 1 0 1 0 0 3010.dat
1 4 0 -32 0 0 0 -1 0 1 0 1 0 0 3010.dat
1 4 140 -32 0 0 0 -1 0 1 0 1 0 0 3010.dat
1 4 30 -32 30 -1 0 0 0 1 0 0 0 -1 3004.dat
1 4 70 -32 30 -1 0 0 0 1 0 0 0 -1 3004.dat
1 4 110 -32 30 -1 0 0 0 1 0 0 0 -1 3004.dat
0 FILE 341-2 - cathycat.ldr
0 cathycat
0 Name: 341-2 - cathycat.ldr
0 Author: Philippe Hurbain [Philo]
0 !LICENSE Redistributable under CCAL version 2.0 : see CAreadme.txt

1 15 -1.436 -65.838 -4.143 0.917 0.048 -0.396 -0.15 0.961 -0.231 0.37 0.271 0.889 u9108p01c01.dat
1 15 0 -37 4 0.999 0.048 -0.007 -0.048 0.961 -0.271 -0.007 0.271 0.962 u9102.dat
1 4 23 -63 4 0.99 -0.127 -0.054 0.127 0.682 0.72 -0.054 -0.72 0.692 u9101.dat
1 4 -24.218 -60.892 -2.905 -0.992 0.118 0.046 0.118 0.731 0.672 0.046 0.672 -0.739 u9101.dat
1 4 -10 -37 4 1 0 0 0 1 0 0 0 1 u9100.dat
1 4 10 -37 4 1 -0.03 -0.003 0.03 0.985 0.171 -0.003 -0.171 0.985 u9100.dat
1 4 0 -37 4 0.999 0.048 -0.007 -0.048 0.961 -0.271 -0.007 0.271 0.962 u9103.dat
0 FILE 341-2 - mortymouse.ldr
0 mortymouse
0 Name: 341-2 - mortymouse.ldr
0 Author: Philippe Hurbain [Philo]
0 !LICENSE Redistributable under CCAL version 2.0 : see CAreadme.txt

1 7 0 -65.978 11.765 0.982 -0.013 0.19 0 0.998 0.07 -0.191 -0.068 0.979 u9105p01c01.dat
1 1 0 -37 4 1 0 0 0 0.966 0.259 0 -0.259 0.966 u9102.dat
1 0 23 -62.114 10.729 1 0 0 0 -0.139 0.99 0 -0.99 -0.139 u9101.dat
1 0 -23 -62.114 10.729 -1 0 0 0 0.358 -0.934 0 -0.934 -0.358 u9101.dat
1 0 -10 -37 4 1 0 0 0 0 1 0 -1 0 u9100.dat
1 0 10 -37 4 1 0 0 0 -0.105 0.995 0 -0.995 -0.105 u9100.dat
1 4 0 -37 4 1 0 0 0 0.966 0.259 0 -0.259 0.966 u9103.dat
