0 FILE 4005 - main.ldr 
0 main
0 Name: 4005 - main.ldr 
0 Author: [juraj3579]
0 !LICENSE Redistributable under CCAL version 2.0 : see CAreadme.txt
0 !HISTORY 2018-01-08 [bercik] OMR version by Robert Paciorek [bercik] with perrmision of juraj3579
1 15 0 0 0 1 0 0 0 1 0 0 0 1 4005 - boat.ldr 
1 16 190 0 70 1 0 0 0 1 0 0 0 1 4005 - minifig.ldr 


0 FILE 4005 - boat.ldr 
0 boat
0 Name: 4005 - boat.ldr 
0 Author: [juraj3579]
0 !LICENSE Redistributable under CCAL version 2.0 : see CAreadme.txt
0 !HISTORY 2018-01-08 [bercik] OMR version by Robert Paciorek [bercik] with perrmision of juraj3579
1 0 0 0 0 1 0 0 0 1 0 0 0 1 997.dat 
1 7 0 0 0 1 0 0 0 1 0 0 0 1 998.dat 
1 0 0 0 130 1 0 0 0 1 0 0 0 1 185.dat 
1 7 0 0 130 1 0 0 0 1 0 0 0 1 186.dat 
1 0 0 0 290 1 0 0 0 1 0 0 0 1 164.dat 
1 7 0 0 290 1 0 0 0 1 0 0 0 1 181.dat 
1 16 0 -8 0 -1 0 0 0 1 0 0 0 -1 3710.dat 
1 16 30 -8 50 0 0 1 0 1 0 -1 0 0 3710.dat 
1 16 -30 -8 50 0 0 1 0 1 0 -1 0 0 3710.dat 
1 16 0 -8 80 1 0 0 0 1 0 0 0 1 3023.dat 
1 16 0 -24 110 1 0 0 0 1 0 0 0 1 3003.dat 
1 16 30 -24 150 0 0 -1 0 1 0 1 0 0 3004.dat 
1 16 -30 -24 150 0 0 -1 0 1 0 1 0 0 3004.dat 
1 16 0 -32 80 -1 0 0 0 1 0 0 0 -1 3010.dat 
1 16 0 -32 10 -1 0 0 0 1 0 0 0 -1 3001.dat 
1 16 0 -32 110 -1 0 0 0 1 0 0 0 -1 3022.dat 
1 16 0 -48 150 -1 0 0 0 1 0 0 0 -1 3001.dat 
1 16 0 -40 100 0 0 1 0 1 0 -1 0 0 3021.dat 
1 16 0 -40 20 1 0 0 0 1 0 0 0 1 3829a.dat 
1 0 0 -66.32 19.76 0 0 1 -0.8 0.6 0 -0.6 -0.8 0 3828.dat 
1 16 0 -48 190 -1 0 0 0 1 0 0 0 -1 4209.dat 
1 0 -2 -26 200 -1 0 0 0 1 0 0 0 -1 4208.dat 
1 16 30 -40 80 0 0 -1 0 1 0 1 0 0 4085c.dat 
1 16 -30 -40 80 0 0 1 0 1 0 -1 0 0 4085c.dat 
1 0 -10 -48 110 0 0 1 0 1 0 -1 0 0 4175.dat 
1 0 10 -48 110 0 0 -1 0 1 0 1 0 0 4175.dat 
1 7 30 -56 170 0 0 -1 0 1 0 1 0 0 4175.dat 
1 7 -30 -56 170 0 0 1 0 1 0 -1 0 0 4175.dat 
1 16 30 -56 0 -1 0 0 0 1 0 0 0 -1 3040a.dat 
1 16 -30 -56 0 -1 0 0 0 1 0 0 0 -1 3040a.dat 
1 16 0 -48 80 -1 0 0 0 1 0 0 0 -1 3710.dat 
1 0 -50 -34 80 0 0 1 0 1 0 -1 0 0 3962a.dat 
1 16 30 -56 110 0 0 1 0 1 0 -1 0 0 3710.dat 
1 16 -30 -56 110 0 0 1 0 1 0 -1 0 0 3710.dat 
1 16 0 -56 200 1 0 0 0 1 0 0 0 1 3710.dat 
1 16 0 -56 130 0 0 -1 0 1 0 1 0 0 3795.dat 
1 16 0 -56 0 -1 0 0 0 1 0 0 0 -1 3004.dat 
1 16 0 -80 80 -1 0 0 0 1 0 0 0 -1 3010.dat 
1 16 -30 -80 100 -1 0 0 0 1 0 0 0 -1 3005.dat 
1 4 0 -64 120 0 0 1 0 1 0 -1 0 0 3021.dat 
1 16 30 -80 100 -1 0 0 0 1 0 0 0 -1 3005.dat 
1 16 -30 -104 80 -1 0 0 0 1 0 0 0 -1 3040a.dat 
1 4 0 -88 100 -1 0 0 0 1 0 0 0 -1 3004.dat 
1 16 30 -104 80 -1 0 0 0 1 0 0 0 -1 3040a.dat 
1 16 0 -104 80 -1 0 0 0 1 0 0 0 -1 3004.dat 
1 4 0 -112 100 -1 0 0 0 1 0 0 0 -1 3004.dat 
1 4 0 -136 120 -1 0 0 0 1 0 0 0 -1 3684a.dat 
1 16 0 -112 80 1 0 0 0 1 0 0 0 1 4315.dat 
1 16 0 -112 30 1 0 0 0 1 0 0 0 1 4213.dat 
1 47 0 -104 -20 1 0 0 0 1 0 0 0 1 4284.dat 
1 4 0 -136 90 1 0 0 0 1 0 0 0 1 3003.dat 
1 16 0 -112 -20 1 0 0 0 1 0 0 0 1 3023.dat 
1 36 30 -112 -20 1 0 0 0 1 0 0 0 1 3024.dat 
1 34 -30 -112 -20 1 0 0 0 1 0 0 0 1 3024.dat 
1 0 0 -144 100 0 0 -1 0 1 0 1 0 0 3021.dat 
1 16 0 -120 10 1 0 0 0 1 0 0 0 1 4289.dat 
1 46 0 -192 20 1 0 0 0 1 0 0 0 1 6141.dat 
1 14 0 -104 200 1 0 0 0 1 0 0 0 1 4083.dat 
1 14 0 -48 320 1 0 0 0 1 0 0 0 1 4083.dat 
1 0 50 -50 80 1 0 0 0 1 0 0 0 1 4006.dat 
1 4 5 -44 284 0 -1 0 0 0 -1 1 0 0 3127a.dat 
1 0 30 -22 -20 -1 0 0 0 0 -1 0 -1 0 4349.dat 
1 0 -30 -22 -20 -1 0 0 0 0 -1 0 -1 0 4349.dat 
1 16 0 0 0 1 0 0 0 1 0 0 0 1 4005 - rope.ldr 


0 FILE 4005 - minifig.ldr 
0 minifig
0 Name: 4005 - minifig.ldr 
0 Author: [juraj3579]
0 !LICENSE Redistributable under CCAL version 2.0 : see CAreadme.txt
0 !HISTORY 2018-01-08 [bercik] OMR version by Robert Paciorek [bercik] with perrmision of juraj3579
1 0 0 40 0 1 0 0 0 1 0 0 0 1 3815.dat 
1 0 0 52 0 1 0 0 0 1 0 0 0 1 3816.dat 
1 0 0 52 0 1 0 0 0 1 0 0 0 1 3817.dat 
1 1 0 8 0 1 0 0 0 1 0 0 0 1 973.dat 
1 1 15.6 17 0 1 0.174 0 -0.174 1 0 0 0 1 3819.dat 
1 1 -15.6 17 0 1 -0.174 0 0.174 1 0 0 0 1 3818.dat 
1 14 -23.806 34.709 -9.899 1 -0.123 0.123 0.174 0.696 -0.696 0 0.707 0.707 3820.dat 
1 14 23.807 34.709 -9.899 1 -0.123 -0.123 0 0.718 -0.696 0.174 0.685 0.707 3820.dat 
1 14 0 -16 0 1 0 0 0 1 0 0 0 1 3626bp01.dat 
1 0 0 -16 0 1 0 0 0 1 0 0 0 1 3624.dat 


0 FILE 4005 - LS60.dat 
0 ~LSynth Short Straight String Segment
0 Name: 4005 - LS60.dat 
0 Author: Larry Pieniazek
0 !LDRAW_ORG Unofficial_Part
0 !LICENSE Redistributable under CCAL version 2.0 : see CAreadme.txt
0 BFC CERTIFY CW
0 !KEYWORDS LSynth
0 !HISTORY 2006-11-25 [kclague] Place holder part, can be replaced as needed
0 !HISTORY 2007-02-25 [Holly-Wood] Renamed, BFCed, set black to main color
3 16 0.5 0.866 1 1 0 1 0 0 1
3 16 0.866 0.5 -1 0.866 -0.5 -1 1 0 1
3 8 0.866026 0.5 -1 1 0 1 0.5 0.866026 1
3 16 0 0 -1 0.866 -0.5 -1 0.866 0.5 -1
3 16 -0.5 0.866 1 0.5 0.866 1 0 0 1
3 16 0 1 -1 0.866 0.5 -1 0.5 0.866 1
3 8 0 1 -1 0.5 0.866026 1 -0.5 0.866026 1
3 16 0 0 -1 0.866 0.5 -1 0 1 -1
3 16 -1 0 1 -0.5 0.866 1 0 0 1
3 16 -0.866 0.5 -1 0 1 -1 -0.5 0.866 1
3 8 -0.866026 0.5 -1 -0.5 0.866026 1 -1 0 1
3 16 0 0 -1 0 1 -1 -0.866 0.5 -1
3 16 -0.5 -0.866 1 -1 0 1 0 0 1
3 16 -0.866 -0.5 -1 -0.866 0.5 -1 -1 0 1
3 8 -0.866026 -0.5 -1 -1 0 1 -0.5 -0.866026 1
3 16 0 0 -1 -0.866 0.5 -1 -0.866 -0.5 -1
3 16 0.5 -0.866 1 -0.5 -0.866 1 0 0 1
3 16 0 -1 -1 -0.866 -0.5 -1 -0.5 -0.866 1
3 8 0 -1 -1 -0.5 -0.866026 1 0.5 -0.866026 1
3 16 0 0 -1 -0.866 -0.5 -1 0 -1 -1
3 16 1 0 1 0.5 -0.866 1 0 0 1
3 16 0.866 -0.5 -1 0 -1 -1 0.5 -0.866 1
3 8 0.866026 -0.5 -1 0.5 -0.866026 1 1 0 1
3 16 0 0 -1 0 -1 -1 0.866 -0.5 -1
0 0 NOFILE


0 FILE 4005 - LS04.dat 
0 LSynth Constraint Part - Type 4 - "String"
0 Name: 4005 - LS04.dat 
0 Author: Willy Tschager [Holly-Wood]
0 !LDRAW_ORG Unofficial_Part
0 !LICENSE Redistributable under CCAL version 2.0 : see CAreadme.txt
0 BFC CERTIFY CW
0 !KEYWORDS LSynth, RCX, ELECTRIC, CABLE, NXT, FIBER, OPTIC, FLEX, SYSTEM, FLEXIBLE, AXLE, MINIFIG,
0 !KEYWORDS PNEUMATIC, RIBBED, RUBBER, STRING, CHAIN, BAND, BELT, PLASTIC, TREAD, INSIDE, OUTSIDE,
0 !KEYWORDS CROSS, SHOW, HIDE, Synthesis
0 !HISTORY 2007-06-07 [Holly-Wood] Initial version
2 24 0.5 0 -0.866 0.195 0 -0.866
2 24 0.195 0 -0.866 0.195 0 -1.4
2 24 -0.195 0 -1.4 0.195 0 -1.4
2 24 -0.195 0 -0.866 -0.195 0 -1.4
2 24 -0.195 0 -0.866 -0.5 0 -0.866
2 24 -0.5 0 -0.866 -1 0 0
2 24 -1 0 0 -0.5 0 0.866
2 24 -0.5 0 0.866 0.5 0 0.866
2 24 0.5 0 0.866 1 0 0
2 24 1 0 0 0.5 0 -0.866
2 24 -0.195 0 -0.866 0 -4 -0.5
2 24 -0.195 0 -1.4 0 -4 -1.4
2 24 0.195 0 -1.4 0 -4 -1.4
2 24 0.195 0 -0.866 0 -4 -0.5
2 24 0 -4 -0.5 0 -4 -1.4
2 24 0 -4 -0.5 0.433 -4 -0.25
2 24 -0.433 -4 -0.25 0 -4 -0.5
2 24 -0.433 -4 0.25 -0.433 -4 -0.25
2 24 0 -4 0.5 -0.433 -4 0.25
2 24 0.433 -4 0.25 0 -4 0.5
2 24 0.433 -4 -0.25 0.433 -4 0.25
3 16 -0.5 0 -0.866 0.5 0 -0.866 0 0 0
3 16 -1 0 0 -0.5 0 -0.866 0 0 0
3 16 -0.5 0 0.866 -1 0 0 0 0 0
3 16 0.5 0 0.866 -0.5 0 0.866 0 0 0
3 16 1 0 0 0.5 0 0.866 0 0 0
3 16 0.5 0 -0.866 1 0 0 0 0 0
3 8 0 -4 -0.5 0.5 0 -0.866 -0.5 0 -0.866
3 16 -0.433 -4 -0.25 0 -4 -0.5 -0.5 0 -0.866
3 8 -0.433 -4 -0.25 -0.5 0 -0.866 -1 0 0
3 16 -0.433 -4 0.25 -0.433 -4 -0.25 -1 0 0
3 8 -0.433 -4 0.25 -1 0 0 -0.5 0 0.866
3 16 0 -4 0.5 -0.433 -4 0.25 -0.5 0 0.866
3 8 0 -4 0.5 -0.5 0 0.866 0.5 0 0.866
3 16 0.433 -4 0.25 0 -4 0.5 0.5 0 0.866
3 8 0.433 -4 0.25 0.5 0 0.866 1 0 0
3 16 0.433 -4 -0.25 0.433 -4 0.25 1 0 0
3 8 0.433 -4 -0.25 1 0 0 0.5 0 -0.866
3 16 0 -4 -0.5 0.433 -4 -0.25 0.5 0 -0.866
3 16 0 -4 0 0.433 -4 -0.25 0 -4 -0.5
3 16 0 -4 0 0 -4 -0.5 -0.433 -4 -0.25
3 16 0 -4 0 -0.433 -4 -0.25 -0.433 -4 0.25
3 16 0 -4 0 -0.433 -4 0.25 0 -4 0.5
3 16 0 -4 0 0 -4 0.5 0.433 -4 0.25
3 16 0 -4 0 0.433 -4 0.25 0.433 -4 -0.25
4 16 0.195 0 -0.866 -0.195 0 -0.866 -0.195 0 -1.4 0.195 0 -1.4
4 16 0 -4 -0.5 0.195 0 -0.866 0.195 0 -1.4 0 -4 -1.4
4 16 -0.195 0 -0.866 0 -4 -0.5 0 -4 -1.4 -0.195 0 -1.4
3 16 0.195 0 -1.4 -0.195 0 -1.4 0 -4 -1.4


0 FILE 4005 - rope.ldr 
0 rope
0 Name: 4005 - rope.ldr 
0 Author: [juraj3579]
0 !LICENSE Redistributable under CCAL version 2.0 : see CAreadme.txt
0 !HISTORY 2018-01-08 [bercik] OMR version by Robert Paciorek [bercik] with perrmision of juraj3579
1 2 19 -33 202 -1 0 0 0 0 1 0 1 0 4005 - LS04.dat 
1 0 18 -20 198 -1 0 0 0 0 -1 0 -1 0 4005 - LS04.dat 
1 0 17 -33 202 -1 0 0 0 0 1 0 1 0 4005 - LS04.dat 
1 0 16 -20 198 -1 0 0 0 0 -1 0 -1 0 4005 - LS04.dat 
1 0 15 -33 202 -1 0 0 0 0 1 0 1 0 4005 - LS04.dat 
1 0 14 -20 198 -1 0 0 0 0 -1 0 -1 0 4005 - LS04.dat 
1 0 13 -33 202 -1 0 0 0 0 1 0 1 0 4005 - LS04.dat 
1 0 12 -20 198 -1 0 0 0 0 -1 0 -1 0 4005 - LS04.dat 
1 0 11 -33 202 -1 0 0 0 0 1 0 1 0 4005 - LS04.dat 
1 0 10 -20 198 -1 0 0 0 0 -1 0 -1 0 4005 - LS04.dat 
1 0 9 -33 202 -1 0 0 0 0 1 0 1 0 4005 - LS04.dat 
1 0 8 -20 198 -1 0 0 0 0 -1 0 -1 0 4005 - LS04.dat 
1 0 7 -33 202 -1 0 0 0 0 1 0 1 0 4005 - LS04.dat 
1 0 6 -20 198 -1 0 0 0 0 -1 0 -1 0 4005 - LS04.dat 
1 0 5 -42.632 251.152 -1 0 0 0 0.259 -0.966 0 -0.966 -0.259 4005 - LS04.dat 
1 0 0 -45 257.499 0 1 0 0 0 -1 -1 0 0 4005 - LS04.dat 
1 0 -3 -44.287 254.724 1 0 0 0 -0.259 -0.966 0 1 -0.259 4005 - LS04.dat 
1 0 3 -40.164 245.793 1 0 0 0 -0.259 -0.966 0 1 -0.259 4005 - LS04.dat 
1 4 3 -38.611 240 1 0 0 0 -0.259 -0.966 0 1 -0.259 4005 - LS04.dat 
1 0 19 -32.867 200 0 1 0 -0.998 0 0.067 -0.067 0 -0.998 4005 - LS60.dat 
1 0 19 -32.491 198.544 0 1 0 -0.979 0 0.204 -0.204 0 -0.979 4005 - LS60.dat 
1 0 18.916 -31.905 197.154 0 1 0 -0.939 0 0.344 -0.344 0 -0.939 4005 - LS60.dat 
1 0 18.855 -31.119 195.869 0 1 0 -0.878 0 0.479 -0.479 0 -0.877 4005 - LS60.dat 
1 0 18.781 -30.147 194.718 0 1 0 -0.796 0 0.605 -0.604 -0.059 -0.795 4005 - LS60.dat 
1 0 18.693 -29 193.729 -0.057 1 -0.055 -0.695 0 0.719 -0.717 -0.08 -0.693 4005 - LS60.dat 
1 0 18.595 -27.729 192.936 -0.09 1 -0.063 -0.572 0 0.82 -0.815 -0.11 -0.569 4005 - LS60.dat 
1 0 18.487 -26.325 192.383 -0.149 1 -0.07 -0.424 0 0.906 -0.893 -0.164 -0.418 4005 - LS60.dat 
1 0 18.372 -24.835 192.134 -0.301 1 -0.075 -0.24 0 1 -0.923 -0.31 -0.229 4005 - LS60.dat 
1 0 18.256 -23.325 192.281 1 0.213 -0.077 0.079 0 1 -0.212 1 0 4005 - LS60.dat 
1 0 18.149 -21.937 192.922 0.206 1 -0.072 0.333 0 0.943 -0.92 0.218 0.325 4005 - LS60.dat 
1 0 18.068 -20.879 194 0.07 1 -0.059 0.645 0 0.765 -0.761 0.091 0.642 4005 - LS60.dat 
1 0 18 -20.254 195.451 0 1 0 0.864 0 0.503 -0.502 0 0.864 4005 - LS60.dat 
1 0 18 -20 197 0 1 0 1 0 0.26 -0.26 0 1 4005 - LS60.dat 
1 0 18 -20 198.465 0 1 0 1 0 0.076 -0.076 0 1 4005 - LS60.dat 
1 0 18 -20.133 200 0 1 0 1 0 -0.067 0.067 0 1 4005 - LS60.dat 
1 0 18 -20.509 201.424 0 1 0 1 0 -0.204 0.204 0 1 4005 - LS60.dat 
1 0 17.916 -21.094 202.814 0 1 0 0.939 0 -0.344 0.343 0 0.939 4005 - LS60.dat 
1 0 17.855 -21.879 204.099 0 1 0 0.878 0 -0.478 0.478 0 0.877 4005 - LS60.dat 
1 0 17.781 -22.848 205.252 0 1 0 0.797 0 -0.604 0.603 0.058 0.796 4005 - LS60.dat 
1 0 17.694 -24 206.244 -0.057 1 -0.055 0.696 0 -0.718 0.716 0.079 0.694 4005 - LS60.dat 
1 0 17.595 -25.263 207 -0.09 1 -0.063 0.575 0 -0.819 0.814 0.11 0.571 4005 - LS60.dat 
1 0 17.487 -26.663 207.598 -0.147 1 -0.07 0.427 0 -0.904 0.892 0.163 0.421 4005 - LS60.dat 
1 0 17.373 -28.151 207.853 -0.296 1 -0.075 0.244 0 -0.97 0.923 0.305 0.233 4005 - LS60.dat 
1 0 17.257 -29.662 207.714 1 0.153 -0.077 -0.078 0 -0.997 0.153 -0.988 0 4005 - LS60.dat 
1 0 17.15 -31.054 207.079 0.209 1 -0.073 -0.328 0 -0.945 0.921 -0.221 -0.32 4005 - LS60.dat 
1 0 17.068 -32.117 206 0.07 1 -0.059 -0.642 0 -0.767 0.764 -0.092 -0.639 4005 - LS60.dat 
1 0 17 -32.744 204.555 0 1 0 -0.863 0 -0.505 0.504 0 -0.862 4005 - LS60.dat 
1 0 17 -33 203.054 0 1 0 -0.965 0 -0.261 0.261 0 -0.965 4005 - LS60.dat 
1 0 17 -33 201.54 0 1 0 -0.997 0 -0.077 0.077 0 -0.997 4005 - LS60.dat 
1 0 17 -32.867 200 0 1 0 -0.998 0 0.067 -0.067 0 -0.998 4005 - LS60.dat 
1 0 17 -32.491 198.582 0 1 0 -0.979 0 0.204 -0.204 0 -0.979 4005 - LS60.dat 
1 0 16.916 -31.906 197.192 0 1 0 -0.939 0 0.344 -0.343 0 -0.939 4005 - LS60.dat 
1 0 16.855 -31.121 195.906 0 1 0 -0.878 0 0.478 -0.478 0 -0.877 4005 - LS60.dat 
1 0 16.781 -30.152 194.753 0 1 0 -0.797 0 0.604 -0.603 -0.058 -0.796 4005 - LS60.dat 
1 0 16.694 -29 193.761 -0.057 1 -0.055 -0.696 0 0.718 -0.715 -0.079 -0.694 4005 - LS60.dat 
1 0 16.595 -27.738 193 -0.09 1 -0.063 -0.575 0 0.818 -0.813 -0.11 -0.571 4005 - LS60.dat 
1 0 16.488 -26.339 192.405 -0.147 1 -0.07 -0.427 0 0.904 -0.892 -0.163 -0.422 4005 - LS60.dat 
1 0 16.373 -24.851 192.149 -0.295 1 -0.075 -0.245 0 1 -0.923 -0.304 -0.233 4005 - LS60.dat 
1 0 16.257 -23.339 192.288 1 0.146 -0.077 0.077 0 1 -0.145 1 0 4005 - LS60.dat 
1 0 16.15 -21.947 192.921 0.209 1 -0.073 0.328 0 0.945 -0.921 0.222 0.32 4005 - LS60.dat 
1 0 16.068 -20.883 194 0.071 1 -0.059 0.641 0 0.767 -0.764 0.092 0.639 4005 - LS60.dat 
1 0 16 -20.256 195.445 0 1 0 0.863 0 0.505 -0.504 0 0.862 4005 - LS60.dat 
1 0 16 -20 196.946 0 1 0 1 0 0.261 -0.261 0 1 4005 - LS60.dat 
1 0 16 -20 198.46 0 1 0 1 0 0.077 -0.077 0 1 4005 - LS60.dat 
1 0 16 -20.133 200 0 1 0 1 0 -0.067 0.067 0 1 4005 - LS60.dat 
1 0 16 -20.509 201.418 0 1 0 1 0 -0.204 0.204 0 1 4005 - LS60.dat 
1 0 15.916 -21.094 202.808 0 1 0 0.939 0 -0.344 0.343 0 0.939 4005 - LS60.dat 
1 0 15.855 -21.879 204.094 0 1 0 0.878 0 -0.478 0.478 0 0.877 4005 - LS60.dat 
1 0 15.781 -22.848 205.248 0 1 0 0.797 0 -0.604 0.603 0.058 0.796 4005 - LS60.dat 
1 0 15.694 -24 206.239 -0.057 1 -0.055 0.696 0 -0.718 0.715 0.079 0.694 4005 - LS60.dat 
1 0 15.595 -25.262 207 -0.09 1 -0.063 0.575 0 -0.818 0.813 0.11 0.571 4005 - LS60.dat 
1 0 15.488 -26.661 207.595 -0.147 1 -0.07 0.427 0 -0.904 0.892 0.163 0.422 4005 - LS60.dat 
1 0 15.373 -28.149 207.851 -0.295 1 -0.075 0.245 0 -0.97 0.923 0.304 0.233 4005 - LS60.dat 
1 0 15.257 -29.661 207.713 1 0.146 -0.077 -0.077 0 -0.997 0.145 -0.989 0 4005 - LS60.dat 
1 0 15.15 -31.053 207.079 0.209 1 -0.073 -0.328 0 -0.945 0.921 -0.222 -0.32 4005 - LS60.dat 
1 0 15.068 -32.117 206 0.071 1 -0.059 -0.641 0 -0.767 0.764 -0.092 -0.639 4005 - LS60.dat 
1 0 15 -32.744 204.555 0 1 0 -0.863 0 -0.505 0.504 0 -0.862 4005 - LS60.dat 
1 0 15 -33 203.054 0 1 0 -0.965 0 -0.261 0.261 0 -0.965 4005 - LS60.dat 
1 0 15 -33 201.54 0 1 0 -0.997 0 -0.077 0.077 0 -0.997 4005 - LS60.dat 
1 0 15 -32.867 200 0 1 0 -0.998 0 0.067 -0.067 0 -0.998 4005 - LS60.dat 
1 0 15 -32.491 198.582 0 1 0 -0.979 0 0.204 -0.204 0 -0.979 4005 - LS60.dat 
1 0 14.916 -31.906 197.192 0 1 0 -0.939 0 0.344 -0.343 0 -0.939 4005 - LS60.dat 
1 0 14.855 -31.121 195.906 0 1 0 -0.878 0 0.478 -0.478 0 -0.877 4005 - LS60.dat 
1 0 14.781 -30.152 194.753 0 1 0 -0.797 0 0.604 -0.603 -0.058 -0.796 4005 - LS60.dat 
1 0 14.694 -29 193.761 -0.057 1 -0.055 -0.696 0 0.718 -0.715 -0.079 -0.694 4005 - LS60.dat 
1 0 14.595 -27.738 193 -0.09 1 -0.063 -0.575 0 0.818 -0.813 -0.11 -0.571 4005 - LS60.dat 
1 0 14.488 -26.339 192.405 -0.147 1 -0.07 -0.427 0 0.904 -0.892 -0.163 -0.422 4005 - LS60.dat 
1 0 14.373 -24.851 192.149 -0.295 1 -0.075 -0.245 0 1 -0.923 -0.304 -0.233 4005 - LS60.dat 
1 0 14.257 -23.339 192.287 1 0.146 -0.077 0.077 0 1 -0.145 1 0 4005 - LS60.dat 
1 0 14.15 -21.947 192.921 0.209 1 -0.073 0.328 0 0.945 -0.921 0.222 0.32 4005 - LS60.dat 
1 0 14.068 -20.883 194 0.071 1 -0.059 0.641 0 0.767 -0.764 0.092 0.639 4005 - LS60.dat 
1 0 14 -20.256 195.445 0 1 0 0.863 0 0.505 -0.504 0 0.862 4005 - LS60.dat 
1 0 14 -20 196.946 0 1 0 1 0 0.261 -0.261 0 1 4005 - LS60.dat 
1 0 14 -20 198.46 0 1 0 1 0 0.077 -0.077 0 1 4005 - LS60.dat 
1 0 14 -20.133 200 0 1 0 1 0 -0.067 0.067 0 1 4005 - LS60.dat 
1 0 14 -20.509 201.418 0 1 0 1 0 -0.204 0.204 0 1 4005 - LS60.dat 
1 0 13.916 -21.094 202.808 0 1 0 0.939 0 -0.344 0.343 0 0.939 4005 - LS60.dat 
1 0 13.855 -21.879 204.094 0 1 0 0.878 0 -0.478 0.478 0 0.877 4005 - LS60.dat 
1 0 13.781 -22.848 205.248 0 1 0 0.797 0 -0.604 0.603 0.058 0.796 4005 - LS60.dat 
1 0 13.694 -24 206.239 -0.057 1 -0.055 0.696 0 -0.718 0.715 0.079 0.694 4005 - LS60.dat 
1 0 13.595 -25.262 207 -0.09 1 -0.063 0.575 0 -0.818 0.813 0.11 0.571 4005 - LS60.dat 
1 0 13.488 -26.661 207.595 -0.147 1 -0.07 0.427 0 -0.904 0.892 0.163 0.422 4005 - LS60.dat 
1 0 13.373 -28.149 207.851 -0.295 1 -0.075 0.245 0 -0.97 0.923 0.304 0.233 4005 - LS60.dat 
1 0 13.257 -29.661 207.712 1 0.146 -0.077 -0.077 0 -0.997 0.145 -0.989 0 4005 - LS60.dat 
1 0 13.15 -31.053 207.079 0.209 1 -0.073 -0.328 0 -0.945 0.921 -0.222 -0.32 4005 - LS60.dat 
1 0 13.068 -32.117 206 0.071 1 -0.059 -0.641 0 -0.767 0.764 -0.092 -0.639 4005 - LS60.dat 
1 0 13 -32.744 204.555 0 1 0 -0.863 0 -0.505 0.504 0 -0.862 4005 - LS60.dat 
1 0 13 -33 203.054 0 1 0 -0.965 0 -0.261 0.261 0 -0.965 4005 - LS60.dat 
1 0 13 -33 201.54 0 1 0 -0.997 0 -0.077 0.077 0 -0.997 4005 - LS60.dat 
1 0 13 -32.867 200 0 1 0 -0.998 0 0.067 -0.067 0 -0.998 4005 - LS60.dat 
1 0 13 -32.491 198.582 0 1 0 -0.979 0 0.204 -0.204 0 -0.979 4005 - LS60.dat 
1 0 12.916 -31.906 197.192 0 1 0 -0.939 0 0.344 -0.343 0 -0.939 4005 - LS60.dat 
1 0 12.855 -31.121 195.906 0 1 0 -0.878 0 0.478 -0.478 0 -0.877 4005 - LS60.dat 
1 0 12.781 -30.152 194.753 0 1 0 -0.797 0 0.604 -0.603 -0.058 -0.796 4005 - LS60.dat 
1 0 12.694 -29 193.761 -0.057 1 -0.055 -0.696 0 0.718 -0.715 -0.079 -0.694 4005 - LS60.dat 
1 0 12.595 -27.738 193 -0.09 1 -0.063 -0.575 0 0.818 -0.813 -0.11 -0.571 4005 - LS60.dat 
1 0 12.488 -26.339 192.405 -0.147 1 -0.07 -0.427 0 0.904 -0.892 -0.163 -0.422 4005 - LS60.dat 
1 0 12.373 -24.851 192.149 -0.295 1 -0.075 -0.245 0 1 -0.923 -0.304 -0.233 4005 - LS60.dat 
1 0 12.257 -23.339 192.287 1 0.146 -0.077 0.077 0 1 -0.145 1 0 4005 - LS60.dat 
1 0 12.15 -21.947 192.921 0.209 1 -0.073 0.328 0 0.945 -0.921 0.222 0.32 4005 - LS60.dat 
1 0 12.068 -20.883 194 0.071 1 -0.059 0.641 0 0.767 -0.764 0.092 0.639 4005 - LS60.dat 
1 0 12 -20.256 195.445 0 1 0 0.863 0 0.505 -0.504 0 0.862 4005 - LS60.dat 
1 0 12 -20 196.946 0 1 0 1 0 0.261 -0.261 0 1 4005 - LS60.dat 
1 0 12 -20 198.46 0 1 0 1 0 0.077 -0.077 0 1 4005 - LS60.dat 
1 0 12 -20.133 200 0 1 0 1 0 -0.067 0.067 0 1 4005 - LS60.dat 
1 0 12 -20.509 201.418 0 1 0 1 0 -0.204 0.204 0 1 4005 - LS60.dat 
1 0 11.916 -21.094 202.808 0 1 0 0.939 0 -0.344 0.343 0 0.939 4005 - LS60.dat 
1 0 11.855 -21.879 204.094 0 1 0 0.878 0 -0.478 0.478 0 0.877 4005 - LS60.dat 
1 0 11.781 -22.848 205.248 0 1 0 0.797 0 -0.604 0.603 0.058 0.796 4005 - LS60.dat 
1 0 11.694 -24 206.239 -0.057 1 -0.055 0.696 0 -0.718 0.715 0.079 0.694 4005 - LS60.dat 
1 0 11.595 -25.262 207 -0.09 1 -0.063 0.575 0 -0.818 0.813 0.11 0.571 4005 - LS60.dat 
1 0 11.488 -26.661 207.595 -0.147 1 -0.07 0.427 0 -0.904 0.892 0.163 0.422 4005 - LS60.dat 
1 0 11.373 -28.149 207.851 -0.295 1 -0.075 0.245 0 -0.97 0.923 0.304 0.233 4005 - LS60.dat 
1 0 11.257 -29.661 207.713 1 0.146 -0.077 -0.077 0 -0.997 0.145 -0.989 0 4005 - LS60.dat 
1 0 11.15 -31.053 207.079 0.209 1 -0.073 -0.328 0 -0.945 0.921 -0.222 -0.32 4005 - LS60.dat 
1 0 11.068 -32.117 206 0.071 1 -0.059 -0.641 0 -0.767 0.764 -0.092 -0.639 4005 - LS60.dat 
1 0 11 -32.744 204.555 0 1 0 -0.863 0 -0.505 0.504 0 -0.862 4005 - LS60.dat 
1 0 11 -33 203.054 0 1 0 -0.965 0 -0.261 0.261 0 -0.965 4005 - LS60.dat 
1 0 11 -33 201.54 0 1 0 -0.997 0 -0.077 0.077 0 -0.997 4005 - LS60.dat 
1 0 11 -32.867 200 0 1 0 -0.998 0 0.067 -0.067 0 -0.998 4005 - LS60.dat 
1 0 11 -32.491 198.582 0 1 0 -0.979 0 0.204 -0.204 0 -0.979 4005 - LS60.dat 
1 0 10.916 -31.906 197.192 0 1 0 -0.939 0 0.344 -0.343 0 -0.939 4005 - LS60.dat 
1 0 10.855 -31.121 195.906 0 1 0 -0.878 0 0.478 -0.478 0 -0.877 4005 - LS60.dat 
1 0 10.781 -30.152 194.753 0 1 0 -0.797 0 0.604 -0.603 -0.058 -0.796 4005 - LS60.dat 
1 0 10.694 -29 193.761 -0.057 1 -0.055 -0.696 0 0.718 -0.715 -0.079 -0.694 4005 - LS60.dat 
1 0 10.595 -27.738 193 -0.09 1 -0.063 -0.575 0 0.818 -0.813 -0.11 -0.571 4005 - LS60.dat 
1 0 10.488 -26.339 192.405 -0.147 1 -0.07 -0.427 0 0.904 -0.892 -0.163 -0.422 4005 - LS60.dat 
1 0 10.373 -24.851 192.149 -0.295 1 -0.075 -0.245 0 1 -0.923 -0.304 -0.233 4005 - LS60.dat 
1 0 10.257 -23.339 192.287 1 0.146 -0.077 0.077 0 1 -0.145 1 0 4005 - LS60.dat 
1 0 10.15 -21.947 192.921 0.209 1 -0.073 0.328 0 0.945 -0.921 0.222 0.32 4005 - LS60.dat 
1 0 10.068 -20.883 194 0.071 1 -0.059 0.641 0 0.767 -0.764 0.092 0.639 4005 - LS60.dat 
1 0 10 -20.256 195.445 0 1 0 0.863 0 0.505 -0.504 0 0.862 4005 - LS60.dat 
1 0 10 -20 196.946 0 1 0 1 0 0.261 -0.261 0 1 4005 - LS60.dat 
1 0 10 -20 198.46 0 1 0 1 0 0.077 -0.077 0 1 4005 - LS60.dat 
1 0 10 -20.133 200 0 1 0 1 0 -0.067 0.067 0 1 4005 - LS60.dat 
1 0 10 -20.509 201.418 0 1 0 1 0 -0.204 0.204 0 1 4005 - LS60.dat 
1 0 9.916 -21.094 202.808 0 1 0 0.939 0 -0.344 0.343 0 0.939 4005 - LS60.dat 
1 0 9.855 -21.879 204.094 0 1 0 0.878 0 -0.478 0.478 0 0.877 4005 - LS60.dat 
1 0 9.781 -22.848 205.248 0 1 0 0.797 0 -0.604 0.603 0.058 0.796 4005 - LS60.dat 
1 0 9.694 -24 206.239 -0.057 1 -0.055 0.696 0 -0.718 0.715 0.079 0.694 4005 - LS60.dat 
1 0 9.595 -25.262 207 -0.09 1 -0.063 0.575 0 -0.818 0.813 0.11 0.571 4005 - LS60.dat 
1 0 9.488 -26.661 207.595 -0.147 1 -0.07 0.427 0 -0.904 0.892 0.163 0.422 4005 - LS60.dat 
1 0 9.373 -28.149 207.851 -0.295 1 -0.075 0.245 0 -0.97 0.923 0.304 0.233 4005 - LS60.dat 
1 0 9.257 -29.661 207.712 1 0.146 -0.077 -0.077 0 -0.997 0.145 -0.989 0 4005 - LS60.dat 
1 0 9.15 -31.053 207.079 0.209 1 -0.073 -0.328 0 -0.945 0.921 -0.222 -0.32 4005 - LS60.dat 
1 0 9.068 -32.117 206 0.071 1 -0.059 -0.641 0 -0.767 0.764 -0.092 -0.639 4005 - LS60.dat 
1 0 9 -32.744 204.555 0 1 0 -0.863 0 -0.505 0.504 0 -0.862 4005 - LS60.dat 
1 0 9 -33 203.054 0 1 0 -0.965 0 -0.261 0.261 0 -0.965 4005 - LS60.dat 
1 0 9 -33 201.54 0 1 0 -0.997 0 -0.077 0.077 0 -0.997 4005 - LS60.dat 
1 0 9 -32.867 200 0 1 0 -0.998 0 0.067 -0.067 0 -0.998 4005 - LS60.dat 
1 0 9 -32.491 198.582 0 1 0 -0.979 0 0.204 -0.204 0 -0.979 4005 - LS60.dat 
1 0 8.916 -31.906 197.192 0 1 0 -0.939 0 0.344 -0.343 0 -0.939 4005 - LS60.dat 
1 0 8.855 -31.121 195.906 0 1 0 -0.878 0 0.478 -0.478 0 -0.877 4005 - LS60.dat 
1 0 8.781 -30.152 194.753 0 1 0 -0.797 0 0.604 -0.603 -0.058 -0.796 4005 - LS60.dat 
1 0 8.694 -29 193.761 -0.057 1 -0.055 -0.696 0 0.718 -0.715 -0.079 -0.694 4005 - LS60.dat 
1 0 8.595 -27.738 193 -0.09 1 -0.063 -0.575 0 0.818 -0.813 -0.11 -0.571 4005 - LS60.dat 
1 0 8.488 -26.339 192.405 -0.147 1 -0.07 -0.427 0 0.904 -0.892 -0.163 -0.422 4005 - LS60.dat 
1 0 8.373 -24.851 192.149 -0.295 1 -0.075 -0.245 0 1 -0.923 -0.304 -0.233 4005 - LS60.dat 
1 0 8.257 -23.339 192.287 1 0.146 -0.077 0.077 0 1 -0.145 1 0 4005 - LS60.dat 
1 0 8.15 -21.947 192.921 0.209 1 -0.073 0.328 0 0.945 -0.921 0.222 0.32 4005 - LS60.dat 
1 0 8.068 -20.883 194 0.071 1 -0.059 0.641 0 0.767 -0.764 0.092 0.639 4005 - LS60.dat 
1 0 8 -20.256 195.445 0 1 0 0.863 0 0.505 -0.504 0 0.862 4005 - LS60.dat 
1 0 8 -20 196.946 0 1 0 1 0 0.261 -0.261 0 1 4005 - LS60.dat 
1 0 8 -20 198.46 0 1 0 1 0 0.077 -0.077 0 1 4005 - LS60.dat 
1 0 8 -20.133 200 0 1 0 1 0 -0.067 0.067 0 1 4005 - LS60.dat 
1 0 8 -20.509 201.418 0 1 0 1 0 -0.204 0.204 0 1 4005 - LS60.dat 
1 0 7.916 -21.094 202.808 0 1 0 0.939 0 -0.344 0.343 0 0.939 4005 - LS60.dat 
1 0 7.856 -21.879 204.094 0 1 0 0.878 0 -0.478 0.478 0 0.877 4005 - LS60.dat 
1 0 7.781 -22.848 205.248 0 1 0 0.797 0 -0.604 0.603 0.058 0.796 4005 - LS60.dat 
1 0 7.694 -24 206.239 -0.057 1 -0.055 0.696 0 -0.718 0.715 0.079 0.694 4005 - LS60.dat 
1 0 7.595 -25.262 207 -0.09 1 -0.063 0.575 0 -0.818 0.813 0.11 0.571 4005 - LS60.dat 
1 0 7.488 -26.661 207.595 -0.147 1 -0.07 0.427 0 -0.904 0.892 0.163 0.422 4005 - LS60.dat 
1 0 7.373 -28.149 207.851 -0.295 1 -0.075 0.245 0 -0.97 0.923 0.304 0.233 4005 - LS60.dat 
1 0 7.257 -29.661 207.713 1 0.146 -0.077 -0.077 0 -0.997 0.145 -0.989 0 4005 - LS60.dat 
1 0 7.15 -31.053 207.079 0.209 1 -0.073 -0.328 0 -0.945 0.921 -0.222 -0.32 4005 - LS60.dat 
1 0 7.068 -32.117 206 0.071 1 -0.059 -0.641 0 -0.767 0.764 -0.092 -0.639 4005 - LS60.dat 
1 0 7 -32.744 204.555 0 1 0 -0.863 0 -0.505 0.504 0 -0.862 4005 - LS60.dat 
1 0 7 -33 203.054 0 1 0 -0.965 0 -0.261 0.261 0 -0.965 4005 - LS60.dat 
1 0 7 -33 201.54 0 1 0 -0.997 0 -0.077 0.077 0 -0.997 4005 - LS60.dat 
1 0 7 -32.867 200 0 1 0 -0.998 0 0.067 -0.067 0 -0.998 4005 - LS60.dat 
1 0 7 -32.491 198.582 0 1 0 -0.979 0 0.204 -0.204 0 -0.979 4005 - LS60.dat 
1 0 6.916 -31.906 197.192 0 1 0 -0.939 0 0.344 -0.343 0 -0.939 4005 - LS60.dat 
1 0 6.856 -31.121 195.906 0 1 0 -0.878 0 0.478 -0.478 0 -0.877 4005 - LS60.dat 
1 0 6.781 -30.152 194.753 0 1 0 -0.797 0 0.604 -0.603 -0.058 -0.796 4005 - LS60.dat 
1 0 6.694 -29 193.761 -0.057 1 -0.055 -0.696 0 0.718 -0.715 -0.079 -0.694 4005 - LS60.dat 
1 0 6.595 -27.738 193 -0.09 1 -0.063 -0.575 0 0.818 -0.813 -0.11 -0.571 4005 - LS60.dat 
1 0 6.488 -26.339 192.405 -0.147 1 -0.07 -0.427 0 0.904 -0.892 -0.163 -0.422 4005 - LS60.dat 
1 0 6.373 -24.851 192.149 -0.295 1 -0.075 -0.245 0 1 -0.923 -0.304 -0.233 4005 - LS60.dat 
1 0 6.257 -23.339 192.287 1 0.145 -0.077 0.077 0 1 -0.145 1 0 4005 - LS60.dat 
1 0 6.15 -21.947 192.921 0.209 1 -0.073 0.328 0 0.945 -0.921 0.222 0.32 4005 - LS60.dat 
1 0 6.068 -20.883 194 0.071 1 -0.059 0.641 0 0.767 -0.764 0.092 0.639 4005 - LS60.dat 
1 0 6 -20.256 195.445 0 1 0 0.863 0 0.505 -0.504 0 0.862 4005 - LS60.dat 
1 0 6 -20 196.946 0 1 0 1 0 0.261 -0.261 0 1 4005 - LS60.dat 
1 0 6 -20 198.46 0 1 0 1 0 0.077 -0.077 0 1 4005 - LS60.dat 
1 0 6 -20.159 200 0 1 0 1 0 -0.08 0.08 0 1 4005 - LS60.dat 
1 0 6 -20.49 201.423 0 1 0 1 0 -0.185 0.185 0 1 4005 - LS60.dat 
1 0 6 -20.895 202.875 0 1 0 1 0 -0.248 0.248 0 1 4005 - LS60.dat 
1 0 5.933 -21.353 204.311 0 1 0 1 0 -0.29 0.29 0 1 4005 - LS60.dat 
1 0 5.909 -21.849 205.732 0 1 0 0.947 0 -0.32 0.32 0 0.947 4005 - LS60.dat 
1 0 5.883 -22.375 207.14 0 1 0 0.94 0 -0.343 0.343 0 0.939 4005 - LS60.dat 
1 0 5.856 -22.925 208.536 0 1 0 0.933 0 -0.36 0.36 0 0.933 4005 - LS60.dat 
1 0 5.828 -23.494 209.925 0 1 0 0.927 0 -0.375 0.374 0 0.927 4005 - LS60.dat 
1 0 5.799 -24.081 211.31 0 1 0 0.922 0 -0.386 0.386 0 0.922 4005 - LS60.dat 
1 0 5.77 -24.681 212.686 0 1 0 0.918 0 -0.396 0.396 0 0.918 4005 - LS60.dat 
1 0 5.741 -25.293 214.058 0 1 0 0.914 0 -0.405 0.405 0 0.914 4005 - LS60.dat 
1 0 5.711 -25.916 215.428 0 1 0 0.911 0 -0.412 0.412 0 0.911 4005 - LS60.dat 
1 0 5.68 -26.547 216.791 0 1 0 0.909 0 -0.418 0.418 0 0.908 4005 - LS60.dat 
1 0 5.65 -27.186 218.153 0 1 0 0.906 0 -0.423 0.423 0 0.906 4005 - LS60.dat 
1 0 5.619 -27.832 219.512 0 1 0 0.904 0 -0.428 0.427 0 0.904 4005 - LS60.dat 
1 0 5.588 -28.483 220.869 0 1 0 0.902 0 -0.431 0.431 0 0.902 4005 - LS60.dat 
1 0 5.557 -29.137 222.219 0 1 0 0.9 0 -0.435 0.435 0 0.9 4005 - LS60.dat 
1 0 5.526 -29.798 223.571 0 1 0 0.899 0 -0.438 0.438 0 0.899 4005 - LS60.dat 
1 0 5.495 -30.462 224.922 0 1 0 0.898 0 -0.44 0.44 0 0.898 4005 - LS60.dat 
1 0 5.463 -31.126 226.268 0 1 0 0.897 0 -0.442 0.442 0 0.897 4005 - LS60.dat 
1 0 5.432 -31.795 227.617 0 1 0 0.896 0 -0.444 0.444 0 0.896 4005 - LS60.dat 
1 0 5.402 -32.466 229 0 1 0 0.896 0 -0.445 0.445 0 0.895 4005 - LS60.dat 
1 0 5.371 -33.136 230.311 0 1 0 0.895 0 -0.446 0.446 0 0.895 4005 - LS60.dat 
1 0 5.34 -33.806 231.654 0 1 0 0.895 0 -0.446 0.446 0 0.895 4005 - LS60.dat 
1 0 5.31 -34.476 233 0 1 0 0.895 0 -0.446 0.446 0 0.895 4005 - LS60.dat 
1 0 5.28 -35.146 234.347 0 1 0 0.895 0 -0.445 0.445 0 0.895 4005 - LS60.dat 
1 0 5.25 -35.814 235.694 0 1 0 0.896 0 -0.445 0.445 0 0.896 4005 - LS60.dat 
1 0 5.221 -36.48 237 0 1 0 0.896 0 -0.443 0.443 0 0.896 4005 - LS60.dat 
1 0 5.193 -37.143 238.396 0 1 0 0.898 0 -0.441 0.441 0 0.897 4005 - LS60.dat 
1 0 5.165 -37.8 239.747 0 1 0 0.899 0 -0.438 0.438 0 0.899 4005 - LS60.dat 
1 0 5.138 -38.453 241.105 0 1 0 0.901 0 -0.434 0.434 0 0.901 4005 - LS60.dat 
1 0 5.111 -39.097 242.464 0 1 0 0.903 0 -0.429 0.429 0 0.903 4005 - LS60.dat 
1 0 5.086 -39.729 243.826 0 1 0 0.906 0 -0.423 0.423 0 0.906 4005 - LS60.dat 
1 0 5.063 -40.35 245.197 0 1 0 0.91 0 -0.415 0.415 0 0.91 4005 - LS60.dat 
1 0 5 -41 246.576 0 1 0 0.915 0 -0.404 0.404 0 0.914 4005 - LS60.dat 
1 0 5 -41.529 248 0 1 0 0.921 0 -0.389 0.389 0 0.921 4005 - LS60.dat 
1 0 5 -42.069 249.361 0 1 0 0.93 0 -0.367 0.367 0 0.93 4005 - LS60.dat 
1 0 5 -42.548 250.784 0 1 0 0.944 0 -0.332 0.332 0 0.943 4005 - LS60.dat 
1 0 5 -42.932 252.24 0 1 0 1 0 -0.274 0.274 0 1 4005 - LS60.dat 
1 0 4.843 -43.404 253.659 0 1 -0.069 1 0 -0.304 0.304 0.066 0.95 4005 - LS60.dat 
1 0 4.521 -43.913 255 0 1 -0.178 0.943 0 -0.33 0.332 0.175 0.927 4005 - LS60.dat 
1 0 3.837 -44.426 256.292 -0.068 0.92 -0.386 0.938 -0.073 -0.339 0.34 0.385 0.858 4005 - LS60.dat 
1 0 2.635 -44.828 257.178 -0.131 0.705 -0.698 1 -0.106 -0.286 0.275 0.702 0.657 4005 - LS60.dat 
1 0 1.129 -45 257.528 -0.113 0.357 -0.927 1 -0.104 -0.159 0.154 0.928 0.339 4005 - LS60.dat 
1 0 -0.397 -45 257.545 0 0.097 -0.995 1 -0.074 0 0.078 1 0.093 4005 - LS60.dat 
1 0 -1.886 -44.939 257.26 0 -0.119 -0.993 1 0 0 0 1 -0.119 4005 - LS60.dat 
1 0 -3 -44.67 256.173 0.115 -0.579 -0.807 1 0 0.141 0.082 0.815 -0.574 4005 - LS60.dat 
1 0 -3.12 -44.254 254.59 0 -0.965 -0.26 1 0 0.243 0.241 0.262 -0.934 4005 - LS60.dat 
1 0 -2.787 -43.806 253.151 0 -0.995 0.102 1 0 0.285 0.286 -0.099 -0.953 4005 - LS60.dat 
1 0 -2.106 -43.272 251.892 0 -0.93 0.366 0.936 0.095 0.338 0.349 -0.355 -0.867 4005 - LS60.dat 
1 0 -1 -42.71 251 -0.114 -0.764 0.635 0.916 0.167 0.366 0.385 -0.624 -0.68 4005 - LS60.dat 
1 0 0.216 -42.168 250.272 -0.172 -0.607 0.776 0.909 0.206 0.362 0.38 -0.768 -0.516 4005 - LS60.dat 
1 0 1.412 -41.627 249.542 -0.179 -0.584 0.791 0.909 0.21 0.361 0.377 -0.784 -0.493 4005 - LS60.dat 
1 0 2.4 -41.075 248.545 -0.136 -0.709 0.692 0.912 0.182 0.366 0.386 -0.681 -0.622 4005 - LS60.dat 
1 0 3 -40.557 247.214 -0.057 -0.89 0.452 0.929 0.118 0.35 0.365 -0.44 -0.821 4005 - LS60.dat 
1 0 3.074 -40.13 245.747 0 -0.985 0.17 1 0 0.301 0.304 -0.165 -0.938 4005 - LS60.dat 
1 0 3 -39.763 244.284 0 -1 0 1 0 0.259 0.259 0 -0.966 4005 - LS60.dat 
1 0 3 -39.373 242.834 0 -1 0 1 0 0.26 0.26 0 -0.966 4005 - LS60.dat 
1 0 3 -39 241.385 0 -1 0 1 0 0.26 0.26 0 -0.966 4005 - LS60.dat 
1 0 3 -38.595 239.937 0 -1 0 1 0 0.259 0.259 0 -0.966 4005 - LS60.dat 
