0 FILE 40449.ldr
0 Untitled
0 Name: 40449.ldr
0 Author: marco9999
0 Unofficial Model
0 ROTATION CENTER 0 0 0 1 "Custom" 
0 ROTATION CONFIG 0 0
1 7 0 0 0 1 0 0 0 1 0 0 0 1 40449 house.ldr
1 7 0 0 0 1 0 0 0 1 0 0 0 1 40449 bunny.ldr
0
0 FILE 40449 bunny.ldr
0 40449 bunny
0 Author: LEGO Digital Designer 4.3
0 ROTATION CENTER 0 0 0 1 "Custom" 
0 ROTATION CONFIG 0 0
1 71 -68.0001 -99.6156 -154.877 0 0 1 0.973352 0.229316 0 -0.229316 0.973352 0 60478.dat
1 71 -68.0002 -64 -159.994 0 0 -1 0 1 0 1 0 0 15712.dat
1 72 -68 -48 -169.994 0 0 -1 0 1 0 1 0 0 3023.dat
1 71 -68.0001 -56 -169.994 0 0 -1 0 1 0 1 0 0 44728.dat
1 71 -46.0001 -26 -169.925 0 -1 0 0 0 -1 1 0 0 15573.dat
1 71 -68.0002 -99.2267 -187 0 0 -1 0.956655 0.291224 0 0.291224 -0.956655 0 60478.dat
1 71 -68.0001 -64 -179.994 0 0 -1 0 1 0 1 0 0 15712.dat
1 15 -46 -46 -179.919 0 -1 0 -0.707107 0 -0.707107 0.707107 0 -0.707107 98138p07.dat
1 15 -46 -46 -159.919 0 -1 0 -0.707107 0 -0.707107 0.707107 0 -0.707107 98138p07.dat
1 72 -68.0001 -48 -159.994 0 0 1 0 1 0 -1 0 0 6091.dat
1 72 -68 -48 -179.994 0 0 1 0 1 0 -1 0 0 6091.dat
1 29 -38.0001 -26 -169.925 0 -1 0 -0.718449 0 0.695579 -0.695579 0 -0.718449 25269.dat
1 72 -68 -32 -169.994 0 0 -1 0 1 0 1 0 0 3004.dat
1 72 -68 -7.99998 -159.994 1 0 0 0 1 0 0 0 1 6141.dat
1 72 -68 -7.99998 -179.994 1 0 0 0 1 0 0 0 1 6141.dat
1 72 -88.0001 -16 -169.994 0 0 1 0 1 0 -1 0 0 99780.dat
1 71 -110 -18 -170 0 1 0 0 0 1 1 0 0 15573.dat
1 72 -88 -7.99998 -159.994 1 0 0 0 1 0 0 0 1 6141.dat
1 72 -88 -7.99998 -179.994 1 0 0 0 1 0 0 0 1 6141.dat
1 15 -110 -18 -170 0 1 0 -1 0 0 0 0 1 15470.dat
0
0 FILE 40449 house.ldr
0 40449 house
0 Author: LEGO Digital Designer 4.3
0 ROTATION CENTER 0 0 0 1 "Custom" 
0 ROTATION CONFIG 0 0
1 29 108 -124 64.0004 -1 0 0 0 1 0 0 0 -1 24866.dat
1 2 9.99476 -304 44.0006 0.56776 0 0.823194 0 1 0 -0.823194 0 0.56776 2423.dat
1 10 9.99477 -283.245 44.0006 -1 0 0 0 1 0 0 0 -1 33183.dat
1 2 9.99476 -296 44.0006 0.425612 0 -0.904906 0 1 0 0.904906 0 0.425612 2423.dat
1 2 9.99454 -288 44.0006 -1 0 0 0 1 0 0 0 -1 3062b.dat
1 25 9.9945 -264 44.0006 1 0 0 0 1 0 0 0 1 15573.dat
1 25 50.0001 -248 54.0005 0 0 -1 0 1 0 1 0 0 15068.dat
1 25 30.0002 -248 54.0006 0 0 -1 0 1 0 1 0 0 3032.dat
1 25 30.0002 -256 34.0006 -1 0 0 0 1 0 0 0 -1 4032a.dat
1 25 10.0002 -248 14.0006 1 0 0 0 1 0 0 0 1 15068.dat
1 25 30.0002 -256 74.0006 -1 0 0 0 1 0 0 0 -1 4032a.dat
1 25 10.0001 -240 4.00063 -1 0 0 0 1 0 0 0 -1 3666.dat
1 25 -9.99988 -256 34.0006 -1 0 0 0 1 0 0 0 -1 4032a.dat
1 25 10.0002 -248 94.0006 -1 0 0 0 1 0 0 0 -1 15068.dat
1 25 -9.99985 -256 74.0006 -1 0 0 0 1 0 0 0 -1 4032a.dat
1 25 10.0002 -240 104.001 -1 0 0 0 1 0 0 0 -1 3666.dat
1 25 -29.9998 -248 54.0007 0 0 -1 0 1 0 1 0 0 3795.dat
1 25 -29.9998 -248 54.0006 0 0 1 0 1 0 -1 0 0 15068.dat
1 2 0.000225287 -352 64.0005 0.999573 0 -0.0292082 0 1 0 0.0292082 0 0.999573 2423.dat
1 2 0.000283969 -344 64.0005 1 0 0 0 1 0 0 0 1 3062b.dat
1 2 10.0003 -320 64.0005 1 0 0 0 1 0 0 0 1 35480.dat
1 2 20.0002 -312 64.0006 -1 0 0 0 1 0 0 0 -1 3062b.dat
1 2 0.000188602 -312 64.0005 -1 0 0 0 1 0 0 0 -1 3062b.dat
1 2 20.0002 -288 64.0006 -1 0 0 0 1 0 0 0 -1 3062b.dat
1 2 0.000188602 -288 64.0006 -1 0 0 0 1 0 0 0 -1 3062b.dat
1 25 10.0002 -264 64.0007 -1 0 0 0 1 0 0 0 -1 3023.dat
1 25 60 -232 54.0006 0 0 1 0 1 0 -1 0 0 3666.dat
1 25 60.0001 -224 54.0005 0 0 1 0 1 0 -1 0 0 3010.dat
1 25 60.0001 -200 54.0005 0 0 1 0 1 0 -1 0 0 3666.dat
1 25 59.9999 -192 54.0006 0 0 1 0 1 0 -1 0 0 3710.dat
1 15 59.9999 -184 14.0006 0 0 1 0 1 0 -1 0 0 3004.dat
1 70 59.9999 -160 24.0005 -1 0 0 0 1 0 0 0 -1 6141.dat
1 25 59.9999 -152 14.0005 0 0 1 0 1 0 -1 0 0 3023.dat
1 25 59.9999 -144 14.0005 0 0 1 0 1 0 -1 0 0 3023.dat
1 15 59.9999 -136 14.0005 0 0 1 0 1 0 -1 0 0 3004.dat
1 15 59.9999 -112 14.0005 0 0 1 0 1 0 -1 0 0 3245b.dat
1 25 -39.9999 -232 54.0006 0 0 1 0 1 0 -1 0 0 3666.dat
1 25 -39.9999 -224 54.0006 0 0 1 0 1 0 -1 0 0 3010.dat
1 25 -39.9999 -200 54.0006 0 0 1 0 1 0 -1 0 0 3666.dat
1 25 -40 -192 54.0007 0 0 1 0 1 0 -1 0 0 3710.dat
1 25 9.99998 -192 4.00055 -1 0 0 0 1 0 0 0 -1 3666.dat
1 25 10 -200 54.0005 0 0 1 0 1 0 -1 0 0 3795.dat
1 25 9.9998 -192 104 -1 0 0 0 1 0 0 0 -1 3666.dat
1 15 -40 -184 14.0007 0 0 1 0 1 0 -1 0 0 3004.dat
1 70 -40 -160 24.0007 -1 0 0 0 1 0 0 0 -1 6141.dat
1 25 -40 -152 14.0007 0 0 1 0 1 0 -1 0 0 3023.dat
1 25 -40 -144 14.0007 0 0 1 0 1 0 -1 0 0 3023.dat
1 15 -40.0001 -136 14.0006 0 0 1 0 1 0 -1 0 0 3004.dat
1 15 -40.0001 -112 14.0006 0 0 1 0 1 0 -1 0 0 3245b.dat
1 15 59.9995 -184 94.0005 0 0 1 0 1 0 -1 0 0 2454b.dat
1 25 78.0001 -224 14.0005 0 -1 0 0 0 1 -1 0 0 15068.dat
1 2 86.0001 -214 24.0004 0 -1 0 0 0 1 -1 0 0 6141.dat
1 25 78.0001 -224 54.0005 0 -1 0 0 0 1 -1 0 0 3795.dat
1 25 78.0001 -224 54.0005 0 -1 0 0 0 1 -1 0 0 15068.dat
1 25 78.0001 -224 94.0005 0 -1 0 0 0 1 -1 0 0 15068.dat
1 2 86.0001 -214 84.0005 0 -1 0 0 0 1 -1 0 0 6141.dat
1 70 86.0001 -194 54.0004 0 -1 0 1 0 0 0 0 1 3021.dat
1 25 94.0001 -184 54.0004 0 -1 0 0 0 -1 1 0 0 87079.dat
1 25 78.0001 -194 54.0004 0 -1 0 0 0 1 -1 0 0 3666.dat
1 15 78.0001 -174 54.0004 0 -1 0 0 0 -1 1 0 0 32028.dat
1 19 86.0001 -144 24.0004 0 -1 0 1 0 0 0 0 1 3666.dat
1 25 78.0001 -164 14.0004 0 -1 0 0 0 1 -1 0 0 3022.dat
1 25 94.0001 -134 24.0004 0 -1 0 1 0 0 0 0 1 3623.dat
1 226 102 -124.006 24.0004 0 -1 0 1 0 0 0 0 1 3069b.dat
1 25 94.0001 -194 4.00042 0 -1 0 1 0 0 0 0 1 3070b.dat
1 25 86.0001 -204 4.00043 0 -1 0 0 0 -1 1 0 0 85970.dat
1 19 86.0001 -144 84.0005 0 -1 0 1 0 0 0 0 1 3666.dat
1 25 78.0001 -164 94.0005 0 -1 0 0 0 1 -1 0 0 3022.dat
1 71 78.0001 -124 24.0004 0 -1 0 1 0 0 0 0 1 3023.dat
1 25 94.0001 -134 84.0005 0 -1 0 1 0 0 0 0 1 3623.dat
1 226 102 -124.006 84.0005 0 -1 0 1 0 0 0 0 1 3069b.dat
1 71 78.0001 -124 84.0005 0 -1 0 1 0 0 0 0 1 3023.dat
1 25 94.0001 -194 104 0 -1 0 1 0 0 0 0 1 3070b.dat
1 25 86.0001 -204 104 0 -1 0 0 0 -1 1 0 0 85970.dat
1 15 59.9999 -64 104 0 0 -1 0 1 0 1 0 0 87087.dat
1 0 60.0001 -224 104.001 0 0 -1 0 1 0 1 0 0 26604.dat
1 0 60.0001 -224 4.00055 1 0 0 0 1 0 0 0 1 26604.dat
1 0 60 -64 4.0005 1 0 0 0 1 0 0 0 1 26604.dat
1 0 -39.9998 -224 104.001 -1 0 0 0 1 0 0 0 -1 26604.dat
1 0 -39.9998 -224 4.00056 0 0 1 0 1 0 -1 0 0 26604.dat
1 25 50.0001 -224 122.001 1 0 0 0 0 1 0 -1 0 15068.dat
1 25 10.0001 -224 122.001 -1 0 0 0 0 -1 0 -1 0 3795.dat
1 25 10.0001 -224 122.001 1 0 0 0 0 1 0 -1 0 15068.dat
1 25 10.0001 -204 130.001 -1 0 0 0 0 -1 0 -1 0 3795.dat
1 25 10.0001 -194 122.001 -1 0 0 0 0 -1 0 -1 0 3666.dat
1 25 10.0001 -194 138.001 -1 0 0 0 0 -1 0 -1 0 6636.dat
1 25 -29.9999 -224 122.001 1 0 0 0 0 1 0 -1 0 15068.dat
1 25 50.0001 -224 -13.9994 -1 0 0 0 0 1 0 1 0 15068.dat
1 25 10.0001 -224 -13.9994 -1 0 0 0 0 1 0 1 0 3795.dat
1 25 10.0001 -224 -13.9994 -1 0 0 0 0 1 0 1 0 15068.dat
1 2 10.0001 -204 -21.9994 -1 0 0 0 0 1 0 1 0 3020.dat
1 25 10.0001 -194 -29.9994 -1 0 0 0 0 1 0 1 0 6636.dat
1 25 -29.9999 -224 -13.9994 -1 0 0 0 0 1 0 1 0 15068.dat
1 25 10.0001 -194 -13.9994 -1 0 0 0 0 1 0 1 0 3666.dat
1 25 60.0001 -164 -13.9994 0 0 1 1 0 0 0 1 0 3023.dat
1 25 60.0001 -204 -21.9994 1 0 0 0 0 -1 0 1 0 85970.dat
1 25 -39.9999 -164 -13.9994 0 0 1 1 0 0 0 1 0 3023.dat
1 25 -39.9999 -204 -21.9994 1 0 0 0 0 -1 0 1 0 85970.dat
1 25 -57.9999 -224 14.0006 0 1 0 0 0 1 1 0 0 15068.dat
1 25 -58 -224 54.0006 0 1 0 0 0 1 1 0 0 3795.dat
1 2 -66 -214 24.0006 0 1 0 0 0 1 1 0 0 6141.dat
1 25 -58 -224 54.0006 0 1 0 0 0 1 1 0 0 15068.dat
1 25 -58 -224 94.0006 0 1 0 0 0 1 1 0 0 15068.dat
1 2 -66 -214 84.0006 0 1 0 0 0 1 1 0 0 6141.dat
1 70 -66 -194 54.0006 0 1 0 1 0 0 0 0 -1 3021.dat
1 25 -58 -194 54.0006 0 1 0 0 0 1 1 0 0 3666.dat
1 25 -74 -184 54.0006 0 1 0 0 0 -1 -1 0 0 87079.dat
1 15 -58 -174 54.0007 0 1 0 0 0 -1 -1 0 0 32028.dat
1 19 -66 -144 24.0006 0 1 0 1 0 0 0 0 -1 3666.dat
1 25 -58 -164 14.0006 0 1 0 0 0 1 1 0 0 3022.dat
1 25 -74 -194 4.00056 0 1 0 1 0 0 0 0 -1 3070b.dat
1 25 -66 -204 4.00056 0 1 0 0 0 -1 -1 0 0 85970.dat
1 71 -58 -124 24.0006 0 1 0 1 0 0 0 0 -1 3023.dat
1 25 -74 -134 24.0006 0 1 0 1 0 0 0 0 -1 3623.dat
1 19 -66 -144 84.0007 0 1 0 1 0 0 0 0 -1 3666.dat
1 25 -58 -164 94.0007 0 1 0 0 0 1 1 0 0 3022.dat
1 226 -82 -124.006 24.0006 0 1 0 1 0 0 0 0 -1 3069b.dat
1 71 -58 -124 84.0007 0 1 0 1 0 0 0 0 -1 3023.dat
1 25 -74 -134 84.0007 0 1 0 1 0 0 0 0 -1 3623.dat
1 25 -74 -194 104.001 0 1 0 1 0 0 0 0 -1 3070b.dat
1 25 -66 -204 104.001 0 1 0 0 0 -1 -1 0 0 85970.dat
1 226 -82 -124.006 84.0007 0 1 0 1 0 0 0 0 -1 3069b.dat
1 15 -40 -184 94.0006 0 0 1 0 1 0 -1 0 0 2454b.dat
1 25 9.99994 -184 -15.9994 -1 0 0 0 1 0 0 0 -1 2431.dat
1 25 9.99998 -176 -15.9994 -1 0 0 0 1 0 0 0 -1 3710.dat
1 2 9.99994 -168 -25.9994 -1 0 0 0 1 0 0 0 -1 3020.dat
1 2 29.9999 -168 -35.9995 1 0 0 0 1 0 0 0 1 85984.dat
1 2 -10.0001 -168 -35.9994 1 0 0 0 1 0 0 0 1 85984.dat
1 25 9.99997 -160 -15.9995 -1 0 0 0 1 0 0 0 -1 3023.dat
1 14 9.99992 -152 -15.9995 -1 0 0 0 1 0 0 0 -1 60596.dat
1 27 70 -7.99999 -25.9995 1 0 0 0 1 0 0 0 1 6003.dat
1 70 60 -16 4.00041 0 0 1 0 1 0 -1 0 0 30357.dat
1 4 100 -64 -55.9997 -0.701871 0 0.712304 0 1 0 -0.712304 0 -0.701871 30165.dat
1 4 100 -40 -55.9996 -0.712304 0 -0.701871 0 1 0 0.701871 0 -0.712304 3022.dat
1 70 100 -32 -55.9995 -1 0 0 0 1 0 0 0 -1 3062b.dat
1 70 120 -7.99998 24.0005 0 0 -1 0 1 0 1 0 0 50746.dat
1 70 100 -16 24.0005 1 0 0 0 1 0 0 0 1 50746.dat
1 70 80 -16 34.0005 -1 0 0 0 1 0 0 0 -1 3021.dat
1 70 100 -16 44.0005 0 0 -1 0 1 0 1 0 0 50746.dat
1 47 87.9995 -156 54.0015 0 0 -1 0 1 0 1 0 0 60601.dat
1 2 88 -156 54.0005 0 0 -1 0 1 0 1 0 0 60592.dat
1 14 88.0001 -164 54.0061 0 0 1 0 1 0 -1 0 0 3069b.dat
1 70 86.0001 -94 54.0005 0 -1 0 0 0 1 -1 0 0 99207.dat
1 2 78.0001 -84 54.0005 0 -1 0 0 0 1 -1 0 0 3020.dat
1 25 94.0001 -63.9999 34.0005 0 -1 0 0 0 -1 1 0 0 93606.dat
1 25 94.0002 -64 74.0005 0 -1 0 0 0 -1 1 0 0 93606.dat
1 15 60.0002 -64 54.0005 0 0 -1 0 1 0 1 0 0 30414.dat
1 15 60 -112 54.0005 0 0 1 0 1 0 -1 0 0 3245b.dat
1 25 60 -40 54.0005 0 0 1 0 1 0 -1 0 0 3009.dat
1 70 9.99998 -15.9999 -65.9995 -1 0 0 0 1 0 0 0 -1 14769.dat
1 70 10 -15.9999 -35.9995 -1 0 0 0 1 0 0 0 -1 2431.dat
1 70 60.0001 -15.9999 84.0005 1 0 0 0 1 0 0 0 1 30357.dat
1 27 70 -7.99993 94.0005 0 0 -1 0 1 0 1 0 0 6003.dat
1 70 80 -15.9999 64.0005 -1 0 0 0 1 0 0 0 -1 3623.dat
1 14 40 -63.9999 54.0005 0 0 1 0 1 0 -1 0 0 22885.dat
1 226 22 -54 54.0061 0 1 0 0 0 -1 -1 0 0 15573.dat
1 226 22 -33.9999 54.006 0 1 0 0 0 -1 -1 0 0 15573.dat
1 25 40 -23.9999 54.0005 0 0 1 0 1 0 -1 0 0 3023.dat
1 2 40.0001 -15.9999 54.0005 0 0 1 0 1 0 -1 0 0 35480.dat
1 15 10.0001 -15.9999 54.0005 0 0 1 0 1 0 -1 0 0 69729.dat
1 27 -49.9999 -7.99995 -25.9995 0 0 1 0 1 0 -1 0 0 6003.dat
1 70 -39.9999 -15.9999 4.00052 -1 0 0 0 1 0 0 0 -1 30357.dat
1 70 10.0001 -15.9999 124.001 -1 0 0 0 1 0 0 0 -1 2431.dat
1 14 -67.9999 -164 53.9951 0 0 -1 0 1 0 1 0 0 3069b.dat
1 2 -67.9999 -156 54.0007 0 0 1 0 1 0 -1 0 0 60592.dat
1 47 -67.9995 -156 53.9996 0 0 1 0 1 0 -1 0 0 60601.dat
1 2 -58 -84 54.0007 0 1 0 0 0 1 1 0 0 3020.dat
1 70 -66 -94 54.0006 0 1 0 0 0 1 1 0 0 99207.dat
1 25 -74 -63.9999 34.0007 0 1 0 0 0 -1 -1 0 0 93606.dat
1 15 -40 -63.9999 54.0007 0 0 1 0 1 0 -1 0 0 30414.dat
1 15 -40 -112 54.0006 0 0 1 0 1 0 -1 0 0 3245b.dat
1 25 -74 -63.9999 74.0006 0 1 0 0 0 -1 -1 0 0 93606.dat
1 25 -40 -39.9999 54.0006 0 0 1 0 1 0 -1 0 0 3009.dat
1 70 -60 -15.9999 34.0005 -1 0 0 0 1 0 0 0 -1 3021.dat
1 27 -49.9998 -7.99993 94.0005 -1 0 0 0 1 0 0 0 -1 6003.dat
1 70 -59.9999 -15.9999 64.0005 -1 0 0 0 1 0 0 0 -1 3623.dat
1 70 -79.9999 -15.9999 64.0005 0 0 1 0 1 0 -1 0 0 50746.dat
1 70 -39.9999 -15.9999 84.0006 0 0 -1 0 1 0 1 0 0 30357.dat
1 70 -79.9999 -15.9999 84.0006 -1 0 0 0 1 0 0 0 -1 50746.dat
1 70 -99.9999 -7.99994 84.0005 -1 0 0 0 1 0 0 0 -1 50746.dat
1 25 39.9998 -160 4.00059 0 0 1 0 1 0 -1 0 0 2420.dat
1 25 -20 -160 4.0007 -1 0 0 0 1 0 0 0 -1 2420.dat
1 0 -40.0001 -64 4.00066 1 0 0 0 1 0 0 0 1 26604.dat
1 15 -40.0001 -64 104.001 0 0 1 0 1 0 -1 0 0 87087.dat
1 212 108 -116 44.0005 -1 0 0 0 1 0 0 0 -1 24866.dat
1 14 -16.2775 -81.7499 -32.9995 1 0 0 0 0 -1 0 1 0 98138.dat
1 226 42.75 -152 -21.2495 -1 0 0 0 1 0 0 0 -1 60623.dat
1 2 20.0004 -336 64.0004 0.814877 0 -0.579634 0 1 0 0.579634 0 0.814877 2423.dat
1 2 20.0004 -328 64.0005 -0.193585 0 -0.981083 0 1 0 0.981083 0 -0.193585 2423.dat
1 10 20.0003 -321.245 64.0004 -0.113085 0 -0.993585 0 1 0 0.993585 0 -0.113085 33183.dat
1 226 102 -154 84.0004 0 -1 0 0 0 1 -1 0 0 25269.dat
1 10 0.000351359 -340.42 64.0005 -0.992258 0 0.124193 0 1 0 -0.124193 0 -0.992258 33183.dat
1 2 0.000252397 -360 64.0005 0.257004 0 0.96641 0 1 0 -0.96641 0 0.257004 2423.dat
1 27 108 -116 64.0004 -1 0 0 0 1 0 0 0 -1 24866.dat
1 226 102 -154 24.0004 0 -1 0 -1 0 0 0 0 -1 25269.dat
1 226 -81.9998 -154 24.0006 0 1 0 0 0 1 1 0 0 25269.dat
1 19 20.0003 -200 84.0005 -1 0 0 0 1 0 0 0 -1 24946.dat
1 226 -81.9998 -154 84.0006 0 1 0 -1 0 0 0 0 1 25269.dat
1 10 120 -7.99994 44.0004 0 0 -1 0 1 0 1 0 0 15279.dat
1 29 -87.9999 -124 64.0006 -1 0 0 0 1 0 0 0 -1 24866.dat
1 27 -87.9999 -116 64.0006 -1 0 0 0 1 0 0 0 -1 24866.dat
1 212 -87.9999 -116 44.0006 -1 0 0 0 1 0 0 0 -1 24866.dat
1 30 -79.9999 -23.9999 -55.9995 -0.721038 0 -0.692895 0 1 0 0.692895 0 -0.721038 24946.dat
1 15 -79.9999 -23.9999 -55.9994 -0.721038 0 -0.692895 0 1 0 0.692895 0 -0.721038 39262.dat
1 10 -79.9999 -15.9999 -55.9995 0.721038 0 0.692895 0 1 0 -0.692895 0 0.721038 32607.dat
1 30 -99.9998 -52.7499 -15.9996 -0.70711 0 0.707103 0 1 0 -0.707103 0 -0.70711 24946.dat
1 15 -99.9998 -52.7499 -15.9996 -0.70711 0 0.707103 0 1 0 -0.707103 0 -0.70711 39262.dat
1 10 -99.9998 -75.9999 -15.9995 -1 0 0 0 1 0 0 0 -1 87994.dat
1 10 -99.9998 -44.7499 -15.9996 0 0 1 0 1 0 -1 0 0 32607.dat
1 10 -99.9999 -15.9999 -15.9995 -1 0 0 0 1 0 0 0 -1 24866.dat
1 10 -99.9999 -7.99994 64.0005 0 0 -1 0 1 0 1 0 0 15279.dat
0
0
