0 FILE 40463 Easter Bunny.ldr
0 Untitled
0 Name: 40463 Easter Bunny.ldr
0 Author: marco9999
0 Unofficial Model
0 ROTATION CENTER 0 0 0 1 "Custom" 
0 ROTATION CONFIG 0 0
1 7 0 0 0 1 0 0 0 1 0 0 0 1 40463 base.ldr
1 7 0 0 0 1 0 0 0 1 0 0 0 1 40463 egg1.ldr
1 7 0 0 0 1 0 0 0 1 0 0 0 1 40463 egg2.ldr
1 7 0 0 0 1 0 0 0 1 0 0 0 1 40463 bunny.ldr
0
0 FILE 40463 lower.ldr
0 40463 lower
0 Author: m
0 ROTATION CENTER 0 0 0 1 "Custom" 
0 ROTATION CONFIG 0 0
1 25 39.9998 -32.0001 -9.99999 -1 0 0 0 1 0 0 0 -1 3004.dat
1 28 -20.0002 -8.00012 -99.9999 0 0 1 0 1 0 -1 0 0 6003.dat
1 70 39.9998 -32.0001 -150 -1 0 0 0 1 0 0 0 -1 3010.dat
1 28 99.9999 -8.00012 -99.9999 1 0 0 0 1 0 0 0 1 6003.dat
1 70 150 -32.0001 -39.9999 0 0 -1 0 1 0 1 0 0 3010.dat
1 28 99.9999 -8.00012 20.0001 0 0 -1 0 1 0 1 0 0 6003.dat
1 70 39.9999 -32.0001 70 -1 0 0 0 1 0 0 0 -1 3010.dat
1 28 -20.0002 -8.00011 20.0001 -1 0 0 0 1 0 0 0 -1 6003.dat
1 70 -70.0002 -32.0001 -40 0 0 -1 0 1 0 1 0 0 3010.dat
1 25 39.9999 -32.0001 -39.9999 -1 0 0 0 1 0 0 0 -1 3001.dat
1 70 -0.000245327 -32.0001 0.000125673 -1 0 0 0 1 0 0 0 -1 48092.dat
1 70 79.9999 -32.0001 0.0001061 0 0 -1 0 1 0 1 0 0 48092.dat
1 70 80 -32.0001 -79.9999 1 0 0 0 1 0 0 0 1 48092.dat
1 70 -0.000226679 -32.0001 -79.9999 0 0 1 0 1 0 -1 0 0 48092.dat
1 28 110 -16.0001 -40.0055 0 0 -1 0 1 0 1 0 0 15573.dat
1 25 39.9999 -32.0001 -70 -1 0 0 0 1 0 0 0 -1 3004.dat
1 28 89.9998 -16.0001 -40.0055 0 0 -1 0 1 0 1 0 0 15573.dat
1 28 -10.0002 -16.0001 -40.0056 0 0 -1 0 1 0 1 0 0 15573.dat
1 25 99.9999 -24.0001 -40.0055 -1 0 0 0 1 0 0 0 -1 3023.dat
1 2 -10.0002 -24.0001 -40.0055 -0.814811 0 0.579726 0 1 0 -0.579726 0 -0.814811 2423.dat
0
0 FILE 40463 upper.ldr
0 40463 upper
0 Author: m
0 ROTATION CENTER 0 0 0 1 "Custom" 
0 ROTATION CONFIG 0 0
1 191 130 -56.0001 50 0 0 -1 0 1 0 1 0 0 24866.dat
1 10 130 -48.0001 50 0 0 -1 0 1 0 1 0 0 24866.dat
1 71 19.9998 -64.0001 -130 1 0 0 0 1 0 0 0 1 3039.dat
1 27 -20.0002 -40.0001 -99.9999 0 0 1 0 1 0 -1 0 0 6003.dat
1 10 -70.0003 -48.0001 -49.9999 0 0 -1 0 1 0 1 0 0 3070b.dat
1 10 29.9998 -48.0001 -49.9999 0 0 -1 0 1 0 1 0 0 3070b.dat
1 10 -0.000217548 -48.0001 -59.9999 0 0 -1 0 1 0 1 0 0 3068b.dat
1 10 -39.9947 -48.0001 -70 -1 0 0 0 1 0 0 0 -1 3069b.dat
1 71 -10.0002 -40.0001 -110 0 0 1 0 1 0 -1 0 0 50746.dat
1 71 19.9999 -64.0001 -110 -1 0 0 0 1 0 0 0 -1 3004.dat
1 10 19.9999 -72.0001 -120 -1 0 0 0 1 0 0 0 -1 87580.dat
1 10 -40.0002 -48.0001 -39.9999 0 0 1 0 1 0 -1 0 0 87580.dat
1 27 -20.0002 -40.0001 20 -1 0 0 0 1 0 0 0 -1 6003.dat
1 10 -30.0002 -48.0001 30 0 0 -1 0 1 0 1 0 0 3070b.dat
1 10 -70.0003 -48.0001 -10.0001 0 0 -1 0 1 0 1 0 0 3070b.dat
1 10 -70.0002 -48.0001 -30 0 0 -1 0 1 0 1 0 0 3070b.dat
1 10 39.9999 -48.0001 -20 0 0 -1 0 1 0 1 0 0 3068b.dat
1 27 99.9999 -40.0001 20.0001 0 0 -1 0 1 0 1 0 0 6003.dat
1 10 39.9999 -48.0001 60 0 0 -1 0 1 0 1 0 0 3068b.dat
1 10 69.9999 -48.0001 -0.00555024 0 0 -1 0 1 0 1 0 0 3069b.dat
1 10 69.9999 -48.0001 39.9945 0 0 -1 0 1 0 1 0 0 3069b.dat
1 10 39.9999 -48.0001 20 0 0 1 0 1 0 -1 0 0 87580.dat
1 10 -0.000212654 -48.0001 20 0 0 -1 0 1 0 1 0 0 3068b.dat
1 10 0.00535429 -48.0001 50 -1 0 0 0 1 0 0 0 -1 3069b.dat
1 10 -0.000161991 -48.0001 -20 0 0 -1 0 1 0 1 0 0 3068b.dat
1 10 -40.0002 -48.0001 -6.57702e-005 0 0 -1 0 1 0 1 0 0 3068b.dat
1 10 69.9998 -48.0001 -30 1 0 0 0 1 0 0 0 1 25269.dat
1 10 -70.0002 -48.0001 -70 0 0 1 0 1 0 -1 0 0 25269.dat
1 10 89.9998 -48.0001 -30 0 0 -1 0 1 0 1 0 0 24866.dat
1 191 89.9998 -56.0001 -30 0 0 -1 0 1 0 1 0 0 24866.dat
1 10 150 -48.0001 -9.99997 0 0 -1 0 1 0 1 0 0 24866.dat
1 10 69.9998 -48.0001 70 0 0 -1 0 1 0 1 0 0 25269.dat
1 10 -50.0002 -48.0001 29.9999 -1 0 0 0 1 0 0 0 -1 25269.dat
1 10 9.9998 -48.0001 70 -1 0 0 0 1 0 0 0 -1 25269.dat
1 10 -30.0002 -48.0001 49.9999 -1 0 0 0 1 0 0 0 -1 25269.dat
1 10 -70.0002 -48.0001 9.99997 -1 0 0 0 1 0 0 0 -1 25269.dat
1 10 29.9998 -48.0001 -70 1 0 0 0 1 0 0 0 1 25269.dat
1 10 -30.0002 -48.0001 -130 0 0 -1 0 1 0 1 0 0 24866.dat
1 10 150 -48.0001 -70 0 0 -1 0 1 0 1 0 0 24866.dat
1 71 49.9999 -40.0001 -130 0 0 -1 0 1 0 1 0 0 50746.dat
1 27 99.9999 -40.0001 -99.9999 1 0 0 0 1 0 0 0 1 6003.dat
1 10 99.9999 -48.0001 -99.9999 -1 0 0 0 1 0 0 0 -1 87580.dat
1 10 49.9998 -48.0001 -50 1 0 0 0 1 0 0 0 1 25269.dat
1 10 49.9998 -48.0001 -110 0 0 -1 0 1 0 1 0 0 24866.dat
1 191 49.9998 -56.0001 -110 0 0 -1 0 1 0 1 0 0 24866.dat
0
0 FILE 40463 base.ldr
0 New Model
0 Name: 40463 base.ldr
0 Author: MLCad
0 Unofficial Model
0 ROTATION CENTER 0 0 0 1 "Custom" 
0 ROTATION CONFIG 0 0
1 7 0 0 0 1 0 0 0 1 0 0 0 1 40463 lower.ldr
1 7 0 0 0 1 0 0 0 1 0 0 0 1 40463 upper.ldr
0
0 FILE 40463 egg1.ldr
0 40463 egg1
0 Author: m
0 ROTATION CENTER 0 0 0 1 "Custom" 
0 ROTATION CONFIG 0 0
1 226 -17.1892 -114 -116.399 0 0.933237 -0.359263 1 0 0 0 -0.359263 -0.933236 25269.dat
1 14 16.4073 -144 -129.332 0.933237 0 0.359262 0 1 0 -0.359262 0 0.933237 67329.dat
1 26 12.8146 -134 -138.665 -0.933237 0.359263 0 0 0 1 0.359263 0.933237 0 85984.dat
1 30 19.9999 -152 -120 0.933237 0 0.359262 0 1 0 -0.359262 0 0.933237 3068b.dat
1 14 23.5925 -144 -110.668 -0.933236 0 -0.359263 0 1 0 0.359263 0 -0.933236 67329.dat
1 26 27.1852 -134 -101.335 0.933236 -0.359264 0 0 0 1 -0.359264 -0.933236 0 85984.dat
1 30 9.94049 -114 -146.131 0.933236 0.359264 0 0 0 -1 -0.359264 0.933236 0 3023.dat
1 30 30.0594 -114 -93.8694 -0.933236 -0.359263 0 0 0 -1 0.359263 -0.933237 0 3023.dat
1 26 1.33517 -134 -112.815 0.359263 0.933236 0 0 0 1 0.933236 -0.359263 0 85984.dat
1 26 38.6646 -134 -127.185 -0.359264 -0.933236 0 0 0 1 -0.933236 0.359264 0 85984.dat
1 30 46.1305 -114 -130.059 0.359264 -0.933236 0 0 0 -1 0.933236 0.359263 0 3023.dat
1 30 -6.13069 -114 -109.941 -0.359264 0.933236 0 0 0 -1 -0.933236 -0.359264 0 3023.dat
1 15 32.9249 -104 -114.26 0.359263 0 -0.933236 0 1 0 0.933236 0 0.359263 26604.dat
1 15 19.9999 -80.0001 -120 0.359263 0 -0.933236 0 1 0 0.933236 0 0.359263 3022.dat
1 15 25.7396 -104 -132.925 0.933236 0 0.359263 0 1 0 -0.359263 0 0.933236 26604.dat
1 26 38.6646 -94.0001 -127.185 0.359264 -0.933236 0 0 0 -1 0.933236 0.359264 0 85984.dat
1 26 12.8146 -94.0001 -138.665 0.933236 0.359264 0 0 0 -1 -0.359264 0.933236 0 85984.dat
1 15 7.07486 -104 -125.74 -0.359263 0 0.933236 0 1 0 -0.933236 0 -0.359263 26604.dat
1 26 1.33513 -94.0001 -112.815 -0.359264 0.933236 0 0 0 -1 -0.933236 -0.359264 0 85984.dat
1 15 14.2601 -104 -107.075 -0.933236 0 -0.359263 0 1 0 0.359263 0 -0.933236 26604.dat
1 26 27.1851 -94.0001 -101.335 -0.933236 -0.359263 0 0 0 -1 0.359263 -0.933237 0 85984.dat
1 326 -2.26599 -114 -150.004 0.933236 0.359264 0 0 0 -1 -0.359264 0.933236 0 25269.dat
1 226 57.189 -114 -123.601 0 -0.933236 0.359264 1 0 0 0 0.359264 0.933236 25269.dat
1 226 50.0038 -114 -142.266 0.359264 -0.933236 0 0 0 -1 0.933236 0.359263 0 25269.dat
1 226 -10.0039 -114 -97.7341 -0.359264 0.933236 0 0 0 -1 -0.933236 -0.359264 0 25269.dat
1 326 23.6011 -114 -82.8109 0 -0.359264 -0.933236 1 0 0 0 -0.933236 0.359264 25269.dat
1 326 16.3987 -114 -157.189 0 0.359264 0.933236 1 0 0 0 0.933236 -0.359264 25269.dat
1 326 42.2658 -114 -89.9962 -0.933236 -0.359263 0 0 0 -1 0.359263 -0.933237 0 25269.dat
0
0 FILE 40463 egg2.ldr
0 40463 egg2
0 Author: m
0 ROTATION CENTER 0 0 0 1 "Custom" 
0 ROTATION CONFIG 0 0
1 226 134.232 -90.0001 -85.029 -0.631292 -0.775545 0 0 0 -1 0.775545 -0.631292 0 25269.dat
1 322 120.381 -110 -109.198 -0.775546 -0.631291 0 0 0 1 -0.631291 0.775547 0 50746.dat
1 14 106.313 -120 -107.755 0.775546 0 -0.631292 0 1 0 0.631292 0 0.775546 67329.dat
1 322 104.87 -110 -121.824 -0.775546 -0.631291 0 0 0 1 -0.631291 0.775547 0 50746.dat
1 323 117.676 -90.0001 -121.715 0.775546 -0.631292 0 0 0 -1 0.631292 0.775546 0 3023.dat
1 322 121.824 -110 -95.1296 0.631291 -0.775546 0 0 0 1 -0.775546 -0.631291 0 50746.dat
1 322 90.8018 -110 -120.381 -0.631292 0.775545 0 0 0 1 0.775545 0.631292 0 50746.dat
1 322 99.9998 -128 -99.9999 0.775546 0 -0.631292 0 1 0 0.631292 0 0.775546 3068b.dat
1 322 109.198 -110 -79.6186 0.631291 -0.775546 0 0 0 1 -0.775546 -0.631291 0 50746.dat
1 14 93.6869 -120 -92.2445 -0.775546 0 0.631291 0 1 0 -0.631291 0 -0.775546 67329.dat
1 322 95.1295 -110 -78.1762 0.775546 0.631291 0 0 0 1 0.631291 -0.775546 0 50746.dat
1 322 79.6186 -110 -90.802 0.775546 0.631291 0 0 0 1 0.631291 -0.775546 0 50746.dat
1 323 82.3237 -90.0001 -78.2847 -0.775546 0.631291 0 0 0 -1 -0.631291 -0.775546 0 3023.dat
1 322 78.176 -110 -104.87 -0.631292 0.775545 0 0 0 1 0.775545 0.631292 0 50746.dat
1 323 121.715 -90.0001 -82.3238 -0.631292 -0.775545 0 0 0 -1 0.775545 -0.631292 0 3023.dat
1 323 78.2846 -90.0001 -117.676 0.631291 0.775546 0 0 0 -1 -0.775546 0.631291 0 3023.dat
1 29 114.971 -90.0001 -134.233 0.775546 -0.631291 0 0 0 -1 0.631291 0.775546 0 25269.dat
1 322 90.8018 -70.0001 -120.381 0.631292 0.775546 0 0 0 -1 -0.775546 0.631291 0 50746.dat
1 15 98.5573 -80.0001 -114.068 0.631292 0 0.775545 0 1 0 -0.775545 0 0.631292 26604.dat
1 322 104.87 -70.0001 -121.824 0.775546 -0.631292 0 0 0 -1 0.631292 0.775546 0 50746.dat
1 15 99.9998 -56.0001 -99.9999 0.631291 0 0.775546 0 1 0 -0.775546 0 0.631291 3022.dat
1 15 114.068 -80.0001 -101.442 0.775546 0 -0.631292 0 1 0 0.631292 0 0.775546 26604.dat
1 322 121.824 -70.0001 -95.1296 -0.631292 -0.775545 0 0 0 -1 0.775545 -0.631292 0 50746.dat
1 322 120.381 -70.0001 -109.198 0.775546 -0.631292 0 0 0 -1 0.631292 0.775546 0 50746.dat
1 322 95.1295 -70.0001 -78.1762 -0.775546 0.631291 0 0 0 -1 -0.631291 -0.775546 0 50746.dat
1 15 101.442 -80.0001 -85.9316 -0.631292 0 -0.775545 0 1 0 0.775545 0 -0.631292 26604.dat
1 322 109.198 -70.0001 -79.6187 -0.631292 -0.775546 0 0 0 -1 0.775546 -0.631292 0 50746.dat
1 15 85.9315 -80.0001 -98.5574 -0.775546 0 0.631291 0 1 0 -0.631291 0 -0.775546 26604.dat
1 322 78.1761 -70.0001 -104.87 0.631291 0.775546 0 0 0 -1 -0.775546 0.631291 0 50746.dat
1 322 79.6186 -70.0001 -90.8019 -0.775546 0.631291 0 0 0 -1 -0.631291 -0.775546 0 50746.dat
1 29 130.482 -90.0001 -121.607 0 -0.631291 0.775546 1 0 0 0 0.775546 0.631291 25269.dat
1 29 69.518 -90.0001 -78.3932 0 0.631292 -0.775545 1 0 0 0 -0.775545 -0.631292 25269.dat
1 226 121.607 -90.0001 -69.5181 0 -0.775546 -0.631291 1 0 0 0 -0.631291 0.775546 25269.dat
1 226 78.3931 -90.0001 -130.482 0 0.775546 0.631291 1 0 0 0 0.631291 -0.775546 25269.dat
1 29 85.0288 -90.0001 -65.7674 -0.775546 0.631291 0 0 0 -1 -0.631291 -0.775546 0 25269.dat
1 226 65.7673 -90.0001 -114.971 0.631291 0.775546 0 0 0 -1 -0.775546 0.631291 0 25269.dat
0
0 FILE 40463 head.ldr
0 40463 head
0 Author: m
0 ROTATION CENTER 0 0 0 1 "Custom" 
0 ROTATION CONFIG 0 0
1 19 64.7038 -138.064 77.3616 -0.605519 0.232261 0.761184 0 -0.956465 0.291848 0.795831 0.176719 0.579158 11477.dat
1 19 82.5679 -127.494 65.8228 0.605519 0.232262 -0.761185 0 -0.956465 -0.291848 -0.795831 0.176719 -0.579157 3623.dat
1 19 88.9245 -138.064 45.5284 -0.605519 0.232261 0.761184 0 -0.956465 0.291848 0.795831 0.176719 0.579158 11477.dat
1 19 94.0754 -106.353 74.5785 0.605519 0.23226 -0.761185 0 -0.956465 -0.291846 -0.795831 0.176719 -0.579158 50950.dat
1 19 109.584 -135.955 86.3785 -0.605518 -0.761185 0.232262 0 -0.291848 -0.956465 0.795831 -0.579157 0.17672 32952.dat
1 19 71.3507 -141.792 105.037 -0.232261 0.605519 -0.761185 0.956465 0 -0.291847 -0.176719 -0.795831 -0.579157 11477.dat
1 19 50.8378 -160.112 89.4294 0.761185 0.605519 -0.232261 0.291847 0 0.956465 0.579157 -0.795831 -0.176719 11477.dat
1 70 82.3377 -188.222 65.6478 0.605519 -0.761185 -0.232262 0 -0.291848 0.956465 -0.795831 -0.579157 -0.176719 3024.dat
1 19 83.7819 -166.758 66.7467 0.605519 -0.761185 -0.232261 0 -0.291848 0.956465 -0.795831 -0.579157 -0.176719 11212.dat
1 70 85.1577 -149.963 42.6624 0.605519 -0.761185 -0.232261 0 -0.291848 0.956465 -0.795831 -0.579157 -0.176719 3024.dat
1 70 60.9369 -149.963 74.4956 0.605519 -0.761185 -0.232261 0 -0.291848 0.956465 -0.795831 -0.579157 -0.176719 3024.dat
1 19 71.603 -171.427 57.4801 0.605519 -0.761185 -0.232261 0 -0.291848 0.956465 -0.795831 -0.579157 -0.176719 11212.dat
1 19 67.8361 -183.327 54.6141 -0.605519 -0.761184 0.232261 0 -0.291847 -0.956465 0.795831 -0.579158 0.176719 99781.dat
1 19 56.9726 -172.855 46.3485 -0.605518 0.232262 0.761184 0 -0.956465 0.291848 0.795831 0.176719 0.579157 85984.dat
1 19 61.7466 -185.662 49.9809 0.605519 -0.761185 -0.232261 0 -0.291848 0.956465 -0.795831 -0.579157 -0.176719 3023.dat
1 15 121.763 -131.285 95.6451 0.605518 -0.761185 -0.232262 0 -0.291848 0.956465 -0.795831 -0.579157 -0.176719 34103.dat
1 15 127.849 -128.95 100.283 0.605519 -0.761185 -0.232262 0 -0.291848 0.956465 -0.795831 -0.579157 -0.176719 15573.dat
1 15 117.996 -143.185 92.779 0.605519 -0.761185 -0.232261 0 -0.291848 0.956465 -0.795831 -0.579157 -0.176719 3021.dat
1 70 126.408 -150.414 99.1794 0.605519 -0.761185 -0.232261 0 -0.291848 0.956465 -0.795831 -0.579157 -0.176719 3024.dat
1 15 122.641 -162.314 96.3134 0.605519 -0.761185 -0.232261 0 -0.291848 0.956465 -0.795831 -0.579157 -0.17672 11477.dat
1 15 124.964 -171.878 98.0806 0.605519 -0.761184 -0.232261 0 -0.291848 0.956465 -0.795831 -0.579157 -0.176719 3024.dat
1 19 99.7964 -145.519 104.062 0.232262 -0.761185 0.605518 -0.956465 -0.291848 0 0.176719 -0.579157 -0.795831 22885.dat
1 19 51.2828 -147.629 99.8206 0.761185 0.605519 -0.232261 0.291848 0 0.956465 0.579157 -0.795831 -0.176719 3023.dat
1 19 68.3841 -163.839 102.78 0.761185 0.605519 -0.232261 0.291848 0 0.956465 0.579157 -0.795831 -0.176719 11212.dat
1 19 124.017 -145.519 72.2291 -0.232262 -0.761184 -0.605519 0.956465 -0.291848 0 -0.176719 -0.579157 0.795831 22885.dat
1 19 106.991 -147.629 26.604 -0.761185 -0.605518 -0.232261 -0.291847 0 0.956465 -0.579157 0.795832 -0.176719 3023.dat
1 19 114.404 -163.839 42.2966 -0.761185 -0.605518 -0.232261 -0.291847 0 0.956465 -0.579157 0.795832 -0.176719 11212.dat
1 72 92.1255 -178.657 47.9639 0.232262 -0.761184 0.605519 -0.956465 -0.291848 0 0.17672 -0.579157 -0.795831 22890.dat
1 72 67.9047 -178.657 79.7972 0.232262 -0.761184 0.605519 -0.956465 -0.291848 0 0.17672 -0.579157 -0.795831 22890.dat
1 72 75.3699 -159.528 60.3462 -0.232262 -0.761184 -0.605519 0.956465 -0.291848 0 -0.176719 -0.579157 0.795831 22890.dat
1 19 118.875 -174.213 93.4473 0.605519 -0.761184 -0.232261 0 -0.291848 0.956465 -0.795831 -0.579157 -0.176719 32952.dat
1 19 117.37 -141.792 44.5538 0.232262 -0.605519 -0.761184 -0.956465 0 -0.291849 0.17672 0.795831 -0.579157 11477.dat
1 19 96.8572 -160.112 28.9463 -0.761185 -0.605518 -0.232262 -0.291847 0 0.956465 -0.579157 0.795832 -0.176718 11477.dat
1 15 104.442 -164.649 107.597 0.605519 -0.761185 -0.232261 0 -0.291848 0.956465 -0.795831 -0.579157 -0.17672 11477.dat
1 19 105.973 -189.615 83.6314 -0.605518 -0.232262 -0.761185 0 0.956465 -0.291848 0.795831 -0.176719 -0.579157 11477.dat
1 19 100.22 -200.185 79.2536 0.605519 -0.232262 0.761185 0 0.956465 0.291848 -0.795831 -0.176719 0.579157 3623.dat
1 19 93.8631 -189.615 99.548 -0.605519 -0.232262 -0.761185 0 0.956465 -0.291848 0.795831 -0.176719 -0.579157 11477.dat
1 19 106.764 -174.213 109.364 0.605519 -0.761184 -0.232261 0 -0.291848 0.956465 -0.795831 -0.579157 -0.176719 32952.dat
1 19 130.985 -174.213 77.5306 0.605519 -0.761185 -0.232261 0 -0.291848 0.956465 -0.795831 -0.579157 -0.176719 32952.dat
1 19 118.084 -189.615 67.7147 -0.605518 -0.232262 -0.761185 0 0.956465 -0.291848 0.795831 -0.176719 -0.579157 11477.dat
1 15 128.662 -164.649 75.7635 0.605519 -0.761185 -0.232261 0 -0.291848 0.956465 -0.795831 -0.579157 -0.17672 11477.dat
1 29 133.939 -126.616 104.916 -0.5924 -0.761184 -0.263933 0.676323 -0.291848 -0.676322 0.437778 -0.579157 0.687697 25269.dat
1 0 134.471 -158.002 47.5131 0.232262 -0.605519 -0.761185 -0.956465 0 -0.291848 0.176719 0.795831 -0.579157 98138p0y.dat
1 0 78.7637 -158.003 120.73 0.232262 0.605519 0.761185 -0.956465 0 0.291848 0.176719 -0.795831 0.579157 98138p0y.dat
0
0 FILE 40463 ear1.ldr
0 40463 ear1
0 Author: m
0 ROTATION CENTER 0 0 0 1 "Custom" 
0 ROTATION CONFIG 0 0
1 29 84.0675 -250.513 92.0949 -0.0894944 -0.790783 0.605518 -0.993657 0.112454 0 -0.0680932 -0.601678 -0.795831 25269.dat
1 71 69.6252 -268.586 81.1061 0.605518 -0.790783 0.0894947 0 0.112454 0.993657 -0.795831 -0.601678 0.0680929 24201.dat
1 19 71.6861 -249.613 95.2398 0.605518 -0.790783 0.0894945 0 0.112454 0.993657 -0.795831 -0.601678 0.0680933 43722.dat
1 71 72.31 -238.777 83.149 0.0894948 -0.790783 -0.605519 0.993657 0.112454 0 0.0680929 -0.601678 0.795831 14418.dat
1 29 85.8574 -230.639 93.4567 0.605519 -0.790783 0.0894946 0 0.112454 0.993657 -0.795831 -0.601678 0.0680931 3070b.dat
0
0 FILE 40463 ear2.ldr
0 40463 ear2
0 Author: m
0 ROTATION CENTER 0 0 0 1 "Custom" 
0 ROTATION CONFIG 0 0
1 71 95.4125 -268.645 50.4649 0.605519 -0.79329 0.0635523 0 0.0798565 0.996807 -0.795832 -0.603585 0.0483545 24201.dat
1 71 97.319 -238.741 51.9155 0.0635524 -0.79329 -0.605518 0.996806 0.0798565 0 0.0483544 -0.603585 0.795831 14418.dat
1 19 109.085 -249.348 48.3023 0.605518 -0.79329 0.0635521 0 0.0798567 0.996807 -0.795832 -0.603584 0.0483551 43723.dat
1 29 110.647 -230.05 62.0564 0.605518 -0.79329 0.0635524 0 0.0798567 0.996806 -0.795832 -0.603584 0.0483548 3070b.dat
1 29 109.376 -249.987 61.0893 0.605518 -0.79329 0.0635521 0 0.0798565 0.996806 -0.795831 -0.603585 0.0483549 25269.dat
0
0 FILE 40463 head comlete.ldr
0 New Model
0 Name: 40463 head comlete.ldr
0 Author: MLCad
0 Unofficial Model
0 ROTATION CENTER 0 0 0 1 "Custom" 
0 ROTATION CONFIG 0 0
1 7 0 0 0 1 0 0 0 1 0 0 0 1 40463 head.ldr
1 7 0 0 0 1 0 0 0 1 0 0 0 1 40463 ear1.ldr
1 7 0 0 0 1 0 0 0 1 0 0 0 1 40463 ear2.ldr
0
0 FILE 40463 bunny.ldr
0 New Model
0 Name: 40463 bunny.ldr
0 Author: MLCad
0 Unofficial Model
0 ROTATION CENTER 0 0 0 1 "Custom" 
0 ROTATION CONFIG 0 0
1 7 0 0 0 1 0 0 0 1 0 0 0 1 40463 head comlete.ldr
1 7 0 0 0 1 0 0 0 1 0 0 0 1 40463 body.ldr
1 7 0 0 0 1 0 0 0 1 0 0 0 1 40463 paw1.ldr
1 7 0 0 0 1 0 0 0 1 0 0 0 1 40463 paw2.ldr
0
0 FILE 40463 body.ldr
0 40463 body
0 ROTATION CENTER 0 0 0 1 "Custom" 
0 ROTATION CONFIG 0 0
1 19 -67.0584 -126 -60.5876 -0.605519 0.795831 0 0 0 1 0.795831 0.605519 0 50950.dat
1 19 -58.1658 -96.0001 -16.125 0.605519 0 0.795831 0 1 0 -0.795831 0 0.605519 22885.dat
1 19 -60.3804 -96.0001 -42.941 -0.605519 0.795831 0 0 0 1 0.795831 0.605519 0 3020.dat
1 19 -33.945 -96.0001 -47.9583 0.605519 0 0.795831 0 1 0 -0.795831 0 0.605519 22885.dat
1 19 -33.945 -136 -47.9583 0.605519 0 0.795831 0 1 0 -0.795831 0 0.605519 22885.dat
1 19 -72.1793 -96.0001 -14.2219 -0.605519 0.795831 0 0 0 1 0.795831 0.605519 0 93273.dat
1 15 -79.4803 -76.0001 -57.4735 -0.605519 0.795831 0 0 0 1 0.795831 0.605519 0 18841.dat
1 19 -60.3804 -66.0001 -42.941 -0.605519 0.795831 0 0 0 1 0.795831 0.605519 0 3023.dat
1 72 -16.1253 -112 -21.8344 0.795831 0 -0.605518 0 1 0 0.605518 0 0.795831 14417.dat
1 25 -6.2639 -136 -1.76557 -0.795831 0 0.605518 0 1 0 -0.605518 0 -0.795831 3001.dat
1 72 -28.2356 -112 -5.9178 -0.795831 0 0.605518 0 1 0 -0.605518 0 -0.795831 14417.dat
1 19 19.86 -152 -19.5854 -0.795831 0 0.605518 0 1 0 -0.605518 0 -0.795831 3623.dat
1 19 5.84653 -144 -17.6822 -0.795831 0 0.605518 0 1 0 -0.605518 0 -0.795831 3795.dat
1 19 -16.4711 -152 28.1645 -0.795832 0 0.605518 0 1 0 -0.605518 0 -0.795832 3623.dat
1 19 -18.3743 -144 14.151 -0.795832 0 0.605518 0 1 0 -0.605518 0 -0.795832 3795.dat
1 19 7.74965 -176 -3.66887 -0.605519 0 -0.795831 0 1 0 0.795831 0 -0.605519 3070b.dat
1 70 1.6945 -168 4.28949 -0.605519 0 -0.795831 0 1 0 0.795831 0 -0.605519 3023.dat
1 19 -4.36068 -176 12.2478 -0.605519 0 -0.795831 0 1 0 0.795831 0 -0.605519 3070b.dat
1 19 -16.4711 -168 28.1645 -0.605519 0 -0.795831 0 1 0 0.795831 0 -0.605519 3070b.dat
1 19 1.6945 -160 4.28948 -0.605519 0 -0.795831 0 1 0 0.795831 0 -0.605519 3710.dat
1 19 19.86 -168 -19.5854 -0.605519 0 -0.795831 0 1 0 0.795831 0 -0.605519 3070b.dat
1 19 9.6528 -152 10.3447 -0.795831 0 0.605518 0 1 0 -0.605518 0 -0.795831 3795.dat
1 70 -14.2221 -160 -7.82094 -0.605519 0 -0.795831 0 1 0 0.795831 0 -0.605519 3023.dat
1 19 49.4444 -128 40.6207 -0.605519 0 -0.795831 0 1 0 0.795831 0 -0.605519 3023.dat
1 71 49.4444 -136 40.6205 -0.605519 0 -0.795831 0 1 0 0.795831 0 -0.605519 14704.dat
1 70 49.4444 -120 40.6207 -0.605519 0 -0.795831 0 1 0 0.795831 0 -0.605519 3023.dat
1 19 49.4444 -144 40.6206 -0.605519 0 -0.795831 0 1 0 0.795831 0 -0.605519 3710.dat
1 19 31.6246 -112 14.4968 -0.795832 0 0.605518 0 1 0 -0.605518 0 -0.795832 3010.dat
1 25 -6.26384 -88.0001 -1.76571 -0.795832 0 0.605518 0 1 0 -0.605518 0 -0.795832 3001.dat
1 19 -22.1805 -80.0001 -13.8761 -0.795832 0 0.605518 0 1 0 -0.605518 0 -0.795832 4871.dat
1 19 -6.26389 -56.0001 -1.76569 0.795832 0 -0.605518 0 1 0 0.605518 0 0.795832 3795.dat
1 19 9.65278 -80.0001 10.3447 -0.795832 0 0.605518 0 1 0 -0.605518 0 -0.795832 4871.dat
1 19 27.8184 -88.0001 -13.5302 -0.795832 0 0.605518 0 1 0 -0.605518 0 -0.795832 3023.dat
1 19 -8.51281 -88.0001 34.2197 -0.795832 0 0.605518 0 1 0 -0.605518 0 -0.795832 3023.dat
1 25 -30.1388 -104 -19.9313 -0.605519 0 -0.795831 0 1 0 0.795831 0 -0.605519 3023.dat
1 15 -22.1805 -96.0001 -13.8761 -0.605519 0 -0.795831 0 1 0 0.795831 0 -0.605519 3022.dat
1 70 -14.2222 -104 -7.82093 -0.605519 0 -0.795831 0 1 0 0.795831 0 -0.605519 3023.dat
1 19 65.361 -96.0001 52.731 -0.605519 0 -0.795831 0 1 0 0.795831 0 -0.605519 3023.dat
1 19 33.5277 -88.0001 28.5103 -0.605519 0 -0.795831 0 1 0 0.795831 0 -0.605519 3747b.dat
1 19 65.361 -104 52.731 -0.605519 0 -0.795831 0 1 0 0.795831 0 -0.605519 3023.dat
1 19 19.5142 -112 30.4134 -0.795832 0 0.605518 0 1 0 -0.605518 0 -0.795832 3010.dat
1 19 43.7349 -136 -1.4198 -0.795832 0 0.605518 0 1 0 -0.605518 0 -0.795832 3010.dat
1 19 51.6933 -88.0001 4.63532 -0.795832 0 0.605518 0 1 0 -0.605518 0 -0.795832 3005.dat
1 19 51.6933 -64.0001 4.63528 0.795832 0 -0.605518 0 1 0 0.605518 0 0.795832 2420.dat
1 19 67.6099 -56.0001 16.7457 -0.795832 0 0.605518 0 1 0 -0.605518 0 -0.795832 3623.dat
1 19 51.6932 -112 4.63533 -0.605519 0 -0.795831 0 1 0 0.795831 0 -0.605519 3665b.dat
1 19 7.40383 -136 46.3301 -0.795832 0 0.605518 0 1 0 -0.605518 0 -0.795832 3010.dat
1 19 15.3622 -64.0001 52.3852 0.605518 0 0.795831 0 1 0 -0.795831 0 0.605518 2420.dat
1 19 15.3622 -88.0001 52.3852 -0.795832 0 0.605518 0 1 0 -0.605518 0 -0.795832 3005.dat
1 19 15.3622 -112 52.3852 -0.605519 0 -0.795831 0 1 0 0.795831 0 -0.605519 3665b.dat
1 19 31.2788 -56.0001 64.4956 -0.795832 0 0.605518 0 1 0 -0.605518 0 -0.795832 3623.dat
1 19 65.361 -104 52.731 -0.605519 0 -0.795831 0 1 0 0.795831 0 -0.605519 85984.dat
1 19 27.8183 -112 -13.5302 -0.795832 0 0.605518 0 1 0 -0.605518 0 -0.795832 3004.dat
1 19 39.583 -176 20.5518 -0.605518 0 -0.795831 0 1 0 0.795831 0 -0.605518 50950.dat
1 19 27.4726 -176 36.4685 -0.605518 0 -0.795832 0 1 0 0.795832 0 -0.605518 50950.dat
1 19 -8.51278 -112 34.2197 -0.795832 0 0.605518 0 1 0 -0.605518 0 -0.795832 3004.dat
1 19 -48.3043 -168 3.94377 0.605519 0 0.795831 0 1 0 -0.795831 0 0.605519 50950.dat
1 19 -11.9732 -168 -43.8061 0.605518 0 0.795831 0 1 0 -0.795831 0 0.605518 50950.dat
1 19 -35.8481 -96.0001 -61.9718 -0.605519 0.795831 0 0 0 1 0.795831 0.605519 0 93273.dat
1 19 -58.1657 -136 -16.1251 0.605519 0 0.795831 0 1 0 -0.795831 0 0.605519 22885.dat
1 70 17.6112 -160 16.3998 -0.605518 0 -0.795831 0 1 0 0.795831 0 -0.605518 3023.dat
1 19 51.6933 -168 4.63528 -0.605518 0 -0.795832 0 1 0 0.795832 0 -0.605518 50950.dat
1 19 -24.0836 -176 -27.8896 0.605518 0 0.795831 0 1 0 -0.795831 0 0.605518 50950.dat
1 19 -36.194 -176 -11.9729 0.605518 0 0.795831 0 1 0 -0.795831 0 0.605518 50950.dat
1 19 15.3621 -168 52.3852 -0.605518 0 -0.795831 0 1 0 0.795831 0 -0.605518 50950.dat
1 70 -46.0554 -152 -32.0416 -0.605519 0 -0.795831 0 1 0 0.795831 0 -0.605519 3023.dat
1 19 39.2372 -56.0001 70.5506 -0.605518 0 -0.795831 0 1 0 0.795831 0 -0.605518 11477.dat
1 19 -79.1688 -126 -44.671 -0.605519 0.795831 0 0 0 1 0.795831 0.605519 0 50950.dat
1 19 75.5682 -56.0001 22.8008 -0.605518 0 -0.795832 0 1 0 0.795832 0 -0.605518 11477.dat
1 19 33.5277 -136 28.5103 -0.605519 0 -0.795831 0 1 0 0.795831 0 -0.605519 3004.dat
0
0 FILE 40463 paw1.ldr
0 40463 paw1
0 Author: m
0 ROTATION CENTER 0 0 0 1 "Custom" 
0 ROTATION CONFIG 0 0
1 19 -52.4563 -64.0052 25.9154 -0.795831 0 0.605519 0 1 0 -0.605519 0 -0.795831 3023.dat
1 19 -52.4562 -56.0052 25.9154 -0.795831 0 0.605519 0 1 0 -0.605519 0 -0.795831 3710.dat
1 19 -76.3312 -64.0052 7.74978 -0.605519 0 -0.795831 0 1 0 0.795831 0 -0.605519 3070b.dat
1 19 -87.4728 -104.005 -0.727375 0 0.795831 0.605519 1 0 0 0 0.605519 -0.795831 3023.dat
1 19 -81.1062 -104.005 4.11679 0 0.795831 0.605519 1 0 0 0 0.605519 -0.795831 3710.dat
1 19 -81.1062 -104.005 4.1168 0.605519 0.795831 0 0 0 -1 -0.795831 0.605519 0 93273.dat
1 19 -74.7395 -104.005 8.96093 0 0.795831 0.605519 1 0 0 0 0.605519 -0.795831 3710.dat
1 19 -60.4146 -104.005 19.8602 0.605519 0 0.795831 0 1 0 -0.795831 0 0.605519 32952.dat
1 19 -52.4562 -144.005 25.9154 -0.795831 0 0.605519 0 1 0 -0.605519 0 -0.795831 3023.dat
1 4 -52.4562 -136.005 25.9155 -0.795831 0 0.605519 0 1 0 -0.605519 0 -0.795831 11211.dat
1 19 -52.4562 -152.005 25.9154 -0.795831 0 0.605519 0 1 0 -0.605519 0 -0.795831 3023.dat
1 19 -63.3556 -116.005 40.2404 -0.795831 0.605519 0 0 0 -1 -0.605519 -0.795831 0 66857.dat
1 19 -52.4563 -144.005 25.9154 -0.605518 0 -0.795832 0 1 0 0.795832 0 -0.605518 93273.dat
1 71 -52.4563 -112.005 25.9155 0.795831 0 -0.605518 0 1 0 0.605518 0 0.795831 14704.dat
1 19 -17.4397 -104.005 52.5582 0 -0.795831 -0.605519 1 0 0 0 -0.605519 0.795831 3023.dat
1 19 -23.8063 -104.005 47.714 -0.605519 -0.795831 0 0 0 -1 0.795831 -0.605519 0 93273.dat
1 19 -23.8063 -104.005 47.714 0 -0.795831 -0.605519 1 0 0 0 -0.605519 0.795831 3710.dat
1 19 -30.173 -104.005 42.8699 0 -0.795831 -0.605519 1 0 0 0 -0.605519 0.795831 3710.dat
1 19 -44.498 -104.005 31.9706 -0.605519 0 -0.795831 0 1 0 0.795831 0 -0.605519 32952.dat
1 19 -20.623 -48.0052 50.1362 -0.605518 0 -0.795832 0 1 0 0.795832 0 -0.605518 11477.dat
0
0 FILE 40463 paw2.ldr
0 40463 paw2
0 Author: m
0 ROTATION CENTER 0 0 0 1 "Custom" 
0 ROTATION CONFIG 0 0
1 19 8.09548 -144.005 -53.6677 -0.795831 0 0.605518 0 1 0 -0.605518 0 -0.795831 3023.dat
1 4 8.09544 -136.005 -53.6676 0.795831 0 -0.605518 0 1 0 0.605518 0 0.795831 11211.dat
1 71 8.09546 -112.005 -53.6676 -0.795831 0 0.605519 0 1 0 -0.605519 0 -0.795831 14704.dat
1 19 8.09548 -152.005 -53.6677 -0.795831 0 0.605518 0 1 0 -0.605518 0 -0.795831 3023.dat
1 19 18.9948 -116.005 -67.9926 0.795831 -0.605518 0 0 0 -1 0.605518 0.795831 0 66857.dat
1 19 8.0955 -144.005 -53.6677 -0.605518 0 -0.795832 0 1 0 0.795832 0 -0.605518 93273.dat
1 19 -26.921 -104.005 -80.3105 0 0.795832 0.605518 1 0 0 0 0.605518 -0.795832 3023.dat
1 19 -20.5544 -104.005 -75.4662 0.605519 0.795831 0 0 0 -1 -0.795831 0.605519 0 93273.dat
1 19 -20.5544 -104.005 -75.4663 0 0.795832 0.605517 1 0 0 0 0.605517 -0.795832 3710.dat
1 19 -14.1878 -104.005 -70.6222 0 0.795832 0.605518 1 0 0 0 0.605518 -0.795832 3710.dat
1 19 0.137156 -104.005 -59.7228 0.605519 0 0.795831 0 1 0 -0.795831 0 0.605519 32952.dat
1 19 8.09544 -64.0052 -53.6677 -0.795831 0 0.605519 0 1 0 -0.605519 0 -0.795831 3023.dat
1 19 8.09546 -56.0052 -53.6677 -0.795831 0 0.605519 0 1 0 -0.605519 0 -0.795831 3710.dat
1 19 -15.7795 -64.0052 -71.8332 -0.605519 0 -0.795831 0 1 0 0.795831 0 -0.605519 3070b.dat
1 19 43.112 -104.005 -27.0249 0 -0.795831 -0.605519 1 0 0 0 -0.605519 0.795831 3023.dat
1 19 36.7454 -104.005 -31.8691 0 -0.795831 -0.605519 1 0 0 0 -0.605519 0.795831 3710.dat
1 19 30.3787 -104.005 -36.7132 0 -0.795831 -0.605519 1 0 0 0 -0.605519 0.795831 3710.dat
1 19 36.7454 -104.005 -31.8691 -0.605519 -0.795831 0 0 0 -1 0.795831 -0.605519 0 93273.dat
1 19 16.0537 -104.005 -47.6125 -0.605519 0 -0.795831 0 1 0 0.795831 0 -0.605519 32952.dat
1 19 39.9287 -48.0052 -29.447 -0.605518 0 -0.795832 0 1 0 0.795832 0 -0.605518 11477.dat
0
0
