0 FILE 4090 - 4 - main bird.ldr
0 4 - main bird
0 Recreation of the fourth model of the official LEGO set 4090 Motion Madness
0 Name: 4090 - 4 - main bird.ldr
0 Author: Bert Van Raemdonck [BEAVeR]
0 !LDRAW_ORG Unofficial_Model
0 !LICENSE Redistributable under CCAL version 2.0 : see CAreadme.txt

0 !THEME Creator

1 1 0 -24 0 1 0 0 0 1 0 0 0 1 3701.dat
1 0 -20 -14 10 0 0 1 0 -1 0 1 0 0 2780.dat
1 0 0 -14 -10 0 0 1 0 -1 0 1 0 0 2780.dat
1 0 20 -14 10 0 0 1 0 -1 0 1 0 0 2780.dat
0 STEP
1 0 -30 0 -30 0 0 1 0 1 0 -1 0 0 3710.dat
1 0 30 0 -30 0 0 1 0 1 0 -1 0 0 3710.dat
0 STEP
1 1 -30 -24 -30 0 0 1 0 1 0 -1 0 0 3004.dat
1 1 30 -24 -30 0 0 1 0 1 0 -1 0 0 3004.dat
1 1 -30 -24 -60 1 0 0 0 1 0 0 0 1 4287.dat
1 1 30 -24 -60 1 0 0 0 1 0 0 0 1 4287.dat
0 STEP
1 0 -30 -32 -50 0 0 1 0 1 0 -1 0 0 3023.dat
1 0 -30 -32 0 0 0 1 0 1 0 -1 0 0 2420.dat
1 0 30 -32 0 -1 0 0 0 1 0 0 0 -1 2420.dat
1 0 30 -32 -50 0 0 1 0 1 0 -1 0 0 3023.dat
0 STEP
1 0 0 -32 -90 1 0 0 0 1 0 0 0 1 3020.dat
0 STEP
1 73 -30 -40 -50 0 0 1 0 1 0 -1 0 0 3666.dat
1 73 30 -40 -50 0 0 1 0 1 0 -1 0 0 3666.dat
1 73 0 -40 0 -1 0 0 0 1 0 0 0 -1 3023.dat
1 15 0 -40 -100 0 0 -1 0 1 0 1 0 0 3021.dat
0 STEP
1 1 0 -64 0 1 0 0 0 1 0 0 0 1 3894.dat
1 0 -20 -54 10 0 0 1 0 -1 0 1 0 0 2780.dat
1 0 0 -54 -10 0 0 1 0 -1 0 1 0 0 2780.dat
1 0 20 -54 10 0 0 1 0 -1 0 1 0 0 2780.dat
0 STEP
1 1 -30 -34 20 0 1 0 -1 0 0 0 0 1 3701.dat
1 1 30 -34 20 0 -1 0 1 0 0 0 0 1 3701.dat
0 STEP
1 73 0 -72 0 1 0 0 0 1 0 0 0 1 3023.dat
1 0 0 -80 0 1 0 0 0 1 0 0 0 1 3023.dat
1 73 0 -104 0 1 0 0 0 1 0 0 0 1 3700.dat
0 STEP
1 7 0 -194 -35 0 1 0 1 0 0 0 0 -1 4090 - 4 - mast.ldr
0 STEP
1 7 0 -94 -40 0 0 1 0 1 0 -1 0 0 4090 - 4 - lever mechanism.ldr
0 STEP
1 0 -40 -54 -70 0 -0.707 -0.707 0 -0.707 0.707 -1 0 0 32062.dat
1 0 40 -54 -70 0 -0.707 -0.707 0 -0.707 0.707 -1 0 0 32062.dat
1 1 0 -64 -80 1 0 0 0 1 0 0 0 1 3894.dat
0 STEP
1 0 0 -94 20 1 0 0 0 0 -1 0 1 0 4090 - 4 - gear support.ldr
1 1 0 -64 -100 1 0 0 0 1 0 0 0 1 3010.dat
1 1 0 -64 -120 1 0 0 0 1 0 0 0 1 32064a.dat
0 STEP
1 1 0 -40.2 111.552 1 0 0 0 0.924 -0.383 0 0.383 0.924 4090 - 4 - tail.ldr
1 73 30 -72 -80 0 0 1 0 1 0 -1 0 0 2420.dat
1 73 -30 -72 -80 -1 0 0 0 1 0 0 0 -1 2420.dat
1 15 0 -72 -100 0 0 -1 0 1 0 1 0 0 3021.dat
0 STEP
1 15 -145.334 -20.511 -60 0 0.383 0.924 0 0.924 -0.383 -1 0 0 4090 - 4 - wing right.ldr
1 73 0 -80 -90 1 0 0 0 1 0 0 0 1 3020.dat
1 7 0 -54 -140 0 0 1 0 1 0 -1 0 0 4519.dat
0 STEP
1 15 145.338 -20.509 -60 0 -0.383 -0.924 0 0.924 -0.383 1 0 0 4090 - 4 - wing left.ldr
1 1 0 -104 -80 1 0 0 0 1 0 0 0 1 3039.dat
0 STEP
1 7 20 -254 20 0 0 -1 -1 0 0 0 1 0 4090 - 4 - gear assembly.ldr
0 STEP
1 7 0 86 -56 0 0 1 0 1 0 -1 0 0 4090 - 4 - legs.ldr
0 STEP
1 1 0 -40 -190 0 0 1 0 1 0 -1 0 0 4090 - 4 - head.ldr

0 FILE 4090 - 4 - mast.ldr
0 4 - mast
0 Name: 4090 - 4 - mast.ldr
0 Author: Bert Van Raemdonck [BEAVeR]
0 !LDRAW_ORG Unofficial_Model
0 !LICENSE Redistributable under CCAL version 2.0 : see CAreadme.txt

0 !THEME Creator

1 73 0 0 0 0 0 1 -1 0 0 0 -1 0 41677.dat
1 19 0 0 15 0 0 1 0 1 0 -1 0 0 43093.dat
1 73 0 0 10 0 0 1 -1 0 0 0 -1 0 41677.dat
0 STEP
1 7 20 0 -15 0 0 1 0 1 0 -1 0 0 4519.dat
0 STEP
1 1 100 -10 -15 1 0 0 0 1 0 0 0 1 2730.dat
1 7 20 0 -35 1 0 0 0 1 0 0 0 1 32270.dat

0 FILE 4090 - 4 - lever mechanism.ldr
0 4 - lever mechanism
0 Name: 4090 - 4 - lever mechanism.ldr
0 Author: Bert Van Raemdonck [BEAVeR]
0 !LDRAW_ORG Unofficial_Model
0 !LICENSE Redistributable under CCAL version 2.0 : see CAreadme.txt

0 !THEME Creator

1 7 0 14.142 14.142 -1 0 0 0 -0.707 0.707 0 0.707 0.707 32126.dat
1 7 10 0 0 1 0 0 0 1 0 0 0 1 3673.dat
1 7 0 14.142 -14.142 1 0 0 0 -0.707 0.707 0 -0.707 -0.707 32126.dat
0 STEP
1 0 0 35.355 -35.355 0 0 1 0.707 0.707 0 -0.707 0.707 0 3705.dat
1 0 0 35.355 35.355 0 0 1 -0.707 0.707 0 -0.707 -0.707 0 3705.dat
0 STEP
1 15 0 40 -40 0 0 1 -0.707 -0.707 0 0.707 -0.707 0 32034.dat
1 15 0 40 40 0 0 1 0.707 -0.707 0 0.707 0.707 0 32034.dat
0 STEP
1 73 0 70.711 70.711 1 0 0 0 0.707 0.707 0 -0.707 0.707 32016.dat
1 73 0 70.711 -70.711 -1 0 0 0 0.707 0.707 0 0.707 -0.707 32016.dat
0 STEP
1 0 -30 40 -40 -1 0 0 0 0.707 0.707 0 0.707 -0.707 32062.dat
1 0 -30 40 40 -1 0 0 0 0.707 -0.707 0 -0.707 -0.707 32062.dat
1 0 0 82.191 -98.427 0 -1 0 0.383 0 0.924 -0.924 0 0.383 32062.dat
1 0 0 82.191 98.427 0 -1 0 -0.383 0 0.924 -0.924 0 -0.383 32062.dat
0 STEP
1 7 20 -20 0 1 0 0 0 0 -1 0 1 0 32126.dat
1 0 20 -50 0 0 0 1 1 0 0 0 1 0 3705.dat
1 15 20 -100 0 -1 0 0 0 0 -1 0 -1 0 32013.dat
0 STEP
1 7 20 20 0 -1 0 0 0 0 1 0 1 0 32126.dat

0 FILE 4090 - 4 - gear support.ldr
0 4 - gear support
0 Name: 4090 - 4 - gear support.ldr
0 Author: Bert Van Raemdonck [BEAVeR]
0 !LDRAW_ORG Unofficial_Model
0 !LICENSE Redistributable under CCAL version 2.0 : see CAreadme.txt

0 !THEME Creator

1 1 0 0 0 0 0 -1 1 0 0 0 -1 0 32014.dat
1 1 0 0 30 0 0 -1 0 -1 0 -1 0 0 43093.dat
0 STEP
1 1 0 0 40 0 0 -1 0 1 0 1 0 0 32014.dat
0 STEP
1 1 30 0 0 -1 0 0 0 -1 0 0 0 1 43093.dat
1 1 30 0 40 -1 0 0 0 -1 0 0 0 1 43093.dat
1 1 0 -30 40 0 0 1 1 0 0 0 1 0 43093.dat
0 STEP
1 0 0 -20 0 0 -1 0 -1 0 0 0 0 -1 6558.dat

0 FILE 4090 - 4 - tail.ldr
0 4 - tail
0 Name: 4090 - 4 - tail.ldr
0 Author: Bert Van Raemdonck [BEAVeR]
0 !LDRAW_ORG Unofficial_Model
0 !LICENSE Redistributable under CCAL version 2.0 : see CAreadme.txt

0 !THEME Creator

1 0 0 0 0 1 0 0 0 1 0 0 0 1 3022.dat
1 1 0 -24 10 1 0 0 0 1 0 0 0 1 3004.dat
0 STEP
1 1 0 -24 -10 1 0 0 0 1 0 0 0 1 3701.dat
0 STEP
1 73 0 -32 40 0 0 1 0 1 0 -1 0 0 3795.dat
0 STEP
1 73 20 -24 80 1 0 0 0 1 0 0 0 1 41765.dat
0 STEP
1 73 -20 -24 80 1 0 0 0 1 0 0 0 1 41764.dat
0 STEP
1 15 -30 -32 130 0.707 0 -0.707 0 1 0 0.707 0 0.707 3024.dat
1 15 30 -32 130 0.707 0 -0.707 0 1 0 0.707 0 0.707 3024.dat
1 73 0 -40 0 1 0 0 0 1 0 0 0 1 3068b.dat
0 STEP
1 1 20 -14 -50 1 0 0 0 0.924 0.383 0 -0.383 0.924 4090 - 4 - tail attachment.ldr

0 FILE 4090 - 4 - tail attachment.ldr
0 4 - tail attachment
0 Author: Bert Van Raemdonck [BEAVeR]
0 !LDRAW_ORG Unofficial_Model
0 !LICENSE Redistributable under CCAL version 2.0 : see CAreadme.txt

0 !THEME Creator

1 73 0 0 0 1 0 0 0 1 0 0 0 1 32016.dat
1 7 -20 0 0 -1 0 0 0 -1 0 0 0 1 32556.dat
0 STEP
1 73 -40 0 0 1 0 0 0 1 0 0 0 1 32016.dat
0 STEP
1 1 -40 0 -30 0 0 1 0 -1 0 1 0 0 43093.dat
1 1 0 0 -30 0 0 1 0 -1 0 1 0 0 43093.dat
1 1 -40 -11.481 27.716 0 0 -1 0.383 -0.924 0 -0.924 -0.383 0 43093.dat
1 1 0 -11.481 27.716 0 0 -1 0.383 -0.924 0 -0.924 -0.383 0 43093.dat

0 FILE 4090 - 4 - wing right.ldr
0 4 - wing right
0 Name: 4090 - 4 - wing right.ldr
0 Author: Bert Van Raemdonck [BEAVeR]
0 !LDRAW_ORG Unofficial_Model
0 !LICENSE Redistributable under CCAL version 2.0 : see CAreadme.txt

0 !THEME Creator

1 1 0 0 0 1 0 0 0 1 0 0 0 1 3933.dat
0 STEP
1 73 -30 -8 -60 0 0 -1 0 1 0 1 0 0 3666.dat
1 73 -10 -8 20 0 0 -1 0 1 0 1 0 0 3023.dat
1 15 -30 -8 50 -1 0 0 0 1 0 0 0 -1 3623.dat
0 STEP
1 0 -20 8 40 -1 0 0 0 1 0 0 0 -1 3022.dat
0 STEP
1 1 -20 16 30 -1 0 0 0 1 0 0 0 -1 32064a.dat
0 STEP
1 15 -30 -16 -110 -0.707 0 -0.707 0 1 0 0.707 0 -0.707 3024.dat

0 FILE 4090 - 4 - wing left.ldr
0 4 - wing left
0 Name: 4090 - 4 - wing left.ldr
0 Author: Bert Van Raemdonck [BEAVeR]
0 !LDRAW_ORG Unofficial_Model
0 !LICENSE Redistributable under CCAL version 2.0 : see CAreadme.txt

0 !THEME Creator

1 1 0 0 0 1 0 0 0 1 0 0 0 1 3934.dat
0 STEP
1 73 30 -8 -60 0 0 -1 0 1 0 1 0 0 3666.dat
1 73 10 -8 20 0 0 -1 0 1 0 1 0 0 3023.dat
1 15 30 -8 50 1 0 0 0 1 0 0 0 1 3623.dat
0 STEP
1 0 20 8 40 0 0 -1 0 1 0 1 0 0 3022.dat
0 STEP
1 1 20 16 30 1 0 0 0 1 0 0 0 1 32064a.dat
0 STEP
1 15 30 -16 -110 0.707 0 0.707 0 1 0 -0.707 0 0.707 3024.dat

0 FILE 4090 - 4 - gear assembly.ldr
0 4 - gear assembly
0 Name: 4090 - 4 - gear assembly.ldr
0 Author: Bert Van Raemdonck [BEAVeR]
0 !LDRAW_ORG Unofficial_Model
0 !LICENSE Redistributable under CCAL version 2.0 : see CAreadme.txt

0 !THEME Creator

1 15 0 0 0 0.999 -0.052 0 0.052 0.999 0 0 0 1 3482.dat
0 STEP
1 256 0 0 0 0.999 -0.052 0 0.052 0.999 0 0 0 1 44799.dat
0 STEP
1 7 0 0 -20 0 -0.052 0.999 0 0.999 0.052 -1 0 0 4519.dat
0 STEP
1 1 -80 -10 -20 -1 0 0 0 1 0 0 0 -1 2730.dat
0 STEP
1 7 0 0 -40 0.052 -0.999 0 -0.999 -0.052 0 0 0 -1 3648b.dat
0 STEP
1 7 -80 0 -20 0 0.259 0.966 0 0.966 -0.259 -1 0 0 4519.dat
1 7 -80 0 0 0.966 0.259 0 -0.259 0.966 0 0 0 1 32270.dat
0 STEP
1 7 -80 0 -40 0.966 0.259 0 -0.259 0.966 0 0 0 1 3649.dat

0 FILE 4090 - 4 - legs.ldr
0 4 - legs
0 Name: 4090 - 4 - legs.ldr
0 Author: Bert Van Raemdonck [BEAVeR]
0 !LDRAW_ORG Unofficial_Model
0 !LICENSE Redistributable under CCAL version 2.0 : see CAreadme.txt

0 !THEME Creator

1 14 -10 -16 -50 0 -1 0 1 0 0 0 0 1 3710.dat
1 14 -18 -26 -50 0 -1 0 -1 0 0 0 0 -1 2420.dat
0 STEP
1 14 14 -36 -50 0 -1 0 -1 0 0 0 0 -1 32064a.dat
1 14 14 4 -50 0 -1 0 -1 0 0 0 0 -1 3700.dat
0 STEP
1 14 22 -16 -50 0 -1 0 1 0 0 0 0 1 3710.dat
0 STEP
1 0 4 -106 0 0 -1 0 0 0 -1 1 0 0 4090 - 4 - feet attachment.ldr
0 STEP
1 14 -10 -16 50 0 -1 0 -1 0 0 0 0 -1 4090 - 4 - ankle left.ldr
0 STEP
1 7 4 26 -90 -1 0 0 0 1 0 0 0 -1 4090 - 4 - foot right.ldr
0 STEP
1 7 4 26 70 1 0 0 0 1 0 0 0 1 4090 - 4 - foot left.ldr

0 FILE 4090 - 4 - feet attachment.ldr
0 4 - feet attachment
0 Name: 4090 - 4 - feet attachment.ldr
0 Author: Bert Van Raemdonck [BEAVeR]
0 !LDRAW_ORG Unofficial_Model
0 !LICENSE Redistributable under CCAL version 2.0 : see CAreadme.txt

0 !THEME Creator

1 0 0 0 0 0 0 1 0 1 0 -1 0 0 3706.dat
1 0 0 0 -50 1 0 0 0 1 0 0 0 1 32039.dat
0 STEP
1 0 0 0 -70 -1 0 0 0 1 0 0 0 -1 3706.dat

0 FILE 4090 - 4 - ankle left.ldr
0 4 - ankle left
0 Name: 4090 - 4 - ankle left.ldr
0 Author: Bert Van Raemdonck [BEAVeR]
0 !LDRAW_ORG Unofficial_Model
0 !LICENSE Redistributable under CCAL version 2.0 : see CAreadme.txt

0 !THEME Creator

1 14 0 0 0 1 0 0 0 1 0 0 0 1 3710.dat
1 14 10 8 0 0 0 1 0 1 0 -1 0 0 2420.dat
0 STEP
1 14 20 -24 0 1 0 0 0 1 0 0 0 1 32064a.dat
1 14 -20 -24 0 1 0 0 0 1 0 0 0 1 3700.dat
0 STEP
1 14 0 -32 0 1 0 0 0 1 0 0 0 1 3710.dat

0 FILE 4090 - 4 - foot right.ldr
0 4 - foot right
0 Name: 4090 - 4 - foot right.ldr
0 Author: Bert Van Raemdonck [BEAVeR]
0 !LDRAW_ORG Unofficial_Model
0 !LICENSE Redistributable under CCAL version 2.0 : see CAreadme.txt

0 !THEME Creator

1 14 10.359 0 18.66 0.866 0 0.5 0 1 0 -0.5 0 0.866 3710.dat
0 STEP
1 1 40 -8 -10 0.866 0 0.5 0 1 0 -0.5 0 0.866 2429.dat
1 1 40 -8 -10 -1 0 0 0 1 0 0 0 -1 2430.dat
0 STEP
1 14 0 0 -20 -1 0 0 0 1 0 0 0 -1 3460.dat
0 STEP
1 14 27.679 -16 8.66 0.866 0 0.5 0 1 0 -0.5 0 0.866 2412b.dat
1 14 1.699 -24 23.66 -0.5 0 0.866 0 1 0 -0.866 0 -0.5 4286.dat
0 STEP
1 14 0 -32 -20 -1 0 0 0 1 0 0 0 -1 2744.dat
0 STEP
1 7 0 -22 -30 0 0 -1 0 1 0 1 0 0 3673.dat
1 1 20 -40 -20 -1 0 0 0 1 0 0 0 -1 2412b.dat

0 FILE 4090 - 4 - foot left.ldr
0 4 - foot left
0 Name: 4090 - 4 - foot left.ldr
0 Author: Bert Van Raemdonck [BEAVeR]
0 !LDRAW_ORG Unofficial_Model
0 !LICENSE Redistributable under CCAL version 2.0 : see CAreadme.txt

0 !THEME Creator

1 14 0 0 0 1 0 0 0 1 0 0 0 1 3460.dat
0 STEP
1 1 -40 -8 10 0.866 0 -0.5 0 1 0 0.5 0 0.866 2430.dat
1 1 -40 -8 10 -1 0 0 0 1 0 0 0 -1 2429.dat
0 STEP
1 14 -10.359 0 38.66 0.866 0 -0.5 0 1 0 0.5 0 0.866 3710.dat
0 STEP
1 14 0 -32 0 1 0 0 0 1 0 0 0 1 2744.dat
0 STEP
1 1 -20 -40 0 1 0 0 0 1 0 0 0 1 2412b.dat
1 14 -27.679 -16 28.66 0.866 0 -0.5 0 1 0 0.5 0 0.866 2412b.dat
0 STEP
1 14 -1.699 -24 43.66 -0.5 0 -0.866 0 1 0 0.866 0 -0.5 4286.dat
1 7 0 -22 -10 0 0 -1 0 1 0 1 0 0 3673.dat

0 FILE 4090 - 4 - head.ldr
0 4 - head
0 Name: 4090 - 4 - head.ldr
0 Author: Bert Van Raemdonck [BEAVeR]
0 !LDRAW_ORG Unofficial_Model
0 !LICENSE Redistributable under CCAL version 2.0 : see CAreadme.txt

0 !THEME Creator

1 73 0 0 0 1 0 0 0 1 0 0 0 1 3020.dat
0 STEP
1 1 -30 -24 0 0 0 1 0 1 0 -1 0 0 32064b.dat
1 1 0 -24 -10 -1 0 0 0 1 0 0 0 -1 32064b.dat
0 STEP
1 1 0 -24 10 -1 0 0 0 1 0 0 0 -1 32064b.dat
1 1 30 -24 0 0 0 1 0 1 0 -1 0 0 32064b.dat
0 STEP
1 73 0 -32 0 1 0 0 0 1 0 0 0 1 3020.dat
1 0 0 -14 0 0 -1 0 0 0 -1 1 0 0 3705.dat
0 STEP
1 1 -30 -56 0 0 0 1 0 1 0 -1 0 0 3660.dat
1 1 0 -14 50 0 0 -1 -1 0 0 0 1 0 32014.dat
1 1 0 -14 -50 0 0 -1 1 0 0 0 -1 0 32014.dat
0 STEP
1 0 30 -14 -50 -1 0 0 0 1 0 0 0 -1 32062.dat
1 0 30 -14 50 -1 0 0 0 1 0 0 0 -1 32062.dat
1 1 -10 -56 0 0 0 -1 0 1 0 1 0 0 3298.dat
0 STEP
1 15 -30 -64 0 -1 0 0 0 1 0 0 0 -1 3021.dat
1 15 32 -14 -50 0 1 0 0 0 -1 -1 0 0 4032a.dat
1 15 32 -14 50 0 1 0 0 0 -1 -1 0 0 4032a.dat
0 STEP
1 0 60 -14 0 -1 0 0 0 0 -1 0 -1 0 3705.dat
1 15 -10 -72 10 0 0 -1 0 1 0 1 0 0 4592.dat
1 0 -10 -72 10 0 0.966 -0.259 0 0.259 0.966 1 0 0 4593.dat
1 15 -50 -72 10 0 0 -1 0 1 0 1 0 0 4592.dat
1 0 -50 -72 10 0 0.966 -0.259 0 0.259 0.966 1 0 0 4593.dat
1 15 -30 -72 -10 0 0 -1 0 1 0 1 0 0 4592.dat
1 0 -30 -72 -10 0 0.966 -0.259 0 0.259 0.966 1 0 0 4593.dat
0 STEP
1 14 64 -14 0 0 -1 0 -1 0 0 0 0 -1 3941.dat
1 14 112 -14 0 0 -1 0 -1 0 0 0 0 -1 3942c.dat
