0 FILE 41075 - main.ldr
0 main
0 Name: 41075 - main.ldr
0 Author: Philippe Hurbain [Philo]
0 !LICENSE Redistributable under CCAL version 2.0 : see CAreadme.txt

1 16 0 -8 0 1 0 0 0 1 0 0 0 1 41075 - observatory.ldr
0 STEP
1 19 320 -8 80 0 0 -1 0 1 0 1 0 0 41075 - treebalcony.ldr
0 STEP
1 70 120 -24 180 0 0 -1 0 1 0 1 0 0 41770.dat
1 19 120 -24 220 0 0 -1 0 1 0 1 0 0 14769.dat
1 320 160 -40 230 1 0 0 0 1 0 0 0 1 3004.dat
1 37 150 -32 170 1 0 0 0 1 0 0 0 1 6141.dat
1 70 135.858 -40 198.284 0.707 0 -0.707 0 1 0 0.707 0 0.707 41770.dat
1 37 107.574 -32 212.426 1 0 0 0 1 0 0 0 1 6141.dat
0 STEP
1 57 150 -48 170 1 0 0 0 1 0 0 0 1 6141.dat
1 70 160 -56 200 1 0 0 0 1 0 0 0 1 41770.dat
1 19 160 -48 230 1 0 0 0 1 0 0 0 1 3023.dat
1 19 140 -24 80 0 0 -1 0 1 0 1 0 0 14769.dat
1 19 80 -16 20 0 0 -1 0 1 0 1 0 0 14769.dat
1 19 -20 -16 -40 0 0 -1 0 1 0 1 0 0 14769.dat
1 288 170 -24 -30 1 0 0 0 1 0 0 0 1 30357.dat
1 379 190 -24 -30 0 0 1 0 1 0 -1 0 0 41075 - 14734p01.dat
1 379 -20 -216 70 1 0 0 0 1 0 0 0 1 41075 - farran.ldr
1 78 300 -224 230 1 0 0 0 1 0 0 0 1 41075 - azari.ldr
1 379 390 -8 20 0 0 1 0 1 0 -1 0 0 41075 - emily.ldr
0 FILE 41075 - table.ldr
0 table
0 Name: 41075 - table.ldr
0 Author: Philippe Hurbain [Philo]
0 !LICENSE Redistributable under CCAL version 2.0 : see CAreadme.txt

1 15 0 -24 0 1 0 0 0 1 0 0 0 1 3941.dat
1 70 0 -32 0 1 0 0 0 1 0 0 0 1 3022.dat
1 308 0 -40 0 1 0 0 0 1 0 0 0 1 60474.dat
1 297 -10 -80 -10 1 0 0 0 1 0 0 0 1 2343.dat
1 297 10 -80 10 1 0 0 0 1 0 0 0 1 2343.dat
1 37 -10 -83 -10 1 0 0 0 1 0 0 0 1 6141.dat
1 43 10 -83 10 1 0 0 0 1 0 0 0 1 6141.dat
0 FILE 41075 - seat.ldr
0 seat
0 Name: 41075 - seat.ldr
0 Author: Philippe Hurbain [Philo]
0 !LICENSE Redistributable under CCAL version 2.0 : see CAreadme.txt

1 15 0 -24 0 1 0 0 0 1 0 0 0 1 3941.dat
1 30 0 -32 0 1 0 0 0 1 0 0 0 1 14769.dat
0 FILE 41075 - bed.ldr
0 bed
0 Name: 41075 - bed.ldr
0 Author: Philippe Hurbain [Philo]
0 !LICENSE Redistributable under CCAL version 2.0 : see CAreadme.txt

1 30 0 0 0 1 0 0 0 1 0 0 0 1 3020.dat
1 19 0 -8 20 -1 0 0 0 1 0 0 0 -1 3020.dat
1 30 0 0 30 -1 0 0 0 1 0 0 0 -1 3710.dat
1 19 20 -8 -10 -1 0 0 0 1 0 0 0 -1 3023.dat
0 STEP
1 19 -40 -8 -20 -1 0 0 0 1 0 0 0 -1 2429.dat
1 19 -40 -8 -20 1 0 0 0 1 0 0 0 1 2430.dat
1 30 0 0 -40 1 0 0 0 1 0 0 0 1 3020.dat
1 19 -20 -8 -50 -1 0 0 0 1 0 0 0 -1 3023.dat
1 19 20 -8 -40 -1 0 0 0 1 0 0 0 -1 3022.dat
1 288 -20 -16 0 -1 0 0 0 1 0 0 0 -1 14769.dat
1 288 20 -16 0 -1 0 0 0 1 0 0 0 -1 14769.dat
1 288 -20 -16 -40 -1 0 0 0 1 0 0 0 -1 14769.dat
1 288 20 -16 -40 -1 0 0 0 1 0 0 0 -1 14769.dat
1 30 -20 -8 30 1 0 0 0 1 0 0 0 1 85984.dat
1 30 20 -8 30 1 0 0 0 1 0 0 0 1 85984.dat
0 FILE 41075 - treebalcony.ldr
0 treebalcony
0 Name: 41075 - treebalcony.ldr
0 Author: Philippe Hurbain [Philo]
0 !LICENSE Redistributable under CCAL version 2.0 : see CAreadme.txt

1 320 80 -240 -90 1 0 0 0 1 0 0 0 1 3004.dat
0 Author: Philippe Hurbain [Philo]
0 !LICENSE Redistributable under CCAL version 2.0 : see CAreadme.txt
1 2 0 0 0 -1 0 0 0 1 0 0 0 -1 91405.dat
1 0 100 -8 -150 -1 0 0 0 1 0 0 0 -1 3666.dat
1 320 30 -24 -150 0 0 1 0 1 0 -1 0 0 4286.dat
1 320 30 -24 -20 0 0 1 0 1 0 -1 0 0 3010.dat
1 320 30 -24 30 0 0 1 0 1 0 -1 0 0 3062b.dat
0 STEP
1 320 10 -24 10 0 0 1 0 1 0 -1 0 0 4286.dat
1 320 10 -24 -10 1 0 0 0 1 0 0 0 1 4286.dat
1 84 30 -48 -150 1 0 0 0 1 0 0 0 1 3005.dat
1 70 30 -48 -50 0 0 1 0 1 0 -1 0 0 87087.dat
1 84 30 -96 -100 0 0 1 0 1 0 -1 0 0 15254.dat
1 320 50 -24 50 0 0 1 0 1 0 -1 0 0 4286.dat
0 STEP
1 70 70 -24 -20 -1 0 0 0 1 0 0 0 -1 3002.dat
1 70 70 -24 20 -1 0 0 0 1 0 0 0 -1 3002.dat
1 320 120 -8 30 -1 0 0 0 1 0 0 0 -1 3023.dat
1 320 130 -24 90 1 0 0 0 1 0 0 0 1 4286.dat
1 320 40 -32 30 -1 0 0 0 1 0 0 0 -1 3023.dat
1 320 30 -32 -30 1 0 0 0 1 0 0 0 1 2420.dat
1 0 80 -32 -30 1 0 0 0 1 0 0 0 1 99207.dat
1 0 80 -32 30 -1 0 0 0 1 0 0 0 -1 99207.dat
0 STEP
1 19 90 -24 0 0 0 1 0 1 0 -1 0 0 85984.dat
1 19 50 -48 0 0 0 -1 0 1 0 1 0 0 3039.dat
1 320 60 -40 -30 1 0 0 0 1 0 0 0 1 3710.dat
1 320 60 -40 30 1 0 0 0 1 0 0 0 1 3710.dat
1 320 60 -48 30 1 0 0 0 1 0 0 0 1 3710.dat
1 43 30 -40 -10 1 0 0 0 1 0 0 0 1 6141.dat
0 STEP
1 320 30 -48 -30 1 0 0 0 1 0 0 0 1 2420.dat
1 320 80 -48 -30 -1 0 0 0 1 0 0 0 -1 3023.dat
1 320 60 -72 -30 -1 0 0 0 1 0 0 0 -1 3010.dat
1 320 60 -96 -30 -1 0 0 0 1 0 0 0 -1 3010.dat
1 320 80 -72 30 -1 0 0 0 1 0 0 0 -1 3004.dat
1 320 80 -96 30 -1 0 0 0 1 0 0 0 -1 3004.dat
0 STEP
1 320 50 -96 30 0 0 -1 0 1 0 1 0 0 30099.dat
1 320 30 -96 -10 -1 0 0 0 1 0 0 0 -1 30099.dat
1 320 30 -96 10 0 0 1 0 1 0 -1 0 0 4460b.dat
1 37 30 -56 30 0 0 1 0 1 0 -1 0 0 6141.dat
1 5 30 -64 30 -0.707 0 0.707 0 1 0 -0.707 0 -0.707 2423.dat
1 37 30 -72 30 0 0 1 0 1 0 -1 0 0 6141.dat
1 5 12 -38 -50 0 1 0 -0.276 0 0.961 0.961 0 0.276 2423.dat
1 70 32 -38 -50 0 1 0 0 0 -1 -1 0 0 33183.dat
1 37 8 -95.676 -66.538 0 1 0 0 0 -1 -1 0 0 30153.dat
1 37 -12.426 -68 72.426 0 0 1 0 1 0 -1 0 0 30153.dat
1 0 30 -104 -60 0 0 1 0 1 0 -1 0 0 4477.dat
1 0 90 -104 0 0 0 1 0 1 0 -1 0 0 3710.dat
1 0 60 -104 0 0 0 1 0 1 0 -1 0 0 3020.dat
1 71 30 -112 -100 0 0 -1 0 1 0 1 0 0 41075 - 14704.dat
1 320 30 -104 -100 1 0 0 0 1 0 0 0 1 93273.dat
0 STEP
1 72 54 -78 -100 0 -1 0 1 0 0 0 0 1 41075 - 14419.dat
1 71 38 -48 -100 -1 0 0 0 -1 0 0 0 1 2736.dat
1 43 17 -48 -100 0 1 0 1 0 0 0 0 -1 41075 - 3960p0b.dat
0 STEP
1 70 30 -200 30 0 0 -1 0 1 0 1 0 0 76768.dat
1 70 30 -200 -30 0 0 -1 0 1 0 1 0 0 76768.dat
1 70 30 -168 0 0 0 -1 0 1 0 1 0 0 30044.dat
1 297 34 -145 0 0 0 -1 0 1 0 1 0 0 30046.dat
1 70 50 -200 30 1 0 0 0 1 0 0 0 1 76768.dat
1 70 50 -200 -30 -1 0 0 0 1 0 0 0 -1 76768.dat
1 308 30 -176 0 0 0 -1 0 1 0 1 0 0 3659.dat
0 STEP
1 320 80 -128 30 1 0 0 0 1 0 0 0 1 3004.dat
1 320 80 -128 -30 1 0 0 0 1 0 0 0 1 3004.dat
1 320 90 -112 0 0 0 1 0 1 0 -1 0 0 3023.dat
1 19 90 -120 0 0 0 -1 0 1 0 1 0 0 48336.dat
1 320 90 -128 0 0 0 1 0 1 0 -1 0 0 3023.dat
1 320 90 -152 30 -1 0 0 0 1 0 0 0 -1 2357.dat
1 320 90 -152 -30 0 0 -1 0 1 0 1 0 0 2357.dat
0 STEP
1 308 10 -200 0 0 0 -1 0 1 0 1 0 0 3659.dat
1 320 90 -176 0 0 0 -1 0 1 0 1 0 0 3010.dat
1 320 60 -176 -30 1 0 0 0 1 0 0 0 1 3004.dat
1 320 60 -176 30 1 0 0 0 1 0 0 0 1 3004.dat
1 320 40 -200 -30 1 0 0 0 1 0 0 0 1 3004.dat
1 320 40 -200 30 1 0 0 0 1 0 0 0 1 3004.dat
1 19 80 -184 -30 1 0 0 0 1 0 0 0 1 44728.dat
1 19 80 -184 30 -1 0 0 0 1 0 0 0 -1 44728.dat
1 320 80 -192 30 -1 0 0 0 1 0 0 0 -1 3023.dat
1 320 80 -200 30 -1 0 0 0 1 0 0 0 -1 3023.dat
1 320 80 -192 -30 -1 0 0 0 1 0 0 0 -1 3023.dat
1 320 80 -200 -30 -1 0 0 0 1 0 0 0 -1 3023.dat
0 STEP
1 320 60 -200 10 1 0 0 0 1 0 0 0 1 3010.dat
1 320 60 -200 -10 1 0 0 0 1 0 0 0 1 3010.dat
1 70 80 -104 -52 0 0 1 1 0 0 0 1 0 3034.dat
1 70 80 -104 52 0 0 -1 1 0 0 0 -1 0 3034.dat
1 320 50 -200 -50 0 0 1 0 1 0 -1 0 0 41075 - 3665a.dat
1 320 50 -200 50 0 0 1 0 1 0 -1 0 0 41075 - 3665a.dat
1 15 79 -41 0 0 -0.707 0.707 0 0.707 0.707 -1 0 0 3069bp0c.dat
0 STEP
1 0 112 -88 -10 0 -1 0 -1 0 0 0 0 -1 63868.dat
1 0 112 -88 10 0 -1 0 -1 0 0 0 0 -1 63868.dat
1 308 120 -68 0 0 -1 0 -1 0 0 0 0 -1 60474.dat
1 19 128 -68 0 0 -1 0 -1 0 0 0 0 -1 14769.dat
0 STEP
1 72 -110 -24 -140 0 0 -1 0 1 0 1 0 0 3039.dat
1 43 -110 -8 -110 0 0 -1 0 1 0 1 0 0 6141.dat
1 322 -110 -8 -60 0 0 -1 0 1 0 1 0 0 3710.dat
1 322 -110 -8 20 0 0 -1 0 1 0 1 0 0 3710.dat
1 322 -80 -8 100 1 0 0 0 1 0 0 0 1 30565.dat
1 322 -110 -40 -130 -1 0 0 0 1 0 0 0 -1 6091.dat
1 43 -110 -32 -150 0 0 -1 0 1 0 1 0 0 6141.dat
1 71 -130 -24 -140 0 0 -1 0 1 0 1 0 0 3004.dat
1 26 -50 -24 -150 0 0 -1 0 1 0 1 0 0 59900.dat
1 129 -50 -32 -150 0 0 -1 0 1 0 1 0 0 4740.dat
0 STEP
1 297 -10 0 30 1 0 0 0 1 0 0 0 1 15279.dat
1 37 -14 -54 20 0 1 0 0 0 -1 -1 0 0 30153.dat
1 70 -150 0 -30 0.707 0 -0.707 0 1 0 0.707 0 0.707 95343.dat
1 297 -150 -20.685 -30 0.707 -0.612 0.354 0 -0.5 -0.866 0.707 0.612 -0.354 95344.dat
1 43 -150 -27 -30 -0.707 0 0.707 0 1 0 -0.707 0 -0.707 6141.dat
1 72 -130 -24 -140 0 0 1 0 1 0 -1 0 0 85984.dat
1 322 -110 -40 -140 0 0 1 0 1 0 -1 0 0 3069b.dat
0 STEP
1 70 130 -168 90 0 0 1 0 1 0 -1 0 0 43888.dat
1 19 50 -200 -100 0 0 1 0 1 0 -1 0 0 3023.dat
1 0 90 -200 100 0 0 -1 0 1 0 1 0 0 11215.dat
1 0 120 -200 110 1 0 0 0 1 0 0 0 1 3700.dat
1 0 120 -200 90 1 0 0 0 1 0 0 0 1 3700.dat
1 0 120 -190 180 0 0 1 0 1 0 -1 0 0 3708.dat
1 0 120 -190 70 -1 0 0 0 0 1 0 1 0 2825.dat
1 70 120 -190 308 1 0 0 0 0 1 0 -1 0 59900.dat
0 STEP
1 19 130 -208 100 0 0 1 0 1 0 -1 0 0 3023.dat
1 19 100 -208 100 0 0 1 0 1 0 -1 0 0 3022.dat
1 19 40 -208 80 0 0 1 0 1 0 -1 0 0 3020.dat
1 19 70 -208 40 0 0 1 0 1 0 -1 0 0 3460.dat
1 19 40 -208 -80 0 0 1 0 1 0 -1 0 0 3020.dat
1 19 50 -208 0 0 0 1 0 1 0 -1 0 0 2431.dat
1 19 90 -208 0 0 0 1 0 1 0 -1 0 0 2431.dat
1 19 -30 -200 -10 -1 0 0 0 1 0 0 0 -1 2420.dat
1 19 -30 -200 10 0 0 -1 0 1 0 1 0 0 2420.dat
1 19 -40 -192 0 0 0 -1 0 1 0 1 0 0 3022.dat
0 STEP
1 30 -40 -208 -40 -1 0 0 0 1 0 0 0 -1 15706.dat
1 30 -40 -208 40 -0.707 0 0.707 0 1 0 -0.707 0 -0.707 15706.dat
1 31 -50 -200 30 -0.5 0 0.866 0 1 0 -0.866 0 -0.5 2423.dat
1 85 -106.373 -200 -50.518 -0.342 0 -0.94 0 1 0 0.94 0 -0.342 2417.dat
1 37 -106.373 -204 -50.518 0 0 1 0 1 0 -1 0 0 30153.dat
1 42 -101.954 -212 59.995 0 0 1 0 1 0 -1 0 0 30374.dat
1 129 -101.954 -192 59.995 0 0 -1 0 1 0 1 0 0 4740.dat
1 322 -101.954 -167.25 59.995 -0.866 0 0.5 0 -1 0 0.5 0 0.866 41075 - 15469.dat
1 117 -101.954 -159.25 58.995 -0.866 0 0.5 0 -1 0 0.5 0 0.866 30106.dat
0 STEP
1 30 -50 -208 0 0 0 -1 0 1 0 1 0 0 3710.dat
1 19 60 -216 0 0 0 -1 0 1 0 1 0 0 89523.dat
1 0 40 -216 -110 1 0 0 0 1 0 0 0 1 99207.dat
1 0 40 -216 110 -1 0 0 0 1 0 0 0 -1 99207.dat
1 0 120 -216 110 -1 0 0 0 1 0 0 0 -1 48336.dat
1 37 130 -216 90 -1 0 0 0 1 0 0 0 -1 6141.dat
0 STEP
1 19 80 -224 100 -1 0 0 0 1 0 0 0 -1 3795.dat
1 19 40 -224 -100 -1 0 0 0 1 0 0 0 -1 3022.dat
1 320 40 -296 110 1 0 0 0 1 0 0 0 1 3684c.dat
1 320 40 -296 -110 -1 0 0 0 1 0 0 0 -1 3684c.dat
1 320 50 -368 0 0 0 -1 0 1 0 1 0 0 41075 - 18838.dat
1 320 30 -368 0 0 0 -1 0 1 0 1 0 0 41075 - 18838.dat
0 STEP
1 0 40 -376 20 0 0 -1 0 1 0 1 0 0 2460.dat
1 0 40 -376 -20 0 0 -1 0 1 0 1 0 0 2460.dat
1 19 40 -376 -60 0 0 -1 0 1 0 1 0 0 3068b.dat
1 19 40 -376 60 0 0 -1 0 1 0 1 0 0 3068b.dat
1 19 40 -328 -110 1 0 0 0 1 0 0 0 1 44728.dat
1 19 40 -328 110 -1 0 0 0 1 0 0 0 -1 44728.dat
1 378 -50 -256 0 0 0 -1 0 1 0 1 0 0 19121.dat
1 378 -18.786 -256 -75.356 -0.707 0 -0.707 0 1 0 0.707 0 -0.707 19121.dat
1 378 -18.792 -256 75.345 0.707 0 -0.707 0 1 0 0.707 0 0.707 19121.dat
1 288 -40 -264 -40 -0.707 0 -0.707 0 1 0 0.707 0 -0.707 2429.dat
1 288 -40 -264 40 0.707 0 -0.707 0 1 0 0.707 0 0.707 2430.dat
1 288 -40 -264 40 0 0 -1 0 1 0 1 0 0 2429.dat
1 288 -40 -264 -40 0 0 -1 0 1 0 1 0 0 2430.dat
1 288 -4.644 -264 -89.498 -0.707 0 -0.707 0 1 0 0.707 0 -0.707 3023.dat
1 288 -4.65 -264 89.487 0.707 0 -0.707 0 1 0 0.707 0 0.707 3023.dat
0 STEP
1 70 40 -268 132 0 0 -1 1 0 0 0 -1 0 3795.dat
1 72 30 -268 140 0 0 1 -1 0 0 0 -1 0 14417.dat
1 19 50 -268 140 0 0 1 -1 0 0 0 -1 0 3023.dat
1 320 50 -298 156 1 0 0 0 0 1 0 -1 0 50950.dat
1 320 30 -298 156 1 0 0 0 0 1 0 -1 0 50950.dat
1 320 50 -238 156 -1 0 0 0 0 -1 0 -1 0 50950.dat
1 320 30 -238 156 -1 0 0 0 0 -1 0 -1 0 50950.dat
1 70 40 -268 -132 0 0 -1 -1 0 0 0 1 0 3795.dat
1 72 30 -268 -140 0 0 1 1 0 0 0 1 0 14417.dat
1 19 50 -268 -140 0 0 1 1 0 0 0 1 0 3023.dat
1 320 50 -238 -156 1 0 0 0 0 -1 0 1 0 50950.dat
1 320 30 -238 -156 1 0 0 0 0 -1 0 1 0 50950.dat
1 320 50 -298 -156 -1 0 0 0 0 1 0 1 0 50950.dat
1 320 30 -298 -156 -1 0 0 0 0 1 0 1 0 50950.dat
0 STEP
1 71 -16.103 -252.682 136 0.788 0.616 0 -0.616 0.788 0 0 0 1 41075 - 14418.dat
1 5 -28.908 -252.83 136 0 0.616 0.788 0 0.788 -0.616 -1 0 0 2423.dat
1 37 -78.652 -219.042 136 0 0.616 0.788 0 0.788 -0.616 -1 0 0 30153.dat
1 26 -16.103 -252.682 136 0 0.616 -0.788 0 0.788 0.616 1 0 0 11477.dat
1 71 -16.103 -252.682 -136 0.788 0.616 0 -0.616 0.788 0 0 0 1 41075 - 14418.dat
1 5 -28.908 -252.83 -136 0 0.616 0.788 0 0.788 -0.616 -1 0 0 2423.dat
1 37 -78.652 -219.042 -136 0 0.616 0.788 0 0.788 -0.616 -1 0 0 30153.dat
1 26 -16.103 -252.682 -136 0 0.616 -0.788 0 0.788 0.616 1 0 0 11477.dat
0 STEP
1 0 -20 -386 20 0 0 1 0 -1 0 1 0 0 32140.dat
1 71 -20 -376 20 0 -1 0 -1 0 0 0 0 -1 2736.dat
1 71 40 -396 40 0 -0.661 0.75 1 0 0 0 0.75 0.661 3673.dat
1 1 0 -396 20 0 1 0 -1 0 0 0 0 1 4274.dat
1 1 20 -396 20 0 1 0 -1 0 0 0 0 1 4274.dat
1 0 -20 -386 -20 0 0 1 0 1 0 -1 0 0 32140.dat
1 71 -20 -376 -20 0 -1 0 -1 0 0 0 0 -1 2736.dat
1 71 40 -396 -40 0 -0.661 0.75 -1 0 0 0 -0.75 -0.661 3673.dat
1 1 0 -396 -20 0 1 0 -1 0 0 0 0 1 4274.dat
1 1 20 -396 -20 0 1 0 -1 0 0 0 0 1 4274.dat
1 0 53.229 -406 -25 0.75 0 0.661 0 1 0 -0.661 0 0.75 32523.dat
1 0 53.229 -406 25 0.75 0 0.661 0 -1 0 0.661 0 -0.75 32523.dat
1 71 66.458 -396 10 0 -0.661 0.75 1 0 0 0 0.75 0.661 3673.dat
1 71 66.458 -396 -10 0 -0.661 0.75 -1 0 0 0 -0.75 -0.661 3673.dat
1 0 46.458 -386 0 0 1 0 0 0 -1 -1 0 0 32557.dat
1 70 66.458 -392 -10 -1 0 0 0 1 0 0 0 -1 33183.dat
1 70 66.458 -392 10 -1 0 0 0 1 0 0 0 -1 33183.dat
0 STEP
1 0 10 -404 20 -1 0 0 0 1 0 0 0 -1 88072.dat
1 85 0 -412 20 -1 0 0 0 1 0 0 0 -1 3623.dat
1 26 0 -420 20 -0.707 0 -0.707 0 1 0 0.707 0 -0.707 33291.dat
1 0 10 -404 -20 1 0 0 0 1 0 0 0 1 88072.dat
1 85 0 -412 -20 1 0 0 0 1 0 0 0 1 3623.dat
1 26 0 -420 -20 0.707 0 -0.707 0 1 0 0.707 0 0.707 33291.dat
0 STEP
1 71 -43.717 -345.198 -20 0.695 0.719 0 -0.719 0.695 0 0 0 1 41075 - 14418.dat
1 0 -49.472 -350.756 -20 0.695 0.719 0 -0.719 0.695 0 0 0 1 88072.dat
1 26 -62.173 -349.12 -20 0.491 0.719 -0.491 -0.509 0.695 0.509 0.707 0 0.707 33291.dat
1 85 -84.698 -325.794 -82.426 -0.491 0.719 -0.491 0.509 0.695 0.509 0.707 0 -0.707 2417.dat
1 37 -87.576 -328.573 -82.426 0 0.719 0.695 0 0.695 -0.719 -1 0 0 30153.dat
1 71 -43.717 -345.198 20 0.695 0.719 0 -0.719 0.695 0 0 0 1 41075 - 14418.dat
1 0 -49.472 -350.756 20 -0.695 0.719 0 0.719 0.695 0 0 0 -1 88072.dat
1 30 -55.227 -356.313 20 -0.695 0.719 0 0.719 0.695 0 0 0 -1 3023.dat
1 85 -84.698 -325.794 82.426 0.491 0.719 -0.491 -0.509 0.695 0.509 0.707 0 0.707 2417.dat
1 37 -87.576 -328.573 82.426 0 0.719 0.695 0 0.695 -0.719 -1 0 0 30153.dat
1 5 -41.333 -382.216 68.284 -0.491 0.719 0.491 0.509 0.695 -0.509 -0.707 0 -0.707 2423.dat
1 70 -56.418 -337.804 110.711 -0.657 0.719 0.226 0.68 0.695 -0.234 -0.326 0 -0.946 33183.dat
0 STEP
1 85 10 -412 100 1 0 0 0 1 0 0 0 1 2417.dat
1 2 10 -416 100 0.454 0 -0.891 0 1 0 0.891 0 0.454 19119.dat
1 5 2.509 -443.383 85.298 0.393 0.227 -0.891 -0.5 0.866 0 0.772 0.446 0.454 3742.dat
1 5 21.519 -428.235 122.607 0.155 -0.427 -0.891 0.94 0.342 0 0.305 -0.837 0.454 3742.dat
1 5 1.014 -443.383 113.838 0.472 0.272 0.839 -0.5 0.866 0 -0.726 -0.419 0.545 3742.dat
1 31 23.819 -428.235 78.721 0.186 -0.512 0.839 0.94 0.342 0 -0.287 0.788 0.545 33291.dat
1 5 26.477 -443.383 100.864 -0.865 -0.499 0.052 -0.5 0.866 0 -0.045 -0.026 -0.999 3742.dat
1 31 -15.337 -428.235 98.672 -0.342 0.938 0.052 0.94 0.342 0 -0.018 0.049 -0.999 33291.dat
1 85 10 -412 -100 -1 0 0 0 1 0 0 0 -1 2417.dat
1 2 10 -416 -100 -0.454 0 0.891 0 1 0 -0.891 0 -0.454 19119.dat
1 5 17.491 -443.383 -85.298 -0.393 -0.227 0.891 -0.5 0.866 0 -0.772 -0.446 -0.454 3742.dat
1 5 -1.519 -428.235 -122.607 -0.155 0.427 0.891 0.94 0.342 0 -0.305 0.837 -0.454 3742.dat
1 5 18.986 -443.383 -113.838 -0.472 -0.272 -0.839 -0.5 0.866 0 0.726 0.419 -0.545 3742.dat
1 31 -3.819 -428.235 -78.721 -0.186 0.512 -0.839 0.94 0.342 0 0.287 -0.788 -0.545 33291.dat
1 5 -6.477 -443.383 -100.864 0.865 0.499 -0.052 -0.5 0.866 0 0.045 0.026 0.999 3742.dat
1 31 35.337 -428.235 -98.672 0.342 -0.938 -0.052 0.94 0.342 0 0.018 -0.049 0.999 33291.dat
0 STEP
1 84 120 -208.276 159.449 1 0 0 0 0.982 0.191 0 -0.191 0.982 57518.dat
1 84 120 -204.101 189.157 1 0 0 0 0.99 0.139 0 -0.139 0.99 57518.dat
1 84 120 -201.486 219.043 1 0 0 0 0.996 0.087 0 -0.087 0.996 57518.dat
1 84 120 -200.439 249.024 1 0 0 0 0.999 0.035 0 -0.035 0.999 57518.dat
1 84 120 -200.962 279.02 1 0 0 0 1 -0.017 0 0.017 1 57518.dat
1 26 100 -220.33 174.271 0.707 0 0.707 0.098 -0.99 -0.098 0.7 0.139 -0.7 33291.dat
1 26 140 -220.33 174.271 0.707 0 0.707 0.098 -0.99 -0.098 0.7 0.139 -0.7 33291.dat
1 26 100 -215.024 232.523 0.707 0 0.707 0.025 -0.999 -0.025 0.707 0.035 -0.707 33291.dat
1 26 140 -215.024 232.523 0.707 0 0.707 0.025 -0.999 -0.025 0.707 0.035 -0.707 33291.dat
0 STEP
1 31 10 -224 -30 -0.707 0 -0.707 0 1 0 0.707 0 -0.707 33291.dat
1 378 130 -224 -20 0 0 -1 0 1 0 1 0 0 3069b.dat
1 378 130 -224 20 0 0 -1 0 1 0 1 0 0 3069b.dat
1 378 100 -224 30 1 0 0 0 1 0 0 0 1 3069b.dat
1 378 100 -224 -30 1 0 0 0 1 0 0 0 1 3069b.dat
1 378 70 -224 -20 0 0 -1 0 1 0 1 0 0 3069b.dat
1 378 70 -224 20 0 0 -1 0 1 0 1 0 0 3069b.dat
1 19 100 -224 -50 1 0 0 0 1 0 0 0 1 2431.dat
1 15 100 -224 0 1 0 0 0 1 0 0 0 1 3068b.dat
1 31 50 -224 -30 -0.707 0 -0.707 0 1 0 0.707 0 -0.707 33291.dat
1 31 10 -224 30 -0.707 0 -0.707 0 1 0 0.707 0 -0.707 33291.dat
1 31 50 -224 30 -0.707 0 -0.707 0 1 0 0.707 0 -0.707 33291.dat
1 35 90 -266 -90 1 0 0 0 1 0 0 0 1 59900.dat
1 297 90 -274 -90 1 0 0 0 1 0 0 0 1 98138.dat
1 30 40 -232 0 0 0 -1 0 1 0 1 0 0 41075 - bed.ldr
0 FILE 41075 - house.ldr
0 house
0 Name: 41075 - house.ldr
0 Author: Philippe Hurbain [Philo]
0 !LICENSE Redistributable under CCAL version 2.0 : see CAreadme.txt

1 28 0 0 0 0 0 1 0 1 0 -1 0 0 3036.dat
1 85 30 -8 -70 -1 0 0 0 1 0 0 0 -1 3623.dat
1 320 -10 -24 -60 0 0 -1 0 1 0 1 0 0 3004.dat
1 320 -10 -24 60 0 0 -1 0 1 0 1 0 0 3004.dat
1 320 -30 -24 50 0 0 -1 0 1 0 1 0 0 2357.dat
1 320 -30 -24 -50 -1 0 0 0 1 0 0 0 -1 2357.dat
1 378 -50 -48 0 0 0 -1 0 1 0 1 0 0 19121.dat
1 320 -30 -48 -50 -1 0 0 0 1 0 0 0 -1 2357.dat
1 320 -10 -48 -60 0 0 -1 0 1 0 1 0 0 3004.dat
1 320 -30 -48 50 0 0 -1 0 1 0 1 0 0 2357.dat
1 320 -10 -48 60 0 0 -1 0 1 0 1 0 0 3004.dat
0 STEP
1 19 -10 -56 -70 0 0 -1 0 1 0 1 0 0 2420.dat
1 19 -10 -56 70 -1 0 0 0 1 0 0 0 -1 2420.dat
1 19 -50 -128 50 -1 0 0 0 1 0 0 0 -1 13965.dat
1 19 -50 -128 -50 1 0 0 0 1 0 0 0 1 13965.dat
1 288 -50 -56 0 0 0 -1 0 1 0 1 0 0 3666.dat
1 288 -30 -56 0 0 0 -1 0 1 0 1 0 0 3666.dat
0 STEP
1 19 -30 -104 -50 0 0 -1 0 1 0 1 0 0 60481.dat
1 19 -30 -104 50 0 0 -1 0 1 0 1 0 0 60481.dat
1 320 -30 -128 -70 -1 0 0 0 1 0 0 0 -1 13965.dat
1 320 -30 -128 70 1 0 0 0 1 0 0 0 1 13965.dat
1 320 -30 -128 -50 -1 0 0 0 1 0 0 0 -1 2357.dat
1 320 -30 -128 50 0 0 -1 0 1 0 1 0 0 2357.dat
1 19 30 -8 -40 0 0 -1 0 1 0 1 0 0 3023.dat
1 30 10 0 -40 0 0 -1 0 1 0 1 0 0 85984.dat
1 30 50 0 -40 0 0 1 0 1 0 -1 0 0 85984.dat
0 STEP
1 288 -30 -136 0 0 0 -1 0 1 0 1 0 0 3666.dat
1 288 -50 -136 0 0 0 -1 0 1 0 1 0 0 3666.dat
1 71 -30 -136 -70 0 0 1 0 1 0 -1 0 0 3024.dat
1 72 -30 -136 -100 0 0 1 0 1 0 -1 0 0 44567.dat
1 0 -20 -136 90 0 0 1 0 1 0 -1 0 0 3021.dat
1 0 -20 -160 110 -1 0 0 0 1 0 0 0 -1 3700.dat
1 70 -30 -160 90 0 0 1 0 1 0 -1 0 0 87087.dat
1 320 -10 -160 80 0 0 1 0 1 0 -1 0 0 3004.dat
1 320 -30 -160 70 1 0 0 0 1 0 0 0 1 60477.dat
1 320 -30 -160 -50 1 0 0 0 1 0 0 0 1 60477.dat
1 0 -20 -168 90 0 0 1 0 1 0 -1 0 0 3021.dat
0 STEP
1 320 -50 -160 0 0 0 -1 0 1 0 1 0 0 3004.dat
1 0 -50 -144 40 0 0 -1 0 1 0 1 0 0 92280.dat
1 0 -50 -144 -40 0 0 1 0 1 0 -1 0 0 92280.dat
0 STEP
1 0 -50 -84 10 -1 0 0 0 1 0 0 0 -1 6266.dat
1 297 -40 -84 10 0 -1 0 -1 0 0 0 0 -1 64644.dat
1 47 -80 -84 10 0 1 0 1 0 0 0 0 -1 30153.dat
1 19 -50 -168 0 0 0 1 0 1 0 -1 0 0 44728.dat
1 1 -20 -150 120 0 0 -1 0 1 0 1 0 0 43093.dat
1 308 -20 -150 150 0 -1 0 -1 0 0 0 0 -1 10288.dat
1 288 -50 -168 -10 -1 0 0 0 1 0 0 0 -1 54200.dat
1 288 -50 -168 10 1 0 0 0 1 0 0 0 1 54200.dat
1 288 -72 -148 0 0 1 0 0 0 -1 -1 0 0 14769pm2.dat
0 STEP
1 71 -50 -178.397 -40.119 0 0 1 0.921 0.391 0 -0.391 0.921 0 60478.dat
1 288 -60 -193.681 -24.94 0 0 1 0.921 0.391 0 -0.391 0.921 0 3020.dat
1 71 -50 -206.012 -28.397 0 0 -1 -0.921 0.391 0 0.391 0.921 0 3024.dat
1 378 -70 -178.397 -40.119 0 0 -1 -0.921 0.391 0 0.391 0.921 0 3710.dat
1 288 -70 -129.246 -52.292 0 0 -1 -0.921 0.391 0 0.391 0.921 0 3623.dat
1 378 -60 -212.091 -17.126 -1 0 0 0 0.391 0.921 0 0.921 -0.391 15068.dat
1 378 -70 -138.623 -74.384 1 0 0 0 0.391 -0.921 0 0.921 0.391 50950.dat
1 378 -60 -172.317 -51.39 1 0 0 0 0.391 -0.921 0 0.921 0.391 3069b.dat
1 378 -60 -190.728 -43.576 1 0 0 0 0.391 -0.921 0 0.921 0.391 3069b.dat
1 71 -50 -178.397 40.119 0 0 -1 0.921 0.391 0 0.391 -0.921 0 60478.dat
1 288 -60 -193.681 24.94 0 0 1 -0.921 0.391 0 -0.391 -0.921 0 3020.dat
1 71 -50 -206.012 28.397 0 0 -1 0.921 0.391 0 0.391 -0.921 0 3024.dat
1 378 -70 -178.397 40.119 0 0 -1 0.921 0.391 0 0.391 -0.921 0 3710.dat
1 288 -70 -129.246 52.292 0 0 -1 0.921 0.391 0 0.391 -0.921 0 3623.dat
1 378 -60 -212.091 17.126 1 0 0 0 0.391 0.921 0 -0.921 0.391 15068.dat
1 378 -70 -138.623 74.384 -1 0 0 0 0.391 -0.921 0 -0.921 -0.391 50950.dat
1 378 -60 -172.317 51.39 -1 0 0 0 0.391 -0.921 0 -0.921 -0.391 3069b.dat
1 378 -60 -190.728 43.576 -1 0 0 0 0.391 -0.921 0 -0.921 -0.391 3069b.dat
0 FILE 41075 - minifigChain-1.ldr
0 minifigChain-1
0 Name: 41075 - minifigChain-1.ldr
0 Author: LDCad
0 !LICENSE Redistributable under CCAL version 2.0 : see CAreadme.txt

0 !CATEGORY minifig
0 !KEYWORDS flexible, chain

0 !LDCAD CONTENT [type=path] [addFallBack=default] [looped=false] [displayKind=links] [curveStep=0] [displayLenCor=0]
0 !LDCAD PATH_POINT [type=bezier] [posOri=0 0 0 1 0 0 0 1 0 0 0 1] [prevCPDist=10] [nextCPDist=10] [cirR=20] [cirDir=xyCW] [prevYRoll=0] [nextYRoll=0]
0 !LDCAD PATH_POINT [type=bezier] [posOri=-27 17 8 -1 0 0 0 -1 0 0 0 1] [prevCPDist=30.5] [nextCPDist=10] [cirR=20] [cirDir=xyCW] [prevYRoll=0] [nextYRoll=0]
0 !LDCAD PATH_POINT [type=bezier] [posOri=5 17 13 1 0 0 0 1 0 0 0 1] [prevCPDist=25] [nextCPDist=25] [cirR=20] [cirDir=xyCW] [prevYRoll=0] [nextYRoll=0]
0 !LDCAD PATH_POINT [type=bezier] [posOri=5 -183 13 1 0 0 0 1 0 0 0 1] [prevCPDist=25] [nextCPDist=25] [cirR=20] [cirDir=xyCW] [prevYRoll=0] [nextYRoll=0]

0 !LDCAD PATH_SKIN [donCol=16] [donOri=1 0 0 0 1 0 0 0 1] [donPart=209.dat] [donYSize=100%] [donCen=absCen] [donCenYOfs=7] [donFinScale=none] [donPlace=refsStat] [donYAlign=-1] [donInline=false] [segSize=14] [segSizeTol=0] [segsCnt=0] [segsGrp=1] [segsMaxMerge=1] [segsMrgAng=0] [segsMrgRollAng=0] [segsEdgeDelKind=keepFirstLeft]
0 !LDCAD PATH_SKIN [donCol=16] [donOri=0 0 1 0 -1 0 1 0 0] [donPart=209.dat] [donYSize=100%] [donCen=absCen] [donCenYOfs=7] [donFinScale=none] [donPlace=refsStat] [donYAlign=-1] [donInline=false] [segSize=14] [segSizeTol=0] [segsCnt=0] [segsGrp=1] [segsMaxMerge=1] [segsMrgAng=0] [segsMrgRollAng=0] [segsEdgeDelKind=keepFirstLeft]


0 !LDCAD GENERATED [generator=LDCad 1.6 Beta 2 RC]
0 //This is the fallback LDraw content for above PATH configuration.
0 // Do not edit, any changes will be lost upon regeneration.
0 // The path is approx 117.79 mm (294.47) and exists out of 21 segments.
0 // warning: the path could not be filled out completly resulting in 0.19 mm (0.47) dead space due to configuration induced constrains.

0 //Some general hints about the document.
0 UNOFFICIAL PART
0 BFC CERTIFY CCW

0 //Segments
1 16 -1.983355 -1.403908 0.587661 0.577752 0.793342 0.191862 -0.816212 0.561563 0.135809 0 -0.235064 0.97198 209.dat
1 16 -20.009603 -2.164837 5.928771 0.229463 -0.865193 -0.445855 -0.114297 0.430956 -0.895105 0.966583 0.256354 0 209.dat
1 16 -22.679052 1.047869 6.719719 -0.934585 0.35378 0.03729 -0.35574 -0.929436 -0.097967 0 -0.104824 0.994491 209.dat
1 16 -23.240554 22.515055 8.569062 -0.017291 0.299177 -0.954041 -0.055048 0.952451 0.299677 0.998334 0.0577 0 209.dat
1 16 -20.523717 25.215762 9.011919 -0.446324 -0.88625 -0.123919 0.894871 -0.442024 -0.061805 0 -0.138477 0.990366 209.dat
1 16 0.541259 27.345869 12.303322 -0.144507 0.956276 0.254271 0.037993 -0.251417 0.967133 0.988774 0.149418 0 209.dat
1 16 2.745411 24.450868 12.647721 0.979553 -0.201087 -0.006321 0.201187 0.979069 0.030777 0 -0.03142 0.999506 209.dat
1 16 5 1.973553 13 0 0 1 0 -1 0 1 0 0 209.dat
1 16 5 -3.026447 13 1 0 0 0 1 0 0 0 1 209.dat
1 16 5 -26.026447 13 0 0 1 0 -1 0 1 0 0 209.dat
1 16 5 -31.026447 13 1 0 0 0 1 0 0 0 1 209.dat
1 16 5 -54.026447 13 0 0 1 0 -1 0 1 0 0 209.dat
1 16 5 -59.026447 13 1 0 0 0 1 0 0 0 1 209.dat
1 16 5 -82.026447 13 0 0 1 0 -1 0 1 0 0 209.dat
1 16 5 -87.026447 13 1 0 0 0 1 0 0 0 1 209.dat
1 16 5 -110.026447 13 0 0 1 0 -1 0 1 0 0 209.dat
1 16 5 -115.026447 13 1 0 0 0 1 0 0 0 1 209.dat
1 16 5 -138.026447 13 0 0 1 0 -1 0 1 0 0 209.dat
1 16 5 -143.026447 13 1 0 0 0 1 0 0 0 1 209.dat
1 16 5 -166.026447 13 0 0 1 0 -1 0 1 0 0 209.dat
1 16 5 -171.026447 13 1 0 0 0 1 0 0 0 1 209.dat
0 FILE 41075 - observatory.ldr
0 observatory
0 Name: 41075 - observatory.ldr
0 Author: Philippe Hurbain [Philo]
0 !LICENSE Redistributable under CCAL version 2.0 : see CAreadme.txt

1 322 0 0 0 1 0 0 0 1 0 0 0 1 92438.dat
1 288 -150 -8 -70 1 0 0 0 1 0 0 0 1 30357.dat
1 288 -150 -8 90 0 0 1 0 1 0 -1 0 0 30357.dat
1 288 -150 -8 10 0 0 1 0 1 0 -1 0 0 3623.dat
1 2 0 0 160 -1 0 0 0 1 0 0 0 -1 92438.dat
1 288 130 -8 90 -1 0 0 0 1 0 0 0 -1 30357.dat
1 320 -70 -24 110 0 0 1 0 1 0 -1 0 0 4286.dat
1 320 -70 -24 130 0 0 1 0 1 0 -1 0 0 4286.dat
1 320 30 -24 130 0 0 -1 0 1 0 1 0 0 4286.dat
1 320 30 -24 110 0 0 -1 0 1 0 1 0 0 4286.dat
1 70 -20 -24 100 1 0 0 0 1 0 0 0 1 3001.dat
1 70 -20 -24 140 1 0 0 0 1 0 0 0 1 3001.dat
0 STEP
1 320 -10 -24 70 1 0 0 0 1 0 0 0 1 4286.dat
1 320 -30 -24 70 0 0 1 0 1 0 -1 0 0 4286.dat
1 26 70 -24 90 0 0 1 0 1 0 -1 0 0 59900.dat
1 26 -130 -32 -50 0 0 1 0 1 0 -1 0 0 59900.dat
1 129 70 -32 90 0 0 1 0 1 0 -1 0 0 4740.dat
1 129 -130 -40 -50 0 0 1 0 1 0 -1 0 0 4740.dat
1 320 -50 -96 120 0 0 1 0 1 0 -1 0 0 3684c.dat
1 320 10 -96 120 0 0 -1 0 1 0 1 0 0 3684c.dat
1 320 -40 -48 90 1 0 0 0 1 0 0 0 1 3004.dat
1 320 10 -48 90 1 0 0 0 1 0 0 0 1 3062b.dat
1 37 -50 -56 90 1 0 0 0 1 0 0 0 1 6141.dat
1 37 10 -56 90 1 0 0 0 1 0 0 0 1 6141.dat
1 320 -30 -96 90 0 0 1 0 1 0 -1 0 0 30099.dat
1 320 -10 -96 90 1 0 0 0 1 0 0 0 1 4460b.dat
0 STEP
1 5 -50 -64 90 0.848 0 0.53 0 1 0 -0.53 0 0.848 2423.dat
1 5 10 -64 90 0.839 0 -0.545 0 1 0 0.545 0 0.839 2423.dat
1 37 42.678 -68 39.68 0.839 0 -0.545 0 1 0 0.545 0 0.839 30153.dat
1 31 15.012 -72 45.56 0.839 0 -0.545 0 1 0 0.545 0 0.839 33291.dat
1 2 -81.795 -68 39.117 0.559 0 -0.829 0 1 0 0.829 0 0.559 19119.dat
1 5 -91.022 -95.383 25.438 0.484 0.28 -0.829 -0.5 0.866 0 0.718 0.415 0.559 3742.dat
1 5 -67.607 -80.235 60.151 0.191 -0.525 -0.829 0.94 0.342 0 0.284 -0.779 0.559 3742.dat
1 5 -89.028 -95.383 53.947 0.38 0.219 0.899 -0.5 0.866 0 -0.778 -0.449 0.438 3742.dat
1 31 -70.673 -80.235 16.313 0.15 -0.412 0.899 0.94 0.342 0 -0.307 0.845 0.438 33291.dat
1 5 -65.336 -95.383 37.966 -0.864 -0.499 -0.07 -0.5 0.866 0 0.06 0.035 -0.998 3742.dat
1 31 -107.106 -80.235 40.887 -0.341 0.937 -0.07 0.94 0.342 0 0.024 -0.066 -0.998 33291.dat
0 STEP
1 37 -50 -72 90 1 0 0 0 1 0 0 0 1 6141.dat
1 37 10 -72 90 1 0 0 0 1 0 0 0 1 6141.dat
1 320 10 -96 90 1 0 0 0 1 0 0 0 1 3062b.dat
1 320 -50 -96 90 1 0 0 0 1 0 0 0 1 3062b.dat
1 297 -50 0 30 0 0 -1 0 1 0 1 0 0 15279.dat
1 37 -40 -54 26 0.839 0 -0.545 -0.545 0 -0.839 0 1 0 30153.dat
0 STEP
1 320 -40 -48 150 1 0 0 0 1 0 0 0 1 3004.dat
1 320 -30 -24 170 0 0 1 0 1 0 -1 0 0 4286.dat
1 320 -10 -24 170 -1 0 0 0 1 0 0 0 -1 4286.dat
1 320 -30 -96 150 0 0 -1 0 1 0 1 0 0 30099.dat
1 320 -10 -96 150 -1 0 0 0 1 0 0 0 -1 4460b.dat
1 320 10 -48 150 1 0 0 0 1 0 0 0 1 3062b.dat
1 320 10 -72 150 1 0 0 0 1 0 0 0 1 3062b.dat
1 320 10 -96 150 1 0 0 0 1 0 0 0 1 3062b.dat
0 STEP
1 0 -20 -104 120 1 0 0 0 1 0 0 0 1 64799.dat
1 320 -20 -128 90 1 0 0 0 1 0 0 0 1 3004.dat
1 70 10 -200 90 -1 0 0 0 1 0 0 0 -1 76768.dat
1 70 -50 -200 90 -1 0 0 0 1 0 0 0 -1 76768.dat
1 70 -50 -200 110 0 0 -1 0 1 0 1 0 0 76768.dat
1 70 10 -200 110 0 0 1 0 1 0 -1 0 0 76768.dat
1 320 -20 -152 90 1 0 0 0 1 0 0 0 1 3004.dat
0 STEP
1 71 -10 -168 110 1 0 0 0 1 0 0 0 1 43888.dat
1 71 -30 -168 110 1 0 0 0 1 0 0 0 1 43888.dat
1 71 -10 -168 130 1 0 0 0 1 0 0 0 1 43888.dat
1 71 -30 -168 130 1 0 0 0 1 0 0 0 1 43888.dat
1 320 -50 -128 150 0 0 1 0 1 0 -1 0 0 2357.dat
1 320 10 -128 150 -1 0 0 0 1 0 0 0 -1 2357.dat
1 320 -20 -152 150 1 0 0 0 1 0 0 0 1 3004.dat
1 320 -50 -152 140 0 0 1 0 1 0 -1 0 0 3004.dat
1 320 10 -152 140 0 0 1 0 1 0 -1 0 0 3004.dat
1 19 -20 -176 120 0 0 1 0 1 0 -1 0 0 3022.dat
0 STEP
1 320 10 -176 150 -1 0 0 0 1 0 0 0 -1 2357.dat
1 320 10 -176 90 0 0 -1 0 1 0 1 0 0 2357.dat
1 320 -50 -176 90 1 0 0 0 1 0 0 0 1 2357.dat
1 320 -50 -176 150 0.017 0 1 0 1 0 -1 0 0.017 2357.dat
1 320 -20.008 -200 110.873 -1 0 0.017 0 1 0 -0.017 0 -1 3009.dat
1 320 10 -200 90 -1 0 0 0 1 0 0 0 -1 2357.dat
1 320 -50 -200 90 0.017 0 1 0 1 0 -1 0 0.017 2357.dat
1 19 -39.827 -200 140.176 0.017 0 1 0 1 0 -1 0 0.017 3003.dat
1 19 0 -184 140 0 0 1 0 1 0 -1 0 0 3022.dat
0 STEP
1 0 0 -192 170 -1 0 0 0 1 0 0 0 -1 11215.dat
1 19 0 -200 140 0 0 1 0 1 0 -1 0 0 3022.dat
1 320 -10 -192 200 0 0 1 0 1 0 -1 0 0 3004.dat
1 19 0 -200 170 -1 0 0 0 1 0 0 0 -1 3023.dat
1 19 -10 -200 200 0 0 -1 0 1 0 1 0 0 3023.dat
1 378 10 -176 200 0 0 -1 0 1 0 1 0 0 3069b.dat
1 37 -110 -200 110 1 0 0 0 1 0 0 0 1 6141.dat
1 37 -130 -200 110 1 0 0 0 1 0 0 0 1 6141.dat
0 STEP
1 19 -120 -208 110 -1 0 0 0 1 0 0 0 -1 3023.dat
1 28 -20.003 -208 180.349 -1 0 0 0 1 0 0 0 -1 30565.dat
1 0 -50 -200 20 0 0 1 0 1 0 -1 0 0 44301.dat
1 0 -50 -204.293 -17.771 1 0 0 0 -0.777 -0.629 0 0.629 -0.777 30553.dat
1 70 -50 -208.698 -23.211 1 0 0 0 0.616 -0.788 0 0.788 0.616 33183.dat
1 85 -50 -190.199 -63.927 0 0 -1 -0.788 0.616 0 0.616 0.788 0 2417.dat
1 2 -50 -161.141 -91.706 0.559 0 -0.829 -0.653 0.616 -0.441 0.51 0.788 0.344 19119.dat
1 5 -59.227 -167.221 -121.706 0.484 0.28 -0.829 -0.874 0.207 -0.441 0.048 0.938 0.344 3742.dat
1 5 -35.812 -185.249 -88.397 0.191 -0.525 -0.829 0.355 0.824 -0.441 0.915 -0.21 0.344 3742.dat
1 5 -57.233 -189.686 -104.154 0.38 0.219 0.899 0.306 0.887 -0.345 -0.873 0.406 0.27 3742.dat
1 31 -38.877 -150.704 -115.387 0.15 -0.412 0.899 0.821 -0.455 -0.345 0.551 0.789 0.27 33291.dat
1 5 -33.541 -177.093 -113.992 -0.864 -0.499 -0.07 -0.355 0.506 0.786 -0.357 0.704 -0.614 3742.dat
1 31 -75.31 -170.069 -100.257 -0.341 0.937 -0.07 0.56 0.262 0.786 0.755 0.229 -0.614 33291.dat
1 37 -90 -224.182 -42.453 0.559 0 -0.829 -0.653 0.616 -0.441 0.51 0.788 0.344 30153.dat
0 STEP
1 28 -20 -208 80 0 0 -1 0 1 0 1 0 0 41075 - house.ldr
0 STEP
1 70 -10 -48 230 0 0 -1 0 1 0 1 0 0 60481.dat
1 70 -130 -48 230 1 0 0 0 1 0 0 0 1 60481.dat
1 297 -10 -56 230 0 0 1 0 1 0 -1 0 0 15712.dat
1 297 -130 -56 230 0 0 1 0 1 0 -1 0 0 15712.dat
1 484 -70 -8 210 0 0 1 0 1 0 -1 0 0 15397.dat
1 57 -70 -16 210 0 0 1 0 1 0 -1 0 0 6141.dat
1 0 -110 -62 230 0 -1 0 -1 0 0 0 0 -1 48729b.dat
1 0 -68 -78 230 -1 0 0 0 1 0 0 0 -1 4341.dat
1 0 -24 -62 230 0 1 0 -1 0 0 0 0 1 48729b.dat
1 320 90 -216 110 1 0 0 0 1 0 0 0 1 3062b.dat
1 191 90 -224 110 1 0 0 0 1 0 0 0 1 6256.dat
0 STEP
1 4 90 -229 110 1 0 0 0 0.682 0.731 0 -0.731 0.682 33051.dat
1 25 -51.114 -77.147 230 -0.066 -0.777 0.626 -0.081 0.629 0.773 -0.995 0 -0.105 33172.dat
1 10 -55 -74 230 -0.066 -0.777 0.626 -0.081 0.629 0.773 -0.995 0 -0.105 33183.dat
1 52 -157 -143 74 1 0 0 0 0 -1 0 1 0 208.dat
1 52 -170 -342 71 0 0 1 0 -1 0 1 0 0 41075 - minifigChain-1.ldr
1 52 -170 -358 70 -1 0 0 0 0 1 0 1 0 208.dat
0 STEP
1 0 80 -348.29 22.23 1 0 0 0 -0.777 -0.629 0 0.629 -0.777 30553.dat
1 70 80 -352.695 16.79 1 0 0 0 0.616 -0.788 0 0.788 0.616 33183.dat
1 85 80 -318.359 -36.709 -1 0 0 0 0.616 0.788 0 0.788 -0.616 2417.dat
1 37 80 -320.823 -39.861 0.559 0 -0.829 -0.653 0.616 -0.441 0.51 0.788 0.344 30153.dat
1 31 40 -323.286 -43.012 0.839 0 -0.545 -0.429 0.616 -0.661 0.336 0.788 0.517 33291.dat
1 31 120 -291.773 -67.647 0.588 0 0.809 0.638 0.616 -0.463 -0.498 0.788 0.362 33291.dat
1 0 -157 -123 74 0 1 0 0 0 1 1 0 0 32126.dat
1 4 -157 -113 74 0 0 1 -1 0 0 0 -1 0 32062.dat
1 30 -157 -93 74 -1 0 0 0 1 0 0 0 -1 64951.dat
0 STEP
1 4 -165 -109 88 0.866 0 -0.5 0.265 0.848 0.459 0.424 -0.53 0.734 33051.dat
1 70 -110 -358 44.005 1 0 0 0 0 -1 0 1 0 33183.dat
1 5 -110 -358 32.002 0.966 0 0.259 0.259 0 -0.966 0 1 0 2423.dat
1 37 -125.532 -300.033 28.002 0.559 0 -0.829 -0.829 0 -0.559 0 1 -0.001 30153.dat
1 26 -101.036 -314.179 24.001 0.559 0 -0.829 -0.829 0 -0.559 0 1 -0.001 33291.dat
0 STEP
1 2 160 -8 220 -1 0 0 0 1 0 0 0 -1 3795.dat
1 288 160 -8 160 0 0 -1 0 1 0 1 0 0 3020.dat
1 288 160 -8 80 0 0 -1 0 1 0 1 0 0 3020.dat
1 322 160 -8 0 0 0 -1 0 1 0 1 0 0 3020.dat
1 19 100 -8 170 1 0 0 0 1 0 0 0 1 3023.dat
1 2 160 -8 -60 -1 0 0 0 1 0 0 0 -1 3795.dat
0 FILE 41075 - azari.ldr
0 azari
0 Name: 41075 - azari.ldr
0 Author: Philippe Hurbain [Philo]
0 !LICENSE Redistributable under CCAL version 2.0 : see CAreadme.txt

1 26 40 0 -180 1 0 0 0 1 0 0 0 1 41075 - 20380p01c01.dat
1 84 40 -76.8 -176.1 1 0 0 0 1 0 0 0 1 41075 - 92241p20.dat
1 84 51 -76.8 -176.1 1 0 0 0 1 0 0 0 1 41075 - 92244p11.dat
1 84 29 -76.8 -176.1 1 0 0 0 0.559 0.829 0 -0.829 0.559 92245.dat
1 84 40 -110 -176.1 1 0 0 0 1 0 0 0 1 41075 - 92198p14.dat
1 320 40 -110 -179.1 1 0 0 0 1 0 0 0 1 41075 - 19204p01.dat
1 36 14 -67.806 -203.204 1 0 0 0 0.829 -0.559 0 0.559 0.829 98138.dat
0 FILE 41075 - farran.ldr
0 farran
0 Name: 41075 - farran.ldr
0 Author: Philippe Hurbain [Philo]
0 !LICENSE Redistributable under CCAL version 2.0 : see CAreadme.txt

1 288 0 0 0 1 0 0 0 1 0 0 0 1 41075 - 92251p06.dat
1 288 0 -47.4 2.7 1 0 0 0 0.961 -0.276 0 0.276 0.961 92248.dat
1 78 0 -75.992 -4.25 1 0 0 0 0.961 -0.276 0 0.276 0.961 41075 - u9210p03.dat
1 78 11 -75.992 -4.25 1 0 0 0 0.961 -0.276 0 0.276 0.961 41075 - 92244p13.dat
1 78 -11 -75.992 -4.25 1 0 0 0 -0.292 0.956 0 -0.956 -0.292 92245.dat
1 78 0 -107.906 -13.401 1 0 0 0 0.961 -0.276 0 0.276 0.961 41075 - 92240p02.dat
1 308 0 -107.079 -16.285 1 0 0 0 0.961 -0.276 0 0.276 0.961 41075 - 19203p01.dat
1 34 26 -49.3 -3.8 1 0 0 0 0 -1 0 1 0 98138.dat
0 FILE 41075 - emily.ldr
0 emily
0 Name: 41075 - emily.ldr
0 Author: Philippe Hurbain [Philo]
0 !LICENSE Redistributable under CCAL version 2.0 : see CAreadme.txt

1 379 0 0 0 1 0 0 0 1 0 0 0 1 41075 - 11202p04c01.dat
1 78 0 -76.8 3.9 1 0 0 0 1 0 0 0 1 41075 - 92241p22.dat
1 78 11 -76.8 3.9 1 0 0 0 1 0 0 0 1 92244.dat
1 78 -11 -76.8 3.9 1 0 0 0 0.777 0.629 0 -0.629 0.777 92245.dat
1 78 0 -110 3.9 1 0 0 0 1 0 0 0 1 41075 - 92198p15.dat
1 70 0 -110 0.9 1 0 0 0 1 0 0 0 1 41075 - 11605.dat
1 379 30.4 -11.3 6 0 0 -1 0 1 0 1 0 0 41075 - 11245.dat
0 FILE 41075 - 14734p01.dat
0 14734p01
0 Name: 41075 - 14734p01.dat
0 Author: Philippe Hurbain [Philo]
0 !LDRAW_ORG Unofficial_Part
0 !LICENSE Redistributable under CCAL version 2.0 : see CAreadme.txt

0 BFC CERTIFY CCW

0 !KEYWORDS Friends, Elves, Enki
0 !KEYWORDS Set 41075, Set 241501

0 !HISTORY 2014-05-16 {LEGO Digital Designer} Original part shape
0 !HISTORY 2017-03-14 [Philo] File preparation for LDraw Parts Tracker

1 16 0 0 0 1 0 0 0 1 0 0 0 1 s\41075 - 14734s01.dat
1 16 0 0 0 1 0 0 0 1 0 0 0 1 s\41075 - 14734s02.dat
1 15 0 0 0 1 0 0 0 1 0 0 0 1 s\41075 - 14734s03.dat
1 272 0 0 0 1 0 0 0 1 0 0 0 1 s\41075 - 14734s04.dat
1 272 0 0 0 1 0 0 0 1 0 0 0 1 s\41075 - 14734s05.dat
1 15 0 0 0 1 0 0 0 1 0 0 0 1 s\41075 - 14734s06.dat
1 16 0 0 0 -1 0 0 0 1 0 0 0 1 s\41075 - 14734s01.dat
1 16 0 0 0 -1 0 0 0 1 0 0 0 1 s\41075 - 14734s02.dat
1 15 0 0 0 -1 0 0 0 1 0 0 0 1 s\41075 - 14734s03.dat
1 272 0 0 0 -1 0 0 0 1 0 0 0 1 s\41075 - 14734s04.dat
1 272 0 0 0 -1 0 0 0 1 0 0 0 1 s\41075 - 14734s05.dat
1 15 0 0 0 -1 0 0 0 1 0 0 0 1 s\41075 - 14734s06.dat
0 BFC INVERTNEXT
1 16 0 -48 -33 2 0 0 0 -11 0 0 0 2 4-4cylc.dat

1 16 0 0 0 1 0 0 0 1 0 0 0 1 s\41075 - 14734p01s01.dat
1 16 0 0 0 -1 0 0 0 1 0 0 0 1 s\41075 - 14734p01s01.dat

4 15 0.57 -49.964001 -44.921001 1.2 -49.891998 -44.769001 1.94 -50.323002 -44.444 2.541 -51.16 -44.042
4 15 1.38 -52.879002 -43.319 1.019 -54.702 -42.328999 0 -55.265999 -42.256001 0.98 -51.455002 -44.266998
4 16 0.57 -49.964001 -44.921001 0 -46.014 -46.198002 2.06 -47.605 -45.182999 1.2 -49.891998 -44.769001
4 15 -1.94 -50.323002 -44.444 -1.2 -49.891998 -44.769001 -0.32 -49.798 -45.035999 -2.541 -51.16 -44.042
4 15 0 -55.265999 -42.256001 -1.019 -54.702 -42.328999 -1.38 -52.879002 -43.319 0 -51.424 -44.536999
4 16 -2.06 -47.605 -45.182999 0 -46.014 -46.198002 -0.32 -49.798 -45.035999 -1.2 -49.891998 -44.769001
4 15 0.82 -51.064999 -44.540001 0.51 -51.048 -44.629002 0.57 -49.964001 -44.921001 1.06 -50.854 -44.534
4 15 1.293 -51.091 -44.403 2.541 -51.16 -44.042 1.38 -52.879002 -43.319 0.98 -51.455002 -44.266998
3 15 0 -55.265999 -42.256001 0.46 -51.575001 -44.328999 0.98 -51.455002 -44.266998
3 15 0 -55.265999 -42.256001 0 -51.424 -44.536999 0.46 -51.575001 -44.328999
4 15 -0.41 -51.042 -44.658001 0 -51.424 -44.536999 -1.38 -52.879002 -43.319 -2.541 -51.16 -44.042
3 15 -2.541 -51.16 -44.042 -0.48 -50.508999 -44.791 -0.41 -51.042 -44.658001
3 15 -2.541 -51.16 -44.042 -0.32 -49.798 -45.035999 -0.48 -50.508999 -44.791
4 16 -0.48 -50.508999 -44.791 -0.32 -49.798 -45.035999 0 -51.02 -44.777 -0.41 -51.042 -44.658001
3 16 0 -51.424 -44.536999 -0.41 -51.042 -44.658001 0 -51.02 -44.777
4 16 0.46 -51.575001 -44.328999 0 -51.424 -44.536999 0 -51.02 -44.777 0.51 -51.048 -44.629002
4 16 0.46 -51.575001 -44.328999 0.51 -51.048 -44.629002 0.82 -51.064999 -44.540001 0.98 -51.455002 -44.266998
3 16 0.98 -51.455002 -44.266998 0.82 -51.064999 -44.540001 1.293 -51.091 -44.403
3 16 1.293 -51.091 -44.403 0.82 -51.064999 -44.540001 1.06 -50.854 -44.534
4 16 0.32 -50.182999 -44.926998 0.29 -50.674999 -44.794998 0 -51.02 -44.777 0 -46.014 -46.198002
3 16 0.51 -51.048 -44.629002 0 -51.02 -44.777 0.29 -50.674999 -44.794998
3 16 0.32 -50.182999 -44.926998 0 -46.014 -46.198002 0.57 -49.964001 -44.921001
3 16 0 -51.02 -44.777 -0.32 -49.798 -45.035999 0 -46.014 -46.198002
4 15 0.29 -50.674999 -44.794998 0.32 -50.182999 -44.926998 0.57 -49.964001 -44.921001 0.51 -51.048 -44.629002
4 15 1.06 -50.854 -44.534 0.57 -49.964001 -44.921001 2.541 -51.16 -44.042 1.293 -51.091 -44.403
4 0 5.101 -44.226002 -45.480999 5.47 -43.234001 -45.342999 5.82 -43.388 -45.144001 5.8 -43.827999 -45.127998
4 0 -5.82 -43.388 -45.144001 -5.47 -43.234001 -45.342999 -5.101 -44.226002 -45.480999 -7.13 -44.464001 -44.372002
4 15 -7.37 -45.194 -44.198002 -7.73 -45.223999 -44.001999 -8.082 -45.073002 -43.820999 -7.14 -44.981998 -44.334999
4 15 -7.14 -44.981998 -44.334999 -8.082 -45.073002 -43.820999 -8.137 -43.895 -43.863998 -7.81 -43.879002 -44.041
4 15 -7.14 -44.981998 -44.334999 -7.81 -43.879002 -44.041 -7.43 -44.055 -44.235001 -7.13 -44.464001 -44.372002
4 15 -8.137 -43.895 -43.863998 -8.082 -45.073002 -43.820999 -8.31 -44.700001 -43.629002 -8.35 -44.234001 -43.627998
4 0 -8.4 -43.755001 -43.618 -8.149 -43.638 -43.873001 -8.137 -43.895 -43.863998 -8.35 -44.234001 -43.627998
4 0 -8.75 -43.634998 -43.285 -8.4 -43.755001 -43.618 -8.35 -44.234001 -43.627998 -8.72 -45.009998 -43.202
3 0 -8.72 -45.009998 -43.202 -8.35 -44.234001 -43.627998 -8.31 -44.700001 -43.629002
4 0 -8.72 -45.009998 -43.202 -8.31 -44.700001 -43.629002 -8.082 -45.073002 -43.820999 -8.3 -45.472 -43.575001
3 0 -8.036 -46.07 -43.785 -8.3 -45.472 -43.575001 -8.082 -45.073002 -43.820999
3 0 -8.036 -46.07 -43.785 -8.082 -45.073002 -43.820999 -7.73 -45.223999 -44.001999
3 0 -8.036 -46.07 -43.785 -7.73 -45.223999 -44.001999 -7.37 -45.194 -44.198002
4 0 -5.101 -44.226002 -45.480999 -8.036 -46.07 -43.785 -7.37 -45.194 -44.198002 -7.14 -44.981998 -44.334999
3 0 -7.14 -44.981998 -44.334999 -7.13 -44.464001 -44.372002 -5.101 -44.226002 -45.480999
4 0 -6.1 -43.063 -45.013 -5.82 -43.388 -45.144001 -7.13 -44.464001 -44.372002 -7.43 -44.055 -44.235001
4 0 -6.1 -43.063 -45.013 -7.43 -44.055 -44.235001 -7.81 -43.879002 -44.041 -8 -43.403999 -43.967999
