0 FILE 42004 - Mini Backhoe Loader.ldr
0 Mini Backhoe Loader
0 Name: 42004 - Mini Backhoe Loader
0 Author: Tomas Kralicek [RabbiT_CZ]
0 !LICENSE Redistributable under CCAL version 2.0 : see CAreadme.txt

1 0 0 0 0 0 -1 0 1 0 0 0 0 1 32525.dat
1 1 20 0 -100 1 0 0 0 1 0 0 0 1 6558.dat
1 1 20 0 -60 1 0 0 0 1 0 0 0 1 6558.dat
0 STEP
1 71 20 0 -20 1 0 0 0 1 0 0 0 1 87082.dat
0 STEP
1 71 20 -20 -80 0 0 1 0 1 0 -1 0 0 99009.dat
1 0 20 -20 -80 0 0 1 0 1 0 -1 0 0 99010.dat
0 STEP
1 71 20 0 0 1 0 0 0 -1 0 0 0 -1 32073.dat
1 71 20 0 40 1 0 0 0 -1 0 0 0 -1 4519.dat
1 71 20 0 100 1 0 0 0 -1 0 0 0 -1 4519.dat
1 71 20 0 60 1 0 0 0 -1 0 0 0 -1 44294.dat
1 0 20 0 20 1 0 0 0 0 1 0 -1 0 32184.dat
1 0 20 0 80 1 0 0 0 0 1 0 -1 0 32184.dat
0 STEP
1 0 40 0 0 0 -1 0 1 0 0 0 0 1 32525.dat
0 STEP
1 1 60 0 20 1 0 0 0 1 0 0 0 1 6558.dat
1 1 -20 0 20 -1 0 0 0 -1 0 0 0 1 6558.dat
0 STEP
1 0 60 0 60 0 -1 0 -1 0 0 0 0 -1 60483.dat
1 0 -20 0 60 0 -1 0 -1 0 0 0 0 -1 60483.dat
1 72 90 0 40 -1 0 0 0 1 0 0 0 -1 87083.dat
1 72 -50 0 40 1 0 0 0 -1 0 0 0 -1 87083.dat
0 STEP
1 72 20 -30 -20 0 1 0 1 0 0 0 0 -1 87083.dat
1 19 20 -20 -20 0 -1 0 0 0 -1 1 0 0 32269.dat
0 STEP
1 72 20 -30 20 0 1 0 1 0 0 0 0 -1 87083.dat
1 0 20 -20 20 -1 0 0 0 0 1 0 1 0 32270.dat
0 STEP
1 14 60 0 0 1 0 0 0 0 1 0 -1 0 6536.dat
1 14 -20 0 0 1 0 0 0 0 1 0 -1 0 6536.dat
0 STEP
1 14 0 -40 -140 1 0 0 0 1 0 0 0 1 42004 - front right side.ldr
0 STEP
1 14 40 -40 -140 0 -1 0 1 0 0 0 0 1 40490.dat
1 71 50 -40 -200 1 0 0 0 1 0 0 0 1 4274.dat
0 STEP
1 71 20 -80 -140 -1 0 0 0 -0.866 -0.5 0 -0.5 0.866 44294.dat
1 72 20 -80 -140 0 0 1 0 -1 0 1 0 0 10928.dat
0 STEP
1 0 35 -60 -140 0 -1 0 -1 0 0 0 0 -1 32250.dat
1 14 45 -60 -140 0 -1 0 -1 0 0 0 0 -1 32250.dat
0 STEP
1 0 50 -40 -140 -1 0 0 0 -1 0 0 0 1 2780.dat
1 0 50 -40 -80 -1 0 0 0 -1 0 0 0 1 2780.dat
1 14 60 -40 -80 0 1 0 1 0 0 0 0 -1 32526.dat
1 72 90 0 -160 -1 0 0 0 1 0 0 0 -1 87083.dat
1 71 80 0 -160 0 0 -1 0 1 0 1 0 0 3713.dat
0 STEP
1 14 -20 -40 -80 0 1 0 1 0 0 0 0 -1 32526.dat
1 71 -40 0 -160 0 0 1 0 1 0 -1 0 0 3713.dat
1 72 -50 0 -160 1 0 0 0 1 0 0 0 1 87083.dat
0 STEP
1 71 20 -100 -100 1 0 0 0 1 0 0 0 1 4519.dat
1 14 40 -80 -100 1 0 0 0 1 0 0 0 1 42003.dat
1 14 0 -80 -100 1 0 0 0 1 0 0 0 1 42003.dat
0 STEP
1 0 60 -80 -140 0 -1 0 0.866 0 -0.5 0.5 0 0.866 60483.dat
1 0 -20 -80 -140 0 -1 0 0.866 0 -0.5 0.5 0 0.866 60483.dat
1 71 -10 -90 -122.679 1 0 0 0 0.866 -0.5 0 0.5 0.866 4274.dat
1 71 50 -90 -122.679 -1 0 0 0 -0.866 -0.5 0 -0.5 0.866 4274.dat
0 STEP
1 0 60 0 -20 0 -1 0 1 0 0 0 0 1 32054.dat
1 0 -20 0 -20 0 -1 0 1 0 0 0 0 1 32054.dat
1 4 -20 -30 -20 0 -1 0 1 0 0 0 0 1 32062.dat
1 4 60 -30 -20 0 -1 0 1 0 0 0 0 1 32062.dat
1 14 20 -35 -20 -1 0 0 0 -1 0 0 0 1 99773.dat
1 14 20 -45 -20 -1 0 0 0 -1 0 0 0 1 99773.dat
0 STEP
1 0 20 20 -20 0 0 -1 0 1 0 1 0 0 32316.dat
0 STEP
1 0 20 -70 20 0 -1 0 0 0 -1 1 0 0 59443.dat
1 0 20 -110 20 0 1 0 1 0 0 0 0 -1 3705.dat
1 0 20 -150 20 0 -1 0 0 0 -1 1 0 0 59443.dat
0 STEP
1 0 50 0 -80 -1 0 0 0 -1 0 0 0 1 2780.dat
1 0 50 0 -40 -1 0 0 0 -1 0 0 0 1 2780.dat
1 14 60 -80 -40 0 -1 0 0 0 1 -1 0 0 32526.dat
1 1 60 -80 -40 -1 0 0 0 -0.986 0.164 0 0.164 0.986 6558.dat
0 STEP
1 0 -10 0 -40 -1 0 0 0 -1 0 0 0 1 2780.dat
1 0 -10 0 -80 -1 0 0 0 -1 0 0 0 1 2780.dat
1 14 -20 -80 -40 0 -1 0 0 0 1 -1 0 0 32526.dat
1 1 -20 -80 -40 1 0 0 0 0.986 0.164 0 -0.164 0.986 6558.dat
0 STEP
1 14 0 -80 0 1 0 0 0 1 0 0 0 1 42004 - seat.ldr
0 STEP
1 0 -20 -100 20 0 1 0 0 0 -1 -1 0 0 32525.dat
1 0 -20 -80 20 1 0 0 0 0 1 0 -1 0 32054.dat
1 1 -50 -80 20 1 0 0 0 0 1 0 -1 0 43093.dat
1 0 -30 -200 20 -1 0 0 0 -1 0 0 0 1 2780.dat
0 STEP
1 1 -10 -180 20 1 0 0 0 0 1 0 -1 0 43093.dat
1 0 20 -180 20 0 0 -1 1 0 0 0 -1 0 32034.dat
1 1 50 -180 20 -1 0 0 0 0 -1 0 -1 0 43093.dat
0 STEP
1 0 20 -190 20 0 0 1 -1 0 0 0 -1 0 3705.dat
1 71 20 -200 20 1 0 0 0 0 1 0 -1 0 3713.dat
1 0 20 -220 20 1 0 0 0 0 1 0 -1 0 32270.dat
0 STEP
1 0 60 -100 20 0 1 0 0 0 -1 -1 0 0 32525.dat
1 0 70 -200 20 -1 0 0 0 -1 0 0 0 1 2780.dat
1 1 90 -80 20 -1 0 0 0 0 -1 0 -1 0 43093.dat
1 0 60 -80 20 -1 0 0 0 0 -1 0 -1 0 32054.dat
0 STEP
1 71 80 0 40 0 -1 0 -1 0 0 0 0 -1 32523.dat
1 71 -40 0 40 0 -1 0 -1 0 0 0 0 -1 32523.dat
0 STEP
1 1 -45 -200 10 1 0 0 0 1 0 0 0 1 42004 - roof.ldr
0 STEP
1 0 -20 -200 60 -1 0 0 0 -1 0 0 0 1 32054.dat
1 71 20 -200 60 -1 0 0 0 -1 0 0 0 1 4519.dat
1 0 60 -200 60 1 0 0 0 1 0 0 0 1 32054.dat
0 STEP
1 14 85 -200 10 0 -1 0 1 0 0 0 0 1 32449.dat
1 14 75 -200 10 0 -1 0 1 0 0 0 0 1 32449.dat
1 4 70 -200 40 -1 0 0 0 -1 0 0 0 1 32062.dat
1 0 60 -200 40 0 1 0 -1 0 0 0 0 1 60483.dat
1 0 60 -200 -20 0 1 0 -1 0 0 0 0 1 32523.dat
1 0 70 -200 0 -1 0 0 0 -1 0 0 0 1 2780.dat
1 0 70 -200 -40 -1 0 0 0 -1 0 0 0 1 2780.dat
0 STEP
1 14 80 -83.288 -59.728 0 0 1 0.986 0.164 0 -0.164 0.986 0 6536.dat
1 14 -40 -83.288 -59.728 0 0 1 0.986 0.164 0 -0.164 0.986 0 6536.dat
1 0 -40 -130.983 -51.779 0 0 1 0.986 0.164 0 -0.164 0.986 0 3706.dat
1 0 80 -130.975 -51.78 0 0 1 0.986 0.164 0 -0.164 0.986 0 3706.dat
1 0 80 -200.023 -40.272 1 0 0 0 0.164 -0.986 0 0.986 0.164 32013.dat
1 0 -40 -200.031 -40.271 1 0 0 0 0.164 -0.986 0 0.986 0.164 32013.dat
0 STEP
1 0 20 -200 -60 0 0 1 1 0 0 0 1 0 32316.dat
1 47 -20 -200 -70 0 0 -1 1 0 0 0 -1 0 6141.dat
1 47 60 -200 -70 0 0 -1 1 0 0 0 -1 0 6141.dat
0 STEP
1 71 20 -90 100 -1 0 0 0 1 0 0 0 -1 42004 - backhoe.ldr
0 STEP
1 71 20 -80 60 -1 0 0 0 1 0 0 0 -1 60485.dat
1 71 60 -80 60 0 0 -1 -1 0 0 0 1 0 3713.dat
1 71 -20 -80 60 0 0 -1 -1 0 0 0 1 0 3713.dat
0 STEP
1 14 80 -83.288 79.728 0 0 1 -0.986 0.164 0 -0.164 -0.986 0 6536.dat
1 14 -40 -83.288 79.728 0 0 1 -0.986 0.164 0 -0.164 -0.986 0 6536.dat
1 0 80 -130.975 71.78 0 0 1 0.986 -0.164 0 0.164 0.986 0 3706.dat
1 0 80 -200.023 60.272 1 0 0 0 -0.164 -0.986 0 0.986 -0.164 32013.dat
1 0 -40 -130.975 71.78 0 0 1 0.986 -0.164 0 0.164 0.986 0 3706.dat
1 0 -40 -200.023 60.272 1 0 0 0 -0.164 -0.986 0 0.986 -0.164 32013.dat
0 STEP
1 14 100 -80 60 0 1 0 1 0 0 0 0 -1 32348.dat
1 14 -60 -80 60 0 1 0 1 0 0 0 0 -1 32348.dat
0 STEP
1 71 -40 -87.321 -167.321 1 0 0 0 0.866 -0.5 0 0.5 0.866 42004 - front arm 1.ldr
0 STEP
1 71 -30 -81.962 -256.603 1 0 0 0 -0.5 0.866 0 -0.866 -0.5 42004 - front arm 2.ldr
0 STEP
1 71 80 -87.321 -167.321 -1 0 0 0 0.866 0.5 0 0.5 -0.866 42004 - front arm 3.ldr
0 STEP
1 0 100 -81.962 -256.603 0 0 -1 0.077 0.997 0 0.997 -0.077 0 32270.dat
0 STEP
1 71 20 -17.321 -288.564 1 0 0 0 -0.259 -0.966 0 0.966 -0.259 44294.dat
1 0 20 -17.321 -288.564 1 0 0 0 0.966 -0.259 0 0.259 0.966 2951.dat
1 71 80 -17.321 -288.564 0 0 -1 0.259 -0.966 0 -0.966 -0.259 0 3713.dat
1 71 -40 -17.321 -288.564 0 0 -1 0.259 -0.966 0 -0.966 -0.259 0 3713.dat
0 STEP
1 71 60 -55.958 -298.917 1 0 0 0 -0.942 -0.335 0 0.335 -0.942 4274.dat
1 71 -20 -55.958 -298.917 -1 0 0 0 0.215 -0.977 0 -0.977 -0.215 4274.dat
0 STEP
1 14 110 0 -160 0 0 1 0 -1 0 1 0 0 56145.dat
1 256 110 0 -160 0 0 1 0 -1 0 1 0 0 61481.dat
1 14 110 0 40 0 0 1 0 -1 0 1 0 0 56145.dat
1 256 110 0 40 0 0 1 0 -1 0 1 0 0 61481.dat
1 14 -70 0 40 0 0 -1 0 1 0 1 0 0 56145.dat
1 256 -70 0 40 0 0 -1 0 1 0 1 0 0 61481.dat
1 14 -70 0 -160 0 0 -1 0 1 0 1 0 0 56145.dat
1 256 -70 0 -160 0 0 -1 0 1 0 1 0 0 61481.dat
0 STEP
1 14 115 0 -160 0 0 -1 0 1 0 1 0 0 32123b.dat
1 14 115 0 40 0 0 -1 0 1 0 1 0 0 32123b.dat
1 14 -75 0 40 0 0 -1 0 1 0 1 0 0 32123b.dat
1 14 -75 0 -160 0 0 -1 0 1 0 1 0 0 32123b.dat
0 FILE 42004 - front right side.ldr
0 front right side
0 Name: 42004 - front right side.ldr
0 Author: Tomas Kralicek [RabbiT_CZ]
0 !LICENSE Redistributable under CCAL version 2.0 : see CAreadme.txt
1 14 0 0 0 0 -1 0 1 0 0 0 0 1 40490.dat
1 1 20 0 -80 1 0 0 0 1 0 0 0 1 6558.dat
1 1 20 0 80 1 0 0 0 1 0 0 0 1 6558.dat
1 1 20 0 40 1 0 0 0 1 0 0 0 1 6558.dat
0 STEP
1 71 -10 0 -60 -1 0 0 0 -1 0 0 0 1 4274.dat
1 0 -10 0 0 -1 0 0 0 -1 0 0 0 1 2780.dat
1 0 -10 0 60 -1 0 0 0 -1 0 0 0 1 2780.dat
1 0 20 -20 -80 0 1 0 0 0 1 1 0 0 60483.dat
1 71 20 -20 -80 1 0 0 0 1 0 0 0 1 4519.dat
1 0 5 -20 0 0 -1 0 -1 0 0 0 0 -1 32250.dat
1 14 -5 -20 0 0 -1 0 -1 0 0 0 0 -1 32250.dat
1 71 20 -60 0 1 0 0 0 1 0 0 0 1 4519.dat
1 1 20 -20 -20 1 0 0 0 1 0 0 0 1 6558.dat
1 0 20 0 -20 0 -1 0 0 0 -1 1 0 0 60483.dat
1 71 20 0 -20 1 0 0 0 1 0 0 0 1 32073.dat
0 STEP
1 0 20 -70 20 1 0 0 0 1 0 0 0 1 42004 - exhaust.ldr
0 FILE 42004 - exhaust.ldr
0 exhaust
0 Name: 42004 - exhaust.ldr
0 Author: Tomas Kralicek [RabbiT_CZ]
0 !LICENSE Redistributable under CCAL version 2.0 : see CAreadme.txt
1 72 0 0 0 0 -1 0 1 0 0 0 0 1 55013.dat
1 71 0 70 0 -1 0 0 0 -1 0 0 0 1 87082.dat
0 STEP
1 71 0 40 0 0 1 0 0 0 1 1 0 0 4716.dat
1 0 0 10 0 -1 0 0 0 0 1 0 1 0 32184.dat
0 STEP
1 14 0 -5 0 -1 0 0 0 0 1 0 1 0 32123b.dat
1 14 0 -15 0 -1 0 0 0 0 1 0 1 0 32123b.dat
0 STEP
1 0 0 -40 0 0 0 -1 -1 0 0 0 1 0 62462.dat
1 0 0 -80 0 1 0 0 0 0 -1 0 1 0 59443.dat
0 STEP
0 FILE 42004 - seat.ldr
0 seat
0 Name: 42004 - seat.ldr
0 Author: Tomas Kralicek [RabbiT_CZ]
0 !LICENSE Redistributable under CCAL version 2.0 : see CAreadme.txt
1 14 0 0 0 0 -1 0 1 0 0 0 0 1 32524.dat
1 1 20 0 -20 1 0 0 0 1 0 0 0 1 6558.dat
1 1 20 0 0 1 0 0 0 1 0 0 0 1 6558.dat
0 STEP
1 1 20 -60 0 0 -1 0 0 0 1 -1 0 0 32140.dat
1 4 20 -60 0 -1 0 0 0 -1 0 0 0 1 32062.dat
1 1 5 -60 0 0 -1 0 0 0 1 -1 0 0 6632.dat
1 1 35 -60 0 0 -1 0 0 0 1 -1 0 0 6632.dat
0 STEP
1 1 10 0 -60 1 0 0 0 0.866 -0.5 0 0.5 0.866 43093.dat
1 14 20 0 -60 -1 0 0 0 -0.866 -0.5 0 -0.5 0.866 6536.dat
1 71 20 -22.321 -61.34 0 0 -1 -0.5 0.866 0 0.866 0.5 0 4274.dat
1 0 20 -26.321 -54.412 -1 0 0 0 0.5 -0.866 0 -0.866 -0.5 30663.dat
0 STEP
1 14 40 0 0 0 -1 0 1 0 0 0 0 1 32524.dat
0 FILE 42004 - roof.ldr
0 roof
0 Name: 42004 - roof.ldr
0 Author: Tomas Kralicek [RabbiT_CZ]
0 !LICENSE Redistributable under CCAL version 2.0 : see CAreadme.txt
1 14 0 0 0 0 -1 0 1 0 0 0 0 1 32449.dat
1 4 15 0 30 -1 0 0 0 -1 0 0 0 1 32062.dat
1 14 10 0 0 0 -1 0 1 0 0 0 0 1 32449.dat
0 STEP
1 71 65 0 -30 -1 0 0 0 -1 0 0 0 1 44294.dat
1 0 15 0 -10 -1 0 0 0 -1 0 0 0 1 2780.dat
0 STEP
1 0 25 0 -30 0 1 0 -1 0 0 0 0 1 32523.dat
1 0 25 0 30 0 1 0 -1 0 0 0 0 1 60483.dat
0 STEP
1 0 15 0 -50 -1 0 0 0 -1 0 0 0 1 2780.dat
1 71 45 0 -50 -1 0 0 0 1 0 0 0 -1 32039.dat
1 71 65 0 -30 0 0 -1 -1 0 0 0 1 0 3713.dat
0 STEP
1 71 85 0 -50 -1 0 0 0 1 0 0 0 -1 32039.dat
0 STEP
1 1 45 0 -60 0 0 -1 0 1 0 1 0 0 43093.dat
1 1 85 0 -60 0 0 -1 0 1 0 1 0 0 43093.dat
0 STEP
0 FILE 42004 - backhoe.ldr
0 backhoe
0 Name: 42004 - backhoe.ldr
0 Author: Tomas Kralicek [RabbiT_CZ]
0 !LICENSE Redistributable under CCAL version 2.0 : see CAreadme.txt
1 72 0 0 0 0 -1 0 1 0 0 0 0 1 55013.dat
1 14 0 70 0 -1 0 0 0 0 1 0 1 0 42003.dat
0 STEP
1 71 0 40 0 -1 0 0 0 0 1 0 1 0 4716.dat
1 14 0 10 0 -1 0 0 0 0 1 0 1 0 42003.dat
0 STEP
1 71 0 10 -20 -1 0 0 0 0 1 0 1 0 4519.dat
1 14 -20 10 -20 0 -1 0 0 0 1 -1 0 0 32140.dat
1 1 0 70 -40 1 0 0 0 -0.866 0.5 0 -0.5 -0.866 6558.dat
0 STEP
1 71 0 70 -20 -1 0 0 0 0 1 0 1 0 4519.dat
1 71 0 -10 0 -1 0 0 0 0 1 0 1 0 3713.dat
1 0 0 -80 0 -1 0 0 0 0 1 0 1 0 59443.dat
0 STEP
1 0 0 30 -20 -1 0 0 0 0.816 0.579 0 0.579 -0.816 3705.dat
1 72 0 30 -20 0 0 1 -0.816 0.579 0 -0.579 -0.816 0 10928.dat
0 STEP
1 14 0 -16.603 -90 0 -1 0 -0.5 0 -0.866 0.866 0 -0.5 32525.dat
1 14 20 10 -20 0 -1 0 0 0 1 -1 0 0 32140.dat
0 STEP
1 14 -35 5.535 -37.363 0 -1 0 -0.579 0 -0.816 0.816 0 -0.579 32449.dat
1 0 0 -18.93 -54.725 -1 0 0 0 -0.579 0.816 0 0.816 0.579 3705.dat
1 71 -20 -0.446 -62.363 0 1 0 -0.382 0 -0.924 -0.924 0 0.382 32523.dat
1 71 0 -18.93 -54.725 0 0 1 -0.816 0.579 0 -0.579 -0.816 0 3713.dat
0 STEP
1 19 0 18.038 -70 1 0 0 0 0.072 0.997 0 -0.997 0.072 32556.dat
0 STEP
1 71 20 -0.446 -62.363 0 1 0 -0.382 0 -0.924 -0.924 0 0.382 32523.dat
1 14 35 5.535 -37.363 0 -1 0 -0.579 0 -0.816 0.816 0 -0.579 32449.dat
0 STEP
1 72 -30 -68.564 -120 1 0 0 0 -0.636 0.771 0 -0.771 -0.636 87083.dat
1 14 -20 -6.852 -170.908 0 -1 0 0.636 0 -0.771 0.771 0 0.636 40490.dat
0 STEP
1 0 -40 -68.564 -120 0 1 0 0.636 0 0.771 0.771 0 -0.636 33299.dat
0 STEP
1 0 -60 -68.564 -120 0 0 -1 0.636 0.771 0 0.771 -0.636 0 32270.dat
1 0 0 -103.205 -140 1 0 0 0 -0.255 -0.967 0 0.967 -0.255 32054.dat
0 STEP
1 0 -10 54.859 -221.817 1 0 0 0 0.657 0.754 0 -0.754 0.657 2780.dat
1 71 0 72.939 -200.066 0 0 1 -0.092 -0.996 0 0.996 -0.092 0 63869.dat
1 0 10 51.188 -181.986 1 0 0 0 0.967 -0.254 0 0.254 0.967 2780.dat
1 71 0 72.939 -200.066 0 1 0 0.092 0 -0.996 -0.996 0 -0.092 4519.dat
1 0 0 69.268 -160.234 -1 0 0 0 0.846 0.534 0 0.534 -0.846 30394.dat
1 0 0 70.186 -170.192 -1 0 0 0 0.996 0.092 0 0.092 -0.996 30552.dat
0 STEP
1 14 20 -26.009 -160.993 0 -1 0 -0.262 0 0.965 -0.965 0 -0.262 40490.dat
0 STEP
1 0 0 80 20 0 -1 0 -1 0 0 0 0 -1 2780.dat
1 1 0 0 20 0 -1 0 -1 0 0 0 0 -1 43093.dat
1 71 0 -10 20 0 0 -1 -1 0 0 0 1 0 63869.dat
0 FILE 42004 - front arm 1.ldr
0 front arm 1
0 Name: 42004 - front arm 1.ldr
0 Author: Tomas Kralicek [RabbiT_CZ]
0 !LICENSE Redistributable under CCAL version 2.0 : see CAreadme.txt
1 14 0 0 0 0 -1 0 -1 0 0 0 0 -1 32526.dat
1 0 10 0 0 1 0 0 0 -1 0 0 0 -1 2780.dat
1 0 10 0 -80 1 0 0 0 -1 0 0 0 -1 2780.dat
1 0 10 0 -60 1 0 0 0 -1 0 0 0 -1 2780.dat
0 STEP
1 14 15 0 -100 0 1 0 1 0 0 0 0 -1 32017.dat
0 STEP
1 14 15 0 -10 0 1 0 1 0 0 0 0 -1 32449.dat
1 1 10 0 -40 1 0 0 0 -1 0 0 0 -1 43093.dat
0 STEP
1 14 25 0 -40 0 1 0 1 0 0 0 0 -1 32065.dat
0 STEP
1 4 10 0 20 -1 0 0 0 1 0 0 0 -1 32062.dat
1 71 5 20 20 0 -1 0 0 0 -1 1 0 0 41677.dat
1 71 -5 20 20 0 -1 0 0 0 -1 1 0 0 41677.dat
0 FILE 42004 - front arm 2.ldr
0 front arm 2
0 Name: 42004 - front arm 2.ldr
0 Author: Tomas Kralicek [RabbiT_CZ]
0 !LICENSE Redistributable under CCAL version 2.0 : see CAreadme.txt
1 19 0 0 0 1 0 0 0 0.902 -0.432 0 0.432 0.902 3749.dat
1 14 5 0 0 0 0 1 0.432 0.902 0 -0.902 0.432 0 32123b.dat
0 STEP
1 14 15 0 0 0 -1 0 -0.902 0 0.432 -0.432 0 -0.902 6632.dat
0 STEP
1 4 30 17.29 -36.07 1 0 0 0 -0.902 0.432 0 -0.432 -0.902 32062.dat
1 14 25 20.467 3.804 0 1 0 0.997 0 -0.079 -0.079 0 -0.997 32017.dat
0 STEP
1 0 50 17.29 -36.07 0 0 -1 -0.432 0.902 0 0.902 0.432 0 59443.dat
1 4 70 17.29 -36.07 1 0 0 0 -0.902 0.432 0 -0.432 -0.902 32062.dat
0 STEP
1 14 75 20.467 3.804 0 1 0 0.997 0 -0.079 -0.079 0 -0.997 32017.dat
1 14 85 0 0 0 -1 0 -0.902 0 0.432 -0.432 0 -0.902 6632.dat
0 STEP
1 71 110 0 0 1 0 0 0 -0.902 0.432 0 -0.432 -0.902 4519.dat
1 14 95 0 0 0 0 1 0.432 0.902 0 -0.902 0.432 0 32123b.dat
0 FILE 42004 - front arm 3.ldr
0 front arm 3
0 Name: 42004 - front arm 3.ldr
0 Author: Tomas Kralicek [RabbiT_CZ]
0 !LICENSE Redistributable under CCAL version 2.0 : see CAreadme.txt
1 14 0 0 0 0 1 0 -1 0 0 0 0 1 32526.dat
1 0 10 0 80 1 0 0 0 1 0 0 0 1 2780.dat
1 0 10 0 60 1 0 0 0 1 0 0 0 1 2780.dat
1 0 10 0 0 1 0 0 0 1 0 0 0 1 2780.dat
0 STEP
1 14 15 0 100 0 -1 0 1 0 0 0 0 1 32017.dat
0 STEP
1 1 10 0 40 1 0 0 0 1 0 0 0 1 43093.dat
1 14 15 0 10 0 -1 0 1 0 0 0 0 1 32449.dat
0 STEP
1 14 25 0 40 0 -1 0 1 0 0 0 0 1 32065.dat
0 STEP
1 4 10 0 -20 -1 0 0 0 -1 0 0 0 1 32062.dat
1 71 5 20 -20 0 -1 0 0 0 -1 1 0 0 41677.dat
1 71 -5 20 -20 0 -1 0 0 0 -1 1 0 0 41677.dat
