0 42026.L3B
0 Name: 42026_Final.ldr
0 WRITE Author: Juraj
0 WORLD  0 0 0 1 0 0 0 1 0 0 0 1
0 CENTRE  0 0 0
0 LOOKAT  0 0 0
0 ZOOM  50
0 ROTANGLE 0
0 ROTATION CENTER 0 0 0 1 "Custom" 
0 ROTATION CONFIG 0 0
1 71 0 0 0 0 1 0 -1 0 0 0 0 1 32525.dat
1 19 20 0 80 1 0 0 0 1 0 0 0 1 32556.dat
1 0 -10 0 100 1 0 0 0 1 0 0 0 1 2780.dat
0 STEP
1 0 -10 0 40 1 0 0 0 1 0 0 0 1 2780.dat
1 1 20 0 20 1 0 0 0 1 0 0 0 1 32556.dat
1 0 -10 0 0 1 0 0 0 1 0 0 0 1 2780.dat
0 STEP
0 Assembly 1
1 72 20 0 20 1 0 0 0 1 0 0 0 1 u9181.dat
0 Assembly 1
1 72 20 0 20 1 0 0 0 1 0 0 0 1 u9182.dat
0 Assembly 1
1 79 20 -20 120 1 0 0 0 1 0 0 0 1 u9029.dat
0 Assembly 1
1 494 28 -40 140 0 -1 0 0 0 1.2 1.2 0 0 u9022.dat
0 Assembly 1
1 494 28 -20 20 0 -1 0 0 0 1.2 1.2 0 0 u9022.dat
0 Assembly 1
1 494 28 -80 20 0 -1 0 0 0 1.2 1.2 0 0 u9022.dat
0 STEP
1 0 -10 0 -100 1 0 0 0 1 0 0 0 1 2780.dat
1 1 20 0 -80 1 0 0 0 1 0 0 0 1 32556.dat
1 1 20 0 -60 1 0 0 0 1 0 0 0 1 32556.dat
1 1 10 0 -20 1 0 0 0 1 0 0 0 1 3749.dat
1 71 20 0 -20 -1 0 0 0 0 1 0 1 0 6536.dat
0 STEP
1 25 20 0 -40 0 -1 0 -1 0 0 0 0 -1 32271.dat
1 71 20 0 -40 1 0 0 0 -1 0 0 0 -1 4519.dat
0 STEP
1 71 40 0 0 0 1 0 -1 0 0 0 0 1 32525.dat
0 STEP
1 0 50 0 0 1 0 0 0 1 0 0 0 1 2780.dat
1 0 50 0 40 1 0 0 0 1 0 0 0 1 2780.dat
1 1 40 0 -100 -1 0 0 0 -1 0 0 0 1 32556.dat
1 1 40 0 100 -1 0 0 0 -1 0 0 0 1 32556.dat
1 1 20 -80 120 -1 0 0 0 -1 0 0 0 1 32556.dat
1 1 20 -80 140 -1 0 0 0 -1 0 0 0 1 32556.dat
0 STEP
1 0 40 -80 140 -1 0 0 0 0 1 0 1 0 32557.dat
1 0 0 -80 140 -1 0 0 0 0 1 0 1 0 32557.dat
1 0 50 -90 160 0 1 0 -1 0 0 0 0 1 2780.dat
1 0 -10 -90 160 0 1 0 -1 0 0 0 0 1 2780.dat
0 STEP
1 0 20 -20 120 1 0 0 0 1 0 0 0 1 3708.dat
1 71 60 -20 120 0 0 -1 0 1 0 1 0 0 3713.dat
1 71 80 -20 120 0 0 -1 0 1 0 1 0 0 3713.dat
1 71 -20 -20 120 0 0 -1 0 1 0 1 0 0 3713.dat
1 71 -40 -20 120 0 0 -1 0 1 0 1 0 0 3713.dat
0 STEP
1 25 10 -100 200 0 1 0 0 0 1 1 0 0 60483.dat
1 4 20 -100 200 1 0 0 0 0 1 0 -1 0 32062.dat
1 25 30 -100 200 0 1 0 0 0 1 1 0 0 60483.dat
1 0 40 -80 200 1 0 0 0 0 1 0 -1 0 2780.dat
1 0 0 -80 200 1 0 0 0 0 1 0 -1 0 2780.dat
1 0 70 -100 160 1 0 0 0 0 1 0 -1 0 87080.dat
1 0 -30 -100 160 1 0 0 0 0 1 0 -1 0 87086.dat
1 71 20 -32 -184 1 0 0 0 -1 0 0 0 -1 4519.dat
1 1 20 0 -120 -1 0 0 0 -1 0 0 0 1 32556.dat
0 STEP
1 25 0 -32 -304 0 -1 0 1 0 0 0 0 1 32271.dat
1 71 20 -32 -304 1 0 0 0 1 0 0 0 1 4519.dat
1 71 20 0 -160 1 0 0 0 1 0 0 0 1 4519.dat
1 1 20 -32 -264 1 0 0 0 1 0 0 0 1 32556.dat
1 1 20 -32 -224 1 0 0 0 1 0 0 0 1 32556.dat
1 1 20 -16 -172 1 0 0 0 1 0 0 0 1 32556.dat
1 0 20 -32 -324 0 1 0 -1 0 0 0 0 1 32524.dat
0 STEP
1 0 0 -31.5204 -144.626 0 1 0 -0.615661 0 0.788011 0.788011 0 0.615661 32316.dat
1 71 20 -47.2807 -156.94 -1 0 0 0 0.615661 -0.788011 0 -0.788011 -0.615661 87082.dat
1 71 20 -67.5975 -130.935 -1 0 0 0 0.615661 -0.788011 0 -0.788011 -0.615661 40001.dat
1 1 20 -53.4373 -149.06 0 1 0 -0.615661 0 0.788011 0.788011 0 0.615661 3749.dat
0 STEP
1 25 20 -63.3223 -169.055 0 1 0 0.980781 0 0.195112 0.195112 0 -0.980781 32140.dat
1 71 20 -63.3223 -169.055 -1 0 0 0 0.980781 0.195112 0 0.195112 -0.980781 4519.dat
0 STEP
1 0 40 -31.8019 -144.429 0 1 0 -0.615661 0 0.788011 0.788011 0 0.615661 32316.dat
1 25 40 -32 -304 0 -1 0 1 0 0 0 0 1 32271.dat
0 STEP
1 25 -20 0 -60 0 1 0 1 0 0 0 0 -1 11947.dat
1 1 -20 0 -50 0 0 1 0 1 0 -1 0 0 3749.dat
1 0 -20 0 -40 0 1 0 -1 0 0 0 0 1 64391.dat
1 0 -60 -20 -50 0 0 -1 0 1 0 1 0 0 2780.dat
1 19 -20 -20 -40 0 0 1 0 -1 0 1 0 0 32556.dat
0 STEP
1 25 60 0 -60 0 -1 0 -1 0 0 0 0 -1 11946.dat
1 1 60 0 -50 0 0 1 0 1 0 -1 0 0 3749.dat
1 0 60 0 -40 0 -1 0 1 0 0 0 0 1 64683.dat
1 19 60 -20 -40 0 0 1 0 -1 0 1 0 0 32556.dat
1 0 100 -20 -50 0 0 -1 0 1 0 1 0 0 2780.dat
1 71 20 -20 0 -1 0 0 0 1 0 0 0 -1 87082.dat
1 0 20 -10 0 0 0 -1 -1 0 0 0 1 0 2780.dat
1 71 60 -20 100 0 0 1 0 1 0 -1 0 0 6536.dat
1 71 -20 -20 100 0 0 1 0 1 0 -1 0 0 6536.dat
1 1 60 -20 90 0 0 -1 0 1 0 1 0 0 3749.dat
1 1 -20 -20 90 0 0 -1 0 1 0 1 0 0 3749.dat
1 72 35 -77.3783 -42.4577 0 1 0 0.292372 0 0.956305 0.956305 0 -0.292372 6632.dat
1 4 20 -77.3783 -42.4577 -1 0 0 0 0.292372 0.956305 0 0.956305 -0.292372 32062.dat
1 4 20 -39.1261 -54.1526 -1 0 0 0 0.292372 0.956305 0 0.956305 -0.292372 32062.dat
1 25 20 -77.3783 -42.4577 0 -1 0 -0.292372 0 0.956305 -0.956305 0 -0.292372 32140.dat
1 72 6 -77.3783 -42.4577 0 1 0 0.292372 0 0.956305 0.956305 0 -0.292372 6632.dat
1 1 20 -20 -60 1 0 0 0 0.927184 0.374607 0 -0.374607 0.927184 32556.dat
1 0 40 -20 -60 -1 0 0 0 1 0 0 0 -1 32013.dat
1 0 0 -20 -60 -1 0 0 0 1 0 0 0 -1 32013.dat
1 1 40 -20 -30 0 0 1 0 1 0 -1 0 0 3749.dat
1 1 0 -20 -30 0 0 1 0 1 0 -1 0 0 3749.dat
1 71 20 -20 -20 0 0 1 1 0 0 0 1 0 32524.dat
1 0 20 -120 0 -1 0 0 0 0 1 0 1 0 60484.dat
1 0 40 -80 -10 0 0 -1 0 1 0 1 0 0 2780.dat
1 0 0 -80 -10 0 0 -1 0 1 0 1 0 0 2780.dat
1 0 60 -60 -20 1 0 0 0 1 0 0 0 1 64683.dat
1 0 -20 -60 -20 1 0 0 0 1 0 0 0 1 64391.dat
1 0 60 -50 20 0 0 -1 -1 0 0 0 1 0 2780.dat
1 0 60 -50 60 0 0 -1 -1 0 0 0 1 0 2780.dat
1 0 -20 -50 60 0 0 -1 -1 0 0 0 1 0 2780.dat
1 0 -20 -50 20 0 0 -1 -1 0 0 0 1 0 2780.dat
1 0 60 -40 60 1 0 0 0 -1 0 0 0 -1 32526.dat
1 0 -20 -40 60 -1 0 0 0 1 0 0 0 -1 32526.dat
1 0 -60 -30 -20 0 0 -1 -1 0 0 0 1 0 2780.dat
1 0 100 -30 -20 0 0 -1 -1 0 0 0 1 0 2780.dat
0 STEP
1 0 -20 -40 -60 0 1 0 1 0 0 0 0 -1 87086.dat
1 0 -20 -50 -40 -1 0 0 0 0 -1 0 -1 0 43857.dat
1 0 -20 -40 -52 0 0 1 0 1 0 -1 0 0 2780.dat
1 0 -20 -60 -40 0 0 -1 0 1 0 1 0 0 32054.dat
1 0 60 -60 -40 0 0 -1 0 1 0 1 0 0 32054.dat
1 0 60 -50 -40 -1 0 0 0 0 -1 0 -1 0 43857.dat
1 0 60 -40 -50 0 0 -1 0 1 0 1 0 0 2780.dat
1 0 60 -40 -60 0 -1 0 -1 0 0 0 0 -1 87080.dat
0 STEP
1 0 20 -32 -284 1 0 0 0 1 0 0 0 1 3708.dat
1 71 80 -32 -284 0 0 -1 0 1 0 1 0 0 3713.dat
1 71 60 -32 -284 0 0 -1 0 1 0 1 0 0 3713.dat
1 71 -20 -32 -284 0 0 -1 0 1 0 1 0 0 3713.dat
1 71 -40 -32 -284 0 0 -1 0 1 0 1 0 0 3713.dat
0 STEP
1 1 20 -32 -344 1 0 0 0 1 0 0 0 1 32556.dat
1 25 40 -12 -344 0 1 0 0 0 -1 -1 0 0 60483.dat
1 25 0 -12 -344 0 1 0 0 0 -1 -1 0 0 60483.dat
1 71 20 -12 -344 1 0 0 0 0 -1 0 1 0 32073.dat
1 71 20 -12 -344 -1 0 0 0 0 1 0 1 0 6536.dat
1 25 60 -12 -344 0 0 1 1 0 0 0 1 0 11946.dat
1 25 -20 -12 -344 0 0 -1 -1 0 0 0 1 0 11947.dat
0 STEP
1 0 20 -32 -384 -1 0 0 0 -0.241922 0.970296 0 0.970296 0.241922 41678.dat
1 4 20 -32 -384 -1 0 0 0 -0.241922 0.970296 0 0.970296 0.241922 32062.dat
1 0 30 -56.2443 -369.433 0 0 1 0.241922 0.970296 0 -0.970296 0.241922 0 32054.dat
1 0 10 -56.2443 -369.433 0 0 1 0.241922 0.970296 0 -0.970296 0.241922 0 32054.dat
1 0 20 -56.2443 -369.433 0 0 1 -0.970296 0.241922 0 -0.241922 -0.970296 0 43857.dat
0 STEP
1 71 120 -20 120 0 0 1 0 -1 0 1 0 0 3713.dat
1 0 110 -20 120 0 0 1 0 1 0 -1 0 0 56145.dat
1 71 120 -32 -284 0 0 1 0 -1 0 1 0 0 3713.dat
1 71 -80 -32 -284 0 0 -1 0 -1 0 -1 0 0 3713.dat
1 71 -80 -20 120 0 0 -1 0 -1 0 -1 0 0 3713.dat
1 256 110 -20 120 0 0 1 0 1 0 -1 0 0 55978.dat
1 0 110 -32 -284 0 0 1 0 1 0 -1 0 0 56145.dat
1 256 110 -32 -284 0 0 1 0 1 0 -1 0 0 55978.dat
1 0 -70 -32 -284 0 0 -1 0 1 0 1 0 0 56145.dat
1 256 -70 -32 -284 0 0 -1 0 1 0 1 0 0 55978.dat
1 0 -70 -20 120 0 0 -1 0 1 0 1 0 0 56145.dat
1 256 -70 -20 120 0 0 -1 0 1 0 1 0 0 55978.dat

0 SYNTH BEGIN FLEXIBLE_AXLE 0
0 SYNTH SHOW
0 MLCAD HIDE 1 2 30 -57.4539 -360.581 0 0 1 -0.970296 0.241922 0 -0.241922 -0.970296 0 LS02.dat
0 MLCAD HIDE 1 0 63 -72 -165 0 0 1 -1 0 0 0 -1 0 LS02.dat
0 MLCAD HIDE 1 4 60 -60 -51 0 0 1 -1 0 0 0 -1 0 LS02.dat
0 SYNTH SYNTHESIZED BEGIN
1 0 30 -67.1308 -321.769 0 0 1 -0.9703 0.2419 0 -0.2419 -0.9703 0 LS40.dat
1 0 30 -67.1308 -321.769 0.0002 0.0935 0.9998 -0.9738 -1.0126 0.0049 -0.2273 4.3379 -0.0204 LS41.dat
1 0 30.0682 -67.8694 -318.605 0.0005 0.3193 0.9981 -0.9801 -1.0259 0.0127 -0.1986 5.0646 -0.0604 LS41.dat
1 0 30.313 -68.656 -314.722 0.0018 0.6311 0.9948 -0.9856 -1.04 0.0191 -0.1693 6.0629 -0.1003 LS41.dat
1 0 30.8205 -69.4925 -309.846 0.0042 1.0913 0.9899 -0.9902 -1.0554 0.0238 -0.1393 7.5372 -0.14 LS41.dat
1 0 31.7396 -70.3814 -303.498 0.0074 1.807 0.9835 -0.9941 -1.0509 0.0269 -0.1084 9.7636 -0.1791 LS41.dat
1 0 33.3393 -71.3118 -294.854 0.0111 2.6799 0.9762 -0.9969 -0.9117 0.0277 -0.0779 12.05 -0.215 LS41.dat
1 0 35.8256 -72.1576 -283.675 0.0139 2.9259 0.97 -0.9985 -0.5724 0.0262 -0.0524 11.6856 -0.2416 LS41.dat
1 0 38.6033 -72.701 -272.581 0.0156 3.0655 0.9658 -0.9993 -0.3317 0.0236 -0.0331 11.4431 -0.2581 LS41.dat
1 0 41.5604 -73.021 -261.543 0.0164 3.1318 0.9634 -0.9997 -0.1531 0.0207 -0.0181 11.2806 -0.2672 LS41.dat
1 0 44.6152 -73.1703 -250.539 0.0165 3.1511 0.9626 -0.9998 -0.0171 0.0175 -0.0061 11.2165 -0.2704 LS41.dat
1 0 47.7057 -73.187 -239.539 0.0158 3.1295 0.9633 -0.9999 0.088 0.0143 0.0034 11.2466 -0.2681 LS41.dat
1 0 50.7663 -73.1009 -228.54 0.0146 3.0714 0.9655 -0.9998 0.1691 0.0113 0.0109 11.4022 -0.2602 LS41.dat
1 0 53.7389 -72.9372 -217.504 0.0128 2.9546 0.9693 -0.9998 0.229 0.0083 0.0164 11.6682 -0.2456 LS41.dat
1 0 56.5505 -72.7193 -206.401 0.0103 2.7473 0.975 -0.9998 0.2656 0.0057 0.0197 12.0681 -0.2221 LS41.dat
1 0 59.0972 -72.4731 -195.214 0.0071 2.3466 0.9827 -0.9998 0.2663 0.0033 0.02 12.4607 -0.1851 LS41.dat
1 0 61.2268 -72.2314 -183.906 0.0034 1.3591 0.9906 -0.9998 0.1721 0.001 0.017 9.8304 -0.137 LS41.dat
1 0 62.3336 -72.0912 -175.9 0.0003 0.748 0.9981 -1 0.1024 -0.0003 0.0084 12.2364 -0.061 LS41.dat
1 0 63 -72 -165 -0.0001 -0.0495 1 -0.9997 0.198 0.0001 0.023 8.5886 0.0058 LS41.dat
1 0 62.9575 -71.8299 -157.622 -0.0006 -0.1272 0.9998 -0.9974 0.5087 0.0006 0.0719 7.0505 0.018 LS41.dat
1 0 62.8521 -71.4085 -151.781 -0.0018 -0.1823 0.9995 -0.9927 0.7294 0.0018 0.1208 5.9927 0.0302 LS41.dat
1 0 62.7063 -70.8252 -146.989 -0.0036 -0.2353 0.9991 -0.9856 0.9412 0.0036 0.1691 5.4792 0.0423 LS41.dat
1 0 62.5223 -70.0892 -142.705 -0.006 -0.2963 0.9985 -0.9761 1.1852 0.006 0.2172 5.3175 0.0543 LS41.dat
1 0 62.2927 -69.1709 -138.584 -0.009 -0.377 0.9978 -0.9641 1.5081 0.009 0.2653 5.4672 0.0663 LS41.dat
1 0 61.9622 -67.8486 -133.791 -0.0109 -1.3919 0.9973 -0.9562 5.5677 0.0109 0.2924 18.1535 0.0731 LS41.dat
1 0 60.7103 -62.841 -117.464 -0.006 -0.297 0.9985 -0.976 1.188 0.006 0.2177 5.3187 0.0544 LS41.dat
1 0 60.4792 -61.9168 -113.326 -0.0036 -0.2346 0.9991 -0.9855 0.9383 0.0036 0.1696 5.4454 0.0424 LS41.dat
1 0 60.2959 -61.1835 -109.07 -0.0018 -0.1833 0.9995 -0.9926 0.7331 0.0018 0.1214 5.9932 0.0303 LS41.dat
1 0 60.1493 -60.5973 -104.278 -0.0007 -0.1275 0.9998 -0.9974 0.5102 0.0007 0.0727 7.0018 0.0182 LS41.dat
1 0 60.0439 -60.1756 -98.4913 -0.0001 -0.0473 1 -0.9997 0.1892 0.0001 0.0234 8.0709 0.0059 LS41.dat
1 0 60 -60 -91 0 0 1 -1 0 0 0 1 0 LS40.dat
0 SYNTH SYNTHESIZED END
0 SYNTH END
0 SYNTH BEGIN FLEXIBLE_AXLE 0
0 SYNTH SHOW
0 MLCAD HIDE 1 2 10 -58.1797 -361.67 0 0 1 -0.970296 0.241922 0 -0.241922 -0.970296 0 LS02.dat
0 MLCAD HIDE 1 0 -25 -72 -165 0 0 1 -1 0 0 0 -1 0 LS02.dat
0 MLCAD HIDE 1 4 -19 -60 -50 0 0 1 -1 0 0 0 -1 0 LS02.dat
0 SYNTH SYNTHESIZED BEGIN
1 0 10 -67.8566 -322.858 0 0 1 -0.9703 0.2419 0 -0.2419 -0.9703 0 LS40.dat
1 0 10 -67.8566 -322.858 -0.0002 -0.0907 0.9998 -0.9738 -0.9757 -0.005 -0.2275 4.1767 0.0206 LS41.dat
1 0 9.9349 -68.5574 -319.858 -0.0005 -0.3083 0.9981 -0.98 -0.9842 -0.0129 -0.199 4.8469 0.0609 LS41.dat
1 0 9.7018 -69.3014 -316.195 -0.0019 -0.6017 0.9947 -0.9854 -0.9876 -0.0194 -0.1701 5.7283 0.1011 LS41.dat
1 0 9.2243 -70.0851 -311.648 -0.0043 -1.0216 0.9897 -0.99 -0.9902 -0.0243 -0.1407 6.9992 0.141 LS41.dat
1 0 8.3756 -70.9078 -305.833 -0.0076 -1.6812 0.9832 -0.9938 -0.9891 -0.0276 -0.1105 9.0102 0.1804 LS41.dat
1 0 6.9157 -71.7668 -298.009 -0.0118 -2.7674 0.9753 -0.9968 -0.9349 -0.0289 -0.0791 12.2017 0.219 LS41.dat
1 0 4.3667 -72.6279 -286.77 -0.0151 -3.0595 0.9681 -0.9986 -0.5655 -0.0275 -0.0517 11.8291 0.2491 LS41.dat
1 0 1.4751 -73.1625 -275.59 -0.0172 -3.224 0.9631 -0.9994 -0.3062 -0.025 -0.0313 11.5665 0.2678 LS41.dat
1 0 -1.6262 -73.4571 -264.463 -0.0184 -3.301 0.9602 -0.9997 -0.1158 -0.022 -0.0155 11.3698 0.2785 LS41.dat
1 0 -4.841 -73.5699 -253.39 -0.0186 -3.3258 0.9589 -0.9998 0.0273 -0.0187 -0.0031 11.272 0.283 LS41.dat
1 0 -8.1027 -73.5433 -242.334 -0.0182 -3.3145 0.9593 -0.9998 0.1369 -0.0155 0.0068 11.2913 0.2818 LS41.dat
1 0 -11.3493 -73.4093 -231.274 -0.017 -3.2657 0.9614 -0.9998 0.2212 -0.0124 0.0145 11.4297 0.2749 LS41.dat
1 0 -14.5177 -73.1948 -220.185 -0.0152 -3.1631 0.9652 -0.9997 0.2835 -0.0094 0.0201 11.6854 0.2615 LS41.dat
1 0 -17.5373 -72.9243 -209.029 -0.0128 -2.9754 0.9709 -0.9996 0.3221 -0.0068 0.0235 12.0742 0.2394 LS41.dat
1 0 -20.3085 -72.6245 -197.783 -0.0095 -2.6032 0.9788 -0.9997 0.3242 -0.0044 0.024 12.4557 0.2047 LS41.dat
1 0 -22.6799 -72.3293 -186.436 -0.0057 -1.5449 0.9874 -0.9998 0.2123 -0.0023 0.0211 9.6383 0.1583 LS41.dat
1 0 -24.0336 -72.1433 -177.99 -0.0025 -0.8274 0.9941 -0.9999 0.121 -0.0008 0.0157 7.5658 0.1087 LS41.dat
1 0 -24.6908 -72.0473 -171.981 -0.0002 -0.3569 0.999 -1 0.0546 0.0002 0.0068 8.054 0.0443 LS41.dat
1 0 -25 -72 -165 0.0001 0.0879 0.9999 -0.9998 0.1758 -0.0001 0.0213 8.2637 -0.0106 LS41.dat
1 0 -24.9249 -71.8499 -157.944 0.0011 0.2277 0.9995 -0.9978 0.4554 -0.0011 0.0662 6.8567 -0.0331 LS41.dat
1 0 -24.7373 -71.4747 -152.294 0.0031 0.328 0.9984 -0.9938 0.656 -0.0031 0.1111 5.8566 -0.0556 LS41.dat
1 0 -24.4764 -70.9527 -147.634 0.0061 0.4206 0.997 -0.9878 0.8413 -0.0061 0.1556 5.3248 -0.0778 LS41.dat
1 0 -24.1501 -70.3001 -143.503 0.0101 0.5253 0.9949 -0.9798 1.0506 -0.0101 0.1999 5.1229 -0.0999 LS41.dat
1 0 -23.7466 -69.4933 -139.569 0.0152 0.6567 0.9924 -0.9697 1.3135 -0.0152 0.2439 5.1807 -0.122 LS41.dat
1 0 -23.2199 -68.4398 -135.414 0.0204 3.2818 0.9898 -0.9592 6.5636 -0.0204 0.2819 22.0961 -0.141 LS41.dat
1 0 -20.2579 -62.5159 -115.471 0.0102 0.5247 0.9949 -0.9797 1.0495 -0.0102 0.2004 5.1041 -0.1002 LS41.dat
1 0 -19.8545 -61.709 -111.547 0.0061 0.421 0.9969 -0.9877 0.842 -0.0061 0.1562 5.3092 -0.0781 LS41.dat
1 0 -19.5277 -61.0555 -107.426 0.0031 0.3682 0.9984 -0.9937 0.7365 -0.0031 0.1117 6.5439 -0.0558 LS41.dat
1 0 -19.2649 -60.5298 -102.756 0.0004 0.288 0.9998 -0.9991 0.5759 -0.0004 0.0415 13.866 -0.0207 LS41.dat
1 0 -19 -60 -90 0 0 1 -1 0 0 0 1 0 LS40.dat
0 SYNTH SYNTHESIZED END
0 SYNTH END
0 SYNTH BEGIN TECHNIC_RIBBED_HOSE 80
0 SYNTH SHOW
0 MLCAD HIDE 1 2 8 -20 0 0 1 0 1 0 0 0 0 1 LS02.dat
0 MLCAD HIDE 1 80 -12 -20 0 0 1 0 1 0 0 0 0 1 LS02.dat
0 MLCAD HIDE 1 80 -20 -20 70 0 0 1 1 0 0 0 -1 0 LS02.dat
0 MLCAD HIDE 1 4 -20 -20 90 0 0 1 1 0 0 0 -1 0 LS02.dat
0 SYNTH SYNTHESIZED BEGIN
1 80 5.5 -20 0 0 1 0 0 0 -1 -1 0 0 79.dat
1 80 -0.0008 -20 0 0 -1 0 0 0 -1 -1 0 0 80.dat
1 80 -5.502 -20 0 0 -1 0 0 0 -1 -1 0 0 80.dat
1 80 -10.9977 -20 0.1497 -0.0599 -0.9982 0 0 0 -1 -0.9982 0.0599 0 80.dat
1 80 -16.4289 -20 0.9146 -0.234 -0.9722 0 0 0 -1 -0.9722 0.234 0 80.dat
1 80 -21.4786 -20 2.9358 -0.5269 -0.8499 0 0 0 -1 -0.8499 0.5269 0 80.dat
1 80 -25.345 -20 6.6451 -0.8507 -0.5256 0 0 0 -1 -0.5256 0.8507 0 80.dat
1 80 -27.3592 -20 11.663 -0.9847 -0.1741 0 0 0 -1 -0.1741 0.9847 0 80.dat
1 80 -27.8086 -20 17.1226 -0.9996 0.0296 0 0 0 -1 0.0296 0.9996 0 80.dat
1 80 -27.3882 -20 22.6023 -0.9912 0.1326 0 0 0 -1 0.1326 0.9912 0 80.dat
1 80 -26.5297 -20 28.0364 -0.9829 0.1841 0 0 0 -1 0.1841 0.9829 0 80.dat
1 80 -25.4607 -20 33.4318 -0.9784 0.2066 0 0 0 -1 0.2066 0.9784 0 80.dat
1 80 -24.3138 -20 38.8162 -0.9776 0.2104 0 0 0 -1 0.2104 0.9776 0 80.dat
1 80 -23.1813 -20 44.2041 -0.9798 0.2001 0 0 0 -1 0.2001 0.9798 0 80.dat
1 80 -22.1349 -20 49.6096 -0.984 0.1779 0 0 0 -1 0.1779 0.984 0 80.dat
1 80 -21.2392 -20 55.0361 -0.9895 0.1447 0 0 0 -1 0.1447 0.9895 0 80.dat
1 80 -20.5532 -20 60.4972 -0.9949 0.1004 0 0 0 -1 0.1004 0.9949 0 80.dat
1 80 -20.1404 -20 65.9805 -0.999 0.0446 0 0 0 -1 0.0446 0.999 0 80.dat
1 80 -20.0062 -20 71.4786 -1 0.0001 0 0 0 -1 0.0001 1 0 80.dat
1 80 -20.0045 -20 76.981 -1 0.0005 0 0 0 -1 0.0005 1 0 80.dat
1 80 -20.0018 -20 82.4816 -1 0.0005 0 0 0 -1 0.0005 1 0 79.dat
0 SYNTH SYNTHESIZED END
0 SYNTH END
0 SYNTH BEGIN RIBBED_HOSE 80
0 SYNTH SHOW
0 MLCAD HIDE 1 2 32 -20 0 0 -1 0 1 0 0 0 0 -1 LS02.dat
0 MLCAD HIDE 1 80 52 -20 0 0 -1 0 1 0 0 0 0 -1 LS02.dat
0 MLCAD HIDE 1 80 60 -20 70 0 0 1 1 0 0 0 -1 0 LS02.dat
0 MLCAD HIDE 1 4 60 -20 90 0 0 1 1 0 0 0 -1 0 LS02.dat
0 SYNTH SYNTHESIZED BEGIN
1 80 34.5 -20 0 0 -1 0 0 0 -1 1 0 0 79.dat
1 80 40.0009 -20 0 0 1 0 0 0 -1 1 0 0 80.dat
1 80 45.502 -20 0 0 1 0 0 0 -1 1 0 0 80.dat
1 80 50.9977 -20 0.1497 -0.0599 0.9982 0 0 0 -1 0.9982 0.0599 0 80.dat
1 80 56.4288 -20 0.9146 -0.234 0.9722 0 0 0 -1 0.9722 0.234 0 80.dat
1 80 61.4785 -20 2.9358 -0.5269 0.8499 0 0 0 -1 0.8499 0.5269 0 80.dat
1 80 65.3449 -20 6.6451 -0.8507 0.5256 0 0 0 -1 0.5256 0.8507 0 80.dat
1 80 67.3592 -20 11.6629 -0.9847 0.1741 0 0 0 -1 0.1741 0.9847 0 80.dat
1 80 67.8086 -20 17.1226 -0.9996 -0.0296 0 0 0 -1 -0.0296 0.9996 0 80.dat
1 80 67.3882 -20 22.6022 -0.9912 -0.1326 0 0 0 -1 -0.1326 0.9912 0 80.dat
1 80 66.5296 -20 28.0364 -0.9829 -0.1841 0 0 0 -1 -0.1841 0.9829 0 80.dat
1 80 65.4607 -20 33.4318 -0.9784 -0.2066 0 0 0 -1 -0.2066 0.9784 0 80.dat
1 80 64.3138 -20 38.8161 -0.9776 -0.2104 0 0 0 -1 -0.2104 0.9776 0 80.dat
1 80 63.1813 -20 44.204 -0.9798 -0.2001 0 0 0 -1 -0.2001 0.9798 0 80.dat
1 80 62.1349 -20 49.6095 -0.984 -0.1779 0 0 0 -1 -0.1779 0.984 0 80.dat
1 80 61.2392 -20 55.0359 -0.9895 -0.1447 0 0 0 -1 -0.1447 0.9895 0 80.dat
1 80 60.5533 -20 60.497 -0.9949 -0.1004 0 0 0 -1 -0.1004 0.9949 0 80.dat
1 80 60.1404 -20 65.9804 -0.999 -0.0446 0 0 0 -1 -0.0446 0.999 0 80.dat
1 80 60.0062 -20 71.4785 -1 -0.0001 0 0 0 -1 -0.0001 1 0 80.dat
1 80 60.0045 -20 76.9809 -1 -0.0005 0 0 0 -1 -0.0005 1 0 80.dat
1 80 60.0018 -20 82.4815 -1 -0.0005 0 0 0 -1 -0.0005 1 0 79.dat
0 SYNTH SYNTHESIZED END
0 SYNTH END
0
