0 FILE 42039 - main.ldr
0 main
0 Name: 42039 - main.ldr
0 Author: Philippe Hurbain [Philo]
0 !LDRAW_ORG Unofficial_Model
0 !LICENSE Redistributable under CCAL version 2.0 : see CAreadme.txt

0 !THEME Technic

0 !LDCAD GROUP_DEF [topLevel=true] [LID=0] [GID=AGlEeu2NpAu] [name=Group 1] [center=0 0 0]
0 !LDCAD GROUP_DEF [topLevel=true] [LID=1] [GID=6ykAyGuOaNH] [name=Group 2] [center=0 0 0]
0 !LDCAD GROUP_NXT [ids=9] [nrs=0]
0 !LDCAD GROUP_DEF [topLevel=true] [LID=2] [GID=FNc20bOqfW] [name=Group 3] [center=0 0 0]
0 !LDCAD GROUP_NXT [ids=10] [nrs=0]
0 !LDCAD GROUP_DEF [topLevel=true] [LID=3] [GID=5CzRinZHvIk] [name=Group 4] [center=0 0 0]
0 !LDCAD GROUP_DEF [topLevel=true] [LID=4] [GID=DSTZXXBAEqq] [name=Group 5] [center=0 0 0]
0 !LDCAD GROUP_NXT [ids=6] [nrs=0]
0 !LDCAD GROUP_DEF [topLevel=true] [LID=5] [GID=IHwTSz7oqL9] [name=Group 6] [center=0 0 0]
0 !LDCAD GROUP_DEF [topLevel=true] [LID=6] [GID=GlaBQWaEQeo] [name=Group 7] [center=0 0 0]
0 !LDCAD GROUP_NXT [ids=8] [nrs=0]
0 !LDCAD GROUP_DEF [topLevel=true] [LID=7] [GID=TMCKMA4yzO] [name=Group 8] [center=0 0 0]
0 !LDCAD GROUP_DEF [topLevel=true] [LID=8] [GID=Aev34gCHRY0] [name=Group 9] [center=0 0 0]
0 !LDCAD GROUP_DEF [topLevel=true] [LID=9] [GID=8ixUfuf547V] [name=Group 10] [center=0 0 0]
0 !LDCAD GROUP_DEF [topLevel=true] [LID=10] [GID=EKDqZ2QFsOL] [name=Group 11] [center=0 0 0]
0 !LDCAD GROUP_DEF [topLevel=true] [LID=12] [GID=4etHskkryRt] [name=Group 13] [center=0 0 0]
0 !LDCAD GROUP_DEF [topLevel=true] [LID=13] [GID=Dg6fHM92lGw] [name=Group 14] [center=0 0 0]
0 !LDCAD GROUP_DEF [topLevel=true] [LID=14] [GID=7B5r8pYf4T5] [name=Group 15] [center=-120 0 0]
0 !LDCAD GROUP_NXT [ids=17] [nrs=0]
0 !LDCAD GROUP_DEF [topLevel=true] [LID=16] [GID=LajBQ7No7sw] [name=Group 17] [center=0 0 0]
0 !LDCAD GROUP_DEF [topLevel=true] [LID=17] [GID=Lll3f9Fzv79] [name=Group 18] [center=0 0 0]
0 !LDCAD GROUP_DEF [topLevel=true] [LID=18] [GID=IJYzfEBox6p] [name=Group 16] [center=0 0 0]

1 71 0 -120 680 1 0 0 0 1 0 0 0 1 64178.dat
1 1 -20 -120 600 0 0 1 0 1 0 -1 0 0 6558.dat
1 1 20 -120 600 0 0 1 0 1 0 -1 0 0 6558.dat
1 0 0 -80 600 -1 0 0 0 0 -1 0 -1 0 60484.dat
1 28 0 -120 620 0 1 0 0 0 -1 -1 0 0 6587.dat
1 0 0 -120 640 0 1 0 -1 0 0 0 0 1 32269.dat
0 STEP
1 72 0 -120 680 0 0 1 1 0 0 0 1 0 62821.dat
1 72 60 -120 680 0 0 1 1 0 0 0 1 0 92906.dat
1 72 -60 -120 680 0 0 -1 1 0 0 0 -1 0 92906.dat
1 19 -19 -120 680 0 0 1 1 0 0 0 1 0 6589.dat
1 19 19 -120 680 0 0 -1 -1 0 0 0 1 0 6589.dat
1 19 0 -120 662 -1 0 0 0 -1 0 0 0 1 6589.dat
1 1 40 -120 660 0 0 1 -1 0 0 0 -1 0 6558.dat
1 1 40 -120 700 0 0 1 -1 0 0 0 -1 0 6558.dat
1 1 -40 -120 660 0 0 1 -1 0 0 0 -1 0 6558.dat
1 1 -40 -120 700 0 0 1 -1 0 0 0 -1 0 6558.dat
1 0 60 -140 680 0 -1 0 0 0 1 -1 0 0 63869.dat
1 0 -60 -100 680 0 1 0 0 0 1 1 0 0 63869.dat
1 0 -60 -140 680 0 1 0 0 0 1 1 0 0 63869.dat
1 0 60 -100 680 0 -1 0 0 0 1 -1 0 0 63869.dat
0 STEP
1 71 60 -140 680 0 1 0 0 0 1 1 0 0 44294.dat
1 71 -60 -140 680 0 1 0 0 0 1 1 0 0 44294.dat
1 0 60 -100 690 0 1 0 0 0 1 1 0 0 3706.dat
1 0 -60 -100 690 0 1 0 0 0 1 1 0 0 3706.dat
1 71 119.5963 -93.0512 660 0.1158 0 -0.9933 -0.9933 0 -0.1158 0 1 0 32524.dat
1 71 119.5963 -133.0512 660 0.1158 0 -0.9933 -0.9933 0 -0.1158 0 1 0 32524.dat
1 71 -119.5963 -133.0512 660 -0.1158 0 -0.9933 -0.9933 0 0.1158 0 1 0 32524.dat
1 71 -119.5963 -93.0512 660 -0.1158 0 -0.9933 -0.9933 0 0.1158 0 1 0 32524.dat
1 71 60 -140 640 1 0 0 0 0 -1 0 1 0 32316.dat
1 71 -60 -140 640 1 0 0 0 0 -1 0 1 0 32316.dat
0 STEP
1 10 80 -140 620 0 1 0 0 0 -1 -1 0 0 42003.dat
1 10 -80 -140 620 0 -1 0 0 0 -1 1 0 0 42003.dat
1 1 80 -120 620 0 0 1 -1 0 0 0 -1 0 6558.dat
1 1 -80 -120 620 0 0 1 -1 0 0 0 -1 0 6558.dat
1 71 100 -120 620 0 0 -1 0 1 0 1 0 0 60483.dat
1 71 -100 -120 620 0 0 1 0 1 0 -1 0 0 60483.dat
1 71 100 -140 620 0 0 1 1 0 0 0 1 0 4519.dat
1 71 -100 -140 620 0 0 1 1 0 0 0 1 0 4519.dat
1 71 100 -180 620 -1 0 0 0 0 -1 0 -1 0 32015.dat
1 71 -100 -180 620 -1 0 0 0 0 -1 0 -1 0 32015.dat
1 71 100 -191.4803 647.7162 0 1 0 0.3827 0 -0.9239 -0.9239 0 -0.3827 4519.dat
1 71 -100 -195.3072 656.955 0 1 0 0.3827 0 -0.9239 -0.9239 0 -0.3827 4519.dat
1 0 40 -110 620 0 1 0 1 0 0 0 0 -1 2780.dat
1 0 -40 -110 620 0 1 0 1 0 0 0 0 -1 2780.dat
1 0 0 -100 620 0 0 1 0 -1 0 1 0 0 32525.dat
1 0 0 -80 620 0 0 1 -1 0 0 0 -1 0 15100.dat
1 1 179.1925 -86.1025 680 0 -0.1158 0.9933 0 0.9933 0.1158 -1 0 0 6558.dat
1 1 -179.1925 -86.1025 680 0 0.1158 0.9933 0 0.9933 -0.1158 -1 0 0 6558.dat
1 71 179.1925 -106.1025 680 0 0 -1 0 1 0 1 0 0 11950.dat
1 71 -179.1925 -106.1025 680 0 0 1 0 1 0 -1 0 0 11950.dat
1 72 209.1925 -106.1025 680 0 0 -1 -1 0 0 0 1 0 92909.dat
1 72 -209.1925 -106.1025 680 0 0 1 -1 0 0 0 -1 0 92909.dat
0 STEP
1 71 60 -120 680 -0.1158 0 0.9933 0.9933 0 0.1158 0 1 0 32494.dat
1 71 -60 -120 680 0.1158 0 -0.9933 0.9933 0 0.1158 0 -1 0 32494.dat
1 0 119.5963 -113.0512 680 0.9933 -0.1158 0 0.1158 0.9933 0 0 0 1 3705.dat
1 0 -119.5963 -113.0512 680 0.9933 0.1158 0 -0.1158 0.9933 0 0 0 1 3705.dat
1 71 -179.1925 -106.1025 680 0.1158 0 0.9933 0.9933 0 -0.1158 0 1 0 32494.dat
1 71 179.1925 -106.1025 680 -0.1158 0 -0.9933 0.9933 0 -0.1158 0 -1 0 32494.dat
1 1 179.1925 -126.1025 680 0 -0.1158 0.9933 0 0.9933 0.1158 -1 0 0 6558.dat
1 1 -179.1925 -126.1025 680 0 0.1158 0.9933 0 0.9933 -0.1158 -1 0 0 6558.dat
0 STEP
1 71 119.5963 -133.0512 700 0.1158 0 -0.9933 -0.9933 0 -0.1158 0 1 0 32524.dat
1 71 119.5963 -93.0512 700 0.1158 0 -0.9933 -0.9933 0 -0.1158 0 1 0 32524.dat
1 71 -119.5963 -133.0512 700 -0.1158 0 -0.9933 -0.9933 0 0.1158 0 1 0 32524.dat
1 71 -119.5963 -93.0512 700 -0.1158 0 -0.9933 -0.9933 0 0.1158 0 1 0 32524.dat
1 0 119.5963 -93.0512 710 0 0.9933 0.1158 0 0.1158 -0.9933 -1 0 0 2780.dat
1 0 139.4617 -90.735 710 0 0.9933 0.1158 0 0.1158 -0.9933 -1 0 0 2780.dat
1 0 -139.4617 -90.735 710 0 0.9933 -0.1158 0 -0.1158 -0.9933 -1 0 0 2780.dat
1 0 -119.5963 -93.0512 710 0 0.9933 -0.1158 0 -0.1158 -0.9933 -1 0 0 2780.dat
1 71 126.545 -152.6475 720 0.9933 0 -0.1158 0.1158 0 0.9933 0 -1 0 32140.dat
1 71 -126.545 -152.6475 720 -0.9933 0 0.1158 0.1158 0 0.9933 0 1 0 32140.dat
1 71 126.545 -152.6475 680 0 0.9933 -0.1158 0 0.1158 0.9933 1 0 0 32073.dat
1 71 -126.545 -152.6475 680 0 0.9933 0.1158 0 -0.1158 0.9933 1 0 0 32073.dat
1 71 126.545 -152.6475 700 -0.1158 0.9933 0 0.9933 0.1158 0 0 0 -1 3713.dat
1 71 -126.545 -152.6475 700 0.1158 0.9933 0 0.9933 -0.1158 0 0 0 -1 3713.dat
0 STEP
1 0 60 -180 650 0 1 0 0 0 -1 -1 0 0 2780.dat
1 0 -60 -180 650 0 1 0 0 0 -1 -1 0 0 2780.dat
1 71 0 -180 660 0 0 1 -1 0 0 0 -1 0 32524.dat
1 1 20 -180 680 0 0 1 0 1 0 -1 0 0 6558.dat
1 1 -20 -180 680 0 0 1 0 1 0 -1 0 0 6558.dat
1 14 20 -180 680 -0.2487 0.9686 0 0.9686 0.2487 0 0 0 -1 42039 - shock-06_5L-hard-1.ldr
1 14 -20 -180 680 0.2487 -0.9686 0 0.9686 0.2487 0 0 0 1 42039 - shock-06_5L-hard-1.ldr
0 STEP
1 71 0 -180 700 0 0 1 -1 0 0 0 -1 0 32524.dat
1 0 60 -180 710 0 1 0 0 0 -1 -1 0 0 2780.dat
1 0 -60 -180 710 0 1 0 0 0 -1 -1 0 0 2780.dat
1 71 60 -140 720 1 0 0 0 0 -1 0 1 0 32316.dat
1 71 -60 -140 720 1 0 0 0 0 -1 0 1 0 32316.dat
1 71 60 -140 740 0 1 0 1 0 0 0 0 -1 3713.dat
1 71 60 -100 740 0 1 0 1 0 0 0 0 -1 3713.dat
1 71 -60 -140 740 0 1 0 1 0 0 0 0 -1 3713.dat
1 71 -60 -100 740 0 1 0 1 0 0 0 0 -1 3713.dat
0 STEP
1 0 -139.4617 -90.735 650 0 0.9933 -0.1158 0 -0.1158 -0.9933 -1 0 0 2780.dat
1 0 -119.5963 -93.0512 650 0 0.9933 -0.1158 0 -0.1158 -0.9933 -1 0 0 2780.dat
1 0 139.4617 -90.735 650 0 0.9933 -0.1158 0 -0.1158 -0.9933 -1 0 0 2780.dat
1 0 119.5963 -93.0512 650 0 0.9933 -0.1158 0 -0.1158 -0.9933 -1 0 0 2780.dat
1 71 126.545 -152.6475 660 -0.1158 0.9933 0 0.9933 0.1158 0 0 0 -1 3713.dat
1 71 -126.545 -152.6475 660 0.1158 0.9933 0 0.9933 -0.1158 0 0 0 -1 3713.dat
1 71 -126.545 -152.6475 640 -0.9933 0 0.1158 0.1158 0 0.9933 0 1 0 32140.dat
1 71 126.545 -152.6475 640 0.9933 0 -0.1158 0.1158 0 0.9933 0 -1 0 32140.dat
1 71 60 -120 780 0 -1 0 0 0 1 -1 0 0 32140.dat
0 STEP
1 1 50 -120 780 1 0 0 0 0 1 0 -1 0 43093.dat
1 1 -50 -120 780 -1 0 0 0 0 1 0 1 0 43093.dat
1 71 -60 -120 780 0 -1 0 0 0 1 -1 0 0 32140.dat
1 1 -60 -60 760 -1 0 0 0 1 0 0 0 -1 6558.dat
1 1 -60 -60 780 -1 0 0 0 1 0 0 0 -1 6558.dat
1 1 60 -60 760 1 0 0 0 1 0 0 0 1 6558.dat
1 1 60 -60 780 1 0 0 0 1 0 0 0 1 6558.dat
1 71 0 -60 680 1 0 0 0 -1 0 0 0 -1 64178.dat
1 1 -60 -60 600 -1 0 0 0 1 0 0 0 -1 6558.dat
1 1 60 -60 600 1 0 0 0 1 0 0 0 1 6558.dat
1 0 -50 -60 580 1 0 0 0 0 1 0 -1 0 2780.dat
1 0 50 -60 580 1 0 0 0 0 1 0 -1 0 2780.dat
1 71 -60 -140 580 0 1 0 0 0 1 1 0 0 32526.dat
1 71 60 -140 580 0 1 0 0 0 1 1 0 0 32526.dat
0 STEP
1 0 -80 -60 620 0 1 0 -1 0 0 0 0 1 32278.dat
1 0 80 -60 620 0 1 0 -1 0 0 0 0 1 32278.dat
1 1 -100 -60 540 -1 0 0 0 1 0 0 0 -1 6558.dat
1 1 100 -60 540 1 0 0 0 1 0 0 0 1 6558.dat
1 0 -90 -60 480 1 0 0 0 0 1 0 -1 0 2780.dat
1 0 90 -60 480 1 0 0 0 0 1 0 -1 0 2780.dat
1 0 100 -60 400 0 1 0 -1 0 0 0 0 1 32278.dat
1 1 100 -60 420 -1 0 0 0 1 0 0 0 -1 6558.dat
1 1 100 -60 400 -1 0 0 0 1 0 0 0 -1 6558.dat
1 1 90 -60 440 -1 0 0 0 0 -1 0 -1 0 43093.dat
0 STEP
1 15 80 -60 360 0 1 0 0 0 1 1 0 0 32009.dat
1 0 70 -140 360 1 0 0 0 0 1 0 -1 0 2780.dat
1 72 60 -220 360 1 0 0 0 0 1 0 -1 0 11214.dat
1 71 60 -180 360 0 -1 0 0 0 1 -1 0 0 32316.dat
1 0 50 -180 360 1 0 0 0 0 1 0 -1 0 2780.dat
0 STEP
1 71 0 -220 360 1 0 0 0 0 1 0 -1 0 64179.dat
1 0 50 -260 360 1 0 0 0 0 1 0 -1 0 2780.dat
1 0 -50 -260 360 1 0 0 0 0 1 0 -1 0 2780.dat
1 0 -50 -180 360 1 0 0 0 0 1 0 -1 0 2780.dat
1 0 0 -170 360 0 0 -1 1 0 0 0 -1 0 2780.dat
1 0 -20 -170 360 0 0 -1 1 0 0 0 -1 0 2780.dat
1 72 -60 -220 360 -1 0 0 0 0 1 0 1 0 11214.dat
1 71 -60 -180 360 0 -1 0 0 0 1 -1 0 0 32316.dat
1 15 -80 -60 360 0 1 0 0 0 1 1 0 0 32009.dat
1 0 -70 -140 360 1 0 0 0 0 1 0 -1 0 2780.dat
1 0 -90 -60 400 1 0 0 0 0 1 0 -1 0 2780.dat
1 1 -90 -60 440 1 0 0 0 0 1 0 -1 0 43093.dat
0 STEP
1 0 -100 -60 400 0 1 0 -1 0 0 0 0 1 32278.dat
1 71 -100 -60 580 0 0 -1 1 0 0 0 -1 0 55615.dat
1 0 -180 -60 560 0 0 -1 1 0 0 0 -1 0 40490.dat
1 0 -120 -60 540 0 1 0 0 0 1 1 0 0 15100.dat
1 71 100 -60 580 0 0 1 -1 0 0 0 -1 0 55615.dat
1 0 180 -60 560 0 0 1 -1 0 0 0 -1 0 40490.dat
1 0 120 -60 540 0 -1 0 0 0 -1 1 0 0 15100.dat
0 STEP
1 0 -100 -70 580 0 0 1 -1 0 0 0 -1 0 2780.dat
1 0 -40 -70 620 0 0 1 -1 0 0 0 -1 0 2780.dat
1 0 40 -70 620 0 0 1 -1 0 0 0 -1 0 2780.dat
1 0 100 -70 580 0 0 1 -1 0 0 0 -1 0 2780.dat
1 1 -100 -80 620 0 -1 0 -1 0 0 0 0 -1 6558.dat
1 1 100 -80 620 0 -1 0 -1 0 0 0 0 -1 6558.dat
1 71 -20 -80 620 0 0 -1 0 -1 0 -1 0 0 32526.dat
1 71 20 -80 620 0 0 1 0 1 0 -1 0 0 32526.dat
0 STEP
1 71 0 -130 540 1 0 0 0 1 0 0 0 1 42039 - motor.ldr
1 0 0 -80 640 1 0 0 0 1 0 0 0 1 32270.dat
0 STEP
1 71 -100 -200.6648 669.889 0 0 -1 0.9239 0.3827 0 0.3827 -0.9239 0 3941.dat
1 71 -100 -209.8489 692.0623 0 0 -1 0.9239 0.3827 0 0.3827 -0.9239 0 30367b.dat
1 71 -100 -217.5027 710.5398 0 0 -1 0.3827 -0.9239 0 -0.9239 -0.3827 0 62462.dat
1 71 100 -200.6648 669.889 0 0 -1 0.9239 0.3827 0 0.3827 -0.9239 0 3941.dat
1 71 100 -209.8489 692.0623 0 0 -1 0.9239 0.3827 0 0.3827 -0.9239 0 30367b.dat
1 71 100 -217.5027 710.5398 0 0 -1 0.3827 -0.9239 0 -0.9239 -0.3827 0 62462.dat
0 STEP
1 0 -80 -60 200 1 0 0 0 1 0 0 0 1 42039 - frontchassis.ldr
0 STEP
1 1 60 -120 580 -1 0 0 0 1 0 0 0 -1 6558.dat
1 1 80 -100 580 -1 0 0 0 1 0 0 0 -1 6558.dat
1 71 80 -100 500 0 1 0 -1 0 0 0 0 1 32526.dat
1 1 100 -100 500 1 0 0 0 -1 0 0 0 -1 6558.dat
1 0 90 -100 560 1 0 0 0 0 1 0 -1 0 2780.dat
1 0 90 -100 540 1 0 0 0 0 1 0 -1 0 2780.dat
1 1 -60 -120 580 1 0 0 0 -1 0 0 0 -1 6558.dat
1 1 -80 -100 580 1 0 0 0 -1 0 0 0 -1 6558.dat
1 71 -80 -100 500 0 1 0 -1 0 0 0 0 1 32526.dat
1 0 -90 -100 540 1 0 0 0 0 1 0 -1 0 2780.dat
1 0 -90 -100 560 1 0 0 0 0 1 0 -1 0 2780.dat
1 0 -90 -100 500 -1 0 0 0 1 0 0 0 -1 2780.dat
0 STEP
1 0 -100 -100 400 0 1 0 -1 0 0 0 0 1 32278.dat
1 0 100 -100 400 0 1 0 -1 0 0 0 0 1 32278.dat
1 1 110 -60 360 1 0 0 0 0 1 0 -1 0 43093.dat
1 72 100 -100 360 1 0 0 0 0 1 0 -1 0 11214.dat
1 4 120 -80 360 -1 0 0 0 1 0 0 0 -1 32184.dat
1 71 120 -80 360 0 0 1 0 1 0 -1 0 0 32054.dat
1 71 -120 -80 360 0 0 1 0 1 0 -1 0 0 32054.dat
1 1 -110 -60 360 -1 0 0 0 0 1 0 1 0 43093.dat
1 72 -100 -100 360 -1 0 0 0 0 1 0 1 0 11214.dat
1 4 -120 -80 360 1 0 0 0 1 0 0 0 1 32184.dat
0 STEP
1 71 0 -80 340 0 0 1 -1 0 0 0 -1 0 41239.dat
0 STEP
1 71 100 -120 560 0 -1 0 0 0 1 -1 0 0 60483.dat
1 1 90 -120 560 1 0 0 0 0 -1 0 1 0 43093.dat
1 1 -90 -120 560 -1 0 0 0 0 -1 0 -1 0 43093.dat
1 71 -100 -120 560 0 1 0 0 0 1 1 0 0 60483.dat
1 0 110 -100 380 1 0 0 0 0 1 0 -1 0 2780.dat
1 0 120 -118.1262 371.5476 0 0 1 0.4226 0.9063 0 -0.9063 0.4226 0 6536.dat
1 1 120 -122.3523 380.6107 0 1 0 0.4226 0 -0.9063 -0.9063 0 -0.4226 43093.dat
1 0 -110 -100 380 1 0 0 0 0 1 0 -1 0 2780.dat
1 0 -120 -118.1262 371.5476 0 0 1 0.4226 0.9063 0 -0.9063 0.4226 0 6536.dat
1 1 -120 -122.3523 380.6107 0 1 0 0.4226 0 -0.9063 -0.9063 0 -0.4226 43093.dat
1 179 -120 -121.7514 379.8572 0 0 1 -0.9063 0.4226 0 -0.4226 -0.9063 0 42039 - technicRibHoseLQ-1.ldr
1 179 120 -122.3523 380.6107 0 0 1 -0.9063 0.4226 0 -0.4226 -0.9063 0 42039 - technicRibHoseLQ-2.ldr
1 71 120 -80 200 0 0 1 0 -1 0 1 0 0 41239.dat
0 STEP
1 0 -90 -100 320 1 0 0 0 0 1 0 -1 0 2780.dat
1 0 -90 -100 260 1 0 0 0 0 1 0 -1 0 2780.dat
1 71 -80 -100 200 0 -1 0 1 0 0 0 0 1 41239.dat
1 0 -70 -100 120 1 0 0 0 0 1 0 -1 0 2780.dat
1 0 90 -100 300 1 0 0 0 0 1 0 -1 0 2780.dat
1 0 90 -100 260 1 0 0 0 0 1 0 -1 0 2780.dat
1 71 80 -100 200 0 -1 0 1 0 0 0 0 1 41239.dat
1 0 90 -100 220 1 0 0 0 0 1 0 -1 0 2780.dat
1 0 90 -100 160 1 0 0 0 0 1 0 -1 0 2780.dat
1 1 80 -100 120 -1 0 0 0 1 0 0 0 -1 6558.dat
1 72 80 -100 80 1 0 0 0 0 1 0 -1 0 11214.dat
1 72 80 -60 80 1 0 0 0 0 1 0 -1 0 11214.dat
1 72 -80 -100 80 -1 0 0 0 0 -1 0 -1 0 11214.dat
1 72 -80 -60 80 -1 0 0 0 0 -1 0 -1 0 11214.dat
1 4 100 -80 80 -1 0 0 0 1 0 0 0 -1 32184.dat
1 4 -100 -80 80 -1 0 0 0 1 0 0 0 -1 32184.dat
1 0 100 -80 90 0 -1 0 0 0 1 -1 0 0 2780.dat
1 0 -100 -80 90 0 -1 0 0 0 1 -1 0 0 2780.dat
0 STEP
1 71 60 -100 140 0 -1 0 -1 0 0 0 0 -1 32526.dat
1 71 -60 -100 140 0 -1 0 -1 0 0 0 0 -1 32526.dat
1 0 0 -80 100 0 0 1 -1 0 0 0 -1 0 32278.dat
0 STEP
1 10 100 -60 220 0 0 1 1 0 0 0 1 0 42003.dat
1 10 100 -100 220 0 0 1 1 0 0 0 1 0 42003.dat
1 71 100 -80 200 0 0 1 1 0 0 0 1 0 4519.dat
1 71 100 -100 240 -1 0 0 0 0 1 0 1 0 32073.dat
1 71 100 -100 280 -1 0 0 0 0 1 0 1 0 32073.dat
1 0 50 -100 240 0 0 1 1 0 0 0 1 0 59443.dat
1 0 50 -100 280 0 0 1 1 0 0 0 1 0 59443.dat
1 71 0 -100 240 -1 0 0 0 0 1 0 1 0 32073.dat
1 71 0 -100 280 -1 0 0 0 0 1 0 1 0 32073.dat
1 0 -50 -100 240 0 0 1 1 0 0 0 1 0 59443.dat
1 0 -50 -100 280 0 0 1 1 0 0 0 1 0 59443.dat
1 71 -80 -100 240 1 0 0 0 -1 0 0 0 -1 4519.dat
1 14 -110 -100 240 0 0 1 1 0 0 0 1 0 59443.dat
1 71 -180 -100 240 1 0 0 0 -1 0 0 0 -1 44294.dat
1 0 70 -100 140 1 0 0 0 -1 0 0 0 -1 3705.dat
1 0 30 -100 140 0 0 1 1 0 0 0 1 0 59443.dat
1 71 0 -100 140 -1 0 0 0 0 1 0 1 0 4519.dat
1 0 -30 -100 140 0 0 1 1 0 0 0 1 0 59443.dat
0 STEP
1 0 -70 -100 140 1 0 0 0 -1 0 0 0 -1 3705.dat
1 14 -110 -100 140 0 0 1 1 0 0 0 1 0 59443.dat
1 0 -150 -100 140 1 0 0 0 -1 0 0 0 -1 3705.dat
1 71 -140 -100 140 0 0 -1 0 -1 0 -1 0 0 3713.dat
1 72 -160 -100 140 0 0 -1 0 -1 0 -1 0 0 10928.dat
1 19 -90 -100 160 -1 0 0 0 -1 0 0 0 1 3749.dat
1 14 -110 -100 160 0 0 1 1 0 0 0 1 0 59443.dat
1 0 -150 -100 160 1 0 0 0 -1 0 0 0 -1 3705.dat
1 71 -140 -100 160 0 0 -1 0 -1 0 -1 0 0 3713.dat
1 72 -160 -100 160 0 0 -1 0 -1 0 -1 0 0 10928.dat
1 71 120 -80 200 0 1 0 1 0 0 0 0 -1 32054.dat
1 1 120 -110 200 0 1 0 1 0 0 0 0 -1 43093.dat
1 15 140 -60 200 0 0 -1 0 1 0 1 0 0 32523.dat
1 0 140 -70 200 0 0 -1 1 0 0 0 -1 0 2780.dat
1 72 160 -110 200 0 0 -1 1 0 0 0 -1 0 87083.dat
0 STEP
1 0 50 -60 -140 1 0 0 0 0 1 0 -1 0 2780.dat
1 0 -50 -60 -140 1 0 0 0 0 1 0 -1 0 2780.dat
1 1 60 -60 -200 1 0 0 0 -1 0 0 0 -1 6558.dat
1 1 -60 -60 -200 -1 0 0 0 1 0 0 0 -1 6558.dat
1 71 60 -60 -180 0 1 0 1 0 0 0 0 -1 32316.dat
1 71 -60 -60 -180 0 1 0 1 0 0 0 0 -1 32316.dat
1 71 -80 -60 -220 0 0 -1 1 0 0 0 -1 0 55615.dat
1 71 80 -60 -220 0 -1 0 1 0 0 0 0 1 55615.dat
0 STEP
1 0 0 -60 -240 0 0 1 -1 0 0 0 -1 0 32278.dat
1 0 140 -60 -250 0 -1 0 0 0 1 -1 0 0 2780.dat
1 0 -140 -60 -250 0 -1 0 0 0 1 -1 0 0 2780.dat
1 1 100 -60 -240 0 0 1 0 -1 0 1 0 0 6558.dat
1 1 -100 -60 -240 0 0 1 0 -1 0 1 0 0 6558.dat
1 72 0 -60 -310 1 0 0 0 1 0 0 0 1 42039 - frontfloor.ldr
0 STEP
1 0 60 -70 -260 0 0 -1 1 0 0 0 -1 0 2780.dat
1 0 -60 -70 -260 0 0 -1 1 0 0 0 -1 0 2780.dat
1 1 120 -80 -220 0 1 0 1 0 0 0 0 -1 6558.dat
1 1 -120 -80 -220 0 1 0 1 0 0 0 0 -1 6558.dat
1 0 40 -80 -260 0 0 1 0 -1 0 1 0 0 32526.dat
1 0 -40 -80 -260 0 0 -1 0 1 0 1 0 0 32526.dat
1 0 0 -80 -60 1 0 0 0 1 0 0 0 1 42039 - frontaxle.ldr
1 0 80 -60 0 1 0 0 0 -1 0 0 0 -1 6536.dat
1 0 -80 -60 0 1 0 0 0 -1 0 0 0 -1 6536.dat
1 71 -80 -80 0 0 0 1 0 1 0 -1 0 0 32054.dat
1 71 80 -80 0 0 0 1 0 1 0 -1 0 0 32054.dat
1 0 120 -90 -260 0 0 -1 1 0 0 0 -1 0 2780.dat
1 0 -120 -90 -260 0 0 -1 1 0 0 0 -1 0 2780.dat
0 STEP
1 0 120 -100 -180 -1 0 0 0 -1 0 0 0 1 40490.dat
1 0 -120 -100 -180 -1 0 0 0 -1 0 0 0 1 40490.dat
1 0 120 -110 -100 0 0 -1 1 0 0 0 -1 0 2780.dat
1 0 120 -110 -120 0 0 -1 1 0 0 0 -1 0 2780.dat
1 0 -120 -110 -100 0 0 -1 1 0 0 0 -1 0 2780.dat
1 0 -120 -110 -120 0 0 -1 1 0 0 0 -1 0 2780.dat
1 0 60 -120 -100 0 0 1 0 1 0 -1 0 0 32140.dat
1 0 -60 -120 -100 0 0 -1 0 -1 0 -1 0 0 32140.dat
1 0 100 -110 -100 0 0 -1 1 0 0 0 -1 0 2780.dat
1 0 -100 -110 -100 0 0 -1 1 0 0 0 -1 0 2780.dat
1 1 -60 -110 -100 0 1 0 -1 0 0 0 0 1 43093.dat
1 1 60 -110 -100 0 1 0 -1 0 0 0 0 1 43093.dat
1 0 0 -100 -100 0 0 1 0 1 0 -1 0 0 32525.dat
0 STEP
1 71 0 -180 300 -1 0 0 0 -1 0 0 0 1 32140.dat
1 1 0 -170 340 0 -1 0 1 0 0 0 0 1 43093.dat
1 4 0 -170 300 0 -1 0 1 0 0 0 0 1 32062.dat
1 0 0 -170 320 -1 0 0 0 -1 0 0 0 1 87408.dat
1 0 0 -170 320 0 1 0 -1 0 0 0 0 1 3705.dat
1 72 0 -120 310 0 0 1 0 -1 0 1 0 0 87083.dat
1 19 0 -120 303 1 0 0 0 -1 0 0 0 -1 32198.dat
1 19 0 -147 320 0 1 0 0 0 1 1 0 0 6589.dat
1 0 0 -220 320 0 1 0 0 0 1 1 0 0 32034.dat
1 0 0 -120 270 1 0 0 0 1 0 0 0 1 59443.dat
1 72 -40 -100 -100 0 0 -1 -1 0 0 0 1 0 11214.dat
1 72 40 -100 -100 0 0 -1 -1 0 0 0 1 0 11214.dat
1 15 -40 -140 -100 0 -1 0 0 0 -1 1 0 0 32013.dat
1 15 40 -140 -100 0 -1 0 0 0 -1 1 0 0 32013.dat
0 STEP
1 72 40 -140 -70 0 0 1 0 1 0 -1 0 0 87083.dat
1 1 0 -160 -80 1 0 0 0 1 0 0 0 1 42039 - frontaxletop.ldr
1 72 -40 -140 -70 0 0 1 0 1 0 -1 0 0 87083.dat
0 STEP
1 1 80 -140 -10 0 0 1 0 -1 0 1 0 0 43093.dat
1 1 -80 -140 -10 0 0 1 0 -1 0 1 0 0 43093.dat
1 10 80 -160 0 0 0 1 0 -1 0 1 0 0 42003.dat
1 10 -80 -160 0 0 0 1 0 -1 0 1 0 0 42003.dat
1 71 80 -160 0 -1 0 0 0 1 0 0 0 -1 32054.dat
1 71 -80 -160 0 1 0 0 0 -1 0 0 0 -1 32054.dat
1 0 70 -60 60 1 0 0 0 0 1 0 -1 0 2780.dat
1 0 70 -100 60 1 0 0 0 0 1 0 -1 0 2780.dat
1 0 70 -140 60 1 0 0 0 0 1 0 -1 0 2780.dat
1 0 -70 -60 60 1 0 0 0 0 1 0 -1 0 2780.dat
1 0 -70 -100 60 1 0 0 0 0 1 0 -1 0 2780.dat
1 0 -70 -140 60 1 0 0 0 0 1 0 -1 0 2780.dat
1 1 80 -160 60 1 0 0 0 1 0 0 0 1 6558.dat
1 1 -80 -160 60 -1 0 0 0 1 0 0 0 -1 6558.dat
1 0 80 -120 60 0 -1 0 0 0 1 -1 0 0 32524.dat
1 0 -80 -120 60 0 -1 0 0 0 1 -1 0 0 32524.dat
0 STEP
1 4 120 -100 240 0 0 -1 0 -1 0 -1 0 0 42039 - 18946.dat
1 15 160 -100 240 0 0 -1 0 -1 0 -1 0 0 42039 - 18948.dat
1 0 211.5 -100 240 -1 0 0 0 -1 0 0 0 1 3705.dat
1 72 160 -100 240 0 0 1 0 -1 0 1 0 0 42039 - 18947.dat
1 71 120 -100 280 0 0 1 0 -1 0 1 0 0 94925.dat
1 14 150 -100 280 0 0 1 1 0 0 0 1 0 59443.dat
1 0 190 -100 280 1 0 0 0 -1 0 0 0 -1 3705.dat
1 71 180 -100 280 0 0 -1 0 -1 0 -1 0 0 3713.dat
1 4 160 -100 180 0 1 0 1 0 0 0 0 -1 6641.dat
1 0 110 -100 420 1 0 0 0 0 1 0 -1 0 2780.dat
1 71 120 -120 420 0 -1 0 0 0 1 -1 0 0 32140.dat
1 0 185 -120 460 0 0 1 0 1 0 -1 0 0 42039 - doorlift2.ldr
1 4 200 -100 240 0 0 -1 0 -1 0 -1 0 0 42039 - 18946.dat
1 72 200 -100 280 0 0 -1 0 -1 0 -1 0 0 6542b.dat
0 STEP
1 71 220 -100 280 0 1 0 -1 0 0 0 0 1 32524.dat
1 10 241.5 -100 220 0 0 1 1 0 0 0 1 0 42003.dat
1 71 241.5 -100 200 0 0 1 1 0 0 0 1 0 4519.dat
1 0 231.5 -100 220 1 0 0 0 0 1 0 -1 0 2780.dat
0 STEP
1 0 220 -60 550 0 -1 0 0 0 1 -1 0 0 2780.dat
1 0 260 -60 550 0 -1 0 0 0 1 -1 0 0 2780.dat
1 0 240 -60 440 0 0 1 0 1 0 -1 0 0 15458.dat
1 0 260 -60 330 0 -1 0 0 0 1 -1 0 0 2780.dat
1 0 220 -60 330 0 -1 0 0 0 1 -1 0 0 2780.dat
1 0 240 -60 220 0 0 1 0 1 0 -1 0 0 15458.dat
1 0 220 -70 360 0 0 -1 1 0 0 0 -1 0 2780.dat
1 1 220 -70 300 0 -1 0 -1 0 0 0 0 -1 43093.dat
1 71 220 -80 300 1 0 0 0 1 0 0 0 1 32140.dat
1 0 200 -60 200 1 0 0 0 1 0 0 0 1 15100.dat
1 1 240 -90 360 0 -1 0 -1 0 0 0 0 -1 43093.dat
1 10 240 -100 340 0 0 -1 1 0 0 0 -1 0 42003.dat
1 71 240 -100 340 -1 0 0 0 0 -1 0 -1 0 32054.dat
1 1 260 -60 100 0 1 0 0 0 -1 -1 0 0 6558.dat
1 0 220 -60 110 0 -1 0 0 0 1 -1 0 0 2780.dat
1 0 140 -80 90 0 -1 0 0 0 1 -1 0 0 2780.dat
1 1 120 -80 90 0 -1 0 0 0 1 -1 0 0 43093.dat
1 0 120 -80 80 0 0 1 -1 0 0 0 -1 0 32140.dat
1 0 180 -100 90 0 -1 0 0 0 1 -1 0 0 2780.dat
1 0 180 -80 90 0 -1 0 0 0 1 -1 0 0 2780.dat
1 0 260 -60 100 0 0 -1 -1 0 0 0 1 0 32526.dat
0 STEP
1 1 260 -80 140 0 0 1 -1 0 0 0 -1 0 6558.dat
1 1 260 -80 520 0 0 1 -1 0 0 0 -1 0 6558.dat
1 0 260 -70 300 0 1 0 1 0 0 0 0 -1 2780.dat
1 0 260 -70 360 0 1 0 1 0 0 0 0 -1 2780.dat
1 10 260 -80 200 -1 0 0 0 1 0 0 0 -1 32525.dat
1 10 260 -80 460 -1 0 0 0 1 0 0 0 -1 32525.dat
1 0 260 -90 260 0 1 0 1 0 0 0 0 -1 2780.dat
1 0 260 -90 400 0 1 0 1 0 0 0 0 -1 2780.dat
1 71 201.5 -80 200 0 0 -1 1 0 0 0 -1 0 32054.dat
1 1 201.5 -110 200 0 1 0 1 0 0 0 0 -1 43093.dat
1 71 181.5 -120 200 0 0 1 0 1 0 -1 0 0 32524.dat
1 1 181.5 -110 200 0 1 0 1 0 0 0 0 -1 43093.dat
1 1 141.5 -110 200 0 1 0 1 0 0 0 0 -1 43093.dat
1 71 181.5 -100 200 0 1 0 0 0 1 1 0 0 3713.dat
1 71 141.5 -100 200 0 1 0 0 0 1 1 0 0 3713.dat
0 STEP
1 4 160 -140 180 0 1 0 1 0 0 0 0 -1 32039.dat
1 4 160 -140 170 0 1 0 0 0 1 1 0 0 32062.dat
1 4 160 -140 140 0 0 -1 1 0 0 0 -1 0 32014.dat
1 4 190 -140 140 -1 0 0 0 -1 0 0 0 1 32062.dat
1 4 200 -160 140 1 0 0 0 0 -1 0 1 0 32039.dat
1 10 260 -120 460 0 -1 0 0 0 1 -1 0 0 15458.dat
1 1 240 -140 380 -1 0 0 0 0 -1 0 -1 0 6558.dat
0 !LDCAD GROUP_NXT [ids=0] [nrs=0]
1 15 240 -140 380 -1 0 0 0 -1 0 0 0 1 32013.dat
0 !LDCAD GROUP_NXT [ids=0] [nrs=2]
1 1 240 -140 350 0 1 0 0 0 1 1 0 0 43093.dat
1 15 210 -140 380 -1 0 0 0 -1 0 0 0 1 62462.dat
1 1 180 -140 380 1 0 0 0 0 -1 0 1 0 6558.dat
0 !LDCAD GROUP_NXT [ids=0] [nrs=1]
1 15 160 -140 380 -1 0 0 0 -1 0 0 0 1 32013.dat
0 !LDCAD GROUP_NXT [ids=0] [nrs=3]
1 1 160 -140 350 0 1 0 0 0 1 1 0 0 43093.dat
0 STEP
0 !LDCAD GROUP_NXT [ids=0] [nrs=4]
1 15 160 -160 340 0 -1 0 -1 0 0 0 0 -1 64392.dat
0 !LDCAD GROUP_NXT [ids=0] [nrs=6]
1 1 240 -130 320 0 -1 0 1 0 0 0 0 1 43093.dat
0 !LDCAD GROUP_NXT [ids=0] [nrs=5]
1 71 240 -120 320 0 -1 0 0 0 1 -1 0 0 3713.dat
1 10 260 -120 200 0 -1 0 0 0 1 -1 0 0 15458.dat
1 0 260 -150 140 0 0 -1 1 0 0 0 -1 0 2780.dat
1 0 260 -150 180 0 0 -1 1 0 0 0 -1 0 2780.dat
1 10 260 -160 100 1 0 0 0 1 0 0 0 1 64681.dat
1 71 240 -160 100 0 1 0 0 0 -1 -1 0 0 32054.dat
0 STEP
1 0 160 -160 80 0 0 -1 -1 0 0 0 1 0 40490.dat
1 0 100 -160 60 0 -1 0 0 0 -1 1 0 0 15100.dat
1 0 80 -160 90 0 -1 0 0 0 1 -1 0 0 2780.dat
1 1 140 -160 80 0 1 0 0 0 -1 -1 0 0 6558.dat
1 0 160 -160 70 0 -1 0 0 0 1 -1 0 0 2780.dat
1 0 -80 -160 90 0 1 0 0 0 -1 -1 0 0 2780.dat
1 0 -160 -160 80 0 0 1 1 0 0 0 1 0 40490.dat
1 0 -100 -160 60 0 1 0 0 0 1 1 0 0 15100.dat
1 1 -140 -160 80 0 -1 0 0 0 1 -1 0 0 6558.dat
1 0 -160 -160 70 0 1 0 0 0 -1 -1 0 0 2780.dat
0 STEP
1 0 0 -160 100 0 0 1 -1 0 0 0 -1 0 32278.dat
1 1 0 -160 90 0 0 -1 0 -1 0 -1 0 0 43093.dat
1 72 60 -160 100 0 0 1 0 -1 0 1 0 0 11214.dat
1 0 0 -160 80 0 0 1 -1 0 0 0 -1 0 32140.dat
1 72 60 -180 110 0 0 1 0 1 0 -1 0 0 87083.dat
1 71 60 -180 100 0 -1 0 -1 0 0 0 0 -1 3713.dat
1 71 60 -160 120 -1 0 0 0 0 -1 0 -1 0 60483.dat
1 71 60 -180 152 -1 0 0 0 0 -1 0 -1 0 2819.dat
1 1 260 -100 80 0 1 0 0 0 -1 -1 0 0 6558.dat
1 1 260 -140 80 0 1 0 0 0 -1 -1 0 0 6558.dat
1 1 260 -160 80 0 1 0 0 0 -1 -1 0 0 6558.dat
1 10 260 -120 80 -1 0 0 0 0 -1 0 -1 0 32524.dat
1 10 260 -100 60 -1 0 0 0 0 -1 0 -1 0 32316.dat
1 0 260 -180 70 0 -1 0 0 0 1 -1 0 0 2780.dat
0 STEP
1 0 -140 -100 550 -1 0 0 0 1 0 0 0 -1 42039 - hoodlift2.ldr
0 STEP
1 71 -180 -100 240 0 -1 0 1 0 0 0 0 1 41239.dat
1 72 -210 -100 320 1 0 0 0 1 0 0 0 1 87083.dat
1 71 -200 -100 320 0 0 1 0 1 0 -1 0 0 94925.dat
1 71 -200 -100 240 0 0 1 0 1 0 -1 0 0 94925.dat
1 72 -200 -100 280 0 0 1 0 1 0 -1 0 0 6542b.dat
1 1 -200 -100 120 -1 0 0 0 0 1 0 1 0 6558.dat
1 10 -200 -80 120 0 0 -1 0 -1 0 -1 0 0 42003.dat
1 1 -200 -60 110 0 1 0 0 0 1 1 0 0 43093.dat
0 STEP
1 0 -220 -60 550 0 0 -1 0 1 0 1 0 0 2780.dat
1 0 -260 -60 550 0 0 -1 0 1 0 1 0 0 2780.dat
1 0 -240 -60 440 0 0 1 0 1 0 -1 0 0 15458.dat
1 0 -220 -60 330 0 0 -1 0 1 0 1 0 0 2780.dat
1 0 -260 -60 330 0 0 -1 0 1 0 1 0 0 2780.dat
1 1 -200 -60 380 1 0 0 0 0 1 0 -1 0 6558.dat
1 1 -200 -60 420 1 0 0 0 0 1 0 -1 0 6558.dat
1 0 -210 -60 440 -1 0 0 0 1 0 0 0 -1 2780.dat
1 71 -200 -60 440 0 -1 0 -1 0 0 0 0 -1 32526.dat
0 STEP
1 0 -240 -60 220 0 0 1 0 1 0 -1 0 0 15458.dat
1 0 -220 -60 110 0 -1 0 0 0 1 -1 0 0 2780.dat
1 1 -260 -60 100 0 -1 0 0 0 1 -1 0 0 6558.dat
1 0 -260 -60 100 0 0 1 -1 0 0 0 -1 0 32526.dat
1 1 -200 -100 360 1 0 0 0 0 1 0 -1 0 6558.dat
1 71 -180 -140 380 0 1 0 0 0 1 1 0 0 32526.dat
0 STEP
1 0 -190 -100 200 1 0 0 0 0 1 0 -1 0 3706.dat
1 71 -200 -100 200 0 0 1 0 1 0 -1 0 0 3713.dat
1 71 -220 -100 240 0 -1 0 1 0 0 0 0 1 41239.dat
1 0 -240 -100 240 0 0 1 0 1 0 -1 0 0 32269.dat
1 0 -240 -100 200 0 0 1 0 1 0 -1 0 0 32270.dat
1 0 -250 -100 320 0 0 1 1 0 0 0 1 0 59443.dat
1 4 -270 -100 320 1 0 0 0 0 -1 0 1 0 32062.dat
1 0 -280 -100 320 0 0 1 0 1 0 -1 0 0 32270.dat
1 1 -260 -80 520 0 1 0 -1 0 0 0 0 1 6558.dat
1 1 -260 -80 140 0 1 0 -1 0 0 0 0 1 6558.dat
1 10 -260 -80 200 -1 0 0 0 1 0 0 0 -1 32525.dat
1 10 -260 -80 460 -1 0 0 0 1 0 0 0 -1 32525.dat
1 0 -260 -70 360 0 0 1 -1 0 0 0 -1 0 2780.dat
1 0 -260 -70 280 0 0 1 -1 0 0 0 -1 0 2780.dat
1 0 -260 -90 240 0 0 1 -1 0 0 0 -1 0 2780.dat
1 0 -260 -90 400 0 0 1 -1 0 0 0 -1 0 2780.dat
0 STEP
1 1 -120 -80 90 0 0 -1 0 -1 0 -1 0 0 43093.dat
1 0 -140 -80 90 0 -1 0 0 0 1 -1 0 0 2780.dat
1 0 -180 -80 90 0 -1 0 0 0 1 -1 0 0 2780.dat
1 0 -180 -100 90 0 -1 0 0 0 1 -1 0 0 2780.dat
1 0 -120 -80 80 0 0 -1 -1 0 0 0 1 0 32140.dat
1 10 -260 -120 200 0 1 0 0 0 1 1 0 0 15458.dat
1 0 -260 -150 140 0 0 1 -1 0 0 0 -1 0 2780.dat
1 0 -260 -150 180 0 0 1 -1 0 0 0 -1 0 2780.dat
1 10 -260 -160 100 1 0 0 0 1 0 0 0 1 64393.dat
1 71 -240 -160 100 0 1 0 0 0 -1 -1 0 0 32054.dat
0 STEP
1 10 -260 -120 460 0 1 0 0 0 1 1 0 0 15458.dat
1 1 -240 -140 380 1 0 0 0 0 1 0 -1 0 6558.dat
0 !LDCAD GROUP_NXT [ids=1] [nrs=3]
1 1 -240 -140 350 0 1 0 0 0 1 1 0 0 43093.dat
0 !LDCAD GROUP_NXT [ids=1] [nrs=1]
1 15 -240 -140 380 -1 0 0 0 -1 0 0 0 1 32013.dat
1 15 -210 -140 380 -1 0 0 0 -1 0 0 0 1 62462.dat
1 1 -180 -140 380 -1 0 0 0 0 1 0 1 0 6558.dat
0 !LDCAD GROUP_NXT [ids=1] [nrs=0]
1 15 -160 -140 380 -1 0 0 0 -1 0 0 0 1 32013.dat
0 !LDCAD GROUP_NXT [ids=1] [nrs=2]
1 1 -160 -140 350 0 1 0 0 0 1 1 0 0 43093.dat
0 !LDCAD GROUP_NXT [ids=1] [nrs=4]
1 15 -160 -160 340 0 1 0 1 0 0 0 0 -1 64682.dat
0 !LDCAD GROUP_NXT [ids=1] [nrs=6]
1 0 -180 -140 330 0 0 1 0 1 0 -1 0 0 2780.dat
0 !LDCAD GROUP_NXT [ids=1] [nrs=7]
1 0 -220 -140 330 0 0 1 0 1 0 -1 0 0 2780.dat
0 !LDCAD GROUP_NXT [ids=1] [nrs=5]
1 15 -160 -140 320 0 0 -1 1 0 0 0 -1 0 32140.dat
0 STEP
0 !LDCAD GROUP_NXT [ids=16] [nrs=2]
1 14 -30 -140 580 0 0 1 0.5101 -0.8601 0 0.8601 0.5101 0 59443.dat
0 !LDCAD GROUP_NXT [ids=16] [nrs=4]
1 14 30 -140 580 0 0 1 0.5101 -0.8601 0 0.8601 0.5101 0 59443.dat
0 !LDCAD GROUP_NXT [ids=16] [nrs=5]
1 28 60 -140 580 1 0 0 0 -0.8601 -0.5101 0 0.5101 -0.8601 6587.dat
0 !LDCAD GROUP_NXT [ids=17] [nrs=1]
1 71 0 -140 580 0 -1 0 -0.8601 0 -0.5101 0.5101 0 -0.8601 32348.dat
0 !LDCAD GROUP_NXT [ids=16] [nrs=3]
1 71 0 -140 580 -1 0 0 0 -0.8601 0.5101 0 0.5101 0.8601 4519.dat
0 STEP
0 !LDCAD GROUP_NXT [ids=2] [nrs=0]
1 71 -40 -200 360 0 0.9063 -0.4226 0 0.4226 0.9063 1 0 0 4519.dat
0 !LDCAD GROUP_NXT [ids=3] [nrs=0]
1 71 40 -200 360 0 0.8988 0.4383 0 -0.4383 0.8988 1 0 0 4519.dat
0 !LDCAD GROUP_NXT [ids=3] [nrs=1]
1 0 40 -200 340 0.8988 0 0.4383 -0.4383 0 0.8988 0 -1 0 2825.dat
0 !LDCAD GROUP_NXT [ids=2] [nrs=1]
1 0 -40 -200 340 0.9063 0 -0.4226 0.4226 0 0.9063 0 -1 0 2825.dat
0 !LDCAD GROUP_NXT [ids=3] [nrs=2]
1 0 40 -200 380 0.8988 -0.4383 0 -0.4383 -0.8988 0 0 0 -1 32072.dat
0 !LDCAD GROUP_NXT [ids=2] [nrs=2]
1 0 -40 -200 380 0.9063 0.4226 0 0.4226 -0.9063 0 0 0 -1 32072.dat
0 !LDCAD GROUP_NXT [ids=10] [nrs=1]
1 71 66.3009 -146.0737 330 0 0.4384 -0.8988 0 0.8988 0.4384 1 0 0 2736.dat
0 !LDCAD GROUP_NXT [ids=9] [nrs=1]
1 71 -65.3557 -145.6229 330 0 -0.4226 -0.9063 0 0.9063 -0.4226 1 0 0 2736.dat
0 STEP
1 0 -90 -180 360 1 0 0 0 0 1 0 -1 0 2780.dat
1 0 -90 -200 360 1 0 0 0 0 1 0 -1 0 2780.dat
1 0 -100 -200 400 0 -1 0 -1 0 0 0 0 -1 60484.dat
0 !LDCAD GROUP_NXT [ids=4] [nrs=9]
1 72 -70 -200 400 -1 0 0 0 0.9424 0.3345 0 0.3345 -0.9424 87083.dat
0 !LDCAD GROUP_NXT [ids=4] [nrs=8]
1 71 -80 -200 400 0 0 1 -0.3345 -0.9424 0 0.9424 -0.3345 0 3713.dat
0 !LDCAD GROUP_NXT [ids=4] [nrs=7]
1 0 -60 -200 400 0 0 1 -0.3345 -0.9424 0 0.9424 -0.3345 0 32072.dat
0 !LDCAD GROUP_NXT [ids=4] [nrs=6]
1 0 -30 -200 400 0 0 1 0.9424 -0.3345 0 0.3345 0.9424 0 59443.dat
0 !LDCAD GROUP_NXT [ids=4] [nrs=5]
1 71 0 -200 400 1 0 0 0 -0.3345 -0.9424 0 0.9424 -0.3345 4519.dat
0 !LDCAD GROUP_NXT [ids=4] [nrs=4]
1 0 30 -200 400 0 0 1 0.9424 -0.3345 0 0.3345 0.9424 0 59443.dat
0 !LDCAD GROUP_NXT [ids=4] [nrs=1]
1 71 80 -200 400 -1 0 0 0 0.9424 0.3345 0 0.3345 -0.9424 32073.dat
0 STEP
0 !LDCAD GROUP_NXT [ids=4] [nrs=3]
1 0 60 -200 400 0 0 1 -0.3345 -0.9424 0 0.9424 -0.3345 0 32072.dat
0 !LDCAD GROUP_NXT [ids=4] [nrs=2]
1 71 80 -200 400 0 0 -1 0.3345 -0.9424 0 -0.9424 -0.3345 0 3713.dat
1 0 90 -180 360 1 0 0 0 0 1 0 -1 0 2780.dat
1 0 90 -200 360 1 0 0 0 0 1 0 -1 0 2780.dat
1 0 100 -200 400 0 -1 0 -1 0 0 0 0 -1 60484.dat
0 STEP
0 !LDCAD GROUP_NXT [ids=4] [nrs=0]
1 71 120 -200 400 0 1 0 -0.3345 0 0.9424 0.9424 0 0.3345 42039 - 33299b.dat
1 71 140 -153.5294 452.5231 0 1 0 -0.9749 0 0.2226 0.2226 0 0.9749 32316.dat
0 STEP
1 1 -90 -180 0 -1 0 0 0 1 0 0 0 -1 43093.dat
1 1 -100 -180 60 -1 0 0 0 1 0 0 0 -1 6558.dat
1 0 -100 -260 120 0 -1 0 -0.6 0 0.8 -0.8 0 -0.6 6629.dat
1 0 -110 -244 108 1 0 0 0 0 1 0 -1 0 2780.dat
1 15 -120 -212 84 0 -1 0 -0.6 0 0.8 -0.8 0 -0.6 32316.dat
1 4 -90 -260 120 -1 0 0 0 -0.8 0.6 0 0.6 0.8 32062.dat
1 0 -60 -260 120 1 0 0 0 0.6 -0.8 0 0.8 0.6 32054.dat
1 15 -60 -260 240 0 -1 0 1 0 0 0 0 1 41239.dat
1 0 -110 -180 20 -1 0 0 0 -0.3067 -0.9518 0 -0.9518 0.3067 2780.dat
0 STEP
1 71 -40 -260 140 0 -1 0 -1 0 0 0 0 -1 60483.dat
1 71 0.0015 -260 140 1 0 0 0 0 -1 0 1 0 44294.dat
1 0 -19.9999 -260 140 -1 0 0 0 -1 0 0 0 1 6536.dat
1 71 0 -260 140 0 0 -1 0 -1 0 -1 0 0 3713.dat
1 0 20.0001 -260 140 -1 0 0 0 -1 0 0 0 1 6536.dat
1 71 40.0015 -260 140 0 -1 0 -1 0 0 0 0 -1 60483.dat
1 71 -40 -260 320 1 0 0 0 -1 0 0 0 -1 4519.dat
1 0 -50 -260 300 1 0 0 0 0 1 0 -1 0 2780.dat
1 71 -40 -260 320 0 -1 0 -1 0 0 0 0 -1 60483.dat
1 0 0 -260 320 0 0 -1 1 0 0 0 -1 0 32034.dat
1 71 40 -260 320 1 0 0 0 -1 0 0 0 -1 4519.dat
1 71 40 -260 320 0 -1 0 -1 0 0 0 0 -1 60483.dat
1 1 40 -260 300 1 0 0 0 0.9925 0.1219 0 -0.1219 0.9925 6558.dat
0 STEP
1 0 170 -217.5078 183.4314 1 0 0 0 0.9925 0.1219 0 -0.1219 0.9925 42039 - seat.ldr
1 15 60 -260 240 0 -1 0 1 0 0 0 0 1 41239.dat
1 0 60.0015 -260 120 -1 0 0 0 -0.6 0.8 0 0.8 0.6 32054.dat
1 4 90 -260 120 -1 0 0 0 -0.8 0.6 0 0.6 0.8 32062.dat
1 0 100 -260 120 0 -1 0 -0.6 0 0.8 -0.8 0 -0.6 6629.dat
1 1 90 -180 0 1 0 0 0 -1 0 0 0 -1 43093.dat
1 1 100 -180 60 1 0 0 0 -1 0 0 0 -1 6558.dat
1 0 110 -244 108 1 0 0 0 0 1 0 -1 0 2780.dat
1 15 120 -212 84 0 -1 0 -0.6 0 0.8 -0.8 0 -0.6 32316.dat
1 0 -40 -280 350 0 -1 0 0 0 1 -1 0 0 2780.dat
1 0 40 -280 350 0 -1 0 0 0 1 -1 0 0 2780.dat
1 15 0 -280 340 0 0 -1 1 0 0 0 -1 0 40490.dat
1 0 0 -270 320 0 0 -1 1 0 0 0 -1 0 3705.dat
1 71 0 -280 320 -1 0 0 0 0 -1 0 -1 0 3713.dat
1 0 0 -300 320 -1 0 0 0 0 -1 0 -1 0 32269.dat
1 0 110 -180 20 -1 0 0 0 -0.3067 -0.9518 0 -0.9518 0.3067 2780.dat
0 STEP
0 !LDCAD GROUP_NXT [ids=7] [nrs=0]
1 19 80 -280 340 0 -1 0 0 0 -1 1 0 0 32556.dat
0 !LDCAD GROUP_NXT [ids=5] [nrs=0]
1 19 -80 -280 340 0 -1 0 0 0 -1 1 0 0 32556.dat
0 !LDCAD GROUP_NXT [ids=5] [nrs=3]
1 15 -80 -280 220 0 1 0 -1 0 0 0 0 1 62531.dat
0 !LDCAD GROUP_NXT [ids=8] [nrs=1]
1 15 80 -280 220 0 -1 0 -1 0 0 0 0 -1 62531.dat
0 !LDCAD GROUP_NXT [ids=7] [nrs=5]
1 1 120 -260 340 0 -1 0 0 0 -1 1 0 0 6558.dat
0 !LDCAD GROUP_NXT [ids=5] [nrs=5]
1 1 -120 -260 340 0 -1 0 0 0 -1 1 0 0 6558.dat
1 19 -80 -280 100 0 -1 0 0 0 1 -1 0 0 32556.dat
1 19 80 -280 100 0 -1 0 0 0 1 -1 0 0 32556.dat
1 15 0 -280 80 0 0 -1 1 0 0 0 -1 0 40490.dat
1 1 -19.9999 -280 120 0 0 -1 0 -1 0 -1 0 0 6558.dat
1 1 20.0001 -280 120 0 0 -1 0 -1 0 -1 0 0 6558.dat
1 15 0.0001 -280 120 0 0 1 1 0 0 0 1 0 32316.dat
1 15 0 -280 100 0 0 1 1 0 0 0 1 0 32525.dat
1 1 -100 -280 90 0 0 -1 0 -1 0 -1 0 0 4274.dat
1 1 100 -280 90 0 0 -1 0 -1 0 -1 0 0 4274.dat
0 STEP
0 !LDCAD GROUP_NXT [ids=7] [nrs=4]
1 15 60 -240 340 0 0 1 -1 0 0 0 -1 0 32140.dat
0 !LDCAD GROUP_NXT [ids=5] [nrs=4]
1 15 -60 -240 340 0 0 -1 -1 0 0 0 1 0 32140.dat
0 !LDCAD GROUP_NXT [ids=7] [nrs=2]
1 0 80 -240 350 0 1 0 0 0 -1 -1 0 0 2780.dat
0 !LDCAD GROUP_NXT [ids=7] [nrs=6]
1 0 120 -240 350 0 1 0 0 0 -1 -1 0 0 2780.dat
0 !LDCAD GROUP_NXT [ids=5] [nrs=6]
1 0 -120 -240 350 0 1 0 0 0 -1 -1 0 0 2780.dat
0 !LDCAD GROUP_NXT [ids=5] [nrs=2]
1 0 -80 -240 350 0 1 0 0 0 -1 -1 0 0 2780.dat
0 !LDCAD GROUP_NXT [ids=6] [nrs=1]
1 0 -100 -240 330 0 -1 0 0 0 -1 1 0 0 6628.dat
0 !LDCAD GROUP_NXT [ids=7] [nrs=3]
1 0 100 -240 330 0 -1 0 0 0 -1 1 0 0 6628.dat
0 !LDCAD GROUP_NXT [ids=5] [nrs=1]
1 15 -80 -260 360 -1 0 0 0 0 -1 0 -1 0 32523.dat
0 !LDCAD GROUP_NXT [ids=7] [nrs=1]
1 15 80 -260 360 -1 0 0 0 0 -1 0 -1 0 32523.dat
0 STEP
0 !LDCAD GROUP_NXT [ids=5] [nrs=9]
1 15 -120 -220 360 1 0 0 0 0 -1 0 1 0 32316.dat
0 !LDCAD GROUP_NXT [ids=7] [nrs=8]
1 15 120 -220 360 -1 0 0 0 0 1 0 1 0 32316.dat
0 !LDCAD GROUP_NXT [ids=5] [nrs=7]
1 0 -120 -220 350 0 1 0 0 0 -1 -1 0 0 2780.dat
0 !LDCAD GROUP_NXT [ids=5] [nrs=8]
1 0 -120 -180 350 0 1 0 0 0 -1 -1 0 0 2780.dat
0 !LDCAD GROUP_NXT [ids=7] [nrs=7]
1 0 120 -220 350 0 -1 0 0 0 1 -1 0 0 2780.dat
0 !LDCAD GROUP_NXT [ids=7] [nrs=9]
1 0 120 -180 350 0 -1 0 0 0 1 -1 0 0 2780.dat
0 !LDCAD GROUP_NXT [ids=5] [nrs=10]
1 15 -140 -180 340 -1 0 0 0 1 0 0 0 -1 64681.dat
0 !LDCAD GROUP_NXT [ids=7] [nrs=10]
1 15 140 -180 340 -1 0 0 0 1 0 0 0 -1 64393.dat
1 0 -100 -240 320 -0.9397 0 0.342 0.342 0 0.9397 0 1 0 32005.dat
1 0 100 -240 320 -0.9397 0 -0.342 -0.342 0 0.9397 0 1 0 32005.dat
0 STEP
1 15 120.0001 -180 20 -1 0 0 0 -1 0 0 0 1 32013.dat
1 15 -120.0001 -180 20 -1 0 0 0 -1 0 0 0 1 32013.dat
1 15 119.9999 -180 10 -1 0 0 0 0 1 0 1 0 42039 - technicFlexAxle-1.ldr
1 71 0 -200 -100 1 0 0 0 0.866 -0.5 0 0.5 0.866 32073.dat
1 71 0 -200 -100 0 0 1 0.5 0.866 0 -0.866 0.5 0 3713.dat
1 0 -59.9997 -200 -100 0 -0.9239 0.3827 -0.8613 0.1944 0.4694 -0.5081 -0.3296 -0.7958 32015.dat
1 0 59.9997 -200 -100 0 0.9239 -0.3827 0.8613 0.1944 0.4694 0.5081 -0.3296 -0.7958 32015.dat
1 0 100 -280 106 -1 0 0 0 0 1 0 1 0 42039 - technicFlexAxle-2.ldr
1 0 -100 -280 106 -1 0 0 0 0 1 0 1 0 42039 - technicFlexAxle-3.ldr
0 STEP
1 0 140 -160 60 0 0 -1 -1 0 0 0 1 0 15100.dat
1 15 140 -180 60 0 1 0 -1 0 0 0 0 1 32013.dat
1 15 -140 -180 60 0 1 0 -1 0 0 0 0 1 32013.dat
1 0 -140 -160 60 0 0 -1 -1 0 0 0 1 0 15100.dat
1 72 230 -100 -260 0 0 -1 0 1 0 1 0 0 42039 - headlight1.ldr
1 47 200 -180 -220 1 0 0 0 1 0 0 0 1 42039 - headlight2.ldr
0 STEP
1 10 210 -200 60 1 0 0 0 1 0 0 0 1 42039 - mudguard1.ldr
1 0 210 -200 -180 1 0 0 0 1 0 0 0 1 3706.dat
1 15 210 -200 -180 1 0 0 0 -0.7071 0.7071 0 -0.7071 -0.7071 62462.dat
0 STEP
1 1 -260 -100 80 0 -0.7071 -0.7071 0 -0.7071 0.7071 -1 0 0 6558.dat
1 1 -260 -140 80 0 -0.7071 -0.7071 0 -0.7071 0.7071 -1 0 0 6558.dat
1 1 -260 -160 80 0 -0.7071 -0.7071 0 -0.7071 0.7071 -1 0 0 6558.dat
1 10 -260 -120 80 1 0 0 0 0 -1 0 1 0 32524.dat
1 10 -260 -100 60 1 0 0 0 0 -1 0 1 0 32316.dat
1 0 -260 -180 70 0 1 0 0 0 -1 -1 0 0 2780.dat
0 STEP
1 10 -200 -100 -260 0 0 -1 0 1 0 1 0 0 42039 - headlight3.ldr
1 47 -160 -180 -220 1 0 0 0 1 0 0 0 1 42039 - headlight4.ldr
1 4 -210 -200 60 1 0 0 0 1 0 0 0 1 42039 - mudguard2.ldr
1 0 -210 -200 -180 1 0 0 0 1 0 0 0 1 3706.dat
1 15 -210 -200 -180 1 0 0 0 -0.7071 0.7071 0 -0.7071 -0.7071 62462.dat
0 STEP
1 15 180 -100 -280 0 0 -1 -1 0 0 0 1 0 32523.dat
1 15 -180 -100 -280 0 0 -1 -1 0 0 0 1 0 32523.dat
1 0 180 -100 -290 0 0 -1 0 1 0 1 0 0 2780.dat
1 0 200 -100 -290 0 0 -1 0 1 0 1 0 0 2780.dat
1 0 -180 -100 -290 0 0 -1 0 1 0 1 0 0 2780.dat
1 0 -200 -100 -290 0 0 -1 0 1 0 1 0 0 2780.dat
1 0 220 -70 -340 0 0 -1 -1 0 0 0 1 0 2780.dat
1 0 -220 -70 -340 0 0 -1 -1 0 0 0 1 0 2780.dat
1 10 240 -100 -300 0 0 -1 -1 0 0 0 1 0 64681.dat
1 10 -240 -100 -300 0 0 1 1 0 0 0 1 0 64393.dat
0 STEP
0 !LDCAD GROUP_NXT [ids=12] [nrs=0]
1 71 0 -123.222 -301.7274 1 0 0 0 0.9397 -0.342 0 0.342 0.9397 32073.dat
0 !LDCAD GROUP_NXT [ids=12] [nrs=3]
1 71 -20 -123.222 -301.7274 0 0 1 0.9397 -0.342 0 0.342 0.9397 0 3713.dat
0 !LDCAD GROUP_NXT [ids=12] [nrs=1]
1 71 20 -123.222 -301.7274 0 0 -1 -0.9397 -0.342 0 -0.342 0.9397 0 3713.dat
0 !LDCAD GROUP_NXT [ids=12] [nrs=4]
1 15 -60 -123.222 -301.7274 0 0 -1 0.9397 0.342 0 0.342 -0.9397 0 32015.dat
0 !LDCAD GROUP_NXT [ids=12] [nrs=2]
1 15 60 -123.222 -301.7274 0 0 1 -0.9397 0.342 0 -0.342 -0.9397 0 32015.dat
1 15 -140 -180 50 0 0 1 1 0 0 0 1 0 42039 - technicFlexAxle-4.ldr
1 15 140 -180 50 0 0 1 1 0 0 0 1 0 42039 - technicFlexAxle-5.ldr
0 STEP
1 15 0 -166.3537 -241.0627 0 0 -1 -0.3256 0.9455 0 0.9455 0.3256 0 15458.dat
1 0 30 -185.8877 -184.332 -1 0 0 0 0 1 0 1 0 2780.dat
1 0 30 -172.8651 -222.1524 -1 0 0 0 0 1 0 1 0 2780.dat
1 0 -30 -185.8877 -184.332 -1 0 0 0 0 1 0 1 0 2780.dat
1 0 -30 -172.8651 -222.1524 -1 0 0 0 0 1 0 1 0 2780.dat
1 15 -40 -198.9103 -146.5115 0 1 0 0.9455 0 0.3256 0.3256 0 -0.9455 64393.dat
1 15 40.0001 -198.9103 -146.5115 0 -1 0 -0.9455 0 0.3256 -0.3256 0 -0.9455 64681.dat
0 STEP
1 1 220 -230 60 0 1 0 1 0 0 0 0 -1 43093.dat
1 1 -220 -230 60 0 1 0 1 0 0 0 0 -1 43093.dat
1 71 233.6603 -240 56.3397 -0.866 -0.5 0 0 0 1 -0.5 0.866 0 42039 - 18677.dat
1 71 255.641 -240 78.2679 -0.866 -0.5 0 0 0 1 -0.5 0.866 0 3623.dat
1 71 229 -240 44.4115 -0.866 -0.5 0 0 0 1 -0.5 0.866 0 3024.dat
1 71 258.9808 -240 52.4833 0 -0.5 -0.866 -1 0 0 0 0.866 -0.5 61678.dat
1 71 -233.6603 -240 56.3397 0.866 0.5 0 0 0 -1 -0.5 0.866 0 42039 - 18677.dat
1 71 -255.641 -240 78.2679 0.866 0.5 0 0 0 -1 -0.5 0.866 0 3623.dat
1 71 -229 -240 44.4115 0.866 0.5 0 0 0 -1 -0.5 0.866 0 3024.dat
1 71 -258.9808 -240 52.4833 0 0.5 0.866 1 0 0 0 0.866 -0.5 61678.dat
1 0 -70 -100 780 -1 0 0 0 0 -1 0 -1 0 2780.dat
1 0 -80 -80 820 0 1 0 1 0 0 0 0 -1 60484.dat
0 !LDCAD GROUP_NXT [ids=14] [nrs=0]
1 0 0 -200 820 0 0 -1 -1 0 0 0 1 0 42039 - hood.ldr
1 0 70 -100 780 -1 0 0 0 0 -1 0 -1 0 2780.dat
1 0 80 -80 820 0 1 0 1 0 0 0 0 -1 60484.dat
0 STEP
0 !LDCAD GROUP_NXT [ids=14] [nrs=10]
1 0 100 -100 820 1 0 0 0 -1 0 0 0 -1 42003.dat
0 !LDCAD GROUP_NXT [ids=14] [nrs=9]
1 0 -100 -100 820 1 0 0 0 -1 0 0 0 -1 42003.dat
0 !LDCAD GROUP_NXT [ids=14] [nrs=1]
1 0 100 -100 810 0 0 -1 0 -1 0 -1 0 0 2780.dat
0 !LDCAD GROUP_NXT [ids=14] [nrs=7]
1 0 -100 -100 810 0 0 -1 0 -1 0 -1 0 0 2780.dat
0 !LDCAD GROUP_NXT [ids=14] [nrs=8]
1 28 -100 -120 822 0 0 -1 0 1 0 1 0 0 6587.dat
0 !LDCAD GROUP_NXT [ids=14] [nrs=2]
