0 Name: 42032-B
0 Author: D3K
0 !LDCAD GROUP_DEF [topLevel=true] [LID=0] [GID=4Bc5bNpBsHO] [name=Group 1] [center=0 0 0]
1 71 -20 -36 0 1 0 0 0 0 1 0 -1 0 32184.dat
1 71 -20 -36 20 1 0 0 0 0 1 0 -1 0 4519.dat
1 71 -20 -36 -20 1 0 0 0 0 1 0 -1 0 44294.dat
1 71 -40 -36 -20 0 -1 0 0 0 -1 1 0 0 33299.dat
1 71 0 -36 -20 0 1 0 0 0 -1 -1 0 0 33299.dat
1 71 20 -36 -20 0 0 1 1 0 0 0 1 0 3713.dat
1 71 -60 -36 -20 0 0 -1 -1 0 0 0 1 0 3713.dat
1 71 -5 -36 20 0 0 -1 -1 0 0 0 1 0 32123a.dat
1 71 -35 -36 20 0 0 -1 -1 0 0 0 1 0 32123a.dat
1 0 40 -36 -20 0 0 -1 0 1 0 1 0 0 32039.dat
1 0 -80 -36 -20 0 0 1 0 -1 0 1 0 0 32039.dat
1 72 -20 -106 0 0 1 0 1 0 0 0 0 -1 55013.dat
1 71 -20 -51 0 -1 0 0 0 0 -1 0 -1 0 32123a.dat
1 71 -20 -76 0 -1 0 0 0 0 -1 0 -1 0 4716.dat
1 71 -20 -101 0 -1 0 0 0 0 -1 0 -1 0 32123a.dat
1 71 -20 -116 0 1 0 0 0 0 1 0 -1 0 32184.dat
1 0 -20 -116 20 1 0 0 0 0 1 0 -1 0 3706.dat
1 71 -5 -116 20 0 0 -1 -1 0 0 0 1 0 32123a.dat
1 71 -35 -116 20 0 0 -1 -1 0 0 0 1 0 32123a.dat
1 72 -45 -76 20 0 1 0 -1 0 0 0 0 1 99773.dat
1 72 5 -76 20 0 1 0 -1 0 0 0 0 1 99773.dat
1 0 -20 -76 40 1 0 0 0 1 0 0 0 1 3705.dat
1 72 -20 -76 40 0 0 1 1 0 0 0 1 0 3648b.dat
1 0 -35 -76 80 0 1 0 -1 0 0 0 0 1 11478.dat
1 0 -5 -76 80 0 1 0 -1 0 0 0 0 1 11478.dat
1 71 -20 -76 120 1 0 0 0 0 1 0 -1 0 4519.dat
1 71 -20 -76 120 1 0 0 0 0 -1 0 1 0 63869.dat
1 71 70 -58.961 75.4328 0 0 -1 0.3827 -0.9239 0 -0.9239 -0.3827 0 87407.dat
1 72 50 -58.961 75.4328 1 0 0 0 -0.9239 0.3827 0 -0.3827 -0.9239 87083.dat
1 72 60 -58.961 75.4328 1 0 0 0 0.3827 0.9239 0 -0.9239 0.3827 6553.dat
1 15 60 -36 20 1 0 0 0 1 0 0 0 1 32016.dat
1 71 50 -58.961 75.4328 0 0 1 -0.3827 -0.9239 0 0.9239 -0.3827 0 87407.dat
1 71 25 -58.961 75.4328 0 0 -1 0.3827 -0.9239 0 -0.9239 -0.3827 0 32123a.dat
1 19 60 -36 20 -1 0 0 0 -0.9239 -0.3827 0 -0.3827 0.9239 32556.dat
1 71 70 -36 20 0 0 -1 0.3827 -0.9239 0 -0.9239 -0.3827 0 87407.dat
1 71 50 -36 20 0 0 1 -0.3827 -0.9239 0 0.9239 -0.3827 0 87407.dat
1 71 60 -36 -40 0 0 -1 0 -1 0 -1 0 0 32073.dat
1 71 -90 -58.961 75.4328 0 0 -1 0.3827 -0.9239 0 -0.9239 -0.3827 0 87407.dat
1 72 -90 -58.961 75.4328 -1 0 0 0 0.9239 -0.3827 0 -0.3827 -0.9239 87083.dat
1 72 -100 -58.961 75.4328 1 0 0 0 0.3827 0.9239 0 -0.9239 0.3827 6553.dat
1 15 -100 -36 20 1 0 0 0 1 0 0 0 1 32016.dat
1 71 -110 -58.961 75.4328 0 0 1 -0.3827 -0.9239 0 0.9239 -0.3827 0 87407.dat
1 71 -65 -58.961 75.4328 0 0 1 -0.3827 0.9239 0 -0.9239 -0.3827 0 32123a.dat
1 19 -100 -36 20 -1 0 0 0 -0.9239 -0.3827 0 -0.3827 0.9239 32556.dat
1 71 -90 -36 20 0 0 -1 0.3827 -0.9239 0 -0.9239 -0.3827 0 87407.dat
1 71 -110 -36 20 0 0 1 -0.3827 -0.9239 0 0.9239 -0.3827 0 87407.dat
1 71 -100 -36 -40 0 0 -1 0 -1 0 -1 0 0 32073.dat
1 15 -19.998 -36 -40 0 0 1 1 0 0 0 1 0 32525.dat
1 0 80.0045 -36 -39.9997 0 -1 0 0 0 1 -1 0 0 32054.dat
1 0 -120.0005 -36 -39.9997 0 -1 0 0 0 1 -1 0 0 32054.dat
1 71 60 -36 -60 0 -1 0 1 0 0 0 0 1 3713.dat
1 71 -100 -36 -60 0 -1 0 1 0 0 0 0 1 3713.dat
1 0 60 -36 -80 1 0 0 0 1 0 0 0 1 32039.dat
1 0 -100 -36 -80 1 0 0 0 1 0 0 0 1 32039.dat
1 72 50 -36 -100 1 0 0 0 0 1 0 -1 0 87083.dat
1 71 70 -36 -100 0 0 -1 0.7071 -0.7071 0 -0.7071 -0.7071 0 87407.dat
1 71 50 -36 -100 0 0 1 -0.7071 -0.7071 0 0.7071 -0.7071 0 87407.dat
1 71 -90 -36 -100 0 0 -1 0.7071 -0.7071 0 -0.7071 -0.7071 0 87407.dat
1 72 -90 -36 -100 -1 0 0 0 1 0 0 0 -1 87083.dat
1 71 -110 -36 -100 0 0 1 -0.7071 -0.7071 0 0.7071 -0.7071 0 87407.dat
1 72 -60 -36 -100 -1 0 0 0 -1 0 0 0 1 6536.dat
1 72 20 -36 -100 -1 0 0 0 -1 0 0 0 1 6536.dat
1 0 -60 -56.0005 -110.0003 0 0 -1 0 -1 0 -1 0 0 2780.dat
1 0 20 -56.0008 -109.9997 0 0 -1 0 -1 0 -1 0 0 2780.dat
1 15 -19.999 -56.0005 -120.0003 0 0 -1 1 0 0 0 -1 0 32316.dat
1 0 60.001 -12.0005 -105.0003 -1 0 0 0 -1 0 0 0 1 3873.dat
1 0 60.001 -12.0005 -89.0003 -1 0 0 0 -1 0 0 0 1 3873.dat
1 0 60.001 -12.0005 -57.0003 -1 0 0 0 -1 0 0 0 1 3873.dat
1 0 60.001 -12.0005 -73.0003 -1 0 0 0 -1 0 0 0 1 3873.dat
1 0 60.001 -12.0005 -25.0003 -1 0 0 0 -1 0 0 0 1 3873.dat
1 0 60.001 -12.0005 -41.0003 -1 0 0 0 -1 0 0 0 1 3873.dat
1 0 60.001 -12.0005 6.9997 -1 0 0 0 -1 0 0 0 1 3873.dat
1 0 60.001 -12.0005 -9.0003 -1 0 0 0 -1 0 0 0 1 3873.dat
1 0 60.001 -16.1416 38.4546 -1 0 0 0 -0.9135 -0.4067 0 -0.4067 0.9135 3873.dat
1 0 60.001 -12.0005 22.9997 -1 0 0 0 -0.9659 -0.2588 0 -0.2588 0.9659 3873.dat
1 0 60.001 -22.6494 53.0713 -1 0 0 0 -0.9135 -0.4067 0 -0.4067 0.9135 3873.dat
1 0 60.001 -29.1572 67.688 -1 0 0 0 -0.9135 -0.4067 0 -0.4067 0.9135 3873.dat
1 0 60.001 -35.665 82.3047 -1 0 0 0 -0.866 -0.5 0 -0.5 0.866 3873.dat
1 0 60.001 -43.665 96.1611 -1 0 0 0 -0.342 -0.9397 0 -0.9397 0.342 3873.dat
1 0 60.001 -58.7001 101.6335 -1 0 0 0 0.342 -0.9397 0 -0.9397 -0.342 3873.dat
1 0 60.001 -73.7351 96.1611 -1 0 0 0 0.7986 -0.6018 0 -0.6018 -0.7986 3873.dat
1 0 60.001 -83.3642 83.383 -1 0 0 0 0.9998 -0.0175 0 -0.0175 -0.9998 3873.dat
1 0 60.001 -83.6434 67.3854 -1 0 0 0 0.8387 0.5446 0 0.5446 -0.8387 3873.dat
1 0 60.001 -74.9292 53.9667 -1 0 0 0 0.8387 0.5446 0 0.5446 -0.8387 3873.dat
1 0 60.001 -66.215 40.548 -1 0 0 0 0.9205 0.3907 0 0.3907 -0.9205 3873.dat
1 0 60.001 -60.0005 25.9997 -1 0 0 0 1 0 0 0 -1 3873.dat
1 0 60.001 -60.0005 9.9997 -1 0 0 0 1 0 0 0 -1 3873.dat
1 0 60.001 -60.0005 -22.0003 -1 0 0 0 1 0 0 0 -1 3873.dat
1 0 60.001 -60.0005 -6.0003 -1 0 0 0 1 0 0 0 -1 3873.dat
1 0 60.001 -60.0005 -54.0003 -1 0 0 0 1 0 0 0 -1 3873.dat
1 0 60.001 -60.0005 -38.0003 -1 0 0 0 1 0 0 0 -1 3873.dat
1 0 60.001 -60.0005 -86.0003 -1 0 0 0 1 0 0 0 -1 3873.dat
1 0 60.001 -60.0005 -70.0003 -1 0 0 0 1 0 0 0 -1 3873.dat
1 0 60.001 -60.0005 -102.0003 -1 0 0 0 0.9511 0.309 0 0.309 -0.9511 3873.dat
1 0 60.001 -55.0562 -117.2172 -1 0 0 0 0.4695 0.8829 0 0.8829 -0.4695 3873.dat
1 0 60.001 -25.0167 -123.0562 -1 0 0 0 -0.6691 0.7431 0 0.7431 0.6691 3873.dat
1 0 60.001 -40.9291 -124.7287 -1 0 0 0 -0.1045 0.9945 0 0.9945 0.1045 3873.dat
1 0 60.001 -13.1264 -112.3502 -1 0 0 0 -0.9848 0.1736 0 0.1736 0.9848 3873.dat
1 0 -99.999 -60.0005 25.9997 -1 0 0 0 1 0 0 0 -1 3873.dat
1 0 -99.999 -12.0005 -105.0003 -1 0 0 0 -1 0 0 0 1 3873.dat
1 0 -99.999 -12.0005 -89.0003 -1 0 0 0 -1 0 0 0 1 3873.dat
1 0 -99.999 -12.0005 -57.0003 -1 0 0 0 -1 0 0 0 1 3873.dat
1 0 -99.999 -12.0005 -73.0003 -1 0 0 0 -1 0 0 0 1 3873.dat
1 0 -99.999 -12.0005 -25.0003 -1 0 0 0 -1 0 0 0 1 3873.dat
1 0 -99.999 -12.0005 -41.0003 -1 0 0 0 -1 0 0 0 1 3873.dat
1 0 -99.999 -12.0005 6.9997 -1 0 0 0 -1 0 0 0 1 3873.dat
1 0 -99.999 -12.0005 -9.0003 -1 0 0 0 -1 0 0 0 1 3873.dat
1 0 -99.999 -16.1416 38.4546 -1 0 0 0 -0.9135 -0.4067 0 -0.4067 0.9135 3873.dat
1 0 -99.999 -12.0005 22.9997 -1 0 0 0 -0.9659 -0.2588 0 -0.2588 0.9659 3873.dat
1 0 -99.999 -22.6494 53.0713 -1 0 0 0 -0.9135 -0.4067 0 -0.4067 0.9135 3873.dat
1 0 -99.999 -29.1572 67.688 -1 0 0 0 -0.9135 -0.4067 0 -0.4067 0.9135 3873.dat
1 0 -99.999 -35.665 82.3047 -1 0 0 0 -0.866 -0.5 0 -0.5 0.866 3873.dat
1 0 -99.999 -43.665 96.1611 -1 0 0 0 -0.342 -0.9397 0 -0.9397 0.342 3873.dat
1 0 -99.999 -58.7001 101.6335 -1 0 0 0 0.342 -0.9397 0 -0.9397 -0.342 3873.dat
1 0 -99.999 -73.7351 96.1611 -1 0 0 0 0.7986 -0.6018 0 -0.6018 -0.7986 3873.dat
1 0 -99.999 -83.3642 83.383 -1 0 0 0 0.9998 -0.0175 0 -0.0175 -0.9998 3873.dat
1 0 -99.999 -83.6434 67.3854 -1 0 0 0 0.8387 0.5446 0 0.5446 -0.8387 3873.dat
1 0 -99.999 -74.9292 53.9667 -1 0 0 0 0.8387 0.5446 0 0.5446 -0.8387 3873.dat
1 0 -99.999 -66.215 40.548 -1 0 0 0 0.9205 0.3907 0 0.3907 -0.9205 3873.dat
1 0 -99.999 -60.0005 9.9997 -1 0 0 0 1 0 0 0 -1 3873.dat
1 0 -99.999 -60.0005 -22.0003 -1 0 0 0 1 0 0 0 -1 3873.dat
1 0 -99.999 -60.0005 -6.0003 -1 0 0 0 1 0 0 0 -1 3873.dat
1 0 -99.999 -60.0005 -54.0003 -1 0 0 0 1 0 0 0 -1 3873.dat
1 0 -99.999 -60.0005 -38.0003 -1 0 0 0 1 0 0 0 -1 3873.dat
1 0 -99.999 -60.0005 -86.0003 -1 0 0 0 1 0 0 0 -1 3873.dat
1 0 -99.999 -60.0005 -70.0003 -1 0 0 0 1 0 0 0 -1 3873.dat
1 0 -99.999 -60.0005 -102.0003 -1 0 0 0 0.9511 0.309 0 0.309 -0.9511 3873.dat
1 0 -99.999 -55.0562 -117.2172 -1 0 0 0 0.4695 0.8829 0 0.8829 -0.4695 3873.dat
1 0 -99.999 -25.0167 -123.0562 -1 0 0 0 -0.6691 0.7431 0 0.7431 0.6691 3873.dat
1 0 -99.999 -40.9291 -124.7287 -1 0 0 0 -0.1045 0.9945 0 0.9945 0.1045 3873.dat
1 0 -99.999 -13.1264 -112.3502 -1 0 0 0 -0.9848 0.1736 0 0.1736 0.9848 3873.dat
1 1 -19.999 -56.0005 -110 0 0 -1 0 1 0 1 0 0 43093.dat
1 0 -19.999 -76.0005 -100 0 0 -1 0 -1 0 -1 0 0 42003.dat
1 1 -19.999 -96.0005 -100 1 0 0 0 -1 0 0 0 -1 6558.dat
1 1 0.001 -76.0005 -100 1 0 0 0 -1 0 0 0 -1 6558.dat
1 72 0.001 -116.0005 -20 0 1 0 1 0 0 0 0 -1 32526.dat
1 72 -39.999 -116.0005 -20 0 1 0 1 0 0 0 0 -1 32526.dat
1 0 -49.999 -76.0005 -100 1 0 0 0 -1 0 0 0 -1 2780.dat
1 0 -49.999 -116.0005 -100 1 0 0 0 -1 0 0 0 -1 2780.dat
1 0 10.001 -116.0005 -100 1 0 0 0 -1 0 0 0 -1 2780.dat
1 71 -19.999 -116.0005 -20 1 0 0 0 -1 0 0 0 -1 32073.dat
1 71 -20 -146 0 0 -1 0 -1 0 0 0 0 -1 62462.dat
1 0 -20 -186 0 0 1 0 0 0 -1 -1 0 0 59443.dat
1 4 -20 -206 0 0 0 -1 -1 0 0 0 1 0 32062.dat
1 0 -20 -226 0 0 1 0 0 0 -1 -1 0 0 59443.dat
1 25 -60 -76 20 0 1 0 -1 0 0 0 0 1 32009.dat
1 25 20 -76 20 0 1 0 -1 0 0 0 0 1 32009.dat
1 71 -20 -196 40 -1 0 0 0 0 1 0 1 0 32184.dat
1 0 -20 -196 20 -1 0 0 0 1 0 0 0 -1 3705.dat
1 71 -20 -196 60 -1 0 0 0 -1 0 0 0 1 32073.dat
1 71 -20 -206 40 0 0 -1 -1 0 0 0 1 0 4274.dat
1 72 -40 -136 20 0 -1 0 0 0 -1 1 0 0 32140.dat
1 72 0 -136 20 0 -1 0 0 0 -1 1 0 0 32140.dat
1 19 10 -196 40 1 0 0 0 0 -1 0 1 0 32002.dat
1 19 -50 -196 40 -1 0 0 0 0 -1 0 -1 0 32002.dat
1 72 15 -196 20 0 1 0 -1 0 0 0 0 1 6632.dat
1 72 -55 -196 20 0 1 0 -1 0 0 0 0 1 6632.dat
1 1 -50 -136 20 1 0 0 0 0 -1 0 1 0 43093.dat
1 1 10 -136 20 -1 0 0 0 0 -1 0 -1 0 43093.dat
1 57 -20 -193 40 -1 0 0 0 1 0 0 0 -1 58176.dat
1 0 -75 -116 60 0 1 0 -1 0 0 0 0 1 11478.dat
1 0 35 -116 60 0 1 0 -1 0 0 0 0 1 11478.dat
1 0 -20 -116 100 1 0 0 0 0 1 0 -1 0 3706.dat
1 72 25 -116 60 0 -1 0 0 0 -1 1 0 0 32250.dat
1 72 -65 -116 60 0 -1 0 0 0 -1 1 0 0 32250.dat
1 0 0 -116 100 -1 0 0 0 0 1 0 1 0 41678.dat
1 0 -40 -116 100 -1 0 0 0 0 1 0 1 0 41678.dat
1 71 10 -136 110 0 1 0 0 0 1 1 0 0 4274.dat
1 71 -10 -136 110 0 1 0 0 0 1 1 0 0 4274.dat
1 71 -50 -136 110 0 1 0 0 0 1 1 0 0 4274.dat
1 71 -30 -136 110 0 1 0 0 0 1 1 0 0 4274.dat
1 0 -20 -136 110 -1 0 0 0 0 -1 0 -1 0 85984.dat
1 47 10 -136 110 -1 0 0 0 0 -1 0 -1 0 54200.dat
1 47 -50 -136 110 -1 0 0 0 0 -1 0 -1 0 54200.dat
1 72 20.001 -116.0005 -100 0 1 0 1 0 0 0 0 -1 40490.dat
1 72 -59.999 -116.0005 -100 0 1 0 1 0 0 0 0 -1 40490.dat
1 71 10.001 -116.0005 -120 1 0 0 0 -1 0 0 0 -1 3673.dat
1 71 -49.999 -116.0005 -120 1 0 0 0 -1 0 0 0 -1 3673.dat
1 0 -49.999 -116.0005 -160 1 0 0 0 -1 0 0 0 -1 2780.dat
1 0 10.001 -116.0005 -160 1 0 0 0 -1 0 0 0 -1 2780.dat
1 71 0.001 -116.0005 -140 0 -1 0 -1 0 0 0 0 -1 32523.dat
1 71 -39.999 -116.0005 -140 0 -1 0 -1 0 0 0 0 -1 32523.dat
1 0 -19.999 -116.0005 -140 1 0 0 0 1 0 0 0 1 3705.dat
1 71 -19.999 -116.0005 -160 1 0 0 0 0 1 0 -1 0 32184.dat
1 71 -19.999 -116.0005 -180 1 0 0 0 -1 0 0 0 -1 32073.dat
1 71 -39.999 -116.0005 -180 -1 0 0 0 1 0 0 0 -1 32291.dat
1 71 0.001 -116.0005 -180 -1 0 0 0 1 0 0 0 -1 32291.dat
1 71 10.001 -96.0005 -190 0 0 1 0 1 0 -1 0 0 4274.dat
1 71 -49.999 -96.0005 -190 0 0 1 0 1 0 -1 0 0 4274.dat
1 36 10.001 -96.0005 -198 0 0 1 1 0 0 0 1 0 4073.dat
1 36 -49.999 -96.0005 -198 0 0 1 1 0 0 0 1 0 4073.dat
1 19 -59.999 -116.0005 -80 1 0 0 0 0 -1 0 1 0 32556.dat
1 19 20.001 -116.0005 -80 -1 0 0 0 0 -1 0 -1 0 32556.dat
1 72 -10 -156 20 -1 0 0 0 0 -1 0 -1 0 55013.dat
1 0 -79.999 -136.0005 -80 0 0 -1 0 1 0 1 0 0 42003.dat
1 0 40.001 -136.0005 -80 0 0 -1 0 1 0 1 0 0 42003.dat
1 0 -80 -156 20 -1 0 0 0 -1 0 0 0 1 32015.dat
1 0 40 -156 20 -1 0 0 0 -1 0 0 0 1 32015.dat
1 72 40 -156 -47 0 0 -1 0 -1 0 -1 0 0 59426.dat
1 72 -80 -156 -47 0 0 -1 0 -1 0 -1 0 0 59426.dat
1 71 60 -156 20 0 0 -1 1 0 0 0 -1 0 3713.dat
1 71 30.001 -116.0005 80 0 0 1 0.3256 0.9455 0 -0.9455 0.3256 0 14682.dat
1 1 -19.999 -126.0005 -160 0 0 -1 -1 0 0 0 1 0 43093.dat
1 0 -39.999 -136.0005 -160 0 -1 0 -1 0 0 0 0 -1 42003.dat
1 1 -39.999 -136.0005 -160 0 0 1 0 -1 0 1 0 0 6558.dat
1 1 -59.999 -136.0005 -160 0 0 1 0 -1 0 1 0 0 6558.dat
1 1 -59.999 -216.0005 -140 1 0 0 0 0 1 0 -1 0 32526.dat
1 1 -59.999 -216.0005 -180 1 0 0 0 0 1 0 -1 0 32526.dat
1 1 -59.999 -216.0005 -160 0 -0.2588 0.9659 0 -0.9659 -0.2588 1 0 0 6558.dat
1 15 17.2751 -236.706 -160 -0.2588 0 -0.9659 -0.9659 0 0.2588 0 1 0 32525.dat
1 0 -19.999 -216.0005 -150 0 0 1 0 -1 0 1 0 0 2780.dat
1 0 113.8677 -262.5879 -150 0 -0.2588 0.9659 0 -0.9659 -0.2588 1 0 0 2780.dat
1 71 75.2306 -252.2352 -150 0 -0.2588 0.9659 0 -0.9659 -0.2588 1 0 0 3673.dat
1 0 -59.999 -176.0005 -150 0 0 1 0 1 0 -1 0 0 3705.dat
1 71 -59.999 -176.0005 -160 0 0 1 1 0 0 0 1 0 33299.dat
1 71 -19.999 -196.0005 -140 1 0 0 0 0 1 0 -1 0 32523.dat
1 71 55.9121 -247.0588 -140 0.2588 0 0.9659 0.9659 0 -0.2588 0 1 0 32140.dat
1 0 119.044 -243.2694 -150 0 -0.6428 0.766 0 -0.766 -0.6428 1 0 0 2780.dat
1 1 55.9121 -247.0588 -130 0 -0.9659 0.2588 0 0.2588 0.9659 -1 0 0 43093.dat
1 0 -59.999 -176.0005 -120 1 0 0 0 -1 0 0 0 -1 32270.dat
1 15 135.9488 -207.0171 -160 0.9063 0 0.4226 -0.4226 0 0.9063 0 -1 0 32316.dat
1 71 48.5916 -219.7383 -120 -0.5 0.866 0 -0.866 -0.5 0 0 0 1 63869.dat
1 0 33.5916 -245.719 -120 -0.5 0 0.866 -0.866 0 -0.5 0 -1 0 3705.dat
1 71 135.9488 -207.0171 -150 0 0 1 0 -1 0 1 0 0 3673.dat
0 !LDCAD GROUP_NXT [ids=0] [nrs=0]
1 0 135.9488 -207.0171 -140 -0.9962 0 -0.0872 -0.0872 0 0.9962 0 1 0 15100.dat
0 !LDCAD GROUP_NXT [ids=0] [nrs=1]
1 71 106.0629 -209.6318 -140 0.9962 0.0872 0 0.0872 -0.9962 0 0 0 -1 62462.dat
0 !LDCAD GROUP_NXT [ids=0] [nrs=2]
1 0 76.1771 -212.2464 -140 0.9962 0 -0.0872 0.0872 0 0.9962 0 -1 0 15100.dat
1 0 75.9121 -212.4178 -130 0 -0.5 0.866 0 -0.866 -0.5 1 0 0 2780.dat
1 71 152.8535 -130.7648 -140 -1 0 0 0 0 -1 0 -1 0 33299.dat
1 1 152.8535 -130.7648 -150 0 1 0 0 0 1 1 0 0 43093.dat
1 1 0 -56 140 0 -1 0 -1 0 0 0 0 -1 6558.dat
1 1 -40 -56 140 0 -1 0 -1 0 0 0 0 -1 6558.dat
1 15 -20 -56 140 0 0 -1 0 -1 0 -1 0 0 32278.dat
1 15 -20 -36 140 0 0 -1 0 -1 0 -1 0 0 32278.dat
