0 FILE 42038 - main.ldr
0 main
0 Name: 42038 - main.ldr
0 Author: Philippe Hurbain [Philo]
0 !LDRAW_ORG Unofficial_Model
0 !LICENSE Redistributable under CCAL version 2.0 : see CAreadme.txt

0 !THEME Technic

1 0 0 -40 0 -1 0 0 0 0 1 0 1 0 32526.dat
1 0 0 -20 10 0 1 0 0 0 1 1 0 0 2780.dat
1 0 0 20 10 0 1 0 0 0 1 1 0 0 2780.dat
1 71 0 40 20 1 0 0 0 0 1 0 -1 0 32524.dat
1 72 0 0 50 0 -1 0 0 0 1 -1 0 0 87083.dat
1 72 0 40 50 0 -1 0 0 0 1 -1 0 0 87083.dat
1 71 0 0 40 0 -1 0 1 0 0 0 0 1 94925.dat
1 4 0 40 40 -0.1736 -0.9848 0 0.9848 -0.1736 0 0 0 1 42038 - 18946.dat
1 1 0 80 40 0 -1 0 0 0 -1 1 0 0 6558.dat
1 72 0 80 40 1 0 0 0 0 -1 0 1 0 42038 - 18654.dat
0 STEP
1 71 20 40 60 0 1 0 0 0 -1 -1 0 0 32524.dat
1 71 0 80 60 -1 0 0 0 1 0 0 0 -1 32184.dat
1 71 0 60 60 1 0 0 0 1 0 0 0 1 4519.dat
1 71 0 20 60 0 0 -1 0 1 0 1 0 0 48989.dat
1 0 0 100 60 -1 0 0 0 1 0 0 0 -1 42038 - 18651.dat
1 71 -20 40 60 0 1 0 0 0 -1 -1 0 0 32524.dat
0 STEP
1 0 0 0 90 0 1 0 1 0 0 0 0 -1 59443.dat
1 71 0 40 80 0 -1 0 1 0 0 0 0 1 94925.dat
1 4 0 0 110 0 -1 0 0 0 -1 1 0 0 32062.dat
0 STEP
1 0 0 80 10 1 0 0 0 0 -1 0 1 0 48496.dat
1 28 0 80 -40 0 -1 0 0 0 -1 1 0 0 15462.dat
1 19 0 80 -3 0 1 0 1 0 0 0 0 -1 6589.dat
1 72 0 15 -20 0 -1 0 -1 0 0 0 0 -1 59426.dat
1 19 0 63 -20 1 0 0 0 0 1 0 -1 0 6589.dat
1 15 0 30 -20 0 0 1 -1 0 0 0 -1 0 62462.dat
1 15 0 0 -20 0 0 1 -1 0 0 0 -1 0 32034.dat
1 14 0 -15 -20 1 0 0 0 0 -1 0 1 0 32123a.dat
1 72 -40 0 -20 1 0 0 0 0 -1 0 1 0 11214.dat
1 72 40 0 -20 -1 0 0 0 0 -1 0 -1 0 11214.dat
0 STEP
1 0 -40 50 30 0 1 0 1 0 0 0 0 -1 42038 - frame1.ldr
1 15 0 80 -30 0 0 1 0 1 0 -1 0 0 62462.dat
0 STEP
1 19 -40 40 73 -1 0 0 0 -1 0 0 0 1 6589.dat
1 19 0 20 -40 1 0 0 0 1 0 0 0 1 32269.dat
1 19 0 20 -50 0 0 -1 0 1 0 1 0 0 3749.dat
1 71 0 0 -60 0 0 -1 0 1 0 1 0 0 48989.dat
1 71 -20 40 -60 0 1 0 0 0 -1 -1 0 0 32524.dat
1 71 20 40 -60 0 1 0 0 0 -1 -1 0 0 32524.dat
1 1 0 60 -60 1 0 0 0 0 1 0 -1 0 6558.dat
1 1 0 100 -60 1 0 0 0 0 1 0 -1 0 6558.dat
1 72 0 80 -100 0 1 0 -1 0 0 0 0 1 92911.dat
0 STEP
1 71 0 80 -100 1 0 0 0 -1 0 0 0 -1 62519.dat
1 71 0 80 -100 0 -1 0 1 0 0 0 0 1 62520.dat
1 71 0 80 -100 -1 0 0 0 0.8851 0.4654 0 0.4654 -0.8851 62520.dat
1 71 0 98.6199 -135.402 0 0 1 0.4654 0.8851 0 -0.8851 0.4654 0 4519.dat
1 0 -40 20 -70 0 0 -1 0 1 0 1 0 0 2780.dat
1 0 -40 60 -70 0 0 -1 0 1 0 1 0 0 2780.dat
1 15 -40 40 -80 1 0 0 0 0 -1 0 1 0 32523.dat
1 72 40 0 -20 0 1 0 0 0 -1 -1 0 0 42038 - 18654.dat
1 1 40 0 -60 1 0 0 0 0 1 0 -1 0 6558.dat
0 STEP
1 72 50 40 60 1 0 0 0 0 -1 0 1 0 42038 - selector.ldr
0 STEP
1 0 60 80 0 0 -1 0 1 0 0 0 0 1 32316.dat
1 0 60 0 180 0 -1 0 -0.6 0 0.8 -0.8 0 -0.6 6629.dat
1 0 80 80 100 -1 0 0 0 -1 0 0 0 1 15100.dat
1 1 80 80 100 0 -1 0 1 0 0 0 0 1 6558.dat
1 0 0 60 100 0 0 -1 0 1 0 1 0 0 40490.dat
1 0 -60 50 100 0 -1 0 1 0 0 0 0 1 2780.dat
1 0 60 50 100 0 -1 0 1 0 0 0 0 1 2780.dat
1 71 0 40 100 0 0 1 0 1 0 -1 0 0 32524.dat
1 0 60 0 180 -1 0 0 0 0.8 -0.6 0 -0.6 -0.8 42038 - 18651.dat
1 0 70 80 120 -1 0 0 0 1 0 0 0 -1 6628.dat
0 STEP
1 71 40 0 180 0 -1 0 1 0 0 0 0 1 32524.dat
1 19 30 0 140 -1 0 0 0 -1 0 0 0 1 32002.dat
1 1 -20 80 100 0 -1 0 1 0 0 0 0 1 6558.dat
1 1 20 80 100 0 -1 0 1 0 0 0 0 1 6558.dat
1 72 0 80 140 1 0 0 0 -1 0 0 0 -1 92911.dat
0 STEP
1 19 -40 20 100 1 0 0 0 0 -1 0 1 0 32269.dat
1 72 -40 10 100 0 0 -1 1 0 0 0 -1 0 55013.dat
1 71 0 0 140 0 -1 0 0.9701 0 0.2425 -0.2425 0 0.9701 62520.dat
1 71 0 0 140 1 0 0 0 -1 0 0 0 -1 62519.dat
1 71 0 0 140 1 0 0 0 -1 0 0 0 -1 62520.dat
1 72 0 40 300 1 0 0 0 0.9701 0.2425 0 -0.2425 0.9701 92696.dat
1 25 0 7.2761 169.1043 1 0 0 0 0.9701 0.2425 0 -0.2425 0.9701 92695.dat
1 71 0 0 140 1 0 0 0 0.9701 0.2425 0 -0.2425 0.9701 92693c01.dat
0 STEP
1 0 -60 0 0 0 -1 0 1 0 0 0 0 1 32278.dat
1 19 -30 0 140 1 0 0 0 -1 0 0 0 -1 32002.dat
1 71 -40 0 180 0 -1 0 1 0 0 0 0 1 32524.dat
1 0 -50 0 120 -1 0 0 0 1 0 0 0 -1 2780.dat
1 0 -50 0 -120 -1 0 0 0 1 0 0 0 -1 2780.dat
1 1 -60 0 -140 -1 0 0 0 1 0 0 0 -1 6558.dat
1 0 -40 -10 -130 0 0 -1 0 1 0 1 0 0 32000.dat
0 STEP
1 0 -60 0 180 0 -1 0 -0.6 0 0.8 -0.8 0 -0.6 6629.dat
1 0 -60 0 180 1 0 0 0 0.6 -0.8 0 0.8 0.6 42038 - 18651.dat
1 0 -70 80 120 1 0 0 0 1 0 0 0 1 6628.dat
1 0 -80 80 100 1 0 0 0 -1 0 0 0 -1 15100.dat
1 1 -80 80 100 0 1 0 1 0 0 0 0 -1 6558.dat
1 1 -80 0 140 -1 0 0 0 1 0 0 0 -1 6558.dat
1 0 -70 0 40 -1 0 0 0 1 0 0 0 -1 2780.dat
1 0 -70 0 0 -1 0 0 0 1 0 0 0 -1 2780.dat
1 0 -70 0 -40 -1 0 0 0 1 0 0 0 -1 2780.dat
0 STEP
1 15 -80 0 20 0 -1 0 1 0 0 0 0 1 32523.dat
1 19 -60 0 220 -1 0 0 0 -0.9327 -0.3606 0 -0.3606 0.9327 32556.dat
1 19 60 0 220 1 0 0 0 -0.9327 0.3606 0 -0.3606 -0.9327 32556.dat
1 71 -60 22.2604 217.8849 0 1 0 -0.3606 0 0.9327 0.9327 0 0.3606 41678.dat
1 71 60 22.2604 217.8849 0 1 0 -0.3606 0 0.9327 0.9327 0 0.3606 41678.dat
1 4 -60 22.2604 217.8849 0 1 0 -0.3606 0 0.9327 0.9327 0 0.3606 32062.dat
1 4 60 22.2604 217.8849 0 1 0 -0.3606 0 0.9327 0.9327 0 0.3606 32062.dat
1 71 -60 22.2604 217.8849 0.9839 -0.1789 0 0.1668 0.9177 -0.3606 0.0645 0.3548 0.9327 42038 - shock-06_5L-soft-1.ldr
1 71 60 22.2604 217.8849 0.9839 0.1789 0 -0.1668 0.9177 -0.3606 -0.0645 0.3548 0.9327 42038 - shock-06_5L-soft-1.ldr
0 STEP
1 71 -80 0 180 0 1 0 -1 0 0 0 0 1 41239.dat
1 71 80 0 180 0 1 0 -1 0 0 0 0 1 41239.dat
1 1 -80 0 80 1 0 0 0 1 0 0 0 1 6558.dat
1 1 80 0 80 -1 0 0 0 -1 0 0 0 1 6558.dat
1 0 -90 0 120 -1 0 0 0 1 0 0 0 -1 2780.dat
1 0 90 0 120 -1 0 0 0 1 0 0 0 -1 2780.dat
1 71 100 -20 100 0 0 -1 0 1 0 1 0 0 63869.dat
1 71 -100 -20 100 0 0 -1 0 1 0 1 0 0 63869.dat
0 STEP
1 71 100 -20 100 0 0 -1 0 1 0 1 0 0 4519.dat
1 71 -100 -20 100 0 0 -1 0 1 0 1 0 0 4519.dat
1 72 0 -20 120 0 0 -1 -1 0 0 0 1 0 32525.dat
1 72 0 -20 80 0 0 -1 -1 0 0 0 1 0 32525.dat
1 1 -60 -20 100 0 -1 0 0 0 1 -1 0 0 6558.dat
1 1 -20 -20 100 0 -1 0 0 0 1 -1 0 0 6558.dat
1 71 40 -20 100 0 -1 0 -1 0 0 0 0 -1 48989.dat
1 71 -40 -40 100 -1 0 0 0 1 0 0 0 -1 99009.dat
1 0 -40 -40 100 0 0 -1 0 1 0 1 0 0 99010.dat
1 1 20 -30 100 0 0 1 -1 0 0 0 -1 0 43093.dat
1 19 20 -40 100 -1 0 0 0 0 1 0 1 0 32269.dat
0 STEP
1 71 0 80 140 0 -1 0 0.8912 0 0.4537 -0.4537 0 0.8912 62520.dat
1 71 0 80 140 1 0 0 0 -1 0 0 0 -1 62519.dat
1 71 0 80 140 1 0 0 0 -1 0 0 0 -1 62520.dat
1 71 0 80 100 0 0 -1 0 -1 0 -1 0 0 4519.dat
1 71 0 98.1468 175.6468 0 0 -1 -0.4537 -0.8912 0 -0.8912 0.4537 0 4519.dat
1 71 0 80 80 0 -1 0 1 0 0 0 0 1 94925.dat
0 STEP
1 0 0 100 100 0 0 -1 0 1 0 1 0 0 40490.dat
1 0 0 -40 -20 0 -1 0 0 0 -1 1 0 0 59443.dat
1 4 0 -60 -20 0 0 1 1 0 0 0 1 0 32062.dat
1 0 0 -70 -20 -1 0 0 0 0 1 0 1 0 32270.dat
0 STEP
1 0 60 0 -180 0 1 0 -0.6 0 0.8 0.8 0 0.6 6629.dat
1 0 70 80 -80 -1 0 0 0 1 0 0 0 -1 6628.dat
1 1 50 80 -120 -1 0 0 0 1 0 0 0 -1 43093.dat
1 71 40 80 -120 -1 0 0 0 0 1 0 1 0 6536.dat
1 0 60 0 -180 -1 0 0 0 0.6 -0.8 0 -0.8 -0.6 42038 - 18651.dat
1 19 40 70 -100 0 0 -1 -1 0 0 0 1 0 3749.dat
1 0 40 50 -100 0 -1 0 0 0 -1 1 0 0 59443.dat
0 STEP
1 25 80 0 -140 0 1 0 1 0 0 0 0 -1 41239.dat
1 0 90 0 -260 -1 0 0 0 1 0 0 0 -1 2780.dat
1 0 40 10 -100 0 1 0 -1 0 0 0 0 1 3705.dat
1 19 40 23 -100 0 1 0 0 0 -1 -1 0 0 32198.dat
1 19 40 17 -100 0 1 0 0 0 1 1 0 0 32198.dat
1 1 50 0 -120 -1 0 0 0 1 0 0 0 -1 43093.dat
1 71 40 0 -120 -1 0 0 0 0 1 0 1 0 6536.dat
0 STEP
1 0 30 0 -180 0 0 -1 -0.8 -0.6 0 -0.6 0.8 0 59443.dat
1 71 0 0 -180 -1 0 0 0 -0.8 -0.6 0 -0.6 0.8 4519.dat
1 0 -30 0 -180 0 0 -1 -0.8 -0.6 0 -0.6 0.8 0 59443.dat
1 0 40 -30 -100 0 -1 0 0 0 -1 1 0 0 59443.dat
1 4 40 -50 -100 0 0 1 1 0 0 0 1 0 32062.dat
1 0 40 -70 -100 0 -1 0 0 0 -1 1 0 0 59443.dat
1 0 -60 0 -180 0 1 0 -0.6 0 0.8 0.8 0 0.6 6629.dat
1 0 -70 80 -80 1 0 0 0 1 0 0 0 1 6628.dat
1 0 -60 0 -180 1 0 0 0 0.8 -0.6 0 0.6 0.8 42038 - 18651.dat
0 STEP
1 4 60 0 -240 1 0 0 0 -0.4362 0.8998 0 -0.8998 -0.4362 32054.dat
1 71 60 22.3585 -239.7242 0 1 0 0.4362 0 0.8998 0.8998 0 -0.4362 41678.dat
1 71 0 0 -240 1 0 0 0 -0.4362 0.8998 0 -0.8998 -0.4362 32073.dat
1 4 -60 0 -240 -1 0 0 0 0.4362 0.8998 0 0.8998 -0.4362 32054.dat
1 71 -60 22.3585 -239.7242 0 1 0 0.4362 0 0.8998 0.8998 0 -0.4362 41678.dat
1 4 -60 22.3585 -239.7242 0 1 0 0.4362 0 0.8998 0.8998 0 -0.4362 32062.dat
1 4 60 22.3585 -239.7242 0 1 0 0.4362 0 0.8998 0.8998 0 -0.4362 32062.dat
1 71 60 22.3585 -239.7242 0.9833 0.1818 0 -0.1636 0.8848 0.4362 0.0793 -0.4289 0.8998 42038 - shock-06_5L-soft-2.ldr
1 4 -80 119.6887 -286.9044 0 -0.007 1 0.4362 -0.8998 -0.0063 0.8998 0.4362 0.003 32062.dat
1 4 79.9995 119.6864 -286.9032 0 0.007 -1 0.4362 0.8998 0.0063 0.8998 -0.4362 -0.003 32062.dat
1 0 -60 137.6851 -295.628 0 0 1 0.4362 -0.8998 0 0.8998 0.4362 0 92907.dat
1 0 59.9995 137.6827 -295.6268 0 0 -1 -0.4362 -0.8998 0 -0.8998 0.4362 0 92907.dat
0 STEP
1 25 -80 0 -140 0 1 0 1 0 0 0 0 -1 41239.dat
1 0 -90 0 -260 -1 0 0 0 1 0 0 0 -1 2780.dat
0 STEP
1 71 0 80 140 0 0 -1 0.4537 0.8912 0 0.8912 -0.4537 0 42038 - rearaxle.ldr
1 0 -80 79.6306 119.0707 0 1 0 -0.9293 0 0.3694 0.3694 0 0.9293 2739a.dat
1 0 80 79.6306 119.0707 0 -1 0 0.9293 0 0.3694 -0.3694 0 0.9293 2739a.dat
0 STEP
1 25 0 80 -100 -1 0 0 0 -0.8851 -0.4654 0 -0.4654 0.8851 42038 - frontaxle.ldr
0 STEP
1 0 80 79.6256 -79.0727 0 -1 0 -0.9273 0 0.3744 -0.3744 0 -0.9273 2739a.dat
1 0 -80 79.6256 -79.0727 0 -1 0 -0.9273 0 0.3744 -0.3744 0 -0.9273 2739a.dat
1 71 -60 22.3585 -239.7242 -0.9833 -0.1818 0 -0.1636 0.8848 -0.4362 0.0793 -0.4289 -0.8998 42038 - shock-06_5L-soft-2.ldr
1 72 -50 137.676 -295.636 -1 0 0 0 -0.8851 -0.4654 0 -0.4654 0.8851 87083.dat
1 0 0 137.676 -295.636 0 0 1 -0.4654 -0.8851 0 0.8851 -0.4654 0 32034.dat
1 72 50 137.676 -295.636 1 0 0 0 -0.8851 0.4654 0 -0.4654 -0.8851 87083.dat
0 STEP
1 72 60 40 300 0 1 0 0 0 -1 -1 0 0 32140.dat
1 0 40 20 310 0 0 -1 0 -1 0 -1 0 0 2780.dat
1 71 40 20 300 1 0 0 0 1 0 0 0 1 32184.dat
1 4 20 40 300 0 0 1 0 1 0 -1 0 0 3713.dat
1 71 0 -20 300 0 0 -1 0 1 0 1 0 0 42038 - tipperfloor.ldr
0 STEP
1 72 -72 0 300 -1 0 0 0 1 0 0 0 -1 87083.dat
1 72 72 0 300 1 0 0 0 1 0 0 0 1 87083.dat
1 71 -100 0 300 1 0 0 0 1 0 0 0 1 6536.dat
1 71 100 0 300 1 0 0 0 1 0 0 0 1 6536.dat
1 0 100 20 310 0 0 -1 0 -1 0 -1 0 0 2780.dat
1 0 -100 20 310 0 0 -1 0 -1 0 -1 0 0 2780.dat
0 STEP
1 72 0 20 320 0 0 -1 -1 0 0 0 1 0 32525.dat
1 25 -100 -60 300 -1 0 0 0 -1 0 0 0 1 62531.dat
1 0 -100 -60 410 0 0 -1 0 -1 0 -1 0 0 2780.dat
1 25 100 -60 300 1 0 0 0 -1 0 0 0 -1 62531.dat
1 0 100 -60 410 0 0 -1 0 -1 0 -1 0 0 2780.dat
1 0 -100 -70 220 0 0 -1 -1 0 0 0 1 0 2780.dat
1 0 -100 -70 380 0 0 -1 -1 0 0 0 1 0 2780.dat
1 0 100 -70 220 0 0 -1 -1 0 0 0 1 0 2780.dat
1 0 100 -70 380 0 0 -1 -1 0 0 0 1 0 2780.dat
0 STEP
1 25 100 -80 300 1 0 0 0 -1 0 0 0 -1 41239.dat
1 1 100 -60 180 0 -1 0 -1 0 0 0 0 -1 6558.dat
1 72 0 -40 180 0 0 -1 0 1 0 1 0 0 32525.dat
1 1 -100 -60 180 0 -1 0 -1 0 0 0 0 -1 6558.dat
1 0 60 -60 180 0 0 -1 0 1 0 1 0 0 32316.dat
1 0 -80 -60 180 0 0 -1 0 1 0 1 0 0 60483.dat
1 1 -80 -50 180 0 0 -1 -1 0 0 0 1 0 43093.dat
1 0 20 -50 180 0 0 -1 -1 0 0 0 1 0 2780.dat
1 25 -100 -80 300 1 0 0 0 -1 0 0 0 -1 41239.dat
1 0 20 -20 420 0 0 1 -1 0 0 0 -1 0 32526.dat
1 0 -20 -20 420 0 0 -1 -1 0 0 0 1 0 32526.dat
0 STEP
1 1 -100 -20 -40 0 1 0 -1 0 0 0 0 1 42038 - sidepanel1.ldr
0 STEP
1 0 -100 -40 -260 0 -1 0 0 0 1 -1 0 0 32526.dat
1 0 -110 40 -260 -1 0 0 0 1 0 0 0 -1 2780.dat
1 0 -110 40 -280 -1 0 0 0 1 0 0 0 -1 2780.dat
1 19 -90 40 -300 1 0 0 0 0 1 0 -1 0 32002.dat
1 72 -100 -40 -260 1 0 0 0 0 1 0 -1 0 11214.dat
1 71 -80 -40 -240 1 0 0 0 0 1 0 -1 0 32184.dat
1 0 -90 -40 -220 1 0 0 0 0 1 0 -1 0 3705.dat
1 0 -50 -40 -220 0 0 -1 -1 0 0 0 1 0 59443.dat
1 71 0 -40 -220 -1 0 0 0 -1 0 0 0 1 32073.dat
1 0 50 -40 -220 0 0 -1 -1 0 0 0 1 0 59443.dat
1 0 90 -40 -220 1 0 0 0 0 1 0 -1 0 3705.dat
1 71 80 -40 -240 1 0 0 0 0 1 0 -1 0 32184.dat
1 72 100 -40 -260 -1 0 0 0 0 -1 0 -1 0 11214.dat
0 STEP
1 47 130 40 0 0 -1 0 -1 0 0 0 0 -1 42038 - sidepanel2.ldr
0 STEP
1 0 -100 10 -200 0 0 1 -1 0 0 0 -1 0 2780.dat
1 0 100 10 -200 0 0 1 -1 0 0 0 -1 0 2780.dat
1 72 0 20 -200 0 0 1 0 1 0 -1 0 0 32525.dat
0 STEP
1 25 -120 40 -220 0 1 0 -1 0 0 0 0 1 32009.dat
1 0 -120 40 -380 -1 0 0 0 0 1 0 1 0 42038 - 18651.dat
1 0 -100 -40 -360 0 -1 0 0 0 1 -1 0 0 32526.dat
1 0 -90 -20 -360 -1 0 0 0 1 0 0 0 -1 2780.dat
1 0 -90 -40 -360 -1 0 0 0 1 0 0 0 -1 2780.dat
1 0 -80 -20 -360 0 1 0 0 0 -1 -1 0 0 32526.dat
1 0 -120 20 -360 1 0 0 0 -1 0 0 0 -1 15100.dat
0 STEP
1 72 -120 0 -360 0 -1 0 -1 0 0 0 0 -1 10197.dat
1 25 -120 0 -340 -1 0 0 0 -1 0 0 0 1 11947.dat
1 0 -120 -10 -280 0 1 0 1 0 0 0 0 -1 2780.dat
1 0 -120 -10 -300 0 1 0 1 0 0 0 0 -1 2780.dat
1 1 -120 0 -360 0 1 0 1 0 0 0 0 -1 6558.dat
1 0 -120 -20 -300 1 0 0 0 -1 0 0 0 -1 32316.dat
1 0 -120 -40 -260 0 1 0 1 0 0 0 0 -1 15100.dat
0 STEP
1 0 -120 -20 -400 1 0 0 0 -1 0 0 0 -1 32316.dat
1 0 -120 -10 -440 0 1 0 1 0 0 0 0 -1 2780.dat
1 0 -120 -10 -420 0 1 0 1 0 0 0 0 -1 2780.dat
1 25 -120 0 -380 1 0 0 0 -1 0 0 0 -1 11946.dat
1 0 -120 -30 -320 0 1 0 1 0 0 0 0 -1 2780.dat
1 0 -120 -30 -340 0 1 0 1 0 0 0 0 -1 2780.dat
1 0 -120 -40 -280 -1 0 0 0 1 0 0 0 -1 11947.dat
0 STEP
1 71 -100 -100 -400 -1 0 0 0 1 0 0 0 -1 32073.dat
1 0 -40 -100 -400 0 0 -1 0 1 0 1 0 0 32034.dat
1 71 0 -100 -400 1 0 0 0 1 0 0 0 1 4519.dat
1 0 40 -100 -400 0 0 -1 0 1 0 1 0 0 32034.dat
1 1 -40 -100 -400 0 0 -1 0 1 0 1 0 0 6558.dat
1 1 40 -100 -400 0 0 -1 0 1 0 1 0 0 6558.dat
1 71 100 -100 -400 -1 0 0 0 1 0 0 0 -1 32073.dat
1 25 0 -100 -380 0 0 -1 -1 0 0 0 1 0 32524.dat
1 0 -60 -100 -360 0 1 0 0 0 -1 -1 0 0 15100.dat
1 0 60 -100 -360 0 1 0 0 0 -1 -1 0 0 15100.dat
1 0 -70 -100 -360 -1 0 0 0 1 0 0 0 -1 2780.dat
1 0 70 -100 -360 -1 0 0 0 1 0 0 0 -1 2780.dat
0 STEP
1 1 -40 40 -320 -1 0 0 0 1 0 0 0 -1 42038 - seats.ldr
0 STEP
1 0 80 -20 -360 0 1 0 0 0 -1 -1 0 0 32526.dat
1 0 90 -40 -360 -1 0 0 0 1 0 0 0 -1 2780.dat
1 0 90 -20 -360 -1 0 0 0 1 0 0 0 -1 2780.dat
1 0 100 -40 -360 0 -1 0 0 0 1 -1 0 0 32526.dat
1 0 120 20 -360 -1 0 0 0 -1 0 0 0 1 15100.dat
0 STEP
1 19 90 40 -300 -1 0 0 0 0 -1 0 -1 0 32002.dat
1 25 120 40 -220 0 1 0 -1 0 0 0 0 1 32009.dat
1 0 110 40 -260 -1 0 0 0 1 0 0 0 -1 2780.dat
1 0 110 40 -280 -1 0 0 0 1 0 0 0 -1 2780.dat
1 0 100 -40 -260 0 -1 0 0 0 1 -1 0 0 32526.dat
1 0 120 40 -380 1 0 0 0 0 -1 0 1 0 42038 - 18651.dat
0 STEP
1 72 120 0 -360 0 0 1 -1 0 0 0 -1 0 10197.dat
1 1 120 0 -360 0 0 -1 1 0 0 0 -1 0 6558.dat
1 25 120 0 -340 -1 0 0 0 -1 0 0 0 1 11946.dat
1 0 120 -10 -300 0 -1 0 -1 0 0 0 0 -1 2780.dat
1 0 120 -10 -280 0 -1 0 -1 0 0 0 0 -1 2780.dat
1 0 120 -20 -300 1 0 0 0 -1 0 0 0 -1 32316.dat
1 0 120 -40 -260 0 -1 0 1 0 0 0 0 1 15100.dat
1 0 120 -30 -340 0 -1 0 -1 0 0 0 0 -1 2780.dat
1 0 120 -30 -320 0 -1 0 -1 0 0 0 0 -1 2780.dat
1 0 120 -20 -400 1 0 0 0 -1 0 0 0 -1 32316.dat
1 0 120 -10 -440 0 -1 0 -1 0 0 0 0 -1 2780.dat
1 0 120 -10 -420 0 -1 0 -1 0 0 0 0 -1 2780.dat
1 25 120 0 -380 1 0 0 0 -1 0 0 0 -1 11947.dat
1 0 120 -40 -280 -1 0 0 0 1 0 0 0 -1 11946.dat
0 STEP
1 0 0 -100 -420 0 0 -1 -1 0 0 0 1 0 40490.dat
1 0 100 -100 -400 -1 0 0 0 -1 0 0 0 1 32291.dat
1 0 -100 -100 -400 -1 0 0 0 -1 0 0 0 1 32291.dat
1 47 -110 -120 -418 1 0 0 0 0 -1 0 1 0 6141.dat
1 47 -90 -120 -418 1 0 0 0 0 -1 0 1 0 6141.dat
1 47 90 -120 -418 1 0 0 0 0 -1 0 1 0 6141.dat
1 47 110 -120 -418 1 0 0 0 0 -1 0 1 0 6141.dat
1 71 -110 -120 -410 0 1 0 0 0 -1 -1 0 0 4274.dat
1 71 -90 -120 -410 0 1 0 0 0 -1 -1 0 0 4274.dat
1 71 90 -120 -410 0 1 0 0 0 -1 -1 0 0 4274.dat
1 71 110 -120 -410 0 1 0 0 0 -1 -1 0 0 4274.dat
0 STEP
1 25 -120 40 -400 0 -1 0 -0.9946 0 -0.1037 0.1037 0 -0.9946 32348.dat
1 1 -110 40 -400 -1 0 0 0 0.9946 -0.1037 0 -0.1037 -0.9946 43093.dat
1 4 -110 -17.6987 -490.5033 -1 0 0 0 -0.5138 0.8579 0 0.8579 0.5138 32062.dat
1 0 -100 -17.6987 -490.5033 0 -1 0 -0.5138 0 -0.8579 0.8579 0 -0.5138 60483.dat
1 25 -120 -67.4286 -450.3895 0 -1 0 -0.8398 0 0.5429 -0.5429 0 -0.8398 32524.dat
1 0 -110 -34.8571 -500.779 -1 0 0 0 0.9946 -0.1037 0 -0.1037 -0.9946 2780.dat
1 19 -110 -78.2857 -433.593 1 0 0 0 1 0 0 0 1 32002.dat
1 19 -110 -56.5714 -467.186 1 0 0 0 1 0 0 0 1 32002.dat
1 0 -105 -67.4286 -450.3895 0 -1 0 -0.8398 0 0.5429 -0.5429 0 -0.8398 11478.dat
0 STEP
1 0 20 -27.9744 -473.3449 1 0 0 0 -0.5138 -0.8579 0 0.8579 -0.5138 42038 - cabinfront.ldr
0 STEP
1 0 110 -0.5403 -480.2277 -1 0 0 0 1 0 0 0 -1 2780.dat
1 0 110 33.7765 -459.6764 -1 0 0 0 1 0 0 0 -1 2780.dat
1 25 120 40 -400 0 -1 0 -0.9946 0 -0.1037 0.1037 0 -0.9946 32348.dat
1 1 110 40 -400 1 0 0 0 -0.9946 -0.1037 0 0.1037 -0.9946 43093.dat
1 4 110 -17.6987 -490.5033 -1 0 0 0 -0.5138 0.8579 0 0.8579 0.5138 32062.dat
1 0 100 -17.6987 -490.5033 0 -1 0 -0.5138 0 -0.8579 0.8579 0 -0.5138 60483.dat
1 0 110 -34.8571 -500.779 -1 0 0 0 1 0 0 0 -1 2780.dat
1 25 120 -67.4286 -450.3895 0 -1 0 -0.8398 0 0.5429 -0.5429 0 -0.8398 32524.dat
1 19 110 -56.5714 -467.186 -1 0 0 0 -1 0 0 0 1 32002.dat
1 19 110 -78.2857 -433.593 -1 0 0 0 -1 0 0 0 1 32002.dat
1 0 105 -67.4286 -450.3895 0 -1 0 -0.8398 0 0.5429 -0.5429 0 -0.8398 11478.dat
1 1 -80 -60 -240 0 1 0 1 0 0 0 0 -1 6558.dat
1 1 80 -60 -240 0 1 0 1 0 0 0 0 -1 6558.dat
1 25 0 -60 -220 -1 0 0 0 1 0 0 0 -1 15458.dat
0 STEP
1 0 100 -100 -380 1 0 0 0 0 -1 0 1 0 42038 - 18651.dat
1 25 100 -100 -380 0 -1 0 1 0 0 0 0 1 60483.dat
1 25 120 -100 -380 0 -1 0 1 0 0 0 0 1 32271.dat
1 0 110 -100 -280 -1 0 0 0 1 0 0 0 -1 2780.dat
1 0 110 -100 -300 -1 0 0 0 1 0 0 0 -1 2780.dat
1 0 110 -100 -340 -1 0 0 0 1 0 0 0 -1 2780.dat
1 25 0 -100 -320 -1 0 0 0 1 0 0 0 -1 15458.dat
1 0 40 -100 -290 0 0 1 0 -1 0 1 0 0 2780.dat
1 0 -40 -100 -290 0 0 1 0 -1 0 1 0 0 2780.dat
1 25 0 -100 -280 0 0 1 -1 0 0 0 -1 0 62531.dat
1 0 -110 -100 -280 -1 0 0 0 1 0 0 0 -1 2780.dat
1 0 -110 -100 -300 -1 0 0 0 1 0 0 0 -1 2780.dat
1 0 -110 -100 -340 -1 0 0 0 1 0 0 0 -1 2780.dat
1 25 -120 -100 -380 0 -1 0 1 0 0 0 0 1 32271.dat
1 0 -100 -100 -380 -1 0 0 0 0 1 0 1 0 42038 - 18651.dat
1 25 -100 -100 -380 0 -1 0 1 0 0 0 0 1 60483.dat
0 STEP
1 72 -100 0 240 -1 0 0 0 -1 0 0 0 1 11214.dat
1 72 -100 0 240 0 -1 0 1 0 0 0 0 1 42038 - 18654.dat
1 0 -120 0 240 0 0 1 0 1 0 -1 0 0 32039.dat
1 0 -120 0 -60 0 0 1 0 1 0 -1 0 0 32039.dat
1 0 -140 0 240 0 0 1 0 1 0 -1 0 0 3705.dat
1 0 -140 0 200 -1 0 0 0 1 0 0 0 -1 59443.dat
1 0 -140 0 100 0 0 -1 0 1 0 1 0 0 3737.dat
1 0 -140 0 -10 -1 0 0 0 1 0 0 0 -1 59443.dat
1 0 -140 0 -70 0 0 -1 0 1 0 1 0 0 3706.dat
1 0 -140 0 -130 -1 0 0 0 1 0 0 0 -1 59443.dat
1 0 -140 40 -380 0 0 1 0 1 0 -1 0 0 32039.dat
1 0 -140 40 -360 0 0 1 0 1 0 -1 0 0 32039.dat
1 0 -160 40 -390 0 0 -1 0 1 0 1 0 0 3706.dat
1 0 -160 40 -330 -1 0 0 0 1 0 0 0 -1 59443.dat
1 0 -140 0 -120 0 0 -1 -1 0 0 0 1 0 42038 - technicFlexAxle-1.ldr
0 STEP
1 72 100 0 240 1 0 0 0 1 0 0 0 1 11214.dat
1 0 120 0 240 0 0 -1 0 -1 0 -1 0 0 32039.dat
1 72 100 0 240 0 1 0 -1 0 0 0 0 1 42038 - 18654.dat
1 0 140 0 240 0 0 -1 0 -1 0 -1 0 0 3705.dat
1 0 140 0 200 1 0 0 0 -1 0 0 0 -1 59443.dat
1 0 140 0 -10 1 0 0 0 -1 0 0 0 -1 59443.dat
1 0 120 0 -60 0 0 -1 0 -1 0 -1 0 0 32039.dat
1 0 140 0 100 0 0 1 0 -1 0 1 0 0 3737.dat
1 0 140 0 -130 1 0 0 0 -1 0 0 0 -1 59443.dat
1 0 160 40 -330 1 0 0 0 -1 0 0 0 -1 59443.dat
1 0 140 40 -360 0 0 -1 0 -1 0 -1 0 0 32039.dat
1 0 140 40 -380 0 0 -1 0 -1 0 -1 0 0 32039.dat
1 0 160 40 -390 0 0 1 0 -1 0 1 0 0 3706.dat
1 0 140 0 -50 0 0 -1 0 1 0 1 0 0 3706.dat
1 0 140 0 -120 1 0 0 0 0 -1 0 1 0 42038 - technicFlexAxle-2.ldr
0 STEP
1 0 -160 40 -460 0 -1 0 -1 0 0 0 0 -1 32192.dat
1 0 160 40 -460 0 1 0 1 0 0 0 0 -1 32192.dat
1 4 -138.7868 40 -481.2132 0.7071 0.7071 0 0 0 -1 -0.7071 0.7071 0 32062.dat
1 4 138.7868 40 -481.2132 -0.7071 0 -0.7071 0 -1 0 -0.7071 0 0.7071 32062.dat
1 0 117.5736 40 -502.4264 0 0 1 -1 0 0 0 -1 0 32192.dat
1 0 -117.5736 40 -502.4264 0 0 -1 1 0 0 0 -1 0 32192.dat
1 71 77.5736 40 -502.4264 -1 0 0 0 -1 0 0 0 1 4519.dat
1 0 -76.4264 40 -502.4264 -1 0 0 0 -1 0 0 0 1 32291.dat
1 0 77.5736 40 -502.4264 -1 0 0 0 -1 0 0 0 1 32291.dat
1 0 7.5736 40 -502.4264 0 0 -1 0 1 0 1 0 0 59443.dat
1 0 47.5736 40 -502.4264 0 0 -1 0 1 0 1 0 0 59443.dat
1 47 -66.4264 20 -519.4264 -1 0 0 0 0 1 0 1 0 6141.dat
1 47 -86.4264 20 -519.4264 -1 0 0 0 0 1 0 1 0 6141.dat
1 47 67.5736 20 -520.4264 -1 0 0 0 0 1 0 1 0 6141.dat
1 47 87.5736 20 -520.4264 -1 0 0 0 0 1 0 1 0 6141.dat
1 72 -49.4264 40 -502.4264 -1 0 0 0 1 0 0 0 -1 59426.dat
1 4 27.5736 40 -502.4264 -1 0 0 0 1 0 0 0 -1 32062.dat
1 0 -34.4264 40 -502.4264 1 0 0 0 0 1 0 -1 0 62462.dat
1 0 -60.4264 40 -502.4264 0 1 0 -1 0 0 0 0 1 41677.dat
1 71 -86.4264 20 -512.4264 0 1 0 0 0 -1 -1 0 0 4274.dat
1 71 -66.4264 20 -512.4264 0 1 0 0 0 -1 -1 0 0 4274.dat
1 71 67.5736 20 -512.4264 0 1 0 0 0 -1 -1 0 0 4274.dat
1 71 87.5736 20 -512.4264 0 1 0 0 0 -1 -1 0 0 4274.dat
0 STEP
1 0 -160 -100 -400 0 0 -1 -1 0 0 0 1 0 32015.dat
1 0 160 -100 -400 0 0 1 1 0 0 0 1 0 32015.dat
1 72 -165 161.666 300.4165 -1 0 0 0 1 0 0 0 -1 42038 - track1.ldr
1 72 -165 163.772 -259.3185 -1 0 0 0 1 0 0 0 -1 42038 - track1.ldr
0 STEP
1 72 175 161.666 300.4155 -1 0 0 0 1 0 0 0 -1 42038 - track2.ldr
1 72 175 163.772 -259.3185 -1 0 0 0 1 0 0 0 -1 42038 - track2.ldr
0 STEP
1 0 165 163.772 -259.3185 0 0 1 0 1 0 -1 0 0 42038 - technicChainTread38Closed-1.ldr
1 0 -165 163.772 -259.3185 0 0 1 0 1 0 -1 0 0 42038 - technicChainTread38Closed-1.ldr
1 0 -175 163.772 290.6815 0 0 1 0 1 0 -1 0 0 42038 - technicChainTread38Closed-1.ldr
1 0 155 163.772 290.6815 0 0 1 0 1 0 -1 0 0 42038 - technicChainTread38Closed-1.ldr
0 STEP
1 1 -40 -60 -190 0 0 -1 0 1 0 1 0 0 43093.dat
1 0 -40 -60 -180 1 0 0 0 -1 0 0 0 -1 32039.dat
1 0 0 -60 -160 1 0 0 0 -1 0 0 0 -1 3706.dat
1 72 -6 -60 -160 0 -1 0 0 0 1 -1 0 0 6143.dat
1 72 18 -60 -160 0 -1 0 0 0 1 -1 0 0 6143.dat
1 72 42 -60 -161 0 -1 0 0 0 1 -1 0 0 6143.dat
1 72 70 -60 -160 0 0 1 0 1 0 -1 0 0 32192.dat
0 STEP
1 1 -40 -60 80 1 0 0 0 1 0 0 0 1 6558.dat
1 1 -40 -60 120 1 0 0 0 1 0 0 0 1 6558.dat
1 0 -60 -60 140 0 -1 0 -1 0 0 0 0 -1 32526.dat
1 0 -40 -60 140 1 0 0 0 -1 0 0 0 -1 3705.dat
1 0 -40 -60 60 1 0 0 0 -1 0 0 0 -1 3705.dat
1 71 -75 -60 100 0 1 0 0 0 -1 -1 0 0 99773.dat
1 19 -70 -60 100 -1 0 0 0 0 1 0 1 0 32002.dat
1 71 -80 -80 100 -1 0 0 0 0 1 0 1 0 4274.dat
1 1 -40 -80 60 1 0 0 0 1 0 0 0 1 6558.dat
1 1 -40 -100 60 1 0 0 0 1 0 0 0 1 6558.dat
1 0 -40 -120 60 0 1 0 0 0 1 1 0 0 32316.dat
1 1 -40 -160 60 1 0 0 0 0.7921 -0.6104 0 0.6104 0.7921 6558.dat
0 STEP
1 71 -40 -80 100 0 -1 0 0 0 -1 1 0 0 62519.dat
1 71 -40 -80 100 1 0 0 0 0 1 0 -1 0 62520.dat
1 71 -40 -80 100 0 -1 0 0.3939 0 -0.9192 0.9192 0 0.3939 62520.dat
1 71 -40 -80 100 1 0 0 0 0.3939 -0.9192 0 0.9192 0.3939 92693c03.dat
1 19 -40 -245.4492 170.8983 -1 0 0 0 -0.3939 -0.9192 0 -0.9192 0.3939 32556.dat
0 STEP
1 0 -20 -60 140 0 -1 0 -1 0 0 0 0 -1 32526.dat
1 19 -10 -60 100 1 0 0 0 0 1 0 -1 0 32002.dat
1 71 -5 -60 100 0 1 0 0 0 -1 -1 0 0 99773.dat
1 71 0 -80 100 1 0 0 0 0 1 0 -1 0 4274.dat
0 STEP
1 71 -60 -437.1259 452.4299 1 0 0 0 0.7921 -0.6104 0 0.6104 0.7921 42038 - canearm.ldr
0 STEP
1 71 -30 -307.3333 376.357 1 0 0 0 0.9253 -0.3792 0 0.3792 0.9253 3673.dat
1 71 -20 -284.5836 320.8372 0 1 0 -0.9253 0 -0.3792 -0.3792 0 0.9253 32524.dat
1 15 -20 -233.2421 155.0557 0 -1 0 0.7921 0 -0.6104 0.6104 0 0.7921 41239.dat
1 72 -50 -269.8632 202.5836 1 0 0 0 0.9009 0.4341 0 -0.4341 0.9009 87083.dat
1 15 -40 -269.8632 202.5836 0 1 0 -0.9009 0 0.4341 0.4341 0 0.9009 32140.dat
1 72 -80 -269.8632 202.5836 -1 0 0 0 -0.4341 -0.9009 0 -0.9009 0.4341 6553.dat
1 0 -30 -261.8338 265.3174 -1 0 0 0 -0.9009 0.4341 0 0.4341 0.9009 2780.dat
1 0 -33 -184.414 91.6852 1 0 0 0 -0.6209 -0.7839 0 0.7839 -0.6209 42038 - Spool&Loop-1.ldr
1 72 -40 -181.3194 496.3929 0 0 1 0 1 0 -1 0 0 30395.dat
1 0 -2 -184.3919 91.6979 0 0 1 0.6104 0.7921 0 -0.7921 0.6104 0 32270.dat
0 STEP
1 0 -40 -117.3194 496.3929 -1 0 0 0 1 0 0 0 -1 74698.dat
1 72 -40 -109.3194 496.3929 0 0 -1 0 1 0 1 0 0 6218.dat
1 72 -40 -109.3194 496.3929 0 0 1 0 1 0 -1 0 0 6218.dat
1 72 -40 -13.3194 496.3929 0 0 1 0 1 0 -1 0 0 60474.dat
0 STEP
1 4 -171.4805 -100 -427.7164 0.3827 0 -0.9239 0 1 0 0.9239 0 0.3827 32062.dat
1 4 171.4805 -100 -427.7164 -0.3827 0 -0.9239 0 1 0 0.9239 0 -0.3827 32062.dat
1 0 -175.3073 -100 -436.9552 0 0.9239 0.3827 -1 0 0 0 -0.3827 0.9239 32039.dat
1 0 175.3073 -100 -436.9552 0 0.9239 -0.3827 -1 0 0 0 0.3827 0.9239 32039.dat
1 1 -182.961 -90 -455.4328 0 0.3827 -0.9239 -1 0 0 0 0.9239 0.3827 43093.dat
1 1 182.961 -90 -455.4328 0 0.9239 -0.3827 -1 0 0 0 0.3827 0.9239 43093.dat
1 0 -186.7878 -70 -464.6716 0 0.3827 -0.9239 -1 0 0 0 0.9239 0.3827 10247.dat
1 0 184.2663 -70 -465.3472 0 -0.1305 -0.9914 -1 0 0 0 0.9914 -0.1305 10247.dat
1 0 182.967 -50.2641 -457.4492 0.9911 -0.1305 0.0258 0.0261 0 -0.9997 0.1305 0.9914 0.0034 15068.dat
1 0 -183.9641 -50.2641 -457.1821 0.9236 0.3827 0.0241 0.0261 0 -0.9997 -0.3826 0.9239 -0.01 15068.dat
1 47 -189.8462 -80.2607 -472.0639 0.9236 0.3827 0.0241 0.0261 0 -0.9997 -0.3826 0.9239 -0.01 3023.dat
1 47 185.3138 -80.2607 -473.2783 0.9911 -0.1305 0.0258 0.0261 0 -0.9997 0.1305 0.9914 0.0034 3023.dat
1 71 -80 -110 -300 0 0 -1 -1 0 0 0 1 0 4274.dat
1 0 -80 -120 -340 0 0 -1 -1 0 0 0 1 0 42038 - 18651.dat
1 0 -80 -150 -340 0 0 -1 0 1 0 1 0 0 32474.dat
1 0 -80 -120 -300 0 0 -1 0 1 0 1 0 0 2569.dat
1 0 120 0 225 0 0 1 -1 0 0 0 -1 0 41677.dat
1 0 -120 0 225 0 0 -1 1 0 0 0 -1 0 41677.dat

0 FILE 42038 - frame1.ldr
0 frame1
0 Name: 42038 - frame1.ldr
0 Author: Philippe Hurbain [Philo]
0 !LDRAW_ORG Unofficial_Model
0 !LICENSE Redistributable under CCAL version 2.0 : see CAreadme.txt
0 !THEME Technic
1 71 -10 0 30 1 0 0 0 1 0 0 0 1 64178.dat
1 71 -10 0 -10 0 -1 0 1 0 0 0 0 1 48989.dat
1 15 -10 0 10 0 0 1 1 0 0 0 1 0 32523.dat
1 72 -10 0 20 0 -1 0 0 0 -1 1 0 0 55013.dat
1 71 -10 0 70 1 0 0 0 1 0 0 0 1 94925.dat
1 4 -10 0 50 1 0 0 0 1 0 0 0 1 3713.dat
0 STEP
1 1 -50 -20 -30 0 1 0 -1 0 0 0 0 1 6558.dat
1 72 30 0 -30 0 1 0 -1 0 0 0 0 1 11214.dat
1 0 30 -10 10 0 1 0 -1 0 0 0 0 1 2780.dat
1 0 30 -10 50 0 1 0 -1 0 0 0 0 1 2780.dat
1 72 30 0 90 0 1 0 -1 0 0 0 0 1 11214.dat
1 0 30 -20 30 1 0 0 0 1 0 0 0 1 32316.dat
1 0 -50 -10 10 0 1 0 -1 0 0 0 0 1 2780.dat
1 1 -50 0 90 0 -1 0 1 0 0 0 0 1 6558.dat
1 0 30 -30 -10 0 1 0 -1 0 0 0 0 1 2780.dat
1 0 30 -30 70 0 1 0 -1 0 0 0 0 1 2780.dat

0 FILE 42038 - selector.ldr
0 selector
0 Name: 42038 - selector.ldr
0 Author: Philippe Hurbain [Philo]
0 !LDRAW_ORG Unofficial_Model
0 !LICENSE Redistributable under CCAL version 2.0 : see CAreadme.txt
0 !THEME Technic
1 71 -10 0 0 0 -1 0 1 0 0 0 0 1 14720.dat
1 0 -10 -10 0 0 -1 0 1 0 0 0 0 1 3705.dat
1 71 -10 20 0 0 1 0 0 0 -1 -1 0 0 94925.dat
1 4 -10 -20 0 0 1 0 0 0 -1 -1 0 0 42038 - 18946.dat
1 15 -10 -60 0 0 1 0 0 0 -1 -1 0 0 42038 - 18948.dat
0 STEP
1 72 -10 -60 0 0 1 0 0 0 -1 -1 0 0 42038 - 18947.dat
1 0 -10 -110 0 0 -1 0 1 0 0 0 0 1 3705.dat
1 4 -10 -100 0 0 1 0 0 0 -1 -1 0 0 42038 - 18946.dat
0 STEP
1 71 -10 -120 0 0 -1 0 1 0 0 0 0 1 14720.dat
1 19 -10 -133 0 -1 0 0 0 0 -1 0 -1 0 6589.dat
1 1 10 -140 40 1 0 0 0 0 1 0 -1 0 6558.dat
1 1 10 -100 40 1 0 0 0 0 1 0 -1 0 6558.dat
1 1 10 0 40 1 0 0 0 0 1 0 -1 0 6558.dat
1 0 10 -60 40 0 -1 0 0 0 1 -1 0 0 32278.dat
1 0 0 60 40 -1 0 0 0 0 1 0 1 0 2780.dat
0 STEP
1 1 10 -20 40 -1 0 0 0 0 -1 0 -1 0 6558.dat
1 0 20 -40 40 -1 0 0 0 0 1 0 1 0 2780.dat
1 0 -8 -60 40 -1 0 0 0 0 1 0 1 0 42038 - 18651.dat
1 4 -10 -60 60 -1 0 0 0 -1 0 0 0 1 6641.dat
1 4 -31 -60 40 0 0 -1 0 -1 0 -1 0 0 3713.dat
1 71 -10 -60 68 0 0 -1 0 -1 0 -1 0 0 2736.dat
0 STEP
1 15 30 -40 40 0 -1 0 0 0 1 -1 0 0 32523.dat
1 1 30 80 40 1 0 0 0 0 1 0 -1 0 6558.dat
1 0 20 -200 40 -1 0 0 0 0 1 0 1 0 2780.dat
1 1 10 -20 -40 1 0 0 0 0 1 0 -1 0 6558.dat
1 1 10 -100 -40 1 0 0 0 0 1 0 -1 0 6558.dat
1 72 -10 -120 -40 1 0 0 0 0 1 0 -1 0 11214.dat
1 72 -10 0 -40 1 0 0 0 0 1 0 -1 0 11214.dat

0 FILE 42038 - shock-06_5L-soft-1.ldr
0 shock-06_5L-soft-1
0 Name: 42038 - shock-06_5L-soft-1.ldr
0 !LDRAW_ORG Unofficial_Model
0 !LICENSE Redistributable under CCAL version 2.0 : see CAreadme.txt
0 !CATEGORY Technic
0 !THEME Technic
0 !KEYWORDS spring, shock
0 !LDCAD CONTENT [type=spring] [addFallBack=default] [cRes=16] [cResLD=16] [cDia=14] [cRoll=0] [wRes=8] [wResLD=8] [wDia=0.5mm] [wCol=494] [sepMesh=false]

0 !LDCAD SPRING_POINT [group=start] [posOri=0 56 0 1 0 0 0 1 0 0 0 1]
0 !LDCAD SPRING_POINT [group=end] [posOri=0 100 0 1 0 0 0 1 0 0 0 1]

0 !LDCAD SPRING_SECTION [windingCnt=2.5] [proportion=0]
0 !LDCAD SPRING_SECTION [windingCnt=5.5] [proportion=1]
0 !LDCAD SPRING_SECTION [windingCnt=3] [proportion=0]

0 !LDCAD SPRING_CAP [group=start] [color=16] [posOri=0 0 0 1 0 0 0 1 0 0 0 1] [part=4255.dat]
0 !LDCAD SPRING_CAP [group=end] [color=0] [posOri=0 110 0 1 0 0 0 1 0 0 0 1] [part=4254.dat]

0 !LDCAD SPRING_ANCHOR [group=start] [posOri=0 0 0 1 0 0 0 1 0 0 0 1]
0 !LDCAD SPRING_ANCHOR [group=end] [posOri=0 110 0 1 0 0 0 1 0 0 0 1]

0 !LDCAD GENERATED [generator=LDCad 1.4b]
0 //This is the fallback LDraw content for above SPRING configuration.
0 // Do not edit, any changes will be lost upon regeneration.
0 // The spring is approx 17.60 mm (44.00), exists out of 3 section(s) and uses 11.00 windings.

0 //Some general hints about the document.
0 UNOFFICIAL PART
0 BFC CERTIFY CCW

0 //Start cap reference(s)
1 16 0 0 0 1 0 0 0 1 0 0 0 1 4255.dat

0 //End cap reference(s)
1 0 0 110 0 1 0 0 0 1 0 0 0 1 4254.dat

0 //Spring mesh reference
1 494 0 56 0 1 0 0 0 1 0 0 0 1 42038 - shock-06_5L-soft-1_springMesh.ldr

0 FILE 42038 - shock-06_5L-soft-1_springMesh.ldr
0 shock-06_5L-soft-1_springMesh
0 Name: 42038 - shock-06_5L-soft-1_springMesh.ldr
0 Author: Philippe Hurbain [Philo]
0 !LDRAW_ORG Unofficial_Model
0 !LICENSE Redistributable under CCAL version 2.0 : see CAreadme.txt
0 !THEME Technic
0 !LDCAD GENERATED [generator=LDCad 1.4b] [master=42038 - shock-06_5L-soft-1.ldr]
0 //This is additional fallback LDraw content for the "shock-06_5L-soft-1.ldr" SPRING configuration.
0 // Do not edit, any changes will be lost upon regeneration.
0 // The spring is approx 17.60 mm (44.00), exists out of 3 section(s) and uses 11.00 windings.

0 //Some general hints about the document.
0 UNOFFICIAL PART
0 BFC CERTIFY CCW

0 //Spring section(s)
0 // Using a coil resolution of 16, and a wire resolution of 8.
0 // Using a coil diameter of 5.60 mm (14.00), and a wire diameter of 0.50 mm (1.25).
0 // Using a roll of 0.00 degrees.

0 // section 1 using a length of 1.50 mm (3.75) and 2.50 windings.
3 16 -7.625 0.625 -0.1562 -7 0.625 0 -7.1831 0.1831 0
2 24 -7.1831 0.1831 0 -7 0.625 0
5 24 -7.625 0.625 -0.1562 -7 0.625 0 -7.1831 0.1831 0 -7.1831 1.0669 0
3 16 -7.625 0.625 -0.1562 -7.1831 1.0669 0 -7 0.625 0
2 24 -7 0.625 0 -7.1831 1.0669 0
5 24 -7.625 0.625 -0.1562 -7.1831 1.0669 0 -7 0.625 0 -7.625 1.25 0
3 16 -7.625 0.625 -0.1562 -7.625 1.25 0 -7.1831 1.0669 0
2 24 -7.1831 1.0669 0 -7.625 1.25 0
5 24 -7.625 0.625 -0.1562 -7.625 1.25 0 -7.1831 1.0669 0 -8.0669 1.0669 0
3 16 -7.625 0.625 -0.1562 -8.0669 1.0669 0 -7.625 1.25 0
2 24 -7.625 1.25 0 -8.0669 1.0669 0
5 24 -7.625 0.625 -0.1562 -8.0669 1.0669 0 -7.625 1.25 0 -8.25 0.625 0
3 16 -7.625 0.625 -0.1562 -8.25 0.625 0 -8.0669 1.0669 0
2 24 -8.0669 1.0669 0 -8.25 0.625 0
5 24 -7.625 0.625 -0.1562 -8.25 0.625 0 -8.0669 1.0669 0 -8.0669 0.1831 0
3 16 -7.625 0.625 -0.1562 -8.0669 0.1831 0 -8.25 0.625 0
2 24 -8.25 0.625 0 -8.0669 0.1831 0
5 24 -7.625 0.625 -0.1562 -8.0669 0.1831 0 -8.25 0.625 0 -7.625 0 0
3 16 -7.625 0.625 -0.1562 -7.625 0 0 -8.0669 0.1831 0
2 24 -8.0669 0.1831 0 -7.625 0 0
5 24 -7.625 0.625 -0.1562 -7.625 0 0 -8.0669 0.1831 0 -7.1831 0.1831 0
3 16 -7.625 0.625 -0.1562 -7.1831 0.1831 0 -7.625 0 0
2 24 -7.625 0 0 -7.1831 0.1831 0
5 24 -7.625 0.625 -0.1562 -7.1831 0.1831 0 -7.625 0 0 -7 0.625 0
4 16 -7.1831 0.1831 0 -7 0.625 0 -6.4672 0.7031 2.6788 -6.6318 0.2613 2.7596
5 24 -7 0.625 0 -6.4672 0.7031 2.6788 -6.6318 0.2613 2.7596 -6.6407 1.1449 2.7381
4 16 -7 0.625 0 -7.1831 1.0669 0 -6.6407 1.1449 2.7381 -6.4672 0.7031 2.6788
5 24 -7.1831 1.0669 0 -6.6407 1.1449 2.7381 -6.4672 0.7031 2.6788 -7.0509 1.3279 2.9028
4 16 -7.1831 1.0669 0 -7.625 1.25 0 -7.0509 1.3279 2.9028 -6.6407 1.1449 2.7381
5 24 -7.625 1.25 0 -7.0509 1.3279 2.9028 -6.6407 1.1449 2.7381 -7.4573 1.1449 3.0764
4 16 -7.625 1.25 0 -8.0669 1.0669 0 -7.4573 1.1449 3.0764 -7.0509 1.3279 2.9028
5 24 -8.0669 1.0669 0 -7.4573 1.1449 3.0764 -7.0509 1.3279 2.9028 -7.622 0.7031 3.1571
4 16 -8.0669 1.0669 0 -8.25 0.625 0 -7.622 0.7031 3.1571 -7.4573 1.1449 3.0764
5 24 -8.25 0.625 0 -7.622 0.7031 3.1571 -7.4573 1.1449 3.0764 -7.4484 0.2613 3.0978
4 16 -8.25 0.625 0 -8.0669 0.1831 0 -7.4484 0.2613 3.0978 -7.622 0.7031 3.1571
5 24 -8.0669 0.1831 0 -7.4484 0.2613 3.0978 -7.622 0.7031 3.1571 -7.0383 0.0783 2.9331
4 16 -8.0669 0.1831 0 -7.625 0 0 -7.0383 0.0783 2.9331 -7.4484 0.2613 3.0978
5 24 -7.625 0 0 -7.0383 0.0783 2.9331 -7.4484 0.2613 3.0978 -6.6318 0.2613 2.7596
4 16 -7.625 0 0 -7.1831 0.1831 0 -6.6318 0.2613 2.7596 -7.0383 0.0783 2.9331
5 24 -7.1831 0.1831 0 -6.6318 0.2613 2.7596 -7.0383 0.0783 2.9331 -6.4672 0.7031 2.6788
4 16 -6.6318 0.2613 2.7596 -6.4672 0.7031 2.6788 -4.9497 0.7812 4.9497 -5.071 0.3395 5.0874
5 24 -6.4672 0.7031 2.6788 -4.9497 0.7812 4.9497 -5.071 0.3395 5.0874 -5.0874 1.223 5.071
5 24 -6.4672 0.7031 2.6788 -6.6407 1.1449 2.7381 -7 0.625 0 -4.9497 0.7812 4.9497
4 16 -6.4672 0.7031 2.6788 -6.6407 1.1449 2.7381 -5.0874 1.223 5.071 -4.9497 0.7812 4.9497
5 24 -6.6407 1.1449 2.7381 -5.0874 1.223 5.071 -4.9497 0.7812 4.9497 -5.4033 1.406 5.3801
5 24 -6.6407 1.1449 2.7381 -7.0509 1.3279 2.9028 -7.1831 1.0669 0 -5.0874 1.223 5.071
4 16 -6.6407 1.1449 2.7381 -7.0509 1.3279 2.9028 -5.4033 1.406 5.3801 -5.0874 1.223 5.071
5 24 -7.0509 1.3279 2.9028 -5.4033 1.406 5.3801 -5.0874 1.223 5.071 -5.7124 1.223 5.696
5 24 -7.0509 1.3279 2.9028 -7.4573 1.1449 3.0764 -7.625 1.25 0 -5.4033 1.406 5.3801
4 16 -7.0509 1.3279 2.9028 -7.4573 1.1449 3.0764 -5.7124 1.223 5.696 -5.4033 1.406 5.3801
5 24 -7.4573 1.1449 3.0764 -5.7124 1.223 5.696 -5.4033 1.406 5.3801 -5.8336 0.7812 5.8336
5 24 -7.4573 1.1449 3.0764 -7.622 0.7031 3.1571 -8.0669 1.0669 0 -5.7124 1.223 5.696
4 16 -7.4573 1.1449 3.0764 -7.622 0.7031 3.1571 -5.8336 0.7812 5.8336 -5.7124 1.223 5.696
5 24 -7.622 0.7031 3.1571 -5.8336 0.7812 5.8336 -5.7124 1.223 5.696 -5.696 0.3395 5.7124
5 24 -7.622 0.7031 3.1571 -7.4484 0.2613 3.0978 -8.25 0.625 0 -5.8336 0.7812 5.8336
4 16 -7.622 0.7031 3.1571 -7.4484 0.2613 3.0978 -5.696 0.3395 5.7124 -5.8336 0.7812 5.8336
5 24 -7.4484 0.2613 3.0978 -5.696 0.3395 5.7124 -5.8336 0.7812 5.8336 -5.3801 0.1565 5.4033
5 24 -7.4484 0.2613 3.0978 -7.0383 0.0783 2.9331 -8.0669 0.1831 0 -5.696 0.3395 5.7124
4 16 -7.4484 0.2613 3.0978 -7.0383 0.0783 2.9331 -5.3801 0.1565 5.4033 -5.696 0.3395 5.7124
5 24 -7.0383 0.0783 2.9331 -5.3801 0.1565 5.4033 -5.696 0.3395 5.7124 -5.071 0.3395 5.0874
5 24 -7.0383 0.0783 2.9331 -6.6318 0.2613 2.7596 -7.625 0 0 -5.3801 0.1565 5.4033
4 16 -7.0383 0.0783 2.9331 -6.6318 0.2613 2.7596 -5.071 0.3395 5.0874 -5.3801 0.1565 5.4033
5 24 -6.6318 0.2613 2.7596 -5.071 0.3395 5.0874 -5.3801 0.1565 5.4033 -4.9497 0.7812 4.9497
5 24 -6.6318 0.2613 2.7596 -6.4672 0.7031 2.6788 -7.1831 0.1831 0 -5.071 0.3395 5.0874
4 16 -5.071 0.3395 5.0874 -4.9497 0.7812 4.9497 -2.6788 0.8594 6.4672 -2.7381 0.4176 6.6407
5 24 -4.9497 0.7812 4.9497 -2.6788 0.8594 6.4672 -2.7381 0.4176 6.6407 -2.7596 1.3012 6.6318
5 24 -4.9497 0.7812 4.9497 -5.0874 1.223 5.071 -6.4672 0.7031 2.6788 -2.6788 0.8594 6.4672
4 16 -4.9497 0.7812 4.9497 -5.0874 1.223 5.071 -2.7596 1.3012 6.6318 -2.6788 0.8594 6.4672
5 24 -5.0874 1.223 5.071 -2.7596 1.3012 6.6318 -2.6788 0.8594 6.4672 -2.9331 1.4842 7.0383
5 24 -5.0874 1.223 5.071 -5.4033 1.406 5.3801 -6.6407 1.1449 2.7381 -2.7596 1.3012 6.6318
4 16 -5.0874 1.223 5.071 -5.4033 1.406 5.3801 -2.9331 1.4842 7.0383 -2.7596 1.3012 6.6318
5 24 -5.4033 1.406 5.3801 -2.9331 1.4842 7.0383 -2.7596 1.3012 6.6318 -3.0978 1.3012 7.4484
5 24 -5.4033 1.406 5.3801 -5.7124 1.223 5.696 -7.0509 1.3279 2.9028 -2.9331 1.4842 7.0383
4 16 -5.4033 1.406 5.3801 -5.7124 1.223 5.696 -3.0978 1.3012 7.4484 -2.9331 1.4842 7.0383
5 24 -5.7124 1.223 5.696 -3.0978 1.3012 7.4484 -2.9331 1.4842 7.0383 -3.1571 0.8594 7.622
5 24 -5.7124 1.223 5.696 -5.8336 0.7812 5.8336 -7.4573 1.1449 3.0764 -3.0978 1.3012 7.4484
4 16 -5.7124 1.223 5.696 -5.8336 0.7812 5.8336 -3.1571 0.8594 7.622 -3.0978 1.3012 7.4484
5 24 -5.8336 0.7812 5.8336 -3.1571 0.8594 7.622 -3.0978 1.3012 7.4484 -3.0764 0.4176 7.4573
5 24 -5.8336 0.7812 5.8336 -5.696 0.3395 5.7124 -7.622 0.7031 3.1571 -3.1571 0.8594 7.622
4 16 -5.8336 0.7812 5.8336 -5.696 0.3395 5.7124 -3.0764 0.4176 7.4573 -3.1571 0.8594 7.622
5 24 -5.696 0.3395 5.7124 -3.0764 0.4176 7.4573 -3.1571 0.8594 7.622 -2.9028 0.2346 7.0509
5 24 -5.696 0.3395 5.7124 -5.3801 0.1565 5.4033 -7.4484 0.2613 3.0978 -3.0764 0.4176 7.4573
4 16 -5.696 0.3395 5.7124 -5.3801 0.1565 5.4033 -2.9028 0.2346 7.0509 -3.0764 0.4176 7.4573
5 24 -5.3801 0.1565 5.4033 -2.9028 0.2346 7.0509 -3.0764 0.4176 7.4573 -2.7381 0.4176 6.6407
5 24 -5.3801 0.1565 5.4033 -5.071 0.3395 5.0874 -7.0383 0.0783 2.9331 -2.9028 0.2346 7.0509
4 16 -5.3801 0.1565 5.4033 -5.071 0.3395 5.0874 -2.7381 0.4176 6.6407 -2.9028 0.2346 7.0509
5 24 -5.071 0.3395 5.0874 -2.7381 0.4176 6.6407 -2.9028 0.2346 7.0509 -2.6788 0.8594 6.4672
5 24 -5.071 0.3395 5.0874 -4.9497 0.7812 4.9497 -6.6318 0.2613 2.7596 -2.7381 0.4176 6.6407
4 16 -2.7381 0.4176 6.6407 -2.6788 0.8594 6.4672 0 0.9375 7 0.0116 0.4957 7.1831
5 24 -2.6788 0.8594 6.4672 0 0.9375 7 0.0116 0.4957 7.1831 -0.0116 1.3793 7.1831
5 24 -2.6788 0.8594 6.4672 -2.7596 1.3012 6.6318 -4.9497 0.7812 4.9497 0 0.9375 7
4 16 -2.6788 0.8594 6.4672 -2.7596 1.3012 6.6318 -0.0116 1.3793 7.1831 0 0.9375 7
5 24 -2.7596 1.3012 6.6318 -0.0116 1.3793 7.1831 0 0.9375 7 -0.0164 1.5623 7.625
5 24 -2.7596 1.3012 6.6318 -2.9331 1.4842 7.0383 -5.0874 1.223 5.071 -0.0116 1.3793 7.1831
4 16 -2.7596 1.3012 6.6318 -2.9331 1.4842 7.0383 -0.0164 1.5623 7.625 -0.0116 1.3793 7.1831
5 24 -2.9331 1.4842 7.0383 -0.0164 1.5623 7.625 -0.0116 1.3793 7.1831 -0.0116 1.3793 8.0669
5 24 -2.9331 1.4842 7.0383 -3.0978 1.3012 7.4484 -5.4033 1.406 5.3801 -0.0164 1.5623 7.625
4 16 -2.9331 1.4842 7.0383 -3.0978 1.3012 7.4484 -0.0116 1.3793 8.0669 -0.0164 1.5623 7.625
5 24 -3.0978 1.3012 7.4484 -0.0116 1.3793 8.0669 -0.0164 1.5623 7.625 0 0.9375 8.25
5 24 -3.0978 1.3012 7.4484 -3.1571 0.8594 7.622 -5.7124 1.223 5.696 -0.0116 1.3793 8.0669
4 16 -3.0978 1.3012 7.4484 -3.1571 0.8594 7.622 0 0.9375 8.25 -0.0116 1.3793 8.0669
5 24 -3.1571 0.8594 7.622 0 0.9375 8.25 -0.0116 1.3793 8.0669 0.0116 0.4957 8.0669
5 24 -3.1571 0.8594 7.622 -3.0764 0.4176 7.4573 -5.8336 0.7812 5.8336 0 0.9375 8.25
4 16 -3.1571 0.8594 7.622 -3.0764 0.4176 7.4573 0.0116 0.4957 8.0669 0 0.9375 8.25
5 24 -3.0764 0.4176 7.4573 0.0116 0.4957 8.0669 0 0.9375 8.25 0.0164 0.3127 7.625
5 24 -3.0764 0.4176 7.4573 -2.9028 0.2346 7.0509 -5.696 0.3395 5.7124 0.0116 0.4957 8.0669
4 16 -3.0764 0.4176 7.4573 -2.9028 0.2346 7.0509 0.0164 0.3127 7.625 0.0116 0.4957 8.0669
5 24 -2.9028 0.2346 7.0509 0.0164 0.3127 7.625 0.0116 0.4957 8.0669 0.0116 0.4957 7.1831
5 24 -2.9028 0.2346 7.0509 -2.7381 0.4176 6.6407 -5.3801 0.1565 5.4033 0.0164 0.3127 7.625
4 16 -2.9028 0.2346 7.0509 -2.7381 0.4176 6.6407 0.0116 0.4957 7.1831 0.0164 0.3127 7.625
5 24 -2.7381 0.4176 6.6407 0.0116 0.4957 7.1831 0.0164 0.3127 7.625 0 0.9375 7
5 24 -2.7381 0.4176 6.6407 -2.6788 0.8594 6.4672 -5.071 0.3395 5.0874 0.0116 0.4957 7.1831
4 16 0.0116 0.4957 7.1831 0 0.9375 7 2.6788 1.0156 6.4672 2.7596 0.5738 6.6318
5 24 0 0.9375 7 2.6788 1.0156 6.4672 2.7596 0.5738 6.6318 2.7381 1.4574 6.6407
5 24 0 0.9375 7 -0.0116 1.3793 7.1831 -2.6788 0.8594 6.4672 2.6788 1.0156 6.4672
4 16 0 0.9375 7 -0.0116 1.3793 7.1831 2.7381 1.4574 6.6407 2.6788 1.0156 6.4672
5 24 -0.0116 1.3793 7.1831 2.7381 1.4574 6.6407 2.6788 1.0156 6.4672 2.9028 1.6404 7.0509
