0 FILE 42036 - main.ldr
0 main
0 Name: 42036 - main.ldr
0 Author: Philippe Hurbain [Philo]
0 !LDRAW_ORG Unofficial_Model
0 !LICENSE Redistributable under CCAL version 2.0 : see CAreadme.txt

0 !THEME Technic

0 !LDCAD GROUP_NXT [ids=2] [nrs=0]
0 !LDCAD GROUP_DEF [topLevel=true] [LID=1] [GID=LNFeWynkHzZ] [name=Group 2] [center=0 0 0]
0 !LDCAD GROUP_DEF [topLevel=true] [LID=2] [GID=O7OeYvl5u6] [name=Group 3] [center=0 0 0]

1 72 0 -323.4125 -6.4001 0 1 0 0.9995 0 0.0306 0.0306 0 -0.9995 32009.dat
1 71 20 -243.454 -3.9491 1 0 0 0 -0.9995 0.0306 0 -0.0306 -0.9995 4519.dat
1 1 20 -263.4436 -4.5618 1 0 0 0 -0.9995 0.0306 0 -0.0306 -0.9995 6558.dat
1 1 20 -324.638 33.5792 1 0 0 0 -0.9287 0.3706 0 -0.3706 -0.9287 6558.dat
1 1 20 -325.2507 53.5688 1 0 0 0 -0.9869 0.1608 0 -0.1608 -0.9869 6558.dat
1 1 20 -325.8635 73.5584 1 0 0 0 -0.6213 0.7836 0 -0.7836 -0.6213 6558.dat
1 1 20 -327.7017 133.5273 1 0 0 0 -0.9995 0.0306 0 -0.0306 -0.9995 6558.dat
1 0 15 -243.454 -3.9491 0 1 0 0.9995 0 0.0306 0.0306 0 -0.9995 99773.dat
1 0 25 -243.454 -3.9491 0 1 0 0.9995 0 0.0306 0.0306 0 -0.9995 99773.dat
0 STEP
1 1 20 -223.4644 -3.3363 1 0 0 0 -0.9995 0.0306 0 -0.0306 -0.9995 6558.dat
1 72 0 -223.4644 -3.3363 0 1 0 -0.0306 0 0.9995 0.9995 0 0.0306 32526.dat
1 1 20 -163.4955 -1.4981 1 0 0 0 -0.9995 0.0306 0 -0.0306 -0.9995 6558.dat
1 1 20 -143.5059 -0.8853 1 0 0 0 -0.9995 0.0306 0 -0.0306 -0.9995 6558.dat
1 71 20 -203.4748 -2.7236 1 0 0 0 -0.9995 0.0306 0 -0.0306 -0.9995 4519.dat
0 STEP
1 72 20 -124.7418 39.7067 -1 0 0 0 0.9995 0.0306 0 0.0306 -0.9995 11214.dat
1 1 20 -125.9673 79.6859 1 0 0 0 -0.9995 0.0306 0 -0.0306 -0.9995 6558.dat
1 72 20 -125.9673 79.6859 0 -1 0 -0.9995 0 0.0306 -0.0306 0 -0.9995 32526.dat
0 STEP
1 72 0 -129.6438 199.6237 0 1 0 -0.9995 0 -0.0306 -0.0306 0 0.9995 32009.dat
1 71 20 -127.8055 139.6548 0 0 -1 -0.9995 -0.0306 0 -0.0306 0.9995 0 48989.dat
1 0 10 -189.6127 197.7854 1 0 0 0 -0.0306 -0.9995 0 0.9995 -0.0306 2780.dat
1 1 10 -209.6023 197.1726 -1 0 0 0 -0.0306 0.9995 0 0.9995 0.0306 43093.dat
0 STEP
1 0 50 -127.8055 139.6548 1 0 0 0 -0.0306 -0.9995 0 0.9995 -0.0306 2780.dat
1 0 50 -126.58 99.6755 1 0 0 0 -0.0306 -0.9995 0 0.9995 -0.0306 2780.dat
1 72 40 -126.58 99.6755 0 -1 0 -0.9995 0 0.0306 -0.0306 0 -0.9995 32524.dat
1 72 40 -223.4644 -3.3363 0 1 0 -0.0306 0 0.9995 0.9995 0 0.0306 32526.dat
1 0 20 -325.2507 53.5688 0 1 0 0.1608 0 -0.9869 -0.9869 0 -0.1608 60484.dat
1 72 20 -301.0122 104.8993 0 1 0 -0.7836 0 0.6213 0.6213 0 0.7836 32316.dat
0 STEP
1 72 20 -329.54 193.4961 0 1 0 0.0306 0 -0.9995 -0.9995 0 -0.0306 32009.dat
1 1 20 -289.5608 194.7216 -1 0 0 0 -0.9747 -0.2234 0 -0.2234 0.9747 6558.dat
1 71 20 -327.089 113.5376 1 0 0 0 -0.9995 0.0306 0 -0.0306 -0.9995 4519.dat
0 STEP
1 1 60 -144.1186 19.1043 1 0 0 0 -0.9995 0.0306 0 -0.0306 -0.9995 6558.dat
1 1 60 -144.7314 39.0939 1 0 0 0 -0.9995 0.0306 0 -0.0306 -0.9995 6558.dat
1 1 -20 -144.1186 19.1043 -1 0 0 0 -0.9995 -0.0306 0 -0.0306 0.9995 6558.dat
1 1 -20 -144.7314 39.0939 -1 0 0 0 -0.9995 -0.0306 0 -0.0306 0.9995 6558.dat
1 4 60 -144.425 29.0991 0 1 0 -0.9995 0 -0.0306 -0.0306 0 0.9995 43857.dat
1 4 -20 -144.425 29.0991 0 1 0 -0.9995 0 -0.0306 -0.0306 0 0.9995 43857.dat
0 STEP
1 1 20 -361.5113 27.3968 1 0 0 0 -0.9869 0.1608 0 -0.1608 -0.9869 6558.dat
1 1 20 -367.9446 66.874 1 0 0 0 -0.9869 0.1608 0 -0.1608 -0.9869 6558.dat
1 4 0 -384.028 165.5671 0 -1 0 0.9869 0 -0.1608 0.1608 0 0.9869 32009.dat
1 1 -10 -358.2946 7.6582 1 0 0 0 0.1608 0.9869 0 -0.9869 0.1608 43093.dat
1 0 -10 -364.728 47.1355 1 0 0 0 -0.0306 -0.9995 0 0.9995 -0.0306 2780.dat
1 71 20 -305.0735 178.4339 1 0 0 0 -0.9869 0.1608 0 -0.1608 -0.9869 4519.dat
0 STEP
1 4 40 -384.028 165.5671 0 -1 0 0.9869 0 -0.1608 0.1608 0 0.9869 32009.dat
1 0 50 -364.732 47.1391 1 0 0 0 -0.0306 -0.9995 0 0.9995 -0.0306 2780.dat
1 1 50 -358.2946 7.6582 -1 0 0 0 0.1608 -0.9869 0 -0.9869 -0.1608 43093.dat
0 STEP
1 4 0 -302.9608 253.2031 0 -1 0 0.9747 0 -0.2234 0.2234 0 0.9747 41239.dat
1 1 20 -276.1607 136.2401 1 0 0 0 -0.6213 0.7836 0 -0.7836 -0.6213 6558.dat
1 1 20 -298.4941 233.7093 1 0 0 0 -0.6213 0.7836 0 -0.7836 -0.6213 6558.dat
1 0 10 -302.9608 253.2031 1 0 0 0 -0.0306 -0.9995 0 0.9995 -0.0306 2780.dat
1 0 10 -311.8942 292.1908 1 0 0 0 -0.0306 -0.9995 0 0.9995 -0.0306 2780.dat
0 STEP
1 0 20 -307.4275 272.6969 0 -1 0 0.9747 0 -0.2234 0.2234 0 0.9747 32523.dat
1 71 20 -316.3608 311.6846 1 0 0 0 -0.9747 0.2234 0 -0.2234 -0.9747 4519.dat
1 0 20 -316.3608 311.6846 1 0 0 0 0.9747 -0.2234 0 0.2234 0.9747 63869.dat
1 4 40 -302.9608 253.2031 0 -1 0 0.9747 0 -0.2234 0.2234 0 0.9747 41239.dat
1 0 0 -294.6336 306.4043 0 0.9811 0.1934 0.2234 0.1885 -0.9563 -0.9747 0.0432 -0.2191 2780.dat
1 0 40 -294.6336 306.4043 0 0.9811 0.1934 0.2234 0.1885 -0.9563 -0.9747 0.0432 -0.2191 2780.dat
0 STEP
1 0 20 -320.8275 331.1784 1 0 0 0 -0.9747 0.2234 0 -0.2234 -0.9747 3705.dat
1 0 10 -364.2819 341.7389 -1 0 0 0 0.9747 0.2234 0 0.2234 -0.9747 42036 - seat.ldr
1 71 20 -329.7609 370.1661 1 0 0 0 -0.9747 0.2234 0 -0.2234 -0.9747 4519.dat
0 STEP
1 72 -20 -125.4379 290.3038 0 1 0 -0.9687 0 0.2481 0.2481 0 0.9687 42036 - rearfork.ldr
1 1 -40 -162.3764 217.0382 1 0 0 0 0.932 0.3623 0 -0.3623 0.932 42036 - transmission.ldr
0 STEP
1 72 30 -169.623 198.3981 -1 0 0 0 0.9995 0.0306 0 0.0306 -0.9995 55013.dat
1 28 20 -193.4833 266.4435 -1 0 0 0 0.9995 0.0306 0 0.0306 -0.9995 15462.dat
1 4 40 -193.4833 266.4435 0 0 1 0.0306 0.9995 0 -0.9995 0.0306 0 6590.dat
0 !LDCAD GROUP_NXT [ids=1] [nrs=1]
1 71 20 -120 392.134 1 0 0 0 0.9908 -0.1349 0 0.1349 0.9908 44294.dat
0 !LDCAD GROUP_NXT [ids=1] [nrs=2]
1 4 -40 -120 392.134 0 0 1 0.1349 0.9908 0 -0.9908 0.1349 0 6590.dat
0 !LDCAD GROUP_NXT [ids=1] [nrs=3]
1 4 0 -120 392.134 0 0 1 0.1349 0.9908 0 -0.9908 0.1349 0 6590.dat
0 STEP
1 72 40 -169.623 198.3981 0 0 -1 -0.1177 0.993 0 0.993 0.1177 0 6542b.dat
0 !LDCAD GROUP_NXT [ids=1] [nrs=4]
1 72 20 -120 392.134 0 0 -1 -0.1349 0.9908 0 0.9908 0.1349 0 88517.dat
0 !LDCAD GROUP_NXT [ids=1] [nrs=5]
1 256 20 -120 392.134 0 0 -1 -0.1349 0.9908 0 0.9908 0.1349 0 88516.dat
0 !LDCAD GROUP_NXT [ids=1] [nrs=0]
1 4 40 -120 392.134 0 0 1 0.1349 0.9908 0 -0.9908 0.1349 0 6590.dat
0 STEP
1 72 60 -125.4379 290.3038 0 1 0 -0.9687 0 0.2481 0.2481 0 0.9687 42036 - fork2.ldr
1 71 20 -120.9512 227.2207 0 0 1 -0.2481 0.9687 0 -0.9687 -0.2481 0 14720.dat
1 71 79.9996 -159.6995 237.1437 0 0 1 -0.4126 0.9108 0 -0.9108 -0.4126 0 94925.dat
0 !LDCAD GROUP_NXT [ids=2] [nrs=1]
1 72 78 -120 392.134 0 0 1 0.1349 0.9908 0 -0.9908 0.1349 0 3648b.dat
0 STEP
0 STEP
1 71 60 -176.8697 179.7592 0 1 0 0.932 0 -0.3623 -0.3623 0 -0.932 32348.dat
1 72 80 -166.9186 72.898 -1 0 0 0 0.8491 0.5282 0 0.5282 -0.8491 11214.dat
1 1 80 -188.0459 106.8599 1 0 0 0 -0.8252 -0.5647 0 0.5647 -0.8252 6558.dat
1 0 70 -191.3629 142.4802 1 0 0 0 -0.8252 -0.5647 0 0.5647 -0.8252 2780.dat
1 1 70 -176.8697 179.7592 -1 0 0 0 0.3623 0.932 0 0.932 -0.3623 43093.dat
1 0 80 -177.4822 89.879 0 -1 0 -0.8491 0 0.5281 -0.5281 0 -0.8491 32523.dat
1 72 79.9998 -184.1163 161.1197 0 1 0 0.932 0 -0.3623 -0.3623 0 -0.932 32316.dat
1 71 94.9999 -169.623 198.3981 0 0 -1 0.9995 0.0301 0 0.0301 -0.9995 0 32123b.dat
0 STEP
1 0 -97.9608 -253.8865 42.3465 0 0 0.9998 0.5281 0.849 0 -0.849 0.5281 0 42036 - motor.ldr
0 STEP
1 72 40 -323.4125 -6.4001 0 1 0 0.9995 0 0.0306 0.0306 0 -0.9995 32009.dat
1 0 50 -283.4332 -5.1746 1 0 0 0 -0.0306 -0.9995 0 0.9995 -0.0306 2780.dat
1 0 -10 -283.4332 -5.1746 1 0 0 0 -0.0306 -0.9995 0 0.9995 -0.0306 2780.dat
0 STEP
1 0 100 -211.4385 68.7524 0 0 0.9998 0.5281 0.849 0 -0.849 0.5281 0 42036 - motorfix.ldr
1 0 -60 -211.4382 68.7533 0 0 0.9998 0.5281 0.849 0 -0.849 0.5281 0 42036 - motorfix.ldr
1 0 80 -119.9999 392.1372 0 0 1.0001 -0.2481 0.9688 0 -0.9687 -0.2481 0 42036 - technicChainClosed-1.ldr
0 STEP
1 4 -19.9983 -275.5645 -94.8039 1 0 0 0 0.9151 0.4031 0 -0.4031 0.9151 42036 - subModel-1.ldr
1 4 -20 -290.2834 -12.4592 0 1 0 0.7285 0 -0.685 -0.685 0 -0.7285 43857.dat
1 4 60 -290.2834 -12.4592 0 1 0 0.7285 0 -0.685 -0.685 0 -0.7285 43857.dat
0 STEP
1 4 60 -141.8874 62.7204 0 1 0 -0.9239 0 0.3827 0.3827 0 0.9239 6590.dat
1 4 60 -126.58 99.6755 1 0 0 0 0 -1 0 1 0 32015.dat
1 73 60 -66.58 99.6755 0 -0.7071 -0.7071 0 0.7071 -0.7071 1 0 0 32192.dat
1 71 88.2843 -38.2958 99.6755 0.7071 0 0.7071 0.7071 0 -0.7071 0 1 0 4519.dat
1 4 60 -96.58 99.6755 0 1 0 -1 0 0 0 0 1 32062.dat
1 4 60 -138.0605 71.9592 0 1 0 -0.3827 0 -0.9239 -0.9239 0 0.3827 32062.dat
0 STEP
1 4 20.0017 -308.904 -145.6845 1 0 0 0 0.8716 -0.4902 0 0.4902 0.8716 42036 - frontstreamlining.ldr
1 73 -39.9983 -260.5295 -35.8669 0 1 0 0.9151 0 -0.4031 -0.4031 0 -0.9151 32271.dat
1 0 -49.9983 -292.7792 -109.0786 0.9983 0.0542 -0.0179 -0.0047 -0.2343 -0.9721 -0.0568 0.9707 -0.2336 2780.dat
1 4 -59.9816 -292.7322 -108.5103 -0.9983 -0.0289 -0.0492 0.0047 0.8174 -0.576 0.0568 -0.5753 -0.816 32013.dat
1 0 -40 -124.7314 29.0939 0 0 1 0 -1 0 1 0 0 32557.dat
1 0 -40 -104.7314 19.0939 0 0.9995 -0.0306 0 -0.0306 -0.9995 -1 0 0 2780.dat
1 0 -40 -124.7314 19.0939 0 0.9995 -0.0306 0 -0.0306 -0.9995 -1 0 0 2780.dat
1 73 -60 -124.7314 9.0936 -1 0 0 0 -1 0 0 0 1 64681.dat
1 0 -40 -84.7327 -0.9061 0 0.9995 -0.0306 0 -0.0306 -0.9995 -1 0 0 2780.dat
0 STEP
1 71 -77.9648 -245.3911 47.6189 0.9993 0 0 0 0.5278 0.8487 0 -0.8486 0.5279 48989.dat
1 73 -77.9648 -230.6938 -13.8483 0.9989 0 0 0 0.8484 -0.5278 0 0.5277 0.8485 64391.dat
1 0 -77.9648 -260.0885 109.086 0.9981 0 0 0 -0.8484 0.5278 0 -0.5277 -0.8485 64680.dat
1 0 -77.9648 -265.3663 117.5709 0 0.9995 -0.0306 0.5282 -0.026 -0.8487 -0.8491 -0.0162 -0.5279 2780.dat
1 0 -58.003 -265.3727 117.5811 0 0.9995 -0.0306 0.5282 -0.026 -0.8487 -0.8491 -0.0162 -0.5279 2780.dat
1 71 -58.003 -270.6545 126.0724 0 -0.9996 0 -0.849 0 0.5277 -0.5281 0 -0.8484 42003.dat
1 1 -38.0116 -262.165 131.3533 0 -0.9987 0.0415 -0.849 0.0219 0.5273 -0.5281 -0.0353 -0.8477 43093.dat
0 STEP
1 73 -39.9966 -322.0366 33.8329 0.9998 0 0 0 0.9869 -0.1608 0 0.1608 0.9867 64391.dat
1 0 -20 -358.2971 7.6663 0 0.9997 0 -0.1607 0 0.9866 0.9866 0 0.1607 15100.dat
0 STEP
1 0 80 -124.1186 29.1043 0 0 1 0 -1 0 1 0 0 32557.dat
1 0 80 -124.1186 19.1043 0 0.9995 -0.0306 0 -0.0306 -0.9995 -1 0 0 2780.dat
1 0 80 -104.1186 19.1043 0 0.9995 -0.0306 0 -0.0306 -0.9995 -1 0 0 2780.dat
1 73 100.308 -123.8026 9.1063 -0.9998 0.0156 0 -0.0156 -0.9998 0 0 0 0.9998 64393.dat
1 0 79.688 -84.1226 -0.8917 0 0.9995 -0.0306 0 -0.0306 -0.9995 -1 0 0 2780.dat
0 STEP
1 4 79.688 -84.1226 -10.8917 0 -0.0156 0.9996 0 0.9996 0.0156 -0.999 0 0 32015.dat
1 71 19.702 -85.0586 -10.8917 0.9994 -0.0156 0 0.0156 0.9992 0 0 0 0.9997 32073.dat
1 4 -40 -84.7327 -10.9061 0 -0.0156 -0.9996 0 0.9993 -0.0156 0.999 0 0 32015.dat
1 4 85.1825 -93.3109 -10.9061 0 -0.3564 -0.934 0 0.9337 -0.3565 0.999 0 0 42036 - technicFlexAxle-3.ldr
1 4 -73.8175 -93.7777 -9.5711 0 -0.3564 -0.934 0 0.9337 -0.3565 0.999 0 0 42036 - technicFlexAxle-2.ldr
0 STEP
1 71 121.9952 -245.3905 47.6195 0.9993 0 0 0 0.5278 0.8487 0 -0.8486 0.5279 48989.dat
1 73 121.9952 -230.6932 -13.8477 0.9989 0 0 0 0.8484 -0.5278 0 0.5277 0.8485 64683.dat
1 0 121.9952 -260.0879 109.0866 0.9981 0 0 0 -0.8484 0.5278 0 -0.5277 -0.8485 64394.dat
1 71 101.973 -270.6539 126.073 0 0.9996 0 0.849 0 0.5259 0.5281 0 -0.8454 42003.dat
1 1 81.9804 -262.1644 131.3539 0 -0.9987 0.0415 -0.849 0.0219 0.5273 -0.5281 -0.0353 -0.8477 43093.dat
1 0 121.9952 -265.3659 117.5716 0 0.9995 -0.0306 0.5282 -0.026 -0.8487 -0.8491 -0.0162 -0.5279 2780.dat
1 0 101.973 -265.3954 117.6187 0 0.9995 -0.0306 0.5282 -0.026 -0.8487 -0.8491 -0.0162 -0.5279 2780.dat
0 STEP
1 80 82.1589 -162.884 193.2639 0.9989 0 0 0 0.8484 -0.5278 0 0.5277 0.8485 42036 - technicRibHoseLQ-1.ldr
1 80 -37.8411 -162.884 193.2639 0.9989 0 0 0 0.8484 -0.5278 0 0.5277 0.8485 42036 - technicRibHoseLQ-2.ldr
0 STEP
1 0 60 -358.2946 7.6582 0 0.9997 0 -0.1607 0 0.9866 0.9866 0 0.1607 15100.dat
1 73 79.9874 -322.0341 33.8248 0.9998 0 0 0 0.9869 -0.1608 0 0.1608 0.9867 64683.dat
1 14 20 -298.4941 233.7093 0 0 1 0.2976 0.9547 0 -0.9547 0.2976 0 42036 - shock-06_5L-hard-1.ldr

0 FILE 42036 - seat.ldr
0 seat
0 Name: 42036 - seat.ldr
0 Author: Philippe Hurbain [Philo]
0 !LDRAW_ORG Unofficial_Model
0 !LICENSE Redistributable under CCAL version 2.0 : see CAreadme.txt
0 !THEME Technic
1 73 0 0 0 0 -1 0 -1 0 0 0 0 -1 87080.dat
1 0 -10 0 -40 1 0 0 0 -1 0 0 0 -1 2780.dat
1 0 -10 0 -60 1 0 0 0 -1 0 0 0 -1 2780.dat
1 73 -20 0 0 0 1 0 1 0 0 0 0 -1 87086.dat
0 STEP
1 1 0 20 -20 0 1 0 0 0 -1 -1 0 0 6558.dat
1 1 -20 20 -20 0 1 0 0 0 -1 -1 0 0 6558.dat
1 0 -10 40 -20 1 0 0 0 -1 0 0 0 -1 32291.dat
1 71 0 20 -50 0 0 -1 0 -1 0 -1 0 0 62462.dat
1 71 -20 20 -50 0 0 -1 0 -1 0 -1 0 0 62462.dat
1 1 0 20 -70 0 0 -1 0 -1 0 -1 0 0 4274.dat
1 1 -20 20 -70 0 0 -1 0 -1 0 -1 0 0 4274.dat
1 36 -20 20 -78 0 0 -1 -1 0 0 0 1 0 42036 - 30057.dat
1 36 0 20 -78 0 0 -1 -1 0 0 0 1 0 42036 - 30057.dat
0 STEP
1 4 -40 20 0 0 0 -1 0 1 0 1 0 0 32054.dat
1 4 20 20 0 0 0 -1 0 1 0 1 0 0 32054.dat
1 1 -40 20 -30 0 0 -1 0 1 0 1 0 0 43093.dat
1 1 20 20 -30 0 0 -1 0 1 0 1 0 0 43093.dat
1 71 20 20 -50 0 0 -1 0 -1 0 -1 0 0 62462.dat
1 71 -40 20 -50 0 0 -1 0 -1 0 -1 0 0 62462.dat
1 0 -30 40 20 1 0 0 0 0 1 0 -1 0 41678.dat
1 0 10 40 20 1 0 0 0 0 1 0 -1 0 41678.dat

0 FILE 42036 - rearfork.ldr
0 rearfork
0 Name: 42036 - rearfork.ldr
0 Author: Philippe Hurbain [Philo]
0 !LDRAW_ORG Unofficial_Model
0 !LICENSE Redistributable under CCAL version 2.0 : see CAreadme.txt
0 !THEME Technic
1 72 0 0 0 0 -1 0 1 0 0 0 0 1 64290.dat
1 71 20 0 -80 0 0 1 1 0 0 0 1 0 48989.dat
1 71 20 0 80 0 0 1 1 0 0 0 1 0 48989.dat
1 1 20 0 -20 1 0 0 0 0 -1 0 1 0 6558.dat
1 1 20 0 0 1 0 0 0 0 -1 0 1 0 6558.dat
1 71 20 0 -20 0 0 -1 -1 0 0 0 1 0 42003.dat
1 1 20 10 -40 0 0 -1 -1 0 0 0 1 0 43093.dat
0 STEP
1 72 40 0 0 0 -1 0 1 0 0 0 0 1 64290.dat
1 0 60 0 -40 -1 0 0 0 -1 0 0 0 1 15100.dat
1 0 40 20 -40 0 0 1 0 -1 0 1 0 0 32523.dat
1 19 20 10 -60 0 -0.1736 0.9848 1 0 0 0 0.9848 0.1736 6562.dat
0 STEP
1 4 20 30 -60 -0.9848 -0.1736 0 0 0 1 -0.1736 0.9848 0 59443.dat
1 71 20 60 -60 0.9848 -0.1736 0 0 0 -1 0.1736 0.9848 0 94925.dat
1 0 20 70 -60 0 -0.1736 -0.9848 -1 0 0 0 0.9848 -0.1736 3705.dat
1 0 -10 0 -80 -1 0 0 0 0 1 0 1 0 2780.dat
1 0 -10 0 -40 -1 0 0 0 0 1 0 1 0 2780.dat

0 FILE 42036 - transmission.ldr
0 transmission
0 Name: 42036 - transmission.ldr
0 Author: Philippe Hurbain [Philo]
0 !LDRAW_ORG Unofficial_Model
0 !LICENSE Redistributable under CCAL version 2.0 : see CAreadme.txt
0 !THEME Technic
1 72 0 0 0 0 1 0 1 0 0 0 0 -1 6629.dat
1 1 -10 48 -136 1 0 0 0 -0.8 -0.6 0 0.6 -0.8 43093.dat
1 1 0 16 -112 1 0 0 0 -0.8 -0.6 0 0.6 -0.8 6558.dat
1 19 10 0 -60 1 0 0 0 -0.9877 0.1564 0 -0.1564 -0.9877 6562.dat
0 STEP
1 4 30 0 -60 0 0 -1 0.1564 -0.9877 0 -0.9877 -0.1564 0 59443.dat
1 19 70 0 -60 -1 0 0 0 -0.9877 -0.1564 0 -0.1564 0.9877 99008.dat
1 0 20 16 -112 0 -1 0 -0.6 0 0.8 -0.8 0 -0.6 32523.dat
1 28 60 0 -100 -1 0 0 0 -0.9986 -0.0523 0 -0.0523 0.9986 15462.dat
1 4 40 0 -100 0 0 1 0 1 0 -1 0 0 6590.dat
1 4 60 0 -100 0 0 1 0.0523 0.9986 0 -0.9986 0.0523 0 6590.dat
1 72 70 32 -124 -1 0 0 0 1 0 0 0 -1 55013.dat
1 4 40 32 -124 0 0 1 0 1 0 -1 0 0 6590.dat
1 72 60 32 -124 0 0 1 0 1 0 -1 0 0 3648b.dat
1 71 80 32 -124 0 0 1 0 1 0 -1 0 0 94925.dat
1 71 80 0 -100 0 0 1 0.0523 0.9986 0 -0.9986 0.0523 0 94925.dat
1 71 80 0 -60 0 0 1 0.1564 0.9877 0 -0.9877 0.1564 0 94925.dat

0 FILE 42036 - fork2.ldr
0 fork2
0 Name: 42036 - fork2.ldr
0 Author: Philippe Hurbain [Philo]
0 !LDRAW_ORG Unofficial_Model
0 !LICENSE Redistributable under CCAL version 2.0 : see CAreadme.txt
0 !THEME Technic
1 0 -10 0 -40 -1 0 0 0 0 1 0 1 0 2780.dat
1 72 0 0 0 0 -1 0 1 0 0 0 0 1 64290.dat
1 71 20 0 -80 0 0 1 1 0 0 0 1 0 48989.dat
1 71 20 0 80 0 0 1 1 0 0 0 1 0 48989.dat
0 STEP
1 72 40 0 0 0 -1 0 1 0 0 0 0 1 64290.dat
1 0 60 0 -40 -1 0 0 0 -1 0 0 0 1 15100.dat
0 STEP
1 0 -10 0 -80 -1 0 0 0 0 1 0 1 0 2780.dat

0 FILE 42036 - motor.ldr
0 motor
0 Name: 42036 - motor.ldr
0 Author: Philippe Hurbain [Philo]
0 !LDRAW_ORG Unofficial_Model
0 !LICENSE Redistributable under CCAL version 2.0 : see CAreadme.txt
0 !THEME Technic
1 71 0 0 100 1 0 0 0 1 0 0 0 1 32333.dat
1 72 44 42 100 0 0 -1 0 1 0 1 0 0 11214.dat
1 72 20 10 100 0 0 -1 0 1 0 1 0 0 11214.dat
1 4 20 10 140 0 0 -1 0 1 0 1 0 0 32054.dat
1 4 44 42 140 0 0 -1 0 1 0 1 0 0 32054.dat
1 1 -20 10 90 0 0.9613 -0.2756 0 -0.2756 -0.9613 -1 0 0 4274.dat
0 STEP
1 71 52.7282 10.3801 70 0.6018 -0.7986 0 0.7986 0.6018 0 0 0 1 2850.dat
1 0 0 50 120 0 1 0 0 0 -1 -1 0 0 3705.dat
1 14 0 50 70 0 -1 0 -1 0 0 0 0 -1 2853.dat
1 14 0 60 40 0 1 0 1 0 0 0 0 -1 2853.dat
1 14 27.1719 29.6382 70 0.6018 -0.7986 0 0.7986 0.6018 0 0 0 1 2851.dat
1 71 0.0318 61.0045 70 -0.7547 -0.6561 0 -0.6561 0.7547 0 0 0 -1 2852.dat
1 71 0.0318 61.0045 70 0.7547 0.6561 0 -0.6561 0.7547 0 0 0 1 2852.dat
1 71 -52.7283 10.3803 70 0.6018 0.7986 0 -0.7986 0.6018 0 0 0 1 2850.dat
1 14 -27.172 29.6383 70 0.6018 0.7986 0 -0.7986 0.6018 0 0 0 1 2851.dat
0 STEP
1 72 0 50 120 1 0 0 0 1 0 0 0 1 10928.dat
1 1 0 10 120 0 -1 0 0 0 -1 1 0 0 6558.dat
1 72 -14.9872 -27.0863 120 -0.9272 0 -0.3746 0.3746 0 -0.9272 0 -1 0 32316.dat
1 71 -44 42 120.0013 0 0 -1 0 1 0 1 0 0 44294.dat
1 4 -44 42 120 -1 0 0 0 1 0 0 0 -1 6590.dat
0 STEP
1 71 0 0 140 1 0 0 0 1 0 0 0 1 32333.dat
1 1 -20 10 150 0 0 -1 0 1 0 1 0 0 4274.dat
1 71 52.7282 10.3801 170 0.6018 -0.7986 0 0.7986 0.6018 0 0 0 1 2850.dat
1 14 0 50 170 0 -1 0 1 0 0 0 0 1 2853.dat
1 14 0 40 200 0 1 0 -1 0 0 0 0 1 2853.dat
1 14 35.9569 23.0182 170 0.6018 -0.7986 0 0.7986 0.6018 0 0 0 1 2851.dat
1 71 0.0318 41.0045 170 -0.454 -0.891 0 -0.891 0.454 0 0 0 -1 2852.dat
0 STEP
1 71 -52.7283 10.3803 170 0.6018 0.7986 0 -0.7986 0.6018 0 0 0 1 2850.dat
1 71 0.0318 41.0045 170 0.454 0.891 0 -0.891 0.454 0 0 0 1 2852.dat
1 14 -35.957 23.0184 170 0.6018 0.7986 0 -0.7986 0.6018 0 0 0 1 2851.dat
0 STEP
1 1 20 10 200 0 0 -1 0 1 0 1 0 0 6558.dat
1 1 -20 10 200 0 0 -1 0 1 0 1 0 0 6558.dat
1 1 -20 10 40 0 0 1 0 1 0 -1 0 0 6558.dat
1 1 20 10 40 0 0 1 0 1 0 -1 0 0 6558.dat

0 FILE 42036 - motorfix.ldr
0 motorfix
0 Name: 42036 - motorfix.ldr
0 Author: Philippe Hurbain [Philo]
0 !LDRAW_ORG Unofficial_Model
0 !LICENSE Redistributable under CCAL version 2.0 : see CAreadme.txt
0 !THEME Technic
1 4 0 0 0 1 0 0 0 1 0 0 0 1 32184.dat
1 71 0 -20 0 1 0 0 0 1 0 0 0 1 4519.dat
1 71 0 20 0 1 0 0 0 1 0 0 0 1 4519.dat
1 0 -20 20 0 1 0 0 0 1 0 0 0 1 6536.dat
1 0 20 20 0 1 0 0 0 1 0 0 0 1 6536.dat
1 0 20 -20 0 1 0 0 0 -1 0 0 0 -1 6536.dat
1 0 -20 -20 0 1 0 0 0 -1 0 0 0 -1 6536.dat

0 FILE 42036 - technicChainClosed-1.ldr
0 technicChainClosed-1
0 Name: 42036 - technicChainClosed-1.ldr
0 Author: Philippe Hurbain [Philo]
0 !LDRAW_ORG Unofficial_Model
0 !LICENSE Redistributable under CCAL version 2.0 : see CAreadme.txt
0 AUTHOR LDCad
0 !CATEGORY technic
0 !THEME Technic
0 !KEYWORDS flexible, chain
0 !LDCAD CONTENT [type=path] [addFallBack=default] [looped=true] [displayKind=links] [curveStep=16] [displayLenCor=0]

0 !LDCAD PATH_POINT [type=circle] [posOri=0 0 0 1 0 0 0 1 0 0 0 1] [prevCPDist=25] [nextCPDist=25] [cirR=30.7] [cirDir=xyCW] [prevYRoll=0] [nextYRoll=0]
0 !LDCAD PATH_POINT [type=circle] [posOri=160 0 0 1 0 0 0 1 0 0 0 1] [prevCPDist=25] [nextCPDist=25] [cirR=21.2] [cirDir=xyCW] [prevYRoll=0] [nextYRoll=0]

0 !LDCAD PATH_SKIN [donCol=16] [donOri=0 1 0 0 0 1 1 0 0] [donPart=42036 - 14696.dat] [donYSize=100%] [donCen=partCen] [donCenYOfs=0] [donFinScale=none] [donPlace=refsStat] [donYAlign=1] [donInline=false] [segSize=16] [segSizeTol=0] [segsCnt=0] [segsGrp=0] [segsMaxMerge=1] [segsMrgAng=0] [segsEdgeDelKind=keepFirstLeft]

0 !LDCAD GENERATED [generator=LDCad 1.4]
0 //This is the fallback LDraw content for above PATH configuration.
0 // Do not edit, any changes will be lost upon regeneration.
0 // The path is approx 192.253696 mm (480.63) and exists out of 30 segments.
0 // warning: the path could not be filled out completly resulting in 0.25 mm (0.63) dead space due to configuration induced constrains.

0 //Some general hints about the document.
0 UNOFFICIAL PART
0 BFC CERTIFY CCW

0 //Segments
1 16 -26.4737 -15.4317 0 0 0.9645 -0.2641 0 0.2641 0.9645 1 0 0 42036 - 14696.dat
1 16 -15.0998 -26.685 0 0 0.7033 -0.7109 0 0.7109 0.7033 1 0 0 42036 - 14696.dat
1 16 0.3948 -30.6747 0 0 0.2494 -0.9684 0 0.9684 0.2494 1 0 0 42036 - 14696.dat
1 16 16.3697 -29.7791 0 0 -0.056 -0.9984 0 0.9984 -0.056 1 0 0 42036 - 14696.dat
1 16 32.3415 -28.8305 0 0 -0.0593 -0.9982 0 0.9982 -0.0593 1 0 0 42036 - 14696.dat
1 16 48.3133 -27.8806 0 0 -0.0594 -0.9982 0 0.9982 -0.0594 1 0 0 42036 - 14696.dat
1 16 64.2851 -26.9306 0 0 -0.0594 -0.9982 0 0.9982 -0.0594 1 0 0 42036 - 14696.dat
1 16 80.2569 -25.9806 0 0 -0.0594 -0.9982 0 0.9982 -0.0594 1 0 0 42036 - 14696.dat
1 16 96.2286 -25.0306 0 0 -0.0594 -0.9982 0 0.9982 -0.0594 1 0 0 42036 - 14696.dat
1 16 112.2004 -24.0806 0 0 -0.0594 -0.9982 0 0.9982 -0.0594 1 0 0 42036 - 14696.dat
1 16 128.1722 -23.1306 0 0 -0.0594 -0.9982 0 0.9982 -0.0594 1 0 0 42036 - 14696.dat
1 16 144.1439 -22.1806 0 0 -0.0594 -0.9982 0 0.9982 -0.0594 1 0 0 42036 - 14696.dat
1 16 160.1157 -21.2306 0 0 -0.0594 -0.9982 0 0.9982 -0.0594 1 0 0 42036 - 14696.dat
1 16 174.8728 -15.0476 0 0 -0.3864 -0.9223 0 0.9223 -0.3864 1 0 0 42036 - 14696.dat
1 16 181.1393 -0.3259 0 0 -0.9201 -0.3917 0 0.3917 -0.9201 1 0 0 42036 - 14696.dat
1 16 175.369 14.5974 0 0 -0.9327 0.3606 0 -0.3606 -0.9327 1 0 0 42036 - 14696.dat
1 16 160.7466 21.0924 0 0 -0.4059 0.9139 0 -0.9139 -0.4059 1 0 0 42036 - 14696.dat
1 16 144.7806 22.1351 0 0 -0.0652 0.9979 0 -0.9979 -0.0652 1 0 0 42036 - 14696.dat
1 16 128.8092 23.0922 0 0 -0.0598 0.9982 0 -0.9982 -0.0598 1 0 0 42036 - 14696.dat
1 16 112.8375 24.0426 0 0 -0.0594 0.9982 0 -0.9982 -0.0594 1 0 0 42036 - 14696.dat
1 16 96.8657 24.9927 0 0 -0.0594 0.9982 0 -0.9982 -0.0594 1 0 0 42036 - 14696.dat
1 16 80.894 25.9427 0 0 -0.0594 0.9982 0 -0.9982 -0.0594 1 0 0 42036 - 14696.dat
1 16 64.9222 26.8927 0 0 -0.0594 0.9982 0 -0.9982 -0.0594 1 0 0 42036 - 14696.dat
1 16 48.9504 27.8427 0 0 -0.0594 0.9982 0 -0.9982 -0.0594 1 0 0 42036 - 14696.dat
1 16 32.9786 28.7927 0 0 -0.0594 0.9982 0 -0.9982 -0.0594 1 0 0 42036 - 14696.dat
1 16 17.0069 29.7427 0 0 -0.0594 0.9982 0 -0.9982 -0.0594 1 0 0 42036 - 14696.dat
1 16 1.0345 30.6821 0 0 -0.0587 0.9983 0 -0.9983 -0.0587 1 0 0 42036 - 14696.dat
1 16 -14.5299 26.974 0 0 0.2318 0.9728 0 -0.9728 0.2318 1 0 0 42036 - 14696.dat
1 16 -26.1595 15.9853 0 0 0.6868 0.7268 0 -0.7268 0.6868 1 0 0 42036 - 14696.dat
1 16 -30.6673 0.6334 0 0 0.9595 0.2817 0 -0.2817 0.9595 1 0 0 42036 - 14696.dat

0 FILE 42036 - subModel-1.ldr
1 71 0 -50 0 0 0 -1 -1 0 0 0 1 0 44294.dat
0 subModel-1
0 Author: Philippe Hurbain [Philo]
0 !LDRAW_ORG Unofficial_Model
0 !LICENSE Redistributable under CCAL version 2.0 : see CAreadme.txt
0 !THEME Technic
1 71 40 -5 0 0 0 -1 0 -1 0 -1 0 0 11478.dat
1 71 40 -15 0 0 0 -1 0 -1 0 -1 0 0 11478.dat
0 STEP
1 71 15 -30 -20 0 -1 0 0 0 1 -1 0 0 11478.dat
1 71 40 10 -20 -1 0 0 0 0 1 0 1 0 44294.dat
1 71 40 10 -20 -1 0 0 0 -1 0 0 0 1 62462.dat
1 71 65 -30 -20 0 -1 0 0 0 1 -1 0 0 11478.dat
0 STEP
1 0 0 0 0 0 0 -1 0 1 0 1 0 0 42036 - shock-09_5L-soft-1.ldr
1 71 -15 170 0 0 0 1 1 0 0 0 1 0 32123b.dat
1 71 40 170 0 -1 0 0 0 0 1 0 1 0 44294.dat
1 4 20 170 0 0 0 1 1 0 0 0 1 0 6590.dat
1 256 40 170 0 0 0 1 1 0 0 0 1 0 88516.dat
1 72 40 170 0 0 0 1 1 0 0 0 1 0 88517.dat
0 STEP
1 4 60 170 0 0 0 1 1 0 0 0 1 0 6590.dat
1 71 95 170 0 0 0 1 1 0 0 0 1 0 32123b.dat
1 0 80 0 0 0 0 -1 0 1 0 1 0 0 42036 - shock-09_5L-soft-1.ldr
1 71 80 -50 0 0 0 -1 -1 0 0 0 1 0 44294.dat
1 71 100 10 -20 0 -1 0 1 0 0 0 0 1 74695.dat
1 71 -20 10 -20 0 -1 0 1 0 0 0 0 1 74695.dat
0 STEP
1 71 40 -70 -20 -1 0 0 0 0 1 0 1 0 32073.dat
1 0 0 -70 -20 -1 0 0 0 0 1 0 1 0 6536.dat
1 0 80 -70 -20 -1 0 0 0 0 1 0 1 0 6536.dat
1 0 15 -30 60 1 0 0 0 0 -1 0 1 0 42036 - frontforksupport.ldr
0 STEP
1 0 40 -90 0 1 0 0 0 1 0 0 0 1 42036 - handlebar.ldr
1 4 80 -110 0 1 0 0 0 0 -1 0 1 0 6590.dat
1 4 0 -110 0 1 0 0 0 0 -1 0 1 0 6590.dat

0 FILE 42036 - shock-09_5L-soft-1.ldr
0 shock-09_5L-soft-1
0 Name: 42036 - shock-09_5L-soft-1.ldr
0 Author: Philippe Hurbain [Philo]
0 !LDRAW_ORG Unofficial_Model
0 !LICENSE Redistributable under CCAL version 2.0 : see CAreadme.txt
0 AUTHOR LDCad
0 !CATEGORY Technic
0 !THEME Technic
0 !KEYWORDS spring, shock
0 !LDCAD CONTENT [type=spring] [addFallBack=default] [cRes=16] [cResLD=16] [cDia=20] [cRoll=0] [wRes=8] [wResLD=8] [wDia=0.75mm] [wCol=494] [sepMesh=false]

0 !LDCAD SPRING_CAP [group=start] [color=16] [posOri=0 50 0 1 0 0 0 1 0 0 0 1] [part=2909.dat]
0 !LDCAD SPRING_CAP [group=end] [color=16] [posOri=0 170 0 1 0 0 0 1 0 0 0 1] [part=2910.dat]

0 !LDCAD SPRING_ANCHOR [group=start] [posOri=-20 10 0 1 0 0 0 1 0 0 0 1]

0 !LDCAD SPRING_POINT [group=start] [posOri=0 40 0 1 0 0 0 1 0 0 0 1]
0 !LDCAD SPRING_POINT [group=end] [posOri=0 140 0 1 0 0 0 1 0 0 0 1]

0 !LDCAD SPRING_SECTION [windingCnt=2] [proportion=0]
0 !LDCAD SPRING_SECTION [windingCnt=12] [proportion=1]
0 !LDCAD SPRING_SECTION [windingCnt=2] [proportion=0]

0 !LDCAD GENERATED [generator=LDCad 1.4]
0 //This is the fallback LDraw content for above SPRING configuration.
0 // Do not edit, any changes will be lost upon regeneration.
0 // The spring is approx 40.00 mm (100.00), exists out of 3 section(s) and uses 16.00 windings.

0 //Some general hints about the document.
0 UNOFFICIAL PART
0 BFC CERTIFY CCW

0 //Start cap reference(s)
1 16 0 50 0 1 0 0 0 1 0 0 0 1 2909.dat

0 //End cap reference(s)
1 16 0 170 0 1 0 0 0 1 0 0 0 1 2910.dat

0 //Spring mesh reference
1 494 0 40 0 1 0 0 0 1 0 0 0 1 42036 - shock-09_5L-soft-1_springMesh.ldr

0 FILE 42036 - shock-09_5L-soft-1_springMesh.ldr
0 shock-09_5L-soft-1_springMesh
0 Name: 42036 - shock-09_5L-soft-1_springMesh.ldr
0 Author: Philippe Hurbain [Philo]
0 !LDRAW_ORG Unofficial_Model
0 !LICENSE Redistributable under CCAL version 2.0 : see CAreadme.txt
0 !THEME Technic
0 !LDCAD GENERATED [generator=LDCad 1.4] [master=shock-09_5L-soft-1.ldr]
0 //This is additional fallback LDraw content for the "shock-09_5L-soft-1.ldr" SPRING configuration.
0 // Do not edit, any changes will be lost upon regeneration.
0 // The spring is approx 40.00 mm (100.00), exists out of 3 section(s) and uses 16.00 windings.

0 //Some general hints about the document.
0 UNOFFICIAL PART
0 BFC CERTIFY CCW

0 //Spring section(s)
0 // Using a coil resolution of 16, and a wire resolution of 8.
0 // Using a coil diameter of 8.00 mm (20.00), and a wire diameter of 0.75 mm (1.88).
0 // Using a roll of 0.00 degrees.

0 // section 1 using a length of 1.88 mm (4.69) and 2.00 windings.
3 16 -10.9375 0.9375 -0.2344 -10 0.9375 0 -10.2746 0.2746 0
2 24 -10.2746 0.2746 0 -10 0.9375 0
5 24 -10.9375 0.9375 -0.2344 -10 0.9375 0 -10.2746 0.2746 0 -10.2746 1.6004 0
3 16 -10.9375 0.9375 -0.2344 -10.2746 1.6004 0 -10 0.9375 0
2 24 -10 0.9375 0 -10.2746 1.6004 0
5 24 -10.9375 0.9375 -0.2344 -10.2746 1.6004 0 -10 0.9375 0 -10.9375 1.875 0
3 16 -10.9375 0.9375 -0.2344 -10.9375 1.875 0 -10.2746 1.6004 0
2 24 -10.2746 1.6004 0 -10.9375 1.875 0
5 24 -10.9375 0.9375 -0.2344 -10.9375 1.875 0 -10.2746 1.6004 0 -11.6004 1.6004 0
3 16 -10.9375 0.9375 -0.2344 -11.6004 1.6004 0 -10.9375 1.875 0
2 24 -10.9375 1.875 0 -11.6004 1.6004 0
5 24 -10.9375 0.9375 -0.2344 -11.6004 1.6004 0 -10.9375 1.875 0 -11.875 0.9375 0
3 16 -10.9375 0.9375 -0.2344 -11.875 0.9375 0 -11.6004 1.6004 0
2 24 -11.6004 1.6004 0 -11.875 0.9375 0
5 24 -10.9375 0.9375 -0.2344 -11.875 0.9375 0 -11.6004 1.6004 0 -11.6004 0.2746 0
3 16 -10.9375 0.9375 -0.2344 -11.6004 0.2746 0 -11.875 0.9375 0
2 24 -11.875 0.9375 0 -11.6004 0.2746 0
5 24 -10.9375 0.9375 -0.2344 -11.6004 0.2746 0 -11.875 0.9375 0 -10.9375 0 0
3 16 -10.9375 0.9375 -0.2344 -10.9375 0 0 -11.6004 0.2746 0
2 24 -11.6004 0.2746 0 -10.9375 0 0
5 24 -10.9375 0.9375 -0.2344 -10.9375 0 0 -11.6004 0.2746 0 -10.2746 0.2746 0
3 16 -10.9375 0.9375 -0.2344 -10.2746 0.2746 0 -10.9375 0 0
2 24 -10.9375 0 0 -10.2746 0.2746 0
5 24 -10.9375 0.9375 -0.2344 -10.2746 0.2746 0 -10.9375 0 0 -10 0.9375 0
4 16 -10.2746 0.2746 0 -10 0.9375 0 -9.2388 1.0547 3.8268 -9.4855 0.392 3.9487
5 24 -10 0.9375 0 -9.2388 1.0547 3.8268 -9.4855 0.392 3.9487 -9.4994 1.7174 3.9151
4 16 -10 0.9375 0 -10.2746 1.6004 0 -9.4994 1.7174 3.9151 -9.2388 1.0547 3.8268
5 24 -10.2746 1.6004 0 -9.4994 1.7174 3.9151 -9.2388 1.0547 3.8268 -10.1148 1.9918 4.1618
4 16 -10.2746 1.6004 0 -10.9375 1.875 0 -10.1148 1.9918 4.1618 -9.4994 1.7174 3.9151
5 24 -10.9375 1.875 0 -10.1148 1.9918 4.1618 -9.4994 1.7174 3.9151 -10.7243 1.7174 4.4225
4 16 -10.9375 1.875 0 -11.6004 1.6004 0 -10.7243 1.7174 4.4225 -10.1148 1.9918 4.1618
5 24 -11.6004 1.6004 0 -10.7243 1.7174 4.4225 -10.1148 1.9918 4.1618 -10.9711 1.0547 4.5444
4 16 -11.6004 1.6004 0 -11.875 0.9375 0 -10.9711 1.0547 4.5444 -10.7243 1.7174 4.4225
5 24 -11.875 0.9375 0 -10.9711 1.0547 4.5444 -10.7243 1.7174 4.4225 -10.7104 0.392 4.4561
4 16 -11.875 0.9375 0 -11.6004 0.2746 0 -10.7104 0.392 4.4561 -10.9711 1.0547 4.5444
5 24 -11.6004 0.2746 0 -10.7104 0.392 4.4561 -10.9711 1.0547 4.5444 -10.0951 0.1175 4.2094
4 16 -11.6004 0.2746 0 -10.9375 0 0 -10.0951 0.1175 4.2094 -10.7104 0.392 4.4561
5 24 -10.9375 0 0 -10.0951 0.1175 4.2094 -10.7104 0.392 4.4561 -9.4855 0.392 3.9487
4 16 -10.9375 0 0 -10.2746 0.2746 0 -9.4855 0.392 3.9487 -10.0951 0.1175 4.2094
5 24 -10.2746 0.2746 0 -9.4855 0.392 3.9487 -10.0951 0.1175 4.2094 -9.2388 1.0547 3.8268
4 16 -9.4855 0.392 3.9487 -9.2388 1.0547 3.8268 -7.0711 1.1719 7.0711 -7.2524 0.5092 7.2781
5 24 -9.2388 1.0547 3.8268 -7.0711 1.1719 7.0711 -7.2524 0.5092 7.2781 -7.2781 1.8345 7.2524
5 24 -9.2388 1.0547 3.8268 -9.4994 1.7174 3.9151 -10 0.9375 0 -7.0711 1.1719 7.0711
4 16 -9.2388 1.0547 3.8268 -9.4994 1.7174 3.9151 -7.2781 1.8345 7.2524 -7.0711 1.1719 7.0711
5 24 -9.4994 1.7174 3.9151 -7.2781 1.8345 7.2524 -7.0711 1.1719 7.0711 -7.7522 2.109 7.7158
5 24 -9.4994 1.7174 3.9151 -10.1148 1.9918 4.1618 -10.2746 1.6004 0 -7.2781 1.8345 7.2524
4 16 -9.4994 1.7174 3.9151 -10.1148 1.9918 4.1618 -7.7522 2.109 7.7158 -7.2781 1.8345 7.2524
5 24 -10.1148 1.9918 4.1618 -7.7522 2.109 7.7158 -7.2781 1.8345 7.2524 -8.2156 1.8345 8.1899
5 24 -10.1148 1.9918 4.1618 -10.7243 1.7174 4.4225 -10.9375 1.875 0 -7.7522 2.109 7.7158
4 16 -10.1148 1.9918 4.1618 -10.7243 1.7174 4.4225 -8.2156 1.8345 8.1899 -7.7522 2.109 7.7158
5 24 -10.7243 1.7174 4.4225 -8.2156 1.8345 8.1899 -7.7522 2.109 7.7158 -8.3969 1.1719 8.3969
5 24 -10.7243 1.7174 4.4225 -10.9711 1.0547 4.5444 -11.6004 1.6004 0 -8.2156 1.8345 8.1899
4 16 -10.7243 1.7174 4.4225 -10.9711 1.0547 4.5444 -8.3969 1.1719 8.3969 -8.2156 1.8345 8.1899
5 24 -10.9711 1.0547 4.5444 -8.3969 1.1719 8.3969 -8.2156 1.8345 8.1899 -8.1899 0.5092 8.2156
5 24 -10.9711 1.0547 4.5444 -10.7104 0.392 4.4561 -11.875 0.9375 0 -8.3969 1.1719 8.3969
4 16 -10.9711 1.0547 4.5444 -10.7104 0.392 4.4561 -8.1899 0.5092 8.2156 -8.3969 1.1719 8.3969
5 24 -10.7104 0.392 4.4561 -8.1899 0.5092 8.2156 -8.3969 1.1719 8.3969 -7.7158 0.2347 7.7522
5 24 -10.7104 0.392 4.4561 -10.0951 0.1175 4.2094 -11.6004 0.2746 0 -8.1899 0.5092 8.2156
4 16 -10.7104 0.392 4.4561 -10.0951 0.1175 4.2094 -7.7158 0.2347 7.7522 -8.1899 0.5092 8.2156
5 24 -10.0951 0.1175 4.2094 -7.7158 0.2347 7.7522 -8.1899 0.5092 8.2156 -7.2524 0.5092 7.2781
5 24 -10.0951 0.1175 4.2094 -9.4855 0.392 3.9487 -10.9375 0 0 -7.7158 0.2347 7.7522
4 16 -10.0951 0.1175 4.2094 -9.4855 0.392 3.9487 -7.2524 0.5092 7.2781 -7.7158 0.2347 7.7522
5 24 -9.4855 0.392 3.9487 -7.2524 0.5092 7.2781 -7.7158 0.2347 7.7522 -7.0711 1.1719 7.0711
5 24 -9.4855 0.392 3.9487 -9.2388 1.0547 3.8268 -10.2746 0.2746 0 -7.2524 0.5092 7.2781
4 16 -7.2524 0.5092 7.2781 -7.0711 1.1719 7.0711 -3.8268 1.2891 9.2388 -3.9151 0.6264 9.4994
5 24 -7.0711 1.1719 7.0711 -3.8268 1.2891 9.2388 -3.9151 0.6264 9.4994 -3.9487 1.9517 9.4855
5 24 -7.0711 1.1719 7.0711 -7.2781 1.8345 7.2524 -9.2388 1.0547 3.8268 -3.8268 1.2891 9.2388
4 16 -7.0711 1.1719 7.0711 -7.2781 1.8345 7.2524 -3.9487 1.9517 9.4855 -3.8268 1.2891 9.2388
5 24 -7.2781 1.8345 7.2524 -3.9487 1.9517 9.4855 -3.8268 1.2891 9.2388 -4.2094 2.2262 10.0951
5 24 -7.2781 1.8345 7.2524 -7.7522 2.109 7.7158 -9.4994 1.7174 3.9151 -3.9487 1.9517 9.4855
4 16 -7.2781 1.8345 7.2524 -7.7522 2.109 7.7158 -4.2094 2.2262 10.0951 -3.9487 1.9517 9.4855
5 24 -7.7522 2.109 7.7158 -4.2094 2.2262 10.0951 -3.9487 1.9517 9.4855 -4.4561 1.9517 10.7104
5 24 -7.7522 2.109 7.7158 -8.2156 1.8345 8.1899 -10.1148 1.9918 4.1618 -4.2094 2.2262 10.0951
4 16 -7.7522 2.109 7.7158 -8.2156 1.8345 8.1899 -4.4561 1.9517 10.7104 -4.2094 2.2262 10.0951
5 24 -8.2156 1.8345 8.1899 -4.4561 1.9517 10.7104 -4.2094 2.2262 10.0951 -4.5444 1.2891 10.9711
5 24 -8.2156 1.8345 8.1899 -8.3969 1.1719 8.3969 -10.7243 1.7174 4.4225 -4.4561 1.9517 10.7104
4 16 -8.2156 1.8345 8.1899 -8.3969 1.1719 8.3969 -4.5444 1.2891 10.9711 -4.4561 1.9517 10.7104
5 24 -8.3969 1.1719 8.3969 -4.5444 1.2891 10.9711 -4.4561 1.9517 10.7104 -4.4225 0.6264 10.7243
5 24 -8.3969 1.1719 8.3969 -8.1899 0.5092 8.2156 -10.9711 1.0547 4.5444 -4.5444 1.2891 10.9711
4 16 -8.3969 1.1719 8.3969 -8.1899 0.5092 8.2156 -4.4225 0.6264 10.7243 -4.5444 1.2891 10.9711
5 24 -8.1899 0.5092 8.2156 -4.4225 0.6264 10.7243 -4.5444 1.2891 10.9711 -4.1618 0.3519 10.1148
5 24 -8.1899 0.5092 8.2156 -7.7158 0.2347 7.7522 -10.7104 0.392 4.4561 -4.4225 0.6264 10.7243
4 16 -8.1899 0.5092 8.2156 -7.7158 0.2347 7.7522 -4.1618 0.3519 10.1148 -4.4225 0.6264 10.7243
5 24 -7.7158 0.2347 7.7522 -4.1618 0.3519 10.1148 -4.4225 0.6264 10.7243 -3.9151 0.6264 9.4994
5 24 -7.7158 0.2347 7.7522 -7.2524 0.5092 7.2781 -10.0951 0.1175 4.2094 -4.1618 0.3519 10.1148
4 16 -7.7158 0.2347 7.7522 -7.2524 0.5092 7.2781 -3.9151 0.6264 9.4994 -4.1618 0.3519 10.1148
5 24 -7.2524 0.5092 7.2781 -3.9151 0.6264 9.4994 -4.1618 0.3519 10.1148 -3.8268 1.2891 9.2388
5 24 -7.2524 0.5092 7.2781 -7.0711 1.1719 7.0711 -9.4855 0.392 3.9487 -3.9151 0.6264 9.4994
4 16 -3.9151 0.6264 9.4994 -3.8268 1.2891 9.2388 0 1.4062 10 0.0182 0.7436 10.2746
5 24 -3.8268 1.2891 9.2388 0 1.4062 10 0.0182 0.7436 10.2746 -0.0182 2.0689 10.2746
5 24 -3.8268 1.2891 9.2388 -3.9487 1.9517 9.4855 -7.0711 1.1719 7.0711 0 1.4062 10
4 16 -3.8268 1.2891 9.2388 -3.9487 1.9517 9.4855 -0.0182 2.0689 10.2746 0 1.4062 10
5 24 -3.9487 1.9517 9.4855 -0.0182 2.0689 10.2746 0 1.4062 10 -0.0257 2.3434 10.9375
5 24 -3.9487 1.9517 9.4855 -4.2094 2.2262 10.0951 -7.2781 1.8345 7.2524 -0.0182 2.0689 10.2746
4 16 -3.9487 1.9517 9.4855 -4.2094 2.2262 10.0951 -0.0257 2.3434 10.9375 -0.0182 2.0689 10.2746
5 24 -4.2094 2.2262 10.0951 -0.0257 2.3434 10.9375 -0.0182 2.0689 10.2746 -0.0182 2.0689 11.6004
5 24 -4.2094 2.2262 10.0951 -4.4561 1.9517 10.7104 -7.7522 2.109 7.7158 -0.0257 2.3434 10.9375
4 16 -4.2094 2.2262 10.0951 -4.4561 1.9517 10.7104 -0.0182 2.0689 11.6004 -0.0257 2.3434 10.9375
5 24 -4.4561 1.9517 10.7104 -0.0182 2.0689 11.6004 -0.0257 2.3434 10.9375 0 1.4062 11.875
5 24 -4.4561 1.9517 10.7104 -4.5444 1.2891 10.9711 -8.2156 1.8345 8.1899 -0.0182 2.0689 11.6004
4 16 -4.4561 1.9517 10.7104 -4.5444 1.2891 10.9711 0 1.4062 11.875 -0.0182 2.0689 11.6004
5 24 -4.5444 1.2891 10.9711 0 1.4062 11.875 -0.0182 2.0689 11.6004 0.0182 0.7436 11.6004
5 24 -4.5444 1.2891 10.9711 -4.4225 0.6264 10.7243 -8.3969 1.1719 8.3969 0 1.4062 11.875
4 16 -4.5444 1.2891 10.9711 -4.4225 0.6264 10.7243 0.0182 0.7436 11.6004 0 1.4062 11.875
5 24 -4.4225 0.6264 10.7243 0.0182 0.7436 11.6004 0 1.4062 11.875 0.0257 0.4691 10.9375
5 24 -4.4225 0.6264 10.7243 -4.1618 0.3519 10.1148 -8.1899 0.5092 8.2156 0.0182 0.7436 11.6004
4 16 -4.4225 0.6264 10.7243 -4.1618 0.3519 10.1148 0.0257 0.4691 10.9375 0.0182 0.7436 11.6004
5 24 -4.1618 0.3519 10.1148 0.0257 0.4691 10.9375 0.0182 0.7436 11.6004 0.0182 0.7436 10.2746
5 24 -4.1618 0.3519 10.1148 -3.9151 0.6264 9.4994 -7.7158 0.2347 7.7522 0.0257 0.4691 10.9375
4 16 -4.1618 0.3519 10.1148 -3.9151 0.6264 9.4994 0.0182 0.7436 10.2746 0.0257 0.4691 10.9375
5 24 -3.9151 0.6264 9.4994 0.0182 0.7436 10.2746 0.0257 0.4691 10.9375 0 1.4062 10
5 24 -3.9151 0.6264 9.4994 -3.8268 1.2891 9.2388 -7.2524 0.5092 7.2781 0.0182 0.7436 10.2746
4 16 0.0182 0.7436 10.2746 0 1.4062 10 3.8268 1.5234 9.2388 3.9487 0.8608 9.4855
5 24 0 1.4062 10 3.8268 1.5234 9.2388 3.9487 0.8608 9.4855 3.9151 2.1861 9.4994
5 24 0 1.4062 10 -0.0182 2.0689 10.2746 -3.8268 1.2891 9.2388 3.8268 1.5234 9.2388
4 16 0 1.4062 10 -0.0182 2.0689 10.2746 3.9151 2.1861 9.4994 3.8268 1.5234 9.2388
5 24 -0.0182 2.0689 10.2746 3.9151 2.1861 9.4994 3.8268 1.5234 9.2388 4.1618 2.4606 10.1148
5 24 -0.0182 2.0689 10.2746 -0.0257 2.3434 10.9375 -3.9487 1.9517 9.4855 3.9151 2.1861 9.4994
4 16 -0.0182 2.0689 10.2746 -0.0257 2.3434 10.9375 4.1618 2.4606 10.1148 3.9151 2.1861 9.4994
5 24 -0.0257 2.3434 10.9375 4.1618 2.4606 10.1148 3.9151 2.1861 9.4994 4.4225 2.1861 10.7243
5 24 -0.0257 2.3434 10.9375 -0.0182 2.0689 11.6004 -4.2094 2.2262 10.0951 4.1618 2.4606 10.1148
4 16 -0.0257 2.3434 10.9375 -0.0182 2.0689 11.6004 4.4225 2.1861 10.7243 4.1618 2.4606 10.1148
5 24 -0.0182 2.0689 11.6004 4.4225 2.1861 10.7243 4.1618 2.4606 10.1148 4.5444 1.5234 10.9711
5 24 -0.0182 2.0689 11.6004 0 1.4062 11.875 -4.4561 1.9517 10.7104 4.4225 2.1861 10.7243
4 16 -0.0182 2.0689 11.6004 0 1.4062 11.875 4.5444 1.5234 10.9711 4.4225 2.1861 10.7243
5 24 0 1.4062 11.875 4.5444 1.5234 10.9711 4.4225 2.1861 10.7243 4.4561 0.8608 10.7104
5 24 0 1.4062 11.875 0.0182 0.7436 11.6004 -4.5444 1.2891 10.9711 4.5444 1.5234 10.9711
4 16 0 1.4062 11.875 0.0182 0.7436 11.6004 4.4561 0.8608 10.7104 4.5444 1.5234 10.9711
5 24 0.0182 0.7436 11.6004 4.4561 0.8608 10.7104 4.5444 1.5234 10.9711 4.2094 0.5863 10.0951
5 24 0.0182 0.7436 11.6004 0.0257 0.4691 10.9375 -4.4225 0.6264 10.7243 4.4561 0.8608 10.7104
4 16 0.0182 0.7436 11.6004 0.0257 0.4691 10.9375 4.2094 0.5863 10.0951 4.4561 0.8608 10.7104
5 24 0.0257 0.4691 10.9375 4.2094 0.5863 10.0951 4.4561 0.8608 10.7104 3.9487 0.8608 9.4855
5 24 0.0257 0.4691 10.9375 0.0182 0.7436 10.2746 -4.1618 0.3519 10.1148 4.2094 0.5863 10.0951
4 16 0.0257 0.4691 10.9375 0.0182 0.7436 10.2746 3.9487 0.8608 9.4855 4.2094 0.5863 10.0951
5 24 0.0182 0.7436 10.2746 3.9487 0.8608 9.4855 4.2094 0.5863 10.0951 3.8268 1.5234 9.2388
5 24 0.0182 0.7436 10.2746 0 1.4062 10 -3.9151 0.6264 9.4994 3.9487 0.8608 9.4855
4 16 3.9487 0.8608 9.4855 3.8268 1.5234 9.2388 7.0711 1.6406 7.0711 7.2781 0.978 7.2524
5 24 3.8268 1.5234 9.2388 7.0711 1.6406 7.0711 7.2781 0.978 7.2524 7.2524 2.3033 7.2781
5 24 3.8268 1.5234 9.2388 3.9151 2.1861 9.4994 0 1.4062 10 7.0711 1.6406 7.0711
4 16 3.8268 1.5234 9.2388 3.9151 2.1861 9.4994 7.2524 2.3033 7.2781 7.0711 1.6406 7.0711
5 24 3.9151 2.1861 9.4994 7.2524 2.3033 7.2781 7.0711 1.6406 7.0711 7.7158 2.5778 7.7522
5 24 3.9151 2.1861 9.4994 4.1618 2.4606 10.1148 -0.0182 2.0689 10.2746 7.2524 2.3033 7.2781
4 16 3.9151 2.1861 9.4994 4.1618 2.4606 10.1148 7.7158 2.5778 7.7522 7.2524 2.3033 7.2781
5 24 4.1618 2.4606 10.1148 7.7158 2.5778 7.7522 7.2524 2.3033 7.2781 8.1899 2.3033 8.2156
5 24 4.1618 2.4606 10.1148 4.4225 2.1861 10.7243 -0.0257 2.3434 10.9375 7.7158 2.5778 7.7522
4 16 4.1618 2.4606 10.1148 4.4225 2.1861 10.7243 8.1899 2.3033 8.2156 7.7158 2.5778 7.7522
5 24 4.4225 2.1861 10.7243 8.1899 2.3033 8.2156 7.7158 2.5778 7.7522 8.3969 1.6406 8.3969
5 24 4.4225 2.1861 10.7243 4.5444 1.5234 10.9711 -0.0182 2.0689 11.6004 8.1899 2.3033 8.2156
4 16 4.4225 2.1861 10.7243 4.5444 1.5234 10.9711 8.3969 1.6406 8.3969 8.1899 2.3033 8.2156
5 24 4.5444 1.5234 10.9711 8.3969 1.6406 8.3969 8.1899 2.3033 8.2156 8.2156 0.978 8.1899
5 24 4.5444 1.5234 10.9711 4.4561 0.8608 10.7104 0 1.4062 11.875 8.3969 1.6406 8.3969
