0 FILE 42048 - main.ldr
0 main
0 Name: 42048 - main.ldr
0 Author: Philippe Hurbain [Philo]
0 !LDRAW_ORG Unofficial_Model
0 !LICENSE Redistributable under CCAL version 2.0 : see CAreadme.txt

0 Name: main.ldr
1 72 -100 -29 0 0 0 1 0 1 0 -1 0 0 15458.dat
1 0 -80 -29 -110 0 0 1 0 1 0 -1 0 0 2780.dat
1 0 -100 -29 -110 0 0 1 0 1 0 -1 0 0 2780.dat
1 0 -120 -29 -120 0 0 -1 0 1 0 1 0 0 15100.dat
1 0 -120 -29 120 0 0 1 0 1 0 -1 0 0 15100.dat
1 0 -100 -29 110 0 0 1 0 1 0 -1 0 0 2780.dat
1 0 -80 -29 110 0 0 1 0 1 0 -1 0 0 2780.dat
1 0 -70 -29 -20 -1 0 0 0 1 0 0 0 -1 2780.dat
1 1 -60 -29 20 1 0 0 0 1 0 0 0 1 6558.dat
1 1 -60 -29 60 1 0 0 0 1 0 0 0 1 6558.dat
0 STEP
1 72 -60 -29 40 0 1 0 -1 0 0 0 0 1 32316.dat
1 0 -90 -49 120 1 0 0 0 0 -1 0 1 0 41678.dat
1 0 -80 -49 120 -1 0 0 0 0 -1 0 -1 0 18651.dat
1 71 -90 -49 120 -1 0 0 0 0 -1 0 -1 0 32291.dat
0 STEP
1 72 -60 -49 140 0 -1 0 1 0 0 0 0 1 40490.dat
1 71 -50 -49 80 1 0 0 0 1 0 0 0 1 4274.dat
1 36 -42 -49 80 0 -1 0 1 0 0 0 0 1 98138.dat
1 1 -80 -49 200 -1 0 0 0 -1 0 0 0 1 6558.dat
1 0 -70 -49 220 -1 0 0 0 1 0 0 0 -1 2780.dat
1 0 -80 -49 220 0 0 -1 1 0 0 0 -1 0 42003.dat
0 STEP
1 72 -40 -29 80 1 0 0 0 0 1 0 -1 0 11214.dat
1 72 -40 -89 100 0 -1 0 0 0 1 -1 0 0 32140.dat
1 1 -30 -69 100 1 0 0 0 0 1 0 -1 0 43093.dat
1 15 0 -29 80 0 0 1 -1 0 0 0 -1 0 18948.dat
1 15 0 -69 100 0 0 1 -1 0 0 0 -1 0 18948.dat
1 1 30 -69 100 -1 0 0 0 0 -1 0 -1 0 43093.dat
1 72 40 -29 80 -1 0 0 0 0 -1 0 -1 0 11214.dat
1 0 -50 -49 100 -1 0 0 0 1 0 0 0 -1 2780.dat
1 72 40 -89 100 0 -1 0 0 0 1 -1 0 0 32140.dat
1 0 50 -49 100 -1 0 0 0 1 0 0 0 -1 2780.dat
1 0 0 -49 -140 -1 0 0 0 -1 0 0 0 1 42048 - chassis.ldr
0 STEP
1 0 20 -49 140 0 0 -1 0 1 0 1 0 0 42048 - gearbox.ldr
1 4 -80 -49 140 0 0 1 0 1 0 -1 0 0 3713.dat
0 STEP
1 71 -80 -49 180 -1 0 0 0 1 0 0 0 -1 44294.dat
1 4 -40 -49 180 0 0 -1 0 1 0 1 0 0 18946.dat
1 15 0 -49 180 0 0 1 -1 0 0 0 -1 0 18948.dat
1 71 80 -49 180 -1 0 0 0 1 0 0 0 -1 44294.dat
1 72 0 -49 180 0 0 1 -1 0 0 0 -1 0 18947.dat
1 14 -75 -49 180 0 0 1 -1 0 0 0 -1 0 32123a.dat
1 14 -85 -49 180 0 0 1 -1 0 0 0 -1 0 32123a.dat
0 STEP
1 1 -80 -49 160 -1 0 0 0 -1 0 0 0 1 6558.dat
1 72 -80 -49 160 0 -1 0 -1 0 0 0 0 -1 18654.dat
1 72 -100 -49 180 0 -1 0 -1 0 0 0 0 -1 32523.dat
1 4 40 -49 180 0 0 -1 0 1 0 1 0 0 18946.dat
0 STEP
1 72 60 -49 140 0 -1 0 1 0 0 0 0 1 40490.dat
1 71 50 -49 80 -1 0 0 0 -1 0 0 0 1 4274.dat
1 36 42 -49 80 0 1 0 -1 0 0 0 0 1 98138.dat
0 STEP
1 4 80 -49 140 0 0 -1 0 -1 0 -1 0 0 3713.dat
1 0 70 -29 -20 -1 0 0 0 1 0 0 0 -1 2780.dat
1 14 75 -49 180 0 0 1 -1 0 0 0 -1 0 32123a.dat
1 14 85 -49 180 0 0 1 -1 0 0 0 -1 0 32123a.dat
1 1 80 -49 160 1 0 0 0 1 0 0 0 1 6558.dat
1 72 80 -49 160 0 -1 0 -1 0 0 0 0 -1 18654.dat
1 1 80 -49 200 1 0 0 0 1 0 0 0 1 6558.dat
1 0 70 -49 220 -1 0 0 0 1 0 0 0 -1 2780.dat
1 0 80 -49 220 0 0 -1 1 0 0 0 -1 0 42003.dat
1 72 100 -49 180 0 -1 0 -1 0 0 0 0 -1 32523.dat
0 STEP
1 72 100 -29 0 0 0 -1 0 1 0 1 0 0 15458.dat
1 0 80 -29 110 0 0 -1 0 1 0 1 0 0 2780.dat
1 0 100 -29 110 0 0 -1 0 1 0 1 0 0 2780.dat
1 0 120 -29 120 0 0 1 0 1 0 -1 0 0 15100.dat
1 0 120 -29 -120 0 0 -1 0 1 0 1 0 0 15100.dat
1 0 100 -29 -110 0 0 -1 0 1 0 1 0 0 2780.dat
1 0 80 -29 -110 0 0 -1 0 1 0 1 0 0 2780.dat
1 1 60 -29 60 -1 0 0 0 1 0 0 0 -1 6558.dat
1 1 60 -29 20 -1 0 0 0 1 0 0 0 -1 6558.dat
1 72 60 -29 40 0 -1 0 -1 0 0 0 0 -1 32316.dat
1 0 90 -49 120 -1 0 0 0 0 -1 0 -1 0 41678.dat
1 0 80 -49 120 1 0 0 0 0 -1 0 1 0 18651.dat
1 71 90 -49 120 1 0 0 0 0 1 0 -1 0 32291.dat
0 STEP
1 0 -80 -59 100 0 -1 0 1 0 0 0 0 1 2780.dat
1 0 80 -59 100 0 -1 0 1 0 0 0 0 1 2780.dat
1 72 -40 -29 0 0 1 0 -1 0 0 0 0 1 32140.dat
1 72 40 -29 0 0 1 0 -1 0 0 0 0 1 32140.dat
0 STEP
1 72 -52 -49 60 -1 0 0 0 -0.271 0.963 0 0.963 0.271 87083.dat
1 15 0 -49 60 0 0 1 -0.271 -0.963 0 0.963 -0.271 0 18948.dat
1 72 -80 -49 60 0 -1 0 -0.271 0 -0.963 0.963 0 -0.271 32140.dat
1 0 -90 -112.209 62.957 1 0 0 0 -0.442 0.898 0 -0.898 -0.442 6628.dat
1 72 52 -49 60 1 0 0 0 -0.271 -0.963 0 0.963 -0.271 87083.dat
1 4 80 -68.259 54.567 1 0 0 0 -0.271 -0.963 0 0.963 -0.271 32039.dat
0 STEP
1 71 0 -29 -120 0 0 1 1 0 0 0 1 0 32525.dat
1 1 40 -49 -200 0 -1 0 -1 0 0 0 0 -1 6558.dat
1 1 -40 -49 -200 0 -1 0 -1 0 0 0 0 -1 6558.dat
0 STEP
1 47 0 -29 -200 1 0 0 0 1 0 0 0 1 42048 - steering.ldr
0 STEP
1 0 80 -29 -160 0 0 -1 0 1 0 1 0 0 15100.dat
1 0 -80 -29 -160 0 0 -1 0 1 0 1 0 0 15100.dat
1 72 0 -29 -140 0 0 -1 -1 0 0 0 1 0 40490.dat
1 0 20 -29 -150 0 0 -1 0 -1 0 -1 0 0 2780.dat
1 0 -20 -29 -150 0 0 -1 0 -1 0 -1 0 0 2780.dat
1 72 20 -29 -160 0 0 -1 1 0 0 0 -1 0 18654.dat
1 72 -20 -29 -160 0 0 -1 1 0 0 0 -1 0 18654.dat
0 STEP
1 0 20 -49 -210 0 0 -1 0 -1 0 -1 0 0 2780.dat
1 0 -20 -49 -210 0 0 -1 0 -1 0 -1 0 0 2780.dat
1 0 0 -29 -220 1 0 0 0 -1 0 0 0 -1 63869.dat
1 71 0 -29 -220 1 0 0 0 -1 0 0 0 -1 4519.dat
1 25 20 -29 -220 0 1 0 1 0 0 0 0 -1 60483.dat
1 25 -20 -29 -220 0 1 0 1 0 0 0 0 -1 60483.dat
1 0 0 -29 -240 -1 0 0 0 0.986 -0.167 0 -0.167 -0.986 18651.dat
1 15 5 -34 -269.58 0 1 0 -0.986 0 0.167 0.167 0 0.986 32449.dat
1 15 -5 -34 -269.58 0 1 0 -0.986 0 0.167 0.167 0 0.986 32449.dat
0 STEP
1 0 40 -69 -80 0 -1 0 1 0 0 0 0 1 15100.dat
1 0 -40 -69 -80 0 -1 0 1 0 0 0 0 1 15100.dat
1 0 -40 -59 -120 0 -1 0 -1 0 0 0 0 -1 2780.dat
1 0 40 -59 -120 0 -1 0 -1 0 0 0 0 -1 2780.dat
0 STEP
1 0 -40 -69 -160 0 -1 0 1 0 0 0 0 1 15100.dat
1 0 40 -69 -160 0 -1 0 1 0 0 0 0 1 15100.dat
1 1 -30 -69 -160 1 0 0 0 0.707 -0.707 0 0.707 0.707 43093.dat
1 1 30 -69 -160 -1 0 0 0 0.707 0.707 0 0.707 -0.707 43093.dat
1 71 0 -69 -160 0 0 -1 -0.707 0.707 0 0.707 0.707 0 32034.dat
1 72 0 -69 -160 0 0 1 0.707 0.707 0 -0.707 0.707 0 87083.dat
1 72 0 -61.929 -167.071 -1 0 0 0 0.707 -0.707 0 -0.707 -0.707 15535.dat
1 25 0 -49.201 -179.799 1 0 0 0 0.707 0.707 0 -0.707 0.707 60483.dat
1 71 0 -27.988 -172.728 0 -0.656 0.755 0.707 0.534 0.464 -0.707 0.534 0.464 4274.dat
1 14 0 -79.607 -149.393 0 -1 0 -0.707 0 0.707 -0.707 0 -0.707 32123a.dat
0 STEP
1 72 0 -69 -200 0 0 -1 0 1 0 1 0 0 40490.dat
1 1 120 -49 -120 0 -1 0 -1 0 0 0 0 -1 6558.dat
1 1 -120 -49 -120 0 -1 0 -1 0 0 0 0 -1 6558.dat
1 85 120 -49 0 0 -1 0 -1 0 0 0 0 -1 18944.dat
1 85 -120 -49 0 0 1 0 1 0 0 0 0 -1 18944.dat
0 STEP
1 0 0 -69 -120 0 0 -1 0 -1 0 -1 0 0 41239.dat
1 0 0 -97.284 -131.716 0 -1 0 -0.707 0 0.707 -0.707 0 -0.707 59443.dat
1 1 40 -49 -240 -1 0 0 0 0.781 0.624 0 0.624 -0.781 6558.dat
1 1 -40 -49 -240 1 0 0 0 -0.986 0.167 0 -0.167 -0.986 6558.dat
0 STEP
1 72 -20 -42.333 -279.441 0 -1 0 -0.986 0 0.167 -0.167 0 -0.986 32316.dat
1 72 20 -42.333 -279.441 0 -1 0 -0.986 0 0.167 -0.167 0 -0.986 32316.dat
1 0 30 -42.333 -279.441 -1 0 0 0 1 0 0 0 -1 2780.dat
1 0 -30 -42.333 -279.441 -1 0 0 0 1 0 0 0 -1 2780.dat
1 1 0 -35.667 -318.881 -1 0 0 0 -0.802 -0.597 0 -0.597 0.802 6558.dat
1 85 0 -90.298 -212.038 1 0 0 0 0.89 -0.455 0 0.455 0.89 18944.dat
1 72 -20 -106.964 -92.597 0 -1 0 -0.315 0 -0.949 0.949 0 -0.315 32316.dat
1 72 20 -106.964 -92.597 0 -1 0 -0.315 0 -0.949 0.949 0 -0.315 32316.dat
1 0 0 -106.964 -92.597 1 0 0 0 -0.315 -0.949 0 0.949 -0.315 18651.dat
1 15 0 -106.964 -92.597 1 0 0 0 0.949 -0.315 0 0.315 0.949 6536.dat
0 STEP
1 14 0 -39 -299.161 -1 0 0 0 0.986 -0.167 0 -0.167 -0.986 32073.dat
1 72 60 -66.492 -249.696 0 -1 0 0.485 0 0.875 -0.875 0 0.485 32523.dat
1 72 -60 -66.492 -249.696 0 -1 0 0.485 0 0.875 -0.875 0 0.485 32523.dat
1 4 -60 -83.985 -259.392 -1 0 0 0 -0.485 0.875 0 0.875 0.485 32062.dat
1 4 60 -83.985 -259.392 -1 0 0 0 -0.485 0.875 0 0.875 0.485 32062.dat
1 4 60 -66.492 -249.696 -1 0 0 0 -0.485 0.875 0 0.875 0.485 32062.dat
1 4 -60 -66.492 -249.696 -1 0 0 0 -0.485 0.875 0 0.875 0.485 32062.dat
1 72 -75 -83.985 -259.392 0 1 0 -0.485 0 0.875 0.875 0 0.485 41677.dat
1 72 -45 -83.985 -259.392 0 1 0 -0.485 0 0.875 0.875 0 0.485 41677.dat
1 72 45 -83.985 -259.392 0 1 0 -0.485 0 0.875 0.875 0 0.485 41677.dat
1 72 75 -83.985 -259.392 0 1 0 -0.485 0 0.875 0.875 0 0.485 41677.dat
0 STEP
1 71 0 -69 -80 -1 0 0 0 -1 0 0 0 1 44294.dat
1 4 60 -69 -80 0 0 -1 0 -1 0 -1 0 0 3713.dat
1 4 -60 -69 -80 0 0 -1 0 1 0 1 0 0 3713.dat
1 19 0 -144.929 -105.195 1 0 0 0 -0.988 0.152 0 -0.152 -0.988 32556.dat
1 4 0 -125.569 -103.431 0 -1 0 -0.707 0 -0.707 0.707 0 -0.707 3705.dat
0 STEP
1 1 -120 -49 120 0 -1 0 -1 0 0 0 0 -1 6558.dat
1 1 120 -49 120 0 -1 0 -1 0 0 0 0 -1 6558.dat
1 72 -60 -69 100 0 0 -1 0 1 0 1 0 0 32140.dat
1 72 60 -69 100 0 0 1 0 -1 0 1 0 0 32140.dat
0 STEP
1 0 80 -49 240 0 0 -1 1 0 0 0 -1 0 18651.dat
1 0 -80 -49 240 0 0 -1 1 0 0 0 -1 0 18651.dat
1 0 0 -29 220 1 0 0 0 1 0 0 0 1 42048 - rear.ldr
0 STEP
1 85 0 -49 240 0 0 1 -1 0 0 0 -1 0 18944.dat
1 0 0 -69 240 0 0 1 0 1 0 -1 0 0 41239.dat
1 0 40 -89 220 0 -1 0 1 0 0 0 0 1 15100.dat
0 STEP
1 72 60 -89 100 1 0 0 0 -1 0 0 0 -1 10197.dat
1 71 60 -89 140 1 0 0 0 -1 0 0 0 -1 32034.dat
1 71 0 -89 140 1 0 0 0 -1 0 0 0 -1 44294.dat
1 71 40 -89 140 0 0 1 1 0 0 0 1 0 94925.dat
0 STEP
1 71 0 -129 163 1 0 0 0 1 0 0 0 1 42048 - engine.ldr
1 71 60 -89 180 0 0 1 0 1 0 -1 0 0 4519.dat
1 71 60 -89 220 1 0 0 0 1 0 0 0 1 32013.dat
0 STEP
1 0 60 -89 220 -1 0 0 0 1 0 0 0 -1 32054.dat
1 72 -20 -89 140 0 0 1 -1 0 0 0 -1 0 3648b.dat
1 4 -40 -89 140 0 0 1 0 1 0 -1 0 0 3713.dat
1 72 -60 -89 100 1 0 0 0 -1 0 0 0 -1 10197.dat
1 71 -60 -89 140 1 0 0 0 1 0 0 0 1 32013.dat
0 STEP
1 72 10 -89 100 -1 0 0 0 -1 0 0 0 1 55013.dat
1 4 80 -89 100 0 0 -1 0 -1 0 -1 0 0 3713.dat
1 71 40 -129 140 0 1 0 0 0 -1 -1 0 0 32184.dat
1 14 30 -129 130 1 0 0 0 1 0 0 0 1 2853.dat
1 72 0 -129 125 0 0 1 -1 0 0 0 -1 0 41677.dat
0 STEP
1 25 5 -149 200 -1 0 0 0 -1 0 0 0 1 42048 - tank.ldr
0 STEP
1 0 -20 -89 230 0 0 1 0 -1 0 1 0 0 2780.dat
1 0 -40 -89 230 0 0 1 0 -1 0 1 0 0 2780.dat
1 72 -40 -89 240 0 0 1 -1 0 0 0 -1 0 32523.dat
1 0 -60 -89 220 0 -1 0 0 0 -1 1 0 0 15100.dat
1 0 -70 -89 220 1 0 0 0 0 -1 0 1 0 6628.dat
1 0 -80 -89 220 0 0.992 -0.125 0.989 -0.018 -0.145 -0.146 -0.124 -0.981 32293.dat
0 STEP
1 71 0 -129 230 1 0 0 0 1 0 0 0 1 32013.dat
1 1 0 -129 230 1 0 0 0 -1 0 0 0 -1 6558.dat
1 71 -30 -129 230 0 0 1 0 -1 0 1 0 0 55981.dat
1 0 -50 -129 230 1 0 0 0 -1 0 0 0 -1 2780.dat
1 71 -70 -129 230 1 0 0 0 0 -1 0 1 0 62462.dat
1 87 10 -129 230 0 -1 0 0 0 -1 1 0 0 42048 - technicRibHoseLQ-1.ldr
1 0 40 -139 140 0 1 0 1 0 0 0 0 -1 2780.dat
1 0 40 -149 140 1 0 0 0 -1 0 0 0 -1 15100.dat
0 STEP
1 25 -40 -62.053 -282.781 0 0 -1 -0.986 -0.167 0 -0.167 0.986 0 87080.dat
1 71 -100 -63.723 -272.921 0 0 -1 -0.167 0.986 0 0.986 0.167 0 4274.dat
1 71 -80 -63.723 -272.921 0 0 -1 -0.167 0.986 0 0.986 0.167 0 4274.dat
1 25 -70 -65.059 -265.033 1 0 0 0 0.167 0.986 0 -0.986 0.167 2431.dat
1 25 40 -62.06 -282.781 0 0 1 0.986 -0.167 0 0.167 0.986 0 87086.dat
1 71 80 -63.73 -272.921 0 0 1 -0.167 -0.986 0 0.986 -0.167 0 4274.dat
1 71 100 -63.73 -272.921 0 0 1 -0.167 -0.986 0 0.986 -0.167 0 4274.dat
1 25 70 -65.066 -265.033 1 0 0 0 0.167 0.986 0 -0.986 0.167 2431.dat
0 STEP
1 0 40 -67.41 -12.186 -1 0 0 0 -0.391 -0.921 0 -0.921 0.391 18651.dat
1 0 -30 -20.379 -66.948 1 0 0 0 0.875 0.485 0 -0.485 0.875 42048 - seat.ldr
1 0 -40 -67.41 -12.186 1 0 0 0 0.391 -0.921 0 0.921 0.391 18651.dat
1 72 60 -67.41 -12.186 0 1 0 -0.391 0 -0.921 -0.921 0 0.391 18654.dat
1 72 -60 -67.41 -12.186 0 1 0 -0.391 0 -0.921 -0.921 0 0.391 18654.dat
0 STEP
1 4 80 -77.889 51.857 0 -1 0 0.963 0 -0.271 0.271 0 0.963 32062.dat
1 4 80 -106.767 43.73 -1 0 0 0 -0.993 0.118 0 0.118 0.993 32015.dat
1 4 80 -110.31 13.94 0 0 1 0.118 -0.993 0 0.993 0.118 0 32062.dat
1 4 80 -111.492 4.01 1 0 0 0 -0.993 -0.118 0 0.118 -0.993 3713.dat
1 0 0 -152.436 -76.564 -1 0 0 0 0.707 -0.707 0 -0.707 -0.707 2741.dat
0 STEP
1 0 130 -49 -200 0 0 1 0 1 0 -1 0 0 56145.dat
1 256 130 -49 -200 0 0 1 0 1 0 -1 0 0 55978.dat
1 0 130 -49 180 0 0 1 0 1 0 -1 0 0 56145.dat
1 256 130 -49 180 0 0 1 0 1 0 -1 0 0 55978.dat
1 0 -130 -49 180 0 0 -1 0 -1 0 -1 0 0 56145.dat
1 256 -130 -49 180 0 0 -1 0 -1 0 -1 0 0 55978.dat
1 0 -130 -49 -200 0 0 -1 0 -1 0 -1 0 0 56145.dat
1 256 -130 -49 -200 0 0 -1 0 -1 0 -1 0 0 55978.dat
0 STEP
1 0 140 -49 -200 0 1 0 0 0 -1 -1 0 0 2958.dat
1 0 140 -49 180 0 1 0 0 0 -1 -1 0 0 2958.dat
1 0 -150 -49 180 0 1 0 0 0 -1 -1 0 0 2958.dat
1 0 -150 -49 -200 0 1 0 0 0 -1 -1 0 0 2958.dat

0 FILE 42048 - chassis.ldr
0 chassis
0 Author: Philippe Hurbain [Philo]
0 !LDRAW_ORG Unofficial_Model
0 !LICENSE Redistributable under CCAL version 2.0 : see CAreadme.txt
1 71 0 0 0 1 0 0 0 1 0 0 0 1 64178.dat
1 0 50 0 80 1 0 0 0 1 0 0 0 1 2780.dat
1 0 50 0 100 1 0 0 0 1 0 0 0 1 2780.dat
1 0 -50 0 100 1 0 0 0 1 0 0 0 1 2780.dat
1 0 -50 0 80 1 0 0 0 1 0 0 0 1 2780.dat
0 STEP
1 72 -60 0 60 0 1 0 -1 0 0 0 0 1 32140.dat
1 72 -40 0 120 1 0 0 0 0.921 -0.391 0 0.391 0.921 11214.dat
1 15 0.5 0 120 0 0 1 -0.922 0.389 0 -0.389 -0.922 0 18948.dat
1 25 -40 18.41 127.814 0 1 0 0.391 0 -0.921 -0.921 0 -0.391 60483.dat
1 72 40 0 120 -1 0 0 0 0.921 0.391 0 0.391 -0.921 11214.dat
0 STEP
1 72 60 0 60 0 1 0 -1 0 0 0 0 1 32140.dat
1 0 -30 0 -40 -1 0 0 0 -1 0 0 0 1 6628.dat
1 0 30 0 -40 1 0 0 0 1 0 0 0 1 6628.dat
1 1 -50 0 40 -1 0 0 0 -1 0 0 0 1 43093.dat
1 1 50 0 40 1 0 0 0 1 0 0 0 1 43093.dat
1 15 -60 0 40 -1 0 0 0 -1 0 0 0 1 6536.dat
1 15 60 0 40 -1 0 0 0 -1 0 0 0 1 6536.dat
1 0 -60 -20 40 0 -1 0 0 0 1 -1 0 0 32054.dat
1 0 60 -20 40 0 -1 0 0 0 1 -1 0 0 32054.dat
1 25 40 18.41 127.814 0 1 0 0.391 0 -0.921 -0.921 0 -0.391 60483.dat

0 FILE 42048 - gearbox.ldr
0 gearbox
0 Author: Philippe Hurbain [Philo]
0 !LDRAW_ORG Unofficial_Model
0 !LICENSE Redistributable under CCAL version 2.0 : see CAreadme.txt
1 71 0 0 0 1 0 0 0 -1 0 0 0 -1 92907.dat
1 4 0 -20 0 1 0 0 0 -1 0 0 0 -1 32062.dat
1 0 0 -40 0 1 0 0 0 -1 0 0 0 -1 42003.dat
0 STEP
1 72 0 0 -30 0 0 1 0 -1 0 1 0 0 87083.dat
1 71 0 0 -20 0 1 0 1 0 0 0 0 -1 94925.dat
1 0 0 -60 10 0 0 -1 0 -1 0 -1 0 0 2780.dat
0 STEP
1 4 0 -20 20 1 0 0 0 -1 0 0 0 -1 32062.dat
1 15 0 -20 20 -1 0 0 0 1 0 0 0 -1 6536.dat
1 28 0 0 60 0 0 1 0 1 0 -1 0 0 15462.dat
1 72 0 0 40 -1 0 0 0 1 0 0 0 -1 10928.dat
1 71 0 0 60 -1 0 0 0 1 0 0 0 -1 94925.dat
1 0 0 -60 20 -1 0 0 0 1 0 0 0 -1 42003.dat

0 FILE 42048 - steering.ldr
0 steering
0 Author: Philippe Hurbain [Philo]
0 !LDRAW_ORG Unofficial_Model
0 !LICENSE Redistributable under CCAL version 2.0 : see CAreadme.txt
1 72 0 0 0 0 0 1 0 1 0 -1 0 0 40490.dat
1 1 -60 -20 0 0 0 1 -1 0 0 0 -1 0 6558.dat
1 1 60 -20 0 0 0 1 -1 0 0 0 -1 0 6558.dat
1 72 -60 -20 0 0 0 1 0 -1 0 1 0 0 18654.dat
1 72 60 -20 0 0 0 1 0 -1 0 1 0 0 18654.dat
0 STEP
1 71 80 -20 20 1 0 0 0 0 -1 0 1 0 48989.dat
1 71 -80 -20 20 1 0 0 0 0 -1 0 1 0 48989.dat
1 72 110 -20 0 -1 0 0 0 0 -1 0 -1 0 87083.dat
1 72 -110 -20 0 1 0 0 0 0 -1 0 1 0 87083.dat
1 14 -95 -20 0 0 0 -1 1 0 0 0 -1 0 32123a.dat
1 14 -105 -20 0 0 0 -1 1 0 0 0 -1 0 32123a.dat
1 14 95 -20 0 0 0 -1 1 0 0 0 -1 0 32123a.dat
1 14 105 -20 0 0 0 -1 1 0 0 0 -1 0 32123a.dat
1 71 -70 -20 40 1 0 0 0 0 1 0 -1 0 4274.dat
1 71 70 -20 40 -1 0 0 0 0 -1 0 -1 0 4274.dat
1 47 -62 -20 40 0 -1 0 -1 0 0 0 0 -1 98138.dat
1 47 62 -20 40 0 1 0 1 0 0 0 0 -1 98138.dat

0 FILE 42048 - rear.ldr
0 rear
0 Author: Philippe Hurbain [Philo]
0 !LDRAW_ORG Unofficial_Model
0 !LICENSE Redistributable under CCAL version 2.0 : see CAreadme.txt
1 71 0 0 0 0 0 1 0 1 0 -1 0 0 32524.dat
1 1 -20 -20 0 0 -1 0 -1 0 0 0 0 -1 6558.dat
1 1 20 -20 0 0 -1 0 -1 0 0 0 0 -1 6558.dat
1 0 20 -20 0 1 0 0 0 -1 0 0 0 -1 15100.dat
1 0 -20 -20 0 -1 0 0 0 -1 0 0 0 1 15100.dat
0 STEP
1 4 -40 -20 20 -1 0 0 0 -1 0 0 0 1 44809.dat
1 4 40 -20 20 1 0 0 0 1 0 0 0 1 44809.dat
1 1 40 -20 20 0 -1 0 1 0 0 0 0 1 6558.dat
1 1 -40 -20 20 0 -1 0 1 0 0 0 0 1 6558.dat
0 STEP
1 0 0 0 20 0 0 -1 0 1 0 1 0 0 41239.dat
1 71 0 -40 0 0 0 1 0 1 0 -1 0 0 32524.dat
1 1 120 -20 20 0 -1 0 -1 0 0 0 0 -1 6558.dat
1 1 -120 -20 20 0 -1 0 -1 0 0 0 0 -1 6558.dat
0 STEP
1 72 0 -30 0 0 -1 0 1 0 0 0 0 1 87083.dat
1 4 0 -20 20 0 -1 0 1 0 0 0 0 1 6641.dat
1 0 -20 -60 0 0 -1 0 1 0 0 0 0 1 42003.dat

0 FILE 42048 - engine.ldr
0 engine
0 Author: Philippe Hurbain [Philo]
0 !LDRAW_ORG Unofficial_Model
0 !LICENSE Redistributable under CCAL version 2.0 : see CAreadme.txt
1 72 0 0 0 0 0 1 0 1 0 -1 0 0 59426.dat
1 15 0 0 17 0 0 1 0 1 0 -1 0 0 6536.dat
1 15 0 0 -3 0 0 1 0 -1 0 1 0 0 6536.dat
1 0 0 -20 -3 1 0 0 0 -1 0 0 0 -1 32054.dat
1 1 -30 -20 -3 1 0 0 0 -1 0 0 0 -1 43093.dat
0 STEP
1 71 30 -46 17 0 0 1 0 1 0 -1 0 0 42048 - 2850b.dat
1 14 30 20 17 0 0 1 -1 0 0 0 -1 0 2853.dat
1 71 30 30 17 0 0 -1 0 1 0 1 0 0 2852.dat
1 14 60 30 17 0 0 1 1 0 0 0 1 0 2853.dat
1 14 30 -10 17 0 0 1 0 1 0 -1 0 0 2851.dat
0 STEP
1 71 -10 20 17 1 0 0 0 1 0 0 0 1 4519.dat
1 0 -20 20 17 0 0 -1 -1 0 0 0 1 0 32270.dat
1 0 50 -20 -3 1 0 0 0 1 0 0 0 1 2780.dat
1 0 50 -20 37 1 0 0 0 1 0 0 0 1 2780.dat
0 STEP
1 15 60 0 -3 0 0 1 0 -1 0 1 0 0 6536.dat
1 15 60 0 37 0 0 1 0 -1 0 1 0 0 6536.dat
1 28 60 0 17 0 0 1 0 -1 0 1 0 0 15462.dat
1 72 60 0 57 1 0 0 0 0 -1 0 1 0 18654.dat
1 71 60 20 17 0 0 1 0 1 0 -1 0 0 32184.dat

0 FILE 42048 - tank.ldr
0 tank
0 Author: Philippe Hurbain [Philo]
0 !LDRAW_ORG Unofficial_Model
0 !LICENSE Redistributable under CCAL version 2.0 : see CAreadme.txt
1 72 0 0 0 0 1 0 0 0 1 1 0 0 41677.dat
1 4 35 20 0 1 0 0 0 0 1 0 -1 0 3705.dat
1 72 10 0 0 0 1 0 0 0 1 1 0 0 41677.dat
1 0 5 0 0 1 0 0 0 0 1 0 -1 0 18651.dat
0 STEP
1 0 45 0 0 1 0 0 0 0 1 0 -1 0 32054.dat
1 71 25 20 0 0 -1 0 -1 0 0 0 0 -1 32140.dat
1 0 45 20 -60 1 0 0 0 0 1 0 -1 0 18651.dat
1 0 45 20 -20 1 0 0 0 0 1 0 -1 0 18651.dat
1 71 45 20 -40 1 0 0 0 0 1 0 -1 0 32184.dat
0 STEP
1 0 45 0 -60 1 0 0 0 0 1 0 -1 0 18651.dat
1 71 45 0 -60 0 -1 0 1 0 0 0 0 1 32140.dat
1 0 55 0 -20 1 0 0 0 1 0 0 0 1 2780.dat
0 STEP
1 71 65 20 0 0 -1 0 -1 0 0 0 0 -1 32140.dat
1 0 65 -20 -20 0 0 1 0 1 0 -1 0 0 63869.dat
1 4 65 -20 -20 0 0 1 0 1 0 -1 0 0 32062.dat
1 71 45 -40 -20 0 0 -1 0 1 0 1 0 0 92907.dat
0 STEP
1 71 45 30 -40 0 0 -1 1 0 0 0 -1 0 4274.dat
1 25 45 38 -40 0 0 -1 0 -1 0 -1 0 0 98138.dat

0 FILE 42048 - technicRibHoseLQ-1.ldr
0 technicRibHoseLQ-1
0 !CATEGORY technic
0 !KEYWORDS flexible
0 !LDCAD CONTENT [type=path] [addFallBack=default] [looped=false] [displayKind=mm] [curveStep=0] [displayLenCor=0]
0 Name: 42048 - technicRibHoseLQ-1.ldr
0 !LDRAW_ORG Unofficial_Model
0 !LICENSE Redistributable under CCAL version 2.0 : see CAreadme.txt

0 !LDCAD PATH_POINT [type=bezier] [posOri=0 0 0 1 0 0 0 1 0 0 0 1] [prevCPDist=25] [nextCPDist=16] [cirR=20] [cirDir=xyCW] [prevYRoll=0] [nextYRoll=0]
0 !LDCAD PATH_POINT [type=bezier] [posOri=0 -20 0 1 0 0 0 1 0 0 0 1] [prevCPDist=9] [nextCPDist=17.5] [cirR=20] [cirDir=xyCW] [prevYRoll=0] [nextYRoll=0]
0 !LDCAD PATH_POINT [type=bezier] [posOri=-9 -51 -19 0.965926 0.258819 0 -0.258819 0.965926 0 0 0 1] [prevCPDist=16.5] [nextCPDist=52] [cirR=20] [cirDir=xyCW] [prevYRoll=0] [nextYRoll=0]
0 !LDCAD PATH_POINT [type=bezier] [posOri=-90 -71 20 -1 0 0 0 -1 0 0 0 1] [prevCPDist=44.5] [nextCPDist=9] [cirR=20] [cirDir=xyCW] [prevYRoll=0] [nextYRoll=0]
0 !LDCAD PATH_POINT [type=bezier] [posOri=-90 -42 20 -1 0 0 0 -1 0 0 0 1] [prevCPDist=13] [nextCPDist=25] [cirR=20] [cirDir=xyCW] [prevYRoll=0] [nextYRoll=0]

0 !LDCAD PATH_SKIN [donCol=16] [donOri=1 0 0 0 1 0 0 0 1] [donPart=79.dat] [donYSize=100%] [donCen=absCen] [donCenYOfs=0] [donFinScale=none] [donPlace=refsDyn] [donYAlign=0] [donInline=false] [segSize=80%] [segSizeTol=5%] [segsCnt=1] [segsGrp=0] [segsMaxMerge=1] [segsMrgAng=0] [segsMrgRollAng=0] [segsEdgeDelKind=keepFirstLeft]
0 !LDCAD PATH_SKIN [donCol=16] [donOri=1 0 0 0 1 0 0 0 1] [donPart=80.dat] [donYSize=100%] [donCen=absCen] [donCenYOfs=0] [donFinScale=none] [donPlace=refsDyn] [donYAlign=0] [donInline=false] [segSize=80%] [segSizeTol=5%] [segsCnt=0] [segsGrp=0] [segsMaxMerge=1] [segsMrgAng=0] [segsMrgRollAng=0] [segsEdgeDelKind=keepFirstLeft]
0 !LDCAD PATH_SKIN [donCol=16] [donOri=1 0 0 0 -1 0 0 0 -1] [donPart=79.dat] [donYSize=100%] [donCen=absCen] [donCenYOfs=0] [donFinScale=none] [donPlace=refsDyn] [donYAlign=0] [donInline=false] [segSize=80%] [segSizeTol=5%] [segsCnt=1] [segsGrp=0] [segsMaxMerge=1] [segsMrgAng=0] [segsMrgRollAng=0] [segsEdgeDelKind=keepFirstLeft]

0 !LDCAD GENERATED [generator=LDCad 1.5 Beta 1b]
0 //This is the fallback LDraw content for above PATH configuration.
0 // Do not edit, any changes will be lost upon regeneration.
0 // The path is approx 86.15 mm (215.37) and exists out of 41 segments.

0 //Some general hints about the document.
0 UNOFFICIAL PART
0 BFC CERTIFY CCW

0 //Segments
1 16 0 -1.99 0 1 0 0 0 1 0 0 0 1 79.dat
1 16 0 -7.564146 0 1 0 0 0 1 0 0 0 1 80.dat
1 16 0 -12.882437 0 1 0.000092 0 -0.000092 1 -0.00037 0 0.00037 1 80.dat
1 16 -0.00103 -18.200716 -0.004125 0.99993 0.011786 -0.000348 -0.01179 0.998902 -0.045342 -0.000187 0.045343 0.998971 80.dat
1 16 -0.118626 -23.468448 -0.456616 0.998341 0.056935 -0.00856 -0.057465 0.976176 -0.209232 -0.003556 0.209377 0.977828 80.dat
1 16 -0.561612 -28.159741 -2.079686 0.989996 0.133768 -0.04487 -0.139375 0.87769 -0.458515 -0.021953 0.460182 0.887553 80.dat
1 16 -1.47758 -32.290801 -5.169747 0.971364 0.210484 -0.11022 -0.23042 0.721383 -0.65308 -0.057952 0.659775 0.749225 80.dat
1 16 -2.755105 -35.698537 -9.019904 0.948294 0.268584 -0.169117 -0.304898 0.622842 -0.72049 -0.088179 0.7348 0.672528 80.dat
1 16 -4.320761 -38.909023 -12.951158 0.932259 0.31125 -0.184437 -0.351072 0.655077 -0.669046 -0.08742 0.688475 0.719972 80.dat
1 16 -6.05339 -42.586401 -16.302365 0.933011 0.33086 -0.141497 -0.355805 0.789451 -0.50017 -0.053781 0.517009 0.854289 80.dat
1 16 -7.765702 -47.090294 -18.304878 0.946426 0.315925 -0.066855 -0.322462 0.913572 -0.247799 -0.017209 0.256081 0.966502 80.dat
1 16 -9.339149 -52.072897 -18.940516 0.951521 0.307422 -0.00996 -0.307567 0.950649 -0.040861 -0.003093 0.041944 0.999115 80.dat
1 16 -10.934823 -56.873677 -18.779641 0.936269 0.350642 0.021215 -0.351282 0.934706 0.054085 -0.000865 -0.058091 0.998311 80.dat
1 16 -12.989271 -61.748536 -18.324873 0.905435 0.421867 0.04708 -0.424485 0.900038 0.098716 -0.000729 -0.109365 0.994001 80.dat
1 16 -15.409314 -66.421946 -17.617294 0.86768 0.490865 0.078635 -0.497123 0.856867 0.136555 -0.00035 -0.157577 0.987507 80.dat
1 16 -18.194784 -70.839433 -16.650915 0.825 0.553451 0.114307 -0.565132 0.807918 0.167016 0.000085 -0.202387 0.979306 80.dat
1 16 -21.281017 -74.996377 -15.466133 0.777701 0.609782 0.152798 -0.628635 0.754161 0.189892 0.000558 -0.243734 0.969842 80.dat
1 16 -24.663555 -78.843752 -14.060933 0.725822 0.660238 0.19305 -0.687882 0.696234 0.205127 0.001025 -0.281682 0.959507 80.dat
1 16 -28.287439 -82.388124 -12.471616 0.670492 0.704288 0.233278 -0.741915 0.635848 0.212742 0.001502 -0.315714 0.948853 80.dat
1 16 -31.952404 -85.452111 -10.791804 0.612911 0.741891 0.271916 -0.79015 0.574671 0.213111 0.001843 -0.345473 0.938427 80.dat
1 16 -35.986221 -88.331765 -8.878144 0.551136 0.774869 0.30956 -0.834413 0.510956 0.206588 0.001907 -0.372159 0.928167 80.dat
1 16 -40.177592 -90.878243 -6.834703 0.484132 0.803693 0.345969 -0.874994 0.443975 0.193059 0.001559 -0.396187 0.918169 80.dat
1 16 -44.516426 -93.046351 -4.666015 0.410864 0.828497 0.380505 -0.911697 0.373267 0.171701 0.000224 -0.417451 0.908699 80.dat
1 16 -48.970592 -94.843053 -2.395403 0.330164 0.849145 0.412243 -0.943921 0.298078 0.141997 -0.002304 -0.436007 0.89994 80.dat
1 16 -53.526444 -96.211747 -0.029813 0.240976 0.865381 0.43937 -0.970518 0.217266 0.104362 -0.005147 -0.451565 0.892223 80.dat
1 16 -58.15076 -97.151869 2.406936 0.141296 0.876534 0.460135 -0.989943 0.128362 0.059463 -0.006942 -0.463909 0.885856 80.dat
1 16 -62.599392 -97.56559 4.78423 0.030032 0.881082 0.472009 -0.999521 0.030024 0.007551 -0.007518 -0.47201 0.881561 80.dat
1 16 -67.265274 -97.436658 7.308142 -0.098869 0.87642 0.471289 -0.995073 -0.083567 -0.053346 -0.007369 -0.474241 0.880364 80.dat
1 16 -71.87008 -96.68441 9.825713 -0.249425 0.856738 0.451427 -0.968372 -0.217528 -0.122215 -0.006508 -0.467633 0.883899 80.dat
1 16 -76.302353 -95.136608 12.274963 -0.419732 0.812935 0.403685 -0.907636 -0.373664 -0.191237 -0.004621 -0.446668 0.894688 80.dat
1 16 -80.420967 -92.752117 14.571292 -0.598714 0.732784 0.323372 -0.800961 -0.546865 -0.243722 -0.001755 -0.404928 0.914347 80.dat
1 16 -83.967955 -89.397297 16.566501 -0.76184 0.609132 0.220359 -0.647764 -0.717118 -0.257184 0.001364 -0.338674 0.940903 80.dat
1 16 -86.783257 -85.240077 18.161245 -0.884484 0.450725 0.120557 -0.466559 -0.856192 -0.221943 0.003185 -0.252552 0.967578 80.dat
1 16 -88.605292 -80.668687 19.200059 -0.958137 0.282106 0.048891 -0.286291 -0.946039 -0.151817 0.003424 -0.159458 0.987199 80.dat
1 16 -89.630347 -75.516742 19.787423 -0.991303 0.131025 0.012261 -0.131574 -0.988568 -0.073631 0.002473 -0.074603 0.99721 80.dat
1 16 -89.978279 -70.228803 19.987474 -0.99943 0.033729 0.001303 -0.033747 -0.999244 -0.01931 0.00065 -0.019343 0.999813 80.dat
1 16 -90 -64.910982 20 -0.999998 0.002143 0.000007 -0.002143 -0.999997 -0.001236 0.000004 -0.001236 0.999999 80.dat
1 16 -90 -59.59269 20 -1 0 0 0 -1 0 0 0 1 80.dat
1 16 -90 -54.274399 20 -1 0 0 0 -1 0 0 0 1 80.dat
1 16 -90 -48.956108 20 -1 0 0 0 -1 0 0 0 1 80.dat
1 16 -90 -43.810981 20 -1 0 0 0 1 0 0 0 -1 79.dat
0 FILE 42048 - seat.ldr
0 seat
0 Author: Philippe Hurbain [Philo]
0 !LDRAW_ORG Unofficial_Model
0 !LICENSE Redistributable under CCAL version 2.0 : see CAreadme.txt
1 25 20 -73.956 84.765 0 -1 0 0.105 0 0.995 -0.995 0 0.105 32009.dat
1 0 30 -69.775 44.984 -1 0 0 0 -0.995 -0.105 0 -0.105 0.995 2780.dat
1 0 30 -213.189 70.131 -1 0 0 0 -0.995 -0.105 0 -0.105 0.995 2780.dat
1 25 40 -73.956 84.765 0 -1 0 0.105 0 0.995 -0.995 0 0.105 32009.dat
1 71 30 -65.594 5.203 -1 0 0 0 -0.995 -0.105 0 -0.105 0.995 4519.dat
1 72 5 -65.594 5.203 0 1 0 -0.995 0 -0.105 -0.105 0 0.995 41677.dat
1 72 55 -65.594 5.203 0 1 0 -0.995 0 -0.105 -0.105 0 0.995 41677.dat
1 0 60 -193.299 72.221 -1 0 0 0 0.995 0.105 0 0.105 -0.995 15100.dat
1 0 0 -193.299 72.221 1 0 0 0 0.995 -0.105 0 0.105 0.995 15100.dat
0 STEP
1 0 60 -113.737 80.583 -1 0 0 0 0.995 0.105 0 0.105 -0.995 15100.dat
1 0 60 -133.627 78.493 0 1 0 0.995 0 0.105 0.105 0 -0.995 32054.dat
1 25 74.142 -92.368 68.609 0.707 -0.707 0 -0.074 -0.074 -0.995 0.703 0.703 -0.105 64683.dat
1 0 60 -133.627 78.493 0.707 0 0.707 0.074 0.995 -0.074 -0.703 0.105 0.703 15100.dat
1 0 60 -173.408 74.312 0.707 0 0.707 0.074 0.995 -0.074 -0.703 0.105 0.703 15100.dat
1 0 60 -71 56.635 0 0 -1 -0.995 -0.105 0 -0.105 0.995 0 15100.dat
0 STEP
1 0 0 -113.737 80.583 1 0 0 0 -0.995 0.105 0 -0.105 -0.995 15100.dat
1 0 0 -133.627 78.493 0 1 0 0.995 0 0.105 0.105 0 -0.995 32054.dat
1 0 0 -133.627 78.493 -0.707 0 0.707 0.074 0.995 0.074 -0.703 0.105 -0.703 15100.dat
1 25 -14.142 -92.368 68.609 0.707 0.707 0 0.074 -0.074 -0.995 -0.703 0.703 -0.105 64391.dat
1 0 0 -173.408 74.312 -0.707 0 0.707 0.074 0.995 0.074 -0.703 0.105 -0.703 15100.dat
1 0 0 -71 56.635 0 0 -1 -0.995 -0.105 0 -0.105 0.995 0 15100.dat
0 STEP
1 19 0 -72.045 66.581 0 0 -1 -0.105 0.995 0 0.995 0.105 0 3749.dat
1 19 60 -72.045 66.581 0 0 -1 -0.105 0.995 0 0.995 0.105 0 3749.dat
1 15 30 -72.568 71.553 0 0 -1 0.995 0.105 0 0.105 -0.995 0 32449.dat
1 4 0 -183.354 73.266 0 0 1 0.995 -0.105 0 0.105 0.995 0 3705.dat
1 4 60 -183.354 73.266 0 0 1 0.995 -0.105 0 0.105 0.995 0 3705.dat
1 0 0 -223.134 69.085 0 1 0 -0.105 0 0.995 0.995 0 0.105 59443.dat
1 0 60 -223.134 69.085 0 1 0 -0.105 0 0.995 0.995 0 0.105 59443.dat

0 FILE 42048 - 2850b.dat
0 Technic Engine Cylinder Head with Bottom Slots
0 Name: 42048 - 2850b.dat
0 Author: Philippe Hurbain [Philo]
0 !LDRAW_ORG Unofficial_Part
0 !LICENSE Redistributable under CCAL version 2.0 : see CAreadme.txt

0 BFC CERTIFY CCW

0 !HISTORY 2015-11-12 [MMR1988] Adapted to reworked subpart

1 16 0 0 0 1 0 0 0 1 0 0 0 1 s\42048 - 2850s01.dat
1 16 0 0 0 -1 0 0 0 1 0 0 0 -1 s\42048 - 2850s01.dat
1 16 -20 26 20 -10 0 0 0 0 -10 0 -40 0 1-4cylo.dat
1 16 20 26 -20 10 0 0 0 0 -10 0 40 0 1-4cylo.dat
4 16 -16 36 20 16 36 20 16 44 20 -16 44 20
4 16 -16 44 -20 16 44 -20 16 36 -20 -16 36 -20
0 BFC INVERTNEXT
1 16 20 26 -2 7 0 0 0 0 -7 0 4 0 2-4cylo.dat
0 BFC INVERTNEXT
1 16 -20 26 2 -7 0 0 0 0 -7 0 -4 0 2-4cylo.dat
1 16 27 31 0 0 1 0 -5 0 0 0 0 2 rect2p.dat
1 16 13 34.5 0 0 -1 0 -8.5 0 0 0 0 2 rect2p.dat
1 16 -27 31 0 0 -1 0 -5 0 0 0 0 2 rect2p.dat
1 16 -13 34.5 0 0 1 0 -8.5 0 0 0 0 2 rect2p.dat

4 16 30 26 -20 30 36 -16 30 36 16 30 26 20
4 16 27 36 2 30 36 16 30 36 -16 27 36 -2
4 16 27 36 -2 30 36 -16 20 36 -16 20 36 -2
4 16 20 36 2 20 36 16 30 36 16 27 36 2
1 16 23.5 36 0 0 0 3.5 0 1 0 2 0 0 recte3.dat
2 24 30 36 -16 30 36 16
2 24 20 36 -2 20 36 -16
2 24 20 36 16 20 36 2

4 16 -30 26 20 -30 36 16 -30 36 -16 -30 26 -20
4 16 -27 36 -2 -30 36 -16 -30 36 16 -27 36 2
4 16 -20 36 -2 -20 36 -16 -30 36 -16 -27 36 -2
4 16 -27 36 2 -30 36 16 -20 36 16 -20 36 2
1 16 -23.5 36 0 0 0 -3.5 0 1 0 2 0 0 recte3.dat
2 24 -30 36 -16 -30 36 16
2 24 -20 36 -2 -20 36 -16
2 24 -20 36 16 -20 36 2

4 16 20 36 16 20 36 2 20 45.66673 2 20 45.78296 3.394312
4 16 20 45.78296 -3.394312 20 45.66673 -2 20 36 -2 20 36 -16
4 16 -20 45.78296 3.394312 -20 45.66673 2 -20 36 2 -20 36 16
4 16 -20 36 -16 -20 36 -2 -20 45.66673 -2 -20 45.78296 -3.394312
2 24 20 36 2 20 45.66673 2
2 24 20 36 -2 20 45.66673 -2
2 24 -20 36 2 -20 45.66673 2
2 24 -20 36 -2 -20 45.66673 -2

0 BFC INVERTNEXT
1 16 14.929255 39.5 5.37025 0 0.073625 -0.997125 3.5 0 0 0 -0.37025 0 box2-7.dat
0 BFC INVERTNEXT
1 16 14.929255 39.5 -5.37025 0 0.073625 -0.997125 3.5 0 0 0 0.37025 0 box2-7.dat
0 BFC INVERTNEXT
1 16 -14.929255 39.5 5.37025 0 -0.073625 0.997125 3.5 0 0 0 -0.37025 0 box2-7.dat
0 BFC INVERTNEXT
1 16 -14.929255 39.5 -5.37025 0 -0.073625 0.997125 3.5 0 0 0 0.37025 0 box2-7.dat

4 16 13 43 2 14.00575 43 5 16 43 5 16 43 2
3 16 14.00575 43 5 13 43 2 13.8585 43 5.7405
4 16 12 43 0 11.0868 43 4.5924 13.8585 43 5.7405 13 43 2
3 16 13 43 2 13 43 -2 12 43 0
4 16 13 43 -2 13.8585 43 -5.7405 11.0868 43 -4.5924 12 43 0
3 16 13.8585 43 -5.7405 13 43 -2 14.00575 43 -5
4 16 16 43 -2 16 43 -5 14.00575 43 -5 13 43 -2
1 16 14.5 43 0 0 0 -1.5 0 1 0 2 0 0 recte3.dat

4 16 -16 43 2 -16 43 5 -14.00575 43 5 -13 43 2
3 16 -13.8585 43 5.7405 -13 43 2 -14.00575 43 5
4 16 -13 43 2 -13.8585 43 5.7405 -11.0868 43 4.5924 -12 43 0
3 16 -12 43 0 -13 43 -2 -13 43 2
4 16 -12 43 0 -11.0868 43 -4.5924 -13.8585 43 -5.7405 -13 43 -2
3 16 -14.00575 43 -5 -13 43 -2 -13.8585 43 -5.7405
4 16 -13 43 -2 -14.00575 43 -5 -16 43 -5 -16 43 -2
1 16 -14.5 43 0 0 0 1.5 0 1 0 2 0 0 recte3.dat

2 24 13.8585 36 5.7405 14.00575 36 5
2 24 16 36 5 14.00575 36 5

4 16 16 36 5 14.00575 36 5 13.8585 36 5.7405 16 36 16
4 16 16 36 -16 13.8585 36 -5.7405 14.00575 36 -5 16 36 -5
4 16 -16 36 16 -13.8585 36 5.7405 -14.00575 36 5 -16 36 5
4 16 -16 36 -5 -14.00575 36 -5 -13.8585 36 -5.7405 -16 36 -16

1 16 18 45.72485 2.697156 2 0 0 0 -1 -0.058115 0 0 -0.697156 rect3.dat
1 16 18 45.72485 -2.697156 2 0 0 0 -1 -0.058115 0 0 0.697156 rect3.dat
1 16 -18 45.72485 2.697156 2 0 0 0 -1 -0.058115 0 0 -0.697156 rect3.dat
1 16 -18 45.72485 -2.697156 2 0 0 0 -1 -0.058115 0 0 0.697156 rect3.dat

3 16 16 43 5 16 36 5 16 36 16
3 16 16 43 5 16 36 16 16 45.78296 3.394312
4 16 16 45.78296 3.394312 16 45.66673 2 16 43 2 16 43 5
2 24 16 43 2 16 43 5
2 24 16 43 5 16 36 5
2 24 16 43 2 16 45.66673 2

3 16 16 36 -16 16 36 -5 16 43 -5
3 16 16 45.78296 -3.394312 16 36 -16 16 43 -5
4 16 16 43 -5 16 43 -2 16 45.66673 -2 16 45.78296 -3.394312
2 24 16 43 -2 16 43 -5
2 24 16 43 -5 16 36 -5
2 24 16 43 -2 16 45.66673 -2

3 16 -16 36 16 -16 36 5 -16 43 5
3 16 -16 45.78296 3.394312 -16 36 16 -16 43 5
4 16 -16 43 5 -16 43 2 -16 45.66673 2 -16 45.78296 3.394312
2 24 -16 43 2 -16 43 5
2 24 -16 43 5 -16 36 5
2 24 -16 43 2 -16 45.66673 2

3 16 -16 43 -5 -16 36 -5 -16 36 -16
3 16 -16 43 -5 -16 36 -16 -16 45.78296 -3.394312
4 16 -16 45.78296 -3.394312 -16 45.66673 -2 -16 43 -2 -16 43 -5
2 24 -16 43 -2 -16 43 -5
2 24 -16 43 -5 -16 36 -5
2 24 -16 43 -2 -16 45.66673 -2

1 16 20 26 2 -7 0 0 0 0 7 0 1 0 2-4ndis.dat
4 16 20 45.66673 2 20 36 2 16 43 2 16 45.66673 2
4 16 20 36 2 13 33 2 13 43 2 16 43 2
3 16 20 36 2 20 33 2 13 33 2
4 16 27 36 2 27 33 2 20 33 2 20 36 2

1 16 20 26 -2 -7 0 0 0 0 7 0 -1 0 2-4ndis.dat
4 16 16 45.66673 -2 16 43 -2 20 36 -2 20 45.66673 -2
4 16 16 43 -2 13 43 -2 13 33 -2 20 36 -2
3 16 13 33 -2 20 33 -2 20 36 -2
4 16 20 36 -2 20 33 -2 27 33 -2 27 36 -2

1 16 -20 26 -2 7 0 0 0 0 7 0 -1 0 2-4ndis.dat
4 16 -20 45.66673 -2 -20 36 -2 -16 43 -2 -16 45.66673 -2
4 16 -20 36 -2 -13 33 -2 -13 43 -2 -16 43 -2
3 16 -20 36 -2 -20 33 -2 -13 33 -2
4 16 -27 36 -2 -27 33 -2 -20 33 -2 -20 36 -2

1 16 -20 26 2 7 0 0 0 0 7 0 1 0 2-4ndis.dat
4 16 -16 45.66673 2 -16 43 2 -20 36 2 -20 45.66673 2
4 16 -16 43 2 -13 43 2 -13 33 2 -20 36 2
3 16 -13 33 2 -20 33 2 -20 36 2
4 16 -20 36 2 -20 33 2 -27 33 2 -27 36 2

0 FILE s\42048 - 2850s01.dat
0 ~Technic Engine Cylinder Head Common Geometry Half
0 Name: s\42048 - 2850s01.dat
0 Author: Jeff Boen
0 !LDRAW_ORG Unofficial_Subpart
0 !LICENSE Redistributable under CCAL version 2.0 : see CAreadme.txt

0 BFC CERTIFY CCW

0 !HISTORY 2015-02-22 [Philo] Subfiled from Jeff Boen original design
0 !HISTORY 2015-11-11 [MMR1988] Reworked, split into a half

0 // top studs

1 16 11.539775 -2 5.544075 0 -0.333585 -0.34256 2 0 0 0 -0.066333 0.693992 box2-7.dat
1 16 11.922475 -2 4.620175 0 -0.298175 0.07555 2 0 0 0 -0.059293 -0.222868 box2-7.dat
3 16 11.54875 -4 4.78375 11.69985 -4 4.338015 12.2962 -4 4.4566
4 16 12.2962 -4 4.4566 11.5308 -4 6.3044 10.86363 -4 6.171734 11.54875 -4 4.78375
5 24 11.54875 0 4.78375 11.54875 -4 4.78375 10.86363 -4 6.171734 11.69985 -4 4.338015
5 24 12.2962 -4 4.4566 12.2962 0 4.4566 14.2426 -4 5.7574 10 -4 4
5 24 11.5308 -4 6.3044 11.5308 0 6.3044 12.8284 -4 7.1716 10 -4 6
1 16 5.544075 -2 11.539775 0 -0.066333 0.693992 2 0 0 0 -0.333585 -0.34256 box2-7.dat
1 16 4.620175 -2 11.922475 0 -0.059293 -0.222868 2 0 0 0 -0.298175 0.07555 box2-7.dat
3 16 4.4566 -4 12.2962 4.338015 -4 11.69985 4.78375 -4 11.54875
4 16 4.78375 -4 11.54875 6.171734 -4 10.86363 6.3044 -4 11.5308 4.4566 -4 12.2962
5 24 4.78375 0 11.54875 4.78375 -4 11.54875 6.171734 -4 10.86363 4.338015 -4 11.69985
5 24 4.4566 -4 12.2962 4.4566 0 12.2962 5.7574 -4 14.2426 4 -4 10
5 24 6.3044 -4 11.5308 6.3044 0 11.5308 7.1716 -4 12.8284 6 -4 10
1 16 10 -4 10 0 0 -6 0 4 0 6 0 0 3-16cylo.dat
1 16 10 -4 10 0 0 6 0 4 0 6 0 0 7-16cylo.dat
0 BFC INVERTNEXT
1 16 10 -4 10 0 0 -4 0 4 0 4 0 0 3-16cylo.dat
0 BFC INVERTNEXT
1 16 10 -4 10 0 0 4 0 4 0 4 0 0 7-16cylo.dat
1 16 10 -4 10 0 0 2 0 1 0 2 0 0 7-16ring2.dat
1 16 10 -4 10 0 0 -2 0 1 0 2 0 0 3-16rin2.dat

1 16 -5.544075 -2 11.539775 0 0.066333 -0.693992 2 0 0 0 -0.333585 -0.34256 box2-7.dat
1 16 -4.620175 -2 11.922475 0 0.059293 0.222868 2 0 0 0 -0.298175 0.07555 box2-7.dat
3 16 -4.78375 -4 11.54875 -4.338015 -4 11.69985 -4.4566 -4 12.2962
4 16 -4.4566 -4 12.2962 -6.3044 -4 11.5308 -6.171734 -4 10.86363 -4.78375 -4 11.54875
5 24 -4.78375 0 11.54875 -4.78375 -4 11.54875 -6.171734 -4 10.86363 -4.338015 -4 11.69985
5 24 -4.4566 -4 12.2962 -4.4566 0 12.2962 -5.7574 -4 14.2426 -4 -4 10
5 24 -6.3044 -4 11.5308 -6.3044 0 11.5308 -7.1716 -4 12.8284 -6 -4 10
1 16 -11.539775 -2 5.544075 0 0.333585 0.34256 2 0 0 0 -0.066333 0.693992 box2-7.dat
1 16 -11.922475 -2 4.620175 0 0.298175 -0.07555 2 0 0 0 -0.059293 -0.222868 box2-7.dat
3 16 -12.2962 -4 4.4566 -11.69985 -4 4.338015 -11.54875 -4 4.78375
4 16 -11.54875 -4 4.78375 -10.86363 -4 6.171734 -11.5308 -4 6.3044 -12.2962 -4 4.4566
5 24 -11.54875 0 4.78375 -11.54875 -4 4.78375 -10.86363 -4 6.171734 -11.69985 -4 4.338015
5 24 -12.2962 -4 4.4566 -12.2962 0 4.4566 -14.2426 -4 5.7574 -10 -4 4
5 24 -11.5308 -4 6.3044 -11.5308 0 6.3044 -12.8284 -4 7.1716 -10 -4 6
1 16 -10 -4 10 -6 0 0 0 4 0 0 0 -6 3-16cylo.dat
1 16 -10 -4 10 -6 0 0 0 4 0 0 0 6 7-16cylo.dat
0 BFC INVERTNEXT
1 16 -10 -4 10 -4 0 0 0 4 0 0 0 -4 3-16cylo.dat
0 BFC INVERTNEXT
1 16 -10 -4 10 -4 0 0 0 4 0 0 0 4 7-16cylo.dat
1 16 -10 -4 10 -2 0 0 0 1 0 0 0 2 7-16ring2.dat
1 16 -10 -4 10 -2 0 0 0 1 0 0 0 -2 3-16rin2.dat

0 // cooling ribs
0 BFC INVERTNEXT
1 16 0 0 0 12 0 0 0 43 0 0 0 12 2-4cylo.dat
1 16 0 4 0 15 0 0 0 4 0 0 0 15 2-4cylo.dat
1 16 0 2 0 0 20 0 2 0 0 0 0 20 box2-7.dat
2 24 -20 0 20 -20 4 20
1 16 0 0 0 -12 0 0 0 1 0 0 0 12 2-4ndis.dat

4 16 0 0 12 12 0 12 20 0 20 -20 0 20
3 16 -12 0 12 0 0 12 -20 0 20
4 16 12 0 0 12 0 -12 20 0 -20 20 0 20
3 16 12 0 12 12 0 0 20 0 20

1 16 0 4 0 -15 0 0 0 -1 0 0 0 15 2-4ndis.dat

4 16 -20 4 20 20 4 20 15 4 15 0 4 15
3 16 -20 4 20 0 4 15 -15 4 15
4 16 20 4 20 20 4 -20 15 4 -15 15 4 0
3 16 20 4 20 15 4 0 15 4 15

1 16 0 12 0 15 0 0 0 4 0 0 0 15 2-4cylo.dat
1 16 0 10 0 0 20 0 2 0 0 0 0 20 box2-7.dat
2 24 -20 8 20 -20 12 20
1 16 0 8 0 -15 0 0 0 1 0 0 0 15 2-4ndis.dat

4 16 0 8 15 15 8 15 20 8 20 -20 8 20
3 16 -15 8 15 0 8 15 -20 8 20
4 16 15 8 0 15 8 -15 20 8 -20 20 8 20
3 16 15 8 15 15 8 0 20 8 20

1 16 0 12 0 -15 0 0 0 -1 0 0 0 15 2-4ndis.dat

4 16 -20 12 20 20 12 20 15 12 15 0 12 15
3 16 -20 12 20 0 12 15 -15 12 15
4 16 20 12 20 20 12 -20 15 12 -15 15 12 0
3 16 20 12 20 15 12 0 15 12 15

1 16 0 16 0 -15 0 0 0 1 0 0 0 15 2-4ndis.dat

4 16 0 16 15 15 16 15 20 16 20 -20 16 20
3 16 -15 16 15 0 16 15 -20 16 20
4 16 15 16 0 15 16 -15 20 16 -20 20 16 20
3 16 15 16 15 15 16 0 20 16 20

2 24 -20 16 20 20 16 20

4 16 -12.929 18.929 20 12.929 18.929 20 12.21324 20 20 -12.21324 20 20
4 16 -10 16 20 10 16 20 12.929 18.929 20 -12.929 18.929 20
2 24 12.21324 20 20 -12.21324 20 20
1 16 -20 26 20 0 0 10 -10 0 0 0 -1 0 1-8ndis.dat
1 16 20 26 20 0 0 -10 -10 0 0 0 -1 0 1-8ndis.dat

3 16 -12.21324 20 20 -10.6065 20 10.6065 -12.21324 20 8.20232
3 16 -12.21324 20 20 -5.7405 20 13.8585 -10.6065 20 10.6065
4 16 12.21324 20 20 0 20 15 -5.7405 20 13.8585 -12.21324 20 20
3 16 5.7405 20 13.8585 0 20 15 12.21324 20 20
3 16 10.6065 20 10.6065 5.7405 20 13.8585 12.21324 20 20
3 16 12.21324 20 8.20232 10.6065 20 10.6065 12.21324 20 20

4 16 -10.3977 24 10.746 -10.6065 22.95 10.6065 -10.6065 20 10.6065 -5.7405 24 13.8585
3 16 -10.761 22.173 10.3753 -12.2132 20 8.20232 -10.6065 20 10.6065
3 16 -10.6065 20 10.6065 -10.6065 22.95 10.6065 -10.761 22.173 10.3753
3 16 -5.7405 24 13.8585 -10.6065 20 10.6065 -5.7405 20 13.8585
1 16 -2.87025 22 14.42925 -2.87025 0 0 0 0 -2 -0.57075 -1 0 rect2p.dat
2 24 -10.6065 22.95 10.6065 -10.761 22.173 10.3753
2 24 -12.2132 20 8.20232 -10.6065 20 10.6065
2 24 -10.761 22.173 10.3753 -12.2132 20 8.20232
5 24 -5.7405 20 13.8585 -5.7405 24 13.8585 -10.6065 24 10.6065 0 24 15
2 24 -10.6065 20 10.6065 -5.7405 20 13.8585
2 24 -5.7405 24 13.8585 -10.3977 24 10.746
2 24 -10.3977 24 10.746 -10.6065 22.95 10.6065
5 24 -10.6065 22.95 10.6065 -10.6065 20 10.6065 -10.3977 24 10.746 -10.761 22.173 10.3753

5 24 0 20 15 0 24 15 -5.7405 24 13.8585 5.7405 24 13.8585

4 16 5.7405 24 13.8585 10.6065 20 10.6065 10.6065 22.95 10.6065 10.3977 24 10.746
3 16 10.6065 20 10.6065 12.2132 20 8.20232 10.761 22.173 10.3753
3 16 10.761 22.173 10.3753 10.6065 22.95 10.6065 10.6065 20 10.6065
3 16 5.7405 20 13.8585 10.6065 20 10.6065 5.7405 24 13.8585
1 16 2.87025 22 14.42925 2.87025 0 0 0 0 -2 -0.57075 -1 0 rect2p.dat
2 24 10.6065 22.95 10.6065 10.761 22.173 10.3753
2 24 12.2132 20 8.20232 10.6065 20 10.6065
2 24 10.761 22.173 10.3753 12.2132 20 8.20232
5 24 5.7405 20 13.8585 5.7405 24 13.8585 10.6065 24 10.6065 0 24 15
2 24 10.6065 20 10.6065 5.7405 20 13.8585
2 24 5.7405 24 13.8585 10.3977 24 10.746
2 24 10.3977 24 10.746 10.6065 22.95 10.6065
5 24 10.6065 22.95 10.6065 10.6065 20 10.6065 10.3977 24 10.746 10.761 22.173 10.3753

3 16 -5.7405 24 13.8585 -10.3977 24 20 -10.3977 24 10.74604
4 16 0 24 15 10.3977 24 20 -10.3977 24 20 -5.7405 24 13.8585
