0 FILE 42041 - main.ldr
0 main
0 Name: 42041 - main.ldr
0 Author: Philippe Hurbain [Philo]
0 !LDRAW_ORG Unofficial_Model
0 !LICENSE Redistributable under CCAL version 2.0 : see CAreadme.txt

0 !THEME Technic

1 0 0 -69 0 0 -1 0 0.9991 0 -0.0416 0.0416 0 0.9991 32278.dat
1 0 10 -73.1613 99.9134 -1 0 0 0 -0.9991 -0.0416 0 -0.0416 0.9991 2780.dat
1 4 20 -73.9936 119.8961 0 1 0 0.9991 0 0.0416 0.0416 0 -0.9991 32140.dat
1 0 10 -51.5141 60.7803 -1 0 0 0 -0.9991 -0.0416 0 -0.0416 0.9991 2780.dat
1 71 40 -71.4968 59.948 -1 0 0 0 -0.9991 -0.0416 0 -0.0416 0.9991 44294.dat
1 71 40 -69.8323 19.9827 -1 0 0 0 -0.9991 -0.0416 0 -0.0416 0.9991 44294.dat
1 4 -20 -70.6645 39.9654 1 0 0 0 -0.0416 -0.9991 0 0.9991 -0.0416 32184.dat
1 1 0 -66.5032 -59.948 1 0 0 0 -0.747 -0.6648 0 0.6648 -0.747 6558.dat
1 0 -10 -64.8387 -99.9134 1 0 0 0 -0.0416 -0.9991 0 0.9991 -0.0416 2780.dat
1 4 20 -69 0 1 0 0 0 -0.0416 -0.9991 0 0.9991 -0.0416 32184.dat
1 71 40 -68.1677 -19.9827 1 0 0 0 -0.0416 -0.9991 0 0.9991 -0.0416 32073.dat
1 71 40 -73.9936 119.8961 1 0 0 0 -0.0416 -0.9991 0 0.9991 -0.0416 32073.dat
1 1 -20 -70.6645 39.9654 0 0 1 0.9991 -0.0416 0 0.0416 0.9991 0 6558.dat
0 STEP
1 1 0 -74.8258 139.8787 -1 0 0 0 -0.0416 0.9991 0 0.9991 0.0416 6558.dat
1 0 20 -74.8258 139.8787 0 0 1 0.0416 0.9991 0 -0.9991 0.0416 0 42003.dat
1 1 0 -54.8432 140.711 -1 0 0 0 -0.0416 0.9991 0 0.9991 0.0416 6558.dat
1 1 20 -95.2247 149.0378 0 -1 0 0.0416 0 0.9991 -0.9991 0 0.0416 43093.dat
1 0 0 -57.34 200.659 0 -1 0 0.9991 0 -0.0416 0.0416 0 0.9991 32278.dat
1 1 0 -63.1658 340.5378 1 0 0 0 0.0416 0.9991 0 -0.9991 0.0416 6558.dat
1 1 0 -62.3336 320.5551 1 0 0 0 0.0416 0.9991 0 -0.9991 0.0416 6558.dat
1 0 -10 -57.34 200.659 -1 0 0 0 -0.9991 -0.0416 0 -0.0416 0.9991 2780.dat
0 STEP
1 0 40 -91.4795 59.1158 -1 0 0 0 -0.9991 -0.0416 0 -0.0416 0.9991 42003.dat
1 72 40 -73.9936 119.8961 0 -1 0 0.9991 0 -0.0416 0.0416 0 0.9991 60483.dat
1 0 40 -88.1504 -20.8149 -1 0 0 0 -0.9991 -0.0416 0 -0.0416 0.9991 42003.dat
1 71 40 -69.8323 19.9827 0 0 -1 -0.0416 0.9991 0 0.9991 0.0416 0 3713.dat
0 STEP
1 4 60 -69 0 1 0 0 0 -0.0416 -0.9991 0 0.9991 -0.0416 32184.dat
1 4 0 -63.1742 -139.8787 -1 0 0 0 -0.0416 0.9991 0 0.9991 0.0416 32054.dat
1 71 40 -63.1742 -139.8787 -1 0 0 0 -0.0416 0.9991 0 0.9991 0.0416 4519.dat
1 4 80 -63.1742 -139.8787 1 0 0 0 0.0416 0.9991 0 -0.9991 0.0416 32054.dat
1 4 60 -73.9936 119.8961 0 1 0 0.9991 0 0.0416 0.0416 0 -0.9991 32140.dat
1 0 70 -73.1613 99.9134 -1 0 0 0 -0.9991 -0.0416 0 -0.0416 0.9991 2780.dat
1 0 70 -51.5141 60.7803 -1 0 0 0 -0.9991 -0.0416 0 -0.0416 0.9991 2780.dat
0 STEP
1 0 80 -69 0 0 -1 0 0.9991 0 -0.0416 0.0416 0 0.9991 32278.dat
1 1 80 -74.8258 139.8787 1 0 0 0 0.0416 0.9991 0 -0.9991 0.0416 6558.dat
1 1 60 -95.2247 149.0378 0 -1 0 0.0416 0 0.9991 -0.9991 0 0.0416 43093.dat
1 1 80 -54.8432 140.711 1 0 0 0 0.9991 -0.0416 0 0.0416 0.9991 6558.dat
1 0 60 -74.8258 139.8787 0 0 1 0.0416 0.9991 0 -0.9991 0.0416 0 42003.dat
1 0 80 -57.34 200.659 0 -1 0 0.9991 0 -0.0416 0.0416 0 0.9991 32278.dat
1 1 80 -62.3336 320.5551 -1 0 0 0 0.0416 -0.9991 0 -0.9991 -0.0416 6558.dat
1 1 80 -63.1658 340.5378 -1 0 0 0 0.0416 -0.9991 0 -0.9991 -0.0416 6558.dat
1 0 90 -57.34 200.659 -1 0 0 0 -0.9991 -0.0416 0 -0.0416 0.9991 2780.dat
0 STEP
1 0 90 -64.8387 -99.9134 1 0 0 0 -0.0416 -0.9991 0 0.9991 -0.0416 2780.dat
1 4 100 -70.6645 39.9654 1 0 0 0 -0.0416 -0.9991 0 0.9991 -0.0416 32184.dat
1 1 100 -70.6645 39.9654 0 0 1 0.9991 -0.0416 0 0.0416 0.9991 0 6558.dat
1 0 100 -54.8432 140.711 0 0 1 -0.0416 -0.9991 0 0.9991 -0.0416 0 42003.dat
1 0 -20 -54.8432 140.711 0 0 1 -0.0416 -0.9991 0 0.9991 -0.0416 0 42003.dat
1 1 -20 -35.2766 151.5346 0 -1 0 0.0416 0 0.9991 -0.9991 0 0.0416 43093.dat
1 1 100 -35.2766 151.5346 0 -1 0 0.0416 0 0.9991 -0.9991 0 0.0416 43093.dat
0 STEP
1 0 40 -50.6819 40.7976 0 0 -1 0.0416 -0.9991 0 -0.9991 -0.0416 0 32525.dat
1 71 140 -69.8323 19.9827 -1 0 0 0 0.0416 -0.9991 0 -0.9991 -0.0416 48989.dat
1 72 170 -70.6645 39.9654 -1 0 0 0 0.0416 -0.9991 0 -0.9991 -0.0416 87083.dat
1 71 155 -70.6645 39.9654 0 0 1 -0.9991 0.0416 0 -0.0416 -0.9991 0 32123a.dat
1 71 165 -70.6645 39.9654 0 0 1 -0.9991 0.0416 0 -0.0416 -0.9991 0 32123a.dat
1 71 -85 -70.6645 39.9654 0 0 -1 0.9991 0.0416 0 0.0416 -0.9991 0 32123a.dat
1 71 -75 -70.6645 39.9654 0 0 -1 0.9991 0.0416 0 0.0416 -0.9991 0 32123a.dat
1 72 -90 -70.6645 39.9654 1 0 0 0 0.0416 0.9991 0 -0.9991 0.0416 87083.dat
1 71 -60 -69.8323 19.9827 1 0 0 0 0.0416 0.9991 0 -0.9991 0.0416 48989.dat
0 STEP
1 0 120 -88.9827 -0.8323 0 1 0 0.0416 0 -0.9991 -0.9991 0 -0.0416 6536.dat
1 0 -40 -88.9827 -0.8323 0 -1 0 -0.0416 0 -0.9991 0.9991 0 -0.0416 6536.dat
1 4 120 -88.5665 -10.8236 0 -1 0 -0.0416 0 -0.9991 0.9991 0 -0.0416 32062.dat
1 4 -40 -88.5665 -10.8236 0 -1 0 -0.0416 0 -0.9991 0.9991 0 -0.0416 32062.dat
1 4 -20 -88.1504 -20.8149 0 1 0 0.0416 0 -0.9991 -0.9991 0 -0.0416 32184.dat
1 4 100 -88.1504 -20.8149 0 1 0 0.0416 0 -0.9991 -0.9991 0 -0.0416 32184.dat
1 4 80 -88.5665 -10.8236 0 -1 0 -0.0416 0 -0.9991 0.9991 0 -0.0416 32062.dat
1 4 0 -88.5665 -10.8236 0 -1 0 -0.0416 0 -0.9991 0.9991 0 -0.0416 32062.dat
1 0 40 -88.9827 -0.8323 1 0 0 0 0.9991 -0.0416 0 0.0416 0.9991 87761.dat
1 0 40 -90.6472 39.1331 0 0 -1 0.0416 -0.9991 0 -0.9991 -0.0416 0 32525.dat
0 STEP
1 71 40 -111.4621 58.2835 0 0 -1 0.0416 -0.9991 0 -0.9991 -0.0416 0 4519.dat
1 71 40 -110.2137 28.3095 1 0 0 0 0.9991 -0.0416 0 0.0416 0.9991 59443.dat
1 14 40 -112.2944 78.2662 1 0 0 0 0.9991 -0.0416 0 0.0416 0.9991 32072.dat
1 71 40 -108.9654 -1.6645 0 -1 0 0.0416 0 0.9991 -0.9991 0 0.0416 4519.dat
1 0 40 -108.9654 -1.6645 0 -1 0 0.9991 0 -0.0416 0.0416 0 0.9991 32270.dat
1 1 120 -100.6385 38.717 0 -1 0 -0.9991 0 0.0416 -0.0416 0 -0.9991 43093.dat
1 1 -40 -100.6385 38.717 0 -1 0 -0.9991 0 0.0416 -0.0416 0 -0.9991 43093.dat
1 71 120 -120.6212 37.8847 0 -1 0 0.0416 0 0.9991 -0.9991 0 0.0416 59443.dat
1 71 -40 -120.6212 37.8847 0 -1 0 0.0416 0 0.9991 -0.9991 0 0.0416 59443.dat
0 STEP
1 1 40 -145.5975 156.9485 -1 0 0 0 0.9991 0.0416 0 0.0416 -0.9991 42041 - Motor.ldr
1 0 100 -63.1658 340.5378 0 -1 0 0.9991 0 -0.0416 0.0416 0 0.9991 32278.dat
1 0 -20 -63.1658 340.5378 0 -1 0 0.9991 0 -0.0416 0.0416 0 0.9991 32278.dat
0 STEP
1 1 100 -66.4949 420.4685 -1 0 0 0 0.0416 -0.9991 0 -0.9991 -0.0416 6558.dat
1 1 -20 -66.4949 420.4685 1 0 0 0 -0.0416 -0.9991 0 0.9991 -0.0416 6558.dat
1 4 100 -68.9917 480.4165 -1 0 0 0 -0.0416 0.9991 0 0.9991 0.0416 32054.dat
1 4 -20 -68.9917 480.4165 1 0 0 0 0.0416 0.9991 0 -0.9991 0.0416 32054.dat
1 0 -30 -64.8303 380.5031 -1 0 0 0 -0.9991 -0.0416 0 -0.0416 0.9991 2780.dat
1 0 -30 -63.9981 360.5204 -1 0 0 0 -0.9991 -0.0416 0 -0.0416 0.9991 2780.dat
1 19 40 -70.6645 520.5817 1 0 0 0 0.9991 -0.0416 0 0.0416 0.9991 42041 - rearaxle.ldr
1 0 120 -46.5122 421.3007 0 0 -1 0.0416 -0.9991 0 -0.9991 -0.0416 0 6536.dat
1 0 -40 -46.5122 421.3007 0 0 -1 0.0416 -0.9991 0 -0.9991 -0.0416 0 6536.dat
1 1 120 -46.0961 411.3094 0 -1 0 -0.0416 0 -0.9991 0.9991 0 -0.0416 43093.dat
1 1 -40 -46.0961 411.3094 0 -1 0 -0.0416 0 -0.9991 0.9991 0 -0.0416 43093.dat
0 STEP
1 0 40 -45.6799 401.318 0 0 -1 0.9991 0.0416 0 0.0416 -0.9991 0 32278.dat
1 0 40 -35.6928 161.5259 0 0 -1 0.9991 0.0416 0 0.0416 -0.9991 0 32278.dat
1 0 -100 -36.1089 171.5173 0 0 -1 0.0416 -0.9991 0 -0.9991 -0.0416 0 2780.dat
1 0 -80 -36.1089 171.5173 0 0 -1 0.0416 -0.9991 0 -0.9991 -0.0416 0 2780.dat
1 0 160 -36.1089 171.5173 0 0 -1 0.0416 -0.9991 0 -0.9991 -0.0416 0 2780.dat
1 0 180 -36.1089 171.5173 0 0 -1 0.0416 -0.9991 0 -0.9991 -0.0416 0 2780.dat
1 0 160 -46.0961 411.3094 0 0 -1 0.0416 -0.9991 0 -0.9991 -0.0416 0 2780.dat
1 0 180 -46.0961 411.3094 0 0 -1 0.0416 -0.9991 0 -0.9991 -0.0416 0 2780.dat
1 0 -100 -46.0961 411.3094 0 0 -1 0.0416 -0.9991 0 -0.9991 -0.0416 0 2780.dat
1 0 -80 -46.0961 411.3094 0 0 -1 0.0416 -0.9991 0 -0.9991 -0.0416 0 2780.dat
0 STEP
1 71 40 -133.9416 117.3993 1 0 0 0 0.9991 -0.0416 0 0.0416 0.9991 42041 - radiator.ldr
1 4 -20 -143.1049 -143.2078 0 1 0 -0.0416 0 0.9991 0.9991 0 0.0416 32526.dat
1 1 -10 -103.1395 -141.5433 1 0 0 0 0.0416 0.9991 0 -0.9991 0.0416 43093.dat
1 1 -10 -83.1568 -140.711 1 0 0 0 0.0416 0.9991 0 -0.9991 0.0416 43093.dat
1 0 0 -103.1395 -141.5433 1 0 0 0 0.0416 0.9991 0 -0.9991 0.0416 6536.dat
1 0 0 -83.1568 -140.711 1 0 0 0 0.0416 0.9991 0 -0.9991 0.0416 6536.dat
1 1 0 -82.3246 -160.6937 0 0 -1 -0.9991 -0.0416 0 -0.0416 0.9991 0 6558.dat
1 71 -20 -143.1049 -143.2078 -1 0 0 0 -0.0416 0.9991 0 0.9991 0.0416 32073.dat
1 4 0 -143.1049 -143.2078 -1 0 0 0 -0.0416 0.9991 0 0.9991 0.0416 6536.dat
1 4 40 -143.1049 -143.2078 0 0 1 0.9991 -0.0416 0 0.0416 0.9991 0 32034.dat
1 71 100 -143.1049 -143.2078 -1 0 0 0 -0.0416 0.9991 0 0.9991 0.0416 32073.dat
1 4 80 -143.1049 -143.2078 -1 0 0 0 -0.0416 0.9991 0 0.9991 0.0416 6536.dat
1 4 100 -143.1049 -143.2078 0 1 0 -0.0416 0 0.9991 0.9991 0 0.0416 32526.dat
1 1 90 -103.1395 -141.5433 -1 0 0 0 0.0416 -0.9991 0 -0.9991 -0.0416 43093.dat
1 1 90 -83.1568 -140.711 -1 0 0 0 0.0416 -0.9991 0 -0.9991 -0.0416 43093.dat
1 0 80 -103.1395 -141.5433 1 0 0 0 0.0416 0.9991 0 -0.9991 0.0416 6536.dat
1 0 80 -83.1568 -140.711 1 0 0 0 0.0416 0.9991 0 -0.9991 0.0416 6536.dat
1 1 80 -82.3246 -160.6937 0 0 -1 -0.9991 -0.0416 0 -0.0416 0.9991 0 6558.dat
0 STEP
1 0 -40 -148.9307 -3.3291 0 1 0 -0.9991 0 -0.0416 -0.0416 0 0.9991 32278.dat
1 4 -60 -143.9371 -123.2251 1 0 0 0 0.0416 0.9991 0 -0.9991 0.0416 32184.dat
1 1 -50 -144.7694 -103.2424 -1 0 0 0 0.0416 -0.9991 0 -0.9991 -0.0416 43093.dat
1 0 -50 -154.7566 136.5497 -1 0 0 0 0.9991 0.0416 0 0.0416 -0.9991 2780.dat
1 0 -50 -153.9243 116.567 -1 0 0 0 0.9991 0.0416 0 0.0416 -0.9991 2780.dat
1 0 -60 -154.7566 136.5497 0 0 -1 0.9991 0.0416 0 0.0416 -0.9991 0 42003.dat
1 1 -30 -149.763 16.6536 1 0 0 0 -0.0416 -0.9991 0 0.9991 -0.0416 43093.dat
1 1 -20 -148.9307 -3.3291 1 0 0 0 -0.9699 0.2437 0 -0.2437 -0.9699 6558.dat
1 72 -20 -149.763 16.6536 0 1 0 0.9991 0 0.0416 0.0416 0 -0.9991 60483.dat
1 0 20 -93.0946 -89.8295 0 1 0 0.747 0 -0.6648 -0.6648 0 -0.747 32316.dat
1 0 0 -134.3083 -61.52 0 1 0 0.9699 0 0.2437 0.2437 0 -0.9699 32524.dat
1 0 10 -119.6858 -119.7109 1 0 0 0 -0.9699 0.2437 0 -0.2437 -0.9699 2780.dat
0 STEP
1 0 -20 -232.1905 73.2726 1 0 0 0 0.9991 -0.0416 0 0.0416 0.9991 42041 - seats.ldr
0 STEP
1 0 -30 -172.2424 75.7694 -1 0 0 0 -0.9991 -0.0416 0 -0.0416 0.9991 2780.dat
1 1 -40 -232.1905 73.2726 -1 0 0 0 -0.9991 -0.0416 0 -0.0416 0.9991 6558.dat
1 0 -40 -272.1558 71.6081 0 -1 0 -0.0416 0 -0.9991 0.9991 0 -0.0416 32525.dat
1 0 -50 -312.1212 69.9435 -1 0 0 0 -0.9991 -0.0416 0 -0.0416 0.9991 2780.dat
1 0 -60 -312.1212 69.9435 0 1 0 0.0416 0 -0.9991 -0.9991 0 -0.0416 32526.dat
1 4 -60 -372.0692 67.4467 1 0 0 0 -0.0416 -0.9991 0 0.9991 -0.0416 32054.dat
1 4 -60 -212.2078 74.1049 1 0 0 0 -0.0416 -0.9991 0 0.9991 -0.0416 32054.dat
1 0 -60 -212.2078 74.1049 0 0 -1 0.0416 -0.9991 0 -0.9991 -0.0416 0 42003.dat
1 1 -90 -212.2078 74.1049 1 0 0 0 -0.9991 0.0416 0 -0.0416 -0.9991 43093.dat
1 1 -90 -372.0692 67.4467 1 0 0 0 -0.9991 0.0416 0 -0.0416 -0.9991 43093.dat
0 STEP
1 0 -70 -392.0519 66.6145 -1 0 0 0 -0.9991 -0.0416 0 -0.0416 0.9991 2780.dat
1 0 -70 -390.3873 26.6491 -1 0 0 0 -0.9991 -0.0416 0 -0.0416 0.9991 2780.dat
1 4 -80 -388.7228 -13.3162 0 -1 0 -0.9991 0 0.0416 -0.0416 0 -0.9991 40490.dat
1 0 -90 -385.3938 -93.2469 -1 0 0 0 -0.9991 -0.0416 0 -0.0416 0.9991 2780.dat
1 0 -90 -387.0583 -53.2816 -1 0 0 0 -0.9991 -0.0416 0 -0.0416 0.9991 2780.dat
1 0 -100 -387.8906 -33.2989 0 1 0 0.9991 0 0.0416 0.0416 0 -0.9991 32140.dat
1 0 -80 -363.9771 -102.3114 0 1 0 0.9897 0 0.1434 0.1434 0 -0.9897 43857.dat
1 0 -90 -365.4111 -92.4147 -1 0 0 0 -0.9897 -0.1434 0 -0.1434 0.9897 2780.dat
1 0 -100 -290.474 30.8104 0 1 0 0.9991 0 0.0416 0.0416 0 -0.9991 64782.dat
1 0 -100 -181.4015 55.3706 0 1 0 -0.9991 0 -0.0416 -0.0416 0 0.9991 2780.dat
1 0 -100 -179.737 15.4052 0 1 0 -0.9991 0 -0.0416 -0.0416 0 0.9991 2780.dat
1 4 -100 -168.0811 -24.144 1 0 0 0 -0.9991 0.0416 0 -0.0416 -0.9991 40490.dat
1 1 -100 -156.4252 -63.6932 0 1 0 0.9991 0 0.0416 0.0416 0 -0.9991 43093.dat
1 1 -100 -164.7521 -104.0747 0 1 0 -0.9991 0 -0.0416 -0.0416 0 0.9991 6558.dat
1 4 -100 -146.4339 -63.2771 1 0 0 0 -0.9991 0.0416 0 -0.0416 -0.9991 32140.dat
1 0 -100 -252.5893 82.4317 0 0 -1 0.0416 -0.9991 0 -0.9991 -0.0416 0 2780.dat
1 0 -100 -332.52 79.1026 0 0 -1 0.0416 -0.9991 0 -0.9991 -0.0416 0 2780.dat
0 STEP
1 71 40 -271.3236 51.6254 0 0.7071 -0.7071 0.9991 0.0294 0.0294 0.0416 -0.7065 -0.7065 60485.dat
1 71 40 -361.2456 47.8802 -0.7071 -0.7071 0 -0.0294 0.0294 -0.9991 0.7065 -0.7065 -0.0416 59443.dat
1 0 -60 -391.2196 46.6318 -1 0 0 0 0.0416 -0.9991 0 -0.9991 -0.0416 32054.dat
1 0 -10 -391.2196 46.6318 -1 0 0 0 0.0416 -0.9991 0 -0.9991 -0.0416 3705.dat
1 4 40 -391.2196 46.6318 0 0 -1 0.9991 0.0416 0 0.0416 -0.9991 0 32034.dat
1 0 90 -391.2196 46.6318 -1 0 0 0 0.0416 -0.9991 0 -0.9991 -0.0416 3705.dat
1 0 140 -391.2196 46.6318 1 0 0 0 0.0416 0.9991 0 -0.9991 0.0416 32054.dat
1 71 40 -391.2196 46.6318 0 0 -1 0.9991 0.0416 0 0.0416 -0.9991 0 4519.dat
1 0 40 -411.2023 45.7995 -1 0 0 0 0.0416 -0.9991 0 -0.9991 -0.0416 32270.dat
0 STEP
1 0 120 -148.9307 -3.3291 0 1 0 -0.9991 0 -0.0416 -0.0416 0 0.9991 32278.dat
1 1 130 -144.7694 -103.2424 1 0 0 0 0.0416 0.9991 0 -0.9991 0.0416 43093.dat
1 4 140 -143.9371 -123.2251 1 0 0 0 0.0416 0.9991 0 -0.9991 0.0416 32184.dat
1 0 130 -154.7566 136.5497 -1 0 0 0 -0.9991 -0.0416 0 -0.0416 0.9991 2780.dat
1 0 130 -153.9243 116.567 -1 0 0 0 -0.9991 -0.0416 0 -0.0416 0.9991 2780.dat
1 0 140 -154.7566 136.5497 0 0 -1 0.9991 0.0416 0 0.0416 -0.9991 0 42003.dat
0 STEP
1 0 110 -145.6016 -83.2598 -1 0 0 0 -0.9991 -0.0416 0 -0.0416 0.9991 2780.dat
1 0 110 -147.2662 -43.2944 -1 0 0 0 -0.9991 -0.0416 0 -0.0416 0.9991 2780.dat
1 0 90 -145.6016 -83.2598 -1 0 0 0 -0.9991 -0.0416 0 -0.0416 0.9991 62462.dat
1 0 90 -147.2662 -43.2944 -1 0 0 0 -0.9991 -0.0416 0 -0.0416 0.9991 62462.dat
1 0 70 -147.2662 -43.2944 -1 0 0 0 -0.9991 -0.0416 0 -0.0416 0.9991 2780.dat
1 1 70 -145.6016 -83.2598 -1 0 0 0 0.0416 -0.9991 0 -0.9991 -0.0416 43093.dat
1 0 60 -148.9307 -3.3291 0 -1 0 0.0416 0 0.9991 -0.9991 0 0.0416 32009.dat
1 0 70 -268.8268 -8.3226 -1 0 0 0 -0.9991 -0.0416 0 -0.0416 0.9991 2780.dat
1 0 70 -228.8614 -6.6581 -1 0 0 0 -0.9991 -0.0416 0 -0.0416 0.9991 2780.dat
1 1 80 -248.8441 -7.4904 -1 0 0 0 0.0416 -0.9991 0 -0.9991 -0.0416 61070.dat
1 1 120 -232.1905 73.2726 1 0 0 0 0.0416 0.9991 0 -0.9991 0.0416 6558.dat
1 0 110 -172.2424 75.7694 -1 0 0 0 -0.9991 -0.0416 0 -0.0416 0.9991 2780.dat
1 0 120 -272.1558 71.6081 0 -1 0 0.0416 0 0.9991 -0.9991 0 0.0416 32525.dat
1 0 130 -312.1212 69.9435 -1 0 0 0 -0.9991 -0.0416 0 -0.0416 0.9991 2780.dat
1 0 140 -312.1212 69.9435 0 1 0 0.0416 0 -0.9991 -0.9991 0 -0.0416 32526.dat
1 4 140 -372.0692 67.4467 -1 0 0 0 0.0416 -0.9991 0 -0.9991 -0.0416 32054.dat
1 4 140 -212.2078 74.1049 -1 0 0 0 0.0416 -0.9991 0 -0.9991 -0.0416 32054.dat
1 0 140 -212.2078 74.1049 0 0 -1 0.0416 -0.9991 0 -0.9991 -0.0416 0 42003.dat
1 1 170 -372.0692 67.4467 -1 0 0 0 0.9991 0.0416 0 0.0416 -0.9991 43093.dat
1 1 170 -212.2078 74.1049 -1 0 0 0 0.9991 0.0416 0 0.0416 -0.9991 43093.dat
0 STEP
1 0 40 -387.8906 -33.2989 1 0 0 0 0.9991 -0.0416 0 0.0416 0.9991 64782.dat
1 0 -70 -386.226 -73.2643 -1 0 0 0 -0.9991 -0.0416 0 -0.0416 0.9991 2780.dat
1 0 -70 -389.5551 6.6664 1 0 0 0 0.9991 -0.0416 0 0.0416 0.9991 2780.dat
1 0 150 -389.5551 6.6664 -1 0 0 0 -0.9991 -0.0416 0 -0.0416 0.9991 2780.dat
1 0 150 -386.226 -73.2643 -1 0 0 0 -0.9991 -0.0416 0 -0.0416 0.9991 2780.dat
1 0 0 -385.8099 -83.2556 0 1 0 -0.0416 0 0.9991 0.9991 0 0.0416 2780.dat
1 0 80 -385.8099 -83.2556 0 1 0 -0.0416 0 0.9991 0.9991 0 0.0416 2780.dat
1 1 -40 -396.2174 -73.6804 0 1 0 -0.9991 0 -0.0416 -0.0416 0 0.9991 4274.dat
1 1 120 -396.2174 -73.6804 0 1 0 -0.9991 0 -0.0416 -0.0416 0 0.9991 4274.dat
1 0 -40 -404.2104 -74.0133 1 0 0 0 0.5355 0.8446 0 -0.8446 0.5355 4593.dat
1 0 -40 -404.2104 -74.0133 1 0 0 0 0.9991 -0.0416 0 0.0416 0.9991 4592.dat
1 0 120 -404.2104 -74.0133 1 0 0 0 0.9991 -0.0416 0 0.0416 0.9991 4592.dat
1 0 120 -404.2104 -74.0133 1 0 0 0 0.5355 0.8446 0 -0.8446 0.5355 4593.dat
1 0 150 -392.0519 66.6145 -1 0 0 0 -0.9991 -0.0416 0 -0.0416 0.9991 2780.dat
1 0 150 -390.3873 26.6491 -1 0 0 0 -0.9991 -0.0416 0 -0.0416 0.9991 2780.dat
1 4 160 -388.7228 -13.3162 0 1 0 -0.9991 0 -0.0416 -0.0416 0 0.9991 40490.dat
1 0 170 -385.3938 -93.2469 -1 0 0 0 -0.9991 -0.0416 0 -0.0416 0.9991 2780.dat
1 0 170 -387.0583 -53.2816 -1 0 0 0 -0.9991 -0.0416 0 -0.0416 0.9991 2780.dat
1 0 180 -387.8906 -33.2989 0 1 0 0.9991 0 0.0416 0.0416 0 -0.9991 32140.dat
1 0 170 -365.4111 -92.4147 -1 0 0 0 -0.9897 -0.1434 0 -0.1434 0.9897 2780.dat
1 0 160 -363.9771 -102.3114 0 1 0 0.9897 0 0.1434 0.1434 0 -0.9897 43857.dat
0 STEP
1 0 180 -332.52 79.1026 0 0 -1 0.0416 -0.9991 0 -0.9991 -0.0416 0 2780.dat
1 0 180 -252.5893 82.4317 0 0 -1 0.0416 -0.9991 0 -0.9991 -0.0416 0 2780.dat
1 0 180 -179.737 15.4052 0 0 -1 -0.9991 -0.0416 0 -0.0416 0.9991 0 2780.dat
1 0 180 -181.4015 55.3706 0 0 -1 -0.9991 -0.0416 0 -0.0416 0.9991 0 2780.dat
1 0 180 -290.474 30.8104 0 -1 0 0.9991 0 -0.0416 0.0416 0 0.9991 64782.dat
1 4 180 -168.0811 -24.144 -1 0 0 0 -0.9991 -0.0416 0 -0.0416 0.9991 40490.dat
1 1 180 -156.4252 -63.6932 0 1 0 0.9991 0 0.0416 0.0416 0 -0.9991 43093.dat
1 1 180 -164.7521 -104.0747 0 1 0 -0.9991 0 -0.0416 -0.0416 0 0.9991 6558.dat
1 4 180 -146.4339 -63.2771 -1 0 0 0 0.9991 0.0416 0 0.0416 -0.9991 32140.dat
0 STEP
1 0 -100 -153.9285 -123.6412 0 0 -1 0.9991 0.0416 0 0.0416 -0.9991 0 2780.dat
1 0 -80 -153.9285 -123.6412 0 0 -1 0.9991 0.0416 0 0.0416 -0.9991 0 2780.dat
1 0 -60 -153.9285 -123.6412 0 0 -1 0.9991 0.0416 0 0.0416 -0.9991 0 2780.dat
1 0 0 -153.9285 -123.6412 0 0 -1 0.9991 0.0416 0 0.0416 -0.9991 0 2780.dat
1 0 80 -153.9285 -123.6412 0 0 -1 0.9991 0.0416 0 0.0416 -0.9991 0 2780.dat
1 0 140 -153.9285 -123.6412 0 0 -1 0.9991 0.0416 0 0.0416 -0.9991 0 2780.dat
1 0 160 -153.9285 -123.6412 0 0 -1 0.9991 0.0416 0 0.0416 -0.9991 0 2780.dat
1 0 180 -153.9285 -123.6412 0 0 -1 0.9991 0.0416 0 0.0416 -0.9991 0 2780.dat
1 4 40 -163.9198 -124.0574 0 0 -1 -0.0416 0.9991 0 0.9991 0.0416 0 32278.dat
1 72 -20 -65.6709 -79.9307 0 1 0 -0.9991 0 -0.0416 -0.0416 0 0.9991 60483.dat
1 71 -60 -65.6709 -79.9307 -1 0 0 0 -0.9991 -0.0416 0 -0.0416 0.9991 44294.dat
1 0 -50 -65.6709 -79.9307 -1 0 0 0 -0.9991 -0.0416 0 -0.0416 0.9991 62462.dat
1 0 -90 -65.6709 -79.9307 -1 0 0 0 -0.9991 -0.0416 0 -0.0416 0.9991 62462.dat
1 4 -120 -65.6709 -79.9307 0 -1 0 -0.0416 0 -0.9991 0.9991 0 -0.0416 32348.dat
0 STEP
1 4 -60 -192.6412 84.9285 0 -1 0 -0.0416 0 -0.9991 0.9991 0 -0.0416 32062.dat
1 71 -60 -193.0574 94.9198 0 0 -1 -0.0416 0.9991 0 0.9991 0.0416 0 32291.dat
1 0 -70 -172.6586 85.7607 -1 0 0 0 0.9991 0.0416 0 0.0416 -0.9991 2780.dat
1 0 -70 -173.4908 105.7434 -1 0 0 0 0.9991 0.0416 0 0.0416 -0.9991 2780.dat
1 0 -90 -172.6586 85.7607 -1 0 0 0 -0.9991 -0.0416 0 -0.0416 0.9991 62462.dat
1 0 -90 -173.4908 105.7434 -1 0 0 0 -0.9991 -0.0416 0 -0.0416 0.9991 62462.dat
1 0 -110 -172.6586 85.7607 -1 0 0 0 0.9991 0.0416 0 0.0416 -0.9991 2780.dat
1 0 -110 -173.4908 105.7434 -1 0 0 0 0.9991 0.0416 0 0.0416 -0.9991 2780.dat
1 0 -120 -175.1554 145.7087 0 -1 0 0.9991 0 -0.0416 0.0416 0 0.9991 32009.dat
1 0 -100 -292.9708 90.7585 -1 0 0 0 0.0416 -0.9991 0 -0.9991 -0.0416 62531.dat
1 4 -120 -188.0638 -24.9763 1 0 0 0 -0.0416 -0.9991 0 0.9991 -0.0416 64680.dat
0 STEP
1 71 40 -223.8678 -126.5542 0 0 1 0.0416 0.9991 0 -0.9991 0.0416 0 42041 - frontradiator.ldr
1 0 180 -263.8332 -128.2187 1 0 0 0 -0.1601 0.9871 0 -0.9871 -0.1601 32013.dat
1 0 180 -313.1882 -120.2134 0 0 -1 0.9871 -0.1601 0 -0.1601 -0.9871 0 3705.dat
1 0 180 -362.5431 -112.208 1 0 0 0 0.1601 -0.9871 0 0.9871 0.1601 32013.dat
1 0 -100 -263.8332 -128.2187 1 0 0 0 -0.1601 0.9871 0 -0.9871 -0.1601 32013.dat
1 0 -100 -313.1882 -120.2134 0 0 -1 0.9871 -0.1601 0 -0.1601 -0.9871 0 3705.dat
1 0 -100 -362.5431 -112.208 1 0 0 0 0.1601 -0.9871 0 0.9871 0.1601 32013.dat
1 0 180 -362.5431 -112.208 -1 0 0 0 0.9991 0.0416 0 0.0416 -0.9991 32054.dat
1 0 -100 -362.5431 -112.208 1 0 0 0 0.9991 -0.0416 0 0.0416 0.9991 32054.dat
1 4 210 -362.5431 -112.208 1 0 0 0 0.9991 -0.0416 0 0.0416 0.9991 32062.dat
1 4 -130 -362.5431 -112.208 1 0 0 0 0.9991 -0.0416 0 0.0416 0.9991 32062.dat
1 0 220 -342.5605 -111.3757 1 0 0 0 0.9991 -0.0416 0 0.0416 0.9991 42003.dat
1 0 -140 -342.5605 -111.3757 1 0 0 0 0.9991 -0.0416 0 0.0416 0.9991 42003.dat
1 0 60 -385.3938 -93.2469 0 0 -1 -0.9991 -0.0416 0 -0.0416 0.9991 0 62531.dat
1 0 140 -353.7552 -131.9639 0 0 -1 0.9991 0.0416 0 0.0416 -0.9991 0 2780.dat
1 0 -20 -353.7552 -131.9639 0 0 -1 0.9991 0.0416 0 0.0416 -0.9991 0 2780.dat
1 0 60 -343.7639 -131.5478 0 0 -1 -0.0416 0.9991 0 0.9991 0.0416 0 41239.dat
0 STEP
1 0 90 -66.5032 -59.948 -1 0 0 0 -0.9991 -0.0416 0 -0.0416 0.9991 2780.dat
1 72 100 -65.6709 -79.9307 0 1 0 -0.9991 0 -0.0416 -0.0416 0 0.9991 60483.dat
1 71 140 -65.6709 -79.9307 -1 0 0 0 -0.9991 -0.0416 0 -0.0416 0.9991 44294.dat
1 0 170 -65.6709 -79.9307 -1 0 0 0 -0.9991 -0.0416 0 -0.0416 0.9991 62462.dat
1 0 130 -65.6709 -79.9307 -1 0 0 0 -0.9991 -0.0416 0 -0.0416 0.9991 62462.dat
1 4 200 -65.6709 -79.9307 0 -1 0 -0.0416 0 -0.9991 0.9991 0 -0.0416 32348.dat
0 STEP
1 4 140 -192.6412 84.9285 0 -1 0 -0.0416 0 -0.9991 0.9991 0 -0.0416 32062.dat
1 71 140 -193.0574 94.9198 0 0 -1 -0.0416 0.9991 0 0.9991 0.0416 0 32291.dat
1 0 150 -172.6586 85.7607 -1 0 0 0 0.9991 0.0416 0 0.0416 -0.9991 2780.dat
1 0 150 -173.4908 105.7434 -1 0 0 0 0.9991 0.0416 0 0.0416 -0.9991 2780.dat
1 0 170 -172.6586 85.7607 -1 0 0 0 -0.9991 -0.0416 0 -0.0416 0.9991 62462.dat
1 0 170 -173.4908 105.7434 -1 0 0 0 -0.9991 -0.0416 0 -0.0416 0.9991 62462.dat
1 0 190 -172.6586 85.7607 -1 0 0 0 0.9991 0.0416 0 0.0416 -0.9991 2780.dat
1 0 190 -173.4908 105.7434 -1 0 0 0 0.9991 0.0416 0 0.0416 -0.9991 2780.dat
1 0 200 -175.1554 145.7087 0 -1 0 0.9991 0 -0.0416 0.0416 0 0.9991 32009.dat
0 STEP
1 28 140 -157.5871 156.4491 0 1 0 -0.9991 0 -0.0416 -0.0416 0 0.9991 6587.dat
1 28 -60 -157.5871 156.4491 0 1 0 -0.9991 0 -0.0416 -0.0416 0 0.9991 6587.dat
1 71 140 -175.5715 155.7001 0 1 0 -0.0416 0 0.9991 0.9991 0 0.0416 3713.dat
1 71 -60 -175.5715 155.7001 0 1 0 -0.0416 0 0.9991 0.9991 0 0.0416 3713.dat
0 STEP
1 4 200 -188.0638 -24.9763 1 0 0 0 -0.0416 -0.9991 0 0.9991 -0.0416 64394.dat
1 0 180 -292.9708 90.7585 1 0 0 0 0.0416 0.9991 0 -0.9991 0.0416 62531.dat
0 STEP
1 0 110 -65.6626 400.4858 -1 0 0 0 -0.9991 -0.0416 0 -0.0416 0.9991 2780.dat
1 0 110 -63.9981 360.5204 -1 0 0 0 -0.9991 -0.0416 0 -0.0416 0.9991 2780.dat
1 4 120 -83.9808 359.6882 0 0 1 0.0416 0.9991 0 -0.9991 0.0416 0 6536.dat
1 4 120 -85.6453 399.6535 0 0 1 0.0416 0.9991 0 -0.9991 0.0416 0 6536.dat
1 71 120 -84.813 379.6708 0 0 1 0.0416 0.9991 0 -0.9991 0.0416 0 4519.dat
1 71 120 -84.813 379.6708 0 1 0 0.0416 0 -0.9991 -0.9991 0 -0.0416 63869.dat
1 1 140 -93.9721 359.272 0 -1 0 -0.9991 0 0.0416 -0.0416 0 -0.9991 43093.dat
1 1 140 -95.6366 399.2374 0 -1 0 -0.9991 0 0.0416 -0.0416 0 -0.9991 43093.dat
1 71 140 -117.9513 358.2733 -1 0 0 0 0.9991 0.0416 0 0.0416 -0.9991 6143.dat
1 71 140 -119.6158 398.2387 -1 0 0 0 0.9991 0.0416 0 0.0416 -0.9991 6143.dat
1 71 140 -141.9305 357.2746 -1 0 0 0 0.9991 0.0416 0 0.0416 -0.9991 30367c.dat
1 71 140 -143.595 397.24 -1 0 0 0 0.9991 0.0416 0 0.0416 -0.9991 30367c.dat
0 STEP
1 0 200 -116.4557 178.1796 -1 0 0 0 -0.0416 0.9991 0 0.9991 0.0416 32526.dat
1 0 200 -126.4429 417.9717 -1 0 0 0 -0.0416 0.9991 0 0.9991 0.0416 32526.dat
1 0 200 -36.9412 191.4999 0 0 -1 0.0416 -0.9991 0 -0.9991 -0.0416 0 2780.dat
1 0 200 -46.0961 411.3094 0 0 -1 0.0416 -0.9991 0 -0.9991 -0.0416 0 2780.dat
1 0 200 -126.0268 407.9803 0 0 -1 0.0416 -0.9991 0 -0.9991 -0.0416 0 2780.dat
1 0 200 -116.8719 188.1709 0 0 -1 0.0416 -0.9991 0 -0.9991 -0.0416 0 2780.dat
1 0 200 -81.484 299.7401 0 -1 0 0.0416 0 0.9991 -0.9991 0 0.0416 64782.dat
1 1 -20 -170.5779 516.4203 1 0 0 0 -0.9531 -0.3026 0 0.3026 -0.9531 42041 - rearplate.ldr
0 STEP
1 36 40 -115.2073 628.8219 1 0 0 0 0.9991 -0.0416 0 0.0416 0.9991 42041 - rearbumper.ldr
1 0 -40 -200.9639 284.7552 0 0 -1 -0.0416 0.9991 0 0.9991 0.0416 0 42041 - exhaust.ldr
0 STEP
1 0 -120 -116.4557 178.1796 1 0 0 0 0.0416 0.9991 0 -0.9991 0.0416 32526.dat
1 0 -120 -126.4429 417.9717 1 0 0 0 0.0416 0.9991 0 -0.9991 0.0416 32526.dat
1 0 -120 -36.9412 191.4999 0 0 -1 0.0416 -0.9991 0 -0.9991 -0.0416 0 2780.dat
1 0 -120 -116.8719 188.1709 0 0 -1 0.0416 -0.9991 0 -0.9991 -0.0416 0 2780.dat
1 0 -120 -126.0268 407.9803 0 0 -1 0.0416 -0.9991 0 -0.9991 -0.0416 0 2780.dat
1 0 -120 -46.0961 411.3094 0 0 -1 0.0416 -0.9991 0 -0.9991 -0.0416 0 2780.dat
1 0 -120 -81.484 299.7401 0 1 0 0.0416 0 -0.9991 -0.9991 0 -0.0416 64782.dat
0 STEP
1 47 40 -42.3592 -159.0291 1 0 0 0 0.9991 -0.0416 0 0.0416 0.9991 42041 - frontbumper.ldr
1 71 190 -70.6645 39.9654 0 0 1 0.0416 0.9991 0 -0.9991 0.0416 0 56908.dat
1 256 190 -70.6645 39.9654 0 0 1 0.0416 0.9991 0 -0.9991 0.0416 0 41897.dat
1 71 190 -70.6562 520.3818 0 0 1 0.0416 0.9991 0 -0.9991 0.0416 0 56908.dat
1 256 190 -70.6562 520.3818 0 0 1 0.0416 0.9991 0 -0.9991 0.0416 0 41897.dat
1 71 -110 -70.6562 520.3818 0 0 -1 0.0416 -0.9991 0 -0.9991 -0.0416 0 56908.dat
1 256 -110 -70.6562 520.3818 0 0 -1 0.0416 -0.9991 0 -0.9991 -0.0416 0 41897.dat
1 71 -110 -70.6645 39.9654 0 0 -1 0.0416 -0.9991 0 -0.9991 -0.0416 0 56908.dat
1 256 -110 -70.6645 39.9654 0 0 -1 0.0416 -0.9991 0 -0.9991 -0.0416 0 41897.dat

0 FILE 42041 - Motor.ldr
0 Motor
0 Name: 42041 - Motor.ldr
0 Author: Philippe Hurbain [Philo]
0 !LDRAW_ORG Unofficial_Model
0 !LICENSE Redistributable under CCAL version 2.0 : see CAreadme.txt
0 !THEME Technic
1 71 52.7282 10.3801 -30 0.6018 -0.7986 0 0.7986 0.6018 0 0 0 1 42041 - 2850b.dat
1 1 44 42 0 0 0 1 0 1 0 -1 0 0 6558.dat
1 0 0 0 0 1 0 0 0 1 0 0 0 1 32333.dat
1 1 20 10 0 0 0 1 0 1 0 -1 0 0 6558.dat
1 0 20 10 -50 0 0 1 0 -1 0 1 0 0 2780.dat
1 0 44 42 -50 0 0 1 0 -1 0 1 0 0 2780.dat
0 STEP
1 0 44 42 -90 0 0 1 0 -1 0 1 0 0 2780.dat
1 0 20 10 -90 0 0 1 0 -1 0 1 0 0 2780.dat
1 71 52.7282 10.3801 -70 0.6018 -0.7986 0 0.7986 0.6018 0 0 0 1 42041 - 2850b.dat
1 0 44 42 -130 0 0 1 0 -1 0 1 0 0 2780.dat
1 0 20 10 -130 0 0 1 0 -1 0 1 0 0 2780.dat
1 71 52.7282 10.3801 -110 0.6018 -0.7986 0 0.7986 0.6018 0 0 0 1 42041 - 2850b.dat
1 0 44 42 -170 0 0 1 0 -1 0 1 0 0 2780.dat
1 0 20 10 -170 0 0 1 0 -1 0 1 0 0 2780.dat
1 71 52.7282 10.3801 -150 0.6018 -0.7986 0 0.7986 0.6018 0 0 0 1 42041 - 2850b.dat
1 14 0 50 -30 0 -1 0 -1 0 0 0 0 -1 2853.dat
1 71 0.0318 61.0045 -30 -0.7547 -0.6561 0 -0.6561 0.7547 0 0 0 -1 2852.dat
1 71 0.0318 61.0045 -30 0.7547 0.6561 0 -0.6561 0.7547 0 0 0 1 2852.dat
1 14 -27.172 29.6383 -30 0.6018 0.7986 0 -0.7986 0.6018 0 0 0 1 2851.dat
1 14 27.1719 29.6382 -30 0.6018 -0.7986 0 0.7986 0.6018 0 0 0 1 2851.dat
1 19 0 50 -50 0 -1 0 -1 0 0 0 0 -1 2854.dat
1 4 0 40 -70 0 -1 0 0 0 -1 1 0 0 32062.dat
1 14 35.9569 23.0182 -70 0.6018 -0.7986 0 0.7986 0.6018 0 0 0 1 2851.dat
1 71 0.0318 41.0045 -70 -0.454 -0.891 0 -0.891 0.454 0 0 0 -1 2852.dat
1 71 0.0318 41.0045 -70 0.454 0.891 0 -0.891 0.454 0 0 0 1 2852.dat
1 14 -35.957 23.0184 -70 0.6018 0.7986 0 -0.7986 0.6018 0 0 0 1 2851.dat
1 4 0 60 -110 0 -1 0 0 0 -1 1 0 0 32062.dat
1 19 0 50 -90 0 1 0 -1 0 0 0 0 1 2854.dat
1 14 27.1719 29.6382 -110 0.6018 -0.7986 0 0.7986 0.6018 0 0 0 1 2851.dat
1 71 0.0318 61.0045 -110 -0.7547 -0.6561 0 -0.6561 0.7547 0 0 0 -1 2852.dat
1 71 0.0318 61.0045 -110 0.7547 0.6561 0 -0.6561 0.7547 0 0 0 1 2852.dat
1 14 -27.172 29.6383 -110 0.6018 0.7986 0 -0.7986 0.6018 0 0 0 1 2851.dat
1 19 0 50 -130 0 -1 0 -1 0 0 0 0 -1 2854.dat
1 71 0.0318 41.0045 -150 0.454 0.891 0 -0.891 0.454 0 0 0 1 2852.dat
1 71 0.0318 41.0045 -150 -0.454 -0.891 0 -0.891 0.454 0 0 0 -1 2852.dat
1 14 -35.957 23.0184 -150 0.6018 0.7986 0 -0.7986 0.6018 0 0 0 1 2851.dat
1 14 35.9569 23.0182 -150 0.6018 -0.7986 0 0.7986 0.6018 0 0 0 1 2851.dat
1 14 0 50 -150.2 0 -1 0 1 0 0 0 0 1 2853.dat
1 4 0 50 0 0 0 1 0 -1 0 1 0 0 32062.dat
1 0 0 50 -200.2 0 0 1 0 -1 0 1 0 0 3705.dat
0 STEP
1 71 -52.7283 10.3803 -30 0.6018 0.7986 0 -0.7986 0.6018 0 0 0 1 42041 - 2850b.dat
1 0 -44 42 -50 0 0 1 0 -1 0 1 0 0 2780.dat
1 0 -20 10 -50 0 0 1 0 -1 0 1 0 0 2780.dat
1 0 -44 42 -90 0 0 1 0 -1 0 1 0 0 2780.dat
1 0 -20 10 -90 0 0 1 0 -1 0 1 0 0 2780.dat
1 71 -52.7283 10.3803 -70 0.6018 0.7986 0 -0.7986 0.6018 0 0 0 1 42041 - 2850b.dat
1 0 -44 42 -130 0 0 1 0 -1 0 1 0 0 2780.dat
1 0 -20 10 -130 0 0 1 0 -1 0 1 0 0 2780.dat
1 71 -52.7283 10.3803 -110 0.6018 0.7986 0 -0.7986 0.6018 0 0 0 1 42041 - 2850b.dat
1 0 -44 42 -170 0 0 1 0 -1 0 1 0 0 2780.dat
1 0 -20 10 -170 0 0 1 0 -1 0 1 0 0 2780.dat
1 71 -52.7283 10.3803 -150 0.6018 0.7986 0 -0.7986 0.6018 0 0 0 1 42041 - 2850b.dat
1 1 -20 10 0 0 0 1 0 1 0 -1 0 0 6558.dat
1 1 -44 42 0 0 0 1 0 1 0 -1 0 0 6558.dat
0 STEP
1 0 0 0 -180 1 0 0 0 1 0 0 0 1 32333.dat
1 0 0 10 -190 0 0 1 0 -1 0 1 0 0 2780.dat
1 71 0 10 -200 -1 0 0 0 0 -1 0 -1 0 87082.dat
1 71 0 70 -200.2 0 0 1 0 -1 0 1 0 0 48989.dat
1 0 -20 10 -200.2 0 1 0 0 0 1 1 0 0 32526.dat
1 0 20 10 -200.2 0 1 0 0 0 1 1 0 0 32526.dat
1 0 0 50 -220.2 0 1 0 -1 0 0 0 0 1 32270.dat
1 71 0 -8 -90 0 0 1 0 1 0 -1 0 0 3832.dat
1 0 10 -16 -90 0 0 1 0 1 0 -1 0 0 4162.dat
1 0 -10 -16 -90 0 0 1 0 1 0 -1 0 0 4162.dat
1 71 0 -16 0 -1 0 0 0 1 0 0 0 -1 2412b.dat
1 71 0 -16 -180 -1 0 0 0 1 0 0 0 -1 2412b.dat

0 FILE 42041 - rearaxle.ldr
0 rearaxle
0 Name: 42041 - rearaxle.ldr
0 Author: Philippe Hurbain [Philo]
0 !LDRAW_ORG Unofficial_Model
0 !LICENSE Redistributable under CCAL version 2.0 : see CAreadme.txt
0 !THEME Technic
1 71 0 0 0 1 0 0 0 1 0 0 0 1 64178.dat
1 71 40 0 0 1 0 0 0 1 0 0 0 1 4519.dat
1 71 -40 0 0 1 0 0 0 1 0 0 0 1 4519.dat
1 72 0 0 0 0 0 1 1 0 0 0 1 0 62821.dat
1 19 -17 0 0 0 0 1 1 0 0 0 1 0 6589.dat
1 19 0 0 -17 -0.9659 -0.2588 0 0.2588 -0.9659 0 0 0 1 6589.dat
1 19 17 0 0 0 0 -1 -1 0 0 0 1 0 6589.dat
1 71 70 0 0 0 0 1 1 0 0 0 1 0 59443.dat
1 71 -70 0 0 0 0 1 1 0 0 0 1 0 59443.dat
0 STEP
1 72 -127 0 0 -1 0 0 0 0 1 0 1 0 59426.dat
1 72 127 0 0 1 0 0 0 0 -1 0 1 0 59426.dat
1 71 105 0 0 0 0 1 1 0 0 0 1 0 32123a.dat
1 71 -105 0 0 0 0 1 1 0 0 0 1 0 32123a.dat
1 1 -40 0 -20 0 0 1 1 0 0 0 1 0 6558.dat
1 1 -40 0 20 0 0 1 1 0 0 0 1 0 6558.dat
1 1 40 0 20 0 0 1 1 0 0 0 1 0 6558.dat
1 1 40 0 -20 0 0 1 1 0 0 0 1 0 6558.dat
1 71 60 -20 0 0 -1 0 0 0 -1 1 0 0 63869.dat
1 71 -60 -20 0 0 1 0 0 0 -1 -1 0 0 63869.dat
1 71 60 -20 0 0 1 0 0 0 -1 -1 0 0 4519.dat
1 71 -60 -20 0 0 1 0 0 0 -1 -1 0 0 4519.dat
1 71 60 -20 -20 0 0 1 1 0 0 0 1 0 32006.dat
1 71 60 -20 20 0 0 1 -1 0 0 0 -1 0 32006.dat
1 71 -60 -20 20 0 0 -1 1 0 0 0 -1 0 32006.dat
1 71 -60 -20 -20 0 0 -1 -1 0 0 0 1 0 32006.dat
1 71 60 20 -20 0 0 1 1 0 0 0 1 0 32006.dat
1 71 60 20 0 0 -1 0 0 0 -1 1 0 0 63869.dat
1 71 60 20 20 0 0 1 -1 0 0 0 -1 0 32006.dat
1 71 -60 20 20 0 0 -1 1 0 0 0 -1 0 32006.dat
1 71 -60 20 0 0 1 0 0 0 -1 -1 0 0 63869.dat
1 71 -60 20 -20 0 0 -1 -1 0 0 0 1 0 32006.dat
1 71 60 20 0 0 1 0 0 0 -1 -1 0 0 4519.dat
1 71 -60 20 0 0 1 0 0 0 -1 -1 0 0 4519.dat
0 STEP
0 STEP
1 4 120 -20 0 0 1 0 0 0 -1 -1 0 0 32062.dat
1 4 120 20 0 0 1 0 0 0 -1 -1 0 0 32062.dat
1 4 -120 -20 0 0 1 0 0 0 -1 -1 0 0 32062.dat
1 4 -120 20 0 0 1 0 0 0 -1 -1 0 0 32062.dat
1 4 122 0 0 0 0 -1 0 1 0 1 0 0 32184.dat
1 4 -122 0 0 0 0 -1 0 1 0 1 0 0 32184.dat
1 0 50 0 80 1 0 0 0 1 0 0 0 1 2780.dat
1 0 50 0 100 1 0 0 0 1 0 0 0 1 2780.dat
1 0 -50 0 80 1 0 0 0 1 0 0 0 1 2780.dat
1 0 -50 0 100 1 0 0 0 1 0 0 0 1 2780.dat
1 71 60 -20 90 0 0 1 0 1 0 -1 0 0 32291.dat
1 71 -60 -20 90 0 0 1 0 1 0 -1 0 0 32291.dat
1 1 60 -20 100 0 0 1 0 1 0 -1 0 0 43093.dat
1 1 -60 -20 100 0 0 1 0 1 0 -1 0 0 43093.dat
0 STEP
1 71 0 0 -60 0 0 1 0 1 0 -1 0 0 4519.dat
1 19 0 0 -40 -1 0 0 0 1 0 0 0 -1 32269.dat
1 71 0 0 -90 -1 0 0 0 1 0 0 0 -1 59443.dat
1 0 0 0 -130 0 0 -1 0 1 0 1 0 0 3705.dat
1 71 0 0 -120 1 0 0 0 1 0 0 0 1 3713.dat
1 19 0 0 -140 -1 0 0 0 1 0 0 0 -1 32269.dat

0 FILE 42041 - radiator.ldr
0 radiator
0 Name: 42041 - radiator.ldr
0 Author: Philippe Hurbain [Philo]
0 !LDRAW_ORG Unofficial_Model
0 !LICENSE Redistributable under CCAL version 2.0 : see CAreadme.txt
0 !THEME Technic
1 0 0 0 20 0 0 1 1 0 0 0 1 0 40490.dat
1 1 -80 0 40 0 0 1 0 -1 0 1 0 0 6558.dat
1 0 -60 0 30 0 0 1 0 -1 0 1 0 0 2780.dat
1 0 60 0 30 0 0 1 0 -1 0 1 0 0 2780.dat
1 0 80 0 30 0 0 1 0 -1 0 1 0 0 2780.dat
1 0 -80 0 40 0 1 0 1 0 0 0 0 -1 42003.dat
1 0 80 0 40 0 -1 0 1 0 0 0 0 1 42003.dat
1 71 40 0 10 0 0 -1 1 0 0 0 -1 0 2460.dat
1 71 -40 0 10 0 0 -1 1 0 0 0 -1 0 2460.dat
1 0 0 -40 2 0 0 -1 1 0 0 0 -1 0 3958.dat
1 71 50 -80 10 0 0 -1 1 0 0 0 -1 0 2412b.dat
1 71 30 -80 10 0 0 -1 1 0 0 0 -1 0 2412b.dat
1 71 -10 -80 10 0 0 -1 1 0 0 0 -1 0 2412b.dat
1 71 10 -80 10 0 0 -1 1 0 0 0 -1 0 2412b.dat
1 71 -50 -80 10 0 0 -1 1 0 0 0 -1 0 2412b.dat
1 71 -30 -80 10 0 0 -1 1 0 0 0 -1 0 2412b.dat
1 71 30 -40 10 0 0 -1 1 0 0 0 -1 0 2412b.dat
1 71 50 -40 10 0 0 -1 1 0 0 0 -1 0 2412b.dat
1 71 -10 -40 10 0 0 -1 1 0 0 0 -1 0 2412b.dat
1 71 10 -40 10 0 0 -1 1 0 0 0 -1 0 2412b.dat
1 71 -50 -40 10 0 0 -1 1 0 0 0 -1 0 2412b.dat
1 71 -30 -40 10 0 0 -1 1 0 0 0 -1 0 2412b.dat
1 71 -10 0 10 0 0 -1 1 0 0 0 -1 0 2412b.dat
1 71 10 0 10 0 0 -1 1 0 0 0 -1 0 2412b.dat

0 FILE 42041 - seats.ldr
0 seats
0 Name: 42041 - seats.ldr
0 Author: Philippe Hurbain [Philo]
0 !LDRAW_ORG Unofficial_Model
0 !LICENSE Redistributable under CCAL version 2.0 : see CAreadme.txt
0 !THEME Technic
1 0 0 0 0 0 -1 0 0 0 1 -1 0 0 32526.dat
1 4 0 80 -40 -1 0 0 0 0 1 0 1 0 32054.dat
1 4 0 80 0 -1 0 0 0 0 1 0 1 0 32054.dat
1 71 60 80 -40 -1 0 0 0 0 1 0 1 0 32073.dat
1 71 60 80 0 -1 0 0 0 0 1 0 1 0 32073.dat
1 0 40 80 -20 0 1 0 -1 0 0 0 0 1 32523.dat
1 4 60 80 -20 1 0 0 0 0 1 0 -1 0 32184.dat
1 0 80 80 -20 0 1 0 -1 0 0 0 0 1 32523.dat
0 STEP
1 4 120 80 0 1 0 0 0 0 1 0 -1 0 32054.dat
1 4 120 80 -40 1 0 0 0 0 1 0 -1 0 32054.dat
1 0 120 0 0 0 -1 0 0 0 1 -1 0 0 32526.dat
0 STEP
1 71 60 80 -20 0 0.7071 -0.7071 -1 0 0 0 0.7071 0.7071 4519.dat
1 71 60 50 -20 -0.7071 -0.7071 0 0 0 1 -0.7071 0.7071 0 59443.dat
1 14 60 100 -20 -0.7071 -0.7071 0 0 0 1 -0.7071 0.7071 0 32072.dat

0 FILE 42041 - frontradiator.ldr
0 frontradiator
0 Name: 42041 - frontradiator.ldr
0 Author: Philippe Hurbain [Philo]
0 !LDRAW_ORG Unofficial_Model
0 !LICENSE Redistributable under CCAL version 2.0 : see CAreadme.txt
0 !THEME Technic
1 0 0 0 0 1 0 0 0 1 0 0 0 1 41239.dat
1 0 0 -10 -120 0 -1 0 1 0 0 0 0 1 2780.dat
1 0 0 -10 120 0 -1 0 1 0 0 0 0 1 2780.dat
1 1 0 -20 -100 0 1 0 -1 0 0 0 0 1 6558.dat
1 1 0 -20 100 0 1 0 -1 0 0 0 0 1 6558.dat
1 0 0 10 -60 0 -1 0 1 0 0 0 0 1 2780.dat
1 0 0 10 60 0 -1 0 1 0 0 0 0 1 2780.dat
1 0 0 -10 40 0 -1 0 1 0 0 0 0 1 2780.dat
1 0 0 -10 20 0 -1 0 1 0 0 0 0 1 2780.dat
0 STEP
1 0 20 -20 100 1 0 0 0 0 1 0 -1 0 87080.dat
1 0 20 -20 -100 -1 0 0 0 0 1 0 1 0 87086.dat
1 0 0 -20 40 -1 0 0 0 0 -1 0 -1 0 42003.dat
1 71 -20 -20 60 -1 0 0 0 0 -1 0 -1 0 4519.dat
1 71 -20 -20 60 0 0 1 -1 0 0 0 -1 0 3713.dat
1 71 -54 -20 60 0 1 0 0 0 1 1 0 0 2819.dat
0 STEP
1 0 0 -40 -100 0 -1 0 1 0 0 0 0 1 32034.dat
1 0 0 -40 100 0 -1 0 1 0 0 0 0 1 32034.dat
1 71 0 -40 0 0 0 -1 0 -1 0 -1 0 0 60485.dat
1 1 0 -40 -130 0 0 -1 0 1 0 1 0 0 43093.dat
1 1 0 -40 130 0 0 1 0 1 0 -1 0 0 43093.dat
1 0 20 -30 -100 0 -1 0 1 0 0 0 0 1 2780.dat
1 0 20 -30 100 0 -1 0 1 0 0 0 0 1 2780.dat
1 0 20 -40 0 -1 0 0 0 -1 0 0 0 1 32525.dat
0 STEP
1 4 10 30 -60 0 -1 0 1 0 0 0 0 1 2817.dat
1 4 10 30 60 0 -1 0 1 0 0 0 0 1 2817.dat
1 0 18 10 0 0 -1 0 0 0 1 -1 0 0 3035.dat
1 0 0 50 -60 0 -1 0 1 0 0 0 0 1 2780.dat
1 0 0 50 60 0 -1 0 1 0 0 0 0 1 2780.dat
1 71 26 40 60 0 -1 0 0 0 -1 1 0 0 2412b.dat
1 71 26 40 20 0 -1 0 0 0 -1 1 0 0 2412b.dat
1 71 26 20 60 0 -1 0 0 0 -1 1 0 0 2412b.dat
1 71 26 20 20 0 -1 0 0 0 -1 1 0 0 2412b.dat
1 71 26 0 20 0 -1 0 0 0 -1 1 0 0 2412b.dat
1 71 26 0 60 0 -1 0 0 0 -1 1 0 0 2412b.dat
1 71 26 -20 20 0 -1 0 0 0 -1 1 0 0 2412b.dat
1 71 26 -20 60 0 -1 0 0 0 -1 1 0 0 2412b.dat
1 71 26 -20 -60 0 -1 0 0 0 -1 1 0 0 2412b.dat
1 71 26 -20 -20 0 -1 0 0 0 -1 1 0 0 2412b.dat
1 71 26 0 -60 0 -1 0 0 0 -1 1 0 0 2412b.dat
1 71 26 0 -20 0 -1 0 0 0 -1 1 0 0 2412b.dat
1 71 26 20 -60 0 -1 0 0 0 -1 1 0 0 2412b.dat
1 71 26 20 -20 0 -1 0 0 0 -1 1 0 0 2412b.dat
1 71 26 40 -60 0 -1 0 0 0 -1 1 0 0 2412b.dat
1 71 26 40 -20 0 -1 0 0 0 -1 1 0 0 2412b.dat

0 FILE 42041 - rearplate.ldr
0 rearplate
0 Name: 42041 - rearplate.ldr
0 Author: Philippe Hurbain [Philo]
0 !LDRAW_ORG Unofficial_Model
0 !LICENSE Redistributable under CCAL version 2.0 : see CAreadme.txt
0 !THEME Technic
1 0 0 0 0 0 -1 0 1 0 0 0 0 1 32316.dat
1 1 20 0 -40 1 0 0 0 1 0 0 0 1 6558.dat
1 1 20 0 0 1 0 0 0 1 0 0 0 1 6558.dat
1 1 20 0 40 1 0 0 0 1 0 0 0 1 6558.dat
1 0 20 0 -40 0 -1 0 1 0 0 0 0 1 32523.dat
1 0 20 0 40 0 -1 0 1 0 0 0 0 1 32523.dat
1 0 20 0 0 1 0 0 0 0.342 0.9397 0 -0.9397 0.342 32013.dat
1 0 30 0 -20 1 0 0 0 0 1 0 -1 0 2780.dat
1 0 30 0 60 1 0 0 0 0 1 0 -1 0 2780.dat
0 STEP
1 0 40 0 0 0 1 0 -1 0 0 0 0 1 32524.dat
1 1 60 0 -60 1 0 0 0 1 0 0 0 1 6558.dat
1 1 60 0 20 1 0 0 0 1 0 0 0 1 6558.dat
1 0 60 0 -20 0 -1 0 1 0 0 0 0 1 32316.dat
0 STEP
1 0 80 0 0 0 1 0 -1 0 0 0 0 1 32524.dat
1 1 100 0 -40 1 0 0 0 1 0 0 0 1 6558.dat
1 1 100 0 0 1 0 0 0 1 0 0 0 1 6558.dat
1 1 100 0 40 1 0 0 0 1 0 0 0 1 6558.dat
1 0 90 0 60 1 0 0 0 0 1 0 -1 0 2780.dat
1 0 90 0 -20 1 0 0 0 0 1 0 -1 0 2780.dat
1 0 100 0 -40 0 -1 0 1 0 0 0 0 1 32523.dat
1 0 100 0 40 0 -1 0 1 0 0 0 0 1 32523.dat
1 0 100 0 0 1 0 0 0 0.342 0.9397 0 -0.9397 0.342 32013.dat
0 STEP
1 0 120 0 0 0 -1 0 1 0 0 0 0 1 32316.dat
1 4 20 -28.1908 -10.2606 0 -1 0 0.9397 0 -0.342 0.342 0 0.9397 32062.dat
1 4 100 -28.1908 -10.2606 0 -1 0 0.9397 0 -0.342 0.342 0 0.9397 32062.dat
1 71 20 -46.9846 -17.101 -1 0 0 0 0.342 -0.9397 0 -0.9397 -0.342 59443.dat
1 71 100 -46.9846 -17.101 -1 0 0 0 0.342 -0.9397 0 -0.9397 -0.342 59443.dat
1 1 20 -65.7785 -23.9414 0 -1 0 0.9397 0 -0.342 0.342 0 0.9397 43093.dat
1 1 100 -65.7785 -23.9414 0 -1 0 0.9397 0 -0.342 0.342 0 0.9397 43093.dat

0 FILE 42041 - rearbumper.ldr
0 rearbumper
0 Name: 42041 - rearbumper.ldr
0 Author: Philippe Hurbain [Philo]
0 !LDRAW_ORG Unofficial_Model
0 !LICENSE Redistributable under CCAL version 2.0 : see CAreadme.txt
0 !THEME Technic
1 0 0 0 0 -1 0 0 0 1 0 0 0 -1 3737.dat
1 0 -110 0 0 0 0 -1 -1 0 0 0 1 0 32016.dat
1 4 -137.7164 0 -11.4805 -0.9239 -0.3827 0 0 0 1 -0.3827 0.9239 0 32062.dat
1 0 -142.3358 30 -13.3939 -0.3827 0.9239 0 0 0 1 0.9239 0.3827 0 32449.dat
1 0 -151.5746 30 -17.2208 -0.3827 0.9239 0 0 0 1 0.9239 0.3827 0 32449.dat
1 71 -75 0 0 0 0 -1 0 1 0 1 0 0 32123a.dat
1 71 75 0 0 0 0 -1 0 1 0 1 0 0 32123a.dat
1 0 -60 0 0 1 0 0 0 1 0 0 0 1 6536.dat
1 0 60 0 0 1 0 0 0 1 0 0 0 1 6536.dat
1 0 110 0 0 0 0 1 1 0 0 0 1 0 32016.dat
0 STEP
1 4 -137.7164 60 -11.4805 -0.9239 -0.3827 0 0 0 1 -0.3827 0.9239 0 32062.dat
1 0 -110 60 0 0 0 -1 -1 0 0 0 1 0 32016.dat
1 0 0 60 0 -1 0 0 0 1 0 0 0 -1 3737.dat
1 0 110 60 0 0 0 1 1 0 0 0 1 0 32016.dat
1 4 137.7164 0 -11.4805 -0.9239 0.3827 0 0 0 1 0.3827 0.9239 0 32062.dat
1 4 137.7164 60 -11.4805 -0.9239 0.3827 0 0 0 1 0.3827 0.9239 0 32062.dat
1 0 151.5746 30 -17.2208 0.3827 0.9239 0 0 0 1 0.9239 -0.3827 0 32449.dat
1 0 142.3358 30 -13.3939 0.3827 0.9239 0 0 0 1 0.9239 -0.3827 0 32449.dat
1 36 110 50 0 1 0 0 0 -1 0 0 0 -1 6141.dat
1 36 -110 50 0 1 0 0 0 -1 0 0 0 -1 6141.dat

0 FILE 42041 - exhaust.ldr
0 exhaust
0 Name: 42041 - exhaust.ldr
0 Author: Philippe Hurbain [Philo]
0 !LDRAW_ORG Unofficial_Model
0 !LICENSE Redistributable under CCAL version 2.0 : see CAreadme.txt
0 !THEME Technic
1 0 -4 17.5736 -42.4264 1 0 0 0 0.7071 -0.7071 0 0.7071 0.7071 3737.dat
