0 FILE 42052 - main.ldr
0 main
0 Name: 42052 - main.ldr
0 Author: Philippe Hurbain [Philo]
0 !LDRAW_ORG Unofficial_Model
0 !LICENSE Redistributable under CCAL version 2.0 : see CAreadme.txt

0 !THEME Technic

0 Name: main.ldr
1 15 -120 -490 0 0 1 0 0 0 1 1 0 0 64782.dat
1 1 -120 -530 -120 0 -1 0 0 0 1 -1 0 0 6558.dat
1 1 -120 -510 -120 0 -1 0 0 0 1 -1 0 0 6558.dat
1 1 -120 -450 -120 0 -1 0 0 0 1 -1 0 0 6558.dat
1 1 -120 -450 120 0 1 0 0 0 1 1 0 0 6558.dat
1 0 -120 -510 110 0 1 0 0 0 1 1 0 0 2780.dat
1 0 -120 -540 40 0 -1 0 -1 0 0 0 0 -1 2780.dat
1 15 -120 -510 -120 1 0 0 0 0 -1 0 1 0 32525.dat
1 19 -120 -410 -120 0 1 0 0 0 -1 -1 0 0 32556.dat
0 STEP
1 15 -120 -490 -240 0 1 0 0 0 1 1 0 0 64782.dat
1 0 -120 -540 -280 0 -1 0 -1 0 0 0 0 -1 2780.dat
1 0 -120 -540 -240 0 -1 0 -1 0 0 0 0 -1 2780.dat
1 0 -120 -440 -220 0 -1 0 -1 0 0 0 0 -1 2780.dat
1 0 -120 -440 -180 0 -1 0 -1 0 0 0 0 -1 2780.dat
1 0 -120 -510 -350 0 1 0 0 0 -1 -1 0 0 2780.dat
1 1 -120 -470 -360 0 -1 0 0 0 1 -1 0 0 6558.dat
1 1 -120 -490 -360 0 -1 0 0 0 1 -1 0 0 6558.dat
1 1 -120 -430 -280 0 -1 0 1 0 0 0 0 1 6558.dat
1 1 -120 -430 -240 0 -1 0 1 0 0 0 0 1 6558.dat
1 72 -120 -550 0 1 0 0 0 1 0 0 0 1 32525.dat
1 71 -120 -570 -90 0 0 -1 1 0 0 0 -1 0 32138.dat
1 0 -120 -570 -60 0 0 1 -1 0 0 0 -1 0 18651.dat
1 71 -120 -550 -40 0 0 -1 1 0 0 0 -1 0 32054.dat
1 0 -120 -570 -20 0 0 -1 1 0 0 0 -1 0 15100.dat
1 0 -120 -570 60 0 0 -1 1 0 0 0 -1 0 15100.dat
1 0 -110 -450 80 -1 0 0 0 1 0 0 0 -1 2780.dat
1 0 -110 -450 -80 -1 0 0 0 1 0 0 0 -1 2780.dat
1 0 -110 -450 -160 -1 0 0 0 1 0 0 0 -1 2780.dat
1 0 -110 -530 -160 -1 0 0 0 1 0 0 0 -1 2780.dat
1 0 -110 -530 -80 -1 0 0 0 1 0 0 0 -1 2780.dat
0 STEP
1 15 -100 -450 -20 0 1 0 1 0 0 0 0 -1 32278.dat
1 71 -100 -530 -120 0 1 0 1 0 0 0 0 -1 32316.dat
1 72 -120 -430 -140 1 0 0 0 -1 0 0 0 -1 32526.dat
1 0 -80 -440 -220 0 -1 0 -1 0 0 0 0 -1 2780.dat
1 0 -100 -440 -220 0 -1 0 -1 0 0 0 0 -1 2780.dat
1 0 -120 -420 -200 0 -1 0 -1 0 0 0 0 -1 2780.dat
1 0 -120 -420 -160 0 -1 0 -1 0 0 0 0 -1 2780.dat
1 72 -120 -430 -360 -1 0 0 0 1 0 0 0 -1 41239.dat
1 0 -120 -420 -400 0 -1 0 -1 0 0 0 0 -1 2780.dat
1 1 -120 -430 -440 0 1 0 -1 0 0 0 0 1 6558.dat
0 STEP
1 25 -120 -410 -240 -1 0 0 0 -1 0 0 0 1 62531.dat
1 15 -120 -450 -360 1 0 0 0 0 -1 0 1 0 32526.dat
1 1 -100 -530 -360 0 -1 0 0 0 1 -1 0 0 6558.dat
1 1 -80 -530 -360 0 -1 0 0 0 1 -1 0 0 6558.dat
1 1 -120 -530 -370 0 -1 0 0 0 1 -1 0 0 4274.dat
0 STEP
1 15 0 -390 -180 1 0 0 0 1 0 0 0 1 42052 - floorbeam.ldr
0 STEP
1 1 120 -490 -240 1 0 0 0 1 0 0 0 1 42052 - bodyside.ldr
0 STEP
1 72 0 -450 -220 0 0 1 0 1 0 -1 0 0 32525.dat
1 72 0 -530 -340 0 0 1 -1 0 0 0 -1 0 32525.dat
0 STEP
1 15 -40 -450 -380 0 0 -1 -1 0 0 0 1 0 32526.dat
1 15 40 -450 -380 0 0 1 -1 0 0 0 -1 0 32526.dat
1 1 -40 -450 -380 0 -1 0 0 0 1 -1 0 0 6558.dat
1 1 -60 -450 -380 0 -1 0 0 0 1 -1 0 0 6558.dat
1 1 60 -450 -380 0 -1 0 0 0 1 -1 0 0 6558.dat
1 1 40 -450 -380 0 -1 0 0 0 1 -1 0 0 6558.dat
1 25 0 -450 -360 0 0 1 1 0 0 0 1 0 32524.dat
0 STEP
1 72 40 -450 -400 0 1 0 1 0 0 0 0 -1 42003.dat
1 72 -40 -450 -400 0 -1 0 1 0 0 0 0 1 42003.dat
1 1 0 -450 -370 0 -1 0 0 0 1 -1 0 0 43093.dat
1 71 0 -450 -400 0 -1 0 1 0 0 0 0 1 32034.dat
1 71 0 -450 -440 0 0 -1 0 1 0 1 0 0 4519.dat
1 0 -80 -450 -390 0 0 1 0 1 0 -1 0 0 2780.dat
1 0 80 -450 -390 0 0 1 0 1 0 -1 0 0 2780.dat
1 71 -80 -450 -400 0 0 1 -1 0 0 0 -1 0 87082.dat
1 71 80 -450 -400 0 0 1 -1 0 0 0 -1 0 87082.dat
0 STEP
1 1 0 -450 -400 0 1 0 -1 0 0 0 0 1 6558.dat
1 15 0 -470 -400 0 0 -1 0 -1 0 -1 0 0 40490.dat
1 15 0 -430 -400 0 0 -1 0 -1 0 -1 0 0 40490.dat
0 STEP
1 4 -140 -570 -60 0 0 -1 1 0 0 0 -1 0 6641.dat
1 4 140 -570 -60 0 0 1 1 0 0 0 1 0 6641.dat
1 72 -169 -570 -60 0 1 0 1 0 0 0 0 -1 6553.dat
1 72 179 -570 -60 0 -1 0 1 0 0 0 0 1 6553.dat
1 15 -120 -590 -80 1 0 0 0 1 0 0 0 1 32523.dat
1 15 120 -590 -80 1 0 0 0 1 0 0 0 1 32523.dat
0 STEP
1 1 -120 -610 -110 0 0 -1 0 1 0 1 0 0 43093.dat
1 1 120 -610 -110 0 0 -1 0 1 0 1 0 0 43093.dat
1 71 -120 -610 -80 0 -1 0 1 0 0 0 0 1 32034.dat
1 71 120 -610 -80 0 -1 0 1 0 0 0 0 1 32034.dat
1 72 -120 -450 -380 0 0 1 0 1 0 -1 0 0 11214.dat
1 72 120 -450 -380 0 0 1 0 1 0 -1 0 0 11214.dat
1 15 -120 -450 -400 -1 0 0 0 1 0 0 0 -1 11947.dat
1 15 120 -450 -400 -1 0 0 0 1 0 0 0 -1 11946.dat
0 STEP
1 16 40 -510 -140 1 0 0 0 1 0 0 0 1 42052 - motorassy.ldr
0 STEP
1 1 -80 -640 -80 0 0 1 -1 0 0 0 -1 0 43093.dat
1 1 80 -640 -80 0 0 1 -1 0 0 0 -1 0 43093.dat
1 15 80 -670 -80 0 -1 0 0 0 -1 1 0 0 32015.dat
1 15 -80 -670 -80 0 1 0 0 0 -1 -1 0 0 32015.dat
1 28 120 -610 -20 0 0 -1 0 1 0 1 0 0 15462.dat
1 28 120 -570 20 0 0 -1 0 1 0 1 0 0 15462.dat
1 28 -120 -610 -20 0 0 -1 0 1 0 1 0 0 15462.dat
1 28 -120 -570 20 0 0 -1 0 1 0 1 0 0 15462.dat
1 1 107.716 -681.481 -80 -0.924 0 -0.383 0.383 0 -0.924 0 -1 0 43093.dat
1 1 -107.716 -681.481 -80 0.924 0 -0.383 0.383 0 0.924 0 -1 0 43093.dat
0 STEP
1 0 -120 -560 80 0 1 0 -1 0 0 0 0 1 2780.dat
1 0 120 -560 80 0 1 0 -1 0 0 0 0 1 2780.dat
1 0 -80 -670 -10 0 1 0 0 0 -1 -1 0 0 2780.dat
1 0 80 -670 -10 0 1 0 0 0 -1 -1 0 0 2780.dat
1 15 -80 -670 0 0 -0.383 0.924 0 0.924 0.383 -1 0 0 32013.dat
1 15 80 -670 0 0 0.383 -0.924 0 0.924 0.383 1 0 0 32013.dat
1 1 107.716 -681.481 0 -0.924 0 -0.383 0.383 0 -0.924 0 -1 0 43093.dat
1 1 -107.716 -681.481 0 0.924 0 -0.383 0.383 0 0.924 0 -1 0 43093.dat
0 STEP
1 71 120 -570 80 -1 0 0 0 1 0 0 0 -1 22961.dat
1 71 -120 -570 80 1 0 0 0 -1 0 0 0 -1 22961.dat
1 71 100 -550 80 1 0 0 0 -1 0 0 0 -1 32184.dat
1 71 -100 -550 80 1 0 0 0 -1 0 0 0 -1 32184.dat
1 71 100 -550 80 0 -1 0 0 0 1 -1 0 0 32054.dat
1 71 -100 -550 80 0 -1 0 0 0 1 -1 0 0 32054.dat
1 72 90 -530 80 1 0 0 0 -1 0 0 0 -1 87083.dat
1 72 -90 -530 80 -1 0 0 0 -1 0 0 0 1 87083.dat
0 STEP
1 15 -120 -550 -200 -1 0 0 0 1 0 0 0 -1 64683.dat
1 15 120 -550 -200 -1 0 0 0 1 0 0 0 -1 64391.dat
1 71 0 -390 -300 0 1 0 0 0 -1 -1 0 0 58119.dat
1 71 -80 -380 -320 0 -1 0 -1 0 0 0 0 -1 32054.dat
1 72 0 -380 -400 0 -1 0 -1 0 0 0 0 -1 87083.dat
1 36 -80 -359 -320 1 0 0 0 -1 0 0 0 -1 58176.dat
1 72 0 -340 -400 1 0 0 0 0 1 0 -1 0 59443.dat
0 STEP
1 72 -20 -418 -400 0 -1 0 1 0 0 0 0 1 55013.dat
1 72 20 -418 -400 0 -1 0 1 0 0 0 0 1 55013.dat
1 4 -20 -350 -400 0 -1 0 0 0 -1 1 0 0 3713.dat
1 4 20 -348 -400 0 -1 0 0 0 -1 1 0 0 3713.dat
0 STEP
1 71 -100 -370 -130 0 1 0 0 0 -1 -1 0 0 3673.dat
1 71 140 -370 -110 0 0.6 -0.8 0 -0.8 -0.6 -1 0 0 3673.dat
1 0 -40 -370 -130 0 0 1 0 -1 0 1 0 0 2780.dat
1 0 40 -370 -130 0 -1 0 0 0 -1 1 0 0 2780.dat
1 71 -90 -370 -125 0 0 1 1 0 0 0 1 0 32063.dat
1 71 -90 -370 -115 0 0 1 1 0 0 0 1 0 32063.dat
1 71 -140 -370 -110 0 0.6 0.8 0 0.8 -0.6 -1 0 0 3673.dat
1 71 90 -370 -125 0 0 1 1 0 0 0 1 0 32063.dat
1 71 90 -370 -115 0 0 1 1 0 0 0 1 0 32063.dat
0 STEP
1 25 -120 -410 0 -0.6 0.8 0 -0.8 -0.6 0 0 0 1 62531.dat
1 0 -134 -362 80 -0.6 -0.8 0 -0.8 0.6 0 0 0 -1 2780.dat
1 0 -134 -362 -80 -0.6 -0.8 0 -0.8 0.6 0 0 0 -1 2780.dat
1 72 -128 -354 0 -0.8 -0.6 0 0.6 -0.8 0 0 0 1 32525.dat
1 0 -122 -346 -60 -0.6 -0.8 0 -0.8 0.6 0 0 0 -1 2780.dat
1 0 -122 -346 60 -0.6 -0.8 0 -0.8 0.6 0 0 0 -1 2780.dat
1 25 -104 -322 0 0 0.8 -0.6 0 -0.6 -0.8 -1 0 0 15458.dat
1 25 120 -410 0 0.6 -0.8 0 -0.8 -0.6 0 0 0 -1 62531.dat
1 0 134 -362 -80 -0.6 -0.8 0 0.8 -0.6 0 0 0 1 2780.dat
1 0 134 -362 80 -0.6 -0.8 0 0.8 -0.6 0 0 0 1 2780.dat
1 72 128 -354 0 -0.8 0.6 0 -0.6 -0.8 0 0 0 1 32525.dat
1 0 122 -346 -60 -0.6 -0.8 0 0.8 -0.6 0 0 0 1 2780.dat
1 0 122 -346 60 -0.6 -0.8 0 0.8 -0.6 0 0 0 1 2780.dat
1 25 104 -322 0 0 -0.8 -0.6 0 -0.6 0.8 -1 0 0 15458.dat
1 19 120 -410 120 0 -1 0 0 0 -1 1 0 0 32556.dat
1 19 -120 -410 120 0 -1 0 0 0 -1 1 0 0 32556.dat
0 STEP
1 15 -120 -450 120 -1 0 0 0 0 -1 0 -1 0 40490.dat
1 15 120 -450 120 -1 0 0 0 0 -1 0 -1 0 40490.dat
1 0 -120 -390 130 0 1 0 0 0 1 1 0 0 2780.dat
1 0 120 -390 130 0 1 0 0 0 1 1 0 0 2780.dat
0 STEP
1 72 0 -370 160 0 0 -1 0 1 0 1 0 0 42052 - landinggear.ldr
0 STEP
1 1 -120 -530 140 0 -1 0 0 0 1 -1 0 0 6558.dat
1 1 -120 -470 130 0 1 0 0 0 1 1 0 0 43093.dat
1 15 -120 -470 140 1 0 0 0 0 -1 0 1 0 32140.dat
1 72 -100 -530 160 0 -1 0 0 0 -1 1 0 0 11214.dat
1 15 -120 -530 160 -1 0 0 0 -1 0 0 0 1 64394.dat
1 0 -120 -540 200 0 1 0 -1 0 0 0 0 1 2780.dat
1 0 -120 -540 240 0 1 0 -1 0 0 0 0 1 2780.dat
1 15 -100 -530 200 1 0 0 0 1 0 0 0 1 32013.dat
1 1 120 -530 140 0 -1 0 0 0 1 -1 0 0 6558.dat
1 1 120 -470 130 0 1 0 0 0 1 1 0 0 43093.dat
1 15 120 -470 140 -1 0 0 0 0 -1 0 -1 0 32140.dat
1 72 100 -530 160 0 -1 0 0 0 -1 1 0 0 11214.dat
1 15 120 -530 160 -1 0 0 0 -1 0 0 0 1 64680.dat
1 0 120 -540 200 0 1 0 -1 0 0 0 0 1 2780.dat
1 0 120 -540 240 0 1 0 -1 0 0 0 0 1 2780.dat
1 15 100 -530 200 1 0 0 0 1 0 0 0 1 32013.dat
0 STEP
1 72 50 -530 280 1 0 0 0 1 0 0 0 1 42052 - rearframe.ldr
1 0 -40 -560.194 129.029 0 0 -1 0.196 0.981 0 0.981 -0.196 0 3705.dat
1 71 -40 -550 180 1 0 0 0 1 0 0 0 1 62520.dat
1 71 -40 -550 180 0 -1 0 -0.981 0 -0.196 0.196 0 -0.981 62520.dat
1 71 -40 -550 180 1 0 0 0 0.981 0.196 0 -0.196 0.981 62519.dat
1 28 -40 -550 240 0 0 -1 0 1 0 1 0 0 15462.dat
1 71 -40 -550 250 0 1 0 -1 0 0 0 0 1 4716.dat
0 STEP
1 15 -80 -610 100 0 -1 0 -1 0 0 0 0 -1 40490.dat
1 72 -80 -610 40 1 0 0 0 0 1 0 -1 0 11214.dat
1 1 -70 -610 80 1 0 0 0 -1 0 0 0 -1 43093.dat
1 71 -55 -610 80 0 -1 0 -1 0 0 0 0 -1 32056.dat
1 71 -65 -610 80 0 -1 0 -1 0 0 0 0 -1 32056.dat
1 71 -80 -610 120 -1 0 0 0 0 -1 0 -1 0 32054.dat
1 1 -70 -610 140 1 0 0 0 -1 0 0 0 -1 43093.dat
1 0 -70 -610 180 1 0 0 0 -1 0 0 0 -1 2780.dat
1 15 -60 -610 300 0 -1 0 1 0 0 0 0 1 32009.dat
1 1 -70 -530 300 1 0 0 0 -1 0 0 0 -1 43093.dat
1 71 -60 -610 200 1 0 0 0 0 1 0 -1 0 32054.dat
1 71 -60 -610 260 1 0 0 0 0 1 0 -1 0 32054.dat
1 0 -50 -550 300 1 0 0 0 1 0 0 0 1 2780.dat
1 72 -40 -550 300 0 -1 0 1 0 0 0 0 1 18654.dat
0 STEP
1 0 -70 -610 220 1 0 0 0 1 0 0 0 1 2780.dat
1 15 -80 -610 220 1 0 0 0 -0.799 -0.602 0 0.602 -0.799 32013.dat
1 4 -80 -591.946 243.959 0 0 -1 -0.602 -0.799 0 -0.799 0.602 0 32062.dat
1 15 -80 -585.927 251.945 0 1 0 -0.799 0 0.602 0.602 0 0.799 11947.dat
1 15 80 -585.927 251.945 0 -1 0 0.799 0 0.602 -0.602 0 0.799 11946.dat
1 0 70 -610 220 1 0 0 0 1 0 0 0 1 2780.dat
1 15 80 -610 220 1 0 0 0 -0.799 -0.602 0 0.602 -0.799 32013.dat
1 4 80 -591.946 243.959 0 0 -1 -0.602 -0.799 0 -0.799 0.602 0 32062.dat
1 72 50 -530 360 1 0 0 0 0 1 0 -1 0 87083.dat
1 72 -50 -530 360 -1 0 0 0 0 -1 0 -1 0 87083.dat
1 4 60 -530 360 0 0 -1 -1 0 0 0 1 0 3713.dat
1 4 -60 -530 360 0 0 1 -1 0 0 0 -1 0 3713.dat
0 STEP
1 25 0 -610 540 1 0 0 0 1 0 0 0 1 42052 - tail.ldr
0 STEP
1 28 82 -530 320 1 0 0 0 1 0 0 0 1 6587.dat
1 4 100 -530 320 0 0 -1 -1 0 0 0 1 0 3713.dat
1 4 -100 -530 320 0 0 1 -1 0 0 0 -1 0 3713.dat
1 28 -82 -530 320 -1 0 0 0 1 0 0 0 -1 6587.dat
1 0 90 -630 -40 -1 0 0 0 -1 0 0 0 1 2780.dat
1 0 -90 -630 -40 -1 0 0 0 -1 0 0 0 1 2780.dat
1 15 100 -630 -40 0 -1 0 1 0 0 0 0 1 32526.dat
1 15 -100 -630 -40 0 -1 0 1 0 0 0 0 1 32526.dat
0 STEP
1 72 50 -370 200 1 0 0 0 0.818 -0.576 0 0.576 0.818 87083.dat
1 72 -50 -370 200 -1 0 0 0 -0.818 -0.576 0 -0.576 0.818 87083.dat
1 72 0 -370 200 -1 0 0 0 -0.818 -0.576 0 -0.576 0.818 42052 - hatch.ldr
0 STEP
1 72 120 -550 219.991 1 0 0 0 1 0 0 0 1 32525.dat
1 72 -120 -550 220.009 1 0 0 0 1 0 0 0 1 32525.dat
1 0 120 -560.004 139.955 0 1 0 -1 0 0 0 0 1 2780.dat
1 0 120 -560.004 179.973 0 1 0 -1 0 0 0 0 1 2780.dat
1 0 -120 -560.004 139.973 0 1 0 -1 0 0 0 0 1 2780.dat
1 0 -120 -560.004 179.991 0 1 0 -1 0 0 0 0 1 2780.dat
1 15 120 -570.004 99.973 1 0 0 0 1 0 0 0 1 64681.dat
1 15 -120 -570 100 1 0 0 0 1 0 0 0 1 64393.dat
0 STEP
1 71 -70 -650 80 1 0 0 0 1 0 0 0 1 4519.dat
1 71 70 -650 80 1 0 0 0 1 0 0 0 1 4519.dat
1 14 -75 -650 80 0 0 1 0 1 0 -1 0 0 32123a.dat
1 14 75 -650 80 0 0 1 0 1 0 -1 0 0 32123a.dat
1 15 -110 -650 80 0 0 -1 1 0 0 0 -1 0 32015.dat
1 15 110 -650 80 0 0 1 -1 0 0 0 -1 0 32015.dat
1 1 -121.481 -650 107.716 0.383 0 0.924 0 1 0 -0.924 0 0.383 43093.dat
1 1 121.481 -650 107.716 -0.383 0 0.924 0 1 0 -0.924 0 -0.383 43093.dat
1 72 -125.307 -650 116.955 -0.924 0 0.383 0 1 0 -0.383 0 -0.924 60208.dat
1 72 125.307 -650 116.955 -0.924 0 -0.383 0 1 0 0.383 0 -0.924 60208.dat
0 STEP
1 1 0 -650 10 0 0 1 0 -1 0 1 0 0 43093.dat
1 1 0 -690 10 0 0 1 0 -1 0 1 0 0 43093.dat
1 71 0 -670 20.002 0 0 1 0 -1 0 1 0 0 32184.dat
1 1 0 -670 20.002 1 0 0 0 -0.966 -0.259 0 0.259 -0.966 6558.dat
1 15 20.005 -689.319 25.179 0 0 -1 0.259 0.966 0 0.966 -0.259 0 6536.dat
1 15 -20.005 -689.319 25.179 0 0 -1 0.259 0.966 0 0.966 -0.259 0 6536.dat
1 1 -20.005 -686.73 34.84 0 0 1 -0.259 0.966 0 -0.966 -0.259 0 43093.dat
1 1 20.005 -686.73 34.84 0 0 1 -0.259 0.966 0 -0.966 -0.259 0 43093.dat
0 STEP
1 15 0 -658.253 141.117 0 0 1 -0.259 0.966 0 -0.966 -0.259 0 15458.dat
1 0 30.007 -673.786 83.148 -1 0 0 0 -0.259 -0.966 0 -0.966 0.259 2780.dat
1 0 30.007 -663.431 121.794 -1 0 0 0 -0.259 -0.966 0 -0.966 0.259 2780.dat
1 0 -30.007 -673.786 83.148 -1 0 0 0 -0.259 -0.966 0 -0.966 0.259 2780.dat
1 0 -30.007 -663.431 121.794 -1 0 0 0 -0.259 -0.966 0 -0.966 0.259 2780.dat
1 15 40.007 -684.136 44.52 0 -1 0 0.966 0 0.259 -0.259 0 0.966 64393.dat
1 15 -40.007 -684.136 44.52 0 1 0 -0.966 0 0.259 0.259 0 0.966 64681.dat
0 STEP
1 71 0 -450 -440 0 0 -1 0 1 0 1 0 0 63869.dat
1 1 0 -430 -460 -1 0 0 0 0 1 0 1 0 6558.dat
1 1 0 -430 -440 -1 0 0 0 0 1 0 1 0 6558.dat
1 15 20 -430 -460 0 -1 0 -1 0 0 0 0 -1 32523.dat
1 15 -20 -430 -460 0 -1 0 -1 0 0 0 0 -1 32523.dat
1 1 40 -430 -480 1 0 0 0 0 1 0 -1 0 6558.dat
1 1 -40 -430 -480 -1 0 0 0 0 1 0 1 0 6558.dat
1 72 -40 -430 -480 0 -1 0 0 0 1 -1 0 0 18654.dat
1 72 40 -430 -480 0 -1 0 0 0 1 -1 0 0 18654.dat
1 1 60 -510 -420 -1 0 0 0 0 -1 0 -1 0 24116.dat
1 1 -60 -510 -420 -1 0 0 0 0 -1 0 -1 0 24116.dat
0 STEP
1 72 -60 -350 -480 1 0 0 0 1 0 0 0 1 42052 - dashboard.ldr
0 STEP
1 15 -60 -549.988 -380.698 0 1 0 0.999 0 0.035 0.035 0 -0.999 87086.dat
1 0 -60 -550.337 -370.704 0 1 0 0.035 0 -0.999 -0.999 0 -0.035 6628.dat
1 1 -40 -548.592 -420.674 1 0 0 0 0.035 0.999 0 -0.999 0.035 6558.dat
1 1 -40 -547.894 -440.661 1 0 0 0 0.035 0.999 0 -0.999 0.035 6558.dat
1 15 -40 -548.592 -420.674 0 1 0 -0.999 0 -0.035 -0.035 0 0.999 32316.dat
1 15 -20 -548.592 -420.674 0 1 0 -0.999 0 -0.035 -0.035 0 0.999 32316.dat
1 1 0 -549.988 -380.698 1 0 0 0 0.035 0.999 0 -0.999 0.035 6558.dat
1 1 0 -549.29 -400.686 1 0 0 0 0.035 0.999 0 -0.999 0.035 6558.dat
1 15 0 -547.894 -440.661 0 -1 0 0.999 0 -0.035 0.035 0 0.999 32140.dat
0 STEP
1 15 20 -549.225 -420.183 0 1 0 -0.999 0 -0.035 -0.035 0 0.999 32316.dat
1 1 40 -549.225 -420.183 1 0 0 0 0.035 0.999 0 -0.999 0.035 6558.dat
1 1 40 -548.527 -440.171 1 0 0 0 0.035 0.999 0 -0.999 0.035 6558.dat
1 15 40 -549.225 -420.183 0 1 0 -0.999 0 -0.035 -0.035 0 0.999 32316.dat
1 15 60 -550.621 -380.208 0 -1 0 -0.999 0 0.035 -0.035 0 -0.999 87080.dat
0 STEP
1 0 -70 -530.605 -470.324 0 -1 0 0 0 1 -1 0 0 42052 - technicFlexAxle-1.ldr
1 0 93.468 -530 -448.286 0.766 -0.562 -0.312 0 0.485 -0.874 0.643 0.67 0.371 32013.dat
1 0 96.083 -520.864 -451.401 0.766 0.587 0.262 0 -0.407 0.913 0.643 -0.7 -0.312 42052 - rigid3mmHose-1.ldr
1 0 -92.264 -530 -450.604 0.732 0.596 0.331 0 0.485 -0.874 -0.682 0.64 0.355 32013.dat
1 0 -95.037 -520.864 -453.579 0.732 -0.623 -0.277 0 -0.407 0.913 -0.682 -0.668 -0.298 42052 - rigid3mmHose-1.ldr
0 STEP
1 71 -60 -630 -160 0 1 0 0 0 1 1 0 0 22961.dat
1 71 60 -630 -160 0 1 0 0 0 1 1 0 0 22961.dat
1 1 50 -630 -160 -1 0 0 0 -0.391 0.921 0 0.921 0.391 43093.dat
1 1 -50 -630 -160 1 0 0 0 -0.391 -0.921 0 0.921 -0.391 43093.dat
1 15 -40 -630 -160 -1 0 0 0 0.391 -0.921 0 -0.921 -0.391 6536.dat
1 15 40 -630 -160 -1 0 0 0 0.391 -0.921 0 -0.921 -0.391 6536.dat
1 1 -40 -622.185 -178.41 0 0 1 -0.921 0.391 0 -0.391 -0.921 0 6558.dat
1 1 40 -622.185 -178.41 0 0 1 -0.921 0.391 0 -0.391 -0.921 0 6558.dat
1 15 0 -603.775 -170.595 0 0 -1 -0.391 0.921 0 0.921 0.391 0 32316.dat
1 15 0 -609.337 -259.865 0 0 -1 -0.391 0.921 0 0.921 0.391 0 64782.dat
1 0 40 -652.317 -158.61 0 0 -1 0.391 -0.921 0 -0.921 -0.391 0 2780.dat
1 0 20 -652.317 -158.61 0 0 -1 0.391 -0.921 0 -0.921 -0.391 0 2780.dat
1 0 -20 -652.317 -158.61 0 0 -1 0.391 -0.921 0 -0.921 -0.391 0 2780.dat
1 0 -40 -652.317 -158.61 0 0 -1 0.391 -0.921 0 -0.921 -0.391 0 2780.dat
1 0 50 -585.893 -315.095 -1 0 0 0 -0.921 -0.391 0 -0.391 0.921 2780.dat
1 0 50 -601.522 -278.275 -1 0 0 0 -0.921 -0.391 0 -0.391 0.921 2780.dat
1 0 -50 -585.893 -315.095 -1 0 0 0 -0.921 -0.391 0 -0.391 0.921 2780.dat
1 0 -50 -601.522 -278.275 -1 0 0 0 -0.921 -0.391 0 -0.391 0.921 2780.dat
1 15 40 -656.225 -149.405 0 0 1 0.921 -0.391 0 0.391 0.921 0 32523.dat
1 15 -40 -656.225 -149.405 0 0 1 0.921 -0.391 0 0.391 0.921 0 32523.dat
1 1 40 -587.284 -337.413 0 0 -1 -0.921 -0.391 0 -0.391 0.921 0 4274.dat
1 36 40 -579.92 -334.287 0 0 1 0.391 0.921 0 -0.921 0.391 0 58176.dat
1 15 -60 -570.264 -351.916 0 1 0 -0.921 0 -0.391 -0.391 0 0.921 64681.dat
1 15 60 -570.264 -351.916 0 -1 0 0.921 0 -0.391 0.391 0 0.921 64393.dat
0 STEP
1 15 -123.032 -644.53 -204 0.924 -0.383 0 0.383 0.924 0 0 0 1 42052 - motor.ldr
1 15 123.032 -644.53 -204 -0.924 -0.383 0 0.383 -0.924 0 0 0 1 42052 - motor.ldr
0 STEP
1 71 188.753 -312.098 160 0.138 0 -0.99 -0.99 0 -0.138 0 1 0 55981.dat
1 71 -188.753 -312.098 160 -0.138 0 0.99 -0.99 0 -0.138 0 -1 0 55981.dat
1 256 188.753 -312.098 160 0.138 0 -0.99 -0.99 0 -0.138 0 1 0 58090.dat
1 256 -188.753 -312.098 160 -0.138 0 -0.99 -0.99 0 0.138 0 1 0 58090.dat
1 71 0 -310 -400 0 0 1 -1 0 0 0 -1 0 4519.dat
1 14 0 -315 -400 -1 0 0 0 0 -1 0 -1 0 32123a.dat
1 15 0 -300 -400 0 0 1 1 0 0 0 1 0 6536.dat
1 19 0 -300 -380 1 0 0 0 1 0 0 0 1 32556.dat
1 71 20 -300 -380 0 0 -1 1 0 0 0 -1 0 42052 - 13971.dat
1 71 -20 -300 -380 0 0 -1 1 0 0 0 -1 0 42052 - 13971.dat
1 256 20 -300 -380 0 0 -1 1 0 0 0 -1 0 42052 - 61254.dat
1 256 -20 -300 -380 0 0 -1 1 0 0 0 -1 0 42052 - 61254.dat
0 STEP
1 72 0 -777 -20 0 0 1 -1 0 0 0 -1 0 59426.dat
1 72 0 -770 -20 0 0 1 0 1 0 -1 0 0 42052 - rotor.ldr
1 71 0 -787 -20 0 0 -1 0 1 0 1 0 0 2723.dat
1 72 0 -792 -20 0 -1 0 0 0 -1 1 0 0 4185.dat
1 72 0 -802 -20 0 -1 0 0 0 -1 1 0 0 4185.dat
1 72 0 -812 -20 0 -1 0 0 0 -1 1 0 0 4185.dat
1 72 0 -822 -20 0 -1 0 0 0 -1 1 0 0 4185.dat
1 1 -20 -818 -20 0 0 1 1 0 0 0 1 0 6558.dat
1 1 -10 -818 -2.679 0 0 1 1 0 0 0 1 0 6558.dat
1 1 10 -818 -2.679 0 0 1 1 0 0 0 1 0 6558.dat
1 1 20 -818 -20 0 0 1 1 0 0 0 1 0 6558.dat
1 1 -10 -818 -37.321 0 0 1 1 0 0 0 1 0 6558.dat
1 1 10 -818 -37.321 0 0 1 1 0 0 0 1 0 6558.dat
0 STEP
1 71 -61.962 -838 -67.321 -0.5 0 0.866 0 -1 0 0.866 0 0.5 32140.dat
1 71 -10 -838 57.321 1 0 0 0 -1 0 0 0 -1 32140.dat
1 71 71.962 -838 -50 -0.5 0 -0.866 0 -1 0 -0.866 0 0.5 32140.dat
1 1 -10 -828 57.321 0 0 1 -1 0 0 0 -1 0 43093.dat
1 1 -61.962 -828 -67.321 0 -0.866 0.5 -1 0 0 0 -0.5 -0.866 43093.dat
1 1 71.962 -828 -50 0 0.5 -0.866 -1 0 0 0 0.866 0.5 43093.dat
1 71 -44.641 -818 -57.321 0 0.866 -0.5 -1 0 0 0 0.5 0.866 32054.dat
1 71 54.641 -818 -40 0 0.866 -0.5 -1 0 0 0 0.5 0.866 32054.dat
1 71 -10 -818 37.321 0 0.866 -0.5 -1 0 0 0 0.5 0.866 32054.dat
0 STEP
1 72 -10 -818 57.321 -1 0 0 0 0 -1 0 -1 0 99013p01.dat
1 72 71.962 -818 -50 0.5 -0.866 0 0 0 -1 0.866 0.5 0 99013p01.dat
1 72 -61.962 -818 -67.321 0.5 0.866 0 0 0 -1 -0.866 0.5 0 99013p01.dat
0 STEP
1 71 -27 -31.001 -4.987 1 0 0 0 1 0 0 0 1 42052 - crate.ldr

0 FILE 42052 - floorbeam.ldr
0 floorbeam
0 Author: Philippe Hurbain [Philo]
0 !LDRAW_ORG Unofficial_Model
0 !LICENSE Redistributable under CCAL version 2.0 : see CAreadme.txt
0 !THEME Technic
1 71 0 0 0 0 0 -1 0 1 0 1 0 0 32034.dat
1 71 -40 0 0 -1 0 0 0 1 0 0 0 -1 4519.dat
1 71 40 0 0 -1 0 0 0 1 0 0 0 -1 4519.dat
1 15 40 0 0 -1 0 0 0 1 0 0 0 -1 6536.dat
1 15 -40 0 0 -1 0 0 0 1 0 0 0 -1 6536.dat
1 71 -60 0 0 0 0 1 0 1 0 -1 0 0 32039.dat
1 71 60 0 0 0 0 -1 0 1 0 1 0 0 32039.dat
1 19 -40 20 -10 0 1 0 0 0 -1 -1 0 0 3749.dat
1 19 40 20 -10 0 1 0 0 0 -1 -1 0 0 3749.dat
1 0 -80 0 0 0 0 -1 0 1 0 1 0 0 18651.dat
1 0 80 0 0 0 0 -1 0 1 0 1 0 0 18651.dat
0 STEP
1 15 -80 0 20 0 0 -1 0 1 0 1 0 0 6536.dat
1 15 80 0 20 0 0 -1 0 1 0 1 0 0 6536.dat
1 72 -80 20 20 1 0 0 0 1 0 0 0 1 11214.dat
1 72 80 20 20 -1 0 0 0 1 0 0 0 -1 11214.dat
1 72 50 20 20 0 0 1 1 0 0 0 1 0 59443.dat
1 72 -50 20 20 0 0 1 1 0 0 0 1 0 59443.dat
1 4 -30 20 20 1 0 0 0 0 -1 0 1 0 32062.dat
1 4 30 20 20 1 0 0 0 0 -1 0 1 0 32062.dat
1 71 0 20 20 0 0 -1 0 1 0 1 0 0 32034.dat
1 15 0 0 -20 0 0 1 -1 0 0 0 -1 0 40490.dat

0 FILE 42052 - bodyside.ldr
0 bodyside
0 Author: Philippe Hurbain [Philo]
0 !LDRAW_ORG Unofficial_Model
0 !LICENSE Redistributable under CCAL version 2.0 : see CAreadme.txt
0 !THEME Technic
1 15 0 0 0 0 -1 0 0 0 1 -1 0 0 64782.dat
1 1 0 60 -40 0 0 -1 1 0 0 0 -1 0 6558.dat
1 1 0 60 0 0 0 -1 1 0 0 0 -1 0 6558.dat
1 1 0 40 120 0 1 0 0 0 1 1 0 0 6558.dat
1 1 0 -20 120 0 1 0 0 0 1 1 0 0 6558.dat
1 1 0 -40 120 0 1 0 0 0 1 1 0 0 6558.dat
1 0 0 50 20 0 0 -1 -1 0 0 0 1 0 2780.dat
1 0 0 50 60 0 0 -1 -1 0 0 0 1 0 2780.dat
1 0 0 -50 -40 0 0 -1 -1 0 0 0 1 0 2780.dat
1 0 0 -50 0 0 0 -1 -1 0 0 0 1 0 2780.dat
1 0 0 -20 -110 0 -1 0 0 0 -1 1 0 0 2780.dat
1 1 0 20 -120 0 -1 0 0 0 1 -1 0 0 6558.dat
1 1 0 0 -120 0 -1 0 0 0 1 -1 0 0 6558.dat
1 15 0 -20 120 -1 0 0 0 0 1 0 1 0 32525.dat
1 19 0 80 120 0 -1 0 0 0 1 -1 0 0 32556.dat
0 STEP
1 15 0 0 240 0 -1 0 0 0 1 -1 0 0 64782.dat
1 0 0 -50 280 0 0 -1 -1 0 0 0 1 0 2780.dat
1 0 0 -20 350 0 0 -1 0 -1 0 -1 0 0 2780.dat
1 1 0 40 360 0 -1 0 0 0 -1 1 0 0 6558.dat
0 STEP
1 72 0 -60 240 1 0 0 0 1 0 0 0 1 32525.dat
1 0 0 -80 300 0 0 -1 1 0 0 0 -1 0 15100.dat
1 71 0 -80 150 0 0 -1 1 0 0 0 -1 0 32138.dat
1 0 0 -80 180 0 0 1 -1 0 0 0 -1 0 18651.dat
1 71 0 -60 200 0 0 -1 1 0 0 0 -1 0 32054.dat
1 0 0 -80 220 0 0 -1 1 0 0 0 -1 0 15100.dat
1 0 -10 40 320 1 0 0 0 0 -1 0 1 0 2780.dat
1 0 -10 40 160 1 0 0 0 0 -1 0 1 0 2780.dat
1 0 -10 40 80 1 0 0 0 0 -1 0 1 0 2780.dat
0 STEP
1 15 -20 40 220 0 -1 0 -1 0 0 0 0 -1 32278.dat
1 72 0 60 100 -1 0 0 0 1 0 0 0 -1 32526.dat
1 0 0 70 80 0 0 -1 -1 0 0 0 1 0 2780.dat
1 0 0 70 40 0 0 -1 -1 0 0 0 1 0 2780.dat
1 0 -20 50 20 0 0 -1 -1 0 0 0 1 0 2780.dat
1 0 -40 50 20 0 0 -1 -1 0 0 0 1 0 2780.dat
1 72 0 60 -120 1 0 0 0 -1 0 0 0 -1 41239.dat
1 0 0 70 -160 0 0 -1 -1 0 0 0 1 0 2780.dat
1 1 0 60 -200 0 0 1 -1 0 0 0 -1 0 6558.dat
0 STEP
1 25 0 80 0 1 0 0 0 -1 0 0 0 -1 62531.dat
1 15 0 40 -120 -1 0 0 0 0 -1 0 -1 0 32526.dat
1 1 -20 -40 -120 0 -1 0 0 0 1 -1 0 0 6558.dat
1 1 -40 -40 -120 0 -1 0 0 0 1 -1 0 0 6558.dat
1 1 0 -40 -130 0 -1 0 0 0 1 -1 0 0 4274.dat

0 FILE 42052 - motorassy.ldr
0 motorassy
0 Author: Philippe Hurbain [Philo]
0 !LDRAW_ORG Unofficial_Model
0 !LICENSE Redistributable under CCAL version 2.0 : see CAreadme.txt
0 !THEME Technic
1 25 0 0 0 0 1 0 -1 0 0 0 0 1 32524.dat
1 19 10 0 60 1 0 0 0 1 0 0 0 1 32002.dat
1 0 10 0 -40 1 0 0 0 1 0 0 0 1 2780.dat
1 28 40 0 -60 -1 0 0 0 -1 0 0 0 1 6587.dat
1 72 20 0 -60 0 -1 0 1 0 0 0 0 1 60483.dat
0 STEP
1 14 20 0 -20 -1 0 0 0 0 -1 0 -1 0 32073.dat
1 15 -15 40 -20 0 1 0 0 0 -1 -1 0 0 6632.dat
1 15 -25 40 -20 0 1 0 0 0 -1 -1 0 0 6632.dat
1 71 -40 40 -20 1 0 0 0 0 -1 0 1 0 4519.dat
1 4 20 0 -20 0 0 1 0 1 0 -1 0 0 3713.dat
1 72 40 0 -20 0 0 1 0 1 0 -1 0 0 10928.dat
1 15 40 0 -60 1 0 0 0 -1 0 0 0 -1 6536.dat
0 STEP
1 72 30 0 0 -1 0 0 0 0 1 0 1 0 87083.dat
1 71 20 -20 0 -1 0 0 0 -1 0 0 0 1 32184.dat
1 71 40 -20 0 -1 0 0 0 -1 0 0 0 1 32184.dat
1 71 40 -40 0 -1 0 0 0 -1 0 0 0 1 4519.dat
0 STEP
1 72 55 0 -30 0 1 0 -1 0 0 0 0 1 32449.dat
1 72 65 0 -30 0 1 0 -1 0 0 0 0 1 32449.dat
1 71 60 -40 0 -1 0 0 0 -1 0 0 0 1 63869.dat
1 0 20 -20 10 0 0 -1 0 -1 0 -1 0 0 2780.dat
0 STEP
1 15 -40 -20 20 0 0 -1 1 0 0 0 -1 0 40490.dat
1 0 -40 -20 10 0 0 -1 0 -1 0 -1 0 0 2780.dat
1 71 -120 -20 20 0 0 -1 0 -1 0 -1 0 0 32054.dat
0 STEP
1 72 40 -20 10 0 0 -1 0 -1 0 -1 0 0 55013.dat
1 71 40 -20 -30 0 -1 0 -1 0 0 0 0 -1 4716.dat
1 71 40 -20 40 0 -1 0 -1 0 0 0 0 -1 94925.dat
1 14 40 -20 55 0 -1 0 -1 0 0 0 0 -1 32123a.dat
1 14 40 -20 65 0 -1 0 -1 0 0 0 0 -1 32123a.dat
1 1 0 -20 30 0 -1 0 0 0 -1 1 0 0 43093.dat
1 4 0 -20 50 0 -1 0 -1 0 0 0 0 -1 59443.dat
0 STEP
1 0 -20 -20 30 0 0 -1 0 -1 0 -1 0 0 2780.dat
1 0 -60 -20 30 0 0 -1 0 -1 0 -1 0 0 2780.dat
1 15 -20 0 40 1 0 0 0 -1 0 0 0 -1 6536.dat
1 15 -60 0 40 1 0 0 0 -1 0 0 0 -1 6536.dat
1 14 -40 0 40 -1 0 0 0 -1 0 0 0 1 32073.dat
1 72 -40 0 40 0 1 0 -1 0 0 0 0 1 18654.dat
0 STEP
1 71 -40 -20 0 0 -1 0 -1 0 0 0 0 -1 32184.dat
1 0 -40 40 -20 0 1 0 0 0 1 1 0 0 11455.dat
1 71 -60 40 -20 0 -1 0 0 0 -1 1 0 0 42052 - 33299b.dat
1 15 -80 0 60 0 -1 0 1 0 0 0 0 1 40490.dat
1 19 -70 0 100 1 0 0 0 1 0 0 0 1 32002.dat
1 19 -70 0 140 1 0 0 0 1 0 0 0 1 32002.dat
0 STEP
1 72 -120 -20 0 1 0 0 0 1 0 0 0 1 42003.dat
1 71 -120 -40 0 1 0 0 0 1 0 0 0 1 4519.dat
1 71 -100 -20 0 -1 0 0 0 1 0 0 0 -1 32184.dat
1 71 -140 -40 0 -1 0 0 0 -1 0 0 0 1 63869.dat
1 1 -90 0 0 -1 0 0 0 -1 0 0 0 1 43093.dat
1 1 -120 0 -10 0 0 -1 0 -1 0 -1 0 0 43093.dat
1 72 -120 0 -30 1 0 0 0 -1 0 0 0 -1 59443.dat
1 1 -120 0 -50 0 -1 0 0 0 -1 1 0 0 43093.dat
1 28 -100 -20 -40 0 -1 0 0 0 -1 1 0 0 15462.dat
1 14 -100 -20 -15 0 -1 0 -1 0 0 0 0 -1 32123a.dat
1 14 -100 -20 -25 0 -1 0 -1 0 0 0 0 -1 32123a.dat
1 0 -100 -20 -40 0 -1 0 -1 0 0 0 0 -1 32270.dat
0 STEP
1 14 25 0 120 -1 0 0 0 1 0 0 0 -1 42052 - winch.ldr
0 STEP
1 15 40 -20 100 -1 0 0 0 1 0 0 0 -1 18948.dat
1 4 40 -20 130 0 1 0 0 0 -1 -1 0 0 32062.dat
1 4 40 -20 150 0 1 0 1 0 0 0 0 -1 59443.dat
1 19 40 -20 170 0 0 1 0 1 0 -1 0 0 3749.dat
1 15 -20 -20 180 0 0 1 1 0 0 0 1 0 40490.dat
1 0 -100 -20 190 0 0 -1 0 -1 0 -1 0 0 2780.dat
1 0 60 -20 190 0 0 -1 0 -1 0 -1 0 0 2780.dat
0 STEP
1 0 0 -20 200 -0.242 -0.97 0 -0.97 0.242 0 0 0 -1 32270.dat
1 1 -60 -20 200 0 -1 0 0 0 -1 1 0 0 6558.dat
1 71 -40 -20 200 0 -1 0 0 0 -1 1 0 0 87082.dat
0 STEP
1 72 -40 -60 180 0 0 -1 0 1 0 1 0 0 42052 - gearbox.ldr
1 1 -140 -60 0 0 0 1 0 -1 0 1 0 0 6558.dat
1 1 60 -60 0 0 0 1 0 -1 0 1 0 0 6558.dat
0 STEP
1 15 -60 -20 200 0 0 -1 -1 0 0 0 1 0 32526.dat
1 15 60 -40 200 -1 0 0 0 0 1 0 1 0 32523.dat
1 15 -80 -20 220 0 0 1 -1 0 0 0 -1 0 32526.dat
0 STEP
1 0 -60 50 0 0 0 1 -1 0 0 0 -1 0 3737.dat
1 0 -20 50 0 0 0 1 -1 0 0 0 -1 0 3737.dat
1 15 -60 -60 0 0 -1 0 0 0 -1 1 0 0 32013.dat
1 15 -20 -60 0 0 -1 0 0 0 -1 1 0 0 32013.dat
1 1 -20 -60 0 0 0 1 0 -1 0 1 0 0 6558.dat
1 1 -60 -60 0 0 0 1 0 -1 0 1 0 0 6558.dat
0 STEP
1 71 -40 120 0 0 0 1 -1 0 0 0 -1 0 14720.dat
1 0 0 100 -10 0 0 1 0 1 0 -1 0 0 2780.dat
1 0 -80 100 -10 0 0 1 0 1 0 -1 0 0 2780.dat
1 71 -40 140 0 0 -1 0 -1 0 0 0 0 -1 32184.dat
1 71 -40 140 0 0 -1 0 0 0 1 -1 0 0 32054.dat
0 STEP
1 71 -40 100 -20 -1 0 0 0 0 -1 0 -1 0 4519.dat
1 15 -80 100 -20 0 0 -1 0 1 0 1 0 0 32013.dat
1 15 0 100 -20 0 0 1 0 1 0 -1 0 0 32013.dat
0 STEP
1 72 -40 -60 -20 0 0 1 -1 0 0 0 -1 0 32525.dat
1 0 0 -60 -10 0 0 -1 0 -1 0 -1 0 0 2780.dat
1 0 20 -60 -10 0 0 -1 0 -1 0 -1 0 0 2780.dat
1 0 -100 -60 -10 0 0 -1 0 -1 0 -1 0 0 2780.dat
1 71 -80 -60 -20 0 0 -1 0 1 0 1 0 0 32054.dat
1 1 -80 -60 -50 0 0 -1 0 1 0 1 0 0 43093.dat
1 0 -40 -60 -10 0 0 -1 0 -1 0 -1 0 0 2780.dat
1 25 -40 -100 0 -1 0 0 0 0 -1 0 -1 0 32524.dat
1 71 20 -120 0 -1 0 0 0 0 1 0 1 0 32140.dat
1 71 -100 -120 0 1 0 0 0 0 1 0 -1 0 32140.dat
0 STEP
1 71 -160 -60 0 0 0 -1 0 1 0 1 0 0 32054.dat
1 71 80 -60 0 0 0 -1 0 1 0 1 0 0 32054.dat
1 15 -120 -60 -40 1 0 0 0 1 0 0 0 1 76019.dat
0 STEP
1 71 -100 -40 -60 1 0 0 0 -1 0 0 0 -1 63869.dat
1 71 -100 -40 -60 1 0 0 0 -1 0 0 0 -1 4519.dat
1 72 -120 -20 -60 1 0 0 0 1 0 0 0 1 42003.dat
1 71 -80 -20 -60 1 0 0 0 1 0 0 0 1 32184.dat
1 4 -90 0 -60 1 0 0 0 1 0 0 0 1 32062.dat
1 15 -100 0 -60 1 0 0 0 -1 0 0 0 -1 6536.dat
1 0 -120 -20 -70 0 0 -1 0 -1 0 -1 0 0 2780.dat
1 0 -80 -20 -70 0 0 -1 0 -1 0 -1 0 0 2780.dat
0 STEP
1 15 -40 -160 120 1 0 0 0 1 0 0 0 1 42052 - rotoraxle.ldr
0 STEP
1 16 -100 -20 -70 0 -1 0 -1 0 0 0 0 -1 42052 - powerFuncMotorM-1.ldr

0 FILE 42052 - winch.ldr
0 winch
0 Author: Philippe Hurbain [Philo]
0 !LDRAW_ORG Unofficial_Model
0 !LICENSE Redistributable under CCAL version 2.0 : see CAreadme.txt
0 !THEME Technic
1 0 0 0 0 0 1 0 -1 0 0 0 0 1 11478.dat
1 4 55 0 -40 -1 0 0 0 -1 0 0 0 1 3706.dat
1 4 55 0 40 -1 0 0 0 -1 0 0 0 1 3706.dat
1 71 10 0 10 0 -1 0 1 0 0 0 0 1 32063.dat
1 28 55 0 0 -1 0 0 0 0 1 0 1 0 15462.dat
1 72 25 0 0 0 0 1 0 1 0 -1 0 0 10928.dat
1 15 25 0 -40 -1 0 0 0 -1 0 0 0 1 6536.dat
1 15 25 0 40 -1 0 0 0 -1 0 0 0 1 6536.dat
0 STEP
1 0 40 0 0 0 1 0 -1 0 0 0 0 1 11478.dat
1 72 25 -20 -30 0 0.97 -0.242 0 0.242 0.97 1 0 0 55013.dat
1 71 25 -20 10 -0.97 0.242 0 -0.242 -0.97 0 0 0 1 4716.dat
1 4 25 -20 -20 -0.97 0.242 0 -0.242 -0.97 0 0 0 1 3713.dat
1 1 50 0 -40 0 1 0 0 0 -1 -1 0 0 41677.dat
1 1 50 0 40 0 1 0 0 0 -1 -1 0 0 41677.dat
1 71 65 -20 -40 -1 0 0 0 0 -1 0 -1 0 4519.dat
1 71 65 -20 40 -1 0 0 0 0 -1 0 -1 0 4519.dat
0 STEP
1 72 65 0 0 -1 0 0 0 0.707 -0.707 0 -0.707 -0.707 32012.dat
1 71 52 384 -15 -1 0 0 0 -1 0 0 0 1 2819.dat
1 0 52 74.999 -15.004 -1 0 0 0 1 0 0 0 -1 42052 - ropeLQ-1.ldr
1 72 52 406.999 -15.012 0 0 1 0 1 0 -1 0 0 30395.dat
0 STEP
1 15 65 -20 -40 -1 0 0 0 0 1 0 1 0 6536.dat
1 15 65 -20 40 -1 0 0 0 0 -1 0 -1 0 6536.dat
1 1 65 -30 20 0 0 1 -1 0 0 0 -1 0 4274.dat
1 1 65 -30 -20 0 0 1 -1 0 0 0 -1 0 4274.dat
1 1 80 0 -40 0 1 0 0 0 -1 -1 0 0 41677.dat
1 1 80 0 40 0 1 0 0 0 -1 -1 0 0 41677.dat
1 0 90 0 0 0 1 0 -1 0 0 0 0 1 11478.dat
0 STEP
1 15 105 0 -40 -1 0 0 0 -1 0 0 0 1 6536.dat
1 0 105 -20 -50 0 -1 0 0 0 1 -1 0 0 2780.dat
1 71 65 -38 10 0 0 1 0 1 0 -1 0 0 88646.dat
1 14 65 -46 30 0 0 1 0 1 0 -1 0 0 15573.dat

0 FILE 42052 - gearbox.ldr
0 gearbox
0 Author: Philippe Hurbain [Philo]
0 !LDRAW_ORG Unofficial_Model
0 !LICENSE Redistributable under CCAL version 2.0 : see CAreadme.txt
0 !THEME Technic
1 25 0 0 0 0 1 0 -1 0 0 0 0 1 41239.dat
1 28 -40 0 -80 1 0 0 0 1 0 0 0 1 15462.dat
1 28 -40 0 80 1 0 0 0 1 0 0 0 1 15462.dat
1 71 -20 0 -80 0 0 1 0 1 0 -1 0 0 94925.dat
1 71 -20 0 80 0 0 1 0 1 0 -1 0 0 94925.dat
1 72 -30 0 0 1 0 0 0 0 -1 0 1 0 87083.dat
1 4 -20 0 0 0 0 -1 -1 0 0 0 1 0 18946.dat
0 STEP
1 25 -40 0 0 0 1 0 -1 0 0 0 0 1 41239.dat
1 4 -70 0 0 0 0 1 -1 0 0 0 -1 0 59443.dat
1 4 -90 0 0 1 0 0 0 1 0 0 0 1 32062.dat
1 4 -110 0 0 0 0 1 -1 0 0 0 -1 0 59443.dat
1 4 -60 0 80 0 0 -1 -0.982 0.191 0 0.191 0.982 0 18946.dat
1 4 -60 0 -80 0 0 -1 -0.982 0.191 0 0.191 0.982 0 18946.dat
1 15 -100 0 80 0 0 -1 -1 0 0 0 1 0 18948.dat
1 15 -100 0 -80 0 0 -1 -1 0 0 0 1 0 18948.dat
0 STEP
1 71 -20 0 -40 1 0 0 0 1 0 0 0 1 44294.dat
1 71 -60 0 -40 0 0 1 0 1 0 -1 0 0 94925.dat
1 4 -20 0 -40 0 0 -1 -0.982 0.191 0 0.191 0.982 0 18946.dat
1 19 20 0 -40 0 0 -1 -1 0 0 0 1 0 32269.dat
1 4 -90 0 -40 0 0 1 -1 0 0 0 -1 0 59443.dat
1 4 -110 0 -40 1 0 0 0 1 0 0 0 1 32062.dat
1 4 -130 0 -40 0 0 1 -1 0 0 0 -1 0 59443.dat
1 19 -150 0 -40 1 0 0 0 1 0 0 0 1 3749.dat
0 STEP
1 4 -30 0 40 1 0 0 0 1 0 0 0 1 3706.dat
1 4 -20 0 40 0 0 -1 -0.982 0.191 0 0.191 0.982 0 18946.dat
1 71 -60 0 40 0 0 1 0 1 0 -1 0 0 94925.dat
1 15 -100 0 40 0 0 -1 -1 0 0 0 1 0 18948.dat
1 71 40 0 40 -0.196 0 0.981 0.981 0 0.196 0 1 0 62520.dat
1 71 40 0 40 0 0 -1 0 -1 0 -1 0 0 62520.dat
1 71 40 0 40 -0.196 0 0.981 0.981 0 0.196 0 1 0 62519.dat
1 0 10 0 -100 1 0 0 0 0 -1 0 1 0 2780.dat
1 0 10 0 100 1 0 0 0 0 -1 0 1 0 2780.dat
0 STEP
1 71 -140 0 40 1 0 0 0 0 -1 0 1 0 4519.dat
1 71 -140 0 0 1 0 0 0 0 -1 0 1 0 4519.dat
1 72 -100 0 -80 0 0 -1 -1 0 0 0 1 0 18947.dat
1 72 -100 0 80 0 0 -1 -1 0 0 0 1 0 18947.dat
1 71 -180 0 80 -1 0 0 0 0 1 0 1 0 44294.dat
1 0 -150 0 -80 -1 0 0 0 0 1 0 1 0 3705.dat
0 STEP
1 4 -140 0 -80 0 0 -1 -0.982 0.191 0 0.191 0.982 0 18946.dat
1 4 -140 0 80 0 0 -1 -0.982 0.191 0 0.191 0.982 0 18946.dat
1 4 -140 0 40 0 0 -1 -1 0 0 0 1 0 18946.dat
1 4 -140 0 0 0 0 -1 -0.982 0.191 0 0.191 0.982 0 18946.dat
1 72 -160 0 0 0 1 0 -1 0 0 0 0 1 32525.dat
0 STEP

0 FILE 42052 - rotoraxle.ldr
0 rotoraxle
0 Author: Philippe Hurbain [Philo]
0 !LDRAW_ORG Unofficial_Model
0 !LICENSE Redistributable under CCAL version 2.0 : see CAreadme.txt
0 !THEME Technic
1 71 0 0 0 0 0 -1 -1 0 0 0 1 0 14720.dat
1 1 -40 -20 0 0 0 -1 0 -1 0 -1 0 0 6558.dat
1 1 40 -20 0 0 0 -1 0 -1 0 -1 0 0 6558.dat
1 1 40 20 0 0 0 -1 0 -1 0 -1 0 0 6558.dat
1 1 -40 20 0 0 0 -1 0 -1 0 -1 0 0 6558.dat
1 15 0 -20 20 0 0 -1 -1 0 0 0 1 0 40490.dat
1 15 0 20 20 0 0 -1 -1 0 0 0 1 0 40490.dat
0 STEP
1 1 20 -20 0 0 0 -1 0 -1 0 -1 0 0 6558.dat
1 1 -20 -20 0 0 0 -1 0 -1 0 -1 0 0 6558.dat
1 1 20 20 0 0 0 -1 0 -1 0 -1 0 0 6558.dat
1 1 -20 20 0 0 0 -1 0 -1 0 -1 0 0 6558.dat
1 71 0 -40 0 -1 0 0 0 1 0 0 0 -1 99009.dat
1 71 0 40 0 1 0 0 0 -1 0 0 0 -1 99009.dat
1 0 0 -40 0 1 0 0 0 1 0 0 0 1 99010.dat
1 0 0 40 0 1 0 0 0 -1 0 0 0 -1 99010.dat
1 1 80 20 0 0 0 -1 0 -1 0 -1 0 0 6558.dat
1 1 -80 20 0 0 0 -1 0 -1 0 -1 0 0 6558.dat
1 0 -80 -20 10 0 0 -1 0 -1 0 -1 0 0 2780.dat
1 0 80 -20 10 0 0 -1 0 -1 0 -1 0 0 2780.dat
0 STEP
1 15 -80 -20 0 -1 0 0 0 0 1 0 1 0 32526.dat
1 15 80 -20 0 1 0 0 0 0 1 0 -1 0 32526.dat
1 1 80 60 0 0 0 -1 0 -1 0 -1 0 0 6558.dat
1 1 100 60 0 0 0 -1 0 -1 0 -1 0 0 6558.dat
1 1 -80 60 0 0 0 -1 0 -1 0 -1 0 0 6558.dat
1 1 -100 60 0 0 0 -1 0 -1 0 -1 0 0 6558.dat
0 STEP
1 15 -100 60 -20 0 0 -1 -1 0 0 0 1 0 32523.dat
1 15 100 60 -20 0 0 -1 -1 0 0 0 1 0 32523.dat
1 0 -80 40 -20 0 -1 0 0 0 -1 1 0 0 15100.dat
1 0 80 40 -20 0 -1 0 0 0 -1 1 0 0 15100.dat
1 15 0 0 -20 0 0 -1 -1 0 0 0 1 0 32316.dat
1 71 -40 0 -20 0 0 -1 0 1 0 1 0 0 32054.dat
1 1 -40 0 -50 0 0 -1 0 1 0 1 0 0 43093.dat
1 72 40 0 -47 0 -0.035 0.999 0 0.999 0.035 -1 0 0 59426.dat
0 STEP
1 15 0 20 -20 0 0 -1 1 0 0 0 -1 0 40490.dat
1 28 0 20 -60 0 0.259 -0.966 0 0.966 0.259 1 0 0 15462.dat
1 0 0 20 -40 0.966 0.259 0 -0.259 0.966 0 0 0 1 32270.dat
1 15 0 -20 -20 0 0 -1 -1 0 0 0 1 0 32316.dat
1 0 0 -20 -40 0.966 -0.259 0 0.259 0.966 0 0 0 1 32270.dat
1 28 0 -20 -60 0 -0.259 -0.966 0 0.966 -0.259 1 0 0 15462.dat
1 72 40 0 -40 0.993 -0.122 0 0.122 0.993 0 0 0 1 3648b.dat
0 STEP
1 0 0 10 0 0 -1 0 -1 0 0 0 0 -1 3705.dat
1 14 0 15 0 0 -1 0 0 0 -1 1 0 0 32123a.dat
1 14 0 25 0 0 -1 0 0 0 -1 1 0 0 32123a.dat
1 71 0 40 0 0 -1 0 0 0 -1 1 0 0 32039.dat
1 71 0 60 0 0 -1 0 0 0 -1 1 0 0 4519.dat
1 72 0 60 -20 0 0 1 -1 0 0 0 -1 0 60483.dat
1 72 0 60 20 0 0 -1 -1 0 0 0 1 0 60483.dat
0 STEP
1 71 20 60 -20 0 0 1 0 -1 0 1 0 0 32054.dat
1 71 -20 60 20 0 0 1 0 1 0 -1 0 0 32054.dat
1 15 0 -40 0 1 0 0 0 0 1 0 -1 0 18948.dat
1 71 -20 -60 0 0 -1 0 0 0 1 -1 0 0 4519.dat
1 71 20 -60 0 0 -1 0 0 0 1 -1 0 0 4519.dat
1 71 0 -60 20 0 -1 0 0 0 1 -1 0 0 32184.dat
1 71 0 -60 -20 0 -1 0 0 0 1 -1 0 0 32184.dat
0 STEP
1 15 0 40 -60 0 0 1 0 1 0 -1 0 0 42052 - rotorbeam.ldr
0 STEP
1 0 -60 -20 30 0 0 -1 0 -1 0 -1 0 0 2780.dat
1 0 -60 -20 40 0 0 1 1 0 0 0 1 0 15100.dat
1 15 -60 0 0 1 0 0 0 1 0 0 0 1 32316.dat
1 19 0 60 -80 0 0 1 0 1 0 -1 0 0 32556.dat
0 STEP
1 71 -60 0 -40 0 1 0 1 0 0 0 0 -1 32054.dat
1 4 0 -20 -80 0.966 -0.259 0 0.259 0.966 0 0 0 1 3713.dat
1 71 0 20 -80 0.966 0.259 0 -0.259 0.966 0 0 0 1 94925.dat
1 4 0 60 -80 1 0 0 0 1 0 0 0 1 18946.dat
1 15 0 20 -100 1 0 0 0 0 1 0 -1 0 32316.dat
1 0 0 0 -110 0 0 -1 0 -1 0 -1 0 0 2780.dat
1 0 0 40 -110 0 0 -1 0 -1 0 -1 0 0 2780.dat
0 STEP
1 71 -60 60 20 0 0 -1 1 0 0 0 -1 0 32140.dat
1 71 60 60 20 0 0 1 1 0 0 0 1 0 32140.dat
1 71 60 60 40 0 1 0 0 0 -1 -1 0 0 22961.dat
1 71 -60 60 40 0 1 0 0 0 -1 -1 0 0 22961.dat
1 0 -70 60 40 1 0 0 0 0 1 0 -1 0 2780.dat
1 0 70 60 40 1 0 0 0 0 1 0 -1 0 2780.dat
1 0 120 80 30 0 1 0 0 0 1 1 0 0 2780.dat
1 0 -120 80 30 0 1 0 0 0 1 1 0 0 2780.dat
1 15 -120 80 40 -1 0 0 0 0 -1 0 -1 0 32523.dat
1 15 120 80 40 -1 0 0 0 0 -1 0 -1 0 32523.dat

0 FILE 42052 - rotorbeam.ldr
0 rotorbeam
0 Author: Philippe Hurbain [Philo]
0 !LDRAW_ORG Unofficial_Model
0 !LICENSE Redistributable under CCAL version 2.0 : see CAreadme.txt
0 !THEME Technic
1 25 0 0 0 1 0 0 0 1 0 0 0 1 41239.dat
1 1 0 0 -120 0 -1 0 1 0 0 0 0 1 6558.dat
1 1 0 0 120 0 -1 0 1 0 0 0 0 1 6558.dat
1 14 0 -20 -20 0 -1 0 1 0 0 0 0 1 32073.dat
1 14 0 -20 20 0 -1 0 1 0 0 0 0 1 32073.dat
1 71 0 20 0 0 0 1 1 0 0 0 1 0 32184.dat
1 71 0 -20 0 0 0 1 1 0 0 0 1 0 32184.dat
1 0 0 -20 -60 0 0 -1 -1 0 0 0 1 0 18651.dat
1 72 0 -20 -60 0 0 -1 0 1 0 1 0 0 60483.dat
0 STEP
1 71 0 -40 -40 0 0 1 1 0 0 0 1 0 32184.dat
1 71 0 -60 0 0 0 1 1 0 0 0 1 0 32184.dat
1 15 0 -40 20 0 0 1 1 0 0 0 1 0 6536.dat

0 FILE 42052 - powerFuncMotorM-1.ldr
0 powerFuncMotorM-1
0 !CATEGORY electric
0 !THEME Technic
0 !KEYWORDS flexible, power functions
0 !LDCAD CONTENT [type=path] [addFallBack=default] [looped=false] [displayKind=mm] [curveStep=0] [displayLenCor=0]
0 Name: 42052 - powerFuncMotorM-1.ldr
0 !LDRAW_ORG Unofficial_Model
0 !LICENSE Redistributable under CCAL version 2.0 : see CAreadme.txt

0 !LDCAD PATH_POINT [type=bezier] [posOri=0 -23.043 118.002 1 0 0 0 0.707 0.707 0 -0.707 0.707] [prevCPDist=25] [nextCPDist=5] [cirR=20] [cirDir=xyCW] [prevYRoll=0] [nextYRoll=0]
0 !LDCAD PATH_POINT [type=bezier] [posOri=-20 -58 106 0.707107 0.499924 -0.499924 -0.707107 0.499924 -0.499924 0 0.707 0.707] [prevCPDist=15.5] [nextCPDist=25] [cirR=20] [cirDir=xyCW] [prevYRoll=0] [nextYRoll=0]
0 !LDCAD PATH_POINT [type=bezier] [posOri=-140 26 20 0 1 0 -0.866025 0 -0.5 -0.5 0 0.866025] [prevCPDist=48] [nextCPDist=34.5] [cirR=20] [cirDir=xyCW] [prevYRoll=0] [nextYRoll=0]
0 !LDCAD PATH_POINT [type=bezier] [posOri=-170 19 50 0 -1 0 0 0 -1 1 0 0] [prevCPDist=16] [nextCPDist=25] [cirR=20] [cirDir=xyCW] [prevYRoll=0] [nextYRoll=0]

0 !LDCAD PATH_SKIN [donCol=0] [donOri=0 0 1 0 1 0 -1 0 0] [donPart=u9190.dat] [donYSize=400%] [donCen=absCen] [donCenYOfs=0] [donFinScale=none] [donPlace=refsDyn] [donYAlign=0] [donInline=false] [segSize=9%] [segSizeTol=5%] [segsCnt=0] [segsGrp=0] [segsMaxMerge=1] [segsMrgAng=0] [segsMrgRollAng=0] [segsEdgeDelKind=keepFirstLeft]

0 !LDCAD PATH_CAP [group=start] [color=71] [posOri=0 0 0 1 0 0 0 1 0 0 0 1] [part=58120.dat] [extraLen=0mm] [inlineRef=false]
0 !LDCAD PATH_CAP [group=end] [color=72] [posOri=-140 26 50 -1 0 0 0 -1 0 0 0 1] [part=58124c01.dat] [extraLen=0mm] [inlineRef=false]

0 !LDCAD GENERATED [generator=LDCad 1.5]
0 //This is the fallback LDraw content for above PATH configuration.
0 // Do not edit, any changes will be lost upon regeneration.
0 // The path is approx 111.97 mm (279.93) and exists out of 140 segments.

0 //Some general hints about the document.
0 UNOFFICIAL PART
0 BFC CERTIFY CCW

0 //Start cap reference(s)
1 71 0 0 0 1 0 0 0 1 0 0 0 1 58120.dat

0 //End cap reference(s)
1 72 -140 26 50 -1 0 0 0 -1 0 0 0 1 58124c01.dat

0 //Fixed color segments
0 // SkinMeta #1 is using a static color.
0 // To ensure correct edge colors those segments are placed in (a) subpart(s).
1 0 0 0 0 1 0 0 0 1 0 0 0 1 42052 - powerFuncMotorM-1_subPart1.ldr

0 FILE 42052 - powerFuncMotorM-1_subPart1.ldr
0 powerFuncMotorM-1_subPart1
0 !LDCAD GENERATED [generator=LDCad 1.5] [master=42052 - powerFuncMotorM-1.ldr]
0 //This is additional fallback LDraw content for the "powerFuncMotorM-1.ldr" PATH configuration.
0 // Do not edit, any changes will be lost upon regeneration.
0 // The path is approx 111.97 mm (279.93) and exists out of 140 segments.
0 Name: 42052 - powerFuncMotorM-1_subPart1.ldr
0 Author: Philippe Hurbain [Philo]
0 !LDRAW_ORG Unofficial_Model
0 !LICENSE Redistributable under CCAL version 2.0 : see CAreadme.txt
0 !THEME Technic

0 //Some general hints about the document.
0 UNOFFICIAL PART
0 BFC CERTIFY CCW

0 //Segments
1 16 -0.476097 -25.604578 119.456169 0.009309 0.562161 0.990031 -0.522517 3.379328 -0.115015 -0.852574 -2.064947 0.081301 u9190.dat
1 16 -1.372089 -27.572909 119.357004 0.074272 1.282675 0.944275 -0.219814 3.715461 -0.298146 -0.97271 -0.741683 0.139476 u9190.dat
1 16 -2.227722 -29.409903 119.216429 0.116291 1.535299 0.916054 -0.084866 3.691114 -0.375869 -0.989583 -0.136128 0.139884 u9190.dat
