0 FILE 42069 - main.ldr
0 main
0 Name: 42069 - main.ldr
0 Author: Philippe Hurbain [Philo]
0 !LICENSE Redistributable under CCAL version 2.0 : see CAreadme.txt

1 0 0 -240 0 1 0 0 0 -1 0 0 0 -1 87408.dat
1 1 0 -240 20 0 0 1 1 0 0 0 1 0 43093.dat
1 72 0 -250 0 1 0 0 0 0 -1 0 1 0 42003.dat
0 STEP
1 72 0 -238 0 0 0 1 1 0 0 0 1 0 87083.dat
1 0 0 -210 0 1 0 0 0 0 -1 0 1 0 32270.dat
1 71 0 -290 0 0 -1 0 0.196 0 -0.981 0.981 0 0.196 62520.dat
1 71 0 -290 0 1 0 0 0 0 1 0 -1 0 62520.dat
1 71 0 -290 0 0 -1 0 0.196 0 -0.981 0.981 0 0.196 62519.dat
1 72 0 -190 -38 0 -1 0 0 0 -1 1 0 0 55013.dat
1 14 0 -190 35 0 -1 0 -1 0 0 0 0 -1 32123b.dat
1 19 0 -190 -17 0 -1 0 1 0 0 0 0 1 6589.dat
0 STEP
1 71 0 -170 -40 0 0 -1 0 1 0 1 0 0 48989.dat
1 0 -20 -170 -40 0 -1 0 0 0 -1 1 0 0 32526.dat
0 STEP
1 71 0 -230 -40 -1 0 0 0 0 -1 0 -1 0 87082.dat
1 72 0 -230 -70 0 0 1 0 -1 0 1 0 0 87083.dat
1 71 0 -230 -60 0 -1 0 -1 0 0 0 0 -1 94925.dat
1 0 20 -170 -40 0 -1 0 0 0 -1 1 0 0 32526.dat
1 1 20 -170 -40 -1 0 0 0 1 0 0 0 -1 6558.dat
0 STEP
1 14 0 -250 -20 -1 0 0 0 1 0 0 0 -1 32073.dat
1 4 0 -190 -58 -0.985 -0.174 0 -0.174 0.985 0 0 0 -1 18946.dat
0 STEP
1 0 20 -170 -80 0 1 0 0 0 -1 -1 0 0 32526.dat
1 0 -20 -170 -80 0 1 0 0 0 -1 -1 0 0 32526.dat
1 71 0 -230 -80 1 0 0 0 0 -1 0 1 0 87082.dat
1 71 0 -170 -80 0 0 1 0 1 0 -1 0 0 48989.dat
1 0 30 -170 -80 1 0 0 0 1 0 0 0 1 2780.dat
0 STEP
1 71 0 -230 -110 1 0 0 0 1 0 0 0 1 59443.dat
1 14 0 -190 -95 1 0 0 0 1 0 0 0 1 32123b.dat
1 4 0 -150 -60 0 0 -1 0 -1 0 -1 0 0 3706.dat
1 71 0 -150 -60 0 -1 0 -1 0 0 0 0 -1 94925.dat
1 14 0 -150 -25 1 0 0 0 1 0 0 0 1 32123b.dat
1 71 0 -150 10 0 -1 0 -1 0 0 0 0 -1 62520.dat
1 71 0 -150 10 1 0 0 0 0.994 0.107 0 -0.107 0.994 62520.dat
1 71 0 -150 10 0 -1 0 -1 0 0 0 0 -1 62519.dat
1 14 0 -150 -95 1 0 0 0 1 0 0 0 1 32123b.dat
1 71 0 -150 -130 -1 0 0 0 0.993 0.117 0 0.117 -0.993 62520.dat
1 71 0 -150 -130 0 1 0 -1 0 0 0 0 1 62520.dat
1 71 0 -150 -130 -1 0 0 0 1 0 0 0 -1 62519.dat
0 STEP
1 1 40 -250 0 1 0 0 0 -1 0 0 0 -1 6558.dat
1 1 40 -250 -40 1 0 0 0 -1 0 0 0 -1 6558.dat
1 1 40 -250 -80 1 0 0 0 -1 0 0 0 -1 6558.dat
1 1 40 -250 -120 1 0 0 0 -1 0 0 0 -1 6558.dat
1 72 40 -170 -60 0 -1 0 -1 0 0 0 0 -1 32316.dat
1 0 50 -170 -100 1 0 0 0 1 0 0 0 1 2780.dat
0 STEP
1 0 -30 -170 -40 1 0 0 0 1 0 0 0 1 2780.dat
1 1 -20 -170 -80 1 0 0 0 -1 0 0 0 -1 6558.dat
1 72 -40 -170 -60 0 -1 0 -1 0 0 0 0 -1 32316.dat
0 STEP
1 72 0 -170 100 -1 0 0 0 1 0 0 0 -1 42069 - chassis1.ldr
0 STEP
1 71 -40 -170 -120 -1 0 0 0 0.988 -0.153 0 -0.153 -0.988 32054.dat
1 71 0 -170 -120 -1 0 0 0 0.988 -0.153 0 -0.153 -0.988 4519.dat
1 71 40 -170 -120 1 0 0 0 0.988 0.153 0 -0.153 0.988 32054.dat
1 71 0 -170 -120 0 0 -1 -0.988 0.153 0 0.153 0.988 0 3713.dat
1 0 -40 -150.237 -123.07 0 1 0 -0.153 0 -0.988 -0.988 0 0.153 32523.dat
1 0 40 -150.237 -123.07 0 1 0 -0.153 0 -0.988 -0.988 0 0.153 32523.dat
1 0 50 -130.474 -126.139 -1 0 0 0 0.988 -0.153 0 -0.153 -0.988 6628.dat
1 0 -50 -130.474 -126.139 1 0 0 0 -0.988 -0.153 0 0.153 -0.988 6628.dat
0 STEP
1 0 -40 -170 -140 1 0 0 0 -1 0 0 0 -1 18651.dat
1 1 -50 -170 -180 1 0 0 0 -1 0 0 0 -1 43093.dat
1 14 -40 -170 -160 1 0 0 0 0 1 0 -1 0 32184.dat
1 15 0 -170 -140 0 0 1 -1 0 0 0 -1 0 18948.dat
1 0 40 -170 -140 -1 0 0 0 0 -1 0 -1 0 18651.dat
1 14 40 -170 -160 1 0 0 0 0 1 0 -1 0 32184.dat
1 1 50 -170 -180 -1 0 0 0 -1 0 0 0 1 43093.dat
0 STEP
1 71 0 -190 -130 -1 0 0 0 -1 0 0 0 1 62520.dat
1 71 0 -190 -130 0 1 0 0.988 0 0.152 0.152 0 -0.988 62520.dat
1 71 0 -190 -130 -1 0 0 0 -0.988 -0.152 0 -0.152 0.988 62519.dat
1 4 0 -179.332 -199.182 0 1 0 0.152 0 -0.988 -0.988 0 -0.152 3706.dat
1 71 60 -170 -60 0 1 0 1 0 0 0 0 -1 32278.dat
1 71 60 -170 60 -1 0 0 0 -1 0 0 0 1 32054.dat
1 1 60 -170 0 -1 0 0 0 -1 0 0 0 1 6558.dat
1 0 70 -170 40 -1 0 0 0 -1 0 0 0 1 2780.dat
0 STEP
1 72 60 -170 -20 1 0 0 0 -1 0 0 0 -1 11214.dat
1 0 100 -170 -20 0 0 1 1 0 0 0 1 0 32034.dat
1 72 140 -170 -20 -1 0 0 0 0 -1 0 -1 0 11214.dat
0 STEP
1 1 -40 -250 0 -1 0 0 0 -1 0 0 0 1 6558.dat
1 1 -40 -250 -40 -1 0 0 0 -1 0 0 0 1 6558.dat
1 1 -40 -250 -80 -1 0 0 0 -1 0 0 0 1 6558.dat
1 1 -40 -250 -120 -1 0 0 0 -1 0 0 0 1 6558.dat
0 STEP
1 71 -40 -250 100 0 1 0 1 0 0 0 0 -1 32278.dat
1 0 -50 -250 240 1 0 0 0 -1 0 0 0 -1 2780.dat
1 0 -50 -250 200 1 0 0 0 -1 0 0 0 -1 2780.dat
1 0 -30 -250 220 1 0 0 0 -1 0 0 0 -1 2780.dat
1 1 -40 -250 180 -1 0 0 0 1 0 0 0 -1 6558.dat
1 72 -20 -250 160 0 -1 0 1 0 0 0 0 1 32140.dat
1 19 0 -230 220 1 0 0 0 0.968 0.25 0 -0.25 0.968 32556.dat
1 71 0 -230 221 -1 0 0 0 0.968 -0.25 0 -0.25 -0.968 15459.dat
1 71 0 -250 160 -1 0 0 0 1 0 0 0 -1 4519.dat
1 71 0 -250 160 0 0 -1 -1 0 0 0 1 0 3713.dat
1 72 20 -250 160 0 -1 0 1 0 0 0 0 1 32140.dat
1 1 40 -250 180 1 0 0 0 -1 0 0 0 -1 6558.dat
1 0 30 -250 220 1 0 0 0 -1 0 0 0 -1 2780.dat
0 STEP
1 72 -60 -230 180 0 1 0 0 0 1 1 0 0 40490.dat
1 0 -70 -310 180 1 0 0 0 -1 0 0 0 -1 2780.dat
1 0 -70 -290 180 1 0 0 0 -1 0 0 0 -1 2780.dat
1 1 -80 -190 180 -1 0 0 0 -1 0 0 0 1 6558.dat
1 71 -40 -250 -160 0 -1 0 1 0 0 0 0 1 32525.dat
1 1 -30 -250 -60 1 0 0 0 1 0 0 0 1 4274.dat
0 STEP
1 72 -60 -250 -40 0 1 0 -1 0 0 0 0 1 40490.dat
1 1 -60 -250 40 1 0 0 0 -1 0 0 0 -1 6558.dat
1 0 -70 -250 20 1 0 0 0 -1 0 0 0 -1 2780.dat
0 STEP
1 71 -80 -210 20 0 1 0 0 0 1 1 0 0 14720.dat
1 0 -90 -250 0 1 0 0 0 -1 0 0 0 -1 2780.dat
0 STEP
1 71 40 -250 100 0 1 0 1 0 0 0 0 -1 32278.dat
1 0 50 -250 240 1 0 0 0 -1 0 0 0 -1 2780.dat
1 0 50 -250 200 1 0 0 0 -1 0 0 0 -1 2780.dat
1 72 60 -230 180 0 -1 0 0 0 1 -1 0 0 40490.dat
1 1 80 -190 180 1 0 0 0 -1 0 0 0 -1 6558.dat
1 0 70 -290 180 -1 0 0 0 -1 0 0 0 1 2780.dat
1 0 70 -310 180 -1 0 0 0 -1 0 0 0 1 2780.dat
0 STEP
1 0 -50 -250 -200 1 0 0 0 -1 0 0 0 -1 2780.dat
1 1 -60 -250 -240 -1 0 0 0 1 0 0 0 -1 6558.dat
1 71 -60 -250 -340 0 1 0 1 0 0 0 0 -1 32278.dat
1 0 -70 -250 -280 1 0 0 0 -1 0 0 0 -1 2780.dat
1 0 -50 -250 -440 1 0 0 0 -1 0 0 0 -1 2780.dat
1 1 -60 -250 -400 -1 0 0 0 1 0 0 0 -1 6558.dat
1 0 -70 -250 -380 1 0 0 0 -1 0 0 0 -1 2780.dat
1 72 -40 -250 -380 0 1 0 1 0 0 0 0 -1 32140.dat
0 STEP
1 0 0 -310 -280 1 0 0 0 1 0 0 0 1 42069 - engine.ldr
0 STEP
1 72 -80 -250 -260 0 -1 0 -1 0 0 0 0 -1 74695.dat
1 72 -80 -310 -380 0 -1 0 0 0 1 -1 0 0 32140.dat
1 72 -100 -310 -380 1 0 0 0 1 0 0 0 1 11214.dat
1 1 -70 -270 -380 1 0 0 0 1 0 0 0 1 4274.dat
0 STEP
1 71 -80 -170 -240 -1 0 0 0 0 -1 0 -1 0 42069 - chassis2l.ldr
1 72 -140 -170 -100 0 1 0 -1 0 0 0 0 1 40490.dat
1 0 -150 -170 -140 1 0 0 0 -1 0 0 0 -1 2780.dat
0 STEP
1 1 30 -250 -60 -1 0 0 0 -1 0 0 0 1 4274.dat
1 71 40 -250 -160 0 1 0 -1 0 0 0 0 1 32525.dat
1 0 50 -250 -200 -1 0 0 0 1 0 0 0 -1 2780.dat
1 1 60 -250 -240 1 0 0 0 -1 0 0 0 -1 6558.dat
0 STEP
1 72 60 -250 -40 0 1 0 -1 0 0 0 0 1 40490.dat
1 0 70 -250 20 -1 0 0 0 1 0 0 0 -1 2780.dat
1 1 60 -250 40 -1 0 0 0 -1 0 0 0 1 6558.dat
1 71 80 -210 20 0 1 0 0 0 -1 -1 0 0 14720.dat
1 0 90 -250 0 -1 0 0 0 1 0 0 0 -1 2780.dat
0 STEP
1 0 80 -210 30 0 0 -1 0 -1 0 -1 0 0 2780.dat
1 0 -80 -210 30 0 0 -1 0 -1 0 -1 0 0 2780.dat
1 71 0 -210 40 0 0 1 1 0 0 0 1 0 32278.dat
0 STEP
1 71 0 -230 -200 -1 0 0 0 1 0 0 0 -1 42069 - chassis3.ldr
1 19 100 -230 -210 0 0 1 0 1 0 -1 0 0 3749.dat
1 72 100 -230 -220 -1 0 0 0 0 -1 0 -1 0 32140.dat
0 STEP
1 72 0 -230 -190 0 0 1 0 1 0 -1 0 0 55013.dat
1 19 0 -230 -240 1 0 0 0 1 0 0 0 1 18575.dat
1 4 -40 -230 -440 -1 0 0 0 1 0 0 0 -1 32054.dat
1 71 0 -230 -440 -1 0 0 0 1 0 0 0 -1 4519.dat
1 4 40 -230 -440 1 0 0 0 1 0 0 0 1 32054.dat
1 71 0 -229.75 -439.032 -1 0 0 0 0.968 -0.25 0 -0.25 -0.968 15459.dat
0 STEP
1 71 60 -250 -340 0 1 0 1 0 0 0 0 -1 32278.dat
1 0 50 -250 -440 -1 0 0 0 1 0 0 0 -1 2780.dat
1 1 60 -250 -400 1 0 0 0 -1 0 0 0 -1 6558.dat
1 72 40 -250 -380 0 1 0 1 0 0 0 0 -1 32140.dat
1 0 70 -250 -380 -1 0 0 0 1 0 0 0 -1 2780.dat
1 0 70 -250 -280 -1 0 0 0 1 0 0 0 -1 2780.dat
0 STEP
1 72 80 -250 -260 0 -1 0 -1 0 0 0 0 -1 74695.dat
1 72 80 -310 -380 0 -1 0 0 0 1 -1 0 0 32140.dat
1 72 100 -310 -380 -1 0 0 0 1 0 0 0 -1 11214.dat
1 1 70 -270 -380 -1 0 0 0 1 0 0 0 -1 4274.dat
0 STEP
1 0 80 -170 -240 -1 0 0 0 0 -1 0 -1 0 42069 - chassis2r.ldr
1 72 140 -170 -100 0 1 0 -1 0 0 0 0 1 40490.dat
1 0 150 -170 -140 1 0 0 0 -1 0 0 0 -1 2780.dat
0 STEP
1 71 -60 -210 -490 -1 0 0 0 1 0 0 0 -1 42069 - winch.ldr
0 STEP
1 4 40 -210 -570 1 0 0 0 1 0 0 0 1 42069 - winchratchet.ldr
1 71 60 -210 -540 0 0 1 0 -1 0 1 0 0 3713.dat
0 STEP
1 0 -100 -310 -360 0 0 1 0 1 0 -1 0 0 42069 - chassis4l.ldr
1 0 -60 -210 -330 0 0 1 0 1 0 -1 0 0 3708.dat
0 STEP
1 0 -90 -210 -240 1 0 0 0 -1 0 0 0 -1 2780.dat
1 72 -100 -210 -280 0 -1 0 -1 0 0 0 0 -1 32316.dat
1 0 -90 -210 -280 1 0 0 0 -1 0 0 0 -1 2780.dat
1 0 -90 -210 -320 1 0 0 0 -1 0 0 0 -1 2780.dat
1 71 -80 -210 -380 0 -1 0 -1 0 0 0 0 -1 32525.dat
1 0 -90 -210 -480 1 0 0 0 -1 0 0 0 -1 2780.dat
0 STEP
1 0 60 -150 -520 -1 0 0 0 1 0 0 0 -1 42069 - chassis5.ldr
0 STEP
1 0 100 -310 -360 0 0 1 0 1 0 -1 0 0 42069 - chassis4r.ldr
0 STEP
1 72 100 -210 -280 0 1 0 1 0 0 0 0 -1 32316.dat
1 0 90 -210 -280 -1 0 0 0 1 0 0 0 -1 2780.dat
1 71 80 -210 -380 0 1 0 1 0 0 0 0 -1 32525.dat
1 0 90 -210 -320 -1 0 0 0 1 0 0 0 -1 2780.dat
1 0 90 -210 -480 -1 0 0 0 1 0 0 0 -1 2780.dat
1 72 100 -230 -480 0 -1 0 0 0 1 -1 0 0 40490.dat
0 STEP
1 0 0 -290 -520 1 0 0 0 1 0 0 0 1 42069 - calender.ldr
0 STEP
1 0 -60 -354.539 -285.99 0 -1 0 0.993 0 -0.122 0.122 0 0.993 32140.dat
1 0 -70 -356.976 -266.139 1 0 0 0 -0.993 0.122 0 -0.122 -0.993 2780.dat
1 1 -70 -354.539 -285.99 1 0 0 0 -0.993 0.122 0 -0.122 -0.993 43093.dat
1 0 60 -354.539 -285.99 0 -1 0 0.993 0 -0.122 0.122 0 0.993 32140.dat
1 0 70 -356.976 -266.139 1 0 0 0 -0.993 0.122 0 -0.122 -0.993 2780.dat
1 1 70 -354.539 -285.99 -1 0 0 0 -0.993 -0.122 0 -0.122 0.993 43093.dat
0 STEP
1 0 -60 -270 -240 -1 0 0 0 0 1 0 1 0 15100.dat
1 70 -60 -270 -220 0 -1 0 0 0 1 -1 0 0 24316.dat
1 71 -60 -270 -220 0 0 1 1 0 0 0 1 0 42069 - 33299a.dat
1 71 -60 -270 -190 0 -1 0 1 0 0 0 0 1 59443.dat
1 0 60 -270 -240 1 0 0 0 0 -1 0 1 0 15100.dat
1 70 60 -270 -220 0 1 0 0 0 -1 -1 0 0 24316.dat
1 71 60 -270 -220 0 0 -1 -1 0 0 0 1 0 42069 - 33299a.dat
1 71 60 -270 -190 0 1 0 -1 0 0 0 0 1 59443.dat
0 STEP
1 19 80 -290 -210 0 -1 0 0 0 -1 1 0 0 3749.dat
1 19 -80 -290 -210 0 -1 0 0 0 -1 1 0 0 3749.dat
1 72 80 -290 -200 0 0 -1 1 0 0 0 -1 0 32140.dat
1 72 -80 -290 -200 0 0 1 1 0 0 0 1 0 32140.dat
1 0 20 -290 -190 0 1 0 0 0 -1 -1 0 0 6628.dat
1 0 -20 -290 -190 0 1 0 0 0 -1 -1 0 0 6628.dat
0 STEP
1 71 20 -250 -140 1 0 0 0 0 -1 0 1 0 87082.dat
1 72 0 -250 -140 1 0 0 0 -0.454 0.891 0 -0.891 -0.454 32013.dat
1 4 0 -276.73 -126.38 0 0 1 0.891 0.454 0 -0.454 0.891 0 32062.dat
1 71 0 -294.55 -117.3 -1 0 0 0 -0.454 -0.891 0 -0.891 0.454 59443.dat
1 71 0 -312.37 -108.221 0 -1 0 0.891 0 0.454 -0.454 0 0.891 2736.dat
0 STEP
1 72 0 -354 -208 1 0 0 0 0.6 0.8 0 -0.8 0.6 42069 - dashboard.ldr
0 STEP
1 19 100 -290 -210 0 -0.923 -0.385 0 0.385 -0.923 1 0 0 3749.dat
1 72 118.462 -297.692 -200 0 0.923 -0.385 0 -0.385 -0.923 -1 0 0 42003.dat
1 0 144.615 -286.923 -200 0.385 0.923 0 0.923 -0.385 0 0 0 -1 18651.dat
1 0 152.308 -268.462 -200 0 0.923 -0.385 0 -0.385 -0.923 -1 0 0 32126.dat
1 19 -100 -290 -210 0 0.923 -0.385 0 0.385 0.923 1 0 0 3749.dat
1 72 -118.462 -297.692 -200 0 -0.923 0.385 0 -0.385 -0.923 1 0 0 42003.dat
1 0 -144.615 -286.923 -200 -0.385 -0.923 0 0.923 -0.385 0 0 0 1 18651.dat
1 0 -152.308 -268.462 -200 0 0.923 0.385 0 0.385 -0.923 -1 0 0 32126.dat
0 STEP
1 14 -60 -270 -100 0 1 0 0 0 1 1 0 0 60485.dat
1 14 60 -270 -100 0 1 0 0 0 1 1 0 0 60485.dat
1 71 60 -270 -10 0 1 0 -1 0 0 0 0 1 59443.dat
1 71 -60 -270 -10 0 1 0 -1 0 0 0 0 1 59443.dat
1 71 -60 -270 20 0 1 0 0 0 1 1 0 0 4519.dat
1 71 60 -270 20 0 1 0 0 0 1 1 0 0 4519.dat
0 STEP
1 71 -100 -270 0 0 0 -1 0 1 0 1 0 0 6536.dat
1 71 100 -270 0 0 0 -1 0 1 0 1 0 0 6536.dat
1 71 -100 -270 20 0 0 -1 0 1 0 1 0 0 4519.dat
1 71 100 -270 20 0 0 -1 0 1 0 1 0 0 4519.dat
1 71 0 -270 20 0 0 -1 1 0 0 0 -1 0 32278.dat
1 0 120 -270 30 0 0 -1 0 -1 0 -1 0 0 2780.dat
1 0 140 -270 30 0 0 -1 0 -1 0 -1 0 0 2780.dat
1 0 -140 -270 30 0 0 -1 0 -1 0 -1 0 0 2780.dat
1 0 -120 -270 30 0 0 -1 0 -1 0 -1 0 0 2780.dat
1 72 140 -270 40 0 -1 0 1 0 0 0 0 1 42003.dat
1 72 -140 -270 40 0 1 0 1 0 0 0 0 -1 42003.dat
1 72 -160 -250 40 0 0 -1 0 1 0 1 0 0 10197.dat
1 72 160 -250 40 0 0 1 0 1 0 -1 0 0 10197.dat
0 STEP
1 72 -60 -270 40 0 0 1 -1 0 0 0 -1 0 74695.dat
1 72 60 -270 40 0 0 -1 -1 0 0 0 1 0 74695.dat
1 71 -40 -270 50 0 -1 0 0 0 -1 1 0 0 3673.dat
1 71 40 -270 50 0 -1 0 0 0 -1 1 0 0 3673.dat
1 72 -100 -290 40 0 0 -1 0 -1 0 -1 0 0 42003.dat
1 72 100 -290 40 0 0 -1 0 -1 0 -1 0 0 42003.dat
1 71 -40 -380 60 1 0 0 0 1 0 0 0 1 41838.dat
1 71 40 -380 60 1 0 0 0 1 0 0 0 1 41838.dat
0 STEP
1 71 -100 -280 80 1 0 0 0 1 0 0 0 1 42069 - chassis6.ldr
0 STEP
1 71 -60 -210 -200 0 -0.981 -0.196 1 0 0 0 -0.196 0.981 62520.dat
1 71 -60 -210 -200 1 0 0 0 -1 0 0 0 -1 62520.dat
1 71 -60 -210 -200 0 -1 0 1 0 0 0 0 1 62519.dat
1 71 -100 -210 0 0 0.981 0.196 1 0 0 0 0.196 -0.981 62520.dat
1 71 -100 -210 0 -1 0 0 0 -1 0 0 0 1 62520.dat
1 71 -100 -210 0 0 1 0 1 0 0 0 0 -1 62519.dat
1 14 -79.612 -210 -101.942 -0.196 0 0.981 0 -1 0 0.981 0 0.196 60485.dat
0 STEP
1 72 -40 -350 80 0 1 0 0 0 1 1 0 0 40490.dat
1 72 -40 -410 80 1 0 0 0 0 1 0 -1 0 11214.dat
1 0 -25 -380 80 0 1 0 0 0 1 1 0 0 32449.dat
1 14 0 -350 80 -1 0 0 0 0 1 0 1 0 32073.dat
1 14 0 -390 80 -1 0 0 0 0 1 0 1 0 32073.dat
1 14 -10 -370 80 -1 0 0 0 -1 0 0 0 1 32184.dat
1 14 10 -370 80 -1 0 0 0 -1 0 0 0 1 32184.dat
1 0 25 -380 80 0 1 0 0 0 1 1 0 0 32449.dat
1 72 40 -410 80 -1 0 0 0 0 1 0 1 0 11214.dat
1 19 -10 -370 80 0 -1 0 0 0 1 -1 0 0 32556.dat
1 19 10 -370 80 0 -1 0 0 0 1 -1 0 0 32556.dat
0 STEP
1 71 40 -290 80 1 0 0 0 0 1 0 -1 0 23948.dat
1 71 0 -290 80 1 0 0 0 0.625 -0.781 0 0.781 0.625 92693c01.dat
1 25 0 -313.426 98.741 1 0 0 0 0.625 -0.781 0 0.781 0.625 92695.dat
1 72 0 -390 160 1 0 0 0 0.625 -0.781 0 0.781 0.625 92696.dat
1 19 0 -311.083 96.867 -1 0 0 0 0.625 0.781 0 0.781 -0.625 6589.dat
1 19 -22 -290 80 0 0 -1 0 1 0 1 0 0 42069 - 32198.dat
0 STEP
1 19 60 -330 80 1 0 0 0 1 0 0 0 1 42069 - chassis7.ldr
0 STEP
1 72 60 -250 120 1 0 0 0 1 0 0 0 1 11214.dat
1 1 130 -250 120 -1 0 0 0 1 0 0 0 -1 43093.dat
1 0 100 -290 80 0 0 1 0 1 0 -1 0 0 32270.dat
1 0 120 -310 80 0 -1 0 0 0 1 -1 0 0 32523.dat
1 0 130 -310 80 1 0 0 0 -1 0 0 0 -1 2780.dat
1 71 140 -290 80 0 0 -1 0 -1 0 -1 0 0 3713.dat
1 71 140 -330 80 0 0 -1 0 -1 0 -1 0 0 3713.dat
1 0 100 -250 120 0 0 1 -1 0 0 0 -1 0 32034.dat
0 STEP
1 71 0 -430 80 1 0 0 0 -1 0 0 0 -1 44294.dat
1 71 0 -430 40 1 0 0 0 1 0 0 0 1 42069 - hog.ldr
1 72 -60 -430 80 0 1 0 0 0 1 1 0 0 74695.dat
1 72 60 -430 80 0 1 0 0 0 1 1 0 0 74695.dat
0 STEP
1 1 120 -290 40 1 0 0 0 -1 0 0 0 -1 6558.dat
1 1 120 -310 40 1 0 0 0 -1 0 0 0 -1 6558.dat
1 71 120 -350 40 0 1 0 0 0 1 1 0 0 32524.dat
1 0 130 -410 40 1 0 0 0 -1 0 0 0 -1 2780.dat
1 0 130 -370 40 1 0 0 0 -1 0 0 0 -1 2780.dat
1 71 140 -310 80 0 1 0 1 0 0 0 0 -1 60484.dat
0 STEP
1 1 -120 -290 40 -1 0 0 0 -1 0 0 0 1 6558.dat
1 1 -120 -310 40 -1 0 0 0 -1 0 0 0 1 6558.dat
1 71 -120 -350 40 0 -1 0 0 0 1 -1 0 0 32524.dat
1 0 -130 -410 40 1 0 0 0 -1 0 0 0 -1 2780.dat
1 0 -130 -370 40 1 0 0 0 -1 0 0 0 -1 2780.dat
1 71 -140 -310 80 0 -1 0 -1 0 0 0 0 -1 60484.dat
1 19 -130 -310 80 1 0 0 0 -1 0 0 0 -1 32002.dat
0 STEP
1 0 0 -450 -40 1 0 0 0 1 0 0 0 1 64782.dat
1 19 110 -450 -80 1 0 0 0 1 0 0 0 1 32002.dat
1 19 -110 -450 -80 -1 0 0 0 1 0 0 0 -1 32002.dat
1 0 -80 -430 0 0 1 0 -1 0 0 0 0 1 15100.dat
1 0 80 -430 0 0 1 0 -1 0 0 0 0 1 15100.dat
1 0 70 -430 0 1 0 0 0 -0.8 -0.6 0 0.6 -0.8 2780.dat
1 0 -70 -430 0 1 0 0 0 -1 0 0 0 -1 2780.dat
1 0 65 -400 40 0 1 0 0.8 0 -0.6 -0.6 0 -0.8 32063.dat
1 71 60 -370 80 -1 0 0 0 0 1 0 1 0 32054.dat
1 0 55 -400 40 0 1 0 0.8 0 -0.6 -0.6 0 -0.8 32063.dat
1 0 -65 -400 40 0 -1 0 -0.8 0 -0.6 0.6 0 -0.8 32063.dat
1 0 -55 -400 40 0 -1 0 -0.8 0 -0.6 0.6 0 -0.8 32063.dat
1 71 -60 -370 80 1 0 0 0 0 -1 0 1 0 32054.dat
0 STEP
1 1 40 -450 20 0 1 0 0 0 1 1 0 0 6558.dat
1 1 60 -450 20 0 1 0 0 0 1 1 0 0 6558.dat
1 0 60 -450 20 0 0 1 -1 0 0 0 -1 0 32523.dat
1 0 60 -450 40 0 0 1 -1 0 0 0 -1 0 32523.dat
0 STEP
1 1 -40 -450 20 0 -1 0 0 0 -1 1 0 0 6558.dat
1 1 -60 -450 20 0 -1 0 0 0 -1 1 0 0 6558.dat
1 0 -60 -450 20 0 0 -1 1 0 0 0 -1 0 32523.dat
1 0 -60 -450 40 0 0 -1 1 0 0 0 -1 0 32523.dat
1 0 0 -490 20 0 -1 0 0 0 -1 1 0 0 18575.dat
1 71 0 -505 20 0 -1 0 0 0 -1 1 0 0 32123b.dat
0 STEP
1 0 120 -450 60 1 0 0 0 1 0 0 0 1 42069 - roofside.ldr
1 0 -120 -450 60 -1 0 0 0 -1 0 0 0 1 42069 - roofside.ldr
0 STEP
1 70 120 -450 20 1 0 0 0 1 0 0 0 1 24316.dat
1 70 -120 -450 20 -1 0 0 0 -1 0 0 0 1 24316.dat
1 70 0 -450 80 1 0 0 0 1 0 0 0 1 42069 - roof1.ldr
0 STEP
1 19 0 -430 140 1 0 0 0 1 0 0 0 1 32556.dat
1 72 -20 -450 140 0 1 0 0 0 1 1 0 0 32140.dat
1 71 0 -450 140 -1 0 0 0 0 1 0 1 0 4519.dat
1 19 0 -390 160 1 0 0 0 1 0 0 0 1 32556.dat
1 72 20 -450 140 0 1 0 0 0 1 1 0 0 32140.dat
0 STEP
1 0 140 -370 40 0 -1 0 0 0 -1 1 0 0 32526.dat
1 0 -140 -370 40 0 -1 0 0 0 -1 1 0 0 32526.dat
1 0 140 -350 120 0 -1 0 0 0 -1 1 0 0 32525.dat
1 0 -140 -350 120 0 -1 0 0 0 -1 1 0 0 32525.dat
0 STEP
1 0 120 -400 120 -1 0 0 0 1 0 0 0 -1 32138.dat
1 72 100 -410 120 0 0 1 0 1 0 -1 0 0 42003.dat
1 71 100 -430 140 0 0 1 0 1 0 -1 0 0 4519.dat
1 0 120 -430 140 0 0 1 1 0 0 0 1 0 32523.dat
1 0 100 -430 160 1 0 0 0 1 0 0 0 1 45590.dat
1 1 120 -430 150 0 0 -1 0 1 0 1 0 0 43093.dat
1 0 140 -430 150 0 0 -1 0 -1 0 -1 0 0 2780.dat
1 0 -120 -400 120 -1 0 0 0 1 0 0 0 -1 32138.dat
1 72 -100 -410 120 0 0 -1 0 1 0 1 0 0 42003.dat
1 71 -100 -430 140 0 0 -1 0 1 0 1 0 0 4519.dat
1 0 -120 -430 140 0 0 -1 -1 0 0 0 1 0 32523.dat
1 0 -120 -430 160 1 0 0 0 1 0 0 0 1 45590.dat
1 1 -120 -430 150 0 0 -1 0 1 0 1 0 0 43093.dat
1 0 -140 -430 150 0 0 1 0 -1 0 1 0 0 2780.dat
0 STEP
1 71 -60 -250 300 0 -1 0 1 0 0 0 0 1 32525.dat
1 0 -70 -250 260 1 0 0 0 -1 0 0 0 -1 2780.dat
1 1 -60 -250 280 -1 0 0 0 -1 0 0 0 1 6558.dat
1 1 -60 -250 320 -1 0 0 0 -1 0 0 0 1 6558.dat
1 71 0 -250 320 -1 0 0 0 -1 0 0 0 1 64179.dat
1 71 0 -250 360 0 1 0 -1 0 0 0 0 1 48989.dat
1 19 -20 -260 360 0 1 0 -1 0 0 0 0 1 32002.dat
1 19 20 -260 360 0 1 0 -1 0 0 0 0 1 32002.dat
1 1 60 -250 280 1 0 0 0 -1 0 0 0 -1 6558.dat
1 1 60 -250 320 1 0 0 0 -1 0 0 0 -1 6558.dat
0 STEP
1 71 60 -250 300 0 -1 0 1 0 0 0 0 1 32525.dat
1 0 70 -250 260 1 0 0 0 -1 0 0 0 -1 2780.dat
1 0 85 -220 220 0 -1 0 0.8 0 -0.6 0.6 0 0.8 32063.dat
1 0 75 -220 220 0 -1 0 0.8 0 -0.6 0.6 0 0.8 32063.dat
1 0 -75 -220 220 0 -1 0 0.8 0 -0.6 0.6 0 0.8 32063.dat
1 0 -85 -220 220 0 -1 0 0.8 0 -0.6 0.6 0 0.8 32063.dat
0 STEP
1 0 80 -330 280 0 1 0 0 0 1 1 0 0 32526.dat
1 0 -80 -330 280 0 1 0 0 0 1 1 0 0 32526.dat
1 1 80 -330 280 -1 0 0 0 -1 0 0 0 1 6558.dat
1 1 -80 -330 280 1 0 0 0 -1 0 0 0 -1 6558.dat
1 71 100 -310 280 1 0 0 0 -1 0 0 0 -1 87082.dat
1 71 -100 -310 280 1 0 0 0 -1 0 0 0 -1 87082.dat
0 STEP
1 0 0 -270 300 1 0 0 0 1 0 0 0 1 42069 - trunk.ldr
0 STEP
1 19 0 -330 280 1 0 0 0 1 0 0 0 1 42069 - floorback.ldr
1 71 80 -290 180 0 -1 0 0 0 -1 1 0 0 60484.dat
1 71 -80 -290 180 0 -1 0 0 0 -1 1 0 0 60484.dat
0 STEP
1 72 80 -290 400 0 -1 0 0 0 -1 1 0 0 41239.dat
1 1 90 -230 400 1 0 0 0 0 -1 0 1 0 43093.dat
1 72 80 -250 400 1 0 0 0 0 -1 0 1 0 11214.dat
1 71 120 -250 400 1 0 0 0 0 -1 0 1 0 32054.dat
1 71 120 -230 400 1 0 0 0 0 -1 0 1 0 32054.dat
1 72 -80 -290 400 0 1 0 0 0 -1 -1 0 0 41239.dat
1 1 -90 -230 400 -1 0 0 0 0 -1 0 -1 0 43093.dat
1 72 -80 -250 400 -1 0 0 0 0 -1 0 -1 0 11214.dat
1 71 -120 -250 400 -1 0 0 0 0 -1 0 -1 0 32054.dat
1 71 -120 -230 400 -1 0 0 0 0 -1 0 -1 0 32054.dat
0 STEP
1 85 -120 -230 460 0 -1 0 -1 0 0 0 0 -1 32140.dat
1 0 -140 -230 420 1 0 0 0 0 -1 0 1 0 15100.dat
1 0 -110 -230 440 1 0 0 0 -1 0 0 0 -1 2780.dat
1 1 -110 -230 460 -1 0 0 0 0 -1 0 -1 0 43093.dat
1 72 0 -230 440 -1 0 0 0 1 0 0 0 -1 15458.dat
1 85 120 -230 460 0 -1 0 -1 0 0 0 0 -1 32140.dat
1 0 140 -230 420 -1 0 0 0 0 1 0 1 0 15100.dat
1 0 110 -230 440 1 0 0 0 -1 0 0 0 -1 2780.dat
1 1 110 -230 460 1 0 0 0 0 1 0 -1 0 43093.dat
1 0 140 -230 430 0 0 1 0 -1 0 1 0 0 2780.dat
1 0 -140 -230 430 0 0 1 0 -1 0 1 0 0 2780.dat
0 STEP
1 0 100 -270 400 1 0 0 0 -1 0 0 0 -1 18651.dat
1 0 90 -290 400 1 0 0 0 -1 0 0 0 -1 2780.dat
1 72 100 -270 400 0 1 0 0 0 -1 -1 0 0 74695.dat
1 4 115 -270 400 0 1 0 -1 0 0 0 0 1 41677.dat
1 4 125 -270 400 0 1 0 -1 0 0 0 0 1 41677.dat
1 0 -100 -270 400 -1 0 0 0 -1 0 0 0 1 18651.dat
1 0 -90 -290 400 1 0 0 0 -1 0 0 0 -1 2780.dat
1 72 -100 -270 400 0 -1 0 0 0 -1 1 0 0 74695.dat
1 4 -115 -270 400 0 -1 0 1 0 0 0 0 1 41677.dat
1 4 -125 -270 400 0 -1 0 1 0 0 0 0 1 41677.dat
0 STEP
1 70 0 -210 480 1 0 0 0 1 0 0 0 1 42069 - bumperrear.ldr
0 STEP
1 70 82 -170 400 1 0 0 0 1 0 0 0 1 24316.dat
1 71 100 -170 400 1 0 0 0 1 0 0 0 1 32291.dat
1 1 110 -150 420 0 0 1 0 -1 0 1 0 0 6558.dat
1 1 90 -150 420 0 0 1 0 -1 0 1 0 0 6558.dat
1 14 100 -150 420 0 0 1 1 0 0 0 1 0 43857.dat
1 80 110 -150 450 0 0 1 0 1 0 -1 0 0 62462.dat
1 80 90 -150 450 0 0 1 0 1 0 -1 0 0 62462.dat
1 70 -82 -170 400 -1 0 0 0 1 0 0 0 -1 24316.dat
1 71 -100 -170 400 1 0 0 0 1 0 0 0 1 32291.dat
1 1 -110 -150 420 0 0 1 0 -1 0 1 0 0 6558.dat
1 1 -90 -150 420 0 0 1 0 -1 0 1 0 0 6558.dat
1 14 -100 -150 420 0 0 -1 -1 0 0 0 1 0 43857.dat
1 80 -110 -150 450 0 0 -1 0 1 0 1 0 0 62462.dat
1 80 -90 -150 450 0 0 -1 0 1 0 1 0 0 62462.dat
0 STEP
1 72 -120 -330 260 0 0 -1 0 1 0 1 0 0 15458.dat
1 72 120 -330 260 0 0 -1 0 1 0 1 0 0 15458.dat
1 1 100 -340 180 0 -1 0 -1 0 0 0 0 -1 4274.dat
1 1 -100 -340 180 0 -1 0 -1 0 0 0 0 -1 4274.dat
1 0 100 -350 340 0 -1 0 -1 0 0 0 0 -1 18651.dat
1 0 -100 -350 340 0 -1 0 -1 0 0 0 0 -1 18651.dat
1 14 -100 -345 340 0 -1 0 0 0 1 -1 0 0 32123b.dat
1 14 100 -345 340 0 -1 0 0 0 1 -1 0 0 32123b.dat
1 71 100 -360 340 0 1 0 1 0 0 0 0 -1 6536.dat
1 71 -100 -360 340 0 -1 0 1 0 0 0 0 1 6536.dat
0 STEP
1 1 120 -360 330 0 -0.866 0.5 0 0.5 0.866 -1 0 0 4274.dat
1 4 120 -360 306 -0.866 0 0.5 0.5 0 0.866 0 1 0 6143.dat
1 15 120 -360 282 -0.866 0 0.5 0.5 0 0.866 0 1 0 6143.dat
1 4 120 -360 258 -0.866 0 0.5 0.5 0 0.866 0 1 0 30367c.dat
1 0 120 -360 234 0.5 0 0.866 0.866 0 -0.5 0 1 0 4599b.dat
1 0 130.392 -366 238 0.5 0.866 0 0.866 -0.5 0 0 0 -1 59900.dat
1 1 -120 -360 330 0 0.866 0.5 0 0.5 -0.866 -1 0 0 4274.dat
1 4 -120 -360 306 0.866 0 0.5 0.5 0 -0.866 0 1 0 6143.dat
1 15 -120 -360 282 0.866 0 0.5 0.5 0 -0.866 0 1 0 6143.dat
1 4 -120 -360 258 0.866 0 0.5 0.5 0 -0.866 0 1 0 30367c.dat
1 0 -120 -360 234 0.5 0 -0.866 -0.866 0 -0.5 0 1 0 4599b.dat
1 0 -130.392 -366 238 0.5 -0.866 0 -0.866 -0.5 0 0 0 -1 59900.dat
1 4 110 -388 190 0 0 -1 0 1 0 1 0 0 4345b.dat
1 15 110 -388 190 0 0 -1 0 1 0 1 0 0 4346.dat
1 71 120 -363.65 192 0.445 0.55 -0.707 -0.777 0.629 0 0.445 0.55 0.707 87989.dat
0 STEP
1 0 -80 -340 220 0 0 -1 -1 0 0 0 1 0 2780.dat
1 0 -80 -340 260 0 0 -1 -1 0 0 0 1 0 2780.dat
1 71 -80 -390 260 0 1 0 0 0 1 1 0 0 64782.dat
1 0 80 -340 220 0 0 1 1 0 0 0 1 0 2780.dat
1 0 80 -340 260 0 0 1 1 0 0 0 1 0 2780.dat
1 71 80 -390 260 0 -1 0 0 0 1 -1 0 0 64782.dat
0 STEP
1 71 140 -430 150 0 0.225 -0.974 0 0.974 0.225 1 0 0 42069 - rearsidedoor.ldr
1 71 -140 -430 370 0 -0.225 0.974 0 0.974 0.225 -1 0 0 42069 - rearsidedoor.ldr
0 STEP
1 71 100 -410 400 -1 0 0 0 1 0 0 0 -1 32054.dat
1 14 100 -410 400 0 0 1 0 1 0 -1 0 0 32184.dat
1 71 100 -390 410 0 0 1 0 1 0 -1 0 0 2736.dat
1 1 130 -410 400 -1 0 0 0 1 0 0 0 -1 43093.dat
1 71 100 -430 380 0 0 1 0 1 0 -1 0 0 4519.dat
1 0 100 -430 360 1 0 0 0 1 0 0 0 1 45590.dat
1 1 120 -430 370 0 0 1 0 1 0 -1 0 0 43093.dat
1 0 120 -430 380 0 0 1 -1 0 0 0 -1 0 32523.dat
1 0 140 -430 370 0 0 1 0 -1 0 1 0 0 2780.dat
0 STEP
1 71 -100 -410 400 1 0 0 0 1 0 0 0 1 32054.dat
1 14 -100 -410 400 0 0 -1 0 1 0 1 0 0 32184.dat
1 71 -100 -390 410 0 0 1 0 1 0 -1 0 0 2736.dat
1 1 -130 -410 400 1 0 0 0 1 0 0 0 1 43093.dat
1 71 -100 -430 380 0 0 -1 0 1 0 1 0 0 4519.dat
1 0 -100 -430 360 -1 0 0 0 1 0 0 0 -1 45590.dat
1 1 -120 -430 370 0 0 1 0 1 0 -1 0 0 43093.dat
1 0 -120 -430 380 0 0 -1 1 0 0 0 -1 0 32523.dat
1 0 -140 -430 370 0 0 -1 0 -1 0 -1 0 0 2780.dat
0 STEP
1 0 140 -330 400 0 -1 0 0 0 1 -1 0 0 41239.dat
1 0 150 -270 400 1 0 0 0 0 1 0 -1 0 2780.dat
1 72 160 -270 400 1 0 0 0 0 1 0 -1 0 32013.dat
1 0 -140 -330 400 0 1 0 0 0 1 1 0 0 41239.dat
1 0 -150 -270 400 -1 0 0 0 0 1 0 1 0 2780.dat
1 72 -160 -270 400 -1 0 0 0 0 1 0 1 0 32013.dat
0 STEP
1 0 140 -270 420 -1 0 0 0 0 1 0 1 0 18651.dat
1 0 140 -270 420 -1 0 0 0 0 1 0 1 0 6536.dat
1 71 160 -260 430 0 0 1 -1 0 0 0 -1 0 42069 - 28809.dat
1 0 -140 -270 420 1 0 0 0 0 -1 0 1 0 18651.dat
1 0 -140 -270 420 -1 0 0 0 0 1 0 1 0 6536.dat
1 71 -160 -260 430 0 0 1 -1 0 0 0 -1 0 42069 - 28809.dat
0 STEP
1 0 -130 -450 400 -1 0 0 0 -1 0 0 0 1 2780.dat
1 0 -125 -450 390 0 1 0 -1 0 0 0 0 1 32063.dat
1 19 -130 -450 340 1 0 0 0 0 1 0 -1 0 32002.dat
1 19 -130 -450 380 1 0 0 0 0 1 0 -1 0 32002.dat
1 1 -110 -450 420 1 0 0 0 0 1 0 -1 0 4274.dat
1 0 -115 -450 410 0 1 0 1 0 0 0 0 -1 32449.dat
1 71 -110 -450 420 0 1 0 1 0 0 0 0 -1 98138.dat
1 0 130 -450 400 1 0 0 0 1 0 0 0 1 2780.dat
1 0 125 -450 390 0 -1 0 1 0 0 0 0 1 32063.dat
1 19 130 -450 340 -1 0 0 0 0 -1 0 -1 0 32002.dat
1 19 130 -450 380 -1 0 0 0 0 -1 0 -1 0 32002.dat
1 1 110 -450 420 -1 0 0 0 0 -1 0 -1 0 4274.dat
1 0 115 -450 410 0 -1 0 -1 0 0 0 0 -1 32449.dat
1 71 110 -450 420 0 -1 0 -1 0 0 0 0 -1 98138.dat
0 STEP
1 0 -140 -450 260 0 1 0 1 0 0 0 0 -1 41239.dat
1 0 140 -450 260 0 1 0 1 0 0 0 0 -1 41239.dat
1 0 -157.996 -352.05 380 0 -0.225 0.974 0 0.974 0.225 -1 0 0 18651.dat
1 0 157.996 -352.05 380 0 -0.225 -0.974 0 -0.974 0.225 -1 0 0 18651.dat
0 STEP
1 1 -160 -250 120 0 -1 0 0 0 1 -1 0 0 42069 - rearunderbodyr.ldr
0 STEP
1 0 -160 -330 260 1 0 0 0 1 0 0 0 1 32278.dat
1 1 -160 -320 360 0 0 -1 1 0 0 0 -1 0 43093.dat
1 0 -160 -310 380 0 0 -1 1 0 0 0 -1 0 32184.dat
1 0 -170 -310 380 -1 0 0 0 0 1 0 1 0 2780.dat
1 70 -160 -310 400 0 0 1 -1 0 0 0 -1 0 24316.dat
0 STEP
1 0 -160 -330 80 0 0 -1 1 0 0 0 -1 0 32184.dat
1 0 -160 -330 100 0 0 -1 1 0 0 0 -1 0 18651.dat
0 STEP
1 0 -160 -350 120 1 0 0 0 -1 0 0 0 -1 32140.dat
1 70 -160 -310 60 0 -1 0 -1 0 0 0 0 -1 15462.dat
1 0 -180 -330 80 0 0 1 -1 0 0 0 -1 0 32270.dat
1 71 -195 -330 80 0 0 1 -1 0 0 0 -1 0 32123b.dat
0 STEP
1 72 -40 -290 -70 -1 0 0 0 1 0 0 0 -1 42069 - seatleft.ldr
0 STEP
1 72 -185 -210 40 1 0 0 0 -1 0 0 0 -1 42069 - footboardleft.ldr
0 STEP
1 19 -140 -210 40 0 1 0 0 0 1 1 0 0 32556.dat
1 85 -160 -250 -80 -1 0 0 0 -1 0 0 0 1 62531.dat
1 19 -160 -250 -190 0 0 -1 0 -1 0 -1 0 0 32002.dat
0 STEP
1 72 -120 -170 -200 1 0 0 0 0 1 0 -1 0 27940.dat
1 72 -140 -190 -200 -1 0 0 0 -1 0 0 0 1 42003.dat
1 1 -140 -230 -210 0 0 -1 0 -1 0 -1 0 0 43093.dat
1 0 -140 -190 -210 0 0 1 0 -1 0 1 0 0 2780.dat
1 0 -140 -210 -200 0 0 1 0 -1 0 1 0 0 18651.dat
1 0 -120 -170 -210 0 0 1 0 -1 0 1 0 0 2780.dat
1 72 -140 -230 -220 1 0 0 0 0 1 0 -1 0 32140.dat
0 STEP
1 71 -120 -390 -160 0 1 0 -0.6 0 0.8 0.8 0 0.6 4519.dat
1 0 -120 -390 -160 -1 0 0 0 0.6 -0.8 0 -0.8 -0.6 15100.dat
1 0 -120 -408 -136 -1 0 0 0 -0.8 -0.6 0 -0.6 0.8 59443.dat
1 71 -120 -426 -112 0 -1 0 0.6 0 0.8 -0.8 0 0.6 4519.dat
1 0 -120 -438 -96 -1 0 0 0 0.8 0.6 0 0.6 -0.8 32126.dat
1 0 -120 -426 -112 -1 0 0 0 0.6 -0.8 0 -0.8 -0.6 15100.dat
1 0 -140 -450 -80 0 1 0 0.8 0 0.6 0.6 0 -0.8 6629.dat
1 0 -140 -330 -160 1 0 0 0 -1 0 0 0 -1 18651.dat
1 14 -120 -310 -160 -1 0 0 0 1 0 0 0 -1 32184.dat
1 0 -140 -290 -160 1 0 0 0 -1 0 0 0 -1 18651.dat
1 71 -140 -290 -160 0 0 1 0 -1 0 1 0 0 3713.dat
1 0 -120 -310 -170 0 0 1 0 -1 0 1 0 0 6628.dat
1 72 -119.019 -309.804 -180 0.196 0 0.981 -0.981 0 0.196 0 -1 0 2739a.dat
0 STEP
1 0 -160 -270 -80 -1 0 0 0 1 0 0 0 -1 42069 - doorright.ldr
0 STEP
1 71 160 -250 120 0 -1 0 0 0 1 -1 0 0 42069 - rearunderbodyl.ldr
0 STEP
1 0 160 -330 260 1 0 0 0 1 0 0 0 1 32278.dat
1 1 160 -320 360 0 0 -1 1 0 0 0 -1 0 43093.dat
1 0 160 -310 380 0 0 -1 1 0 0 0 -1 0 32184.dat
1 0 170 -310 380 -1 0 0 0 0 1 0 1 0 2780.dat
1 70 160 -310 400 0 0 1 -1 0 0 0 -1 0 24316.dat
0 STEP
1 0 160 -330 100 0 0 -1 1 0 0 0 -1 0 18651.dat
1 0 160 -330 80 0 0 -1 1 0 0 0 -1 0 32184.dat
1 0 160 -350 120 -1 0 0 0 1 0 0 0 -1 32140.dat
1 70 160 -310 60 0 0 -1 -1 0 0 0 1 0 15462.dat
1 0 180 -330 80 0 0 1 0 1 0 -1 0 0 32270.dat
1 71 195 -330 80 0 0 1 0 1 0 -1 0 0 32123b.dat
0 STEP
1 72 40 -290 -70 -1 0 0 0 1 0 0 0 -1 42069 - seatright.ldr
0 STEP
1 72 185 -210 40 1 0 0 0 -1 0 0 0 -1 42069 - footboardright.ldr
0 STEP
1 19 140.008 -210.002 40 0 -1 0 0 0 -1 1 0 0 32556.dat
1 85 160.008 -250.002 -80 1 0 0 0 -1 0 0 0 -1 62531.dat
1 19 160.008 -250.002 -190 0 0 -1 0 -1 0 -1 0 0 32002.dat
0 STEP
1 72 120 -170 -200 1 0 0 0 0 1 0 -1 0 27940.dat
1 72 140 -190 -200 -1 0 0 0 -1 0 0 0 1 42003.dat
1 1 140 -230 -210 0 0 -1 0 -1 0 -1 0 0 43093.dat
1 0 140 -190 -210 0 0 -1 0 -1 0 -1 0 0 2780.dat
1 0 140 -210 -200 0 0 1 0 -1 0 1 0 0 18651.dat
1 0 120 -170 -210 0 0 -1 0 -1 0 -1 0 0 2780.dat
1 72 140 -230 -220 -1 0 0 0 0 1 0 1 0 32140.dat
0 STEP
1 0 120 -408 -136 -1 0 0 0 -0.8 -0.6 0 -0.6 0.8 59443.dat
1 71 120 -390 -160 0 -1 0 0.6 0 0.8 -0.8 0 0.6 4519.dat
1 0 120 -390 -160 1 0 0 0 0.6 0.8 0 -0.8 0.6 15100.dat
1 71 120 -426 -112 0 1 0 -0.6 0 0.8 0.8 0 0.6 4519.dat
1 0 120 -438 -96 1 0 0 0 -0.8 0.6 0 -0.6 -0.8 32126.dat
1 0 120 -426 -112 1 0 0 0 0.6 0.8 0 -0.8 0.6 15100.dat
1 0 140 -450 -80 0 1 0 0.8 0 0.6 0.6 0 -0.8 6629.dat
1 0 140 -330 -160 -1 0 0 0 -1 0 0 0 1 18651.dat
1 14 120 -310 -160 -1 0 0 0 1 0 0 0 -1 32184.dat
1 0 140 -290 -160 -1 0 0 0 -1 0 0 0 1 18651.dat
1 71 140 -290 -160 0 0 -1 0 -1 0 -1 0 0 3713.dat
1 0 120 -310 -170 0 0 1 0 -1 0 1 0 0 6628.dat
1 72 119.019 -309.804 -180 0.196 0 -0.981 0.981 0 0.196 0 -1 0 2739a.dat
0 STEP
1 72 160 -270 -80 -1 0 0 0 1 0 0 0 -1 42069 - doorleft.ldr
0 STEP
1 1 0 -470 120 1 0 0 0 1 0 0 0 1 42069 - roof2.ldr
0 STEP
1 1 140 -280 440 0 0 -1 -1 0 0 0 1 0 43093.dat
1 0 140 -300 440 0 -1 0 0 0 1 -1 0 0 59443.dat
1 4 140 -320 440 0 -1 0 1 0 0 0 0 1 32062.dat
1 0 140 -340 440 0 -1 0 0 0 1 -1 0 0 59443.dat
1 4 140 -360 440 0 -1 0 1 0 0 0 0 1 32062.dat
1 0 140 -380 440 0 -1 0 0 0 1 -1 0 0 59443.dat
1 4 140 -400 440 0 -1 0 1 0 0 0 0 1 32062.dat
1 0 140 -420 440 0 -1 0 0 0 1 -1 0 0 59443.dat
1 72 140 -450 440 0 -1 0 1 0 0 0 0 1 11214.dat
1 71 140 -450 440 -1 0 0 0 -1 0 0 0 1 22961.dat
1 1 -140 -280 440 0 0 1 -1 0 0 0 -1 0 43093.dat
1 4 -140 -340 440 0 1 0 1 0 0 0 0 -1 32062.dat
1 0 -140 -360 440 0 1 0 0 0 1 1 0 0 59443.dat
1 4 -140 -380 440 0 1 0 1 0 0 0 0 -1 32062.dat
1 72 -140 -450 440 0 1 0 1 0 0 0 0 -1 11214.dat
1 71 -140 -450 440 1 0 0 0 -1 0 0 0 -1 22961.dat
1 0 -140 -310 440 -1 0 0 0 0 1 0 1 0 32034.dat
1 0 -140 -410 440 -1 0 0 0 0 1 0 1 0 32034.dat
0 STEP
1 72 -98.4 -391.2 422 -0.6 -0.173 0.781 -0.8 0.129 -0.586 0 -0.976 -0.216 2739a.dat
1 72 98.438 -391.172 421.569 -0.6 0.173 -0.781 0.8 0.129 -0.586 0 -0.976 -0.216 2739a.dat
0 STEP
1 0 0 -470 440 0 0 1 0 1 0 -1 0 0 32278.dat
1 0 100 -460 440 0 0 1 1 0 0 0 1 0 2780.dat
1 0 -100 -460 440 0 0 1 1 0 0 0 1 0 2780.dat
1 0 0 -450 440 0 0 1 0 1 0 -1 0 0 32525.dat
0 STEP
1 4 0 -430 438 -1 0 0 0 1 0 0 0 -1 42069 - reardoor.ldr
0 STEP
1 19 160 -160 -160 0 -1 0 1 0 0 0 0 1 32002.dat
1 19 40 -160 40 0 -1 0 1 0 0 0 0 1 32002.dat
1 19 -40 -160 40 0 -1 0 1 0 0 0 0 1 32002.dat
1 19 40 -160 -160 0 -1 0 1 0 0 0 0 1 32002.dat
1 19 -40 -160 -160 0 -1 0 1 0 0 0 0 1 32002.dat
1 19 -160 -160 -160 0 -1 0 1 0 0 0 0 1 32002.dat
1 72 100 -155 40 0 0 -1 0 -1 0 -1 0 0 32065.dat
1 72 -100 -155 40 0 0 -1 0 -1 0 -1 0 0 32065.dat
1 72 -100 -155 -160 0 0 -1 0 -1 0 -1 0 0 32065.dat
1 72 100 -155 -160 0 0 -1 0 -1 0 -1 0 0 32065.dat
1 14 160 -145 40 0 -1 0 0 0 -1 1 0 0 32123b.dat
1 14 -160 -145 40 0 -1 0 0 0 -1 1 0 0 32123b.dat
0 STEP
1 71 0 -140.631 -209.45 0 -1 0 -0.117 0 -0.993 0.993 0 -0.117 44294.dat
1 0 0 -144.654 59.713 0 -1 0 0.107 0 -0.994 0.994 0 0.107 3705.dat
1 71 0 -140.378 99.484 0 1 0 -0.994 0 0.107 0.107 0 0.994 59443.dat
1 0 0 -136.102 139.255 0 -1 0 0.107 0 -0.994 0.994 0 0.107 3705.dat
0 STEP
1 71 0 -130 280 1 0 0 0 1 0 0 0 1 42069 - axlerear.ldr
0 STEP
1 0 -100 -170 180 0 -1 0 0 0 -1 1 0 0 32523.dat
1 0 100 -170 180 0 -1 0 0 0 -1 1 0 0 32523.dat
1 14 -120 -300 280 0 -1 0 0 0 -1 1 0 0 43857.dat
1 14 120 -300 280 0 -1 0 0 0 -1 1 0 0 43857.dat
0 STEP
1 72 0.013 -129.954 -380 1 0 0 0 1 0 0 0 1 42069 - axlefront.ldr
0 STEP
1 70 80 -150 -480 1 0 0 0 0 1 0 -1 0 24316.dat
1 70 -80 -150 -480 -1 0 0 0 0 1 0 1 0 24316.dat
1 0 63.208 -130.474 -126.139 0 -0.97 0.243 -0.991 0.032 0.128 -0.132 -0.24 -0.962 32293.dat
1 0 -63.182 -130.474 -126.139 0 0.97 -0.243 0.991 0.032 0.128 0.132 -0.24 -0.962 32293.dat
1 14 -120 -300 -380 0 -1 0 0 0 -1 1 0 0 43857.dat
1 14 120 -300 -380 0 -1 0 0 0 -1 1 0 0 43857.dat
0 STEP
1 1 120 -260 -500 0 -1 0 -1 0 0 0 0 -1 43093.dat
1 71 120 -290 -500 0 -1 0 -1 0 0 0 0 -1 32054.dat
1 71 132.122 -290 -507.284 -0.97 -0.242 0 0 0 1 -0.242 0.97 0 42069 - 28809.dat
1 72 143.761 -290 -512.627 -0.97 -0.242 0 0 0 1 -0.242 0.97 0 11212.dat
1 47 135.993 -310 -522.808 -0.97 -0.242 0 0 0 1 -0.242 0.97 0 3023.dat
1 47 135.993 -290 -522.808 -0.97 -0.242 0 0 0 1 -0.242 0.97 0 3023.dat
1 72 135.993 -270 -522.808 -0.97 -0.242 0 0 0 1 -0.242 0.97 0 3023.dat
1 57 163.166 -290 -507.788 0 -0.242 -0.97 -1 0 0 0 0.97 -0.242 54200.dat
1 47 163.166 -310 -507.788 0 -0.242 -0.97 -1 0 0 0 0.97 -0.242 54200.dat
1 72 153.463 -270 -510.208 0 -0.242 -0.97 -1 0 0 0 0.97 -0.242 11477.dat
1 47 137.928 -310 -530.571 0.97 -0.242 0 0 0 -1 0.242 0.97 0 3069b.dat
1 47 137.928 -290 -530.571 0.97 -0.242 0 0 0 -1 0.242 0.97 0 3069b.dat
1 72 128.225 -270 -532.99 0.97 -0.242 0 0 0 -1 0.242 0.97 0 3070b.dat
1 72 151.528 -310 -502.445 0.97 -0.242 0 0 0 -1 0.242 0.97 0 3023.dat
1 0 170.934 -280 -497.607 0.97 -0.242 0 0 0 -1 0.242 0.97 0 3022.dat
1 15 139.89 -280 -497.102 0 -0.242 0.97 1 0 0 0 0.97 0.242 6134.dat
1 85 182.572 -280 -502.95 0 -0.242 0.97 1 0 0 0 0.97 0.242 3069b.dat
1 71 120 -310 -480 1 0 0 0 0 1 0 -1 0 6536.dat
0 STEP
1 1 -120 -260 -500 0 1 0 -1 0 0 0 0 1 43093.dat
1 71 -120 -290 -500 0 1 0 -1 0 0 0 0 1 32054.dat
1 71 -132.122 -290 -507.284 0.97 0.242 0 0 0 -1 -0.242 0.97 0 42069 - 28809.dat
1 72 -143.761 -290 -512.627 -0.97 0.242 0 0 0 1 0.242 0.97 0 11212.dat
1 47 -135.993 -310 -522.808 -0.97 0.242 0 0 0 1 0.242 0.97 0 3023.dat
1 47 -135.993 -290 -522.808 -0.97 0.242 0 0 0 1 0.242 0.97 0 3023.dat
1 72 -135.993 -270 -522.808 -0.97 0.242 0 0 0 1 0.242 0.97 0 3023.dat
1 57 -163.166 -290 -507.788 0 0.242 0.97 1 0 0 0 0.97 -0.242 54200.dat
1 47 -163.166 -310 -507.788 0 0.242 0.97 1 0 0 0 0.97 -0.242 54200.dat
1 72 -153.463 -270 -510.208 0 0.242 0.97 1 0 0 0 0.97 -0.242 11477.dat
1 47 -137.928 -310 -530.571 0.97 0.242 0 0 0 -1 -0.242 0.97 0 3069b.dat
1 47 -137.928 -290 -530.571 0.97 0.242 0 0 0 -1 -0.242 0.97 0 3069b.dat
1 72 -128.225 -270 -532.99 0.97 0.242 0 0 0 -1 -0.242 0.97 0 3070b.dat
1 72 -151.528 -310 -502.445 0.97 0.242 0 0 0 -1 -0.242 0.97 0 3023.dat
1 0 -170.934 -280 -497.607 0.97 0.242 0 0 0 -1 -0.242 0.97 0 3022.dat
1 15 -139.89 -280 -497.102 0 0.242 -0.97 -1 0 0 0 0.97 0.242 6134.dat
1 85 -182.572 -280 -502.95 0 0.242 -0.97 -1 0 0 0 0.97 0.242 3069b.dat
1 71 -120 -310 -480 1 0 0 0 0 1 0 -1 0 6536.dat
0 STEP
1 14 100 -310 -480 -1 0 0 0 0 -1 0 -1 0 32073.dat
1 71 160 -310 -480 1 0 0 0 0 -1 0 1 0 32054.dat
1 71 -160 -310 -480 -1 0 0 0 0 -1 0 -1 0 32054.dat
1 14 -100 -310 -480 1 0 0 0 0 -1 0 1 0 32073.dat
0 STEP
1 71 0 -283.91 -580 0 0 -1 0 1 0 1 0 0 59443.dat
1 71 30 -283.91 -580 -1 0 0 0 1 0 0 0 -1 4519.dat
1 71 -30 -283.91 -580 -1 0 0 0 1 0 0 0 -1 4519.dat
1 71 -30 -283.91 -580 -1 0 0 0 -1 0 0 0 1 6536.dat
1 71 30 -283.91 -580 -1 0 0 0 -1 0 0 0 1 6536.dat
1 71 -70 -283.91 -580 0 0 -1 0 -1 0 -1 0 0 32015.dat
1 71 70 -283.91 -580 0 0 1 0 -1 0 1 0 0 32015.dat
1 71 -85.308 -246.955 -580 0.383 0 0.924 -0.924 0 0.383 0 -1 0 4519.dat
1 71 85.307 -246.955 -580 -0.383 0 -0.924 -0.924 0 0.383 0 1 0 4519.dat
1 71 -100.615 -210 -580 0 -0.924 -0.383 0 -0.383 0.924 -1 0 0 32013.dat
1 71 100.614 -210 -580 0 -0.924 0.383 0 0.383 0.924 -1 0 0 32013.dat
1 1 -70 -283.91 -590 0 0 1 0 1 0 -1 0 0 43093.dat
1 0 -70 -283.91 -598 0 0 1 -1 0 0 0 -1 0 4032a.dat
1 47 -70 -283.91 -606 0 0 1 -1 0 0 0 -1 0 2654.dat
1 1 -30 -303.91 -590 0 0 1 0 1 0 -1 0 0 43093.dat
1 0 -30 -303.91 -598 0 0 1 -1 0 0 0 -1 0 4032a.dat
1 47 -30 -303.91 -606 0 0 1 -1 0 0 0 -1 0 2654.dat
1 1 30 -303.91 -590 0 0 1 0 1 0 -1 0 0 43093.dat
1 0 30 -303.91 -598 0 0 1 -1 0 0 0 -1 0 4032a.dat
1 47 30 -303.91 -606 0 0 1 -1 0 0 0 -1 0 2654.dat
1 1 70 -283.91 -590 0 0 1 0 1 0 -1 0 0 43093.dat
1 0 70 -283.91 -598 0 0 1 -1 0 0 0 -1 0 4032a.dat
1 47 70 -283.91 -606 0 0 1 -1 0 0 0 -1 0 2654.dat
0 STEP
1 0 0 -210 -600 -1 0 0 0 -1 0 0 0 1 42069 - frontbump.ldr
1 72 80 -150 -500 0 -1 0 -1 0 0 0 0 -1 32526.dat
1 72 -80 -150 -500 0 -1 0 -1 0 0 0 0 -1 32526.dat
0 STEP
1 0 110.301 -250 -577.143 -0.857 -0.515 0 0 0 1 -0.515 0.857 0 6536.dat
1 71 110.301 -250 -577.143 -0.857 -0.515 0 0 0 1 -0.515 0.857 0 4519.dat
1 85 127.445 -250 -566.843 -0.515 0 0.857 0 -1 0 0.857 0 0.515 11946.dat
1 0 -110.301 -250 -577.144 -0.857 0.515 0 0 0 1 0.515 0.857 0 6536.dat
1 71 -110.301 -250 -577.144 -0.857 0.515 0 0 0 1 0.515 0.857 0 4519.dat
1 85 -127.445 -250 -566.844 -0.515 0 -0.857 0 -1 0 -0.857 0 0.515 11947.dat
0 STEP
1 0 140 -310 -360 0 1 0 1 0 0 0 0 -1 32525.dat
1 0 150 -310 -460 -1 0 0 0 0 -1 0 -1 0 2780.dat
1 1 150 -310 -420 1 0 0 0 0 -1 0 1 0 43093.dat
1 85 160 -310 -420 0 1 0 1 0 0 0 0 -1 32140.dat
1 1 150 -310 -400 1 0 0 0 0 -1 0 1 0 43093.dat
1 85 160 -310 -240 0 -1 0 1 0 0 0 0 1 32009.dat
1 1 160 -310 -280 1 0 0 0 0 1 0 -1 0 6558.dat
1 0 170 -270 -240 -1 0 0 0 0 -1 0 -1 0 2780.dat
1 1 170 -230 -240 -1 0 0 0 0 -1 0 -1 0 43093.dat
1 0 180 -250 -240 0 -1 0 0 0 -1 1 0 0 32523.dat
1 85 200 -230 -380 1 0 0 0 1 0 0 0 1 42069 - 24118.dat
0 STEP
1 85 -200 -230 -380 -1 0 0 0 1 0 0 0 -1 42069 - 24118.dat
1 0 -140 -310 -360 0 -1 0 -1 0 0 0 0 -1 32525.dat
1 0 -150 -310 -460 -1 0 0 0 0 -1 0 -1 0 2780.dat
1 1 -150 -310 -420 -1 0 0 0 0 1 0 1 0 43093.dat
1 85 -160 -310 -420 0 1 0 1 0 0 0 0 -1 32140.dat
1 1 -150 -310 -400 -1 0 0 0 0 1 0 1 0 43093.dat
1 85 -160 -310 -240 0 -1 0 1 0 0 0 0 1 32009.dat
1 1 -160 -310 -280 -1 0 0 0 0 -1 0 -1 0 6558.dat
1 0 -170 -270 -240 -1 0 0 0 0 -1 0 -1 0 2780.dat
1 1 -170 -230 -240 1 0 0 0 0 1 0 -1 0 43093.dat
1 0 -180 -250 -240 0 1 0 0 0 -1 -1 0 0 32523.dat
0 STEP
1 0 -110 -320 -450 0 0 1 0 1 0 -1 0 0 88930.dat
1 0 -110 -320 -370 0 0 1 0 1 0 -1 0 0 88930.dat
1 0 130 -320 -450 0 0 -1 0 1 0 1 0 0 88930.dat
1 0 130 -320 -370 0 0 -1 0 1 0 1 0 0 88930.dat
0 STEP
1 0 -80 -344.789 -365.394 0 -1 0 0.993 0 -0.122 0.122 0 0.993 32525.dat
1 1 -80 -352.101 -305.841 1 0 0 0 0 1 0 -1 0 6558.dat
1 1 -80 -347.227 -345.543 1 0 0 0 0 1 0 -1 0 6558.dat
1 1 -60 -337.477 -424.947 1 0 0 0 0 1 0 -1 0 6558.dat
1 0 -100 -356.976 -266.139 0 1 0 0.993 0 0.122 0.122 0 -0.993 64393.dat
1 0 -60 -342.352 -385.245 0 1 0 0.993 0 0.122 0.122 0 -0.993 40490.dat
1 0 -50 -349.664 -325.692 1 0 0 0 -0.993 0.122 0 -0.122 -0.993 2780.dat
1 72 -140 -364.464 -287.209 0 -1 0 0.993 0 -0.122 0.122 0 0.993 87083.dat
1 72 -140 -354.539 -285.99 0 0 -1 -0.122 0.993 0 0.993 0.122 0 18654.dat
1 72 -140 -374.39 -288.428 0 0 -1 -0.122 0.993 0 0.993 0.122 0 18654.dat
1 72 -140 -388.285 -290.134 0 0 -1 0.122 -0.993 0 -0.993 -0.122 0 4032a.dat
1 72 -140 -396.226 -291.109 0 0 -1 0.122 -0.993 0 -0.993 -0.122 0 4032a.dat
1 72 -140 -404.166 -292.084 0 0 -1 0.122 -0.993 0 -0.993 -0.122 0 2654.dat
0 STEP
1 0 0 -344.789 -365.394 0 0 -1 -0.122 0.993 0 0.993 0.122 0 64782.dat
1 0 -40 -358.195 -256.214 0 0 -1 -0.122 0.993 0 0.993 0.122 0 2780.dat
1 0 40 -358.195 -256.214 0 0 -1 -0.122 0.993 0 0.993 0.122 0 2780.dat
