0 FILE 42077 - main.ldr
0 main
0 Name: 42077 - main.ldr
0 Author: Philippe Hurbain [Philo]
0 !LICENSE Redistributable under CCAL version 2.0 : see CAreadme.txt

1 16 10 -171 0 -1 0 -0.019 0 1 0.017 0.019 0.017 -1 42077 - car.ldr
0 FILE 42077 - rearaxle.ldr
0 rearaxle
0 Name: 42077 - rearaxle.ldr
0 Author: Philippe Hurbain [Philo]
0 !LICENSE Redistributable under CCAL version 2.0 : see CAreadme.txt

1 0 0 0 0 1 0 0 0 1 0 0 0 1 64179.dat
1 0 -40 -10 60 0 -1 0 1 0 0 0 0 1 2780.dat
1 0 40 -10 60 0 -1 0 1 0 0 0 0 1 2780.dat
1 19 0 0 -70 0 -1 0 0 0 -1 1 0 0 99008.dat
1 0 0 0 -40 1 0 0 0 -1 0 0 0 -1 18575.dat
1 72 0 0 0 0 0 -1 -1 0 0 0 1 0 62821.dat
1 19 17 0 0 0 0 -1 -1 0 0 0 1 0 6589.dat
1 19 0 0 -17 0.966 0.259 0 -0.259 0.966 0 0 0 1 6589.dat
1 19 -17 0 0 0 0 1 1 0 0 0 1 0 6589.dat
1 72 -60 0 0 0 0 -1 0 1 0 1 0 0 92906.dat
1 72 60 0 0 0 0 1 0 -1 0 1 0 0 92906.dat
1 1 40 0 20 0 0 1 1 0 0 0 1 0 6558.dat
1 1 40 0 -20 0 0 1 1 0 0 0 1 0 6558.dat
1 1 -40 0 20 0 0 1 1 0 0 0 1 0 6558.dat
1 1 -40 0 -20 0 0 1 1 0 0 0 1 0 6558.dat
0 STEP
1 71 60 -20 0 0 -1 0 0 0 1 -1 0 0 63869.dat
1 71 60 20 0 0 -1 0 0 0 1 -1 0 0 63869.dat
1 71 60 -20 0 0 -1 0 0 0 1 -1 0 0 32073.dat
1 71 60 20 0 0 -1 0 0 0 1 -1 0 0 32073.dat
1 71 -60 -20 0 0 1 0 0 0 1 1 0 0 63869.dat
1 71 -60 20 0 0 1 0 0 0 1 1 0 0 63869.dat
1 71 -60 -20 0 0 1 0 0 0 1 1 0 0 32073.dat
1 71 -60 20 0 0 1 0 0 0 1 1 0 0 32073.dat
1 71 60 0 0 0 0.235 0.972 0 -0.972 0.235 1 0 0 32494.dat
1 71 -60 0 0 0 0 -1 0 1 0 1 0 0 32494.dat
0 STEP
1 0 118.317 14.113 0 0.972 0 0.235 0.235 0 -0.972 0 1 0 3705.dat
1 71 176.633 28.225 0 0 -0.235 -0.972 0 0.972 -0.235 1 0 0 32494.dat
1 72 206.633 28.225 0 0 0 -1 1 0 0 0 -1 0 92909.dat
1 71 176.633 28.225 0 0 0 -1 0 1 0 1 0 0 11950.dat
1 19 176.633 8.225 0 0 0 -1 0 1 0 1 0 0 32556.dat
1 19 176.633 48.225 0 0 0 -1 0 1 0 1 0 0 32556.dat
0 STEP
1 71 118.317 34.113 -20 0.235 0 0.972 -0.972 0 0.235 0 -1 0 32524.dat
1 71 118.317 34.113 20 0.235 0 0.972 -0.972 0 0.235 0 -1 0 32524.dat
1 71 60 20 -40 0 0 1 0 1 0 -1 0 0 6536.dat
1 71 60 20 40 0 0 1 0 1 0 -1 0 0 6536.dat
1 0 70 40 -40 -1 0 0 0 -1 0 0 0 1 2780.dat
1 0 70 40 40 -1 0 0 0 -1 0 0 0 1 2780.dat
1 71 118.317 -5.887 20 0.235 0 0.972 -0.972 0 0.235 0 -1 0 32524.dat
1 1 157.194 3.521 0 0 0.235 -0.972 0 -0.972 -0.235 -1 0 0 6558.dat
0 STEP
1 14 120 -100 0 -0.941 0.338 0 0.338 0.941 0 0 0 -1 76537.dat
1 71 118.317 -5.887 -20 0.235 0 0.972 -0.972 0 0.235 0 -1 0 32524.dat
0 STEP
1 71 -176.633 28.225 0 0 0.235 0.972 0 0.972 -0.235 -1 0 0 32494.dat
1 72 -206.633 28.225 0 0 0 1 -1 0 0 0 -1 0 92909.dat
1 71 -176.633 28.225 0 0 0 1 0 1 0 -1 0 0 11950.dat
1 19 -176.633 8.225 0 0 0 -1 0 1 0 1 0 0 32556.dat
1 19 -176.633 48.225 0 0 0 -1 0 1 0 1 0 0 32556.dat
1 71 -118.317 34.113 -20 0.235 0 -0.972 0.972 0 0.235 0 -1 0 32524.dat
1 71 -118.317 34.113 20 0.235 0 -0.972 0.972 0 0.235 0 -1 0 32524.dat
1 71 -118.317 -5.887 20 0.235 0 -0.972 0.972 0 0.235 0 -1 0 32524.dat
1 1 -157.194 3.521 0 0 -0.235 -0.972 0 -0.972 0.235 -1 0 0 6558.dat
1 14 -120 -100 0 -0.941 -0.338 0 -0.338 0.941 0 0 0 -1 76537.dat
1 71 -118.317 -5.887 -20 0.235 0 -0.972 0.972 0 0.235 0 -1 0 32524.dat
1 0 -118.317 14.113 0 0.972 0 -0.235 -0.235 0 -0.972 0 1 0 3705.dat
1 71 -60 20 -40 0 0 -1 0 1 0 1 0 0 6536.dat
1 71 -60 20 40 0 0 -1 0 1 0 1 0 0 6536.dat
1 0 -70 40 -40 -1 0 0 0 -1 0 0 0 1 2780.dat
1 0 -70 40 40 -1 0 0 0 -1 0 0 0 1 2780.dat
0 STEP
1 71 -60 -20 -40 0 0 -1 0 -1 0 -1 0 0 6536.dat
1 71 -60 -20 40 0 0 -1 0 -1 0 -1 0 0 6536.dat
1 1 -80 -40 -40 -1 0 0 0 0 -1 0 -1 0 6558.dat
1 1 -80 -40 40 -1 0 0 0 0 -1 0 -1 0 6558.dat
1 71 -80 0 -40 0 -1 0 0 0 -1 1 0 0 32524.dat
1 71 -80 0 40 0 -1 0 0 0 -1 1 0 0 32524.dat
1 71 60 -20 -40 0 0 -1 0 -1 0 -1 0 0 6536.dat
1 71 60 -20 40 0 0 -1 0 -1 0 -1 0 0 6536.dat
1 1 80 -40 -40 1 0 0 0 -1 0 0 0 -1 6558.dat
1 1 80 -40 40 1 0 0 0 -1 0 0 0 -1 6558.dat
0 FILE 42077 - engine.ldr
0 engine
0 Name: 42077 - engine.ldr
0 Author: Philippe Hurbain [Philo]
0 !LICENSE Redistributable under CCAL version 2.0 : see CAreadme.txt

1 71 0 0 0 1 0 0 0 1 0 0 0 1 32333.dat
1 0 -20 50 -10 0 0 1 0 1 0 -1 0 0 2780.dat
1 0 20 50 -10 0 0 1 0 1 0 -1 0 0 2780.dat
1 4 -20 10 0 0 0 -1 0 1 0 1 0 0 32054.dat
1 4 -44 42 0 0 0 -1 0 1 0 1 0 0 32054.dat
1 4 20 10 0 0 0 -1 0 1 0 1 0 0 32054.dat
1 4 44 42 0 0 0 -1 0 1 0 1 0 0 32054.dat
0 STEP
1 71 -52.8 10.4 30 0.6 0.8 0 -0.8 0.6 0 0 0 1 2850b.dat
1 0 -44 42 50 0 0 1 0 1 0 -1 0 0 2780.dat
1 0 -20 10 50 0 0 1 0 1 0 -1 0 0 2780.dat
1 0 -20 10 90 0 0 1 0 1 0 -1 0 0 2780.dat
1 0 -44 42 90 0 0 1 0 1 0 -1 0 0 2780.dat
1 71 -52.8 10.4 70 0.6 0.8 0 -0.8 0.6 0 0 0 1 2850b.dat
1 0 -20 10 130 0 0 1 0 1 0 -1 0 0 2780.dat
1 0 -44 42 130 0 0 1 0 1 0 -1 0 0 2780.dat
1 71 -52.8 10.4 110 0.6 0.8 0 -0.8 0.6 0 0 0 1 2850b.dat
0 STEP
1 14 0 50 30 -1 0 0 0 -1 0 0 0 1 2853.dat
1 71 10 50 30 0.473 0.881 0 -0.881 0.473 0 0 0 1 2852.dat
1 71 10 50 30 -0.713 -0.701 0 -0.701 0.713 0 0 0 -1 2852.dat
1 14 -25.238 31.072 30 0.6 0.8 0 -0.8 0.6 0 0 0 1 2851.dat
1 14 38.038 21.472 30 0.6 -0.8 0 0.8 0.6 0 0 0 1 2851.dat
1 19 0 50 50 -1 0 0 0 -1 0 0 0 1 2854.dat
1 4 -10 50 70 0 1 0 0 0 -1 -1 0 0 32062.dat
1 71 -10 50 70 0.713 0.701 0 -0.701 0.713 0 0 0 1 2852.dat
1 71 -10 50 70 -0.473 -0.881 0 -0.881 0.473 0 0 0 -1 2852.dat
1 14 -38.038 21.472 70 0.6 0.8 0 -0.8 0.6 0 0 0 1 2851.dat
1 14 25.238 31.072 70 0.6 -0.8 0 0.8 0.6 0 0 0 1 2851.dat
1 19 0 50 90 1 0 0 0 1 0 0 0 1 2854.dat
1 4 0 50 140 0 -1 0 0 0 1 -1 0 0 32062.dat
1 71 10 50 110 0.473 0.881 0 -0.881 0.473 0 0 0 1 2852.dat
1 71 10 50 110 -0.713 -0.701 0 -0.701 0.713 0 0 0 -1 2852.dat
1 14 -25.238 31.072 110 0.6 0.8 0 -0.8 0.6 0 0 0 1 2851.dat
1 14 38.038 21.472 110 0.6 -0.8 0 0.8 0.6 0 0 0 1 2851.dat
1 14 0 50 110 -1 0 0 0 1 0 0 0 -1 2853.dat
0 STEP
1 71 52.8 10.4 30 0.6 -0.8 0 0.8 0.6 0 0 0 1 2850b.dat
1 0 44 42 50 0 0 -1 0 1 0 1 0 0 2780.dat
1 0 20 10 50 0 0 -1 0 1 0 1 0 0 2780.dat
1 0 20 10 90 0 0 -1 0 1 0 1 0 0 2780.dat
1 0 44 42 90 0 0 -1 0 1 0 1 0 0 2780.dat
1 71 52.8 10.4 70 0.6 -0.8 0 0.8 0.6 0 0 0 1 2850b.dat
1 0 20 10 130 0 0 -1 0 1 0 1 0 0 2780.dat
1 0 44 42 130 0 0 -1 0 1 0 1 0 0 2780.dat
1 71 52.8 10.4 110 0.6 -0.8 0 0.8 0.6 0 0 0 1 2850b.dat
1 71 0 0 140 1 0 0 0 1 0 0 0 1 32333.dat
0 STEP
1 71 0 70 -20 1 0 0 0 -1 0 0 0 -1 63869.dat
1 14 0 70 -20 1 0 0 0 -1 0 0 0 -1 4519.dat
1 15 40 70 -20 0 0 1 -1 0 0 0 -1 0 32013.dat
1 15 -40 70 -20 0 0 -1 -1 0 0 0 1 0 32013.dat
1 72 0 50 -33 0 -1 0 0 0 -1 1 0 0 59426.dat
1 14 0 50 -90 0 -1 0 -1 0 0 0 0 -1 59443.dat
1 19 0 50 -130 0 0 -1 0 -1 0 -1 0 0 99008.dat
1 0 0 50 -120 -1 0 0 0 -1 0 0 0 1 32270.dat
0 FILE 42077 - shockabsbar.ldr
0 shockabsbar
0 Name: 42077 - shockabsbar.ldr
0 Author: Philippe Hurbain [Philo]
0 !LICENSE Redistributable under CCAL version 2.0 : see CAreadme.txt

1 15 0 0 0 0 0 1 -1 0 0 0 -1 0 40490.dat
1 1 -80 0 0 0 0 -1 0 1 0 1 0 0 6558.dat
1 1 -40 0 0 0 0 -1 0 1 0 1 0 0 6558.dat
1 1 40 0 0 0 0 -1 0 1 0 1 0 0 6558.dat
1 1 80 0 0 0 0 -1 0 1 0 1 0 0 6558.dat
1 0 -40 0 20 0 0 -1 -1 0 0 0 1 0 32526.dat
1 0 40 0 20 0 0 1 -1 0 0 0 -1 0 32526.dat
0 STEP
1 0 100 0 40 0 1 0 0 0 -1 -1 0 0 15100.dat
1 0 -100 0 40 0 1 0 0 0 -1 -1 0 0 15100.dat
1 4 -100 0 40 1 0 0 0 -1 0 0 0 -1 32054.dat
1 4 100 0 40 -1 0 0 0 1 0 0 0 -1 32054.dat
1 4 -20 0 0 0 0 -1 0 -1 0 -1 0 0 32062.dat
1 4 20 0 0 0 0 -1 0 -1 0 -1 0 0 32062.dat
1 4 -20 0 0 0 -1 0 0 0 1 -1 0 0 41678.dat
1 4 20 0 0 0 -1 0 0 0 1 -1 0 0 41678.dat
1 1 0 -20 10 1 0 0 0 0 -1 0 1 0 6558.dat
1 15 0 -20 -10 0 1 0 1 0 0 0 0 -1 32523.dat
1 14 0 -20 -28 -1 0 0 0 0.98 0.201 0 0.201 -0.98 4519.dat
1 15 -20 -20 -28 1 0 0 0 0.201 0.98 0 -0.98 0.201 6536.dat
1 15 20 -20 -28 1 0 0 0 0.201 0.98 0 -0.98 0.201 6536.dat
1 0 -20 -26.186 -47.64 0 0 1 -0.98 0.201 0 -0.201 -0.98 0 2780.dat
1 0 20 -26.186 -47.64 0 0 1 -0.98 0.201 0 -0.201 -0.98 0 2780.dat
0 FILE 42077 - technicRibHoseLQ-1.ldr
0 technicRibHoseLQ-1
0 Name: 42077 - technicRibHoseLQ-1.ldr
0 Author: LDCad
0 !LICENSE Redistributable under CCAL version 2.0 : see CAreadme.txt

0 !CATEGORY technic
0 !KEYWORDS flexible

0 !LDCAD CONTENT [type=path] [addFallBack=default] [looped=false] [displayKind=mm] [curveStep=0] [displayLenCor=0]
0 !LDCAD PATH_POINT [type=bezier] [posOri=0 0 0 1 0 0 0 1 0 0 0 1] [prevCPDist=25] [nextCPDist=5] [cirR=20] [cirDir=xyCW] [prevYRoll=0] [nextYRoll=0]
0 !LDCAD PATH_POINT [type=bezier] [posOri=0 -29 0 1 0 0 0 1 0 0 0 1] [prevCPDist=25] [nextCPDist=24.5] [cirR=20] [cirDir=xyCW] [prevYRoll=0] [nextYRoll=0]
0 !LDCAD PATH_POINT [type=bezier] [posOri=0 -29 50 1 0 0 0 -0.965926 0.258819 0 -0.258819 -0.965926] [prevCPDist=29] [nextCPDist=25] [cirR=20] [cirDir=xyCW] [prevYRoll=0] [nextYRoll=0]
0 !LDCAD PATH_POINT [type=bezier] [posOri=34 71 40 0 -1 0 1 0 0 0 0 1] [prevCPDist=42] [nextCPDist=25] [cirR=20] [cirDir=xyCW] [prevYRoll=0] [nextYRoll=0]
0 !LDCAD PATH_POINT [type=bezier] [posOri=51 71 40 0 -1 0 1 0 0 0 0 1] [prevCPDist=5] [nextCPDist=25] [cirR=20] [cirDir=xyCW] [prevYRoll=0] [nextYRoll=0]

0 !LDCAD PATH_SKIN [donCol=16] [donOri=1 0 0 0 1 0 0 0 1] [donPart=79.dat] [donYSize=100%] [donCen=absCen] [donCenYOfs=0] [donFinScale=none] [donPlace=refsStat] [donYAlign=0] [donInline=false] [segSize=80%] [segSizeTol=5%] [segsCnt=1] [segsGrp=0] [segsMaxMerge=1] [segsMrgAng=0] [segsMrgRollAng=0] [segsEdgeDelKind=keepFirstLeft]
0 !LDCAD PATH_SKIN [donCol=16] [donOri=1 0 0 0 1 0 0 0 1] [donPart=80.dat] [donYSize=100%] [donCen=absCen] [donCenYOfs=0] [donFinScale=none] [donPlace=refsStat] [donYAlign=0] [donInline=false] [segSize=80%] [segSizeTol=5%] [segsCnt=0] [segsGrp=0] [segsMaxMerge=1] [segsMrgAng=0] [segsMrgRollAng=0] [segsEdgeDelKind=keepFirstLeft]
0 !LDCAD PATH_SKIN [donCol=16] [donOri=1 0 0 0 -1 0 0 0 -1] [donPart=79.dat] [donYSize=100%] [donCen=absCen] [donCenYOfs=0] [donFinScale=none] [donPlace=refsStat] [donYAlign=0] [donInline=false] [segSize=80%] [segSizeTol=5%] [segsCnt=1] [segsGrp=0] [segsMaxMerge=1] [segsMrgAng=0] [segsMrgRollAng=0] [segsEdgeDelKind=keepFirstLeft]

0 !LDCAD GENERATED [generator=LDCad 1.6a]
0 //This is the fallback LDraw content for above PATH configuration.
0 // Do not edit, any changes will be lost upon regeneration.
0 // The path is approx 93.49 mm (233.72) and exists out of 44 segments.

0 //Some general hints about the document.
0 UNOFFICIAL PART
0 BFC CERTIFY CCW

0 //Segments
1 16 0 -2.043766 0 1 0 0 0 1 0 0 0 1 79.dat
1 16 0 -7.478715 0 1 0 0 0 1 0 0 0 1 80.dat
1 16 0 -12.911079 0 1 0 0 0 1 0 0 0 1 80.dat
1 16 0 -18.343443 0 1 0 0 0 1 0 0 0 1 80.dat
1 16 0 -23.525807 0 1 0 0 0 1 0 0 0 1 80.dat
1 16 0 -28.953988 0.09676 1 0 0 0 0.999419 0.034087 0 -0.034087 0.999419 80.dat
1 16 0 -34.270026 0.917025 1 0 0 0 0.959953 0.280161 0 -0.280161 0.959953 80.dat
1 16 0 -38.910614 3.052613 1 0 0 0 0.837189 0.546914 0 -0.546914 0.837189 80.dat
1 16 0 -42.902594 6.625857 1 0 0 0 0.646304 0.76308 0 -0.76308 0.646304 80.dat
1 16 0 -45.869 11.110841 1 0 0 0 0.439173 0.898402 0 -0.898402 0.439173 80.dat
1 16 0 -47.657242 15.938677 1 0 0 0 0.252077 0.967707 0 -0.967707 0.252077 80.dat
1 16 0 -48.505398 21.272874 1 0 0 0 0.069049 0.997613 0 -0.997613 0.069049 80.dat
1 16 0 -48.416019 26.675219 1 0 0 0 -0.11023 0.993906 0 -0.993906 -0.11023 80.dat
1 16 0 -47.410918 31.732718 1 0 0 0 -0.278198 0.960524 0 -0.960524 -0.278198 80.dat
1 16 0 -45.401532 36.744365 1 0 0 0 -0.454644 0.890673 0 -0.890673 -0.454644 80.dat
1 16 0 -42.475428 41.2749 1 0 0 0 -0.63248 0.774576 0 -0.774576 -0.63248 80.dat
1 16 0 -38.83037 44.908804 1 0 0 0 -0.776536 0.630072 0 -0.630072 -0.776536 80.dat
1 16 0 -34.29718 47.830719 1 0 0 0 -0.890171 0.455626 0 -0.455626 -0.890171 80.dat
1 16 -0.009491 -29.277058 49.812566 0.999993 0.003666 0 0.003534 -0.963866 0.266365 0.000977 -0.266363 -0.963872 80.dat
1 16 -0.08074 -24.214979 50.84481 0.999714 0.023843 -0.002037 0.023903 -0.990925 0.132272 0.001135 -0.132283 -0.991211 80.dat
1 16 -0.222089 -19.062574 51.327258 0.999523 0.030721 -0.003208 0.03085 -0.99807 0.053894 -0.001546 -0.053967 -0.998542 80.dat
1 16 -0.381486 -13.636994 51.472694 0.999605 0.028091 0.000041 0.028091 -0.999603 0.00198 0.000097 -0.001978 -0.999998 80.dat
1 16 -0.512667 -8.208187 51.388329 0.999784 0.019828 0.00626 0.020033 -0.9992 -0.034611 0.005569 0.034729 -0.999381 80.dat
1 16 -0.585554 -3.032971 51.141038 0.999859 0.008303 0.014583 0.009172 -0.998121 -0.060585 0.014053 0.06071 -0.998057 80.dat
1 16 -0.587361 2.384683 50.750483 0.999651 -0.006936 0.025494 -0.004817 -0.9966 -0.08225 0.025978 0.082098 -0.996286 80.dat
1 16 -0.50102 7.793411 50.258492 0.998902 -0.025716 0.039151 -0.021656 -0.994669 -0.100817 0.041535 0.099858 -0.994134 80.dat
1 16 -0.314223 12.942211 49.705324 0.997384 -0.046375 0.055439 -0.03969 -0.99244 -0.116134 0.060406 0.11363 -0.991685 80.dat
1 16 0.010694 18.324648 49.05274 0.994492 -0.07207 0.076102 -0.06164 -0.9894 -0.131481 0.084771 0.126066 -0.988393 80.dat
1 16 0.479665 23.688696 48.340604 0.9895 -0.101973 0.102424 -0.08633 -0.985362 -0.147001 0.115915 0.136615 -0.983819 80.dat
1 16 1.094815 28.781218 47.61038 0.981107 -0.135443 0.138148 -0.112236 -0.980086 -0.163814 0.157584 0.145213 -0.97677 80.dat
1 16 1.947544 34.083019 46.800158 0.964604 -0.17663 0.19581 -0.140128 -0.972351 -0.186807 0.223392 0.152757 -0.962684 80.dat
1 16 3.043351 39.333391 45.953862 0.927866 -0.229266 0.294111 -0.166207 -0.960266 -0.224197 0.333826 0.159141 -0.929104 80.dat
1 16 4.378469 44.267475 45.118984 0.838391 -0.286075 0.463963 -0.164228 -0.944223 -0.285435 0.51974 0.16311 -0.838609 80.dat
1 16 6.140845 49.322025 44.227583 0.487803 -0.359575 0.795458 -0.034201 -0.918399 -0.394176 0.872283 0.165074 -0.460296 80.dat
1 16 8.337208 54.199387 43.33541 -0.409327 -0.453706 0.791582 0.367782 -0.876034 -0.311931 0.834978 0.163447 0.52545 80.dat
1 16 10.953743 58.580277 42.505781 -0.697354 -0.556741 0.451371 0.561616 -0.815728 -0.138476 0.445292 0.15693 0.881526 80.dat
1 16 14.339648 62.718435 41.69763 -0.679326 -0.685425 0.262122 0.697287 -0.714232 -0.060534 0.228707 0.141652 0.963134 80.dat
1 16 18.388476 66.218283 40.995556 -0.559221 -0.813584 0.159228 0.821401 -0.569744 -0.026317 0.11213 0.116073 0.986891 80.dat
1 16 22.863516 68.703693 40.484421 -0.388686 -0.916678 0.092865 0.920244 -0.391216 -0.010047 0.04554 0.081553 0.995628 80.dat
1 16 28.009444 70.288522 40.151722 -0.201737 -0.978435 0.044361 0.979373 -0.202044 -0.002519 0.011428 0.042938 0.999012 80.dat
1 16 33.374806 70.930753 40.014977 -0.026687 -0.999627 0.005771 0.999644 -0.026687 0.00011 0.000044 0.005772 0.999983 80.dat
1 16 38.556101 70.999951 40.000011 -0.000019 -1 0.000004 1 -0.000019 0 0 0.000004 1 80.dat
1 16 43.738466 71 40 0 -1 0 1 0 0 0 0 1 80.dat
1 16 49.064824 71 40 0 1 0 1 0 0 0 0 -1 79.dat
0 FILE 42077 - technicRibHoseLQ-2.ldr
0 technicRibHoseLQ-2
0 Name: 42077 - technicRibHoseLQ-2.ldr
0 Author: LDCad
0 !LICENSE Redistributable under CCAL version 2.0 : see CAreadme.txt

0 !CATEGORY technic
0 !KEYWORDS flexible

0 !LDCAD CONTENT [type=path] [addFallBack=default] [looped=false] [displayKind=mm] [curveStep=0] [displayLenCor=0]
0 !LDCAD PATH_POINT [type=bezier] [posOri=0 0 0 -1 0 0 0 1 0 0 0 -1] [prevCPDist=25] [nextCPDist=5] [cirR=20] [cirDir=xyCW] [prevYRoll=0] [nextYRoll=0]
0 !LDCAD PATH_POINT [type=bezier] [posOri=0 -29 0 -1 0 0 0 1 0 0 0 -1] [prevCPDist=25] [nextCPDist=24.5] [cirR=20] [cirDir=xyCW] [prevYRoll=0] [nextYRoll=0]
0 !LDCAD PATH_POINT [type=bezier] [posOri=0 -29 -50 -1 0 0 0 -0.965926 0.258819 0 0.258819 0.965926] [prevCPDist=29] [nextCPDist=25] [cirR=20] [cirDir=xyCW] [prevYRoll=0] [nextYRoll=0]
0 !LDCAD PATH_POINT [type=bezier] [posOri=34 71 -40 0 -1 0 -1 0 0 0 0 -1] [prevCPDist=42] [nextCPDist=25] [cirR=20] [cirDir=xyCW] [prevYRoll=0] [nextYRoll=0]
0 !LDCAD PATH_POINT [type=bezier] [posOri=51 71 -40 0 -1 0 -1 0 0 0 0 -1] [prevCPDist=5] [nextCPDist=25] [cirR=20] [cirDir=xyCW] [prevYRoll=0] [nextYRoll=0]

0 !LDCAD PATH_SKIN [donCol=16] [donOri=1 0 0 0 1 0 0 0 1] [donPart=79.dat] [donYSize=100%] [donCen=absCen] [donCenYOfs=0] [donFinScale=none] [donPlace=refsStat] [donYAlign=0] [donInline=false] [segSize=80%] [segSizeTol=5%] [segsCnt=1] [segsGrp=0] [segsMaxMerge=1] [segsMrgAng=0] [segsMrgRollAng=0] [segsEdgeDelKind=keepFirstLeft]
0 !LDCAD PATH_SKIN [donCol=16] [donOri=1 0 0 0 1 0 0 0 1] [donPart=80.dat] [donYSize=100%] [donCen=absCen] [donCenYOfs=0] [donFinScale=none] [donPlace=refsStat] [donYAlign=0] [donInline=false] [segSize=80%] [segSizeTol=5%] [segsCnt=0] [segsGrp=0] [segsMaxMerge=1] [segsMrgAng=0] [segsMrgRollAng=0] [segsEdgeDelKind=keepFirstLeft]
0 !LDCAD PATH_SKIN [donCol=16] [donOri=1 0 0 0 -1 0 0 0 -1] [donPart=79.dat] [donYSize=100%] [donCen=absCen] [donCenYOfs=0] [donFinScale=none] [donPlace=refsStat] [donYAlign=0] [donInline=false] [segSize=80%] [segSizeTol=5%] [segsCnt=1] [segsGrp=0] [segsMaxMerge=1] [segsMrgAng=0] [segsMrgRollAng=0] [segsEdgeDelKind=keepFirstLeft]

0 !LDCAD GENERATED [generator=LDCad 1.6a]
0 //This is the fallback LDraw content for above PATH configuration.
0 // Do not edit, any changes will be lost upon regeneration.
0 // The path is approx 93.49 mm (233.72) and exists out of 44 segments.

0 //Some general hints about the document.
0 UNOFFICIAL PART
0 BFC CERTIFY CCW

0 //Segments
1 16 0 -2.043766 0 -1 0 0 0 1 0 0 0 -1 79.dat
1 16 0 -7.478715 0 -1 0 0 0 1 0 0 0 -1 80.dat
1 16 0 -12.911079 0 -1 0 0 0 1 0 0 0 -1 80.dat
1 16 0 -18.343443 0 -1 0 0 0 1 0 0 0 -1 80.dat
1 16 0 -23.525807 0 -1 0 0 0 1 0 0 0 -1 80.dat
1 16 0 -28.953988 -0.09676 -1 0 0 0 0.999419 0.034087 0 0.034087 -0.999419 80.dat
1 16 0 -34.270026 -0.917025 -1 0 0 0 0.959953 0.280161 0 0.280161 -0.959953 80.dat
1 16 0 -38.910614 -3.052613 -1 0 0 0 0.837189 0.546914 0 0.546914 -0.837189 80.dat
1 16 0 -42.902594 -6.625857 -1 0 0 0 0.646304 0.76308 0 0.76308 -0.646304 80.dat
1 16 0 -45.869 -11.110841 -1 0 0 0 0.439173 0.898402 0 0.898402 -0.439173 80.dat
1 16 0 -47.657242 -15.938677 -1 0 0 0 0.252077 0.967707 0 0.967707 -0.252077 80.dat
1 16 0 -48.505398 -21.272874 -1 0 0 0 0.069049 0.997613 0 0.997613 -0.069049 80.dat
1 16 0 -48.416019 -26.675219 -1 0 0 0 -0.11023 0.993906 0 0.993906 0.11023 80.dat
1 16 0 -47.410918 -31.732718 -1 0 0 0 -0.278198 0.960524 0 0.960524 0.278198 80.dat
1 16 0 -45.401532 -36.744365 -1 0 0 0 -0.454644 0.890673 0 0.890673 0.454644 80.dat
1 16 0 -42.475428 -41.2749 -1 0 0 0 -0.63248 0.774576 0 0.774576 0.63248 80.dat
1 16 0 -38.83037 -44.908804 -1 0 0 0 -0.776536 0.630072 0 0.630072 0.776536 80.dat
1 16 0 -34.29718 -47.830719 -1 0 0 0 -0.890171 0.455626 0 0.455626 0.890171 80.dat
1 16 -0.009491 -29.277058 -49.812566 -0.999993 0.003666 0 -0.003534 -0.963866 0.266365 0.000977 0.266363 0.963872 80.dat
1 16 -0.08074 -24.214979 -50.84481 -0.999714 0.023843 -0.002037 -0.023903 -0.990925 0.132272 0.001135 0.132283 0.991211 80.dat
1 16 -0.222089 -19.062574 -51.327258 -0.999523 0.030721 -0.003208 -0.03085 -0.99807 0.053894 -0.001546 0.053967 0.998542 80.dat
1 16 -0.381486 -13.636994 -51.472694 -0.999605 0.028091 0.000041 -0.028091 -0.999603 0.00198 0.000097 0.001978 0.999998 80.dat
1 16 -0.512667 -8.208187 -51.388329 -0.999784 0.019828 0.00626 -0.020033 -0.9992 -0.034611 0.005569 -0.034729 0.999381 80.dat
1 16 -0.585554 -3.032971 -51.141038 -0.999859 0.008303 0.014583 -0.009172 -0.998121 -0.060585 0.014053 -0.06071 0.998057 80.dat
1 16 -0.587361 2.384683 -50.750483 -0.999651 -0.006936 0.025494 0.004817 -0.9966 -0.08225 0.025978 -0.082098 0.996286 80.dat
1 16 -0.50102 7.793411 -50.258492 -0.998902 -0.025716 0.039151 0.021656 -0.994669 -0.100817 0.041535 -0.099858 0.994134 80.dat
1 16 -0.314223 12.942211 -49.705324 -0.997384 -0.046375 0.055439 0.03969 -0.99244 -0.116134 0.060406 -0.11363 0.991685 80.dat
1 16 0.010694 18.324648 -49.05274 -0.994492 -0.07207 0.076102 0.06164 -0.9894 -0.131481 0.084771 -0.126066 0.988393 80.dat
1 16 0.479665 23.688696 -48.340604 -0.9895 -0.101973 0.102424 0.08633 -0.985362 -0.147001 0.115915 -0.136615 0.983819 80.dat
1 16 1.094815 28.781218 -47.61038 -0.981107 -0.135443 0.138148 0.112236 -0.980086 -0.163814 0.157584 -0.145213 0.97677 80.dat
1 16 1.947544 34.083019 -46.800158 -0.964604 -0.17663 0.19581 0.140128 -0.972351 -0.186807 0.223392 -0.152757 0.962684 80.dat
1 16 3.043351 39.333391 -45.953862 -0.927866 -0.229266 0.294111 0.166207 -0.960266 -0.224197 0.333826 -0.159141 0.929104 80.dat
1 16 4.378469 44.267475 -45.118984 -0.838391 -0.286075 0.463963 0.164228 -0.944223 -0.285435 0.51974 -0.16311 0.838609 80.dat
1 16 6.140845 49.322025 -44.227583 -0.487803 -0.359575 0.795458 0.034201 -0.918399 -0.394176 0.872283 -0.165074 0.460296 80.dat
1 16 8.337208 54.199387 -43.33541 0.409327 -0.453706 0.791582 -0.367782 -0.876034 -0.311931 0.834978 -0.163447 -0.52545 80.dat
1 16 10.953743 58.580277 -42.505781 0.697354 -0.556741 0.451371 -0.561616 -0.815728 -0.138476 0.445292 -0.15693 -0.881526 80.dat
1 16 14.339648 62.718435 -41.69763 0.679326 -0.685425 0.262122 -0.697287 -0.714232 -0.060534 0.228707 -0.141652 -0.963134 80.dat
1 16 18.388476 66.218283 -40.995556 0.559221 -0.813584 0.159228 -0.821401 -0.569744 -0.026317 0.11213 -0.116073 -0.986891 80.dat
1 16 22.863516 68.703693 -40.484421 0.388686 -0.916678 0.092865 -0.920244 -0.391216 -0.010047 0.04554 -0.081553 -0.995628 80.dat
1 16 28.009444 70.288522 -40.151722 0.201737 -0.978435 0.044361 -0.979373 -0.202044 -0.002519 0.011428 -0.042938 -0.999012 80.dat
1 16 33.374806 70.930753 -40.014977 0.026687 -0.999627 0.005771 -0.999644 -0.026687 0.00011 0.000044 -0.005772 -0.999983 80.dat
1 16 38.556101 70.999951 -40.000011 0.000019 -1 0.000004 -1 -0.000019 0 0 -0.000004 -1 80.dat
1 16 43.738466 71 -40 0 -1 0 -1 0 0 0 0 -1 80.dat
1 16 49.064824 71 -40 0 1 0 -1 0 0 0 0 1 79.dat
0 FILE 42077 - hoggear.ldr
0 hoggear
0 Name: 42077 - hoggear.ldr
0 Author: Philippe Hurbain [Philo]
0 !LICENSE Redistributable under CCAL version 2.0 : see CAreadme.txt

1 0 0 0 0 0 0 -1 1 0 0 0 -1 0 87408.dat
1 1 -20 0 0 0 -1 0 0 0 -1 1 0 0 43093.dat
1 1 20 0 0 0 -1 0 0 0 -1 1 0 0 43093.dat
1 71 -20 0 -10 0 0 1 1 0 0 0 1 0 60484.dat
1 19 0 0 0 0 1 0 0 0 1 1 0 0 99008.dat
1 14 0 0 -40 1 0 0 0 1 0 0 0 1 59443.dat
1 19 0 0 23 1 0 0 0 1 0 0 0 1 6589.dat
1 0 20 -20 10 0 1 0 0 0 -1 -1 0 0 15100.dat
1 0 20 20 10 0 1 0 0 0 -1 -1 0 0 15100.dat
1 72 -10 0 50 1 0 0 0 0 -1 0 1 0 87083.dat
1 19 -17 0 50 0 0 -1 0 1 0 1 0 0 42077 - 32198.dat
0 STEP
1 1 40 20 10 1 0 0 0 0 1 0 -1 0 6558.dat
1 1 40 -20 10 1 0 0 0 0 1 0 -1 0 6558.dat
1 71 40 0 10 0 -1 0 0 0 1 -1 0 0 32524.dat
1 0 30 -60 10 -1 0 0 0 0 1 0 1 0 2780.dat
1 0 30 -40 10 -1 0 0 0 0 1 0 1 0 2780.dat
1 0 30 40 10 -1 0 0 0 0 1 0 1 0 2780.dat
1 0 30 60 10 -1 0 0 0 0 1 0 1 0 2780.dat
1 0 0 0 -80 0 0 -1 0 -1 0 -1 0 0 3705.dat
1 14 0 0 -120 1 0 0 0 1 0 0 0 1 59443.dat
1 14 -50 0 50 0 0 1 1 0 0 0 1 0 59443.dat
0 FILE 42077 - seat.ldr
0 seat
0 Name: 42077 - seat.ldr
0 Author: Philippe Hurbain [Philo]
0 !LICENSE Redistributable under CCAL version 2.0 : see CAreadme.txt

1 1 0 0 0 0 1 0 0 0 1 1 0 0 32009.dat
1 14 20 0 80 1 0 0 0 1 0 0 0 1 4519.dat
1 14 20 -160 0 1 0 0 0 1 0 0 0 1 4519.dat
1 71 20 -160 0 0 0 1 0 1 0 -1 0 0 3713.dat
1 71 20 0 80 0 0 1 0 1 0 -1 0 0 3713.dat
1 71 20 -120 0 -1 0 0 0 0.983 0.182 0 0.182 -0.983 32073.dat
1 1 -20 -120 0 0 1 0 -0.182 0 0.983 0.983 0 0.182 6629.dat
1 0 -10 -21.675 18.224 1 0 0 0 0.182 0.983 0 -0.983 0.182 2780.dat
0 STEP
1 321 20 -120 0 0 -1 0 -0.983 0 0.182 -0.182 0 -0.983 32140.dat
1 1 40 0 0 0 1 0 0 0 1 1 0 0 32009.dat
1 1 60 -120 0 0 1 0 -0.182 0 0.983 0.983 0 0.182 6629.dat
1 0 50 -21.675 18.224 1 0 0 0 0.182 0.983 0 -0.983 0.182 2780.dat
0 FILE 42077 - frontaxle.ldr
0 frontaxle
0 Name: 42077 - frontaxle.ldr
0 Author: Philippe Hurbain [Philo]
0 !LICENSE Redistributable under CCAL version 2.0 : see CAreadme.txt

1 0 0 0 0 0 0 1 -1 0 0 0 -1 0 64179.dat
1 70 60 40 10 0 -1 0 0 0 1 -1 0 0 24316.dat
1 72 60 40 0 0 0.161 -0.987 0 -0.987 -0.161 -1 0 0 57515.dat
1 14 60 40 25 -1 0 0 0 -1 0 0 0 1 32123b.dat
1 14 60 40 35 -1 0 0 0 -1 0 0 0 1 32123b.dat
1 70 -60 40 10 0 0.987 -0.161 0 -0.161 -0.987 -1 0 0 24316.dat
1 72 -60 40 0 0 -0.161 0.987 0 -0.987 -0.161 1 0 0 57515.dat
1 14 -60 40 25 -0.987 -0.161 0 0.161 -0.987 0 0 0 1 32123b.dat
1 14 -60 40 35 -0.987 -0.161 0 0.161 -0.987 0 0 0 1 32123b.dat
0 STEP
1 70 -20 40 20 0 -1 0 0 0 -1 1 0 0 15462.dat
1 70 20 40 20 0 -1 0 0 0 -1 1 0 0 15462.dat
1 71 -20 40 -20 0 0 1 0 1 0 -1 0 0 6536.dat
1 71 20 40 -20 0 0 1 0 1 0 -1 0 0 6536.dat
1 71 0 0 20 -1 0 0 0 0 1 0 1 0 60484.dat
1 15 20 40 35 0 0 -1 1 0 0 0 -1 0 6632.dat
1 15 20 40 45 0 0 -1 1 0 0 0 -1 0 6632.dat
1 321 20 40 60 1 0 0 0 1 0 0 0 1 42003.dat
1 321 -20 40 60 1 0 0 0 1 0 0 0 1 42003.dat
1 14 0 20 60 1 0 0 0 1 0 0 0 1 4519.dat
1 71 0 20 60 -1 0 0 0 -1 0 0 0 1 6536.dat
0 STEP
1 72 -60 -40 0 0 0.161 0.987 0 0.987 -0.161 -1 0 0 57515.dat
1 70 -60 -40 10 0 0.987 -0.161 0 -0.161 -0.987 -1 0 0 24316.dat
1 14 -60 -40 25 0.987 0.161 0 -0.161 0.987 0 0 0 1 32123b.dat
1 14 -60 -40 35 0.987 0.161 0 -0.161 0.987 0 0 0 1 32123b.dat
1 70 60 -40 10 0 -0.987 -0.161 0 -0.161 0.987 -1 0 0 24316.dat
1 72 60 -40 0 0 -0.161 -0.987 0 0.987 -0.161 1 0 0 57515.dat
1 14 60 -40 25 0.987 -0.161 0 0.161 0.987 0 0 0 1 32123b.dat
1 14 60 -40 35 0.987 -0.161 0 0.161 0.987 0 0 0 1 32123b.dat
0 STEP
1 0 158.699 -13.919 0 0 1 0 1 0 0 0 0 -1 6628.dat
1 0 158.699 46.081 0 0 -1 0 -1 0 0 0 0 -1 6628.dat
1 0 158.699 16.081 0 0 0 -1 0 -1 0 -1 0 0 42077 - 23801.dat
1 72 188.699 16.081 0 0 0 -1 0 -1 0 -1 0 0 92909.dat
1 71 158.699 6.081 40 0 0 -1 -1 0 0 0 1 0 2736.dat
1 71 -158.699 6.081 40 0 0 -1 -1 0 0 0 1 0 2736.dat
1 0 -158.699 -13.919 0 0 -1 0 1 0 0 0 0 1 6628.dat
1 0 -158.699 46.081 0 0 1 0 -1 0 0 0 0 1 6628.dat
1 0 -158.699 16.081 0 0 0 1 0 -1 0 1 0 0 42077 - 23801.dat
1 72 -188.699 16.081 0 0 0 1 0 -1 0 1 0 0 92909.dat
0 STEP
1 14 138.959 -27.135 0 0 1 0 0 0 -1 -1 0 0 4519.dat
1 14 138.959 52.865 0 0 1 0 0 0 -1 -1 0 0 4519.dat
1 0 138.959 12.865 15 -1 0 0 0 0 -1 0 -1 0 11478.dat
1 0 138.959 12.865 -15 -1 0 0 0 0 -1 0 -1 0 11478.dat
1 14 -138.959 -27.135 0 0 1 0 0 0 -1 -1 0 0 4519.dat
1 14 -138.959 52.865 0 0 1 0 0 0 -1 -1 0 0 4519.dat
1 0 -138.959 12.865 15 -1 0 0 0 0 -1 0 -1 0 11478.dat
1 0 -138.959 12.865 -15 -1 0 0 0 0 -1 0 -1 0 11478.dat
1 0 0 20 40 -1 0 0 0 1 0 0 0 -1 87761.dat
1 0 60 10 40 0 0 -1 1 0 0 0 -1 0 6628.dat
1 0 -60 10 40 0 0 -1 1 0 0 0 -1 0 6628.dat
1 0 158.699 16.081 40 0 0.161 -0.987 0 -0.987 -0.161 -1 0 0 2739a.dat
1 0 -60 0 40 0 -0.161 -0.987 0 -0.987 0.161 -1 0 0 2739a.dat
1 71 40 20 20 0 1 0 0 0 1 1 0 0 22961.dat
1 71 -40 20 20 0 1 0 0 0 1 1 0 0 22961.dat
1 1 -30 20 20 1 0 0 0 1 0 0 0 1 4274.dat
1 1 30 20 20 -1 0 0 0 -1 0 0 0 1 4274.dat
1 57 22 20 20 0 1 0 -1 0 0 0 0 1 98138.dat
1 57 -22 20 20 0 -1 0 1 0 0 0 0 1 98138.dat
0 STEP
1 14 138.959 32.865 -35 1 0 0 0 -1 0 0 0 -1 32123b.dat
1 14 138.959 32.865 -25 1 0 0 0 -1 0 0 0 -1 32123b.dat
1 70 138.959 32.865 -10 0 1 0 0 0 1 1 0 0 24316.dat
1 14 -138.959 32.865 -35 1 0 0 0 -1 0 0 0 -1 32123b.dat
1 14 -138.959 32.865 -25 1 0 0 0 -1 0 0 0 -1 32123b.dat
1 70 -138.959 32.865 -10 0 1 0 0 0 1 1 0 0 24316.dat
1 14 -80 -60 0 -0.844 -0.536 0 -0.536 0.844 0 0 0 -1 76537.dat
1 14 80 -60 0 -0.844 0.536 0 0.536 0.844 0 0 0 -1 76537.dat
0 STEP
1 1 -20 -40 0 0 0 1 0 1 0 -1 0 0 6558.dat
1 1 20 -40 0 0 0 1 0 1 0 -1 0 0 6558.dat
1 72 -80 -60 20 0 0 1 1 0 0 0 1 0 32140.dat
1 72 80 -60 20 0 0 -1 1 0 0 0 -1 0 32140.dat
1 1 20 -60 0 0 0 1 0 1 0 -1 0 0 6558.dat
1 1 60 -60 0 0 0 1 0 1 0 -1 0 0 6558.dat
1 1 -20 -60 0 0 0 1 0 1 0 -1 0 0 6558.dat
1 1 -60 -60 0 0 0 1 0 1 0 -1 0 0 6558.dat
1 71 0 -60 0 0 0 1 1 0 0 0 1 0 32524.dat
0 STEP
1 71 -80 -60 20 0 1 0 0 0 -1 -1 0 0 32073.dat
1 71 80 -60 20 0 1 0 0 0 -1 -1 0 0 32073.dat
1 71 -80 -60 40 0 1 0 -1 0 0 0 0 1 3713.dat
1 71 80 -60 40 0 1 0 -1 0 0 0 0 1 3713.dat
1 72 -80 -60 -20 0 0 1 1 0 0 0 1 0 32140.dat
1 72 80 -60 -20 0 0 -1 1 0 0 0 -1 0 32140.dat
1 15 -80 -60 80 0 -1 0 1 0 0 0 0 1 32013.dat
1 15 80 -60 80 0 -1 0 1 0 0 0 0 1 32013.dat
1 0 -80 -70 80 0 -1 0 1 0 0 0 0 1 2780.dat
1 0 80 -70 80 0 -1 0 1 0 0 0 0 1 2780.dat
0 FILE 42077 - frontspoiler.ldr
0 frontspoiler
0 Name: 42077 - frontspoiler.ldr
0 Author: Philippe Hurbain [Philo]
0 !LICENSE Redistributable under CCAL version 2.0 : see CAreadme.txt

1 4 80 0 20 -1 0 0 0 0 1 0 1 0 32184.dat
1 71 0 0 0 -1 0 0 0 0 1 0 1 0 60485.dat
1 1 70 0 40 1 0 0 0 0 1 0 -1 0 43093.dat
1 15 60 0 80 0 1 0 1 0 0 0 0 -1 40490.dat
1 0 50 0 60 -1 0 0 0 1 0 0 0 -1 2780.dat
1 72 40 0 20 0 -1 0 -1 0 0 0 0 -1 32316.dat
0 STEP
1 0 -20 -20 0 0 0 -1 -1 0 0 0 1 0 64683.dat
1 0 20 -20 0 0 0 1 1 0 0 0 1 0 64391.dat
1 72 20 0 -20 -1 0 0 0 0 1 0 1 0 11214.dat
1 4 -20 0 -20 -1 0 0 0 0 1 0 1 0 32054.dat
0 STEP
1 72 -40 0 20 0 -1 0 -1 0 0 0 0 -1 32316.dat
1 0 -50 0 60 -1 0 0 0 1 0 0 0 -1 2780.dat
1 1 80 -20 20 0 -1 0 -1 0 0 0 0 -1 6558.dat
0 FILE 42077 - headlight1.ldr
0 headlight1
0 Name: 42077 - headlight1.ldr
0 Author: Philippe Hurbain [Philo]
0 !LICENSE Redistributable under CCAL version 2.0 : see CAreadme.txt

1 15 0 0 0 0 0 -1 0 1 0 1 0 0 32271.dat
1 72 0 -20 0 0 0 -1 1 0 0 0 -1 0 11214.dat
1 0 -40 -10 0 0 0 -1 1 0 0 0 -1 0 2780.dat
1 0 -120 10 0 0 0 -1 1 0 0 0 -1 0 2780.dat
1 1 -144 10 32 0 -0.6 -0.8 -1 0 0 0 0.8 -0.6 43093.dat
1 321 -160 20 20 0.8 -0.6 0 0 0 -1 0.6 0.8 0 64680.dat
0 STEP
1 0 -166 -60 28 -0.6 0.48 0.64 0 -0.8 0.6 0.8 0.36 0.48 2780.dat
1 0 -166 -20 28 -0.6 0.48 0.64 0 -0.8 0.6 0.8 0.36 0.48 2780.dat
1 321 -172 -40 36 0.8 -0.6 0 0 0 -1 0.6 0.8 0 32524.dat
0 STEP
1 72 -100 -20 0 0 1 0 -1 0 0 0 0 1 11214.dat
1 72 -120 -88.687 30.166 0 -1 0 0.254 0 -0.967 0.967 0 0.254 32316.dat
1 0 -110 -50 20 -1 0 0 0 -0.254 -0.967 0 -0.967 0.254 2780.dat
1 1 -140 -127.373 40.332 -1 0 0 0 0.254 0.967 0 0.967 -0.254 6558.dat
1 72 -140 -127.373 40.332 0 1 0 -0.967 0 0.254 0.254 0 0.967 18654.dat
1 1 -120 -108.03 35.249 -1 0 0 0 0.254 0.967 0 0.967 -0.254 6558.dat
1 1 -120 -88.687 30.166 -1 0 0 0 0.254 0.967 0 0.967 -0.254 6558.dat
1 0 -140 -100.9 23.036 0 0 -1 -0.967 0.254 0 0.254 0.967 0 32000.dat
1 0 -100 -100.9 23.036 0 0 -1 -0.967 0.254 0 0.254 0.967 0 32000.dat
1 47 -130 -100.9 23.036 0 0 1 0.967 0.254 0 -0.254 0.967 0 30602.dat
1 47 -100 -102.933 15.299 0 0 1 0.967 0.254 0 -0.254 0.967 0 3023.dat
1 47 -100 -104.966 7.561 0 0 1 0.967 0.254 0 -0.254 0.967 0 3023.dat
1 47 -100 -106.999 -0.176 0 0 1 0.967 0.254 0 -0.254 0.967 0 3069b.dat
1 0 -100 -40 0 0 0 1 1 0 0 0 1 0 32291.dat
1 72 -100 -20 0 1 0 0 0 1 0 0 0 1 18654.dat
0 FILE 42077 - headlight2.ldr
0 headlight2
0 Name: 42077 - headlight2.ldr
0 Author: Philippe Hurbain [Philo]
0 !LICENSE Redistributable under CCAL version 2.0 : see CAreadme.txt

1 15 0 0 0 0 0 1 0 -1 0 1 0 0 32271.dat
1 72 0 -20 0 0 0 -1 1 0 0 0 -1 0 11214.dat
1 0 40 -10 0 0 0 1 -1 0 0 0 -1 0 2780.dat
1 0 120 10 0 0 0 1 -1 0 0 0 -1 0 2780.dat
1 1 144 10 32 0 0.6 -0.8 -1 0 0 0 0.8 0.6 43093.dat
1 321 160 20 20 0.8 0.6 0 0 0 -1 -0.6 0.8 0 64394.dat
0 STEP
1 0 166 -60 28 -0.6 -0.48 -0.64 0 -0.8 0.6 -0.8 0.36 0.48 2780.dat
1 0 166 -20 28 -0.6 -0.48 -0.64 0 -0.8 0.6 -0.8 0.36 0.48 2780.dat
1 321 172 -40 36 0.8 0.6 0 0 0 -1 -0.6 0.8 0 32524.dat
0 STEP
1 72 100 -20 0 0 -1 0 -1 0 0 0 0 -1 11214.dat
1 72 120 -88.687 30.166 0 1 0 -0.254 0 -0.967 -0.967 0 0.254 32316.dat
1 0 110 -50 20 -1 0 0 0 -0.254 -0.967 0 -0.967 0.254 2780.dat
1 1 140 -127.373 40.332 1 0 0 0 0.254 -0.967 0 0.967 0.254 6558.dat
1 72 140 -127.373 40.332 0 -1 0 0.967 0 0.254 -0.254 0 0.967 18654.dat
1 1 120 -108.03 35.249 1 0 0 0 0.254 -0.967 0 0.967 0.254 6558.dat
1 1 120 -88.687 30.166 1 0 0 0 0.254 -0.967 0 0.967 0.254 6558.dat
1 0 140 -100.9 23.036 0 0 1 0.967 0.254 0 -0.254 0.967 0 32000.dat
1 0 100 -100.9 23.036 0 0 1 0.967 0.254 0 -0.254 0.967 0 32000.dat
1 47 130 -100.9 23.036 0 0 -1 -0.967 0.254 0 0.254 0.967 0 30602.dat
1 47 100 -102.933 15.299 0 0 -1 -0.967 0.254 0 0.254 0.967 0 3023.dat
1 47 100 -104.966 7.561 0 0 -1 -0.967 0.254 0 0.254 0.967 0 3023.dat
1 47 100 -106.999 -0.176 0 0 -1 -0.967 0.254 0 0.254 0.967 0 3069b.dat
1 0 100 -40 0 0 0 -1 -1 0 0 0 1 0 32291.dat
1 72 100 -20 0 1 0 0 0 1 0 0 0 1 18654.dat
0 FILE 42077 - hood1.ldr
0 hood1
0 Name: 42077 - hood1.ldr
0 Author: Philippe Hurbain [Philo]
0 !LICENSE Redistributable under CCAL version 2.0 : see CAreadme.txt

1 15 0 0 0 0 1 0 -1 0 0 0 0 1 32525.dat
1 1 -20 0 100 -1 0 0 0 0 -1 0 -1 0 6558.dat
1 1 -20 0 80 -1 0 0 0 0 -1 0 -1 0 6558.dat
1 4 -20 0 90 0 -1 0 -1 0 0 0 0 -1 43857.dat
1 15 -40 0 100 0 -1 0 -1 0 0 0 0 -1 32523.dat
1 0 10 0 -60 -1 0 0 0 1 0 0 0 -1 2780.dat
1 0 10 0 -20 -1 0 0 0 1 0 0 0 -1 2780.dat
1 15 20 0 -100 0 -1 0 1 0 0 0 0 1 64682.dat
0 STEP
1 1 20 20 -110 0 -1 0 0 0 1 -1 0 0 43093.dat
1 15 20 20 -120 0 0 -1 0 -1 0 -1 0 0 6536.dat
1 4 0 0 -120 -1 0 0 0 -0.242 0.97 0 0.97 0.242 87082.dat
1 0 0 2.419 -129.703 0 0 1 -0.242 -0.97 0 0.97 -0.242 0 2780.dat
1 321 -20 0 0 -1 0 0 0 1 0 0 0 -1 18944.dat
1 1 -20 0 120 -1 0 0 0 1 0 0 0 -1 6558.dat
1 0 40 20 -110 0 1 0 0 0 1 1 0 0 2780.dat
1 0 100 20 -110 0 1 0 0 0 1 1 0 0 2780.dat
0 FILE 42077 - hood2.ldr
0 hood2
0 Name: 42077 - hood2.ldr
0 Author: Philippe Hurbain [Philo]
0 !LICENSE Redistributable under CCAL version 2.0 : see CAreadme.txt

1 15 0 0 0 0 -1 0 1 0 0 0 0 1 32525.dat
1 1 20 0 100 1 0 0 0 0 1 0 -1 0 6558.dat
1 1 20 0 80 1 0 0 0 0 1 0 -1 0 6558.dat
1 4 20 0 90 0 1 0 1 0 0 0 0 -1 43857.dat
1 15 40 0 100 0 1 0 1 0 0 0 0 -1 32523.dat
1 0 -10 0 -60 -1 0 0 0 1 0 0 0 -1 2780.dat
1 0 -10 0 -20 -1 0 0 0 1 0 0 0 -1 2780.dat
1 15 -20 0 -100 0 1 0 -1 0 0 0 0 1 64392.dat
0 STEP
1 1 -20 20 -110 0 1 0 0 0 -1 -1 0 0 43093.dat
1 15 -20 20 -120 0 0 1 0 -1 0 1 0 0 6536.dat
1 4 0 0 -120 -1 0 0 0 -0.242 0.97 0 0.97 0.242 87082.dat
1 0 0 2.419 -129.703 0 0 -1 0.242 -0.97 0 -0.97 -0.242 0 2780.dat
1 321 20 0 0 -1 0 0 0 1 0 0 0 -1 18944.dat
1 1 20 0 120 1 0 0 0 1 0 0 0 1 6558.dat
1 0 -40 20 -110 0 -1 0 0 0 1 -1 0 0 2780.dat
1 0 -100 20 -110 0 -1 0 0 0 1 -1 0 0 2780.dat
0 FILE 42077 - roof.ldr
0 roof
0 Name: 42077 - roof.ldr
0 Author: Philippe Hurbain [Philo]
0 !LICENSE Redistributable under CCAL version 2.0 : see CAreadme.txt

1 15 0 0 0 0 -1 0 1 0 0 0 0 1 32316.dat
1 0 10 0 40 1 0 0 0 0 -1 0 1 0 2780.dat
1 0 10 0 0 1 0 0 0 0 -1 0 1 0 2780.dat
1 15 40 0 60 0 0 1 0 1 0 -1 0 0 15458.dat
1 0 70 0 0 -1 0 0 0 1 0 0 0 -1 2780.dat
1 0 70 0 120 -1 0 0 0 1 0 0 0 -1 2780.dat
0 STEP
1 15 80 0 60 0 1 0 1 0 0 0 0 -1 32525.dat
1 1 100 0 -40 1 0 0 0 -1 0 0 0 -1 6558.dat
1 1 100 0 -20 1 0 0 0 -1 0 0 0 -1 6558.dat
1 1 100 0 40 1 0 0 0 -1 0 0 0 -1 6558.dat
1 1 100 0 160 1 0 0 0 -1 0 0 0 -1 6558.dat
1 4 100 0 20 1 0 0 0 -1 0 0 0 -1 87082.dat
1 15 100 0 -20 0 -1 0 -1 0 0 0 0 -1 32523.dat
1 321 100 0 100 0 -1 0 -1 0 0 0 0 -1 32524.dat
1 15 120 0 60 0 1 0 1 0 0 0 0 -1 32525.dat
1 0 130 0 0 1 0 0 0 0 1 0 -1 0 2780.dat
1 0 130 0 120 1 0 0 0 0 1 0 -1 0 2780.dat
0 STEP
1 15 160 0 60 0 0 1 0 1 0 -1 0 0 15458.dat
1 0 190 0 0 -1 0 0 0 0 1 0 1 0 2780.dat
1 0 190 0 40 -1 0 0 0 0 1 0 1 0 2780.dat
1 15 200 0 0 0 -1 0 1 0 0 0 0 1 32316.dat
1 1 220 0 -20 1 0 0 0 1 0 0 0 1 6558.dat
1 1 -20 0 -20 -1 0 0 0 -1 0 0 0 1 6558.dat
0 FILE 42077 - technicFlexAxle-1.ldr
0 technicFlexAxle-1
0 Name: 42077 - technicFlexAxle-1.ldr
0 Author: LDCad
0 !LICENSE Redistributable under CCAL version 2.0 : see CAreadme.txt

0 !CATEGORY technic
0 !KEYWORDS flexible

0 !LDCAD CONTENT [type=path] [addFallBack=default] [looped=false] [displayKind=mm] [curveStep=0] [displayLenCor=0]
0 !LDCAD PATH_POINT [type=bezier] [posOri=0 -2 0 1 0 0 0 1 0 0 0 1] [prevCPDist=25] [nextCPDist=25] [cirR=20] [cirDir=xyCW] [prevYRoll=0] [nextYRoll=0]
0 !LDCAD PATH_POINT [type=bezier] [posOri=0 -22 0 1 0 0 0 1 0 0 0 1] [prevCPDist=25] [nextCPDist=88] [cirR=20] [cirDir=xyCW] [prevYRoll=0] [nextYRoll=0]
0 !LDCAD PATH_POINT [type=bezier] [posOri=-21.281629 -342.139936 -116.269032 0.992222 0.117002 -0.042493 -0.117002 0.760067 -0.639225 -0.042493 0.639225 0.767845] [prevCPDist=86.5] [nextCPDist=25] [cirR=20] [cirDir=xyCW] [prevYRoll=0] [nextYRoll=0]
0 !LDCAD PATH_POINT [type=bezier] [posOri=-23.621675 -357.341283 -129.053525 0.992222 0.117002 -0.042493 -0.117002 0.760067 -0.639225 -0.042493 0.639225 0.767845] [prevCPDist=25] [nextCPDist=25] [cirR=20] [cirDir=xyCW] [prevYRoll=0] [nextYRoll=0]

0 !LDCAD PATH_SKIN [donCol=16] [donOri=1 0 0 0 -1 0 0 0 -1] [donPart=42077 - ldcFlexAxleEndA.dat] [donYSize=100%] [donCen=absCen] [donCenYOfs=0] [donFinScale=fitDon2Seg] [donPlace=deform] [donYAlign=0] [donInline=false] [segSize=100%] [segSizeTol=5%] [segsCnt=1] [segsGrp=0] [segsMaxMerge=1] [segsMrgAng=0] [segsMrgRollAng=0] [segsEdgeDelKind=keepFirstLeft]
0 !LDCAD PATH_SKIN [donCol=16] [donOri=1 0 0 0 1 0 0 0 1] [donPart=42077 - ldcFlexAxleEndB.dat] [donYSize=100%] [donCen=absCen] [donCenYOfs=0] [donFinScale=fitDon2Seg] [donPlace=deform] [donYAlign=0] [donInline=false] [segSize=100%] [segSizeTol=5%] [segsCnt=4] [segsGrp=0] [segsMaxMerge=4] [segsMrgAng=0] [segsMrgRollAng=0] [segsEdgeDelKind=keepFirstLeft]
0 !LDCAD PATH_SKIN [donCol=16] [donOri=1 0 0 0 -1 0 0 0 -1] [donPart=42077 - ldcFlexAxleEndC.dat] [donYSize=100%] [donCen=absCen] [donCenYOfs=0] [donFinScale=fitDon2Seg] [donPlace=deform] [donYAlign=0] [donInline=false] [segSize=100%] [segSizeTol=5%] [segsCnt=1] [segsGrp=0] [segsMaxMerge=1] [segsMrgAng=0] [segsMrgRollAng=0] [segsEdgeDelKind=keepAll]
0 !LDCAD PATH_SKIN [donCol=16] [donOri=1 0 0 0 -1 0 0 0 -1] [donPart=42077 - ldcFlexAxleEndD.dat] [donYSize=100%] [donCen=absCen] [donCenYOfs=0] [donFinScale=fitDon2Seg] [donPlace=deform] [donYAlign=0] [donInline=false] [segSize=100%] [segSizeTol=5%] [segsCnt=1] [segsGrp=0] [segsMaxMerge=1] [segsMrgAng=0] [segsMrgRollAng=0] [segsEdgeDelKind=keepFirstLeft]
0 !LDCAD PATH_SKIN [donCol=16] [donOri=1 0 0 0 -1 0 0 0 -1] [donPart=42077 - ldcFlexAxleEndE.dat] [donYSize=100%] [donCen=absCen] [donCenYOfs=0] [donFinScale=fitDon2Seg] [donPlace=deform] [donYAlign=0] [donInline=false] [segSize=100%] [segSizeTol=5%] [segsCnt=1] [segsGrp=0] [segsMaxMerge=1] [segsMrgAng=0] [segsMrgRollAng=0] [segsEdgeDelKind=keepFirstLeft]
0 !LDCAD PATH_SKIN [donCol=16] [donOri=1 0 0 0 -1 0 0 0 -1] [donPart=42077 - ldcFlexAxleEndF.dat] [donYSize=100%] [donCen=absCen] [donCenYOfs=0] [donFinScale=fitDon2Seg] [donPlace=deform] [donYAlign=0] [donInline=false] [segSize=100%] [segSizeTol=5%] [segsCnt=1] [segsGrp=0] [segsMaxMerge=1] [segsMrgAng=0] [segsMrgRollAng=0] [segsEdgeDelKind=keepFirstLeft]
0 !LDCAD PATH_SKIN [donCol=16] [donOri=1 0 0 0 -1 0 0 0 -1] [donPart=42077 - ldcFlexAxleEndG.dat] [donYSize=100%] [donCen=absCen] [donCenYOfs=0] [donFinScale=fitDon2Seg] [donPlace=deform] [donYAlign=0] [donInline=false] [segSize=100%] [segSizeTol=5%] [segsCnt=1] [segsGrp=0] [segsMaxMerge=1] [segsMrgAng=0] [segsMrgRollAng=0] [segsEdgeDelKind=keepFirstLeft]
0 !LDCAD PATH_SKIN [donCol=16] [donOri=1 0 0 0 1 0 0 0 1] [donPart=42077 - ldcFlexAxleMid.dat] [donYSize=400%] [donCen=absCen] [donCenYOfs=0] [donFinScale=fitDon2Seg] [donPlace=deform] [donYAlign=0] [donInline=false] [segSize=100%] [segSizeTol=5%] [segsCnt=0] [segsGrp=0] [segsMaxMerge=5] [segsMrgAng=0] [segsMrgRollAng=0] [segsEdgeDelKind=keepFirstLeft]
0 !LDCAD PATH_SKIN [donCol=16] [donOri=1 0 0 0 1 0 0 0 1] [donPart=42077 - ldcFlexAxleEndG.dat] [donYSize=100%] [donCen=absCen] [donCenYOfs=0] [donFinScale=fitDon2Seg] [donPlace=deform] [donYAlign=0] [donInline=false] [segSize=100%] [segSizeTol=5%] [segsCnt=1] [segsGrp=0] [segsMaxMerge=1] [segsMrgAng=0] [segsMrgRollAng=0] [segsEdgeDelKind=keepFirstLeft]
0 !LDCAD PATH_SKIN [donCol=16] [donOri=1 0 0 0 1 0 0 0 1] [donPart=42077 - ldcFlexAxleEndF.dat] [donYSize=100%] [donCen=absCen] [donCenYOfs=0] [donFinScale=fitDon2Seg] [donPlace=deform] [donYAlign=0] [donInline=false] [segSize=100%] [segSizeTol=5%] [segsCnt=1] [segsGrp=0] [segsMaxMerge=1] [segsMrgAng=0] [segsMrgRollAng=0] [segsEdgeDelKind=keepFirstLeft]
