0 42091 Police Pursuit
0 Author: LEGO Digital Designer 4.3
0 ROTATION CENTER 0 0 0 1 "Custom" 
0 ROTATION CONFIG 0 0
1 0 20 -46 -302 1 0 0 0 0.799999 -0.600001 0 0.600001 0.799999 18651.dat
1 0 20 -46 -302 0 -1 0 -0.600001 0 -0.799999 0.799999 0 -0.600001 60483.dat
1 71 -20 -10 -150 0 -1 0 -1 0 0 0 0 -1 6629.dat
1 71 20 -10 -150 1 0 0 0 1 0 0 0 1 44294.dat
1 71 60 -10 -150 0 -1 0 -1 0 0 0 0 -1 6629.dat
1 71 20 -58 -286 1 0 0 0 0.799999 -0.600001 0 0.600001 0.799999 44294.dat
1 0 5 -33.9999 -318 0 1 0 -0.799999 0 -0.600001 -0.600001 0 0.799999 32056.dat
1 0 35 -33.9999 -318 0 1 0 -0.799999 0 -0.600001 -0.600001 0 0.799999 32056.dat
1 0 45 -33.9999 -318 0 1 0 -0.799999 0 -0.600001 -0.600001 0 0.799999 32056.dat
1 71 20 -58 -286 0 0 1 -0.799999 0.600001 0 -0.600001 -0.799999 0 6590.dat
1 0 -5.00002 -33.9999 -318 0 1 0 -0.799999 0 -0.600001 -0.600001 0 0.799999 32056.dat
1 14 20 -65.9999 -342 1 0 0 0 0.799999 -0.600001 0 0.600001 0.799999 32073.dat
1 321 100 -50 -90 1 0 0 0 -1 0 0 0 -1 11954.dat
1 71 40 -9.99997 -90 0 -1 0 -1 0 0 0 0 -1 32278.dat
1 71 0 -9.99997 -90 0 -1 0 -1 0 0 0 0 -1 32278.dat
1 321 -60 -50 -90 -1 0 0 0 -1 0 0 0 1 11954.dat
1 15 -40 -42 -274 0 -1 0 -0.600001 0 -0.799999 0.799999 0 -0.600001 32523.dat
1 15 80 -42 -274 0 -1 0 -0.600001 0 -0.799999 0.799999 0 -0.600001 32523.dat
1 321 -20 -65.9029 -342.128 0 0 -1 -0.795151 -0.606411 0 -0.606411 0.795151 0 87080.dat
1 321 60 -65.9029 -342.128 0 0 1 0.795152 -0.606411 0 0.606411 0.795152 0 87086.dat
1 0 20 -42 -274 1 0 0 0 1 0 0 0 1 3708.dat
1 14 95 -42 -274 0 0 -1 0 1 0 1 0 0 32123a.dat
1 14 -55 -42 -274 0 0 -1 0 1 0 1 0 0 32123a.dat
1 0 120 -42 -274 0 0 1 -1 0 0 0 -1 0 56145.dat
1 0 -80.0001 -42 -274 0 0 -1 -1 0 0 0 1 0 56145.dat
1 0 -80.0001 -42 -274 0 0 -1 0 1 0 1 0 0 55978.dat
1 0 120 -42 -274 0 0 1 0 1 0 -1 0 0 55978.dat
1 71 130 -42 -274 0 0 1 -1 0 0 0 -1 0 6590.dat
1 71 -90 -42 -274 0 0 -1 -1 0 0 0 1 0 6590.dat
1 1 -20 -10 -9.99998 -1 0 0 0 1 0 0 0 -1 6558.dat
1 15 -20 -10 -10 0 1 0 -1 0 0 0 0 1 32526.dat
1 71 -90 -30 70 0 0 -1 -1 0 0 0 1 0 6590.dat
1 0 20 -30 70 1 0 0 0 1 0 0 0 1 3708.dat
1 14 95 -30 70 0 0 -1 0 1 0 1 0 0 32123a.dat
1 14 -55 -30 70 0 0 -1 0 1 0 1 0 0 32123a.dat
1 0 120 -30 70 0 0 1 -1 0 0 0 -1 0 56145.dat
1 0 120 -30 70 0 0 1 0 1 0 -1 0 0 55978.dat
1 0 -80 -30 70 0 0 -1 -1 0 0 0 1 0 56145.dat
1 0 -80 -30 70 0 0 -1 0 1 0 1 0 0 55978.dat
1 71 130 -30 70 0 0 1 -1 0 0 0 -1 0 6590.dat
1 15 -40 -30 70 0 -1 0 0 0 -1 1 0 0 32523.dat
1 0 -30 -50 70 -1 0 0 0 1 0 0 0 -1 2780.dat
1 0 -30 -10 70 -1 0 0 0 1 0 0 0 -1 2780.dat
1 15 80 -30 70 0 -1 0 0 0 -1 1 0 0 32523.dat
1 0 70 -10 70 -1 0 0 0 1 0 0 0 -1 2780.dat
1 15 60 -10 -10 0 1 0 -1 0 0 0 0 1 32526.dat
1 0 70 -50 70 -1 0 0 0 1 0 0 0 -1 2780.dat
1 0 50 -10 30 -1 0 0 0 1 0 0 0 -1 2780.dat
1 1 60 -10 -10 1 0 0 0 1 0 0 0 1 6558.dat
1 0 -10 -10 30 -1 0 0 0 1 0 0 0 -1 2780.dat
1 1 -60 -70 -130.025 0 -1 0 1 0 0 0 0 1 6558.dat
1 15 -60 -90 -130.025 -1 0 0 0 1 0 0 0 -1 18654.dat
1 15 -20 -90 -150.025 0 1 0 -1 0 0 0 0 1 64683.dat
1 0 -20 -90 -160.025 0 -1 0 0 0 1 -1 0 0 2780.dat
1 15 19.9999 -90 -170.025 0 0 -1 -1 0 0 0 1 0 32524.dat
1 71 79.9999 -90 -180.025 0 1 0 0 0 -1 -1 0 0 4274.dat
0 MLCAD BTG flex
1 15 80 -90 -203.625 1 0 0 0 0 -1 0 1 0 LS40.dat
0 MLCAD BTG flex
1 15 -40 -90 -203.625 1 0 0 0 0 -1 0 1 0 LS40.dat
1 0 59.9999 -90 -160.025 0 0 1 0 1 0 -1 0 0 2780.dat
1 15 60 -90 -150.025 0 -1 0 1 0 0 0 0 1 64391.dat
1 0 50 -90 -110 1 0 0 0 -1 0 0 0 -1 2780.dat
1 15 40 -90 -150 0 -1 0 1 0 0 0 0 1 32526.dat
1 1 20 -50 -70 -1 0 0 0 1 0 0 0 -1 6558.dat
1 15 -1.2666e-005 -90 -150 0 -1 0 1 0 0 0 0 1 32526.dat
1 0 -10 -90 -110 1 0 0 0 -1 0 0 0 -1 2780.dat
1 1 20 -90 -70 -1 0 0 0 1 0 0 0 -1 6558.dat
1 15 20 -90 -70 0 -1 0 0 0 1 -1 0 0 32526.dat
1 72 20 -30 70 1 0 0 0 1 0 0 0 1 12799.dat
1 1 20 -10 -70 1 0 0 0 1 0 0 0 1 6558.dat
1 1 20 -10 -110 1 0 0 0 1 0 0 0 1 6558.dat
1 1 20 -90 -150 -1 0 0 0 1 0 0 0 -1 6558.dat
1 15 20 -90 -150 0 1 0 1 0 0 0 0 -1 18654.dat
1 1 40 -90 -90 -1 0 0 0 1 0 0 0 -1 6558.dat
1 0 20 -110 -90 0 -1 0 0 0 1 -1 0 0 60483.dat
1 71 20 -110 -90 1 0 0 0 1 0 0 0 1 44294.dat
1 33 60 -110 -90 0 1 0 1 0 0 0 0 -1 41669.dat
1 33 80 -110 -90 0 -1 0 -1 0 0 0 0 -1 41669.dat
1 36 -20 -110 -90 0 -1 0 -1 0 0 0 0 -1 41669.dat
1 36 -40 -110 -90 0 1 0 1 0 0 0 0 -1 41669.dat
1 15 -3.94881e-005 -110 -90 0 -1 0 -1 0 0 0 0 -1 18654.dat
1 15 40 -110 -90 0 -1 0 -1 0 0 0 0 -1 18654.dat
1 1 99.9999 -70 -130.025 0 -1 0 1 0 0 0 0 1 6558.dat
1 15 99.9999 -90 -130.025 -1 0 0 0 1 0 0 0 -1 18654.dat
1 71 -40.0001 -90 -180.025 0 1 0 0 0 -1 -1 0 0 4274.dat
0 MLCAD BTG flex
0 MLCAD FLEXHOSE 15 0 0 0 1 0 0 0 1 0 0 0 1  -40 -90 -202  0 -38 150 80 -90 -202 0 -38 150 250 LS41.dat LS41.dat 0
0 MLCAD SKIP_BEGIN
1 15 -40 -90 -202 0.999998 -0.00175441 0.000444449 0 -0.245575 -0.969378 0.00180983 0.969376 -0.245575 LS41.dat
1 15 -39.9982 -89.7429 -203.015 0.999985 -0.00529068 0.00134029 0 -0.245572 -0.969378 0.00545781 0.969364 -0.245569 LS41.dat
1 15 -39.9926 -89.4849 -204.033 0.999958 -0.0088718 0.00224743 0 -0.245566 -0.96938 0.00915204 0.969339 -0.245556 LS41.dat
1 15 -39.9833 -89.226 -205.055 0.999917 -0.0124986 0.00316604 0 -0.245556 -0.969382 0.0128933 0.969302 -0.245536 LS41.dat
1 15 -39.97 -88.9662 -206.081 0.999861 -0.0161718 0.0040963 0 -0.245544 -0.969386 0.0166826 0.969251 -0.245509 LS41.dat
1 15 -39.9529 -88.7055 -207.11 0.999789 -0.0198924 0.00503836 0 -0.245527 -0.96939 0.0205206 0.969186 -0.245475 LS41.dat
1 15 -39.9317 -88.444 -208.142 0.999702 -0.0236612 0.0059924 0 -0.245507 -0.969395 0.0244083 0.969106 -0.245434 LS41.dat
1 15 -39.9064 -88.1816 -209.178 0.999598 -0.0274791 0.00695858 0 -0.245483 -0.969401 0.0283465 0.969011 -0.245384 LS41.dat
1 15 -39.8769 -87.9183 -210.217 0.999477 -0.031347 0.00793709 0 -0.245455 -0.969408 0.0323363 0.968901 -0.245327 LS41.dat
1 15 -39.8432 -87.6542 -211.26 0.999338 -0.0352658 0.0089281 0 -0.245423 -0.969416 0.0363784 0.968774 -0.24526 LS41.dat
1 15 -39.8051 -87.3893 -212.305 0.999181 -0.0392365 0.00993177 0 -0.245387 -0.969425 0.040474 0.968631 -0.245185 LS41.dat
1 15 -39.7626 -87.1235 -213.354 0.999004 -0.0432601 0.0109483 0 -0.245346 -0.969436 0.044624 0.96847 -0.245101 LS41.dat
1 15 -39.7156 -86.8569 -214.407 0.998807 -0.0473374 0.0119778 0 -0.2453 -0.969447 0.0488293 0.968291 -0.245008 LS41.dat
1 15 -39.664 -86.5895 -215.462 0.99859 -0.0514697 0.0130206 0 -0.24525 -0.96946 0.0530911 0.968093 -0.244904 LS41.dat
1 15 -39.6077 -86.3213 -216.521 0.998351 -0.0556578 0.0140767 0 -0.245195 -0.969474 0.0574103 0.967875 -0.244791 LS41.dat
1 15 -39.5467 -86.0523 -217.583 0.998089 -0.0599029 0.0151464 0 -0.245135 -0.969489 0.0617881 0.967637 -0.244666 LS41.dat
1 15 -39.4807 -85.7825 -218.648 0.997805 -0.0642061 0.0162298 0 -0.245069 -0.969506 0.0662256 0.967377 -0.244531 LS41.dat
1 15 -39.4099 -85.512 -219.716 0.997496 -0.0685684 0.0173272 0 -0.244998 -0.969524 0.0707238 0.967096 -0.244384 LS41.dat
1 15 -39.3339 -85.2407 -220.787 0.997162 -0.0729911 0.0184386 0 -0.244921 -0.969543 0.075284 0.966792 -0.244226 LS41.dat
1 15 -39.2528 -84.9686 -221.861 0.996802 -0.0774753 0.0195643 0 -0.244837 -0.969564 0.0799073 0.966464 -0.244055 LS41.dat
1 15 -39.1665 -84.6958 -222.938 0.996415 -0.0820221 0.0207045 0 -0.244748 -0.969587 0.0845949 0.966111 -0.243871 LS41.dat
1 15 -39.0749 -84.4223 -224.017 0.996 -0.0866329 0.0218592 0 -0.244652 -0.969611 0.0893481 0.965733 -0.243674 LS41.dat
1 15 -38.9777 -84.1481 -225.1 0.995556 -0.0913088 0.0230288 0 -0.24455 -0.969637 0.0941681 0.965328 -0.243463 LS41.dat
1 15 -38.8751 -83.8732 -226.185 0.995082 -0.0960512 0.0242133 0 -0.24444 -0.969664 0.0990562 0.964895 -0.243238 LS41.dat
1 15 -38.7668 -83.5976 -227.273 0.994576 -0.100861 0.025413 0 -0.244323 -0.969694 0.104014 0.964434 -0.242998 LS41.dat
1 15 -38.6528 -83.3213 -228.363 0.994037 -0.105741 0.0266279 0 -0.244199 -0.969725 0.109042 0.963943 -0.242743 LS41.dat
1 15 -38.5329 -83.0445 -229.456 0.993464 -0.11069 0.0278583 0 -0.244067 -0.969758 0.114142 0.963421 -0.242471 LS41.dat
1 15 -38.407 -82.7669 -230.552 0.992856 -0.115712 0.0291043 0 -0.243926 -0.969794 0.119316 0.962866 -0.242184 LS41.dat
1 15 -38.2751 -82.4888 -231.649 0.992211 -0.120807 0.0303661 0 -0.243777 -0.969831 0.124565 0.962278 -0.241878 LS41.dat
1 15 -38.137 -82.2101 -232.749 0.991528 -0.125977 0.0316438 0 -0.243619 -0.969871 0.12989 0.961655 -0.241555 LS41.dat
1 15 -37.9926 -81.9309 -233.852 0.990806 -0.131223 0.0329375 0 -0.243452 -0.969913 0.135294 0.960995 -0.241214 LS41.dat
1 15 -37.8418 -81.6511 -234.956 0.990041 -0.136547 0.0342474 0 -0.243275 -0.969957 0.140776 0.960298 -0.240853 LS41.dat
1 15 -37.6844 -81.3708 -236.063 0.989234 -0.14195 0.0355736 0 -0.243089 -0.970004 0.14634 0.959561 -0.240472 LS41.dat
1 15 -37.5204 -81.0899 -237.171 0.988383 -0.147435 0.0369162 0 -0.242892 -0.970053 0.151986 0.958784 -0.24007 LS41.dat
1 15 -37.3497 -80.8086 -238.282 0.987484 -0.153002 0.0382754 0 -0.242684 -0.970105 0.157717 0.957964 -0.239647 LS41.dat
1 15 -37.1721 -80.5269 -239.394 0.986538 -0.158653 0.0396511 0 -0.242465 -0.97016 0.163533 0.9571 -0.239201 LS41.dat
1 15 -36.9874 -80.2447 -240.508 0.985541 -0.164391 0.0410436 0 -0.242235 -0.970218 0.169437 0.956189 -0.238732 LS41.dat
1 15 -36.7957 -79.9622 -241.623 0.984492 -0.170217 0.0424528 0 -0.241992 -0.970278 0.175431 0.955231 -0.238239 LS41.dat
1 15 -36.5967 -79.6793 -242.74 0.983388 -0.176132 0.0438788 0 -0.241736 -0.970342 0.181515 0.954223 -0.237721 LS41.dat
1 15 -36.3903 -79.396 -243.858 0.982228 -0.182138 0.0453217 0 -0.241468 -0.970409 0.187692 0.953163 -0.237176 LS41.dat
1 15 -36.1764 -79.1125 -244.977 0.981009 -0.188238 0.0467814 0 -0.241186 -0.970479 0.193964 0.952048 -0.236605 LS41.dat
1 15 -35.9549 -78.8286 -246.097 0.979728 -0.194434 0.048258 0 -0.240889 -0.970553 0.200333 0.950878 -0.236006 LS41.dat
1 15 -35.7256 -78.5446 -247.219 0.978383 -0.200726 0.0497514 0 -0.240578 -0.97063 0.2068 0.949648 -0.235377 LS41.dat
1 15 -35.4884 -78.2603 -248.341 0.976972 -0.207118 0.0512616 0 -0.240251 -0.970711 0.213367 0.948357 -0.234718 LS41.dat
1 15 -35.2432 -77.9758 -249.464 0.975492 -0.213611 0.0527885 0 -0.239907 -0.970796 0.220037 0.947003 -0.234028 LS41.dat
1 15 -34.9898 -77.6913 -250.587 0.973939 -0.220207 0.054332 0 -0.239547 -0.970885 0.226811 0.945582 -0.233305 LS41.dat
1 15 -34.7281 -77.4066 -251.711 0.972311 -0.226909 0.055892 0 -0.23917 -0.970978 0.233691 0.944092 -0.232548 LS41.dat
1 15 -34.458 -77.1219 -252.835 0.970605 -0.233718 0.0574682 0 -0.238774 -0.971075 0.24068 0.94253 -0.231755 LS41.dat
1 15 -34.1793 -76.8372 -253.959 0.968817 -0.240637 0.0590605 0 -0.238359 -0.971177 0.247779 0.940892 -0.230927 LS41.dat
1 15 -33.8919 -76.5525 -255.082 0.966943 -0.247668 0.0606686 0 -0.237925 -0.971284 0.254991 0.939176 -0.23006 LS41.dat
1 15 -33.5956 -76.2678 -256.206 0.964982 -0.254814 0.0622923 0 -0.237469 -0.971395 0.262317 0.937378 -0.229153 LS41.dat
1 15 -33.2904 -75.9833 -257.329 0.962927 -0.262075 0.0639311 0 -0.236992 -0.971512 0.26976 0.935495 -0.228206 LS41.dat
1 15 -32.9759 -75.699 -258.451 0.960777 -0.269456 0.0655847 0 -0.236492 -0.971633 0.277322 0.933523 -0.227216 LS41.dat
1 15 -32.6523 -75.4149 -259.573 0.958526 -0.276957 0.0672526 0 -0.235969 -0.971761 0.285006 0.931458 -0.226183 LS41.dat
1 15 -32.3191 -75.1311 -260.693 0.95617 -0.284582 0.0689343 0 -0.235421 -0.971893 0.292812 0.929295 -0.225103 LS41.dat
1 15 -31.9764 -74.8476 -261.812 0.953705 -0.292333 0.0706292 0 -0.234848 -0.972032 0.300744 0.927032 -0.223976 LS41.dat
1 15 -31.6241 -74.5645 -262.93 0.951126 -0.300212 0.0723366 0 -0.234248 -0.972177 0.308804 0.924663 -0.222799 LS41.dat
1 15 -31.2618 -74.2819 -264.045 0.948428 -0.308221 0.0740559 0 -0.23362 -0.972328 0.316993 0.922183 -0.221571 LS41.dat
1 15 -30.8895 -73.9997 -265.159 0.945606 -0.316364 0.0757861 0 -0.232962 -0.972486 0.325315 0.919588 -0.220291 LS41.dat
1 15 -30.5072 -73.7181 -266.271 0.942654 -0.324642 0.0775264 0 -0.232274 -0.97265 0.333771 0.916873 -0.218955 LS41.dat
1 15 -30.1145 -73.4372 -267.38 0.939568 -0.333058 0.0792758 0 -0.231555 -0.972822 0.342363 0.914032 -0.217561 LS41.dat
1 15 -29.7114 -73.1569 -268.486 0.93634 -0.341615 0.0810331 0 -0.230802 -0.973001 0.351094 0.91106 -0.216109 LS41.dat
1 15 -29.2977 -72.8774 -269.589 0.932966 -0.350313 0.0827971 0 -0.230014 -0.973187 0.359965 0.90795 -0.214595 LS41.dat
1 15 -28.8733 -72.5988 -270.689 0.929438 -0.359157 0.0845663 0 -0.22919 -0.973382 0.368979 0.904698 -0.213018 LS41.dat
1 15 -28.4381 -72.3211 -271.785 0.925749 -0.368149 0.0863394 0 -0.228328 -0.973584 0.378138 0.901295 -0.211375 LS41.dat
1 15 -27.9919 -72.0443 -272.878 0.921894 -0.37729 0.0881147 0 -0.227426 -0.973795 0.387443 0.897736 -0.209663 LS41.dat
1 15 -27.5345 -71.7686 -273.966 0.917864 -0.386583 0.0898903 0 -0.226483 -0.974015 0.396896 0.894013 -0.207881 LS41.dat
1 15 -27.0659 -71.4941 -275.05 0.913651 -0.396029 0.0916643 0 -0.225497 -0.974244 0.406499 0.890119 -0.206025 LS41.dat
1 15 -26.5859 -71.2208 -276.129 0.909248 -0.405632 0.0934345 0 -0.224465 -0.974482 0.416254 0.886046 -0.204094 LS41.dat
1 15 -26.0944 -70.9488 -277.202 0.904647 -0.415393 0.0951986 0 -0.223386 -0.97473 0.426162 0.881786 -0.202085 LS41.dat
1 15 -25.5912 -70.6782 -278.27 0.899838 -0.425314 0.096954 0 -0.222257 -0.974988 0.436224 0.877331 -0.199995 LS41.dat
1 15 -25.0763 -70.4091 -279.332 0.894812 -0.435396 0.098698 0 -0.221077 -0.975256 0.446442 0.872672 -0.197822 LS41.dat
1 15 -24.5495 -70.1416 -280.388 0.889561 -0.445641 0.100428 0 -0.219842 -0.975535 0.456817 0.867798 -0.195563 LS41.dat
1 15 -24.0107 -69.8758 -281.438 0.884073 -0.45605 0.102139 0 -0.218551 -0.975826 0.467348 0.862701 -0.193215 LS41.dat
1 15 -23.4598 -69.6118 -282.48 0.87834 -0.466625 0.10383 0 -0.217201 -0.976127 0.478037 0.857371 -0.190776 LS41.dat
1 15 -22.8967 -69.3497 -283.514 0.872349 -0.477366 0.105496 0 -0.215788 -0.97644 0.488884 0.851796 -0.188243 LS41.dat
1 15 -22.3212 -69.0896 -284.541 0.86609 -0.488274 0.107132 0 -0.214312 -0.976765 0.499889 0.845966 -0.185613 LS41.dat
1 15 -21.7333 -68.8315 -285.56 0.859551 -0.499349 0.108735 0 -0.212767 -0.977103 0.51105 0.83987 -0.182884 LS41.dat
1 15 -21.133 -68.5757 -286.569 0.85272 -0.51059 0.110299 0 -0.211152 -0.977453 0.522368 0.833494 -0.180053 LS41.dat
1 15 -20.5201 -68.3223 -287.57 0.845585 -0.521998 0.11182 0 -0.209463 -0.977817 0.53384 0.826827 -0.177119 LS41.dat
1 15 -19.8945 -68.0712 -288.561 0.838133 -0.533571 0.113292 0 -0.207697 -0.978193 0.545466 0.819856 -0.174078 LS41.dat
1 15 -19.2562 -67.8228 -289.542 0.83035 -0.545308 0.114708 0 -0.20585 -0.978583 0.557242 0.812567 -0.170928 LS41.dat
1 15 -18.6051 -67.577 -290.512 0.822223 -0.557206 0.116064 0 -0.20392 -0.978988 0.569166 0.804946 -0.167667 LS41.dat
1 15 -17.9412 -67.334 -291.471 0.813737 -0.569263 0.117352 0 -0.201901 -0.979406 0.581233 0.796979 -0.164295 LS41.dat
1 15 -17.2645 -67.094 -292.418 0.804878 -0.581476 0.118564 0 -0.199791 -0.979838 0.593441 0.78865 -0.160808 LS41.dat
1 15 -16.5748 -66.8571 -293.354 0.79563 -0.59384 0.119694 0 -0.197586 -0.980286 0.605783 0.779945 -0.157205 LS41.dat
1 15 -15.8723 -66.6233 -294.276 0.785979 -0.606351 0.120733 0 -0.195281 -0.980747 0.618254 0.770846 -0.153487 LS41.dat
1 15 -15.1569 -66.3929 -295.186 0.775908 -0.619001 0.121673 0 -0.192873 -0.981224 0.630846 0.761339 -0.149651 LS41.dat
1 15 -14.4286 -66.166 -296.082 0.765401 -0.631786 0.122504 0 -0.190356 -0.981715 0.643553 0.751406 -0.145699 LS41.dat
1 15 -13.6874 -65.9426 -296.963 0.754443 -0.644696 0.123218 0 -0.187728 -0.982221 0.656365 0.74103 -0.14163 LS41.dat
1 15 -12.9333 -65.7231 -297.83 0.743017 -0.657722 0.123804 0 -0.184982 -0.982742 0.669273 0.730194 -0.137445 LS41.dat
1 15 -12.1665 -65.5074 -298.681 0.731106 -0.670854 0.124251 0 -0.182116 -0.983277 0.682264 0.71888 -0.133146 LS41.dat
1 15 -11.3869 -65.2958 -299.517 0.718694 -0.684081 0.12455 0 -0.179124 -0.983826 0.695327 0.70707 -0.128736 LS41.dat
1 15 -10.5947 -65.0883 -300.335 0.705764 -0.697388 0.124688 0 -0.176002 -0.98439 0.708447 0.694746 -0.124216 LS41.dat
1 15 -9.78998 -64.8852 -301.137 0.692299 -0.710762 0.124655 0 -0.172746 -0.984966 0.721611 0.681892 -0.119592 LS41.dat
1 15 -8.97278 -64.6866 -301.921 0.678285 -0.724186 0.124438 0 -0.16935 -0.985556 0.734799 0.668488 -0.114868 LS41.dat
1 15 -8.14327 -64.4926 -302.687 0.663704 -0.737641 0.124026 0 -0.165811 -0.986158 0.747995 0.654517 -0.110049 LS41.dat
1 15 -7.30159 -64.3035 -303.434 0.648543 -0.751108 0.123405 0 -0.162124 -0.98677 0.761178 0.639963 -0.105144 LS41.dat
1 15 -6.44792 -64.1192 -304.161 0.632786 -0.764565 0.122564 0 -0.158285 -0.987393 0.774327 0.624809 -0.100161 LS41.dat
1 15 -5.58243 -63.94 -304.868 0.616421 -0.777988 0.121491 0 -0.15429 -0.988026 0.787417 0.60904 -0.0951076 LS41.dat
1 15 -4.70532 -63.7661 -305.555 0.599434 -0.791351 0.120172 0 -0.150135 -0.988665 0.800424 0.59264 -0.0899964 LS41.dat
1 15 -3.81683 -63.5975 -306.22 0.581816 -0.804627 0.118597 0 -0.145818 -0.989311 0.81332 0.575597 -0.0848392 LS41.dat
1 15 -2.91719 -63.4345 -306.864 0.563556 -0.817786 0.116753 0 -0.141334 -0.989962 0.826078 0.557899 -0.0796499 LS41.dat
1 15 -2.00666 -63.2771 -307.485 0.544647 -0.830794 0.114631 0 -0.136682 -0.990615 0.838665 0.539535 -0.0744436 LS41.dat
1 15 -1.08554 -63.1256 -308.083 0.525083 -0.84362 0.112219 0 -0.13186 -0.991268 0.851051 0.520498 -0.0692372 LS41.dat
1 15 -0.154115 -62.98 -308.658 0.504861 -0.856226 0.10951 0 -0.126865 -0.99192 0.863201 0.500782 -0.0640491 LS41.dat
1 15 0.787282 -62.8405 -309.209 0.48398 -0.868575 0.106494 0 -0.121697 -0.992567 0.875079 0.480383 -0.0588989 LS41.dat
1 15 1.73831 -62.7072 -309.735 0.462442 -0.880627 0.103167 0 -0.116356 -0.993208 0.88665 0.459301 -0.0538079 LS41.dat
1 15 2.6986 -62.5804 -310.235 0.440251 -0.892342 0.0995232 0 -0.110843 -0.993838 0.897875 0.437538 -0.0487988 LS41.dat
1 15 3.66777 -62.46 -310.711 0.417417 -0.903677 0.0955598 0 -0.105159 -0.994455 0.908715 0.415102 -0.0438952 LS41.dat
1 15 4.64541 -62.3462 -311.16 0.39395 -0.914589 0.0912765 0 -0.0993072 -0.995057 0.919132 0.392002 -0.039122 LS41.dat
1 15 5.63111 -62.2392 -311.582 0.369865 -0.925034 0.0866749 0 -0.0932906 -0.995639 0.929085 0.368252 -0.034505 LS41.dat
1 15 6.62441 -62.139 -311.978 0.345183 -0.934967 0.0817595 0 -0.0871139 -0.996198 0.938535 0.343871 -0.0300702 LS41.dat
1 15 7.62487 -62.0458 -312.346 0.319925 -0.944346 0.0765371 0 -0.0807828 -0.996732 0.947443 0.31888 -0.0258445 LS41.dat
1 15 8.632 -61.9596 -312.686 0.294119 -0.953127 0.0710176 0 -0.0743042 -0.997236 0.955769 0.293306 -0.0218543 LS41.dat
1 15 9.6453 -61.8806 -312.997 0.267796 -0.961266 0.0652138 0 -0.067686 -0.997707 0.963476 0.267182 -0.018126 LS41.dat
1 15 10.6643 -61.8089 -313.281 0.24099 -0.968724 0.0591413 0 -0.0609373 -0.998142 0.970528 0.240542 -0.0146853 LS41.dat
1 15 11.6884 -61.7445 -313.535 0.21374 -0.975462 0.0528188 0 -0.0540683 -0.998537 0.976891 0.213427 -0.0115566 LS41.dat
1 15 12.7171 -61.6874 -313.76 0.186089 -0.981443 0.0462677 0 -0.0470902 -0.998891 0.982533 0.185882 -0.00876296 LS41.dat
1 15 13.7499 -61.6379 -313.956 0.158082 -0.986635 0.0395122 0 -0.0400154 -0.999199 0.987426 0.157955 -0.00632571 LS41.dat
1 15 14.7862 -61.5959 -314.122 0.129769 -0.991009 0.0325791 0 -0.0328569 -0.99946 0.991544 0.129698 -0.0042638 LS41.dat
1 15 15.8254 -61.5614 -314.258 0.1012 -0.994539 0.0254974 0 -0.025629 -0.999672 0.994866 0.101167 -0.00259365 LS41.dat
1 15 16.867 -61.5346 -314.364 0.0724309 -0.997206 0.0182979 0 -0.0183461 -0.999832 0.997373 0.0724187 -0.00132882 LS41.dat
1 15 17.9103 -61.5154 -314.439 0.0435169 -0.998992 0.0110132 0 -0.0110236 -0.999939 0.999053 0.0435142 -0.000479713 LS41.dat
1 15 18.9549 -61.5038 -314.485 0.0145154 -0.999888 0.00367682 0 -0.0036772 -0.999993 0.999895 0.0145153 -5.3376e-005 LS41.dat
1 15 20 -61.5 -314.5 -0.0145154 -0.999888 -0.00367682 0 0.0036772 -0.999993 0.999895 -0.0145153 -5.3376e-005 LS41.dat
1 15 21.0451 -61.5038 -314.485 -0.0435169 -0.998992 -0.0110132 0 0.0110236 -0.999939 0.999053 -0.0435142 -0.000479713 LS41.dat
1 15 22.0897 -61.5154 -314.439 -0.0724309 -0.997206 -0.0182979 0 0.0183461 -0.999832 0.997373 -0.0724187 -0.00132882 LS41.dat
1 15 23.133 -61.5346 -314.364 -0.1012 -0.994539 -0.0254974 0 0.025629 -0.999672 0.994866 -0.101167 -0.00259365 LS41.dat
1 15 24.1746 -61.5614 -314.258 -0.129769 -0.991009 -0.0325791 0 0.0328569 -0.99946 0.991544 -0.129698 -0.0042638 LS41.dat
1 15 25.2138 -61.5959 -314.122 -0.158082 -0.986635 -0.0395122 0 0.0400154 -0.999199 0.987426 -0.157955 -0.00632571 LS41.dat
1 15 26.2501 -61.6379 -313.956 -0.186089 -0.981443 -0.0462677 0 0.0470902 -0.998891 0.982533 -0.185882 -0.00876296 LS41.dat
1 15 27.2829 -61.6874 -313.76 -0.21374 -0.975462 -0.0528188 0 0.0540683 -0.998537 0.976891 -0.213427 -0.0115566 LS41.dat
1 15 28.3116 -61.7445 -313.535 -0.24099 -0.968724 -0.0591413 0 0.0609373 -0.998142 0.970528 -0.240542 -0.0146853 LS41.dat
1 15 29.3357 -61.8089 -313.281 -0.267796 -0.961266 -0.0652138 0 0.067686 -0.997707 0.963476 -0.267182 -0.018126 LS41.dat
1 15 30.3547 -61.8806 -312.997 -0.294119 -0.953127 -0.0710176 0 0.0743042 -0.997236 0.955769 -0.293306 -0.0218543 LS41.dat
1 15 31.368 -61.9596 -312.686 -0.319925 -0.944346 -0.0765371 0 0.0807828 -0.996732 0.947443 -0.31888 -0.0258445 LS41.dat
1 15 32.3751 -62.0458 -312.346 -0.345183 -0.934967 -0.0817595 0 0.0871139 -0.996198 0.938535 -0.343871 -0.0300702 LS41.dat
1 15 33.3756 -62.139 -311.978 -0.369865 -0.925034 -0.0866749 0 0.0932906 -0.995639 0.929085 -0.368252 -0.034505 LS41.dat
1 15 34.3689 -62.2392 -311.582 -0.39395 -0.914589 -0.0912765 0 0.0993072 -0.995057 0.919132 -0.392002 -0.039122 LS41.dat
1 15 35.3546 -62.3462 -311.16 -0.417417 -0.903677 -0.0955598 0 0.105159 -0.994455 0.908715 -0.415102 -0.0438952 LS41.dat
1 15 36.3322 -62.46 -310.711 -0.440251 -0.892342 -0.0995232 0 0.110843 -0.993838 0.897875 -0.437538 -0.0487988 LS41.dat
1 15 37.3014 -62.5804 -310.235 -0.462442 -0.880627 -0.103167 0 0.116356 -0.993208 0.88665 -0.459301 -0.0538079 LS41.dat
1 15 38.2617 -62.7072 -309.735 -0.48398 -0.868575 -0.106494 0 0.121697 -0.992567 0.875079 -0.480383 -0.0588989 LS41.dat
1 15 39.2127 -62.8405 -309.209 -0.504861 -0.856226 -0.10951 0 0.126865 -0.99192 0.863201 -0.500782 -0.0640491 LS41.dat
1 15 40.1541 -62.98 -308.658 -0.525083 -0.84362 -0.112219 0 0.13186 -0.991268 0.851051 -0.520498 -0.0692372 LS41.dat
1 15 41.0855 -63.1256 -308.083 -0.544647 -0.830794 -0.114631 0 0.136682 -0.990615 0.838665 -0.539535 -0.0744436 LS41.dat
1 15 42.0067 -63.2771 -307.485 -0.563556 -0.817786 -0.116753 0 0.141334 -0.989962 0.826078 -0.557899 -0.0796499 LS41.dat
1 15 42.9172 -63.4345 -306.864 -0.581816 -0.804627 -0.118597 0 0.145818 -0.989311 0.81332 -0.575597 -0.0848392 LS41.dat
1 15 43.8168 -63.5975 -306.22 -0.599434 -0.791351 -0.120172 0 0.150135 -0.988665 0.800424 -0.59264 -0.0899964 LS41.dat
1 15 44.7053 -63.7661 -305.555 -0.616421 -0.777988 -0.121491 0 0.15429 -0.988026 0.787417 -0.60904 -0.0951076 LS41.dat
1 15 45.5824 -63.94 -304.868 -0.632786 -0.764565 -0.122564 0 0.158285 -0.987393 0.774327 -0.624809 -0.100161 LS41.dat
1 15 46.4479 -64.1192 -304.161 -0.648543 -0.751108 -0.123405 0 0.162124 -0.98677 0.761178 -0.639963 -0.105144 LS41.dat
1 15 47.3016 -64.3035 -303.434 -0.663704 -0.737641 -0.124026 0 0.165811 -0.986158 0.747995 -0.654517 -0.110049 LS41.dat
1 15 48.1433 -64.4926 -302.687 -0.678285 -0.724186 -0.124438 0 0.16935 -0.985556 0.734799 -0.668488 -0.114868 LS41.dat
1 15 48.9728 -64.6866 -301.921 -0.692299 -0.710762 -0.124655 0 0.172746 -0.984966 0.721611 -0.681892 -0.119592 LS41.dat
1 15 49.79 -64.8852 -301.137 -0.705764 -0.697388 -0.124688 0 0.176002 -0.98439 0.708447 -0.694746 -0.124216 LS41.dat
1 15 50.5947 -65.0883 -300.335 -0.718694 -0.684081 -0.12455 0 0.179124 -0.983826 0.695327 -0.70707 -0.128736 LS41.dat
1 15 51.3869 -65.2958 -299.517 -0.731106 -0.670854 -0.124251 0 0.182116 -0.983277 0.682264 -0.71888 -0.133146 LS41.dat
1 15 52.1665 -65.5074 -298.681 -0.743017 -0.657722 -0.123804 0 0.184982 -0.982742 0.669273 -0.730194 -0.137445 LS41.dat
1 15 52.9333 -65.7231 -297.83 -0.754443 -0.644696 -0.123218 0 0.187728 -0.982221 0.656365 -0.74103 -0.14163 LS41.dat
1 15 53.6874 -65.9426 -296.963 -0.765401 -0.631786 -0.122504 0 0.190356 -0.981715 0.643553 -0.751406 -0.145699 LS41.dat
1 15 54.4286 -66.166 -296.082 -0.775908 -0.619001 -0.121673 0 0.192873 -0.981224 0.630846 -0.761339 -0.149651 LS41.dat
1 15 55.1569 -66.3929 -295.186 -0.785979 -0.606351 -0.120733 0 0.195281 -0.980747 0.618254 -0.770846 -0.153487 LS41.dat
1 15 55.8723 -66.6233 -294.276 -0.79563 -0.59384 -0.119694 0 0.197586 -0.980286 0.605783 -0.779945 -0.157205 LS41.dat
1 15 56.5748 -66.8571 -293.354 -0.804878 -0.581476 -0.118564 0 0.199791 -0.979838 0.593441 -0.78865 -0.160808 LS41.dat
1 15 57.2645 -67.094 -292.418 -0.813737 -0.569263 -0.117352 0 0.201901 -0.979406 0.581233 -0.796979 -0.164295 LS41.dat
1 15 57.9412 -67.334 -291.471 -0.822223 -0.557206 -0.116064 0 0.20392 -0.978988 0.569166 -0.804946 -0.167667 LS41.dat
1 15 58.6051 -67.577 -290.512 -0.83035 -0.545308 -0.114708 0 0.20585 -0.978583 0.557242 -0.812567 -0.170928 LS41.dat
1 15 59.2562 -67.8228 -289.542 -0.838133 -0.533571 -0.113292 0 0.207697 -0.978193 0.545466 -0.819856 -0.174078 LS41.dat
1 15 59.8945 -68.0712 -288.561 -0.845585 -0.521998 -0.11182 0 0.209463 -0.977817 0.53384 -0.826827 -0.177119 LS41.dat
1 15 60.5201 -68.3223 -287.57 -0.85272 -0.51059 -0.110299 0 0.211152 -0.977453 0.522368 -0.833494 -0.180053 LS41.dat
1 15 61.133 -68.5757 -286.569 -0.859551 -0.499349 -0.108735 0 0.212767 -0.977103 0.51105 -0.83987 -0.182884 LS41.dat
1 15 61.7333 -68.8315 -285.56 -0.86609 -0.488274 -0.107132 0 0.214312 -0.976765 0.499889 -0.845966 -0.185613 LS41.dat
1 15 62.3212 -69.0896 -284.541 -0.872349 -0.477366 -0.105496 0 0.215788 -0.97644 0.488884 -0.851796 -0.188243 LS41.dat
1 15 62.8967 -69.3497 -283.514 -0.87834 -0.466625 -0.10383 0 0.217201 -0.976127 0.478037 -0.857371 -0.190776 LS41.dat
1 15 63.4598 -69.6118 -282.48 -0.884073 -0.45605 -0.102139 0 0.218551 -0.975826 0.467348 -0.862701 -0.193215 LS41.dat
1 15 64.0107 -69.8758 -281.438 -0.889561 -0.445641 -0.100428 0 0.219842 -0.975535 0.456817 -0.867798 -0.195563 LS41.dat
1 15 64.5495 -70.1416 -280.388 -0.894812 -0.435396 -0.098698 0 0.221077 -0.975256 0.446442 -0.872672 -0.197822 LS41.dat
1 15 65.0763 -70.4091 -279.332 -0.899838 -0.425314 -0.096954 0 0.222257 -0.974988 0.436224 -0.877331 -0.199995 LS41.dat
1 15 65.5912 -70.6782 -278.27 -0.904647 -0.415393 -0.0951986 0 0.223386 -0.97473 0.426162 -0.881786 -0.202085 LS41.dat
1 15 66.0944 -70.9488 -277.202 -0.909248 -0.405632 -0.0934345 0 0.224465 -0.974482 0.416254 -0.886046 -0.204094 LS41.dat
1 15 66.5859 -71.2208 -276.129 -0.913651 -0.396029 -0.0916643 0 0.225497 -0.974244 0.406499 -0.890119 -0.206025 LS41.dat
1 15 67.0659 -71.4941 -275.05 -0.917864 -0.386583 -0.0898903 0 0.226483 -0.974015 0.396896 -0.894013 -0.207881 LS41.dat
1 15 67.5345 -71.7686 -273.966 -0.921894 -0.37729 -0.0881147 0 0.227426 -0.973795 0.387443 -0.897736 -0.209663 LS41.dat
1 15 67.9919 -72.0443 -272.878 -0.925749 -0.368149 -0.0863394 0 0.228328 -0.973584 0.378138 -0.901295 -0.211375 LS41.dat
1 15 68.4381 -72.3211 -271.785 -0.929438 -0.359157 -0.0845663 0 0.22919 -0.973382 0.368979 -0.904698 -0.213018 LS41.dat
1 15 68.8733 -72.5988 -270.689 -0.932966 -0.350313 -0.0827971 0 0.230014 -0.973187 0.359965 -0.90795 -0.214595 LS41.dat
1 15 69.2977 -72.8774 -269.589 -0.93634 -0.341615 -0.0810331 0 0.230802 -0.973001 0.351094 -0.91106 -0.216109 LS41.dat
1 15 69.7114 -73.1569 -268.486 -0.939568 -0.333058 -0.0792758 0 0.231555 -0.972822 0.342363 -0.914032 -0.217561 LS41.dat
1 15 70.1145 -73.4372 -267.38 -0.942654 -0.324642 -0.0775264 0 0.232274 -0.97265 0.333771 -0.916873 -0.218955 LS41.dat
1 15 70.5072 -73.7181 -266.271 -0.945606 -0.316364 -0.0757861 0 0.232962 -0.972486 0.325315 -0.919588 -0.220291 LS41.dat
1 15 70.8895 -73.9997 -265.159 -0.948428 -0.308221 -0.0740559 0 0.23362 -0.972328 0.316993 -0.922183 -0.221571 LS41.dat
1 15 71.2618 -74.2819 -264.045 -0.951126 -0.300212 -0.0723366 0 0.234248 -0.972177 0.308804 -0.924663 -0.222799 LS41.dat
1 15 71.6241 -74.5645 -262.93 -0.953705 -0.292333 -0.0706292 0 0.234848 -0.972032 0.300744 -0.927032 -0.223976 LS41.dat
1 15 71.9764 -74.8476 -261.812 -0.95617 -0.284582 -0.0689343 0 0.235421 -0.971893 0.292812 -0.929295 -0.225103 LS41.dat
1 15 72.3191 -75.1311 -260.693 -0.958526 -0.276957 -0.0672526 0 0.235969 -0.971761 0.285006 -0.931458 -0.226183 LS41.dat
1 15 72.6523 -75.4149 -259.573 -0.960777 -0.269456 -0.0655847 0 0.236492 -0.971633 0.277322 -0.933523 -0.227216 LS41.dat
1 15 72.9759 -75.699 -258.451 -0.962927 -0.262075 -0.0639311 0 0.236992 -0.971512 0.26976 -0.935495 -0.228206 LS41.dat
1 15 73.2904 -75.9833 -257.329 -0.964982 -0.254814 -0.0622923 0 0.237469 -0.971395 0.262317 -0.937378 -0.229153 LS41.dat
1 15 73.5956 -76.2678 -256.206 -0.966943 -0.247668 -0.0606686 0 0.237925 -0.971284 0.254991 -0.939176 -0.23006 LS41.dat
1 15 73.8919 -76.5525 -255.082 -0.968817 -0.240637 -0.0590605 0 0.238359 -0.971177 0.247779 -0.940892 -0.230927 LS41.dat
1 15 74.1793 -76.8372 -253.959 -0.970605 -0.233718 -0.0574682 0 0.238774 -0.971075 0.24068 -0.94253 -0.231755 LS41.dat
1 15 74.458 -77.1219 -252.835 -0.972311 -0.226909 -0.055892 0 0.23917 -0.970978 0.233691 -0.944092 -0.232548 LS41.dat
1 15 74.7281 -77.4066 -251.711 -0.973939 -0.220207 -0.054332 0 0.239547 -0.970885 0.226811 -0.945582 -0.233305 LS41.dat
1 15 74.9898 -77.6913 -250.587 -0.975492 -0.213611 -0.0527885 0 0.239907 -0.970796 0.220037 -0.947003 -0.234028 LS41.dat
1 15 75.2432 -77.9758 -249.464 -0.976972 -0.207118 -0.0512616 0 0.240251 -0.970711 0.213367 -0.948357 -0.234718 LS41.dat
1 15 75.4884 -78.2603 -248.341 -0.978383 -0.200726 -0.0497514 0 0.240578 -0.97063 0.2068 -0.949648 -0.235377 LS41.dat
1 15 75.7256 -78.5446 -247.219 -0.979728 -0.194434 -0.048258 0 0.240889 -0.970553 0.200333 -0.950878 -0.236006 LS41.dat
1 15 75.9549 -78.8286 -246.097 -0.981009 -0.188238 -0.0467814 0 0.241186 -0.970479 0.193964 -0.952048 -0.236605 LS41.dat
1 15 76.1764 -79.1125 -244.977 -0.982228 -0.182138 -0.0453217 0 0.241468 -0.970409 0.187692 -0.953163 -0.237176 LS41.dat
1 15 76.3903 -79.396 -243.858 -0.983388 -0.176132 -0.0438788 0 0.241736 -0.970342 0.181515 -0.954223 -0.237721 LS41.dat
1 15 76.5967 -79.6793 -242.74 -0.984492 -0.170217 -0.0424528 0 0.241992 -0.970278 0.175431 -0.955231 -0.238239 LS41.dat
1 15 76.7957 -79.9622 -241.623 -0.985541 -0.164391 -0.0410436 0 0.242235 -0.970218 0.169437 -0.956189 -0.238732 LS41.dat
1 15 76.9874 -80.2447 -240.508 -0.986538 -0.158653 -0.0396511 0 0.242465 -0.97016 0.163533 -0.9571 -0.239201 LS41.dat
1 15 77.1721 -80.5269 -239.394 -0.987484 -0.153002 -0.0382754 0 0.242684 -0.970105 0.157717 -0.957964 -0.239647 LS41.dat
1 15 77.3497 -80.8086 -238.282 -0.988383 -0.147435 -0.0369162 0 0.242892 -0.970053 0.151986 -0.958784 -0.24007 LS41.dat
1 15 77.5204 -81.0899 -237.171 -0.989234 -0.14195 -0.0355736 0 0.243089 -0.970004 0.14634 -0.959561 -0.240472 LS41.dat
1 15 77.6844 -81.3708 -236.063 -0.990041 -0.136547 -0.0342474 0 0.243275 -0.969957 0.140776 -0.960298 -0.240853 LS41.dat
1 15 77.8418 -81.6511 -234.956 -0.990806 -0.131223 -0.0329375 0 0.243452 -0.969913 0.135294 -0.960995 -0.241214 LS41.dat
1 15 77.9926 -81.9309 -233.852 -0.991528 -0.125977 -0.0316438 0 0.243619 -0.969871 0.12989 -0.961655 -0.241555 LS41.dat
1 15 78.137 -82.2101 -232.749 -0.992211 -0.120807 -0.0303661 0 0.243777 -0.969831 0.124565 -0.962278 -0.241878 LS41.dat
1 15 78.2751 -82.4888 -231.649 -0.992856 -0.115712 -0.0291043 0 0.243926 -0.969794 0.119316 -0.962866 -0.242184 LS41.dat
1 15 78.407 -82.7669 -230.552 -0.993464 -0.11069 -0.0278583 0 0.244067 -0.969758 0.114142 -0.963421 -0.242471 LS41.dat
1 15 78.5329 -83.0445 -229.456 -0.994037 -0.105741 -0.0266279 0 0.244199 -0.969725 0.109042 -0.963943 -0.242743 LS41.dat
1 15 78.6528 -83.3213 -228.363 -0.994576 -0.100861 -0.025413 0 0.244323 -0.969694 0.104014 -0.964434 -0.242998 LS41.dat
1 15 78.7668 -83.5976 -227.273 -0.995082 -0.0960512 -0.0242133 0 0.24444 -0.969664 0.0990562 -0.964895 -0.243238 LS41.dat
1 15 78.8751 -83.8732 -226.185 -0.995556 -0.0913088 -0.0230288 0 0.24455 -0.969637 0.0941681 -0.965328 -0.243463 LS41.dat
1 15 78.9777 -84.1481 -225.1 -0.996 -0.0866329 -0.0218592 0 0.244652 -0.969611 0.0893481 -0.965733 -0.243674 LS41.dat
1 15 79.0749 -84.4223 -224.017 -0.996415 -0.0820221 -0.0207045 0 0.244748 -0.969587 0.0845949 -0.966111 -0.243871 LS41.dat
1 15 79.1665 -84.6958 -222.938 -0.996802 -0.0774753 -0.0195643 0 0.244837 -0.969564 0.0799073 -0.966464 -0.244055 LS41.dat
1 15 79.2528 -84.9686 -221.861 -0.997162 -0.0729911 -0.0184386 0 0.244921 -0.969543 0.075284 -0.966792 -0.244226 LS41.dat
1 15 79.3339 -85.2407 -220.787 -0.997496 -0.0685684 -0.0173272 0 0.244998 -0.969524 0.0707238 -0.967096 -0.244384 LS41.dat
1 15 79.4099 -85.512 -219.716 -0.997805 -0.0642061 -0.0162298 0 0.245069 -0.969506 0.0662256 -0.967377 -0.244531 LS41.dat
1 15 79.4807 -85.7825 -218.648 -0.998089 -0.0599029 -0.0151464 0 0.245135 -0.969489 0.0617881 -0.967637 -0.244666 LS41.dat
1 15 79.5467 -86.0523 -217.583 -0.998351 -0.0556578 -0.0140767 0 0.245195 -0.969474 0.0574103 -0.967875 -0.244791 LS41.dat
1 15 79.6077 -86.3213 -216.521 -0.99859 -0.0514697 -0.0130206 0 0.24525 -0.96946 0.0530911 -0.968093 -0.244904 LS41.dat
1 15 79.664 -86.5895 -215.462 -0.998807 -0.0473374 -0.0119778 0 0.2453 -0.969447 0.0488293 -0.968291 -0.245008 LS41.dat
1 15 79.7156 -86.8569 -214.407 -0.999004 -0.0432601 -0.0109483 0 0.245346 -0.969436 0.044624 -0.96847 -0.245101 LS41.dat
1 15 79.7626 -87.1235 -213.354 -0.999181 -0.0392365 -0.00993177 0 0.245387 -0.969425 0.040474 -0.968631 -0.245185 LS41.dat
1 15 79.8051 -87.3893 -212.305 -0.999338 -0.0352658 -0.0089281 0 0.245423 -0.969416 0.0363784 -0.968774 -0.24526 LS41.dat
1 15 79.8432 -87.6542 -211.26 -0.999477 -0.031347 -0.00793709 0 0.245455 -0.969408 0.0323363 -0.968901 -0.245327 LS41.dat
1 15 79.8769 -87.9183 -210.217 -0.999598 -0.0274791 -0.00695858 0 0.245483 -0.969401 0.0283465 -0.969011 -0.245384 LS41.dat
1 15 79.9064 -88.1816 -209.178 -0.999702 -0.0236612 -0.0059924 0 0.245507 -0.969395 0.0244083 -0.969106 -0.245434 LS41.dat
1 15 79.9317 -88.444 -208.142 -0.999789 -0.0198924 -0.00503836 0 0.245527 -0.96939 0.0205206 -0.969186 -0.245475 LS41.dat
1 15 79.9529 -88.7055 -207.11 -0.999861 -0.0161718 -0.0040963 0 0.245544 -0.969386 0.0166826 -0.969251 -0.245509 LS41.dat
1 15 79.97 -88.9662 -206.081 -0.999917 -0.0124986 -0.00316604 0 0.245556 -0.969382 0.0128933 -0.969302 -0.245536 LS41.dat
1 15 79.9833 -89.226 -205.055 -0.999958 -0.0088718 -0.00224743 0 0.245566 -0.96938 0.00915204 -0.969339 -0.245556 LS41.dat
1 15 79.9926 -89.4849 -204.033 -0.999985 -0.00529068 -0.00134029 0 0.245572 -0.969378 0.00545781 -0.969364 -0.245569 LS41.dat
1 15 79.9982 -89.7429 -203.015 -0.999998 -0.00175441 -0.000444449 0 0.245575 -0.969378 0.00180983 -0.969376 -0.245575 LS41.dat
0 MLCAD SKIP_END
0 GROUP 3 flex
1 0 99.9806 -50 -200 0 -1 0 0 0 1 -1 0 0 2780.dat
1 321 20.0194 -50 -210 0 0 -1 1 0 0 0 -1 0 40490.dat
1 71 20.0194 -50 -200 0 1 0 0 0 1 1 0 0 4274.dat
1 71 20.0194 -50 -192 0 0 -1 1 0 0 0 -1 0 30663.dat
1 0 -59.9806 -50 -200 0 -1 0 0 0 1 -1 0 0 2780.dat
1 0 -59.9886 -60 -50 0 -1 0 -1 0 0 0 0 -1 2780.dat
1 321 19.9886 -70 -50 0 0 -1 0 -1 0 -1 0 0 40490.dat
1 0 99.9886 -60 -50 0 -1 0 -1 0 0 0 0 -1 2780.dat
1 1 60 -10 -170 -1 0 0 0 1 0 0 0 -1 6558.dat
1 1 20 -10 50 1 0 0 0 1 0 0 0 1 6558.dat
1 0 70 -26 -262 -1 0 0 0 0.799999 0.600001 0 0.600001 -0.799999 2780.dat
1 15 20 -65.9999 -342 0 1 0 1 0 0 0 0 -1 18654.dat
1 1 -20 -10 -170 1 0 0 0 1 0 0 0 1 6558.dat
1 1 20 -10 -30 1 0 0 0 1 0 0 0 1 6558.dat
1 1 60 -49.9999 -330 1 0 0 0 0 -1 0 1 0 6558.dat
1 71 80.001 -37.8717 -345.903 0 0 1 0.795152 -0.60641 0 0.60641 0.795152 0 6536.dat
1 1 80.001 -29.9202 -339.839 0 -1 0 -0.795152 0 0.60641 -0.60641 0 -0.795152 43093.dat
1 15 20.001 -21.9686 -333.775 0 0 -1 -0.60641 0.795152 0 0.795152 0.60641 0 32525.dat
1 71 -39.999 -37.8717 -345.903 0 0 1 0.795151 -0.606411 0 0.606411 0.795151 0 6536.dat
1 1 -39.999 -29.9202 -339.839 0 -1 0 -0.795151 0 0.606411 -0.606411 0 -0.795151 43093.dat
1 1 -20 -49.9999 -330 -1 0 0 0 0 1 0 1 0 6558.dat
1 71 -79.999 -29.9202 -339.839 0 1 0 -0.795152 0 -0.60641 -0.60641 0 0.795152 4274.dat
1 33 -79.999 -36.2814 -344.69 1 0 0 0 0.795152 -0.60641 0 0.60641 0.795152 98138.dat
1 71 120.001 -29.9202 -339.839 0 1 0 -0.795152 0 -0.60641 -0.60641 0 0.795152 4274.dat
1 36 120.001 -36.2814 -344.69 1 0 0 0 0.795152 -0.60641 0 0.60641 0.795152 98138.dat
1 0 -30 -26 -262 -1 0 0 0 0.799999 0.600001 0 0.600001 -0.799999 2780.dat
1 71 0 -10 -230 -1 0 0 0 0 1 0 1 0 32054.dat
1 4 40 -10 -230 -1 0 0 0 0 1 0 1 0 11214.dat
1 72 40 -90 70.0001 0 0 1 -1 0 0 0 -1 0 42003.dat
1 70 40 -90 90.0001 0 0 -1 -1 0 0 0 1 0 24316.dat
1 321 20 -109.989 90.0001 0 0 -1 1 0 0 0 -1 0 11954.dat
1 72 -2.90573e-005 -90 70.0001 0 0 1 -1 0 0 0 -1 0 42003.dat
1 70 0 -90 90.0001 0 0 -1 -1 0 0 0 1 0 24316.dat
1 1 20 -90 70.0001 1 0 0 0 1 0 0 0 1 6558.dat
1 1 20 -90 50.0001 1 0 0 0 1 0 0 0 1 6558.dat
0
