0 FILE 42097.ldr
0 Compact Crawler Crane
0 Name: 42097.ldr
0 Author: marco9999
0 Unofficial Model
0 !COLOUR Chrome_Black CODE 64 VALUE #1B2A34 EDGE #3D5F76 ALPHA 255
0 !COLOUR Rubber_Yellow CODE 65 VALUE #FAC80A EDGE #333333 ALPHA 255
0 !COLOUR Rubber_Trans_Yellow CODE 66 VALUE #F5CD2F EDGE #B49208 ALPHA 128
0 !COLOUR Rubber_Trans_Clear CODE 67 VALUE #FCFCFC EDGE #C9C9C9 ALPHA 128
0 !COLOUR Very_Light_Orange CODE 68 VALUE #FDC383 EDGE #333333 ALPHA 255
0 !COLOUR Bright_Reddish_Lilac CODE 69 VALUE #8A12A8 EDGE #333333 ALPHA 255
0 !COLOUR Reddish_Brown CODE 70 VALUE #5F3109 EDGE #808080 ALPHA 255
0 !COLOUR Light_Bluish_Grey CODE 71 VALUE #969696 EDGE #333333 ALPHA 255
0 !COLOUR Dark_Bluish_Grey CODE 72 VALUE #646464 EDGE #333333 ALPHA 255
0 !COLOUR Medium_Blue CODE 73 VALUE #7396C8 EDGE #333333 ALPHA 255
0 !COLOUR Medium_Green CODE 74 VALUE #7FC475 EDGE #333333 ALPHA 255
0 !COLOUR Speckle_Black_Copper CODE 75 VALUE #AB6038 EDGE #AB6038 ALPHA 255
0 !COLOUR Speckle_Dark_Bluish_Grey_Silver CODE 76 VALUE #898788 EDGE #898788 ALPHA 255
0 !COLOUR Light_Pink CODE 77 VALUE #FECCCF EDGE #333333 ALPHA 255
0 !COLOUR Light_Flesh CODE 78 VALUE #FFC995 EDGE #333333 ALPHA 255
0 !COLOUR Milky_White CODE 79 VALUE #EEEEEE EDGE #BABABA ALPHA 240
0 !COLOUR Metallic_Silver CODE 80 VALUE #767676 EDGE #333333 ALPHA 255
0 !COLOUR Metallic_Green CODE 81 VALUE #6A7944 EDGE #333333 ALPHA 255
0 !COLOUR Metallic_Gold CODE 82 VALUE #DBAC34 EDGE #333333 ALPHA 255
0 !COLOUR Metallic_Black CODE 83 VALUE #0A1327 EDGE #333333 ALPHA 255
0 !COLOUR Medium_Dark_Flesh CODE 84 VALUE #AA7D55 EDGE #333333 ALPHA 255
0 !COLOUR Medium_Lilac CODE 85 VALUE #441A91 EDGE #333333 ALPHA 255
0 !COLOUR Dark_Flesh CODE 86 VALUE #AD6140 EDGE #333333 ALPHA 255
0 !COLOUR Metallic_Dark_Grey CODE 87 VALUE #6D6E5C EDGE #333333 ALPHA 255
0 !COLOUR Blue_Violet CODE 89 VALUE #1C58A7 EDGE #333333 ALPHA 255
0 !COLOUR Flesh CODE 92 VALUE #BB805A EDGE #333333 ALPHA 255
0 !COLOUR Light_Salmon CODE 100 VALUE #F9B7A5 EDGE #333333 ALPHA 255
0 !COLOUR Violet CODE 110 VALUE #26469A EDGE #333333 ALPHA 255
0 !COLOUR Medium_Violet CODE 112 VALUE #4861AC EDGE #333333 ALPHA 255
0 !COLOUR Glitter_Trans_Dark_Pink CODE 114 VALUE #923978 EDGE #B9275F ALPHA 128
0 !COLOUR Medium_Lime CODE 115 VALUE #B7D425 EDGE #333333 ALPHA 255
0 !COLOUR Glitter_Trans_Clear CODE 117 VALUE #FFFFFF EDGE #BABABA ALPHA 128
0 !COLOUR Aqua CODE 118 VALUE #9CD6CC EDGE #333333 ALPHA 255
0 !COLOUR Light_Lime CODE 120 VALUE #DEEA92 EDGE #333333 ALPHA 255
0 !COLOUR Light_Orange CODE 125 VALUE #F9A777 EDGE #333333 ALPHA 255
0 !COLOUR Dark_Nougat CODE 128 VALUE #AD6140 EDGE #333333 ALPHA 255
0 !COLOUR Glitter_Trans_Purple CODE 129 VALUE #8C00FF EDGE #000000 ALPHA 128
0 !COLOUR Speckle_Black_Silver CODE 132 VALUE #898788 EDGE #898788 ALPHA 255
0 !COLOUR Speckle_Black_Gold CODE 133 VALUE #DBAC34 EDGE #DBAC34 ALPHA 255
0 !COLOUR Copper CODE 134 VALUE #764D3B EDGE #333333 ALPHA 255
0 !COLOUR Pearl_Light_Grey CODE 135 VALUE #A0A0A0 EDGE #333333 ALPHA 255
0 !COLOUR Metal_Blue CODE 137 VALUE #5B7590 EDGE #333333 ALPHA 255
0 !COLOUR Pearl_Light_Gold CODE 142 VALUE #DEAC66 EDGE #333333 ALPHA 255
0 !COLOUR Pearl_Dark_Grey CODE 148 VALUE #484D48 EDGE #333333 ALPHA 255
0 !COLOUR Pearl_Very_Light_Grey CODE 150 VALUE #989B99 EDGE #333333 ALPHA 255
0 !COLOUR Very_Light_Bluish_Grey CODE 151 VALUE #C8C8C8 EDGE #333333 ALPHA 255
0 !COLOUR Flat_Dark_Gold CODE 178 VALUE #83724F EDGE #333333 ALPHA 255
0 !COLOUR Flat_Silver CODE 179 VALUE #898788 EDGE #333333 ALPHA 255
0 !COLOUR Pearl_White CODE 183 VALUE #F6F2DF EDGE #333333 ALPHA 255
0 !COLOUR Metallic_Bright_Red CODE 184 VALUE #D60026 EDGE #333333 ALPHA 255
0 !COLOUR Metallic_Dark_Green CODE 186 VALUE #008E3C EDGE #333333 ALPHA 255
0 !COLOUR Reddish_Gold CODE 189 VALUE #AC8247 EDGE #333333 ALPHA 255
0 !COLOUR Bright_Light_Orange CODE 191 VALUE #FCAC00 EDGE #333333 ALPHA 255
0 !COLOUR Bright_Light_Blue CODE 212 VALUE #9DC3F7 EDGE #333333 ALPHA 255
0 !COLOUR Rust CODE 216 VALUE #872B17 EDGE #333333 ALPHA 255
0 !COLOUR Reddish_Lilac CODE 218 VALUE #8E5597 EDGE #333333 ALPHA 255
0 !COLOUR Lilac CODE 219 VALUE #564E9D EDGE #333333 ALPHA 255
0 !COLOUR Bright_Light_Yellow CODE 226 VALUE #FFEC6C EDGE #333333 ALPHA 255
0 !COLOUR Trans_Bright_Light_Orange CODE 231 VALUE #FCB76D EDGE #FA860A ALPHA 128
0 !COLOUR Sky_Blue CODE 232 VALUE #77C9D8 EDGE #333333 ALPHA 255
0 !COLOUR Trans_Fire_Yellow CODE 234 VALUE #FBE890 EDGE #F7D22B ALPHA 128
0 !COLOUR Rubber_Black CODE 256 VALUE #1B2A34 EDGE #808080 ALPHA 255
0 !COLOUR Dark_Blue CODE 272 VALUE #19325A EDGE #333333 ALPHA 255
0 !COLOUR Rubber_Blue CODE 273 VALUE #1E5AA8 EDGE #333333 ALPHA 255
0 !COLOUR Trans_Reddish_Lilac CODE 284 VALUE #C281A5 EDGE #944771 ALPHA 128
0 !COLOUR Trans_Light_Green CODE 285 VALUE #7DC291 EDGE #46955D ALPHA 128
0 !COLOUR Dark_Green CODE 288 VALUE #00451A EDGE #808080 ALPHA 255
0 !COLOUR Trans_Light_Blue_Violet CODE 293 VALUE #6BABE4 EDGE #247BC6 ALPHA 128
0 !COLOUR Glow_In_Dark_Trans CODE 294 VALUE #BDC6AD EDGE #8D9D72 ALPHA 240
0 !COLOUR Flamingo_Pink CODE 295 VALUE #FF94C2 EDGE #333333 ALPHA 255
0 !COLOUR Pearl_Gold CODE 297 VALUE #AA7F2E EDGE #333333 ALPHA 255
0 !COLOUR Metallic_Copper CODE 300 VALUE #C27F53 EDGE #333333 ALPHA 255
0 !COLOUR Glitter_Trans_Light_Blue CODE 302 VALUE #923978 EDGE #59D1DE ALPHA 128
0 !COLOUR Dark_Brown CODE 308 VALUE #352100 EDGE #808080 ALPHA 255
0 !COLOUR Maersk_Blue CODE 313 VALUE #ABD9FF EDGE #333333 ALPHA 255
0 !COLOUR Dark_Red CODE 320 VALUE #720012 EDGE #333333 ALPHA 255
0 !COLOUR Dark_Azure CODE 321 VALUE #469BC3 EDGE #333333 ALPHA 255
0 !COLOUR Medium_Azure CODE 322 VALUE #68C3E2 EDGE #333333 ALPHA 255
0 !COLOUR Light_Aqua CODE 323 VALUE #D3F2EA EDGE #333333 ALPHA 255
0 !COLOUR Rubber_Red CODE 324 VALUE #B40000 EDGE #333333 ALPHA 255
0 !COLOUR Yellowish_Green CODE 326 VALUE #E2F99A EDGE #333333 ALPHA 255
0 !COLOUR Glow_In_Dark_White CODE 329 VALUE #F5F3D7 EDGE #E0DA85 ALPHA 240
0 !COLOUR Olive_Green CODE 330 VALUE #77774E EDGE #333333 ALPHA 255
0 !COLOUR Chrome_Gold CODE 334 VALUE #DFC176 EDGE #C2982E ALPHA 255
0 !COLOUR Sand_Red CODE 335 VALUE #88605E EDGE #333333 ALPHA 255
0 !COLOUR Glitter_Trans_Neon_Green CODE 339 VALUE #923978 EDGE #739900 ALPHA 128
0 !COLOUR Rubber_Orange CODE 350 VALUE #D67923 EDGE #333333 ALPHA 255
0 !COLOUR Medium_Dark_Pink CODE 351 VALUE #F785B1 EDGE #333333 ALPHA 255
0 !COLOUR Coral CODE 353 VALUE #FF6D77 EDGE #333333 ALPHA 255
0 !COLOUR Earth_Orange CODE 366 VALUE #D86D2C EDGE #333333 ALPHA 255
0 !COLOUR Sand_Purple CODE 373 VALUE #75657D EDGE #333333 ALPHA 255
0 !COLOUR Rubber_Light_Grey CODE 375 VALUE #8A928D EDGE #333333 ALPHA 255
0 !COLOUR Sand_Green CODE 378 VALUE #708E7C EDGE #333333 ALPHA 255
0 !COLOUR Sand_Blue CODE 379 VALUE #70819A EDGE #333333 ALPHA 255
0 !COLOUR Chrome_Silver CODE 383 VALUE #CECECE EDGE #9C9C9C ALPHA 255
0 !COLOUR Rubber_Dark_Blue CODE 406 VALUE #19325A EDGE #333333 ALPHA 255
0 !COLOUR Rubber_Purple CODE 449 VALUE #671F81 EDGE #333333 ALPHA 255
0 !COLOUR Fabuland_Brown CODE 450 VALUE #D27744 EDGE #333333 ALPHA 255
0 !COLOUR Medium_Orange CODE 462 VALUE #F58624 EDGE #333333 ALPHA 255
0 !COLOUR Dark_Orange CODE 484 VALUE #91501C EDGE #333333 ALPHA 255
0 !COLOUR Rubber_Lime CODE 490 VALUE #A5CA18 EDGE #333333 ALPHA 255
0 !COLOUR Magnet CODE 493 VALUE #656761 EDGE #333333 ALPHA 255
0 !COLOUR Electric_Contact_Alloy CODE 494 VALUE #D0D0D0 EDGE #333333 ALPHA 255
0 !COLOUR Electric_Contact_Copper CODE 495 VALUE #AE7A59 EDGE #333333 ALPHA 255
0 !COLOUR Rubber_Light_Bluish_Grey CODE 496 VALUE #969696 EDGE #333333 ALPHA 255
0 !COLOUR Very_Light_Grey CODE 503 VALUE #BCB4A5 EDGE #333333 ALPHA 255
0 !COLOUR Rubber_Flat_Silver CODE 504 VALUE #898788 EDGE #333333 ALPHA 255
0 !COLOUR Light_Orange_Brown CODE 507 VALUE #FA9C1C EDGE #333333 ALPHA 255
0 !COLOUR Fabuland_Red CODE 508 VALUE #FF8014 EDGE #333333 ALPHA 255
0 !COLOUR Fabuland_Orange CODE 509 VALUE #CF8A47 EDGE #333333 ALPHA 255
0 !COLOUR Fabuland_Pastel_Green CODE 510 VALUE #78FC78 EDGE #333333 ALPHA 255
0 !COLOUR Rubber_White CODE 511 VALUE #F4F4F4 EDGE #333333 ALPHA 255
0 ROTATION CENTER 0 0 0 1 "Custom" 
0 ROTATION CONFIG 0 0
1 0 0 0 0 1 0 0 0 1 0 0 0 1 42097 1 chassis.ldr
1 0 0 0 0 1 0 0 0 1 0 0 0 1 corda.ldr
1 0 0 0 0 1 0 0 0 1 0 0 0 1 42097 tracks.ldr
1 0 0 0 0 1 0 0 0 1 0 0 0 1 42097 2.ldr
1 0 0 0 0 1 0 0 0 1 0 0 0 1 42097 3.ldr
1 0 0 0 0 1 0 0 0 1 0 0 0 1 42097 3 craneA.ldr
1 0 0 0 0 1 0 0 0 1 0 0 0 1 42097 3 craneB.ldr
1 0 0 0 0 1 0 0 0 1 0 0 0 1 42097 3 craneC.ldr
1 0 0 0 0 1 0 0 0 1 0 0 0 1 42097 4 arm.ldr
1 0 0 0 0 1 0 0 0 1 0 0 0 1 42097 4 foot.ldr
1 0 0 0 0 1 0 0 0 1 0 0 0 1 42097 5 arm.ldr
1 0 0 0 0 1 0 0 0 1 0 0 0 1 42097 5 foot.ldr
1 0 0 0 0 1 0 0 0 1 0 0 0 1 42097 6 arm.ldr
1 0 0 0 0 1 0 0 0 1 0 0 0 1 42097 6 foot.ldr
1 0 0 0 0 1 0 0 0 1 0 0 0 1 42097 7 arm.ldr
1 0 0 0 0 1 0 0 0 1 0 0 0 1 42097 7 foot.ldr
1 0 -120 0 -1222 1 0 0 0 1 0 0 0 1 42097 cone.ldr
1 0 578.4 0 -774.6 1 0 0 0 1 0 0 0 1 42097 cone.ldr
1 0 589.2 0 -392.8 1 0 0 0 1 0 0 0 1 42097 cone.ldr
1 0 301.8 0 -1196.6 1 0 0 0 1 0 0 0 1 42097 cone.ldr
1 0 0 0 0 1 0 0 0 1 0 0 0 1 42097 load.ldr
1 0 34 -122.955 272.76 0 0 -1 0.999391 -0.0348995 0 -0.0348995 -0.999391 0 string.ldr
0
0 FILE 42097 1 chassis.ldr
0 42097 1 chassis
0 Author: marco9999
0 !COLOUR Chrome_Black CODE 64 VALUE #1B2A34 EDGE #3D5F76 ALPHA 255
0 !COLOUR Rubber_Yellow CODE 65 VALUE #FAC80A EDGE #333333 ALPHA 255
0 !COLOUR Rubber_Trans_Yellow CODE 66 VALUE #F5CD2F EDGE #B49208 ALPHA 128
0 !COLOUR Rubber_Trans_Clear CODE 67 VALUE #FCFCFC EDGE #C9C9C9 ALPHA 128
0 !COLOUR Very_Light_Orange CODE 68 VALUE #FDC383 EDGE #333333 ALPHA 255
0 !COLOUR Bright_Reddish_Lilac CODE 69 VALUE #8A12A8 EDGE #333333 ALPHA 255
0 !COLOUR Reddish_Brown CODE 70 VALUE #5F3109 EDGE #808080 ALPHA 255
0 !COLOUR Light_Bluish_Grey CODE 71 VALUE #969696 EDGE #333333 ALPHA 255
0 !COLOUR Dark_Bluish_Grey CODE 72 VALUE #646464 EDGE #333333 ALPHA 255
0 !COLOUR Medium_Blue CODE 73 VALUE #7396C8 EDGE #333333 ALPHA 255
0 !COLOUR Medium_Green CODE 74 VALUE #7FC475 EDGE #333333 ALPHA 255
0 !COLOUR Speckle_Black_Copper CODE 75 VALUE #AB6038 EDGE #AB6038 ALPHA 255
0 !COLOUR Speckle_Dark_Bluish_Grey_Silver CODE 76 VALUE #898788 EDGE #898788 ALPHA 255
0 !COLOUR Light_Pink CODE 77 VALUE #FECCCF EDGE #333333 ALPHA 255
0 !COLOUR Light_Flesh CODE 78 VALUE #FFC995 EDGE #333333 ALPHA 255
0 !COLOUR Milky_White CODE 79 VALUE #EEEEEE EDGE #BABABA ALPHA 240
0 !COLOUR Metallic_Silver CODE 80 VALUE #767676 EDGE #333333 ALPHA 255
0 !COLOUR Metallic_Green CODE 81 VALUE #6A7944 EDGE #333333 ALPHA 255
0 !COLOUR Metallic_Gold CODE 82 VALUE #DBAC34 EDGE #333333 ALPHA 255
0 !COLOUR Metallic_Black CODE 83 VALUE #0A1327 EDGE #333333 ALPHA 255
0 !COLOUR Medium_Dark_Flesh CODE 84 VALUE #AA7D55 EDGE #333333 ALPHA 255
0 !COLOUR Medium_Lilac CODE 85 VALUE #441A91 EDGE #333333 ALPHA 255
0 !COLOUR Dark_Flesh CODE 86 VALUE #AD6140 EDGE #333333 ALPHA 255
0 !COLOUR Metallic_Dark_Grey CODE 87 VALUE #6D6E5C EDGE #333333 ALPHA 255
0 !COLOUR Blue_Violet CODE 89 VALUE #1C58A7 EDGE #333333 ALPHA 255
0 !COLOUR Flesh CODE 92 VALUE #BB805A EDGE #333333 ALPHA 255
0 !COLOUR Light_Salmon CODE 100 VALUE #F9B7A5 EDGE #333333 ALPHA 255
0 !COLOUR Violet CODE 110 VALUE #26469A EDGE #333333 ALPHA 255
0 !COLOUR Medium_Violet CODE 112 VALUE #4861AC EDGE #333333 ALPHA 255
0 !COLOUR Glitter_Trans_Dark_Pink CODE 114 VALUE #923978 EDGE #B9275F ALPHA 128
0 !COLOUR Medium_Lime CODE 115 VALUE #B7D425 EDGE #333333 ALPHA 255
0 !COLOUR Glitter_Trans_Clear CODE 117 VALUE #FFFFFF EDGE #BABABA ALPHA 128
0 !COLOUR Aqua CODE 118 VALUE #9CD6CC EDGE #333333 ALPHA 255
0 !COLOUR Light_Lime CODE 120 VALUE #DEEA92 EDGE #333333 ALPHA 255
0 !COLOUR Light_Orange CODE 125 VALUE #F9A777 EDGE #333333 ALPHA 255
0 !COLOUR Dark_Nougat CODE 128 VALUE #AD6140 EDGE #333333 ALPHA 255
0 !COLOUR Glitter_Trans_Purple CODE 129 VALUE #8C00FF EDGE #000000 ALPHA 128
0 !COLOUR Speckle_Black_Silver CODE 132 VALUE #898788 EDGE #898788 ALPHA 255
0 !COLOUR Speckle_Black_Gold CODE 133 VALUE #DBAC34 EDGE #DBAC34 ALPHA 255
0 !COLOUR Copper CODE 134 VALUE #764D3B EDGE #333333 ALPHA 255
0 !COLOUR Pearl_Light_Grey CODE 135 VALUE #A0A0A0 EDGE #333333 ALPHA 255
0 !COLOUR Metal_Blue CODE 137 VALUE #5B7590 EDGE #333333 ALPHA 255
0 !COLOUR Pearl_Light_Gold CODE 142 VALUE #DEAC66 EDGE #333333 ALPHA 255
0 !COLOUR Pearl_Dark_Grey CODE 148 VALUE #484D48 EDGE #333333 ALPHA 255
0 !COLOUR Pearl_Very_Light_Grey CODE 150 VALUE #989B99 EDGE #333333 ALPHA 255
0 !COLOUR Very_Light_Bluish_Grey CODE 151 VALUE #C8C8C8 EDGE #333333 ALPHA 255
0 !COLOUR Flat_Dark_Gold CODE 178 VALUE #83724F EDGE #333333 ALPHA 255
0 !COLOUR Flat_Silver CODE 179 VALUE #898788 EDGE #333333 ALPHA 255
0 !COLOUR Pearl_White CODE 183 VALUE #F6F2DF EDGE #333333 ALPHA 255
0 !COLOUR Metallic_Bright_Red CODE 184 VALUE #D60026 EDGE #333333 ALPHA 255
0 !COLOUR Metallic_Dark_Green CODE 186 VALUE #008E3C EDGE #333333 ALPHA 255
0 !COLOUR Reddish_Gold CODE 189 VALUE #AC8247 EDGE #333333 ALPHA 255
0 !COLOUR Bright_Light_Orange CODE 191 VALUE #FCAC00 EDGE #333333 ALPHA 255
0 !COLOUR Bright_Light_Blue CODE 212 VALUE #9DC3F7 EDGE #333333 ALPHA 255
0 !COLOUR Rust CODE 216 VALUE #872B17 EDGE #333333 ALPHA 255
0 !COLOUR Reddish_Lilac CODE 218 VALUE #8E5597 EDGE #333333 ALPHA 255
0 !COLOUR Lilac CODE 219 VALUE #564E9D EDGE #333333 ALPHA 255
0 !COLOUR Bright_Light_Yellow CODE 226 VALUE #FFEC6C EDGE #333333 ALPHA 255
0 !COLOUR Trans_Bright_Light_Orange CODE 231 VALUE #FCB76D EDGE #FA860A ALPHA 128
0 !COLOUR Sky_Blue CODE 232 VALUE #77C9D8 EDGE #333333 ALPHA 255
0 !COLOUR Trans_Fire_Yellow CODE 234 VALUE #FBE890 EDGE #F7D22B ALPHA 128
0 !COLOUR Rubber_Black CODE 256 VALUE #1B2A34 EDGE #808080 ALPHA 255
0 !COLOUR Dark_Blue CODE 272 VALUE #19325A EDGE #333333 ALPHA 255
0 !COLOUR Rubber_Blue CODE 273 VALUE #1E5AA8 EDGE #333333 ALPHA 255
0 !COLOUR Trans_Reddish_Lilac CODE 284 VALUE #C281A5 EDGE #944771 ALPHA 128
0 !COLOUR Trans_Light_Green CODE 285 VALUE #7DC291 EDGE #46955D ALPHA 128
0 !COLOUR Dark_Green CODE 288 VALUE #00451A EDGE #808080 ALPHA 255
0 !COLOUR Trans_Light_Blue_Violet CODE 293 VALUE #6BABE4 EDGE #247BC6 ALPHA 128
0 !COLOUR Glow_In_Dark_Trans CODE 294 VALUE #BDC6AD EDGE #8D9D72 ALPHA 240
0 !COLOUR Flamingo_Pink CODE 295 VALUE #FF94C2 EDGE #333333 ALPHA 255
0 !COLOUR Pearl_Gold CODE 297 VALUE #AA7F2E EDGE #333333 ALPHA 255
0 !COLOUR Metallic_Copper CODE 300 VALUE #C27F53 EDGE #333333 ALPHA 255
0 !COLOUR Glitter_Trans_Light_Blue CODE 302 VALUE #923978 EDGE #59D1DE ALPHA 128
0 !COLOUR Dark_Brown CODE 308 VALUE #352100 EDGE #808080 ALPHA 255
0 !COLOUR Maersk_Blue CODE 313 VALUE #ABD9FF EDGE #333333 ALPHA 255
0 !COLOUR Dark_Red CODE 320 VALUE #720012 EDGE #333333 ALPHA 255
0 !COLOUR Dark_Azure CODE 321 VALUE #469BC3 EDGE #333333 ALPHA 255
0 !COLOUR Medium_Azure CODE 322 VALUE #68C3E2 EDGE #333333 ALPHA 255
0 !COLOUR Light_Aqua CODE 323 VALUE #D3F2EA EDGE #333333 ALPHA 255
0 !COLOUR Rubber_Red CODE 324 VALUE #B40000 EDGE #333333 ALPHA 255
0 !COLOUR Yellowish_Green CODE 326 VALUE #E2F99A EDGE #333333 ALPHA 255
0 !COLOUR Glow_In_Dark_White CODE 329 VALUE #F5F3D7 EDGE #E0DA85 ALPHA 240
0 !COLOUR Olive_Green CODE 330 VALUE #77774E EDGE #333333 ALPHA 255
0 !COLOUR Chrome_Gold CODE 334 VALUE #DFC176 EDGE #C2982E ALPHA 255
0 !COLOUR Sand_Red CODE 335 VALUE #88605E EDGE #333333 ALPHA 255
0 !COLOUR Glitter_Trans_Neon_Green CODE 339 VALUE #923978 EDGE #739900 ALPHA 128
0 !COLOUR Rubber_Orange CODE 350 VALUE #D67923 EDGE #333333 ALPHA 255
0 !COLOUR Medium_Dark_Pink CODE 351 VALUE #F785B1 EDGE #333333 ALPHA 255
0 !COLOUR Coral CODE 353 VALUE #FF6D77 EDGE #333333 ALPHA 255
0 !COLOUR Earth_Orange CODE 366 VALUE #D86D2C EDGE #333333 ALPHA 255
0 !COLOUR Sand_Purple CODE 373 VALUE #75657D EDGE #333333 ALPHA 255
0 !COLOUR Rubber_Light_Grey CODE 375 VALUE #8A928D EDGE #333333 ALPHA 255
0 !COLOUR Sand_Green CODE 378 VALUE #708E7C EDGE #333333 ALPHA 255
0 !COLOUR Sand_Blue CODE 379 VALUE #70819A EDGE #333333 ALPHA 255
0 !COLOUR Chrome_Silver CODE 383 VALUE #CECECE EDGE #9C9C9C ALPHA 255
0 !COLOUR Rubber_Dark_Blue CODE 406 VALUE #19325A EDGE #333333 ALPHA 255
0 !COLOUR Rubber_Purple CODE 449 VALUE #671F81 EDGE #333333 ALPHA 255
0 !COLOUR Fabuland_Brown CODE 450 VALUE #D27744 EDGE #333333 ALPHA 255
0 !COLOUR Medium_Orange CODE 462 VALUE #F58624 EDGE #333333 ALPHA 255
0 !COLOUR Dark_Orange CODE 484 VALUE #91501C EDGE #333333 ALPHA 255
0 !COLOUR Rubber_Lime CODE 490 VALUE #A5CA18 EDGE #333333 ALPHA 255
0 !COLOUR Magnet CODE 493 VALUE #656761 EDGE #333333 ALPHA 255
0 !COLOUR Electric_Contact_Alloy CODE 494 VALUE #D0D0D0 EDGE #333333 ALPHA 255
0 !COLOUR Electric_Contact_Copper CODE 495 VALUE #AE7A59 EDGE #333333 ALPHA 255
0 !COLOUR Rubber_Light_Bluish_Grey CODE 496 VALUE #969696 EDGE #333333 ALPHA 255
0 !COLOUR Very_Light_Grey CODE 503 VALUE #BCB4A5 EDGE #333333 ALPHA 255
0 !COLOUR Rubber_Flat_Silver CODE 504 VALUE #898788 EDGE #333333 ALPHA 255
0 !COLOUR Light_Orange_Brown CODE 507 VALUE #FA9C1C EDGE #333333 ALPHA 255
0 !COLOUR Fabuland_Red CODE 508 VALUE #FF8014 EDGE #333333 ALPHA 255
0 !COLOUR Fabuland_Orange CODE 509 VALUE #CF8A47 EDGE #333333 ALPHA 255
0 !COLOUR Fabuland_Pastel_Green CODE 510 VALUE #78FC78 EDGE #333333 ALPHA 255
0 !COLOUR Rubber_White CODE 511 VALUE #F4F4F4 EDGE #333333 ALPHA 255
0 ROTATION CENTER 0 0 0 1 "Custom" 
0 ROTATION CONFIG 0 0
1 71 -106.968 -53.7742 -99.8353 -0.000234717 0.0005155 1 0.00093673 0.999999 -0.00051528 -1 0.000936609 -0.000235199 99009.dat
1 0 -46.9154 26.0089 90.2302 0.000218046 0.000515512 -1 -0.000989637 1 0.000515296 1 0.000989524 0.000218556 2780.dat
1 72 -66.9174 26.0303 80.2349 0.000515425 0.000218119 1 0.999999 -0.000989714 -0.000515213 0.000989597 1 -0.000218634 40490.dat
1 0 -26.9153 25.9989 90.2259 -0.000217988 0.000515512 1 0.000989637 0.999999 -0.000515296 -1 0.000989524 -0.000218498 2780.dat
1 72 53.0869 25.9513 100.209 -0.0005157 -0.000218506 1 -0.999999 0.000989821 -0.000515451 -0.000989741 -0.999999 -0.00021905 40490.dat
1 0 93.0848 25.9397 90.2002 -0.000217988 0.000515512 1 0.000989637 0.999999 -0.000515296 -1 0.000989524 -0.000218498 2780.dat
1 72 173.083 25.9113 80.1831 0.000515425 0.000218119 1 0.999999 -0.000989714 -0.000515213 0.000989597 1 -0.000218634 40490.dat
1 1 253.082 25.8701 80.1657 -0.000218584 0.000515512 1 0.000989637 0.999999 -0.000515295 -1 0.000989524 -0.000219094 6558.dat
1 72 253.097 45.8501 100.184 1 -0.000515353 -0.00021865 -0.000515353 -1 0 -0.00021865 0 -1 6536.dat
1 71 233.097 45.8609 100.189 1 0 0 0 1 0 0 0 1 4519.dat
1 72 213.097 45.8699 100.193 1 -0.000515353 -0.00021865 -0.000515353 -1 0 -0.00021865 0 -1 6536.dat
1 14 233.092 45.8802 80.1886 0.000515424 -1 0.00021814 0.999999 0.000515208 -0.000989442 0.00098933 0.00021865 1 32525.dat
1 0 223.08 45.9448 20.1907 1 0 0 0 1 0 0 0 1 2780.dat
1 14 213.067 46.0089 -39.8071 0.000515424 -1 0.00021814 0.999999 0.000515208 -0.000989442 0.00098933 0.00021865 1 32524.dat
1 0 223.071 45.9844 -19.8093 1 0 0 0 1 0 0 0 1 2780.dat
1 0 233.067 45.9994 -39.8115 -0.000293876 1 -0.000476885 -0.150197 -0.000515597 -0.988656 -0.988656 -0.000218937 0.150197 33299a.dat
1 1 223.067 46.0041 -39.8094 1 -0.000293712 0.000476534 -0.000515243 -0.150197 0.988656 -0.000218807 -0.988656 -0.150197 43093.dat
1 71 253.048 6.44289 -33.808 0.00029379 0.000476581 -1 0.150197 0.988656 0.000515306 0.988656 -0.150197 0.000218876 42610.dat
1 14 148.054 46.1005 -99.7919 0.000218404 0.000515512 -1 -0.000989637 0.999999 0.000515295 1 0.000989524 0.000218914 32123a.dat
1 72 183.054 46.0847 -99.799 -1 0.000515295 0 0.000515295 0.999999 0.000989524 0 0.000989524 -1 55013.dat
1 71 163.054 46.0932 -99.7952 -0.00051583 -0.000218706 1 -0.999999 0.000989795 -0.000515651 -0.000989644 -1 -0.000219179 6590.dat
1 14 113.071 46.0387 -19.7843 0.000515424 -1 0.00021814 0.999999 0.000515208 -0.000989442 0.00098933 0.00021865 1 32525.dat
1 0 123.084 45.9746 40.2137 1 0 0 0 1 0 0 0 1 2780.dat
1 14 133.097 45.9099 100.212 0.000515424 -1 0.00021814 0.999999 0.000515208 -0.000989442 0.00098933 0.00021865 1 32524.dat
1 0 123.11 45.8557 160.214 1 0 0 0 1 0 0 0 1 2780.dat
1 14 113.122 45.8009 220.216 0.000515424 -1 0.00021814 0.999999 0.000515208 -0.000989442 0.00098933 0.00021865 1 32525.dat
1 14 148.131 45.7439 260.208 0.000218404 0.000515512 -1 -0.000989637 0.999999 0.000515295 1 0.000989524 0.000218914 32123a.dat
1 72 183.131 45.7281 260.201 -1 0.000515295 0 0.000515295 0.999999 0.000989524 0 0.000989524 -1 55013.dat
1 71 163.131 45.7366 260.205 -0.00051583 -0.000218706 1 -0.999999 0.000989795 -0.000515651 -0.000989644 -1 -0.000219179 6590.dat
1 14 213.118 45.7714 200.193 0.000515424 -1 0.00021814 0.999999 0.000515208 -0.000989442 0.00098933 0.00021865 1 32524.dat
1 0 223.105 45.826 140.191 1 0 0 0 1 0 0 0 1 2780.dat
1 0 223.114 45.7865 180.191 1 0 0 0 1 0 0 0 1 2780.dat
1 0 233.119 45.7619 200.189 -0.00021852 1 -0.000515652 0.000989807 -0.000515356 -0.999999 -1 -0.000219111 -0.000989614 33299a.dat
1 1 223.118 45.7666 200.191 1 -0.000218278 0.000515455 -0.000515238 0.000989766 0.999999 -0.000218788 -1 0.000989654 43093.dat
1 71 253.098 5.75165 200.145 0.000218404 0.000515512 -1 -0.000989637 1 0.000515295 1 0.000989524 0.000218914 42610.dat
1 14 133.111 5.75161 260.172 -0.000218262 1 -0.000515459 0.000989407 -0.000515201 -0.999999 -1 -0.000218814 -0.000989252 14720.dat
1 1 113.127 45.7804 240.216 1 0 0 0 1 0 0 0 1 6558.dat
1 71 53.1357 45.7721 280.229 1 0 0 0 1 0 0 0 1 64179.dat
1 0 103.144 45.7071 320.218 1 0 0 0 1 0 0 0 1 2780.dat
1 1 -6.86445 45.8015 280.242 -1 0.000515295 0 0.000515295 1 0.000989524 0 0.000989524 -1 6558.dat
1 14 -26.8881 5.83042 260.206 -0.000218412 -1 0.000515522 0.000989748 0.000515401 1 -1 0.000219018 0.000989731 14720.dat
1 14 -41.8688 45.8381 260.249 0.000218404 0.000515512 -1 -0.000989637 1 0.000515295 1 0.000989524 0.000218914 32123a.dat
1 72 -76.8688 45.8537 260.256 1 0 0 0 1 0 0 0 1 55013.dat
1 71 -56.8687 45.8452 260.252 -0.000515404 0.000218361 -1 -0.999999 -0.000989524 0.000515251 -0.000989475 1 0.000218934 6590.dat
1 14 -106.882 45.9299 200.262 0.000515424 -1 0.00021814 0.999999 0.000515208 -0.000989442 0.00098933 0.00021865 1 32524.dat
1 0 -116.895 45.9945 140.264 1 0 0 0 1 0 0 0 1 2780.dat
1 14 -126.908 46.0586 80.2663 0.000515424 -1 0.00021814 0.999999 0.000515208 -0.000989442 0.00098933 0.00021865 1 32525.dat
1 72 -106.912 46.068 60.2619 1 -0.000515353 -0.00021865 -0.000515353 -1 0 -0.00021865 0 -1 6536.dat
1 71 -126.912 46.0788 60.2663 1 0 0 0 1 0 0 0 1 4519.dat
1 72 -146.912 46.0878 60.2705 1 -0.000515353 -0.00021865 -0.000515353 -1 0 -0.00021865 0 -1 6536.dat
1 1 -106.918 26.0484 80.2432 -0.000218584 0.000515512 1 0.000989637 0.999999 -0.000515295 -1 0.000989524 -0.000219094 6558.dat
1 72 -106.903 46.0285 100.262 1 -0.000515353 -0.00021865 -0.000515353 -1 0 -0.00021865 0 -1 6536.dat
1 71 -126.903 46.0392 100.266 1 0 0 0 1 0 0 0 1 4519.dat
1 72 -146.903 46.0483 100.27 1 -0.000515353 -0.00021865 -0.000515353 -1 0 -0.00021865 0 -1 6536.dat
1 1 -146.918 26.0683 80.2519 -0.000218584 0.000515512 1 0.000989637 0.999999 -0.000515295 -1 0.000989524 -0.000219094 6558.dat
1 0 -116.92 46.1132 20.2642 1 0 0 0 1 0 0 0 1 2780.dat
1 14 -106.934 46.1675 -39.7379 0.000515424 -1 0.00021814 0.999999 0.000515208 -0.000989442 0.00098933 0.00021865 1 32524.dat
1 71 -56.9464 46.2018 -99.7477 -0.000515404 0.000218361 -1 -0.999999 -0.000989524 0.000515251 -0.000989475 1 0.000218934 6590.dat
1 72 -76.9462 46.21 -99.7437 1 0 0 0 1 0 0 0 1 55013.dat
1 14 -41.9464 46.1947 -99.7508 0.000218404 0.000515512 -1 -0.000989637 0.999999 0.000515295 1 0.000989524 0.000218914 32123a.dat
1 14 -26.9654 6.18673 -99.7937 -0.000218412 -1 0.000515522 0.000989748 0.000515401 1 -1 0.000219018 0.000989731 14720.dat
1 1 -6.95055 46.1976 -119.758 -1 0.000515295 0 0.000515295 1 0.000989524 0 0.000989524 -1 6558.dat
1 71 53.0582 46.1287 -79.7712 1 0 0 0 1 0 0 0 1 64179.dat
1 1 113.049 46.137 -119.784 1 0 0 0 1 0 0 0 1 6558.dat
1 14 133.033 6.10814 -99.828 -0.000218262 1 -0.000515459 0.000989407 -0.000515201 -0.999999 -1 -0.000218814 -0.000989252 14720.dat
1 1 113.058 46.0974 -79.7845 1 0 0 0 1 0 0 0 1 6558.dat
1 1 113.009 -33.8631 -119.864 1 0 0 0 1 0 0 0 1 6558.dat
1 71 53.0273 -33.9109 -39.8504 1 0 0 0 1 0 0 0 1 64178.dat
1 0 103.036 -33.9761 0.138696 1 0 0 0 1 0 0 0 1 2780.dat
1 14 153.078 5.89966 100.167 -0.000218412 -1 0.000515522 0.000989748 0.000515401 1 -1 0.000219018 0.000989731 14720.dat
1 71 133.057 -34.0908 100.132 -0.000515663 0.000218064 -1 -0.999999 -0.000989783 0.000515548 -0.000989771 1 0.000218675 48989.dat
1 14 113.057 -34.0803 100.137 0.000515305 -1 0.000218141 0.999999 0.000515089 -0.000989442 0.00098933 0.00021865 1 32525.dat
1 0 153.085 25.9098 90.1872 -0.000217988 0.000515512 1 0.000989637 0.999999 -0.000515296 -1 0.000989524 -0.000218498 2780.dat
1 0 103.048 -34.0355 60.1386 1 0 0 0 1 0 0 0 1 2780.dat
1 0 103.066 -34.1147 140.139 1 0 0 0 1 0 0 0 1 2780.dat
1 71 53.0875 -34.1882 240.15 1 0 0 0 1 0 0 0 1 64178.dat
1 0 103.079 -34.1741 200.139 1 0 0 0 1 0 0 0 1 2780.dat
1 1 -6.90431 -34.1985 280.163 -1 0.000515295 0 0.000515295 1 0.000989524 0 0.000989524 -1 6558.dat
1 71 -46.9042 -34.1783 280.171 1 0 0 0 1 0 0 0 1 64179.dat
1 4 -66.9066 -34.1595 270.19 0.000218046 0.000515512 -1 -0.000989637 1 0.000515296 1 0.000989524 0.000218556 32062.dat
1 14 -66.9108 -34.1397 250.19 -1 0.000515295 0 0.000515295 0.999999 0.000989524 0 0.000989524 -1 59443.dat
1 14 -66.9022 -34.1793 290.19 -1 0.000515295 0 0.000515295 0.999999 0.000989524 0 0.000989524 -1 59443.dat
1 71 -66.9173 -34.1101 220.19 0.000218046 0.000515512 -1 -0.000989637 0.999999 0.000515296 1 0.000989524 0.000218556 4519.dat
1 72 -66.9215 -34.0903 200.19 -0.000219017 0.000989051 -1 0.000989175 -0.999999 -0.000989268 -1 -0.000989391 0.000218298 6536.dat
1 0 -56.9303 -54.0948 200.168 1 0 0 0 1 0 0 0 1 2780.dat
1 72 -46.9477 -54.0211 120.166 -0.000515356 1 0.000218392 -0.999999 -0.00051514 -0.000989694 -0.000989581 -0.000218902 0.999999 40490.dat
1 0 -36.9559 -53.986 80.1635 1 0 0 0 1 0 0 0 1 2780.dat
1 1 -26.9565 -53.9913 80.1612 0.000515235 0.999999 0.000989519 0.999999 -0.000516014 0.000989133 0.000989643 0.000989009 -0.999999 15100.dat
1 14 -6.94331 -34.0208 100.163 0.000515424 -1 0.00021814 0.999999 0.000515208 -0.000989442 0.00098933 0.00021865 1 32525.dat
1 71 -26.943 -34.0116 100.167 -0.000515663 0.000218064 -1 -0.999999 -0.000989783 0.000515548 -0.000989771 1 0.000218675 48989.dat
1 14 -46.9224 5.99868 100.211 -0.000218412 -1 0.000515573 0.000989696 0.000515401 0.999999 -1 0.000218966 0.000989628 14720.dat
1 0 3.04841 -33.9858 60.1603 1 0 0 0 1 0 0 0 1 2780.dat
1 0 3.06564 -34.065 140.16 1 0 0 0 1 0 0 0 1 2780.dat
1 0 3.03549 -33.9264 0.160305 1 0 0 0 1 0 0 0 1 2780.dat
1 0 3.07856 -34.1244 200.16 1 0 0 0 1 0 0 0 1 2780.dat
1 1 -26.8989 45.9698 120.246 -1 0 0.000218531 0 -1 -0.000989524 0.000218531 -0.000989524 1 6558.dat
1 14 -6.8777 45.8604 220.242 0.000515424 -1 0.00021814 0.999999 0.000515208 -0.000989442 0.00098933 0.00021865 1 32525.dat
1 0 3.14413 45.7566 320.24 1 0 0 0 1 0 0 0 1 2780.dat
1 14 23.1053 45.9242 140.235 -0.000218346 0.000515512 1 0.000989637 0.999999 -0.000515295 -1 0.000989524 -0.000218856 59443.dat
1 1 3.10538 45.9349 140.24 1 -0.000218278 0.000515455 -0.000515238 0.000989766 0.999999 -0.000218788 -1 0.000989654 43093.dat
1 71 53.1053 45.9104 140.229 1 0 0 0 1 0 0 0 1 4519.dat
1 14 83.1053 45.8945 140.222 -0.000218346 0.000515511 1 0.000989637 0.999999 -0.000515295 -1 0.000989524 -0.000218856 59443.dat
1 1 103.105 45.8846 140.218 -1 0.00021851 0.00021885 0.000218634 -0.000989397 1 0.000218726 1 0.000989481 43093.dat
1 0 -16.8903 45.925 160.244 1 0 0 0 1 0 0 0 1 2780.dat
1 14 -26.9034 45.9891 100.246 0.000515424 -1 0.00021814 0.999999 0.000515208 -0.000989442 0.00098933 0.00021865 1 32524.dat
1 0 -16.9161 46.0439 40.2438 1 0 0 0 1 0 0 0 1 2780.dat
1 14 -6.92934 46.0981 -19.7583 0.000515424 -1 0.00021814 0.999999 0.000515208 -0.000989442 0.00098933 0.00021865 1 32525.dat
1 0 3.06663 46.1132 -39.7605 1 0 0 0 1 0 0 0 1 2780.dat
1 14 23.0882 46.0035 60.2351 -0.000218346 0.000515512 1 0.000989637 0.999999 -0.000515295 -1 0.000989524 -0.000218856 59443.dat
1 1 3.08821 46.0142 60.2396 1 -0.000218278 0.000515455 -0.000515238 0.000989766 0.999999 -0.000218788 -1 0.000989654 43093.dat
1 71 53.0882 45.9897 60.2289 1 0 0 0 1 0 0 0 1 4519.dat
1 14 83.0882 45.9738 60.222 -0.000218346 0.000515511 1 0.000989637 0.999999 -0.000515295 -1 0.000989524 -0.000218856 59443.dat
1 1 103.088 45.9639 60.2177 -1 0.00021851 0.00021885 0.000218634 -0.000989397 1 0.000218726 1 0.000989481 43093.dat
1 1 -26.9075 46.0094 80.2459 -1 0.000515295 0 0.000515295 1 0.000989524 0 0.000989524 -1 6558.dat
1 1 -6.94194 46.158 -79.7584 -1 0.000515295 0 0.000515295 1 0.000989524 0 0.000989524 -1 6558.dat
1 1 -6.87307 45.8411 240.242 -1 0.000515295 0 0.000515295 1 0.000989524 0 0.000989524 -1 6558.dat
1 1 -6.9129 -34.1589 240.163 -1 0.000515295 0 0.000515295 1 0.000989524 0 0.000989524 -1 6558.dat
1 14 -6.89008 -14.2187 300.182 0.000515226 -0.395913 -0.918288 0.999999 0.00111321 8.1141e-005 0.000990159 -0.918287 0.395913 32073.dat
1 72 -6.90977 -54.2187 300.143 0.918288 -0.395912 0.000515565 -8.15279e-005 0.0011132 0.999999 -0.395913 -0.918288 0.000989966 10928.dat
1 19 -6.88817 -11.2187 300.185 0.918288 -0.395912 0.000515833 -8.17959e-005 0.00111321 0.999999 -0.395913 -0.918288 0.000989868 6589.dat
1 0 -6.86865 5.73161 350.202 -1 0.00021888 0.000219221 0.000219004 -0.000989397 1 0.000219097 1 0.000989481 87408.dat
1 70 -6.86736 5.72371 358.202 -0.0002186 0.386284 0.92238 0.000989728 0.92238 -0.386284 -1 0.000828446 -0.000583944 15462.dat
1 0 -6.87543 5.7613 320.202 0.92238 0.386284 0.000218335 -0.386284 0.922379 -0.000989631 -0.000583667 0.000828477 0.999999 32270.dat
1 14 -6.86354 5.70687 375.202 0.922379 0.386286 0.000218337 -0.386285 0.922379 -0.000989632 -0.00058367 0.000828476 1 32123a.dat
1 0 -6.86031 5.69203 390.202 0.92238 0.386284 0.000218335 -0.386284 0.92238 -0.000989631 -0.000583667 0.000828477 1 32270.dat
1 14 53.1328 5.69324 360.189 0.000515425 0.000218119 1 0.999999 -0.000989714 -0.000515213 0.000989597 1 -0.000218634 32524.dat
1 71 73.135 5.67398 370.185 0.00021813 -0.000914794 1 -0.000914917 -0.999999 -0.000914594 1 -0.000914717 -0.000219017 4274.dat
1 14 53.1367 5.67706 378.189 -1 0.000515357 -0.000514762 0.000515234 0.000914762 -1 -0.000514886 -1 -0.000914749 2431.dat
1 71 33.1349 5.69402 370.193 0.00021813 -0.000914794 1 -0.000914917 -0.999999 -0.000914594 1 -0.000914717 -0.000219017 4274.dat
1 19 53.1074 5.80861 243.189 1 0 0 0 1 0 0 0 1 6589.dat
1 4 53.1173 5.7621 290.189 0.000218046 0.000515512 -1 -0.000989637 0.999999 0.000515296 1 0.000989524 0.000218556 3707.dat
1 71 53.1197 5.7522 300.189 -0.000515475 1 0.000218565 -0.999999 -0.000515259 -0.000989867 -0.000989754 -0.000219075 0.999999 6590.dat
1 19 53.124 5.73241 320.189 1 -0.000515296 -0.000218845 -0.000515296 -1 0 -0.000218845 0 -1 32269.dat
1 14 53.1034 5.83018 220.189 1 0.000218335 -0.000515512 -0.000515295 -0.000989935 -0.999999 -0.000218845 1 -0.000989823 60484.dat
1 1 33.0784 -34.1397 200.154 -0.000218584 0.000515512 1 0.000989637 0.999999 -0.000515295 -1 0.000989524 -0.000219094 6558.dat
1 71 53.0601 -54.0276 160.13 -0.000217988 0.000515512 1 0.000989637 0.999999 -0.000515296 -1 0.000989524 -0.000218498 18939.dat
1 1 73.0784 -34.1595 200.145 -0.000218584 0.000515512 1 0.000989637 0.999999 -0.000515295 -1 0.000989524 -0.000219094 6558.dat
1 0 53.0855 -44.2082 260.14 -1 0 0.000218845 0 -1 -0.000989524 0.000218845 -0.000989524 1 87408.dat
1 19 53.0816 -54.2083 260.13 0.985404 0.170232 -0.000515459 -0.000339535 -0.00106246 -0.999999 -0.170232 0.985404 -0.000989152 32269.dat
1 72 53.0881 -42.2083 260.142 0.000515496 -0.985404 0.170232 0.999999 0.000339577 -0.00106252 0.000989207 0.170232 0.985403 87083.dat
1 0 53.1014 -14.2083 260.169 0.985404 -0.170232 0.000515504 -0.000339528 0.00106287 0.999999 -0.170232 -0.985403 0.000989556 32270.dat
1 1 113.087 -44.2387 260.127 -0.000515365 -0.000218255 1 -0.999999 0.00098964 -0.000515096 -0.00098958 -0.999999 -0.000218817 43093.dat
1 14 113.072 -74.2392 260.097 1 -0.000218392 0.000515455 -0.000515238 0.000989766 0.999999 -0.000218902 -1 0.000989654 25214.dat
1 4 83.0716 -74.2234 260.104 1 0 0 0 1 0 0 0 1 32062.dat
1 0 53.0717 -74.2082 260.11 -0.000515873 0.000218419 -1 -0.999999 -0.000989683 0.000515606 -0.00098952 0.999999 0.000218878 32034.dat
1 4 23.0716 -74.1935 260.117 1 0 0 0 1 0 0 0 1 32062.dat
1 14 -6.92839 -74.1784 260.123 -1 0.000218761 0.000219101 0.000218885 -0.000989397 1 0.000218978 1 0.000989481 25214.dat
1 1 -6.91312 -44.179 260.153 -0.000515365 -0.000218203 1 -0.999999 0.00098964 -0.000515148 -0.000989528 -1 -0.000218714 43093.dat
1 71 153.096 -34.2772 280.128 1 0 0 0 1 0 0 0 1 64179.dat
1 1 113.087 -34.2195 240.137 1 0 0 0 1 0 0 0 1 6558.dat
1 19 113.111 -11.2783 300.159 1 -0.000218335 0.000515838 -0.000515621 0.000989647 0.999999 -0.000218845 -1 0.000989535 6589.dat
1 14 113.109 -14.2782 300.156 0.000515185 -0.000218309 -1 0.999999 0.000989686 0.000514974 0.000989579 -1 0.000218814 32073.dat
1 72 113.089 -54.2782 300.117 1 -0.000218335 0.000515512 -0.000515295 0.000989647 0.999999 -0.000218845 -1 0.000989534 10928.dat
1 0 113.131 5.67225 350.176 -1 0.00021888 0.000219221 0.000219004 -0.000989397 1 0.000219097 1 0.000989481 87408.dat
1 71 113.123 -14.3377 360.156 -0.000218283 -1 0.000515876 0.00098969 0.000515737 0.999999 -1 0.00021887 0.000989654 22961.dat
1 0 113.124 5.70195 320.176 0.966054 -0.258341 0.000218334 0.258341 0.966053 -0.000989635 4.47407e-005 0.00101245 0.999999 32270.dat
1 70 113.132 5.66434 358.176 -0.000218603 -0.258341 0.966054 0.000989608 0.966053 0.258341 -1 0.00101249 4.44745e-005 15462.dat
1 14 113.136 5.64753 375.176 0.966054 -0.25834 0.000218335 0.25834 0.966053 -0.000989636 4.47399e-005 0.00101245 0.999999 32123a.dat
1 0 113.139 5.63268 390.176 0.966054 -0.258341 0.000218335 0.258341 0.966053 -0.000989637 4.47408e-005 0.00101245 0.999999 32270.dat
1 4 173.093 -34.2783 270.138 0.000218046 0.000515512 -1 -0.000989637 1 0.000515296 1 0.000989524 0.000218556 32062.dat
1 14 173.098 -34.2981 290.138 -1 0.000515295 0 0.000515295 0.999999 0.000989524 0 0.000989524 -1 59443.dat
1 14 173.089 -34.2585 250.138 -1 0.000515295 0 0.000515295 0.999999 0.000989524 0 0.000989524 -1 59443.dat
1 71 173.083 -34.2288 220.138 0.000218046 0.000515512 -1 -0.000989637 0.999999 0.000515296 1 0.000989524 0.000218556 4519.dat
1 72 173.079 -34.209 200.138 -0.000219017 0.000989051 -1 0.000989175 -0.999999 -0.000989268 -1 -0.000989391 0.000218298 6536.dat
1 0 163.07 -54.2036 200.12 1 0 0 0 1 0 0 0 1 2780.dat
1 72 153.052 -54.1201 120.122 -0.000515356 1 0.000218392 -0.999999 -0.00051514 -0.000989694 -0.000989581 -0.000218902 0.999999 40490.dat
1 0 143.044 -54.075 80.1246 1 0 0 0 1 0 0 0 1 2780.dat
1 1 133.042 -54.0704 80.1124 0.000515235 0.999999 0.000989519 0.999999 -0.000516014 0.000989133 0.000989643 0.000989009 -0.999999 15100.dat
1 1 193.113 -24.3574 340.129 0.00051556 -0.000218263 -1 1 0.000989855 0.000515238 0.000989636 -1 0.000218879 43093.dat
1 72 193.117 -14.3575 340.139 -0.000515404 0.000218309 -1 -0.999999 -0.000989524 0.0005152 -0.000989423 1 0.00021883 6536.dat
1 1 133.109 -34.3277 340.118 -0.000218584 0.000515512 1 0.000989637 0.999999 -0.000515295 -1 0.000989524 -0.000219094 6558.dat
1 14 53.1129 -34.3107 360.135 -0.000515404 0.000218361 -1 -0.999999 -0.000989524 0.000515251 -0.000989475 1 0.000218934 32278.dat
1 0 73.1109 -34.3079 350.131 -0.000217988 0.000515512 1 0.000989637 0.999999 -0.000515296 -1 0.000989524 -0.000218498 2780.dat
1 14 53.1293 5.71152 340.175 1 0.000218335 -0.000515512 -0.000515295 -0.000989935 -0.999999 -0.000218845 1 -0.000989823 60484.dat
1 0 33.1107 -34.2881 350.139 -0.000217988 0.000515512 1 0.000989637 0.999999 -0.000515296 -1 0.000989524 -0.000218498 2780.dat
1 0 53.1043 -34.2683 320.149 0.971278 0.237947 0.000218335 -0.237946 0.971278 -0.000989635 -0.000447544 0.000909259 0.999999 32270.dat
1 0 53.1109 -34.298 350.149 -0.000217972 0.237947 0.971278 0.000989559 0.971278 -0.237947 -1 0.000909248 -0.000447171 3706.dat
1 14 53.1161 -34.3227 375.15 0.971278 0.237946 0.000218335 -0.237946 0.971278 -0.000989637 -0.000447544 0.000909261 0.999999 32123a.dat
1 0 53.1193 -34.3376 390.149 0.971278 0.237947 0.000218335 -0.237946 0.971278 -0.000989635 -0.000447544 0.000909259 0.999999 32270.dat
1 1 -26.8915 -34.2486 340.152 -0.000218584 0.000515512 1 0.000989637 0.999999 -0.000515295 -1 0.000989524 -0.000219094 6558.dat
1 1 -66.8916 -34.2288 340.161 -0.000218584 0.000515512 1 0.000989637 0.999999 -0.000515295 -1 0.000989524 -0.000219094 6558.dat
1 1 173.108 -34.3475 340.109 -0.000218584 0.000515512 1 0.000989637 0.999999 -0.000515295 -1 0.000989524 -0.000219094 6558.dat
1 1 113.096 -34.2591 280.137 1 0 0 0 1 0 0 0 1 6558.dat
1 14 233.044 -34.0803 40.1106 0.000218046 0.000515512 -1 -0.000989637 1 0.000515296 1 0.000989524 0.000218556 60485.dat
1 14 233.064 -34.1694 130.11 -1 0.000515295 0 0.000515295 0.999999 0.000989524 0 0.000989524 -1 59443.dat
1 14 233.083 -34.2584 220.111 0.000218046 0.000515512 -1 -0.000989637 0.999999 0.000515296 1 0.000989524 0.000218556 60485.dat
1 14 233.105 -34.3574 320.111 0.000218165 0.000515317 -1 -0.000989442 0.999999 0.000515101 1 0.00098933 0.000218675 25214.dat
1 1 203.104 -34.3421 320.117 1 -0.000218278 0.000515455 -0.000515238 0.000989766 0.999999 -0.000218788 -1 0.000989654 43093.dat
1 14 173.012 -33.9725 -39.8765 -0.000515404 0.000218361 -1 -0.999999 -0.000989524 0.000515251 -0.000989475 1 0.000218934 32524.dat
1 0 213.01 -33.9812 -49.8849 0.000218046 0.000515512 -1 -0.000989637 1 0.000515296 1 0.000989524 0.000218556 2780.dat
1 71 172.999 -33.9111 -99.8762 0.000218046 0.000515512 -1 -0.000989637 1 0.000515296 1 0.000989524 0.000218556 64179.dat
1 72 112.998 -53.9219 -59.883 1 -0.000218335 0.000515512 -0.000515295 0.000989647 0.999999 -0.000218845 -1 0.000989534 10928.dat
1 14 113.017 -13.9219 -59.8435 0.000515185 -0.000218309 -1 0.999999 0.000989686 0.000514974 0.000989579 -1 0.000218814 32073.dat
1 19 113.019 -10.9219 -59.8405 1 -0.000218335 0.000515838 -0.000515621 0.000989647 0.999999 -0.000218845 -1 0.000989535 6589.dat
1 0 113.032 6.12771 -109.824 1 -0.000218649 0.000515512 -0.000515295 0.000989647 0.999999 -0.000219159 -1 0.000989534 87408.dat
1 4 113.021 -13.8723 -109.844 0.000218046 0.000515512 -1 -0.000989637 0.999999 0.000515296 1 0.000989524 0.000218556 32062.dat
1 25 113.019 -13.8623 -119.844 0.000515528 0.000218378 1 0.999999 -0.000989508 -0.000515265 0.000989442 1 -0.000218841 60483.dat
1 0 133.022 -13.8822 -109.848 0.000218046 0.000515512 -1 -0.000989637 1 0.000515296 1 0.000989524 0.000218556 2780.dat
1 0 113.016 6.19705 -179.824 0.965899 0.258919 0.000218335 -0.258919 0.965899 -0.000989636 -0.000467125 0.000899358 0.999999 32270.dat
1 4 113.019 6.18715 -169.824 0.000218071 0.258919 -0.965899 -0.000989569 0.965899 0.258919 0.999999 0.000899365 0.000466853 32062.dat
1 14 113.023 6.16735 -149.824 -0.965899 0.258919 0.000118537 0.258919 0.965899 0.000899347 0.000118364 0.00089937 -1 59443.dat
1 72 113.032 6.12577 -107.823 0.000218657 0.25892 -0.965899 -0.000989735 0.965898 0.25892 0.999999 0.000899377 0.000467464 87083.dat
1 0 113.038 6.09805 -79.8239 0.965899 0.25892 0.000218335 -0.25892 0.965898 -0.000989637 -0.000467126 0.000899358 0.999999 32270.dat
1 72 53.0295 6.16583 -119.811 -0.000515404 0.000218361 -1 -0.999999 -0.000989524 0.000515251 -0.000989475 1 0.000218934 40490.dat
1 0 -26.9683 6.19686 -109.794 0.000218046 0.000515512 -1 -0.000989637 1 0.000515296 1 0.000989524 0.000218556 2780.dat
