0 FILE 42094 - main.ldr
0 main
0 Name: 42094 - main.ldr
0 Author: Philippe Hurbain [Philo]
0 !LICENSE Redistributable under CCAL version 2.0 : see CAreadme.txt

1 0 0 -145 0 1 0 0 0 -1 0 0 0 -1 63869.dat
1 71 0 -145 0 1 0 0 0 -1 0 0 0 -1 4519.dat
1 71 -20 -145 0 0 1 0 -1 0 0 0 0 1 74695.dat
1 71 20 -145 0 0 1 0 -1 0 0 0 0 1 74695.dat
1 0 0 -145 20 -1 0 0 0 0 1 0 1 0 87082.dat
0 STEP
1 0 -20 -165 10 0 1 0 0 0 1 1 0 0 2780.dat
1 0 20 -165 10 0 1 0 0 0 1 1 0 0 2780.dat
1 71 0 -165 80 -1 0 0 0 -1 0 0 0 1 64179.dat
1 1 -40 -165 20 0 -1 0 1 0 0 0 0 1 6558.dat
1 71 0 -125 -200 1 0 0 0 -0.538 -0.842 0 0.842 -0.538 92693c01.dat
1 25 0 -150.265 -216.157 1 0 0 0 -0.538 -0.842 0 0.842 -0.538 92695.dat
1 72 0 -272.15 -294.1 1 0 0 0 -0.538 -0.842 0 0.842 -0.538 92696.dat
1 1 40 -165 20 0 -1 0 1 0 0 0 0 1 6558.dat
1 71 -40 -185 20 1 0 0 0 -1 0 0 0 -1 22961.dat
1 71 40 -185 20 -1 0 0 0 -1 0 0 0 1 22961.dat
1 72 0 -185 20 0 0 1 0 -1 0 1 0 0 32034.dat
0 STEP
1 0 0 -165 30 1 0 0 0 0 1 0 -1 0 18171.dat
1 70 0 -165 2 0 -1 0 0 0 -1 1 0 0 15462.dat
1 19 0 -165 43 0 -1 0 1 0 0 0 0 1 6589.dat
1 0 0 -165 -20 0 -1 0 1 0 0 0 0 1 32270.dat
1 19 0 -175 60 0 -1 0 1 0 0 0 0 1 99008.dat
1 19 0 -148 60 0 -1 0 0 0 -1 1 0 0 6589.dat
1 14 0 -215 60 0 -1 0 0 0 -1 1 0 0 59443.dat
0 STEP
1 1 40 -145 60 0 -1 0 1 0 0 0 0 1 6558.dat
1 72 40 -145 -60 -1 0 0 0 -1 0 0 0 1 41239.dat
1 72 -40 -145 -60 -1 0 0 0 -1 0 0 0 1 41239.dat
1 1 -40 -145 60 0 -1 0 1 0 0 0 0 1 6558.dat
0 STEP
1 71 0 -125 80 -1 0 0 0 -1 0 0 0 1 64179.dat
1 0 50 -125 80 1 0 0 0 1 0 0 0 1 2780.dat
1 0 -50 -125 80 1 0 0 0 1 0 0 0 1 2780.dat
1 72 0 -125 70 0 0 -1 0 1 0 1 0 0 55013.dat
1 4 0 -125 40 -1 0 0 0 1 0 0 0 -1 3713.dat
1 4 0 -125 70 0 0 -1 0 1 0 1 0 0 62462.dat
1 19 0 -125 93 0 -1 0 1 0 0 0 0 1 6589.dat
0 STEP
1 1 -40 -145 -160 0 1 0 -1 0 0 0 0 1 6558.dat
1 1 40 -145 -160 0 1 0 -1 0 0 0 0 1 6558.dat
1 1 40 -145 -40 0 1 0 -1 0 0 0 0 1 6558.dat
1 1 -40 -145 -40 0 1 0 -1 0 0 0 0 1 6558.dat
1 71 0 -165 -100 1 0 0 0 1 0 0 0 1 64178.dat
0 STEP
1 0 -20 -165 -60 0 0 -1 0 1 0 1 0 0 32054.dat
1 0 20 -165 -60 0 0 -1 0 1 0 1 0 0 32054.dat
1 71 0 -185 -100 0 0 -1 0 1 0 1 0 0 18939.dat
1 0 0 -185 -100 -1 0 0 0 1 0 0 0 -1 18938.dat
1 0 -20 -165 -160 0 0 -1 0 1 0 1 0 0 32054.dat
1 0 20 -165 -160 0 0 -1 0 1 0 1 0 0 32054.dat
0 STEP
1 71 0 -125 -100 1 0 0 0 1 0 0 0 1 42094 - chassis2.ldr
0 STEP
1 71 40 -165 120 1 0 0 0 1 0 0 0 1 4519.dat
1 71 -40 -165 120 1 0 0 0 1 0 0 0 1 4519.dat
1 72 0 -165 120 0 0 1 1 0 0 0 1 0 32034.dat
1 71 0 -165 120 0 -1 0 1 0 0 0 0 1 4519.dat
1 14 0 -195 120 0 -1 0 0 0 -1 1 0 0 59443.dat
1 19 0 -145 120 0 -1 0 0 0 -1 1 0 0 42094 - 18575.dat
0 STEP
1 0 60 -165 120 0 -1 0 0 0 1 -1 0 0 42094 - 33299a.dat
1 0 -60 -165 120 0 1 0 0 0 1 1 0 0 42094 - 33299a.dat
1 1 60 -165 40 -1 0 0 0 -1 0 0 0 1 6558.dat
1 1 60 -165 -180 -1 0 0 0 -1 0 0 0 1 6558.dat
1 0 50 -165 -20 1 0 0 0 1 0 0 0 1 2780.dat
1 72 60 -165 -80 0 1 0 -1 0 0 0 0 1 41239.dat
1 1 -60 -165 40 1 0 0 0 1 0 0 0 1 6558.dat
1 1 -60 -165 -180 1 0 0 0 1 0 0 0 1 6558.dat
1 0 -50 -165 -20 -1 0 0 0 -1 0 0 0 1 2780.dat
1 72 -60 -165 -80 0 -1 0 1 0 0 0 0 1 41239.dat
0 STEP
1 4 0 -235 60 0 1 0 -1 0 0 0 0 1 32062.dat
1 71 0 -225 120 0 1 0 -1 0 0 0 0 1 4519.dat
1 14 0 -255 120 0 -1 0 0 0 -1 1 0 0 59443.dat
1 14 0 -255 60 0 -1 0 0 0 -1 1 0 0 59443.dat
0 STEP
1 19 0 -295 120 0 -1 0 1 0 0 0 0 1 99008.dat
1 19 0 -295 60 0 -1 0 1 0 0 0 0 1 99008.dat
1 14 0 -300 60 -1 0 0 0 0 1 0 1 0 32123b.dat
1 14 0 -300 120 -1 0 0 0 0 1 0 1 0 32123b.dat
1 0 0 -315 120 -1 0 0 0 0 1 0 1 0 32270.dat
1 0 0 -315 60 -1 0 0 0 0 1 0 1 0 32270.dat
1 0 0 -145 280 -1 0 0 0 1 0 0 0 -1 42094 - chassis3.ldr
0 STEP
1 0 -80 -165 60 -1 0 0 0 1 0 0 0 -1 42094 - side1.ldr
1 4 -100 -205 200 0 0 1 -1 0 0 0 -1 0 3713.dat
1 0 -120 -205 200 0 0 1 1 0 0 0 1 0 32270.dat
0 STEP
1 0 -100 -145 240 -1 0 0 0 0 -1 0 -1 0 18651.dat
1 0 -100 -145 240 -1 0 0 0 -1 0 0 0 1 63869.dat
1 14 -140 -145 240 -1 0 0 0 0 -1 0 -1 0 25214.dat
1 71 -80 -165 250 0 0 -1 0 1 0 1 0 0 4274.dat
1 71 -100 -165 250 0 0 -1 0 1 0 1 0 0 4274.dat
1 71 -120 -165 250 0 0 -1 0 1 0 1 0 0 4274.dat
1 47 -80 -165 258 0 0 1 -1 0 0 0 -1 0 98138.dat
1 36 -100 -165 258 0 0 1 -1 0 0 0 -1 0 98138.dat
1 57 -120 -165 258 0 0 1 -1 0 0 0 -1 0 98138.dat
0 STEP
1 0 80 -165 60 -1 0 0 0 1 0 0 0 -1 42094 - side2.ldr
1 14 140 -145 240 0 0 -1 1 0 0 0 -1 0 25214.dat
1 0 100 -145 240 1 0 0 0 0 1 0 -1 0 18651.dat
1 0 100 -145 240 -1 0 0 0 -1 0 0 0 1 63869.dat
1 71 80 -165 250 0 0 -1 0 1 0 1 0 0 4274.dat
1 71 100 -165 250 0 0 -1 0 1 0 1 0 0 4274.dat
1 71 120 -165 250 0 0 -1 0 1 0 1 0 0 4274.dat
1 47 80 -165 258 0 0 -1 1 0 0 0 -1 0 98138.dat
1 36 100 -165 258 0 0 -1 1 0 0 0 -1 0 98138.dat
1 57 120 -165 258 0 0 -1 1 0 0 0 -1 0 98138.dat
0 STEP
1 1 -80 -245 30 0 0 1 0 1 0 -1 0 0 43093.dat
1 14 -80 -245 0 0 1 0 -1 0 0 0 0 1 25214.dat
1 72 -80 -205 0 0 -1 0 -1 0 0 0 0 -1 27940.dat
1 0 -80 -165 0 1 0 0 0 0 1 0 -1 0 32013.dat
1 0 -70 -165 0 1 0 0 0 0 1 0 -1 0 2780.dat
1 1 80 -245 30 0 0 1 0 1 0 -1 0 0 43093.dat
1 14 80 -245 0 0 -1 0 0 0 1 -1 0 0 25214.dat
1 72 80 -205 0 0 1 0 1 0 0 0 0 -1 27940.dat
1 0 80 -165 0 1 0 0 0 0 1 0 -1 0 32013.dat
1 0 70 -165 0 1 0 0 0 0 1 0 -1 0 2780.dat
0 STEP
1 0 50 -205 -80 1 0 0 0 0 -1 0 1 0 2780.dat
1 0 50 -205 -120 1 0 0 0 0 -1 0 1 0 2780.dat
1 0 -50 -205 -80 1 0 0 0 0 -1 0 1 0 2780.dat
1 0 -50 -205 -120 1 0 0 0 0 -1 0 1 0 2780.dat
0 STEP
1 4 -50 -225 -120 1 0 0 0 1 0 0 0 1 42094 - cabin.ldr
1 71 60 -225 -120 0 -1 0 0 0 1 -1 0 0 74695.dat
1 0 60 -215 -80 0 -1 0 0 0 1 -1 0 0 43857.dat
0 STEP
1 1 100 -205 100 1 0 0 0 1 0 0 0 1 42094 - mudguard1.ldr
1 1 -100 -205 100 1 0 0 0 1 0 0 0 1 42094 - mudguard2.ldr
0 STEP
1 14 -60 -205 -220 0 1 0 0 0 1 1 0 0 32526.dat
1 0 -70 -145 -220 1 0 0 0 0 1 0 -1 0 2780.dat
1 0 -70 -185 -220 1 0 0 0 0 1 0 -1 0 2780.dat
1 14 -80 -165 -180 0 -1 0 -1 0 0 0 0 -1 60484.dat
0 STEP
1 14 -160 -319.645 -514.842 1 0 0 0 0.905 0.425 0 -0.425 0.905 42094 - claw.ldr
1 14 0 -205 -220 1 0 0 0 0.905 0.425 0 -0.425 0.905 44294.dat
1 4 0 -205 -220 0 0 1 0.188 0.982 0 -0.982 0.188 0 3713.dat
1 19 0 -272.15 -294.1 -1 0 0 0 0.288 -0.957 0 -0.957 -0.288 32556.dat
0 STEP
1 0 20 -258.72 -279.281 0 1 0 0.741 0 -0.672 -0.672 0 -0.741 40490.dat
1 0 40 -264.591 -346.684 0 1 0 -0.905 0 0.425 0.425 0 0.905 32278.dat
1 71 50 -256.078 -328.587 1 0 0 0 0.425 -0.905 0 0.905 0.425 4274.dat
1 0 58 -277.36 -373.831 0 -1 0 -0.425 0 0.905 -0.905 0 -0.425 6636.dat
1 71 50 -298.643 -419.075 1 0 0 0 0.425 -0.905 0 0.905 0.425 4274.dat
0 STEP
1 14 60 -205 -220 0 1 0 0 0 1 1 0 0 32526.dat
1 0 70 -145 -220 1 0 0 0 0 1 0 -1 0 2780.dat
1 0 70 -185 -220 1 0 0 0 0 1 0 -1 0 2780.dat
1 14 80 -165 -180 0 1 0 1 0 0 0 0 -1 60484.dat
1 0 50 -239.052 -292.391 -1 0 0 0 0.861 -0.507 0 -0.507 -0.861 2780.dat
1 14 60 -258.944 -290.295 0 1 0 0.104 0 0.994 0.994 0 -0.104 32523.dat
1 4 60 -278.835 -288.213 1 0 0 0 -0.104 0.994 0 -0.994 -0.104 11214.dat
1 4 80 -278.835 -288.213 0 0 -1 0.994 -0.104 0 -0.104 -0.994 0 3713.dat
0 STEP
1 0 60 -105 -20 0 0 -1 0 1 0 1 0 0 32054.dat
1 72 60 -105 -20 -1 0 0 0 1 0 0 0 -1 42003.dat
1 0 60 -105 0 -1 0 0 0 0 -1 0 -1 0 18654.dat
1 19 60 -105 -70 0 1 0 0 0 1 1 0 0 99008.dat
1 14 60 -105 -110 0 1 0 1 0 0 0 0 -1 59443.dat
1 71 60 -105 -160 0 1 0 0 0 -1 -1 0 0 32073.dat
1 71 60 -105 -150 0 -1 0 0 0 1 -1 0 0 41678.dat
1 1 50 -125 -20 1 0 0 0 -1 0 0 0 -1 43093.dat
1 0 50 -125 -140 1 0 0 0 -1 0 0 0 -1 2780.dat
1 71 60 -105 -180 -1 0 0 0 0 1 0 1 0 74695.dat
1 4 60 -105 -200 1 0 0 0 1 0 0 0 1 3713.dat
0 STEP
1 4 -60 -105 -200 1 0 0 0 1 0 0 0 1 3713.dat
1 0 -60 -105 -20 0 0 -1 0 1 0 1 0 0 32054.dat
1 72 -60 -105 -20 -1 0 0 0 1 0 0 0 -1 42003.dat
1 0 -60 -105 0 -1 0 0 0 0 -1 0 -1 0 18654.dat
1 19 -60 -105 -70 0 -1 0 0 0 -1 1 0 0 99008.dat
1 14 -60 -105 -110 0 -1 0 -1 0 0 0 0 -1 59443.dat
1 71 -60 -105 -160 0 -1 0 0 0 -1 1 0 0 32073.dat
1 71 -60 -105 -150 0 1 0 0 0 1 1 0 0 41678.dat
1 1 -50 -125 -20 -1 0 0 0 -1 0 0 0 1 43093.dat
1 0 -50 -125 -140 1 0 0 0 -1 0 0 0 -1 2780.dat
1 71 -60 -105 -180 -1 0 0 0 0 1 0 1 0 74695.dat
0 STEP
1 0 -140 -45 -100 1 0 0 0 1 0 0 0 1 42094 - trackstructure.ldr
1 0 60 -85 -180 0 0 -1 0 -1 0 -1 0 0 32054.dat
1 0 -60 -85 -180 0 0 -1 0 -1 0 -1 0 0 32054.dat
1 0 60 -85 -20 0 0 -1 0 1 0 1 0 0 32054.dat
1 0 -60 -85 -20 0 0 -1 0 1 0 1 0 0 32054.dat
0 STEP
1 0 140 -65 80 0 0 1 0 1 0 -1 0 0 42094 - technicChainTread38Closed-1.ldr
1 0 -140 -65 80 0 0 1 0 1 0 -1 0 0 42094 - technicChainTread38Closed-1.ldr
0 STEP
1 0 0 -30 -487.321 0.961 0 0.276 0 -1 0 0.276 0 -0.961 42094 - log.ldr
1 0 -53 -349.85 -539.95 1 0 0 0 -1 0 0 0 -1 42094 - log.ldr
0 FILE 42094 - chassis2.ldr
0 chassis2
0 Name: 42094 - chassis2.ldr
0 Author: Philippe Hurbain [Philo]
0 !LICENSE Redistributable under CCAL version 2.0 : see CAreadme.txt

1 71 0 0 0 1 0 0 0 1 0 0 0 1 64178.dat
1 0 50 0 -80 1 0 0 0 1 0 0 0 1 2780.dat
1 0 -50 0 -80 1 0 0 0 1 0 0 0 1 2780.dat
1 71 0 0 0 0 0 1 0 -1 0 1 0 0 60485.dat
1 14 0 0 90 0 -1 0 -1 0 0 0 0 -1 59443.dat
1 19 0 0 -73 0 -1 0 -1 0 0 0 0 -1 6589.dat
0 STEP
1 14 0 0 -100 1 0 0 0 -0.796 -0.605 0 0.605 -0.796 44294.dat
1 19 0 -22.739 -114.541 0 -1 0 0.538 0 0.842 -0.842 0 0.538 6589.dat
1 4 -10 0 -100 0 0 1 0.605 -0.796 0 0.796 0.605 0 3713.dat
1 71 20 0 -100 0 0 1 0 -1 0 1 0 0 87407.dat
0 STEP
0 FILE 42094 - chassis3.ldr
0 chassis3
0 Name: 42094 - chassis3.ldr
0 Author: Philippe Hurbain [Philo]
0 !LICENSE Redistributable under CCAL version 2.0 : see CAreadme.txt

1 72 -20 0 -20 1 0 0 0 0 1 0 -1 0 42003.dat
1 72 0 0 0 -1 0 0 0 -1 0 0 0 1 27940.dat
1 72 20 0 -20 1 0 0 0 0 1 0 -1 0 42003.dat
1 19 -20 -20 -40 0 1 0 -1 0 0 0 0 1 32556.dat
1 19 20 -20 -40 0 1 0 -1 0 0 0 0 1 32556.dat
1 0 -20 -20 -40 0 0 -1 0 1 0 1 0 0 18654.dat
1 0 20 -20 -40 0 0 -1 0 1 0 1 0 0 18654.dat
0 STEP
1 0 20 -20 -20 0 0 1 -1 0 0 0 -1 0 18651.dat
1 0 -20 -20 -20 0 0 1 -1 0 0 0 -1 0 18651.dat
1 14 0 -20 -20 0 -1 0 -1 0 0 0 0 -1 32184.dat
1 72 -20 -40 -20 1 0 0 0 0 1 0 -1 0 42003.dat
1 72 0 -40 0 -1 0 0 0 -1 0 0 0 1 27940.dat
1 72 20 -40 -20 1 0 0 0 0 1 0 -1 0 42003.dat
0 STEP
1 0 0 10 0 0 0 1 1 0 0 0 1 0 2780.dat
1 72 0 20 20 1 0 0 0 0 1 0 -1 0 42003.dat
1 71 0 20 40 1 0 0 0 0 1 0 -1 0 60485.dat
1 72 15 20 60 0 -1 0 -1 0 0 0 0 -1 41677.dat
1 72 -15 20 60 0 -1 0 -1 0 0 0 0 -1 41677.dat
1 28 -8 20 60 1 0 0 0 0 -1 0 1 0 6587.dat
1 4 0 20 60 0 0 1 0 1 0 -1 0 0 3713.dat
0 STEP
1 0 -25 -20 40 0 -1 0 1 0 0 0 0 1 99773.dat
1 70 0 -20 40 -1 0 0 0 0.174 0.985 0 0.985 -0.174 15462.dat
1 4 -38 -20 40 0 0 -1 0.985 -0.174 0 -0.174 -0.985 0 3713.dat
1 72 0 -20 40 -1 0 0 0 0.573 -0.819 0 -0.819 -0.573 32012.dat
1 72 0 15 -41 0 0 1 0 1 0 -1 0 0 30395.dat
1 0 18 -26 39 0 1 0 1 0 0 0 0 -1 42094 - rope.ldr
0 STEP
1 71 0 -60 40 1 0 0 0 0 1 0 -1 0 60485.dat
1 14 -15 -60 40 0 0 -1 -1 0 0 0 1 0 32123b.dat
1 72 0 -60 20 1 0 0 0 0 1 0 -1 0 42003.dat
1 14 15 -60 40 0 0 -1 -1 0 0 0 1 0 32123b.dat
1 0 0 -60 0 0 0 1 1 0 0 0 1 0 32054.dat
1 0 25 -20 40 0 -1 0 1 0 0 0 0 1 99773.dat
1 71 40 -20 40 0 0 1 0.985 0.174 0 -0.174 0.985 0 94925.dat
0 STEP
1 71 0 -20 80 -1 0 0 0 1 0 0 0 -1 32073.dat
1 71 40 -20 80 0 0 1 1 0 0 0 1 0 94925.dat
1 4 0 -20 80 -1 0 0 0 1 0 0 0 -1 62462.dat
1 0 -40 -20 80 0 0 -1 0 1 0 1 0 0 32270.dat
0 STEP
1 72 -40 -80 40 1 0 0 0 -1 0 0 0 -1 42003.dat
1 0 -40 20 40 0 -1 0 1 0 0 0 0 1 18654.dat
1 0 -60 -140 40 0 -1 0 0 0 -1 1 0 0 32009.dat
1 72 40 -80 40 1 0 0 0 -1 0 0 0 -1 42003.dat
0 STEP
1 0 -75 20 70 1 0 0 0 1 0 0 0 1 42094 - chassis4.ldr
1 1 0 -70 20 0 0 1 -1 0 0 0 -1 0 43093.dat
1 0 0 -100 20 0 -1 0 0 0 -1 1 0 0 32013.dat
0 STEP
1 1 -40 -100 50 0 0 1 0 -1 0 1 0 0 43093.dat
1 1 40 -100 50 0 0 1 0 -1 0 1 0 0 43093.dat
1 0 0 -100 55 -1 0 0 0 0 -1 0 -1 0 99773.dat
1 0 0 -100 65 -1 0 0 0 0 -1 0 -1 0 99773.dat
1 1 -20 -100 80 0 1 0 0 0 -1 -1 0 0 6558.dat
1 1 20 -100 80 0 1 0 0 0 -1 -1 0 0 6558.dat
1 0 -20 -100 80 0 0 1 1 0 0 0 1 0 18654.dat
1 0 20 -100 80 0 0 1 1 0 0 0 1 0 18654.dat
1 0 0 -120 100 1 0 0 0 1 0 0 0 1 63869.dat
0 STEP
1 70 0 -100 60 0 0 1 0 1 0 -1 0 0 15462.dat
1 4 0 -100 40 -1 0 0 0 0 1 0 1 0 41669.dat
1 4 0 -120 80 0 -1 0 0 0 -1 1 0 0 6641.dat
0 STEP
1 4 -40 -140 80 1 0 0 0 0 1 0 -1 0 11214.dat
1 14 -40 -140 160 0 -1 0 1 0 0 0 0 1 40490.dat
1 1 -40 -140 100 -1 0 0 0 -1 0 0 0 1 6558.dat
1 71 -20 -120 100 0 -1 0 0 0 -1 1 0 0 74695.dat
1 72 0 -140 80 0 0 -1 0 1 0 1 0 0 32034.dat
1 0 0 -140 80 0 0 -1 0 -1 0 -1 0 0 32054.dat
1 4 40 -140 80 -1 0 0 0 -1 0 0 0 1 11214.dat
0 STEP
1 0 0 -120 100 -1 0 0 0 -1 0 0 0 1 18651.dat
1 0 20 -130 100 0 1 0 0 0 -1 -1 0 0 43857.dat
1 1 -30 -140 160 1 0 0 0 0 -1 0 1 0 43093.dat
1 72 0 -140 160 0 0 -1 1 0 0 0 -1 0 32034.dat
1 1 30 -140 160 -1 0 0 0 -1 0 0 0 1 43093.dat
1 1 40 -140 100 1 0 0 0 -1 0 0 0 -1 6558.dat
0 STEP
1 4 40 -140 220 -1 0 0 0 0 1 0 1 0 11214.dat
1 72 0 -140 220 0 0 -1 1 0 0 0 -1 0 32034.dat
1 4 -40 -140 220 1 0 0 0 -1 0 0 0 -1 11214.dat
1 1 -30 -140 240 1 0 0 0 0 1 0 -1 0 43093.dat
1 71 0 -140 240 0 0 -1 0 -1 0 -1 0 0 26287.dat
1 1 30 -140 240 -1 0 0 0 -1 0 0 0 1 43093.dat
0 STEP
1 0 60 -140 40 0 -1 0 0 0 -1 1 0 0 32009.dat
1 14 40 -140 160 0 -1 0 1 0 0 0 0 1 40490.dat
1 0 40 20 40 0 -1 0 1 0 0 0 0 1 18654.dat
1 0 70 -60 80 1 0 0 0 -1 0 0 0 -1 3706.dat
1 4 40 -60 80 0 0 -1 -0.174 -0.985 0 -0.985 0.174 0 18946.dat
0 STEP
1 0 75 20 70 1 0 0 0 1 0 0 0 1 42094 - chassis5.ldr
0 FILE 42094 - chassis4.ldr
0 chassis4
0 Name: 42094 - chassis4.ldr
0 Author: Philippe Hurbain [Philo]
0 !LICENSE Redistributable under CCAL version 2.0 : see CAreadme.txt

1 14 0 0 0 0 -1 0 1 0 0 0 0 1 32449.dat
1 1 5 0 30 -1 0 0 0 -1 0 0 0 1 43093.dat
1 0 5 0 10 -1 0 0 0 -1 0 0 0 1 2780.dat
1 14 -10 0 0 0 -1 0 1 0 0 0 0 1 32449.dat
0 STEP
1 71 15 -40 10 0 1 0 0 0 -1 -1 0 0 14720.dat
1 0 15 -40 0 0 0 1 0 -1 0 1 0 0 2780.dat
1 14 -5 -40 -10 0 1 0 -1 0 0 0 0 1 6536.dat
1 4 -5 -30 -10 0 1 0 -1 0 0 0 0 1 32062.dat
1 14 -5 -20 -10 0 0 1 -1 0 0 0 -1 0 6536.dat
0 STEP
1 70 35 -80 10 -1 0 0 0 0 -1 0 -1 0 24316.dat
1 1 35 -80 10 0 0 -1 1 0 0 0 -1 0 42094 - 35185.dat
1 15 75 -80 10 0 0 -1 1 0 0 0 -1 0 18948.dat
1 72 75 -80 10 0 0 -1 1 0 0 0 -1 0 18947.dat
1 0 5 -80 -10 -1 0 0 0 0 -1 0 -1 0 2780.dat
1 0 5 -80 30 -1 0 0 0 0 -1 0 -1 0 2780.dat
0 FILE 42094 - chassis5.ldr
0 chassis5
0 Name: 42094 - chassis5.ldr
0 Author: Philippe Hurbain [Philo]
0 !LICENSE Redistributable under CCAL version 2.0 : see CAreadme.txt

1 14 0 0 0 0 1 0 -1 0 0 0 0 1 32449.dat
1 1 -5 0 30 1 0 0 0 -1 0 0 0 -1 43093.dat
1 0 -5 0 10 -1 0 0 0 -1 0 0 0 1 2780.dat
1 14 10 0 0 0 1 0 -1 0 0 0 0 1 32449.dat
0 STEP
1 71 -15 -40 10 0 -1 0 0 0 -1 1 0 0 14720.dat
1 0 -15 -40 0 0 0 -1 0 -1 0 -1 0 0 2780.dat
1 14 5 -40 -10 0 -1 0 1 0 0 0 0 1 6536.dat
1 4 5 -30 -10 0 -1 0 1 0 0 0 0 1 32062.dat
1 14 5 -20 -10 0 0 -1 1 0 0 0 -1 0 6536.dat
0 STEP
1 0 -5 -80 -10 -1 0 0 0 0 -1 0 -1 0 2780.dat
1 0 -5 -80 30 -1 0 0 0 0 -1 0 -1 0 2780.dat
1 70 3 0 -10 -1 0 0 0 0 -1 0 -1 0 15462.dat
1 71 -35 0 10 -1 0 0 0 -1 0 0 0 1 32039.dat
1 0 25 0 -10 -1 0 0 0 0 -1 0 -1 0 6553.dat
1 4 25 0 -50 -1 0 0 0 1 0 0 0 -1 3713.dat
0 FILE 42094 - side1.ldr
0 side1
0 Name: 42094 - side1.ldr
0 Author: Philippe Hurbain [Philo]
0 !LICENSE Redistributable under CCAL version 2.0 : see CAreadme.txt

1 72 0 0 0 1 0 0 0 -1 0 0 0 -1 64683.dat
1 0 0 0 20 0 1 0 0 0 -1 -1 0 0 15100.dat
1 0 0 -10 -60 0 0 -1 1 0 0 0 -1 0 2780.dat
1 0 0 -10 -40 0 0 -1 1 0 0 0 -1 0 2780.dat
1 14 0 -20 -60 -1 0 0 0 -1 0 0 0 1 40490.dat
1 0 0 -40 -140 0 -1 0 1 0 0 0 0 1 87082.dat
1 71 0 -40 -100 -1 0 0 0 0 -1 0 -1 0 48989.dat
1 0 0 -40 20 0 -1 0 1 0 0 0 0 1 87082.dat
0 STEP
1 14 0 -60 -180 -1 0 0 0 -1 0 0 0 1 32140.dat
1 0 0 -40 -160 0 -1 0 1 0 0 0 0 1 87082.dat
1 14 0 -60 -100 -1 0 0 0 -1 0 0 0 1 32271.dat
0 STEP
1 14 60 -20 -180 0 0 -1 0 1 0 1 0 0 32140.dat
1 0 20 -30 -180 0 0 -1 1 0 0 0 -1 0 2780.dat
1 4 60 -10 -180 0 0 -1 1 0 0 0 -1 0 32062.dat
1 14 20 -40 -180 0 0 1 1 0 0 0 1 0 32013.dat
0 STEP
1 0 0 -80 20 -1 0 0 0 1 0 0 0 -1 64393.dat
1 0 0 -70 -60 0 0 -1 1 0 0 0 -1 0 2780.dat
1 0 0 -70 -20 0 0 -1 1 0 0 0 -1 0 2780.dat
0 FILE 42094 - side2.ldr
0 side2
0 Name: 42094 - side2.ldr
0 Author: Philippe Hurbain [Philo]
0 !LICENSE Redistributable under CCAL version 2.0 : see CAreadme.txt

1 72 0 0 0 1 0 0 0 -1 0 0 0 -1 64391.dat
1 0 0 0 20 0 -1 0 0 0 1 -1 0 0 15100.dat
1 0 0 -10 -60 0 0 1 -1 0 0 0 -1 0 2780.dat
1 0 0 -10 -40 0 0 1 -1 0 0 0 -1 0 2780.dat
1 14 0 -20 -60 -1 0 0 0 -1 0 0 0 1 40490.dat
1 71 0 -40 -100 -1 0 0 0 0 -1 0 -1 0 48989.dat
1 0 0 -40 20 0 1 0 -1 0 0 0 0 1 87082.dat
1 1 0 -40 -140 0 1 0 -1 0 0 0 0 1 6558.dat
1 0 0 -40 -140 1 0 0 0 1 0 0 0 1 18654.dat
0 STEP
1 14 0 -60 -180 1 0 0 0 1 0 0 0 1 32140.dat
1 0 0 -40 -160 0 1 0 -1 0 0 0 0 1 87082.dat
1 14 0 -60 -100 1 0 0 0 1 0 0 0 1 32271.dat
0 STEP
1 14 -60 -20 -180 0 0 1 0 -1 0 1 0 0 32140.dat
1 0 -20 -30 -180 0 0 1 -1 0 0 0 -1 0 2780.dat
1 4 -60 -10 -180 0 0 1 -1 0 0 0 -1 0 32062.dat
1 14 -20 -40 -180 0 0 -1 -1 0 0 0 1 0 32013.dat
0 STEP
1 0 0 -80 20 -1 0 0 0 1 0 0 0 -1 64681.dat
1 0 0 -70 -60 0 0 1 -1 0 0 0 -1 0 2780.dat
1 0 0 -70 -20 0 0 1 -1 0 0 0 -1 0 2780.dat
0 FILE 42094 - cabin.ldr
0 cabin
0 Name: 42094 - cabin.ldr
0 Author: Philippe Hurbain [Philo]
0 !LICENSE Redistributable under CCAL version 2.0 : see CAreadme.txt

1 0 10 -80 120 0 -1 0 -0.6 0 0.8 -0.8 0 -0.6 6629.dat
1 0 10 -80 120 1 0 0 0 -0.6 0.8 0 -0.8 -0.6 18651.dat
1 0 0 -48 96 1 0 0 0 -0.6 0.8 0 -0.8 -0.6 2780.dat
1 0 -10 -176 92 0 -1 0 0.28 0 0.96 -0.96 0 0.28 6629.dat
1 0 0 0 40 1 0 0 0 -0.6 0.8 0 -0.8 -0.6 2780.dat
1 0 -10 10 40 0 -1 0 0 0 1 -1 0 0 43857.dat
0 STEP
1 14 50 0 0 1 0 0 0 0 1 0 -1 0 44294.dat
1 71 -10 0 0 0 -1 0 0 0 1 -1 0 0 74695.dat
1 0 30 0 0 1 0 0 0 0 1 0 -1 0 6553.dat
1 72 50 -80 120 0 0 -1 -0.6 -0.8 0 -0.8 0.6 0 32034.dat
1 0 50 -86 112 0 -0.6 0.8 0.6 -0.64 -0.48 0.8 0.48 0.36 2780.dat
1 0 50 -92 104 0 0 1 0.8 0.6 0 -0.6 0.8 0 18654.dat
0 STEP
1 0 0 -137.6 103.2 1 0 0 0 -0.6 0.8 0 -0.8 -0.6 2780.dat
1 71 10 -137.6 103.2 0 -1 0 -0.96 0 0.28 -0.28 0 -0.96 22961.dat
1 0 10 -176 92 -1 0 0 0 -0.994 0.109 0 0.109 0.994 32015.dat
1 71 10 -176 92 -1 0 0 0 -0.96 -0.28 0 -0.28 0.96 4519.dat
1 71 50 -176 92 0 0 -1 -0.28 0.96 0 0.96 0.28 0 26287.dat
1 71 90 -176 92 -1 0 0 0 -0.96 -0.28 0 -0.28 0.96 4519.dat
0 STEP
1 0 30 -37.937 12.681 1 0 0 0 0.999 0.032 0 -0.032 0.999 42094 - seat.ldr
0 STEP
1 0 50 -31.649 -31.596 0 -1 0 0.948 0 0.317 -0.317 0 0.948 60484.dat
1 72 70 -37.937 12.681 0 -1 0 0.999 0 0.032 -0.032 0 0.999 32140.dat
1 0 80 -16 72 -1 0 0 0 -1 0 0 0 1 2780.dat
1 0 70 0 0 1 0 0 0 0 1 0 -1 0 6553.dat
1 0 90 -80 120 0 -1 0 -0.6 0 0.8 -0.8 0 -0.6 6629.dat
1 0 100 0 40 1 0 0 0 -0.6 0.8 0 -0.8 -0.6 2780.dat
1 0 100 -48 96 1 0 0 0 -0.6 0.8 0 -0.8 -0.6 2780.dat
1 0 90 -80 120 -1 0 0 0 -0.8 0.6 0 0.6 0.8 18651.dat
0 STEP
1 0 110 -176 92 0 -1 0 0.28 0 0.96 -0.96 0 0.28 6629.dat
1 0 100 -137.6 103.2 1 0 0 0 -0.6 0.8 0 -0.8 -0.6 2780.dat
1 71 90 -137.6 103.2 0 -1 0 -0.96 0 0.28 -0.28 0 -0.96 22961.dat
1 0 90 -176 92 -1 0 0 0 -0.994 0.109 0 0.109 0.994 32015.dat
0 STEP
1 0 50 -35 -60 1 0 0 0 -1 0 0 0 -1 42094 - cabingrid.ldr
0 STEP
1 1 40 -25.309 -12.628 -1 0 0 0 -0.891 -0.454 0 -0.454 0.891 43093.dat
1 71 30 -25.309 -12.628 0 0 1 -0.891 0.454 0 -0.454 -0.891 0 32039.dat
1 4 10 -34.219 -17.168 0 0 1 -0.891 0.454 0 -0.454 -0.891 0 32062.dat
1 71 10 -60.949 -30.788 0 -1 0 -0.454 0 -0.891 0.891 0 -0.454 32014.dat
1 71 50 -60.949 -30.788 1 0 0 0 -0.454 -0.891 0 0.891 -0.454 4519.dat
1 0 90 -60.949 -30.788 0 0 1 -0.454 -0.891 0 0.891 -0.454 0 32013.dat
1 0 50 -60.949 -30.788 1 0 0 0 -0.891 0.454 0 -0.454 -0.891 32291.dat
1 71 90 -65.489 -21.878 0 0 1 -0.454 -0.891 0 0.891 -0.454 0 4274.dat
1 71 60 -83.309 -30.957 0 0 1 -0.454 -0.891 0 0.891 -0.454 0 4274.dat
1 71 40 -83.309 -30.957 0 0 1 -0.454 -0.891 0 0.891 -0.454 0 4274.dat
1 71 10 -65.489 -21.878 0 0 1 -0.454 -0.891 0 0.891 -0.454 0 4274.dat
1 36 90 -69.121 -14.75 -1 0 0 0 0.454 -0.891 0 -0.891 -0.454 98138.dat
1 34 10 -69.121 -14.75 -1 0 0 0 0.454 -0.891 0 -0.891 -0.454 98138.dat
1 15 50 -86.941 -23.829 -1 0 0 0 0.454 -0.891 0 -0.891 -0.454 26603.dat
0 STEP
1 0 -30 -118.4 108.8 1 0 0 0 -0.96 0.28 0 -0.28 -0.96 15100.dat
1 0 -30 -99.2 114.4 1 0 0 0 -0.96 0.28 0 -0.28 -0.96 15100.dat
1 4 -30 -118.4 108.8 0 0 -1 -0.96 -0.28 0 -0.28 0.96 0 11214.dat
1 0 130 -99.2 114.4 -1 0 0 0 -0.96 -0.28 0 -0.28 0.96 15100.dat
1 0 130 -118.4 108.8 -1 0 0 0 -0.96 -0.28 0 -0.28 0.96 15100.dat
1 4 130 -118.4 108.8 0 0 -1 -0.96 -0.28 0 -0.28 0.96 0 11214.dat
0 STEP
1 0 -30 -19.2 29.4 0 -1 0 -0.6 0 0.8 -0.8 0 -0.6 42094 - door1.ldr
1 0 130 -19.2 29.4 0 -1 0 -0.6 0 0.8 -0.8 0 -0.6 42094 - door2.ldr
0 STEP
1 0 150 -103.2 92.4 0 -1 0 -0.6 0 0.8 -0.8 0 -0.6 48729b.dat
1 0 150 -71.2 68.4 -0.6 0 -0.8 -0.48 -0.8 0.36 -0.64 0.6 0.48 87994.dat
1 72 150 -111.2 98.4 1 0 0 0 -0.6 0.8 0 -0.8 -0.6 11090.dat
1 71 150 -97.6 88.2 0 1 0 -0.8 0 0.6 0.6 0 0.8 4274.dat
1 4 150 -81.6 76.2 0 1 0 -0.8 0 0.6 0.6 0 0.8 62462.dat
1 4 150 -65.6 64.2 -1 0 0 0 0.8 -0.6 0 -0.6 -0.8 6141.dat
0 FILE 42094 - seat.ldr
0 seat
0 Name: 42094 - seat.ldr
0 Author: Philippe Hurbain [Philo]
0 !LICENSE Redistributable under CCAL version 2.0 : see CAreadme.txt

1 72 0 0 0 0 -1 0 1 0 0 0 0 1 32140.dat
1 1 20 0 60 1 0 0 0 1 0 0 0 1 6558.dat
1 0 -10 20 60 1 0 0 0 1 0 0 0 1 2780.dat
1 72 20 -40 60 0 -1 0 0 0 1 -1 0 0 32316.dat
1 1 20 -60 60 1 0 0 0 1 0 0 0 1 6558.dat
1 1 20 -80 60 1 0 0 0 1 0 0 0 1 6558.dat
0 STEP
1 72 40 -20 60 0 -1 0 0 0 -1 1 0 0 11946.dat
1 72 0 -20 60 0 1 0 0 0 -1 -1 0 0 11947.dat
1 1 20 0 40 1 0 0 0 1 0 0 0 1 6558.dat
1 1 20 0 20 1 0 0 0 1 0 0 0 1 6558.dat
1 0 20 0 30 0 1 0 1 0 0 0 0 -1 43857.dat
1 71 20 0 0 1 0 0 0 0 1 0 -1 0 4519.dat
0 FILE 42094 - cabingrid.ldr
0 cabingrid
0 Name: 42094 - cabingrid.ldr
0 Author: Philippe Hurbain [Philo]
0 !LICENSE Redistributable under CCAL version 2.0 : see CAreadme.txt

1 0 0 0 0 0 0 -1 0 -1 0 -1 0 0 32065.dat
1 0 -60 5 0 0 0 -1 -1 0 0 0 1 0 18651.dat
1 0 -20 5 0 0 0 -1 -1 0 0 0 1 0 18651.dat
1 0 -20 10 0 0 0 -1 0 1 0 1 0 0 6632.dat
1 0 -60 -35 0 0 -1 0 -1 0 0 0 0 -1 25214.dat
1 0 -20 -35 0 0 -1 0 -1 0 0 0 0 -1 25214.dat
1 0 20 5 0 0 0 -1 -1 0 0 0 1 0 18651.dat
1 0 60 5 0 0 0 -1 -1 0 0 0 1 0 18651.dat
1 0 60 10 0 0 0 -1 0 1 0 1 0 0 6632.dat
1 0 20 -35 0 0 -1 0 -1 0 0 0 0 -1 25214.dat
1 0 60 -35 0 0 -1 0 -1 0 0 0 0 -1 25214.dat
0 STEP
1 71 -50 -35 -30 1 0 0 0 1 0 0 0 1 2853.dat
1 71 50 -35 -30 -1 0 0 0 -1 0 0 0 1 2853.dat
1 0 0 -35 -35 0 0 -1 -1 0 0 0 1 0 32065.dat
1 0 60 17 0 -1 0 0 0 -1 0 0 0 1 42094 - technicflexSysHose-1.ldr
1 0 20 17 0 -1 0 0 0 -1 0 0 0 1 42094 - technicflexSysHose-1.ldr
1 0 -20 17 0 -1 0 0 0 -1 0 0 0 1 42094 - technicflexSysHose-1.ldr
1 0 -60 17 0 -1 0 0 0 -1 0 0 0 1 42094 - technicflexSysHose-1.ldr
0 STEP
1 0 60 162.876 -34.708 0 1 0 0.944 0 -0.33 -0.33 0 -0.944 25214.dat
1 0 20 162.876 -34.708 0 1 0 0.944 0 -0.33 -0.33 0 -0.944 25214.dat
1 0 -20 162.876 -34.708 0 1 0 0.944 0 -0.33 -0.33 0 -0.944 25214.dat
1 0 -60 162.876 -34.708 0 1 0 0.944 0 -0.33 -0.33 0 -0.944 25214.dat
1 71 -60 149.695 -72.474 0 1 0 0.33 0 0.944 0.944 0 -0.33 22961.dat
1 71 -20 149.695 -72.474 0 1 0 0.33 0 0.944 0.944 0 -0.33 22961.dat
1 71 20 149.695 -72.474 0 1 0 0.33 0 0.944 0.944 0 -0.33 22961.dat
1 71 60 149.695 -72.474 0 1 0 0.33 0 0.944 0.944 0 -0.33 22961.dat
1 1 -40 149.695 -72.474 -1 0 0 0 0.33 0.944 0 0.944 -0.33 6558.dat
1 1 40 149.695 -72.474 -1 0 0 0 0.33 0.944 0 0.944 -0.33 6558.dat
1 0 -40 149.695 -72.474 -1 0 0 0 -0.994 0.109 0 0.109 0.994 32013.dat
1 0 40 149.695 -72.474 -1 0 0 0 -0.994 0.109 0 0.109 0.994 32013.dat
0 STEP
1 71 -40 145.348 -112.237 0 0 1 0.109 -0.994 0 0.994 0.109 0 4519.dat
1 71 40 145.348 -112.237 0 0 1 0.109 -0.994 0 0.994 0.109 0 4519.dat
1 0 -40 145.348 -112.237 0 -1 0 0.109 0 -0.994 0.994 0 0.109 6536.dat
1 0 40 145.348 -112.237 0 1 0 0.109 0 0.994 0.994 0 -0.109 6536.dat
1 71 -60 155.288 -113.324 0 1 0 0.994 0 -0.109 -0.109 0 -0.994 4274.dat
1 71 60 155.288 -113.324 0 1 0 0.994 0 -0.109 -0.109 0 -0.994 4274.dat
1 0 0 160.259 -113.867 0 0 -1 -0.109 -0.994 0 -0.994 0.109 0 32065.dat
1 57 -60 153.3 -113.106 0 0 -1 -0.109 -0.994 0 -0.994 0.109 0 58176.dat
1 57 60 153.3 -113.106 0 0 -1 -0.109 -0.994 0 -0.994 0.109 0 58176.dat
0 FILE 42094 - technicflexSysHose-1.ldr
0 technicflexSysHose-1
0 Name: 42094 - technicflexSysHose-1.ldr
0 Author: LDCad
0 !LICENSE Redistributable under CCAL version 2.0 : see CAreadme.txt

0 !CATEGORY technic
0 !KEYWORDS flexible

0 !LDCAD CONTENT [type=path] [addFallBack=default] [looped=false] [displayKind=mm] [curveStep=0] [displayLenCor=0]
0 !LDCAD PATH_POINT [type=bezier] [posOri=0 0 0 1 0 0 0 1 0 0 0 1] [prevCPDist=25] [nextCPDist=25] [cirR=20] [cirDir=xyCW] [prevYRoll=0] [nextYRoll=0]
0 !LDCAD PATH_POINT [type=bezier] [posOri=0 -19 0 1 0 0 0 1 0 0 0 1] [prevCPDist=25] [nextCPDist=45] [cirR=20] [cirDir=xyCW] [prevYRoll=0] [nextYRoll=0]
0 !LDCAD PATH_POINT [type=bezier] [posOri=0 -118.495802 -25.151882 1 0 0 0 0.944148 -0.329522 0 0.329522 0.944148] [prevCPDist=25] [nextCPDist=25] [cirR=20] [cirDir=xyCW] [prevYRoll=0] [nextYRoll=0]
0 !LDCAD PATH_POINT [type=bezier] [posOri=0 -136.434609 -31.412809 1 0 0 0 0.944148 -0.329522 0 0.329522 0.944148] [prevCPDist=25] [nextCPDist=25] [cirR=20] [cirDir=xyCW] [prevYRoll=0] [nextYRoll=0]

0 !LDCAD PATH_SKIN [donCol=16] [donOri=1 0 0 0 -1 0 0 0 -1] [donPart=u9053.dat] [donYSize=100%] [donCen=absCen] [donCenYOfs=0] [donFinScale=fitDon2Seg] [donPlace=deform] [donYAlign=0] [donInline=false] [segSize=100%] [segSizeTol=5%] [segsCnt=1] [segsGrp=0] [segsMaxMerge=1] [segsMrgAng=0] [segsMrgRollAng=0] [segsEdgeDelKind=keepFirstLeft]
0 !LDCAD PATH_SKIN [donCol=16] [donOri=1 0 0 0 1 0 0 0 1] [donPart=77.dat] [donYSize=100%] [donCen=absCen] [donCenYOfs=0] [donFinScale=none] [donPlace=refsStat] [donYAlign=0] [donInline=false] [segSize=100%] [segSizeTol=25%] [segsCnt=0] [segsGrp=0] [segsMaxMerge=1] [segsMrgAng=0] [segsMrgRollAng=0] [segsEdgeDelKind=keepFirstLeft]
0 !LDCAD PATH_SKIN [donCol=16] [donOri=1 0 0 0 1 0 0 0 1] [donPart=u9053.dat] [donYSize=100%] [donCen=absCen] [donCenYOfs=0] [donFinScale=fitDon2Seg] [donPlace=deform] [donYAlign=0] [donInline=false] [segSize=100%] [segSizeTol=5%] [segsCnt=1] [segsGrp=0] [segsMaxMerge=1] [segsMrgAng=0] [segsMrgRollAng=0] [segsEdgeDelKind=keepFirstLeft]


0 !LDCAD GENERATED [generator=LDCad 1.6b]
0 //This is the fallback LDraw content for above PATH configuration.
0 // Do not edit, any changes will be lost upon regeneration.
0 // The path is approx 58.55 mm (146.37) and exists out of 146 segments.

0 //Some general hints about the document.
0 UNOFFICIAL PART
0 BFC CERTIFY CCW

0 //Some of this content has been generated from other LDraw files, many thanks to all involved.
0 // Credits for "u9053.dat":
0 //  Author: William Howard
0 //  History:
0 //   2011-12-21 [cwdee] Reworked subparting technique
0 //   2011-12-23 [PTadmin] Renamed from 76
0 //   2011-12-29 [PTadmin] Official Update 2011-02
0 // Credits for "4-4ring1.dat":
0 //  Author: James Jessiman
0 //  History:
0 //   1998-12-15 [PTadmin] Official Update 1998-10
0 //   2002-04-08 [BrickCaster] Modified for BFC compliance
0 //   2002-04-25 [PTadmin] Official Update 2002-02
0 //   2007-06-24 [PTadmin] Header formatted for Contributor Agreement
0 //   2008-07-01 [PTadmin] Official Update 2008-01
0 //   2008-08-26 [cwdee] Switch polygon winding and rename
0 //   2009-05-02 [PTadmin] Official Update 2009-01
0 // Credits for "4-4edge.dat":
0 //  Author: James Jessiman
0 //  History:
0 //   1998-12-15 [PTadmin] Official Update 1998-10
0 //   2005-12-28 [PTadmin] Official Update 2005-01
0 //   2007-06-24 [PTadmin] Header formatted for Contributor Agreement
0 //   2008-07-01 [PTadmin] Official Update 2008-01
0 //   2017-01-15 [Steffen] BFCed
0 //   2017-12-30 [PTadmin] Official Update 2017-01
0 // Credits for "4-4cyli.dat":
0 //  Author: James Jessiman
0 //  History:
0 //   1998-12-15 [PTadmin] Official Update 1998-10
0 //   2002-03-23 [sbliss] Added BFC statement; merged headers from files in distributions LDraw 0.27 and Complete.
0 //   2002-04-25 [PTadmin] Official Update 2002-02
0 //   2004-12-14 [guyvivan] BFC CCW
0 //   2005-12-28 [PTadmin] Official Update 2005-01
0 //   2007-06-24 [PTadmin] Header formatted for Contributor Agreement
0 //   2008-07-01 [PTadmin] Official Update 2008-01

0 //Segments
0 // Segment 1, this block is (recursively) generated from "u9053.dat"
4 16 -1.5308 0 -3.6956 -0.7654 0 -1.8478 0 0 -2 0 0 -4
4 16 -2.8284 0 -2.8284 -1.4142 0 -1.4142 -0.7654 0 -1.8478 -1.5308 0 -3.6956
4 16 -3.6956 0 -1.5308 -1.8478 0 -0.7654 -1.4142 0 -1.4142 -2.8284 0 -2.8284
4 16 -4 0 0 -2 0 0 -1.8478 0 -0.7654 -3.6956 0 -1.5308
4 16 -3.6956 0 1.5308 -1.8478 0 0.7654 -2 0 0 -4 0 0
4 16 -2.8284 0 2.8284 -1.4142 0 1.4142 -1.8478 0 0.7654 -3.6956 0 1.5308
4 16 -1.5308 0 3.6956 -0.7654 0 1.8478 -1.4142 0 1.4142 -2.8284 0 2.8284
4 16 0 0 4 0 0 2 -0.7654 0 1.8478 -1.5308 0 3.6956
4 16 1.5308 0 3.6956 0.7654 0 1.8478 0 0 2 0 0 4
4 16 2.8284 0 2.8284 1.4142 0 1.4142 0.7654 0 1.8478 1.5308 0 3.6956
4 16 3.6956 0 1.5308 1.8478 0 0.7654 1.4142 0 1.4142 2.8284 0 2.8284
4 16 4 0 0 2 0 0 1.8478 0 0.7654 3.6956 0 1.5308
4 16 3.6956 0 -1.5308 1.8478 0 -0.7654 2 0 0 4 0 0
4 16 2.8284 0 -2.8284 1.4142 0 -1.4142 1.8478 0 -0.7654 3.6956 0 -1.5308
4 16 1.5308 0 -3.6956 0.7654 0 -1.8478 1.4142 0 -1.4142 2.8284 0 -2.8284
4 16 0 0 -4 0 0 -2 0.7654 0 -1.8478 1.5308 0 -3.6956
4 16 2 0 0 1.8478 0 -0.7654 1.8478 -1 -0.7654 2 -1 0
4 16 1.8478 0 -0.7654 1.4142 0 -1.4142 1.4142 -1 -1.4142 1.8478 -1 -0.7654
4 16 1.4142 0 -1.4142 0.7654 0 -1.8478 0.7654 -1 -1.8478 1.4142 -1 -1.4142
4 16 0.7654 0 -1.8478 0 0 -2 0 -1 -2 0.7654 -1 -1.8478
4 16 0 0 -2 -0.7654 0 -1.8478 -0.7654 -1 -1.8478 0 -1 -2
4 16 -0.7654 0 -1.8478 -1.4142 0 -1.4142 -1.4142 -1 -1.4142 -0.7654 -1 -1.8478
4 16 -1.4142 0 -1.4142 -1.8478 0 -0.7654 -1.8478 -1 -0.7654 -1.4142 -1 -1.4142
4 16 -1.8478 0 -0.7654 -2 0 0 -2 -1 0 -1.8478 -1 -0.7654
4 16 -2 0 0 -1.8478 0 0.7654 -1.8478 -1 0.7654 -2 -1 0
4 16 -1.8478 0 0.7654 -1.4142 0 1.4142 -1.4142 -1 1.4142 -1.8478 -1 0.7654
4 16 -1.4142 0 1.4142 -0.7654 0 1.8478 -0.7654 -1 1.8478 -1.4142 -1 1.4142
4 16 -0.7654 0 1.8478 0 0 2 0 -1 2 -0.7654 -1 1.8478
4 16 0 0 2 0.7654 0 1.8478 0.7654 -1 1.8478 0 -1 2
4 16 0.7654 0 1.8478 1.4142 0 1.4142 1.4142 -1 1.4142 0.7654 -1 1.8478
4 16 1.4142 0 1.4142 1.8478 0 0.7654 1.8478 -1 0.7654 1.4142 -1 1.4142
4 16 1.8478 0 0.7654 2 0 0 2 -1 0 1.8478 -1 0.7654
4 16 4 -1 0 3.6956 -1 -1.5308 3.6956 0 -1.5308 4 0 0
4 16 3.6956 -1 -1.5308 2.8284 -1 -2.8284 2.8284 0 -2.8284 3.6956 0 -1.5308
4 16 2.8284 -1 -2.8284 1.5308 -1 -3.6956 1.5308 0 -3.6956 2.8284 0 -2.8284
4 16 1.5308 -1 -3.6956 0 -1 -4 0 0 -4 1.5308 0 -3.6956
4 16 0 -1 -4 -1.5308 -1 -3.6956 -1.5308 0 -3.6956 0 0 -4
4 16 -1.5308 -1 -3.6956 -2.8284 -1 -2.8284 -2.8284 0 -2.8284 -1.5308 0 -3.6956
4 16 -2.8284 -1 -2.8284 -3.6956 -1 -1.5308 -3.6956 0 -1.5308 -2.8284 0 -2.8284
4 16 -3.6956 -1 -1.5308 -4 -1 0 -4 0 0 -3.6956 0 -1.5308
4 16 -4 -1 0 -3.6956 -1 1.5308 -3.6956 0 1.5308 -4 0 0
4 16 -3.6956 -1 1.5308 -2.8284 -1 2.8284 -2.8284 0 2.8284 -3.6956 0 1.5308
4 16 -2.8284 -1 2.8284 -1.5308 -1 3.6956 -1.5308 0 3.6956 -2.8284 0 2.8284
4 16 -1.5308 -1 3.6956 0 -1 4 0 0 4 -1.5308 0 3.6956
4 16 0 -1 4 1.5308 -1 3.6956 1.5308 0 3.6956 0 0 4
4 16 1.5308 -1 3.6956 2.8284 -1 2.8284 2.8284 0 2.8284 1.5308 0 3.6956
4 16 2.8284 -1 2.8284 3.6956 -1 1.5308 3.6956 0 1.5308 2.8284 0 2.8284
4 16 3.6956 -1 1.5308 4 -1 0 4 0 0 3.6956 0 1.5308
2 24 2 0 0 1.8478 0 -0.7654
2 24 1.8478 0 -0.7654 1.4142 0 -1.4142
2 24 1.4142 0 -1.4142 0.7654 0 -1.8478
2 24 0.7654 0 -1.8478 0 0 -2
2 24 0 0 -2 -0.7654 0 -1.8478
2 24 -0.7654 0 -1.8478 -1.4142 0 -1.4142
2 24 -1.4142 0 -1.4142 -1.8478 0 -0.7654
2 24 -1.8478 0 -0.7654 -2 0 0
2 24 -2 0 0 -1.8478 0 0.7654
2 24 -1.8478 0 0.7654 -1.4142 0 1.4142
2 24 -1.4142 0 1.4142 -0.7654 0 1.8478
2 24 -0.7654 0 1.8478 0 0 2
2 24 0 0 2 0.7654 0 1.8478
2 24 0.7654 0 1.8478 1.4142 0 1.4142
2 24 1.4142 0 1.4142 1.8478 0 0.7654
2 24 1.8478 0 0.7654 2 0 0
2 24 4 0 0 3.6956 0 -1.5308
2 24 3.6956 0 -1.5308 2.8284 0 -2.8284
2 24 2.8284 0 -2.8284 1.5308 0 -3.6956
2 24 1.5308 0 -3.6956 0 0 -4
2 24 0 0 -4 -1.5308 0 -3.6956
2 24 -1.5308 0 -3.6956 -2.8284 0 -2.8284
2 24 -2.8284 0 -2.8284 -3.6956 0 -1.5308
2 24 -3.6956 0 -1.5308 -4 0 0
2 24 -4 0 0 -3.6956 0 1.5308
2 24 -3.6956 0 1.5308 -2.8284 0 2.8284
2 24 -2.8284 0 2.8284 -1.5308 0 3.6956
2 24 -1.5308 0 3.6956 0 0 4
2 24 0 0 4 1.5308 0 3.6956
2 24 1.5308 0 3.6956 2.8284 0 2.8284
2 24 2.8284 0 2.8284 3.6956 0 1.5308
2 24 3.6956 0 1.5308 4 0 0
5 24 2 0 0 2 -1 0 1.8478 0 -0.7654 1.8478 0 0.7654
5 24 1.8478 0 -0.7654 1.8478 -1 -0.7654 1.4142 0 -1.4142 2 0 0
5 24 1.4142 0 -1.4142 1.4142 -1 -1.4142 0.7654 0 -1.8478 1.8478 0 -0.7654
5 24 0.7654 0 -1.8478 0.7654 -1 -1.8478 0 0 -2 1.4142 0 -1.4142
5 24 0 0 -2 0 -1 -2 -0.7654 0 -1.8478 0.7654 0 -1.8478
5 24 -0.7654 0 -1.8478 -0.7654 -1 -1.8478 -1.4142 0 -1.4142 0 0 -2
5 24 -1.4142 0 -1.4142 -1.4142 -1 -1.4142 -1.8478 0 -0.7654 -0.7654 0 -1.8478
5 24 -1.8478 0 -0.7654 -1.8478 -1 -0.7654 -2 0 0 -1.4142 0 -1.4142
5 24 -2 0 0 -2 -1 0 -1.8478 0 0.7654 -1.8478 0 -0.7654
5 24 -1.8478 0 0.7654 -1.8478 -1 0.7654 -1.4142 0 1.4142 -2 0 0
5 24 -1.4142 0 1.4142 -1.4142 -1 1.4142 -0.7654 0 1.8478 -1.8478 0 0.7654
5 24 -0.7654 0 1.8478 -0.7654 -1 1.8478 0 0 2 -1.4142 0 1.4142
5 24 0 0 2 0 -1 2 0.7654 0 1.8478 -0.7654 0 1.8478
5 24 0.7654 0 1.8478 0.7654 -1 1.8478 1.4142 0 1.4142 0 0 2
5 24 1.4142 0 1.4142 1.4142 -1 1.4142 1.8478 0 0.7654 0.7654 0 1.8478
5 24 1.8478 0 0.7654 1.8478 -1 0.7654 2 0 0 1.4142 0 1.4142
5 24 4 0 0 4 -1 0 3.6956 0 -1.5308 3.6956 0 1.5308
5 24 3.6956 0 -1.5308 3.6956 -1 -1.5308 2.8284 0 -2.8284 4 0 0
5 24 2.8284 0 -2.8284 2.8284 -1 -2.8284 1.5308 0 -3.6956 3.6956 0 -1.5308
5 24 1.5308 0 -3.6956 1.5308 -1 -3.6956 0 0 -4 2.8284 0 -2.8284
5 24 0 0 -4 0 -1 -4 -1.5308 0 -3.6956 1.5308 0 -3.6956
5 24 -1.5308 0 -3.6956 -1.5308 -1 -3.6956 -2.8284 0 -2.8284 0 0 -4
5 24 -2.8284 0 -2.8284 -2.8284 -1 -2.8284 -3.6956 0 -1.5308 -1.5308 0 -3.6956
5 24 -3.6956 0 -1.5308 -3.6956 -1 -1.5308 -4 0 0 -2.8284 0 -2.8284
5 24 -4 0 0 -4 -1 0 -3.6956 0 1.5308 -3.6956 0 -1.5308
5 24 -3.6956 0 1.5308 -3.6956 -1 1.5308 -2.8284 0 2.8284 -4 0 0
5 24 -2.8284 0 2.8284 -2.8284 -1 2.8284 -1.5308 0 3.6956 -3.6956 0 1.5308
5 24 -1.5308 0 3.6956 -1.5308 -1 3.6956 0 0 4 -2.8284 0 2.8284
5 24 0 0 4 0 -1 4 1.5308 0 3.6956 -1.5308 0 3.6956
5 24 1.5308 0 3.6956 1.5308 -1 3.6956 2.8284 0 2.8284 0 0 4
5 24 2.8284 0 2.8284 2.8284 -1 2.8284 3.6956 0 1.5308 1.5308 0 3.6956
5 24 3.6956 0 1.5308 3.6956 -1 1.5308 4 0 0 2.8284 0 2.8284

1 16 0 -2.002537 0 1 0 0 0 1 0 0 0 1 77.dat
1 16 0 -3.007612 0 1 0 0 0 1 0 0 0 1 77.dat
1 16 0 -4.012686 0 1 0 0 0 1 0 0 0 1 77.dat
1 16 0 -5.01776 0 1 0 0 0 1 0 0 0 1 77.dat
1 16 0 -6.022835 0 1 0 0 0 1 0 0 0 1 77.dat
1 16 0 -7.027909 0 1 0 0 0 1 0 0 0 1 77.dat
1 16 0 -8.032983 0 1 0 0 0 1 0 0 0 1 77.dat
1 16 0 -9.038058 0 1 0 0 0 1 0 0 0 1 77.dat
1 16 0 -9.997463 0 1 0 0 0 1 0 0 0 1 77.dat
1 16 0 -9.002537 0 1 0 0 0 -1 0 0 0 1 77.dat
1 16 0 -10.053281 0 1 0 0 0 1 0 0 0 1 77.dat
1 16 0 -11.058355 0 1 0 0 0 1 0 0 0 1 77.dat
1 16 0 -12.06343 0 1 0 0 0 1 0 0 0 1 77.dat
1 16 0 -13.068504 0 1 0 0 0 1 0 0 0 1 77.dat
1 16 0 -14.073579 0 1 0 0 0 1 0 0 0 1 77.dat
1 16 0 -15.078653 0 1 0 0 0 1 0 0 0 1 77.dat
1 16 0 -16.083727 0 1 0 0 0 1 0 0 0 1 77.dat
1 16 0 -17.088802 0 1 0 0 0 1 0 0 0 1 77.dat
1 16 0 -18.093876 0 1 0 0 0 1 0 0 0 1 77.dat
1 16 0 -19.09895 -0.00038 1 0 0 0 1 -0.000379 0 0.000379 1 77.dat
1 16 0 -20.104014 -0.004775 1 0 0 0 0.99999 -0.004383 0 0.004383 0.99999 77.dat
1 16 0 -21.10904 -0.014518 1 0 0 0 0.999953 -0.009708 0 0.009708 0.999953 77.dat
1 16 0 -22.114004 -0.029149 1 0 0 0 0.999894 -0.014569 0 0.014569 0.999894 77.dat
1 16 0 -23.118898 -0.047888 1 0 0 0 0.999826 -0.018655 0 0.018655 0.999826 77.dat
1 16 0 -24.123608 -0.074848 1 0 0 0 0.99964 -0.026845 0 0.026845 0.99964 77.dat
1 16 0 -25.128164 -0.107069 1 0 0 0 0.999486 -0.032071 0 0.032071 0.999486 77.dat
1 16 0 -26.132542 -0.144394 1 0 0 0 0.99931 -0.037149 0 0.037149 0.99931 77.dat
1 16 0 -27.136638 -0.188595 1 0 0 0 0.999032 -0.043995 0 0.043995 0.999032 77.dat
1 16 0 -28.14058 -0.236194 1 0 0 0 0.998878 -0.047368 0 0.047368 0.998878 77.dat
1 16 0 -29.14418 -0.290585 1 0 0 0 0.998534 -0.054133 0 0.054133 0.998534 77.dat
1 16 0 -30.147456 -0.350605 1 0 0 0 0.998214 -0.059732 0 0.059732 0.998214 77.dat
1 16 0 -31.150291 -0.417571 1 0 0 0 0.997777 -0.066645 0 0.066645 0.997777 77.dat
1 16 0 -32.152893 -0.487958 1 0 0 0 0.997544 -0.070041 0 0.070041 0.997544 77.dat
1 16 0 -33.154917 -0.566166 1 0 0 0 0.996966 -0.077832 0 0.077832 0.996966 77.dat
1 16 0 -34.156537 -0.649406 1 0 0 0 0.996563 -0.082833 0 0.082833 0.996563 77.dat
1 16 0 -35.157682 -0.738151 1 0 0 0 0.996093 -0.088312 0 0.088312 0.996093 77.dat
1 16 0 -36.158203 -0.833648 1 0 0 0 0.995474 -0.095031 0 0.095031 0.995474 77.dat
1 16 0 -37.158388 -0.932621 1 0 0 0 0.995139 -0.098483 0 0.098483 0.995139 77.dat
1 16 0 -38.15778 -1.039313 1 0 0 0 0.994348 -0.106173 0 0.106173 0.994348 77.dat
1 16 0 -39.156644 -1.150857 1 0 0 0 0.993821 -0.110992 0 0.110992 0.993821 77.dat
1 16 0 -40.154852 -1.268108 1 0 0 0 0.99317 -0.116675 0 0.116675 0.99317 77.dat
1 16 0 -41.152259 -1.391975 1 0 0 0 0.992375 -0.123258 0 0.123258 0.992375 77.dat
1 16 0 -42.149225 -1.519346 1 0 0 0 0.991936 -0.126738 0 0.126738 0.991936 77.dat
1 16 0 -43.145183 -1.654378 1 0 0 0 0.990931 -0.13437 0 0.13437 0.990931 77.dat
1 16 0 -44.140334 -1.795241 1 0 0 0 0.990128 -0.140167 0 0.140167 0.990128 77.dat
1 16 0 -45.134849 -1.940541 1 0 0 0 0.989493 -0.144578 0 0.144578 0.989493 77.dat
1 16 0 -46.128505 -2.091589 1 0 0 0 0.98864 -0.1503 0 0.1503 0.98864 77.dat
1 16 0 -47.121164 -2.24905 1 0 0 0 0.987649 -0.156683 0 0.156683 0.987649 77.dat
1 16 0 -48.113258 -2.410029 1 0 0 0 0.987088 -0.160176 0 0.160176 0.987088 77.dat
1 16 0 -49.104115 -2.578453 1 0 0 0 0.985856 -0.167594 0 0.167594 0.985856 77.dat
1 16 0 -50.093999 -2.752518 1 0 0 0 0.984887 -0.1732 0 0.1732 0.984887 77.dat
1 16 0 -51.08315 -2.930707 1 0 0 0 0.984157 -0.1773 0 0.1773 0.984157 77.dat
1 16 0 -52.071208 -3.114855 1 0 0 0 0.983069 -0.183234 0 0.183234 0.983069 77.dat
1 16 0 -53.058111 -3.305089 1 0 0 0 0.981921 -0.189289 0 0.189289 0.981921 77.dat
1 16 0 -54.043944 -3.500796 1 0 0 0 0.980856 -0.194734 0 0.194734 0.980856 77.dat
1 16 0 -55.029094 -3.699907 1 0 0 0 0.980179 -0.198115 0 0.198115 0.980179 77.dat
1 16 0 -56.012793 -3.906066 1 0 0 0 0.978733 -0.205137 0 0.205137 0.978733 77.dat
1 16 0 -56.995361 -4.117556 1 0 0 0 0.977608 -0.210436 0 0.210436 0.977608 77.dat
1 16 0 -57.97678 -4.334318 1 0 0 0 0.976464 -0.215681 0 0.215681 0.976464 77.dat
1 16 0 -58.957385 -4.554739 1 0 0 0 0.975653 -0.219318 0 0.219318 0.975653 77.dat
1 16 0 -59.936634 -4.781104 1 0 0 0 0.974304 -0.225238 0 0.225238 0.974304 77.dat
1 16 0 -60.914568 -5.013083 1 0 0 0 0.972996 -0.230822 0 0.230822 0.972996 77.dat
1 16 0 -61.891281 -5.250148 1 0 0 0 0.971782 -0.235882 0 0.235882 0.971782 77.dat
1 16 0 -62.866765 -5.492227 1 0 0 0 0.970558 -0.240869 0 0.240869 0.970558 77.dat
1 16 0 -63.841007 -5.739255 1 0 0 0 0.969322 -0.245794 0 0.245794 0.969322 77.dat
1 16 0 -64.814437 -5.989456 1 0 0 0 0.968517 -0.248948 0 0.248948 0.968517 77.dat
1 16 0 -65.786233 -6.245931 1 0 0 0 0.966889 -0.255197 0 0.255197 0.966889 77.dat
1 16 0 -66.756734 -6.507269 1 0 0 0 0.9656 -0.260031 0 0.260031 0.9656 77.dat
1 16 0 -67.725952 -6.773325 1 0 0 0 0.964324 -0.264725 0 0.264725 0.964324 77.dat
1 16 0 -68.693884 -7.044021 1 0 0 0 0.963044 -0.269342 0 0.269342 0.963044 77.dat
