0 Name: 44811.L3B.ldr
0 ROTATION CENTER 0 0 0 1 "Custom" 
0 ROTATION CONFIG 0 0
1 6 314.375 64.647 -80 -0.96875 -0.248039 0 -0.248039 0.96875 0 0 0 -1 32184.dat
1 7 270.664 74.1004 -80 -0.96875 -0.248039 0 -0.248039 0.96875 0 0 0 -1 32073.dat
1 6 290.039 79.0612 -60 -0.248039 0.96875 0 0.96875 0.248039 0 0 0 -1 32525.dat
1 0 270.664 74.1004 -80 0 -0.248039 0.96875 0 0.96875 0.248039 -1 0 0 3713.dat
1 7 270.664 74.1004 -40 -0.96875 -0.248039 0 -0.248039 0.96875 0 0 0 -1 32073.dat
1 0 270.664 74.1004 -40 0 -0.248039 0.96875 0 0.96875 0.248039 -1 0 0 3713.dat
1 6 314.375 64.647 -40 -0.96875 -0.248039 0 -0.248039 0.96875 0 0 0 -1 32184.dat
1 7 280.586 35.3505 -40 -0.96875 -0.248039 0 -0.248039 0.96875 0 0 0 -1 32073.dat
1 7 280.586 35.3505 -80 -0.96875 -0.248039 0 -0.248039 0.96875 0 0 0 -1 32073.dat
1 6 306.173 16.0484 14.5227 0.225396 -0.96875 -0.103537 -0.880315 -0.248039 0.40438 -0.417424 0 -0.908712 32524.dat
1 6 306.173 16.0485 -134.523 0.225396 -0.96875 0.103537 -0.880315 -0.248039 -0.404379 0.417424 0 -0.908712 32524.dat
1 0x029CA3A8 280.586 35.3505 -40 -0.96875 0.248039 0 -0.248039 -0.96875 0 0 0 1 6536.dat
1 0x029CA3A8 280.586 35.3505 -80 -0.96875 0.248039 0 -0.248039 -0.96875 0 0 0 1 6536.dat
1 0 285.547 15.9755 -60 0 -0.248039 -0.96875 0 0.96875 -0.248039 1 0 0 32556.dat
1 0x029CA3A8 285.547 15.9755 -60 0 -0.248039 0.96875 0 0.96875 0.248039 -1 0 0 32013.dat
1 7 293.01 -13.1751 69.0455 -0.96875 -0.0949204 -0.229158 -0.248039 0.370725 0.895008 0 0.923879 -0.382684 4519.dat
1 7 293.01 -13.1751 -189.046 -0.96875 -0.0949204 0.229158 -0.248039 0.370725 -0.895008 0 -0.923879 -0.382684 4519.dat
1 0x029CA3A8 293.01 -13.1751 -189.046 -0.96875 0.229158 0.0949204 -0.248039 -0.895008 -0.370725 0 -0.382684 0.923879 32291.dat
1 0x029CA3A8 293.01 -13.1751 69.0455 -0.96875 0.229158 -0.0949204 -0.248039 -0.895008 0.370725 0 0.382684 0.923879 32291.dat
1 6 251.289 69.1397 -60 -0.248039 0.96875 0 0.96875 0.248039 0 0 0 -1 32525.dat
1 6 267.423 6.12689 14.5227 0.225396 -0.96875 -0.103537 -0.880315 -0.248039 0.40438 -0.417424 0 -0.908712 32524.dat
1 6 267.423 6.12692 -134.523 0.225396 -0.96875 0.103537 -0.880315 -0.248039 -0.404379 0.417424 0 -0.908712 32524.dat
1 6 236.875 44.8039 -40 -0.96875 -0.248039 0 -0.248039 0.96875 0 0 0 -1 32184.dat
1 6 236.875 44.8039 -80 -0.96875 -0.248039 0 -0.248039 0.96875 0 0 0 -1 32184.dat
1 0 236.875 44.8039 -80 0 -0.248039 -0.96875 0 0.96875 -0.248039 1 0 0 32556.dat
1 0 225.923 61.5389 -60 -0.836751 0.547584 0 -0.547584 -0.836751 0 0 0 1 42003.dat
1 0 236.875 44.8039 -30 0 -0.248039 -0.96875 0 0.96875 -0.248039 1 0 0 3673.dat
1 0 67.4608 -19.2181 -60 0 -0.547584 -0.836751 0 0.836751 -0.547584 1 0 0 32013.dat
1 0 92.5633 -2.7906 -60 0.836751 -0.547584 0 0.547584 0.836751 0 0 0 1 32062.dat
1 0 117.666 13.6369 -60 0 -0.547584 -0.836751 0 0.836751 -0.547584 1 0 0 32034.dat
1 0 176.239 51.9678 -60 -0.836751 -0.547584 0 -0.547584 0.836751 0 0 0 -1 3706.dat
1 0 178.984 -11.3088 -60 -0.96875 -0.248039 0 -0.248039 0.96875 0 0 0 -1 3737.dat
1 0 72.4215 -38.5931 -60 0 -0.248039 -0.96875 0 0.96875 -0.248039 1 0 0 32013.dat
1 0 111.171 -28.6716 -60 0 -0.248039 -0.96875 0 0.96875 -0.248039 1 0 0 32270.dat
1 0 130.547 -23.7108 -60 0 -0.248039 -0.96875 0 0.96875 -0.248039 1 0 0 32270.dat
1 0 149.922 -18.75 -60 0 -0.248039 -0.96875 0 0.96875 -0.248039 1 0 0 32270.dat
1 0 169.297 -13.7892 -60 0 -0.248039 -0.96875 0 0.96875 -0.248039 1 0 0 32270.dat
1 0 67.4608 -19.2181 -60 0 -0.547584 -0.836751 0 0.836751 -0.547584 1 0 0 32556.dat
1 0 72.4215 -38.5931 -60 0 -0.248039 -0.96875 0 0.96875 -0.248039 1 0 0 32556.dat
1 0x029CA3A8 140 20 -40 0.248039 0 -0.96875 -0.96875 0 -0.248039 0 1 0 32526.dat
1 0 62.5 0.156893 -30 0 -0.248039 -0.96875 0 0.96875 -0.248039 1 0 0 3673.dat
1 0 120.625 15.0392 -30 0 -0.248039 -0.96875 0 0.96875 -0.248039 1 0 0 3673.dat
1 0 140 20 -20 0 -0.248039 -0.96875 0 0.96875 -0.248039 1 0 0 32556.dat
1 0 314.375 64.647 -20 0 -0.248039 -0.96875 0 0.96875 -0.248039 1 0 0 32556.dat
1 6 217.5 39.8431 -20 -0.248039 0 0.96875 0.96875 0 0.248039 0 1 0 32525.dat
1 0x029CA3A8 140 20 -80 0.248039 0 -0.96875 -0.96875 0 -0.248039 0 1 0 32526.dat
1 0 62.5 0.156893 -90 0 -0.248039 -0.96875 0 0.96875 -0.248039 1 0 0 3673.dat
1 0 120.625 15.0392 -90 0 -0.248039 -0.96875 0 0.96875 -0.248039 1 0 0 3673.dat
1 0 140 20 -100 0 -0.248039 0.96875 0 0.96875 0.248039 -1 0 0 32556.dat
1 0 314.375 64.647 -100 0 -0.248039 0.96875 0 0.96875 0.248039 -1 0 0 32556.dat
1 6 217.5 39.8431 -100 -0.248039 0 0.96875 0.96875 0 0.248039 0 1 0 32525.dat
1 0 295 59.6862 -110 0 -0.248039 -0.96875 0 0.96875 -0.248039 1 0 0 3673.dat
1 0 295 59.6862 -10 0 -0.248039 -0.96875 0 0.96875 -0.248039 1 0 0 3673.dat
1 0x029CA3A8 314.375 64.647 -120 -0.248039 -0.96875 0 0.96875 -0.248039 0 0 0 1 42003.dat
1 0x029CA3A8 314.375 64.647 0 -0.248039 -0.96875 0 0.96875 -0.248039 0 0 0 1 42003.dat
1 0x02D2B48C 336.23 59.9203 0 -0.248039 -0.96875 0 0.96875 -0.248039 0 0 0 1 3749.dat
1 0x02D2B48C 336.23 59.9203 -120 -0.248039 -0.96875 0 0.96875 -0.248039 0 0 0 1 3749.dat
1 7 338.71 50.2328 -60 -0.96875 -0.248039 0 -0.248039 0.96875 0 0 0 -1 32524.dat
1 0 299.727 81.5416 -160 -0.96875 -0.248039 0 -0.248039 0.96875 0 0 0 -1 3673.dat
1 0 299.727 81.5416 40 -0.96875 -0.248039 0 -0.248039 0.96875 0 0 0 -1 3673.dat
1 0 320.002 2.35366 50.8712 -0.96875 -0.225396 -0.103537 -0.248039 0.880315 0.40438 0 0.417424 -0.908712 3673.dat
1 0 320.002 2.35369 -170.871 -0.96875 -0.225396 0.103537 -0.248039 0.880315 -0.404379 0 -0.417424 -0.908712 3673.dat
1 6 296.625 133.975 170.158 0.230602 0.96875 -0.0913563 -0.900648 0.248039 0.356805 0.368314 0 0.929701 32009.dat
1 7 315.072 61.9229 199.623 -0.96875 -0.230602 0.0913563 -0.248039 0.900648 -0.356805 0 -0.368314 -0.929701 4519.dat
1 0 320.929 79.3663 21.406 -0.96875 -0.230602 0.0913563 -0.248039 0.900648 -0.356805 0 -0.368314 -0.929701 32062.dat
1 0x02D2B48C 294.245 102.95 95.782 -0.96875 -0.230602 0.0913563 -0.248039 0.900648 -0.356805 0 -0.368314 -0.929701 3749.dat
1 0 276.322 52.0012 199.623 0.0913563 -0.230602 0.96875 -0.356805 0.900648 0.248039 -0.929701 -0.368314 0 32034.dat
1 7 284.558 100.47 95.782 0.0913563 -0.230602 0.96875 -0.356805 0.900648 0.248039 -0.929701 -0.368314 0 3713.dat
1 6 339.059 48.8706 206.989 0.96875 -0.230602 -0.0913563 0.248039 0.900648 0.356805 0 -0.368314 0.929701 32184.dat
1 7 324.297 25.897 214.356 -0.96875 -0.230602 0.0913563 -0.248039 0.900648 -0.356805 0 -0.368314 -0.929701 4519.dat
1 6 335.229 63.8337 28.7723 0.96875 -0.230602 -0.0913563 0.248039 0.900648 0.356805 0 -0.368314 0.929701 32184.dat
1 7 320.465 40.86 36.1385 -0.96875 -0.230602 0.0913563 -0.248039 0.900648 -0.356805 0 -0.368314 -0.929701 4519.dat
1 6 338.913 -31.1918 65.6037 -0.230602 0.96875 0.0913563 0.900648 0.248039 -0.356805 -0.368314 0 -0.929701 32009.dat
1 0x02D2B48C 320.091 2.00822 158.574 -0.96875 -0.230602 0.0913563 -0.248039 0.900648 -0.356805 0 -0.368314 -0.929701 3749.dat
1 0 285.547 15.9755 214.356 0.0913563 -0.230602 0.96875 -0.356805 0.900648 0.248039 -0.929701 -0.368314 0 32034.dat
1 0 281.715 30.9384 36.1385 0.0913563 -0.230602 0.96875 -0.356805 0.900648 0.248039 -0.929701 -0.368314 0 32034.dat
1 0 341.293 -0.167088 139.98 -0.96875 -0.230602 0.0913563 -0.248039 0.900648 -0.356805 0 -0.368314 -0.929701 3673.dat
1 0 337.639 14.1051 177.168 -0.96875 -0.230602 0.0913563 -0.248039 0.900648 -0.356805 0 -0.368314 -0.929701 3673.dat
1 6 332.532 74.3651 110.515 -0.0913563 -0.96875 0.230602 0.356805 -0.248039 -0.900648 0.929701 0 0.368314 32526.dat
1 6 296.625 133.975 -290.158 0.230602 -0.96875 -0.0913564 -0.900648 -0.248039 0.356805 -0.368315 0 -0.929701 32009.dat
1 0x02D2B48C 294.245 102.95 -215.782 -0.96875 -0.230602 -0.0913564 -0.248039 0.900648 0.356805 0 0.368315 -0.929701 3749.dat
1 7 284.558 100.47 -215.782 -0.0913564 -0.230602 0.96875 0.356805 0.900648 0.248039 -0.929701 0.368315 0 3713.dat
1 0 320.929 79.3663 -141.406 0.96875 -0.230602 0.0913564 0.248039 0.900648 -0.356805 0 0.368315 0.929701 32062.dat
1 7 315.072 61.9229 -319.623 0.96875 -0.230602 0.0913564 0.248039 0.900648 -0.356805 0 0.368315 0.929701 4519.dat
1 0 276.322 52.0013 -319.623 0.0913564 -0.230602 -0.96875 -0.356805 0.900648 -0.248039 0.929701 0.368315 0 32034.dat
1 6 339.059 48.8707 -326.989 0.96875 -0.230602 0.0913564 0.248039 0.900648 -0.356805 0 0.368315 0.929701 32184.dat
1 7 324.297 25.897 -334.356 -0.96875 -0.230602 -0.0913564 -0.248039 0.900648 0.356805 0 0.368315 -0.929701 4519.dat
1 6 335.229 63.8337 -148.772 0.96875 -0.230602 0.0913564 0.248039 0.900648 -0.356805 0 0.368315 0.929701 32184.dat
1 7 320.465 40.86 -156.138 -0.96875 -0.230602 -0.0913564 -0.248039 0.900648 0.356805 0 0.368315 -0.929701 4519.dat
1 6 338.913 -31.1918 -185.603 -0.230602 -0.96875 0.0913564 0.900648 -0.248039 -0.356805 0.368315 0 0.929701 32009.dat
1 0 341.293 -0.167059 -259.98 0.96875 -0.230602 0.0913564 0.248039 0.900648 -0.356805 0 0.368315 0.929701 3673.dat
1 0 337.639 14.1051 -297.168 0.96875 -0.230602 0.0913564 0.248039 0.900648 -0.356805 0 0.368315 0.929701 3673.dat
1 0x02D2B48C 320.091 2.00826 -278.574 -0.96875 -0.230602 -0.0913564 -0.248039 0.900648 0.356805 0 0.368315 -0.929701 3749.dat
1 0 285.547 15.9755 -334.356 0.0913564 -0.230602 -0.96875 -0.356805 0.900648 -0.248039 0.929701 0.368315 0 32034.dat
1 0 281.715 30.9384 -156.138 0.0913564 -0.230602 -0.96875 -0.356805 0.900648 -0.248039 0.929701 0.368315 0 32034.dat
1 6 332.532 74.3652 -230.515 -0.0913564 0.96875 0.230602 0.356805 0.248039 -0.900648 -0.929701 0 -0.368315 32526.dat
1 7 308.23 -32.3021 67.4603 0.0949204 -0.229158 0.96875 -0.370725 0.895008 0.248039 -0.923879 -0.382683 0 4274.dat
1 7 288.855 -37.2629 67.4603 0.0949204 -0.229158 0.96875 -0.370725 0.895008 0.248039 -0.923879 -0.382683 0 4274.dat
1 7 288.855 -37.2629 -187.461 0.0949203 -0.229158 -0.96875 -0.370725 0.895008 -0.248039 0.923879 0.382683 0 4274.dat
1 7 308.23 -32.3021 -187.461 0.0949203 -0.229158 -0.96875 -0.370725 0.895008 -0.248039 0.923879 0.382683 0 4274.dat
1 7 294.683 -19.7051 121.386 -0.96875 -0.248039 0 -0.248039 0.96875 0 0 0 -1 32073.dat
1 7 294.682 -19.7051 121.386 0 -0.248039 0.96875 0 0.96875 0.248039 -1 0 0 4019.dat
1 7 275.307 -24.6659 121.386 0 -0.248039 0.96875 0 0.96875 0.248039 -1 0 0 3713.dat
1 7 314.057 -14.7444 121.386 0 -0.248039 0.96875 0 0.96875 0.248039 -1 0 0 3713.dat
1 7 268.837 81.2365 58.594 -0.96875 -0.248039 0 -0.248039 0.96875 0 0 0 -1 32073.dat
1 7 288.212 86.1973 58.594 0 -0.248039 0.96875 0 0.96875 0.248039 -1 0 0 3713.dat
1 7 249.462 76.2758 58.594 0 -0.248039 0.96875 0 0.96875 0.248039 -1 0 0 3713.dat
1 7 268.837 81.2365 58.594 0 -0.248039 0.96875 0 0.96875 0.248039 -1 0 0 3647.dat
1 7 294.683 -19.7051 -241.386 -0.96875 -0.248039 0 -0.248039 0.96875 0 0 0 -1 32073.dat
1 7 294.682 -19.7051 -241.386 0 -0.248039 0.96875 0 0.96875 0.248039 -1 0 0 4019.dat
1 7 314.057 -14.7443 -241.386 0 -0.248039 0.96875 0 0.96875 0.248039 -1 0 0 3713.dat
1 7 275.307 -24.6659 -241.386 0 -0.248039 0.96875 0 0.96875 0.248039 -1 0 0 3713.dat
1 7 268.837 81.2365 -178.594 -0.96875 -0.248039 0 -0.248039 0.96875 0 0 0 -1 32073.dat
1 7 268.837 81.2365 -178.594 0 -0.248039 0.96875 0 0.96875 0.248039 -1 0 0 3647.dat
1 7 288.212 86.1973 -178.594 0 -0.248039 0.96875 0 0.96875 0.248039 -1 0 0 3713.dat
1 7 249.462 76.2758 -178.594 0 -0.248039 0.96875 0 0.96875 0.248039 -1 0 0 3713.dat
1 8 307.87 -71.212 -60 0 -0.248039 -0.96875 0 0.96875 -0.248039 1 0 0 44556.dat
1 7 246.797 6.05389 214.356 -0.96875 -0.230602 0.0913563 -0.248039 0.900648 -0.356805 0 -0.368314 -0.929701 4519.dat
1 7 237.572 42.0798 199.623 -0.96875 -0.230602 0.0913563 -0.248039 0.900648 -0.356805 0 -0.368314 -0.929701 4519.dat
1 6 261.413 -51.035 65.6037 -0.230602 0.96875 0.0913563 0.900648 0.248039 -0.356805 -0.368314 0 -0.929701 32009.dat
1 6 219.124 114.132 170.158 0.230602 0.96875 -0.0913563 -0.900648 0.248039 0.356805 0.368314 0 0.929701 32009.dat
1 6 222.809 19.1061 206.989 0.96875 -0.230602 -0.0913563 0.248039 0.900648 0.356805 0 -0.368314 0.929701 32184.dat
1 0 241.601 66.6593 40 -0.96875 -0.248039 0 -0.248039 0.96875 0 0 0 -1 3673.dat
1 0 224.054 54.5624 21.406 -0.96875 -0.230602 0.0913563 -0.248039 0.900648 -0.356805 0 -0.368314 -0.929701 32062.dat
1 7 242.965 21.0169 36.1386 -0.96875 -0.230602 0.0913563 -0.248039 0.900648 -0.356805 0 -0.368314 -0.929701 4519.dat
1 6 218.979 34.0691 28.7723 0.96875 -0.230602 -0.0913563 0.248039 0.900648 0.356805 0 -0.368314 0.929701 32184.dat
1 0x02D2B48C 236.12 88.0675 95.7821 0.96875 -0.230602 -0.0913563 0.248039 0.900648 0.356805 0 -0.368314 0.929701 3749.dat
1 7 245.808 90.5479 95.7821 -0.0913563 -0.230602 -0.96875 0.356805 0.900648 -0.248039 0.929701 -0.368314 0 3713.dat
1 0x02D2B48C 261.966 -12.8741 158.574 0.96875 -0.230602 -0.0913563 0.248039 0.900648 0.356805 0 -0.368314 0.929701 3749.dat
1 0 261.877 -12.5286 50.8711 -0.96875 -0.225396 -0.103537 -0.248039 0.880315 0.40438 0 0.417424 -0.908712 3673.dat
1 7 237.572 42.0798 -319.623 0.96875 -0.230602 0.0913564 0.248039 0.900648 -0.356805 0 0.368315 0.929701 4519.dat
1 6 219.124 114.132 -290.158 0.230602 -0.96875 -0.0913564 -0.900648 -0.248039 0.356805 -0.368315 0 -0.929701 32009.dat
1 6 222.809 19.106 -326.989 0.96875 -0.230602 0.0913564 0.248039 0.900648 -0.356805 0 0.368315 0.929701 32184.dat
1 7 246.797 6.05389 -334.356 -0.96875 -0.230602 -0.0913564 -0.248039 0.900648 0.356805 0 0.368315 -0.929701 4519.dat
1 6 261.413 -51.035 -185.604 -0.230602 -0.96875 0.0913564 0.900648 -0.248039 -0.356805 0.368315 0 0.929701 32009.dat
1 0x02D2B48C 236.12 88.0676 -215.782 0.96875 -0.230602 0.0913564 0.248039 0.900648 -0.356805 0 0.368315 0.929701 3749.dat
1 7 245.808 90.548 -215.782 0.0913564 -0.230602 -0.96875 -0.356805 0.900648 -0.248039 0.929701 0.368315 0 3713.dat
1 0 224.054 54.5624 -141.406 0.96875 -0.230602 0.0913564 0.248039 0.900648 -0.356805 0 0.368315 0.929701 32062.dat
1 6 218.979 34.069 -148.772 0.96875 -0.230602 0.0913564 0.248039 0.900648 -0.356805 0 0.368315 0.929701 32184.dat
1 7 242.965 21.0169 -156.138 -0.96875 -0.230602 -0.0913564 -0.248039 0.900648 0.356805 0 0.368315 -0.929701 4519.dat
1 0x02D2B48C 261.966 -12.8741 -278.574 0.96875 -0.230602 0.0913564 0.248039 0.900648 -0.356805 0 0.368315 0.929701 3749.dat
1 0 261.877 -12.5287 -170.871 -0.96875 -0.225396 0.103537 -0.248039 0.880315 -0.404379 0 -0.417424 -0.908712 3673.dat
1 6 0 20 0 0 0 -1 1 0 0 0 -1 0 32278.dat
1 0 -20 20 0 0 0 -1 0 1 0 1 0 0 32556.dat
1 0 20 20 0 0 0 -1 0 1 0 1 0 0 32556.dat
1 0 40 20 10 0 0 -1 0 1 0 1 0 0 3673.dat
1 0 60 20 -10 0 0 -1 0 1 0 1 0 0 3673.dat
1 0 -40 20 10 0 0 -1 0 1 0 1 0 0 3673.dat
1 0 -60 20 -10 0 0 -1 0 1 0 1 0 0 3673.dat
1 6 62.5 0.156893 -20 0.992157 0 -0.124998 0.124998 0 0.992157 0 -1 0 32523.dat
1 0 65 -19.6862 -10 0 0 1 0 1 0 -1 0 0 3673.dat
1 6 0 20 -120 0 0 1 1 0 0 0 1 0 32278.dat
1 0 60 20 -110 0 0 1 0 1 0 -1 0 0 3673.dat
1 0x029CA3A8 -140 20 -80 -0.248039 0 0.96875 -0.96875 0 -0.248039 0 -1 0 32526.dat
1 0 -62.5 0.156872 -90 0 0.248039 0.96875 0 0.96875 -0.248039 -1 0 0 3673.dat
1 0 -120.625 15.0392 -90 0 0.248039 0.96875 0 0.96875 -0.248039 -1 0 0 3673.dat
1 0 -140 20 -100 0 0.248039 0.96875 0 0.96875 -0.248039 -1 0 0 32556.dat
1 0x029CA3A8 -285.547 15.9754 -60 0 0.248039 -0.96875 0 0.96875 0.248039 1 0 0 32013.dat
1 0 -178.984 -11.3089 -60 0.96875 0.248039 0 -0.248039 0.96875 0 0 0 1 3737.dat
1 0 -72.4215 -38.5931 -60 0 0.248039 0.96875 0 0.96875 -0.248039 -1 0 0 32013.dat
1 0 -111.171 -28.6716 -60 0 0.248039 0.96875 0 0.96875 -0.248039 -1 0 0 32270.dat
1 0 -130.547 -23.7108 -60 0 0.248039 0.96875 0 0.96875 -0.248039 -1 0 0 32270.dat
1 0 -149.922 -18.75 -60 0 0.248039 0.96875 0 0.96875 -0.248039 -1 0 0 32270.dat
1 0 -169.297 -13.7892 -60 0 0.248039 0.96875 0 0.96875 -0.248039 -1 0 0 32270.dat
1 0 -72.4215 -38.5931 -60 0 0.248039 0.96875 0 0.96875 -0.248039 -1 0 0 32556.dat
1 0 -67.4607 -19.2181 -60 0 0.547584 0.836751 0 0.836751 -0.547584 -1 0 0 32013.dat
1 0 -92.5633 -2.79062 -60 -0.836751 0.547584 0 0.547584 0.836751 0 0 0 -1 32062.dat
1 0 -117.666 13.6369 -60 0 0.547584 0.836751 0 0.836751 -0.547584 -1 0 0 32034.dat
1 0 -176.239 51.9678 -60 0.836751 0.547584 0 -0.547584 0.836751 0 0 0 1 3706.dat
1 0 -67.4607 -19.2181 -60 0 0.547584 0.836751 0 0.836751 -0.547584 -1 0 0 32556.dat
1 6 -217.5 39.8431 -100 0.248039 0 -0.96875 0.96875 0 0.248039 0 -1 0 32525.dat
1 0 -295 59.6862 -110 0 0.248039 0.96875 0 0.96875 -0.248039 -1 0 0 3673.dat
1 7 -270.664 74.1004 -80 0.96875 0.248039 0 -0.248039 0.96875 0 0 0 1 32073.dat
1 0 -270.664 74.1004 -80 0 0.248039 -0.96875 0 0.96875 0.248039 1 0 0 3713.dat
1 6 -314.375 64.647 -80 0.96875 0.248039 0 -0.248039 0.96875 0 0 0 1 32184.dat
1 7 -280.586 35.3504 -80 0.96875 0.248039 0 -0.248039 0.96875 0 0 0 1 32073.dat
1 0x029CA3A8 -280.586 35.3504 -80 0.96875 -0.248039 0 -0.248039 -0.96875 0 0 0 -1 6536.dat
1 0 -285.547 15.9754 -60 0 0.248039 0.96875 0 0.96875 -0.248039 -1 0 0 32556.dat
1 6 -236.875 44.8039 -80 0.96875 0.248039 0 -0.248039 0.96875 0 0 0 1 32184.dat
1 0 -236.875 44.8039 -90 0 0.248039 0.96875 0 0.96875 -0.248039 -1 0 0 3673.dat
1 0 -314.375 64.647 -100 0 0.248039 0.96875 0 0.96875 -0.248039 -1 0 0 32556.dat
1 0x029CA3A8 -140 20 -40 -0.248039 0 0.96875 -0.96875 0 -0.248039 0 -1 0 32526.dat
1 0 -62.5 0.156872 -30 0 0.248039 0.96875 0 0.96875 -0.248039 -1 0 0 3673.dat
1 0 -120.625 15.0392 -30 0 0.248039 0.96875 0 0.96875 -0.248039 -1 0 0 3673.dat
1 0 -140 20 -20 0 0.248039 -0.96875 0 0.96875 0.248039 1 0 0 32556.dat
1 0x029CA3A8 -314.375 64.647 -120 0.248039 0.96875 0 0.96875 -0.248039 0 0 0 -1 42003.dat
1 0x02D2B48C -336.23 59.9203 -120 0.248039 0.96875 0 0.96875 -0.248039 0 0 0 -1 3749.dat
1 6 -251.289 69.1397 -60 0.248039 -0.96875 0 0.96875 0.248039 0 0 0 1 32525.dat
1 6 -290.039 79.0612 -60 0.248039 -0.96875 0 0.96875 0.248039 0 0 0 1 32525.dat
1 0 -299.727 81.5416 40 0.96875 0.248039 0 -0.248039 0.96875 0 0 0 1 3673.dat
1 0 -299.727 81.5416 -160 0.96875 0.248039 0 -0.248039 0.96875 0 0 0 1 3673.dat
1 6 -267.423 6.12688 -134.523 -0.225396 0.96875 0.103537 -0.880315 -0.248039 0.40438 0.417424 0 0.908712 32524.dat
1 6 -306.173 16.0484 -134.523 -0.225396 0.96875 0.103537 -0.880315 -0.248039 0.40438 0.417424 0 0.908712 32524.dat
1 0 -320.002 2.35365 -170.871 0.96875 0.225396 0.103537 -0.248039 0.880315 0.40438 0 -0.417424 0.908712 3673.dat
1 6 -314.375 64.647 -40 0.96875 0.248039 0 -0.248039 0.96875 0 0 0 1 32184.dat
1 7 -270.664 74.1004 -40 0.96875 0.248039 0 -0.248039 0.96875 0 0 0 1 32073.dat
1 0 -270.664 74.1004 -40 0 0.248039 -0.96875 0 0.96875 0.248039 1 0 0 3713.dat
1 7 -280.586 35.3504 -40 0.96875 0.248039 0 -0.248039 0.96875 0 0 0 1 32073.dat
1 0x029CA3A8 -280.586 35.3504 -40 0.96875 -0.248039 0 -0.248039 -0.96875 0 0 0 -1 6536.dat
1 6 -236.875 44.8039 -40 0.96875 0.248039 0 -0.248039 0.96875 0 0 0 1 32184.dat
1 0 -236.875 44.8039 -40 0 0.248039 0.96875 0 0.96875 -0.248039 -1 0 0 32556.dat
1 0 -314.375 64.647 -20 0 0.248039 -0.96875 0 0.96875 0.248039 1 0 0 32556.dat
1 6 -217.5 39.8431 -20 0.248039 0 -0.96875 0.96875 0 0.248039 0 -1 0 32525.dat
1 0 -295 59.6862 -10 0 0.248039 0.96875 0 0.96875 -0.248039 -1 0 0 3673.dat
1 7 -338.71 50.2328 -60 0.96875 0.248039 0 -0.248039 0.96875 0 0 0 1 32524.dat
1 6 -296.625 133.975 -290.158 -0.230602 -0.96875 0.0913563 -0.900648 0.248039 0.356805 -0.368314 0 -0.929701 32009.dat
1 7 -315.072 61.9229 -319.623 0.96875 0.230602 -0.0913563 -0.248039 0.900648 -0.356805 0 0.368314 0.929701 4519.dat
1 0 -320.929 79.3663 -141.406 0.96875 0.230602 -0.0913563 -0.248039 0.900648 -0.356805 0 0.368314 0.929701 32062.dat
1 0 -276.322 52.0012 -319.623 -0.0913563 0.230602 -0.96875 -0.356805 0.900648 0.248039 0.929701 0.368314 0 32034.dat
1 6 -339.059 48.8706 -326.989 -0.96875 0.230602 0.0913563 0.248039 0.900648 0.356805 0 0.368314 -0.929701 32184.dat
1 7 -324.297 25.897 -334.356 0.96875 0.230602 -0.0913563 -0.248039 0.900648 -0.356805 0 0.368314 0.929701 4519.dat
1 6 -335.229 63.8337 -148.772 -0.96875 0.230602 0.0913563 0.248039 0.900648 0.356805 0 0.368314 -0.929701 32184.dat
1 7 -320.465 40.86 -156.138 0.96875 0.230602 -0.0913563 -0.248039 0.900648 -0.356805 0 0.368314 0.929701 4519.dat
1 6 -338.913 -31.1919 -185.603 0.230602 -0.96875 -0.0913563 0.900648 0.248039 -0.356805 0.368314 0 0.929701 32009.dat
1 0 -285.547 15.9754 -334.356 -0.0913563 0.230602 -0.96875 -0.356805 0.900648 0.248039 0.929701 0.368314 0 32034.dat
1 0 -281.715 30.9384 -156.138 -0.0913563 0.230602 -0.96875 -0.356805 0.900648 0.248039 0.929701 0.368314 0 32034.dat
1 0 -341.293 -0.167108 -259.98 0.96875 0.230602 -0.0913563 -0.248039 0.900648 -0.356805 0 0.368314 0.929701 3673.dat
1 0 -337.639 14.1051 -297.168 0.96875 0.230602 -0.0913563 -0.248039 0.900648 -0.356805 0 0.368314 0.929701 3673.dat
1 7 -246.797 6.05387 -334.356 0.96875 0.230602 -0.0913563 -0.248039 0.900648 -0.356805 0 0.368314 0.929701 4519.dat
1 7 -237.572 42.0798 -319.623 0.96875 0.230602 -0.0913563 -0.248039 0.900648 -0.356805 0 0.368314 0.929701 4519.dat
1 6 -261.414 -51.035 -185.604 0.230602 -0.96875 -0.0913563 0.900648 0.248039 -0.356805 0.368314 0 0.929701 32009.dat
1 6 -219.124 114.132 -290.158 -0.230602 -0.96875 0.0913563 -0.900648 0.248039 0.356805 -0.368314 0 -0.929701 32009.dat
1 6 -222.809 19.1061 -326.989 -0.96875 0.230602 0.0913563 0.248039 0.900648 0.356805 0 0.368314 -0.929701 32184.dat
1 0 -241.601 66.6593 -160 0.96875 0.248039 0 -0.248039 0.96875 0 0 0 1 3673.dat
1 0 -224.054 54.5624 -141.406 0.96875 0.230602 -0.0913563 -0.248039 0.900648 -0.356805 0 0.368314 0.929701 32062.dat
1 7 -242.965 21.0169 -156.138 0.96875 0.230602 -0.0913563 -0.248039 0.900648 -0.356805 0 0.368314 0.929701 4519.dat
1 6 -218.979 34.0691 -148.772 -0.96875 0.230602 0.0913563 0.248039 0.900648 0.356805 0 0.368314 -0.929701 32184.dat
1 0 -261.877 -12.5287 -170.871 0.96875 0.225396 0.103537 -0.248039 0.880315 0.40438 0 -0.417424 0.908712 3673.dat
1 6 -296.625 133.975 170.158 -0.230602 0.96875 0.0913564 -0.900648 -0.248039 0.356805 0.368315 0 0.929701 32009.dat
1 0 -320.929 79.3663 21.406 -0.96875 0.230602 -0.0913564 0.248039 0.900648 -0.356805 0 -0.368315 -0.929701 32062.dat
1 7 -315.072 61.9229 199.623 -0.96875 0.230602 -0.0913564 0.248039 0.900648 -0.356805 0 -0.368315 -0.929701 4519.dat
1 0 -276.322 52.0013 199.623 -0.0913564 0.230602 0.96875 -0.356805 0.900648 -0.248039 -0.929701 -0.368315 0 32034.dat
1 6 -339.059 48.8707 206.989 -0.96875 0.230602 -0.0913564 0.248039 0.900648 -0.356805 0 -0.368315 -0.929701 32184.dat
1 7 -324.297 25.897 214.356 0.96875 0.230602 0.0913564 -0.248039 0.900648 0.356805 0 -0.368315 0.929701 4519.dat
1 6 -335.229 63.8337 28.7723 -0.96875 0.230602 -0.0913564 0.248039 0.900648 -0.356805 0 -0.368315 -0.929701 32184.dat
1 7 -320.465 40.86 36.1386 0.96875 0.230602 0.0913564 -0.248039 0.900648 0.356805 0 -0.368315 0.929701 4519.dat
1 6 -338.913 -31.1919 65.6038 0.230602 0.96875 -0.0913564 0.900648 -0.248039 -0.356805 -0.368315 0 -0.929701 32009.dat
1 0 -341.293 -0.167078 139.98 -0.96875 0.230602 -0.0913564 0.248039 0.900648 -0.356805 0 -0.368315 -0.929701 3673.dat
1 0 -337.639 14.1051 177.168 -0.96875 0.230602 -0.0913564 0.248039 0.900648 -0.356805 0 -0.368315 -0.929701 3673.dat
1 0 -285.547 15.9754 214.356 -0.0913564 0.230602 0.96875 -0.356805 0.900648 -0.248039 -0.929701 -0.368315 0 32034.dat
1 0 -281.715 30.9384 36.1386 -0.0913564 0.230602 0.96875 -0.356805 0.900648 -0.248039 -0.929701 -0.368315 0 32034.dat
1 7 -237.572 42.0797 199.623 -0.96875 0.230602 -0.0913564 0.248039 0.900648 -0.356805 0 -0.368315 -0.929701 4519.dat
1 6 -219.124 114.132 170.158 -0.230602 0.96875 0.0913564 -0.900648 -0.248039 0.356805 0.368315 0 0.929701 32009.dat
1 6 -222.809 19.106 206.989 -0.96875 0.230602 -0.0913564 0.248039 0.900648 -0.356805 0 -0.368315 -0.929701 32184.dat
1 7 -246.797 6.05387 214.356 0.96875 0.230602 0.0913564 -0.248039 0.900648 0.356805 0 -0.368315 0.929701 4519.dat
1 6 -261.414 -51.035 65.6038 0.230602 0.96875 -0.0913564 0.900648 -0.248039 -0.356805 -0.368315 0 -0.929701 32009.dat
1 0 -224.054 54.5624 21.406 -0.96875 0.230602 -0.0913564 0.248039 0.900648 -0.356805 0 -0.368315 -0.929701 32062.dat
1 6 -218.979 34.069 28.7723 -0.96875 0.230602 -0.0913564 0.248039 0.900648 -0.356805 0 -0.368315 -0.929701 32184.dat
1 7 -242.965 21.0169 36.1386 0.96875 0.230602 0.0913564 -0.248039 0.900648 0.356805 0 -0.368315 0.929701 4519.dat
1 0 -261.877 -12.5287 50.8712 0.96875 0.225396 -0.103537 -0.248039 0.880315 -0.404379 0 0.417424 0.908712 3673.dat
1 7 -293.01 -13.1751 -189.046 0.96875 0.0949204 0.229158 -0.248039 0.370725 0.895008 0 -0.923879 0.382684 4519.dat
1 0x029CA3A8 -293.01 -13.1751 -189.045 0.96875 -0.229158 0.0949204 -0.248039 -0.895008 0.370725 0 -0.382684 -0.923879 32291.dat
1 7 -308.23 -32.3021 -187.46 -0.0949204 0.229158 -0.96875 -0.370725 0.895008 0.248039 0.923879 0.382683 0 4274.dat
1 7 -288.855 -37.2629 -187.46 -0.0949204 0.229158 -0.96875 -0.370725 0.895008 0.248039 0.923879 0.382683 0 4274.dat
1 6 -267.423 6.1269 14.5227 -0.225396 0.96875 -0.103537 -0.880315 -0.248039 -0.404379 -0.417424 0 0.908712 32524.dat
1 6 -306.173 16.0484 14.5227 -0.225396 0.96875 -0.103537 -0.880315 -0.248039 -0.404379 -0.417424 0 0.908712 32524.dat
1 0 -320.002 2.35368 50.8712 0.96875 0.225396 -0.103537 -0.248039 0.880315 -0.404379 0 0.417424 0.908712 3673.dat
1 0 -225.923 61.5389 -60 0.836751 -0.547584 0 -0.547584 -0.836751 0 0 0 -1 42003.dat
1 0x029CA3A8 -314.375 64.647 0 0.248039 0.96875 0 0.96875 -0.248039 0 0 0 -1 42003.dat
1 0x02D2B48C -336.231 59.9203 0 0.248039 0.96875 0 0.96875 -0.248039 0 0 0 -1 3749.dat
1 0x02D2B48C -294.245 102.95 -215.782 0.96875 0.230602 -0.0913563 -0.248039 0.900648 -0.356805 0 0.368314 0.929701 3749.dat
1 7 -284.558 100.47 -215.782 -0.0913563 0.230602 -0.96875 -0.356805 0.900648 0.248039 0.929701 0.368314 0 3713.dat
1 7 -268.837 81.2365 -178.594 0.96875 0.248039 0 -0.248039 0.96875 0 0 0 1 32073.dat
1 7 -288.212 86.1973 -178.594 0 0.248039 -0.96875 0 0.96875 0.248039 1 0 0 3713.dat
1 7 -249.462 76.2757 -178.594 0 0.248039 -0.96875 0 0.96875 0.248039 1 0 0 3713.dat
1 7 -268.837 81.2365 -178.594 0 0.248039 -0.96875 0 0.96875 0.248039 1 0 0 3647.dat
1 7 -294.683 -19.7051 -241.386 0.96875 0.248039 0 -0.248039 0.96875 0 0 0 1 32073.dat
1 7 -294.682 -19.7051 -241.386 0 0.248039 -0.96875 0 0.96875 0.248039 1 0 0 4019.dat
1 7 -275.307 -24.6659 -241.386 0 0.248039 -0.96875 0 0.96875 0.248039 1 0 0 3713.dat
1 7 -314.057 -14.7444 -241.386 0 0.248039 -0.96875 0 0.96875 0.248039 1 0 0 3713.dat
1 0x02D2B48C -320.091 2.00819 -278.574 0.96875 0.230602 -0.0913563 -0.248039 0.900648 -0.356805 0 0.368314 0.929701 3749.dat
1 6 -332.532 74.3651 -230.515 0.0913563 0.96875 -0.230602 0.356805 -0.248039 -0.900648 -0.929701 0 -0.368314 32526.dat
1 0x02D2B48C -261.966 -12.8741 -278.574 -0.96875 0.230602 0.0913563 0.248039 0.900648 0.356805 0 0.368314 -0.929701 3749.dat
1 0x02D2B48C -236.12 88.0675 -215.782 -0.96875 0.230602 0.0913563 0.248039 0.900648 0.356805 0 0.368314 -0.929701 3749.dat
1 7 -245.808 90.5479 -215.782 0.0913563 0.230602 0.96875 0.356805 0.900648 -0.248039 -0.929701 0.368314 0 3713.dat
1 0x02D2B48C -294.245 102.95 95.782 0.96875 0.230602 0.0913564 -0.248039 0.900648 0.356805 0 -0.368315 0.929701 3749.dat
1 7 -284.558 100.47 95.782 0.0913564 0.230602 -0.96875 0.356805 0.900648 0.248039 0.929701 -0.368315 0 3713.dat
1 7 -268.837 81.2365 58.594 0.96875 0.248039 0 -0.248039 0.96875 0 0 0 1 32073.dat
1 7 -268.837 81.2365 58.594 0 0.248039 -0.96875 0 0.96875 0.248039 1 0 0 3647.dat
1 7 -288.212 86.1973 58.594 0 0.248039 -0.96875 0 0.96875 0.248039 1 0 0 3713.dat
1 7 -249.462 76.2758 58.594 0 0.248039 -0.96875 0 0.96875 0.248039 1 0 0 3713.dat
1 7 -294.683 -19.7051 121.386 0.96875 0.248039 0 -0.248039 0.96875 0 0 0 1 32073.dat
1 7 -294.682 -19.7051 121.386 0 0.248039 -0.96875 0 0.96875 0.248039 1 0 0 4019.dat
1 7 -314.057 -14.7443 121.386 0 0.248039 -0.96875 0 0.96875 0.248039 1 0 0 3713.dat
1 7 -275.307 -24.6659 121.386 0 0.248039 -0.96875 0 0.96875 0.248039 1 0 0 3713.dat
1 0x02D2B48C -320.091 2.00826 158.574 0.96875 0.230602 0.0913564 -0.248039 0.900648 0.356805 0 -0.368315 0.929701 3749.dat
1 6 -332.532 74.3651 110.515 0.0913564 -0.96875 -0.230602 0.356805 0.248039 -0.900648 0.929701 0 0.368315 32526.dat
1 0x02D2B48C -236.12 88.0675 95.7821 -0.96875 0.230602 -0.0913564 0.248039 0.900648 -0.356805 0 -0.368315 -0.929701 3749.dat
1 7 -245.808 90.5479 95.7821 -0.0913564 0.230602 0.96875 -0.356805 0.900648 -0.248039 -0.929701 -0.368315 0 3713.dat
1 0x02D2B48C -261.966 -12.8741 158.574 -0.96875 0.230602 -0.0913564 0.248039 0.900648 -0.356805 0 -0.368315 -0.929701 3749.dat
1 7 -293.01 -13.1751 69.0454 0.96875 0.0949204 -0.229158 -0.248039 0.370725 -0.895008 0 0.923879 0.382684 4519.dat
1 0x029CA3A8 -293.01 -13.1751 69.0454 0.96875 -0.229158 -0.0949204 -0.248039 -0.895008 -0.370725 0 0.382684 -0.923879 32291.dat
1 7 -288.855 -37.2629 67.4603 -0.0949204 0.229158 0.96875 -0.370725 0.895008 -0.248039 -0.923879 -0.382683 0 4274.dat
1 7 -308.23 -32.3021 67.4603 -0.0949204 0.229158 0.96875 -0.370725 0.895008 -0.248039 -0.923879 -0.382683 0 4274.dat
1 8 -307.87 -71.2121 -60 0 0.248039 0.96875 0 0.96875 -0.248039 -1 0 0 44556.dat
1 0 40 20 -110 0 0 1 0 1 0 -1 0 0 3673.dat
1 0 20 20 -130 0 0 1 0 1 0 -1 0 0 3673.dat
1 0 -20 20 -130 0 0 1 0 1 0 -1 0 0 3673.dat
1 0 -40 20 -110 0 0 1 0 1 0 -1 0 0 3673.dat
1 0 -60 20 -110 0 0 1 0 1 0 -1 0 0 3673.dat
1 6 61.25 10.0784 -100 0.992157 0 -0.124998 0.124998 0 0.992157 0 -1 0 43857.dat
1 6 -61.25 10.0784 -100 -0.992157 0 0.124998 0.124998 0 0.992157 0 1 0 43857.dat
1 6 -62.5 0.156872 -20 -0.992157 0 0.124998 0.124998 0 0.992157 0 1 0 32523.dat
1 0 -65 -19.6863 -10 0 0 -1 0 1 0 1 0 0 3673.dat
1 0x02898788 284.633 19.5434 223.653 0.968749 0.0913563 -0.230602 0.248039 -0.356804 0.900648 0 -0.929701 -0.368314 41660.dat
1 0 275.408 55.5693 208.92 0.0913563 -0.968749 -0.230602 -0.356804 -0.248039 0.900648 -0.929701 0 -0.368314 3673.dat
1 0 275.408 55.5694 -328.92 0.0913564 -0.230602 -0.96875 -0.356805 0.900648 -0.248039 0.929701 0.368315 0 3673.dat
1 0 -275.408 55.5693 -328.92 -0.0913563 0.230602 -0.96875 -0.356805 0.900648 0.248039 0.929701 0.368314 0 3673.dat
1 0 -346.832 58.8325 -237.881 -0.96875 0.230602 0.0913563 0.248039 0.900648 0.356805 0 0.368314 -0.929701 3673.dat
1 0 -346.832 58.8326 117.881 0.96875 0.230602 0.0913564 -0.248039 0.900648 0.356805 0 -0.368315 0.929701 3673.dat
1 0 -275.408 55.5694 208.92 -0.0913564 0.230602 0.96875 -0.356805 0.900648 -0.248039 -0.929701 -0.368315 0 3673.dat
1 0 346.832 58.8326 117.881 0.96875 -0.230602 -0.0913563 0.248039 0.900648 0.356805 0 -0.368314 0.929701 3673.dat
1 0 346.832 58.8326 -237.881 -0.96875 -0.230602 -0.0913564 -0.248039 0.900648 0.356805 0 0.368315 -0.929701 3673.dat
1 0x02898788 356.056 22.8067 132.614 0.0913562 -0.96875 -0.230602 -0.356804 -0.248039 0.900648 -0.929701 0 -0.368314 41660.dat
1 0x02898788 356.056 22.8067 -252.614 -0.0913565 -0.96875 -0.230602 0.356805 -0.248039 0.900648 -0.929701 0 0.368315 41660.dat
1 0x02898788 284.633 19.5435 -343.653 -0.96875 0.0913564 -0.230602 -0.248039 -0.356805 0.900648 0 0.929701 0.368315 41660.dat
1 0x02898788 -284.633 19.5434 -343.653 -0.96875 -0.0913563 0.230602 0.248039 -0.356804 0.900648 0 0.929701 0.368314 41660.dat
1 0x02898788 -356.056 22.8066 -252.614 -0.0913562 0.96875 0.230602 -0.356804 -0.248039 0.900648 0.929701 0 0.368314 41660.dat
1 0x02898788 -356.056 22.8067 132.614 0.0913565 0.96875 0.230602 0.356805 -0.248039 0.900648 0.929701 0 -0.368315 41660.dat
1 0x02898788 -284.633 19.5434 223.653 0.96875 -0.0913565 0.230602 -0.248039 -0.356805 0.900648 0 -0.929701 -0.368315 41660.dat
1 0x029CA3A8 0 116.569 -108.284 1 0 0 0 1 0 0 0 1 32013.dat
1 0 0 116.569 -138.284 0 0 1 0 1 0 -1 0 0 32062.dat
1 0x029CA3A8 0 116.569 -168.284 1 0 0 0 1 0 0 0 1 32034.dat
1 0 0 116.569 -238.284 0 0 -1 0 1 0 1 0 0 3706.dat
1 0 0 116.569 -168.284 1 0 0 0 1 0 0 0 1 32556.dat
1 0 0 116.569 -108.284 1 0 0 0 1 0 0 0 1 32556.dat
1 0x029CA3A8 -20 116.569 -88.2842 0 -1 0 1 0 0 0 0 1 40490.dat
1 7 0 116.569 -8.28422 1 0 0 0 1 0 0 0 1 4519.dat
1 0x029CA3A8 0 116.569 -8.28422 0 1 0 -0.707107 0 -0.707107 -0.707107 0 0.707107 32140.dat
1 0x029CA3A8 20 116.569 -88.2842 0 -1 0 1 0 0 0 0 1 40490.dat
1 7 30 116.569 -88.2842 1 0 0 0 1 0 0 0 1 3673.dat
1 7 -30 116.569 -88.2842 1 0 0 0 1 0 0 0 1 3673.dat
1 0x029CA3A8 40 119.397 -68.4852 0 0 -1 0.989949 -0.141422 0 -0.141422 -0.989949 0 6536.dat
1 7 40 99.598 -65.6568 0 0 -1 0.989949 -0.141422 0 -0.141422 -0.989949 0 4519.dat
1 0x029CA3A8 40 99.598 -65.6568 0 0 1 0.989949 0.141422 0 -0.141422 0.989949 0 6536.dat
1 0 50 102.426 -45.8578 -1 0 0 0 0.989949 -0.141422 0 -0.141422 -0.989949 6628.dat
1 0 0 60 -80 -1 0 0 0 -1 0 0 0 1 32039.dat
1 7 0 60 -55 0 0 1 0 -1 0 1 0 0 4519.dat
1 0 0 60 -20 -1 0 0 0 -1 0 0 0 1 32016.dat
1 0 0 60 -100 -1 0 0 0 -1 0 0 0 1 3706.dat
1 0 0 60 -20 1 0 0 0 -1 0 0 0 -1 32556.dat
1 0x029CA3A8 -20 60 -40 0 -1 0 -1 0 0 0 0 -1 32524.dat
1 0x029CA3A8 20 60 -40 0 -1 0 -1 0 0 0 0 -1 32524.dat
1 0x029CA3A8 40 40 -100 1 0 0 0 -1 0 0 0 -1 42003.dat
1 0x029CA3A8 -40 40 -100 1 0 0 0 -1 0 0 0 -1 42003.dat
1 7 -55 60 -100 0 0 -1 0 -1 0 -1 0 0 32123a.dat
1 7 55 60 -100 0 0 -1 0 -1 0 -1 0 0 32123a.dat
1 7 -30 60 -60 1 0 0 0 -1 0 0 0 -1 3673.dat
1 0x029CA3A8 40 60 -60 1 0 0 0 0.141422 -0.989949 0 0.989949 0.141422 32013.dat
1 7 0 60 20 1 0 0 0 -1 0 0 0 -1 32073.dat
1 0x029CA3A8 40 40 20 1 0 0 0 -1 0 0 0 -1 42003.dat
1 0x029CA3A8 -40 40 20 1 0 0 0 -1 0 0 0 -1 42003.dat
1 7 30 60 -60 1 0 0 0 -1 0 0 0 -1 3673.dat
1 0x029CA3A8 -40 119.397 -68.4853 0 0 -1 0.989949 -0.141422 0 -0.141422 -0.989949 0 6536.dat
1 7 -40 99.598 -65.6568 0 0 -1 0.989949 -0.141422 0 -0.141422 -0.989949 0 4519.dat
1 0x029CA3A8 -40 99.598 -65.6568 0 0 1 0.989949 0.141422 0 -0.141422 0.989949 0 6536.dat
1 0x029CA3A8 -40 60 -60 1 0 0 0 0.141422 -0.989949 0 0.989949 0.141422 32013.dat
1 0 -50 102.426 -45.8579 1 0 0 0 0.989949 0.141422 0 -0.141422 0.989949 6628.dat
1 0x029CA3A8 0 136.569 -203.284 -1 0 0 0 0 -1 0 -1 0 41677.dat
1 0 0 136.569 -218.284 0 0 -1 0 1 0 1 0 0 32062.dat
1 0x029CA3A8 0 116.569 -218.284 1 0 0 0 1 0 0 0 1 42003.dat
1 0 0 96.569 -218.284 1 0 0 0 1 0 0 0 1 3705.dat
1 0x029CA3A8 20 116.569 -218.284 1 0 0 0 1 0 0 0 1 32184.dat
1 0x029CA3A8 -20 116.569 -218.284 1 0 0 0 1 0 0 0 1 32184.dat
1 0x029CA3A8 -35 126.569 -218.284 0 -1 0 0 0 -1 1 0 0 32449.dat
1 0x029CA3A8 35 126.569 -218.284 0 -1 0 0 0 -1 1 0 0 32449.dat
1 0x029CA3A8 0 136.569 -233.284 -1 0 0 0 0 -1 0 -1 0 41677.dat
1 0x02212121 -55 60 -100 0 0 -1 -0.616023 -0.7885 0 -0.7885 0.616023 0 x227.dat
1 0x02212121 -55 60 -100 0 0 -1 -0.7885 0.616023 0 0.616023 0.7885 0 x227.dat
1 0x02212121 -55 66.4805 -106.333 0 0 -1 0.616023 0.7885 0 0.7885 -0.616023 0 x228.dat
1 0x02212121 -55 74.4888 -96.0822 0 0 -1 0.616023 0.7885 0 0.7885 -0.616023 0 x228.dat
1 0x02212121 -55 84.9611 -82.6777 0 0 -1 0.616023 0.7885 0 0.7885 -0.616023 0 x228.dat
1 0x02212121 -55 52.2875 -95.2443 0 0 -1 0.616023 0.7885 0 0.7885 -0.616023 0 x228.dat
1 0x02212121 -55 60.2958 -84.9938 0 0 -1 0.616023 0.7885 0 0.7885 -0.616023 0 x228.dat
1 0x02212121 -55 70.7681 -71.5893 0 0 -1 0.616023 0.7885 0 0.7885 -0.616023 0 x228.dat
1 0x02212121 -55 101.274 -47.1705 0 0 1 0.616023 -0.7885 0 0.7885 0.616023 0 x227.dat
1 0x02212121 -55 101.274 -47.1705 0 0 1 -0.7885 -0.616023 0 0.616023 -0.7885 0 x227.dat
1 0x02212121 -55 96.6656 -67.6962 0 0 -1 0.616023 0.7885 0 0.7885 -0.616023 0 x228.dat
1 0x02212121 -55 82.4726 -56.6078 0 0 -1 0.616023 0.7885 0 0.7885 -0.616023 0 x228.dat
1 0x02212121 55 60 -100 0 0 -1 -0.616023 -0.7885 0 -0.7885 0.616023 0 x227.dat
1 0x02212121 55 60 -100 0 0 -1 -0.7885 0.616023 0 0.616023 0.7885 0 x227.dat
1 0x02212121 55 66.4805 -106.333 0 0 -1 0.616023 0.7885 0 0.7885 -0.616023 0 x228.dat
1 0x02212121 55 74.4888 -96.0822 0 0 -1 0.616023 0.7885 0 0.7885 -0.616023 0 x228.dat
1 0x02212121 55 84.9611 -82.6777 0 0 -1 0.616023 0.7885 0 0.7885 -0.616023 0 x228.dat
1 0x02212121 55 96.6656 -67.6962 0 0 -1 0.616023 0.7885 0 0.7885 -0.616023 0 x228.dat
1 0x02212121 55 101.274 -47.1705 0 0 1 0.616023 -0.7885 0 0.7885 0.616023 0 x227.dat
1 0x02212121 55 101.274 -47.1705 0 0 1 -0.7885 -0.616023 0 0.616023 -0.7885 0 x227.dat
1 0x02212121 55 82.4726 -56.6078 0 0 -1 0.616023 0.7885 0 0.7885 -0.616023 0 x228.dat
1 0x02212121 55 70.7681 -71.5893 0 0 -1 0.616023 0.7885 0 0.7885 -0.616023 0 x228.dat
1 0x02212121 55 60.2958 -84.9938 0 0 -1 0.616023 0.7885 0 0.7885 -0.616023 0 x228.dat
1 0x02212121 55 52.2875 -95.2443 0 0 -1 0.616023 0.7885 0 0.7885 -0.616023 0 x228.dat
1 0 0 0 0 0 -1 0 -1 0 0 0 0 -1 32278.dat
1 7 0 0 -140 -1 0 0 0 1 0 0 0 -1 32073.dat
1 0 20 0 -140 -1 0 0 0 1 0 0 0 -1 6536.dat
1 0 -20 0 -140 -1 0 0 0 1 0 0 0 -1 6536.dat
1 0 0 0 -80 -1 0 0 0 1 0 0 0 -1 32062.dat
1 0 0 0 -40 -1 0 0 0 1 0 0 0 -1 32062.dat
1 0 15 0 -80 0 1 0 -1 0 0 0 0 1 32056.dat
1 0 -15 0 -80 0 1 0 -1 0 0 0 0 1 32056.dat
1 0 0 -40 -80 -1 0 0 0 1 0 0 0 -1 32062.dat
1 0 5 -40 -80 0 -1 0 0 0 -1 1 0 0 6632.dat
1 0 -5 -40 -80 0 -1 0 0 0 -1 1 0 0 6632.dat
1 0 0 -80 -80 -1 0 0 0 1 0 0 0 -1 32062.dat
1 7 0 0 -20 -1 0 0 0 1 0 0 0 -1 4519.dat
1 0 -20 0 -20 -1 0 0 0 1 0 0 0 -1 6536.dat
1 0 20 0 -20 -1 0 0 0 1 0 0 0 -1 6536.dat
1 0 -15 -120 -80 0 -1 0 1 0 0 0 0 1 32056.dat
1 0 15 -120 -80 0 -1 0 1 0 0 0 0 1 32056.dat
1 0 0 -120 -80 -1 0 0 0 1 0 0 0 -1 32062.dat
1 0 0 -120 -40 -1 0 0 0 1 0 0 0 -1 32062.dat
1 6 0 -120 -40 0 1 0 1 0 0 0 0 -1 6629.dat
1 0 10 0 80 -1 0 0 0 1 0 0 0 -1 6628.dat
1 7 0 -72 -176 -1 0 0 0 0.6 0.799999 0 0.799999 -0.6 4519.dat
1 0 15 -72 -176 0 -1 0 0.6 0 -0.799999 0.799999 0 0.6 41677.dat
1 0 25 -72 -176 0 -1 0 0.799999 0 0.6 -0.6 0 0.799999 41677.dat
1 0 -25 -72 -176 0 -1 0 0.799999 0 0.6 -0.6 0 0.799999 41677.dat
1 0 -15 -72 -176 0 -1 0 0.6 0 -0.799999 0.799999 0 0.6 41677.dat
1 7 0 -60 -160 -1 0 0 0 0.6 0.799999 0 0.799999 -0.6 4519.dat
1 0x03C40026 -10 -60 -160 0 1 0 -0.6 0 -0.799999 -0.799999 0 0.6 41669.dat
1 0x03C40026 10 -60 -160 0 -1 0 0.6 0 -0.799999 0.8 0 0.6 41669.dat
1 0 0 -104 -152 -1 0 0 0 1 0 0 0 -1 32556.dat
1 0x029CA3A8 20 -104 -152 -1 0 0 0 0.866025 0.5 0 0.5 -0.866025 32013.dat
1 7 0 0 100 -1 0 0 0 1 0 0 0 -1 4519.dat
1 0 25 0 100 0 1 0 -1 0 0 0 0 1 6632.dat
1 7 0 0 140 -1 0 0 0 1 0 0 0 -1 4519.dat
1 0 15 0 100 0 1 0 0 0 1 1 0 0 6632.dat
1 0x029CA3A8 15 0 140 0 1 0 0 0 -1 -1 0 0 6632.dat
1 0 0 -40 140 -1 0 0 0 1 0 0 0 -1 32062.dat
1 0 0 40 100 -1 0 0 0 1 0 0 0 -1 32062.dat
1 0x029CA3A8 5 -40 140 0 1 0 0 0 -1 -1 0 0 6632.dat
1 0x029CA3A8 -5 -40 140 0 1 0 0 0 -1 -1 0 0 6632.dat
1 0 0 -60 140 1 0 0 0 0.5 -0.866025 0 0.866025 0.5 32556.dat
1 0x029CA3A8 20 -77.3205 150 0 0 1 -0.5 0.866025 0 -0.866025 -0.5 0 42003.dat
1 0x029CA3A8 -15 0 140 0 1 0 0 0 -1 -1 0 0 6632.dat
1 0 -15 0 100 0 1 0 0 0 1 1 0 0 6632.dat
1 0 0 40 100 -1 0 0 0 1 0 0 0 -1 32016.dat
1 0 0 28.5196 72.2836 0 0 1 -0.38268 0.92388 0 -0.92388 -0.38268 0 32062.dat
1 0 0 24.6928 63.0448 0 0 1 -0.38268 0.92388 0 -0.92388 -0.38268 0 6536.dat
1 0 10 43.1704 55.3912 -1 0 0 0 0.92388 -0.38268 0 -0.38268 -0.92388 6628.dat
1 7 0 40 130 0 0 1 0 1 0 -1 0 0 2736.dat
1 0 -25 0 100 0 1 0 -1 0 0 0 0 1 6632.dat
1 0x02212121 12 2.23138 80.2255 0 0 -1 -0.866543 0.500318 0 0.500318 0.866543 0 x227.dat
1 0x02212121 12 0.230101 76.7593 0 0 -1 0.500318 0.866543 0 0.866543 -0.500318 0 x227.dat
1 0x02212121 12 -3.13803 72.9269 0 0 1 0.866543 0.500318 0 -0.500318 0.866543 0 x228.dat
1 0x02212121 12 13.3263 63.4209 0 0 1 0.866543 0.500318 0 -0.500318 0.866543 0 x228.dat
1 0x02212121 12 19.6926 59.7485 0 0 1 0.866543 0.500318 0 -0.500318 0.866543 0 x228.dat
1 0x02212121 12 3.86643 85.0585 0 0 1 0.866543 0.500318 0 -0.500318 0.866543 0 x228.dat
1 0x02212121 12 20.3307 75.5524 0 0 1 0.866543 0.500318 0 -0.500318 0.866543 0 x228.dat
1 0x02212121 12 26.697 71.8801 0 0 1 0.866543 0.500318 0 -0.500318 0.866543 0 x228.dat
1 0x02212121 12 40.6598 58.0413 0 0 1 0.866543 0.500318 0 -0.500318 0.866543 0 x227.dat
1 0x02212121 12 38.6585 54.5751 0 0 1 0.500318 -0.866543 0 0.866543 0.500318 0 x227.dat
1 0 -19.9931 -64.1202 -20 0.452934 -0.891544 0 -0.891544 -0.452934 0 0 0 -1 32316.dat
1 1 -28.9085 -68.6496 -20 -0.891544 -0.452934 0 -0.452934 0.891544 0 0 0 -1 3749.dat
1 1 -28.9085 -68.6496 -40 -0.891544 -0.452934 0 -0.452934 0.891544 0 0 0 -1 3749.dat
